Wansh/Snow_depth/snowdepth-1988/winter/1988346.txt
ncols 321
nrows 161
xllcenter 60
yllcenter 15 
cellsize  0.25 
NODATA_value -1
[rows 0 to 36 of 161, columns 84 to 167 of 321]
4.60 4.53 4.74 3.50 2.77 1.68 0.00 0.00 0.00 0.73 0.00 4.09 5.18 0.00 0.00 0.00 0.00 0.00 0.00 0.00 0.00 0.00 2.12 1.24 0.73 0.44 0.22 0.44 1.17 1.61 1.46 2.12 2.77 2.56 1.24 0.15 0.07 0.00 0.00 0.00 0.00 0.00 0.37 0.37 0.00 0.00 0.00 0.07 0.44 1.10 1.61 2.19 1.97 1.02 1.17 1.10 0.37 0.22 0.66 0.29 0.00 0.15 0.44 0.07 0.44 0.51 0.88 1.10 1.10 2.12 2.85 2.92 3.65 3.94 3.80 3.80 4.16 5.33 5.84 5.48 5.18 3.94 3.36 2.85
3.43 0.00 0.00 0.00 0.00 0.00 0.00 0.00 0.00 0.00 0.00 0.00 3.58 2.56 0.00 0.00 0.00 0.00 0.00 0.00 0.00 0.00 0.00 0.00 2.04 1.39 1.17 1.39 1.46 1.02 0.51 0.95 2.12 1.75 0.58 0.00 0.00 0.00 0.00 0.00 0.00 0.00 0.00 0.00 0.95 1.75 1.68 1.39 1.46 1.61 1.31 1.61 2.63 2.63 2.70 2.77 2.41 2.12 2.19 2.04 1.97 2.34 2.41 1.97 1.10 1.10 1.68 2.26 2.26 2.19 2.56 2.48 3.43 4.23 4.45 4.38 5.11 5.77 5.99 5.62 5.33 5.18 4.89 4.31
0.00 0.00 0.00 0.00 0.00 0.00 0.00 0.00 0.00 0.00 0.00 0.00 0.00 0.00 0.00 0.00 0.00 0.00 0.00 0.00 0.00 0.00 0.00 0.00 0.00 1.75 1.68 1.61 1.39 1.31 0.88 0.88 1.61 1.97 2.04 0.88 0.00 0.00 0.00 0.00 0.00 0.00 0.00 0.00 0.44 2.26 3.14 3.07 1.83 1.02 1.10 1.75 1.46 1.68 2.04 2.77 3.50 4.53 5.55 5.77 4.96 4.45 5.04 4.82 4.45 3.80 3.94 4.09 4.09 3.87 3.65 2.77 2.56 2.99 3.50 3.87 4.16 5.18 5.62 6.06 6.06 5.77 6.13 6.57
0.00 0.00 0.00 0.00 0.00 0.00 0.00 0.00 0.00 0.00 0.00 0.00 0.00 0.00 0.00 0.00 0.00 0.00 0.00 0.00 0.00 0.00 0.00 0.00 0.00 1.75 1.68 1.61 1.39 1.31 0.88 0.88 1.61 1.97 2.04 0.88 0.00 0.00 0.00 0.00 0.00 0.00 0.00 0.00 0.44 2.26 3.14 3.07 1.83 1.02 1.10 1.75 1.46 1.68 2.04 2.77 3.50 4.53 5.55 5.77 4.96 4.45 5.04 4.82 4.45 3.80 3.94 4.09 4.09 3.87 3.65 2.77 2.56 2.99 3.50 3.87 4.16 5.18 5.62 6.06 6.06 5.77 6.13 6.57
0.00 0.00 0.00 0.00 0.00 0.00 0.00 0.00 0.00 0.00 0.00 0.00 0.00 0.00 0.00 0.00 0.00 0.00 0.00 0.00 0.00 0.00 0.00 0.00 2.85 2.26 1.17 1.53 1.68 1.61 1.24 1.39 2.04 2.34 3.50 3.50 1.61 0.00 0.00 0.00 0.00 0.00 0.00 0.00 0.00 1.10 2.85 3.07 2.48 1.31 0.66 0.80 1.17 1.10 1.24 1.75 1.90 2.48 4.31 5.77 6.06 6.64 7.01 6.64 5.77 5.91 6.13 5.55 5.55 5.55 5.33 4.23 2.92 2.19 1.97 1.75 2.34 3.36 3.94 4.60 5.69 5.40 5.69 5.91
0.00 0.00 0.00 0.00 0.00 0.00 0.00 0.00 0.00 0.00 0.00 0.00 0.00 0.00 0.00 3.36 3.07 2.70 2.70 0.00 0.00 0.00 0.00 0.00 1.24 1.61 1.24 0.58 1.10 0.95 0.95 1.31 1.90 3.07 4.23 3.94 2.19 0.00 0.00 0.00 0.00 0.00 0.00 0.00 0.00 0.00 0.88 2.48 2.26 1.68 1.17 1.31 1.10 1.10 1.53 1.61 2.41 3.65 4.16 4.82 6.57 7.74 9.05 9.20 8.76 7.23 6.35 5.69 5.69 5.18 4.38 4.31 4.82 4.38 3.72 2.99 2.34 2.19 2.77 2.70 4.02 5.40 5.77 5.99
0.00 0.00 0.00 0.00 0.00 0.00 0.00 0.00 0.00 0.00 0.00 0.00 0.00 0.00 4.23 4.74 4.53 0.00 0.00 0.00 0.00 0.00 0.00 0.00 0.00 0.00 0.00 0.00 0.00 0.00 1.53 2.12 2.56 2.63 3.29 2.48 1.39 0.00 0.00 0.00 0.00 0.00 0.00 0.00 0.00 0.00 0.00 0.80 1.10 0.95 1.46 1.53 1.68 2.34 2.04 2.41 3.72 3.94 4.31 5.69 6.50 8.69 10.37 11.02 11.02 10.37 9.56 8.18 8.18 6.13 6.20 6.13 6.42 6.64 7.01 6.28 5.33 4.38 3.36 2.70 2.48 3.14 4.82 5.40
0.00 0.00 0.00 0.00 0.00 0.00 0.00 0.00 0.00 0.00 0.00 0.00 0.00 0.00 4.23 4.74 4.53 0.00 0.00 0.00 0.00 0.00 0.00 0.00 0.00 0.00 0.00 0.00 0.00 0.00 1.53 2.12 2.56 2.63 3.29 2.48 1.39 0.00 0.00 0.00 0.00 0.00 0.00 0.00 0.00 0.00 0.00 0.80 1.10 0.95 1.46 1.53 1.68 2.34 2.04 2.41 3.72 3.94 4.31 5.69 6.50 8.69 10.37 11.02 11.02 10.37 9.56 8.18 8.18 6.13 6.20 6.13 6.42 6.64 7.01 6.28 5.33 4.38 3.36 2.70 2.48 3.14 4.82 5.40
0.00 0.00 0.00 0.00 0.00 0.00 0.00 0.00 0.00 0.00 0.00 0.00 0.00 0.00 0.00 0.00 0.00 0.00 0.00 0.00 0.00 0.00 0.00 0.00 0.00 0.00 0.00 1.02 0.00 0.00 1.61 1.39 1.53 2.92 2.70 1.24 0.44 0.00 0.00 0.00 0.00 0.00 0.00 0.00 0.00 0.00 0.00 0.58 1.02 1.46 2.34 2.85 2.26 2.04 3.21 3.87 4.02 4.23 4.60 4.67 5.33 6.57 7.23 8.18 7.96 8.32 9.27 9.05 9.05 8.69 8.10 8.54 9.27 8.25 7.08 7.96 8.91 8.76 7.96 6.42 3.80 2.48 2.26 3.36
0.00 0.00 0.00 0.00 0.00 0.00 0.00 0.00 0.00 0.00 0.00 0.00 0.00 0.00 0.00 0.00 0.00 0.00 0.00 0.00 0.00 0.00 4.09 0.00 0.00 0.00 0.00 0.00 0.00 0.00 0.00 0.00 0.00 0.00 1.97 0.00 0.00 0.00 0.44 0.15 0.07 0.00 0.00 0.00 0.00 0.37 1.31 1.39 2.19 3.65 4.60 5.69 6.06 5.40 4.96 4.09 4.23 4.67 4.60 4.16 3.72 3.80 4.31 4.60 5.33 6.50 7.52 8.61 8.61 8.61 8.76 9.05 9.56 9.20 8.25 10.07 12.92 14.38 13.14 10.59 7.45 4.74 3.29 2.12
0.00 0.00 0.00 0.00 0.00 0.00 0.00 0.00 0.00 3.50 0.00 0.00 0.00 0.00 0.00 0.00 0.00 0.00 0.00 0.00 0.00 0.00 0.00 0.00 0.00 0.00 0.00 0.00 0.00 0.00 0.00 0.00 0.00 0.00 1.53 0.00 0.00 0.00 0.00 0.00 1.90 1.61 1.46 1.46 1.61 2.19 2.41 2.56 3.29 3.58 3.65 4.23 5.33 6.20 5.62 5.11 6.28 7.30 6.13 5.18 4.60 4.31 4.31 4.16 4.96 6.06 9.05 11.68 11.68 13.58 14.38 12.56 13.21 13.94 14.38 14.75 17.81 19.20 19.35 15.70 11.83 8.83 7.15 5.04
0.00 0.00 0.00 0.00 0.00 0.00 0.00 0.00 0.00 3.50 0.00 0.00 0.00 0.00 0.00 0.00 0.00 0.00 0.00 0.00 0.00 0.00 0.00 0.00 0.00 0.00 0.00 0.00 0.00 0.00 0.00 0.00 0.00 0.00 1.53 0.00 0.00 0.00 0.00 0.00 1.90 1.61 1.46 1.46 1.61 2.19 2.41 2.56 3.29 3.58 3.65 4.23 5.33 6.20 5.62 5.11 6.28 7.30 6.13 5.18 4.60 4.31 4.31 4.16 4.96 6.06 9.05 11.68 11.68 13.58 14.38 12.56 13.21 13.94 14.38 14.75 17.81 19.20 19.35 15.70 11.83 8.83 7.15 5.04
0.00 0.00 0.00 0.00 0.00 0.00 0.00 4.09 2.41 3.65 0.00 0.00 0.00 0.00 0.00 0.00 0.00 0.00 0.00 0.00 0.00 0.00 0.00 0.00 0.00 0.00 0.00 0.00 0.00 0.00 0.00 0.00 0.00 1.39 2.34 3.21 3.80 3.87 3.14 3.43 3.72 3.50 3.21 3.21 2.41 2.12 2.48 3.50 3.65 3.94 3.43 3.14 3.21 2.92 2.99 5.04 7.88 9.56 10.73 10.22 8.18 7.66 6.72 6.06 5.91 7.15 8.69 10.80 10.80 13.14 14.97 15.48 14.09 13.80 16.28 18.61 18.98 20.51 20.81 18.40 14.38 11.39 9.78 8.69
1.46 0.00 3.58 3.43 3.72 3.87 4.16 0.00 3.07 0.00 3.07 0.00 0.00 0.00 0.00 0.00 0.00 0.00 0.00 0.00 0.00 0.00 0.00 0.00 0.00 0.00 0.00 0.00 0.00 2.04 2.63 3.07 3.43 3.50 3.80 4.60 5.26 5.11 4.31 3.87 2.92 2.99 3.29 3.29 1.97 1.61 2.48 3.72 4.53 4.60 3.72 2.85 2.19 1.39 1.24 1.61 2.12 4.38 6.86 7.81 8.76 9.05 9.13 8.83 9.05 9.05 9.20 10.66 10.66 11.46 12.70 14.02 13.07 12.63 14.02 15.62 12.70 9.93 10.44 12.78 12.99 10.07 7.88 6.86
0.00 4.09 4.09 4.96 4.38 3.58 1.90 0.00 0.00 2.12 2.92 0.00 0.00 0.00 0.00 0.00 0.00 0.00 0.00 0.00 0.00 0.00 0.00 0.00 0.00 0.00 0.00 1.90 3.07 4.09 5.11 4.96 5.18 4.89 4.23 4.60 3.87 2.99 2.41 2.04 1.10 1.39 1.90 1.90 1.83 1.97 1.97 2.56 3.58 4.16 4.02 3.21 2.41 1.61 0.51 0.22 0.88 1.61 2.48 2.99 4.67 5.77 6.86 7.81 8.47 8.69 9.20 9.27 9.27 10.00 10.80 11.10 9.13 7.52 8.18 5.33 0.00 0.00 0.00 5.40 10.80 12.63 9.78 9.05
0.00 0.00 0.00 0.00 0.00 3.07 1.39 0.00 1.75 2.34 0.00 0.00 0.00 0.00 0.00 0.00 0.00 0.00 0.00 0.00 0.00 0.00 0.00 0.00 0.00 4.09 3.43 3.29 3.65 4.23 6.13 6.64 6.94 4.82 3.36 3.72 3.36 1.31 1.24 1.61 1.97 2.63 3.43 3.43 3.58 4.02 5.11 5.55 5.99 5.48 5.48 5.11 4.74 3.72 3.21 1.75 1.83 2.56 2.41 2.92 3.65 3.80 4.09 4.53 5.40 7.45 8.98 10.07 10.07 9.86 9.49 8.83 6.42 5.04 4.60 4.60 1.83 0.00 0.00 0.00 5.84 10.66 11.83 11.46
0.00 0.00 0.00 0.00 0.00 3.07 1.39 0.00 1.75 2.34 0.00 0.00 0.00 0.00 0.00 0.00 0.00 0.00 0.00 0.00 0.00 0.00 0.00 0.00 0.00 4.09 3.43 3.29 3.65 4.23 6.13 6.64 6.94 4.82 3.36 3.72 3.36 1.31 1.24 1.61 1.97 2.63 3.43 3.43 3.58 4.02 5.11 5.55 5.99 5.48 5.48 5.11 4.74 3.72 3.21 1.75 1.83 2.56 2.41 2.92 3.65 3.80 4.09 4.53 5.40 7.45 8.98 10.07 10.07 9.86 9.49 8.83 6.42 5.04 4.60 4.60 1.83 0.00 0.00 0.00 5.84 10.66 11.83 11.46
0.00 0.00 0.00 0.00 0.00 2.48 1.53 1.83 1.90 2.12 2.41 0.00 2.48 4.45 4.09 0.00 0.00 0.00 0.00 0.00 0.00 0.00 0.00 0.00 0.00 0.00 0.00 3.65 3.14 4.53 5.62 7.01 7.52 6.64 5.69 3.87 2.41 2.04 3.07 3.21 4.67 5.48 5.33 5.33 4.31 3.87 5.04 4.67 4.96 5.11 5.40 5.26 5.11 4.89 4.67 4.60 4.45 3.50 3.50 5.11 7.37 8.54 8.03 6.50 5.84 6.28 8.18 10.29 10.29 10.95 10.07 7.66 5.55 4.82 3.58 4.23 0.00 0.00 0.00 6.64 5.84 4.38 3.94 4.23
0.00 0.00 0.00 3.50 4.23 3.21 2.70 2.48 2.41 2.56 2.56 4.02 3.43 4.60 5.04 2.77 2.70 3.87 3.87 4.02 3.87 0.00 0.00 0.00 0.00 4.23 5.26 4.82 4.16 4.45 5.84 7.15 6.94 6.86 6.06 4.38 3.43 3.29 2.85 3.21 3.50 4.60 5.04 5.04 3.72 1.97 0.00 0.00 0.00 0.00 1.39 2.04 0.95 1.75 2.85 2.63 2.77 3.43 5.11 7.74 10.80 12.26 11.61 9.93 8.40 8.03 9.71 10.66 10.66 11.17 10.66 7.52 4.16 3.21 3.36 2.26 1.83 1.17 0.00 0.00 3.21 3.94 1.24 1.39
0.80 0.00 0.00 0.00 0.00 0.00 0.00 0.00 2.04 2.70 3.50 4.02 4.82 4.45 4.82 4.16 4.09 4.60 4.60 4.45 4.89 3.65 3.36 3.14 3.72 5.62 5.99 4.82 5.18 4.96 5.69 4.96 4.82 5.26 4.45 3.65 2.92 2.04 1.90 1.61 1.61 3.36 4.60 4.60 4.45 2.48 0.00 0.00 0.00 0.00 0.00 0.15 0.07 0.88 1.68 2.63 2.85 3.43 3.94 6.13 9.56 11.68 11.97 11.17 11.10 10.88 10.22 9.71 9.71 9.42 7.59 4.74 3.43 1.02 0.00 0.37 0.58 0.22 0.58 0.95 2.34 1.46 1.39 1.10
0.00 0.00 0.51 0.00 0.00 0.00 0.00 2.26 1.97 3.07 3.07 3.43 3.43 3.94 3.80 4.60 4.89 4.96 4.96 5.11 4.60 5.40 5.91 6.06 5.77 6.79 7.23 6.86 6.50 5.18 4.60 3.58 4.09 5.04 4.60 3.72 1.68 1.02 0.00 0.00 1.53 2.56 5.11 5.11 5.62 4.67 1.97 0.00 0.00 0.00 0.29 0.95 0.66 1.83 3.72 5.04 5.69 5.48 4.16 3.80 5.04 6.28 7.08 8.83 9.71 9.86 9.27 7.88 7.88 6.13 3.87 1.17 0.73 0.00 0.00 0.00 0.00 0.00 0.00 0.80 1.02 0.88 0.29 0.29
0.00 0.00 4.02 0.00 0.00 0.00 0.00 0.00 2.77 3.14 3.43 2.99 2.85 3.14 3.80 2.92 4.89 6.28 6.28 7.15 7.30 8.10 6.86 7.59 9.20 10.59 11.17 11.10 10.66 9.20 7.45 5.55 5.55 4.89 4.82 4.23 2.04 0.51 0.00 0.00 1.75 3.21 3.87 3.87 4.02 3.14 2.34 1.46 0.00 0.00 0.00 0.44 1.61 3.14 4.89 7.23 7.45 5.48 3.58 2.41 1.61 1.83 3.07 4.53 5.84 6.86 6.35 4.02 4.02 2.77 1.75 0.80 0.07 0.00 0.00 0.00 0.00 0.00 0.00 0.00 0.15 0.00 0.00 0.07
0.00 0.00 4.02 0.00 0.00 0.00 0.00 0.00 2.77 3.14 3.43 2.99 2.85 3.14 3.80 2.92 4.89 6.28 6.28 7.15 7.30 8.10 6.86 7.59 9.20 10.59 11.17 11.10 10.66 9.20 7.45 5.55 5.55 4.89 4.82 4.23 2.04 0.51 0.00 0.00 1.75 3.21 3.87 3.87 4.02 3.14 2.34 1.46 0.00 0.00 0.00 0.44 1.61 3.14 4.89 7.23 7.45 5.48 3.58 2.41 1.61 1.83 3.07 4.53 5.84 6.86 6.35 4.02 4.02 2.77 1.75 0.80 0.07 0.00 0.00 0.00 0.00 0.00 0.00 0.00 0.15 0.00 0.00 0.07
3.21 4.02 4.45 4.16 0.00 0.00 0.00 0.00 0.00 3.21 2.77 1.90 1.90 2.12 2.56 0.58 2.34 6.35 6.35 5.84 6.20 6.79 7.66 10.44 11.39 13.21 14.75 13.87 13.07 11.97 10.37 8.40 6.50 4.38 3.72 2.85 1.68 0.51 0.00 0.00 1.02 1.75 2.04 2.04 2.19 0.00 0.00 0.00 0.00 0.00 0.00 0.00 0.44 2.41 4.67 5.48 5.26 4.82 3.29 1.39 0.37 0.66 1.17 1.68 1.97 2.26 2.56 2.56 2.56 2.63 2.12 1.24 0.58 0.58 0.07 0.00 0.00 0.00 0.00 0.00 0.00 0.00 0.00 0.00
4.02 4.38 3.36 0.00 0.00 0.00 0.00 0.00 0.00 2.19 2.19 2.34 2.48 2.70 3.50 4.38 4.09 6.28 6.28 6.42 5.48 6.64 8.69 10.28 11.59 13.15 12.54 11.97 12.99 14.31 12.92 9.49 7.23 5.04 3.14 0.00 1.46 1.75 1.90 1.90 1.97 1.02 0.51 0.51 0.00 0.00 0.00 0.00 0.00 0.00 0.00 0.00 0.00 1.61 2.56 1.83 1.17 1.39 0.95 0.00 0.58 0.58 0.44 0.66 1.53 2.12 1.90 1.53 1.53 1.90 2.70 2.34 1.39 0.58 0.66 0.15 0.00 0.00 0.07 0.00 0.00 0.00 0.00 0.00
4.31 5.04 4.38 2.92 1.83 1.75 0.00 0.00 0.00 0.00 0.00 0.80 0.88 1.83 2.41 2.56 0.00 0.00 0.00 5.40 5.84 8.03 10.00 10.12 11.23 10.28 12.18 11.66 13.29 14.31 12.92 8.76 6.72 6.20 5.11 3.43 2.26 1.83 2.70 2.99 2.92 1.68 1.10 1.10 1.31 0.00 0.00 0.00 0.00 0.00 0.00 0.00 0.00 0.22 0.88 0.00 0.00 0.00 0.07 0.00 0.00 0.22 0.66 1.31 2.04 2.26 2.85 2.77 2.77 2.56 2.34 2.26 1.75 1.31 1.39 1.02 0.29 0.00 0.00 0.00 0.00 0.00 0.00 0.00
7.81 8.25 6.50 4.45 3.29 1.68 1.10 2.41 1.90 0.15 0.00 0.00 0.00 0.00 0.00 0.29 0.00 1.31 1.31 3.58 3.29 4.82 5.87 5.12 8.25 9.68 10.51 11.65 13.47 14.53 13.43 10.73 10.22 10.88 8.40 7.66 5.48 5.33 5.18 4.23 3.14 2.04 1.46 1.46 0.00 0.00 0.00 0.00 0.00 0.00 0.00 0.00 0.00 0.00 0.00 0.00 0.00 0.00 0.00 0.00 1.02 2.34 2.99 2.92 3.36 3.50 3.72 4.53 4.53 4.82 4.89 4.53 3.50 2.34 1.83 1.68 1.39 1.02 0.80 0.29 0.00 0.00 0.00 0.00
8.10 8.32 8.32 7.66 5.77 4.23 5.11 5.91 4.67 0.00 0.00 0.00 0.00 0.00 0.00 0.00 0.07 0.58 0.58 0.00 0.00 0.00 0.00 0.00 0.00 4.96 7.22 10.24 11.60 12.68 13.28 13.07 12.56 13.07 12.78 13.07 11.97 10.88 8.32 5.40 2.99 1.83 1.61 1.61 0.00 0.00 0.00 0.00 0.00 0.00 0.00 0.00 0.00 0.00 0.00 0.00 0.00 0.00 0.00 0.00 0.88 3.14 5.48 8.83 10.95 10.22 8.32 8.69 8.69 8.40 6.94 4.82 3.29 2.41 1.97 1.39 0.80 0.80 0.44 0.15 0.00 0.00 0.00 0.00
8.10 8.32 8.32 7.66 5.77 4.23 5.11 5.91 4.67 0.00 0.00 0.00 0.00 0.00 0.00 0.00 0.07 0.58 0.59 0.00 0.00 0.00 0.00 0.00 0.00 4.96 7.01 9.51 10.84 12.88 13.41 13.61 14.11 13.83 13.10 13.07 11.97 10.88 8.32 5.40 2.99 1.83 1.61 1.61 0.00 0.00 0.00 0.00 0.00 0.00 0.00 0.00 0.00 0.00 0.00 0.00 0.00 0.00 0.00 0.00 0.88 3.14 5.48 8.83 10.95 10.22 8.32 8.69 8.69 8.40 6.94 4.82 3.29 2.41 1.97 1.39 0.80 0.80 0.44 0.15 0.00 0.00 0.00 0.00
4.96 5.77 5.26 4.23 4.16 3.80 4.60 5.62 5.91 5.91 4.60 0.00 0.00 0.00 0.00 1.97 3.72 5.55 5.55 5.26 0.00 0.00 0.00 0.00 0.97 1.92 3.54 4.70 5.84 8.14 10.03 10.67 12.99 14.26 14.68 16.49 15.63 14.31 11.90 8.03 5.62 3.43 2.41 2.41 0.00 0.00 0.00 0.00 0.00 0.00 0.00 0.00 0.00 0.00 0.00 0.00 0.00 0.00 0.00 0.88 1.31 2.56 5.33 10.44 15.18 16.43 13.36 10.15 10.15 8.61 6.50 4.31 2.85 1.83 1.46 1.68 0.80 0.00 0.00 0.00 0.00 0.00 0.00 0.00
3.65 4.89 4.60 3.50 3.50 3.58 4.45 5.77 6.57 9.20 6.50 5.62 2.19 0.00 1.39 3.72 6.28 7.37 7.37 7.70 5.55 6.09 0.00 0.00 1.47 0.82 0.00 0.00 1.42 4.87 6.20 6.13 6.13 9.20 13.13 15.78 15.19 14.82 14.89 13.51 12.99 9.05 4.74 4.74 1.68 0.15 0.00 1.24 3.50 0.00 0.00 0.00 0.00 0.00 0.00 0.00 0.00 0.00 0.00 2.26 2.34 2.48 4.45 9.27 14.31 15.62 12.19 10.37 10.37 8.69 5.99 3.50 1.83 1.39 1.17 1.83 1.10 0.00 0.88 0.80 0.22 0.00 0.00 0.00
1.68 3.87 2.99 2.56 2.85 2.48 2.34 3.58 4.74 4.31 4.16 4.23 3.50 2.48 3.58 3.50 5.18 6.06 6.06 5.04 4.31 2.04 4.82 2.41 0.80 0.00 0.00 0.00 0.00 0.00 4.74 5.33 6.28 8.83 10.68 12.42 15.56 15.84 18.40 21.90 22.48 16.57 9.20 9.20 3.87 2.70 1.53 0.29 0.73 2.63 0.00 0.00 0.00 0.00 0.00 0.00 0.00 0.00 0.00 0.00 3.29 3.14 2.70 7.30 9.78 10.95 9.78 7.45 7.45 5.91 4.09 2.34 0.73 0.00 0.00 0.73 1.02 0.88 0.00 0.00 0.58 1.24 0.29 0.00
0.00 0.00 0.00 0.00 0.73 2.70 2.63 2.85 3.14 2.26 3.14 2.41 2.48 3.07 3.72 4.96 5.69 4.23 4.23 3.07 2.56 0.66 1.75 0.37 0.00 0.00 0.00 0.00 0.00 0.00 0.00 4.89 5.18 7.23 8.03 10.29 13.71 16.87 19.37 22.78 23.29 20.00 12.63 12.63 7.52 6.35 3.58 1.61 0.95 0.44 0.88 1.75 0.00 0.00 0.00 0.00 0.00 0.00 0.66 1.90 2.19 1.90 2.48 3.94 4.96 4.96 5.18 4.67 4.67 3.50 2.70 1.10 0.51 0.07 0.22 0.66 0.66 1.75 2.34 0.95 0.51 0.58 1.24 1.17
0.00 0.00 0.00 0.00 0.00 0.00 0.00 1.10 1.03 0.80 2.19 1.02 1.97 3.14 4.67 4.60 3.14 1.02 1.02 0.66 0.00 0.00 0.00 0.00 0.00 0.00 0.00 0.00 0.00 0.00 3.58 4.82 5.11 5.69 6.35 9.27 11.75 14.09 16.30 18.87 19.88 18.54 16.28 16.28 13.21 11.53 10.29 6.79 2.77 1.39 1.02 1.02 0.00 0.00 0.00 0.00 0.00 0.00 0.00 1.24 1.68 1.24 0.51 1.17 2.41 2.77 0.00 0.00 0.00 0.00 0.00 0.00 0.00 0.00 0.37 0.51 1.10 1.97 2.41 2.70 2.41 1.24 0.44 0.73
0.00 0.00 0.00 0.00 0.00 0.00 0.00 0.29 0.30 0.00 0.00 0.00 2.48 3.21 2.70 1.61 0.80 0.00 0.00 0.00 0.00 0.00 0.00 0.00 0.00 0.00 0.00 0.00 0.00 1.59 2.42 3.74 4.06 4.89 4.96 6.35 7.15 8.41 10.00 11.53 14.01 12.34 13.21 13.21 13.36 12.48 12.56 10.59 8.47 6.28 3.72 1.83 0.95 0.00 0.00 0.00 0.00 0.00 0.00 0.00 2.04 2.12 1.24 1.02 0.00 0.00 0.00 0.00 0.00 0.00 0.00 0.00 0.00 0.00 0.29 0.00 0.00 2.26 2.41 2.92 3.14 2.92 1.83 1.10
0.00 0.00 0.00 0.00 0.00 0.00 0.00 0.29 0.29 0.00 0.00 0.00 2.48 3.21 2.70 1.61 0.80 0.00 0.00 0.00 0.00 0.00 0.00 0.00 0.00 0.00 0.00 0.00 0.00 1.53 2.34 3.72 3.94 4.89 4.99 6.38 7.15 8.36 10.10 11.53 13.87 12.34 13.21 13.21 13.36 12.48 12.56 10.59 8.47 6.28 3.72 1.83 0.95 0.00 0.00 0.00 0.00 0.00 0.00 0.00 2.04 2.12 1.24 1.02 0.00 0.00 0.00 0.00 0.00 0.00 0.00 0.00 0.00 0.00 0.29 0.00 0.00 2.26 2.41 2.92 3.14 2.92 1.83 1.10
0.00 0.00 0.00 0.00 0.00 0.00 0.00 1.56 1.19 0.37 0.73 0.44 2.56 2.70 2.19 1.02 0.37 0.00 0.00 0.00 0.00 0.00 0.00 0.00 0.00 0.00 0.00 0.00 0.00 1.10 1.02 0.95 2.12 0.00 3.94 0.00 0.00 5.11 6.16 7.23 6.72 6.28 5.69 5.69 8.40 8.47 9.05 8.76 8.91 9.49 7.23 4.60 2.99 0.00 0.00 0.00 0.00 0.00 0.00 0.00 0.00 1.75 1.68 0.00 0.00 0.51 0.00 0.00 0.00 0.00 0.00 0.00 0.00 0.00 0.00 0.00 1.61 2.92 3.72 4.23 4.89 5.04 4.16 3.43
