Wansh/Snow_depth/snowdepth-1988/winter/1988339.txt
ncols 321
nrows 161
xllcenter 60
yllcenter 15 
cellsize  0.25 
NODATA_value -1
[rows 0 to 36 of 161, columns 84 to 167 of 321]
6.20 5.11 4.89 4.45 3.14 1.46 0.37 0.00 0.00 0.15 3.58 4.09 4.82 5.18 4.31 3.29 2.99 2.92 2.92 3.87 3.58 3.58 3.21 2.04 2.19 2.19 1.46 1.75 1.61 0.66 1.17 1.83 2.12 1.90 0.22 0.00 0.00 0.00 0.00 0.00 0.00 0.00 0.44 0.44 0.00 0.00 0.00 0.00 0.15 1.39 1.75 2.19 1.83 1.46 1.10 0.66 0.80 1.24 1.31 1.17 1.17 1.10 0.95 0.58 0.15 0.58 0.95 1.46 1.46 1.46 1.75 2.19 2.26 2.12 1.83 2.04 1.90 1.75 1.61 1.97 1.90 1.83 1.10 0.44
2.34 3.21 2.56 2.04 1.10 0.00 0.00 0.00 0.00 0.00 2.04 3.72 4.16 5.48 3.43 2.70 2.34 2.26 2.26 2.99 3.50 2.99 4.02 3.58 3.21 2.34 2.56 2.48 1.83 1.10 1.02 1.68 1.97 1.31 0.15 0.00 0.00 0.00 0.00 0.00 0.00 0.00 0.37 0.37 1.46 1.39 1.17 0.88 1.39 1.68 1.31 1.53 1.75 1.17 1.17 1.75 1.97 2.34 2.19 2.34 2.12 2.34 2.04 1.17 0.95 0.88 1.31 2.19 2.19 2.63 2.26 1.53 1.24 1.75 2.19 2.48 2.41 2.77 2.34 1.90 2.19 2.48 2.34 1.83
0.00 0.00 1.39 1.61 0.00 0.00 0.00 0.00 0.00 1.68 2.56 3.43 3.21 2.92 3.43 3.87 1.75 2.04 2.04 2.19 2.34 2.92 3.29 3.65 4.09 3.43 2.92 2.56 2.70 1.75 1.17 1.10 1.53 1.31 1.46 1.46 0.22 0.15 0.00 0.00 0.00 0.00 0.00 0.00 0.00 1.75 2.19 2.04 1.61 1.31 1.10 1.10 1.46 1.61 1.53 1.61 1.97 2.85 3.94 4.53 4.60 4.38 4.31 4.16 3.72 3.29 2.77 2.85 2.85 3.29 3.36 2.19 1.31 0.88 1.31 1.31 2.12 3.14 3.29 2.99 2.19 2.12 2.77 2.92
0.00 0.00 1.39 1.61 0.00 0.00 0.00 0.00 0.00 1.68 2.56 3.43 3.21 2.92 3.43 3.87 1.75 2.04 2.04 2.19 2.34 2.92 3.29 3.65 4.09 3.43 2.92 2.56 2.70 1.75 1.17 1.10 1.53 1.31 1.46 1.46 0.22 0.15 0.00 0.00 0.00 0.00 0.00 0.00 0.00 1.75 2.19 2.04 1.61 1.31 1.10 1.10 1.46 1.61 1.53 1.61 1.97 2.85 3.94 4.53 4.60 4.38 4.31 4.16 3.72 3.29 2.77 2.85 2.85 3.29 3.36 2.19 1.31 0.88 1.31 1.31 2.12 3.14 3.29 2.99 2.19 2.12 2.77 2.92
0.00 0.00 0.00 0.00 0.00 0.00 0.73 1.02 1.31 2.04 2.63 0.00 1.90 1.83 1.97 2.85 3.50 1.75 1.75 1.39 2.04 2.70 2.63 3.43 4.09 3.43 2.41 1.83 2.70 2.85 2.34 1.61 1.97 2.26 3.14 3.94 3.29 0.66 0.00 0.00 0.00 0.00 0.00 0.00 0.00 0.00 1.75 2.12 1.90 1.17 1.02 0.88 0.80 1.10 1.24 1.31 1.39 1.68 2.70 2.92 3.43 4.31 5.62 5.84 4.67 4.67 4.96 4.31 4.31 4.02 3.58 3.07 2.19 1.46 1.31 1.10 1.02 2.26 2.56 2.48 2.85 2.92 2.92 2.70
0.00 0.00 0.00 0.00 0.00 0.00 0.00 0.00 0.22 0.00 0.00 0.00 1.17 2.56 0.00 3.50 4.23 3.87 3.87 2.85 3.07 2.56 2.26 3.50 3.43 3.58 2.56 1.90 2.19 1.90 2.04 2.12 3.07 3.43 4.45 4.82 2.92 0.15 0.00 0.00 0.00 0.00 0.00 0.00 0.00 0.00 0.00 0.00 0.51 0.00 0.00 0.80 0.58 0.22 0.58 1.61 1.46 1.39 2.41 3.72 4.60 5.91 6.86 7.74 7.08 6.20 4.45 4.16 4.16 4.09 3.58 3.65 3.65 3.29 2.48 1.97 0.95 0.88 1.24 2.41 2.92 2.92 2.63 2.77
0.00 0.00 0.00 0.00 0.00 0.00 0.00 0.00 0.00 0.00 0.00 0.00 1.68 4.09 5.18 5.26 4.89 5.26 5.26 5.04 3.87 3.43 2.70 2.41 2.63 2.63 1.97 1.61 1.53 1.17 2.85 3.14 3.07 3.36 4.23 3.21 1.68 0.00 0.00 0.00 0.00 0.00 0.00 0.00 0.00 0.00 0.00 0.00 0.00 0.00 0.00 0.73 1.02 1.31 1.24 1.83 2.26 3.65 3.87 4.09 4.74 6.13 7.74 7.96 8.25 8.25 7.37 6.13 6.13 4.67 4.96 5.62 5.77 5.48 5.26 4.31 4.45 4.09 3.21 2.19 1.68 1.90 2.63 3.14
0.00 0.00 0.00 0.00 0.00 0.00 0.00 0.00 0.00 0.00 0.00 0.00 1.68 4.09 5.18 5.26 4.89 5.26 5.26 5.04 3.87 3.43 2.70 2.41 2.63 2.63 1.97 1.61 1.53 1.17 2.85 3.14 3.07 3.36 4.23 3.21 1.68 0.00 0.00 0.00 0.00 0.00 0.00 0.00 0.00 0.00 0.00 0.00 0.00 0.00 0.00 0.73 1.02 1.31 1.24 1.83 2.26 3.65 3.87 4.09 4.74 6.13 7.74 7.96 8.25 8.25 7.37 6.13 6.13 4.67 4.96 5.62 5.77 5.48 5.26 4.31 4.45 4.09 3.21 2.19 1.68 1.90 2.63 3.14
0.00 0.00 0.00 0.00 0.00 0.00 0.00 0.00 0.00 0.00 0.00 0.00 0.00 2.56 4.53 5.18 0.00 0.00 0.00 5.48 5.18 5.18 4.53 3.36 2.12 0.66 1.17 1.10 1.75 1.97 2.56 2.34 2.99 3.21 3.43 2.12 1.10 0.00 0.00 0.00 0.00 0.00 0.00 0.00 0.00 0.00 0.00 0.00 0.37 1.39 1.97 2.19 3.43 2.63 1.61 2.34 2.26 2.19 3.14 3.80 4.45 4.23 5.18 5.11 5.26 6.35 7.08 7.01 7.01 6.13 6.35 7.30 7.81 7.15 6.35 6.64 7.66 7.74 7.30 6.20 3.65 1.75 1.61 2.48
0.00 0.00 0.00 0.00 0.00 0.00 0.00 0.00 0.00 0.95 0.58 0.00 0.00 0.00 0.00 0.00 0.00 0.00 0.00 0.00 4.67 4.38 6.13 3.21 1.61 1.53 1.02 1.53 1.53 1.10 0.88 1.31 2.19 1.90 1.75 1.61 1.24 0.80 0.88 1.31 1.39 0.66 0.22 0.22 1.17 1.97 1.68 0.88 1.97 2.92 3.36 4.45 5.40 4.31 3.80 3.43 3.65 3.87 3.58 3.14 2.63 2.26 2.26 2.56 2.77 3.72 5.62 6.94 6.94 8.47 8.69 8.91 9.64 9.05 8.25 8.40 10.44 11.83 12.48 9.64 5.91 4.45 2.85 1.68
0.00 0.00 0.00 0.00 0.00 0.00 0.00 1.90 1.17 1.90 1.17 0.00 0.00 0.00 0.00 0.00 0.00 0.00 0.00 0.00 0.00 3.80 5.48 2.04 1.02 0.88 0.51 1.24 1.39 1.02 1.46 1.97 2.48 2.19 2.26 2.12 1.90 1.46 1.83 2.70 2.41 2.41 2.56 2.56 2.77 2.85 2.41 2.41 2.92 2.48 2.56 3.36 3.80 4.38 4.53 4.82 5.04 5.69 6.28 5.04 3.94 3.14 2.77 2.41 3.21 5.26 6.86 9.27 9.27 11.97 12.63 11.97 10.44 11.24 12.56 12.85 14.38 17.08 16.57 14.53 10.00 6.06 4.09 3.87
0.00 0.00 0.00 0.00 0.00 0.00 0.00 1.90 1.17 1.90 1.17 0.00 0.00 0.00 0.00 0.00 0.00 0.00 0.00 0.00 0.00 3.80 5.48 2.04 1.02 0.88 0.51 1.24 1.39 1.02 1.46 1.97 2.48 2.19 2.26 2.12 1.90 1.46 1.83 2.70 2.41 2.41 2.56 2.56 2.77 2.85 2.41 2.41 2.92 2.48 2.56 3.36 3.80 4.38 4.53 4.82 5.04 5.69 6.28 5.04 3.94 3.14 2.77 2.41 3.21 5.26 6.86 9.27 9.27 11.97 12.63 11.97 10.44 11.24 12.56 12.85 14.38 17.08 16.57 14.53 10.00 6.06 4.09 3.87
0.00 0.00 0.00 0.00 0.00 0.00 0.00 0.00 0.00 2.63 2.99 0.00 0.00 0.00 0.00 0.00 0.00 0.00 0.00 0.00 0.00 0.00 4.23 3.65 1.10 1.31 0.73 1.02 0.95 1.68 1.83 2.26 2.70 3.14 2.99 3.50 4.82 5.91 5.11 4.31 4.38 4.89 4.38 4.38 3.14 3.14 3.14 3.21 3.36 3.36 1.90 1.68 1.61 1.39 2.34 2.92 4.74 6.42 7.74 7.37 5.99 5.48 4.96 4.74 4.60 5.40 7.66 9.20 9.20 11.61 13.94 13.94 12.34 12.34 13.51 16.06 17.81 19.05 19.56 17.16 12.34 9.34 8.03 6.94
0.00 0.00 0.00 0.00 0.00 0.00 0.00 0.00 0.00 0.00 0.00 0.00 0.00 0.00 0.00 0.00 0.00 0.00 0.00 0.00 0.00 0.00 0.00 2.70 0.88 1.10 0.22 1.61 2.34 3.14 4.45 5.91 6.42 6.57 5.18 4.89 7.23 7.08 5.18 3.58 3.29 3.58 2.56 2.56 1.68 1.97 2.34 2.26 2.77 3.29 2.26 1.68 1.10 0.29 0.00 0.07 0.80 2.77 4.09 5.62 5.91 5.77 6.28 6.50 6.86 7.59 7.74 8.10 8.10 9.86 11.39 12.05 11.75 10.51 10.95 12.70 9.71 7.52 10.66 11.97 11.61 9.78 6.64 5.69
0.00 0.00 0.00 0.00 0.00 0.00 0.00 0.00 0.00 0.00 0.00 0.00 0.00 0.00 0.00 0.00 0.00 0.00 0.00 0.00 0.00 0.00 0.00 0.00 2.99 2.48 2.48 2.85 3.65 5.04 6.13 7.59 8.69 7.01 6.42 5.91 5.40 2.56 1.61 1.61 1.61 2.12 1.10 1.10 1.68 2.19 1.83 2.77 3.21 2.99 3.43 2.92 2.19 0.37 0.00 0.00 0.22 0.58 1.31 2.26 2.63 3.29 4.02 4.31 6.13 6.79 6.72 6.86 6.86 8.03 9.71 9.93 8.25 5.62 5.55 7.45 5.26 0.00 0.00 3.72 7.74 9.27 9.64 8.32
0.00 0.00 0.00 0.00 0.00 0.00 0.00 0.00 0.00 0.00 0.00 0.00 0.00 0.00 0.00 0.00 0.00 0.00 0.00 0.00 0.00 0.00 0.00 0.00 0.00 4.45 5.26 4.89 4.45 6.64 7.23 9.05 9.64 7.88 6.50 4.60 2.99 1.31 1.02 0.95 1.24 2.04 1.83 1.83 3.43 4.45 5.33 5.04 5.11 5.11 5.26 4.96 3.94 2.34 2.77 2.41 2.26 1.53 1.61 2.19 2.92 2.92 2.63 2.63 3.36 4.38 6.86 7.66 7.66 7.59 7.81 7.66 5.55 4.09 4.45 3.58 3.07 0.00 0.00 0.00 5.77 7.81 7.96 8.47
0.00 0.00 0.00 0.00 0.00 0.00 0.00 0.00 0.00 0.00 0.00 0.00 0.00 0.00 0.00 0.00 0.00 0.00 0.00 0.00 0.00 0.00 0.00 0.00 0.00 4.45 5.26 4.89 4.45 6.64 7.23 9.05 9.64 7.88 6.50 4.60 2.99 1.31 1.02 0.95 1.24 2.04 1.83 1.83 3.43 4.45 5.33 5.04 5.11 5.11 5.26 4.96 3.94 2.34 2.77 2.41 2.26 1.53 1.61 2.19 2.92 2.92 2.63 2.63 3.36 4.38 6.86 7.66 7.66 7.59 7.81 7.66 5.55 4.09 4.45 3.58 3.07 0.00 0.00 0.00 5.77 7.81 7.96 8.47
1.90 0.00 0.00 0.00 0.00 0.00 0.00 0.00 0.00 0.00 0.00 0.00 0.00 0.00 0.00 0.00 0.00 0.00 0.00 0.00 0.00 0.00 0.00 0.00 0.00 4.31 5.62 4.60 3.87 4.53 6.42 8.18 9.05 8.69 7.45 5.40 3.65 2.48 2.70 3.14 4.45 5.18 6.42 6.42 5.84 5.33 4.23 3.58 2.99 3.29 5.18 5.18 4.31 4.16 4.16 3.65 3.50 2.92 3.21 4.23 5.04 6.13 5.99 4.89 4.53 4.45 5.84 7.45 7.45 8.47 7.37 5.55 3.36 2.56 3.29 4.09 1.61 0.00 0.00 0.00 2.34 2.63 3.07 3.94
1.17 2.12 0.00 0.00 0.00 0.00 0.00 0.00 0.00 0.00 0.00 0.00 2.70 4.23 0.00 0.00 0.00 0.00 0.00 0.00 0.00 0.00 0.00 0.00 0.00 0.00 4.67 5.26 5.04 5.40 5.84 8.03 9.93 10.29 9.13 6.64 5.04 3.29 2.85 2.92 3.72 4.38 5.69 5.69 4.23 2.70 0.00 0.00 0.00 0.00 0.00 1.31 1.10 0.73 1.31 2.12 2.41 1.97 3.72 5.91 7.88 9.56 9.34 7.37 6.86 6.20 7.01 8.98 8.98 9.27 7.66 4.23 2.04 1.90 1.46 1.17 0.00 0.00 0.00 0.00 3.80 2.41 2.04 1.10
0.00 1.61 0.00 0.00 0.00 0.00 0.00 0.00 0.00 0.00 1.68 3.80 3.87 4.38 4.96 4.45 3.14 0.00 0.00 0.00 0.00 3.21 0.00 0.00 0.00 4.67 6.35 6.35 6.50 5.55 4.82 6.35 7.52 7.23 6.94 5.77 4.23 2.12 1.97 1.10 1.61 2.19 3.58 3.58 3.50 0.00 0.00 0.00 0.00 0.00 0.00 0.00 0.00 0.07 0.95 1.90 2.63 2.77 3.07 4.16 6.64 8.32 9.20 8.91 8.47 8.18 7.96 7.74 7.74 7.45 5.18 2.63 1.17 0.07 0.00 0.00 0.00 0.00 0.00 0.22 1.39 1.31 0.95 0.95
0.00 0.51 1.68 0.00 0.00 0.00 0.00 0.00 0.00 0.37 1.90 2.34 1.31 1.97 3.80 0.00 0.00 4.53 4.53 4.96 4.53 4.31 5.40 5.99 6.42 6.42 7.96 7.37 6.35 6.35 4.16 4.02 4.23 4.74 4.38 3.50 2.26 1.24 0.29 0.00 0.00 0.66 3.36 3.36 3.21 2.41 1.17 0.00 0.00 0.00 0.00 0.29 0.22 1.17 2.48 3.80 4.67 3.43 2.92 2.85 3.21 3.80 5.26 5.91 7.15 8.10 7.66 5.40 5.40 3.14 2.48 0.58 0.00 0.00 0.00 0.00 0.00 0.00 0.00 0.00 0.00 0.00 0.00 0.00
0.29 0.44 0.58 0.00 0.00 0.00 0.00 0.00 0.00 1.02 1.24 0.66 0.00 0.00 0.51 1.83 0.00 4.45 4.45 5.48 6.50 7.59 7.96 8.69 8.91 10.59 11.68 10.73 10.22 8.69 8.03 6.57 5.84 5.69 5.11 3.14 1.83 0.00 0.00 0.00 0.00 0.15 1.24 1.24 2.70 3.43 2.63 1.24 0.00 0.00 0.00 0.00 0.07 2.26 3.87 5.33 5.69 4.96 3.94 2.63 0.95 1.24 1.39 1.68 3.07 3.94 2.70 1.97 1.97 0.73 0.22 0.00 0.00 0.00 0.00 0.00 0.00 0.00 0.00 0.00 0.00 0.00 0.00 0.00
0.29 0.44 0.58 0.00 0.00 0.00 0.00 0.00 0.00 1.02 1.24 0.66 0.00 0.00 0.51 1.83 0.00 4.45 4.45 5.48 6.50 7.59 7.96 8.69 8.91 10.59 11.68 10.73 10.22 8.69 8.03 6.57 5.84 5.69 5.11 3.14 1.83 0.00 0.00 0.00 0.00 0.15 1.24 1.24 2.70 3.43 2.63 1.24 0.00 0.00 0.00 0.00 0.07 2.26 3.87 5.33 5.69 4.96 3.94 2.63 0.95 1.24 1.39 1.68 3.07 3.94 2.70 1.97 1.97 0.73 0.22 0.00 0.00 0.00 0.00 0.00 0.00 0.00 0.00 0.00 0.00 0.00 0.00 0.00
0.22 0.15 0.00 0.00 0.00 0.00 0.00 0.00 0.00 1.68 1.02 0.15 0.00 0.00 0.95 2.41 3.58 2.41 2.41 4.82 5.62 6.06 7.45 8.98 10.51 12.70 13.58 13.07 12.48 12.48 11.61 9.34 6.28 5.18 3.36 1.90 1.17 0.00 0.00 0.00 0.15 0.15 0.44 0.44 1.68 0.00 0.00 0.00 0.00 0.00 0.00 0.00 0.00 0.29 1.83 2.85 4.02 2.77 0.88 0.00 0.00 0.00 0.00 0.00 0.15 0.66 0.58 0.58 0.58 0.88 0.29 0.00 0.00 0.00 0.00 0.00 0.00 0.00 0.00 0.00 0.00 0.00 0.00 0.00
0.44 0.22 0.00 0.00 0.00 0.00 0.00 0.00 0.00 0.22 0.00 0.00 0.00 1.39 2.70 4.23 5.11 5.40 5.40 0.00 4.23 6.13 7.88 9.39 9.68 11.62 11.72 11.39 13.43 13.58 11.61 12.56 5.33 3.87 1.68 0.07 0.00 0.00 0.22 0.44 0.37 0.00 0.29 0.29 0.58 1.31 0.00 0.00 0.00 0.00 0.00 0.00 0.00 0.00 0.00 1.10 0.07 0.07 0.15 0.00 0.00 0.00 0.00 0.00 0.00 0.00 0.00 0.00 0.00 0.00 0.00 0.00 0.00 0.00 0.00 0.00 0.00 0.00 0.00 0.00 0.00 0.00 0.00 0.00
0.51 0.44 0.00 0.00 0.00 0.00 0.00 0.00 0.00 0.00 0.00 0.00 0.00 0.00 0.00 0.00 4.38 4.74 4.74 4.89 5.11 6.94 8.10 8.50 10.02 10.73 11.95 12.64 13.65 13.72 10.73 8.03 8.40 4.67 3.58 1.39 0.51 0.00 0.37 1.83 1.97 1.61 1.46 1.46 1.46 0.00 0.00 0.00 0.00 0.00 0.00 0.00 0.00 0.00 0.00 0.00 0.00 0.00 0.00 0.00 0.00 0.00 0.00 0.00 0.00 0.00 0.00 0.00 0.00 0.73 0.80 1.17 0.80 0.00 0.00 0.00 0.00 0.00 0.00 0.00 0.00 0.00 0.00 0.00
1.31 1.75 2.63 1.83 0.51 0.00 0.00 0.00 0.00 0.00 0.00 0.00 0.00 0.00 0.00 0.00 0.00 0.00 0.00 0.73 1.39 0.00 0.00 0.00 6.66 8.02 9.97 10.77 12.64 13.33 11.75 9.64 7.74 8.54 7.15 5.18 4.23 3.58 4.09 3.29 2.04 2.26 2.04 2.04 1.53 0.00 0.00 0.00 0.00 0.00 0.00 0.00 0.00 0.00 0.00 0.00 0.00 0.00 0.00 0.00 0.00 0.00 1.61 1.68 1.02 0.95 1.53 2.77 2.77 3.50 2.56 1.97 1.61 0.58 0.00 0.00 0.00 0.00 0.00 0.00 0.00 0.00 0.00 0.00
3.65 4.16 4.23 3.65 3.14 2.04 0.37 0.00 0.00 0.00 0.00 0.00 0.00 0.00 0.00 0.00 0.00 0.00 0.00 0.00 0.00 0.00 0.00 0.00 0.00 0.00 5.64 9.28 10.73 11.65 12.62 12.48 12.12 11.97 12.41 11.24 10.44 10.15 8.18 4.23 2.04 1.83 1.90 1.90 0.73 0.00 0.00 0.00 0.00 0.00 0.00 0.00 0.00 0.00 0.00 0.00 0.00 0.00 0.00 0.00 0.00 0.88 3.21 7.01 8.32 7.37 6.86 6.13 6.13 6.13 4.96 3.65 2.34 0.51 0.00 0.00 0.00 0.00 0.00 0.00 0.00 0.00 0.00 0.00
3.65 4.16 4.23 3.65 3.14 2.04 0.37 0.00 0.00 0.00 0.00 0.00 0.00 0.00 0.00 0.00 0.00 0.00 0.00 0.00 0.00 0.00 0.00 0.00 0.00 0.00 5.48 8.63 10.03 11.83 12.75 13.00 13.62 12.67 12.73 11.24 10.44 10.15 8.18 4.23 2.04 1.83 1.90 1.90 0.73 0.00 0.00 0.00 0.00 0.00 0.00 0.00 0.00 0.00 0.00 0.00 0.00 0.00 0.00 0.00 0.00 0.88 3.21 7.01 8.32 7.37 6.86 6.13 6.13 6.13 4.96 3.65 2.34 0.51 0.00 0.00 0.00 0.00 0.00 0.00 0.00 0.00 0.00 0.00
0.95 2.63 2.85 4.16 3.87 1.90 0.00 0.00 0.00 0.00 0.00 0.00 0.00 0.00 0.00 0.00 0.00 0.00 0.00 0.00 0.00 0.00 0.00 0.00 0.00 0.00 0.00 0.00 2.41 6.38 7.08 8.47 8.66 12.12 13.32 15.13 14.97 13.65 11.75 5.55 2.99 2.85 1.90 1.90 0.00 0.00 0.00 1.53 2.19 0.00 0.00 0.00 0.00 0.00 0.00 0.00 0.00 0.00 0.00 0.00 0.00 0.66 3.80 8.69 12.12 12.99 11.61 9.56 9.56 7.74 4.67 2.70 1.02 0.66 0.15 0.29 0.00 0.00 0.00 0.00 0.00 0.00 0.00 0.00
0.00 0.44 1.90 2.70 1.61 1.24 0.95 1.75 2.70 4.45 3.07 0.00 0.00 0.00 0.66 2.77 0.00 0.00 0.00 0.00 3.80 2.93 0.00 0.29 0.00 0.00 0.00 0.00 0.00 0.00 2.48 2.70 4.23 7.42 6.44 7.50 11.12 14.01 13.58 14.89 13.07 10.07 5.04 5.04 1.53 0.66 0.66 1.75 2.56 3.14 0.00 0.00 0.00 0.00 0.00 0.00 0.00 0.00 0.00 0.00 0.00 0.00 2.41 6.13 10.73 12.26 10.51 8.83 8.83 6.64 4.02 1.17 0.00 0.00 0.00 0.00 0.00 0.00 0.00 0.00 0.00 0.51 0.37 0.00
0.00 0.00 0.44 0.51 1.10 1.10 1.83 2.56 2.77 3.14 0.00 3.21 2.34 1.90 0.00 0.00 4.02 4.23 4.23 3.87 2.48 1.90 0.88 2.04 0.00 0.00 0.00 0.00 0.00 0.00 0.00 0.00 2.41 4.09 7.53 7.22 12.11 14.31 17.52 18.98 18.47 17.45 9.78 9.78 5.11 2.56 1.97 1.53 1.02 1.61 2.56 2.56 0.00 0.00 0.00 0.00 0.00 0.00 0.00 0.00 0.00 0.00 0.00 4.67 8.03 7.01 6.20 5.55 5.55 4.67 2.99 1.31 0.00 0.00 0.00 0.00 0.00 0.00 0.00 0.00 0.80 0.88 0.22 0.00
0.00 0.00 0.00 0.00 0.00 0.00 0.00 0.00 0.66 1.39 2.26 0.00 0.00 0.00 1.53 4.23 4.74 4.23 4.23 3.29 2.26 1.02 0.37 0.00 0.00 0.00 0.00 0.00 0.00 0.00 0.00 0.00 2.70 3.94 5.04 7.96 7.04 12.94 15.27 19.32 19.71 15.11 12.63 12.63 10.88 9.64 7.45 4.38 0.58 0.00 0.15 1.10 1.10 1.75 1.61 0.00 0.00 0.00 0.51 2.19 2.34 0.00 0.00 1.97 2.34 2.41 2.34 2.12 2.12 1.68 1.46 0.73 0.29 0.00 0.00 1.24 2.77 2.26 1.90 1.10 0.22 0.37 0.15 0.00
0.00 0.00 0.00 0.00 0.00 0.00 0.00 0.00 0.00 0.00 0.00 0.00 0.00 1.39 3.21 3.36 1.97 1.17 1.17 0.44 0.00 0.00 0.00 0.00 0.00 0.00 0.00 0.00 0.00 0.00 0.00 0.00 0.00 2.04 3.58 6.06 6.06 11.02 13.04 15.95 15.99 15.33 13.36 13.36 12.19 10.59 8.40 5.11 3.21 2.48 1.31 0.88 0.00 0.00 0.44 0.00 0.00 0.00 0.00 1.17 2.04 1.31 0.00 0.00 0.00 1.02 0.73 0.15 0.15 0.00 0.00 0.00 0.00 0.00 0.00 0.66 2.41 2.12 1.31 0.95 0.37 0.07 0.00 0.00
0.00 0.00 0.00 0.00 0.00 0.00 0.00 0.00 0.00 0.00 0.00 0.00 0.00 2.26 2.04 0.00 0.00 0.00 0.00 0.00 0.00 0.00 0.00 0.00 0.00 0.00 0.00 0.00 0.00 0.00 0.00 0.00 0.00 0.00 1.68 2.56 4.89 6.56 7.15 10.00 11.72 10.07 10.29 10.29 10.66 10.29 9.93 7.74 6.28 5.18 2.70 1.17 0.00 0.00 0.00 0.00 0.00 0.00 0.00 0.00 0.00 0.00 0.00 0.00 0.00 0.00 0.00 0.00 0.00 0.00 0.00 0.00 0.00 0.00 0.00 0.22 0.00 0.00 0.00 1.83 1.97 1.46 0.58 0.00
0.00 0.00 0.00 0.00 0.00 0.00 0.00 0.00 0.00 0.00 0.00 0.00 0.00 2.26 2.04 0.00 0.00 0.00 0.00 0.00 0.00 0.00 0.00 0.00 0.00 0.00 0.00 0.00 0.00 0.00 0.00 0.00 0.00 0.00 1.69 2.57 4.89 6.53 7.23 10.00 11.61 10.07 10.29 10.29 10.66 10.29 9.93 7.74 6.28 5.18 2.70 1.17 0.00 0.00 0.00 0.00 0.00 0.00 0.00 0.00 0.00 0.00 0.00 0.00 0.00 0.00 0.00 0.00 0.00 0.00 0.00 0.00 0.00 0.00 0.00 0.22 0.00 0.00 0.00 1.83 1.97 1.46 0.58 0.00
0.00 0.00 0.00 0.00 0.00 0.00 0.00 0.00 0.00 0.00 0.00 0.00 1.39 2.04 0.15 0.00 0.00 0.00 0.00 0.00 0.00 0.00 0.00 0.00 0.00 0.00 0.00 0.00 0.00 0.00 0.00 0.00 0.00 0.00 0.00 1.83 3.07 3.21 4.26 6.06 5.62 3.14 3.58 3.58 5.62 5.69 5.91 6.13 6.86 7.23 5.40 3.43 1.10 0.22 0.00 0.00 0.00 0.00 0.00 0.00 0.00 0.00 0.00 0.00 0.00 0.00 0.15 0.00 0.00 0.00 0.00 0.00 0.00 0.00 0.00 0.00 0.00 1.90 2.77 2.99 2.85 2.48 1.68 1.31
