Wansh/Snow_depth/snowdepth-1988/winter/1988349.txt
ncols 321
nrows 161
xllcenter 60
yllcenter 15 
cellsize  0.25 
NODATA_value -1
[rows 0 to 36 of 161, columns 168 to 251 of 321]
2.63 2.41 1.46 1.10 1.02 1.39 2.70 2.99 2.99 2.99 2.85 3.07 3.36 3.14 3.36 3.29 3.14 4.02 5.77 5.77 6.28 7.01 6.50 6.13 6.86 5.04 0.00 0.00 0.00 0.00 0.00 0.00 6.50 7.81 7.96 7.96 7.74 8.18 9.20 8.54 6.57 5.04 4.02 4.89 4.38 4.23 5.48 6.57 6.94 7.08 6.35 8.10 7.96 7.52 7.30 9.05 9.64 10.07 9.78 8.03 8.03 7.59 7.88 7.96 7.96 7.96 8.25 8.40 8.18 9.27 9.34 9.34 10.07 10.15 10.29 10.95 11.32 12.41 13.36 12.85 12.78 12.05 10.73 9.86
4.38 3.94 3.29 2.19 1.02 0.88 1.10 2.19 2.85 2.85 3.65 3.80 2.92 2.92 3.65 4.02 4.09 4.60 6.28 6.86 6.35 6.86 7.37 4.89 0.00 0.00 0.00 0.00 0.00 0.00 0.00 0.00 5.11 7.23 5.62 5.62 5.77 6.86 8.91 10.44 9.49 7.66 6.28 5.55 6.86 7.37 6.50 5.48 5.04 5.40 5.99 7.88 8.25 8.32 8.40 8.40 10.73 11.46 10.88 10.29 10.29 10.00 9.71 9.49 9.13 8.76 8.69 9.13 9.64 9.86 9.86 10.07 9.86 9.56 9.93 10.29 11.02 12.85 13.21 12.56 11.75 10.95 9.13 8.03
6.35 5.40 4.23 2.41 1.02 0.80 1.53 1.31 2.04 2.04 3.36 3.94 3.58 3.14 3.14 4.02 4.89 5.33 5.91 6.28 6.50 5.77 5.48 5.55 0.00 0.00 0.00 0.00 0.00 0.00 0.00 5.04 4.60 3.29 4.31 4.31 6.20 8.40 10.07 10.37 10.95 10.44 8.54 6.64 7.66 4.89 4.31 4.16 4.60 6.13 7.45 8.18 8.98 10.00 10.22 10.37 10.44 10.80 10.29 10.29 10.29 11.02 11.17 10.66 10.15 9.20 8.61 7.88 8.54 8.98 9.34 10.15 10.29 9.64 9.71 8.98 9.93 10.59 10.29 10.73 10.59 9.93 8.91 8.61
6.35 5.40 4.23 2.41 1.02 0.80 1.53 1.31 2.04 2.04 3.36 3.94 3.58 3.14 3.14 4.02 4.89 5.33 5.91 6.28 6.50 5.77 5.48 5.55 0.00 0.00 0.00 0.00 0.00 0.00 0.00 5.04 4.60 3.29 4.31 4.31 6.20 8.40 10.07 10.37 10.95 10.44 8.54 6.64 7.66 4.89 4.31 4.16 4.60 6.13 7.45 8.18 8.98 10.00 10.22 10.37 10.44 10.80 10.29 10.29 10.29 11.02 11.17 10.66 10.15 9.20 8.61 7.88 8.54 8.98 9.34 10.15 10.29 9.64 9.71 8.98 9.93 10.59 10.29 10.73 10.59 9.93 8.91 8.61
6.20 5.91 4.74 2.85 0.73 0.58 2.26 2.92 1.97 1.97 3.14 3.87 3.87 3.87 4.09 4.82 5.48 6.42 6.50 6.35 4.23 1.46 0.00 0.00 0.00 0.00 0.00 0.00 0.00 0.00 0.00 2.63 3.07 4.53 5.48 5.48 6.35 6.72 6.86 5.99 5.11 5.11 3.07 4.23 4.23 4.53 2.99 3.50 5.55 6.79 6.94 7.23 8.32 8.61 8.61 8.83 9.34 10.80 9.64 9.86 9.86 10.00 10.66 10.22 9.78 9.34 8.32 7.66 7.52 7.66 7.52 8.76 8.25 7.59 7.45 6.86 7.37 8.03 8.83 9.86 10.51 9.71 9.05 8.98
7.52 7.59 6.20 4.38 1.39 0.80 1.97 3.94 3.36 3.36 3.29 4.16 4.89 5.26 5.18 5.11 4.82 3.94 5.69 3.87 0.00 0.00 0.00 0.00 0.00 0.00 0.00 0.00 0.00 0.00 5.26 3.07 4.45 4.74 5.33 5.33 6.20 6.06 3.94 2.99 2.19 1.61 1.46 1.97 2.77 2.99 3.07 4.96 6.06 6.42 6.72 7.37 8.18 7.66 7.30 7.23 7.81 8.03 8.61 7.52 7.52 8.98 9.27 9.13 8.91 8.10 5.77 5.48 5.48 5.99 6.79 6.86 6.94 5.84 5.62 5.91 6.57 7.23 8.40 9.71 9.71 9.42 9.34 10.07
6.50 7.45 6.79 5.04 3.14 2.04 2.77 4.31 5.11 5.11 4.16 4.53 5.33 5.62 5.55 5.69 5.11 3.36 0.00 0.00 0.00 0.00 0.00 0.00 0.00 0.00 0.00 0.00 0.00 2.26 3.94 5.04 5.04 6.06 6.50 6.50 6.06 4.96 4.23 3.43 3.07 2.56 2.70 2.77 2.70 3.21 3.80 4.53 6.94 7.74 7.74 7.74 7.59 6.86 6.50 7.15 6.94 6.35 5.18 6.50 6.50 6.06 6.79 6.35 5.91 5.11 5.04 5.18 4.89 4.60 4.82 4.60 3.80 3.43 3.21 3.72 3.65 4.23 6.06 7.83 9.90 10.31 9.92 11.70
6.50 7.45 6.79 5.04 3.14 2.04 2.77 4.31 5.11 5.11 4.16 4.53 5.33 5.62 5.55 5.69 5.11 3.36 0.00 0.00 0.00 0.00 0.00 0.00 0.00 0.00 0.00 0.00 0.00 2.26 3.94 5.04 5.04 6.06 6.50 6.50 6.06 4.96 4.23 3.43 3.07 2.56 2.70 2.77 2.70 3.21 3.80 4.53 6.94 7.74 7.74 7.74 7.59 6.86 6.50 7.15 6.94 6.35 5.18 6.50 6.50 6.06 6.79 6.35 5.91 5.11 5.04 5.18 4.89 4.60 4.82 4.60 3.80 3.43 3.21 4.30 5.03 6.09 8.30 13.31 16.34 13.72 12.76 12.14
5.04 5.91 5.26 3.72 2.56 2.12 1.97 3.50 4.96 4.96 5.48 4.82 4.82 5.18 4.89 3.29 2.77 0.00 0.00 0.00 0.00 0.00 0.00 0.00 0.00 0.00 0.00 2.92 1.61 3.72 3.87 4.16 4.31 5.48 6.20 6.20 5.55 4.74 4.38 3.07 4.02 4.09 4.89 5.69 5.33 5.77 5.99 6.42 6.64 8.03 7.23 7.08 6.35 5.77 5.48 5.55 5.11 5.26 4.89 4.74 4.74 5.04 5.18 4.74 4.82 3.94 4.23 4.02 4.02 3.87 4.38 4.09 3.43 3.31 4.05 6.35 6.34 6.19 5.84 8.01 10.37 9.49 9.84 10.88
3.14 3.80 4.31 4.67 4.09 2.85 2.70 2.92 3.50 3.50 3.72 4.31 4.96 3.65 0.00 0.00 0.00 0.00 0.00 0.00 0.00 0.00 0.00 0.00 0.00 0.00 1.46 3.87 4.38 4.02 3.58 3.36 3.94 4.96 5.11 5.11 4.89 4.45 4.23 5.04 5.62 5.69 5.33 5.04 5.48 5.91 5.77 7.23 7.23 7.88 5.84 5.99 4.96 5.33 5.69 5.55 5.11 4.67 4.31 4.02 4.02 3.21 4.09 3.21 3.29 3.50 4.23 3.94 3.72 4.16 4.67 4.02 3.93 5.22 5.17 4.76 4.87 6.68 7.87 7.30 7.83 8.33 10.09 10.09
4.89 3.80 2.77 3.58 3.72 3.58 2.63 2.19 1.39 1.39 2.56 2.26 0.66 0.00 0.00 0.00 0.00 0.00 0.00 0.00 0.00 0.00 0.00 2.85 4.89 5.77 5.69 4.31 3.80 3.36 3.14 2.99 3.21 3.80 4.16 4.16 4.96 6.20 6.64 7.45 7.96 7.52 6.57 5.69 5.11 5.69 5.18 5.48 6.28 6.42 6.28 5.26 5.04 5.69 5.33 4.67 4.09 3.58 3.58 3.14 3.14 2.99 2.92 3.50 2.19 2.92 3.43 3.36 3.87 4.38 4.60 4.02 4.12 3.56 3.54 5.00 5.82 6.19 6.39 7.19 7.88 8.00 7.35 6.88
4.89 3.80 2.77 3.58 3.72 3.58 2.63 2.19 1.39 1.39 2.56 2.26 0.66 0.00 0.00 0.00 0.00 0.00 0.00 0.00 0.00 0.00 0.00 2.85 4.89 5.77 5.69 4.31 3.80 3.36 3.14 2.99 3.21 3.80 4.16 4.16 4.96 6.20 6.64 7.45 7.96 7.52 6.57 5.69 5.11 5.69 5.18 5.48 6.28 6.42 6.28 5.26 5.04 5.69 5.33 4.67 4.09 3.58 3.58 3.14 3.14 2.99 2.92 3.50 2.19 2.92 3.43 3.36 3.87 4.38 4.60 4.02 4.02 3.50 3.43 4.65 5.18 5.73 6.81 7.46 7.88 7.83 8.07 7.36
7.30 5.04 3.50 2.92 2.63 2.19 0.44 0.00 0.00 0.00 0.00 0.00 0.00 0.00 0.00 0.00 0.00 0.00 0.00 0.00 3.43 2.85 3.58 3.87 4.38 5.26 5.26 5.62 5.48 5.55 4.60 3.72 3.72 4.96 5.40 5.40 5.48 6.06 7.15 7.52 8.32 8.25 7.37 5.26 5.62 5.18 5.04 5.84 6.79 6.79 7.08 6.20 5.33 5.04 4.38 4.89 4.09 3.36 3.29 3.21 3.21 3.29 3.50 3.43 2.48 4.31 4.45 4.23 4.45 3.94 4.89 4.53 4.45 3.94 4.04 4.45 4.83 4.97 6.18 6.54 7.10 7.51 7.52 8.23
7.15 6.94 6.72 5.40 5.33 3.58 0.88 0.00 0.00 0.00 0.00 0.00 0.00 0.00 0.00 0.00 0.00 0.00 1.39 3.94 3.58 3.94 3.72 4.23 4.89 5.99 6.72 6.64 6.57 6.50 6.06 5.48 5.91 5.18 5.11 5.11 6.28 6.57 5.77 6.94 8.25 7.81 7.37 6.64 5.77 6.64 6.86 7.01 7.88 7.96 8.54 7.66 7.15 5.48 5.69 4.96 3.80 4.02 4.09 3.50 3.50 4.16 4.96 4.82 6.06 5.40 6.50 5.40 5.77 5.33 5.77 5.77 5.91 5.36 5.92 6.50 5.33 6.23 6.63 5.66 7.76 6.78 7.20 7.30
10.80 11.32 10.59 9.64 8.47 7.30 6.06 3.43 0.00 0.00 0.00 0.00 0.00 0.00 0.00 0.00 0.00 2.70 1.75 2.41 3.14 3.94 4.60 4.38 4.67 5.77 5.77 6.20 5.99 6.13 6.13 5.69 5.77 5.91 5.40 5.40 5.33 5.99 6.06 5.91 6.13 6.06 6.64 6.72 6.79 7.74 7.23 7.37 7.59 8.03 8.10 7.59 5.69 6.72 5.62 4.45 3.80 4.02 3.50 4.53 4.53 5.48 6.13 6.57 7.30 6.86 6.72 6.64 6.86 6.50 7.01 6.42 6.12 7.65 7.67 6.97 6.55 7.03 6.97 7.21 6.37 5.97 6.23 5.56
11.02 10.59 10.00 8.91 7.59 7.23 6.64 5.84 5.33 5.33 4.74 3.14 3.36 3.14 2.04 1.31 1.02 0.58 0.00 0.73 2.26 3.14 3.58 3.43 3.50 4.82 6.13 6.20 5.77 5.40 5.18 5.55 5.77 5.77 5.48 5.48 5.33 5.33 5.48 5.48 5.18 5.04 5.33 5.18 5.40 5.99 8.76 6.42 6.50 7.08 6.79 6.50 4.82 4.38 5.40 4.09 4.16 4.31 4.02 4.74 4.74 5.69 5.48 6.20 6.64 5.33 4.89 5.99 5.55 5.91 5.99 7.22 9.97 9.93 9.18 7.20 7.83 7.63 7.96 8.44 6.34 7.25 6.66 6.38
11.02 10.59 10.00 8.91 7.59 7.23 6.64 5.84 5.33 5.33 4.74 3.14 3.36 3.14 2.04 1.31 1.02 0.58 0.00 0.73 2.26 3.14 3.58 3.43 3.50 4.82 6.13 6.20 5.77 5.40 5.18 5.55 5.77 5.77 5.48 5.48 5.33 5.33 5.48 5.48 5.18 5.04 5.33 5.18 5.40 5.99 8.76 6.42 6.50 7.08 6.79 6.50 4.82 4.38 5.40 4.09 4.16 4.31 4.02 4.74 4.74 5.69 5.48 6.20 6.64 5.33 4.89 5.99 5.55 5.91 5.99 8.87 9.34 10.79 8.24 8.91 7.94 8.43 8.12 7.61 6.13 6.23 7.25 7.25
5.69 6.64 5.40 4.96 4.74 3.87 3.65 4.23 4.53 4.53 4.53 3.94 1.97 0.51 0.37 0.29 0.58 0.22 0.66 0.95 1.24 1.83 2.48 2.99 4.53 4.31 3.87 4.02 4.16 4.45 4.53 4.53 4.89 5.18 5.40 5.40 4.89 4.31 4.82 4.74 5.04 4.96 4.31 3.87 3.94 3.87 5.48 5.40 5.40 5.48 4.53 4.23 3.58 2.99 3.36 2.63 2.92 3.58 3.80 4.74 4.74 5.26 5.33 4.96 4.23 2.92 2.41 4.53 3.80 4.74 5.98 7.75 11.04 10.56 10.18 10.86 9.93 7.94 6.97 8.59 8.19 7.30 6.88 6.93
2.19 2.85 3.36 3.36 3.21 3.29 3.14 3.14 3.43 3.43 3.14 2.19 1.17 0.88 0.44 0.00 0.00 0.00 0.66 1.31 2.04 2.26 2.99 3.07 3.58 3.72 3.94 3.94 3.80 3.65 4.23 4.74 5.04 5.40 5.40 5.40 5.04 5.40 4.38 4.23 4.23 3.87 3.65 3.21 1.90 1.97 2.12 3.65 3.36 3.50 3.36 0.00 0.00 0.95 0.80 0.00 0.00 2.77 2.85 3.80 3.80 3.65 3.43 3.29 3.14 2.19 2.56 2.56 3.36 2.79 6.34 7.01 7.71 8.62 9.70 10.14 8.89 8.64 8.48 9.94 8.46 8.18 7.83 8.95
0.80 1.17 1.61 1.83 2.92 3.36 3.07 2.99 2.70 2.70 2.19 1.97 1.83 1.31 0.88 0.80 0.51 0.58 1.31 1.83 1.68 1.97 2.70 3.14 2.56 2.70 3.58 3.50 3.94 4.60 5.26 5.26 5.11 4.82 4.60 4.60 4.96 5.11 4.60 3.80 3.72 2.85 2.77 1.68 2.04 2.19 2.48 2.04 2.92 2.85 2.48 2.19 0.00 0.00 0.00 0.00 0.00 2.19 1.46 2.26 2.26 3.21 3.80 3.50 2.77 2.34 2.92 3.29 3.29 3.07 5.40 6.79 8.98 9.56 10.22 10.37 10.18 10.92 11.75 8.82 9.03 7.84 7.57 8.93
0.00 0.00 0.37 0.00 0.95 2.70 3.72 3.29 2.41 2.41 1.53 1.46 2.04 1.53 1.10 0.37 0.22 0.73 1.39 1.68 2.26 3.36 3.72 3.80 3.43 3.65 3.72 4.16 4.82 5.62 5.84 5.69 5.26 5.84 5.91 5.91 5.18 3.65 3.14 3.07 2.70 2.04 1.68 1.68 1.61 1.90 2.41 2.92 3.07 2.26 2.85 2.19 1.39 0.00 0.00 0.00 2.34 2.12 2.48 3.58 3.58 3.58 3.58 2.85 2.56 1.90 2.48 3.14 3.50 3.87 4.67 8.25 9.42 9.56 10.93 11.16 12.69 11.09 13.03 12.28 12.02 9.87 9.66 7.54
0.07 0.80 1.17 0.29 0.66 1.24 1.68 1.46 0.73 0.73 0.58 0.88 0.80 0.73 0.73 0.80 0.58 1.24 2.26 2.48 2.85 3.14 3.65 4.53 4.96 5.40 6.42 6.79 6.64 7.08 6.72 6.50 5.55 5.55 4.96 4.96 4.38 3.43 2.63 1.39 1.31 1.68 1.61 1.83 1.75 2.19 1.90 1.46 1.17 2.92 2.48 1.68 1.02 0.00 0.00 0.80 2.92 4.09 3.58 4.45 4.45 2.19 0.81 0.00 0.00 0.00 0.00 2.04 2.70 2.70 3.87 6.06 7.52 8.76 9.73 9.97 13.40 11.97 14.16 12.34 9.46 8.98 10.09 9.36
0.07 0.80 1.17 0.29 0.66 1.24 1.68 1.46 0.73 0.73 0.58 0.88 0.80 0.73 0.73 0.80 0.58 1.24 2.26 2.48 2.85 3.14 3.65 4.53 4.96 5.40 6.42 6.79 6.64 7.08 6.72 6.50 5.55 5.55 4.96 4.96 4.38 3.43 2.63 1.39 1.31 1.68 1.61 1.83 1.75 2.19 1.90 1.46 1.17 2.92 2.48 1.68 1.02 0.00 0.00 0.80 2.92 4.09 3.58 4.45 4.45 2.19 0.81 0.00 0.00 0.00 0.00 2.04 2.70 2.70 3.87 6.06 7.52 8.76 9.34 10.02 10.41 10.53 11.86 14.36 11.57 9.18 7.90 8.64
0.00 0.00 0.00 0.15 0.58 0.51 0.29 0.37 0.15 0.15 0.51 1.17 1.39 0.95 0.29 0.00 0.29 1.17 2.26 3.65 4.31 4.53 4.53 5.33 6.94 7.88 9.49 9.64 8.91 7.66 7.15 5.91 4.60 4.23 3.58 3.58 3.29 1.68 1.02 1.75 1.90 1.61 0.95 0.95 0.58 1.10 0.80 1.68 2.48 1.24 1.75 1.46 0.73 0.00 0.00 0.00 3.14 3.80 3.58 4.16 4.16 0.00 0.00 0.00 0.00 0.00 0.88 1.75 1.61 1.83 3.21 5.26 4.02 8.69 9.42 9.98 10.07 14.92 14.83 13.58 11.50 8.02 9.48 9.77
0.00 0.00 0.00 0.51 0.51 0.22 1.02 1.61 0.15 0.15 0.00 0.73 0.66 0.58 0.00 0.15 0.95 1.46 2.48 4.23 6.13 6.20 7.15 7.81 8.40 9.27 11.46 12.92 12.19 9.27 6.35 4.74 3.58 2.34 0.58 0.58 0.80 1.24 1.31 1.68 0.66 0.37 0.44 0.00 0.00 0.00 0.00 0.00 0.44 0.00 0.51 0.00 0.00 0.44 0.00 0.00 2.77 3.14 0.00 2.56 2.56 0.00 0.00 0.00 0.00 0.00 0.00 1.39 0.00 3.29 4.53 6.42 4.38 11.83 12.28 11.95 11.74 12.83 12.65 11.13 12.17 8.51 10.65 9.48
0.00 0.00 0.00 0.00 0.07 0.66 0.73 0.66 0.44 0.44 0.44 1.53 2.04 1.75 1.17 1.46 2.04 2.12 2.48 4.45 6.72 7.52 9.05 10.29 10.51 10.22 10.66 11.53 11.75 10.00 6.86 3.29 1.68 1.10 1.17 1.17 0.88 0.88 0.22 0.51 0.44 0.00 0.00 0.07 0.00 0.00 0.00 0.00 0.00 0.00 0.00 0.29 0.58 0.00 0.00 0.00 0.00 1.17 0.00 0.00 0.00 0.00 0.00 0.00 0.00 0.00 2.77 0.00 0.00 3.14 4.89 7.45 10.89 9.29 14.08 15.20 14.14 10.44 10.25 9.66 8.19 8.16 8.24 8.08
0.00 0.00 0.00 0.00 0.00 0.51 0.07 0.37 1.24 1.24 1.17 1.97 2.77 2.77 2.04 1.75 1.83 1.90 1.53 2.63 4.38 6.20 6.64 7.74 8.32 6.72 6.86 7.08 7.52 6.28 3.94 2.41 1.46 0.80 0.07 0.07 0.00 0.00 0.00 0.00 0.00 0.00 0.00 0.44 0.00 0.00 0.00 0.00 0.00 0.00 0.00 0.07 0.07 0.00 0.00 0.00 0.00 0.00 0.00 0.00 0.00 0.00 0.00 0.00 0.00 0.00 0.00 0.00 0.00 3.29 6.20 8.10 12.34 13.63 14.68 13.58 12.47 10.02 8.06 6.32 6.47 7.11 7.86 9.14
0.00 0.00 0.00 0.00 0.00 0.00 0.00 0.51 0.37 0.37 0.37 0.73 2.04 2.63 2.19 1.97 2.19 1.46 0.95 1.10 1.83 2.99 3.36 2.56 3.29 2.85 2.19 3.29 3.80 2.56 1.39 0.73 0.80 0.15 0.00 0.00 0.00 0.00 0.00 0.07 0.15 0.00 0.00 0.73 0.22 0.00 0.00 0.00 0.00 0.00 0.00 0.00 0.00 0.00 0.00 0.00 0.00 0.00 0.00 0.00 0.00 0.00 0.00 0.00 0.00 0.00 0.00 0.00 0.00 3.36 7.79 12.25 15.03 13.55 13.68 17.42 10.22 7.18 6.11 5.33 5.07 5.82 7.41 7.01
0.00 0.00 0.00 0.00 0.00 0.00 0.00 0.51 0.37 0.37 0.37 0.73 2.04 2.63 2.19 1.97 2.19 1.46 0.95 1.10 1.83 2.99 3.36 2.56 3.29 2.85 2.19 3.29 3.80 2.56 1.39 0.73 0.80 0.15 0.00 0.00 0.00 0.00 0.00 0.07 0.15 0.00 0.00 0.73 0.22 0.00 0.00 0.00 0.00 0.00 0.00 0.00 0.00 0.00 0.00 0.00 0.00 0.00 0.00 0.00 0.00 0.00 0.00 0.00 0.00 0.00 0.00 0.00 0.00 3.36 7.83 12.11 13.59 15.10 14.60 20.32 11.86 6.95 6.39 5.18 5.36 6.90 6.76 5.95
0.00 0.00 0.00 0.00 0.00 0.00 0.00 0.51 0.58 0.58 0.29 0.22 1.02 1.83 1.61 1.17 1.61 1.83 1.39 0.80 0.73 0.80 0.80 0.37 0.15 0.00 0.22 1.39 1.10 0.80 0.58 0.07 0.00 0.07 0.44 0.44 0.37 0.00 0.00 0.00 0.00 0.00 0.00 0.00 0.00 0.00 0.00 0.00 0.00 0.00 0.00 0.00 0.00 0.00 0.00 0.00 0.00 0.00 0.00 0.00 0.00 0.00 0.00 0.00 0.00 0.00 0.00 0.00 0.00 3.98 8.48 12.54 16.79 17.16 15.05 17.37 6.86 4.67 3.41 4.43 3.63 4.25 4.29 2.55
0.00 0.00 0.00 0.00 0.00 0.00 0.00 0.00 0.00 0.00 0.44 0.51 1.31 2.04 1.24 0.66 0.73 1.24 1.10 1.24 1.02 0.00 0.00 0.00 0.00 0.00 0.58 1.10 0.88 0.00 0.00 0.00 0.00 0.44 0.29 0.29 0.00 0.37 0.00 0.00 0.00 0.22 0.00 0.00 0.00 0.00 0.00 0.00 0.00 0.00 0.00 0.00 0.00 0.00 0.00 0.00 0.00 0.00 0.00 0.00 0.00 0.00 0.00 0.00 0.00 0.00 0.00 0.00 2.70 5.18 7.45 11.51 16.52 17.27 14.14 5.61 10.28 3.41 3.44 3.24 2.34 2.23 1.83 0.83
0.00 0.00 0.00 0.00 0.00 0.00 0.00 0.00 0.00 0.00 0.00 0.73 1.39 0.80 0.58 0.80 1.17 1.10 1.53 2.19 0.00 0.00 0.00 0.00 0.00 0.00 0.00 0.00 0.73 0.44 0.22 0.00 0.00 0.00 0.66 0.66 0.22 0.00 0.51 0.00 0.00 0.00 0.29 0.66 0.22 0.00 0.00 0.00 0.00 0.00 0.00 0.00 0.00 0.00 0.00 0.00 0.00 0.00 0.00 0.00 0.00 0.00 0.00 0.00 1.10 1.10 1.97 2.34 4.38 5.62 7.59 10.63 14.41 13.22 8.80 4.59 3.14 2.67 2.88 2.13 1.77 0.62 0.23 0.00
0.00 0.00 0.00 0.00 0.00 0.00 0.00 0.00 0.00 0.00 0.15 0.00 0.00 0.00 0.00 1.17 1.61 1.10 0.88 2.04 0.00 0.00 0.00 0.00 0.00 0.00 0.00 0.00 0.00 0.00 0.00 0.00 0.00 0.00 0.29 0.29 0.00 0.00 0.00 0.00 0.00 0.00 0.00 0.44 1.10 0.58 0.29 0.00 0.00 0.00 0.00 0.00 0.00 0.00 0.00 0.00 0.00 0.00 0.00 0.00 0.00 0.00 0.22 1.39 2.77 2.85 4.60 4.02 5.18 6.06 7.15 8.55 11.20 7.09 3.59 1.49 1.19 1.48 0.54 0.24 0.58 0.57 0.00 0.00
0.00 0.00 0.00 0.00 0.00 0.00 0.00 0.00 0.07 0.07 1.10 1.83 0.00 0.00 0.00 0.00 0.00 0.00 0.00 0.00 0.00 0.00 0.00 0.00 0.00 0.00 0.00 0.00 0.00 0.00 0.00 0.00 0.00 0.00 0.00 0.00 0.00 0.00 0.00 0.00 0.00 0.00 0.00 0.29 1.46 1.61 0.44 0.00 0.00 0.00 0.00 0.00 0.00 0.00 0.00 0.00 0.00 0.00 0.00 0.00 0.00 0.07 1.39 2.56 3.94 3.87 3.43 4.09 5.11 5.91 6.79 6.42 5.68 1.62 0.79 1.30 0.88 0.95 1.59 0.00 0.00 0.00 0.00 0.00
0.00 0.00 0.00 0.00 0.00 0.00 0.00 0.00 0.29 0.29 0.51 0.00 0.00 0.00 0.00 0.00 0.00 0.00 0.00 0.00 0.00 0.00 0.00 0.00 0.00 0.00 0.00 0.00 0.00 0.00 0.00 0.00 0.00 0.00 0.00 0.00 0.00 0.00 0.00 0.00 0.00 0.00 0.00 0.00 0.07 0.58 0.51 0.00 0.00 0.00 0.00 0.00 0.00 0.00 0.00 0.00 0.00 0.00 0.00 0.29 0.29 1.10 1.46 0.00 2.26 2.70 2.26 2.56 4.45 4.45 4.67 3.15 1.86 1.27 1.03 0.70 0.28 0.17 0.00 0.16 0.00 0.00 0.00 0.00
0.00 0.00 0.00 0.00 0.00 0.00 0.00 0.00 0.29 0.29 0.51 0.00 0.00 0.00 0.00 0.00 0.00 0.00 0.00 0.00 0.00 0.00 0.00 0.00 0.00 0.00 0.00 0.00 0.00 0.00 0.00 0.00 0.00 0.00 0.00 0.00 0.00 0.00 0.00 0.00 0.00 0.00 0.00 0.00 0.07 0.58 0.51 0.00 0.00 0.00 0.00 0.00 0.00 0.00 0.00 0.00 0.00 0.00 0.00 0.29 0.29 1.10 1.46 0.00 2.26 2.70 2.26 2.56 4.45 4.45 4.67 3.14 1.83 1.25 1.03 0.73 0.25 0.17 0.00 0.16 0.00 0.00 0.00 0.00
0.00 0.00 0.00 0.37 0.00 0.00 0.00 0.00 0.00 0.00 0.00 0.00 0.00 1.61 0.00 0.00 0.00 0.00 0.00 0.00 0.00 0.00 0.00 0.00 0.00 0.00 0.00 0.00 0.00 0.00 0.00 0.00 0.00 0.00 0.00 0.00 0.00 0.00 0.00 0.00 0.00 0.00 0.00 0.07 0.15 1.10 0.88 0.00 0.00 0.00 0.00 0.00 0.00 0.00 0.00 0.00 0.00 0.00 0.00 0.95 0.95 0.37 0.00 0.00 0.00 0.37 0.58 1.97 2.34 2.34 1.97 1.02 0.95 1.03 0.59 0.15 0.16 0.55 0.00 0.00 0.00 0.00 0.00 0.00
