Wansh/Snow_depth/snowdepth-1988/winter/1988341.txt
ncols 321
nrows 161
xllcenter 60
yllcenter 15 
cellsize  0.25 
NODATA_value -1
[rows 0 to 36 of 161, columns 84 to 167 of 321]
5.33 4.31 3.14 2.34 1.24 0.00 0.00 0.00 0.80 2.70 3.43 4.31 4.23 4.16 4.60 4.60 2.99 2.92 2.92 3.87 3.58 3.58 3.21 1.68 1.75 1.90 1.46 1.68 1.39 1.90 2.04 2.41 2.56 2.34 1.31 0.00 0.00 0.00 0.00 0.00 0.00 0.00 0.00 0.00 0.00 0.00 0.00 0.88 1.46 1.75 2.26 2.26 2.19 1.97 1.39 0.66 0.58 0.88 1.24 0.58 0.44 0.51 0.15 0.15 0.29 1.24 1.61 1.46 1.46 1.90 2.48 2.63 3.21 3.43 2.99 2.19 1.97 3.07 3.36 3.36 3.29 2.70 2.04 1.24
2.92 2.92 1.68 0.29 0.00 0.00 0.00 0.00 0.00 1.31 2.99 3.29 3.29 3.07 2.26 2.70 2.34 2.26 2.26 2.99 3.50 2.99 4.02 3.58 3.21 2.34 0.00 2.34 1.61 1.39 1.10 1.17 1.61 1.68 0.44 0.00 0.00 0.00 0.00 0.00 0.00 0.00 0.00 0.00 0.00 0.73 0.95 1.02 1.24 1.68 1.83 1.53 2.04 2.19 2.04 2.04 1.75 2.04 2.63 2.48 2.56 2.99 3.43 2.04 1.97 2.41 2.41 3.50 3.50 4.16 3.58 3.72 3.72 3.50 3.29 3.36 4.09 3.87 3.29 2.99 3.21 3.58 2.92 2.04
0.29 0.15 0.00 0.15 0.22 0.15 0.00 0.00 0.22 1.39 2.92 2.70 2.41 3.21 1.46 3.87 1.75 2.04 2.04 2.19 2.34 2.92 3.29 3.65 4.09 3.43 2.92 2.26 0.00 0.00 0.00 0.00 0.00 2.41 1.39 0.66 0.15 0.00 0.00 0.00 0.00 0.00 0.00 0.00 0.00 0.29 1.24 1.46 1.17 1.31 1.24 1.17 1.53 1.83 2.63 2.70 2.63 3.14 4.16 4.89 4.53 4.67 5.18 4.82 4.31 4.45 5.26 5.40 5.40 5.18 4.96 4.02 2.85 2.56 2.77 3.14 3.43 3.14 3.29 3.50 3.94 3.80 3.58 3.36
0.29 0.15 0.00 0.15 0.22 0.15 0.00 0.00 0.22 1.39 2.92 2.70 2.41 3.21 1.46 3.87 1.75 2.04 2.04 2.19 2.34 2.92 3.29 3.65 4.09 3.43 2.92 2.26 0.00 0.00 0.00 0.00 0.00 2.41 1.39 0.66 0.15 0.00 0.00 0.00 0.00 0.00 0.00 0.00 0.00 0.29 1.24 1.46 1.17 1.31 1.24 1.17 1.53 1.83 2.63 2.70 2.63 3.14 4.16 4.89 4.53 4.67 5.18 4.82 4.31 4.45 5.26 5.40 5.40 5.18 4.96 4.02 2.85 2.56 2.77 3.14 3.43 3.14 3.29 3.50 3.94 3.80 3.58 3.36
0.00 0.00 0.00 0.07 0.29 1.02 1.17 1.68 1.61 1.17 1.24 2.48 2.26 1.90 2.26 2.85 3.50 1.75 1.75 1.39 2.04 2.70 2.63 3.43 4.09 3.43 2.41 1.83 0.80 2.19 2.63 2.19 2.26 2.77 3.72 0.00 0.00 0.00 0.00 0.00 0.00 0.00 0.00 0.00 0.00 0.00 0.37 1.46 1.39 1.17 0.29 0.51 1.02 1.39 1.90 1.83 1.97 2.77 3.87 4.53 5.04 5.62 6.57 6.42 5.91 5.99 6.79 6.06 6.06 5.33 5.18 4.67 3.87 3.07 2.26 2.12 2.41 2.48 2.99 3.65 3.65 3.43 3.50 4.02
0.00 0.00 0.00 0.00 0.00 0.07 0.00 0.00 0.07 0.58 0.95 1.61 3.14 3.43 2.99 4.23 4.23 3.87 3.87 2.85 3.07 2.56 2.26 3.50 3.43 3.58 2.56 1.90 2.19 1.75 1.97 2.48 3.07 3.43 4.60 4.53 2.99 1.24 0.00 0.00 0.00 0.00 0.00 0.00 0.00 0.00 0.00 1.02 1.61 1.39 0.88 1.46 1.83 1.10 1.75 1.97 1.83 1.83 3.29 4.23 4.67 5.48 7.08 7.59 7.88 7.66 6.57 5.40 5.40 4.89 4.74 4.74 4.96 4.89 4.23 4.16 3.21 2.99 2.56 2.92 3.29 3.50 3.65 4.31
0.51 0.00 0.00 0.00 0.00 0.00 0.00 0.00 0.00 0.37 0.44 1.24 4.16 5.55 6.13 4.82 4.89 5.26 5.26 5.04 3.87 3.43 2.70 2.41 2.63 2.63 1.97 1.61 1.53 1.17 2.85 1.68 3.58 4.16 4.45 3.14 2.41 0.73 0.00 0.00 0.00 0.00 0.00 0.00 0.00 0.00 0.00 0.22 0.44 0.22 0.00 0.95 1.53 1.75 2.41 2.99 3.43 4.60 5.55 5.77 5.77 6.94 9.05 9.64 9.20 9.05 8.32 7.23 7.23 6.50 6.13 6.79 7.66 7.37 7.74 6.79 5.91 6.28 4.67 4.02 3.43 2.85 3.50 4.02
0.51 0.00 0.00 0.00 0.00 0.00 0.00 0.00 0.00 0.37 0.44 1.24 4.16 5.55 6.13 4.82 4.89 5.26 5.26 5.04 3.87 3.43 2.70 2.41 2.63 2.63 1.97 1.61 1.53 1.17 2.85 1.68 3.58 4.16 4.45 3.14 2.41 0.73 0.00 0.00 0.00 0.00 0.00 0.00 0.00 0.00 0.00 0.22 0.44 0.22 0.00 0.95 1.53 1.75 2.41 2.99 3.43 4.60 5.55 5.77 5.77 6.94 9.05 9.64 9.20 9.05 8.32 7.23 7.23 6.50 6.13 6.79 7.66 7.37 7.74 6.79 5.91 6.28 4.67 4.02 3.43 2.85 3.50 4.02
0.00 0.00 0.00 0.73 0.37 0.00 0.00 0.44 0.66 0.95 1.02 1.17 2.41 3.72 4.67 5.26 0.00 0.00 0.00 5.48 5.18 5.18 4.53 3.36 2.12 0.66 1.17 1.10 1.75 1.97 2.56 2.41 3.14 2.85 3.07 2.41 1.24 0.15 0.00 0.00 0.00 0.00 0.00 0.00 0.00 0.00 0.44 0.58 1.17 1.10 1.68 3.36 3.80 3.65 3.21 3.21 3.29 4.16 4.38 4.45 5.11 5.91 6.72 7.15 6.50 6.94 8.10 7.66 7.66 7.08 7.37 8.40 8.69 8.32 7.74 7.37 8.40 8.10 8.83 7.23 4.31 3.65 2.85 2.19
0.00 0.00 0.00 0.00 0.29 1.24 0.00 0.00 1.61 1.39 1.31 0.88 0.44 1.02 2.70 2.77 4.09 0.00 0.00 0.00 4.67 4.38 6.13 3.21 1.61 1.53 1.02 1.53 1.53 1.10 0.88 1.31 2.19 2.04 2.85 1.61 1.17 1.17 0.95 1.53 1.24 1.46 1.24 1.24 1.75 1.68 0.51 1.61 2.92 4.31 4.38 5.40 6.13 5.69 4.53 4.09 4.31 4.23 4.09 3.65 3.14 3.58 3.14 2.99 3.50 4.89 6.72 7.81 7.81 8.18 9.42 9.93 9.93 10.15 9.20 9.20 12.05 15.55 15.18 13.43 8.83 5.77 3.58 2.48
0.00 0.00 0.44 0.44 0.80 0.00 2.92 3.65 2.77 2.41 0.00 0.88 0.29 0.95 0.80 1.68 1.75 0.00 0.00 0.00 0.00 3.80 5.48 2.04 1.02 0.88 0.51 1.24 1.39 1.02 1.46 1.97 2.48 2.70 1.68 1.53 2.12 2.77 2.26 2.70 2.99 3.36 3.21 3.21 3.58 3.14 2.26 2.92 4.16 3.72 3.50 4.02 4.23 4.60 4.38 4.89 5.77 6.86 7.08 6.20 4.60 4.16 3.50 3.43 4.38 6.06 8.32 9.64 9.64 11.68 13.43 13.21 12.12 12.05 13.36 14.67 17.23 21.10 20.44 17.52 11.83 8.47 7.66 5.77
0.00 0.00 0.44 0.44 0.80 0.00 2.92 3.65 2.77 2.41 0.00 0.88 0.29 0.95 0.80 1.68 1.75 0.00 0.00 0.00 0.00 3.80 5.48 2.04 1.02 0.88 0.51 1.24 1.39 1.02 1.46 1.97 2.48 2.70 1.68 1.53 2.12 2.77 2.26 2.70 2.99 3.36 3.21 3.21 3.58 3.14 2.26 2.92 4.16 3.72 3.50 4.02 4.23 4.60 4.38 4.89 5.77 6.86 7.08 6.20 4.60 4.16 3.50 3.43 4.38 6.06 8.32 9.64 9.64 11.68 13.43 13.21 12.12 12.05 13.36 14.67 17.23 21.10 20.44 17.52 11.83 8.47 7.66 5.77
0.00 0.00 0.00 0.00 2.77 3.36 4.96 5.11 4.96 0.00 0.00 0.00 3.50 2.34 2.04 3.43 1.10 0.00 0.00 0.00 0.00 0.00 4.23 3.65 1.10 1.31 0.73 1.02 0.95 1.68 1.83 2.26 2.70 3.14 1.97 3.21 5.26 5.69 4.67 5.11 4.60 5.18 4.53 4.53 3.50 2.41 2.26 2.77 2.63 3.36 3.29 3.14 2.92 2.70 3.07 3.94 5.77 7.74 9.42 9.42 7.81 6.28 5.48 5.40 6.06 6.35 7.96 10.59 10.59 12.85 13.94 14.16 14.16 14.02 15.48 17.96 19.35 19.78 20.29 17.81 14.97 11.17 9.27 9.05
1.39 2.92 4.16 4.38 4.89 4.74 4.96 4.45 4.53 4.38 4.53 4.38 3.87 5.18 4.45 3.21 3.21 3.07 3.07 0.00 0.00 0.00 0.00 2.70 0.88 1.10 0.22 1.61 2.34 3.14 4.45 5.91 6.42 6.57 5.18 4.53 5.40 7.23 5.18 4.31 4.02 3.58 3.14 3.14 2.77 1.53 1.97 3.36 4.02 3.87 3.36 2.63 1.53 1.39 1.61 1.83 2.48 4.23 5.40 6.50 6.86 6.72 7.37 7.96 8.69 8.98 9.13 10.29 10.29 10.95 12.85 13.94 12.99 11.17 11.83 14.60 14.24 12.34 8.69 10.15 11.97 11.32 8.76 7.08
3.43 4.74 6.13 6.06 5.84 4.82 3.43 2.99 3.14 3.94 3.50 3.87 4.38 2.85 4.53 4.31 3.80 3.29 3.29 0.00 0.00 0.00 0.00 0.00 2.99 2.48 2.48 2.85 3.65 5.04 6.13 7.59 8.69 7.01 6.42 5.91 6.42 3.43 1.90 2.12 2.48 1.97 1.17 1.17 1.31 1.61 1.61 2.04 2.63 1.97 3.58 3.14 2.04 1.61 1.10 1.10 1.10 1.75 1.31 2.70 3.50 4.74 5.26 5.26 6.64 7.66 8.83 8.91 8.91 9.05 10.37 11.68 10.80 8.54 7.01 8.32 8.10 0.00 0.00 0.00 8.18 12.26 9.05 9.05
3.07 4.31 5.04 5.33 5.33 4.96 2.85 2.04 2.26 2.85 3.14 3.14 3.21 3.43 3.14 2.77 2.56 2.19 2.19 0.00 0.00 0.00 0.00 0.00 0.00 4.45 5.26 4.89 4.45 6.64 7.23 9.05 9.64 7.88 6.50 4.60 2.99 3.72 1.46 1.90 2.48 2.77 2.56 2.56 3.50 4.89 5.77 5.77 4.89 4.23 3.80 4.16 3.87 2.56 2.70 3.21 2.85 2.34 1.97 2.12 3.21 4.16 4.60 4.23 5.33 5.91 7.88 9.13 9.13 9.49 10.80 10.37 8.32 4.16 3.43 6.57 5.69 0.00 0.00 0.00 7.96 8.76 9.13 9.20
3.07 4.31 5.04 5.33 5.33 4.96 2.85 2.04 2.26 2.85 3.14 3.14 3.21 3.43 3.14 2.77 2.56 2.19 2.19 0.00 0.00 0.00 0.00 0.00 0.00 4.45 5.26 4.89 4.45 6.64 7.23 9.05 9.64 7.88 6.50 4.60 2.99 3.72 1.46 1.90 2.48 2.77 2.56 2.56 3.50 4.89 5.77 5.77 4.89 4.23 3.80 4.16 3.87 2.56 2.70 3.21 2.85 2.34 1.97 2.12 3.21 4.16 4.60 4.23 5.33 5.91 7.88 9.13 9.13 9.49 10.80 10.37 8.32 4.16 3.43 6.57 5.69 0.00 0.00 0.00 7.96 8.76 9.13 9.20
2.70 2.41 2.77 3.87 4.89 4.31 3.80 2.99 2.19 1.46 1.68 4.45 4.31 4.45 3.72 2.85 2.63 2.63 2.63 0.00 0.00 0.00 0.00 0.00 0.00 4.31 5.62 4.60 3.87 4.53 6.42 8.18 9.05 8.69 7.45 5.40 3.65 2.48 1.83 3.87 5.62 6.20 6.64 6.64 6.72 7.45 6.13 3.94 2.48 2.26 4.53 5.04 5.48 4.82 5.26 4.89 4.16 3.07 3.14 4.16 6.20 8.76 8.03 7.23 6.35 6.13 6.79 8.61 8.61 10.44 11.10 8.91 4.96 2.63 3.80 5.48 6.50 0.00 0.00 0.00 2.70 3.50 3.50 4.31
1.17 2.63 4.45 4.89 4.82 4.53 3.72 1.90 2.04 2.85 3.36 3.58 5.18 5.11 4.31 3.58 3.87 4.60 4.60 3.36 0.00 0.00 0.00 0.00 0.00 0.00 4.67 5.26 5.04 5.40 5.84 8.03 9.93 10.29 9.13 6.64 5.04 3.29 2.85 3.50 4.96 4.60 5.69 5.69 4.02 1.24 0.00 0.00 0.00 0.00 0.00 0.44 2.12 1.31 1.39 1.83 3.07 3.21 5.33 6.86 9.42 11.97 11.24 8.54 8.25 8.03 7.96 10.37 10.37 11.68 10.59 7.08 3.87 2.48 2.26 3.36 1.83 0.00 0.00 1.46 2.56 1.17 1.17 1.53
1.61 1.97 2.48 3.29 3.65 2.92 2.04 2.04 2.26 2.48 3.36 4.60 5.18 5.48 4.60 4.31 4.23 3.29 3.29 4.96 0.00 3.21 0.00 0.00 0.00 4.67 6.35 6.35 6.50 5.55 4.82 6.35 7.52 7.23 6.94 5.77 4.23 2.12 1.97 1.10 3.50 2.41 3.21 3.21 2.99 0.66 0.00 0.00 0.00 0.00 0.00 0.00 0.00 0.00 0.00 1.17 2.34 2.92 4.09 5.84 9.34 11.24 11.83 11.17 11.39 10.88 10.51 11.10 11.10 11.02 8.03 5.33 2.70 1.68 1.31 0.80 0.22 0.00 0.80 1.31 1.46 1.02 0.95 0.58
0.00 3.50 3.80 0.00 0.00 2.85 2.56 1.97 2.48 2.26 2.34 3.07 2.63 2.99 3.80 3.94 3.94 5.40 5.40 3.36 4.53 4.31 5.40 5.99 6.42 6.42 7.96 7.37 6.35 6.35 4.16 4.02 4.23 4.74 4.38 3.50 2.26 1.24 0.29 0.00 1.17 0.00 3.72 3.72 4.45 3.72 0.00 0.00 0.00 0.00 0.00 0.37 1.10 0.58 0.37 3.43 4.74 4.82 3.94 4.09 5.04 6.35 7.96 8.47 9.93 10.80 10.07 7.59 7.59 6.64 3.14 1.61 0.80 0.51 0.29 0.58 0.15 0.00 0.15 0.58 0.29 0.44 0.15 0.00
0.00 0.00 0.00 0.00 0.00 0.00 3.58 3.36 2.41 2.48 0.00 0.00 2.99 2.41 2.19 3.21 4.23 5.18 5.18 6.72 6.50 7.59 7.96 8.69 8.91 10.59 11.68 10.73 10.22 8.69 8.03 6.57 5.84 5.69 5.11 3.14 1.83 0.00 0.00 0.00 0.00 0.88 4.60 4.60 4.60 3.87 0.00 0.00 0.00 0.00 0.00 0.00 0.00 1.17 1.02 5.33 6.06 4.89 3.43 2.41 2.04 2.12 3.07 3.14 5.55 6.86 5.77 4.23 4.23 2.99 1.83 1.46 1.24 0.95 0.44 0.07 0.00 0.00 0.00 0.22 0.22 0.37 0.29 0.44
0.00 0.00 0.00 0.00 0.00 0.00 3.58 3.36 2.41 2.48 0.00 0.00 2.99 2.41 2.19 3.21 4.23 5.18 5.18 6.72 6.50 7.59 7.96 8.69 8.91 10.59 11.68 10.73 10.22 8.69 8.03 6.57 5.84 5.69 5.11 3.14 1.83 0.00 0.00 0.00 0.00 0.88 4.60 4.60 4.60 3.87 0.00 0.00 0.00 0.00 0.00 0.00 0.00 1.17 1.02 5.33 6.06 4.89 3.43 2.41 2.04 2.12 3.07 3.14 5.55 6.86 5.77 4.23 4.23 2.99 1.83 1.46 1.24 0.95 0.44 0.07 0.00 0.00 0.00 0.22 0.22 0.37 0.29 0.44
5.55 5.69 5.26 0.00 0.00 0.00 0.00 2.41 2.12 1.68 1.31 0.00 1.61 2.41 4.16 3.21 2.48 3.72 3.72 4.38 7.96 6.06 7.45 8.98 10.51 12.70 13.58 13.07 12.48 12.48 11.61 9.34 6.28 5.18 3.36 1.90 1.17 0.00 0.00 0.00 0.15 0.15 2.70 2.70 1.90 0.00 0.00 0.00 0.00 0.00 0.00 0.00 0.00 0.88 3.14 1.83 4.02 2.04 1.10 0.73 1.10 0.95 1.17 0.95 1.97 2.77 2.19 1.61 1.61 2.04 1.61 1.75 1.75 0.95 0.58 0.07 0.00 0.00 0.00 0.00 0.00 0.00 0.22 0.00
5.04 4.67 2.34 2.12 0.00 0.00 0.00 2.26 2.48 0.00 0.00 2.48 2.56 3.72 5.26 5.91 5.62 4.09 4.09 5.99 5.62 6.13 7.88 9.39 9.68 11.62 11.72 11.39 13.43 13.58 11.61 12.56 5.33 3.87 1.68 0.07 0.00 0.00 0.22 0.44 0.37 0.00 0.29 0.29 1.53 0.00 0.00 0.00 0.00 0.00 0.00 0.00 0.00 0.00 1.83 1.90 1.61 0.29 0.00 0.00 0.00 0.15 0.00 0.95 1.39 1.39 0.73 0.58 0.58 1.17 1.39 1.83 1.53 0.73 0.66 1.17 0.80 0.44 0.66 0.29 0.00 0.00 0.15 0.15
4.96 5.55 3.43 0.00 0.00 0.00 0.00 0.22 0.00 0.00 0.00 3.58 3.07 2.92 4.23 4.82 5.04 5.33 5.33 4.89 6.64 6.94 8.10 8.50 10.02 10.73 11.95 12.64 13.65 13.72 10.73 8.03 8.40 4.67 3.58 1.39 0.51 0.00 0.37 1.83 1.97 1.61 1.46 1.46 1.46 1.83 0.00 0.00 0.00 0.00 0.00 0.00 0.00 0.00 0.00 0.00 0.00 0.88 0.00 0.00 0.00 0.00 0.00 0.29 0.37 0.58 1.17 1.31 1.31 1.83 1.90 2.41 1.83 1.53 1.46 0.95 0.15 0.29 0.58 0.22 0.00 0.00 0.00 0.00
7.81 8.10 6.94 5.55 0.15 0.00 0.00 1.17 0.00 0.00 0.00 0.00 0.00 1.17 1.39 1.10 0.00 0.00 0.00 1.97 2.70 6.30 0.00 0.00 6.66 8.02 9.97 10.77 12.64 13.33 11.75 9.64 7.74 8.54 7.15 5.18 4.23 3.58 4.09 3.29 2.04 2.26 2.04 2.04 1.53 1.83 0.00 0.00 0.00 0.00 0.00 0.00 0.00 0.00 0.00 0.00 0.00 0.00 0.00 0.00 0.00 0.44 1.24 2.34 3.21 3.50 2.92 3.65 3.65 5.04 4.74 4.67 3.07 2.12 1.39 1.17 1.53 0.95 0.51 0.22 0.00 0.00 0.00 0.00
6.79 8.40 8.18 7.74 5.69 3.65 3.36 2.48 2.41 0.00 0.00 0.00 0.00 0.00 0.00 0.95 0.15 0.00 0.00 0.00 0.00 3.19 0.00 0.00 0.00 0.00 5.64 9.28 10.73 11.65 12.62 12.48 12.12 11.97 12.41 11.24 10.44 10.15 8.18 4.23 2.04 1.83 1.90 1.90 0.73 0.00 0.00 0.00 0.00 0.00 0.00 0.00 0.00 0.00 0.00 0.00 0.00 0.00 0.00 0.00 0.00 2.26 3.50 6.94 8.40 9.13 10.00 8.83 8.83 7.81 7.37 5.84 3.36 2.48 1.53 0.00 0.44 0.29 0.66 0.00 0.00 0.00 0.00 0.00
6.79 8.40 8.18 7.74 5.69 3.65 3.36 2.48 2.41 0.00 0.00 0.00 0.00 0.00 0.00 0.95 0.15 0.00 0.00 0.00 0.00 3.41 0.00 0.00 0.00 0.00 5.48 8.63 10.03 11.83 12.75 13.00 13.62 12.67 12.73 11.24 10.44 10.15 8.18 4.23 2.04 1.83 1.90 1.90 0.73 0.00 0.00 0.00 0.00 0.00 0.00 0.00 0.00 0.00 0.00 0.00 0.00 0.00 0.00 0.00 0.00 2.26 3.50 6.94 8.40 9.13 10.00 8.83 8.83 7.81 7.37 5.84 3.36 2.48 1.53 0.00 0.44 0.29 0.66 0.00 0.00 0.00 0.00 0.00
3.50 3.58 3.72 4.53 4.31 4.60 4.67 6.28 7.81 6.13 2.77 0.00 0.00 0.00 0.00 0.00 4.38 3.65 3.65 1.75 1.02 0.00 0.00 0.00 0.00 0.00 0.00 0.00 2.41 6.38 7.08 8.47 8.66 12.12 13.32 15.13 14.97 13.65 11.75 5.55 2.99 2.85 1.90 1.90 0.00 0.00 0.00 0.00 0.00 0.00 0.00 0.00 0.00 0.00 0.00 0.00 0.00 0.00 0.00 0.00 0.00 1.83 4.60 8.47 12.85 14.82 13.65 11.24 11.24 9.13 6.94 3.94 2.56 1.68 1.17 1.68 0.66 0.00 0.00 0.15 0.15 0.29 0.00 0.22
2.48 3.43 2.70 2.12 1.31 0.07 1.02 2.92 5.55 7.45 8.76 4.67 0.00 4.67 3.80 4.82 8.25 7.96 7.96 7.04 3.21 0.00 0.00 0.29 0.00 0.00 0.00 0.00 0.00 0.00 2.48 2.70 4.23 7.42 6.44 7.50 11.12 14.01 13.58 14.89 13.07 10.07 5.04 5.04 1.53 0.66 0.66 0.00 0.00 0.00 0.00 0.00 0.00 0.00 0.00 0.00 0.00 0.00 0.00 0.00 0.00 0.00 3.36 6.64 11.97 13.94 11.32 9.93 9.93 8.10 5.69 2.63 2.19 1.02 1.02 0.00 0.00 0.07 0.15 0.80 0.29 0.00 0.00 0.44
0.00 1.61 1.75 1.90 2.12 1.83 1.97 2.26 3.72 4.09 2.70 3.80 3.07 1.97 2.34 3.50 4.31 4.96 4.96 5.11 4.02 3.07 0.00 2.04 0.00 0.00 0.00 0.00 0.00 0.00 0.00 0.00 2.41 4.09 7.53 7.22 12.11 14.31 17.52 18.98 18.47 17.45 9.78 9.78 5.11 2.56 1.97 1.53 0.00 0.29 0.00 0.00 0.00 0.00 0.00 0.00 0.00 0.00 0.00 0.00 0.00 0.00 3.43 6.72 8.83 9.20 7.37 6.50 6.50 5.62 3.87 1.39 0.29 0.00 0.00 0.00 0.15 0.22 0.37 0.44 0.29 0.95 1.24 1.10
0.00 0.00 0.00 0.00 1.46 2.04 1.53 2.12 2.63 3.14 3.50 2.56 2.12 2.70 4.09 4.74 3.43 2.63 2.63 1.97 0.37 0.00 0.00 0.00 0.00 0.00 0.00 0.00 0.00 0.00 0.00 0.00 2.70 3.94 5.04 7.96 7.04 12.94 15.27 19.32 19.71 15.11 12.63 12.63 10.88 9.64 7.45 4.38 0.58 0.00 0.00 0.00 0.00 0.00 0.00 0.00 0.00 0.00 0.00 1.90 2.34 2.85 2.19 3.94 4.45 4.23 3.50 3.50 3.50 3.65 2.63 1.17 1.02 0.22 0.07 1.02 1.31 1.68 1.90 1.17 0.95 0.80 1.24 0.29
0.00 0.00 0.00 0.00 0.00 0.00 0.44 0.00 0.00 0.22 1.61 2.12 2.77 3.14 1.31 1.97 1.68 0.00 0.00 0.37 0.22 0.00 0.00 0.00 0.00 0.00 0.00 0.00 0.00 0.00 0.00 0.00 0.00 2.04 3.58 6.06 6.06 11.02 13.04 15.95 15.99 15.33 13.36 13.36 12.19 10.59 8.40 5.11 3.21 1.61 0.66 0.22 0.00 0.00 0.00 0.00 0.00 0.00 0.00 0.66 1.10 0.58 2.19 2.56 2.34 2.34 2.41 2.26 2.26 2.34 1.61 0.88 0.00 0.15 0.07 0.58 0.51 1.75 1.68 1.68 2.34 2.41 1.61 0.00
0.00 0.00 0.00 0.00 0.00 0.00 0.37 0.00 0.00 0.00 0.00 0.66 2.19 1.24 0.00 0.00 0.00 0.00 0.00 0.00 0.00 0.00 0.00 0.00 0.00 0.00 0.00 0.00 0.00 0.00 0.00 0.00 0.00 0.00 1.68 2.56 4.89 6.56 7.15 10.00 11.72 10.07 10.29 10.29 10.66 10.29 9.93 7.74 6.28 5.18 2.41 1.24 0.00 0.00 0.00 0.00 0.00 0.00 0.00 0.00 0.00 0.07 1.31 2.12 2.26 2.19 2.56 2.04 2.04 1.75 0.73 0.00 0.00 0.80 1.02 0.00 1.39 0.00 2.99 3.43 3.80 3.36 2.26 1.83
0.00 0.00 0.00 0.00 0.00 0.00 0.37 0.00 0.00 0.00 0.00 0.66 2.19 1.24 0.00 0.00 0.00 0.00 0.00 0.00 0.00 0.00 0.00 0.00 0.00 0.00 0.00 0.00 0.00 0.00 0.00 0.00 0.00 0.00 1.69 2.57 4.89 6.53 7.23 10.00 11.61 10.07 10.29 10.29 10.66 10.29 9.93 7.74 6.28 5.18 2.41 1.24 0.00 0.00 0.00 0.00 0.00 0.00 0.00 0.00 0.00 0.07 1.31 2.12 2.26 2.19 2.56 2.04 2.04 1.75 0.73 0.00 0.00 0.80 1.02 0.00 1.39 0.00 2.99 3.43 3.80 3.36 2.26 1.83
0.00 0.00 0.00 0.00 0.00 0.07 0.66 2.15 0.59 0.00 1.53 2.04 1.24 0.44 0.00 0.00 0.00 0.00 0.00 0.00 0.00 0.00 0.00 0.00 0.00 0.00 0.00 0.00 0.00 0.00 0.00 0.00 0.00 0.00 0.00 1.83 3.07 3.21 4.26 6.06 5.62 3.14 3.58 3.58 5.62 5.69 5.91 6.13 6.86 7.23 5.40 5.48 2.04 0.00 0.00 0.00 0.00 0.00 0.00 0.00 0.00 0.00 0.00 1.53 1.10 0.58 0.00 0.00 0.00 0.00 0.00 0.00 0.00 1.24 0.00 0.00 0.00 2.48 3.07 3.65 3.87 3.58 2.26 2.26
