Wansh/Snow_depth/snowdepth-1988/winter/1988344.txt
ncols 321
nrows 161
xllcenter 60
yllcenter 15 
cellsize  0.25 
NODATA_value -1
[rows 74 to 110 of 161, columns 84 to 167 of 321]
0.00 0.00 0.00 0.00 0.00 0.00 2.99 3.65 2.99 4.53 4.09 3.94 4.38 5.40 5.48 6.20 5.69 6.06 6.06 4.89 5.26 5.04 4.53 4.82 5.77 7.88 8.61 5.55 5.33 4.74 4.38 4.53 4.31 4.02 3.87 4.74 5.62 4.96 4.67 5.77 6.79 7.59 5.91 5.91 4.67 3.72 2.63 2.63 2.12 2.19 2.48 3.07 3.07 0.00 0.00 2.77 2.41 1.61 1.24 1.24 1.10 0.88 0.00 0.00 0.00 0.00 0.00 0.00 0.00 1.25 1.91 1.75 0.88 0.00 0.00 0.00 0.00 0.00 0.00 0.00 6.57 0.66 2.34 0.58
0.80 0.00 0.00 1.61 3.43 5.48 4.38 6.72 8.69 8.47 6.79 5.69 4.45 4.82 5.40 5.55 5.04 5.26 5.26 5.18 5.26 4.74 4.82 4.74 6.35 8.32 8.32 5.40 4.53 4.45 4.38 4.89 3.72 3.43 3.14 4.16 4.60 3.87 4.38 6.20 6.50 6.42 5.77 5.77 5.69 4.31 3.36 4.16 3.58 2.12 2.41 2.77 2.56 2.77 2.85 2.19 2.12 2.70 1.83 1.61 2.04 2.48 2.63 0.95 0.22 0.51 0.00 0.44 0.44 1.91 4.09 5.69 4.60 2.19 0.80 0.00 0.00 0.00 0.00 0.00 0.00 2.85 1.69 0.00
3.43 3.43 3.65 3.80 4.09 4.23 6.94 7.52 7.30 6.64 7.66 6.94 6.20 5.69 5.69 5.55 5.26 5.55 5.55 4.82 4.96 4.67 4.67 4.09 4.89 6.28 4.96 3.50 3.80 4.16 4.16 0.00 3.72 3.80 3.87 4.16 4.23 3.72 4.31 6.35 6.13 5.55 5.26 5.26 5.18 4.45 4.09 4.23 4.53 4.02 3.50 2.26 1.83 2.77 2.70 1.53 1.46 2.92 2.04 1.17 1.31 1.61 2.04 2.26 1.02 0.51 0.73 1.46 1.46 2.19 4.38 6.06 6.20 4.38 2.70 0.00 0.00 0.00 0.00 0.00 0.95 1.47 0.66 0.08
1.90 3.29 3.94 3.36 3.21 4.16 5.69 5.62 5.77 6.57 7.01 6.86 6.64 6.13 5.69 6.13 5.48 5.04 5.04 4.82 4.89 4.53 4.09 4.16 4.53 3.50 3.58 4.23 3.94 3.65 3.87 3.36 2.85 0.00 3.14 3.80 0.00 0.00 3.14 5.40 5.18 4.60 3.87 3.87 0.00 3.58 4.31 4.23 4.89 4.96 4.23 2.85 2.92 3.65 3.72 3.07 2.56 2.77 2.41 1.75 2.26 2.26 1.97 2.26 2.34 1.61 1.68 1.10 1.10 0.29 1.17 3.58 5.69 4.60 1.75 0.00 0.00 0.00 0.00 0.00 0.00 0.00 0.15 0.22
7.08 7.37 5.62 4.89 3.65 3.65 4.53 5.55 5.40 5.91 5.99 5.69 6.28 6.28 5.99 5.99 5.48 5.33 5.33 5.77 5.26 4.67 5.26 5.33 4.16 3.43 3.29 3.50 3.29 2.70 3.29 0.00 0.00 0.00 2.92 3.72 0.00 0.00 0.00 0.00 0.00 0.00 0.00 0.00 0.00 0.00 0.00 0.00 0.00 4.23 4.89 4.23 0.00 3.50 4.09 3.50 3.14 3.36 3.29 3.21 3.43 4.02 3.50 2.48 2.12 2.41 2.26 2.12 2.12 0.07 0.88 0.58 1.90 2.85 3.14 1.02 0.00 0.00 0.00 0.00 0.00 0.51 1.47 1.11
5.99 5.77 4.45 4.16 4.31 4.02 4.74 3.80 4.74 4.45 4.82 5.69 5.48 4.89 4.89 5.18 5.91 5.99 5.99 6.06 6.28 5.84 4.74 4.45 4.38 3.87 3.43 3.14 0.00 0.00 0.00 0.00 0.00 0.00 0.00 3.29 0.00 0.00 0.00 0.00 0.00 0.00 0.00 0.00 0.00 0.00 0.00 3.07 0.00 0.00 0.00 3.58 0.00 0.00 0.00 3.50 4.02 3.14 3.07 2.85 3.80 4.53 3.94 2.56 1.17 0.66 0.88 2.04 2.04 2.12 0.73 0.73 1.68 2.85 2.35 1.39 1.47 0.07 0.07 0.00 0.00 0.44 1.83 1.25
4.60 4.53 4.31 4.31 4.89 4.45 4.45 4.31 4.31 4.23 4.74 4.23 4.74 4.45 4.60 4.82 5.18 5.04 5.04 5.33 4.60 5.62 4.53 4.31 4.02 2.56 2.77 2.99 0.00 0.00 2.41 2.77 0.00 0.00 0.00 0.00 0.00 0.00 0.00 0.00 0.00 3.14 3.36 3.36 0.00 0.00 0.00 0.00 0.00 0.00 0.00 0.00 0.00 0.00 2.26 2.34 1.97 1.90 1.53 2.26 2.92 4.09 4.89 2.19 0.22 0.00 0.00 0.29 0.29 0.73 1.02 3.07 3.80 4.16 4.45 4.70 1.87 1.22 0.51 0.07 0.00 0.00 1.68 1.10
0.00 0.00 3.29 4.02 4.02 4.45 4.45 3.65 3.14 4.38 4.53 4.74 4.96 3.87 3.50 4.45 4.74 5.26 5.26 4.09 4.16 4.89 2.99 3.14 3.14 2.63 2.56 3.14 0.00 0.00 0.00 0.00 0.00 0.00 0.00 0.00 0.00 0.00 0.00 0.00 2.85 3.36 4.09 4.09 3.14 2.56 0.00 0.00 0.00 0.00 0.00 0.00 0.00 1.17 1.24 0.29 1.02 1.02 0.51 1.97 2.48 1.83 2.92 2.77 0.29 0.00 0.00 0.00 0.00 0.29 0.00 1.53 3.14 5.18 6.20 4.48 3.91 1.99 1.89 1.87 1.17 0.44 0.51 0.00
2.92 3.58 3.72 3.65 3.80 4.74 4.45 3.36 3.65 3.50 4.89 5.91 4.16 3.80 4.60 4.67 3.94 3.94 3.94 3.14 3.07 2.70 1.46 2.12 3.14 2.70 1.97 0.00 0.00 0.00 2.77 0.00 0.00 0.00 0.00 0.00 0.00 0.00 0.00 0.00 0.00 0.00 0.00 0.00 0.00 0.00 0.00 0.00 0.00 0.00 0.00 0.00 0.00 1.68 0.58 0.88 0.29 0.00 0.29 0.95 2.04 2.34 1.68 2.19 1.02 0.00 0.00 0.00 0.00 1.02 0.73 0.51 1.46 3.94 6.64 6.86 4.31 2.26 2.04 1.91 1.90 1.02 0.00 0.00
4.09 4.23 4.09 3.94 4.09 4.02 4.02 4.09 3.94 3.65 4.31 4.60 3.87 4.45 4.89 4.82 4.16 4.02 4.02 3.07 2.48 1.39 2.12 0.00 2.12 1.90 1.83 0.00 2.26 2.85 2.41 0.00 0.00 0.00 0.00 0.00 0.00 0.00 0.66 0.00 0.00 0.00 0.00 0.00 0.00 0.00 0.00 0.00 0.00 0.00 0.00 0.22 0.22 0.95 0.00 0.00 0.29 0.00 0.00 0.80 1.10 1.53 1.75 1.17 1.46 0.58 0.00 0.22 0.22 1.10 1.10 0.80 0.88 1.83 5.26 7.37 7.23 5.91 4.67 3.94 4.16 2.99 1.53 0.00
3.87 2.77 2.70 3.36 3.80 4.16 0.00 4.53 4.89 4.38 4.45 4.09 4.16 5.33 5.26 5.77 4.74 3.80 3.80 3.87 3.80 2.12 0.00 2.99 2.63 2.70 0.00 0.00 2.34 2.63 0.00 1.90 2.63 0.00 0.00 0.00 0.00 0.73 0.73 1.46 0.00 0.00 1.90 1.90 0.00 0.00 0.00 0.00 0.00 0.00 1.02 0.51 0.15 0.00 0.00 0.07 0.15 0.58 0.15 0.22 0.15 0.80 0.51 0.58 0.80 0.44 0.00 0.80 0.80 1.39 1.75 1.61 1.17 0.80 1.39 4.82 9.05 10.07 9.56 8.98 8.47 6.50 3.87 0.00
0.00 0.00 0.00 0.00 2.85 3.72 3.14 4.31 5.33 5.26 4.60 4.16 0.00 4.31 4.45 4.53 4.60 4.09 4.09 4.53 4.74 4.09 4.09 3.50 3.80 3.21 2.48 0.00 0.00 1.90 2.48 2.34 3.36 2.85 2.56 2.41 0.00 0.00 1.10 0.80 2.63 1.53 1.31 1.31 2.04 2.77 2.41 0.00 1.68 1.68 1.97 1.68 0.88 0.07 0.58 1.53 0.58 0.66 0.51 0.22 0.00 0.22 0.60 0.07 0.15 1.24 1.17 0.07 0.07 1.17 2.77 2.56 1.75 1.61 2.04 3.21 6.06 10.66 14.82 14.53 12.26 9.93 6.50 1.39
1.53 2.26 3.14 2.99 2.63 3.07 3.50 3.87 3.87 4.16 4.38 3.50 2.99 2.63 2.85 0.00 3.87 4.16 4.16 4.60 4.53 5.04 5.62 5.33 4.02 3.58 3.21 3.14 3.43 4.16 3.72 3.72 3.65 3.43 3.50 0.00 0.00 0.00 0.00 4.02 3.87 2.70 2.12 2.12 1.46 2.34 2.48 2.04 1.39 1.75 1.24 0.51 0.29 0.22 0.73 2.85 4.45 2.19 1.61 1.61 0.00 0.00 1.04 0.29 0.73 1.46 1.53 2.63 2.63 4.31 9.71 12.48 9.34 6.13 4.60 4.45 7.23 9.42 11.53 13.87 12.26 8.83 5.55 0.00
1.10 1.39 1.90 0.00 0.00 0.00 3.43 2.99 0.00 0.00 3.29 3.80 2.92 2.85 2.70 3.50 3.72 4.09 4.09 4.31 4.89 4.53 4.09 4.02 4.96 2.48 4.09 4.16 4.23 4.02 2.92 0.00 3.94 4.23 3.80 0.00 0.00 0.00 3.80 4.89 5.18 4.74 2.99 2.99 2.04 2.56 3.14 2.12 2.04 1.97 1.61 1.17 0.80 0.07 0.00 0.15 1.83 2.04 1.53 0.95 0.00 0.00 0.00 0.73 1.63 3.07 2.19 1.90 1.90 2.26 5.62 8.91 10.15 8.47 8.83 8.54 10.15 10.44 10.80 12.12 13.14 9.13 6.13 3.14
1.90 1.61 0.00 0.00 0.00 0.00 0.00 0.00 0.00 0.00 0.00 2.85 3.07 3.43 4.02 3.50 2.34 4.09 4.09 3.29 4.45 4.38 3.87 3.29 3.58 4.67 5.33 4.23 3.43 2.77 2.56 4.16 4.96 4.67 4.60 0.00 3.36 3.43 4.38 4.16 3.94 3.43 3.14 3.14 2.19 2.63 2.56 2.04 2.41 2.56 2.12 1.90 1.17 0.00 0.00 0.37 0.88 0.73 0.29 0.51 0.37 0.22 1.02 2.41 3.54 4.09 4.89 3.21 3.21 2.19 2.56 4.02 7.88 9.20 8.47 9.49 11.02 10.51 10.29 9.64 9.05 8.76 6.42 4.16
2.12 0.80 0.00 0.00 0.00 0.00 0.00 0.00 0.00 0.00 0.00 3.36 2.99 3.21 0.00 3.87 3.65 4.16 4.16 3.50 4.89 4.02 3.36 3.43 2.63 4.74 4.38 4.02 4.31 3.14 2.99 4.38 4.74 4.89 4.23 3.50 2.77 3.07 3.65 3.36 3.36 4.60 3.58 3.58 2.63 2.77 2.99 3.29 2.48 2.41 2.12 1.61 1.46 0.95 0.66 0.73 0.00 0.00 0.00 0.22 0.07 0.00 0.74 3.43 5.78 6.10 5.61 5.18 5.18 3.43 2.77 2.77 4.89 6.64 7.66 8.40 7.15 8.54 7.81 7.41 7.12 6.70 5.28 4.48
1.68 1.24 2.12 0.00 0.00 0.00 0.00 0.00 0.00 0.00 0.00 0.00 0.00 0.00 0.00 2.70 3.14 3.87 3.87 3.50 4.23 3.87 3.36 3.72 3.94 3.94 4.09 3.65 3.14 0.00 3.87 3.94 4.23 2.70 2.48 2.19 0.00 2.56 2.70 0.00 0.00 2.70 1.83 1.83 2.56 3.07 2.70 2.48 1.90 1.39 1.83 1.31 1.53 2.04 1.39 1.46 1.10 0.29 0.15 0.00 0.08 0.29 1.03 3.14 6.28 7.08 5.98 5.47 5.30 3.96 3.50 3.58 4.23 5.40 5.69 5.55 5.55 4.31 3.59 4.28 3.95 4.69 6.83 5.30
1.10 1.31 2.19 1.75 0.00 0.00 1.75 1.68 1.46 0.00 0.00 0.00 0.00 0.00 0.00 0.00 0.00 0.00 0.00 2.77 3.50 0.00 0.00 0.00 0.00 3.65 0.00 0.00 0.00 0.00 2.34 0.00 0.00 0.00 0.00 0.00 0.00 0.00 0.00 0.00 0.00 0.00 0.37 0.37 1.24 1.53 1.97 1.46 1.31 0.80 0.73 0.95 1.68 1.61 1.97 2.99 3.43 2.85 2.43 1.77 1.17 0.73 1.19 1.67 3.12 3.95 4.53 3.94 3.96 4.29 4.40 4.89 4.31 3.94 3.30 3.80 3.36 3.07 2.93 2.67 3.24 2.92 3.89 4.84
1.61 1.97 1.90 1.61 0.00 0.00 1.31 0.00 0.00 0.00 0.29 0.00 0.00 0.00 7.96 0.00 0.00 0.00 0.00 0.00 0.00 0.00 0.00 0.00 0.00 0.00 0.00 0.00 0.00 0.00 0.00 0.00 0.00 0.00 0.00 0.00 0.00 0.00 0.00 0.00 0.00 0.00 0.00 0.00 0.00 0.66 1.17 0.58 0.00 0.07 0.22 0.44 1.02 1.31 2.48 4.31 6.57 7.52 7.08 5.24 2.58 1.45 1.31 1.64 1.87 2.94 3.22 3.65 3.65 3.44 3.73 5.05 5.65 4.37 2.57 2.21 1.53 1.85 2.63 3.50 2.92 3.31 2.98 3.29
1.83 1.61 1.31 0.88 1.17 1.68 1.31 0.00 0.00 0.00 0.00 0.00 0.00 0.00 0.00 0.00 0.00 2.04 2.04 0.00 0.00 2.12 0.00 0.00 0.00 0.00 0.00 0.00 0.00 0.00 0.00 0.00 0.00 0.00 0.00 0.00 0.00 0.00 0.00 0.00 0.00 0.00 0.00 0.00 0.00 0.00 0.29 0.95 0.66 0.15 0.29 0.51 1.02 1.97 2.92 6.64 9.13 10.51 11.61 9.86 4.60 2.38 2.07 1.38 1.57 2.10 2.49 1.31 1.31 1.18 1.28 2.80 4.59 4.99 3.34 2.49 2.04 1.78 1.81 2.56 2.60 3.11 3.72 3.91
1.68 1.39 1.17 0.58 1.31 1.46 1.46 0.00 0.00 0.00 0.00 0.00 0.00 0.00 0.00 0.95 0.07 0.66 0.66 0.00 0.00 0.00 0.00 0.00 0.00 0.00 0.00 0.00 0.00 0.00 0.00 0.00 0.00 0.00 0.00 0.00 0.00 0.00 0.00 0.00 0.00 0.00 0.00 0.00 0.00 0.00 0.66 1.10 0.58 0.51 0.51 1.02 1.71 2.48 2.68 7.11 9.03 9.56 11.83 11.02 7.45 4.84 2.92 1.53 1.57 3.15 2.63 1.39 1.39 1.01 0.56 0.24 2.10 2.62 3.40 2.70 2.61 2.27 1.09 1.15 2.07 2.75 3.31 2.39
1.68 1.53 1.10 0.58 1.68 1.83 2.26 0.00 0.00 0.00 0.00 0.00 0.00 0.00 0.00 0.00 0.00 1.02 1.02 0.00 0.00 0.00 0.00 0.00 0.00 0.00 0.00 0.00 0.00 0.00 0.00 0.00 0.00 0.00 0.00 0.00 0.00 0.00 0.00 0.00 0.00 0.00 0.00 0.00 0.00 0.00 0.00 0.88 1.10 0.29 1.39 1.90 2.26 3.75 5.32 7.07 8.71 8.95 9.34 7.96 7.41 4.48 3.55 1.86 1.67 2.16 1.80 1.61 1.61 0.81 0.53 0.57 1.08 1.47 1.98 2.27 2.31 2.15 1.57 0.95 1.85 2.87 3.73 2.55
1.46 1.68 0.00 0.37 1.90 2.48 3.07 3.07 1.68 1.90 0.00 0.00 0.00 0.00 0.00 0.00 0.00 0.00 0.00 0.00 0.00 0.00 0.00 0.00 0.00 0.00 0.00 1.83 1.75 0.00 0.00 0.00 0.00 0.00 0.00 0.00 0.00 0.00 0.00 0.00 0.00 1.75 1.61 1.61 0.37 0.00 0.00 0.51 0.37 0.07 1.46 2.99 4.31 6.24 7.60 8.92 8.98 7.95 8.02 5.37 4.89 3.65 2.63 1.62 1.23 0.33 1.37 1.63 1.61 1.19 0.00 0.27 1.36 2.34 1.31 1.17 1.26 0.87 0.98 1.17 1.58 1.88 3.24 3.11
1.39 0.00 0.00 0.00 1.83 2.34 3.14 3.50 2.63 3.29 2.26 0.00 0.51 0.00 0.00 0.00 0.00 0.00 0.00 0.00 0.00 0.00 0.00 0.00 0.00 0.00 2.04 0.00 1.46 0.00 0.00 1.24 1.61 2.04 2.26 1.61 0.00 0.00 0.00 0.00 0.00 2.41 1.75 1.75 0.95 0.66 0.00 0.00 0.80 0.75 2.11 5.04 6.96 9.55 11.31 10.49 10.95 9.20 8.15 5.58 3.30 3.00 2.68 2.04 1.33 0.16 0.74 0.83 0.81 0.95 1.24 0.90 1.17 1.96 1.47 1.10 0.69 1.21 1.42 0.89 0.35 1.65 2.17 0.00
5.48 2.12 0.00 3.50 6.50 3.72 2.70 2.34 1.17 2.77 1.39 1.24 0.80 1.53 0.73 1.83 1.24 1.17 1.17 1.61 0.00 0.00 0.00 1.61 1.90 2.48 2.41 2.63 1.75 2.63 2.70 1.90 2.26 2.12 2.41 2.12 1.68 0.00 0.00 3.07 2.77 1.90 1.17 1.17 0.66 0.95 1.02 1.46 2.04 4.16 7.00 9.90 11.25 10.63 10.29 10.10 11.57 13.19 13.64 13.13 10.93 5.82 3.45 2.71 3.21 3.52 1.15 0.07 0.07 0.88 0.51 0.61 0.76 1.76 2.99 3.07 1.44 0.25 0.00 0.00 0.00 0.67 1.04 2.52
7.96 7.30 4.23 6.20 7.52 5.91 4.23 2.26 0.66 1.75 0.00 0.80 0.73 1.02 1.61 1.17 2.26 1.97 1.97 2.70 1.83 2.56 2.04 1.17 2.48 2.34 1.61 1.53 2.56 2.63 2.26 1.83 1.10 1.90 2.92 3.07 5.62 6.06 4.31 1.68 0.00 0.00 0.58 0.58 0.73 1.68 0.73 1.17 2.33 4.64 7.22 9.33 9.16 9.17 10.33 8.76 8.05 10.97 13.08 13.97 15.04 11.20 7.87 4.06 2.56 3.43 3.30 0.93 0.91 0.00 0.00 0.16 0.35 0.99 2.41 3.07 2.06 0.52 0.00 0.00 0.00 0.00 0.45 1.75
5.99 7.81 6.13 4.60 6.79 7.88 5.18 2.56 0.51 0.00 0.00 0.00 0.15 1.02 2.70 2.48 1.83 1.97 1.97 2.12 1.61 1.46 1.83 1.46 1.97 1.46 0.22 0.58 0.80 2.12 2.34 1.53 0.44 1.31 2.56 3.36 5.33 5.04 2.56 0.44 0.00 0.00 0.00 0.00 0.29 0.73 0.73 1.18 2.19 4.09 6.67 9.58 8.65 8.46 9.48 8.84 6.36 8.33 10.28 12.02 12.95 14.75 11.75 8.10 4.23 3.20 3.20 1.98 2.20 0.08 0.00 0.00 0.36 1.33 2.92 3.91 2.34 1.10 0.00 0.00 0.00 0.00 0.07 0.82
3.29 5.33 4.53 2.56 0.00 4.96 4.82 1.98 1.02 0.00 0.00 0.00 0.00 0.00 1.68 2.70 1.10 1.61 1.61 1.90 1.31 1.90 1.24 1.17 1.68 0.51 0.00 0.15 0.00 2.04 1.68 1.10 0.00 0.73 1.10 2.04 2.70 2.41 0.07 0.00 0.00 0.00 0.00 0.00 0.15 0.29 0.44 2.13 2.77 4.76 6.49 7.53 8.98 7.98 7.73 8.12 5.14 4.94 5.64 9.10 10.91 13.31 13.72 12.78 10.15 4.48 3.69 3.69 3.56 1.33 0.00 1.03 0.75 0.54 1.53 2.25 2.67 1.83 0.00 0.00 0.00 0.00 0.00 1.78
0.00 0.00 0.00 0.00 0.00 2.56 3.43 3.43 0.51 0.00 0.00 0.00 0.00 0.00 0.00 0.00 1.83 1.31 1.31 1.46 1.46 1.39 1.10 0.80 0.80 0.66 0.00 0.00 0.29 0.51 0.00 0.00 0.00 0.00 0.00 0.29 0.95 0.95 0.00 0.00 0.00 0.00 0.00 0.00 0.00 0.00 0.22 2.19 3.36 4.96 4.97 5.58 6.95 5.67 7.16 7.93 5.17 4.02 6.34 8.58 7.87 9.73 13.05 15.07 14.53 9.93 5.25 5.20 5.23 4.01 0.00 0.08 0.27 0.08 0.32 1.24 0.89 0.59 0.74 0.00 0.00 0.00 1.62 1.46
0.00 0.00 0.00 0.00 0.00 0.00 1.39 1.75 0.22 0.00 0.51 0.37 0.00 0.00 0.00 0.00 0.29 0.58 0.58 1.17 0.00 0.00 0.00 0.15 0.00 0.07 0.00 0.00 0.07 0.15 0.00 0.00 0.00 0.00 0.00 0.00 0.00 0.00 0.00 0.00 0.00 0.00 0.00 0.00 0.00 0.00 0.00 1.02 2.59 3.91 4.35 5.42 8.19 6.86 5.73 6.12 6.07 0.00 0.00 6.17 9.08 10.49 10.24 12.27 14.53 13.92 10.29 6.20 7.25 5.24 2.92 0.33 0.27 0.70 0.00 0.00 0.00 0.44 0.00 0.00 0.00 1.23 2.27 1.68
0.00 0.00 0.00 0.00 0.00 0.00 2.19 1.83 1.17 0.66 1.17 1.53 0.95 0.37 0.00 0.00 0.51 0.00 0.00 0.00 0.00 0.00 0.00 0.00 0.00 0.00 0.00 0.00 0.00 0.00 0.00 0.00 0.00 0.00 0.00 0.00 0.00 0.00 0.00 0.00 0.00 0.00 0.00 0.00 0.00 0.00 0.00 0.00 1.68 3.31 5.11 6.46 6.39 5.68 5.67 0.00 0.00 0.00 0.00 7.30 10.16 10.14 9.46 10.93 14.00 13.77 15.97 8.86 9.92 6.97 6.10 3.39 0.00 0.00 0.00 0.00 0.00 0.00 0.16 0.00 0.00 0.84 2.71 2.46
0.00 0.00 0.00 0.00 0.00 0.00 0.00 0.00 2.19 1.39 2.99 3.43 3.21 2.99 3.43 1.78 1.84 1.39 1.39 0.00 0.00 0.00 0.00 0.00 0.00 0.07 0.22 0.00 0.00 0.00 0.00 0.00 0.00 0.00 0.00 0.00 0.00 0.00 0.00 0.00 0.00 0.07 0.00 0.00 0.00 0.44 0.00 0.22 2.14 4.87 7.86 8.05 8.85 0.00 0.00 0.00 0.00 0.00 0.00 0.00 8.21 13.41 8.31 8.68 12.24 13.09 17.99 12.69 12.96 7.58 6.59 4.50 3.17 0.68 0.00 0.00 0.00 0.00 0.00 0.00 0.00 0.00 0.00 0.00
0.00 0.00 0.00 0.00 0.00 0.00 0.00 0.00 0.00 2.99 3.58 3.72 4.02 3.43 3.94 2.79 2.92 3.79 3.54 1.83 1.10 1.53 0.88 0.00 0.00 0.00 0.44 0.00 0.00 0.00 0.00 0.37 0.00 0.00 0.00 0.00 0.95 0.00 0.00 0.00 1.61 0.00 0.07 0.07 1.17 0.58 0.22 0.54 3.16 8.16 10.40 9.77 0.00 0.00 0.00 0.00 0.00 0.00 0.00 0.00 0.00 9.39 10.49 7.39 9.85 13.00 12.59 14.37 17.56 11.25 6.20 5.89 3.79 1.42 0.00 0.55 0.32 1.12 0.00 0.00 0.00 0.00 0.00 0.00
0.00 0.00 0.00 0.00 0.00 0.00 0.00 0.00 0.00 0.00 0.00 0.00 0.00 0.00 0.00 0.00 0.00 0.00 0.00 5.18 3.94 3.94 3.58 4.31 3.50 1.83 1.39 2.41 1.53 0.00 0.66 1.10 1.39 1.83 1.02 2.12 3.94 3.80 3.72 2.49 4.14 4.50 5.33 5.33 6.79 6.72 4.82 5.36 5.37 0.00 0.00 0.00 0.00 0.00 0.00 0.00 0.00 0.00 0.00 0.00 0.00 0.00 0.00 0.00 7.60 8.16 6.97 7.56 8.45 8.70 5.89 4.18 1.95 0.00 0.00 0.00 0.33 0.00 0.00 0.00 0.00 0.00 0.00 0.00
0.00 0.00 0.00 0.00 0.00 0.00 0.00 0.00 0.00 0.00 0.00 0.00 0.00 0.00 0.00 0.00 0.00 0.00 0.00 0.80 1.05 3.48 5.69 5.04 4.16 3.03 1.12 2.56 4.23 4.45 2.48 0.80 2.56 0.80 0.80 2.19 5.04 5.26 3.87 2.34 2.10 5.29 5.62 6.28 8.18 10.15 8.32 6.29 4.72 0.00 0.00 0.00 0.00 0.00 0.00 0.00 0.00 0.00 0.00 0.00 0.00 0.00 0.00 0.00 0.00 5.97 0.00 0.00 0.00 4.87 0.00 0.00 0.00 0.00 0.00 0.00 0.00 0.00 0.00 0.00 0.00 0.00 0.00 0.00
0.00 0.00 0.00 0.00 0.00 0.00 0.00 0.00 0.00 0.00 0.00 0.00 0.00 0.00 0.00 0.00 0.00 0.00 0.00 0.00 0.00 0.00 2.70 3.65 5.91 2.27 1.56 2.26 4.38 4.23 1.83 0.51 2.22 2.77 1.02 0.00 2.48 2.04 2.56 2.34 0.00 4.09 4.84 6.15 9.07 10.14 8.14 7.24 0.00 0.00 0.00 0.00 0.00 0.00 0.00 0.00 0.00 0.00 0.00 0.00 0.00 0.00 0.00 0.00 0.00 0.00 0.00 0.00 0.00 0.00 0.00 0.00 0.00 0.00 0.00 0.00 0.00 0.00 0.00 0.00 0.00 0.00 0.00 0.00
0.00 0.00 0.00 0.00 0.00 0.00 0.00 0.00 0.00 0.00 0.00 0.00 0.00 0.00 0.00 0.00 0.00 0.00 0.00 0.00 0.00 0.00 0.00 0.00 0.88 0.00 0.00 0.00 4.60 4.82 0.00 2.03 0.00 0.88 0.00 0.00 0.00 0.00 0.00 0.00 0.00 0.00 0.00 0.00 0.00 8.44 10.04 0.00 0.00 0.00 0.00 0.00 0.00 0.00 0.00 0.00 0.00 0.00 0.00 0.00 0.00 0.00 0.00 0.00 0.00 0.00 0.00 0.00 0.00 0.00 0.00 0.00 0.00 0.00 0.00 0.00 0.00 0.00 0.00 0.00 0.00 0.00 0.00 0.00
