Wansh/Snow_depth/snowdepth-1988/winter/1988364.txt
ncols 321
nrows 161
xllcenter 60
yllcenter 15 
cellsize  0.25 
NODATA_value -1
[rows 74 to 110 of 161, columns 84 to 167 of 321]
0.00 0.00 0.00 0.00 0.00 0.58 3.29 2.70 3.07 2.34 1.17 1.02 2.48 0.00 0.00 0.00 1.90 0.00 0.00 0.00 0.00 0.00 0.00 0.00 4.67 9.13 8.40 4.53 2.77 0.00 2.19 2.34 0.00 0.00 2.04 2.63 3.94 3.07 3.07 4.53 5.48 5.33 4.89 4.89 2.77 1.61 1.83 2.19 1.90 1.17 0.00 0.00 0.00 0.00 1.71 0.15 0.00 0.00 0.00 0.00 0.00 0.00 0.00 0.00 0.00 0.00 0.00 0.15 0.15 1.39 1.91 4.02 3.50 1.97 0.00 0.00 0.00 0.00 0.00 0.00 0.22 1.32 1.61 0.00
0.00 0.44 0.07 0.37 3.29 4.89 4.89 6.86 5.84 6.50 4.74 3.87 0.00 2.70 0.00 0.00 1.90 0.00 0.00 0.00 0.00 0.00 0.00 0.00 3.58 5.99 6.42 4.02 0.00 0.00 0.00 0.00 0.00 0.00 0.00 0.00 0.00 3.07 3.58 3.58 4.96 5.26 5.04 5.04 4.23 2.77 1.90 2.19 1.75 1.61 1.68 1.68 2.12 1.46 1.10 1.24 1.39 1.46 0.73 0.00 0.00 0.00 0.80 0.00 0.07 0.80 0.00 1.24 1.24 1.69 4.74 8.47 8.03 4.02 0.88 0.00 0.00 0.00 0.00 0.00 0.00 0.00 0.59 0.37
2.70 1.46 1.97 4.09 2.92 2.19 5.55 6.79 6.42 7.30 5.48 4.31 4.31 0.00 2.41 2.26 0.00 0.00 0.00 0.00 0.00 0.00 0.00 0.00 0.00 0.00 0.00 0.00 0.00 0.00 0.00 0.00 0.00 0.00 0.00 0.00 0.00 0.00 3.43 4.74 4.82 4.23 3.58 3.58 3.80 2.63 2.85 2.56 2.34 2.34 1.53 1.83 1.46 2.19 1.46 1.53 0.73 2.04 0.73 0.66 1.97 2.26 1.53 1.68 0.95 0.15 0.88 1.61 1.61 2.56 5.91 9.34 7.08 3.80 1.75 0.07 0.00 0.00 0.00 0.00 0.00 0.00 0.44 0.00
3.65 4.74 4.67 2.56 2.26 3.72 4.02 4.60 4.38 5.33 5.62 5.99 5.33 3.87 2.99 2.99 2.70 0.00 0.00 2.12 0.00 0.00 0.00 0.00 0.00 0.00 0.00 0.00 0.00 0.00 0.00 0.00 0.00 0.00 0.00 0.00 0.00 0.00 0.00 0.00 0.00 0.00 3.36 3.36 2.99 2.99 1.75 0.00 0.00 0.00 2.99 2.41 2.19 2.26 1.83 2.92 3.43 2.77 1.02 1.17 1.61 1.83 2.34 2.70 1.75 1.10 0.58 1.83 1.83 2.41 3.43 5.55 4.53 4.09 2.12 0.00 0.29 0.00 0.00 0.00 0.00 0.00 1.10 0.96
5.69 5.99 3.80 3.14 4.02 3.36 3.87 5.04 4.67 4.23 4.82 4.82 4.82 5.48 2.63 2.19 2.63 0.00 0.00 3.14 3.14 0.00 0.00 0.00 0.00 0.00 0.00 0.00 0.00 0.00 0.00 0.00 0.00 0.00 0.00 0.00 0.00 0.00 0.00 0.00 0.00 0.00 0.00 0.00 0.00 0.00 1.53 0.00 0.00 0.00 0.00 0.00 3.43 1.53 2.70 4.02 3.43 2.70 2.12 1.75 2.19 2.70 2.63 2.12 1.39 1.39 1.68 2.70 2.70 1.68 1.39 1.24 1.31 2.63 2.04 0.44 0.15 0.00 0.15 0.00 0.37 0.66 1.54 1.41
6.57 6.28 5.69 4.60 3.58 3.58 4.60 4.16 3.36 3.21 3.80 0.00 4.45 4.16 2.92 3.29 3.21 2.77 2.77 3.36 0.00 0.00 0.00 0.00 0.00 0.00 0.00 0.00 0.00 0.00 0.00 0.00 0.00 0.00 0.00 0.00 0.00 0.00 0.00 0.00 0.00 0.00 0.00 0.00 0.00 0.00 0.00 1.02 0.00 0.00 0.00 0.00 0.00 3.21 2.77 4.38 1.90 1.83 2.04 1.68 2.85 3.43 2.56 2.04 1.46 0.58 0.29 1.97 1.97 0.00 0.15 0.00 1.17 2.56 2.79 1.75 1.54 1.39 1.17 0.51 0.22 0.88 0.95 0.95
0.00 0.00 0.00 4.82 4.67 0.00 4.02 3.87 2.77 4.23 2.48 3.14 0.00 0.00 5.26 2.85 2.77 3.36 3.36 3.50 0.00 0.00 0.00 0.00 0.00 0.00 0.00 0.00 0.00 0.00 0.00 0.00 0.00 0.00 0.00 0.00 0.00 0.00 0.00 0.00 0.00 0.00 0.00 0.00 0.00 0.00 0.00 0.00 0.00 0.00 0.00 0.51 1.02 0.00 0.73 2.48 1.31 1.10 1.68 1.75 1.68 1.53 2.56 2.48 1.31 0.00 0.00 0.00 0.00 0.00 0.00 0.00 2.34 3.43 4.45 3.67 1.57 1.91 1.24 1.39 0.66 0.37 0.00 0.88
0.00 2.12 0.00 0.00 0.00 0.00 0.00 3.50 3.94 0.00 3.58 4.16 0.00 0.00 4.23 0.00 3.50 3.50 3.50 0.00 0.00 0.00 0.00 0.00 0.00 0.00 0.00 0.00 0.00 0.00 0.00 0.00 0.00 0.00 0.00 0.00 0.00 0.00 0.00 0.00 0.00 0.00 0.00 0.00 0.00 2.41 0.00 0.44 0.00 0.00 0.00 0.00 0.51 0.00 0.88 1.17 1.31 0.44 0.37 1.53 1.10 2.12 2.41 1.46 0.00 0.00 0.00 0.00 0.00 0.00 0.00 0.00 1.90 3.72 6.72 6.16 2.58 2.45 1.44 1.57 1.39 1.17 0.37 1.75
0.00 0.00 0.00 0.00 0.00 4.16 0.00 0.00 0.00 3.72 0.00 0.00 0.00 0.00 0.00 2.92 0.00 0.00 0.00 2.34 0.00 0.00 0.00 0.00 0.00 0.00 0.00 0.00 0.00 0.00 0.00 0.00 0.00 0.00 0.00 0.00 0.44 0.00 0.00 0.00 0.00 0.00 0.00 0.00 0.00 0.00 0.00 0.00 0.00 0.00 0.07 1.10 1.31 0.44 0.00 0.44 0.07 0.66 0.44 1.39 1.61 1.75 1.46 1.17 0.88 0.00 0.00 0.00 0.00 0.15 0.00 0.44 1.17 2.19 5.91 6.64 4.09 3.50 2.34 2.49 2.56 1.75 1.24 1.46
4.23 4.89 5.04 4.31 0.00 0.00 0.00 0.00 0.00 0.00 0.00 0.00 0.00 0.00 4.96 4.02 0.00 0.00 0.00 0.00 0.00 0.00 0.00 0.00 0.00 0.00 0.00 0.00 0.00 0.00 0.00 0.00 0.00 0.00 0.00 0.00 0.00 0.00 0.00 1.46 0.00 0.95 0.00 0.00 0.00 0.00 0.00 0.00 0.00 0.07 0.00 0.00 0.15 0.00 0.44 0.95 1.24 0.88 0.37 1.31 0.95 1.24 1.31 1.31 1.46 0.95 0.37 0.44 0.44 0.29 0.80 0.80 0.88 1.68 4.23 5.99 5.18 5.33 5.55 5.91 4.89 3.65 3.43 1.10
4.45 4.45 3.87 4.67 4.38 0.00 0.00 0.00 0.00 0.00 0.00 0.00 0.00 0.00 0.00 0.00 0.00 0.00 0.00 0.00 0.00 0.00 0.00 0.00 0.00 0.00 0.00 0.00 0.00 0.00 0.00 0.00 0.00 0.00 0.00 0.00 0.00 0.00 0.15 0.66 0.80 0.37 0.00 0.00 0.00 0.00 0.00 0.00 0.00 0.95 1.02 1.17 0.22 0.00 0.00 0.66 0.51 0.80 0.66 0.88 1.10 1.39 1.83 2.41 2.12 1.24 0.95 1.17 1.17 1.10 0.95 0.37 0.58 1.46 2.99 3.50 4.45 6.50 8.69 8.61 6.86 6.86 4.60 0.95
3.50 3.72 4.23 3.94 3.80 3.80 4.02 5.33 0.00 0.00 0.00 0.00 0.00 0.00 0.00 0.00 0.00 0.00 0.00 0.00 0.00 0.00 0.00 0.00 0.00 0.00 0.00 1.75 0.00 0.00 0.00 0.00 0.00 2.19 0.00 0.00 0.00 0.66 0.58 0.88 0.80 0.73 0.95 0.95 0.58 0.95 0.22 0.00 1.02 0.58 0.00 0.00 0.00 0.00 0.66 2.56 2.19 0.66 0.66 1.46 0.73 0.45 0.98 1.61 1.31 1.53 1.39 1.83 1.83 1.17 1.24 2.85 2.48 1.83 1.61 1.90 4.23 8.10 10.80 10.59 9.34 8.47 4.96 1.10
2.56 3.43 4.31 4.31 3.50 3.80 4.02 0.00 0.00 0.00 0.00 0.00 0.00 0.00 0.00 0.00 0.00 0.00 0.00 0.00 0.00 3.94 4.45 0.00 0.00 0.00 0.00 0.00 2.92 0.00 0.00 0.00 0.00 0.00 0.00 0.00 0.00 0.00 0.00 3.65 4.23 2.70 1.68 1.68 0.80 0.80 1.39 0.95 0.51 0.95 0.15 0.00 0.00 0.00 0.00 4.09 3.43 2.26 3.29 2.92 1.31 0.00 0.45 0.95 1.46 2.12 2.34 1.75 1.75 2.48 6.79 7.59 8.32 3.72 3.36 3.50 3.43 6.06 8.47 10.51 10.88 8.69 3.50 0.00
2.85 4.38 4.96 3.80 3.87 4.89 4.96 0.00 0.00 0.00 0.00 0.00 0.00 0.00 0.00 0.00 0.00 0.00 0.00 3.14 2.56 3.21 3.72 0.00 0.00 0.00 0.00 0.00 0.00 0.00 0.00 0.00 0.00 0.00 0.00 0.00 0.00 0.00 0.00 4.09 4.60 3.65 3.50 3.50 2.04 1.46 1.17 1.31 1.10 0.66 0.73 1.02 0.00 0.00 0.51 4.31 1.10 2.04 2.56 2.34 1.17 0.88 0.66 0.73 1.33 3.14 3.65 3.14 3.14 4.38 6.86 8.47 6.20 5.62 5.99 5.40 5.62 7.74 8.25 9.34 9.78 7.96 2.85 1.68
2.77 3.80 5.04 5.33 4.09 0.00 5.91 5.99 0.00 0.00 0.00 0.00 3.80 0.00 0.00 0.00 2.77 3.07 3.07 2.77 2.77 3.36 2.92 0.00 0.00 0.00 3.29 2.19 0.00 0.00 0.00 0.00 2.41 3.58 0.00 0.00 0.00 0.00 0.00 3.36 5.26 5.11 3.50 3.50 2.26 2.92 1.17 1.61 1.83 1.68 0.66 1.53 0.80 0.07 0.00 0.58 0.00 0.66 1.97 1.83 1.39 0.88 1.02 1.46 3.39 5.10 5.55 4.53 4.53 4.02 4.82 5.62 5.99 7.30 8.03 7.15 6.50 7.59 6.57 6.20 7.74 6.57 3.21 2.19
2.48 2.99 4.02 3.65 3.58 0.00 0.00 4.60 0.00 0.00 0.00 0.00 0.00 0.00 0.00 0.00 0.00 0.00 0.00 0.00 1.90 2.70 2.19 0.00 0.00 2.41 0.00 0.00 0.00 0.00 0.00 3.58 3.50 3.58 3.36 0.00 0.00 0.00 0.00 0.00 3.65 4.38 4.02 4.02 3.21 3.65 3.36 2.56 2.41 1.61 1.46 1.61 0.58 0.73 0.07 0.37 0.00 0.00 0.00 0.96 0.73 1.46 1.04 2.77 5.04 6.62 6.53 5.04 5.04 3.36 3.14 4.23 4.31 5.55 6.13 6.57 6.79 5.99 5.26 3.82 4.36 4.36 3.01 2.57
2.77 3.36 3.50 3.80 3.21 2.99 0.00 0.00 0.00 0.00 0.00 0.00 0.00 0.00 0.00 0.00 4.09 0.00 0.00 0.00 0.00 2.56 0.00 0.00 0.00 2.48 0.00 2.34 0.00 0.00 0.00 0.00 2.85 0.00 0.00 0.00 0.00 0.00 0.00 0.00 2.41 3.14 2.92 2.92 2.92 2.63 2.34 2.70 2.85 2.41 2.12 1.68 0.51 0.22 0.51 0.44 0.88 0.22 1.02 0.51 1.20 1.24 1.92 4.96 6.57 6.79 6.22 4.92 4.76 3.30 2.77 4.02 4.23 5.04 4.45 5.04 3.94 3.72 2.83 2.45 1.79 3.46 3.67 2.95
3.58 3.14 3.43 4.31 3.29 2.85 2.70 2.63 2.34 0.00 0.00 0.00 0.00 0.00 0.00 0.00 4.02 0.00 0.00 0.00 0.00 0.00 0.00 0.00 0.00 0.00 0.00 0.00 0.00 0.00 0.00 0.00 0.00 0.00 0.00 0.00 0.00 0.00 0.00 0.00 0.00 0.00 0.80 0.80 2.26 2.41 2.04 2.34 2.34 1.24 1.53 2.04 0.88 1.68 1.39 1.10 0.22 2.70 3.39 0.66 1.46 1.97 1.56 2.66 4.41 5.59 4.23 4.16 4.18 3.30 2.71 4.60 4.16 4.89 2.93 3.36 1.97 1.75 1.98 2.67 2.01 3.43 3.65 3.65
3.14 3.21 3.36 3.07 2.56 2.34 3.21 3.58 0.00 1.46 0.00 0.00 0.00 0.00 0.00 0.00 0.00 0.00 0.00 0.00 0.00 0.00 0.00 0.00 0.00 0.00 0.00 0.00 0.00 0.00 0.00 0.00 0.00 0.00 0.00 0.00 0.00 0.00 0.00 0.00 0.00 0.00 0.00 0.00 0.66 1.68 0.80 1.46 1.53 1.10 1.68 2.41 0.80 0.88 2.26 3.87 1.97 6.06 7.23 5.24 3.39 3.13 0.93 1.87 2.97 3.33 2.99 2.26 2.26 2.06 3.57 4.89 5.58 5.93 2.13 1.62 1.83 0.96 2.18 2.46 1.34 1.88 1.49 2.65
2.92 1.90 2.04 2.56 2.92 3.36 2.99 0.00 0.00 2.77 1.61 0.00 0.00 0.00 0.00 0.00 0.00 0.00 0.00 0.00 0.00 0.00 0.00 0.00 0.00 0.00 0.00 0.00 0.00 0.00 0.00 0.00 0.00 0.00 0.00 0.00 0.00 0.00 0.00 0.00 0.00 0.00 0.00 0.00 1.83 2.26 2.04 1.53 1.90 1.24 0.51 0.95 0.66 0.73 2.77 4.53 5.02 9.20 10.44 8.25 6.20 3.81 2.59 1.38 1.57 2.62 2.79 1.31 1.31 1.47 1.81 4.08 5.11 4.40 2.37 2.20 1.68 1.11 1.73 0.90 0.76 1.99 2.48 2.19
2.48 2.12 2.12 1.46 1.10 2.63 2.26 0.00 0.00 0.00 0.00 0.00 0.00 0.00 0.00 1.83 1.39 0.22 0.22 0.00 0.00 2.04 0.00 0.00 0.00 0.00 0.00 0.00 0.00 0.00 0.00 0.00 0.00 0.00 0.00 0.00 0.00 0.00 0.00 0.00 0.00 0.00 0.00 0.00 1.75 2.34 1.90 1.31 1.46 1.68 0.73 0.80 1.27 1.28 2.52 4.37 7.98 9.78 11.61 9.71 7.74 4.11 3.30 1.69 1.88 2.74 2.01 1.61 1.61 1.24 0.65 1.46 1.77 2.46 2.09 2.26 1.86 1.74 1.25 0.54 1.23 1.18 1.42 2.07
2.63 1.97 2.48 2.70 1.46 2.12 3.14 0.00 0.00 0.00 0.00 0.00 0.00 0.00 2.04 0.00 0.00 2.19 2.19 0.00 0.00 1.31 0.00 0.00 0.00 0.00 1.39 0.66 0.00 0.00 0.00 0.00 0.00 0.00 0.00 0.00 0.00 0.00 0.00 0.00 0.00 0.00 0.80 0.80 0.80 0.29 1.02 0.51 0.88 1.31 1.46 1.83 1.31 2.29 3.79 4.21 6.37 9.36 8.60 7.59 5.80 2.71 1.42 1.01 1.03 1.39 2.02 1.54 1.54 0.37 0.97 0.00 0.50 1.06 1.83 2.20 1.79 0.80 0.60 0.56 0.70 1.66 1.94 2.79
1.68 1.24 2.41 2.77 1.83 1.97 3.07 3.29 2.19 0.00 0.00 0.00 0.00 0.00 0.00 0.00 0.00 2.85 2.85 0.00 0.00 0.00 0.00 0.00 0.00 0.00 0.00 1.75 0.29 0.00 0.00 0.00 0.00 0.00 0.00 0.00 0.00 0.00 0.00 0.00 0.00 0.00 0.29 0.29 0.00 0.00 0.37 0.22 1.17 1.02 2.04 3.21 3.43 4.70 3.65 4.79 6.06 8.48 7.30 5.86 3.87 4.64 2.33 1.39 0.33 0.99 1.52 1.19 1.17 0.22 0.17 0.00 1.27 1.37 1.61 1.47 1.48 0.87 0.23 0.86 0.45 1.05 1.66 2.73
1.17 0.00 0.00 2.12 2.34 2.19 4.45 3.36 2.77 2.48 3.43 1.46 0.00 0.00 0.00 2.26 0.00 0.00 0.00 0.00 0.00 0.00 0.00 0.00 0.00 0.00 0.00 0.73 1.24 0.15 0.00 0.00 0.29 0.66 0.00 0.00 0.00 0.00 0.00 0.00 0.00 2.77 2.19 2.19 2.26 1.10 0.80 0.58 0.88 2.40 2.48 4.52 6.27 7.46 9.81 8.66 4.60 0.00 8.46 4.97 3.45 3.92 1.83 1.39 1.33 0.48 0.22 1.13 1.10 0.73 1.02 0.57 1.33 2.20 2.20 2.04 0.31 0.65 0.37 0.60 0.61 1.88 2.67 2.74
2.26 0.22 2.56 4.02 3.50 2.48 1.97 2.70 2.99 3.65 3.43 2.99 2.77 1.53 1.83 2.04 3.14 2.77 2.77 0.66 1.17 0.00 0.00 0.00 0.88 1.83 1.53 1.75 1.39 1.31 1.83 0.95 0.37 1.31 1.68 2.19 1.10 0.00 0.00 4.96 3.36 0.00 2.19 2.19 2.19 1.61 0.66 1.90 3.07 4.82 7.38 8.56 8.85 9.54 9.68 0.00 8.32 11.78 13.93 13.21 11.74 8.17 3.61 3.69 3.94 3.08 1.77 0.75 0.74 0.15 0.00 0.61 0.76 2.63 3.97 3.87 1.89 0.00 0.00 0.24 0.00 0.67 1.34 3.61
5.55 4.02 3.43 4.38 4.96 4.09 2.12 3.07 2.04 2.41 3.50 2.77 2.85 2.48 2.34 1.46 1.83 2.41 2.41 1.10 1.75 0.95 0.00 0.58 0.44 1.10 1.02 1.46 1.02 0.80 1.24 0.29 0.37 1.39 1.75 2.26 3.58 4.74 0.00 3.72 1.17 1.17 0.51 0.51 0.80 1.53 1.46 1.24 2.03 3.65 6.55 8.33 9.16 9.40 0.00 0.00 9.47 15.23 12.21 15.16 15.41 13.69 8.41 7.90 5.77 4.31 5.36 3.63 3.57 0.15 0.00 0.56 0.88 2.79 3.81 4.23 1.40 0.52 0.23 0.00 0.00 0.25 0.89 2.66
5.84 4.74 3.43 5.04 5.69 6.50 4.02 2.77 1.68 1.97 2.48 2.77 2.77 2.48 3.07 2.48 2.12 1.75 1.75 2.19 0.88 0.95 1.31 0.15 0.00 0.44 0.37 0.00 0.44 0.80 1.53 0.29 0.22 1.10 3.14 3.65 3.87 3.43 2.70 0.29 0.00 0.00 0.00 0.00 0.00 0.88 0.37 1.33 2.27 3.61 4.98 8.00 10.00 0.00 1.17 11.33 6.75 6.93 9.73 13.23 16.01 16.02 15.26 11.32 8.40 7.45 5.88 3.74 4.16 1.36 0.60 0.62 0.71 1.65 3.89 4.13 2.34 0.80 0.07 0.16 0.20 0.96 1.27 2.47
2.77 5.18 5.04 3.07 3.21 5.33 4.02 3.52 2.41 1.17 0.73 2.26 2.41 2.34 2.77 3.29 2.34 2.48 2.48 1.46 0.51 0.37 1.39 0.73 1.17 0.15 0.73 0.22 0.00 1.97 2.12 1.31 0.07 0.15 0.88 2.26 2.26 3.29 0.15 0.00 0.29 0.00 0.00 0.00 0.00 0.29 0.88 2.13 3.14 4.13 5.92 7.81 0.00 0.00 9.23 10.22 6.47 6.89 5.14 9.27 12.88 15.73 15.77 17.08 14.09 9.42 7.14 5.18 4.99 4.15 1.02 0.94 1.12 2.15 4.36 3.59 3.04 0.92 0.46 0.31 0.00 1.50 2.32 2.78
0.00 2.70 2.56 2.48 0.00 2.56 2.56 2.19 2.19 1.10 1.46 1.75 1.68 1.46 1.97 1.97 3.14 2.77 2.77 1.61 0.58 0.44 0.22 0.00 0.00 0.44 0.51 0.00 0.00 0.07 0.66 0.00 0.00 0.00 0.00 0.00 1.02 0.00 0.00 0.00 0.00 0.00 0.00 0.00 0.00 0.07 1.46 1.83 3.07 4.53 4.97 0.00 0.00 9.79 7.06 8.51 7.38 5.40 5.21 9.49 10.29 12.82 15.14 19.99 18.19 13.40 9.68 8.33 8.38 5.72 3.35 1.53 1.25 2.31 2.95 1.78 1.49 1.17 0.07 0.32 0.25 1.86 2.61 2.84
0.00 0.00 0.00 0.00 0.00 0.00 3.58 2.26 0.95 1.61 1.97 1.75 1.75 0.95 0.95 1.10 1.68 1.61 1.61 2.19 0.00 0.66 0.00 0.00 0.00 0.00 0.00 0.00 0.00 0.00 0.00 0.00 0.00 0.00 0.00 0.66 0.00 0.00 0.00 0.00 0.00 0.00 0.00 0.00 0.00 0.00 0.66 1.39 1.85 4.21 0.00 0.00 11.45 6.48 6.29 7.96 6.31 0.00 5.74 8.69 10.33 12.41 13.07 18.06 18.79 16.64 15.16 11.46 13.41 7.46 5.66 3.01 1.71 1.23 1.31 1.33 1.30 0.95 1.55 0.56 0.26 1.92 3.41 3.36
0.00 0.00 0.00 0.00 0.00 0.00 2.99 3.43 2.70 1.61 2.70 2.56 1.61 1.46 0.58 1.10 0.07 1.02 1.02 0.22 0.00 0.00 0.00 0.00 0.00 0.00 0.00 0.00 0.00 0.00 0.00 0.00 0.00 0.00 0.00 0.00 0.00 0.00 0.00 0.00 0.00 0.00 0.00 0.00 0.00 0.00 0.00 2.13 0.00 0.00 0.96 7.52 5.45 6.40 10.24 0.00 0.00 0.00 6.83 8.25 11.33 11.37 12.67 14.98 19.75 18.00 19.80 13.29 14.88 10.27 7.95 4.33 3.43 1.15 0.75 1.22 1.49 0.88 0.56 0.00 0.66 2.79 3.19 2.62
0.00 0.00 0.00 0.00 0.00 0.00 0.00 2.77 2.85 2.85 2.26 3.65 2.85 2.26 2.99 2.74 1.62 0.22 0.22 0.00 1.68 0.00 0.00 0.00 0.00 0.00 0.07 0.15 0.00 0.00 0.00 0.00 0.00 0.00 0.00 0.00 0.00 0.00 0.00 0.00 0.29 0.00 0.00 0.00 0.00 0.00 0.00 0.00 0.00 2.11 9.47 7.38 8.49 8.57 0.00 0.00 0.00 0.00 0.00 0.00 6.39 12.58 10.93 11.15 16.66 18.18 23.13 16.43 16.79 14.42 10.65 6.20 5.10 2.03 0.60 0.36 1.33 0.23 0.00 0.00 0.50 1.68 3.47 2.25
0.00 0.00 0.00 0.00 0.00 0.00 0.00 0.00 2.77 2.48 2.77 4.96 2.77 4.38 4.09 3.67 2.77 1.21 1.13 1.68 2.41 1.10 0.07 0.00 0.44 0.66 0.00 0.00 0.00 0.00 0.00 0.00 0.00 0.00 0.00 0.00 0.73 0.00 0.00 0.00 1.75 1.02 0.88 0.88 2.70 0.00 0.00 0.00 4.27 7.97 10.10 12.13 4.36 0.00 0.00 0.00 0.00 0.00 0.00 0.00 0.00 9.28 10.49 8.78 15.67 16.41 19.08 19.21 23.47 16.53 10.29 8.07 7.48 3.84 1.14 1.01 1.68 1.68 0.00 0.00 0.00 0.00 0.00 0.00
0.00 0.00 0.00 0.00 0.00 0.00 0.00 0.00 0.00 0.00 0.00 0.00 0.00 0.00 0.00 0.00 1.90 3.75 3.81 2.92 3.21 3.07 4.23 3.50 3.14 2.04 1.75 1.83 0.95 0.73 2.04 1.97 2.19 0.66 1.83 4.31 5.33 5.55 5.91 4.70 5.49 6.49 8.10 8.10 2.41 9.56 7.74 6.02 5.79 0.00 0.00 0.00 0.00 0.00 0.00 0.00 0.00 0.00 0.00 0.00 0.00 0.00 0.00 6.59 9.38 8.25 12.52 9.46 10.58 12.47 9.69 6.51 6.11 3.34 1.30 1.52 0.90 1.83 0.83 0.00 0.00 0.00 0.00 0.00
0.00 0.00 0.00 0.00 0.00 0.00 0.00 0.00 0.00 0.00 0.00 0.00 0.00 0.00 0.00 0.00 0.00 0.00 0.00 2.26 4.03 3.71 3.50 4.31 4.96 3.26 2.10 2.19 3.72 4.31 4.31 3.14 2.19 2.12 2.77 3.21 5.77 7.45 5.40 6.06 4.95 7.26 8.61 9.62 15.33 14.16 9.05 7.34 9.43 0.00 0.00 0.00 0.00 0.00 0.00 0.00 0.00 0.00 0.00 0.00 0.00 0.00 0.00 0.00 0.00 9.64 6.86 5.26 5.26 5.56 0.00 0.00 0.00 0.00 0.00 0.00 1.05 0.00 0.00 0.00 0.00 0.00 0.00 0.00
0.00 0.00 0.00 0.00 0.00 0.00 0.00 0.00 0.00 0.00 0.00 0.00 0.00 0.00 0.00 0.00 0.00 0.00 0.00 0.00 0.00 0.00 2.48 2.41 4.38 3.59 2.23 2.12 4.45 5.33 3.43 2.77 2.52 1.75 0.00 0.00 3.29 3.36 4.23 3.80 0.00 6.06 5.75 7.30 9.50 11.83 9.73 10.31 0.00 0.00 0.00 0.00 0.00 0.00 0.00 0.00 0.00 0.00 0.00 0.00 0.00 0.00 0.00 0.00 0.00 0.00 0.00 0.00 0.00 0.00 0.00 0.00 0.00 0.00 0.00 0.00 0.00 0.00 0.00 0.00 0.00 0.00 0.00 0.00
0.00 0.00 0.00 0.00 0.00 0.00 0.00 0.00 0.00 0.00 0.00 0.00 0.00 0.00 0.00 0.00 0.00 0.00 0.00 0.00 0.00 0.00 0.00 0.00 0.00 0.00 0.00 0.00 1.90 2.77 2.26 2.18 0.00 0.00 0.00 0.00 0.00 0.00 0.00 0.00 0.00 0.00 0.00 0.00 3.79 11.03 9.91 0.00 0.00 0.00 0.00 0.00 0.00 0.00 0.00 0.00 0.00 0.00 0.00 0.00 0.00 0.00 0.00 0.00 0.00 0.00 0.00 0.00 0.00 0.00 0.00 0.00 0.00 0.00 0.00 0.00 0.00 0.00 0.00 0.00 0.00 0.00 0.00 0.00
