Wansh/Snow_depth/snowdepth-1988/winter/1988351.txt
ncols 321
nrows 161
xllcenter 60
yllcenter 15 
cellsize  0.25 
NODATA_value -1
[rows 0 to 36 of 161, columns 84 to 167 of 321]
7.30 5.91 5.69 5.26 3.94 0.00 0.00 0.00 1.90 4.02 5.04 5.33 5.62 5.69 5.11 5.18 4.82 5.04 5.04 5.11 4.67 4.89 4.82 3.80 2.41 1.61 1.46 1.02 0.66 0.37 0.58 1.24 1.24 0.58 0.00 0.00 0.00 0.00 0.00 0.00 0.00 0.00 0.58 0.58 0.00 0.00 0.00 0.00 0.00 0.00 1.75 0.00 1.31 0.22 0.00 0.00 0.00 0.00 0.37 0.44 0.66 0.73 0.44 0.37 0.51 0.15 0.88 0.88 0.88 0.95 2.04 2.48 3.29 2.99 2.63 3.07 3.58 3.80 3.80 3.58 3.50 3.50 2.85 1.46
0.00 0.00 0.00 0.00 0.00 0.00 0.00 0.00 0.00 1.97 3.94 4.02 3.80 3.21 3.14 2.41 2.56 2.92 2.92 3.58 3.50 3.94 4.67 4.67 3.94 3.07 1.75 1.17 0.51 0.00 0.66 0.80 1.02 0.00 0.00 0.00 0.00 0.00 0.00 0.00 0.00 0.00 0.00 0.00 0.51 0.15 0.00 0.00 0.00 0.00 0.00 1.02 0.95 1.17 1.83 1.97 1.17 1.31 1.90 1.97 2.12 2.56 0.95 2.70 1.83 1.83 2.26 2.26 2.26 2.34 2.26 1.97 2.77 3.43 3.43 3.94 4.67 4.89 4.82 4.23 3.36 2.92 3.14 2.48
0.00 0.00 0.00 0.00 0.00 0.00 0.95 0.73 1.46 2.56 2.99 3.43 3.58 3.14 2.48 2.26 2.12 2.04 2.04 2.77 3.29 3.65 3.72 4.16 3.80 3.14 2.19 1.46 1.46 0.44 0.00 0.95 1.31 1.24 0.88 0.00 0.00 0.00 0.00 0.00 0.00 0.00 0.00 0.00 0.00 0.29 0.00 0.00 0.00 0.00 0.00 0.73 0.51 1.10 1.53 1.75 2.34 3.07 4.09 4.16 4.60 4.60 5.48 4.89 4.16 3.36 3.50 4.45 4.45 5.04 4.31 3.87 3.80 3.21 3.29 3.87 4.38 4.53 3.80 3.58 3.50 4.60 4.89 4.09
0.00 0.00 0.00 0.00 0.00 0.00 0.95 0.73 1.46 2.56 2.99 3.43 3.58 3.14 2.48 2.26 2.12 2.04 2.04 2.77 3.29 3.65 3.72 4.16 3.80 3.14 2.19 1.46 1.46 0.44 0.00 0.95 1.31 1.24 0.88 0.00 0.00 0.00 0.00 0.00 0.00 0.00 0.00 0.00 0.00 0.29 0.00 0.00 0.00 0.00 0.00 0.73 0.51 1.10 1.53 1.75 2.34 3.07 4.09 4.16 4.60 4.60 5.48 4.89 4.16 3.36 3.50 4.45 4.45 5.04 4.31 3.87 3.80 3.21 3.29 3.87 4.38 4.53 3.80 3.58 3.50 4.60 4.89 4.09
0.00 0.00 0.00 0.00 0.00 0.00 0.07 1.10 1.75 1.83 2.04 2.26 2.92 2.77 3.43 3.29 2.63 1.61 1.61 1.10 1.83 3.43 4.23 4.31 3.94 2.92 1.61 2.04 1.61 1.61 1.53 1.53 2.85 2.85 3.07 1.97 0.58 0.00 0.00 0.00 0.00 0.00 0.00 0.00 0.00 0.29 1.61 0.00 0.00 0.00 0.00 0.00 0.15 0.58 0.66 0.88 0.95 1.61 2.85 3.65 5.48 6.06 7.45 6.79 6.28 5.48 5.55 5.55 5.55 5.04 4.31 4.31 3.87 3.36 4.09 3.36 2.92 2.92 3.50 3.87 4.23 5.04 4.82 4.60
0.00 0.00 0.00 0.00 0.00 0.00 0.00 0.66 1.02 0.73 0.51 1.31 2.48 3.87 4.53 5.18 5.18 4.67 4.67 3.80 2.48 1.68 1.46 2.56 3.43 4.31 2.56 1.90 1.39 1.10 1.68 1.83 2.63 3.72 3.14 2.41 1.68 0.00 0.00 0.00 0.00 0.00 0.00 0.00 0.00 0.00 0.58 0.00 0.00 0.00 0.00 0.00 0.00 0.37 0.73 0.66 1.17 1.90 2.77 3.65 4.16 6.35 7.96 9.34 9.20 8.10 6.64 4.82 4.82 4.02 3.58 4.02 4.67 4.82 4.60 3.65 2.99 2.99 4.09 4.02 4.45 4.67 4.60 4.67
0.00 0.00 0.00 0.00 0.00 0.00 0.80 0.80 1.46 1.61 1.31 0.73 2.41 4.31 5.84 6.06 5.55 5.77 5.77 0.00 5.33 4.31 2.19 0.22 0.58 1.24 2.19 1.68 0.95 1.24 1.83 1.83 1.90 2.04 2.19 1.68 0.29 0.00 0.00 0.00 0.00 0.00 0.00 0.00 0.00 0.00 0.00 0.00 0.00 0.00 0.00 0.00 0.44 0.80 1.83 1.90 3.21 3.94 4.53 4.74 4.89 6.13 8.32 9.93 9.49 8.98 9.93 8.47 8.47 6.35 5.40 6.42 7.66 7.66 7.08 7.01 6.35 5.69 4.82 3.72 3.80 4.31 4.74 4.53
0.00 0.00 0.00 0.00 0.00 0.00 0.80 0.80 1.46 1.61 1.31 0.73 2.41 4.31 5.84 6.06 5.55 5.77 5.77 0.00 5.33 4.31 2.19 0.22 0.58 1.24 2.19 1.68 0.95 1.24 1.83 1.83 1.90 2.04 2.19 1.68 0.29 0.00 0.00 0.00 0.00 0.00 0.00 0.00 0.00 0.00 0.00 0.00 0.00 0.00 0.00 0.00 0.44 0.80 1.83 1.90 3.21 3.94 4.53 4.74 4.89 6.13 8.32 9.93 9.49 8.98 9.93 8.47 8.47 6.35 5.40 6.42 7.66 7.66 7.08 7.01 6.35 5.69 4.82 3.72 3.80 4.31 4.74 4.53
0.00 0.00 1.24 1.61 2.12 2.19 0.00 0.00 0.00 0.00 2.92 1.17 0.88 3.29 6.06 6.72 6.28 5.91 5.91 6.28 6.50 5.69 3.58 1.90 0.73 0.95 0.88 0.73 0.00 0.00 1.31 1.83 1.90 2.12 0.00 0.00 0.00 0.00 0.00 0.07 0.00 0.00 0.00 0.00 0.07 0.00 0.00 0.00 0.00 0.00 1.46 2.70 2.99 3.14 2.56 2.04 3.43 3.29 3.14 3.43 4.02 4.74 5.77 6.28 6.13 6.64 7.15 8.76 8.76 7.30 7.45 8.10 9.27 9.49 8.83 8.32 8.18 8.61 9.20 9.05 6.64 5.40 4.53 3.65
1.46 1.10 0.88 0.95 1.46 0.00 0.00 0.00 0.00 0.00 2.12 1.17 0.88 1.53 3.07 4.74 4.53 0.00 0.00 4.09 5.11 6.06 4.45 2.85 0.00 0.00 0.00 0.00 0.00 0.00 0.00 1.83 0.00 0.00 0.00 0.95 0.00 0.00 1.10 0.00 0.15 0.00 0.37 0.37 0.51 1.10 1.02 1.53 2.85 3.29 4.23 5.40 6.35 6.57 5.04 4.60 3.58 4.45 4.23 4.45 3.94 2.99 2.99 2.77 2.70 3.87 5.84 6.64 6.64 7.52 7.74 11.32 11.39 11.17 10.73 9.05 10.59 13.58 15.18 14.24 11.02 7.01 4.09 3.87
2.56 1.90 0.00 1.24 0.00 0.00 3.50 4.82 4.96 3.72 3.50 1.90 1.02 1.83 2.70 2.92 3.94 3.72 3.72 4.16 4.67 3.87 0.00 0.00 0.00 0.00 0.00 0.00 0.00 0.00 0.00 0.00 0.00 1.53 2.12 0.00 0.00 2.34 1.83 0.15 2.19 2.77 3.80 3.80 3.21 2.19 2.56 2.41 2.77 3.07 3.36 4.38 4.89 4.53 4.16 4.31 5.99 5.18 6.28 6.13 5.91 5.26 5.26 4.60 4.38 5.91 7.37 9.20 9.20 11.90 12.41 15.04 13.72 13.65 13.72 15.18 17.37 20.59 20.95 18.76 13.87 8.47 7.59 6.72
2.56 1.90 0.00 1.24 0.00 0.00 3.50 4.82 4.96 3.72 3.50 1.90 1.02 1.83 2.70 2.92 3.94 3.72 3.72 4.16 4.67 3.87 0.00 0.00 0.00 0.00 0.00 0.00 0.00 0.00 0.00 0.00 0.00 1.53 2.12 0.00 0.00 2.34 1.83 0.15 2.19 2.77 3.80 3.80 3.21 2.19 2.56 2.41 2.77 3.07 3.36 4.38 4.89 4.53 4.16 4.31 5.99 5.18 6.28 6.13 5.91 5.26 5.26 4.60 4.38 5.91 7.37 9.20 9.20 11.90 12.41 15.04 13.72 13.65 13.72 15.18 17.37 20.59 20.95 18.76 13.87 8.47 7.59 6.72
1.39 1.97 3.72 3.58 3.36 3.80 4.89 4.96 5.11 4.74 5.11 5.18 3.65 3.94 4.67 5.18 6.06 5.55 5.55 5.04 0.00 0.00 0.00 0.00 0.00 0.00 0.00 0.00 0.00 0.00 2.34 2.48 1.90 2.77 3.14 4.23 4.53 4.53 4.38 4.60 4.89 5.69 5.62 5.62 4.16 2.99 2.85 2.48 3.29 3.50 3.29 3.36 2.41 1.68 2.19 3.21 5.55 7.15 7.81 9.05 8.10 7.23 6.64 6.35 6.13 7.30 8.61 10.66 10.66 12.48 14.38 15.84 15.99 15.84 16.50 18.25 19.78 21.10 21.17 18.54 14.24 11.24 10.95 10.22
1.31 2.77 3.65 4.74 5.91 5.77 4.74 4.67 5.18 5.55 5.48 5.77 6.79 6.64 6.64 6.20 5.84 0.00 0.00 0.00 0.00 0.00 0.00 0.00 0.00 0.00 0.51 1.24 2.12 5.11 5.62 6.64 6.94 6.72 6.42 6.42 6.42 6.13 6.28 4.89 5.55 3.94 2.99 2.99 2.77 2.34 1.83 1.61 3.65 3.58 2.56 1.61 0.95 0.66 0.44 1.02 2.41 3.21 5.40 7.08 6.50 6.86 7.45 8.40 8.61 8.18 8.91 10.22 10.22 11.61 13.36 15.18 16.43 15.04 15.11 16.43 15.84 14.75 12.12 10.00 9.34 9.64 8.69 7.37
2.41 3.50 4.82 5.48 6.13 4.96 3.14 2.85 3.58 4.16 4.82 4.67 4.89 5.84 5.91 0.00 0.00 0.00 0.00 0.00 0.00 0.00 0.00 0.00 0.00 0.00 2.12 3.21 5.18 6.57 8.69 9.64 9.27 8.25 7.66 4.96 3.58 3.14 2.34 2.48 3.21 3.29 2.41 2.41 2.70 2.92 3.14 3.87 2.56 2.85 3.21 3.36 2.12 0.88 0.88 1.02 1.24 1.24 1.83 2.12 3.21 4.38 5.11 5.33 5.99 7.08 8.25 8.69 8.69 9.86 12.34 13.51 11.90 14.24 7.96 8.40 9.27 4.82 0.00 0.00 3.36 10.15 8.91 7.96
2.48 2.92 3.58 4.82 5.62 5.33 0.00 0.00 0.00 3.50 3.94 4.02 3.65 2.92 0.00 0.00 0.00 0.00 0.00 0.00 0.00 0.00 0.00 5.77 5.99 4.82 4.31 4.23 4.82 6.79 8.61 10.22 9.86 7.88 6.28 4.31 3.29 2.77 2.19 2.70 2.19 4.31 4.82 4.82 4.89 5.84 5.99 7.01 7.37 5.26 5.62 5.62 4.53 3.58 3.29 3.29 3.43 2.56 2.04 1.83 2.99 2.85 4.23 4.45 4.82 5.62 7.74 9.34 9.34 10.51 11.83 11.10 8.61 5.48 8.40 5.26 8.03 2.12 0.00 0.00 6.64 8.25 7.23 8.91
2.48 2.92 3.58 4.82 5.62 5.33 0.00 0.00 0.00 3.50 3.94 4.02 3.65 2.92 0.00 0.00 0.00 0.00 0.00 0.00 0.00 0.00 0.00 5.77 5.99 4.82 4.31 4.23 4.82 6.79 8.61 10.22 9.86 7.88 6.28 4.31 3.29 2.77 2.19 2.70 2.19 4.31 4.82 4.82 4.89 5.84 5.99 7.01 7.37 5.26 5.62 5.62 4.53 3.58 3.29 3.29 3.43 2.56 2.04 1.83 2.99 2.85 4.23 4.45 4.82 5.62 7.74 9.34 9.34 10.51 11.83 11.10 8.61 5.48 8.40 5.26 8.03 2.12 0.00 0.00 6.64 8.25 7.23 8.91
0.00 0.00 0.00 4.67 4.53 0.00 0.00 0.00 1.53 1.75 3.36 3.87 4.45 5.33 4.31 3.50 0.00 0.00 0.00 3.65 2.92 0.00 0.00 2.99 3.94 5.91 5.55 5.26 4.82 5.84 7.52 9.49 9.78 9.64 7.37 5.04 4.60 4.02 4.23 6.57 7.23 5.91 8.32 8.32 7.81 6.50 6.28 5.62 5.40 5.40 5.55 6.06 5.26 3.87 4.89 4.89 4.74 3.43 3.14 4.09 7.59 8.76 6.13 7.08 6.35 6.42 7.15 8.69 8.69 11.68 12.34 10.29 6.13 3.21 3.36 2.56 6.72 1.61 0.00 1.24 3.43 3.58 3.29 4.96
0.00 0.00 0.00 0.00 4.60 4.89 3.72 2.48 2.63 2.70 3.07 3.50 5.04 5.99 5.48 4.45 4.38 4.82 4.82 5.33 5.33 2.92 2.19 2.77 3.72 4.96 5.69 6.86 7.08 7.45 7.96 11.39 11.24 10.44 9.56 8.25 4.89 3.94 3.29 4.38 6.28 7.52 6.72 6.72 6.28 3.94 2.41 0.29 0.00 0.51 3.80 2.48 1.02 1.17 2.26 2.77 3.58 3.58 5.69 6.79 9.42 11.17 10.66 10.95 8.18 7.37 8.10 10.66 10.66 12.85 11.75 7.59 4.67 2.77 3.80 4.23 3.80 0.00 0.00 0.88 0.51 1.61 1.97 1.24
0.00 0.00 0.00 0.00 2.56 3.21 4.53 4.09 3.07 3.29 4.09 4.23 4.74 5.26 5.48 5.33 4.60 4.60 4.60 4.82 4.74 3.94 4.67 4.82 4.67 5.33 6.13 5.62 5.55 5.18 5.77 7.23 9.20 8.47 6.64 5.99 4.74 3.50 2.12 1.02 1.46 5.69 4.89 4.89 5.91 2.99 1.10 0.00 0.00 0.00 0.00 0.00 0.15 0.58 1.39 3.36 3.36 3.58 3.65 4.45 7.66 9.56 10.44 12.99 11.61 10.00 11.39 11.90 11.90 10.51 7.23 4.96 2.77 0.88 0.66 0.00 1.10 0.44 0.00 0.80 0.58 1.02 0.73 0.07
0.00 0.00 0.00 0.00 0.00 0.00 3.07 3.43 2.92 2.34 2.19 3.72 3.94 3.94 4.31 5.62 6.42 5.91 5.91 5.55 5.69 5.77 6.06 6.35 8.40 8.69 8.18 6.94 6.72 5.69 5.18 4.96 6.42 6.50 5.99 3.21 1.90 1.24 1.61 1.83 2.26 5.77 6.72 6.72 6.28 5.33 3.65 2.70 2.34 1.46 0.44 0.95 0.00 2.56 3.80 5.26 5.91 5.77 4.23 4.60 5.33 5.40 6.28 7.08 10.15 10.59 9.56 8.40 8.40 5.69 2.19 1.90 0.66 0.07 0.00 0.00 0.00 0.00 0.00 0.00 0.00 0.00 0.00 0.00
1.90 0.00 0.00 0.00 0.00 0.00 0.00 0.00 2.99 2.48 2.41 2.56 3.21 3.94 4.53 5.11 6.06 7.52 7.52 7.96 7.81 8.40 9.56 10.80 12.34 12.34 13.94 13.21 11.83 9.20 8.69 6.94 6.72 6.72 5.62 3.94 1.46 0.00 0.00 2.12 3.87 4.60 6.28 6.28 4.23 4.09 2.92 2.12 0.00 0.00 0.00 0.00 0.58 0.29 4.23 7.30 7.88 5.55 4.45 3.43 1.24 1.24 2.04 2.12 3.65 6.42 5.48 4.23 4.23 1.83 1.31 2.19 1.24 0.00 0.00 0.00 0.00 0.00 0.00 0.00 0.07 0.00 0.00 0.00
1.90 0.00 0.00 0.00 0.00 0.00 0.00 0.00 2.99 2.48 2.41 2.56 3.21 3.94 4.53 5.11 6.06 7.52 7.52 7.96 7.81 8.40 9.56 10.80 12.34 12.34 13.94 13.21 11.83 9.20 8.69 6.94 6.72 6.72 5.62 3.94 1.46 0.00 0.00 2.12 3.87 4.60 6.28 6.28 4.23 4.09 2.92 2.12 0.00 0.00 0.00 0.00 0.58 0.29 4.23 7.30 7.88 5.55 4.45 3.43 1.24 1.24 2.04 2.12 3.65 6.42 5.48 4.23 4.23 1.83 1.31 2.19 1.24 0.00 0.00 0.00 0.00 0.00 0.00 0.00 0.07 0.00 0.00 0.00
0.00 0.00 0.00 0.00 0.00 0.00 0.00 0.00 0.00 1.90 1.68 2.34 0.00 3.43 4.89 5.18 5.84 6.13 6.13 6.50 7.52 9.49 9.64 10.88 12.99 14.82 15.33 15.48 14.82 12.85 10.44 7.96 6.86 6.06 5.04 0.00 2.04 0.80 0.00 0.00 0.66 1.68 3.36 3.36 1.61 0.00 0.00 0.00 0.00 0.00 0.00 0.00 0.37 2.63 0.15 4.82 4.31 2.56 1.24 0.88 1.02 1.02 0.95 0.22 1.39 1.83 3.29 2.34 2.34 1.90 2.04 2.48 1.02 0.15 0.73 0.07 0.00 0.00 0.00 0.00 0.00 0.00 0.00 0.00
2.85 2.92 2.04 0.00 0.00 0.00 0.00 0.00 2.26 2.41 3.21 2.92 3.36 4.38 5.48 6.64 7.01 6.94 6.94 7.01 7.74 9.05 10.44 11.10 10.64 13.39 13.27 13.36 12.63 12.19 10.00 7.81 5.55 3.14 1.53 0.66 1.17 1.39 1.46 1.31 1.61 1.24 0.00 0.00 1.17 0.00 0.00 0.00 0.00 0.00 0.00 0.00 0.00 0.22 0.00 1.83 2.04 1.68 0.73 0.44 0.00 0.73 0.95 1.39 1.75 1.75 2.56 2.41 2.41 2.70 2.92 2.48 2.12 1.02 1.10 0.58 0.00 0.00 0.00 0.00 0.00 0.00 0.00 0.00
3.94 5.11 4.23 2.19 1.31 0.29 1.02 1.39 0.51 0.00 0.00 0.44 2.04 3.29 3.65 4.60 6.20 6.79 6.79 7.15 7.88 9.56 10.07 11.20 13.04 11.77 13.04 13.09 13.14 12.63 10.15 7.59 6.79 5.91 3.72 1.90 1.02 2.12 2.26 2.77 1.90 0.95 0.95 0.95 2.92 0.00 0.00 0.00 0.00 0.00 0.00 0.00 0.00 0.00 0.37 0.15 0.44 0.00 0.00 0.00 0.00 0.88 0.66 1.83 1.75 1.31 1.17 1.46 1.46 2.77 2.70 2.70 2.70 1.68 1.31 1.31 0.66 0.07 0.00 0.00 0.00 0.00 0.00 0.00
7.66 8.40 6.86 3.50 0.66 0.00 0.00 0.88 0.07 0.00 0.00 0.00 0.00 1.61 2.04 1.68 0.00 0.00 0.00 3.58 3.80 5.48 5.79 7.45 9.38 10.44 12.90 13.20 13.70 13.93 13.14 10.88 10.07 9.13 7.52 5.77 5.04 3.72 3.58 3.50 2.19 1.39 0.22 0.22 0.00 0.00 0.00 0.00 0.00 0.00 0.00 0.00 0.00 0.00 0.00 0.00 0.37 0.00 0.00 0.00 0.51 1.24 3.07 3.87 4.16 2.99 3.58 3.87 3.87 3.07 5.99 4.89 4.31 2.92 2.26 1.53 1.83 1.90 0.73 0.00 0.15 0.00 0.00 0.00
7.23 9.13 10.37 7.52 2.41 0.00 0.00 1.83 2.85 0.00 0.00 0.00 0.00 0.00 0.00 0.00 2.56 0.00 0.00 0.00 0.00 1.41 1.43 0.00 0.00 5.33 6.85 10.63 13.18 14.53 14.82 13.51 13.43 14.45 14.38 13.36 10.59 9.27 6.50 4.23 2.56 0.22 0.00 0.00 0.00 0.44 0.00 0.00 0.00 0.00 0.00 0.00 0.00 0.00 0.00 0.00 0.00 0.00 0.00 0.44 0.73 1.83 5.26 7.59 9.42 10.88 8.54 8.91 8.91 7.81 8.18 6.79 5.55 3.58 2.63 1.31 1.46 0.73 0.22 0.80 0.51 0.00 0.00 0.00
7.23 9.13 10.37 7.52 2.41 0.00 0.00 1.83 2.85 0.00 0.00 0.00 0.00 0.00 0.00 0.00 2.56 0.00 0.00 0.00 0.00 1.51 1.39 0.00 0.00 5.33 6.64 9.88 12.31 14.75 14.97 14.07 15.09 15.30 14.75 13.36 10.59 9.27 6.50 4.23 2.56 0.22 0.00 0.00 0.00 0.44 0.00 0.00 0.00 0.00 0.00 0.00 0.00 0.00 0.00 0.00 0.00 0.00 0.00 0.44 0.73 1.83 5.26 7.59 9.42 10.88 8.54 8.91 8.91 7.81 8.18 6.79 5.55 3.58 2.63 1.31 1.46 0.73 0.22 0.80 0.51 0.00 0.00 0.00
6.94 9.20 8.18 5.84 3.36 1.46 0.95 3.36 5.69 5.99 4.82 0.00 0.00 0.00 0.00 3.21 4.96 6.13 6.13 5.48 3.36 0.00 0.00 0.00 0.00 0.15 0.00 2.93 4.16 8.00 9.59 11.50 12.65 15.03 16.11 16.64 14.53 11.17 9.93 6.86 4.31 2.26 0.07 0.07 0.00 0.00 0.00 0.00 0.00 0.00 0.00 0.00 0.00 0.00 0.00 0.00 0.00 0.00 0.00 0.00 2.26 2.63 5.40 9.13 14.24 15.40 13.07 11.10 11.10 8.47 10.66 9.64 4.31 2.12 1.61 2.04 2.19 0.88 0.00 0.44 0.00 0.00 0.00 0.00
6.28 7.15 6.35 5.33 4.67 3.50 3.07 4.45 6.28 6.79 6.42 5.40 0.00 0.73 2.41 5.18 7.66 8.61 8.61 8.00 5.84 3.52 0.00 0.00 0.00 0.00 0.00 0.00 0.00 2.14 3.87 5.40 7.23 10.97 14.84 15.39 15.49 16.43 15.84 13.94 9.49 4.45 2.19 2.19 1.02 0.00 0.00 1.68 0.00 0.00 4.02 0.00 0.00 0.00 0.00 0.00 0.00 0.00 0.00 3.36 3.58 2.56 4.16 7.23 13.65 14.75 12.41 10.29 10.29 8.98 5.55 7.45 2.41 1.39 1.10 1.97 1.46 0.37 0.22 0.07 0.44 0.51 0.00 0.00
2.56 4.53 5.77 4.45 4.23 4.89 4.31 4.89 5.69 5.55 4.38 3.94 2.99 2.34 2.99 4.60 4.89 4.45 4.45 4.53 2.99 2.34 1.39 0.15 0.00 0.00 0.00 0.00 0.00 0.00 2.56 3.65 5.04 7.15 10.53 15.05 17.89 16.57 19.20 21.39 19.71 15.26 6.94 6.94 2.56 0.51 2.19 1.10 0.51 0.00 0.00 0.00 0.00 0.00 0.00 0.00 0.00 0.00 0.00 0.00 2.56 1.83 3.14 7.45 11.32 11.17 8.47 7.52 7.52 5.40 3.80 1.61 3.72 0.95 0.51 0.51 0.00 0.22 0.80 0.51 0.51 1.17 1.24 0.58
0.00 0.73 2.04 2.19 3.72 3.36 3.65 3.14 3.14 3.94 3.72 2.63 2.56 3.50 4.23 4.82 4.23 2.41 2.41 1.39 0.80 0.00 0.00 0.00 0.00 0.00 0.00 0.00 0.00 0.00 1.68 2.77 4.16 5.84 9.78 12.56 17.49 18.84 20.11 21.38 20.29 17.59 12.41 12.41 7.59 1.61 5.18 2.04 1.61 1.10 1.68 0.00 0.00 0.00 0.00 0.00 0.00 0.00 0.00 0.00 2.34 2.34 3.50 4.96 5.26 4.67 3.65 4.02 4.02 2.41 1.68 0.00 2.26 0.00 0.00 0.15 0.29 1.46 1.68 1.68 1.68 2.41 1.97 1.61
0.00 0.00 0.00 0.00 0.00 1.39 1.83 0.00 0.00 0.00 1.10 2.41 2.19 2.77 3.29 3.07 1.53 0.22 0.22 0.00 0.00 0.00 0.00 0.00 0.00 0.00 0.00 0.00 0.00 0.00 0.00 0.00 0.00 3.50 4.53 7.45 10.22 13.72 17.64 19.92 19.66 18.76 17.16 17.16 13.80 2.99 10.66 7.23 3.94 1.97 1.61 1.17 0.95 0.00 0.00 0.00 0.00 0.00 0.00 0.73 1.10 1.97 2.63 3.07 3.21 2.77 0.00 0.00 0.00 0.00 0.00 0.00 0.00 0.00 0.15 0.73 0.88 1.97 2.48 1.53 1.46 1.97 1.97 1.39
0.00 0.00 0.00 0.00 0.00 0.00 0.80 1.10 0.00 0.00 0.00 1.53 2.99 2.34 0.51 0.00 0.00 0.00 0.00 0.00 0.00 0.00 0.00 0.00 0.00 0.00 0.00 0.00 0.00 0.00 0.00 0.00 0.00 0.00 0.00 4.38 6.13 8.26 9.05 10.29 10.69 12.26 11.83 11.83 13.43 12.56 7.59 10.22 9.64 6.50 4.45 1.68 0.80 0.00 0.00 0.00 0.00 0.00 0.00 0.00 0.00 0.00 0.00 0.00 0.00 0.00 0.00 0.00 0.00 0.00 0.00 0.00 0.00 0.00 0.00 0.88 0.00 0.00 0.00 2.26 3.07 3.07 2.92 1.68
0.00 0.00 0.00 0.00 0.00 0.00 0.80 1.10 0.00 0.00 0.00 1.53 2.99 2.34 0.51 0.00 0.00 0.00 0.00 0.00 0.00 0.00 0.00 0.00 0.00 0.00 0.00 0.00 0.00 0.00 0.00 0.00 0.00 0.00 0.00 4.40 6.13 8.22 9.14 10.29 10.59 12.26 11.83 11.83 13.43 12.56 7.59 10.22 9.64 6.50 4.45 1.68 0.80 0.00 0.00 0.00 0.00 0.00 0.00 0.00 0.00 0.00 0.00 0.00 0.00 0.00 0.00 0.00 0.00 0.00 0.00 0.00 0.00 0.00 0.00 0.88 0.00 0.00 0.00 2.26 3.07 3.07 2.92 1.68
0.00 0.00 0.00 0.00 0.00 0.00 0.95 2.67 0.59 0.00 0.00 0.88 1.83 1.68 0.00 0.00 0.00 0.00 0.00 0.00 0.00 0.00 0.00 0.00 0.00 0.00 0.00 0.00 0.00 0.00 0.00 0.00 0.00 0.00 0.00 0.00 0.00 5.26 4.77 4.38 3.94 3.58 2.41 2.41 3.87 4.74 11.97 7.59 9.49 9.49 6.20 4.16 2.26 0.00 0.00 0.00 0.00 0.00 0.00 0.00 0.00 0.00 1.61 2.34 1.97 1.39 0.73 0.00 0.00 0.00 0.00 0.00 0.00 0.00 0.00 0.00 0.00 0.00 2.19 3.65 3.87 4.23 3.29 0.00
