Wansh/Snow_depth/snowdepth-1988/winter/1988336.txt
ncols 321
nrows 161
xllcenter 60
yllcenter 15 
cellsize  0.25 
NODATA_value -1
[rows 74 to 110 of 161, columns 84 to 167 of 321]
0.00 0.00 0.00 1.39 3.14 5.26 6.20 3.43 4.09 4.89 5.04 4.38 3.21 4.38 5.18 6.20 5.91 4.53 4.53 4.82 5.40 4.38 4.38 4.89 5.55 7.66 8.54 6.13 4.31 4.67 5.04 5.18 4.45 4.02 3.65 3.87 4.53 3.87 3.65 4.16 5.69 5.91 5.11 5.11 3.80 2.48 1.97 1.53 2.04 2.04 2.26 1.83 0.00 2.49 1.86 1.17 0.37 0.07 0.80 0.37 0.80 0.00 0.00 0.00 0.00 0.00 0.00 0.00 0.00 0.44 1.47 1.10 0.37 0.00 0.44 0.00 0.00 0.00 0.00 0.00 3.50 2.42 1.02 0.00
1.97 2.41 3.21 2.41 4.02 6.57 8.32 6.06 8.47 7.52 7.88 6.57 6.06 5.11 5.55 4.09 4.31 4.45 4.45 4.96 4.60 4.89 5.11 4.82 5.91 8.32 7.45 4.23 3.94 4.09 4.45 4.60 4.45 0.00 0.00 4.23 4.45 4.53 4.67 5.91 7.88 7.74 5.99 5.99 5.04 3.65 2.99 3.21 3.43 3.14 2.48 2.12 2.12 2.04 1.75 2.48 1.75 1.61 1.10 0.95 1.39 1.46 0.88 0.51 0.15 0.00 0.00 0.00 0.00 1.54 3.21 4.16 3.65 1.97 0.00 0.00 0.00 0.00 0.00 0.00 0.29 1.17 1.47 0.00
5.84 5.11 5.18 4.09 4.60 6.42 7.88 7.37 7.08 7.96 7.74 7.08 6.79 5.77 5.26 4.89 4.89 4.74 4.74 5.18 4.60 5.18 3.58 4.09 4.53 5.55 4.38 4.02 3.58 4.02 3.65 0.00 0.00 0.00 0.00 4.09 3.58 2.92 4.38 5.77 5.55 4.38 3.94 3.94 3.58 3.36 3.21 3.29 3.80 4.02 2.41 2.41 1.90 2.04 1.97 1.53 1.31 1.46 1.17 0.66 1.17 1.31 1.75 1.46 1.31 0.00 0.15 0.22 0.22 1.17 2.92 4.09 5.33 4.02 1.83 0.00 0.00 0.00 0.00 0.00 0.00 0.00 0.00 0.00
5.40 5.26 3.36 2.41 2.99 5.69 6.79 7.01 6.28 6.13 6.50 5.91 6.06 6.28 6.64 6.13 5.77 4.60 4.60 5.26 4.45 3.36 3.50 4.31 4.02 3.36 3.29 0.00 3.58 3.80 3.58 2.99 0.00 0.00 2.99 3.87 0.00 0.00 3.29 4.16 3.87 3.21 2.77 2.77 0.00 0.00 2.56 3.14 3.87 4.53 4.02 2.77 2.19 2.85 3.50 3.29 3.21 2.34 1.17 1.46 1.90 2.34 1.68 1.83 2.04 1.75 1.68 0.95 0.95 0.07 0.37 1.83 3.72 4.67 1.31 0.00 0.00 0.00 0.00 0.00 0.00 0.00 0.00 0.00
7.15 6.94 5.55 4.82 5.26 6.28 5.77 5.69 4.82 4.74 5.48 5.69 5.91 6.13 5.62 5.11 5.18 5.40 5.40 6.20 4.74 4.23 3.65 4.38 4.23 3.14 0.00 0.00 0.00 0.00 0.00 0.00 0.00 0.00 3.58 3.21 0.00 0.00 0.00 0.00 0.00 0.00 0.00 0.00 0.00 0.00 0.00 0.00 0.00 4.23 4.16 4.16 3.87 3.14 3.36 4.09 3.36 2.92 2.19 1.97 2.41 2.77 2.77 2.19 1.10 1.17 2.26 1.53 1.53 0.80 0.00 0.00 1.24 2.12 3.65 0.66 0.00 0.00 0.00 0.00 0.00 0.44 1.39 1.04
6.79 5.48 5.33 4.09 5.18 4.45 4.38 4.89 4.60 4.89 4.09 4.96 4.09 5.11 5.26 4.89 5.04 5.33 5.33 5.77 4.96 4.45 4.74 4.60 3.72 0.00 0.00 3.29 2.63 0.00 0.00 0.00 0.00 0.00 0.00 0.00 0.00 0.00 0.00 0.00 0.00 0.00 0.00 0.00 0.00 0.00 0.00 0.00 0.00 0.00 0.00 0.00 0.00 0.00 1.97 2.19 2.34 2.70 1.83 1.75 2.70 3.21 3.21 2.19 1.02 0.00 0.00 0.37 0.37 1.17 0.73 0.58 1.97 3.50 3.37 1.90 0.95 0.00 0.07 0.00 0.00 0.22 1.61 2.35
0.00 0.00 0.00 3.65 4.67 4.60 4.82 4.02 4.23 4.31 4.23 4.96 4.82 4.45 4.23 4.23 4.23 4.74 4.74 4.38 4.45 3.80 4.23 3.36 2.41 0.00 0.00 2.70 0.00 0.00 2.26 0.00 0.00 0.00 0.00 0.00 0.00 0.00 0.00 0.00 0.00 0.00 0.00 0.00 0.00 0.00 0.00 0.00 0.00 0.00 0.00 0.00 1.75 0.00 0.80 0.95 0.95 1.10 1.39 1.17 2.41 2.48 3.07 1.53 0.00 0.00 0.00 0.00 0.00 0.07 0.22 1.53 3.72 5.26 5.77 5.28 1.12 0.61 1.83 1.10 1.90 0.00 0.00 0.00
2.92 3.65 0.00 3.29 4.02 6.06 5.33 3.87 4.23 4.82 4.23 4.89 4.38 3.50 3.87 3.14 3.94 4.09 4.09 3.87 1.97 1.61 2.63 2.92 1.97 2.04 1.97 1.83 0.00 0.00 0.00 0.00 0.00 0.00 0.00 0.00 0.00 0.00 0.00 0.00 0.00 0.00 3.50 3.50 2.92 0.00 0.00 0.00 0.00 0.00 0.00 0.00 0.00 0.51 0.15 0.00 0.00 0.07 0.37 1.10 1.24 1.46 1.75 1.97 0.00 0.00 0.00 0.00 0.00 0.00 0.00 0.58 3.72 4.82 6.06 5.65 3.98 2.37 1.82 0.00 0.00 0.00 0.00 0.00
3.43 3.50 3.87 2.99 0.00 4.23 4.23 3.14 2.92 2.34 3.72 4.53 4.53 4.53 3.94 3.65 3.72 3.14 3.14 3.07 2.48 1.10 1.68 1.24 2.34 0.00 0.51 0.00 0.00 0.00 0.00 0.00 0.00 0.00 0.00 0.00 0.00 0.00 0.00 0.00 0.00 2.70 0.00 0.00 0.00 0.00 0.00 0.00 0.00 0.00 0.00 0.00 1.46 0.29 0.00 0.15 0.00 0.00 0.00 0.51 1.17 1.90 1.24 0.29 1.39 0.95 0.00 0.00 0.00 0.66 1.02 0.00 0.66 3.36 6.79 7.37 5.26 3.29 2.70 0.00 0.00 0.00 0.00 0.00
3.21 3.72 4.09 3.36 3.29 3.80 3.87 3.50 3.94 2.85 0.00 4.09 3.94 4.23 4.60 5.33 4.67 3.72 3.72 3.29 0.00 0.00 0.00 0.00 1.39 0.00 1.61 0.00 0.00 0.00 0.00 0.00 0.00 0.00 0.00 0.00 0.00 0.00 0.37 1.02 0.00 0.00 0.00 0.00 0.00 0.00 0.00 0.00 0.00 0.00 0.00 0.51 0.00 0.00 0.00 0.00 0.00 0.00 0.00 0.73 0.80 1.10 1.46 0.37 0.22 0.15 0.07 1.17 1.17 1.39 0.44 0.29 0.44 1.83 6.42 9.56 8.91 7.74 5.55 4.31 0.00 0.00 0.00 0.00
0.00 1.61 0.00 2.70 3.14 3.43 0.00 3.50 4.31 4.53 3.65 3.21 2.85 4.02 4.74 4.89 4.23 4.31 4.31 4.02 4.31 2.56 0.00 0.00 1.24 2.48 0.00 0.00 0.00 0.00 0.00 0.00 0.00 0.00 0.00 0.00 0.00 0.00 0.15 0.58 1.24 0.44 0.95 0.95 0.00 0.00 0.00 0.00 0.00 0.00 1.24 0.29 0.00 0.00 0.00 0.00 0.00 0.00 0.00 0.00 0.00 0.00 0.37 1.31 0.00 0.00 0.00 0.22 0.22 1.46 2.19 1.24 0.22 1.02 3.29 6.94 10.00 12.05 10.37 10.22 9.71 8.10 0.00 0.00
0.00 1.61 0.00 0.00 0.00 0.00 3.07 3.50 5.04 4.53 4.09 3.65 3.14 3.80 4.67 4.38 4.31 3.87 3.87 3.65 4.53 4.53 3.58 4.38 1.17 3.21 0.00 0.00 2.34 0.00 0.00 2.04 2.92 2.12 0.00 0.00 0.00 0.00 0.37 1.10 1.68 0.80 0.66 0.66 0.80 0.95 0.88 0.95 0.44 1.24 1.10 0.88 0.00 0.00 0.37 1.10 0.37 0.58 0.22 0.00 0.00 0.00 0.38 0.22 0.66 1.31 1.31 1.02 1.02 2.70 4.89 3.94 1.83 1.61 2.41 4.96 7.96 11.24 14.75 13.36 12.48 10.88 6.86 0.00
1.46 2.56 2.92 3.58 3.65 3.36 3.80 3.94 3.50 3.87 3.29 3.07 2.99 0.00 0.00 0.00 3.14 3.58 3.58 4.09 4.60 4.67 4.67 4.60 3.14 3.87 0.00 2.92 3.94 3.50 2.77 2.99 0.00 3.14 0.00 0.00 0.00 0.00 0.00 3.07 4.02 2.26 1.68 1.68 1.10 0.44 1.46 1.39 0.88 0.58 0.95 0.44 0.00 0.00 0.15 1.46 2.85 2.26 1.24 0.51 0.00 0.00 0.30 1.17 1.83 2.12 1.97 2.99 2.99 5.77 11.83 14.45 12.12 8.54 7.45 8.03 9.56 9.64 11.90 14.02 12.63 9.34 0.00 0.00
1.24 1.83 2.48 3.14 0.00 0.00 3.50 3.36 2.92 0.00 3.07 2.63 2.63 2.41 1.68 2.70 2.77 3.07 3.07 3.29 4.09 4.31 4.67 3.50 0.00 3.14 2.99 3.72 3.65 3.29 0.00 0.00 3.29 3.21 2.26 0.00 0.00 0.00 0.00 3.50 4.53 3.80 2.04 2.04 1.31 1.53 0.51 0.73 0.66 1.39 0.95 0.95 0.00 0.00 0.00 0.29 1.10 1.61 1.75 0.73 0.80 0.44 0.58 1.24 2.59 4.09 3.50 2.12 2.12 3.07 6.50 10.73 11.90 11.17 10.07 10.80 11.68 12.12 10.22 11.75 12.99 9.93 0.00 0.00
2.34 1.90 2.70 0.00 0.00 0.00 0.00 2.92 0.00 0.00 0.00 3.58 2.92 2.77 2.48 3.21 3.07 2.92 2.92 3.50 4.02 4.02 3.21 2.48 2.77 3.29 3.29 3.65 2.92 0.00 0.00 3.14 3.07 3.50 2.99 0.00 0.00 2.63 2.92 2.41 3.21 3.21 2.56 2.56 2.04 1.83 1.31 1.97 1.24 1.39 0.51 1.53 0.95 0.00 0.00 0.00 0.00 0.00 0.44 0.07 0.00 0.00 1.10 3.07 3.76 5.41 6.72 3.87 3.87 2.34 3.36 4.89 7.59 10.15 11.17 11.32 12.26 11.32 10.07 8.98 8.98 8.76 0.00 0.00
2.77 2.12 0.00 0.00 0.00 0.00 0.00 0.00 0.00 0.00 0.00 2.63 3.50 2.56 3.29 2.99 2.99 2.99 2.99 3.29 3.29 3.72 3.21 2.77 3.72 3.87 3.50 3.36 2.77 0.00 2.92 3.43 3.43 3.65 3.07 2.92 2.04 2.19 2.41 0.00 0.00 3.07 2.70 2.70 1.75 2.34 2.34 1.97 1.83 1.46 1.02 1.39 0.73 0.29 0.44 0.00 0.00 0.00 0.00 0.00 0.00 0.22 1.64 4.96 6.23 6.55 6.76 6.72 6.72 4.60 2.85 3.87 5.84 7.52 8.47 8.47 8.32 9.27 8.10 6.04 7.66 5.49 4.99 0.00
1.68 2.56 1.83 2.04 0.00 0.00 0.00 0.00 0.00 0.00 0.00 0.00 0.00 0.00 0.00 0.00 2.41 0.00 0.00 0.00 3.50 3.21 1.90 3.07 3.72 3.80 3.50 0.00 0.00 0.00 2.41 2.85 2.04 1.17 0.00 0.00 0.00 0.00 0.00 0.00 0.00 0.00 1.31 1.31 0.80 2.04 1.97 1.24 1.10 0.88 0.95 0.95 1.10 1.24 0.66 0.22 0.80 0.58 0.44 0.73 0.00 0.07 0.81 3.07 6.94 6.72 6.06 5.00 4.84 4.33 4.23 3.87 4.45 4.96 5.84 5.26 5.40 4.89 4.59 3.75 2.83 0.00 0.00 0.00
1.61 1.97 1.53 2.12 0.00 0.00 0.00 1.39 0.00 0.00 0.00 0.00 0.00 0.00 0.00 0.00 0.00 0.00 0.00 2.77 0.00 0.00 0.00 0.00 0.00 0.00 0.00 0.00 0.00 0.00 0.00 0.00 0.00 0.00 0.00 0.00 0.00 0.00 0.00 0.00 0.00 0.00 0.00 0.00 0.44 0.95 0.44 0.44 0.37 0.00 0.07 0.37 0.80 1.53 2.34 2.19 3.50 4.09 3.76 2.58 1.39 0.51 1.19 2.05 3.27 5.07 4.74 3.65 3.67 3.71 4.33 4.16 4.53 4.38 3.45 3.58 2.99 1.90 2.05 2.90 0.00 0.00 3.65 3.57
2.48 1.97 1.68 1.90 2.12 1.53 1.97 1.68 0.00 0.00 1.02 0.00 0.00 0.00 0.00 0.00 0.00 0.00 0.00 0.00 1.83 1.75 0.00 0.00 0.00 0.00 0.00 0.00 0.00 0.00 0.00 0.00 0.00 0.00 0.00 0.00 0.00 0.00 0.00 0.00 0.00 0.00 0.00 0.00 0.00 0.00 0.44 0.00 0.00 0.00 0.07 0.00 0.44 1.46 2.92 4.60 6.79 9.56 9.64 6.81 4.20 1.83 1.00 0.78 1.95 3.73 2.62 2.56 2.56 2.14 3.18 4.51 4.99 3.93 2.93 1.99 1.83 1.33 2.26 2.31 2.76 0.00 0.00 3.47
2.04 1.24 1.31 1.90 1.39 1.31 2.19 0.00 0.00 0.00 1.31 0.00 0.00 0.00 0.00 0.00 1.83 0.00 0.00 0.00 0.00 0.00 0.00 0.00 0.00 0.00 0.00 0.00 0.00 0.00 0.00 0.00 0.00 0.00 0.00 0.00 0.00 0.00 0.00 0.00 0.00 0.00 0.00 0.00 0.00 0.00 0.15 0.00 0.00 0.44 0.73 0.15 0.29 1.83 4.45 6.72 9.13 12.48 13.87 11.75 6.57 3.81 2.16 1.38 1.65 3.22 1.98 1.10 1.10 1.11 1.05 1.89 3.56 4.33 3.19 2.57 2.19 1.85 1.96 0.00 1.38 0.00 2.29 0.00
2.26 1.83 2.12 1.90 1.10 1.39 2.04 0.00 0.00 0.00 0.00 0.00 0.00 0.00 0.00 0.00 0.44 0.29 0.29 0.00 0.00 0.00 1.83 0.00 0.00 0.00 0.00 0.00 0.00 0.00 0.00 0.00 0.00 0.00 0.00 0.00 0.00 0.00 0.00 0.00 0.00 0.00 0.00 0.00 0.00 0.00 0.07 0.73 0.15 0.80 1.24 1.68 2.01 3.69 4.97 8.23 10.24 11.83 13.14 12.26 9.05 5.21 2.61 2.02 1.02 2.18 1.93 0.07 0.07 0.31 0.84 1.14 1.05 1.97 2.16 2.26 2.01 1.74 1.41 1.15 0.46 0.00 2.84 0.00
2.04 1.83 2.26 1.83 1.83 1.90 3.43 3.29 0.00 0.00 0.00 0.00 0.00 0.00 0.00 0.00 0.00 0.00 0.00 0.00 0.00 0.00 0.00 0.00 0.00 0.00 1.53 1.83 0.00 0.00 0.00 0.00 0.00 0.00 0.00 0.00 0.00 0.00 0.00 0.00 0.00 0.00 1.02 1.02 0.00 0.44 0.00 0.44 0.29 0.95 2.41 3.14 4.09 6.04 7.34 8.65 9.36 10.81 9.93 8.63 7.92 5.72 3.55 1.48 0.71 1.24 2.32 0.66 0.66 0.29 0.53 0.24 0.08 0.98 1.61 1.83 2.68 2.31 0.82 0.16 0.00 1.59 2.25 0.00
1.24 0.00 0.00 1.02 2.48 2.70 3.29 4.09 3.07 3.43 2.77 0.00 0.00 0.00 0.00 0.00 0.00 0.00 0.00 0.00 0.00 0.00 0.00 0.00 0.00 0.00 0.00 1.97 1.46 0.00 0.00 0.00 0.00 0.00 0.00 0.00 0.44 0.00 0.00 0.00 0.00 2.12 1.61 1.61 0.00 0.00 0.00 0.00 0.00 0.73 2.12 3.94 5.55 8.36 8.34 9.41 8.83 9.10 7.54 5.86 5.52 4.33 2.71 1.08 0.08 0.58 1.44 1.11 1.10 0.00 0.17 0.00 0.73 2.26 2.34 1.47 1.04 1.11 0.61 0.70 0.83 1.88 2.07 0.00
2.19 0.00 0.00 0.00 2.63 2.70 3.80 3.87 3.43 3.94 3.36 0.51 0.51 1.46 1.75 0.00 0.00 0.00 0.00 0.00 0.00 0.00 0.00 0.00 0.00 0.00 0.00 2.04 1.83 0.00 0.00 1.46 0.00 0.95 1.68 0.80 0.00 0.00 0.00 0.00 3.43 3.72 2.19 2.19 0.66 0.73 0.00 0.07 0.73 0.82 2.18 5.71 7.57 10.27 11.16 11.74 11.32 10.80 7.77 5.27 3.59 3.69 3.13 2.34 0.96 0.00 0.00 0.60 0.59 0.15 0.07 0.57 1.17 2.45 2.05 1.31 0.00 0.97 1.27 1.19 0.43 0.94 2.09 0.00
5.55 3.07 3.50 4.82 7.45 5.33 4.02 2.04 1.68 2.26 1.90 1.97 1.53 1.10 1.61 1.24 0.95 0.80 0.80 0.00 1.53 2.19 0.00 1.10 1.02 2.26 1.61 2.19 2.41 2.41 2.12 1.24 1.02 1.97 2.12 2.12 2.48 5.77 0.00 4.02 1.97 1.39 0.58 0.58 1.10 1.61 0.37 1.83 2.41 4.16 7.30 10.15 10.39 10.04 9.76 9.22 11.42 11.56 12.97 12.47 9.68 6.35 3.06 2.41 2.48 2.27 1.08 0.22 0.22 0.51 0.29 0.08 0.25 1.12 2.40 4.02 2.95 1.15 0.00 0.00 0.00 1.26 1.56 1.26
9.71 8.98 6.72 6.35 7.81 7.01 4.23 2.34 0.00 0.00 0.00 0.00 1.39 1.97 2.04 1.75 1.24 2.34 2.34 1.61 1.24 2.34 0.00 1.24 1.46 1.46 1.02 1.02 1.68 1.90 2.26 1.68 0.58 1.39 2.56 2.70 3.94 4.02 2.92 0.80 0.51 0.00 0.00 0.00 0.22 1.31 1.10 1.10 1.88 4.11 6.25 8.26 8.15 7.95 8.81 8.48 8.85 9.08 10.29 12.77 13.27 11.65 7.19 3.69 2.70 2.19 1.69 0.62 0.61 0.73 0.66 0.88 0.00 1.35 2.87 4.16 3.69 1.50 0.99 0.00 0.00 0.00 0.82 1.14
6.35 7.37 6.50 4.45 5.26 6.64 5.11 3.36 1.39 0.15 0.00 0.00 0.00 1.46 1.46 1.83 0.95 1.31 1.31 1.24 1.53 1.68 2.12 1.24 1.90 1.10 0.22 0.29 0.66 1.90 1.10 1.02 0.66 0.95 1.90 2.85 4.74 4.82 2.48 0.00 0.00 0.00 0.00 0.00 0.07 0.07 0.00 0.74 2.92 4.65 6.58 8.83 8.11 7.74 8.31 8.07 6.56 5.05 8.26 9.88 12.48 12.51 10.95 7.23 3.80 1.64 1.94 0.81 0.90 0.00 0.60 1.14 1.42 1.26 2.85 4.13 4.16 2.56 1.03 0.00 0.00 0.00 0.82 2.32
6.06 5.48 4.67 2.19 0.00 3.80 4.89 3.67 2.04 0.00 0.07 0.58 0.00 0.00 0.73 2.04 0.80 0.73 0.73 2.34 1.83 0.80 0.80 1.17 1.02 0.80 0.00 0.00 0.07 1.17 1.39 0.00 0.00 0.00 1.39 1.83 2.63 1.31 0.00 0.00 0.00 0.00 0.00 0.00 0.00 0.37 0.37 1.69 3.94 5.87 6.08 8.17 6.71 7.88 7.10 8.12 6.30 4.42 5.89 7.87 10.91 12.18 11.45 9.93 8.18 3.79 2.09 1.73 1.66 0.83 1.18 1.87 0.37 1.54 2.52 2.92 3.71 2.45 2.01 0.54 0.29 0.08 0.81 1.85
0.00 0.00 0.00 0.00 0.00 1.53 4.45 3.80 2.41 0.51 0.07 0.29 0.00 0.00 0.00 0.80 0.58 0.80 0.80 1.53 0.22 0.95 0.88 0.29 0.00 0.00 0.00 0.00 0.00 0.44 0.88 0.00 0.00 0.00 0.00 0.51 1.31 0.00 0.00 0.00 0.00 0.00 0.00 0.00 0.00 0.00 0.15 1.83 3.65 5.26 4.89 6.27 5.39 6.01 7.44 8.12 5.25 4.44 0.00 7.30 8.17 9.19 11.03 11.63 11.74 8.58 4.76 4.29 4.31 2.82 1.01 0.89 0.71 0.66 1.52 1.62 3.13 2.64 1.70 1.04 0.41 0.56 0.81 2.51
0.00 0.00 0.00 0.00 0.00 0.00 3.21 3.14 1.83 0.80 0.73 1.61 0.88 1.17 0.00 0.44 0.29 0.00 0.00 1.61 0.00 0.29 0.00 0.22 0.00 0.00 0.00 0.00 0.00 0.00 0.00 0.00 0.00 0.00 0.00 0.00 0.00 0.00 0.00 0.00 0.00 0.00 0.00 0.00 0.00 0.00 0.00 1.39 2.08 3.61 4.53 4.90 6.62 5.99 5.16 4.63 4.44 0.00 0.00 5.13 8.37 9.31 9.11 10.61 12.20 14.35 9.97 5.81 6.79 5.00 3.19 0.11 0.36 0.00 0.00 0.42 2.03 2.70 1.55 0.88 0.70 1.38 2.35 1.38
0.00 0.00 0.00 0.00 0.00 0.00 0.00 3.14 3.14 3.29 4.02 2.56 2.99 2.85 2.12 1.61 0.37 0.00 0.00 0.00 0.00 0.00 0.00 0.00 0.00 0.15 0.00 0.00 0.00 0.00 0.00 0.00 0.00 0.00 0.00 0.00 0.00 0.00 0.00 0.00 0.00 0.00 0.00 0.00 0.00 0.00 0.59 0.61 1.59 4.03 5.35 6.28 6.00 0.00 0.00 0.00 0.00 0.00 0.00 0.00 9.69 8.74 9.37 10.55 11.59 11.70 14.69 8.53 9.55 5.56 5.17 1.88 1.06 0.00 0.00 0.09 0.91 2.12 0.79 0.48 0.00 0.00 1.93 1.97
0.00 0.00 0.00 0.00 0.00 0.00 0.00 0.00 1.83 3.36 3.43 2.56 3.65 3.58 4.96 3.26 3.76 2.34 2.34 7.66 0.22 0.00 0.00 0.00 0.00 0.00 0.00 0.00 0.00 0.00 0.00 0.00 0.00 0.00 0.00 0.00 0.00 0.00 0.00 0.00 0.00 0.00 0.00 0.00 0.00 0.58 1.24 1.20 2.68 5.84 8.10 8.79 0.00 0.00 0.00 0.00 0.00 0.00 0.00 0.00 0.00 10.21 8.22 8.48 11.82 11.11 16.55 11.31 11.56 7.76 5.78 3.40 2.37 0.68 0.00 0.00 0.78 1.31 1.86 0.00 0.00 0.00 0.00 1.74
0.00 0.00 0.00 0.00 0.00 0.00 0.00 0.00 1.68 3.07 3.58 3.87 4.45 3.43 4.96 3.52 4.89 3.07 2.86 3.36 5.33 6.86 0.95 0.00 0.00 0.00 0.00 0.29 0.00 0.00 0.00 0.00 0.00 0.00 0.00 0.00 0.29 0.00 0.00 0.22 0.88 1.17 0.95 0.95 1.39 1.68 1.61 1.62 3.67 6.53 9.10 9.13 0.00 0.00 0.00 0.00 0.00 0.00 0.00 0.00 0.00 6.88 8.58 5.91 10.21 13.00 13.52 12.73 15.55 11.25 5.25 4.35 3.79 1.50 0.00 0.00 0.64 2.34 0.55 0.00 0.00 0.00 0.00 0.00
0.00 0.00 0.00 0.00 0.00 0.00 0.00 0.00 0.00 0.00 0.00 0.00 0.00 0.00 0.00 0.00 0.00 0.00 0.00 3.80 5.18 3.21 2.41 4.67 9.20 5.04 0.00 0.07 2.70 2.34 0.00 2.99 0.00 0.00 0.00 1.10 3.72 3.50 3.29 2.27 3.39 2.95 4.09 4.09 6.13 5.33 4.45 4.70 4.36 0.00 0.00 0.00 0.00 0.00 0.00 0.00 0.00 0.00 0.00 0.00 0.00 0.00 0.00 0.00 6.05 6.62 5.63 6.82 7.63 7.35 6.99 3.07 2.04 0.00 0.00 0.00 0.00 0.00 0.00 0.00 0.00 0.00 0.00 0.00
0.00 0.00 0.00 0.00 0.00 0.00 0.00 0.00 0.00 0.00 0.00 0.00 0.00 0.00 0.00 0.00 0.00 0.00 0.00 0.00 3.87 3.33 3.94 4.02 4.60 5.36 9.66 8.69 4.23 3.58 0.95 2.56 1.02 0.00 0.58 3.50 2.70 3.43 2.92 3.07 2.27 4.95 5.48 6.12 7.52 8.83 6.86 5.77 3.93 0.00 0.00 0.00 0.00 0.00 0.00 0.00 0.00 0.00 0.00 0.00 0.00 0.00 0.00 0.00 0.00 5.05 0.00 0.00 0.00 0.00 0.00 0.00 0.00 0.00 0.00 0.00 0.00 0.00 0.00 0.00 0.00 0.00 0.00 0.00
0.00 0.00 0.00 0.00 0.00 0.00 0.00 0.00 0.00 0.00 0.00 0.00 0.00 0.00 0.00 0.00 0.00 0.00 0.00 0.00 0.00 0.00 1.24 5.77 4.09 1.61 0.00 2.92 11.68 11.90 8.25 4.82 2.45 2.34 0.66 0.00 0.00 4.45 2.56 0.00 0.00 0.00 3.18 4.03 6.39 7.68 6.30 4.66 0.00 0.00 0.00 0.00 0.00 0.00 0.00 0.00 0.00 0.00 0.00 0.00 0.00 0.00 0.00 0.00 0.00 0.00 0.00 0.00 0.00 0.00 0.00 0.00 0.00 0.00 0.00 0.00 0.00 0.00 0.00 0.00 0.00 0.00 0.00 0.00
0.00 0.00 0.00 0.00 0.00 0.00 0.00 0.00 0.00 0.00 0.00 0.00 0.00 0.00 0.00 0.00 0.00 0.00 0.00 0.00 0.00 0.00 0.00 0.00 0.00 0.00 0.00 0.00 2.04 0.95 0.00 0.00 0.00 1.02 0.00 0.00 0.00 0.00 0.00 0.00 0.00 0.00 0.00 0.00 0.00 6.81 6.65 0.00 0.00 0.00 0.00 0.00 0.00 0.00 0.00 0.00 0.00 0.00 0.00 0.00 0.00 0.00 0.00 0.00 0.00 0.00 0.00 0.00 0.00 0.00 0.00 0.00 0.00 0.00 0.00 0.00 0.00 0.00 0.00 0.00 0.00 0.00 0.00 0.00
