Wansh/Snow_depth/snowdepth-1988/winter/1988356.txt
ncols 321
nrows 161
xllcenter 60
yllcenter 15 
cellsize  0.25 
NODATA_value -1
[rows 0 to 36 of 161, columns 84 to 167 of 321]
7.59 7.88 7.45 6.50 5.48 3.80 2.56 1.75 1.17 0.07 4.60 5.48 5.48 5.26 5.11 4.96 5.55 5.62 5.62 6.06 5.62 5.91 6.06 4.96 3.72 2.92 2.26 2.41 1.83 2.48 2.56 2.63 4.16 4.31 2.56 1.39 1.24 1.10 1.02 0.95 1.02 2.12 2.48 2.48 1.53 0.00 0.51 0.95 2.04 2.92 3.50 3.87 4.09 3.50 2.99 1.83 1.17 1.90 2.41 1.75 1.53 1.68 1.97 1.68 1.53 1.61 1.97 2.04 2.04 2.77 4.60 5.26 5.91 6.50 6.20 5.91 6.35 6.72 6.57 6.86 6.28 5.11 3.29 2.77
4.45 4.23 4.09 3.50 2.56 0.00 0.00 0.00 0.22 1.31 0.51 2.48 4.82 4.67 4.45 3.43 2.56 3.07 3.07 4.16 4.31 4.09 4.02 6.79 5.33 3.80 2.92 2.99 2.63 1.61 1.83 2.34 3.29 3.07 2.19 0.51 0.00 0.00 0.00 0.00 0.00 0.00 1.46 1.46 3.07 3.36 2.92 2.26 2.34 3.14 3.14 3.21 3.43 3.29 3.14 3.14 3.07 3.87 4.45 4.16 3.94 3.58 4.16 3.58 3.65 3.72 3.58 3.80 3.80 4.09 4.23 4.02 4.67 5.77 6.57 6.86 6.94 7.37 7.23 7.01 6.94 7.01 6.35 5.48
3.72 2.26 1.83 1.02 0.00 0.51 0.73 0.95 1.61 2.19 3.36 3.43 3.94 4.02 3.58 2.56 1.90 2.19 2.19 2.04 2.48 2.77 3.36 4.45 4.60 4.38 3.87 3.36 2.12 1.90 1.75 2.12 2.41 3.14 3.94 2.63 1.61 0.51 0.00 0.00 0.00 0.00 0.00 0.00 0.58 3.72 4.67 3.94 2.85 2.19 1.90 1.83 1.90 2.34 3.14 4.23 4.82 5.18 6.06 6.94 6.79 6.35 6.57 6.50 6.50 6.06 6.42 6.86 6.86 6.20 5.48 4.96 4.45 3.80 4.38 6.50 7.74 7.15 6.57 6.79 7.59 7.81 7.59 7.74
3.72 2.26 1.83 1.02 0.00 0.51 0.73 0.95 1.61 2.19 3.36 3.43 3.94 4.02 3.58 2.56 1.90 2.19 2.19 2.04 2.48 2.77 3.36 4.45 4.60 4.38 3.87 3.36 2.12 1.90 1.75 2.12 2.41 3.14 3.94 2.63 1.61 0.51 0.00 0.00 0.00 0.00 0.00 0.00 0.58 3.72 4.67 3.94 2.85 2.19 1.90 1.83 1.90 2.34 3.14 4.23 4.82 5.18 6.06 6.94 6.79 6.35 6.57 6.50 6.50 6.06 6.42 6.86 6.86 6.20 5.48 4.96 4.45 3.80 4.38 6.50 7.74 7.15 6.57 6.79 7.59 7.81 7.59 7.74
3.36 2.99 0.66 0.51 1.61 2.41 2.19 2.12 2.19 2.48 2.48 2.19 3.21 3.29 2.92 2.48 2.63 2.99 2.99 2.26 2.85 3.36 3.65 5.04 5.40 4.38 4.96 2.41 1.97 2.77 2.41 2.34 2.63 3.80 5.40 6.42 4.45 1.83 0.95 0.00 0.00 0.00 0.00 0.00 0.00 2.19 4.53 4.74 3.80 3.14 2.92 1.53 1.31 1.31 2.48 3.07 2.77 3.58 5.40 6.50 7.59 8.32 8.91 9.27 8.98 8.10 7.74 7.37 7.37 6.35 6.13 5.91 4.67 3.94 3.29 3.43 4.67 5.48 6.20 6.57 6.72 7.74 7.96 7.66
0.00 0.00 1.17 1.68 2.63 2.41 1.68 1.75 1.97 2.48 2.26 1.46 3.21 4.23 2.85 5.04 5.04 4.96 4.96 3.80 3.50 3.43 3.07 3.36 3.72 3.50 2.34 2.70 1.68 2.41 2.41 2.92 3.43 4.74 6.06 6.57 5.26 2.19 0.00 0.00 0.00 0.00 0.00 0.00 0.00 1.10 2.41 2.92 3.07 2.99 2.34 1.53 1.75 2.34 2.85 3.07 3.36 4.16 5.48 6.28 7.66 10.29 11.39 11.90 11.53 10.66 7.96 6.57 6.57 6.42 6.72 6.86 6.79 5.99 5.11 4.09 3.94 4.16 4.38 4.45 5.40 6.20 7.52 8.47
0.00 0.00 2.41 1.90 2.19 1.46 2.26 1.83 2.63 3.14 3.07 2.77 3.36 4.45 6.13 4.89 6.20 6.35 6.35 5.69 5.04 4.74 2.77 2.12 2.34 1.90 1.83 1.75 2.70 2.12 2.41 2.85 3.43 4.60 5.77 5.18 3.50 1.75 0.66 0.00 0.00 0.00 0.00 0.00 0.15 0.88 1.97 2.70 2.34 1.90 2.04 1.68 2.26 2.70 3.58 3.87 4.67 5.99 7.37 7.52 8.10 9.13 11.53 13.36 13.65 11.75 10.88 9.49 9.49 8.10 8.40 9.05 8.91 9.27 9.05 8.03 6.72 6.94 5.62 4.67 4.09 4.53 5.33 6.72
0.00 0.00 2.41 1.90 2.19 1.46 2.26 1.83 2.63 3.14 3.07 2.77 3.36 4.45 6.13 4.89 6.20 6.35 6.35 5.69 5.04 4.74 2.77 2.12 2.34 1.90 1.83 1.75 2.70 2.12 2.41 2.85 3.43 4.60 5.77 5.18 3.50 1.75 0.66 0.00 0.00 0.00 0.00 0.00 0.15 0.88 1.97 2.70 2.34 1.90 2.04 1.68 2.26 2.70 3.58 3.87 4.67 5.99 7.37 7.52 8.10 9.13 11.53 13.36 13.65 11.75 10.88 9.49 9.49 8.10 8.40 9.05 8.91 9.27 9.05 8.03 6.72 6.94 5.62 4.67 4.09 4.53 5.33 6.72
0.00 0.00 2.26 3.43 2.34 3.43 2.85 2.56 3.07 3.50 3.65 1.61 0.88 2.34 4.53 6.57 7.08 6.35 6.35 5.62 6.35 5.33 5.04 2.92 1.61 0.58 0.73 1.39 1.39 1.97 2.99 3.50 3.14 3.65 4.16 4.38 3.43 1.75 0.88 0.44 0.73 0.44 0.22 0.22 1.10 2.26 2.19 1.90 2.41 2.85 3.36 3.80 4.60 5.11 4.89 5.40 6.28 6.50 6.64 7.08 7.23 7.45 8.76 9.05 10.37 10.95 10.59 9.86 9.86 10.29 10.88 10.95 10.95 10.37 9.71 9.20 10.07 11.02 11.39 9.34 5.99 4.74 4.09 4.67
2.70 2.48 2.26 2.63 2.04 2.48 2.63 3.36 3.29 3.36 2.77 1.90 1.10 1.97 3.07 5.11 5.69 5.48 5.48 3.36 5.04 4.96 4.45 2.04 1.53 0.73 0.80 1.75 1.90 1.75 2.04 2.99 2.85 4.16 4.16 3.94 3.29 1.90 2.26 2.41 2.04 2.04 1.61 1.61 2.26 3.14 2.92 2.56 4.02 4.23 4.89 7.08 8.83 8.32 7.08 6.79 7.01 7.30 7.01 6.35 5.91 5.55 5.77 5.48 5.91 8.10 9.71 11.39 11.39 13.14 12.26 12.12 12.19 12.70 11.46 11.68 14.16 16.57 17.16 15.33 11.32 7.59 4.82 3.87
1.83 3.14 2.48 0.00 2.48 0.00 2.12 0.00 3.87 3.43 2.70 2.56 1.10 1.68 2.85 4.31 4.45 4.45 4.45 3.58 4.38 4.74 3.50 1.46 1.24 0.44 0.80 0.80 0.73 1.17 1.83 2.12 3.07 3.72 3.36 3.50 3.72 4.74 4.89 4.96 5.11 5.33 5.99 5.99 4.74 4.53 3.87 3.94 5.18 5.69 6.50 6.72 6.94 7.23 7.08 7.52 9.20 10.37 10.37 9.05 7.52 6.79 6.72 6.06 6.79 9.27 11.32 13.72 13.72 16.94 17.96 15.77 15.26 15.26 15.11 15.91 19.20 22.63 22.05 18.47 13.36 10.73 9.27 7.74
1.83 3.14 2.48 0.00 2.48 0.00 2.12 0.00 3.87 3.43 2.70 2.56 1.10 1.68 2.85 4.31 4.45 4.45 4.45 3.58 4.38 4.74 3.50 1.46 1.24 0.44 0.80 0.80 0.73 1.17 1.83 2.12 3.07 3.72 3.36 3.50 3.72 4.74 4.89 4.96 5.11 5.33 5.99 5.99 4.74 4.53 3.87 3.94 5.18 5.69 6.50 6.72 6.94 7.23 7.08 7.52 9.20 10.37 10.37 9.05 7.52 6.79 6.72 6.06 6.79 9.27 11.32 13.72 13.72 16.94 17.96 15.77 15.26 15.26 15.11 15.91 19.20 22.63 22.05 18.47 13.36 10.73 9.27 7.74
3.07 3.29 3.58 3.21 3.50 4.02 0.00 4.45 3.94 4.02 3.50 3.50 3.21 3.36 4.23 5.26 5.40 5.99 5.99 6.35 5.77 5.84 3.87 2.41 2.12 1.61 1.46 1.17 0.95 1.68 2.63 3.87 3.72 4.96 4.67 5.40 7.45 8.25 7.01 6.42 6.86 6.57 6.13 6.13 5.11 4.89 5.26 5.84 6.94 6.79 6.79 6.20 6.42 5.91 5.40 6.13 8.83 10.66 12.48 12.48 10.29 10.29 10.00 8.54 9.05 9.49 11.10 13.65 13.65 16.35 18.61 18.61 16.35 15.91 17.67 19.42 20.73 22.05 22.05 19.78 15.33 12.05 11.02 10.15
4.38 2.48 5.11 5.40 7.52 6.35 5.91 3.58 4.60 2.63 3.50 4.60 5.11 7.08 7.74 7.37 7.23 6.79 6.79 6.50 7.23 5.55 4.09 3.94 3.50 2.41 1.46 2.12 2.63 4.60 6.64 7.37 6.28 7.23 8.69 9.42 10.15 9.64 8.18 7.01 6.79 6.50 5.84 5.84 4.02 4.38 5.18 6.57 7.66 7.59 6.64 5.99 4.45 2.34 1.61 2.85 3.94 5.69 8.25 9.71 9.56 9.93 10.66 11.68 11.90 11.68 11.83 13.51 13.51 15.99 16.79 17.52 16.13 14.38 15.18 16.28 13.87 10.95 11.97 13.65 13.72 11.97 9.78 8.40
4.38 5.77 6.72 7.66 7.74 6.06 3.87 3.65 0.80 2.19 5.69 5.26 5.40 6.06 6.64 6.06 5.55 4.67 4.67 3.43 3.80 4.96 3.14 4.53 4.45 3.72 4.09 4.82 5.91 8.76 10.44 11.39 12.70 12.85 12.26 9.78 8.54 7.01 5.91 4.45 4.45 4.31 4.02 4.02 3.87 4.60 5.18 5.48 6.42 6.42 6.28 5.99 3.94 2.41 2.12 2.34 2.19 2.85 3.58 3.80 5.18 6.86 7.74 8.54 9.71 10.88 11.97 12.34 12.34 12.78 14.53 15.11 12.70 9.64 9.64 10.88 8.98 0.00 0.00 0.00 11.10 12.41 11.68 11.17
3.43 6.06 5.33 5.84 6.42 5.55 4.23 4.02 4.60 0.00 4.09 4.38 3.80 4.16 4.67 3.72 3.50 3.50 3.50 4.38 4.45 3.80 3.50 6.28 6.72 6.50 6.72 5.91 6.57 8.25 9.34 11.83 12.05 10.22 17.67 13.14 13.21 8.47 7.15 4.45 5.69 6.42 6.20 6.20 6.72 7.96 8.61 9.20 10.00 9.34 8.83 8.10 6.72 6.57 6.35 6.20 4.67 4.09 3.87 4.23 5.40 6.42 6.42 6.35 6.64 8.76 11.39 12.70 12.70 13.21 13.72 12.78 8.91 6.50 5.18 7.37 7.59 0.00 0.00 1.46 8.47 10.37 8.83 11.02
3.43 6.06 5.33 5.84 6.42 5.55 4.23 4.02 4.60 0.00 4.09 4.38 3.80 4.16 4.67 3.72 3.50 3.50 3.50 4.38 4.45 3.80 3.50 6.28 6.72 6.50 6.72 5.91 6.57 8.25 9.34 11.83 12.05 10.22 17.67 13.14 13.21 8.47 7.15 4.45 5.69 6.42 6.20 6.20 6.72 7.96 8.61 9.20 10.00 9.34 8.83 8.10 6.72 6.57 6.35 6.20 4.67 4.09 3.87 4.23 5.40 6.42 6.42 6.35 6.64 8.76 11.39 12.70 12.70 13.21 13.72 12.78 8.91 6.50 5.18 7.37 7.59 0.00 0.00 1.46 8.47 10.37 8.83 11.02
2.92 2.70 5.40 4.74 5.40 5.18 3.80 2.85 2.85 3.29 2.26 3.94 4.31 5.33 5.84 5.04 4.31 4.89 4.89 4.74 4.23 3.65 4.02 4.96 6.13 7.52 7.88 6.72 6.64 7.88 9.27 11.24 12.19 11.90 10.00 15.62 10.59 8.61 7.81 9.56 13.07 14.53 14.82 14.82 11.61 10.88 9.13 10.00 9.49 8.91 7.88 8.03 7.96 7.15 7.23 7.15 6.35 5.40 5.33 6.06 8.32 10.59 10.44 8.47 7.74 7.88 9.71 13.29 13.29 15.18 14.31 11.90 7.96 5.55 5.91 7.01 5.69 2.41 0.00 2.85 7.59 7.52 7.96 9.64
1.83 1.83 4.45 4.38 4.60 5.33 4.53 3.72 3.65 3.50 3.50 2.48 4.38 6.13 6.50 5.48 5.99 6.50 6.50 6.57 6.13 5.69 5.04 4.23 3.87 6.35 7.37 7.96 8.18 8.98 10.37 11.61 13.21 12.92 10.37 8.03 10.73 6.72 7.37 9.71 13.36 14.82 13.65 13.65 11.61 11.17 9.56 8.54 9.49 8.25 7.37 6.57 5.18 5.04 5.69 5.69 5.99 5.40 6.64 9.64 12.99 14.75 13.29 11.75 10.59 10.44 11.75 13.65 13.65 15.77 14.89 11.46 9.05 7.01 7.30 7.52 6.28 5.48 5.04 7.01 8.32 7.30 6.06 4.67
0.00 0.37 3.65 3.80 3.58 4.23 4.31 4.38 4.23 3.80 4.38 5.04 4.09 5.11 5.18 4.74 5.55 5.33 5.33 6.50 6.50 6.35 4.96 4.82 5.18 4.89 8.76 8.32 6.72 6.94 7.96 7.74 8.25 8.40 8.47 7.01 4.60 7.52 3.65 3.65 3.80 6.13 8.32 8.32 9.20 8.98 7.88 6.13 5.62 6.13 7.01 6.50 6.28 7.59 8.61 9.78 10.88 10.51 10.95 12.56 16.28 18.47 18.69 17.96 17.96 18.91 18.83 19.27 19.27 18.76 16.13 12.85 9.34 7.81 7.15 4.89 4.23 4.16 4.38 4.82 3.87 2.34 1.02 0.44
0.88 1.10 2.85 4.02 3.87 5.11 5.04 4.67 4.67 4.96 5.62 4.96 3.14 2.41 4.53 4.31 5.33 5.91 5.91 6.06 6.13 6.72 6.86 6.72 7.45 9.56 7.37 9.71 7.59 7.23 5.99 5.40 6.35 7.45 7.45 5.62 3.50 2.26 4.16 0.00 2.19 5.18 7.81 7.81 8.98 8.10 7.01 5.77 4.96 4.23 2.85 3.14 5.26 5.40 7.96 10.15 11.68 10.88 9.78 9.42 11.17 12.34 13.94 12.48 14.45 15.77 14.45 13.29 13.29 10.73 6.79 4.45 3.65 2.56 1.83 0.88 0.29 0.00 0.15 0.66 0.66 0.44 0.51 0.51
0.00 0.00 2.92 4.74 4.89 4.53 3.72 3.65 4.38 4.45 5.04 4.60 4.45 0.58 3.21 3.72 5.91 6.64 6.64 7.15 7.88 8.47 8.91 9.56 11.17 12.85 13.07 12.12 12.92 11.83 9.64 7.81 7.01 7.30 6.50 5.26 2.56 0.00 0.80 0.00 2.63 5.26 6.20 6.20 5.99 6.79 6.79 6.50 4.38 3.58 3.36 3.14 3.36 4.09 6.57 8.54 8.76 7.15 4.82 3.50 3.36 4.23 4.45 4.53 6.57 8.10 7.37 6.06 6.06 4.67 3.65 2.12 1.24 0.29 0.00 0.00 0.00 0.00 0.00 0.00 0.00 0.00 0.00 0.00
0.00 0.00 2.92 4.74 4.89 4.53 3.72 3.65 4.38 4.45 5.04 4.60 4.45 0.58 3.21 3.72 5.91 6.64 6.64 7.15 7.88 8.47 8.91 9.56 11.17 12.85 13.07 12.12 12.92 11.83 9.64 7.81 7.01 7.30 6.50 5.26 2.56 0.00 0.80 0.00 2.63 5.26 6.20 6.20 5.99 6.79 6.79 6.50 4.38 3.58 3.36 3.14 3.36 4.09 6.57 8.54 8.76 7.15 4.82 3.50 3.36 4.23 4.45 4.53 6.57 8.10 7.37 6.06 6.06 4.67 3.65 2.12 1.24 0.29 0.00 0.00 0.00 0.00 0.00 0.00 0.00 0.00 0.00 0.00
0.00 3.50 0.00 0.00 0.00 0.00 0.00 4.67 5.18 4.89 4.38 2.56 0.00 3.29 0.37 3.58 5.84 6.94 6.94 6.79 8.10 9.27 10.44 11.97 13.58 14.67 15.70 18.18 16.43 14.97 13.36 10.07 7.74 6.06 4.74 3.50 2.12 0.15 0.00 0.00 1.53 2.63 2.41 2.41 2.85 0.00 0.00 0.00 0.00 0.00 0.00 0.00 1.24 3.80 5.48 5.69 6.50 4.31 2.12 1.90 2.34 2.77 3.07 2.85 3.58 4.09 4.16 3.72 3.72 3.94 4.09 3.72 2.04 0.73 0.15 0.00 0.00 0.00 0.00 0.00 0.00 0.00 0.00 0.00
0.00 0.00 0.00 0.00 1.97 0.00 0.00 0.00 0.00 4.31 4.45 0.00 0.00 4.60 6.28 2.41 5.77 6.64 6.64 6.79 7.88 9.78 11.68 12.74 12.62 14.28 13.86 13.43 14.67 14.97 14.31 10.80 7.23 5.18 2.77 1.24 1.39 1.24 1.75 2.19 1.46 1.46 1.31 1.31 1.90 0.00 2.63 0.00 0.00 0.00 0.00 0.00 0.00 3.58 3.65 4.16 4.45 2.85 1.53 1.61 1.68 1.53 1.68 2.19 2.56 3.07 3.29 3.21 3.21 3.58 4.02 4.38 3.72 2.26 0.95 0.66 0.44 0.44 0.00 0.00 0.00 0.00 0.00 0.00
4.38 3.72 2.92 1.53 0.00 0.00 0.00 0.00 2.77 3.72 0.00 0.00 2.04 4.38 4.89 4.53 0.00 4.82 4.82 6.06 7.15 8.98 11.17 11.12 12.79 11.92 12.73 12.87 14.97 14.31 14.02 9.93 7.59 6.28 4.16 1.68 2.04 2.26 3.14 4.45 3.87 3.14 1.17 1.17 1.53 2.63 0.00 3.65 0.00 0.00 0.00 0.00 0.00 0.00 0.00 0.00 0.00 0.00 0.00 0.00 0.58 1.46 2.41 2.92 2.56 2.63 2.48 3.21 3.21 4.02 4.23 3.58 3.36 2.77 1.53 0.95 0.58 0.58 0.58 0.00 0.00 0.00 0.00 0.00
6.86 6.57 2.56 1.97 1.02 1.90 0.80 1.31 1.97 0.00 0.00 0.00 0.00 0.00 0.37 1.68 0.00 0.00 0.00 0.00 0.00 6.00 5.79 6.47 8.02 11.04 12.67 13.42 15.20 14.15 12.85 11.83 11.53 10.51 8.98 7.66 6.13 5.48 5.99 5.18 3.58 3.07 2.99 2.99 0.95 0.00 0.00 0.00 0.00 0.00 0.00 0.00 0.00 0.00 0.00 0.00 0.00 0.00 0.00 0.00 0.00 3.58 4.16 4.60 4.82 4.23 4.89 6.13 6.13 6.42 7.15 5.33 4.23 3.43 2.41 1.90 1.97 1.53 0.58 0.00 0.00 0.00 0.00 0.00
8.91 8.54 7.59 3.21 0.00 5.69 0.00 0.00 0.00 0.00 0.00 0.00 0.00 0.00 0.00 0.00 0.00 0.22 0.22 0.00 0.00 0.00 0.00 0.00 0.00 4.89 7.45 10.00 11.76 12.24 14.60 14.97 14.31 14.67 15.04 14.67 12.92 11.75 9.05 6.06 3.58 2.19 2.77 2.77 0.95 0.00 0.00 0.00 0.00 0.00 0.00 0.00 0.00 0.00 0.00 0.00 0.00 0.00 0.00 0.00 0.00 4.31 6.35 9.42 12.48 13.21 12.05 11.46 11.46 9.78 8.18 5.99 4.53 3.14 2.04 1.90 1.83 0.37 0.00 0.58 0.00 0.00 0.00 0.00
8.91 8.54 7.59 3.21 0.00 5.69 0.00 0.00 0.00 0.00 0.00 0.00 0.00 0.00 0.00 0.00 0.00 0.22 0.22 0.00 0.00 0.00 0.00 0.00 0.00 4.89 7.23 9.29 10.99 12.43 14.75 15.59 16.08 15.53 15.42 14.67 12.92 11.75 9.05 6.06 3.58 2.19 2.77 2.77 0.95 0.00 0.00 0.00 0.00 0.00 0.00 0.00 0.00 0.00 0.00 0.00 0.00 0.00 0.00 0.00 0.00 4.31 6.35 9.42 12.48 13.21 12.05 11.46 11.46 9.78 8.18 5.99 4.53 3.14 2.04 1.90 1.83 0.37 0.00 0.58 0.00 0.00 0.00 0.00
8.54 7.23 6.13 4.60 2.70 0.00 1.46 1.83 2.70 2.56 1.24 0.00 0.00 0.00 0.00 0.00 3.29 4.02 4.02 1.90 3.87 0.00 0.00 0.00 1.20 2.06 2.80 3.52 4.74 7.56 9.44 11.95 11.46 14.26 15.58 17.40 15.85 14.31 12.78 8.40 5.33 3.58 2.99 2.99 2.56 0.00 0.00 2.04 3.58 3.43 3.94 4.16 0.00 0.00 0.00 0.00 0.00 0.00 0.00 0.00 0.00 2.92 5.04 11.24 17.45 18.69 16.13 14.16 14.16 12.48 8.83 5.69 2.70 1.46 1.68 1.53 1.02 0.00 0.00 0.00 0.07 0.00 0.00 0.00
7.37 8.10 6.57 4.02 2.77 1.90 3.21 0.95 4.96 6.06 5.84 3.14 0.00 0.00 1.61 3.94 5.77 7.66 7.66 7.63 8.32 3.59 1.53 0.00 0.44 0.00 0.00 0.00 0.00 2.29 3.94 5.84 6.42 9.60 13.38 16.02 16.30 15.77 15.04 15.62 15.18 11.10 5.99 5.99 2.26 1.02 0.44 1.46 2.41 3.80 4.53 4.31 3.36 0.00 0.00 0.00 0.00 0.00 0.00 0.00 0.00 0.00 3.65 9.71 15.99 17.01 14.53 12.78 12.78 11.24 7.15 4.23 1.53 0.80 0.58 1.39 0.88 0.00 0.00 0.00 0.00 0.00 0.00 0.00
4.89 6.50 7.88 7.15 7.01 2.12 3.29 3.43 5.48 5.77 5.99 4.31 2.99 2.19 2.77 4.74 7.37 7.52 7.52 5.99 7.96 1.83 1.61 0.66 0.00 0.00 0.00 0.00 0.00 1.15 2.04 3.58 3.65 7.01 10.37 12.94 16.36 17.08 19.56 22.41 23.21 17.30 10.29 10.29 4.45 2.77 1.39 0.88 1.31 2.04 2.56 3.36 2.48 0.00 0.00 0.00 0.00 0.00 0.00 3.72 3.14 0.00 3.65 7.59 11.97 12.26 10.80 9.56 9.56 7.66 5.48 2.99 0.95 0.29 0.66 1.31 1.02 0.73 0.07 0.00 0.58 1.10 0.37 0.00
4.23 6.35 7.23 7.30 7.45 6.20 2.92 2.85 4.31 4.60 4.45 3.72 2.77 3.50 4.67 6.50 6.72 5.04 5.04 3.21 2.48 2.92 0.07 0.00 0.00 0.00 0.00 0.00 0.00 0.95 2.19 3.29 3.58 4.89 7.23 10.00 14.82 18.23 20.56 24.04 23.87 21.10 15.04 15.04 9.13 5.91 4.53 2.56 1.46 0.73 1.17 2.12 0.00 0.00 0.00 0.00 0.00 0.00 0.00 3.07 3.14 0.00 0.00 2.99 4.82 5.40 5.40 5.40 5.40 4.09 2.41 0.00 0.00 0.00 0.00 0.37 1.10 1.90 1.75 1.10 1.68 1.90 1.68 1.02
0.00 0.00 0.80 4.60 2.92 3.58 0.15 0.00 2.06 0.95 1.83 1.97 2.48 3.80 4.89 4.45 1.97 0.73 0.73 0.00 0.00 0.00 0.00 0.00 0.00 0.00 0.00 0.00 0.00 0.00 1.61 2.04 2.63 3.21 4.09 7.08 10.80 13.80 16.68 21.04 20.03 18.40 15.84 15.84 14.16 11.75 8.83 8.98 5.11 2.41 1.83 1.97 1.17 0.00 0.00 0.00 0.00 0.00 0.00 2.04 1.53 0.00 1.83 0.00 1.61 2.85 0.00 0.00 0.00 0.00 0.00 0.00 0.00 0.00 0.00 0.73 1.53 1.68 1.83 2.41 2.77 2.63 1.39 0.88
0.00 0.00 0.00 0.00 0.00 0.22 0.00 0.00 0.00 0.00 0.00 0.80 3.21 4.53 3.65 0.66 0.00 0.00 0.00 0.00 0.00 0.00 0.00 0.00 0.00 0.00 0.00 0.00 0.00 0.00 0.00 0.00 1.58 0.00 2.63 4.16 5.33 9.36 10.95 14.02 14.31 12.19 11.90 11.90 11.02 11.32 11.68 13.29 9.42 7.74 4.67 2.77 0.88 0.00 0.00 0.00 0.00 0.00 0.00 0.00 0.00 0.00 0.00 0.00 0.00 0.00 0.00 0.00 0.00 0.00 0.00 0.00 0.00 0.00 0.00 1.31 1.75 2.12 2.34 3.29 4.67 3.14 2.12 2.26
0.00 0.00 0.00 0.00 0.00 0.22 0.00 0.00 0.00 0.00 0.00 0.80 3.21 4.53 3.65 0.66 0.00 0.00 0.00 0.00 0.00 0.00 0.00 0.00 0.00 0.00 0.00 0.00 0.00 0.00 0.00 0.00 1.53 0.00 2.64 4.18 5.33 9.32 11.06 14.02 14.16 12.19 11.90 11.90 11.02 11.32 11.68 13.29 9.42 7.74 4.67 2.77 0.88 0.00 0.00 0.00 0.00 0.00 0.00 0.00 0.00 0.00 0.00 0.00 0.00 0.00 0.00 0.00 0.00 0.00 0.00 0.00 0.00 0.00 0.00 1.31 1.75 2.12 2.34 3.29 4.67 3.14 2.12 2.26
0.00 0.00 0.00 0.00 0.00 2.34 0.00 0.00 1.56 0.80 0.15 1.39 2.63 2.12 0.37 0.00 0.00 0.00 0.00 0.00 0.00 0.00 0.00 0.00 0.00 0.00 0.00 0.00 0.00 0.00 0.00 0.00 0.00 0.00 0.00 1.83 3.07 5.40 6.75 6.64 6.94 4.38 4.74 4.74 4.74 7.01 9.20 7.59 11.46 9.20 7.37 5.11 2.56 0.00 0.00 0.00 0.00 0.00 0.00 0.00 0.00 1.39 2.12 0.00 0.00 0.00 0.00 0.00 0.00 0.00 0.00 0.00 0.00 0.00 0.00 0.00 0.00 1.75 2.63 3.72 4.96 4.67 3.87 2.41
