Wansh/Snow_depth/snowdepth-1988/winter/1988337.txt
ncols 321
nrows 161
xllcenter 60
yllcenter 15 
cellsize  0.25 
NODATA_value -1
[rows 0 to 36 of 161, columns 168 to 251 of 321]
1.46 0.95 0.22 0.00 0.44 0.00 0.29 0.88 1.31 1.31 1.17 1.17 1.17 0.73 1.10 1.83 2.77 2.41 2.56 3.58 4.53 4.23 3.14 2.56 3.07 3.29 2.56 0.66 0.00 0.00 0.00 0.00 0.95 4.82 6.20 6.20 5.91 5.69 6.64 8.40 6.86 3.80 2.63 2.34 2.92 3.07 3.58 5.11 5.55 5.55 4.89 4.23 4.38 4.53 5.26 5.91 7.30 7.45 5.77 4.96 4.96 4.67 4.82 5.18 5.33 4.60 4.67 5.11 4.45 4.16 4.31 4.82 4.89 4.89 5.69 6.79 6.50 7.01 7.08 7.37 6.94 5.91 5.40 5.48
1.90 1.24 0.29 0.00 0.00 0.00 0.00 0.00 0.00 0.00 1.31 2.04 1.02 1.17 1.46 1.31 1.68 1.97 2.12 3.14 3.94 2.92 2.56 2.19 2.26 0.00 0.00 0.00 0.00 0.00 0.00 0.00 2.12 4.45 3.43 3.43 2.77 3.58 5.84 8.98 8.47 5.26 4.45 4.31 4.60 4.89 4.53 4.09 4.02 4.74 5.04 5.04 5.40 5.55 5.62 6.50 7.01 6.94 7.15 6.50 6.50 5.69 5.40 5.69 5.48 4.96 4.02 4.02 4.02 3.80 4.31 4.45 4.38 4.23 4.45 5.55 6.79 7.74 7.15 7.01 6.13 4.82 4.45 3.87
2.70 1.75 1.02 0.22 0.00 0.00 0.00 0.00 0.73 0.73 0.88 1.61 0.95 0.95 0.66 1.39 2.12 2.41 2.85 3.65 3.65 2.56 2.70 2.48 2.19 0.00 0.00 0.00 0.00 0.00 0.00 0.00 2.77 1.90 2.34 2.34 4.31 6.13 8.25 9.56 9.27 6.57 5.33 4.96 4.60 3.94 3.65 2.92 3.36 4.45 4.82 5.26 5.69 5.91 6.42 6.86 6.79 6.72 6.72 6.57 6.57 6.64 6.57 6.57 5.99 4.60 4.38 4.60 4.16 4.38 4.23 3.94 4.02 4.31 4.09 4.31 4.60 5.55 5.69 5.77 5.77 4.53 4.23 4.31
2.70 1.75 1.02 0.22 0.00 0.00 0.00 0.00 0.73 0.73 0.88 1.61 0.95 0.95 0.66 1.39 2.12 2.41 2.85 3.65 3.65 2.56 2.70 2.48 2.19 0.00 0.00 0.00 0.00 0.00 0.00 0.00 2.77 1.90 2.34 2.34 4.31 6.13 8.25 9.56 9.27 6.57 5.33 4.96 4.60 3.94 3.65 2.92 3.36 4.45 4.82 5.26 5.69 5.91 6.42 6.86 6.79 6.72 6.72 6.57 6.57 6.64 6.57 6.57 5.99 4.60 4.38 4.60 4.16 4.38 4.23 3.94 4.02 4.31 4.09 4.31 4.60 5.55 5.69 5.77 5.77 4.53 4.23 4.31
2.56 2.56 2.63 2.19 0.29 0.00 0.00 0.00 0.00 0.00 1.39 1.83 1.24 1.31 1.46 1.90 2.48 2.48 2.04 1.97 2.70 1.83 1.90 0.00 0.00 0.00 0.00 0.00 0.00 0.00 0.00 0.00 0.95 1.24 3.07 3.07 5.69 6.57 6.94 6.20 4.67 3.65 2.92 3.14 2.41 2.04 2.34 2.63 3.87 4.31 4.67 4.67 4.53 4.96 5.84 5.69 5.77 5.69 5.69 5.62 5.62 5.84 5.91 5.69 4.89 4.16 3.29 2.92 3.36 3.50 3.36 3.50 3.80 3.94 4.09 3.72 3.43 4.02 4.82 4.60 4.53 4.74 5.04 5.04
3.14 3.43 3.36 2.19 0.80 0.00 0.00 0.00 0.29 0.29 0.00 1.83 2.04 2.77 2.41 2.12 2.48 2.12 1.39 1.46 1.17 0.00 0.00 0.00 0.00 0.00 0.00 0.00 0.00 0.00 0.00 2.41 1.68 1.83 3.50 3.50 4.60 4.38 3.58 2.48 1.61 1.31 0.80 1.24 1.53 2.04 3.07 4.02 3.94 3.87 4.16 4.89 5.33 4.74 4.23 4.31 4.38 4.53 4.16 4.09 4.09 4.67 4.89 5.04 4.82 4.31 3.50 2.48 2.26 2.63 3.65 3.21 2.41 1.68 2.12 2.56 2.85 3.80 4.60 4.82 4.60 4.74 4.45 4.74
3.43 3.14 3.29 2.99 1.46 1.17 0.58 1.31 2.34 2.34 2.41 1.31 1.83 2.70 2.70 2.41 2.56 1.61 0.58 0.00 0.00 0.00 0.00 0.00 0.00 0.00 0.00 0.00 0.00 0.00 2.41 2.63 2.85 2.92 4.23 4.23 4.45 4.38 2.77 1.31 1.46 1.46 1.61 1.90 2.34 2.70 3.58 4.23 4.82 5.11 4.74 4.45 4.31 4.60 4.60 4.31 4.31 4.09 4.09 4.23 4.23 4.16 4.02 4.23 4.02 3.21 2.04 1.53 1.46 1.53 1.39 1.10 0.88 0.73 1.17 0.66 0.44 1.39 2.77 3.65 4.22 4.37 4.28 4.75
3.43 3.14 3.29 2.99 1.46 1.17 0.58 1.31 2.34 2.34 2.41 1.31 1.83 2.70 2.70 2.41 2.56 1.61 0.58 0.00 0.00 0.00 0.00 0.00 0.00 0.00 0.00 0.00 0.00 0.00 2.41 2.63 2.85 2.92 4.23 4.23 4.45 4.38 2.77 1.31 1.46 1.46 1.61 1.90 2.34 2.70 3.58 4.23 4.82 5.11 4.74 4.45 4.31 4.60 4.60 4.31 4.31 4.09 4.09 4.23 4.23 4.16 4.02 4.23 4.02 3.21 2.04 1.53 1.46 1.53 1.39 1.10 0.88 0.73 1.17 0.76 0.60 2.00 3.80 6.20 6.97 5.82 5.51 4.93
2.63 2.63 3.50 3.50 2.41 1.61 1.31 1.46 2.19 2.19 2.56 2.77 2.63 2.19 1.83 1.97 1.10 0.00 0.00 0.00 0.00 0.00 0.00 0.00 0.00 0.00 0.00 0.00 0.00 0.22 1.24 1.53 2.63 2.41 3.21 3.21 4.09 3.43 1.75 1.31 0.80 1.61 2.34 3.14 3.14 3.36 3.80 4.74 5.69 5.62 5.04 4.74 4.31 3.87 3.29 3.29 3.07 3.21 3.14 2.63 2.63 2.77 3.07 2.63 1.97 1.53 1.31 1.17 1.02 1.10 1.46 0.88 0.51 0.08 0.85 1.45 1.91 2.10 1.70 2.59 3.17 3.94 4.59 5.04
1.53 1.61 1.83 1.97 1.53 0.66 0.66 0.58 1.75 1.75 1.90 1.68 2.04 1.97 2.41 0.15 0.00 0.00 0.00 0.00 0.00 0.00 0.00 0.00 0.00 0.00 0.00 0.44 1.39 1.31 1.24 1.83 2.04 2.04 2.34 2.34 2.63 1.90 1.39 1.24 2.34 3.58 3.50 2.77 3.21 2.92 3.36 4.82 5.18 4.82 4.23 4.02 3.94 3.94 3.50 2.48 2.04 2.26 2.34 1.61 1.61 1.83 2.04 2.41 2.04 1.46 1.17 0.80 0.58 0.58 0.88 1.10 1.20 0.96 0.11 0.11 0.63 1.47 2.67 3.30 2.86 2.45 3.01 3.11
3.36 3.29 2.56 2.19 1.61 0.88 1.02 1.61 0.95 0.95 0.00 0.00 0.00 0.00 2.70 0.00 0.00 0.00 0.00 0.00 0.00 0.00 0.00 0.73 1.10 0.88 2.48 1.97 1.61 1.02 0.95 0.73 0.73 1.10 1.17 1.17 1.46 1.90 1.83 1.39 4.02 4.96 3.87 3.07 2.34 1.75 2.19 3.65 4.38 4.67 4.23 3.65 3.58 3.94 3.50 2.34 1.46 0.88 0.44 0.58 0.58 0.37 0.66 0.88 0.95 1.31 1.31 1.24 0.95 1.24 1.46 1.39 1.57 1.48 0.90 0.61 0.83 2.45 2.33 2.96 3.47 2.70 2.01 2.43
3.36 3.29 2.56 2.19 1.61 0.88 1.02 1.61 0.95 0.95 0.00 0.00 0.00 0.00 2.70 0.00 0.00 0.00 0.00 0.00 0.00 0.00 0.00 0.73 1.10 0.88 2.48 1.97 1.61 1.02 0.95 0.73 0.73 1.10 1.17 1.17 1.46 1.90 1.83 1.39 4.02 4.96 3.87 3.07 2.34 1.75 2.19 3.65 4.38 4.67 4.23 3.65 3.58 3.94 3.50 2.34 1.46 0.88 0.44 0.58 0.58 0.37 0.66 0.88 0.95 1.31 1.31 1.24 0.95 1.24 1.46 1.39 1.53 1.46 0.88 0.57 0.74 2.27 2.49 3.07 3.47 2.64 2.21 2.60
5.26 3.50 4.82 2.41 1.61 0.66 0.22 0.00 0.00 0.00 0.00 0.00 0.00 0.00 0.00 0.00 0.00 0.00 0.00 0.00 0.00 3.14 1.17 1.24 1.39 1.17 1.68 1.97 2.34 2.19 2.26 1.10 0.88 1.02 1.90 1.90 1.97 2.19 2.34 3.07 4.60 3.58 2.92 2.34 1.75 2.19 2.63 3.43 4.60 4.60 4.31 3.50 3.21 3.50 2.63 2.12 1.17 0.37 0.51 0.66 0.66 0.66 0.88 1.24 1.83 1.75 1.02 1.31 1.39 0.80 0.51 1.02 1.39 1.24 1.42 1.84 1.84 1.16 1.49 2.72 2.84 3.22 2.92 2.32
5.11 4.31 4.09 3.65 2.34 2.41 1.53 0.00 0.00 0.00 0.00 0.00 0.00 0.00 0.00 0.00 0.00 0.00 0.00 0.00 0.51 1.68 1.24 1.02 1.61 2.26 1.97 1.97 2.48 2.85 2.85 1.97 2.04 2.19 2.48 2.48 1.75 2.12 2.77 3.36 3.58 3.80 4.09 3.36 2.92 2.92 2.99 3.80 4.38 4.67 4.67 3.87 3.87 3.58 2.92 1.83 1.46 1.53 1.46 1.17 1.17 0.95 1.31 1.83 2.12 2.34 2.34 2.48 2.56 2.85 2.99 2.63 2.04 2.06 1.90 0.80 1.78 2.90 2.92 2.10 2.86 3.01 3.10 3.41
7.88 8.03 7.23 6.13 6.13 6.28 4.16 1.97 0.00 0.00 0.00 0.00 0.00 0.00 0.00 2.12 0.00 0.00 0.00 0.00 0.73 0.88 1.10 1.31 1.39 1.75 2.26 2.70 2.85 2.85 1.97 1.83 2.04 1.75 2.34 2.34 1.97 1.46 2.41 2.85 2.70 3.29 3.07 2.63 2.48 3.29 4.31 4.60 4.23 3.72 2.99 2.77 0.00 0.00 0.00 1.02 1.39 1.31 1.53 1.83 1.83 2.34 2.63 3.14 2.99 2.41 2.48 3.07 3.50 3.58 3.50 3.36 3.22 2.82 2.52 2.32 1.83 2.70 3.44 3.65 3.53 3.03 3.37 3.28
7.59 6.13 4.53 2.92 1.75 6.94 6.06 4.45 4.23 4.23 4.23 2.41 2.19 1.97 0.73 0.00 0.00 0.00 0.00 0.00 0.22 0.00 0.95 0.80 0.95 1.61 2.12 1.68 2.19 2.34 1.90 2.48 2.34 1.68 2.41 2.41 2.26 2.04 2.70 1.90 1.61 1.68 1.75 2.19 2.19 2.48 3.14 2.77 3.29 3.07 2.41 0.00 0.00 0.00 0.00 0.66 0.66 0.73 1.68 2.12 2.12 2.41 2.41 1.90 2.04 1.83 1.83 1.97 3.07 3.65 3.80 3.61 4.18 4.67 4.65 3.50 4.76 3.81 3.89 4.57 3.73 3.57 2.84 2.71
7.59 6.13 4.53 2.92 1.75 6.94 6.06 4.45 4.23 4.23 4.23 2.41 2.19 1.97 0.73 0.00 0.00 0.00 0.00 0.00 0.22 0.00 0.95 0.80 0.95 1.61 2.12 1.68 2.19 2.34 1.90 2.48 2.34 1.68 2.41 2.41 2.26 2.04 2.70 1.90 1.61 1.68 1.75 2.19 2.19 2.48 3.14 2.77 3.29 3.07 2.41 0.00 0.00 0.00 0.00 0.66 0.66 0.73 1.68 2.12 2.12 2.41 2.41 1.90 2.04 1.83 1.83 1.97 3.07 3.65 3.80 4.44 3.92 5.08 4.17 4.33 4.83 4.22 3.96 4.12 3.60 3.07 3.09 3.07
3.87 4.60 4.16 3.07 2.04 1.83 4.74 3.21 4.02 4.02 3.43 2.41 1.10 0.00 0.00 0.00 0.00 0.00 0.00 0.00 0.00 0.00 0.00 0.37 0.95 0.44 1.46 1.02 0.73 0.80 1.53 1.83 2.04 2.41 2.85 2.85 2.48 1.83 1.90 2.12 2.12 1.97 1.90 1.68 1.83 1.46 1.31 2.19 2.12 1.68 1.31 0.00 0.00 0.00 0.00 0.00 0.00 0.15 0.58 0.95 0.95 1.68 2.41 2.19 1.24 1.10 0.88 0.73 1.75 2.77 3.78 4.67 5.79 5.42 4.94 4.71 4.44 3.92 4.09 5.15 4.44 4.00 4.23 3.46
0.58 1.31 0.73 1.53 1.53 1.83 2.04 1.10 1.39 1.39 0.73 0.15 0.00 0.00 0.00 0.00 0.00 0.00 0.00 0.00 0.00 0.00 0.44 1.53 1.39 1.02 0.80 0.58 0.80 1.10 1.39 1.61 1.83 1.75 2.34 2.34 2.34 1.97 1.61 2.56 2.77 1.97 1.97 1.02 0.22 0.00 0.51 0.00 0.51 1.53 0.88 0.00 0.00 0.00 0.00 0.00 0.00 0.00 0.66 1.10 1.10 1.46 1.39 0.73 0.66 1.39 1.68 1.24 1.24 1.91 3.02 3.83 4.27 4.66 5.16 4.74 3.54 3.36 3.55 4.23 4.00 4.45 3.96 4.73
0.29 0.44 0.66 0.80 0.58 1.10 1.31 1.68 0.15 0.15 0.29 0.07 0.00 0.15 0.00 0.00 0.00 0.00 0.00 0.00 0.00 0.00 0.58 1.75 1.10 0.58 0.66 1.39 1.83 1.68 2.04 2.63 3.14 2.34 2.34 2.34 2.41 1.75 1.31 1.75 1.75 1.24 0.58 0.00 0.00 0.00 0.44 0.58 0.07 0.29 0.66 0.00 0.00 0.00 0.00 0.00 0.00 0.00 0.00 0.66 0.66 0.95 1.31 1.83 2.19 2.70 2.34 1.31 0.88 0.95 1.97 3.21 3.94 5.48 5.48 4.63 5.04 6.16 6.05 4.62 4.01 3.14 3.51 5.04
0.00 0.00 0.00 0.00 0.00 0.88 1.53 1.10 0.88 0.88 0.44 0.00 0.00 0.00 0.00 0.00 0.00 0.00 0.00 0.00 0.00 0.44 1.02 1.10 1.24 0.95 1.68 1.75 1.53 2.19 3.14 3.72 2.92 3.21 3.87 3.87 3.80 2.92 1.46 1.24 1.24 1.24 0.51 0.37 0.15 0.44 1.61 1.31 1.17 1.17 0.00 0.00 0.00 0.00 0.00 0.00 0.00 1.46 0.00 0.00 0.00 0.44 0.00 0.00 0.00 2.12 2.92 2.85 2.04 1.46 1.97 3.80 4.82 5.69 6.48 5.71 5.54 5.21 6.29 5.42 5.89 4.62 3.79 4.61
0.00 0.00 0.00 0.00 0.00 0.44 0.66 0.66 0.29 0.29 0.00 0.00 0.15 0.00 0.00 0.00 0.00 0.00 0.00 0.00 0.00 0.22 0.80 0.66 1.75 1.83 3.21 2.99 2.99 4.09 4.96 4.53 3.87 3.43 3.87 3.87 3.14 2.12 0.58 0.44 0.37 0.15 0.00 0.22 0.58 0.80 0.51 0.73 1.10 1.17 0.80 0.51 0.44 0.00 0.00 0.00 0.00 1.46 2.04 0.00 0.00 0.00 0.00 0.00 0.00 0.00 1.90 2.41 1.97 0.80 1.17 2.63 3.80 4.23 4.87 5.26 6.30 5.17 7.52 5.86 4.04 4.80 4.51 4.35
0.00 0.00 0.00 0.00 0.00 0.44 0.66 0.66 0.29 0.29 0.00 0.00 0.15 0.00 0.00 0.00 0.00 0.00 0.00 0.00 0.00 0.22 0.80 0.66 1.75 1.83 3.21 2.99 2.99 4.09 4.96 4.53 3.87 3.43 3.87 3.87 3.14 2.12 0.58 0.44 0.37 0.15 0.00 0.22 0.58 0.80 0.51 0.73 1.10 1.17 0.80 0.51 0.44 0.00 0.00 0.00 0.00 1.46 2.04 0.00 0.00 0.00 0.00 0.00 0.00 0.00 1.90 2.41 1.97 0.80 1.17 2.63 3.80 4.23 4.67 5.29 4.89 4.55 6.30 6.82 4.94 4.90 3.53 4.01
0.00 0.00 0.00 0.00 0.37 0.44 0.07 0.00 0.00 0.00 0.00 0.00 0.22 0.00 0.00 0.00 0.00 0.00 0.00 1.17 1.02 0.44 0.29 1.61 4.45 4.74 4.96 5.69 6.42 5.77 5.11 4.45 3.80 2.92 2.04 2.04 0.80 0.29 0.15 1.10 1.10 0.51 0.07 0.22 0.00 0.00 0.29 0.37 0.00 0.00 0.29 0.00 0.00 0.00 0.00 0.00 0.00 0.00 0.00 0.00 0.00 0.00 0.00 0.00 0.00 0.00 1.39 1.17 0.37 0.00 0.37 0.00 0.00 4.89 6.13 5.28 4.76 7.09 6.79 6.00 4.76 3.15 3.67 4.72
0.29 0.00 0.00 0.00 0.00 0.00 0.00 0.00 0.00 0.00 0.00 0.00 0.00 0.00 0.00 0.00 0.00 0.00 0.00 0.95 1.61 1.68 1.83 3.29 4.02 5.48 6.35 8.40 8.98 7.81 5.48 3.65 2.19 1.53 0.22 0.22 0.00 0.00 0.58 0.15 0.15 0.00 0.07 0.00 0.00 0.00 0.00 0.00 0.00 0.00 0.00 0.00 0.00 0.00 0.00 0.00 0.00 0.00 0.00 0.00 0.00 0.00 0.00 0.00 0.00 0.80 0.73 0.00 0.00 0.00 0.66 2.85 5.26 6.35 6.66 6.87 6.19 5.93 6.17 5.04 5.47 3.76 3.73 4.37
0.07 0.00 0.00 0.00 0.00 0.00 0.00 0.00 0.22 0.22 0.07 0.00 0.22 0.00 0.00 0.00 0.00 0.00 0.00 0.15 1.75 2.77 3.58 4.74 5.55 7.45 7.88 8.83 8.61 7.52 5.40 2.12 1.17 0.73 1.10 1.10 0.58 0.00 0.00 0.00 0.00 0.00 0.00 0.00 0.00 0.00 0.00 0.00 0.00 0.00 0.00 0.00 0.00 0.00 0.00 0.00 0.00 0.00 0.00 0.00 0.00 0.00 0.00 0.00 0.00 1.17 0.80 0.73 0.51 1.02 2.92 4.53 7.11 8.48 7.56 8.11 7.67 5.77 4.25 4.27 3.15 3.54 3.65 3.31
0.22 0.00 0.00 0.00 0.00 0.00 0.00 0.00 0.00 0.00 0.00 0.00 0.44 0.00 0.00 0.00 0.29 0.00 0.00 0.00 1.83 2.77 3.80 4.53 5.77 7.15 6.28 5.62 5.69 4.89 3.43 1.61 1.17 0.51 0.00 0.00 0.00 0.00 0.00 0.00 0.00 0.00 0.00 0.00 0.00 0.00 0.00 0.00 0.00 0.00 0.00 0.00 0.00 0.00 0.00 0.00 0.00 0.00 0.00 0.00 0.00 0.00 0.00 0.00 0.00 0.00 0.58 0.07 0.29 2.19 4.38 6.28 8.20 9.16 9.30 9.21 6.82 6.31 4.79 4.14 3.55 2.88 2.36 2.23
0.00 0.00 0.00 0.00 0.00 0.00 0.00 0.00 0.07 0.07 0.00 0.00 0.00 0.07 0.00 0.00 0.00 0.00 0.00 0.00 0.88 1.39 1.97 1.39 1.83 1.17 3.72 1.31 1.97 1.61 0.58 0.37 0.00 0.22 0.37 0.37 0.37 0.00 0.00 0.15 0.00 0.00 0.00 0.00 0.00 0.00 0.00 0.00 0.00 0.00 0.00 0.00 0.00 0.00 0.00 0.00 0.00 0.00 0.00 0.00 0.00 0.00 0.00 0.00 0.00 0.00 1.10 0.88 1.17 2.41 6.06 8.63 10.31 8.46 8.43 8.03 5.17 3.29 2.62 3.20 2.88 2.19 2.25 1.73
0.00 0.00 0.00 0.00 0.00 0.00 0.00 0.00 0.07 0.07 0.00 0.00 0.00 0.07 0.00 0.00 0.00 0.00 0.00 0.00 0.88 1.39 1.97 1.39 1.83 1.17 3.72 1.31 1.97 1.61 0.58 0.37 0.00 0.22 0.37 0.37 0.37 0.00 0.00 0.15 0.00 0.00 0.00 0.00 0.00 0.00 0.00 0.00 0.00 0.00 0.00 0.00 0.00 0.00 0.00 0.00 0.00 0.00 0.00 0.00 0.00 0.00 0.00 0.00 0.00 0.00 1.10 0.88 1.17 2.41 6.10 8.54 9.32 9.43 8.99 9.37 6.00 3.18 2.74 3.11 3.05 2.60 2.06 1.47
0.00 0.00 0.00 0.00 0.00 0.00 0.00 0.00 0.00 0.00 0.00 0.00 0.00 0.00 0.00 0.00 0.00 0.00 0.00 0.00 0.00 0.00 0.00 0.00 0.00 0.00 0.00 0.00 0.51 0.29 0.00 0.00 0.00 0.15 0.58 0.58 0.80 0.15 0.37 1.10 0.00 0.00 0.00 0.00 0.00 0.00 0.00 0.00 0.00 0.00 0.00 0.00 0.00 0.00 0.00 0.00 0.00 0.00 0.00 0.00 0.00 0.00 0.00 0.00 0.00 0.37 0.88 1.24 1.98 3.32 6.12 9.22 11.02 9.67 8.42 5.66 2.92 2.39 2.92 2.92 2.99 3.27 1.10 0.00
0.00 0.00 0.00 0.00 0.00 0.00 0.00 0.00 0.00 0.00 0.00 0.00 0.00 0.00 0.00 0.00 0.00 0.00 0.00 0.00 0.00 0.00 0.00 0.00 0.00 0.00 0.00 0.00 0.44 0.00 0.00 0.00 0.00 0.00 0.07 0.07 0.00 0.00 0.00 0.00 0.37 0.00 0.00 0.00 0.00 0.00 0.00 0.00 0.00 0.00 0.00 0.00 0.00 0.00 0.00 0.00 0.00 0.00 0.00 0.00 0.00 0.00 0.00 0.00 0.00 1.10 1.24 1.39 2.26 3.80 5.48 8.05 10.04 8.69 5.48 3.27 2.67 1.60 1.67 2.38 1.97 1.25 0.79 0.00
0.00 0.00 0.15 0.00 0.00 0.00 0.00 0.00 0.00 0.00 0.00 0.00 0.00 0.00 0.00 0.00 0.00 0.00 0.00 0.00 0.00 0.00 0.00 0.00 0.00 0.00 0.00 0.00 0.00 0.00 0.00 0.00 0.00 0.00 0.00 0.00 0.00 0.00 0.00 0.00 0.00 0.00 0.00 0.00 0.00 0.00 0.00 0.00 0.00 0.00 0.00 0.00 0.00 0.00 0.00 0.00 0.00 0.00 0.00 0.00 0.00 0.00 0.00 0.15 0.00 1.10 1.39 1.83 3.21 3.58 4.31 6.57 7.25 6.14 3.31 2.35 1.91 1.78 1.13 0.64 0.71 0.00 0.00 0.00
0.00 0.00 0.00 0.00 0.00 0.00 0.00 0.00 0.00 0.00 0.00 0.00 0.00 0.00 0.00 0.00 0.00 0.00 0.00 0.00 0.00 0.00 0.00 0.00 0.00 0.00 0.00 0.00 0.00 0.00 0.00 0.00 0.00 0.00 0.00 0.00 0.00 0.00 0.00 0.00 0.00 0.00 0.00 0.00 0.00 0.00 0.00 0.00 0.00 0.00 0.00 0.00 0.00 0.00 0.00 0.00 0.00 0.00 0.00 0.00 0.00 0.00 0.00 0.00 0.00 1.17 1.83 2.26 3.50 4.09 4.67 5.16 6.61 5.82 2.58 0.89 0.89 0.59 0.36 0.00 0.00 0.00 0.00 0.00
0.00 0.00 0.00 0.00 0.00 0.00 0.00 0.00 0.00 0.00 0.00 0.00 0.00 0.00 0.00 0.00 0.00 0.00 0.00 0.00 0.00 0.00 0.00 0.00 0.00 0.00 0.00 0.00 0.00 0.00 0.00 0.00 0.00 0.00 0.00 0.00 0.00 0.00 0.00 0.00 0.00 0.00 0.00 0.00 0.00 0.00 0.00 0.00 0.00 0.00 0.00 0.00 0.00 0.00 0.00 0.00 0.00 0.00 0.00 0.00 0.00 0.00 0.00 0.00 0.00 1.75 1.24 2.04 2.85 3.07 3.50 3.87 3.81 1.78 0.48 0.09 0.00 0.00 0.00 0.00 0.00 0.00 0.00 0.00
0.00 0.00 0.00 0.00 0.00 0.00 0.44 0.00 0.00 0.00 0.00 0.00 0.00 0.15 0.00 0.00 0.00 0.00 0.00 0.00 0.00 0.00 0.00 0.00 0.00 0.00 0.00 0.00 0.00 0.00 0.00 0.00 0.00 0.00 0.00 0.00 0.00 0.00 0.00 0.00 0.00 0.00 0.00 0.00 0.00 0.00 0.00 0.00 0.00 0.00 0.00 0.00 0.00 0.00 0.00 0.00 0.00 0.00 0.00 0.00 0.00 0.00 0.00 0.00 0.00 0.00 1.10 1.39 1.90 2.34 2.26 2.05 0.74 0.00 0.00 0.00 0.00 0.00 0.00 0.00 0.00 0.00 0.00 0.00
0.00 0.00 0.00 0.00 0.00 0.00 0.44 0.00 0.00 0.00 0.00 0.00 0.00 0.15 0.00 0.00 0.00 0.00 0.00 0.00 0.00 0.00 0.00 0.00 0.00 0.00 0.00 0.00 0.00 0.00 0.00 0.00 0.00 0.00 0.00 0.00 0.00 0.00 0.00 0.00 0.00 0.00 0.00 0.00 0.00 0.00 0.00 0.00 0.00 0.00 0.00 0.00 0.00 0.00 0.00 0.00 0.00 0.00 0.00 0.00 0.00 0.00 0.00 0.00 0.00 0.00 1.10 1.39 1.90 2.34 2.26 2.04 0.73 0.00 0.00 0.00 0.00 0.00 0.00 0.00 0.00 0.00 0.00 0.00
0.95 0.00 0.00 0.22 0.00 0.00 0.00 0.00 0.73 0.73 0.00 0.00 0.00 0.00 0.00 0.00 0.00 0.00 0.00 0.00 0.00 0.00 0.00 0.00 0.00 0.00 0.00 0.00 0.00 0.00 0.00 0.00 0.00 0.00 0.00 0.00 0.00 0.00 0.00 0.00 0.00 0.00 0.00 0.00 0.00 0.00 0.00 0.00 0.00 0.00 0.00 0.00 0.00 0.00 0.00 0.00 0.00 0.00 0.00 0.00 0.00 0.00 0.00 0.00 0.00 0.00 0.00 0.15 0.58 0.95 1.02 0.29 0.00 0.00 0.00 0.00 0.00 0.00 0.00 0.00 0.00 0.00 0.00 0.00
