Wansh/Snow_depth/snowdepth-1988/winter/1989011.txt
ncols 321
nrows 161
xllcenter 60
yllcenter 15 
cellsize  0.25 
NODATA_value -1
[rows 0 to 36 of 161, columns 84 to 167 of 321]
10.95 11.24 11.10 10.00 7.96 5.69 0.00 0.00 3.80 6.35 9.27 10.37 10.37 10.07 9.93 8.98 9.27 10.80 10.80 10.95 11.61 11.17 9.71 7.08 3.87 2.77 1.83 1.75 1.24 1.61 3.14 4.74 5.91 4.67 3.29 2.04 1.46 2.04 1.53 2.34 5.26 5.62 4.82 4.82 3.14 2.04 1.68 2.34 3.72 5.48 6.42 6.94 6.57 5.62 4.60 4.38 4.45 4.31 4.16 3.65 3.29 3.07 2.56 2.12 2.77 3.07 3.80 4.82 4.82 5.99 8.03 8.03 8.32 10.44 9.71 9.13 9.20 10.00 11.39 12.78 12.26 11.83 10.66 9.49
8.69 8.91 8.61 7.96 5.69 0.00 0.00 0.00 0.00 4.89 8.25 9.78 9.56 8.54 6.86 5.84 6.94 8.61 8.61 9.56 9.71 9.64 9.78 9.13 7.01 4.09 3.21 2.12 1.61 1.02 1.31 2.41 3.72 4.23 2.63 0.37 0.29 0.00 0.00 0.07 2.63 5.99 7.88 7.88 8.69 7.59 5.62 3.72 3.87 3.65 3.50 3.72 4.82 4.96 4.74 4.60 5.48 5.04 4.96 4.60 4.38 3.87 5.04 4.38 3.58 4.31 5.69 5.91 5.91 7.74 9.27 6.50 9.13 9.42 9.93 10.59 11.61 12.34 12.56 13.07 12.05 11.46 11.32 10.44
7.30 7.15 6.20 4.82 3.72 3.50 2.99 3.43 4.53 6.35 7.66 8.91 9.05 8.76 7.74 6.57 5.40 6.06 6.06 6.42 8.03 8.98 9.93 9.05 7.74 5.69 4.23 2.70 2.34 2.19 1.75 1.75 3.14 4.38 4.31 3.36 1.83 1.68 2.19 1.53 1.10 1.83 5.91 5.91 10.22 12.05 11.39 8.03 5.91 4.31 4.23 4.16 3.80 4.02 5.11 6.72 7.30 8.25 9.56 10.51 9.56 8.47 8.32 8.40 8.47 7.96 8.47 8.47 8.47 8.69 7.74 8.91 7.37 7.30 8.69 10.22 11.68 12.12 12.12 12.56 12.19 12.99 14.16 14.16
7.30 7.15 6.20 4.82 3.72 3.50 2.99 3.43 4.53 6.35 7.66 8.91 9.05 8.76 7.74 6.57 5.40 6.06 6.06 6.42 8.03 8.98 9.93 9.05 7.74 5.69 4.23 2.70 2.34 2.19 1.75 1.75 3.14 4.38 4.31 3.36 1.83 1.68 2.19 1.53 1.10 1.83 5.91 5.91 10.22 12.05 11.39 8.03 5.91 4.31 4.23 4.16 3.80 4.02 5.11 6.72 7.30 8.25 9.56 10.51 9.56 8.47 8.32 8.40 8.47 7.96 8.47 8.47 8.47 8.69 7.74 8.91 7.37 7.30 8.69 10.22 11.68 12.12 12.12 12.56 12.19 12.99 14.16 14.16
5.55 4.09 3.36 3.29 3.65 4.74 4.89 5.04 5.84 6.64 7.01 8.47 9.71 9.34 8.98 8.47 7.66 5.77 5.77 5.48 5.33 6.20 8.18 10.51 10.29 7.74 5.91 4.31 3.14 2.56 1.90 1.97 3.50 6.20 7.52 7.01 5.33 3.50 2.56 2.19 0.80 0.22 1.24 1.24 4.31 8.10 9.93 11.83 10.29 7.30 5.04 4.02 3.87 3.94 4.09 4.38 5.84 7.81 8.91 10.66 12.05 12.12 11.10 10.15 9.13 9.64 9.93 10.29 10.29 10.59 9.49 7.15 8.03 6.57 7.37 8.18 8.76 10.37 11.02 10.88 12.41 13.51 14.02 14.53
5.77 5.04 4.96 4.53 4.60 4.60 4.16 4.09 4.53 4.89 5.69 7.45 9.13 9.56 10.00 10.88 10.95 9.20 9.20 8.10 5.48 4.82 5.84 8.10 8.91 7.81 5.69 4.60 3.65 3.14 3.50 3.43 3.94 5.77 8.10 7.96 5.48 3.65 2.77 2.70 2.41 1.61 1.31 1.31 2.12 4.38 6.42 9.05 9.42 8.47 6.64 5.18 4.02 4.09 4.74 5.04 6.57 6.94 7.59 9.05 12.85 15.04 15.33 14.38 12.19 10.00 8.98 8.18 8.18 8.91 8.98 9.13 10.37 10.44 8.91 7.66 7.37 7.23 8.18 9.34 11.75 13.29 13.72 14.09
7.66 7.96 7.74 6.50 5.77 4.89 4.67 4.82 5.40 6.42 6.72 7.15 7.59 9.20 10.66 10.59 10.15 10.15 10.15 9.49 9.78 7.88 5.91 5.11 6.13 6.13 4.67 4.23 4.53 4.02 3.65 4.02 5.18 6.35 7.01 6.57 5.48 3.58 2.92 2.92 3.21 3.07 3.21 3.21 4.53 5.55 6.13 6.28 7.45 6.35 4.82 4.82 4.74 4.74 5.33 7.08 8.40 9.20 11.32 12.12 13.65 15.62 17.74 18.98 18.10 16.28 13.87 11.02 11.02 9.93 10.15 10.51 12.85 13.43 12.56 10.29 9.34 9.05 8.61 8.76 8.91 10.22 12.41 12.78
7.66 7.96 7.74 6.50 5.77 4.89 4.67 4.82 5.40 6.42 6.72 7.15 7.59 9.20 10.66 10.59 10.15 10.15 10.15 9.49 9.78 7.88 5.91 5.11 6.13 6.13 4.67 4.23 4.53 4.02 3.65 4.02 5.18 6.35 7.01 6.57 5.48 3.58 2.92 2.92 3.21 3.07 3.21 3.21 4.53 5.55 6.13 6.28 7.45 6.35 4.82 4.82 4.74 4.74 5.33 7.08 8.40 9.20 11.32 12.12 13.65 15.62 17.74 18.98 18.10 16.28 13.87 11.02 11.02 9.93 10.15 10.51 12.85 13.43 12.56 10.29 9.34 9.05 8.61 8.76 8.91 10.22 12.41 12.78
7.15 5.69 5.48 5.62 5.26 4.74 4.74 6.06 7.23 7.88 7.45 5.91 4.53 6.28 9.78 10.51 10.29 10.15 10.15 9.93 10.51 9.86 7.37 5.99 4.38 4.45 3.72 2.70 3.21 4.45 4.67 4.23 4.60 5.91 6.86 7.08 5.77 5.04 4.23 3.87 3.43 3.58 3.87 3.87 4.96 4.96 3.87 5.18 5.48 5.55 6.13 6.42 5.48 6.72 7.01 7.45 8.10 9.05 9.64 10.37 10.73 11.61 13.80 15.11 14.67 15.33 16.13 15.33 15.33 14.60 15.91 14.60 12.12 14.60 12.99 11.75 12.19 12.26 11.75 11.90 10.59 9.42 8.54 9.34
3.58 0.00 0.00 0.00 0.00 4.31 4.82 5.48 5.77 5.84 5.55 4.02 3.50 4.45 6.06 7.88 8.54 8.40 8.40 8.69 8.91 9.86 8.47 6.50 4.60 3.43 3.29 3.94 4.45 4.02 3.94 3.87 3.87 5.33 6.86 7.01 6.57 6.06 5.26 5.33 4.53 3.36 3.80 3.80 4.31 4.96 5.33 5.33 5.84 7.88 9.71 11.53 11.24 9.71 9.34 9.78 9.42 8.76 8.69 8.47 8.40 9.42 9.20 8.98 10.73 11.83 12.41 15.48 15.48 15.33 15.18 15.33 13.65 16.06 14.24 13.43 15.55 12.92 15.70 19.56 16.72 11.46 8.83 8.03
4.31 0.00 0.00 3.72 4.02 5.18 5.84 6.50 6.94 7.23 6.50 6.06 5.55 5.69 6.13 7.01 7.74 8.25 8.25 8.76 9.71 10.29 7.88 5.40 4.45 3.87 3.94 4.31 4.53 4.23 3.80 3.14 3.94 4.67 6.13 6.64 6.57 7.01 6.79 6.42 6.50 7.08 6.57 6.57 6.13 5.84 5.84 6.50 8.25 7.74 7.74 10.15 10.73 10.88 10.15 10.29 12.85 12.99 11.83 10.88 10.07 9.78 9.93 10.59 12.70 14.75 18.18 20.66 20.66 21.97 22.63 20.15 15.70 18.91 18.91 19.13 22.19 25.48 22.85 26.21 18.54 13.65 10.73 10.88
4.31 0.00 0.00 3.72 4.02 5.18 5.84 6.50 6.94 7.23 6.50 6.06 5.55 5.69 6.13 7.01 7.74 8.25 8.25 8.76 9.71 10.29 7.88 5.40 4.45 3.87 3.94 4.31 4.53 4.23 3.80 3.14 3.94 4.67 6.13 6.64 6.57 7.01 6.79 6.42 6.50 7.08 6.57 6.57 6.13 5.84 5.84 6.50 8.25 7.74 7.74 10.15 10.73 10.88 10.15 10.29 12.85 12.99 11.83 10.88 10.07 9.78 9.93 10.59 12.70 14.75 18.18 20.66 20.66 21.97 22.63 20.15 15.70 18.91 18.91 19.13 22.19 25.48 22.85 26.21 18.54 13.65 10.73 10.88
4.45 5.26 5.33 4.45 5.40 6.35 6.64 7.08 7.96 7.74 8.03 8.61 7.74 8.25 9.42 9.56 9.71 10.22 10.22 11.02 11.10 9.78 7.59 5.69 4.74 4.45 3.80 3.80 3.94 4.31 4.31 5.33 6.35 6.42 7.23 8.32 10.37 10.29 9.86 9.13 9.05 8.83 8.54 8.54 7.96 7.88 7.74 8.10 8.91 9.20 9.56 9.20 8.47 7.81 9.20 10.37 12.48 15.33 16.43 15.18 13.80 12.63 12.12 12.41 12.41 14.02 17.16 19.49 19.49 22.63 24.02 23.21 20.66 21.39 21.83 23.58 25.55 26.79 26.94 25.62 26.43 16.94 15.04 14.53
5.77 6.42 5.99 5.55 5.77 6.28 7.59 7.30 6.86 7.15 7.37 8.54 10.00 11.24 12.48 12.26 12.34 11.75 11.75 10.59 8.83 7.81 6.64 5.91 5.04 4.23 3.36 3.87 6.28 8.25 10.00 11.39 11.61 12.12 11.97 12.05 13.14 13.07 11.53 10.29 10.73 10.80 9.13 9.13 7.15 7.15 8.47 10.44 11.02 10.66 9.42 8.32 7.23 6.13 5.69 6.20 7.45 8.91 11.75 13.43 14.67 14.89 15.18 15.40 15.40 15.77 17.45 19.49 19.49 20.81 22.05 23.00 22.48 20.37 21.10 22.56 22.63 21.17 16.86 15.40 21.39 13.87 13.29 12.41
5.33 5.84 5.18 6.13 6.13 5.91 5.11 4.96 5.40 6.35 6.86 8.25 8.83 10.66 12.63 12.70 11.53 10.73 10.73 10.37 8.83 7.66 6.72 6.86 6.79 5.33 5.04 6.94 8.98 11.75 13.29 15.04 16.35 14.82 13.94 13.36 12.05 11.24 10.22 8.76 7.88 8.25 8.47 8.47 8.54 7.74 7.66 9.05 10.73 11.32 10.59 9.64 7.15 5.91 5.33 6.20 6.35 6.13 6.06 6.50 7.45 9.13 10.88 12.70 14.82 15.40 15.48 16.50 16.50 16.86 17.89 17.81 15.70 19.13 14.67 14.24 14.45 8.03 1.53 1.31 11.10 11.02 14.02 12.41
3.58 3.43 3.65 4.02 5.04 4.74 3.87 2.77 3.29 4.02 5.55 6.42 6.72 8.25 9.49 9.93 10.80 10.29 10.29 9.20 8.69 8.47 7.66 8.18 9.20 9.42 9.27 9.56 10.88 12.70 14.89 17.01 17.08 14.82 13.14 11.90 9.86 8.40 9.13 8.83 9.42 10.44 11.46 11.46 11.46 11.39 11.61 11.97 11.75 12.19 11.97 10.80 10.29 9.71 8.98 8.10 7.08 6.72 6.20 7.08 7.88 7.74 7.74 9.13 10.22 13.43 15.33 16.28 16.28 17.16 16.28 15.40 12.56 9.86 7.01 9.78 11.17 3.87 0.00 0.00 10.07 14.75 14.75 14.82
3.58 3.43 3.65 4.02 5.04 4.74 3.87 2.77 3.29 4.02 5.55 6.42 6.72 8.25 9.49 9.93 10.80 10.29 10.29 9.20 8.69 8.47 7.66 8.18 9.20 9.42 9.27 9.56 10.88 12.70 14.89 17.01 17.08 14.82 13.14 11.90 9.86 8.40 9.13 8.83 9.42 10.44 11.46 11.46 11.46 11.39 11.61 11.97 11.75 12.19 11.97 10.80 10.29 9.71 8.98 8.10 7.08 6.72 6.20 7.08 7.88 7.74 7.74 9.13 10.22 13.43 15.33 16.28 16.28 17.16 16.28 15.40 12.56 9.86 7.01 9.78 11.17 3.87 0.00 0.00 10.07 14.75 14.75 14.82
4.23 3.50 3.58 4.45 4.89 4.31 2.92 1.75 1.83 2.19 2.77 4.09 5.69 8.40 9.34 8.54 9.93 10.88 10.88 10.22 9.42 8.32 7.15 7.59 8.61 10.44 10.66 10.51 10.88 11.61 13.94 16.57 17.52 16.06 13.94 10.80 9.56 9.34 10.15 11.32 13.58 14.60 14.38 14.38 13.58 13.14 13.43 14.67 15.48 13.80 12.56 11.90 10.88 11.61 11.97 11.39 9.93 8.69 9.20 10.15 12.56 13.65 12.41 10.80 10.51 11.24 12.78 16.64 16.64 17.45 16.50 12.63 12.19 8.03 7.59 10.37 11.10 2.77 0.00 4.38 8.83 8.83 6.94 9.13
3.36 3.80 4.16 4.45 5.62 5.40 4.53 3.58 2.63 2.99 4.23 4.74 5.91 8.98 10.37 9.42 10.15 10.95 10.95 11.02 10.44 9.13 7.66 7.23 8.91 11.10 12.78 13.07 13.51 14.16 16.21 17.37 19.05 19.35 17.01 12.85 9.86 7.96 8.25 9.34 12.26 15.18 16.06 16.06 15.70 13.58 11.17 10.80 11.75 11.24 9.78 8.83 7.74 7.66 7.37 7.59 9.20 9.93 11.61 14.45 16.13 16.21 15.48 14.60 13.72 14.38 15.77 17.74 17.74 18.25 17.45 15.62 17.23 8.32 3.94 9.05 6.06 1.46 1.10 4.09 5.40 4.67 4.23 4.16
0.00 0.00 2.85 3.87 5.26 6.42 5.48 4.96 4.02 4.02 5.26 5.04 5.99 7.59 8.03 7.01 7.74 9.42 9.42 11.53 12.05 10.88 9.49 8.98 9.20 11.10 11.97 12.41 12.34 11.97 13.14 14.82 17.08 16.72 15.26 12.12 8.76 6.57 5.40 4.89 6.06 10.44 15.26 15.26 17.37 15.40 10.95 8.32 7.96 7.81 7.30 6.42 6.13 6.64 7.08 7.23 7.45 8.03 9.78 12.05 15.48 17.45 17.08 16.50 16.13 17.01 17.74 17.30 17.30 17.08 14.82 10.59 12.48 3.80 4.09 5.04 2.99 2.63 2.92 3.43 3.94 3.94 3.94 3.21
0.00 0.00 3.07 4.53 5.55 6.06 5.84 4.45 3.94 5.33 6.20 6.06 6.79 7.01 6.64 6.28 7.45 8.91 8.91 10.15 10.66 10.59 10.29 10.80 11.53 13.29 14.02 13.14 12.41 11.17 9.78 9.71 12.41 13.58 11.32 7.81 5.69 3.29 3.72 4.89 5.33 7.59 13.07 13.07 15.91 16.35 14.02 10.73 8.47 7.81 7.74 7.01 6.79 8.25 10.00 10.73 11.02 10.07 8.69 8.91 9.13 9.86 13.43 14.53 15.11 15.18 15.62 14.60 14.60 12.05 7.45 3.29 3.21 3.07 2.26 3.58 2.04 2.48 3.14 3.58 3.29 2.77 3.43 2.56
2.99 3.58 3.80 4.74 5.33 5.11 4.96 5.99 7.08 8.61 8.25 7.66 8.32 9.27 9.64 8.91 9.20 9.86 9.86 11.39 11.75 12.85 13.14 13.94 15.91 18.03 19.56 19.05 16.64 14.31 12.05 10.00 9.56 11.10 10.73 7.01 3.58 1.46 1.10 3.58 5.40 6.57 7.81 7.81 10.29 10.95 11.10 10.66 9.49 8.03 7.15 7.88 8.83 9.93 11.46 13.07 13.43 11.24 8.69 7.30 6.94 6.72 6.94 7.66 10.15 11.97 10.73 8.91 8.91 7.81 5.33 3.29 2.04 2.41 1.83 2.41 1.17 1.17 1.75 1.75 1.75 2.12 2.41 2.34
2.99 3.58 3.80 4.74 5.33 5.11 4.96 5.99 7.08 8.61 8.25 7.66 8.32 9.27 9.64 8.91 9.20 9.86 9.86 11.39 11.75 12.85 13.14 13.94 15.91 18.03 19.56 19.05 16.64 14.31 12.05 10.00 9.56 11.10 10.73 7.01 3.58 1.46 1.10 3.58 5.40 6.57 7.81 7.81 10.29 10.95 11.10 10.66 9.49 8.03 7.15 7.88 8.83 9.93 11.46 13.07 13.43 11.24 8.69 7.30 6.94 6.72 6.94 7.66 10.15 11.97 10.73 8.91 8.91 7.81 5.33 3.29 2.04 2.41 1.83 2.41 1.17 1.17 1.75 1.75 1.75 2.12 2.41 2.34
4.74 4.31 4.23 3.87 4.16 4.45 5.11 7.74 9.42 9.56 9.05 9.64 9.64 10.15 11.61 12.56 12.41 12.12 12.12 12.12 13.36 15.33 17.16 17.96 18.03 20.08 22.12 21.39 19.78 18.47 15.40 11.68 9.56 8.69 7.23 5.18 3.58 2.12 1.24 2.19 4.45 5.99 4.74 4.74 5.99 7.37 6.35 5.11 4.09 4.23 4.82 6.28 6.72 7.88 8.83 10.29 8.91 8.47 7.37 6.64 5.84 5.62 5.69 4.96 7.01 8.76 5.99 6.20 6.20 7.74 7.81 6.42 3.36 2.48 2.34 0.95 1.02 1.24 1.75 1.46 2.04 1.24 1.31 1.24
6.06 5.33 6.20 5.48 5.40 7.01 8.25 10.37 11.90 11.90 11.32 10.51 9.34 9.34 10.37 11.61 12.70 12.26 12.26 12.63 13.80 15.70 17.74 17.51 17.24 20.33 18.66 18.25 19.05 19.35 15.91 12.85 10.22 7.96 5.69 3.87 3.14 2.92 3.07 3.21 3.14 3.07 2.77 2.77 3.80 5.33 6.28 4.89 3.07 0.00 0.00 2.77 4.96 6.79 6.86 5.91 5.04 4.45 4.82 5.48 5.69 6.13 6.13 7.96 7.08 7.88 6.50 5.48 5.48 6.06 7.23 7.66 6.20 4.09 2.26 2.26 1.61 1.46 1.46 1.83 1.53 0.58 0.80 0.80
7.59 7.96 10.44 8.61 9.49 10.66 10.15 11.97 12.85 12.12 9.56 9.71 10.29 9.34 8.40 9.71 11.17 12.99 12.99 13.58 15.62 17.81 18.54 19.39 22.12 20.04 20.46 19.04 20.37 21.39 18.10 13.43 10.88 8.54 5.40 3.72 3.14 3.80 4.60 5.04 4.67 3.65 3.21 3.21 3.72 4.89 5.77 5.18 3.80 0.00 0.00 0.00 4.09 5.40 5.26 4.67 4.31 0.00 3.80 4.96 6.20 5.77 7.59 5.99 5.84 5.55 5.99 6.28 6.28 5.77 5.84 5.11 5.62 5.26 4.45 3.29 2.70 2.41 2.26 1.61 1.68 1.02 0.29 0.00
9.71 12.26 13.58 12.48 13.36 12.34 11.97 12.48 11.97 8.98 3.43 4.31 4.89 3.65 3.50 5.84 8.91 12.19 12.19 12.99 13.43 14.53 16.03 16.48 17.85 19.14 20.47 19.84 22.13 23.02 20.51 16.86 15.84 13.65 11.90 9.05 7.96 6.42 6.72 6.20 5.48 4.53 3.29 3.29 1.75 1.68 3.29 3.80 3.65 3.87 4.45 0.00 4.31 4.38 0.00 0.00 4.60 0.00 0.00 0.00 5.69 7.81 9.49 8.25 7.45 7.37 8.91 9.93 9.93 10.44 8.47 7.66 6.57 6.13 5.11 5.18 2.77 3.80 2.48 1.53 1.24 0.37 0.00 0.15
14.45 13.94 13.21 14.60 13.14 11.90 12.19 12.41 10.29 5.99 0.00 0.00 0.00 0.00 0.00 4.53 8.10 9.93 9.93 10.55 9.51 8.52 8.65 9.71 13.78 15.26 17.99 21.42 23.28 23.45 22.67 20.81 20.00 19.13 19.78 18.03 15.99 11.97 9.05 6.42 5.04 5.26 4.45 4.45 1.61 0.00 0.00 0.00 4.45 3.21 5.48 5.69 0.00 2.70 2.99 3.65 4.09 2.19 2.77 3.58 5.62 8.61 12.41 15.99 16.94 13.51 12.99 13.65 13.65 14.24 11.68 8.91 7.30 6.79 5.91 4.96 4.16 3.36 3.80 2.19 0.95 0.22 0.00 0.00
14.45 13.94 13.21 14.60 13.14 11.90 12.19 12.41 10.29 5.99 0.00 0.00 0.00 0.00 0.00 4.53 8.10 9.93 9.98 10.89 9.66 9.13 8.44 9.96 13.58 15.26 17.45 19.91 21.75 23.81 22.90 21.67 22.47 20.24 20.29 18.03 15.99 11.97 9.05 6.42 5.04 5.26 4.45 4.45 1.61 0.00 0.00 0.00 4.45 3.21 5.48 5.69 0.00 2.70 2.99 3.65 4.09 2.19 2.77 3.58 5.62 8.61 12.41 15.99 16.94 13.51 12.99 13.65 13.65 14.24 11.68 8.91 7.30 6.79 5.91 4.96 4.16 3.36 3.80 2.19 0.95 0.22 0.00 0.00
11.68 11.83 8.47 10.95 10.37 11.24 13.21 15.84 13.94 12.26 9.86 6.86 0.00 0.00 0.00 7.88 11.24 14.45 14.45 12.78 10.51 7.23 5.06 5.78 6.89 7.67 10.10 13.65 16.57 19.00 21.24 21.26 23.17 25.27 24.84 24.89 22.56 19.64 15.11 10.37 7.66 5.91 4.60 4.60 2.92 0.00 0.00 5.62 7.81 8.76 7.96 7.08 0.00 0.00 2.34 2.48 2.41 2.12 0.00 2.92 3.80 6.86 11.39 17.37 21.83 22.05 19.42 16.64 16.64 13.21 10.44 9.05 6.72 5.33 4.74 5.55 3.29 2.63 1.02 2.12 0.66 0.29 0.22 0.22
8.61 10.37 8.91 8.61 6.64 6.94 7.23 13.87 15.48 15.99 15.77 13.94 10.66 7.45 8.10 11.83 15.62 17.45 17.45 15.55 12.05 7.04 4.82 3.94 3.67 3.11 3.14 5.52 10.88 14.23 16.64 16.79 17.01 21.46 25.45 27.23 24.90 22.08 19.49 18.10 14.24 8.54 4.96 4.96 3.65 1.46 2.63 5.04 3.50 4.82 4.67 5.18 3.80 0.00 1.24 1.68 0.00 0.00 0.00 0.00 3.65 4.89 9.56 16.79 20.37 21.39 19.13 15.55 15.55 14.02 9.20 7.23 4.96 4.74 4.38 3.36 3.36 1.46 1.31 0.88 1.24 1.83 1.68 0.58
8.25 10.07 11.02 8.03 8.32 7.96 7.52 8.32 10.88 10.22 10.88 10.59 7.81 6.06 6.64 9.64 12.63 12.12 12.12 11.17 8.98 6.72 4.82 3.94 0.00 0.00 0.00 0.00 6.41 11.53 15.18 15.91 15.48 16.79 21.05 24.01 26.95 24.82 25.04 21.24 26.43 19.49 8.76 8.76 4.60 3.43 2.26 2.48 2.56 3.36 4.38 5.18 4.31 0.00 0.00 1.53 1.97 0.00 4.02 4.23 2.99 3.80 6.28 10.80 15.11 16.35 14.53 12.56 12.56 9.56 6.94 4.09 3.36 2.41 2.63 2.48 1.83 1.61 2.41 1.97 2.19 3.29 3.72 3.50
3.36 5.18 9.56 9.86 10.07 8.10 8.47 9.13 9.71 9.71 8.69 7.59 7.52 8.83 10.95 9.13 5.11 7.66 7.66 7.66 7.59 6.06 4.38 3.72 2.19 1.02 0.00 0.00 5.91 8.25 11.24 14.09 13.14 13.51 17.74 23.43 26.68 27.91 24.13 28.17 27.01 23.43 19.71 19.71 15.04 10.37 6.86 3.58 2.26 2.70 3.72 3.50 0.00 0.00 0.00 0.00 0.00 0.00 3.29 3.50 2.99 0.00 4.45 6.28 7.66 8.25 8.47 7.37 7.37 5.48 4.02 3.21 2.41 2.99 3.36 3.50 3.29 1.10 2.77 2.41 3.36 2.70 4.45 4.09
0.00 0.00 0.00 5.04 6.28 6.28 5.04 5.40 5.01 4.96 5.11 6.20 6.79 8.25 9.86 8.69 7.01 3.87 3.87 2.92 2.85 3.36 2.92 3.21 2.77 1.53 1.31 2.73 5.11 6.94 8.54 9.27 10.37 11.24 12.34 13.80 17.81 20.00 24.01 27.78 27.88 24.02 20.88 20.88 18.03 14.45 9.64 6.86 4.53 3.65 3.50 3.58 0.00 0.00 0.00 0.00 0.00 0.00 4.23 4.96 3.94 3.65 0.00 4.09 5.26 4.89 3.87 3.29 3.29 0.00 0.00 0.00 0.00 2.04 3.14 4.02 4.53 4.23 2.92 3.58 3.58 3.58 3.43 3.65
0.00 2.41 2.41 0.00 0.00 0.00 1.97 2.85 2.32 2.19 2.85 4.74 6.57 7.52 6.06 4.89 4.60 3.43 3.43 2.99 2.77 2.99 2.63 2.48 1.83 1.53 2.70 3.36 0.00 6.20 7.79 7.78 7.00 7.15 8.98 10.59 12.41 15.41 17.45 18.10 21.24 19.27 17.16 17.16 17.81 18.32 16.79 15.04 12.12 7.96 5.26 3.80 2.99 0.00 0.00 0.00 0.00 0.00 0.00 0.00 4.16 4.38 4.02 4.23 4.89 5.11 4.67 2.85 2.85 0.00 0.00 0.00 0.00 1.68 1.75 3.21 4.67 3.65 4.09 4.31 5.40 4.89 5.04 4.16
0.00 2.41 2.41 0.00 0.00 0.00 1.97 2.85 2.26 2.19 2.85 4.74 6.57 7.52 6.06 4.89 4.60 3.45 3.43 2.99 2.77 2.99 2.63 2.48 1.83 1.53 2.70 3.36 0.00 5.99 7.52 7.74 6.79 7.15 9.02 10.64 12.41 15.33 17.62 18.10 21.02 19.27 17.16 17.16 17.81 18.32 16.79 15.04 12.12 7.96 5.26 3.80 2.99 0.00 0.00 0.00 0.00 0.00 0.00 0.00 4.16 4.38 4.02 4.23 4.89 5.11 4.67 2.85 2.85 0.00 0.00 0.00 0.00 1.68 1.75 3.21 4.67 3.65 4.09 4.31 5.40 4.89 5.04 4.16
0.00 1.68 3.72 0.00 0.00 0.00 0.00 4.67 4.67 3.72 2.63 3.94 5.99 5.99 3.87 3.65 3.21 2.56 2.56 1.61 0.95 0.00 0.00 0.00 0.00 1.61 2.34 0.00 0.00 5.77 6.28 6.06 5.33 4.96 5.40 6.64 8.32 9.13 11.23 10.73 10.51 9.05 9.56 9.56 11.32 12.70 13.58 14.97 16.35 14.60 9.86 5.48 3.65 2.85 2.85 0.00 0.00 0.00 0.00 0.00 0.00 0.00 0.00 0.00 0.00 0.00 0.00 0.00 0.00 0.00 0.00 0.00 0.00 0.00 0.00 0.00 2.99 4.38 4.74 5.18 6.20 5.62 5.99 4.82
