Wansh/Snow_depth/snowdepth-1988/winter/1989042.txt
ncols 321
nrows 161
xllcenter 60
yllcenter 15 
cellsize  0.25 
NODATA_value -1
[rows 74 to 110 of 161, columns 83 to 165 of 321]
1.53 0.00 0.00 0.00 0.00 1.61 3.94 5.18 4.89 2.04 4.31 3.72 2.85 2.04 2.26 3.94 5.69 4.31 3.65 3.65 2.99 3.50 4.31 4.45 4.45 5.84 7.37 7.59 5.40 5.04 4.60 4.74 4.60 4.23 4.02 4.23 5.55 6.20 4.89 4.96 6.20 6.57 6.28 4.45 4.45 3.65 3.36 2.99 2.56 2.04 1.68 1.90 0.00 0.00 0.00 2.91 1.97 2.56 2.99 2.56 2.19 1.90 1.53 1.17 0.00 0.00 3.21 4.45 6.50 6.50 7.34 5.43 5.99 5.62 1.75 0.51 0.00 0.00 0.00 0.00 0.00 1.46 2.57
2.63 2.48 2.77 1.24 2.56 4.09 6.13 6.79 6.86 5.33 4.74 4.09 3.14 3.36 3.50 2.92 2.85 2.85 3.87 3.87 3.80 3.87 4.45 4.45 4.53 5.40 7.66 7.52 5.84 4.96 5.33 5.33 4.38 4.31 4.02 0.00 5.04 5.55 4.96 5.04 6.06 5.77 5.84 4.89 4.89 4.31 3.72 2.85 2.41 2.99 2.63 1.97 2.63 2.48 1.83 2.26 2.34 1.83 2.19 1.31 1.46 2.19 2.41 2.34 1.68 2.04 1.39 2.34 4.31 4.31 7.56 10.15 4.09 9.71 6.72 1.46 0.00 0.00 0.00 0.00 0.00 0.00 1.31
2.85 2.48 3.87 3.50 3.50 3.36 3.87 6.06 5.40 5.55 5.04 4.82 5.18 4.31 4.02 3.80 3.65 3.80 4.16 4.16 3.80 4.02 3.72 3.87 3.87 4.74 5.40 5.26 5.11 4.96 4.60 4.23 3.94 3.80 3.72 3.43 4.31 3.94 4.31 4.38 5.84 5.26 4.31 3.65 3.65 3.43 3.07 2.63 3.29 3.72 2.70 2.12 2.99 3.29 2.34 1.46 2.12 2.56 1.53 1.17 1.24 1.02 1.10 1.68 1.83 1.31 1.76 2.12 2.92 2.92 5.69 9.05 8.40 10.66 11.32 3.29 1.17 0.00 0.00 0.00 0.00 0.00 0.00
5.69 4.96 6.06 4.60 3.87 3.14 4.23 5.26 5.11 5.11 5.04 5.33 5.33 5.40 5.55 4.67 4.53 4.16 4.02 4.02 4.23 4.31 3.80 3.87 3.58 4.02 3.50 3.80 3.65 4.23 3.14 3.43 2.77 2.41 1.83 3.58 3.07 0.00 0.00 2.63 4.31 3.94 0.00 2.99 2.99 0.00 0.00 2.63 3.43 4.45 4.16 3.50 2.85 2.70 3.50 3.58 2.77 2.19 1.90 2.12 1.83 2.77 2.92 2.41 1.97 1.75 2.63 2.56 2.85 2.85 2.26 4.09 10.29 5.69 9.20 2.92 0.15 0.00 0.00 0.00 0.00 0.00 0.00
6.28 5.26 5.40 5.40 4.16 3.50 4.31 4.60 5.26 4.82 4.82 4.82 4.96 5.33 5.62 4.82 5.11 4.89 4.53 4.53 4.53 4.60 4.09 4.31 4.53 4.02 3.14 3.43 4.09 4.02 3.29 2.26 0.00 0.00 0.00 2.63 2.99 0.00 0.00 0.00 0.00 0.00 0.00 0.00 0.00 0.00 0.00 0.00 2.77 0.00 4.38 4.23 3.94 3.80 0.00 2.99 3.43 3.65 2.92 2.70 2.48 3.14 3.14 2.99 1.97 1.53 2.26 2.19 2.34 2.34 1.46 1.31 5.48 1.97 2.12 3.50 0.51 0.00 0.00 0.00 0.00 0.00 0.22
5.99 6.13 6.50 5.62 4.31 4.09 4.89 4.38 5.04 4.82 4.31 5.04 4.45 4.23 4.09 4.23 5.33 4.89 4.60 4.60 4.74 4.89 4.38 3.87 4.53 3.80 3.43 3.21 3.50 3.21 0.00 2.12 0.00 0.00 0.00 0.00 0.00 0.00 0.00 0.00 0.00 2.12 0.00 0.00 0.00 0.00 0.00 0.00 0.00 0.00 0.00 0.00 0.00 0.00 0.00 0.00 2.19 2.99 2.99 2.63 3.21 4.02 3.07 2.48 0.66 0.15 0.00 0.95 1.53 1.53 0.95 0.00 1.75 1.83 2.48 2.57 1.53 0.73 0.22 0.00 0.00 0.00 0.58
0.00 0.00 0.00 4.53 4.09 3.87 4.38 4.02 4.67 4.45 4.16 4.23 4.45 4.74 4.23 4.09 4.16 4.02 4.89 4.89 5.18 4.67 4.31 3.87 4.16 3.50 4.23 3.72 2.99 1.90 1.90 2.12 1.61 0.00 0.00 0.00 0.00 0.00 0.00 0.00 0.00 0.00 3.29 3.29 3.29 0.00 0.00 0.00 0.00 0.00 0.00 0.00 0.00 0.00 0.00 0.00 0.95 1.17 1.61 3.14 2.63 2.48 3.07 2.34 0.07 0.00 0.00 0.00 0.00 0.00 0.00 0.00 0.66 1.97 3.21 4.02 3.01 1.50 0.69 0.37 0.51 0.88 0.37
0.00 0.00 0.00 3.58 3.65 3.29 3.94 3.94 4.02 3.50 4.09 4.31 5.33 4.23 3.94 4.02 4.23 4.31 3.72 3.72 3.14 3.07 3.07 2.41 2.41 2.85 3.07 2.85 2.41 1.75 1.90 0.00 0.00 0.00 0.00 0.00 0.00 0.00 0.00 0.00 0.00 0.00 0.00 2.99 2.99 2.85 0.00 0.00 0.00 0.00 0.00 0.00 0.00 0.00 0.88 0.66 0.15 0.80 0.44 0.80 1.97 2.04 1.97 2.56 1.31 0.00 0.00 0.00 0.00 0.00 0.00 0.00 0.29 2.19 4.09 5.77 3.89 2.65 2.06 1.97 2.32 2.20 1.17
3.21 2.99 3.87 4.82 3.87 3.36 3.87 4.16 3.94 3.72 3.87 5.04 3.87 4.60 4.23 4.53 4.31 3.87 3.58 3.58 2.99 2.34 0.00 0.00 1.61 2.19 1.83 1.83 1.24 1.83 2.12 1.97 0.00 0.00 0.00 0.00 0.00 0.00 0.00 0.00 0.00 0.00 0.00 0.00 0.00 0.00 0.00 0.00 0.00 0.00 0.00 0.00 0.00 0.00 0.95 1.02 0.44 0.00 0.29 0.29 1.97 1.97 1.17 1.02 1.90 1.75 0.00 0.00 0.00 0.00 0.00 0.00 0.15 2.70 2.63 6.13 6.06 3.72 2.56 3.58 3.23 2.99 2.04
4.82 4.74 4.31 4.60 3.72 4.02 3.21 2.99 3.50 3.50 3.50 4.23 2.92 3.94 3.65 4.38 4.31 3.65 3.94 3.94 2.41 0.00 0.00 0.00 0.00 1.97 1.46 0.00 0.00 0.00 1.39 1.97 0.00 0.00 0.00 0.00 0.00 0.00 0.00 0.15 0.00 0.00 0.00 0.00 0.00 0.00 0.00 0.00 0.00 0.00 0.00 0.80 1.02 0.58 0.73 0.00 0.29 0.07 0.00 0.00 0.15 1.17 1.17 1.46 1.97 0.58 0.73 1.02 0.44 0.44 0.58 0.51 0.29 1.24 2.77 5.11 5.62 6.28 4.45 4.82 4.74 5.40 4.74
4.67 4.16 3.65 3.43 3.14 4.45 3.65 0.00 4.31 4.23 3.94 4.67 4.82 3.43 3.43 4.45 3.50 4.16 3.87 3.87 3.36 3.21 0.00 0.00 0.00 1.97 0.00 0.00 0.00 0.00 0.00 0.00 0.00 0.00 0.00 0.00 0.00 0.00 0.00 0.22 0.58 0.00 0.88 0.00 0.00 0.00 0.00 0.00 0.00 0.00 0.00 1.39 0.95 0.80 1.24 0.95 0.00 0.00 0.00 0.00 0.15 1.31 0.73 1.17 0.37 0.00 0.00 0.00 0.00 0.00 0.58 0.58 1.02 0.29 0.88 1.83 3.29 5.48 5.18 7.81 7.96 7.66 7.37
0.00 0.00 0.00 0.00 2.48 0.00 3.29 2.92 4.02 4.60 5.04 4.23 4.09 0.00 3.07 2.85 2.92 3.21 3.07 3.07 0.00 2.99 3.14 3.80 3.07 2.85 0.00 2.04 0.00 0.00 0.00 1.68 2.19 2.19 2.26 1.61 0.00 0.00 0.00 0.73 0.00 0.00 0.95 1.17 1.17 0.00 0.00 1.90 0.00 1.53 1.68 1.02 0.88 0.95 1.10 2.04 2.04 1.39 0.66 0.15 0.00 0.51 0.82 0.60 0.80 0.58 0.29 0.00 0.00 0.00 0.44 1.17 0.44 0.37 1.31 0.58 1.46 4.45 6.42 8.61 9.42 9.56 9.56
1.68 1.97 2.04 3.43 3.14 3.50 3.36 3.21 4.02 3.80 4.09 3.80 3.65 3.14 2.56 0.00 0.00 2.12 3.36 3.36 3.07 3.80 4.23 4.02 4.02 0.00 0.00 0.00 0.00 0.00 0.00 0.00 0.00 0.00 3.21 0.00 0.00 0.00 0.00 0.00 2.48 2.99 1.90 1.17 1.17 1.17 1.53 1.83 1.83 1.53 1.24 1.31 0.66 0.07 0.00 0.80 3.43 5.99 7.66 6.20 3.58 0.00 0.00 0.00 0.73 0.80 0.58 0.66 1.31 1.31 2.99 5.77 7.52 5.33 2.04 3.29 2.56 3.65 2.34 7.08 9.34 10.80 9.34
1.53 1.90 2.56 3.07 0.00 0.00 0.00 2.12 3.14 3.36 2.99 2.56 2.99 2.63 1.17 2.26 1.53 2.34 3.50 3.50 3.07 3.94 2.92 2.77 2.70 0.00 0.00 1.97 0.00 0.00 0.00 0.00 0.00 0.00 2.77 2.85 0.00 0.00 0.00 0.00 2.19 2.63 2.70 1.53 1.53 1.17 1.46 1.68 2.56 1.90 1.83 0.95 1.46 0.00 0.29 0.44 1.61 3.94 7.01 6.20 3.94 1.90 0.00 0.07 0.15 1.33 2.70 1.83 0.73 0.73 1.39 4.45 6.20 6.86 3.14 5.99 5.69 5.84 6.50 7.30 9.05 11.02 9.13
2.56 2.70 2.92 0.00 0.00 0.00 0.00 1.75 2.77 0.00 0.00 2.77 2.92 2.99 2.56 2.41 1.83 1.83 1.68 1.68 1.97 2.85 1.46 1.68 1.61 0.00 1.39 1.97 0.00 1.53 0.00 0.00 0.00 2.56 3.07 2.85 2.19 2.41 0.00 0.00 2.12 2.12 2.63 1.90 1.90 1.24 2.19 1.75 1.97 1.83 1.31 1.39 1.61 1.02 0.44 0.37 1.02 1.53 2.12 3.72 4.60 1.46 0.29 0.95 1.83 2.88 4.71 5.55 4.09 4.09 2.19 3.07 4.82 6.42 5.69 8.76 9.13 8.61 9.05 6.64 7.45 8.61 7.74
3.43 3.94 2.48 0.00 0.00 0.00 0.00 0.00 0.00 0.00 0.00 2.41 2.41 2.56 2.48 0.00 0.00 1.68 0.00 0.00 0.00 0.80 0.95 0.95 0.00 0.00 0.00 0.00 0.00 0.00 0.00 0.00 2.19 2.48 2.70 2.26 1.61 1.24 0.00 0.00 0.00 0.00 0.00 0.00 0.00 1.46 1.83 1.90 2.26 1.83 1.53 1.53 1.31 1.31 1.02 0.73 0.29 0.29 0.51 0.52 0.52 0.51 0.37 1.94 5.26 5.85 5.57 6.22 7.15 7.15 5.55 5.40 6.20 6.06 6.57 9.86 9.64 10.15 9.56 8.10 6.57 8.28 6.25
3.65 3.36 2.04 0.00 0.00 0.00 0.00 0.00 0.00 0.00 0.00 0.00 0.00 0.00 0.00 0.00 0.00 0.00 0.00 0.00 0.00 0.66 0.00 0.00 1.02 0.00 0.00 0.00 0.00 0.00 0.00 0.00 0.00 2.41 2.12 0.00 0.00 0.00 0.00 0.00 0.00 0.00 0.00 0.95 0.95 1.39 1.61 1.97 2.04 1.39 1.10 1.17 1.02 1.61 2.04 1.75 1.10 0.37 0.00 0.00 0.00 0.00 0.44 0.66 3.21 6.86 7.37 6.46 6.67 6.45 6.02 7.01 7.01 6.86 6.57 9.42 8.61 8.83 7.74 7.26 4.82 5.21 6.53
2.26 2.19 1.53 1.83 1.68 0.00 0.00 0.00 0.00 0.00 0.00 0.00 0.00 0.00 0.00 0.00 0.00 0.00 0.00 0.00 0.00 0.00 0.00 0.00 0.00 0.00 0.00 0.00 0.00 0.00 0.00 0.00 0.00 0.00 0.00 0.00 0.00 0.00 0.00 0.00 0.00 0.00 0.00 0.00 0.00 0.00 0.88 0.88 0.51 0.37 0.00 0.58 1.10 1.53 2.70 2.56 3.65 2.12 1.61 0.96 0.96 0.22 0.58 0.97 1.90 4.18 6.70 6.79 5.69 5.72 6.35 6.68 7.81 7.15 5.77 6.75 7.01 7.81 7.45 7.41 6.75 7.72 7.52
2.12 1.53 0.58 1.31 1.39 0.00 0.00 0.00 1.53 0.00 0.00 0.00 0.00 0.00 0.00 0.00 0.00 0.00 0.00 0.00 0.00 0.00 0.00 0.00 0.00 0.00 0.00 0.00 0.00 0.00 0.00 0.00 0.00 0.00 0.00 0.00 0.00 0.00 0.00 0.00 0.00 0.00 0.00 0.00 0.00 0.00 0.37 0.73 0.22 0.00 0.00 0.00 0.73 1.39 2.41 3.65 5.69 6.64 7.52 5.33 3.22 1.47 0.84 1.16 1.33 3.40 5.32 5.32 4.96 4.96 4.97 4.89 6.80 6.60 6.00 5.28 7.30 7.30 7.49 7.38 6.70 7.97 8.35
3.07 2.26 1.46 1.17 1.10 1.46 0.00 0.00 0.00 0.00 0.00 0.00 0.00 0.00 0.00 0.00 0.00 0.00 0.00 0.00 0.00 0.00 0.00 0.00 0.00 0.00 0.00 0.00 0.00 0.00 0.00 0.00 0.00 0.00 0.00 0.00 0.00 0.00 0.00 0.00 0.00 0.00 0.00 0.00 0.00 0.00 0.00 0.15 0.00 0.00 0.15 0.07 0.66 1.10 1.17 3.65 6.57 9.13 10.73 10.59 7.74 4.38 2.54 2.16 1.69 2.39 3.89 4.84 3.65 3.65 2.73 2.33 3.33 4.15 4.92 5.41 6.97 7.01 6.67 6.99 6.70 7.49 8.29
5.11 3.94 3.14 2.04 1.75 1.68 0.88 0.00 0.00 0.00 0.00 0.00 0.00 0.00 0.00 0.00 0.00 0.00 0.00 0.00 0.00 0.00 0.00 0.00 0.00 0.00 0.00 0.00 0.00 0.00 0.00 0.00 0.00 0.00 0.00 0.00 0.00 0.00 0.00 0.00 0.00 0.00 0.00 0.00 0.00 0.00 0.00 0.00 0.00 0.00 0.15 0.29 0.66 1.49 2.18 4.28 6.30 8.58 9.20 9.20 8.98 7.08 4.33 1.77 0.97 1.49 2.90 3.71 2.85 2.86 2.25 1.30 1.05 1.21 4.35 5.33 5.62 5.36 4.77 4.76 4.43 0.00 6.75
9.20 8.32 4.96 3.36 2.77 2.26 2.12 2.63 0.00 0.00 0.00 0.00 0.00 0.00 0.00 0.00 0.00 0.00 0.00 0.00 0.00 0.00 0.00 0.00 0.00 0.00 0.00 0.00 0.58 0.00 0.00 0.00 0.00 0.00 0.00 0.00 0.00 0.00 0.00 0.00 0.00 0.00 0.00 0.15 0.15 0.00 0.00 0.00 0.00 0.00 0.58 1.68 1.02 2.26 3.75 4.44 5.34 6.86 8.63 7.19 6.19 5.72 3.82 1.82 0.78 0.71 1.31 2.10 1.54 1.54 0.66 0.35 0.00 0.75 2.28 2.79 4.62 4.17 3.51 3.29 2.94 0.00 4.77
13.65 12.85 9.78 4.38 4.09 4.09 3.50 2.99 2.56 0.00 0.00 0.00 0.00 0.00 0.00 0.00 0.00 0.00 0.00 0.00 0.00 0.00 0.00 0.00 0.00 0.00 0.00 0.00 0.15 0.00 0.00 0.00 0.00 0.00 0.00 0.00 0.00 0.00 0.00 0.00 0.00 0.00 0.95 1.10 1.10 0.73 0.00 0.00 0.29 0.37 0.95 1.90 2.56 4.16 4.26 5.74 6.89 5.84 5.50 6.82 5.45 4.50 2.97 0.53 0.46 0.49 0.08 0.68 0.82 0.80 0.00 0.17 0.00 0.73 1.69 1.17 3.15 1.85 0.95 1.97 1.80 1.51 3.61
17.08 17.08 10.07 3.80 0.00 5.18 5.40 5.55 5.33 4.16 3.94 3.80 0.00 0.00 0.00 0.00 0.00 0.00 0.00 0.00 0.00 0.00 0.00 0.00 0.00 0.00 0.00 0.00 0.44 0.73 0.00 0.00 0.00 0.00 0.00 0.00 0.00 0.00 0.00 0.00 0.00 0.00 1.90 2.26 2.26 0.44 0.07 0.00 0.07 0.80 1.72 3.84 4.89 7.03 8.58 9.43 8.51 8.03 7.37 5.98 3.97 2.64 2.31 2.06 1.24 0.00 0.00 0.00 0.15 0.15 0.00 0.00 0.00 0.83 1.88 1.98 2.41 2.22 0.56 1.04 0.22 0.35 0.31
11.68 10.15 7.15 4.67 6.94 8.25 9.93 11.02 11.75 12.26 10.51 9.05 5.11 2.63 1.97 1.39 0.37 0.00 0.00 0.00 0.00 0.00 0.95 0.00 0.00 0.44 1.83 1.61 1.53 1.17 0.58 1.31 0.58 0.73 1.39 1.10 0.80 1.24 0.00 1.31 0.73 0.44 0.73 0.37 0.37 0.66 0.44 0.22 1.83 3.36 4.67 7.30 9.90 10.74 10.38 8.55 7.45 8.78 11.19 12.45 13.43 10.71 5.07 3.22 1.73 1.61 1.03 0.54 0.00 0.00 0.00 0.00 0.00 0.17 1.28 2.92 2.04 2.72 1.48 0.25 0.00 0.00 0.76
6.50 7.30 7.74 7.45 9.49 9.49 10.80 11.17 12.70 15.77 17.01 10.80 6.57 4.31 4.02 2.77 1.83 1.39 0.29 0.29 1.02 0.58 1.24 1.46 0.22 0.44 1.83 1.02 0.88 1.10 1.31 1.90 1.10 0.15 1.39 1.75 1.68 3.43 2.77 2.04 0.95 0.15 0.00 0.00 0.00 0.00 0.58 0.66 1.75 3.09 6.08 7.98 9.25 9.63 9.33 8.19 7.06 6.19 7.50 9.73 13.25 15.78 15.05 9.94 6.02 2.12 2.63 2.27 0.00 0.00 0.07 0.00 0.64 0.00 1.26 2.87 2.19 2.88 2.02 0.00 0.00 0.00 0.74
5.26 7.01 8.98 8.32 7.15 7.01 7.74 8.54 10.80 16.06 17.30 11.61 6.28 3.94 4.67 4.67 4.38 3.50 3.14 3.14 1.46 0.80 1.24 0.73 0.95 0.95 0.95 0.00 0.58 0.58 1.68 2.34 1.17 0.29 1.02 1.61 2.34 3.50 2.63 1.68 0.00 0.00 0.00 0.00 0.00 0.00 0.00 0.44 1.84 3.81 6.50 9.03 10.04 9.55 9.49 10.66 8.74 4.87 5.62 7.44 9.70 14.84 18.03 17.08 10.59 5.62 3.05 2.46 1.47 1.63 0.00 0.00 0.18 0.36 1.02 2.55 1.84 2.85 1.90 0.29 0.00 0.00 0.00
1.17 4.23 6.64 5.99 4.82 5.55 6.79 7.08 8.22 10.80 14.24 10.22 5.26 3.94 4.16 6.06 5.99 4.09 3.07 3.07 1.97 1.68 1.68 1.61 1.61 0.88 0.66 0.00 0.66 0.66 1.90 1.39 0.80 0.07 0.37 0.88 2.04 2.26 1.31 0.00 0.00 0.00 0.00 0.00 0.00 0.00 0.00 0.07 1.10 3.43 6.98 8.76 11.39 12.43 10.41 9.47 9.95 4.40 3.91 5.23 7.14 10.13 15.65 19.37 18.98 13.07 7.72 4.89 3.53 3.40 0.50 0.00 0.00 0.00 0.54 0.84 1.80 1.04 1.53 0.77 0.00 0.00 0.39
0.00 0.00 2.56 3.43 0.00 2.63 5.04 5.33 6.28 7.81 9.86 7.15 4.74 3.80 4.09 5.26 5.26 3.80 3.72 3.72 2.70 2.34 1.61 2.12 1.83 0.88 0.44 0.00 0.07 0.00 0.66 0.95 0.37 0.00 0.00 0.00 0.22 0.95 0.22 0.00 0.00 0.00 0.00 0.00 0.00 0.00 0.00 0.00 0.73 4.02 6.57 8.00 8.56 8.82 8.59 7.82 9.77 5.41 5.29 6.45 7.21 7.11 10.74 17.24 21.08 18.86 14.22 7.96 6.68 6.72 3.93 0.91 0.00 0.00 0.00 0.00 0.08 0.67 1.61 0.74 0.48 0.00 1.30
0.00 0.00 0.00 0.00 0.00 0.00 5.69 5.84 6.13 6.50 6.28 4.96 4.38 3.72 2.92 0.00 0.00 0.00 3.80 3.80 3.07 0.00 1.75 1.83 0.37 0.00 0.07 0.00 0.00 0.00 0.00 0.00 0.00 0.00 0.00 0.00 0.00 0.07 0.00 0.00 0.00 0.00 0.00 0.00 0.00 0.00 0.00 0.00 0.51 1.85 4.89 8.25 8.39 10.29 8.12 5.16 4.55 6.19 7.02 4.67 5.91 7.39 7.76 10.73 15.58 17.67 18.93 15.00 9.18 10.74 7.70 4.65 0.89 0.00 0.00 0.00 0.33 0.65 0.66 0.00 0.00 0.00 1.15
0.00 0.00 0.00 0.00 0.00 0.00 4.09 4.38 5.26 5.48 4.23 4.67 4.09 4.53 2.77 2.41 2.77 4.09 4.96 4.96 4.16 4.09 2.04 1.53 0.22 0.15 0.29 0.07 0.00 0.00 0.00 0.00 0.00 0.00 0.00 0.00 0.00 0.00 0.00 0.00 0.00 0.00 0.00 0.00 0.00 0.00 0.00 0.00 0.00 0.76 5.00 6.62 8.14 6.55 5.05 4.14 4.99 0.00 0.00 5.42 7.30 8.53 7.08 10.65 13.75 14.43 16.59 19.35 11.32 12.67 9.98 7.85 4.62 0.18 0.09 0.00 0.00 0.25 0.00 0.00 0.00 0.50 1.95
0.00 0.00 0.00 0.00 0.00 0.00 0.00 0.00 4.89 6.06 5.04 4.67 5.84 5.26 3.65 4.82 5.63 5.97 5.91 5.91 4.89 4.67 3.43 1.24 0.00 0.37 0.00 0.00 0.00 0.00 0.00 0.00 0.00 0.00 0.00 0.00 0.00 0.00 0.00 0.00 0.00 0.00 0.00 0.00 0.00 0.00 0.00 0.00 0.00 2.60 6.33 7.78 7.05 6.48 4.23 0.00 0.00 0.00 0.00 0.00 0.00 7.17 9.97 8.22 9.37 13.67 17.24 22.52 14.14 14.44 9.24 7.30 5.94 3.87 1.27 0.52 0.00 0.39 1.31 0.19 0.00 0.00 1.28
0.00 0.00 0.00 0.00 0.00 0.00 0.00 0.00 0.00 3.87 3.94 2.92 4.74 5.18 4.31 5.48 5.80 7.23 7.18 6.70 6.13 6.13 4.96 1.75 1.10 0.66 0.44 1.10 0.44 0.00 0.00 0.00 0.00 0.00 0.00 0.00 0.00 0.00 0.00 0.00 0.00 0.66 0.00 0.22 0.22 0.00 0.29 0.00 0.31 2.65 6.53 8.60 8.05 6.24 0.00 0.00 0.00 0.00 0.00 0.00 0.00 0.00 6.78 7.94 6.78 12.82 18.01 15.68 14.99 18.32 14.09 7.14 4.99 4.51 2.00 0.65 1.84 0.88 0.66 0.00 0.00 0.00 0.00
0.00 0.00 0.00 0.00 0.00 0.00 0.00 0.00 0.00 0.00 0.00 0.00 0.00 0.00 0.00 0.00 2.26 2.85 4.05 4.12 4.96 6.50 6.94 4.82 4.60 3.87 4.02 3.80 3.94 1.97 0.00 3.21 4.23 3.14 2.41 2.19 4.96 4.74 4.45 5.40 4.48 4.06 4.42 5.91 5.91 7.96 7.15 3.21 3.52 4.87 2.88 0.00 0.00 0.00 0.00 0.00 0.00 0.00 0.00 0.00 0.00 0.00 0.00 0.00 4.71 8.31 7.98 6.67 6.46 7.22 7.15 7.48 4.93 4.78 2.29 0.65 0.30 1.79 0.82 0.00 0.00 0.00 0.00
0.00 0.00 0.00 0.00 0.00 0.00 0.00 0.00 0.00 0.00 0.00 0.00 0.00 0.00 0.00 0.00 0.00 0.00 0.00 0.00 2.77 5.65 6.43 6.06 5.11 5.55 6.29 6.44 5.99 4.60 5.26 5.18 6.50 6.50 4.31 3.80 4.16 5.18 6.50 6.79 6.42 4.53 6.66 8.10 9.05 12.19 11.68 6.06 4.42 5.39 1.64 0.00 0.00 0.00 0.00 0.00 0.00 0.00 0.00 0.00 0.00 0.00 0.00 0.00 0.00 3.78 3.76 0.00 2.41 2.41 3.30 4.08 3.88 3.07 0.00 0.00 0.09 0.00 1.53 0.00 0.00 0.00 0.00
0.00 0.00 0.00 0.00 0.00 0.00 0.00 0.00 0.00 0.00 0.00 0.00 0.00 0.00 0.00 0.00 0.00 0.00 0.00 0.00 0.00 0.00 2.19 2.85 5.91 5.26 4.26 3.87 5.26 6.64 6.42 5.55 8.54 8.75 5.26 4.45 3.48 5.18 6.50 5.62 5.48 2.80 3.14 5.75 7.30 12.87 13.45 7.50 6.26 0.00 0.00 0.00 0.00 0.00 0.00 0.00 0.00 0.00 0.00 0.00 0.00 0.00 0.00 0.00 0.00 0.00 0.00 0.00 0.00 0.00 0.00 0.00 0.00 0.00 0.00 0.00 0.00 0.00 0.00 0.00 0.00 0.00 0.00
0.00 0.00 0.00 0.00 0.00 0.00 0.00 0.00 0.00 0.00 0.00 0.00 0.00 0.00 0.00 0.00 0.00 0.00 0.00 0.00 0.00 0.00 0.00 0.00 1.10 1.75 0.00 0.00 4.16 3.65 3.87 2.19 4.44 8.59 4.09 2.85 0.00 0.00 3.14 1.75 2.34 0.00 0.00 1.59 1.81 7.12 11.68 7.43 0.00 0.00 0.00 0.00 0.00 0.00 0.00 0.00 0.00 0.00 0.00 0.00 0.00 0.00 0.00 0.00 0.00 0.00 0.00 0.00 0.00 0.00 0.00 0.00 0.00 0.00 0.00 0.00 0.00 0.00 0.00 0.00 0.00 0.00 0.00
