Wansh/Snow_depth/snowdepth-1988/winter/1989038.txt
ncols 321
nrows 161
xllcenter 60
yllcenter 15 
cellsize  0.25 
NODATA_value -1
[rows 0 to 36 of 161, columns 166 to 248 of 321]
10.29 9.71 8.40 7.45 6.79 6.06 5.55 5.33 5.77 5.77 6.64 6.64 7.52 8.40 8.76 8.83 8.91 7.66 7.66 9.27 10.15 10.80 11.53 11.90 11.90 11.90 13.36 12.78 9.64 3.43 0.00 0.00 0.00 0.00 0.00 16.13 17.52 17.52 14.53 11.32 12.19 14.09 13.29 10.80 9.27 8.98 9.13 9.56 11.02 11.97 11.39 10.80 10.44 10.51 11.68 12.63 13.07 14.75 16.06 16.72 14.67 13.36 13.36 12.70 13.43 14.82 16.35 16.64 17.74 20.00 20.00 18.91 18.69 18.03 17.81 18.18 18.91 20.29 21.46 23.36 24.02 24.16 23.43
12.78 13.07 11.17 9.42 7.66 7.30 7.74 6.86 6.28 6.72 7.01 7.01 7.81 8.40 8.54 8.03 7.59 7.45 7.52 9.42 10.59 11.10 11.17 10.07 12.41 12.34 12.85 10.44 3.50 0.00 0.00 0.00 0.00 3.80 14.02 9.71 10.88 10.88 8.25 8.98 12.19 15.62 15.62 14.02 13.80 12.85 12.99 12.78 11.32 9.93 9.71 10.95 12.63 13.36 14.75 16.64 17.52 17.30 16.94 17.01 16.57 16.06 16.06 16.06 17.16 17.67 17.23 17.30 18.25 20.66 21.53 21.02 20.44 20.08 19.49 18.54 18.83 19.20 20.88 22.41 23.14 21.83 20.29
18.32 17.08 16.13 15.18 13.94 13.36 12.41 11.10 8.54 7.08 6.64 6.64 6.79 6.79 6.57 7.37 8.61 9.27 10.15 11.68 11.24 11.90 11.17 9.56 13.94 12.99 11.90 5.48 0.00 0.00 0.00 0.00 0.00 5.55 10.51 10.15 12.19 12.19 9.49 11.90 16.79 18.10 17.16 15.40 14.02 12.92 12.12 8.69 7.45 7.52 9.49 11.83 12.99 14.09 15.33 16.72 18.61 18.25 16.86 16.06 16.86 17.81 17.81 18.47 18.91 18.76 17.96 17.81 18.40 18.54 18.98 19.78 20.00 20.44 19.86 18.91 17.59 17.23 17.08 17.74 18.32 18.47 18.47
18.32 17.08 16.13 15.18 13.94 13.36 12.41 11.10 8.54 7.08 6.64 6.64 6.79 6.79 6.57 7.37 8.61 9.27 10.15 11.68 11.24 11.90 11.17 9.56 13.94 12.99 11.90 5.48 0.00 0.00 0.00 0.00 0.00 5.55 10.51 10.15 12.19 12.19 9.49 11.90 16.79 18.10 17.16 15.40 14.02 12.92 12.12 8.69 7.45 7.52 9.49 11.83 12.99 14.09 15.33 16.72 18.61 18.25 16.86 16.06 16.86 17.81 17.81 18.47 18.91 18.76 17.96 17.81 18.40 18.54 18.98 19.78 20.00 20.44 19.86 18.91 17.59 17.23 17.08 17.74 18.32 18.47 18.47
16.94 17.74 19.86 20.15 18.54 17.45 15.99 14.31 13.07 9.20 7.01 7.01 6.79 7.74 8.47 9.56 11.24 13.94 15.99 15.33 12.41 11.10 9.71 8.61 8.54 13.14 0.51 0.00 0.00 0.00 0.00 0.00 1.39 8.76 9.93 9.93 11.61 11.61 10.07 14.60 13.58 11.61 9.86 8.69 8.40 7.45 6.64 5.91 6.42 8.25 9.64 11.02 11.90 12.92 14.53 15.48 15.99 16.21 16.06 16.57 15.77 15.62 15.62 16.79 18.03 18.83 18.76 17.52 16.72 15.99 16.28 17.30 18.47 18.98 18.91 17.23 16.57 15.99 15.55 16.13 17.30 17.89 17.67
20.51 22.63 23.73 24.24 22.78 20.00 16.94 14.89 14.24 12.85 10.22 10.22 9.49 10.15 11.02 12.12 12.70 12.70 13.07 12.92 10.51 7.66 5.04 0.00 0.00 0.00 2.41 0.00 0.00 0.00 0.00 5.26 9.34 11.17 10.95 11.75 14.24 14.24 14.60 13.36 12.99 6.94 6.35 6.86 6.72 6.13 5.69 6.06 7.30 9.20 10.51 12.41 13.07 14.31 15.84 14.97 14.38 14.09 14.16 13.72 12.63 13.21 13.21 14.97 16.13 16.86 16.28 15.26 13.51 12.99 12.99 14.31 16.21 16.35 15.11 13.58 13.80 14.09 14.24 14.82 16.13 17.74 17.89
17.45 20.59 23.21 23.80 22.12 19.93 18.10 17.08 17.23 17.59 16.06 16.06 12.70 13.72 14.67 15.26 15.04 13.51 11.32 8.83 5.04 1.24 0.00 0.00 0.00 0.00 0.00 0.00 0.00 0.00 5.55 8.98 11.24 12.26 13.21 14.60 15.48 15.48 14.82 13.14 12.92 11.24 7.74 8.18 7.88 8.25 9.49 10.73 12.19 12.63 13.43 14.89 15.55 15.40 14.53 13.87 13.87 13.72 13.21 12.34 11.61 11.97 11.97 12.26 13.07 12.41 11.90 11.46 10.73 10.88 11.61 12.05 12.12 12.41 12.05 11.02 10.80 10.51 10.88 11.68 13.14 14.90 18.90
17.45 20.59 23.21 23.80 22.12 19.93 18.10 17.08 17.23 17.59 16.06 16.06 12.70 13.72 14.67 15.26 15.04 13.51 11.32 8.83 5.04 1.24 0.00 0.00 0.00 0.00 0.00 0.00 0.00 0.00 5.55 8.98 11.24 12.26 13.21 14.60 15.48 15.48 14.82 13.14 12.92 11.24 7.74 8.18 7.88 8.25 9.49 10.73 12.19 12.63 13.43 14.89 15.55 15.40 14.53 13.87 13.87 13.72 13.21 12.34 11.61 11.97 11.97 12.26 13.07 12.41 11.90 11.46 10.73 10.88 11.61 12.05 12.12 12.41 12.05 11.02 10.80 12.15 15.00 16.81 18.00 25.32 31.21
9.86 11.75 14.97 19.86 21.46 20.00 17.16 15.40 15.33 15.77 16.94 16.94 17.23 17.16 17.16 15.91 13.94 11.68 8.91 2.92 0.00 0.00 0.00 0.00 0.00 0.00 0.00 0.00 0.00 0.00 8.76 9.93 11.32 11.97 13.65 14.60 15.18 15.18 15.04 13.36 11.24 11.68 9.71 10.88 13.21 14.16 15.84 15.40 15.62 16.43 17.59 17.37 15.99 14.38 13.29 12.70 12.05 11.75 11.10 10.88 10.66 10.07 10.07 9.86 9.49 9.56 9.93 10.07 10.51 9.78 9.78 10.88 11.02 10.80 10.22 9.26 11.21 14.38 15.68 14.71 13.09 19.55 20.10
10.37 8.69 9.27 12.05 15.11 15.62 17.30 16.72 15.04 14.38 15.11 15.11 16.43 16.43 14.16 12.05 6.72 2.48 0.00 0.00 0.00 0.00 0.00 0.00 0.00 0.00 3.87 5.84 7.15 5.48 10.37 11.17 11.97 11.53 11.24 11.61 12.19 12.19 12.05 12.05 11.97 14.09 11.24 11.24 19.05 19.13 18.25 17.08 17.52 17.01 16.13 15.33 13.65 12.12 12.12 12.12 11.90 11.53 10.29 9.78 9.49 8.69 8.69 8.40 8.10 8.40 8.32 9.13 9.42 8.54 8.76 9.13 9.93 10.51 11.31 12.79 12.76 12.11 13.22 15.17 18.92 18.01 16.72
14.38 13.51 11.75 9.56 9.78 11.02 13.43 15.11 15.18 14.24 12.99 12.99 11.46 9.13 6.72 4.45 0.00 0.00 0.00 0.00 0.00 0.00 3.94 4.23 6.28 7.01 10.07 9.86 10.88 11.75 13.72 11.53 10.15 9.13 8.98 10.07 11.17 11.17 13.29 15.55 17.89 20.51 22.85 18.47 21.83 18.98 18.18 17.01 15.26 14.24 13.94 13.72 12.92 11.97 12.12 12.34 12.05 10.22 9.13 8.69 8.61 8.18 8.18 7.52 7.30 7.15 6.86 7.96 8.61 9.05 9.27 9.93 10.22 9.93 9.51 8.82 8.20 10.52 13.77 15.42 14.50 16.72 17.12
14.38 13.51 11.75 9.56 9.78 11.02 13.43 15.11 15.18 14.24 12.99 12.99 11.46 9.13 6.72 4.45 0.00 0.00 0.00 0.00 0.00 0.00 3.94 4.23 6.28 7.01 10.07 9.86 10.88 11.75 13.72 11.53 10.15 9.13 8.98 10.07 11.17 11.17 13.29 15.55 17.89 20.51 22.85 18.47 21.83 18.98 18.18 17.01 15.26 14.24 13.94 13.72 12.92 11.97 12.12 12.34 12.05 10.22 9.13 8.69 8.61 8.18 8.18 7.52 7.30 7.15 6.86 7.96 8.61 9.05 9.27 9.93 10.22 9.93 9.27 8.69 7.96 9.76 12.27 14.28 15.47 17.34 17.12
15.77 14.45 14.09 12.63 10.00 8.91 8.10 8.40 7.08 4.23 2.12 2.12 2.12 1.31 0.00 0.00 0.00 0.00 0.00 0.88 5.84 9.05 10.07 10.29 11.32 10.22 12.34 13.43 13.58 13.72 13.43 13.72 12.19 11.53 12.78 13.94 15.18 15.18 16.43 17.89 19.27 21.02 21.75 21.17 22.34 17.16 15.62 14.09 13.29 13.94 15.18 15.77 15.40 14.16 12.63 12.05 12.05 10.37 9.27 8.40 7.81 7.52 7.52 7.66 8.18 8.32 9.71 10.15 10.44 10.80 11.02 11.10 11.39 11.32 10.80 9.93 8.83 10.54 12.65 12.59 14.17 15.25 16.43
13.29 13.14 14.24 14.53 13.65 12.70 11.83 8.47 4.16 0.00 0.00 0.00 0.00 0.00 0.00 0.00 0.00 0.00 0.00 3.29 6.13 8.76 11.02 12.05 12.19 13.29 13.58 14.45 15.11 15.62 16.06 15.91 15.04 15.55 15.26 14.97 14.75 14.75 15.77 16.79 18.54 19.49 19.86 19.71 17.96 19.05 14.75 15.40 16.50 16.79 16.94 16.79 17.16 15.91 15.04 14.53 14.31 12.63 11.10 9.71 8.91 9.49 9.49 10.80 13.36 14.16 14.09 14.60 14.38 13.65 13.14 13.51 13.51 12.78 11.83 11.96 13.22 13.46 12.13 14.17 15.50 14.14 16.95
16.28 16.94 16.50 17.08 16.43 15.62 15.77 14.60 11.75 7.74 4.23 4.23 0.00 0.00 1.10 1.53 0.51 2.12 4.16 6.06 8.03 9.05 11.68 13.43 15.55 14.75 14.16 14.89 15.18 15.40 16.35 15.77 15.11 16.43 14.16 14.38 14.82 14.82 15.48 16.06 17.08 17.52 15.48 14.53 14.67 14.60 14.67 17.89 18.54 18.76 18.40 18.69 17.89 16.64 16.28 17.52 16.57 15.26 13.72 11.68 11.17 12.78 12.78 14.45 16.72 16.94 16.57 16.35 15.84 15.62 16.06 16.94 16.79 15.55 14.36 16.71 14.92 14.38 15.14 16.76 14.97 14.97 15.58
13.36 14.97 18.25 18.40 17.67 14.89 13.72 13.94 12.99 12.85 11.83 11.83 11.02 9.13 7.74 7.66 7.30 6.86 5.84 5.62 8.40 10.15 11.17 12.12 13.43 14.97 15.91 14.82 14.60 13.87 12.99 13.14 13.80 13.36 14.24 15.62 14.53 14.53 14.31 14.82 14.53 13.80 13.72 14.16 14.53 14.31 15.04 15.33 15.84 16.79 16.94 17.01 16.64 16.35 16.72 17.01 17.16 16.72 15.62 13.87 13.14 14.31 14.31 15.91 17.45 17.89 17.16 15.48 14.75 14.53 16.64 18.83 18.54 17.38 18.52 17.52 17.81 15.10 16.50 14.97 15.93 16.69 16.01
13.36 14.97 18.25 18.40 17.67 14.89 13.72 13.94 12.99 12.85 11.83 11.83 11.02 9.13 7.74 7.66 7.30 6.86 5.84 5.62 8.40 10.15 11.17 12.12 13.43 14.97 15.91 14.82 14.60 13.87 12.99 13.14 13.80 13.36 14.24 15.62 14.53 14.53 14.31 14.82 14.53 13.80 13.72 14.16 14.53 14.31 15.04 15.33 15.84 16.79 16.94 17.01 16.64 16.35 16.72 17.01 17.16 16.72 15.62 13.87 13.14 14.31 14.31 15.91 17.45 17.89 17.16 15.48 14.75 14.53 16.64 18.83 18.54 21.35 17.35 19.04 15.99 18.68 16.75 16.55 16.24 15.05 15.48
8.40 9.71 11.75 12.26 12.05 11.02 10.29 9.56 8.98 9.13 10.07 10.07 10.00 8.69 8.61 8.03 7.45 7.30 7.08 7.01 7.30 8.47 9.78 10.37 10.95 11.53 14.24 11.97 10.88 11.24 11.02 11.68 12.41 12.70 13.14 13.36 14.38 14.38 14.53 14.67 14.16 13.14 13.43 14.60 14.53 13.51 12.56 11.61 12.63 13.72 13.87 13.94 13.21 14.02 13.72 14.09 14.45 14.60 14.67 14.16 14.38 15.04 15.04 16.06 17.30 17.30 15.55 15.18 14.89 14.75 16.35 18.47 20.20 19.87 22.17 20.84 20.67 22.20 20.09 16.66 15.99 18.46 17.07
6.06 5.77 6.13 8.03 8.69 8.91 9.42 8.25 7.23 7.23 7.66 7.66 7.96 7.74 7.30 7.23 7.74 7.74 7.59 7.15 7.52 7.96 8.25 8.40 8.98 9.05 9.49 10.00 9.64 9.78 9.64 10.22 11.53 12.63 11.90 11.75 12.99 12.99 13.36 13.07 12.12 12.92 13.58 13.58 12.19 9.42 8.25 7.88 9.56 10.37 10.95 11.24 11.83 12.05 11.68 11.68 12.26 12.41 13.51 12.99 13.29 14.24 14.24 14.67 15.04 15.26 15.11 15.55 15.70 16.72 16.35 17.31 19.76 21.31 22.46 22.75 24.30 21.67 19.50 18.63 19.43 20.84 17.58
5.40 5.04 4.16 3.58 4.60 5.48 7.52 8.61 7.74 6.42 6.79 6.79 7.23 6.72 7.15 7.59 7.59 7.66 7.30 6.72 7.88 9.20 10.51 11.02 10.22 8.98 8.40 9.42 9.27 9.42 9.34 10.07 11.68 13.29 13.94 13.14 12.78 12.78 12.99 12.34 11.75 10.88 10.29 9.71 8.25 5.99 5.48 6.72 8.40 9.93 9.20 12.05 12.78 13.65 12.34 9.64 8.03 9.78 11.32 11.68 12.56 13.36 13.36 13.94 16.13 16.57 15.99 16.28 17.74 19.13 19.42 19.64 21.75 24.67 26.35 27.08 26.28 24.89 23.71 26.60 26.47 23.42 23.07
5.40 4.74 3.87 4.31 3.87 3.65 5.04 6.42 6.42 6.57 6.20 6.20 6.20 6.86 7.74 7.59 7.15 6.57 7.01 7.52 8.32 8.98 10.51 11.24 11.39 11.02 9.71 7.74 8.98 8.76 9.56 11.46 13.14 14.75 13.51 12.19 12.70 12.70 11.83 11.90 9.34 6.79 5.84 6.06 6.06 5.40 5.77 7.01 7.74 9.34 10.51 10.73 12.63 11.97 10.51 8.83 9.05 11.24 12.63 13.14 12.99 14.31 14.31 14.38 14.89 14.60 14.67 15.33 16.35 18.10 20.51 21.24 22.92 26.13 27.74 29.27 30.84 30.29 32.72 26.74 27.40 25.88 27.36
4.67 4.74 4.31 3.80 4.16 3.80 3.43 4.09 4.82 5.18 5.48 5.48 5.33 5.77 5.84 5.99 5.84 5.48 6.72 7.81 9.42 9.86 9.27 9.20 9.20 9.49 9.42 9.20 8.40 10.51 12.19 14.31 15.55 14.31 11.83 10.88 10.66 10.66 8.10 12.92 5.04 4.23 4.53 5.11 5.55 5.77 7.23 7.37 7.23 7.74 8.69 10.22 10.95 11.24 11.10 10.66 11.83 13.80 14.60 15.91 15.62 14.53 14.53 12.78 9.83 8.54 10.29 12.63 13.43 15.91 18.32 18.83 20.37 22.34 25.04 28.32 30.42 30.61 36.30 29.74 30.29 24.98 20.38
4.67 4.74 4.31 3.80 4.16 3.80 3.43 4.09 4.82 5.18 5.48 5.48 5.33 5.77 5.84 5.99 5.84 5.48 6.72 7.81 9.42 9.86 9.27 9.20 9.20 9.49 9.42 9.20 8.40 10.51 12.19 14.31 15.55 14.31 11.83 10.88 10.66 10.66 8.10 12.92 5.04 4.23 4.53 5.11 5.55 5.77 7.23 7.37 7.23 7.74 8.69 10.22 10.95 11.24 11.10 10.66 11.83 13.80 14.60 15.91 15.62 14.53 14.53 12.78 9.83 8.54 10.29 12.63 13.43 15.91 18.32 18.83 20.37 22.34 25.04 28.32 29.20 30.78 28.19 26.17 25.37 29.08 24.93
2.99 3.50 3.29 3.29 3.43 3.29 3.29 3.07 3.65 4.53 4.67 4.67 4.53 4.67 4.82 4.09 4.96 5.62 6.13 7.37 8.98 9.20 8.54 8.98 10.29 10.66 10.44 12.12 14.02 15.84 17.30 15.99 14.82 12.12 8.61 6.35 5.11 5.11 3.58 2.56 4.67 3.07 3.65 3.94 3.87 4.67 4.89 5.62 5.26 6.13 7.74 9.34 10.07 11.02 10.66 10.22 11.53 13.94 15.70 15.48 13.72 9.86 9.86 8.03 4.31 3.72 8.25 10.15 11.10 12.70 14.16 16.06 18.03 19.93 24.45 27.30 28.47 27.95 28.51 38.11 33.73 28.97 26.55
2.34 1.97 2.56 2.92 3.50 3.50 3.43 3.14 3.80 4.16 4.53 4.53 4.74 4.60 4.38 4.89 5.62 6.28 7.08 8.61 9.71 10.80 10.73 10.66 11.39 12.34 12.99 14.24 15.62 19.20 19.05 16.13 12.63 7.45 4.74 3.21 2.34 2.34 1.31 1.24 1.46 1.68 1.10 1.75 1.68 1.61 1.97 3.07 3.14 3.65 4.53 5.84 5.77 8.47 7.15 7.66 8.76 11.17 12.56 10.22 8.10 5.77 5.77 3.87 3.50 5.26 9.42 10.95 12.48 13.58 14.31 16.72 19.20 22.41 27.74 31.39 32.05 30.53 29.28 30.44 30.64 27.10 29.20
1.10 1.39 1.39 0.95 0.88 1.83 2.77 2.92 4.38 4.67 4.16 4.16 5.04 5.69 5.91 5.99 7.01 7.66 8.25 9.34 10.22 10.95 11.46 12.70 13.58 14.09 15.99 15.55 15.77 17.23 16.21 13.51 8.32 5.04 3.65 2.04 1.10 1.10 0.73 0.73 0.29 0.95 0.00 1.10 1.46 1.53 1.75 1.75 0.00 0.00 0.00 2.85 2.26 4.02 4.16 3.50 4.67 6.13 6.72 7.23 5.40 5.40 5.40 5.77 7.08 9.71 12.05 14.53 15.48 14.97 15.99 19.05 21.68 25.62 30.46 34.58 33.05 32.44 30.86 25.30 24.46 24.37 22.48
0.37 0.80 0.73 0.95 0.58 0.58 1.31 1.90 2.48 3.87 3.43 3.43 3.58 5.11 5.99 6.64 7.81 8.10 7.96 8.91 9.27 10.00 9.71 10.88 11.53 12.05 12.12 10.00 9.05 8.76 8.61 6.94 4.02 3.07 2.12 1.10 1.10 1.10 0.80 0.88 0.95 1.24 0.58 1.68 1.17 0.15 0.95 0.95 0.95 1.39 0.00 0.00 0.00 0.00 2.92 0.00 2.63 2.63 3.14 2.92 5.04 6.35 6.35 7.66 9.27 8.98 9.64 12.70 14.82 13.94 15.84 20.37 25.04 28.40 31.76 34.27 34.42 31.34 28.56 26.85 22.31 20.81 19.81
0.00 0.00 0.00 0.00 0.00 0.00 0.00 0.22 0.66 1.97 1.53 1.53 1.46 2.70 3.65 4.45 5.33 5.69 5.40 5.55 5.62 5.33 6.42 5.33 4.67 4.23 4.89 3.65 3.65 4.23 4.02 2.85 1.97 1.97 1.31 1.17 1.83 1.83 1.68 1.53 2.04 1.83 1.02 0.80 0.44 0.15 1.10 0.88 0.44 0.00 0.00 0.00 0.00 0.00 0.00 0.00 0.00 2.56 3.72 3.50 4.02 4.23 4.23 4.31 4.89 3.87 7.08 12.19 14.67 13.94 15.26 18.18 27.70 32.58 36.84 31.45 31.54 30.35 21.45 18.13 16.72 16.41 16.79
0.00 0.00 0.00 0.00 0.00 0.00 0.00 0.22 0.66 1.97 1.53 1.53 1.46 2.70 3.65 4.45 5.33 5.69 5.40 5.55 5.62 5.33 6.42 5.33 4.67 4.23 4.89 3.65 3.65 4.23 4.02 2.85 1.97 1.97 1.31 1.17 1.83 1.83 1.68 1.53 2.04 1.83 1.02 0.80 0.44 0.15 1.10 0.88 0.44 0.00 0.00 0.00 0.00 0.00 0.00 0.00 0.00 2.56 3.72 3.50 4.02 4.23 4.23 4.31 4.89 3.87 7.08 12.19 14.67 13.94 15.26 18.18 27.85 32.23 33.32 35.04 33.65 35.40 24.90 17.54 17.47 15.95 17.75
0.00 0.00 0.00 0.00 0.00 0.00 0.00 0.00 0.00 0.00 0.66 0.66 1.24 1.24 1.46 2.63 3.14 3.87 3.58 2.70 1.61 1.90 2.56 2.26 2.34 1.31 0.95 0.00 3.80 2.56 1.90 0.88 1.24 1.68 1.24 0.00 1.68 1.68 2.12 2.12 1.90 1.39 1.17 1.31 0.88 1.31 2.04 2.41 2.48 1.90 2.26 2.34 1.02 0.00 0.00 0.00 0.00 0.00 0.00 0.00 0.00 2.63 2.64 2.71 0.00 2.63 6.86 14.24 15.18 14.38 17.17 21.38 27.73 30.90 36.28 36.60 33.02 22.53 14.35 11.61 12.77 11.38 9.98
1.68 1.46 0.66 0.37 0.00 0.00 0.00 0.00 0.15 0.51 0.58 0.58 0.00 0.66 0.95 1.24 1.97 2.41 3.14 2.77 2.48 2.92 2.56 2.92 5.33 5.62 5.55 4.38 3.36 1.97 1.90 1.53 0.00 0.00 0.00 0.00 0.00 0.00 0.00 0.00 1.90 0.00 1.02 0.88 0.44 2.12 2.48 3.36 2.56 2.85 2.77 1.61 1.61 0.00 1.61 0.00 0.00 0.00 0.00 0.00 0.00 0.00 0.00 0.00 0.00 4.74 9.93 14.02 14.38 17.16 21.61 24.45 28.18 31.08 36.41 34.66 22.58 15.07 9.78 7.67 8.34 8.98 7.49
5.04 3.87 3.65 3.07 2.04 1.02 0.00 0.00 0.00 0.29 0.37 0.37 0.00 0.00 0.00 0.51 0.66 0.80 2.12 2.41 0.00 3.50 3.14 3.29 3.58 5.33 4.89 3.94 2.70 2.04 1.24 0.00 0.00 0.00 0.00 0.00 0.00 0.00 1.24 1.61 1.17 0.00 0.00 0.00 0.00 1.24 0.00 0.00 0.00 2.41 0.00 0.00 0.00 1.75 2.41 2.41 1.75 0.00 0.00 0.00 0.00 0.00 0.00 0.00 4.38 6.86 10.37 12.70 15.62 18.98 23.14 26.06 27.45 30.58 33.48 26.98 15.74 8.60 4.94 5.35 5.86 5.65 4.25
5.18 4.96 4.09 3.21 2.19 1.61 1.17 0.22 0.00 0.00 0.00 0.00 0.00 0.00 0.00 0.00 0.00 0.00 1.53 0.80 1.39 0.00 0.22 2.04 2.77 3.58 4.02 3.80 2.70 2.12 0.00 0.00 0.00 0.00 0.00 0.37 0.00 0.00 1.02 1.10 0.00 0.00 0.00 0.00 0.00 0.00 0.00 0.00 0.00 1.75 0.00 0.37 0.88 1.53 2.41 0.00 0.00 0.00 0.00 0.00 0.00 3.43 3.43 4.96 7.66 10.59 14.60 16.50 17.67 19.20 23.29 24.53 25.92 26.84 26.72 17.56 9.55 4.37 2.98 3.55 2.70 1.67 1.99
4.53 3.58 2.77 1.83 1.39 1.24 0.66 0.22 0.15 0.37 0.00 0.00 0.00 0.00 0.00 0.00 0.00 0.00 0.00 0.00 0.00 0.00 0.00 0.44 1.97 3.43 3.94 4.38 2.56 0.73 0.00 0.00 0.22 0.00 0.00 0.00 0.00 0.00 0.00 0.00 0.00 0.00 0.00 0.00 0.00 0.00 0.00 0.00 0.00 0.88 1.97 2.19 0.00 0.00 0.00 0.00 0.00 0.00 0.00 2.41 4.09 7.37 7.37 8.98 10.51 12.56 14.31 15.26 14.45 15.70 20.44 23.36 23.21 21.75 15.25 5.56 2.62 1.56 1.76 1.27 0.18 0.25 0.15
3.58 3.14 1.83 0.51 0.58 0.00 0.00 0.00 0.00 0.00 0.00 0.00 0.15 0.51 0.00 0.00 0.00 0.00 0.00 0.00 0.00 0.00 0.00 0.00 0.66 1.46 2.48 2.70 2.26 1.24 1.17 0.00 0.00 0.00 0.00 0.00 0.00 0.00 0.00 0.00 0.00 0.00 0.00 0.00 0.00 0.00 0.00 0.00 0.00 2.34 3.07 2.12 0.00 0.00 0.00 0.00 0.00 0.07 1.31 0.00 5.33 6.94 6.94 6.79 7.23 8.32 8.69 10.15 10.88 13.07 17.23 18.03 17.96 12.33 5.96 2.31 0.88 0.94 0.66 0.17 0.00 0.00 0.00
3.58 3.14 1.83 0.51 0.58 0.00 0.00 0.00 0.00 0.00 0.00 0.00 0.15 0.51 0.00 0.00 0.00 0.00 0.00 0.00 0.00 0.00 0.00 0.00 0.66 1.46 2.48 2.70 2.26 1.24 1.17 0.00 0.00 0.00 0.00 0.00 0.00 0.00 0.00 0.00 0.00 0.00 0.00 0.00 0.00 0.00 0.00 0.00 0.00 2.34 3.07 2.12 0.00 0.00 0.00 0.00 0.00 0.07 1.31 0.00 5.33 6.94 6.94 6.79 7.23 8.32 8.69 10.15 10.88 13.07 17.23 18.03 17.96 12.26 5.87 2.27 0.88 0.98 0.59 0.17 0.00 0.00 0.00
4.67 3.80 3.14 1.61 0.37 0.00 0.00 0.00 0.00 1.31 0.00 0.00 0.00 0.00 0.00 0.00 0.88 0.66 0.00 0.00 0.00 0.00 0.00 0.00 0.00 0.00 1.17 0.66 0.80 0.00 0.00 0.00 0.00 0.00 0.00 0.00 0.00 0.00 0.00 0.00 0.00 0.00 0.00 0.00 0.00 0.00 0.00 1.53 0.00 2.63 1.10 0.44 0.00 0.00 1.46 1.97 1.39 1.17 0.37 0.95 1.97 4.53 4.53 3.80 3.72 3.14 4.96 6.50 8.10 10.15 11.83 11.90 10.66 6.94 3.65 1.40 1.25 0.38 0.00 0.00 0.00 0.00 0.00
