Wansh/Snow_depth/snowdepth-1988/winter/1989028.txt
ncols 321
nrows 161
xllcenter 60
yllcenter 15 
cellsize  0.25 
NODATA_value -1
[rows 0 to 36 of 161, columns 0 to 82 of 321]
7.88 7.88 8.18 9.34 9.13 8.18 7.37 7.37 7.96 9.42 10.44 12.34 13.72 15.18 16.06 17.23 17.52 17.23 17.74 17.23 15.62 15.26 15.04 15.40 16.06 16.50 16.50 16.06 16.64 17.59 17.74 16.64 15.70 15.84 16.43 15.99 15.84 16.43 16.35 16.21 15.91 14.75 14.89 13.43 13.58 13.58 12.63 13.21 13.43 12.99 12.99 12.99 12.99 8.98 9.71 10.29 10.37 10.00 9.05 13.21 12.12 10.37 9.49 6.42 8.25 10.22 10.66 10.37 10.29 9.71 8.69 12.41 11.24 11.02 10.51 11.24 11.24 11.97 12.05 11.53 11.61 11.97 12.48
10.22 10.22 8.91 7.96 8.54 10.59 10.80 10.22 10.66 10.44 10.44 11.46 13.14 13.94 13.94 13.72 14.16 13.87 13.94 14.24 15.18 15.62 14.97 14.09 14.38 15.04 15.04 15.55 15.33 15.70 16.13 15.91 14.53 13.72 13.43 13.87 14.24 14.02 13.80 12.48 11.39 10.44 9.78 9.20 8.40 8.54 8.25 8.54 9.13 12.05 9.27 9.27 8.91 8.61 8.18 7.45 6.35 5.11 4.89 3.94 3.43 3.14 2.63 2.92 8.40 9.05 7.96 7.52 6.79 6.57 6.42 5.91 6.86 7.74 7.96 9.34 9.34 10.07 10.29 10.15 11.10 10.51 9.93
10.59 10.59 9.56 8.54 8.98 10.37 11.97 12.41 12.05 11.68 11.53 11.68 11.75 11.68 11.32 10.66 10.44 10.51 10.80 11.39 11.90 12.41 12.78 12.48 11.90 12.05 12.05 13.29 13.87 13.58 12.99 12.26 11.53 11.02 10.66 11.24 12.12 12.19 11.17 10.29 9.71 8.25 6.94 7.15 7.30 6.20 6.79 6.72 5.91 9.78 7.37 7.37 6.94 6.94 5.77 3.50 2.56 2.34 1.83 2.26 3.65 4.67 5.33 7.23 5.40 9.42 7.52 7.45 7.23 7.96 8.10 7.88 8.03 8.76 8.69 8.76 8.76 8.61 8.69 8.76 8.40 8.25 8.83
10.59 10.59 9.56 8.54 8.98 10.37 11.97 12.41 12.05 11.68 11.53 11.68 11.75 11.68 11.32 10.66 10.44 10.51 10.80 11.39 11.90 12.41 12.78 12.48 11.90 12.05 12.05 13.29 13.87 13.58 12.99 12.26 11.53 11.02 10.66 11.24 12.12 12.19 11.17 10.29 9.71 8.25 6.94 7.15 7.30 6.20 6.79 6.72 5.91 9.78 7.37 7.37 6.94 6.94 5.77 3.50 2.56 2.34 1.83 2.26 3.65 4.67 5.33 7.23 5.40 9.42 7.52 7.45 7.23 7.96 8.10 7.88 8.03 8.76 8.69 8.76 8.76 8.61 8.69 8.76 8.40 8.25 8.83
11.32 11.32 10.22 8.98 10.73 12.19 13.29 13.14 13.51 13.65 13.14 12.70 11.90 10.44 10.15 10.15 10.44 10.66 10.88 10.88 11.39 11.39 11.39 10.88 10.44 10.88 10.88 10.88 10.80 10.59 10.51 9.93 9.64 8.69 8.03 7.23 7.01 7.08 7.30 7.08 5.99 5.04 6.06 5.69 5.84 6.13 5.62 5.55 6.28 2.77 3.14 3.14 6.86 6.79 5.33 2.48 1.83 1.31 1.24 1.90 3.72 5.84 7.23 8.98 9.49 9.05 7.81 7.15 7.23 7.30 7.30 7.30 7.30 7.45 7.23 6.79 6.79 6.86 8.03 8.32 8.32 7.74 7.15
12.26 12.26 10.66 10.95 13.51 15.55 15.70 15.11 14.67 14.53 14.24 14.24 13.14 12.12 11.61 11.83 12.12 11.90 12.19 12.78 12.05 11.39 10.51 10.59 10.29 9.20 9.20 8.32 8.69 8.76 9.13 9.71 9.56 9.20 7.88 6.94 6.13 5.26 4.96 4.74 4.38 5.40 5.33 5.04 5.48 5.40 6.42 5.91 4.89 5.69 1.10 1.10 2.26 1.46 2.19 1.39 2.41 3.29 4.02 4.02 4.74 6.79 7.52 7.81 7.96 7.23 8.54 6.50 6.20 5.40 5.55 5.11 4.74 4.82 5.18 4.96 4.96 5.33 5.62 7.45 7.01 7.45 7.15
13.21 13.21 13.43 13.94 15.40 17.08 17.59 17.16 16.35 14.82 13.80 13.29 13.14 12.85 12.78 13.36 13.36 12.26 10.80 10.80 10.95 10.22 9.64 9.64 10.29 8.83 8.83 7.88 8.18 8.61 8.69 9.13 8.25 8.25 8.10 6.79 6.20 5.99 6.06 6.20 5.48 4.67 6.57 7.23 6.79 7.59 7.08 7.37 7.23 5.84 3.29 3.29 3.50 2.19 2.12 1.90 3.94 3.65 3.50 4.09 4.82 5.84 6.28 6.79 6.57 6.20 5.18 5.62 6.13 4.82 4.82 5.33 0.00 0.00 0.00 0.00 0.00 0.00 4.74 4.89 5.99 7.37 7.52
13.21 13.21 13.43 13.94 15.40 17.08 17.59 17.16 16.35 14.82 13.80 13.29 13.14 12.85 12.78 13.36 13.36 12.26 10.80 10.80 10.95 10.22 9.64 9.64 10.29 8.83 8.83 7.88 8.18 8.61 8.69 9.13 8.25 8.25 8.10 6.79 6.20 5.99 6.06 6.20 5.48 4.67 6.57 7.23 6.79 7.59 7.08 7.37 7.23 5.84 3.29 3.29 3.50 2.19 2.12 1.90 3.94 3.65 3.50 4.09 4.82 5.84 6.28 6.79 6.57 6.20 5.18 5.62 6.13 4.82 4.82 5.33 0.00 0.00 0.00 0.00 0.00 0.00 4.74 4.89 5.99 7.37 7.52
13.80 13.80 13.94 14.45 14.82 15.62 15.40 15.48 14.60 13.94 13.14 11.90 11.39 11.39 11.83 12.12 12.05 11.32 10.73 10.51 10.59 10.29 10.00 10.95 10.88 9.78 9.78 8.10 7.30 7.45 6.94 7.37 7.15 6.94 7.23 6.94 7.37 7.74 6.86 6.06 6.94 6.79 5.55 6.86 7.52 6.72 7.23 8.03 8.10 7.66 7.01 7.01 3.07 3.50 3.43 2.99 4.23 3.36 2.56 2.63 4.74 5.99 6.64 6.50 5.69 5.40 0.00 0.00 5.99 5.33 0.00 0.00 0.00 0.00 0.00 0.00 0.00 0.00 0.00 0.00 0.00 5.18 5.04
13.72 13.72 14.31 14.16 13.29 12.41 12.34 12.34 11.83 11.39 10.66 9.56 10.00 10.80 11.39 11.39 11.32 10.88 9.34 8.98 9.42 9.56 10.29 10.37 9.71 9.71 9.71 8.76 7.96 7.96 8.25 7.96 7.96 8.32 7.45 6.57 6.79 7.81 8.91 8.61 7.74 8.03 8.40 7.15 6.50 8.40 8.47 8.83 7.96 8.91 8.32 8.32 4.74 4.45 2.92 2.48 2.26 3.58 3.07 3.43 4.16 5.04 6.42 6.13 0.00 0.00 0.00 0.00 0.00 0.00 0.00 0.00 0.00 0.00 0.00 0.00 0.00 0.00 0.00 0.00 0.00 0.00 3.36
14.97 14.97 14.89 13.29 11.24 9.78 9.27 9.49 9.71 9.71 9.49 9.34 9.56 10.37 10.80 10.73 10.59 10.15 9.93 8.91 7.81 7.66 7.88 8.69 8.83 8.61 8.61 8.61 8.10 7.96 7.74 7.74 8.98 8.40 7.59 7.66 6.79 6.42 6.64 7.66 7.74 7.37 8.40 9.20 9.20 8.61 8.40 8.18 8.32 6.79 6.64 6.64 5.48 3.87 0.00 0.00 0.00 0.00 0.00 4.96 4.89 4.53 5.11 3.29 0.00 0.00 0.00 0.00 0.00 0.00 0.00 0.00 0.00 0.00 0.00 0.00 0.00 0.00 0.00 0.00 4.89 4.82 4.53
14.97 14.97 14.89 13.29 11.24 9.78 9.27 9.49 9.71 9.71 9.49 9.34 9.56 10.37 10.80 10.73 10.59 10.15 9.93 8.91 7.81 7.66 7.88 8.69 8.83 8.61 8.61 8.61 8.10 7.96 7.74 7.74 8.98 8.40 7.59 7.66 6.79 6.42 6.64 7.66 7.74 7.37 8.40 9.20 9.20 8.61 8.40 8.18 8.32 6.79 6.64 6.64 5.48 3.87 0.00 0.00 0.00 0.00 0.00 4.96 4.89 4.53 5.11 3.29 0.00 0.00 0.00 0.00 0.00 0.00 0.00 0.00 0.00 0.00 0.00 0.00 0.00 0.00 0.00 0.00 4.89 4.82 4.53
13.36 13.36 12.48 11.53 10.66 9.42 8.69 8.91 8.69 8.61 9.56 9.49 9.27 8.91 8.61 8.83 9.64 9.86 8.98 8.61 8.47 8.32 8.03 8.18 8.32 8.10 8.10 7.52 7.15 8.32 8.83 8.69 8.25 7.45 8.10 7.45 6.86 5.99 6.42 6.64 7.81 8.61 7.59 7.30 8.54 9.34 9.49 7.81 7.15 7.45 5.48 5.48 4.89 0.00 0.00 0.00 0.00 0.00 0.00 0.00 0.00 0.00 0.00 0.00 0.00 0.00 0.00 0.00 0.00 0.00 0.00 0.00 0.00 0.00 0.00 0.00 0.00 4.23 5.11 5.69 5.84 5.69 5.84
11.46 11.46 12.34 12.78 11.68 10.29 8.32 7.15 7.59 7.30 7.23 7.88 8.47 9.05 9.49 10.73 10.37 9.64 9.34 8.98 8.47 8.18 7.96 7.74 8.32 8.69 8.69 8.03 7.37 6.94 7.23 8.10 8.32 7.81 6.86 6.64 8.25 8.61 8.03 7.66 7.81 8.69 8.40 7.96 8.40 7.59 6.86 6.72 4.82 0.00 0.00 0.00 0.00 0.00 0.00 0.00 0.00 0.00 0.00 0.00 1.53 0.00 0.00 0.00 0.00 0.00 0.00 0.00 0.00 0.00 0.00 0.00 0.00 0.00 0.00 0.00 0.00 4.02 4.82 5.62 5.33 5.77 5.62
11.46 11.46 12.92 13.51 12.19 10.80 8.54 6.42 6.64 7.30 7.81 7.59 7.81 9.05 10.44 11.10 10.88 10.29 9.93 9.05 8.10 7.52 7.08 7.45 8.25 8.18 8.18 8.18 6.42 6.35 6.94 6.94 7.23 7.88 8.61 8.54 8.18 9.13 9.86 9.42 8.91 8.83 8.98 8.98 8.76 7.81 6.86 5.48 4.96 0.00 0.00 0.00 0.00 0.00 0.00 0.00 0.00 0.00 0.00 0.00 0.00 0.00 0.00 0.00 0.00 0.00 0.00 0.00 0.00 0.00 0.00 0.00 0.00 0.00 0.00 0.00 0.00 0.00 4.38 5.11 5.48 6.50 6.06
12.63 12.63 13.29 12.48 11.53 9.93 8.03 7.52 7.96 8.54 9.20 9.27 8.40 8.76 9.27 9.71 9.86 10.00 10.29 10.66 9.93 8.47 7.96 6.86 6.35 8.03 8.03 6.86 5.04 5.26 6.20 6.86 7.01 7.52 7.45 7.88 8.83 8.47 8.47 8.69 8.98 9.13 9.34 7.23 7.01 6.64 5.62 5.33 4.96 5.04 5.11 5.11 4.96 4.60 0.00 0.00 0.00 0.00 0.00 0.00 0.00 0.00 0.00 0.00 2.26 0.00 0.00 0.00 0.00 0.00 1.46 0.00 0.00 0.00 0.00 0.00 0.00 5.11 5.99 6.20 5.77 6.06 5.62
12.63 12.63 13.29 12.48 11.53 9.93 8.03 7.52 7.96 8.54 9.20 9.27 8.40 8.76 9.27 9.71 9.86 10.00 10.29 10.66 9.93 8.47 7.96 6.86 6.35 8.03 8.03 6.86 5.04 5.26 6.20 6.86 7.01 7.52 7.45 7.88 8.83 8.47 8.47 8.69 8.98 9.13 9.34 7.23 7.01 6.64 5.62 5.33 4.96 5.04 5.11 5.11 4.96 4.60 0.00 0.00 0.00 0.00 0.00 0.00 0.00 0.00 0.00 0.00 2.26 0.00 0.00 0.00 0.00 0.00 1.46 0.00 0.00 0.00 0.00 0.00 0.00 5.11 5.99 6.20 5.77 6.06 5.62
11.90 11.90 11.75 10.22 8.54 7.59 7.74 8.69 10.00 10.07 9.78 8.98 8.54 8.54 8.54 9.05 8.98 8.91 9.13 9.34 9.27 9.13 8.54 7.74 6.86 6.06 6.06 5.40 4.89 5.33 6.72 7.88 8.03 8.10 7.30 7.59 6.57 5.33 5.91 7.37 7.45 7.37 7.08 6.13 4.38 4.38 5.04 4.89 4.45 4.38 5.48 5.48 5.18 5.04 5.26 0.00 0.00 0.00 0.00 0.00 0.00 0.00 0.00 0.00 1.17 1.53 0.73 0.80 0.88 0.80 0.51 0.00 0.00 0.00 0.00 0.00 0.00 5.55 5.84 5.04 4.45 5.48 5.26
11.68 11.68 10.07 8.76 7.81 7.45 7.81 10.07 11.61 10.88 10.07 9.42 9.20 8.91 8.47 8.03 7.88 7.59 7.15 7.52 7.66 8.40 9.20 9.42 9.20 7.96 7.96 6.72 5.33 5.69 7.23 8.03 8.69 7.96 6.06 4.60 4.16 4.38 3.94 4.74 4.82 5.62 4.67 4.23 3.87 3.50 3.36 4.67 5.11 4.45 4.45 4.45 4.82 5.11 0.00 3.80 0.00 0.00 0.00 0.00 0.00 0.00 0.00 0.00 0.00 1.68 0.51 0.44 0.51 0.58 1.46 2.12 1.53 2.70 3.21 2.99 2.99 4.53 3.94 3.36 3.29 4.23 4.53
11.17 11.17 10.22 9.71 8.83 8.98 10.29 11.90 11.61 10.59 9.56 8.69 8.03 8.18 8.47 8.83 8.25 7.15 7.01 6.86 7.30 8.40 9.20 10.22 10.15 9.20 9.20 7.23 6.35 6.64 8.47 7.96 7.59 6.28 5.33 2.99 2.56 2.92 2.70 3.65 3.58 3.50 3.72 3.21 3.43 3.80 3.72 4.09 4.45 4.82 4.09 4.09 3.80 4.16 4.74 3.65 3.43 3.72 4.16 4.74 4.16 4.67 4.16 4.67 0.00 0.00 1.02 0.00 0.00 0.44 1.46 1.68 0.95 0.80 1.75 2.70 2.70 3.80 3.58 5.91 5.91 5.62 4.89
11.90 11.90 10.80 10.07 9.20 9.49 11.68 12.12 11.90 10.80 8.40 0.00 0.00 0.00 0.00 7.81 7.37 7.81 7.59 7.23 7.88 8.47 9.56 10.22 9.93 9.34 9.34 9.05 8.91 8.98 8.69 7.88 6.13 4.09 3.43 3.65 3.21 3.72 3.36 3.58 3.50 0.00 0.00 0.00 3.14 3.14 3.07 4.02 4.09 4.31 3.80 3.80 3.29 0.00 3.87 5.18 3.21 3.50 4.31 4.89 4.82 5.62 4.31 4.23 4.53 5.11 2.70 2.19 2.70 2.99 2.48 0.95 0.44 0.73 2.34 3.80 3.80 4.53 5.18 8.69 8.61 7.88 6.94
11.02 11.02 10.88 10.00 9.64 11.10 12.63 12.34 10.88 0.00 0.00 0.00 0.00 0.00 0.00 7.01 7.01 6.94 6.94 6.94 7.37 8.25 9.42 9.20 8.76 8.61 8.61 8.91 9.05 9.13 8.61 7.88 6.28 4.53 3.50 3.29 3.29 3.07 3.29 3.14 2.63 3.21 3.29 2.99 2.41 2.70 3.65 3.36 3.43 3.72 3.50 3.50 2.77 4.23 5.55 6.13 5.40 4.60 4.45 4.23 4.67 4.96 0.00 4.38 5.11 4.96 4.60 5.18 4.45 3.80 2.41 1.75 1.46 2.12 2.26 3.72 3.72 4.67 6.42 7.52 10.15 9.86 8.47
11.02 11.02 10.88 10.00 9.64 11.10 12.63 12.34 10.88 0.00 0.00 0.00 0.00 0.00 0.00 7.01 7.01 6.94 6.94 6.94 7.37 8.25 9.42 9.20 8.76 8.61 8.61 8.91 9.05 9.13 8.61 7.88 6.28 4.53 3.50 3.29 3.29 3.07 3.29 3.14 2.63 3.21 3.29 2.99 2.41 2.70 3.65 3.36 3.43 3.72 3.50 3.50 2.77 4.23 5.55 6.13 5.40 4.60 4.45 4.23 4.67 4.96 0.00 4.38 5.11 4.96 4.60 5.18 4.45 3.80 2.41 1.75 1.46 2.12 2.26 3.72 3.72 4.67 6.42 7.52 10.15 9.86 8.47
11.24 11.24 10.88 10.37 9.86 11.10 12.70 11.17 9.42 8.18 0.00 0.00 0.00 6.50 6.13 6.50 6.20 5.40 6.13 7.08 7.74 8.47 8.69 8.25 7.23 7.08 7.08 7.59 8.10 8.10 9.20 8.54 7.45 6.28 5.48 4.45 3.58 4.09 4.74 5.26 5.33 5.04 4.67 4.31 4.38 3.80 4.02 4.31 4.67 4.96 4.89 4.89 5.69 6.50 7.52 6.50 8.32 6.86 5.91 5.77 5.62 5.26 5.55 6.64 6.28 5.91 6.57 5.40 6.20 5.11 4.60 4.89 3.65 3.87 3.87 5.18 5.18 4.67 6.42 7.74 8.40 10.00 9.20
12.99 12.99 12.19 11.53 11.17 10.88 10.88 9.93 7.96 6.42 6.20 5.84 5.26 4.82 4.38 4.38 4.02 4.16 4.74 5.84 6.42 6.42 6.42 6.79 6.42 6.28 6.28 6.57 7.66 9.42 8.98 8.61 8.47 7.15 6.06 5.48 5.18 5.55 6.06 6.06 6.06 6.72 6.79 6.42 6.06 5.48 5.26 5.55 5.69 6.57 7.37 7.37 7.37 8.47 9.34 9.71 9.42 8.32 8.25 7.45 6.86 7.15 7.96 8.18 8.61 9.42 9.86 7.59 9.05 9.64 10.44 9.93 8.18 8.98 7.30 7.81 7.81 6.28 6.79 8.03 9.49 9.56 10.51
12.85 12.85 11.39 10.51 9.49 9.13 9.20 8.47 7.15 5.99 5.26 0.00 0.00 0.00 2.48 2.92 4.02 5.04 6.20 6.72 7.23 5.84 4.60 4.60 5.11 5.11 5.11 6.06 7.08 7.96 8.47 9.05 7.52 7.23 6.86 5.77 5.69 4.96 5.26 5.84 5.69 5.99 5.69 5.62 5.26 4.82 4.89 4.53 4.89 5.91 7.88 7.88 9.86 10.66 11.39 11.68 10.44 10.73 10.73 11.90 11.39 11.61 11.17 12.12 13.58 12.99 13.72 14.09 13.94 14.24 14.09 14.09 13.36 14.09 13.87 13.51 13.51 11.97 9.20 8.69 9.49 10.07 12.99
10.37 10.37 8.98 8.40 8.25 7.45 6.86 7.45 7.15 5.84 4.60 3.21 0.00 0.00 3.29 4.23 4.89 6.50 7.01 7.15 6.35 5.04 5.11 0.00 4.96 5.91 5.91 7.23 8.40 7.96 7.37 7.15 6.50 5.04 4.82 4.89 4.96 4.60 4.67 4.67 4.96 4.82 4.38 4.23 4.02 3.50 4.38 4.60 4.96 6.13 7.88 7.88 10.88 12.78 13.07 13.43 12.12 12.63 12.99 14.31 14.75 14.45 13.72 14.09 14.82 15.55 15.33 14.89 15.04 15.40 15.18 16.13 16.28 17.45 18.18 18.10 18.10 16.43 14.31 10.88 10.15 11.83 12.26
7.74 7.74 6.79 7.08 6.86 5.84 5.33 5.91 5.91 5.55 5.55 4.60 3.36 3.29 4.53 5.77 5.84 6.64 6.57 6.06 5.04 0.00 0.00 5.33 6.20 7.45 7.45 7.96 7.37 7.45 6.28 6.13 6.20 5.99 5.04 4.74 4.82 4.31 4.09 4.23 4.31 4.31 4.02 3.94 3.87 3.58 4.16 4.67 6.13 7.52 7.59 7.59 8.98 11.17 13.43 15.33 13.21 14.97 15.84 16.21 16.21 15.11 14.67 15.48 16.72 17.52 17.08 15.99 15.55 14.45 16.28 15.91 16.28 17.16 17.96 17.89 17.89 17.23 15.40 12.85 11.53 12.92 15.91
7.74 7.74 6.79 7.08 6.86 5.84 5.33 5.91 5.91 5.55 5.55 4.60 3.36 3.29 4.53 5.77 5.84 6.64 6.57 6.06 5.04 0.00 0.00 5.33 6.20 7.45 7.45 7.96 7.37 7.45 6.28 6.13 6.20 5.99 5.04 4.74 4.82 4.31 4.09 4.23 4.31 4.31 4.02 3.94 3.87 3.58 4.16 4.67 6.13 7.52 7.59 7.59 8.98 11.17 13.43 15.33 13.21 14.97 15.84 16.21 16.21 15.11 14.67 15.48 16.72 17.52 17.08 15.99 15.55 14.45 16.28 15.91 16.28 17.16 17.96 17.89 17.89 17.23 15.40 12.85 11.53 12.92 15.91
6.42 6.42 6.06 6.64 7.15 6.57 5.84 5.77 5.69 5.69 6.20 5.99 5.55 5.69 6.50 6.50 6.42 6.72 6.72 5.33 0.00 0.00 0.00 5.40 6.06 7.30 7.30 7.66 7.66 6.79 5.55 4.38 5.04 5.40 5.84 5.77 4.89 4.45 4.74 4.60 3.94 3.80 3.72 4.74 4.74 4.67 5.62 7.08 7.88 8.54 10.59 10.59 11.39 12.19 14.16 14.67 16.72 15.77 16.64 16.64 15.70 14.89 15.26 15.99 16.86 17.52 17.52 16.94 15.48 14.45 14.53 14.89 14.31 12.85 13.43 13.65 13.65 13.72 13.94 12.92 12.05 12.26 13.51
5.62 5.62 5.69 6.42 7.30 7.59 6.50 6.35 6.79 6.42 6.94 7.59 7.74 7.59 7.23 6.28 6.20 6.06 5.91 4.74 0.00 0.00 0.00 3.50 4.67 6.35 6.35 6.72 6.79 6.64 5.91 5.40 5.84 5.84 5.55 5.40 5.55 5.40 5.69 5.84 5.62 5.26 5.69 6.13 6.42 6.42 6.35 6.35 7.30 9.49 9.86 9.86 11.97 13.72 14.75 16.21 16.13 16.28 14.82 14.82 15.40 15.99 15.84 15.77 16.57 16.35 15.99 14.89 13.07 12.12 11.68 12.41 10.00 7.37 7.01 7.74 7.74 7.74 9.20 8.98 8.10 8.25 8.54
5.18 5.18 5.84 6.79 6.57 6.35 5.69 5.26 5.55 5.84 6.20 7.01 7.01 6.79 5.77 5.55 5.40 5.04 4.74 5.04 0.00 3.87 3.87 3.72 4.16 5.91 5.91 6.28 5.48 5.77 5.33 4.96 5.18 5.91 6.28 5.99 6.28 7.01 7.37 7.74 7.01 6.28 5.69 6.64 7.74 7.81 9.20 8.32 7.81 8.25 9.56 9.56 10.15 11.97 13.65 15.11 16.13 15.62 14.75 14.24 13.87 14.60 13.36 12.85 13.58 11.90 10.66 10.07 8.40 7.96 7.66 6.50 8.03 4.16 4.96 4.16 4.16 4.16 5.62 5.69 5.48 5.99 5.91
5.55 5.55 5.84 5.33 5.18 4.67 4.89 4.38 5.11 5.69 6.72 7.59 7.88 7.52 6.57 4.53 4.82 5.33 4.02 4.16 0.00 0.00 4.89 4.02 4.16 4.89 4.89 5.40 5.55 5.40 5.26 5.18 5.77 6.79 7.30 7.37 7.37 8.40 9.20 8.47 7.15 6.64 6.72 6.94 6.79 6.64 7.45 8.47 8.83 7.96 7.59 7.59 9.56 10.00 11.83 13.65 13.87 13.58 11.83 9.64 8.54 9.56 8.98 7.66 6.42 5.99 5.69 4.53 3.65 0.00 0.00 0.00 3.94 3.21 0.00 0.00 0.00 3.07 3.80 4.23 3.94 4.23 5.26
4.31 4.31 3.36 3.50 3.50 4.82 5.55 4.74 5.18 6.13 6.94 7.74 8.25 7.66 5.84 5.33 4.74 4.53 0.00 0.00 0.00 0.00 4.16 4.53 4.74 5.26 5.26 6.20 6.79 6.72 6.50 6.64 8.25 8.91 9.42 9.05 9.20 8.25 8.54 8.47 7.15 5.69 5.48 6.06 6.20 5.18 4.31 4.53 5.62 7.30 8.47 8.47 7.96 7.15 8.18 9.05 5.40 5.18 7.88 3.72 3.72 4.02 4.60 5.26 3.87 0.00 0.00 0.00 0.00 0.00 0.00 0.00 0.00 0.00 0.00 0.00 0.00 0.00 0.00 0.00 0.00 3.87 3.58
3.36 3.36 3.36 2.34 4.02 6.06 7.59 7.08 6.42 6.57 6.42 7.08 8.03 7.37 5.99 4.89 3.14 3.21 3.07 0.00 0.00 4.09 4.23 4.16 3.94 4.09 4.09 5.84 6.94 7.52 8.32 8.69 9.13 9.86 9.78 8.83 8.10 8.25 8.32 8.10 7.66 6.86 5.62 4.74 4.23 3.07 2.48 3.58 4.02 4.09 4.96 4.96 4.53 3.36 1.10 0.00 0.00 0.00 2.99 0.00 0.00 0.00 0.00 0.00 0.00 2.92 0.00 0.00 0.00 0.00 0.00 0.00 0.00 0.00 0.00 0.00 0.00 0.00 0.00 0.00 0.00 0.00 0.00
3.36 3.36 3.36 2.34 4.02 6.06 7.59 7.08 6.42 6.57 6.42 7.08 8.03 7.37 5.99 4.89 3.14 3.21 3.07 0.00 0.00 4.09 4.23 4.16 3.94 4.09 4.09 5.84 6.94 7.52 8.32 8.69 9.13 9.86 9.78 8.83 8.10 8.25 8.32 8.10 7.66 6.86 5.62 4.74 4.23 3.07 2.48 3.58 4.02 4.09 4.96 4.96 4.53 3.36 1.10 0.00 0.00 0.00 2.99 0.00 0.00 0.00 0.00 0.00 0.00 2.92 0.00 0.00 0.00 0.00 0.00 0.00 0.00 0.00 0.00 0.00 0.00 0.00 0.00 0.00 0.00 0.00 0.00
0.00 0.00 0.00 2.56 5.62 7.88 8.69 7.08 7.52 6.86 6.42 6.86 6.94 5.69 4.45 3.50 2.99 2.92 1.61 1.68 2.77 3.87 4.60 3.36 1.97 2.12 2.12 3.72 5.33 5.91 5.84 6.50 7.81 8.32 8.10 8.32 7.52 7.52 8.25 7.74 6.64 5.62 4.74 3.36 1.75 1.61 2.77 1.53 2.12 2.85 3.07 3.07 3.21 0.00 0.00 0.00 0.00 0.00 0.00 0.00 0.00 0.00 0.00 0.00 2.34 3.07 2.70 0.00 0.00 2.56 0.00 0.00 1.90 2.48 0.00 3.72 3.72 4.02 3.94 3.65 4.31 4.45 4.02
