Wansh/Snow_depth/snowdepth-1988/winter/1989049.txt
ncols 321
nrows 161
xllcenter 60
yllcenter 15 
cellsize  0.25 
NODATA_value -1
[rows 74 to 110 of 161, columns 83 to 165 of 321]
0.88 0.00 0.00 0.00 0.00 1.31 2.48 4.74 3.94 3.87 3.80 3.07 3.07 2.48 2.48 3.43 4.09 0.00 0.00 0.00 0.00 3.87 3.94 4.31 4.60 5.18 6.42 6.28 5.33 3.50 2.92 3.21 3.36 0.00 0.00 3.43 4.38 4.82 5.26 3.87 5.33 6.64 5.91 4.23 4.23 3.65 2.99 2.56 2.56 1.75 2.48 0.00 0.00 0.00 0.00 2.68 1.83 1.68 0.00 2.56 1.68 1.61 1.83 0.00 0.00 0.00 0.00 0.07 4.67 4.67 5.94 6.97 5.55 4.31 0.95 0.00 0.00 0.00 0.00 0.00 0.00 1.61 2.49
0.00 0.37 0.66 0.95 0.88 3.43 4.09 5.69 5.69 5.40 4.89 4.16 3.80 2.92 2.85 0.00 0.00 0.00 0.00 0.00 0.00 3.07 0.00 4.16 4.23 4.31 5.77 6.13 4.31 3.21 2.92 2.77 3.43 2.77 0.00 0.00 3.94 4.02 2.99 4.45 5.62 4.31 4.60 3.80 3.80 4.09 2.92 2.34 2.99 2.77 2.04 2.19 2.48 1.39 2.92 1.83 0.95 1.75 1.39 1.97 1.97 2.04 2.12 1.90 1.61 0.37 0.00 0.07 0.80 0.80 5.50 8.18 10.88 7.15 3.94 1.46 0.00 0.00 0.00 0.00 0.00 0.29 1.90
2.70 2.04 2.04 2.19 1.10 2.12 2.63 3.87 4.89 4.67 4.38 3.80 3.50 0.00 0.00 0.00 0.00 0.00 1.90 1.90 2.34 0.00 0.00 0.00 0.00 0.00 0.00 0.00 3.29 0.00 0.00 2.41 2.12 1.75 2.04 0.00 2.70 2.85 0.00 3.50 4.82 5.40 3.94 2.70 2.70 1.68 2.56 2.48 2.70 2.63 1.83 2.12 1.97 2.34 1.83 2.04 2.41 1.46 1.83 0.95 2.19 2.26 2.12 1.97 1.97 1.68 1.54 1.02 2.19 2.19 4.38 10.00 12.99 12.12 5.84 2.92 0.00 0.22 0.00 0.00 0.00 0.00 0.00
4.09 3.36 2.04 2.92 2.48 2.26 3.14 4.23 4.31 3.87 3.07 2.99 3.29 2.63 2.63 2.34 1.90 1.75 2.04 2.04 2.77 0.00 0.00 0.00 0.00 0.00 0.00 0.00 0.00 0.00 0.00 2.34 1.97 0.00 0.00 2.41 2.12 1.90 0.00 0.00 2.92 4.16 2.48 1.83 1.83 1.75 2.12 2.19 0.00 0.00 3.14 0.00 2.34 2.70 2.04 2.63 1.75 2.26 1.17 0.44 1.68 2.41 2.92 2.77 2.34 2.77 2.12 2.63 3.50 3.50 4.16 7.01 7.96 6.57 3.36 2.19 1.10 0.51 0.00 0.00 0.00 0.00 0.00
5.11 5.18 5.11 4.31 2.70 2.04 2.48 3.21 3.58 2.99 2.56 2.70 2.56 2.19 2.48 2.19 2.04 2.77 2.92 2.92 0.00 2.34 0.00 0.00 1.31 0.00 0.00 0.00 0.00 0.00 0.00 0.00 0.00 0.00 0.00 0.00 0.00 0.00 0.00 0.00 0.00 0.00 0.00 0.00 0.00 0.00 2.63 0.00 0.00 0.00 0.00 0.00 0.00 0.00 2.56 4.16 3.87 3.65 1.39 0.58 0.37 2.85 3.36 2.85 3.07 3.43 2.85 4.23 3.21 3.21 2.99 3.50 3.29 3.14 4.31 2.63 2.26 0.66 0.00 0.00 0.00 0.00 0.00
4.82 5.33 4.38 4.09 3.29 3.43 3.36 3.36 3.29 2.85 2.63 2.34 1.61 1.75 1.90 1.46 1.90 3.72 0.00 0.00 0.00 3.29 0.00 0.00 2.56 1.83 0.00 0.00 0.00 0.00 0.00 0.00 0.00 0.00 0.00 0.00 0.00 0.00 0.00 0.00 0.00 0.00 0.00 0.00 0.00 0.00 0.00 0.00 0.00 0.00 0.00 0.00 0.00 0.00 0.00 1.46 1.68 2.34 2.19 1.83 1.83 2.70 3.80 3.72 3.29 2.26 1.68 1.31 1.10 1.10 1.83 1.31 0.29 2.04 2.41 2.64 1.46 0.88 0.29 0.15 0.00 0.00 0.95
0.00 3.80 0.00 0.00 0.00 0.00 0.00 0.00 2.63 2.41 2.85 2.85 2.85 2.48 2.19 2.26 2.26 2.77 3.07 3.07 2.77 2.41 2.41 2.19 2.34 2.48 2.12 0.00 0.00 0.00 0.00 0.00 0.00 0.00 0.00 0.00 0.00 0.00 0.00 0.00 0.00 0.00 0.00 0.00 0.00 0.00 0.00 0.00 0.00 0.00 0.00 0.00 0.00 0.00 0.00 0.00 0.58 0.66 0.66 1.46 2.19 2.56 2.26 2.85 2.99 1.53 0.00 0.00 0.00 0.00 0.58 1.02 0.66 2.77 2.70 2.77 3.15 1.87 1.07 0.88 1.02 1.02 1.83
0.00 0.00 0.00 0.00 0.00 0.00 2.48 2.34 1.90 2.48 2.63 2.99 3.65 3.14 2.48 2.70 3.36 3.21 3.29 3.29 3.29 1.90 0.88 1.10 1.83 1.83 0.00 0.00 0.00 0.00 0.00 0.00 0.00 0.00 0.00 0.00 0.00 0.00 0.00 0.00 0.00 0.00 0.00 0.00 0.00 0.00 0.00 0.00 0.00 0.00 0.00 0.00 0.00 0.58 0.00 0.00 0.00 0.00 0.00 0.73 1.90 1.83 2.12 1.31 0.80 0.00 0.00 0.00 0.00 0.00 0.37 0.80 1.53 2.92 4.02 3.80 4.77 2.73 2.68 2.57 2.40 2.20 2.48
0.00 0.00 0.00 2.77 0.00 0.00 0.00 2.56 0.00 0.00 0.00 3.50 4.23 3.21 3.21 4.23 3.94 0.00 3.07 3.07 2.56 0.00 0.00 0.00 0.00 0.00 1.97 0.00 0.00 0.00 0.00 0.00 0.00 0.00 0.00 0.00 0.00 0.00 0.00 0.00 0.00 0.00 0.00 0.00 0.00 0.00 0.00 0.00 0.00 0.00 0.00 0.00 1.17 0.00 0.07 0.00 0.00 0.00 0.00 0.29 1.53 0.73 0.80 1.17 0.58 0.95 0.00 0.00 0.00 0.00 0.88 1.02 2.19 2.04 2.92 4.67 6.35 4.60 2.56 3.21 3.59 3.50 3.43
3.65 3.36 2.70 3.21 0.00 0.00 0.00 0.00 0.00 0.00 0.00 2.92 3.14 2.70 3.50 3.87 3.87 3.72 3.21 3.21 2.99 0.00 0.00 0.00 0.00 0.00 0.00 0.00 0.00 0.00 0.00 0.00 0.00 0.00 0.00 0.00 0.00 0.00 0.00 0.00 0.00 0.00 0.00 0.00 0.00 0.00 0.00 0.00 0.00 0.00 0.00 0.29 0.00 0.00 0.00 0.00 0.00 0.00 0.00 0.00 0.80 0.88 0.29 1.10 0.73 1.31 0.80 1.39 1.24 1.24 1.46 1.61 1.10 0.88 2.19 4.53 6.42 5.91 5.26 5.11 5.77 5.69 4.89
3.94 0.00 0.00 0.00 0.00 0.00 0.00 0.00 2.63 2.70 3.21 2.77 2.99 2.63 3.43 4.53 4.53 3.80 0.00 0.00 0.00 0.00 0.00 0.00 0.00 0.00 0.00 0.00 0.00 0.00 0.00 0.00 0.00 0.00 0.00 0.00 0.00 0.00 0.00 0.00 0.07 0.00 0.00 0.00 0.00 0.00 0.00 0.00 0.00 0.00 0.00 0.00 0.58 0.22 0.00 0.00 0.00 0.00 0.00 0.00 0.00 0.37 0.37 0.88 0.73 0.88 0.95 0.58 0.29 0.29 0.80 1.31 1.02 0.58 1.53 3.21 5.04 5.18 5.99 7.88 9.49 8.61 7.96
0.00 0.00 0.00 1.46 1.10 0.00 0.00 0.00 2.77 3.07 3.43 2.99 3.21 2.56 2.26 3.14 3.58 2.92 0.00 0.00 0.00 2.99 3.87 2.70 0.00 0.00 0.00 0.00 0.00 0.00 0.00 0.00 0.00 0.00 0.00 0.00 0.00 0.00 0.00 0.80 0.66 0.88 0.44 0.00 0.00 0.00 0.00 0.95 0.73 0.66 0.29 0.66 0.73 0.37 0.66 1.10 0.00 1.17 0.00 0.00 0.73 1.10 0.82 1.28 1.68 1.10 0.44 0.44 0.80 0.80 1.17 1.02 2.34 1.02 0.58 1.46 1.90 4.16 7.23 9.34 11.17 10.44 10.37
0.00 0.29 1.17 0.00 2.26 2.70 2.19 2.12 2.99 3.07 3.29 2.70 2.77 2.48 1.61 1.83 1.39 2.56 3.65 3.65 2.48 2.70 4.02 3.65 2.63 1.97 2.12 0.00 0.00 0.00 0.00 0.00 0.00 2.56 0.00 0.00 0.00 0.00 0.00 0.00 2.77 2.56 1.68 0.44 0.44 1.61 1.17 1.02 2.12 1.39 1.10 0.44 0.00 0.00 0.00 0.44 2.92 5.84 6.57 5.33 0.44 0.88 0.00 0.00 0.95 1.31 1.61 2.04 1.24 1.24 1.90 4.96 6.79 6.57 4.96 2.19 2.41 2.77 6.13 8.25 10.80 11.68 11.02
0.58 1.17 0.80 0.00 2.34 0.00 2.04 2.26 1.75 0.00 0.00 3.07 2.48 2.26 1.75 1.68 1.53 2.12 2.63 2.63 3.29 3.80 3.58 3.36 0.00 2.34 1.68 2.99 2.48 2.41 0.00 0.00 0.00 0.00 2.99 0.00 0.00 0.00 0.00 0.00 2.26 2.56 2.19 1.02 1.02 0.88 0.80 1.10 1.02 1.46 1.17 0.07 0.00 0.00 0.00 0.07 1.31 4.38 6.57 6.50 1.83 1.46 0.00 0.22 0.80 0.89 2.04 2.85 1.39 1.39 1.83 4.23 6.94 8.32 5.99 4.38 4.23 4.23 6.79 6.13 10.66 11.61 10.37
1.46 1.53 1.10 0.00 0.00 0.00 0.00 0.00 0.00 0.00 0.00 0.00 1.61 2.04 2.04 2.19 1.75 2.04 2.41 2.41 2.85 3.21 3.14 2.70 2.56 1.97 2.19 2.99 2.48 2.70 2.41 2.19 2.26 2.26 3.07 2.56 2.56 2.63 2.92 2.41 1.97 3.29 1.83 1.61 1.61 1.61 1.17 1.10 1.10 0.37 0.22 0.66 0.44 0.00 0.73 0.44 0.95 2.12 2.99 4.09 3.36 1.46 0.15 0.44 2.34 0.81 3.71 5.26 4.89 4.89 3.87 3.36 5.62 7.45 7.52 6.50 6.64 6.35 6.35 6.50 9.49 10.15 8.83
2.85 2.77 1.68 0.00 0.00 0.00 0.00 0.00 0.00 0.00 0.00 0.00 0.00 0.00 0.00 2.34 2.19 2.04 3.07 3.07 1.90 2.85 2.70 2.12 2.41 2.56 2.92 0.00 0.00 0.00 0.00 3.07 3.14 3.14 3.80 3.14 2.26 0.00 0.00 2.63 0.00 0.00 2.85 2.63 2.63 2.70 2.19 1.10 1.75 1.17 0.66 0.37 0.22 0.80 1.31 0.88 1.46 1.75 1.61 1.41 2.36 1.46 0.73 0.97 4.02 2.82 7.30 8.15 6.20 6.20 5.33 4.60 6.28 7.37 7.96 7.66 7.96 8.03 7.66 9.56 7.87 7.75 7.53
2.70 2.63 1.53 1.90 0.00 0.00 0.00 0.00 0.00 0.00 0.00 0.00 0.00 0.00 0.00 0.00 0.00 2.34 0.00 0.00 0.00 0.00 0.00 0.00 0.00 0.00 0.00 0.00 0.00 0.00 0.00 0.00 0.00 0.00 0.00 2.56 0.00 0.00 0.00 0.00 0.00 0.00 0.00 1.75 1.75 2.26 2.19 1.83 1.53 0.80 0.66 1.31 2.04 1.75 1.75 1.53 1.75 1.61 1.46 1.31 0.44 1.96 0.51 1.33 4.31 7.88 8.83 9.97 8.33 8.07 5.43 6.06 7.30 7.15 7.45 7.45 7.01 6.86 6.20 8.10 6.57 5.74 6.99
2.04 2.04 1.46 1.02 0.00 0.00 0.00 0.00 0.00 0.00 0.00 0.00 0.00 0.00 0.00 0.00 0.00 0.00 0.00 0.00 0.00 0.00 0.00 0.00 0.00 0.00 0.00 0.00 0.00 0.00 0.00 0.00 0.00 0.00 0.00 0.00 0.00 0.00 0.00 0.00 0.00 0.00 0.07 0.22 0.22 0.44 1.53 0.00 0.00 0.15 0.44 0.80 1.90 1.90 2.70 4.02 3.87 2.70 2.48 1.11 1.77 1.39 1.10 1.04 2.97 6.62 7.97 6.28 6.57 6.60 6.68 5.72 7.52 8.47 7.88 6.46 5.69 5.91 5.40 6.75 5.89 6.88 7.59
1.61 1.24 1.17 1.24 0.66 0.00 0.00 0.00 0.00 0.00 0.00 0.00 0.00 0.00 0.00 0.00 0.00 0.00 0.00 0.00 0.00 1.31 0.00 0.00 0.00 0.00 0.00 0.00 0.00 0.00 0.00 0.00 0.00 0.00 0.00 0.00 0.00 0.00 0.00 0.00 0.00 0.00 0.00 0.00 0.00 1.17 0.51 0.00 0.00 0.07 0.00 0.37 0.95 2.70 3.36 4.60 5.91 6.64 5.99 4.09 2.40 1.55 1.91 1.39 1.95 4.92 6.43 7.04 5.62 5.62 5.20 5.13 6.34 8.51 7.34 5.50 5.16 4.96 5.04 6.25 5.96 7.26 8.20
3.07 1.68 0.88 1.10 1.10 0.44 1.61 0.00 0.00 0.00 0.00 0.00 0.00 0.00 0.00 0.00 0.00 0.00 0.00 0.00 0.00 0.00 0.00 0.00 0.00 0.00 0.00 0.00 0.00 0.00 0.00 0.00 0.00 0.00 0.00 0.00 0.00 0.00 0.00 0.00 0.00 0.00 0.00 0.00 0.00 0.00 0.37 0.00 0.00 0.00 0.51 0.44 0.95 2.19 2.56 3.65 6.50 8.24 8.98 9.13 7.37 3.80 3.33 1.99 1.77 3.96 5.69 4.55 3.94 3.94 3.54 2.18 3.33 5.48 4.92 5.41 5.58 4.74 4.74 4.47 5.19 5.96 8.47
4.53 3.72 2.19 2.48 1.90 1.10 1.31 0.00 0.00 0.00 0.00 0.00 0.00 0.00 0.00 0.00 0.00 0.00 0.00 0.00 0.00 0.00 0.00 0.00 0.00 0.00 0.00 0.00 0.00 0.00 0.00 0.00 0.00 0.00 0.00 0.00 0.00 0.00 0.00 0.00 0.00 0.00 0.00 0.00 0.00 0.29 0.15 0.00 0.00 0.00 0.66 1.61 1.61 2.23 2.86 4.97 6.00 7.30 8.40 8.47 8.76 6.42 4.48 2.31 1.94 2.35 4.28 4.79 2.12 2.13 1.24 1.12 1.30 3.71 3.86 5.72 5.91 5.59 3.93 4.68 4.74 5.23 5.89
10.22 7.66 5.55 4.31 3.14 2.34 2.19 1.97 0.00 0.00 0.00 0.00 0.00 0.00 0.00 0.00 0.00 0.00 0.00 0.00 0.00 0.00 0.00 0.00 0.00 0.00 0.00 0.00 0.00 0.00 0.00 0.00 0.00 0.00 0.00 0.00 0.00 0.00 0.00 0.00 0.00 0.00 0.00 0.00 0.00 0.58 0.22 0.00 0.00 1.02 1.39 2.48 1.90 3.21 3.82 4.28 5.79 7.34 7.26 6.30 6.12 4.55 2.93 2.37 1.48 0.24 0.00 2.02 1.54 1.54 0.22 0.00 0.24 0.00 3.10 4.48 3.82 3.20 2.31 2.25 3.73 4.09 5.30
14.45 14.45 10.59 5.91 4.09 3.87 2.85 3.07 2.70 0.00 0.00 0.00 0.00 0.00 0.00 0.00 0.00 0.00 0.00 0.00 0.00 0.00 0.00 0.00 0.00 0.00 0.00 0.00 0.00 0.00 0.00 0.00 0.00 0.00 0.00 0.00 0.00 0.00 0.00 0.00 0.00 0.00 0.29 0.00 0.00 0.44 0.29 0.15 0.58 1.10 1.90 2.63 3.50 4.53 4.40 4.62 4.95 4.64 5.12 5.45 4.25 3.71 2.36 2.11 1.47 0.00 0.00 1.22 0.15 0.15 0.00 0.00 0.00 0.00 2.50 2.77 2.05 1.48 0.16 0.68 0.78 1.28 3.24
18.76 19.20 11.68 4.60 3.72 4.45 4.82 6.13 5.55 4.31 4.96 4.16 0.88 0.00 0.00 0.00 0.00 0.00 0.00 0.00 0.00 0.00 0.00 0.00 0.00 0.00 0.00 0.00 0.00 0.22 0.00 0.00 0.00 0.00 0.00 0.00 0.00 0.00 0.00 0.00 0.00 0.51 1.61 1.83 1.83 0.66 0.58 0.00 0.22 2.04 2.55 3.91 5.04 5.96 8.74 8.01 6.90 5.26 3.65 3.26 2.45 1.47 2.07 0.76 0.73 0.15 0.32 0.22 0.75 0.73 0.00 0.00 0.00 0.00 1.39 1.47 0.95 1.07 0.24 0.37 0.00 1.74 2.75
13.72 11.32 7.81 4.38 6.94 8.32 11.24 12.99 13.72 13.87 13.87 10.22 5.11 2.56 1.68 0.95 0.66 0.00 0.00 0.00 0.00 0.00 0.00 0.00 0.00 0.07 1.17 0.95 0.95 0.80 0.73 1.31 0.66 1.10 1.75 1.68 1.39 1.39 0.00 0.00 1.31 0.73 1.02 0.95 0.95 1.61 2.85 1.61 2.85 3.80 5.11 6.85 8.31 7.82 7.09 6.13 6.64 8.78 9.71 10.75 11.23 9.39 3.86 4.24 2.94 1.68 2.20 1.46 0.00 0.00 0.00 0.00 0.23 0.00 2.23 3.22 1.83 0.98 0.49 0.08 0.00 0.00 0.92
6.79 8.32 7.66 8.32 8.69 8.83 12.05 12.70 15.18 17.74 17.45 12.19 5.91 3.58 2.77 2.41 1.90 1.10 1.02 1.02 1.31 0.88 0.95 0.44 0.37 0.22 0.29 0.00 0.95 1.24 0.88 0.37 0.44 1.17 1.39 1.90 2.34 3.07 2.85 2.19 0.95 0.44 0.00 0.00 0.00 0.51 1.90 1.39 2.34 3.99 5.09 6.17 7.11 8.54 8.03 7.21 4.52 4.78 5.60 8.22 11.82 11.95 11.65 12.00 7.90 4.45 2.12 1.61 0.39 0.38 0.00 0.29 0.40 0.09 2.43 2.80 3.65 2.36 0.52 0.00 0.00 0.00 0.00
4.31 8.83 8.18 8.10 7.74 6.64 8.83 9.71 12.19 16.72 18.32 10.80 5.40 3.58 3.43 3.87 3.29 2.41 1.61 1.61 1.53 1.17 1.31 0.22 0.00 0.00 0.00 0.00 0.00 0.37 1.46 1.75 0.29 0.00 0.29 1.39 1.90 2.56 2.70 1.46 0.00 0.00 0.00 0.00 0.00 0.00 0.66 0.00 1.92 4.14 4.81 6.16 8.09 8.38 9.02 9.31 6.05 3.58 4.21 5.78 7.47 12.72 15.27 6.50 11.68 8.10 5.81 3.80 1.69 1.88 0.64 0.00 0.00 0.00 1.81 3.67 4.42 2.12 0.22 0.07 0.00 0.00 0.00
1.90 4.82 5.18 5.91 6.06 4.23 6.72 7.52 8.66 12.70 14.09 8.25 3.94 0.00 0.00 4.82 4.16 3.58 2.77 2.77 1.75 1.17 1.10 0.80 0.80 0.37 0.00 0.00 0.00 0.44 0.58 0.29 0.00 0.00 0.51 0.00 0.00 1.83 1.17 0.00 0.00 0.00 0.00 0.00 0.00 0.00 0.00 0.00 1.76 3.58 5.87 7.38 7.99 8.68 9.25 8.44 7.12 4.06 4.11 4.40 4.84 9.02 14.20 13.94 17.16 13.51 8.11 4.25 3.45 3.33 0.75 0.78 0.00 0.00 1.77 2.75 3.82 2.67 1.53 0.46 0.23 0.00 0.00
0.00 0.00 3.43 3.50 2.34 2.56 5.40 6.20 6.72 8.32 9.42 6.28 3.72 0.00 0.00 0.00 3.58 2.99 2.19 2.19 1.39 1.46 1.24 0.80 0.80 0.51 0.00 0.00 0.00 0.00 0.07 0.15 0.00 0.00 0.00 0.00 0.00 0.00 0.00 0.00 0.00 0.00 0.00 0.00 0.00 0.00 0.58 0.58 2.48 3.87 5.77 7.19 7.72 7.89 6.53 7.06 6.09 4.43 4.02 4.75 6.02 6.28 9.66 17.78 20.61 17.53 12.04 8.78 7.84 7.88 5.38 2.84 0.00 0.89 0.66 0.72 1.47 0.60 1.39 0.96 0.80 0.00 0.74
0.00 0.00 0.00 0.00 0.00 3.43 5.69 6.64 7.88 7.59 7.23 5.48 4.53 3.21 0.00 0.00 0.00 2.04 2.26 2.26 1.83 1.75 1.46 1.02 0.00 0.29 0.15 0.00 0.00 0.00 0.00 0.00 0.00 0.00 0.00 0.00 0.00 0.00 0.00 0.00 0.00 0.00 0.00 0.00 0.00 0.00 0.00 0.44 1.17 2.82 5.42 6.98 7.52 9.03 8.61 4.44 5.07 5.26 4.49 2.92 4.17 5.96 7.57 9.60 14.45 17.07 15.62 14.92 9.81 11.48 6.67 5.20 2.56 0.00 0.00 0.41 0.83 0.08 0.37 0.62 0.48 0.09 1.31
0.00 0.00 0.00 0.00 0.00 0.00 5.04 5.26 6.28 6.86 6.35 3.72 4.09 2.85 2.34 0.00 1.68 2.77 3.07 3.07 0.00 1.75 1.31 0.00 0.00 0.00 0.00 0.00 0.00 0.00 0.00 0.00 0.00 0.00 0.00 0.00 0.00 0.00 0.00 0.00 0.00 0.00 0.00 0.00 0.00 0.00 0.00 0.00 0.00 1.85 3.95 5.03 7.52 6.71 5.41 5.23 3.71 2.72 2.94 4.00 6.22 6.31 5.68 7.16 15.35 14.08 14.93 19.35 12.80 14.32 10.93 6.75 4.43 2.20 0.18 0.00 0.00 0.08 0.88 0.40 0.00 0.00 1.21
0.00 0.00 0.00 0.00 0.00 0.00 0.00 0.00 5.04 7.15 6.94 5.18 5.84 4.38 3.65 4.09 4.22 5.53 5.26 5.26 3.07 3.21 2.26 0.00 0.00 0.00 0.00 0.00 0.00 0.00 0.00 0.00 0.00 0.00 0.00 0.00 0.00 0.00 0.00 0.00 0.00 0.00 0.00 0.00 0.00 0.00 0.00 0.00 0.15 2.75 4.95 6.42 6.89 6.30 6.24 0.00 0.00 0.00 0.00 0.00 0.00 5.21 6.53 6.03 11.05 12.03 15.73 21.69 14.75 15.07 12.38 8.52 4.50 4.75 2.03 0.00 0.36 0.63 0.77 0.00 0.00 0.00 1.38
0.00 0.00 0.00 0.00 0.00 0.00 0.00 0.00 2.41 5.04 3.94 2.34 3.87 4.53 3.72 4.74 5.80 6.35 6.29 5.87 4.02 4.67 3.29 1.24 0.00 0.00 0.00 0.00 0.00 0.00 0.00 0.00 0.00 0.00 0.00 0.00 0.00 0.00 0.00 0.00 1.39 0.15 0.15 0.00 0.00 0.00 0.00 0.00 0.93 2.65 7.40 9.60 8.91 6.71 0.00 0.00 0.00 0.00 0.00 0.00 0.00 3.78 5.21 6.11 5.91 9.38 14.28 16.07 16.94 20.71 14.19 6.93 5.26 5.59 3.42 0.41 0.00 1.99 0.94 0.00 0.00 0.00 0.00
0.00 0.00 0.00 0.00 0.00 0.00 0.00 0.00 0.00 0.00 0.00 0.00 0.00 0.00 0.00 0.00 2.70 1.68 2.83 2.87 3.94 5.26 5.91 4.38 2.26 2.48 4.31 4.23 1.97 0.00 0.00 0.00 0.00 0.00 1.68 3.43 3.94 4.02 3.50 3.65 4.62 4.29 4.65 5.55 5.55 6.35 4.45 2.04 3.67 4.11 4.05 0.00 0.00 0.00 0.00 0.00 0.00 0.00 0.00 0.00 0.00 0.00 0.00 0.00 5.42 5.34 10.34 7.56 4.99 5.58 8.80 5.03 3.53 5.13 2.99 0.00 0.00 1.47 0.73 0.00 0.00 0.00 0.00
0.00 0.00 0.00 0.00 0.00 0.00 0.00 0.00 0.00 0.00 0.00 0.00 0.00 0.00 0.00 0.00 0.00 0.00 0.00 0.00 2.63 5.57 5.30 6.13 3.65 3.72 5.28 6.66 5.26 3.50 3.07 5.11 5.84 7.01 3.36 2.48 5.77 8.54 7.30 7.88 5.91 4.53 7.51 8.91 9.95 11.75 8.25 5.69 5.24 5.73 0.00 0.00 0.00 0.00 0.00 0.00 0.00 0.00 0.00 0.00 0.00 0.00 0.00 0.00 0.00 4.53 7.25 0.00 0.00 0.00 3.04 2.47 2.04 2.98 0.00 0.00 0.00 0.00 0.00 0.00 0.00 0.00 0.00
0.00 0.00 0.00 0.00 0.00 0.00 0.00 0.00 0.00 0.00 0.00 0.00 0.00 0.00 0.00 0.00 0.00 0.00 0.00 0.00 0.00 0.00 0.00 3.58 3.07 3.72 4.26 5.44 4.74 4.67 4.89 5.84 6.57 6.82 5.69 4.09 3.25 4.45 6.06 6.64 4.23 1.84 2.48 6.13 7.78 9.50 10.30 9.97 2.70 0.00 0.00 0.00 0.00 0.00 0.00 0.00 0.00 0.00 0.00 0.00 0.00 0.00 0.00 0.00 0.00 0.00 0.00 0.00 0.00 0.00 0.00 0.00 0.00 2.45 0.00 0.00 0.00 0.00 0.00 0.00 0.00 0.00 0.00
0.00 0.00 0.00 0.00 0.00 0.00 0.00 0.00 0.00 0.00 0.00 0.00 0.00 0.00 0.00 0.00 0.00 0.00 0.00 0.00 0.00 0.00 0.00 0.00 0.00 0.00 0.00 1.24 2.63 3.07 3.29 3.21 5.27 9.06 4.45 1.83 0.00 0.00 1.68 0.00 1.53 0.00 0.00 1.82 2.07 4.53 8.54 4.95 0.00 0.00 0.00 0.00 0.00 0.00 0.00 0.00 0.00 0.00 0.00 0.00 0.00 0.00 0.00 0.00 0.00 0.00 0.00 0.00 0.00 0.00 0.00 0.00 0.00 0.00 0.00 0.00 0.00 0.00 0.00 0.00 0.00 0.00 0.00
