Wansh/Snow_depth/snowdepth-1988/winter/1989057.txt
ncols 321
nrows 161
xllcenter 60
yllcenter 15 
cellsize  0.25 
NODATA_value -1
[rows 0 to 36 of 161, columns 0 to 82 of 321]
8.32 8.32 10.80 11.61 13.36 14.09 13.29 13.43 14.67 14.89 14.97 15.04 15.04 18.54 18.40 18.47 18.83 17.30 17.23 17.37 16.86 14.82 15.55 16.06 16.21 14.97 14.97 14.97 14.89 14.45 14.02 13.29 12.41 12.34 12.99 14.09 14.67 14.45 14.82 15.18 15.18 15.04 13.87 13.87 13.72 13.87 13.72 13.36 13.58 14.53 14.09 14.09 13.51 13.29 13.29 13.94 14.60 14.38 12.70 11.68 9.13 8.91 8.76 9.71 11.61 12.63 12.48 11.75 10.37 9.27 8.83 9.78 9.56 8.61 9.05 8.69 8.69 8.98 10.29 10.80 11.02 10.44 10.07
13.36 13.36 12.34 12.63 12.85 12.99 13.72 14.16 13.29 15.48 17.74 17.52 16.79 16.13 15.11 14.75 15.04 15.11 15.33 13.94 15.26 14.60 14.45 14.16 12.56 12.34 12.34 12.85 13.14 13.14 13.51 12.99 12.34 11.83 11.61 12.78 13.87 14.09 13.58 13.21 12.05 10.73 9.86 8.32 8.61 9.20 9.93 9.64 10.66 11.61 12.12 12.12 12.34 12.12 11.32 10.66 10.07 8.91 7.81 6.57 5.84 5.91 6.13 7.08 8.76 8.91 9.13 7.96 7.23 6.64 5.99 5.99 6.72 7.45 7.30 6.86 6.86 7.15 7.45 7.96 8.61 9.34 9.42
15.77 15.77 14.16 12.99 13.29 13.14 12.99 12.56 12.56 12.78 13.36 15.48 14.67 14.02 13.14 12.19 10.95 10.73 10.88 11.39 12.26 12.92 12.19 11.17 10.59 10.66 10.66 11.68 11.97 12.34 12.26 11.46 11.10 10.66 9.93 10.07 11.02 11.32 10.07 9.71 8.98 7.81 6.86 6.35 6.50 7.08 7.15 6.79 7.23 8.32 9.13 9.13 9.13 9.20 7.81 6.64 5.33 4.53 4.60 4.89 5.48 5.55 7.59 8.18 8.25 7.96 7.01 6.79 6.79 6.50 6.06 5.62 5.04 4.74 4.38 4.23 4.23 3.80 4.23 4.67 6.06 7.15 8.10
15.77 15.77 14.16 12.99 13.29 13.14 12.99 12.56 12.56 12.78 13.36 15.48 14.67 14.02 13.14 12.19 10.95 10.73 10.88 11.39 12.26 12.92 12.19 11.17 10.59 10.66 10.66 11.68 11.97 12.34 12.26 11.46 11.10 10.66 9.93 10.07 11.02 11.32 10.07 9.71 8.98 7.81 6.86 6.35 6.50 7.08 7.15 6.79 7.23 8.32 9.13 9.13 9.13 9.20 7.81 6.64 5.33 4.53 4.60 4.89 5.48 5.55 7.59 8.18 8.25 7.96 7.01 6.79 6.79 6.50 6.06 5.62 5.04 4.74 4.38 4.23 4.23 3.80 4.23 4.67 6.06 7.15 8.10
13.80 13.80 12.48 12.34 12.41 12.56 11.97 11.97 12.12 12.05 12.19 15.26 13.94 12.92 12.12 11.61 10.37 10.15 9.93 10.88 11.24 11.68 11.75 10.95 9.64 9.71 9.71 9.49 9.93 10.07 8.98 8.61 9.05 8.98 8.25 8.25 7.45 7.52 7.15 7.52 7.08 5.91 5.48 5.77 5.91 5.69 5.33 5.11 5.48 5.91 5.18 5.18 4.02 3.21 3.94 3.87 3.21 2.77 2.99 3.65 5.11 6.64 7.59 8.25 7.52 6.72 5.62 4.96 4.31 3.94 3.87 3.80 3.94 3.07 2.63 2.70 2.70 3.43 3.80 4.38 4.96 6.35 7.08
12.19 12.19 11.97 12.99 14.02 14.16 13.87 13.87 12.85 12.05 10.88 12.56 14.09 12.05 12.19 11.83 11.53 11.75 11.10 11.46 12.05 11.53 10.29 9.71 9.86 9.56 9.56 9.27 8.25 8.10 7.66 8.83 9.93 9.42 8.47 7.45 6.06 5.18 4.31 4.67 5.48 6.06 6.20 6.20 6.50 6.42 6.28 5.91 5.11 4.60 3.94 3.94 3.07 2.19 2.34 2.63 2.26 2.04 2.34 3.14 3.50 4.82 5.55 5.55 4.67 4.23 3.36 2.56 1.75 0.00 0.00 0.00 0.00 0.00 0.00 0.00 0.00 1.90 3.29 4.60 6.72 8.03 8.54
12.56 12.56 13.58 14.38 14.24 14.82 14.89 13.87 12.85 11.90 12.05 12.26 11.24 11.90 11.61 12.26 12.99 12.70 12.12 12.48 11.90 10.15 9.56 10.15 10.66 9.56 9.56 9.93 9.27 8.03 8.54 8.61 8.98 8.91 8.10 7.15 6.28 5.11 4.82 5.33 5.99 6.28 6.20 7.23 8.18 8.32 7.88 7.52 6.86 5.33 4.38 4.38 3.21 2.26 2.85 3.72 2.26 2.41 2.56 2.56 3.50 3.87 3.50 3.36 3.14 2.04 0.00 0.00 0.00 0.00 0.00 0.00 0.00 0.00 0.00 0.00 0.00 2.04 3.58 5.62 7.15 8.61 9.42
12.56 12.56 13.58 14.38 14.24 14.82 14.89 13.87 12.85 11.90 12.05 12.26 11.24 11.90 11.61 12.26 12.99 12.70 12.12 12.48 11.90 10.15 9.56 10.15 10.66 9.56 9.56 9.93 9.27 8.03 8.54 8.61 8.98 8.91 8.10 7.15 6.28 5.11 4.82 5.33 5.99 6.28 6.20 7.23 8.18 8.32 7.88 7.52 6.86 5.33 4.38 4.38 3.21 2.26 2.85 3.72 2.26 2.41 2.56 2.56 3.50 3.87 3.50 3.36 3.14 2.04 0.00 0.00 0.00 0.00 0.00 0.00 0.00 0.00 0.00 0.00 0.00 2.04 3.58 5.62 7.15 8.61 9.42
11.68 11.68 12.19 12.34 12.99 12.78 11.61 11.39 11.32 11.02 10.66 10.80 11.68 11.46 11.39 13.58 13.72 13.80 13.07 12.56 12.19 11.61 11.39 12.56 12.41 11.68 11.68 11.10 8.83 8.10 8.18 8.54 7.96 7.23 6.86 7.30 6.42 5.91 6.64 6.94 6.35 6.79 7.08 6.94 7.74 8.91 7.96 7.81 7.88 6.72 6.13 6.13 4.60 3.50 3.43 3.29 2.77 2.41 1.97 1.97 2.63 2.63 2.99 2.63 0.00 0.00 0.00 0.00 0.00 0.00 0.00 0.00 0.00 0.00 0.00 0.00 0.00 0.00 0.00 2.77 5.18 6.35 7.01
11.83 11.83 11.46 11.02 10.37 9.93 9.86 9.93 9.34 9.34 9.93 9.71 11.24 12.26 13.07 12.56 14.53 14.67 13.07 11.83 10.51 10.88 11.75 12.05 12.12 11.39 11.39 10.66 9.64 8.54 8.61 8.25 7.66 7.96 7.96 7.08 5.77 5.84 5.62 5.84 6.13 6.42 5.84 6.42 8.18 8.54 7.66 7.59 7.15 7.37 7.23 7.23 5.69 3.72 3.07 2.56 2.48 1.68 1.68 2.48 2.56 2.34 2.56 2.56 0.00 0.00 0.00 0.00 0.00 0.00 0.00 0.00 0.00 0.00 0.00 4.16 4.16 4.23 3.50 3.21 3.65 4.96 6.13
11.75 11.75 11.53 10.95 10.07 9.71 9.49 9.64 9.86 10.66 10.51 10.95 12.78 13.58 13.94 13.07 14.31 13.80 12.70 11.83 11.17 10.29 10.15 9.78 10.15 11.02 11.02 10.66 10.07 9.93 8.76 8.03 7.23 7.88 6.72 5.55 4.38 4.02 3.80 4.16 4.23 4.38 4.38 4.89 5.69 5.62 6.57 6.72 5.77 4.60 4.31 4.31 4.02 3.43 2.70 1.75 0.00 0.00 1.24 0.88 1.10 1.61 1.31 1.10 1.02 0.00 0.00 0.00 0.00 0.00 0.00 0.00 0.00 0.00 0.00 4.74 4.74 6.20 6.50 6.06 6.35 6.94 7.66
11.75 11.75 11.53 10.95 10.07 9.71 9.49 9.64 9.86 10.66 10.51 10.95 12.78 13.58 13.94 13.07 14.31 13.80 12.70 11.83 11.17 10.29 10.15 9.78 10.15 11.02 11.02 10.66 10.07 9.93 8.76 8.03 7.23 7.88 6.72 5.55 4.38 4.02 3.80 4.16 4.23 4.38 4.38 4.89 5.69 5.62 6.57 6.72 5.77 4.60 4.31 4.31 4.02 3.43 2.70 1.75 0.00 0.00 1.24 0.88 1.10 1.61 1.31 1.10 1.02 0.00 0.00 0.00 0.00 0.00 0.00 0.00 0.00 0.00 0.00 4.74 4.74 6.20 6.50 6.06 6.35 6.94 7.66
13.36 13.36 13.29 11.75 11.02 10.44 9.64 10.29 11.46 10.73 10.59 11.10 10.51 13.36 12.78 12.34 13.07 12.70 13.80 13.14 11.68 10.73 9.71 9.56 9.42 9.71 9.71 9.71 8.98 8.76 8.54 8.10 7.23 6.86 5.91 5.48 4.82 4.09 1.68 1.46 2.04 2.70 2.63 2.04 0.95 2.19 3.58 4.45 2.70 1.83 1.02 1.02 1.10 1.46 1.53 0.00 0.00 0.00 0.00 0.00 0.00 0.00 0.00 0.00 0.00 0.00 0.00 0.00 0.00 0.00 0.00 0.00 0.00 0.00 4.23 4.89 4.89 5.91 7.81 8.98 9.05 8.69 8.40
13.43 13.43 13.51 13.07 12.48 11.61 10.59 10.44 10.51 11.24 10.88 10.07 10.22 13.36 13.94 14.82 15.40 14.53 14.82 13.94 12.34 11.53 9.78 9.49 9.93 9.86 9.86 9.71 8.32 7.66 8.32 8.18 6.57 6.28 6.42 6.42 6.13 5.18 4.09 3.50 2.92 1.90 1.10 0.00 0.00 0.07 0.44 0.22 0.00 0.00 0.00 0.00 0.00 0.00 0.00 0.00 0.00 0.00 0.00 0.00 0.00 0.00 0.00 0.00 0.00 0.00 0.00 0.00 0.00 0.00 0.00 0.00 0.00 4.89 5.33 5.91 5.91 6.42 6.64 7.37 8.47 9.27 8.98
12.85 12.85 13.65 14.09 13.36 12.78 11.32 10.51 11.61 11.46 11.75 11.53 10.66 14.24 15.33 16.13 16.79 15.40 15.62 14.75 13.07 11.75 9.93 8.91 8.47 9.27 9.27 9.49 8.91 7.59 6.94 6.86 6.94 6.64 6.72 6.28 6.86 6.28 6.64 6.06 4.74 3.87 3.29 2.63 2.41 2.34 1.68 0.80 1.39 1.61 2.34 2.34 1.75 1.68 1.83 0.00 0.00 0.00 0.00 0.00 0.00 0.00 0.00 0.00 0.00 0.00 0.00 0.00 0.00 0.00 0.00 0.00 0.00 4.16 4.67 5.33 5.33 5.84 6.64 7.23 7.59 7.52 7.23
14.38 14.38 14.09 14.16 13.80 13.65 12.63 12.85 12.92 13.58 13.80 13.51 12.92 12.78 14.02 14.53 15.26 15.04 15.18 15.33 14.89 11.61 9.27 7.37 6.94 7.45 7.45 7.37 6.50 5.18 5.11 5.48 5.77 6.50 6.28 5.77 6.06 6.13 5.99 6.06 5.69 5.48 5.33 4.82 4.09 3.36 2.99 2.99 2.77 2.85 3.50 3.50 4.16 4.96 4.38 3.43 2.85 2.70 2.85 2.63 1.90 0.00 0.00 0.00 0.00 0.00 0.00 0.00 0.00 0.00 0.00 0.00 0.00 4.31 5.55 6.50 6.50 7.37 7.59 7.88 7.81 7.45 7.01
14.38 14.38 14.09 14.16 13.80 13.65 12.63 12.85 12.92 13.58 13.80 13.51 12.92 12.78 14.02 14.53 15.26 15.04 15.18 15.33 14.89 11.61 9.27 7.37 6.94 7.45 7.45 7.37 6.50 5.18 5.11 5.48 5.77 6.50 6.28 5.77 6.06 6.13 5.99 6.06 5.69 5.48 5.33 4.82 4.09 3.36 2.99 2.99 2.77 2.85 3.50 3.50 4.16 4.96 4.38 3.43 2.85 2.70 2.85 2.63 1.90 0.00 0.00 0.00 0.00 0.00 0.00 0.00 0.00 0.00 0.00 0.00 0.00 4.31 5.55 6.50 6.50 7.37 7.59 7.88 7.81 7.45 7.01
11.97 11.97 11.97 11.90 11.75 12.41 13.65 14.45 15.40 15.62 14.97 13.87 13.29 11.90 14.38 14.38 14.38 14.38 14.97 14.09 13.36 10.37 8.76 6.86 5.55 4.16 4.16 3.43 3.43 3.29 3.58 5.33 5.91 4.23 4.53 5.33 5.55 4.96 4.67 4.02 4.45 5.26 4.96 5.04 4.38 3.36 4.31 4.67 3.94 3.80 4.02 4.02 4.67 4.67 4.60 4.16 3.43 4.16 5.26 4.89 3.72 3.36 0.00 0.00 0.00 0.00 0.00 0.29 0.95 1.24 1.10 0.00 2.56 4.60 6.20 6.86 6.86 7.37 7.88 7.45 7.01 6.86 7.59
12.70 12.70 11.46 11.32 12.05 13.29 14.75 15.55 15.48 15.48 14.60 14.75 14.38 12.56 15.11 15.26 14.16 13.51 13.80 12.99 11.32 11.39 7.74 5.99 5.40 4.96 4.96 3.36 2.34 1.90 2.77 4.53 5.18 6.20 3.50 3.65 2.77 1.90 1.39 2.63 3.94 4.67 4.45 4.45 4.23 3.58 4.74 5.04 4.60 4.60 4.96 4.96 4.74 4.23 4.38 5.04 5.99 6.94 5.84 5.69 5.33 4.96 4.60 4.45 3.07 0.00 0.29 0.00 0.58 0.66 1.02 1.39 2.48 4.16 4.96 6.13 6.13 6.79 7.15 7.37 7.08 6.86 7.15
13.94 13.94 13.58 13.07 13.80 14.67 15.99 16.57 16.06 15.11 14.75 14.38 14.38 13.14 15.62 14.82 13.51 13.14 13.07 12.12 10.07 9.34 7.23 6.42 7.08 6.06 6.06 4.31 2.92 2.77 3.07 4.53 5.26 4.96 4.16 5.11 2.34 2.04 2.85 3.50 4.45 4.82 4.31 4.74 5.33 5.40 5.26 5.26 5.62 6.28 6.13 6.13 4.02 3.50 4.82 5.77 6.28 7.52 7.45 7.66 7.08 6.42 6.79 7.01 5.69 4.16 3.07 0.00 0.00 1.90 1.97 1.46 1.46 2.19 4.09 5.84 5.84 6.64 7.74 8.03 8.18 7.81 7.45
13.14 13.14 13.29 13.21 14.02 15.33 15.99 15.84 15.70 15.04 14.24 14.31 13.65 13.07 12.63 13.51 12.92 12.92 12.56 11.32 10.95 10.73 10.07 7.23 7.59 6.64 6.64 5.40 5.04 5.55 5.18 5.18 4.53 3.14 2.63 2.85 2.41 2.56 3.43 4.45 4.96 5.11 4.74 5.40 5.18 5.40 4.74 4.89 5.48 5.62 5.04 5.04 3.65 4.67 5.11 5.48 6.57 7.15 7.15 7.88 7.23 6.42 6.57 6.72 5.99 4.67 4.60 4.23 4.31 3.87 2.99 0.00 2.70 3.14 3.94 5.48 5.48 7.88 9.93 11.24 11.68 10.37 8.54
12.56 12.56 12.78 12.92 12.63 13.72 15.26 15.55 14.67 14.24 13.14 13.14 13.29 12.41 11.97 12.05 11.83 12.26 11.68 11.17 10.95 10.66 10.51 9.71 7.74 6.20 6.20 5.99 5.91 5.48 5.84 6.28 5.91 5.69 5.40 5.11 4.96 3.58 3.72 4.96 5.26 5.11 6.06 5.26 5.26 5.26 5.55 6.57 7.01 6.13 5.04 5.04 5.33 5.99 6.72 7.81 8.54 7.45 7.01 6.94 6.06 5.55 6.13 6.42 5.99 5.69 6.20 6.06 4.60 4.45 3.94 3.94 4.23 3.50 3.94 6.20 6.20 7.01 8.69 11.10 12.70 11.61 9.56
12.56 12.56 12.78 12.92 12.63 13.72 15.26 15.55 14.67 14.24 13.14 13.14 13.29 12.41 11.97 12.05 11.83 12.26 11.68 11.17 10.95 10.66 10.51 9.71 7.74 6.20 6.20 5.99 5.91 5.48 5.84 6.28 5.91 5.69 5.40 5.11 4.96 3.58 3.72 4.96 5.26 5.11 6.06 5.26 5.26 5.26 5.55 6.57 7.01 6.13 5.04 5.04 5.33 5.99 6.72 7.81 8.54 7.45 7.01 6.94 6.06 5.55 6.13 6.42 5.99 5.69 6.20 6.06 4.60 4.45 3.94 3.94 4.23 3.50 3.94 6.20 6.20 7.01 8.69 11.10 12.70 11.61 9.56
12.48 12.48 13.21 13.36 13.36 14.09 14.97 15.33 14.31 13.43 13.36 13.36 13.14 12.41 10.95 11.10 11.17 10.88 10.07 9.93 9.71 10.44 9.86 9.05 7.59 7.66 7.66 7.37 6.57 5.69 5.26 6.20 6.50 7.15 7.08 7.15 6.86 4.23 4.67 6.64 7.45 7.08 7.01 5.91 5.84 6.35 6.94 8.03 7.74 7.23 7.15 7.15 6.79 6.94 8.54 10.00 10.22 9.05 8.40 8.18 7.37 7.45 7.74 8.40 8.32 8.61 9.13 9.20 9.34 7.74 6.64 6.72 5.99 6.42 5.84 6.13 6.13 7.01 9.05 10.51 11.61 12.63 11.10
13.14 13.14 13.29 14.09 14.16 14.45 14.24 13.80 14.24 13.43 12.78 12.19 12.34 11.97 11.39 10.22 11.10 10.00 8.32 8.25 9.49 9.86 8.69 8.69 8.54 8.32 8.32 6.94 6.13 5.55 5.91 6.50 8.54 9.05 7.74 7.15 6.72 7.37 7.45 8.40 8.83 8.03 7.52 7.01 6.72 6.94 6.79 7.37 7.01 7.30 7.45 7.45 7.45 8.10 9.71 11.24 11.61 11.32 11.46 11.02 10.80 11.46 12.05 12.56 12.41 12.56 13.21 14.60 14.24 12.48 12.48 13.14 11.97 12.48 11.39 10.29 10.29 7.81 7.52 9.49 12.70 14.24 13.65
12.85 12.85 13.87 13.29 14.45 15.04 15.99 15.11 13.87 13.07 11.97 11.32 11.97 12.26 11.53 10.51 10.22 9.34 8.40 7.74 8.18 8.32 7.52 7.66 7.23 5.84 5.84 7.66 6.42 6.28 7.52 8.10 8.32 7.74 7.52 7.66 7.08 8.61 9.42 7.96 8.76 7.23 7.88 7.37 7.52 7.01 6.72 7.08 6.13 5.99 6.79 6.79 8.98 10.59 12.56 12.48 12.78 13.43 14.67 15.04 15.55 14.67 14.53 15.48 16.57 17.01 16.86 16.50 15.55 15.40 15.84 16.28 17.81 18.40 18.98 17.74 17.74 14.02 10.73 10.44 13.51 16.43 16.57
12.85 12.85 12.41 11.97 12.70 14.82 16.21 16.50 16.72 14.75 12.56 11.32 10.22 10.73 10.29 12.19 9.05 8.47 8.54 7.37 7.59 7.96 7.30 7.08 6.20 5.91 5.91 5.84 5.62 7.74 8.25 7.96 7.23 7.08 7.30 7.01 7.08 8.61 8.83 8.91 8.83 7.96 7.96 6.86 5.18 5.18 4.89 5.55 5.55 6.50 9.42 9.42 11.75 13.21 14.67 14.82 15.77 16.57 16.94 17.96 18.18 15.91 15.70 16.79 18.18 18.32 18.03 17.16 16.21 16.43 16.21 17.37 19.78 20.73 21.90 21.68 21.68 19.13 14.75 13.36 14.24 17.23 20.73
11.24 11.24 11.46 12.41 13.14 14.09 15.40 15.70 16.35 16.28 15.04 12.92 10.95 10.73 11.53 11.32 5.91 4.16 7.08 7.52 8.76 7.74 7.45 6.72 5.55 5.62 5.62 7.52 8.03 8.83 8.61 7.30 7.08 6.86 6.72 6.94 7.01 8.32 8.54 8.47 7.96 7.81 4.67 3.87 3.07 4.23 4.45 6.50 7.08 9.64 10.80 10.80 12.19 12.56 14.02 16.50 18.91 20.81 20.59 18.98 17.30 16.94 16.64 16.57 17.74 18.40 18.54 17.52 16.79 16.43 17.08 18.32 19.35 20.66 21.39 21.17 21.17 21.39 19.64 16.57 15.33 16.79 19.35
11.24 11.24 11.46 12.41 13.14 14.09 15.40 15.70 16.35 16.28 15.04 12.92 10.95 10.73 11.53 11.32 5.91 4.16 7.08 7.52 8.76 7.74 7.45 6.72 5.55 5.62 5.62 7.52 8.03 8.83 8.61 7.30 7.08 6.86 6.72 6.94 7.01 8.32 8.54 8.47 7.96 7.81 4.67 3.87 3.07 4.23 4.45 6.50 7.08 9.64 10.80 10.80 12.19 12.56 14.02 16.50 18.91 20.81 20.59 18.98 17.30 16.94 16.64 16.57 17.74 18.40 18.54 17.52 16.79 16.43 17.08 18.32 19.35 20.66 21.39 21.17 21.17 21.39 19.64 16.57 15.33 16.79 19.35
10.80 10.80 11.02 11.53 12.92 14.09 14.89 15.62 15.70 15.11 15.18 14.09 13.14 13.36 13.65 13.80 12.12 12.63 13.21 9.20 5.84 1.97 3.21 4.96 6.20 6.64 6.64 7.96 8.69 9.34 9.56 8.25 7.96 8.10 8.10 8.25 7.81 9.42 8.69 8.25 7.81 5.99 2.92 3.29 4.16 5.69 6.64 8.54 10.00 11.24 11.61 11.61 12.78 14.09 15.33 17.81 20.73 22.05 21.02 18.18 17.01 17.08 17.37 17.81 18.25 18.76 19.13 18.25 17.08 16.64 16.57 16.64 16.43 15.62 16.28 16.43 16.43 18.25 17.67 16.57 14.89 14.45 14.67
9.20 9.20 9.34 10.51 11.02 12.48 14.67 15.11 14.60 13.58 12.63 13.07 13.36 13.21 13.21 13.72 14.16 11.53 13.14 10.80 9.56 8.91 8.69 7.08 3.43 1.17 1.17 1.61 3.80 6.57 10.44 9.42 9.42 9.20 8.69 8.76 8.54 8.69 8.54 8.25 8.18 7.01 5.55 5.77 6.42 7.45 8.18 10.00 11.46 11.53 12.48 12.48 14.16 15.84 16.86 18.91 21.24 21.32 18.61 16.57 16.28 16.13 16.43 17.59 18.03 17.96 17.01 15.91 14.75 14.45 14.75 14.31 12.92 11.32 10.59 10.37 10.37 12.34 13.94 14.82 13.51 12.70 12.34
9.64 9.64 9.86 9.78 9.71 10.07 10.80 11.90 12.78 12.26 12.12 11.46 10.88 10.88 11.97 13.14 13.80 10.88 11.46 10.29 10.37 10.66 9.13 7.45 6.42 6.13 6.13 7.52 9.20 7.96 10.88 10.66 9.78 9.86 10.00 8.47 9.05 8.61 9.49 9.86 9.42 8.91 8.47 7.15 8.54 9.71 11.24 11.83 11.90 11.24 11.10 11.10 13.14 15.26 16.79 19.42 20.51 19.42 16.28 14.16 14.16 13.65 12.99 14.31 15.04 14.60 12.85 11.68 10.73 10.73 11.17 11.10 8.98 7.81 7.52 7.52 7.52 8.91 10.22 10.95 10.37 10.95 11.46
9.27 9.27 10.00 9.64 10.37 9.27 8.83 9.93 10.73 10.95 10.29 10.37 10.44 10.37 9.71 9.49 11.90 6.94 11.32 8.61 9.42 9.42 9.27 7.88 7.23 6.72 6.72 6.28 5.77 6.42 6.94 9.42 10.66 10.51 10.73 10.00 9.56 9.34 10.07 10.15 9.42 9.27 9.20 9.05 10.88 11.24 11.32 10.80 11.02 10.51 10.73 10.73 12.56 14.16 15.99 17.52 17.81 15.04 11.68 10.37 9.64 9.27 10.00 9.71 9.86 9.27 8.47 7.88 7.15 8.03 7.96 7.08 6.72 6.13 5.62 6.28 6.28 7.74 8.76 9.42 8.40 8.61 9.71
6.94 6.94 7.37 8.10 8.91 9.42 9.42 10.07 9.78 9.64 10.15 10.66 10.66 10.15 10.07 9.93 8.76 7.52 6.35 7.30 5.91 7.74 8.69 9.27 9.49 9.20 9.20 8.18 5.91 5.62 6.79 8.25 11.32 11.90 12.12 11.17 9.71 8.98 9.20 9.20 7.96 7.88 9.05 10.00 10.73 10.29 9.78 9.64 10.00 10.07 10.88 10.88 12.70 12.12 11.61 11.90 10.66 7.15 3.50 3.80 4.96 7.37 8.98 8.47 6.86 5.77 5.77 5.04 5.91 6.42 5.40 4.45 4.23 3.65 0.00 0.00 0.00 5.69 8.10 8.98 8.69 8.25 7.37
9.20 9.20 7.08 6.57 7.23 9.56 10.22 10.07 10.15 9.56 10.15 10.95 10.51 10.29 9.64 9.49 9.93 6.72 6.50 8.03 7.52 8.61 8.10 7.88 7.96 8.25 8.25 8.61 7.30 8.32 9.49 9.49 13.43 12.34 11.10 10.59 8.91 9.05 8.98 8.25 8.10 8.98 8.91 8.61 7.81 10.59 7.01 7.45 7.81 8.32 8.91 8.91 8.98 7.01 6.50 6.13 3.21 0.22 0.44 2.19 5.55 8.47 8.83 8.10 7.45 6.50 5.99 6.20 6.57 6.50 6.35 5.69 5.04 5.11 6.20 7.08 7.08 7.74 8.98 9.42 9.42 8.76 7.96
9.20 9.20 7.08 6.57 7.23 9.56 10.22 10.07 10.15 9.56 10.15 10.95 10.51 10.29 9.64 9.49 9.93 6.72 6.50 8.03 7.52 8.61 8.10 7.88 7.96 8.25 8.25 8.61 7.30 8.32 9.49 9.49 13.43 12.34 11.10 10.59 8.91 9.05 8.98 8.25 8.10 8.98 8.91 8.61 7.81 10.59 7.01 7.45 7.81 8.32 8.91 8.91 8.98 7.01 6.50 6.13 3.21 0.22 0.44 2.19 5.55 8.47 8.83 8.10 7.45 6.50 5.99 6.20 6.57 6.50 6.35 5.69 5.04 5.11 6.20 7.08 7.08 7.74 8.98 9.42 9.42 8.76 7.96
5.91 5.91 7.23 8.25 9.64 10.80 10.73 10.88 9.05 9.27 10.29 9.93 9.86 8.61 7.74 7.66 7.37 8.61 6.50 7.08 9.05 9.56 8.47 6.64 5.18 4.45 4.45 4.45 6.20 7.88 8.32 7.45 6.86 10.88 9.34 9.78 9.56 10.29 9.78 9.27 8.76 8.18 7.74 6.20 5.55 8.54 5.91 5.77 6.13 6.28 6.42 6.42 5.91 5.26 3.80 1.10 0.00 0.00 2.41 7.45 9.49 9.56 8.54 7.30 8.18 9.05 8.47 8.61 8.32 7.52 7.15 7.37 7.81 8.47 8.61 8.69 8.69 8.98 9.34 9.56 10.59 10.59 10.51
