Wansh/Snow_depth/snowdepth-1988/winter/1989025.txt
ncols 321
nrows 161
xllcenter 60
yllcenter 15 
cellsize  0.25 
NODATA_value -1
[rows 74 to 110 of 161, columns 84 to 167 of 321]
0.00 0.00 0.00 0.00 1.75 0.00 3.43 3.65 4.31 4.23 2.99 2.34 2.63 3.29 3.58 5.40 4.67 3.58 3.58 3.50 3.65 3.58 4.45 4.60 6.35 7.45 7.81 5.55 4.53 4.23 4.82 4.45 3.50 3.87 4.16 4.38 4.53 3.65 4.53 6.72 7.08 7.30 5.91 5.91 4.31 3.50 3.07 2.26 1.61 1.83 1.83 1.90 0.00 1.25 2.16 2.56 1.24 1.68 0.58 0.00 0.00 0.00 0.00 0.00 0.00 0.00 0.00 0.00 0.00 4.04 4.62 4.31 2.85 0.80 1.10 0.00 0.00 0.00 0.00 0.00 1.75 2.64 2.19 1.17
0.51 0.80 0.51 1.02 2.92 5.40 6.72 7.08 7.66 6.64 5.18 3.58 3.65 3.29 3.43 4.23 4.23 3.87 3.87 3.94 4.89 4.02 4.23 4.67 5.77 8.76 8.40 6.86 5.40 4.67 4.60 4.89 4.53 3.50 0.00 4.45 6.28 4.31 4.16 8.83 7.96 5.77 5.26 5.26 4.74 4.31 3.58 3.72 2.92 1.39 1.39 1.61 1.68 1.61 1.75 2.04 1.75 1.83 1.17 0.00 0.73 0.37 0.29 0.00 0.95 2.12 0.00 0.00 0.00 4.33 5.62 7.88 7.08 2.99 0.58 0.58 0.00 0.00 0.00 0.00 0.44 1.24 1.83 1.11
2.99 3.80 3.21 3.43 4.38 6.13 7.01 6.94 7.23 6.72 6.42 5.99 5.40 5.26 4.74 5.04 5.18 5.11 5.11 5.26 4.74 4.89 4.74 4.38 4.38 6.79 7.74 6.64 5.48 4.67 4.74 4.60 0.00 3.94 4.38 0.00 3.58 3.80 5.69 7.37 6.64 5.48 4.89 4.89 4.23 3.58 3.43 2.77 1.97 2.92 3.07 1.53 2.41 1.53 1.24 1.75 1.68 0.73 0.73 1.39 1.46 0.80 2.04 1.53 2.04 1.54 1.97 3.29 3.29 3.58 8.18 12.19 11.32 6.28 2.12 0.51 0.00 0.00 0.00 0.00 0.00 0.07 0.59 0.83
4.09 4.89 2.77 3.36 2.34 4.16 6.06 6.13 5.91 6.20 6.64 6.64 6.57 6.50 6.64 5.77 5.55 5.18 5.18 5.55 5.33 5.04 5.18 4.74 4.31 4.02 4.45 4.82 4.31 4.31 3.87 0.00 0.00 4.96 4.09 3.21 0.00 0.00 3.87 4.67 4.89 4.67 4.02 4.02 3.43 3.36 2.70 4.09 4.89 4.74 3.14 3.72 3.36 2.77 3.58 1.83 1.97 1.83 1.39 1.10 1.75 2.77 1.83 1.97 1.83 1.97 3.14 2.92 2.92 3.14 6.79 10.00 7.96 5.11 2.92 0.00 0.00 0.00 0.00 0.00 0.00 0.00 0.29 0.52
5.91 5.62 5.91 5.26 3.94 5.26 5.69 4.82 4.53 5.84 6.06 6.50 6.57 6.50 6.42 6.06 5.99 5.55 5.55 5.62 5.48 5.04 4.60 4.45 4.60 3.94 3.72 4.38 3.94 3.87 0.00 0.00 0.00 0.00 3.14 0.00 0.00 0.00 0.00 0.00 0.00 0.00 0.00 0.00 0.00 0.00 3.21 0.00 4.23 4.74 5.18 4.89 0.00 3.87 4.74 4.16 4.74 2.41 2.41 2.41 1.75 3.21 3.72 2.92 2.19 1.75 3.36 3.14 3.14 2.70 3.07 3.29 2.34 3.65 2.04 0.22 0.00 0.00 0.00 0.00 0.00 0.00 1.10 0.89
5.77 5.18 5.69 4.45 4.53 4.31 4.31 5.11 4.74 5.04 5.11 5.77 5.69 5.33 5.77 5.77 5.77 5.33 5.33 4.96 5.18 5.18 5.26 4.96 4.82 4.23 0.00 0.00 3.58 4.09 0.00 0.00 0.00 0.00 0.00 0.00 0.00 0.00 0.00 0.00 0.00 0.00 0.00 0.00 0.00 0.00 0.00 0.00 0.00 0.00 3.58 4.23 0.00 0.00 0.00 3.72 2.92 2.70 3.50 2.99 1.83 3.65 4.09 3.36 2.48 1.31 2.34 0.58 0.58 0.80 0.80 0.00 0.80 2.41 2.13 1.39 0.00 0.44 0.22 0.00 0.00 0.15 1.24 0.81
0.00 0.00 4.16 4.16 3.72 3.80 3.43 4.09 4.16 4.09 4.89 4.60 4.23 4.60 5.11 4.96 4.96 5.26 5.26 5.26 5.11 4.53 4.09 4.53 4.09 3.72 0.00 0.00 0.00 4.09 3.43 0.00 0.00 0.00 0.00 3.87 0.00 0.00 0.00 0.00 0.00 3.36 3.43 3.43 0.00 0.00 0.00 0.00 0.00 0.00 0.00 0.00 2.34 0.00 0.00 1.02 1.02 1.83 2.34 2.48 2.99 3.21 2.85 2.04 1.10 0.00 0.00 0.00 0.00 0.29 0.00 0.00 1.24 2.85 3.50 3.01 1.20 0.00 0.00 0.37 0.00 0.00 0.37 0.07
0.00 0.00 0.00 3.07 3.43 4.31 4.02 4.02 3.80 3.87 5.11 4.60 4.60 3.94 4.74 4.60 4.60 4.60 4.60 3.58 2.77 2.56 3.58 4.16 4.09 2.92 2.41 0.00 0.00 3.36 0.00 0.00 0.00 0.00 2.12 3.21 0.00 0.00 0.00 0.00 2.92 3.50 3.65 3.65 3.94 0.00 2.04 1.10 0.00 0.00 0.00 0.00 0.00 0.58 0.15 0.00 0.37 0.00 1.02 1.39 2.48 2.19 2.34 1.68 2.70 0.00 0.00 0.00 0.00 0.00 0.00 0.00 2.41 3.50 4.74 4.26 2.58 0.15 1.06 0.37 0.00 0.44 0.51 0.15
0.00 0.00 3.72 2.99 0.00 4.45 4.53 3.07 3.29 4.02 4.96 4.96 4.74 3.94 4.89 4.96 4.16 2.63 2.63 2.56 0.00 0.00 0.00 1.61 1.83 3.80 3.43 0.00 3.36 3.43 2.92 0.00 0.00 0.00 0.00 0.00 2.12 0.00 0.00 0.00 0.00 0.00 3.21 3.21 2.99 3.07 0.00 1.90 0.37 0.58 0.00 0.00 0.00 1.46 0.22 0.22 0.00 0.00 0.00 1.68 1.39 1.75 1.24 1.46 0.80 0.00 0.00 0.00 0.00 0.88 0.66 0.80 2.34 4.09 5.40 6.35 3.36 1.97 1.46 2.05 1.10 0.88 1.83 1.17
4.02 3.65 4.09 3.58 4.09 4.23 4.45 4.31 4.38 4.23 4.45 5.62 5.33 4.96 6.57 7.30 4.74 3.94 3.94 3.21 0.00 0.00 0.00 0.00 0.00 3.65 3.72 0.00 0.00 2.63 2.41 0.00 0.00 0.00 0.00 0.00 0.00 0.29 0.44 0.00 0.00 0.00 0.00 0.00 0.00 0.00 0.00 0.00 0.00 0.00 0.58 0.37 1.02 0.37 0.51 0.37 0.00 0.00 0.00 0.37 0.95 1.68 1.75 1.61 1.46 1.02 0.00 0.22 0.22 1.68 1.31 1.97 0.88 2.12 4.89 6.64 4.74 2.85 1.68 3.21 2.48 2.34 1.83 1.31
0.00 0.00 0.00 0.00 0.00 2.77 0.00 4.74 3.29 4.09 4.31 4.67 3.72 4.96 5.99 4.31 3.58 2.77 2.77 4.09 4.45 4.23 0.00 0.00 3.07 3.07 3.65 0.00 0.00 2.12 2.34 0.00 0.00 0.00 0.00 0.00 0.00 0.88 0.07 0.80 1.53 1.31 0.00 0.00 0.00 0.00 0.00 0.00 0.00 0.00 1.83 0.88 0.73 1.61 1.10 0.58 0.29 0.00 0.00 0.44 1.10 2.34 1.83 1.90 2.04 1.24 1.31 1.10 1.10 1.53 1.68 1.97 0.66 0.95 2.34 4.09 4.02 4.89 3.36 5.04 4.67 5.18 3.80 2.26
0.00 0.00 0.00 0.00 0.00 2.77 3.14 4.67 4.31 4.31 4.53 4.23 4.02 4.82 3.58 4.31 4.09 2.77 2.77 3.72 4.60 4.82 3.80 0.00 0.00 0.00 0.00 0.00 0.00 0.00 0.00 0.00 2.41 2.77 2.99 0.00 0.00 0.00 0.80 1.83 2.48 1.90 1.46 1.46 1.75 1.68 1.75 1.68 1.10 1.90 1.39 1.02 2.19 2.41 2.99 1.68 0.88 0.80 1.17 1.24 1.25 2.09 1.73 0.95 1.10 0.95 0.88 0.88 0.88 1.83 1.61 2.85 1.83 0.44 1.75 2.04 3.43 6.20 5.55 8.76 8.10 8.40 6.42 3.14
3.14 3.65 3.50 3.87 4.31 4.02 4.09 5.11 5.11 4.82 4.09 5.18 4.67 3.65 2.85 2.92 4.16 3.58 3.58 3.72 4.82 5.18 4.45 3.72 0.00 2.48 2.70 2.70 3.43 3.50 0.00 0.00 4.02 2.77 0.00 0.00 0.00 0.00 0.00 2.56 3.94 2.56 2.04 2.04 2.19 2.34 2.56 1.90 1.31 1.31 1.24 0.00 0.29 0.29 1.97 3.58 6.42 7.37 5.69 3.43 2.04 1.31 0.97 1.53 2.26 3.07 2.56 1.46 1.46 3.07 6.64 8.76 7.01 4.31 1.83 2.19 2.63 4.45 7.52 8.47 10.88 9.78 6.72 4.96
2.12 2.26 0.00 0.00 0.00 3.87 3.72 4.09 4.16 4.53 3.21 4.31 4.23 3.72 3.36 2.56 2.41 3.43 3.43 3.65 4.16 4.60 4.02 3.36 2.41 2.56 3.14 2.70 2.56 0.00 0.00 0.00 0.00 3.58 3.21 0.00 0.00 0.00 3.07 4.09 3.21 2.70 2.26 2.26 1.90 2.56 1.97 2.26 1.61 1.68 1.75 1.39 0.66 0.15 0.44 2.99 4.82 5.77 5.48 4.60 2.56 0.58 0.37 1.02 1.78 3.65 3.58 2.04 2.04 3.21 6.35 8.91 8.32 5.55 4.45 4.89 4.23 5.18 7.01 9.20 9.93 8.98 7.23 6.06
2.70 3.21 0.00 0.00 0.00 3.87 3.65 3.94 4.23 0.00 3.29 3.58 3.43 2.99 3.29 3.21 2.41 2.77 2.77 3.94 3.43 3.50 3.14 2.41 2.63 2.41 3.07 2.48 1.68 2.04 2.19 2.77 2.56 4.09 3.36 3.14 3.65 3.50 3.14 3.07 3.21 3.43 3.58 3.58 3.36 2.99 2.48 2.12 1.61 1.68 1.68 1.24 1.90 1.10 1.61 2.26 1.97 3.65 4.60 3.87 2.99 1.17 0.73 1.97 3.76 4.87 6.50 3.07 3.07 3.94 3.80 5.99 7.88 6.94 7.45 6.79 5.91 6.57 7.96 8.98 8.76 8.76 5.69 4.82
3.36 3.07 0.00 0.00 0.00 0.00 0.00 2.92 3.14 0.00 0.00 0.00 3.50 2.77 3.14 3.43 3.07 2.99 2.99 3.29 2.63 2.77 3.07 2.63 3.58 2.92 3.07 3.65 2.63 2.56 2.70 3.07 3.80 3.94 3.58 2.99 3.14 2.85 0.00 0.00 3.14 3.21 3.87 3.87 3.43 3.50 2.77 2.56 2.48 1.53 1.46 1.61 2.04 1.39 2.12 1.53 1.97 2.92 2.08 2.80 1.10 2.12 2.46 3.80 5.78 7.53 7.91 6.20 6.20 5.84 4.23 5.33 6.57 7.15 7.96 7.23 7.96 8.32 7.96 5.96 8.28 5.95 4.92 4.84
3.87 3.80 0.00 0.00 0.00 0.00 0.00 0.00 0.00 0.00 0.00 0.00 0.00 0.00 0.00 0.00 0.00 0.00 0.00 2.34 2.63 2.48 2.92 2.34 3.21 2.70 2.48 0.00 0.00 0.00 3.14 3.21 4.45 3.94 3.80 3.87 2.92 0.00 0.00 0.00 0.00 3.07 3.36 3.36 2.34 2.77 2.56 2.12 2.77 1.68 1.61 1.75 2.04 2.34 1.83 1.75 1.68 0.95 1.31 1.02 0.60 1.61 4.06 5.18 7.45 8.76 8.22 7.78 7.53 5.21 4.82 6.06 6.20 7.08 6.79 6.72 6.57 6.13 4.97 4.28 4.39 4.53 5.21 5.30
4.02 3.80 2.70 0.00 0.00 0.00 2.19 0.00 0.00 0.00 0.00 0.00 0.00 0.00 0.00 0.00 0.00 0.00 0.00 0.00 0.00 0.00 0.00 0.00 0.00 0.00 0.00 0.00 0.00 0.00 0.00 0.00 1.97 2.56 2.92 3.36 0.00 0.00 0.00 0.00 0.00 1.90 0.07 0.07 1.17 0.66 1.24 1.83 1.53 1.61 1.10 1.90 3.43 3.94 4.53 4.02 3.94 2.41 2.14 1.33 1.68 1.46 3.58 4.03 6.01 7.75 5.69 5.18 5.21 6.52 4.26 5.84 6.64 6.86 6.16 6.42 5.84 4.96 4.18 3.85 3.71 4.89 5.43 6.11
3.50 2.77 1.68 0.00 2.56 3.29 2.63 2.34 0.00 0.00 0.00 0.00 0.00 0.00 0.00 0.00 0.00 0.00 0.00 1.75 0.00 0.00 0.00 0.00 0.00 0.00 0.00 0.00 0.00 0.00 0.00 0.00 0.00 0.00 2.26 0.00 0.00 0.00 0.00 0.00 0.00 0.00 0.88 0.88 0.80 0.44 0.00 0.00 0.22 1.10 1.10 1.46 3.43 4.53 6.57 7.74 7.37 8.54 4.96 3.67 2.29 1.68 2.32 2.65 4.58 5.87 5.17 5.18 5.18 5.05 3.96 5.73 7.34 6.89 5.50 4.13 5.18 4.82 5.12 4.02 3.87 4.44 4.40 3.92
2.56 2.04 2.92 2.70 0.00 3.50 0.00 0.00 0.00 0.00 0.00 0.00 0.00 0.00 0.00 0.00 0.00 0.00 0.00 0.00 2.26 2.04 0.00 0.00 0.00 0.00 0.00 0.00 0.00 0.00 0.00 0.00 0.00 0.00 0.00 0.00 0.00 0.00 0.00 0.00 0.00 0.07 0.00 0.00 0.73 1.39 1.10 1.39 0.88 1.68 1.68 1.97 2.56 4.45 6.72 8.61 10.78 10.95 11.02 10.29 5.40 3.41 3.20 0.46 3.46 4.57 4.62 4.53 4.53 3.17 3.39 4.77 5.85 5.58 4.82 4.18 4.96 4.08 4.55 3.84 3.82 3.71 3.34 3.34
3.14 2.19 2.56 2.34 2.04 2.70 0.00 0.00 0.00 0.00 2.12 0.00 0.00 0.00 0.00 1.31 0.88 0.00 0.00 0.00 0.00 0.00 0.00 0.00 0.00 0.00 0.00 0.00 0.00 0.00 0.00 0.00 0.00 0.00 0.00 0.00 0.00 0.00 0.00 0.00 0.00 0.00 0.58 0.58 0.88 0.66 1.24 1.31 1.83 1.97 2.19 2.48 3.35 4.36 6.88 9.12 9.93 10.44 11.53 10.37 7.66 4.77 2.61 4.03 3.30 3.95 4.25 3.58 3.59 2.56 4.00 2.03 3.63 4.10 3.94 4.09 4.54 3.18 3.44 2.90 3.23 2.59 1.97 2.95
5.04 3.43 2.99 2.34 2.48 2.19 2.48 0.00 0.00 0.00 0.00 0.00 0.00 0.00 0.00 0.00 0.00 0.00 0.00 0.00 0.00 0.00 0.00 0.00 0.00 0.00 0.00 0.00 0.00 0.00 0.00 0.00 0.00 0.00 0.00 0.00 0.00 0.00 0.00 0.00 0.00 0.00 0.00 0.00 0.95 0.88 0.73 1.61 2.19 2.85 2.41 3.50 3.87 4.51 7.02 8.13 9.44 9.36 8.08 7.37 6.46 4.04 4.10 0.00 1.51 2.24 2.99 2.20 2.20 2.29 1.85 0.73 1.99 1.88 3.01 3.82 3.65 3.03 2.25 1.98 2.09 2.35 3.34 3.03
8.10 6.42 3.29 2.92 2.85 2.56 3.14 2.63 0.00 0.00 0.00 0.00 0.00 0.00 0.00 0.00 0.00 0.00 0.00 0.00 0.00 0.00 0.00 0.00 0.00 0.00 0.00 1.17 0.00 0.00 0.00 0.00 0.00 0.00 0.00 0.00 0.00 0.00 0.00 0.00 0.66 0.58 0.51 0.51 0.95 0.51 0.95 1.39 1.75 2.56 3.14 3.65 5.40 6.97 6.78 6.89 5.91 5.96 7.06 5.62 4.10 3.04 1.73 0.00 1.15 1.32 1.98 1.41 1.39 0.74 0.09 0.54 0.54 1.37 2.70 3.01 2.08 0.71 0.91 1.48 0.83 1.88 3.40 3.11
10.88 6.57 0.00 0.00 3.36 3.50 4.23 4.02 3.07 3.21 3.94 0.88 0.00 0.00 0.00 0.00 0.00 0.00 0.00 0.00 0.00 0.00 0.00 0.00 0.00 0.00 0.00 1.83 0.58 0.00 0.22 0.00 0.37 1.53 0.00 0.00 0.00 0.00 0.00 0.00 1.61 2.41 2.41 2.41 1.90 0.88 1.10 1.24 2.56 4.04 4.89 6.30 7.95 10.19 9.81 9.98 8.40 6.28 4.66 2.68 2.42 1.84 1.76 0.66 0.67 0.87 1.04 1.13 1.10 0.44 0.37 0.00 0.42 1.06 1.91 1.17 0.46 0.00 0.52 1.04 0.43 1.49 2.09 3.74
6.35 3.94 2.77 5.11 6.79 6.86 7.08 7.15 7.81 7.59 6.35 3.87 1.75 1.68 1.46 0.29 0.00 1.10 1.10 0.00 0.00 0.00 0.00 1.10 1.90 2.34 2.56 2.26 1.97 1.46 1.61 1.68 1.46 1.97 2.56 2.41 1.97 2.26 0.00 0.44 3.21 4.16 2.85 2.85 2.19 2.63 3.50 4.60 5.48 6.28 8.20 10.32 10.39 10.04 9.76 10.40 12.18 15.19 15.71 14.01 8.73 5.37 3.77 3.01 1.53 3.37 3.07 0.97 0.96 0.88 0.22 0.00 0.34 2.39 3.44 3.07 1.29 0.00 0.00 0.00 0.00 0.25 1.19 2.01
5.55 6.72 5.33 6.72 7.66 8.32 6.79 7.88 8.83 10.15 8.32 5.26 3.80 2.92 2.70 1.83 1.39 1.61 1.61 2.12 1.97 1.24 1.90 1.39 1.68 1.61 1.61 1.39 1.61 2.04 1.61 1.46 1.46 2.19 2.70 2.56 3.80 2.63 1.53 3.43 1.31 0.51 1.46 1.46 1.68 1.61 2.70 3.72 4.74 6.69 8.88 10.63 10.10 10.09 9.17 7.54 8.41 8.76 12.21 16.03 17.92 16.04 8.26 4.52 3.80 5.55 5.43 2.63 2.59 1.17 0.15 0.80 0.09 1.89 3.34 3.87 1.84 0.60 0.00 0.00 0.00 0.00 0.82 1.83
5.69 6.35 5.26 4.74 4.96 6.28 5.99 7.81 8.40 11.10 9.49 6.57 4.96 3.94 3.80 4.23 3.80 2.48 2.48 1.83 1.46 2.19 1.83 1.68 1.39 0.58 0.51 0.29 1.10 1.97 2.56 1.46 0.44 0.66 2.26 2.41 3.14 3.72 3.14 0.00 0.00 0.29 0.00 0.00 0.07 0.95 1.02 2.06 3.97 4.89 8.78 9.21 10.36 10.93 9.90 8.74 6.36 6.74 9.09 10.39 16.17 21.38 18.10 12.48 4.82 7.90 6.56 3.37 3.75 1.36 0.00 0.09 0.00 1.26 3.82 4.28 1.46 0.44 0.00 0.00 0.00 0.00 1.57 2.10
3.80 5.33 5.11 3.72 4.38 5.26 5.26 5.21 6.57 8.61 8.47 6.79 5.55 5.55 6.42 7.30 5.48 3.80 3.80 2.56 2.19 2.63 2.04 1.97 1.68 0.80 0.07 0.15 0.44 1.68 1.10 0.22 0.00 0.00 0.58 1.10 2.77 2.12 0.29 0.00 0.00 0.00 0.00 0.00 0.00 0.66 0.29 1.69 4.16 6.59 8.19 9.46 10.16 9.34 9.39 9.49 6.14 5.76 6.55 7.46 12.97 18.31 22.89 21.24 5.18 9.81 6.98 6.12 5.90 3.32 0.55 0.47 0.00 1.08 3.82 3.37 1.70 0.92 0.39 0.00 0.00 0.55 1.61 0.85
0.00 2.70 2.56 1.90 0.00 3.43 3.58 4.31 6.28 7.08 6.94 6.13 5.40 6.79 8.32 8.40 7.08 5.48 5.48 4.23 4.09 3.80 2.41 2.26 1.46 0.22 0.00 0.00 0.00 0.44 0.29 0.00 0.00 0.00 0.00 0.00 0.00 0.07 0.00 0.00 0.00 0.00 0.00 0.00 0.00 0.00 0.29 1.31 4.09 7.30 9.56 8.56 7.18 6.96 7.44 8.12 6.40 5.08 7.24 9.22 8.40 13.75 21.12 25.69 21.42 15.73 12.14 9.65 9.71 6.32 3.65 0.81 0.80 1.90 1.99 1.39 1.34 0.73 0.66 0.00 0.00 0.74 0.63 1.95
0.00 0.00 0.00 0.00 0.00 4.23 3.87 3.87 4.16 3.50 3.50 4.38 4.53 6.20 7.23 7.37 8.10 6.42 6.42 5.40 5.04 4.31 2.34 1.24 0.44 0.00 0.00 0.00 0.00 0.00 0.00 0.00 0.00 0.00 0.00 0.15 0.00 0.00 0.00 0.00 0.00 0.00 0.00 0.00 0.00 0.00 0.00 0.66 3.04 5.72 9.07 8.74 11.13 8.41 5.97 5.94 6.54 0.00 0.00 7.04 9.26 11.68 13.95 21.30 21.26 19.95 17.87 12.40 14.51 8.57 6.84 3.57 1.17 0.00 0.25 0.92 0.41 0.80 0.23 0.00 0.17 0.23 1.95 2.75
0.00 0.00 0.00 0.00 0.00 3.80 3.58 4.45 4.60 3.43 3.36 3.43 3.80 4.16 4.67 5.62 7.08 6.86 6.86 6.13 5.55 4.38 2.34 1.17 0.15 0.00 0.00 0.00 0.00 0.00 0.00 0.00 0.00 0.00 0.00 0.00 0.00 0.00 0.00 0.00 0.00 0.00 0.00 0.00 0.00 0.00 0.00 0.15 1.01 4.03 8.06 8.41 5.84 6.49 0.00 0.00 0.00 0.00 0.00 8.92 10.63 8.57 11.39 17.24 17.95 22.40 23.82 15.17 16.99 13.19 9.70 5.46 2.73 0.53 0.00 0.00 0.00 0.15 0.00 0.19 0.00 2.23 3.87 2.21
0.00 0.00 0.00 0.00 0.00 0.00 2.04 3.36 4.09 3.72 3.72 3.80 4.53 3.29 4.31 5.56 6.93 6.72 6.72 7.81 7.66 5.04 2.19 1.46 1.17 0.37 0.00 0.00 0.00 0.00 0.00 0.00 0.29 0.00 0.00 0.00 0.00 0.00 0.00 0.00 0.00 0.00 0.00 0.00 0.00 0.00 0.00 0.82 2.90 6.41 7.70 8.38 7.85 0.00 0.00 0.00 0.00 0.00 0.00 0.00 6.26 12.34 9.70 11.44 16.25 22.32 27.04 18.80 19.21 14.51 11.66 5.69 5.72 1.77 0.00 0.00 0.55 0.61 0.00 0.00 0.00 1.48 2.76 2.76
0.00 0.00 0.00 0.00 0.00 0.00 0.00 0.00 4.02 3.87 3.72 5.11 5.48 4.60 5.91 5.94 7.01 6.70 6.25 7.74 9.34 5.77 2.41 1.90 1.68 1.61 1.10 0.00 0.00 0.00 0.00 0.00 0.00 0.00 0.00 0.00 0.00 0.00 0.00 0.00 0.29 0.37 0.00 0.00 0.00 0.00 0.00 1.47 5.38 7.97 10.10 11.16 7.30 0.00 0.00 0.00 0.00 0.00 0.00 0.00 0.00 9.70 9.95 7.30 13.89 21.63 21.17 22.80 27.86 19.77 10.71 6.44 8.02 2.67 1.46 0.92 1.36 1.40 0.00 0.00 0.00 0.00 1.85 1.88
0.00 0.00 0.00 0.00 0.00 0.00 0.00 0.00 0.00 0.00 0.00 0.00 0.00 0.00 2.34 2.19 2.77 3.67 3.73 4.89 5.84 5.18 4.67 3.14 2.19 3.29 4.02 2.77 0.00 0.00 0.00 0.00 0.00 1.90 1.68 3.43 4.74 4.89 2.99 2.71 5.72 7.74 9.49 9.49 10.44 6.50 4.89 3.96 4.87 0.00 0.00 0.00 0.00 0.00 0.00 0.00 0.00 0.00 0.00 0.00 0.00 0.00 0.00 8.01 11.40 10.07 13.34 9.90 11.07 10.54 9.20 6.88 7.26 5.37 1.02 1.42 1.79 1.73 1.10 0.00 0.00 0.00 0.00 0.00
0.00 0.00 0.00 0.00 0.00 0.00 0.00 0.00 0.00 0.00 0.00 0.00 0.00 0.00 0.00 0.00 0.00 0.00 0.00 1.97 3.55 4.16 3.94 4.09 3.72 4.81 4.64 4.09 3.07 3.07 5.04 5.55 5.11 4.16 2.48 4.60 6.50 6.64 7.08 7.23 6.38 8.54 10.66 11.91 15.18 14.09 8.47 6.66 6.74 0.00 0.00 0.00 0.00 0.00 0.00 0.00 0.00 0.00 0.00 0.00 0.00 0.00 0.00 0.00 0.00 7.16 8.85 4.96 4.96 6.60 6.01 6.23 5.77 3.98 0.00 0.00 1.40 0.00 0.00 0.00 0.00 0.00 0.00 0.00
0.00 0.00 0.00 0.00 0.00 0.00 0.00 0.00 0.00 0.00 0.00 0.00 0.00 0.00 0.00 0.00 0.00 0.00 0.00 0.00 0.00 2.56 3.14 3.43 3.43 3.67 3.87 4.96 4.09 5.04 5.33 5.69 6.30 4.82 2.77 2.04 4.82 7.30 7.66 5.48 3.24 4.60 7.87 9.99 13.56 15.68 11.81 8.83 5.87 0.00 0.00 0.00 0.00 0.00 0.00 0.00 0.00 0.00 0.00 0.00 0.00 0.00 0.00 0.00 0.00 0.00 0.00 0.00 0.00 0.00 0.00 0.00 0.00 0.00 0.00 0.00 0.00 0.00 0.00 0.00 0.00 0.00 0.00 0.00
0.00 0.00 0.00 0.00 0.00 0.00 0.00 0.00 0.00 0.00 0.00 0.00 0.00 0.00 0.00 0.00 0.00 0.00 0.00 0.00 0.00 0.00 0.00 0.00 2.56 1.61 0.00 2.26 3.07 3.87 2.77 4.67 7.02 3.80 3.21 0.00 0.00 2.63 2.04 0.00 0.00 0.00 0.00 0.00 6.38 10.71 11.34 7.74 0.00 0.00 0.00 0.00 0.00 0.00 0.00 0.00 0.00 0.00 0.00 0.00 0.00 0.00 0.00 0.00 0.00 0.00 0.00 0.00 0.00 0.00 0.00 0.00 0.00 0.00 0.00 0.00 0.00 0.00 0.00 0.00 0.00 0.00 0.00 0.00
