Wansh/Snow_depth/snowdepth-1988/winter/1989022.txt
ncols 321
nrows 161
xllcenter 60
yllcenter 15 
cellsize  0.25 
NODATA_value -1
[rows 0 to 36 of 161, columns 0 to 83 of 321]
9.86 9.86 10.37 13.51 13.87 11.90 11.61 12.26 13.51 14.38 14.09 13.80 14.16 15.40 15.48 15.40 15.26 14.82 13.29 12.48 12.63 13.07 13.80 13.94 13.80 13.58 13.58 13.21 12.48 11.68 10.51 9.78 9.42 9.49 10.66 11.32 12.34 13.21 13.87 13.87 13.51 13.14 12.26 11.46 10.29 10.00 10.22 10.95 10.88 10.29 9.64 9.64 8.91 7.88 8.54 8.98 8.76 9.05 7.81 6.50 4.96 4.89 5.11 7.15 7.74 8.61 8.40 8.25 9.13 7.30 7.01 8.10 8.61 7.52 8.25 9.49 9.49 9.49 9.49 9.34 9.56 9.64 10.80 11.39
14.24 14.24 14.31 14.31 13.94 13.72 13.58 13.36 14.31 13.94 12.99 12.85 13.51 12.99 12.63 12.12 12.12 12.05 12.12 11.68 11.53 11.90 12.63 12.41 11.97 11.75 11.75 12.05 11.53 11.10 11.10 10.95 10.07 9.64 9.56 10.15 11.53 12.70 12.56 11.39 10.80 9.93 8.83 8.18 7.88 7.88 7.74 7.96 8.76 9.27 9.49 9.49 10.00 8.61 7.52 6.64 6.28 5.11 3.94 3.21 3.07 2.85 3.58 4.45 5.40 6.50 6.86 5.62 4.96 5.04 0.00 5.33 5.48 6.64 6.79 8.10 8.10 7.59 8.18 8.03 8.03 8.32 8.98 9.93
15.77 15.77 14.67 14.16 13.87 14.02 14.24 13.87 14.02 13.43 12.19 12.12 11.75 10.88 10.59 10.29 10.44 10.59 10.07 9.20 9.64 10.22 9.93 9.56 9.34 10.51 10.51 10.66 10.37 10.44 10.66 10.07 9.86 9.05 8.91 9.42 9.93 10.22 10.00 9.20 7.88 6.79 6.57 6.50 6.72 6.57 6.50 6.94 6.28 5.91 7.01 7.01 7.08 6.79 5.62 3.94 2.12 1.83 2.92 3.80 4.23 4.89 6.28 8.03 8.47 7.96 7.59 7.59 6.79 7.37 7.23 6.86 5.62 5.62 5.91 5.77 5.77 5.55 7.66 7.45 7.37 7.37 7.52 7.74
15.77 15.77 14.67 14.16 13.87 14.02 14.24 13.87 14.02 13.43 12.19 12.12 11.75 10.88 10.59 10.29 10.44 10.59 10.07 9.20 9.64 10.22 9.93 9.56 9.34 10.51 10.51 10.66 10.37 10.44 10.66 10.07 9.86 9.05 8.91 9.42 9.93 10.22 10.00 9.20 7.88 6.79 6.57 6.50 6.72 6.57 6.50 6.94 6.28 5.91 7.01 7.01 7.08 6.79 5.62 3.94 2.12 1.83 2.92 3.80 4.23 4.89 6.28 8.03 8.47 7.96 7.59 7.59 6.79 7.37 7.23 6.86 5.62 5.62 5.91 5.77 5.77 5.55 7.66 7.45 7.37 7.37 7.52 7.74
14.53 14.53 12.99 11.97 11.39 12.34 13.14 13.51 13.80 13.21 11.97 11.32 10.15 9.42 9.64 9.05 8.47 7.66 7.52 8.10 8.47 8.25 8.10 7.74 7.37 8.61 8.61 9.34 8.98 9.34 9.42 9.49 9.27 8.25 7.88 6.79 6.42 6.13 6.50 6.13 5.33 4.74 4.38 4.89 5.62 6.20 5.33 4.74 4.82 4.09 2.26 2.26 0.80 0.00 1.53 2.04 3.07 1.75 2.34 4.16 5.55 7.01 8.10 8.69 8.47 7.08 6.42 6.64 7.23 7.01 7.01 6.86 6.86 6.28 0.00 5.40 5.40 5.69 0.00 7.30 6.64 6.64 6.13 5.77
12.63 12.63 11.02 10.51 11.02 12.56 13.87 14.09 13.29 12.78 12.19 11.61 10.37 10.07 10.00 9.34 8.69 8.76 9.20 9.49 9.86 9.56 8.47 7.74 7.66 7.74 7.74 7.23 6.79 7.30 7.81 8.69 8.54 7.08 5.62 5.33 5.11 5.04 4.31 3.80 3.21 2.92 2.99 2.99 3.65 3.72 4.16 4.45 3.72 3.50 2.85 2.85 0.95 0.00 0.00 0.73 1.83 3.29 4.09 5.11 6.64 6.06 6.20 6.94 6.72 5.48 5.18 4.60 4.31 0.00 0.00 0.00 5.26 5.62 0.00 5.33 5.33 5.99 0.00 5.11 6.79 7.30 5.69 5.33
11.32 11.32 11.61 11.97 12.56 12.99 14.02 14.24 13.29 12.70 12.19 11.39 10.95 10.51 9.78 9.42 9.42 9.64 9.71 9.78 9.78 9.13 7.81 7.88 8.40 9.20 9.20 8.18 6.42 6.57 7.08 7.74 6.94 5.84 5.69 5.84 5.40 4.53 4.09 3.43 2.19 2.48 2.70 3.14 3.58 4.31 4.45 3.21 2.70 3.29 3.14 3.14 1.97 1.68 1.90 1.24 1.31 2.70 3.94 4.60 4.96 6.50 5.62 4.89 5.11 4.67 4.45 4.60 5.04 0.00 0.00 0.00 0.00 0.00 0.00 0.00 0.00 0.00 4.96 0.00 0.00 7.30 6.42 6.50
11.32 11.32 11.61 11.97 12.56 12.99 14.02 14.24 13.29 12.70 12.19 11.39 10.95 10.51 9.78 9.42 9.42 9.64 9.71 9.78 9.78 9.13 7.81 7.88 8.40 9.20 9.20 8.18 6.42 6.57 7.08 7.74 6.94 5.84 5.69 5.84 5.40 4.53 4.09 3.43 2.19 2.48 2.70 3.14 3.58 4.31 4.45 3.21 2.70 3.29 3.14 3.14 1.97 1.68 1.90 1.24 1.31 2.70 3.94 4.60 4.96 6.50 5.62 4.89 5.11 4.67 4.45 4.60 5.04 0.00 0.00 0.00 0.00 0.00 0.00 0.00 0.00 0.00 4.96 0.00 0.00 7.30 6.42 6.50
10.88 10.88 11.90 12.19 12.99 12.48 12.34 12.19 12.05 11.17 10.22 10.22 9.56 9.27 9.93 10.15 9.93 10.15 10.37 10.07 8.76 8.32 8.18 8.47 8.83 8.54 8.54 6.57 6.13 6.06 6.35 6.13 4.96 4.53 4.60 4.74 4.38 4.45 5.11 5.18 3.80 2.92 3.21 4.31 4.53 4.82 4.09 3.58 3.65 3.65 3.94 3.94 3.87 3.87 3.29 3.07 2.85 2.48 3.94 4.45 5.04 5.11 5.26 5.48 4.23 0.00 0.00 0.00 0.00 0.00 0.00 0.00 0.00 0.00 0.00 0.00 0.00 0.00 5.55 0.00 0.00 0.00 0.00 6.35
11.97 11.97 12.92 12.41 12.63 10.66 10.22 10.29 9.34 8.91 8.18 7.66 8.10 9.86 10.66 10.66 10.44 10.51 10.00 8.32 7.30 7.45 8.10 8.10 7.59 7.59 7.59 6.42 5.69 5.99 5.62 5.48 4.82 4.89 4.96 5.26 4.89 4.89 5.84 6.50 5.11 4.67 5.11 6.42 7.30 6.20 4.96 5.18 4.89 5.26 4.89 4.89 5.40 4.53 3.43 3.72 3.72 4.67 5.18 5.26 5.48 5.48 6.28 6.64 0.00 0.00 0.00 0.00 0.00 0.00 0.00 0.00 0.00 0.00 0.00 0.00 0.00 0.00 0.00 0.00 0.00 0.00 0.00 0.00
11.53 11.53 12.12 12.48 11.53 8.83 8.40 8.69 7.88 7.96 7.81 8.10 8.18 9.56 10.44 10.00 9.27 9.71 9.34 7.88 7.01 6.50 7.15 7.45 6.72 6.06 6.06 5.84 6.06 5.40 5.18 4.60 4.53 5.11 5.33 5.84 6.13 4.89 5.18 6.06 6.72 6.28 6.50 7.30 8.40 9.13 9.05 8.83 7.88 7.08 6.06 6.06 6.42 5.99 5.11 0.00 0.00 0.00 5.40 5.84 6.35 5.48 4.89 0.00 0.00 0.00 0.00 0.00 0.00 0.00 0.00 0.00 0.00 0.00 0.00 0.00 0.00 0.00 0.00 0.00 0.00 0.00 0.00 0.00
11.53 11.53 12.12 12.48 11.53 8.83 8.40 8.69 7.88 7.96 7.81 8.10 8.18 9.56 10.44 10.00 9.27 9.71 9.34 7.88 7.01 6.50 7.15 7.45 6.72 6.06 6.06 5.84 6.06 5.40 5.18 4.60 4.53 5.11 5.33 5.84 6.13 4.89 5.18 6.06 6.72 6.28 6.50 7.30 8.40 9.13 9.05 8.83 7.88 7.08 6.06 6.06 6.42 5.99 5.11 0.00 0.00 0.00 5.40 5.84 6.35 5.48 4.89 0.00 0.00 0.00 0.00 0.00 0.00 0.00 0.00 0.00 0.00 0.00 0.00 0.00 0.00 0.00 0.00 0.00 0.00 0.00 0.00 0.00
11.46 11.46 11.17 10.88 10.29 8.98 8.18 7.66 8.10 8.10 8.18 9.05 8.83 8.83 8.98 8.61 8.91 9.42 9.27 8.69 7.30 6.28 6.35 5.99 5.91 6.28 6.28 6.06 5.04 5.26 5.26 5.11 5.69 5.69 6.13 6.57 6.06 5.33 4.82 6.13 7.23 8.54 8.03 7.74 8.54 8.83 9.05 8.91 8.83 8.18 7.37 7.37 0.00 0.00 0.00 0.00 4.23 2.99 0.00 0.00 0.00 0.00 0.00 0.00 0.00 0.00 0.00 0.00 0.00 0.00 0.00 0.00 0.00 3.14 3.07 3.65 3.65 0.00 0.00 0.00 0.00 6.28 6.42 6.20
10.15 10.15 10.37 10.80 10.66 10.00 8.61 7.15 6.86 6.79 8.47 8.98 9.20 9.20 8.69 8.69 9.64 10.00 8.98 7.88 6.42 5.77 5.69 5.84 6.50 7.45 7.45 6.64 5.99 5.69 5.99 5.84 5.48 5.77 6.35 6.94 7.23 6.86 6.13 6.42 8.10 8.40 7.59 7.52 7.96 8.54 7.88 7.30 6.64 5.91 0.00 0.00 0.00 0.00 0.00 0.00 2.48 1.02 0.29 0.95 0.00 0.00 0.00 0.00 0.00 0.00 0.00 0.00 0.00 0.00 0.00 0.00 0.00 0.00 3.43 3.50 3.50 5.04 4.96 6.50 7.01 5.99 5.99 5.11
9.78 9.78 10.51 11.39 11.24 10.59 9.05 6.42 6.35 6.72 7.88 7.59 8.61 8.91 9.64 10.37 10.66 10.00 8.83 8.10 7.88 6.79 5.69 6.20 7.15 8.32 8.32 7.74 5.69 4.45 4.60 4.60 5.11 5.84 6.28 6.79 8.25 8.40 8.25 8.54 8.61 8.25 7.23 7.52 8.61 8.03 7.01 5.91 5.11 0.00 0.00 0.00 0.00 0.00 0.00 0.00 2.34 2.41 2.48 0.00 0.00 0.00 0.00 0.00 0.00 0.00 0.00 0.00 0.00 0.00 0.00 0.00 0.00 0.00 0.00 0.00 0.00 0.00 5.26 5.62 0.00 4.23 4.67 5.33
9.71 9.71 11.02 11.97 11.75 9.71 7.66 6.20 7.15 8.18 8.83 9.34 9.34 8.98 9.05 8.32 8.40 8.32 0.00 8.69 8.03 7.08 6.06 6.50 5.91 6.64 6.64 6.86 5.77 4.53 5.04 5.26 5.77 5.69 5.62 6.13 6.79 7.01 8.03 8.32 7.96 8.25 8.10 7.52 7.81 7.30 6.64 5.77 4.74 4.02 3.94 3.94 3.80 3.72 3.58 0.00 0.00 0.00 0.00 0.00 0.00 0.00 0.00 0.00 0.00 0.00 0.00 0.00 0.00 0.00 0.00 0.00 0.00 0.00 0.00 3.58 3.58 4.45 4.53 4.82 4.74 4.38 4.45 5.33
9.71 9.71 11.02 11.97 11.75 9.71 7.66 6.20 7.15 8.18 8.83 9.34 9.34 8.98 9.05 8.32 8.40 8.32 0.00 8.69 8.03 7.08 6.06 6.50 5.91 6.64 6.64 6.86 5.77 4.53 5.04 5.26 5.77 5.69 5.62 6.13 6.79 7.01 8.03 8.32 7.96 8.25 8.10 7.52 7.81 7.30 6.64 5.77 4.74 4.02 3.94 3.94 3.80 3.72 3.58 0.00 0.00 0.00 0.00 0.00 0.00 0.00 0.00 0.00 0.00 0.00 0.00 0.00 0.00 0.00 0.00 0.00 0.00 0.00 0.00 3.58 3.58 4.45 4.53 4.82 4.74 4.38 4.45 5.33
10.22 10.22 10.66 10.07 6.94 6.13 5.69 6.79 8.83 10.59 11.53 10.73 10.07 9.34 8.32 8.18 8.47 7.52 7.37 6.86 6.94 7.30 7.08 6.86 6.72 6.94 6.94 5.91 4.82 4.89 5.69 6.35 6.86 6.42 7.01 6.86 6.50 6.28 6.64 6.64 7.08 7.74 7.23 6.13 5.18 0.00 4.45 4.89 4.82 4.96 5.48 5.48 5.69 5.18 0.00 0.00 0.00 0.00 0.00 0.00 0.00 0.00 1.31 1.10 1.02 0.95 0.80 0.73 0.07 0.07 0.44 1.31 1.75 0.00 0.00 3.50 3.50 4.31 4.89 4.74 4.02 0.00 4.38 4.60
10.00 10.00 7.81 6.50 4.96 5.62 6.42 9.27 10.51 10.66 0.00 10.22 0.00 9.13 7.45 7.30 6.94 6.13 5.55 6.06 7.01 6.72 7.45 8.54 8.69 7.88 7.88 6.64 5.11 5.11 5.84 6.86 7.66 8.10 7.15 5.40 3.94 3.94 2.92 4.31 5.26 5.33 5.55 5.69 0.00 0.00 3.80 4.38 5.11 5.11 5.04 5.04 5.55 5.62 4.45 0.00 0.00 0.00 0.00 0.00 0.00 0.00 0.00 2.12 0.51 0.22 0.58 0.66 1.10 1.10 1.10 1.68 2.77 2.85 0.00 0.00 0.00 0.00 3.50 4.16 5.69 3.94 4.23 3.65
7.08 7.08 8.32 6.50 6.13 6.57 7.88 9.27 10.22 0.00 0.00 0.00 0.00 0.00 0.00 0.00 0.00 5.40 5.33 6.06 6.06 6.06 7.30 8.69 9.56 8.69 8.69 7.23 6.06 5.40 6.50 7.52 7.88 7.59 5.91 3.36 2.99 4.16 3.65 3.65 3.94 4.23 4.82 4.82 3.94 2.70 2.63 4.16 5.55 6.42 6.42 6.42 5.91 4.96 4.38 3.87 4.09 4.38 4.74 5.62 4.74 0.00 0.00 0.00 0.00 1.75 0.44 0.15 0.80 1.83 1.68 1.61 1.75 2.19 2.99 3.65 3.65 4.16 4.67 4.74 3.50 5.40 3.50 0.00
7.66 7.66 7.52 7.01 6.86 6.79 7.37 9.27 0.00 0.00 0.00 0.00 0.00 0.00 0.00 0.00 0.00 0.00 6.35 6.94 7.08 7.66 8.91 8.25 8.54 8.10 8.10 8.98 9.05 8.40 7.74 7.37 6.79 5.40 3.87 3.43 3.80 4.31 4.16 3.94 3.72 2.99 0.00 0.00 0.00 3.43 3.65 4.09 4.96 5.33 5.48 5.48 4.53 3.72 0.00 0.00 0.00 4.67 5.62 5.77 4.89 4.67 5.26 4.67 4.82 4.09 2.48 1.61 1.31 1.97 1.97 1.10 0.58 1.90 1.68 2.26 2.26 4.74 6.50 7.66 7.15 4.96 5.40 4.60
6.42 6.42 6.13 5.26 5.91 7.01 7.96 10.00 0.00 0.00 0.00 0.00 0.00 0.00 0.00 0.00 0.00 0.00 6.86 7.52 6.72 7.37 8.03 8.40 6.86 6.06 6.06 7.15 8.18 8.32 8.69 7.96 6.50 4.67 3.65 3.80 4.45 4.45 3.65 0.00 0.00 0.00 0.00 0.00 0.00 3.29 3.21 3.80 4.74 4.67 4.23 4.23 0.00 4.02 4.60 4.89 4.74 0.00 0.00 4.67 4.74 0.00 0.00 0.00 4.09 4.23 3.43 3.50 3.29 2.48 1.97 2.19 2.70 1.83 3.21 4.45 4.45 5.04 6.20 7.66 8.47 6.42 7.45 6.79
6.42 6.42 6.13 5.26 5.91 7.01 7.96 10.00 0.00 0.00 0.00 0.00 0.00 0.00 0.00 0.00 0.00 0.00 6.86 7.52 6.72 7.37 8.03 8.40 6.86 6.06 6.06 7.15 8.18 8.32 8.69 7.96 6.50 4.67 3.65 3.80 4.45 4.45 3.65 0.00 0.00 0.00 0.00 0.00 0.00 3.29 3.21 3.80 4.74 4.67 4.23 4.23 0.00 4.02 4.60 4.89 4.74 0.00 0.00 4.67 4.74 0.00 0.00 0.00 4.09 4.23 3.43 3.50 3.29 2.48 1.97 2.19 2.70 1.83 3.21 4.45 4.45 5.04 6.20 7.66 8.47 6.42 7.45 6.79
6.50 6.50 6.20 6.13 5.40 7.01 7.96 0.00 0.00 0.00 0.00 0.00 0.00 0.00 0.00 0.00 0.00 5.69 5.69 6.28 6.20 7.59 7.81 7.45 6.42 5.40 5.40 6.20 8.10 8.47 8.47 8.76 8.03 6.13 4.67 4.23 3.87 3.58 4.02 4.09 4.23 4.31 4.53 4.23 3.43 3.72 4.16 4.67 5.33 5.04 4.96 4.96 5.40 5.91 6.79 8.25 7.37 5.91 5.18 4.16 4.02 4.16 5.40 5.99 5.33 4.45 4.67 5.48 4.53 3.21 3.87 3.72 3.72 3.36 3.50 4.60 4.60 5.18 6.20 7.96 9.13 7.74 8.47 7.74
6.79 6.79 6.06 5.62 6.72 3.80 7.59 0.00 0.00 0.00 0.00 0.00 0.00 0.00 0.00 0.00 5.48 5.69 6.28 6.20 6.64 6.94 5.84 5.84 4.82 4.67 4.67 5.69 7.08 8.03 9.20 9.34 8.61 6.42 4.89 3.80 3.50 4.02 4.60 5.55 7.01 6.86 6.13 5.99 6.20 5.55 5.26 5.40 6.06 5.84 6.79 6.79 7.01 7.45 8.40 9.64 9.34 8.10 6.94 7.15 7.59 7.23 7.74 7.23 8.40 8.47 8.25 8.47 9.78 8.18 7.81 8.10 7.74 7.15 5.84 4.82 4.82 4.96 6.72 7.88 9.42 9.56 8.10 8.54
8.54 8.54 8.25 7.88 8.83 8.54 4.96 0.00 0.00 0.00 0.00 0.00 0.00 0.00 0.00 2.92 4.60 5.18 5.69 5.91 7.66 6.13 3.72 0.00 0.00 0.00 0.00 5.18 6.86 8.83 8.91 9.34 8.32 6.13 4.74 3.87 4.38 4.67 5.18 6.42 6.79 6.42 6.06 5.84 6.13 5.84 5.55 5.99 6.28 6.35 7.59 7.59 9.34 9.49 10.15 10.29 10.66 11.10 11.53 11.61 10.80 11.02 12.26 12.85 12.05 10.73 12.05 12.41 12.05 12.05 12.19 12.63 14.09 13.87 13.14 12.26 12.26 9.71 7.81 8.47 10.51 10.88 9.27 9.56
8.47 8.47 8.03 7.81 8.03 7.88 0.00 0.00 0.00 0.00 0.00 0.00 0.00 0.00 0.00 3.21 5.18 6.20 6.50 6.42 5.84 4.09 0.00 0.00 0.00 2.99 2.99 5.48 7.59 8.69 8.61 8.25 6.94 5.91 5.04 4.31 4.96 4.74 4.53 5.04 5.11 5.55 5.91 5.48 5.04 4.60 4.16 3.80 3.87 4.89 7.23 7.23 9.34 11.68 12.99 12.92 12.05 11.39 12.70 14.24 14.45 13.72 13.36 14.02 14.67 15.04 14.24 13.87 13.07 13.36 14.45 15.33 17.23 17.81 17.37 16.64 16.64 14.97 11.53 9.93 11.46 13.36 12.05 10.44
0.00 0.00 0.00 5.99 7.30 6.94 5.26 2.41 0.00 0.00 0.00 0.00 0.00 0.00 0.00 4.89 5.11 6.50 6.50 5.62 0.00 0.00 0.00 0.00 0.00 4.89 4.89 8.25 8.91 8.25 7.45 6.13 5.99 6.35 5.99 5.33 4.60 4.67 4.53 3.72 3.72 4.09 4.60 4.82 4.60 3.94 3.07 3.80 5.33 7.01 7.74 7.74 9.34 10.88 12.41 13.80 14.31 13.87 13.36 13.72 13.80 13.58 14.16 15.11 15.70 15.77 15.40 14.38 13.94 13.65 15.26 16.13 17.67 18.91 18.61 17.74 17.74 16.86 15.04 12.78 12.05 13.72 17.08 16.35
0.00 0.00 0.00 5.99 7.30 6.94 5.26 2.41 0.00 0.00 0.00 0.00 0.00 0.00 0.00 4.89 5.11 6.50 6.50 5.62 0.00 0.00 0.00 0.00 0.00 4.89 4.89 8.25 8.91 8.25 7.45 6.13 5.99 6.35 5.99 5.33 4.60 4.67 4.53 3.72 3.72 4.09 4.60 4.82 4.60 3.94 3.07 3.80 5.33 7.01 7.74 7.74 9.34 10.88 12.41 13.80 14.31 13.87 13.36 13.72 13.80 13.58 14.16 15.11 15.70 15.77 15.40 14.38 13.94 13.65 15.26 16.13 17.67 18.91 18.61 17.74 17.74 16.86 15.04 12.78 12.05 13.72 17.08 16.35
0.00 0.00 4.82 4.96 5.91 6.86 5.77 4.53 2.41 0.00 0.00 0.00 0.00 3.87 4.53 5.55 6.13 6.94 6.28 4.16 0.00 0.00 0.00 0.00 0.00 4.89 4.89 7.88 7.81 6.72 5.55 5.33 5.84 5.26 5.33 5.33 4.31 5.04 5.48 4.82 4.82 4.60 5.11 5.33 4.45 4.82 4.45 5.26 7.30 8.47 8.76 8.76 9.64 11.46 12.19 13.72 14.89 14.38 13.94 14.09 14.38 13.72 14.45 15.48 16.28 16.13 15.55 14.45 15.18 14.67 14.16 13.58 14.60 14.82 15.48 15.40 15.40 14.89 15.04 13.43 12.12 12.63 13.36 16.57
0.00 0.00 0.00 5.99 7.08 7.81 6.94 0.00 0.00 0.00 0.00 3.43 3.65 5.33 5.77 5.77 5.11 4.09 0.00 0.00 0.00 0.00 0.00 0.00 0.00 4.16 4.16 6.50 6.79 5.55 4.82 4.96 4.67 4.89 5.69 5.33 5.26 5.40 5.33 5.69 6.13 5.55 6.20 7.08 6.86 6.20 6.72 7.37 7.37 7.66 9.42 9.42 10.51 11.75 13.14 14.16 14.60 14.60 14.31 13.87 13.87 15.04 14.89 14.97 15.48 15.48 14.75 12.34 12.70 12.12 10.00 9.56 8.98 8.03 8.69 8.54 8.54 9.05 8.61 8.25 8.98 9.42 10.22 13.21
0.00 0.00 0.00 0.00 0.00 0.00 0.00 0.00 0.00 0.00 2.92 4.31 4.74 5.18 4.74 4.09 0.00 0.00 0.00 0.00 0.00 0.00 0.00 0.00 0.00 1.97 1.97 3.87 5.33 3.87 3.87 4.31 3.87 4.89 4.74 4.74 5.69 6.13 6.57 7.23 6.94 5.99 6.35 7.23 7.66 8.25 8.40 8.83 8.69 7.37 7.52 7.52 9.05 10.66 12.19 13.43 14.24 13.87 12.99 12.48 12.63 12.48 13.07 12.99 11.83 11.75 9.34 7.01 5.91 6.06 5.84 5.62 5.04 4.16 2.48 2.77 2.77 3.72 5.11 5.69 6.13 7.66 8.18 9.93
0.00 0.00 0.00 0.00 0.00 0.00 0.00 5.69 0.00 2.04 0.00 3.21 3.21 3.58 0.00 0.00 0.00 0.00 0.00 0.00 0.00 0.00 0.00 0.00 0.00 0.00 0.00 2.70 3.29 2.99 2.70 3.36 4.53 5.84 5.84 6.20 6.50 7.15 8.76 8.54 7.59 6.57 5.91 6.50 7.37 8.10 7.66 8.18 8.40 6.94 6.50 6.50 7.52 8.76 10.59 12.26 12.48 11.32 10.15 9.34 9.71 9.27 8.25 8.32 7.45 6.94 4.16 0.00 0.00 0.88 0.95 1.17 0.88 0.00 0.00 0.00 0.00 0.00 0.00 1.68 4.02 5.77 7.01 8.32
0.00 0.00 0.00 0.00 0.00 0.00 0.00 0.00 4.45 2.70 0.00 2.04 0.00 0.00 0.00 0.00 0.00 0.00 0.00 0.00 0.00 0.00 0.00 0.00 0.00 2.19 2.19 3.87 4.09 3.94 4.45 5.04 6.20 7.66 8.69 8.47 7.74 8.76 9.20 8.40 7.59 6.72 5.62 6.20 6.57 5.91 5.18 6.13 5.99 5.84 6.20 6.20 6.86 6.86 7.52 8.83 8.61 7.88 5.26 4.74 0.00 5.11 5.84 0.00 0.00 0.00 0.00 0.00 0.00 0.00 0.00 0.00 0.00 0.00 0.00 0.00 0.00 0.00 0.00 0.22 0.95 0.00 0.00 0.00
0.00 0.00 0.00 0.00 0.00 0.00 4.31 4.31 4.02 3.14 3.50 1.17 0.00 0.00 0.00 0.00 0.00 0.00 0.00 0.00 0.00 0.00 0.00 0.00 0.00 2.56 2.56 3.72 4.96 4.89 6.72 8.03 8.69 9.86 10.22 9.64 9.71 9.49 9.20 8.54 7.66 6.79 5.77 5.33 4.82 4.31 2.99 3.58 4.23 4.16 5.18 5.18 5.84 5.40 4.45 2.85 0.00 0.00 0.00 0.00 0.00 0.00 0.00 0.00 0.00 0.00 0.00 0.00 0.00 0.00 0.00 0.00 0.00 0.00 0.00 0.00 0.00 0.00 0.00 0.00 0.00 1.17 0.00 0.00
0.00 0.00 0.00 0.00 0.00 0.00 4.31 4.31 4.02 3.14 3.50 1.17 0.00 0.00 0.00 0.00 0.00 0.00 0.00 0.00 0.00 0.00 0.00 0.00 0.00 2.56 2.56 3.72 4.96 4.89 6.72 8.03 8.69 9.86 10.22 9.64 9.71 9.49 9.20 8.54 7.66 6.79 5.77 5.33 4.82 4.31 2.99 3.58 4.23 4.16 5.18 5.18 5.84 5.40 4.45 2.85 0.00 0.00 0.00 0.00 0.00 0.00 0.00 0.00 0.00 0.00 0.00 0.00 0.00 0.00 0.00 0.00 0.00 0.00 0.00 0.00 0.00 0.00 0.00 0.00 0.00 1.17 0.00 0.00
0.00 0.00 0.00 0.00 0.00 3.65 4.53 3.58 3.21 2.77 0.00 0.00 0.00 0.00 0.00 0.00 0.00 0.00 0.00 0.00 0.00 0.00 0.00 0.00 0.00 3.07 3.07 3.72 5.26 6.50 7.66 8.10 8.54 9.20 9.49 9.34 9.42 8.98 7.52 7.52 7.59 6.50 4.53 4.09 3.58 1.75 1.39 2.12 3.14 3.14 4.16 4.16 4.96 0.00 0.00 0.00 0.00 0.00 0.00 0.00 0.00 0.00 0.00 0.00 0.00 0.00 0.00 0.00 0.00 0.00 0.00 0.00 0.00 0.00 0.00 0.00 0.00 0.00 0.00 0.00 0.00 0.00 0.00 0.00
