Wansh/Snow_depth/snowdepth-1988/winter/1989026.txt
ncols 321
nrows 161
xllcenter 60
yllcenter 15 
cellsize  0.25 
NODATA_value -1
[rows 0 to 36 of 161, columns 0 to 83 of 321]
8.91 8.91 10.88 12.34 12.34 11.61 11.97 12.78 13.21 13.07 13.80 14.75 15.26 15.77 15.84 15.70 15.70 15.18 13.36 12.63 12.78 11.68 12.19 13.72 13.14 13.14 13.14 13.14 10.29 10.07 9.13 8.10 7.45 7.01 8.03 9.64 12.70 12.48 14.09 14.82 15.33 14.09 13.72 13.14 12.34 11.97 11.39 10.51 10.95 11.46 10.44 10.44 9.49 8.98 9.71 10.29 10.37 10.00 9.05 7.88 8.03 7.23 6.50 6.13 7.30 9.56 9.49 9.42 8.61 7.15 7.30 7.74 7.66 8.03 8.98 9.56 9.56 10.29 10.59 10.88 11.17 10.95 10.88 10.88
12.99 12.99 11.39 12.19 12.85 12.56 12.70 12.99 14.02 13.94 13.65 13.80 13.36 13.65 13.80 13.94 14.02 13.29 12.99 12.41 12.34 12.34 11.75 11.10 11.97 10.37 10.37 10.22 10.07 10.37 10.59 9.13 7.81 7.15 7.52 8.54 12.70 13.51 13.72 13.72 12.34 11.68 10.37 9.13 7.74 7.66 7.74 8.18 8.69 8.54 9.27 9.27 8.91 8.61 8.18 7.45 6.35 5.11 4.89 3.94 3.43 3.14 2.63 4.02 6.64 7.96 7.96 6.42 6.06 5.84 4.60 5.04 6.20 6.86 7.81 8.25 8.25 8.54 7.96 8.03 8.32 8.47 9.27 9.49
14.45 14.45 13.58 12.63 12.19 12.56 13.14 12.99 11.90 12.26 12.99 12.56 12.12 11.53 10.95 9.71 8.76 9.13 9.34 8.47 8.69 9.34 10.37 9.56 11.02 11.24 11.24 8.54 9.71 10.00 9.49 7.96 6.64 6.64 7.01 7.30 7.37 6.86 6.57 6.64 6.79 6.35 5.62 5.91 5.69 6.28 6.79 6.50 6.28 5.99 7.37 7.37 6.94 6.94 5.77 3.50 2.56 2.34 1.83 2.26 3.65 4.67 5.33 7.23 8.47 8.18 7.15 6.50 6.72 6.28 5.84 5.77 6.35 6.50 7.15 7.52 7.52 7.37 5.91 6.72 6.79 7.30 6.86 6.20
14.45 14.45 13.58 12.63 12.19 12.56 13.14 12.99 11.90 12.26 12.99 12.56 12.12 11.53 10.95 9.71 8.76 9.13 9.34 8.47 8.69 9.34 10.37 9.56 11.02 11.24 11.24 8.54 9.71 10.00 9.49 7.96 6.64 6.64 7.01 7.30 7.37 6.86 6.57 6.64 6.79 6.35 5.62 5.91 5.69 6.28 6.79 6.50 6.28 5.99 7.37 7.37 6.94 6.94 5.77 3.50 2.56 2.34 1.83 2.26 3.65 4.67 5.33 7.23 8.47 8.18 7.15 6.50 6.72 6.28 5.84 5.77 6.35 6.50 7.15 7.52 7.52 7.37 5.91 6.72 6.79 7.30 6.86 6.20
11.39 11.39 9.93 10.88 11.68 11.53 11.53 11.53 11.68 10.51 10.73 10.59 10.00 9.34 8.54 8.76 7.96 7.30 8.18 7.96 7.08 7.52 7.96 9.13 9.71 9.56 9.56 9.86 8.83 8.47 7.08 6.42 6.57 6.79 5.99 5.48 5.91 4.74 4.02 4.31 4.53 5.26 4.74 4.82 4.60 4.89 4.67 4.45 4.67 4.38 7.15 7.15 6.86 6.79 5.33 2.48 1.83 1.31 1.24 1.90 3.72 5.84 7.23 8.98 9.49 8.69 7.96 7.66 7.15 7.52 7.66 6.57 6.79 6.72 7.01 7.30 7.30 7.37 5.77 6.06 6.13 5.99 5.62 5.04
10.88 10.88 9.86 9.78 11.10 12.78 12.19 11.46 11.61 11.68 11.10 10.95 10.00 8.98 8.47 8.10 7.81 8.76 8.83 9.34 8.47 7.81 7.37 6.86 7.15 7.96 7.96 8.91 8.76 5.99 5.62 6.06 6.57 6.79 6.57 5.55 4.67 3.29 3.36 3.58 4.02 4.53 4.38 4.09 4.02 3.94 4.16 4.16 4.23 4.31 3.65 3.65 2.26 1.46 2.19 1.39 2.41 3.29 4.02 4.02 4.74 6.79 7.52 7.81 7.96 7.23 6.79 6.42 5.84 5.77 6.28 5.69 5.18 5.18 4.53 3.87 3.87 3.72 0.00 0.00 4.96 5.62 5.26 4.60
11.46 11.46 12.12 12.26 12.85 13.07 13.21 12.85 11.75 10.51 10.51 9.56 8.69 8.69 9.05 8.91 8.83 8.47 8.54 9.05 9.27 8.18 7.74 7.01 7.37 6.79 6.79 8.25 7.45 7.01 5.26 6.06 6.72 6.13 5.55 5.18 5.11 4.16 3.87 3.87 4.82 4.60 4.53 4.23 4.67 4.96 5.99 6.28 6.35 5.40 4.60 4.60 3.50 2.19 2.12 1.90 3.94 3.65 3.50 4.09 4.82 5.84 6.28 6.79 6.57 6.20 5.18 4.89 4.53 0.00 0.00 0.00 0.00 0.00 0.00 0.00 0.00 0.00 3.80 4.09 4.74 5.84 6.28 6.72
11.46 11.46 12.12 12.26 12.85 13.07 13.21 12.85 11.75 10.51 10.51 9.56 8.69 8.69 9.05 8.91 8.83 8.47 8.54 9.05 9.27 8.18 7.74 7.01 7.37 6.79 6.79 8.25 7.45 7.01 5.26 6.06 6.72 6.13 5.55 5.18 5.11 4.16 3.87 3.87 4.82 4.60 4.53 4.23 4.67 4.96 5.99 6.28 6.35 5.40 4.60 4.60 3.50 2.19 2.12 1.90 3.94 3.65 3.50 4.09 4.82 5.84 6.28 6.79 6.57 6.20 5.18 4.89 4.53 0.00 0.00 0.00 0.00 0.00 0.00 0.00 0.00 0.00 3.80 4.09 4.74 5.84 6.28 6.72
12.12 12.12 12.34 11.75 11.83 12.05 11.17 10.07 9.56 9.27 8.61 8.61 9.13 8.91 8.54 9.34 9.78 9.34 9.34 8.61 8.54 8.98 8.98 9.13 8.54 6.72 6.72 8.10 6.86 7.01 7.08 5.55 4.60 0.00 0.00 0.00 4.96 4.67 5.11 4.96 5.26 3.80 4.09 4.53 4.09 6.06 7.37 6.94 7.23 7.30 5.62 5.62 4.23 3.50 3.43 2.99 4.23 3.36 2.56 2.63 4.74 5.99 6.64 6.50 5.69 5.40 0.00 0.00 0.00 0.00 0.00 0.00 0.00 0.00 0.00 0.00 0.00 0.00 0.00 0.00 0.00 5.04 5.26 5.91
11.39 11.39 11.39 11.17 10.22 8.76 7.88 7.96 7.23 7.88 7.66 7.37 7.45 8.54 9.93 9.56 9.20 9.13 8.40 8.10 8.18 8.69 9.42 9.34 8.91 8.40 8.40 7.15 6.50 6.50 6.64 6.64 5.77 4.60 5.48 5.11 4.60 4.96 5.26 4.67 4.31 3.50 4.02 5.33 6.50 8.10 8.18 7.15 7.81 7.96 7.30 7.30 5.91 4.45 2.92 2.48 2.26 3.58 3.07 3.43 4.16 5.04 6.42 6.13 0.00 0.00 0.00 0.00 0.00 0.00 0.00 0.00 0.00 0.00 0.00 0.00 0.00 0.00 0.00 0.00 0.00 0.00 3.65 4.09
11.46 11.46 10.37 9.13 8.54 8.32 8.10 7.37 7.01 7.01 7.08 7.52 8.18 8.32 8.18 8.91 8.69 8.25 8.10 7.66 7.59 7.96 7.52 7.66 7.96 8.10 8.10 7.52 7.45 6.86 6.28 6.28 6.72 5.55 5.48 4.53 3.87 4.02 4.02 3.94 3.87 3.87 5.55 7.01 8.18 8.91 8.98 8.69 8.47 6.57 6.06 6.06 5.33 3.87 0.00 0.00 0.00 0.00 0.00 4.96 4.89 4.53 5.11 3.29 0.00 0.00 0.00 0.00 0.00 0.00 0.00 0.00 0.00 0.00 0.00 0.00 0.00 4.67 0.00 0.00 0.00 0.00 4.53 5.33
11.46 11.46 10.37 9.13 8.54 8.32 8.10 7.37 7.01 7.01 7.08 7.52 8.18 8.32 8.18 8.91 8.69 8.25 8.10 7.66 7.59 7.96 7.52 7.66 7.96 8.10 8.10 7.52 7.45 6.86 6.28 6.28 6.72 5.55 5.48 4.53 3.87 4.02 4.02 3.94 3.87 3.87 5.55 7.01 8.18 8.91 8.98 8.69 8.47 6.57 6.06 6.06 5.33 3.87 0.00 0.00 0.00 0.00 0.00 4.96 4.89 4.53 5.11 3.29 0.00 0.00 0.00 0.00 0.00 0.00 0.00 0.00 0.00 0.00 0.00 0.00 0.00 4.67 0.00 0.00 0.00 0.00 4.53 5.33
10.15 10.15 10.73 10.44 9.20 7.88 7.01 7.37 8.18 8.47 8.25 8.03 7.08 6.86 7.74 8.10 8.25 8.10 7.59 8.18 7.74 6.86 7.15 7.23 6.72 7.01 7.01 6.72 7.96 7.96 7.66 7.08 7.08 6.94 6.06 3.80 3.50 3.36 3.21 3.29 4.45 5.55 5.40 5.91 6.79 8.69 9.13 8.32 7.74 6.20 4.82 4.82 3.94 0.00 0.00 0.00 0.00 0.00 0.00 0.00 0.00 0.00 0.00 0.00 0.00 0.00 0.00 0.00 0.00 0.00 0.00 0.00 0.00 0.00 0.00 3.21 3.21 3.58 0.00 5.33 4.96 5.11 5.26 4.82
9.20 9.20 9.78 10.44 9.64 7.81 7.23 6.86 6.28 5.69 5.40 6.57 7.59 8.25 8.47 9.20 9.49 8.83 8.54 7.96 7.59 7.37 7.08 7.37 7.23 5.99 5.99 5.99 6.57 8.25 7.01 6.86 6.94 6.06 5.55 5.04 4.09 3.65 3.94 4.23 4.60 4.09 4.38 5.18 7.30 8.18 7.52 6.42 5.55 4.23 0.00 0.00 0.00 0.00 0.00 0.00 0.00 0.00 0.00 0.00 1.53 0.00 0.00 0.00 0.00 0.00 0.00 0.00 0.00 0.00 0.00 0.00 0.00 0.00 0.00 0.00 0.00 3.43 0.00 4.16 5.04 4.82 4.74 5.11
9.42 9.42 10.59 11.46 10.44 9.78 7.88 5.33 5.84 6.57 6.57 6.42 7.15 8.32 9.49 10.00 10.44 8.61 7.59 7.59 7.66 6.50 6.42 6.57 7.30 6.20 6.20 5.48 6.42 5.33 4.60 5.26 5.77 5.77 6.42 7.45 3.50 4.96 5.11 5.18 4.67 4.60 5.77 6.06 7.15 7.08 5.69 5.33 4.23 0.00 0.00 0.00 0.00 0.00 0.00 0.00 0.00 0.00 0.00 0.00 0.00 0.00 0.00 0.00 0.00 0.00 0.00 0.00 0.00 0.00 0.00 0.00 0.00 0.00 0.00 0.00 0.00 0.00 4.09 4.89 5.40 4.31 4.09 5.48
10.73 10.73 11.97 11.10 10.66 10.15 8.25 7.81 8.25 9.34 8.25 7.59 7.74 7.96 8.03 8.91 9.05 8.54 7.37 6.06 4.60 4.67 4.53 4.45 5.84 5.99 5.99 6.13 4.45 3.80 3.65 5.62 6.94 7.23 8.10 8.25 8.47 5.40 5.11 5.91 6.06 6.42 6.94 6.06 5.62 5.40 5.04 5.11 4.45 3.72 3.50 3.50 3.87 4.16 3.87 0.00 0.00 0.00 0.00 0.00 0.00 0.00 0.00 0.00 2.26 0.00 0.00 0.00 0.00 0.00 1.46 0.00 0.00 0.00 0.00 0.00 0.00 4.31 5.33 5.55 4.96 4.31 4.82 5.40
10.73 10.73 11.97 11.10 10.66 10.15 8.25 7.81 8.25 9.34 8.25 7.59 7.74 7.96 8.03 8.91 9.05 8.54 7.37 6.06 4.60 4.67 4.53 4.45 5.84 5.99 5.99 6.13 4.45 3.80 3.65 5.62 6.94 7.23 8.10 8.25 8.47 5.40 5.11 5.91 6.06 6.42 6.94 6.06 5.62 5.40 5.04 5.11 4.45 3.72 3.50 3.50 3.87 4.16 3.87 0.00 0.00 0.00 0.00 0.00 0.00 0.00 0.00 0.00 2.26 0.00 0.00 0.00 0.00 0.00 1.46 0.00 0.00 0.00 0.00 0.00 0.00 4.31 5.33 5.55 4.96 4.31 4.82 5.40
10.07 10.07 9.86 8.54 7.66 7.59 8.54 9.64 10.07 10.37 9.71 8.91 7.88 6.94 6.86 7.23 7.37 6.94 5.99 5.18 5.04 3.07 3.58 3.94 3.21 4.09 4.09 5.26 4.45 5.84 4.82 5.69 7.23 7.81 8.54 7.81 7.37 3.87 4.53 5.04 5.33 6.57 6.20 4.82 3.94 0.00 0.00 4.16 4.02 3.72 3.94 3.94 4.74 4.74 4.38 0.00 0.00 0.00 0.00 0.00 0.00 0.00 0.00 0.00 1.17 1.53 0.73 0.80 0.88 0.80 0.51 0.00 0.00 0.00 0.00 4.45 4.45 4.89 4.82 4.96 3.94 4.09 4.67 4.53
9.71 9.71 8.25 6.94 6.50 6.35 8.03 10.59 11.32 11.02 10.51 9.27 7.88 7.66 7.15 6.06 6.13 6.28 6.35 5.18 4.45 5.62 5.84 4.89 6.79 4.82 4.82 3.58 4.89 5.48 5.55 6.28 7.96 8.98 9.20 7.01 4.96 4.53 4.09 3.14 3.43 4.67 3.80 2.85 2.77 0.00 3.14 3.65 4.45 4.31 4.74 4.74 5.55 5.40 5.11 3.80 0.00 0.00 0.00 0.00 0.00 0.00 0.00 0.00 0.00 1.68 0.51 0.44 0.51 0.58 1.46 2.12 1.53 2.70 3.21 2.99 2.99 0.00 3.50 3.21 3.50 3.58 3.87 4.09
8.76 8.76 7.66 7.23 7.08 7.45 8.54 9.64 0.00 0.00 0.00 0.00 0.00 0.00 0.00 0.00 5.91 4.96 4.60 5.84 6.35 5.91 8.47 8.54 8.10 8.10 8.10 6.50 5.26 4.89 7.08 7.52 8.91 8.32 5.91 3.80 2.41 2.34 2.77 2.48 4.23 4.67 3.58 2.41 2.19 2.04 2.48 3.14 3.65 4.60 5.99 5.99 5.69 4.96 3.72 3.65 3.43 3.72 4.16 4.74 4.16 4.67 4.16 4.67 0.00 0.00 1.02 0.00 0.00 0.44 1.46 1.68 0.95 0.80 1.75 2.70 2.70 3.14 4.23 5.11 5.04 4.60 3.94 3.58
9.64 9.64 8.83 8.40 8.54 8.54 9.49 11.10 0.00 0.00 0.00 0.00 0.00 0.00 0.00 0.00 0.00 6.13 5.84 6.20 7.88 8.69 8.98 8.98 9.13 8.83 8.83 7.96 7.23 7.01 8.76 8.83 7.74 5.69 3.29 2.41 2.92 3.43 4.23 4.09 1.90 2.19 0.00 0.00 0.00 0.00 2.56 3.14 4.23 4.96 4.38 4.38 2.77 2.63 0.00 3.14 3.21 3.50 4.31 4.89 4.82 5.62 4.31 4.23 4.53 5.11 2.70 2.19 2.70 2.99 2.48 0.95 0.44 0.73 2.34 3.80 3.80 4.53 5.99 7.52 7.88 7.23 5.69 4.31
8.83 8.83 8.83 8.98 9.42 11.39 12.26 0.00 0.00 0.00 0.00 0.00 0.00 0.00 0.00 0.00 6.35 6.50 5.33 6.06 6.86 8.10 8.83 8.69 8.32 7.66 7.66 6.72 7.59 7.59 7.74 8.61 7.59 6.06 2.70 3.29 4.09 3.14 2.77 1.97 2.19 1.53 0.00 0.00 1.90 2.19 2.92 3.58 4.16 3.87 3.43 3.43 0.00 3.87 4.45 5.26 5.40 4.60 4.45 4.23 4.67 4.96 0.00 4.38 5.11 4.96 4.60 5.18 4.45 3.80 2.41 1.75 1.46 2.12 2.26 3.72 3.72 4.67 6.42 8.10 8.83 8.69 8.03 6.79
8.83 8.83 8.83 8.98 9.42 11.39 12.26 0.00 0.00 0.00 0.00 0.00 0.00 0.00 0.00 0.00 6.35 6.50 5.33 6.06 6.86 8.10 8.83 8.69 8.32 7.66 7.66 6.72 7.59 7.59 7.74 8.61 7.59 6.06 2.70 3.29 4.09 3.14 2.77 1.97 2.19 1.53 0.00 0.00 1.90 2.19 2.92 3.58 4.16 3.87 3.43 3.43 0.00 3.87 4.45 5.26 5.40 4.60 4.45 4.23 4.67 4.96 0.00 4.38 5.11 4.96 4.60 5.18 4.45 3.80 2.41 1.75 1.46 2.12 2.26 3.72 3.72 4.67 6.42 8.10 8.83 8.69 8.03 6.79
8.91 8.91 8.69 9.20 9.42 9.56 10.66 0.00 0.00 0.00 0.00 0.00 0.00 0.00 0.00 5.26 4.45 3.94 5.40 6.64 7.66 7.74 7.30 6.72 6.86 6.20 6.20 7.01 6.42 7.08 7.59 9.42 8.47 6.28 5.18 4.45 3.58 2.41 2.34 2.19 3.80 0.00 1.39 3.72 3.50 3.14 3.87 4.16 4.60 4.45 3.87 3.87 4.16 4.74 5.69 8.25 8.32 6.86 5.91 5.77 5.62 5.26 5.55 6.64 6.28 5.91 6.57 5.40 6.20 5.11 4.60 4.89 3.65 3.87 3.87 5.18 5.18 4.67 6.42 7.74 9.05 10.44 9.34 8.10
8.91 8.91 8.76 8.98 9.13 9.64 9.34 0.00 0.00 0.00 0.00 0.00 0.00 0.00 0.00 4.09 4.23 3.80 4.60 5.11 5.69 6.20 6.64 6.06 5.33 5.40 5.40 5.62 7.30 7.23 7.74 10.00 9.27 7.66 6.28 3.50 2.56 2.92 3.80 5.48 6.20 6.64 4.96 5.99 5.55 5.84 6.35 5.77 6.28 5.48 5.55 5.55 5.55 6.35 7.15 8.91 8.83 8.32 8.25 7.45 6.86 7.15 7.96 8.18 8.61 9.42 9.86 7.59 9.05 9.64 10.44 9.93 8.18 8.98 7.30 7.81 7.81 6.28 6.79 8.03 9.49 10.07 9.93 9.49
9.64 9.64 8.69 8.18 8.03 8.47 0.00 0.00 0.00 0.00 0.00 0.00 0.00 0.00 3.72 3.21 3.65 3.94 4.53 5.99 6.79 4.09 3.58 0.00 4.53 4.02 4.02 3.94 6.28 6.86 7.59 6.72 7.74 5.91 4.96 3.43 3.80 3.94 5.62 5.91 5.77 5.18 5.77 6.20 6.06 6.28 5.99 6.28 5.99 5.55 5.77 5.77 7.81 9.42 9.93 11.24 10.88 10.73 10.73 11.90 11.39 11.61 11.17 12.12 13.58 12.99 13.72 14.09 13.94 14.24 14.09 14.09 13.36 14.09 13.87 13.51 13.51 11.97 9.20 8.69 9.49 11.02 12.48 12.12
8.76 8.76 7.59 7.23 7.08 6.86 6.57 0.00 0.00 0.00 0.00 0.00 0.00 0.00 2.92 3.50 4.67 6.72 6.86 5.11 5.11 0.00 0.00 0.00 0.00 5.26 5.26 6.86 7.01 7.88 7.08 6.79 7.74 5.69 4.96 3.65 3.80 3.50 4.23 3.80 3.80 4.45 5.84 5.69 5.91 4.89 3.50 4.02 3.50 4.60 6.35 6.35 10.15 11.75 12.85 12.78 12.99 12.63 12.99 14.31 14.75 14.45 13.72 14.09 14.82 15.55 15.33 14.89 15.04 15.40 15.18 16.13 16.28 17.45 18.18 18.10 18.10 16.43 14.31 10.88 10.15 11.83 15.04 15.70
6.86 6.86 6.35 6.35 6.28 5.77 5.55 0.00 0.00 0.00 0.00 0.00 0.00 0.00 4.23 5.18 5.55 5.84 6.42 6.28 0.00 0.00 0.00 0.00 6.20 6.06 6.06 6.28 7.45 7.01 5.62 4.96 6.50 5.40 4.53 3.58 3.21 3.21 3.21 2.85 3.43 4.23 4.16 4.23 4.82 4.45 3.07 3.65 5.18 6.13 7.66 7.66 9.34 10.66 12.05 13.29 14.38 14.97 15.84 16.21 16.21 15.11 14.67 15.48 16.72 17.52 17.08 15.99 15.55 14.45 16.28 15.91 16.28 17.16 17.96 17.89 17.89 17.23 15.40 12.85 11.53 12.92 15.91 17.30
6.86 6.86 6.35 6.35 6.28 5.77 5.55 0.00 0.00 0.00 0.00 0.00 0.00 0.00 4.23 5.18 5.55 5.84 6.42 6.28 0.00 0.00 0.00 0.00 6.20 6.06 6.06 6.28 7.45 7.01 5.62 4.96 6.50 5.40 4.53 3.58 3.21 3.21 3.21 2.85 3.43 4.23 4.16 4.23 4.82 4.45 3.07 3.65 5.18 6.13 7.66 7.66 9.34 10.66 12.05 13.29 14.38 14.97 15.84 16.21 16.21 15.11 14.67 15.48 16.72 17.52 17.08 15.99 15.55 14.45 16.28 15.91 16.28 17.16 17.96 17.89 17.89 17.23 15.40 12.85 11.53 12.92 15.91 17.30
0.00 0.00 6.50 5.26 6.13 6.13 5.04 0.00 0.00 0.00 0.00 3.29 4.53 4.38 5.48 6.13 5.84 5.48 5.40 0.00 0.00 0.00 0.00 4.60 4.89 7.81 7.81 8.03 7.15 5.18 5.04 3.94 5.77 4.96 4.09 2.99 3.36 3.50 3.50 3.65 3.80 4.09 4.23 5.11 5.04 5.26 5.11 5.62 6.86 8.69 9.93 9.93 11.17 12.12 13.21 15.04 15.70 16.57 16.64 16.64 15.70 14.89 15.26 15.99 16.86 17.52 17.52 16.94 15.48 14.45 14.53 14.89 14.31 12.85 13.43 13.65 13.65 13.72 13.94 12.92 12.05 12.26 13.51 12.99
0.00 0.00 4.74 5.48 6.50 6.50 0.00 0.00 0.00 4.60 5.18 5.48 5.33 4.96 5.55 5.99 5.84 0.00 0.00 0.00 0.00 0.00 0.00 0.00 6.57 7.23 7.23 7.01 6.20 5.91 4.38 4.16 3.94 5.33 3.50 2.85 4.38 4.38 5.33 5.55 5.55 5.77 6.13 6.79 7.74 8.18 4.89 6.72 8.61 9.78 10.88 10.88 12.34 13.43 14.75 15.84 16.06 15.40 14.82 14.82 15.40 15.99 15.84 15.77 16.57 16.35 15.99 14.89 13.07 12.12 11.68 12.41 10.00 7.37 7.01 7.74 7.74 7.74 9.20 8.98 8.10 8.25 8.54 7.81
0.00 0.00 0.00 0.00 0.00 0.00 0.00 0.00 0.00 4.38 4.60 4.96 6.35 6.20 5.11 4.89 5.18 4.60 0.00 0.00 0.00 0.00 0.00 0.00 2.77 4.45 4.45 5.11 5.33 4.96 4.09 3.58 3.94 4.67 3.36 3.87 5.26 5.99 7.01 7.74 8.03 7.81 7.52 7.88 8.98 9.64 9.86 7.37 10.29 9.27 9.42 9.42 10.66 12.05 12.92 14.97 15.84 15.26 14.75 14.24 13.87 14.60 13.36 12.85 13.58 11.90 10.66 10.07 8.40 7.96 7.66 6.50 8.03 4.16 4.96 4.16 4.16 4.16 5.62 5.69 5.48 5.99 5.91 6.79
0.00 0.00 0.00 0.00 0.00 0.00 0.00 0.00 2.85 3.43 3.94 4.38 5.18 4.82 4.16 4.96 5.62 4.89 4.09 0.00 0.00 0.00 0.00 0.00 2.70 3.65 3.65 4.96 4.60 4.02 3.87 3.14 4.53 5.99 7.01 4.53 7.08 7.66 8.76 10.15 9.56 8.18 7.37 7.59 8.91 9.34 9.42 9.71 8.40 8.10 7.74 7.74 8.69 10.66 12.41 13.94 14.67 14.02 11.83 9.64 8.54 9.56 8.98 7.66 6.42 5.99 5.69 4.53 3.65 0.00 0.00 0.00 3.94 3.21 0.00 0.00 0.00 3.07 3.80 4.23 3.94 4.23 5.26 6.50
0.00 0.00 0.00 0.00 0.00 0.00 2.77 2.56 2.26 3.21 4.60 5.69 5.69 4.74 4.31 4.53 4.96 5.48 0.00 0.00 0.00 0.00 0.00 3.87 4.45 4.96 4.96 5.84 5.84 5.55 5.69 6.06 4.74 9.27 10.29 10.59 6.64 8.10 9.34 10.07 8.47 7.15 7.01 8.03 8.32 7.01 5.91 6.42 6.57 7.66 7.74 7.74 8.32 8.83 9.13 10.07 8.61 7.37 4.53 3.72 3.72 4.02 4.60 5.26 3.87 0.00 0.00 0.00 0.00 0.00 0.00 0.00 0.00 0.00 0.00 0.00 0.00 0.00 0.00 0.00 0.00 3.87 3.58 2.48
0.00 0.00 0.00 0.00 0.00 2.77 3.21 2.85 2.19 2.63 4.23 4.74 4.60 4.45 3.14 2.12 2.48 3.80 0.00 0.00 0.00 0.00 0.00 0.00 0.00 0.00 0.00 4.16 5.11 6.20 6.79 6.94 9.20 8.61 11.39 10.73 8.61 8.25 8.61 8.47 6.79 6.94 7.08 6.42 5.48 4.16 4.53 4.67 5.48 6.28 6.13 6.13 5.91 5.99 5.69 3.87 0.00 0.00 0.00 0.00 0.00 0.00 0.00 0.00 0.00 2.92 0.00 0.00 0.00 0.00 0.00 0.00 0.00 0.00 0.00 0.00 0.00 0.00 0.00 0.00 0.00 0.00 0.00 0.00
0.00 0.00 0.00 0.00 0.00 2.77 3.21 2.85 2.19 2.63 4.23 4.74 4.60 4.45 3.14 2.12 2.48 3.80 0.00 0.00 0.00 0.00 0.00 0.00 0.00 0.00 0.00 4.16 5.11 6.20 6.79 6.94 9.20 8.61 11.39 10.73 8.61 8.25 8.61 8.47 6.79 6.94 7.08 6.42 5.48 4.16 4.53 4.67 5.48 6.28 6.13 6.13 5.91 5.99 5.69 3.87 0.00 0.00 0.00 0.00 0.00 0.00 0.00 0.00 0.00 2.92 0.00 0.00 0.00 0.00 0.00 0.00 0.00 0.00 0.00 0.00 0.00 0.00 0.00 0.00 0.00 0.00 0.00 0.00
0.00 0.00 0.00 0.00 3.21 2.99 2.77 2.63 2.19 2.70 3.21 3.58 3.36 1.97 1.90 1.75 1.24 1.46 1.53 2.92 3.14 3.07 4.23 2.26 0.00 0.00 0.00 1.83 3.07 2.85 3.87 5.26 6.50 9.13 10.07 9.34 8.98 7.01 8.25 7.96 7.52 6.72 5.77 4.31 2.92 2.34 3.14 2.70 3.58 3.72 6.42 6.42 5.26 3.80 0.00 0.00 0.00 0.00 0.00 0.00 0.00 0.00 0.00 0.00 2.34 3.07 2.70 0.00 0.00 2.56 0.00 0.00 1.90 2.48 0.00 3.72 3.72 4.02 3.94 3.65 4.31 4.45 4.02 4.23
