Wansh/Snow_depth/snowdepth-1988/winter/1989009.txt
ncols 321
nrows 161
xllcenter 60
yllcenter 15 
cellsize  0.25 
NODATA_value -1
[rows 0 to 36 of 161, columns 0 to 83 of 321]
6.79 6.79 7.66 11.90 12.05 10.37 10.22 12.34 12.26 12.34 13.21 13.14 12.85 13.51 13.14 13.14 13.29 13.29 13.36 12.26 10.95 11.46 12.48 12.19 12.05 11.53 11.53 11.32 10.73 10.66 11.10 10.88 10.51 9.78 9.71 10.73 11.17 11.39 11.75 12.85 12.78 11.68 10.95 10.22 9.64 8.98 8.83 9.20 9.78 10.22 10.07 10.07 8.98 8.18 7.96 7.66 7.88 7.59 7.74 7.01 4.60 3.14 2.19 2.41 3.65 6.28 7.01 5.99 6.13 5.26 5.26 5.91 6.20 6.42 6.79 8.40 8.40 8.91 9.05 9.20 9.20 8.83 8.25 8.54
11.97 11.97 11.61 10.80 11.53 11.83 12.41 11.68 12.78 12.41 11.53 12.26 11.97 11.61 13.43 11.97 10.73 11.17 11.32 10.95 9.93 10.37 10.59 10.37 10.59 10.80 10.80 10.88 10.44 11.39 11.46 10.66 10.59 9.86 10.29 10.59 10.66 10.66 11.10 11.02 10.37 8.98 8.40 8.25 8.40 7.96 7.88 7.52 7.52 7.37 8.10 8.10 8.32 8.10 7.52 5.69 4.82 4.74 4.74 3.58 2.26 1.31 0.88 2.34 4.02 5.55 5.11 4.23 3.58 4.38 3.94 3.50 4.45 5.11 5.99 6.06 6.06 6.13 6.57 6.72 6.72 7.23 7.23 6.50
12.05 12.05 11.90 12.12 12.12 11.46 11.90 11.02 10.07 11.24 11.83 11.17 10.80 9.71 9.20 7.66 10.07 8.69 8.03 7.88 7.59 8.18 8.54 8.54 9.05 9.13 9.13 9.42 10.22 10.15 10.29 10.15 9.93 9.42 9.27 9.56 9.56 9.56 9.49 9.05 8.25 7.01 6.72 6.50 6.35 6.64 6.79 5.84 5.69 5.04 5.48 5.48 4.96 4.45 3.80 2.77 2.19 1.17 0.95 0.95 2.04 3.36 3.36 5.18 5.84 5.99 5.40 4.23 4.53 5.18 4.16 3.87 3.43 3.29 3.58 3.72 3.72 4.09 4.31 4.45 4.45 4.53 4.67 4.82
12.05 12.05 11.90 12.12 12.12 11.46 11.90 11.02 10.07 11.24 11.83 11.17 10.80 9.71 9.20 7.66 10.07 8.69 8.03 7.88 7.59 8.18 8.54 8.54 9.05 9.13 9.13 9.42 10.22 10.15 10.29 10.15 9.93 9.42 9.27 9.56 9.56 9.56 9.49 9.05 8.25 7.01 6.72 6.50 6.35 6.64 6.79 5.84 5.69 5.04 5.48 5.48 4.96 4.45 3.80 2.77 2.19 1.17 0.95 0.95 2.04 3.36 3.36 5.18 5.84 5.99 5.40 4.23 4.53 5.18 4.16 3.87 3.43 3.29 3.58 3.72 3.72 4.09 4.31 4.45 4.45 4.53 4.67 4.82
9.93 9.93 9.78 9.27 10.15 10.22 9.64 10.15 10.66 10.22 9.64 9.13 7.74 8.03 7.59 6.35 7.01 7.37 7.01 6.28 7.15 7.81 7.81 8.47 8.61 7.81 7.81 7.59 7.59 7.88 9.27 8.83 9.20 9.05 7.81 7.74 6.86 6.79 6.28 6.42 6.06 6.28 5.26 4.53 4.67 4.67 4.67 3.94 4.53 5.26 4.67 4.67 1.61 0.66 1.68 2.12 2.04 1.83 2.12 2.77 3.50 4.82 6.28 6.57 6.42 5.55 4.09 3.94 4.31 4.31 0.00 0.00 3.36 0.00 0.00 2.92 2.92 2.99 3.65 4.31 4.38 4.23 3.65 3.36
9.49 9.49 9.34 9.86 10.44 11.39 11.02 10.95 10.22 9.93 9.20 8.91 8.40 7.15 8.10 6.57 7.45 7.59 6.72 6.79 8.03 8.76 8.03 7.74 7.66 7.15 7.15 6.79 5.91 5.84 5.91 5.99 6.42 8.18 6.94 5.99 4.96 4.45 4.67 4.60 4.60 4.74 4.23 2.99 2.48 2.85 3.29 3.87 4.82 5.77 4.82 4.82 1.83 0.37 0.37 1.24 1.97 1.46 1.24 2.70 3.29 4.02 5.26 5.26 4.38 3.80 3.36 3.14 2.77 0.00 0.00 0.00 0.00 0.00 0.00 0.00 0.00 0.00 0.00 4.60 5.55 5.55 4.89 4.67
10.88 10.88 11.10 10.80 11.32 12.05 11.83 10.95 10.29 10.66 9.56 8.54 7.66 7.81 7.96 6.06 7.81 8.54 8.98 7.81 8.10 7.74 6.13 6.35 6.79 6.79 6.79 5.91 4.96 5.62 5.91 6.20 6.28 6.64 5.77 4.89 0.00 0.00 0.00 0.00 3.80 3.29 2.19 1.61 1.68 3.72 4.74 5.55 5.69 5.62 5.26 5.26 3.80 3.21 3.43 3.87 2.41 1.31 1.24 3.14 3.58 4.09 3.94 3.50 3.21 2.99 2.34 0.00 0.00 0.00 0.00 0.00 0.00 0.00 0.00 0.00 0.00 0.00 2.92 3.72 5.55 7.23 7.37 6.64
10.88 10.88 11.10 10.80 11.32 12.05 11.83 10.95 10.29 10.66 9.56 8.54 7.66 7.81 7.96 6.06 7.81 8.54 8.98 7.81 8.10 7.74 6.13 6.35 6.79 6.79 6.79 5.91 4.96 5.62 5.91 6.20 6.28 6.64 5.77 4.89 0.00 0.00 0.00 0.00 3.80 3.29 2.19 1.61 1.68 3.72 4.74 5.55 5.69 5.62 5.26 5.26 3.80 3.21 3.43 3.87 2.41 1.31 1.24 3.14 3.58 4.09 3.94 3.50 3.21 2.99 2.34 0.00 0.00 0.00 0.00 0.00 0.00 0.00 0.00 0.00 0.00 0.00 2.92 3.72 5.55 7.23 7.37 6.64
10.73 10.73 11.24 11.90 10.59 10.66 10.95 10.07 9.56 8.91 8.76 8.18 8.54 8.18 7.23 7.88 7.45 8.83 8.76 7.45 7.74 8.40 6.94 7.30 7.74 6.94 6.94 5.91 5.62 5.48 5.69 5.84 4.60 4.89 5.26 5.62 5.40 4.16 3.29 3.29 3.07 2.63 1.97 1.31 1.31 4.02 6.13 6.35 7.01 7.59 6.20 6.20 5.11 4.31 3.80 3.65 3.07 1.53 0.88 1.68 3.50 3.58 2.99 3.14 3.14 0.00 0.00 0.00 0.00 0.00 0.00 0.00 0.00 0.00 0.00 0.00 0.00 0.00 0.00 0.00 2.19 4.60 5.40 5.26
9.71 9.71 9.34 9.49 9.27 8.98 8.54 7.15 7.59 7.88 7.66 7.96 7.96 8.32 8.40 8.54 7.88 8.69 8.25 6.50 6.64 6.50 6.35 6.28 5.77 5.77 5.77 5.84 5.48 5.40 5.55 6.13 5.99 7.23 4.89 5.40 5.84 4.96 4.16 4.60 4.31 3.80 2.92 2.99 3.72 5.84 5.91 5.77 7.08 7.59 6.94 6.94 6.42 5.26 4.23 2.99 2.63 2.26 2.19 3.21 3.43 3.43 3.50 3.07 0.00 0.00 0.00 0.00 0.00 0.00 0.00 0.00 0.00 0.00 0.00 0.00 0.00 0.00 0.00 0.00 0.00 2.12 0.00 3.80
10.00 10.00 9.64 8.69 8.25 8.10 7.88 7.96 6.94 6.72 7.01 7.59 8.03 7.96 7.74 8.32 7.74 7.59 7.96 7.59 6.35 5.04 5.33 5.40 5.55 5.91 5.91 6.13 6.13 5.99 6.13 6.06 7.23 7.15 7.30 8.47 7.81 6.35 5.77 5.62 3.36 4.38 4.96 5.48 6.28 6.57 6.50 6.35 7.15 7.66 7.01 7.01 5.77 4.45 0.00 0.00 0.00 0.00 4.82 4.82 4.31 4.16 3.36 2.63 0.00 0.00 0.00 0.00 0.00 0.00 0.00 0.00 0.00 2.26 1.97 1.83 1.83 2.41 0.00 0.00 0.00 0.00 2.70 3.87
10.00 10.00 9.64 8.69 8.25 8.10 7.88 7.96 6.94 6.72 7.01 7.59 8.03 7.96 7.74 8.32 7.74 7.59 7.96 7.59 6.35 5.04 5.33 5.40 5.55 5.91 5.91 6.13 6.13 5.99 6.13 6.06 7.23 7.15 7.30 8.47 7.81 6.35 5.77 5.62 3.36 4.38 4.96 5.48 6.28 6.57 6.50 6.35 7.15 7.66 7.01 7.01 5.77 4.45 0.00 0.00 0.00 0.00 4.82 4.82 4.31 4.16 3.36 2.63 0.00 0.00 0.00 0.00 0.00 0.00 0.00 0.00 0.00 2.26 1.97 1.83 1.83 2.41 0.00 0.00 0.00 0.00 2.70 3.87
10.51 10.51 10.44 9.56 8.25 7.74 7.01 7.15 7.88 8.98 7.96 6.86 6.86 8.32 7.74 7.37 7.81 7.30 8.18 7.01 5.69 5.55 4.89 5.48 4.89 6.42 6.42 5.99 5.69 5.69 5.55 5.69 6.28 6.64 6.28 5.84 7.45 5.40 4.09 2.70 3.80 5.48 6.35 7.01 7.15 7.08 6.57 5.91 5.99 5.69 4.16 4.16 0.00 0.00 0.00 0.00 0.00 0.00 0.00 0.00 0.00 0.00 0.00 0.00 0.00 0.00 0.00 0.00 0.00 0.00 0.00 0.00 0.00 2.56 3.43 3.65 3.65 3.50 3.58 4.02 4.09 4.31 3.94 4.09
9.64 9.64 9.78 9.34 8.91 7.66 5.84 5.91 5.99 5.33 5.33 7.08 6.94 6.86 7.08 8.69 7.45 6.72 7.23 6.42 5.33 4.67 4.09 4.09 4.16 5.48 5.48 6.28 5.91 5.77 5.26 5.48 5.77 6.13 6.35 6.50 6.06 6.13 5.84 5.99 7.81 7.88 7.15 6.86 7.30 7.96 7.30 4.96 3.87 2.99 0.00 0.00 0.00 0.00 0.00 0.00 0.22 0.95 0.80 0.73 0.80 0.00 0.00 0.00 0.00 0.00 0.00 1.46 0.00 0.00 0.00 0.37 0.00 0.00 1.53 2.63 2.63 3.43 4.31 4.60 4.82 4.96 5.33 5.33
10.15 10.15 10.59 10.59 9.42 7.08 5.69 4.96 5.11 6.86 6.64 5.99 6.28 7.66 8.69 7.81 7.74 6.20 6.28 6.28 5.62 5.11 3.80 3.14 3.94 5.48 5.48 5.26 5.18 4.02 4.31 5.11 5.62 7.01 7.52 7.37 7.59 7.74 7.52 9.49 9.13 8.32 7.23 7.01 8.40 7.96 6.06 4.96 5.04 0.00 0.00 0.00 0.00 0.00 0.00 0.22 0.95 1.39 1.24 1.90 1.97 1.61 1.39 0.00 0.00 0.00 0.00 0.00 0.88 0.22 0.22 0.22 0.00 0.00 0.88 1.61 1.61 2.48 3.72 4.53 4.45 4.96 5.04 5.11
9.64 9.64 9.13 8.40 7.81 5.91 4.96 5.77 6.20 6.50 7.59 7.52 6.86 6.35 6.35 6.79 6.28 5.48 5.62 5.77 5.18 3.94 3.72 2.99 3.36 5.69 5.69 5.18 4.31 3.50 3.14 4.38 5.62 6.79 6.28 5.99 6.64 7.23 8.25 9.42 9.05 8.91 7.59 7.74 6.42 5.40 4.60 4.45 3.80 3.21 3.43 3.43 4.38 4.09 3.14 0.00 1.97 2.12 2.34 2.34 2.85 2.12 2.34 1.61 1.61 1.61 1.46 1.53 1.10 0.58 0.58 0.66 0.00 0.00 0.88 0.00 0.00 2.70 3.43 4.16 4.23 4.16 4.09 4.31
9.64 9.64 9.13 8.40 7.81 5.91 4.96 5.77 6.20 6.50 7.59 7.52 6.86 6.35 6.35 6.79 6.28 5.48 5.62 5.77 5.18 3.94 3.72 2.99 3.36 5.69 5.69 5.18 4.31 3.50 3.14 4.38 5.62 6.79 6.28 5.99 6.64 7.23 8.25 9.42 9.05 8.91 7.59 7.74 6.42 5.40 4.60 4.45 3.80 3.21 3.43 3.43 4.38 4.09 3.14 0.00 1.97 2.12 2.34 2.34 2.85 2.12 2.34 1.61 1.61 1.61 1.46 1.53 1.10 0.58 0.58 0.66 0.00 0.00 0.88 0.00 0.00 2.70 3.43 4.16 4.23 4.16 4.09 4.31
8.69 8.69 7.52 5.84 4.96 5.04 5.18 6.64 8.69 8.98 8.32 8.40 8.18 7.08 5.91 6.06 5.77 4.23 3.58 4.45 4.67 4.53 4.60 4.96 5.91 6.06 6.06 4.82 5.84 1.75 1.83 2.92 4.38 6.28 7.45 6.79 6.72 6.06 6.06 6.57 9.13 7.74 7.30 6.57 4.96 3.29 3.29 3.87 4.60 4.82 5.40 5.40 5.91 5.91 4.31 0.00 2.77 3.07 3.29 3.29 2.99 2.56 2.34 1.68 1.68 1.17 1.17 1.53 1.17 0.73 0.80 0.00 0.00 0.51 0.00 0.00 0.00 2.70 3.14 4.02 4.74 4.38 4.16 3.65
7.88 7.88 5.55 4.23 3.43 4.60 6.86 8.47 8.10 8.54 8.69 7.59 7.01 7.01 6.50 6.28 5.55 4.89 3.65 3.36 3.72 4.02 5.18 6.20 7.59 7.23 7.23 6.28 4.67 3.80 3.36 4.89 6.28 7.66 6.72 4.89 3.21 2.34 3.58 4.74 7.23 5.84 6.06 4.82 4.02 3.58 3.80 4.74 5.40 5.77 6.79 6.79 6.72 5.99 5.84 5.18 0.00 0.00 4.31 3.87 3.58 3.36 2.77 2.19 1.53 1.31 2.04 1.97 1.31 0.95 0.00 0.00 0.00 0.00 1.39 2.12 2.12 0.00 2.41 2.99 4.23 4.23 4.38 5.26
7.45 7.45 6.13 4.89 4.89 4.96 5.99 8.03 8.98 7.96 7.45 6.86 7.01 7.52 6.50 5.77 5.26 3.94 4.09 4.02 5.18 5.11 5.91 7.59 8.47 8.03 8.03 8.10 6.35 6.72 3.87 6.28 6.86 6.35 4.89 3.29 1.90 2.85 3.29 4.89 5.55 5.69 6.57 4.67 4.60 4.60 3.87 4.67 6.72 8.03 8.76 8.76 7.01 5.69 4.82 0.00 0.00 5.77 5.84 6.35 6.35 5.11 4.67 4.96 4.38 3.58 2.63 1.97 1.68 1.17 2.04 2.41 0.00 2.12 2.85 3.29 3.29 5.11 5.33 4.82 4.45 4.53 3.72 3.80
6.35 6.35 5.84 5.04 4.53 5.18 7.30 7.59 7.08 7.08 8.25 7.59 6.86 6.50 5.55 4.45 4.38 4.82 4.38 5.33 6.42 6.28 7.23 8.18 8.47 7.96 7.96 8.54 8.18 7.59 6.57 7.30 5.69 4.38 1.90 0.37 1.31 2.34 2.56 3.43 3.80 2.12 4.31 0.00 2.41 3.65 4.67 5.48 6.94 7.74 7.30 7.30 4.67 3.43 2.99 4.31 5.62 5.77 6.13 6.94 6.35 4.67 5.11 4.74 3.72 3.36 2.34 2.26 2.12 1.97 2.12 2.41 2.41 3.21 3.72 4.53 4.53 5.91 7.66 7.52 6.42 5.33 4.74 3.94
4.96 4.96 5.11 4.82 5.84 6.64 7.15 7.74 8.25 7.59 7.23 7.52 6.64 6.72 5.40 5.48 4.53 2.56 6.06 5.99 5.33 6.28 8.10 9.78 9.34 8.18 8.18 9.27 9.42 8.61 7.52 8.91 3.94 2.92 1.68 2.56 3.29 2.48 0.00 0.00 0.00 0.00 0.00 0.00 0.00 4.67 6.35 6.50 6.72 6.13 5.77 5.77 4.45 4.16 5.11 6.57 6.72 6.20 6.28 5.33 4.82 4.60 4.09 3.50 4.09 3.94 2.70 2.92 2.70 2.56 2.70 3.21 3.58 4.60 4.96 5.69 5.69 6.57 7.52 7.74 7.45 7.23 6.42 4.38
4.96 4.96 5.11 4.82 5.84 6.64 7.15 7.74 8.25 7.59 7.23 7.52 6.64 6.72 5.40 5.48 4.53 2.56 6.06 5.99 5.33 6.28 8.10 9.78 9.34 8.18 8.18 9.27 9.42 8.61 7.52 8.91 3.94 2.92 1.68 2.56 3.29 2.48 0.00 0.00 0.00 0.00 0.00 0.00 0.00 4.67 6.35 6.50 6.72 6.13 5.77 5.77 4.45 4.16 5.11 6.57 6.72 6.20 6.28 5.33 4.82 4.60 4.09 3.50 4.09 3.94 2.70 2.92 2.70 2.56 2.70 3.21 3.58 4.60 4.96 5.69 5.69 6.57 7.52 7.74 7.45 7.23 6.42 4.38
3.65 3.65 3.94 5.04 4.67 5.77 7.59 8.47 7.74 7.01 5.77 5.99 5.18 5.48 0.00 0.00 6.06 5.48 4.38 8.61 4.60 7.01 8.32 9.05 7.81 7.96 7.96 8.83 9.27 9.78 9.05 8.47 7.66 5.77 4.89 3.87 3.14 2.48 1.46 3.50 4.89 6.20 5.55 6.13 2.70 6.35 6.72 5.99 5.48 5.55 5.99 5.99 5.55 5.62 8.61 9.56 8.03 7.15 6.50 5.33 4.82 4.67 4.45 4.45 4.60 4.02 4.38 5.40 4.60 4.09 4.23 4.96 5.48 5.26 5.62 6.06 6.06 6.86 7.37 7.96 8.32 8.83 8.03 7.37
5.48 5.48 3.87 3.65 5.91 7.81 7.52 7.30 6.06 5.18 5.55 0.00 0.00 0.00 0.00 4.16 1.53 3.43 6.79 9.78 3.50 6.86 6.13 4.96 5.11 5.04 5.04 6.28 8.25 10.00 9.71 9.93 7.74 7.66 4.82 3.58 3.07 2.56 4.74 7.74 9.05 9.49 9.05 8.98 9.93 7.88 8.18 7.30 7.88 7.45 7.66 7.66 7.52 7.30 9.56 9.78 9.20 8.10 7.96 7.66 8.10 7.88 7.81 7.96 8.10 8.32 7.96 9.64 9.56 8.40 8.10 7.52 7.81 8.03 7.37 7.15 7.15 6.64 6.86 7.96 8.18 7.74 7.81 8.10
6.42 6.42 7.01 6.28 5.69 6.57 6.94 6.94 5.69 4.74 0.00 0.00 0.00 0.00 3.07 2.92 5.33 6.72 6.64 6.94 9.42 4.82 0.00 0.00 0.00 0.00 0.00 5.55 7.74 9.56 9.78 10.51 10.07 10.37 6.35 5.40 4.38 5.26 7.30 8.03 8.47 7.81 8.54 9.64 9.27 10.07 7.23 6.72 6.64 5.91 6.50 6.50 8.61 10.29 10.80 10.29 9.49 9.42 10.37 10.95 11.68 10.00 9.56 10.51 10.88 10.37 10.37 11.17 10.51 9.93 9.13 9.27 10.51 10.88 10.80 9.86 9.86 8.40 7.66 7.59 8.61 9.27 9.93 9.93
7.74 7.74 6.06 5.04 4.96 5.48 6.57 6.20 5.33 4.38 0.00 0.00 0.00 2.48 2.77 4.31 6.50 7.96 8.32 7.30 5.69 4.96 0.00 0.00 0.00 0.00 0.00 7.23 8.69 9.64 9.27 8.83 8.03 7.45 8.47 6.42 5.69 4.96 5.69 5.91 6.64 7.45 8.03 7.30 6.79 5.48 5.99 4.38 5.33 5.26 6.13 6.13 9.05 10.22 10.29 10.88 11.46 11.39 11.97 13.36 13.72 11.17 10.95 11.53 12.41 13.07 12.56 11.83 11.32 10.15 9.42 10.22 11.39 12.26 13.14 12.99 12.99 11.68 9.86 8.69 8.98 10.51 12.26 11.90
6.20 6.20 5.04 4.89 5.18 4.96 4.38 4.74 4.38 3.29 0.00 0.00 0.00 1.61 3.50 5.69 7.15 7.30 6.72 0.00 4.09 0.00 0.00 0.95 2.41 7.01 7.01 10.29 10.22 9.34 8.10 8.25 8.47 8.32 7.23 7.15 5.48 4.96 5.26 5.18 5.48 5.69 6.13 6.35 5.77 4.60 4.23 4.45 5.11 6.20 6.79 6.79 7.88 8.76 10.00 11.61 12.26 13.21 12.85 13.21 12.78 11.24 10.80 11.17 12.78 13.72 13.43 12.48 11.32 10.15 9.42 10.44 11.53 11.68 12.56 12.78 12.78 11.75 10.80 9.93 9.27 10.80 12.41 13.94
6.20 6.20 5.04 4.89 5.18 4.96 4.38 4.74 4.38 3.29 0.00 0.00 0.00 1.61 3.50 5.69 7.15 7.30 6.72 0.00 4.09 0.00 0.00 0.95 2.41 7.01 7.01 10.29 10.22 9.34 8.10 8.25 8.47 8.32 7.23 7.15 5.48 4.96 5.26 5.18 5.48 5.69 6.13 6.35 5.77 4.60 4.23 4.45 5.11 6.20 6.79 6.79 7.88 8.76 10.00 11.61 12.26 13.21 12.85 13.21 12.78 11.24 10.80 11.17 12.78 13.72 13.43 12.48 11.32 10.15 9.42 10.44 11.53 11.68 12.56 12.78 12.78 11.75 10.80 9.93 9.27 10.80 12.41 13.94
5.55 5.55 3.94 3.87 4.31 4.02 4.16 4.31 4.16 4.82 4.31 3.50 4.09 5.48 5.69 4.31 4.23 4.74 0.00 2.34 1.10 0.66 0.00 0.00 0.00 7.74 7.74 10.73 10.00 8.91 8.03 8.54 8.76 9.05 8.69 7.88 7.23 6.72 5.84 4.67 4.31 5.55 7.01 7.37 6.79 5.55 5.18 6.28 4.45 9.27 8.91 8.91 8.32 9.93 11.17 12.19 13.14 13.21 13.14 12.99 12.85 12.56 11.68 11.75 12.78 14.53 14.45 12.85 11.24 10.37 10.00 10.88 10.73 9.71 8.61 8.98 8.98 9.78 10.15 9.05 8.69 9.20 9.71 11.10
0.00 0.00 0.00 3.87 3.80 3.58 0.00 0.00 3.65 3.14 3.72 4.67 5.04 5.91 4.74 4.31 4.53 0.00 0.00 0.00 0.00 0.66 0.00 0.00 4.38 7.81 7.81 9.86 9.64 7.01 6.20 5.55 5.26 6.72 7.23 6.79 7.30 4.96 5.04 5.18 6.64 7.23 7.59 8.54 7.81 6.79 7.59 8.32 9.05 7.66 7.88 7.88 9.64 12.41 12.78 13.80 14.02 13.21 13.07 13.21 13.29 12.78 11.97 12.26 13.14 12.99 12.19 10.66 10.00 8.69 8.18 7.96 7.23 6.06 5.18 4.67 4.67 4.89 6.06 4.89 4.96 5.55 6.28 7.01
0.00 0.00 0.00 0.00 0.00 0.00 0.00 0.00 3.58 3.72 3.72 4.45 3.29 3.43 4.74 0.00 0.00 0.00 0.00 0.00 0.00 0.00 0.00 0.00 0.00 6.86 6.86 7.74 6.94 5.33 0.00 4.96 4.89 6.57 6.94 5.84 4.82 5.84 6.64 7.23 8.47 8.40 7.66 8.18 8.69 9.34 9.71 9.49 9.34 7.59 6.13 6.13 8.47 9.78 9.93 12.92 14.38 12.85 11.39 11.24 12.41 11.68 11.02 11.32 11.61 10.07 8.54 7.37 5.18 5.33 5.48 4.89 4.67 2.63 2.41 1.31 1.31 1.68 2.26 2.85 1.97 2.26 4.09 4.89
0.00 0.00 0.00 0.00 0.00 0.00 0.00 0.00 2.19 2.92 2.70 3.29 4.09 0.00 0.00 1.46 0.88 0.00 0.00 0.00 0.00 0.00 0.00 4.82 0.00 6.06 6.06 7.88 7.37 5.26 4.60 4.82 5.69 6.64 7.15 6.35 6.13 7.01 6.79 10.22 9.34 8.47 8.18 8.32 9.13 8.98 7.15 7.66 6.86 5.84 10.51 10.51 5.18 5.18 8.40 11.17 11.61 9.78 8.32 6.42 6.72 6.42 5.91 4.89 6.94 5.26 4.16 2.04 0.00 1.53 1.97 2.48 3.21 1.90 0.00 0.00 0.00 0.00 1.31 2.04 0.00 1.46 2.70 2.70
0.00 0.00 0.00 0.00 0.00 0.00 0.00 0.00 1.75 2.77 2.77 0.00 0.00 0.00 0.66 0.00 0.00 0.00 0.00 0.00 0.00 0.00 0.00 0.00 0.00 5.84 5.84 9.86 9.64 8.54 7.45 7.08 8.61 8.47 10.29 9.27 8.10 8.32 8.83 9.20 7.88 8.03 8.54 8.61 8.32 6.79 5.11 4.82 5.99 6.57 9.42 9.42 5.18 0.00 0.00 6.20 5.26 3.43 0.00 0.00 0.00 0.00 0.00 0.00 0.00 0.00 0.00 0.00 0.00 0.00 0.00 0.00 0.00 0.00 0.00 0.00 0.00 0.00 0.00 0.00 0.37 0.00 0.00 0.00
0.00 0.00 0.00 0.00 0.00 0.00 2.41 1.24 0.00 0.00 1.39 0.95 0.66 0.00 0.00 0.00 0.00 0.07 0.00 0.00 0.07 0.29 1.10 1.90 2.92 4.82 4.82 6.20 8.10 8.76 8.40 8.25 9.20 8.69 9.49 7.52 6.57 6.72 7.08 8.83 7.15 7.23 7.30 5.18 4.74 2.77 2.34 3.58 5.11 4.31 4.45 4.45 5.11 2.04 0.15 0.00 0.00 0.00 0.00 0.00 0.00 0.00 0.00 0.00 0.00 0.00 0.00 0.00 0.00 0.00 0.00 0.00 0.00 0.00 0.00 0.00 0.00 0.00 0.37 1.17 1.17 0.80 0.00 0.00
0.00 0.00 0.00 0.00 0.00 0.00 2.41 1.24 0.00 0.00 1.39 0.95 0.66 0.00 0.00 0.00 0.00 0.07 0.00 0.00 0.07 0.29 1.10 1.90 2.92 4.82 4.82 6.20 8.10 8.76 8.40 8.25 9.20 8.69 9.49 7.52 6.57 6.72 7.08 8.83 7.15 7.23 7.30 5.18 4.74 2.77 2.34 3.58 5.11 4.31 4.45 4.45 5.11 2.04 0.15 0.00 0.00 0.00 0.00 0.00 0.00 0.00 0.00 0.00 0.00 0.00 0.00 0.00 0.00 0.00 0.00 0.00 0.00 0.00 0.00 0.00 0.00 0.00 0.37 1.17 1.17 0.80 0.00 0.00
0.00 0.00 0.00 0.00 0.00 0.00 2.04 0.00 0.00 0.00 0.00 0.00 0.00 0.00 0.00 0.00 0.00 0.00 0.00 0.88 1.46 0.73 0.00 0.00 0.51 0.00 0.00 3.58 0.00 6.42 5.99 5.26 5.11 4.82 6.13 5.91 4.96 4.67 4.67 3.80 5.77 3.29 2.92 2.34 0.00 0.00 0.00 3.36 2.99 2.70 2.48 2.48 2.48 3.14 0.00 0.00 0.00 0.00 0.00 0.00 0.00 0.00 0.00 0.00 0.00 0.00 0.00 0.22 0.44 1.46 1.31 0.58 0.00 0.00 0.00 0.00 0.00 0.00 0.58 0.29 0.00 0.00 0.00 0.00
