Wansh/Snow_depth/snowdepth-1988/winter/1989002.txt
ncols 321
nrows 161
xllcenter 60
yllcenter 15 
cellsize  0.25 
NODATA_value -1
[rows 0 to 36 of 161, columns 168 to 251 of 321]
5.77 4.53 3.43 3.14 2.85 2.04 2.63 3.72 4.02 4.02 4.45 4.89 5.84 5.48 4.45 4.82 5.11 5.26 7.37 9.34 9.93 8.91 8.18 8.69 9.42 7.96 5.26 0.00 0.00 0.00 0.00 2.56 8.69 12.12 10.80 10.80 9.71 10.00 11.97 12.78 11.02 8.98 7.08 6.79 6.50 7.23 7.96 8.69 8.69 8.98 8.83 8.91 8.91 9.42 10.07 12.19 14.53 13.80 11.75 10.80 10.80 10.44 10.88 11.61 12.34 12.41 12.99 13.51 13.29 13.14 13.21 13.21 13.36 13.65 15.11 15.48 17.74 17.37 17.74 17.74 19.13 18.32 17.30 15.55
7.74 6.57 5.77 4.60 3.29 2.77 2.70 3.36 4.38 4.38 5.55 6.13 6.35 5.77 5.33 5.62 6.13 6.79 8.91 9.86 9.71 9.20 9.05 9.56 8.61 4.89 0.00 0.00 0.00 0.00 0.00 4.67 9.56 9.20 7.96 7.96 7.01 9.34 11.75 13.72 13.43 11.10 9.78 8.98 9.13 9.27 8.40 8.03 8.32 8.98 9.78 11.32 12.26 12.56 13.58 13.07 13.51 14.09 14.82 14.38 14.38 13.80 13.36 12.26 12.63 13.58 14.02 14.31 15.04 14.67 14.31 14.31 14.16 14.16 14.09 16.50 18.76 15.18 17.30 18.69 17.59 15.04 12.48 11.24
10.15 9.13 7.74 6.57 5.11 3.50 4.38 5.26 4.89 4.89 5.62 5.77 5.84 6.06 6.64 6.35 8.03 9.49 9.86 10.22 10.44 9.20 8.54 7.96 6.28 0.00 0.00 0.00 0.00 0.00 0.00 5.18 6.35 6.86 6.42 6.42 8.10 10.22 11.32 12.85 12.92 11.75 9.56 8.61 8.18 7.08 6.50 6.79 8.18 8.98 10.00 10.88 11.90 14.31 15.11 14.82 13.87 12.78 12.85 14.09 14.09 15.04 14.24 14.24 14.24 12.26 13.21 14.02 14.31 14.31 14.31 14.75 14.53 13.94 13.07 12.78 13.36 15.48 16.21 14.53 14.02 13.14 11.61 11.32
10.15 9.13 7.74 6.57 5.11 3.50 4.38 5.26 4.89 4.89 5.62 5.77 5.84 6.06 6.64 6.35 8.03 9.49 9.86 10.22 10.44 9.20 8.54 7.96 6.28 0.00 0.00 0.00 0.00 0.00 0.00 5.18 6.35 6.86 6.42 6.42 8.10 10.22 11.32 12.85 12.92 11.75 9.56 8.61 8.18 7.08 6.50 6.79 8.18 8.98 10.00 10.88 11.90 14.31 15.11 14.82 13.87 12.78 12.85 14.09 14.09 15.04 14.24 14.24 14.24 12.26 13.21 14.02 14.31 14.31 14.31 14.75 14.53 13.94 13.07 12.78 13.36 15.48 16.21 14.53 14.02 13.14 11.61 11.32
9.93 10.95 8.76 7.74 6.13 4.38 4.53 4.60 4.23 4.23 5.18 5.77 5.91 6.57 7.59 8.47 10.29 11.24 11.39 9.56 8.40 6.64 3.87 0.00 0.00 0.00 0.00 0.00 0.00 0.00 2.48 4.67 5.84 6.13 7.15 7.15 8.61 9.13 8.54 7.37 6.13 5.84 5.33 4.31 4.09 4.31 5.04 5.91 7.88 9.64 10.07 10.66 11.39 11.68 11.90 11.97 13.51 13.36 13.29 13.65 13.65 14.02 14.82 14.53 12.92 12.41 11.83 11.24 11.39 13.07 13.51 13.58 12.99 12.92 13.07 12.12 12.19 13.21 13.07 11.53 13.65 13.58 12.78 13.07
11.97 13.43 12.63 10.00 5.91 4.09 3.94 6.13 6.79 6.79 6.79 6.94 8.32 8.61 9.05 9.64 9.71 9.13 8.69 6.20 3.94 0.15 0.00 0.00 0.00 0.00 0.00 0.00 0.00 0.00 6.79 7.08 7.23 7.88 8.47 8.47 9.13 8.03 6.64 4.74 3.87 3.87 3.58 3.21 3.65 4.60 5.91 7.23 9.13 10.15 10.95 10.88 11.24 11.32 10.59 10.95 11.10 10.95 10.59 10.37 10.37 11.46 12.41 13.07 11.83 10.51 9.78 9.13 9.34 10.44 11.53 11.61 10.88 10.88 10.29 10.95 11.46 13.80 11.02 12.26 12.56 14.24 13.07 13.65
11.53 12.85 12.34 11.02 8.03 5.33 5.91 8.03 8.83 8.83 8.61 8.25 8.83 9.56 9.71 8.91 8.32 7.59 5.62 1.17 0.00 0.00 0.00 0.00 0.00 0.00 0.00 0.00 1.46 3.50 6.35 7.30 8.03 9.34 10.29 10.29 10.51 9.42 7.59 5.55 4.96 4.89 3.94 5.48 7.01 8.03 8.32 9.27 10.22 10.51 10.66 11.02 11.32 11.17 10.95 10.44 9.71 10.22 9.71 9.13 9.13 9.20 8.98 8.76 7.88 8.10 7.96 7.96 7.66 7.88 8.18 8.40 7.96 7.15 7.37 7.37 6.79 9.64 13.21 9.73 12.41 13.86 13.65 17.24
11.53 12.85 12.34 11.02 8.03 5.33 5.91 8.03 8.83 8.83 8.61 8.25 8.83 9.56 9.71 8.91 8.32 7.59 5.62 1.17 0.00 0.00 0.00 0.00 0.00 0.00 0.00 0.00 1.46 3.50 6.35 7.30 8.03 9.34 10.29 10.29 10.51 9.42 7.59 5.55 4.96 4.89 3.94 5.48 7.01 8.03 8.32 9.27 10.22 10.51 10.66 11.02 11.32 11.17 10.95 10.44 9.71 10.22 9.71 9.13 9.13 9.20 8.98 8.76 7.88 8.10 7.96 7.96 7.66 7.88 8.18 8.40 7.96 7.15 7.37 8.52 9.36 13.86 18.10 16.54 20.49 18.44 17.56 17.89
8.69 10.29 10.80 9.78 8.40 6.13 5.26 6.50 7.52 7.52 7.66 8.47 9.27 10.22 9.20 7.88 6.20 2.26 0.51 0.00 0.00 0.00 0.00 0.00 0.00 0.00 0.00 2.48 4.09 4.74 5.62 7.30 8.47 8.83 9.49 9.49 9.71 8.40 6.86 6.20 5.55 6.35 7.15 8.10 8.54 9.34 10.15 11.17 11.68 11.97 11.46 10.15 9.13 8.76 8.83 8.91 8.61 7.59 7.23 6.94 6.94 7.15 7.30 7.23 7.01 6.72 6.35 6.13 7.30 6.94 6.50 6.50 6.20 6.32 7.35 9.25 10.29 9.73 11.40 10.36 12.38 12.18 14.02 16.10
6.28 7.08 7.30 7.59 7.30 6.79 6.72 6.86 6.28 6.28 7.23 7.96 7.23 6.64 4.53 2.85 0.00 0.00 0.00 0.00 0.00 0.00 0.00 0.00 0.00 1.53 3.87 5.55 5.91 5.55 5.62 6.20 6.64 6.64 7.23 7.23 7.23 6.13 5.48 7.37 9.20 10.29 10.07 9.42 8.98 9.78 10.15 10.07 10.00 9.78 9.42 9.27 9.05 8.61 7.88 7.37 7.45 7.37 6.42 5.11 5.11 4.60 5.18 5.26 5.33 5.55 5.91 5.91 5.77 6.50 6.35 5.91 6.42 7.99 8.39 8.54 8.99 9.85 46.34 10.24 9.84 10.19 11.59 12.67
9.13 7.96 6.86 5.91 5.84 6.35 6.35 5.33 5.55 5.55 4.96 3.07 1.61 1.53 0.00 0.00 0.00 0.00 0.00 0.00 0.00 3.72 5.33 6.94 6.79 5.91 5.69 7.15 7.15 6.06 5.55 5.11 4.82 5.55 6.35 6.35 7.23 8.91 10.15 11.53 13.87 13.29 11.97 9.78 9.20 8.98 8.61 9.49 9.49 8.91 8.03 8.03 8.03 8.18 7.96 7.08 6.28 5.77 4.60 4.16 4.16 4.38 4.16 3.87 4.23 4.89 5.04 5.84 6.35 6.20 6.94 6.86 5.91 5.56 5.34 6.33 8.90 10.28 27.98 61.47 10.29 10.81 9.26 9.63
9.13 7.96 6.86 5.91 5.84 6.35 6.35 5.33 5.55 5.55 4.96 3.07 1.61 1.53 0.00 0.00 0.00 0.00 0.00 0.00 0.00 3.72 5.33 6.94 6.79 5.91 5.69 7.15 7.15 6.06 5.55 5.11 4.82 5.55 6.35 6.35 7.23 8.91 10.15 11.53 13.87 13.29 11.97 9.78 9.20 8.98 8.61 9.49 9.49 8.91 8.03 8.03 8.03 8.18 7.96 7.08 6.28 5.77 4.60 4.16 4.16 4.38 4.16 3.87 4.23 4.89 5.04 5.84 6.35 6.20 6.94 6.86 5.77 5.48 5.18 5.88 7.93 9.52 29.85 63.78 10.29 10.58 10.18 10.30
11.97 8.32 7.23 5.55 4.67 3.80 3.72 2.92 0.80 0.80 0.00 0.00 0.00 0.00 0.00 0.00 0.00 0.00 0.00 2.04 4.60 5.40 6.64 7.15 7.08 7.52 8.47 9.34 9.13 8.32 7.30 6.28 6.42 7.66 8.03 8.03 8.91 10.15 11.10 12.92 13.94 14.24 12.19 10.44 8.91 8.69 8.32 9.20 10.80 10.95 9.93 9.34 8.76 7.81 6.64 5.40 4.45 4.02 4.45 4.67 4.67 4.82 4.67 5.40 6.28 7.59 7.88 6.79 7.15 7.74 7.59 7.59 7.45 6.35 5.84 7.35 8.62 8.89 5.97 11.55 10.04 10.31 9.88 10.31
9.78 8.40 9.42 7.66 5.55 4.74 3.43 0.37 0.00 0.00 0.00 0.00 0.00 0.00 0.00 0.00 0.00 0.00 2.77 4.23 5.40 6.57 8.03 8.03 8.40 9.05 10.07 11.24 10.59 10.15 10.29 8.83 8.69 9.05 8.91 8.91 9.56 10.44 10.80 11.39 12.05 12.26 11.68 10.51 9.78 10.37 11.61 12.26 12.26 12.34 12.19 11.83 10.59 9.64 8.32 7.30 6.13 5.55 4.89 5.18 5.18 7.08 8.32 8.91 9.20 10.29 11.46 11.10 10.29 10.07 9.93 8.18 6.79 8.08 8.68 8.10 8.19 9.55 10.67 9.40 10.11 9.23 10.10 10.24
12.92 14.02 14.02 11.53 11.02 10.29 8.18 5.99 4.53 4.53 0.00 0.00 0.00 0.00 0.00 0.00 0.95 1.17 1.53 3.43 5.04 7.01 8.54 8.32 8.03 9.49 10.07 9.93 9.78 9.71 9.27 8.83 8.91 8.98 8.76 8.76 8.91 9.93 10.22 9.71 10.07 9.86 9.71 9.64 10.51 12.05 13.21 13.87 14.60 14.38 13.21 12.48 12.05 11.10 10.59 9.64 8.03 7.45 7.52 7.96 7.96 8.98 9.34 10.80 11.53 11.46 11.46 11.68 12.12 12.34 11.46 10.00 9.89 10.67 10.50 10.18 9.66 10.92 9.58 10.39 10.19 9.01 9.60 8.44
11.97 13.80 12.92 11.83 11.17 10.51 9.78 8.54 7.37 7.37 6.06 5.33 5.48 4.60 3.87 3.21 2.56 1.53 1.24 3.36 4.38 5.62 7.01 8.10 8.69 9.20 8.98 9.20 8.25 7.88 7.88 7.81 8.32 8.83 8.98 8.98 8.25 7.81 8.03 8.18 7.81 8.03 8.47 8.83 9.49 9.93 10.88 12.41 14.02 13.51 12.34 11.24 11.32 11.24 10.95 10.29 9.56 8.40 8.69 8.83 8.83 10.29 10.95 10.51 9.71 9.42 9.20 9.93 10.95 12.41 12.99 12.79 14.24 13.24 12.61 10.30 11.32 9.76 11.19 11.32 11.08 10.81 10.09 9.09
11.97 13.80 12.92 11.83 11.17 10.51 9.78 8.54 7.37 7.37 6.06 5.33 5.48 4.60 3.87 3.21 2.56 1.53 1.24 3.36 4.38 5.62 7.01 8.10 8.69 9.20 8.98 9.20 8.25 7.88 7.88 7.81 8.32 8.83 8.98 8.98 8.25 7.81 8.03 8.18 7.81 8.03 8.47 8.83 9.49 9.93 10.88 12.41 14.02 13.51 12.34 11.24 11.32 11.24 10.95 10.29 9.56 8.40 8.69 8.83 8.83 10.29 10.95 10.51 9.71 9.42 9.20 9.93 10.95 12.41 12.99 15.71 13.35 14.39 11.32 12.74 11.49 10.80 11.41 10.21 10.71 9.30 10.98 10.32
8.83 8.47 8.32 6.64 6.35 5.84 5.84 6.42 6.64 6.64 6.20 5.33 4.45 2.63 2.56 2.63 2.12 1.68 1.17 1.90 2.85 3.94 5.26 6.42 7.01 7.52 7.52 7.37 7.52 6.94 6.94 7.37 7.37 7.23 7.96 7.96 8.25 7.66 7.30 7.30 7.45 8.47 8.91 8.47 6.79 6.28 7.37 8.47 9.20 9.93 10.22 9.71 8.83 8.40 8.69 9.20 8.98 8.69 9.64 10.07 10.07 10.00 9.93 9.71 9.64 9.13 8.32 7.96 9.71 11.68 13.92 14.68 16.83 16.44 15.73 14.48 12.73 11.66 10.14 12.56 11.94 10.90 11.96 11.04
3.87 4.82 4.38 4.09 4.89 4.09 4.31 4.45 4.60 4.60 3.21 2.99 2.99 2.56 2.41 2.26 1.90 2.41 2.19 2.12 3.29 3.94 4.23 5.18 5.55 5.62 5.62 5.55 6.06 6.57 7.15 6.79 6.72 6.86 7.52 7.52 7.59 6.86 6.72 6.50 6.35 6.35 6.35 5.04 4.38 4.60 5.48 6.35 6.79 7.52 8.25 8.40 8.47 7.30 7.08 7.96 8.32 8.32 8.40 9.05 9.05 9.34 9.05 8.98 8.98 9.34 9.20 9.93 10.95 12.40 14.08 14.23 15.20 16.08 15.82 15.53 12.60 12.87 13.91 13.65 10.88 12.74 12.28 14.50
1.90 1.75 2.63 2.92 3.58 4.67 4.89 1.24 1.68 1.68 1.83 3.07 3.14 3.21 3.07 2.41 2.41 2.56 2.26 2.34 3.80 4.67 4.38 5.77 4.82 5.04 5.18 5.33 5.40 6.13 7.30 7.96 8.10 7.81 7.45 7.45 6.94 6.64 6.20 5.62 4.89 4.82 3.50 2.92 3.43 4.45 5.55 6.72 8.10 7.96 7.74 7.81 5.99 4.67 5.40 6.94 7.37 7.66 8.25 9.05 9.05 10.15 11.02 10.80 10.00 9.27 9.86 10.88 11.97 12.92 14.89 16.50 17.16 17.16 15.84 16.12 15.84 18.17 18.28 16.07 15.05 14.31 12.44 14.71
2.48 2.12 1.61 1.10 2.19 3.72 3.87 3.50 21.24 21.24 24.67 1.97 2.99 3.43 3.43 2.92 2.56 2.70 2.48 4.09 5.62 5.48 5.99 6.20 5.40 5.40 5.40 5.55 6.42 7.30 8.47 9.86 9.27 8.47 8.25 8.25 7.88 6.50 4.67 4.38 4.02 3.43 3.07 3.58 3.87 4.31 5.26 6.64 6.72 7.01 7.52 7.30 6.28 4.67 4.67 5.55 7.01 7.59 7.59 7.81 7.81 8.54 8.69 8.76 9.42 9.05 9.34 10.88 11.46 11.97 15.11 17.16 18.25 18.76 19.83 19.47 20.74 17.73 19.32 17.70 19.26 15.65 14.60 12.54
1.17 1.39 1.17 2.19 0.88 2.12 2.41 2.41 1.10 1.10 1.61 3.50 3.43 3.65 3.65 2.48 2.12 2.85 4.09 5.69 5.40 4.96 6.13 6.42 6.50 7.52 7.96 7.96 8.32 8.91 10.00 10.07 9.71 8.69 8.03 8.03 7.15 4.45 3.94 3.29 3.14 3.43 2.99 3.36 4.02 5.48 5.91 6.13 6.50 7.01 6.79 6.57 6.72 6.06 7.01 8.18 8.61 9.56 10.07 8.69 8.69 6.50 4.40 5.18 5.69 6.57 7.45 8.18 9.64 10.51 11.46 13.29 16.57 18.18 19.39 19.47 23.30 19.04 19.72 17.68 15.15 15.21 16.50 17.39
1.17 1.39 1.17 2.19 0.88 2.12 2.41 2.41 1.10 1.10 1.61 3.50 3.43 3.65 3.65 2.48 2.12 2.85 4.09 5.69 5.40 4.96 6.13 6.42 6.50 7.52 7.96 7.96 8.32 8.91 10.00 10.07 9.71 8.69 8.03 8.03 7.15 4.45 3.94 3.29 3.14 3.43 2.99 3.36 4.02 5.48 5.91 6.13 6.50 7.01 6.79 6.57 6.72 6.06 7.01 8.18 8.61 9.56 10.07 8.69 8.69 6.50 4.40 5.18 5.69 6.57 7.45 8.18 9.64 10.51 11.46 13.29 16.57 18.18 18.61 19.57 18.09 16.75 16.52 20.58 18.53 15.54 12.93 16.04
0.95 1.46 1.46 1.31 1.31 2.12 1.17 1.10 1.39 1.39 2.12 2.92 2.70 1.83 1.02 1.02 2.26 3.36 4.67 5.55 6.64 7.23 7.81 7.88 9.27 9.49 10.07 12.56 12.99 11.75 10.59 8.69 6.79 5.69 5.26 5.26 3.50 2.56 2.63 2.34 2.34 2.70 2.26 2.48 2.77 2.92 3.36 4.09 4.96 5.26 5.69 6.50 5.84 5.11 6.13 7.81 9.42 8.03 6.57 5.84 5.84 2.19 0.00 1.17 3.21 4.45 5.18 5.99 7.37 8.83 9.56 12.12 14.38 17.08 18.10 18.19 18.75 23.83 21.50 18.79 16.48 14.06 15.95 16.85
1.24 0.37 1.24 0.58 1.61 0.66 0.66 1.46 1.75 1.75 2.26 2.04 1.10 0.29 1.46 1.97 2.92 3.72 4.02 5.99 7.66 7.96 8.25 10.00 11.24 11.10 12.56 15.62 15.26 12.41 9.78 6.57 4.60 3.14 1.75 1.75 0.88 0.80 1.10 1.46 1.75 1.39 1.02 0.80 1.17 1.24 1.02 1.31 1.24 1.53 1.97 2.63 2.63 2.99 4.23 5.99 6.35 6.20 4.45 2.04 2.04 0.00 0.00 0.00 3.80 5.18 6.13 6.57 7.59 9.05 11.75 13.94 17.81 18.54 19.02 19.21 18.73 19.11 19.64 16.70 18.61 13.79 19.21 18.84
1.61 1.31 1.68 1.17 1.24 0.80 1.02 1.90 1.75 1.75 1.90 1.46 1.90 2.12 1.75 2.41 3.80 4.31 4.67 6.64 7.59 8.98 10.95 12.63 13.14 12.34 13.07 14.31 13.94 11.61 8.03 4.82 3.14 2.34 1.39 1.39 0.58 0.00 0.44 0.66 0.29 0.66 0.58 0.22 0.00 0.00 0.00 0.00 0.00 0.00 0.00 0.00 0.00 0.00 0.95 1.90 3.07 2.99 1.90 1.24 1.24 0.88 1.68 4.89 6.72 7.96 7.88 8.10 10.15 11.32 12.48 16.21 19.49 20.94 20.31 18.87 18.11 14.85 15.18 16.40 15.34 16.10 17.21 14.29
0.07 0.44 1.24 0.66 0.66 0.66 0.00 1.90 0.58 0.58 0.88 1.39 2.04 2.26 1.75 2.48 3.14 2.85 3.36 4.09 6.20 8.18 9.64 11.02 11.68 9.56 8.18 9.49 9.49 7.15 4.60 2.99 2.12 1.31 0.66 0.66 0.44 0.51 0.44 0.22 0.44 0.00 0.00 0.00 0.00 0.00 0.00 0.00 0.00 0.00 0.00 0.00 0.00 0.00 0.00 0.00 0.00 0.00 0.73 1.17 1.17 0.88 1.10 3.36 7.01 8.10 8.40 8.54 9.64 13.36 14.89 16.28 19.27 19.81 19.00 18.32 15.88 14.72 13.78 13.45 12.51 12.10 18.08 13.82
0.00 1.17 0.58 0.07 0.51 0.29 0.07 1.10 1.53 1.53 1.31 1.46 1.83 1.75 1.10 0.51 0.15 0.66 0.80 1.02 2.92 3.29 4.67 5.04 4.09 3.36 3.21 3.87 4.09 3.58 2.41 1.17 0.73 1.02 0.29 0.29 0.51 0.73 0.51 0.80 0.37 0.00 0.00 0.00 0.00 0.00 0.00 0.00 0.00 0.00 0.00 0.00 0.00 0.00 0.00 0.00 0.00 0.00 0.00 0.00 0.00 0.00 0.00 0.00 3.14 6.13 7.23 7.59 8.40 12.34 16.32 20.33 23.36 19.09 17.10 15.43 12.24 11.92 13.85 10.87 10.53 9.92 10.41 13.45
0.00 1.17 0.58 0.07 0.51 0.29 0.07 1.10 1.53 1.53 1.31 1.46 1.83 1.75 1.10 0.51 0.15 0.66 0.80 1.02 2.92 3.29 4.67 5.04 4.09 3.36 3.21 3.87 4.09 3.58 2.41 1.17 0.73 1.02 0.29 0.29 0.51 0.73 0.51 0.80 0.37 0.00 0.00 0.00 0.00 0.00 0.00 0.00 0.00 0.00 0.00 0.00 0.00 0.00 0.00 0.00 0.00 0.00 0.00 0.00 0.00 0.00 0.00 0.00 3.14 6.13 7.23 7.59 8.40 12.34 16.41 20.11 21.12 21.27 18.25 18.01 14.21 11.54 14.47 10.56 11.13 11.77 9.50 11.42
1.31 0.88 0.51 0.58 0.29 0.07 0.00 0.00 0.80 0.80 1.02 1.68 1.83 1.24 0.00 0.00 0.29 0.66 0.00 0.66 0.73 0.51 0.73 0.88 1.10 1.46 1.17 1.46 1.10 0.73 1.10 1.10 1.17 0.73 0.66 0.66 1.02 1.10 1.10 0.80 0.73 0.51 0.00 0.00 0.29 0.58 0.07 0.00 0.29 0.00 0.00 0.00 0.00 0.00 0.00 0.00 0.00 0.00 0.00 0.00 0.00 0.00 0.00 0.00 0.95 4.38 6.13 7.52 10.20 13.20 16.52 18.58 21.51 22.10 17.86 15.10 11.17 8.26 8.39 8.26 6.98 8.06 5.29 6.49
1.68 2.04 1.97 0.66 0.07 0.37 0.00 0.00 0.44 0.44 0.00 0.44 0.88 1.10 0.88 1.02 1.46 0.95 0.29 0.22 0.15 0.44 0.00 0.00 0.00 1.31 0.80 1.24 1.31 1.10 0.95 1.10 1.46 1.17 0.44 0.44 0.88 1.61 1.24 0.22 0.00 0.00 0.00 0.00 0.15 0.44 0.00 0.00 0.00 0.00 0.00 0.00 0.00 0.00 0.00 0.00 0.00 0.00 0.00 0.00 0.00 0.00 0.00 0.00 2.99 5.62 7.08 7.96 10.00 12.05 14.31 16.78 20.80 19.62 15.28 8.29 6.98 5.65 5.42 5.19 4.77 4.18 3.65 2.86
2.48 2.12 1.17 0.51 0.44 0.22 0.00 0.66 1.31 1.31 0.22 0.00 0.00 0.00 0.80 0.95 1.68 0.80 1.17 1.46 1.10 0.00 1.46 2.77 2.99 2.12 2.34 2.48 1.46 0.80 1.02 2.04 1.10 0.66 0.66 0.66 0.80 0.22 0.00 0.07 0.00 0.00 0.00 0.00 0.00 0.00 0.00 0.00 0.00 0.00 0.00 0.00 0.00 0.00 0.00 0.00 0.00 0.00 0.00 0.00 0.00 0.00 0.29 1.90 3.87 5.62 6.79 9.56 11.32 12.12 13.29 15.29 17.02 16.19 10.04 6.12 4.83 3.90 2.26 4.48 2.74 2.76 1.54 1.25
2.77 2.19 1.46 0.80 0.88 0.07 0.07 0.00 0.00 0.00 0.07 0.44 0.00 0.00 0.22 0.00 0.37 0.29 0.22 0.66 0.00 0.95 1.39 2.41 3.29 2.77 3.21 3.29 2.77 2.19 1.90 2.34 1.46 1.02 0.44 0.44 1.17 0.51 0.22 0.29 0.80 0.15 0.51 1.46 1.02 0.00 0.00 0.00 0.00 0.00 0.00 0.00 0.00 0.00 0.00 0.00 0.00 0.00 0.00 0.00 0.00 0.00 3.36 4.09 5.62 6.79 7.81 9.34 11.10 13.58 14.09 13.57 13.41 8.78 6.40 2.68 1.59 1.78 2.07 2.54 1.49 3.24 1.12 1.56
1.97 1.61 0.51 0.15 0.80 0.29 0.80 0.73 0.00 0.00 0.00 0.00 0.00 0.00 0.00 0.00 0.00 0.00 0.00 0.00 0.00 0.00 0.73 1.31 2.19 2.63 2.92 3.21 2.19 1.75 1.31 1.46 1.31 0.95 0.51 0.51 1.02 0.58 1.46 0.00 2.19 1.31 0.88 1.24 1.61 0.00 0.00 0.00 0.00 0.00 0.00 0.00 0.00 0.00 0.00 0.00 0.00 0.00 0.00 0.00 0.00 2.12 3.36 5.40 6.57 6.20 6.86 8.10 10.07 10.88 11.17 10.51 8.60 3.86 1.59 1.30 0.79 0.40 0.53 0.49 0.77 1.40 1.83 0.00
1.53 0.80 0.00 0.22 0.00 1.53 1.31 0.00 0.00 0.00 0.00 0.00 0.00 0.00 0.00 0.00 0.00 0.00 0.00 0.00 0.00 0.00 1.02 0.00 1.90 1.97 2.41 2.04 0.00 0.00 1.24 0.66 0.37 0.00 0.29 0.29 0.66 0.44 0.58 0.73 0.00 0.00 0.00 0.00 0.00 0.00 0.00 0.00 0.00 0.00 0.00 0.00 0.00 0.00 0.00 0.00 0.00 0.00 0.00 0.00 0.00 0.00 0.88 2.04 3.65 5.11 5.40 5.91 7.15 8.25 7.59 6.24 4.25 1.94 0.88 0.31 0.19 0.00 0.00 0.00 0.00 0.00 0.00 0.00
1.53 0.80 0.00 0.22 0.00 1.53 1.31 0.00 0.00 0.00 0.00 0.00 0.00 0.00 0.00 0.00 0.00 0.00 0.00 0.00 0.00 0.00 1.02 0.00 1.90 1.97 2.41 2.04 0.00 0.00 1.24 0.66 0.37 0.00 0.29 0.29 0.66 0.44 0.58 0.73 0.00 0.00 0.00 0.00 0.00 0.00 0.00 0.00 0.00 0.00 0.00 0.00 0.00 0.00 0.00 0.00 0.00 0.00 0.00 0.00 0.00 0.00 0.88 2.04 3.65 5.11 5.40 5.91 7.15 8.25 7.59 6.20 4.18 1.91 0.88 0.33 0.17 0.00 0.00 0.00 0.00 0.00 0.00 0.00
3.14 3.29 0.00 0.00 0.00 0.00 2.77 0.00 0.00 0.00 0.00 0.00 0.00 0.00 1.17 0.00 0.00 0.00 0.00 0.00 0.00 0.00 0.00 0.00 0.00 1.68 1.31 0.00 0.00 0.00 0.00 0.00 0.00 0.00 0.00 0.00 1.10 1.10 0.88 0.44 0.00 0.00 0.00 0.00 0.00 0.00 0.00 0.00 0.00 0.00 0.00 0.00 0.00 0.00 0.00 0.00 0.00 0.07 0.00 0.00 0.00 0.00 0.00 0.00 0.00 1.75 3.07 3.65 3.94 3.65 3.36 2.19 1.68 1.55 0.81 0.38 0.24 0.00 0.00 0.00 0.07 0.00 0.00 0.00
