Wansh/Snow_depth/snowdepth-1988/winter/1989044.txt
ncols 321
nrows 161
xllcenter 60
yllcenter 15 
cellsize  0.25 
NODATA_value -1
[rows 74 to 110 of 161, columns 83 to 165 of 321]
1.53 0.00 0.00 0.00 0.00 1.61 3.94 5.18 4.89 2.04 4.31 3.72 2.85 2.04 2.26 3.94 5.69 4.31 3.65 3.65 2.99 3.50 0.00 3.72 4.16 5.69 7.45 8.10 5.26 3.65 3.94 4.31 4.96 4.23 0.00 3.80 4.09 5.04 4.53 4.45 5.62 6.42 6.13 4.02 4.02 3.80 2.34 2.56 2.48 2.70 1.97 1.90 2.77 1.97 0.00 3.20 2.48 1.83 1.39 0.95 1.17 1.02 0.88 0.00 0.00 0.00 1.17 0.00 5.62 5.62 7.12 7.63 6.20 3.50 1.02 0.15 0.00 0.00 0.00 0.00 0.00 1.83 2.13
2.63 2.48 2.77 1.24 2.56 4.09 6.13 6.79 6.86 5.33 4.74 4.09 3.14 3.36 3.50 2.92 2.85 2.85 3.87 3.87 3.80 3.87 0.00 0.00 0.00 5.99 7.96 7.23 5.11 4.53 4.74 5.04 3.80 3.58 3.29 0.00 2.19 3.94 4.74 4.16 4.60 5.91 5.18 3.50 3.50 3.21 3.14 3.36 3.43 3.21 2.12 2.12 2.34 1.97 2.19 2.26 1.90 1.68 1.53 0.80 0.80 1.02 1.02 1.24 0.80 0.80 0.51 1.39 3.65 3.65 5.94 9.86 11.17 7.88 2.77 0.58 0.00 0.00 0.00 0.00 0.00 0.00 1.24
2.85 2.48 3.87 3.50 3.50 3.36 3.87 6.06 5.40 5.55 5.04 4.82 5.18 4.31 4.02 3.80 3.65 3.80 4.16 4.16 3.80 4.02 3.72 0.00 0.00 0.00 0.00 4.74 4.67 5.04 4.31 4.53 3.14 3.36 2.92 0.00 1.90 2.26 2.56 2.85 4.23 5.48 4.45 4.16 4.16 3.87 2.99 2.34 2.56 3.14 2.70 2.26 2.48 1.90 1.97 1.61 1.83 2.63 2.34 0.95 1.17 1.39 0.95 1.31 1.75 1.46 1.32 1.75 1.90 1.90 4.16 8.25 11.83 10.29 5.18 2.70 0.07 0.00 0.00 0.00 0.00 0.00 0.00
5.69 4.96 6.06 4.60 3.87 3.14 4.23 5.26 5.11 5.11 5.04 5.33 5.33 5.40 5.55 4.67 4.53 4.16 4.02 4.02 4.23 4.31 3.80 0.00 0.00 0.00 0.00 0.00 0.00 0.00 4.38 3.50 2.63 2.56 2.26 0.00 0.00 0.00 0.00 0.00 3.14 2.77 0.00 0.00 0.00 2.56 0.00 2.48 2.99 3.94 3.07 3.36 2.77 2.63 2.56 2.85 3.14 2.92 2.70 1.53 1.39 2.04 2.19 1.83 2.12 2.34 2.04 2.48 2.19 2.19 3.29 3.29 5.48 5.69 4.89 2.56 1.02 0.00 0.00 0.00 0.00 0.00 0.00
6.28 5.26 5.40 5.40 4.16 3.50 4.31 4.60 5.26 4.82 4.82 4.82 4.96 5.33 5.62 4.82 5.11 4.89 4.53 4.53 4.53 4.60 4.09 3.29 4.23 0.00 0.00 0.00 0.00 0.00 0.00 0.00 0.00 0.00 0.00 2.56 0.00 0.00 0.00 0.00 0.00 0.00 0.00 0.00 0.00 0.00 0.00 0.00 0.00 0.00 3.07 2.26 2.92 0.00 0.00 3.07 3.21 2.41 2.41 2.41 1.83 2.48 2.99 2.77 2.04 1.97 1.53 1.97 1.83 1.83 1.46 0.88 0.73 1.83 3.07 2.34 0.66 0.00 0.00 0.00 0.00 0.00 0.44
5.99 6.13 6.50 5.62 4.31 4.09 4.89 4.38 5.04 4.82 4.31 5.04 4.45 4.23 4.09 4.23 5.33 4.89 4.60 4.60 4.74 4.89 4.38 3.87 4.02 3.87 2.99 0.00 0.00 0.00 0.00 0.00 0.00 0.00 0.00 0.00 0.00 0.00 0.00 0.00 0.00 0.00 0.00 0.00 0.00 0.00 0.00 0.00 1.53 0.00 0.00 0.00 0.00 0.00 0.00 2.26 2.12 1.68 1.97 2.19 1.68 2.56 2.99 2.41 1.39 0.15 0.00 0.00 0.29 0.29 1.02 0.80 0.00 1.10 2.70 2.79 2.26 1.39 0.00 0.15 0.00 0.00 0.00
0.00 0.00 0.00 4.53 4.09 3.87 4.38 4.02 4.67 4.45 4.16 4.23 4.45 4.74 4.23 4.09 4.16 4.02 4.89 4.89 5.18 4.67 4.31 3.87 4.16 3.58 3.07 3.14 3.07 2.19 0.00 0.00 0.00 0.00 0.00 0.00 0.00 0.00 0.00 0.00 0.00 0.00 0.00 0.00 0.00 0.00 0.00 0.00 0.88 0.00 0.00 0.00 0.00 0.00 0.00 0.00 0.44 0.37 0.66 1.24 1.53 2.12 2.41 1.97 0.73 0.00 0.00 0.00 0.00 0.00 0.00 0.80 0.00 1.31 2.92 4.16 2.79 1.35 0.92 1.24 1.17 0.00 0.00
0.00 0.00 0.00 3.58 3.65 3.29 3.94 3.94 4.02 3.50 4.09 4.31 5.33 4.23 3.94 4.02 4.23 4.31 3.72 3.72 3.14 3.07 3.07 2.41 2.41 3.07 2.56 2.63 2.41 1.83 1.97 1.61 0.80 0.00 0.00 0.00 0.00 0.00 0.00 0.00 0.07 1.31 1.83 1.46 1.46 0.00 0.00 0.58 0.00 0.00 0.00 0.00 0.00 0.00 0.00 0.00 0.07 0.00 0.00 0.58 1.17 1.39 1.61 1.83 1.10 0.00 0.00 0.00 0.00 0.00 0.00 0.00 0.00 2.19 3.87 6.28 5.14 3.10 2.68 2.12 1.20 1.03 0.51
3.21 2.99 3.87 4.82 3.87 3.36 3.87 4.16 3.94 3.72 3.87 5.04 3.87 4.60 4.23 4.53 4.31 3.87 3.58 3.58 2.99 2.34 0.00 0.00 1.61 2.26 2.41 2.70 1.75 0.00 1.46 1.97 0.00 0.00 0.00 0.00 0.44 0.00 0.00 0.00 0.07 0.29 0.37 0.00 0.00 0.00 0.00 0.00 0.00 0.00 0.00 0.00 0.00 0.80 0.00 0.00 0.00 0.00 0.00 0.00 0.29 0.73 0.44 0.22 0.66 0.37 0.00 0.00 0.00 0.00 0.44 0.58 0.51 1.61 3.87 6.50 6.42 3.72 2.99 4.02 3.15 3.07 2.48
4.82 4.74 4.31 4.60 3.72 4.02 3.21 2.99 3.50 3.50 3.50 4.23 2.92 3.94 3.65 4.38 4.31 3.65 3.94 3.94 2.41 0.00 0.00 0.00 0.00 0.00 1.90 1.75 0.00 0.00 1.68 1.68 0.00 0.00 0.00 0.00 0.00 0.00 0.00 0.00 0.00 0.00 0.00 0.00 0.00 0.00 0.00 0.00 0.00 0.00 0.00 0.00 0.00 0.00 0.00 0.00 0.00 0.00 0.00 0.00 0.00 0.07 0.22 0.58 0.73 0.73 0.22 0.07 0.51 0.51 0.44 0.44 0.88 1.17 2.48 4.31 6.79 6.94 5.77 6.64 6.64 5.62 4.31
4.67 4.16 3.65 3.43 3.14 4.45 3.65 0.00 4.31 4.23 3.94 4.67 4.82 3.43 3.43 4.45 3.50 4.16 3.87 3.87 3.36 3.21 0.00 0.00 0.00 1.97 1.83 2.26 0.00 2.26 2.12 1.90 0.00 0.00 0.00 0.00 0.00 0.00 0.00 0.00 0.00 0.00 0.00 0.07 0.07 0.00 0.00 0.00 0.00 0.00 0.00 0.00 0.44 0.66 0.80 0.66 0.29 0.00 0.00 0.00 0.00 0.44 0.80 1.02 0.88 0.29 0.07 0.00 0.00 0.00 0.58 0.95 1.39 1.17 1.46 2.56 5.33 7.30 8.32 8.47 8.83 8.98 8.69
0.00 0.00 0.00 0.00 2.48 0.00 3.29 2.92 4.02 4.60 5.04 4.23 4.09 0.00 3.07 2.85 2.92 3.21 3.07 3.07 0.00 2.99 3.14 3.80 3.07 2.85 3.14 2.56 0.00 0.00 0.00 1.46 1.53 2.12 1.97 0.00 0.00 0.00 0.00 0.00 0.00 0.15 0.00 0.22 0.22 0.00 0.00 0.00 0.00 0.00 0.00 0.00 0.51 0.00 0.00 0.66 1.75 1.97 1.24 0.88 0.00 0.00 0.07 0.00 0.44 0.22 0.15 0.51 0.51 0.51 1.68 2.48 2.56 1.90 0.95 1.46 2.92 4.82 9.13 11.46 11.24 11.83 11.02
1.68 1.97 2.04 3.43 3.14 3.50 3.36 3.21 4.02 3.80 4.09 3.80 3.65 3.14 2.56 0.00 0.00 2.12 3.36 3.36 3.07 3.80 4.23 4.02 4.02 0.00 0.00 3.07 2.34 3.43 3.58 3.07 0.00 0.00 3.07 2.99 0.00 0.00 0.00 0.00 0.00 2.41 1.46 0.88 0.88 0.44 0.80 0.51 0.51 0.00 0.00 0.88 0.44 0.00 0.00 0.15 2.99 6.06 7.30 7.15 3.80 0.29 0.00 0.30 0.80 1.83 2.41 2.12 1.53 1.53 3.58 6.06 7.88 6.20 3.72 2.56 3.36 4.60 6.79 8.47 11.24 11.53 10.59
1.53 1.90 2.56 3.07 0.00 0.00 0.00 2.12 3.14 3.36 2.99 2.56 2.99 2.63 1.17 2.26 1.53 2.34 3.50 3.50 3.07 3.94 2.92 2.77 2.70 0.00 0.00 2.92 4.02 3.65 2.56 0.00 0.00 2.92 3.65 3.36 0.00 0.00 0.00 0.00 2.85 2.56 1.68 0.66 0.66 0.66 1.39 0.88 1.31 0.29 0.00 0.29 0.22 0.00 0.00 0.00 1.75 4.02 6.20 6.57 4.74 0.66 0.00 0.00 0.88 2.15 3.43 3.94 2.19 2.19 2.34 5.26 7.66 8.47 6.86 5.55 5.18 5.33 6.50 7.59 9.27 10.66 9.78
2.56 2.70 2.92 0.00 0.00 0.00 0.00 1.75 2.77 0.00 0.00 2.77 2.92 2.99 2.56 2.41 1.83 1.83 1.68 1.68 1.97 2.85 1.46 1.68 1.61 0.00 1.39 2.26 3.58 3.43 2.70 2.12 2.63 3.21 3.50 3.58 2.99 3.21 0.00 0.00 2.19 2.41 1.24 1.24 1.24 1.31 1.17 1.31 1.46 0.44 0.15 1.02 0.73 0.51 0.00 0.37 1.24 1.83 2.99 4.53 3.80 1.90 0.29 0.44 2.99 3.98 5.48 6.79 5.84 5.84 3.36 4.09 6.13 7.81 8.76 8.03 7.15 8.47 8.83 8.32 7.96 8.61 8.18
3.43 3.94 2.48 0.00 0.00 0.00 0.00 0.00 0.00 0.00 0.00 2.41 2.41 2.56 2.48 0.00 0.00 1.68 0.00 0.00 0.00 0.80 0.95 0.95 0.00 0.00 0.00 0.00 4.38 0.00 0.00 3.72 3.80 3.58 3.50 3.65 2.56 2.26 0.00 0.00 1.83 1.02 1.53 1.31 1.31 1.83 1.61 1.31 1.83 1.10 0.80 0.73 0.66 0.66 0.95 0.80 0.73 1.02 1.10 2.22 2.06 1.46 0.44 1.12 5.04 7.34 8.28 8.38 7.45 7.45 6.35 5.04 6.57 7.30 7.74 8.32 7.74 8.25 8.91 7.88 6.73 7.21 7.90
3.65 3.36 2.04 0.00 0.00 0.00 0.00 0.00 0.00 0.00 0.00 0.00 0.00 0.00 0.00 0.00 0.00 0.00 0.00 0.00 0.00 0.66 0.00 0.00 1.02 0.00 0.00 0.00 3.43 0.00 0.00 2.92 2.99 3.43 3.14 2.56 2.12 0.00 0.00 1.46 0.66 0.00 1.24 0.00 0.00 0.29 1.10 1.31 1.61 1.61 1.24 0.58 1.24 1.10 2.04 1.24 0.95 0.80 0.66 1.17 1.02 0.83 0.44 1.11 4.89 8.32 8.91 8.30 7.78 7.53 6.02 6.94 8.83 7.96 7.66 7.45 7.30 7.30 6.72 8.10 7.11 6.33 7.53
2.26 2.19 1.53 1.83 1.68 0.00 0.00 0.00 0.00 0.00 0.00 0.00 0.00 0.00 0.00 0.00 0.00 0.00 0.00 0.00 0.00 0.00 0.00 0.00 0.00 0.00 0.00 0.00 2.70 0.00 1.24 1.68 0.00 0.00 0.00 0.00 0.00 0.00 0.00 0.00 0.00 0.00 0.00 0.00 0.00 0.00 0.00 0.07 0.22 0.58 0.22 0.00 1.10 1.31 2.12 1.90 2.41 3.36 3.87 3.02 1.70 1.24 1.10 1.04 2.97 6.54 8.04 6.42 6.35 6.38 6.02 7.34 8.47 8.47 7.15 6.53 5.84 5.84 5.84 7.12 7.77 8.03 7.88
2.12 1.53 0.58 1.31 1.39 0.00 0.00 0.00 1.53 0.00 0.00 0.00 0.00 0.00 0.00 0.00 0.00 0.00 0.00 0.00 0.00 0.00 0.00 0.00 0.00 0.00 0.00 0.00 0.00 0.00 0.00 0.00 0.00 0.00 0.00 0.00 0.00 0.00 0.00 0.00 0.00 0.00 0.00 0.00 0.00 0.00 0.00 0.00 0.00 0.00 0.15 0.29 0.88 1.10 2.70 3.94 5.33 7.08 7.81 7.96 6.06 2.95 1.91 1.39 1.95 4.92 7.38 5.84 5.11 5.11 5.05 5.51 6.57 7.92 7.56 6.02 5.90 5.99 5.63 5.95 6.33 7.73 8.88
3.07 2.26 1.46 1.17 1.10 1.46 0.00 0.00 0.00 0.00 0.00 0.00 0.00 0.00 0.00 0.00 0.00 0.00 0.00 0.00 0.00 0.00 0.00 0.00 0.00 0.00 0.00 0.00 0.00 0.00 0.00 0.00 0.00 0.00 0.00 0.00 0.00 0.00 0.00 0.00 0.00 0.00 0.00 0.00 0.00 0.00 0.00 0.00 0.00 0.00 0.00 0.37 0.66 1.17 3.07 4.23 7.37 9.36 10.88 10.88 8.83 5.40 3.33 1.99 1.77 3.96 5.69 5.36 3.36 3.36 3.24 3.54 3.86 5.34 6.31 6.00 5.94 5.77 5.19 5.65 5.72 6.80 8.21
5.11 3.94 3.14 2.04 1.75 1.68 0.88 0.00 0.00 0.00 0.00 0.00 0.00 0.00 0.00 0.00 0.00 0.00 0.00 0.00 0.00 0.00 0.00 0.00 0.00 0.00 0.00 0.00 0.00 0.00 0.00 0.00 0.00 0.00 0.00 0.00 0.00 0.00 0.00 0.00 0.00 0.00 0.00 0.00 0.00 0.00 0.00 0.00 0.00 0.00 0.15 1.02 1.17 1.27 3.01 5.12 8.97 10.31 10.59 10.73 9.71 7.59 4.48 2.31 1.94 2.35 4.28 4.63 2.77 2.79 1.86 2.60 1.78 2.42 4.59 5.87 5.40 4.92 4.39 4.61 3.90 5.69 7.14
9.20 8.32 4.96 3.36 2.77 2.26 2.12 2.63 0.00 0.00 0.00 0.00 0.00 0.00 0.00 0.00 0.00 0.00 0.00 0.00 0.00 0.00 0.00 0.00 0.00 0.00 0.00 0.00 0.58 0.00 0.00 0.00 0.00 0.00 0.00 0.00 0.00 0.00 0.00 0.00 0.00 0.00 0.00 0.00 0.00 0.00 0.00 0.00 0.00 0.00 0.73 1.53 1.97 1.46 3.90 5.40 7.53 8.79 9.36 8.67 7.96 6.60 4.11 2.53 1.40 0.79 1.93 2.92 1.91 1.91 0.37 0.44 0.32 1.16 2.61 4.04 3.74 3.43 2.71 3.22 2.22 3.79 5.75
13.65 12.85 9.78 4.38 4.09 4.09 3.50 2.99 2.56 0.00 0.00 0.00 0.00 0.00 0.00 0.00 0.00 0.00 0.00 0.00 0.00 0.00 0.00 0.00 0.00 0.00 0.00 0.00 0.15 0.00 0.00 0.00 0.00 0.00 0.00 0.00 0.00 0.00 0.00 0.00 0.00 0.00 0.00 0.00 0.00 0.22 0.15 0.00 0.00 0.00 1.31 1.83 3.21 4.38 5.14 7.23 7.95 6.29 7.19 7.38 6.66 4.97 3.04 2.33 0.23 0.00 0.25 1.22 0.89 0.88 0.00 0.00 0.00 0.73 1.86 2.19 1.54 1.85 1.35 1.36 1.09 1.43 3.46
17.08 17.08 10.07 3.80 0.00 5.18 5.40 5.55 5.33 4.16 3.94 3.80 0.00 0.00 0.00 0.00 0.00 0.00 0.00 0.00 0.00 0.00 0.00 0.00 0.00 0.00 0.00 0.00 0.44 0.73 0.00 0.00 0.00 0.00 0.00 0.00 0.00 0.00 0.00 0.00 0.00 0.51 2.41 2.77 2.77 0.73 0.73 0.00 1.10 1.46 2.62 3.16 4.67 5.58 8.42 9.66 8.29 8.69 7.96 6.91 4.28 3.15 1.77 1.99 0.44 0.00 0.00 0.15 0.68 0.66 0.00 0.00 0.00 0.00 1.79 2.27 1.31 0.76 0.08 0.52 0.67 0.00 0.94
11.68 10.15 7.15 4.67 6.94 8.25 9.93 11.02 11.75 12.26 10.51 9.05 5.11 2.63 1.97 1.39 0.37 0.00 0.00 0.00 0.00 0.00 0.95 0.00 0.00 0.44 1.83 1.61 1.53 1.17 0.58 0.58 0.15 1.31 1.61 1.90 1.31 1.61 0.00 0.00 1.61 0.88 0.58 1.68 1.68 1.68 2.12 1.61 2.19 2.56 5.04 7.83 10.40 10.31 10.21 9.23 7.96 8.55 10.67 10.45 9.83 10.56 6.51 4.79 3.16 1.75 1.17 0.77 0.22 0.22 0.00 0.00 0.00 0.08 1.99 2.70 3.43 1.66 0.00 0.00 0.00 0.00 0.25
6.50 7.30 7.74 7.45 9.49 9.49 10.80 11.17 12.70 15.77 17.01 10.80 6.57 4.31 4.02 2.77 1.83 1.39 0.29 0.29 1.02 0.58 1.24 1.46 0.22 0.44 1.83 1.02 0.88 1.10 1.31 0.37 0.73 0.88 1.31 2.48 2.12 2.92 4.89 3.21 0.29 0.00 0.37 0.22 0.22 1.02 0.95 0.73 1.53 3.16 5.32 7.75 8.87 8.62 8.03 8.46 7.54 6.55 8.05 9.73 10.95 13.57 14.83 11.01 8.73 4.45 3.07 2.42 0.70 0.68 0.00 0.00 0.08 0.00 1.98 2.95 2.85 1.92 0.37 0.00 0.00 0.00 0.00
5.26 7.01 8.98 8.32 7.15 7.01 7.74 8.54 10.80 16.06 17.30 11.61 6.28 3.94 4.67 4.67 4.38 3.50 3.14 3.14 1.46 0.80 1.24 0.73 0.95 0.95 0.95 0.00 0.58 0.58 1.68 2.34 1.39 0.66 0.73 1.53 2.04 3.94 3.58 1.46 0.00 0.00 0.00 0.00 0.00 0.00 0.00 0.37 0.88 3.33 5.05 8.10 9.86 8.74 8.70 10.49 9.70 6.46 5.90 7.16 9.70 13.97 17.06 17.74 14.60 8.98 5.44 3.80 1.83 2.04 0.00 0.00 0.09 0.00 1.18 3.59 3.76 1.97 0.44 0.44 0.33 0.00 0.24
1.17 4.23 6.64 5.99 4.82 5.55 6.79 7.08 8.22 10.80 14.24 10.22 5.26 3.94 4.16 6.06 5.99 4.09 3.07 3.07 1.97 1.68 1.68 1.61 1.61 0.88 0.66 0.00 0.66 0.66 1.90 1.39 1.61 0.07 0.00 0.88 1.90 2.26 0.88 0.29 0.00 0.00 0.00 0.00 0.00 0.00 0.00 0.00 0.44 3.58 6.03 8.03 10.38 11.74 11.58 9.39 8.49 5.47 4.73 5.14 8.12 10.74 15.08 18.56 20.08 16.50 10.12 5.78 4.55 4.39 1.74 0.00 0.19 0.00 0.08 2.37 2.40 1.33 0.92 0.23 0.39 0.00 0.00
0.00 0.00 2.56 3.43 0.00 2.63 5.04 5.33 6.28 7.81 9.86 7.15 4.74 3.80 4.09 5.26 5.26 3.80 3.72 3.72 2.70 2.34 1.61 2.12 1.83 0.88 0.44 0.00 0.07 0.00 0.66 0.95 0.44 0.00 0.00 0.00 0.07 0.44 0.66 0.00 0.00 0.00 0.00 0.00 0.00 0.00 0.00 0.15 1.83 3.50 5.77 8.37 9.63 9.45 9.79 9.33 8.03 4.51 3.17 6.11 6.75 7.19 10.66 15.92 20.85 18.56 14.30 10.25 7.26 7.30 5.64 3.65 0.65 0.00 0.00 0.32 2.09 1.34 0.88 0.52 0.00 0.00 1.21
0.00 0.00 0.00 0.00 0.00 0.00 5.69 5.84 6.13 6.50 6.28 4.96 4.38 3.72 2.92 0.00 0.00 0.00 3.80 3.80 3.07 0.00 1.75 1.83 0.37 0.00 0.07 0.00 0.00 0.00 0.00 0.00 0.00 0.00 0.00 0.00 0.00 0.00 0.00 0.00 0.00 0.00 0.00 0.00 0.00 0.00 0.00 0.00 0.37 2.52 5.87 8.61 9.70 10.92 8.32 6.70 6.47 5.49 5.33 6.62 7.73 8.90 10.04 12.91 17.01 17.15 17.74 14.84 9.50 11.11 7.86 6.66 2.45 0.18 0.00 0.00 0.67 1.46 0.37 0.31 0.72 0.00 1.08
0.00 0.00 0.00 0.00 0.00 0.00 4.09 4.38 5.26 5.48 4.23 4.67 4.09 4.53 2.77 2.41 2.77 4.09 4.96 4.96 4.16 4.09 2.04 1.53 0.22 0.15 0.29 0.07 0.00 0.00 0.00 0.00 0.00 0.00 0.00 0.00 0.00 0.00 0.00 0.00 0.00 0.00 0.00 0.00 0.00 0.00 0.00 0.00 0.30 1.93 4.52 6.22 8.67 8.44 7.30 7.63 5.51 0.00 0.00 7.06 8.38 7.71 8.13 10.84 13.66 15.37 14.77 19.98 14.19 15.89 10.46 8.50 4.80 1.85 0.18 0.00 0.00 0.17 0.37 0.00 0.29 0.00 1.30
0.00 0.00 0.00 0.00 0.00 0.00 0.00 0.00 4.89 6.06 5.04 4.67 5.84 5.26 3.65 4.82 5.63 5.97 5.91 5.91 4.89 4.67 3.43 1.24 0.00 0.37 0.00 0.00 0.00 0.00 0.00 0.00 0.00 0.00 0.00 0.00 0.00 0.00 0.00 0.00 0.00 0.00 0.00 0.00 0.00 0.00 0.00 0.00 0.00 1.22 5.92 8.90 9.46 9.13 5.08 4.95 0.00 0.00 0.00 0.00 0.00 6.13 10.33 10.23 11.34 14.50 14.32 22.52 16.36 16.71 11.74 9.13 6.28 4.13 1.10 0.00 0.81 0.78 0.38 0.09 0.00 0.00 1.09
0.00 0.00 0.00 0.00 0.00 0.00 0.00 0.00 0.00 3.87 3.94 2.92 4.74 5.18 4.31 5.48 5.80 7.23 7.18 6.70 6.13 6.13 4.96 1.75 1.10 0.66 0.44 1.10 0.44 0.00 0.00 0.00 0.00 0.00 0.00 0.00 0.00 0.00 0.00 0.00 0.00 0.80 0.88 0.58 0.58 0.58 0.00 0.00 0.00 2.22 7.59 10.20 10.52 7.42 0.00 0.00 0.00 0.00 0.00 0.00 0.00 2.22 7.20 8.30 6.95 11.75 15.56 15.84 17.25 21.09 11.76 7.88 6.80 5.77 3.34 0.65 1.19 1.60 1.40 0.27 0.30 0.00 1.12
0.00 0.00 0.00 0.00 0.00 0.00 0.00 0.00 0.00 0.00 0.00 0.00 0.00 0.00 0.00 0.00 2.26 2.85 4.05 4.12 4.96 6.50 6.94 4.82 4.60 3.87 4.02 3.80 3.94 1.97 0.00 3.21 4.23 3.14 0.00 1.68 2.56 4.60 4.89 5.11 6.02 4.74 5.31 5.55 5.55 7.37 7.66 2.63 1.83 5.54 4.69 2.72 0.00 0.00 0.00 0.00 0.00 0.00 0.00 0.00 0.00 0.00 0.00 4.30 4.95 7.00 10.70 7.49 6.75 7.55 7.15 6.75 5.30 5.13 3.17 1.67 0.71 1.63 0.91 0.00 0.00 0.00 0.00
0.00 0.00 0.00 0.00 0.00 0.00 0.00 0.00 0.00 0.00 0.00 0.00 0.00 0.00 0.00 0.00 0.00 0.00 0.00 0.00 2.77 5.65 6.43 6.06 5.11 5.55 6.29 6.44 5.99 4.60 5.26 5.18 6.50 6.50 2.34 3.07 4.67 6.50 7.45 6.72 6.64 5.37 6.75 9.05 10.11 12.34 12.12 8.83 6.44 7.41 0.00 0.00 0.00 0.00 0.00 0.00 0.00 0.00 0.00 0.00 0.00 0.00 0.00 0.00 0.00 5.79 7.25 3.91 2.56 2.56 4.35 3.76 2.96 3.81 0.00 0.00 0.00 0.44 0.00 0.00 0.00 0.00 0.00
0.00 0.00 0.00 0.00 0.00 0.00 0.00 0.00 0.00 0.00 0.00 0.00 0.00 0.00 0.00 0.00 0.00 0.00 0.00 0.00 0.00 0.00 2.19 2.85 5.91 5.26 4.26 3.87 5.26 6.64 6.42 5.55 8.54 8.75 5.26 5.33 3.63 3.58 5.69 6.06 4.82 2.51 3.50 4.77 6.05 10.71 12.14 10.37 14.48 0.00 0.00 0.00 0.00 0.00 0.00 0.00 0.00 0.00 0.00 0.00 0.00 0.00 0.00 0.00 0.00 0.00 0.00 0.00 0.00 0.00 0.00 0.00 0.00 0.00 0.00 0.00 0.00 0.00 0.00 0.00 0.00 0.00 0.00
0.00 0.00 0.00 0.00 0.00 0.00 0.00 0.00 0.00 0.00 0.00 0.00 0.00 0.00 0.00 0.00 0.00 0.00 0.00 0.00 0.00 0.00 0.00 0.00 1.10 1.75 0.00 0.00 4.16 3.65 3.87 2.19 4.44 8.59 4.09 4.82 0.00 0.00 2.70 2.04 1.97 0.00 0.00 3.48 3.97 8.69 11.36 9.26 12.56 0.00 0.00 0.00 0.00 0.00 0.00 0.00 0.00 0.00 0.00 0.00 0.00 0.00 0.00 0.00 0.00 0.00 0.00 0.00 0.00 0.00 0.00 0.00 0.00 0.00 0.00 0.00 0.00 0.00 0.00 0.00 0.00 0.00 0.00
