Wansh/Snow_depth/snowdepth-1988/winter/1989045.txt
ncols 321
nrows 161
xllcenter 60
yllcenter 15 
cellsize  0.25 
NODATA_value -1
[rows 37 to 73 of 161, columns 0 to 82 of 321]
4.60 4.60 5.77 7.15 10.44 13.51 14.45 13.80 12.34 12.92 13.58 13.94 13.72 12.19 10.22 10.15 10.80 11.02 10.73 10.95 11.90 12.70 12.48 10.37 8.98 8.47 8.47 10.66 12.78 12.85 12.34 12.12 13.14 13.94 14.89 14.60 13.51 11.97 10.80 10.37 9.71 8.61 7.66 7.66 7.52 6.64 5.91 5.62 5.91 6.42 6.64 6.64 7.01 4.38 0.00 0.00 0.00 0.00 4.60 7.88 8.18 6.72 6.35 7.01 7.59 7.96 7.96 8.18 7.81 6.64 0.00 0.00 0.00 6.20 9.42 10.44 10.44 11.68 12.34 12.12 12.26 12.05 11.68
0.00 0.00 1.68 3.94 7.81 9.78 10.29 10.37 10.15 12.85 14.45 14.24 13.58 12.26 10.73 10.95 11.97 12.05 11.46 11.02 11.17 11.46 10.88 9.13 9.27 8.98 8.98 9.78 10.59 10.44 11.68 12.26 11.39 12.78 13.94 14.02 12.70 11.10 10.44 10.29 9.78 9.27 8.83 8.18 8.03 8.03 7.81 6.94 6.50 6.94 7.74 7.74 7.74 6.35 2.70 0.00 0.00 0.00 5.69 7.81 8.10 7.81 7.01 7.08 7.59 8.91 9.42 9.20 9.56 7.74 0.00 0.00 0.00 8.32 8.40 11.02 11.02 12.70 13.07 13.14 14.60 14.02 15.62
0.00 0.00 0.00 1.02 3.50 4.60 5.91 7.30 10.95 14.16 16.28 15.04 13.87 12.19 11.39 12.05 12.48 12.48 11.75 9.64 9.05 8.40 6.06 5.84 6.86 7.15 7.15 7.59 7.52 6.28 6.64 5.77 6.64 7.96 9.71 11.39 11.83 9.49 7.45 7.01 7.30 6.64 7.59 7.15 6.72 6.57 6.57 6.50 6.42 7.15 7.66 7.66 8.47 8.98 7.08 3.36 0.00 3.14 5.84 7.66 7.59 7.08 8.32 8.76 9.56 10.44 10.80 11.32 10.51 11.17 0.00 0.00 0.00 0.00 10.80 11.90 11.90 12.70 13.87 15.84 17.81 17.96 17.67
0.00 0.00 0.00 0.00 0.00 0.95 2.85 8.76 13.29 17.08 16.79 14.75 13.94 13.14 12.26 12.56 12.05 11.53 9.13 6.57 5.04 3.94 1.75 2.04 2.56 3.36 3.36 3.94 2.85 0.00 0.00 0.00 0.00 0.00 0.00 4.67 4.60 3.21 0.00 0.00 0.00 0.00 0.00 2.99 3.21 0.00 3.29 4.02 6.35 7.23 7.01 7.01 8.10 8.61 9.71 8.98 6.86 5.77 7.74 8.47 7.81 7.30 7.96 8.98 10.00 11.53 12.41 11.61 12.19 11.32 13.29 0.00 0.00 10.07 11.24 12.26 12.26 15.99 17.74 20.22 20.51 18.32 16.28
0.00 0.00 0.00 0.00 0.00 0.00 5.99 12.85 16.06 16.13 15.84 14.89 14.82 12.56 11.39 10.80 9.56 8.10 4.89 1.83 0.58 0.00 0.00 0.00 0.00 1.31 1.31 0.00 0.00 2.99 0.00 0.00 0.00 0.00 0.00 0.00 0.00 0.00 0.00 0.00 0.00 0.00 0.00 0.00 0.00 0.00 2.12 4.23 7.52 8.40 8.54 8.54 8.25 8.54 8.83 10.15 10.88 9.42 9.05 8.61 7.81 7.15 7.59 7.45 7.88 10.07 10.66 11.24 11.10 10.00 12.34 0.00 7.59 9.78 12.34 14.97 14.97 19.78 21.53 21.02 19.35 17.81 17.08
0.00 0.00 0.00 0.00 0.00 3.07 10.15 13.43 12.63 11.24 11.39 11.24 9.27 8.10 7.74 5.18 3.72 1.83 0.00 0.00 0.00 0.00 0.00 0.00 0.00 0.00 0.00 0.00 3.36 5.91 4.67 0.00 0.00 0.00 0.00 0.00 0.00 0.00 0.00 0.00 0.00 0.00 0.00 3.65 5.77 5.33 5.91 9.78 12.05 12.56 11.61 11.61 11.46 10.44 9.56 9.20 9.71 10.29 9.42 7.96 7.30 6.42 5.33 6.06 7.01 6.28 6.86 7.15 7.30 8.76 9.71 5.48 6.86 7.96 10.07 11.17 11.17 16.79 15.77 14.75 13.43 16.79 17.77
0.00 0.00 0.00 0.00 0.00 3.50 6.13 6.42 5.77 6.64 6.94 6.86 3.21 1.10 0.00 0.00 0.00 0.00 0.00 0.00 0.00 0.00 0.00 0.00 0.00 0.00 0.00 0.00 1.10 4.60 6.06 2.99 0.88 0.00 0.00 0.00 0.00 0.00 0.00 0.00 0.00 1.53 5.48 9.34 11.68 11.61 13.80 14.97 16.50 16.35 15.91 15.91 14.45 13.07 11.24 9.42 9.42 10.29 9.49 7.88 5.84 6.06 6.50 6.72 6.06 4.96 3.87 2.70 1.75 4.09 5.48 0.00 4.74 5.11 5.18 4.74 4.74 9.20 8.61 5.91 8.47 11.53 14.24
0.00 0.00 0.00 0.00 0.00 0.00 0.07 0.00 0.00 0.00 0.00 0.00 0.00 0.00 0.00 0.00 0.00 0.00 0.00 0.00 0.00 0.00 0.00 0.00 0.00 0.00 0.00 0.00 0.00 0.00 4.74 4.96 3.94 3.87 3.65 0.00 0.00 0.00 0.44 0.37 2.12 6.79 11.02 16.72 19.20 19.93 18.98 18.83 18.40 17.74 16.86 16.86 15.99 15.26 13.58 12.19 10.37 9.78 9.56 9.05 8.61 7.52 7.59 8.18 7.74 7.15 5.11 3.50 0.00 0.00 0.00 5.04 0.00 0.95 0.51 0.07 0.07 0.22 1.17 1.10 3.14 7.15 10.22
0.00 0.00 0.00 0.00 0.00 0.00 0.00 0.00 0.00 0.00 0.00 0.00 0.00 0.00 0.00 0.00 0.00 0.00 0.00 0.00 0.00 0.00 0.00 0.00 0.00 0.00 0.00 0.00 0.00 0.00 0.00 5.40 7.30 8.18 7.59 5.11 4.53 2.48 0.00 2.70 5.04 9.13 17.08 22.19 23.94 23.14 20.88 19.64 18.18 17.67 16.72 16.72 15.62 14.53 14.02 12.99 10.59 9.71 9.42 10.22 10.80 10.95 12.19 12.85 12.85 12.92 11.97 11.02 8.40 5.91 6.20 1.10 2.99 2.34 1.83 1.46 1.46 1.46 1.53 0.00 5.33 7.52 9.56
0.00 0.00 0.00 0.00 0.00 0.00 0.00 0.00 0.00 0.00 0.00 0.00 0.00 0.00 0.00 0.00 0.00 0.00 0.00 0.00 0.00 0.00 0.00 0.00 0.00 0.00 0.00 0.00 0.00 0.00 0.00 5.40 7.30 8.18 7.59 5.11 4.53 2.48 0.00 2.70 5.04 9.13 17.08 22.19 23.94 23.14 20.88 19.64 18.18 17.67 16.72 16.72 15.62 14.53 14.02 12.99 10.59 9.71 9.42 10.22 10.80 10.95 12.19 12.85 12.85 12.92 11.97 11.02 8.40 5.91 6.20 1.10 2.99 2.34 1.83 1.46 1.46 1.46 1.53 0.00 5.33 7.52 9.56
0.00 0.00 0.00 0.00 0.00 0.00 0.00 0.00 0.00 0.00 0.00 0.00 0.00 0.00 0.00 0.00 0.00 0.00 0.00 0.00 0.00 0.00 0.00 0.00 0.00 0.00 0.00 0.00 0.00 0.00 0.00 0.00 4.89 8.91 12.12 11.83 9.27 6.57 3.14 3.21 4.67 7.81 12.41 20.37 23.65 23.87 21.53 19.35 17.67 16.72 16.13 16.13 15.70 14.45 13.21 11.68 10.66 10.29 10.22 10.66 12.34 14.75 16.72 17.89 18.03 17.08 16.43 15.33 14.82 13.80 13.43 6.72 10.88 8.98 6.28 5.33 5.33 4.45 6.06 2.77 8.32 9.78 14.53
0.00 0.00 0.00 0.00 0.00 0.00 0.00 0.00 0.00 0.00 0.00 0.00 0.00 0.00 0.00 0.00 0.00 0.00 0.00 0.00 0.00 0.00 0.00 0.00 0.00 0.00 0.00 0.00 0.00 0.00 0.00 0.00 0.00 4.38 9.56 14.02 15.40 13.14 8.25 4.16 4.02 4.53 6.72 13.21 17.23 18.54 17.67 17.74 17.30 16.21 15.55 15.55 15.33 15.48 14.24 13.65 12.56 12.05 12.56 13.14 12.99 14.24 15.48 16.57 18.32 17.89 17.52 16.86 15.55 16.28 15.33 14.02 11.68 12.05 12.05 10.44 10.44 10.51 11.46 11.97 11.24 14.16 18.10
0.00 0.00 0.00 0.00 0.00 0.00 0.00 0.00 0.00 0.00 0.00 0.00 0.00 0.00 0.00 0.00 0.00 0.00 0.00 0.00 0.00 0.00 0.00 0.00 0.00 0.00 0.00 0.00 0.00 0.00 0.00 0.00 0.00 0.00 3.36 9.56 15.48 17.52 13.21 6.57 4.82 5.04 6.06 7.96 12.12 13.65 14.45 16.13 16.94 16.79 15.33 15.33 14.82 14.31 14.09 13.94 13.87 13.87 13.58 13.80 14.31 13.21 11.24 13.29 11.10 7.23 12.41 12.19 9.56 7.15 8.98 11.97 16.72 14.53 14.67 15.84 15.84 18.18 19.20 16.57 13.94 15.26 17.31
0.00 0.00 0.00 0.00 0.00 0.00 0.00 0.00 0.00 0.00 0.00 0.00 0.00 3.21 6.94 6.20 3.65 1.53 0.00 0.00 0.00 0.00 0.00 0.00 0.00 0.00 0.00 0.00 0.00 0.00 0.00 0.00 0.00 0.00 3.29 7.88 15.77 18.47 15.33 10.29 6.42 7.30 8.25 10.44 12.48 13.87 14.31 14.02 15.99 17.81 17.23 17.23 16.21 15.99 15.26 16.43 16.86 15.99 18.32 15.99 14.31 12.85 10.44 6.06 5.04 3.72 0.00 0.00 0.00 0.00 0.00 0.00 15.62 13.36 15.33 19.86 19.86 23.29 24.24 20.22 16.50 15.27 18.12
0.00 0.00 0.00 0.00 0.00 0.00 0.00 0.00 0.00 0.00 0.00 0.00 0.00 2.26 4.89 5.62 5.84 3.87 2.34 0.88 0.00 0.00 0.00 0.00 0.00 0.00 0.00 0.00 0.00 0.00 1.31 3.36 3.72 5.11 8.47 13.72 16.57 17.37 14.67 10.00 7.30 8.98 9.34 12.12 14.53 14.89 14.45 13.94 15.55 16.86 17.16 17.16 17.30 18.61 21.68 24.31 25.11 26.28 25.48 25.04 19.71 12.78 9.64 8.61 6.06 0.00 0.00 0.00 0.00 0.00 0.00 0.00 15.18 17.16 18.61 21.32 21.32 22.63 22.63 20.59 17.08 18.98 14.60
0.00 0.00 0.00 0.00 0.00 0.00 0.00 0.00 0.00 0.00 0.00 0.00 0.00 0.00 0.00 1.68 0.00 0.00 0.00 0.00 0.00 0.00 0.00 0.00 0.00 0.00 0.00 0.00 0.00 0.00 7.08 9.71 9.56 11.24 13.21 15.62 16.21 14.53 10.07 7.23 6.86 8.61 12.05 14.75 16.79 17.52 16.06 13.94 14.89 16.35 15.62 15.62 15.70 17.37 23.00 26.79 27.16 26.13 25.92 25.26 24.45 19.64 15.40 13.21 14.97 15.26 14.16 12.05 11.02 11.39 10.88 16.86 15.91 18.10 17.37 17.37 17.37 16.28 14.75 14.45 14.60 12.63 14.97
0.00 0.00 0.00 0.00 0.00 0.00 0.00 0.00 0.00 0.00 0.00 0.00 0.00 0.00 0.00 0.00 0.00 0.00 0.00 0.00 0.00 0.00 0.00 0.00 0.00 0.00 0.00 0.00 0.00 7.45 12.56 15.84 12.92 14.09 16.43 16.94 15.70 11.02 7.74 7.01 7.30 9.20 13.94 18.10 19.20 18.32 16.21 12.99 12.34 15.04 15.11 15.11 14.02 14.97 19.20 22.12 22.70 21.32 20.51 20.88 22.05 23.00 22.34 23.14 24.09 25.26 26.13 25.40 23.07 20.44 18.18 16.06 16.94 16.35 13.58 12.05 12.05 10.29 8.03 9.49 10.66 10.51 12.26
0.00 0.00 0.00 0.00 0.00 0.00 0.00 0.00 0.00 0.00 0.00 0.00 0.00 0.00 0.00 0.00 0.00 0.00 0.00 0.00 0.00 0.00 0.00 0.00 0.00 0.00 0.00 0.00 4.74 11.68 16.50 16.57 11.39 11.83 15.33 16.57 14.38 11.10 8.32 7.52 8.69 10.66 15.04 18.61 18.32 15.55 13.87 10.88 8.76 10.00 12.34 12.34 13.29 14.97 20.37 23.21 21.97 20.15 19.20 19.05 19.42 20.37 20.88 23.00 24.89 26.43 27.89 27.89 24.45 18.61 13.21 10.66 10.00 11.46 11.68 9.27 9.27 7.52 4.74 2.77 3.94 4.45 3.36
0.00 0.00 0.00 0.00 0.00 0.00 0.00 0.00 0.00 0.00 0.00 0.00 0.00 0.00 0.00 0.00 0.00 0.00 0.00 0.00 0.00 0.00 0.00 0.00 0.00 0.00 0.00 0.00 3.43 9.86 13.14 11.90 8.54 7.52 11.75 13.94 13.51 11.68 9.78 7.81 9.56 10.66 13.36 13.80 12.05 10.37 7.96 7.15 6.94 7.59 10.07 10.07 11.97 13.80 18.25 22.63 24.38 23.36 20.08 19.13 19.20 19.27 19.13 20.51 22.63 24.97 26.79 27.23 23.58 18.03 13.87 7.81 7.59 8.25 8.40 5.55 5.55 2.48 0.95 0.22 0.00 0.00 0.00
0.00 0.00 0.00 0.00 0.00 0.00 0.00 0.00 0.00 0.00 0.00 0.00 0.00 0.00 0.00 0.00 0.00 0.00 0.00 0.00 0.00 0.00 0.00 0.00 0.00 0.00 0.00 0.00 3.65 5.62 6.35 6.06 0.00 0.00 5.11 8.91 10.29 11.39 10.95 9.13 7.66 7.45 6.86 4.38 2.19 1.46 3.29 4.60 6.50 8.69 10.95 10.95 12.05 13.07 16.72 20.88 25.33 24.97 21.53 22.41 21.68 19.35 19.71 20.88 22.19 23.07 21.02 18.25 16.94 16.35 10.44 8.83 4.23 5.18 4.31 2.56 2.56 1.02 0.07 0.00 0.00 0.00 0.00
0.00 0.00 0.00 0.00 0.00 0.00 0.00 0.00 0.00 0.00 0.00 0.00 0.00 0.00 0.00 0.00 0.00 0.00 0.00 0.00 0.00 0.00 0.00 0.00 0.00 0.00 0.00 0.00 4.45 3.80 2.34 0.00 0.00 0.00 0.00 2.04 4.31 7.66 7.59 6.20 3.43 1.31 1.10 0.00 0.00 0.00 0.00 2.48 6.86 11.46 14.09 14.09 14.60 15.55 18.61 20.59 24.82 27.81 26.28 23.07 21.53 19.35 17.96 18.18 20.29 21.17 17.37 12.63 8.18 5.11 4.74 3.87 1.46 2.92 1.10 0.07 0.07 0.00 0.00 0.00 0.00 0.00 0.00
0.00 0.00 0.00 0.00 0.00 0.00 0.00 0.00 0.00 0.00 0.00 0.00 0.00 0.00 0.00 0.00 0.00 0.00 0.00 0.00 0.00 0.00 0.00 2.85 5.55 6.28 6.28 6.42 7.08 4.60 0.00 0.00 0.00 0.00 0.00 0.00 0.29 2.34 3.58 2.56 0.88 0.00 0.00 0.00 0.37 0.00 1.46 4.38 8.61 13.43 16.43 16.43 19.86 19.49 20.81 22.41 25.48 27.89 27.74 22.19 18.98 16.13 13.29 13.21 15.33 16.06 13.36 10.37 6.79 3.87 1.53 0.15 0.00 0.00 0.00 0.00 0.00 0.00 0.00 0.00 0.00 0.00 0.00
0.00 0.00 0.00 0.00 0.00 0.00 0.00 0.00 0.00 0.00 0.00 0.00 0.00 0.00 0.00 0.00 0.00 0.00 0.00 0.00 0.00 0.00 0.00 2.63 5.69 8.54 8.54 8.32 7.59 5.77 4.96 2.41 1.39 2.77 1.31 0.00 1.61 2.48 4.96 4.60 3.94 1.46 2.12 4.82 6.50 7.66 7.45 9.05 12.26 17.23 19.42 19.42 21.61 23.29 22.48 23.14 23.73 24.24 25.62 23.29 16.94 9.71 6.79 8.40 8.25 7.74 7.37 6.35 4.96 2.92 1.17 0.15 0.00 0.00 0.00 0.00 0.00 0.00 0.00 0.00 0.00 0.00 0.00
0.00 0.00 0.00 0.00 0.00 0.00 0.00 0.00 0.00 0.00 0.00 0.00 0.00 0.00 0.00 0.00 0.00 0.00 0.00 0.00 0.00 0.00 0.00 0.51 4.53 7.37 7.37 9.78 9.27 8.47 7.30 5.26 5.77 9.71 8.32 6.64 6.28 8.69 9.71 10.29 9.86 8.61 8.32 9.93 11.68 13.65 14.02 12.99 14.24 17.45 20.51 20.51 22.56 23.65 22.56 20.95 18.18 15.91 15.33 14.67 11.39 6.86 3.07 2.26 2.12 3.14 1.83 2.77 3.29 1.75 0.66 0.00 0.00 0.00 0.00 0.00 0.00 0.00 0.00 0.00 0.00 0.00 0.00
0.00 0.00 0.00 0.00 0.00 0.00 0.00 0.00 0.00 0.00 0.00 0.00 0.00 0.00 0.00 0.00 0.00 0.00 0.00 0.00 0.00 0.00 0.00 0.00 0.00 6.86 6.86 8.69 9.05 8.76 8.10 7.01 8.91 11.97 12.56 12.41 12.05 11.97 12.70 12.78 12.19 11.46 10.95 11.02 11.75 13.21 13.80 14.09 15.26 17.52 18.61 18.61 18.61 19.71 20.66 19.42 14.09 10.29 7.45 4.89 4.38 1.39 1.02 1.17 0.07 0.00 0.00 0.00 0.00 0.00 0.00 0.00 0.00 0.00 0.00 0.00 0.00 0.00 0.00 0.00 0.00 0.00 0.00
0.00 0.00 0.00 0.00 0.00 0.00 0.00 0.00 0.00 0.00 0.00 0.00 0.00 0.00 0.00 0.00 0.00 0.00 0.00 0.00 0.00 0.00 0.00 0.00 0.00 3.72 3.72 5.77 7.45 8.18 8.40 9.56 11.46 13.65 13.36 13.51 13.65 12.48 12.41 12.19 10.80 10.15 10.51 10.66 11.39 12.12 13.94 13.72 13.80 14.60 15.04 15.04 15.26 15.48 13.72 12.99 10.44 8.25 6.57 5.26 2.77 0.58 0.00 0.00 0.00 0.00 0.00 0.00 0.00 0.00 0.00 0.00 0.00 0.00 0.00 0.00 0.00 0.00 0.00 0.00 0.00 0.00 0.00
0.00 0.00 0.00 0.00 0.00 0.00 0.00 0.00 0.00 0.00 0.00 0.00 0.00 0.00 0.00 0.00 0.00 0.00 0.00 0.00 0.00 0.00 0.00 0.00 0.00 1.68 1.68 3.72 5.33 7.37 9.42 10.59 11.39 12.48 11.61 11.24 12.48 11.83 11.24 11.39 10.37 10.29 10.80 11.10 12.70 13.29 13.51 11.02 10.00 12.41 12.41 12.41 11.39 9.49 6.94 6.94 5.77 4.31 5.48 7.23 5.33 2.77 0.00 0.00 0.00 0.00 0.00 0.00 0.00 0.00 0.00 0.00 0.00 0.00 0.00 0.00 0.00 0.00 0.00 0.00 0.00 0.00 0.00
0.00 0.00 0.00 0.00 0.00 0.00 0.00 0.00 0.00 0.00 0.00 0.00 0.00 0.00 0.00 0.00 0.00 0.00 0.00 0.00 0.00 0.00 0.00 0.00 0.00 0.00 0.00 1.90 5.62 9.20 10.22 9.93 9.71 10.51 9.05 8.47 9.49 9.49 9.27 9.49 9.86 10.88 12.05 12.85 12.78 14.02 13.87 10.22 7.81 8.47 9.93 9.93 9.49 8.18 4.96 4.74 4.31 3.43 3.14 4.38 6.20 6.16 3.07 0.80 0.00 0.00 0.00 0.00 0.00 0.00 0.00 0.00 0.00 0.00 0.00 0.00 0.00 0.00 0.00 0.00 0.00 0.00 0.00
0.00 0.00 0.00 0.00 0.00 0.00 0.00 0.00 0.00 0.00 0.00 0.00 0.00 0.00 0.00 0.00 0.00 0.00 0.00 0.00 0.00 0.00 0.00 0.00 0.00 0.00 0.00 2.85 7.81 10.15 10.07 7.52 5.04 4.53 4.74 3.94 4.74 6.28 7.66 7.88 8.69 10.00 11.97 13.80 13.29 12.99 12.85 10.80 9.34 8.98 9.93 9.93 9.64 7.52 6.20 6.72 4.67 2.77 3.07 2.56 4.96 6.86 6.35 4.09 1.46 0.00 0.00 0.00 0.00 0.00 0.00 0.00 0.00 0.00 0.00 0.00 0.00 0.00 0.00 0.00 0.00 0.00 0.00
0.00 0.00 0.00 0.00 0.00 0.00 0.00 0.00 0.00 0.00 0.00 0.00 0.00 0.00 0.00 0.00 0.00 0.00 0.00 0.00 0.00 0.00 0.00 0.00 0.00 0.37 0.37 2.92 6.79 9.42 7.45 4.16 1.46 1.68 2.04 1.24 0.00 2.04 4.02 6.28 6.79 8.03 10.59 12.63 12.19 12.05 12.26 11.61 9.78 9.49 9.56 9.56 9.56 8.61 7.01 7.59 5.91 3.72 2.77 2.85 3.36 6.28 8.25 6.72 4.67 1.53 0.80 0.00 0.00 0.00 0.00 0.00 0.00 0.00 0.00 0.00 0.00 0.00 0.00 0.00 0.00 0.00 0.00
0.00 0.00 0.00 0.00 0.00 0.00 0.00 0.00 0.00 0.00 0.00 0.00 0.00 0.00 0.00 0.00 0.00 0.00 0.00 0.00 0.00 0.00 0.00 0.00 0.00 0.37 0.37 3.50 5.26 4.67 2.56 0.00 0.00 0.58 0.95 0.00 0.00 0.29 1.39 4.02 5.69 7.59 10.29 11.97 11.68 12.41 12.12 10.80 9.78 10.22 10.15 10.15 9.20 9.13 8.61 8.76 5.26 3.21 2.26 1.90 2.85 6.28 9.34 7.52 5.40 4.02 1.24 0.00 0.00 0.00 0.00 0.00 0.00 0.00 0.00 0.00 0.00 0.00 0.00 0.00 0.00 0.00 0.00
0.00 0.00 0.00 0.00 0.00 0.00 0.00 0.00 0.00 0.00 0.00 0.00 0.00 0.00 0.00 0.00 0.00 0.00 0.00 0.00 0.00 0.00 0.00 0.00 0.00 0.00 0.00 2.70 1.24 0.00 0.00 0.00 0.00 0.37 0.00 0.00 0.00 0.07 0.00 2.99 5.62 7.96 9.78 11.39 11.24 11.97 12.12 11.24 11.02 12.26 12.99 12.99 11.90 10.22 9.13 7.15 4.09 1.83 1.31 2.19 2.99 3.94 7.52 9.34 6.42 4.16 2.34 0.58 0.00 0.00 0.00 0.00 0.00 0.00 0.00 0.00 0.00 0.00 0.00 0.00 0.00 0.00 0.00
0.00 0.00 0.00 0.00 0.00 0.00 0.00 0.00 0.00 0.00 0.00 0.00 0.00 0.00 0.00 0.00 0.00 0.00 0.00 0.00 0.00 0.00 0.00 0.00 0.00 0.00 0.00 0.00 0.00 0.00 0.00 0.00 0.00 0.00 0.00 0.00 0.00 0.00 0.22 2.56 5.69 8.47 10.80 12.41 12.12 12.63 13.80 13.65 13.94 15.99 15.18 15.18 11.46 9.42 8.91 7.88 3.72 1.53 1.83 4.02 5.99 4.31 6.50 7.59 6.64 6.13 3.89 1.90 0.00 0.00 0.00 0.00 0.00 0.00 0.00 0.00 0.00 0.00 0.00 0.00 0.00 0.00 0.00
0.00 0.00 0.00 0.00 0.00 0.00 0.00 0.00 0.00 0.00 0.00 0.00 0.00 0.00 0.00 0.00 0.00 0.00 0.00 0.00 0.00 0.00 0.00 0.00 0.00 0.00 0.00 0.00 0.00 0.00 0.00 0.00 0.00 0.00 0.00 0.00 0.00 0.00 0.95 4.16 7.37 9.42 12.26 13.65 14.09 13.58 15.40 14.38 14.24 15.33 14.38 14.38 10.29 7.74 8.40 8.61 8.10 4.82 5.55 7.15 10.22 8.54 7.45 8.40 7.74 7.81 6.28 3.21 2.35 1.61 0.00 0.00 0.00 0.00 0.00 0.00 0.00 0.00 0.00 0.00 0.00 0.00 0.00
0.00 0.00 0.00 0.00 0.00 0.00 0.00 0.00 0.00 0.00 0.00 0.00 0.00 0.00 0.00 0.00 0.00 0.00 0.00 0.00 0.00 0.00 0.00 0.00 0.00 0.00 0.00 0.00 0.00 0.00 0.00 0.00 0.00 0.00 0.00 0.00 0.00 0.07 2.41 5.55 7.59 8.91 12.63 13.94 15.40 14.09 13.58 13.51 11.68 10.88 11.10 11.10 10.29 10.15 11.24 13.43 13.72 11.61 12.34 13.87 14.53 11.75 9.93 9.42 6.35 7.01 7.88 5.18 3.29 3.43 2.41 2.19 2.19 3.07 1.90 0.00 0.00 0.00 0.00 0.00 0.00 0.00 0.00
0.00 0.00 0.00 0.00 0.00 0.00 0.00 0.00 0.00 0.00 0.00 0.00 0.00 0.00 0.00 0.00 0.00 0.00 0.00 0.00 0.00 0.00 0.00 0.00 0.00 0.00 0.00 0.00 0.00 0.00 0.00 0.00 0.00 0.00 0.00 0.00 0.00 0.37 3.14 6.28 8.69 11.68 14.45 13.65 13.43 11.39 10.22 9.93 8.54 8.98 9.86 9.86 11.39 13.07 14.97 16.21 16.06 15.26 14.82 14.53 15.33 15.62 13.29 10.80 7.15 7.88 9.13 5.91 7.45 5.40 4.96 5.33 4.74 4.89 2.56 3.21 3.21 1.97 2.34 0.44 0.22 0.00 0.00
0.44 0.44 0.00 0.00 0.00 0.00 0.00 0.00 0.00 0.00 0.00 0.00 0.00 0.00 0.00 0.00 0.00 0.00 0.00 0.00 0.00 0.00 0.00 0.00 0.00 0.00 0.00 0.00 0.00 0.58 0.00 0.00 0.00 0.00 0.00 0.00 0.00 2.26 4.38 6.79 9.05 13.65 15.99 14.09 12.19 10.15 7.37 7.96 8.18 9.20 10.07 10.07 11.83 13.07 15.33 15.48 12.85 13.21 13.43 12.41 12.34 13.87 14.97 12.99 8.47 7.52 11.24 11.90 8.76 8.98 9.93 8.10 8.47 7.15 5.18 3.43 3.43 2.12 1.97 2.12 1.39 1.24 1.53
