Wansh/Snow_depth/snowdepth-1988/winter/1989043.txt
ncols 321
nrows 161
xllcenter 60
yllcenter 15 
cellsize  0.25 
NODATA_value -1
[rows 74 to 110 of 161, columns 83 to 165 of 321]
1.53 0.00 0.00 0.00 0.00 1.61 3.94 5.18 4.89 2.04 4.31 3.72 2.85 2.04 2.26 3.94 5.69 4.31 3.65 3.65 2.99 3.50 0.00 3.72 4.16 5.69 7.45 8.10 5.26 3.65 3.94 4.31 4.96 4.23 4.16 3.94 5.26 5.69 4.67 4.82 6.20 5.77 6.28 4.16 4.16 3.87 2.41 2.41 2.92 2.41 2.04 2.19 2.41 2.56 0.00 3.20 3.07 1.97 2.56 1.68 1.31 1.83 0.80 0.00 0.00 1.39 1.90 0.00 5.91 5.91 4.11 0.00 0.00 0.00 0.00 0.00 0.00 0.00 0.00 0.00 0.07 1.17 1.32
2.63 2.48 2.77 1.24 2.56 4.09 6.13 6.79 6.86 5.33 4.74 4.09 3.14 3.36 3.50 2.92 2.85 2.85 3.87 3.87 3.80 3.87 0.00 0.00 0.00 5.99 7.96 7.23 5.11 4.53 4.74 5.04 3.80 3.58 3.80 3.87 4.82 4.96 5.11 4.60 6.28 5.77 6.42 4.82 4.82 3.94 3.43 3.58 3.50 3.29 2.63 2.04 2.26 2.34 2.34 2.77 2.56 1.83 1.75 1.90 0.95 1.75 1.46 1.97 1.10 0.37 0.00 0.00 0.00 0.00 0.00 2.34 4.45 2.56 1.97 0.07 0.00 0.00 0.00 0.00 0.00 0.37 0.37
2.85 2.48 3.87 3.50 3.50 3.36 3.87 6.06 5.40 5.55 5.04 4.82 5.18 4.31 4.02 3.80 3.65 3.80 4.16 4.16 3.80 4.02 3.72 0.00 0.00 0.00 0.00 4.74 4.67 5.04 4.31 4.53 3.14 3.36 2.92 0.00 4.23 3.94 3.94 4.09 5.84 5.11 4.23 3.87 3.87 3.50 2.99 3.21 3.29 3.87 3.21 2.41 2.41 1.97 2.41 2.85 2.34 1.68 2.19 1.83 1.17 1.68 1.39 1.31 0.07 0.00 0.00 0.00 0.00 0.00 0.00 2.77 7.88 9.64 5.62 1.83 0.00 0.00 0.00 0.00 0.00 0.00 0.00
5.69 4.96 6.06 4.60 3.87 3.14 4.23 5.26 5.11 5.11 5.04 5.33 5.33 5.40 5.55 4.67 4.53 4.16 4.02 4.02 4.23 4.31 3.80 0.00 0.00 0.00 0.00 0.00 0.00 0.00 4.38 3.50 2.63 2.56 2.26 3.21 3.58 0.00 0.00 3.50 3.72 3.21 3.14 3.21 3.21 0.00 2.26 2.12 2.70 3.72 3.65 3.29 2.99 2.56 3.21 3.58 3.21 2.34 2.77 3.14 1.83 2.92 0.00 0.00 0.00 0.00 0.00 0.00 0.00 0.00 0.95 3.58 5.48 4.96 4.31 1.83 0.15 0.00 0.00 0.00 0.00 0.00 0.00
6.28 5.26 5.40 5.40 4.16 3.50 4.31 4.60 5.26 4.82 4.82 4.82 4.96 5.33 5.62 4.82 5.11 4.89 4.53 4.53 4.53 4.60 4.09 3.29 4.23 0.00 0.00 0.00 0.00 0.00 0.00 0.00 0.00 0.00 0.00 2.56 3.29 0.00 0.00 0.00 0.00 0.00 0.00 0.00 0.00 0.00 0.00 0.00 0.00 0.00 3.14 3.50 3.80 0.00 2.41 3.65 3.87 3.43 1.68 0.00 0.00 0.00 0.00 0.00 0.00 0.00 0.00 0.00 2.56 2.56 1.39 0.07 0.80 1.68 2.63 1.53 0.37 0.00 0.00 0.00 0.00 0.00 0.81
5.99 6.13 6.50 5.62 4.31 4.09 4.89 4.38 5.04 4.82 4.31 5.04 4.45 4.23 4.09 4.23 5.33 4.89 4.60 4.60 4.74 4.89 4.38 3.87 4.02 3.87 2.99 0.00 0.00 0.00 0.00 0.00 0.00 0.00 0.00 0.00 0.00 0.00 0.00 0.00 0.00 0.00 0.00 0.00 0.00 0.00 0.00 0.00 0.00 0.00 0.00 0.00 0.00 0.00 0.00 0.00 0.00 0.00 0.00 0.00 0.00 0.00 0.00 0.00 0.00 0.00 0.00 0.00 0.00 0.00 0.51 0.00 0.37 1.24 1.68 2.20 2.34 0.59 0.15 0.00 0.00 0.00 0.00
0.00 0.00 0.00 4.53 4.09 3.87 4.38 4.02 4.67 4.45 4.16 4.23 4.45 4.74 4.23 4.09 4.16 4.02 4.89 4.89 5.18 4.67 4.31 3.87 4.16 3.58 3.07 3.14 3.07 2.19 0.00 0.00 0.00 0.00 0.00 0.00 0.00 0.00 0.00 0.00 0.00 0.00 0.00 0.00 0.00 0.00 0.00 0.00 0.00 0.00 0.00 0.00 0.00 0.00 0.00 0.00 0.00 0.00 0.00 0.00 0.00 0.00 0.88 1.46 0.51 0.00 0.00 0.00 0.00 0.00 0.00 0.44 0.58 1.53 3.07 3.21 2.49 1.35 0.92 0.37 0.00 0.00 0.00
0.00 0.00 0.00 3.58 3.65 3.29 3.94 3.94 4.02 3.50 4.09 4.31 5.33 4.23 3.94 4.02 4.23 4.31 3.72 3.72 3.14 3.07 3.07 2.41 2.41 3.07 2.56 2.63 2.41 1.83 1.97 1.61 0.80 0.00 0.00 0.00 0.00 0.00 0.00 0.00 0.00 0.00 0.00 0.00 0.00 0.00 0.00 0.00 0.00 0.00 0.00 0.00 0.00 0.00 0.00 0.00 0.00 0.00 0.00 0.00 0.51 1.90 1.31 1.83 1.31 0.00 0.00 0.00 0.00 0.00 0.00 0.66 1.17 2.12 3.50 4.82 3.89 2.73 0.69 0.68 1.50 0.00 0.00
3.21 2.99 3.87 4.82 3.87 3.36 3.87 4.16 3.94 3.72 3.87 5.04 3.87 4.60 4.23 4.53 4.31 3.87 3.58 3.58 2.99 2.34 0.00 0.00 1.61 2.26 2.41 2.70 1.75 0.00 1.46 1.97 0.00 0.00 0.00 0.00 0.44 0.00 0.00 0.00 0.00 0.00 0.00 0.00 0.00 0.00 0.00 0.00 0.00 0.00 0.00 0.00 0.00 0.00 0.00 0.00 0.00 0.00 0.00 0.00 0.73 1.46 1.02 0.51 0.66 0.37 0.15 0.00 0.00 0.00 0.07 0.88 0.80 1.39 3.72 5.55 5.40 2.85 2.04 2.19 1.69 1.68 0.00
4.82 4.74 4.31 4.60 3.72 4.02 3.21 2.99 3.50 3.50 3.50 4.23 2.92 3.94 3.65 4.38 4.31 3.65 3.94 3.94 2.41 0.00 0.00 0.00 0.00 0.00 1.90 1.75 0.00 0.00 1.68 1.68 0.00 0.00 0.00 0.00 0.00 0.00 0.00 0.00 0.00 0.00 0.00 0.00 0.00 0.00 0.80 0.95 0.00 0.00 0.37 0.00 0.00 0.37 0.22 0.00 0.00 0.37 0.00 0.00 0.15 0.95 0.44 0.58 0.66 0.58 0.95 0.95 0.58 0.58 0.95 1.02 0.15 0.51 1.53 3.50 5.62 4.82 3.94 4.23 4.02 3.87 2.48
4.67 4.16 3.65 3.43 3.14 4.45 3.65 0.00 4.31 4.23 3.94 4.67 4.82 3.43 3.43 4.45 3.50 4.16 3.87 3.87 3.36 3.21 0.00 0.00 0.00 1.97 1.83 2.26 0.00 2.26 2.12 1.90 0.00 0.00 0.00 0.00 0.00 0.00 0.00 0.00 0.00 0.00 0.00 0.00 0.00 0.00 0.00 0.00 0.00 0.00 0.00 0.00 0.51 0.22 0.51 0.66 0.66 0.66 0.44 0.00 0.07 0.58 0.29 1.02 0.37 0.00 0.00 0.00 0.58 0.58 1.10 0.95 0.88 0.73 0.73 1.46 3.80 5.69 5.99 6.64 7.08 7.01 5.84
0.00 0.00 0.00 0.00 2.48 0.00 3.29 2.92 4.02 4.60 5.04 4.23 4.09 0.00 3.07 2.85 2.92 3.21 3.07 3.07 0.00 2.99 3.14 3.80 3.07 2.85 3.14 2.56 0.00 0.00 0.00 1.46 1.53 2.12 1.97 0.00 0.00 0.00 0.00 0.58 0.88 0.00 0.58 0.95 0.95 0.00 0.00 0.00 0.00 0.00 1.02 1.39 0.58 0.07 0.80 2.12 2.41 1.97 1.17 0.44 0.22 0.51 0.89 0.83 0.88 1.02 0.95 1.02 0.95 0.95 1.68 2.41 1.68 0.73 0.00 0.88 1.75 3.80 6.79 8.54 9.05 8.83 7.37
1.68 1.97 2.04 3.43 3.14 3.50 3.36 3.21 4.02 3.80 4.09 3.80 3.65 3.14 2.56 0.00 0.00 2.12 3.36 3.36 3.07 3.80 4.23 4.02 4.02 0.00 0.00 3.07 2.34 3.43 3.58 3.07 0.00 0.00 3.07 2.99 0.00 0.00 0.00 0.00 2.92 2.85 1.10 1.31 1.31 0.88 1.46 1.53 1.46 1.10 1.46 1.53 0.51 0.29 0.07 0.66 4.31 6.35 7.30 6.94 4.89 2.12 1.10 0.97 1.75 1.83 2.26 2.04 1.68 1.68 2.99 5.69 7.59 6.20 4.38 2.26 1.97 2.26 4.31 7.15 9.27 8.91 8.18
1.53 1.90 2.56 3.07 0.00 0.00 0.00 2.12 3.14 3.36 2.99 2.56 2.99 2.63 1.17 2.26 1.53 2.34 3.50 3.50 3.07 3.94 2.92 2.77 2.70 0.00 0.00 2.92 4.02 3.65 2.56 0.00 0.00 2.92 3.65 3.36 0.00 0.00 0.00 0.00 2.70 2.77 1.31 1.53 1.53 0.88 1.61 1.75 1.46 1.02 0.95 1.83 1.17 0.66 0.29 1.10 2.04 4.45 7.01 7.45 5.99 2.48 0.80 1.61 1.68 2.45 3.65 3.80 2.04 2.04 2.85 4.96 7.88 8.54 6.72 4.38 5.11 4.96 5.11 6.28 7.88 9.42 8.32
2.56 2.70 2.92 0.00 0.00 0.00 0.00 1.75 2.77 0.00 0.00 2.77 2.92 2.99 2.56 2.41 1.83 1.83 1.68 1.68 1.97 2.85 1.46 1.68 1.61 0.00 1.39 2.26 3.58 3.43 2.70 2.12 2.63 3.21 3.50 3.58 2.99 3.21 0.00 0.00 2.34 2.26 2.04 1.39 1.39 1.02 2.12 1.68 1.97 1.17 1.02 1.61 1.68 1.02 0.51 1.46 1.75 2.70 3.94 4.16 4.67 2.92 1.31 2.77 2.85 3.24 5.87 6.79 5.26 5.26 3.43 4.16 6.06 7.81 7.45 6.86 7.08 7.01 7.37 7.15 6.79 7.81 7.23
3.43 3.94 2.48 0.00 0.00 0.00 0.00 0.00 0.00 0.00 0.00 2.41 2.41 2.56 2.48 0.00 0.00 1.68 0.00 0.00 0.00 0.80 0.95 0.95 0.00 0.00 0.00 0.00 4.38 0.00 0.00 3.72 3.80 3.58 3.50 3.65 2.56 2.26 0.00 0.00 0.00 0.00 2.85 1.97 1.97 1.75 2.19 2.04 1.53 1.61 1.83 1.97 1.83 1.90 1.83 1.61 1.61 1.53 1.90 2.15 2.43 2.26 1.31 2.61 5.91 7.34 7.90 7.99 7.52 7.52 6.20 5.91 5.91 6.64 8.69 7.81 7.30 8.54 7.88 7.52 6.88 6.77 6.10
3.65 3.36 2.04 0.00 0.00 0.00 0.00 0.00 0.00 0.00 0.00 0.00 0.00 0.00 0.00 0.00 0.00 0.00 0.00 0.00 0.00 0.66 0.00 0.00 1.02 0.00 0.00 0.00 3.43 0.00 0.00 2.92 2.99 3.43 3.14 2.56 2.12 0.00 0.00 1.46 0.00 0.00 0.00 1.10 1.10 0.80 1.39 1.75 1.83 0.95 0.66 1.68 1.68 2.12 2.41 1.90 2.04 1.68 1.24 1.68 2.04 1.51 0.73 1.55 4.53 8.61 8.98 7.90 7.78 7.53 6.82 7.01 7.01 7.01 6.94 6.94 7.23 7.08 7.30 7.03 6.12 5.51 6.22
2.26 2.19 1.53 1.83 1.68 0.00 0.00 0.00 0.00 0.00 0.00 0.00 0.00 0.00 0.00 0.00 0.00 0.00 0.00 0.00 0.00 0.00 0.00 0.00 0.00 0.00 0.00 0.00 2.70 0.00 1.24 1.68 0.00 0.00 0.00 0.00 0.00 0.00 0.00 0.00 0.00 0.00 0.00 0.00 0.00 0.15 1.17 0.88 0.66 0.29 0.00 0.51 0.95 1.83 2.48 3.07 4.53 4.53 3.94 3.10 2.14 1.90 1.10 1.79 2.28 5.86 7.90 7.01 6.13 6.16 5.94 6.02 8.25 7.88 6.42 6.09 6.20 5.91 4.96 5.50 6.52 7.49 7.23
2.12 1.53 0.58 1.31 1.39 0.00 0.00 0.00 1.53 0.00 0.00 0.00 0.00 0.00 0.00 0.00 0.00 0.00 0.00 0.00 0.00 0.00 0.00 0.00 0.00 0.00 0.00 0.00 0.00 0.00 0.00 0.00 0.00 0.00 0.00 0.00 0.00 0.00 0.00 0.00 0.00 0.00 0.00 0.00 0.00 0.00 0.73 0.44 0.00 0.29 0.07 0.37 0.44 1.68 2.70 3.94 6.57 8.10 8.32 7.88 5.39 3.47 2.29 1.62 2.42 4.75 6.35 5.32 4.82 4.82 4.82 4.50 6.27 7.48 7.34 5.72 5.60 5.48 5.04 5.04 5.81 7.58 8.65
3.07 2.26 1.46 1.17 1.10 1.46 0.00 0.00 0.00 0.00 0.00 0.00 0.00 0.00 0.00 0.00 0.00 0.00 0.00 0.00 0.00 0.00 0.00 0.00 0.00 0.00 0.00 0.00 0.00 0.00 0.00 0.00 0.00 0.00 0.00 0.00 0.00 0.00 0.00 0.00 0.00 0.00 0.00 0.00 0.00 0.00 0.07 0.44 0.73 0.07 0.80 1.10 1.24 2.12 3.14 4.96 8.91 10.71 10.95 11.10 9.34 5.99 4.21 2.33 1.15 2.72 4.57 4.26 3.29 3.29 2.65 2.33 3.18 4.74 6.68 5.26 4.62 4.67 4.59 4.40 5.12 6.19 6.91
5.11 3.94 3.14 2.04 1.75 1.68 0.88 0.00 0.00 0.00 0.00 0.00 0.00 0.00 0.00 0.00 0.00 0.00 0.00 0.00 0.00 0.00 0.00 0.00 0.00 0.00 0.00 0.00 0.00 0.00 0.00 0.00 0.00 0.00 0.00 0.00 0.00 0.00 0.00 0.00 0.00 0.00 0.00 0.00 0.00 0.07 0.00 0.29 0.95 0.37 1.31 1.83 1.61 2.91 4.06 4.74 8.60 10.54 10.51 10.59 9.42 7.45 3.67 2.07 1.29 1.33 2.90 3.71 2.26 2.27 1.63 2.14 1.22 2.90 4.84 6.18 5.26 4.47 4.24 4.53 4.28 5.61 6.20
9.20 8.32 4.96 3.36 2.77 2.26 2.12 2.63 0.00 0.00 0.00 0.00 0.00 0.00 0.00 0.00 0.00 0.00 0.00 0.00 0.00 0.00 0.00 0.00 0.00 0.00 0.00 0.00 0.58 0.00 0.00 0.00 0.00 0.00 0.00 0.00 0.00 0.00 0.00 0.00 0.00 0.00 0.00 0.00 0.00 0.44 0.44 0.51 0.66 0.66 1.53 2.12 2.04 2.92 4.13 5.32 7.00 8.63 9.11 8.23 6.49 5.65 3.01 1.10 0.85 0.40 1.31 1.20 1.17 1.17 0.59 0.00 0.41 1.41 2.53 3.96 3.96 3.80 3.59 2.77 2.38 3.94 5.14
13.65 12.85 9.78 4.38 4.09 4.09 3.50 2.99 2.56 0.00 0.00 0.00 0.00 0.00 0.00 0.00 0.00 0.00 0.00 0.00 0.00 0.00 0.00 0.00 0.00 0.00 0.00 0.00 0.15 0.00 0.00 0.00 0.00 0.00 0.00 0.00 0.00 0.00 0.00 0.00 0.00 0.00 0.00 1.90 1.90 0.66 0.58 0.73 0.51 0.44 2.04 2.63 3.36 4.23 6.16 6.85 7.14 6.59 6.50 6.26 3.85 3.39 2.66 1.28 0.15 0.00 0.33 1.44 0.74 0.73 0.15 0.00 0.00 0.73 2.10 2.41 2.05 1.41 0.95 1.44 1.48 2.41 3.24
17.08 17.08 10.07 3.80 0.00 5.18 5.40 5.55 5.33 4.16 3.94 3.80 0.00 0.00 0.00 0.00 0.00 0.00 0.00 0.00 0.00 0.00 0.00 0.00 0.00 0.00 0.00 0.00 0.44 0.73 0.00 0.00 0.00 0.00 0.00 0.00 0.00 0.00 0.00 0.00 0.00 0.51 2.41 2.26 2.26 1.10 0.66 0.22 0.66 2.04 2.99 3.16 4.89 6.57 8.34 9.96 8.80 7.37 7.23 6.60 5.05 3.08 2.54 1.76 0.88 0.00 0.00 0.00 0.23 0.22 0.00 0.00 0.00 0.08 2.45 2.13 1.53 1.07 0.48 0.82 1.04 0.52 0.71
11.68 10.15 7.15 4.67 6.94 8.25 9.93 11.02 11.75 12.26 10.51 9.05 5.11 2.63 1.97 1.39 0.37 0.00 0.00 0.00 0.00 0.00 0.95 0.00 0.00 0.44 1.83 1.61 1.53 1.17 0.58 0.58 0.15 1.31 1.61 1.90 1.31 1.61 0.00 0.00 1.61 0.88 0.58 1.46 1.46 0.80 0.88 1.46 2.48 3.29 4.96 7.07 10.49 10.13 9.03 9.00 8.26 9.68 10.67 10.67 11.67 11.37 7.26 5.18 3.01 1.68 1.69 1.00 0.07 0.07 0.00 0.00 0.00 0.00 1.28 3.14 2.56 1.29 0.66 0.25 0.00 0.00 0.50
6.50 7.30 7.74 7.45 9.49 9.49 10.80 11.17 12.70 15.77 17.01 10.80 6.57 4.31 4.02 2.77 1.83 1.39 0.29 0.29 1.02 0.58 1.24 1.46 0.22 0.44 1.83 1.02 0.88 1.10 1.31 0.37 0.73 0.88 1.31 2.48 2.12 2.92 4.89 3.21 0.29 0.00 0.37 0.22 0.22 0.58 0.73 0.80 1.46 2.48 5.17 7.15 8.71 8.54 8.56 9.44 7.63 6.64 7.81 9.10 12.22 14.75 14.52 11.77 5.72 2.70 2.48 2.42 1.16 1.14 0.00 0.00 0.00 0.09 1.62 3.26 3.50 1.25 0.45 0.38 0.00 0.00 0.00
5.26 7.01 8.98 8.32 7.15 7.01 7.74 8.54 10.80 16.06 17.30 11.61 6.28 3.94 4.67 4.67 4.38 3.50 3.14 3.14 1.46 0.80 1.24 0.73 0.95 0.95 0.95 0.00 0.58 0.58 1.68 2.34 1.39 0.66 0.73 1.53 2.04 3.94 3.58 1.46 0.00 0.00 0.00 0.00 0.00 0.07 0.00 0.15 1.33 3.57 6.02 7.76 9.02 10.00 9.41 10.91 7.68 5.36 5.43 8.72 9.88 14.36 18.40 18.76 13.29 7.23 3.95 3.43 2.71 3.02 0.00 0.00 0.62 0.00 1.18 2.99 3.61 2.04 0.88 0.66 0.00 0.00 0.16
1.17 4.23 6.64 5.99 4.82 5.55 6.79 7.08 8.22 10.80 14.24 10.22 5.26 3.94 4.16 6.06 5.99 4.09 3.07 3.07 1.97 1.68 1.68 1.61 1.61 0.88 0.66 0.00 0.66 0.66 1.90 1.39 1.61 0.07 0.00 0.88 1.90 2.26 0.88 0.29 0.00 0.00 0.00 0.00 0.00 0.00 0.00 0.22 1.32 3.21 6.51 8.60 10.28 11.94 11.00 9.55 8.21 5.31 4.52 5.72 8.45 11.51 16.62 20.40 20.15 15.04 8.03 5.05 4.00 3.86 1.99 0.00 0.00 0.00 0.92 2.68 2.40 1.85 0.92 1.00 0.16 0.00 0.16
0.00 0.00 2.56 3.43 0.00 2.63 5.04 5.33 6.28 7.81 9.86 7.15 4.74 3.80 4.09 5.26 5.26 3.80 3.72 3.72 2.70 2.34 1.61 2.12 1.83 0.88 0.44 0.00 0.07 0.00 0.66 0.95 0.44 0.00 0.00 0.00 0.07 0.44 0.66 0.00 0.00 0.00 0.00 0.00 0.00 0.00 0.00 0.15 1.53 3.58 6.42 8.52 9.55 9.06 8.07 8.95 9.09 4.92 4.23 6.68 8.58 7.79 10.97 16.31 22.02 19.22 14.22 9.10 7.42 7.47 4.87 1.52 0.48 0.00 0.00 0.80 0.85 0.97 1.03 0.29 0.32 0.00 0.09
0.00 0.00 0.00 0.00 0.00 0.00 5.69 5.84 6.13 6.50 6.28 4.96 4.38 3.72 2.92 0.00 0.00 0.00 3.80 3.80 3.07 0.00 1.75 1.83 0.37 0.00 0.07 0.00 0.00 0.00 0.00 0.00 0.00 0.00 0.00 0.00 0.00 0.00 0.00 0.00 0.00 0.00 0.00 0.00 0.00 0.00 0.00 0.00 0.44 2.37 5.57 8.25 9.18 11.66 8.99 6.53 6.38 5.14 5.62 5.45 6.34 7.03 9.31 12.74 16.41 17.45 18.67 14.92 8.16 9.55 8.65 5.75 1.34 0.00 0.00 0.00 0.50 1.05 0.07 0.93 1.28 0.87 1.46
0.00 0.00 0.00 0.00 0.00 0.00 4.09 4.38 5.26 5.48 4.23 4.67 4.09 4.53 2.77 2.41 2.77 4.09 4.96 4.96 4.16 4.09 2.04 1.53 0.22 0.15 0.29 0.07 0.00 0.00 0.00 0.00 0.00 0.00 0.00 0.00 0.00 0.00 0.00 0.00 0.00 0.00 0.00 0.00 0.00 0.00 0.00 0.00 0.00 1.68 5.32 6.94 8.76 7.73 5.23 5.01 4.99 0.00 4.58 6.59 6.76 8.29 8.04 9.64 13.38 16.49 16.42 21.08 12.47 13.96 9.51 8.69 6.12 1.93 0.62 0.56 0.00 0.58 0.66 0.56 0.00 0.33 1.39
0.00 0.00 0.00 0.00 0.00 0.00 0.00 0.00 4.89 6.06 5.04 4.67 5.84 5.26 3.65 4.82 5.63 5.97 5.91 5.91 4.89 4.67 3.43 1.24 0.00 0.37 0.00 0.00 0.00 0.00 0.00 0.00 0.00 0.00 0.00 0.00 0.00 0.00 0.00 0.00 0.00 0.00 0.00 0.00 0.00 0.00 0.00 0.00 0.00 0.69 5.11 9.06 8.54 7.66 4.55 3.34 0.00 0.00 0.00 4.87 1.93 6.26 11.99 8.66 9.37 14.29 16.77 23.65 16.28 16.63 10.53 8.72 7.22 4.84 1.69 1.20 0.99 0.31 0.54 0.56 0.85 0.40 1.28
0.00 0.00 0.00 0.00 0.00 0.00 0.00 0.00 0.00 3.87 3.94 2.92 4.74 5.18 4.31 5.48 5.80 7.23 7.18 6.70 6.13 6.13 4.96 1.75 1.10 0.66 0.44 1.10 0.44 0.00 0.00 0.00 0.00 0.00 0.00 0.00 0.00 0.00 0.00 0.00 0.00 0.80 0.88 0.58 0.58 0.58 0.00 0.00 0.23 2.99 8.64 9.70 8.37 6.36 2.51 0.00 0.00 0.00 0.00 0.00 0.00 3.13 7.09 8.39 7.04 11.40 18.12 16.99 17.49 21.38 13.59 8.40 8.34 6.58 2.92 1.30 2.57 1.91 1.22 0.73 0.00 0.00 1.12
0.00 0.00 0.00 0.00 0.00 0.00 0.00 0.00 0.00 0.00 0.00 0.00 0.00 0.00 0.00 0.00 2.26 2.85 4.05 4.12 4.96 6.50 6.94 4.82 4.60 3.87 4.02 3.80 3.94 1.97 0.00 3.21 4.23 3.14 0.00 1.68 2.56 4.60 4.89 5.11 6.02 4.74 5.31 5.55 5.55 7.37 7.66 3.43 4.18 6.21 3.84 0.00 0.00 0.00 0.00 0.00 0.00 0.00 0.00 0.00 0.00 0.00 0.00 2.61 4.71 8.78 10.97 7.41 7.85 8.78 9.19 7.12 5.86 5.40 2.81 2.05 1.42 2.04 1.28 0.73 0.00 0.00 0.00
0.00 0.00 0.00 0.00 0.00 0.00 0.00 0.00 0.00 0.00 0.00 0.00 0.00 0.00 0.00 0.00 0.00 0.00 0.00 0.00 2.77 5.65 6.43 6.06 5.11 5.55 6.29 6.44 5.99 4.60 5.26 5.18 6.50 6.50 2.34 3.07 4.67 6.50 7.45 6.72 6.64 5.37 6.75 9.05 10.11 12.34 12.12 8.83 5.62 6.74 1.91 0.00 0.00 0.00 0.00 0.00 0.00 0.00 0.00 0.00 0.00 0.00 0.00 0.00 2.58 5.66 6.52 4.35 2.70 2.70 4.43 4.19 4.49 4.09 2.99 1.34 0.65 0.35 0.00 0.00 0.00 0.00 0.00
0.00 0.00 0.00 0.00 0.00 0.00 0.00 0.00 0.00 0.00 0.00 0.00 0.00 0.00 0.00 0.00 0.00 0.00 0.00 0.00 0.00 0.00 2.19 2.85 5.91 5.26 4.26 3.87 5.26 6.64 6.42 5.55 8.54 8.75 5.26 5.33 3.63 3.58 5.69 6.06 4.82 2.51 3.50 4.77 6.05 10.71 12.14 10.37 6.26 3.58 0.00 0.00 0.00 0.00 0.00 0.00 0.00 0.00 0.00 0.00 0.00 0.00 0.00 0.00 0.00 0.00 0.00 0.00 0.00 0.00 0.00 3.22 2.81 0.00 0.00 0.00 0.52 0.39 0.00 0.00 0.00 0.00 0.00
0.00 0.00 0.00 0.00 0.00 0.00 0.00 0.00 0.00 0.00 0.00 0.00 0.00 0.00 0.00 0.00 0.00 0.00 0.00 0.00 0.00 0.00 0.00 0.00 1.10 1.75 0.00 0.00 4.16 3.65 3.87 2.19 4.44 8.59 4.09 4.82 0.00 0.00 2.70 2.04 1.97 0.00 0.00 3.48 3.97 8.69 11.36 9.26 0.00 0.00 0.00 0.00 0.00 0.00 0.00 0.00 0.00 0.00 0.00 0.00 0.00 0.00 0.00 0.00 0.00 0.00 0.00 0.00 0.00 0.00 0.00 0.00 0.00 0.00 0.00 0.00 0.18 0.00 0.00 0.00 0.00 0.00 0.00
