Wansh/Snow_depth/snowdepth-1988/winter/1989039.txt
ncols 321
nrows 161
xllcenter 60
yllcenter 15 
cellsize  0.25 
NODATA_value -1
[rows 0 to 36 of 161, columns 166 to 248 of 321]
10.88 10.15 9.13 8.18 6.35 5.55 5.69 5.69 5.55 5.55 5.40 5.40 5.40 5.77 6.28 6.06 5.26 5.26 5.77 7.15 8.76 9.27 9.64 9.34 8.98 8.83 7.37 5.04 2.19 0.00 0.00 0.00 0.00 5.11 14.38 14.60 14.60 14.60 14.31 11.32 12.19 14.09 13.29 10.80 9.27 8.91 8.03 6.57 9.42 10.95 11.24 10.37 9.27 9.34 11.17 12.19 13.07 13.65 14.38 14.31 13.94 11.90 11.90 11.32 12.63 13.87 15.26 16.21 17.08 18.61 19.05 18.54 17.45 17.01 17.59 17.96 18.54 19.49 21.24 23.07 23.29 23.87 23.51
13.65 13.14 11.83 10.29 8.98 8.40 7.81 6.57 5.48 5.11 5.55 5.55 5.69 5.91 6.79 7.08 6.57 6.57 6.72 7.96 9.56 10.51 9.71 8.61 8.03 7.23 5.62 0.00 0.00 0.00 0.00 0.00 0.00 6.64 11.17 11.10 10.88 10.88 8.25 8.98 12.19 15.62 15.62 14.02 13.80 12.85 12.99 12.78 10.15 8.76 8.10 8.76 9.86 11.53 13.58 15.33 15.55 16.21 16.57 16.21 16.06 15.33 15.33 15.26 15.91 16.57 16.72 16.94 17.89 19.64 20.95 20.29 19.86 19.78 18.69 18.61 19.05 19.05 20.73 22.63 22.41 22.19 21.46
19.35 18.32 16.94 14.02 12.56 12.12 12.05 10.44 7.08 5.11 5.40 5.40 5.91 6.35 6.94 7.30 7.30 8.47 9.86 10.88 10.80 10.44 9.86 10.00 9.71 6.94 0.00 0.00 0.00 0.00 0.00 0.00 1.46 6.50 8.40 8.54 12.19 12.19 9.49 11.90 16.79 18.10 17.16 15.40 14.02 12.92 12.12 8.69 7.45 8.69 8.54 9.20 10.80 12.63 14.31 16.43 17.23 17.16 16.72 15.99 15.33 16.43 16.43 17.52 18.10 17.81 17.30 16.94 17.23 19.13 19.71 19.27 19.64 20.44 20.00 19.56 18.25 17.37 17.59 17.81 18.03 17.59 17.96
19.35 18.32 16.94 14.02 12.56 12.12 12.05 10.44 7.08 5.11 5.40 5.40 5.91 6.35 6.94 7.30 7.30 8.47 9.86 10.88 10.80 10.44 9.86 10.00 9.71 6.94 0.00 0.00 0.00 0.00 0.00 0.00 1.46 6.50 8.40 8.54 12.19 12.19 9.49 11.90 16.79 18.10 17.16 15.40 14.02 12.92 12.12 8.69 7.45 8.69 8.54 9.20 10.80 12.63 14.31 16.43 17.23 17.16 16.72 15.99 15.33 16.43 16.43 17.52 18.10 17.81 17.30 16.94 17.23 19.13 19.71 19.27 19.64 20.44 20.00 19.56 18.25 17.37 17.59 17.81 18.03 17.59 17.96
17.96 18.98 19.35 18.98 17.45 14.89 13.51 13.43 11.46 8.69 5.62 5.62 6.06 7.59 8.91 8.47 9.86 11.61 14.09 13.87 11.53 10.88 9.56 7.01 4.74 1.39 0.00 0.00 0.00 0.00 0.00 0.00 3.50 7.52 9.49 10.29 11.61 11.61 10.07 14.60 13.58 11.61 9.86 8.69 8.40 7.45 6.64 5.91 6.42 8.25 5.91 7.15 10.00 11.32 13.65 15.55 15.18 15.70 15.26 15.26 15.04 14.97 14.97 16.43 17.74 18.40 18.40 17.59 16.43 15.91 15.70 16.35 17.23 18.47 18.54 17.30 16.21 16.06 15.48 16.06 17.59 17.96 17.67
18.61 20.22 21.53 22.05 20.66 19.13 16.21 15.40 15.33 13.36 10.29 10.29 8.69 9.86 11.75 12.70 12.19 12.85 12.99 11.53 10.07 6.86 2.56 0.00 0.00 0.00 0.00 0.00 0.00 0.00 0.58 7.15 9.86 10.15 10.66 10.80 10.66 10.66 14.60 13.36 12.99 6.94 6.35 6.86 6.72 6.13 5.69 6.06 7.30 9.20 10.51 8.61 9.64 13.36 15.04 14.75 13.43 13.80 14.75 13.80 12.78 13.14 13.14 14.53 15.26 15.70 15.91 14.45 13.21 12.34 12.48 13.94 15.33 15.91 14.89 14.02 13.87 13.72 14.09 14.45 16.06 17.37 16.79
15.18 18.69 22.12 23.29 22.78 20.37 18.98 17.37 17.16 17.74 17.08 17.08 13.14 12.70 13.72 14.97 14.38 13.51 11.24 9.05 4.38 1.68 0.00 0.00 0.00 0.00 0.00 0.00 0.00 0.00 7.74 9.20 10.80 11.39 11.90 12.78 11.39 11.39 14.82 13.14 12.92 11.24 7.74 8.18 7.88 8.25 9.49 10.73 12.19 12.63 13.43 14.89 12.12 13.65 14.89 13.65 12.92 13.72 13.51 11.90 11.53 11.75 11.75 12.41 12.12 12.41 12.12 10.73 10.51 10.44 11.10 11.90 12.26 12.63 11.68 10.88 10.88 10.88 10.44 11.02 13.21 15.28 18.09
15.18 18.69 22.12 23.29 22.78 20.37 18.98 17.37 17.16 17.74 17.08 17.08 13.14 12.70 13.72 14.97 14.38 13.51 11.24 9.05 4.38 1.68 0.00 0.00 0.00 0.00 0.00 0.00 0.00 0.00 7.74 9.20 10.80 11.39 11.90 12.78 11.39 11.39 14.82 13.14 12.92 11.24 7.74 8.18 7.88 8.25 9.49 10.73 12.19 12.63 13.43 14.89 12.12 13.65 14.89 13.65 12.92 13.72 13.51 11.90 11.53 11.75 11.75 12.41 12.12 12.41 12.12 10.73 10.51 10.44 11.10 11.90 12.26 12.63 11.68 10.88 10.88 12.57 14.40 15.86 18.10 25.97 29.87
10.37 12.78 15.18 20.00 21.68 20.44 18.10 16.50 15.55 15.33 17.16 17.16 17.74 17.01 16.50 16.79 14.31 11.68 8.69 6.57 1.46 0.00 0.00 0.00 0.00 0.00 0.00 0.00 1.75 4.16 6.06 8.54 9.56 10.29 10.51 11.39 13.07 13.07 15.04 13.36 11.24 11.68 9.71 10.88 13.21 14.16 15.84 15.40 15.62 16.43 17.59 17.37 15.99 15.33 13.87 12.26 11.83 11.75 11.24 11.39 10.88 10.73 10.73 10.37 10.07 10.00 9.42 9.71 10.22 10.51 9.49 10.51 11.10 11.17 10.22 9.78 11.40 13.82 15.92 15.71 13.94 19.90 21.58
10.37 9.49 9.93 11.39 15.04 16.43 16.79 16.35 14.97 14.89 15.33 15.33 15.99 16.86 14.45 12.12 8.25 5.69 0.00 0.00 0.00 0.00 0.00 0.00 0.00 0.00 2.41 6.06 7.59 7.59 7.59 8.32 8.32 8.91 10.00 10.15 10.66 10.66 9.64 12.05 11.97 14.09 11.24 11.24 19.05 19.13 18.25 17.08 17.52 17.01 16.13 15.33 13.65 12.12 13.07 11.90 11.39 10.88 10.15 10.00 9.34 8.98 8.98 8.40 8.10 8.10 8.40 9.05 9.78 9.05 8.54 9.71 10.88 10.51 10.51 12.15 12.76 12.33 13.22 15.62 18.79 17.43 17.46
14.24 12.92 11.02 9.27 9.27 10.73 13.72 15.33 15.26 14.75 12.78 12.78 11.75 10.44 7.66 5.55 0.00 0.00 0.00 0.00 0.00 0.00 0.07 2.12 5.91 8.10 9.71 9.93 10.29 10.66 9.64 8.54 7.88 8.03 8.69 9.42 10.95 10.95 11.68 15.55 17.89 20.51 22.85 18.47 21.83 18.98 18.18 17.01 15.26 14.24 13.94 13.72 12.92 11.97 12.12 11.53 11.46 10.15 9.34 9.27 8.47 7.81 7.81 8.03 7.15 7.23 7.52 8.03 8.54 8.83 9.42 9.71 10.51 10.59 9.73 8.97 8.81 11.33 13.77 15.18 14.30 16.08 17.65
14.24 12.92 11.02 9.27 9.27 10.73 13.72 15.33 15.26 14.75 12.78 12.78 11.75 10.44 7.66 5.55 0.00 0.00 0.00 0.00 0.00 0.00 0.07 2.12 5.91 8.10 9.71 9.93 10.29 10.66 9.64 8.54 7.88 8.03 8.69 9.42 10.95 10.95 11.68 15.55 17.89 20.51 22.85 18.47 21.83 18.98 18.18 17.01 15.26 14.24 13.94 13.72 12.92 11.97 12.12 11.53 11.46 10.15 9.34 9.27 8.47 7.81 7.81 8.03 7.15 7.23 7.52 8.03 8.54 8.83 9.42 9.71 10.51 10.59 9.49 8.83 8.54 10.52 12.27 14.06 15.25 16.69 17.65
15.33 15.18 14.31 12.63 10.29 8.69 8.69 8.61 8.10 5.69 4.74 4.74 3.58 0.00 0.00 0.00 0.00 0.00 0.00 0.00 4.31 7.96 9.86 9.78 10.07 11.90 11.32 12.70 13.80 12.99 11.90 11.68 10.88 10.95 11.61 12.56 14.53 14.53 15.62 17.89 19.27 21.02 21.75 21.17 22.34 17.16 15.62 14.09 13.29 13.94 15.18 15.77 15.40 14.16 12.63 12.05 10.59 10.59 8.54 8.32 7.74 7.37 7.37 7.74 8.83 8.98 9.20 10.44 10.51 10.51 11.61 11.53 11.61 11.46 11.02 10.22 9.28 10.15 12.99 13.12 14.39 16.56 17.74
13.14 12.70 12.92 13.72 13.21 12.26 10.51 8.32 3.58 0.73 0.00 0.00 0.00 0.00 0.00 0.00 0.00 0.00 0.00 1.31 5.91 9.34 10.73 12.41 11.90 12.12 12.99 14.09 15.11 16.06 15.77 14.82 14.09 13.14 13.29 13.80 13.65 13.65 15.55 16.64 18.54 19.49 19.86 19.71 17.96 19.05 14.75 15.40 16.50 16.79 16.94 16.79 17.16 15.91 15.04 14.53 14.31 11.53 9.56 9.34 8.40 8.61 8.61 10.15 12.48 13.21 14.53 14.97 14.89 14.53 14.60 14.31 14.16 13.07 12.56 12.62 13.75 13.69 11.54 12.88 15.05 14.33 17.15
15.48 15.77 17.23 17.52 17.01 16.43 15.26 14.09 11.75 7.52 2.26 2.26 0.66 0.44 0.15 0.00 0.51 2.34 3.29 5.84 8.98 10.88 12.70 14.09 14.89 14.89 14.60 14.31 14.45 14.45 14.60 14.97 14.60 13.65 13.21 13.07 13.65 13.65 13.36 16.06 17.08 17.52 15.48 14.53 14.67 14.60 14.67 17.89 18.54 18.76 18.40 18.69 17.89 16.64 16.28 17.52 16.57 15.26 14.45 12.63 11.10 11.75 11.75 14.02 16.43 17.23 17.74 17.81 16.64 15.11 15.91 17.08 16.72 16.13 15.86 17.82 15.76 15.82 16.10 17.63 15.99 16.00 16.76
14.16 15.11 17.89 18.54 16.28 14.75 14.16 13.36 12.34 11.83 11.39 11.39 10.00 8.83 7.30 6.64 5.77 6.57 6.35 6.42 7.08 9.13 11.17 12.26 13.94 15.33 15.26 15.04 14.89 14.38 13.21 13.21 12.78 13.14 12.92 12.99 13.07 13.07 13.07 14.60 14.53 13.80 13.72 14.16 14.53 14.31 15.04 15.33 15.84 16.79 16.94 17.01 16.64 16.35 16.72 17.01 17.16 16.72 15.62 15.55 12.63 13.87 13.87 16.72 17.67 18.18 18.25 16.72 15.40 15.18 16.79 18.61 19.64 18.96 20.12 19.66 19.13 15.60 17.56 15.62 16.59 16.69 16.11
14.16 15.11 17.89 18.54 16.28 14.75 14.16 13.36 12.34 11.83 11.39 11.39 10.00 8.83 7.30 6.64 5.77 6.57 6.35 6.42 7.08 9.13 11.17 12.26 13.94 15.33 15.26 15.04 14.89 14.38 13.21 13.21 12.78 13.14 12.92 12.99 13.07 13.07 13.07 14.60 14.53 13.80 13.72 14.16 14.53 14.31 15.04 15.33 15.84 16.79 16.94 17.01 16.64 16.35 16.72 17.01 17.16 16.72 15.62 15.55 12.63 13.87 13.87 16.72 17.67 18.18 18.25 16.72 15.40 15.18 16.79 18.61 19.64 23.29 18.85 21.37 17.18 19.30 17.82 17.27 16.92 15.05 15.57
7.74 9.64 12.19 12.85 12.85 11.10 10.88 10.37 9.20 9.49 10.73 10.73 9.56 9.56 8.83 8.03 8.03 7.59 7.15 7.52 7.66 8.54 9.27 9.42 10.80 11.24 11.68 11.46 11.39 11.61 12.19 12.26 12.26 12.41 13.07 12.85 12.70 12.70 12.92 11.90 11.90 13.14 13.43 14.60 14.53 13.51 12.56 11.61 12.63 13.72 13.87 13.94 13.21 14.02 13.72 14.09 14.45 14.60 14.67 14.16 14.60 15.26 15.26 16.86 17.45 17.01 15.70 15.26 15.04 14.89 16.13 18.32 20.05 20.17 21.81 21.21 21.59 22.80 21.72 17.25 15.99 18.68 17.36
6.35 5.40 5.84 8.10 9.34 9.27 8.98 8.76 7.74 7.01 7.52 7.52 7.96 7.74 7.59 8.10 8.03 7.96 7.66 7.66 8.03 7.81 7.45 8.18 8.69 9.27 10.00 9.93 9.64 9.78 10.37 11.24 11.68 11.61 11.02 11.61 11.90 11.90 11.83 11.75 11.46 12.92 13.58 13.58 12.19 9.42 8.25 7.88 9.56 10.37 10.95 11.24 11.83 12.05 11.68 11.68 12.26 12.41 13.51 12.99 13.29 13.94 13.94 15.26 14.67 15.18 15.04 14.82 15.40 16.50 17.23 18.27 19.91 21.75 22.54 22.83 24.04 23.53 20.13 19.31 19.83 20.63 18.04
3.50 2.19 5.11 4.89 4.60 5.84 7.74 8.32 7.45 6.86 6.94 6.94 7.08 7.74 7.59 7.81 7.81 7.15 6.13 5.84 6.79 8.91 10.88 11.46 10.15 9.05 8.69 8.47 8.83 9.42 9.93 9.86 11.32 12.63 12.12 11.53 10.66 10.66 10.07 9.78 10.51 10.88 10.29 9.71 8.25 5.99 5.48 6.72 8.40 9.93 9.20 12.05 12.78 13.65 12.34 9.64 8.03 9.78 11.32 11.68 12.56 13.36 13.36 13.51 15.26 16.64 16.13 15.84 17.52 18.98 19.71 19.56 22.48 24.97 26.86 26.72 27.38 25.85 24.42 25.96 27.06 23.63 23.85
5.48 5.40 5.04 4.53 4.02 3.43 4.74 6.20 7.66 7.01 6.28 6.28 6.28 7.08 7.66 7.74 7.59 6.64 6.72 7.37 7.81 8.83 10.07 11.90 11.97 11.39 10.29 9.56 8.76 8.32 8.54 10.80 12.78 13.29 13.07 12.92 12.05 12.05 10.07 8.18 7.08 6.79 5.84 6.06 6.06 5.40 5.77 7.01 7.74 9.34 10.51 10.73 12.63 11.97 10.51 8.83 9.05 11.24 12.63 13.14 12.99 14.31 14.31 12.12 14.24 16.79 15.33 16.21 17.30 19.35 21.24 22.12 23.65 26.06 28.03 28.32 30.53 30.96 32.62 27.11 28.30 26.88 28.10
4.38 4.60 4.45 3.80 3.94 3.94 3.80 4.82 5.91 5.62 5.33 5.33 4.53 4.96 5.91 6.42 6.42 6.20 6.28 7.08 8.83 9.56 9.49 9.71 10.00 10.29 9.78 9.20 10.59 10.59 11.83 13.87 14.38 12.70 11.24 11.24 10.80 10.80 8.98 6.94 4.96 4.38 4.53 5.11 5.55 5.77 7.23 7.37 7.23 7.74 8.69 10.22 10.95 11.24 11.10 10.66 11.83 13.80 14.60 15.91 15.62 14.53 14.53 12.78 14.82 9.13 10.66 12.48 13.87 15.91 18.54 20.51 20.44 23.07 24.38 26.79 29.88 29.51 36.40 29.20 30.94 26.32 20.94
4.38 4.60 4.45 3.80 3.94 3.94 3.80 4.82 5.91 5.62 5.33 5.33 4.53 4.96 5.91 6.42 6.42 6.20 6.28 7.08 8.83 9.56 9.49 9.71 10.00 10.29 9.78 9.20 10.59 10.59 11.83 13.87 14.38 12.70 11.24 11.24 10.80 10.80 8.98 6.94 4.96 4.38 4.53 5.11 5.55 5.77 7.23 7.37 7.23 7.74 8.69 10.22 10.95 11.24 11.10 10.66 11.83 13.80 14.60 15.91 15.62 14.53 14.53 12.78 14.82 9.13 10.66 12.48 13.87 15.91 18.54 20.51 20.44 23.07 24.38 26.79 28.69 29.67 28.27 25.69 25.92 30.64 25.61
3.50 4.09 4.38 3.87 3.29 3.65 3.29 2.92 3.36 3.80 4.74 4.74 5.18 4.38 4.60 5.11 5.18 5.33 5.69 7.66 9.64 10.37 9.64 8.98 9.49 10.66 11.75 12.63 14.45 15.77 14.89 13.51 12.48 9.64 7.37 5.99 4.82 4.82 2.99 1.97 2.48 3.43 3.65 3.94 3.87 4.67 4.89 5.62 5.26 6.13 7.74 9.34 10.07 11.02 10.66 10.22 11.53 13.94 15.70 15.48 13.72 9.86 9.86 8.03 4.31 9.49 6.79 9.64 11.75 12.63 13.72 16.57 17.81 19.05 22.92 26.57 28.76 27.81 27.97 35.96 33.50 29.31 26.21
2.70 2.26 2.41 2.19 2.48 2.77 2.85 2.92 3.58 4.31 4.31 4.31 4.60 4.82 4.38 4.53 5.55 6.20 7.37 7.88 9.13 10.07 10.00 10.95 11.46 12.92 12.78 13.58 16.06 18.47 17.59 14.38 9.34 7.01 4.67 2.92 2.12 2.12 1.46 1.39 1.10 1.75 1.10 1.75 1.68 1.61 1.97 3.07 3.14 3.65 4.53 5.84 5.77 8.47 7.15 7.66 8.76 11.17 12.56 10.22 8.10 5.77 5.77 3.87 3.50 5.26 9.42 10.95 12.48 12.70 14.82 16.28 18.54 20.37 25.84 29.27 30.62 29.82 29.04 30.88 32.39 26.78 28.35
0.88 1.31 1.61 1.61 1.53 1.68 2.04 3.43 4.38 4.60 5.11 5.11 4.60 5.11 6.06 6.86 7.37 7.23 7.66 8.91 10.00 11.39 11.90 12.34 13.87 14.82 15.04 14.53 15.26 16.35 16.57 11.83 7.08 4.45 2.41 1.53 1.46 1.46 0.80 0.80 0.58 0.58 0.51 1.10 1.46 1.53 1.75 1.75 0.00 0.00 0.00 2.85 2.26 4.02 4.16 3.50 4.67 6.13 6.72 7.23 5.40 5.40 5.40 5.77 7.08 9.71 12.05 12.41 15.48 14.97 15.99 19.05 21.68 22.78 28.83 32.52 31.65 32.70 30.68 26.06 24.46 24.15 22.58
0.29 1.10 0.88 0.88 0.58 0.00 0.15 1.83 3.50 3.80 3.43 3.43 4.23 5.11 6.72 7.30 7.37 7.59 7.74 8.10 8.54 9.86 10.51 10.88 11.24 12.19 11.75 9.49 9.49 9.86 9.56 7.74 4.89 3.50 1.61 0.88 0.00 0.00 0.51 0.37 0.00 0.66 0.51 1.68 1.17 0.15 0.95 0.95 0.95 1.39 0.00 0.00 0.00 0.00 2.92 0.00 2.63 2.63 3.14 2.92 5.04 6.35 6.35 7.66 9.27 8.98 9.64 11.75 14.24 14.38 16.43 17.45 25.04 28.40 31.76 34.27 34.42 31.34 28.56 26.85 22.31 21.04 20.54
0.00 0.07 0.00 0.15 0.00 0.00 0.00 0.00 0.80 1.46 1.31 1.31 1.53 1.68 3.36 4.67 5.55 6.20 5.99 5.55 5.18 5.91 6.42 5.11 4.31 5.77 5.55 4.74 4.23 4.23 3.50 3.14 2.12 1.24 1.75 1.53 0.66 0.66 0.29 0.07 0.80 0.44 0.00 0.80 0.44 0.15 1.10 0.88 0.44 0.00 0.00 0.00 0.00 0.00 0.00 0.00 0.00 2.56 3.72 3.50 4.02 4.23 4.23 4.31 4.89 3.87 7.08 12.19 11.17 14.16 14.97 18.32 25.46 30.30 34.61 25.23 17.52 21.90 21.45 18.13 16.72 16.41 16.79
0.00 0.07 0.00 0.15 0.00 0.00 0.00 0.00 0.80 1.46 1.31 1.31 1.53 1.68 3.36 4.67 5.55 6.20 5.99 5.55 5.18 5.91 6.42 5.11 4.31 5.77 5.55 4.74 4.23 4.23 3.50 3.14 2.12 1.24 1.75 1.53 0.66 0.66 0.29 0.07 0.80 0.44 0.00 0.80 0.44 0.15 1.10 0.88 0.44 0.00 0.00 0.00 0.00 0.00 0.00 0.00 0.00 2.56 3.72 3.50 4.02 4.23 4.23 4.31 4.89 3.87 7.08 12.19 11.17 14.16 14.97 18.32 25.59 29.98 31.30 28.12 18.70 25.55 24.90 17.54 17.47 15.95 17.75
0.58 0.15 0.00 0.00 0.00 0.00 0.00 0.00 0.00 0.00 0.73 0.73 1.10 0.88 1.53 2.63 3.21 3.65 4.09 3.50 2.99 3.07 2.92 2.63 1.61 0.80 1.10 1.75 2.56 2.70 2.04 1.61 0.22 0.80 1.39 1.75 1.39 1.39 0.88 1.10 1.46 1.61 1.17 1.31 0.88 1.31 2.04 2.41 2.48 1.90 2.26 2.34 1.02 0.00 0.00 0.00 0.00 0.00 0.00 0.00 0.00 2.63 2.64 2.71 0.00 2.63 6.86 14.24 15.18 15.62 16.43 20.20 26.47 29.86 36.11 34.82 29.76 19.51 11.68 8.86 9.49 7.25 9.98
1.75 1.02 1.31 0.29 0.00 0.00 0.00 0.22 0.95 0.00 0.22 0.22 0.66 0.95 1.24 1.02 1.61 2.85 3.07 2.48 2.26 2.77 2.92 2.19 2.77 2.77 1.97 1.31 2.34 2.77 1.39 0.95 1.24 0.29 0.00 0.80 1.68 1.68 1.31 1.90 1.90 0.00 1.02 0.88 0.44 2.12 2.48 3.36 2.56 2.85 2.77 1.61 1.61 0.00 1.61 0.00 0.00 0.00 0.00 0.00 0.00 0.00 0.00 0.00 0.00 4.74 9.93 14.02 14.38 15.48 14.67 24.09 26.43 28.67 34.40 32.65 26.80 15.07 10.41 8.53 8.76 7.68 5.90
4.67 4.02 4.31 3.21 2.19 1.02 0.00 0.00 0.07 0.29 0.22 0.22 0.15 0.00 0.00 0.00 0.22 0.95 2.19 2.99 2.63 2.77 2.63 2.63 2.41 3.14 3.36 2.77 2.34 2.04 1.61 0.00 0.00 0.80 0.00 0.22 0.80 0.80 0.29 1.61 1.17 0.00 0.00 0.00 0.00 1.24 0.00 0.00 0.00 2.41 0.00 0.00 0.00 1.75 2.41 2.41 1.75 0.00 0.00 0.00 0.00 0.00 0.00 0.00 4.38 6.86 10.37 12.70 15.62 18.98 16.86 24.53 25.33 27.98 31.71 26.34 16.98 8.71 6.06 5.02 6.37 5.01 4.16
5.77 5.33 4.02 3.14 2.56 1.53 0.51 0.37 0.29 0.00 0.00 0.00 0.00 0.00 0.00 0.00 0.00 0.00 0.00 0.00 1.10 0.00 2.04 2.34 2.99 3.50 4.67 4.38 2.92 0.00 0.00 0.00 0.00 0.00 0.66 0.58 0.00 0.00 1.02 1.10 0.00 0.00 0.00 0.00 0.00 0.00 0.00 0.00 0.00 1.75 0.00 0.37 0.88 1.53 2.41 0.00 0.00 0.00 0.00 0.00 0.00 3.43 3.43 4.96 7.66 10.59 14.60 16.50 17.67 19.20 23.29 22.63 25.70 26.25 28.10 17.56 9.88 4.67 2.78 2.66 2.79 1.67 2.41
4.23 3.80 3.14 1.97 1.46 1.17 0.44 0.22 0.66 0.66 0.00 0.00 0.00 0.00 0.00 0.00 0.00 0.00 0.00 0.00 0.00 0.00 0.00 1.75 2.19 2.92 4.09 3.87 2.41 0.95 0.00 0.00 0.00 0.00 0.00 0.00 0.00 0.00 0.00 0.00 0.00 0.00 0.00 0.00 0.00 0.00 0.00 0.00 0.00 0.88 1.97 2.19 0.00 0.00 0.00 0.00 0.00 0.00 0.00 2.41 4.09 7.37 7.37 8.98 10.51 12.56 14.31 15.26 14.45 15.70 20.44 22.05 23.00 21.46 16.87 5.56 1.98 1.48 1.23 1.19 1.33 0.16 0.00
4.67 3.72 2.19 1.10 1.02 1.10 0.00 0.00 0.00 0.00 0.00 0.00 0.00 0.22 0.00 0.00 0.00 0.00 0.00 0.00 0.00 0.00 0.00 0.00 0.00 1.68 2.19 2.41 2.04 1.17 1.02 0.15 0.00 0.00 0.00 0.00 0.00 0.00 0.00 0.00 0.00 0.00 0.00 0.00 0.00 0.00 0.00 0.00 0.00 2.34 3.07 2.12 0.00 0.00 0.00 0.00 0.00 0.07 1.31 0.00 5.33 6.94 6.94 6.79 7.23 8.32 8.69 10.15 10.88 13.07 17.23 18.03 20.08 13.87 8.19 2.83 0.29 0.00 0.00 0.52 0.17 0.00 0.00
4.67 3.72 2.19 1.10 1.02 1.10 0.00 0.00 0.00 0.00 0.00 0.00 0.00 0.22 0.00 0.00 0.00 0.00 0.00 0.00 0.00 0.00 0.00 0.00 0.00 1.68 2.19 2.41 2.04 1.17 1.02 0.15 0.00 0.00 0.00 0.00 0.00 0.00 0.00 0.00 0.00 0.00 0.00 0.00 0.00 0.00 0.00 0.00 0.00 2.34 3.07 2.12 0.00 0.00 0.00 0.00 0.00 0.07 1.31 0.00 5.33 6.94 6.94 6.79 7.23 8.32 8.69 10.15 10.88 13.07 17.23 18.03 20.08 13.80 8.07 2.79 0.29 0.00 0.00 0.50 0.17 0.00 0.00
5.11 3.58 2.85 1.17 0.00 0.00 0.00 0.00 0.00 0.00 0.00 0.00 0.00 0.00 0.00 0.00 0.00 0.00 0.00 0.00 0.00 0.00 0.00 0.00 0.00 0.00 1.31 1.02 0.80 0.00 0.00 0.00 0.00 0.00 0.00 0.00 0.00 0.00 0.00 0.00 0.00 0.00 0.00 0.00 0.00 0.00 0.00 1.53 0.00 2.63 1.10 0.44 0.00 0.00 1.46 1.97 1.39 1.17 0.37 0.95 1.97 4.53 4.53 3.80 3.72 3.14 4.96 6.50 8.10 10.15 11.83 11.90 10.66 13.87 3.07 1.18 0.37 0.15 0.16 0.00 0.00 0.00 0.00
