Wansh/Snow_depth/snowdepth-1988/winter/1989008.txt
ncols 321
nrows 161
xllcenter 60
yllcenter 15 
cellsize  0.25 
NODATA_value -1
[rows 0 to 36 of 161, columns 168 to 251 of 321]
8.10 7.01 6.13 5.69 5.04 5.33 5.99 5.91 6.64 6.64 7.52 7.81 7.81 8.18 7.81 7.30 7.74 9.78 12.12 12.48 12.12 11.53 11.53 12.12 11.32 10.22 6.72 0.00 0.00 0.00 0.00 0.00 7.15 12.99 11.10 11.10 11.68 11.32 11.97 11.90 9.93 7.59 6.42 6.20 6.35 6.28 6.94 8.40 8.76 8.10 8.25 8.25 8.25 9.71 10.29 11.83 12.85 13.14 12.34 7.30 7.30 7.59 8.03 8.54 11.75 14.02 13.94 13.94 14.67 14.97 14.75 14.53 14.45 14.67 15.33 16.57 17.74 19.78 20.73 20.88 21.24 20.73 18.91 17.89
10.51 8.83 7.08 6.64 5.84 5.33 5.69 6.20 6.64 6.64 7.15 7.81 8.10 7.37 7.37 8.10 8.76 9.20 10.95 11.53 11.39 11.83 11.97 10.66 9.27 4.67 0.00 0.00 0.00 0.00 0.00 8.61 12.19 9.20 8.76 8.76 7.74 8.91 12.34 13.14 12.63 11.02 10.07 9.34 8.69 7.66 7.45 7.59 7.52 9.20 8.83 8.40 10.51 11.97 13.58 14.24 14.45 14.24 13.72 13.36 13.36 13.51 13.51 13.87 12.26 13.58 13.21 13.58 14.75 15.40 15.33 15.26 15.18 15.26 15.33 16.72 18.25 20.00 20.00 19.64 18.91 17.89 15.04 13.58
13.14 11.90 10.15 9.13 7.37 6.94 6.86 5.69 5.84 5.84 7.23 7.74 7.23 6.72 7.59 8.69 9.78 11.24 11.83 11.90 12.05 11.97 10.59 9.42 5.33 0.00 0.00 0.00 0.00 0.00 0.00 4.96 6.50 7.23 7.30 7.30 8.91 10.37 12.56 13.94 14.24 12.48 11.53 9.56 8.76 7.81 6.86 7.01 8.18 8.18 10.80 10.66 10.44 13.94 14.24 14.38 14.38 13.65 13.51 14.45 14.45 14.60 15.11 15.04 14.45 14.16 13.80 14.82 15.11 15.40 16.06 16.06 15.77 15.18 14.82 14.97 14.75 15.62 16.57 15.40 14.82 14.82 12.78 12.34
13.14 11.90 10.15 9.13 7.37 6.94 6.86 5.69 5.84 5.84 7.23 7.74 7.23 6.72 7.59 8.69 9.78 11.24 11.83 11.90 12.05 11.97 10.59 9.42 5.33 0.00 0.00 0.00 0.00 0.00 0.00 4.96 6.50 7.23 7.30 7.30 8.91 10.37 12.56 13.94 14.24 12.48 11.53 9.56 8.76 7.81 6.86 7.01 8.18 8.18 10.80 10.66 10.44 13.94 14.24 14.38 14.38 13.65 13.51 14.45 14.45 14.60 15.11 15.04 14.45 14.16 13.80 14.82 15.11 15.40 16.06 16.06 15.77 15.18 14.82 14.97 14.75 15.62 16.57 15.40 14.82 14.82 12.78 12.34
13.94 13.65 12.26 10.29 7.37 7.23 7.59 7.08 6.20 6.20 6.72 7.88 8.54 9.13 9.64 11.39 13.14 13.21 12.34 11.53 10.37 7.66 7.37 3.50 0.00 0.00 0.00 0.00 0.00 0.00 2.56 4.82 6.13 7.08 7.66 7.66 8.69 9.56 9.56 8.76 6.86 5.04 5.33 5.62 4.45 4.31 4.74 6.28 7.37 8.03 10.73 9.78 10.59 10.73 13.65 13.14 12.26 13.21 13.14 12.70 12.70 13.21 15.18 15.33 14.45 14.02 14.31 12.56 12.34 13.07 13.51 13.94 14.97 14.31 12.85 11.68 12.56 13.21 13.65 15.11 14.38 13.80 13.80 14.16
14.16 14.53 14.02 10.22 7.59 5.99 6.94 9.20 8.83 8.83 8.69 9.93 10.59 11.02 10.95 11.10 11.39 11.61 11.17 9.49 6.79 2.56 0.00 0.00 0.00 0.00 0.00 0.00 0.00 3.80 6.42 7.45 7.52 7.88 8.69 8.69 9.20 8.54 6.57 4.82 4.53 3.80 2.99 3.58 3.50 4.67 5.77 6.28 7.59 9.34 10.88 10.37 10.95 11.02 12.85 10.29 11.10 10.80 10.15 10.37 10.37 11.24 12.70 13.51 12.99 11.75 9.71 11.32 10.00 11.17 12.26 12.78 12.34 10.51 10.29 10.44 11.24 11.53 12.41 12.92 13.29 14.24 13.65 13.14
14.09 14.31 13.51 11.32 9.49 7.45 8.25 10.59 11.68 11.68 10.51 10.59 11.97 12.92 13.07 11.75 10.88 9.13 3.36 0.00 0.00 0.00 0.00 0.00 0.00 0.00 0.00 0.00 1.75 6.64 7.96 7.37 8.76 9.34 10.29 10.29 10.51 8.98 7.96 6.13 4.60 5.26 5.18 5.55 5.99 6.79 8.10 8.61 9.86 9.27 10.44 11.02 9.93 9.34 9.71 11.02 10.00 9.71 9.56 9.05 9.05 9.49 10.29 10.51 9.49 8.03 7.52 7.52 7.74 8.61 8.83 8.76 8.47 7.74 7.15 7.08 7.52 8.18 8.91 10.57 12.98 14.27 13.89 16.36
14.09 14.31 13.51 11.32 9.49 7.45 8.25 10.59 11.68 11.68 10.51 10.59 11.97 12.92 13.07 11.75 10.88 9.13 3.36 0.00 0.00 0.00 0.00 0.00 0.00 0.00 0.00 0.00 1.75 6.64 7.96 7.37 8.76 9.34 10.29 10.29 10.51 8.98 7.96 6.13 4.60 5.26 5.18 5.55 5.99 6.79 8.10 8.61 9.86 9.27 10.44 11.02 9.93 9.34 9.71 11.02 10.00 9.71 9.56 9.05 9.05 9.49 10.29 10.51 9.49 8.03 7.52 7.52 7.74 8.61 8.83 8.76 8.47 7.74 7.15 8.19 10.37 11.76 12.20 17.96 21.43 18.99 17.87 16.97
10.88 11.68 12.26 11.90 9.34 7.45 6.86 8.91 10.59 10.59 10.88 11.02 11.75 11.61 10.80 10.22 7.59 3.50 0.00 0.00 0.00 0.00 0.00 0.00 0.00 0.00 0.00 7.15 6.28 6.50 5.69 7.74 9.13 10.29 10.66 10.66 10.37 8.40 7.08 7.15 7.01 7.74 8.47 8.47 8.47 9.13 9.42 10.51 11.61 11.61 10.66 9.71 8.76 8.25 8.18 8.25 9.42 8.40 8.61 8.10 8.10 7.23 6.94 7.01 6.72 6.42 6.79 6.50 6.42 6.35 6.86 6.94 7.01 6.70 7.16 8.92 9.93 9.51 8.29 12.48 14.92 14.33 14.68 16.28
7.23 8.32 8.83 9.56 8.91 7.96 7.52 7.52 8.25 8.25 9.05 10.00 10.29 9.05 6.20 4.60 0.00 0.00 0.00 0.00 0.00 0.00 0.00 0.00 0.00 0.00 3.58 5.26 5.84 6.28 6.50 6.64 7.74 7.66 8.69 8.69 9.27 8.76 8.10 8.47 10.29 10.80 10.44 10.29 10.59 10.00 10.37 10.37 10.00 10.00 9.78 8.76 8.40 7.66 8.03 7.88 6.79 7.52 7.30 4.45 4.45 4.38 4.38 4.74 5.55 5.40 5.62 6.28 5.62 6.06 5.91 6.64 6.74 7.03 7.36 7.03 8.36 10.64 12.31 13.30 12.80 12.54 15.35 15.03
9.93 7.74 7.01 6.72 7.08 8.25 8.03 6.79 6.64 6.64 5.77 4.67 4.96 0.73 0.00 0.00 0.00 0.00 0.00 0.00 0.00 0.00 5.69 5.84 6.57 6.79 7.96 7.52 6.50 6.20 5.99 5.77 5.55 6.57 8.03 8.03 9.27 10.44 11.83 12.99 13.58 14.31 12.92 11.24 9.93 8.98 8.54 8.91 8.76 8.61 8.47 7.66 7.59 7.37 7.66 7.37 6.28 5.84 6.64 3.72 3.72 3.72 3.65 3.14 4.38 4.67 5.26 5.55 5.62 6.42 6.57 6.35 5.99 5.41 5.64 6.43 9.14 10.63 9.13 10.90 11.13 11.25 10.67 11.00
9.93 7.74 7.01 6.72 7.08 8.25 8.03 6.79 6.64 6.64 5.77 4.67 4.96 0.73 0.00 0.00 0.00 0.00 0.00 0.00 0.00 0.00 5.69 5.84 6.57 6.79 7.96 7.52 6.50 6.20 5.99 5.77 5.55 6.57 8.03 8.03 9.27 10.44 11.83 12.99 13.58 14.31 12.92 11.24 9.93 8.98 8.54 8.91 8.76 8.61 8.47 7.66 7.59 7.37 7.66 7.37 6.28 5.84 6.64 3.72 3.72 3.72 3.65 3.14 4.38 4.67 5.26 5.55 5.62 6.42 6.57 6.35 5.84 5.33 5.48 5.97 8.15 9.84 9.73 11.31 11.13 11.00 11.72 11.77
12.05 9.49 7.45 6.20 5.55 5.26 4.67 3.65 0.00 0.00 0.00 0.00 0.00 0.00 0.00 0.00 0.00 0.00 0.00 4.38 4.23 5.11 7.01 7.37 7.52 8.32 8.98 9.05 8.61 8.10 7.45 6.72 7.23 7.88 8.83 8.83 10.00 10.73 12.34 14.75 15.62 15.26 12.92 10.66 9.34 8.61 8.98 9.56 10.29 10.15 9.49 9.20 6.79 7.88 7.23 6.13 5.11 5.04 3.65 5.18 5.18 3.29 3.43 5.11 5.69 6.13 6.35 7.23 7.23 7.45 7.66 7.74 6.86 6.64 5.69 7.25 8.51 8.25 9.38 10.35 9.94 11.38 12.35 12.28
10.51 10.44 9.64 8.98 8.32 6.57 4.16 0.00 0.00 0.00 0.00 0.00 0.00 0.00 0.00 0.00 0.00 0.00 2.99 5.11 7.08 7.59 7.59 8.32 8.69 9.20 9.93 10.88 11.32 10.44 8.91 9.49 9.78 9.20 9.78 9.78 10.51 11.32 11.90 12.78 13.65 13.94 13.36 11.17 10.80 10.22 10.07 11.32 11.90 12.34 12.70 10.37 9.78 6.57 8.69 7.74 6.35 5.40 5.04 4.89 4.89 4.89 7.66 8.25 8.91 10.00 10.73 10.07 9.27 9.13 9.20 8.83 8.03 8.17 8.78 8.78 6.41 8.27 9.55 8.76 10.21 10.08 10.20 10.71
13.94 14.60 14.75 13.43 12.12 10.73 8.40 5.33 2.70 2.70 0.00 0.00 0.00 0.00 0.00 0.00 1.68 2.48 2.99 4.23 6.79 7.74 9.05 9.49 9.56 9.93 10.22 10.66 10.95 11.02 10.29 9.86 9.64 10.00 9.64 9.64 9.27 10.59 11.32 11.02 10.73 10.51 10.22 10.51 11.61 12.85 13.87 13.80 13.43 13.58 14.02 13.72 12.85 9.71 11.53 10.29 9.05 7.66 6.64 6.79 6.79 8.91 7.88 11.02 11.68 11.24 10.73 10.88 11.24 12.05 12.34 11.32 10.91 11.98 11.03 9.51 9.55 10.06 9.86 10.20 10.09 9.29 9.50 8.84
16.06 16.06 15.04 13.65 11.83 11.97 10.51 9.27 7.96 7.96 6.72 5.18 4.53 4.74 3.50 3.72 4.02 2.56 2.70 3.36 5.55 6.57 7.96 9.42 10.07 10.66 10.37 9.78 9.20 8.91 8.69 8.47 8.76 8.98 9.13 9.13 8.91 9.13 9.20 8.91 8.76 9.05 9.13 9.34 9.27 10.44 11.83 13.65 14.53 13.94 13.21 12.85 12.92 11.90 11.61 10.66 9.42 8.47 8.03 8.40 8.40 9.34 10.29 10.51 11.24 10.59 9.49 8.91 11.10 12.70 12.92 13.02 14.33 13.92 14.49 10.70 11.85 10.23 11.09 10.73 9.57 9.19 8.62 7.83
16.06 16.06 15.04 13.65 11.83 11.97 10.51 9.27 7.96 7.96 6.72 5.18 4.53 4.74 3.50 3.72 4.02 2.56 2.70 3.36 5.55 6.57 7.96 9.42 10.07 10.66 10.37 9.78 9.20 8.91 8.69 8.47 8.76 8.98 9.13 9.13 8.91 9.13 9.20 8.91 8.76 9.05 9.13 9.34 9.27 10.44 11.83 13.65 14.53 13.94 13.21 12.85 12.92 11.90 11.61 10.66 9.42 8.47 8.03 8.40 8.40 9.34 10.29 10.51 11.24 10.59 9.49 8.91 11.10 12.70 12.92 15.99 13.43 15.13 13.01 13.24 12.02 11.31 11.31 9.67 9.25 7.90 9.38 8.89
10.00 11.17 9.64 8.25 8.18 7.30 6.64 7.30 7.45 7.45 7.45 6.94 5.62 4.09 3.72 3.43 2.56 2.63 2.70 2.63 3.72 5.04 5.91 7.52 7.88 7.37 8.03 8.61 8.18 8.03 8.25 8.61 8.76 8.69 8.25 8.25 8.47 8.40 7.81 8.03 8.91 9.13 8.83 8.61 7.66 8.32 8.98 9.86 11.39 11.53 9.93 12.12 11.02 10.29 10.73 9.27 9.86 9.64 8.61 9.05 9.05 9.86 10.07 10.22 11.17 9.13 9.05 8.69 10.22 12.26 13.31 13.77 15.94 15.61 15.53 15.20 14.95 12.35 11.07 11.16 9.67 9.90 10.05 8.42
4.38 5.77 5.84 5.55 5.84 6.13 5.04 4.96 5.26 5.26 4.60 5.04 4.31 3.29 3.29 2.26 2.19 2.56 2.70 2.92 3.80 4.82 5.69 6.13 6.50 6.86 6.86 6.35 6.28 6.42 7.08 7.66 8.10 7.74 7.96 7.96 8.25 7.88 7.66 7.59 7.15 6.35 6.72 6.28 5.77 5.33 6.42 7.08 7.23 8.40 8.32 7.59 8.25 8.98 9.20 8.98 9.64 9.05 9.20 9.27 9.27 9.34 9.78 10.07 9.78 9.78 9.49 9.42 11.46 13.13 13.86 14.23 15.50 16.08 16.61 15.99 13.69 11.62 11.94 12.70 10.69 11.29 10.25 10.49
2.56 3.29 3.21 3.50 4.53 5.11 5.04 4.67 4.31 4.31 3.87 4.02 3.94 3.80 3.58 3.21 2.70 2.99 3.87 4.45 4.67 5.84 6.64 6.42 6.13 5.84 5.91 6.28 6.94 7.37 7.81 7.96 7.88 8.03 7.74 7.74 7.23 6.94 6.57 5.84 5.62 5.55 5.04 4.60 3.72 3.58 5.77 6.79 8.18 8.40 8.32 8.18 6.64 6.28 8.10 7.37 9.13 9.56 9.64 8.25 8.25 8.83 10.95 11.83 9.93 11.17 11.68 12.56 13.07 13.58 14.60 15.26 16.86 17.67 17.01 16.75 16.55 17.84 18.75 13.86 14.04 11.56 10.09 10.92
2.63 2.26 1.68 2.12 3.43 4.96 5.04 4.38 4.09 4.09 4.74 4.53 4.45 4.67 4.53 3.80 3.58 3.65 4.02 4.67 4.89 5.91 7.45 6.79 6.06 5.91 6.35 6.20 6.28 7.37 9.05 9.56 9.27 8.91 8.18 8.18 7.01 5.77 4.82 3.80 3.43 3.65 3.58 2.99 4.38 4.38 5.99 6.94 7.23 8.03 7.59 7.01 6.94 5.77 6.72 7.59 9.13 9.20 7.59 8.18 8.18 9.93 10.44 9.78 9.42 10.00 10.73 11.32 13.29 13.87 13.94 15.55 18.18 18.40 19.91 19.97 21.95 18.68 19.99 16.04 17.42 14.07 12.88 10.39
1.39 1.17 1.61 1.46 1.83 3.14 3.80 3.72 3.72 3.72 3.14 3.94 4.60 4.53 3.58 3.29 3.21 3.58 5.33 5.84 6.06 6.57 6.79 7.15 7.66 7.23 7.45 7.66 8.54 9.20 10.00 9.49 8.83 7.88 7.37 7.37 6.72 4.82 3.72 3.36 3.21 2.92 3.21 3.65 4.60 5.84 6.06 6.50 6.72 7.66 6.94 6.50 5.04 5.77 7.08 8.03 10.22 10.66 10.80 10.88 10.88 10.07 7.78 6.06 5.62 6.57 7.74 8.54 10.29 10.15 10.80 12.70 14.09 16.94 18.71 18.37 23.00 18.68 19.94 16.76 12.49 12.86 14.72 13.82
1.39 1.17 1.61 1.46 1.83 3.14 3.80 3.72 3.72 3.72 3.14 3.94 4.60 4.53 3.58 3.29 3.21 3.58 5.33 5.84 6.06 6.57 6.79 7.15 7.66 7.23 7.45 7.66 8.54 9.20 10.00 9.49 8.83 7.88 7.37 7.37 6.72 4.82 3.72 3.36 3.21 2.92 3.21 3.65 4.60 5.84 6.06 6.50 6.72 7.66 6.94 6.50 5.04 5.77 7.08 8.03 10.22 10.66 10.80 10.88 10.88 10.07 7.78 6.06 5.62 6.57 7.74 8.54 10.29 10.15 10.80 12.70 14.09 16.94 17.96 18.47 17.86 16.43 16.70 19.51 15.27 13.14 11.53 12.75
0.58 1.10 2.04 1.75 1.90 2.04 2.34 2.41 3.07 3.07 2.92 3.07 3.21 2.77 2.41 2.56 3.58 4.74 6.35 6.35 6.94 7.23 7.74 8.18 8.91 9.93 11.10 11.68 10.95 10.29 10.00 8.61 7.08 6.06 4.74 4.74 3.80 2.70 2.56 1.97 2.12 2.92 2.99 3.36 4.09 5.04 4.45 6.79 7.52 8.03 7.96 6.94 6.13 5.40 6.57 11.32 10.51 11.17 10.29 8.69 8.69 6.28 2.48 0.73 2.19 4.82 6.42 6.50 6.72 7.59 8.03 9.34 13.29 15.77 17.23 17.31 18.44 24.05 21.62 18.45 17.03 11.45 13.05 14.81
1.24 1.83 2.12 2.48 2.63 2.48 2.04 2.26 2.34 2.34 2.70 2.92 2.70 2.34 2.63 2.77 2.99 4.53 6.35 7.66 7.74 7.66 8.54 10.59 11.46 11.97 13.43 15.70 15.04 11.68 8.76 6.06 4.02 2.34 1.61 1.61 1.02 1.10 0.88 0.80 1.39 2.34 1.31 0.44 1.61 2.34 2.63 2.41 4.16 4.67 4.16 4.38 4.16 5.04 6.35 8.83 7.66 6.50 5.84 3.50 3.50 0.00 0.00 0.00 4.16 5.91 6.94 6.64 5.26 5.99 9.20 10.66 13.94 18.18 19.84 19.52 19.60 20.35 21.80 18.59 18.49 13.08 14.38 15.60
1.46 1.68 1.97 2.70 2.19 2.12 2.56 3.21 3.50 3.50 2.77 2.41 2.48 2.85 3.80 4.60 4.82 4.96 5.26 6.50 8.98 10.15 11.17 12.56 13.43 12.41 13.14 15.62 15.11 12.41 7.66 4.60 1.31 0.73 0.29 0.29 0.22 0.37 0.58 0.00 0.00 0.00 0.00 0.00 0.00 0.00 0.00 0.44 0.00 1.02 0.58 0.00 0.00 1.24 1.31 4.16 5.26 2.48 2.48 0.95 0.95 0.00 1.90 3.58 5.62 7.59 8.83 8.40 9.13 8.76 12.05 14.53 19.27 22.71 22.83 22.63 21.62 15.79 16.05 15.27 13.34 14.06 11.47 12.01
0.00 0.44 0.44 0.37 0.44 1.39 2.70 3.36 2.92 2.92 2.04 2.48 3.58 3.87 3.36 3.72 4.23 5.33 5.48 5.84 8.03 9.49 9.71 10.95 11.17 9.93 8.83 8.83 10.29 8.69 5.04 3.29 1.39 0.07 0.00 0.00 0.00 0.00 0.00 0.00 0.00 0.00 0.00 0.00 0.00 0.00 0.00 0.00 0.00 0.00 0.80 0.00 0.00 0.00 0.00 0.00 2.63 1.39 1.53 1.97 1.97 3.07 3.50 3.80 4.38 6.64 8.10 8.18 8.03 11.02 11.68 17.74 21.60 24.28 24.55 22.32 20.14 16.95 13.32 12.42 13.04 12.78 11.68 13.04
0.00 0.00 0.07 0.00 0.00 0.37 0.95 1.46 1.39 1.39 1.39 1.83 2.63 2.48 1.68 1.90 2.77 3.43 3.21 3.21 4.16 5.33 4.74 4.89 5.18 3.94 2.77 3.07 3.87 3.65 2.63 1.61 1.75 1.31 0.88 0.88 0.00 0.00 0.00 0.00 0.00 0.00 0.00 0.00 0.00 0.00 0.00 0.00 0.00 0.00 0.00 0.00 0.58 0.00 0.00 0.00 0.00 0.00 0.00 0.00 0.00 0.00 0.00 0.00 0.88 5.33 7.59 7.74 8.40 11.53 16.55 16.17 25.76 23.58 23.86 21.07 15.95 12.53 11.36 10.98 11.32 11.45 12.24 9.89
0.00 0.00 0.07 0.00 0.00 0.37 0.95 1.46 1.39 1.39 1.39 1.83 2.63 2.48 1.68 1.90 2.77 3.43 3.21 3.21 4.16 5.33 4.74 4.89 5.18 3.94 2.77 3.07 3.87 3.65 2.63 1.61 1.75 1.31 0.88 0.88 0.00 0.00 0.00 0.00 0.00 0.00 0.00 0.00 0.00 0.00 0.00 0.00 0.00 0.00 0.00 0.00 0.58 0.00 0.00 0.00 0.00 0.00 0.00 0.00 0.00 0.00 0.00 0.00 0.88 5.33 7.59 7.74 8.40 11.53 16.63 16.00 23.30 26.28 25.46 24.58 18.51 12.13 11.86 10.67 11.97 13.58 11.17 8.40
0.07 0.44 0.07 0.15 0.00 0.00 0.66 0.73 0.22 0.22 0.37 0.66 1.31 1.17 0.66 0.80 1.10 0.80 0.00 1.61 1.53 1.61 1.39 1.46 1.39 1.46 1.90 2.41 2.34 2.12 1.75 1.83 1.53 1.17 1.17 1.17 1.53 1.61 1.39 1.02 0.51 0.00 0.00 0.00 0.00 0.66 0.29 0.73 1.17 0.00 0.00 0.00 0.00 0.00 0.00 0.00 0.00 0.00 0.00 0.00 0.00 0.00 0.00 0.00 0.00 6.42 7.96 7.96 9.61 12.76 17.40 15.78 26.93 27.13 25.49 17.24 12.19 7.42 9.00 8.86 8.07 11.00 8.49 8.11
1.24 0.37 0.00 0.00 0.00 0.00 0.00 0.00 0.00 0.00 0.66 0.29 0.00 0.29 0.80 1.17 1.17 1.17 1.75 0.00 0.00 0.00 1.46 0.00 0.00 0.00 1.68 2.34 1.68 1.83 2.19 1.90 1.17 1.68 2.48 2.48 2.26 1.17 1.31 1.53 0.88 0.15 0.66 0.51 1.68 1.46 0.00 0.00 0.00 0.00 1.53 0.00 0.00 0.00 0.00 0.00 0.00 0.00 0.00 0.00 0.00 0.00 0.00 0.51 3.29 5.99 6.50 7.74 10.37 13.43 15.18 18.06 26.28 25.97 19.05 9.46 5.21 3.30 4.80 5.30 5.05 5.34 4.36 3.39
2.48 1.61 1.39 1.02 0.73 0.29 0.15 0.44 0.51 0.51 1.10 0.00 0.00 0.07 0.51 0.58 0.95 1.68 2.48 2.92 0.00 2.19 2.04 2.56 2.85 2.19 2.70 2.48 1.17 0.95 1.02 0.66 1.10 1.10 0.95 0.95 1.10 1.24 0.58 0.00 0.00 0.22 0.80 0.29 0.00 0.00 0.00 0.00 0.00 0.00 0.00 0.00 0.00 0.00 0.00 0.00 0.00 0.00 0.00 0.00 0.00 0.00 0.07 2.26 3.94 5.55 6.57 7.66 11.39 12.78 12.78 15.06 17.76 28.35 13.05 6.00 2.81 3.57 3.80 3.73 2.48 2.58 2.23 1.48
2.85 1.90 1.24 0.88 0.80 1.46 0.51 0.15 0.80 0.80 0.95 0.22 0.00 0.00 0.73 0.29 0.73 1.24 1.97 2.12 0.00 1.31 1.97 2.99 3.29 3.29 3.72 0.00 0.00 0.00 0.00 0.00 0.00 0.15 0.00 0.00 0.07 0.44 0.15 0.00 0.44 0.00 0.00 0.00 0.00 0.00 0.00 0.00 0.00 0.00 0.00 0.00 0.00 0.00 0.00 0.00 0.00 0.00 0.00 0.00 0.00 0.00 0.00 3.50 5.26 7.15 7.66 8.25 10.29 10.95 10.80 12.31 13.31 23.91 7.08 1.69 2.28 3.35 2.25 2.30 2.24 2.58 2.02 0.00
3.14 2.26 1.46 1.53 1.90 1.90 1.24 1.10 0.00 0.00 0.00 0.00 0.00 0.00 0.00 0.00 0.51 0.66 0.44 0.80 0.00 1.17 2.19 2.85 3.07 3.94 3.80 1.83 0.00 0.00 0.00 0.00 0.00 0.00 0.00 0.00 0.00 0.22 0.58 0.00 0.00 0.00 0.00 0.00 0.00 0.00 0.00 0.00 0.00 0.00 0.00 0.00 0.00 0.00 0.00 0.00 0.00 0.00 0.00 1.61 1.61 0.00 0.00 4.74 6.42 7.23 5.62 5.77 7.30 9.34 9.86 10.15 7.54 1.70 6.90 0.96 1.67 1.83 1.50 1.81 1.54 1.92 0.00 0.00
2.34 1.75 0.88 0.00 0.00 0.00 2.48 2.56 0.00 0.00 0.00 0.00 0.00 0.00 0.00 0.00 0.73 0.73 0.00 0.00 0.00 0.00 0.00 2.04 2.63 2.56 2.34 1.10 0.00 0.00 0.00 0.00 0.00 0.00 0.00 0.00 0.00 0.00 0.00 0.00 0.00 0.00 0.00 0.00 0.00 0.00 0.00 0.00 0.00 0.00 0.00 0.00 0.00 0.00 0.00 0.00 0.51 0.88 0.00 2.19 2.19 0.00 2.85 1.97 2.85 3.36 2.99 4.60 6.13 7.81 6.35 5.06 2.01 0.00 0.00 1.09 0.28 0.43 0.35 0.00 0.61 0.00 0.00 0.00
2.34 1.75 0.88 0.00 0.00 0.00 2.48 2.56 0.00 0.00 0.00 0.00 0.00 0.00 0.00 0.00 0.73 0.73 0.00 0.00 0.00 0.00 0.00 2.04 2.63 2.56 2.34 1.10 0.00 0.00 0.00 0.00 0.00 0.00 0.00 0.00 0.00 0.00 0.00 0.00 0.00 0.00 0.00 0.00 0.00 0.00 0.00 0.00 0.00 0.00 0.00 0.00 0.00 0.00 0.00 0.00 0.51 0.88 0.00 2.19 2.19 0.00 2.85 1.97 2.85 3.36 2.99 4.60 6.13 7.81 6.35 5.04 1.98 0.00 0.00 1.14 0.25 0.41 0.34 0.00 0.59 0.00 0.00 0.00
2.92 2.77 0.00 0.00 0.00 0.00 0.00 0.00 0.00 0.00 0.00 0.00 1.53 0.00 0.00 0.00 0.00 0.00 0.00 0.00 0.00 0.00 0.29 0.00 0.00 1.83 1.31 0.00 0.00 0.00 0.00 0.00 0.00 0.00 0.00 0.00 0.00 0.00 0.00 0.00 0.00 0.00 0.00 0.00 0.00 0.00 0.00 0.00 0.00 0.00 0.00 0.00 0.00 0.73 0.37 0.51 0.80 1.17 2.19 0.00 0.00 0.00 0.00 0.00 0.00 0.00 1.53 2.63 3.80 3.29 2.70 0.66 0.00 0.00 0.00 0.68 0.24 0.55 0.00 0.00 0.00 0.00 0.00 2.85
