Wansh/Snow_depth/snowdepth-1988/winter/1989004.txt
ncols 321
nrows 161
xllcenter 60
yllcenter 15 
cellsize  0.25 
NODATA_value -1
[rows 0 to 36 of 161, columns 168 to 251 of 321]
5.91 5.91 5.91 3.36 2.99 3.07 3.07 3.58 4.02 4.02 4.23 4.38 3.94 4.82 5.11 4.60 4.67 5.48 7.01 9.05 9.05 7.96 6.79 7.15 8.69 8.32 4.53 0.00 0.00 0.00 0.00 1.31 8.25 11.90 10.88 10.88 8.40 8.91 10.95 11.90 10.22 8.03 6.28 5.40 5.04 5.33 6.64 7.59 8.03 8.10 7.96 8.25 8.83 9.56 10.22 11.61 12.85 12.78 11.46 10.15 10.15 9.64 10.29 11.39 11.90 12.26 12.85 13.07 13.29 13.14 12.63 12.12 13.36 14.02 14.89 16.57 17.16 18.18 18.98 19.05 18.03 16.72 16.28 15.33
7.01 6.64 4.67 4.38 3.87 2.99 2.63 3.21 3.80 3.80 4.60 5.33 5.77 5.33 5.77 4.60 4.67 5.91 7.52 9.13 8.91 8.25 8.32 8.47 8.03 6.06 0.00 0.00 0.00 0.00 0.00 1.83 8.69 8.40 6.94 6.94 6.06 7.37 9.93 13.51 12.70 10.95 8.83 8.10 8.25 7.66 6.86 6.57 6.42 7.08 8.03 9.86 11.02 12.41 12.12 12.05 12.41 13.07 13.14 12.48 12.48 12.12 12.41 12.26 11.83 11.83 13.29 14.24 14.16 13.87 13.80 13.72 13.58 13.43 13.14 14.16 16.57 17.37 18.03 17.16 15.55 14.09 11.83 11.10
7.08 9.13 9.05 6.13 5.11 3.80 2.41 3.14 3.58 3.58 4.38 5.33 5.62 5.26 5.11 4.74 5.62 8.69 9.71 9.34 8.83 8.03 7.74 7.59 6.64 2.48 0.00 0.00 0.00 0.00 0.00 2.41 6.28 5.04 5.26 5.26 6.57 8.83 11.90 12.85 12.70 11.02 8.98 7.52 6.35 5.77 5.40 5.55 6.42 8.32 8.98 9.93 11.61 12.56 13.72 13.36 12.63 12.63 12.70 13.43 13.43 13.87 14.09 13.94 13.14 12.41 12.12 12.19 12.78 13.36 13.65 13.94 13.72 13.58 12.99 12.34 12.48 13.36 13.43 13.65 13.43 12.78 12.34 11.46
7.08 9.13 9.05 6.13 5.11 3.80 2.41 3.14 3.58 3.58 4.38 5.33 5.62 5.26 5.11 4.74 5.62 8.69 9.71 9.34 8.83 8.03 7.74 7.59 6.64 2.48 0.00 0.00 0.00 0.00 0.00 2.41 6.28 5.04 5.26 5.26 6.57 8.83 11.90 12.85 12.70 11.02 8.98 7.52 6.35 5.77 5.40 5.55 6.42 8.32 8.98 9.93 11.61 12.56 13.72 13.36 12.63 12.63 12.70 13.43 13.43 13.87 14.09 13.94 13.14 12.41 12.12 12.19 12.78 13.36 13.65 13.94 13.72 13.58 12.99 12.34 12.48 13.36 13.43 13.65 13.43 12.78 12.34 11.46
8.69 10.95 8.76 8.69 6.94 4.89 3.94 4.23 4.31 4.31 4.82 5.48 5.99 6.42 7.01 8.25 7.45 10.88 10.80 8.98 8.18 5.77 4.96 2.99 0.00 0.00 0.00 0.00 0.00 0.00 1.17 4.89 5.84 5.91 6.64 6.64 8.83 9.42 8.40 7.74 6.94 5.99 4.67 3.29 2.92 2.92 3.43 5.26 6.86 8.10 8.54 9.27 10.22 10.66 11.53 11.68 12.05 11.39 11.46 12.19 12.19 12.92 13.29 12.99 12.48 11.83 10.73 9.64 10.00 11.61 12.63 12.63 12.34 11.75 11.10 10.88 11.32 11.68 12.63 13.14 13.29 13.51 13.29 13.51
10.44 9.20 12.63 10.00 10.73 4.53 4.31 6.35 6.79 6.79 6.42 6.42 7.96 8.47 8.83 9.05 9.27 10.15 8.69 6.35 4.16 2.48 0.00 0.00 0.00 0.00 0.00 0.00 0.00 2.04 5.18 6.06 5.62 7.15 8.40 8.40 9.64 9.20 6.64 4.60 3.07 2.77 3.43 2.92 3.07 3.50 4.67 5.99 7.01 8.10 8.61 9.71 10.07 9.78 9.20 9.42 9.34 9.20 9.20 9.42 9.42 10.59 10.95 11.10 10.95 10.59 8.03 7.52 8.54 9.78 10.07 9.71 9.42 9.49 9.64 9.34 8.83 10.44 12.26 13.14 12.78 12.78 13.36 13.43
12.26 11.32 12.34 11.02 8.03 8.91 5.69 8.03 9.13 9.13 8.61 8.47 9.42 9.78 9.56 9.13 8.32 6.79 8.98 2.70 0.00 0.00 0.00 0.00 0.00 0.00 0.00 0.00 0.00 2.70 5.84 7.15 6.86 8.40 8.83 8.83 10.15 8.98 6.50 4.45 3.87 4.02 4.31 5.18 5.62 6.42 7.37 8.10 8.98 9.20 9.64 10.07 9.78 9.20 9.42 9.78 8.91 8.47 7.59 7.66 7.66 7.96 8.25 7.88 7.30 7.08 6.57 6.50 6.57 7.01 7.37 7.08 6.28 5.99 5.99 6.28 6.94 7.15 7.88 10.65 13.38 14.60 14.44 15.39
12.26 11.32 12.34 11.02 8.03 8.91 5.69 8.03 9.13 9.13 8.61 8.47 9.42 9.78 9.56 9.13 8.32 6.79 8.98 2.70 0.00 0.00 0.00 0.00 0.00 0.00 0.00 0.00 0.00 2.70 5.84 7.15 6.86 8.40 8.83 8.83 10.15 8.98 6.50 4.45 3.87 4.02 4.31 5.18 5.62 6.42 7.37 8.10 8.98 9.20 9.64 10.07 9.78 9.20 9.42 9.78 8.91 8.47 7.59 7.66 7.66 7.96 8.25 7.88 7.30 7.08 6.57 6.50 6.57 7.01 7.37 7.08 6.28 5.99 5.99 7.26 9.57 10.29 10.80 18.09 22.10 19.43 18.58 15.97
10.00 10.44 10.80 9.78 8.40 6.13 8.03 7.30 7.88 7.88 7.59 8.54 9.42 10.44 8.98 7.74 6.50 3.14 1.31 4.38 0.00 0.00 0.00 0.00 0.00 0.00 0.00 0.22 3.50 5.11 5.99 6.57 7.30 7.96 8.69 8.69 9.20 7.52 6.28 5.11 5.26 5.84 7.30 8.40 8.47 8.61 8.91 9.34 9.56 10.37 9.64 8.61 7.66 7.37 7.59 7.81 7.66 7.01 6.50 6.06 6.06 5.62 6.13 6.28 5.91 5.55 5.48 5.91 5.99 6.35 6.79 6.06 5.33 4.67 5.65 7.24 8.38 8.63 8.10 12.48 14.39 13.97 14.60 16.02
5.40 9.05 9.13 7.59 7.30 6.79 6.72 6.13 6.72 6.72 7.23 7.81 8.32 7.01 5.99 4.45 1.24 0.00 0.00 0.00 0.00 0.00 0.00 0.00 0.00 1.39 3.72 4.82 5.62 4.96 5.55 5.62 5.55 5.69 6.13 6.13 6.72 6.94 6.72 6.86 9.78 10.80 10.44 9.93 8.98 9.42 9.27 9.13 8.91 8.54 8.25 7.96 7.52 8.25 7.81 6.72 6.86 6.57 5.84 4.45 4.45 4.38 4.23 4.23 4.53 5.11 5.18 4.60 4.60 5.33 5.91 5.77 5.45 6.29 6.32 6.81 8.15 9.17 10.03 8.95 8.99 9.80 13.31 15.03
6.13 5.62 6.42 5.91 5.84 6.35 6.35 5.33 5.77 5.77 5.48 5.18 2.99 2.26 1.17 0.00 0.00 0.00 0.00 0.00 0.00 0.00 0.00 4.38 5.62 4.45 6.20 7.30 7.08 6.13 5.40 4.89 3.87 4.96 6.35 6.35 7.23 8.69 9.42 11.39 13.51 13.51 11.97 9.71 8.91 7.96 7.66 7.59 7.30 7.37 7.45 7.15 7.52 7.81 7.01 6.50 5.69 5.48 4.89 4.09 4.09 3.07 2.56 2.92 3.72 4.16 4.60 4.74 4.89 5.69 6.28 5.91 5.91 5.26 4.52 5.72 7.60 8.99 9.13 10.90 11.03 10.60 9.97 10.47
6.13 5.62 6.42 5.91 5.84 6.35 6.35 5.33 5.77 5.77 5.48 5.18 2.99 2.26 1.17 0.00 0.00 0.00 0.00 0.00 0.00 0.00 0.00 4.38 5.62 4.45 6.20 7.30 7.08 6.13 5.40 4.89 3.87 4.96 6.35 6.35 7.23 8.69 9.42 11.39 13.51 13.51 11.97 9.71 8.91 7.96 7.66 7.59 7.30 7.37 7.45 7.15 7.52 7.81 7.01 6.50 5.69 5.48 4.89 4.09 4.09 3.07 2.56 2.92 3.72 4.16 4.60 4.74 4.89 5.69 6.28 5.91 5.77 5.18 4.38 5.31 6.77 8.33 9.73 11.31 11.03 10.37 10.95 11.20
10.29 8.47 3.36 5.55 4.67 3.80 3.72 2.92 0.80 0.80 6.20 0.00 0.00 0.00 0.00 0.00 0.00 0.00 0.00 3.43 4.31 5.33 4.74 6.13 6.57 7.96 8.32 9.13 8.76 7.52 6.79 6.72 6.79 8.03 8.54 8.54 8.83 10.00 10.73 12.12 13.72 14.31 12.12 9.34 8.61 8.10 8.32 8.32 8.76 9.64 9.34 8.69 8.25 7.59 6.20 5.04 4.74 5.04 4.53 3.65 3.65 3.65 4.38 5.18 5.33 6.35 6.28 6.35 6.64 6.64 6.94 6.94 5.91 6.06 5.39 5.99 7.70 8.04 9.27 9.91 9.73 10.95 11.01 10.89
8.47 7.52 4.53 7.66 5.55 4.74 3.43 0.37 0.00 0.00 0.00 0.00 0.00 0.00 0.00 0.00 0.00 0.00 2.12 3.65 5.91 7.01 7.96 7.37 8.54 8.40 9.56 10.44 10.29 10.37 9.34 8.98 8.91 9.05 8.83 8.83 9.34 10.07 10.51 11.24 12.56 12.78 11.97 10.80 10.07 10.37 11.17 11.46 12.12 12.34 11.75 11.32 11.24 9.71 7.74 6.94 6.13 5.11 5.11 5.62 5.62 6.20 6.79 8.25 9.49 9.20 8.91 8.47 8.32 9.42 5.55 3.36 7.59 8.99 9.20 8.44 7.30 8.70 10.22 8.76 10.21 9.70 9.80 10.95
12.56 11.90 11.53 7.15 11.02 10.29 8.18 5.99 4.53 4.53 0.00 0.00 0.00 0.00 0.00 0.00 0.00 0.22 2.85 3.72 6.28 7.59 8.61 9.27 8.61 9.05 10.37 10.59 10.73 10.15 9.56 8.32 8.47 8.40 8.91 8.91 9.20 9.34 10.15 10.00 9.34 9.05 8.91 9.27 10.22 12.26 12.41 12.99 13.80 13.72 13.51 12.63 11.68 11.39 10.66 9.64 8.40 7.23 6.50 6.94 6.94 7.74 9.49 10.15 10.59 10.07 10.59 11.53 11.32 11.24 11.39 11.32 10.05 10.67 9.77 10.62 10.74 10.92 9.49 9.27 9.11 8.53 9.39 9.24
14.09 14.02 11.53 11.02 11.17 10.51 9.78 8.54 7.37 7.37 6.06 5.33 4.09 1.75 2.26 2.34 2.63 1.31 1.97 3.29 4.23 5.84 6.79 7.88 8.18 8.83 9.20 9.13 9.27 8.10 7.81 7.23 7.74 8.25 8.25 8.25 8.25 8.03 8.69 7.74 8.03 8.61 8.54 8.91 9.71 10.37 10.80 12.48 12.85 13.21 13.36 12.56 11.75 11.53 10.73 9.56 9.13 8.76 7.81 8.03 8.03 9.05 9.49 10.00 10.15 9.93 9.05 9.20 10.15 12.34 12.63 12.87 14.07 13.63 12.94 10.20 9.84 9.86 9.95 9.83 10.37 11.25 9.99 9.28
14.09 14.02 11.53 11.02 11.17 10.51 9.78 8.54 7.37 7.37 6.06 5.33 4.09 1.75 2.26 2.34 2.63 1.31 1.97 3.29 4.23 5.84 6.79 7.88 8.18 8.83 9.20 9.13 9.27 8.10 7.81 7.23 7.74 8.25 8.25 8.25 8.25 8.03 8.69 7.74 8.03 8.61 8.54 8.91 9.71 10.37 10.80 12.48 12.85 13.21 13.36 12.56 11.75 11.53 10.73 9.56 9.13 8.76 7.81 8.03 8.03 9.05 9.49 10.00 10.15 9.93 9.05 9.20 10.15 12.34 12.63 15.80 13.18 14.81 11.62 12.62 9.98 10.90 10.15 8.87 10.03 9.67 10.87 10.54
7.15 8.10 6.72 6.79 6.35 5.84 5.84 6.42 6.64 6.64 6.20 5.33 4.45 4.53 2.12 2.99 2.41 1.97 2.04 2.70 3.21 5.04 5.62 6.42 7.23 7.08 8.18 7.88 6.64 5.99 6.13 6.50 7.30 7.66 7.23 7.23 7.81 7.96 7.66 7.01 7.81 8.03 8.32 8.25 6.79 6.35 7.45 8.83 9.27 9.34 9.86 9.71 9.71 9.42 8.47 8.54 9.34 9.05 8.40 8.69 8.69 8.98 9.64 9.49 8.83 9.05 9.05 9.20 10.15 11.97 13.69 14.00 17.09 15.70 14.50 15.44 14.02 10.78 9.95 11.27 11.25 11.50 12.27 11.61
2.48 3.58 4.23 4.38 4.16 4.09 4.31 4.45 4.60 4.60 3.21 2.99 2.99 2.56 2.48 2.26 2.34 2.70 2.56 2.48 3.21 4.23 4.38 5.11 4.67 5.11 5.84 5.48 5.26 5.69 5.48 6.13 6.86 6.86 6.64 6.64 7.30 7.15 6.06 5.04 6.13 6.57 6.50 5.62 4.74 4.60 5.26 6.13 6.35 7.01 8.40 8.98 8.98 8.61 7.45 8.18 8.83 8.83 8.76 8.40 8.40 8.76 9.34 9.86 9.13 8.69 9.20 9.86 10.73 11.96 13.86 14.53 15.65 16.39 17.22 15.25 12.70 12.78 12.13 13.01 11.25 12.84 12.47 14.19
1.46 1.24 1.39 3.50 4.02 4.67 4.89 1.24 1.68 1.68 1.83 3.07 3.14 3.21 3.07 2.99 2.26 2.63 2.41 2.92 4.02 4.74 5.99 5.26 5.18 5.33 5.26 4.67 4.60 5.11 5.91 6.50 6.86 7.45 6.79 6.79 6.64 6.20 5.77 5.33 5.77 4.67 3.65 3.14 2.48 3.21 5.04 6.64 7.15 7.74 8.47 8.69 7.74 6.57 6.20 7.52 7.88 7.45 7.88 8.47 8.47 8.91 10.22 10.59 9.78 10.07 10.59 11.61 12.41 13.65 15.18 16.35 17.45 18.18 17.81 16.99 15.40 15.68 16.62 14.81 15.49 13.33 11.90 14.49
2.12 1.61 1.53 1.61 4.38 3.72 3.87 3.50 21.24 21.24 24.67 1.97 2.99 3.43 3.43 2.92 2.48 2.41 2.99 3.94 4.89 5.33 6.35 6.28 5.26 5.04 4.53 4.89 4.82 5.04 6.42 7.52 7.88 7.37 7.15 7.15 6.79 5.55 4.82 3.50 3.21 3.36 2.56 2.92 3.80 4.60 5.69 5.69 7.23 7.96 8.40 8.03 7.15 5.99 5.99 7.74 8.10 7.59 8.18 8.54 8.54 8.83 9.42 10.37 9.05 8.76 9.27 11.17 12.34 12.85 13.87 16.72 18.25 19.13 20.30 19.97 22.55 19.06 19.65 17.14 17.79 14.49 16.32 15.09
1.24 0.66 1.24 0.80 1.39 2.12 2.41 2.41 1.10 1.10 1.61 3.50 3.43 3.65 3.65 2.48 2.12 2.85 4.09 5.69 5.62 5.04 5.48 4.53 5.18 6.28 6.50 7.59 7.15 6.13 8.76 9.20 8.03 7.23 6.94 6.94 6.13 4.45 2.48 1.75 2.26 2.85 2.77 3.50 4.02 5.11 5.99 5.91 6.94 7.81 8.40 7.45 6.79 6.64 6.50 8.32 9.56 10.15 10.22 9.20 9.20 6.57 4.84 5.11 6.20 6.13 6.94 8.25 9.71 10.59 11.39 14.53 16.21 17.81 20.15 20.64 24.40 19.50 19.18 16.04 13.87 15.42 18.28 18.61
1.24 0.66 1.24 0.80 1.39 2.12 2.41 2.41 1.10 1.10 1.61 3.50 3.43 3.65 3.65 2.48 2.12 2.85 4.09 5.69 5.62 5.04 5.48 4.53 5.18 6.28 6.50 7.59 7.15 6.13 8.76 9.20 8.03 7.23 6.94 6.94 6.13 4.45 2.48 1.75 2.26 2.85 2.77 3.50 4.02 5.11 5.99 5.91 6.94 7.81 8.40 7.45 6.79 6.64 6.50 8.32 9.56 10.15 10.22 9.20 9.20 6.57 4.84 5.11 6.20 6.13 6.94 8.25 9.71 10.59 11.39 14.53 16.21 17.81 19.35 20.76 18.95 17.15 16.06 18.67 16.96 15.75 14.32 17.17
0.95 1.68 1.31 1.39 1.02 1.90 1.17 1.10 1.39 1.39 2.12 2.92 2.70 1.83 1.02 1.02 2.26 3.36 2.99 5.55 6.64 7.23 7.81 7.88 6.79 7.45 8.76 10.80 12.05 7.59 9.93 8.18 6.28 5.18 4.45 4.45 2.56 1.53 1.83 2.34 2.77 2.34 2.63 3.07 3.36 3.50 3.43 4.02 5.04 5.91 7.23 6.72 5.62 5.33 6.57 8.47 9.42 8.83 7.37 6.13 6.13 3.87 0.95 0.00 3.14 4.96 5.55 6.06 7.59 8.83 9.64 11.17 14.89 18.18 19.56 19.66 19.59 25.44 22.75 18.45 16.04 13.70 15.28 18.14
0.73 1.53 1.24 1.53 1.97 1.53 0.66 1.46 1.75 1.75 2.26 2.04 1.10 0.29 1.46 1.97 2.92 3.72 3.65 5.84 7.88 9.86 8.25 10.00 11.24 11.10 12.56 15.62 15.26 12.41 11.61 5.99 4.16 1.97 1.68 1.68 1.02 0.95 0.88 0.80 1.68 1.61 1.61 1.02 1.10 1.53 1.61 1.97 2.12 1.83 2.26 2.77 2.63 2.85 4.53 6.28 7.37 6.28 3.87 1.75 1.75 0.00 0.00 0.00 3.58 5.55 6.64 6.72 8.10 9.42 10.44 14.38 18.91 22.05 22.76 22.64 20.23 20.62 21.08 18.17 18.25 13.08 16.80 21.09
1.68 1.53 1.46 1.97 2.04 1.97 1.02 1.90 1.75 1.75 1.90 1.46 1.90 2.12 1.75 2.41 3.80 4.31 4.67 5.18 7.45 7.96 10.29 12.85 13.87 12.99 10.66 8.32 7.88 11.61 8.03 8.18 2.26 1.61 1.75 1.75 0.51 0.00 0.00 0.00 0.00 0.51 0.07 0.00 0.51 0.00 0.00 0.00 0.00 0.00 0.00 0.00 0.00 0.00 1.10 1.97 3.29 3.07 1.83 1.17 1.17 0.73 1.83 3.43 5.62 7.52 8.40 8.18 8.98 11.32 12.70 16.06 20.68 23.96 23.64 22.88 20.14 15.53 14.89 14.82 13.44 14.60 15.96 16.67
0.66 1.02 0.95 0.22 0.29 1.46 3.29 1.90 0.58 0.58 0.88 1.39 2.04 2.26 1.75 2.48 3.14 2.85 3.36 4.09 4.89 7.45 9.05 11.10 10.66 9.42 7.52 7.52 6.64 4.02 2.34 1.39 3.14 0.95 0.80 0.80 0.00 0.00 0.00 0.00 0.00 0.00 0.00 0.00 0.00 0.00 0.00 0.00 0.00 0.00 0.00 0.00 0.00 0.00 0.00 0.00 0.00 0.00 0.00 1.31 1.31 1.46 1.97 2.34 4.02 6.50 8.18 8.25 9.71 12.70 15.48 18.61 22.05 23.17 22.92 20.18 17.37 15.96 13.20 12.88 12.31 12.49 15.16 16.05
0.00 0.29 0.51 0.29 0.00 0.00 1.31 1.10 1.53 1.53 1.31 1.46 1.83 1.75 1.10 0.51 0.15 0.66 0.80 1.02 1.68 3.14 2.77 3.72 2.99 2.26 2.41 3.29 3.14 2.41 1.83 1.31 2.34 1.10 0.80 0.80 0.44 0.51 0.44 0.00 0.00 0.00 0.00 0.00 0.00 0.00 0.00 0.00 0.00 0.00 0.00 0.00 0.00 0.00 0.00 0.00 0.00 0.00 0.00 0.00 0.00 0.00 0.00 0.00 2.41 6.20 7.52 7.45 8.69 12.26 17.45 22.21 24.99 20.96 19.52 18.15 14.71 11.68 9.98 10.02 10.23 9.92 11.38 9.80
0.00 0.29 0.51 0.29 0.00 0.00 1.31 1.10 1.53 1.53 1.31 1.46 1.83 1.75 1.10 0.51 0.15 0.66 0.80 1.02 1.68 3.14 2.77 3.72 2.99 2.26 2.41 3.29 3.14 2.41 1.83 1.31 2.34 1.10 0.80 0.80 0.44 0.51 0.44 0.00 0.00 0.00 0.00 0.00 0.00 0.00 0.00 0.00 0.00 0.00 0.00 0.00 0.00 0.00 0.00 0.00 0.00 0.00 0.00 0.00 0.00 0.00 0.00 0.00 2.41 6.20 7.52 7.45 8.69 12.26 17.54 21.98 22.60 23.36 20.83 21.17 17.08 11.30 10.43 9.73 10.82 11.77 10.39 8.32
0.22 0.29 0.44 0.00 0.00 0.00 0.00 0.00 0.80 0.80 1.02 1.68 1.83 1.24 0.00 0.00 0.29 0.66 0.00 0.66 0.73 0.15 0.00 0.00 0.00 0.00 0.44 0.80 0.73 0.66 0.95 0.88 1.02 1.10 1.39 1.39 1.39 0.95 0.95 0.44 0.00 0.29 0.00 0.00 0.37 0.44 0.80 0.37 0.22 0.00 0.00 0.00 0.00 0.00 0.00 0.00 0.00 0.00 0.00 0.00 0.00 0.00 0.00 0.00 0.00 5.11 6.86 7.59 8.66 12.31 16.96 21.31 25.35 23.58 19.99 15.61 9.27 6.82 6.45 6.65 7.16 8.28 6.02 3.71
1.53 1.61 0.73 0.37 0.00 0.00 0.00 0.00 0.44 0.44 0.00 0.44 0.88 1.10 0.88 1.02 1.46 0.95 0.29 0.22 0.15 0.44 0.66 0.44 0.51 1.24 0.66 0.15 0.00 0.15 1.31 1.31 1.17 1.02 1.10 1.10 1.24 1.17 0.66 0.22 0.15 0.51 0.00 0.00 0.00 0.88 0.00 0.00 0.00 0.00 0.00 0.00 0.00 0.00 0.00 0.00 0.00 0.00 0.00 0.00 0.00 0.00 0.00 0.58 3.72 5.77 6.64 8.69 11.10 13.21 16.79 20.70 22.45 20.73 12.66 7.94 4.44 3.20 3.75 4.97 5.05 4.01 3.81 3.01
2.77 2.56 1.31 0.51 0.00 0.00 0.00 0.00 1.31 1.31 0.22 0.00 0.00 0.00 0.80 0.95 1.68 0.80 1.17 1.46 1.10 0.00 0.00 0.00 2.34 1.53 1.83 1.83 1.10 0.80 1.02 1.31 1.17 0.29 0.44 0.44 0.37 0.58 0.66 0.15 0.00 0.00 0.00 0.00 0.00 0.00 0.00 0.00 0.00 0.00 0.00 0.00 0.00 0.00 0.00 0.00 0.00 0.00 0.00 0.00 0.00 0.00 0.00 2.19 4.60 6.28 6.42 9.20 12.19 14.38 15.33 18.19 21.20 16.93 10.67 4.59 2.58 3.68 2.88 3.30 3.19 3.38 2.23 1.33
2.99 1.97 1.10 1.10 0.22 0.00 0.00 0.00 0.00 0.00 0.07 0.44 0.00 0.00 0.22 0.00 0.37 0.29 0.22 0.66 0.00 0.95 1.39 1.68 2.92 2.41 1.90 2.04 0.00 1.10 1.39 0.80 0.66 0.00 0.00 0.00 1.24 0.58 0.00 0.00 0.00 0.00 0.00 0.00 0.00 0.00 0.00 0.00 0.00 0.00 0.00 0.00 0.00 0.00 0.00 0.00 0.00 0.00 0.00 0.00 0.00 0.00 2.48 5.11 6.64 7.96 8.32 10.15 13.65 15.11 15.40 15.48 14.97 10.37 6.29 2.78 1.99 1.09 1.80 1.98 1.66 1.81 1.72 1.70
0.80 1.17 0.07 0.00 0.88 0.00 0.00 0.00 0.00 0.00 0.00 0.00 0.00 0.00 0.00 0.00 0.00 0.00 0.00 0.00 0.00 0.00 0.73 1.31 2.92 2.34 2.19 1.68 0.00 0.00 1.17 0.29 0.58 0.15 0.15 0.15 0.58 0.00 0.00 0.00 0.00 0.00 0.00 0.00 0.00 0.00 0.00 0.00 0.00 0.00 0.00 0.00 0.00 0.00 0.00 0.00 0.00 0.00 0.00 0.00 0.00 4.89 7.23 6.20 8.54 8.40 8.03 8.40 11.24 13.58 13.43 11.32 7.38 3.71 1.59 1.39 0.97 0.40 0.09 0.25 0.93 1.47 1.75 0.00
0.95 0.00 0.00 0.73 0.00 0.15 0.95 0.00 0.00 0.00 0.00 0.00 0.00 0.00 0.00 0.00 0.00 0.00 0.00 0.00 0.00 0.00 1.02 0.00 2.41 2.12 2.04 1.97 1.10 1.02 0.00 0.58 0.00 0.00 0.00 0.00 0.00 0.00 0.00 0.00 0.00 0.00 0.00 0.00 0.00 0.00 0.00 0.00 0.00 0.00 0.00 0.00 0.00 0.00 0.00 0.00 0.00 0.00 0.00 0.00 0.00 4.45 0.00 0.00 8.25 5.26 5.62 7.01 9.20 9.93 9.49 7.56 4.54 2.38 1.11 0.55 0.00 0.00 0.00 0.00 0.00 0.00 0.00 0.00
0.95 0.00 0.00 0.73 0.00 0.15 0.95 0.00 0.00 0.00 0.00 0.00 0.00 0.00 0.00 0.00 0.00 0.00 0.00 0.00 0.00 0.00 1.02 0.00 2.41 2.12 2.04 1.97 1.10 1.02 0.00 0.58 0.00 0.00 0.00 0.00 0.00 0.00 0.00 0.00 0.00 0.00 0.00 0.00 0.00 0.00 0.00 0.00 0.00 0.00 0.00 0.00 0.00 0.00 0.00 0.00 0.00 0.00 0.00 0.00 0.00 4.45 0.00 0.00 8.25 5.26 5.62 7.01 9.20 9.93 9.49 7.52 4.48 2.35 1.11 0.57 0.00 0.00 0.00 0.00 0.00 0.00 0.00 0.00
2.77 1.68 0.00 0.00 0.00 0.00 1.61 1.31 0.66 0.66 0.00 0.00 0.00 0.00 1.17 0.00 0.00 0.00 0.00 0.00 0.00 0.00 0.00 0.00 0.00 0.00 1.97 1.46 0.00 0.00 0.00 0.00 0.00 0.00 0.00 0.00 0.51 0.00 0.00 0.00 0.00 0.00 0.00 0.00 0.00 0.00 0.00 0.00 0.00 0.00 0.00 0.00 0.00 0.00 0.00 0.00 0.51 0.66 0.00 0.00 0.00 3.65 0.00 7.23 0.00 0.00 3.14 5.33 6.50 5.55 5.18 4.02 2.12 0.15 0.15 0.00 0.00 0.00 0.00 0.00 0.00 0.00 0.00 0.00
