Wansh/Snow_depth/snowdepth-1988/winter/1989047.txt
ncols 321
nrows 161
xllcenter 60
yllcenter 15 
cellsize  0.25 
NODATA_value -1
[rows 0 to 36 of 161, columns 166 to 248 of 321]
13.07 12.19 11.97 10.88 9.34 8.32 7.96 8.10 7.96 7.74 7.81 7.81 7.81 8.10 8.47 8.25 7.96 8.54 9.27 10.51 12.05 13.07 13.07 12.12 11.68 11.02 5.84 0.00 0.00 0.00 0.00 0.00 0.00 10.59 14.53 14.53 14.53 14.53 14.53 13.14 13.43 14.89 14.67 11.75 11.10 10.66 9.78 9.13 11.02 12.63 13.65 12.70 10.73 10.44 11.75 13.14 14.31 15.33 15.99 16.86 16.50 14.45 14.45 14.09 14.16 15.70 17.08 18.54 19.78 20.81 21.61 21.61 20.51 20.00 19.78 19.86 20.59 21.83 23.14 25.26 26.43 26.50 25.92
16.43 15.18 13.36 12.48 10.22 9.71 9.27 8.03 7.52 7.66 8.18 8.18 8.69 8.83 8.83 8.40 8.47 8.76 9.93 11.17 12.99 14.09 12.78 10.00 4.67 1.17 2.85 1.31 0.00 0.00 0.00 0.00 3.43 8.10 13.65 14.89 12.85 12.85 10.22 10.22 12.85 16.06 16.64 14.82 14.38 13.72 13.07 9.93 13.72 11.39 10.44 10.66 11.53 13.65 15.04 16.21 17.37 17.52 17.52 17.74 17.81 17.16 17.16 16.57 16.72 18.25 18.40 18.47 18.76 21.32 22.34 22.05 21.75 21.02 20.73 19.49 19.56 20.95 22.12 23.94 24.60 24.16 22.78
21.53 20.22 19.27 17.16 15.48 13.72 12.78 11.97 9.42 7.96 7.88 7.88 8.69 9.20 8.91 9.20 10.29 10.73 12.05 12.34 12.19 9.93 4.96 3.80 7.66 9.27 4.82 0.00 0.00 0.00 0.00 0.00 2.56 8.18 10.80 10.80 9.42 9.42 10.44 12.56 15.99 18.98 18.91 17.81 15.99 14.02 12.48 11.68 12.92 8.61 9.05 11.61 13.29 14.45 15.99 17.52 19.13 18.76 17.96 17.52 16.72 17.81 17.81 18.98 19.56 19.35 18.54 18.32 18.76 20.00 20.88 21.75 21.75 21.75 22.56 21.75 19.71 19.05 19.20 20.51 20.44 20.15 19.49
21.53 20.22 19.27 17.16 15.48 13.72 12.78 11.97 9.42 7.96 7.88 7.88 8.69 9.20 8.91 9.20 10.29 10.73 12.05 12.34 12.19 9.93 4.96 3.80 7.66 9.27 4.82 0.00 0.00 0.00 0.00 0.00 2.56 8.18 10.80 10.80 9.42 9.42 10.44 12.56 15.99 18.98 18.91 17.81 15.99 14.02 12.48 11.68 12.92 8.61 9.05 11.61 13.29 14.45 15.99 17.52 19.13 18.76 17.96 17.52 16.72 17.81 17.81 18.98 19.56 19.35 18.54 18.32 18.76 20.00 20.88 21.75 21.75 21.75 22.56 21.75 19.71 19.05 19.20 20.51 20.44 20.15 19.49
20.95 21.53 20.81 20.44 19.20 16.13 14.75 13.65 12.63 10.66 8.54 8.54 9.34 10.59 11.68 12.19 13.65 15.70 15.33 10.15 5.48 7.52 10.29 10.51 8.76 3.65 0.00 0.00 0.00 0.00 0.00 0.00 5.18 8.25 9.27 9.86 9.93 9.93 14.09 14.67 15.11 13.94 11.97 10.80 10.15 8.47 8.25 7.30 7.37 6.86 7.15 11.90 13.14 13.21 14.38 16.50 17.08 16.79 16.50 17.01 16.50 16.50 16.50 18.32 19.56 18.83 18.98 19.35 18.61 17.74 17.81 18.10 19.78 20.51 19.93 19.56 18.61 16.86 16.86 18.32 19.13 19.05 18.98
20.66 22.27 23.14 22.85 21.83 18.25 15.40 14.24 15.40 16.28 13.36 13.36 12.56 13.87 14.60 12.56 8.98 7.01 10.80 14.45 14.60 11.75 8.25 1.97 0.00 0.00 0.00 0.00 0.00 0.00 4.38 6.94 9.49 9.34 11.39 11.90 14.45 14.45 11.61 13.65 11.68 9.34 7.01 6.79 6.79 7.37 7.37 7.08 8.69 9.20 8.69 8.98 12.63 13.72 15.77 15.91 14.82 15.04 15.55 15.62 14.45 14.16 14.16 15.77 17.16 17.52 17.89 17.16 14.60 13.51 14.60 15.26 16.72 17.37 16.79 15.70 15.55 15.18 15.77 16.50 17.81 19.35 19.71
18.40 21.68 24.38 25.92 24.89 20.44 18.18 17.16 18.91 20.37 18.25 18.25 13.07 6.28 5.77 12.34 17.45 17.74 15.18 11.61 7.88 4.96 1.31 0.00 0.00 0.00 0.00 0.00 0.00 1.17 8.40 11.83 13.72 13.94 15.04 13.07 13.80 13.80 16.13 16.21 15.40 9.13 7.96 8.47 8.47 8.83 10.00 12.41 12.12 12.99 14.45 11.61 13.29 16.06 15.84 15.18 14.31 14.53 13.87 12.85 12.63 12.63 12.63 12.26 12.78 13.21 13.07 12.63 11.46 11.83 12.48 12.85 13.07 14.09 13.51 12.26 12.05 12.05 12.12 12.12 13.80 17.41 19.79
18.40 21.68 24.38 25.92 24.89 20.44 18.18 17.16 18.91 20.37 18.25 18.25 13.07 6.28 5.77 12.34 17.45 17.74 15.18 11.61 7.88 4.96 1.31 0.00 0.00 0.00 0.00 0.00 0.00 1.17 8.40 11.83 13.72 13.94 15.04 13.07 13.80 13.80 16.13 16.21 15.40 9.13 7.96 8.47 8.47 8.83 10.00 12.41 12.12 12.99 14.45 11.61 13.29 16.06 15.84 15.18 14.31 14.53 13.87 12.85 12.63 12.63 12.63 12.26 12.78 13.21 13.07 12.63 11.46 11.83 12.48 12.85 13.07 14.09 13.51 12.26 12.05 13.92 16.71 17.44 18.90 29.59 32.68
13.58 16.64 18.98 23.36 24.75 22.92 18.47 14.75 6.86 7.30 9.27 9.27 15.91 19.05 19.86 19.05 16.86 16.43 12.70 7.81 1.97 0.00 0.00 0.00 0.00 0.00 0.00 0.00 2.48 6.35 8.69 11.39 12.41 13.72 14.31 15.70 15.77 15.77 16.28 14.38 14.97 13.94 9.78 11.32 12.63 14.97 17.45 17.45 15.70 16.57 18.69 18.47 16.50 17.08 14.82 14.45 13.58 13.14 12.48 12.70 12.63 11.24 11.24 10.80 11.10 11.02 10.88 10.51 10.88 11.24 10.80 10.66 11.53 11.90 11.10 10.08 12.62 14.38 15.92 15.82 14.32 20.60 21.37
12.48 10.95 10.73 8.91 10.95 10.59 9.64 14.31 15.26 17.23 17.16 17.16 18.61 18.98 18.54 17.52 12.41 5.99 2.77 0.00 0.00 0.00 0.00 0.00 0.00 1.46 4.31 7.96 10.95 11.39 11.97 11.97 11.39 12.19 12.85 13.72 13.51 13.51 13.87 13.14 12.70 12.70 11.61 17.52 19.71 20.37 19.78 18.40 17.74 18.76 18.40 17.01 15.91 16.43 15.70 12.56 12.05 11.53 10.95 10.80 10.15 9.27 9.27 9.05 8.47 8.91 9.42 9.71 10.51 9.93 9.49 10.00 10.95 11.10 11.63 13.11 13.45 13.30 14.92 16.75 19.55 18.25 18.30
5.62 8.98 7.37 10.88 13.21 13.87 16.94 18.40 18.25 16.79 16.21 16.21 16.06 13.29 11.32 7.08 4.09 0.00 0.00 0.00 0.00 0.00 3.07 7.37 8.61 10.00 12.12 13.36 14.02 13.51 12.41 11.39 10.44 10.44 10.44 10.95 14.09 14.09 14.09 15.40 17.16 19.78 16.86 24.31 23.07 20.59 19.27 18.76 17.01 15.33 14.89 15.04 14.89 13.87 13.21 12.85 12.56 11.97 10.80 10.37 9.05 8.40 8.40 8.10 7.81 7.96 7.81 8.54 8.61 8.83 9.34 10.00 10.88 11.17 10.56 9.41 8.96 12.05 15.07 15.53 15.92 17.14 18.38
5.62 8.98 7.37 10.88 13.21 13.87 16.94 18.40 18.25 16.79 16.21 16.21 16.06 13.29 11.32 7.08 4.09 0.00 0.00 0.00 0.00 0.00 3.07 7.37 8.61 10.00 12.12 13.36 14.02 13.51 12.41 11.39 10.44 10.44 10.44 10.95 14.09 14.09 14.09 15.40 17.16 19.78 16.86 24.31 23.07 20.59 19.27 18.76 17.01 15.33 14.89 15.04 14.89 13.87 13.21 12.85 12.56 11.97 10.80 10.37 9.05 8.40 8.40 8.10 7.81 7.96 7.81 8.54 8.61 8.83 9.34 10.00 10.88 11.17 10.29 9.27 8.69 11.19 13.44 14.38 16.98 17.78 18.38
17.45 16.72 15.70 13.87 12.92 11.46 11.32 11.83 12.41 9.78 8.10 8.10 6.42 2.99 1.46 0.00 0.00 0.00 0.00 0.00 6.94 11.97 11.32 11.90 13.07 13.94 14.31 14.53 15.11 15.18 14.24 13.51 12.48 12.92 13.94 14.53 15.77 15.77 17.16 19.35 20.73 22.19 23.65 23.65 22.27 19.56 17.81 16.13 14.75 15.04 16.43 16.64 16.35 14.24 13.14 13.29 12.85 11.39 10.37 9.56 9.13 8.91 8.91 8.69 8.61 9.42 9.56 10.51 10.73 11.61 11.39 12.05 11.83 11.90 11.53 10.73 9.58 11.60 13.68 13.54 15.13 17.32 18.05
15.11 14.38 14.31 14.45 14.60 14.67 13.07 10.15 5.77 2.41 0.00 0.00 0.00 0.00 0.00 0.00 0.00 0.00 0.00 2.12 7.15 10.37 12.92 14.38 14.38 14.89 15.04 16.43 17.81 18.25 17.52 17.52 17.16 16.64 16.21 16.86 17.52 17.52 18.40 18.25 19.35 19.78 20.95 21.39 22.34 17.81 15.77 15.91 16.57 17.67 18.10 18.25 17.81 16.72 14.97 14.89 13.21 12.78 11.83 10.66 10.07 9.93 9.93 11.61 12.34 14.02 14.89 15.48 15.55 14.53 14.24 13.43 13.87 13.07 12.92 12.95 15.02 15.40 12.73 13.96 17.18 15.42 17.97
17.59 17.45 18.40 18.69 18.32 17.59 17.67 17.01 13.36 8.83 3.58 3.58 0.73 0.00 0.00 1.68 1.68 3.14 4.89 6.64 9.49 12.56 14.16 15.62 16.43 16.06 16.50 16.50 16.94 17.67 18.40 17.59 16.64 16.43 16.64 15.91 16.21 16.21 19.13 17.59 19.35 19.42 17.89 17.30 16.06 17.81 16.57 18.25 19.93 19.71 19.86 19.49 19.05 18.47 17.59 18.03 17.89 15.26 15.11 13.21 11.53 12.78 12.78 14.75 16.28 17.37 17.96 17.96 17.08 16.35 16.72 18.18 18.18 16.72 16.72 18.73 16.70 16.92 17.28 18.17 16.18 16.57 17.34
15.26 17.52 19.13 19.49 17.89 16.35 15.91 15.48 14.60 13.80 12.85 12.85 11.61 10.00 9.78 8.54 7.81 7.52 7.30 7.52 9.49 10.95 12.12 13.29 15.48 17.30 17.67 17.01 17.16 17.16 15.99 15.77 16.28 15.62 15.33 15.77 15.91 15.91 16.43 16.86 16.43 15.84 14.60 15.26 15.62 16.13 15.40 16.86 17.81 18.03 19.13 18.83 18.18 17.23 17.52 18.18 18.18 17.23 18.03 15.62 13.87 14.75 14.75 16.35 17.96 19.13 19.13 18.40 16.06 15.55 17.81 19.42 20.08 20.02 21.63 20.73 20.35 18.00 19.68 17.67 17.44 17.88 17.82
15.26 17.52 19.13 19.49 17.89 16.35 15.91 15.48 14.60 13.80 12.85 12.85 11.61 10.00 9.78 8.54 7.81 7.52 7.30 7.52 9.49 10.95 12.12 13.29 15.48 17.30 17.67 17.01 17.16 17.16 15.99 15.77 16.28 15.62 15.33 15.77 15.91 15.91 16.43 16.86 16.43 15.84 14.60 15.26 15.62 16.13 15.40 16.86 17.81 18.03 19.13 18.83 18.18 17.23 17.52 18.18 18.18 17.23 18.03 15.62 13.87 14.75 14.75 16.35 17.96 19.13 19.13 18.40 16.06 15.55 17.81 19.42 20.08 24.58 20.27 22.53 18.27 22.27 19.97 19.54 17.79 16.12 17.23
8.40 10.73 13.72 14.97 14.82 13.65 11.97 11.32 10.73 10.51 11.83 11.83 11.90 11.46 10.29 9.27 8.83 8.69 7.96 7.74 7.88 8.47 9.71 10.66 12.12 13.80 14.02 14.53 14.24 14.16 14.24 14.97 15.04 16.06 16.21 16.13 15.84 15.84 15.18 15.04 14.75 14.38 14.97 15.62 16.21 15.91 14.53 15.84 14.02 14.67 15.70 14.38 14.24 14.16 15.26 15.77 15.18 15.77 16.06 16.13 14.97 15.84 15.84 17.52 18.18 17.59 17.30 16.57 15.26 15.55 17.08 18.83 20.58 20.85 25.10 22.59 22.31 23.29 22.31 19.40 17.48 19.86 18.55
7.37 6.72 7.37 8.98 10.22 10.44 10.59 10.07 8.69 8.76 9.05 9.05 9.05 9.20 9.05 9.42 9.56 8.76 8.76 8.25 8.40 8.54 9.42 10.07 10.22 11.02 11.75 11.90 11.75 12.19 13.07 12.99 13.72 14.16 14.67 14.38 14.60 14.60 15.11 15.04 13.51 14.09 14.38 14.24 13.51 12.05 10.00 8.54 9.64 10.59 12.05 11.97 12.19 13.14 13.58 13.43 12.34 13.43 14.09 14.31 15.26 15.55 15.55 16.13 15.70 15.62 15.70 15.40 15.91 17.01 17.52 19.59 21.46 23.67 23.73 24.15 26.93 23.16 20.49 19.98 19.04 20.95 18.41
7.08 6.42 5.69 5.84 6.42 7.15 8.69 10.29 9.13 7.81 7.88 7.88 8.91 8.69 8.76 9.86 9.20 8.10 7.45 7.37 8.54 10.00 11.61 12.78 11.90 10.22 9.86 9.86 9.93 11.02 11.83 13.29 14.31 14.89 14.16 13.72 13.87 13.87 13.14 12.78 13.58 12.92 12.12 11.46 9.20 7.59 4.96 5.84 6.64 7.96 11.97 12.56 13.21 13.87 13.14 11.39 9.34 10.44 12.63 14.02 13.80 13.87 13.87 14.45 15.40 17.01 17.23 17.52 18.61 19.35 20.00 20.66 22.48 25.92 27.45 28.84 27.74 27.13 25.84 27.04 28.73 24.47 24.07
6.20 6.06 5.33 4.96 5.26 5.40 5.91 7.30 8.47 8.25 7.74 7.74 7.23 7.66 8.47 8.54 8.25 7.52 7.59 8.25 9.42 10.29 12.19 12.78 12.99 12.12 10.73 10.44 10.22 10.51 12.12 13.51 14.97 15.40 15.33 14.67 13.87 13.87 13.21 11.61 11.32 9.05 7.96 7.66 5.77 5.18 5.55 6.57 6.94 8.10 9.64 9.86 12.19 11.97 10.66 8.76 8.54 10.44 12.78 13.51 14.16 12.41 12.41 13.36 16.72 16.43 16.79 17.16 17.81 19.35 20.73 22.56 23.73 27.01 30.44 30.81 32.79 33.65 35.54 29.77 30.32 28.20 29.69
5.99 6.06 5.11 5.11 5.11 4.16 4.53 5.26 5.33 5.40 5.84 5.84 6.06 6.20 7.52 7.81 7.88 8.10 7.45 8.47 10.07 10.95 11.17 11.24 11.10 10.22 10.29 10.51 11.90 12.63 13.80 15.11 15.91 14.82 14.53 13.94 11.90 11.90 10.22 9.64 6.64 4.89 4.96 4.53 4.82 5.26 5.84 6.13 5.84 5.48 6.94 8.18 10.22 10.73 10.22 10.51 11.02 13.29 15.91 16.06 16.64 16.28 16.28 14.24 13.57 11.32 12.12 12.99 15.33 16.79 19.49 20.08 21.83 25.04 27.52 29.78 32.70 32.42 38.50 32.37 33.99 26.42 22.13
5.99 6.06 5.11 5.11 5.11 4.16 4.53 5.26 5.33 5.40 5.84 5.84 6.06 6.20 7.52 7.81 7.88 8.10 7.45 8.47 10.07 10.95 11.17 11.24 11.10 10.22 10.29 10.51 11.90 12.63 13.80 15.11 15.91 14.82 14.53 13.94 11.90 11.90 10.22 9.64 6.64 4.89 4.96 4.53 4.82 5.26 5.84 6.13 5.84 5.48 6.94 8.18 10.22 10.73 10.22 10.51 11.02 13.29 15.91 16.06 16.64 16.28 16.28 14.24 13.57 11.32 12.12 12.99 15.33 16.79 19.49 20.08 21.83 25.04 27.52 29.78 31.39 32.59 29.90 28.48 28.47 30.76 27.07
4.16 4.09 3.65 3.65 4.02 4.31 3.94 4.23 4.16 4.74 5.40 5.40 5.40 4.89 4.67 4.89 5.40 6.35 7.52 8.69 10.00 10.22 10.51 10.73 10.66 11.10 11.90 12.92 15.26 16.35 15.84 15.04 13.94 12.05 10.88 8.03 6.57 6.57 5.18 3.80 4.45 2.77 3.43 4.23 4.16 3.94 4.53 4.96 3.94 4.23 5.62 6.06 9.78 10.51 11.24 10.44 11.61 15.18 17.37 16.79 15.33 13.58 13.58 9.27 13.72 5.77 7.66 10.88 12.70 13.72 15.99 17.52 19.20 21.83 25.40 29.57 30.44 30.23 29.81 37.47 34.29 31.12 26.66
2.56 3.07 3.29 3.14 2.99 3.50 3.72 4.09 4.16 4.31 4.60 4.60 4.67 4.74 4.67 4.89 5.40 6.06 7.15 8.03 10.00 11.39 11.24 11.10 12.34 12.99 12.85 13.72 16.94 18.76 18.54 14.24 10.95 8.47 5.77 3.80 2.70 2.70 2.26 1.75 1.24 2.34 1.75 2.34 1.90 1.61 1.31 1.17 1.46 1.75 3.29 4.23 5.62 6.28 7.88 6.86 9.20 13.72 14.53 12.99 9.42 6.50 6.50 4.96 3.58 4.74 8.54 11.24 12.99 14.02 15.04 17.16 19.27 22.05 26.72 31.46 32.94 32.71 31.02 32.30 34.14 28.46 29.81
1.68 2.12 2.26 2.48 2.12 1.61 1.90 3.21 4.16 5.26 4.96 4.96 4.60 4.74 5.11 5.84 6.13 6.86 8.10 9.78 10.73 11.46 12.34 12.85 13.87 15.18 15.04 14.53 15.40 17.37 16.50 12.92 10.07 4.96 2.41 1.75 2.04 2.04 1.61 0.51 0.88 1.61 0.66 1.17 0.95 0.51 0.29 0.22 0.15 0.15 1.39 1.31 3.43 2.92 3.21 3.36 6.79 8.18 8.25 7.59 5.99 5.40 5.40 5.84 7.66 10.88 7.45 14.02 16.21 16.94 17.67 19.78 21.75 24.82 29.50 34.88 35.20 37.40 32.99 26.14 26.78 25.38 23.11
1.02 1.83 2.19 2.34 1.68 1.61 1.68 2.63 3.50 4.23 3.94 3.94 4.31 4.31 4.89 5.84 6.79 7.59 8.03 9.49 10.29 10.44 10.66 10.88 12.70 13.36 12.12 10.73 10.80 10.88 11.02 7.15 4.96 3.07 1.97 0.66 0.00 0.00 0.00 0.00 0.00 0.44 0.07 0.00 0.00 0.00 0.00 0.15 0.00 0.00 0.29 0.00 0.66 1.17 1.10 2.70 2.70 3.07 3.65 4.02 5.11 7.08 7.08 9.20 10.15 10.07 10.44 14.75 17.08 16.21 17.08 19.78 23.65 26.72 32.14 34.41 36.62 36.64 31.01 28.83 23.71 21.61 20.13
1.17 1.10 0.88 0.66 0.44 0.29 0.29 0.95 1.90 2.19 2.19 2.19 2.26 3.07 3.50 4.60 5.04 5.33 6.13 6.42 6.28 6.72 6.79 6.50 5.99 5.84 6.50 4.89 4.38 4.67 4.89 3.36 1.83 1.17 0.37 0.66 0.00 0.00 0.00 0.00 0.00 0.00 0.00 0.00 0.00 0.00 0.00 0.00 0.00 0.51 0.80 0.95 0.00 0.00 0.00 0.29 0.00 1.61 2.99 3.72 4.02 5.04 5.04 6.06 6.20 6.06 7.59 9.49 15.18 15.11 15.77 19.27 24.78 31.63 37.53 33.32 33.79 33.89 24.71 19.22 19.59 17.37 17.18
1.17 1.10 0.88 0.66 0.44 0.29 0.29 0.95 1.90 2.19 2.19 2.19 2.26 3.07 3.50 4.60 5.04 5.33 6.13 6.42 6.28 6.72 6.79 6.50 5.99 5.84 6.50 4.89 4.38 4.67 4.89 3.36 1.83 1.17 0.37 0.66 0.00 0.00 0.00 0.00 0.00 0.00 0.00 0.00 0.00 0.00 0.00 0.00 0.00 0.51 0.80 0.95 0.00 0.00 0.00 0.29 0.00 1.61 2.99 3.72 4.02 5.04 5.04 6.06 6.20 6.06 7.59 9.49 15.18 15.11 15.77 19.27 24.91 31.30 33.94 37.13 36.05 39.54 28.68 18.60 20.47 16.88 18.17
1.39 1.53 0.29 0.44 0.80 1.24 1.61 1.46 1.17 1.39 2.12 2.12 1.90 1.39 1.31 2.04 2.56 2.85 3.21 3.07 2.99 3.43 3.43 3.07 2.77 2.12 1.53 2.34 2.56 2.41 2.19 1.31 0.07 0.00 0.51 0.22 0.44 0.44 0.58 0.22 0.66 0.07 0.00 0.00 0.00 0.00 0.73 1.10 1.53 1.39 1.17 1.02 0.00 0.00 0.00 0.00 0.00 0.00 0.00 0.00 1.75 2.92 2.93 3.15 3.23 3.36 7.88 14.31 10.88 15.99 17.24 20.79 26.03 31.04 39.43 40.84 36.72 31.09 19.68 12.80 13.63 12.08 11.43
3.43 2.77 2.04 2.04 1.61 1.46 1.46 1.10 1.24 1.17 0.95 0.95 1.02 0.66 0.37 0.95 1.97 2.12 2.34 2.56 2.92 3.36 3.65 4.09 3.72 2.63 2.34 2.77 2.63 2.92 1.75 0.73 0.00 0.00 0.00 0.00 0.37 0.37 0.66 0.00 0.29 1.02 0.00 0.37 0.22 0.37 2.12 3.14 2.99 2.56 1.90 0.15 0.00 0.00 0.00 0.00 1.83 0.00 0.00 0.00 0.00 1.31 1.31 1.53 2.48 5.11 11.53 15.55 15.62 17.01 19.86 23.65 27.59 32.59 38.42 39.34 28.17 19.16 10.03 7.25 8.24 8.87 7.39
6.13 5.18 4.38 3.65 2.77 1.83 1.39 0.80 0.88 1.02 0.58 0.58 0.07 0.00 0.00 0.00 0.00 0.00 0.15 1.68 2.92 3.36 3.29 3.80 4.60 4.96 5.04 4.67 3.14 1.90 1.17 0.15 0.15 0.37 0.00 0.00 0.00 0.00 0.00 0.00 0.00 0.00 0.22 0.00 0.44 0.07 0.80 1.10 1.17 1.97 0.51 0.00 0.00 0.00 1.97 1.61 2.19 1.24 0.00 0.00 0.00 0.00 0.00 2.85 4.89 9.34 12.85 14.75 15.84 15.48 22.85 25.77 27.96 31.95 36.73 32.37 19.16 11.77 6.63 5.80 4.52 4.90 3.54
5.84 5.84 4.96 4.38 3.07 1.83 1.39 1.02 0.29 0.00 0.29 0.29 0.00 0.00 0.00 0.00 0.00 0.00 0.00 0.15 0.88 0.95 1.68 2.41 3.29 4.31 5.04 4.45 3.50 1.31 0.00 0.00 0.00 0.00 0.00 0.00 0.00 0.00 0.00 0.00 0.00 0.00 0.00 0.00 0.00 0.00 0.00 0.00 0.00 0.07 0.00 0.00 0.00 0.51 1.39 0.00 0.00 2.26 0.00 0.00 0.00 3.43 3.43 5.77 11.83 15.55 16.35 16.13 16.79 18.83 18.76 26.13 27.59 29.86 30.67 24.02 14.82 4.87 3.28 3.26 2.25 1.83 1.33
4.31 4.31 3.72 3.43 1.46 0.95 0.88 0.88 0.44 0.15 0.00 0.00 0.00 0.00 0.00 0.00 0.00 0.00 0.00 0.00 0.00 0.07 0.51 0.00 1.61 2.77 2.56 2.85 0.95 0.00 0.00 0.00 0.00 0.00 0.00 0.00 0.00 0.00 0.00 0.00 0.00 0.00 0.00 0.00 0.00 0.00 0.00 0.00 0.00 0.00 0.51 0.73 0.00 0.00 0.00 0.00 0.00 1.17 0.00 0.00 2.04 4.67 4.67 8.25 10.88 14.38 16.35 14.38 13.43 14.45 19.78 21.68 26.43 26.65 19.55 9.04 3.65 1.74 1.32 0.48 0.62 0.66 0.00
4.53 2.99 1.39 0.66 0.00 0.00 0.00 0.00 0.95 0.88 0.00 0.00 0.00 0.00 0.00 0.00 0.00 0.00 0.00 0.00 0.00 0.00 0.00 0.00 0.00 1.97 2.77 2.12 1.39 1.61 0.95 0.00 0.00 0.00 0.00 0.00 0.00 0.00 0.00 0.00 0.00 0.00 0.00 0.00 0.00 0.00 0.00 0.00 0.00 0.00 0.73 0.88 0.00 0.00 0.00 0.00 0.00 0.00 0.00 0.37 2.99 5.99 5.99 6.86 6.94 8.03 10.22 10.73 12.70 14.97 19.20 19.27 21.90 18.56 9.16 3.50 1.03 1.17 0.00 0.09 0.00 0.00 0.00
4.53 2.99 1.39 0.66 0.00 0.00 0.00 0.00 0.95 0.88 0.00 0.00 0.00 0.00 0.00 0.00 0.00 0.00 0.00 0.00 0.00 0.00 0.00 0.00 0.00 1.97 2.77 2.12 1.39 1.61 0.95 0.00 0.00 0.00 0.00 0.00 0.00 0.00 0.00 0.00 0.00 0.00 0.00 0.00 0.00 0.00 0.00 0.00 0.00 0.00 0.73 0.88 0.00 0.00 0.00 0.00 0.00 0.00 0.00 0.37 2.99 5.99 5.99 6.86 6.94 8.03 10.22 10.73 12.70 14.97 19.20 19.27 21.90 18.47 9.02 3.45 1.03 1.22 0.00 0.08 0.00 0.00 0.00
4.38 3.14 1.90 1.10 0.00 0.00 0.66 0.00 0.00 0.00 0.00 0.00 0.00 0.00 0.00 1.31 0.00 0.00 0.00 0.00 0.00 0.00 0.00 0.00 0.00 0.00 1.02 1.61 1.68 0.00 0.00 0.00 0.00 0.00 0.00 0.00 0.00 0.00 0.00 0.00 0.00 0.00 0.00 0.00 0.00 0.00 0.00 0.00 0.00 0.00 0.00 0.00 0.00 0.00 0.00 0.00 0.00 0.00 0.00 0.00 2.92 4.38 4.38 3.36 2.77 1.97 3.14 6.86 8.47 11.02 15.26 14.24 18.76 9.78 3.72 1.40 0.88 0.30 0.00 0.00 0.00 0.00 0.00
