Wansh/Snow_depth/snowdepth-1988/winter/1989051.txt
ncols 321
nrows 161
xllcenter 60
yllcenter 15 
cellsize  0.25 
NODATA_value -1
[rows 0 to 36 of 161, columns 0 to 82 of 321]
13.29 13.29 15.11 16.64 17.89 17.23 17.08 19.20 20.08 20.22 20.08 19.93 20.00 20.22 20.51 20.44 20.22 19.27 19.20 18.76 17.52 16.86 17.08 17.67 17.37 17.67 17.67 17.89 17.96 17.89 16.06 15.84 15.62 15.91 16.79 17.59 17.59 17.81 16.72 18.47 18.10 16.94 15.91 15.18 14.31 14.97 15.18 15.04 15.77 17.01 17.01 17.01 16.06 15.18 14.97 15.40 15.77 20.59 20.08 18.91 13.14 11.61 10.07 9.64 12.19 14.89 16.13 15.04 12.70 11.61 11.17 10.66 11.61 12.48 13.94 14.89 14.89 16.06 16.28 15.48 15.84 15.62 14.89
16.94 16.94 16.79 17.37 18.18 18.69 18.91 18.98 19.71 20.37 19.64 18.40 18.47 17.96 17.67 17.52 17.52 17.30 17.08 16.28 16.43 16.72 16.64 15.77 15.84 16.13 16.13 16.13 14.89 14.89 15.18 14.75 14.09 15.18 15.70 17.08 15.84 17.23 17.30 16.43 15.55 13.29 11.46 9.78 10.51 11.68 12.70 13.58 14.31 15.48 14.89 14.89 14.45 13.21 12.26 12.78 11.97 10.88 9.05 7.66 12.26 7.08 6.94 8.32 10.51 12.48 11.61 9.64 7.81 7.37 7.81 8.25 9.56 10.29 11.39 12.05 12.05 12.70 12.26 11.61 12.05 12.70 12.41
18.47 18.47 18.03 17.23 17.08 17.37 18.03 17.96 17.96 17.81 16.79 15.99 15.48 15.33 15.18 13.80 12.63 12.92 12.85 13.14 13.07 13.14 13.21 13.80 14.45 13.21 13.21 13.58 13.87 12.78 12.78 13.21 13.51 13.43 14.24 16.64 13.14 15.26 14.45 12.99 11.90 10.37 9.20 8.69 8.98 10.00 11.53 12.19 12.34 12.12 10.66 10.66 9.64 8.61 8.54 7.81 6.42 4.53 4.74 6.06 7.01 6.42 9.42 11.17 11.75 11.61 11.24 10.88 10.15 9.56 9.20 9.13 9.86 10.29 10.73 10.66 10.66 10.37 9.78 10.29 10.44 10.07 10.29
18.47 18.47 18.03 17.23 17.08 17.37 18.03 17.96 17.96 17.81 16.79 15.99 15.48 15.33 15.18 13.80 12.63 12.92 12.85 13.14 13.07 13.14 13.21 13.80 14.45 13.21 13.21 13.58 13.87 12.78 12.78 13.21 13.51 13.43 14.24 16.64 13.14 15.26 14.45 12.99 11.90 10.37 9.20 8.69 8.98 10.00 11.53 12.19 12.34 12.12 10.66 10.66 9.64 8.61 8.54 7.81 6.42 4.53 4.74 6.06 7.01 6.42 9.42 11.17 11.75 11.61 11.24 10.88 10.15 9.56 9.20 9.13 9.86 10.29 10.73 10.66 10.66 10.37 9.78 10.29 10.44 10.07 10.29
16.50 16.50 15.99 16.28 16.57 16.64 16.43 16.43 16.64 15.99 15.04 14.53 13.94 13.58 13.36 13.07 12.12 11.68 11.90 12.48 12.48 11.61 10.37 10.73 10.44 11.17 11.17 11.68 11.83 13.72 12.63 11.53 10.15 8.98 8.61 9.13 13.51 10.80 9.13 9.42 8.47 7.45 7.15 7.30 7.74 8.76 9.13 8.40 7.88 7.74 6.86 6.86 5.55 4.38 5.04 4.09 4.02 4.23 5.18 6.35 7.23 8.98 8.10 10.88 11.46 10.88 11.02 10.29 9.86 9.20 9.27 9.49 9.86 9.64 10.22 10.07 10.07 9.27 9.20 9.42 9.56 9.71 10.29
17.81 17.81 16.28 15.55 16.43 17.52 16.86 15.55 15.33 15.84 14.97 13.94 13.36 12.99 12.92 12.92 12.92 12.41 12.19 12.05 11.39 11.24 10.07 10.88 11.17 11.02 11.02 10.80 10.29 10.73 11.53 11.83 11.32 9.49 8.76 6.86 7.66 6.50 6.86 6.28 5.91 5.91 5.91 6.64 7.15 8.18 7.74 6.64 6.64 6.57 6.20 6.20 3.72 2.56 3.07 4.23 4.23 4.09 4.82 5.04 5.91 7.15 7.96 9.20 9.86 8.10 7.30 6.79 6.20 5.69 5.99 6.86 8.32 8.83 9.71 10.29 10.29 10.15 10.22 10.44 10.29 10.51 11.02
18.18 18.18 18.40 17.45 16.72 16.43 17.01 17.16 15.70 14.09 13.43 13.36 13.36 13.29 13.43 13.87 13.58 12.12 11.97 12.41 12.19 12.05 11.75 13.43 11.97 11.10 11.10 10.00 9.86 9.56 10.00 11.24 12.05 11.02 9.05 7.81 5.69 6.86 6.20 5.62 6.20 6.20 7.15 7.74 8.83 9.56 9.42 8.98 8.10 7.08 5.84 5.84 3.58 2.41 3.58 4.89 5.11 4.74 4.53 5.11 5.62 5.62 5.77 5.84 7.45 5.11 4.96 5.04 0.00 5.33 4.60 5.26 6.42 7.23 8.18 9.05 9.05 9.56 9.78 10.51 10.73 10.66 11.68
18.18 18.18 18.40 17.45 16.72 16.43 17.01 17.16 15.70 14.09 13.43 13.36 13.36 13.29 13.43 13.87 13.58 12.12 11.97 12.41 12.19 12.05 11.75 13.43 11.97 11.10 11.10 10.00 9.86 9.56 10.00 11.24 12.05 11.02 9.05 7.81 5.69 6.86 6.20 5.62 6.20 6.20 7.15 7.74 8.83 9.56 9.42 8.98 8.10 7.08 5.84 5.84 3.58 2.41 3.58 4.89 5.11 4.74 4.53 5.11 5.62 5.62 5.77 5.84 7.45 5.11 4.96 5.04 0.00 5.33 4.60 5.26 6.42 7.23 8.18 9.05 9.05 9.56 9.78 10.51 10.73 10.66 11.68
17.59 17.59 19.86 20.29 17.89 15.70 14.16 14.02 13.94 13.36 12.78 12.85 12.99 13.29 13.51 14.67 15.18 14.31 11.24 12.12 13.21 14.16 14.75 14.67 13.87 13.21 13.21 12.12 10.44 10.07 10.00 10.07 10.22 10.29 9.78 9.71 8.98 6.20 7.45 7.52 7.74 7.15 7.88 8.32 9.20 9.34 9.34 8.47 8.25 7.59 6.13 6.13 4.96 4.60 4.23 4.89 6.35 5.18 3.87 5.48 6.28 5.84 5.40 5.04 4.53 4.60 5.04 5.33 5.26 5.33 5.26 5.40 5.77 6.35 7.59 8.03 8.03 8.18 7.59 7.52 7.74 8.69 9.78
17.89 17.89 17.45 17.30 16.28 14.16 12.63 12.19 11.97 11.53 11.17 12.05 13.14 14.09 14.45 14.89 14.82 13.43 12.48 11.32 11.97 13.21 14.16 15.62 14.24 13.29 13.29 12.70 12.41 11.75 10.88 11.24 12.19 12.05 11.17 10.07 10.88 9.27 8.47 9.27 8.69 8.91 8.47 8.83 8.98 9.20 8.83 8.32 8.32 7.66 7.37 7.37 5.84 5.33 4.16 3.50 3.14 2.92 2.92 4.89 6.06 5.84 5.48 5.77 4.96 4.89 4.67 5.62 5.84 5.33 4.60 4.38 4.74 5.77 6.72 7.30 7.30 8.76 7.88 6.94 6.42 7.45 8.83
17.89 17.89 17.16 15.62 14.67 13.14 13.07 12.92 12.48 11.75 11.90 12.19 13.58 13.65 14.09 14.45 14.53 14.24 13.07 11.46 11.39 11.53 12.05 12.63 12.85 12.63 12.63 12.34 11.83 11.46 11.46 11.75 12.12 12.34 12.78 11.53 8.83 9.49 9.34 8.54 8.54 8.83 8.83 9.42 10.29 9.93 10.66 10.37 9.27 7.66 6.42 6.42 5.04 4.09 3.50 2.99 2.19 2.48 3.50 5.26 5.77 5.77 5.40 5.18 4.89 5.33 5.62 5.77 4.89 4.16 4.16 4.09 3.94 4.89 5.99 6.86 6.86 8.10 8.76 8.76 9.05 9.27 10.07
17.89 17.89 17.16 15.62 14.67 13.14 13.07 12.92 12.48 11.75 11.90 12.19 13.58 13.65 14.09 14.45 14.53 14.24 13.07 11.46 11.39 11.53 12.05 12.63 12.85 12.63 12.63 12.34 11.83 11.46 11.46 11.75 12.12 12.34 12.78 11.53 8.83 9.49 9.34 8.54 8.54 8.83 8.83 9.42 10.29 9.93 10.66 10.37 9.27 7.66 6.42 6.42 5.04 4.09 3.50 2.99 2.19 2.48 3.50 5.26 5.77 5.77 5.40 5.18 4.89 5.33 5.62 5.77 4.89 4.16 4.16 4.09 3.94 4.89 5.99 6.86 6.86 8.10 8.76 8.76 9.05 9.27 10.07
17.16 17.16 17.01 17.16 16.50 16.64 16.64 16.06 15.77 14.89 14.60 15.18 14.24 13.21 13.14 14.09 14.31 13.21 12.99 12.56 11.68 11.53 11.53 11.75 12.12 12.12 12.12 12.19 12.34 12.34 11.68 11.46 11.46 10.88 10.59 10.37 9.42 7.59 8.32 8.25 8.47 9.34 10.00 9.49 10.29 10.59 10.73 10.00 7.30 5.69 5.04 5.04 3.94 4.16 3.94 2.63 2.48 3.07 3.14 2.99 3.65 3.50 3.29 3.58 4.38 4.74 4.74 4.82 4.60 4.53 4.96 4.45 4.74 5.77 6.94 8.25 8.25 9.27 10.29 10.88 11.75 12.19 11.46
18.18 18.18 20.08 20.95 20.51 19.78 19.56 20.00 19.71 17.74 15.18 14.45 14.67 15.26 15.91 16.21 15.04 13.94 13.43 13.14 12.48 11.75 11.90 12.26 13.14 12.85 12.85 11.75 11.10 11.17 11.32 10.22 10.07 10.00 9.42 10.44 10.37 9.13 8.03 9.20 9.05 8.40 8.47 8.69 9.78 8.76 8.40 6.57 4.96 4.09 3.65 3.65 3.29 3.65 2.92 2.26 2.41 0.00 0.00 0.00 0.00 0.00 1.90 2.41 3.36 4.02 4.09 4.23 4.16 4.53 4.82 0.00 5.84 6.13 7.59 9.13 9.13 9.56 9.27 9.42 10.15 11.02 11.10
16.86 16.86 18.54 20.51 20.66 20.15 19.35 19.20 20.00 19.56 17.01 14.60 14.02 14.75 16.35 17.89 18.18 16.64 15.40 14.31 13.36 12.19 11.17 11.32 12.41 13.43 13.43 12.56 10.88 9.71 10.59 11.02 9.93 9.93 10.22 9.71 10.15 9.64 8.69 8.25 7.96 7.01 6.94 6.06 5.91 6.86 6.20 5.18 4.02 3.72 3.72 3.72 3.21 3.65 3.43 3.43 2.48 2.48 3.58 3.14 3.14 3.07 2.99 2.63 2.77 3.14 3.65 3.58 3.72 2.99 2.92 0.00 4.45 5.04 7.66 7.88 7.88 7.59 7.08 7.96 9.56 10.59 11.39
16.86 16.86 17.37 18.18 19.05 19.42 18.61 18.61 18.69 17.96 16.64 16.13 15.91 14.53 15.48 17.08 17.59 17.16 15.77 14.89 13.14 13.07 11.46 9.49 8.69 9.64 9.64 8.91 9.13 10.00 9.27 11.10 11.46 9.71 8.83 9.27 9.42 9.42 8.32 8.54 7.59 6.79 5.99 5.69 5.33 6.06 6.13 5.33 4.74 3.80 4.16 4.16 5.33 5.48 5.99 5.04 4.60 4.96 5.62 5.18 4.74 3.94 2.85 2.77 2.77 0.00 0.00 0.00 0.00 0.00 0.00 2.04 0.00 4.38 5.33 6.86 6.86 7.23 7.81 9.42 10.51 10.59 10.07
16.86 16.86 17.37 18.18 19.05 19.42 18.61 18.61 18.69 17.96 16.64 16.13 15.91 14.53 15.48 17.08 17.59 17.16 15.77 14.89 13.14 13.07 11.46 9.49 8.69 9.64 9.64 8.91 9.13 10.00 9.27 11.10 11.46 9.71 8.83 9.27 9.42 9.42 8.32 8.54 7.59 6.79 5.99 5.69 5.33 6.06 6.13 5.33 4.74 3.80 4.16 4.16 5.33 5.48 5.99 5.04 4.60 4.96 5.62 5.18 4.74 3.94 2.85 2.77 2.77 0.00 0.00 0.00 0.00 0.00 0.00 2.04 0.00 4.38 5.33 6.86 6.86 7.23 7.81 9.42 10.51 10.59 10.07
14.45 14.45 14.67 15.18 15.84 16.72 18.91 20.22 19.56 19.35 18.98 17.59 17.08 15.99 14.97 15.48 16.28 16.28 15.99 16.35 15.18 13.21 11.10 9.93 7.66 5.55 5.55 5.77 6.13 6.72 8.54 10.07 11.24 11.61 10.37 9.13 8.69 9.27 8.32 7.23 6.94 6.79 6.42 5.91 4.53 4.96 4.96 4.53 4.74 5.18 5.69 5.69 5.99 5.91 6.72 5.40 5.69 6.13 6.20 5.99 5.69 4.89 3.36 3.36 2.70 0.00 0.00 0.00 0.00 1.02 1.46 0.00 2.41 5.04 6.20 7.88 7.88 8.61 8.98 9.71 9.64 9.86 9.20
14.97 14.97 13.80 14.16 15.77 17.96 20.08 21.02 21.75 21.61 20.29 19.13 18.69 17.74 16.94 15.91 16.06 16.50 15.40 14.09 14.53 14.02 12.41 10.59 9.13 6.13 6.13 4.38 4.45 5.33 7.81 8.91 9.78 11.39 10.07 9.78 9.78 7.88 8.83 7.74 7.45 7.37 6.50 7.15 6.06 5.40 5.62 5.62 5.48 5.91 6.50 6.50 6.50 6.42 6.86 6.94 7.37 7.96 7.88 7.15 7.08 6.50 5.99 5.55 4.60 3.07 2.12 1.17 1.02 0.73 0.88 1.68 2.12 2.48 4.82 5.91 5.91 7.30 6.79 6.57 6.79 7.81 7.81
17.96 17.96 16.06 15.91 17.37 19.20 20.37 21.68 22.12 21.53 20.37 19.86 19.35 19.20 18.61 17.01 15.48 16.13 16.13 14.82 13.80 12.78 12.05 11.32 10.22 9.64 9.64 7.59 6.79 6.79 7.08 7.37 7.66 7.81 6.79 6.57 7.08 7.96 8.40 7.45 8.18 8.18 7.23 7.15 6.35 6.64 6.79 7.01 5.84 7.96 7.96 7.96 7.15 6.35 7.15 7.88 8.32 9.56 9.71 9.86 9.93 9.27 8.47 8.40 7.66 6.57 4.38 3.36 2.99 2.85 2.12 1.90 2.41 1.75 3.36 5.18 5.18 4.96 5.91 7.96 8.83 8.69 8.25
18.32 18.32 17.81 16.94 17.01 18.32 20.15 21.68 21.24 19.71 19.27 19.13 18.54 18.40 18.03 17.52 16.50 15.77 15.40 14.89 14.24 13.29 12.85 12.05 11.24 10.66 10.66 10.44 10.15 9.49 7.59 6.72 5.77 5.55 5.18 5.18 6.35 7.08 7.59 7.96 8.47 7.88 7.30 5.69 5.33 5.91 5.91 7.08 8.83 7.01 8.03 8.03 7.08 6.57 7.74 8.32 9.64 10.66 10.15 10.00 9.86 8.91 8.25 8.18 7.81 6.50 5.40 5.04 5.33 5.18 4.23 2.77 3.21 4.16 2.70 5.04 5.04 6.72 8.18 10.07 12.34 11.97 10.59
16.94 16.94 17.23 16.94 17.37 18.54 19.13 20.08 20.37 19.27 17.89 17.52 17.37 17.16 17.37 16.57 15.70 15.26 15.04 15.18 14.89 14.38 13.94 13.14 12.34 11.53 11.53 10.44 9.71 9.27 9.71 8.47 7.23 6.35 6.64 6.20 6.42 5.91 6.64 7.01 7.01 6.50 6.64 6.35 5.77 6.13 7.01 7.74 8.69 8.91 8.91 8.91 7.81 8.40 8.98 9.78 11.17 11.17 9.78 9.34 8.18 7.88 7.45 7.45 7.45 7.37 7.52 7.23 6.72 5.62 4.96 4.16 4.45 4.23 4.31 4.38 4.38 7.52 8.69 11.24 12.63 12.41 11.17
16.94 16.94 17.23 16.94 17.37 18.54 19.13 20.08 20.37 19.27 17.89 17.52 17.37 17.16 17.37 16.57 15.70 15.26 15.04 15.18 14.89 14.38 13.94 13.14 12.34 11.53 11.53 10.44 9.71 9.27 9.71 8.47 7.23 6.35 6.64 6.20 6.42 5.91 6.64 7.01 7.01 6.50 6.64 6.35 5.77 6.13 7.01 7.74 8.69 8.91 8.91 8.91 7.81 8.40 8.98 9.78 11.17 11.17 9.78 9.34 8.18 7.88 7.45 7.45 7.45 7.37 7.52 7.23 6.72 5.62 4.96 4.16 4.45 4.23 4.31 4.38 4.38 7.52 8.69 11.24 12.63 12.41 11.17
16.64 16.64 16.79 17.01 18.10 18.98 20.44 20.88 19.78 18.25 17.37 17.45 17.89 17.45 16.50 16.21 15.04 14.16 13.29 13.94 15.18 15.55 14.89 14.60 13.21 11.24 11.24 10.22 10.37 10.29 10.15 11.24 11.39 11.02 9.93 9.27 7.96 8.40 8.61 8.98 6.86 8.18 10.00 9.20 7.52 7.74 8.25 8.76 10.37 10.29 9.49 9.49 9.49 10.15 11.24 13.43 13.36 11.68 10.51 9.34 7.96 8.18 8.47 9.05 9.34 9.05 9.20 9.93 9.93 8.91 7.37 6.86 6.57 6.28 6.13 5.99 5.99 5.69 7.96 10.07 11.46 13.21 12.48
16.79 16.79 16.79 16.79 17.59 18.98 20.15 20.37 18.61 17.37 16.13 17.08 17.89 17.96 17.01 15.48 13.80 12.48 12.19 12.85 13.43 13.29 13.07 12.34 11.24 10.00 10.00 9.56 9.86 10.73 12.56 13.36 13.87 12.78 12.41 12.26 12.12 11.97 11.83 12.26 10.59 11.24 11.10 10.37 9.20 9.13 9.20 9.56 9.78 9.93 10.29 10.29 10.00 10.73 12.56 13.65 14.09 13.36 12.85 11.46 11.24 11.02 11.17 11.83 12.41 12.41 13.07 13.51 13.87 13.07 11.68 12.12 12.05 11.53 10.51 11.02 11.02 7.96 8.54 9.86 10.66 12.99 13.80
16.35 16.35 15.99 16.06 16.79 18.18 20.29 21.02 20.51 17.89 15.91 16.13 16.06 16.21 16.50 16.50 15.04 13.21 11.90 11.68 11.68 11.24 10.51 9.86 9.56 9.05 9.05 8.91 9.20 10.59 12.70 13.07 12.70 12.78 12.12 11.90 12.26 12.41 11.97 11.10 10.66 11.90 10.22 10.22 9.93 8.98 8.25 8.40 8.61 9.34 10.15 10.15 11.17 9.78 14.60 15.11 15.40 15.04 13.65 14.82 16.43 14.89 14.97 15.18 17.37 17.74 17.89 18.40 17.30 16.72 15.99 16.86 18.25 18.18 19.05 17.74 17.74 14.02 12.05 10.88 11.46 13.80 15.55
15.18 15.18 15.04 14.75 15.26 17.16 18.91 20.81 21.24 19.71 17.37 15.48 14.67 14.53 14.24 13.29 13.51 13.80 12.41 11.90 11.97 10.44 9.78 8.32 8.03 8.83 8.83 10.07 10.66 10.88 10.73 10.51 10.22 9.93 9.27 9.78 10.22 10.73 10.73 9.71 10.00 10.37 9.86 9.78 9.05 8.61 8.40 8.40 8.54 9.05 11.24 11.24 13.43 15.48 14.53 16.28 16.64 15.55 16.13 17.52 18.98 18.32 17.52 17.74 20.08 20.00 19.13 18.98 17.45 17.16 17.45 18.54 20.08 21.90 22.85 22.56 22.56 20.66 17.08 15.91 13.36 15.55 18.83
13.87 13.87 14.02 15.04 16.35 17.52 18.47 19.20 19.78 20.37 20.00 18.83 16.21 15.26 15.40 14.67 14.31 15.70 15.33 12.92 11.68 9.64 8.18 8.18 7.81 8.18 8.18 9.27 10.15 10.51 10.00 9.56 9.49 9.05 9.20 9.56 9.34 10.22 10.00 8.98 8.83 10.37 7.96 8.40 8.32 7.96 7.88 9.27 8.98 9.93 12.41 12.41 13.36 14.31 15.04 16.06 18.98 19.49 20.08 20.29 19.35 17.96 17.59 18.10 19.49 19.71 19.71 19.42 18.54 17.81 17.45 19.42 21.02 21.75 23.07 23.58 23.58 22.63 20.88 17.52 16.79 17.81 21.02
13.87 13.87 14.02 15.04 16.35 17.52 18.47 19.20 19.78 20.37 20.00 18.83 16.21 15.26 15.40 14.67 14.31 15.70 15.33 12.92 11.68 9.64 8.18 8.18 7.81 8.18 8.18 9.27 10.15 10.51 10.00 9.56 9.49 9.05 9.20 9.56 9.34 10.22 10.00 8.98 8.83 10.37 7.96 8.40 8.32 7.96 7.88 9.27 8.98 9.93 12.41 12.41 13.36 14.31 15.04 16.06 18.98 19.49 20.08 20.29 19.35 17.96 17.59 18.10 19.49 19.71 19.71 19.42 18.54 17.81 17.45 19.42 21.02 21.75 23.07 23.58 23.58 22.63 20.88 17.52 16.79 17.81 21.02
11.10 11.10 12.19 14.16 16.28 17.45 18.10 18.91 19.42 19.13 18.61 18.25 16.50 15.62 16.43 16.43 16.43 17.16 16.35 14.09 11.75 9.86 9.34 7.81 7.45 8.69 8.69 11.24 12.26 11.83 10.29 9.86 10.07 10.07 9.71 9.71 10.22 10.22 10.37 9.71 9.05 8.18 7.45 8.25 8.69 9.34 8.83 9.86 10.95 12.85 13.36 13.36 14.31 15.33 16.35 15.84 20.22 21.68 21.75 19.93 18.47 18.47 19.49 19.78 19.56 20.95 21.24 20.81 20.29 18.61 18.03 18.69 18.25 18.54 18.69 18.76 18.76 20.00 19.64 17.74 19.49 17.52 17.52
11.17 11.17 12.26 13.58 14.60 15.11 16.57 18.25 18.91 17.81 17.30 16.13 15.33 15.77 16.21 16.94 17.45 16.72 15.55 14.67 12.70 9.71 7.59 7.96 8.32 8.69 8.69 9.71 11.90 12.19 12.05 11.17 10.80 10.15 10.00 11.97 11.24 10.51 10.44 10.59 9.34 8.91 8.91 11.02 11.32 12.85 10.37 11.46 13.43 13.36 14.09 14.09 15.84 17.16 18.40 20.08 19.78 21.97 21.02 19.42 18.69 19.27 19.71 19.78 20.08 20.81 20.00 19.35 17.81 17.08 17.01 16.21 15.18 13.07 11.90 12.99 12.99 14.09 15.33 14.82 13.51 16.35 13.07
11.24 11.24 13.36 14.16 14.09 14.67 15.55 16.94 17.74 16.35 15.55 15.48 15.33 14.60 14.16 14.75 14.67 14.82 13.94 12.78 12.56 12.19 8.98 6.94 7.30 8.32 8.32 9.27 10.15 11.68 12.26 11.90 11.83 12.70 11.53 11.32 11.61 11.97 12.63 12.05 11.32 10.15 10.66 8.69 9.78 12.99 15.33 15.33 15.18 13.94 13.72 13.72 15.04 17.01 18.76 20.81 21.75 21.53 20.15 18.61 17.45 18.18 17.59 17.37 17.81 16.50 15.48 14.31 12.85 12.41 13.14 11.90 11.10 9.71 9.20 9.78 9.78 10.37 12.26 12.70 11.61 12.05 12.05
12.78 12.78 13.80 13.80 14.16 15.18 15.91 15.84 15.33 14.60 14.16 13.36 13.07 13.07 12.63 11.46 11.61 10.80 10.44 9.49 11.17 12.12 12.41 11.02 8.69 7.66 7.66 8.83 9.93 10.07 10.73 13.07 13.43 12.48 12.56 12.34 11.83 11.53 11.32 11.75 11.97 11.39 10.29 11.39 10.07 13.51 13.87 13.36 14.16 15.18 15.40 15.40 15.91 15.26 12.92 12.92 19.13 20.00 17.52 14.53 13.14 13.07 13.58 12.63 12.48 10.66 10.37 9.05 9.27 8.40 8.91 8.76 7.88 7.52 6.57 5.91 5.91 6.72 9.27 10.29 10.07 10.51 10.22
11.39 11.39 11.97 12.48 13.21 15.04 15.55 14.45 13.72 13.65 12.78 12.92 13.07 12.56 12.19 11.75 11.10 9.71 6.64 6.06 7.81 9.93 11.75 13.07 12.85 10.88 10.88 10.07 10.44 12.19 14.16 14.60 15.40 15.70 14.67 11.97 10.95 10.73 10.66 10.44 10.44 10.00 11.61 11.02 12.05 12.56 10.37 10.15 11.02 12.41 12.56 12.56 13.29 13.51 12.19 11.68 8.76 4.60 15.99 3.65 4.38 6.64 8.40 8.40 8.69 7.30 7.15 7.15 6.79 6.79 6.06 6.13 5.77 5.26 4.45 0.00 0.00 6.79 8.98 9.49 9.42 9.49 9.49
10.59 10.59 10.66 10.73 11.17 12.92 13.87 12.99 11.97 11.24 11.53 11.90 11.39 10.95 10.00 10.80 11.61 10.88 9.78 9.27 8.91 8.54 8.69 9.56 11.46 14.02 14.02 15.04 14.16 14.24 15.40 16.57 16.35 15.33 14.38 13.80 11.97 10.88 10.15 9.56 8.91 9.34 8.83 9.86 9.56 10.51 7.37 7.81 7.88 8.18 8.91 8.91 10.37 9.27 7.88 6.79 1.97 0.00 0.00 2.56 2.85 6.35 7.45 7.59 8.03 7.23 7.15 6.64 6.20 6.20 5.55 5.11 4.89 4.23 4.60 5.55 5.55 8.03 9.56 9.42 9.34 10.22 8.69
10.59 10.59 10.66 10.73 11.17 12.92 13.87 12.99 11.97 11.24 11.53 11.90 11.39 10.95 10.00 10.80 11.61 10.88 9.78 9.27 8.91 8.54 8.69 9.56 11.46 14.02 14.02 15.04 14.16 14.24 15.40 16.57 16.35 15.33 14.38 13.80 11.97 10.88 10.15 9.56 8.91 9.34 8.83 9.86 9.56 10.51 7.37 7.81 7.88 8.18 8.91 8.91 10.37 9.27 7.88 6.79 1.97 0.00 0.00 2.56 2.85 6.35 7.45 7.59 8.03 7.23 7.15 6.64 6.20 6.20 5.55 5.11 4.89 4.23 4.60 5.55 5.55 8.03 9.56 9.42 9.34 10.22 8.69
6.79 6.79 7.88 8.76 9.93 12.05 12.48 11.02 10.00 10.22 10.51 9.93 9.42 8.25 7.45 7.45 8.98 9.49 9.13 9.20 11.61 10.66 8.54 6.50 5.99 9.64 9.64 12.85 13.72 14.02 13.58 12.92 13.43 13.65 13.14 11.53 11.10 11.02 10.66 9.93 9.27 8.10 7.74 7.15 7.37 6.57 7.81 4.31 4.45 6.86 7.23 7.23 7.52 5.91 4.82 0.37 0.00 0.00 0.00 0.00 7.01 7.45 8.25 7.37 7.74 8.10 8.40 8.54 7.74 7.08 7.59 6.79 6.86 7.30 8.32 8.61 8.61 9.93 9.93 10.07 11.24 10.88 10.29
