Wansh/Snow_depth/snowdepth-1988/winter/1989007.txt
ncols 321
nrows 161
xllcenter 60
yllcenter 15 
cellsize  0.25 
NODATA_value -1
[rows 0 to 36 of 161, columns 0 to 83 of 321]
8.03 8.03 7.88 11.46 11.97 11.10 10.51 11.02 12.85 12.99 12.70 12.19 12.63 12.85 12.85 12.41 12.48 12.34 11.83 11.32 10.88 11.24 12.34 12.41 11.75 10.95 10.95 10.88 11.02 10.88 11.10 11.39 10.00 10.00 10.73 10.37 10.95 11.46 12.05 12.63 12.05 11.61 10.95 10.59 9.86 9.49 9.20 8.83 9.34 9.71 9.42 9.42 9.05 8.18 7.37 7.52 7.59 7.08 6.57 6.50 5.55 4.16 4.16 4.60 6.28 6.94 7.52 7.59 7.74 7.37 7.59 7.66 7.88 8.10 8.40 8.61 8.61 9.13 9.71 10.29 10.51 10.59 10.73 10.15
12.48 12.48 13.07 11.32 12.41 12.34 11.97 11.83 12.26 12.78 12.41 11.61 11.02 10.80 10.44 9.71 10.22 10.37 10.07 9.64 9.27 10.37 11.53 11.39 9.71 9.49 9.49 10.37 10.37 10.44 10.88 10.29 9.78 9.78 9.78 10.29 10.73 10.73 10.51 10.00 9.05 8.54 7.30 7.01 7.45 8.61 8.61 7.74 7.01 8.03 8.18 8.18 8.25 8.18 6.86 5.11 4.67 4.23 3.72 3.07 2.48 2.34 2.70 4.89 6.06 6.42 6.72 6.20 6.20 5.69 5.18 5.40 5.62 5.91 7.23 7.15 7.15 7.52 7.23 7.08 7.59 7.81 8.32 8.61
13.07 13.07 12.85 11.90 12.12 12.41 12.41 12.05 12.12 12.26 11.90 10.59 9.86 8.83 7.81 7.66 7.81 7.23 7.30 6.64 6.86 7.88 9.13 8.91 8.91 8.76 8.76 8.61 9.56 9.27 9.34 10.15 9.20 8.40 7.59 7.96 8.91 8.54 8.76 8.91 7.74 6.64 5.91 5.77 5.40 5.91 6.28 6.20 5.99 5.33 4.53 4.53 4.16 4.74 4.23 3.72 2.70 2.34 2.26 2.99 3.94 5.33 7.08 8.54 8.25 7.52 6.79 6.79 7.15 6.42 5.91 5.04 4.96 5.26 5.04 4.82 4.82 5.04 5.18 5.69 5.69 4.96 5.48 5.77
13.07 13.07 12.85 11.90 12.12 12.41 12.41 12.05 12.12 12.26 11.90 10.59 9.86 8.83 7.81 7.66 7.81 7.23 7.30 6.64 6.86 7.88 9.13 8.91 8.91 8.76 8.76 8.61 9.56 9.27 9.34 10.15 9.20 8.40 7.59 7.96 8.91 8.54 8.76 8.91 7.74 6.64 5.91 5.77 5.40 5.91 6.28 6.20 5.99 5.33 4.53 4.53 4.16 4.74 4.23 3.72 2.70 2.34 2.26 2.99 3.94 5.33 7.08 8.54 8.25 7.52 6.79 6.79 7.15 6.42 5.91 5.04 4.96 5.26 5.04 4.82 4.82 5.04 5.18 5.69 5.69 4.96 5.48 5.77
11.53 11.53 9.78 9.20 9.56 10.00 11.02 11.61 11.61 10.73 10.22 9.13 8.25 7.30 6.50 6.64 7.01 7.15 6.72 6.79 6.86 7.74 8.18 8.40 8.03 7.37 7.37 7.08 7.23 6.86 7.45 7.88 7.88 7.15 6.42 6.72 6.50 5.99 6.06 5.99 5.91 5.77 5.04 4.23 4.74 4.38 3.94 4.60 5.18 4.16 3.36 3.36 1.24 0.58 1.10 2.19 2.92 2.77 2.77 3.87 5.62 7.01 7.45 7.96 7.52 6.42 5.62 5.62 5.48 5.69 5.62 0.00 0.00 0.00 0.00 0.00 0.00 0.00 0.00 4.67 4.96 0.00 5.33 5.18
10.44 10.44 9.49 8.91 9.13 11.24 11.61 12.41 11.46 10.15 9.56 8.91 8.40 7.15 7.08 7.37 7.45 7.59 7.15 7.59 8.47 8.32 7.30 7.37 7.01 5.84 5.84 5.77 6.06 6.50 6.50 7.01 7.59 6.57 6.35 5.40 5.18 0.00 0.00 0.00 4.38 3.65 2.48 1.90 1.97 2.92 3.80 4.96 5.69 5.55 4.67 4.67 2.34 1.10 1.61 2.56 3.36 3.14 2.63 3.29 4.89 5.69 5.69 5.91 5.40 5.26 4.82 4.16 4.31 4.16 0.00 0.00 0.00 0.00 0.00 0.00 0.00 0.00 0.00 4.16 5.18 5.11 4.09 3.80
10.07 10.07 10.44 10.29 11.17 12.48 12.63 13.29 11.83 10.73 9.64 8.47 6.94 6.94 7.81 8.03 7.81 8.54 8.98 8.25 7.81 7.30 6.64 6.50 6.79 6.86 6.86 6.06 5.33 5.55 5.69 5.84 6.35 5.99 5.55 0.00 0.00 0.00 0.00 2.85 2.99 2.26 1.10 0.51 1.83 3.72 5.04 5.55 5.55 5.84 4.89 4.89 4.09 3.87 4.23 3.07 1.68 2.41 2.85 3.80 4.09 4.09 4.23 4.16 4.45 4.16 3.43 0.00 0.00 0.00 0.00 0.00 0.00 0.00 0.00 0.00 0.00 0.00 0.00 5.11 4.96 5.33 5.62 5.33
10.07 10.07 10.44 10.29 11.17 12.48 12.63 13.29 11.83 10.73 9.64 8.47 6.94 6.94 7.81 8.03 7.81 8.54 8.98 8.25 7.81 7.30 6.64 6.50 6.79 6.86 6.86 6.06 5.33 5.55 5.69 5.84 6.35 5.99 5.55 0.00 0.00 0.00 0.00 2.85 2.99 2.26 1.10 0.51 1.83 3.72 5.04 5.55 5.55 5.84 4.89 4.89 4.09 3.87 4.23 3.07 1.68 2.41 2.85 3.80 4.09 4.09 4.23 4.16 4.45 4.16 3.43 0.00 0.00 0.00 0.00 0.00 0.00 0.00 0.00 0.00 0.00 0.00 0.00 5.11 4.96 5.33 5.62 5.33
10.88 10.88 11.17 10.88 11.39 11.75 10.66 10.07 12.05 8.25 8.32 6.64 6.72 7.66 8.18 9.42 8.98 8.83 8.76 7.45 7.52 7.15 6.64 6.79 6.64 5.91 5.91 5.77 5.69 4.89 5.04 4.74 4.23 4.38 4.67 5.55 5.18 4.16 2.70 2.26 2.41 1.39 0.22 0.58 2.19 4.38 5.69 6.20 7.08 7.23 6.50 6.50 5.11 4.89 5.04 4.45 3.36 1.61 2.12 3.14 4.02 4.23 3.94 4.09 0.00 0.00 0.00 0.00 0.00 0.00 0.00 0.00 0.00 0.00 0.00 0.00 0.00 0.00 0.00 0.00 0.00 0.00 5.48 5.55
10.59 10.59 10.73 9.93 9.78 9.49 8.76 8.61 7.81 7.30 6.20 6.64 8.10 9.20 9.64 10.00 8.83 8.69 8.25 6.50 6.64 6.94 6.42 6.72 6.50 5.26 5.26 5.69 5.84 4.67 4.82 4.60 5.84 6.64 7.37 7.59 6.64 5.18 4.60 3.94 2.70 2.41 2.92 3.07 3.87 5.84 6.42 7.15 7.96 8.54 8.40 8.40 7.59 6.06 5.26 4.96 4.89 4.82 4.31 4.23 5.48 5.40 5.33 4.45 0.00 0.00 0.00 0.00 0.00 0.00 0.00 0.00 0.00 0.00 0.00 0.00 0.00 0.00 0.00 0.00 0.00 0.00 0.00 4.89
10.07 10.07 10.51 10.29 9.34 7.52 7.45 7.88 7.59 7.30 5.33 6.72 7.74 8.83 9.49 8.40 7.30 7.59 7.96 7.59 6.35 5.04 4.53 5.40 5.48 5.48 5.48 6.13 5.40 5.48 5.33 5.62 6.86 7.23 7.59 7.37 6.28 5.62 5.62 4.16 4.02 4.38 4.74 5.91 6.42 6.50 6.86 8.03 8.40 7.37 7.01 7.01 6.64 5.48 0.00 0.00 0.00 0.00 6.20 6.13 5.40 4.38 3.80 3.72 0.00 0.00 0.00 0.00 0.00 0.00 0.00 0.00 0.00 2.48 3.21 3.21 3.21 0.00 0.00 0.00 0.00 3.50 4.09 4.67
10.07 10.07 10.51 10.29 9.34 7.52 7.45 7.88 7.59 7.30 5.33 6.72 7.74 8.83 9.49 8.40 7.30 7.59 7.96 7.59 6.35 5.04 4.53 5.40 5.48 5.48 5.48 6.13 5.40 5.48 5.33 5.62 6.86 7.23 7.59 7.37 6.28 5.62 5.62 4.16 4.02 4.38 4.74 5.91 6.42 6.50 6.86 8.03 8.40 7.37 7.01 7.01 6.64 5.48 0.00 0.00 0.00 0.00 6.20 6.13 5.40 4.38 3.80 3.72 0.00 0.00 0.00 0.00 0.00 0.00 0.00 0.00 0.00 2.48 3.21 3.21 3.21 0.00 0.00 0.00 0.00 3.50 4.09 4.67
9.93 9.93 9.93 9.27 7.96 7.01 5.99 5.48 6.28 6.79 6.57 5.48 8.18 8.61 7.88 7.37 7.37 8.61 8.18 7.01 5.69 5.55 4.89 4.45 4.45 6.06 6.06 6.42 6.20 6.13 6.06 6.42 6.42 6.94 7.15 6.28 5.33 5.18 4.23 3.50 4.89 6.06 6.35 6.20 6.57 7.30 7.45 7.08 5.91 6.20 5.55 5.55 0.00 0.00 0.00 0.00 1.61 1.97 3.21 3.29 0.00 0.00 0.00 0.00 3.50 0.00 0.00 0.00 1.61 0.00 0.00 0.00 1.97 2.41 3.14 3.72 3.72 4.09 4.89 0.00 4.89 4.82 4.82 4.53
8.83 8.83 9.20 8.83 8.25 6.57 5.91 4.74 4.74 4.82 4.74 5.55 6.20 7.23 7.52 8.47 8.69 8.10 7.23 6.42 5.33 4.67 4.09 4.09 4.23 5.18 5.18 5.99 5.99 5.55 5.55 5.69 6.35 6.13 6.50 7.23 7.01 6.72 6.42 6.94 7.96 8.54 8.32 7.45 7.52 7.88 6.72 5.69 4.09 0.00 0.00 0.00 0.00 0.00 0.00 0.80 1.90 2.12 2.56 2.56 1.31 0.00 0.00 0.00 0.00 0.00 0.00 2.48 2.77 2.34 1.46 1.61 1.83 1.90 2.04 3.14 3.14 4.23 4.82 5.26 5.26 4.82 4.60 5.11
8.76 8.76 8.18 8.69 7.74 6.64 5.04 3.07 2.92 3.50 4.74 5.62 5.69 5.40 8.25 8.32 8.03 8.03 6.28 6.28 5.62 5.11 3.80 3.14 3.94 5.33 5.33 6.57 5.33 4.82 4.60 5.26 6.57 7.08 7.23 7.45 7.52 8.03 9.42 10.07 9.56 9.20 8.83 8.47 7.66 7.15 6.28 5.40 3.87 0.00 0.00 0.00 0.00 0.00 0.00 1.39 1.83 2.34 2.77 2.99 2.99 0.00 0.00 0.00 0.00 0.00 0.00 3.50 2.92 1.31 0.37 0.00 0.00 1.17 0.00 0.00 0.00 0.00 2.85 4.02 4.67 4.60 4.23 4.45
8.61 8.61 8.69 8.83 6.94 4.82 3.65 2.41 3.65 5.62 6.64 6.50 6.94 7.08 7.01 7.23 6.94 6.42 5.62 5.77 5.18 3.94 3.72 2.99 3.36 5.69 5.69 6.35 4.82 4.02 3.94 6.06 6.72 7.52 7.81 7.45 7.52 7.96 8.69 9.05 9.42 9.20 8.98 7.88 6.72 6.13 4.96 3.87 3.65 3.80 3.50 3.50 3.80 3.43 2.92 0.00 0.00 2.56 2.70 3.14 3.72 3.87 2.48 1.90 2.19 2.04 2.12 1.83 1.61 1.31 0.88 0.37 0.00 0.00 0.00 0.00 0.00 2.92 3.50 3.36 3.50 3.72 3.43 3.50
8.61 8.61 8.69 8.83 6.94 4.82 3.65 2.41 3.65 5.62 6.64 6.50 6.94 7.08 7.01 7.23 6.94 6.42 5.62 5.77 5.18 3.94 3.72 2.99 3.36 5.69 5.69 6.35 4.82 4.02 3.94 6.06 6.72 7.52 7.81 7.45 7.52 7.96 8.69 9.05 9.42 9.20 8.98 7.88 6.72 6.13 4.96 3.87 3.65 3.80 3.50 3.50 3.80 3.43 2.92 0.00 0.00 2.56 2.70 3.14 3.72 3.87 2.48 1.90 2.19 2.04 2.12 1.83 1.61 1.31 0.88 0.37 0.00 0.00 0.00 0.00 0.00 2.92 3.50 3.36 3.50 3.72 3.43 3.50
8.83 8.83 8.10 7.81 2.99 2.04 3.07 4.60 6.50 7.45 7.74 6.79 7.23 6.94 5.99 6.79 6.50 5.62 5.18 4.45 4.67 4.53 4.60 4.96 5.91 6.06 6.06 4.82 3.21 2.70 3.58 5.11 6.86 8.03 8.18 7.15 5.91 5.11 5.33 6.42 7.59 8.03 7.52 5.62 4.45 3.58 3.72 4.09 4.09 4.38 4.96 4.96 5.91 5.40 3.87 0.00 0.00 0.00 2.48 2.63 2.41 2.26 1.97 1.90 1.68 1.53 1.31 1.39 1.10 1.02 0.80 0.73 0.00 0.00 0.00 0.00 0.00 2.19 2.92 3.80 4.31 4.23 3.58 3.50
7.15 7.15 5.26 5.91 5.18 1.75 4.09 5.77 6.64 7.01 7.37 8.25 7.74 7.01 6.94 6.50 6.35 5.04 4.67 3.36 3.72 4.02 5.18 6.20 7.59 7.23 7.23 6.28 4.67 3.80 4.16 6.13 7.81 8.61 7.96 4.89 3.29 4.45 4.82 5.26 6.13 6.57 6.20 4.60 4.23 3.07 3.36 4.53 5.40 6.13 7.52 7.52 6.64 6.28 5.04 3.50 0.00 0.00 0.00 3.50 3.72 3.07 2.19 1.53 1.24 1.10 1.31 1.68 1.97 1.68 1.75 0.00 0.00 0.00 0.00 0.00 0.00 0.00 2.70 2.85 2.85 3.65 4.38 4.16
5.69 5.69 4.60 3.21 3.72 3.50 4.23 5.55 6.50 7.08 7.88 7.52 5.91 5.84 5.55 5.26 6.64 5.77 3.72 4.02 5.18 5.11 5.91 7.59 8.47 8.03 8.03 8.10 6.35 5.62 5.99 7.37 7.52 5.91 4.45 1.61 1.39 2.48 3.14 4.23 5.77 5.55 3.87 3.29 4.67 5.04 4.89 5.91 7.08 8.61 8.69 8.69 7.30 6.13 0.00 0.00 4.89 6.06 6.28 5.91 5.26 4.89 4.38 3.65 2.85 2.70 1.97 0.95 0.95 1.24 1.83 1.90 2.12 1.90 1.17 1.39 1.39 3.29 4.02 4.16 3.72 2.99 2.56 3.07
5.69 5.69 5.11 4.45 3.43 2.85 4.31 6.20 6.28 6.86 6.35 0.00 0.00 5.77 4.16 3.94 4.23 5.69 5.40 6.06 6.42 6.28 7.23 8.18 8.47 7.96 7.96 8.54 8.18 7.59 6.64 6.94 6.50 5.11 3.80 3.21 3.50 3.43 3.14 3.14 3.65 2.85 0.00 0.00 0.00 5.04 6.13 6.28 7.01 8.40 7.45 7.45 5.69 0.00 0.00 4.89 5.26 5.33 5.84 6.35 6.72 5.40 4.38 4.02 3.94 3.21 2.34 1.90 1.90 2.12 2.63 2.70 2.41 2.56 2.70 3.29 3.29 3.65 5.48 7.15 6.79 5.84 4.31 3.43
5.77 5.77 5.40 4.96 4.45 4.38 3.36 6.42 6.50 5.91 5.40 0.00 0.00 0.00 3.58 0.00 0.00 4.96 0.00 5.18 5.33 6.28 8.10 9.78 9.34 8.18 8.18 9.27 9.42 8.61 7.52 6.72 6.50 4.60 2.77 3.36 3.14 2.41 1.10 0.00 2.77 2.70 0.00 3.07 3.80 4.45 5.26 5.26 5.91 6.13 4.96 4.96 4.53 4.31 5.11 6.64 6.86 5.84 4.82 4.45 3.58 3.80 3.87 3.80 3.29 2.99 2.63 2.19 2.19 3.07 3.58 3.43 3.50 3.80 3.72 4.23 4.23 5.33 6.50 7.23 6.86 6.57 6.20 5.48
5.77 5.77 5.40 4.96 4.45 4.38 3.36 6.42 6.50 5.91 5.40 0.00 0.00 0.00 3.58 0.00 0.00 4.96 0.00 5.18 5.33 6.28 8.10 9.78 9.34 8.18 8.18 9.27 9.42 8.61 7.52 6.72 6.50 4.60 2.77 3.36 3.14 2.41 1.10 0.00 2.77 2.70 0.00 3.07 3.80 4.45 5.26 5.26 5.91 6.13 4.96 4.96 4.53 4.31 5.11 6.64 6.86 5.84 4.82 4.45 3.58 3.80 3.87 3.80 3.29 2.99 2.63 2.19 2.19 3.07 3.58 3.43 3.50 3.80 3.72 4.23 4.23 5.33 6.50 7.23 6.86 6.57 6.20 5.48
5.04 5.04 4.45 4.89 5.18 6.06 7.08 5.55 6.35 4.82 4.23 0.00 0.00 0.00 0.00 0.00 0.00 5.11 5.84 6.28 4.60 7.01 8.32 9.05 7.81 7.96 7.96 8.83 9.27 9.78 9.05 8.47 8.47 6.86 5.26 4.96 3.80 3.50 4.02 4.38 4.74 5.48 5.84 5.91 6.42 5.48 5.62 5.55 4.89 5.33 5.04 5.04 5.04 5.26 7.23 8.47 7.96 6.20 5.62 5.48 4.31 3.29 3.65 4.02 3.72 3.65 3.21 2.77 3.29 3.65 3.50 4.02 4.31 3.94 3.72 3.80 3.80 4.45 4.74 5.91 7.23 7.30 7.08 5.99
5.99 5.99 6.35 6.86 6.79 7.88 8.32 5.77 6.28 4.60 0.00 0.00 0.00 0.00 0.00 0.00 4.74 5.04 5.40 4.16 3.50 6.86 6.13 4.96 5.11 5.04 5.04 6.28 8.25 10.00 9.71 9.93 9.42 7.52 5.11 3.94 3.72 4.31 6.20 7.52 8.32 8.54 7.74 7.59 7.66 7.81 7.52 6.20 5.62 5.62 6.13 6.13 6.28 6.42 7.74 8.40 8.47 7.66 7.37 7.15 7.15 6.79 6.13 6.86 6.13 5.84 6.20 6.28 6.20 6.28 6.13 6.64 7.15 6.57 5.55 4.82 4.82 4.82 4.96 5.69 7.01 7.08 7.66 7.52
7.66 7.66 7.81 7.66 7.52 8.25 7.59 7.45 6.94 4.38 0.00 0.00 0.00 0.00 0.00 4.09 5.11 6.86 7.74 8.40 4.23 4.82 0.00 0.00 0.00 0.00 0.00 5.55 7.74 9.56 9.78 10.51 10.07 8.32 6.20 4.38 4.02 4.82 7.23 8.98 9.05 7.88 8.03 8.54 7.23 6.79 5.99 4.89 3.50 4.09 5.91 5.91 7.30 8.61 9.86 8.91 8.76 9.34 9.64 10.66 10.07 9.34 8.91 8.83 8.47 7.66 7.52 8.03 8.54 8.47 8.47 8.76 9.42 9.34 9.56 8.98 8.98 7.01 6.72 6.28 6.57 7.74 8.32 9.78
9.49 9.49 8.83 8.47 8.47 7.74 6.79 6.42 5.99 5.18 4.09 0.00 0.00 0.00 0.00 5.99 6.35 8.61 9.27 7.59 5.62 4.96 0.00 0.00 0.00 0.00 0.00 7.23 8.69 9.64 9.27 8.83 8.03 7.45 7.08 5.55 4.53 3.94 5.11 5.62 5.69 6.06 6.50 5.62 4.96 4.09 0.00 0.00 0.00 4.02 5.55 5.55 7.37 8.98 9.78 10.37 10.00 10.07 11.61 12.41 11.61 10.07 9.20 9.49 9.56 9.20 9.42 9.27 8.32 8.76 9.42 10.07 11.02 11.61 11.17 11.10 11.10 10.00 8.69 7.08 7.74 9.20 10.59 11.17
7.74 7.74 6.64 6.57 6.94 7.15 6.79 6.13 6.28 5.91 5.40 0.00 0.00 0.00 5.48 7.30 7.66 8.54 8.61 4.96 0.00 0.00 0.00 0.95 2.41 7.01 7.01 10.29 10.22 9.34 8.10 8.25 8.47 8.32 7.23 6.50 6.50 5.40 5.11 4.67 4.82 5.18 5.18 4.67 4.23 3.07 3.07 0.00 4.16 4.82 5.99 5.99 7.66 9.05 10.29 11.32 11.39 11.46 11.24 11.39 11.32 10.22 9.34 9.42 10.07 10.80 10.88 9.05 9.13 9.93 10.88 10.80 11.75 12.78 12.05 10.95 10.95 10.07 9.64 8.54 7.23 8.40 10.07 11.97
7.74 7.74 6.64 6.57 6.94 7.15 6.79 6.13 6.28 5.91 5.40 0.00 0.00 0.00 5.48 7.30 7.66 8.54 8.61 4.96 0.00 0.00 0.00 0.95 2.41 7.01 7.01 10.29 10.22 9.34 8.10 8.25 8.47 8.32 7.23 6.50 6.50 5.40 5.11 4.67 4.82 5.18 5.18 4.67 4.23 3.07 3.07 0.00 4.16 4.82 5.99 5.99 7.66 9.05 10.29 11.32 11.39 11.46 11.24 11.39 11.32 10.22 9.34 9.42 10.07 10.80 10.88 9.05 9.13 9.93 10.88 10.80 11.75 12.78 12.05 10.95 10.95 10.07 9.64 8.54 7.23 8.40 10.07 11.97
5.04 5.04 5.48 6.13 6.86 6.35 4.89 5.26 5.77 5.91 5.55 5.99 4.96 5.40 7.45 8.10 7.15 5.69 5.11 0.00 0.00 0.00 0.00 0.00 0.00 7.74 7.74 10.73 10.00 8.91 8.03 8.54 8.76 9.05 8.69 8.25 6.57 5.69 4.38 3.72 4.45 4.89 4.96 5.62 5.11 3.80 3.43 3.58 4.38 4.16 5.62 5.62 8.32 10.15 11.97 12.05 12.05 11.46 10.80 10.73 10.80 10.88 10.00 10.22 11.46 11.75 11.61 9.71 8.61 8.91 9.13 8.83 8.69 8.54 8.61 8.61 8.61 7.01 6.79 6.35 6.28 7.08 8.69 9.64
4.38 4.38 4.60 5.33 6.35 5.04 4.16 4.89 5.62 6.20 6.28 7.08 6.28 7.15 6.94 5.55 4.53 3.50 0.00 0.00 0.00 0.00 0.00 0.00 4.38 7.81 7.81 9.86 9.64 7.01 6.20 5.55 5.26 6.72 7.23 6.79 6.50 5.69 5.48 5.99 6.06 6.42 6.50 7.30 6.79 5.77 6.06 6.64 5.62 4.38 6.13 6.13 8.83 10.59 11.68 12.70 11.53 10.44 9.42 9.78 11.17 11.39 10.80 11.39 12.34 11.53 10.44 9.27 7.37 6.64 7.01 7.30 5.62 4.23 0.00 0.00 0.00 2.77 2.26 2.26 3.07 3.72 5.48 6.79
0.00 0.00 0.00 0.00 4.38 3.94 3.50 4.60 5.55 5.55 5.77 5.84 5.91 4.67 3.80 3.87 2.34 0.00 0.00 0.00 0.00 0.00 0.00 0.00 0.00 6.86 6.86 7.74 6.94 5.33 0.00 4.96 4.89 6.57 6.94 5.84 4.82 5.40 6.79 7.88 8.61 7.74 6.72 7.81 7.59 7.45 7.15 7.59 6.64 4.60 4.23 4.23 6.20 7.81 8.91 10.95 11.39 9.56 8.69 9.05 9.49 9.56 9.86 10.07 10.00 8.61 7.08 5.77 4.74 3.50 3.07 2.85 2.99 0.00 0.00 0.00 0.00 0.00 0.00 0.66 1.68 3.94 5.40 6.86
0.00 0.00 0.00 0.00 0.00 0.00 3.29 3.80 4.09 4.38 5.33 4.96 3.29 2.34 2.19 0.00 0.00 0.00 0.00 0.00 0.00 0.00 0.00 4.82 0.00 6.06 6.06 7.88 7.37 5.26 4.60 4.82 5.69 6.64 7.15 6.35 6.13 7.23 8.47 8.69 8.61 7.37 7.30 7.59 7.59 6.86 5.77 5.84 5.77 4.60 3.50 3.50 4.31 5.11 7.08 9.71 10.15 8.32 5.48 5.33 5.48 6.28 6.28 5.84 4.53 0.00 0.00 0.00 0.00 0.00 0.88 0.58 1.02 0.51 0.00 0.00 0.00 0.00 0.00 0.00 0.00 1.17 2.34 4.23
0.00 0.00 0.00 0.00 0.00 0.00 0.00 3.36 4.09 4.31 4.45 3.50 2.41 2.99 0.00 0.00 0.00 0.00 0.00 0.00 0.00 0.00 0.00 0.00 0.00 5.84 5.84 9.86 9.64 8.54 7.45 7.08 8.61 8.47 10.29 9.27 8.10 8.32 9.20 8.25 8.03 7.66 6.86 6.94 6.57 6.28 5.04 4.74 5.11 4.60 4.60 4.60 4.23 3.58 3.58 2.92 3.29 0.00 0.00 0.00 0.00 0.00 0.00 0.00 0.44 0.00 0.00 0.00 0.00 0.00 0.00 0.00 0.00 0.00 0.00 0.00 0.00 0.00 0.00 0.00 0.00 0.00 0.00 0.00
0.00 0.00 0.00 0.00 0.00 0.00 2.56 3.50 2.99 2.34 0.00 0.00 0.00 0.00 0.00 0.00 0.00 0.00 0.00 0.00 1.17 2.19 1.39 1.90 2.92 4.82 4.82 6.20 8.10 8.76 8.40 8.25 9.20 8.69 9.49 7.52 6.57 6.72 7.08 6.64 6.42 6.13 5.84 4.89 3.36 2.12 2.56 3.29 4.60 2.99 1.83 1.83 1.75 0.73 0.00 0.00 0.00 0.00 0.00 0.00 0.00 0.00 0.00 0.00 0.00 0.00 0.00 0.00 0.00 0.00 0.00 0.00 0.00 0.00 0.00 0.00 0.00 0.00 0.00 0.00 0.00 0.00 0.00 0.00
0.00 0.00 0.00 0.00 0.00 0.00 2.56 3.50 2.99 2.34 0.00 0.00 0.00 0.00 0.00 0.00 0.00 0.00 0.00 0.00 1.17 2.19 1.39 1.90 2.92 4.82 4.82 6.20 8.10 8.76 8.40 8.25 9.20 8.69 9.49 7.52 6.57 6.72 7.08 6.64 6.42 6.13 5.84 4.89 3.36 2.12 2.56 3.29 4.60 2.99 1.83 1.83 1.75 0.73 0.00 0.00 0.00 0.00 0.00 0.00 0.00 0.00 0.00 0.00 0.00 0.00 0.00 0.00 0.00 0.00 0.00 0.00 0.00 0.00 0.00 0.00 0.00 0.00 0.00 0.00 0.00 0.00 0.00 0.00
0.00 0.00 0.00 0.00 0.00 2.26 4.16 4.31 2.48 0.00 0.00 0.00 0.00 0.00 0.00 0.00 0.00 0.00 0.00 0.88 1.31 1.02 0.00 0.00 0.51 0.00 0.00 3.58 0.00 6.42 5.99 5.26 5.11 4.82 6.13 5.91 4.96 4.67 4.67 3.80 3.14 2.63 3.14 1.53 0.00 0.00 0.00 0.00 2.19 0.80 0.00 0.00 0.00 0.00 0.00 0.00 0.00 0.00 0.00 0.00 0.00 0.00 0.00 0.00 0.00 0.00 0.00 0.00 0.00 0.00 0.00 0.00 0.00 0.00 0.00 0.00 0.00 0.00 0.00 0.00 0.00 0.00 0.00 0.00
