Wansh/Snow_depth/snowdepth-1995/winter/1995357.txt
ncols 321
nrows 161
xllcenter 60
yllcenter 15 
cellsize  0.25 
NODATA_value -1
[rows 0 to 36 of 161, columns 168 to 251 of 321]
1.39 1.68 2.12 3.21 3.29 3.43 3.43 3.80 4.60 4.60 4.60 4.38 4.45 4.23 4.23 4.23 3.72 6.64 6.28 8.25 8.03 8.25 7.96 6.06 6.64 4.67 0.00 4.96 0.00 0.00 0.00 0.00 0.00 10.00 10.15 10.15 10.66 10.44 14.16 14.16 13.65 13.72 16.64 20.95 20.37 25.48 25.26 21.97 17.08 16.50 12.26 12.78 11.90 10.51 10.66 11.90 12.78 12.41 13.51 13.21 13.21 13.51 13.51 15.55 14.89 16.72 15.04 15.18 13.43 11.53 11.61 11.39 11.61 11.46 11.68 12.78 13.21 13.29 13.72 13.94 12.63 11.46 11.24 12.12
4.09 3.80 3.21 3.07 3.14 2.85 2.56 2.70 3.50 3.50 5.26 4.82 4.89 4.16 4.16 4.53 6.79 6.20 9.20 9.42 8.76 7.59 8.32 6.86 4.09 6.79 0.00 0.00 0.00 0.00 0.00 0.00 9.56 6.20 6.57 6.57 8.76 8.76 13.94 15.70 15.70 18.98 18.40 23.58 26.94 26.94 22.34 17.89 18.61 15.18 15.55 13.72 13.58 13.51 13.14 12.92 12.78 13.14 12.78 12.85 12.85 12.85 13.29 13.14 14.67 14.82 14.60 13.94 11.75 12.05 12.26 12.34 12.19 12.05 12.19 12.78 13.21 12.70 13.87 12.78 11.75 9.05 9.20 9.78
3.87 3.72 3.65 1.68 2.12 1.75 2.41 4.09 4.02 4.02 4.38 4.82 4.74 4.38 4.45 4.38 6.35 8.69 7.96 8.69 8.10 8.83 7.88 3.94 7.96 0.00 0.00 0.00 0.00 0.00 0.00 6.06 1.83 5.84 8.03 8.03 7.15 13.65 12.70 15.33 18.61 18.61 21.17 21.39 21.90 15.91 16.43 15.84 16.13 15.55 13.94 14.16 13.72 13.43 13.51 12.70 12.12 12.26 12.05 12.48 12.48 12.41 12.99 12.78 12.70 12.85 12.92 13.36 13.29 13.36 11.90 12.48 12.56 13.36 12.26 10.51 11.68 11.17 12.19 11.02 9.13 10.37 9.42 7.74
3.87 3.72 3.65 1.68 2.12 1.75 2.41 4.09 4.02 4.02 4.38 4.82 4.74 4.38 4.45 4.38 6.35 8.69 7.96 8.69 8.10 8.83 7.88 3.94 7.96 0.00 0.00 0.00 0.00 0.00 0.00 6.06 1.83 5.84 8.03 8.03 7.15 13.65 12.70 15.33 18.61 18.61 21.17 21.39 21.90 15.91 16.43 15.84 16.13 15.55 13.94 14.16 13.72 13.43 13.51 12.70 12.12 12.26 12.05 12.48 12.48 12.41 12.99 12.78 12.70 12.85 12.92 13.36 13.29 13.36 11.90 12.48 12.56 13.36 12.26 10.51 11.68 11.17 12.19 11.02 9.13 10.37 9.42 7.74
4.16 4.60 3.65 1.68 1.68 1.24 1.90 3.50 4.02 4.02 3.94 4.31 5.77 5.69 4.96 7.74 6.64 8.47 7.15 7.88 7.45 3.80 8.03 3.21 0.00 0.00 0.00 0.00 0.00 0.00 0.00 5.69 5.33 4.23 7.66 7.66 13.07 12.05 13.21 13.65 10.80 11.46 15.55 15.40 12.78 12.99 14.45 15.70 15.33 14.89 15.33 13.87 13.58 13.87 12.48 10.22 10.29 11.02 11.83 11.46 11.46 12.70 12.56 12.78 12.48 11.32 10.37 10.51 11.17 11.75 11.90 11.97 11.02 11.24 10.80 9.78 9.49 10.73 10.37 9.78 8.32 8.69 8.98 8.91
5.04 4.82 3.14 3.58 1.10 1.39 2.63 2.04 4.74 4.74 6.13 5.84 7.23 8.10 8.32 8.32 7.01 8.18 6.64 3.87 6.06 1.61 0.00 0.00 0.00 0.00 0.00 0.00 0.00 0.00 4.74 2.48 3.94 8.18 7.15 7.15 9.93 7.15 8.10 8.25 9.05 8.83 8.69 8.61 9.86 11.61 11.24 12.70 14.24 15.04 14.53 14.53 13.94 12.92 12.34 11.90 11.10 10.07 10.37 10.22 10.22 11.61 12.85 12.34 11.68 10.07 10.29 9.93 9.20 10.59 10.44 10.80 9.42 9.49 9.49 9.64 8.98 8.83 9.20 8.69 8.76 9.34 9.20 10.37
6.35 5.62 4.31 4.23 4.60 2.34 4.02 5.04 4.74 4.74 6.50 7.66 7.45 8.18 8.03 7.96 6.42 3.87 6.72 2.34 0.00 3.72 0.00 0.00 0.00 0.00 0.00 0.00 1.10 5.26 3.58 6.86 8.76 8.47 9.86 9.86 10.00 6.64 4.67 4.31 4.60 5.77 7.30 8.25 10.88 10.29 12.19 13.29 13.21 13.87 14.53 14.45 13.87 12.56 12.92 11.46 10.22 10.15 10.22 11.17 11.17 10.59 11.97 12.48 10.95 11.32 9.20 8.54 8.47 8.61 8.47 8.47 8.03 6.86 7.01 7.45 7.23 7.66 8.76 7.68 9.41 9.32 10.79 14.34
6.35 5.62 4.31 4.23 4.60 2.34 4.02 5.04 4.74 4.74 6.50 7.66 7.45 8.18 8.03 7.96 6.42 3.87 6.72 2.34 0.00 3.72 0.00 0.00 0.00 0.00 0.00 0.00 1.10 5.26 3.58 6.86 8.76 8.47 9.86 9.86 10.00 6.64 4.67 4.31 4.60 5.77 7.30 8.25 10.88 10.29 12.19 13.29 13.21 13.87 14.53 14.45 13.87 12.56 12.92 11.46 10.22 10.15 10.22 11.17 11.17 10.59 11.97 12.48 10.95 11.32 9.20 8.54 8.47 8.61 8.47 8.47 8.03 6.86 7.01 8.61 9.97 11.03 12.00 13.05 15.54 12.40 13.89 14.87
5.84 6.20 6.64 5.33 4.60 4.82 4.09 4.45 5.18 5.18 4.74 7.66 7.74 8.47 7.74 4.45 6.86 3.07 0.00 2.77 0.00 0.00 0.00 0.00 0.00 0.00 0.00 3.14 0.44 4.96 6.35 7.30 8.18 7.96 8.10 8.10 4.96 2.34 3.50 3.07 2.77 5.18 8.47 7.74 10.15 10.80 11.10 11.10 11.46 12.48 12.26 11.75 13.36 11.39 11.24 9.71 10.07 9.86 10.59 10.22 10.22 11.83 11.75 11.61 12.34 11.32 9.56 9.27 9.71 8.54 8.03 7.45 7.01 6.32 7.82 9.47 10.89 11.39 9.98 13.78 16.82 15.41 14.18 15.48
6.06 6.50 6.72 5.33 5.26 5.18 3.80 4.67 5.11 5.11 6.06 5.69 6.42 4.38 7.30 4.02 0.00 1.53 0.00 0.00 0.00 0.00 0.00 0.00 0.00 2.12 0.58 5.77 5.48 5.18 6.57 5.62 5.84 7.08 4.23 4.23 4.96 2.04 2.48 2.12 4.60 6.86 6.79 9.71 9.49 10.07 11.32 11.53 11.46 11.83 11.90 12.19 11.17 11.17 11.17 10.37 9.93 9.78 10.51 13.07 13.07 12.63 12.63 12.12 10.95 9.93 8.61 8.76 7.59 8.10 7.30 7.08 7.70 9.70 8.16 8.98 10.16 9.28 12.44 13.66 13.54 13.82 13.42 14.71
8.47 7.30 5.84 5.84 5.84 6.13 5.77 5.84 4.67 4.67 4.82 2.04 5.40 2.63 0.00 2.56 0.00 0.00 0.00 0.00 0.00 0.00 0.00 3.87 3.07 3.94 5.91 5.99 5.91 5.18 5.69 4.60 4.02 4.23 4.67 4.67 5.18 3.87 3.58 6.13 5.62 7.08 6.06 6.13 6.06 6.06 6.28 7.81 10.00 10.73 11.10 10.73 10.73 10.88 10.29 9.49 9.78 12.48 14.67 14.38 14.38 14.38 12.99 12.05 9.34 9.71 9.13 7.74 6.57 7.01 6.35 5.91 6.59 6.74 6.10 9.19 7.60 8.53 7.40 8.15 10.82 10.60 10.98 11.21
8.47 7.30 5.84 5.84 5.84 6.13 5.77 5.84 4.67 4.67 4.82 2.04 5.40 2.63 0.00 2.56 0.00 0.00 0.00 0.00 0.00 0.00 0.00 3.87 3.07 3.94 5.91 5.99 5.91 5.18 5.69 4.60 4.02 4.23 4.67 4.67 5.18 3.87 3.58 6.13 5.62 7.08 6.06 6.13 6.06 6.06 6.28 7.81 10.00 10.73 11.10 10.73 10.73 10.88 10.29 9.49 9.78 12.48 14.67 14.38 14.38 14.38 12.99 12.05 9.34 9.71 9.13 7.74 6.57 7.01 6.35 5.91 6.42 6.64 5.91 8.53 6.77 7.89 7.89 8.45 10.82 10.37 12.06 12.00
10.29 8.32 6.79 4.74 5.11 5.62 2.48 1.46 1.97 1.97 0.00 0.00 0.00 1.39 0.00 0.00 0.00 0.00 1.02 3.87 1.97 4.45 4.67 4.45 5.18 5.40 5.40 6.06 6.28 5.62 5.18 4.82 4.53 5.55 5.48 5.48 5.62 7.23 8.10 7.96 7.96 8.03 6.20 5.69 5.91 5.18 5.77 9.27 8.69 10.00 10.15 10.37 9.78 8.83 8.98 8.83 7.66 10.07 12.63 12.92 12.92 15.18 12.48 13.14 11.32 9.34 8.32 8.83 7.66 7.66 7.37 6.06 5.69 5.77 6.29 6.86 6.90 8.25 10.55 12.31 9.63 11.38 12.47 13.09
8.10 7.88 8.25 4.82 5.26 3.07 3.50 0.00 0.00 0.00 0.00 0.00 0.00 0.00 0.00 0.00 0.00 0.00 0.15 3.72 4.16 4.16 5.11 5.48 5.48 5.99 7.88 7.52 7.01 6.35 6.64 5.48 5.77 5.48 6.28 6.28 7.81 7.59 7.81 7.88 7.88 7.59 6.42 7.01 6.06 6.50 5.55 5.55 5.62 5.04 4.96 4.02 4.09 3.72 4.67 6.57 6.28 7.52 11.02 10.07 10.07 10.88 11.02 12.56 10.80 11.83 11.02 10.07 8.91 9.56 7.74 9.42 6.13 7.09 6.77 8.78 6.81 7.41 11.23 11.41 11.54 10.83 11.10 13.19
9.42 11.39 9.49 10.15 7.88 9.34 4.31 6.35 0.00 0.00 0.00 0.00 0.00 1.39 0.00 0.00 1.90 3.36 3.87 3.80 3.94 5.69 5.40 6.57 7.08 6.13 9.05 9.05 8.98 8.61 6.64 6.94 6.50 7.45 7.66 7.66 8.25 8.83 7.96 7.88 7.74 7.74 7.81 6.72 6.79 6.94 6.64 5.62 5.77 4.60 3.87 4.09 2.56 3.65 2.92 4.23 5.26 8.10 9.05 9.05 9.05 9.27 10.44 11.10 12.19 11.61 11.90 11.83 11.24 10.95 10.22 8.47 9.50 9.57 8.82 9.29 8.16 8.33 9.76 9.73 11.27 10.24 10.21 10.53
9.49 9.64 10.51 8.83 9.71 10.07 8.03 7.15 7.30 7.30 1.02 5.33 3.80 3.50 2.85 3.14 3.21 1.31 2.99 3.07 2.77 4.31 5.99 5.91 6.94 7.59 7.81 8.98 8.69 8.83 9.05 10.22 8.61 8.83 9.64 9.64 9.64 9.34 9.27 9.64 10.15 10.29 10.00 9.93 9.78 8.10 7.52 8.47 6.79 2.85 3.50 1.02 1.31 1.10 2.34 4.82 7.59 7.01 8.32 7.45 7.45 9.64 10.66 9.34 8.83 10.29 11.53 9.86 11.02 10.66 9.49 8.35 8.55 7.98 9.40 7.40 8.57 8.37 9.67 10.73 10.87 11.57 10.29 9.57
9.49 9.64 10.51 8.83 9.71 10.07 8.03 7.15 7.30 7.30 1.02 5.33 3.80 3.50 2.85 3.14 3.21 1.31 2.99 3.07 2.77 4.31 5.99 5.91 6.94 7.59 7.81 8.98 8.69 8.83 9.05 10.22 8.61 8.83 9.64 9.64 9.64 9.34 9.27 9.64 10.15 10.29 10.00 9.93 9.78 8.10 7.52 8.47 6.79 2.85 3.50 1.02 1.31 1.10 2.34 4.82 7.59 7.01 8.32 7.45 7.45 9.64 10.66 9.34 8.83 10.29 11.53 9.86 11.02 10.66 9.49 10.26 8.01 8.68 8.44 9.16 8.70 9.25 9.86 9.67 10.51 9.95 11.19 10.87
6.86 7.15 5.62 6.50 7.08 4.38 4.45 5.48 4.31 4.31 4.23 5.33 1.68 2.04 2.19 2.26 1.75 1.53 1.46 2.41 3.29 3.21 3.80 5.77 5.62 6.42 7.88 7.66 8.98 9.20 9.20 10.15 10.73 10.80 10.29 10.29 11.10 11.02 10.51 10.44 11.61 11.46 10.88 9.71 9.86 8.10 7.45 7.01 7.52 3.36 1.02 1.31 0.80 1.83 1.17 0.95 1.75 6.50 6.79 4.60 4.60 4.96 6.06 7.08 4.82 6.57 8.40 6.94 9.20 10.07 7.72 7.68 8.90 7.53 7.71 10.14 9.58 9.80 11.62 13.10 11.44 12.70 10.79 9.73
2.99 4.38 3.94 5.62 4.16 3.72 3.72 3.65 2.63 2.63 2.12 1.53 1.46 2.48 2.92 2.56 3.94 1.68 1.46 2.85 2.85 3.65 3.58 4.89 5.91 5.84 7.88 7.74 7.81 8.03 10.22 10.07 10.22 10.88 11.68 11.68 11.46 10.73 10.51 10.44 11.32 9.42 11.75 9.64 4.60 3.50 5.84 3.43 2.56 1.10 1.39 0.00 0.00 0.15 0.00 0.44 0.00 0.22 3.50 3.29 3.29 3.87 1.75 2.26 3.94 2.77 4.96 4.53 9.56 6.24 5.83 7.37 8.01 8.46 9.35 10.04 10.52 10.95 10.85 12.80 10.04 11.91 10.25 10.08
2.70 3.80 3.50 3.65 3.94 3.94 3.72 3.80 3.07 3.07 2.92 3.50 2.70 2.70 4.31 5.18 5.26 3.87 2.77 3.21 3.43 3.94 5.62 5.33 5.48 5.11 6.28 7.23 7.23 7.23 8.32 10.07 10.59 10.59 10.80 10.80 10.44 10.51 10.15 9.42 9.34 8.40 5.55 2.85 2.92 3.07 2.77 1.83 1.83 1.31 0.00 0.00 0.00 0.00 0.00 0.00 0.00 0.00 0.07 0.37 0.37 0.80 0.37 0.00 1.46 1.02 3.58 3.21 3.80 6.13 6.86 7.52 8.40 7.96 9.34 10.77 10.53 12.87 12.94 11.66 11.48 10.29 9.10 9.45
1.61 1.39 1.53 1.24 3.07 2.70 3.87 3.80 3.36 3.36 3.29 3.07 2.92 4.45 4.16 5.77 3.65 4.02 3.58 3.87 4.74 4.67 5.48 5.18 5.33 4.89 4.74 4.74 6.13 8.69 10.80 10.66 10.15 9.56 9.42 9.42 9.13 6.50 8.83 7.81 6.86 4.02 4.67 2.26 2.19 1.97 2.04 2.26 1.10 0.51 0.73 0.00 0.00 0.00 0.00 0.00 0.00 0.00 0.00 0.00 0.00 0.00 0.29 0.00 0.00 0.66 0.58 2.04 2.26 4.82 7.08 8.32 6.86 8.69 10.46 10.99 13.39 11.28 12.13 12.28 11.53 7.46 8.97 7.35
0.00 0.58 0.58 0.44 1.90 2.85 2.63 3.58 3.58 3.58 2.56 2.41 4.38 4.16 3.36 3.58 3.29 3.58 3.14 4.96 5.26 5.48 5.69 5.48 5.55 5.77 5.04 5.84 8.47 7.81 10.80 10.37 10.73 9.20 8.03 8.03 8.54 5.48 3.50 3.36 3.50 2.48 2.48 1.31 1.53 1.31 1.10 0.37 0.15 0.66 0.00 0.00 0.00 0.00 0.00 0.00 0.00 0.00 0.00 0.00 0.00 0.00 0.00 0.00 0.00 0.00 0.95 2.77 2.26 3.65 4.23 3.87 5.69 7.66 6.54 7.69 12.10 9.16 9.26 8.12 6.06 6.43 7.12 6.69
0.00 0.58 0.58 0.44 1.90 2.85 2.63 3.58 3.58 3.58 2.56 2.41 4.38 4.16 3.36 3.58 3.29 3.58 3.14 4.96 5.26 5.48 5.69 5.48 5.55 5.77 5.04 5.84 8.47 7.81 10.80 10.37 10.73 9.20 8.03 8.03 8.54 5.48 3.50 3.36 3.50 2.48 2.48 1.31 1.53 1.31 1.10 0.37 0.15 0.66 0.00 0.00 0.00 0.00 0.00 0.00 0.00 0.00 0.00 0.00 0.00 0.00 0.00 0.00 0.00 0.00 0.95 2.77 2.26 3.65 4.23 3.87 5.69 7.66 6.28 7.73 9.40 8.06 7.76 9.45 7.41 6.57 5.58 6.17
0.00 0.58 0.22 0.29 0.73 2.48 2.56 3.29 3.43 3.43 4.16 4.82 4.82 3.36 1.97 0.88 0.80 3.50 5.48 5.11 5.77 6.28 5.91 6.06 5.48 6.35 6.42 6.42 8.03 7.81 7.59 4.38 3.21 7.01 5.84 5.84 3.50 2.34 2.34 2.92 1.97 1.90 2.41 1.53 0.22 0.22 0.37 0.00 0.00 0.22 0.00 0.00 0.00 0.00 0.00 0.00 0.00 0.00 0.00 0.00 0.00 0.00 0.00 0.00 0.00 0.15 0.88 1.83 0.95 1.97 1.83 1.68 3.94 4.38 5.99 6.31 7.30 9.77 10.07 8.83 6.53 3.88 4.45 7.19
0.00 0.00 0.00 1.02 0.44 1.75 2.19 1.90 4.89 4.89 3.94 4.38 1.83 2.77 0.66 1.68 2.48 2.04 4.60 6.50 7.01 7.15 6.50 5.69 5.84 6.06 7.01 7.74 8.25 5.69 3.36 3.87 1.75 1.97 1.39 1.39 1.17 1.02 1.17 1.02 1.90 1.10 0.73 0.00 0.00 0.00 0.00 0.00 0.00 0.00 0.00 0.00 0.00 0.00 0.00 0.00 0.00 0.00 0.00 0.00 0.00 0.00 0.00 0.00 0.00 0.00 0.15 0.37 1.10 1.02 1.24 3.14 5.18 6.42 6.06 7.10 8.01 8.85 10.08 4.94 6.57 3.49 4.61 6.24
0.00 0.00 0.00 0.44 1.46 1.17 1.61 2.04 3.80 3.80 4.09 4.23 2.04 2.26 1.97 1.53 2.92 3.72 3.58 5.40 6.86 6.64 6.64 6.42 6.35 6.42 6.28 6.13 2.92 4.96 3.07 1.31 1.39 1.24 0.51 0.51 0.80 0.95 0.00 0.95 0.88 0.88 0.15 0.00 0.00 0.00 0.00 0.00 0.00 0.00 0.00 0.00 0.00 0.00 0.00 0.00 0.00 0.00 0.00 0.00 0.00 0.00 0.00 0.00 0.00 1.10 0.15 0.44 0.00 1.10 0.44 2.56 6.52 10.10 10.67 10.59 8.78 5.86 3.67 3.26 2.63 1.40 1.67 1.45
0.00 0.00 0.00 0.00 0.00 0.44 1.68 1.61 1.90 1.90 2.99 1.53 2.04 1.39 2.26 2.41 2.56 3.36 3.36 4.16 6.28 6.35 6.20 5.91 7.23 5.33 4.45 4.74 1.90 1.17 1.10 1.10 0.15 0.15 0.22 0.22 0.37 0.07 0.00 0.00 0.00 0.00 0.00 0.00 0.00 0.00 0.00 0.00 0.00 0.00 0.00 0.00 0.00 0.00 0.00 0.00 0.00 0.00 0.00 0.00 0.00 0.00 0.00 0.00 0.00 0.00 0.00 0.00 0.00 1.61 1.10 3.72 6.55 9.68 11.91 13.76 9.06 5.32 3.62 1.03 0.63 0.67 0.90 0.67
0.29 0.22 0.00 0.58 0.44 0.00 1.53 0.95 1.10 1.10 1.61 1.17 0.73 1.97 1.90 0.88 0.22 2.19 2.26 2.48 2.04 5.26 3.80 3.14 0.07 0.58 0.00 1.24 1.39 0.66 0.37 0.00 0.15 0.00 0.00 0.00 0.00 0.00 0.00 0.00 0.00 0.00 0.00 0.00 0.00 0.00 0.00 0.00 0.00 0.00 0.00 0.00 0.00 0.00 0.00 0.00 0.00 0.00 0.00 0.00 0.00 0.00 0.00 0.00 0.00 0.00 0.00 0.00 0.58 1.90 4.34 7.61 7.21 9.51 11.35 14.18 13.81 5.84 1.87 1.39 0.20 0.67 0.00 0.00
0.29 0.22 0.00 0.58 0.44 0.00 1.53 0.95 1.10 1.10 1.61 1.17 0.73 1.97 1.90 0.88 0.22 2.19 2.26 2.48 2.04 5.26 3.80 3.14 0.07 0.58 0.00 1.24 1.39 0.66 0.37 0.00 0.15 0.00 0.00 0.00 0.00 0.00 0.00 0.00 0.00 0.00 0.00 0.00 0.00 0.00 0.00 0.00 0.00 0.00 0.00 0.00 0.00 0.00 0.00 0.00 0.00 0.00 0.00 0.00 0.00 0.00 0.00 0.00 0.00 0.00 0.00 0.00 0.58 1.90 4.36 7.53 6.52 10.60 12.11 16.55 16.03 5.65 1.96 1.35 0.21 0.79 0.00 0.00
1.02 0.66 0.44 0.00 0.51 0.00 0.00 0.07 0.00 0.00 0.00 0.00 0.00 0.00 0.00 0.00 0.00 1.10 0.95 1.24 0.44 0.00 0.73 0.51 0.00 0.00 0.00 0.00 0.37 0.66 0.00 0.00 0.00 0.00 0.00 0.00 0.00 0.22 0.29 0.00 0.00 0.00 0.00 0.00 0.00 0.00 0.00 0.00 0.00 0.00 0.00 0.00 0.00 0.00 0.00 0.00 0.00 0.00 0.00 0.00 0.00 0.00 0.00 0.00 0.00 0.00 0.00 0.00 0.81 2.06 4.57 7.15 10.40 11.54 13.48 14.73 0.89 0.12 1.70 1.01 1.27 0.00 0.00 0.00
2.04 2.56 2.56 0.00 0.00 0.00 0.00 0.00 0.66 0.66 0.00 0.00 0.00 0.00 0.00 0.00 0.00 0.00 0.29 0.00 0.00 0.00 0.00 0.00 0.00 0.00 0.00 0.00 0.44 0.00 0.00 0.00 0.00 0.00 0.00 0.00 0.00 0.07 0.00 0.22 0.29 0.00 0.00 0.00 0.00 0.00 0.00 0.00 0.00 0.00 0.00 0.00 0.00 0.00 0.00 0.00 0.00 0.00 0.00 0.00 0.00 0.00 0.00 0.00 0.00 0.00 0.66 2.34 2.63 2.56 4.53 6.25 10.31 11.03 10.38 3.04 0.89 0.75 0.73 0.32 0.66 0.00 0.00 0.00
4.60 3.14 3.14 0.00 0.00 0.00 0.00 0.00 0.00 0.00 0.00 0.00 0.00 0.00 0.00 0.00 0.00 0.00 0.00 0.00 0.00 0.00 0.00 0.00 0.00 0.00 0.00 0.66 0.73 0.00 0.00 0.00 0.00 0.00 0.00 0.00 0.51 0.15 0.15 0.00 0.00 0.00 0.00 0.00 0.00 0.00 0.00 0.00 0.00 0.00 0.00 0.00 0.00 0.00 0.00 0.00 0.00 0.00 0.00 0.00 0.00 0.00 0.00 0.00 0.00 1.02 1.46 2.19 3.65 4.60 5.69 5.58 9.49 9.94 7.66 7.18 0.11 1.23 0.62 0.00 0.62 0.00 0.00 0.00
5.18 4.89 3.80 0.00 0.00 0.00 0.00 0.00 0.00 0.00 0.00 0.00 0.00 0.00 0.00 0.00 0.00 0.00 0.00 0.00 0.00 0.00 0.00 0.00 0.00 0.00 0.00 0.00 0.00 0.00 0.00 0.00 0.00 0.00 0.00 0.00 0.00 0.15 0.00 0.00 0.00 0.00 0.00 0.00 0.00 0.00 0.00 0.00 0.00 0.00 0.00 0.00 0.00 0.00 0.00 0.00 0.00 0.00 0.00 0.00 0.00 0.00 0.00 0.00 0.51 0.00 1.75 1.90 1.90 2.99 5.11 4.28 4.68 2.43 6.96 5.36 0.70 0.69 0.99 0.00 0.25 0.00 0.00 0.00
4.16 4.38 3.50 0.00 0.00 0.00 0.00 0.00 0.00 0.00 0.00 0.00 0.00 0.00 0.00 0.00 0.00 0.00 0.00 0.00 0.00 0.00 0.00 0.00 0.00 0.00 0.00 0.00 0.00 0.00 0.00 0.00 0.00 0.00 0.00 0.00 0.00 0.00 0.00 0.00 0.00 0.00 0.00 0.00 0.00 0.00 0.00 0.58 0.00 0.00 0.00 0.51 0.00 0.00 0.00 0.00 0.00 0.00 0.00 0.00 0.00 0.00 0.00 0.00 0.37 1.24 0.07 0.15 0.88 2.92 3.07 3.21 2.27 1.24 0.48 0.61 0.44 0.63 0.00 0.00 0.00 0.00 0.00 0.00
2.48 0.00 0.00 0.00 0.00 0.00 0.00 0.00 0.00 0.00 0.00 0.00 0.00 0.00 0.00 0.00 0.00 0.00 0.00 0.00 0.00 0.00 0.00 0.00 0.00 0.00 0.00 0.00 0.00 0.00 0.00 0.00 0.00 0.00 0.00 0.00 0.00 0.00 0.00 0.00 0.00 0.00 0.00 0.00 0.00 1.24 1.10 0.29 0.29 0.15 0.95 0.00 0.00 0.00 0.00 0.00 0.29 1.39 0.37 1.53 1.53 0.00 1.02 0.22 0.00 0.29 0.66 0.80 1.61 1.61 1.39 2.93 2.38 0.60 0.00 0.00 0.00 0.00 0.00 0.00 0.00 0.00 0.00 0.00
2.48 0.00 0.00 0.00 0.00 0.00 0.00 0.00 0.00 0.00 0.00 0.00 0.00 0.00 0.00 0.00 0.00 0.00 0.00 0.00 0.00 0.00 0.00 0.00 0.00 0.00 0.00 0.00 0.00 0.00 0.00 0.00 0.00 0.00 0.00 0.00 0.00 0.00 0.00 0.00 0.00 0.00 0.00 0.00 0.00 1.24 1.10 0.29 0.29 0.15 0.95 0.00 0.00 0.00 0.00 0.00 0.29 1.39 0.37 1.53 1.53 0.00 1.02 0.22 0.00 0.29 0.66 0.80 1.61 1.61 1.39 2.92 2.35 0.59 0.00 0.00 0.00 0.00 0.00 0.00 0.00 0.00 0.00 0.00
0.00 0.00 0.00 0.00 0.00 0.00 0.00 0.00 0.00 0.00 0.00 0.00 0.00 0.00 0.00 0.00 0.00 0.00 0.00 0.00 0.00 0.00 0.00 0.00 0.00 0.00 0.00 0.00 0.00 0.00 0.00 0.00 0.00 0.00 0.00 0.00 0.00 0.00 0.00 0.00 0.00 0.00 0.00 0.00 0.00 1.39 0.58 1.17 1.10 0.80 0.58 0.44 0.00 0.00 0.80 0.29 0.58 0.00 0.29 1.39 1.39 0.80 0.00 0.29 0.44 0.00 0.51 0.07 0.44 0.00 0.37 0.00 0.00 0.07 0.00 0.00 0.00 0.00 0.00 0.00 0.00 0.00 0.00 0.00
