Wansh/Snow_depth/snowdepth-1995/winter/1995361.txt
ncols 321
nrows 161
xllcenter 60
yllcenter 15 
cellsize  0.25 
NODATA_value -1
[rows 0 to 36 of 161, columns 168 to 251 of 321]
2.70 2.41 2.04 2.77 2.63 3.80 4.23 5.11 5.04 5.04 5.04 5.04 5.69 5.48 5.33 5.84 5.91 9.13 7.08 7.08 7.66 7.66 5.69 5.33 5.91 5.69 0.00 0.00 0.00 0.00 0.00 0.00 0.00 5.48 8.76 8.76 9.93 12.19 12.12 17.16 15.99 15.99 18.10 22.41 23.58 24.75 24.89 22.27 17.23 14.31 12.70 12.85 11.75 11.68 11.39 11.32 13.21 14.60 14.75 14.02 14.02 13.80 15.33 14.89 16.86 16.72 15.91 15.26 15.77 12.78 12.78 12.85 12.70 12.92 12.92 13.58 13.87 14.60 14.45 14.60 13.36 12.12 12.70 13.14
3.65 4.09 3.58 3.65 2.04 3.87 3.58 4.23 4.96 4.96 5.48 5.55 5.99 5.84 5.84 6.72 8.47 6.86 7.74 7.74 7.88 7.30 5.84 5.69 6.86 6.13 2.99 0.00 0.00 0.00 0.00 0.00 5.33 3.29 7.74 7.74 8.98 12.19 15.11 14.45 13.43 13.51 14.45 22.56 26.50 21.53 19.49 16.72 17.30 14.82 15.40 14.38 14.60 12.85 14.75 15.11 14.97 14.75 13.51 14.31 14.31 14.31 14.89 15.62 15.33 15.70 15.77 14.82 13.21 13.43 12.99 13.29 12.99 14.24 13.14 14.31 14.45 14.02 14.82 13.87 14.24 11.90 9.34 9.56
4.16 4.23 3.87 2.41 1.10 2.99 2.48 3.80 4.60 4.60 5.48 5.69 5.18 5.77 6.06 7.08 4.53 7.37 7.45 7.66 6.28 6.72 6.57 6.35 7.45 0.00 0.00 0.00 0.00 0.00 0.00 1.46 4.09 6.86 9.49 9.49 8.32 11.75 15.33 18.03 17.45 16.06 18.83 19.27 19.05 19.27 15.99 14.53 15.70 15.48 15.70 15.84 15.26 14.38 14.75 13.51 13.29 13.21 13.36 14.16 14.16 14.75 14.75 14.38 13.14 13.07 13.87 13.80 13.65 13.51 13.51 14.31 13.43 14.31 13.14 11.97 12.12 14.02 11.90 11.68 9.78 11.61 9.20 8.91
4.16 4.23 3.87 2.41 1.10 2.99 2.48 3.80 4.60 4.60 5.48 5.69 5.18 5.77 6.06 7.08 4.53 7.37 7.45 7.66 6.28 6.72 6.57 6.35 7.45 0.00 0.00 0.00 0.00 0.00 0.00 1.46 4.09 6.86 9.49 9.49 8.32 11.75 15.33 18.03 17.45 16.06 18.83 19.27 19.05 19.27 15.99 14.53 15.70 15.48 15.70 15.84 15.26 14.38 14.75 13.51 13.29 13.21 13.36 14.16 14.16 14.75 14.75 14.38 13.14 13.07 13.87 13.80 13.65 13.51 13.51 14.31 13.43 14.31 13.14 11.97 12.12 14.02 11.90 11.68 9.78 11.61 9.20 8.91
5.04 5.04 4.02 2.41 0.00 0.00 3.14 4.82 4.96 4.96 5.91 5.99 5.48 5.77 7.01 6.50 7.15 7.30 7.30 7.37 7.01 6.79 6.72 0.00 4.67 0.00 0.00 0.00 0.00 0.00 1.39 0.00 4.82 5.99 8.69 8.69 11.32 13.43 12.85 13.87 15.04 12.12 12.70 9.49 11.39 13.36 12.56 14.60 16.43 15.55 14.82 14.89 13.72 13.14 11.97 12.26 12.05 12.12 12.19 12.99 12.99 12.99 13.36 13.21 13.58 13.07 13.07 12.99 11.83 11.53 13.14 13.14 12.41 10.73 12.92 11.61 10.88 11.02 10.44 9.56 9.64 9.13 9.20 9.27
5.18 6.06 4.82 5.77 1.24 1.75 2.70 4.45 6.50 6.50 7.45 7.15 7.66 9.42 7.59 6.42 7.08 6.57 6.13 5.99 5.26 5.69 4.53 0.00 0.00 0.00 0.00 0.00 0.00 0.00 2.12 5.91 6.57 10.00 8.83 8.83 10.66 7.74 6.79 6.79 8.40 8.18 7.96 9.34 10.51 12.05 12.70 14.60 14.16 15.62 15.48 15.77 16.06 13.58 13.51 12.85 12.92 11.68 11.53 12.70 12.70 12.70 13.58 12.85 13.29 11.17 9.86 9.56 10.66 10.95 10.66 9.56 9.78 9.78 8.83 8.83 9.78 10.51 10.29 10.07 9.27 9.42 9.56 11.02
6.94 7.74 7.23 6.50 3.21 4.60 3.21 6.35 5.91 5.91 6.64 7.52 7.81 9.86 8.03 6.94 7.74 6.42 6.28 6.06 0.00 0.00 0.00 0.00 0.00 0.00 0.00 0.00 0.00 2.34 5.04 7.59 9.49 10.00 9.05 9.05 9.49 7.81 5.04 5.33 4.82 6.94 5.55 8.61 8.25 9.86 12.34 13.94 14.02 13.58 14.67 14.82 13.87 13.58 13.87 12.12 10.44 10.66 11.17 11.68 11.68 12.85 12.48 12.63 10.29 11.17 8.98 9.49 9.34 10.07 9.13 9.34 7.59 7.88 8.18 7.45 7.37 9.49 10.07 10.34 12.57 13.69 10.71 13.37
6.94 7.74 7.23 6.50 3.21 4.60 3.21 6.35 5.91 5.91 6.64 7.52 7.81 9.86 8.03 6.94 7.74 6.42 6.28 6.06 0.00 0.00 0.00 0.00 0.00 0.00 0.00 0.00 0.00 2.34 5.04 7.59 9.49 10.00 9.05 9.05 9.49 7.81 5.04 5.33 4.82 6.94 5.55 8.61 8.25 9.86 12.34 13.94 14.02 13.58 14.67 14.82 13.87 13.58 13.87 12.12 10.44 10.66 11.17 11.68 11.68 12.85 12.48 12.63 10.29 11.17 8.98 9.49 9.34 10.07 9.13 9.34 7.59 7.88 8.18 8.61 10.17 13.65 13.80 17.57 20.76 18.22 13.78 13.87
7.66 7.37 7.81 7.23 5.69 5.84 4.82 4.82 5.33 5.33 5.69 7.08 7.96 7.30 8.69 8.76 7.96 5.91 3.36 0.00 0.00 0.00 0.00 0.00 0.00 0.00 0.00 2.26 5.18 6.57 5.84 7.37 8.10 8.18 7.74 7.74 4.23 3.29 3.43 5.11 3.07 5.40 8.18 10.22 9.64 10.80 11.61 12.99 13.43 13.29 12.85 12.92 12.92 11.46 11.46 11.61 10.51 11.68 11.39 12.19 12.19 12.41 13.07 13.07 12.19 10.59 10.95 9.49 8.10 8.32 7.59 6.79 7.30 6.47 9.14 10.70 11.97 10.73 10.74 19.07 16.50 16.12 15.35 16.19
5.99 6.06 8.18 7.52 6.50 7.15 6.50 5.91 4.67 4.67 5.55 7.66 7.59 5.55 8.47 2.92 0.00 0.00 0.00 0.00 0.00 0.00 0.00 0.00 0.00 0.00 0.00 0.00 6.50 6.72 7.66 7.08 7.15 7.45 4.74 4.74 3.29 1.61 1.97 2.34 1.90 5.11 8.40 8.83 10.59 11.53 11.10 13.07 12.26 12.41 11.68 11.68 11.32 12.05 11.68 11.83 11.68 11.75 14.16 12.99 12.99 13.29 13.14 11.53 12.05 10.73 9.78 9.78 8.03 7.23 7.15 7.45 7.38 10.34 9.08 10.92 10.16 12.45 16.12 14.25 14.07 16.27 18.36 16.85
9.64 7.01 6.72 6.57 6.94 8.18 7.88 5.91 5.11 5.11 3.87 5.40 5.62 5.84 8.18 6.42 0.00 0.00 0.00 0.00 0.00 0.00 0.00 3.43 4.89 3.58 5.84 5.55 6.35 6.86 5.33 3.50 4.38 3.50 4.02 4.02 3.36 5.69 1.10 8.03 7.30 6.86 6.94 7.88 8.32 6.50 7.66 9.27 8.54 10.88 11.83 12.56 12.05 12.78 11.61 12.26 12.26 11.61 16.13 14.97 14.97 14.75 15.84 11.83 10.37 10.51 8.32 7.08 7.23 7.45 7.23 7.74 5.77 6.00 5.87 10.11 12.34 12.03 11.76 12.70 12.50 12.87 11.48 11.96
9.64 7.01 6.72 6.57 6.94 8.18 7.88 5.91 5.11 5.11 3.87 5.40 5.62 5.84 8.18 6.42 0.00 0.00 0.00 0.00 0.00 0.00 0.00 3.43 4.89 3.58 5.84 5.55 6.35 6.86 5.33 3.50 4.38 3.50 4.02 4.02 3.36 5.69 1.10 8.03 7.30 6.86 6.94 7.88 8.32 6.50 7.66 9.27 8.54 10.88 11.83 12.56 12.05 12.78 11.61 12.26 12.26 11.61 16.13 14.97 14.97 14.75 15.84 11.83 10.37 10.51 8.32 7.08 7.23 7.45 7.23 7.74 5.62 5.91 5.69 9.39 11.00 11.14 12.55 13.17 12.50 12.59 12.61 12.79
8.98 8.76 5.62 6.13 5.69 4.96 4.82 0.00 2.56 2.56 2.77 0.44 0.00 0.00 6.13 0.00 0.00 0.00 0.00 0.44 2.92 4.31 4.38 3.94 4.82 5.55 5.69 5.26 4.60 4.82 4.74 4.45 3.58 5.04 5.91 5.91 7.01 6.42 7.08 8.18 7.88 7.01 7.01 5.40 4.82 4.89 6.06 7.74 9.71 11.75 11.83 12.19 8.91 9.64 10.37 10.80 10.29 11.02 14.89 14.75 14.75 15.26 16.35 11.83 9.93 8.83 9.27 8.18 8.18 8.25 7.52 5.99 5.99 6.13 5.54 8.32 10.58 10.79 10.55 12.20 12.57 13.31 12.92 13.09
10.44 10.95 11.10 7.45 6.13 4.82 0.00 0.00 0.00 0.00 0.00 0.00 0.00 0.00 0.00 0.00 0.00 1.61 3.72 3.43 4.02 4.74 4.89 4.96 5.18 5.84 6.86 7.08 7.08 5.91 6.57 5.26 5.69 5.40 6.72 6.72 7.88 8.10 7.52 8.10 7.96 8.25 7.45 6.28 5.40 7.08 7.08 7.30 6.64 4.53 4.60 4.74 5.99 4.16 5.84 5.26 7.30 8.54 11.83 12.26 12.26 11.39 12.41 11.46 11.75 10.15 10.73 11.17 8.61 8.69 9.13 9.13 6.79 7.84 8.68 9.47 7.50 9.88 12.35 9.67 12.56 10.93 12.30 12.83
9.86 11.61 12.78 10.07 7.74 4.02 4.82 4.31 0.00 0.00 0.00 0.00 0.00 0.00 0.00 1.97 2.63 3.14 3.80 3.21 3.58 3.58 4.82 5.48 5.55 6.35 6.20 8.18 9.78 8.76 7.74 7.08 6.86 7.23 7.23 7.23 7.66 7.66 9.34 9.64 8.83 9.20 8.18 7.81 7.45 7.66 6.42 6.42 4.60 5.26 4.23 2.99 3.72 3.58 4.74 6.13 5.48 7.37 9.34 10.88 10.88 11.02 10.44 12.05 13.07 12.70 11.75 11.02 10.88 11.02 11.02 11.02 10.20 9.16 9.66 9.18 9.23 8.98 11.07 11.23 11.66 11.28 10.31 9.53
8.61 11.97 9.64 11.10 9.20 9.27 5.18 6.50 3.58 3.58 5.55 7.74 0.00 3.36 2.48 2.63 3.65 3.07 1.31 1.83 4.02 3.29 4.09 4.96 6.86 7.08 8.47 9.34 8.98 9.05 8.76 8.91 9.27 9.42 8.69 8.69 8.18 8.69 9.42 9.20 11.02 9.78 9.71 9.71 8.61 9.86 9.42 8.69 6.20 3.29 3.65 2.19 1.39 2.41 2.12 4.89 5.55 8.47 8.69 7.88 7.88 9.56 9.71 8.91 11.61 8.76 9.27 10.66 12.26 11.39 12.12 10.01 12.55 10.71 11.28 9.20 9.42 9.95 10.52 10.73 11.18 12.22 9.99 9.28
8.61 11.97 9.64 11.10 9.20 9.27 5.18 6.50 3.58 3.58 5.55 7.74 0.00 3.36 2.48 2.63 3.65 3.07 1.31 1.83 4.02 3.29 4.09 4.96 6.86 7.08 8.47 9.34 8.98 9.05 8.76 8.91 9.27 9.42 8.69 8.69 8.18 8.69 9.42 9.20 11.02 9.78 9.71 9.71 8.61 9.86 9.42 8.69 6.20 3.29 3.65 2.19 1.39 2.41 2.12 4.89 5.55 8.47 8.69 7.88 7.88 9.56 9.71 8.91 11.61 8.76 9.27 10.66 12.26 11.39 12.12 12.29 11.76 11.64 10.13 11.38 9.55 11.00 10.73 9.67 10.80 10.51 10.87 10.54
4.53 6.64 6.13 7.96 6.20 4.02 3.07 4.45 5.99 5.99 5.48 5.62 4.53 2.85 3.21 1.61 1.75 1.75 1.46 1.75 1.97 2.77 4.02 3.58 4.89 6.64 8.40 8.40 8.61 9.27 10.73 10.37 10.80 10.88 11.32 11.32 10.66 10.88 11.46 10.29 11.02 12.19 10.95 10.44 9.34 9.71 9.56 5.91 4.09 2.48 0.66 2.34 0.73 1.97 1.24 1.53 3.94 3.72 6.57 6.06 6.06 5.04 7.59 7.30 5.11 6.79 6.50 6.42 10.88 10.88 10.74 10.08 10.24 10.65 12.44 12.91 12.61 10.39 10.69 12.88 11.94 10.50 10.47 8.52
2.70 4.31 5.04 4.89 4.96 3.72 2.99 3.07 2.85 2.85 2.26 2.04 1.68 2.70 2.92 3.29 2.48 3.36 2.48 2.19 2.34 3.14 3.50 4.23 4.31 4.89 7.23 7.45 8.91 8.54 9.42 9.42 9.93 9.78 11.17 11.17 12.48 10.88 10.51 11.24 10.59 10.51 9.56 8.03 7.23 2.70 3.14 3.14 3.14 2.04 0.88 0.66 0.73 0.22 0.00 0.00 1.53 1.10 3.21 2.92 2.92 2.85 4.53 2.41 2.19 4.45 4.82 5.18 4.89 8.44 9.81 9.14 9.73 10.02 10.75 11.35 11.61 12.10 11.84 12.59 9.95 11.29 9.38 8.95
2.12 4.09 3.14 3.94 3.94 4.09 4.16 3.14 3.50 3.50 2.99 2.19 2.12 1.68 3.65 4.16 4.60 3.80 2.92 3.07 3.87 4.09 4.09 5.55 5.69 5.91 6.86 6.64 7.45 6.86 7.96 10.07 10.07 9.86 9.93 9.93 11.97 10.37 9.93 8.98 8.54 7.23 6.72 1.75 1.90 2.41 2.99 2.48 2.19 2.41 1.75 0.00 0.00 0.00 0.00 0.00 0.00 0.37 0.00 1.46 1.46 0.00 0.00 1.31 1.17 0.80 2.41 4.09 5.04 4.60 8.40 9.56 9.27 10.44 11.17 11.17 12.74 13.95 14.01 12.71 11.93 9.41 8.74 9.24
1.39 1.83 2.63 2.26 2.19 2.77 3.29 3.36 3.29 3.29 3.29 2.70 1.83 4.16 5.26 5.04 5.04 4.38 3.87 3.72 4.89 5.62 5.77 6.20 5.33 5.33 5.11 5.62 6.50 9.20 8.32 11.10 10.88 8.98 9.86 9.86 9.20 9.49 8.83 6.94 4.96 1.83 1.68 1.68 1.53 2.12 2.34 1.83 1.90 0.73 0.00 0.00 0.00 0.00 0.00 0.00 0.00 0.00 0.00 0.00 0.00 0.22 0.00 0.00 0.00 0.00 1.46 2.41 4.53 5.18 4.96 8.40 9.86 10.59 10.62 11.16 11.68 11.00 13.03 10.18 11.29 8.72 8.39 6.27
1.02 1.61 0.80 2.63 1.39 2.34 2.92 2.70 3.21 3.21 3.43 3.29 4.16 4.09 4.02 4.02 2.12 3.07 2.77 3.43 4.67 6.13 5.69 6.64 5.62 6.06 5.99 5.48 7.08 9.64 10.22 9.71 9.86 9.56 7.30 7.30 9.20 9.42 5.18 2.12 2.26 1.75 1.97 1.46 1.31 1.75 1.46 1.46 0.44 0.73 0.07 0.00 0.00 0.00 0.00 0.00 0.00 0.00 0.00 0.00 0.00 0.00 0.00 0.00 0.00 0.00 0.73 2.04 2.77 3.80 4.67 3.87 7.23 8.69 8.97 9.26 11.20 10.07 12.64 8.84 6.98 7.25 8.78 6.69
1.02 1.61 0.80 2.63 1.39 2.34 2.92 2.70 3.21 3.21 3.43 3.29 4.16 4.09 4.02 4.02 2.12 3.07 2.77 3.43 4.67 6.13 5.69 6.64 5.62 6.06 5.99 5.48 7.08 9.64 10.22 9.71 9.86 9.56 7.30 7.30 9.20 9.42 5.18 2.12 2.26 1.75 1.97 1.46 1.31 1.75 1.46 1.46 0.44 0.73 0.07 0.00 0.00 0.00 0.00 0.00 0.00 0.00 0.00 0.00 0.00 0.00 0.00 0.00 0.00 0.00 0.73 2.04 2.77 3.80 4.67 3.87 7.23 8.69 8.61 9.31 8.70 8.86 10.59 10.29 8.54 7.40 6.88 6.17
0.00 0.00 0.00 0.80 0.00 2.63 2.48 2.85 2.99 2.99 4.16 3.36 3.43 4.09 1.83 1.61 2.34 3.72 4.74 6.13 5.62 5.91 6.42 6.86 6.64 6.20 6.06 6.28 8.83 7.66 8.03 6.72 3.36 3.21 7.74 7.74 1.61 2.34 1.68 1.68 1.61 1.90 0.95 1.24 1.10 0.66 0.00 0.22 0.00 0.00 0.00 0.00 0.00 0.00 0.00 0.00 0.00 0.00 0.00 0.00 0.00 0.00 0.00 0.00 0.00 0.44 0.00 0.88 0.88 2.41 2.34 3.14 5.11 4.60 7.59 8.22 8.22 13.10 10.41 6.22 7.08 5.23 4.64 5.05
0.00 0.00 0.00 0.29 1.75 2.77 2.48 3.14 2.56 2.56 4.38 3.58 2.26 2.48 1.90 1.83 2.48 3.29 5.11 5.99 6.42 7.37 7.37 6.35 5.55 7.37 8.40 8.25 8.47 7.45 5.33 1.75 1.61 1.39 0.88 0.88 1.39 1.90 1.75 0.51 0.44 0.44 0.58 0.73 0.51 0.66 0.00 0.00 0.00 0.00 0.00 0.00 0.00 0.00 0.00 0.00 0.00 0.00 0.00 0.00 0.00 0.00 0.00 0.00 0.00 0.88 0.95 1.10 0.00 0.00 0.88 2.04 5.55 8.40 7.79 9.37 8.97 10.09 9.77 5.36 3.77 2.69 3.18 2.62
0.00 0.00 0.00 0.00 0.15 1.83 1.68 2.99 4.82 4.82 4.74 2.56 2.56 2.12 2.48 3.80 3.80 3.80 4.96 5.77 6.42 6.06 7.23 8.10 8.10 7.23 7.01 6.64 2.63 1.53 1.61 1.39 1.02 0.15 1.53 1.53 0.80 1.31 0.29 0.44 0.51 1.02 0.80 0.88 0.66 0.80 0.00 0.00 0.00 0.29 0.00 0.22 0.07 0.07 0.00 0.00 0.00 0.00 0.00 0.00 0.00 0.00 0.00 0.00 0.00 0.15 0.22 0.00 0.00 0.00 2.04 6.35 5.41 10.32 11.19 13.58 10.81 5.52 4.54 5.84 2.73 2.25 2.29 1.55
0.00 0.00 0.00 0.00 0.00 0.00 1.39 3.80 1.68 1.68 3.87 2.63 2.04 1.97 3.36 3.50 3.94 2.99 4.67 4.38 5.40 6.64 7.59 8.54 7.37 8.18 5.99 1.97 1.17 0.80 0.73 0.37 0.51 0.37 0.15 0.15 0.00 0.22 0.00 1.02 1.10 1.46 1.02 0.00 0.00 0.00 0.00 0.00 0.00 0.00 0.44 0.00 0.00 0.07 0.00 0.15 0.00 0.00 0.00 0.00 0.00 0.00 0.00 0.00 0.00 0.07 0.00 0.29 0.51 0.29 1.90 6.28 11.44 11.10 13.95 11.07 14.49 8.04 2.22 0.46 2.61 1.54 1.46 2.34
0.00 0.00 0.29 0.29 0.15 0.44 0.95 1.10 0.95 0.95 2.63 2.99 0.73 1.46 1.17 2.19 0.44 1.68 2.77 4.74 4.23 3.50 7.30 6.42 0.95 0.07 0.29 0.80 1.31 0.00 0.37 0.15 0.00 0.00 0.37 0.37 0.00 0.88 0.66 1.02 0.73 0.73 0.73 0.00 0.00 0.00 0.22 0.00 0.00 0.00 0.00 0.00 0.07 0.00 0.00 0.00 0.00 0.00 0.00 0.00 0.00 0.00 0.00 0.00 0.00 0.00 0.00 0.00 1.39 3.50 2.85 6.59 13.14 13.10 14.68 13.14 5.84 1.95 2.25 1.07 0.99 0.95 1.07 0.00
0.00 0.00 0.29 0.29 0.15 0.44 0.95 1.10 0.95 0.95 2.63 2.99 0.73 1.46 1.17 2.19 0.44 1.68 2.77 4.74 4.23 3.50 7.30 6.42 0.95 0.07 0.29 0.80 1.31 0.00 0.37 0.15 0.00 0.00 0.37 0.37 0.00 0.88 0.66 1.02 0.73 0.73 0.73 0.00 0.00 0.00 0.22 0.00 0.00 0.00 0.00 0.00 0.07 0.00 0.00 0.00 0.00 0.00 0.00 0.00 0.00 0.00 0.00 0.00 0.00 0.00 0.00 0.00 1.39 3.50 2.86 6.52 11.88 14.60 15.67 15.33 6.78 1.88 2.35 1.04 1.05 1.13 0.98 0.00
1.10 2.04 0.00 0.73 1.02 0.00 0.00 0.00 0.15 0.15 0.00 0.00 0.00 0.00 0.58 0.00 0.22 1.31 1.02 0.15 0.00 3.87 0.00 0.00 0.00 0.29 0.00 0.88 0.58 0.44 0.66 0.00 0.00 0.00 0.00 0.00 1.24 0.51 0.73 0.66 0.29 0.22 0.66 0.00 0.00 0.00 0.29 0.73 0.51 0.00 0.00 0.00 0.22 0.00 0.00 0.00 0.00 0.00 0.00 0.00 0.00 0.00 0.00 0.00 0.00 0.00 0.51 2.04 1.83 3.24 7.15 10.99 12.15 16.38 12.58 4.78 7.11 1.80 1.22 0.50 1.81 0.44 0.00 0.08
2.34 2.19 1.75 0.00 0.00 0.00 0.00 0.00 0.95 0.95 0.00 0.00 0.00 0.00 0.00 0.51 0.37 0.00 0.00 0.00 0.15 0.07 0.00 0.00 0.00 0.00 0.00 1.24 0.29 0.44 0.00 0.00 0.00 0.00 0.00 0.00 0.00 0.00 1.10 0.15 0.66 0.37 0.37 0.80 0.73 0.15 0.58 0.37 0.66 0.51 0.00 0.00 0.00 0.00 0.00 0.00 0.00 0.00 0.00 0.00 0.00 0.00 0.00 0.00 0.00 0.00 1.39 1.53 3.50 2.92 5.40 11.59 14.33 17.83 11.18 3.50 1.02 0.75 1.56 1.41 0.09 0.80 0.00 0.00
3.43 4.16 3.14 0.00 0.00 0.00 0.00 0.00 0.00 0.00 0.00 0.00 0.00 0.00 0.00 0.00 0.00 0.00 0.00 0.00 0.00 0.00 0.00 0.00 0.00 0.00 0.29 0.07 0.80 0.00 0.00 0.00 0.07 0.00 0.00 0.00 0.00 0.00 0.00 0.73 0.22 0.73 0.37 0.51 0.00 0.58 0.15 0.15 0.37 0.00 0.00 0.00 0.29 0.00 0.00 0.00 0.00 0.00 0.00 0.00 0.00 0.00 0.58 0.95 0.66 2.26 2.41 2.26 3.29 5.18 8.18 7.49 10.60 9.52 10.87 4.47 1.91 1.78 1.54 0.85 0.44 0.00 0.00 0.00
5.26 5.26 4.02 0.00 0.00 0.00 0.00 0.00 0.00 0.00 0.00 0.00 0.00 0.00 0.00 0.00 0.00 0.00 0.00 0.00 0.00 0.00 0.00 0.00 0.00 0.00 0.51 0.00 0.00 0.00 0.00 0.00 0.00 0.00 0.00 0.00 0.29 0.22 1.10 0.00 0.80 1.02 0.29 0.58 0.15 0.58 0.29 0.00 0.00 0.00 0.00 0.00 0.00 0.07 0.58 0.58 0.00 0.00 0.00 0.00 0.00 0.00 1.10 1.46 1.17 0.00 2.48 2.70 2.56 4.23 6.64 7.67 9.00 5.18 3.37 0.99 0.60 1.38 0.45 0.16 0.33 0.00 0.00 0.00
4.02 5.62 4.23 0.00 0.00 0.00 0.00 0.00 0.00 0.00 0.00 0.00 0.00 0.00 0.00 0.00 0.00 0.00 0.00 0.00 0.00 0.00 0.00 0.00 0.00 0.00 0.00 0.00 0.00 0.00 0.00 0.00 0.00 0.00 0.00 0.00 0.15 0.00 0.51 0.73 0.07 0.15 0.00 0.15 0.37 0.37 0.07 0.29 0.00 0.44 0.00 0.00 0.00 0.07 0.37 0.00 0.00 0.00 0.00 0.00 0.00 0.00 0.07 1.46 1.90 2.19 2.48 2.77 3.21 2.99 3.87 5.69 2.84 3.40 1.51 1.74 0.35 0.71 1.42 0.16 0.00 0.15 0.00 0.00
2.48 0.00 0.00 0.00 0.00 0.00 0.00 0.00 0.00 0.00 0.00 0.00 0.00 0.00 0.00 0.00 0.00 0.00 0.00 0.00 0.00 0.00 0.00 0.00 0.00 0.00 0.00 0.00 0.00 0.00 0.00 0.00 0.00 0.00 0.00 0.00 0.00 0.00 0.00 0.00 0.00 0.22 0.00 0.00 0.29 0.00 0.00 0.00 0.00 0.66 0.51 0.00 0.00 0.00 0.00 0.00 0.00 0.00 0.00 0.95 0.95 0.51 0.88 0.66 1.10 1.46 1.61 1.53 2.99 2.77 2.48 4.48 2.23 1.49 1.70 0.55 0.85 0.00 0.00 0.00 0.00 0.00 0.00 0.00
2.48 0.00 0.00 0.00 0.00 0.00 0.00 0.00 0.00 0.00 0.00 0.00 0.00 0.00 0.00 0.00 0.00 0.00 0.00 0.00 0.00 0.00 0.00 0.00 0.00 0.00 0.00 0.00 0.00 0.00 0.00 0.00 0.00 0.00 0.00 0.00 0.00 0.00 0.00 0.00 0.00 0.22 0.00 0.00 0.29 0.00 0.00 0.00 0.00 0.66 0.51 0.00 0.00 0.00 0.00 0.00 0.00 0.00 0.00 0.95 0.95 0.51 0.88 0.66 1.10 1.46 1.61 1.53 2.99 2.77 2.48 4.45 2.20 1.47 1.70 0.57 0.76 0.00 0.00 0.00 0.00 0.00 0.00 0.00
0.00 0.00 0.00 0.00 0.00 0.00 0.00 0.00 0.00 0.00 0.00 0.00 0.00 0.00 0.00 0.00 0.00 0.00 0.00 0.00 0.00 0.00 0.00 0.00 0.00 0.00 0.00 0.00 0.00 0.00 0.00 0.00 0.00 0.00 0.00 0.00 1.75 0.00 0.00 0.00 0.00 0.00 0.00 0.00 0.00 0.00 0.51 1.83 0.51 0.58 0.66 0.00 0.37 0.66 0.73 1.46 0.66 0.29 0.29 1.10 1.10 0.44 0.22 0.95 0.73 0.80 1.02 2.48 2.34 2.04 1.46 1.39 1.39 0.96 0.00 0.15 0.00 0.28 0.00 0.00 0.00 0.00 0.00 0.00
