Wansh/Snow_depth/snowdepth-1995/winter/1995354.txt
ncols 321
nrows 161
xllcenter 60
yllcenter 15 
cellsize  0.25 
NODATA_value -1
[rows 0 to 36 of 161, columns 84 to 167 of 321]
5.33 5.55 4.96 5.26 5.18 4.38 4.38 3.87 1.02 3.58 3.14 5.62 4.02 4.02 4.02 4.02 4.16 4.16 4.16 3.58 2.56 2.04 1.53 1.53 1.46 1.83 1.31 1.46 2.26 1.39 1.46 1.75 0.37 0.95 0.51 0.07 0.73 1.31 0.00 0.00 0.00 1.53 0.00 0.00 0.00 0.00 0.00 1.46 2.63 3.50 3.14 3.87 2.99 2.92 2.70 3.72 1.90 1.61 0.88 1.31 1.46 1.24 0.95 0.95 2.04 1.53 1.53 2.99 2.99 3.21 2.92 4.38 3.94 3.94 3.58 3.72 3.87 4.38 4.38 3.72 4.09 3.72 2.99 3.21
5.33 5.55 4.60 4.23 2.85 3.29 0.00 0.44 0.22 3.14 5.62 4.96 5.04 3.80 3.07 2.56 1.97 2.12 2.12 1.83 2.26 1.61 1.39 1.39 1.53 1.83 2.77 3.14 3.14 2.48 1.39 1.53 0.88 0.15 0.37 0.00 0.00 0.00 0.00 0.00 0.95 0.73 3.43 3.43 4.23 3.80 1.83 2.70 1.90 2.85 2.26 2.41 2.70 2.99 2.41 2.63 1.97 4.89 1.83 3.21 1.17 0.88 4.23 2.63 2.70 3.80 4.23 3.72 3.72 6.79 4.67 4.67 4.96 4.96 4.38 5.40 5.40 5.55 3.87 4.16 3.87 4.45 4.82 2.99
4.96 4.09 4.09 2.92 1.97 0.73 0.29 3.87 4.45 3.87 4.74 5.55 5.48 4.16 3.36 2.41 2.26 2.04 2.04 2.26 1.61 1.68 0.88 1.83 1.97 2.26 2.34 3.36 3.87 2.77 2.85 0.51 0.73 0.00 0.00 0.00 0.00 1.75 2.41 2.04 3.21 2.77 2.41 2.41 5.69 4.96 6.86 4.67 5.26 2.99 1.83 3.21 2.77 3.14 3.58 5.69 5.11 5.99 6.13 5.26 6.50 5.84 5.55 7.74 5.91 5.40 8.47 7.52 7.52 7.52 7.01 5.91 5.91 4.82 4.89 5.55 5.91 5.99 5.40 4.02 4.74 4.60 4.16 4.16
4.96 4.09 4.09 2.92 1.97 0.73 0.29 3.87 4.45 3.87 4.74 5.55 5.48 4.16 3.36 2.41 2.26 2.04 2.04 2.26 1.61 1.68 0.88 1.83 1.97 2.26 2.34 3.36 3.87 2.77 2.85 0.51 0.73 0.00 0.00 0.00 0.00 1.75 2.41 2.04 3.21 2.77 2.41 2.41 5.69 4.96 6.86 4.67 5.26 2.99 1.83 3.21 2.77 3.14 3.58 5.69 5.11 5.99 6.13 5.26 6.50 5.84 5.55 7.74 5.91 5.40 8.47 7.52 7.52 7.52 7.01 5.91 5.91 4.82 4.89 5.55 5.91 5.99 5.40 4.02 4.74 4.60 4.16 4.16
4.38 2.34 2.85 1.75 1.97 4.16 4.53 4.60 3.36 4.67 4.45 4.60 4.60 4.09 4.16 3.94 3.87 2.70 2.70 1.68 1.24 2.34 2.04 1.90 1.39 2.12 3.36 2.85 3.50 3.14 3.36 2.70 2.26 3.43 0.44 2.19 2.63 2.26 3.50 3.80 4.09 4.02 5.99 5.99 7.81 7.88 7.88 6.50 5.91 4.23 4.60 3.07 2.04 3.14 2.56 3.87 4.38 5.11 6.42 8.18 7.15 10.44 9.56 9.56 10.66 9.20 8.83 9.56 9.56 7.66 7.81 6.06 5.69 4.82 5.40 5.55 5.40 5.84 6.13 4.82 4.89 4.82 3.72 4.02
3.80 2.26 3.43 3.43 3.29 2.85 1.90 2.12 1.75 3.50 3.50 3.50 3.87 4.89 4.82 3.94 4.74 2.48 2.48 2.92 2.77 2.26 1.46 2.63 2.56 2.99 2.48 2.70 3.43 3.36 3.29 3.21 3.80 4.02 3.94 3.50 1.83 2.34 2.77 4.09 5.11 4.82 5.18 5.18 7.59 7.37 7.15 5.77 5.99 3.65 2.63 2.85 2.48 2.56 3.50 3.36 4.16 6.06 6.13 7.66 10.37 10.22 13.43 13.07 12.56 12.63 9.49 9.71 9.71 8.61 8.61 7.30 6.64 7.74 4.82 4.96 5.04 5.48 4.82 5.62 5.62 6.06 5.62 5.40
3.80 3.43 3.65 2.77 3.50 3.07 2.77 3.80 2.85 3.36 2.92 3.80 5.18 4.67 4.45 5.33 3.80 3.36 3.36 3.50 2.56 2.56 2.34 3.43 3.29 3.14 2.99 2.77 2.63 3.43 3.43 4.60 4.16 4.23 3.29 1.75 2.12 1.31 3.65 5.18 4.45 4.96 4.60 4.60 4.67 4.38 6.64 5.26 3.87 3.65 3.65 3.50 2.77 3.50 3.72 3.58 5.55 6.72 6.86 7.23 9.42 14.82 13.94 14.45 13.14 13.72 12.26 9.34 9.34 9.42 9.56 11.17 8.47 9.64 8.91 8.83 6.57 5.69 5.77 5.77 5.33 4.82 4.67 4.74
3.80 3.43 3.65 2.77 3.50 3.07 2.77 3.80 2.85 3.36 2.92 3.80 5.18 4.67 4.45 5.33 3.80 3.36 3.36 3.50 2.56 2.56 2.34 3.43 3.29 3.14 2.99 2.77 2.63 3.43 3.43 4.60 4.16 4.23 3.29 1.75 2.12 1.31 3.65 5.18 4.45 4.96 4.60 4.60 4.67 4.38 6.64 5.26 3.87 3.65 3.65 3.50 2.77 3.50 3.72 3.58 5.55 6.72 6.86 7.23 9.42 14.82 13.94 14.45 13.14 13.72 12.26 9.34 9.34 9.42 9.56 11.17 8.47 9.64 8.91 8.83 6.57 5.69 5.77 5.77 5.33 4.82 4.67 4.74
3.58 3.14 3.87 4.02 4.23 4.16 3.72 3.80 4.02 3.58 3.50 2.92 2.19 1.97 3.29 6.20 4.16 2.92 2.92 0.00 0.00 0.00 3.65 4.38 3.58 3.65 3.36 3.14 3.87 4.09 3.87 4.23 3.72 4.02 2.99 2.63 1.97 2.12 3.14 3.14 3.36 2.77 2.92 2.92 3.94 3.21 2.48 3.94 3.07 4.53 4.09 3.43 2.92 3.14 3.94 5.69 5.26 6.28 6.28 8.32 8.18 8.10 11.75 12.56 8.32 12.19 12.41 10.44 10.44 11.02 10.88 12.12 12.56 11.02 9.86 9.56 9.93 9.56 6.79 6.72 6.06 4.82 5.04 4.82
0.00 0.00 4.02 4.45 4.53 4.53 3.58 3.07 3.29 2.99 1.17 2.19 1.17 0.29 2.19 2.63 2.56 2.99 2.99 0.00 5.26 4.82 4.45 4.60 4.09 3.36 3.21 3.21 3.87 3.29 2.70 2.77 3.58 3.80 3.14 3.36 3.14 3.21 3.43 3.43 2.26 2.56 2.34 2.34 1.75 1.83 2.48 3.87 2.92 5.84 7.59 7.30 3.87 4.23 5.26 5.11 4.60 4.96 5.62 5.18 5.55 5.69 4.96 5.77 5.91 7.30 9.71 9.64 9.64 11.90 14.53 12.99 12.78 12.19 12.92 9.13 10.51 9.78 12.34 10.15 8.83 4.74 4.60 4.60
3.80 3.50 3.43 3.36 0.00 2.99 0.00 0.00 1.31 0.00 1.68 1.10 0.00 0.58 1.46 2.12 0.00 0.00 0.00 0.00 0.00 5.33 5.40 3.87 3.36 3.58 3.29 2.92 2.63 2.85 2.99 2.85 3.07 2.99 3.80 3.58 3.50 3.94 3.72 3.80 3.58 3.65 4.02 4.02 3.72 3.94 4.67 4.53 5.55 5.33 6.64 6.72 6.94 5.26 5.11 5.69 7.81 7.59 5.26 5.26 5.62 4.82 4.96 5.99 7.96 12.41 11.90 15.04 15.04 16.57 16.50 18.18 13.51 14.31 8.83 10.15 9.05 12.19 11.75 11.10 8.76 8.91 6.28 5.40
3.80 3.50 3.43 3.36 0.00 2.99 0.00 0.00 1.31 0.00 1.68 1.10 0.00 0.58 1.46 2.12 0.00 0.00 0.00 0.00 0.00 5.33 5.40 3.87 3.36 3.58 3.29 2.92 2.63 2.85 2.99 2.85 3.07 2.99 3.80 3.58 3.50 3.94 3.72 3.80 3.58 3.65 4.02 4.02 3.72 3.94 4.67 4.53 5.55 5.33 6.64 6.72 6.94 5.26 5.11 5.69 7.81 7.59 5.26 5.26 5.62 4.82 4.96 5.99 7.96 12.41 11.90 15.04 15.04 16.57 16.50 18.18 13.51 14.31 8.83 10.15 9.05 12.19 11.75 11.10 8.76 8.91 6.28 5.40
3.29 2.56 2.41 2.70 0.00 0.00 1.46 1.31 1.83 1.61 1.68 1.24 0.00 0.00 0.00 0.00 0.00 0.00 0.00 0.00 5.04 4.96 4.96 4.31 2.92 2.48 2.56 2.48 2.77 3.21 3.43 3.72 4.60 4.96 3.50 6.64 5.33 6.35 5.99 6.79 7.15 7.37 4.45 4.45 5.33 3.58 4.23 3.29 3.65 3.72 4.45 5.40 4.31 4.60 4.16 5.84 5.40 8.76 5.62 5.62 5.55 5.55 6.42 6.13 7.74 12.41 16.06 14.97 14.97 19.05 19.86 19.64 18.25 10.00 11.17 7.45 8.03 7.74 11.53 12.05 9.34 10.73 10.44 10.37
2.34 2.48 2.26 0.00 1.39 1.31 2.04 3.58 3.43 3.36 4.82 0.00 4.02 4.23 4.09 4.23 0.00 4.02 4.02 2.63 3.36 2.70 3.94 3.50 3.07 2.34 2.99 2.77 3.14 5.77 8.54 8.61 6.50 7.74 7.66 7.15 6.28 6.64 7.15 5.11 5.48 4.23 3.80 3.80 2.77 2.41 3.07 2.92 3.07 2.34 2.48 2.85 2.63 3.29 4.23 3.87 5.77 5.48 5.77 5.62 8.32 8.32 8.69 9.13 10.51 9.93 15.04 17.81 17.81 17.16 19.71 18.40 19.27 12.70 9.20 8.91 7.30 5.99 4.96 3.94 6.20 8.61 9.20 8.76
2.56 2.85 1.97 0.00 1.17 2.85 2.70 3.43 4.31 5.26 5.33 3.80 4.53 4.16 3.72 2.99 2.77 2.85 2.85 2.26 2.19 2.92 3.43 3.14 3.36 3.94 3.65 6.50 9.20 8.69 10.37 11.68 12.05 8.91 7.01 7.30 2.77 2.56 2.48 3.36 3.43 1.39 2.41 2.41 2.48 2.70 2.63 3.50 2.85 2.77 3.94 3.14 3.36 3.50 4.09 3.87 3.87 4.53 4.02 3.72 5.48 6.50 6.28 7.37 10.51 15.04 14.24 17.81 17.81 19.78 19.56 17.59 12.19 13.51 10.15 8.61 10.73 0.07 0.00 0.00 4.45 6.13 5.69 8.83
2.19 2.63 2.41 2.04 2.34 1.61 2.19 2.19 3.50 3.07 4.45 4.31 3.80 3.65 3.50 2.26 4.60 3.21 3.21 2.48 2.77 2.56 4.45 6.28 5.62 5.40 6.72 5.99 8.83 10.29 8.98 12.05 9.93 6.72 7.30 5.84 2.12 1.61 2.04 2.99 2.85 3.07 2.85 2.85 4.23 5.55 4.53 4.09 4.02 3.65 3.80 3.07 4.82 4.96 5.33 6.35 4.60 4.89 3.50 4.23 3.87 5.26 6.28 6.13 7.81 10.51 13.29 12.78 12.78 15.40 13.51 14.53 8.76 7.37 8.25 7.81 2.63 0.00 0.00 0.88 0.00 6.28 7.15 5.84
2.19 2.63 2.41 2.04 2.34 1.61 2.19 2.19 3.50 3.07 4.45 4.31 3.80 3.65 3.50 2.26 4.60 3.21 3.21 2.48 2.77 2.56 4.45 6.28 5.62 5.40 6.72 5.99 8.83 10.29 8.98 12.05 9.93 6.72 7.30 5.84 2.12 1.61 2.04 2.99 2.85 3.07 2.85 2.85 4.23 5.55 4.53 4.09 4.02 3.65 3.80 3.07 4.82 4.96 5.33 6.35 4.60 4.89 3.50 4.23 3.87 5.26 6.28 6.13 7.81 10.51 13.29 12.78 12.78 15.40 13.51 14.53 8.76 7.37 8.25 7.81 2.63 0.00 0.00 0.88 0.00 6.28 7.15 5.84
2.41 2.48 2.85 2.63 2.48 2.70 2.12 2.41 2.26 2.85 4.82 5.48 4.23 4.74 5.33 6.28 5.69 4.82 4.82 2.34 2.70 2.70 2.48 5.33 5.48 6.13 6.28 5.77 4.67 8.10 10.37 9.78 11.83 8.18 4.67 4.96 4.67 3.21 2.63 4.02 4.60 5.18 5.26 5.26 5.40 5.33 3.87 1.10 2.92 2.41 3.50 4.09 5.69 4.74 4.74 6.06 4.45 3.87 4.23 4.60 8.69 8.69 6.28 5.84 5.62 7.96 11.75 15.55 15.55 14.67 14.45 8.98 9.93 7.88 7.01 4.23 0.00 0.00 0.00 0.88 6.28 5.48 6.06 10.73
1.83 1.53 2.77 2.19 3.21 3.07 2.48 2.56 2.99 2.56 3.29 6.72 7.81 8.10 7.59 7.81 6.20 5.33 5.33 5.99 3.72 1.90 2.99 4.31 3.58 5.77 5.77 4.82 5.26 6.79 9.78 12.70 12.41 11.75 7.01 5.69 6.13 3.87 2.99 1.97 2.26 3.50 3.72 3.72 1.97 0.00 0.58 0.00 0.00 0.00 2.19 2.19 2.48 3.94 3.87 4.89 4.89 5.69 8.83 8.47 11.17 12.34 13.29 7.96 8.03 11.02 9.78 12.34 12.34 17.16 11.32 13.14 7.01 6.57 4.09 5.18 0.00 0.00 0.00 1.02 0.22 1.83 1.68 1.61
0.80 0.22 1.53 1.10 2.56 2.77 2.48 2.70 2.63 5.26 4.31 5.18 6.57 7.30 5.11 6.20 7.52 7.81 7.81 7.66 5.69 5.69 3.80 4.45 7.30 7.52 6.57 6.50 5.91 6.06 7.66 6.94 9.49 10.44 8.83 3.87 1.61 0.73 0.00 0.37 0.00 1.61 0.95 0.95 1.31 0.00 0.00 0.00 0.00 0.00 0.44 0.00 0.00 3.21 3.72 5.62 5.11 7.15 9.34 11.90 10.95 13.87 10.44 10.88 8.91 11.46 15.70 15.04 15.04 16.43 8.32 9.34 3.50 5.18 2.85 0.37 0.00 0.00 0.00 0.44 0.00 0.73 1.68 1.53
0.00 0.22 0.73 1.17 1.17 1.53 1.68 2.41 1.90 5.04 4.53 5.18 5.77 4.16 4.38 4.89 6.72 7.59 7.59 8.03 6.94 7.37 4.45 9.86 8.61 12.05 9.71 10.22 5.11 3.36 3.14 3.72 2.48 5.04 5.69 2.48 0.88 0.00 0.00 0.00 0.00 0.00 0.07 0.07 0.80 0.00 0.00 0.00 0.00 0.07 0.00 1.10 2.41 2.12 4.45 8.61 7.23 7.08 8.54 9.64 7.88 8.18 8.83 9.20 8.76 10.88 12.70 7.96 7.96 9.20 5.77 2.41 2.77 0.66 0.95 1.24 0.00 0.00 0.00 0.00 0.00 0.29 0.07 0.88
0.00 0.00 0.80 1.53 0.80 0.80 2.48 3.14 4.89 3.65 1.24 2.34 4.60 3.87 5.11 6.20 6.06 7.37 7.37 9.49 12.34 12.63 12.63 11.83 15.55 14.97 11.61 12.12 13.36 6.28 3.21 2.12 1.75 2.19 4.31 4.89 0.29 0.15 0.00 0.00 0.00 0.95 0.44 0.44 0.51 0.58 0.58 0.00 0.00 0.00 0.00 0.73 2.48 5.18 9.13 8.61 9.42 8.83 9.49 7.23 5.69 5.77 7.59 7.81 8.40 8.10 9.64 6.06 6.06 2.77 2.99 1.75 0.29 0.51 0.15 0.00 0.15 0.00 0.00 0.00 0.00 0.51 0.00 0.00
0.00 0.00 0.80 1.53 0.80 0.80 2.48 3.14 4.89 3.65 1.24 2.34 4.60 3.87 5.11 6.20 6.06 7.37 7.37 9.49 12.34 12.63 12.63 11.83 15.55 14.97 11.61 12.12 13.36 6.28 3.21 2.12 1.75 2.19 4.31 4.89 0.29 0.15 0.00 0.00 0.00 0.95 0.44 0.44 0.51 0.58 0.58 0.00 0.00 0.00 0.00 0.73 2.48 5.18 9.13 8.61 9.42 8.83 9.49 7.23 5.69 5.77 7.59 7.81 8.40 8.10 9.64 6.06 6.06 2.77 2.99 1.75 0.29 0.51 0.15 0.00 0.15 0.00 0.00 0.00 0.00 0.51 0.00 0.00
0.88 0.58 0.58 0.80 1.02 4.16 2.19 5.91 5.55 4.53 1.75 2.26 2.34 2.41 5.40 7.88 8.54 8.10 8.10 9.56 11.02 14.24 14.75 16.57 16.50 16.57 15.11 14.38 14.67 9.78 4.09 2.19 1.31 1.39 2.70 0.00 0.00 0.00 0.00 0.00 0.00 0.00 0.29 0.29 0.00 0.00 0.00 0.00 0.00 0.00 0.00 0.00 1.53 4.45 7.23 6.64 6.72 6.86 5.11 4.38 5.33 6.13 6.50 6.13 7.59 6.57 4.60 5.11 5.11 3.72 4.53 4.53 0.66 0.58 0.07 0.15 0.00 0.00 0.00 0.00 0.00 0.00 0.07 0.00
1.46 0.66 0.95 1.02 1.75 3.07 6.28 6.20 5.69 4.16 4.31 1.46 0.95 2.85 5.77 7.74 8.61 9.64 9.64 9.56 9.49 11.90 13.43 16.46 13.57 15.81 14.23 13.72 12.26 6.79 7.30 5.48 0.95 1.90 0.66 0.37 0.00 0.00 1.46 1.24 0.88 1.10 0.00 0.00 0.07 0.00 0.00 0.00 0.00 0.00 0.00 0.00 1.68 1.46 0.00 3.72 2.41 1.61 3.94 6.86 5.40 5.55 5.55 7.66 7.59 7.81 5.18 4.67 4.67 4.45 4.96 3.36 4.16 0.80 0.58 0.00 0.07 0.00 0.00 0.00 0.00 0.00 0.00 0.00
2.12 2.56 2.04 1.97 1.97 1.97 2.70 4.53 5.04 0.00 0.00 0.73 0.44 2.63 5.62 4.82 8.83 8.91 8.91 6.79 11.39 13.51 13.43 12.51 16.41 14.38 17.80 17.01 15.55 13.14 5.84 7.37 5.33 2.19 1.61 0.44 0.00 0.15 0.00 0.88 0.22 0.00 0.29 0.29 0.15 0.00 0.00 0.00 0.00 0.00 0.00 0.00 0.00 0.00 0.00 0.00 0.00 0.00 0.00 6.13 7.59 6.28 6.06 7.45 5.62 4.45 4.74 5.11 5.11 4.89 5.11 3.58 1.46 1.02 1.10 0.73 0.15 0.22 0.00 0.00 0.00 0.00 0.00 0.00
2.85 2.92 2.63 1.46 1.39 2.41 1.68 3.29 0.88 0.00 0.00 0.00 0.00 0.00 1.83 1.17 5.33 1.83 1.83 4.16 7.88 3.85 10.46 8.96 13.62 11.95 17.84 16.37 15.35 16.46 8.40 8.76 9.64 3.43 2.34 1.10 1.75 0.88 0.29 0.88 0.51 0.07 0.22 0.22 0.00 0.00 0.00 0.00 0.00 0.00 0.00 0.00 0.00 0.00 0.00 0.00 0.00 0.00 4.09 8.18 7.52 10.51 8.69 8.69 7.74 8.10 6.57 6.20 6.20 5.69 5.91 3.58 2.63 1.02 0.73 0.73 1.24 0.29 0.00 0.00 0.00 0.00 0.00 0.29
2.85 4.09 4.45 2.85 2.34 1.17 0.44 1.02 0.88 0.00 0.00 0.00 0.00 0.00 0.00 0.00 0.00 1.68 1.68 2.22 3.83 0.44 4.44 0.00 8.45 6.57 13.85 14.60 18.62 16.59 16.07 13.87 10.51 11.83 9.93 5.91 8.54 2.48 1.10 1.24 0.00 0.58 0.00 0.00 0.00 0.00 0.00 0.00 0.00 0.00 0.00 0.00 0.00 0.00 0.00 0.00 0.00 0.00 0.00 7.08 9.71 9.13 10.59 10.51 10.73 10.80 12.56 8.40 8.40 8.61 7.08 4.96 2.34 1.90 1.46 1.53 1.75 0.51 0.22 0.22 0.37 0.07 0.00 0.44
2.85 4.09 4.45 2.85 2.34 1.17 0.44 1.02 0.88 0.00 0.00 0.00 0.00 0.00 0.00 0.00 0.00 1.68 1.69 2.29 3.89 0.48 4.33 0.00 8.32 6.57 13.43 13.57 17.40 16.85 16.23 14.45 11.81 12.51 10.18 5.91 8.54 2.48 1.10 1.24 0.00 0.58 0.00 0.00 0.00 0.00 0.00 0.00 0.00 0.00 0.00 0.00 0.00 0.00 0.00 0.00 0.00 0.00 0.00 7.08 9.71 9.13 10.59 10.51 10.73 10.80 12.56 8.40 8.40 8.61 7.08 4.96 2.34 1.90 1.46 1.53 1.75 0.51 0.22 0.22 0.37 0.07 0.00 0.44
5.40 6.13 5.48 2.56 2.92 1.24 0.22 0.00 0.00 0.00 0.00 0.00 0.00 0.00 0.00 0.00 0.00 1.68 1.68 0.00 0.00 0.00 0.00 0.00 3.14 3.47 2.88 8.80 5.26 12.84 8.04 8.93 17.66 18.02 14.83 15.28 12.61 6.20 2.04 2.04 1.31 0.00 0.29 0.29 0.00 0.00 0.00 0.00 0.00 0.00 0.00 0.00 0.00 0.00 0.00 0.00 0.00 0.00 0.00 0.00 6.28 7.96 6.35 10.44 12.99 12.70 13.43 10.37 10.37 7.37 7.96 4.53 1.53 2.92 2.56 1.97 1.39 1.53 1.17 1.10 0.29 0.80 0.37 0.51
4.60 4.45 5.69 4.89 2.34 2.48 1.31 0.00 0.00 0.00 0.00 0.00 0.00 0.00 0.00 0.00 2.48 3.14 3.14 0.88 1.39 0.00 0.00 0.00 0.00 0.44 0.00 0.83 0.45 6.34 4.31 4.53 15.11 15.73 14.76 16.73 16.01 10.64 9.64 6.13 1.97 1.02 1.02 1.02 0.00 0.00 0.00 0.07 0.00 0.00 0.00 0.00 0.00 0.00 0.00 0.00 0.00 0.00 0.00 0.00 0.00 3.80 7.30 5.33 13.94 12.26 10.07 9.71 9.71 6.42 3.50 4.53 1.39 2.85 2.70 2.56 1.97 1.75 1.24 1.17 1.46 1.10 0.22 0.15
4.53 3.94 5.33 5.69 4.16 4.16 4.67 0.22 1.97 2.56 2.85 0.58 0.00 0.07 3.14 4.23 3.87 3.72 3.72 2.70 2.99 1.31 1.39 0.95 0.95 0.00 0.00 0.00 0.31 0.15 1.39 4.67 6.79 10.59 9.76 11.51 14.84 13.29 13.21 9.42 6.42 7.01 2.04 2.04 0.07 0.00 0.00 0.00 0.73 0.00 0.00 0.00 0.00 0.00 0.00 0.00 0.00 0.00 0.00 0.00 0.00 0.00 4.02 6.20 5.77 10.29 7.08 5.33 5.33 5.62 2.19 0.00 1.68 1.83 1.97 2.85 2.26 2.41 2.26 2.19 2.63 1.10 2.56 3.65
2.92 2.26 5.33 4.96 5.48 4.23 4.74 3.14 4.31 4.96 3.94 2.48 1.10 3.65 5.18 5.26 2.34 1.61 1.61 3.36 3.36 1.10 1.24 1.10 0.00 0.00 0.00 0.88 0.95 3.21 1.39 3.07 2.85 5.11 4.53 11.32 14.16 14.98 14.82 12.61 7.81 9.05 4.53 4.53 3.94 1.17 0.00 0.66 0.80 1.68 0.00 0.00 0.00 0.00 0.00 0.00 0.00 0.00 0.07 0.00 0.00 0.00 0.00 3.29 3.36 2.99 4.82 4.82 4.82 2.41 2.85 0.00 0.00 1.61 1.61 2.63 1.97 2.12 1.90 2.77 2.77 3.50 3.65 3.65
0.73 0.00 3.50 0.00 0.00 0.00 4.09 0.00 0.00 0.00 0.00 3.94 3.50 4.67 4.89 3.43 0.58 0.00 0.00 0.00 0.00 0.00 0.58 1.31 0.66 0.58 2.12 1.99 2.41 3.94 2.77 2.85 1.83 0.00 0.00 5.11 8.98 12.19 8.67 10.41 8.95 7.96 6.28 6.28 6.79 2.48 2.77 1.31 1.61 1.39 1.24 1.17 0.80 0.00 0.00 0.00 0.00 0.73 0.73 1.61 1.17 0.73 0.88 0.00 0.00 0.00 0.00 0.00 0.00 0.00 0.00 0.00 0.00 1.39 1.17 0.00 1.53 1.31 1.68 2.04 1.75 3.29 3.80 3.94
0.00 0.00 0.00 0.00 0.00 3.21 0.00 0.00 0.00 2.77 1.83 2.85 4.09 1.90 0.66 0.88 0.00 0.00 0.00 0.00 0.00 0.00 0.00 0.00 0.00 0.00 3.21 0.00 4.67 4.16 7.94 4.26 6.32 4.16 0.00 3.07 4.38 2.73 6.13 6.28 3.17 5.91 5.69 5.69 3.72 2.85 3.07 1.68 3.36 1.24 1.61 2.26 1.10 0.15 0.00 0.00 0.00 0.00 0.00 0.00 1.97 0.95 0.80 1.39 0.00 0.00 0.00 0.00 0.00 0.00 0.00 0.00 0.00 0.00 0.00 0.00 0.00 0.00 0.00 0.95 1.10 1.68 2.70 3.43
0.00 0.00 0.00 0.00 0.00 3.21 0.00 0.00 0.00 2.77 1.83 2.85 4.09 1.90 0.66 0.88 0.00 0.00 0.00 0.00 0.00 0.00 0.00 0.00 0.00 0.00 3.21 0.00 4.60 4.02 7.66 4.23 6.13 4.16 0.00 3.08 4.38 2.71 6.19 6.28 3.14 5.91 5.69 5.69 3.72 2.85 3.07 1.68 3.36 1.24 1.61 2.26 1.10 0.15 0.00 0.00 0.00 0.00 0.00 0.00 1.97 0.95 0.80 1.39 0.00 0.00 0.00 0.00 0.00 0.00 0.00 0.00 0.00 0.00 0.00 0.00 0.00 0.00 0.00 0.95 1.10 1.68 2.70 3.43
4.16 0.00 0.00 0.00 0.00 2.19 0.00 0.00 5.41 3.80 2.92 2.56 2.99 2.12 0.00 0.00 0.00 0.00 0.00 0.00 0.00 0.00 0.00 0.00 0.00 0.00 0.00 2.19 4.45 8.03 7.81 6.35 5.40 5.69 3.07 0.00 2.12 2.19 1.69 1.39 1.24 1.68 1.97 1.97 2.19 1.83 1.68 1.61 3.65 2.92 2.70 0.80 1.17 0.95 1.10 0.00 0.00 0.00 0.00 0.00 1.31 1.46 1.31 0.00 0.80 0.00 0.00 0.00 0.00 0.00 0.00 0.00 0.00 0.00 0.00 0.00 0.00 0.00 0.00 0.00 0.00 1.10 1.02 1.10
