Wansh/Snow_depth/snowdepth-1995/winter/1995362.txt
ncols 321
nrows 161
xllcenter 60
yllcenter 15 
cellsize  0.25 
NODATA_value -1
[rows 0 to 36 of 161, columns 84 to 167 of 321]
6.20 6.64 6.06 6.06 5.48 2.63 1.97 2.41 2.12 3.80 6.35 5.69 6.28 6.35 4.60 2.85 3.65 2.34 2.34 2.63 2.99 0.51 0.51 0.51 1.10 0.80 1.53 1.61 0.95 1.39 1.53 0.88 1.31 1.31 0.00 0.00 0.37 0.00 0.00 0.00 0.00 0.00 0.44 0.44 0.22 0.00 0.00 0.00 0.00 0.00 0.00 0.00 0.00 0.00 0.00 0.00 0.00 0.00 0.00 0.00 0.00 0.00 0.00 0.00 0.00 0.00 0.00 0.00 0.00 0.00 0.00 0.00 0.00 0.00 0.00 0.00 0.00 0.00 0.51 1.61 1.75 0.44 0.51 0.51
6.28 5.55 5.18 5.55 4.16 0.00 0.00 2.26 1.61 3.87 5.26 5.48 5.04 3.50 2.56 2.77 2.63 1.83 1.83 1.75 1.97 1.68 1.90 1.68 1.83 0.88 2.56 2.41 1.83 1.97 1.53 1.24 0.95 0.00 0.00 0.00 0.00 0.00 0.00 0.15 2.19 2.99 2.70 2.70 2.12 4.96 2.99 0.00 0.00 2.34 2.12 2.41 0.00 1.02 0.00 1.10 0.00 0.00 0.00 0.00 0.00 0.00 0.00 0.00 0.00 0.00 0.00 0.00 0.00 0.00 0.00 0.00 0.00 0.00 0.00 0.00 0.00 3.50 2.19 2.56 2.48 2.41 4.02 3.36
5.48 5.11 5.69 4.23 3.87 2.48 3.94 4.53 4.60 4.38 5.91 4.96 4.74 4.96 4.09 2.56 2.19 2.19 2.19 1.31 1.53 2.48 1.97 3.29 3.29 3.50 2.99 2.48 3.21 2.56 1.24 1.68 0.58 1.10 0.88 0.00 0.15 1.68 1.46 1.97 2.70 2.26 3.58 3.58 7.66 6.50 4.31 6.86 0.00 0.00 0.00 1.39 1.17 1.24 1.75 2.63 2.41 3.50 2.56 2.63 2.41 4.53 4.38 3.07 3.29 4.02 0.00 3.65 3.65 3.29 0.00 0.00 0.00 0.00 0.00 0.00 4.96 5.04 4.67 4.74 4.74 4.53 4.67 3.72
5.48 5.11 5.69 4.23 3.87 2.48 3.94 4.53 4.60 4.38 5.91 4.96 4.74 4.96 4.09 2.56 2.19 2.19 2.19 1.31 1.53 2.48 1.97 3.29 3.29 3.50 2.99 2.48 3.21 2.56 1.24 1.68 0.58 1.10 0.88 0.00 0.15 1.68 1.46 1.97 2.70 2.26 3.58 3.58 7.66 6.50 4.31 6.86 0.00 0.00 0.00 1.39 1.17 1.24 1.75 2.63 2.41 3.50 2.56 2.63 2.41 4.53 4.38 3.07 3.29 4.02 0.00 3.65 3.65 3.29 0.00 0.00 0.00 0.00 0.00 0.00 4.96 5.04 4.67 4.74 4.74 4.53 4.67 3.72
3.65 3.87 3.43 2.41 3.36 4.23 4.02 4.09 5.33 4.82 4.38 4.45 5.62 5.11 4.53 3.65 4.60 2.26 2.26 2.85 1.68 2.48 3.07 2.41 2.85 2.92 2.99 3.21 3.43 2.99 2.56 1.75 1.83 1.75 2.04 0.00 1.10 1.61 1.39 3.43 2.41 2.70 3.50 3.50 5.26 7.01 7.08 7.45 0.00 0.00 0.00 0.00 0.00 1.17 0.00 1.75 1.53 1.61 3.21 5.04 4.60 5.55 5.62 5.69 6.06 7.74 7.45 7.15 7.15 4.89 5.18 4.96 0.00 0.00 0.00 0.00 0.00 5.33 5.55 4.96 4.67 4.89 4.82 4.96
5.18 3.72 2.99 3.72 3.21 2.99 2.85 2.56 4.09 4.67 4.31 5.11 5.77 6.20 6.20 5.99 5.33 2.70 2.70 2.77 2.04 3.36 2.26 2.99 3.29 3.80 3.72 3.29 3.21 3.29 2.92 3.07 3.72 1.53 2.56 1.02 0.80 0.58 1.10 0.58 0.95 2.41 1.61 1.61 3.36 5.04 0.00 0.00 0.00 0.00 0.00 0.00 0.00 0.73 0.88 1.39 1.39 3.29 2.85 4.23 5.48 5.69 7.52 10.00 10.15 7.66 6.06 6.42 6.42 6.79 5.77 5.69 6.20 6.28 6.57 0.00 0.00 0.00 4.60 4.53 5.69 6.28 6.50 5.99
5.26 3.87 4.09 4.38 3.58 3.72 4.67 2.41 4.60 1.53 3.94 3.80 4.74 6.42 5.48 5.48 4.82 4.82 4.82 3.07 4.02 2.12 3.72 5.11 4.16 4.23 4.02 3.29 2.77 4.60 4.67 4.67 5.18 2.77 2.63 0.00 0.00 0.00 0.00 0.00 1.10 1.97 0.00 0.00 0.00 0.00 0.00 0.00 0.00 0.00 0.00 1.68 0.51 0.37 2.04 2.77 2.99 3.36 5.26 5.26 7.08 10.73 9.56 12.41 10.66 11.17 10.95 8.03 8.03 8.25 8.32 10.66 8.03 7.23 7.74 8.25 5.04 5.11 4.67 4.96 4.96 5.77 6.50 7.15
5.26 3.87 4.09 4.38 3.58 3.72 4.67 2.41 4.60 1.53 3.94 3.80 4.74 6.42 5.48 5.48 4.82 4.82 4.82 3.07 4.02 2.12 3.72 5.11 4.16 4.23 4.02 3.29 2.77 4.60 4.67 4.67 5.18 2.77 2.63 0.00 0.00 0.00 0.00 0.00 1.10 1.97 0.00 0.00 0.00 0.00 0.00 0.00 0.00 0.00 0.00 1.68 0.51 0.37 2.04 2.77 2.99 3.36 5.26 5.26 7.08 10.73 9.56 12.41 10.66 11.17 10.95 8.03 8.03 8.25 8.32 10.66 8.03 7.23 7.74 8.25 5.04 5.11 4.67 4.96 4.96 5.77 6.50 7.15
3.65 3.94 4.74 5.40 4.31 4.45 5.26 4.60 3.36 3.43 3.58 3.21 4.38 3.87 4.45 5.48 2.99 3.36 3.36 4.23 4.02 4.09 6.50 5.48 4.67 4.45 5.18 4.60 4.74 4.60 5.04 4.89 3.94 2.63 3.43 0.00 0.00 0.00 0.00 0.00 2.12 1.39 0.00 0.00 0.00 1.24 0.00 0.00 0.00 2.12 2.63 2.34 4.60 2.63 3.29 3.43 3.87 4.23 4.38 5.69 5.11 8.76 8.25 8.03 10.44 11.39 10.29 9.56 9.56 9.49 9.05 11.83 12.19 9.93 9.05 7.88 8.25 7.88 9.42 5.11 4.96 5.26 4.45 7.23
3.58 3.72 5.26 4.82 4.67 4.38 4.60 4.60 4.31 2.63 1.83 1.46 2.77 2.41 4.16 2.77 2.41 3.65 3.65 4.38 5.48 4.74 5.18 6.50 5.77 4.09 5.04 4.60 5.04 5.11 4.74 4.31 4.82 0.00 0.00 0.00 0.00 0.00 0.00 2.48 0.80 2.63 2.56 2.56 2.12 1.61 3.65 3.80 3.58 5.26 5.91 5.26 5.48 3.87 4.09 3.80 4.38 4.89 5.04 4.60 4.60 4.53 5.77 5.62 4.89 8.10 10.37 9.93 9.93 14.31 12.92 12.48 13.07 10.88 11.83 8.03 9.49 8.69 10.88 8.47 9.34 4.96 4.16 4.09
4.53 4.31 4.16 0.00 4.09 3.58 2.99 3.07 3.72 2.04 1.97 1.75 1.02 1.97 2.48 3.21 2.99 4.45 4.45 6.57 5.77 6.72 6.06 4.60 5.11 4.96 4.09 4.16 3.80 3.58 3.72 4.09 4.23 0.00 0.00 0.00 0.00 0.00 0.00 2.99 4.38 4.16 2.99 2.99 2.77 3.87 4.23 4.23 4.16 4.09 3.94 5.33 3.94 3.80 3.80 5.69 5.77 6.06 7.30 7.66 5.48 6.06 6.06 4.96 8.18 7.81 13.65 17.16 17.16 16.50 19.71 20.00 15.04 12.12 7.45 8.76 8.54 11.32 11.32 8.91 6.13 6.42 5.69 6.86
4.53 4.31 4.16 0.00 4.09 3.58 2.99 3.07 3.72 2.04 1.97 1.75 1.02 1.97 2.48 3.21 2.99 4.45 4.45 6.57 5.77 6.72 6.06 4.60 5.11 4.96 4.09 4.16 3.80 3.58 3.72 4.09 4.23 0.00 0.00 0.00 0.00 0.00 0.00 2.99 4.38 4.16 2.99 2.99 2.77 3.87 4.23 4.23 4.16 4.09 3.94 5.33 3.94 3.80 3.80 5.69 5.77 6.06 7.30 7.66 5.48 6.06 6.06 4.96 8.18 7.81 13.65 17.16 17.16 16.50 19.71 20.00 15.04 12.12 7.45 8.76 8.54 11.32 11.32 8.91 6.13 6.42 5.69 6.86
3.58 4.60 4.45 3.50 0.00 0.00 2.48 2.12 1.68 1.53 1.24 1.83 1.68 2.26 3.87 5.33 6.13 5.77 5.77 7.01 6.64 7.01 6.72 4.67 5.26 4.09 4.38 3.65 3.58 4.38 4.09 4.16 3.87 0.00 2.92 3.94 5.33 7.01 4.96 6.57 5.91 5.48 4.31 4.31 2.70 3.21 3.07 1.75 2.41 2.41 3.29 2.85 2.92 2.77 2.92 6.64 7.81 7.37 9.71 8.54 8.61 7.37 7.01 7.23 8.25 12.56 11.75 16.06 16.06 21.10 21.46 21.61 19.05 20.08 10.22 7.59 7.52 8.76 10.00 9.27 8.54 9.20 8.69 9.49
1.24 2.19 3.07 0.00 2.19 2.77 2.48 1.31 3.14 3.72 3.80 3.43 6.06 6.42 5.99 5.62 4.67 4.38 4.38 4.16 6.94 5.11 4.82 4.53 4.45 3.43 3.72 5.26 4.31 5.04 6.86 4.45 6.13 5.99 7.59 7.37 8.25 7.30 5.91 3.43 4.09 4.38 3.65 3.65 2.70 2.12 1.83 1.46 3.21 2.48 2.26 2.48 3.29 3.14 3.50 3.14 5.55 5.69 5.91 7.59 8.10 7.74 8.25 10.00 9.86 11.39 16.57 18.98 18.98 17.74 19.56 19.78 20.81 13.29 9.71 9.64 6.86 6.79 6.79 7.08 7.45 6.86 6.86 8.47
1.53 2.56 0.00 3.36 2.99 2.99 3.14 0.00 2.77 4.23 4.82 6.35 6.20 5.69 6.35 4.16 4.60 2.41 2.41 2.92 2.92 4.31 3.87 4.60 6.13 5.04 5.26 6.86 9.64 12.63 11.97 12.05 9.93 7.88 7.08 5.91 2.92 2.77 2.48 2.04 2.26 2.77 3.36 3.36 3.07 2.77 4.02 3.21 3.65 3.14 4.53 4.16 4.16 4.31 4.09 6.06 4.60 5.26 4.02 6.94 6.57 7.30 7.23 9.86 12.12 12.41 14.38 15.91 15.91 17.89 17.52 14.60 12.48 13.36 10.59 7.52 9.20 0.00 0.00 0.58 5.48 5.84 5.91 7.45
2.34 0.00 3.50 3.29 2.77 2.77 1.68 2.19 2.92 3.87 3.65 4.09 3.87 5.69 4.45 3.14 1.97 1.97 1.97 1.83 3.50 4.60 6.13 9.05 7.88 8.76 7.08 7.37 8.47 12.78 12.34 12.56 11.68 7.81 6.50 3.87 2.70 2.19 3.94 3.43 3.43 4.02 4.31 4.31 5.55 4.38 4.60 4.67 4.53 4.82 4.74 5.11 5.40 5.40 5.33 7.23 7.15 5.18 3.94 4.16 4.23 5.33 6.64 6.79 9.64 11.17 13.43 12.85 12.85 17.67 14.75 15.99 8.61 8.40 7.81 8.69 0.00 2.41 0.00 0.00 5.18 4.31 3.80 4.82
2.34 0.00 3.50 3.29 2.77 2.77 1.68 2.19 2.92 3.87 3.65 4.09 3.87 5.69 4.45 3.14 1.97 1.97 1.97 1.83 3.50 4.60 6.13 9.05 7.88 8.76 7.08 7.37 8.47 12.78 12.34 12.56 11.68 7.81 6.50 3.87 2.70 2.19 3.94 3.43 3.43 4.02 4.31 4.31 5.55 4.38 4.60 4.67 4.53 4.82 4.74 5.11 5.40 5.40 5.33 7.23 7.15 5.18 3.94 4.16 4.23 5.33 6.64 6.79 9.64 11.17 13.43 12.85 12.85 17.67 14.75 15.99 8.61 8.40 7.81 8.69 0.00 2.41 0.00 0.00 5.18 4.31 3.80 4.82
2.04 0.00 3.36 2.70 3.21 2.99 1.24 1.39 1.83 2.77 5.04 5.69 5.62 5.18 7.81 4.60 8.76 4.96 4.96 5.62 4.38 3.21 4.89 6.86 7.37 7.52 6.20 6.42 7.15 6.35 11.39 12.63 10.88 7.81 8.76 3.72 2.77 3.43 3.58 4.74 4.38 5.11 5.84 5.84 5.99 4.60 3.07 3.80 3.87 2.92 5.40 4.67 6.20 7.37 7.37 7.30 6.64 6.20 5.18 5.77 11.17 7.66 7.74 8.10 8.40 9.78 12.19 18.03 18.03 16.13 14.75 8.25 9.27 8.69 7.15 7.96 1.97 0.00 0.00 0.00 5.33 3.07 3.14 3.21
2.26 2.34 2.92 3.65 3.58 2.99 2.77 3.07 2.41 3.43 4.89 6.50 9.20 9.64 9.42 9.42 9.20 9.34 9.34 7.15 5.48 2.85 4.31 3.72 6.06 6.64 8.54 7.74 7.74 7.81 10.59 12.85 12.92 9.34 6.72 5.18 2.70 3.72 3.58 1.83 3.80 5.62 5.40 5.40 5.91 3.21 1.90 0.00 1.90 1.97 2.92 3.80 3.43 6.42 5.99 5.62 5.48 7.30 8.76 7.74 12.41 15.26 9.20 10.00 8.83 12.05 10.51 16.94 16.94 18.40 19.35 9.93 8.10 7.81 6.79 1.83 0.00 0.00 0.00 1.31 2.04 1.97 1.53 1.02
1.61 0.44 1.39 0.95 2.56 3.65 1.02 2.04 1.53 2.85 4.67 6.28 7.66 8.83 6.06 7.81 7.45 8.91 8.91 8.91 7.81 6.13 4.45 5.69 8.69 7.96 9.93 7.88 6.72 7.23 8.83 8.83 4.96 6.20 6.42 3.43 3.07 1.10 0.00 0.15 1.17 1.24 4.16 4.16 2.34 3.14 0.66 0.00 0.00 0.00 0.29 3.29 3.87 3.65 5.48 8.03 7.96 7.37 9.20 13.36 12.41 14.89 10.07 9.13 9.42 11.97 16.72 15.77 15.77 17.45 9.05 11.17 3.94 2.48 0.15 1.02 0.00 0.00 0.00 0.00 0.44 0.22 0.58 1.53
0.00 0.73 1.02 1.53 1.97 1.75 2.19 3.50 4.82 5.69 5.91 5.69 5.33 5.77 5.77 6.20 7.45 8.69 8.69 9.34 8.03 7.37 11.17 9.93 10.15 10.07 9.71 12.63 9.78 4.23 3.36 5.18 3.36 4.89 4.96 3.29 0.73 0.00 0.00 0.00 0.37 0.00 2.63 2.63 1.46 0.80 0.88 0.00 1.68 0.29 0.44 1.53 3.58 7.23 9.56 8.83 11.24 9.34 9.42 8.25 10.95 8.18 8.76 7.96 11.02 9.78 14.02 8.61 8.61 10.00 5.48 2.19 2.19 1.53 0.00 0.00 0.00 0.00 0.00 0.00 0.00 0.22 0.66 0.44
0.15 0.51 0.58 1.31 1.53 1.90 2.99 4.89 5.77 5.77 5.11 4.31 6.94 5.84 5.91 6.79 8.69 8.76 8.76 8.61 14.67 14.38 14.97 13.14 15.99 18.69 15.70 12.05 12.05 6.64 2.63 3.07 2.70 2.85 1.46 1.68 0.22 0.00 0.00 0.00 0.00 0.00 0.00 0.00 1.53 0.00 0.00 1.68 1.75 0.00 1.31 1.10 3.36 6.35 8.98 11.90 11.97 9.20 7.23 8.18 5.04 6.42 7.01 6.86 7.74 6.86 10.07 6.06 6.06 2.48 1.90 1.83 0.15 0.00 0.00 0.00 0.00 0.00 0.00 0.00 0.00 0.00 0.00 0.15
0.15 0.51 0.58 1.31 1.53 1.90 2.99 4.89 5.77 5.77 5.11 4.31 6.94 5.84 5.91 6.79 8.69 8.76 8.76 8.61 14.67 14.38 14.97 13.14 15.99 18.69 15.70 12.05 12.05 6.64 2.63 3.07 2.70 2.85 1.46 1.68 0.22 0.00 0.00 0.00 0.00 0.00 0.00 0.00 1.53 0.00 0.00 1.68 1.75 0.00 1.31 1.10 3.36 6.35 8.98 11.90 11.97 9.20 7.23 8.18 5.04 6.42 7.01 6.86 7.74 6.86 10.07 6.06 6.06 2.48 1.90 1.83 0.15 0.00 0.00 0.00 0.00 0.00 0.00 0.00 0.00 0.00 0.00 0.15
0.15 0.29 0.51 0.73 2.26 1.10 1.90 5.04 6.72 6.42 6.72 5.84 4.89 5.55 7.88 7.15 9.49 11.75 11.75 12.63 14.60 13.87 15.91 18.76 18.76 19.35 18.47 15.18 11.97 10.44 4.74 3.58 1.68 1.17 0.00 0.00 0.00 0.00 0.00 0.00 0.22 0.07 0.58 0.58 0.58 0.00 0.00 0.00 0.00 0.00 0.88 0.95 3.87 3.50 5.26 10.37 7.01 6.64 3.29 5.55 5.18 6.64 6.28 8.25 7.88 7.45 5.11 4.89 4.89 3.21 3.80 2.04 2.99 0.00 0.00 0.00 0.00 0.00 0.00 0.00 0.00 0.00 0.00 0.07
1.46 1.97 2.77 2.48 1.46 5.62 5.99 7.88 7.52 7.74 6.50 5.11 3.07 6.20 8.54 8.76 9.49 11.24 11.24 12.05 13.94 16.28 16.94 17.65 17.17 16.86 15.85 15.11 12.99 11.17 9.56 5.40 2.85 0.95 0.51 0.00 0.00 0.00 0.80 0.51 0.73 0.44 0.00 0.00 1.10 0.80 0.00 0.00 0.00 0.00 0.00 0.00 0.00 2.19 2.19 0.00 2.63 2.26 1.75 6.13 6.86 6.86 6.86 8.47 8.10 8.47 5.62 4.60 4.60 4.45 5.91 3.43 0.80 1.17 0.00 0.00 0.00 0.00 0.00 0.00 0.00 0.00 0.00 0.00
2.63 3.72 3.21 2.99 2.56 3.72 4.67 6.42 6.86 0.00 0.00 4.31 3.58 5.55 3.36 6.50 9.27 10.15 10.15 10.51 11.90 15.33 15.77 17.07 20.30 18.32 18.11 17.16 19.35 11.90 12.99 7.23 3.50 4.74 2.12 0.00 0.00 0.00 0.07 0.73 0.00 0.00 0.00 0.00 0.00 0.00 0.00 0.00 0.00 0.00 0.00 0.00 0.00 0.00 0.00 0.00 0.00 1.39 6.13 4.60 7.59 7.52 7.96 8.18 7.52 5.69 6.13 4.67 4.67 5.11 3.58 4.60 1.31 0.15 0.22 0.00 0.00 0.00 0.00 0.00 0.00 0.00 0.00 0.44
4.23 4.31 3.72 4.53 2.77 2.85 3.72 5.04 0.00 0.00 0.00 0.00 0.00 0.00 0.00 6.06 4.38 7.01 7.01 5.91 8.18 12.75 7.53 10.84 16.42 17.55 18.08 20.20 16.78 13.33 14.45 10.51 7.81 3.80 6.28 2.34 3.58 0.66 0.00 0.73 0.00 0.15 0.00 0.00 0.00 0.00 0.00 0.00 0.00 0.00 0.00 0.00 0.00 0.00 0.00 0.00 0.00 0.00 5.11 8.47 6.86 9.93 10.00 8.98 10.51 8.69 6.20 5.91 5.91 6.28 4.96 3.94 4.23 1.83 1.02 0.44 0.44 0.15 0.00 0.00 0.00 0.22 0.15 0.15
4.67 5.18 5.33 5.33 0.00 2.85 0.00 0.00 0.00 0.00 0.00 0.00 0.00 0.00 0.00 0.22 1.17 2.12 2.12 0.00 0.00 0.00 6.40 5.04 8.08 6.64 14.68 19.52 17.68 17.99 17.97 15.70 13.36 15.62 10.80 7.15 3.87 2.26 1.02 1.02 0.00 0.00 0.00 0.00 0.00 0.00 0.00 0.00 0.00 0.00 0.00 0.00 0.00 0.00 0.00 0.00 0.00 0.00 0.00 5.33 8.69 7.96 12.63 13.07 12.34 13.14 14.02 13.29 13.29 8.69 9.05 5.62 2.92 2.56 2.34 2.48 1.24 0.00 0.00 0.58 0.88 0.00 0.00 0.00
4.67 5.18 5.33 5.33 0.00 2.85 0.00 0.00 0.00 0.00 0.00 0.00 0.00 0.00 0.00 0.22 1.17 2.12 2.13 0.00 0.00 0.00 6.24 5.17 7.96 6.64 14.24 18.14 16.52 18.27 18.16 16.35 15.01 16.53 11.08 7.15 3.87 2.26 1.02 1.02 0.00 0.00 0.00 0.00 0.00 0.00 0.00 0.00 0.00 0.00 0.00 0.00 0.00 0.00 0.00 0.00 0.00 0.00 0.00 5.33 8.69 7.96 12.63 13.07 12.34 13.14 14.02 13.29 13.29 8.69 9.05 5.62 2.92 2.56 2.34 2.48 1.24 0.00 0.00 0.58 0.88 0.00 0.00 0.00
6.35 6.28 6.13 5.91 3.21 1.46 1.24 0.00 0.00 0.00 0.00 0.00 0.00 0.00 0.00 0.00 1.10 4.09 4.09 2.48 0.00 0.00 0.00 0.00 4.12 2.58 8.63 5.21 12.12 17.02 18.29 17.93 15.70 18.70 17.54 12.25 13.94 6.13 1.31 1.10 2.04 0.07 0.00 0.00 0.00 0.00 0.00 0.00 0.00 0.00 0.00 0.00 0.00 0.00 0.00 0.00 0.00 0.00 0.00 2.56 5.99 7.59 10.51 9.34 15.77 14.82 15.33 13.36 13.36 11.02 6.57 8.69 3.65 2.70 3.58 3.36 2.26 1.02 1.24 1.24 1.02 0.95 1.61 1.68
5.99 7.52 6.35 5.40 3.36 1.75 0.88 1.83 2.12 0.00 0.00 0.00 0.00 0.00 0.00 2.70 1.10 5.04 5.04 4.84 0.00 0.00 0.00 0.00 0.00 0.00 1.46 0.00 5.21 0.00 7.01 9.64 8.76 16.13 19.25 18.70 17.79 9.76 9.71 3.87 1.02 1.68 3.07 3.07 0.00 0.00 0.00 0.00 0.00 0.00 0.00 0.00 0.00 0.00 0.00 0.00 0.00 0.00 0.00 0.00 0.00 2.92 6.94 11.75 10.59 14.60 12.26 10.44 10.44 11.17 5.62 3.14 4.67 3.29 4.45 3.58 4.09 1.68 1.53 1.61 1.68 1.39 2.12 2.04
4.16 6.42 6.64 5.99 4.23 3.36 4.02 4.09 2.26 3.07 4.89 2.12 0.29 2.70 1.75 5.18 5.40 5.55 5.55 3.72 2.63 1.83 2.26 0.95 0.00 0.00 0.00 0.00 0.00 0.00 0.00 8.10 7.01 10.66 15.75 14.00 16.77 13.65 14.24 9.49 11.17 5.26 6.35 6.35 0.29 0.73 0.00 0.07 0.80 0.66 0.00 0.00 0.00 0.00 0.00 0.00 0.00 0.00 0.00 0.00 0.00 0.00 2.63 8.91 7.52 8.03 10.29 8.32 8.32 4.09 4.89 1.90 2.04 3.29 2.85 4.09 3.65 2.99 2.12 1.83 3.07 4.38 4.09 4.09
4.16 6.13 5.18 5.04 4.38 5.11 4.96 5.91 6.35 5.62 6.06 4.60 4.96 4.38 3.36 6.42 3.50 2.99 2.99 3.14 3.87 2.41 2.63 0.00 1.75 0.00 0.00 0.00 0.00 0.00 0.00 0.00 4.45 6.94 10.44 11.97 16.30 16.79 16.24 16.00 13.94 6.64 5.26 5.26 1.10 1.24 1.75 0.00 1.53 2.19 2.12 1.46 0.00 0.00 0.00 0.00 0.00 0.00 0.00 0.00 0.22 1.24 4.45 3.72 5.11 3.94 0.00 0.00 0.00 0.00 0.00 0.00 1.39 2.26 2.92 3.07 2.85 2.70 1.46 2.41 2.04 4.02 4.31 4.96
0.00 0.00 0.00 4.23 3.07 3.21 4.74 5.18 4.87 5.77 4.09 5.18 5.04 5.33 5.91 2.99 1.39 1.39 1.39 1.68 2.26 1.46 1.61 1.02 0.00 0.00 0.00 0.00 0.00 5.33 5.77 4.96 0.00 3.80 5.18 8.10 11.68 7.74 12.45 11.53 12.47 8.69 7.45 7.45 3.87 3.07 3.72 0.88 1.75 1.53 0.95 1.17 0.00 0.00 0.00 0.00 0.00 0.00 1.39 1.10 1.02 1.61 1.83 0.00 0.00 0.00 0.00 0.00 0.00 0.00 0.00 0.00 0.00 0.00 1.68 0.00 1.75 0.00 0.95 1.24 3.43 2.85 4.23 4.31
0.00 0.00 0.00 0.00 0.00 0.00 6.35 4.96 0.00 4.38 3.29 4.31 5.77 3.14 7.15 5.48 0.80 0.73 0.73 0.00 0.00 0.00 0.00 0.00 0.00 0.00 0.00 5.62 6.74 7.87 7.19 8.88 4.82 4.60 4.23 4.60 6.13 3.54 7.37 3.43 6.12 7.08 7.59 7.59 4.16 3.87 2.41 2.48 2.41 2.70 1.53 0.73 0.00 0.00 0.44 0.00 0.00 0.00 0.00 1.90 2.19 2.04 2.12 1.83 1.61 0.00 0.00 0.00 0.00 0.00 0.00 0.00 0.00 0.00 0.00 0.00 0.00 0.00 0.00 0.51 0.66 0.00 0.73 1.46
0.00 0.00 0.00 0.00 0.00 0.00 6.35 4.96 0.00 4.38 3.29 4.31 5.77 3.14 7.15 5.48 0.80 0.73 0.73 0.00 0.00 0.00 0.00 0.00 0.00 0.00 0.00 5.62 6.64 7.59 6.94 8.83 4.67 4.60 4.26 4.62 6.13 3.52 7.45 3.43 6.06 7.08 7.59 7.59 4.16 3.87 2.41 2.48 2.41 2.70 1.53 0.73 0.00 0.00 0.44 0.00 0.00 0.00 0.00 1.90 2.19 2.04 2.12 1.83 1.61 0.00 0.00 0.00 0.00 0.00 0.00 0.00 0.00 0.00 0.00 0.00 0.00 0.00 0.00 0.51 0.66 0.00 0.73 1.46
2.48 3.43 0.00 0.00 0.00 0.00 4.02 7.04 6.15 6.42 3.72 4.16 3.87 2.34 4.31 3.58 0.37 0.00 0.00 0.00 0.00 0.00 0.00 0.00 0.00 0.00 0.00 4.16 7.52 8.91 9.05 8.47 7.59 4.23 2.77 0.00 2.19 2.34 2.71 0.95 2.56 0.00 2.70 2.70 2.04 2.56 1.90 2.63 2.56 2.56 1.83 1.02 1.75 0.80 0.95 0.80 0.00 0.00 0.00 0.00 2.41 1.97 1.39 1.46 0.22 0.37 0.00 0.00 0.00 0.00 0.00 0.00 0.00 0.00 0.00 0.00 0.00 0.00 0.00 0.00 0.00 0.00 0.00 0.37
