Wansh/Snow_depth/snowdepth-1995/winter/1995346.txt
ncols 321
nrows 161
xllcenter 60
yllcenter 15 
cellsize  0.25 
NODATA_value -1
[rows 74 to 110 of 161, columns 84 to 167 of 321]
0.00 0.00 0.00 0.44 0.00 0.29 0.15 0.29 0.07 0.22 0.00 1.10 0.80 0.00 3.72 3.80 2.63 0.00 0.00 0.00 0.00 0.00 0.00 0.00 4.16 4.74 3.87 0.00 0.00 0.00 2.77 0.00 2.85 0.00 5.69 5.77 5.48 13.36 13.72 12.92 8.03 2.70 2.34 2.34 1.46 1.10 1.02 1.02 2.34 0.00 0.00 0.00 0.00 0.00 0.00 0.00 0.00 0.00 0.00 0.22 0.00 0.00 0.00 0.00 0.00 0.00 0.00 0.00 0.00 0.00 0.66 1.31 0.00 0.00 0.00 0.00 0.00 0.00 0.00 0.00 0.00 1.39 1.75 1.53
0.00 0.00 0.00 0.73 2.19 0.58 0.95 1.75 1.68 2.48 0.00 2.70 3.80 0.00 0.00 3.80 3.43 2.99 2.99 2.63 0.00 0.00 0.00 0.00 4.74 6.42 2.56 2.48 0.00 0.00 0.00 0.00 0.00 0.00 0.00 5.77 11.83 10.80 15.55 9.13 7.23 3.94 2.85 2.85 2.41 1.83 3.07 2.19 3.50 2.19 2.04 2.19 0.00 0.00 1.02 1.39 0.37 0.29 0.73 0.66 1.17 0.00 0.15 0.00 0.00 0.00 0.00 0.00 0.00 0.37 0.95 0.51 1.24 0.00 0.00 0.00 0.00 0.00 0.00 0.00 0.00 0.00 0.66 1.63
0.51 2.04 0.00 3.21 3.58 2.85 0.00 0.00 0.00 4.09 3.58 4.09 4.45 4.31 2.92 3.72 3.65 0.00 0.00 0.00 0.00 0.00 0.00 0.00 0.00 4.96 0.00 4.09 0.00 0.00 0.00 0.00 0.00 0.00 0.00 0.00 6.20 4.96 6.64 5.18 4.53 4.31 3.72 3.72 4.82 2.99 2.99 3.58 4.60 2.34 2.26 3.07 0.80 2.41 2.19 1.97 0.00 0.51 0.80 1.02 1.75 1.31 1.39 1.31 1.24 0.00 0.07 0.00 0.00 0.22 2.19 2.41 0.73 0.95 0.00 0.00 0.00 0.00 0.00 0.00 0.00 0.00 0.00 0.75
3.36 1.68 3.80 2.48 1.53 3.65 0.00 0.00 0.00 4.60 4.74 4.82 4.96 4.53 5.26 4.67 3.87 4.02 4.02 3.50 2.99 0.00 0.00 3.14 3.29 0.00 0.00 0.00 0.00 0.00 0.00 0.00 0.00 0.00 0.00 0.00 0.00 0.00 5.04 4.82 4.60 5.84 4.53 4.53 3.14 0.00 0.00 3.80 4.67 3.80 3.94 3.80 1.24 2.41 2.77 3.36 1.17 1.31 0.88 1.02 2.19 2.41 1.68 2.12 1.31 1.75 0.44 0.51 0.51 0.37 0.29 2.41 1.31 1.97 1.10 0.00 0.00 0.00 0.00 0.00 0.00 0.00 0.00 0.00
5.55 4.74 1.61 2.34 0.00 0.00 0.00 0.00 3.29 4.38 4.02 4.89 4.74 4.53 4.67 4.96 4.53 3.65 3.65 4.16 3.58 3.72 3.58 3.72 0.00 0.00 0.00 0.00 0.00 0.00 0.00 0.00 0.00 0.00 0.00 0.00 0.00 0.00 0.00 0.00 0.00 5.33 0.00 0.00 0.00 0.00 0.00 0.00 0.00 3.14 3.21 3.43 2.77 3.36 3.36 3.14 2.41 1.90 2.19 1.68 1.97 2.92 2.04 2.04 2.04 2.70 3.21 2.92 2.92 2.85 2.77 1.24 1.83 2.99 2.99 1.24 0.29 0.00 0.15 0.00 0.00 1.03 0.73 0.52
7.59 5.62 1.90 3.72 0.00 0.00 0.00 0.00 3.58 3.72 3.58 3.36 3.43 3.14 4.53 4.45 5.04 5.18 5.18 4.31 4.60 3.65 3.58 2.99 0.00 0.00 0.00 0.00 0.00 0.00 0.00 0.00 0.00 0.00 0.00 0.00 0.00 0.00 0.00 0.00 0.00 0.00 0.00 0.00 0.00 0.00 0.00 0.00 0.00 0.00 0.00 0.00 2.77 0.00 0.00 0.00 2.70 2.41 2.63 2.63 2.56 2.41 2.04 1.83 2.92 3.80 4.38 4.74 4.74 6.20 4.96 4.02 5.40 4.45 3.30 1.10 1.76 0.51 0.00 0.00 0.00 1.17 1.31 2.05
3.94 0.00 0.00 0.00 0.00 0.00 0.00 3.21 2.99 4.53 2.92 0.00 0.00 0.00 5.11 4.60 4.82 4.89 4.89 4.74 4.53 4.02 3.58 3.80 0.00 0.00 0.00 0.00 0.00 0.00 0.00 0.00 0.00 0.00 0.00 0.00 0.00 0.00 0.00 0.00 0.00 0.00 0.00 0.00 0.00 0.00 0.00 0.00 0.00 0.00 0.00 0.00 0.00 0.00 0.00 0.00 1.97 2.34 1.97 2.12 2.70 2.70 2.56 1.97 0.00 4.16 4.82 4.38 4.38 2.92 4.45 5.33 7.74 8.25 6.42 3.67 3.22 1.68 0.58 0.00 0.15 0.15 1.39 1.31
0.00 0.00 0.00 0.00 0.00 0.00 2.99 0.00 0.00 0.00 0.00 0.00 0.00 0.00 3.80 4.23 4.60 4.45 4.45 4.53 5.18 3.36 0.00 2.77 0.00 0.00 0.00 0.00 0.00 0.00 0.00 0.00 0.00 0.00 0.00 0.00 0.00 0.00 0.00 0.00 2.04 0.00 0.00 0.00 0.00 0.00 0.00 0.00 0.00 0.00 0.00 0.00 0.00 1.53 0.73 0.22 0.95 1.17 1.31 1.68 3.14 3.29 2.85 2.41 1.83 1.24 1.02 1.68 1.68 2.99 2.34 4.09 8.76 12.26 10.29 7.85 5.60 3.59 1.44 1.80 0.00 0.00 1.17 0.29
2.48 0.00 0.00 0.00 0.00 0.00 0.00 0.00 0.00 0.00 0.00 0.00 0.00 0.00 0.00 0.00 3.07 4.09 4.09 3.36 0.00 1.53 0.00 0.00 0.00 0.00 0.00 0.00 0.00 0.00 0.00 0.00 0.00 0.00 0.00 0.00 0.00 0.00 0.00 0.00 0.00 0.00 0.00 0.00 0.00 0.00 0.00 0.00 0.00 0.00 0.00 0.00 0.00 0.00 0.37 2.19 0.58 1.24 0.88 2.19 3.07 4.31 4.53 4.96 4.89 4.16 3.36 2.56 2.56 2.70 2.92 6.86 14.09 13.07 14.16 8.69 3.36 2.19 2.12 1.98 0.73 0.29 0.00 1.10
3.58 0.00 0.00 0.00 0.00 0.00 0.00 0.00 0.00 0.00 0.00 0.00 0.00 4.16 0.00 0.00 4.09 0.00 0.00 2.48 0.00 0.00 0.00 0.00 0.00 0.00 0.00 0.00 0.00 0.00 0.00 0.00 0.00 0.00 0.00 0.00 0.00 0.00 0.00 0.00 0.00 0.00 0.00 0.00 0.00 0.00 0.00 0.00 0.00 0.00 0.00 0.00 0.00 0.00 1.31 3.87 1.61 1.39 2.26 4.16 4.74 6.86 7.23 9.49 9.05 8.76 9.05 4.23 4.23 3.58 2.99 3.43 8.91 7.01 12.48 11.53 5.40 4.16 2.41 2.04 2.56 2.26 0.44 0.00
3.72 0.00 0.00 0.00 0.00 0.00 0.00 0.00 0.00 0.00 0.00 0.00 3.36 3.94 3.72 3.58 0.00 3.36 3.36 3.14 0.00 0.00 0.00 0.00 0.00 0.00 0.00 0.00 0.00 0.00 0.00 0.00 0.00 0.00 0.00 0.00 0.00 0.00 0.00 0.00 0.00 0.00 0.00 0.00 0.00 0.00 0.00 0.00 0.00 0.00 2.04 1.53 1.39 0.95 2.41 4.74 7.96 3.94 3.65 5.11 6.42 9.71 12.56 11.24 13.51 13.51 13.36 11.75 11.75 7.23 5.55 4.09 2.99 4.38 6.86 11.02 9.05 4.45 3.80 3.65 2.99 1.97 2.99 1.02
1.53 0.00 0.00 0.00 0.00 0.00 0.00 0.00 0.00 0.00 0.00 0.00 3.21 3.58 0.00 0.00 0.00 0.00 0.00 4.38 3.43 2.77 0.00 0.00 0.00 0.00 0.00 2.34 0.00 0.00 0.00 0.00 3.87 2.85 0.00 0.00 0.00 0.00 0.00 0.00 0.00 0.00 0.00 0.00 0.00 0.00 0.00 0.00 0.00 0.00 1.61 1.61 2.41 3.14 7.59 10.07 10.07 5.91 4.89 4.45 7.56 11.25 14.98 14.60 16.50 20.59 19.05 14.02 14.02 12.12 12.48 14.82 8.40 6.64 7.01 5.69 5.69 6.72 4.09 6.35 4.60 4.53 4.74 0.00
0.58 0.00 0.58 0.88 0.00 0.00 0.00 0.00 0.00 0.00 0.00 0.00 0.00 0.00 0.00 0.00 0.00 3.14 3.14 0.00 0.00 3.72 4.23 0.00 0.00 0.00 2.63 2.63 2.48 0.00 0.00 0.00 2.70 0.00 0.00 0.00 0.00 0.00 4.82 5.62 4.38 3.58 1.53 1.53 1.31 2.99 1.97 1.75 1.46 0.66 0.66 0.80 1.10 2.04 6.06 10.44 11.75 14.16 12.41 14.89 17.59 17.81 18.47 17.16 19.13 22.41 23.73 22.19 22.19 24.24 27.67 24.97 24.82 16.57 10.73 5.91 7.01 6.42 7.23 8.25 8.69 7.08 5.33 0.00
1.10 1.02 1.17 1.53 0.00 0.00 0.00 0.00 0.00 0.00 0.00 0.00 0.00 0.00 0.00 0.00 0.00 3.43 3.43 2.99 2.41 0.00 2.85 0.00 0.00 0.00 2.26 0.00 0.00 0.00 0.00 0.00 0.00 0.00 0.00 0.00 0.00 0.00 4.89 6.42 6.94 5.26 6.86 6.86 3.65 5.18 2.34 2.19 2.99 0.73 1.24 1.10 1.10 1.02 3.29 7.23 9.49 13.58 17.30 18.98 21.68 20.88 17.89 16.57 19.27 19.42 19.49 17.01 17.01 16.72 16.50 19.93 19.56 21.10 8.61 7.74 6.50 6.42 6.35 6.94 8.54 7.88 5.84 4.74
0.29 0.00 0.00 0.00 0.00 0.00 0.00 0.00 0.00 0.00 2.34 0.00 3.36 0.00 2.56 0.00 3.94 1.97 1.97 2.99 2.63 2.56 0.00 0.00 0.00 0.00 0.00 0.00 0.00 0.00 0.00 0.00 0.00 3.58 0.00 0.00 3.29 3.80 6.06 6.28 8.10 7.88 9.71 9.71 7.15 8.03 3.65 5.55 7.01 1.90 2.41 2.56 1.46 4.09 6.72 10.00 9.71 11.53 16.28 18.47 18.61 17.23 16.13 13.36 13.72 16.99 13.65 10.59 10.59 7.08 7.23 15.55 17.01 12.70 7.45 7.52 7.01 5.77 6.72 6.20 9.34 7.81 6.94 0.00
0.66 0.80 0.00 0.00 0.00 0.00 0.00 0.00 0.00 0.00 0.00 3.36 0.00 2.99 0.00 2.99 2.77 3.14 3.14 2.41 2.99 2.63 0.00 0.00 2.12 0.00 0.00 0.00 0.00 0.00 2.41 2.85 6.79 6.72 6.86 6.79 4.60 8.03 7.66 9.49 10.07 11.83 11.10 11.10 10.73 10.88 6.94 10.22 11.10 5.40 5.40 6.42 3.80 7.30 9.93 14.45 15.04 14.89 14.97 15.93 14.16 12.12 12.07 12.92 12.52 14.22 15.52 10.37 10.37 9.13 5.18 6.42 9.71 10.44 5.33 6.20 5.48 7.01 6.94 5.50 6.94 5.34 4.62 4.33
0.51 0.07 0.66 0.44 0.00 0.00 0.00 0.00 0.00 0.00 0.00 0.00 0.00 0.00 0.00 0.00 0.00 0.00 0.00 3.50 0.00 2.41 0.00 2.92 0.00 3.72 0.00 0.00 0.00 4.45 5.18 4.89 9.93 10.51 13.87 10.51 9.27 11.97 8.83 12.19 11.17 11.02 12.26 12.26 12.34 11.53 13.51 12.99 13.07 9.78 8.10 11.10 7.52 11.83 16.94 19.93 21.68 18.32 14.82 8.61 7.00 7.88 7.23 9.93 12.48 14.31 14.68 10.47 10.14 10.64 5.33 5.40 5.62 5.18 4.60 5.18 3.94 5.77 5.43 7.41 5.21 5.69 6.23 0.00
0.44 0.44 0.29 0.29 0.00 0.00 0.00 0.00 0.15 0.00 0.00 0.00 0.00 0.00 0.00 0.00 0.00 0.00 0.00 0.00 0.00 0.00 0.00 0.00 4.45 4.60 4.23 2.34 0.00 5.48 6.79 8.10 8.83 11.61 13.29 15.33 13.36 14.31 12.48 14.09 12.99 10.95 10.66 10.66 12.63 13.80 14.09 13.87 12.41 12.12 14.97 14.38 13.51 19.05 22.85 26.86 28.40 24.45 13.86 10.84 7.30 6.20 7.52 10.42 9.73 12.22 11.75 10.22 10.27 7.34 5.28 5.84 8.32 6.79 4.26 3.50 2.85 3.21 6.68 7.77 5.79 5.99 6.57 4.92
0.58 0.15 0.07 0.44 0.51 0.00 1.17 0.58 0.00 0.00 0.00 0.00 0.00 0.00 0.00 0.00 0.00 0.00 0.00 0.00 0.00 0.00 2.99 4.67 5.99 6.13 4.96 4.74 4.89 5.33 6.72 5.69 5.69 7.08 12.19 15.70 16.06 14.89 13.51 13.21 14.60 10.22 10.44 10.44 11.24 13.51 13.14 11.46 13.72 13.21 15.26 15.91 22.19 25.33 29.42 28.69 29.05 28.40 19.13 15.80 11.65 9.40 8.03 7.50 8.66 11.58 10.03 9.64 9.64 6.96 7.14 6.88 9.98 9.93 8.14 7.15 5.99 5.11 6.10 6.63 8.05 7.07 8.63 6.57
0.00 0.00 0.07 0.00 0.15 0.80 0.00 0.00 0.00 0.00 0.00 0.00 0.00 0.00 0.00 0.00 0.00 0.88 0.88 0.00 0.00 0.00 0.00 3.14 0.00 0.00 4.45 0.00 0.00 5.69 6.13 7.08 0.00 7.37 15.40 15.33 12.99 12.92 8.98 10.07 6.86 6.50 9.27 9.27 7.81 11.53 9.93 7.45 11.68 13.58 12.56 12.26 18.69 21.32 24.82 26.13 26.06 25.99 25.19 22.85 18.10 15.08 11.84 7.30 6.85 8.24 9.68 8.32 8.32 6.86 5.04 7.56 12.08 11.81 11.71 9.68 6.06 8.00 6.67 7.38 8.79 9.93 6.11 6.49
0.00 0.29 0.15 0.00 0.22 0.58 0.00 0.00 0.00 0.00 0.00 0.00 0.00 0.00 0.00 0.00 0.00 0.88 0.88 0.00 0.00 0.00 0.00 0.00 0.00 0.00 0.00 0.00 0.00 0.00 6.50 0.00 3.36 9.34 12.78 13.51 9.93 7.96 0.00 5.40 0.00 5.84 3.50 3.50 0.95 4.23 4.16 4.09 8.47 10.66 11.90 11.68 15.42 16.63 20.33 21.49 20.02 20.44 21.90 21.46 16.86 11.30 7.38 5.08 5.57 8.71 7.42 5.62 5.65 6.06 4.00 6.33 10.16 13.53 12.36 10.66 10.06 9.91 7.03 7.49 5.99 10.36 9.86 5.43
0.00 1.10 1.10 0.95 4.16 2.77 0.00 0.00 0.00 0.00 0.00 0.00 0.00 0.00 0.00 0.00 0.00 0.00 0.00 0.00 0.00 0.00 0.00 0.00 0.00 0.00 0.00 0.00 0.00 0.00 0.00 0.00 4.09 4.89 8.47 9.86 6.42 4.60 0.00 0.00 0.00 0.00 0.95 0.95 1.68 1.61 3.58 4.67 10.37 12.48 11.68 12.26 13.21 14.14 15.49 15.28 15.41 16.05 16.08 15.48 13.57 9.54 7.42 4.58 3.33 4.79 6.66 4.04 4.04 3.83 2.64 3.73 5.39 7.67 7.26 11.30 9.39 8.94 6.96 6.03 8.88 9.46 9.24 7.34
0.44 1.46 2.56 3.14 9.49 6.06 3.14 0.00 2.19 0.00 0.00 0.00 0.00 0.00 0.00 0.00 0.00 0.00 0.00 0.00 0.00 0.00 0.00 0.00 0.00 0.00 0.00 1.75 0.00 0.00 0.00 0.00 2.92 0.00 5.18 6.28 4.96 3.29 0.00 0.00 0.00 0.00 1.24 1.24 4.67 3.14 4.53 3.50 7.01 10.88 12.34 14.02 12.78 13.50 13.33 14.28 11.46 10.70 11.79 11.15 9.79 8.14 6.62 5.10 3.69 3.05 4.33 3.56 3.50 2.74 1.30 1.53 2.45 6.94 8.98 5.80 8.45 7.86 5.67 4.22 6.32 6.10 4.56 5.56
2.99 0.00 2.92 5.99 13.36 11.90 7.45 4.74 3.14 4.09 3.29 0.00 0.00 0.66 0.00 0.00 0.00 0.00 0.00 0.00 0.00 0.00 0.00 0.00 0.00 0.00 0.00 1.31 0.00 0.00 0.66 0.00 0.00 2.41 3.80 4.60 3.43 0.00 0.00 0.00 0.00 0.00 5.04 5.04 7.15 5.11 4.74 2.34 6.57 10.03 12.04 14.67 14.52 14.84 12.28 10.56 9.78 9.49 8.78 7.41 6.16 6.61 6.57 6.28 4.00 1.90 2.22 3.39 3.30 0.73 0.73 2.13 2.34 5.55 6.60 6.50 4.89 3.15 4.77 3.65 3.22 3.22 3.34 3.38
10.15 8.83 11.68 18.03 19.64 19.05 13.36 14.16 8.61 5.26 1.31 1.02 0.80 0.73 0.73 0.00 1.75 0.66 0.66 0.00 2.34 1.53 0.00 0.00 2.12 2.41 1.10 1.75 1.68 1.39 1.46 1.10 1.68 3.14 2.99 2.41 4.89 0.00 0.00 5.40 2.12 4.60 4.02 4.02 7.01 3.65 3.65 5.48 4.89 7.45 9.93 12.75 14.26 12.41 10.14 7.74 8.25 9.26 10.08 9.76 9.39 8.55 8.71 8.58 6.06 3.37 2.46 2.10 2.06 0.73 1.10 1.21 2.21 6.38 6.44 4.96 3.56 2.14 0.00 1.11 1.17 0.42 2.16 2.69
8.61 12.19 12.34 11.83 18.76 22.56 20.22 17.81 11.97 4.67 1.39 1.10 0.51 1.68 1.02 0.66 2.56 2.48 2.48 1.61 2.77 2.41 0.00 1.53 2.19 1.24 0.44 1.10 1.31 1.83 1.02 0.73 1.97 2.77 3.07 4.53 7.37 3.36 4.23 1.53 0.07 1.68 1.61 1.61 4.89 3.94 2.63 4.38 6.25 8.82 8.58 9.48 10.41 7.72 8.99 6.97 5.66 6.23 7.82 8.57 11.13 12.41 10.32 9.26 7.74 4.74 3.52 1.08 1.06 0.37 0.29 0.80 1.85 4.06 5.44 6.20 2.06 1.35 0.00 0.00 0.00 0.00 1.56 1.83
6.06 10.59 10.44 5.26 13.14 18.83 20.81 14.67 12.70 4.23 0.00 1.61 0.95 2.34 2.12 2.70 3.43 2.92 2.92 2.12 1.83 1.02 1.90 1.46 1.24 0.51 0.00 1.10 1.31 1.68 1.31 1.68 1.24 2.85 3.72 4.67 5.77 5.99 1.97 0.00 0.00 0.37 0.00 0.00 3.58 2.48 1.31 3.17 4.70 6.10 6.50 8.65 7.84 6.30 5.20 5.38 4.97 5.05 6.79 10.91 13.03 13.56 11.46 11.97 9.27 5.88 3.13 2.13 2.37 0.72 0.00 0.00 1.78 2.04 3.52 4.13 1.90 1.10 0.96 0.00 0.00 0.40 2.10 2.02
4.53 6.64 7.66 0.00 4.31 12.19 9.93 7.26 3.58 4.67 0.00 0.00 0.00 1.90 2.26 5.77 4.16 2.77 2.77 4.67 3.43 2.26 1.61 0.51 0.00 0.00 0.00 0.58 1.02 0.66 1.53 1.10 0.44 2.77 2.12 4.67 2.56 3.07 2.19 0.00 0.00 0.00 0.00 0.00 0.88 1.24 1.46 2.35 4.31 3.97 4.54 5.33 6.21 4.96 3.08 3.38 2.32 2.57 3.24 7.14 10.74 15.16 14.75 13.36 7.37 8.27 4.81 3.85 3.71 0.91 0.16 0.09 0.19 3.38 4.74 2.85 3.56 0.31 0.62 0.54 1.95 2.05 5.24 3.48
0.00 0.00 0.00 0.00 0.00 5.04 6.86 5.77 3.65 4.45 0.00 4.96 3.72 3.36 3.87 10.15 7.96 4.74 4.74 6.94 5.18 2.26 1.17 1.39 0.00 0.00 0.22 0.07 0.00 0.07 0.15 0.88 0.51 0.73 3.36 1.83 1.97 0.00 0.00 0.00 0.00 0.00 0.37 0.37 1.24 1.46 1.90 3.21 4.16 3.94 3.19 4.66 4.22 4.72 2.73 4.16 2.79 0.00 3.17 5.66 8.17 11.20 15.45 18.82 14.16 10.46 8.20 5.44 5.47 4.53 0.51 0.00 0.98 0.99 2.87 1.54 1.04 1.17 0.74 0.24 1.56 3.91 4.15 3.33
0.00 0.00 0.00 0.00 0.00 4.31 5.40 5.18 4.09 4.60 4.16 6.13 5.91 9.27 19.20 17.96 12.63 8.03 8.03 9.78 5.40 2.12 0.73 0.51 0.00 0.00 0.00 0.29 0.00 0.00 0.00 0.07 0.00 0.00 1.53 0.80 0.73 0.00 0.00 0.00 0.00 0.00 0.80 0.80 0.15 1.53 4.48 4.53 3.71 2.33 2.81 3.93 4.41 3.67 1.77 3.41 5.61 0.00 0.00 4.17 6.50 8.85 11.78 15.20 17.37 11.46 7.90 4.55 5.33 4.28 1.64 0.78 0.00 0.00 0.49 1.42 0.32 0.51 0.70 1.28 2.69 3.46 4.22 2.37
0.00 0.00 0.00 0.00 0.00 0.00 5.11 4.89 7.88 6.64 6.13 10.44 12.92 17.08 18.40 20.29 18.83 13.72 13.72 6.06 7.66 3.36 2.63 0.51 0.22 0.00 0.00 0.00 0.00 0.00 0.00 0.00 0.00 0.58 0.00 0.07 0.51 0.00 0.00 0.00 0.00 0.00 0.00 0.00 0.00 0.15 2.27 1.83 2.52 2.98 2.71 2.83 2.84 1.80 0.00 0.00 0.00 0.00 0.00 5.54 10.40 9.18 13.68 17.90 10.74 11.28 10.86 4.76 5.33 4.33 3.88 1.04 0.18 0.00 0.00 0.00 0.83 0.88 0.87 0.00 0.75 3.63 2.51 1.64
0.00 0.00 0.00 0.00 0.00 0.00 0.00 4.16 5.69 8.69 6.86 10.51 14.24 17.16 19.86 17.49 19.91 14.53 14.53 13.29 18.91 8.83 1.53 0.07 1.31 1.24 1.97 10.15 3.50 0.15 2.99 0.73 0.44 1.90 0.00 2.41 0.00 0.00 0.00 0.00 0.00 0.66 0.00 0.00 0.00 0.58 0.29 0.52 1.45 4.14 2.81 2.99 3.01 0.00 0.00 0.00 0.00 0.00 0.00 0.00 8.08 10.45 9.44 13.12 8.12 9.42 12.44 7.72 7.89 4.81 4.87 3.23 1.76 0.00 0.00 0.90 0.86 1.38 0.00 0.00 0.00 0.00 2.05 0.00
0.00 0.00 0.00 0.00 0.00 0.00 0.00 3.36 7.45 4.96 3.21 9.34 9.20 12.41 13.94 15.70 18.18 18.07 16.86 18.98 20.44 16.72 6.06 1.68 0.37 10.15 11.24 17.08 9.34 3.43 5.40 5.40 1.10 8.61 3.07 3.72 4.45 0.00 0.00 1.39 0.22 4.82 1.10 1.10 1.39 2.41 0.00 0.00 0.94 4.71 4.80 4.29 0.00 0.00 0.00 0.00 0.00 0.00 0.00 0.00 0.00 6.99 7.66 6.60 6.53 8.10 8.50 8.90 10.88 5.68 3.47 2.99 2.43 0.75 0.00 0.00 1.36 0.75 0.00 0.00 0.00 0.00 0.00 0.00
0.00 0.00 0.00 0.00 0.00 0.00 0.00 0.00 0.00 0.00 0.00 0.00 0.00 0.00 0.00 3.72 10.29 5.43 5.51 13.51 14.09 11.68 11.02 7.52 15.11 18.32 21.32 18.91 17.37 13.65 22.34 20.95 23.14 15.62 14.09 12.56 11.46 9.34 12.78 10.78 10.84 10.18 10.80 10.80 13.14 3.50 2.26 2.93 2.60 0.00 0.00 0.00 0.00 0.00 0.00 0.00 0.00 0.00 0.00 0.00 0.00 0.00 0.00 0.00 6.88 7.89 6.37 0.00 0.00 5.99 5.64 0.00 2.48 0.00 0.00 1.72 0.82 0.00 0.00 0.00 0.00 0.00 0.00 0.00
0.00 0.00 0.00 0.00 0.00 0.00 0.00 0.00 0.00 0.00 0.00 0.00 0.00 0.00 0.00 0.00 0.00 0.00 0.00 4.31 10.24 11.73 9.78 8.32 9.20 13.75 17.37 17.74 17.08 15.33 21.17 24.45 21.02 18.25 11.24 11.68 10.73 13.07 11.90 12.70 8.98 15.11 13.80 15.42 14.38 8.54 5.62 4.42 0.00 0.00 0.00 0.00 0.00 0.00 0.00 0.00 0.00 0.00 0.00 0.00 0.00 0.00 0.00 0.00 0.00 6.43 4.72 0.00 0.00 0.00 0.00 0.00 0.00 0.00 0.00 0.00 0.00 0.00 0.00 0.00 0.00 0.00 0.00 0.00
0.00 0.00 0.00 0.00 0.00 0.00 0.00 0.00 0.00 0.00 0.00 0.00 0.00 0.00 0.00 0.00 0.00 0.00 0.00 0.00 0.00 3.43 8.98 4.02 5.62 6.02 12.81 10.29 15.55 6.72 14.53 19.56 17.79 17.37 7.45 10.21 11.10 11.97 7.08 9.86 3.54 10.37 10.89 13.83 12.18 14.14 9.73 6.87 0.00 0.00 0.00 0.00 0.00 0.00 0.00 0.00 0.00 0.00 0.00 0.00 0.00 0.00 0.00 0.00 0.00 0.00 0.00 0.00 0.00 0.00 0.00 0.00 0.00 0.00 0.00 0.00 0.00 0.00 0.00 0.00 0.00 0.00 0.00 0.00
0.00 0.00 0.00 0.00 0.00 0.00 0.00 0.00 0.00 0.00 0.00 0.00 0.00 0.00 0.00 0.00 0.00 0.00 0.00 0.00 0.00 0.00 4.74 0.00 0.00 0.00 0.00 7.59 7.15 3.29 4.74 14.52 12.57 12.63 0.00 0.00 6.35 7.08 0.00 0.00 0.00 0.00 0.00 0.00 0.00 16.33 11.21 0.00 0.00 0.00 0.00 0.00 0.00 0.00 0.00 0.00 0.00 0.00 0.00 0.00 0.00 0.00 0.00 0.00 0.00 0.00 0.00 0.00 0.00 0.00 0.00 0.00 0.00 0.00 0.00 0.00 0.00 0.00 0.00 0.00 0.00 0.00 0.00 0.00
