Wansh/Snow_depth/snowdepth-1995/winter/1995336.txt
ncols 321
nrows 161
xllcenter 60
yllcenter 15 
cellsize  0.25 
NODATA_value -1
[rows 74 to 110 of 161, columns 84 to 167 of 321]
0.00 0.00 0.00 0.00 0.00 0.58 0.00 2.70 0.37 0.00 1.53 1.53 3.87 4.31 3.50 4.82 4.67 4.53 4.53 4.96 4.38 3.21 0.00 0.00 0.00 4.16 5.99 3.65 0.00 0.00 3.21 2.70 3.14 2.63 5.04 4.89 8.10 11.75 14.53 11.90 5.62 2.56 3.14 3.14 2.04 1.39 1.61 1.46 0.80 1.75 0.00 0.00 0.00 0.00 0.00 1.75 1.02 1.46 0.00 0.00 0.00 0.00 0.00 0.00 0.00 0.00 0.00 0.00 0.00 0.00 0.73 0.00 0.00 0.00 0.00 0.00 0.00 0.00 0.00 0.00 0.00 0.00 0.00 0.00
0.00 0.22 0.00 0.00 3.58 2.26 2.19 4.60 3.21 6.13 2.70 3.65 5.33 6.20 5.33 5.55 4.31 4.67 4.67 5.04 5.18 3.87 3.58 4.45 7.01 6.35 6.94 4.82 3.36 0.00 0.00 3.50 3.43 3.65 0.00 3.36 5.62 8.61 12.63 12.41 7.66 3.65 2.77 2.77 3.94 2.12 1.17 1.46 3.29 2.12 1.90 2.26 1.83 0.00 2.63 1.02 0.88 0.73 1.17 0.22 0.00 1.24 1.17 0.00 0.00 0.00 0.00 0.00 0.00 0.07 0.44 1.10 1.31 0.00 0.00 0.00 0.00 0.00 0.00 0.00 0.00 0.00 0.00 0.00
0.00 4.67 1.24 1.75 4.09 3.72 2.56 5.18 5.69 6.64 6.20 6.35 5.62 7.15 6.20 5.77 4.82 5.26 5.26 5.04 4.53 4.16 3.43 0.00 6.20 5.99 4.02 4.31 4.23 3.29 0.00 0.00 3.29 0.00 0.00 4.31 6.13 5.69 7.74 10.22 8.76 5.11 6.64 6.64 5.40 3.21 2.34 2.19 4.67 3.72 2.26 2.99 2.92 1.90 1.46 0.66 0.80 0.88 0.51 0.73 2.19 1.02 0.73 1.53 0.88 0.00 0.00 0.00 0.00 0.44 0.88 1.10 1.83 0.00 0.00 0.00 0.00 0.00 0.00 0.00 0.00 0.00 0.00 0.00
3.21 3.80 4.09 2.70 4.23 3.87 5.55 5.33 5.99 6.06 7.15 6.79 6.72 7.23 6.06 5.91 5.04 4.67 4.67 4.60 4.53 4.67 3.80 3.80 0.00 4.02 3.58 3.87 0.00 0.00 3.21 0.00 0.00 2.77 3.80 3.87 0.00 4.31 6.86 5.99 4.16 6.64 5.18 5.18 3.94 4.60 3.58 4.96 5.04 4.53 4.74 2.41 2.77 2.48 3.72 2.63 0.66 2.04 1.61 1.90 2.63 1.97 1.83 1.68 1.75 0.95 0.37 1.90 1.90 1.24 1.83 0.44 2.48 0.00 0.00 0.00 0.00 0.00 0.00 0.00 0.00 0.00 0.00 0.00
3.21 5.77 4.67 4.09 4.16 3.80 4.60 5.33 6.64 6.42 6.72 6.86 7.01 6.35 6.35 5.26 5.48 4.89 4.89 4.67 4.31 4.23 4.96 4.82 4.82 4.23 0.00 3.58 0.00 0.00 0.00 0.00 0.00 0.00 2.41 3.21 0.00 0.00 4.31 5.26 0.00 4.53 4.96 4.96 3.72 3.07 0.00 3.80 4.67 0.00 4.89 4.82 2.99 3.07 3.94 4.16 3.65 1.75 1.75 1.02 2.56 3.43 2.63 1.83 3.87 3.29 5.91 4.02 4.02 4.60 1.97 1.31 1.75 1.24 1.53 0.88 0.29 0.45 0.00 0.00 0.00 0.00 0.00 0.52
8.40 4.89 3.72 3.87 4.89 3.87 4.53 5.26 5.62 5.84 5.69 5.69 6.06 5.77 4.53 4.60 4.82 5.33 5.33 4.89 4.89 4.89 4.74 4.16 3.58 3.72 3.21 3.43 2.99 0.00 0.00 0.00 0.00 0.00 3.94 3.94 0.00 0.00 0.00 0.00 0.00 3.36 3.94 3.94 0.00 0.00 0.00 2.19 3.50 0.00 0.00 0.00 0.00 0.00 2.85 3.36 1.90 1.83 2.85 1.90 2.48 2.41 2.26 3.94 5.55 6.20 3.94 5.77 5.77 4.82 4.09 0.00 1.53 4.67 3.01 1.24 2.42 0.80 0.44 0.00 0.00 0.07 0.51 0.29
2.63 4.23 0.00 3.21 3.21 3.43 4.38 5.18 4.31 5.04 4.89 5.33 4.96 3.87 4.38 3.87 5.48 5.48 5.48 4.74 4.82 4.89 3.72 4.02 0.00 0.00 3.14 0.00 2.99 0.00 0.00 0.00 0.00 0.00 0.00 0.00 0.00 0.00 0.00 0.00 0.00 0.00 0.00 0.00 0.00 0.00 1.39 1.31 0.00 0.00 0.00 0.00 2.19 0.00 1.10 2.04 0.95 0.80 1.68 2.26 1.31 2.19 2.92 3.80 6.06 4.67 0.00 3.80 3.80 5.18 3.80 4.31 8.18 6.86 6.06 7.85 5.24 2.52 0.29 0.22 0.15 0.00 0.00 0.00
0.00 0.00 0.00 0.00 0.00 3.14 3.07 4.45 3.87 5.48 4.82 5.18 4.16 3.80 3.65 3.43 4.16 4.02 4.02 0.00 3.50 4.09 2.92 3.07 2.77 0.00 0.00 2.56 2.77 0.00 0.00 0.00 0.00 0.00 0.00 0.00 0.00 0.00 0.00 0.00 0.00 0.00 0.00 0.00 0.00 0.00 0.88 0.00 0.00 0.00 0.00 0.00 1.02 2.12 1.02 1.39 0.00 0.29 1.90 1.90 3.43 4.89 3.80 3.65 3.21 0.00 0.00 0.00 0.00 4.31 6.35 5.55 12.41 11.46 9.20 9.02 5.53 3.52 1.36 0.30 0.07 0.00 0.00 0.00
0.00 1.83 0.00 0.00 2.99 3.07 0.00 3.29 0.00 4.16 3.87 4.60 4.09 4.02 3.72 3.94 3.87 2.26 2.26 0.00 0.00 0.00 0.00 0.00 3.21 0.00 0.00 0.00 0.00 0.00 0.00 0.00 0.00 0.00 0.00 0.00 0.00 0.00 0.00 0.00 0.00 0.00 0.00 0.00 0.00 0.00 0.00 0.00 0.00 0.00 0.00 0.95 0.00 0.00 0.58 0.07 0.15 1.10 1.83 2.19 5.18 6.72 5.91 3.87 3.07 5.62 1.68 2.85 2.85 5.11 6.72 7.37 10.29 12.78 12.34 5.18 3.80 1.39 2.04 0.00 0.00 0.00 0.00 0.00
2.41 2.04 0.00 0.00 2.56 0.00 0.00 0.00 0.00 3.72 4.09 4.53 4.09 4.02 4.67 5.40 3.87 3.80 3.80 2.41 0.00 0.00 0.00 0.00 0.00 0.00 0.00 0.00 0.00 0.00 0.00 0.00 0.00 0.00 0.00 0.00 0.00 1.10 0.00 0.00 0.00 0.00 0.00 0.00 0.00 0.00 0.00 0.00 0.00 0.00 0.00 0.44 1.97 0.22 1.61 4.23 3.29 3.80 4.82 6.86 7.37 8.03 9.42 9.20 10.66 7.59 7.15 5.04 5.04 5.91 4.67 6.42 8.98 10.07 9.42 9.20 5.04 3.36 3.07 0.00 0.00 0.00 0.00 0.00
0.00 2.26 0.00 0.00 0.00 0.00 0.00 0.00 3.87 3.87 4.31 4.23 3.72 4.96 5.18 3.94 4.82 3.14 3.14 3.14 2.41 0.00 0.00 2.70 2.56 0.00 0.00 0.00 0.00 0.00 0.00 0.00 0.00 1.68 0.00 0.00 0.00 0.80 0.80 0.00 0.00 0.00 0.00 0.00 0.00 0.00 0.00 0.00 0.00 0.00 2.77 1.53 2.77 3.29 2.99 7.74 6.86 6.42 4.16 5.84 7.15 12.41 12.92 11.24 13.58 13.21 12.34 14.67 14.67 7.30 4.53 3.80 4.02 7.59 8.40 6.50 6.28 4.67 4.38 3.65 2.41 3.80 0.00 0.00
0.00 0.00 0.00 0.00 0.00 0.00 0.00 3.21 4.02 3.80 4.45 4.16 3.50 4.02 4.16 3.58 3.72 0.00 0.00 4.16 3.94 3.80 3.72 0.00 0.00 3.07 3.21 2.56 0.00 1.90 1.90 0.00 2.63 3.65 1.83 0.00 0.00 0.00 0.29 0.00 2.41 0.00 1.10 1.10 0.00 2.04 0.00 0.00 2.77 2.63 3.21 2.92 3.14 3.94 4.23 9.49 7.66 7.08 4.82 5.77 10.86 13.71 13.77 13.21 18.76 17.37 16.28 20.81 20.81 16.57 9.05 6.64 6.35 8.03 6.35 5.11 4.31 6.28 6.20 4.96 3.94 0.00 0.00 0.00
1.68 1.61 2.56 2.56 2.26 3.07 3.94 3.80 3.65 3.07 3.07 0.00 0.00 2.99 2.77 0.00 3.21 3.94 3.94 4.23 5.11 4.60 4.60 2.99 0.00 0.00 0.00 2.77 3.87 0.00 2.70 3.94 4.02 0.00 0.00 0.00 0.00 0.00 3.80 6.57 5.77 3.36 4.67 4.67 2.77 2.04 2.34 2.63 1.68 1.68 1.90 1.53 1.61 2.26 5.69 8.69 10.29 14.75 5.69 19.42 19.20 17.96 17.73 19.13 22.41 21.10 18.18 21.46 21.46 16.06 21.39 18.98 19.56 15.55 11.02 6.20 6.42 7.81 7.66 6.13 6.79 4.89 0.00 0.00
2.92 2.41 2.19 3.50 0.00 3.14 3.72 3.14 3.36 0.00 3.58 3.58 3.21 0.00 0.00 0.00 3.72 3.43 3.43 4.02 4.31 3.87 4.38 0.00 0.00 3.36 2.77 3.36 0.00 3.36 0.00 0.00 0.00 3.50 0.00 0.00 0.00 0.00 5.26 7.08 8.10 5.18 8.69 8.69 6.06 3.43 4.16 2.19 3.14 1.83 2.34 2.19 2.19 2.41 8.47 10.88 12.12 15.48 16.13 17.74 19.05 19.78 15.77 14.16 14.75 12.12 12.05 14.02 14.02 9.42 21.83 23.87 13.29 9.34 8.69 6.35 5.33 6.50 6.79 5.77 6.94 6.50 0.00 0.00
1.68 0.00 0.00 0.00 0.00 3.43 0.00 3.80 2.92 0.00 0.00 4.74 3.80 3.21 3.58 4.23 3.50 3.80 3.80 3.65 4.16 3.94 4.02 2.48 3.36 3.43 2.92 3.14 3.14 0.00 3.94 3.87 3.80 4.67 3.72 0.00 0.00 0.00 5.99 7.59 8.54 9.64 10.15 10.15 6.94 8.98 5.33 4.09 7.52 3.36 2.85 3.87 3.36 7.45 9.20 8.32 12.05 12.48 13.36 13.72 14.09 12.85 9.56 11.24 11.80 12.59 11.17 10.44 10.44 7.37 14.31 18.03 7.88 9.13 7.74 3.72 4.53 5.77 5.33 5.62 6.06 3.21 2.63 0.00
2.12 1.83 0.00 0.00 0.00 0.00 0.00 0.00 3.36 0.00 0.00 3.72 3.58 3.43 3.50 4.38 4.09 3.58 3.58 3.94 3.36 3.58 3.65 2.85 3.58 3.65 3.21 3.14 0.00 0.00 4.60 6.13 6.35 6.50 5.69 8.32 8.03 8.03 7.96 9.05 11.10 11.61 11.83 11.83 10.37 12.05 10.00 7.81 6.57 8.76 4.02 5.99 5.18 8.61 9.78 10.22 15.91 13.58 13.64 10.47 8.91 5.77 7.08 9.93 11.71 11.82 11.83 9.64 9.64 6.20 9.71 4.67 5.18 4.16 5.62 2.92 3.65 4.53 4.23 4.28 4.10 0.00 0.00 0.00
1.90 1.53 1.90 0.00 0.00 0.00 0.00 0.00 0.00 0.00 0.00 0.00 0.00 0.00 0.00 3.21 3.94 3.43 3.43 0.00 4.23 3.58 4.02 5.33 4.89 5.33 3.14 3.43 3.72 3.65 5.62 7.66 8.10 9.78 8.91 7.30 10.66 10.51 9.27 9.71 11.17 11.17 11.90 11.90 13.07 12.85 12.48 14.02 11.83 13.51 12.05 7.15 11.90 17.67 15.33 14.24 20.59 15.62 14.60 6.79 6.10 6.50 6.56 8.10 10.51 11.17 11.65 6.67 6.45 4.26 4.45 4.23 3.80 4.09 3.14 3.14 4.09 3.14 3.52 3.44 3.13 2.07 0.00 0.00
1.31 1.53 1.02 1.53 0.00 0.51 0.00 1.31 0.58 0.00 0.00 0.00 0.00 0.00 0.00 0.00 2.92 0.00 0.00 0.00 2.85 3.87 5.69 6.86 7.52 5.99 4.09 4.16 3.43 4.16 5.69 6.94 7.88 9.64 11.90 11.24 12.99 11.46 11.24 10.44 11.02 11.10 11.10 11.10 14.09 15.11 14.97 14.16 14.02 13.14 13.29 17.01 18.69 20.95 20.51 22.63 23.87 18.25 13.27 9.44 7.01 8.32 6.63 6.92 8.97 8.64 9.05 7.08 7.12 5.61 5.14 5.11 5.04 3.87 2.20 2.34 2.77 3.72 3.67 3.85 4.02 0.00 0.00 3.65
1.68 1.31 1.31 1.46 1.53 0.95 1.39 0.00 1.24 0.00 0.00 0.00 0.00 0.00 0.00 0.00 0.00 0.00 0.00 0.00 0.00 0.00 5.55 7.15 8.18 7.66 4.82 4.16 5.40 7.23 5.18 6.28 2.34 7.59 12.99 13.58 12.41 11.68 12.19 9.49 10.95 11.02 12.56 12.56 12.70 13.72 11.90 14.97 13.80 14.31 13.29 17.89 19.42 23.94 20.44 23.51 21.32 19.56 15.26 13.70 10.62 6.73 6.64 6.01 6.37 9.28 8.39 5.48 5.48 4.74 5.36 5.96 7.12 7.04 5.14 3.54 3.21 4.15 4.29 4.32 4.58 4.06 3.22 5.20
1.31 1.53 1.10 1.10 1.46 1.46 2.41 0.00 0.00 0.00 0.66 0.00 0.00 0.00 0.00 0.00 0.00 0.00 0.00 0.00 0.00 0.00 3.80 4.53 6.20 5.91 4.89 3.87 4.67 6.72 5.11 2.26 0.00 5.26 11.32 12.34 12.85 10.66 9.34 5.62 8.03 10.07 10.51 10.51 8.76 6.94 12.48 8.83 11.83 13.80 12.56 12.34 14.82 19.35 14.67 18.61 20.96 17.23 18.03 14.38 10.37 8.57 5.87 5.84 5.20 6.96 7.63 4.67 4.67 3.54 4.14 6.20 7.78 7.04 6.97 5.58 4.16 4.22 4.40 4.59 4.13 4.32 3.91 3.24
0.58 0.66 1.24 1.10 1.24 1.75 1.83 0.00 0.00 0.00 0.00 0.00 0.00 0.00 0.00 1.39 1.39 0.00 0.00 0.00 0.00 0.00 0.00 3.07 0.00 0.00 5.40 0.00 0.00 3.43 7.15 0.00 0.00 5.62 9.78 11.39 11.10 9.71 7.66 3.36 4.09 5.11 3.21 3.21 6.64 3.14 6.79 4.16 7.08 12.92 12.78 11.61 12.74 15.13 11.70 16.08 16.86 13.51 15.33 16.72 10.51 6.75 5.84 4.44 4.08 4.92 4.09 3.94 3.96 4.04 4.56 6.25 6.94 5.00 6.80 6.79 5.44 4.08 4.37 4.20 5.15 4.95 5.21 4.15
1.39 0.73 2.48 2.63 2.99 2.19 4.16 0.00 0.00 0.00 0.00 0.00 0.00 0.00 0.00 1.46 1.17 0.00 0.00 0.00 0.00 2.34 0.00 0.00 0.00 0.00 1.83 0.00 0.00 0.00 0.00 0.00 4.67 0.00 6.57 8.47 9.05 8.03 0.00 0.00 0.00 2.04 2.41 2.41 2.85 2.34 2.99 5.33 5.33 8.10 11.39 11.97 11.17 11.77 11.05 12.12 12.91 14.28 10.89 7.23 6.68 6.02 4.10 3.18 2.30 3.55 2.55 1.39 1.39 1.25 1.58 1.46 4.31 3.67 6.24 6.24 4.69 3.75 4.34 3.33 5.25 6.05 5.13 4.47
2.70 3.29 2.85 3.36 6.94 4.09 4.53 0.00 3.43 0.00 0.00 0.00 0.00 0.00 0.00 0.00 0.00 0.00 0.00 0.00 0.00 0.00 0.00 0.00 0.00 0.00 1.83 1.83 1.90 0.00 0.00 0.00 0.00 6.42 8.10 6.57 3.94 0.00 0.00 0.00 0.00 4.16 3.07 3.07 5.69 2.34 3.43 3.65 3.14 8.47 12.41 11.97 11.17 10.27 9.09 10.22 8.31 8.03 9.39 5.94 6.47 4.56 4.67 1.08 2.62 1.57 1.60 1.11 1.10 0.74 0.78 0.81 2.36 6.78 6.06 5.94 3.11 3.89 3.40 2.58 3.46 4.06 4.23 3.58
3.87 0.00 4.74 6.42 10.88 7.88 8.25 3.94 5.69 2.92 0.00 1.68 0.00 0.00 0.00 0.00 0.00 0.00 0.00 0.00 0.00 0.00 0.00 0.00 0.00 0.00 1.97 2.04 1.90 1.97 0.00 1.31 3.29 5.26 7.01 5.62 2.48 0.00 0.00 0.00 0.00 5.62 7.23 7.23 7.74 4.60 5.04 3.07 5.26 5.17 12.49 10.97 11.31 10.91 8.83 7.56 6.64 5.26 4.43 4.59 4.62 4.53 4.36 3.94 1.70 2.38 2.00 1.43 1.39 1.17 1.10 1.31 3.42 4.73 4.18 3.07 2.52 3.39 2.61 2.01 3.13 3.61 2.25 0.00
8.91 8.91 8.32 14.75 13.65 15.33 15.77 11.32 11.53 7.66 4.67 1.61 0.88 0.00 1.17 0.00 1.39 2.77 2.77 2.12 0.00 0.00 0.00 1.10 2.56 1.31 1.10 1.31 1.31 1.39 1.31 1.39 3.07 2.56 4.45 2.85 3.80 0.00 0.00 3.36 3.65 4.45 1.39 1.39 5.04 5.48 4.67 3.87 6.06 4.67 9.11 9.65 10.22 6.84 7.11 6.71 7.34 6.97 6.23 6.60 5.80 5.07 8.08 7.60 4.60 3.52 2.31 0.82 0.81 0.73 0.80 1.06 2.63 3.27 4.27 1.83 1.36 0.00 0.00 0.00 1.08 0.59 1.19 1.93
12.05 10.00 10.22 12.78 11.97 17.16 14.67 13.51 7.37 3.07 1.68 0.44 0.73 0.37 1.53 1.53 2.12 3.87 3.87 3.14 2.19 2.92 0.00 0.58 1.68 1.02 0.51 0.44 0.51 1.39 1.10 0.37 2.77 4.96 4.60 4.02 4.23 5.84 4.82 2.48 2.12 0.00 2.77 2.77 6.35 3.94 2.34 4.60 3.24 4.26 6.25 6.80 7.61 5.05 6.41 5.84 7.08 4.42 6.46 6.43 7.30 5.75 8.87 7.75 3.07 2.41 1.69 0.70 0.68 0.00 0.00 0.00 1.14 2.25 4.12 1.75 1.03 0.00 0.00 0.00 0.00 1.07 1.27 1.60
8.91 10.51 5.77 9.13 7.15 13.80 17.67 13.36 6.42 4.31 2.63 1.10 0.88 3.14 3.72 4.02 3.65 5.84 5.84 2.63 2.70 4.09 2.56 1.83 1.24 0.66 0.00 0.37 0.66 1.31 1.83 1.17 1.68 3.58 4.82 5.04 5.04 5.77 4.45 0.00 0.66 0.00 0.37 0.37 1.46 2.19 1.39 1.40 3.49 6.34 4.39 5.49 6.67 3.67 2.69 2.79 4.47 2.90 4.22 6.44 7.14 9.68 7.74 6.35 7.37 3.13 1.56 0.37 0.41 0.00 0.00 0.00 3.92 4.24 2.85 3.39 0.44 0.44 0.00 0.00 0.20 0.00 0.97 0.00
5.04 6.35 1.46 5.18 8.83 10.07 12.48 9.39 6.28 5.26 3.80 1.10 1.90 3.87 5.48 7.08 6.94 7.30 7.30 3.72 4.60 3.58 2.26 2.41 1.31 0.00 0.00 0.00 0.44 0.58 1.61 0.95 0.58 1.53 3.50 4.60 4.67 5.11 1.17 0.00 0.00 0.00 0.00 0.00 0.51 0.37 1.83 2.42 3.36 4.13 3.41 3.58 3.35 2.53 1.74 2.10 1.91 1.95 3.48 4.43 6.53 10.41 11.89 8.91 10.44 4.40 1.93 1.33 1.29 0.58 0.00 0.56 2.71 4.00 0.99 1.50 1.04 1.15 0.15 0.00 0.00 0.39 2.01 0.85
0.00 3.07 0.00 0.00 4.67 5.91 10.00 9.42 6.28 4.96 4.23 3.29 3.50 6.06 7.81 10.80 11.02 9.71 9.71 6.94 5.69 3.72 1.90 1.02 0.29 0.00 0.00 0.29 0.37 0.00 0.66 0.22 0.00 0.00 1.24 2.92 3.14 2.26 0.00 0.00 0.00 0.00 0.00 0.00 0.00 1.17 2.56 3.21 3.65 3.07 3.11 1.61 2.03 2.23 2.07 1.16 2.05 0.00 0.00 5.38 5.07 7.88 13.20 13.51 12.18 7.68 3.61 2.64 2.65 1.28 0.91 0.00 1.42 1.48 0.00 0.54 0.60 0.73 0.66 0.00 0.00 2.23 1.89 0.41
0.00 0.00 0.00 0.00 4.53 4.09 6.72 6.57 5.18 5.62 4.74 4.89 5.48 8.10 9.86 13.87 14.82 11.75 11.75 8.10 7.01 3.94 1.46 0.73 0.66 0.00 0.00 0.44 0.51 0.00 0.00 0.29 0.00 0.00 0.00 1.17 1.02 0.37 0.00 0.00 0.00 0.00 0.00 0.00 0.00 0.95 0.44 2.77 3.63 2.03 3.26 0.44 0.74 1.16 2.18 2.01 0.00 0.00 2.92 6.34 5.43 8.30 10.41 12.87 9.21 9.08 4.07 4.00 4.68 3.09 1.28 0.22 0.00 0.88 0.57 1.00 0.41 0.00 0.08 0.00 1.74 1.69 2.19 0.69
0.00 0.00 0.00 0.00 0.00 0.00 5.33 4.45 5.33 5.40 5.99 6.57 10.07 13.51 16.64 16.13 15.33 14.02 14.02 9.64 8.10 7.01 3.07 0.73 0.07 0.22 1.10 1.90 0.73 0.07 0.00 0.00 0.00 0.00 0.00 0.00 0.22 0.00 0.00 0.00 0.00 0.00 0.00 0.00 0.00 0.00 0.88 1.83 1.09 1.29 0.00 1.50 1.66 1.08 2.94 0.00 0.00 0.00 0.00 5.14 9.58 5.25 7.71 6.41 8.07 6.80 6.66 4.68 5.23 2.07 0.92 1.04 0.26 0.00 0.00 1.22 0.75 0.07 0.00 0.38 0.50 2.88 2.13 0.00
0.00 0.00 0.00 0.00 0.00 0.00 3.72 2.56 6.13 4.74 5.48 7.30 8.32 13.58 14.16 14.30 13.72 10.37 10.37 10.07 9.56 11.32 6.86 2.70 1.02 1.39 4.09 6.20 5.99 0.29 0.00 0.00 0.00 1.24 0.80 0.44 2.19 0.00 0.00 0.00 0.00 0.37 0.00 0.00 0.00 0.00 0.00 0.52 1.99 1.38 1.68 0.00 3.29 0.00 0.00 0.00 0.00 0.00 0.00 0.00 4.43 8.19 6.73 6.81 7.51 6.88 7.92 2.98 3.04 1.66 2.13 0.93 0.88 0.00 0.00 0.00 0.71 0.15 0.00 0.00 0.00 0.00 0.00 0.00
0.00 0.00 0.00 0.00 0.00 0.00 0.00 0.00 4.31 2.34 5.48 7.66 5.55 9.86 10.95 11.67 10.22 12.74 11.89 12.48 14.97 11.02 5.26 1.61 3.58 8.47 12.12 11.53 4.82 3.14 2.77 2.77 8.40 5.91 3.14 1.39 1.24 4.67 0.00 4.16 1.10 4.38 1.68 1.68 0.00 1.68 0.88 0.77 1.11 3.46 3.60 0.00 0.00 0.00 0.00 0.00 0.00 0.00 0.00 0.00 0.00 4.59 5.11 2.09 6.41 8.63 5.56 3.75 4.58 2.23 2.84 1.45 0.00 0.00 0.00 0.00 1.12 0.00 0.00 0.00 0.00 0.00 0.00 0.00
0.00 0.00 0.00 0.00 0.00 0.00 0.00 0.00 0.00 0.00 0.00 0.00 0.00 1.83 2.85 0.00 0.00 7.11 7.22 9.71 12.05 12.19 10.07 8.03 7.23 9.27 12.70 15.04 13.87 10.59 10.88 12.92 12.63 14.97 11.68 9.27 9.13 8.98 9.27 8.58 7.90 9.07 9.49 9.49 8.40 3.43 5.26 2.93 0.25 0.00 0.00 0.00 0.00 0.00 0.00 0.00 0.00 0.00 0.00 0.00 0.00 0.00 0.00 0.00 0.00 8.07 3.11 2.57 2.87 3.00 3.80 1.21 1.86 0.00 0.00 0.00 0.24 0.00 0.00 0.00 0.00 0.00 0.00 0.00
0.00 0.00 0.00 0.00 0.00 0.00 0.00 0.00 0.00 0.00 0.00 0.00 0.00 0.00 0.00 0.00 0.00 3.43 3.43 5.99 7.82 8.40 7.59 8.98 7.81 7.92 7.49 12.48 12.41 11.39 11.97 14.24 14.16 11.53 9.49 5.99 9.27 11.10 10.00 10.66 6.38 9.82 8.61 9.62 9.93 9.93 5.69 0.97 0.00 0.00 0.00 0.00 0.00 0.00 0.00 0.00 0.00 0.00 0.00 0.00 0.00 0.00 0.00 0.00 0.00 6.15 4.65 0.00 0.00 0.00 0.00 0.00 1.49 0.00 0.00 0.00 0.00 0.00 0.00 0.00 0.00 0.00 0.00 0.00
0.00 0.00 0.00 0.00 0.00 0.00 0.00 0.00 0.00 0.00 0.00 0.00 0.00 0.00 0.00 0.00 0.00 0.00 0.00 0.00 3.21 5.55 6.35 6.20 6.13 4.40 8.86 9.78 10.29 10.88 12.05 9.86 11.78 11.39 8.25 3.40 4.82 9.27 4.82 7.08 0.00 3.58 8.32 10.57 9.59 8.91 7.90 0.00 0.00 0.00 0.00 0.00 0.00 0.00 0.00 0.00 0.00 0.00 0.00 0.00 0.00 0.00 0.00 0.00 0.00 0.00 0.00 0.00 0.00 0.00 0.00 0.00 0.00 0.00 0.00 0.00 0.00 0.00 0.00 0.00 0.00 0.00 0.00 0.00
0.00 0.00 0.00 0.00 0.00 0.00 0.00 0.00 0.00 0.00 0.00 0.00 0.00 0.00 0.00 0.00 0.00 0.00 0.00 0.00 0.00 0.00 3.43 3.36 3.29 0.00 4.31 5.48 7.01 5.91 7.81 5.87 9.79 8.10 6.42 0.00 5.40 0.00 3.80 3.58 0.00 0.00 0.00 0.00 0.00 8.33 0.78 0.00 0.00 0.00 0.00 0.00 0.00 0.00 0.00 0.00 0.00 0.00 0.00 0.00 0.00 0.00 0.00 0.00 0.00 0.00 0.00 0.00 0.00 0.00 0.00 0.00 0.00 0.00 0.00 0.00 0.00 0.00 0.00 0.00 0.00 0.00 0.00 0.00
