Wansh/Snow_depth/snowdepth-1995/winter/1995341.txt
ncols 321
nrows 161
xllcenter 60
yllcenter 15 
cellsize  0.25 
NODATA_value -1
[rows 0 to 36 of 161, columns 0 to 83 of 321]
0.00 0.00 2.04 4.16 4.09 5.26 5.99 6.06 6.20 5.18 5.40 4.96 5.18 4.96 5.33 5.18 5.33 5.48 5.62 5.40 5.40 4.23 4.82 4.89 2.85 3.21 3.21 3.07 2.77 3.65 3.36 3.43 3.72 4.38 3.94 5.26 6.13 5.91 5.48 6.13 5.99 5.48 5.48 4.96 4.31 4.02 4.02 4.02 0.22 0.00 0.00 0.00 0.29 2.34 2.34 2.34 2.48 2.19 2.12 2.19 2.48 2.41 2.04 1.83 2.04 2.26 1.17 1.83 1.90 0.88 0.66 0.88 0.58 1.97 1.61 2.92 2.92 3.58 3.80 3.36 3.87 3.29 3.29 2.26
4.38 4.38 5.62 5.55 5.91 6.13 6.86 7.23 7.30 6.72 6.13 6.28 0.00 0.00 0.00 0.00 3.50 5.04 5.40 5.62 4.60 3.50 3.65 3.65 3.36 3.43 3.43 2.56 3.50 2.99 4.23 4.60 4.96 4.67 5.40 6.28 6.13 6.28 5.48 5.69 4.74 5.33 5.33 4.16 3.94 0.00 0.00 0.00 0.00 0.00 0.00 0.00 0.15 0.00 0.00 2.12 2.41 2.19 2.04 1.68 1.97 1.83 2.34 2.77 2.41 1.02 1.61 0.44 0.44 0.00 0.00 0.00 0.00 1.17 2.34 1.75 1.75 3.58 3.21 3.21 3.14 3.21 2.19 2.19
3.94 3.94 5.26 6.50 6.35 7.59 7.45 7.74 6.72 7.66 0.00 0.00 0.00 0.00 0.00 0.00 0.00 5.18 5.48 4.16 4.23 3.50 3.14 2.41 3.07 2.19 2.19 3.14 2.92 4.60 5.04 4.89 0.00 0.00 5.04 4.31 4.67 3.07 0.00 0.00 0.00 0.00 0.00 3.21 1.90 1.61 0.22 0.58 0.00 0.00 0.00 0.00 0.00 0.00 0.00 2.26 2.19 2.04 1.68 2.19 2.19 2.26 2.63 2.77 1.68 1.68 1.75 1.75 1.17 1.31 1.17 1.17 1.02 0.95 1.31 1.24 1.24 1.17 2.77 1.83 2.34 2.34 2.26 2.19
3.94 3.94 5.26 6.50 6.35 7.59 7.45 7.74 6.72 7.66 0.00 0.00 0.00 0.00 0.00 0.00 0.00 5.18 5.48 4.16 4.23 3.50 3.14 2.41 3.07 2.19 2.19 3.14 2.92 4.60 5.04 4.89 0.00 0.00 5.04 4.31 4.67 3.07 0.00 0.00 0.00 0.00 0.00 3.21 1.90 1.61 0.22 0.58 0.00 0.00 0.00 0.00 0.00 0.00 0.00 2.26 2.19 2.04 1.68 2.19 2.19 2.26 2.63 2.77 1.68 1.68 1.75 1.75 1.17 1.31 1.17 1.17 1.02 0.95 1.31 1.24 1.24 1.17 2.77 1.83 2.34 2.34 2.26 2.19
5.99 5.99 6.72 6.64 7.23 6.86 7.45 5.11 5.40 4.74 0.00 0.00 0.00 0.00 0.00 0.00 0.00 0.00 0.00 0.00 0.00 0.00 2.41 2.63 1.90 1.90 1.90 2.26 3.87 4.38 5.62 5.18 5.48 4.53 3.87 0.00 3.43 2.63 2.77 0.00 0.00 0.00 0.00 0.00 0.29 0.00 0.00 0.00 0.00 0.00 0.00 0.00 1.17 0.00 0.00 1.39 1.75 1.83 1.83 1.75 2.99 2.12 2.41 2.48 2.12 2.56 2.04 2.12 1.90 2.12 1.83 1.83 1.31 1.02 1.17 1.53 1.53 1.75 1.75 1.61 2.70 2.34 2.34 1.31
6.06 6.06 7.37 7.59 7.45 7.74 6.13 6.79 4.60 4.16 0.00 0.00 0.00 0.00 0.00 0.00 0.00 0.00 0.00 0.00 0.00 0.00 0.00 0.00 0.00 0.00 0.00 2.92 3.87 3.80 0.00 5.04 5.33 5.40 4.23 4.31 2.56 2.63 2.48 2.12 0.00 0.00 0.00 0.00 0.00 0.00 0.00 0.00 0.00 1.83 0.00 0.00 0.66 0.00 0.00 0.00 0.00 0.00 0.00 0.00 2.41 3.43 3.21 2.34 2.70 2.63 2.63 2.77 2.77 0.00 2.04 1.97 1.90 1.68 1.02 1.39 1.39 1.68 2.92 2.92 2.99 2.85 1.68 1.90
7.96 7.96 7.45 7.30 7.74 7.74 6.72 4.60 4.89 0.00 0.00 0.00 0.00 0.00 0.00 2.19 2.70 2.70 0.00 0.00 0.00 0.00 0.00 0.00 0.00 0.00 0.00 0.00 0.00 0.00 4.96 5.33 4.53 4.31 4.74 4.16 2.85 2.70 2.70 0.00 0.00 0.00 0.00 0.00 0.00 0.00 0.00 0.00 0.00 0.00 0.73 0.73 0.07 0.88 0.00 0.80 0.00 0.00 0.00 4.09 2.85 3.36 3.21 0.00 0.00 0.00 2.63 0.00 0.00 0.00 0.00 1.10 1.46 1.75 1.02 0.66 0.66 2.63 2.41 0.00 2.56 2.48 3.21 1.97
7.96 7.96 7.45 7.30 7.74 7.74 6.72 4.60 4.89 0.00 0.00 0.00 0.00 0.00 0.00 2.19 2.70 2.70 0.00 0.00 0.00 0.00 0.00 0.00 0.00 0.00 0.00 0.00 0.00 0.00 4.96 5.33 4.53 4.31 4.74 4.16 2.85 2.70 2.70 0.00 0.00 0.00 0.00 0.00 0.00 0.00 0.00 0.00 0.00 0.00 0.73 0.73 0.07 0.88 0.00 0.80 0.00 0.00 0.00 4.09 2.85 3.36 3.21 0.00 0.00 0.00 2.63 0.00 0.00 0.00 0.00 1.10 1.46 1.75 1.02 0.66 0.66 2.63 2.41 0.00 2.56 2.48 3.21 1.97
8.25 8.25 8.32 7.59 7.30 6.64 5.04 5.62 3.36 3.80 0.00 1.75 1.75 0.95 2.34 1.31 1.53 2.99 1.75 2.04 1.97 0.00 0.00 0.00 0.00 5.04 5.04 6.20 6.13 5.77 5.77 5.91 4.82 4.45 4.53 4.67 2.92 2.85 1.68 1.68 0.00 1.68 1.61 1.46 0.00 0.00 0.00 0.00 0.00 0.00 1.02 1.02 0.00 0.00 0.00 0.00 0.00 0.00 0.00 0.00 0.00 0.00 0.00 0.00 0.00 0.00 0.00 0.00 0.00 0.00 0.00 0.00 1.61 0.00 0.00 0.00 0.00 0.00 0.00 0.00 0.00 2.63 2.19 2.48
7.23 7.23 7.37 6.20 5.55 5.48 5.26 3.43 3.65 2.34 2.12 2.19 2.19 2.04 2.12 2.12 2.48 2.19 2.56 1.39 1.97 1.53 0.00 0.00 5.99 5.84 5.84 6.42 5.69 5.40 5.77 4.96 6.06 4.74 5.04 4.96 3.80 0.00 0.00 1.90 1.68 1.97 0.00 2.04 1.97 1.75 0.00 0.00 0.00 0.00 0.00 0.00 0.00 0.00 0.00 0.00 0.00 0.00 0.00 0.00 0.00 0.00 0.00 0.00 0.00 0.00 0.00 0.00 0.00 0.00 0.00 0.00 0.00 0.00 1.31 0.00 0.00 0.00 0.00 0.00 0.00 1.53 2.85 2.70
7.08 7.08 4.31 5.04 3.87 3.80 1.83 1.83 1.31 2.63 2.56 3.29 3.21 3.43 3.14 2.77 2.92 2.04 2.34 2.48 2.26 0.00 0.00 0.00 5.55 5.26 5.26 5.33 5.26 4.89 5.62 6.72 6.64 5.99 5.11 4.89 0.00 0.00 2.92 3.14 1.90 2.63 3.07 3.07 1.90 0.00 0.00 0.00 0.00 0.00 0.00 0.00 0.00 0.00 0.00 0.00 0.00 0.00 0.00 0.00 0.00 0.00 0.00 0.00 0.00 0.00 0.00 0.00 0.00 0.00 0.00 0.00 1.68 0.00 1.31 1.31 1.31 0.00 0.15 0.51 2.04 1.31 3.36 3.29
7.08 7.08 4.31 5.04 3.87 3.80 1.83 1.83 1.31 2.63 2.56 3.29 3.21 3.43 3.14 2.77 2.92 2.04 2.34 2.48 2.26 0.00 0.00 0.00 5.55 5.26 5.26 5.33 5.26 4.89 5.62 6.72 6.64 5.99 5.11 4.89 0.00 0.00 2.92 3.14 1.90 2.63 3.07 3.07 1.90 0.00 0.00 0.00 0.00 0.00 0.00 0.00 0.00 0.00 0.00 0.00 0.00 0.00 0.00 0.00 0.00 0.00 0.00 0.00 0.00 0.00 0.00 0.00 0.00 0.00 0.00 0.00 1.68 0.00 1.31 1.31 1.31 0.00 0.15 0.51 2.04 1.31 3.36 3.29
6.72 6.72 5.26 3.58 2.85 2.92 1.46 0.80 0.88 1.90 3.21 2.77 3.43 3.72 4.09 2.56 2.12 2.26 2.19 3.50 4.74 5.91 5.77 6.13 4.96 3.50 3.50 4.96 4.67 5.99 7.59 7.23 6.57 6.13 5.11 3.72 4.96 3.43 3.36 3.07 2.85 3.65 3.80 3.14 3.43 3.07 0.00 0.00 0.00 0.00 0.00 0.00 0.00 0.00 0.00 0.00 0.00 0.00 0.00 3.72 3.43 1.17 0.00 1.39 0.00 0.00 0.00 0.00 0.00 0.00 2.41 0.00 1.83 0.80 1.53 1.75 1.75 1.31 1.10 0.88 1.61 3.21 3.29 1.39
5.84 5.84 4.31 4.16 3.36 1.10 1.53 0.15 2.77 1.83 2.92 2.56 2.63 2.56 2.41 2.77 2.99 3.07 3.50 3.58 3.07 5.11 4.38 3.36 0.00 0.00 0.00 3.14 6.06 7.15 5.55 6.28 6.42 4.74 4.53 0.00 0.00 3.50 0.00 3.58 0.00 0.00 2.56 2.85 2.85 3.14 0.00 0.00 0.00 0.00 0.00 0.00 2.77 0.00 2.85 2.56 3.58 2.85 3.21 2.63 2.41 1.10 1.10 0.95 2.41 1.90 2.70 2.26 1.97 1.97 2.70 0.88 0.95 0.44 0.88 1.10 1.10 1.17 0.95 0.88 0.88 0.73 0.58 0.73
4.96 4.96 4.89 3.29 3.65 1.10 0.22 2.41 1.53 2.77 2.48 2.63 2.19 2.19 2.26 2.41 2.85 2.99 3.58 3.50 3.72 4.67 5.04 0.00 3.87 3.87 3.87 5.69 4.74 0.00 1.97 1.68 3.43 0.00 3.43 0.00 0.00 0.00 0.00 0.00 0.00 0.00 0.00 0.00 0.00 0.00 0.00 0.00 0.00 0.00 0.00 0.00 2.48 2.70 3.14 2.77 2.19 2.63 3.14 1.31 1.97 1.24 1.46 1.53 1.02 1.31 0.51 1.83 2.56 1.68 1.53 0.95 0.44 0.07 0.29 0.37 0.37 0.66 0.80 0.88 0.73 0.66 1.10 0.95
3.21 3.21 3.36 3.50 1.39 1.24 0.80 2.41 4.09 3.94 3.58 2.70 2.41 2.48 2.26 1.83 0.00 0.00 3.65 3.72 3.80 3.43 0.00 0.00 3.80 2.56 2.56 3.50 1.68 1.39 1.68 1.75 1.39 0.00 0.00 0.00 0.00 0.00 0.00 2.77 0.00 0.00 0.00 0.00 0.00 0.00 0.00 0.00 0.00 0.00 0.00 0.00 0.00 2.77 2.77 1.68 1.83 2.41 3.43 1.83 1.83 1.46 1.46 1.39 0.37 1.10 0.88 0.88 0.00 0.37 0.37 0.00 0.00 0.00 0.00 0.15 0.15 0.73 1.31 1.61 0.80 0.95 0.88 0.88
3.21 3.21 3.36 3.50 1.39 1.24 0.80 2.41 4.09 3.94 3.58 2.70 2.41 2.48 2.26 1.83 0.00 0.00 3.65 3.72 3.80 3.43 0.00 0.00 3.80 2.56 2.56 3.50 1.68 1.39 1.68 1.75 1.39 0.00 0.00 0.00 0.00 0.00 0.00 2.77 0.00 0.00 0.00 0.00 0.00 0.00 0.00 0.00 0.00 0.00 0.00 0.00 0.00 2.77 2.77 1.68 1.83 2.41 3.43 1.83 1.83 1.46 1.46 1.39 0.37 1.10 0.88 0.88 0.00 0.37 0.37 0.00 0.00 0.00 0.00 0.15 0.15 0.73 1.31 1.61 0.80 0.95 0.88 0.88
2.85 2.85 2.34 1.83 2.04 1.24 1.83 2.77 3.36 3.29 0.00 2.77 2.85 0.00 0.00 0.00 2.41 4.31 4.67 4.60 4.02 3.65 4.16 3.58 3.50 2.04 2.04 1.83 1.39 1.53 1.61 2.85 2.26 0.00 0.00 0.00 0.00 0.00 0.00 0.00 0.00 0.00 0.00 0.00 0.00 0.00 0.00 0.00 0.00 0.00 0.00 0.00 0.00 0.00 0.00 1.24 0.88 0.88 0.80 0.66 1.17 1.10 1.31 0.73 0.51 0.37 0.00 0.07 0.00 0.22 0.29 0.29 0.00 0.00 0.66 0.51 0.51 0.44 1.02 0.95 1.02 1.31 1.31 1.17
2.04 2.04 2.34 1.46 1.46 1.46 1.53 2.19 2.48 2.70 2.48 0.00 3.29 3.14 3.58 2.99 4.02 3.80 4.53 5.40 0.00 3.29 3.07 2.99 3.58 3.65 3.65 1.97 0.00 1.68 3.29 0.00 0.00 0.00 1.31 0.00 0.00 0.00 0.00 1.17 0.00 0.00 0.00 0.00 0.00 0.00 0.00 0.00 0.00 0.00 0.00 0.00 0.00 0.00 0.00 0.00 0.00 1.61 0.66 0.29 1.17 1.17 1.31 1.68 1.39 1.46 0.44 0.58 0.15 0.29 0.00 0.66 0.00 0.00 0.00 0.58 0.58 0.00 0.00 0.80 1.39 0.95 0.80 1.75
0.44 0.44 0.00 0.51 0.29 0.22 1.17 1.02 1.10 0.00 0.00 0.00 0.00 3.14 0.00 0.00 0.00 3.21 4.53 4.60 3.80 3.50 2.99 2.85 3.07 2.77 2.77 2.63 0.00 0.00 0.00 0.00 2.34 0.88 1.46 0.00 0.15 0.00 0.00 0.44 0.00 0.00 0.00 0.00 0.00 0.00 0.00 0.00 0.00 0.00 0.00 0.00 0.00 0.00 0.00 0.00 0.00 1.68 2.41 2.34 2.34 2.77 1.46 2.26 1.75 1.61 0.95 1.02 0.80 0.37 0.58 0.66 0.37 0.00 0.00 0.00 0.00 0.00 0.66 0.22 0.44 0.07 0.07 0.00
0.00 0.00 0.00 0.00 0.07 0.00 0.07 0.22 0.00 0.00 0.00 0.22 0.00 0.00 0.00 0.00 2.12 2.41 3.29 3.50 4.60 3.58 2.41 2.34 3.07 3.29 3.29 3.21 0.00 0.00 0.00 0.00 0.00 0.00 0.73 0.00 0.88 0.00 0.00 0.00 0.00 0.00 0.00 0.00 0.00 0.00 0.00 0.00 0.00 0.00 0.00 0.00 0.00 0.00 0.00 0.00 3.21 3.21 2.63 2.70 2.56 2.56 2.04 2.19 2.12 1.46 1.46 2.19 2.12 2.04 0.66 0.00 0.00 0.44 0.00 0.00 0.00 0.00 0.95 0.80 0.73 0.00 0.00 0.00
0.00 0.00 0.00 0.00 0.00 0.00 0.00 0.00 0.00 0.07 0.00 0.00 0.00 0.00 0.00 0.00 1.10 0.00 2.26 2.12 3.87 3.14 2.70 3.14 2.92 3.65 3.65 3.36 3.87 0.00 3.43 0.00 1.90 2.77 0.00 0.00 0.00 0.00 0.00 0.00 0.00 0.00 0.00 0.00 0.00 0.00 3.07 2.92 0.00 0.00 0.00 0.00 0.00 0.00 2.41 3.14 3.50 2.70 3.29 3.21 2.92 2.26 2.70 2.34 2.48 1.17 1.61 1.46 1.17 1.10 0.44 0.95 1.17 1.02 0.29 0.37 0.37 0.58 0.37 0.44 0.00 0.00 0.00 0.00
0.00 0.00 0.00 0.00 0.00 0.00 0.00 0.00 0.00 0.07 0.00 0.00 0.00 0.00 0.00 0.00 1.10 0.00 2.26 2.12 3.87 3.14 2.70 3.14 2.92 3.65 3.65 3.36 3.87 0.00 3.43 0.00 1.90 2.77 0.00 0.00 0.00 0.00 0.00 0.00 0.00 0.00 0.00 0.00 0.00 0.00 3.07 2.92 0.00 0.00 0.00 0.00 0.00 0.00 2.41 3.14 3.50 2.70 3.29 3.21 2.92 2.26 2.70 2.34 2.48 1.17 1.61 1.46 1.17 1.10 0.44 0.95 1.17 1.02 0.29 0.37 0.37 0.58 0.37 0.44 0.00 0.00 0.00 0.00
0.51 0.51 0.22 0.00 0.00 0.00 0.00 0.00 0.00 0.00 0.00 0.00 0.00 0.00 0.00 0.00 0.44 1.46 2.04 2.12 1.53 1.83 2.99 2.41 2.77 3.14 3.14 3.14 2.92 4.16 3.43 2.12 2.48 2.63 1.53 0.00 0.00 0.00 0.00 0.00 0.00 0.00 0.00 0.00 0.00 0.00 0.00 0.00 0.00 0.00 1.10 1.10 0.00 0.00 0.00 2.48 4.23 4.23 3.36 3.07 3.14 2.41 2.63 2.63 1.83 1.90 1.90 1.31 1.46 0.95 0.95 1.10 0.58 0.88 0.66 1.39 1.39 0.95 0.80 0.07 0.00 0.00 0.00 0.00
0.73 0.73 0.22 0.66 0.00 0.00 0.00 0.00 0.00 0.00 0.00 0.00 0.00 0.00 0.00 0.00 1.02 0.73 1.75 2.12 2.26 0.44 2.04 2.34 2.12 2.34 2.34 2.26 0.00 3.87 3.80 3.29 2.63 0.00 0.00 0.00 0.00 0.00 0.00 0.00 0.00 0.00 0.00 0.00 0.00 0.00 0.00 0.00 0.00 2.04 0.00 0.00 2.77 2.56 3.50 4.23 4.02 4.23 4.23 4.38 2.99 2.99 2.85 2.99 2.70 2.70 2.70 2.85 2.48 2.63 1.24 1.39 1.17 1.39 1.83 1.97 1.97 0.29 0.44 0.15 0.00 0.00 0.00 0.00
0.58 0.58 0.80 0.22 0.00 0.00 0.00 0.00 0.00 0.00 0.00 0.00 0.00 0.00 0.00 0.00 0.44 2.12 2.34 1.31 0.88 0.22 0.73 1.53 1.17 0.00 0.00 0.00 0.00 3.80 4.60 3.36 0.00 0.00 0.00 0.00 0.00 0.00 0.00 0.00 0.00 0.00 0.00 0.00 0.00 0.00 0.00 0.00 2.85 0.00 0.00 0.00 3.29 3.43 3.87 4.09 5.04 5.55 5.40 5.04 4.31 3.21 2.99 2.92 2.63 3.21 2.04 3.14 3.07 3.07 1.75 1.17 1.31 2.12 2.56 2.34 2.34 2.56 0.44 0.00 0.15 0.00 0.00 0.73
0.88 0.88 0.73 0.73 0.00 0.00 0.00 0.00 0.00 0.00 0.00 0.00 0.00 0.00 0.00 0.07 1.02 1.31 0.37 1.10 1.10 1.17 0.95 1.46 0.00 0.00 0.00 2.99 3.14 2.34 0.00 0.00 0.00 0.00 0.00 0.00 0.00 0.00 0.00 0.00 0.00 0.00 0.00 0.00 0.00 0.00 0.00 0.00 3.14 2.41 3.72 3.72 3.43 3.72 3.50 2.92 4.02 4.16 4.89 4.09 3.94 3.50 3.14 3.21 3.43 3.36 3.07 3.58 3.43 1.53 2.19 1.46 2.26 1.68 3.14 1.97 1.97 2.48 2.04 1.90 0.80 0.00 0.00 0.73
0.22 0.22 0.00 0.00 0.00 0.00 0.00 0.00 0.00 0.00 0.00 0.00 0.00 0.00 0.00 0.00 0.00 0.29 0.00 0.00 0.37 0.58 1.68 1.68 1.39 3.65 3.65 3.14 2.12 1.10 0.00 0.00 0.00 0.00 0.00 0.00 0.00 0.00 0.00 0.00 0.00 0.00 0.00 0.00 0.00 0.00 0.00 3.50 3.80 3.36 3.58 3.58 3.65 3.14 3.43 2.63 2.70 3.29 2.99 2.99 3.94 3.87 2.99 2.70 3.50 3.14 2.99 3.72 3.65 2.77 1.90 1.97 1.53 1.53 1.75 1.83 1.83 2.41 2.85 1.46 1.68 1.90 1.68 0.58
0.22 0.22 0.00 0.00 0.00 0.00 0.00 0.00 0.00 0.00 0.00 0.00 0.00 0.00 0.00 0.00 0.00 0.29 0.00 0.00 0.37 0.58 1.68 1.68 1.39 3.65 3.65 3.14 2.12 1.10 0.00 0.00 0.00 0.00 0.00 0.00 0.00 0.00 0.00 0.00 0.00 0.00 0.00 0.00 0.00 0.00 0.00 3.50 3.80 3.36 3.58 3.58 3.65 3.14 3.43 2.63 2.70 3.29 2.99 2.99 3.94 3.87 2.99 2.70 3.50 3.14 2.99 3.72 3.65 2.77 1.90 1.97 1.53 1.53 1.75 1.83 1.83 2.41 2.85 1.46 1.68 1.90 1.68 0.58
0.00 0.00 0.00 0.00 0.00 0.00 0.00 0.00 0.00 0.00 0.00 0.00 0.00 0.00 0.00 0.07 0.00 0.00 0.00 0.00 0.15 0.07 4.02 0.66 1.61 3.29 3.29 3.07 1.31 0.00 0.00 0.00 0.00 0.00 0.00 0.00 0.00 0.00 0.00 0.00 0.00 0.00 0.00 0.00 1.68 0.00 0.00 3.43 4.67 4.31 4.60 4.60 3.29 3.21 2.56 2.77 1.90 1.90 2.63 3.87 3.94 3.21 3.58 3.14 3.29 3.50 3.58 4.02 3.87 3.14 2.19 2.04 1.83 1.90 0.44 1.68 1.68 1.39 2.26 1.46 1.83 1.97 1.75 2.34
0.00 0.00 0.00 0.00 0.00 0.00 0.00 0.00 0.00 0.00 0.00 0.00 0.00 0.00 0.00 0.00 0.00 0.00 0.00 0.00 0.00 0.73 0.00 0.00 0.44 1.83 1.83 2.63 1.97 1.02 0.00 0.00 0.00 0.00 0.00 0.29 0.00 0.00 0.00 0.00 1.46 1.83 0.00 0.00 1.83 1.97 2.77 4.16 5.69 5.84 5.84 5.84 4.45 3.43 2.19 1.83 1.97 1.90 2.77 2.48 3.43 3.72 2.19 2.63 2.41 3.21 3.58 3.36 2.70 2.92 2.34 2.41 1.68 2.04 0.44 0.00 0.00 1.02 1.10 0.66 1.46 1.68 1.75 1.46
0.00 0.00 0.00 0.00 0.00 0.00 0.00 0.00 0.00 0.00 0.00 0.00 0.22 0.07 0.00 0.00 0.00 0.00 0.00 0.00 0.00 0.00 0.00 0.00 0.37 0.00 0.00 0.00 0.73 0.00 0.00 0.00 0.00 0.00 0.00 0.00 0.00 0.07 0.00 0.00 0.37 1.90 2.19 1.53 1.68 1.46 2.56 4.16 4.74 5.62 5.99 5.99 5.55 2.99 2.26 1.10 1.39 1.39 1.68 1.90 2.26 0.44 1.24 1.97 0.73 0.44 2.04 1.90 2.77 0.80 1.10 1.68 0.37 0.80 1.10 0.00 0.00 0.00 0.22 0.00 0.51 0.95 1.17 0.88
0.00 0.00 0.00 0.00 0.00 0.00 0.00 0.00 0.00 0.00 0.00 0.00 0.00 0.00 0.00 0.00 0.00 0.00 0.00 0.00 0.00 0.00 0.00 0.00 0.00 0.00 0.00 0.00 0.00 0.00 0.00 0.00 0.00 0.00 0.00 0.00 0.00 0.00 0.00 0.00 0.00 0.44 0.15 1.24 1.75 1.24 4.16 3.65 4.74 3.80 3.07 3.07 2.34 2.56 1.90 1.39 0.44 1.39 0.44 0.00 0.00 0.00 0.00 0.00 0.00 0.00 0.00 0.00 1.02 0.00 0.00 0.00 0.00 0.00 0.00 0.00 0.00 0.00 0.00 0.00 0.00 0.00 0.00 0.00
0.00 0.00 0.00 0.00 0.00 0.00 0.00 0.00 0.00 0.00 0.00 0.37 0.00 0.00 0.00 0.00 0.00 0.00 0.00 0.00 0.00 0.00 0.00 0.00 0.00 0.00 0.00 0.00 0.00 0.00 0.00 0.00 0.00 0.00 0.00 0.00 0.00 0.00 0.00 0.00 0.58 0.29 0.51 0.07 0.95 0.58 3.72 3.43 2.70 3.36 3.14 3.14 1.68 0.37 0.29 0.00 0.00 0.00 0.00 0.00 0.00 0.00 0.00 0.00 0.00 0.00 0.00 0.00 0.00 0.00 0.00 0.00 0.00 0.00 0.00 0.00 0.00 0.00 0.00 0.07 0.00 0.00 0.00 0.00
0.00 0.00 0.00 0.00 0.00 0.00 0.00 0.00 0.00 0.00 0.00 0.00 0.00 0.00 0.00 0.00 0.00 0.00 0.00 0.00 0.00 0.00 0.00 0.00 0.00 0.00 0.00 0.00 0.00 0.00 0.00 0.00 0.00 0.00 0.00 0.00 0.00 0.00 0.00 0.00 0.00 0.00 0.00 0.00 0.00 0.07 0.37 1.24 2.41 3.14 1.39 1.39 0.66 0.44 0.51 0.00 0.00 0.00 0.00 0.00 0.00 0.00 0.00 0.00 0.00 0.00 0.00 0.00 0.00 0.00 0.00 0.00 0.00 0.00 0.00 0.00 0.00 0.00 0.00 0.00 0.00 0.00 0.00 0.00
0.00 0.00 0.00 0.00 0.00 0.00 0.00 0.00 0.00 0.00 0.00 0.00 0.00 0.00 0.00 0.00 0.00 0.00 0.00 0.00 0.00 0.00 0.00 0.00 0.00 0.00 0.00 0.00 0.00 0.00 0.00 0.00 0.00 0.00 0.00 0.00 0.00 0.00 0.00 0.00 0.00 0.00 0.00 0.00 0.00 0.07 0.37 1.24 2.41 3.14 1.39 1.39 0.66 0.44 0.51 0.00 0.00 0.00 0.00 0.00 0.00 0.00 0.00 0.00 0.00 0.00 0.00 0.00 0.00 0.00 0.00 0.00 0.00 0.00 0.00 0.00 0.00 0.00 0.00 0.00 0.00 0.00 0.00 0.00
0.00 0.00 0.00 0.00 0.00 0.00 0.00 0.00 0.00 0.00 0.00 0.00 0.00 0.00 0.00 0.00 0.00 0.00 0.00 0.00 0.00 0.00 0.00 0.00 0.00 0.00 0.00 0.00 0.00 0.00 0.00 0.00 0.00 0.00 0.00 0.00 0.00 0.00 0.00 0.00 0.00 0.00 0.00 0.00 0.00 0.00 0.00 0.29 0.95 2.19 1.24 1.24 0.88 0.73 0.73 0.00 0.00 0.00 0.00 0.00 0.00 0.00 0.00 0.00 0.00 0.00 0.00 0.00 0.00 0.00 0.00 0.00 0.00 0.00 0.00 0.00 0.00 0.00 0.00 0.00 0.00 0.00 0.00 0.95
