Wansh/Snow_depth/snowdepth-1995/winter/1995356.txt
ncols 321
nrows 161
xllcenter 60
yllcenter 15 
cellsize  0.25 
NODATA_value -1
[rows 0 to 36 of 161, columns 84 to 167 of 321]
7.15 7.01 7.15 7.01 5.62 6.28 2.77 3.43 3.29 6.28 5.77 7.37 6.64 7.01 4.96 4.38 4.31 4.09 4.09 3.43 3.43 3.36 3.87 2.56 1.75 1.68 1.53 1.17 2.26 2.48 2.26 2.19 2.41 1.39 0.15 0.58 0.00 0.00 0.00 0.15 1.68 2.26 2.26 2.26 2.26 1.31 0.00 1.46 2.63 3.50 3.14 5.26 5.26 5.26 3.94 3.07 2.92 2.70 2.56 1.97 1.97 0.51 1.97 1.97 1.97 1.75 2.04 2.12 2.12 3.80 3.94 4.31 4.31 4.60 4.89 4.67 4.67 4.74 5.11 4.82 5.04 4.82 4.53 3.14
6.50 6.50 6.86 5.99 5.69 3.07 3.65 2.70 5.11 4.45 6.86 7.08 6.86 4.96 5.33 3.65 2.92 3.72 3.72 3.43 2.56 2.92 2.85 2.92 2.92 2.56 4.09 3.07 3.43 3.58 1.90 1.46 1.39 1.17 0.00 0.00 0.00 0.58 0.00 0.00 2.70 0.73 3.43 3.43 4.23 3.80 1.83 2.70 1.90 2.85 2.26 3.14 2.41 2.99 2.92 3.43 3.36 6.42 4.60 4.02 3.72 2.41 4.96 1.83 5.55 5.69 5.40 5.40 5.40 5.04 4.82 6.42 5.55 5.40 5.26 5.84 6.64 5.77 5.91 5.48 5.04 5.04 4.23 4.16
6.57 5.40 5.77 4.96 3.65 3.87 4.02 4.09 4.60 6.72 6.20 6.42 6.35 6.50 4.96 3.43 4.16 2.41 2.41 2.19 2.41 2.04 2.48 2.70 2.77 2.56 3.87 3.36 4.82 4.02 3.07 2.41 1.75 0.80 1.61 2.12 1.17 3.07 1.97 0.37 3.21 2.77 2.41 2.41 5.69 4.96 6.86 4.67 5.26 2.99 1.83 2.56 3.21 3.43 4.02 5.48 4.74 6.42 7.74 8.32 8.25 8.47 6.35 7.23 5.69 7.15 8.25 9.78 9.78 8.83 6.79 7.74 4.82 5.48 6.64 6.13 7.23 7.23 5.99 6.06 5.40 4.23 4.89 4.38
6.57 5.40 5.77 4.96 3.65 3.87 4.02 4.09 4.60 6.72 6.20 6.42 6.35 6.50 4.96 3.43 4.16 2.41 2.41 2.19 2.41 2.04 2.48 2.70 2.77 2.56 3.87 3.36 4.82 4.02 3.07 2.41 1.75 0.80 1.61 2.12 1.17 3.07 1.97 0.37 3.21 2.77 2.41 2.41 5.69 4.96 6.86 4.67 5.26 2.99 1.83 2.56 3.21 3.43 4.02 5.48 4.74 6.42 7.74 8.32 8.25 8.47 6.35 7.23 5.69 7.15 8.25 9.78 9.78 8.83 6.79 7.74 4.82 5.48 6.64 6.13 7.23 7.23 5.99 6.06 5.40 4.23 4.89 4.38
5.26 5.77 3.87 3.94 4.53 4.45 4.60 5.04 5.11 5.04 5.26 5.18 5.99 6.72 5.91 6.35 5.11 3.14 3.14 3.94 2.70 2.56 2.56 2.99 2.48 2.63 2.99 3.43 4.16 3.87 4.09 4.53 3.50 2.34 3.50 2.70 3.07 2.26 2.34 3.80 4.09 4.02 5.99 5.99 7.81 7.88 7.88 6.50 5.91 4.23 3.80 4.31 3.21 3.07 4.38 3.94 4.38 5.99 5.33 8.54 10.15 10.59 8.98 11.32 11.39 10.88 11.32 10.22 10.22 9.27 8.91 7.74 7.88 6.28 6.86 6.20 7.23 7.59 5.69 5.26 5.69 4.53 5.62 4.45
5.55 4.67 4.89 5.18 4.74 5.04 3.65 3.65 4.02 4.82 4.96 4.96 6.20 5.69 7.15 5.40 5.55 5.18 5.18 4.53 4.31 3.58 3.72 4.09 3.21 3.36 2.92 3.43 4.09 4.74 4.60 3.72 4.16 4.53 5.11 1.90 1.83 2.12 2.77 4.09 5.11 4.82 5.18 5.18 7.59 7.37 7.15 5.77 5.99 3.65 4.67 3.43 3.87 3.14 3.50 3.43 4.45 5.84 7.08 8.83 8.54 10.88 11.39 13.14 13.07 12.12 10.51 8.98 8.98 9.49 8.69 8.10 9.64 7.52 8.25 5.55 6.50 5.40 5.77 5.77 6.20 5.69 6.50 5.69
6.13 5.48 4.74 4.53 5.33 5.04 5.26 4.60 4.89 4.82 4.09 4.38 5.77 5.69 6.64 6.13 6.64 5.26 5.26 4.38 4.45 4.23 4.31 5.04 4.38 3.29 3.21 3.87 4.16 3.72 4.23 5.33 4.74 5.04 3.72 4.96 2.12 1.31 3.65 5.18 4.45 4.96 4.60 4.60 4.67 4.38 6.64 5.26 3.87 3.65 4.16 4.45 4.09 4.60 4.31 4.23 5.18 6.57 8.83 10.15 12.05 11.10 12.05 14.16 14.75 13.43 11.53 9.78 9.78 11.53 10.37 10.59 10.51 9.71 9.49 10.51 8.18 6.20 6.28 6.50 6.42 6.35 7.23 6.72
6.13 5.48 4.74 4.53 5.33 5.04 5.26 4.60 4.89 4.82 4.09 4.38 5.77 5.69 6.64 6.13 6.64 5.26 5.26 4.38 4.45 4.23 4.31 5.04 4.38 3.29 3.21 3.87 4.16 3.72 4.23 5.33 4.74 5.04 3.72 4.96 2.12 1.31 3.65 5.18 4.45 4.96 4.60 4.60 4.67 4.38 6.64 5.26 3.87 3.65 4.16 4.45 4.09 4.60 4.31 4.23 5.18 6.57 8.83 10.15 12.05 11.10 12.05 14.16 14.75 13.43 11.53 9.78 9.78 11.53 10.37 10.59 10.51 9.71 9.49 10.51 8.18 6.20 6.28 6.50 6.42 6.35 7.23 6.72
4.45 5.04 4.67 6.13 6.06 5.77 4.45 4.89 4.82 4.38 2.92 2.92 4.45 4.09 5.26 6.06 4.82 3.87 3.87 4.02 4.89 5.48 5.33 4.82 4.38 4.23 3.94 4.02 3.87 4.16 4.74 5.18 5.04 4.67 2.99 4.02 1.97 2.12 3.14 3.14 3.36 2.77 2.92 2.92 3.94 3.21 2.48 3.94 3.07 4.53 4.74 4.60 3.94 6.72 5.55 5.91 5.99 5.99 5.48 6.20 9.86 11.75 11.02 12.92 10.51 13.80 10.15 10.88 10.88 11.83 12.05 11.68 13.14 12.05 10.88 11.24 10.51 9.05 7.74 9.27 6.79 6.13 5.99 6.13
4.82 5.11 5.40 5.40 5.48 5.40 4.82 5.18 4.23 3.87 4.02 2.77 2.63 2.34 4.45 3.94 3.87 4.09 4.09 4.45 5.77 6.20 5.91 4.16 3.87 5.18 4.53 4.74 4.89 4.53 4.82 4.16 4.74 4.60 3.14 3.36 3.14 3.21 3.43 3.43 2.26 2.56 2.34 2.34 1.75 1.83 2.48 3.87 2.92 5.55 8.83 8.83 8.98 8.10 6.57 5.84 5.26 4.96 4.96 5.18 5.62 8.25 5.18 5.04 7.23 8.69 8.18 10.29 10.29 11.32 15.11 13.94 14.31 12.70 11.61 7.66 9.78 8.76 11.75 10.44 7.96 7.01 5.55 5.26
5.04 4.96 4.96 5.26 5.26 4.74 4.89 3.80 4.02 4.02 3.29 3.07 2.85 2.70 3.21 2.92 3.94 4.96 4.96 4.67 5.62 6.42 5.48 4.45 4.74 3.80 3.43 4.16 4.23 3.87 4.16 4.74 3.07 4.60 3.80 3.58 3.50 3.94 3.72 3.80 3.58 3.65 4.02 4.02 3.72 3.94 4.67 4.53 5.55 8.03 7.01 7.59 5.11 5.69 6.50 6.13 6.28 9.05 8.18 6.64 7.15 6.50 5.77 6.20 8.25 11.68 16.06 17.59 17.59 17.67 17.45 19.42 16.64 11.02 12.41 9.56 10.22 11.68 11.61 10.29 7.96 7.30 7.23 9.34
5.04 4.96 4.96 5.26 5.26 4.74 4.89 3.80 4.02 4.02 3.29 3.07 2.85 2.70 3.21 2.92 3.94 4.96 4.96 4.67 5.62 6.42 5.48 4.45 4.74 3.80 3.43 4.16 4.23 3.87 4.16 4.74 3.07 4.60 3.80 3.58 3.50 3.94 3.72 3.80 3.58 3.65 4.02 4.02 3.72 3.94 4.67 4.53 5.55 8.03 7.01 7.59 5.11 5.69 6.50 6.13 6.28 9.05 8.18 6.64 7.15 6.50 5.77 6.20 8.25 11.68 16.06 17.59 17.59 17.67 17.45 19.42 16.64 11.02 12.41 9.56 10.22 11.68 11.61 10.29 7.96 7.30 7.23 9.34
4.82 4.31 4.38 4.60 3.87 3.65 3.43 3.21 3.50 3.58 3.65 2.77 3.65 3.50 3.43 4.67 5.48 5.18 5.18 5.04 6.94 6.28 6.64 5.40 5.11 3.07 3.29 3.87 4.09 5.40 4.89 3.72 4.60 4.96 3.50 6.64 5.33 6.35 5.99 6.79 7.15 7.37 4.45 4.45 5.33 3.58 4.23 3.29 3.65 7.59 4.96 4.53 4.53 5.40 4.82 6.86 8.98 8.47 10.44 9.20 7.81 7.96 6.42 9.56 8.98 10.59 14.24 18.10 18.10 19.13 19.86 20.00 18.47 13.87 9.42 10.22 8.98 8.91 11.17 10.51 10.00 11.02 10.59 10.22
3.80 3.50 4.67 3.50 3.65 3.58 3.50 4.23 4.02 4.89 6.06 4.89 4.09 6.35 6.28 5.33 5.40 5.26 5.26 3.94 4.60 4.74 4.67 5.77 4.53 2.77 3.65 5.18 4.16 5.55 7.52 6.57 6.50 7.74 7.66 7.15 6.28 6.64 7.15 5.11 5.48 4.23 3.80 3.80 2.77 2.41 3.07 2.92 4.02 3.58 4.38 3.50 4.09 2.77 2.99 5.33 7.23 6.72 7.81 7.30 8.25 10.95 11.46 11.10 11.24 15.04 14.31 15.99 15.99 18.25 20.88 18.18 14.09 15.04 9.86 8.47 8.61 8.18 8.32 4.74 8.76 9.05 7.66 8.98
2.26 3.07 3.50 3.43 4.02 4.16 4.23 4.31 5.11 5.91 5.69 5.48 5.77 5.40 6.20 4.96 4.89 2.85 2.85 2.92 2.99 3.36 5.55 5.04 6.72 4.23 4.38 4.45 6.64 8.25 9.93 11.68 12.05 8.91 7.01 7.30 2.77 2.56 2.48 3.36 3.43 1.39 2.41 2.41 2.48 2.70 2.63 3.50 3.80 4.74 4.38 3.14 3.72 3.29 2.77 4.09 4.53 4.45 5.11 5.62 8.32 8.47 10.73 8.32 11.61 12.92 14.97 15.11 15.11 14.09 16.06 14.67 12.34 8.76 9.05 8.98 4.60 0.00 0.00 0.00 2.77 6.42 6.13 8.32
3.14 2.99 3.65 4.09 3.87 3.94 3.87 1.90 4.09 4.67 4.53 4.96 5.91 5.33 4.23 4.31 4.23 4.38 4.38 3.87 2.56 5.18 6.72 8.47 8.76 7.81 6.79 5.55 5.33 10.51 8.98 12.05 9.93 6.72 7.30 5.84 2.12 1.61 2.04 2.99 2.85 3.07 2.85 2.85 4.23 5.55 4.53 4.09 4.67 3.80 4.82 3.50 5.55 4.96 6.28 5.69 5.33 5.69 4.16 3.80 4.89 6.13 5.62 6.94 8.61 11.68 13.29 15.11 15.11 16.06 15.99 14.53 8.40 7.96 9.13 5.11 7.23 0.00 0.00 1.68 0.00 4.23 7.45 6.50
3.14 2.99 3.65 4.09 3.87 3.94 3.87 1.90 4.09 4.67 4.53 4.96 5.91 5.33 4.23 4.31 4.23 4.38 4.38 3.87 2.56 5.18 6.72 8.47 8.76 7.81 6.79 5.55 5.33 10.51 8.98 12.05 9.93 6.72 7.30 5.84 2.12 1.61 2.04 2.99 2.85 3.07 2.85 2.85 4.23 5.55 4.53 4.09 4.67 3.80 4.82 3.50 5.55 4.96 6.28 5.69 5.33 5.69 4.16 3.80 4.89 6.13 5.62 6.94 8.61 11.68 13.29 15.11 15.11 16.06 15.99 14.53 8.40 7.96 9.13 5.11 7.23 0.00 0.00 1.68 0.00 4.23 7.45 6.50
2.70 2.41 3.21 2.63 4.45 3.80 1.97 1.17 2.63 4.09 3.87 4.74 6.42 8.61 6.57 7.23 5.99 4.60 4.60 5.26 2.99 2.34 2.70 2.92 7.52 8.10 6.57 6.35 6.06 8.10 10.37 9.78 11.83 8.18 4.67 4.96 4.67 3.21 2.63 4.02 4.60 5.18 5.26 5.26 5.40 5.33 3.87 1.10 3.29 3.94 4.82 4.23 5.84 6.20 6.50 5.33 5.04 4.89 4.09 3.43 7.66 7.37 7.30 7.96 9.78 9.13 11.90 16.35 16.35 17.16 13.14 8.32 9.34 8.91 8.61 6.86 0.00 0.00 0.00 1.24 3.14 2.63 4.89 5.48
2.12 2.04 2.77 4.60 4.38 4.38 2.77 1.97 2.34 3.14 5.04 6.20 9.64 9.05 8.47 7.74 8.32 7.01 7.01 7.66 5.04 5.62 2.04 2.77 6.79 8.03 5.11 4.82 5.26 6.79 9.78 12.70 12.41 11.75 7.01 5.69 6.13 3.87 2.99 1.97 2.26 3.50 3.72 3.72 1.97 0.00 0.58 0.00 0.00 0.00 0.73 0.15 3.72 3.43 2.99 4.82 4.38 7.59 9.93 7.01 12.34 14.45 11.46 10.66 9.56 11.75 17.08 15.62 15.62 18.03 15.18 9.71 7.96 8.32 8.03 2.04 0.00 0.00 0.00 0.88 2.70 1.68 1.39 2.63
0.00 0.15 0.58 0.29 1.97 2.41 2.41 2.48 2.12 4.09 3.58 5.40 8.40 7.59 7.45 7.52 7.23 8.10 8.10 9.49 6.86 7.74 4.09 4.38 6.42 6.64 6.57 6.50 5.91 6.06 7.66 6.94 9.49 10.44 8.83 3.87 1.61 0.73 0.00 0.37 0.00 1.61 0.95 0.95 1.31 0.00 0.00 0.00 0.00 0.00 0.00 0.00 1.68 2.41 2.12 5.77 5.55 8.18 10.66 10.15 10.59 12.85 13.43 9.78 10.22 12.78 16.57 13.58 13.58 11.32 12.26 9.20 5.62 2.56 0.58 1.31 0.00 0.00 0.29 0.00 0.80 0.80 1.17 1.10
0.58 0.44 0.73 1.97 1.75 1.75 2.12 2.12 2.77 2.92 3.36 4.74 5.48 4.96 6.79 6.86 7.52 9.34 9.34 10.07 8.98 9.13 9.49 8.40 10.44 8.03 9.71 10.22 5.11 3.36 3.14 3.72 2.48 5.04 5.69 2.48 0.88 0.00 0.00 0.00 0.00 0.00 0.07 0.07 0.80 0.00 0.00 0.00 0.00 0.00 0.00 0.22 2.26 5.18 6.94 8.40 7.96 7.52 8.61 9.78 9.56 7.23 7.96 7.59 9.27 12.48 9.49 9.49 9.49 7.30 7.81 1.24 1.53 1.53 0.22 0.00 0.00 0.00 0.00 0.15 0.15 0.66 0.95 1.10
0.00 0.07 0.00 1.68 2.26 3.07 3.43 3.36 3.65 3.50 2.48 2.70 3.14 5.18 6.72 7.08 8.69 10.07 10.07 9.64 13.36 12.26 12.34 14.16 13.58 12.70 11.61 12.12 13.36 6.28 3.21 2.12 1.75 2.19 4.31 4.89 0.29 0.15 0.00 0.00 0.00 0.95 0.44 0.44 0.51 0.58 1.17 0.00 1.10 0.00 0.95 2.19 0.88 4.74 8.91 9.34 10.07 8.98 8.03 5.91 5.69 5.91 6.42 8.10 7.74 6.57 7.01 7.15 7.15 2.92 1.83 1.10 0.95 1.24 0.22 0.00 0.00 0.00 0.00 0.00 0.00 0.00 0.00 0.66
0.00 0.07 0.00 1.68 2.26 3.07 3.43 3.36 3.65 3.50 2.48 2.70 3.14 5.18 6.72 7.08 8.69 10.07 10.07 9.64 13.36 12.26 12.34 14.16 13.58 12.70 11.61 12.12 13.36 6.28 3.21 2.12 1.75 2.19 4.31 4.89 0.29 0.15 0.00 0.00 0.00 0.95 0.44 0.44 0.51 0.58 1.17 0.00 1.10 0.00 0.95 2.19 0.88 4.74 8.91 9.34 10.07 8.98 8.03 5.91 5.69 5.91 6.42 8.10 7.74 6.57 7.01 7.15 7.15 2.92 1.83 1.10 0.95 1.24 0.22 0.00 0.00 0.00 0.00 0.00 0.00 0.00 0.00 0.66
0.00 0.00 0.37 1.90 1.61 2.92 4.53 4.74 4.74 3.29 3.43 2.34 3.14 4.38 6.50 6.35 7.81 8.98 8.98 8.91 11.46 13.72 15.40 15.11 16.50 16.57 15.11 14.38 14.67 9.78 4.09 2.19 1.31 1.39 2.70 0.00 0.00 0.00 0.00 0.00 0.00 0.00 0.29 0.29 0.00 0.00 0.00 0.00 0.00 0.00 0.00 0.00 3.80 3.43 7.08 6.13 7.96 6.86 7.88 7.08 5.33 5.84 7.74 7.96 7.52 6.20 4.89 3.36 3.36 3.87 2.99 1.10 0.29 0.37 0.29 0.00 0.00 0.00 0.00 0.15 0.00 0.00 0.00 0.00
0.37 0.29 0.29 0.95 2.04 3.36 5.04 5.40 6.13 3.21 3.80 4.09 4.38 4.02 4.67 7.88 10.59 9.05 9.05 9.34 12.41 13.72 16.43 16.46 13.57 15.81 14.23 13.72 12.26 6.79 7.30 5.48 0.95 1.90 0.66 0.37 0.00 0.00 1.46 1.24 0.88 1.10 0.00 0.00 0.07 0.00 0.00 0.00 0.00 0.00 0.00 0.00 0.00 1.10 1.97 1.10 1.46 0.00 4.31 4.60 6.13 7.01 6.72 8.18 8.10 6.42 4.82 4.89 4.89 4.67 4.31 4.74 2.34 0.80 0.00 0.15 0.00 0.00 0.00 0.00 0.00 0.00 0.00 0.00
3.87 4.09 2.92 1.97 1.90 2.85 4.09 4.67 0.58 0.00 0.00 1.39 4.31 2.99 6.35 9.42 9.05 10.00 10.00 8.69 12.92 14.53 13.43 12.51 16.41 14.38 17.80 17.01 15.55 13.14 5.84 7.37 5.33 2.19 1.61 0.44 0.00 0.15 0.00 0.88 0.22 0.00 0.29 0.29 0.15 0.00 0.00 0.00 0.00 0.00 0.00 0.00 0.00 0.00 0.00 0.00 0.00 0.00 4.31 6.13 8.03 6.13 7.96 7.15 5.62 6.42 4.89 4.45 4.45 3.94 3.72 2.26 0.51 0.95 0.29 0.51 0.00 0.00 0.07 0.00 0.00 0.07 0.00 0.00
4.53 3.50 3.87 2.04 1.83 1.46 0.58 0.58 0.00 0.00 0.00 0.00 1.68 1.17 2.04 2.56 5.11 3.43 3.43 6.13 9.56 8.37 10.46 8.96 13.62 11.95 17.84 16.37 15.35 16.46 8.40 8.76 9.64 3.43 2.34 1.10 1.75 0.88 0.29 0.88 0.51 0.07 0.22 0.22 0.00 0.95 0.00 0.00 0.00 0.00 0.00 0.00 0.00 0.00 0.00 0.00 0.00 0.00 4.23 6.86 8.47 9.86 11.24 7.88 5.40 6.57 7.01 7.23 7.23 4.82 7.88 3.36 1.83 1.75 1.90 1.53 1.17 0.07 0.29 0.00 0.07 0.00 0.00 0.00
4.53 5.11 5.26 4.45 2.12 2.34 1.39 0.00 0.00 0.00 0.00 0.00 0.00 0.00 0.95 0.37 2.34 2.63 2.63 1.15 1.47 4.97 4.44 0.00 8.45 6.57 13.85 14.60 18.62 16.59 16.07 13.87 10.51 11.83 9.93 5.91 8.54 2.48 1.10 1.24 0.00 0.58 0.00 0.00 0.00 0.00 0.00 0.00 0.00 0.00 0.00 0.00 0.00 0.00 0.00 0.00 0.00 0.00 0.00 5.33 5.84 9.93 11.02 10.88 13.14 11.83 10.59 12.12 12.12 9.49 10.29 5.84 3.87 1.39 1.90 2.04 1.10 0.29 0.58 0.29 0.00 0.29 0.00 0.15
4.53 5.11 5.26 4.45 2.12 2.34 1.39 0.00 0.00 0.00 0.00 0.00 0.00 0.00 0.95 0.37 2.34 2.63 2.64 1.18 1.50 5.32 4.33 0.00 8.32 6.57 13.43 13.57 17.40 16.85 16.23 14.45 11.81 12.51 10.18 5.91 8.54 2.48 1.10 1.24 0.00 0.58 0.00 0.00 0.00 0.00 0.00 0.00 0.00 0.00 0.00 0.00 0.00 0.00 0.00 0.00 0.00 0.00 0.00 5.33 5.84 9.93 11.02 10.88 13.14 11.83 10.59 12.12 12.12 9.49 10.29 5.84 3.87 1.39 1.90 2.04 1.10 0.29 0.58 0.29 0.00 0.29 0.00 0.15
5.77 6.35 6.35 4.74 2.70 1.31 0.37 0.00 0.00 0.00 0.00 0.00 0.00 0.00 0.00 0.95 1.97 0.00 0.00 0.00 0.00 0.00 0.00 0.00 3.14 3.47 2.88 8.80 5.26 12.84 8.04 8.93 17.66 18.02 14.83 15.28 12.61 6.20 2.04 2.04 1.31 0.00 0.29 0.29 0.00 0.00 0.00 0.00 0.00 0.00 0.00 0.00 0.00 0.00 0.00 0.00 0.00 0.00 0.00 3.65 3.07 4.67 11.39 13.21 12.63 14.67 12.48 11.24 11.24 8.25 5.26 3.58 3.87 2.63 3.80 1.39 1.31 1.31 0.95 0.51 1.02 1.02 0.51 0.51
6.50 7.52 7.01 5.04 2.12 2.70 1.17 0.07 1.68 0.00 0.00 0.00 0.00 0.00 0.00 0.00 2.26 0.00 0.00 0.88 1.39 0.00 0.00 0.00 0.00 0.44 0.00 0.83 0.45 6.34 4.31 4.53 15.11 15.73 14.76 16.73 16.01 10.64 9.64 6.13 1.97 1.02 1.02 1.02 0.00 0.00 0.00 0.44 0.00 0.00 0.00 0.00 0.00 0.00 0.00 0.00 0.00 0.00 0.00 0.00 0.00 0.00 6.79 11.90 11.46 10.73 10.80 10.66 10.66 5.69 4.60 2.63 2.92 2.56 3.50 2.19 1.68 1.83 0.22 0.95 1.53 1.39 1.31 0.88
5.40 6.94 7.45 5.84 4.82 5.33 4.09 4.96 4.31 3.07 4.45 2.04 1.68 2.04 0.80 3.14 3.21 4.09 4.09 2.12 2.99 1.31 1.39 0.95 0.95 0.00 0.00 0.00 0.31 0.15 1.39 4.67 6.79 10.59 9.76 11.51 14.84 13.29 13.21 9.42 6.42 7.01 2.04 2.04 0.00 0.15 0.00 0.00 1.17 0.00 0.00 0.00 0.00 0.00 0.00 0.00 0.00 0.00 0.00 0.00 0.00 0.00 3.72 4.45 6.28 7.52 7.01 4.23 4.23 4.96 3.29 0.00 2.70 2.56 2.63 2.41 1.83 2.41 1.68 1.68 2.70 1.46 2.04 2.56
2.99 5.48 4.67 0.00 4.96 5.26 5.04 5.77 6.50 6.72 4.45 4.89 3.36 4.53 3.94 3.36 2.48 1.61 1.61 3.36 3.36 1.10 1.24 1.10 0.00 0.00 0.00 0.88 0.95 3.21 1.39 3.07 2.85 5.11 4.53 11.32 14.16 14.98 14.82 12.61 7.81 9.05 4.53 4.53 2.77 2.19 0.66 0.00 1.46 1.90 2.12 0.00 0.00 0.00 0.00 0.00 0.00 0.00 0.00 0.00 0.00 0.00 0.44 0.00 2.85 3.65 0.00 3.65 3.65 3.50 0.00 0.00 0.00 0.00 2.63 2.56 1.90 3.14 1.90 3.29 2.63 3.87 4.02 5.26
0.00 0.00 0.00 3.36 0.00 4.74 4.45 4.60 4.50 5.26 4.74 5.33 4.82 4.89 4.09 3.07 0.58 0.00 0.00 0.00 0.00 0.00 0.58 1.31 0.66 0.58 2.12 1.99 2.41 3.94 2.77 2.85 1.83 0.00 0.00 5.11 8.98 12.19 8.67 10.41 8.95 7.96 6.28 6.28 5.84 4.38 2.19 1.39 1.46 1.83 1.83 0.00 0.00 0.00 0.00 0.00 0.00 0.95 0.51 1.17 0.66 0.88 0.00 0.88 0.00 0.00 0.00 0.00 0.00 0.00 0.00 0.00 0.00 0.00 1.61 1.53 1.97 2.12 0.95 1.90 2.70 2.41 4.67 4.60
0.00 0.00 0.00 0.00 0.00 0.00 5.40 4.53 3.67 2.34 4.09 3.43 4.45 3.14 2.70 0.15 0.00 0.00 0.00 0.00 0.00 0.00 0.00 0.00 0.00 0.00 3.21 0.00 4.67 4.16 7.94 4.26 6.32 4.16 0.00 3.07 4.38 2.73 6.13 6.28 3.17 5.91 5.69 5.69 8.47 2.34 3.14 2.41 2.41 2.19 1.90 2.12 1.10 0.00 0.44 0.00 0.00 0.00 0.00 0.00 1.46 0.00 1.17 0.00 0.00 0.00 0.00 0.00 0.00 0.00 0.00 0.00 0.00 0.00 0.00 0.00 0.00 0.00 0.00 0.00 1.68 1.75 1.46 3.43
0.00 0.00 0.00 0.00 0.00 0.00 5.40 4.53 3.58 2.34 4.09 3.43 4.45 3.14 2.70 0.15 0.00 0.00 0.00 0.00 0.00 0.00 0.00 0.00 0.00 0.00 3.21 0.00 4.60 4.02 7.66 4.23 6.13 4.16 0.00 3.08 4.38 2.71 6.19 6.28 3.14 5.91 5.69 5.69 8.47 2.34 3.14 2.41 2.41 2.19 1.90 2.12 1.10 0.00 0.44 0.00 0.00 0.00 0.00 0.00 1.46 0.00 1.17 0.00 0.00 0.00 0.00 0.00 0.00 0.00 0.00 0.00 0.00 0.00 0.00 0.00 0.00 0.00 0.00 0.00 1.68 1.75 1.46 3.43
2.26 0.00 0.00 0.00 0.00 6.06 7.59 6.08 2.15 3.94 3.14 2.92 2.48 1.46 0.00 0.00 0.00 0.00 0.00 0.00 0.00 0.00 0.00 0.00 0.00 0.00 0.00 2.19 4.45 8.03 7.81 6.35 5.40 5.69 3.07 0.00 2.12 2.19 1.69 1.39 1.24 1.68 1.53 1.53 1.75 1.46 2.19 2.70 2.70 2.56 2.04 1.75 1.46 1.31 1.31 0.88 0.00 0.00 0.00 0.00 0.00 0.80 0.00 0.00 0.00 0.00 0.00 0.00 0.00 0.00 0.00 0.00 0.00 0.00 0.00 0.00 0.00 0.00 0.00 0.00 1.10 1.68 0.00 1.39
