Wansh/Snow_depth/snowdepth-1995/winter/1995355.txt
ncols 321
nrows 161
xllcenter 60
yllcenter 15 
cellsize  0.25 
NODATA_value -1
[rows 0 to 36 of 161, columns 0 to 83 of 321]
7.01 7.01 7.45 7.52 7.45 8.40 7.59 7.52 8.32 8.03 8.03 9.49 9.27 9.27 9.71 9.34 9.64 8.25 8.40 8.32 8.32 8.18 8.76 8.25 7.74 7.81 7.81 7.15 7.08 7.30 7.15 7.01 7.59 8.91 9.20 9.27 9.78 10.22 11.10 11.02 11.46 10.80 10.95 10.29 8.40 9.20 7.45 7.37 7.59 6.42 6.50 6.50 6.28 5.84 5.91 7.59 7.37 7.59 6.42 6.42 6.28 7.01 7.23 7.15 6.35 6.35 6.42 0.00 0.00 5.04 5.48 0.00 5.04 4.96 5.04 4.82 4.82 5.77 6.20 6.13 5.77 5.99 5.33 5.84
7.30 7.30 7.66 7.96 8.10 7.59 7.88 7.88 7.96 8.03 8.10 9.13 7.52 8.47 7.96 8.76 7.15 7.08 6.35 6.64 7.08 8.47 9.13 8.69 7.01 6.35 6.35 7.23 6.86 7.66 8.18 7.81 8.61 8.25 10.07 9.56 9.93 10.00 10.95 9.71 9.64 10.29 8.40 8.69 7.59 6.86 7.15 6.50 6.20 6.50 6.13 6.13 6.64 6.06 6.35 6.28 6.64 6.57 6.35 7.30 7.30 7.37 7.23 7.23 7.15 7.23 7.52 0.00 0.00 0.00 0.00 0.00 4.45 5.11 4.74 6.28 6.28 5.77 5.69 5.33 5.48 5.33 5.69 5.62
7.81 7.81 7.74 7.96 7.74 7.30 7.88 7.66 7.15 7.81 7.15 6.94 7.37 7.01 6.64 6.72 6.72 6.13 6.28 5.69 7.30 7.08 6.35 6.42 7.01 6.13 6.13 5.91 6.72 7.59 7.37 8.47 7.96 7.88 7.96 8.47 6.72 6.64 6.72 7.96 6.20 5.99 7.23 5.33 7.23 5.40 0.00 4.89 5.40 6.28 6.72 6.72 5.99 5.40 5.26 7.01 6.86 6.35 7.45 7.52 7.45 7.30 7.23 7.15 6.57 6.79 6.42 6.42 6.13 5.48 5.40 4.89 0.00 5.11 5.04 4.96 4.96 4.96 5.55 5.18 4.96 4.82 5.84 5.69
7.81 7.81 7.74 7.96 7.74 7.30 7.88 7.66 7.15 7.81 7.15 6.94 7.37 7.01 6.64 6.72 6.72 6.13 6.28 5.69 7.30 7.08 6.35 6.42 7.01 6.13 6.13 5.91 6.72 7.59 7.37 8.47 7.96 7.88 7.96 8.47 6.72 6.64 6.72 7.96 6.20 5.99 7.23 5.33 7.23 5.40 0.00 4.89 5.40 6.28 6.72 6.72 5.99 5.40 5.26 7.01 6.86 6.35 7.45 7.52 7.45 7.30 7.23 7.15 6.57 6.79 6.42 6.42 6.13 5.48 5.40 4.89 0.00 5.11 5.04 4.96 4.96 4.96 5.55 5.18 4.96 4.82 5.84 5.69
6.72 6.72 7.45 7.66 7.37 7.52 7.37 6.86 7.15 7.01 5.99 4.96 5.18 5.04 5.99 6.28 5.99 5.91 5.11 5.77 6.86 5.33 5.55 4.60 0.00 4.60 4.60 5.62 6.20 5.77 6.13 6.13 7.45 7.30 6.13 6.57 5.04 5.33 4.89 4.38 5.33 0.00 0.00 0.00 0.00 0.00 4.23 4.45 4.96 5.84 0.00 0.00 5.84 5.40 5.99 5.91 6.13 6.13 6.13 6.72 6.50 7.45 7.01 7.15 6.86 7.96 7.88 6.72 6.86 5.99 5.26 4.89 4.96 0.00 0.00 5.11 5.11 5.69 5.40 6.28 6.20 6.35 5.62 5.84
7.66 7.66 8.10 7.66 8.98 8.25 8.40 7.01 5.77 5.18 5.77 5.33 3.87 4.53 4.31 4.96 5.26 5.26 4.96 0.00 5.62 5.99 5.69 3.94 0.00 4.67 4.67 4.53 4.89 5.11 6.20 7.30 7.08 7.37 6.35 0.00 0.00 0.00 0.00 4.09 4.38 0.00 0.00 0.00 0.00 3.87 0.00 0.00 4.82 4.96 0.00 0.00 0.00 0.00 5.33 5.18 5.26 5.84 6.50 6.42 6.20 6.28 7.08 7.30 7.30 7.08 6.72 6.86 5.62 0.00 4.60 0.00 0.00 0.00 0.00 0.00 0.00 4.89 5.91 6.20 5.84 6.57 6.06 5.40
7.66 7.66 9.93 9.64 9.71 9.49 8.40 8.61 7.59 6.28 5.40 5.40 4.02 4.23 4.74 4.45 5.11 4.89 5.18 5.77 0.00 5.40 4.67 4.23 0.00 4.96 4.96 4.67 5.91 6.50 6.35 7.37 6.64 5.69 5.84 0.00 0.00 0.00 0.00 0.00 0.00 0.00 0.00 3.58 0.00 3.94 4.02 3.58 4.60 0.00 0.00 0.00 0.00 0.00 0.00 4.67 5.40 5.26 5.77 6.06 6.28 5.91 6.57 6.57 6.64 6.79 5.62 5.18 5.33 0.00 0.00 0.00 0.00 0.00 0.00 0.00 0.00 0.00 4.67 5.04 6.13 5.62 6.57 4.23
7.66 7.66 9.93 9.64 9.71 9.49 8.40 8.61 7.59 6.28 5.40 5.40 4.02 4.23 4.74 4.45 5.11 4.89 5.18 5.77 0.00 5.40 4.67 4.23 0.00 4.96 4.96 4.67 5.91 6.50 6.35 7.37 6.64 5.69 5.84 0.00 0.00 0.00 0.00 0.00 0.00 0.00 0.00 3.58 0.00 3.94 4.02 3.58 4.60 0.00 0.00 0.00 0.00 0.00 0.00 4.67 5.40 5.26 5.77 6.06 6.28 5.91 6.57 6.57 6.64 6.79 5.62 5.18 5.33 0.00 0.00 0.00 0.00 0.00 0.00 0.00 0.00 0.00 4.67 5.04 6.13 5.62 6.57 4.23
9.42 9.42 9.27 9.27 8.83 7.45 7.66 6.35 6.86 4.60 4.53 0.00 4.89 0.00 4.02 3.72 5.55 4.74 3.50 5.48 3.87 4.89 4.89 5.77 5.48 5.69 5.69 5.40 5.55 6.86 6.57 6.72 6.57 6.13 7.01 4.89 5.55 4.89 4.60 0.00 3.14 3.65 0.00 0.00 0.00 0.00 0.00 0.00 0.00 3.65 3.87 3.87 3.87 0.00 3.72 0.00 5.18 5.18 5.33 5.18 5.99 6.72 6.57 5.55 5.48 4.67 3.80 0.00 0.00 0.00 0.00 0.00 0.00 0.00 0.00 0.00 0.00 0.00 0.00 0.00 0.00 0.00 5.18 4.09
8.47 8.47 7.23 7.23 7.15 7.01 5.26 4.16 3.50 3.72 0.00 0.00 0.00 0.00 4.16 5.26 5.26 5.26 0.00 5.62 4.67 0.00 0.00 4.74 5.18 5.33 5.33 5.04 5.69 6.72 7.08 7.23 7.08 7.88 7.37 6.50 6.35 7.15 5.33 5.69 5.69 4.23 0.00 4.09 0.00 0.00 0.00 0.00 4.45 4.02 4.45 4.45 0.00 0.00 0.00 0.00 0.00 0.00 0.00 0.00 5.84 5.18 5.84 4.82 4.89 5.04 0.00 0.00 0.00 0.00 0.00 0.00 0.00 0.00 0.00 0.00 0.00 0.00 0.00 0.00 0.00 0.00 4.38 3.94
7.66 7.66 7.15 4.89 4.16 3.58 3.80 3.72 0.00 0.00 0.00 0.00 0.00 4.38 4.23 3.87 4.02 4.23 4.16 0.00 0.00 4.38 0.00 4.67 6.72 5.91 5.91 6.57 6.57 6.35 7.96 9.71 9.34 9.49 7.88 7.81 7.01 7.15 7.15 6.35 6.50 5.04 4.60 5.69 0.00 0.00 0.00 0.00 0.00 0.00 0.00 0.00 0.00 0.00 0.00 3.72 4.31 4.09 4.60 5.40 5.40 4.31 0.00 0.00 0.00 0.00 0.00 0.00 0.00 0.00 0.00 0.00 0.00 0.00 2.48 2.34 2.34 3.14 2.48 0.00 0.00 4.23 4.74 4.53
7.66 7.66 7.15 4.89 4.16 3.58 3.80 3.72 0.00 0.00 0.00 0.00 0.00 4.38 4.23 3.87 4.02 4.23 4.16 0.00 0.00 4.38 0.00 4.67 6.72 5.91 5.91 6.57 6.57 6.35 7.96 9.71 9.34 9.49 7.88 7.81 7.01 7.15 7.15 6.35 6.50 5.04 4.60 5.69 0.00 0.00 0.00 0.00 0.00 0.00 0.00 0.00 0.00 0.00 0.00 3.72 4.31 4.09 4.60 5.40 5.40 4.31 0.00 0.00 0.00 0.00 0.00 0.00 0.00 0.00 0.00 0.00 0.00 0.00 2.48 2.34 2.34 3.14 2.48 0.00 0.00 4.23 4.74 4.53
6.42 6.42 4.53 4.96 3.87 0.00 0.00 0.00 0.00 0.00 0.00 0.00 0.00 4.16 4.67 4.53 4.89 0.00 4.31 4.31 5.55 6.72 6.94 5.99 6.06 5.11 5.11 5.91 7.81 10.37 9.64 10.29 9.56 7.74 8.10 7.74 6.42 6.79 6.94 6.20 5.77 5.91 5.84 6.20 4.67 4.96 4.45 0.00 0.00 0.00 0.00 0.00 0.00 0.00 0.00 0.00 3.80 4.60 4.38 0.00 2.70 4.16 0.00 0.00 0.00 0.00 0.00 0.00 0.00 0.00 0.00 0.00 0.00 0.00 1.53 2.04 2.04 2.70 2.56 3.29 4.02 3.72 4.38 3.72
5.91 5.91 4.60 0.00 0.00 0.00 0.00 0.00 0.00 0.00 0.00 3.29 0.00 0.00 4.45 0.00 0.00 0.00 3.07 0.00 6.06 5.91 5.99 4.38 3.94 5.04 5.04 4.31 7.81 9.86 6.79 7.88 7.59 7.08 4.82 5.55 5.62 0.00 5.18 4.89 5.04 5.11 4.96 5.33 0.00 0.00 0.00 0.00 0.00 0.00 0.00 0.00 0.00 0.00 0.00 0.00 2.85 0.00 2.77 1.68 1.61 0.80 0.44 0.22 2.92 2.04 2.04 2.12 2.77 2.85 0.00 0.00 0.00 0.00 1.31 1.24 1.24 1.46 1.10 1.17 1.31 0.00 1.46 1.39
4.82 4.82 2.85 0.00 0.00 0.00 0.00 0.00 0.00 0.00 3.14 3.14 0.00 3.21 0.00 0.00 0.00 0.00 4.53 0.00 4.67 5.18 4.96 4.16 4.82 5.55 5.55 4.96 5.55 5.33 4.96 0.00 4.31 0.00 4.23 0.00 0.00 0.00 4.60 0.00 4.96 4.96 3.65 0.00 0.00 4.53 0.00 0.00 0.00 4.60 0.00 0.00 0.00 3.72 2.63 0.00 2.77 2.41 2.41 2.63 0.80 1.02 0.73 0.73 0.51 0.00 0.15 1.39 1.61 1.24 1.39 0.00 0.00 0.00 0.73 1.02 1.02 0.73 0.73 0.95 0.00 0.00 0.00 0.00
0.00 0.00 3.29 0.00 0.00 0.00 0.00 0.00 0.00 3.29 0.00 0.00 0.00 0.00 0.00 0.00 0.00 3.65 3.80 4.82 4.82 5.26 5.11 4.89 4.82 0.00 0.00 0.00 0.00 0.00 0.00 0.00 0.00 0.00 0.00 0.00 0.00 0.00 0.00 0.00 0.00 3.87 3.72 0.00 0.00 0.00 0.00 0.00 4.02 3.94 4.89 4.89 4.31 4.60 3.21 1.90 2.48 2.48 2.56 2.41 1.68 1.24 0.80 0.15 0.00 0.00 0.00 0.00 0.37 0.37 0.00 0.00 0.29 0.00 0.00 1.10 1.10 0.95 0.00 0.00 0.00 0.00 0.00 0.00
0.00 0.00 3.29 0.00 0.00 0.00 0.00 0.00 0.00 3.29 0.00 0.00 0.00 0.00 0.00 0.00 0.00 3.65 3.80 4.82 4.82 5.26 5.11 4.89 4.82 0.00 0.00 0.00 0.00 0.00 0.00 0.00 0.00 0.00 0.00 0.00 0.00 0.00 0.00 0.00 0.00 3.87 3.72 0.00 0.00 0.00 0.00 0.00 4.02 3.94 4.89 4.89 4.31 4.60 3.21 1.90 2.48 2.48 2.56 2.41 1.68 1.24 0.80 0.15 0.00 0.00 0.00 0.00 0.37 0.37 0.00 0.00 0.29 0.00 0.00 1.10 1.10 0.95 0.00 0.00 0.00 0.00 0.00 0.00
0.00 0.00 0.00 0.00 0.00 0.00 0.00 0.00 0.00 3.21 0.00 0.00 3.65 3.72 0.00 0.00 0.00 0.00 3.65 5.04 3.94 3.50 0.00 0.00 0.00 0.00 0.00 0.00 0.00 0.00 0.00 0.00 0.00 0.00 0.00 0.00 0.00 0.00 0.00 0.00 0.00 4.67 0.00 0.00 0.00 0.00 0.00 4.45 0.00 5.04 4.53 4.53 5.69 3.29 3.80 1.61 2.04 1.75 2.41 1.39 1.46 1.17 0.95 0.88 0.95 0.00 0.15 0.00 0.07 0.00 0.00 0.00 0.00 0.00 0.00 0.00 0.00 0.00 0.00 0.00 0.00 0.00 0.00 0.00
0.00 0.00 0.00 0.00 0.00 0.00 0.00 0.00 0.00 0.00 0.00 0.00 3.87 3.94 3.72 0.00 0.00 3.21 3.94 4.74 4.31 3.80 0.00 4.45 3.87 3.80 3.80 3.72 3.58 0.00 0.00 0.00 0.00 0.00 0.00 0.00 2.12 1.90 0.00 3.94 4.02 4.31 0.00 0.00 0.00 0.00 0.00 5.18 5.04 5.84 5.62 5.62 5.77 3.94 0.00 0.00 2.26 2.63 2.48 2.19 1.31 1.10 1.31 0.73 0.00 0.37 0.00 0.00 0.00 0.00 0.00 0.00 0.00 0.00 0.00 0.00 0.00 0.00 0.00 0.00 0.00 0.00 0.00 0.00
0.00 0.00 0.00 0.00 0.00 0.00 0.00 0.00 0.00 0.00 0.00 0.00 0.00 4.16 0.00 0.00 4.23 3.94 4.67 4.67 0.00 3.58 4.09 3.72 4.09 0.00 0.00 3.87 3.14 3.29 3.29 0.00 3.72 3.87 4.16 1.83 1.90 3.21 2.92 3.43 0.00 0.00 0.00 0.00 0.00 0.00 3.36 5.40 5.69 5.40 5.26 5.26 0.00 3.80 3.29 2.85 2.77 3.43 2.92 2.92 2.77 2.41 1.61 1.53 0.58 0.00 0.00 0.00 0.00 0.00 0.00 0.00 0.00 0.00 0.00 0.00 0.00 0.00 0.00 0.00 0.00 0.00 0.00 0.00
0.00 0.00 0.00 0.00 0.00 0.00 0.00 0.00 0.00 0.00 0.00 0.00 0.00 4.67 0.00 0.00 3.50 4.16 3.94 2.99 2.34 2.92 2.92 2.92 0.00 0.00 0.00 3.50 0.00 3.14 3.29 3.36 3.21 1.90 1.97 1.97 2.63 0.00 0.00 0.00 0.00 2.77 0.00 0.00 0.00 0.00 0.00 3.07 4.89 0.00 0.00 0.00 1.02 2.48 2.41 2.56 2.77 3.14 3.29 2.48 2.48 2.48 2.41 2.12 2.04 1.02 0.00 0.00 0.00 0.00 0.00 0.00 0.00 0.00 0.00 0.00 0.00 0.00 0.00 0.00 0.00 0.00 0.00 0.00
0.00 0.00 0.00 0.00 0.00 0.00 0.00 0.00 0.00 0.00 0.00 0.00 0.00 0.00 0.00 0.00 0.00 0.00 3.87 3.14 3.07 1.97 0.00 0.00 0.00 0.00 0.00 0.00 0.00 3.65 3.65 2.99 1.53 2.19 2.04 2.63 2.41 0.00 0.00 0.00 0.00 2.92 0.00 0.00 0.00 2.48 3.07 2.77 0.00 0.00 0.00 0.00 0.00 2.70 3.07 2.92 0.00 2.56 1.97 1.90 2.41 2.12 2.12 1.83 1.17 0.07 0.29 0.00 0.00 0.00 0.00 0.00 0.00 0.00 0.00 0.00 0.00 0.00 0.00 0.00 0.00 0.00 0.00 0.00
0.00 0.00 0.00 0.00 0.00 0.00 0.00 0.00 0.00 0.00 0.00 0.00 0.00 0.00 0.00 0.00 0.00 0.00 3.87 3.14 3.07 1.97 0.00 0.00 0.00 0.00 0.00 0.00 0.00 3.65 3.65 2.99 1.53 2.19 2.04 2.63 2.41 0.00 0.00 0.00 0.00 2.92 0.00 0.00 0.00 2.48 3.07 2.77 0.00 0.00 0.00 0.00 0.00 2.70 3.07 2.92 0.00 2.56 1.97 1.90 2.41 2.12 2.12 1.83 1.17 0.07 0.29 0.00 0.00 0.00 0.00 0.00 0.00 0.00 0.00 0.00 0.00 0.00 0.00 0.00 0.00 0.00 0.00 0.00
0.00 0.00 0.00 0.00 0.00 0.00 0.00 0.00 0.00 0.00 0.00 0.00 0.00 0.00 0.00 0.00 0.00 0.00 3.29 3.14 3.58 2.56 0.00 0.00 0.00 0.00 0.00 0.00 0.00 3.80 3.80 2.56 2.63 2.77 0.00 0.00 2.70 2.77 2.63 0.00 0.00 0.00 0.00 0.00 3.36 3.07 0.00 0.00 0.00 0.00 0.00 0.00 0.00 0.00 0.00 0.00 0.00 0.00 2.19 1.46 2.41 1.97 2.34 2.12 2.34 0.51 0.00 0.00 0.00 0.00 0.00 0.00 0.00 0.00 0.00 0.00 0.00 0.00 0.00 0.00 0.00 0.00 0.00 0.00
0.00 0.00 0.00 0.00 0.00 0.00 0.00 0.00 0.00 0.00 0.00 0.00 0.00 0.00 0.00 0.00 0.00 0.00 3.07 0.00 0.00 0.00 0.00 0.00 0.00 0.00 0.00 0.00 3.07 0.00 3.65 0.00 2.26 1.39 0.00 1.68 0.00 0.00 0.00 0.00 0.00 0.00 0.00 0.00 0.00 0.00 0.00 0.00 0.00 0.00 0.00 0.00 0.00 4.09 0.00 4.53 4.67 5.69 3.87 3.87 2.85 2.85 3.21 2.99 3.29 3.36 2.99 2.48 2.04 0.58 1.24 1.31 1.31 1.31 1.97 1.10 1.10 0.00 0.00 0.00 0.00 0.00 0.22 0.00
0.00 0.00 0.00 0.00 0.00 0.00 0.00 0.00 0.00 0.00 0.00 0.00 0.00 0.00 0.00 0.00 0.00 0.00 2.04 0.00 0.00 0.00 0.00 0.00 0.00 0.00 0.00 0.00 2.56 3.43 2.92 0.00 2.19 0.00 2.19 2.34 2.26 0.00 0.00 0.00 0.00 0.00 0.00 0.00 0.00 0.00 0.00 0.00 0.00 0.00 3.43 3.43 3.36 4.09 4.16 4.09 4.60 5.91 5.99 5.11 4.45 3.65 3.94 3.07 3.50 3.80 3.36 3.07 0.00 2.34 2.70 1.83 2.70 3.36 3.43 3.07 3.07 1.02 2.48 0.22 0.51 0.29 0.51 1.75
0.00 0.00 0.00 0.00 0.00 0.00 0.00 0.00 0.00 0.00 0.00 0.00 0.00 0.00 0.00 1.31 0.00 1.46 1.31 0.00 0.00 0.00 0.00 0.00 0.00 2.56 2.56 2.77 3.21 0.00 0.00 0.00 0.00 0.00 0.00 0.00 0.00 0.00 0.00 0.00 0.00 0.00 0.00 0.00 1.31 0.00 0.00 2.48 2.48 0.00 0.00 0.00 2.92 0.00 3.65 4.16 5.40 5.04 5.84 4.09 3.65 3.72 3.65 4.16 4.16 4.74 4.82 4.82 5.04 3.87 2.70 2.92 3.14 4.23 4.60 5.62 5.62 5.18 4.74 2.19 0.73 2.34 4.31 3.80
1.83 1.83 1.68 0.00 0.00 0.00 0.00 0.00 0.00 0.00 0.00 0.00 0.00 0.00 0.00 0.00 0.00 0.00 0.00 0.00 0.00 0.00 0.00 0.00 0.00 0.00 0.00 0.00 0.00 0.00 0.00 0.00 0.00 0.00 0.00 0.00 0.00 0.00 0.00 0.00 0.00 0.00 0.00 0.00 0.00 2.41 1.83 2.56 3.43 4.82 2.99 2.99 0.00 0.00 0.00 0.00 3.72 4.89 4.89 3.43 3.29 3.36 3.29 3.43 4.60 4.82 4.82 5.26 5.11 3.94 4.45 3.43 2.99 3.29 3.07 5.18 5.18 5.26 5.33 5.55 4.89 4.09 3.50 4.67
1.83 1.83 1.68 0.00 0.00 0.00 0.00 0.00 0.00 0.00 0.00 0.00 0.00 0.00 0.00 0.00 0.00 0.00 0.00 0.00 0.00 0.00 0.00 0.00 0.00 0.00 0.00 0.00 0.00 0.00 0.00 0.00 0.00 0.00 0.00 0.00 0.00 0.00 0.00 0.00 0.00 0.00 0.00 0.00 0.00 2.41 1.83 2.56 3.43 4.82 2.99 2.99 0.00 0.00 0.00 0.00 3.72 4.89 4.89 3.43 3.29 3.36 3.29 3.43 4.60 4.82 4.82 5.26 5.11 3.94 4.45 3.43 2.99 3.29 3.07 5.18 5.18 5.26 5.33 5.55 4.89 4.09 3.50 4.67
2.77 2.77 2.77 2.70 0.00 0.00 0.00 0.00 0.00 0.00 0.00 0.00 0.00 0.00 0.00 0.00 0.00 0.00 0.00 0.00 0.00 0.00 0.00 0.00 0.00 5.04 5.04 0.00 0.00 0.00 0.00 0.00 0.00 0.00 0.00 0.00 0.00 0.00 0.00 0.00 0.00 0.00 0.00 2.77 2.48 0.00 2.99 2.92 3.58 5.77 5.77 5.77 4.02 0.00 2.34 2.99 2.92 3.43 4.09 4.23 3.58 3.43 3.07 2.99 3.94 5.04 5.33 5.26 5.33 5.11 3.72 3.87 3.87 2.63 3.94 3.21 3.21 4.67 4.96 5.26 5.18 3.94 4.45 5.84
0.00 0.00 0.00 0.00 0.00 0.00 0.00 0.00 0.00 0.00 0.00 0.00 0.00 2.77 2.34 0.00 0.00 0.00 0.00 0.00 0.00 0.00 0.00 0.00 0.00 0.00 0.00 4.82 0.00 0.00 0.00 0.00 0.00 0.00 0.00 0.00 0.00 0.00 0.00 0.00 0.00 0.00 0.00 5.40 0.00 0.00 5.55 5.26 6.28 6.06 6.64 6.64 4.96 3.65 2.56 3.36 3.50 3.36 4.31 5.40 5.26 4.60 4.02 3.80 3.80 4.31 5.11 5.62 5.62 5.62 5.77 5.04 4.53 3.58 3.87 2.34 2.34 2.70 3.87 2.19 3.07 3.36 4.16 4.31
0.00 0.00 0.00 0.00 0.00 0.00 0.00 0.00 0.00 0.00 0.00 0.00 0.00 0.00 0.00 0.00 0.00 0.00 0.00 0.00 0.00 0.00 0.00 0.00 0.00 0.00 0.00 0.00 0.00 0.00 0.00 0.00 0.00 0.00 0.00 0.00 0.00 0.00 0.00 0.00 0.00 0.00 0.00 4.53 5.48 5.62 5.48 6.13 6.86 6.42 6.72 6.72 5.55 3.94 2.77 3.36 3.36 4.02 3.72 4.74 4.31 2.99 3.14 2.77 2.92 4.09 5.11 5.04 4.53 4.60 4.23 4.09 4.16 4.16 2.56 1.17 1.17 1.10 0.73 1.39 2.04 2.41 3.50 0.00
0.00 0.00 0.00 0.00 0.00 0.00 0.00 0.00 0.00 0.00 0.00 0.00 0.00 0.00 0.00 0.00 0.00 0.00 0.00 0.00 0.00 0.00 0.00 0.00 0.00 2.85 2.85 0.00 0.00 0.00 0.00 0.00 1.83 0.00 0.00 0.00 0.00 1.97 1.75 1.61 2.85 3.58 4.38 4.09 4.23 4.74 5.18 5.11 4.96 4.23 5.62 5.62 5.77 4.31 2.41 1.97 2.77 2.04 1.97 0.00 0.00 1.31 1.61 0.00 0.00 1.75 4.31 4.16 4.16 4.16 3.36 2.92 1.68 1.46 1.53 1.61 1.61 0.66 1.39 1.39 1.17 2.56 2.19 1.61
0.00 0.00 0.00 0.00 0.00 0.00 0.00 0.00 0.00 0.00 0.00 0.00 0.00 0.00 0.00 0.00 0.00 0.00 0.00 0.00 0.00 0.00 1.68 0.00 0.00 2.92 2.92 0.00 0.00 0.00 1.75 1.46 1.90 2.63 0.00 1.02 1.97 1.97 1.90 2.77 2.77 2.04 4.02 3.14 2.92 3.29 4.09 4.38 4.45 4.31 4.82 4.82 3.29 3.80 1.83 0.51 0.00 0.00 0.00 0.00 0.00 0.00 0.00 0.00 0.00 0.00 1.61 2.77 0.00 0.00 0.00 0.00 0.07 0.00 0.00 0.00 0.00 0.00 1.17 0.73 2.04 1.53 0.44 0.00
0.00 0.00 0.00 0.00 0.00 0.00 0.00 0.00 0.00 0.00 0.00 0.00 0.00 0.00 0.00 0.00 0.00 0.00 0.00 0.00 0.00 1.10 1.61 1.75 0.00 0.00 0.00 0.00 2.85 0.00 2.04 1.61 1.17 1.31 1.46 0.44 0.44 0.44 1.83 1.68 1.75 1.83 1.68 2.48 2.26 2.92 2.63 4.45 4.60 4.09 4.31 4.31 2.70 1.24 0.00 0.29 0.00 0.00 0.00 0.00 0.00 0.00 0.00 0.00 0.00 0.00 0.07 0.00 0.00 0.00 0.00 0.00 0.00 0.00 0.00 0.00 0.00 0.15 1.24 2.41 1.61 1.02 2.04 0.00
0.00 0.00 0.00 0.00 0.00 0.00 0.00 0.00 0.00 0.00 0.00 0.00 0.00 0.00 0.00 0.00 0.00 0.00 0.00 0.00 0.00 1.10 1.61 1.75 0.00 0.00 0.00 0.00 2.85 0.00 2.04 1.61 1.17 1.31 1.46 0.44 0.44 0.44 1.83 1.68 1.75 1.83 1.68 2.48 2.26 2.92 2.63 4.45 4.60 4.09 4.31 4.31 2.70 1.24 0.00 0.29 0.00 0.00 0.00 0.00 0.00 0.00 0.00 0.00 0.00 0.00 0.07 0.00 0.00 0.00 0.00 0.00 0.00 0.00 0.00 0.00 0.00 0.15 1.24 2.41 1.61 1.02 2.04 0.00
0.00 0.00 0.00 0.00 0.00 0.00 0.00 0.00 0.00 0.00 0.00 0.00 0.00 0.00 0.00 0.00 0.00 0.00 0.00 0.29 0.00 0.58 1.31 2.04 0.00 0.00 0.00 0.00 0.00 0.00 2.34 0.00 0.00 0.00 0.00 0.00 0.00 1.53 1.39 1.68 1.24 1.39 1.61 1.46 2.63 2.63 2.92 2.56 3.87 3.65 1.97 1.97 1.97 1.68 0.00 0.00 0.00 0.00 0.00 0.00 0.00 0.00 0.00 0.00 0.00 0.00 0.00 0.00 0.00 0.00 0.00 0.00 0.00 0.51 0.44 1.46 1.46 2.19 2.77 2.56 3.21 2.41 3.94 3.07
