Wansh/Snow_depth/snowdepth-1995/winter/1995364.txt
ncols 321
nrows 161
xllcenter 60
yllcenter 15 
cellsize  0.25 
NODATA_value -1
[rows 74 to 110 of 161, columns 84 to 167 of 321]
0.00 0.00 0.00 0.00 0.29 0.00 0.00 0.00 0.44 0.00 0.58 1.31 1.53 5.84 4.96 4.60 5.11 5.18 5.18 5.04 5.11 0.00 0.00 4.31 5.11 6.28 4.53 3.94 3.50 0.00 0.00 0.00 5.55 5.33 6.13 6.06 9.20 12.41 14.60 12.41 10.59 5.84 2.56 2.56 1.46 1.24 0.00 1.10 1.24 1.61 0.00 0.00 0.00 0.00 0.00 1.97 1.75 1.17 1.75 1.31 0.00 0.00 1.02 0.00 0.00 0.00 0.00 0.00 0.00 1.10 1.03 1.61 1.24 0.00 0.00 0.00 0.00 0.00 0.00 0.00 0.00 0.15 1.75 1.39
0.00 0.00 0.00 1.17 2.19 1.17 3.58 2.85 1.53 0.00 4.23 3.07 5.62 3.94 5.26 4.96 0.00 5.77 5.77 4.96 4.89 4.09 3.94 5.69 7.08 8.10 5.33 5.11 4.31 0.00 3.72 3.87 4.82 4.67 5.69 7.81 7.37 11.02 17.30 7.81 8.61 2.85 2.26 2.26 2.77 0.15 2.48 2.19 2.04 2.19 2.92 0.00 1.68 1.39 2.41 1.39 1.53 1.83 1.24 1.31 1.68 1.46 2.04 0.00 1.39 0.00 0.00 0.00 0.00 1.32 2.26 2.04 2.56 1.39 0.00 0.00 0.00 0.00 0.00 0.00 0.00 1.53 0.95 1.41
2.26 0.00 4.53 2.04 3.80 4.82 3.72 0.00 5.40 4.89 4.53 5.48 6.35 5.04 4.31 5.48 6.86 5.26 5.26 4.38 4.96 0.00 4.09 0.00 5.55 7.08 5.69 0.00 5.04 0.00 4.74 0.00 4.45 4.45 5.26 4.82 6.79 8.98 7.01 6.13 6.28 3.72 4.89 4.89 2.41 4.23 4.09 3.58 3.72 4.02 3.07 2.41 2.63 1.68 0.73 1.31 1.46 1.68 1.46 1.68 2.26 1.97 2.04 2.12 2.26 1.76 0.00 0.58 0.58 1.31 1.97 3.36 2.04 0.73 0.00 0.00 0.00 0.00 0.00 0.00 0.00 0.00 0.81 0.45
0.88 2.92 3.58 3.58 2.48 3.87 4.38 5.04 5.84 5.69 5.84 5.48 6.13 6.06 5.18 6.13 7.23 0.00 0.00 4.60 0.00 0.00 3.80 4.23 0.00 0.00 0.00 0.00 0.00 0.00 0.00 0.00 0.00 0.00 4.02 3.87 0.00 6.20 4.67 6.13 4.96 4.16 6.06 6.06 5.40 3.94 4.89 5.55 4.31 4.60 3.80 3.50 3.21 2.19 1.90 2.77 1.24 2.41 0.58 1.46 2.19 2.63 3.29 2.56 2.99 1.68 1.39 2.48 2.48 2.99 2.70 3.80 2.12 2.63 1.53 0.00 0.00 0.00 0.00 0.00 0.00 0.00 0.37 0.74
6.06 1.83 5.55 2.77 3.36 3.14 3.43 4.31 5.18 5.48 6.28 6.28 5.91 6.13 5.26 6.79 5.33 4.82 4.82 4.31 4.60 4.23 5.04 5.18 0.00 4.23 4.38 0.00 0.00 0.00 0.00 0.00 0.00 3.87 0.00 0.00 0.00 0.00 0.00 4.74 3.94 3.80 6.13 6.13 0.00 0.00 4.16 4.96 4.82 5.11 5.18 3.87 3.87 4.67 4.23 4.82 2.41 2.56 2.04 1.83 2.12 3.21 2.77 3.07 3.94 3.50 4.45 5.77 5.77 5.48 3.72 4.31 3.07 4.31 3.58 0.29 0.37 0.00 0.00 0.00 0.00 0.00 1.25 1.26
6.13 5.40 4.53 5.04 4.53 3.21 3.36 4.23 4.45 5.33 5.33 5.04 6.13 5.48 4.74 5.62 4.96 5.77 5.77 4.96 4.60 4.82 4.82 4.31 4.31 0.00 0.00 4.23 0.00 0.00 0.00 0.00 0.00 0.00 0.00 0.00 0.00 0.00 0.00 0.00 0.00 0.00 0.00 0.00 0.00 0.00 0.00 0.00 0.00 0.00 0.00 0.00 0.00 0.00 4.53 3.14 2.34 2.41 2.85 2.63 3.21 3.58 2.41 2.85 3.94 5.55 6.72 6.06 6.06 7.15 3.14 3.58 3.14 5.77 6.38 1.90 0.95 0.73 0.00 0.00 0.15 1.90 2.04 2.13
0.00 0.00 4.23 3.87 2.26 3.43 4.53 3.50 4.23 5.26 5.04 3.80 3.87 4.09 4.09 5.04 4.53 5.99 5.99 5.69 5.11 0.00 3.80 4.16 3.72 4.60 0.00 0.00 0.00 0.00 0.00 0.00 0.00 0.00 0.00 0.00 0.00 0.00 0.00 0.00 0.00 0.00 0.00 0.00 0.00 0.00 0.00 0.00 0.00 3.58 0.00 0.00 0.00 0.00 0.00 0.00 2.26 3.36 2.77 3.21 2.92 3.50 3.87 4.02 0.00 3.21 4.60 4.16 4.16 5.91 4.45 6.42 9.42 10.59 9.05 4.11 1.72 0.46 0.07 0.29 0.00 1.02 1.97 2.63
0.00 0.00 4.16 0.00 0.00 3.21 3.36 0.00 4.09 4.53 4.60 3.80 4.02 4.09 3.94 4.16 3.36 5.04 5.04 5.33 3.21 0.00 0.00 3.07 1.75 3.36 0.00 0.00 0.00 0.00 0.00 0.00 0.00 0.00 0.00 0.00 0.00 0.00 0.00 0.00 3.07 0.00 0.00 0.00 0.00 0.00 0.00 0.00 0.00 0.00 0.00 0.00 0.00 0.00 0.00 1.61 0.00 3.29 3.07 3.87 4.60 5.18 3.58 2.99 3.21 3.43 0.00 0.00 0.00 4.53 4.89 8.47 12.99 14.24 12.78 7.19 2.43 2.75 1.66 1.72 0.95 1.02 0.66 1.75
3.43 0.00 0.00 0.00 0.00 3.14 0.00 2.99 0.00 4.60 4.09 3.87 4.53 0.00 4.02 4.09 3.80 5.18 5.18 2.92 2.19 1.53 0.00 2.26 0.00 0.00 0.00 0.00 0.00 0.00 0.00 0.00 0.00 0.00 0.00 0.00 0.00 0.00 0.00 0.00 0.00 0.00 0.00 0.00 0.00 0.00 0.00 0.00 0.00 0.00 0.00 0.00 0.00 2.04 2.26 1.97 2.70 3.80 2.63 4.60 5.84 6.35 5.18 5.91 6.79 0.00 3.43 4.82 4.82 5.11 4.89 7.08 12.92 15.26 14.67 10.22 5.26 2.56 1.68 1.10 1.46 0.29 0.51 0.00
4.23 3.14 2.41 3.21 0.00 0.00 0.00 0.00 0.00 3.21 3.94 4.16 0.00 5.33 4.74 4.09 3.58 2.70 2.70 3.07 0.00 0.00 0.00 2.48 0.00 0.00 0.00 0.00 0.00 0.00 0.00 0.00 0.00 0.00 0.00 2.92 2.41 0.00 1.97 0.00 0.00 0.00 0.00 0.00 0.00 0.00 0.00 0.00 0.00 0.00 0.00 2.77 2.19 2.04 3.43 3.50 5.04 5.84 3.87 5.04 5.91 6.72 7.52 9.27 10.59 7.15 7.96 6.86 6.86 7.15 6.79 9.49 8.91 11.68 13.65 12.48 7.74 4.09 2.12 1.83 0.66 2.63 1.46 1.31
3.80 3.36 3.43 3.87 0.00 0.00 0.00 0.00 0.00 3.58 3.94 0.00 3.50 4.45 3.87 0.00 0.00 0.00 0.00 3.14 0.00 0.00 0.00 3.36 0.00 0.00 0.00 0.00 0.00 0.00 0.00 0.00 3.50 0.00 0.00 3.58 3.29 2.70 2.41 2.48 0.00 0.00 2.77 2.77 0.00 0.00 0.00 0.00 0.00 3.43 3.29 5.04 3.80 6.28 5.84 6.13 8.10 4.82 5.18 7.30 8.25 7.88 9.13 12.34 13.43 10.44 12.99 12.41 12.41 13.36 6.94 7.23 8.32 12.19 11.17 11.24 8.25 5.84 2.70 3.36 2.99 5.26 2.99 1.24
3.07 2.34 2.92 3.21 2.19 0.00 0.00 0.00 3.65 0.00 0.00 0.00 0.00 4.16 2.77 3.07 4.45 4.31 4.31 2.99 3.80 2.63 0.00 0.00 0.00 0.00 0.00 0.00 0.00 0.00 2.92 4.45 4.53 3.65 3.14 0.00 0.00 2.34 3.72 2.70 3.43 2.04 3.21 3.21 0.00 0.00 4.53 0.00 4.16 4.09 4.38 4.16 5.99 6.28 8.76 9.71 9.42 6.42 7.23 10.95 10.12 16.02 15.43 15.99 16.50 15.26 19.78 19.05 19.05 21.53 12.63 10.95 8.98 9.93 8.69 7.15 7.15 8.25 8.40 4.96 4.16 7.01 6.13 3.21
2.56 2.41 2.70 1.61 1.68 2.92 2.26 0.00 0.00 2.56 3.07 0.00 0.00 0.00 0.00 0.00 4.60 4.53 4.53 0.00 5.84 0.00 5.99 0.00 0.00 0.00 0.00 0.00 0.00 0.00 0.00 0.00 0.00 0.00 0.00 0.00 0.00 0.00 6.64 7.45 5.84 5.77 4.82 4.82 4.16 0.00 3.43 3.94 3.72 3.43 3.50 3.94 3.72 8.32 7.08 13.51 13.65 12.99 15.48 19.64 18.10 22.48 20.11 21.61 21.17 27.30 24.97 23.65 23.65 24.31 27.01 28.25 22.48 18.18 11.32 8.61 7.88 8.76 10.59 10.66 11.02 9.93 6.06 1.90
2.34 2.04 2.85 1.39 0.00 2.41 3.80 3.14 0.00 0.00 0.00 0.00 0.00 0.00 0.00 0.00 0.00 4.74 4.74 5.48 5.77 0.00 0.00 0.00 0.00 0.00 0.00 0.00 0.00 0.00 0.00 0.00 0.00 0.00 0.00 0.00 0.00 0.00 6.35 7.81 8.32 3.72 6.13 6.13 5.69 5.18 0.00 3.87 3.65 3.72 3.58 3.58 4.02 6.50 8.69 12.12 13.94 19.20 20.95 22.41 21.68 22.12 22.27 20.44 17.12 23.58 20.15 17.89 17.89 16.57 18.10 25.11 20.15 13.14 10.07 10.15 9.13 8.03 10.07 10.44 10.88 11.24 8.91 3.72
2.12 1.53 0.00 0.00 0.00 0.00 3.07 0.00 0.00 0.00 0.00 4.67 4.67 0.00 0.00 0.00 0.00 0.00 0.00 4.45 0.00 4.82 0.00 0.00 0.00 0.00 4.31 3.43 0.00 0.00 0.00 0.00 0.00 5.18 0.00 0.00 6.50 6.35 6.94 5.11 0.00 5.26 8.47 8.47 8.40 7.23 6.42 5.18 5.11 6.64 3.80 3.36 6.06 7.01 10.07 10.59 13.72 17.89 18.10 20.95 17.81 13.87 17.30 18.03 15.19 19.31 18.83 15.62 15.62 12.85 11.24 22.19 18.40 14.02 10.73 9.49 8.91 11.32 10.66 10.44 12.26 12.34 9.86 6.42
2.63 1.83 0.00 0.00 0.00 0.00 0.00 0.00 0.00 0.00 0.00 0.00 0.00 4.82 0.00 0.00 0.00 0.00 0.00 0.00 0.00 0.00 0.00 0.00 0.00 0.00 0.00 0.00 3.36 0.00 0.00 0.00 0.00 5.62 5.84 6.94 6.28 6.06 6.35 4.89 6.35 6.42 8.32 8.32 8.54 7.66 10.51 10.51 7.37 10.00 6.35 4.89 8.54 8.03 13.58 11.39 17.52 17.01 16.60 16.74 12.05 10.29 14.53 14.97 17.19 18.14 18.75 15.91 15.91 13.36 12.34 14.09 14.38 11.68 9.78 8.83 8.83 11.10 10.80 10.01 13.18 9.41 6.82 5.36
1.68 1.46 0.00 1.46 0.00 0.00 0.00 0.00 0.00 0.95 0.00 0.00 0.00 0.00 0.00 0.00 0.00 0.00 0.00 0.00 0.00 0.00 0.00 0.00 0.00 4.60 0.00 4.16 4.16 0.00 0.00 5.91 7.88 7.15 6.64 9.05 7.81 7.15 0.00 7.45 7.15 8.40 8.61 8.61 9.13 10.07 10.80 12.34 11.68 11.17 8.91 7.88 12.85 11.46 19.05 15.55 23.07 16.57 17.23 13.94 9.71 9.64 11.50 14.02 14.67 17.01 17.47 14.28 13.83 9.39 9.78 10.00 10.15 9.86 7.96 8.25 7.59 9.34 11.47 9.40 8.86 9.68 9.05 6.66
1.90 2.12 0.44 1.10 0.95 0.44 0.58 0.95 1.68 0.51 0.00 0.00 0.00 0.00 0.00 0.00 0.00 0.00 0.00 0.00 0.00 0.00 0.00 0.00 0.00 0.00 4.02 4.23 0.00 0.00 0.00 4.60 6.72 8.61 9.27 11.10 9.42 8.76 7.45 6.50 8.76 8.25 7.66 7.66 9.13 10.73 10.44 11.61 12.41 12.05 12.05 19.20 18.54 24.97 23.87 26.50 27.74 20.88 21.90 12.90 12.63 12.26 9.39 11.03 11.86 15.87 15.48 13.72 13.79 10.81 9.24 9.64 9.86 9.56 8.07 8.25 7.37 8.03 8.95 11.77 10.51 10.51 9.90 9.93
1.61 1.83 1.17 1.53 0.73 1.02 1.17 0.73 1.24 0.00 0.00 0.00 0.00 0.00 0.00 0.00 0.00 0.00 0.00 0.00 0.00 0.00 0.00 0.00 0.00 4.31 4.60 4.23 0.00 0.00 4.16 2.70 4.16 8.03 10.15 12.19 12.41 10.59 9.71 10.00 11.90 6.42 7.74 7.74 8.76 10.15 9.20 9.78 11.17 13.29 13.21 18.32 21.53 23.87 29.20 29.42 26.06 25.70 24.60 17.00 16.89 17.43 10.35 10.07 11.12 14.84 14.90 12.92 12.92 9.17 9.01 11.92 13.43 13.19 10.78 9.81 8.25 9.78 12.12 12.37 14.36 13.40 13.42 11.13
1.83 2.12 1.46 0.44 1.02 1.02 0.95 0.00 0.00 0.88 0.66 0.00 0.00 0.00 0.66 1.39 1.61 0.00 0.00 1.10 0.00 0.00 1.68 0.00 0.00 0.00 0.00 4.82 0.00 0.00 2.99 0.00 0.00 5.77 10.15 12.19 11.97 8.47 9.86 10.73 0.00 0.00 6.13 6.13 8.18 5.26 7.01 8.47 9.56 12.48 11.10 14.02 18.91 20.73 26.13 25.11 30.02 28.32 27.30 22.48 21.10 13.73 10.80 9.45 12.21 12.88 13.72 12.26 12.26 8.48 8.58 11.95 14.75 15.70 14.82 12.77 12.19 10.15 11.93 12.79 14.75 15.72 18.42 13.55
2.34 2.34 1.10 0.44 1.10 1.31 0.00 0.00 0.00 0.00 0.88 0.00 0.00 0.00 0.00 1.17 1.53 0.00 0.00 0.88 0.00 0.00 2.48 0.00 0.00 0.00 0.00 0.00 0.00 0.00 0.00 0.00 0.00 4.38 7.45 9.42 5.11 5.77 7.59 0.00 0.00 0.00 0.00 0.00 0.00 2.04 3.80 5.62 7.15 10.29 12.12 12.56 16.02 17.54 23.24 21.34 27.02 26.13 24.45 26.06 21.46 15.04 10.99 8.63 9.03 13.95 10.97 7.74 7.78 7.53 7.81 11.27 15.00 17.14 17.77 16.50 16.24 14.07 12.41 12.23 15.14 16.09 18.47 15.96
1.68 0.80 1.83 1.17 2.70 2.19 0.00 1.90 1.17 1.10 1.31 0.00 0.00 0.00 0.00 0.51 1.02 0.00 0.00 0.00 0.00 2.41 0.00 0.00 0.00 2.41 0.00 0.37 0.00 0.29 0.00 0.00 0.00 0.00 3.43 5.62 0.00 0.00 0.00 0.00 0.00 0.00 0.00 0.00 0.00 1.68 2.48 3.72 5.55 9.56 12.26 14.38 15.62 15.90 18.71 18.06 25.25 24.04 19.71 24.48 19.08 16.14 12.00 7.14 6.19 10.81 9.66 5.65 5.65 4.65 5.10 5.35 14.10 18.27 18.05 17.83 17.73 15.48 12.88 11.90 12.75 15.66 16.31 8.62
1.83 2.04 4.02 2.99 6.64 4.60 2.85 3.65 2.48 1.68 0.00 0.00 0.00 0.00 0.00 1.31 0.00 0.00 0.00 0.00 0.00 0.00 0.00 0.00 0.00 2.41 1.24 1.46 0.44 0.00 0.00 0.00 0.00 0.95 1.75 0.00 1.17 0.00 0.00 0.00 0.00 2.92 0.00 0.00 5.62 4.53 3.29 6.35 5.84 11.97 15.62 14.60 14.45 14.89 16.39 14.19 15.95 14.75 19.89 16.04 14.92 15.59 9.56 7.49 5.99 7.34 8.44 4.37 4.31 3.48 3.48 3.60 10.07 13.71 15.70 15.85 12.15 11.19 10.21 6.32 9.26 14.15 15.18 11.68
0.00 2.41 2.63 10.29 10.88 8.47 4.89 4.96 5.77 4.53 1.24 0.00 1.02 0.58 0.00 0.00 0.00 0.00 0.00 0.00 2.04 0.00 0.00 0.00 1.10 2.12 1.61 1.39 1.10 0.51 0.00 0.00 0.37 1.02 1.68 2.04 0.00 0.00 0.00 0.00 4.23 5.69 4.53 4.53 8.25 8.03 5.55 5.91 8.83 11.68 14.22 14.23 16.51 17.09 16.02 12.62 13.58 11.61 12.81 10.55 8.51 9.76 8.10 6.79 7.26 4.44 4.89 4.52 4.40 2.92 1.61 3.69 6.26 11.91 12.84 12.56 9.94 8.31 8.86 6.78 6.08 9.97 11.76 9.67
11.83 6.42 16.06 21.17 22.92 23.80 21.68 14.31 8.83 3.80 1.39 0.07 0.44 1.02 0.95 0.66 2.56 1.46 1.46 1.17 1.75 1.02 0.00 1.61 1.17 2.04 2.04 1.10 1.02 1.10 1.31 0.44 0.29 1.39 1.39 3.58 0.00 0.00 0.95 1.46 2.77 3.87 4.23 4.23 4.82 3.80 4.38 5.91 8.69 9.42 12.64 13.09 15.03 9.45 10.67 6.56 10.59 10.01 11.71 10.64 12.91 9.46 11.38 11.66 6.42 4.84 3.53 1.87 1.84 0.66 0.80 1.89 2.97 10.21 8.91 9.27 6.35 3.96 0.92 1.11 2.34 4.53 5.74 6.13
10.88 17.37 18.98 15.77 18.54 26.50 20.73 17.37 11.17 4.45 1.68 0.73 1.10 1.02 1.53 2.12 2.34 2.41 2.41 1.68 1.68 1.17 0.15 1.68 1.24 2.19 0.88 0.88 1.24 1.31 1.61 1.46 1.31 1.68 2.92 4.09 7.23 2.92 0.00 0.22 0.07 0.73 1.24 1.24 4.02 4.60 3.07 4.45 7.00 7.38 11.74 9.63 9.40 7.03 8.01 9.80 9.20 6.47 11.89 10.47 12.76 13.62 15.59 13.09 7.66 4.31 2.79 2.09 2.05 0.80 0.22 2.31 3.87 8.56 8.85 5.26 1.70 1.20 0.15 0.83 1.47 2.06 4.10 6.31
10.88 14.16 17.52 11.10 18.91 23.07 14.60 14.82 10.66 1.31 1.24 0.88 1.10 1.17 2.63 3.80 3.14 2.56 2.56 2.56 1.10 0.44 0.66 1.46 1.46 0.00 0.37 0.66 1.39 1.46 0.73 1.46 0.95 3.50 2.77 5.04 6.13 1.61 0.66 0.15 0.00 1.68 0.00 0.00 1.10 2.70 2.41 2.21 7.38 7.70 6.58 8.83 8.20 7.98 5.87 6.15 5.66 9.27 10.38 12.97 17.98 17.36 17.37 15.04 8.18 5.21 4.17 2.64 2.94 2.01 0.52 1.32 1.87 4.79 7.64 5.53 2.26 1.17 1.11 0.25 0.51 1.83 2.25 4.87
12.56 11.32 4.38 7.08 9.78 15.99 9.13 9.90 4.23 1.97 1.39 1.75 1.75 2.41 3.58 4.67 4.16 3.80 3.80 2.34 2.70 1.17 0.73 1.02 1.10 0.00 0.00 0.00 1.39 1.68 0.80 0.51 0.44 1.02 4.16 3.36 5.18 1.10 0.00 0.00 0.00 0.00 0.00 0.00 0.73 1.68 3.07 5.06 5.48 5.71 6.65 7.90 7.69 7.88 4.34 4.93 4.23 6.58 7.38 8.86 18.98 18.23 17.02 17.67 7.74 4.87 4.25 4.47 4.31 3.90 1.96 0.37 1.31 2.61 6.42 6.66 3.56 1.38 1.47 1.01 0.10 0.95 3.83 5.64
4.96 9.86 0.00 0.00 6.35 9.13 8.32 6.20 5.18 2.99 2.48 4.53 2.19 2.56 3.80 7.37 5.40 3.29 3.29 4.74 2.85 2.12 0.95 0.44 0.07 0.00 0.00 0.00 0.00 0.15 0.58 0.29 0.00 0.00 1.39 2.19 3.14 3.21 0.00 0.00 0.00 0.00 0.00 0.00 0.66 2.04 4.16 5.55 3.65 5.11 4.67 7.11 4.68 5.15 4.80 5.03 4.27 5.29 7.47 8.85 12.10 15.45 16.77 18.89 12.99 7.68 6.81 6.02 6.06 3.59 1.52 1.05 0.45 1.73 3.67 1.16 1.42 0.95 0.88 0.96 2.46 4.84 5.23 6.49
0.00 0.00 0.00 0.00 0.00 8.40 8.32 6.72 5.33 4.74 3.07 7.30 5.99 5.84 4.16 12.78 8.25 5.69 5.69 6.86 3.94 2.48 0.37 1.10 0.51 0.15 0.00 0.00 0.00 0.00 0.15 0.00 0.00 0.44 0.00 0.73 3.14 0.00 0.00 0.00 0.00 0.00 0.00 0.00 1.76 1.02 3.23 3.43 1.70 3.76 3.08 5.42 5.99 4.93 4.11 4.55 5.14 5.19 4.77 7.13 11.04 12.96 13.31 13.85 16.77 12.82 9.73 6.91 8.08 4.84 3.19 2.12 1.08 1.85 1.31 0.67 1.30 0.88 0.62 0.48 1.82 4.53 5.27 6.57
0.00 0.00 0.00 0.00 4.31 0.00 5.91 7.45 6.50 6.28 6.94 7.66 12.26 10.95 21.39 20.08 16.28 10.73 10.73 11.75 7.30 4.60 2.12 0.00 1.61 0.07 0.15 0.00 0.88 0.00 0.00 0.00 0.00 0.00 0.00 0.44 1.75 0.00 0.00 0.00 0.00 0.00 0.00 0.00 0.15 0.00 1.61 1.83 0.67 1.94 2.63 3.63 4.42 4.24 6.21 0.00 0.00 5.56 0.00 7.30 10.98 9.97 11.02 18.65 17.26 14.68 14.60 9.35 10.47 6.97 5.64 3.58 0.88 1.24 1.50 1.12 0.75 0.66 0.95 0.00 0.66 3.07 7.15 4.84
0.00 0.00 0.00 0.00 0.00 0.00 2.48 5.84 9.49 7.81 8.61 11.90 8.25 15.70 19.13 22.46 23.23 16.94 16.94 16.57 10.73 13.14 2.85 1.02 0.95 3.43 2.48 2.19 1.10 0.00 0.00 1.61 0.15 0.00 1.46 1.02 1.83 0.00 0.00 0.00 1.97 1.10 0.00 0.00 0.00 0.00 0.00 1.27 2.75 5.19 4.73 4.98 5.38 0.00 0.00 0.00 0.00 0.00 0.00 9.64 12.12 12.11 8.57 15.39 15.73 14.51 16.14 11.31 11.56 9.33 5.68 2.89 2.46 0.00 0.17 0.00 1.26 1.69 0.46 0.47 0.70 2.37 3.29 6.23
0.00 0.00 0.00 0.00 0.00 0.00 0.00 0.00 4.74 8.18 5.40 7.88 12.85 17.67 8.40 15.99 18.40 22.83 21.30 23.51 20.73 18.10 6.94 1.39 4.16 9.93 11.53 7.15 6.50 2.19 1.24 8.83 5.48 1.90 8.10 3.50 1.10 0.00 0.00 0.00 6.86 5.33 1.24 1.24 0.15 0.07 1.03 2.01 4.27 7.40 9.00 3.97 4.71 0.00 0.00 0.00 0.00 0.00 0.00 0.00 8.47 10.12 7.21 7.56 13.77 17.16 12.82 9.45 11.55 6.59 5.15 5.99 3.70 0.67 0.41 2.94 2.79 0.84 0.55 0.89 1.07 0.00 1.43 2.17
0.00 0.00 0.00 0.00 0.00 0.00 0.00 0.00 0.00 0.00 0.00 0.00 0.00 6.13 0.00 4.02 11.68 6.04 6.14 15.26 22.34 13.51 12.85 7.45 16.43 19.35 23.51 20.95 19.78 15.40 15.40 28.32 22.70 19.93 13.07 9.05 5.11 12.78 11.24 10.71 12.72 13.49 9.64 9.64 14.67 7.66 1.68 4.26 3.61 2.13 2.60 0.00 0.00 0.00 0.00 0.00 0.00 0.00 0.00 0.00 0.00 0.00 0.00 7.65 6.29 10.97 6.97 5.58 6.23 5.80 5.03 4.37 3.63 1.76 0.00 0.00 1.22 1.46 1.47 0.00 0.00 0.00 0.00 0.00
0.00 0.00 0.00 0.00 0.00 0.00 0.00 0.00 0.00 0.00 0.00 0.00 0.00 0.00 0.00 0.00 0.00 0.00 0.00 4.60 10.00 10.74 12.48 12.05 12.56 18.48 24.03 15.70 19.64 21.17 27.52 29.27 27.59 19.35 14.75 9.93 12.63 14.45 15.11 13.94 12.33 15.62 16.64 18.60 16.21 12.26 6.13 6.74 5.95 0.00 0.00 0.00 0.00 0.00 0.00 0.00 0.00 0.00 0.00 0.00 0.00 0.00 0.00 0.00 6.42 7.62 3.10 0.00 0.00 5.56 4.62 5.10 4.00 3.65 0.00 0.00 0.00 0.00 0.00 0.00 0.00 0.00 0.00 0.00
0.00 0.00 0.00 0.00 0.00 0.00 0.00 0.00 0.00 0.00 0.00 0.00 0.00 0.00 0.00 0.00 0.00 0.00 0.00 0.00 0.00 8.47 9.71 11.39 8.76 12.91 13.41 9.71 11.46 15.48 11.97 24.38 26.16 16.86 13.58 9.38 4.02 8.83 9.42 5.62 5.90 8.98 13.84 17.58 13.74 14.06 4.79 3.68 0.00 0.00 0.00 0.00 0.00 0.00 0.00 0.00 0.00 0.00 0.00 0.00 0.00 0.00 0.00 0.00 0.00 0.00 0.00 0.00 0.00 0.00 0.00 0.00 0.00 0.00 0.00 0.00 0.00 0.00 0.00 0.00 0.00 0.00 0.00 0.00
0.00 0.00 0.00 0.00 0.00 0.00 0.00 0.00 0.00 0.00 0.00 0.00 0.00 0.00 0.00 0.00 0.00 0.00 0.00 0.00 0.00 0.00 8.32 4.82 0.00 0.00 11.02 5.33 8.32 10.15 0.00 14.98 27.26 8.03 6.13 0.00 0.00 0.00 0.00 0.00 0.00 0.00 9.91 11.32 8.32 10.17 0.00 0.00 0.00 0.00 0.00 0.00 0.00 0.00 0.00 0.00 0.00 0.00 0.00 0.00 0.00 0.00 0.00 0.00 0.00 0.00 0.00 0.00 0.00 0.00 0.00 0.00 0.00 0.00 0.00 0.00 0.00 0.00 0.00 0.00 0.00 0.00 0.00 0.00
