Wansh/Snow_depth/snowdepth-1995/winter/1995339.txt
ncols 321
nrows 161
xllcenter 60
yllcenter 15 
cellsize  0.25 
NODATA_value -1
[rows 0 to 36 of 161, columns 168 to 251 of 321]
0.00 0.44 0.37 0.15 0.07 0.07 1.10 1.02 1.75 1.75 2.48 2.48 1.97 1.46 1.61 1.68 1.75 2.34 4.74 4.31 5.04 3.58 4.09 3.72 3.36 2.70 0.00 0.00 0.00 0.00 0.00 1.75 0.00 9.13 7.01 7.01 7.23 7.59 7.01 9.78 10.51 10.37 12.99 16.50 15.91 18.76 16.43 17.16 11.61 8.54 8.61 8.03 7.81 8.03 7.15 7.88 8.76 8.76 8.54 8.69 8.69 8.18 7.59 8.32 8.32 8.69 8.47 8.61 6.72 9.13 9.13 9.13 6.57 6.35 6.50 7.08 7.88 7.88 7.88 7.88 7.88 7.15 6.50 6.57
0.66 0.58 1.75 1.31 0.66 0.00 0.00 1.75 1.39 1.39 2.48 1.75 1.75 2.19 1.90 2.26 1.97 3.80 3.21 4.89 5.33 3.87 4.23 3.50 1.53 4.23 0.00 0.00 0.00 0.00 0.00 0.00 6.50 2.70 6.13 6.13 4.89 5.62 9.86 9.34 10.44 14.16 13.36 17.30 19.64 19.49 17.16 12.78 14.16 10.66 8.98 8.76 8.61 7.59 7.88 7.59 8.47 8.40 7.96 8.40 8.40 7.23 7.66 7.66 7.45 7.88 7.74 7.37 6.86 6.94 6.35 7.23 7.15 6.94 7.15 7.23 7.37 7.52 8.03 6.86 7.01 6.13 6.64 5.84
0.95 1.24 1.83 0.00 0.00 0.00 1.02 0.73 2.26 2.26 1.83 1.75 2.26 2.26 1.83 2.26 2.04 3.65 4.31 4.45 3.21 3.50 4.16 1.39 4.53 0.00 0.00 0.00 0.00 0.00 0.00 5.84 2.04 3.87 4.82 4.82 4.31 9.13 7.96 12.19 12.48 12.19 14.89 15.70 15.70 14.67 11.97 12.70 10.37 8.98 9.42 8.32 7.81 7.52 8.61 7.15 7.74 6.50 6.86 7.81 7.81 7.52 7.81 7.88 6.94 7.37 7.30 7.81 7.08 7.15 7.96 7.66 7.37 7.52 6.42 6.64 6.72 7.88 6.72 8.47 6.50 4.74 4.67 5.26
0.95 1.24 1.83 0.00 0.00 0.00 1.02 0.73 2.26 2.26 1.83 1.75 2.26 2.26 1.83 2.26 2.04 3.65 4.31 4.45 3.21 3.50 4.16 1.39 4.53 0.00 0.00 0.00 0.00 0.00 0.00 5.84 2.04 3.87 4.82 4.82 4.31 9.13 7.96 12.19 12.48 12.19 14.89 15.70 15.70 14.67 11.97 12.70 10.37 8.98 9.42 8.32 7.81 7.52 8.61 7.15 7.74 6.50 6.86 7.81 7.81 7.52 7.81 7.88 6.94 7.37 7.30 7.81 7.08 7.15 7.96 7.66 7.37 7.52 6.42 6.64 6.72 7.88 6.72 8.47 6.50 4.74 4.67 5.26
0.73 1.10 1.61 0.00 0.00 0.00 0.00 0.88 0.58 0.58 1.53 2.04 1.90 3.14 1.97 2.56 3.87 3.87 4.16 3.72 3.94 2.34 0.00 0.00 0.00 0.00 0.00 0.00 0.00 0.00 2.56 0.00 2.41 3.80 3.80 3.80 7.23 7.01 7.30 7.15 10.44 7.30 6.72 10.95 6.94 7.59 7.23 8.76 9.13 9.05 8.61 7.59 7.66 7.08 6.28 5.84 6.06 6.13 5.55 6.42 6.42 7.45 7.66 8.03 8.32 7.74 6.50 6.79 6.86 6.35 6.42 6.06 6.42 6.06 5.48 4.96 4.60 6.20 5.18 5.04 5.18 4.96 4.82 5.55
2.34 1.31 0.51 0.95 0.00 0.00 0.00 0.80 1.53 1.53 1.39 2.77 3.72 3.65 3.43 3.58 4.09 4.09 4.16 2.56 0.00 2.63 0.00 0.00 0.00 0.00 0.00 0.00 0.00 0.00 2.48 2.41 0.73 3.80 6.79 6.79 6.28 6.13 5.48 5.77 5.33 5.48 5.33 5.77 6.42 6.28 7.81 7.37 7.59 7.59 7.23 7.74 7.52 7.08 6.50 5.48 5.40 5.40 5.11 6.06 6.06 7.59 7.88 7.66 7.08 6.64 4.89 5.48 5.62 5.48 5.84 6.28 4.60 4.31 4.23 5.40 5.18 4.89 5.18 4.74 5.69 4.74 5.26 5.26
0.37 0.66 1.02 1.61 1.31 0.00 0.73 0.37 2.48 2.48 2.63 2.77 2.99 3.58 3.65 3.72 2.77 3.36 2.12 3.58 0.00 0.00 0.00 0.00 0.00 0.00 0.00 0.00 0.00 3.43 3.72 2.63 4.23 5.62 5.62 5.62 4.16 1.83 1.83 2.56 2.99 2.70 3.58 4.67 4.16 5.62 6.50 6.20 7.37 6.35 6.06 6.28 6.72 6.57 6.64 5.84 4.89 5.48 5.55 5.84 5.84 5.69 8.18 7.96 7.30 5.99 5.26 4.60 5.04 4.74 3.50 3.94 4.23 4.38 2.92 3.14 4.96 4.67 4.74 5.02 5.76 6.60 7.70 7.74
0.37 0.66 1.02 1.61 1.31 0.00 0.73 0.37 2.48 2.48 2.63 2.77 2.99 3.58 3.65 3.72 2.77 3.36 2.12 3.58 0.00 0.00 0.00 0.00 0.00 0.00 0.00 0.00 0.00 3.43 3.72 2.63 4.23 5.62 5.62 5.62 4.16 1.83 1.83 2.56 2.99 2.70 3.58 4.67 4.16 5.62 6.50 6.20 7.37 6.35 6.06 6.28 6.72 6.57 6.64 5.84 4.89 5.48 5.55 5.84 5.84 5.69 8.18 7.96 7.30 5.99 5.26 4.60 5.04 4.74 3.50 3.94 4.23 4.38 2.92 3.63 6.85 6.72 6.50 8.53 9.51 8.78 9.90 8.03
0.44 1.83 1.83 1.75 1.17 1.02 1.02 1.68 1.61 1.61 2.48 2.85 2.85 2.85 2.92 4.53 2.63 0.00 0.00 0.00 0.00 0.00 0.00 0.00 0.00 0.00 0.00 1.02 2.99 0.66 3.94 4.16 3.94 5.04 4.09 4.09 4.67 1.24 1.24 1.10 1.90 3.21 2.92 5.11 5.77 5.62 5.33 7.01 5.91 5.99 6.13 6.50 5.77 5.99 5.84 5.69 5.62 5.69 5.04 5.84 5.84 6.13 6.64 7.66 6.28 6.35 5.99 6.13 4.82 3.72 4.09 2.99 3.50 3.61 3.77 5.80 6.10 5.97 5.37 10.60 8.78 9.05 8.76 8.67
2.56 2.34 2.99 3.14 1.68 1.46 1.68 1.61 2.41 2.41 1.83 2.56 2.85 2.77 2.12 0.00 0.00 0.00 0.00 0.00 0.00 0.00 0.00 0.00 0.00 0.00 3.72 1.39 1.97 3.21 3.14 3.36 3.14 2.70 2.99 2.99 2.41 1.46 1.90 1.31 3.29 1.97 5.04 5.69 5.40 6.06 7.01 7.15 7.45 7.59 6.64 6.50 6.86 6.86 6.64 5.77 6.13 5.48 6.13 6.57 6.57 5.91 5.84 6.06 6.28 5.84 5.33 5.55 5.04 3.29 3.65 3.21 3.85 4.69 6.09 4.11 4.76 5.21 7.74 8.71 7.41 9.31 7.62 8.27
4.89 4.74 3.21 2.77 2.99 2.56 2.12 2.04 1.39 1.39 1.02 1.31 0.00 0.00 2.04 0.00 0.00 0.00 0.00 0.00 0.00 0.00 2.26 0.51 2.34 3.14 2.26 3.07 3.43 3.43 3.50 2.77 2.92 2.56 1.97 1.97 1.90 2.34 2.41 2.12 3.36 4.60 4.09 4.02 4.23 5.33 4.67 6.64 7.59 7.52 7.08 7.30 7.08 7.15 6.35 6.28 6.35 7.37 7.45 6.64 6.64 6.35 6.13 6.06 6.42 4.96 3.14 3.94 2.99 3.43 3.14 3.14 3.29 3.19 3.01 4.08 5.46 6.19 5.07 6.56 6.93 7.68 7.45 7.72
4.89 4.74 3.21 2.77 2.99 2.56 2.12 2.04 1.39 1.39 1.02 1.31 0.00 0.00 2.04 0.00 0.00 0.00 0.00 0.00 0.00 0.00 2.26 0.51 2.34 3.14 2.26 3.07 3.43 3.43 3.50 2.77 2.92 2.56 1.97 1.97 1.90 2.34 2.41 2.12 3.36 4.60 4.09 4.02 4.23 5.33 4.67 6.64 7.59 7.52 7.08 7.30 7.08 7.15 6.35 6.28 6.35 7.37 7.45 6.64 6.64 6.35 6.13 6.06 6.42 4.96 3.14 3.94 2.99 3.43 3.14 3.14 3.21 3.14 2.92 3.79 4.87 5.73 5.41 6.81 6.93 7.51 8.18 8.26
6.13 4.38 2.41 2.41 1.97 2.04 2.12 0.00 0.00 0.00 0.00 0.00 0.00 0.00 0.00 0.00 0.00 0.00 0.00 0.00 1.39 0.00 1.75 1.46 1.10 2.56 3.43 3.29 3.43 2.99 3.07 2.12 2.48 2.70 2.70 2.70 3.65 3.87 3.58 4.53 4.74 4.67 3.72 3.65 3.72 3.72 3.80 5.77 7.30 7.01 7.15 5.69 5.77 4.67 4.53 5.84 5.62 5.69 7.23 7.08 7.08 4.16 4.82 4.96 6.20 5.40 3.21 3.07 3.94 3.72 3.43 3.29 3.36 2.99 3.52 5.12 5.75 4.87 4.58 6.21 6.18 8.05 8.20 7.53
5.04 5.04 4.60 2.19 2.12 1.90 2.92 0.00 0.00 0.00 0.00 0.00 0.00 0.00 0.00 0.00 0.00 0.00 2.19 0.00 0.73 2.19 2.56 2.41 3.29 3.58 3.43 4.02 4.23 3.14 2.41 2.12 1.97 2.85 3.21 3.21 2.85 3.80 4.31 4.38 4.74 5.26 4.89 4.23 4.23 4.23 4.38 4.45 4.38 5.26 5.18 3.36 3.72 3.80 2.26 3.14 3.65 3.80 5.62 3.58 3.58 3.43 4.74 4.89 4.45 4.16 4.38 4.60 4.38 3.43 4.23 4.38 4.23 4.95 5.61 5.59 5.62 5.69 8.20 7.76 7.56 7.44 7.40 8.48
7.74 6.13 5.99 6.64 3.36 4.02 3.07 4.53 0.00 0.00 0.00 0.00 0.00 0.00 0.00 0.00 0.00 0.51 0.00 0.80 2.41 2.48 2.56 3.21 3.21 3.43 5.04 4.67 5.48 4.53 4.67 4.96 4.38 4.09 3.94 3.94 4.23 4.89 4.89 5.33 5.40 5.69 5.55 5.55 5.33 4.60 4.45 4.38 4.67 3.14 2.99 1.75 0.95 1.24 1.31 1.31 1.83 3.58 3.21 3.43 3.43 4.09 3.72 4.89 5.04 5.99 5.18 5.62 5.40 6.64 6.57 5.11 5.26 5.64 5.88 7.19 4.94 6.81 6.88 7.39 6.96 5.97 6.84 6.65
6.79 5.84 7.30 6.57 6.13 4.96 5.77 3.07 3.29 3.29 3.36 0.00 1.10 1.90 1.10 0.88 1.17 0.00 0.73 0.58 1.46 2.41 2.34 1.61 3.72 3.72 4.53 5.69 5.62 5.48 5.18 5.11 5.48 5.18 5.18 5.18 5.55 4.82 6.72 7.01 6.20 6.79 5.84 5.84 5.84 5.99 6.28 5.69 3.65 2.56 1.17 1.31 1.39 0.51 0.58 0.73 2.85 2.12 2.34 3.14 3.14 3.14 3.29 4.23 5.26 5.99 4.02 4.45 6.06 6.50 6.35 6.25 5.43 5.16 7.08 5.60 5.61 5.58 6.54 7.15 7.55 6.71 5.78 4.74
6.79 5.84 7.30 6.57 6.13 4.96 5.77 3.07 3.29 3.29 3.36 0.00 1.10 1.90 1.10 0.88 1.17 0.00 0.73 0.58 1.46 2.41 2.34 1.61 3.72 3.72 4.53 5.69 5.62 5.48 5.18 5.11 5.48 5.18 5.18 5.18 5.55 4.82 6.72 7.01 6.20 6.79 5.84 5.84 5.84 5.99 6.28 5.69 3.65 2.56 1.17 1.31 1.39 0.51 0.58 0.73 2.85 2.12 2.34 3.14 3.14 3.14 3.29 4.23 5.26 5.99 4.02 4.45 6.06 6.50 6.35 7.67 5.09 5.61 6.36 6.93 5.69 6.17 6.67 6.45 7.30 5.77 6.29 5.38
4.38 3.87 3.50 4.74 5.04 3.43 4.67 4.74 3.36 3.36 1.83 2.34 1.46 1.02 1.31 0.95 1.17 1.17 0.58 0.80 0.80 1.75 1.68 1.68 2.19 3.94 4.89 4.53 5.33 5.18 4.96 5.84 6.20 7.23 6.94 6.94 7.15 6.94 7.15 6.50 6.06 6.13 6.94 6.72 6.06 5.91 4.82 4.67 5.26 3.50 1.97 0.00 0.29 0.00 0.66 0.29 1.02 2.34 1.97 2.19 2.19 2.34 4.16 3.87 2.41 2.41 2.85 3.65 4.53 2.99 3.40 3.84 4.36 4.13 5.76 6.40 7.71 7.25 7.35 8.59 7.30 7.00 6.35 4.77
2.56 2.41 3.07 3.14 2.85 2.85 2.19 1.31 2.12 2.12 0.66 0.44 0.66 0.73 1.39 1.24 2.04 1.90 2.19 1.39 1.17 2.04 2.19 2.63 3.72 3.65 3.94 5.26 5.26 5.11 5.84 5.77 6.28 6.50 7.52 7.52 7.45 6.79 6.35 5.91 6.72 6.57 6.42 6.20 3.36 3.87 3.80 3.80 2.12 1.61 0.00 0.00 0.00 0.00 0.00 0.00 0.00 0.51 0.29 1.10 1.10 0.95 2.85 0.44 1.90 2.19 1.46 1.53 1.31 2.05 2.65 3.17 3.97 3.96 4.63 6.14 6.98 7.30 7.89 7.41 5.86 6.32 5.99 6.27
1.31 2.34 2.26 2.41 2.41 2.04 2.12 2.04 1.39 1.39 0.66 1.17 1.68 1.53 2.63 3.94 3.14 2.48 1.68 1.75 1.53 2.34 3.14 2.77 2.92 3.36 3.72 3.50 3.87 4.31 5.04 5.84 6.28 6.50 6.42 6.42 6.57 6.20 6.06 6.20 6.42 4.31 3.21 2.70 2.85 2.63 0.95 1.17 0.58 0.00 0.00 0.00 0.00 0.00 0.00 0.00 0.00 0.00 0.15 0.00 0.00 0.00 0.37 0.29 0.00 0.22 0.29 0.80 2.12 2.70 2.56 3.21 3.36 3.87 3.43 5.50 6.81 7.14 7.83 6.62 6.46 6.57 4.69 4.94
1.24 0.44 1.46 1.97 1.75 1.68 2.48 2.48 1.97 1.97 1.61 1.61 1.68 2.56 2.48 3.14 2.41 1.61 2.26 1.90 2.70 2.70 3.29 3.58 3.94 3.14 2.92 3.36 3.21 4.45 5.40 6.35 6.20 6.57 6.64 6.64 6.50 6.42 3.58 4.16 3.80 4.23 2.77 1.10 0.95 0.58 0.00 0.22 0.07 0.00 0.00 0.00 0.00 0.00 0.00 0.00 0.00 0.00 0.00 0.00 0.00 0.00 0.00 0.22 0.00 0.00 0.00 0.22 1.17 2.41 2.92 2.92 2.85 3.80 3.90 5.62 7.05 6.45 7.19 7.30 7.85 5.57 4.94 3.53
0.00 0.00 0.58 1.24 0.80 0.66 1.68 2.34 2.41 2.41 1.68 2.12 2.12 2.56 2.92 1.68 2.12 1.02 3.14 2.85 2.92 3.80 3.29 3.58 2.56 3.43 3.80 3.07 4.23 3.87 5.26 4.38 4.09 4.60 4.60 4.60 5.04 2.85 2.04 2.12 2.70 1.10 1.02 0.66 0.00 0.00 0.00 0.00 0.00 0.00 0.00 0.00 0.00 0.00 0.00 0.00 0.00 0.00 0.00 0.00 0.00 0.00 0.00 0.00 0.00 0.00 0.00 0.00 0.80 1.68 1.61 2.04 3.21 2.85 3.50 3.92 6.30 6.62 7.08 4.73 4.77 5.10 6.17 3.90
0.00 0.00 0.58 1.24 0.80 0.66 1.68 2.34 2.41 2.41 1.68 2.12 2.12 2.56 2.92 1.68 2.12 1.02 3.14 2.85 2.92 3.80 3.29 3.58 2.56 3.43 3.80 3.07 4.23 3.87 5.26 4.38 4.09 4.60 4.60 4.60 5.04 2.85 2.04 2.12 2.70 1.10 1.02 0.66 0.00 0.00 0.00 0.00 0.00 0.00 0.00 0.00 0.00 0.00 0.00 0.00 0.00 0.00 0.00 0.00 0.00 0.00 0.00 0.00 0.00 0.00 0.00 0.00 0.80 1.68 1.61 2.04 3.21 2.85 3.36 3.95 4.89 5.82 5.93 5.50 5.84 5.21 4.84 3.60
0.00 0.58 0.44 0.15 1.10 1.68 1.53 1.46 2.70 2.70 2.56 2.92 2.26 1.46 1.90 0.07 0.58 0.37 3.07 3.94 4.02 3.65 3.21 3.21 3.43 3.14 4.23 4.74 4.67 4.96 4.16 4.53 2.92 2.99 2.77 2.77 0.73 0.80 0.80 0.95 0.88 0.22 1.02 1.39 0.00 0.00 0.00 0.00 0.00 0.00 0.37 0.88 0.00 0.00 0.00 0.00 0.00 0.00 0.00 0.00 0.00 0.00 0.00 0.00 0.00 0.00 0.00 0.00 1.17 0.95 1.17 1.46 2.26 2.04 2.70 3.82 5.53 7.51 6.34 4.87 3.65 2.43 3.09 3.22
0.00 0.00 0.00 0.00 0.44 1.39 1.10 1.17 2.34 2.34 3.80 3.50 2.77 1.10 0.37 0.37 0.66 1.68 1.83 3.65 3.65 3.43 3.36 3.72 2.77 2.92 4.02 4.74 4.53 4.53 3.72 0.73 0.00 0.00 0.00 0.00 0.15 0.51 0.80 0.88 0.37 0.00 0.00 0.00 0.00 0.00 0.00 0.00 0.00 0.00 0.00 0.00 0.00 0.00 0.00 0.00 0.00 0.00 0.00 0.00 0.00 0.00 0.00 0.00 0.00 0.00 0.00 0.22 0.80 0.95 1.83 1.46 2.77 4.82 6.06 6.32 6.59 6.64 5.86 5.04 3.41 2.51 2.20 3.24
0.00 0.00 0.00 0.00 0.44 0.29 1.17 2.04 1.83 1.83 3.07 2.56 1.68 0.44 0.58 1.31 1.17 1.75 3.07 4.67 4.38 4.82 4.89 4.60 5.04 3.72 3.94 2.92 3.21 1.17 0.00 0.15 0.15 0.00 0.00 0.00 0.00 0.44 0.07 0.15 0.51 0.00 0.00 0.00 0.00 0.00 0.00 0.00 0.00 0.00 0.00 0.00 0.00 0.00 0.00 0.00 0.00 0.00 0.00 0.00 0.00 0.00 0.00 0.00 0.44 0.00 0.15 0.00 0.37 0.29 1.83 4.31 4.74 7.08 6.60 6.49 5.64 2.38 3.19 3.26 2.94 1.61 0.42 1.86
0.00 0.00 0.00 0.00 0.00 1.31 0.95 0.88 2.26 2.26 2.26 2.04 1.24 0.51 0.58 2.19 2.04 2.19 2.48 4.16 5.18 5.18 4.82 5.04 2.99 3.07 3.43 2.19 1.10 1.31 0.15 0.00 0.00 0.00 0.00 0.00 0.00 0.00 0.00 0.00 0.00 0.00 0.00 0.00 0.00 0.00 0.00 0.00 0.00 0.00 0.00 0.00 0.00 0.00 0.00 0.00 0.00 0.00 0.00 0.00 0.00 0.15 0.00 0.00 0.15 0.73 0.00 0.00 0.00 0.00 2.56 4.23 5.12 7.97 7.75 7.63 5.33 3.46 0.93 1.03 1.98 1.34 0.67 1.00
0.00 0.00 0.00 0.00 0.00 0.22 0.00 0.00 0.00 0.00 0.80 1.02 0.29 0.29 0.00 0.00 0.00 0.00 0.44 1.83 2.85 3.58 3.58 3.07 1.97 1.46 0.00 1.02 0.00 0.07 0.00 0.00 0.00 0.00 0.00 0.00 0.00 0.00 0.00 0.00 0.00 0.00 0.00 0.00 0.00 0.00 0.00 0.00 0.00 0.00 0.00 0.00 0.00 0.00 0.00 0.00 0.00 0.00 0.00 0.00 0.00 0.00 0.00 0.00 0.00 0.00 0.00 0.00 0.00 1.61 1.27 3.38 4.81 5.91 7.59 7.72 4.94 2.31 1.00 1.17 0.79 0.76 0.11 0.29
0.00 0.00 0.00 0.00 0.00 0.22 0.00 0.00 0.00 0.00 0.80 1.02 0.29 0.29 0.00 0.00 0.00 0.00 0.44 1.83 2.85 3.58 3.58 3.07 1.97 1.46 0.00 1.02 0.00 0.07 0.00 0.00 0.00 0.00 0.00 0.00 0.00 0.00 0.00 0.00 0.00 0.00 0.00 0.00 0.00 0.00 0.00 0.00 0.00 0.00 0.00 0.00 0.00 0.00 0.00 0.00 0.00 0.00 0.00 0.00 0.00 0.00 0.00 0.00 0.00 0.00 0.00 0.00 0.00 1.61 1.28 3.34 4.35 6.59 8.10 9.00 5.74 2.24 1.04 1.14 0.84 0.91 0.10 0.24
0.00 0.00 0.00 0.00 0.00 0.00 0.00 0.00 0.00 0.00 0.00 0.00 0.00 0.00 0.00 0.00 0.00 0.00 0.00 0.00 0.00 0.00 0.00 0.00 0.00 0.00 0.00 0.00 0.00 0.00 0.00 0.00 0.00 0.00 0.00 0.00 0.00 0.00 0.00 0.00 0.00 0.00 0.00 0.00 0.00 0.00 0.00 0.00 0.00 0.00 0.00 0.00 0.00 0.00 0.00 0.00 0.00 0.00 0.00 0.00 0.00 0.00 0.00 0.00 0.00 0.00 0.00 0.00 0.00 2.29 3.98 5.01 7.52 7.30 8.98 7.17 2.41 2.03 1.58 0.91 0.73 0.00 0.00 0.00
0.22 0.00 0.22 0.00 0.00 0.00 0.00 0.00 0.00 0.00 0.00 0.00 0.00 0.00 0.00 0.00 0.00 0.00 0.00 0.00 0.00 0.00 0.00 0.00 0.00 0.00 0.00 0.00 0.15 0.00 0.00 0.00 0.00 0.00 0.00 0.00 0.00 0.00 0.00 0.00 0.00 0.00 0.00 0.00 0.00 0.00 0.22 0.00 0.00 0.00 0.00 0.00 0.00 0.00 0.00 0.00 0.00 0.00 0.00 0.00 0.00 0.00 0.00 0.00 0.00 0.00 0.00 0.00 0.00 2.04 2.41 5.12 6.84 6.91 3.88 1.40 0.38 0.11 1.15 1.19 1.03 0.09 0.00 0.15
0.58 0.51 0.00 0.00 0.00 0.00 0.00 0.00 0.00 0.00 0.00 0.00 0.00 0.00 0.00 0.00 0.00 0.00 0.00 0.00 0.00 0.00 0.00 0.00 0.00 0.00 0.00 0.00 0.00 0.00 0.00 0.00 0.00 0.00 0.00 0.00 0.00 0.00 0.00 0.00 0.00 0.00 0.00 0.00 0.00 0.00 0.22 0.00 0.00 0.00 0.00 0.00 0.00 0.00 0.00 0.00 0.00 0.00 0.22 0.00 0.00 0.00 0.00 0.00 0.00 0.00 0.00 0.00 0.00 0.00 1.68 4.36 4.65 5.08 2.69 0.71 0.67 0.78 1.13 0.75 0.00 0.00 0.00 0.08
0.66 1.02 0.44 0.00 0.00 0.00 0.00 0.00 0.00 0.00 0.00 0.00 0.00 0.00 0.00 0.00 0.00 0.00 0.00 0.00 0.00 0.00 0.00 0.29 0.00 0.07 0.22 0.00 0.00 0.00 0.00 0.00 0.00 0.00 0.00 0.00 0.00 0.00 0.00 0.00 0.00 0.00 0.00 0.00 0.00 0.00 0.00 0.00 0.00 0.00 0.00 0.00 0.00 0.00 0.00 0.00 0.00 0.00 0.00 0.00 0.00 0.00 0.00 0.00 0.00 0.00 0.00 0.00 0.58 0.29 1.02 2.21 4.87 3.60 2.25 0.99 1.79 0.79 1.35 0.71 0.17 0.38 0.00 0.00
0.66 0.51 0.80 0.00 0.00 0.00 0.00 0.00 0.00 0.00 0.00 0.00 0.00 0.00 0.00 0.00 0.00 0.00 0.00 0.00 0.00 0.00 0.00 0.00 0.00 0.00 0.00 0.00 0.00 0.00 0.00 0.00 0.00 0.00 0.00 0.00 0.00 0.00 0.00 0.00 0.00 0.00 0.00 0.00 0.00 0.95 0.00 0.00 0.00 0.00 0.00 0.00 0.00 0.00 0.00 0.00 0.00 0.00 0.00 0.00 0.00 0.00 0.00 0.00 0.00 0.00 0.00 0.00 0.51 1.90 2.48 1.97 1.46 1.08 1.11 0.96 0.35 0.08 0.00 0.08 0.31 0.00 0.00 0.00
0.51 1.17 0.00 0.37 0.00 0.00 0.00 0.00 0.00 0.00 0.00 0.00 0.00 0.00 0.00 0.00 0.00 0.00 0.00 0.00 0.00 0.00 0.00 0.15 0.00 0.00 0.00 0.00 0.00 0.00 0.00 0.00 0.00 0.00 0.00 0.00 0.00 0.00 0.00 0.00 0.00 0.00 0.00 0.00 0.15 0.00 0.00 0.00 0.00 0.00 0.15 0.95 0.00 0.00 0.00 0.00 0.00 0.00 0.00 0.07 0.07 0.51 0.00 0.00 0.00 0.00 0.00 0.15 0.00 0.51 2.19 1.10 0.82 1.42 1.03 0.62 0.47 0.00 0.00 0.00 0.00 0.00 0.00 0.00
0.51 1.17 0.00 0.37 0.00 0.00 0.00 0.00 0.00 0.00 0.00 0.00 0.00 0.00 0.00 0.00 0.00 0.00 0.00 0.00 0.00 0.00 0.00 0.15 0.00 0.00 0.00 0.00 0.00 0.00 0.00 0.00 0.00 0.00 0.00 0.00 0.00 0.00 0.00 0.00 0.00 0.00 0.00 0.00 0.15 0.00 0.00 0.00 0.00 0.00 0.15 0.95 0.00 0.00 0.00 0.00 0.00 0.00 0.00 0.07 0.07 0.51 0.00 0.00 0.00 0.00 0.00 0.15 0.00 0.51 2.19 1.10 0.81 1.39 1.03 0.65 0.42 0.00 0.00 0.00 0.00 0.00 0.00 0.00
0.15 0.44 0.00 0.00 0.00 0.00 0.00 0.00 0.00 0.00 0.00 0.00 0.88 0.00 1.02 0.00 0.00 0.00 0.00 0.00 0.00 0.00 0.00 0.00 0.00 0.00 0.00 0.00 0.00 0.00 0.00 0.00 0.00 0.00 0.00 0.00 0.00 0.00 0.00 0.00 0.00 0.00 0.00 0.00 0.00 0.58 0.00 0.00 1.10 0.00 0.00 0.00 0.00 0.00 0.00 0.22 0.51 0.00 0.00 0.22 0.22 0.00 0.00 0.00 0.00 0.00 0.00 0.07 0.15 0.00 0.66 0.88 0.80 0.66 0.95 0.23 0.56 0.18 0.00 0.00 0.00 0.00 0.00 0.00
