Wansh/Snow_depth/snowdepth-1995/winter/1995345.txt
ncols 321
nrows 161
xllcenter 60
yllcenter 15 
cellsize  0.25 
NODATA_value -1
[rows 0 to 36 of 161, columns 168 to 251 of 321]
0.44 0.22 1.46 1.24 1.10 1.10 1.68 2.77 2.56 2.56 2.77 2.48 2.77 2.70 2.77 2.77 3.72 4.96 4.89 5.33 5.18 4.74 4.16 4.31 3.87 0.44 0.00 0.00 0.00 0.00 0.00 0.00 3.36 7.59 6.94 6.94 7.52 5.99 10.07 11.68 11.68 11.68 11.68 12.63 14.09 18.98 18.54 8.91 8.91 9.05 9.05 11.32 8.47 8.25 8.40 8.40 8.47 8.83 9.71 9.56 9.56 9.05 9.20 10.44 10.59 10.66 10.95 9.71 8.54 8.83 8.18 7.88 8.03 7.88 8.03 8.83 10.22 10.29 10.37 10.07 10.66 9.71 8.69 8.47
2.41 2.26 2.56 1.68 1.83 0.44 1.68 2.12 2.26 2.26 2.34 2.99 2.63 2.63 2.85 3.14 2.92 4.96 5.48 5.55 5.77 4.74 3.87 3.58 1.10 2.34 0.00 0.00 0.00 0.00 0.00 0.51 4.53 5.69 5.18 5.18 5.55 6.28 11.90 7.96 11.68 15.55 18.69 21.10 19.93 20.66 17.08 12.05 10.73 11.24 9.93 9.64 9.56 9.05 10.07 9.42 9.78 9.20 9.42 8.69 8.69 9.27 9.78 9.64 10.00 9.71 9.56 9.86 8.91 8.40 8.40 8.47 8.47 9.05 10.15 9.56 11.17 10.00 10.07 10.88 8.25 8.40 6.86 6.64
2.34 2.48 1.39 1.68 0.44 0.80 1.53 1.75 1.68 1.68 1.90 2.63 2.63 2.34 3.50 3.14 4.38 4.96 4.74 5.77 5.55 5.04 3.94 2.04 0.00 0.00 0.00 0.00 0.00 0.00 0.00 2.63 4.02 3.29 3.65 3.65 4.09 7.23 11.39 14.38 14.16 14.09 17.16 16.79 9.56 10.44 10.00 11.32 10.29 11.02 11.17 10.00 10.88 9.71 9.86 9.27 8.47 8.32 9.42 8.98 8.98 9.27 10.15 8.91 8.69 9.05 9.56 8.61 8.61 9.20 9.13 8.83 9.71 8.69 8.98 8.03 8.25 9.49 8.61 8.18 8.03 6.64 6.64 6.79
2.34 2.48 1.39 1.68 0.44 0.80 1.53 1.75 1.68 1.68 1.90 2.63 2.63 2.34 3.50 3.14 4.38 4.96 4.74 5.77 5.55 5.04 3.94 2.04 0.00 0.00 0.00 0.00 0.00 0.00 0.00 2.63 4.02 3.29 3.65 3.65 4.09 7.23 11.39 14.38 14.16 14.09 17.16 16.79 9.56 10.44 10.00 11.32 10.29 11.02 11.17 10.00 10.88 9.71 9.86 9.27 8.47 8.32 9.42 8.98 8.98 9.27 10.15 8.91 8.69 9.05 9.56 8.61 8.61 9.20 9.13 8.83 9.71 8.69 8.98 8.03 8.25 9.49 8.61 8.18 8.03 6.64 6.64 6.79
3.72 3.80 2.48 0.07 0.95 0.00 1.31 0.51 2.63 2.63 2.92 2.63 4.16 4.89 5.04 5.04 6.06 5.77 5.55 4.53 4.31 3.14 0.00 0.00 0.00 0.00 0.00 0.00 0.00 0.00 0.00 2.85 2.70 3.80 2.99 2.99 5.33 10.07 8.98 10.73 10.80 8.47 6.86 7.01 8.69 8.69 8.47 9.71 10.73 10.29 10.66 9.27 8.91 8.25 7.96 7.23 7.52 8.10 8.54 8.61 8.61 8.54 8.54 7.59 8.91 8.76 8.25 8.98 8.47 8.18 8.54 8.03 8.32 7.88 6.42 7.66 6.94 6.94 6.64 7.23 6.64 6.72 7.15 7.01
3.87 3.58 1.46 2.34 0.00 0.00 0.00 3.21 2.63 2.63 4.09 4.89 4.53 5.91 5.26 5.18 5.69 6.42 4.60 5.33 1.83 0.00 0.00 0.00 0.00 0.00 0.00 0.00 0.00 0.00 3.36 3.43 3.29 2.34 4.53 4.53 7.37 7.23 4.60 4.02 3.58 4.53 5.48 4.60 6.20 5.62 7.96 8.25 10.22 9.49 8.54 9.13 8.98 8.69 8.18 7.81 7.37 7.01 7.01 7.45 7.45 8.54 8.91 8.61 9.13 7.37 6.94 6.94 7.59 8.47 8.03 7.66 6.35 7.37 6.35 6.42 7.08 6.57 6.79 7.30 6.64 6.79 6.86 7.88
3.50 3.65 3.36 2.99 3.21 2.04 2.56 2.12 3.14 3.14 4.45 4.09 5.77 6.79 6.72 6.28 5.33 5.11 3.43 0.00 0.00 0.00 0.00 0.00 0.00 0.00 0.00 0.00 0.00 2.48 3.72 3.50 6.72 4.45 6.86 6.86 6.42 3.14 2.92 2.77 2.92 2.92 3.07 4.67 6.35 6.72 6.64 6.79 7.15 7.96 8.47 8.03 7.96 7.59 6.57 6.79 6.86 6.64 7.23 7.01 7.01 7.66 8.61 8.10 8.40 7.88 7.37 7.23 7.15 6.94 5.40 5.77 5.99 4.82 5.18 5.55 5.04 5.99 6.42 7.00 7.06 8.41 9.28 10.11
3.50 3.65 3.36 2.99 3.21 2.04 2.56 2.12 3.14 3.14 4.45 4.09 5.77 6.79 6.72 6.28 5.33 5.11 3.43 0.00 0.00 0.00 0.00 0.00 0.00 0.00 0.00 0.00 0.00 2.48 3.72 3.50 6.72 4.45 6.86 6.86 6.42 3.14 2.92 2.77 2.92 2.92 3.07 4.67 6.35 6.72 6.64 6.79 7.15 7.96 8.47 8.03 7.96 7.59 6.57 6.79 6.86 6.64 7.23 7.01 7.01 7.66 8.61 8.10 8.40 7.88 7.37 7.23 7.15 6.94 5.40 5.77 5.99 4.82 5.18 6.41 6.95 8.61 8.80 11.89 11.65 11.20 11.95 10.49
3.80 3.36 3.29 3.50 2.85 3.07 2.48 3.36 3.72 3.72 2.85 4.74 4.38 5.91 5.99 3.43 0.00 0.88 0.00 0.00 0.00 0.00 0.00 0.00 0.00 0.00 0.00 0.58 2.12 2.99 3.65 3.58 5.33 6.20 4.45 4.45 5.69 2.56 1.02 0.80 1.90 1.31 2.19 4.02 6.13 6.28 6.50 6.50 7.37 7.74 7.59 7.59 8.10 7.45 6.79 6.86 6.86 6.86 7.66 8.10 8.10 7.66 9.93 8.91 8.61 8.32 7.81 6.50 5.69 5.91 5.33 5.33 5.11 4.29 5.75 7.13 7.90 6.53 6.12 11.07 13.33 10.39 10.43 11.59
3.94 3.87 3.58 3.87 3.58 3.94 3.65 3.36 3.65 3.65 4.31 4.96 4.74 4.96 0.88 2.41 0.00 0.00 0.00 0.00 0.00 0.00 0.00 0.00 0.00 0.00 1.68 4.45 3.50 3.07 3.94 4.09 2.56 2.92 3.65 3.65 3.65 3.21 0.51 0.88 2.70 3.94 5.26 4.89 5.84 4.82 7.52 8.54 7.96 7.30 7.52 7.37 7.30 7.96 8.10 7.74 7.45 7.23 8.54 8.54 8.54 9.34 9.27 9.49 8.10 8.10 8.18 5.91 5.33 5.26 5.26 5.18 5.29 7.03 7.47 7.46 7.19 5.66 9.01 7.65 10.79 9.99 10.20 11.49
5.11 4.31 4.60 3.58 4.53 4.67 3.29 3.36 3.21 3.21 2.85 4.02 0.00 0.00 0.00 0.00 0.00 0.00 0.00 0.00 0.00 0.00 0.00 0.00 1.83 3.07 4.09 3.65 3.72 3.58 3.07 3.50 2.48 1.31 2.41 2.41 1.75 3.80 3.14 3.07 3.80 4.31 4.31 3.94 4.67 4.45 6.20 7.45 6.86 7.15 8.40 8.83 8.61 8.83 8.83 7.96 8.03 9.49 9.34 9.64 9.64 11.83 9.34 10.29 8.32 6.64 5.69 6.28 4.23 4.60 4.53 5.18 4.72 5.11 4.82 6.74 7.24 7.83 7.30 8.46 8.30 7.57 7.15 7.83
5.11 4.31 4.60 3.58 4.53 4.67 3.29 3.36 3.21 3.21 2.85 4.02 0.00 0.00 0.00 0.00 0.00 0.00 0.00 0.00 0.00 0.00 0.00 0.00 1.83 3.07 4.09 3.65 3.72 3.58 3.07 3.50 2.48 1.31 2.41 2.41 1.75 3.80 3.14 3.07 3.80 4.31 4.31 3.94 4.67 4.45 6.20 7.45 6.86 7.15 8.40 8.83 8.61 8.83 8.83 7.96 8.03 9.49 9.34 9.64 9.64 11.83 9.34 10.29 8.32 6.64 5.69 6.28 4.23 4.60 4.53 5.18 4.60 5.04 4.67 6.26 6.45 7.25 7.79 8.78 8.30 7.41 7.85 8.38
6.94 7.66 5.77 3.21 3.43 2.92 0.80 0.00 0.00 0.00 0.00 0.00 0.00 0.00 0.00 0.00 0.00 0.00 0.00 0.00 0.00 0.00 2.92 3.50 4.09 3.80 3.50 4.31 3.80 3.50 2.77 1.90 1.61 1.68 2.19 2.19 3.80 4.96 4.96 5.18 4.74 3.29 3.72 3.36 3.43 3.29 4.96 5.99 5.04 6.86 8.18 8.25 7.66 5.84 6.42 6.28 7.15 7.08 9.27 10.66 10.66 11.17 10.22 7.37 5.69 5.99 4.96 4.45 4.45 4.45 4.45 5.11 4.38 5.33 4.72 6.09 7.82 6.67 7.67 9.04 9.43 9.77 9.10 9.39
8.18 7.08 7.45 4.53 2.48 2.77 2.19 0.00 0.00 0.00 0.00 0.00 0.00 0.00 0.00 0.00 0.00 0.00 2.63 0.73 2.41 3.21 3.29 4.09 4.16 4.96 4.23 4.45 5.18 3.50 3.14 1.61 1.75 2.92 3.72 3.72 2.92 4.60 4.96 5.18 4.53 3.80 5.18 4.38 4.74 4.53 4.89 5.55 5.62 5.11 3.43 3.58 3.65 4.60 4.02 4.09 5.33 4.89 7.15 6.42 6.42 6.94 6.86 6.94 6.50 5.91 5.77 6.06 5.33 5.40 4.74 5.62 5.91 5.28 6.77 7.53 6.81 6.55 9.66 7.48 10.31 7.72 8.40 8.71
9.49 8.98 9.13 8.32 7.30 7.30 4.23 0.00 0.00 0.00 0.00 0.00 0.00 0.00 0.00 0.00 0.44 0.00 0.00 1.61 2.34 2.99 2.85 3.72 4.16 4.53 4.89 5.62 7.08 5.11 4.96 3.14 4.89 3.80 5.33 5.33 4.16 5.55 5.04 4.82 6.42 5.77 5.11 5.33 5.40 5.55 5.91 5.62 4.67 3.58 3.07 3.29 3.50 3.72 2.34 2.99 4.67 4.45 4.45 5.69 5.69 6.50 6.50 7.15 6.94 8.76 7.37 7.66 6.35 7.81 6.57 6.50 6.52 6.65 7.14 6.53 7.62 7.35 8.37 8.70 9.31 8.06 7.86 7.25
9.27 9.49 9.78 8.61 9.20 7.01 7.59 5.11 5.48 5.48 4.67 4.53 3.94 2.77 1.39 0.80 0.95 0.51 1.17 2.12 1.83 1.68 2.34 3.21 3.80 5.62 6.57 5.40 6.28 6.50 5.48 5.77 5.55 4.96 6.35 6.35 6.28 8.32 7.23 7.08 7.08 6.06 4.96 6.79 5.91 5.26 4.74 4.67 6.13 3.43 1.83 1.39 1.61 1.83 2.04 2.26 3.50 5.04 4.60 5.69 5.69 5.77 5.77 6.50 8.18 8.03 7.23 7.59 6.94 7.66 7.30 6.25 7.75 7.20 5.86 5.60 7.19 7.81 8.06 9.14 9.16 9.63 7.35 7.45
9.27 9.49 9.78 8.61 9.20 7.01 7.59 5.11 5.48 5.48 4.67 4.53 3.94 2.77 1.39 0.80 0.95 0.51 1.17 2.12 1.83 1.68 2.34 3.21 3.80 5.62 6.57 5.40 6.28 6.50 5.48 5.77 5.55 4.96 6.35 6.35 6.28 8.32 7.23 7.08 7.08 6.06 4.96 6.79 5.91 5.26 4.74 4.67 6.13 3.43 1.83 1.39 1.61 1.83 2.04 2.26 3.50 5.04 4.60 5.69 5.69 5.77 5.77 6.50 8.18 8.03 7.23 7.59 6.94 7.66 7.30 7.67 7.26 7.83 5.26 6.93 7.30 8.64 8.22 8.24 8.86 8.28 7.99 8.45
4.53 4.02 5.18 5.26 4.23 4.53 4.89 4.82 5.99 5.99 4.31 4.53 2.34 1.61 1.75 1.39 0.58 1.83 1.68 2.19 1.46 1.53 2.34 3.50 3.14 6.57 5.91 6.13 6.13 6.28 6.13 7.23 7.45 6.20 7.74 7.74 8.10 8.54 8.76 7.59 7.15 8.32 7.81 7.74 7.15 5.77 5.99 3.29 2.77 3.07 2.04 1.24 0.58 0.51 1.68 2.92 2.92 3.87 3.80 5.11 5.11 5.26 3.87 5.11 6.06 3.21 3.14 5.40 4.02 6.13 6.66 4.97 6.14 6.52 7.71 9.77 9.23 8.62 9.21 9.55 8.58 8.40 8.36 7.77
2.85 4.38 4.16 4.09 3.94 3.21 3.50 3.14 2.26 2.26 1.68 2.12 1.97 1.53 1.90 3.80 1.61 1.97 1.75 1.97 1.83 1.90 2.56 2.92 3.72 4.38 5.11 5.84 5.26 6.64 6.35 6.86 7.23 8.10 8.32 8.32 8.10 8.47 6.94 7.08 7.59 7.88 5.04 4.31 4.16 4.45 2.56 2.41 2.48 1.46 1.10 0.73 0.73 0.66 0.73 0.00 0.15 0.00 2.56 1.46 1.46 2.77 3.50 4.02 1.46 2.41 1.68 2.26 2.41 3.01 4.13 4.06 4.94 6.06 6.64 7.90 8.34 8.74 9.17 9.20 7.72 8.70 7.64 7.51
1.53 2.99 2.34 3.29 3.87 3.72 3.07 2.26 2.26 2.26 2.04 1.24 2.41 2.41 2.48 3.36 4.16 3.58 2.41 2.04 2.70 2.70 3.87 3.94 3.65 4.02 4.38 3.21 4.02 4.82 4.60 7.15 6.64 7.01 6.20 6.20 6.06 6.50 6.35 6.50 7.15 5.40 4.09 2.85 1.61 3.14 2.12 2.19 1.97 1.31 0.44 0.07 0.07 0.00 0.00 0.00 0.00 0.66 0.29 0.37 0.37 1.24 0.00 0.66 0.58 1.02 1.10 1.61 1.90 2.63 2.56 4.09 3.94 5.48 6.50 6.70 6.81 8.65 9.73 8.72 7.24 7.35 6.40 7.88
1.24 1.31 1.17 1.97 3.14 3.65 3.72 3.50 2.85 2.85 2.26 2.12 2.04 2.56 2.99 4.60 4.60 3.87 3.43 3.14 2.41 2.85 3.58 4.31 3.72 3.36 2.92 3.07 3.07 4.89 6.28 6.72 6.35 6.50 6.50 6.50 6.35 6.50 3.21 4.45 3.87 4.02 3.14 1.46 1.31 1.61 1.53 1.53 1.10 1.17 0.66 0.44 0.00 0.00 0.00 0.00 0.00 0.22 0.00 0.00 0.00 0.00 0.00 0.00 0.00 0.00 1.61 0.73 2.63 2.34 2.99 3.72 4.96 4.16 5.23 5.54 6.44 6.54 7.86 6.97 7.61 5.99 6.09 5.98
0.66 0.29 0.44 1.10 1.24 1.10 2.41 2.34 2.41 2.41 2.56 2.34 2.92 3.07 1.75 1.46 1.83 3.21 3.29 3.29 3.65 3.36 3.87 3.14 3.21 2.92 2.77 3.80 5.40 4.89 6.13 6.50 5.91 6.57 6.94 6.94 6.42 2.48 1.83 2.19 1.68 1.61 1.68 1.75 1.46 1.10 1.39 0.66 0.80 1.10 0.66 0.73 0.51 0.00 0.00 0.00 0.00 0.15 0.00 0.00 0.00 0.00 0.00 0.00 0.00 0.00 0.07 0.00 1.75 2.99 3.29 1.24 2.92 3.65 3.27 4.55 6.50 6.08 6.76 6.07 4.32 4.70 5.10 4.12
0.66 0.29 0.44 1.10 1.24 1.10 2.41 2.34 2.41 2.41 2.56 2.34 2.92 3.07 1.75 1.46 1.83 3.21 3.29 3.29 3.65 3.36 3.87 3.14 3.21 2.92 2.77 3.80 5.40 4.89 6.13 6.50 5.91 6.57 6.94 6.94 6.42 2.48 1.83 2.19 1.68 1.61 1.68 1.75 1.46 1.10 1.39 0.66 0.80 1.10 0.66 0.73 0.51 0.00 0.00 0.00 0.00 0.15 0.00 0.00 0.00 0.00 0.00 0.00 0.00 0.00 0.07 0.00 1.75 2.99 3.29 1.24 2.92 3.65 3.14 4.58 5.05 5.35 5.66 7.06 5.28 4.80 4.00 3.80
0.15 0.58 0.51 1.10 1.39 1.75 1.17 2.41 2.19 2.19 2.77 2.77 2.41 1.39 1.53 1.31 1.31 2.56 4.23 4.89 4.38 4.38 3.94 3.29 3.36 4.09 4.02 5.33 5.84 2.92 3.21 5.55 4.09 1.24 0.58 0.58 1.31 0.80 1.68 1.90 1.31 1.46 1.61 0.80 1.68 0.58 0.22 0.00 0.00 0.00 0.15 0.00 0.00 0.00 0.00 0.00 0.00 0.00 0.00 0.00 0.00 0.00 0.00 0.00 0.00 0.00 0.00 0.88 1.10 0.00 0.22 0.22 0.00 2.77 4.02 3.59 4.76 6.55 7.13 5.77 2.99 3.06 3.00 4.08
0.00 0.00 0.00 0.44 1.97 1.53 1.61 1.83 1.39 1.39 3.80 3.43 3.50 1.46 1.31 1.10 1.46 1.83 3.94 5.04 4.31 3.50 3.50 2.85 3.07 2.70 3.80 5.55 3.72 1.90 1.46 1.68 0.80 0.95 0.66 0.66 1.39 0.95 1.17 0.51 0.73 1.02 0.44 0.73 1.24 0.00 0.00 0.00 0.00 0.00 0.00 0.00 0.00 0.00 0.80 0.37 0.00 0.00 0.00 0.00 0.00 0.00 0.00 0.00 0.00 0.00 0.00 0.00 0.00 0.00 0.00 0.51 3.58 2.85 4.42 6.09 5.79 6.11 5.14 2.42 3.04 1.52 3.84 4.24
0.00 0.00 0.00 0.00 1.10 2.48 1.83 1.75 1.75 1.75 3.21 3.50 2.63 1.24 1.31 2.04 1.97 2.19 3.50 3.36 3.50 4.31 3.87 3.94 4.09 4.09 4.23 3.14 3.43 2.12 0.00 0.37 1.10 0.95 0.00 0.00 0.00 0.00 1.17 0.00 0.07 0.22 0.22 0.00 0.00 0.00 0.00 0.00 0.00 0.00 0.00 0.00 0.00 0.00 0.00 0.00 0.15 0.07 0.00 0.00 0.00 0.00 0.00 0.00 0.00 0.00 0.15 0.00 0.00 0.00 0.00 1.83 4.82 7.74 7.26 6.57 6.01 5.94 2.71 2.36 1.26 1.40 0.73 1.24
0.00 0.00 0.00 0.00 0.00 0.00 1.39 1.97 1.10 1.10 1.24 2.70 2.77 2.12 1.75 1.68 1.17 2.77 2.85 3.43 5.48 4.23 4.38 3.65 1.68 1.02 1.83 0.95 0.00 0.00 0.00 0.00 0.37 0.00 0.00 0.00 0.00 0.00 0.00 0.07 0.15 0.37 0.00 0.00 0.00 0.00 0.00 0.00 0.00 0.00 0.00 0.07 0.00 0.00 0.00 0.00 0.00 0.00 0.00 0.00 0.00 0.00 0.00 0.00 0.00 0.00 0.00 0.00 0.00 0.00 1.90 1.17 4.29 8.34 7.42 9.39 5.97 2.47 0.35 0.23 1.56 0.58 0.79 0.22
0.22 0.00 0.07 0.00 0.00 0.51 0.58 0.80 1.31 1.31 0.95 1.24 0.44 1.39 1.10 1.10 1.83 0.37 3.80 1.83 2.70 1.24 3.14 0.15 0.37 0.00 0.66 0.00 0.00 0.00 0.29 0.73 0.29 0.66 0.88 0.88 0.07 0.00 0.00 0.00 0.37 0.00 0.00 0.00 0.00 0.00 0.00 0.00 0.00 0.00 0.00 0.00 0.00 0.00 0.00 0.00 0.00 0.00 0.00 0.00 0.00 0.00 0.00 0.00 0.00 0.00 0.00 0.00 0.00 0.00 1.87 5.34 4.98 8.09 7.59 4.28 5.95 2.55 1.25 0.64 0.60 0.10 0.00 0.00
0.22 0.00 0.07 0.00 0.00 0.51 0.58 0.80 1.31 1.31 0.95 1.24 0.44 1.39 1.10 1.10 1.83 0.37 3.80 1.83 2.70 1.24 3.14 0.15 0.37 0.00 0.66 0.00 0.00 0.00 0.29 0.73 0.29 0.66 0.88 0.88 0.07 0.00 0.00 0.00 0.37 0.00 0.00 0.00 0.00 0.00 0.00 0.00 0.00 0.00 0.00 0.00 0.00 0.00 0.00 0.00 0.00 0.00 0.00 0.00 0.00 0.00 0.00 0.00 0.00 0.00 0.00 0.00 0.00 0.00 1.88 5.28 4.50 9.01 8.10 4.99 6.91 2.47 1.30 0.62 0.63 0.11 0.00 0.00
0.15 0.00 0.00 0.00 0.00 0.00 0.37 0.73 0.80 0.80 0.29 0.37 0.37 0.29 0.22 0.07 0.15 0.29 0.58 0.00 0.00 0.00 0.00 0.00 0.00 0.00 0.00 0.00 0.00 0.00 0.00 0.29 0.15 1.02 0.07 0.07 0.44 0.00 0.00 0.00 0.00 0.00 0.00 0.00 0.00 0.00 0.00 1.02 0.37 0.58 0.00 0.00 0.00 0.00 0.00 0.00 0.00 0.00 0.00 0.00 0.00 0.00 0.00 0.00 0.00 0.00 0.00 0.00 0.00 0.00 0.96 4.87 7.78 8.68 10.67 4.28 0.00 0.00 0.97 0.91 0.63 0.87 0.00 0.00
0.44 0.07 0.58 0.22 0.00 0.07 0.07 0.29 0.44 0.44 0.44 0.07 0.22 0.51 0.00 0.15 0.00 0.00 0.00 0.00 0.00 0.00 0.00 0.00 0.00 0.00 0.00 0.07 0.00 0.00 0.66 0.00 0.51 0.88 0.00 0.00 0.22 0.44 0.00 0.00 0.00 0.00 0.00 0.00 0.00 0.73 1.61 1.02 1.39 0.80 0.00 0.00 0.00 0.00 0.00 0.00 0.00 0.00 0.00 0.00 0.00 0.00 0.00 0.00 0.00 0.00 0.00 0.00 0.15 2.34 4.82 4.36 7.85 7.69 3.42 4.79 0.38 0.85 0.52 0.43 0.19 0.00 0.00 0.00
1.02 1.17 0.29 0.88 0.00 0.00 0.00 0.15 0.07 0.07 0.15 0.00 0.00 0.00 0.00 0.00 0.00 0.00 0.00 0.00 0.00 0.00 0.00 0.00 0.00 0.00 0.00 0.00 0.00 0.29 0.00 0.95 0.00 0.29 0.00 0.00 0.29 0.00 0.00 0.07 0.22 0.00 0.00 0.00 0.29 0.29 0.66 0.80 0.00 0.00 0.00 0.00 0.00 0.00 0.00 0.00 0.00 0.00 0.00 0.00 0.00 0.00 0.00 0.00 0.00 0.00 0.00 1.10 0.00 1.39 2.48 5.81 6.70 6.35 2.07 0.82 0.67 1.23 0.72 0.96 0.35 0.00 0.00 0.00
2.56 1.97 1.46 1.10 0.00 0.00 1.17 0.00 0.00 0.00 0.00 0.00 0.00 0.00 0.00 0.00 0.00 0.00 0.00 0.00 0.00 0.00 0.00 0.00 0.00 0.00 0.00 0.00 0.00 0.15 0.66 0.58 0.00 0.00 0.00 0.00 0.07 0.22 0.00 0.15 0.00 0.00 0.00 0.00 0.00 0.00 0.00 0.00 0.00 0.00 0.00 0.00 0.00 0.00 0.00 0.00 0.00 0.00 0.00 0.00 0.00 0.00 0.00 0.00 0.80 0.73 0.58 0.66 1.24 1.17 1.68 3.32 3.67 4.76 1.80 0.50 0.99 1.09 0.72 0.08 0.00 0.57 0.00 0.00
1.53 1.61 0.95 0.00 0.00 0.00 0.00 0.88 0.29 0.29 0.00 0.00 0.00 0.00 0.00 0.00 0.00 0.00 0.00 0.00 0.00 0.00 0.00 0.00 0.00 0.00 0.00 0.00 0.00 0.51 0.07 0.15 0.00 0.07 0.00 0.00 0.22 0.00 0.00 0.00 0.00 0.00 0.00 0.00 0.00 0.00 0.00 0.00 0.00 0.00 0.00 0.00 0.00 0.00 0.00 0.00 0.00 0.00 0.00 0.22 0.22 0.29 0.07 0.37 0.73 1.10 0.66 0.66 1.39 2.63 3.07 2.77 1.46 0.46 0.56 0.26 0.00 0.00 0.18 0.00 0.00 0.00 0.00 0.00
0.29 0.73 0.29 0.00 0.00 0.00 0.00 0.00 0.00 0.00 0.00 0.00 0.00 0.00 0.00 0.00 0.00 0.00 0.00 0.00 0.00 0.00 0.00 0.00 0.00 0.00 0.00 0.00 0.00 0.15 0.07 0.29 0.00 0.15 0.22 0.22 0.51 0.22 0.00 0.00 0.00 0.00 0.00 0.00 0.00 0.00 0.00 0.00 0.37 0.22 0.58 0.15 0.00 0.00 0.00 0.00 0.00 0.00 0.00 0.51 0.51 0.51 1.31 0.88 0.66 0.73 0.73 1.39 1.24 1.39 1.68 1.10 1.49 0.74 0.00 0.00 0.00 0.00 0.00 0.00 0.00 0.00 0.00 0.00
0.29 0.73 0.29 0.00 0.00 0.00 0.00 0.00 0.00 0.00 0.00 0.00 0.00 0.00 0.00 0.00 0.00 0.00 0.00 0.00 0.00 0.00 0.00 0.00 0.00 0.00 0.00 0.00 0.00 0.15 0.07 0.29 0.00 0.15 0.22 0.22 0.51 0.22 0.00 0.00 0.00 0.00 0.00 0.00 0.00 0.00 0.00 0.00 0.37 0.22 0.58 0.15 0.00 0.00 0.00 0.00 0.00 0.00 0.00 0.51 0.51 0.51 1.31 0.88 0.66 0.73 0.73 1.39 1.24 1.39 1.68 1.10 1.47 0.73 0.00 0.00 0.00 0.00 0.00 0.00 0.00 0.00 0.00 0.00
0.15 0.44 0.00 0.00 0.00 0.00 0.00 0.00 0.00 0.00 0.00 0.00 0.00 0.00 0.00 0.00 0.00 0.00 0.00 0.00 0.00 0.00 0.00 0.00 0.00 0.00 0.00 0.00 0.00 0.00 0.00 0.22 0.00 0.00 0.07 0.07 0.15 0.22 0.00 0.00 0.00 0.00 0.00 0.00 0.00 0.00 0.80 0.00 0.22 0.29 0.00 0.00 0.00 0.00 0.29 0.66 0.00 0.00 0.15 0.37 0.37 0.00 0.95 0.66 0.66 0.80 0.58 1.31 0.73 0.66 1.53 1.02 0.22 0.29 0.00 0.00 0.00 0.00 0.00 0.00 0.00 0.00 0.00 0.00
