Wansh/Snow_depth/snowdepth-1995/winter/1995363.txt
ncols 321
nrows 161
xllcenter 60
yllcenter 15 
cellsize  0.25 
NODATA_value -1
[rows 0 to 36 of 161, columns 168 to 251 of 321]
4.02 3.87 4.45 4.45 4.23 5.33 4.96 6.13 5.99 5.99 5.77 5.26 5.48 5.18 5.04 5.69 7.01 6.64 9.20 10.66 10.66 9.13 9.13 9.13 7.08 7.66 0.51 0.00 0.00 0.00 0.00 0.00 6.42 9.93 9.34 9.34 9.05 12.63 11.17 15.40 14.67 14.67 16.79 21.46 23.07 22.56 21.68 22.12 18.69 18.91 15.18 12.85 12.63 11.61 12.05 12.05 11.75 14.31 14.24 14.24 14.24 13.21 13.21 15.04 14.82 14.82 14.82 12.63 13.21 13.07 10.88 11.17 11.46 11.39 11.53 12.56 13.36 13.14 13.07 13.29 12.26 12.63 11.17 13.14
4.74 4.74 4.74 3.94 4.38 4.16 5.33 5.18 5.26 5.26 5.40 5.77 5.55 5.55 5.69 6.57 6.13 8.83 10.37 10.37 8.91 9.13 9.13 7.74 8.10 0.44 3.87 0.00 0.00 0.00 0.00 4.60 1.75 8.40 7.01 7.01 8.76 8.18 14.53 17.59 16.94 18.25 23.07 24.38 23.65 25.48 22.34 18.76 17.37 18.03 16.35 14.89 12.34 14.45 14.75 14.67 14.45 14.60 12.63 12.41 12.41 13.58 13.21 15.18 14.53 16.35 12.70 12.92 12.85 11.83 12.05 12.19 12.70 12.70 13.29 12.99 12.92 13.36 12.34 12.48 11.53 10.07 10.88 11.10
5.48 5.55 3.94 4.53 2.04 2.41 4.67 5.40 5.26 5.26 5.33 5.40 5.40 6.06 5.48 6.42 8.91 8.32 10.22 10.15 10.29 9.34 8.25 9.13 0.00 0.00 0.00 0.00 0.00 0.00 0.00 0.00 7.08 5.99 5.55 5.55 7.23 13.65 15.99 17.45 17.01 19.35 18.69 21.39 24.53 18.47 17.37 17.74 16.06 16.43 15.48 13.72 14.45 14.09 13.07 12.19 12.26 12.12 12.41 13.36 13.36 13.58 13.51 13.51 12.92 12.70 13.21 13.14 12.41 11.90 12.48 12.85 12.78 13.29 11.68 11.10 11.24 12.99 10.29 10.22 10.15 9.86 8.54 8.76
5.48 5.55 3.94 4.53 2.04 2.41 4.67 5.40 5.26 5.26 5.33 5.40 5.40 6.06 5.48 6.42 8.91 8.32 10.22 10.15 10.29 9.34 8.25 9.13 0.00 0.00 0.00 0.00 0.00 0.00 0.00 0.00 7.08 5.99 5.55 5.55 7.23 13.65 15.99 17.45 17.01 19.35 18.69 21.39 24.53 18.47 17.37 17.74 16.06 16.43 15.48 13.72 14.45 14.09 13.07 12.19 12.26 12.12 12.41 13.36 13.36 13.58 13.51 13.51 12.92 12.70 13.21 13.14 12.41 11.90 12.48 12.85 12.78 13.29 11.68 11.10 11.24 12.99 10.29 10.22 10.15 9.86 8.54 8.76
5.33 5.55 3.58 1.02 2.12 2.26 1.97 4.02 5.33 5.33 5.04 5.99 7.30 7.23 7.37 8.76 8.18 9.05 8.47 8.47 8.18 9.49 6.28 0.00 2.34 0.00 0.00 0.00 0.00 0.00 0.00 3.36 4.53 6.28 5.55 5.55 10.95 14.38 13.87 14.67 11.02 11.39 12.85 14.16 10.73 12.85 15.99 15.84 15.99 15.70 14.02 14.89 12.92 14.24 12.63 12.12 11.46 11.83 12.92 12.63 12.63 13.51 13.07 13.14 12.26 11.32 11.68 11.46 11.53 11.68 10.73 10.44 11.02 10.73 10.95 10.51 10.29 10.44 10.44 9.78 9.64 9.78 9.05 9.93
6.64 4.82 5.33 2.19 1.53 1.68 3.80 5.69 5.40 5.40 7.01 6.50 9.86 9.71 8.18 8.25 8.61 8.40 8.25 6.50 6.72 2.34 0.00 0.00 0.00 0.00 0.00 0.00 0.00 0.00 4.53 5.11 3.58 5.04 9.20 9.20 8.47 8.76 8.69 8.76 8.54 9.78 8.61 9.56 9.56 11.02 10.73 13.14 12.63 14.97 15.48 14.38 13.58 13.72 12.70 13.21 11.90 11.02 11.17 11.39 11.39 12.70 12.41 13.14 12.48 10.59 9.56 9.78 9.20 10.29 9.93 10.51 9.64 8.61 9.71 9.13 9.71 9.42 9.64 9.64 8.61 9.93 10.00 9.86
7.23 7.01 6.20 5.48 2.85 3.36 2.92 5.69 7.01 7.01 7.15 10.00 10.15 10.37 8.69 8.54 8.18 7.59 2.19 2.19 0.00 0.00 0.00 0.00 0.00 0.00 0.00 0.00 0.00 5.11 6.50 4.96 7.37 9.64 8.98 8.98 9.56 6.57 4.38 5.55 5.26 7.15 6.57 8.69 8.18 9.56 10.15 11.75 11.61 14.24 14.67 14.82 13.80 13.14 12.85 10.88 10.37 10.51 10.22 11.10 11.10 11.83 12.41 12.19 12.12 8.47 8.98 8.91 9.78 8.61 7.15 7.96 7.81 8.03 7.96 7.23 6.94 9.13 10.00 11.48 11.76 12.87 14.04 14.07
7.23 7.01 6.20 5.48 2.85 3.36 2.92 5.69 7.01 7.01 7.15 10.00 10.15 10.37 8.69 8.54 8.18 7.59 2.19 2.19 0.00 0.00 0.00 0.00 0.00 0.00 0.00 0.00 0.00 5.11 6.50 4.96 7.37 9.64 8.98 8.98 9.56 6.57 4.38 5.55 5.26 7.15 6.57 8.69 8.18 9.56 10.15 11.75 11.61 14.24 14.67 14.82 13.80 13.14 12.85 10.88 10.37 10.51 10.22 11.10 11.10 11.83 12.41 12.19 12.12 8.47 8.98 8.91 9.78 8.61 7.15 7.96 7.81 8.03 7.96 8.35 9.57 13.13 13.70 19.51 19.42 17.12 18.07 14.60
7.59 7.45 7.52 7.23 6.42 4.23 5.26 4.96 6.06 6.06 7.59 7.08 9.05 9.34 9.27 8.32 6.20 7.30 0.00 0.00 0.00 0.00 0.00 0.00 0.00 0.00 0.00 0.00 4.53 2.12 5.40 7.08 7.74 8.47 8.98 8.98 6.42 3.94 2.19 2.41 4.31 6.64 7.81 9.13 8.83 9.93 10.73 11.46 12.70 13.29 12.85 13.80 14.09 12.78 10.59 10.29 9.64 9.93 11.53 11.39 11.39 12.85 12.56 10.73 10.66 9.71 9.78 9.27 7.45 7.08 7.15 6.86 6.06 6.40 7.72 10.70 11.73 13.83 10.64 19.07 18.62 16.21 15.18 15.13
5.48 6.13 7.15 7.23 6.57 5.99 6.20 5.99 5.99 5.99 6.79 8.91 8.61 8.54 4.45 7.52 0.00 0.00 0.00 0.00 0.00 0.00 0.00 0.00 3.07 1.24 6.79 7.08 5.40 4.89 6.94 6.42 7.23 7.74 5.26 5.26 4.16 4.82 2.34 2.77 4.31 6.79 6.86 8.69 9.13 10.66 10.37 13.07 12.26 12.41 12.92 11.68 12.12 11.46 11.68 11.17 10.80 12.41 12.05 12.99 12.99 12.78 13.43 10.80 10.59 9.13 9.05 7.08 7.59 6.79 7.23 6.79 6.74 9.16 9.31 9.73 10.90 12.45 14.09 12.83 15.98 12.84 15.35 15.03
6.20 6.94 5.91 6.28 6.79 6.50 5.55 5.77 5.33 5.33 4.45 4.89 2.56 1.75 5.26 0.00 0.00 0.00 0.00 0.00 0.00 0.00 3.50 0.00 4.74 6.79 4.60 4.96 5.84 5.11 4.38 5.04 4.60 4.60 4.74 4.74 4.67 4.89 4.09 5.18 7.08 6.72 5.91 6.42 6.28 7.15 7.66 9.27 8.54 10.88 10.51 12.19 12.26 11.17 11.53 12.41 12.12 12.70 14.60 17.45 17.45 15.26 12.48 12.05 12.26 8.83 6.72 6.72 7.01 6.50 6.42 6.57 6.06 6.08 6.62 8.68 10.56 10.98 11.66 11.21 12.60 14.49 12.28 13.12
6.20 6.94 5.91 6.28 6.79 6.50 5.55 5.77 5.33 5.33 4.45 4.89 2.56 1.75 5.26 0.00 0.00 0.00 0.00 0.00 0.00 0.00 3.50 0.00 4.74 6.79 4.60 4.96 5.84 5.11 4.38 5.04 4.60 4.60 4.74 4.74 4.67 4.89 4.09 5.18 7.08 6.72 5.91 6.42 6.28 7.15 7.66 9.27 8.54 10.88 10.51 12.19 12.26 11.17 11.53 12.41 12.12 12.70 14.60 17.45 17.45 15.26 12.48 12.05 12.26 8.83 6.72 6.72 7.01 6.50 6.42 6.57 5.91 5.99 6.42 8.06 9.42 10.17 12.44 11.64 12.60 14.18 13.49 14.03
8.10 6.50 6.72 5.91 5.33 5.62 5.77 3.21 4.23 4.23 0.00 0.00 0.00 0.00 0.00 0.00 0.00 0.00 4.45 1.90 5.62 6.06 4.89 6.42 5.48 5.62 5.40 5.69 5.18 5.62 4.31 3.94 4.82 4.96 4.23 4.23 5.62 6.57 6.94 7.23 7.96 8.10 6.35 5.33 5.18 4.89 6.06 7.74 9.71 11.75 9.42 10.37 8.32 10.15 9.93 7.30 9.56 14.53 13.43 17.08 17.08 11.83 13.65 10.00 8.47 8.03 8.25 7.52 7.30 6.86 6.79 6.50 6.35 6.42 6.44 8.12 10.69 9.52 11.30 12.53 12.98 13.96 14.38 13.90
8.47 9.49 6.50 6.64 5.18 3.58 5.18 1.75 0.00 0.00 0.00 0.00 0.00 0.00 0.00 0.00 0.00 0.00 4.16 4.38 2.92 4.96 5.48 5.04 5.69 5.33 6.64 7.66 7.45 6.64 4.96 5.62 3.94 5.18 5.84 5.84 6.94 6.86 7.08 7.52 7.45 7.01 6.64 5.40 5.40 7.08 7.08 7.30 6.64 8.03 4.89 4.74 4.09 4.96 4.09 5.77 8.10 10.73 10.15 11.83 11.83 11.24 10.66 9.93 9.86 10.07 11.39 9.42 9.05 9.20 7.81 6.57 8.32 7.42 10.05 9.92 10.06 12.13 12.24 11.04 14.80 12.72 13.90 13.89
10.44 9.78 11.02 10.22 7.88 7.59 5.33 0.00 0.00 0.00 0.00 0.00 0.00 0.00 3.72 2.34 4.38 3.94 3.07 2.41 3.29 4.38 4.16 5.77 6.57 7.01 6.79 7.96 8.03 8.40 6.72 7.30 6.06 5.62 6.94 6.94 7.37 6.20 7.23 8.10 7.30 8.18 6.64 7.81 7.45 7.66 6.42 6.42 4.60 3.94 3.50 2.12 3.29 3.72 3.50 6.28 8.61 7.96 10.15 10.80 10.80 10.22 10.59 10.88 10.88 11.17 11.02 11.10 10.37 13.07 11.90 12.26 9.97 10.37 10.08 10.95 10.84 12.33 12.00 11.79 12.15 11.57 11.54 11.72
10.22 10.37 9.71 9.71 8.91 7.37 7.88 6.50 6.50 6.50 6.57 4.53 4.38 4.31 2.63 3.14 2.19 1.97 2.48 2.63 2.41 4.09 5.18 4.96 6.20 7.01 7.59 8.25 8.54 8.10 7.08 8.83 9.64 9.05 8.54 8.54 8.47 8.47 8.47 9.42 9.34 8.83 9.71 9.71 8.61 9.86 9.42 8.69 6.20 5.48 6.06 1.83 2.26 2.04 2.99 5.48 8.40 8.03 7.23 8.76 8.76 7.66 9.42 10.22 10.22 10.22 10.29 11.02 12.41 13.87 12.26 13.47 10.33 11.68 11.50 10.60 12.38 10.42 12.14 13.61 12.79 14.06 11.66 11.31
10.22 10.37 9.71 9.71 8.91 7.37 7.88 6.50 6.50 6.50 6.57 4.53 4.38 4.31 2.63 3.14 2.19 1.97 2.48 2.63 2.41 4.09 5.18 4.96 6.20 7.01 7.59 8.25 8.54 8.10 7.08 8.83 9.64 9.05 8.54 8.54 8.47 8.47 8.47 9.42 9.34 8.83 9.71 9.71 8.61 9.86 9.42 8.69 6.20 5.48 6.06 1.83 2.26 2.04 2.99 5.48 8.40 8.03 7.23 8.76 8.76 7.66 9.42 10.22 10.22 10.22 10.29 11.02 12.41 13.87 12.26 16.54 9.68 12.70 10.33 13.12 12.56 11.52 12.38 12.27 12.36 12.09 12.68 12.84
4.38 4.02 5.69 6.79 6.79 5.77 4.89 4.89 4.60 4.60 3.29 2.26 2.41 0.80 1.68 1.39 1.53 1.46 1.10 1.10 2.19 3.29 3.07 4.16 5.84 7.01 6.72 7.59 7.66 8.32 9.05 9.05 9.71 10.51 11.39 11.39 10.66 10.37 9.20 9.49 10.51 12.19 10.95 10.44 9.34 9.71 9.56 5.91 5.69 6.13 1.10 0.29 0.37 0.95 2.48 3.87 3.36 5.40 6.72 7.15 7.15 5.91 7.15 7.66 7.52 5.48 7.74 6.50 10.15 12.41 9.76 10.24 10.50 10.93 12.95 13.76 13.08 13.23 12.00 15.03 12.73 11.00 12.38 10.48
2.56 4.23 3.72 3.80 3.58 3.87 2.12 2.56 2.34 2.34 2.26 0.73 0.58 0.73 1.39 2.04 1.97 2.04 1.46 1.97 1.75 2.77 3.80 4.45 4.16 4.82 6.57 8.03 8.25 7.52 8.32 9.34 9.56 9.13 10.00 10.00 10.88 9.64 9.34 9.34 10.59 9.93 9.56 8.03 7.23 2.70 3.14 3.14 1.75 2.12 1.46 0.88 0.95 0.66 0.37 0.58 1.46 2.92 1.68 3.65 3.65 4.96 6.35 1.17 1.61 3.36 5.04 5.33 6.86 6.53 8.18 9.44 10.56 10.79 12.06 11.25 13.60 13.93 12.63 12.91 11.62 12.11 10.06 10.69
1.31 2.92 3.14 2.99 3.43 3.87 2.85 2.92 2.56 2.56 2.41 0.95 1.83 2.34 2.19 3.36 2.56 2.85 2.04 2.48 3.14 4.23 5.11 4.60 4.45 5.84 5.69 6.42 6.13 7.74 9.34 10.15 9.05 9.42 9.42 9.42 9.64 10.07 8.61 8.83 8.54 7.23 6.72 1.75 1.90 2.41 2.99 2.48 1.61 1.31 1.83 0.44 0.00 0.00 0.00 0.00 0.00 0.00 0.73 1.24 1.24 0.51 0.73 0.88 0.66 2.19 1.90 3.43 6.06 6.72 9.42 10.80 10.44 11.17 12.34 12.69 14.25 16.01 14.84 12.50 11.59 10.09 9.64 10.29
0.37 0.37 1.83 2.77 2.41 4.02 3.36 3.14 3.14 3.14 2.77 2.63 2.99 3.07 3.65 3.72 3.80 3.50 3.29 3.43 3.36 3.80 5.40 4.23 4.60 4.23 4.96 5.18 5.26 7.81 9.05 9.05 10.07 8.98 9.05 9.05 8.47 8.47 5.99 6.94 4.96 1.83 1.68 1.68 1.53 2.12 2.34 1.83 2.48 0.07 0.58 0.44 0.00 0.00 0.00 0.00 0.58 0.07 0.00 0.07 0.07 0.00 0.29 0.00 0.51 1.46 1.31 2.34 3.80 5.26 8.25 9.86 9.71 9.05 12.80 11.58 13.59 13.18 15.39 12.83 11.78 8.61 10.00 7.25
0.07 0.00 0.07 0.00 0.95 1.75 3.72 3.14 2.77 2.77 2.99 2.34 3.50 3.43 3.14 3.43 2.41 2.04 1.97 3.36 4.16 4.09 4.60 4.89 4.23 4.74 4.45 5.04 4.82 6.94 8.47 8.61 7.74 5.62 7.66 7.66 5.40 4.16 5.18 2.12 2.26 1.75 1.97 1.46 1.31 1.75 1.46 1.31 0.66 0.37 0.00 0.00 0.00 0.00 0.00 0.00 0.00 0.00 0.00 0.00 0.00 0.00 0.00 0.00 0.00 0.15 1.53 4.16 3.65 4.38 5.99 4.89 7.37 7.59 9.20 9.26 13.60 11.24 11.99 12.13 6.52 7.15 7.12 7.69
0.07 0.00 0.07 0.00 0.95 1.75 3.72 3.14 2.77 2.77 2.99 2.34 3.50 3.43 3.14 3.43 2.41 2.04 1.97 3.36 4.16 4.09 4.60 4.89 4.23 4.74 4.45 5.04 4.82 6.94 8.47 8.61 7.74 5.62 7.66 7.66 5.40 4.16 5.18 2.12 2.26 1.75 1.97 1.46 1.31 1.75 1.46 1.31 0.66 0.37 0.00 0.00 0.00 0.00 0.00 0.00 0.00 0.00 0.00 0.00 0.00 0.00 0.00 0.00 0.00 0.15 1.53 4.16 3.65 4.38 5.99 4.89 7.37 7.59 8.83 9.31 10.56 9.89 10.04 14.12 7.97 7.30 5.58 7.09
0.00 0.00 0.00 1.10 0.73 1.68 2.04 2.92 2.77 2.77 4.16 4.02 2.12 2.63 0.44 0.29 0.22 0.44 3.80 4.31 4.02 4.31 5.26 5.91 5.18 4.89 4.89 5.04 5.55 6.42 7.15 3.87 4.60 2.41 3.80 3.80 1.61 2.34 1.68 1.68 1.61 1.90 0.95 1.24 1.10 0.66 0.00 0.07 0.15 0.58 0.58 0.58 0.00 0.00 0.00 0.00 0.00 0.00 0.00 0.00 0.00 0.00 0.00 0.00 0.00 0.00 0.00 2.12 0.80 2.34 1.83 0.00 0.00 6.94 8.47 8.22 10.14 13.31 11.88 7.47 7.85 4.78 5.51 5.80
0.00 0.00 0.00 0.58 1.61 1.46 2.12 2.63 4.38 4.38 3.87 4.67 2.34 0.29 0.58 0.44 1.31 3.07 2.63 4.09 5.55 5.55 5.99 6.28 5.69 4.89 5.99 6.64 4.67 3.21 3.43 3.65 0.44 1.39 0.58 0.58 0.73 1.90 1.75 0.51 0.44 0.44 0.58 0.73 0.51 0.66 0.00 0.29 0.07 0.51 0.44 0.00 0.15 0.22 0.00 0.00 0.00 0.00 0.00 0.00 0.00 0.00 0.00 0.00 0.00 0.00 0.00 0.95 0.80 0.00 2.56 4.45 3.58 6.50 10.26 10.85 10.79 12.21 10.49 6.41 5.96 4.12 5.38 4.49
0.00 0.00 0.00 0.00 0.00 1.02 2.19 2.56 2.85 2.85 3.72 3.14 4.02 1.46 1.61 2.19 1.75 2.99 3.65 5.99 5.69 5.55 5.69 6.64 5.62 5.99 5.69 4.45 5.33 3.58 1.46 1.02 0.66 0.00 0.00 0.00 0.22 1.31 0.29 0.44 0.51 1.02 0.80 0.88 0.66 0.80 0.22 0.07 0.29 0.37 0.37 0.22 0.37 0.29 0.00 0.00 0.00 0.00 0.00 0.00 0.00 0.00 0.00 0.00 0.00 1.17 0.58 0.88 0.00 0.29 2.41 5.48 10.01 11.50 11.04 12.55 9.79 6.96 8.41 4.49 2.42 2.25 2.82 2.90
0.00 0.00 0.00 0.00 0.51 0.22 1.53 2.19 2.26 2.26 2.41 2.04 1.83 1.68 1.75 1.90 2.85 2.63 2.56 3.43 4.45 5.48 4.82 5.48 6.35 3.58 3.58 3.80 1.61 0.88 0.58 0.00 0.00 0.00 0.15 0.15 0.00 0.22 0.00 1.02 1.10 1.46 1.02 0.00 0.00 0.00 0.37 0.07 0.00 0.37 1.02 0.88 0.07 0.00 0.00 0.00 0.00 0.00 0.00 0.00 0.00 0.00 0.00 0.00 0.00 0.00 0.00 0.00 0.51 0.37 1.90 5.77 11.36 12.89 12.32 15.34 12.15 4.58 1.75 2.30 2.82 2.11 1.35 0.78
0.58 0.88 0.29 0.15 0.00 0.80 0.37 1.75 1.24 1.24 1.31 1.46 1.39 1.24 1.61 1.53 1.53 0.00 0.00 2.26 3.80 3.58 3.72 1.02 1.68 1.17 0.00 0.00 0.00 0.00 0.00 0.00 0.00 0.00 0.37 0.37 0.00 0.88 0.66 1.02 0.73 0.73 0.73 0.00 0.00 0.00 0.00 0.00 0.29 0.58 1.31 0.58 0.37 0.37 0.22 0.37 0.15 0.37 0.00 0.00 0.00 0.00 0.00 0.00 0.00 0.00 0.00 0.00 1.02 2.99 6.66 5.89 10.82 12.50 12.93 9.91 3.48 4.50 3.24 1.49 1.29 1.24 1.07 0.58
0.58 0.88 0.29 0.15 0.00 0.80 0.37 1.75 1.24 1.24 1.31 1.46 1.39 1.24 1.61 1.53 1.53 0.00 0.00 2.26 3.80 3.58 3.72 1.02 1.68 1.17 0.00 0.00 0.00 0.00 0.00 0.00 0.00 0.00 0.37 0.37 0.00 0.88 0.66 1.02 0.73 0.73 0.73 0.00 0.00 0.00 0.00 0.00 0.29 0.58 1.31 0.58 0.37 0.37 0.22 0.37 0.15 0.37 0.00 0.00 0.00 0.00 0.00 0.00 0.00 0.00 0.00 0.00 1.02 2.99 6.70 5.82 9.79 13.93 13.80 11.56 4.04 4.36 3.39 1.45 1.37 1.47 0.98 0.49
0.80 1.46 1.75 0.00 1.10 1.39 1.10 1.02 1.39 1.39 0.51 0.00 0.00 0.00 0.00 0.00 0.00 0.00 0.00 0.00 0.00 0.00 0.00 0.00 0.00 0.00 0.00 0.00 0.00 0.00 0.00 0.00 0.00 0.00 0.00 0.00 1.24 0.51 0.73 0.66 0.29 0.22 0.66 0.00 0.00 0.00 0.00 0.00 0.95 1.53 0.80 1.02 0.00 0.73 0.37 0.44 0.00 0.00 0.00 0.00 0.00 0.00 0.00 0.00 0.00 0.00 0.00 0.00 0.59 3.54 7.01 10.47 14.60 15.98 17.41 7.68 4.32 1.56 1.46 1.31 1.81 0.87 1.00 0.62
1.90 1.68 2.70 0.00 0.00 0.00 1.46 1.46 1.10 1.10 0.00 0.00 0.00 0.00 0.00 0.00 0.00 0.00 0.00 0.00 0.00 0.00 0.00 0.00 0.00 0.00 0.00 0.00 0.00 0.00 0.00 0.00 0.00 0.00 0.00 0.00 0.00 0.00 1.10 0.15 0.66 0.37 0.37 0.80 0.73 0.66 1.17 0.58 0.37 0.00 0.15 0.00 0.22 0.22 0.51 0.15 0.44 0.00 0.00 0.00 0.00 0.00 0.00 0.00 0.00 0.00 1.02 2.70 2.19 3.50 5.69 10.08 13.87 9.81 5.48 7.36 1.40 1.17 1.88 1.62 1.78 0.71 0.24 0.68
3.36 3.43 2.63 2.99 0.00 0.00 1.61 0.00 1.68 1.68 0.00 0.00 0.00 0.00 0.00 0.00 0.00 0.00 0.00 0.00 0.00 0.00 0.00 0.00 0.00 0.00 0.00 0.00 0.00 0.00 0.00 0.00 0.07 0.00 0.00 0.00 0.00 0.00 0.00 0.73 0.22 0.73 0.37 0.51 0.00 0.95 0.44 0.00 0.00 0.00 0.00 0.00 0.00 0.00 0.00 0.00 0.00 0.00 0.00 0.00 0.00 0.00 0.00 0.00 0.00 0.00 0.00 0.00 3.87 5.84 4.96 7.80 10.14 7.41 3.31 1.06 0.90 1.78 1.65 1.49 1.42 1.16 1.15 0.31
5.33 5.55 4.60 0.00 0.00 0.00 0.00 0.00 0.00 0.00 0.00 0.00 0.00 0.00 0.00 0.00 0.00 0.07 0.00 0.00 0.00 0.00 0.00 0.00 0.00 0.00 0.22 0.00 0.15 0.00 0.00 0.00 0.00 0.00 0.00 0.00 0.29 0.22 1.10 0.00 0.80 1.02 0.29 0.58 0.15 0.80 1.10 0.00 0.00 0.00 0.00 0.00 0.00 0.44 0.73 0.00 0.22 0.22 0.00 0.00 0.00 0.00 0.29 1.02 0.00 0.00 0.00 3.21 3.58 4.82 5.69 6.56 8.45 7.30 1.57 0.89 1.19 1.38 1.08 0.63 0.00 0.38 0.00 0.30
4.38 4.31 4.60 3.65 0.00 0.00 0.00 0.00 0.00 0.00 0.00 0.00 0.00 0.00 0.00 0.00 0.00 0.00 0.00 0.00 0.00 0.00 0.00 0.00 0.00 0.00 0.00 0.73 0.00 0.15 0.00 0.00 0.00 0.00 0.00 0.00 0.15 0.00 0.51 0.73 0.07 0.15 0.00 0.15 0.37 0.22 0.88 0.00 0.00 0.00 0.00 0.00 0.07 0.00 0.66 0.95 0.29 0.00 0.00 0.00 0.00 0.66 1.17 1.53 1.61 1.46 2.19 1.90 3.14 3.50 4.09 4.38 1.62 1.00 1.27 1.22 1.32 0.71 0.97 0.08 0.00 0.15 0.07 0.00
2.34 0.00 0.00 0.00 0.00 0.00 0.00 0.00 0.00 0.00 0.00 0.00 0.00 0.00 0.00 0.00 0.00 0.00 0.00 0.00 0.00 0.00 0.00 0.00 0.00 0.00 0.00 0.00 0.00 0.00 0.00 0.00 0.00 0.00 0.00 0.00 0.00 0.00 0.00 0.00 0.00 0.22 0.00 0.00 0.29 0.00 0.00 0.80 0.58 0.95 0.29 0.22 0.00 0.00 0.00 0.00 0.44 0.00 0.00 0.80 0.80 0.80 1.46 1.61 1.17 0.80 1.53 2.34 3.07 2.63 3.21 1.76 0.82 1.34 0.59 0.70 0.66 0.26 0.00 0.00 0.00 0.00 0.00 0.00
2.34 0.00 0.00 0.00 0.00 0.00 0.00 0.00 0.00 0.00 0.00 0.00 0.00 0.00 0.00 0.00 0.00 0.00 0.00 0.00 0.00 0.00 0.00 0.00 0.00 0.00 0.00 0.00 0.00 0.00 0.00 0.00 0.00 0.00 0.00 0.00 0.00 0.00 0.00 0.00 0.00 0.22 0.00 0.00 0.29 0.00 0.00 0.80 0.58 0.95 0.29 0.22 0.00 0.00 0.00 0.00 0.44 0.00 0.00 0.80 0.80 0.80 1.46 1.61 1.17 0.80 1.53 2.34 3.07 2.63 3.21 1.75 0.81 1.32 0.59 0.73 0.59 0.25 0.00 0.00 0.00 0.00 0.00 0.00
0.00 1.10 0.00 0.00 0.00 0.00 0.00 0.00 0.00 0.00 0.00 0.00 0.00 0.00 0.00 0.00 0.00 0.00 0.00 0.00 0.00 0.00 0.00 0.00 0.00 0.00 0.00 0.00 0.00 0.00 0.00 0.00 0.00 0.00 0.00 0.00 1.75 0.00 0.00 0.00 0.00 0.00 0.00 0.00 0.00 0.00 0.66 0.66 1.83 0.66 0.51 0.07 0.15 0.07 0.44 0.07 0.73 0.51 1.53 0.73 0.73 0.73 1.10 0.80 1.02 0.95 2.12 1.46 1.83 1.75 0.73 0.51 0.51 0.00 0.44 0.00 0.00 0.00 0.00 0.00 0.00 0.00 0.00 0.00
