Wansh/Snow_depth/snowdepth-1995/winter/1995351.txt
ncols 321
nrows 161
xllcenter 60
yllcenter 15 
cellsize  0.25 
NODATA_value -1
[rows 74 to 110 of 161, columns 84 to 167 of 321]
0.00 0.00 0.00 0.00 0.00 0.00 0.80 0.80 1.17 0.00 0.22 0.22 0.51 1.90 3.29 3.72 3.94 4.38 4.38 0.00 0.00 0.00 0.00 0.00 2.99 0.00 6.50 4.16 2.77 2.34 0.00 2.41 0.00 0.00 4.82 5.40 10.37 13.36 13.72 10.66 6.20 2.41 2.77 2.77 1.75 1.17 2.12 1.10 1.46 1.02 0.00 0.00 0.00 0.00 0.00 0.00 0.88 0.00 1.10 0.58 0.00 0.00 0.00 0.00 0.00 0.00 0.00 0.00 0.00 0.07 0.95 0.66 0.29 0.00 0.00 0.00 0.00 0.00 0.00 0.00 0.00 1.17 1.83 1.46
0.00 0.00 0.00 0.66 0.80 1.46 1.61 2.77 2.77 0.73 0.15 1.61 2.41 3.87 4.60 0.00 0.00 0.00 0.00 0.00 0.00 0.00 0.00 0.00 3.50 6.57 5.91 6.64 0.00 0.00 0.00 0.00 0.00 0.00 0.00 5.99 4.82 10.80 15.55 7.74 4.67 3.87 3.80 3.80 3.29 2.26 2.70 2.26 2.56 2.56 1.39 0.00 1.39 0.80 2.34 1.31 0.95 1.53 0.80 0.37 0.51 1.53 1.61 0.00 0.00 0.00 0.00 0.00 0.00 0.73 1.83 1.83 1.90 0.88 0.00 0.00 0.00 0.00 0.00 0.00 0.00 1.02 0.81 1.63
0.51 0.73 1.97 2.19 1.10 2.26 2.26 3.43 3.72 4.31 4.74 5.11 0.00 0.00 0.00 3.94 4.74 0.00 0.00 0.00 0.00 0.00 0.00 0.00 0.00 0.00 0.00 0.00 0.00 0.00 0.00 0.00 0.00 0.00 0.00 0.00 6.20 4.96 12.05 6.72 5.18 4.89 5.11 5.11 2.48 3.58 3.58 3.94 2.77 2.92 1.53 1.75 1.39 1.53 0.73 0.95 1.10 0.73 0.44 0.66 1.39 1.61 0.51 1.90 1.31 0.00 0.00 0.37 0.37 1.31 2.19 3.14 1.90 2.12 0.00 0.00 0.00 0.00 0.00 0.00 0.00 0.00 0.88 0.83
1.75 2.85 3.07 1.90 2.04 1.68 4.23 4.16 4.31 4.89 5.40 5.33 4.60 4.74 4.53 4.02 3.65 3.87 3.87 0.00 0.00 0.00 0.00 0.00 0.00 0.00 0.00 0.00 0.00 0.00 0.00 0.00 0.00 0.00 0.00 0.00 0.00 0.00 7.01 7.37 4.23 5.40 3.72 3.72 2.77 3.21 4.38 4.31 2.92 3.87 3.58 1.83 1.10 3.87 3.72 3.36 1.02 1.02 1.61 1.02 1.02 1.97 1.46 2.70 2.85 1.83 0.37 2.48 2.48 2.48 4.23 3.58 2.04 2.04 0.00 0.00 0.22 0.00 0.00 0.00 0.00 0.00 0.00 0.59
2.99 4.53 3.07 2.12 2.56 2.85 3.50 3.36 4.45 4.31 5.04 5.11 5.04 4.96 4.74 4.23 4.60 4.09 4.09 0.00 0.00 0.00 0.00 0.00 0.00 0.00 0.00 0.00 0.00 0.00 0.00 0.00 0.00 0.00 0.00 0.00 0.00 0.00 0.00 5.69 4.09 3.14 4.02 4.02 2.63 2.04 3.43 3.43 1.97 2.48 3.43 2.19 3.65 3.87 4.82 4.60 3.21 2.41 1.68 1.68 2.85 2.26 3.29 2.56 1.90 3.29 5.04 4.53 4.53 4.82 5.33 1.90 2.56 3.36 1.46 0.00 0.15 0.00 0.00 0.00 0.00 0.81 0.66 1.56
5.18 5.40 4.23 2.48 2.99 2.63 3.58 4.89 4.31 4.67 4.74 4.23 4.38 4.67 4.60 4.31 4.74 4.89 4.89 4.45 4.16 0.00 0.00 0.00 0.00 0.00 0.00 0.00 0.00 0.00 0.00 0.00 0.00 0.00 0.00 0.00 0.00 0.00 0.00 0.00 2.04 0.00 0.00 0.00 0.00 0.66 0.88 1.31 1.31 1.31 3.65 2.99 4.09 2.26 2.70 3.21 1.75 2.41 2.41 2.63 3.29 2.26 2.34 3.07 3.65 5.55 6.57 6.86 6.86 5.48 0.00 3.72 2.04 5.55 3.82 1.02 0.37 0.51 0.22 0.00 0.15 1.24 1.53 2.79
4.16 3.58 3.43 0.00 0.00 0.00 3.87 4.38 4.23 4.45 3.94 4.09 4.02 4.31 4.45 3.94 3.94 4.67 4.67 4.23 0.00 3.58 0.00 3.43 0.00 0.00 0.00 0.00 0.00 0.00 0.00 0.00 0.00 0.00 0.00 0.00 0.00 0.00 0.00 0.88 0.00 0.00 1.10 1.10 0.00 0.73 1.17 0.29 1.10 0.37 2.04 1.83 2.70 1.75 1.61 1.83 0.88 2.04 2.77 3.50 2.12 3.21 2.04 2.12 0.00 0.00 0.00 5.18 5.18 6.50 0.00 4.02 4.82 9.27 6.28 2.64 2.55 1.30 0.44 0.66 0.80 0.88 1.10 2.56
0.00 0.00 0.00 0.00 3.43 0.00 3.14 3.58 3.72 4.38 5.11 4.60 3.87 4.53 4.38 4.31 4.31 4.74 4.74 4.53 0.00 0.00 0.00 0.00 0.00 0.00 0.00 0.00 0.00 0.00 0.00 0.00 0.00 0.00 0.00 0.00 0.00 0.00 0.00 0.73 1.24 1.24 0.00 0.00 0.80 0.51 0.00 0.80 0.00 0.22 0.58 1.17 1.17 1.10 0.58 0.15 0.95 1.53 1.90 2.70 3.58 2.70 3.36 3.21 0.00 0.00 0.00 0.00 0.00 0.00 0.00 6.13 12.99 11.61 8.10 6.90 3.17 2.68 1.89 0.67 0.37 0.73 1.17 2.34
0.00 0.00 0.00 0.00 0.00 0.00 0.00 0.00 0.00 3.87 0.00 4.67 0.00 3.72 3.87 0.00 0.00 0.00 0.00 2.34 0.00 0.00 0.00 0.00 0.00 0.00 0.00 0.00 0.00 0.00 0.00 0.00 0.00 0.00 0.00 0.00 0.00 0.07 0.51 0.29 0.29 0.00 0.00 0.00 0.00 0.00 0.00 0.00 0.80 0.00 0.51 0.66 0.29 0.44 0.00 0.29 0.51 1.17 2.12 4.09 3.50 4.16 3.36 0.00 4.67 0.00 0.00 0.00 0.00 0.00 6.42 6.64 12.48 14.02 12.34 5.77 5.69 2.56 1.61 1.17 0.00 0.73 1.46 1.02
2.34 0.00 1.90 0.00 2.77 3.14 0.00 0.00 0.00 0.00 0.00 4.31 0.00 0.00 4.31 4.96 0.00 0.00 0.00 0.00 0.00 0.00 0.00 0.00 0.00 0.00 0.00 0.00 0.00 0.00 0.00 0.00 0.00 0.00 0.00 0.00 0.00 0.00 0.00 0.00 0.00 0.00 0.00 0.00 0.00 0.00 0.00 0.00 0.00 0.00 0.15 0.15 0.51 0.00 0.29 2.41 2.34 2.99 3.29 4.82 5.26 4.53 6.79 9.34 9.71 7.88 0.00 6.72 6.72 4.89 0.00 4.23 8.18 10.95 10.66 10.73 6.57 3.72 3.43 2.34 1.24 2.04 1.02 1.02
1.75 1.24 1.24 1.17 0.00 0.00 0.00 0.00 0.00 3.43 3.07 0.00 0.00 3.50 2.92 4.82 4.23 0.00 0.00 0.00 0.00 0.00 0.00 0.00 0.00 0.00 0.00 0.00 0.00 0.00 0.00 0.00 0.00 0.00 0.00 0.00 0.00 0.07 0.00 0.00 0.00 0.00 0.00 0.00 0.00 0.00 0.00 0.00 0.00 0.00 1.90 2.34 0.95 1.61 4.74 6.13 5.26 4.96 3.72 4.02 7.30 5.55 4.96 11.90 11.17 11.17 8.83 12.26 12.26 6.06 4.53 8.61 4.53 8.54 9.05 9.42 5.62 5.11 4.53 2.85 2.77 4.23 3.29 0.00
0.00 1.83 0.00 1.61 0.00 1.97 0.00 2.41 3.43 0.00 0.00 0.00 0.00 3.14 4.23 3.72 0.00 0.00 0.00 0.00 2.56 0.00 0.00 0.00 0.00 0.00 0.00 0.00 0.00 0.00 0.00 0.00 0.00 0.00 0.00 0.00 0.00 0.00 0.00 0.00 0.00 0.00 0.00 0.00 0.00 0.00 0.00 0.00 0.00 1.61 1.75 1.90 2.70 4.60 7.30 9.42 5.77 6.86 5.62 4.82 8.88 9.31 14.22 15.11 16.72 17.30 16.35 20.08 20.08 12.56 8.91 9.86 11.53 8.32 8.10 4.96 6.35 6.50 7.08 5.26 5.33 4.23 0.00 0.00
1.17 1.17 2.19 1.10 1.46 0.00 0.00 3.58 3.14 3.14 0.00 0.00 0.00 0.00 0.00 0.00 0.00 0.00 0.00 3.65 3.80 3.72 0.00 0.00 0.00 0.00 0.00 0.00 0.00 0.00 0.00 0.00 2.70 0.00 0.00 0.00 0.00 0.00 0.00 3.58 4.74 0.00 1.17 1.17 1.61 0.37 1.02 1.39 0.00 0.07 1.10 0.66 1.46 2.63 5.62 9.56 12.19 13.14 12.85 17.89 18.91 19.42 19.89 19.86 22.85 25.19 20.44 25.33 25.33 17.81 22.27 21.53 19.35 11.02 6.72 8.61 7.96 8.18 9.42 7.96 8.61 6.35 6.35 0.00
1.17 1.68 1.61 1.53 0.00 0.00 2.70 0.00 2.41 0.00 0.00 1.75 0.00 0.00 0.00 0.00 0.00 2.85 2.85 2.99 3.36 3.29 3.36 0.00 0.00 0.00 0.00 0.00 0.00 0.00 0.00 0.00 0.00 0.00 0.00 0.00 0.00 0.00 0.00 5.62 4.31 4.31 1.97 1.97 4.38 2.92 1.17 2.56 1.24 0.58 0.37 1.17 1.39 1.68 4.02 7.88 11.17 15.18 16.06 18.98 20.66 15.99 14.97 16.72 17.42 14.31 13.94 15.18 15.18 10.07 15.55 20.81 15.04 14.75 11.53 7.37 7.23 7.30 7.96 7.66 8.54 8.54 6.28 0.00
1.24 1.75 0.00 0.00 0.00 0.00 0.00 0.00 0.00 0.00 0.00 2.63 0.00 0.00 2.26 2.34 2.34 3.07 3.07 3.36 2.92 3.43 3.29 0.00 0.00 0.00 0.00 2.77 0.00 0.00 0.00 0.00 0.00 3.58 0.00 0.00 0.00 0.00 4.60 4.82 5.69 4.67 8.10 8.10 4.96 6.13 4.31 3.50 1.10 2.34 1.02 1.17 3.14 4.23 6.57 8.03 10.37 13.29 13.58 16.06 14.75 10.73 11.61 11.68 13.49 13.75 11.61 9.78 9.78 9.20 9.27 16.86 9.93 15.26 7.45 5.99 5.91 7.15 7.30 7.37 8.18 4.38 0.00 0.00
1.75 0.80 0.00 0.00 0.00 0.00 0.00 0.00 0.00 0.00 0.00 0.00 0.00 0.00 0.00 0.00 3.07 0.00 0.00 0.00 2.48 2.63 0.00 0.00 0.00 2.85 0.00 0.00 0.00 0.00 0.00 2.85 6.79 6.72 6.86 6.79 3.21 4.53 6.86 6.20 7.15 8.03 10.44 10.44 8.61 6.13 9.13 7.15 4.82 5.04 3.43 1.83 6.13 7.23 7.52 13.94 11.46 12.92 12.23 10.77 8.83 10.73 10.06 11.90 12.97 14.45 12.91 11.39 11.39 6.50 6.42 7.37 7.08 10.95 4.31 6.13 6.42 7.08 6.06 5.89 5.07 4.36 0.00 0.00
2.34 0.66 0.00 0.00 0.00 0.00 0.00 0.00 0.00 0.00 0.00 0.00 0.00 0.00 0.00 2.56 2.19 0.00 0.00 0.00 2.19 2.34 0.00 0.00 2.56 3.29 0.00 0.00 0.00 0.00 3.58 3.29 9.93 10.51 13.87 10.51 7.52 7.66 9.86 9.27 9.20 9.93 9.49 9.49 10.29 10.07 11.61 11.32 7.96 8.91 6.57 11.17 13.94 13.07 13.87 20.59 18.91 12.99 8.10 9.20 7.00 7.23 10.84 11.46 10.66 11.61 13.08 8.65 8.38 5.14 5.26 4.96 4.96 6.06 4.96 5.04 5.91 5.18 5.96 4.20 5.29 4.92 0.00 0.00
0.29 0.73 0.15 1.17 0.00 0.00 0.95 0.58 0.51 0.07 0.00 0.00 0.00 0.00 0.00 0.00 0.00 0.00 0.00 0.00 0.00 0.00 0.00 0.00 4.16 0.00 0.00 0.00 2.63 0.00 6.79 8.10 8.83 11.61 13.29 9.64 13.14 10.07 11.68 11.32 10.95 9.56 9.20 9.20 10.07 11.02 12.56 12.12 11.02 10.22 14.09 16.86 18.83 18.25 19.49 25.62 24.16 18.18 11.43 14.23 8.47 6.94 7.67 10.04 8.29 10.65 10.37 8.76 8.80 6.35 5.72 6.13 5.18 8.10 6.31 4.53 3.43 6.06 5.21 5.89 8.03 6.57 5.11 7.38
0.80 0.88 1.68 1.10 1.39 0.73 0.88 0.95 0.00 0.00 0.44 0.00 0.00 0.00 0.00 0.00 0.00 0.00 0.00 0.00 0.00 0.00 0.00 0.00 4.02 3.94 4.23 0.00 0.00 3.14 6.72 5.69 5.69 7.08 12.19 13.36 12.78 12.70 13.43 12.78 11.24 8.25 9.27 9.27 10.88 11.39 10.73 10.73 10.88 11.90 11.61 13.14 16.28 21.02 24.16 25.62 23.14 23.43 17.74 11.83 11.50 9.10 7.18 8.35 10.87 11.66 7.49 6.06 6.06 5.58 5.67 7.34 9.02 7.93 9.24 7.01 8.32 7.71 7.60 6.56 9.23 8.50 8.24 7.85
0.29 0.15 0.66 0.73 1.10 0.80 0.00 0.00 0.00 1.61 0.51 0.00 0.00 0.00 0.00 0.00 0.66 0.00 0.00 0.00 0.00 0.00 0.00 0.00 0.00 0.00 0.00 0.00 0.00 2.04 0.00 7.08 0.00 7.37 15.40 13.72 15.11 9.71 8.69 8.83 10.15 3.87 5.91 5.91 3.43 6.79 8.98 7.08 9.49 11.97 8.98 9.42 11.68 15.04 20.00 23.21 25.31 22.63 22.56 15.91 14.82 13.41 10.02 6.92 8.83 9.13 6.68 5.84 5.84 5.09 4.52 7.87 10.01 10.42 10.15 8.88 10.88 9.71 8.01 7.90 9.17 9.68 8.49 6.78
1.68 0.73 0.66 0.58 0.95 0.58 0.00 0.00 0.00 0.00 0.66 0.00 0.00 0.00 0.00 0.00 0.00 0.00 0.00 0.00 0.00 0.00 0.00 0.00 0.00 0.00 0.00 0.00 0.00 0.00 6.50 0.00 3.36 9.34 12.78 10.51 6.42 5.84 4.67 3.50 0.00 0.00 3.80 3.80 0.00 2.34 5.04 4.23 8.18 8.83 9.27 11.02 14.30 11.89 14.52 18.75 22.58 19.42 22.92 20.66 21.46 14.53 6.92 6.13 6.28 8.07 6.10 5.99 6.02 3.96 8.09 9.41 7.02 11.48 12.05 10.29 11.40 9.15 8.35 8.26 9.14 8.32 11.21 7.02
0.66 0.88 1.53 1.10 1.68 2.04 2.34 0.00 0.00 0.00 0.00 0.00 0.00 0.00 0.00 0.00 0.58 0.00 0.00 0.00 0.00 0.00 0.00 0.00 0.00 0.00 0.00 1.02 0.00 0.00 0.00 0.00 4.09 4.89 8.47 7.59 0.00 0.00 0.00 0.00 0.00 0.00 0.07 0.07 0.73 0.07 2.56 4.31 6.20 8.10 11.10 11.90 11.24 11.16 12.42 14.98 16.62 15.65 20.75 19.39 19.81 7.85 4.81 3.49 4.05 5.79 3.44 0.00 0.00 0.00 0.00 5.11 0.00 9.54 9.90 11.45 7.15 7.18 6.74 7.06 8.65 11.88 10.56 8.78
1.61 0.95 2.70 5.33 5.26 4.31 4.60 3.94 2.04 0.00 0.00 0.00 0.00 0.00 0.00 0.00 0.00 0.00 0.00 0.00 0.00 0.00 0.00 0.00 0.00 0.00 0.00 1.46 0.00 0.00 0.00 0.00 2.92 0.00 5.18 2.92 2.70 0.00 0.00 0.00 0.00 0.00 0.51 0.51 3.58 1.68 3.07 2.99 4.89 10.00 11.97 10.73 10.95 12.18 11.84 12.41 11.38 12.99 9.55 15.64 7.50 6.69 4.82 4.02 3.61 2.89 2.21 0.00 0.00 1.19 0.00 0.00 5.08 0.00 9.05 6.24 5.04 4.44 5.90 5.70 7.68 10.99 9.37 8.57
1.31 0.00 5.40 10.22 10.51 8.10 5.48 5.11 3.80 3.07 0.29 0.00 0.00 0.00 0.00 0.00 0.00 0.00 0.00 0.00 0.00 0.00 0.00 0.00 0.00 0.58 0.95 1.46 0.88 0.00 0.66 0.00 0.00 2.41 0.00 0.00 2.85 0.00 0.00 0.00 1.90 0.00 7.30 7.30 6.94 7.01 2.70 4.02 2.92 7.56 10.16 12.23 11.92 12.75 10.93 9.46 9.64 9.71 8.23 5.66 5.80 5.84 5.96 3.43 1.56 2.14 2.00 1.35 1.32 1.46 0.44 0.00 3.25 4.65 5.21 4.67 3.36 4.11 4.39 3.58 4.95 6.12 6.26 4.01
8.47 8.03 10.29 16.35 20.00 21.53 21.83 15.18 10.66 6.79 2.77 1.31 1.10 1.02 0.22 0.00 0.44 1.31 1.31 0.00 1.02 0.00 0.00 0.00 1.17 1.46 1.68 0.88 1.68 1.39 1.46 1.10 1.68 3.14 1.31 4.67 0.00 0.00 0.00 3.43 4.60 1.31 3.58 3.58 5.40 3.21 3.65 4.60 5.84 7.59 10.08 11.91 8.85 9.11 9.08 5.24 7.49 8.82 8.15 9.61 6.31 9.30 10.13 8.05 5.18 4.11 3.69 0.00 0.00 0.29 0.15 0.00 4.33 5.74 3.97 3.58 2.95 2.64 0.33 0.95 0.00 1.85 3.87 4.53
11.83 12.70 16.28 19.64 22.92 21.61 25.48 21.39 15.11 7.23 2.99 0.80 0.37 1.17 1.46 1.02 1.68 1.39 1.39 1.31 1.39 1.46 1.10 0.66 0.00 0.95 0.95 0.66 1.31 1.83 1.02 0.73 1.97 2.77 3.07 5.04 6.79 2.70 0.07 0.73 0.88 0.00 1.53 1.53 3.65 2.19 3.07 4.67 3.91 5.78 7.83 8.33 5.13 7.41 7.83 5.18 4.69 7.42 9.89 9.84 11.87 12.86 12.08 10.08 7.37 2.19 2.79 0.54 0.53 0.15 0.29 0.00 1.58 4.24 5.13 3.87 0.59 0.00 0.00 0.00 0.00 1.15 2.76 3.19
13.87 14.16 14.60 14.16 17.16 22.05 21.24 15.18 6.64 0.00 0.00 0.80 0.00 1.24 1.75 1.46 3.65 2.04 2.04 1.75 1.31 2.19 1.53 1.24 0.44 0.00 0.22 1.10 1.31 1.68 1.31 1.68 1.24 2.85 3.94 5.04 4.60 2.70 0.00 0.00 0.37 0.00 0.58 0.58 1.90 2.04 3.29 4.06 4.22 3.93 5.40 6.88 4.87 4.63 5.79 3.75 4.57 3.28 7.90 8.50 11.62 12.66 11.83 9.34 6.64 3.28 2.01 1.91 2.12 0.32 0.15 0.79 2.05 3.61 3.67 2.43 0.29 0.00 0.00 0.00 0.00 0.00 2.25 2.55
8.40 9.05 8.25 6.72 8.76 14.53 15.48 13.43 6.86 2.26 0.00 0.00 0.00 0.88 2.63 2.56 4.74 4.02 4.02 3.36 1.46 1.75 1.53 0.66 0.80 0.51 0.00 0.07 1.02 0.66 1.53 1.10 0.44 2.77 1.83 3.14 3.58 1.02 0.00 0.22 0.00 0.00 0.00 0.00 1.10 1.17 1.17 1.76 3.65 3.49 3.73 4.59 4.83 4.28 1.74 2.10 2.82 1.75 3.57 9.19 8.85 12.18 12.40 14.75 8.18 5.33 2.65 3.77 3.63 1.74 0.00 0.84 1.97 2.69 1.99 1.95 1.04 0.31 0.00 0.00 1.56 1.18 3.62 1.85
4.38 5.40 5.77 0.00 0.00 6.72 9.93 10.51 6.06 2.92 1.53 3.14 3.58 0.00 3.50 10.00 6.06 3.72 3.72 4.89 2.99 1.17 1.68 0.66 0.95 0.00 0.00 0.07 0.00 0.07 0.15 0.88 0.51 0.44 1.46 2.41 1.75 0.15 0.00 0.00 0.00 0.00 0.22 0.22 0.29 1.53 0.00 2.77 3.36 3.87 2.96 2.60 1.64 0.94 1.98 3.19 1.89 0.00 7.13 7.94 6.20 13.44 15.53 14.05 11.74 6.62 4.59 5.03 5.06 2.82 0.00 0.00 0.98 0.58 0.00 1.24 0.89 0.73 0.07 0.00 1.72 2.98 4.69 2.11
0.00 0.00 0.00 0.00 0.00 0.00 7.23 9.05 7.30 4.96 6.20 5.69 4.82 7.59 9.20 16.21 10.80 8.03 8.03 8.54 4.96 3.50 0.58 0.51 0.00 0.00 0.00 0.29 0.00 0.00 0.00 0.07 0.00 0.00 0.22 0.88 1.53 0.58 0.00 0.00 0.00 0.00 0.00 0.00 0.00 1.75 0.88 1.24 1.19 1.51 1.18 1.22 2.10 0.00 2.18 2.27 2.80 0.70 2.24 5.74 9.44 10.31 15.16 9.26 11.01 10.70 6.38 2.43 2.85 2.62 1.19 0.67 0.45 0.00 0.00 0.00 1.78 0.00 0.00 0.00 1.91 2.69 4.06 1.83
0.00 0.00 0.00 0.00 0.00 5.48 7.15 7.30 5.77 4.38 7.88 8.03 7.96 10.59 12.63 21.02 19.35 14.38 14.38 7.08 11.53 6.57 0.95 0.00 0.00 0.00 0.00 0.00 0.00 0.00 0.00 0.00 0.00 0.58 0.00 0.58 0.37 0.00 0.00 0.00 0.00 0.00 0.00 0.00 0.00 0.15 0.00 0.00 0.25 0.16 1.99 2.04 1.42 1.62 0.00 0.00 0.00 0.00 0.00 4.06 5.26 9.09 11.20 8.10 8.50 9.54 7.94 4.51 5.05 4.71 1.20 0.19 0.00 0.00 0.00 0.00 0.00 0.00 0.00 0.00 0.58 3.25 3.00 2.87
0.00 0.00 0.00 0.00 0.00 0.00 3.65 5.84 7.15 6.42 6.86 7.74 9.93 12.48 19.42 22.75 20.20 19.56 19.56 16.43 20.51 13.36 2.41 0.73 2.26 0.95 1.97 10.15 3.50 0.15 2.99 0.73 0.44 0.44 1.24 1.46 0.66 0.00 0.00 0.00 0.73 0.00 0.00 0.00 0.88 0.37 0.00 0.00 0.92 0.16 2.41 3.32 2.46 2.96 0.00 0.00 0.00 0.00 0.00 0.00 0.00 6.05 8.92 8.09 9.87 11.49 9.36 5.35 5.47 4.99 1.62 1.53 0.09 0.25 0.00 0.00 0.00 0.00 0.00 0.00 0.00 1.97 1.51 2.04
0.00 0.00 0.00 0.00 0.00 0.00 0.00 0.00 5.48 7.66 5.62 9.93 8.98 8.61 12.99 19.59 21.17 20.49 19.12 19.05 25.40 22.63 12.19 1.75 2.41 10.15 11.24 17.08 9.34 3.43 5.40 5.40 1.10 9.78 5.26 3.14 0.00 0.00 0.00 0.00 4.89 3.21 0.37 0.37 1.17 0.00 0.00 1.08 1.54 3.94 3.60 3.86 0.00 0.00 0.00 0.00 0.00 0.00 0.00 0.00 0.00 0.00 3.47 3.91 9.61 10.12 9.27 6.71 8.21 6.18 3.05 1.72 1.62 0.00 0.00 0.00 0.00 0.00 0.00 0.00 0.00 0.00 0.00 0.00
0.00 0.00 0.00 0.00 0.00 0.00 0.00 0.00 0.00 0.00 0.00 0.00 3.07 3.58 0.00 4.45 3.65 11.16 11.34 5.18 14.75 18.40 13.65 11.17 11.24 14.09 21.32 18.91 17.37 13.65 22.34 20.95 22.41 20.51 11.68 11.39 11.10 11.53 11.02 10.86 11.74 11.21 13.21 13.21 11.10 3.65 3.94 0.44 2.01 0.85 0.00 0.00 0.00 0.00 0.00 0.00 0.00 0.00 0.00 0.00 0.00 0.00 0.00 0.00 0.00 4.26 3.56 0.00 0.00 4.16 5.15 0.00 0.00 0.00 0.00 0.00 0.00 0.00 0.00 0.00 0.00 0.00 0.00 0.00
0.00 0.00 0.00 0.00 0.00 0.00 0.00 0.00 0.00 0.00 0.00 0.00 0.00 0.00 0.00 0.00 0.00 0.00 0.00 4.67 4.92 10.21 10.15 10.66 10.37 13.75 17.37 17.74 17.08 15.33 21.17 24.45 21.02 14.53 13.36 10.66 10.59 14.45 13.07 7.96 12.50 15.80 11.46 12.81 14.16 9.56 6.28 4.49 2.47 0.00 0.00 0.00 0.00 0.00 0.00 0.00 0.00 0.00 0.00 0.00 0.00 0.00 0.00 0.00 0.00 0.00 0.00 0.00 0.00 0.00 0.00 0.00 0.00 0.00 0.00 0.00 0.00 0.00 0.00 0.00 0.00 0.00 0.00 0.00
0.00 0.00 0.00 0.00 0.00 0.00 0.00 0.00 0.00 0.00 0.00 0.00 0.00 0.00 0.00 0.00 0.00 0.00 0.00 0.00 0.00 0.00 9.27 7.96 5.62 6.02 12.81 10.29 15.55 6.72 14.53 19.56 16.30 10.95 8.40 12.48 7.96 10.29 9.93 0.00 5.97 8.91 7.11 9.03 13.82 9.99 4.95 2.45 0.00 0.00 0.00 0.00 0.00 0.00 0.00 0.00 0.00 0.00 0.00 0.00 0.00 0.00 0.00 0.00 0.00 0.00 0.00 0.00 0.00 0.00 0.00 0.00 0.00 0.00 0.00 0.00 0.00 0.00 0.00 0.00 0.00 0.00 0.00 0.00
0.00 0.00 0.00 0.00 0.00 0.00 0.00 0.00 0.00 0.00 0.00 0.00 0.00 0.00 0.00 0.00 0.00 0.00 0.00 0.00 0.00 0.00 0.00 8.76 9.78 0.00 0.00 7.59 7.15 3.29 4.74 14.52 9.61 4.45 4.96 0.00 0.00 0.00 0.00 0.00 0.00 0.00 0.00 0.00 17.19 3.24 0.00 0.00 0.00 0.00 0.00 0.00 0.00 0.00 0.00 0.00 0.00 0.00 0.00 0.00 0.00 0.00 0.00 0.00 0.00 0.00 0.00 0.00 0.00 0.00 0.00 0.00 0.00 0.00 0.00 0.00 0.00 0.00 0.00 0.00 0.00 0.00 0.00 0.00
