Wansh/Snow_depth/snowdepth-1995/winter/1995337.txt
ncols 321
nrows 161
xllcenter 60
yllcenter 15 
cellsize  0.25 
NODATA_value -1
[rows 0 to 36 of 161, columns 84 to 167 of 321]
3.14 3.07 2.70 0.66 0.00 0.00 0.00 0.00 0.00 1.39 1.10 1.53 1.39 0.73 0.95 0.95 0.00 0.00 0.00 0.00 0.00 0.00 1.10 1.75 1.75 1.75 2.04 1.90 0.95 2.41 0.73 0.51 0.58 0.00 0.00 0.00 0.00 0.44 0.73 0.00 0.00 0.00 0.00 0.00 0.00 0.00 0.00 0.00 0.80 0.73 0.66 1.46 0.29 1.46 1.24 1.90 1.10 0.95 0.73 1.17 0.88 0.00 0.07 0.00 0.29 0.22 1.31 1.83 1.83 1.53 1.10 1.90 1.83 2.19 2.26 2.26 3.07 2.70 1.97 0.73 0.58 1.61 1.68 1.75
1.68 1.83 0.80 0.44 0.00 0.00 0.00 0.00 0.00 0.80 0.88 1.61 1.46 0.00 0.00 0.00 0.00 0.00 0.00 0.22 0.00 0.73 0.22 0.51 0.88 2.04 2.85 4.23 2.99 3.43 2.77 1.02 0.00 0.00 0.00 0.00 0.00 0.58 0.00 0.00 0.00 0.00 0.00 0.00 0.00 0.22 0.88 0.80 0.95 1.02 0.88 1.10 0.00 0.66 1.24 1.10 0.95 3.29 2.99 2.26 2.41 0.58 1.02 1.53 0.51 1.61 1.75 1.68 1.68 2.26 2.41 2.12 2.26 2.26 2.19 1.97 2.41 2.26 2.34 2.04 1.97 1.83 1.83 1.83
0.80 1.31 0.51 0.66 0.00 0.00 0.00 0.00 0.51 0.51 1.17 1.46 1.39 0.00 0.66 0.80 0.66 1.02 1.02 0.00 0.73 0.00 0.22 0.29 0.73 1.24 2.48 3.14 4.23 3.21 1.10 1.68 0.29 0.80 0.29 0.00 1.75 1.90 1.83 1.10 0.58 0.00 0.66 0.66 0.73 0.00 2.19 2.48 1.53 1.61 1.53 1.75 2.70 2.70 1.46 3.21 3.58 4.53 4.23 4.31 3.72 5.62 3.21 4.38 4.45 2.70 3.94 4.16 4.16 5.40 2.92 3.21 2.41 1.83 1.90 1.97 1.83 2.26 1.46 1.39 1.97 1.17 1.39 1.61
0.80 1.31 0.51 0.66 0.00 0.00 0.00 0.00 0.51 0.51 1.17 1.46 1.39 0.00 0.66 0.80 0.66 1.02 1.02 0.00 0.73 0.00 0.22 0.29 0.73 1.24 2.48 3.14 4.23 3.21 1.10 1.68 0.29 0.80 0.29 0.00 1.75 1.90 1.83 1.10 0.58 0.00 0.66 0.66 0.73 0.00 2.19 2.48 1.53 1.61 1.53 1.75 2.70 2.70 1.46 3.21 3.58 4.53 4.23 4.31 3.72 5.62 3.21 4.38 4.45 2.70 3.94 4.16 4.16 5.40 2.92 3.21 2.41 1.83 1.90 1.97 1.83 2.26 1.46 1.39 1.97 1.17 1.39 1.61
0.15 0.00 0.00 0.00 0.22 0.44 0.73 0.73 1.10 1.31 0.66 0.51 0.00 1.83 1.39 1.39 1.75 0.58 0.58 1.02 0.22 0.58 0.80 1.17 1.31 1.39 4.09 3.21 4.53 4.82 4.16 2.56 3.14 1.02 0.73 0.37 2.04 1.90 3.50 1.83 2.41 0.29 0.00 0.00 2.48 2.77 2.56 3.07 1.61 1.61 1.75 1.68 1.02 2.70 2.04 3.72 3.87 3.72 3.58 5.99 5.55 6.57 7.45 5.04 6.35 7.66 5.40 5.69 5.69 5.99 5.33 3.43 3.58 2.63 2.48 2.77 1.83 2.92 2.77 3.14 2.70 1.17 1.31 1.24
0.15 1.24 0.58 0.00 0.37 0.95 0.29 0.00 0.00 0.73 0.73 0.73 1.83 1.75 1.75 2.48 2.19 1.39 1.39 1.46 1.31 1.17 0.95 1.39 1.68 2.04 2.26 3.36 3.58 3.50 3.94 3.29 3.21 3.14 3.36 2.19 1.39 2.19 2.26 1.75 0.88 2.34 1.75 1.75 2.77 3.36 3.21 2.63 2.92 1.10 0.80 0.95 1.61 1.53 2.70 2.63 3.21 4.02 3.72 5.69 6.94 6.64 8.18 10.07 7.52 8.10 6.06 6.35 6.35 5.04 4.38 4.53 3.65 3.72 3.07 2.85 3.14 2.70 3.14 3.21 3.07 2.63 2.63 1.31
1.53 1.46 1.61 1.17 1.39 1.39 0.00 0.15 0.00 0.29 1.53 1.90 1.39 2.04 2.63 2.56 2.63 2.12 2.12 1.68 1.83 1.68 1.10 1.31 1.61 2.48 2.34 2.56 2.48 3.07 3.14 3.07 3.21 2.34 1.68 2.12 2.26 1.97 2.04 1.90 3.43 3.29 2.34 2.34 3.72 3.07 2.92 2.26 1.83 1.75 1.24 2.77 2.41 2.48 2.19 2.99 2.63 4.31 4.67 5.18 6.72 8.54 9.20 10.88 8.91 9.05 7.30 6.06 6.06 6.42 5.48 6.13 6.42 6.13 4.67 4.38 4.23 4.96 4.02 3.72 3.50 3.07 2.63 2.85
1.53 1.46 1.61 1.17 1.39 1.39 0.00 0.15 0.00 0.29 1.53 1.90 1.39 2.04 2.63 2.56 2.63 2.12 2.12 1.68 1.83 1.68 1.10 1.31 1.61 2.48 2.34 2.56 2.48 3.07 3.14 3.07 3.21 2.34 1.68 2.12 2.26 1.97 2.04 1.90 3.43 3.29 2.34 2.34 3.72 3.07 2.92 2.26 1.83 1.75 1.24 2.77 2.41 2.48 2.19 2.99 2.63 4.31 4.67 5.18 6.72 8.54 9.20 10.88 8.91 9.05 7.30 6.06 6.06 6.42 5.48 6.13 6.42 6.13 4.67 4.38 4.23 4.96 4.02 3.72 3.50 3.07 2.63 2.85
1.61 1.10 1.39 1.10 1.39 1.31 1.39 2.56 0.00 0.00 2.63 0.95 1.83 1.61 2.41 2.70 1.97 2.19 2.19 1.75 1.68 2.19 2.48 2.77 3.50 3.07 2.48 2.85 2.63 3.14 3.07 3.21 1.24 2.34 1.10 1.97 2.12 1.90 1.75 1.39 1.46 1.10 2.04 2.04 1.83 1.83 1.39 2.12 1.61 2.63 2.56 3.14 2.41 3.21 3.36 3.21 3.07 3.43 3.65 3.36 5.48 6.35 4.96 9.42 7.15 6.42 6.35 5.99 5.99 6.35 6.50 6.79 6.42 6.50 7.37 5.99 6.06 4.67 4.82 4.31 3.21 3.50 2.70 2.34
2.19 1.46 1.53 0.80 0.80 2.26 2.19 1.97 0.00 2.48 2.12 1.46 0.58 1.10 1.53 1.17 1.10 1.31 1.31 1.24 1.17 2.34 2.56 1.75 2.34 2.63 2.85 2.70 2.34 3.07 1.24 1.83 1.39 2.26 1.97 1.75 1.83 1.61 1.68 1.53 0.66 0.80 0.95 0.95 1.10 0.88 0.88 1.68 3.14 4.31 4.16 3.43 4.31 3.43 3.50 3.36 2.99 3.80 2.63 3.43 3.36 4.16 3.14 2.63 4.02 4.96 5.99 5.62 5.62 6.57 8.91 8.91 10.88 8.40 8.91 6.35 8.25 7.45 5.91 5.91 4.09 2.56 3.29 3.21
1.75 1.46 1.53 1.46 1.24 1.10 2.04 0.00 0.00 1.68 1.31 0.44 1.31 0.44 0.58 0.66 1.10 1.24 1.24 2.26 2.12 2.19 1.68 2.48 1.68 2.41 1.61 1.90 1.39 1.53 1.53 1.53 1.39 2.12 1.53 1.39 1.39 1.53 1.75 3.36 2.92 2.12 2.19 2.19 1.31 2.85 2.41 3.36 3.07 3.65 4.02 4.45 4.74 3.14 4.16 3.87 5.04 4.67 4.67 4.09 3.65 2.92 2.56 2.85 4.89 4.31 7.66 11.39 11.39 11.17 10.73 12.19 11.61 10.95 6.13 6.57 7.66 8.83 8.40 7.37 6.50 4.45 4.23 4.38
1.75 1.46 1.53 1.46 1.24 1.10 2.04 0.00 0.00 1.68 1.31 0.44 1.31 0.44 0.58 0.66 1.10 1.24 1.24 2.26 2.12 2.19 1.68 2.48 1.68 2.41 1.61 1.90 1.39 1.53 1.53 1.53 1.39 2.12 1.53 1.39 1.39 1.53 1.75 3.36 2.92 2.12 2.19 2.19 1.31 2.85 2.41 3.36 3.07 3.65 4.02 4.45 4.74 3.14 4.16 3.87 5.04 4.67 4.67 4.09 3.65 2.92 2.56 2.85 4.89 4.31 7.66 11.39 11.39 11.17 10.73 12.19 11.61 10.95 6.13 6.57 7.66 8.83 8.40 7.37 6.50 4.45 4.23 4.38
0.58 1.46 1.31 1.02 0.88 1.46 0.00 0.00 0.00 1.68 1.83 1.90 1.97 1.97 2.12 3.07 2.85 2.70 2.70 2.92 2.99 2.26 2.19 0.95 2.19 1.68 1.61 1.68 2.19 3.29 2.12 2.48 1.31 1.90 1.68 2.04 4.67 4.67 4.38 4.82 4.31 3.50 3.29 3.29 3.07 2.92 2.63 2.63 2.85 2.70 3.14 1.97 2.70 2.56 2.92 4.53 4.09 5.33 5.18 4.89 4.38 3.65 4.16 3.14 5.04 7.37 6.72 11.90 11.90 13.72 13.21 14.75 12.19 12.85 7.23 4.82 5.04 7.74 7.66 7.74 7.81 7.96 7.74 7.66
0.00 0.37 0.29 1.10 1.31 0.00 0.00 0.00 2.26 3.36 2.92 3.14 2.41 3.14 2.85 3.36 2.99 2.04 2.04 1.02 1.31 1.46 1.90 1.17 0.95 0.73 1.39 2.48 2.04 3.72 4.23 5.99 5.33 5.18 3.58 5.69 5.91 4.96 5.18 4.23 2.19 2.77 2.77 2.77 0.80 1.24 2.56 2.63 2.04 1.31 1.97 1.75 1.02 1.39 1.31 2.85 3.65 3.50 5.69 4.45 4.89 4.38 5.04 6.28 5.11 7.15 9.78 9.56 9.56 12.41 14.38 14.24 12.48 8.91 9.86 6.13 4.96 6.35 0.51 5.40 5.18 6.64 6.57 6.57
0.15 0.00 0.00 1.17 0.00 0.00 0.00 0.00 3.58 3.29 2.63 2.63 2.41 2.41 2.85 2.70 2.19 1.75 1.75 1.68 1.68 2.19 0.15 1.31 3.80 2.63 2.56 4.16 3.29 8.03 7.66 8.76 6.28 5.18 6.42 4.82 5.04 0.73 0.58 0.29 0.88 0.73 0.58 0.58 0.73 1.02 1.83 0.58 0.88 1.10 2.19 0.58 1.31 0.51 1.97 1.61 2.34 2.92 3.29 3.29 4.02 5.62 5.40 6.57 5.99 6.35 8.61 9.34 9.34 8.83 13.21 11.24 12.34 7.45 6.42 7.45 7.81 0.00 0.00 0.00 0.00 4.38 4.45 5.84
0.00 0.00 0.00 0.00 0.00 0.88 0.66 1.53 1.39 2.70 3.07 1.83 1.83 2.70 2.26 2.19 2.19 1.31 1.31 2.70 1.68 3.29 3.58 3.50 4.16 3.94 4.60 4.38 5.40 8.10 8.03 7.88 7.74 5.91 3.43 1.61 0.00 0.51 0.37 0.00 1.75 2.04 2.63 2.63 2.99 2.92 3.14 1.97 1.83 2.19 1.97 2.04 1.68 1.61 1.83 3.14 2.99 3.14 2.19 2.34 2.41 3.21 4.53 5.04 4.89 6.64 9.42 8.69 8.69 12.63 11.90 10.88 5.77 5.69 4.89 4.67 0.00 0.00 0.00 0.00 0.00 4.60 4.60 2.99
0.00 0.00 0.00 0.00 0.00 0.88 0.66 1.53 1.39 2.70 3.07 1.83 1.83 2.70 2.26 2.19 2.19 1.31 1.31 2.70 1.68 3.29 3.58 3.50 4.16 3.94 4.60 4.38 5.40 8.10 8.03 7.88 7.74 5.91 3.43 1.61 0.00 0.51 0.37 0.00 1.75 2.04 2.63 2.63 2.99 2.92 3.14 1.97 1.83 2.19 1.97 2.04 1.68 1.61 1.83 3.14 2.99 3.14 2.19 2.34 2.41 3.21 4.53 5.04 4.89 6.64 9.42 8.69 8.69 12.63 11.90 10.88 5.77 5.69 4.89 4.67 0.00 0.00 0.00 0.00 0.00 4.60 4.60 2.99
0.00 0.00 0.00 1.17 1.46 1.61 1.24 1.17 1.17 1.61 3.21 2.99 4.31 3.58 2.92 4.60 4.09 2.26 2.26 2.70 2.19 2.56 3.14 3.50 4.45 3.43 3.72 3.80 3.87 4.89 7.15 8.69 8.54 8.54 3.65 1.68 2.77 2.26 2.41 2.85 2.34 2.48 2.26 2.26 3.07 2.34 2.99 0.00 0.00 0.00 1.24 1.83 1.97 2.63 2.63 3.14 2.12 2.12 2.04 3.94 3.94 3.36 5.55 5.04 4.67 5.91 7.88 7.08 7.08 11.39 10.15 6.13 6.86 6.35 5.33 7.30 0.00 0.00 0.00 0.00 2.99 0.66 2.19 4.53
0.44 0.95 0.95 1.24 1.53 1.24 1.68 0.88 2.56 3.21 4.16 5.18 4.67 5.69 5.84 5.62 3.80 4.45 4.45 3.29 2.34 1.17 3.07 2.56 3.94 4.53 5.55 4.82 4.74 4.53 7.30 7.74 9.05 8.40 7.23 5.18 3.87 0.95 2.26 0.00 0.51 1.46 1.31 1.31 2.70 0.00 0.00 0.00 0.00 0.00 0.00 0.15 0.00 2.19 1.39 2.12 1.97 3.87 4.96 4.60 8.32 7.08 7.01 6.72 5.48 7.37 6.64 11.53 11.53 11.46 12.99 7.01 5.62 4.89 3.29 1.24 2.56 0.00 0.00 0.00 2.19 1.53 1.17 1.24
0.58 0.58 1.02 0.51 0.80 1.39 1.61 0.44 1.61 3.94 5.48 5.11 4.96 6.50 6.13 5.26 5.48 5.62 5.62 4.82 5.18 4.16 3.43 2.34 3.87 7.08 7.08 5.84 5.33 4.74 4.67 7.15 5.62 5.99 4.96 5.62 3.58 2.19 0.66 0.00 0.00 0.66 0.00 0.00 1.31 0.00 0.00 0.00 0.00 0.00 0.00 0.29 0.00 0.44 0.95 2.70 4.16 3.94 4.31 8.03 7.23 8.40 7.66 8.40 5.69 8.40 11.46 10.44 10.44 10.51 4.02 7.15 3.29 2.85 3.14 0.80 0.22 0.51 0.00 0.80 0.00 0.51 0.80 0.95
0.00 1.02 0.80 0.88 0.88 1.02 1.31 0.00 1.46 4.31 3.65 3.94 4.02 4.45 3.87 5.11 4.96 5.77 5.77 6.35 5.11 3.87 7.01 8.61 8.18 8.69 7.37 9.56 6.06 3.87 3.29 5.04 3.43 4.16 4.02 2.41 1.31 0.00 0.15 0.00 0.00 0.00 1.97 1.97 0.44 0.00 0.00 0.00 0.00 0.00 0.00 0.00 0.07 1.97 1.61 3.29 3.07 3.72 4.02 6.64 6.06 6.20 4.96 5.91 5.77 7.52 6.64 7.30 7.30 8.61 2.85 1.10 1.39 0.88 0.00 0.07 0.00 0.00 0.00 0.00 0.00 0.00 1.24 0.51
0.88 1.02 0.95 1.02 0.00 0.00 2.56 2.99 3.07 2.92 2.56 3.21 0.73 1.90 2.63 4.45 5.62 7.30 7.30 8.61 10.07 11.46 10.66 11.24 11.24 14.31 11.75 12.41 8.91 4.89 3.94 2.63 2.99 2.34 2.41 1.31 0.00 0.00 0.00 0.00 0.00 0.00 0.15 0.15 0.00 0.58 0.00 0.00 0.00 0.00 0.00 0.00 0.00 2.77 3.21 3.07 4.53 4.89 3.43 3.29 4.45 4.09 4.23 4.02 6.42 6.35 5.62 3.07 3.07 1.53 2.12 0.22 0.00 0.22 0.00 0.00 0.00 0.00 0.00 0.00 0.00 0.00 0.00 0.00
0.88 1.02 0.95 1.02 0.00 0.00 2.56 2.99 3.07 2.92 2.56 3.21 0.73 1.90 2.63 4.45 5.62 7.30 7.30 8.61 10.07 11.46 10.66 11.24 11.24 14.31 11.75 12.41 8.91 4.89 3.94 2.63 2.99 2.34 2.41 1.31 0.00 0.00 0.00 0.00 0.00 0.00 0.15 0.15 0.00 0.58 0.00 0.00 0.00 0.00 0.00 0.00 0.00 2.77 3.21 3.07 4.53 4.89 3.43 3.29 4.45 4.09 4.23 4.02 6.42 6.35 5.62 3.07 3.07 1.53 2.12 0.22 0.00 0.22 0.00 0.00 0.00 0.00 0.00 0.00 0.00 0.00 0.00 0.00
1.75 0.58 1.24 0.73 0.00 3.07 1.83 4.02 3.94 2.41 1.02 0.00 0.37 0.00 4.02 3.50 5.77 6.50 6.50 8.69 8.18 10.88 11.75 12.70 12.92 14.75 12.99 11.24 7.88 8.91 4.96 2.77 1.68 2.19 0.95 0.15 0.07 0.00 0.00 0.00 0.95 0.00 0.22 0.22 0.00 0.00 0.00 0.00 0.00 0.00 0.00 0.00 2.12 1.02 2.34 4.02 4.23 3.58 2.77 3.72 3.80 3.87 3.87 3.80 4.16 3.94 2.70 2.85 2.85 2.85 3.29 1.61 0.80 0.00 0.00 0.00 0.00 0.00 0.00 0.00 0.00 0.00 0.00 0.00
0.73 1.83 1.68 0.44 0.88 1.75 1.46 2.56 2.34 1.83 1.24 0.00 1.75 3.50 5.04 4.53 5.69 7.45 7.45 6.42 7.74 11.17 12.05 12.14 13.06 13.87 13.05 12.05 9.49 9.20 4.82 2.85 1.61 1.75 0.00 0.15 0.00 0.00 0.00 0.73 1.39 0.15 0.00 0.00 0.00 0.00 0.00 0.00 0.00 0.00 0.00 0.00 0.00 0.00 0.00 0.00 2.04 1.46 0.51 3.50 4.16 4.31 3.50 3.72 3.58 3.21 2.99 3.14 3.14 2.85 3.50 1.53 1.97 0.15 0.00 0.00 0.00 0.00 0.00 0.00 0.00 0.00 0.00 0.00
1.90 1.61 0.58 0.15 0.15 1.61 0.00 1.10 0.37 0.22 0.51 0.00 0.15 4.02 5.33 5.69 6.94 7.96 7.96 5.91 9.49 10.73 10.80 11.66 14.17 14.60 14.21 13.55 14.45 9.93 6.42 8.10 4.89 2.92 0.88 0.22 0.00 0.00 0.88 0.44 1.02 0.15 0.00 0.00 0.00 0.00 0.00 0.00 0.00 0.00 0.00 0.00 0.00 0.00 0.00 0.00 0.00 0.00 0.00 0.00 3.80 3.29 3.21 3.29 2.92 2.63 2.56 2.92 2.92 2.41 2.26 1.31 0.80 0.44 0.44 0.00 0.00 0.00 0.00 0.00 0.00 0.00 0.00 0.00
2.04 1.61 0.66 0.00 0.00 0.00 0.00 0.00 0.00 0.00 0.00 0.00 0.00 0.00 0.00 2.70 4.74 3.87 3.87 7.23 5.62 6.89 4.74 9.86 12.33 13.01 14.14 15.41 14.90 12.59 12.56 9.56 7.88 4.74 2.56 4.23 2.34 1.10 0.44 0.00 0.37 0.07 0.00 0.00 0.00 0.00 0.00 0.00 0.00 0.00 0.00 0.00 0.00 0.00 0.00 0.00 0.00 0.00 0.00 0.00 2.19 4.53 5.77 5.55 3.29 3.07 3.36 3.43 3.43 4.16 1.39 1.46 0.88 0.29 0.58 0.73 0.00 0.00 0.00 0.00 0.00 0.00 0.00 0.00
2.04 2.04 1.90 1.46 0.00 0.00 0.00 0.00 0.00 0.00 0.00 0.00 0.00 0.00 0.00 0.00 0.00 3.21 3.21 2.22 0.15 0.82 2.18 4.89 5.93 4.09 10.16 12.85 11.92 13.86 13.21 11.32 11.17 9.49 7.01 7.66 4.45 2.26 2.26 0.29 0.00 0.00 0.00 0.00 0.00 0.00 0.00 0.00 0.00 0.00 0.00 0.00 0.00 0.00 0.00 0.00 0.00 0.00 0.00 1.68 3.29 4.74 6.86 7.30 7.01 4.09 4.67 5.11 5.11 5.40 4.09 2.34 1.46 0.88 0.29 0.00 0.00 0.00 0.00 0.00 0.00 0.00 0.00 0.00
2.04 2.04 1.90 1.46 0.00 0.00 0.00 0.00 0.00 0.00 0.00 0.00 0.00 0.00 0.00 0.00 0.00 3.21 3.23 2.29 0.15 0.87 2.13 5.02 5.84 4.09 9.86 11.95 11.13 14.08 13.34 11.79 12.55 10.04 7.19 7.66 4.45 2.26 2.26 0.29 0.00 0.00 0.00 0.00 0.00 0.00 0.00 0.00 0.00 0.00 0.00 0.00 0.00 0.00 0.00 0.00 0.00 0.00 0.00 1.68 3.29 4.74 6.86 7.30 7.01 4.09 4.67 5.11 5.11 5.40 4.09 2.34 1.46 0.88 0.29 0.00 0.00 0.00 0.00 0.00 0.00 0.00 0.00 0.00
2.48 3.36 1.90 2.48 0.29 0.00 0.00 0.00 0.00 0.00 0.00 0.00 0.00 0.00 0.00 0.00 0.00 0.80 0.80 0.66 0.00 0.07 0.59 0.00 0.00 0.59 5.46 0.00 5.84 14.23 4.20 6.05 10.53 14.86 11.29 12.03 7.74 3.43 4.23 0.51 0.44 0.00 0.00 0.00 0.00 0.00 0.00 0.00 0.00 0.00 0.00 0.00 0.00 0.00 0.00 0.00 0.00 0.00 0.00 0.00 0.00 1.31 4.96 7.15 7.96 6.86 7.15 5.69 5.69 4.67 4.89 2.70 0.58 0.66 0.07 0.00 0.22 0.15 0.07 0.00 0.00 0.00 0.00 0.00
3.07 4.23 3.14 3.72 1.24 0.00 0.00 0.15 0.00 0.00 0.00 0.00 0.00 0.00 0.00 0.07 0.00 2.04 2.04 0.59 0.29 0.73 0.00 0.00 0.00 0.00 0.00 0.00 0.00 0.00 3.14 1.83 5.77 9.76 10.28 12.15 11.19 5.50 3.36 2.34 2.56 0.66 1.53 1.53 0.00 0.00 0.00 0.00 0.00 0.00 0.00 0.00 0.00 0.00 0.00 0.00 0.00 0.00 0.00 0.00 0.00 0.00 2.48 4.60 6.79 6.35 4.82 6.42 6.42 4.53 1.90 2.34 0.58 0.22 1.17 0.95 0.95 0.07 0.37 0.22 0.07 0.00 0.00 0.00
2.04 3.65 3.80 3.65 2.99 3.94 4.45 2.70 2.70 1.75 2.92 1.39 0.37 0.22 0.00 2.70 1.68 2.77 2.77 1.46 1.97 1.68 1.53 0.00 0.00 0.00 0.00 0.00 0.00 0.00 0.00 0.00 3.14 2.34 5.92 10.08 12.11 10.88 9.27 5.91 6.57 2.92 3.80 3.80 0.44 0.37 0.00 0.00 0.00 0.00 0.00 0.00 0.00 0.00 0.00 0.00 0.00 0.00 0.00 0.00 0.00 0.00 0.80 2.04 4.09 5.11 3.50 2.77 2.77 2.85 1.24 0.15 0.00 0.00 0.80 0.80 0.07 0.44 0.29 0.00 0.66 0.51 0.66 1.02
1.17 2.99 1.75 3.07 5.18 3.80 4.60 4.89 3.29 3.43 3.21 2.77 2.56 3.21 4.09 3.94 2.12 2.12 2.12 1.83 2.26 2.19 0.73 0.00 0.00 0.00 0.00 0.00 0.00 0.00 0.29 0.00 0.07 3.07 1.02 7.74 6.82 10.44 10.58 9.00 7.81 4.45 3.36 3.36 1.90 1.97 0.00 0.22 0.44 0.15 1.31 0.00 0.00 0.00 0.00 0.00 0.00 0.00 0.00 0.00 0.00 0.00 0.00 0.00 0.66 2.26 1.90 1.53 1.53 0.95 1.02 0.00 0.00 0.00 0.00 1.10 0.95 0.37 0.44 0.00 0.73 1.17 1.10 1.39
0.22 0.58 0.15 0.00 5.18 3.65 3.50 3.50 3.69 2.77 2.85 2.19 2.48 4.45 4.31 4.60 0.15 0.00 0.00 0.37 0.00 0.00 0.00 0.00 0.00 0.00 0.00 0.00 0.73 1.83 1.83 0.88 0.00 0.00 0.00 3.80 6.94 6.28 7.56 7.19 7.56 4.89 5.26 5.26 2.85 2.70 3.07 1.68 0.58 1.39 1.39 0.44 0.22 0.00 0.00 0.00 0.00 0.00 0.44 0.22 0.51 0.00 0.00 0.00 0.58 0.00 0.29 0.51 0.51 0.00 0.00 0.00 0.00 0.00 0.00 0.00 0.22 0.22 0.00 0.00 0.00 1.61 1.68 1.02
0.00 0.00 0.00 0.00 0.00 0.00 0.80 2.04 2.10 2.12 1.31 1.68 1.68 3.07 1.68 3.07 0.00 0.00 0.00 0.00 0.00 0.00 0.00 0.00 0.00 0.00 0.00 0.15 0.44 1.13 2.42 2.35 3.01 0.00 0.00 0.00 1.53 2.36 4.16 2.77 3.91 3.72 5.18 5.18 1.46 2.48 0.95 0.88 0.88 0.66 1.53 1.31 0.88 0.00 0.29 0.00 0.00 0.00 0.00 0.58 0.00 0.15 0.00 0.66 0.73 0.00 0.00 0.00 0.00 0.00 0.00 0.00 0.00 0.00 0.00 0.00 0.00 0.00 0.00 0.00 0.00 0.00 0.00 0.73
0.00 0.00 0.00 0.00 0.00 0.00 0.80 2.04 2.04 2.12 1.31 1.68 1.68 3.07 1.68 3.07 0.00 0.00 0.00 0.00 0.00 0.00 0.00 0.00 0.00 0.00 0.00 0.15 0.44 1.10 2.34 2.34 2.92 0.00 0.00 0.00 1.53 2.35 4.20 2.77 3.87 3.72 5.18 5.18 1.46 2.48 0.95 0.88 0.88 0.66 1.53 1.31 0.88 0.00 0.29 0.00 0.00 0.00 0.00 0.58 0.00 0.15 0.00 0.66 0.73 0.00 0.00 0.00 0.00 0.00 0.00 0.00 0.00 0.00 0.00 0.00 0.00 0.00 0.00 0.00 0.00 0.00 0.00 0.73
0.00 0.00 0.00 0.00 0.00 0.00 1.61 2.00 1.56 2.34 2.12 2.77 2.56 0.00 0.51 0.29 0.00 0.00 0.00 0.00 0.00 0.00 0.00 0.00 0.00 0.00 0.00 0.00 0.00 0.00 4.53 3.80 4.16 2.70 1.90 0.00 1.24 0.22 1.69 1.24 2.41 0.73 1.02 1.02 0.95 1.02 0.22 1.75 2.26 2.04 1.90 1.46 1.02 1.24 1.17 0.00 0.00 0.00 0.58 0.22 0.00 0.00 0.00 0.29 0.00 0.00 0.73 0.00 0.00 0.00 0.00 0.00 0.00 0.00 0.00 0.00 0.00 0.00 0.00 0.00 0.00 0.00 0.00 0.00
