Wansh/Snow_depth/snowdepth-1995/winter/1995358.txt
ncols 321
nrows 161
xllcenter 60
yllcenter 15 
cellsize  0.25 
NODATA_value -1
[rows 0 to 36 of 161, columns 168 to 251 of 321]
1.39 2.99 2.99 2.99 3.07 2.12 3.58 4.67 4.45 4.45 4.67 3.43 3.07 4.60 3.58 3.72 4.45 6.06 7.74 7.37 8.47 7.15 6.50 6.50 5.18 5.91 5.77 0.00 0.00 0.00 0.00 0.00 5.18 10.59 9.93 9.93 7.96 12.63 12.05 14.38 14.45 14.09 17.81 17.45 24.02 22.63 22.19 19.78 21.53 15.11 12.19 12.26 11.32 10.51 11.02 12.48 11.75 13.21 14.16 14.24 14.24 13.72 13.58 14.67 15.40 15.11 15.40 13.14 13.94 10.59 11.39 11.02 11.53 12.05 12.26 12.56 13.36 13.29 12.70 12.85 12.70 11.17 10.37 10.66
4.09 3.80 3.21 2.26 2.41 2.56 2.48 3.58 3.65 3.65 5.04 4.74 4.96 4.67 3.94 4.96 6.35 5.84 8.54 8.76 9.05 7.08 6.42 5.62 6.20 3.07 5.91 0.00 0.00 0.00 0.00 3.58 0.00 7.59 6.57 6.57 7.23 9.93 14.45 14.38 16.21 21.02 18.98 25.26 24.02 24.67 18.61 22.41 15.70 14.60 14.53 15.11 15.11 12.48 13.21 12.85 14.09 13.36 13.58 12.26 12.26 12.41 12.48 13.43 13.58 13.58 12.99 13.87 11.32 11.90 10.59 12.48 11.53 11.61 11.90 12.12 12.19 13.29 12.92 13.14 11.53 10.37 10.66 8.47
3.87 3.72 3.65 3.87 1.31 1.31 3.43 2.56 3.29 3.29 3.94 4.53 3.72 4.23 3.94 4.60 7.23 8.32 8.18 8.47 7.52 7.96 6.72 6.06 0.00 0.00 0.00 0.00 0.00 0.00 0.00 0.00 6.64 5.69 5.55 5.55 10.37 8.91 16.50 15.91 17.16 19.42 17.52 17.81 21.83 22.78 17.16 15.33 15.11 15.40 15.84 15.99 14.45 14.67 13.21 11.75 12.05 12.41 12.12 12.12 12.12 12.85 12.56 13.43 12.78 12.78 12.41 12.63 12.56 12.05 12.41 12.26 12.85 12.05 12.26 11.97 10.44 10.88 10.73 10.80 9.93 9.93 9.34 7.59
3.87 3.72 3.65 3.87 1.31 1.31 3.43 2.56 3.29 3.29 3.94 4.53 3.72 4.23 3.94 4.60 7.23 8.32 8.18 8.47 7.52 7.96 6.72 6.06 0.00 0.00 0.00 0.00 0.00 0.00 0.00 0.00 6.64 5.69 5.55 5.55 10.37 8.91 16.50 15.91 17.16 19.42 17.52 17.81 21.83 22.78 17.16 15.33 15.11 15.40 15.84 15.99 14.45 14.67 13.21 11.75 12.05 12.41 12.12 12.12 12.12 12.85 12.56 13.43 12.78 12.78 12.41 12.63 12.56 12.05 12.41 12.26 12.85 12.05 12.26 11.97 10.44 10.88 10.73 10.80 9.93 9.93 9.34 7.59
4.16 4.60 3.65 3.94 2.12 1.75 2.34 2.85 3.65 3.65 4.02 4.09 4.31 6.64 6.28 6.35 7.01 7.74 7.37 7.88 7.37 5.11 4.96 6.57 0.00 0.00 0.00 0.00 0.00 0.00 1.68 4.82 3.50 5.69 5.40 5.40 8.98 14.31 14.16 12.85 10.66 15.91 14.16 12.19 12.48 11.53 14.38 13.94 15.62 15.48 14.67 13.72 13.94 12.99 11.61 11.90 11.02 11.02 11.83 11.75 11.75 11.61 12.05 11.97 11.97 10.88 10.15 11.61 10.07 10.22 9.93 10.80 10.15 10.22 10.73 9.86 9.71 9.93 10.37 8.91 8.98 8.91 7.81 8.47
5.04 4.82 3.50 3.14 1.39 1.90 1.83 3.21 3.94 3.94 6.20 7.30 6.86 7.45 7.59 7.45 6.20 6.72 7.01 5.04 4.82 3.58 0.00 0.00 0.00 0.00 0.00 0.00 0.00 2.92 0.29 4.23 5.91 5.26 9.13 9.13 8.83 9.49 5.33 7.88 7.88 7.88 7.59 9.56 10.15 9.78 11.83 13.14 12.70 14.82 14.75 14.67 13.43 14.02 11.83 11.17 11.61 9.49 10.44 10.37 10.37 11.53 11.39 11.61 11.24 9.05 9.34 9.13 9.20 8.76 9.86 10.00 9.34 8.91 8.10 7.96 8.03 8.98 8.98 8.83 8.91 9.05 8.54 8.25
6.35 5.62 5.62 4.96 3.14 2.56 3.72 4.96 4.67 4.67 6.42 7.45 8.32 7.74 8.03 6.94 5.48 5.55 5.40 3.14 0.00 4.96 0.00 0.00 0.00 0.00 0.00 0.00 0.00 4.74 5.69 5.33 7.15 9.20 9.05 9.05 7.52 4.67 5.04 4.02 5.69 6.72 6.79 6.72 8.83 10.95 10.73 11.90 13.36 12.78 12.92 12.26 14.02 11.83 12.05 11.83 9.42 9.86 9.20 9.78 9.78 9.56 11.24 12.26 12.19 10.44 8.61 8.25 8.18 8.61 7.59 8.47 7.88 7.01 7.23 7.15 6.79 7.96 7.23 9.66 10.22 12.87 12.22 12.67
6.35 5.62 5.62 4.96 3.14 2.56 3.72 4.96 4.67 4.67 6.42 7.45 8.32 7.74 8.03 6.94 5.48 5.55 5.40 3.14 0.00 4.96 0.00 0.00 0.00 0.00 0.00 0.00 0.00 4.74 5.69 5.33 7.15 9.20 9.05 9.05 7.52 4.67 5.04 4.02 5.69 6.72 6.79 6.72 8.83 10.95 10.73 11.90 13.36 12.78 12.92 12.26 14.02 11.83 12.05 11.83 9.42 9.86 9.20 9.78 9.78 9.56 11.24 12.26 12.19 10.44 8.61 8.25 8.18 8.61 7.59 8.47 7.88 7.01 7.23 8.27 9.36 11.45 9.90 16.41 16.88 17.12 15.72 13.14
5.84 6.20 6.50 5.91 5.91 4.53 4.89 4.67 4.82 4.82 5.62 6.13 8.25 7.30 6.57 6.50 5.40 4.96 0.00 0.00 0.00 0.00 0.00 0.00 0.00 0.00 0.00 1.39 4.82 4.31 5.99 7.08 7.15 8.32 6.79 6.79 7.15 3.36 2.56 2.56 2.92 6.86 5.62 9.34 8.61 10.29 10.37 10.00 12.26 12.63 12.48 11.90 11.90 11.68 11.17 10.44 9.93 9.27 11.02 9.71 9.71 11.10 11.83 11.61 11.17 9.42 10.00 8.03 7.81 8.25 6.86 7.23 6.57 6.85 7.91 10.36 10.77 10.07 8.76 14.60 16.93 14.24 13.77 15.75
6.06 6.42 7.01 6.28 5.99 5.62 5.33 6.28 5.69 5.69 6.64 6.50 7.59 5.55 5.91 5.40 4.96 0.00 0.00 0.00 0.00 0.00 0.00 0.00 0.00 1.02 5.33 4.53 5.26 6.06 5.99 6.79 6.06 5.99 5.33 5.33 2.92 3.43 2.34 2.41 1.61 6.86 7.74 7.74 9.20 9.78 9.56 11.53 11.02 11.02 11.10 11.17 11.24 11.32 11.39 10.51 10.00 9.71 11.97 12.78 12.78 12.70 12.85 11.90 10.29 10.59 8.47 7.66 7.88 7.66 7.96 8.10 7.94 8.31 10.00 10.92 10.69 10.30 12.57 12.72 10.37 13.13 17.71 15.67
8.47 5.99 4.31 5.77 6.64 5.99 6.13 6.35 6.35 6.35 4.89 5.40 5.62 5.84 3.50 0.00 0.00 0.00 0.00 0.00 0.00 0.00 1.39 3.65 2.04 4.67 6.06 5.26 5.40 5.55 4.45 4.74 4.09 3.80 3.94 3.94 3.94 3.65 3.29 6.72 7.59 6.72 7.01 7.23 6.79 6.28 6.13 8.83 9.93 10.73 10.80 10.29 10.66 10.51 10.37 9.86 11.02 13.43 12.85 14.16 14.16 14.09 12.56 13.07 10.51 8.76 9.20 7.88 7.23 6.42 6.72 6.13 6.29 6.23 5.95 10.01 11.16 11.10 9.94 9.84 11.76 11.79 12.99 12.27
8.47 5.99 4.31 5.77 6.64 5.99 6.13 6.35 6.35 6.35 4.89 5.40 5.62 5.84 3.50 0.00 0.00 0.00 0.00 0.00 0.00 0.00 1.39 3.65 2.04 4.67 6.06 5.26 5.40 5.55 4.45 4.74 4.09 3.80 3.94 3.94 3.94 3.65 3.29 6.72 7.59 6.72 7.01 7.23 6.79 6.28 6.13 8.83 9.93 10.73 10.80 10.29 10.66 10.51 10.37 9.86 11.02 13.43 12.85 14.16 14.16 14.09 12.56 13.07 10.51 8.76 9.20 7.88 7.23 6.42 6.72 6.13 6.13 6.13 5.77 9.29 9.94 10.27 10.60 10.21 11.76 11.53 14.27 13.13
10.29 8.32 6.64 5.48 4.31 5.04 3.50 2.26 2.56 2.56 2.77 0.44 0.00 0.00 0.00 0.00 0.00 0.00 0.00 0.00 4.23 2.99 2.34 4.16 5.91 5.69 5.48 5.40 5.55 5.33 4.38 4.23 4.45 4.23 5.26 5.26 5.26 7.74 7.52 7.23 8.03 7.37 7.66 5.69 5.18 5.40 5.40 7.59 7.23 10.51 9.78 10.00 9.34 9.20 9.27 8.91 9.71 9.13 12.78 13.58 13.58 14.02 14.09 11.17 8.61 8.98 7.81 7.81 7.74 7.45 5.77 6.64 6.35 6.42 6.21 8.32 10.12 9.52 9.80 11.88 11.66 12.78 12.13 12.17
8.10 8.18 7.52 5.69 5.91 4.74 1.68 0.00 0.00 0.00 0.00 0.00 0.00 0.00 0.00 0.00 0.00 0.66 3.43 4.45 4.23 4.82 4.96 4.67 5.77 5.48 7.15 6.64 6.64 6.86 6.86 4.96 5.04 5.11 6.72 6.72 7.01 7.01 7.37 8.03 7.96 7.45 7.30 7.59 6.64 5.91 5.69 6.86 6.06 6.06 5.04 3.29 3.36 6.35 5.84 5.62 6.86 10.29 9.71 11.39 11.39 12.92 11.75 12.26 9.86 11.53 10.66 8.69 9.13 9.20 7.01 7.30 7.01 8.50 9.20 9.70 7.89 9.88 11.79 11.50 13.17 10.93 11.90 12.72
8.10 10.88 9.49 8.98 9.05 6.79 4.82 4.31 0.00 0.00 0.00 0.00 0.00 0.00 0.00 3.43 3.87 2.85 3.50 3.65 4.89 4.67 5.18 6.20 6.28 6.50 8.47 9.13 9.13 7.59 7.23 7.08 6.13 6.79 7.01 7.01 7.01 7.37 7.45 8.54 9.13 8.54 8.40 7.01 7.30 7.66 7.52 6.06 4.82 4.53 2.70 2.77 2.34 2.12 1.83 4.16 7.45 6.72 7.52 8.47 8.47 9.71 9.20 10.80 11.39 11.02 12.34 9.86 10.37 9.71 11.68 9.78 8.87 11.88 10.19 10.07 9.88 10.81 10.79 12.17 12.64 11.76 12.05 10.43
8.76 9.71 10.44 7.88 8.25 9.27 5.18 6.50 3.58 3.58 5.55 7.74 3.29 4.09 3.65 4.31 3.29 1.61 2.04 2.85 3.21 4.82 4.67 6.50 6.64 6.42 7.45 8.98 8.69 8.69 8.47 9.56 9.20 8.18 8.61 8.61 9.13 9.56 9.78 9.93 9.93 10.29 10.15 7.96 8.98 8.40 8.54 8.03 5.48 6.13 2.19 0.66 2.48 1.90 3.50 3.14 5.33 7.96 7.96 7.66 7.66 8.40 8.18 10.00 10.37 8.98 9.42 10.29 10.29 11.53 11.10 11.89 11.93 10.80 10.40 9.20 9.73 10.69 10.71 11.62 12.79 12.55 10.58 9.09
8.76 9.71 10.44 7.88 8.25 9.27 5.18 6.50 3.58 3.58 5.55 7.74 3.29 4.09 3.65 4.31 3.29 1.61 2.04 2.85 3.21 4.82 4.67 6.50 6.64 6.42 7.45 8.98 8.69 8.69 8.47 9.56 9.20 8.18 8.61 8.61 9.13 9.56 9.78 9.93 9.93 10.29 10.15 7.96 8.98 8.40 8.54 8.03 5.48 6.13 2.19 0.66 2.48 1.90 3.50 3.14 5.33 7.96 7.96 7.66 7.66 8.40 8.18 10.00 10.37 8.98 9.42 10.29 10.29 11.53 11.10 14.60 11.18 11.74 9.34 11.38 9.88 11.82 10.93 10.48 12.36 10.79 11.51 10.32
7.52 5.69 4.82 5.69 6.20 4.02 3.07 4.45 5.99 5.99 5.48 5.62 2.19 2.26 2.92 2.99 2.26 1.75 2.34 2.26 2.19 4.31 4.31 3.94 5.48 6.64 6.28 8.25 8.47 8.10 8.61 9.93 10.59 10.88 10.29 10.29 10.59 10.51 10.59 10.29 10.80 10.59 10.66 8.91 9.56 6.20 8.25 8.54 5.33 2.12 2.77 0.44 0.37 1.17 1.10 1.39 2.85 2.56 4.16 4.45 4.45 6.79 6.13 7.37 6.94 6.64 7.88 9.42 7.88 9.20 9.46 10.46 10.15 10.93 10.90 13.27 11.45 10.29 11.25 13.20 12.23 10.40 10.69 9.73
3.58 3.94 3.87 4.89 3.65 3.72 2.99 3.07 2.85 2.85 2.26 2.04 2.12 0.80 3.65 3.29 3.43 2.12 2.77 2.34 3.80 3.58 3.80 5.26 4.82 6.57 7.45 7.96 8.10 7.81 8.69 9.86 10.22 10.29 10.15 10.15 10.80 10.44 9.64 9.93 9.56 10.95 11.17 8.10 4.53 4.31 3.58 3.50 1.75 2.26 0.29 0.37 0.07 0.58 0.00 0.00 0.66 2.19 1.68 3.07 3.07 2.77 1.31 4.02 3.43 1.90 3.43 6.20 5.77 7.78 7.82 9.29 10.03 10.41 10.75 13.48 11.24 12.39 13.42 13.44 11.35 11.91 10.25 10.08
2.85 3.80 2.99 3.94 3.94 4.09 4.16 3.14 3.50 3.50 2.99 2.19 3.36 3.36 3.80 5.48 4.96 5.33 3.14 3.72 3.58 5.11 4.89 5.33 5.84 6.13 6.64 5.91 8.25 8.25 8.47 9.93 9.56 9.93 9.78 9.78 8.98 9.27 9.71 9.27 9.27 6.50 2.85 5.69 2.92 3.36 3.14 3.29 1.75 0.07 0.51 0.00 0.00 0.00 0.00 0.00 0.00 0.00 0.00 0.44 0.44 0.22 0.22 0.29 0.73 0.58 1.83 2.99 4.09 7.08 8.91 8.47 9.05 10.37 11.39 12.29 12.03 13.63 13.53 12.81 11.48 10.29 9.10 9.45
0.51 1.46 2.04 2.26 2.19 2.77 3.29 3.36 3.29 3.29 3.29 2.70 3.29 4.60 5.33 5.26 5.77 3.36 4.31 4.09 3.87 4.74 5.69 6.57 5.18 4.60 5.40 5.40 5.40 7.88 7.23 9.78 8.61 9.49 9.64 9.64 8.40 6.06 6.57 7.74 5.48 6.20 1.97 1.75 1.53 2.19 3.43 2.26 2.41 0.73 0.00 0.00 0.00 0.00 0.00 0.00 0.00 0.00 0.00 0.00 0.00 0.00 0.29 0.00 0.37 0.00 1.83 3.21 2.77 4.60 4.67 7.96 9.86 9.34 11.16 11.83 14.10 12.70 11.34 12.28 11.53 7.46 8.97 7.35
0.00 0.15 0.80 0.51 1.39 2.34 2.92 2.70 3.21 3.21 3.43 3.14 4.31 4.53 5.18 1.46 2.04 3.14 4.45 5.48 5.26 4.89 5.84 5.11 4.96 4.96 5.69 5.33 5.11 8.69 9.49 9.64 8.03 6.86 4.96 4.96 8.40 4.31 2.92 2.92 2.19 1.97 2.04 2.26 1.61 0.66 0.44 1.31 0.29 0.58 0.00 0.00 0.00 0.00 0.00 0.00 0.00 0.00 0.00 0.00 0.00 0.00 0.00 0.00 0.00 0.51 0.07 1.24 2.26 3.58 4.96 4.60 7.52 6.79 8.74 9.65 13.70 11.24 12.97 11.10 6.06 6.43 7.12 6.69
0.00 0.15 0.80 0.51 1.39 2.34 2.92 2.70 3.21 3.21 3.43 3.14 4.31 4.53 5.18 1.46 2.04 3.14 4.45 5.48 5.26 4.89 5.84 5.11 4.96 4.96 5.69 5.33 5.11 8.69 9.49 9.64 8.03 6.86 4.96 4.96 8.40 4.31 2.92 2.92 2.19 1.97 2.04 2.26 1.61 0.66 0.44 1.31 0.29 0.58 0.00 0.00 0.00 0.00 0.00 0.00 0.00 0.00 0.00 0.00 0.00 0.00 0.00 0.00 0.00 0.51 0.07 1.24 2.26 3.58 4.96 4.60 7.52 6.79 8.40 9.71 10.64 9.89 10.86 12.92 7.41 6.57 5.58 6.17
0.00 0.00 0.00 0.80 0.00 2.63 2.48 2.85 2.99 2.99 4.16 4.67 4.60 4.67 1.39 0.88 2.19 4.23 3.80 5.40 5.91 6.06 5.91 5.40 5.77 5.77 5.48 7.96 8.25 7.96 6.42 5.99 6.57 4.96 2.77 2.77 1.46 2.56 2.56 1.68 1.90 1.10 1.10 0.95 1.10 0.00 0.00 0.00 0.00 0.00 0.00 0.00 0.00 0.00 0.00 0.00 0.00 0.00 0.00 0.00 0.00 0.00 0.00 0.00 0.00 0.00 0.00 1.02 0.00 0.37 0.58 2.19 4.60 5.26 7.01 8.00 8.61 12.78 11.43 8.83 6.53 3.88 4.45 7.19
0.00 0.00 0.00 0.29 1.75 2.77 2.48 3.14 2.56 2.56 4.38 4.60 2.99 1.31 1.75 1.31 2.41 3.43 5.48 4.89 7.37 5.55 5.55 5.55 6.28 6.06 5.62 8.40 6.06 4.89 5.48 2.26 1.90 1.39 1.61 1.61 0.37 1.24 2.12 1.68 1.46 1.61 0.66 0.00 0.00 0.00 0.00 0.00 0.00 0.00 0.00 0.00 0.00 0.00 0.00 0.00 0.00 0.00 0.00 0.00 0.00 0.00 0.00 0.00 0.00 0.15 0.00 0.00 0.00 0.00 1.24 2.99 4.96 7.37 8.46 8.67 9.52 8.85 10.08 4.94 6.57 3.49 4.61 6.24
0.00 0.00 0.00 0.00 0.15 1.83 1.68 2.99 4.82 4.82 4.53 4.09 2.70 2.19 2.48 2.85 2.70 4.16 5.18 4.60 6.35 5.55 6.64 6.42 6.64 6.06 8.25 5.91 6.13 3.50 1.83 2.12 1.10 0.73 0.29 0.29 0.00 1.10 0.00 0.00 0.95 0.37 0.00 0.00 0.00 0.00 0.00 0.00 0.00 0.00 0.00 0.00 0.00 0.00 0.00 0.00 0.00 0.00 0.00 0.00 0.00 0.00 0.00 0.00 0.00 0.00 0.00 0.29 0.00 0.00 2.63 4.60 8.60 10.99 10.23 8.28 8.78 5.86 3.67 3.26 2.63 1.40 1.67 1.45
0.00 0.00 0.00 0.00 0.00 0.00 1.39 3.80 1.68 1.68 2.99 2.63 3.14 2.12 2.19 2.41 4.02 3.50 4.23 4.53 5.84 5.84 5.69 6.86 4.82 4.82 1.97 3.43 1.46 1.17 0.88 1.17 1.17 0.66 0.00 0.00 0.00 0.00 0.00 0.00 0.00 0.00 0.00 0.00 0.00 0.00 0.00 0.00 0.00 0.00 0.00 0.00 0.00 0.00 0.00 0.00 0.00 0.00 0.00 0.00 0.00 0.00 0.00 0.00 0.00 0.00 0.00 0.00 0.00 1.75 1.46 3.07 10.31 9.98 10.52 14.88 9.06 5.32 3.62 1.03 0.63 0.67 0.90 0.67
0.00 0.00 0.29 0.29 0.15 0.44 0.95 1.10 0.95 0.95 0.15 0.73 1.24 0.80 2.04 1.31 1.24 1.24 1.46 2.92 1.83 4.16 4.45 1.97 1.90 0.29 0.15 0.00 0.00 0.00 0.00 0.00 0.00 0.00 0.00 0.00 0.00 0.00 0.00 0.00 0.00 0.00 0.00 0.00 0.00 0.00 0.00 0.00 0.00 0.00 0.00 0.00 0.00 0.00 0.00 0.00 0.00 0.00 0.00 0.00 0.00 0.00 0.00 0.00 0.00 0.00 0.00 0.00 0.00 1.39 4.04 7.06 11.51 11.16 12.76 12.10 13.81 5.84 1.87 1.39 0.20 0.67 0.00 0.00
0.00 0.00 0.29 0.29 0.15 0.44 0.95 1.10 0.95 0.95 0.15 0.73 1.24 0.80 2.04 1.31 1.24 1.24 1.46 2.92 1.83 4.16 4.45 1.97 1.90 0.29 0.15 0.00 0.00 0.00 0.00 0.00 0.00 0.00 0.00 0.00 0.00 0.00 0.00 0.00 0.00 0.00 0.00 0.00 0.00 0.00 0.00 0.00 0.00 0.00 0.00 0.00 0.00 0.00 0.00 0.00 0.00 0.00 0.00 0.00 0.00 0.00 0.00 0.00 0.00 0.00 0.00 0.00 0.00 1.39 4.06 6.99 10.41 12.43 13.62 14.11 16.03 5.65 1.96 1.35 0.21 0.79 0.00 0.00
1.10 2.04 0.00 0.73 1.02 0.00 0.00 0.00 0.15 0.15 0.00 0.29 0.00 0.00 0.00 0.00 0.00 1.02 0.15 0.44 0.88 0.00 0.00 0.00 0.00 0.00 0.00 0.00 0.00 0.00 0.00 0.00 0.00 0.00 0.00 0.00 0.00 0.00 0.00 0.00 0.29 0.00 0.00 0.00 0.00 0.00 0.00 0.00 0.00 0.00 0.00 0.00 0.00 0.00 0.00 0.00 0.00 0.00 0.00 0.00 0.00 0.00 0.00 0.00 0.00 0.00 0.00 0.00 1.47 3.32 5.60 8.55 12.94 12.73 13.48 14.73 0.89 0.12 1.70 1.01 1.27 0.00 0.00 0.00
2.34 2.19 1.75 0.00 0.00 0.00 0.00 0.00 0.00 0.00 0.80 0.00 0.00 0.00 0.00 0.00 0.00 0.00 0.00 0.00 0.00 0.00 0.00 0.00 0.00 0.00 0.00 0.00 0.00 0.00 0.00 0.00 0.00 0.00 0.00 0.00 0.00 0.00 0.00 0.00 0.00 0.00 0.00 0.00 0.00 0.00 0.00 0.00 0.00 0.00 0.00 0.00 0.00 0.00 0.00 0.00 0.00 0.00 0.00 0.00 0.00 0.00 0.00 0.00 0.00 0.07 1.24 1.97 1.75 4.67 4.67 6.77 12.23 11.03 10.38 3.04 0.89 0.75 0.73 0.32 0.66 0.00 0.00 0.00
3.43 4.16 3.14 0.00 0.00 0.00 0.00 0.00 0.00 0.00 0.00 0.00 0.00 0.00 0.00 0.00 0.00 0.00 0.00 0.00 0.00 0.00 0.00 0.00 0.00 0.00 0.00 0.44 0.00 0.00 0.00 0.00 0.00 0.00 0.00 0.00 0.00 0.00 0.00 0.00 0.00 0.00 0.00 0.00 0.00 0.00 0.00 0.00 0.00 0.00 0.00 0.00 0.00 0.00 0.00 0.00 0.00 0.00 0.00 0.00 0.00 0.00 0.00 0.00 0.00 0.73 0.00 2.04 2.85 3.94 4.23 6.50 8.65 12.59 7.66 7.18 0.11 1.23 0.62 0.00 0.62 0.00 0.00 0.00
5.26 5.26 4.02 0.00 0.00 0.00 0.00 0.00 0.00 0.00 0.00 0.00 0.00 0.00 0.00 0.00 0.00 0.00 0.00 0.00 0.00 0.00 0.00 0.00 0.00 0.00 0.00 1.02 0.00 0.00 0.00 0.00 0.00 0.00 0.00 0.00 0.00 0.00 0.00 0.00 0.00 0.00 0.00 0.00 0.00 0.00 0.00 0.00 0.00 0.00 0.00 0.00 0.00 0.00 0.00 0.00 0.00 0.00 0.00 0.00 0.00 0.00 0.00 0.66 1.17 1.75 1.97 2.56 2.85 2.70 3.43 6.93 4.68 2.43 6.96 5.36 0.70 0.69 0.99 0.00 0.25 0.00 0.00 0.00
4.02 5.62 4.23 0.00 0.00 0.00 0.00 0.00 0.00 0.00 0.00 0.00 0.00 0.00 0.00 0.00 0.00 0.00 0.00 0.00 0.00 0.00 0.00 0.00 0.00 0.00 0.00 0.00 0.00 0.00 0.00 0.00 0.00 0.00 0.29 0.29 0.00 0.00 0.00 0.00 0.00 0.00 0.00 0.00 0.00 0.00 0.00 0.00 0.00 0.00 0.00 0.00 0.00 0.00 0.00 0.00 0.00 0.00 0.00 0.00 0.00 0.29 0.88 0.58 1.31 1.10 2.04 2.26 2.41 2.99 3.07 3.21 2.27 1.24 0.48 0.61 0.44 0.63 0.00 0.00 0.00 0.00 0.00 0.00
2.48 0.00 0.00 0.00 0.00 0.00 0.00 0.00 0.00 0.00 0.00 0.00 0.00 0.00 0.00 0.00 0.00 0.00 0.00 0.00 0.00 0.00 0.00 0.00 0.00 0.00 0.00 0.00 0.00 0.00 0.00 0.00 0.00 0.00 0.00 0.00 0.00 0.00 0.00 0.00 0.00 0.00 0.00 0.00 0.00 0.29 0.58 0.00 0.00 0.37 0.00 0.00 0.00 0.00 0.00 0.00 0.00 0.58 1.53 1.31 1.31 0.88 0.58 0.66 1.46 2.04 1.46 1.97 1.61 2.04 2.19 3.45 2.38 0.60 0.00 0.00 0.00 0.00 0.00 0.00 0.00 0.00 0.00 0.00
2.48 0.00 0.00 0.00 0.00 0.00 0.00 0.00 0.00 0.00 0.00 0.00 0.00 0.00 0.00 0.00 0.00 0.00 0.00 0.00 0.00 0.00 0.00 0.00 0.00 0.00 0.00 0.00 0.00 0.00 0.00 0.00 0.00 0.00 0.00 0.00 0.00 0.00 0.00 0.00 0.00 0.00 0.00 0.00 0.00 0.29 0.58 0.00 0.00 0.37 0.00 0.00 0.00 0.00 0.00 0.00 0.00 0.58 1.53 1.31 1.31 0.88 0.58 0.66 1.46 2.04 1.46 1.97 1.61 2.04 2.19 3.43 2.35 0.59 0.00 0.00 0.00 0.00 0.00 0.00 0.00 0.00 0.00 0.00
0.00 0.00 0.00 0.00 0.00 0.00 0.00 0.00 0.00 0.00 0.00 0.00 0.00 0.00 0.00 0.00 0.00 0.00 0.00 0.00 0.00 0.00 0.00 0.00 0.00 0.00 0.00 0.00 0.00 0.00 0.00 0.00 0.00 0.00 0.00 0.00 0.00 0.00 0.00 0.00 0.00 0.00 0.00 0.00 0.00 0.00 0.00 1.46 0.29 0.00 0.07 0.00 0.22 0.44 0.66 0.07 0.58 0.80 1.17 0.66 0.66 0.66 0.07 1.46 0.88 1.68 1.02 1.02 0.51 1.31 0.37 0.00 0.00 0.07 0.00 0.00 0.00 0.00 0.00 0.00 0.00 0.00 0.00 0.00
