Wansh/Snow_depth/snowdepth-1995/winter/1995365.txt
ncols 321
nrows 161
xllcenter 60
yllcenter 15 
cellsize  0.25 
NODATA_value -1
[rows 0 to 36 of 161, columns 84 to 167 of 321]
2.12 1.83 2.77 5.33 4.60 5.55 5.77 3.72 2.56 2.12 4.16 4.02 4.31 5.33 4.67 5.26 5.40 5.11 5.11 4.96 4.67 4.53 2.70 0.80 0.95 0.00 0.07 0.00 0.00 0.44 0.44 0.00 0.00 0.00 0.00 0.00 0.00 0.00 0.00 0.00 0.00 0.00 0.00 0.00 0.00 0.00 0.00 0.00 0.00 0.00 0.00 0.00 4.16 5.11 4.89 4.82 6.79 4.02 0.00 0.00 0.00 0.00 0.00 0.00 0.00 0.00 0.00 0.00 0.00 3.72 3.72 3.50 3.50 5.33 4.53 5.11 5.40 5.40 4.53 5.26 3.80 4.96 4.60 2.56
3.58 5.26 4.74 5.48 5.18 5.99 4.09 4.16 3.80 5.55 5.18 5.77 5.77 4.96 4.45 4.31 4.67 5.18 5.18 5.11 4.53 4.45 4.38 2.26 0.00 0.00 0.00 0.00 0.00 0.07 0.00 0.00 0.00 0.00 0.00 0.00 0.00 0.00 0.00 0.00 0.00 0.00 0.00 0.00 0.00 0.00 0.00 0.00 3.94 2.99 4.38 3.87 3.65 2.77 2.77 3.87 3.43 4.02 5.91 0.00 0.00 0.00 0.00 0.00 0.00 0.00 0.00 0.00 0.00 0.00 0.00 5.40 5.69 5.91 4.45 5.04 6.79 5.91 4.96 5.18 4.74 4.45 3.72 3.87
6.42 5.33 4.38 4.45 3.72 4.31 3.58 5.84 5.99 5.69 5.48 5.40 4.82 3.87 3.94 3.43 3.14 3.29 3.29 2.04 2.77 2.63 3.21 2.63 2.70 0.00 0.00 0.00 0.07 0.00 0.00 0.00 0.00 0.00 0.00 0.00 0.00 0.00 0.00 0.00 0.00 0.00 0.00 0.00 0.00 0.00 0.00 0.00 3.58 3.65 3.43 2.70 3.14 2.63 2.99 3.94 5.62 7.30 0.00 5.26 0.00 0.00 0.00 6.28 4.96 0.00 0.00 0.00 0.00 0.00 0.00 7.52 6.94 6.86 7.74 7.52 7.23 6.57 7.45 5.04 4.67 4.74 4.31 4.82
6.42 5.33 4.38 4.45 3.72 4.31 3.58 5.84 5.99 5.69 5.48 5.40 4.82 3.87 3.94 3.43 3.14 3.29 3.29 2.04 2.77 2.63 3.21 2.63 2.70 0.00 0.00 0.00 0.07 0.00 0.00 0.00 0.00 0.00 0.00 0.00 0.00 0.00 0.00 0.00 0.00 0.00 0.00 0.00 0.00 0.00 0.00 0.00 3.58 3.65 3.43 2.70 3.14 2.63 2.99 3.94 5.62 7.30 0.00 5.26 0.00 0.00 0.00 6.28 4.96 0.00 0.00 0.00 0.00 0.00 0.00 7.52 6.94 6.86 7.74 7.52 7.23 6.57 7.45 5.04 4.67 4.74 4.31 4.82
5.55 3.29 3.50 4.02 4.02 3.50 5.04 4.89 4.82 4.96 4.74 5.26 5.26 4.67 3.21 3.72 2.85 0.80 0.80 1.10 0.88 2.56 2.41 2.04 0.73 0.00 0.00 0.00 0.00 0.00 0.00 0.15 0.15 0.00 0.00 0.00 0.00 0.00 0.00 0.00 1.24 1.68 4.31 4.31 3.43 0.00 0.00 7.30 6.06 6.35 3.80 3.43 2.41 2.48 2.85 2.19 4.16 4.82 5.55 6.28 7.01 8.54 7.59 8.18 6.42 7.74 8.61 6.86 6.86 7.66 5.91 8.32 7.45 6.94 7.66 7.37 8.25 7.96 7.66 5.48 4.82 4.60 4.74 4.38
4.96 3.50 5.04 4.45 5.62 4.23 3.94 3.72 3.43 3.94 5.48 4.96 6.28 4.89 5.18 4.38 3.36 4.60 4.60 2.70 0.07 0.44 0.44 0.66 0.80 0.00 0.00 0.00 0.00 0.00 0.00 0.00 0.00 0.00 0.00 0.00 0.00 0.00 0.00 0.00 0.00 0.00 0.00 0.00 4.96 0.00 8.98 8.10 6.20 3.50 2.12 2.19 1.75 2.92 2.99 3.36 4.31 5.04 4.96 4.67 6.64 9.05 13.14 11.61 9.78 10.73 8.25 7.66 7.66 6.06 8.83 9.78 7.52 8.61 7.23 6.72 5.62 6.06 5.91 5.69 5.48 7.59 6.64 5.62
5.99 5.62 5.48 5.91 5.84 5.11 4.82 4.60 4.16 4.67 4.16 4.89 5.04 6.86 6.13 6.13 5.91 3.94 3.94 4.31 2.19 1.75 0.00 0.00 0.00 0.00 0.00 0.00 0.00 0.00 0.00 0.00 0.00 0.00 0.00 0.00 0.00 0.00 0.00 0.00 0.00 0.00 0.00 0.00 0.00 0.00 2.85 4.02 2.92 2.99 1.68 1.46 1.90 1.61 2.85 3.94 5.69 4.67 4.53 9.42 11.17 10.37 14.02 13.80 11.02 10.22 9.05 9.05 9.05 6.42 9.20 10.44 10.80 12.63 10.00 8.18 8.76 7.30 5.18 6.28 7.01 6.94 7.23 6.72
5.99 5.62 5.48 5.91 5.84 5.11 4.82 4.60 4.16 4.67 4.16 4.89 5.04 6.86 6.13 6.13 5.91 3.94 3.94 4.31 2.19 1.75 0.00 0.00 0.00 0.00 0.00 0.00 0.00 0.00 0.00 0.00 0.00 0.00 0.00 0.00 0.00 0.00 0.00 0.00 0.00 0.00 0.00 0.00 0.00 0.00 2.85 4.02 2.92 2.99 1.68 1.46 1.90 1.61 2.85 3.94 5.69 4.67 4.53 9.42 11.17 10.37 14.02 13.80 11.02 10.22 9.05 9.05 9.05 6.42 9.20 10.44 10.80 12.63 10.00 8.18 8.76 7.30 5.18 6.28 7.01 6.94 7.23 6.72
5.91 5.69 5.84 5.11 6.86 5.48 4.67 4.96 5.11 4.53 5.18 5.62 2.99 5.69 5.04 6.72 5.55 5.04 5.04 5.40 3.36 0.22 0.58 0.00 0.00 0.00 0.00 0.00 0.00 0.00 0.00 0.00 0.00 0.00 0.00 0.00 0.00 0.00 0.00 0.00 0.00 0.00 0.00 0.00 0.00 1.83 1.39 2.70 2.19 1.83 1.39 2.48 1.68 4.60 3.80 3.58 4.09 5.33 5.26 6.42 10.00 5.26 8.03 7.52 8.18 10.00 7.88 8.69 8.69 8.54 11.02 12.56 13.72 12.34 12.05 10.29 9.64 8.40 9.13 8.32 8.25 5.40 6.64 6.42
7.08 6.72 6.20 6.35 5.99 5.84 5.91 5.84 7.96 7.08 7.59 2.70 1.46 2.41 3.50 4.96 5.33 3.65 3.65 3.36 2.70 2.85 0.66 0.00 0.00 0.00 0.00 0.00 0.00 0.00 0.00 0.00 0.00 0.00 0.00 0.00 0.00 0.00 0.00 0.00 0.00 0.00 2.56 2.56 2.12 0.00 1.68 1.02 2.26 3.72 2.85 6.13 6.13 6.06 4.16 4.67 4.38 4.89 5.04 4.09 4.23 4.16 4.60 6.28 6.06 5.11 7.88 9.05 9.05 11.90 13.80 12.56 13.80 12.92 11.24 8.83 11.02 12.48 12.12 12.63 8.32 7.30 6.28 5.40
7.30 5.69 5.69 4.31 0.00 5.11 5.69 8.54 7.88 8.69 4.02 5.04 2.26 2.92 2.26 4.82 4.16 4.23 4.23 4.09 2.63 0.00 0.80 0.00 0.00 0.00 0.00 0.00 0.00 0.00 0.00 0.00 0.00 0.00 0.00 0.00 0.00 0.00 0.00 0.00 2.63 4.16 2.99 2.99 2.77 0.88 0.00 2.41 3.14 3.29 4.96 4.96 5.11 5.40 4.96 5.18 5.62 6.64 6.06 6.13 4.67 4.45 5.04 5.11 7.15 6.28 9.20 15.62 15.62 14.53 18.76 18.25 15.26 11.83 12.85 9.78 9.93 11.17 12.56 12.48 10.00 9.78 7.01 6.57
7.30 5.69 5.69 4.31 0.00 5.11 5.69 8.54 7.88 8.69 4.02 5.04 2.26 2.92 2.26 4.82 4.16 4.23 4.23 4.09 2.63 0.00 0.80 0.00 0.00 0.00 0.00 0.00 0.00 0.00 0.00 0.00 0.00 0.00 0.00 0.00 0.00 0.00 0.00 0.00 2.63 4.16 2.99 2.99 2.77 0.88 0.00 2.41 3.14 3.29 4.96 4.96 5.11 5.40 4.96 5.18 5.62 6.64 6.06 6.13 4.67 4.45 5.04 5.11 7.15 6.28 9.20 15.62 15.62 14.53 18.76 18.25 15.26 11.83 12.85 9.78 9.93 11.17 12.56 12.48 10.00 9.78 7.01 6.57
6.64 5.40 0.00 0.00 0.00 5.99 7.45 7.15 6.35 5.40 5.33 4.60 3.65 3.50 3.65 0.00 0.00 0.00 0.00 0.00 0.00 0.00 0.00 0.00 0.00 0.00 0.00 0.00 0.00 0.00 0.00 0.00 0.00 0.00 0.00 0.00 0.00 3.94 4.31 3.50 5.91 5.48 4.31 4.31 2.70 2.63 3.07 2.77 2.99 3.14 3.29 2.77 3.29 4.02 4.02 4.74 7.08 9.42 8.69 8.25 6.64 5.84 6.06 5.48 8.54 11.17 14.97 13.87 13.87 18.25 18.61 19.13 16.72 13.80 8.83 9.86 9.42 9.93 10.44 12.12 10.80 11.39 11.17 11.10
0.00 0.00 0.00 0.00 0.00 0.00 6.72 6.13 6.50 5.18 3.87 3.94 0.00 0.00 0.00 0.00 0.00 0.00 0.00 0.00 0.00 0.00 0.00 0.00 0.00 0.00 0.00 0.00 0.00 5.11 5.48 4.38 6.86 4.09 4.67 4.16 5.40 4.96 4.16 3.43 4.09 4.38 3.65 3.65 3.65 2.04 3.07 3.36 2.12 1.97 2.12 2.34 2.12 1.90 1.83 4.53 4.38 5.99 5.33 6.50 7.81 9.13 10.00 10.59 10.29 11.02 14.60 17.30 17.30 17.67 19.20 17.16 17.67 14.16 11.53 8.91 8.10 8.10 7.74 10.29 3.50 7.37 8.61 8.91
3.43 0.00 0.00 0.00 4.67 4.67 3.58 3.58 0.00 0.00 3.43 0.00 3.50 0.00 0.00 0.00 0.00 0.00 0.00 0.00 0.00 0.00 0.00 0.00 0.00 0.00 0.00 3.36 4.82 7.08 8.69 8.10 7.52 7.74 5.62 5.04 3.94 4.09 2.48 2.04 2.26 2.77 3.36 3.36 4.16 2.85 3.80 3.43 2.77 3.21 3.58 2.48 2.85 1.46 2.92 2.92 2.99 3.72 4.02 4.74 4.09 6.35 8.91 7.23 9.56 12.85 11.75 14.97 14.97 14.89 15.77 14.45 14.45 8.69 9.13 8.54 6.42 3.36 0.00 0.22 0.00 5.40 6.86 9.56
2.04 2.56 3.07 4.53 4.23 0.00 2.99 0.00 0.00 0.00 3.21 3.36 2.70 0.00 0.00 0.00 0.00 0.00 0.00 0.00 0.00 0.00 0.00 4.02 4.02 4.89 0.00 3.29 5.48 4.82 7.08 8.98 9.05 7.45 4.60 3.14 2.70 2.19 3.94 3.43 3.43 4.02 3.29 3.29 5.48 5.33 5.48 4.53 3.58 4.74 3.87 3.80 5.91 5.26 5.69 5.18 5.91 4.53 3.14 3.21 3.21 4.96 5.11 6.20 7.81 10.44 13.72 14.53 14.53 14.09 15.33 11.53 8.61 8.61 8.32 8.76 0.00 0.00 0.00 0.66 5.62 4.31 6.06 6.79
2.04 2.56 3.07 4.53 4.23 0.00 2.99 0.00 0.00 0.00 3.21 3.36 2.70 0.00 0.00 0.00 0.00 0.00 0.00 0.00 0.00 0.00 0.00 4.02 4.02 4.89 0.00 3.29 5.48 4.82 7.08 8.98 9.05 7.45 4.60 3.14 2.70 2.19 3.94 3.43 3.43 4.02 3.29 3.29 5.48 5.33 5.48 4.53 3.58 4.74 3.87 3.80 5.91 5.26 5.69 5.18 5.91 4.53 3.14 3.21 3.21 4.96 5.11 6.20 7.81 10.44 13.72 14.53 14.53 14.09 15.33 11.53 8.61 8.61 8.32 8.76 0.00 0.00 0.00 0.66 5.62 4.31 6.06 6.79
0.00 2.99 2.99 2.92 0.00 0.00 0.00 0.00 0.00 0.00 2.34 4.38 7.45 5.11 7.30 5.33 0.00 0.00 0.00 2.48 0.00 0.00 0.00 0.00 0.00 5.55 2.85 3.43 3.14 4.02 6.06 9.78 11.24 11.46 2.92 3.72 2.77 3.43 3.58 4.74 4.38 5.11 5.26 5.26 5.77 5.77 4.45 3.07 4.23 3.72 4.96 4.82 6.42 6.86 6.50 7.59 6.72 4.09 2.99 9.05 7.96 7.52 8.03 6.13 7.59 8.69 11.39 15.40 15.40 15.62 15.84 12.19 8.83 8.83 7.45 5.69 0.00 0.00 0.00 0.00 3.65 2.12 4.38 3.87
2.41 0.00 2.70 0.00 0.00 0.00 0.00 0.00 0.00 2.99 5.33 4.96 7.74 9.20 6.50 7.15 6.50 5.40 5.40 6.20 4.02 4.60 0.00 0.00 4.09 6.50 6.57 3.94 3.58 4.96 8.32 10.73 12.63 8.61 6.72 5.18 2.70 3.72 3.58 1.83 3.80 5.62 5.40 5.40 6.20 3.43 2.12 1.39 0.00 1.97 2.99 2.41 5.91 4.82 5.11 5.91 6.94 7.96 8.47 10.22 12.34 11.17 11.39 8.91 9.27 7.52 11.24 18.25 18.25 16.06 17.37 10.00 7.23 7.96 6.42 4.74 0.00 0.00 0.29 0.00 0.66 0.88 2.56 2.34
0.00 0.00 1.10 0.00 0.00 0.00 0.00 0.00 2.19 0.00 4.60 6.72 7.15 7.96 8.03 6.79 7.08 6.86 6.86 7.37 5.84 2.85 4.53 3.58 2.48 5.99 7.96 5.62 3.94 3.65 2.99 4.67 9.42 6.20 6.42 3.43 3.07 1.10 0.00 0.15 1.17 1.24 3.80 3.80 4.16 3.58 1.24 0.44 0.00 0.22 1.75 2.48 3.65 3.58 4.67 7.37 7.37 10.00 9.34 9.64 11.83 11.75 12.63 8.54 10.29 14.45 13.29 17.08 17.08 11.61 8.32 6.42 4.38 1.61 1.17 1.46 0.15 0.00 0.22 0.66 0.66 0.80 0.29 1.90
0.00 0.00 0.00 0.00 0.00 0.00 0.00 2.63 0.00 5.04 5.91 5.91 6.20 7.15 6.42 6.64 6.57 7.74 7.74 10.22 10.73 10.07 7.01 4.53 9.20 9.64 7.88 7.74 3.29 3.94 1.31 1.10 3.36 7.30 4.96 3.29 0.73 0.00 0.00 0.00 0.37 1.39 3.07 3.07 2.70 1.31 2.19 1.75 0.66 0.66 0.95 1.68 3.65 6.64 5.69 9.49 8.69 10.51 8.76 8.47 7.45 8.03 7.01 6.57 10.22 13.43 13.14 15.26 15.26 8.10 6.86 4.53 0.80 0.73 0.00 0.00 0.00 0.00 0.00 0.44 0.00 0.00 0.15 0.88
0.00 0.00 0.00 0.00 0.00 0.00 0.00 3.50 5.33 5.11 5.26 5.69 5.91 7.37 7.96 8.32 8.83 10.37 10.37 10.22 12.85 14.45 15.04 12.34 12.99 11.39 14.38 11.75 9.71 8.18 5.33 1.68 2.19 2.85 1.46 1.68 0.22 0.00 0.00 0.00 0.00 0.00 1.83 1.83 2.19 3.21 1.75 1.46 1.53 1.68 1.75 1.31 3.07 5.91 6.35 7.37 12.12 10.80 9.93 5.11 4.74 5.11 5.33 5.11 8.03 10.95 5.11 9.64 9.64 2.85 1.39 2.19 0.73 1.10 0.00 0.00 0.00 0.00 0.00 0.00 0.00 0.00 0.15 0.00
0.00 0.00 0.00 0.00 0.00 0.00 0.00 3.50 5.33 5.11 5.26 5.69 5.91 7.37 7.96 8.32 8.83 10.37 10.37 10.22 12.85 14.45 15.04 12.34 12.99 11.39 14.38 11.75 9.71 8.18 5.33 1.68 2.19 2.85 1.46 1.68 0.22 0.00 0.00 0.00 0.00 0.00 1.83 1.83 2.19 3.21 1.75 1.46 1.53 1.68 1.75 1.31 3.07 5.91 6.35 7.37 12.12 10.80 9.93 5.11 4.74 5.11 5.33 5.11 8.03 10.95 5.11 9.64 9.64 2.85 1.39 2.19 0.73 1.10 0.00 0.00 0.00 0.00 0.00 0.00 0.00 0.00 0.15 0.00
0.00 0.00 0.58 1.97 1.83 3.65 6.57 4.16 5.48 5.84 4.02 4.23 4.23 7.30 8.98 8.76 8.69 9.71 9.71 9.86 13.07 12.19 15.11 15.91 16.21 16.43 16.06 14.09 11.02 9.05 0.29 3.58 1.68 1.17 0.00 0.00 0.00 0.00 0.00 0.00 0.22 0.00 0.07 0.07 1.90 0.00 0.00 0.00 0.00 0.00 0.00 2.48 1.53 4.82 5.91 7.81 7.45 9.05 3.80 3.43 5.04 5.91 6.42 7.74 7.66 7.52 5.40 3.36 3.36 3.50 4.38 1.75 2.26 0.00 0.00 0.00 0.00 0.00 0.00 0.00 0.00 0.00 0.00 0.00
0.00 0.00 0.58 1.75 3.58 2.92 6.79 7.59 6.72 7.30 4.74 4.53 5.69 5.18 7.01 8.91 10.37 9.93 9.93 9.93 10.66 11.83 13.36 14.30 14.67 17.18 15.93 15.91 11.53 5.48 9.56 5.40 2.85 0.95 0.51 0.00 0.00 0.00 0.80 0.51 0.73 0.00 0.00 0.00 0.00 0.00 0.00 0.00 0.00 0.00 0.00 0.00 0.00 2.99 2.04 1.68 0.00 2.63 3.87 5.69 5.18 6.94 6.86 8.40 8.40 9.64 7.74 5.62 5.62 5.84 4.89 3.80 3.07 0.66 0.22 0.00 0.00 0.00 0.00 0.00 0.00 0.00 0.00 0.00
1.46 1.68 1.68 2.70 4.31 5.55 5.26 6.57 7.08 0.00 0.00 0.00 2.92 3.21 6.64 5.69 9.34 10.22 10.22 8.98 11.75 14.31 13.72 15.45 16.50 17.88 17.88 18.59 17.23 11.90 12.99 7.23 3.50 4.74 2.12 0.00 0.00 0.00 0.07 0.73 0.07 0.00 0.00 0.00 0.00 0.00 0.29 0.00 0.00 0.00 0.00 0.00 0.00 0.00 0.00 0.00 0.00 0.00 4.45 7.08 8.83 6.86 7.66 7.52 7.59 9.13 8.40 4.31 4.31 4.09 3.29 3.43 2.34 0.22 0.22 0.58 0.22 0.00 0.00 0.29 0.00 0.00 0.00 0.00
3.94 3.80 3.36 3.07 2.92 2.99 2.85 2.04 0.00 0.51 0.00 0.00 0.00 0.88 1.75 1.10 4.74 6.72 6.72 2.85 3.65 5.78 10.76 13.40 15.13 17.47 17.69 19.69 21.37 14.00 14.45 10.51 7.81 3.80 6.28 2.34 3.58 0.66 0.00 0.73 0.00 0.00 0.29 0.29 0.00 0.00 0.00 0.00 0.00 0.00 0.00 0.00 0.00 0.00 0.00 0.00 0.00 0.00 0.00 5.99 9.27 11.17 11.39 7.52 9.13 9.64 8.10 7.15 7.15 4.09 6.79 2.77 1.17 1.97 0.00 1.02 0.80 0.73 0.44 0.00 0.00 0.00 0.07 0.00
3.65 3.87 3.94 3.72 2.56 2.12 2.04 1.53 0.00 0.00 0.00 0.00 0.00 0.00 0.00 1.90 1.39 0.00 0.00 1.07 0.00 0.00 0.00 8.91 5.85 14.89 12.27 22.22 17.68 17.99 17.97 15.70 13.36 15.62 10.80 7.15 3.87 2.26 1.02 1.02 0.00 0.00 0.00 0.00 0.00 0.00 0.00 0.00 0.00 0.00 0.00 0.00 0.00 0.00 0.00 0.00 0.00 0.00 0.00 4.67 5.48 10.44 11.90 11.32 10.59 13.58 12.26 11.02 11.02 11.68 8.83 4.96 3.07 2.12 2.04 1.83 0.95 1.24 0.95 1.10 1.17 1.02 0.07 0.00
3.65 3.87 3.94 3.72 2.56 2.12 2.04 1.53 0.00 0.00 0.00 0.00 0.00 0.00 0.00 1.90 1.39 0.00 0.00 1.10 0.00 0.00 0.00 9.13 5.77 14.89 11.90 20.65 16.52 18.27 18.16 16.35 15.01 16.53 11.08 7.15 3.87 2.26 1.02 1.02 0.00 0.00 0.00 0.00 0.00 0.00 0.00 0.00 0.00 0.00 0.00 0.00 0.00 0.00 0.00 0.00 0.00 0.00 0.00 4.67 5.48 10.44 11.90 11.32 10.59 13.58 12.26 11.02 11.02 11.68 8.83 4.96 3.07 2.12 2.04 1.83 0.95 1.24 0.95 1.10 1.17 1.02 0.07 0.00
5.18 4.89 5.91 3.36 3.07 1.46 1.24 0.66 0.00 0.37 0.00 0.00 0.00 0.00 0.00 0.00 1.68 0.44 0.44 0.00 0.00 0.00 0.00 0.00 0.00 1.33 8.92 5.21 12.12 17.02 18.29 17.93 15.70 18.70 17.54 12.25 13.94 6.13 1.31 0.00 0.00 0.00 0.00 0.00 0.00 0.00 0.00 0.00 0.00 0.00 0.00 0.00 0.00 0.00 0.00 0.00 0.00 0.00 0.00 2.85 6.79 5.48 11.97 11.68 12.99 12.48 15.62 13.51 13.51 11.83 8.69 6.28 3.80 3.29 2.63 2.99 1.46 1.53 1.02 1.46 0.95 0.29 0.44 1.02
6.06 0.00 7.01 5.18 2.77 0.88 0.95 1.17 2.04 0.37 0.95 0.00 2.26 0.00 0.00 3.43 5.11 4.89 4.89 4.11 0.00 0.00 0.00 0.00 0.00 0.00 0.00 0.00 5.21 0.00 7.01 9.64 8.76 16.13 19.25 18.70 17.79 9.76 9.71 1.83 2.26 0.07 2.04 2.04 0.00 0.00 0.00 0.22 1.17 0.00 0.00 0.00 0.00 0.00 0.00 0.00 0.00 0.00 0.00 0.00 0.00 2.63 9.20 7.23 13.80 12.78 10.51 10.95 10.95 9.86 8.91 2.85 3.43 4.02 4.82 3.50 1.31 2.19 1.02 1.24 1.39 2.56 1.53 1.83
0.00 6.94 6.42 7.01 3.87 2.19 2.85 2.63 3.87 3.50 4.31 2.12 1.61 1.75 1.02 3.14 4.89 4.89 4.89 3.87 1.90 2.56 0.00 0.00 0.00 0.00 0.00 0.00 0.00 0.00 0.00 8.10 7.01 10.66 15.75 14.00 16.77 13.65 14.24 7.08 2.12 8.76 4.82 4.82 0.80 0.22 0.00 0.00 0.80 0.00 0.00 0.00 0.00 0.00 0.00 0.00 0.00 0.00 0.00 0.00 0.00 1.24 5.84 10.00 8.10 7.81 8.32 3.36 3.36 3.65 2.85 3.21 2.19 3.29 3.58 2.92 2.92 2.41 0.95 1.61 1.46 3.14 2.34 3.65
0.00 5.40 6.79 6.86 5.11 5.77 5.62 7.37 8.69 6.86 7.81 5.18 3.94 5.55 3.80 4.82 3.07 1.39 1.39 1.97 2.85 2.41 2.12 0.00 0.00 0.00 0.00 0.00 0.00 0.00 0.00 0.00 4.45 6.94 10.44 11.97 16.30 16.79 16.24 12.54 8.47 9.78 6.06 6.06 2.70 0.37 0.88 0.00 0.58 1.31 0.00 0.00 0.00 0.00 0.00 0.00 0.00 0.00 0.00 0.00 0.00 0.00 0.00 4.96 4.31 4.53 0.00 0.00 0.00 0.00 0.00 0.00 0.00 0.00 0.00 3.87 3.65 2.56 2.34 2.04 3.72 3.36 3.80 5.40
0.00 0.00 0.00 4.96 5.04 6.35 7.23 7.08 7.96 8.61 8.10 7.96 5.62 6.28 4.02 4.16 3.07 1.83 1.83 0.15 0.95 0.00 0.00 1.83 0.00 0.00 0.00 0.00 0.00 5.33 5.77 4.96 0.00 3.80 5.18 8.10 11.68 7.74 15.86 11.16 9.32 7.01 6.42 6.42 4.89 2.12 2.85 1.10 1.24 0.95 1.90 0.37 0.58 0.00 0.00 0.00 0.00 0.00 0.00 0.88 1.75 2.19 1.97 0.00 0.00 0.00 0.00 0.00 0.00 0.00 0.00 0.00 0.00 2.41 1.83 2.34 2.26 3.43 1.90 1.39 1.97 3.14 3.07 4.96
0.00 0.00 2.56 5.55 5.11 7.08 9.13 9.64 6.14 5.11 4.60 6.57 6.72 5.04 2.70 1.75 0.51 0.00 0.00 0.00 0.00 0.00 0.00 1.61 0.00 0.00 0.00 5.62 6.74 7.87 7.19 8.88 4.82 4.60 4.23 4.60 6.13 3.54 10.07 7.08 7.30 3.87 4.74 4.74 4.89 3.58 2.19 2.12 1.83 2.34 0.95 0.07 0.95 0.51 0.00 0.00 0.00 0.00 0.00 0.00 0.73 1.61 1.17 0.00 0.00 0.00 0.00 0.00 0.00 0.00 0.00 0.00 0.00 0.00 0.00 1.46 0.00 0.00 0.00 0.88 0.00 2.26 1.02 2.63
0.00 0.00 2.56 5.55 5.11 7.08 9.13 9.64 5.99 5.11 4.60 6.57 6.72 5.04 2.70 1.75 0.51 0.00 0.00 0.00 0.00 0.00 0.00 1.61 0.00 0.00 0.00 5.62 6.64 7.59 6.94 8.83 4.67 4.60 4.26 4.62 6.13 3.52 10.18 7.08 7.23 3.87 4.74 4.74 4.89 3.58 2.19 2.12 1.83 2.34 0.95 0.07 0.95 0.51 0.00 0.00 0.00 0.00 0.00 0.00 0.73 1.61 1.17 0.00 0.00 0.00 0.00 0.00 0.00 0.00 0.00 0.00 0.00 0.00 0.00 1.46 0.00 0.00 0.00 0.88 0.00 2.26 1.02 2.63
6.20 1.10 0.00 0.00 0.00 8.47 11.97 12.45 9.26 4.74 4.60 3.43 2.48 2.12 1.24 0.80 1.10 0.00 0.00 0.07 0.00 0.00 0.00 0.00 0.00 0.00 0.00 4.16 7.52 8.91 9.05 8.47 7.59 4.23 2.77 0.00 2.19 2.34 4.55 2.85 1.68 1.46 2.41 2.41 2.70 1.83 1.68 2.63 2.41 2.41 1.68 1.46 0.80 1.39 0.00 1.24 0.00 0.00 0.00 0.00 0.00 0.73 0.00 0.00 0.00 0.00 0.00 0.00 0.00 0.00 0.00 0.00 0.00 0.00 0.00 0.00 0.00 0.00 0.00 0.00 0.00 0.00 0.00 0.00
