Wansh/Snow_depth/snowdepth-1995/winter/1995340.txt
ncols 321
nrows 161
xllcenter 60
yllcenter 15 
cellsize  0.25 
NODATA_value -1
[rows 0 to 36 of 161, columns 84 to 167 of 321]
0.00 0.00 0.00 0.00 0.00 0.00 0.00 0.00 0.00 0.00 0.00 0.00 0.00 0.00 0.00 0.00 0.00 0.00 0.00 1.68 0.00 1.61 1.31 1.46 1.31 1.53 1.24 1.83 1.75 0.88 0.73 0.37 0.73 0.00 0.00 0.00 0.22 0.22 0.00 0.00 0.22 0.07 0.22 0.22 0.00 0.00 0.00 0.00 0.66 1.83 1.24 1.46 1.39 1.39 1.17 2.77 0.88 0.58 0.37 0.58 0.58 0.37 0.00 0.00 0.00 0.22 0.37 0.29 0.29 0.58 1.02 0.95 0.73 0.51 0.51 0.95 0.95 0.95 1.02 1.24 0.07 0.66 0.00 0.00
0.00 0.00 0.00 0.00 0.00 0.00 0.00 0.00 0.00 0.00 0.00 0.00 0.00 0.00 0.00 0.00 0.00 1.10 1.10 1.10 0.58 0.29 0.00 1.17 1.46 0.73 1.31 3.87 3.87 2.48 1.10 1.10 0.00 0.22 0.00 0.00 0.00 0.00 0.15 0.00 0.00 0.00 0.00 0.00 1.31 0.00 0.00 0.00 0.22 1.31 0.29 0.00 1.24 0.95 1.02 1.02 1.24 0.95 3.65 1.53 1.17 0.58 1.24 0.95 0.51 2.04 2.19 2.12 2.12 1.83 1.68 1.46 1.68 1.24 1.10 2.04 1.68 1.90 1.39 1.53 1.46 1.24 0.22 0.22
0.00 0.00 0.00 0.00 0.00 0.00 0.00 0.00 0.00 0.00 0.00 0.00 0.00 0.00 0.00 0.00 0.00 0.66 0.66 0.37 0.37 0.22 0.73 0.58 0.37 0.66 0.44 2.48 4.02 4.16 1.31 1.90 0.95 1.24 0.44 0.00 0.00 0.29 1.46 1.61 1.17 0.00 0.00 0.00 1.53 2.26 2.63 3.58 1.83 0.51 0.95 1.24 1.17 1.31 1.31 3.80 4.67 3.94 4.31 4.60 2.12 1.46 4.74 3.65 3.07 3.36 2.92 2.92 2.92 3.58 2.85 2.99 0.80 0.00 1.61 1.90 1.83 1.75 1.39 1.02 1.10 1.46 1.24 1.61
0.00 0.00 0.00 0.00 0.00 0.00 0.00 0.00 0.00 0.00 0.00 0.00 0.00 0.00 0.00 0.00 0.00 0.66 0.66 0.37 0.37 0.22 0.73 0.58 0.37 0.66 0.44 2.48 4.02 4.16 1.31 1.90 0.95 1.24 0.44 0.00 0.00 0.29 1.46 1.61 1.17 0.00 0.00 0.00 1.53 2.26 2.63 3.58 1.83 0.51 0.95 1.24 1.17 1.31 1.31 3.80 4.67 3.94 4.31 4.60 2.12 1.46 4.74 3.65 3.07 3.36 2.92 2.92 2.92 3.58 2.85 2.99 0.80 0.00 1.61 1.90 1.83 1.75 1.39 1.02 1.10 1.46 1.24 1.61
0.00 0.00 0.00 0.00 0.00 0.00 0.00 0.00 0.00 0.00 0.00 0.00 0.00 0.00 0.00 0.00 0.00 0.00 0.00 0.00 1.24 0.88 0.88 1.24 0.95 1.02 0.66 2.34 2.77 5.33 2.85 3.87 1.97 2.04 1.53 1.53 1.46 0.73 0.44 2.19 2.70 0.58 1.83 1.83 1.97 2.77 3.36 3.14 1.31 1.02 0.66 0.51 0.44 1.68 1.02 3.72 3.58 3.80 5.55 4.53 6.57 4.67 5.77 4.67 7.23 5.69 5.48 5.84 5.84 4.23 4.31 3.14 2.99 2.26 2.34 2.34 2.41 2.70 2.56 2.48 1.68 1.90 1.10 1.61
0.00 0.00 0.00 0.00 0.00 0.00 0.00 0.00 0.00 0.00 0.00 0.00 0.00 0.00 0.00 0.00 0.00 0.00 0.00 0.00 0.00 1.39 1.68 1.68 1.31 0.73 1.31 1.53 3.07 3.50 3.50 3.50 3.21 3.58 1.68 1.68 1.61 1.68 1.61 1.83 2.99 2.70 3.94 3.94 3.43 4.02 4.02 3.36 1.68 0.73 0.95 0.00 0.66 1.68 1.68 2.63 2.19 2.77 4.67 5.91 6.50 8.69 9.42 9.13 9.42 6.94 6.86 4.82 4.82 4.23 4.38 3.50 2.63 2.92 1.90 2.48 2.63 2.56 2.92 2.99 3.21 2.70 2.48 2.48
0.00 0.00 0.00 0.00 0.00 0.00 0.00 0.00 0.00 0.00 0.51 0.00 0.00 0.00 0.00 0.00 0.00 0.00 0.00 0.00 0.00 1.02 1.10 1.75 1.97 2.12 2.04 1.97 1.68 2.92 3.14 2.92 2.70 2.41 2.12 1.31 1.46 1.17 2.19 3.29 2.48 4.09 3.87 3.87 3.58 3.29 3.65 1.97 1.68 1.24 2.04 2.26 2.04 2.04 2.12 3.50 3.50 4.74 4.23 4.74 4.53 9.13 11.32 10.00 8.76 8.03 8.10 5.99 5.99 6.35 5.40 4.74 6.28 4.82 5.55 3.94 3.36 4.38 2.77 2.70 2.77 3.50 2.04 2.48
0.00 0.00 0.00 0.00 0.00 0.00 0.00 0.00 0.00 0.00 0.51 0.00 0.00 0.00 0.00 0.00 0.00 0.00 0.00 0.00 0.00 1.02 1.10 1.75 1.97 2.12 2.04 1.97 1.68 2.92 3.14 2.92 2.70 2.41 2.12 1.31 1.46 1.17 2.19 3.29 2.48 4.09 3.87 3.87 3.58 3.29 3.65 1.97 1.68 1.24 2.04 2.26 2.04 2.04 2.12 3.50 3.50 4.74 4.23 4.74 4.53 9.13 11.32 10.00 8.76 8.03 8.10 5.99 5.99 6.35 5.40 4.74 6.28 4.82 5.55 3.94 3.36 4.38 2.77 2.70 2.77 3.50 2.04 2.48
0.00 0.00 0.00 0.00 0.00 0.00 0.00 0.00 0.00 0.00 1.97 2.19 1.10 0.00 0.00 0.00 0.00 0.00 0.00 0.00 2.34 0.00 1.61 2.48 2.41 2.99 2.70 2.04 2.34 2.63 2.48 2.34 2.99 2.41 2.41 2.70 1.17 1.31 2.19 1.75 1.31 2.56 2.12 2.12 1.83 2.70 1.39 2.12 2.04 2.04 2.34 2.41 4.38 2.19 3.07 2.77 3.21 3.29 4.74 3.50 5.33 6.20 5.84 7.52 8.54 5.40 6.57 6.64 6.64 6.72 6.50 6.57 7.37 8.25 7.15 5.04 6.13 4.74 3.72 5.04 1.75 2.85 1.97 1.97
0.00 0.00 0.00 0.00 0.00 0.00 0.00 0.00 0.00 0.00 2.12 0.22 0.37 1.10 0.00 1.02 0.58 0.29 0.29 0.58 1.17 2.77 1.75 1.53 2.19 3.07 3.21 2.12 2.04 1.97 2.12 1.83 2.04 1.46 2.19 2.77 1.97 2.48 1.17 0.80 1.68 1.10 0.00 0.00 1.61 0.88 0.00 2.04 0.58 3.07 2.99 5.26 4.82 3.50 2.92 3.50 3.50 3.58 3.72 3.21 3.43 3.50 2.70 2.48 2.48 3.65 5.48 8.32 8.32 7.59 7.74 8.76 8.69 8.25 7.81 6.57 7.88 8.47 8.54 6.13 4.16 2.99 1.68 2.12
0.00 0.00 0.00 0.00 0.00 0.00 0.00 0.00 0.00 0.00 1.24 1.75 0.00 0.44 0.15 0.00 1.02 0.15 0.15 0.00 2.85 2.85 1.83 0.73 0.66 1.24 2.34 2.04 1.97 2.04 1.90 1.75 1.83 1.75 1.83 1.97 2.04 2.26 2.26 1.83 2.04 2.34 0.22 0.22 1.31 2.85 1.61 2.92 3.50 4.09 4.38 4.23 4.74 3.87 3.87 4.02 3.80 4.45 3.80 3.50 4.96 3.72 2.77 2.70 2.41 9.05 8.03 10.88 10.88 11.32 10.44 10.44 10.66 10.73 9.42 7.37 7.52 8.40 7.52 6.06 6.35 3.80 3.58 4.67
0.00 0.00 0.00 0.00 0.00 0.00 0.00 0.00 0.00 0.00 1.24 1.75 0.00 0.44 0.15 0.00 1.02 0.15 0.15 0.00 2.85 2.85 1.83 0.73 0.66 1.24 2.34 2.04 1.97 2.04 1.90 1.75 1.83 1.75 1.83 1.97 2.04 2.26 2.26 1.83 2.04 2.34 0.22 0.22 1.31 2.85 1.61 2.92 3.50 4.09 4.38 4.23 4.74 3.87 3.87 4.02 3.80 4.45 3.80 3.50 4.96 3.72 2.77 2.70 2.41 9.05 8.03 10.88 10.88 11.32 10.44 10.44 10.66 10.73 9.42 7.37 7.52 8.40 7.52 6.06 6.35 3.80 3.58 4.67
0.00 0.00 0.00 0.00 0.00 0.00 0.00 0.00 0.00 0.00 2.26 0.66 0.88 0.88 0.80 0.80 0.00 0.00 0.00 0.00 0.00 2.48 0.80 1.17 0.58 1.31 1.24 1.17 2.12 1.68 3.21 3.14 2.85 2.04 2.04 2.48 2.56 2.77 3.43 2.34 2.34 3.29 3.29 3.29 3.07 2.92 2.41 2.85 2.99 2.26 2.34 2.99 3.14 3.14 4.16 3.36 5.18 6.06 6.06 5.40 5.62 4.38 3.36 4.60 6.42 7.96 7.01 10.59 10.59 12.56 15.04 15.18 12.56 8.32 9.56 8.18 6.57 6.64 8.54 7.37 8.10 8.98 8.61 6.72
0.00 0.00 0.00 0.00 0.00 0.00 0.00 0.00 0.00 0.00 0.00 0.00 2.19 0.00 1.83 0.00 0.00 0.00 0.00 0.00 0.00 0.00 0.00 1.75 1.53 1.90 0.73 1.68 3.21 5.18 4.53 3.65 6.57 4.16 2.19 3.72 4.45 5.26 4.23 3.50 3.94 2.77 2.77 2.77 0.80 1.24 2.92 1.31 1.46 1.10 2.19 2.41 2.48 1.68 2.34 1.97 3.80 5.99 4.02 4.38 4.89 5.91 5.69 5.69 5.84 8.47 10.73 12.19 12.19 11.97 14.97 15.11 12.56 8.32 7.45 5.91 6.72 6.13 6.72 0.00 3.94 6.13 6.64 4.53
0.00 0.00 0.00 0.00 0.00 0.00 0.00 0.00 0.00 0.00 0.00 2.26 0.00 2.41 0.00 0.00 0.00 0.00 0.00 0.00 0.00 0.00 0.00 3.43 1.75 2.99 1.97 3.72 3.36 4.53 7.74 8.03 9.05 5.84 6.13 3.72 3.50 2.99 3.21 2.77 0.88 0.73 0.58 0.58 0.73 1.83 0.00 0.66 0.95 2.41 1.53 2.04 1.39 1.02 2.41 2.19 2.77 2.48 2.48 2.77 4.31 5.62 4.53 6.28 7.15 6.64 9.78 9.86 9.86 11.61 13.94 9.27 9.64 7.74 6.28 5.62 3.58 0.00 0.00 0.00 0.00 1.31 4.60 4.38
0.00 0.00 0.00 0.00 0.00 0.00 0.00 0.00 0.00 2.34 0.00 2.63 2.48 2.41 1.75 1.53 2.48 0.00 0.00 1.83 0.73 1.68 1.24 4.45 3.72 3.72 2.77 2.63 4.60 7.52 8.10 10.29 10.37 8.25 6.94 3.14 1.46 0.95 0.37 0.00 1.75 2.04 2.63 2.63 2.99 2.19 0.95 3.07 1.31 2.04 2.34 0.95 1.02 2.85 2.70 4.16 2.85 2.63 2.56 2.34 1.97 2.92 3.29 4.23 6.20 8.25 7.74 9.34 9.34 10.51 11.17 8.32 9.13 6.06 6.28 6.64 5.33 0.00 0.00 0.00 0.00 0.00 3.87 5.26
0.00 0.00 0.00 0.00 0.00 0.00 0.00 0.00 0.00 2.34 0.00 2.63 2.48 2.41 1.75 1.53 2.48 0.00 0.00 1.83 0.73 1.68 1.24 4.45 3.72 3.72 2.77 2.63 4.60 7.52 8.10 10.29 10.37 8.25 6.94 3.14 1.46 0.95 0.37 0.00 1.75 2.04 2.63 2.63 2.99 2.19 0.95 3.07 1.31 2.04 2.34 0.95 1.02 2.85 2.70 4.16 2.85 2.63 2.56 2.34 1.97 2.92 3.29 4.23 6.20 8.25 7.74 9.34 9.34 10.51 11.17 8.32 9.13 6.06 6.28 6.64 5.33 0.00 0.00 0.00 0.00 0.00 3.87 5.26
0.00 0.00 0.00 0.00 0.00 0.00 0.00 0.00 1.97 1.90 3.14 4.16 4.23 4.53 2.70 2.92 3.43 1.90 1.90 1.24 1.46 0.58 1.17 3.14 5.69 6.06 3.21 2.77 2.85 4.67 4.89 7.74 9.49 7.66 6.79 2.70 1.97 2.26 2.41 2.85 2.34 2.48 2.26 2.26 4.74 0.15 0.00 0.00 0.73 0.58 0.00 0.80 2.19 3.21 2.99 3.07 3.58 2.34 1.97 3.50 3.87 3.72 3.87 5.84 5.33 6.72 8.69 12.05 12.05 11.90 9.86 9.20 7.59 6.50 7.96 7.30 4.31 0.00 0.00 0.00 1.39 1.68 1.61 3.29
0.00 0.00 0.95 1.31 1.39 0.00 0.00 0.00 1.61 2.26 1.90 4.02 5.77 5.33 5.26 4.31 5.40 4.53 4.53 5.11 3.50 0.95 1.31 0.95 4.82 5.11 4.53 4.23 2.70 3.07 5.33 9.34 9.20 7.45 5.84 1.46 3.87 0.95 2.26 0.00 0.51 1.46 1.31 1.31 2.56 0.00 0.00 0.00 0.00 0.00 0.00 0.00 0.51 1.39 1.61 2.41 2.63 2.41 3.94 5.26 8.03 8.18 6.86 7.30 5.26 6.13 9.42 12.63 12.63 9.93 11.75 8.98 7.96 4.96 2.04 0.00 0.00 0.00 0.00 0.00 1.17 1.31 1.02 1.68
0.00 0.00 0.58 1.10 0.00 0.00 0.00 0.00 0.00 2.77 3.65 4.31 4.60 5.40 5.26 5.77 4.31 5.84 5.84 4.60 4.82 3.07 3.43 2.41 3.94 3.21 4.82 6.57 3.50 2.26 2.12 6.86 5.48 6.06 2.48 5.62 3.58 2.19 0.66 0.00 0.00 0.66 0.00 0.00 0.00 0.00 0.00 0.00 0.00 0.00 0.00 0.00 0.00 1.17 1.17 2.48 2.41 2.26 4.38 6.20 8.32 8.61 7.74 6.86 7.37 7.37 9.20 12.12 12.12 10.07 6.20 2.85 2.85 2.48 2.12 0.51 0.00 0.00 0.15 0.00 0.07 1.17 1.17 1.24
0.00 0.00 0.00 0.00 0.00 0.00 0.00 0.00 1.90 3.14 3.21 3.14 4.31 3.94 5.55 4.60 5.77 6.79 6.79 6.57 6.50 5.48 3.72 4.02 3.21 6.35 7.23 4.31 5.04 2.12 2.56 1.68 1.97 2.12 3.94 2.41 1.31 0.00 0.15 0.00 0.00 0.00 1.97 1.97 0.00 0.00 0.00 0.00 0.00 0.00 0.00 0.00 0.80 1.68 1.46 2.99 4.74 4.16 5.62 4.96 6.20 7.96 4.60 5.62 8.32 7.59 8.32 11.02 11.02 2.92 1.31 1.53 0.80 0.51 0.95 0.00 0.00 0.00 0.00 0.00 0.44 0.58 1.24 0.29
0.00 0.00 0.00 0.00 0.00 0.00 0.00 0.00 0.00 1.83 0.80 0.00 0.00 2.34 4.02 5.18 5.40 6.57 6.57 7.37 9.20 11.24 10.80 9.93 9.27 12.05 12.34 11.61 8.69 9.20 4.23 1.83 1.39 1.02 2.19 1.31 0.00 0.00 0.00 0.00 0.00 0.00 0.00 0.00 0.00 0.00 0.00 0.00 0.00 0.00 0.00 0.00 0.00 2.48 2.26 5.48 5.99 6.06 4.16 4.31 3.58 3.50 3.29 4.38 4.74 5.48 4.45 6.13 6.13 5.04 1.53 0.95 0.44 0.00 0.00 0.00 0.00 0.00 0.00 0.00 0.44 0.22 0.00 0.00
0.00 0.00 0.00 0.00 0.00 0.00 0.00 0.00 0.00 1.83 0.80 0.00 0.00 2.34 4.02 5.18 5.40 6.57 6.57 7.37 9.20 11.24 10.80 9.93 9.27 12.05 12.34 11.61 8.69 9.20 4.23 1.83 1.39 1.02 2.19 1.31 0.00 0.00 0.00 0.00 0.00 0.00 0.00 0.00 0.00 0.00 0.00 0.00 0.00 0.00 0.00 0.00 0.00 2.48 2.26 5.48 5.99 6.06 4.16 4.31 3.58 3.50 3.29 4.38 4.74 5.48 4.45 6.13 6.13 5.04 1.53 0.95 0.44 0.00 0.00 0.00 0.00 0.00 0.00 0.00 0.44 0.22 0.00 0.00
0.00 0.00 0.00 0.00 0.00 0.00 0.00 0.00 1.90 2.41 0.88 0.00 0.95 0.44 2.56 4.60 5.62 5.69 5.69 5.84 6.94 10.07 10.88 12.99 13.94 14.16 12.70 13.21 9.78 8.18 3.87 1.68 0.37 2.19 0.95 0.15 0.07 0.00 0.00 0.00 0.95 0.00 0.00 0.00 0.00 0.00 0.00 0.00 0.00 0.00 0.00 0.00 0.00 2.19 2.56 6.79 6.13 4.38 2.48 4.02 3.65 3.50 4.16 4.45 4.38 4.23 4.45 3.72 3.72 3.58 1.46 2.19 1.17 0.15 0.00 0.00 0.00 0.00 0.00 0.00 0.00 0.00 0.00 0.00
0.00 0.00 0.00 0.00 0.00 0.00 0.29 2.12 2.41 0.95 0.00 1.53 1.39 1.68 4.23 5.69 5.18 6.20 6.20 6.13 8.32 10.88 10.59 11.69 12.84 13.87 13.49 13.43 12.56 5.48 5.77 0.58 1.61 1.75 0.00 0.15 0.00 0.00 0.00 0.73 1.39 0.15 0.00 0.00 0.00 0.00 0.00 0.00 0.00 0.00 0.00 0.00 0.00 0.00 2.34 1.02 2.04 1.61 2.41 3.21 3.43 3.87 3.87 4.38 3.94 3.07 4.09 2.92 2.92 2.63 2.48 1.53 2.04 0.00 0.15 0.00 0.00 0.00 0.00 0.00 0.00 0.00 0.00 0.00
0.00 0.00 0.00 0.00 0.00 0.00 0.00 0.00 0.00 0.00 0.00 0.00 1.53 1.39 2.99 5.91 5.18 6.06 6.06 6.06 6.79 9.27 10.15 12.21 15.64 14.00 15.46 14.00 13.65 13.58 4.53 8.10 4.89 2.92 0.88 0.22 0.00 0.00 0.88 0.44 1.02 0.15 0.00 0.00 0.00 0.00 0.00 0.00 0.00 0.00 0.00 0.00 0.00 0.00 0.00 0.00 0.00 0.00 0.00 3.21 2.85 3.72 3.21 4.38 3.87 2.56 3.14 2.19 2.19 2.48 1.90 1.39 0.51 0.00 0.00 0.00 0.00 0.00 0.00 0.00 0.00 0.07 0.22 0.00
0.29 1.24 0.00 0.00 0.00 0.00 0.00 0.00 0.00 0.00 0.00 0.00 0.00 0.00 0.00 2.41 1.75 4.09 4.09 4.96 2.12 7.49 6.92 9.26 10.82 12.03 14.68 14.89 16.26 16.61 14.16 6.35 7.88 4.74 2.56 4.23 2.34 1.10 0.44 0.00 0.37 0.00 0.00 0.00 0.00 0.00 0.00 0.00 0.00 0.00 0.00 0.00 0.00 0.00 0.00 0.00 0.00 0.00 0.00 2.56 4.16 5.69 5.62 5.84 4.45 4.23 2.70 1.83 1.83 2.04 4.09 2.63 1.02 0.58 0.00 0.15 0.00 0.00 0.00 0.00 0.00 0.00 0.00 0.00
1.39 1.31 2.12 1.53 0.00 0.00 0.00 0.00 0.00 0.00 0.00 0.00 0.00 0.00 0.00 0.00 0.00 0.00 0.00 0.00 0.00 0.96 0.00 3.80 8.23 5.33 12.12 9.60 17.36 15.78 13.21 11.32 11.17 9.49 7.01 7.66 4.45 2.26 2.26 0.29 0.00 0.73 0.00 0.00 0.00 0.00 0.00 0.00 0.00 0.00 0.00 0.00 0.00 0.00 0.00 0.00 0.00 0.00 0.00 1.97 4.09 5.69 6.86 6.64 6.42 6.50 5.48 6.06 6.06 4.82 5.62 3.36 2.56 1.24 0.29 0.00 0.00 0.00 0.00 0.00 0.00 0.00 0.00 0.00
1.39 1.31 2.12 1.53 0.00 0.00 0.00 0.00 0.00 0.00 0.00 0.00 0.00 0.00 0.00 0.00 0.00 0.00 0.00 0.00 0.00 1.03 0.00 3.89 8.10 5.33 11.75 8.92 16.22 16.02 13.34 11.79 12.55 10.04 7.19 7.66 4.45 2.26 2.26 0.29 0.00 0.73 0.00 0.00 0.00 0.00 0.00 0.00 0.00 0.00 0.00 0.00 0.00 0.00 0.00 0.00 0.00 0.00 0.00 1.97 4.09 5.69 6.86 6.64 6.42 6.50 5.48 6.06 6.06 4.82 5.62 3.36 2.56 1.24 0.29 0.00 0.00 0.00 0.00 0.00 0.00 0.00 0.00 0.00
1.83 2.26 2.04 2.77 0.00 0.00 0.00 0.00 0.00 0.00 0.00 0.00 0.00 0.00 0.00 0.00 0.00 0.00 0.00 0.00 0.00 0.00 0.00 0.00 0.67 0.00 1.40 3.15 15.77 14.23 4.20 6.05 10.53 14.86 11.29 12.03 7.74 3.43 4.23 0.51 0.44 0.00 0.00 0.00 0.00 0.00 0.00 0.00 0.00 0.00 0.00 0.00 0.00 0.00 0.00 0.00 0.00 0.00 0.00 0.00 2.48 4.74 4.16 7.45 8.54 7.96 8.03 6.50 6.50 5.62 3.14 1.75 0.73 0.22 0.07 0.00 0.07 0.00 0.00 0.00 0.07 0.00 0.00 0.00
0.00 2.56 3.07 1.39 2.12 0.00 0.00 0.95 0.00 0.00 0.29 0.00 0.00 0.00 0.00 0.00 1.75 1.75 1.75 0.00 0.00 0.00 0.00 0.00 0.00 0.00 0.00 0.00 0.00 3.91 3.14 1.83 5.77 9.76 10.28 12.15 11.19 5.50 3.36 2.34 2.56 0.80 0.00 0.00 0.00 0.00 0.00 0.00 0.00 0.00 0.00 0.00 0.00 0.00 0.00 0.00 0.00 0.00 0.00 0.00 0.00 1.53 0.00 5.48 5.69 9.20 6.64 7.23 7.23 3.29 2.48 1.02 0.80 0.66 0.80 0.37 0.66 0.37 0.00 0.00 0.00 0.07 0.00 0.00
0.00 3.07 3.14 3.72 3.80 2.99 2.92 2.99 2.12 1.31 1.46 0.95 0.15 0.51 0.66 1.90 0.80 1.68 1.68 1.46 1.10 0.00 0.29 0.00 0.00 0.00 0.00 0.00 0.00 0.00 0.00 0.00 3.14 2.34 5.92 10.08 12.11 10.88 9.27 5.91 4.02 3.21 1.24 1.24 0.00 0.22 0.00 0.00 0.00 0.00 0.00 0.00 0.00 0.00 0.00 0.00 0.00 0.00 0.00 0.00 0.00 0.66 2.34 3.36 3.14 8.03 2.63 2.56 2.56 2.26 1.90 1.24 0.00 0.00 0.15 0.58 0.66 0.00 0.37 0.07 0.07 0.15 0.15 0.58
0.00 1.17 1.53 1.24 3.07 2.99 3.58 3.72 2.48 2.63 1.02 0.73 2.04 1.68 1.17 1.68 2.19 0.73 0.73 0.95 0.07 0.00 0.37 0.00 0.00 0.00 0.00 0.00 0.00 0.00 0.29 0.00 0.07 3.07 1.02 7.74 6.82 10.44 10.58 9.00 8.18 5.18 2.48 2.48 3.36 1.90 0.15 0.00 0.95 1.31 1.68 1.75 0.00 0.00 0.00 0.00 0.00 0.00 0.00 0.00 0.00 0.00 0.00 1.90 1.97 0.58 0.80 1.61 1.61 1.24 0.00 0.00 0.00 0.00 0.00 0.07 0.37 0.66 0.22 0.07 0.00 0.51 0.88 1.17
0.00 0.00 0.00 0.00 0.00 1.02 1.83 0.00 0.00 0.22 0.00 0.44 1.31 2.12 0.66 0.07 0.00 0.58 0.58 0.00 0.00 0.00 0.00 0.00 0.00 0.00 0.00 0.00 0.73 1.83 1.83 0.88 0.00 0.00 0.00 3.80 6.94 6.28 7.56 7.19 10.20 8.69 6.13 6.13 5.26 3.29 1.75 1.75 1.24 1.10 0.95 0.51 0.00 0.00 0.00 0.00 0.51 0.07 0.51 0.00 0.44 0.00 0.00 0.22 0.00 0.00 0.00 0.00 0.00 0.00 0.00 0.00 0.00 0.00 0.00 0.00 0.00 0.00 0.00 0.00 0.00 0.00 0.66 1.75
0.00 0.00 0.00 0.00 0.00 0.51 0.00 0.00 0.00 0.00 0.00 0.00 0.95 0.44 0.73 0.00 0.00 0.00 0.00 0.00 0.00 0.00 0.00 0.00 0.00 0.00 0.95 0.15 0.44 1.13 2.42 2.35 3.01 0.00 0.00 0.00 1.53 2.36 4.16 5.99 4.06 5.04 4.82 4.82 3.87 1.83 1.46 1.24 1.68 0.80 1.97 1.02 0.80 0.44 0.00 0.00 0.00 0.00 0.00 0.00 0.15 0.44 0.07 0.00 0.00 0.00 0.00 0.00 0.00 0.00 0.00 0.00 0.00 0.00 0.00 0.00 0.00 0.00 0.00 0.00 0.00 0.00 0.51 0.29
0.00 0.00 0.00 0.00 0.00 0.51 0.00 0.00 0.00 0.00 0.00 0.00 0.95 0.44 0.73 0.00 0.00 0.00 0.00 0.00 0.00 0.00 0.00 0.00 0.00 0.00 0.95 0.15 0.44 1.10 2.34 2.34 2.92 0.00 0.00 0.00 1.53 2.35 4.20 5.99 4.02 5.04 4.82 4.82 3.87 1.83 1.46 1.24 1.68 0.80 1.97 1.02 0.80 0.44 0.00 0.00 0.00 0.00 0.00 0.00 0.15 0.44 0.07 0.00 0.00 0.00 0.00 0.00 0.00 0.00 0.00 0.00 0.00 0.00 0.00 0.00 0.00 0.00 0.00 0.00 0.00 0.00 0.51 0.29
0.00 0.00 0.00 0.00 0.00 0.00 2.41 0.15 1.56 0.44 0.66 0.58 0.37 0.44 0.00 0.00 0.00 0.00 0.00 0.00 0.00 0.00 0.00 0.00 0.00 0.00 0.00 0.00 0.00 0.00 4.53 3.80 4.16 2.70 1.90 0.00 1.24 0.22 1.69 2.34 1.02 0.95 0.80 0.80 0.51 0.80 1.17 1.46 2.41 2.92 2.92 1.46 1.10 1.68 0.95 0.00 0.00 0.00 0.00 0.00 0.00 0.00 0.29 0.00 0.22 0.51 0.29 0.00 0.00 0.00 0.00 0.00 0.00 0.00 0.00 0.00 0.00 0.00 0.00 0.00 0.00 0.00 0.00 0.15
