Wansh/Snow_depth/snowdepth-1995/winter/1995347.txt
ncols 321
nrows 161
xllcenter 60
yllcenter 15 
cellsize  0.25 
NODATA_value -1
[rows 0 to 36 of 161, columns 84 to 167 of 321]
4.09 4.02 3.65 3.21 3.21 0.80 1.61 0.00 1.68 0.66 3.87 3.87 3.94 2.77 2.70 2.70 2.77 3.21 3.21 3.07 2.77 2.34 1.53 1.75 1.90 2.26 2.19 2.99 1.10 2.34 2.26 1.46 1.90 0.73 0.80 0.80 0.88 0.80 1.17 1.61 0.00 1.02 0.00 0.00 0.00 0.00 0.00 0.00 1.83 2.56 2.99 3.58 3.58 3.21 1.68 1.68 1.68 1.68 2.41 2.48 1.39 0.73 1.02 1.17 0.95 0.88 1.02 2.41 2.41 2.12 2.48 3.36 3.29 2.77 2.77 3.29 3.58 3.65 2.99 3.29 3.21 1.90 2.41 2.56
3.58 3.72 2.77 3.21 1.17 2.12 0.00 0.00 0.00 4.16 4.31 4.23 4.45 3.43 3.87 1.90 2.26 2.85 2.85 2.19 1.83 1.97 1.90 1.39 1.17 1.17 2.85 2.63 3.14 3.50 2.26 2.19 1.61 0.00 0.00 0.00 0.00 0.73 0.80 0.07 0.15 3.50 3.43 3.43 3.36 3.43 2.99 2.04 2.34 2.19 2.99 2.19 2.04 2.19 1.97 3.07 3.43 2.26 4.38 3.87 2.34 3.21 1.68 1.24 4.31 3.29 3.36 2.56 2.56 5.04 4.23 4.31 3.07 3.72 4.02 3.72 4.09 3.29 3.72 3.29 4.23 4.23 2.85 2.04
3.07 3.07 2.70 1.53 1.75 0.73 1.10 0.95 2.12 1.83 3.14 4.23 4.23 4.31 2.63 3.21 1.53 2.34 2.34 1.75 1.39 0.88 1.68 1.83 1.39 1.31 2.12 2.77 3.94 3.80 2.19 2.85 0.88 0.58 1.31 0.15 0.95 1.46 2.12 2.85 2.85 2.41 3.29 3.29 4.53 4.60 3.87 5.40 4.02 2.56 2.92 2.12 2.77 3.94 4.60 3.58 5.69 4.09 5.99 4.53 7.01 6.79 6.86 7.01 5.40 7.01 7.08 6.79 6.79 6.42 5.40 4.53 4.82 4.16 3.65 4.23 4.31 3.72 3.80 3.94 3.65 2.56 2.99 3.07
3.07 3.07 2.70 1.53 1.75 0.73 1.10 0.95 2.12 1.83 3.14 4.23 4.23 4.31 2.63 3.21 1.53 2.34 2.34 1.75 1.39 0.88 1.68 1.83 1.39 1.31 2.12 2.77 3.94 3.80 2.19 2.85 0.88 0.58 1.31 0.15 0.95 1.46 2.12 2.85 2.85 2.41 3.29 3.29 4.53 4.60 3.87 5.40 4.02 2.56 2.92 2.12 2.77 3.94 4.60 3.58 5.69 4.09 5.99 4.53 7.01 6.79 6.86 7.01 5.40 7.01 7.08 6.79 6.79 6.42 5.40 4.53 4.82 4.16 3.65 4.23 4.31 3.72 3.80 3.94 3.65 2.56 2.99 3.07
2.92 1.02 1.46 1.46 2.34 2.26 2.48 2.92 2.56 2.56 2.85 3.43 3.43 3.87 3.72 3.80 2.41 1.75 1.75 1.75 1.97 2.34 1.61 1.61 1.39 1.31 2.41 2.34 4.23 4.74 3.94 2.77 4.09 1.90 1.83 3.50 3.14 2.99 3.36 3.80 4.38 4.09 2.63 2.63 6.57 7.23 7.37 6.20 5.33 4.23 2.56 2.34 2.12 2.92 2.85 4.23 4.02 5.55 6.72 8.32 7.74 8.47 10.00 9.56 8.76 8.91 8.83 9.20 9.20 6.42 7.08 5.55 5.33 3.80 3.80 4.96 4.96 4.96 4.74 4.60 4.60 3.29 3.43 3.50
1.61 2.19 1.46 2.26 2.26 1.53 1.68 1.53 2.26 1.83 1.61 3.14 3.72 3.80 4.09 3.58 2.99 3.29 3.29 2.48 2.41 2.56 2.48 1.83 2.56 2.04 2.04 2.26 5.62 3.50 4.31 4.67 4.45 4.02 4.38 4.09 2.26 2.77 4.31 3.80 4.02 5.18 4.67 4.67 6.35 6.42 5.33 4.31 4.60 4.31 2.41 1.75 2.48 2.26 2.63 3.07 3.43 4.67 6.64 7.81 9.34 11.02 10.66 11.24 12.78 10.22 11.10 9.20 9.20 7.66 6.72 7.08 5.40 6.72 5.33 5.48 4.53 4.60 4.89 5.18 5.33 5.18 4.74 4.89
2.85 2.63 2.99 3.07 2.56 1.90 2.26 1.90 1.97 1.53 2.04 2.63 2.12 4.23 4.09 4.60 3.50 4.09 4.09 2.92 2.63 2.26 2.41 3.07 3.21 3.14 2.04 3.58 3.65 3.50 3.72 4.82 4.45 4.74 3.07 2.70 2.77 2.70 3.43 4.23 5.18 4.82 4.45 4.45 4.53 5.33 5.91 5.33 3.43 3.07 3.14 1.97 2.77 3.14 3.21 4.82 5.84 6.94 6.35 8.03 10.07 11.46 13.43 12.99 12.85 10.95 10.15 8.18 8.18 9.05 7.74 9.42 8.32 8.25 9.34 6.86 7.59 4.96 4.67 4.82 5.04 5.11 5.26 5.18
2.85 2.63 2.99 3.07 2.56 1.90 2.26 1.90 1.97 1.53 2.04 2.63 2.12 4.23 4.09 4.60 3.50 4.09 4.09 2.92 2.63 2.26 2.41 3.07 3.21 3.14 2.04 3.58 3.65 3.50 3.72 4.82 4.45 4.74 3.07 2.70 2.77 2.70 3.43 4.23 5.18 4.82 4.45 4.45 4.53 5.33 5.91 5.33 3.43 3.07 3.14 1.97 2.77 3.14 3.21 4.82 5.84 6.94 6.35 8.03 10.07 11.46 13.43 12.99 12.85 10.95 10.15 8.18 8.18 9.05 7.74 9.42 8.32 8.25 9.34 6.86 7.59 4.96 4.67 4.82 5.04 5.11 5.26 5.18
2.48 2.48 2.85 2.77 2.56 3.21 2.48 2.48 2.92 2.26 1.83 1.97 2.41 3.87 3.72 4.60 3.07 3.43 3.43 3.07 3.36 2.85 3.65 3.36 3.14 3.50 3.21 4.38 2.56 3.36 4.67 4.60 4.82 3.65 3.72 2.99 3.87 3.72 3.58 4.09 3.94 3.72 3.50 3.50 4.89 3.21 3.14 2.63 2.85 2.99 5.40 4.60 4.89 4.09 3.87 4.45 5.48 5.77 5.33 7.15 6.35 9.93 11.24 7.08 9.49 8.91 9.05 8.18 8.18 9.49 8.98 10.29 11.46 9.86 10.37 8.47 7.52 7.66 5.55 6.13 7.45 4.53 4.31 4.23
2.99 2.48 2.56 2.56 3.07 2.41 2.41 2.70 1.97 2.04 2.12 1.68 0.95 1.83 2.12 2.41 2.99 3.21 3.21 3.87 3.80 3.94 3.58 2.70 3.21 3.14 4.31 4.23 4.45 4.82 3.72 4.38 4.16 4.82 3.94 3.14 3.72 3.58 4.09 2.92 2.48 2.77 2.99 2.99 1.68 2.26 2.77 2.34 2.92 5.62 6.28 6.50 6.57 5.40 4.31 4.82 4.96 5.11 4.74 5.33 4.31 4.09 3.94 5.33 6.28 7.23 9.05 8.25 8.25 9.49 12.63 12.92 12.19 11.46 7.74 8.54 8.47 11.17 10.88 9.05 5.77 6.20 3.87 4.74
3.07 3.29 2.63 2.56 2.48 2.41 1.46 0.00 1.39 1.46 1.83 0.66 0.66 0.95 1.53 1.61 1.53 2.41 2.41 3.07 4.31 4.02 3.80 3.43 2.63 3.36 3.65 3.58 4.53 4.09 3.65 3.80 3.94 3.36 3.58 3.58 2.77 4.67 4.09 3.58 3.43 3.36 1.97 1.97 3.94 3.87 3.72 4.53 5.55 5.26 6.35 5.55 5.55 5.40 5.55 6.13 5.69 5.55 7.45 7.30 5.04 3.80 4.74 3.50 6.06 9.20 11.97 15.33 15.33 15.26 15.18 16.86 12.70 13.87 8.03 8.47 7.96 10.80 9.78 10.22 6.57 7.01 7.59 5.48
3.07 3.29 2.63 2.56 2.48 2.41 1.46 0.00 1.39 1.46 1.83 0.66 0.66 0.95 1.53 1.61 1.53 2.41 2.41 3.07 4.31 4.02 3.80 3.43 2.63 3.36 3.65 3.58 4.53 4.09 3.65 3.80 3.94 3.36 3.58 3.58 2.77 4.67 4.09 3.58 3.43 3.36 1.97 1.97 3.94 3.87 3.72 4.53 5.55 5.26 6.35 5.55 5.55 5.40 5.55 6.13 5.69 5.55 7.45 7.30 5.04 3.80 4.74 3.50 6.06 9.20 11.97 15.33 15.33 15.26 15.18 16.86 12.70 13.87 8.03 8.47 7.96 10.80 9.78 10.22 6.57 7.01 7.59 5.48
2.04 1.75 1.46 1.53 0.00 0.73 0.00 1.39 1.68 2.26 2.26 2.26 1.31 2.04 2.92 2.63 2.48 3.07 3.07 3.65 3.80 4.96 4.45 3.14 3.07 2.12 2.26 2.99 2.63 3.43 3.80 4.09 3.50 4.60 6.64 5.26 5.77 5.40 4.89 6.94 6.57 6.64 4.82 4.82 3.65 3.94 3.58 4.16 4.09 4.23 4.45 4.89 4.67 5.11 5.84 5.40 7.59 9.78 9.13 8.91 6.20 6.72 5.77 6.86 6.28 9.56 12.41 16.28 16.28 15.84 17.23 17.89 14.45 15.04 11.24 7.15 7.59 7.08 9.49 8.61 9.05 9.20 10.07 10.00
1.31 1.31 1.39 0.88 0.00 0.00 1.90 2.04 2.99 2.85 3.21 2.70 3.58 3.80 3.94 3.50 3.80 3.14 3.14 2.19 3.29 3.80 3.14 3.21 2.19 3.43 2.70 3.36 5.62 6.06 3.29 9.27 9.56 8.91 7.37 8.25 7.15 6.50 6.79 6.94 7.15 4.16 4.31 4.31 2.19 2.70 2.92 2.70 3.14 3.14 2.41 2.99 2.63 3.29 2.92 3.43 4.96 5.91 5.18 6.79 7.74 7.52 7.59 9.71 10.15 10.00 11.53 13.87 13.87 17.45 16.64 18.76 14.89 10.88 11.75 9.34 7.23 3.43 4.45 5.84 5.40 4.96 9.13 7.88
0.80 1.17 1.61 1.46 1.39 2.12 2.77 2.85 2.92 3.50 4.23 3.94 4.02 3.36 3.65 4.02 3.14 2.77 2.77 2.77 1.53 2.41 3.94 3.21 3.43 5.77 4.96 4.89 5.62 10.37 11.68 11.10 9.64 9.86 6.13 6.79 4.96 4.60 1.75 1.75 5.33 6.13 1.90 1.90 2.48 2.70 1.68 3.29 2.19 2.63 2.41 1.97 2.63 2.85 1.97 2.19 2.85 3.80 4.16 5.18 4.67 7.66 6.79 8.91 10.73 10.29 12.56 12.70 12.70 14.97 14.38 12.85 13.87 7.88 8.91 8.76 7.74 0.00 0.00 0.00 2.34 5.69 6.72 7.30
1.61 1.46 2.12 2.85 2.56 2.26 2.04 2.12 3.07 3.29 3.43 3.29 4.16 3.72 3.72 2.85 2.85 3.43 3.43 3.50 1.68 2.26 5.69 5.99 6.42 7.01 6.42 5.48 6.57 7.66 11.10 10.51 9.49 7.08 5.40 5.99 3.07 2.19 1.31 1.46 2.63 3.21 3.14 3.14 3.14 5.11 5.11 3.80 4.31 3.72 4.02 4.45 2.41 4.82 4.53 4.23 4.60 4.45 3.36 3.14 3.94 4.96 6.06 7.15 6.72 9.64 11.24 14.31 14.31 13.58 14.89 9.93 6.72 7.23 7.52 7.15 8.98 0.00 0.00 0.00 0.00 5.91 4.74 4.53
1.61 1.46 2.12 2.85 2.56 2.26 2.04 2.12 3.07 3.29 3.43 3.29 4.16 3.72 3.72 2.85 2.85 3.43 3.43 3.50 1.68 2.26 5.69 5.99 6.42 7.01 6.42 5.48 6.57 7.66 11.10 10.51 9.49 7.08 5.40 5.99 3.07 2.19 1.31 1.46 2.63 3.21 3.14 3.14 3.14 5.11 5.11 3.80 4.31 3.72 4.02 4.45 2.41 4.82 4.53 4.23 4.60 4.45 3.36 3.14 3.94 4.96 6.06 7.15 6.72 9.64 11.24 14.31 14.31 13.58 14.89 9.93 6.72 7.23 7.52 7.15 8.98 0.00 0.00 0.00 0.00 5.91 4.74 4.53
2.56 2.04 2.92 3.72 3.72 2.77 2.26 1.61 2.26 2.26 3.50 4.60 5.55 4.96 5.33 5.62 4.67 4.60 4.60 4.60 2.99 3.43 3.80 6.13 5.40 7.08 4.96 3.80 6.13 8.54 7.59 10.37 10.44 8.76 7.45 3.65 2.41 2.56 2.04 2.12 4.38 4.31 5.04 5.04 4.09 4.23 4.09 4.16 0.00 0.44 3.94 3.07 3.94 3.43 5.40 3.58 4.16 3.80 4.45 4.16 3.80 8.32 6.79 7.15 7.59 10.44 9.71 13.72 13.72 15.91 10.15 11.53 8.18 8.03 7.88 9.49 0.00 0.00 0.00 0.00 2.41 3.07 3.07 3.36
1.83 1.83 1.90 1.10 2.77 2.99 3.14 1.53 2.12 2.70 5.26 4.96 5.48 6.72 7.88 5.69 6.86 5.40 5.40 4.38 5.55 4.09 3.94 4.09 5.77 5.40 5.62 5.26 7.30 8.98 11.24 11.83 10.88 7.45 8.54 6.13 4.31 3.36 2.92 3.29 2.19 1.97 3.21 3.21 2.48 0.00 0.00 0.00 0.00 0.00 0.00 0.37 3.65 2.70 2.48 3.36 3.65 6.06 6.28 10.00 10.88 10.95 8.98 9.56 7.74 9.93 9.27 13.80 13.80 16.79 12.19 8.40 8.76 7.96 4.31 5.48 2.92 0.00 0.00 0.00 1.10 0.95 1.17 2.48
0.00 0.44 0.80 2.34 2.26 2.63 1.97 2.34 2.63 2.85 2.99 4.67 5.48 6.20 7.01 6.35 6.64 6.13 6.13 6.50 6.35 5.04 4.82 4.23 6.35 6.86 7.88 6.94 7.52 5.48 5.91 7.01 8.69 7.88 6.06 2.99 3.94 1.97 1.53 1.83 1.75 1.31 0.95 0.95 1.17 0.00 0.00 0.00 0.00 0.00 0.00 0.00 1.61 2.92 4.02 3.80 5.77 5.84 6.79 9.78 12.56 11.46 8.98 9.64 8.40 11.68 15.62 14.67 14.67 17.59 8.69 6.50 3.14 3.21 2.85 0.00 0.00 0.00 0.00 0.44 0.07 0.73 1.17 1.46
0.07 0.51 1.17 1.02 1.75 1.68 1.53 1.39 1.90 2.19 4.38 3.87 4.82 6.28 5.62 6.13 8.03 6.64 6.64 8.18 6.86 6.64 5.91 5.26 6.06 10.07 8.83 7.74 9.34 6.13 4.74 4.89 3.58 4.67 4.02 2.92 0.80 0.00 1.10 0.00 0.37 0.00 0.51 0.51 0.07 0.00 0.00 0.00 0.00 0.00 0.15 0.00 1.39 3.65 6.42 7.30 7.66 7.81 7.52 7.01 7.08 8.18 8.03 8.47 11.75 11.02 14.02 8.47 8.47 5.69 7.59 1.97 1.68 0.73 1.31 0.00 0.00 0.00 0.00 0.00 0.51 0.44 0.73 0.51
0.07 0.00 1.46 1.68 1.83 1.02 2.63 2.70 2.70 2.19 1.83 1.68 2.41 2.92 5.62 4.82 5.84 6.94 6.94 8.40 9.71 9.49 12.85 12.78 12.56 12.05 10.73 11.53 8.61 10.29 3.14 3.58 3.29 3.94 3.65 1.24 0.07 0.00 0.00 0.00 0.00 1.31 0.95 0.95 1.24 0.95 0.95 0.00 0.00 0.00 0.00 0.58 0.29 3.29 6.06 7.96 9.20 7.88 6.94 5.26 5.11 5.84 5.84 7.45 6.94 7.08 7.23 7.01 7.01 3.29 2.41 2.48 0.88 0.15 0.00 0.00 0.00 0.00 0.00 0.00 0.00 0.29 0.29 0.37
0.07 0.00 1.46 1.68 1.83 1.02 2.63 2.70 2.70 2.19 1.83 1.68 2.41 2.92 5.62 4.82 5.84 6.94 6.94 8.40 9.71 9.49 12.85 12.78 12.56 12.05 10.73 11.53 8.61 10.29 3.14 3.58 3.29 3.94 3.65 1.24 0.07 0.00 0.00 0.00 0.00 1.31 0.95 0.95 1.24 0.95 0.95 0.00 0.00 0.00 0.00 0.58 0.29 3.29 6.06 7.96 9.20 7.88 6.94 5.26 5.11 5.84 5.84 7.45 6.94 7.08 7.23 7.01 7.01 3.29 2.41 2.48 0.88 0.15 0.00 0.00 0.00 0.00 0.00 0.00 0.00 0.29 0.29 0.37
0.22 1.17 1.17 0.88 1.31 2.85 4.38 5.18 2.77 2.92 2.56 1.68 0.00 2.12 4.38 4.96 7.81 6.72 6.72 8.25 11.10 10.88 12.92 14.16 13.94 14.89 13.43 13.43 11.39 7.15 5.77 3.72 2.19 0.88 1.17 0.66 0.00 0.00 0.00 0.00 0.00 1.10 0.44 0.44 0.00 0.00 0.00 0.00 0.00 0.00 0.00 0.00 1.61 0.00 4.53 4.02 4.74 4.67 5.62 5.04 5.69 5.99 6.06 6.35 6.35 5.40 5.04 3.36 3.36 3.58 4.89 1.61 2.34 0.15 0.22 0.00 0.00 0.00 0.00 0.07 0.00 0.00 0.07 0.07
2.34 2.34 1.46 1.90 1.83 3.21 3.36 5.33 5.18 2.92 3.43 2.34 2.77 3.94 6.64 6.64 7.45 8.25 8.25 8.40 10.07 9.42 12.12 13.04 12.40 13.79 12.76 13.87 12.19 10.22 6.28 5.99 3.21 1.39 0.44 0.00 0.00 0.00 1.17 0.80 1.17 1.10 0.66 0.66 0.00 0.73 0.00 0.00 0.00 0.00 0.00 0.00 0.00 0.00 0.80 2.41 1.83 2.19 1.97 3.43 6.28 5.84 5.91 5.91 6.57 5.99 4.96 4.09 4.09 5.77 5.62 3.36 1.68 0.37 0.44 0.07 0.00 0.00 0.00 0.00 0.00 0.00 0.00 0.00
3.21 3.72 1.90 0.66 0.58 1.17 1.83 1.83 1.39 0.00 1.17 0.00 4.23 4.96 1.97 3.87 6.13 6.28 6.28 7.66 8.76 9.49 10.80 13.29 14.34 13.48 15.54 14.52 15.55 10.00 11.46 7.30 4.16 2.48 2.77 0.22 0.44 0.37 0.44 1.10 0.22 0.37 0.66 0.66 0.00 0.29 0.00 0.00 0.00 0.00 0.00 0.00 0.00 0.00 0.00 0.00 0.00 0.00 4.31 3.58 6.42 6.79 6.64 7.01 5.11 5.77 4.16 4.45 4.45 4.38 4.16 4.31 2.04 1.90 0.95 0.95 0.73 0.00 0.00 0.00 0.00 0.00 0.00 0.00
4.45 4.02 2.85 0.58 0.95 1.46 0.37 0.00 0.00 0.00 0.00 0.00 1.90 0.00 1.10 0.73 2.56 5.33 5.33 4.16 3.80 7.26 9.41 7.38 11.50 15.66 14.21 16.59 14.52 12.96 8.98 11.10 8.10 8.76 4.89 2.12 3.07 0.51 1.24 1.02 0.15 0.22 0.66 0.66 0.37 0.00 0.00 0.00 0.00 0.00 0.00 0.00 0.00 0.00 0.00 0.00 0.00 0.00 3.87 5.99 8.32 7.74 9.42 8.18 6.06 7.01 5.77 5.11 5.11 7.96 5.11 2.34 2.56 3.07 1.24 0.95 0.88 0.22 0.15 0.07 0.22 0.00 0.00 0.07
4.23 4.96 4.60 1.75 2.41 0.44 0.58 0.00 0.00 0.00 0.00 0.00 0.00 0.00 0.00 0.00 0.29 0.00 0.00 0.00 0.00 2.74 0.98 2.12 6.74 9.20 9.86 15.39 17.36 15.26 14.45 14.16 12.48 12.85 10.07 11.02 6.94 1.17 1.53 1.75 0.22 0.00 0.22 0.22 0.00 0.00 0.00 0.00 0.00 0.00 0.00 0.00 0.00 0.00 0.00 0.00 0.00 2.19 0.00 5.62 6.35 9.13 10.22 9.93 11.32 10.00 8.69 9.49 9.49 10.22 7.30 5.48 3.36 3.72 2.41 1.17 0.73 1.39 0.00 0.73 0.44 0.22 0.58 0.66
4.23 4.96 4.60 1.75 2.41 0.44 0.58 0.00 0.00 0.00 0.00 0.00 0.00 0.00 0.00 0.00 0.29 0.00 0.00 0.00 0.00 2.94 0.95 2.17 6.64 9.20 9.56 14.31 16.22 15.50 14.60 14.75 14.03 13.60 10.33 11.02 6.94 1.17 1.53 1.75 0.22 0.00 0.22 0.22 0.00 0.00 0.00 0.00 0.00 0.00 0.00 0.00 0.00 0.00 0.00 0.00 0.00 2.19 0.00 5.62 6.35 9.13 10.22 9.93 11.32 10.00 8.69 9.49 9.49 10.22 7.30 5.48 3.36 3.72 2.41 1.17 0.73 1.39 0.00 0.73 0.44 0.22 0.58 0.66
5.33 5.40 4.89 4.45 2.04 0.73 0.73 0.00 0.00 0.00 0.00 0.00 0.00 0.00 0.00 0.00 0.00 0.00 0.00 0.00 0.00 0.00 0.00 0.00 2.77 4.57 6.86 9.98 11.83 6.60 10.10 13.39 15.02 15.28 14.00 11.20 8.92 6.35 2.56 1.90 2.12 0.44 0.00 0.00 0.00 0.00 0.00 0.00 0.00 0.00 0.00 0.00 0.00 0.00 0.00 1.02 0.00 0.00 0.00 0.00 4.02 7.45 6.86 11.90 11.02 12.26 11.90 10.73 10.73 7.81 5.18 5.77 2.92 2.48 2.63 2.77 1.10 0.22 0.22 0.00 0.22 0.00 0.00 0.07
5.40 6.28 6.28 3.58 4.16 2.56 2.04 2.12 0.51 1.83 0.00 0.00 0.00 0.00 0.00 0.00 0.44 0.95 0.95 1.76 0.66 0.00 0.00 0.00 0.00 2.45 0.00 0.00 2.23 1.11 5.69 7.96 6.28 13.39 15.50 13.89 13.86 9.46 5.26 7.59 3.14 2.48 0.37 0.37 1.31 0.51 0.51 0.07 0.00 0.00 0.00 0.00 0.00 0.00 0.00 0.00 0.00 0.00 0.00 0.00 0.00 0.00 3.07 10.29 9.34 10.73 11.61 10.15 10.15 6.57 4.23 2.19 2.19 2.04 3.21 3.14 1.02 0.73 1.31 0.88 0.22 0.00 0.00 0.00
4.67 5.48 6.42 5.55 5.77 4.60 4.96 4.82 3.58 3.87 0.73 0.00 0.00 1.53 1.17 4.09 4.02 2.77 2.77 3.07 0.88 2.63 1.68 0.29 0.00 0.00 0.00 0.00 0.31 1.77 1.68 5.18 3.80 7.59 7.76 11.14 15.16 13.51 13.14 11.75 8.83 5.62 4.53 4.53 1.46 0.51 0.80 0.44 1.61 1.46 0.00 0.00 0.00 0.00 0.00 0.00 0.00 0.00 0.00 0.37 0.66 1.61 1.17 3.29 6.35 7.37 5.69 5.33 5.33 5.33 2.63 1.39 1.10 1.17 2.19 2.04 2.12 1.10 1.83 1.17 1.02 1.10 1.24 2.26
1.90 1.83 4.45 5.04 4.16 4.67 3.65 5.55 5.48 4.23 3.36 2.12 2.34 3.07 4.53 4.74 3.72 2.04 2.04 1.46 1.97 1.68 1.90 2.56 0.00 0.00 0.00 0.00 0.00 1.68 1.90 1.53 2.19 4.38 8.69 8.18 10.15 13.47 14.30 14.01 11.90 10.22 7.30 7.30 2.63 1.46 2.12 1.02 1.53 2.04 2.56 0.00 0.00 0.00 0.00 0.66 0.80 0.15 0.73 1.02 0.29 1.24 2.04 1.53 3.43 2.26 3.36 2.56 2.56 2.48 2.48 1.46 0.80 1.97 1.53 1.97 2.04 1.46 1.68 1.17 2.48 3.14 3.14 2.70
0.00 0.00 0.00 0.00 1.75 2.99 3.50 1.68 4.42 0.00 0.00 2.92 3.87 4.89 3.87 3.36 0.00 0.00 0.00 0.00 0.00 0.00 0.00 0.00 0.00 0.58 0.00 1.62 0.00 0.00 2.19 0.00 2.41 1.97 3.14 6.57 9.27 11.46 7.71 9.81 8.66 9.05 8.47 8.47 5.04 5.62 3.29 1.97 1.83 2.04 1.31 1.17 1.75 0.58 0.00 1.10 0.00 0.95 1.46 1.39 1.39 2.12 1.17 1.17 1.97 1.90 2.34 2.34 2.34 1.90 1.02 1.24 1.39 1.90 1.61 2.56 1.83 1.17 1.24 1.24 1.39 2.26 3.21 3.07
0.00 0.00 0.00 0.00 0.00 2.19 4.02 3.21 2.32 0.00 0.00 0.00 0.00 3.43 3.94 1.46 0.00 0.00 0.00 0.00 0.00 0.00 0.00 0.00 0.00 0.00 0.00 0.00 4.89 4.46 4.84 4.92 3.24 0.00 2.92 4.38 3.87 3.98 3.94 5.62 7.37 7.30 4.74 4.74 4.74 4.09 4.31 2.70 2.04 1.90 2.34 2.70 2.12 1.24 0.44 0.00 0.00 1.68 1.31 2.41 2.04 2.34 1.75 1.31 1.75 2.26 2.19 1.97 1.97 0.00 1.17 0.00 0.00 1.46 1.61 1.39 1.17 1.39 0.37 0.95 0.58 1.24 1.46 2.63
0.00 0.00 0.00 0.00 0.00 2.19 4.02 3.21 2.26 0.00 0.00 0.00 0.00 3.43 3.94 1.46 0.00 0.00 0.00 0.00 0.00 0.00 0.00 0.00 0.00 0.00 0.00 0.00 4.82 4.31 4.67 4.89 3.14 0.00 2.93 4.40 3.87 3.96 3.98 5.62 7.30 7.30 4.74 4.74 4.74 4.09 4.31 2.70 2.04 1.90 2.34 2.70 2.12 1.24 0.44 0.00 0.00 1.68 1.31 2.41 2.04 2.34 1.75 1.31 1.75 2.26 2.19 1.97 1.97 0.00 1.17 0.00 0.00 1.46 1.61 1.39 1.17 1.39 0.37 0.95 0.58 1.24 1.46 2.63
0.58 0.00 0.00 0.00 0.00 2.85 4.45 1.19 1.48 2.70 2.12 1.90 3.14 0.73 0.37 0.00 0.00 0.00 0.00 0.00 0.00 0.00 0.00 0.00 0.00 0.00 1.10 0.00 4.23 6.20 6.50 4.74 0.00 0.00 0.00 4.45 4.23 3.72 2.13 4.09 1.46 1.97 2.70 2.70 3.72 3.21 3.14 3.07 2.48 3.87 3.72 2.99 3.21 1.31 1.75 1.39 1.53 0.00 0.15 1.53 1.17 1.39 1.68 1.53 1.17 1.97 1.68 2.48 2.48 2.41 0.00 0.00 0.00 1.02 0.88 0.00 0.00 0.44 0.00 0.00 0.80 1.46 1.61 0.95
