Wansh/Snow_depth/snowdepth-1995/winter/1996022.txt
ncols 321
nrows 161
xllcenter 60
yllcenter 15 
cellsize  0.25 
NODATA_value -1
[rows 0 to 36 of 161, columns 84 to 167 of 321]
10.22 10.15 10.22 10.51 10.15 8.54 8.47 7.37 8.03 12.26 10.80 10.80 11.53 9.71 10.07 9.86 10.00 10.44 10.44 6.13 6.13 6.06 6.06 5.77 6.13 4.16 4.31 3.94 4.31 3.72 4.74 4.82 4.82 3.07 3.07 1.10 1.10 0.29 0.66 0.00 0.22 1.24 1.97 1.97 4.96 3.65 3.72 4.53 6.79 8.10 8.10 7.66 7.15 5.48 5.84 5.04 6.06 5.84 5.55 4.16 4.45 4.82 4.23 4.16 4.82 4.67 4.31 6.64 6.64 6.50 6.64 7.23 8.03 7.59 7.59 8.18 9.71 9.56 9.34 7.52 8.03 7.74 7.52 7.37
10.37 11.53 10.66 10.07 9.93 9.64 7.88 7.08 11.53 10.07 9.34 11.90 11.53 9.78 7.30 7.23 6.35 6.35 6.35 5.84 4.74 6.64 7.01 5.62 5.69 5.33 5.69 4.67 2.70 3.36 3.72 3.80 2.63 3.50 1.17 1.17 0.00 0.51 0.73 0.66 4.09 7.08 6.13 6.13 7.45 10.51 7.23 6.13 6.06 7.15 6.94 7.08 6.86 5.62 5.62 5.48 7.52 6.86 6.42 9.20 6.64 6.42 9.42 6.13 5.91 8.47 8.18 8.03 8.03 10.51 11.02 9.05 7.74 7.88 9.86 9.42 9.93 9.42 9.64 8.47 8.47 8.69 7.23 7.59
12.12 10.51 9.34 9.78 8.91 8.83 9.27 11.32 9.49 12.78 12.34 12.48 12.12 11.24 10.15 8.03 6.50 6.64 6.64 5.91 5.26 6.28 6.28 7.30 7.52 7.01 6.79 5.33 4.23 3.43 3.21 3.43 3.21 2.48 2.70 1.10 3.87 2.63 3.36 3.14 3.72 4.38 9.49 9.49 11.75 11.83 11.75 11.53 7.52 7.45 7.81 5.62 6.13 5.55 5.48 8.47 7.96 9.27 10.51 10.51 12.48 12.05 11.68 12.92 10.66 10.22 14.16 14.31 14.31 13.21 11.24 11.68 9.93 10.73 9.78 13.14 13.87 13.94 12.48 9.56 8.69 6.79 7.01 6.64
12.12 10.51 9.34 9.78 8.91 8.83 9.27 11.32 9.49 12.78 12.34 12.48 12.12 11.24 10.15 8.03 6.50 6.64 6.64 5.91 5.26 6.28 6.28 7.30 7.52 7.01 6.79 5.33 4.23 3.43 3.21 3.43 3.21 2.48 2.70 1.10 3.87 2.63 3.36 3.14 3.72 4.38 9.49 9.49 11.75 11.83 11.75 11.53 7.52 7.45 7.81 5.62 6.13 5.55 5.48 8.47 7.96 9.27 10.51 10.51 12.48 12.05 11.68 12.92 10.66 10.22 14.16 14.31 14.31 13.21 11.24 11.68 9.93 10.73 9.78 13.14 13.87 13.94 12.48 9.56 8.69 6.79 7.01 6.64
9.42 8.32 8.25 8.25 9.05 9.13 8.91 9.42 10.15 11.68 11.39 11.75 11.53 11.75 10.51 11.02 8.69 5.84 5.84 6.86 5.55 5.91 5.33 7.52 7.01 7.37 6.06 4.74 4.82 2.85 2.85 2.70 2.63 5.33 5.18 5.40 5.26 4.74 5.11 4.38 5.48 4.45 7.66 7.66 13.36 16.50 16.06 14.16 14.24 9.49 10.37 7.37 5.26 4.82 4.60 5.77 7.37 7.23 8.98 12.92 12.56 14.38 14.09 14.16 16.35 17.45 16.06 16.13 16.13 14.53 13.80 11.61 11.75 11.46 11.83 11.53 14.82 13.29 14.02 10.95 10.44 10.51 6.94 6.86
8.61 8.98 9.05 9.42 9.13 10.51 7.59 8.69 9.64 11.75 10.29 10.88 11.39 12.26 11.24 11.83 9.05 9.20 9.20 7.88 7.01 7.81 6.42 7.15 6.94 8.32 8.47 6.35 4.89 5.18 3.58 3.29 3.21 6.72 6.64 6.13 5.33 5.55 5.18 5.48 7.37 9.27 12.48 12.48 12.12 12.19 14.60 15.04 15.55 11.75 7.23 8.47 6.28 6.20 5.91 5.69 7.45 8.32 7.74 11.39 14.53 14.16 17.96 17.23 16.94 17.16 15.48 16.72 16.72 13.94 14.09 13.87 15.70 12.63 12.56 12.70 12.70 11.39 11.32 11.61 11.53 11.75 12.26 11.32
8.91 8.83 9.42 10.22 10.88 9.34 9.93 8.40 8.76 10.44 11.17 11.39 11.24 12.34 10.66 11.17 9.86 10.15 10.15 8.32 9.05 7.08 8.61 9.64 8.18 6.72 7.45 6.42 5.91 5.11 5.48 5.48 7.01 5.69 7.08 6.06 5.62 7.08 6.79 7.59 7.23 8.40 10.37 10.37 11.53 11.17 12.92 11.46 11.32 11.61 9.42 7.37 7.59 6.79 8.69 8.40 8.03 11.02 12.12 11.83 13.14 18.25 17.52 19.05 16.86 17.96 15.99 15.91 15.91 16.28 14.67 16.79 16.43 17.16 13.80 14.16 12.12 12.48 11.39 11.39 11.24 12.85 11.97 12.41
8.91 8.83 9.42 10.22 10.88 9.34 9.93 8.40 8.76 10.44 11.17 11.39 11.24 12.34 10.66 11.17 9.86 10.15 10.15 8.32 9.05 7.08 8.61 9.64 8.18 6.72 7.45 6.42 5.91 5.11 5.48 5.48 7.01 5.69 7.08 6.06 5.62 7.08 6.79 7.59 7.23 8.40 10.37 10.37 11.53 11.17 12.92 11.46 11.32 11.61 9.42 7.37 7.59 6.79 8.69 8.40 8.03 11.02 12.12 11.83 13.14 18.25 17.52 19.05 16.86 17.96 15.99 15.91 15.91 16.28 14.67 16.79 16.43 17.16 13.80 14.16 12.12 12.48 11.39 11.39 11.24 12.85 11.97 12.41
10.29 10.15 10.66 11.83 11.61 10.59 10.29 11.46 9.56 9.56 11.39 11.02 9.34 9.78 9.49 10.80 10.07 10.22 10.22 10.95 9.78 10.66 10.59 8.83 7.66 6.72 5.99 5.77 5.77 5.84 6.28 6.13 6.42 8.18 9.42 8.91 9.42 7.88 8.47 7.30 7.88 7.66 9.56 9.56 6.42 8.40 8.18 9.78 7.74 8.25 8.25 7.96 10.22 9.93 9.71 11.02 10.95 10.88 10.07 11.68 11.75 12.12 16.72 17.30 14.24 14.09 17.08 15.84 15.84 16.28 15.99 18.10 18.18 18.25 15.26 12.63 12.99 12.26 12.78 12.56 11.61 10.37 10.80 10.15
11.39 11.39 11.17 12.12 10.51 10.95 9.56 11.17 11.02 9.93 8.03 7.74 9.20 9.20 9.20 10.07 9.56 10.80 10.80 10.73 11.97 10.37 10.15 8.10 8.54 7.15 6.50 5.84 7.08 5.99 6.20 6.64 7.01 8.40 10.29 10.73 8.40 7.96 8.03 6.86 6.13 6.28 5.55 5.55 5.77 6.35 7.96 8.61 8.40 10.51 12.92 12.92 13.14 11.90 11.02 11.24 10.80 9.78 9.86 10.22 10.15 10.29 9.20 11.17 11.02 13.07 16.79 14.82 14.82 16.72 19.13 19.49 19.56 14.67 15.84 11.61 14.82 13.14 17.89 14.97 14.09 10.80 10.00 10.15
11.75 11.75 10.95 10.80 10.73 10.66 12.92 11.90 11.24 10.00 10.51 8.18 9.93 7.88 10.00 10.00 14.02 12.85 12.85 11.10 12.70 13.51 10.59 7.23 5.77 6.50 6.64 6.72 6.20 5.69 5.62 5.11 5.84 7.45 6.86 7.23 7.88 7.74 8.76 7.52 7.59 7.52 8.18 8.18 8.83 8.91 8.32 8.25 10.51 10.22 11.97 10.15 10.22 11.10 8.91 11.10 10.66 13.51 11.75 11.75 12.26 9.71 9.64 10.37 14.02 18.25 17.23 23.00 23.00 22.12 21.68 21.46 21.75 18.32 12.48 12.05 13.51 17.08 16.35 15.40 12.05 12.56 14.09 13.72
11.75 11.75 10.95 10.80 10.73 10.66 12.92 11.90 11.24 10.00 10.51 8.18 9.93 7.88 10.00 10.00 14.02 12.85 12.85 11.10 12.70 13.51 10.59 7.23 5.77 6.50 6.64 6.72 6.20 5.69 5.62 5.11 5.84 7.45 6.86 7.23 7.88 7.74 8.76 7.52 7.59 7.52 8.18 8.18 8.83 8.91 8.32 8.25 10.51 10.22 11.97 10.15 10.22 11.10 8.91 11.10 10.66 13.51 11.75 11.75 12.26 9.71 9.64 10.37 14.02 18.25 17.23 23.00 23.00 22.12 21.68 21.46 21.75 18.32 12.48 12.05 13.51 17.08 16.35 15.40 12.05 12.56 14.09 13.72
8.54 10.73 9.78 10.00 8.54 10.07 11.97 11.97 8.69 8.32 8.91 9.93 9.78 12.85 12.48 13.14 18.40 14.89 14.89 13.80 16.79 13.43 11.53 8.25 8.03 6.06 6.20 5.84 5.69 7.01 6.20 7.23 8.25 8.10 8.25 7.59 11.53 11.68 10.37 10.80 11.61 10.37 10.80 10.80 7.59 6.50 7.45 6.94 8.98 8.25 8.32 8.83 6.42 8.32 8.10 9.42 14.16 13.80 13.80 13.80 13.72 13.80 11.39 14.67 14.53 18.10 23.21 22.48 22.48 24.97 25.92 25.92 20.44 13.51 14.89 10.73 11.61 11.17 15.55 16.06 13.51 14.53 15.62 15.55
8.76 8.98 9.78 7.08 7.74 9.86 9.27 8.69 8.83 8.98 9.56 10.15 11.75 12.63 12.41 13.36 14.38 15.62 15.62 9.42 6.35 7.37 8.40 7.88 7.96 6.86 7.15 7.74 7.45 7.74 12.34 11.83 11.97 13.36 12.05 11.75 12.26 12.41 11.10 8.61 9.27 8.25 6.72 6.72 6.35 6.64 7.08 6.86 6.94 6.94 5.91 5.62 5.77 5.33 7.30 6.94 8.91 11.39 11.02 10.51 13.94 15.40 14.97 16.28 18.32 17.96 20.15 21.17 21.17 23.36 25.19 21.53 22.56 16.21 12.05 12.56 10.51 9.13 8.32 7.74 9.86 9.56 10.37 13.80
7.01 7.37 6.13 6.57 7.15 9.34 7.52 8.98 7.74 9.93 9.42 9.34 11.10 8.69 9.56 8.03 8.40 7.74 7.74 4.38 5.69 7.08 9.13 9.64 8.47 9.27 7.96 10.88 12.70 14.67 14.24 16.28 16.86 14.16 11.97 9.56 6.06 5.77 5.91 6.86 6.42 5.69 5.26 5.26 5.33 6.28 7.81 6.72 7.37 7.08 6.64 6.86 5.91 5.84 7.15 8.25 8.25 8.83 8.61 8.47 8.40 13.58 13.65 12.78 18.18 19.05 19.05 19.13 19.13 20.51 22.56 19.56 14.24 15.70 11.39 11.90 11.39 3.43 1.39 0.37 7.81 8.98 8.91 9.49
7.37 7.59 6.20 6.20 5.84 7.15 5.69 4.67 6.28 6.64 8.25 8.03 7.81 9.71 7.59 5.11 6.28 6.13 6.13 5.04 5.40 6.50 9.27 10.59 11.32 11.75 10.29 10.88 11.24 13.87 15.91 16.06 15.99 14.24 6.94 8.54 5.69 4.23 6.42 6.35 6.35 6.86 9.20 9.20 9.34 8.32 8.25 8.54 8.32 8.76 8.10 8.54 7.45 9.86 9.93 9.42 10.22 10.73 8.25 7.30 7.01 9.56 10.66 12.26 11.75 14.75 18.83 18.32 18.32 20.73 18.61 19.86 12.92 10.66 10.15 12.63 3.07 0.00 0.00 1.02 7.23 8.47 8.98 13.43
7.37 7.59 6.20 6.20 5.84 7.15 5.69 4.67 6.28 6.64 8.25 8.03 7.81 9.71 7.59 5.11 6.28 6.13 6.13 5.04 5.40 6.50 9.27 10.59 11.32 11.75 10.29 10.88 11.24 13.87 15.91 16.06 15.99 14.24 6.94 8.54 5.69 4.23 6.42 6.35 6.35 6.86 9.20 9.20 9.34 8.32 8.25 8.54 8.32 8.76 8.10 8.54 7.45 9.86 9.93 9.42 10.22 10.73 8.25 7.30 7.01 9.56 10.66 12.26 11.75 14.75 18.83 18.32 18.32 20.73 18.61 19.86 12.92 10.66 10.15 12.63 3.07 0.00 0.00 1.02 7.23 8.47 8.98 13.43
6.50 6.35 6.50 6.50 8.83 7.52 7.66 5.04 4.74 5.40 4.96 6.42 9.13 9.56 9.93 11.39 9.42 7.81 7.81 6.06 5.33 5.40 7.59 7.66 10.29 11.10 9.49 8.76 10.51 11.97 14.82 16.94 15.48 13.21 8.25 10.44 5.99 6.13 7.23 8.76 9.34 9.78 9.93 9.93 9.78 8.91 7.66 8.03 7.59 7.96 9.56 9.56 9.13 10.66 11.39 10.73 10.95 9.05 9.42 7.81 12.78 15.55 15.70 12.48 14.02 13.72 16.28 21.68 21.68 20.95 19.49 12.78 14.75 10.80 9.93 11.39 7.81 0.00 0.00 0.00 5.69 3.87 3.87 5.11
6.57 7.37 7.08 6.35 8.83 9.56 8.47 6.42 5.69 5.84 6.42 10.88 9.78 13.87 14.31 13.80 11.17 10.66 10.66 8.40 11.17 9.34 6.57 9.20 8.25 10.29 10.80 10.51 10.80 13.21 11.39 16.06 16.86 13.43 10.51 7.96 6.28 6.79 4.16 4.31 6.86 10.29 10.15 10.15 9.64 9.56 6.94 5.99 5.91 5.48 4.16 8.10 8.10 7.59 9.34 9.49 9.05 10.66 14.97 14.31 15.84 18.32 15.84 16.86 13.58 16.35 15.33 22.85 22.85 22.56 22.41 15.99 10.51 7.96 7.96 2.92 0.00 0.00 0.00 4.67 3.80 3.65 3.50 3.14
3.87 3.58 4.31 7.88 6.20 7.66 8.40 6.86 6.50 7.88 9.56 9.93 11.39 11.90 8.98 10.37 12.85 12.19 12.19 12.85 12.63 10.07 8.76 10.73 11.10 12.34 12.19 12.12 10.66 10.66 13.07 13.94 8.40 8.32 8.61 7.74 2.77 1.31 1.83 1.53 2.92 4.60 9.93 9.93 7.23 6.79 6.79 3.72 3.43 2.70 2.99 3.72 6.50 5.91 7.88 10.00 13.65 13.07 13.87 17.08 16.13 20.29 16.57 13.58 13.80 16.86 23.14 21.46 21.46 22.48 10.37 4.82 8.32 5.48 1.83 2.56 0.07 0.00 0.00 0.00 1.02 1.02 1.02 1.75
1.53 3.21 4.74 6.35 5.04 7.01 7.30 8.10 7.81 10.29 10.07 9.93 10.51 10.66 9.71 9.13 10.37 12.41 12.41 11.68 12.05 11.90 12.85 12.41 12.56 17.45 14.24 10.44 11.75 8.47 4.89 4.67 5.69 5.48 4.31 1.83 2.77 1.10 0.07 0.00 4.31 3.14 7.23 7.23 5.62 5.40 6.06 6.42 4.53 3.21 3.65 3.65 5.91 8.98 13.58 10.80 14.31 13.36 13.87 13.58 12.12 9.56 15.99 12.85 15.11 13.51 15.26 17.01 17.01 18.61 9.93 3.07 1.02 1.10 0.66 0.00 0.00 0.00 0.00 0.58 0.51 0.22 0.88 0.51
2.19 4.60 3.80 6.28 6.64 7.37 8.98 8.91 10.00 10.37 9.27 11.61 12.63 11.75 12.56 8.91 12.19 12.78 12.78 16.21 17.30 16.57 16.35 15.18 20.51 20.73 17.81 14.09 12.70 11.83 6.64 4.09 4.16 3.50 2.85 2.26 2.04 0.00 0.00 0.00 1.39 2.12 3.65 3.65 3.72 3.29 5.04 3.50 4.96 3.29 3.50 5.04 4.60 7.23 13.14 12.56 15.62 13.21 7.96 8.47 8.69 7.01 8.25 9.71 12.41 11.83 11.90 8.83 8.83 5.69 2.04 2.41 1.02 0.73 0.95 0.00 0.00 0.00 0.00 0.00 0.00 0.37 0.58 1.24
2.19 4.60 3.80 6.28 6.64 7.37 8.98 8.91 10.00 10.37 9.27 11.61 12.63 11.75 12.56 8.91 12.19 12.78 12.78 16.21 17.30 16.57 16.35 15.18 20.51 20.73 17.81 14.09 12.70 11.83 6.64 4.09 4.16 3.50 2.85 2.26 2.04 0.00 0.00 0.00 1.39 2.12 3.65 3.65 3.72 3.29 5.04 3.50 4.96 3.29 3.50 5.04 4.60 7.23 13.14 12.56 15.62 13.21 7.96 8.47 8.69 7.01 8.25 9.71 12.41 11.83 11.90 8.83 8.83 5.69 2.04 2.41 1.02 0.73 0.95 0.00 0.00 0.00 0.00 0.00 0.00 0.37 0.58 1.24
2.19 2.70 2.56 5.33 5.84 8.10 9.64 14.97 13.87 14.82 12.19 12.05 10.59 10.29 13.72 11.97 13.14 14.97 14.97 15.77 16.64 18.98 19.78 20.81 21.53 21.68 21.17 17.96 18.03 14.97 8.69 6.94 5.04 3.14 2.92 1.39 0.00 0.00 0.00 1.83 1.75 2.34 3.43 3.43 4.16 3.72 3.43 2.77 2.34 2.70 1.31 4.60 5.91 4.96 9.34 8.61 5.18 11.46 7.01 5.48 6.50 6.28 8.32 11.61 10.73 10.80 7.59 5.77 5.77 5.55 7.96 5.62 2.04 1.17 0.00 0.29 0.00 0.00 0.00 0.00 0.00 0.00 0.00 0.00
2.04 3.72 4.09 4.09 6.72 11.53 14.16 16.28 16.64 13.14 9.13 10.29 9.56 11.39 12.92 12.34 14.09 14.67 14.67 15.18 16.79 18.18 19.78 19.67 18.64 20.81 17.48 17.89 17.52 12.41 7.59 4.31 5.69 3.21 1.83 2.19 0.88 1.75 3.43 3.43 3.14 4.16 3.72 3.72 4.31 4.45 3.58 3.87 2.92 0.00 3.21 2.70 4.38 4.16 5.99 6.50 2.77 2.77 4.23 4.23 7.96 7.59 7.23 11.02 10.29 10.73 8.47 5.62 5.62 8.18 7.52 6.86 2.56 0.80 0.73 0.00 0.00 0.00 0.00 0.00 0.00 0.07 0.00 0.00
7.88 8.25 6.94 8.10 11.61 11.32 12.85 15.11 15.77 9.86 5.99 5.33 5.11 5.99 13.51 13.36 16.72 16.72 16.72 17.89 19.20 18.83 20.15 19.85 23.41 20.26 20.61 20.02 19.93 16.86 11.24 10.80 6.72 4.38 2.70 1.90 2.12 1.90 2.12 2.63 2.85 2.92 3.14 3.14 2.99 4.09 2.99 3.07 3.36 2.70 2.85 2.41 4.09 3.58 2.48 2.04 2.19 0.00 5.69 9.27 8.61 10.29 10.66 8.98 8.83 5.99 7.45 6.72 6.72 7.23 6.28 6.64 3.94 1.10 1.24 1.39 1.24 1.39 0.66 0.73 0.00 0.07 0.51 0.44
10.51 10.73 8.76 8.47 8.69 11.32 7.74 3.80 0.00 0.00 3.07 0.00 0.00 4.67 9.13 4.89 7.23 10.95 10.95 13.14 16.21 9.19 15.80 19.87 20.20 21.41 21.17 22.19 22.13 19.37 18.32 15.11 11.02 6.42 8.83 4.45 3.21 4.23 2.85 2.92 2.04 1.68 2.26 2.26 2.12 2.70 0.00 2.34 0.51 0.58 1.02 1.31 3.36 3.36 1.83 1.10 0.00 0.00 0.00 9.13 12.05 11.61 13.87 14.16 9.64 6.35 10.00 11.24 11.24 12.19 10.88 4.67 5.04 3.29 2.85 1.68 1.90 1.46 1.17 0.88 1.02 0.51 0.80 1.17
11.24 11.61 8.98 9.27 8.98 6.57 7.30 0.00 0.00 0.00 0.00 0.00 0.00 0.00 0.00 0.00 3.87 6.13 6.13 0.00 0.00 4.74 8.65 4.09 11.04 18.98 19.12 23.09 24.46 22.64 22.45 19.86 15.18 17.89 15.18 10.29 11.17 4.96 2.34 1.39 0.73 0.95 0.00 0.00 0.00 0.00 0.00 0.00 0.00 0.00 0.00 0.00 1.10 0.95 1.10 0.58 0.00 0.00 0.00 3.58 12.05 15.04 14.24 17.08 17.89 10.95 13.72 15.40 15.40 13.94 15.40 10.88 5.69 4.23 2.99 2.85 1.61 1.10 1.10 1.46 1.17 1.02 1.10 1.39
11.24 11.61 8.98 9.27 8.98 6.57 7.30 0.00 0.00 0.00 0.00 0.00 0.00 0.00 0.00 0.00 3.87 6.13 6.16 0.00 0.00 5.08 8.44 4.19 10.88 18.98 18.54 21.46 22.86 22.99 22.68 20.68 17.06 18.93 15.57 10.29 11.17 4.96 2.34 1.39 0.73 0.95 0.00 0.00 0.00 0.00 0.00 0.00 0.00 0.00 0.00 0.00 1.10 0.95 1.10 0.58 0.00 0.00 0.00 3.58 12.05 15.04 14.24 17.08 17.89 10.95 13.72 15.40 15.40 13.94 15.40 10.88 5.69 4.23 2.99 2.85 1.61 1.10 1.10 1.46 1.17 1.02 1.10 1.39
13.65 13.14 11.24 12.63 8.10 6.57 4.82 4.16 0.00 0.00 0.00 0.00 0.00 0.00 0.00 0.00 5.77 5.40 5.40 5.84 0.00 0.00 0.00 0.00 5.24 11.95 9.73 13.50 17.08 20.76 14.38 18.76 21.73 22.28 19.49 15.36 15.85 8.91 6.86 2.48 1.31 1.24 1.61 1.61 0.00 0.00 0.00 0.00 0.00 0.00 0.00 0.07 0.00 0.00 0.58 0.00 0.00 1.39 0.00 0.00 3.50 12.63 15.91 14.97 18.91 19.42 16.94 18.76 18.76 15.77 10.51 6.42 7.23 5.11 6.35 4.31 5.26 1.83 2.56 3.14 2.99 3.72 4.16 1.83
13.51 13.14 13.07 7.59 8.32 5.91 5.91 5.69 5.69 6.42 0.00 2.48 0.00 0.00 6.42 9.71 10.66 8.40 8.40 5.14 4.82 1.98 2.48 0.00 1.98 0.67 2.41 5.22 11.02 7.01 9.34 13.94 18.03 20.65 22.84 19.26 19.19 10.20 11.53 5.62 9.05 3.58 4.74 4.74 0.44 0.44 0.44 0.80 0.00 0.00 0.00 0.00 0.00 0.00 0.00 0.00 0.00 0.00 0.00 1.68 1.75 1.46 4.16 17.52 17.81 18.54 13.43 12.19 12.19 16.86 11.68 6.35 5.04 4.96 6.42 5.62 2.63 3.07 3.14 3.65 4.74 4.53 4.96 5.11
13.58 13.80 11.46 10.73 12.41 10.22 8.69 9.05 14.53 9.27 10.80 3.43 3.21 4.02 7.37 8.54 10.15 7.15 7.15 6.28 5.33 3.80 3.43 1.90 0.00 0.07 0.22 3.17 2.70 4.84 7.74 9.93 9.49 13.94 19.06 19.57 21.34 14.97 16.50 13.14 14.16 7.30 4.53 4.53 1.17 1.24 0.80 0.22 0.51 0.95 0.95 0.00 0.00 0.00 0.00 0.00 0.00 0.00 0.00 0.80 1.24 3.14 2.41 12.19 13.87 10.95 11.46 10.29 10.29 6.72 3.07 3.72 1.97 1.83 4.23 6.28 5.40 3.58 4.45 3.43 5.11 7.74 8.61 8.25
11.61 14.16 13.80 13.87 14.31 13.51 13.87 16.21 15.99 13.51 10.88 11.97 12.41 7.01 5.69 9.13 5.26 5.91 5.91 4.82 5.77 4.60 2.92 2.26 1.31 0.37 1.97 3.23 5.33 6.42 6.20 7.30 6.86 9.78 14.53 14.82 20.53 18.84 21.45 16.44 16.94 13.14 6.50 6.50 2.04 2.19 2.41 1.02 1.02 0.80 1.17 1.39 0.00 0.00 0.44 0.58 0.00 0.88 2.56 2.34 2.12 2.92 3.43 3.21 3.21 7.81 7.30 7.52 7.52 5.55 2.99 0.00 0.00 0.00 2.92 5.77 5.84 5.69 5.26 4.96 7.23 7.23 9.05 8.25
8.47 4.31 10.37 12.19 13.36 14.24 14.67 14.24 13.79 13.43 10.22 11.97 11.46 10.51 7.08 3.58 2.56 2.48 2.48 3.29 2.19 2.26 3.07 2.19 4.74 1.90 3.58 4.65 7.08 7.59 6.57 6.64 7.23 7.59 10.66 9.78 16.72 11.61 17.27 11.83 11.89 9.42 9.42 9.42 9.71 4.31 4.60 1.83 1.75 2.04 2.12 1.39 1.68 0.00 0.00 1.10 2.19 1.97 3.21 4.53 4.09 3.36 2.77 1.90 2.34 2.04 2.77 3.58 3.58 4.16 2.26 0.00 0.00 2.26 1.90 4.02 4.96 4.89 4.96 4.16 5.77 7.37 8.69 8.69
1.61 0.22 2.12 4.82 13.36 14.75 13.21 13.72 11.83 9.71 7.66 8.98 8.32 5.62 3.21 1.75 0.73 0.58 0.58 2.48 3.21 0.00 0.00 5.84 5.40 3.36 5.62 6.50 8.60 9.00 9.76 8.00 9.18 6.06 6.06 4.02 6.28 5.97 11.97 6.72 9.29 6.28 8.18 8.18 8.47 7.37 5.33 5.40 3.50 4.23 4.53 1.46 1.17 1.31 1.46 2.63 3.07 3.58 2.99 5.04 4.53 3.29 2.99 2.19 2.34 2.41 2.04 2.12 2.12 0.00 0.00 0.00 0.00 1.97 3.14 2.77 3.21 3.14 3.14 2.70 3.14 2.77 3.80 3.94
1.61 0.22 2.12 4.82 13.36 14.75 13.21 13.72 11.53 9.71 7.66 8.98 8.32 5.62 3.21 1.75 0.73 0.59 0.58 2.48 3.21 0.00 0.00 5.84 5.40 3.36 5.62 6.50 8.47 8.69 9.42 7.96 8.91 6.06 6.09 4.04 6.28 5.94 12.09 6.72 9.20 6.28 8.18 8.18 8.47 7.37 5.33 5.40 3.50 4.23 4.53 1.46 1.17 1.31 1.46 2.63 3.07 3.58 2.99 5.04 4.53 3.29 2.99 2.19 2.34 2.41 2.04 2.12 2.12 0.00 0.00 0.00 0.00 1.97 3.14 2.77 3.21 3.14 3.14 2.70 3.14 2.77 3.80 3.94
1.97 4.45 6.28 7.01 11.32 15.48 16.50 15.34 11.41 12.41 7.59 6.86 6.50 4.23 2.56 1.10 0.51 1.02 1.02 1.02 3.43 0.00 4.45 0.00 0.00 3.29 5.77 4.82 7.88 11.68 11.32 11.53 10.07 7.01 4.60 0.00 3.65 2.04 3.74 3.21 5.33 2.85 5.33 5.33 4.96 5.04 5.26 5.11 6.20 5.40 6.13 2.99 2.26 3.58 3.50 3.29 3.29 3.58 4.82 4.60 4.53 3.50 2.48 2.48 2.70 1.31 1.61 1.61 1.61 0.00 0.00 0.00 0.00 0.00 0.00 0.00 4.09 0.00 3.72 0.00 2.34 2.77 2.70 2.85
