Wansh/Snow_depth/snowdepth-1995/winter/1996052.txt
ncols 321
nrows 161
xllcenter 60
yllcenter 15 
cellsize  0.25 
NODATA_value -1
[rows 0 to 36 of 161, columns 84 to 167 of 321]
17.23 17.01 17.52 15.91 16.50 14.24 12.41 12.26 13.51 16.43 15.77 16.50 16.13 16.13 14.75 15.04 17.30 15.70 15.70 16.21 12.78 14.38 11.10 8.54 9.93 6.20 3.80 3.94 4.09 3.80 6.35 6.79 6.72 6.35 3.72 4.38 4.96 5.04 3.72 4.16 2.63 5.04 4.67 4.67 4.82 4.45 4.23 5.62 8.18 7.59 10.59 9.42 11.02 7.96 6.94 6.64 6.57 7.59 7.74 7.08 5.91 5.69 4.38 4.96 3.94 4.23 6.50 7.59 7.59 8.91 6.94 6.86 7.52 8.98 9.71 11.24 10.95 11.75 11.39 9.86 9.78 10.00 9.56 9.42
17.16 17.01 16.94 15.55 13.65 14.09 11.17 12.41 11.61 15.70 16.79 16.64 14.53 13.14 13.51 11.24 11.39 9.49 9.49 11.24 11.46 12.05 11.02 11.46 7.45 7.96 5.11 3.07 3.72 2.04 3.29 5.55 6.42 6.28 4.45 2.92 2.85 2.77 3.65 3.14 6.35 5.69 12.12 12.12 13.36 13.36 11.32 8.03 7.66 6.13 7.81 7.59 7.52 6.64 6.50 6.64 7.37 9.42 8.03 7.30 5.69 9.05 7.96 7.23 5.77 7.88 8.18 11.24 11.24 10.44 9.78 10.59 10.80 11.10 11.24 12.63 13.58 13.65 12.12 10.51 10.51 10.15 9.64 9.78
17.96 15.77 13.14 13.87 11.46 12.34 11.83 14.75 16.06 15.48 17.08 15.11 15.04 14.38 15.04 11.02 9.05 9.34 9.34 8.69 9.71 10.51 12.56 12.41 12.78 8.91 7.66 3.65 2.04 2.12 2.92 3.80 3.14 5.40 5.69 5.69 5.18 3.07 4.38 6.13 5.99 10.51 13.14 13.14 14.60 15.99 19.71 11.97 12.78 8.25 9.05 5.62 4.82 4.74 5.84 7.66 7.88 10.07 10.00 11.10 12.26 12.70 12.48 11.53 10.00 14.16 12.19 13.29 13.29 13.72 12.05 10.88 11.83 13.87 13.58 16.28 15.11 16.72 13.80 14.38 11.39 12.48 11.10 9.86
17.96 15.77 13.14 13.87 11.46 12.34 11.83 14.75 16.06 15.48 17.08 15.11 15.04 14.38 15.04 11.02 9.05 9.34 9.34 8.69 9.71 10.51 12.56 12.41 12.78 8.91 7.66 3.65 2.04 2.12 2.92 3.80 3.14 5.40 5.69 5.69 5.18 3.07 4.38 6.13 5.99 10.51 13.14 13.14 14.60 15.99 19.71 11.97 12.78 8.25 9.05 5.62 4.82 4.74 5.84 7.66 7.88 10.07 10.00 11.10 12.26 12.70 12.48 11.53 10.00 14.16 12.19 13.29 13.29 13.72 12.05 10.88 11.83 13.87 13.58 16.28 15.11 16.72 13.80 14.38 11.39 12.48 11.10 9.86
13.87 14.24 12.05 13.07 12.48 14.75 14.24 14.45 14.02 17.01 16.86 16.06 15.40 15.55 14.89 13.21 13.72 8.40 8.40 8.76 8.54 9.42 9.05 12.41 10.07 10.51 7.01 4.02 4.53 2.41 1.90 2.63 4.82 4.16 6.86 6.42 6.94 5.99 6.50 6.79 6.20 10.07 8.69 8.69 17.74 21.39 20.88 18.18 20.08 12.26 7.01 7.23 5.84 6.50 4.74 6.79 6.35 7.66 9.13 12.19 12.05 12.63 15.26 13.80 14.31 16.72 17.67 15.11 15.11 13.72 15.11 12.70 13.51 14.16 13.72 15.84 14.82 16.35 14.45 14.24 12.41 11.68 11.53 10.59
13.36 14.53 14.31 15.62 14.82 15.11 13.87 13.36 12.99 13.65 15.33 15.40 16.06 14.24 16.43 13.80 11.90 12.63 12.63 10.37 8.25 8.10 9.93 9.42 11.17 9.56 10.07 4.96 2.99 3.29 2.04 3.50 3.29 6.42 7.59 7.59 7.59 6.79 6.79 7.59 7.30 9.13 10.73 10.73 13.65 12.85 17.45 18.91 19.64 12.99 7.59 8.18 7.15 6.50 6.28 5.69 5.40 7.74 9.86 12.05 12.48 13.87 16.64 15.70 15.77 17.01 16.50 13.51 13.51 12.78 12.85 12.70 14.53 13.80 12.48 12.41 12.78 13.29 12.26 12.26 13.43 15.11 14.02 12.70
12.99 14.31 14.89 14.60 14.82 14.09 14.38 14.16 13.36 13.51 12.99 14.16 14.53 13.36 11.90 12.12 12.19 11.02 11.02 11.17 11.39 11.32 9.05 9.78 9.20 9.78 4.82 5.48 4.45 4.23 3.72 4.60 6.42 5.99 7.30 7.96 7.88 8.18 8.25 8.10 9.93 11.53 11.39 11.39 13.07 15.77 15.11 17.08 14.16 9.93 10.88 6.94 5.99 5.99 6.50 7.96 9.13 10.37 12.56 14.16 14.31 16.86 17.96 16.64 18.25 17.16 15.04 13.87 13.87 15.84 15.40 16.28 16.28 14.75 13.94 15.70 13.58 13.94 11.90 11.10 12.48 13.94 13.07 13.87
12.99 14.31 14.89 14.60 14.82 14.09 14.38 14.16 13.36 13.51 12.99 14.16 14.53 13.36 11.90 12.12 12.19 11.02 11.02 11.17 11.39 11.32 9.05 9.78 9.20 9.78 4.82 5.48 4.45 4.23 3.72 4.60 6.42 5.99 7.30 7.96 7.88 8.18 8.25 8.10 9.93 11.53 11.39 11.39 13.07 15.77 15.11 17.08 14.16 9.93 10.88 6.94 5.99 5.99 6.50 7.96 9.13 10.37 12.56 14.16 14.31 16.86 17.96 16.64 18.25 17.16 15.04 13.87 13.87 15.84 15.40 16.28 16.28 14.75 13.94 15.70 13.58 13.94 11.90 11.10 12.48 13.94 13.07 13.87
14.97 14.67 14.53 15.70 15.26 15.18 12.92 12.92 12.78 12.48 11.10 12.05 9.05 11.24 10.59 11.90 12.19 11.53 11.53 12.26 11.83 12.92 10.80 11.39 6.72 4.45 5.04 4.02 4.60 4.45 5.11 5.48 5.48 7.01 10.44 9.78 11.53 10.29 10.44 8.76 7.88 7.81 9.27 9.27 10.00 9.71 11.53 11.61 11.68 10.29 7.66 10.15 9.13 7.30 7.59 10.00 9.49 9.49 11.02 10.15 13.65 16.06 16.72 14.24 15.55 16.72 16.72 16.72 16.72 15.84 17.37 17.89 17.16 16.79 16.64 16.13 12.85 14.09 13.14 13.58 12.56 12.05 12.48 13.72
13.87 14.45 14.16 14.60 14.38 14.60 13.72 12.92 12.34 12.70 10.37 8.98 9.20 10.00 11.83 11.83 12.34 12.34 12.34 14.53 16.06 13.36 11.61 6.79 7.45 4.89 4.53 4.23 5.18 4.89 4.89 4.53 6.86 6.13 10.80 12.34 12.48 10.59 9.20 9.86 7.15 7.23 6.57 6.57 8.40 7.88 7.88 9.27 8.76 10.66 11.90 11.32 12.26 12.63 10.37 10.29 12.05 11.61 10.66 10.95 10.95 11.24 10.66 12.05 12.41 14.45 14.75 19.56 19.56 18.69 18.91 18.69 17.23 14.97 12.92 12.78 12.63 14.67 15.04 14.45 11.46 11.39 11.32 10.73
13.58 14.38 13.72 13.72 14.09 13.29 12.05 12.48 11.53 9.78 10.37 9.13 10.29 9.78 13.21 15.70 14.02 16.21 16.21 17.45 16.57 14.53 7.59 7.23 5.40 5.26 4.89 5.04 5.04 5.04 5.91 6.57 6.42 7.59 9.05 8.83 11.10 10.00 10.44 9.64 9.78 9.86 8.83 8.83 8.25 8.25 8.03 9.49 10.66 11.10 11.02 12.85 13.14 10.88 11.32 10.73 11.97 14.60 11.75 13.87 11.32 10.80 11.24 13.94 12.99 14.60 19.93 22.12 22.12 22.92 20.51 20.66 15.48 17.52 13.14 13.72 15.55 16.28 15.84 13.21 13.80 12.92 10.88 11.39
13.58 14.38 13.72 13.72 14.09 13.29 12.05 12.48 11.53 9.78 10.37 9.13 10.29 9.78 13.21 15.70 14.02 16.21 16.21 17.45 16.57 14.53 7.59 7.23 5.40 5.26 4.89 5.04 5.04 5.04 5.91 6.57 6.42 7.59 9.05 8.83 11.10 10.00 10.44 9.64 9.78 9.86 8.83 8.83 8.25 8.25 8.03 9.49 10.66 11.10 11.02 12.85 13.14 10.88 11.32 10.73 11.97 14.60 11.75 13.87 11.32 10.80 11.24 13.94 12.99 14.60 19.93 22.12 22.12 22.92 20.51 20.66 15.48 17.52 13.14 13.72 15.55 16.28 15.84 13.21 13.80 12.92 10.88 11.39
12.99 12.92 13.87 12.48 11.02 12.78 10.95 8.10 8.83 9.27 10.15 9.64 12.63 14.89 14.24 16.64 18.83 18.03 18.03 18.83 14.82 15.77 8.76 7.59 7.08 6.72 5.33 5.26 5.33 6.28 6.13 6.72 7.66 7.52 8.98 11.10 10.66 10.80 10.15 9.93 10.88 10.22 9.56 9.56 7.74 8.18 8.25 9.64 9.27 10.44 10.22 10.95 10.80 11.02 10.29 9.56 14.38 15.26 16.43 14.16 14.60 13.80 14.31 14.75 17.23 15.77 16.86 20.95 20.95 22.92 23.21 21.90 18.03 15.62 12.41 13.29 14.53 14.75 15.40 14.82 15.18 13.43 14.09 15.04
12.99 12.78 12.48 12.78 11.32 11.39 11.68 9.13 10.37 9.78 10.66 13.21 12.19 15.91 16.13 16.72 18.91 16.28 16.28 15.91 10.73 9.34 10.00 8.54 7.23 7.81 5.77 7.88 7.59 11.53 12.78 12.78 13.80 12.48 11.97 11.97 12.56 11.53 12.05 10.51 10.51 9.64 10.15 10.15 8.10 8.25 9.20 8.76 10.00 9.56 9.34 8.47 8.76 8.47 8.54 9.64 11.39 10.07 15.55 11.97 15.26 14.60 15.91 18.69 18.54 20.66 21.39 22.63 22.63 22.27 23.36 23.14 19.49 15.84 14.31 14.67 12.92 14.31 12.26 6.13 9.34 10.66 12.05 10.88
12.70 11.68 11.90 12.19 12.92 12.05 11.53 11.17 13.14 13.87 13.58 11.83 14.38 13.87 13.14 11.10 15.18 12.05 12.05 8.32 8.98 8.18 9.64 10.37 10.37 9.78 7.37 9.20 12.99 12.70 14.60 15.62 13.94 14.60 11.61 10.22 10.73 9.13 8.98 9.05 9.05 8.76 9.34 9.34 8.91 8.83 9.27 10.07 9.56 9.86 9.71 9.64 9.42 9.56 10.88 13.29 10.07 7.88 9.64 11.10 8.76 12.99 11.90 16.72 18.40 18.18 18.61 18.54 18.54 19.35 18.98 19.42 18.91 16.06 12.41 11.10 7.66 10.00 9.27 3.29 7.01 10.66 10.66 13.21
11.75 11.97 12.12 13.29 11.97 11.90 10.07 8.47 8.47 11.68 10.66 9.71 9.71 11.02 11.46 9.20 10.44 10.00 10.00 9.64 5.99 6.20 7.88 12.26 11.32 11.53 10.29 9.13 9.27 13.51 17.96 17.16 18.54 13.58 9.86 10.73 6.20 6.50 5.99 7.59 9.05 9.93 9.86 9.86 9.86 10.66 10.00 9.78 9.86 9.78 10.80 10.80 10.80 11.61 14.16 14.89 7.88 9.05 7.15 7.52 7.74 9.56 11.83 11.97 15.84 11.90 16.50 19.13 19.13 19.93 19.27 14.16 12.05 12.48 12.26 10.59 7.81 0.00 4.23 0.00 9.56 8.76 9.86 13.29
11.75 11.97 12.12 13.29 11.97 11.90 10.07 8.47 8.47 11.68 10.66 9.71 9.71 11.02 11.46 9.20 10.44 10.00 10.00 9.64 5.99 6.20 7.88 12.26 11.32 11.53 10.29 9.13 9.27 13.51 17.96 17.16 18.54 13.58 9.86 10.73 6.20 6.50 5.99 7.59 9.05 9.93 9.86 9.86 9.86 10.66 10.00 9.78 9.86 9.78 10.80 10.80 10.80 11.61 14.16 14.89 7.88 9.05 7.15 7.52 7.74 9.56 11.83 11.97 15.84 11.90 16.50 19.13 19.13 19.93 19.27 14.16 12.05 12.48 12.26 10.59 7.81 0.00 4.23 0.00 9.56 8.76 9.86 13.29
11.90 11.61 12.70 12.26 12.12 10.37 8.69 6.50 5.62 5.55 7.37 9.05 8.54 11.75 10.66 10.66 11.68 10.22 10.22 5.91 7.37 5.62 7.15 10.59 12.41 10.59 11.39 8.18 10.88 10.00 14.89 19.27 16.13 17.45 10.59 6.28 7.01 5.99 8.98 9.05 10.66 10.29 10.73 10.73 10.66 10.80 10.22 10.29 8.61 9.49 8.91 10.44 10.66 11.10 11.10 13.07 13.51 10.66 8.98 16.50 15.55 15.84 13.80 11.90 14.53 16.94 16.13 18.18 18.18 20.51 19.86 14.89 12.85 13.58 11.02 12.19 6.57 0.00 2.41 5.84 6.79 5.84 6.86 6.13
8.40 10.29 10.88 13.29 13.21 11.83 10.29 7.45 6.13 7.30 7.08 8.83 12.34 11.53 14.75 13.87 14.45 12.99 12.99 9.49 7.37 7.96 6.13 8.10 7.45 12.19 12.26 10.80 10.07 11.02 14.75 18.69 20.08 16.50 11.75 13.21 6.50 4.16 5.26 4.60 8.61 10.80 12.05 12.05 11.17 12.92 11.24 8.54 8.32 7.66 7.81 7.96 8.76 10.15 9.64 10.66 12.48 10.95 16.79 18.69 20.37 20.29 16.06 14.16 15.33 18.18 21.61 23.43 23.43 21.39 22.63 17.89 12.85 10.88 7.74 1.83 5.33 2.41 1.10 2.56 1.97 3.07 4.31 3.80
8.03 10.00 9.56 12.34 13.14 12.85 11.46 9.64 7.81 8.54 10.66 10.95 11.39 13.51 11.90 12.34 12.99 13.80 13.80 13.36 10.88 7.74 8.32 7.59 10.80 9.93 13.07 11.46 9.13 9.86 10.29 14.16 15.40 15.55 12.26 7.37 8.61 3.87 2.26 0.88 2.56 2.77 8.98 8.98 14.16 13.51 12.48 10.37 9.71 7.74 5.99 7.45 7.23 9.49 12.70 14.53 15.48 17.08 16.50 18.47 17.67 17.96 17.37 17.23 16.79 19.13 23.36 24.89 24.89 14.89 9.49 7.59 8.18 7.88 3.07 1.31 3.43 1.24 1.83 1.83 1.68 2.12 3.07 3.07
8.25 9.42 12.26 11.39 13.07 11.97 12.26 11.10 12.92 9.27 12.78 13.43 15.70 15.70 13.07 9.93 9.64 11.97 11.97 13.14 13.07 13.36 13.07 13.51 10.80 14.60 17.23 14.16 9.93 6.06 6.64 6.64 9.34 5.40 5.04 5.62 1.10 0.00 0.00 0.00 1.17 5.04 4.31 4.31 10.44 9.42 12.41 8.10 7.45 5.40 4.96 6.50 8.40 12.99 14.38 16.43 16.57 16.06 15.04 14.24 13.87 15.40 12.05 15.99 15.77 19.27 23.36 14.89 14.89 11.32 5.84 4.31 1.75 0.66 0.95 0.66 0.73 0.00 0.66 0.15 0.73 1.10 1.17 2.04
6.94 6.86 13.29 12.63 12.78 11.24 12.19 11.75 13.94 16.06 16.06 15.55 18.18 16.35 18.18 15.62 15.55 12.85 12.85 13.51 15.04 15.04 15.55 16.72 19.71 19.42 20.15 17.67 13.43 14.89 5.91 1.75 3.29 2.70 3.94 1.83 2.70 0.00 0.00 0.00 1.68 1.39 1.53 1.53 2.41 0.00 5.48 6.57 4.16 4.16 2.92 6.50 10.88 10.22 13.94 17.16 16.28 12.92 11.75 9.64 8.54 11.02 12.78 14.45 13.07 11.61 9.71 10.29 10.29 8.18 5.18 3.50 1.53 1.17 0.58 0.29 0.22 0.00 0.07 0.58 0.73 1.17 1.17 1.68
6.94 6.86 13.29 12.63 12.78 11.24 12.19 11.75 13.94 16.06 16.06 15.55 18.18 16.35 18.18 15.62 15.55 12.85 12.85 13.51 15.04 15.04 15.55 16.72 19.71 19.42 20.15 17.67 13.43 14.89 5.91 1.75 3.29 2.70 3.94 1.83 2.70 0.00 0.00 0.00 1.68 1.39 1.53 1.53 2.41 0.00 5.48 6.57 4.16 4.16 2.92 6.50 10.88 10.22 13.94 17.16 16.28 12.92 11.75 9.64 8.54 11.02 12.78 14.45 13.07 11.61 9.71 10.29 10.29 8.18 5.18 3.50 1.53 1.17 0.58 0.29 0.22 0.00 0.07 0.58 0.73 1.17 1.17 1.68
5.62 5.40 4.96 10.51 10.37 10.15 15.55 16.72 16.28 17.52 18.03 17.74 18.91 19.35 17.81 18.10 17.01 16.50 16.50 16.43 15.99 17.45 18.69 18.54 20.88 21.02 21.61 19.27 15.26 8.18 10.07 3.36 1.97 1.97 2.19 1.31 0.22 0.00 0.00 0.00 0.07 0.66 0.80 0.80 1.02 0.00 0.00 0.00 0.00 0.00 0.00 4.60 2.85 5.91 8.91 10.22 10.07 11.02 9.34 6.94 9.78 10.59 11.10 14.02 13.65 11.61 7.59 7.30 7.30 6.64 6.64 6.94 2.99 3.65 0.80 0.37 0.00 0.00 0.00 0.29 0.00 0.00 0.51 0.58
5.48 5.04 4.23 9.13 10.80 16.94 15.33 21.46 19.71 20.59 18.54 15.70 14.09 14.45 18.18 17.23 17.52 16.57 16.57 17.30 20.37 19.71 21.90 21.45 20.69 22.83 19.84 19.35 18.10 13.43 10.37 5.26 3.21 3.14 0.51 0.00 0.00 0.73 0.00 1.24 0.44 0.15 0.00 0.00 0.00 0.00 0.00 0.00 0.00 0.00 0.00 0.00 3.14 3.65 5.26 5.69 5.48 5.48 7.96 7.01 8.54 10.88 10.73 12.19 14.60 11.46 8.32 7.74 7.74 8.54 7.45 5.77 3.72 4.38 1.68 0.00 0.00 0.00 0.00 0.95 0.88 0.07 0.07 0.00
8.61 12.85 11.46 14.31 14.09 17.81 20.08 20.15 15.77 10.22 13.51 13.80 11.68 8.03 8.10 11.02 17.89 17.59 17.59 18.40 20.73 22.56 22.41 23.56 25.57 21.68 23.34 21.52 20.15 14.02 15.77 9.49 4.31 1.90 2.56 0.73 1.10 0.00 0.95 0.51 0.73 0.88 0.00 0.00 0.00 0.15 0.00 0.00 0.00 0.00 0.00 0.00 0.00 0.00 3.50 0.00 4.96 6.79 8.25 10.07 12.05 11.39 8.83 8.61 6.28 6.94 6.20 6.64 6.64 8.32 7.23 4.23 2.99 2.41 1.61 0.80 0.15 1.61 0.00 0.00 0.07 0.22 0.15 0.37
13.72 13.87 13.80 14.16 14.38 13.72 16.06 12.78 13.94 6.86 1.68 7.15 7.74 3.87 6.50 10.22 8.98 11.61 11.61 10.66 18.47 19.79 21.75 21.52 22.69 24.28 24.02 23.15 24.68 19.14 19.27 15.91 13.21 14.38 5.11 2.70 0.80 1.17 0.51 0.73 0.37 0.00 0.00 0.00 0.00 0.00 0.00 0.00 0.00 0.00 0.00 0.00 0.00 0.00 0.00 0.00 4.09 5.77 7.15 12.34 11.90 12.34 13.58 9.86 6.20 14.24 11.75 12.26 12.26 8.91 8.61 5.62 7.96 3.43 1.39 2.56 3.72 2.19 1.68 0.15 1.53 0.29 0.80 0.66
14.67 14.60 14.75 13.80 12.56 11.39 10.73 9.71 3.14 0.00 0.00 0.00 0.00 0.00 0.00 6.13 8.03 7.74 7.74 6.96 0.00 4.59 4.21 7.74 12.97 17.59 16.86 24.68 26.99 23.82 24.87 19.64 18.40 12.63 14.38 8.54 12.19 4.89 1.02 0.66 0.00 0.15 0.73 0.73 0.00 0.00 0.00 0.00 0.00 0.00 0.00 0.00 0.00 0.00 0.00 0.00 3.65 0.00 5.18 9.64 10.37 13.94 12.41 14.24 19.42 21.61 19.20 19.05 19.05 17.23 13.07 7.96 9.56 5.11 4.23 5.04 4.16 2.12 2.34 2.34 2.48 1.46 2.34 1.24
14.67 14.60 14.75 13.80 12.56 11.39 10.73 9.71 3.14 0.00 0.00 0.00 0.00 0.00 0.00 6.13 8.03 7.74 7.78 7.18 0.00 4.92 4.11 7.94 12.78 17.59 16.35 22.93 25.22 24.18 25.12 20.46 20.67 13.36 14.75 8.54 12.19 4.89 1.02 0.66 0.00 0.15 0.73 0.73 0.00 0.00 0.00 0.00 0.00 0.00 0.00 0.00 0.00 0.00 0.00 0.00 3.65 0.00 5.18 9.64 10.37 13.94 12.41 14.24 19.42 21.61 19.20 19.05 19.05 17.23 13.07 7.96 9.56 5.11 4.23 5.04 4.16 2.12 2.34 2.34 2.48 1.46 2.34 1.24
17.74 16.94 14.24 15.33 11.17 9.93 9.42 9.05 9.49 2.56 0.00 1.39 0.00 0.00 8.76 3.29 7.45 5.69 5.69 6.35 0.00 0.00 0.00 0.00 5.24 11.21 16.59 15.26 20.59 25.75 24.19 21.56 26.65 25.53 21.15 16.34 8.70 9.13 4.53 3.43 0.66 0.51 0.51 0.51 0.00 0.00 0.00 0.00 0.00 0.00 0.00 0.00 0.00 0.00 0.00 0.00 0.00 4.53 4.96 7.37 6.35 12.26 16.21 20.66 18.98 22.19 22.70 20.66 20.66 15.11 10.80 7.74 5.99 5.33 5.69 4.16 4.02 3.43 2.85 3.36 1.97 2.48 2.77 1.46
16.86 17.23 14.24 10.29 9.34 7.96 8.32 10.59 10.51 11.90 6.72 2.77 3.58 3.94 10.00 13.80 12.92 12.63 12.63 6.90 0.00 0.00 0.00 0.00 0.00 0.00 6.57 3.48 7.97 14.60 12.70 17.89 21.24 26.05 26.26 23.68 23.12 16.80 6.72 10.07 7.15 1.02 1.53 1.53 0.00 0.00 0.00 1.24 0.95 0.00 0.00 0.00 0.00 0.00 0.00 0.00 0.00 0.00 0.00 3.87 5.55 6.06 12.05 17.45 15.91 16.35 14.60 14.60 14.60 15.33 10.95 5.62 5.48 5.91 6.20 4.96 4.31 2.70 4.16 5.11 5.18 5.04 5.33 2.92
17.16 16.28 15.11 12.34 11.32 12.19 8.10 12.26 14.38 13.58 14.60 9.86 5.99 5.69 8.47 12.19 11.39 11.83 11.83 7.81 4.60 3.29 2.34 2.56 0.00 0.00 0.00 0.00 4.56 9.53 14.16 13.36 17.01 14.02 20.67 23.93 22.78 20.95 17.23 15.18 12.41 15.18 5.62 5.62 2.04 0.44 0.00 0.00 2.26 1.53 2.34 3.07 3.58 3.43 3.29 0.00 0.00 0.00 0.00 2.04 0.00 4.09 7.81 5.18 7.15 9.64 10.00 5.99 5.99 3.50 2.85 2.56 4.31 4.74 6.50 5.11 4.96 4.67 5.69 6.50 7.66 8.32 10.15 10.37
16.64 15.48 14.60 14.97 12.56 13.72 18.03 15.26 18.61 16.35 13.21 14.75 13.29 9.05 8.91 9.27 7.74 5.04 5.04 4.60 4.74 3.87 4.09 0.00 3.72 0.00 0.00 4.11 3.50 5.26 7.23 7.30 10.51 15.33 14.02 19.93 18.82 24.28 20.71 21.31 16.79 10.80 10.15 10.15 1.68 2.99 1.10 0.00 0.95 1.24 1.61 2.99 0.00 0.00 0.00 0.00 0.00 0.00 2.12 1.90 0.00 0.00 0.00 2.41 4.67 6.94 6.35 2.99 2.99 2.70 1.53 1.10 2.48 3.07 3.58 5.26 6.94 5.62 6.06 7.01 8.76 9.56 12.19 11.97
13.65 12.41 13.21 14.09 14.89 13.36 16.43 14.02 18.88 17.96 16.79 14.89 15.55 11.02 7.15 2.92 0.00 2.85 2.85 2.48 3.94 4.45 5.26 6.94 3.80 5.69 5.18 5.24 6.64 8.91 7.81 8.25 6.64 7.08 6.86 14.60 20.51 16.21 17.71 20.37 15.11 13.58 12.92 12.92 5.55 3.87 4.23 1.97 1.24 1.53 2.04 2.70 2.04 0.00 0.00 0.00 0.00 0.00 2.92 2.92 1.83 0.00 0.00 0.00 2.04 0.00 0.00 0.00 0.00 1.46 0.00 0.00 2.12 3.14 3.14 4.96 5.55 5.91 3.29 4.60 7.59 6.72 10.88 8.83
9.78 11.53 10.00 10.95 15.33 17.52 17.01 15.70 11.68 8.91 12.85 12.85 8.69 5.04 5.69 0.95 0.00 0.00 0.00 0.00 0.00 6.57 9.64 9.78 10.15 8.18 7.15 7.88 8.08 9.46 10.36 11.89 8.35 4.67 4.53 3.94 7.01 9.81 14.02 9.49 13.13 7.23 12.12 12.12 7.96 10.29 6.79 5.26 2.77 2.70 2.12 0.00 0.00 0.00 0.00 0.00 0.00 0.00 3.07 3.21 1.39 0.88 0.00 0.00 0.00 0.00 0.00 0.00 0.00 0.00 0.00 0.00 0.00 1.02 1.39 2.34 2.04 0.00 0.00 2.77 4.45 2.99 4.53 4.31
9.78 11.53 10.00 10.95 15.33 17.52 17.01 15.70 11.39 8.91 12.85 12.85 8.69 5.04 5.69 0.95 0.00 0.00 0.00 0.00 0.00 6.57 9.64 9.78 10.15 8.18 7.15 7.88 7.96 9.13 10.00 11.83 8.10 4.67 4.55 3.96 7.01 9.76 14.16 9.49 12.99 7.23 12.12 12.12 7.96 10.29 6.79 5.26 2.77 2.70 2.12 0.00 0.00 0.00 0.00 0.00 0.00 0.00 3.07 3.21 1.39 0.88 0.00 0.00 0.00 0.00 0.00 0.00 0.00 0.00 0.00 0.00 0.00 1.02 1.39 2.34 2.04 0.00 0.00 2.77 4.45 2.99 4.53 4.31
14.24 9.56 9.86 9.93 11.10 20.15 19.20 19.86 15.49 10.15 8.98 9.27 7.37 3.58 0.44 1.02 0.00 0.00 0.00 0.00 4.96 4.23 7.74 9.34 8.61 8.98 8.18 10.44 12.78 13.80 13.51 13.43 11.75 8.10 5.62 2.41 4.16 2.12 4.48 2.70 4.09 7.01 4.60 4.60 6.86 7.52 7.37 6.86 7.23 6.57 4.96 2.70 1.83 1.68 0.00 0.00 0.00 0.00 0.00 0.00 1.61 1.53 1.17 0.88 0.00 0.00 0.00 0.00 0.00 0.00 0.00 0.00 0.00 0.00 0.00 0.00 0.95 0.00 0.00 0.00 0.00 1.17 1.39 2.04
