Wansh/Snow_depth/snowdepth-1995/winter/1996053.txt
ncols 321
nrows 161
xllcenter 60
yllcenter 15 
cellsize  0.25 
NODATA_value -1
[rows 0 to 36 of 161, columns 84 to 167 of 321]
16.79 17.45 17.81 16.13 14.53 14.45 13.58 14.02 12.85 14.67 14.31 15.99 15.77 17.16 17.23 14.60 16.50 16.94 16.94 14.53 14.02 14.53 12.19 12.19 7.37 4.67 5.84 3.94 4.45 4.38 4.89 4.53 7.37 5.62 6.20 3.72 2.99 5.48 3.14 3.72 3.36 6.94 6.06 6.06 8.10 4.38 5.33 7.01 6.42 8.91 8.32 10.44 8.98 9.56 6.94 6.50 6.50 6.72 6.86 6.79 5.55 5.26 4.96 4.67 5.11 3.65 6.50 7.30 7.30 6.50 7.88 9.78 9.71 9.93 8.91 10.66 12.34 11.97 12.56 12.05 11.02 10.59 10.29 10.29
18.10 17.74 18.03 15.84 11.97 11.90 11.46 13.07 12.48 13.94 16.21 15.04 15.55 13.21 12.12 12.56 10.44 12.63 12.63 13.21 11.02 12.99 12.78 11.24 12.12 6.86 5.04 5.77 3.58 3.43 3.14 5.48 4.60 5.69 3.72 4.23 2.85 3.29 3.43 4.74 2.77 8.32 11.02 11.02 10.66 10.66 8.47 10.88 7.08 6.57 6.57 6.28 8.10 5.69 6.57 6.50 7.45 9.71 6.72 9.71 9.49 9.64 9.20 8.91 7.08 6.94 7.74 7.59 7.59 8.54 11.97 10.80 10.95 10.66 12.41 14.97 13.43 12.78 12.34 11.53 10.95 10.15 9.64 9.78
18.03 17.16 13.07 13.21 11.68 12.19 11.46 15.26 16.79 16.43 16.28 16.72 14.45 14.60 14.24 9.93 10.37 9.34 9.34 10.29 10.29 11.61 11.10 13.14 11.10 11.97 8.69 4.16 4.53 2.56 2.34 3.43 5.11 4.82 5.62 6.20 3.65 4.45 5.48 5.26 7.30 11.10 11.10 11.10 17.74 16.13 14.75 10.00 11.24 6.72 6.13 6.35 5.26 5.48 4.96 7.52 7.23 9.13 11.24 11.17 11.24 11.61 14.09 11.61 12.63 13.87 12.85 13.94 13.94 13.65 15.18 12.34 12.41 12.05 13.21 17.30 17.01 17.08 17.16 11.10 11.39 12.48 11.10 9.86
18.03 17.16 13.07 13.21 11.68 12.19 11.46 15.26 16.79 16.43 16.28 16.72 14.45 14.60 14.24 9.93 10.37 9.34 9.34 10.29 10.29 11.61 11.10 13.14 11.10 11.97 8.69 4.16 4.53 2.56 2.34 3.43 5.11 4.82 5.62 6.20 3.65 4.45 5.48 5.26 7.30 11.10 11.10 11.10 17.74 16.13 14.75 10.00 11.24 6.72 6.13 6.35 5.26 5.48 4.96 7.52 7.23 9.13 11.24 11.17 11.24 11.61 14.09 11.61 12.63 13.87 12.85 13.94 13.94 13.65 15.18 12.34 12.41 12.05 13.21 17.30 17.01 17.08 17.16 11.10 11.39 12.48 11.10 9.86
15.04 12.70 11.97 15.04 11.90 14.60 14.97 15.04 14.89 16.57 15.91 17.30 16.72 15.70 15.91 14.53 9.05 9.49 9.49 9.13 10.73 10.51 11.61 12.41 12.85 9.78 10.80 7.30 2.48 2.70 2.04 2.99 2.56 5.77 7.52 7.37 6.72 7.74 6.35 6.79 7.30 8.91 16.21 16.21 14.60 20.95 20.73 20.73 16.43 10.44 10.44 6.79 5.91 5.91 5.55 6.13 6.13 8.40 7.52 11.83 13.94 13.72 14.31 13.21 13.51 14.75 17.45 17.23 17.23 16.21 16.86 14.97 14.09 11.75 11.46 13.72 16.06 19.35 15.04 14.24 12.41 11.68 11.53 10.59
12.56 15.26 14.75 15.77 14.31 14.53 13.80 14.38 13.51 15.40 15.26 15.99 16.06 15.11 15.04 15.33 12.85 9.86 9.86 10.22 10.07 9.71 9.56 11.17 10.88 11.17 7.66 4.67 5.48 3.36 2.19 3.29 5.91 4.82 7.96 7.45 8.54 6.35 7.45 7.15 9.05 10.66 10.66 10.66 13.29 16.35 19.27 18.47 18.83 12.34 7.01 7.59 6.50 5.33 5.18 6.28 7.15 6.50 10.29 12.19 15.84 15.04 17.81 17.59 16.43 15.91 15.26 15.18 15.18 15.40 14.45 14.89 15.77 13.21 14.09 12.05 11.75 16.35 12.26 12.26 13.43 15.11 14.02 12.70
14.31 15.04 15.04 14.60 15.04 14.38 14.38 14.09 13.94 13.94 14.31 12.85 13.94 14.38 11.68 12.63 12.99 11.83 11.83 11.24 11.24 10.22 10.66 9.78 10.37 6.79 7.52 5.33 3.50 3.72 4.23 3.87 4.74 7.08 7.15 7.66 9.86 9.78 8.03 9.13 9.13 10.66 12.70 12.70 12.41 14.09 16.28 15.70 13.72 8.69 9.71 7.66 7.59 7.30 6.64 8.61 8.32 10.37 12.19 11.97 15.33 18.40 18.40 18.91 19.13 16.57 17.59 15.04 15.04 15.40 14.24 14.67 16.13 15.99 16.13 15.62 13.36 13.94 11.90 11.10 12.48 13.94 13.07 13.87
14.31 15.04 15.04 14.60 15.04 14.38 14.38 14.09 13.94 13.94 14.31 12.85 13.94 14.38 11.68 12.63 12.99 11.83 11.83 11.24 11.24 10.22 10.66 9.78 10.37 6.79 7.52 5.33 3.50 3.72 4.23 3.87 4.74 7.08 7.15 7.66 9.86 9.78 8.03 9.13 9.13 10.66 12.70 12.70 12.41 14.09 16.28 15.70 13.72 8.69 9.71 7.66 7.59 7.30 6.64 8.61 8.32 10.37 12.19 11.97 15.33 18.40 18.40 18.91 19.13 16.57 17.59 15.04 15.04 15.40 14.24 14.67 16.13 15.99 16.13 15.62 13.36 13.94 11.90 11.10 12.48 13.94 13.07 13.87
14.09 14.31 15.18 14.60 15.99 14.60 13.36 13.65 13.14 13.21 11.32 12.12 9.20 10.73 10.51 11.53 11.46 11.75 11.75 12.63 12.56 12.26 11.53 8.10 8.69 6.28 4.09 4.31 4.74 4.96 4.60 5.77 5.69 5.69 9.42 7.66 11.39 10.44 10.80 9.78 8.54 8.69 8.83 8.83 9.34 12.56 13.14 8.98 11.97 9.20 8.10 7.74 8.10 9.64 8.03 8.18 10.29 11.24 10.80 11.68 14.02 13.29 16.50 17.52 15.04 17.01 17.30 16.06 16.06 16.13 16.86 16.50 16.64 16.86 14.75 13.14 13.58 14.09 13.14 13.58 12.56 12.05 12.48 13.72
14.67 14.24 14.60 14.45 14.16 14.38 13.80 14.38 13.87 13.14 10.37 8.83 9.20 9.49 11.02 11.10 13.36 12.92 12.92 12.41 15.33 14.67 12.85 8.03 5.48 5.33 4.96 5.33 4.89 5.33 4.31 4.96 5.77 9.49 8.61 11.10 10.80 11.83 9.64 9.86 8.76 7.37 8.03 8.03 7.74 7.74 8.40 8.10 10.29 11.68 11.61 13.51 12.12 12.70 11.46 11.83 12.34 10.80 10.95 10.15 11.83 11.61 11.90 12.48 11.97 13.87 16.64 16.64 16.64 20.66 19.49 18.83 17.23 16.86 14.24 12.78 12.63 14.67 15.04 14.45 11.46 11.39 11.32 10.73
13.29 14.09 13.94 14.53 13.21 12.92 12.92 12.70 11.39 10.88 11.61 9.71 10.44 10.07 13.58 14.67 14.02 17.37 17.37 17.01 15.99 16.21 8.47 5.62 5.62 5.18 5.04 4.82 4.74 4.67 5.18 5.48 5.33 8.25 9.56 9.42 9.78 9.27 10.00 9.27 9.93 6.64 7.08 7.08 8.69 7.74 7.74 10.15 9.56 11.83 13.14 12.78 13.43 10.73 10.37 11.75 13.72 13.58 11.68 12.12 12.05 13.58 12.70 12.26 13.07 16.79 18.83 21.75 21.75 21.17 21.75 22.27 19.27 17.81 11.61 13.72 15.55 16.28 15.84 13.21 13.80 12.92 10.88 11.39
13.29 14.09 13.94 14.53 13.21 12.92 12.92 12.70 11.39 10.88 11.61 9.71 10.44 10.07 13.58 14.67 14.02 17.37 17.37 17.01 15.99 16.21 8.47 5.62 5.62 5.18 5.04 4.82 4.74 4.67 5.18 5.48 5.33 8.25 9.56 9.42 9.78 9.27 10.00 9.27 9.93 6.64 7.08 7.08 8.69 7.74 7.74 10.15 9.56 11.83 13.14 12.78 13.43 10.73 10.37 11.75 13.72 13.58 11.68 12.12 12.05 13.58 12.70 12.26 13.07 16.79 18.83 21.75 21.75 21.17 21.75 22.27 19.27 17.81 11.61 13.72 15.55 16.28 15.84 13.21 13.80 12.92 10.88 11.39
12.12 13.94 13.29 13.21 13.58 11.75 10.59 11.24 9.93 7.96 9.27 8.91 12.12 14.31 13.58 17.01 18.25 17.67 17.67 18.61 15.77 9.34 10.29 8.47 7.96 6.28 4.67 5.26 5.77 5.40 5.18 6.28 7.52 8.32 9.78 11.24 10.07 10.15 10.51 10.51 11.61 10.80 11.17 11.17 9.49 8.25 8.61 8.10 10.00 11.02 10.80 11.90 10.44 11.02 9.56 12.70 11.68 16.21 15.99 15.70 14.24 14.53 13.72 15.62 15.18 17.67 16.79 22.34 22.34 22.85 24.16 24.16 14.75 15.62 12.41 13.29 14.53 14.75 15.40 14.82 15.18 13.43 14.09 15.04
13.07 13.36 12.85 12.48 11.39 12.05 9.93 10.80 9.56 8.83 13.07 12.78 11.75 15.48 17.52 17.08 16.35 17.67 17.67 18.32 12.34 8.10 8.98 8.98 7.96 7.37 6.13 7.45 10.59 10.73 13.58 14.53 10.51 11.32 11.53 11.10 13.07 9.56 10.29 9.20 8.83 11.17 8.91 8.91 8.47 8.10 8.25 9.64 9.42 8.98 9.13 8.61 9.05 8.32 9.20 10.59 10.22 12.85 14.82 14.67 15.04 15.62 16.79 16.64 18.18 17.37 18.61 19.64 19.64 22.27 24.02 20.95 19.49 15.84 14.31 14.67 12.92 14.31 12.26 6.13 9.34 10.66 12.05 10.88
13.29 12.34 12.34 12.78 12.41 11.97 12.26 11.68 13.51 14.67 14.53 12.05 14.53 14.31 12.41 13.14 13.94 10.15 10.15 9.13 7.08 7.01 9.64 9.34 9.93 8.54 10.59 10.66 12.48 15.33 14.89 17.89 15.91 16.86 12.19 11.02 11.39 8.54 8.03 8.18 8.03 8.98 8.83 8.83 9.34 10.00 9.71 9.93 9.86 9.93 9.93 9.27 9.20 9.13 10.00 10.44 12.56 9.49 10.07 8.18 12.05 10.44 12.05 13.07 17.23 15.48 19.05 19.56 19.56 18.69 20.51 19.42 18.91 16.06 12.41 11.10 7.66 10.00 9.27 3.29 7.01 10.66 10.66 13.21
12.99 11.97 13.29 13.21 12.41 10.44 8.47 11.61 12.05 7.37 10.15 9.64 9.56 10.88 10.88 10.07 9.56 9.56 9.56 9.27 6.72 9.27 8.54 11.39 11.10 11.10 10.80 9.86 10.22 13.14 19.49 18.98 17.30 11.97 13.36 8.69 5.69 5.77 6.79 8.32 8.03 9.42 10.00 10.00 9.86 10.22 10.22 9.34 9.56 9.71 11.02 10.66 9.86 12.26 14.67 14.75 15.26 12.05 10.07 8.91 8.83 8.61 9.64 10.07 13.43 13.43 17.23 18.54 18.54 18.10 19.27 14.16 12.05 12.48 12.26 10.59 7.81 0.00 4.23 0.00 9.56 8.76 9.86 13.29
12.99 11.97 13.29 13.21 12.41 10.44 8.47 11.61 12.05 7.37 10.15 9.64 9.56 10.88 10.88 10.07 9.56 9.56 9.56 9.27 6.72 9.27 8.54 11.39 11.10 11.10 10.80 9.86 10.22 13.14 19.49 18.98 17.30 11.97 13.36 8.69 5.69 5.77 6.79 8.32 8.03 9.42 10.00 10.00 9.86 10.22 10.22 9.34 9.56 9.71 11.02 10.66 9.86 12.26 14.67 14.75 15.26 12.05 10.07 8.91 8.83 8.61 9.64 10.07 13.43 13.43 17.23 18.54 18.54 18.10 19.27 14.16 12.05 12.48 12.26 10.59 7.81 0.00 4.23 0.00 9.56 8.76 9.86 13.29
12.19 13.07 13.21 12.63 12.92 12.48 7.74 7.30 5.99 6.28 8.25 9.05 8.61 10.66 11.10 11.61 13.58 9.78 9.78 6.06 7.01 7.23 9.71 9.13 11.83 12.19 12.70 9.20 11.32 10.29 16.28 19.13 18.98 14.24 9.20 10.44 6.13 7.45 8.83 8.32 10.44 11.32 11.32 11.32 11.32 11.02 9.20 9.34 9.49 10.22 10.00 10.44 11.61 11.32 12.99 11.83 13.36 11.68 12.41 9.56 13.80 14.02 11.83 13.36 12.19 14.97 17.23 17.01 17.01 20.51 19.86 14.89 12.85 13.58 11.02 12.19 6.57 0.00 2.41 5.84 6.79 5.84 6.86 6.13
10.44 12.41 12.12 12.48 13.94 13.87 8.91 9.20 6.42 8.76 8.32 10.22 14.24 13.80 14.38 15.11 14.45 13.80 13.80 8.98 7.81 9.34 7.30 10.15 9.42 11.68 12.05 10.07 10.00 15.04 14.24 18.47 18.47 15.04 16.35 9.64 5.48 6.20 5.99 8.47 8.10 9.93 11.53 11.53 11.46 12.41 10.44 9.56 9.71 8.83 6.20 8.25 9.93 10.07 10.80 12.56 13.80 14.31 13.72 15.55 16.94 21.68 16.35 16.13 15.55 14.82 22.12 18.91 18.91 21.39 22.63 17.89 12.85 10.88 7.74 1.83 5.33 2.41 1.10 2.56 1.97 3.07 4.31 3.80
9.13 9.20 11.53 11.02 12.78 12.34 10.29 10.95 9.64 9.56 10.88 11.24 12.70 11.75 12.12 12.34 13.65 12.78 12.78 14.45 11.83 8.54 10.07 8.76 11.75 11.39 13.07 12.26 13.21 9.13 14.89 14.38 15.91 14.45 9.49 10.73 4.45 1.83 0.80 1.02 2.12 7.96 6.57 6.57 12.41 13.80 11.68 12.05 8.25 5.33 5.84 5.55 9.27 9.64 12.70 14.67 13.36 14.67 15.18 14.67 22.27 19.93 18.25 18.47 16.35 15.99 18.18 24.16 24.16 14.89 9.49 7.59 8.18 7.88 3.07 1.31 3.43 1.24 1.83 1.83 1.68 2.12 3.07 3.07
6.79 9.49 11.68 14.09 13.36 13.43 12.05 11.46 10.66 14.82 12.99 14.97 15.18 11.75 10.29 11.83 11.53 13.80 13.80 13.65 13.58 11.24 10.88 11.10 13.94 13.72 13.65 13.29 8.18 5.18 5.69 3.72 4.53 10.00 8.25 3.58 4.53 0.95 0.22 0.73 0.37 4.45 9.05 9.05 7.96 11.39 11.46 9.13 9.71 6.94 4.82 6.79 9.42 8.98 11.61 15.70 18.54 15.99 16.57 14.31 12.19 14.67 17.96 15.55 15.77 16.35 20.66 14.89 14.89 11.32 5.84 4.31 1.75 0.66 0.95 0.66 0.73 0.00 0.66 0.15 0.73 1.10 1.17 2.04
8.76 8.47 8.69 12.63 10.29 11.97 11.68 13.87 15.91 15.77 17.30 18.54 20.59 15.84 14.60 14.53 15.62 12.19 12.19 14.82 16.64 16.79 14.24 16.64 16.13 20.51 20.37 16.86 13.72 7.37 3.72 4.31 2.56 3.14 3.07 2.26 0.00 0.00 0.00 1.02 1.90 1.83 3.94 3.94 1.53 3.07 4.38 4.09 4.38 4.16 4.31 4.45 6.86 9.05 14.45 18.10 17.81 18.18 13.65 11.83 10.37 10.44 12.48 13.36 16.06 11.61 9.71 10.29 10.29 8.18 5.18 3.50 1.53 1.17 0.58 0.29 0.22 0.00 0.07 0.58 0.73 1.17 1.17 1.68
8.76 8.47 8.69 12.63 10.29 11.97 11.68 13.87 15.91 15.77 17.30 18.54 20.59 15.84 14.60 14.53 15.62 12.19 12.19 14.82 16.64 16.79 14.24 16.64 16.13 20.51 20.37 16.86 13.72 7.37 3.72 4.31 2.56 3.14 3.07 2.26 0.00 0.00 0.00 1.02 1.90 1.83 3.94 3.94 1.53 3.07 4.38 4.09 4.38 4.16 4.31 4.45 6.86 9.05 14.45 18.10 17.81 18.18 13.65 11.83 10.37 10.44 12.48 13.36 16.06 11.61 9.71 10.29 10.29 8.18 5.18 3.50 1.53 1.17 0.58 0.29 0.22 0.00 0.07 0.58 0.73 1.17 1.17 1.68
2.85 6.28 5.48 10.22 8.76 11.53 16.79 16.35 16.79 18.61 19.13 19.20 19.35 18.18 19.13 18.61 17.45 17.67 17.67 16.79 16.94 19.27 19.42 20.08 21.97 22.12 21.53 18.91 14.75 13.36 5.40 2.92 3.14 2.19 1.31 0.22 0.58 0.00 0.00 1.02 0.51 1.17 0.58 0.58 0.73 0.00 0.00 0.00 0.00 0.00 0.00 0.00 6.35 5.26 9.49 7.37 12.26 11.32 7.88 9.64 10.44 10.88 13.29 13.94 13.65 11.61 7.59 7.30 7.30 6.64 6.64 6.94 2.99 3.65 0.80 0.37 0.00 0.00 0.00 0.29 0.00 0.00 0.51 0.58
1.97 4.60 8.32 8.40 8.32 16.50 20.44 22.12 22.41 20.95 18.32 16.35 16.94 16.21 14.38 17.96 17.08 18.32 18.32 20.15 18.10 20.88 22.05 23.02 21.86 22.50 18.73 18.83 16.72 12.12 13.72 7.23 4.45 1.90 1.17 0.00 0.29 0.37 0.22 1.10 0.80 0.58 0.95 0.95 0.00 0.00 0.00 0.00 0.00 0.00 0.00 0.00 2.48 0.00 6.13 8.25 5.77 6.86 6.86 10.29 9.34 9.93 15.55 12.19 14.60 11.46 8.32 7.74 7.74 8.54 7.45 5.77 3.72 4.38 1.68 0.00 0.00 0.00 0.00 0.95 0.88 0.07 0.07 0.00
11.24 12.12 11.83 14.31 18.40 17.23 18.03 20.22 13.21 15.11 13.72 9.86 12.34 12.92 11.02 12.92 15.99 18.98 18.98 19.27 20.00 22.56 23.00 23.87 26.78 22.87 23.42 21.00 20.44 16.50 10.22 11.39 8.47 5.11 2.04 1.24 1.39 0.80 1.02 0.88 1.10 0.22 0.00 0.00 0.00 0.00 0.00 0.00 0.00 0.00 0.00 0.00 0.00 0.00 0.00 0.00 4.82 5.62 6.35 8.91 12.92 12.56 12.85 11.75 6.28 6.94 6.20 6.64 6.64 8.32 7.23 4.23 2.99 2.41 1.61 0.80 0.15 1.61 0.00 0.00 0.07 0.22 0.15 0.37
13.43 13.80 12.34 14.09 15.70 13.94 13.87 17.16 9.05 1.75 9.71 6.20 0.73 5.77 5.33 8.03 16.64 16.21 16.21 16.43 12.85 12.45 21.60 22.58 23.60 23.83 23.48 25.29 24.84 22.57 16.43 11.17 9.13 10.15 4.53 3.14 1.17 1.46 0.88 1.02 0.44 0.58 0.00 0.00 0.00 0.00 0.00 0.00 0.00 0.00 0.00 0.00 0.00 0.00 0.00 0.00 0.00 5.26 5.77 11.61 12.19 11.17 13.58 9.86 6.20 14.24 11.75 12.26 12.26 8.91 8.61 5.62 7.96 3.43 1.39 2.56 3.72 2.19 1.68 0.15 1.53 0.29 0.80 0.66
14.31 14.53 14.16 14.16 12.34 12.63 10.59 10.44 7.08 1.83 1.02 1.10 0.00 0.00 4.60 3.50 6.72 7.81 7.81 7.34 7.96 6.45 5.72 15.26 18.38 20.29 25.06 25.95 26.04 25.00 23.11 23.65 21.02 19.35 11.97 8.54 4.82 5.11 2.48 1.31 0.29 0.15 0.00 0.00 0.22 0.00 0.00 0.00 0.00 0.00 0.00 0.00 0.00 0.00 0.00 0.00 0.00 4.53 0.00 5.91 13.94 13.94 12.41 14.24 19.42 21.61 19.20 19.05 19.05 17.23 13.07 7.96 9.56 5.11 4.23 5.04 4.16 2.12 2.34 2.34 2.48 1.46 2.34 1.24
14.31 14.53 14.16 14.16 12.34 12.63 10.59 10.44 7.08 1.83 1.02 1.10 0.00 0.00 4.60 3.50 6.72 7.81 7.85 7.58 8.09 6.90 5.58 15.65 18.10 20.29 24.31 24.11 24.33 25.38 23.35 24.64 23.62 20.47 12.28 8.54 4.82 5.11 2.48 1.31 0.29 0.15 0.00 0.00 0.22 0.00 0.00 0.00 0.00 0.00 0.00 0.00 0.00 0.00 0.00 0.00 0.00 4.53 0.00 5.91 13.94 13.94 12.41 14.24 19.42 21.61 19.20 19.05 19.05 17.23 13.07 7.96 9.56 5.11 4.23 5.04 4.16 2.12 2.34 2.34 2.48 1.46 2.34 1.24
17.37 17.45 14.24 10.44 10.73 10.73 8.69 8.91 5.48 5.40 7.08 0.00 0.00 0.00 6.28 8.18 6.50 11.10 11.10 6.13 0.00 0.00 0.00 0.00 0.00 12.02 17.70 20.76 20.00 23.33 23.82 22.69 25.89 25.44 21.98 18.16 18.80 12.85 4.96 2.19 1.68 0.44 0.29 0.29 0.00 0.00 0.00 0.00 0.00 0.00 0.00 0.00 0.00 0.00 0.00 0.00 0.00 0.00 0.00 4.09 4.09 12.26 16.21 20.66 18.98 22.19 22.70 20.66 20.66 15.11 10.80 7.74 5.99 5.33 5.69 4.16 4.02 3.43 2.85 3.36 1.97 2.48 2.77 1.46
16.72 17.89 14.82 8.91 7.52 8.40 7.74 9.64 13.14 10.59 11.46 7.59 3.50 7.88 6.64 12.12 13.14 13.51 13.51 10.56 3.50 0.00 0.00 0.00 0.00 0.00 0.00 11.57 17.21 15.71 19.64 20.08 21.10 22.59 25.69 22.73 16.60 9.39 11.02 5.40 2.34 5.26 0.66 0.66 0.00 0.15 0.00 0.37 0.29 2.85 2.56 0.00 0.00 0.00 0.00 0.00 0.00 0.00 0.00 4.67 4.09 6.06 12.05 17.45 15.91 16.35 14.60 14.60 14.60 15.33 10.95 5.62 5.48 5.91 6.20 4.96 4.31 2.70 4.16 5.11 5.18 5.04 5.33 2.92
17.74 14.38 14.75 14.82 10.15 12.05 11.68 10.51 16.94 12.05 8.47 10.15 8.91 7.30 10.22 9.34 13.14 9.05 9.05 4.45 5.33 3.87 0.00 0.00 0.00 0.00 0.00 0.00 3.79 6.92 9.49 14.97 17.37 15.04 19.21 23.25 24.71 15.70 18.54 16.43 16.86 13.51 3.87 3.87 0.66 0.88 0.00 0.00 0.00 2.63 3.58 2.85 3.36 2.26 2.04 0.00 0.00 0.00 0.00 2.04 0.00 4.09 7.81 5.18 7.15 9.64 10.00 5.99 5.99 3.50 2.85 2.56 4.31 4.74 6.50 5.11 4.96 4.67 5.69 6.50 7.66 8.32 10.15 10.37
16.72 15.62 16.64 16.28 12.85 14.09 18.83 19.42 18.98 19.56 12.56 12.19 13.87 8.25 10.07 7.88 8.98 7.52 7.52 4.60 4.23 4.31 5.26 5.84 3.94 0.00 0.00 3.96 5.99 5.69 7.23 7.74 9.13 8.69 12.56 19.93 23.20 24.13 22.57 19.39 16.06 8.10 10.37 10.37 3.43 3.80 1.61 0.00 0.44 1.61 2.63 2.92 0.00 2.85 3.29 0.00 0.00 0.00 0.88 1.90 0.00 0.00 0.00 2.41 4.67 6.94 6.35 2.99 2.99 2.70 1.53 1.10 2.48 3.07 3.58 5.26 6.94 5.62 6.06 7.01 8.76 9.56 12.19 11.97
14.82 12.34 15.62 14.45 14.45 13.80 15.18 18.32 16.52 15.77 17.74 16.64 11.97 12.26 9.78 5.84 1.02 1.17 1.17 2.04 3.50 5.84 5.11 8.47 8.32 6.20 2.04 3.98 7.08 7.66 7.81 6.94 6.57 9.20 8.47 13.51 19.71 21.02 20.75 21.19 18.49 14.38 12.85 12.85 6.06 3.14 3.50 2.41 3.36 0.07 1.10 0.66 0.00 0.00 0.00 0.00 0.00 0.00 1.75 2.92 1.83 0.00 0.00 0.00 2.04 0.00 0.00 0.00 0.00 1.46 0.00 0.00 2.12 3.14 3.14 4.96 5.55 5.91 3.29 4.60 7.59 6.72 10.88 8.83
10.37 10.44 10.07 13.14 14.02 16.28 15.33 16.72 11.98 11.10 9.71 14.45 9.20 4.67 5.77 3.94 0.00 0.00 0.00 0.00 2.99 6.28 10.15 10.15 10.73 8.03 7.81 9.86 9.56 12.33 9.83 11.45 7.98 6.42 7.23 3.21 5.77 5.01 8.18 9.93 10.18 12.70 12.34 12.34 11.02 8.10 7.15 5.26 2.92 4.09 2.26 1.75 0.88 0.73 0.00 0.00 0.00 0.00 3.07 3.21 1.39 0.88 0.00 0.00 0.00 0.00 0.00 0.00 0.00 0.00 0.00 0.00 0.00 1.02 1.39 2.34 2.04 0.00 0.00 2.77 4.45 2.99 4.53 4.31
10.37 10.44 10.07 13.14 14.02 16.28 15.33 16.72 11.68 11.10 9.71 14.45 9.20 4.67 5.77 3.94 0.00 0.00 0.00 0.00 2.99 6.28 10.15 10.15 10.73 8.03 7.81 9.86 9.42 11.90 9.49 11.39 7.74 6.42 7.26 3.23 5.77 4.99 8.26 9.93 10.07 12.70 12.34 12.34 11.02 8.10 7.15 5.26 2.92 4.09 2.26 1.75 0.88 0.73 0.00 0.00 0.00 0.00 3.07 3.21 1.39 0.88 0.00 0.00 0.00 0.00 0.00 0.00 0.00 0.00 0.00 0.00 0.00 1.02 1.39 2.34 2.04 0.00 0.00 2.77 4.45 2.99 4.53 4.31
10.29 10.07 11.02 11.10 10.80 18.61 18.61 19.05 13.64 9.93 8.10 6.57 7.37 3.36 0.22 0.15 0.00 0.00 0.00 0.00 4.53 3.72 9.05 9.78 8.83 9.20 8.69 10.66 13.14 12.48 14.09 14.02 11.61 4.89 6.42 1.97 2.92 4.31 3.96 5.62 5.84 7.52 4.38 4.38 5.77 7.01 7.01 7.23 7.01 8.54 5.18 4.67 2.34 1.97 0.95 0.00 0.00 0.00 0.00 0.00 1.61 1.53 1.17 0.88 0.00 0.00 0.00 0.00 0.00 0.00 0.00 0.00 0.00 0.00 0.00 0.00 0.95 0.00 0.00 0.00 0.00 1.17 1.39 2.04
