Wansh/Snow_depth/snowdepth-1995/winter/1996008.txt
ncols 321
nrows 161
xllcenter 60
yllcenter 15 
cellsize  0.25 
NODATA_value -1
[rows 74 to 110 of 161, columns 84 to 167 of 321]
0.00 0.00 0.00 0.00 0.00 0.58 1.68 0.07 1.02 2.99 1.97 0.22 4.09 2.92 2.48 5.62 4.67 5.04 5.04 5.62 4.23 4.45 3.43 0.00 4.53 3.94 5.77 3.36 3.87 4.82 4.60 3.80 5.26 5.48 5.84 7.59 11.10 13.14 17.01 15.77 12.48 5.48 2.56 2.56 2.34 0.80 2.12 1.46 1.61 2.70 0.00 0.00 0.00 0.00 2.31 2.04 1.39 0.00 1.61 2.19 1.10 0.00 0.00 0.00 0.00 0.00 0.00 0.00 0.00 0.73 0.81 1.31 0.00 0.00 0.00 0.00 0.00 0.00 0.00 0.00 0.00 1.91 1.10 0.51
0.66 0.00 0.00 1.02 1.90 4.31 3.80 4.82 1.83 5.55 2.77 3.21 4.82 4.74 5.48 4.89 4.82 4.23 4.23 5.33 5.04 5.40 0.00 6.86 6.35 8.32 6.35 5.55 4.45 5.33 0.00 0.00 4.31 4.89 6.13 6.50 10.59 11.68 15.62 10.22 7.74 5.11 4.74 4.74 2.85 2.56 2.70 1.31 2.56 3.87 3.43 2.12 1.53 1.02 2.26 2.19 1.68 0.66 2.19 1.68 1.31 1.46 1.83 0.00 1.90 1.17 0.00 0.00 0.00 0.44 2.34 2.92 0.44 0.00 0.00 0.00 0.00 0.00 0.00 0.00 0.00 0.66 0.88 0.07
1.97 2.34 3.07 2.85 3.14 4.02 5.18 4.02 5.18 5.11 5.33 5.84 5.91 6.57 6.42 5.84 5.62 5.04 5.04 5.26 4.45 4.38 0.00 6.42 6.57 8.61 9.05 5.99 5.48 4.89 5.11 4.53 3.65 4.60 5.11 3.87 5.62 6.64 7.37 6.13 4.67 5.84 5.62 5.62 4.74 2.34 3.58 4.16 4.74 5.11 3.07 3.50 2.99 1.75 0.73 0.95 1.53 1.53 1.39 0.88 2.56 1.68 2.63 2.48 1.10 0.66 0.07 0.07 0.07 0.88 2.19 4.53 1.90 0.44 0.22 0.00 0.00 0.00 0.00 0.00 0.00 0.00 0.22 0.30
3.72 1.17 2.26 2.99 3.29 4.60 4.38 5.91 5.62 6.42 6.06 6.13 6.06 6.64 6.50 5.40 5.62 4.38 4.38 4.67 4.16 4.60 5.33 5.55 6.20 7.52 7.01 4.38 0.00 4.74 4.16 0.00 3.87 0.00 4.16 0.00 2.85 5.18 5.33 5.04 4.82 6.13 6.64 6.64 5.77 4.45 4.96 4.38 4.23 4.09 4.89 4.09 3.43 3.21 4.38 3.58 2.70 2.63 1.46 2.34 2.41 3.29 2.41 2.26 2.70 3.43 1.39 2.85 2.85 3.65 4.23 4.38 2.92 1.31 1.17 0.00 0.00 0.00 0.00 0.00 0.00 0.00 0.00 0.07
2.70 6.20 2.19 1.61 4.67 3.72 4.45 4.89 5.91 6.13 5.69 5.40 6.94 6.42 6.20 5.55 6.06 6.06 6.06 4.74 4.53 5.62 5.99 5.55 5.91 4.67 4.67 0.00 0.00 0.00 0.00 3.87 3.50 0.00 0.00 0.00 0.00 0.00 2.70 3.94 4.74 5.40 5.40 5.40 0.00 0.00 4.31 0.00 3.87 3.94 4.31 4.53 4.45 4.02 4.23 3.80 2.92 2.56 2.12 1.90 2.85 2.48 3.87 2.48 2.48 5.69 4.82 5.33 5.33 4.82 3.50 3.43 2.41 2.34 2.70 0.00 0.00 0.00 0.00 0.00 0.00 0.59 0.66 0.67
6.86 4.45 6.06 4.02 3.14 3.65 4.31 5.84 5.11 6.20 5.40 5.26 6.35 4.89 6.28 5.77 6.35 5.77 5.77 5.40 5.62 5.84 5.77 5.26 5.48 4.67 4.96 5.91 5.26 0.00 4.45 3.72 0.00 0.00 2.19 0.00 0.00 0.00 0.00 0.00 0.00 0.00 0.00 0.00 0.00 0.00 0.00 0.00 0.00 4.38 0.00 0.00 4.23 0.00 0.00 3.14 2.92 2.12 1.97 2.41 2.77 3.07 2.70 1.97 2.92 5.04 6.94 6.20 6.20 7.01 5.26 4.67 4.16 4.38 5.80 0.80 0.88 0.15 0.88 0.00 0.00 0.22 1.31 0.95
6.72 7.23 3.80 3.58 4.16 3.65 4.09 4.45 6.06 5.40 5.40 5.48 4.31 4.38 4.96 6.13 5.84 5.26 5.26 5.77 4.82 4.74 3.72 3.65 4.02 3.94 4.23 5.55 5.99 3.65 4.74 0.00 0.00 0.00 0.00 0.00 0.00 0.00 0.00 0.00 0.00 3.36 3.29 3.29 0.00 0.00 0.00 3.36 0.00 0.00 0.00 0.00 0.00 0.00 0.00 0.00 2.26 1.97 1.97 2.56 2.99 3.80 2.70 3.21 3.58 3.36 4.45 4.02 4.02 4.74 5.77 5.40 7.01 8.83 10.73 2.27 1.65 1.22 1.24 0.44 0.29 0.00 1.10 0.95
0.00 0.00 2.92 3.29 3.36 4.38 3.50 3.21 3.29 5.33 5.55 4.60 4.67 5.04 4.67 5.18 5.40 4.82 4.82 3.94 0.00 4.53 1.90 3.72 3.21 3.65 3.43 3.65 4.53 0.00 0.00 0.00 0.00 0.00 0.00 0.00 0.00 0.00 0.00 0.00 2.92 3.72 0.00 0.00 0.00 0.00 0.00 4.09 0.00 0.00 0.00 0.00 0.00 0.00 0.00 1.39 2.48 2.34 3.36 3.14 3.21 4.67 3.87 4.38 0.00 2.63 0.00 4.31 4.31 4.96 5.33 6.50 9.93 13.65 15.18 5.58 2.58 1.68 2.12 1.80 0.07 0.15 0.00 0.00
0.00 2.41 2.92 2.92 3.58 0.00 0.00 3.72 3.21 4.96 5.55 4.89 4.67 5.26 5.04 4.82 4.67 4.38 4.38 3.50 3.29 0.00 0.00 0.00 0.00 0.00 2.85 2.48 0.00 0.00 0.00 0.00 0.00 0.00 0.00 0.00 0.00 0.00 0.00 0.00 0.00 0.00 0.00 0.00 0.00 4.82 4.45 4.74 0.00 0.00 0.00 0.00 1.97 2.12 1.46 2.34 2.92 2.41 4.02 5.04 5.26 5.48 4.96 7.59 4.53 8.61 3.29 6.94 6.94 4.53 7.52 9.78 16.28 15.04 16.86 9.56 4.74 2.63 1.97 2.49 1.02 0.15 0.80 1.02
3.50 2.92 3.21 2.85 0.00 0.00 0.00 3.58 3.65 4.02 4.96 4.96 4.96 5.04 5.11 5.48 4.16 3.65 3.65 0.00 2.92 2.70 0.00 2.99 0.00 0.00 0.00 0.00 0.00 0.00 0.00 0.00 0.00 0.00 0.00 0.00 0.00 0.00 0.00 1.90 0.00 0.00 0.00 0.00 4.45 0.00 4.82 4.31 5.40 3.43 3.50 2.48 2.70 2.26 2.19 5.62 4.02 3.50 5.18 4.82 6.57 6.20 6.50 11.39 7.66 12.26 8.76 10.66 10.66 6.13 6.79 10.07 14.97 15.40 12.70 8.03 8.47 4.67 2.92 3.07 1.75 1.39 1.31 0.95
3.29 2.12 2.19 0.00 0.00 0.00 0.00 3.21 4.16 4.45 3.80 3.43 3.58 3.80 4.09 3.87 4.67 3.43 3.43 0.00 3.65 3.14 0.00 0.00 0.00 0.00 0.00 0.00 0.00 0.00 0.00 0.00 0.00 0.00 0.00 0.00 0.00 2.56 1.97 2.26 0.00 0.00 0.00 0.00 0.00 0.00 0.00 0.00 4.82 4.45 5.33 6.64 6.64 6.13 4.16 9.34 9.13 5.91 7.23 5.77 9.64 9.34 14.97 15.26 12.48 15.99 13.43 16.72 16.72 7.96 10.15 14.67 10.66 11.97 10.95 8.25 5.84 5.11 5.33 5.26 2.77 2.99 2.77 2.12
3.21 0.66 2.48 0.00 3.29 0.00 0.00 3.65 4.96 4.02 3.72 0.00 3.80 2.92 0.00 3.87 4.09 4.89 4.89 0.00 4.38 4.09 3.72 0.00 0.00 0.00 0.00 2.56 0.00 0.00 0.00 5.04 3.72 3.36 0.00 0.00 0.00 3.58 2.99 0.00 3.21 0.00 0.00 0.00 0.00 2.92 0.00 4.96 3.58 5.11 7.30 7.23 7.59 8.18 12.99 12.70 12.99 9.20 7.01 13.21 12.62 14.82 16.93 15.62 22.12 21.90 21.90 24.09 24.09 19.56 17.81 24.09 10.66 10.51 9.86 8.10 6.42 6.50 7.96 7.30 7.59 4.60 3.87 1.68
1.97 2.56 2.63 2.63 2.85 3.29 2.99 3.94 3.50 3.36 2.99 3.21 0.00 0.00 2.92 0.00 5.48 5.33 5.33 4.31 5.91 4.89 0.00 5.26 4.74 3.87 5.11 5.04 4.96 0.00 0.00 4.82 3.87 5.18 5.26 0.00 4.45 6.72 5.99 5.77 5.62 6.72 5.11 5.11 4.38 4.02 4.82 4.38 5.18 5.99 5.33 5.84 7.74 8.03 13.58 14.89 16.72 19.49 18.32 22.56 21.39 24.75 23.02 23.29 24.38 24.09 27.67 24.09 24.09 32.12 30.44 27.96 21.24 14.67 11.75 8.10 8.18 8.69 11.02 11.39 11.83 8.83 5.55 1.39
1.75 1.90 1.83 2.77 0.00 2.99 3.21 3.36 3.58 0.00 2.70 2.77 5.69 5.11 4.53 4.60 6.13 6.35 6.35 6.06 6.64 6.28 5.91 5.62 4.45 3.80 6.20 6.28 5.91 5.33 0.00 5.62 5.84 5.77 4.74 5.62 5.91 6.28 7.74 7.74 7.37 6.86 7.74 7.74 5.48 5.77 5.77 4.38 3.87 4.53 4.67 5.62 6.79 7.45 10.29 14.16 14.38 18.25 21.46 24.45 25.04 23.65 24.16 23.21 19.27 20.08 24.75 20.73 20.73 26.06 23.00 24.16 23.29 16.72 14.53 10.51 10.37 11.10 11.90 11.68 12.70 11.02 8.03 4.31
1.97 2.85 0.00 0.00 0.00 0.00 0.00 0.00 0.00 0.00 0.00 3.58 6.35 6.28 6.86 5.11 6.64 6.28 6.28 5.99 6.20 4.38 3.94 4.45 4.96 4.09 5.04 4.82 4.74 5.11 5.33 5.84 5.69 6.28 5.40 5.40 5.33 6.50 5.91 5.99 7.01 6.64 10.37 10.37 9.56 7.15 7.59 4.82 4.31 4.74 4.67 4.96 6.06 7.81 9.64 11.90 17.59 16.57 21.32 23.21 18.91 21.46 17.01 17.67 20.65 21.94 20.95 19.93 19.93 19.64 17.52 17.96 23.80 17.89 14.82 13.14 11.97 12.19 12.78 12.63 12.92 13.29 10.07 5.33
2.34 1.02 1.31 0.00 0.00 0.00 0.00 0.00 0.00 0.00 4.02 5.55 5.18 6.28 6.06 5.91 4.89 5.26 5.26 4.09 5.40 0.00 3.07 3.58 3.65 3.29 3.50 0.00 0.00 4.67 6.06 6.79 5.99 5.40 6.86 5.33 6.79 6.28 6.94 7.37 7.52 7.74 10.80 10.80 10.66 10.44 10.29 3.94 10.51 9.49 6.94 5.77 5.26 11.32 12.12 17.23 18.03 19.56 17.79 17.18 13.21 16.28 14.82 18.54 20.75 21.60 20.29 17.89 17.89 16.13 15.40 15.11 18.54 16.43 13.87 13.94 12.56 13.94 13.51 13.30 14.33 11.21 6.31 4.40
1.75 1.53 1.68 1.68 1.68 1.24 0.00 1.31 0.00 0.00 0.00 0.00 0.00 0.00 0.00 0.00 0.00 0.00 0.00 0.00 0.00 0.00 0.00 2.70 3.07 3.94 0.00 0.00 0.00 0.00 5.40 6.13 6.13 7.01 7.59 7.01 8.40 8.10 10.59 8.91 8.47 9.34 8.69 8.69 8.98 12.12 12.85 7.59 12.48 10.80 9.93 8.83 18.32 17.96 26.72 25.70 20.88 22.05 16.35 13.58 12.19 12.85 11.80 16.72 16.86 21.10 19.87 17.93 17.37 14.67 14.09 15.77 13.51 13.36 13.43 12.78 11.68 12.78 13.30 13.68 11.99 11.07 9.82 6.88
1.46 1.68 2.12 2.19 1.17 0.88 1.24 1.83 1.02 1.61 0.00 0.00 0.00 0.00 0.00 0.00 0.00 0.00 0.00 0.00 0.00 0.00 0.00 3.14 0.00 3.36 4.31 0.00 0.00 0.00 3.80 6.28 7.88 10.37 8.25 11.61 11.10 10.80 12.99 11.68 10.88 8.10 8.61 8.61 10.73 10.37 13.07 11.68 11.83 12.41 12.85 20.29 24.67 24.53 27.74 28.76 24.31 26.86 22.05 15.63 14.67 10.95 12.14 13.54 13.00 17.80 17.81 16.50 16.58 15.84 12.40 13.65 13.65 13.94 12.84 9.86 9.78 10.95 10.49 13.82 14.14 12.05 11.19 11.03
1.75 1.61 1.46 1.46 1.75 1.83 2.12 0.00 1.68 0.29 0.95 0.66 0.00 0.00 0.00 0.00 0.00 0.00 0.00 0.58 0.00 0.00 0.00 0.00 4.60 4.45 4.67 4.23 0.00 0.00 2.92 4.67 8.10 9.78 14.02 13.72 12.92 12.05 13.87 13.58 6.28 7.59 8.47 8.47 8.25 9.56 10.44 8.40 9.71 11.68 14.31 16.79 21.39 25.77 27.67 28.18 28.11 26.35 26.86 18.72 20.50 14.68 14.83 11.40 12.22 16.74 17.22 16.64 16.64 13.53 11.26 13.91 15.77 16.38 15.92 9.95 10.44 10.89 13.85 14.53 17.44 16.18 14.13 14.24
2.34 1.39 1.90 1.53 1.39 1.46 2.85 0.00 0.00 0.00 0.00 0.58 0.00 0.00 0.00 0.73 0.00 0.22 0.22 0.00 0.00 0.00 0.00 4.09 0.00 4.45 4.60 0.00 0.00 0.00 2.04 4.53 6.13 9.78 10.88 11.97 12.48 8.10 8.76 8.69 2.48 5.11 7.52 7.52 4.09 4.96 9.78 8.03 12.05 14.60 15.77 13.65 16.79 21.97 25.84 29.57 30.02 27.30 25.11 25.70 17.52 16.58 12.27 11.60 13.53 15.80 13.28 10.15 10.15 11.13 9.41 13.62 16.90 16.80 17.56 12.77 13.36 12.45 13.66 14.15 17.35 20.56 21.38 15.08
2.12 2.19 1.75 1.24 2.19 1.97 1.97 0.00 0.00 1.90 0.00 0.00 0.00 0.00 0.00 0.73 1.10 0.00 0.00 1.02 1.61 1.83 0.00 0.00 0.00 0.00 3.80 0.00 0.00 0.00 0.00 0.00 5.18 7.88 8.25 9.20 6.57 3.21 2.48 0.00 0.00 0.00 3.65 3.65 2.48 1.83 5.91 8.91 11.24 12.56 12.41 15.11 16.83 20.77 23.39 26.38 23.41 28.47 27.89 27.01 23.14 17.09 12.06 10.81 13.58 15.89 12.36 9.13 9.17 9.16 9.49 15.74 16.05 14.93 16.92 16.94 17.95 16.57 14.13 12.69 15.45 19.70 20.91 14.76
2.99 3.43 3.07 2.56 4.38 2.99 2.92 0.00 2.56 0.00 0.00 0.00 0.00 0.00 0.07 0.00 0.00 0.00 0.00 0.00 0.00 2.99 0.00 0.00 0.00 0.00 1.75 0.00 0.00 0.29 0.00 0.00 0.00 4.31 5.91 3.87 0.00 0.00 0.00 0.00 0.00 0.00 0.00 0.00 1.61 3.29 6.79 7.88 11.17 13.58 17.59 17.52 18.03 17.43 20.33 22.65 18.39 25.09 27.87 23.45 21.13 13.94 11.68 8.78 10.39 11.66 9.06 8.00 8.00 6.56 5.54 9.73 12.53 16.56 17.53 19.96 15.49 17.87 12.50 11.11 10.51 15.51 20.35 17.39
3.43 3.87 4.96 9.78 8.91 5.55 7.74 3.29 5.48 2.56 0.00 0.00 0.00 0.00 0.00 1.31 0.00 0.00 0.00 0.00 0.00 0.00 2.77 0.00 0.00 0.00 1.31 1.46 0.00 0.00 0.00 0.00 0.00 0.00 2.04 0.00 0.00 0.00 0.00 0.00 0.00 0.00 5.48 5.48 4.74 4.60 6.28 8.40 10.37 13.29 16.64 16.94 16.06 17.53 18.25 19.06 14.00 17.43 24.07 16.20 20.12 12.93 10.24 8.19 7.87 7.34 5.93 7.11 7.01 4.45 4.00 5.95 9.07 12.99 14.02 18.42 13.86 10.32 9.38 7.26 12.42 15.50 12.69 9.14
4.96 3.21 10.51 13.87 13.14 9.20 13.36 7.52 4.09 5.04 3.65 0.73 0.00 0.29 0.95 0.44 0.00 0.00 0.00 0.00 2.26 0.00 0.00 0.00 1.24 1.46 1.31 2.34 2.19 0.73 0.00 0.58 0.00 0.00 0.00 0.00 0.58 0.00 0.00 0.00 5.48 5.55 8.18 8.18 8.47 7.37 5.48 6.50 8.76 13.03 15.58 16.60 18.27 19.09 16.92 16.07 13.72 13.80 11.49 11.54 9.98 10.60 8.10 8.03 4.37 5.32 4.00 5.87 5.72 2.85 2.04 4.10 5.84 9.46 12.03 14.24 10.55 7.42 8.34 4.62 7.65 9.97 9.26 7.30
12.78 11.39 19.13 22.19 23.80 26.50 20.29 16.72 12.63 9.93 2.26 1.17 1.31 0.73 1.17 0.37 1.39 2.12 2.12 1.31 1.46 0.00 0.00 0.73 1.46 2.19 1.90 1.75 1.61 1.61 1.53 1.24 1.53 1.97 1.83 1.39 2.99 0.00 3.94 3.21 3.58 5.40 3.43 3.43 5.55 5.26 5.33 7.59 10.80 10.22 13.47 15.86 12.37 12.49 11.27 9.44 13.39 11.64 13.71 12.91 12.11 9.68 12.64 12.42 6.94 5.06 3.38 1.87 1.84 0.37 1.24 2.87 5.43 6.94 9.51 9.86 6.81 4.12 2.59 1.11 0.45 2.01 3.20 6.13
14.60 17.23 15.62 18.61 20.22 27.38 22.78 15.33 15.04 0.00 1.46 1.61 1.46 2.12 2.77 1.83 1.61 2.56 2.56 1.10 1.10 1.02 0.00 1.10 2.04 0.22 0.37 1.53 1.61 1.46 1.46 2.48 1.39 2.41 2.48 6.42 5.26 4.67 4.02 0.37 0.44 1.02 4.23 4.23 2.99 4.45 5.18 6.35 8.73 6.92 9.26 10.40 7.77 8.48 10.06 8.01 9.64 8.21 13.88 11.98 14.97 13.54 15.59 13.70 7.30 5.48 3.23 1.08 1.06 0.80 0.95 1.28 2.46 6.31 8.31 4.60 1.25 0.82 0.00 0.00 0.63 1.57 4.25 5.09
11.46 14.53 12.92 14.38 10.22 17.74 21.53 10.88 4.31 3.07 2.04 1.39 2.41 2.85 3.58 3.29 2.56 2.19 2.19 1.90 1.17 0.73 1.39 1.31 0.73 0.00 0.00 0.00 1.61 1.39 1.31 1.10 1.39 2.12 3.94 5.26 5.69 4.02 0.29 0.00 0.15 0.44 1.97 1.97 2.12 3.07 3.14 3.32 6.73 6.42 7.51 8.93 8.56 8.14 8.73 6.72 8.34 5.90 10.01 18.81 16.01 17.51 19.13 14.75 8.83 8.12 3.50 2.05 2.28 2.33 0.00 0.97 1.69 4.40 7.86 5.75 2.26 1.31 0.00 0.00 0.71 2.23 3.29 5.47
4.16 5.18 3.43 6.28 3.87 9.93 15.11 11.23 4.82 3.72 2.19 0.00 2.19 1.90 3.50 3.94 3.72 2.70 2.70 2.92 2.92 2.26 1.24 1.17 0.15 0.00 0.00 0.07 0.80 1.75 0.51 1.17 0.51 4.16 2.04 2.85 3.29 2.34 0.07 0.00 0.00 0.00 0.95 0.95 1.61 2.41 2.99 3.89 6.13 6.59 7.22 9.00 9.77 9.83 7.26 5.75 4.48 7.61 7.38 14.52 15.29 19.84 17.75 13.87 10.73 8.57 4.09 3.61 3.48 3.98 1.10 0.66 1.03 1.92 6.73 6.29 3.48 1.83 0.54 0.54 1.56 3.63 5.24 5.79
0.00 0.00 0.00 0.00 5.99 5.26 12.05 10.80 7.45 5.55 4.67 3.80 3.14 1.97 5.69 6.13 8.76 3.72 3.72 2.77 1.68 1.39 1.31 0.44 0.66 0.00 0.00 0.07 0.66 1.02 0.00 0.44 0.29 0.95 0.37 1.31 1.31 0.00 0.00 0.00 0.00 0.00 0.00 0.00 1.90 2.63 3.94 5.26 4.89 6.42 6.67 7.95 6.56 6.96 5.84 5.03 3.36 6.56 9.85 12.04 10.52 16.84 18.09 19.60 15.41 12.42 6.89 5.03 5.06 4.35 1.01 0.97 0.80 1.65 4.47 4.09 2.91 1.32 1.03 1.28 1.23 4.09 5.68 7.06
0.00 0.00 0.00 0.00 6.86 6.28 8.03 8.69 8.47 8.40 9.27 8.10 6.35 4.67 12.70 10.51 16.50 8.76 8.76 4.02 2.56 1.97 0.29 0.80 0.00 0.00 0.00 0.07 0.07 0.00 0.00 0.00 0.15 0.00 0.00 0.44 0.44 0.00 0.00 0.00 0.00 0.00 0.22 0.22 0.22 1.31 2.71 1.24 2.67 4.29 8.07 6.47 6.93 7.74 5.97 5.94 1.64 4.91 8.66 10.25 9.26 15.33 14.68 19.27 14.82 13.24 10.53 7.14 8.36 3.41 2.37 1.34 0.45 0.79 1.80 1.00 1.30 0.95 0.70 1.28 4.17 5.61 7.71 5.35
0.00 0.00 0.00 0.00 0.00 6.86 4.67 8.76 9.27 9.42 9.86 9.71 10.51 19.49 21.53 18.69 23.00 14.67 14.67 8.32 13.21 8.10 4.23 0.00 0.37 0.88 0.00 0.95 0.66 0.00 0.00 0.00 0.00 0.00 0.15 0.22 0.88 0.00 0.00 0.00 0.00 0.00 0.00 0.00 0.00 0.44 0.88 1.90 1.51 2.18 3.03 6.64 5.84 5.14 8.17 5.25 0.00 0.00 6.83 12.30 14.83 12.15 13.04 18.09 14.69 15.76 15.51 10.17 11.39 6.22 4.53 2.45 1.93 0.53 0.66 0.94 1.08 0.73 0.24 0.57 2.24 4.93 7.83 6.15
0.00 0.00 0.00 0.00 0.00 0.00 0.00 4.16 8.40 11.10 6.13 14.02 17.74 14.60 20.29 24.23 22.49 21.02 21.02 14.75 23.21 17.23 9.13 3.80 2.12 1.39 0.80 4.31 6.35 0.37 0.44 0.88 0.00 1.75 1.83 0.88 0.80 0.00 0.00 0.22 0.00 0.00 1.46 1.46 0.58 0.00 0.00 0.15 3.90 5.27 8.18 6.80 7.21 0.00 0.00 0.00 0.00 0.00 0.00 0.00 14.21 13.18 10.23 15.88 13.26 17.80 18.51 12.77 13.04 7.85 7.00 2.97 3.69 0.25 0.00 0.90 1.18 1.08 0.00 0.09 0.00 3.65 4.81 6.33
0.00 0.00 0.00 0.00 0.00 0.00 0.00 3.36 7.59 7.08 6.86 13.94 14.16 8.32 12.92 21.94 18.47 20.33 18.96 19.42 24.75 22.27 4.89 2.04 5.26 6.79 6.79 12.26 4.67 6.86 3.29 1.31 1.31 11.83 7.08 4.16 0.51 0.00 0.00 0.00 3.94 2.12 5.04 5.04 1.46 0.00 0.59 3.40 5.81 9.80 6.80 8.27 7.89 5.15 0.00 0.00 0.00 0.00 0.00 0.00 10.95 11.58 9.67 8.34 12.23 18.76 14.75 9.60 11.74 7.50 5.99 5.35 3.60 2.17 0.00 0.55 0.64 1.78 0.82 0.00 0.00 0.65 1.76 2.73
0.00 0.00 0.00 0.00 0.00 0.00 0.00 0.00 0.00 0.00 0.00 0.00 0.00 0.00 4.89 0.00 4.45 13.91 14.13 21.53 12.99 16.21 12.26 8.32 20.08 24.02 21.46 21.97 17.01 20.88 24.89 16.94 25.62 29.20 21.53 12.26 14.24 12.85 9.93 9.68 13.92 11.87 8.03 8.03 15.62 12.05 8.69 5.94 3.86 5.44 0.00 0.00 0.00 0.00 0.00 0.00 0.00 0.00 0.00 0.00 0.00 0.00 0.00 0.00 13.41 14.33 6.15 8.66 9.68 8.12 7.24 6.23 4.60 2.02 2.51 3.65 3.02 1.64 0.18 0.29 0.85 0.00 0.00 0.00
0.00 0.00 0.00 0.00 0.00 0.00 0.00 0.00 0.00 0.00 0.00 0.00 0.00 0.00 0.00 0.00 0.00 5.77 5.77 16.57 11.37 8.25 14.16 15.70 15.33 19.96 14.67 20.95 20.59 27.16 25.04 29.71 32.34 19.56 15.62 13.51 12.26 16.28 16.13 10.29 16.45 12.04 16.06 17.94 16.43 16.28 6.35 4.12 4.38 3.41 0.00 0.00 0.00 0.00 0.00 0.00 0.00 0.00 0.00 0.00 0.00 0.00 0.00 0.00 10.57 10.10 0.00 7.45 7.45 6.87 5.80 5.21 5.86 2.32 0.29 1.39 1.40 0.00 0.00 0.00 0.00 0.00 0.00 0.00
0.00 0.00 0.00 0.00 0.00 0.00 0.00 0.00 0.00 0.00 0.00 0.00 0.00 0.00 0.00 0.00 0.00 0.00 0.00 0.00 0.00 0.00 7.30 4.53 9.34 10.64 18.10 12.70 19.64 16.64 21.24 26.65 28.68 12.34 11.24 11.95 7.08 8.98 11.02 5.55 6.56 4.16 9.76 12.39 19.09 12.06 6.54 3.44 1.00 0.00 0.00 0.00 0.00 0.00 0.00 0.00 0.00 0.00 0.00 0.00 0.00 0.00 0.00 0.00 0.00 0.00 0.00 0.00 0.00 0.00 0.00 0.00 4.28 1.94 0.00 0.79 1.07 0.00 0.00 0.00 0.00 0.00 0.00 0.00
0.00 0.00 0.00 0.00 0.00 0.00 0.00 0.00 0.00 0.00 0.00 0.00 0.00 0.00 0.00 0.00 0.00 0.00 0.00 0.00 0.00 0.00 5.18 0.00 0.00 6.20 6.86 8.47 2.85 7.30 12.41 17.01 12.47 5.04 5.04 6.69 0.00 3.50 0.00 0.00 0.00 0.00 0.00 0.00 8.50 8.54 10.95 0.00 0.00 0.00 0.00 0.00 0.00 0.00 0.00 0.00 0.00 0.00 0.00 0.00 0.00 0.00 0.00 0.00 0.00 0.00 0.00 0.00 0.00 0.00 0.00 0.00 0.00 0.00 0.41 0.00 0.00 0.00 0.00 0.00 0.00 0.00 0.00 0.00
