Wansh/Snow_depth/snowdepth-1995/winter/1996060.txt
ncols 321
nrows 161
xllcenter 60
yllcenter 15 
cellsize  0.25 
NODATA_value -1
[rows 0 to 36 of 161, columns 0 to 83 of 321]
17.23 17.23 22.27 22.27 21.83 22.41 19.78 20.37 20.22 21.68 21.61 22.92 21.83 22.27 20.73 20.95 19.71 18.61 18.83 16.94 15.84 15.84 16.06 16.13 15.11 12.05 12.05 12.41 11.61 11.10 12.34 12.63 13.58 15.40 14.82 17.01 17.67 17.52 17.67 19.78 20.95 20.81 21.24 21.10 21.10 18.69 19.35 18.98 19.27 20.08 17.81 17.81 16.35 14.67 15.04 14.67 14.67 14.67 14.97 14.24 16.13 16.50 16.43 17.89 17.81 14.89 14.75 15.04 16.28 9.56 11.68 14.60 14.60 14.97 15.99 15.84 15.84 16.21 16.79 17.08 16.06 17.89 17.81 17.59
16.86 16.86 21.46 21.53 22.12 20.08 20.37 19.49 19.20 21.46 21.97 22.05 21.02 17.59 18.32 15.18 14.16 14.53 12.26 10.80 11.46 9.93 8.54 9.05 9.78 11.61 11.61 11.02 12.41 12.26 14.02 13.80 14.67 15.04 16.28 18.47 18.10 18.40 20.00 19.56 19.86 20.08 19.71 18.47 18.40 15.48 14.24 14.09 15.62 16.21 16.28 16.28 16.06 11.90 8.69 9.34 8.98 12.19 12.19 12.56 14.53 10.22 12.34 12.41 12.85 13.51 9.64 9.42 8.03 8.54 10.51 13.80 15.55 14.97 16.86 16.79 16.79 16.79 16.64 15.84 16.43 16.13 16.64 16.64
17.96 17.96 18.76 18.47 19.20 19.93 18.18 18.32 18.03 15.91 16.13 11.10 8.47 14.02 8.25 8.76 12.19 7.81 10.66 9.34 6.79 8.98 8.91 9.20 12.12 11.75 11.75 13.58 14.31 14.16 15.84 14.75 15.26 14.97 14.31 15.33 16.79 17.89 14.82 16.35 16.72 17.45 17.67 16.43 14.45 16.50 15.40 13.07 12.63 11.39 10.29 10.29 8.25 8.76 7.08 7.08 6.50 7.08 7.81 8.98 8.76 9.05 11.02 11.39 11.24 10.15 10.88 10.22 12.26 13.21 12.78 13.36 15.77 16.28 16.28 16.72 16.72 17.01 16.72 16.06 16.94 15.33 18.03 18.03
17.96 17.96 18.76 18.47 19.20 19.93 18.18 18.32 18.03 15.91 16.13 11.10 8.47 14.02 8.25 8.76 12.19 7.81 10.66 9.34 6.79 8.98 8.91 9.20 12.12 11.75 11.75 13.58 14.31 14.16 15.84 14.75 15.26 14.97 14.31 15.33 16.79 17.89 14.82 16.35 16.72 17.45 17.67 16.43 14.45 16.50 15.40 13.07 12.63 11.39 10.29 10.29 8.25 8.76 7.08 7.08 6.50 7.08 7.81 8.98 8.76 9.05 11.02 11.39 11.24 10.15 10.88 10.22 12.26 13.21 12.78 13.36 15.77 16.28 16.28 16.72 16.72 17.01 16.72 16.06 16.94 15.33 18.03 18.03
18.98 18.98 18.10 17.89 18.47 15.55 16.13 13.94 10.95 14.16 10.00 11.10 7.66 6.86 7.23 7.08 7.52 7.59 6.13 6.86 7.08 7.30 9.27 8.76 12.34 13.29 13.29 12.78 13.72 13.51 15.84 15.48 14.82 13.07 13.29 12.78 10.80 12.99 10.37 10.73 11.53 11.97 10.88 11.53 12.63 10.15 11.02 11.32 11.02 11.02 8.03 8.03 7.66 6.72 6.64 7.52 7.81 6.72 7.15 10.00 11.46 12.19 11.68 12.56 11.46 15.11 14.31 14.24 12.85 12.48 15.48 15.40 15.84 17.23 18.18 18.25 18.25 17.52 17.59 17.59 16.94 16.79 17.67 17.08
17.08 17.08 17.30 17.52 15.55 16.35 13.07 13.87 9.71 7.66 7.66 5.33 4.53 4.89 5.11 7.59 7.15 8.25 8.83 8.54 8.25 9.49 8.61 10.95 11.46 11.75 11.75 12.41 12.63 12.63 13.94 16.13 17.45 12.78 13.80 9.78 8.91 9.27 8.98 10.00 10.00 9.20 10.73 9.13 9.20 10.73 10.95 10.44 10.15 10.73 10.51 10.51 9.34 9.93 10.15 9.20 10.29 12.63 10.15 13.51 13.72 14.09 16.43 16.50 15.91 15.91 14.89 16.72 17.08 16.79 17.67 16.72 18.61 18.25 18.98 17.74 17.74 17.52 17.81 17.16 16.57 16.57 15.55 15.84
16.28 16.28 16.35 16.64 13.07 8.40 9.78 6.28 5.77 6.13 4.23 4.60 4.09 4.67 4.38 6.50 9.05 8.91 9.20 9.93 10.15 8.91 11.10 11.61 11.75 11.83 11.83 11.39 11.02 11.24 15.11 14.82 15.77 15.77 13.07 9.86 10.66 9.86 9.56 10.88 10.29 9.78 10.15 9.05 11.32 11.90 11.75 11.02 10.73 10.44 8.83 8.83 8.25 8.69 9.78 10.07 10.88 15.84 15.55 16.28 16.43 16.43 16.64 16.43 15.04 16.21 15.91 16.21 15.70 12.85 13.14 14.38 15.84 13.43 13.14 15.33 15.33 13.65 13.87 16.79 14.45 16.94 15.33 14.67
16.28 16.28 16.35 16.64 13.07 8.40 9.78 6.28 5.77 6.13 4.23 4.60 4.09 4.67 4.38 6.50 9.05 8.91 9.20 9.93 10.15 8.91 11.10 11.61 11.75 11.83 11.83 11.39 11.02 11.24 15.11 14.82 15.77 15.77 13.07 9.86 10.66 9.86 9.56 10.88 10.29 9.78 10.15 9.05 11.32 11.90 11.75 11.02 10.73 10.44 8.83 8.83 8.25 8.69 9.78 10.07 10.88 15.84 15.55 16.28 16.43 16.43 16.64 16.43 15.04 16.21 15.91 16.21 15.70 12.85 13.14 14.38 15.84 13.43 13.14 15.33 15.33 13.65 13.87 16.79 14.45 16.94 15.33 14.67
10.29 10.29 10.80 10.66 11.83 6.57 5.26 5.26 5.48 4.31 4.45 4.89 5.48 5.11 7.88 10.73 10.07 12.05 11.10 11.24 11.32 11.61 11.46 11.24 12.05 11.83 11.83 11.97 11.24 12.63 13.80 13.43 14.09 13.36 13.21 11.53 11.68 12.63 11.68 11.83 11.46 10.51 10.51 10.80 12.05 10.66 11.39 10.22 10.22 9.93 8.47 8.47 8.76 10.73 12.26 11.83 14.31 11.10 13.43 14.97 16.13 15.48 15.11 15.33 15.40 14.38 14.45 13.29 13.65 12.41 10.22 9.64 9.86 10.22 10.00 9.78 9.78 11.83 8.98 13.21 12.63 13.14 14.24 14.45
8.54 8.54 5.69 5.77 4.23 5.33 5.11 5.33 5.40 4.96 4.96 4.82 5.77 8.61 7.81 10.22 12.41 12.12 11.39 10.51 10.44 11.32 10.59 11.46 11.61 11.75 11.75 12.70 13.07 13.80 13.87 13.14 13.21 13.14 12.41 12.19 11.53 12.41 13.58 11.68 13.80 13.29 12.63 11.46 10.88 10.37 10.44 10.88 10.66 10.66 9.64 9.64 8.76 9.56 11.02 10.29 9.42 12.85 11.39 11.83 13.07 14.09 15.04 14.09 13.21 13.29 14.02 13.21 13.72 12.05 9.93 9.05 8.61 8.69 10.15 10.95 10.95 11.02 10.00 11.75 11.02 12.34 14.53 15.70
6.94 6.94 4.53 4.31 4.23 5.91 6.28 6.28 5.84 5.91 5.62 6.28 7.66 7.30 9.20 10.95 11.17 11.46 10.29 9.86 10.22 10.07 11.39 11.32 11.39 11.02 11.02 11.83 12.41 12.92 13.43 14.31 14.09 14.24 13.43 13.94 12.56 12.48 14.60 12.41 11.75 11.39 10.44 11.10 10.80 11.10 10.15 10.22 9.27 9.56 8.83 8.83 9.27 7.96 10.37 7.74 10.15 10.51 11.46 11.24 12.12 12.41 10.07 11.32 12.48 12.70 12.70 11.24 11.32 11.24 10.95 11.68 10.88 10.07 13.87 12.70 12.70 13.80 11.97 13.94 14.38 12.41 14.38 15.04
6.94 6.94 4.53 4.31 4.23 5.91 6.28 6.28 5.84 5.91 5.62 6.28 7.66 7.30 9.20 10.95 11.17 11.46 10.29 9.86 10.22 10.07 11.39 11.32 11.39 11.02 11.02 11.83 12.41 12.92 13.43 14.31 14.09 14.24 13.43 13.94 12.56 12.48 14.60 12.41 11.75 11.39 10.44 11.10 10.80 11.10 10.15 10.22 9.27 9.56 8.83 8.83 9.27 7.96 10.37 7.74 10.15 10.51 11.46 11.24 12.12 12.41 10.07 11.32 12.48 12.70 12.70 11.24 11.32 11.24 10.95 11.68 10.88 10.07 13.87 12.70 12.70 13.80 11.97 13.94 14.38 12.41 14.38 15.04
6.13 6.13 6.20 5.26 5.91 5.26 6.20 6.64 6.86 6.06 6.13 6.13 6.35 8.25 7.74 9.93 10.51 10.51 10.15 9.34 9.13 9.13 9.42 10.00 10.44 10.66 10.66 11.02 11.83 13.29 14.31 13.94 12.70 13.65 13.43 13.29 13.07 12.41 12.12 11.90 11.24 11.90 10.59 11.68 11.10 10.80 10.29 10.66 9.13 9.13 9.34 9.34 9.86 9.93 11.17 9.34 9.93 10.44 7.66 8.98 8.83 8.69 8.83 10.15 9.42 11.53 11.39 11.46 11.61 12.34 12.63 12.19 13.94 14.09 14.02 12.99 12.99 13.51 15.26 15.04 15.40 14.24 14.02 13.07
7.01 7.01 5.91 5.84 5.69 6.79 7.96 7.52 8.69 7.66 7.96 8.18 8.98 9.78 9.78 10.80 10.29 10.15 9.71 8.03 8.32 7.30 6.35 7.96 7.59 8.91 8.91 10.66 9.49 10.88 13.07 13.14 12.99 11.10 11.24 9.71 12.41 10.15 10.29 9.05 11.02 10.37 10.59 9.27 10.73 9.27 9.13 8.98 9.64 9.42 8.91 8.91 10.44 9.13 9.13 9.56 8.69 8.69 8.18 8.10 7.81 8.32 8.61 8.32 9.05 11.17 9.78 11.32 10.95 11.97 11.46 13.72 12.92 13.51 13.29 13.58 13.58 13.43 15.04 15.18 15.26 12.34 12.34 13.94
5.84 5.84 5.69 5.84 5.40 5.04 7.23 8.69 8.40 8.32 8.10 8.10 8.40 9.42 9.49 9.49 9.86 9.05 10.00 10.00 7.74 5.62 5.99 5.55 6.72 6.42 6.42 7.52 7.15 8.83 5.48 7.15 8.91 6.42 7.88 9.20 8.40 9.05 8.76 9.13 8.54 9.71 8.61 9.42 9.27 10.22 10.37 11.46 10.44 11.24 10.80 10.80 10.88 9.93 8.40 9.56 9.56 9.42 9.42 10.95 10.00 9.42 8.83 8.83 8.47 8.69 9.05 9.93 9.56 9.13 11.02 10.51 12.70 12.05 14.24 14.82 14.82 14.60 14.75 13.43 12.34 12.26 12.99 14.02
5.55 5.55 5.84 5.84 5.40 5.69 6.42 6.13 7.45 6.42 6.42 7.45 7.74 8.10 8.32 7.52 8.61 8.83 9.93 9.13 8.69 7.30 7.59 5.69 5.40 5.33 5.33 5.48 5.55 5.26 5.26 5.33 5.40 5.69 8.18 6.28 7.52 9.71 9.20 9.05 11.02 10.59 10.95 9.64 9.78 9.49 10.44 10.88 10.95 11.24 11.17 11.17 11.32 8.83 10.44 9.27 8.91 9.86 10.66 10.37 10.51 10.07 9.13 8.10 8.18 7.30 7.23 7.15 8.47 8.03 10.15 9.56 12.48 13.51 12.99 14.82 14.82 14.38 13.21 13.43 11.46 12.85 12.48 13.43
5.55 5.55 5.84 5.84 5.40 5.69 6.42 6.13 7.45 6.42 6.42 7.45 7.74 8.10 8.32 7.52 8.61 8.83 9.93 9.13 8.69 7.30 7.59 5.69 5.40 5.33 5.33 5.48 5.55 5.26 5.26 5.33 5.40 5.69 8.18 6.28 7.52 9.71 9.20 9.05 11.02 10.59 10.95 9.64 9.78 9.49 10.44 10.88 10.95 11.24 11.17 11.17 11.32 8.83 10.44 9.27 8.91 9.86 10.66 10.37 10.51 10.07 9.13 8.10 8.18 7.30 7.23 7.15 8.47 8.03 10.15 9.56 12.48 13.51 12.99 14.82 14.82 14.38 13.21 13.43 11.46 12.85 12.48 13.43
6.94 6.94 6.79 6.13 6.28 5.99 6.57 7.81 7.88 6.64 7.52 7.30 7.81 8.40 7.81 7.96 8.25 9.27 10.51 10.15 9.56 8.83 8.69 9.05 8.69 8.54 8.54 6.42 7.52 6.42 8.91 8.32 7.74 8.76 7.01 7.30 7.59 7.88 9.93 11.83 11.61 11.68 9.86 8.98 8.61 8.61 10.15 10.88 10.95 11.32 11.39 11.39 11.53 10.29 11.17 10.15 8.54 8.69 9.64 9.56 9.34 8.69 8.83 8.32 8.91 7.59 7.74 7.59 7.81 8.03 8.54 10.37 10.07 12.41 12.05 12.99 12.99 13.43 10.07 10.80 11.10 11.17 11.90 12.19
9.64 9.64 9.93 10.00 10.22 10.15 8.18 9.64 8.03 6.28 7.81 7.81 9.05 8.98 9.27 8.32 8.98 8.91 9.78 10.44 8.91 8.61 9.13 9.13 10.15 11.24 11.24 9.71 9.93 9.86 9.86 9.20 9.64 11.02 11.10 6.20 6.42 6.57 8.69 7.74 8.47 11.75 10.44 8.25 9.64 10.00 10.07 11.53 12.92 12.12 12.56 12.56 11.97 10.95 9.42 10.88 8.76 8.91 9.42 9.49 10.66 9.93 9.93 8.69 9.05 8.25 9.05 7.08 7.81 8.25 9.13 10.37 10.73 10.88 10.59 8.54 8.54 8.03 8.47 8.18 10.00 9.34 10.51 10.95
10.22 10.22 11.10 11.24 10.80 11.53 10.44 9.56 10.07 5.99 6.42 5.99 8.91 9.05 7.88 8.10 8.25 10.29 10.37 10.00 9.93 9.56 11.02 11.75 12.26 12.63 12.63 11.61 11.53 9.86 8.61 9.93 9.64 12.05 5.40 4.89 8.54 7.96 7.66 8.25 8.61 10.88 11.53 11.61 10.07 10.80 12.48 12.63 11.90 12.34 11.10 11.10 9.71 11.90 9.93 9.93 10.07 11.61 11.32 10.29 10.73 11.24 10.59 9.05 9.71 9.13 9.34 9.34 8.47 8.83 8.83 7.66 9.20 9.49 8.91 9.34 9.34 8.69 9.05 8.47 8.25 6.57 6.79 6.72
10.59 10.59 11.02 11.75 10.80 11.02 10.88 10.88 10.22 9.05 5.33 9.86 12.26 13.80 12.63 12.48 12.41 12.56 11.53 10.44 12.26 12.05 12.19 13.51 13.65 13.94 13.94 12.78 10.29 7.96 6.42 9.56 7.01 7.15 6.35 7.96 8.83 8.76 9.34 8.83 10.95 11.39 12.63 13.87 14.09 13.51 14.16 13.58 13.94 13.14 10.07 10.07 9.42 11.17 10.22 10.29 12.05 12.34 12.48 12.26 11.68 11.83 10.66 10.00 9.78 9.49 9.64 9.64 8.40 7.23 6.42 6.57 7.74 8.47 9.64 9.86 9.86 8.98 8.69 9.20 9.13 7.08 6.06 5.84
9.20 9.20 10.51 10.44 10.29 10.37 11.90 12.34 12.63 10.37 11.75 11.02 14.53 15.62 15.91 15.62 16.35 16.64 14.53 13.94 14.02 14.45 13.94 13.14 10.80 11.32 11.32 9.64 7.74 6.57 7.74 6.20 6.72 7.74 8.69 8.61 8.40 9.86 9.71 11.02 12.05 13.58 15.55 13.21 13.58 14.67 12.99 13.51 14.38 13.21 12.05 12.05 10.80 11.61 10.07 10.29 10.80 11.17 11.68 11.24 10.00 10.15 9.71 9.71 9.86 8.98 7.88 6.20 6.20 6.28 5.99 7.08 7.59 7.59 7.01 7.96 7.96 8.32 7.37 8.98 6.57 6.79 5.99 7.59
9.20 9.20 10.51 10.44 10.29 10.37 11.90 12.34 12.63 10.37 11.75 11.02 14.53 15.62 15.91 15.62 16.35 16.64 14.53 13.94 14.02 14.45 13.94 13.14 10.80 11.32 11.32 9.64 7.74 6.57 7.74 6.20 6.72 7.74 8.69 8.61 8.40 9.86 9.71 11.02 12.05 13.58 15.55 13.21 13.58 14.67 12.99 13.51 14.38 13.21 12.05 12.05 10.80 11.61 10.07 10.29 10.80 11.17 11.68 11.24 10.00 10.15 9.71 9.71 9.86 8.98 7.88 6.20 6.20 6.28 5.99 7.08 7.59 7.59 7.01 7.96 7.96 8.32 7.37 8.98 6.57 6.79 5.99 7.59
9.64 9.64 9.78 9.93 10.66 10.95 10.29 13.43 13.07 13.36 13.51 15.77 17.74 16.79 17.23 16.35 16.57 15.40 15.70 14.45 14.09 14.38 12.12 9.86 9.78 8.61 8.61 7.96 8.03 7.45 8.40 7.81 7.96 6.42 7.59 7.81 9.05 9.13 9.71 10.66 16.72 15.48 14.60 14.53 13.14 11.24 10.66 12.92 12.99 12.26 10.37 10.37 10.44 11.61 11.61 12.41 11.61 11.39 10.88 11.02 9.71 9.34 10.73 9.71 8.69 8.98 8.69 6.94 6.64 7.08 7.59 7.15 8.03 6.20 6.72 7.96 7.96 6.28 6.50 5.99 6.13 5.18 5.26 6.13
7.81 7.81 7.81 9.05 8.54 10.80 12.12 11.61 13.21 13.21 14.60 14.02 15.55 16.06 14.75 13.51 14.09 14.38 13.21 13.14 12.34 11.24 12.19 10.00 10.15 9.05 9.05 8.18 9.05 7.66 9.20 7.08 6.94 7.52 8.54 7.96 9.71 11.90 12.48 14.89 14.89 14.60 15.04 14.16 12.63 12.92 11.24 13.58 13.65 13.07 12.41 12.41 10.44 12.48 12.41 12.41 12.56 12.19 10.22 9.20 9.20 12.99 12.63 11.97 13.21 10.00 10.88 8.98 12.48 10.29 12.26 7.37 9.56 8.61 9.49 9.93 9.93 6.79 5.69 4.89 4.96 4.53 4.67 4.31
7.30 7.30 6.79 7.74 9.71 9.27 11.02 12.19 12.05 11.97 12.19 13.87 10.51 10.29 10.66 11.97 13.36 12.12 12.63 12.05 12.41 11.17 12.19 11.53 13.21 11.02 11.02 8.32 7.81 6.86 5.84 6.28 8.47 8.54 8.83 10.29 13.51 12.41 12.12 14.53 11.83 12.99 14.16 15.55 13.36 13.72 13.29 13.43 14.38 12.34 11.32 11.32 11.90 11.32 11.39 11.53 13.65 12.12 12.92 18.10 15.99 14.24 14.09 13.14 15.26 14.09 15.11 13.65 14.45 12.78 12.78 12.34 11.97 13.94 12.56 12.34 12.34 13.51 7.59 6.72 6.42 3.58 5.84 10.51
6.50 6.50 6.50 6.06 7.66 8.83 8.54 10.37 10.00 9.78 8.98 9.42 9.42 8.32 9.93 10.07 11.75 12.41 13.36 13.14 13.21 13.65 14.02 13.65 12.70 12.70 12.70 6.42 8.47 6.94 10.07 10.44 11.32 12.70 15.70 13.94 14.53 13.43 12.63 12.26 13.07 11.02 13.07 11.90 11.10 11.97 11.32 9.56 8.98 9.20 10.73 10.73 10.44 11.24 11.32 11.75 13.21 19.78 19.35 18.18 17.45 15.70 17.74 16.64 16.79 16.79 15.33 16.21 15.40 15.33 13.80 13.65 13.72 13.43 14.24 14.38 14.38 14.67 8.69 9.13 10.29 8.18 7.45 12.41
6.42 6.42 6.20 5.77 4.38 4.60 6.72 8.40 9.34 9.56 8.54 6.13 5.62 6.79 6.20 9.13 11.90 12.63 12.05 12.78 12.92 13.94 13.58 14.60 14.31 12.56 12.56 10.15 12.48 11.46 10.88 12.34 14.24 13.65 14.53 14.02 11.24 9.71 10.44 9.71 10.88 10.95 9.13 9.71 9.13 10.07 9.71 10.22 10.15 10.88 10.51 10.51 9.56 10.00 13.43 14.31 18.32 18.25 18.54 19.71 15.40 15.48 16.06 15.40 16.28 15.99 16.57 14.53 14.02 14.09 13.72 13.36 13.36 13.94 13.87 14.45 14.45 15.91 16.50 12.92 12.92 15.26 15.11 14.60
6.42 6.42 6.20 5.77 4.38 4.60 6.72 8.40 9.34 9.56 8.54 6.13 5.62 6.79 6.20 9.13 11.90 12.63 12.05 12.78 12.92 13.94 13.58 14.60 14.31 12.56 12.56 10.15 12.48 11.46 10.88 12.34 14.24 13.65 14.53 14.02 11.24 9.71 10.44 9.71 10.88 10.95 9.13 9.71 9.13 10.07 9.71 10.22 10.15 10.88 10.51 10.51 9.56 10.00 13.43 14.31 18.32 18.25 18.54 19.71 15.40 15.48 16.06 15.40 16.28 15.99 16.57 14.53 14.02 14.09 13.72 13.36 13.36 13.94 13.87 14.45 14.45 15.91 16.50 12.92 12.92 15.26 15.11 14.60
5.62 5.62 5.84 5.62 3.29 3.87 3.87 5.69 8.03 9.64 11.24 10.15 9.49 7.88 10.80 12.19 12.70 12.26 11.61 10.66 11.75 13.58 13.65 14.38 15.26 14.75 14.75 13.72 13.72 12.99 12.56 13.94 13.80 13.07 12.92 10.59 9.78 10.59 7.96 11.46 11.61 11.17 10.37 9.64 9.34 11.83 11.10 10.00 11.10 10.80 10.15 10.15 10.73 9.42 10.29 11.90 14.97 15.91 14.38 14.02 14.82 14.89 15.99 14.09 13.21 13.21 13.07 13.14 14.38 13.87 13.07 13.29 13.72 13.58 13.80 16.28 16.28 16.06 15.11 13.21 16.64 16.35 17.30 17.45
5.40 5.40 4.67 5.33 5.18 5.48 6.35 9.78 10.51 10.22 10.88 11.61 11.61 11.10 11.53 12.48 12.70 11.24 9.64 9.56 10.07 13.29 13.14 15.62 14.31 15.62 15.62 15.40 15.18 16.06 14.89 13.29 11.83 12.26 11.39 11.75 10.22 10.66 8.54 11.83 12.99 12.92 11.32 9.27 8.98 8.40 8.91 11.10 10.07 10.51 11.02 11.02 12.41 9.42 8.61 10.66 12.41 12.63 13.21 14.53 12.41 12.34 11.61 12.19 12.70 13.43 13.72 12.48 12.63 12.48 11.97 13.58 11.02 13.14 11.68 9.56 9.56 12.78 13.36 9.20 14.75 16.50 15.91 17.81
4.16 4.16 4.82 5.11 5.33 6.57 6.64 8.61 11.53 10.07 10.07 9.42 11.17 11.83 11.17 8.76 10.73 10.66 8.40 9.49 9.13 10.22 10.88 13.80 14.60 15.99 15.99 15.62 15.40 16.28 14.97 13.21 12.41 13.36 14.60 14.24 14.02 14.31 9.71 10.73 12.34 11.17 9.86 9.71 8.61 10.44 10.80 9.71 11.75 10.15 9.13 9.13 9.93 8.25 9.34 11.17 12.63 12.34 12.56 11.17 11.75 10.07 10.37 14.38 12.56 15.11 15.48 13.07 10.80 11.02 10.22 11.68 9.56 6.57 9.64 7.88 7.88 3.94 7.01 7.37 8.47 15.11 17.67 16.57
3.80 3.80 4.38 4.53 5.55 5.84 6.35 7.37 9.13 8.32 10.15 9.05 7.74 7.01 7.59 7.30 8.61 7.30 8.69 7.96 7.52 8.47 9.20 10.80 11.24 14.89 14.89 14.60 14.38 14.67 14.31 13.51 13.58 15.99 15.99 14.24 14.24 13.51 10.80 10.51 11.75 9.86 10.44 10.00 11.46 10.95 11.24 11.53 10.95 10.00 8.69 8.69 7.88 8.98 10.29 10.51 10.51 7.23 8.18 8.03 9.34 11.02 8.32 11.83 8.69 12.19 11.17 13.80 5.99 6.57 2.26 2.77 6.28 3.58 4.31 5.18 5.18 0.00 5.91 9.13 8.47 10.29 16.64 18.18
1.83 1.83 1.97 1.39 3.43 7.01 6.13 8.03 8.69 10.66 7.96 7.81 7.88 6.28 5.91 6.79 7.15 7.66 5.04 4.89 2.85 7.74 8.76 9.20 12.56 12.70 12.70 13.58 13.72 14.53 15.40 15.11 16.13 16.57 12.48 14.02 13.21 12.70 10.59 11.53 9.86 12.92 10.22 11.68 11.24 10.51 14.09 12.78 13.65 11.17 11.53 11.53 10.88 9.27 8.61 8.10 4.09 4.23 3.50 0.00 0.00 4.02 4.82 10.15 0.00 6.57 0.00 0.00 2.85 0.00 0.00 0.00 0.00 0.00 0.00 0.00 0.00 0.00 5.48 7.45 8.98 11.53 10.95 14.82
1.02 1.02 2.34 2.04 3.14 6.86 9.27 8.83 9.27 7.08 6.72 7.66 6.79 6.13 6.35 6.06 6.20 7.59 4.89 1.24 1.31 7.23 4.09 6.13 11.02 13.29 13.29 8.03 13.14 13.21 13.87 5.11 7.52 7.74 7.15 9.56 2.19 9.56 6.28 8.83 2.99 5.18 7.15 10.29 11.68 10.44 13.43 15.70 13.43 13.87 12.56 12.56 10.07 8.61 2.85 2.19 0.00 0.00 0.00 0.00 0.00 1.31 0.37 0.00 0.00 0.00 0.00 0.00 0.00 0.00 0.00 0.00 0.00 0.00 0.00 0.00 0.00 7.52 9.64 9.78 8.83 13.14 14.89 15.40
1.02 1.02 2.34 2.04 3.14 6.86 9.27 8.83 9.27 7.08 6.72 7.66 6.79 6.13 6.35 6.06 6.20 7.59 4.89 1.24 1.31 7.23 4.09 6.13 11.02 13.29 13.29 8.03 13.14 13.21 13.87 5.11 7.52 7.74 7.15 9.56 2.19 9.56 6.28 8.83 2.99 5.18 7.15 10.29 11.68 10.44 13.43 15.70 13.43 13.87 12.56 12.56 10.07 8.61 2.85 2.19 0.00 0.00 0.00 0.00 0.00 1.31 0.37 0.00 0.00 0.00 0.00 0.00 0.00 0.00 0.00 0.00 0.00 0.00 0.00 0.00 0.00 7.52 9.64 9.78 8.83 13.14 14.89 15.40
2.63 2.63 3.21 2.77 2.99 3.50 5.69 5.99 7.08 6.50 6.50 6.50 5.48 5.91 5.40 2.99 4.02 2.56 3.43 1.90 1.24 0.73 0.00 4.53 0.88 0.00 0.00 2.12 7.23 7.30 0.00 0.00 0.15 1.17 0.00 0.00 0.00 4.74 5.91 0.44 0.22 0.66 5.33 5.77 3.14 6.94 12.99 8.47 15.04 9.93 7.88 7.88 1.46 0.80 0.00 0.00 0.00 0.00 0.00 0.00 0.00 0.00 0.00 0.00 0.00 0.00 0.00 0.00 0.00 0.00 0.00 0.00 0.51 3.36 8.47 7.30 7.30 10.59 13.51 20.88 11.68 18.83 19.35 16.28
