Wansh/Snow_depth/snowdepth-1995/winter/1996037.txt
ncols 321
nrows 161
xllcenter 60
yllcenter 15 
cellsize  0.25 
NODATA_value -1
[rows 74 to 110 of 161, columns 84 to 167 of 321]
0.00 0.00 0.00 0.00 0.15 0.66 1.39 2.04 1.10 0.73 1.17 1.17 0.66 1.53 3.21 3.14 0.00 0.00 0.00 0.00 0.00 0.00 0.00 2.70 2.34 4.16 4.60 0.00 0.00 3.36 3.29 2.85 0.00 3.50 4.53 6.86 8.54 11.17 14.89 13.65 10.80 5.91 1.46 1.46 0.95 1.10 0.80 0.58 0.00 1.31 0.00 1.46 0.00 0.00 1.19 1.97 1.31 0.58 0.37 0.29 0.00 0.00 0.00 0.58 0.00 0.00 0.00 0.00 0.00 0.51 0.95 2.34 1.39 0.00 0.00 0.00 0.00 0.00 0.00 0.00 0.00 1.10 1.10 0.73
0.00 0.22 0.58 0.00 0.95 0.58 2.41 2.85 2.34 1.24 0.00 1.75 0.00 1.68 2.92 2.63 0.00 4.16 4.16 3.72 0.00 0.00 0.00 0.00 3.14 4.96 6.86 4.53 5.18 0.00 0.00 3.72 0.00 0.00 0.00 5.69 8.32 6.72 12.12 14.89 6.86 4.82 2.63 2.63 4.23 2.56 1.46 3.80 1.24 0.80 1.75 1.31 1.31 1.53 1.31 0.51 1.17 0.29 0.80 0.58 1.83 2.12 1.83 1.61 1.39 0.00 0.00 0.00 0.00 0.22 1.31 4.16 3.43 0.00 0.00 0.00 0.00 0.00 0.00 0.00 0.00 0.73 1.03 0.00
0.66 1.31 2.85 1.46 2.26 2.04 2.19 3.80 3.21 0.00 0.00 3.29 0.00 0.00 0.00 0.00 0.00 2.92 2.92 4.16 0.00 0.00 0.00 3.72 4.53 4.82 5.69 6.20 0.00 0.00 0.00 0.00 3.50 0.00 0.00 0.00 5.33 7.59 7.01 7.66 6.64 5.69 4.31 4.31 3.14 1.17 3.07 4.67 3.07 2.34 2.19 0.80 1.75 1.17 1.31 0.80 0.66 0.66 0.00 0.58 2.04 1.68 2.04 3.14 2.41 1.47 0.73 0.73 0.73 0.80 5.33 4.16 2.70 0.66 0.00 0.00 0.00 0.00 0.00 0.00 0.00 0.00 0.29 0.23
1.68 2.04 2.19 1.53 2.26 2.99 4.09 4.02 3.36 2.12 2.63 4.67 2.92 1.17 0.00 0.00 3.36 4.31 4.31 4.09 0.00 3.14 3.94 0.00 4.23 4.23 4.60 4.67 4.16 0.00 0.00 0.00 0.00 0.00 0.00 0.00 0.00 0.00 0.00 5.69 6.50 4.02 5.04 5.04 4.96 4.16 3.87 3.50 4.23 2.99 0.00 2.41 0.44 2.04 1.90 2.77 0.88 0.07 0.44 1.46 2.77 2.26 3.43 2.99 2.92 4.74 3.50 2.41 2.41 3.80 4.89 4.38 4.09 2.41 0.07 0.00 0.00 0.00 0.00 0.00 0.00 0.00 0.15 0.52
0.88 2.19 3.21 1.17 2.56 3.36 3.07 3.14 0.00 4.31 3.87 5.18 5.18 1.75 1.83 2.56 4.23 5.48 5.48 4.31 3.07 3.80 3.58 3.72 4.45 3.87 0.00 4.74 4.09 0.00 0.00 0.00 0.00 0.00 4.02 0.00 0.00 0.00 0.00 2.77 2.85 4.89 4.16 4.16 3.43 0.00 0.00 0.00 0.00 0.00 1.97 0.00 2.26 3.21 2.99 0.00 1.68 1.61 2.04 1.83 2.99 3.87 2.85 2.34 3.87 7.15 5.40 5.11 5.11 6.94 4.67 3.07 4.16 2.85 0.44 0.88 0.00 0.00 0.00 0.00 0.00 0.00 1.32 0.59
4.96 5.11 3.14 2.48 2.56 2.34 2.26 3.21 3.36 4.23 5.11 5.04 4.60 3.43 0.00 3.43 5.62 6.42 6.42 4.82 3.36 3.21 4.23 4.02 0.00 4.38 3.94 5.48 5.55 4.16 0.00 0.00 0.00 0.00 0.00 0.00 0.00 0.00 0.00 0.00 2.34 0.00 0.00 0.00 2.41 1.02 0.00 0.00 0.00 0.00 0.00 0.00 0.00 0.00 0.00 0.00 0.00 1.83 1.39 2.12 2.63 2.48 2.92 0.00 4.60 5.18 7.08 6.57 6.57 7.15 5.69 3.14 3.21 3.21 1.10 2.99 0.29 0.00 0.00 0.00 0.00 1.46 1.24 0.00
0.00 0.00 3.50 0.00 0.00 2.41 2.34 2.77 0.00 4.38 4.96 4.67 4.38 3.36 3.87 3.50 5.18 5.18 5.18 4.82 2.99 2.92 3.07 3.14 2.48 3.94 5.40 4.96 4.60 0.00 0.00 0.00 0.00 0.00 3.43 2.99 3.07 0.00 0.00 2.26 2.26 0.00 0.44 0.44 0.00 0.00 0.00 0.00 0.00 0.00 0.00 0.00 0.00 0.00 0.00 0.00 0.00 1.61 1.17 0.00 2.85 3.36 3.65 3.80 5.18 0.00 0.00 5.91 5.91 5.48 5.77 9.20 6.20 4.02 8.98 5.87 3.29 1.22 0.51 0.00 0.66 0.00 0.07 0.22
0.00 0.00 0.00 0.00 0.00 3.07 0.00 0.00 2.70 2.70 3.72 4.82 4.60 4.67 4.31 4.02 4.31 3.36 3.36 3.43 3.14 1.75 2.41 2.12 2.19 0.00 4.16 4.45 4.31 0.00 0.00 0.00 0.00 0.00 3.29 4.02 2.48 2.63 0.00 2.63 2.19 0.73 2.04 2.04 2.92 0.00 0.00 0.00 0.00 0.00 0.00 0.00 0.00 0.00 0.00 0.00 0.00 0.73 1.39 2.70 4.16 3.80 3.65 3.43 0.00 0.00 0.00 4.89 4.89 5.55 6.79 5.77 11.53 10.29 13.87 3.74 1.84 2.45 0.83 0.52 0.00 0.00 0.00 0.00
0.00 0.00 0.00 0.00 0.00 0.00 0.00 0.00 0.00 3.72 3.36 4.38 4.67 4.02 4.60 3.50 3.29 2.26 2.26 2.34 0.95 0.73 1.75 1.83 0.00 0.00 0.00 1.97 1.97 0.00 0.00 0.00 0.00 0.00 0.00 2.04 1.90 2.41 1.75 0.22 0.73 0.00 0.00 0.00 0.00 0.00 0.00 0.00 0.00 0.00 0.00 0.00 0.00 0.00 0.00 0.00 0.00 1.31 2.70 4.89 5.11 5.11 4.74 4.38 4.38 3.72 8.18 5.18 5.18 4.96 5.91 7.59 8.69 14.24 11.61 4.02 3.21 3.07 1.68 0.37 0.44 0.22 0.00 0.00
1.90 2.19 0.00 0.00 0.00 0.00 0.00 0.00 0.00 0.00 4.09 3.36 2.92 3.87 4.38 4.60 3.72 1.83 1.83 1.61 1.24 0.22 0.00 0.00 0.00 0.00 0.22 0.66 0.00 1.02 0.00 2.77 0.00 0.00 2.19 1.53 1.02 0.07 0.58 0.00 0.00 0.00 0.00 0.00 0.00 0.00 0.00 0.00 0.00 0.00 0.00 0.00 1.31 1.31 1.53 0.58 5.18 2.77 4.09 5.26 4.82 6.06 7.08 10.00 9.20 8.54 13.94 8.83 8.83 5.33 6.42 7.30 10.00 13.14 11.10 10.73 4.53 5.18 3.21 1.46 0.80 1.46 0.66 0.00
1.83 1.53 2.56 0.00 1.97 0.00 0.00 0.00 0.00 2.70 0.00 0.00 0.00 0.00 3.21 3.07 0.00 0.00 0.00 0.95 1.75 0.00 0.00 0.00 0.00 0.00 0.44 0.80 0.44 0.95 1.68 1.75 2.41 1.02 0.51 1.02 0.00 0.00 1.10 0.00 0.00 0.00 0.00 0.00 0.00 0.00 0.00 0.00 0.00 0.00 4.67 3.94 4.74 8.32 6.13 4.31 8.10 5.04 5.77 4.60 6.50 10.00 15.33 14.75 12.92 12.85 20.44 14.45 14.45 7.74 12.19 6.64 8.91 10.00 10.66 9.56 8.25 6.13 5.55 3.80 3.50 3.65 0.51 0.44
1.90 1.61 1.46 0.00 0.00 0.00 3.29 2.85 2.85 0.00 0.00 0.00 0.00 0.00 0.00 0.00 1.68 0.00 0.00 0.00 0.00 1.02 1.39 0.00 0.00 0.00 0.00 0.22 1.46 0.00 0.51 0.00 2.12 2.99 0.00 0.00 0.00 0.00 0.00 0.00 0.00 0.00 0.00 0.00 0.00 0.00 0.00 0.00 0.00 4.53 6.64 9.49 8.10 10.44 9.78 8.83 11.10 5.77 5.18 9.86 11.30 13.33 18.44 17.08 17.30 18.32 22.12 23.21 23.21 24.45 15.99 19.71 13.87 10.00 9.13 7.01 7.30 7.23 5.69 8.03 4.96 4.09 1.10 0.29
0.51 1.83 0.00 1.83 1.83 0.00 2.63 2.34 0.00 2.26 0.00 2.77 0.00 0.00 0.00 0.00 0.00 0.00 0.00 0.00 2.34 2.92 2.19 0.00 0.00 0.00 0.00 0.00 0.00 0.00 0.00 0.00 0.00 0.00 0.00 0.00 0.00 0.00 0.00 0.00 1.46 2.70 2.19 2.19 1.31 0.00 0.00 1.68 1.68 1.83 2.70 4.89 6.64 9.27 8.40 13.80 15.18 15.33 21.97 22.92 20.66 25.40 25.77 27.59 24.31 28.98 30.44 26.43 26.43 32.49 30.51 28.91 27.45 21.53 12.56 10.66 9.56 10.29 10.07 10.88 8.83 10.29 3.29 2.99
1.68 1.75 0.00 0.00 0.00 0.00 2.34 0.00 0.00 0.00 0.00 2.77 2.12 0.00 0.00 2.34 0.00 2.34 2.34 2.48 0.00 0.00 2.26 0.00 0.00 0.00 0.00 0.00 0.00 0.00 0.00 0.00 0.00 0.00 0.00 0.00 0.00 0.00 0.00 2.48 5.04 2.56 2.85 2.85 2.70 2.92 1.31 2.56 2.41 2.26 2.04 3.14 3.43 7.15 9.93 12.63 17.59 19.13 24.45 25.62 26.86 25.48 23.58 22.85 21.94 23.94 27.96 23.94 23.94 25.04 25.04 28.25 21.17 14.97 16.35 13.29 9.64 9.49 10.51 10.88 10.15 7.66 5.91 2.92
1.83 0.00 0.00 0.00 0.00 0.00 0.00 0.00 0.00 0.00 0.00 3.07 2.99 2.63 2.41 2.56 0.00 0.00 0.00 1.68 1.53 0.00 0.00 0.00 1.24 0.00 0.00 0.00 0.00 0.00 0.00 0.00 0.00 0.00 0.00 0.00 0.00 0.00 0.00 5.77 4.16 5.62 5.26 5.26 8.18 5.69 4.23 2.85 5.62 4.45 1.61 3.29 3.29 5.33 9.05 11.17 15.04 19.13 20.22 22.85 21.83 21.83 21.75 20.51 21.46 24.49 24.31 23.21 23.21 22.12 23.36 20.88 20.00 19.49 19.49 16.35 13.14 13.29 13.58 12.99 11.32 8.61 6.72 3.43
2.04 0.80 0.00 0.00 0.00 0.00 0.00 0.00 0.00 0.00 0.00 0.00 2.85 0.00 0.00 2.56 2.63 1.83 1.83 1.68 1.61 0.00 0.00 0.00 1.90 0.00 0.00 0.00 0.00 0.00 0.00 0.00 0.00 1.97 2.77 0.00 0.00 2.99 0.00 0.00 4.23 6.64 8.54 8.54 6.86 6.35 6.64 5.84 7.37 5.55 3.58 7.01 5.69 6.13 12.12 11.75 12.92 15.99 18.82 17.18 12.26 14.75 18.62 20.51 24.83 24.38 22.67 19.20 19.20 19.93 19.20 20.00 20.51 20.15 17.30 15.62 15.99 16.72 14.67 14.37 13.89 8.65 4.11 4.62
2.34 0.80 0.00 0.00 0.00 0.00 0.00 0.00 0.00 0.00 0.00 0.00 0.00 0.00 0.00 0.00 0.00 0.00 0.00 1.83 0.00 0.00 0.00 0.00 0.00 0.00 0.00 0.00 0.00 0.00 0.00 0.00 0.00 0.00 0.00 0.00 0.00 2.99 3.72 3.50 5.99 5.55 7.59 7.59 4.09 7.08 6.94 8.91 9.05 8.18 7.52 10.37 12.26 10.88 16.64 17.45 18.76 16.57 12.34 12.70 11.44 11.46 13.79 18.91 22.48 22.85 21.86 21.11 20.44 17.39 18.18 18.61 18.32 19.86 17.81 17.16 17.30 15.40 15.98 12.99 12.22 7.99 7.26 7.49
1.53 0.00 0.00 1.24 0.00 0.00 0.00 0.00 0.00 0.00 0.00 0.00 0.00 0.00 0.00 0.00 0.00 0.00 0.00 0.00 0.00 0.00 0.00 0.00 0.00 0.00 0.00 0.00 0.00 0.00 0.00 0.00 0.00 0.00 0.00 0.00 2.85 3.29 0.00 5.77 7.74 5.77 4.02 4.02 4.82 6.79 7.74 7.66 8.40 9.71 8.91 13.94 16.79 22.41 24.97 21.90 21.68 16.35 14.75 17.77 14.67 12.26 12.22 15.89 19.31 19.96 21.02 20.51 20.62 19.88 15.04 15.99 17.23 17.45 15.19 15.40 14.24 14.45 15.77 14.76 14.68 8.47 11.92 11.71
0.95 1.31 1.17 0.80 0.00 0.00 1.10 1.83 0.00 0.00 0.00 0.00 0.00 0.00 0.00 0.00 0.00 0.00 0.00 0.00 0.00 0.00 0.00 0.00 0.00 0.00 0.00 0.00 0.00 0.00 0.00 0.00 0.00 0.00 0.00 2.77 1.97 4.45 5.26 6.50 2.77 3.21 1.97 1.97 3.43 4.53 2.77 5.33 6.79 8.25 14.16 16.35 20.59 21.02 25.04 25.92 21.32 22.70 18.91 22.39 13.72 12.99 13.90 13.74 19.86 21.98 20.81 19.56 19.56 15.36 16.08 15.36 17.97 18.01 16.87 13.79 16.86 15.71 16.78 16.24 16.81 10.99 13.11 15.60
1.83 0.88 1.02 0.95 1.68 1.68 2.04 0.00 1.46 1.17 0.00 0.44 0.00 0.00 0.00 0.00 0.00 0.00 0.00 0.00 0.00 0.00 0.00 0.00 0.00 0.00 0.00 0.00 0.00 0.00 0.00 0.00 0.00 0.00 0.00 0.00 2.85 2.77 4.38 0.00 0.00 0.00 1.90 1.90 2.34 3.87 1.68 2.56 4.67 9.78 10.88 13.58 16.86 20.00 24.53 25.99 27.25 26.13 24.67 22.05 20.51 15.87 16.24 13.06 16.58 19.62 17.53 18.03 18.03 13.13 13.09 17.25 15.27 16.95 17.86 16.87 17.67 16.01 16.48 17.38 19.65 16.59 17.27 14.41
2.19 1.90 1.39 2.12 1.10 1.02 0.00 0.00 0.00 0.00 0.00 0.00 0.00 0.00 0.00 0.00 0.73 0.00 0.00 0.00 0.00 0.00 0.00 0.00 0.00 0.00 0.00 0.00 0.00 0.00 0.00 0.00 0.00 0.00 0.00 0.00 0.00 0.00 0.00 0.00 0.00 0.00 0.00 0.00 0.44 1.31 1.39 1.83 4.23 11.24 11.90 12.99 15.72 20.39 22.24 25.72 26.26 27.16 26.35 25.26 20.73 19.15 14.29 12.74 12.87 16.13 15.30 8.91 8.95 11.42 14.60 16.06 11.86 15.75 17.84 21.46 19.29 16.34 14.99 16.89 19.44 20.80 19.34 16.83
2.92 2.34 2.85 3.14 2.12 2.04 0.00 0.00 0.00 0.00 0.00 0.00 0.00 0.00 0.00 0.00 0.00 0.00 0.00 0.00 0.00 0.00 0.00 0.00 0.00 0.00 0.00 0.00 0.00 0.00 0.00 0.00 0.00 0.00 0.00 0.00 0.00 0.00 0.00 0.00 0.00 0.00 0.00 0.00 0.00 1.46 3.43 4.67 8.69 13.14 13.87 15.55 16.79 19.95 19.84 19.19 26.78 25.97 18.90 20.72 22.38 18.12 10.26 9.24 7.38 11.82 11.38 5.72 5.72 6.64 8.53 9.65 14.60 19.74 20.25 19.37 18.62 16.20 11.90 14.84 14.83 18.23 20.81 16.75
4.38 3.36 3.50 3.87 4.23 4.38 4.09 4.67 0.00 0.00 0.00 0.00 0.00 0.00 0.00 0.00 0.00 0.00 0.00 0.00 0.00 0.00 0.00 0.00 0.00 0.00 0.00 0.51 0.37 0.00 0.00 0.00 0.00 0.00 0.00 0.00 0.00 0.00 0.00 0.00 0.00 2.12 2.92 2.92 0.00 4.60 4.60 6.64 11.02 12.78 14.60 15.91 16.79 16.14 14.60 15.90 19.39 18.88 13.48 15.88 16.57 10.27 7.53 7.18 5.91 7.01 7.00 5.26 5.18 2.74 4.00 5.95 12.06 16.94 19.64 13.79 14.01 14.36 8.02 9.92 9.11 14.52 11.28 12.62
5.11 3.07 5.11 11.83 7.45 7.01 7.01 8.47 2.85 2.70 3.07 0.73 0.00 0.00 0.00 0.00 0.00 0.00 0.00 0.00 0.00 0.00 0.00 0.00 0.00 0.00 0.00 0.95 0.51 0.29 0.00 0.00 0.22 0.07 0.00 0.51 0.00 0.00 0.00 0.00 6.13 5.62 4.82 4.82 0.07 5.33 5.04 5.84 10.15 15.20 17.69 16.75 17.66 18.37 14.30 12.55 12.78 11.83 11.80 10.93 9.68 9.99 9.10 5.84 5.41 4.21 4.45 3.31 3.23 3.65 1.39 5.09 8.51 11.66 14.53 10.15 9.63 7.02 6.41 6.48 12.43 8.71 7.84 7.39
7.37 5.18 10.95 13.58 18.18 21.61 20.22 15.26 7.74 5.04 2.12 0.58 1.31 0.95 0.37 0.73 1.02 0.00 0.00 0.00 0.00 0.00 0.00 0.88 1.17 1.97 0.73 0.58 1.46 0.51 1.68 0.73 0.88 1.02 1.02 0.44 0.73 3.21 3.87 4.23 0.88 1.46 5.11 5.11 2.34 2.99 2.92 5.11 11.46 13.07 15.50 13.01 13.91 14.09 8.70 12.17 13.62 12.23 13.41 13.35 11.15 13.31 12.48 9.03 4.96 3.59 2.23 0.60 0.59 0.73 1.83 1.44 4.07 6.94 7.19 4.60 4.01 1.65 1.08 1.90 1.17 3.10 3.65 6.04
11.39 10.80 14.16 16.86 19.86 22.70 22.34 17.52 9.93 4.74 2.99 1.75 0.88 0.88 0.73 0.80 1.39 1.61 1.61 1.31 0.58 0.66 1.17 0.58 1.31 0.95 0.07 0.88 1.24 1.02 1.02 0.15 1.02 1.46 2.04 2.85 4.45 1.68 0.00 1.53 0.00 0.07 1.46 1.46 1.17 2.04 2.99 4.45 6.85 12.47 12.64 9.63 9.16 9.02 8.10 10.83 12.92 9.63 12.84 14.44 14.01 17.10 17.43 9.03 3.43 3.14 3.08 0.00 0.00 0.00 0.80 0.32 4.57 6.22 5.98 4.60 2.06 1.80 0.46 0.55 0.32 1.15 2.38 3.65
12.99 13.51 9.56 15.99 18.69 17.96 17.81 14.60 11.75 5.11 0.00 0.00 0.00 1.39 2.04 1.97 2.56 1.68 1.68 1.68 1.39 1.31 1.39 1.53 0.51 0.66 0.00 0.29 0.44 1.46 1.46 0.88 0.00 0.15 1.90 3.21 4.38 0.00 0.00 0.00 0.00 0.00 0.00 0.00 0.95 1.53 2.85 3.61 5.92 7.78 11.48 9.76 10.63 9.81 9.15 9.32 6.65 6.36 10.47 15.37 17.90 18.32 13.21 13.14 7.59 3.72 4.62 1.47 1.63 0.16 0.00 0.88 3.03 5.57 5.84 5.38 3.21 1.97 0.29 0.00 0.00 1.20 3.74 3.37
9.71 7.66 5.18 8.32 10.88 12.85 10.15 8.07 5.40 0.00 0.00 0.00 2.04 1.39 2.12 2.48 2.56 2.26 2.26 2.34 1.68 0.73 0.51 0.44 0.00 0.00 0.00 0.07 0.00 0.73 0.44 0.07 0.00 0.00 2.34 1.17 2.92 0.00 0.00 0.00 0.00 0.00 0.00 0.00 0.29 1.17 1.75 3.01 4.96 6.74 8.19 9.83 11.54 11.00 7.50 9.40 5.72 8.02 7.47 8.61 18.38 17.26 16.21 17.16 12.34 7.65 2.25 1.73 1.66 1.33 0.63 1.03 2.90 4.69 3.59 3.89 1.33 1.53 1.85 0.00 0.00 2.84 5.64 3.94
5.48 0.00 0.00 0.00 6.06 9.42 9.34 8.61 4.82 2.26 0.00 0.00 0.00 0.00 2.12 2.04 2.48 1.90 1.90 1.68 1.83 1.46 0.29 1.24 0.95 0.00 0.00 0.00 0.44 0.00 0.22 0.15 0.00 0.00 0.07 0.37 1.53 0.00 0.00 0.00 0.00 0.00 0.00 0.00 0.00 1.46 2.04 3.94 5.18 6.72 7.04 9.86 10.23 9.10 8.48 7.35 5.58 6.45 8.49 12.14 10.29 16.30 17.24 18.50 17.31 8.65 4.35 3.96 3.98 3.33 1.62 1.13 2.31 2.89 1.76 1.78 1.27 1.10 0.66 0.24 2.30 4.28 4.69 3.89
0.00 0.00 0.00 0.00 0.00 6.94 8.25 7.66 7.15 5.04 5.11 5.04 0.00 0.00 0.00 3.29 3.07 3.21 3.21 2.19 3.65 1.10 0.07 0.00 0.00 0.00 0.00 0.00 0.00 0.22 0.00 0.00 0.00 0.00 0.00 0.00 0.22 0.00 0.00 0.00 0.00 0.00 0.00 0.00 0.00 0.44 2.49 2.41 4.00 5.95 6.62 7.78 12.18 9.19 6.53 6.82 7.48 9.97 13.14 11.38 11.84 13.51 17.42 15.50 13.03 14.35 6.62 6.52 7.62 5.00 4.01 3.12 1.26 0.70 1.64 1.50 1.38 1.31 0.47 0.96 3.30 2.54 4.95 1.15
0.00 0.00 0.00 0.00 0.00 0.00 6.13 6.28 7.88 6.20 7.37 8.10 6.64 5.04 6.35 8.32 7.30 5.84 5.84 3.58 10.29 7.30 0.44 0.00 0.00 0.00 0.00 0.00 0.00 0.00 0.00 0.00 0.00 0.00 0.00 0.00 0.00 0.00 0.00 0.00 0.00 0.00 0.00 0.00 0.00 0.00 0.00 0.00 2.69 4.60 4.63 6.37 7.10 7.66 10.24 10.37 0.00 11.44 10.36 18.25 11.21 13.03 13.59 17.05 15.12 14.10 12.32 5.33 5.97 8.10 5.17 3.49 2.99 0.80 0.37 1.78 1.58 0.73 0.00 1.43 2.07 4.56 3.58 3.53
0.00 0.00 0.00 0.00 0.00 0.00 0.00 5.69 8.32 9.13 9.86 9.42 10.88 11.75 10.80 15.19 15.04 13.94 13.94 18.40 16.06 3.07 0.00 0.00 0.00 0.00 0.00 1.83 0.00 0.29 0.00 0.00 0.00 0.00 0.00 0.15 0.37 0.00 0.00 0.00 0.00 0.00 0.00 0.00 0.00 0.00 0.00 0.00 1.22 3.24 8.26 8.30 6.21 5.61 10.89 0.00 0.00 7.30 11.40 10.47 16.29 19.47 13.81 14.60 17.99 13.66 13.47 7.72 7.89 11.27 7.30 3.48 4.22 1.10 0.00 0.72 1.33 2.00 0.00 0.00 0.00 1.78 2.85 3.78
0.00 0.00 0.00 0.00 0.00 0.00 0.00 0.00 7.96 7.08 7.66 11.17 11.32 12.26 17.01 19.00 18.40 18.23 17.01 20.29 25.11 11.83 1.83 0.00 0.95 1.39 6.42 0.00 0.00 0.51 0.00 0.00 1.31 0.00 0.07 1.02 2.41 0.00 0.00 0.73 1.02 1.83 0.88 0.88 0.00 0.00 0.00 0.85 2.73 9.51 11.40 9.88 0.00 0.00 7.23 0.00 0.00 0.00 0.00 0.00 14.60 15.54 12.78 13.73 16.97 16.73 13.67 11.16 13.65 8.42 5.46 5.08 5.05 2.42 1.54 1.01 2.15 1.22 0.00 0.00 0.00 0.00 0.00 0.00
0.00 0.00 0.00 0.00 0.00 0.00 0.00 0.00 0.00 0.00 0.00 0.00 0.00 0.00 4.60 4.89 8.25 12.08 12.27 6.86 15.33 19.71 15.99 8.54 8.98 15.33 17.45 16.28 12.48 15.04 13.94 23.00 25.62 20.37 14.09 11.02 10.95 6.86 15.77 12.84 10.61 13.94 12.63 12.63 10.51 4.67 2.56 5.50 5.20 0.96 0.00 0.00 0.00 0.00 0.00 0.00 0.00 0.00 0.00 0.00 0.00 11.74 11.08 9.30 18.40 16.96 14.60 7.85 8.78 10.64 11.53 6.88 4.16 2.37 2.70 3.14 2.28 1.00 0.28 0.00 0.00 0.00 0.00 0.00
0.00 0.00 0.00 0.00 0.00 0.00 0.00 0.00 0.00 0.00 0.00 0.00 0.00 0.00 0.00 0.00 0.00 0.00 0.00 5.33 13.63 16.04 10.44 11.61 11.61 13.59 21.34 18.10 15.33 16.43 18.83 24.97 14.16 23.80 17.45 12.70 14.31 16.06 14.38 15.77 13.84 16.31 17.16 19.17 16.72 9.93 8.54 4.94 7.75 0.00 0.00 0.00 0.00 0.00 0.00 0.00 0.00 0.00 0.00 0.00 0.00 0.00 0.00 12.47 15.36 14.23 11.95 0.00 0.00 5.91 7.94 7.96 3.16 1.99 2.48 1.66 1.14 0.61 0.00 0.00 0.00 0.00 0.00 0.00
0.00 0.00 0.00 0.00 0.00 0.00 0.00 0.00 0.00 0.00 0.00 0.00 0.00 0.00 0.00 0.00 0.00 0.00 0.00 0.00 0.00 8.25 10.66 9.20 11.97 6.53 15.57 11.02 17.45 12.99 10.73 20.00 24.31 23.80 11.46 4.39 9.86 14.53 7.59 7.37 7.30 4.45 11.50 14.60 15.64 6.38 5.19 8.47 4.58 0.00 0.00 0.00 0.00 0.00 0.00 0.00 0.00 0.00 0.00 0.00 0.00 0.00 0.00 5.33 0.00 8.93 0.00 0.00 0.00 0.00 6.23 3.82 2.62 1.39 0.38 1.57 1.95 0.00 0.00 0.00 0.00 0.00 0.00 0.00
0.00 0.00 0.00 0.00 0.00 0.00 0.00 0.00 0.00 0.00 0.00 0.00 0.00 0.00 0.00 0.00 0.00 0.00 0.00 0.00 0.00 0.00 0.00 7.23 8.40 0.00 6.42 6.64 5.91 12.05 6.50 7.90 21.72 8.25 6.35 0.00 0.00 10.22 0.00 0.00 0.00 1.53 8.02 9.16 9.15 0.00 1.56 0.00 0.00 0.00 0.00 0.00 0.00 0.00 0.00 0.00 0.00 0.00 0.00 0.00 0.00 0.00 0.00 0.00 0.00 0.00 0.00 0.00 0.00 0.00 2.94 0.00 0.00 0.00 2.43 1.06 0.46 0.00 0.00 0.00 0.00 0.00 0.00 0.00
