Wansh/Snow_depth/snowdepth-1995/winter/1996034.txt
ncols 321
nrows 161
xllcenter 60
yllcenter 15 
cellsize  0.25 
NODATA_value -1
[rows 0 to 36 of 161, columns 0 to 82 of 321]
12.63 12.63 15.40 15.04 18.69 15.77 16.28 16.43 17.23 16.94 17.59 17.45 17.59 16.35 16.72 15.77 16.06 16.13 15.26 12.85 11.61 12.05 11.17 12.26 12.26 12.26 12.26 9.05 8.18 8.03 7.15 7.81 10.37 11.10 11.24 11.10 11.83 11.97 11.53 11.53 16.57 17.37 18.10 16.86 12.92 13.21 13.21 13.58 13.29 13.07 11.24 11.24 10.15 10.37 9.78 7.37 6.79 7.15 7.01 6.13 5.69 5.04 5.26 7.01 4.82 4.60 4.89 3.50 5.11 2.34 5.55 5.33 6.28 6.94 6.86 8.91 8.91 8.83 8.83 8.47 9.42 9.20 10.07
14.60 14.60 14.45 16.06 15.55 15.91 15.26 16.21 15.99 15.84 14.38 15.11 12.34 10.29 11.24 11.68 11.97 11.90 11.24 11.75 10.22 9.05 7.45 8.32 8.83 9.49 9.49 10.07 10.00 9.78 9.64 9.93 11.32 12.26 11.97 12.26 13.21 14.53 14.45 15.33 15.18 16.64 17.01 13.87 14.38 14.45 13.07 13.07 12.56 12.63 10.51 10.51 8.47 6.50 5.84 5.69 5.91 4.02 3.36 3.87 4.53 1.90 3.58 3.36 4.09 4.96 2.85 2.85 1.83 1.83 6.20 6.28 5.48 9.20 9.27 8.98 8.98 9.42 8.32 8.32 8.83 10.29 9.56
15.18 15.18 14.97 16.21 16.13 15.26 15.91 15.70 15.11 15.55 12.99 7.88 10.95 9.56 7.66 8.10 8.10 7.59 5.99 6.50 6.42 7.08 7.30 8.69 10.66 10.88 10.88 10.59 11.02 11.83 11.68 12.26 11.97 11.83 12.48 12.63 14.02 14.09 12.63 13.07 10.37 11.61 11.46 13.43 12.26 11.46 11.10 9.78 10.73 8.69 9.49 9.49 7.74 4.82 3.87 2.77 3.50 2.85 2.26 2.63 2.63 1.75 4.60 4.60 4.67 6.50 8.76 8.03 8.03 7.96 9.20 9.13 9.71 9.49 9.71 9.71 9.71 9.78 9.64 9.34 9.20 10.80 12.26
15.18 15.18 14.97 16.21 16.13 15.26 15.91 15.70 15.11 15.55 12.99 7.88 10.95 9.56 7.66 8.10 8.10 7.59 5.99 6.50 6.42 7.08 7.30 8.69 10.66 10.88 10.88 10.59 11.02 11.83 11.68 12.26 11.97 11.83 12.48 12.63 14.02 14.09 12.63 13.07 10.37 11.61 11.46 13.43 12.26 11.46 11.10 9.78 10.73 8.69 9.49 9.49 7.74 4.82 3.87 2.77 3.50 2.85 2.26 2.63 2.63 1.75 4.60 4.60 4.67 6.50 8.76 8.03 8.03 7.96 9.20 9.13 9.71 9.49 9.71 9.71 9.71 9.78 9.64 9.34 9.20 10.80 12.26
14.24 14.24 14.24 15.48 15.33 15.62 14.82 12.99 13.94 10.07 7.01 7.74 7.23 7.23 7.66 7.23 7.23 7.81 6.28 6.79 7.01 7.15 8.47 11.24 12.34 11.97 11.97 11.90 12.05 11.46 12.78 12.56 11.17 11.97 13.65 11.75 8.98 9.27 9.05 8.98 8.03 9.13 7.59 9.20 8.69 10.73 9.13 10.29 9.78 8.61 5.69 5.69 4.74 4.89 4.02 5.40 5.26 3.36 3.87 3.14 6.72 7.01 6.64 7.45 11.39 10.22 10.22 10.29 10.00 10.00 9.71 9.93 10.07 9.27 10.88 10.37 10.37 10.59 10.29 10.66 11.68 10.22 11.53
15.40 15.40 15.48 15.40 15.55 13.80 11.46 13.07 8.83 6.42 7.15 7.01 8.10 8.18 8.47 8.10 8.25 8.47 8.03 9.20 8.69 8.25 9.93 11.83 12.19 11.46 11.46 11.39 11.53 10.95 12.05 13.36 13.14 11.39 10.80 9.42 8.47 7.52 7.15 6.35 5.77 5.69 6.28 7.45 7.88 7.45 8.32 8.61 8.10 8.69 8.40 8.40 7.96 8.25 7.52 7.59 5.99 6.35 8.98 10.15 8.76 8.54 11.17 10.73 12.12 11.17 10.51 10.51 10.44 10.44 10.51 9.56 10.15 10.29 11.32 11.97 11.97 11.61 11.24 11.75 12.05 11.10 10.88
14.60 14.60 14.67 14.60 12.99 13.80 10.59 8.83 9.42 8.18 7.30 7.15 8.25 8.69 9.42 10.29 10.15 11.02 10.44 10.44 9.93 10.59 10.95 10.88 11.24 12.05 12.05 11.02 11.02 10.88 14.16 13.14 12.85 10.88 11.68 11.17 7.88 7.08 5.99 5.55 5.48 5.33 5.26 6.57 7.01 8.76 9.05 8.69 8.91 8.98 8.25 8.25 8.03 7.81 7.59 9.56 9.64 11.90 13.14 12.78 11.61 11.68 11.17 11.32 11.32 11.02 10.88 10.22 10.29 9.64 8.83 8.61 10.15 8.32 8.03 10.15 10.15 10.29 10.29 9.05 11.17 11.32 9.56
14.60 14.60 14.67 14.60 12.99 13.80 10.59 8.83 9.42 8.18 7.30 7.15 8.25 8.69 9.42 10.29 10.15 11.02 10.44 10.44 9.93 10.59 10.95 10.88 11.24 12.05 12.05 11.02 11.02 10.88 14.16 13.14 12.85 10.88 11.68 11.17 7.88 7.08 5.99 5.55 5.48 5.33 5.26 6.57 7.01 8.76 9.05 8.69 8.91 8.98 8.25 8.25 8.03 7.81 7.59 9.56 9.64 11.90 13.14 12.78 11.61 11.68 11.17 11.32 11.32 11.02 10.88 10.22 10.29 9.64 8.83 8.61 10.15 8.32 8.03 10.15 10.15 10.29 10.29 9.05 11.17 11.32 9.56
9.49 9.49 7.74 6.50 10.22 6.86 7.45 7.37 7.30 7.23 7.23 7.23 7.52 9.49 9.05 10.80 11.61 12.05 12.05 10.59 10.73 10.80 10.66 10.80 11.75 11.24 11.24 10.88 10.51 11.02 11.61 13.21 11.97 8.98 9.20 8.25 8.25 8.25 7.01 8.18 7.37 6.35 7.01 6.79 6.64 9.20 8.98 8.47 8.10 8.25 8.32 8.32 7.88 8.25 10.29 11.75 12.26 12.26 10.37 11.97 11.39 11.53 11.61 11.17 10.73 10.88 10.44 10.07 8.61 8.47 8.47 6.42 6.72 6.13 6.06 5.55 5.55 8.25 6.28 6.35 7.37 9.20 9.64
6.13 6.13 6.79 5.33 5.84 6.06 6.50 7.23 7.23 7.30 7.15 7.37 8.47 7.88 10.37 11.53 11.83 12.12 10.88 8.83 8.54 9.13 9.49 9.27 10.29 9.64 9.64 10.00 10.59 13.58 10.80 13.65 12.56 8.10 8.83 7.66 7.08 7.59 8.40 8.32 8.54 7.74 6.06 6.50 10.88 10.66 9.64 9.20 8.47 9.34 8.76 8.76 8.98 10.44 10.15 9.34 8.98 9.42 9.13 9.27 9.49 11.46 11.02 10.80 10.66 9.34 9.56 9.56 7.74 6.35 6.42 6.50 5.18 5.04 5.84 5.99 5.99 5.91 5.84 6.50 6.42 7.74 10.51
5.48 5.48 4.45 5.33 5.84 6.13 6.57 6.57 6.42 6.72 7.01 6.86 7.96 10.07 10.07 10.95 9.78 9.86 8.69 8.98 8.10 8.18 8.76 8.32 8.69 9.27 9.27 9.42 10.37 13.21 14.45 14.53 13.87 8.61 7.66 8.40 6.35 7.37 7.15 7.30 6.35 7.08 6.42 7.81 9.27 10.37 9.34 9.05 9.56 9.34 9.56 9.56 9.13 8.83 8.54 8.54 9.78 8.03 8.03 8.83 8.76 7.15 8.40 8.03 9.34 7.59 8.76 9.13 6.35 6.64 5.99 5.84 4.74 4.02 4.16 5.04 5.04 6.72 6.20 7.81 8.47 7.96 10.59
5.48 5.48 4.45 5.33 5.84 6.13 6.57 6.57 6.42 6.72 7.01 6.86 7.96 10.07 10.07 10.95 9.78 9.86 8.69 8.98 8.10 8.18 8.76 8.32 8.69 9.27 9.27 9.42 10.37 13.21 14.45 14.53 13.87 8.61 7.66 8.40 6.35 7.37 7.15 7.30 6.35 7.08 6.42 7.81 9.27 10.37 9.34 9.05 9.56 9.34 9.56 9.56 9.13 8.83 8.54 8.54 9.78 8.03 8.03 8.83 8.76 7.15 8.40 8.03 9.34 7.59 8.76 9.13 6.35 6.64 5.99 5.84 4.74 4.02 4.16 5.04 5.04 6.72 6.20 7.81 8.47 7.96 10.59
5.18 5.18 5.11 5.62 5.77 5.48 5.91 7.15 6.72 6.79 6.64 7.01 7.66 7.52 8.83 8.98 8.61 7.66 8.18 6.50 7.37 6.94 7.52 7.01 8.25 9.56 9.56 11.83 9.78 14.97 14.82 16.06 10.66 10.59 9.20 8.18 7.52 7.74 6.64 6.20 6.13 7.23 8.18 7.96 10.07 9.13 9.71 8.54 8.54 8.18 8.47 8.47 8.10 8.61 10.00 9.49 7.08 7.81 7.23 5.04 6.35 6.06 6.79 4.96 6.94 6.79 5.69 5.55 6.94 6.42 6.35 6.28 6.28 4.82 3.72 3.94 3.94 6.20 7.59 7.15 8.69 9.49 9.64
6.35 6.35 6.13 5.84 5.26 4.96 6.64 7.74 7.81 7.59 6.79 6.86 7.23 8.10 8.47 8.54 8.47 7.74 6.86 5.62 5.26 4.96 6.42 5.33 8.32 7.23 7.23 10.37 12.41 14.45 10.37 10.07 12.12 7.81 8.10 7.96 6.86 5.55 4.74 2.19 3.07 3.65 4.96 4.09 9.49 9.93 8.32 8.25 8.18 7.88 7.23 7.23 7.08 7.37 7.08 7.01 6.35 4.38 4.16 4.23 3.58 3.07 2.85 4.45 3.80 4.82 5.11 4.60 6.06 6.50 6.42 7.23 5.69 5.84 3.58 4.38 4.38 4.09 6.42 6.86 6.86 5.99 0.00
5.84 5.84 5.55 6.28 5.26 6.50 6.28 6.64 6.79 6.35 6.50 6.72 7.74 8.18 8.18 6.57 6.50 7.81 6.94 5.99 4.67 4.60 4.23 3.80 6.57 6.42 6.42 8.25 4.96 4.38 5.62 7.52 6.79 8.76 6.28 8.69 5.11 6.13 4.38 2.99 2.41 3.29 2.26 6.28 8.03 9.56 9.42 9.49 8.61 8.83 8.61 8.61 7.74 6.72 5.62 4.31 4.38 3.65 4.23 0.00 4.31 0.00 4.23 4.16 3.94 4.02 4.67 4.38 0.00 6.28 4.96 5.33 6.13 6.86 6.64 6.64 6.64 6.64 6.86 5.69 5.62 5.40 0.00
4.67 4.67 6.50 5.69 5.33 5.40 5.77 5.91 5.91 6.06 5.69 5.55 6.50 6.42 6.13 6.50 6.72 7.08 7.23 6.94 6.94 5.91 7.15 4.60 6.06 5.99 5.99 5.91 6.20 4.96 6.06 3.65 4.45 4.67 4.45 4.82 4.82 6.28 6.79 7.45 6.86 5.77 5.11 7.96 8.32 8.91 8.40 8.47 8.47 8.32 9.42 9.42 9.20 8.69 6.06 3.43 3.80 4.16 3.87 0.00 4.09 3.80 5.11 4.82 3.36 3.72 0.00 0.00 0.00 0.00 0.00 0.00 0.00 6.86 7.37 6.72 6.72 7.74 6.28 6.57 0.00 5.99 7.52
4.67 4.67 6.50 5.69 5.33 5.40 5.77 5.91 5.91 6.06 5.69 5.55 6.50 6.42 6.13 6.50 6.72 7.08 7.23 6.94 6.94 5.91 7.15 4.60 6.06 5.99 5.99 5.91 6.20 4.96 6.06 3.65 4.45 4.67 4.45 4.82 4.82 6.28 6.79 7.45 6.86 5.77 5.11 7.96 8.32 8.91 8.40 8.47 8.47 8.32 9.42 9.42 9.20 8.69 6.06 3.43 3.80 4.16 3.87 0.00 4.09 3.80 5.11 4.82 3.36 3.72 0.00 0.00 0.00 0.00 0.00 0.00 0.00 6.86 7.37 6.72 6.72 7.74 6.28 6.57 0.00 5.99 7.52
7.45 7.45 7.23 7.01 6.42 6.42 6.35 5.91 6.50 6.72 6.57 5.99 6.06 8.25 7.96 7.01 7.08 8.76 7.81 7.37 9.34 8.47 8.47 6.94 8.25 6.72 6.72 7.37 6.86 8.69 8.10 6.50 7.66 6.64 5.77 6.86 7.30 8.03 7.66 8.25 7.96 6.72 6.64 9.13 9.27 7.66 8.25 8.98 9.20 10.15 9.71 9.71 8.76 9.27 6.86 5.55 4.45 4.45 3.43 3.80 4.31 3.80 4.31 4.74 0.00 0.00 0.00 0.00 0.00 0.00 0.00 0.00 0.00 0.00 6.57 6.50 6.50 5.55 6.86 0.00 0.00 0.00 0.00
8.91 8.91 8.61 8.32 8.83 8.61 7.96 6.94 6.94 7.08 6.57 7.08 8.40 8.32 8.40 8.40 8.25 8.32 10.59 10.51 11.32 9.27 9.86 8.69 9.56 9.34 9.34 8.98 7.52 10.07 9.20 7.52 7.74 8.25 7.15 4.38 4.02 5.84 5.77 5.91 6.13 5.91 7.37 8.10 8.47 8.32 8.47 10.22 9.93 10.73 10.22 10.22 9.78 7.66 6.06 6.42 3.94 4.23 4.16 4.16 3.43 3.43 3.14 3.21 3.50 0.00 0.00 0.00 0.00 0.00 0.00 0.00 0.00 2.48 0.00 3.80 3.80 0.00 3.72 0.00 4.67 4.53 4.60
9.05 9.05 9.20 8.03 9.13 9.27 8.47 7.59 8.10 4.16 4.67 3.65 6.94 7.37 9.05 8.54 8.54 9.56 9.34 11.32 11.75 8.91 9.78 10.59 10.37 8.83 8.83 9.13 9.49 9.05 9.05 6.13 5.91 3.80 4.60 4.16 0.00 5.84 6.35 7.23 7.15 7.81 8.10 7.52 8.03 7.88 8.83 9.64 9.42 10.29 9.34 9.34 9.05 7.45 7.30 6.79 6.86 6.94 8.32 7.08 7.81 4.74 5.33 3.87 2.77 3.21 1.61 0.00 0.00 0.00 0.00 1.46 0.00 2.63 2.70 2.63 2.63 0.00 0.00 3.87 3.80 3.36 2.19
6.42 6.42 6.20 7.30 7.74 7.81 8.10 8.03 4.96 4.82 4.38 3.58 6.28 8.69 10.44 9.42 11.17 8.91 10.00 11.75 8.18 9.71 9.05 9.86 10.88 10.51 10.51 10.44 10.07 9.93 5.99 4.89 4.23 4.53 5.18 5.62 5.91 5.77 7.15 6.35 6.42 7.23 7.59 7.96 8.69 8.69 8.69 10.07 9.27 8.83 9.27 9.27 7.88 6.57 7.23 8.18 8.40 7.81 7.96 7.96 6.50 6.06 6.06 5.11 3.72 4.23 4.23 0.00 0.00 0.00 0.00 1.10 1.83 1.97 2.77 2.77 2.77 2.92 3.43 4.09 2.70 2.63 2.04
5.69 5.69 6.50 6.13 7.52 7.23 8.10 7.59 7.81 6.79 6.13 9.56 9.34 8.98 12.70 12.26 12.26 13.29 11.90 7.88 13.21 8.98 9.34 11.02 11.46 11.39 11.39 11.32 10.37 9.13 5.04 6.06 4.23 6.28 6.28 6.72 6.50 7.01 5.62 5.91 6.42 9.13 9.05 9.13 8.61 9.13 9.20 10.37 9.05 9.42 8.32 8.32 7.52 7.52 7.45 9.27 8.69 7.59 6.35 6.20 5.55 4.60 4.67 4.53 4.96 4.38 2.85 0.00 0.00 1.46 1.10 0.88 1.83 2.19 2.77 2.63 2.63 1.31 0.00 2.63 1.31 1.31 1.31
5.69 5.69 6.50 6.13 7.52 7.23 8.10 7.59 7.81 6.79 6.13 9.56 9.34 8.98 12.70 12.26 12.26 13.29 11.90 7.88 13.21 8.98 9.34 11.02 11.46 11.39 11.39 11.32 10.37 9.13 5.04 6.06 4.23 6.28 6.28 6.72 6.50 7.01 5.62 5.91 6.42 9.13 9.05 9.13 8.61 9.13 9.20 10.37 9.05 9.42 8.32 8.32 7.52 7.52 7.45 9.27 8.69 7.59 6.35 6.20 5.55 4.60 4.67 4.53 4.96 4.38 2.85 0.00 0.00 1.46 1.10 0.88 1.83 2.19 2.77 2.63 2.63 1.31 0.00 2.63 1.31 1.31 1.31
6.13 6.13 5.62 6.06 7.15 7.01 7.81 8.03 8.47 8.76 9.93 9.20 11.46 10.95 11.24 11.10 13.29 13.65 13.65 14.82 8.98 11.83 12.41 12.26 12.78 11.32 11.32 9.86 10.07 10.44 7.08 8.03 8.03 7.81 7.15 8.91 8.83 7.15 6.50 9.42 8.25 8.98 9.64 10.44 9.34 9.93 9.71 10.15 10.51 10.80 9.34 9.34 8.32 9.13 9.93 9.93 9.49 9.27 6.06 6.64 5.48 5.40 5.48 5.48 6.06 4.16 3.36 4.74 0.00 1.97 0.00 1.90 1.68 2.41 2.85 1.46 1.46 1.02 0.07 0.73 0.58 1.46 1.46
3.43 3.43 5.55 5.04 6.64 8.32 8.10 7.74 7.74 8.25 8.61 9.27 9.86 10.07 11.32 12.70 11.61 14.24 12.48 11.02 10.80 11.83 13.21 13.07 12.05 9.93 9.93 9.86 10.51 6.28 8.91 8.98 8.69 9.86 10.59 10.29 10.51 9.42 10.37 10.88 11.02 12.05 12.70 11.24 11.53 11.10 10.66 10.51 11.10 11.02 10.88 10.88 9.93 8.98 10.29 10.00 9.71 9.71 8.03 8.40 6.79 6.28 8.98 7.30 9.64 6.20 5.99 7.59 4.45 4.53 3.65 4.45 2.56 1.97 5.26 4.38 4.38 0.51 0.44 0.58 0.73 0.00 1.68
3.43 3.43 3.65 3.21 4.23 7.66 7.30 7.74 5.99 6.79 7.88 6.86 8.83 10.15 11.61 12.78 14.02 10.51 11.02 10.88 11.02 11.46 12.05 12.05 11.90 10.88 10.88 9.64 10.29 7.81 8.61 8.25 9.56 11.02 11.02 11.39 11.17 11.97 11.75 10.95 10.66 12.26 12.78 12.26 11.68 10.51 9.42 11.39 11.02 9.64 8.25 8.25 8.91 9.64 8.91 10.51 10.88 12.63 13.14 11.10 12.85 10.88 11.24 8.54 11.17 11.75 9.34 9.20 10.22 6.50 5.11 5.62 6.72 7.30 6.94 6.86 6.86 7.37 1.61 1.68 0.95 3.21 2.85
4.16 4.16 2.77 3.14 2.85 3.94 4.60 6.42 6.06 7.88 5.84 5.77 7.01 7.30 10.59 11.90 10.80 10.22 10.95 11.61 11.24 10.73 10.95 10.95 10.80 10.37 10.37 10.80 10.07 10.59 8.98 7.81 8.69 10.44 11.32 11.17 11.17 10.44 9.86 9.64 9.56 11.46 9.20 6.50 8.47 7.52 9.27 8.91 7.74 6.94 8.69 8.69 6.28 6.42 6.64 9.93 11.75 13.80 12.34 12.78 13.36 11.39 12.34 12.41 13.29 12.34 10.88 10.15 10.95 8.18 5.62 6.50 6.20 7.59 7.81 7.52 7.52 9.34 9.13 3.36 3.36 5.33 7.88
3.80 3.80 3.80 4.53 4.02 3.50 3.36 7.30 6.94 8.91 10.07 11.68 7.08 9.49 9.49 12.19 14.09 10.88 12.05 11.17 9.93 9.71 10.37 11.61 11.17 12.26 12.26 11.68 9.78 8.69 9.27 8.32 10.59 12.05 11.68 11.10 10.51 6.13 9.05 8.54 8.25 7.81 6.35 4.82 4.38 5.26 5.69 6.86 6.72 7.01 6.64 6.64 4.96 6.20 10.80 12.26 12.26 12.56 10.88 12.12 11.61 11.02 12.56 11.75 10.88 11.24 11.10 9.56 6.50 6.72 4.82 5.55 6.50 5.48 8.54 9.78 9.78 10.88 10.73 10.15 10.73 8.03 10.59
3.80 3.80 3.80 4.53 4.02 3.50 3.36 7.30 6.94 8.91 10.07 11.68 7.08 9.49 9.49 12.19 14.09 10.88 12.05 11.17 9.93 9.71 10.37 11.61 11.17 12.26 12.26 11.68 9.78 8.69 9.27 8.32 10.59 12.05 11.68 11.10 10.51 6.13 9.05 8.54 8.25 7.81 6.35 4.82 4.38 5.26 5.69 6.86 6.72 7.01 6.64 6.64 4.96 6.20 10.80 12.26 12.26 12.56 10.88 12.12 11.61 11.02 12.56 11.75 10.88 11.24 11.10 9.56 6.50 6.72 4.82 5.55 6.50 5.48 8.54 9.78 9.78 10.88 10.73 10.15 10.73 8.03 10.59
3.94 3.94 4.45 4.23 4.23 3.87 5.33 7.45 11.46 14.60 15.70 16.43 12.99 13.65 14.75 11.39 11.61 10.29 9.34 9.42 9.05 11.39 11.24 11.39 13.43 13.87 13.87 12.19 9.56 9.27 10.51 9.49 9.71 9.34 8.18 4.23 4.23 4.23 5.69 8.69 7.45 8.03 6.42 3.94 5.55 6.20 6.13 6.72 8.25 8.03 8.18 8.18 5.77 10.00 10.29 11.46 11.68 11.61 11.61 10.88 11.02 9.71 8.76 9.64 7.01 10.51 10.80 7.81 4.45 4.60 4.31 4.74 4.82 7.23 6.86 6.64 6.64 10.29 10.15 10.07 10.07 11.90 14.38
4.23 4.23 4.31 4.74 4.31 5.04 9.78 13.43 12.26 14.02 14.45 15.84 12.85 14.24 7.88 10.88 8.32 8.25 6.94 7.30 9.42 12.19 11.32 12.56 13.72 13.72 13.72 13.87 12.92 12.34 10.66 9.13 8.03 5.91 5.40 3.87 4.89 9.20 10.29 10.00 7.37 8.61 7.52 8.10 6.50 4.82 6.42 7.52 10.00 9.34 10.95 10.95 11.10 10.88 11.68 11.32 11.46 11.10 10.15 10.51 11.17 6.42 6.42 6.72 5.62 8.10 6.72 7.45 4.23 4.89 7.01 5.91 5.84 7.52 5.77 5.91 5.91 4.60 8.47 8.40 8.40 9.20 12.26
4.67 4.67 5.18 5.04 5.77 9.13 8.03 11.39 13.80 14.75 14.09 12.48 12.63 11.17 6.94 8.40 6.20 5.48 5.69 6.86 9.05 10.37 9.13 11.46 14.24 13.36 13.36 12.26 13.36 12.70 10.07 8.83 7.37 7.74 8.32 7.23 10.80 9.71 8.76 10.88 10.15 8.10 7.01 5.26 5.91 8.10 8.25 8.47 10.15 8.54 9.13 9.13 10.95 10.22 9.78 9.93 11.24 11.68 10.80 7.30 7.81 5.04 0.00 4.53 6.79 5.91 6.94 4.82 5.84 4.16 7.96 7.52 6.42 7.74 5.84 4.45 4.45 4.38 3.94 5.99 6.06 5.69 8.83
4.89 4.89 4.89 7.01 8.32 9.64 10.59 12.26 13.65 11.83 11.24 10.44 10.73 6.72 6.64 5.91 4.45 4.67 4.74 5.84 7.59 5.40 6.86 10.00 9.56 10.15 10.15 11.90 11.24 10.95 7.45 9.34 11.61 11.24 12.05 11.32 11.97 9.42 8.61 12.12 9.34 8.40 5.40 6.42 6.64 7.23 8.47 9.27 9.27 9.49 8.25 8.25 8.98 9.86 10.15 9.42 10.59 11.53 5.48 4.09 0.66 0.00 0.00 1.10 5.04 2.56 2.48 5.33 6.35 3.94 6.20 6.13 5.48 4.38 5.04 2.99 2.99 3.94 6.13 6.28 6.50 8.40 11.83
3.43 3.43 6.06 7.96 7.96 10.07 10.44 11.32 11.24 11.68 9.93 11.32 7.96 6.35 5.69 5.18 4.74 4.89 4.23 1.68 2.56 1.90 5.40 8.47 7.88 9.93 9.93 9.34 8.47 9.20 9.86 11.53 14.31 13.87 13.65 12.56 12.34 9.13 9.42 11.53 11.39 8.69 8.83 7.74 7.15 7.15 9.13 9.49 9.49 9.34 9.34 9.34 9.56 9.34 6.42 6.06 6.28 1.17 1.10 3.50 1.46 0.95 1.68 1.61 1.53 1.97 4.09 4.02 3.50 2.12 4.60 4.53 4.38 0.00 0.00 3.36 3.36 3.43 7.96 7.96 9.05 7.66 6.57
3.50 3.50 3.50 3.50 5.48 9.27 7.81 9.34 8.10 9.34 9.42 9.64 8.83 7.96 7.74 4.60 3.50 0.00 0.00 0.00 2.48 4.74 6.06 8.83 7.66 8.91 8.91 4.09 5.84 11.02 11.68 13.58 11.46 8.91 10.51 0.00 6.42 7.81 4.89 11.83 10.59 8.91 9.20 8.83 8.83 10.37 10.07 10.80 9.93 8.91 9.64 9.64 6.86 3.43 4.23 2.85 0.00 0.00 0.00 2.70 1.68 4.67 1.39 0.22 0.00 3.07 0.00 1.46 1.31 1.39 1.61 2.19 0.00 0.00 4.23 8.61 8.61 11.53 9.42 9.42 9.27 9.13 10.66
3.50 3.50 3.50 3.50 5.48 9.27 7.81 9.34 8.10 9.34 9.42 9.64 8.83 7.96 7.74 4.60 3.50 0.00 0.00 0.00 2.48 4.74 6.06 8.83 7.66 8.91 8.91 4.09 5.84 11.02 11.68 13.58 11.46 8.91 10.51 0.00 6.42 7.81 4.89 11.83 10.59 8.91 9.20 8.83 8.83 10.37 10.07 10.80 9.93 8.91 9.64 9.64 6.86 3.43 4.23 2.85 0.00 0.00 0.00 2.70 1.68 4.67 1.39 0.22 0.00 3.07 0.00 1.46 1.31 1.39 1.61 2.19 0.00 0.00 4.23 8.61 8.61 11.53 9.42 9.42 9.27 9.13 10.66
3.36 3.36 2.92 3.65 3.29 5.62 6.06 6.79 8.83 8.98 10.07 6.06 6.06 6.06 8.32 7.81 0.00 0.00 0.00 2.12 3.72 3.14 5.26 5.55 0.00 6.35 6.35 2.70 5.69 12.41 6.57 6.50 5.40 6.64 7.01 2.56 3.43 4.23 9.27 8.47 7.45 10.15 7.15 10.22 9.64 10.59 8.83 10.15 9.86 9.56 9.27 9.27 7.30 4.45 0.00 0.00 0.00 0.00 0.00 5.18 4.96 4.74 2.12 0.00 0.00 0.00 0.00 0.00 0.58 1.24 1.10 1.68 3.50 7.59 7.01 11.39 11.39 14.24 15.11 11.39 12.92 14.67 11.97
