Wansh/Snow_depth/snowdepth-1995/winter/1996027.txt
ncols 321
nrows 161
xllcenter 60
yllcenter 15 
cellsize  0.25 
NODATA_value -1
[rows 0 to 36 of 161, columns 0 to 82 of 321]
11.17 11.17 9.86 14.60 14.67 12.85 11.83 11.97 13.21 12.70 13.36 13.14 13.29 13.29 13.58 13.51 13.94 13.43 13.58 10.66 11.53 9.42 7.52 7.45 7.45 7.45 7.45 4.60 5.69 3.58 4.16 5.18 6.28 6.28 7.96 9.93 10.73 9.78 9.49 11.24 11.90 11.32 11.32 10.37 9.93 9.56 9.27 9.20 8.40 8.18 8.98 8.98 9.42 8.69 8.10 8.25 7.81 6.50 5.40 4.38 4.31 3.80 4.67 4.09 4.38 4.60 4.82 2.41 4.74 2.63 4.38 4.09 5.40 7.15 6.86 7.88 7.88 8.18 8.03 7.37 6.94 6.86 8.03
13.43 13.43 14.02 14.16 12.99 13.51 12.12 12.48 12.12 13.51 11.97 12.41 10.73 9.42 9.56 10.15 9.13 9.71 8.47 6.94 7.66 6.13 5.26 5.40 6.86 7.88 7.88 7.30 6.35 5.33 6.13 6.06 6.13 8.47 9.86 10.73 11.90 11.75 11.32 10.80 10.88 10.73 8.98 9.56 8.69 7.74 7.37 5.91 6.20 7.37 5.84 5.84 11.02 7.15 6.50 3.50 2.85 3.58 3.14 3.58 2.41 1.31 1.53 2.77 4.16 3.50 3.72 1.68 2.04 1.75 6.28 7.37 7.08 9.42 9.05 9.13 9.13 8.32 8.32 8.25 7.30 8.61 8.10
14.38 14.38 14.02 13.58 13.72 14.53 13.43 13.94 12.26 8.54 10.73 5.99 5.40 6.42 6.20 7.15 7.23 5.11 3.65 3.87 4.31 5.40 5.84 6.35 8.69 8.61 8.61 8.69 9.86 8.83 8.98 9.13 10.44 10.29 10.51 10.29 9.86 10.88 11.32 9.56 8.10 8.10 8.69 6.64 6.57 6.86 6.72 7.01 7.74 4.96 5.91 5.91 2.77 7.15 1.02 1.39 2.77 1.39 0.00 0.95 0.07 2.12 4.09 3.36 4.02 4.82 4.53 4.23 8.47 8.03 6.94 9.93 9.71 9.64 9.49 9.64 9.64 9.86 8.47 8.40 8.76 8.83 11.61
14.38 14.38 14.02 13.58 13.72 14.53 13.43 13.94 12.26 8.54 10.73 5.99 5.40 6.42 6.20 7.15 7.23 5.11 3.65 3.87 4.31 5.40 5.84 6.35 8.69 8.61 8.61 8.69 9.86 8.83 8.98 9.13 10.44 10.29 10.51 10.29 9.86 10.88 11.32 9.56 8.10 8.10 8.69 6.64 6.57 6.86 6.72 7.01 7.74 4.96 5.91 5.91 2.77 7.15 1.02 1.39 2.77 1.39 0.00 0.95 0.07 2.12 4.09 3.36 4.02 4.82 4.53 4.23 8.47 8.03 6.94 9.93 9.71 9.64 9.49 9.64 9.64 9.86 8.47 8.40 8.76 8.83 11.61
13.51 13.51 14.02 13.43 15.48 15.40 15.40 12.34 12.85 10.00 5.84 6.35 5.48 5.91 6.13 6.28 5.55 6.28 3.58 3.87 6.13 4.89 7.96 9.56 9.56 10.37 10.37 11.24 10.44 10.15 10.66 10.37 10.59 10.22 10.15 10.51 8.18 8.83 7.37 8.98 8.47 5.33 4.96 5.62 6.13 5.48 7.52 7.23 8.47 5.62 7.59 7.59 2.77 5.33 1.46 3.36 3.50 0.95 2.41 1.68 3.94 4.38 3.94 6.13 5.33 8.91 8.47 8.98 8.61 8.83 9.20 9.34 9.05 8.61 8.69 9.71 9.71 10.37 10.59 9.56 10.44 10.22 11.24
13.87 13.87 14.45 16.13 16.13 15.55 12.92 14.31 9.27 7.37 8.18 7.37 8.54 8.61 7.59 7.59 7.66 8.03 6.50 6.94 6.06 7.81 8.76 9.20 9.71 9.78 9.78 10.22 10.07 10.15 8.10 10.07 9.42 9.78 10.59 8.83 7.52 6.72 4.89 5.11 5.04 5.11 4.02 3.87 4.82 6.64 6.57 6.79 6.50 5.99 6.86 6.86 7.15 7.08 7.52 3.94 4.45 2.85 7.23 7.45 7.01 6.20 6.13 10.59 9.86 10.07 9.71 9.42 9.42 9.05 9.64 9.42 9.71 9.20 10.88 10.07 10.07 11.32 11.32 10.88 10.22 10.95 9.78
11.02 11.02 11.02 15.18 13.43 14.02 12.48 8.98 9.64 8.83 7.37 7.59 8.25 8.10 8.61 7.81 8.91 9.78 9.05 9.34 8.03 8.40 7.81 10.07 10.07 8.76 8.76 7.66 8.32 8.25 7.52 8.18 7.81 8.69 8.47 8.69 6.35 7.74 5.04 5.18 5.18 4.45 5.55 5.18 4.96 5.77 6.35 6.28 6.35 6.79 5.69 5.69 5.99 7.37 5.77 7.45 11.17 11.39 11.53 10.44 10.51 9.42 10.37 10.15 9.78 10.51 10.37 10.29 8.83 8.54 8.69 8.32 8.83 8.76 9.64 9.49 9.49 8.69 10.37 10.44 9.86 11.17 10.07
11.02 11.02 11.02 15.18 13.43 14.02 12.48 8.98 9.64 8.83 7.37 7.59 8.25 8.10 8.61 7.81 8.91 9.78 9.05 9.34 8.03 8.40 7.81 10.07 10.07 8.76 8.76 7.66 8.32 8.25 7.52 8.18 7.81 8.69 8.47 8.69 6.35 7.74 5.04 5.18 5.18 4.45 5.55 5.18 4.96 5.77 6.35 6.28 6.35 6.79 5.69 5.69 5.99 7.37 5.77 7.45 11.17 11.39 11.53 10.44 10.51 9.42 10.37 10.15 9.78 10.51 10.37 10.29 8.83 8.54 8.69 8.32 8.83 8.76 9.64 9.49 9.49 8.69 10.37 10.44 9.86 11.17 10.07
8.98 8.98 8.91 6.72 7.37 6.28 7.45 7.15 8.69 7.30 6.86 6.86 7.23 9.13 8.61 9.78 9.86 9.93 9.86 8.98 9.20 8.61 10.22 10.07 10.15 10.22 10.22 10.07 8.32 7.52 7.30 7.96 8.03 8.10 7.52 7.23 8.54 6.79 7.15 7.15 5.55 6.35 8.03 6.94 6.86 6.94 6.28 5.77 5.62 3.50 4.02 4.02 4.16 6.28 5.04 8.54 9.56 7.23 9.42 8.76 10.29 9.71 9.64 9.27 9.27 9.64 8.98 8.54 8.76 7.30 7.45 7.08 7.66 4.82 4.89 6.64 6.64 5.91 3.87 7.66 7.23 6.86 6.57
3.65 3.65 3.21 4.74 6.20 6.20 7.15 8.25 8.25 7.81 6.20 7.23 6.94 9.27 10.15 10.95 10.66 10.88 9.34 9.42 9.05 9.49 9.05 9.93 9.71 9.34 9.34 7.74 9.34 7.96 8.54 8.83 7.37 11.46 8.54 9.13 10.00 8.54 8.25 10.80 9.64 9.49 9.34 7.81 7.15 6.35 5.69 5.91 5.40 3.87 3.72 3.72 4.16 4.53 4.96 5.55 4.96 6.35 6.57 5.84 7.52 7.23 8.76 7.08 7.59 7.45 7.81 6.28 7.15 7.52 5.48 4.74 5.04 5.40 4.74 4.67 4.67 4.74 4.23 5.48 4.67 6.13 8.61
4.31 4.31 2.70 5.40 4.82 6.72 7.08 6.64 7.66 6.94 6.06 5.69 7.52 8.69 8.18 10.07 10.29 8.10 9.71 8.32 8.83 8.47 8.32 9.20 8.98 7.81 7.81 8.61 8.47 8.47 8.32 8.91 8.69 13.72 11.68 11.10 11.02 10.29 11.10 11.24 8.69 8.61 8.40 8.40 8.54 7.15 6.57 6.28 6.35 4.38 4.23 4.23 3.87 4.89 5.84 5.26 4.45 5.04 4.67 5.11 6.13 4.96 5.69 6.13 6.57 5.62 5.91 6.28 4.53 4.60 4.60 5.26 4.53 5.11 4.67 4.89 4.89 5.99 5.04 5.84 8.10 6.42 9.42
4.31 4.31 2.70 5.40 4.82 6.72 7.08 6.64 7.66 6.94 6.06 5.69 7.52 8.69 8.18 10.07 10.29 8.10 9.71 8.32 8.83 8.47 8.32 9.20 8.98 7.81 7.81 8.61 8.47 8.47 8.32 8.91 8.69 13.72 11.68 11.10 11.02 10.29 11.10 11.24 8.69 8.61 8.40 8.40 8.54 7.15 6.57 6.28 6.35 4.38 4.23 4.23 3.87 4.89 5.84 5.26 4.45 5.04 4.67 5.11 6.13 4.96 5.69 6.13 6.57 5.62 5.91 6.28 4.53 4.60 4.60 5.26 4.53 5.11 4.67 4.89 4.89 5.99 5.04 5.84 8.10 6.42 9.42
4.09 4.09 4.09 4.82 6.35 6.13 6.28 7.59 7.30 7.45 6.06 6.86 6.28 6.79 8.61 8.69 8.54 8.47 7.08 7.15 8.10 7.96 8.32 8.03 7.45 8.61 8.61 8.98 7.96 8.83 9.05 9.93 10.95 13.43 13.07 11.39 11.53 11.97 11.24 10.44 9.64 9.64 10.00 9.13 8.10 7.66 7.66 6.28 4.53 3.58 4.02 4.02 4.09 4.96 4.67 4.60 3.94 3.29 1.61 1.97 1.90 2.04 0.00 2.92 0.00 3.58 3.65 4.31 4.02 5.18 5.62 5.48 4.45 5.33 4.74 4.96 4.96 5.84 7.66 7.30 9.27 8.03 8.61
7.45 7.45 6.57 5.99 6.13 5.40 6.35 8.10 7.88 7.52 7.30 7.15 7.52 8.61 8.18 9.27 7.52 7.96 6.79 6.79 6.64 5.62 6.06 5.91 5.69 6.72 6.72 7.74 7.88 7.30 8.18 8.03 10.88 11.46 8.18 8.40 10.80 8.03 8.83 8.32 8.76 9.05 7.01 7.74 8.18 6.57 6.94 6.86 3.50 2.70 4.16 4.16 4.31 2.99 3.43 3.80 2.85 0.00 0.00 0.00 0.00 0.00 0.00 0.00 0.00 0.00 0.00 4.02 4.38 4.23 5.69 5.33 5.84 5.77 6.06 6.72 6.72 6.06 7.96 6.86 8.91 7.81 6.79
6.57 6.57 6.42 6.35 5.55 5.40 5.55 7.74 6.64 7.45 6.79 6.42 6.57 6.57 7.81 7.74 7.66 7.81 7.59 7.23 5.69 5.69 4.31 3.72 4.16 4.60 4.60 4.02 5.91 4.23 5.77 4.23 1.83 5.62 5.11 7.23 7.45 7.23 6.72 6.79 6.64 6.20 6.20 7.66 7.52 9.71 7.96 6.86 3.29 3.87 5.33 5.33 5.04 4.31 3.65 0.00 0.00 0.00 0.00 0.00 0.00 0.00 0.00 0.00 0.00 0.00 0.00 0.00 0.00 0.00 0.00 4.23 3.50 6.57 6.20 7.96 7.96 7.45 7.59 6.94 7.01 6.35 6.13
6.86 6.86 7.81 6.72 7.23 6.57 6.13 6.20 6.13 6.28 6.28 6.28 6.42 6.86 7.45 7.52 7.30 6.64 6.79 6.72 6.64 7.23 5.84 4.74 4.02 3.72 3.72 4.53 3.21 2.56 1.97 2.19 0.51 3.29 4.45 5.26 5.11 5.18 7.96 8.40 8.98 9.64 10.80 9.71 10.22 10.80 9.71 6.28 6.94 5.55 6.50 6.50 6.86 7.30 4.45 2.56 1.83 0.00 0.00 0.00 0.00 0.00 0.00 0.00 0.00 0.00 0.00 0.00 0.00 0.00 0.00 0.00 0.00 3.94 8.10 7.74 7.74 8.10 8.25 8.32 6.50 7.01 7.23
6.86 6.86 7.81 6.72 7.23 6.57 6.13 6.20 6.13 6.28 6.28 6.28 6.42 6.86 7.45 7.52 7.30 6.64 6.79 6.72 6.64 7.23 5.84 4.74 4.02 3.72 3.72 4.53 3.21 2.56 1.97 2.19 0.51 3.29 4.45 5.26 5.11 5.18 7.96 8.40 8.98 9.64 10.80 9.71 10.22 10.80 9.71 6.28 6.94 5.55 6.50 6.50 6.86 7.30 4.45 2.56 1.83 0.00 0.00 0.00 0.00 0.00 0.00 0.00 0.00 0.00 0.00 0.00 0.00 0.00 0.00 0.00 0.00 3.94 8.10 7.74 7.74 8.10 8.25 8.32 6.50 7.01 7.23
8.76 8.76 8.69 7.81 7.15 6.94 7.30 6.64 6.86 6.86 6.94 8.18 9.34 9.13 9.34 7.96 8.91 7.81 7.45 7.66 7.01 6.94 5.69 4.09 4.53 4.96 4.96 5.91 4.09 4.45 5.33 5.77 4.96 5.04 4.53 5.11 7.30 8.61 7.96 9.56 9.20 9.56 9.34 10.29 10.07 10.15 10.51 7.59 7.74 8.25 8.47 8.47 7.45 8.10 3.58 4.16 2.19 1.97 0.00 0.00 0.00 0.00 0.00 0.00 0.00 0.00 0.00 0.00 0.00 0.00 0.00 2.04 3.14 2.85 3.36 6.35 6.35 6.42 4.23 5.55 6.79 6.50 6.42
11.68 11.68 11.17 10.37 10.59 10.59 10.29 9.42 9.78 7.15 8.03 7.66 9.34 10.37 10.51 9.71 9.49 9.42 9.42 9.42 7.88 7.96 8.03 6.79 7.15 6.57 6.57 5.55 4.96 6.79 7.52 6.86 6.57 5.48 6.13 5.99 6.35 5.40 7.59 8.18 8.18 8.03 8.69 8.76 10.00 10.51 9.86 8.69 7.15 7.96 8.91 8.91 9.13 7.59 5.26 2.99 3.94 3.94 3.14 0.00 3.94 0.00 0.00 0.00 0.00 0.00 0.00 0.00 0.00 0.00 0.00 1.97 2.12 2.41 2.34 2.41 2.41 3.14 3.21 4.45 5.69 5.40 5.84
10.80 10.80 10.95 10.59 10.44 9.78 11.24 10.07 6.57 7.23 5.33 2.99 8.98 10.66 10.88 10.22 8.54 9.13 10.15 8.03 8.69 9.13 9.71 10.73 6.28 7.08 7.08 6.42 7.37 7.52 7.37 7.23 6.57 5.33 3.43 4.02 4.09 6.28 7.96 7.66 9.20 9.13 8.98 8.98 9.64 9.42 9.27 8.91 8.10 9.27 9.56 9.56 8.40 7.81 5.48 6.06 5.48 5.91 4.60 6.13 5.62 3.36 4.23 0.00 0.00 0.00 0.00 0.00 0.00 0.00 0.00 0.00 2.70 1.75 2.26 2.56 2.56 1.24 4.09 3.87 4.02 3.94 3.43
8.32 8.32 8.03 9.13 8.69 8.91 9.34 8.54 9.42 5.04 2.48 5.55 4.67 7.74 10.22 10.00 9.64 9.56 7.37 7.30 7.59 8.18 8.61 9.20 9.78 7.81 7.81 8.98 9.05 9.42 8.54 6.94 7.23 5.26 6.35 5.11 4.60 7.37 9.20 9.13 9.56 8.61 9.42 10.44 9.71 10.00 11.10 10.15 9.56 8.69 8.69 8.69 5.26 5.33 5.18 5.69 7.30 6.57 6.86 7.08 6.20 4.82 4.96 3.58 3.29 3.36 0.00 0.00 2.77 0.00 2.34 2.19 2.41 2.34 2.34 0.80 0.80 1.02 1.75 3.80 2.99 3.36 2.04
7.45 7.45 7.30 8.18 8.98 9.05 8.69 8.98 6.86 7.59 7.96 7.52 10.00 10.95 12.26 11.97 12.26 11.75 10.51 7.30 7.30 8.91 8.98 9.71 9.42 10.15 10.15 9.05 10.37 9.56 8.18 6.72 6.86 7.37 5.55 8.83 9.20 9.34 9.05 9.34 9.13 12.12 12.05 11.39 11.61 10.37 11.17 10.51 9.13 8.40 5.77 5.77 4.89 5.84 7.88 7.37 7.59 6.20 6.06 4.16 3.50 3.80 4.23 4.74 3.87 3.21 3.65 2.77 3.50 2.34 2.34 3.29 2.56 2.04 2.70 1.02 1.02 1.39 1.61 2.12 2.85 2.12 2.26
7.45 7.45 7.30 8.18 8.98 9.05 8.69 8.98 6.86 7.59 7.96 7.52 10.00 10.95 12.26 11.97 12.26 11.75 10.51 7.30 7.30 8.91 8.98 9.71 9.42 10.15 10.15 9.05 10.37 9.56 8.18 6.72 6.86 7.37 5.55 8.83 9.20 9.34 9.05 9.34 9.13 12.12 12.05 11.39 11.61 10.37 11.17 10.51 9.13 8.40 5.77 5.77 4.89 5.84 7.88 7.37 7.59 6.20 6.06 4.16 3.50 3.80 4.23 4.74 3.87 3.21 3.65 2.77 3.50 2.34 2.34 3.29 2.56 2.04 2.70 1.02 1.02 1.39 1.61 2.12 2.85 2.12 2.26
7.23 7.23 7.81 7.88 7.96 8.54 9.05 9.71 10.07 9.20 8.98 11.61 11.90 11.90 12.12 11.68 11.75 12.05 9.13 8.98 8.10 9.78 10.00 11.75 11.90 11.02 11.02 11.02 10.88 9.71 9.27 8.83 8.25 8.03 8.18 10.07 9.71 10.22 9.71 12.12 11.75 11.90 12.26 12.70 12.05 10.80 11.61 10.88 11.17 9.78 7.37 7.37 6.79 8.25 8.47 8.25 8.32 7.01 7.15 4.60 7.15 6.13 5.11 4.96 6.64 5.62 6.28 3.07 4.09 6.20 4.23 4.53 4.89 3.43 3.07 3.58 3.58 2.56 2.34 2.92 2.70 2.41 2.63
5.99 5.99 5.77 6.94 8.83 9.64 9.71 9.42 9.64 9.34 10.51 10.66 11.68 11.61 10.37 10.88 11.90 10.44 9.93 10.15 9.49 10.66 11.68 10.73 11.24 11.10 11.10 10.15 9.34 9.71 9.64 8.69 8.61 9.27 8.61 9.64 10.80 12.34 12.12 12.99 13.80 14.24 14.31 12.78 13.21 12.99 12.48 11.46 12.12 10.51 9.78 9.78 10.51 9.42 9.49 10.44 10.51 8.98 9.34 9.42 9.78 7.81 10.80 8.25 8.91 7.59 7.96 7.01 6.57 8.40 5.77 6.06 6.79 4.45 6.42 6.72 6.72 7.01 3.72 3.72 3.72 3.80 3.80
5.33 5.33 5.84 5.77 6.72 9.56 9.05 8.69 8.54 9.42 10.37 10.07 10.37 9.86 9.93 9.27 9.56 9.93 9.78 9.71 10.15 10.73 10.88 10.00 10.00 10.22 10.22 8.83 9.13 8.83 7.81 9.20 9.13 9.34 11.90 11.32 12.19 11.97 13.07 14.38 12.78 12.41 13.65 13.43 12.26 13.65 13.29 13.14 12.12 10.29 10.15 10.15 10.37 10.88 10.29 10.95 10.73 12.19 14.16 12.34 12.05 13.43 11.53 11.24 12.05 11.97 10.00 11.68 9.49 8.32 9.42 8.25 10.29 9.71 9.34 8.83 8.83 9.13 9.20 4.67 4.02 6.35 5.69
5.77 5.77 5.04 3.87 6.13 7.59 7.15 8.98 9.34 10.00 9.05 9.05 8.61 8.76 6.57 8.18 8.69 9.20 9.71 10.15 10.29 9.64 10.22 9.64 9.49 9.78 9.78 8.98 9.42 9.78 8.10 7.66 9.93 10.29 12.12 12.78 12.56 9.49 10.44 9.64 10.44 11.10 10.44 9.20 9.86 13.51 13.07 10.59 9.56 9.78 7.96 7.96 7.52 7.88 11.39 9.86 12.85 13.07 13.58 10.80 12.41 11.24 11.46 12.70 11.61 12.41 11.83 11.90 11.75 9.49 8.47 8.76 8.83 10.73 10.37 11.17 11.17 10.59 10.51 7.08 5.99 7.74 12.19
5.55 5.55 4.38 4.53 4.89 6.57 6.64 8.91 10.80 10.07 10.37 9.78 4.82 5.18 7.15 8.47 9.49 9.13 9.86 10.80 11.61 10.15 10.22 9.42 9.71 9.64 9.64 10.22 7.96 8.47 8.10 8.03 9.27 9.64 10.88 11.10 7.59 5.62 6.64 6.42 8.10 8.25 8.03 8.10 7.74 7.88 8.32 8.18 8.91 8.54 7.59 7.59 6.50 7.23 10.37 11.32 12.41 12.05 10.51 10.51 9.93 11.24 12.26 11.90 12.48 12.12 11.61 11.32 12.19 8.98 7.96 8.25 8.54 9.71 9.49 11.83 11.83 11.53 11.90 11.97 11.83 9.78 13.21
5.55 5.55 4.38 4.53 4.89 6.57 6.64 8.91 10.80 10.07 10.37 9.78 4.82 5.18 7.15 8.47 9.49 9.13 9.86 10.80 11.61 10.15 10.22 9.42 9.71 9.64 9.64 10.22 7.96 8.47 8.10 8.03 9.27 9.64 10.88 11.10 7.59 5.62 6.64 6.42 8.10 8.25 8.03 8.10 7.74 7.88 8.32 8.18 8.91 8.54 7.59 7.59 6.50 7.23 10.37 11.32 12.41 12.05 10.51 10.51 9.93 11.24 12.26 11.90 12.48 12.12 11.61 11.32 12.19 8.98 7.96 8.25 8.54 9.71 9.49 11.83 11.83 11.53 11.90 11.97 11.83 9.78 13.21
5.04 5.04 5.04 5.77 6.20 7.30 7.37 7.81 10.88 12.34 11.90 8.18 9.34 9.05 8.03 10.00 10.29 9.93 10.00 9.78 9.64 11.32 10.73 10.37 10.88 12.19 12.19 10.73 8.69 10.37 8.40 8.47 8.47 10.22 4.74 4.96 4.67 4.38 3.43 6.35 9.05 8.61 7.15 5.40 6.35 7.59 7.59 9.71 10.22 9.56 10.22 10.22 6.86 11.32 10.73 11.02 10.37 10.22 10.07 9.86 11.32 11.24 10.37 8.54 9.56 9.93 11.10 12.12 10.73 10.44 8.69 9.27 8.54 7.59 7.81 8.76 8.76 12.12 12.05 12.05 11.24 13.51 12.78
5.69 5.69 5.69 5.77 6.50 7.74 8.03 10.88 12.05 12.05 12.26 10.44 10.44 9.56 8.98 9.49 8.10 8.91 7.59 7.81 9.49 9.34 11.02 10.95 11.75 12.63 12.63 11.61 11.24 11.39 9.34 6.50 7.59 3.21 3.36 3.21 3.94 9.20 8.54 8.76 9.49 8.54 8.03 6.50 7.45 6.94 8.32 10.80 10.29 11.10 11.32 11.32 12.48 10.51 11.53 10.59 10.22 10.88 10.07 9.34 9.93 10.51 7.01 7.01 8.76 11.24 10.73 9.49 8.40 7.15 9.05 8.91 8.40 7.96 8.03 7.15 7.15 6.94 9.49 9.71 9.78 11.24 13.80
5.69 5.69 5.55 6.64 7.15 7.23 7.59 9.05 10.80 8.98 8.40 8.61 6.50 6.86 5.91 7.01 5.84 5.55 8.03 9.27 8.32 7.52 9.42 10.88 10.37 11.10 11.10 11.61 11.32 11.46 9.05 5.11 6.28 3.94 5.69 11.32 11.24 9.34 8.40 8.40 8.47 7.30 7.15 6.20 3.94 5.11 8.61 9.27 11.90 9.13 10.44 10.44 10.07 8.98 9.05 8.98 9.20 9.86 9.78 9.20 6.64 6.06 6.42 5.48 8.76 10.51 8.91 9.13 8.10 7.01 8.10 8.47 8.25 7.08 5.11 5.33 5.33 4.67 6.57 8.25 9.27 8.83 12.19
4.38 4.38 4.60 5.48 6.50 6.86 8.40 7.45 7.74 7.81 6.28 6.06 5.84 5.11 4.96 4.09 5.04 6.28 5.62 5.91 4.09 5.62 7.30 8.76 8.10 10.00 10.00 9.27 9.34 7.45 5.40 6.13 4.67 3.65 11.02 11.24 11.53 10.07 8.32 8.03 8.32 5.26 4.16 5.04 5.77 5.04 7.88 9.42 8.54 8.83 9.71 9.71 9.27 9.86 8.10 8.40 7.52 7.59 8.03 7.74 4.02 6.06 6.35 8.54 8.69 7.52 10.00 7.23 6.64 6.50 5.40 6.94 6.79 6.79 4.96 4.67 4.67 7.23 6.64 8.10 7.88 9.78 9.20
3.07 3.07 3.43 5.33 3.29 4.82 4.82 5.69 6.79 5.91 5.55 5.69 5.26 4.96 4.82 3.72 4.09 4.60 2.63 2.99 5.84 2.99 5.62 4.67 6.57 7.66 7.66 8.98 8.69 7.66 8.25 11.32 10.51 10.37 10.22 10.37 10.66 8.32 7.96 8.18 7.74 5.11 5.33 4.16 5.69 7.74 10.88 10.37 10.15 9.49 9.42 9.42 9.05 9.20 8.61 5.40 5.91 3.43 0.00 0.15 0.29 1.10 5.04 4.38 7.23 5.91 7.88 6.20 4.38 4.09 4.45 4.23 6.57 3.94 4.09 3.65 3.65 7.45 8.83 8.83 8.98 7.01 6.94
0.00 0.00 0.00 0.00 0.00 2.99 5.26 4.02 4.89 5.11 4.45 5.69 4.45 4.09 3.07 2.12 1.10 0.15 0.00 2.04 1.68 2.99 5.33 4.60 5.99 7.96 7.96 7.74 9.42 10.22 10.80 8.47 8.25 7.81 8.18 2.63 4.60 5.18 5.04 5.55 5.04 5.11 4.53 5.84 7.81 9.05 9.56 11.61 9.05 9.27 8.40 8.40 7.15 4.74 3.21 3.80 2.04 0.00 0.00 0.00 4.16 2.48 4.38 4.74 4.53 5.55 6.28 6.42 4.23 0.00 3.72 3.36 4.53 3.50 7.23 6.79 6.79 11.46 10.88 10.29 10.88 10.88 10.07
0.00 0.00 0.00 0.00 0.00 2.99 5.26 4.02 4.89 5.11 4.45 5.69 4.45 4.09 3.07 2.12 1.10 0.15 0.00 2.04 1.68 2.99 5.33 4.60 5.99 7.96 7.96 7.74 9.42 10.22 10.80 8.47 8.25 7.81 8.18 2.63 4.60 5.18 5.04 5.55 5.04 5.11 4.53 5.84 7.81 9.05 9.56 11.61 9.05 9.27 8.40 8.40 7.15 4.74 3.21 3.80 2.04 0.00 0.00 0.00 4.16 2.48 4.38 4.74 4.53 5.55 6.28 6.42 4.23 0.00 3.72 3.36 4.53 3.50 7.23 6.79 6.79 11.46 10.88 10.29 10.88 10.88 10.07
0.00 0.00 0.00 0.00 0.00 1.24 2.63 1.97 3.80 2.85 3.87 3.36 2.56 0.88 1.31 0.51 0.51 0.95 0.00 1.75 2.12 3.07 3.65 0.00 3.21 6.64 6.64 5.84 10.15 8.10 8.25 9.49 4.02 3.36 0.00 0.00 0.00 0.00 0.00 0.00 3.72 3.43 6.35 7.15 6.28 8.61 10.22 8.76 8.91 8.54 8.47 8.47 8.03 4.96 1.31 0.00 0.00 0.00 0.00 0.00 5.26 0.00 4.02 0.00 4.60 4.74 0.00 3.94 4.23 2.56 3.65 4.53 4.16 5.18 9.34 13.58 13.58 15.70 15.62 12.99 14.75 14.09 14.60
