Wansh/Snow_depth/snowdepth-1995/winter/1996029.txt
ncols 321
nrows 161
xllcenter 60
yllcenter 15 
cellsize  0.25 
NODATA_value -1
[rows 0 to 36 of 161, columns 166 to 248 of 321]
9.05 8.40 6.42 7.37 7.52 7.74 7.37 7.45 8.76 8.54 9.20 9.20 9.05 9.05 8.91 8.32 8.47 8.76 10.51 12.70 11.97 14.16 11.39 11.53 11.53 11.83 11.10 10.88 8.83 0.00 0.00 0.00 0.00 0.00 12.56 15.18 14.67 14.67 13.21 15.26 18.25 18.54 18.10 19.35 18.91 21.61 28.91 27.67 28.40 24.02 24.89 20.73 17.52 17.89 15.33 16.72 15.91 15.33 20.66 20.44 20.73 19.42 19.42 18.98 18.69 21.83 22.27 22.19 21.97 20.00 20.73 17.37 17.45 17.30 16.86 16.86 17.37 18.47 17.89 20.59 20.37 19.93 17.23
8.40 9.27 8.03 8.25 7.74 6.42 6.64 6.42 7.59 7.88 8.18 8.18 9.34 8.40 7.52 7.74 7.74 7.59 10.29 12.12 14.24 14.02 13.29 12.12 13.87 12.05 9.93 4.67 0.00 0.00 0.00 0.00 0.00 9.05 6.64 11.46 12.34 12.34 12.12 16.21 18.76 19.78 19.13 24.82 28.32 28.91 28.62 28.62 23.87 23.87 21.32 21.39 20.95 19.93 19.05 18.54 20.95 20.88 20.66 19.93 19.71 19.64 19.64 20.73 21.46 21.10 20.59 20.88 21.17 20.44 18.32 18.25 18.98 18.91 17.67 18.03 18.10 18.76 19.42 20.22 20.08 20.44 16.72
8.10 7.88 7.81 9.42 7.59 5.40 5.69 5.18 6.86 7.37 7.74 7.74 7.37 7.37 7.59 8.10 7.96 8.54 11.32 13.87 13.51 13.87 13.14 13.07 14.02 13.43 9.05 0.00 0.00 0.00 0.00 0.00 0.00 7.30 4.96 11.02 11.32 11.32 10.73 16.21 19.64 21.75 25.55 25.84 21.02 24.60 24.09 25.26 20.66 20.00 21.24 20.81 20.81 21.53 20.59 20.00 20.15 18.03 19.49 19.49 19.64 21.75 21.75 21.68 20.73 19.64 20.15 19.05 20.73 20.51 19.27 18.10 18.54 19.42 18.91 18.76 18.54 18.69 18.32 16.64 16.86 16.72 13.72
8.10 7.88 7.81 9.42 7.59 5.40 5.69 5.18 6.86 7.37 7.74 7.74 7.37 7.37 7.59 8.10 7.96 8.54 11.32 13.87 13.51 13.87 13.14 13.07 14.02 13.43 9.05 0.00 0.00 0.00 0.00 0.00 0.00 7.30 4.96 11.02 11.32 11.32 10.73 16.21 19.64 21.75 25.55 25.84 21.02 24.60 24.09 25.26 20.66 20.00 21.24 20.81 20.81 21.53 20.59 20.00 20.15 18.03 19.49 19.49 19.64 21.75 21.75 21.68 20.73 19.64 20.15 19.05 20.73 20.51 19.27 18.10 18.54 19.42 18.91 18.76 18.54 18.69 18.32 16.64 16.86 16.72 13.72
10.29 9.20 8.98 8.32 5.77 3.50 3.43 2.48 8.10 8.03 8.47 8.47 6.57 7.74 8.47 10.51 11.17 12.63 12.34 13.43 13.65 12.78 12.78 14.89 12.19 14.45 9.71 0.00 0.00 0.00 0.00 0.00 0.00 6.13 8.18 8.76 12.12 12.12 15.84 17.45 16.94 19.27 13.72 14.67 17.16 20.37 17.01 16.35 19.71 21.97 21.53 22.12 21.83 20.29 20.73 18.83 18.03 18.10 18.54 19.20 18.91 19.20 19.20 20.22 19.78 20.22 19.20 19.05 17.81 18.61 19.05 17.59 17.81 18.40 17.81 16.13 16.43 14.89 16.06 15.18 14.60 14.60 14.02
12.56 11.24 11.61 9.49 5.99 6.50 4.45 1.97 3.58 8.54 6.50 6.50 10.29 11.10 10.95 11.53 11.97 13.07 12.85 11.75 12.63 12.34 9.34 13.58 0.00 0.00 0.00 0.00 0.00 0.00 0.00 5.48 6.64 6.86 7.08 8.40 8.61 8.61 14.16 11.17 11.10 11.32 10.95 13.29 12.34 15.33 16.28 19.13 18.10 21.53 22.34 21.83 21.75 22.56 21.61 20.59 19.42 18.61 18.61 16.79 18.03 18.47 18.47 17.59 20.15 19.71 18.40 15.99 16.79 14.82 16.72 16.64 16.94 15.26 15.70 15.33 14.38 14.67 13.43 14.45 14.97 13.94 14.09
12.99 12.78 13.58 11.53 12.19 9.56 8.69 6.94 6.64 8.32 7.08 7.08 10.51 11.83 13.87 13.72 14.09 13.07 12.63 10.80 10.00 10.15 9.05 10.66 6.79 0.00 0.00 0.00 0.00 1.61 0.58 4.89 10.37 11.97 10.44 14.67 13.36 13.36 13.94 11.53 9.05 7.01 7.81 10.44 9.64 13.07 15.40 18.25 19.64 20.44 21.75 22.34 22.19 24.09 21.97 19.56 20.15 16.43 16.43 15.70 15.84 17.30 17.30 16.86 17.59 17.52 18.18 16.72 14.67 14.67 14.38 13.51 15.91 14.38 12.99 12.78 11.46 12.48 12.34 13.72 15.26 15.28 18.82
12.99 12.78 13.58 11.53 12.19 9.56 8.69 6.94 6.64 8.32 7.08 7.08 10.51 11.83 13.87 13.72 14.09 13.07 12.63 10.80 10.00 10.15 9.05 10.66 6.79 0.00 0.00 0.00 0.00 1.61 0.58 4.89 10.37 11.97 10.44 14.67 13.36 13.36 13.94 11.53 9.05 7.01 7.81 10.44 9.64 13.07 15.40 18.25 19.64 20.44 21.75 22.34 22.19 24.09 21.97 19.56 20.15 16.43 16.43 15.70 15.84 17.30 17.30 16.86 17.59 17.52 18.18 16.72 14.67 14.67 14.38 13.51 15.91 14.38 12.99 12.78 11.46 14.43 17.02 19.75 20.90 25.97 31.08
11.24 13.21 11.97 13.58 13.87 9.78 12.56 7.52 8.47 9.20 8.61 8.61 9.05 11.68 12.78 14.24 12.78 11.17 11.61 10.66 4.45 0.00 4.96 0.00 0.00 0.00 0.00 0.00 2.48 7.74 9.34 10.37 9.93 12.19 13.72 12.92 12.70 12.70 8.83 6.57 7.37 5.84 7.01 9.78 13.80 16.06 15.55 17.30 18.25 20.88 20.66 21.83 21.39 18.18 21.32 18.25 17.37 17.52 15.48 16.50 16.28 17.96 17.96 18.69 17.59 17.74 17.08 14.97 15.26 14.09 13.21 13.21 13.43 13.36 11.97 11.14 13.94 17.94 21.42 18.91 18.56 27.79 24.23
11.17 10.29 10.15 10.66 11.61 13.65 11.24 8.61 8.10 7.59 10.22 10.22 11.39 11.83 11.46 11.68 11.24 9.71 0.00 0.00 0.00 0.00 0.00 0.00 0.00 0.00 4.96 8.76 8.10 9.49 10.59 11.90 12.63 12.70 11.97 12.12 9.64 9.64 7.37 6.28 6.64 7.59 10.44 9.56 13.36 12.85 15.84 15.33 17.52 15.55 17.89 17.37 18.98 15.55 16.50 16.35 16.79 16.57 16.35 18.61 18.18 18.18 18.18 19.35 17.59 17.08 17.37 14.97 13.72 13.94 13.43 13.51 13.43 12.56 14.44 15.99 18.51 16.76 18.73 20.49 23.11 21.19 25.71
13.80 13.65 12.48 11.17 10.51 13.29 10.80 10.22 10.51 10.44 9.20 9.20 9.78 10.22 10.07 6.35 0.00 0.00 0.00 0.00 0.00 0.00 0.00 0.00 5.84 9.13 10.07 10.51 10.73 10.66 10.95 10.80 10.37 10.59 7.30 9.78 8.32 8.32 8.69 8.91 9.13 10.95 12.70 12.12 12.41 11.46 13.29 10.29 12.63 13.21 14.60 15.33 15.77 15.70 16.06 16.86 17.01 16.28 18.18 17.01 20.66 21.32 21.32 21.32 19.64 16.50 17.16 14.31 12.99 13.43 12.34 12.63 12.56 11.90 11.38 11.41 11.21 17.66 21.60 21.37 17.44 19.47 19.01
13.80 13.65 12.48 11.17 10.51 13.29 10.80 10.22 10.51 10.44 9.20 9.20 9.78 10.22 10.07 6.35 0.00 0.00 0.00 0.00 0.00 0.00 0.00 0.00 5.84 9.13 10.07 10.51 10.73 10.66 10.95 10.80 10.37 10.59 7.30 9.78 8.32 8.32 8.69 8.91 9.13 10.95 12.70 12.12 12.41 11.46 13.29 10.29 12.63 13.21 14.60 15.33 15.77 15.70 16.06 16.86 17.01 16.28 18.18 17.01 20.66 21.32 21.32 21.32 19.64 16.50 17.16 14.31 12.99 13.43 12.34 12.63 12.56 11.90 11.10 11.24 10.88 16.40 19.26 19.79 18.60 20.20 19.01
13.07 13.21 15.33 14.60 10.66 10.00 8.69 9.64 6.86 10.44 10.15 10.15 7.88 0.00 0.00 0.00 0.00 0.00 0.00 0.00 0.66 0.00 8.18 8.76 8.32 9.27 9.71 8.76 9.34 9.56 10.07 8.47 8.98 7.59 7.96 8.47 10.15 10.15 11.68 11.24 13.80 14.02 12.12 11.61 10.37 8.83 9.42 8.61 10.15 13.43 12.63 15.40 12.41 13.87 14.75 9.34 12.05 11.32 15.11 17.74 16.13 18.47 18.47 18.03 20.51 16.72 14.45 14.89 14.53 14.75 13.36 13.29 12.12 12.48 11.32 11.32 11.16 16.05 20.92 19.36 18.44 20.05 18.25
10.37 9.64 12.56 14.38 8.98 9.27 10.80 8.83 7.08 0.00 0.00 0.00 0.00 0.00 0.00 0.00 0.00 0.00 0.00 0.00 7.15 3.65 8.54 7.96 9.34 9.34 8.25 8.69 8.61 11.83 11.46 10.07 10.66 9.20 7.81 9.13 10.59 10.59 11.10 11.97 12.70 12.34 12.56 12.63 10.44 9.42 10.59 9.93 10.66 10.95 7.74 8.32 10.37 7.01 7.59 7.52 7.52 9.42 8.54 13.72 15.04 14.31 14.31 17.23 17.59 17.16 17.30 16.50 16.35 16.50 15.77 15.40 16.21 14.16 12.48 14.44 16.50 17.34 14.60 17.61 21.00 16.79 20.73
8.76 13.29 11.75 13.87 15.26 14.38 14.60 10.95 6.94 1.83 0.00 0.00 0.00 0.00 0.37 0.00 0.73 0.00 6.72 6.94 6.94 6.86 6.64 7.15 9.27 8.83 9.42 11.53 11.97 11.97 12.34 11.75 11.17 10.29 10.29 10.07 10.51 10.51 10.44 11.32 12.92 13.21 12.12 12.41 11.90 11.02 10.80 10.15 10.51 9.34 8.18 8.61 6.42 6.86 6.06 5.77 5.33 9.20 12.48 11.83 13.36 15.18 15.18 14.53 17.30 17.23 18.10 17.23 17.52 17.45 17.37 18.69 18.18 16.64 15.07 16.41 17.65 17.37 18.04 19.79 16.46 18.91 19.30
12.85 11.68 12.92 12.19 15.26 13.80 11.10 11.17 10.95 6.13 9.64 9.64 10.07 9.64 8.25 5.99 6.57 6.57 7.01 4.38 5.40 5.40 5.18 6.57 7.74 7.08 8.76 10.88 10.73 12.34 11.46 11.83 10.73 13.65 12.70 12.34 15.11 15.11 13.65 13.58 13.72 13.07 13.29 13.07 12.48 12.63 12.26 12.78 11.61 11.75 10.66 7.08 5.69 4.23 4.16 4.67 6.42 5.62 10.88 13.21 12.78 14.89 14.89 13.14 13.43 13.29 15.48 14.45 14.16 16.86 18.83 18.25 18.76 16.63 19.32 18.40 18.69 17.40 18.09 17.02 18.49 18.87 20.04
12.85 11.68 12.92 12.19 15.26 13.80 11.10 11.17 10.95 6.13 9.64 9.64 10.07 9.64 8.25 5.99 6.57 6.57 7.01 4.38 5.40 5.40 5.18 6.57 7.74 7.08 8.76 10.88 10.73 12.34 11.46 11.83 10.73 13.65 12.70 12.34 15.11 15.11 13.65 13.58 13.72 13.07 13.29 13.07 12.48 12.63 12.26 12.78 11.61 11.75 10.66 7.08 5.69 4.23 4.16 4.67 6.42 5.62 10.88 13.21 12.78 14.89 14.89 13.14 13.43 13.29 15.48 14.45 14.16 16.86 18.83 18.25 18.76 20.42 18.10 20.00 16.79 21.53 18.36 18.82 18.85 17.02 19.37
4.16 6.06 8.83 7.30 8.32 8.10 9.05 9.34 8.40 9.20 9.05 9.05 9.64 9.86 4.38 2.77 5.40 3.87 3.36 3.50 3.36 4.82 5.26 6.13 6.79 6.72 8.76 7.96 10.44 11.97 12.19 13.94 12.92 12.41 14.16 14.02 15.40 15.40 15.18 14.24 14.16 13.80 13.87 14.16 14.82 13.14 13.58 13.14 7.96 8.69 5.69 6.86 3.14 4.09 3.21 3.21 4.96 6.42 5.91 10.88 9.20 8.54 8.54 11.39 11.68 7.30 13.51 10.51 10.51 9.64 12.41 18.18 19.21 17.38 19.05 18.18 20.87 20.75 21.61 18.13 17.76 22.01 20.12
3.07 4.23 4.23 6.06 6.57 6.28 5.69 7.08 5.62 5.55 3.14 3.14 2.04 2.63 2.56 1.97 5.04 5.40 4.45 4.23 4.09 4.09 5.11 6.13 8.03 9.34 9.42 10.37 10.22 10.37 11.53 12.78 12.05 13.43 12.85 13.58 14.09 14.09 13.58 13.65 13.58 14.02 13.80 12.12 12.56 10.37 4.31 4.96 4.82 5.77 3.21 3.07 3.21 2.85 2.70 1.75 2.26 4.38 3.80 7.59 7.59 6.13 6.13 4.09 7.74 5.11 3.72 3.87 8.18 9.86 9.42 11.08 16.89 16.66 16.92 17.71 20.72 22.04 20.31 20.27 18.55 21.37 18.13
2.04 3.36 2.92 4.45 3.14 4.96 5.48 5.62 5.55 5.48 4.74 4.74 4.02 4.89 5.77 6.20 5.91 5.91 6.72 5.26 5.62 4.67 8.47 8.03 9.05 9.05 9.78 7.96 8.98 9.86 10.22 10.95 12.41 12.92 12.99 13.21 13.07 13.07 13.14 13.51 14.53 11.10 11.39 9.49 10.95 3.87 3.21 3.65 4.45 4.38 3.43 2.19 3.21 3.14 2.85 0.00 0.00 0.00 0.00 3.65 4.31 4.74 4.74 2.19 1.97 3.87 2.70 3.07 3.07 6.79 9.13 13.21 12.12 17.08 19.20 18.76 19.78 19.55 22.48 24.33 23.74 18.59 19.84
1.02 1.61 1.68 1.61 1.46 3.50 2.77 4.31 5.77 6.06 5.62 5.62 4.89 4.38 6.13 5.62 8.40 6.64 7.23 6.64 6.64 7.52 8.18 7.81 9.05 8.10 8.10 7.66 8.61 7.81 9.71 9.86 13.29 13.14 12.12 12.85 13.43 13.43 10.80 9.56 10.22 9.56 6.79 3.43 2.48 2.77 3.07 3.43 3.80 1.75 1.83 1.75 2.77 0.00 1.53 0.00 0.00 0.00 0.00 2.99 1.75 1.75 1.75 1.90 1.24 2.12 2.04 2.48 3.65 6.64 7.15 11.90 15.40 14.89 16.94 18.76 22.10 21.65 22.55 21.99 23.02 19.80 20.12
0.00 0.07 0.80 0.95 1.46 1.83 3.14 4.23 3.72 4.31 4.60 4.60 4.31 4.82 5.55 7.01 7.15 5.48 3.87 6.20 7.23 7.96 9.71 10.15 9.42 8.47 8.76 8.18 8.69 8.03 10.07 8.47 10.44 12.78 12.41 12.56 7.81 7.81 5.62 5.48 4.60 3.29 3.14 3.36 2.77 3.29 2.77 2.99 2.85 1.53 1.90 1.61 1.53 1.53 0.00 0.00 0.00 0.00 1.75 1.90 1.31 0.73 0.73 0.58 1.10 0.00 0.00 0.00 1.24 5.69 7.59 7.45 12.19 14.60 14.16 16.35 16.96 18.68 23.50 20.40 20.92 20.05 14.60
0.00 0.07 0.80 0.95 1.46 1.83 3.14 4.23 3.72 4.31 4.60 4.60 4.31 4.82 5.55 7.01 7.15 5.48 3.87 6.20 7.23 7.96 9.71 10.15 9.42 8.47 8.76 8.18 8.69 8.03 10.07 8.47 10.44 12.78 12.41 12.56 7.81 7.81 5.62 5.48 4.60 3.29 3.14 3.36 2.77 3.29 2.77 2.99 2.85 1.53 1.90 1.61 1.53 1.53 0.00 0.00 0.00 0.00 1.75 1.90 1.31 0.73 0.73 0.58 1.10 0.00 0.00 0.00 1.24 5.69 7.59 7.45 12.19 14.60 14.16 16.35 16.28 18.78 18.25 17.95 17.52 23.34 17.86
0.00 0.00 0.00 0.00 0.51 1.53 1.02 3.43 3.87 4.23 4.82 4.82 6.57 7.37 7.01 7.30 5.04 3.65 3.43 5.11 5.62 9.42 10.29 9.93 10.51 10.44 9.78 8.47 8.91 11.90 11.02 11.10 11.68 5.55 5.33 4.96 4.09 4.09 4.16 1.68 2.48 2.34 2.92 1.68 1.83 2.77 0.66 1.02 0.22 0.58 1.02 2.19 1.68 2.26 0.00 0.00 0.00 0.00 1.39 1.02 0.00 0.07 0.07 0.00 0.00 0.00 0.00 1.24 4.67 4.02 6.50 6.42 6.64 8.03 13.14 12.56 14.53 16.73 18.06 25.34 22.64 15.62 11.39
0.00 0.00 0.00 0.00 0.22 1.17 1.17 1.90 3.36 4.23 3.58 3.58 6.72 7.08 5.18 4.16 3.50 3.50 3.80 7.15 8.61 10.29 10.00 10.59 11.10 10.95 9.56 9.93 11.97 11.02 10.95 5.40 3.43 2.63 2.63 1.61 1.24 1.24 2.04 1.83 2.04 2.41 2.12 1.75 1.17 0.22 0.66 0.00 0.00 0.95 0.58 0.88 1.39 1.02 1.90 0.00 0.66 1.17 1.39 0.29 0.00 0.00 0.00 0.00 0.00 0.00 0.00 0.00 2.99 5.26 4.96 6.06 7.81 7.45 10.73 16.86 19.62 16.94 19.44 19.02 23.44 16.81 12.65
0.00 0.00 0.00 0.44 0.95 0.95 1.68 1.97 3.65 4.31 4.09 4.09 6.28 6.35 5.55 4.38 3.72 5.18 4.67 7.01 9.13 10.22 10.95 11.39 10.73 11.17 11.17 11.02 11.32 10.15 8.69 8.76 3.50 2.56 1.02 1.24 1.10 1.10 1.53 1.17 1.17 1.17 2.04 1.46 0.73 0.29 0.44 0.22 0.00 0.00 0.44 0.51 0.80 0.88 0.00 0.00 0.00 0.66 0.07 0.37 0.00 0.00 0.00 0.00 0.00 0.00 0.58 0.00 2.26 3.58 4.96 5.62 7.88 12.05 18.60 17.33 21.34 21.09 24.12 14.77 10.06 8.87 12.50
0.00 0.00 1.68 0.95 0.37 0.37 0.73 1.90 3.29 4.67 4.31 4.31 4.82 4.67 4.82 5.04 4.53 5.84 5.99 5.55 7.66 8.03 10.44 11.90 8.47 10.66 9.64 9.78 10.07 2.77 6.94 6.13 2.19 0.95 0.73 1.02 0.58 0.58 0.80 0.95 1.31 0.66 0.22 0.80 0.80 0.00 0.00 0.00 0.00 0.07 0.37 1.68 0.95 1.02 0.00 0.00 0.00 0.00 0.00 0.00 0.00 0.00 0.00 0.00 0.00 0.00 0.00 1.61 3.36 3.21 4.23 6.94 6.42 10.88 18.59 22.20 23.65 24.18 16.52 10.64 10.51 7.36 6.88
1.46 1.97 1.24 1.61 2.41 1.17 1.24 1.61 0.00 1.68 2.77 2.77 2.70 3.36 3.07 3.65 3.50 5.26 3.87 5.18 4.16 5.99 8.03 3.72 3.87 5.04 4.82 0.66 0.80 0.73 1.10 1.02 1.75 0.51 1.10 1.31 1.39 1.39 1.39 0.88 1.31 0.88 1.02 0.44 0.00 0.00 0.00 0.44 0.00 0.00 0.88 1.83 0.66 0.00 0.00 0.00 0.00 0.00 0.00 0.00 0.00 0.00 0.00 0.00 0.00 0.00 0.00 0.00 0.00 3.65 3.36 6.42 11.46 18.37 18.38 21.71 20.52 29.30 21.11 10.22 8.86 7.67 5.26
1.46 1.97 1.24 1.61 2.41 1.17 1.24 1.61 0.00 1.68 2.77 2.77 2.70 3.36 3.07 3.65 3.50 5.26 3.87 5.18 4.16 5.99 8.03 3.72 3.87 5.04 4.82 0.66 0.80 0.73 1.10 1.02 1.75 0.51 1.10 1.31 1.39 1.39 1.39 0.88 1.31 0.88 1.02 0.44 0.00 0.00 0.00 0.44 0.00 0.00 0.88 1.83 0.66 0.00 0.00 0.00 0.00 0.00 0.00 0.00 0.00 0.00 0.00 0.00 0.00 0.00 0.00 0.00 0.00 3.65 3.36 6.42 11.51 18.17 16.62 24.19 21.90 34.19 24.51 9.89 9.26 7.46 5.57
2.63 0.58 2.92 2.92 3.14 1.10 1.17 0.00 0.00 0.00 1.75 1.75 2.34 1.17 1.83 2.19 0.80 2.04 1.90 1.97 0.73 1.68 0.66 1.24 1.02 1.46 1.02 0.58 0.95 1.10 1.83 0.80 0.95 1.39 1.46 0.51 0.66 0.66 0.22 1.61 1.10 0.80 1.02 1.17 0.80 2.04 1.02 0.88 0.58 1.83 1.17 1.53 1.31 0.00 0.73 0.00 0.07 0.00 0.07 0.44 0.00 0.00 0.00 0.00 0.00 0.00 0.00 0.00 1.83 4.38 6.68 5.75 10.47 16.89 24.83 26.93 26.17 15.73 8.00 10.29 5.84 4.63 2.72
4.23 6.06 5.55 4.09 3.58 0.00 0.00 0.00 0.00 2.04 0.80 0.80 1.31 0.58 0.80 0.51 0.00 1.10 1.46 0.00 0.07 1.24 0.07 0.88 0.00 1.02 0.73 0.00 0.00 1.83 0.58 2.48 0.00 0.00 0.00 1.02 0.00 0.00 0.00 0.66 2.26 2.70 2.19 1.90 0.00 2.12 2.99 2.63 2.34 1.02 0.44 1.10 1.39 0.00 0.00 1.10 1.24 0.80 0.95 0.00 0.00 0.00 0.00 0.00 0.00 0.00 0.00 2.48 4.45 4.23 7.15 10.44 10.73 15.50 24.27 24.41 27.03 16.24 7.24 6.07 5.21 5.52 3.09
8.25 8.10 7.37 8.91 5.48 3.94 0.00 0.00 0.00 0.00 0.00 0.00 0.00 0.00 0.00 0.00 1.53 0.00 0.00 0.00 1.02 1.10 0.00 0.00 1.68 0.00 1.97 1.68 1.61 2.12 2.12 0.00 0.00 0.00 0.00 0.00 0.00 0.00 0.00 1.61 2.19 1.75 0.00 0.00 0.00 0.00 2.04 0.00 0.00 1.10 0.00 0.29 0.00 0.00 0.00 0.00 2.34 2.56 0.00 0.00 0.00 0.00 0.00 0.00 0.00 0.00 0.00 0.00 5.33 7.59 6.94 9.64 12.99 16.66 21.95 21.90 9.73 5.42 5.05 6.13 4.94 3.62 3.19
10.00 9.56 8.98 9.13 7.08 5.33 0.00 0.00 0.00 0.00 0.00 0.00 0.00 0.00 0.00 0.00 0.00 0.00 0.00 0.00 0.00 0.00 0.00 0.00 0.00 0.00 2.34 2.34 2.12 1.31 1.02 0.00 0.00 0.58 0.00 0.00 0.00 0.00 0.00 0.00 0.00 0.00 0.00 0.00 0.00 0.00 0.00 0.00 0.00 0.00 0.00 0.00 0.00 0.00 0.00 0.00 0.00 0.00 0.00 0.00 0.00 0.00 0.00 0.00 0.00 0.00 3.72 5.11 5.62 8.03 9.05 12.19 10.95 15.34 11.85 7.30 8.98 3.77 4.67 4.24 4.24 2.14 1.91
6.64 7.81 6.94 4.82 8.76 0.00 3.80 0.00 0.00 0.00 0.00 0.00 0.00 0.00 0.00 0.00 0.00 0.00 0.00 0.00 0.00 0.00 0.00 0.00 1.31 1.53 1.75 1.97 2.63 1.46 0.00 0.00 1.02 1.17 0.66 1.39 0.00 0.00 0.00 0.00 0.00 0.00 0.00 0.00 0.00 0.00 0.00 0.00 0.00 0.00 0.00 0.00 0.00 0.00 0.00 0.00 0.00 0.00 0.00 0.00 0.00 0.00 0.00 0.00 0.00 0.00 3.50 4.02 4.45 4.16 8.47 11.32 11.90 11.90 8.27 4.17 2.70 2.78 2.29 3.09 1.95 0.41 0.77
3.94 4.23 4.89 5.84 0.00 0.00 0.00 0.00 0.00 0.00 0.00 0.00 0.00 0.00 0.00 0.00 0.00 0.00 0.00 0.00 0.00 0.00 0.00 0.00 1.17 0.00 0.88 0.00 1.90 1.46 1.90 0.00 0.00 1.10 1.17 1.46 0.00 0.00 0.00 0.00 0.00 0.00 0.00 0.00 0.00 0.00 0.00 0.00 0.00 0.00 0.00 0.00 0.00 0.00 0.00 0.00 0.00 0.00 0.66 0.00 3.50 3.14 3.14 2.85 0.00 2.34 1.97 3.29 3.65 5.69 4.74 6.79 5.40 3.30 6.93 3.05 1.18 1.25 1.51 1.04 1.22 0.62 0.00
3.94 4.23 4.89 5.84 0.00 0.00 0.00 0.00 0.00 0.00 0.00 0.00 0.00 0.00 0.00 0.00 0.00 0.00 0.00 0.00 0.00 0.00 0.00 0.00 1.17 0.00 0.88 0.00 1.90 1.46 1.90 0.00 0.00 1.10 1.17 1.46 0.00 0.00 0.00 0.00 0.00 0.00 0.00 0.00 0.00 0.00 0.00 0.00 0.00 0.00 0.00 0.00 0.00 0.00 0.00 0.00 0.00 0.00 0.66 0.00 3.50 3.14 3.14 2.85 0.00 2.34 1.97 3.29 3.65 5.69 4.74 6.79 5.40 3.29 6.82 3.01 1.18 1.31 1.34 1.00 1.19 0.66 0.00
1.97 2.26 1.75 3.43 0.00 0.00 2.26 2.77 0.00 0.00 0.00 0.00 0.00 0.00 0.00 0.00 0.00 0.00 0.00 0.00 0.00 0.00 0.00 0.00 0.00 0.00 0.37 0.66 0.00 0.00 0.00 1.46 0.00 1.39 1.39 1.24 1.61 1.61 0.00 0.00 0.00 0.00 0.00 0.00 0.00 2.12 3.14 3.80 2.04 2.26 2.48 0.22 0.00 0.00 0.00 0.00 0.00 1.17 0.00 2.04 0.00 0.00 0.00 0.00 0.00 0.95 1.10 3.21 2.77 4.82 4.82 3.07 3.36 1.83 1.10 0.00 0.81 0.61 0.32 0.00 0.00 0.00 0.00
