Wansh/Snow_depth/snowdepth-1995/winter/1996007.txt
ncols 321
nrows 161
xllcenter 60
yllcenter 15 
cellsize  0.25 
NODATA_value -1
[rows 0 to 36 of 161, columns 0 to 83 of 321]
8.03 8.03 7.30 10.37 11.61 11.75 10.88 10.66 11.32 11.46 11.61 11.83 11.90 9.64 11.02 11.02 11.02 8.18 9.20 7.96 7.66 6.06 6.06 7.59 7.59 7.59 7.59 7.30 8.03 6.64 7.66 7.96 7.15 9.27 9.93 9.86 9.27 8.76 9.05 9.27 9.42 9.49 11.24 10.59 9.71 9.78 9.93 9.49 9.71 9.42 8.10 8.10 8.61 5.99 5.18 5.33 3.58 2.48 3.14 0.58 0.88 0.00 0.00 0.00 0.22 0.00 0.00 0.00 0.00 0.00 1.46 0.80 2.92 2.77 3.50 4.02 4.02 4.02 4.16 3.43 3.72 3.07 2.99 4.23
7.52 7.52 9.71 10.07 10.51 10.66 10.37 10.80 11.17 9.42 8.40 9.13 9.13 7.66 5.40 4.23 6.64 5.77 6.57 5.62 7.23 4.96 4.89 7.37 6.35 5.99 5.99 6.94 8.25 7.81 8.32 8.69 8.98 10.00 10.44 11.24 11.61 11.68 10.73 10.51 11.61 12.05 11.02 10.95 11.53 9.42 9.93 8.47 8.98 8.91 6.72 6.72 4.74 5.48 0.44 1.53 2.04 0.58 0.66 1.02 0.00 0.00 0.00 0.51 0.00 2.92 2.99 0.51 0.95 0.44 4.38 6.42 3.65 5.62 6.13 6.28 6.28 5.33 5.55 4.96 4.82 4.67 6.13 7.81
10.73 10.73 9.42 9.56 9.05 9.27 9.34 9.34 8.32 5.11 2.77 3.43 2.85 6.20 1.75 4.96 3.36 4.16 2.85 2.56 3.21 2.70 6.86 3.07 6.57 3.87 3.87 8.25 9.49 10.22 9.56 10.29 11.61 11.10 11.17 11.83 11.68 12.26 10.80 10.88 11.02 11.39 10.29 10.51 11.02 7.88 8.32 8.61 8.69 6.35 7.23 7.23 1.83 0.00 0.00 0.22 0.22 0.29 0.00 0.00 0.00 0.00 0.00 0.58 2.48 1.83 4.53 6.57 5.77 6.57 7.96 7.66 7.81 7.74 7.23 7.52 7.52 6.50 5.26 5.48 5.26 6.86 6.42 7.81
10.73 10.73 9.42 9.56 9.05 9.27 9.34 9.34 8.32 5.11 2.77 3.43 2.85 6.20 1.75 4.96 3.36 4.16 2.85 2.56 3.21 2.70 6.86 3.07 6.57 3.87 3.87 8.25 9.49 10.22 9.56 10.29 11.61 11.10 11.17 11.83 11.68 12.26 10.80 10.88 11.02 11.39 10.29 10.51 11.02 7.88 8.32 8.61 8.69 6.35 7.23 7.23 1.83 0.00 0.00 0.22 0.22 0.29 0.00 0.00 0.00 0.00 0.00 0.58 2.48 1.83 4.53 6.57 5.77 6.57 7.96 7.66 7.81 7.74 7.23 7.52 7.52 6.50 5.26 5.48 5.26 6.86 6.42 7.81
9.64 9.64 9.86 9.49 9.34 9.49 8.98 6.94 4.82 1.46 2.26 0.00 2.70 1.97 2.48 4.82 4.16 4.38 4.09 5.48 6.06 5.91 7.66 7.08 10.66 10.29 10.29 10.66 11.02 10.88 10.00 10.80 10.88 11.10 10.73 9.93 9.27 9.34 9.86 7.88 9.20 8.91 9.93 6.86 7.59 7.88 7.74 8.91 9.13 7.66 3.14 3.14 4.31 3.36 2.48 1.75 2.12 0.00 0.00 0.66 2.63 0.00 2.26 6.50 5.48 9.27 5.69 7.88 9.42 9.20 7.88 6.35 6.94 6.06 6.28 6.64 6.64 7.88 7.74 8.54 8.18 8.10 8.47 7.30
10.66 10.66 9.78 9.56 9.20 8.47 7.01 5.99 5.91 3.94 2.26 3.87 4.96 4.09 4.89 5.11 4.45 4.31 7.66 6.50 6.86 6.28 7.52 7.45 8.25 11.17 11.17 10.29 10.44 8.69 9.56 10.15 11.02 9.93 8.91 9.34 8.40 7.45 7.01 7.30 8.25 6.50 6.64 6.64 7.59 8.03 7.96 6.72 8.03 8.47 6.72 6.72 6.35 6.13 6.50 2.92 3.72 4.31 9.56 3.43 5.04 7.37 6.72 8.03 10.66 9.93 10.73 9.34 8.61 8.32 8.47 6.86 7.01 7.08 7.37 8.10 8.10 8.32 9.20 8.47 8.69 8.76 8.54 7.96
6.79 6.79 8.03 7.81 5.18 5.91 4.60 4.82 4.09 5.18 5.55 4.96 4.23 5.62 7.37 7.45 9.05 9.42 9.42 8.47 9.78 10.88 8.32 11.53 11.61 11.61 11.61 10.88 9.20 10.80 11.46 10.22 11.02 10.07 9.42 8.83 6.64 6.94 8.25 6.94 7.23 6.57 6.28 7.37 7.37 6.42 5.69 5.91 6.50 6.57 6.86 6.86 6.50 5.69 6.13 6.50 7.45 6.42 11.53 11.02 9.93 8.91 9.56 8.83 9.13 10.29 10.15 9.27 8.18 8.32 7.23 6.79 7.74 6.79 7.01 7.08 7.08 8.69 8.18 7.88 8.47 8.32 8.91 7.01
6.79 6.79 8.03 7.81 5.18 5.91 4.60 4.82 4.09 5.18 5.55 4.96 4.23 5.62 7.37 7.45 9.05 9.42 9.42 8.47 9.78 10.88 8.32 11.53 11.61 11.61 11.61 10.88 9.20 10.80 11.46 10.22 11.02 10.07 9.42 8.83 6.64 6.94 8.25 6.94 7.23 6.57 6.28 7.37 7.37 6.42 5.69 5.91 6.50 6.57 6.86 6.86 6.50 5.69 6.13 6.50 7.45 6.42 11.53 11.02 9.93 8.91 9.56 8.83 9.13 10.29 10.15 9.27 8.18 8.32 7.23 6.79 7.74 6.79 7.01 7.08 7.08 8.69 8.18 7.88 8.47 8.32 8.91 7.01
3.58 3.58 3.72 3.72 4.02 5.11 6.13 5.84 6.64 6.57 5.48 6.20 6.35 7.96 7.52 7.96 10.29 10.73 10.51 10.29 10.44 10.44 10.80 11.61 11.39 10.88 10.88 11.61 11.53 12.05 10.44 10.73 10.59 10.37 10.15 8.69 7.88 9.27 8.83 8.69 6.13 5.40 5.40 5.55 5.55 5.77 5.18 5.77 5.99 5.04 5.77 5.77 5.91 5.04 8.10 10.00 9.20 10.73 10.95 11.02 9.49 9.42 9.20 8.32 8.47 7.74 7.74 8.61 8.03 6.94 7.08 6.50 4.89 4.82 5.48 5.48 5.48 7.01 6.20 6.13 6.94 8.25 7.74 8.18
2.04 2.04 1.75 3.14 4.23 6.42 6.86 6.50 6.94 6.20 5.26 6.13 7.59 9.13 10.59 10.51 10.66 10.80 10.22 9.42 9.93 9.93 9.93 9.93 9.49 11.24 11.24 10.66 9.71 10.66 11.32 11.32 10.15 9.20 8.54 8.54 8.76 8.10 7.59 8.61 6.42 6.72 5.69 5.91 4.82 5.11 4.82 4.45 4.89 4.60 5.26 5.26 4.74 5.69 5.40 7.81 6.79 6.79 7.08 8.83 8.54 9.27 9.34 8.25 7.45 7.45 7.15 6.86 6.50 6.06 5.99 6.28 5.04 5.91 5.48 6.06 6.06 4.89 4.89 4.82 4.38 4.23 7.15 7.81
2.48 2.48 1.97 3.58 6.42 5.91 5.77 5.91 6.13 6.79 5.11 8.40 8.40 8.18 8.98 9.56 7.74 7.23 7.52 8.54 8.25 8.69 10.15 8.32 9.13 7.96 7.96 6.79 9.13 9.13 10.59 10.29 10.37 9.42 7.81 7.81 7.23 7.08 8.40 8.47 8.40 7.15 7.08 5.69 5.33 6.28 4.09 4.60 3.43 4.74 4.53 4.53 4.60 5.26 6.42 5.99 7.45 7.08 7.15 6.79 5.91 8.98 7.30 6.20 6.20 6.06 7.30 5.84 5.69 5.62 5.18 4.89 5.11 4.74 4.74 5.55 5.55 4.96 5.91 5.91 5.69 7.74 9.05 8.69
2.48 2.48 1.97 3.58 6.42 5.91 5.77 5.91 6.13 6.79 5.11 8.40 8.40 8.18 8.98 9.56 7.74 7.23 7.52 8.54 8.25 8.69 10.15 8.32 9.13 7.96 7.96 6.79 9.13 9.13 10.59 10.29 10.37 9.42 7.81 7.81 7.23 7.08 8.40 8.47 8.40 7.15 7.08 5.69 5.33 6.28 4.09 4.60 3.43 4.74 4.53 4.53 4.60 5.26 6.42 5.99 7.45 7.08 7.15 6.79 5.91 8.98 7.30 6.20 6.20 6.06 7.30 5.84 5.69 5.62 5.18 4.89 5.11 4.74 4.74 5.55 5.55 4.96 5.91 5.91 5.69 7.74 9.05 8.69
3.87 3.87 4.53 4.82 6.20 6.28 5.62 6.28 6.57 6.72 6.28 6.28 6.13 7.30 7.45 7.74 6.86 6.86 6.06 6.57 6.72 6.50 6.28 4.82 6.06 4.96 4.96 5.40 6.13 8.69 10.37 10.29 8.18 8.10 8.18 8.10 8.25 8.25 8.40 7.08 6.50 7.01 7.15 6.64 6.20 6.42 3.87 2.99 3.43 3.87 5.18 5.18 5.69 5.62 6.64 7.37 6.94 6.94 6.20 6.42 4.89 0.00 5.99 5.33 5.33 5.33 0.00 0.00 4.53 5.04 4.89 4.89 5.04 4.60 4.74 3.94 3.94 5.55 4.96 7.15 8.69 7.66 7.66 6.64
5.69 5.69 4.23 4.96 4.82 5.84 7.30 8.76 8.47 6.86 6.64 7.59 8.25 7.59 7.96 8.32 6.57 6.06 5.48 6.20 6.64 5.04 6.86 4.67 3.36 4.09 4.09 5.84 7.88 7.59 8.61 5.11 6.06 6.86 7.15 6.28 7.45 6.86 4.31 4.53 5.48 4.02 5.91 5.84 5.11 2.34 2.56 3.14 4.02 3.36 4.60 4.60 4.82 5.48 5.40 6.06 5.33 5.11 4.09 4.23 0.00 2.56 1.61 1.61 4.09 3.36 3.58 3.80 4.16 4.09 3.58 3.58 4.96 4.74 4.53 4.45 4.45 5.04 6.57 6.35 7.37 7.30 5.62 5.55
2.04 2.04 3.80 3.65 7.59 7.45 7.88 8.32 7.59 7.96 8.47 7.08 7.59 6.57 5.91 5.33 6.64 6.50 6.20 5.62 4.67 5.11 2.19 2.04 1.90 3.21 3.21 4.23 2.26 1.83 2.19 2.04 2.99 1.39 4.31 5.99 4.67 4.53 4.74 3.29 3.80 3.29 4.23 3.50 4.02 3.87 5.11 4.60 3.65 4.82 6.50 6.50 6.06 5.84 0.00 4.53 0.00 3.14 3.07 3.58 2.48 1.75 1.97 1.75 1.53 1.17 0.80 1.83 2.56 2.19 2.34 0.00 0.00 5.11 4.82 6.13 6.13 5.69 5.84 5.04 4.82 4.23 4.16 4.31
0.00 0.00 2.19 8.76 8.03 8.40 7.74 8.10 6.72 7.01 6.20 4.82 5.04 5.04 5.11 6.42 7.08 6.64 5.04 5.62 3.58 4.09 3.36 1.75 2.48 4.09 4.09 3.29 4.09 2.48 1.97 0.88 1.10 0.80 2.41 2.48 4.53 3.58 4.38 5.11 7.74 7.01 7.01 6.28 5.69 4.96 6.06 6.42 6.28 5.48 7.45 7.45 7.96 8.32 4.02 0.00 0.00 2.48 3.87 3.72 1.61 1.39 2.34 1.10 0.73 0.88 0.22 0.58 0.15 0.07 0.29 1.53 1.24 4.38 5.99 5.55 5.55 6.35 4.53 4.82 3.72 3.94 3.80 3.72
0.00 0.00 2.19 8.76 8.03 8.40 7.74 8.10 6.72 7.01 6.20 4.82 5.04 5.04 5.11 6.42 7.08 6.64 5.04 5.62 3.58 4.09 3.36 1.75 2.48 4.09 4.09 3.29 4.09 2.48 1.97 0.88 1.10 0.80 2.41 2.48 4.53 3.58 4.38 5.11 7.74 7.01 7.01 6.28 5.69 4.96 6.06 6.42 6.28 5.48 7.45 7.45 7.96 8.32 4.02 0.00 0.00 2.48 3.87 3.72 1.61 1.39 2.34 1.10 0.73 0.88 0.22 0.58 0.15 0.07 0.29 1.53 1.24 4.38 5.99 5.55 5.55 6.35 4.53 4.82 3.72 3.94 3.80 3.72
13.36 13.36 11.24 9.93 8.47 11.10 9.42 9.42 8.54 8.25 7.59 6.57 7.23 6.79 7.96 8.18 6.79 7.74 9.49 7.88 3.43 3.29 4.31 3.50 4.02 4.45 4.45 5.18 4.02 4.53 4.60 4.16 6.64 6.94 6.50 4.31 3.65 4.60 4.23 6.86 5.77 7.15 4.96 4.60 5.55 7.59 7.01 7.37 8.18 8.83 8.76 8.76 8.32 5.84 6.50 0.00 1.53 1.53 2.12 1.02 1.02 1.24 0.95 1.17 1.24 0.66 0.37 0.51 0.00 0.07 0.15 0.15 0.00 1.17 0.73 2.41 2.41 1.75 2.04 2.19 3.14 3.43 3.43 3.14
12.19 12.19 12.63 10.51 11.39 12.85 13.07 12.05 10.80 10.37 8.40 8.25 9.20 10.15 9.05 9.49 10.29 10.22 11.10 10.15 5.62 4.96 5.04 4.45 3.80 5.18 5.18 4.96 4.60 7.81 7.96 7.30 7.23 6.42 4.16 2.12 2.56 3.36 2.34 3.58 3.80 4.23 5.11 6.28 6.20 7.01 7.81 8.91 8.83 9.27 9.20 9.20 9.05 7.23 5.18 5.48 2.77 3.14 2.85 3.14 1.17 1.31 1.31 1.31 0.73 0.80 0.29 0.00 0.29 0.37 0.66 0.66 0.22 0.00 0.29 0.37 0.37 0.73 1.10 1.02 1.83 3.14 2.56 2.85
7.23 7.23 9.93 12.70 11.32 12.12 12.26 10.59 12.05 6.28 7.01 6.50 8.69 10.15 5.55 6.28 9.64 8.61 10.80 8.76 5.84 6.13 6.79 7.88 6.42 6.72 6.72 5.77 7.01 6.06 6.28 6.79 4.96 5.18 2.56 1.61 1.68 1.10 2.26 4.67 5.11 5.18 5.33 5.18 4.89 4.89 6.94 7.74 9.05 9.20 8.61 8.61 5.99 7.88 5.99 7.08 7.01 4.89 4.67 4.09 4.96 3.50 2.77 1.83 1.10 0.44 0.66 0.00 0.58 0.58 0.73 0.07 0.00 0.00 0.00 0.00 0.00 0.00 0.44 1.10 1.83 0.58 1.10 0.00
6.72 6.72 8.91 9.42 10.07 10.80 10.22 10.44 10.07 6.64 4.02 4.09 4.38 6.28 5.77 5.62 8.40 9.05 9.56 5.55 6.13 6.64 7.01 6.94 8.18 7.74 7.74 7.37 7.66 6.64 5.62 5.48 4.16 4.38 3.50 3.58 2.48 4.02 4.31 4.23 4.96 5.04 4.60 4.45 4.53 5.69 5.33 6.94 7.45 7.59 8.18 8.18 5.40 5.91 6.35 7.74 8.03 8.69 6.86 5.91 3.87 4.16 2.92 2.56 2.63 0.88 0.15 0.15 0.29 0.29 0.00 0.00 0.00 0.00 0.00 0.00 0.00 0.00 0.37 0.15 1.24 0.66 0.00 0.00
5.62 5.62 7.01 7.66 9.27 8.61 9.86 11.24 7.30 5.62 5.99 8.10 8.32 8.69 9.56 10.95 10.00 9.64 9.20 7.37 6.86 6.94 6.79 7.37 8.40 8.83 8.83 8.69 8.47 7.15 7.59 5.99 4.09 4.16 3.94 4.02 4.31 4.23 3.80 4.67 4.60 4.23 4.09 4.31 4.67 6.06 8.03 7.74 7.81 6.86 4.96 4.96 5.26 5.55 6.64 7.15 8.47 5.26 3.65 3.87 2.92 2.41 2.34 2.70 1.83 1.31 1.53 0.51 0.88 0.37 0.15 0.37 0.29 0.88 0.00 0.00 0.00 0.00 0.00 0.00 0.00 0.29 0.37 0.29
5.62 5.62 7.01 7.66 9.27 8.61 9.86 11.24 7.30 5.62 5.99 8.10 8.32 8.69 9.56 10.95 10.00 9.64 9.20 7.37 6.86 6.94 6.79 7.37 8.40 8.83 8.83 8.69 8.47 7.15 7.59 5.99 4.09 4.16 3.94 4.02 4.31 4.23 3.80 4.67 4.60 4.23 4.09 4.31 4.67 6.06 8.03 7.74 7.81 6.86 4.96 4.96 5.26 5.55 6.64 7.15 8.47 5.26 3.65 3.87 2.92 2.41 2.34 2.70 1.83 1.31 1.53 0.51 0.88 0.37 0.15 0.37 0.29 0.88 0.00 0.00 0.00 0.00 0.00 0.00 0.00 0.29 0.37 0.29
5.62 5.62 5.84 6.13 5.99 7.59 9.78 10.22 7.23 6.79 7.52 9.13 10.73 8.98 9.05 9.13 9.20 8.91 7.66 7.74 7.81 7.45 8.91 8.47 9.20 9.42 9.42 9.64 9.78 8.40 6.13 5.77 6.28 5.33 4.67 4.60 4.67 4.09 5.55 5.40 6.57 6.06 5.40 6.13 5.99 5.91 6.94 7.96 7.88 7.96 7.74 7.74 5.69 5.62 6.57 7.37 5.18 5.40 3.87 3.07 3.94 3.14 2.63 2.56 2.56 2.34 1.10 1.39 1.10 1.39 0.37 0.73 0.58 1.31 0.66 0.88 0.88 0.37 0.00 0.00 0.00 0.22 0.37 0.88
4.16 4.16 3.94 6.57 8.10 7.23 8.98 7.15 7.59 7.59 7.88 8.69 8.47 8.98 8.25 7.81 8.40 7.96 8.32 5.04 6.42 7.45 9.05 9.13 8.91 9.05 9.05 8.91 10.15 9.20 7.30 6.94 6.86 5.48 6.13 4.74 6.28 6.86 6.35 8.32 7.15 7.88 7.08 6.79 7.59 6.86 6.86 7.15 8.76 8.03 8.47 8.47 6.35 7.23 6.94 7.37 7.96 8.98 6.35 5.11 4.45 4.53 5.26 5.40 5.04 3.43 2.04 1.10 1.31 1.61 0.37 0.22 0.29 1.17 1.46 0.66 0.66 0.95 0.00 0.00 0.15 0.00 0.00 0.44
3.14 3.14 3.14 4.02 4.45 6.94 8.32 6.35 6.57 7.01 7.74 7.81 8.40 7.37 7.96 7.66 7.23 7.01 5.69 5.62 5.62 6.28 7.23 7.23 8.25 8.25 8.25 7.81 7.74 7.81 7.66 6.94 6.94 7.30 7.37 6.79 6.64 8.61 8.76 8.54 7.88 7.52 7.01 8.03 7.74 6.79 7.23 7.15 6.94 6.86 6.06 6.06 6.28 6.72 7.01 7.01 7.74 9.27 9.64 7.88 6.50 6.13 6.13 6.35 5.40 5.40 5.33 5.91 5.18 3.43 2.34 4.02 4.60 6.20 3.50 6.57 6.57 5.33 3.21 3.94 1.02 0.07 1.53 3.80
3.94 3.94 2.56 3.87 4.82 6.13 6.42 5.91 6.28 6.94 7.45 7.37 4.60 4.96 5.33 4.45 5.04 5.11 5.84 5.04 6.20 7.23 7.37 6.94 7.01 8.03 8.03 8.32 7.59 7.15 6.79 7.01 6.57 7.23 7.23 7.96 7.88 6.94 7.01 5.84 6.20 6.13 7.01 6.86 5.99 5.91 6.79 6.35 6.50 6.28 6.72 6.72 5.91 6.06 6.35 7.45 8.98 8.61 9.64 8.18 8.54 7.30 6.42 5.99 6.28 5.91 6.86 6.20 6.28 4.67 4.45 4.74 4.67 6.06 7.23 6.86 6.86 7.23 5.99 2.77 5.69 5.04 6.13 4.23
3.65 3.65 4.31 5.62 5.33 5.84 5.62 5.84 6.28 6.72 7.08 6.64 4.38 3.36 4.89 5.18 4.74 6.06 6.20 6.86 5.33 6.64 6.13 8.03 8.69 8.32 8.32 8.69 7.96 6.42 5.99 5.18 7.08 6.72 6.72 4.53 5.40 5.48 5.84 5.26 5.33 5.99 6.28 5.77 5.33 5.91 5.55 5.91 6.57 6.72 7.59 7.59 4.82 5.11 4.89 5.62 8.40 8.83 8.83 8.18 7.01 5.99 6.13 6.28 6.64 6.50 7.23 6.94 6.35 6.86 4.60 4.89 5.18 5.04 6.13 7.74 7.74 8.40 9.20 8.61 8.18 7.01 7.37 8.83
3.65 3.65 4.31 5.62 5.33 5.84 5.62 5.84 6.28 6.72 7.08 6.64 4.38 3.36 4.89 5.18 4.74 6.06 6.20 6.86 5.33 6.64 6.13 8.03 8.69 8.32 8.32 8.69 7.96 6.42 5.99 5.18 7.08 6.72 6.72 4.53 5.40 5.48 5.84 5.26 5.33 5.99 6.28 5.77 5.33 5.91 5.55 5.91 6.57 6.72 7.59 7.59 4.82 5.11 4.89 5.62 8.40 8.83 8.83 8.18 7.01 5.99 6.13 6.28 6.64 6.50 7.23 6.94 6.35 6.86 4.60 4.89 5.18 5.04 6.13 7.74 7.74 8.40 9.20 8.61 8.18 7.01 7.37 8.83
4.60 4.60 4.45 5.11 6.13 4.96 5.55 5.18 8.32 8.83 8.40 8.61 6.06 7.37 6.20 5.04 5.55 6.06 5.55 4.89 4.74 6.50 7.74 8.98 9.64 9.42 9.42 8.69 8.98 6.86 5.91 4.74 5.55 4.82 4.23 4.45 5.11 4.89 5.18 5.04 5.18 5.69 6.42 6.57 5.91 5.33 7.23 7.01 8.25 8.83 7.66 7.66 8.18 4.96 5.26 5.33 4.89 5.99 6.72 7.96 7.30 5.77 6.20 5.99 7.01 7.88 8.32 8.18 8.40 7.88 5.91 4.96 5.11 5.04 4.45 5.55 5.55 6.28 8.10 8.83 8.40 9.78 9.78 9.78
4.60 4.60 3.58 4.67 6.20 6.28 6.20 7.08 8.40 8.40 8.18 6.20 5.84 5.62 5.62 5.91 5.62 6.42 6.42 4.67 4.67 5.11 7.59 7.96 7.45 9.42 9.42 8.47 7.96 6.42 6.64 5.33 5.26 4.82 4.53 4.53 4.89 5.33 5.11 5.55 5.11 6.13 6.86 6.86 6.50 6.72 7.45 8.76 8.76 9.20 8.32 8.32 7.01 7.52 5.40 5.18 5.99 5.33 6.20 6.13 5.77 6.20 5.18 6.72 6.42 7.52 8.40 8.25 7.23 7.37 6.42 5.55 4.67 4.96 4.31 4.45 4.45 6.50 4.60 5.99 6.50 8.69 9.49 7.30
4.38 4.38 4.67 4.96 6.35 5.91 5.18 6.28 7.74 7.74 5.99 5.18 4.89 4.02 3.72 4.38 4.16 4.16 3.50 4.53 4.23 4.38 5.77 6.57 6.06 8.03 8.03 8.54 7.81 6.57 5.55 5.33 5.33 4.82 5.48 5.11 5.18 5.48 5.11 0.00 5.18 4.82 4.53 5.40 6.35 6.06 7.52 8.18 7.66 9.27 8.54 8.54 6.86 5.11 5.69 5.18 4.96 5.69 5.40 6.06 4.16 4.02 5.04 5.84 7.59 8.47 8.40 8.54 6.94 5.99 6.28 5.40 5.55 4.53 2.85 2.92 2.92 2.70 3.58 5.33 6.79 5.40 5.84 6.50
3.43 3.43 4.89 3.80 4.09 3.94 4.96 5.62 5.33 5.40 5.48 4.89 5.26 4.89 4.23 2.85 2.92 0.00 0.00 0.00 3.65 0.00 4.74 5.84 5.48 6.72 6.72 6.50 7.52 6.79 5.62 4.96 5.99 5.77 5.84 5.33 4.45 0.00 4.89 0.00 0.00 0.00 0.00 5.11 6.13 5.77 7.88 7.96 7.45 6.86 6.86 6.86 7.08 5.40 4.23 3.50 3.72 4.53 4.53 2.63 2.99 2.63 3.94 4.31 4.09 4.82 5.91 4.45 4.74 3.50 2.92 2.92 3.65 4.23 2.77 2.26 2.26 0.00 3.29 3.58 3.65 3.65 4.60 0.00
1.53 1.53 0.00 0.00 3.21 5.04 3.72 5.26 5.84 5.91 4.96 5.04 4.89 4.89 4.45 4.09 2.56 0.00 0.00 0.00 0.00 0.00 4.23 5.99 6.50 6.50 6.50 6.50 6.50 6.64 6.13 5.62 5.84 5.40 5.55 3.72 3.58 2.85 2.41 2.70 1.90 0.00 2.85 5.48 5.55 4.89 5.62 7.59 7.81 6.72 5.40 5.40 4.82 5.11 4.16 2.48 0.00 0.00 0.00 0.00 0.00 0.00 0.00 0.00 3.58 0.00 4.74 4.09 2.63 2.19 2.12 0.00 2.92 2.34 2.56 0.00 0.00 2.41 2.99 3.21 2.19 2.48 0.00 0.00
0.00 0.00 0.00 0.00 0.00 3.14 4.38 5.69 5.48 5.26 5.33 5.04 4.45 5.11 4.96 4.96 2.77 3.36 0.00 0.00 0.00 0.00 4.38 4.38 5.91 6.79 6.79 5.48 7.59 7.15 7.08 7.15 5.69 0.00 0.00 0.00 0.00 1.31 1.97 1.39 1.10 2.12 2.26 2.63 3.65 3.80 3.72 4.96 6.50 6.86 5.11 5.11 4.53 2.48 2.85 0.00 0.00 0.00 0.00 0.00 0.00 0.00 0.00 0.00 0.00 0.00 0.00 0.00 0.00 0.00 2.99 2.85 0.00 3.58 4.38 3.80 3.80 4.67 4.53 4.02 6.64 5.04 3.29 4.82
0.00 0.00 0.00 0.00 0.00 3.14 4.38 5.69 5.48 5.26 5.33 5.04 4.45 5.11 4.96 4.96 2.77 3.36 0.00 0.00 0.00 0.00 4.38 4.38 5.91 6.79 6.79 5.48 7.59 7.15 7.08 7.15 5.69 0.00 0.00 0.00 0.00 1.31 1.97 1.39 1.10 2.12 2.26 2.63 3.65 3.80 3.72 4.96 6.50 6.86 5.11 5.11 4.53 2.48 2.85 0.00 0.00 0.00 0.00 0.00 0.00 0.00 0.00 0.00 0.00 0.00 0.00 0.00 0.00 0.00 2.99 2.85 0.00 3.58 4.38 3.80 3.80 4.67 4.53 4.02 6.64 5.04 3.29 4.82
0.00 0.00 0.00 0.00 0.00 0.00 5.33 5.48 5.77 5.91 6.06 5.11 4.02 3.87 3.65 2.92 2.41 2.85 2.04 2.26 2.41 3.80 2.56 2.99 4.31 0.00 0.00 3.43 6.64 5.62 4.16 4.89 3.72 0.00 0.00 0.00 0.00 0.00 0.00 0.37 0.58 0.88 0.80 1.31 0.37 2.63 2.70 2.48 4.16 5.26 5.40 5.40 4.96 2.63 0.00 0.00 0.00 0.00 0.00 0.00 0.00 0.00 0.00 0.00 0.00 0.00 0.00 0.00 0.00 2.77 0.00 3.72 4.23 6.20 6.13 6.35 6.35 6.42 10.22 8.98 8.83 11.68 10.59 5.69
