Wansh/Snow_depth/snowdepth-1995/winter/1996009.txt
ncols 321
nrows 161
xllcenter 60
yllcenter 15 
cellsize  0.25 
NODATA_value -1
[rows 74 to 110 of 161, columns 84 to 167 of 321]
0.00 0.00 0.00 0.58 0.00 1.17 0.95 1.39 0.07 0.66 0.15 0.00 4.09 2.92 2.48 5.62 4.67 5.04 5.04 5.62 4.23 4.45 3.43 0.00 4.53 3.94 5.77 3.36 3.87 4.82 4.60 3.80 5.26 5.48 5.84 7.59 11.10 13.14 17.01 15.77 12.48 5.48 2.56 2.56 2.34 0.80 2.12 1.46 1.61 2.70 0.00 0.00 0.00 0.00 2.31 2.04 1.39 0.00 1.61 2.19 1.10 0.00 0.00 0.00 0.00 0.00 0.00 0.00 0.00 0.00 1.47 0.22 0.00 0.00 0.00 0.00 0.00 0.00 0.00 0.00 0.00 0.73 1.17 1.61
0.00 0.00 0.51 0.07 0.44 1.53 1.39 2.26 0.00 0.73 3.21 3.21 4.82 4.74 5.48 4.89 4.82 4.23 4.23 5.33 5.04 5.40 0.00 6.86 6.35 8.32 6.35 5.55 4.45 5.33 0.00 0.00 4.31 4.89 6.13 6.50 10.59 11.68 15.62 10.22 7.74 5.11 4.74 4.74 2.85 2.56 2.70 1.31 2.56 3.87 3.43 2.12 1.53 1.02 2.26 2.19 1.68 0.66 2.19 1.68 1.31 0.95 0.66 1.39 0.00 0.58 0.00 0.00 0.00 0.66 0.88 1.90 1.31 0.00 0.00 0.00 0.00 0.00 0.00 0.00 0.29 0.00 0.07 1.41
1.31 0.07 1.61 0.58 0.22 0.88 3.80 2.48 3.72 4.74 5.33 5.84 5.91 6.57 6.42 5.84 5.62 5.04 5.04 5.26 4.45 4.38 0.00 6.42 6.57 8.61 9.05 5.99 5.48 4.89 5.11 4.53 3.65 4.60 5.11 3.87 5.62 6.64 7.37 6.13 4.67 5.84 5.62 5.62 4.74 2.34 3.58 4.16 4.74 5.11 3.07 3.50 2.99 1.75 0.73 0.95 1.53 1.53 1.39 0.88 2.56 1.75 1.75 0.88 1.10 0.00 0.00 1.53 1.53 1.31 2.99 3.07 2.56 0.07 0.00 0.00 0.00 0.00 0.00 0.00 0.00 0.00 0.00 0.38
0.00 2.92 0.29 1.39 0.73 2.12 0.00 4.31 5.04 5.11 6.06 6.13 6.06 6.64 6.50 5.40 5.62 4.38 4.38 4.67 4.16 4.60 5.33 5.55 6.20 7.52 7.01 4.38 0.00 4.74 4.16 0.00 3.87 0.00 4.16 0.00 2.85 5.18 5.33 5.04 4.82 6.13 6.64 6.64 5.77 4.45 4.96 4.38 4.23 4.09 4.89 4.09 3.43 3.21 4.38 3.58 2.70 2.63 1.46 2.34 2.41 1.61 1.02 2.19 1.97 1.61 1.02 4.09 4.09 3.80 3.07 3.87 2.41 1.17 0.66 0.00 0.00 0.58 0.00 0.00 0.00 0.00 0.44 0.00
4.45 3.50 2.12 2.63 0.66 3.36 0.00 4.16 4.74 6.13 5.69 5.40 6.94 6.42 6.20 5.55 6.06 6.06 6.06 4.74 4.53 5.62 5.99 5.55 5.91 4.67 4.67 0.00 0.00 0.00 0.00 3.87 3.50 0.00 0.00 0.00 0.00 0.00 2.70 3.94 4.74 5.40 5.40 5.40 0.00 0.00 4.31 0.00 3.87 3.94 4.31 4.53 4.45 4.02 4.23 3.80 2.92 2.56 2.12 1.90 2.85 2.19 2.99 2.12 1.68 4.31 3.07 6.13 6.13 5.84 4.74 2.04 2.26 0.44 0.51 0.37 0.00 0.00 0.00 0.00 0.00 0.00 0.81 0.07
5.33 5.48 4.38 4.45 3.36 0.00 3.43 3.72 4.38 4.60 5.40 5.26 6.35 4.89 6.28 5.77 6.35 5.77 5.77 5.40 5.62 5.84 5.77 5.26 5.48 4.67 4.96 5.91 5.26 0.00 4.45 3.72 0.00 0.00 2.19 0.00 0.00 0.00 0.00 0.00 0.00 0.00 0.00 0.00 0.00 0.00 0.00 0.00 0.00 4.38 0.00 0.00 4.23 0.00 0.00 3.14 2.92 2.12 1.97 2.41 2.77 2.92 2.70 3.14 5.26 5.40 5.48 7.15 7.15 6.86 3.72 2.77 3.14 4.45 1.61 2.41 0.22 0.58 0.00 0.00 0.00 0.00 0.73 0.59
0.00 0.00 0.00 3.94 3.80 3.29 3.87 4.09 4.53 5.40 5.40 5.48 4.31 4.38 4.96 6.13 5.84 5.26 5.26 5.77 4.82 4.74 3.72 3.65 4.02 3.94 4.23 5.55 5.99 3.65 4.74 0.00 0.00 0.00 0.00 0.00 0.00 0.00 0.00 0.00 0.00 3.36 3.29 3.29 0.00 0.00 0.00 3.36 0.00 0.00 0.00 0.00 0.00 0.00 0.00 0.00 2.26 1.97 1.97 2.56 2.99 3.43 2.85 3.14 3.94 0.00 0.00 5.18 5.18 6.06 5.48 5.99 12.34 7.88 5.77 5.36 1.12 0.99 0.66 0.00 0.15 0.51 0.37 0.15
0.00 0.00 0.00 0.00 0.00 3.58 3.36 0.00 3.29 5.33 5.55 4.60 4.67 5.04 4.67 5.18 5.40 4.82 4.82 3.94 0.00 4.53 1.90 3.72 3.21 3.65 3.43 3.65 4.53 0.00 0.00 0.00 0.00 0.00 0.00 0.00 0.00 0.00 0.00 0.00 2.92 3.72 0.00 0.00 0.00 0.00 0.00 4.09 0.00 0.00 0.00 0.00 0.00 0.00 0.00 1.39 2.48 2.34 3.36 3.14 2.48 5.55 4.96 2.92 1.75 2.70 0.00 3.21 3.21 4.09 5.84 9.71 13.65 14.60 9.13 7.92 2.06 2.14 0.83 0.45 0.00 0.00 0.22 1.53
1.24 0.00 1.97 0.00 3.36 0.00 0.00 0.00 2.70 4.96 5.55 4.89 4.67 5.26 5.04 4.82 4.67 4.38 4.38 3.50 3.29 0.00 0.00 0.00 0.00 0.00 2.85 2.48 0.00 0.00 0.00 0.00 0.00 0.00 0.00 0.00 0.00 0.00 0.00 0.00 0.00 0.00 0.00 0.00 0.00 4.82 4.45 4.74 0.00 0.00 0.00 0.00 1.97 2.12 1.46 2.34 2.92 2.41 4.02 5.04 3.50 4.60 5.11 3.21 9.42 7.88 4.96 3.14 3.14 6.13 5.33 8.54 11.46 15.33 15.48 11.10 3.36 3.72 1.75 1.03 0.07 0.00 0.44 0.88
2.85 2.63 2.19 2.48 0.00 0.00 0.00 3.58 3.65 4.02 4.96 4.96 4.96 5.04 5.11 5.48 4.16 3.65 3.65 0.00 2.92 2.70 0.00 2.99 0.00 0.00 0.00 0.00 0.00 0.00 0.00 0.00 0.00 0.00 0.00 0.00 0.00 0.00 0.00 1.90 0.00 0.00 0.00 0.00 4.45 0.00 4.82 4.31 5.40 3.43 3.50 2.48 2.70 2.26 2.19 5.62 4.02 3.50 5.18 4.82 6.57 8.54 9.27 8.91 13.94 11.61 10.07 6.64 6.64 6.28 6.42 9.42 14.53 13.07 12.26 13.36 4.45 5.40 1.61 2.48 1.39 1.53 1.68 0.51
2.56 2.99 2.41 2.34 2.34 0.00 3.87 3.21 4.16 4.45 3.80 3.43 3.58 3.80 4.09 3.87 4.67 3.43 3.43 0.00 3.65 3.14 0.00 0.00 0.00 0.00 0.00 0.00 0.00 0.00 0.00 0.00 0.00 0.00 0.00 0.00 0.00 2.56 1.97 2.26 0.00 0.00 0.00 0.00 0.00 0.00 0.00 0.00 4.82 4.45 5.33 6.64 6.64 6.13 4.16 9.34 9.13 5.91 7.23 5.77 10.15 12.41 13.36 14.97 15.48 16.28 15.77 12.56 12.56 7.88 8.03 10.44 11.17 11.32 12.12 7.66 5.91 3.36 4.82 5.18 2.70 2.26 3.72 0.95
2.92 1.46 1.75 1.53 2.34 0.00 0.00 3.65 4.96 4.02 3.72 0.00 3.80 2.92 0.00 3.87 4.09 4.89 4.89 0.00 4.38 4.09 3.72 0.00 0.00 0.00 0.00 2.56 0.00 0.00 0.00 5.04 3.72 3.36 0.00 0.00 0.00 3.58 2.99 0.00 3.21 0.00 0.00 0.00 0.00 2.92 0.00 4.96 3.58 5.11 7.30 7.23 7.59 8.18 12.99 12.70 12.99 9.20 7.01 13.21 12.69 14.82 15.28 14.89 23.07 23.29 29.13 21.75 21.75 18.54 28.32 16.06 10.37 12.85 8.69 7.30 6.57 8.47 6.64 7.88 5.55 5.77 1.61 0.29
1.39 2.34 2.04 1.75 1.46 2.41 2.99 3.94 3.50 3.36 2.99 3.21 0.00 0.00 2.92 0.00 5.48 5.33 5.33 4.31 5.91 4.89 0.00 5.26 4.74 3.87 5.11 5.04 4.96 0.00 0.00 4.82 3.87 5.18 5.26 0.00 4.45 6.72 5.99 5.77 5.62 6.72 5.11 5.11 4.38 4.02 4.82 4.38 5.18 5.99 5.33 5.84 7.74 8.03 13.58 14.89 16.72 19.49 18.32 16.28 17.37 23.51 23.17 23.80 24.82 29.64 24.31 26.57 26.57 31.68 28.84 29.13 20.15 22.27 13.07 11.90 8.10 10.29 10.44 10.66 8.83 10.59 4.60 1.75
1.61 1.97 2.12 2.41 2.70 0.00 3.21 3.36 3.58 0.00 2.70 2.77 5.69 5.11 4.53 4.60 6.13 6.35 6.35 6.06 6.64 6.28 5.91 5.62 4.45 3.80 6.20 6.28 5.91 5.33 0.00 5.62 5.84 5.77 4.74 5.62 5.91 6.28 7.74 7.74 7.37 6.86 7.74 7.74 5.48 5.77 5.77 4.38 3.87 4.53 4.67 5.62 6.79 7.45 10.29 14.16 14.38 18.25 21.46 22.85 23.07 24.31 20.15 19.42 22.16 23.29 21.97 21.24 21.24 24.31 26.13 27.16 21.61 15.04 13.43 11.02 11.75 11.53 10.88 11.02 12.85 13.51 7.88 4.31
0.88 1.39 2.19 3.07 0.00 0.00 0.00 0.00 0.00 0.00 0.00 3.58 6.35 6.28 6.86 5.11 6.64 6.28 6.28 5.99 6.20 4.38 3.94 4.45 4.96 4.09 5.04 4.82 4.74 5.11 5.33 5.84 5.69 6.28 5.40 5.40 5.33 6.50 5.91 5.99 7.01 6.64 10.37 10.37 9.56 7.15 7.59 4.82 4.31 4.74 4.67 4.96 6.06 7.81 9.64 11.90 17.59 16.57 21.32 22.34 21.68 21.90 16.94 18.03 18.14 20.78 20.00 19.42 19.42 16.64 21.24 23.36 18.10 17.30 14.97 13.36 12.85 12.34 12.56 13.80 13.14 8.98 4.82 3.21
2.12 1.61 1.24 0.00 0.00 0.00 0.00 0.00 0.00 0.00 4.02 5.55 5.18 6.28 6.06 5.91 4.89 5.26 5.26 4.09 5.40 0.00 3.07 3.58 3.65 3.29 3.50 0.00 0.00 4.67 6.06 6.79 5.99 5.40 6.86 5.33 6.79 6.28 6.94 7.37 7.52 7.74 10.80 10.80 10.66 10.44 10.29 3.94 10.51 9.49 6.94 5.77 5.26 11.32 12.12 17.23 18.03 19.56 17.79 15.34 15.70 18.83 14.30 16.21 18.97 22.28 20.36 18.40 18.40 15.48 16.86 18.91 16.28 16.72 14.53 13.87 12.99 14.16 13.94 13.91 14.15 10.08 6.02 5.06
1.31 1.31 0.66 1.24 0.58 0.00 0.00 1.31 0.00 0.00 0.00 0.00 0.00 0.00 0.00 0.00 0.00 0.00 0.00 0.00 0.00 0.00 0.00 2.70 3.07 3.94 0.00 0.00 0.00 0.00 5.40 6.13 6.13 7.01 7.59 7.01 8.40 8.10 10.59 8.91 8.47 9.34 8.69 8.69 8.98 12.12 12.85 7.59 12.48 10.80 9.93 8.83 18.32 17.96 26.72 25.70 20.88 22.05 16.13 12.12 10.99 10.59 14.97 17.96 15.62 17.89 20.10 18.96 18.37 15.33 14.82 16.64 13.80 14.75 13.58 13.65 11.46 12.99 12.77 12.99 10.73 12.76 8.71 7.34
1.02 0.37 0.88 1.31 1.17 0.88 1.24 1.83 1.02 1.61 0.00 0.00 0.00 0.00 0.00 0.00 0.00 0.00 0.00 0.00 0.00 0.00 0.00 3.14 0.00 3.36 4.31 0.00 0.00 0.00 3.80 6.28 7.88 10.37 8.25 11.61 11.10 10.80 12.99 11.68 10.88 8.10 8.61 8.61 10.73 10.37 13.07 11.68 11.83 12.41 12.85 20.29 24.67 24.53 27.74 28.76 24.31 26.86 15.41 14.53 11.39 10.15 12.22 14.14 13.00 16.16 17.16 17.23 17.31 16.83 13.72 13.65 13.36 12.85 13.65 9.42 10.07 11.61 10.93 13.19 12.51 14.16 11.27 10.70
1.24 0.80 0.73 1.31 0.73 1.83 2.12 0.00 1.68 0.29 0.95 0.66 0.00 0.00 0.00 0.00 0.00 0.00 0.00 0.58 0.00 0.00 0.00 0.00 4.60 4.45 4.67 4.23 0.00 0.00 2.92 4.67 8.10 9.78 14.02 13.72 12.92 12.05 13.87 13.58 6.28 7.59 8.47 8.47 8.25 9.56 10.44 8.40 9.71 11.68 14.31 16.79 21.39 25.77 27.67 28.18 28.11 26.35 20.66 15.20 15.41 14.06 9.81 11.71 12.56 15.47 16.92 12.19 12.19 12.92 12.81 15.82 16.95 15.34 12.03 11.58 13.87 12.08 14.30 14.00 17.20 16.48 12.09 14.87
1.02 1.10 0.66 0.22 1.39 1.46 2.85 0.00 0.00 0.00 0.00 0.58 0.00 0.00 0.00 0.73 0.00 0.22 0.22 0.00 0.00 0.00 0.00 4.09 0.00 4.45 4.60 0.00 0.00 0.00 2.04 4.53 6.13 9.78 10.88 11.97 12.48 8.10 8.76 8.69 2.48 5.11 7.52 7.52 4.09 4.96 9.78 8.03 12.05 14.60 15.77 13.65 16.79 21.97 25.84 29.57 30.02 27.30 25.55 24.75 23.00 18.57 14.77 9.91 16.17 15.87 13.13 10.88 10.88 10.62 10.54 15.66 14.01 17.24 14.97 14.89 17.52 14.38 14.60 14.90 18.04 20.13 17.18 14.03
2.04 0.73 1.17 1.24 2.19 1.97 1.97 0.00 0.00 1.90 0.00 0.00 0.00 0.00 0.00 0.73 1.10 0.00 0.00 1.02 1.61 1.83 0.00 0.00 0.00 0.00 3.80 0.00 0.00 0.00 0.00 0.00 5.18 7.88 8.25 9.20 6.57 3.21 2.48 0.00 0.00 0.00 3.65 3.65 2.48 1.83 5.91 8.91 11.24 12.56 12.41 15.11 16.83 20.77 23.39 26.38 23.41 28.47 27.67 26.79 20.44 19.08 14.37 11.13 11.77 14.68 12.51 10.37 10.42 9.32 9.76 13.55 10.41 15.91 18.00 18.69 19.89 15.66 13.35 14.45 16.75 19.86 17.52 13.40
2.19 2.12 2.41 0.66 4.38 2.99 2.92 0.00 2.56 0.00 0.00 0.00 0.00 0.00 0.07 0.00 0.00 0.00 0.00 0.00 0.00 2.99 0.00 0.00 0.00 0.00 1.75 0.00 0.00 0.29 0.00 0.00 0.00 4.31 5.91 3.87 0.00 0.00 0.00 0.00 0.00 0.00 0.00 0.00 1.61 3.29 6.79 7.88 11.17 13.58 17.59 17.52 18.03 17.43 20.33 22.65 18.39 25.09 26.31 22.34 17.83 15.85 9.39 6.91 8.41 12.05 8.61 7.48 7.48 7.52 6.16 8.27 5.64 11.66 20.40 20.10 18.92 17.63 11.38 13.41 13.67 16.42 20.50 14.36
1.02 3.50 3.21 9.78 8.91 5.55 7.74 3.29 5.48 2.56 0.00 0.00 0.00 0.00 0.00 1.31 0.00 0.00 0.00 0.00 0.00 0.00 2.77 0.00 0.00 0.00 1.31 1.46 0.00 0.00 0.00 0.00 0.00 0.00 2.04 0.00 0.00 0.00 0.00 0.00 0.00 0.00 5.48 5.48 4.74 4.60 6.28 8.40 10.37 13.29 16.64 16.94 16.06 17.53 18.25 19.06 14.00 24.08 19.57 22.14 12.55 10.72 8.58 7.42 5.91 8.66 5.32 4.89 4.82 3.04 4.61 5.86 11.70 14.44 17.96 12.91 11.64 9.68 10.44 10.77 9.48 12.19 21.73 15.82
2.41 0.00 10.51 13.87 13.14 9.20 13.36 7.52 4.09 5.04 3.65 0.73 0.00 0.29 0.95 0.44 0.00 0.00 0.00 0.00 2.26 0.00 0.00 0.00 1.24 1.46 1.31 2.34 2.19 0.73 0.00 0.58 0.00 0.00 0.00 0.00 0.58 0.00 0.00 0.00 5.48 5.55 8.18 8.18 8.47 7.37 5.48 6.50 8.76 13.03 15.58 16.60 18.27 19.09 16.92 16.07 13.72 15.40 18.87 8.71 9.24 9.68 8.10 6.86 5.71 4.21 4.08 2.94 2.86 1.90 2.85 4.51 9.51 11.91 13.65 9.20 8.64 6.21 7.60 7.45 9.47 14.68 8.76 7.57
7.45 11.39 19.13 22.19 23.80 26.50 20.29 16.72 12.63 9.93 2.26 1.17 1.31 0.73 1.17 0.37 1.39 2.12 2.12 1.31 1.46 0.00 0.00 0.73 1.46 2.19 1.90 1.75 1.61 1.61 1.53 1.24 1.53 1.97 1.83 1.39 2.99 0.00 3.94 3.21 3.58 5.40 3.43 3.43 5.55 5.26 5.33 7.59 10.80 10.22 13.47 15.86 12.37 12.49 11.27 9.44 13.39 12.82 12.97 13.43 11.59 9.83 13.11 11.06 5.84 4.84 3.77 1.87 1.84 1.10 1.02 1.59 3.73 5.19 9.51 7.52 4.39 2.89 3.75 2.14 1.17 4.87 4.77 6.96
13.07 15.04 15.62 18.61 20.22 27.38 22.78 15.33 15.04 0.00 1.46 1.61 1.46 2.12 2.77 1.83 1.61 2.56 2.56 1.10 1.10 1.02 0.00 1.10 2.04 0.22 0.37 1.53 1.61 1.46 1.46 2.48 1.39 2.41 2.48 6.42 5.26 4.67 4.02 0.37 0.44 1.02 4.23 4.23 2.99 4.45 5.18 6.35 8.73 6.92 9.26 10.40 7.77 8.48 10.06 8.01 9.64 11.92 9.33 13.57 14.67 18.23 14.60 9.71 5.55 5.33 3.08 1.85 1.83 1.10 0.29 0.72 2.11 8.47 6.91 7.01 4.42 1.95 1.06 0.37 0.53 2.23 2.23 5.25
14.97 14.53 12.92 14.38 10.22 17.74 21.53 10.88 4.31 3.07 2.04 1.39 2.41 2.85 3.58 3.29 2.56 2.19 2.19 1.90 1.17 0.73 1.39 1.31 0.73 0.00 0.00 0.00 1.61 1.39 1.31 1.10 1.39 2.12 3.94 5.26 5.69 4.02 0.29 0.00 0.15 0.44 1.97 1.97 2.12 3.07 3.14 3.32 6.73 6.42 7.51 8.93 8.56 8.14 8.73 6.72 8.34 9.36 8.17 11.25 18.45 17.28 15.33 10.29 5.99 7.82 3.87 1.10 1.22 0.64 0.30 0.97 3.47 7.22 6.89 3.61 1.90 0.07 0.15 0.16 1.22 3.03 5.02 4.27
13.29 5.18 3.43 6.28 3.87 9.93 15.11 11.23 4.82 3.72 2.19 0.00 2.19 1.90 3.50 3.94 3.72 2.70 2.70 2.92 2.92 2.26 1.24 1.17 0.15 0.00 0.00 0.07 0.80 1.75 0.51 1.17 0.51 4.16 2.04 2.85 3.29 2.34 0.07 0.00 0.00 0.00 0.95 0.95 1.61 2.41 2.99 3.89 6.13 6.59 7.22 9.00 9.77 9.83 7.26 5.75 6.14 7.09 11.45 13.45 19.07 16.54 16.43 14.60 9.56 5.02 6.90 3.77 3.63 1.33 1.18 0.00 2.25 5.61 2.90 3.97 1.93 0.38 0.85 0.62 0.49 2.92 7.65 5.56
0.00 0.00 0.00 0.00 5.99 5.26 12.05 10.80 7.45 5.55 4.67 3.80 3.14 1.97 5.69 6.13 8.76 3.72 3.72 2.77 1.68 1.39 1.31 0.44 0.66 0.00 0.00 0.07 0.66 1.02 0.00 0.44 0.29 0.95 0.37 1.31 1.31 0.00 0.00 0.00 0.00 0.00 0.00 0.00 1.90 2.63 3.94 5.26 4.89 6.42 6.67 7.95 6.56 6.96 5.84 5.03 5.17 8.36 10.87 14.78 13.47 13.83 16.00 19.28 12.40 8.65 10.58 5.61 5.64 3.50 2.33 0.40 0.71 3.88 1.28 2.24 1.86 0.88 0.00 0.64 2.30 5.02 7.84 6.65
0.00 0.00 0.00 0.00 6.86 6.28 8.03 8.69 8.47 8.40 9.27 8.10 6.35 4.67 12.70 10.51 16.50 8.76 8.76 4.02 2.56 1.97 0.29 0.80 0.00 0.00 0.00 0.07 0.07 0.00 0.00 0.00 0.15 0.00 0.00 0.44 0.44 0.00 0.00 0.00 0.00 0.00 0.22 0.22 0.22 1.31 2.71 1.24 2.67 4.29 8.07 6.47 6.93 7.74 5.97 5.94 7.12 10.67 10.80 10.25 14.24 17.52 18.55 13.77 13.78 13.16 12.45 8.95 10.47 4.28 4.29 1.34 1.35 1.32 0.82 2.17 1.54 1.46 0.08 0.64 2.09 5.07 6.16 6.57
0.00 0.00 0.00 0.00 0.00 6.86 4.67 8.76 9.27 9.42 9.86 9.71 10.51 19.49 21.53 18.69 23.00 14.67 14.67 8.32 13.21 8.10 4.23 0.00 0.37 0.88 0.00 0.95 0.66 0.00 0.00 0.00 0.00 0.00 0.15 0.22 0.88 0.00 0.00 0.00 0.00 0.00 0.00 0.00 0.00 0.44 0.88 1.90 1.51 2.18 3.03 6.64 5.84 5.14 8.17 5.25 10.02 0.00 8.83 14.46 11.10 13.55 16.16 14.88 14.26 16.26 14.05 10.09 11.29 6.97 5.73 2.83 0.97 0.44 1.03 1.50 1.08 0.73 0.24 0.00 1.16 5.30 5.51 6.15
0.00 0.00 0.00 0.00 0.00 0.00 0.00 4.16 8.40 11.10 6.13 14.02 17.74 14.60 20.29 24.23 22.49 21.02 21.02 14.75 23.21 17.23 9.13 3.80 2.12 1.39 0.80 4.31 6.35 0.37 0.44 0.88 0.00 1.75 1.83 0.88 0.80 0.00 0.00 0.22 0.00 0.00 1.46 1.46 0.58 0.00 0.00 0.15 3.90 5.27 8.18 6.80 7.21 0.00 0.00 0.00 0.00 0.00 0.00 0.00 10.56 11.99 11.71 17.26 13.67 15.64 14.70 6.50 6.64 6.56 3.75 3.14 1.58 1.01 0.52 1.71 2.04 0.00 0.00 0.38 3.42 5.52 5.07 0.00
0.00 0.00 0.00 0.00 0.00 0.00 0.00 3.36 7.59 7.08 6.86 13.94 14.16 8.32 12.92 21.94 18.47 20.33 18.96 19.42 24.75 22.27 4.89 2.04 5.26 6.79 6.79 12.26 4.67 6.86 3.29 1.31 1.31 11.83 7.08 4.16 0.51 0.00 0.00 0.00 3.94 2.12 5.04 5.04 1.46 0.00 0.59 3.40 5.81 9.80 6.80 8.27 7.89 5.15 0.00 0.00 0.00 0.00 0.00 0.00 0.00 10.22 9.86 7.73 15.31 19.40 12.75 10.23 12.50 8.31 5.46 6.17 2.61 0.75 1.30 2.02 1.76 0.09 0.00 0.00 1.43 2.79 0.00 4.43
0.00 0.00 0.00 0.00 0.00 0.00 0.00 0.00 0.00 0.00 0.00 0.00 0.00 0.00 4.89 0.00 4.45 13.91 14.13 21.53 12.99 16.21 12.26 8.32 20.08 24.02 21.46 21.97 17.01 20.88 24.89 16.94 25.62 29.20 21.53 12.26 14.24 12.85 9.93 9.68 13.92 11.87 8.03 8.03 15.62 12.05 8.69 5.94 3.86 5.44 0.00 0.00 0.00 0.00 0.00 0.00 0.00 0.00 0.00 0.00 0.00 0.00 0.00 8.60 15.19 9.43 7.93 9.54 10.66 7.93 9.57 5.86 6.11 3.87 1.77 0.71 3.02 1.55 0.83 0.00 0.00 0.00 0.00 0.00
0.00 0.00 0.00 0.00 0.00 0.00 0.00 0.00 0.00 0.00 0.00 0.00 0.00 0.00 0.00 0.00 0.00 5.77 5.77 16.57 11.37 8.25 14.16 15.70 15.33 19.96 14.67 20.95 20.59 27.16 25.04 29.71 32.34 19.56 15.62 13.51 12.26 16.28 16.13 10.29 16.45 12.04 16.06 17.94 16.43 16.28 6.35 4.12 4.38 3.41 0.00 0.00 0.00 0.00 0.00 0.00 0.00 0.00 0.00 0.00 0.00 0.00 0.00 0.00 13.59 0.00 0.00 5.77 5.77 0.00 5.90 6.64 3.25 1.77 1.91 1.02 0.35 0.71 0.00 0.00 0.00 0.00 0.00 0.00
0.00 0.00 0.00 0.00 0.00 0.00 0.00 0.00 0.00 0.00 0.00 0.00 0.00 0.00 0.00 0.00 0.00 0.00 0.00 0.00 0.00 0.00 7.30 4.53 9.34 10.64 18.10 12.70 19.64 16.64 21.24 26.65 28.68 12.34 11.24 11.95 7.08 8.98 11.02 5.55 6.56 4.16 9.76 12.39 19.09 12.06 6.54 3.44 1.00 0.00 0.00 0.00 0.00 0.00 0.00 0.00 0.00 0.00 0.00 0.00 0.00 0.00 0.00 0.00 0.00 0.00 0.00 0.00 0.00 0.00 0.00 0.00 0.00 0.00 1.34 1.75 0.78 0.00 0.00 0.00 0.00 0.00 0.00 0.00
0.00 0.00 0.00 0.00 0.00 0.00 0.00 0.00 0.00 0.00 0.00 0.00 0.00 0.00 0.00 0.00 0.00 0.00 0.00 0.00 0.00 0.00 5.18 0.00 0.00 6.20 6.86 8.47 2.85 7.30 12.41 17.01 12.47 5.04 5.04 6.69 0.00 3.50 0.00 0.00 0.00 0.00 0.00 0.00 8.50 8.54 10.95 0.00 0.00 0.00 0.00 0.00 0.00 0.00 0.00 0.00 0.00 0.00 0.00 0.00 0.00 0.00 0.00 0.00 0.00 0.00 0.00 0.00 0.00 0.00 0.00 0.00 0.00 0.00 0.00 0.26 0.28 0.00 0.00 0.00 0.00 0.00 0.00 0.00
