Wansh/Snow_depth/snowdepth-1995/winter/1996047.txt
ncols 321
nrows 161
xllcenter 60
yllcenter 15 
cellsize  0.25 
NODATA_value -1
[rows 0 to 36 of 161, columns 0 to 83 of 321]
20.51 20.51 20.51 20.51 21.02 19.86 20.22 20.22 21.17 22.27 21.39 20.51 20.81 20.22 20.22 20.15 19.27 18.47 18.25 18.76 16.21 18.40 18.69 13.43 12.48 13.80 13.80 10.59 10.59 10.80 12.12 12.63 12.48 13.87 14.82 14.89 14.82 14.67 16.06 18.61 18.18 18.83 18.32 18.61 16.86 17.01 19.05 17.96 18.25 16.35 16.79 16.79 13.87 13.58 14.02 12.12 12.56 11.24 9.86 10.00 10.15 9.34 9.64 8.61 8.83 8.83 7.66 9.78 6.86 6.50 8.10 8.10 10.29 10.88 11.02 12.78 12.78 12.56 13.36 13.43 13.65 13.21 14.16 15.33
18.76 18.76 19.64 19.56 19.20 19.78 20.51 20.59 19.78 20.29 20.15 19.86 17.16 14.02 13.87 15.33 14.82 17.30 15.11 13.87 14.82 10.22 9.64 10.15 11.17 11.32 11.32 11.24 11.61 13.29 12.85 13.29 13.43 13.65 14.09 15.26 14.89 16.35 16.13 17.74 16.43 16.43 14.31 15.48 15.77 14.60 14.24 13.94 13.87 15.99 12.99 12.99 9.93 10.66 8.61 8.32 7.96 6.72 9.56 9.05 8.91 8.98 8.18 8.18 8.47 7.66 8.10 7.30 6.13 6.28 7.23 10.29 9.64 10.88 13.29 14.09 14.09 14.02 13.87 14.09 13.87 14.89 15.48 15.77
19.13 19.13 17.52 19.49 19.05 18.76 18.76 19.49 19.42 14.82 13.29 13.94 11.61 12.78 13.14 12.48 11.97 12.70 11.83 7.81 8.91 9.34 10.29 11.83 11.53 12.63 12.63 13.36 13.21 14.45 14.67 14.75 14.53 13.94 13.87 14.09 15.40 15.33 14.38 14.67 15.33 13.51 13.65 12.70 10.88 13.43 12.26 12.05 13.29 11.39 11.97 11.97 7.23 5.91 6.72 6.94 7.23 5.84 5.26 5.18 6.64 8.69 8.32 9.34 9.86 9.64 10.44 11.24 10.15 10.59 11.75 10.51 12.12 13.07 12.70 13.94 13.94 14.67 14.16 14.31 14.53 14.97 14.67 15.77
19.13 19.13 17.52 19.49 19.05 18.76 18.76 19.49 19.42 14.82 13.29 13.94 11.61 12.78 13.14 12.48 11.97 12.70 11.83 7.81 8.91 9.34 10.29 11.83 11.53 12.63 12.63 13.36 13.21 14.45 14.67 14.75 14.53 13.94 13.87 14.09 15.40 15.33 14.38 14.67 15.33 13.51 13.65 12.70 10.88 13.43 12.26 12.05 13.29 11.39 11.97 11.97 7.23 5.91 6.72 6.94 7.23 5.84 5.26 5.18 6.64 8.69 8.32 9.34 9.86 9.64 10.44 11.24 10.15 10.59 11.75 10.51 12.12 13.07 12.70 13.94 13.94 14.67 14.16 14.31 14.53 14.97 14.67 15.77
17.30 17.30 18.69 18.10 18.25 18.25 18.47 15.70 16.35 13.14 11.75 12.48 10.66 11.97 10.95 11.32 10.66 8.98 7.96 8.10 8.40 10.29 9.56 12.26 14.02 13.72 13.72 14.24 15.04 14.97 14.31 14.53 14.38 14.09 13.07 13.29 10.66 12.26 12.70 10.51 9.56 9.27 11.75 12.05 9.86 10.07 9.42 10.80 11.39 12.12 8.03 8.03 8.98 6.35 7.96 8.25 6.64 7.23 5.77 8.76 9.42 7.96 10.80 10.44 11.17 12.19 14.31 12.85 14.16 13.36 12.12 13.94 13.43 13.29 14.45 14.97 14.97 14.82 15.11 16.06 15.11 14.82 14.82 15.11
18.61 18.61 17.96 18.61 19.20 18.69 16.50 14.24 15.40 11.46 10.88 10.80 10.95 11.61 10.51 10.51 10.73 10.29 9.93 8.47 8.25 10.29 12.05 11.32 14.09 14.09 14.09 13.80 14.09 12.63 12.41 14.67 15.40 15.40 14.38 10.15 10.44 9.20 9.34 9.56 8.61 7.08 6.86 8.69 9.27 9.27 9.93 9.71 10.88 11.24 11.24 11.24 9.56 9.27 8.98 7.66 7.88 8.10 10.95 10.51 10.88 12.92 12.26 14.53 14.89 14.89 14.60 14.53 14.53 14.45 13.87 14.09 13.87 13.51 14.24 15.18 15.18 15.55 16.13 15.40 16.21 16.21 15.55 13.87
18.69 18.69 18.03 17.74 17.89 17.16 12.78 10.95 10.80 11.32 10.59 9.42 9.86 10.07 10.15 11.32 12.70 11.32 11.10 12.92 11.17 10.59 12.99 13.94 13.80 14.16 14.16 12.26 12.99 12.05 14.60 13.29 14.75 14.67 15.26 12.70 9.49 9.71 9.93 10.37 10.44 7.08 9.13 8.54 9.93 9.49 9.78 9.86 9.71 10.80 9.64 9.64 10.29 8.54 10.07 9.56 11.61 13.65 12.48 14.89 14.31 13.72 15.55 15.04 15.84 13.94 14.02 13.58 13.58 12.26 12.26 12.34 12.12 12.99 13.07 13.36 13.36 12.63 14.60 14.24 15.70 15.18 15.48 13.87
18.69 18.69 18.03 17.74 17.89 17.16 12.78 10.95 10.80 11.32 10.59 9.42 9.86 10.07 10.15 11.32 12.70 11.32 11.10 12.92 11.17 10.59 12.99 13.94 13.80 14.16 14.16 12.26 12.99 12.05 14.60 13.29 14.75 14.67 15.26 12.70 9.49 9.71 9.93 10.37 10.44 7.08 9.13 8.54 9.93 9.49 9.78 9.86 9.71 10.80 9.64 9.64 10.29 8.54 10.07 9.56 11.61 13.65 12.48 14.89 14.31 13.72 15.55 15.04 15.84 13.94 14.02 13.58 13.58 12.26 12.26 12.34 12.12 12.99 13.07 13.36 13.36 12.63 14.60 14.24 15.70 15.18 15.48 13.87
14.09 14.09 13.07 9.27 8.83 9.13 9.05 9.78 8.10 8.47 8.76 8.83 8.10 10.88 12.78 12.26 13.65 16.43 14.45 14.45 13.51 13.14 12.99 14.16 14.45 14.09 14.09 13.14 10.51 10.66 11.68 13.29 14.02 13.80 13.43 13.65 12.41 12.26 11.10 11.46 10.95 11.61 11.83 11.39 10.44 10.44 10.07 10.07 10.88 10.66 10.66 10.66 9.64 8.54 9.78 11.68 11.39 12.26 13.94 13.58 13.94 15.11 14.97 15.04 13.51 13.80 13.43 12.92 12.12 12.34 11.39 9.42 8.40 8.47 9.34 10.73 10.73 8.69 7.81 8.91 13.29 11.17 13.87 13.72
7.88 7.88 7.88 8.10 7.52 7.74 7.96 7.74 7.96 7.59 8.03 9.20 12.19 11.24 14.02 16.28 16.28 16.86 11.83 12.41 12.78 10.15 10.51 10.59 12.34 11.46 11.46 11.75 11.68 12.70 12.48 12.70 13.80 14.60 14.60 12.56 12.34 12.19 13.51 13.29 13.07 13.07 13.21 12.12 11.61 11.61 10.95 10.73 10.51 11.97 10.95 10.95 11.39 8.69 8.91 8.69 9.56 8.91 8.91 10.15 11.46 14.02 11.90 12.19 12.19 12.41 11.39 10.66 11.97 10.59 9.49 9.49 8.91 8.54 8.61 8.69 8.69 8.91 7.96 7.74 9.20 10.44 12.34 12.63
5.26 5.26 5.62 7.08 6.72 7.59 7.23 7.45 7.08 8.25 7.74 9.20 9.64 11.61 10.95 15.04 11.10 10.66 11.24 9.20 8.83 9.27 9.64 9.86 9.27 11.53 11.53 13.29 12.63 13.51 12.78 14.38 13.94 14.45 13.43 14.09 12.99 13.51 13.58 13.14 13.43 13.43 11.61 11.75 11.90 11.83 12.19 11.24 10.22 10.00 11.24 11.24 8.69 9.20 8.47 9.56 9.20 9.64 9.27 9.05 9.56 10.29 11.02 10.80 11.53 10.37 10.59 10.22 7.74 7.81 7.59 8.03 8.76 8.54 8.25 8.32 8.32 8.10 9.27 11.02 11.02 11.17 12.70 13.07
5.26 5.26 5.62 7.08 6.72 7.59 7.23 7.45 7.08 8.25 7.74 9.20 9.64 11.61 10.95 15.04 11.10 10.66 11.24 9.20 8.83 9.27 9.64 9.86 9.27 11.53 11.53 13.29 12.63 13.51 12.78 14.38 13.94 14.45 13.43 14.09 12.99 13.51 13.58 13.14 13.43 13.43 11.61 11.75 11.90 11.83 12.19 11.24 10.22 10.00 11.24 11.24 8.69 9.20 8.47 9.56 9.20 9.64 9.27 9.05 9.56 10.29 11.02 10.80 11.53 10.37 10.59 10.22 7.74 7.81 7.59 8.03 8.76 8.54 8.25 8.32 8.32 8.10 9.27 11.02 11.02 11.17 12.70 13.07
7.37 7.37 7.08 7.23 7.23 6.72 7.52 7.37 7.96 8.18 9.05 9.05 9.20 9.93 9.93 9.93 10.15 8.03 8.10 7.81 8.83 8.10 7.74 8.18 9.13 8.83 8.83 11.24 11.17 13.07 13.21 14.75 14.31 14.53 14.45 13.29 13.14 13.80 13.51 12.92 13.51 13.07 13.14 13.80 12.85 13.07 11.17 9.78 9.93 9.49 9.20 9.20 9.05 8.61 8.32 8.03 8.61 6.86 8.69 7.01 5.99 5.91 5.84 5.69 7.08 6.42 7.74 7.45 7.45 7.30 7.96 8.25 8.76 8.54 8.76 8.98 8.98 8.98 10.80 11.32 12.26 12.48 11.83 11.53
7.96 7.96 7.81 6.79 6.79 8.69 9.34 8.69 10.66 10.95 9.93 9.05 9.56 9.71 9.49 8.25 7.96 8.40 7.23 6.57 6.72 6.13 5.11 5.26 7.96 8.32 8.32 7.59 10.73 11.61 8.91 9.05 12.12 10.59 10.22 12.63 13.14 12.92 13.14 12.34 13.29 13.14 13.72 13.80 12.26 11.46 11.68 9.78 9.56 9.27 9.71 9.71 9.56 9.86 8.10 7.96 7.96 6.42 6.20 5.55 5.69 4.60 4.23 4.16 4.45 4.23 5.33 6.20 5.91 7.01 8.40 8.10 8.69 10.51 9.56 11.39 11.39 10.00 10.73 10.44 11.46 12.19 11.75 11.53
5.99 5.99 6.06 6.72 6.72 8.25 8.61 10.88 10.44 11.02 9.05 7.96 8.61 8.91 7.23 7.15 7.45 8.03 8.03 6.20 5.26 5.48 4.16 5.55 5.18 5.91 5.91 4.96 3.94 7.74 5.77 4.23 3.94 8.25 7.96 6.79 7.88 12.48 12.05 12.63 12.63 12.26 12.70 12.26 11.97 12.63 10.44 10.66 10.00 10.66 11.83 11.83 11.53 9.27 6.50 6.86 5.62 5.55 4.96 5.77 4.89 4.23 4.31 3.87 3.65 3.50 3.94 5.91 5.62 6.50 6.57 7.66 10.07 10.73 13.14 13.21 13.21 12.12 12.48 11.75 11.75 11.39 11.24 11.02
6.57 6.57 5.33 5.04 6.28 5.62 7.59 7.37 6.57 7.01 7.08 7.66 7.45 6.13 6.64 6.72 7.08 7.74 8.47 8.61 7.01 6.94 7.30 5.11 5.91 4.31 4.31 4.38 4.02 4.89 3.21 4.16 4.53 3.94 5.40 6.86 5.99 9.34 13.07 12.56 14.09 13.72 13.87 10.80 10.73 10.15 11.39 10.44 10.44 10.07 12.48 12.48 10.80 11.39 7.08 5.11 5.48 5.62 5.99 5.69 5.91 5.18 4.60 4.82 3.80 4.16 3.87 4.67 4.89 5.48 5.11 5.91 8.76 7.88 11.10 12.41 12.41 13.29 12.05 11.53 10.66 11.46 11.68 12.26
6.57 6.57 5.33 5.04 6.28 5.62 7.59 7.37 6.57 7.01 7.08 7.66 7.45 6.13 6.64 6.72 7.08 7.74 8.47 8.61 7.01 6.94 7.30 5.11 5.91 4.31 4.31 4.38 4.02 4.89 3.21 4.16 4.53 3.94 5.40 6.86 5.99 9.34 13.07 12.56 14.09 13.72 13.87 10.80 10.73 10.15 11.39 10.44 10.44 10.07 12.48 12.48 10.80 11.39 7.08 5.11 5.48 5.62 5.99 5.69 5.91 5.18 4.60 4.82 3.80 4.16 3.87 4.67 4.89 5.48 5.11 5.91 8.76 7.88 11.10 12.41 12.41 13.29 12.05 11.53 10.66 11.46 11.68 12.26
8.03 8.03 7.30 6.20 5.77 7.30 7.88 7.74 6.50 7.01 7.74 7.59 7.52 7.52 7.81 7.66 7.37 8.98 9.93 10.22 10.51 8.40 8.47 7.37 7.45 7.59 7.59 5.69 5.33 6.86 8.10 5.18 6.57 6.94 6.28 7.08 8.76 8.10 8.69 11.02 10.66 13.07 9.93 8.83 9.05 8.54 9.49 9.42 9.49 11.24 10.88 10.88 11.97 9.42 9.05 6.06 4.74 6.57 6.35 6.50 6.28 6.20 6.35 6.64 5.40 4.45 4.67 4.31 5.77 5.55 5.62 5.84 7.01 6.20 8.40 8.10 8.10 10.37 9.13 10.44 10.07 10.15 11.02 11.32
8.91 8.91 8.54 7.45 8.32 8.10 8.18 8.03 7.96 7.66 6.79 6.50 8.61 8.69 8.54 8.32 9.20 8.98 10.37 10.44 9.56 9.71 8.69 9.42 9.71 9.13 9.13 9.93 8.03 7.52 8.10 7.74 7.52 7.74 6.42 7.01 3.58 7.74 8.61 8.32 8.47 8.03 8.25 7.59 7.96 7.96 9.49 10.22 10.29 11.32 11.83 11.83 9.27 9.64 8.03 6.42 6.72 6.35 7.01 6.28 6.42 6.86 6.94 7.30 6.57 6.50 6.06 6.13 7.52 7.23 6.64 6.13 6.94 6.64 6.06 6.79 6.79 8.25 7.81 8.47 7.96 9.20 9.05 9.42
7.66 7.66 8.47 8.76 8.47 8.98 9.93 8.25 6.79 6.72 6.13 4.53 7.30 7.96 8.32 8.47 9.71 10.37 10.22 10.59 9.20 8.83 8.69 9.56 11.68 10.80 10.80 10.44 10.80 8.03 8.10 7.74 6.20 7.74 5.84 3.72 5.91 5.26 7.01 7.88 7.96 7.52 7.74 8.76 9.86 10.73 11.46 11.02 11.10 10.88 11.46 11.46 9.20 8.18 8.32 7.59 7.37 9.27 8.32 10.37 10.37 8.76 8.32 8.03 7.08 7.59 6.64 6.94 7.08 7.66 7.59 6.64 8.25 9.20 9.42 8.03 8.03 8.83 9.20 9.13 8.54 7.30 7.37 8.10
8.32 8.32 9.86 10.44 9.42 10.00 9.93 10.15 8.61 4.45 3.87 3.72 6.42 9.20 8.98 11.61 11.75 10.88 9.71 10.44 8.10 10.07 11.75 10.80 12.41 12.78 12.78 11.24 11.53 9.05 7.37 7.52 5.40 4.89 4.74 4.23 6.42 7.37 7.59 8.61 9.49 8.76 9.27 10.73 10.59 12.12 11.97 12.12 12.56 10.59 9.64 9.64 8.83 9.05 9.56 11.53 10.95 10.15 10.73 11.61 11.75 10.29 8.76 9.20 7.88 7.52 7.01 7.15 6.64 7.59 7.59 6.86 9.20 8.18 9.49 9.71 9.71 10.07 8.25 9.49 9.34 9.34 7.88 7.96
7.88 7.88 7.66 8.18 8.32 10.00 9.78 8.83 9.64 6.72 8.98 11.10 10.15 10.95 14.16 13.65 13.58 14.02 11.61 10.80 11.10 10.37 12.85 13.14 12.92 11.10 11.10 9.49 8.83 9.20 8.10 5.69 5.84 4.96 6.13 6.86 6.35 7.74 8.76 8.91 10.66 12.05 12.70 10.44 11.75 12.26 12.41 12.48 11.39 11.90 10.66 10.66 9.42 10.66 10.29 12.26 11.97 11.10 10.29 10.44 9.34 8.98 8.91 8.91 8.54 8.61 7.08 5.99 6.06 5.77 6.28 6.79 5.91 7.88 8.47 7.66 7.66 8.25 8.83 8.69 8.25 8.10 8.10 7.08
7.88 7.88 7.66 8.18 8.32 10.00 9.78 8.83 9.64 6.72 8.98 11.10 10.15 10.95 14.16 13.65 13.58 14.02 11.61 10.80 11.10 10.37 12.85 13.14 12.92 11.10 11.10 9.49 8.83 9.20 8.10 5.69 5.84 4.96 6.13 6.86 6.35 7.74 8.76 8.91 10.66 12.05 12.70 10.44 11.75 12.26 12.41 12.48 11.39 11.90 10.66 10.66 9.42 10.66 10.29 12.26 11.97 11.10 10.29 10.44 9.34 8.98 8.91 8.91 8.54 8.61 7.08 5.99 6.06 5.77 6.28 6.79 5.91 7.88 8.47 7.66 7.66 8.25 8.83 8.69 8.25 8.10 8.10 7.08
6.86 6.86 6.79 7.81 8.10 9.27 10.80 10.88 10.73 10.37 10.00 12.78 14.45 14.38 14.89 12.63 13.51 10.95 12.26 11.32 11.68 12.41 12.70 9.56 8.98 9.05 9.05 7.37 8.18 7.96 7.81 7.08 5.69 5.40 6.06 6.28 8.98 8.54 11.02 11.53 11.61 13.36 14.16 14.02 14.45 14.60 15.04 15.33 15.18 15.40 13.07 13.07 11.24 12.05 13.65 13.87 13.80 13.58 10.15 9.27 9.49 8.83 9.27 10.00 8.69 8.69 8.32 7.08 6.13 5.48 6.06 4.96 5.62 4.74 7.37 6.50 6.50 7.30 7.66 7.23 5.91 6.50 5.62 5.62
6.35 6.35 5.99 7.45 9.56 8.76 9.93 10.07 10.66 11.75 11.97 11.83 13.51 11.83 12.34 12.12 12.12 8.98 9.64 9.78 9.05 11.10 9.86 9.71 9.05 7.59 7.59 6.42 6.50 6.79 5.99 6.28 5.26 5.91 5.62 5.62 9.64 13.07 12.70 14.24 14.45 14.09 16.13 15.33 14.89 14.89 15.18 16.06 15.77 15.62 14.67 14.67 12.63 13.58 12.92 14.31 13.65 12.12 12.70 11.02 12.34 11.24 10.66 10.88 10.66 12.41 9.34 8.47 10.66 8.03 10.00 8.25 9.20 6.42 6.72 8.32 8.32 7.45 6.42 6.06 5.99 5.84 5.11 5.69
3.87 3.87 4.89 5.77 7.88 7.74 9.71 8.98 10.07 9.86 11.53 11.02 12.41 11.68 10.51 9.13 9.64 9.20 8.18 8.69 10.88 10.73 9.78 10.66 10.44 11.53 11.53 7.08 4.82 5.26 4.45 5.55 5.55 6.64 11.17 12.48 10.88 12.34 14.53 14.02 14.53 14.31 14.02 15.84 15.55 14.89 15.26 14.89 15.18 14.16 14.45 14.45 12.70 12.99 12.85 14.67 14.38 15.11 14.97 14.16 14.60 12.92 12.26 14.09 13.65 12.56 13.94 11.32 11.53 12.34 11.61 10.22 10.80 11.53 11.39 11.75 11.75 8.98 6.13 7.37 5.48 5.84 8.76 8.91
4.09 4.09 4.09 4.96 5.26 7.01 8.32 8.47 7.96 9.49 8.10 6.94 8.40 9.20 5.62 8.10 9.78 9.05 8.54 11.97 12.48 12.99 12.41 13.14 12.85 13.43 13.43 8.69 5.33 6.79 7.01 9.56 9.78 13.94 13.21 14.38 12.48 12.41 13.14 13.07 13.21 13.21 13.36 11.97 11.46 11.46 12.56 12.41 12.78 12.63 10.88 10.88 9.42 10.80 10.22 13.58 15.11 15.11 15.70 15.62 15.70 15.11 14.24 14.75 14.31 14.38 14.82 14.38 12.48 12.19 14.53 12.63 12.05 13.43 13.72 12.63 12.63 10.88 9.27 12.85 11.32 11.90 11.90 12.48
4.38 4.38 4.31 4.31 4.60 6.64 5.77 5.84 6.35 7.01 6.72 7.08 5.69 4.38 4.45 7.30 12.78 11.68 13.14 12.78 13.29 13.58 15.40 15.04 14.38 12.19 12.19 13.14 8.76 9.27 11.24 11.24 12.85 14.60 14.45 14.82 11.97 10.59 11.17 12.41 13.36 12.19 12.85 9.93 9.27 10.88 10.44 11.53 11.83 11.75 12.05 12.05 9.27 8.47 8.32 13.14 15.40 15.33 14.82 13.80 13.94 13.43 12.41 12.99 13.58 13.87 13.51 13.21 12.48 13.43 14.53 12.41 12.12 13.87 12.48 14.38 14.38 12.85 15.48 15.26 15.26 16.21 16.94 15.70
4.38 4.38 4.31 4.31 4.60 6.64 5.77 5.84 6.35 7.01 6.72 7.08 5.69 4.38 4.45 7.30 12.78 11.68 13.14 12.78 13.29 13.58 15.40 15.04 14.38 12.19 12.19 13.14 8.76 9.27 11.24 11.24 12.85 14.60 14.45 14.82 11.97 10.59 11.17 12.41 13.36 12.19 12.85 9.93 9.27 10.88 10.44 11.53 11.83 11.75 12.05 12.05 9.27 8.47 8.32 13.14 15.40 15.33 14.82 13.80 13.94 13.43 12.41 12.99 13.58 13.87 13.51 13.21 12.48 13.43 14.53 12.41 12.12 13.87 12.48 14.38 14.38 12.85 15.48 15.26 15.26 16.21 16.94 15.70
3.80 3.80 3.94 4.53 4.74 4.38 4.53 5.69 8.32 8.61 9.05 7.59 8.25 7.30 12.99 14.97 14.38 13.80 13.21 12.78 12.26 13.94 16.57 17.16 17.37 14.67 14.67 14.02 14.75 10.66 13.29 12.78 13.29 12.78 13.21 12.34 12.99 10.73 11.97 13.51 13.07 13.80 10.80 7.96 8.69 9.56 8.25 9.20 10.51 11.53 11.75 11.75 8.83 7.59 7.81 11.17 14.82 15.40 15.40 15.04 11.61 9.93 9.27 9.34 12.12 11.68 11.02 11.10 10.51 12.19 15.55 13.87 10.95 13.36 12.48 12.19 12.19 12.56 13.07 14.97 14.24 15.70 17.30 17.81
4.02 4.02 4.31 4.74 5.11 4.60 6.28 8.98 8.03 10.59 9.42 10.22 9.64 10.73 14.09 13.14 13.87 14.24 11.68 12.63 12.85 12.70 15.91 16.64 15.26 16.28 16.28 15.33 16.13 16.06 14.75 13.43 11.97 13.07 12.78 14.60 15.70 11.90 12.70 14.75 14.97 14.89 13.36 8.69 6.13 7.01 6.72 8.83 9.71 12.12 11.68 11.68 10.07 8.10 9.20 8.61 11.83 12.92 11.46 10.95 11.02 8.91 8.54 7.66 9.05 12.85 12.12 11.39 10.15 10.95 11.53 12.99 10.37 11.97 11.10 10.95 10.95 11.39 9.71 11.90 11.24 13.29 16.28 16.28
4.16 4.16 3.87 4.60 5.91 5.11 7.52 8.40 7.15 6.94 7.96 8.54 10.07 9.71 11.53 10.66 13.58 10.66 10.88 10.51 11.02 10.44 13.87 14.16 14.89 16.72 16.72 15.40 16.50 16.06 14.16 14.75 12.48 14.97 16.94 17.16 18.10 17.01 14.24 14.89 15.26 12.99 9.27 10.37 7.96 7.74 9.05 8.76 9.78 9.86 9.27 9.27 8.40 7.66 8.76 11.02 13.14 12.05 12.70 10.95 10.00 10.44 10.15 11.90 13.94 14.75 15.04 11.97 11.83 11.39 10.29 7.45 8.40 11.53 10.66 10.00 10.00 7.66 9.34 12.34 13.36 14.97 17.23 16.06
2.92 2.92 3.80 3.43 4.38 3.94 5.91 3.87 6.06 7.30 8.18 7.88 10.44 9.20 9.93 9.93 8.98 9.78 7.88 8.10 8.83 8.32 9.42 14.60 14.09 15.48 15.48 16.57 15.77 16.13 14.97 16.57 13.29 15.91 19.86 19.27 18.98 17.01 13.21 11.17 10.88 10.88 10.51 11.10 12.48 9.86 13.72 14.89 11.24 8.69 8.83 8.83 8.10 8.76 11.10 10.44 12.05 10.29 9.42 10.00 11.68 9.71 9.86 11.97 10.95 13.58 12.19 11.83 9.34 10.44 7.52 6.13 7.96 10.22 10.07 4.96 4.96 5.62 9.42 11.10 13.21 15.70 15.91 17.01
1.83 1.83 0.00 0.00 0.22 2.12 5.11 4.31 6.94 8.25 9.42 8.98 9.78 9.49 8.25 8.18 7.66 8.98 6.35 2.70 5.84 5.84 8.69 11.24 15.18 14.82 14.82 16.72 17.37 16.94 16.79 17.89 18.25 14.97 19.20 16.64 15.33 12.70 13.29 10.59 10.29 11.53 11.32 12.48 13.43 15.11 14.45 15.99 14.45 10.15 8.98 8.98 9.20 9.05 9.20 7.23 9.64 8.76 8.69 0.00 0.00 5.55 7.66 4.89 7.37 3.65 9.78 11.39 7.52 0.00 2.41 3.72 0.00 0.00 2.99 5.48 5.48 4.16 11.39 11.17 12.48 13.58 12.92 16.43
0.00 0.00 0.00 0.00 0.00 3.80 7.37 6.28 7.37 7.96 9.05 9.56 8.98 9.20 8.32 7.74 7.30 6.79 5.91 0.00 4.09 8.03 7.88 8.03 15.18 16.21 16.21 16.35 15.33 17.08 18.32 18.18 16.21 11.39 6.79 7.01 11.61 10.66 8.54 8.76 8.18 10.00 11.24 11.02 12.85 13.36 15.62 16.28 16.21 13.65 11.39 11.39 9.56 5.91 4.74 5.18 3.58 2.48 0.00 0.00 0.00 0.00 0.00 0.00 0.00 4.23 0.00 4.09 0.00 0.00 0.00 0.00 0.00 0.00 4.45 9.64 9.64 11.83 12.63 11.24 11.24 14.24 14.67 10.37
0.00 0.00 0.00 0.00 0.00 3.80 7.37 6.28 7.37 7.96 9.05 9.56 8.98 9.20 8.32 7.74 7.30 6.79 5.91 0.00 4.09 8.03 7.88 8.03 15.18 16.21 16.21 16.35 15.33 17.08 18.32 18.18 16.21 11.39 6.79 7.01 11.61 10.66 8.54 8.76 8.18 10.00 11.24 11.02 12.85 13.36 15.62 16.28 16.21 13.65 11.39 11.39 9.56 5.91 4.74 5.18 3.58 2.48 0.00 0.00 0.00 0.00 0.00 0.00 0.00 4.23 0.00 4.09 0.00 0.00 0.00 0.00 0.00 0.00 4.45 9.64 9.64 11.83 12.63 11.24 11.24 14.24 14.67 10.37
0.00 0.00 0.00 0.00 3.94 6.28 6.42 6.57 9.27 8.54 9.78 9.71 6.72 6.64 6.50 6.86 4.74 3.21 2.85 2.85 2.99 5.69 4.82 4.31 2.56 10.44 10.44 12.92 11.97 11.53 5.91 8.69 9.13 6.20 3.72 2.63 2.41 2.48 2.19 2.26 1.75 5.62 6.06 8.10 4.02 10.00 12.26 10.15 13.07 12.26 9.64 9.64 9.78 5.40 0.00 0.00 0.00 0.00 0.00 0.00 0.00 0.00 0.00 0.00 0.00 0.00 0.00 0.00 0.00 0.00 0.00 0.00 0.00 5.18 6.86 12.12 12.12 13.51 14.45 22.56 23.36 20.29 20.37 13.43
