Wansh/Snow_depth/snowdepth-1995/winter/1996050.txt
ncols 321
nrows 161
xllcenter 60
yllcenter 15 
cellsize  0.25 
NODATA_value -1
[rows 0 to 36 of 161, columns 0 to 83 of 321]
14.89 14.89 13.80 20.15 18.61 19.86 17.59 19.35 18.98 20.29 19.86 20.08 19.05 17.67 17.37 17.30 17.23 17.52 17.52 16.64 15.40 13.51 13.51 13.94 13.43 12.63 12.63 10.15 10.80 12.19 12.19 12.92 13.58 14.53 14.97 15.26 18.69 18.76 18.47 18.47 19.35 19.64 19.27 19.35 19.49 19.71 16.79 17.59 17.67 16.50 15.70 15.70 16.50 13.72 14.09 14.02 14.31 11.02 11.46 11.53 10.29 12.12 12.41 8.98 10.80 10.95 7.96 8.69 9.13 5.62 9.93 9.93 11.68 11.17 13.58 15.04 15.04 14.82 14.24 14.38 15.11 15.18 14.89 16.13
14.89 14.89 17.45 17.89 19.49 18.03 17.37 17.23 18.25 18.54 18.83 17.45 16.50 16.94 15.70 13.65 13.58 13.51 13.36 10.29 9.42 10.95 10.59 10.00 10.44 10.95 10.95 10.15 10.80 13.14 13.43 13.29 13.87 14.02 14.97 16.06 15.77 16.28 16.35 17.23 18.76 16.94 14.53 15.04 15.18 15.11 14.67 14.82 13.80 13.80 13.65 13.65 11.90 12.78 9.05 8.98 8.91 10.66 7.59 8.47 8.98 7.88 7.66 7.66 7.74 7.01 7.01 7.81 5.99 5.55 10.22 12.05 12.05 13.72 13.65 14.97 14.97 14.24 14.38 14.89 14.75 14.97 16.28 15.99
16.94 16.94 17.16 17.45 18.40 18.91 17.08 17.30 15.70 17.16 13.36 11.39 11.90 11.46 11.83 11.02 11.02 10.37 8.18 7.96 8.10 8.61 9.05 10.37 12.48 12.63 12.63 11.32 13.65 14.24 14.53 14.75 14.24 14.09 14.67 15.40 12.85 17.37 15.48 13.65 14.38 13.94 14.09 14.24 13.14 11.68 11.32 12.78 12.63 10.88 12.26 12.26 8.61 7.52 7.59 6.35 7.52 5.33 5.84 6.28 8.32 7.74 10.29 8.47 8.18 11.68 10.37 9.56 12.99 11.61 10.88 13.36 13.43 14.09 15.26 15.26 15.26 15.18 15.04 15.11 14.89 16.57 16.06 17.52
16.94 16.94 17.16 17.45 18.40 18.91 17.08 17.30 15.70 17.16 13.36 11.39 11.90 11.46 11.83 11.02 11.02 10.37 8.18 7.96 8.10 8.61 9.05 10.37 12.48 12.63 12.63 11.32 13.65 14.24 14.53 14.75 14.24 14.09 14.67 15.40 12.85 17.37 15.48 13.65 14.38 13.94 14.09 14.24 13.14 11.68 11.32 12.78 12.63 10.88 12.26 12.26 8.61 7.52 7.59 6.35 7.52 5.33 5.84 6.28 8.32 7.74 10.29 8.47 8.18 11.68 10.37 9.56 12.99 11.61 10.88 13.36 13.43 14.09 15.26 15.26 15.26 15.18 15.04 15.11 14.89 16.57 16.06 17.52
15.84 15.84 16.06 17.16 16.79 17.08 17.01 15.70 16.06 12.85 10.00 11.32 10.07 10.29 10.29 10.15 10.80 10.51 8.10 8.83 8.69 8.10 9.05 11.46 11.61 14.24 14.24 12.56 14.60 15.33 14.97 14.82 14.16 13.07 10.95 11.24 10.88 10.88 9.86 10.88 11.83 8.61 10.29 9.64 10.22 11.24 10.51 12.56 12.05 10.66 8.54 8.54 9.34 6.64 7.81 7.66 7.15 7.15 7.59 7.01 10.88 11.10 10.44 14.02 13.58 12.78 15.62 14.31 14.09 14.53 14.24 13.87 14.60 15.40 14.75 15.70 15.70 15.33 17.16 16.13 15.91 16.35 15.99 16.21
16.57 16.57 17.81 16.28 16.28 15.91 14.24 15.26 12.48 9.49 10.29 9.56 9.86 10.51 10.80 10.88 10.44 11.10 9.56 9.78 9.71 9.64 10.51 13.07 11.53 13.14 13.14 13.14 13.58 14.24 14.45 14.97 15.48 14.24 11.39 11.46 10.22 9.49 10.51 8.98 8.47 8.18 7.59 7.52 9.71 9.78 10.37 10.66 10.95 11.68 10.51 10.51 8.69 8.10 10.73 9.93 8.54 8.10 13.94 12.63 11.97 14.97 15.04 14.24 16.28 15.77 15.84 16.21 15.33 15.11 14.89 14.02 14.31 15.99 15.84 16.06 16.06 17.30 15.99 16.35 15.40 15.33 14.82 12.41
16.64 16.64 16.50 16.13 14.89 15.48 14.75 10.80 11.17 11.46 10.29 9.86 9.78 10.51 10.07 11.53 12.34 14.31 14.09 12.85 12.26 11.53 12.63 12.56 11.61 12.70 12.70 12.99 11.97 11.68 14.89 15.04 15.26 15.04 12.99 11.46 11.24 9.56 9.27 9.71 9.20 8.18 9.78 10.88 10.51 10.95 10.15 10.66 10.95 11.10 11.17 11.17 8.91 9.78 9.56 10.22 13.87 16.06 15.04 15.70 15.26 15.18 15.55 15.33 15.48 15.04 16.64 16.50 14.09 13.72 14.24 12.48 10.51 14.75 13.65 13.72 13.72 12.41 12.05 15.04 14.97 14.75 14.89 14.02
16.64 16.64 16.50 16.13 14.89 15.48 14.75 10.80 11.17 11.46 10.29 9.86 9.78 10.51 10.07 11.53 12.34 14.31 14.09 12.85 12.26 11.53 12.63 12.56 11.61 12.70 12.70 12.99 11.97 11.68 14.89 15.04 15.26 15.04 12.99 11.46 11.24 9.56 9.27 9.71 9.20 8.18 9.78 10.88 10.51 10.95 10.15 10.66 10.95 11.10 11.17 11.17 8.91 9.78 9.56 10.22 13.87 16.06 15.04 15.70 15.26 15.18 15.55 15.33 15.48 15.04 16.64 16.50 14.09 13.72 14.24 12.48 10.51 14.75 13.65 13.72 13.72 12.41 12.05 15.04 14.97 14.75 14.89 14.02
12.92 12.92 10.66 11.24 11.32 10.29 10.00 10.37 10.44 10.44 9.71 9.20 9.34 9.56 12.34 14.75 14.97 14.75 16.28 14.24 12.99 14.31 12.99 13.51 13.07 12.34 12.34 11.32 11.75 11.39 12.48 13.58 13.29 13.65 13.29 12.48 11.68 11.68 13.07 10.80 11.24 11.39 10.95 11.39 12.48 11.17 10.22 10.37 10.51 11.17 9.42 9.42 9.78 10.95 12.48 14.24 13.94 11.83 14.97 15.04 14.24 15.55 15.62 14.75 14.89 14.82 14.24 13.43 13.94 10.44 8.76 10.66 8.69 8.47 8.40 9.56 9.56 9.27 9.49 8.32 10.80 13.43 13.80 14.09
8.47 8.47 8.76 8.61 9.34 8.69 8.40 8.61 8.91 9.49 9.27 9.42 9.86 12.34 13.29 15.26 15.99 17.01 14.60 13.07 11.17 11.39 11.17 12.70 11.83 12.05 12.05 12.41 13.36 13.29 13.51 13.07 13.72 14.31 12.48 12.85 12.63 12.92 14.38 14.38 14.31 14.16 13.72 13.58 13.51 11.68 11.83 11.83 11.68 12.05 11.97 11.97 11.02 11.02 11.83 9.05 10.00 10.22 10.51 13.36 12.99 12.12 14.45 14.60 12.78 13.65 14.02 11.02 10.59 11.10 8.91 8.18 8.40 8.25 8.03 8.18 8.18 7.88 7.01 6.64 10.07 11.39 11.10 13.14
8.47 8.47 6.64 7.01 8.40 8.32 8.47 8.03 8.32 8.25 8.25 9.71 9.93 11.97 11.39 12.34 13.07 13.80 12.12 10.73 9.56 9.56 11.32 11.10 12.19 12.12 12.12 11.61 12.19 13.14 14.75 14.82 14.97 14.45 14.16 12.48 14.60 13.21 15.84 15.55 15.33 14.09 13.36 14.53 13.65 13.87 12.48 12.05 11.83 11.46 11.97 11.97 9.34 9.05 8.98 8.83 9.78 10.07 10.15 8.25 10.51 10.59 8.76 11.39 11.53 10.29 10.07 10.51 9.05 8.91 8.91 8.98 8.25 7.96 8.83 8.54 8.54 8.69 9.42 11.32 10.07 11.68 13.21 12.78
8.47 8.47 6.64 7.01 8.40 8.32 8.47 8.03 8.32 8.25 8.25 9.71 9.93 11.97 11.39 12.34 13.07 13.80 12.12 10.73 9.56 9.56 11.32 11.10 12.19 12.12 12.12 11.61 12.19 13.14 14.75 14.82 14.97 14.45 14.16 12.48 14.60 13.21 15.84 15.55 15.33 14.09 13.36 14.53 13.65 13.87 12.48 12.05 11.83 11.46 11.97 11.97 9.34 9.05 8.98 8.83 9.78 10.07 10.15 8.25 10.51 10.59 8.76 11.39 11.53 10.29 10.07 10.51 9.05 8.91 8.91 8.98 8.25 7.96 8.83 8.54 8.54 8.69 9.42 11.32 10.07 11.68 13.21 12.78
7.52 7.52 7.52 7.08 7.45 7.45 8.25 8.18 8.25 9.20 9.42 8.98 9.64 11.10 10.51 10.88 11.39 10.51 9.56 9.05 8.69 9.27 10.95 9.93 10.37 10.00 10.00 11.32 11.39 13.14 14.75 16.28 15.91 16.06 16.28 16.21 14.89 14.89 14.16 14.97 15.26 15.70 15.77 15.33 14.97 13.14 12.34 12.70 11.02 10.37 9.93 9.93 10.00 9.20 9.64 9.78 10.07 7.37 7.74 7.30 6.28 6.64 6.57 5.91 9.27 8.40 8.32 8.69 8.61 8.54 8.69 8.61 8.18 9.34 8.10 8.61 8.61 9.71 11.17 10.80 12.05 11.10 12.34 12.63
7.74 7.74 7.66 7.15 6.86 7.96 10.07 9.49 10.59 11.10 10.29 10.15 10.15 10.80 10.88 10.66 8.47 8.25 7.88 7.37 7.59 7.08 8.61 9.42 8.25 10.29 10.29 10.51 10.88 12.70 14.53 12.63 13.65 14.67 13.21 15.11 15.91 14.24 13.21 14.38 13.87 14.82 14.45 13.36 13.43 12.92 12.19 11.10 11.46 10.66 10.59 10.59 9.78 10.00 9.13 8.25 7.15 7.59 6.06 5.62 5.91 5.33 5.04 4.53 6.72 7.23 7.08 6.64 8.76 8.83 9.05 8.61 9.49 9.56 9.27 10.88 10.88 10.51 11.10 11.32 11.24 10.51 10.88 10.66
7.01 7.01 7.01 6.50 6.57 6.79 9.49 9.20 9.34 10.29 10.07 8.83 9.20 9.13 7.96 9.49 7.59 7.81 8.47 7.15 6.20 5.77 6.42 6.94 6.42 7.30 7.30 8.40 5.26 5.40 6.28 7.30 10.51 5.62 8.47 8.32 10.44 12.34 12.05 13.29 14.24 14.53 13.29 13.51 13.65 13.87 13.72 12.05 11.75 11.17 11.17 11.17 9.93 10.22 8.54 8.91 7.30 6.86 7.01 6.35 5.62 5.91 4.09 4.82 4.53 4.74 5.33 6.06 5.69 8.03 8.47 8.61 9.05 10.80 10.80 12.41 12.41 12.19 12.34 11.75 10.95 11.75 11.39 11.90
6.79 6.79 6.50 7.08 7.37 7.30 8.10 8.10 8.61 8.10 7.66 7.01 7.15 7.15 6.64 6.35 7.74 8.40 8.18 7.52 6.72 5.48 6.64 5.40 5.69 6.57 6.57 5.18 3.65 3.36 4.16 3.50 4.02 3.58 4.67 6.28 8.83 11.39 13.87 16.79 15.84 16.64 15.04 13.51 13.65 14.16 14.67 11.61 12.05 12.41 12.19 12.19 12.70 11.10 9.13 7.37 7.66 7.59 7.52 7.23 6.28 6.57 6.79 5.77 4.38 4.74 4.60 5.11 5.62 5.40 5.40 8.32 8.40 9.64 11.68 13.21 13.21 13.21 11.61 12.05 10.29 11.17 11.46 11.39
6.79 6.79 6.50 7.08 7.37 7.30 8.10 8.10 8.61 8.10 7.66 7.01 7.15 7.15 6.64 6.35 7.74 8.40 8.18 7.52 6.72 5.48 6.64 5.40 5.69 6.57 6.57 5.18 3.65 3.36 4.16 3.50 4.02 3.58 4.67 6.28 8.83 11.39 13.87 16.79 15.84 16.64 15.04 13.51 13.65 14.16 14.67 11.61 12.05 12.41 12.19 12.19 12.70 11.10 9.13 7.37 7.66 7.59 7.52 7.23 6.28 6.57 6.79 5.77 4.38 4.74 4.60 5.11 5.62 5.40 5.40 8.32 8.40 9.64 11.68 13.21 13.21 13.21 11.61 12.05 10.29 11.17 11.46 11.39
10.80 10.80 8.91 8.91 7.81 8.25 8.47 7.52 7.81 7.88 7.01 7.45 7.74 7.59 8.10 8.25 8.18 8.32 10.73 9.78 10.15 9.86 8.76 8.32 6.86 5.84 5.84 6.50 5.84 6.13 5.99 5.33 7.59 6.94 3.36 4.31 9.78 9.86 14.60 15.99 16.79 14.16 11.97 12.48 12.12 10.29 11.02 11.10 11.68 12.85 12.85 12.85 12.70 11.68 8.10 6.50 5.69 6.20 6.13 6.28 6.28 7.08 6.79 6.86 5.18 5.77 5.18 5.26 5.18 4.96 5.33 5.40 8.03 7.37 9.78 9.42 9.42 9.49 9.34 9.20 9.64 9.56 11.24 11.61
10.07 10.07 11.10 11.02 11.83 10.51 8.54 8.69 7.30 5.26 5.99 6.57 7.96 8.10 8.54 8.76 8.54 9.78 10.66 10.95 9.27 10.95 9.49 8.76 7.15 8.83 8.83 8.54 8.61 8.61 8.76 8.83 8.54 6.94 7.37 6.06 6.86 8.40 10.88 9.64 10.51 10.73 10.95 10.07 9.64 9.05 10.15 11.75 13.07 12.85 11.68 11.68 11.02 7.52 8.18 7.66 7.15 7.96 7.59 6.57 8.10 7.88 7.08 6.86 7.52 6.64 5.91 6.50 6.72 5.69 5.84 5.77 6.50 7.74 8.91 8.10 8.10 8.32 7.96 8.18 7.23 7.23 10.29 10.00
10.73 10.73 10.88 10.29 10.22 10.66 9.42 9.13 5.69 6.64 4.16 3.94 6.72 8.32 7.96 8.83 9.78 9.42 10.37 9.49 8.83 10.66 9.05 9.86 9.93 9.86 9.86 9.56 9.93 9.05 8.61 8.47 8.18 9.05 4.74 6.42 7.01 7.59 8.47 8.32 9.93 9.93 9.49 8.54 9.42 11.39 10.66 11.75 12.34 11.90 12.41 12.41 11.32 8.10 8.18 7.88 7.23 9.13 10.95 10.88 9.05 9.71 8.18 8.32 7.66 7.45 6.72 6.50 7.15 7.08 6.72 5.99 5.99 7.59 8.25 8.83 8.83 7.88 8.03 7.74 8.03 7.23 6.94 7.01
9.86 9.86 8.69 10.00 9.93 9.71 10.29 9.93 8.76 6.72 4.16 4.09 8.25 8.47 8.69 10.66 10.80 10.88 8.61 8.69 8.61 8.91 9.49 11.53 11.02 11.75 11.75 9.86 11.02 9.78 8.25 6.86 5.33 7.30 5.84 6.72 7.08 8.47 9.20 9.13 8.47 8.83 9.05 8.83 12.78 10.59 11.83 11.75 12.12 10.73 10.44 10.44 8.47 8.83 7.96 11.10 11.02 11.46 11.46 10.59 10.95 10.22 9.34 8.61 8.69 7.30 6.57 7.45 6.79 7.01 6.72 6.28 7.66 7.37 8.25 8.61 8.61 7.66 7.96 8.47 8.76 8.61 7.15 6.64
8.25 8.25 7.59 9.27 8.40 10.00 9.78 9.34 8.03 8.40 6.42 10.51 12.92 11.90 11.90 12.85 13.21 13.43 10.44 10.37 8.98 11.32 12.19 12.41 11.61 11.61 11.61 11.39 8.76 6.50 7.74 6.20 5.11 5.99 5.18 6.64 7.59 7.96 9.20 9.64 10.44 13.36 12.12 13.14 12.12 14.24 14.16 11.83 11.53 10.66 10.15 10.15 9.20 11.90 11.46 11.75 12.05 12.34 10.95 9.71 8.98 9.34 8.32 8.76 7.74 7.88 6.28 5.11 6.06 5.55 5.55 5.55 5.62 8.32 8.25 8.47 8.47 7.08 6.57 6.57 6.35 6.20 5.04 5.91
8.25 8.25 7.59 9.27 8.40 10.00 9.78 9.34 8.03 8.40 6.42 10.51 12.92 11.90 11.90 12.85 13.21 13.43 10.44 10.37 8.98 11.32 12.19 12.41 11.61 11.61 11.61 11.39 8.76 6.50 7.74 6.20 5.11 5.99 5.18 6.64 7.59 7.96 9.20 9.64 10.44 13.36 12.12 13.14 12.12 14.24 14.16 11.83 11.53 10.66 10.15 10.15 9.20 11.90 11.46 11.75 12.05 12.34 10.95 9.71 8.98 9.34 8.32 8.76 7.74 7.88 6.28 5.11 6.06 5.55 5.55 5.55 5.62 8.32 8.25 8.47 8.47 7.08 6.57 6.57 6.35 6.20 5.04 5.91
7.37 7.37 6.94 8.10 8.47 9.42 10.80 11.17 10.44 9.86 11.75 13.65 13.72 13.72 13.94 14.53 14.16 12.78 12.12 10.07 10.51 11.46 11.90 10.95 10.59 7.37 7.37 6.28 6.42 8.76 8.32 7.45 5.99 7.59 6.50 7.23 9.05 8.61 10.37 11.10 13.43 12.56 14.82 13.51 14.45 14.82 13.14 15.40 14.53 14.38 12.34 12.34 12.70 12.78 14.24 14.16 12.41 11.53 9.34 9.93 8.83 8.54 8.18 8.91 8.98 6.13 6.57 5.84 6.79 6.72 4.96 5.04 5.62 5.99 6.57 6.20 6.20 5.99 5.26 5.18 5.11 5.48 4.60 2.77
6.20 6.20 6.06 8.54 7.66 9.13 9.13 10.00 10.15 10.66 11.90 11.39 12.85 11.83 12.70 11.17 10.66 9.34 9.71 10.44 8.76 9.93 9.64 8.61 6.72 7.45 7.45 6.64 5.55 5.91 4.82 7.45 7.74 7.59 7.23 9.42 10.66 13.14 13.65 14.75 14.24 14.67 16.43 16.06 14.97 14.60 15.91 15.48 13.87 14.31 11.97 11.97 11.97 12.70 14.24 13.36 13.07 12.48 14.09 10.59 10.22 12.63 10.37 10.29 10.37 12.41 8.10 8.10 8.98 10.15 10.29 5.55 7.23 7.96 7.74 8.54 8.54 6.28 4.67 3.58 3.94 4.53 4.45 3.21
5.33 5.33 5.26 4.53 5.48 7.15 7.01 8.69 7.74 9.20 10.59 10.59 11.39 11.90 10.29 10.07 9.27 8.32 8.25 8.69 8.54 7.74 11.02 9.86 10.22 7.45 7.45 6.20 4.02 4.53 4.53 3.65 5.77 6.20 8.25 8.03 11.90 12.70 14.31 14.45 13.36 14.60 13.94 16.06 13.43 13.51 13.87 12.34 12.56 14.02 10.80 10.80 11.97 11.97 12.70 11.83 15.62 13.87 15.55 16.57 14.53 14.45 15.26 13.14 13.72 13.87 14.53 12.12 12.34 11.90 11.97 11.75 8.61 10.88 11.17 11.46 11.46 8.76 7.01 4.53 5.26 5.18 7.88 10.59
6.28 6.28 4.45 3.72 3.72 5.77 4.96 7.45 6.20 7.66 8.54 7.01 7.23 6.79 6.94 7.81 7.74 9.34 9.78 6.35 9.20 11.75 12.34 12.26 10.95 11.83 11.83 8.91 6.20 8.03 8.54 8.69 6.35 6.13 14.02 13.94 13.21 12.34 13.36 11.02 12.12 12.78 11.97 11.10 11.24 12.70 10.37 11.39 11.32 11.24 9.78 9.78 11.61 10.29 9.20 12.12 15.99 16.57 16.21 17.45 15.84 15.26 15.33 15.84 15.04 15.04 15.48 14.67 14.09 14.24 13.07 12.05 13.43 13.14 13.65 11.83 11.83 12.41 9.71 6.86 6.79 6.57 9.49 11.68
5.62 5.62 5.48 3.21 4.31 2.70 4.31 8.83 7.01 6.57 8.69 7.01 5.33 3.80 8.69 11.24 11.24 11.39 10.44 9.42 11.02 11.61 12.19 14.97 14.97 14.16 14.16 11.68 11.90 11.17 11.46 11.53 13.87 14.60 14.75 14.67 11.02 11.02 9.71 10.51 10.15 11.24 10.66 8.83 8.61 8.91 8.98 10.29 9.86 10.44 10.51 10.51 8.61 7.30 9.64 14.45 13.72 16.35 16.50 16.94 14.82 14.60 14.67 15.04 14.60 15.11 14.53 15.11 13.14 13.14 13.72 13.87 12.78 12.92 12.78 12.34 12.34 13.87 13.94 10.95 9.93 12.48 12.12 14.67
5.62 5.62 5.48 3.21 4.31 2.70 4.31 8.83 7.01 6.57 8.69 7.01 5.33 3.80 8.69 11.24 11.24 11.39 10.44 9.42 11.02 11.61 12.19 14.97 14.97 14.16 14.16 11.68 11.90 11.17 11.46 11.53 13.87 14.60 14.75 14.67 11.02 11.02 9.71 10.51 10.15 11.24 10.66 8.83 8.61 8.91 8.98 10.29 9.86 10.44 10.51 10.51 8.61 7.30 9.64 14.45 13.72 16.35 16.50 16.94 14.82 14.60 14.67 15.04 14.60 15.11 14.53 15.11 13.14 13.14 13.72 13.87 12.78 12.92 12.78 12.34 12.34 13.87 13.94 10.95 9.93 12.48 12.12 14.67
4.53 4.53 4.02 4.45 3.87 3.29 2.04 9.20 8.10 8.32 9.56 8.32 6.13 8.98 12.41 12.85 14.24 13.87 10.95 11.39 12.85 14.82 16.86 16.57 16.79 15.11 15.11 12.78 12.85 11.83 13.21 13.14 13.36 12.99 12.92 10.88 10.44 9.34 10.29 12.85 11.97 12.48 11.24 9.56 8.10 9.42 9.05 8.25 9.20 11.17 9.49 9.49 10.15 7.81 9.34 12.05 15.55 15.26 14.31 12.56 12.63 12.99 13.07 11.97 11.97 11.83 12.92 11.24 11.39 12.19 12.78 12.78 12.56 12.70 11.17 12.63 12.63 12.26 12.99 12.92 15.40 14.82 17.16 19.27
3.50 3.50 2.34 2.92 4.67 3.36 3.21 8.91 10.15 9.71 10.29 9.49 11.02 10.44 12.78 14.31 13.07 12.26 11.97 10.44 11.53 14.89 15.77 16.64 14.38 14.60 14.60 14.82 14.67 15.62 15.55 13.43 13.43 12.34 11.61 11.24 10.88 10.66 13.65 13.87 13.51 13.14 9.86 10.51 8.61 5.99 5.62 8.98 8.76 10.29 11.68 11.68 9.49 8.47 8.40 11.24 14.31 12.05 12.92 12.48 12.05 9.78 10.00 10.07 12.70 13.29 12.92 10.07 12.34 11.68 12.41 10.95 11.75 13.07 12.12 11.46 11.46 12.63 12.19 12.48 14.24 17.01 16.43 17.74
2.70 2.70 2.12 3.21 5.91 5.11 7.23 7.74 8.32 5.55 7.08 8.76 8.91 9.64 10.73 11.53 10.95 11.97 11.02 10.29 11.61 11.68 13.72 11.97 13.94 14.82 14.82 15.70 16.72 14.45 15.26 11.83 12.26 13.72 13.43 15.33 13.72 14.67 14.45 13.58 11.68 10.95 10.07 6.79 7.15 7.08 6.79 10.51 10.07 9.93 9.49 9.49 8.69 7.15 11.24 10.51 12.78 13.29 10.51 10.95 11.02 10.51 10.51 10.37 12.70 14.38 12.78 12.56 11.53 11.10 9.49 9.34 10.44 9.64 7.37 7.59 7.59 6.13 10.88 10.80 11.46 15.04 17.37 16.86
2.92 2.92 3.80 3.43 4.38 3.94 6.20 6.94 2.92 5.33 7.08 7.37 8.91 8.98 9.34 9.71 8.18 7.88 10.00 8.98 6.79 9.78 11.24 10.73 13.58 15.26 15.26 15.48 15.70 15.40 14.16 13.51 14.53 16.28 16.64 16.35 14.38 13.14 13.36 11.53 10.80 10.73 8.69 8.98 10.00 11.46 11.24 10.95 10.88 9.05 7.52 7.52 7.59 7.37 10.00 12.56 11.10 12.63 9.78 5.69 6.28 9.56 9.78 8.61 8.83 13.87 11.90 8.32 8.61 6.06 6.28 6.94 5.99 7.37 5.33 4.45 4.45 3.65 6.06 9.71 10.44 12.12 11.68 14.24
1.83 1.83 0.00 0.00 2.34 2.12 4.23 6.20 5.99 7.08 7.59 8.91 9.13 9.05 7.88 8.54 8.03 8.40 2.34 1.39 3.80 6.79 11.17 10.51 14.31 15.55 15.55 14.60 16.35 15.99 12.99 15.91 18.03 12.85 12.92 14.02 14.82 7.30 9.42 8.40 8.32 12.92 10.80 12.34 11.17 12.48 14.67 13.94 13.80 10.29 10.51 10.51 7.88 8.10 7.23 8.91 4.67 5.40 7.23 1.90 0.00 7.59 7.52 5.69 2.85 0.00 8.83 5.33 2.99 0.00 0.00 0.00 4.53 4.31 3.50 0.00 0.00 6.20 9.64 9.27 9.42 9.71 11.61 11.10
0.00 0.00 0.00 0.00 0.00 0.00 5.33 7.23 7.74 8.47 9.05 10.07 9.05 8.40 8.25 8.18 8.25 6.13 1.61 0.00 3.50 6.72 5.69 6.57 13.51 14.67 14.67 14.53 16.35 15.40 13.29 14.53 9.49 8.10 7.59 10.44 10.66 2.41 5.84 8.10 5.04 6.35 6.57 11.97 7.30 12.63 11.53 13.72 14.16 13.43 10.95 10.95 8.54 5.99 5.40 6.06 0.44 0.00 0.00 0.00 0.00 0.00 0.00 0.00 0.00 0.00 0.00 0.00 0.00 0.00 0.00 0.00 0.00 0.00 5.91 0.00 0.00 5.91 9.13 9.78 9.86 10.73 10.80 9.78
0.00 0.00 0.00 0.00 0.00 0.00 5.33 7.23 7.74 8.47 9.05 10.07 9.05 8.40 8.25 8.18 8.25 6.13 1.61 0.00 3.50 6.72 5.69 6.57 13.51 14.67 14.67 14.53 16.35 15.40 13.29 14.53 9.49 8.10 7.59 10.44 10.66 2.41 5.84 8.10 5.04 6.35 6.57 11.97 7.30 12.63 11.53 13.72 14.16 13.43 10.95 10.95 8.54 5.99 5.40 6.06 0.44 0.00 0.00 0.00 0.00 0.00 0.00 0.00 0.00 0.00 0.00 0.00 0.00 0.00 0.00 0.00 0.00 0.00 5.91 0.00 0.00 5.91 9.13 9.78 9.86 10.73 10.80 9.78
3.58 3.58 0.00 0.00 3.94 0.22 5.91 6.72 7.15 9.27 9.78 9.05 5.77 5.84 5.62 3.50 3.43 4.23 3.50 0.00 3.36 1.97 1.39 5.26 5.69 0.00 0.00 7.74 14.02 13.65 4.16 0.00 0.00 0.00 0.00 0.00 0.00 0.00 1.97 0.00 0.29 4.45 0.66 4.53 3.50 8.69 6.72 14.24 10.95 11.02 11.46 11.46 6.64 2.12 0.00 0.00 0.00 0.00 0.00 0.00 0.00 0.00 0.00 0.00 0.00 0.00 0.00 0.00 0.00 0.00 0.00 0.00 0.00 0.00 6.13 11.83 11.83 15.11 9.86 17.52 21.17 22.92 18.61 20.00
