Wansh/Snow_depth/snowdepth-1995/winter/1996036.txt
ncols 321
nrows 161
xllcenter 60
yllcenter 15 
cellsize  0.25 
NODATA_value -1
[rows 0 to 36 of 161, columns 0 to 82 of 321]
13.94 13.94 12.48 17.89 15.62 17.96 15.99 16.21 16.50 17.74 17.89 16.57 15.70 16.06 15.99 16.06 15.99 15.33 15.40 12.85 13.87 13.36 12.70 13.07 12.05 9.78 9.78 10.59 8.40 8.76 8.76 10.15 11.02 11.02 11.83 11.83 12.56 12.70 12.48 14.53 15.26 15.18 15.62 15.40 15.33 14.82 15.33 15.26 15.04 13.14 11.75 11.75 12.26 9.64 8.25 8.18 8.69 8.18 8.47 8.25 8.98 8.03 8.03 8.25 8.61 5.91 6.06 5.91 5.99 7.88 7.88 7.88 7.88 9.71 9.27 10.29 10.29 10.88 10.59 11.24 11.10 10.95 11.61
15.11 15.11 14.97 16.79 15.62 14.89 15.26 15.99 16.13 16.28 14.24 17.52 14.02 12.19 12.48 11.10 10.51 12.63 11.17 11.75 9.27 7.30 8.10 7.74 9.56 9.93 9.93 8.76 9.05 9.42 10.29 9.93 11.24 11.75 11.39 12.56 12.34 12.85 14.24 13.94 14.67 14.82 13.36 14.67 13.36 12.12 12.34 12.34 12.19 10.44 9.20 9.20 9.78 7.37 5.48 4.82 5.99 5.91 4.31 6.28 3.07 3.65 3.14 5.11 5.77 5.40 4.23 3.36 3.65 2.70 8.25 5.18 9.42 11.17 10.88 11.24 11.24 11.10 10.88 10.80 11.53 11.90 11.90
14.97 14.97 14.45 14.75 15.04 14.82 15.18 15.33 13.65 12.41 13.72 8.54 8.91 8.83 9.56 9.49 9.56 7.45 7.81 5.62 8.03 7.37 8.61 8.40 10.59 11.24 11.24 11.02 11.97 13.07 12.78 11.75 11.97 11.90 11.68 11.61 12.78 12.48 11.61 12.85 12.70 12.48 12.12 12.85 10.44 12.48 9.71 10.88 10.15 10.66 8.98 8.98 6.06 4.38 4.74 4.89 4.60 4.60 2.92 3.21 3.80 3.80 5.77 5.40 5.18 6.94 5.33 10.15 9.13 9.34 9.20 9.05 9.27 11.61 11.68 12.48 12.48 12.12 12.26 12.12 12.05 14.02 13.94
14.97 14.97 14.45 14.75 15.04 14.82 15.18 15.33 13.65 12.41 13.72 8.54 8.91 8.83 9.56 9.49 9.56 7.45 7.81 5.62 8.03 7.37 8.61 8.40 10.59 11.24 11.24 11.02 11.97 13.07 12.78 11.75 11.97 11.90 11.68 11.61 12.78 12.48 11.61 12.85 12.70 12.48 12.12 12.85 10.44 12.48 9.71 10.88 10.15 10.66 8.98 8.98 6.06 4.38 4.74 4.89 4.60 4.60 2.92 3.21 3.80 3.80 5.77 5.40 5.18 6.94 5.33 10.15 9.13 9.34 9.20 9.05 9.27 11.61 11.68 12.48 12.48 12.12 12.26 12.12 12.05 14.02 13.94
14.16 14.16 14.53 14.82 14.67 14.82 14.75 13.21 14.09 8.76 6.50 7.96 7.30 8.10 7.96 7.37 8.61 6.57 5.91 6.06 7.01 8.91 7.88 10.66 11.68 11.39 11.39 11.90 11.97 12.48 11.32 12.41 11.53 11.24 11.17 11.02 8.83 10.29 10.51 8.18 8.32 9.34 9.64 10.29 10.29 9.49 8.98 9.56 9.56 11.32 6.35 6.35 6.35 5.33 5.33 5.40 4.89 3.94 3.21 5.18 2.85 5.62 7.08 7.52 11.39 10.44 10.51 10.44 10.29 11.10 10.00 11.24 11.24 11.10 11.02 12.41 12.41 13.36 14.75 13.36 13.94 13.80 13.72
14.82 14.82 15.11 14.89 14.89 14.02 14.45 10.73 7.96 9.13 5.99 6.20 7.08 7.37 7.01 6.94 8.69 9.34 9.05 8.91 6.86 8.32 10.37 9.56 11.75 11.02 11.02 10.95 10.80 11.02 10.80 12.78 12.48 12.78 10.22 8.76 8.91 8.18 8.32 8.54 7.45 6.94 7.01 8.40 8.61 8.76 8.40 9.27 8.03 9.56 8.69 8.69 8.54 7.74 6.86 8.83 7.08 7.30 4.45 8.61 8.03 10.66 11.39 11.39 12.19 11.68 11.68 10.88 11.02 12.19 12.12 12.12 13.14 12.99 12.92 14.16 14.16 13.87 14.31 14.02 12.92 12.34 12.85
14.09 14.09 14.45 11.24 11.97 12.92 9.05 10.07 6.86 6.42 6.42 5.69 5.04 4.96 4.96 7.81 7.96 9.93 10.00 10.15 10.07 10.51 10.51 11.24 11.83 11.68 11.68 11.61 10.29 10.73 12.92 12.26 13.58 11.90 11.75 11.97 9.56 8.47 8.47 8.47 7.88 8.32 6.86 8.10 8.18 7.74 7.15 8.47 8.18 8.32 8.69 8.69 6.94 7.52 7.74 8.54 11.02 11.90 11.02 12.41 11.75 11.90 11.97 11.53 11.68 11.68 11.68 12.05 11.39 10.37 12.19 12.63 10.51 9.71 10.95 11.83 11.83 10.07 11.32 11.32 12.26 12.48 10.73
14.09 14.09 14.45 11.24 11.97 12.92 9.05 10.07 6.86 6.42 6.42 5.69 5.04 4.96 4.96 7.81 7.96 9.93 10.00 10.15 10.07 10.51 10.51 11.24 11.83 11.68 11.68 11.61 10.29 10.73 12.92 12.26 13.58 11.90 11.75 11.97 9.56 8.47 8.47 8.47 7.88 8.32 6.86 8.10 8.18 7.74 7.15 8.47 8.18 8.32 8.69 8.69 6.94 7.52 7.74 8.54 11.02 11.90 11.02 12.41 11.75 11.90 11.97 11.53 11.68 11.68 11.68 12.05 11.39 10.37 12.19 12.63 10.51 9.71 10.95 11.83 11.83 10.07 11.32 11.32 12.26 12.48 10.73
6.86 6.86 8.61 9.49 4.82 3.94 6.35 5.77 5.84 5.69 4.02 4.89 3.94 5.69 5.04 8.91 11.39 10.80 11.10 10.29 11.02 11.32 11.02 10.80 11.53 11.39 11.39 11.53 10.37 10.15 9.78 12.12 11.32 11.90 11.02 10.44 10.88 8.83 10.66 10.00 9.34 8.61 8.76 8.69 8.47 7.96 8.25 8.61 8.32 8.69 8.54 8.54 8.25 8.47 7.37 10.37 12.26 12.26 11.97 12.70 11.90 11.46 11.83 11.17 11.24 11.17 10.37 10.51 9.93 9.93 9.42 8.32 8.69 8.91 6.50 6.86 6.86 7.37 8.03 6.94 9.13 8.76 10.00
4.53 4.53 2.26 3.58 4.02 3.58 3.80 3.72 5.18 3.94 4.16 3.87 6.50 5.77 9.20 11.68 11.24 10.51 9.05 9.05 9.05 8.54 8.61 8.91 9.71 9.71 9.71 9.34 10.29 10.66 10.00 10.73 10.73 10.95 10.15 8.69 9.34 10.66 11.02 11.32 10.15 9.86 9.42 9.27 9.13 8.32 8.32 8.61 7.66 8.25 8.25 8.25 8.61 8.98 8.98 9.34 8.98 8.83 10.37 10.95 11.32 11.32 11.90 11.83 10.51 10.22 10.37 10.44 8.47 10.37 7.96 7.52 7.01 6.57 6.94 6.94 6.94 7.08 7.59 7.52 7.74 7.74 9.49
1.46 1.46 1.53 2.48 3.07 2.85 3.65 3.58 3.50 3.72 5.04 4.60 6.57 8.03 7.59 8.18 8.18 9.13 7.66 7.88 7.66 7.37 8.32 8.10 9.20 9.05 9.05 9.20 9.42 10.07 10.15 10.44 10.44 10.29 10.51 8.61 9.49 9.64 9.71 10.51 10.15 9.49 9.34 9.56 9.71 8.61 9.05 8.40 8.69 8.40 8.61 8.61 9.42 9.13 8.54 8.54 9.78 8.98 8.25 9.13 7.01 8.91 8.91 8.98 9.27 10.22 7.01 6.86 7.74 6.50 8.10 7.01 6.28 7.01 6.57 7.37 7.37 8.69 8.47 7.66 9.86 11.17 10.80
1.46 1.46 1.53 2.48 3.07 2.85 3.65 3.58 3.50 3.72 5.04 4.60 6.57 8.03 7.59 8.18 8.18 9.13 7.66 7.88 7.66 7.37 8.32 8.10 9.20 9.05 9.05 9.20 9.42 10.07 10.15 10.44 10.44 10.29 10.51 8.61 9.49 9.64 9.71 10.51 10.15 9.49 9.34 9.56 9.71 8.61 9.05 8.40 8.69 8.40 8.61 8.61 9.42 9.13 8.54 8.54 9.78 8.98 8.25 9.13 7.01 8.91 8.91 8.98 9.27 10.22 7.01 6.86 7.74 6.50 8.10 7.01 6.28 7.01 6.57 7.37 7.37 8.69 8.47 7.66 9.86 11.17 10.80
0.15 0.15 2.41 2.19 2.99 2.34 2.26 4.02 4.38 4.31 5.18 5.84 5.84 6.94 7.52 7.52 7.23 5.99 6.35 5.55 5.77 6.28 6.20 6.57 7.88 8.25 8.25 8.40 9.64 9.27 10.37 11.02 10.15 10.22 10.66 9.78 9.93 9.78 9.42 8.54 8.69 8.61 9.56 9.05 8.98 9.56 9.78 8.61 8.98 8.40 8.25 8.25 8.61 8.61 10.00 9.49 7.08 9.71 6.20 6.20 6.28 6.42 6.35 4.53 6.28 5.62 6.64 6.50 6.28 7.15 7.15 7.66 8.32 7.96 5.84 6.35 6.35 7.08 8.47 8.40 10.00 10.66 9.86
0.00 0.00 0.51 2.12 3.43 2.12 4.45 4.16 5.69 6.13 6.20 6.28 7.08 7.30 7.30 6.94 7.45 6.50 5.99 6.20 5.18 4.96 5.62 5.40 7.15 7.37 7.37 7.15 8.40 8.76 8.98 9.42 8.98 6.94 8.32 8.40 8.76 8.69 8.76 7.96 7.96 6.72 8.76 8.32 8.10 8.25 9.20 8.61 8.76 8.61 7.23 7.23 7.08 7.37 7.08 7.01 6.94 5.11 5.40 5.11 5.48 3.29 0.00 4.74 4.60 4.09 4.60 4.38 5.33 8.03 8.54 8.83 6.94 8.10 8.98 8.32 8.32 7.15 8.83 6.94 7.96 7.59 8.91
0.00 0.00 0.00 1.68 2.26 4.09 4.02 5.62 6.50 6.79 5.26 6.86 6.72 7.37 7.08 7.30 6.20 6.94 6.94 5.99 4.38 4.45 3.65 3.72 3.50 5.48 5.48 4.45 4.60 2.63 2.63 2.92 4.74 4.53 6.94 7.74 7.45 8.76 8.98 7.45 6.50 8.25 8.61 8.40 8.03 9.27 9.56 8.91 8.18 8.83 8.61 8.61 7.74 6.72 5.62 4.31 5.48 4.53 4.60 3.94 3.58 0.00 0.00 4.82 4.82 4.45 5.40 4.38 3.72 7.01 8.40 7.01 7.96 9.42 9.13 10.22 10.22 8.61 8.98 7.74 8.25 9.05 10.66
0.00 0.00 1.53 2.12 1.97 3.07 3.80 5.11 5.62 4.60 4.74 5.26 6.35 6.28 6.64 6.06 6.06 7.01 6.72 7.01 5.40 4.67 3.14 3.36 3.80 3.36 3.36 3.14 4.53 3.58 2.34 2.26 2.99 4.31 4.38 4.67 5.91 9.78 9.27 10.44 10.95 9.78 9.64 9.13 9.49 9.71 10.00 9.34 8.47 8.32 9.42 9.42 9.20 8.69 6.06 5.62 6.28 5.04 5.04 4.16 4.82 4.96 6.13 4.53 5.11 5.04 3.72 3.65 0.00 5.33 5.48 5.26 7.52 9.34 9.56 10.59 10.59 10.37 10.07 8.10 8.47 8.83 10.37
0.00 0.00 1.53 2.12 1.97 3.07 3.80 5.11 5.62 4.60 4.74 5.26 6.35 6.28 6.64 6.06 6.06 7.01 6.72 7.01 5.40 4.67 3.14 3.36 3.80 3.36 3.36 3.14 4.53 3.58 2.34 2.26 2.99 4.31 4.38 4.67 5.91 9.78 9.27 10.44 10.95 9.78 9.64 9.13 9.49 9.71 10.00 9.34 8.47 8.32 9.42 9.42 9.20 8.69 6.06 5.62 6.28 5.04 5.04 4.16 4.82 4.96 6.13 4.53 5.11 5.04 3.72 3.65 0.00 5.33 5.48 5.26 7.52 9.34 9.56 10.59 10.59 10.37 10.07 8.10 8.47 8.83 10.37
2.56 2.56 2.85 2.48 3.58 3.36 5.18 6.13 6.28 4.38 4.67 4.38 6.57 6.79 6.79 6.64 6.94 8.61 7.45 8.47 7.59 6.42 5.26 6.94 5.04 5.11 5.11 7.01 5.91 6.28 6.20 5.55 5.55 5.69 5.48 5.18 6.13 8.98 8.40 10.51 8.32 9.93 10.29 8.91 8.98 8.76 9.56 8.98 9.20 10.15 9.71 9.71 8.76 9.27 6.86 6.06 3.36 4.96 4.38 4.09 4.23 4.38 4.96 4.09 4.82 0.00 0.00 0.00 0.00 4.09 0.00 0.00 5.91 8.18 7.45 9.93 9.93 7.08 7.66 8.47 8.10 8.69 9.42
3.87 3.87 5.33 4.89 6.86 6.64 6.35 7.01 4.89 5.55 3.29 6.06 5.69 6.57 6.86 7.45 7.15 8.83 9.34 9.42 8.54 7.74 8.98 8.47 8.54 7.88 7.88 7.88 7.30 7.01 6.20 5.99 6.35 6.64 5.91 4.82 4.82 5.11 5.69 7.52 9.56 8.47 8.40 8.54 8.18 9.64 8.47 10.15 9.93 10.73 10.22 10.22 9.78 7.66 6.06 6.42 5.40 5.55 4.02 4.23 4.38 4.38 5.04 3.87 4.53 3.29 3.80 3.07 3.21 3.21 4.31 3.80 5.04 5.62 6.20 5.91 5.91 5.99 6.57 6.13 8.10 7.66 8.32
4.82 4.82 5.48 6.64 6.35 7.66 7.01 7.88 5.40 2.34 3.14 2.04 5.18 6.64 6.50 7.81 8.54 7.96 9.71 9.34 9.64 8.98 10.00 10.73 10.51 10.59 10.59 11.68 10.15 8.76 8.03 7.23 6.28 5.91 6.06 4.53 3.72 5.18 6.86 7.66 7.96 7.81 7.96 7.59 8.03 8.47 8.83 9.64 9.42 10.29 9.34 9.34 9.05 7.45 7.30 6.42 5.99 6.20 7.66 8.18 6.28 6.28 4.45 5.11 5.55 4.09 2.77 3.14 4.02 3.87 4.31 4.38 3.65 0.00 0.00 5.48 5.48 6.28 6.28 6.20 6.20 5.04 5.48
5.26 5.26 5.18 6.94 7.45 7.52 6.50 6.64 5.04 3.58 1.17 4.60 3.72 7.66 8.98 8.76 10.73 9.71 8.69 9.13 10.59 12.70 13.65 13.21 14.09 12.85 12.85 13.07 11.39 9.49 8.98 7.45 6.06 6.20 4.74 4.31 5.55 6.28 5.99 7.45 8.40 8.83 8.47 8.40 8.25 8.18 8.69 10.07 9.27 8.83 9.27 9.27 7.88 6.57 7.23 6.13 6.35 8.25 8.69 7.96 8.18 6.28 5.84 5.11 5.04 4.96 2.77 3.50 3.50 0.00 0.00 0.00 0.00 0.00 0.00 4.53 4.53 4.89 5.99 4.82 4.82 4.74 4.02
4.60 4.60 5.48 5.26 6.50 6.64 6.64 7.66 6.50 6.72 6.86 9.05 11.24 8.10 10.29 12.63 11.90 12.41 10.00 10.80 10.00 13.43 15.26 15.11 15.11 14.60 14.60 12.12 10.88 9.71 9.56 8.10 6.06 5.48 5.84 6.13 6.06 6.13 6.50 7.88 8.61 8.76 9.71 8.61 8.98 9.13 9.20 10.37 9.05 9.42 8.32 8.32 7.52 7.52 7.45 8.98 8.69 7.88 7.23 5.99 5.69 5.77 6.06 5.84 5.69 4.82 4.38 4.02 3.72 0.00 3.50 4.60 3.87 4.53 4.02 4.16 4.16 0.00 3.94 3.43 2.92 1.90 2.12
4.60 4.60 5.48 5.26 6.50 6.64 6.64 7.66 6.50 6.72 6.86 9.05 11.24 8.10 10.29 12.63 11.90 12.41 10.00 10.80 10.00 13.43 15.26 15.11 15.11 14.60 14.60 12.12 10.88 9.71 9.56 8.10 6.06 5.48 5.84 6.13 6.06 6.13 6.50 7.88 8.61 8.76 9.71 8.61 8.98 9.13 9.20 10.37 9.05 9.42 8.32 8.32 7.52 7.52 7.45 8.98 8.69 7.88 7.23 5.99 5.69 5.77 6.06 5.84 5.69 4.82 4.38 4.02 3.72 0.00 3.50 4.60 3.87 4.53 4.02 4.16 4.16 0.00 3.94 3.43 2.92 1.90 2.12
4.53 4.53 5.04 4.96 4.89 6.20 8.03 7.59 7.45 8.61 9.93 9.49 11.39 10.44 10.80 10.88 12.19 12.19 11.90 11.75 14.82 15.99 15.55 15.70 14.38 15.26 15.26 12.05 12.78 10.80 9.49 8.61 7.08 6.64 5.91 7.88 7.45 6.79 8.25 8.91 10.66 11.02 8.61 10.44 9.34 9.93 9.71 10.15 10.51 10.80 9.34 9.34 8.32 9.13 7.81 10.00 10.00 10.29 9.05 6.64 6.28 7.45 6.64 6.94 6.86 5.04 5.91 4.38 4.53 3.80 3.65 5.26 4.16 4.38 5.26 3.87 3.87 3.14 3.58 3.50 2.99 2.77 3.07
3.50 3.50 4.96 5.11 6.42 6.13 7.45 7.81 7.59 8.54 9.42 10.80 10.80 10.15 10.22 11.10 11.24 12.12 12.34 14.67 13.94 15.55 16.21 14.60 14.60 14.60 14.60 12.99 10.37 8.98 8.76 8.98 8.83 8.47 8.76 8.40 10.00 9.64 9.78 11.17 10.73 12.05 11.02 11.24 11.53 11.10 10.66 10.51 11.10 11.02 10.88 10.88 9.93 8.98 8.25 9.56 11.02 11.17 10.59 8.40 11.61 8.54 8.98 8.25 9.64 7.59 8.10 7.74 10.00 6.86 6.64 6.64 5.40 8.69 8.32 5.18 5.18 4.60 4.60 5.11 2.77 4.09 4.02
3.29 3.29 2.99 4.38 5.33 6.94 7.01 7.37 6.79 7.23 7.59 7.81 8.03 10.22 10.29 11.90 11.61 11.83 11.68 13.51 14.97 14.24 14.09 13.58 13.43 11.83 11.83 10.73 11.24 9.20 8.47 7.74 8.91 8.69 10.15 10.59 9.56 10.44 11.39 11.68 10.44 10.07 10.44 12.26 11.68 10.51 9.42 11.39 11.02 9.64 8.25 8.25 8.91 10.37 9.78 11.68 12.92 12.78 13.72 13.80 14.16 12.05 11.61 14.53 12.63 10.66 13.72 12.34 10.37 10.15 8.69 11.68 11.10 11.32 10.59 8.03 8.03 9.86 5.26 5.48 5.18 4.60 5.40
4.45 4.45 3.36 4.31 4.31 5.84 7.23 6.57 6.86 6.94 7.59 7.52 8.40 8.32 11.39 14.09 13.65 14.60 15.18 16.43 16.35 14.82 13.87 13.14 12.99 12.63 12.63 9.93 9.56 8.76 7.66 7.88 7.88 9.49 10.95 11.24 10.07 10.59 9.78 9.05 7.37 8.10 9.20 6.50 8.47 7.52 9.27 8.91 7.74 6.94 8.69 8.69 6.28 9.34 10.07 10.95 13.43 13.51 14.09 13.07 12.78 12.99 12.63 14.97 14.53 16.13 14.02 12.99 12.26 10.15 9.56 10.66 11.83 12.41 12.70 11.83 11.83 12.26 8.25 10.00 6.50 12.05 11.61
4.31 4.31 4.53 4.09 4.31 6.13 6.13 6.79 7.88 7.66 10.29 10.07 8.61 8.76 10.73 14.53 15.40 15.04 15.40 15.62 15.04 15.04 14.67 14.09 13.94 13.07 13.07 10.22 10.66 8.83 10.44 8.98 9.20 9.71 10.66 9.64 8.61 9.13 7.74 6.50 8.25 7.81 6.35 4.82 4.38 5.26 5.69 6.86 6.72 7.01 6.64 6.64 4.96 6.28 8.10 10.29 12.92 12.56 11.83 11.39 12.26 12.63 13.94 12.12 12.34 15.70 14.16 12.92 9.13 9.42 9.71 8.03 8.76 8.98 12.05 12.99 12.99 14.24 14.89 12.26 14.24 13.94 14.24
4.31 4.31 4.53 4.09 4.31 6.13 6.13 6.79 7.88 7.66 10.29 10.07 8.61 8.76 10.73 14.53 15.40 15.04 15.40 15.62 15.04 15.04 14.67 14.09 13.94 13.07 13.07 10.22 10.66 8.83 10.44 8.98 9.20 9.71 10.66 9.64 8.61 9.13 7.74 6.50 8.25 7.81 6.35 4.82 4.38 5.26 5.69 6.86 6.72 7.01 6.64 6.64 4.96 6.28 8.10 10.29 12.92 12.56 11.83 11.39 12.26 12.63 13.94 12.12 12.34 15.70 14.16 12.92 9.13 9.42 9.71 8.03 8.76 8.98 12.05 12.99 12.99 14.24 14.89 12.26 14.24 13.94 14.24
4.96 4.96 5.04 5.04 4.82 5.91 8.18 7.96 11.53 17.37 18.69 15.62 11.97 13.80 13.87 14.82 15.40 15.26 12.92 12.26 12.12 13.94 14.75 14.31 14.45 13.94 13.94 12.63 12.99 11.46 10.07 10.00 9.86 9.05 9.13 9.64 8.54 8.47 8.69 8.69 7.45 8.03 6.42 3.94 5.55 6.20 6.13 6.72 8.25 8.03 8.18 8.18 5.77 11.10 7.30 11.39 12.05 11.97 12.34 11.68 10.51 12.85 9.71 10.66 15.48 10.95 9.34 9.42 5.77 6.13 7.30 8.76 8.32 7.37 9.78 10.22 10.22 14.67 11.24 14.24 13.80 14.38 16.28
6.86 6.86 5.91 5.99 6.28 6.42 8.10 13.72 17.96 17.52 18.47 15.91 14.09 14.24 13.14 13.51 14.31 14.02 14.09 11.46 12.78 12.12 14.31 14.60 14.16 14.82 14.82 13.58 14.09 12.70 14.02 12.05 9.78 10.29 9.13 9.42 10.51 9.78 10.59 10.15 7.37 8.61 7.52 8.10 6.50 4.82 6.42 7.52 10.00 9.34 10.95 10.95 10.29 12.05 13.07 12.12 11.90 11.68 11.46 11.61 9.27 9.93 7.88 7.08 8.76 9.49 9.71 7.08 8.18 7.96 8.47 7.96 9.13 9.34 8.83 8.83 8.83 10.15 7.37 10.15 9.78 15.11 13.72
6.94 6.94 7.45 7.15 7.59 9.42 7.08 12.70 17.37 16.79 16.79 15.48 12.70 12.34 12.34 12.41 13.21 12.41 12.70 10.80 10.73 10.51 12.48 13.72 13.51 13.94 13.94 14.67 13.80 12.70 10.51 11.02 11.46 13.43 15.40 13.43 14.31 10.80 8.76 10.88 10.15 8.10 7.01 5.26 5.91 8.10 8.25 8.47 10.15 8.54 9.13 9.13 10.29 11.61 10.66 11.32 12.26 12.70 10.66 9.13 6.28 7.01 4.16 3.50 6.06 8.25 9.20 7.30 7.23 7.88 8.91 7.37 8.69 8.18 6.79 5.69 5.69 5.55 6.13 8.32 8.76 11.97 14.45
7.81 7.81 8.47 9.05 8.91 10.80 12.78 12.56 12.78 11.97 13.58 11.24 11.61 11.02 9.64 10.00 11.75 10.15 9.27 7.45 9.05 8.61 10.59 11.83 11.68 12.70 12.70 13.43 13.43 13.43 13.29 13.21 11.97 14.60 15.77 16.35 16.94 9.42 8.61 12.12 9.34 8.40 5.40 6.42 6.64 7.23 8.47 9.27 9.27 9.49 8.25 8.25 8.98 9.78 10.80 11.39 12.34 10.51 8.76 5.77 3.58 1.75 4.82 5.55 3.72 5.62 6.79 7.15 7.15 7.74 6.72 5.77 8.10 7.37 4.31 4.67 4.67 6.50 8.54 8.32 8.83 9.34 12.56
5.04 5.04 4.74 8.83 10.88 10.51 11.83 12.12 11.53 10.66 11.83 11.75 11.10 9.42 9.56 8.18 9.20 8.40 8.47 7.81 6.13 8.54 8.76 10.59 11.10 12.34 12.34 13.51 13.58 14.53 14.24 15.99 16.50 15.48 16.35 16.35 15.77 9.13 9.42 11.53 11.39 8.69 8.83 7.74 7.15 7.15 9.13 9.49 9.49 9.34 9.34 9.34 8.32 9.20 9.42 5.33 3.07 3.50 1.83 4.38 1.02 3.65 3.87 2.92 2.99 4.31 4.89 6.50 3.14 4.16 4.67 4.02 3.58 3.72 2.99 3.87 3.87 9.20 10.66 9.64 7.88 8.61 10.51
4.67 4.67 4.45 4.02 8.83 10.15 9.78 10.44 10.51 11.61 11.75 11.68 11.46 9.34 8.40 8.83 7.52 7.01 6.13 4.23 5.18 4.74 7.23 9.86 12.34 12.63 12.63 15.18 15.99 16.64 17.30 13.14 12.41 14.89 9.27 14.67 6.42 7.81 4.89 11.83 10.59 8.91 9.20 8.83 8.83 10.37 10.07 10.80 9.93 8.91 8.91 8.91 7.01 7.01 2.56 0.00 0.00 0.00 0.00 1.24 0.00 5.11 4.82 4.02 2.92 3.07 4.02 0.00 2.77 0.00 0.00 2.26 0.00 0.00 8.25 10.88 10.88 10.37 11.75 12.63 10.44 12.56 12.12
4.67 4.67 4.45 4.02 8.83 10.15 9.78 10.44 10.51 11.61 11.75 11.68 11.46 9.34 8.40 8.83 7.52 7.01 6.13 4.23 5.18 4.74 7.23 9.86 12.34 12.63 12.63 15.18 15.99 16.64 17.30 13.14 12.41 14.89 9.27 14.67 6.42 7.81 4.89 11.83 10.59 8.91 9.20 8.83 8.83 10.37 10.07 10.80 9.93 8.91 8.91 8.91 7.01 7.01 2.56 0.00 0.00 0.00 0.00 1.24 0.00 5.11 4.82 4.02 2.92 3.07 4.02 0.00 2.77 0.00 0.00 2.26 0.00 0.00 8.25 10.88 10.88 10.37 11.75 12.63 10.44 12.56 12.12
4.74 4.74 3.50 2.99 2.77 5.18 7.08 8.18 9.20 10.59 10.66 10.37 10.44 9.93 7.88 6.28 4.96 4.16 4.45 4.67 5.77 7.01 5.69 5.04 9.42 7.96 7.96 14.53 11.83 16.13 15.84 11.75 11.39 4.60 6.86 2.56 3.43 4.23 9.27 8.47 7.45 10.15 7.15 10.22 9.64 10.59 8.83 10.15 9.86 9.56 8.61 8.61 9.34 5.26 1.75 0.00 0.00 0.00 0.00 4.45 4.96 4.16 3.07 3.21 3.65 2.99 0.00 0.00 2.85 0.00 0.00 2.70 4.82 7.37 10.95 13.21 13.21 14.31 15.99 14.97 13.51 14.24 11.97
