Wansh/Snow_depth/snowdepth-1995/winter/1996012.txt
ncols 321
nrows 161
xllcenter 60
yllcenter 15 
cellsize  0.25 
NODATA_value -1
[rows 74 to 110 of 161, columns 84 to 167 of 321]
0.00 0.00 0.00 0.00 0.00 0.51 0.00 0.00 0.58 1.46 0.00 0.66 2.70 3.36 5.18 5.69 5.91 5.77 5.77 5.55 4.16 0.00 2.70 3.43 4.60 5.99 5.84 4.60 2.41 2.99 2.56 3.94 3.29 0.00 4.96 5.55 6.50 9.42 11.68 12.26 11.32 6.06 1.97 1.97 2.41 0.66 1.02 0.80 1.61 2.70 0.00 0.00 0.00 0.00 2.31 2.04 1.39 0.00 1.61 2.19 1.10 0.00 0.00 0.00 0.00 0.00 0.00 0.00 0.00 0.00 1.47 0.22 0.00 0.00 0.00 0.00 0.00 0.00 0.00 0.00 0.00 0.88 0.37 1.31
0.00 0.80 0.00 1.10 0.80 2.19 3.65 2.41 2.85 3.21 0.44 0.95 3.65 4.45 4.45 5.18 5.55 5.18 5.18 4.89 5.33 4.31 3.36 3.72 6.20 8.76 7.23 4.74 5.48 4.60 3.94 3.07 0.00 0.00 0.00 5.48 7.81 10.95 10.22 12.78 7.88 4.45 3.50 3.50 3.50 2.48 1.10 1.90 2.56 3.87 3.43 2.12 1.53 1.02 2.26 2.19 1.68 0.66 2.19 1.68 1.31 0.95 0.66 1.39 0.00 0.58 0.00 0.00 0.00 0.66 0.88 1.90 1.31 0.00 0.00 0.00 0.00 0.00 0.00 0.00 0.00 0.15 0.00 0.15
2.19 2.41 0.00 2.85 1.24 2.48 4.02 3.94 3.29 3.58 3.87 4.31 4.09 4.38 4.74 4.60 5.04 4.74 4.74 5.04 3.65 0.00 0.00 0.00 4.31 7.81 7.45 6.86 5.84 5.33 4.82 2.99 3.43 3.87 3.72 0.00 5.18 7.74 5.18 9.13 9.78 5.91 3.65 3.65 2.41 3.07 3.43 4.16 4.74 5.11 3.07 3.50 2.99 1.75 0.73 0.95 1.53 1.53 1.39 0.88 2.56 1.75 1.75 0.88 1.10 0.00 0.00 1.53 1.53 1.31 2.99 3.07 2.56 0.07 0.00 0.00 0.00 0.00 0.00 0.00 0.00 0.00 0.00 0.23
0.95 2.19 2.41 2.56 2.56 2.92 3.65 4.02 3.72 3.43 3.50 3.94 4.09 4.09 4.89 4.16 4.23 4.53 4.53 4.67 4.23 3.36 4.16 3.87 0.00 5.84 6.20 6.06 5.91 4.82 4.38 4.45 2.85 4.02 3.36 3.58 0.00 0.00 0.00 4.23 4.09 4.96 5.04 5.04 3.58 3.94 3.87 4.38 4.23 4.09 4.89 4.09 3.43 3.21 4.38 3.58 2.70 2.63 1.46 2.34 2.41 1.61 1.02 2.19 1.97 1.61 1.02 4.09 4.09 3.80 3.07 3.87 2.41 1.17 0.00 0.00 0.00 0.00 0.00 0.00 0.00 0.00 0.00 0.00
4.09 4.89 2.26 2.92 2.99 2.41 2.70 3.21 3.87 2.92 4.09 4.60 4.38 4.16 4.09 4.02 4.02 4.74 4.74 5.04 4.74 4.60 4.53 4.89 4.82 4.60 5.26 5.40 4.60 3.50 4.45 4.82 2.56 0.00 3.43 0.00 0.00 0.00 3.07 0.00 0.00 3.80 4.53 4.53 3.14 0.00 4.31 0.00 3.87 3.94 4.31 4.53 4.45 4.02 4.23 3.80 2.92 2.56 2.12 1.90 2.85 2.19 2.99 2.12 1.68 4.31 3.07 6.13 6.13 5.84 4.74 2.04 2.26 0.15 0.00 0.15 0.00 0.00 0.00 0.00 0.00 0.00 0.59 0.37
5.77 2.63 4.31 2.99 3.43 0.00 0.00 2.92 0.00 3.36 3.50 4.31 3.58 3.58 4.38 3.58 4.82 5.99 5.99 5.26 4.82 5.26 4.45 4.60 4.67 0.00 4.67 4.67 4.96 3.94 4.09 0.00 0.00 0.00 0.00 0.00 0.00 0.00 0.00 0.00 0.00 0.00 0.00 0.00 0.00 2.85 0.00 0.00 0.00 4.38 0.00 0.00 4.23 0.00 0.00 3.14 2.92 2.12 1.97 2.41 2.77 2.92 2.70 3.14 5.26 5.40 5.48 7.15 7.15 6.86 3.72 2.77 3.14 1.17 3.23 0.58 0.15 0.00 0.00 0.00 0.00 0.44 1.46 1.03
3.80 0.00 2.63 2.41 3.07 2.04 3.14 3.58 3.87 4.09 4.02 4.09 4.09 4.09 0.00 2.99 4.23 5.04 5.04 4.96 4.89 3.29 3.58 3.36 3.07 3.43 0.00 3.87 0.00 4.60 3.29 3.21 0.00 0.00 0.00 0.00 0.00 0.00 0.00 0.00 2.85 2.56 0.00 0.00 0.00 0.00 0.00 3.36 0.00 0.00 0.00 0.00 0.00 0.00 0.00 0.00 2.26 1.97 1.97 2.56 2.99 3.43 2.85 3.14 3.94 0.00 0.00 5.18 5.18 6.06 5.48 5.99 12.34 3.72 2.77 3.89 1.35 1.38 0.07 0.37 0.00 0.00 1.10 0.15
0.00 0.00 0.00 0.00 2.63 0.00 2.92 3.29 2.85 3.43 4.09 4.09 4.89 4.09 3.80 3.14 3.80 4.16 4.16 3.50 0.00 0.00 0.00 0.00 0.00 0.00 3.43 3.87 3.65 4.60 0.00 0.00 0.00 0.00 3.58 2.77 0.00 0.00 0.00 0.00 0.00 0.00 0.00 0.00 0.00 0.00 0.00 4.09 0.00 0.00 0.00 0.00 0.00 0.00 0.00 1.39 2.48 2.34 3.36 3.14 2.48 5.55 4.96 2.92 1.75 2.70 0.00 3.21 3.21 4.09 5.84 9.71 13.65 8.83 5.84 3.45 2.65 1.07 0.98 0.75 0.59 0.00 0.29 0.00
0.00 0.00 0.00 2.77 2.70 2.77 2.99 3.21 2.77 2.63 4.53 0.00 4.16 3.87 4.16 4.09 3.43 0.00 0.00 4.02 2.41 1.46 0.00 0.00 0.00 0.00 2.19 2.99 3.14 0.00 0.00 0.00 0.00 0.00 2.77 2.41 2.04 1.61 0.00 2.04 3.14 0.00 0.00 0.00 0.00 3.43 4.45 4.74 0.00 0.00 0.00 0.00 1.97 2.12 1.46 2.34 2.92 2.41 4.02 5.04 3.50 4.60 5.11 3.21 9.42 7.88 4.96 3.14 3.14 6.13 5.33 8.54 11.46 14.97 12.19 10.07 3.14 2.85 1.02 0.66 0.80 0.51 0.29 0.44
2.77 2.34 2.19 2.63 3.36 0.00 0.00 1.97 1.83 2.19 0.00 4.82 4.02 3.58 4.16 4.09 3.14 3.36 3.36 1.61 1.02 1.31 0.00 0.44 0.00 0.00 0.88 0.00 1.53 0.00 0.00 0.00 0.00 0.00 0.00 2.77 1.83 1.02 0.95 1.31 0.00 0.00 0.00 0.00 0.00 0.00 4.82 4.31 5.40 3.43 3.50 2.48 2.70 2.26 2.19 5.62 4.02 3.50 5.18 4.82 6.57 8.54 9.27 8.91 13.94 11.61 10.07 6.64 6.64 6.28 6.42 9.42 14.53 13.80 13.14 10.00 8.47 2.85 3.14 2.19 1.24 1.61 0.44 0.66
3.21 2.99 2.26 2.48 2.85 0.00 0.00 0.00 0.00 0.00 3.43 3.29 3.14 2.92 3.43 2.92 2.63 3.14 3.14 3.14 2.19 0.95 0.37 1.83 1.90 1.97 0.88 1.02 0.00 0.00 0.00 0.00 2.41 0.00 0.00 0.00 0.00 0.00 0.00 0.22 0.00 0.95 0.00 0.00 0.00 0.00 0.00 0.00 4.82 4.45 5.33 6.64 6.64 6.13 4.16 9.34 9.13 5.91 7.23 5.77 10.15 12.41 13.36 14.97 15.48 16.28 15.77 12.56 12.56 7.88 8.03 10.44 11.17 12.78 9.56 9.71 6.86 5.91 4.02 3.36 2.63 3.94 1.90 0.22
0.00 2.34 2.12 2.12 2.04 0.00 2.04 0.00 2.99 2.34 2.56 2.19 0.00 2.34 2.19 2.41 2.26 2.41 2.41 2.77 3.50 2.12 2.26 1.97 2.04 1.61 1.68 1.83 1.97 0.00 0.00 0.00 4.38 2.41 0.00 0.00 0.00 0.00 1.68 0.00 0.00 0.00 0.00 0.00 0.00 2.92 0.00 4.96 3.58 5.11 7.30 7.23 7.59 8.18 12.99 12.70 12.99 9.20 7.01 13.21 12.69 14.82 15.28 14.89 23.07 23.29 29.13 21.75 21.75 18.54 28.32 16.06 9.56 9.27 9.34 5.62 4.74 7.52 7.15 4.89 4.16 5.84 3.43 1.02
1.61 1.97 2.26 2.19 2.70 2.63 2.99 3.43 3.29 2.70 0.00 0.00 2.70 0.00 2.70 3.14 4.82 5.26 5.26 5.40 3.72 3.94 4.02 2.92 0.00 0.00 3.72 4.16 3.58 0.00 0.00 5.18 6.57 5.11 5.55 0.00 4.53 4.45 6.13 5.40 8.03 3.14 5.11 5.11 4.38 4.02 4.82 4.38 5.18 5.99 5.33 5.84 7.74 8.03 13.58 14.89 16.72 19.49 18.32 16.28 17.37 23.51 23.17 23.80 24.82 29.64 24.31 26.57 26.57 31.68 28.84 29.13 15.62 14.82 11.53 7.74 7.96 10.15 10.73 9.93 9.64 6.50 5.84 1.46
2.04 2.26 2.56 1.75 0.00 2.63 3.07 0.00 0.00 0.00 3.43 0.00 3.50 3.94 4.31 4.09 5.55 6.28 6.28 5.26 4.82 3.94 4.74 3.07 3.21 3.94 5.18 4.60 4.82 4.45 5.33 5.69 6.86 6.72 6.86 5.62 4.82 4.60 6.50 6.57 7.59 4.38 4.02 4.02 5.48 5.77 5.77 4.38 3.87 4.53 4.67 5.62 6.79 7.45 10.29 14.16 14.38 18.25 21.46 22.85 23.07 24.31 20.15 19.42 22.16 23.29 21.97 21.24 21.24 24.31 26.13 27.16 19.20 16.79 12.92 11.10 10.29 10.73 10.66 14.02 13.43 9.56 6.94 1.24
2.70 1.75 1.83 0.00 0.00 0.00 2.63 0.00 0.00 0.00 3.87 5.18 5.69 5.77 5.84 5.55 5.04 5.33 5.33 6.06 5.55 5.18 4.09 2.70 2.85 4.31 5.11 5.11 4.82 5.11 5.11 6.72 6.28 6.20 6.64 5.26 5.04 5.77 4.82 6.28 5.18 6.64 10.37 10.37 9.56 7.15 7.59 4.82 4.31 4.74 4.67 4.96 6.06 7.81 9.64 11.90 17.59 16.57 21.32 22.34 21.68 21.90 16.94 18.03 18.14 20.78 20.00 19.42 19.42 16.64 21.24 23.36 17.37 17.16 17.16 14.09 12.70 12.34 12.63 13.21 12.34 10.59 8.18 3.07
1.68 0.00 1.61 0.00 0.00 0.00 0.00 0.00 0.00 0.00 3.87 5.11 5.11 5.48 4.96 4.31 4.09 3.50 3.50 4.16 3.65 5.33 2.56 2.41 2.34 3.29 4.67 4.38 3.72 4.31 6.50 5.99 7.74 6.64 5.18 7.45 5.40 5.48 6.28 4.82 8.10 7.74 10.80 10.80 10.66 10.44 10.29 3.94 10.51 9.49 6.94 5.77 5.26 11.32 12.12 17.23 18.03 19.56 17.79 15.34 15.70 18.83 14.30 16.21 18.97 22.28 20.36 18.40 18.40 15.48 16.86 16.28 14.24 15.62 15.48 14.02 14.31 14.60 12.56 12.99 14.33 10.91 8.22 4.55
1.31 2.04 0.00 0.00 0.00 0.00 0.00 0.00 0.00 0.00 0.00 4.53 4.31 2.85 0.00 3.14 2.99 0.00 0.00 0.00 0.00 0.00 0.00 0.00 0.00 4.09 0.00 0.00 0.00 0.00 5.04 7.30 7.30 8.61 8.91 10.07 9.42 7.81 10.29 7.52 7.59 8.47 8.69 8.69 8.98 12.12 12.85 7.59 12.48 10.80 9.93 8.83 18.32 17.96 26.72 25.70 20.88 22.05 16.13 12.12 10.99 10.59 14.97 17.96 15.62 17.89 20.10 18.96 18.37 15.33 14.82 14.75 15.18 12.99 13.87 10.22 11.17 13.51 13.76 12.77 11.77 10.07 7.85 5.22
1.17 1.17 0.95 0.00 0.00 1.02 1.24 1.68 1.10 0.00 0.00 0.00 0.00 0.00 0.00 0.00 0.00 0.00 0.00 0.00 0.00 0.00 0.00 0.00 0.00 0.00 0.00 0.00 0.00 0.00 0.00 3.65 5.26 8.83 13.14 10.88 12.92 10.44 10.15 11.83 10.88 8.10 8.61 8.61 10.73 10.37 13.07 11.68 11.83 12.41 12.85 20.29 24.67 24.53 27.74 28.76 24.31 26.86 15.41 14.53 11.39 10.15 12.22 14.14 13.00 16.16 17.16 17.23 17.31 16.83 13.72 12.85 12.56 12.19 10.86 10.07 9.27 9.42 12.77 12.79 15.45 12.99 10.63 8.74
1.75 1.68 1.46 1.31 1.24 1.46 1.68 0.00 0.00 0.00 0.00 0.00 0.00 0.00 0.00 0.00 0.00 0.00 0.00 0.00 0.00 0.00 0.00 0.00 0.00 0.00 4.23 0.00 0.00 0.00 0.00 2.19 7.59 8.25 12.99 13.72 12.99 11.02 12.05 11.61 6.28 7.59 8.47 8.47 8.25 9.56 10.44 8.40 9.71 11.68 14.31 16.79 21.39 25.77 27.67 28.18 28.11 26.35 20.66 15.20 15.41 14.06 9.81 11.71 12.56 15.47 16.92 12.19 12.19 12.92 12.81 15.36 15.19 13.56 14.45 12.76 11.32 13.27 12.87 14.60 17.52 15.43 13.03 13.51
1.24 1.10 1.39 0.88 1.46 1.39 1.75 0.00 0.00 0.00 0.00 0.00 0.00 0.00 0.00 1.68 0.00 0.00 0.00 0.00 0.00 0.00 0.00 0.00 0.00 0.00 0.00 0.00 0.00 0.00 0.00 0.00 3.87 3.94 9.64 10.15 12.05 10.22 5.77 7.81 10.66 5.11 7.52 7.52 4.09 4.96 9.78 8.03 12.05 14.60 15.77 13.65 16.79 21.97 25.84 29.57 30.02 27.30 25.55 24.75 23.00 18.57 14.77 9.91 16.17 15.87 13.13 10.88 10.88 10.62 11.89 16.11 16.45 16.43 15.64 14.89 13.29 15.27 13.50 13.85 15.82 19.96 15.17 16.32
1.31 2.04 1.90 1.10 1.53 1.83 2.34 0.00 0.00 0.00 0.00 0.00 0.00 0.00 0.00 1.97 1.24 0.00 0.00 0.00 0.00 0.00 0.00 0.00 0.00 0.00 0.00 0.73 0.00 0.00 0.00 0.00 0.00 5.55 10.07 8.69 4.96 3.72 4.16 0.00 0.00 0.00 3.65 3.65 2.48 1.83 5.91 8.91 11.24 12.56 12.41 15.11 16.83 20.77 23.39 26.38 23.41 28.47 27.67 26.79 20.44 19.08 14.37 11.13 11.77 14.68 12.51 10.37 10.42 9.32 13.11 10.87 16.05 16.57 19.70 17.81 16.98 15.05 14.76 12.99 14.98 16.56 14.52 13.00
1.68 2.99 3.50 2.04 3.36 2.04 0.00 0.00 0.00 0.00 1.83 0.00 0.00 0.00 0.00 0.88 0.00 0.00 0.00 0.00 0.00 1.46 0.00 0.00 0.00 0.00 0.00 1.24 0.00 0.00 0.00 0.00 0.00 2.19 3.36 3.07 3.43 3.65 0.00 0.00 0.00 0.00 0.00 0.00 1.61 3.29 6.79 7.88 11.17 13.58 17.59 17.52 18.03 17.43 20.33 22.65 18.39 25.09 26.31 22.34 17.83 15.85 9.39 6.91 8.41 12.05 8.61 7.48 7.48 7.52 9.76 9.49 6.55 16.15 19.37 19.81 19.37 14.28 11.38 13.89 18.15 16.26 13.28 11.41
2.19 3.07 3.29 5.04 9.20 3.43 3.36 2.63 3.21 3.07 0.00 0.00 0.00 0.00 0.00 0.58 0.00 0.00 0.00 0.00 0.00 0.00 0.00 0.00 0.00 0.00 1.24 0.29 0.66 0.00 0.00 0.00 0.00 0.00 0.95 0.00 0.00 0.00 0.00 0.00 0.00 0.00 5.48 5.48 4.74 4.60 6.28 8.40 10.37 13.29 16.64 16.94 16.06 17.53 18.25 19.06 14.00 24.08 19.57 22.14 12.55 10.72 8.58 7.42 5.91 8.66 5.32 4.89 4.82 3.04 4.00 5.77 6.26 12.50 14.02 17.75 17.12 9.36 9.99 8.82 14.68 19.79 10.12 8.57
2.99 3.14 2.99 6.06 13.80 7.30 6.64 5.18 6.35 5.55 1.24 0.00 0.00 0.00 0.00 0.00 0.00 0.00 0.00 0.00 0.00 0.00 0.00 0.00 2.04 0.00 1.46 1.10 0.80 0.44 0.00 0.00 0.00 0.00 0.95 1.24 0.00 0.00 0.00 0.00 5.48 5.55 8.18 8.18 8.47 7.37 5.48 6.50 8.76 13.03 15.58 16.60 18.27 19.09 16.92 16.07 13.72 15.40 18.87 8.71 9.24 9.68 8.10 6.86 5.71 4.21 4.08 2.94 2.86 1.90 1.61 5.91 9.84 9.54 10.56 10.88 5.20 6.70 6.85 4.17 10.86 12.56 7.17 7.12
9.56 13.94 17.16 23.07 24.45 22.19 17.01 18.47 13.72 7.88 3.65 1.75 1.02 1.17 1.10 0.58 0.37 1.31 1.31 0.00 0.00 0.00 0.00 0.00 0.44 1.46 1.97 1.17 0.44 1.31 0.88 0.88 1.10 1.39 1.75 0.58 1.53 0.00 3.94 3.21 3.58 5.40 3.43 3.43 5.55 5.26 5.33 7.59 10.80 10.22 13.47 15.86 12.37 12.49 11.27 9.44 13.39 12.82 12.97 13.43 11.59 9.83 13.11 11.06 5.84 4.84 3.77 1.87 1.84 0.66 1.24 3.03 5.18 8.14 8.54 5.62 2.72 2.97 2.59 0.00 1.53 2.01 2.16 4.36
12.41 16.35 19.49 20.51 19.93 29.13 23.21 14.89 6.13 0.00 0.00 0.44 0.88 0.58 1.97 0.88 1.46 1.90 1.90 1.90 2.34 1.10 1.46 0.44 0.95 0.15 1.10 0.29 0.58 1.10 1.31 0.51 1.46 1.97 3.50 2.92 3.07 3.94 4.02 0.37 0.44 1.02 4.23 4.23 2.99 4.45 5.18 6.35 8.73 6.92 9.26 10.40 7.77 8.48 10.06 8.01 9.64 11.92 9.33 13.57 14.67 18.23 14.60 9.71 5.55 5.33 3.08 1.85 1.83 0.15 0.73 0.32 3.78 7.39 5.98 3.94 4.06 1.50 0.00 0.00 0.74 1.07 2.98 3.95
11.68 13.21 18.54 15.26 11.97 26.21 22.78 14.89 5.99 1.97 1.75 1.02 1.61 2.34 2.56 2.63 2.63 1.46 1.46 1.61 1.31 1.68 1.46 0.80 0.29 0.00 0.07 0.00 0.88 0.95 0.73 0.58 0.66 1.75 3.14 3.21 4.23 4.02 0.29 0.00 0.15 0.44 1.97 1.97 2.12 3.07 3.14 3.32 6.73 6.42 7.51 8.93 8.56 8.14 8.73 6.72 8.34 9.36 8.17 11.25 18.45 17.28 15.33 10.29 5.99 7.82 3.87 1.10 1.22 0.08 0.00 0.88 3.12 6.91 6.59 2.95 1.53 0.00 0.22 0.16 1.82 1.28 3.82 2.92
6.28 6.86 13.29 7.23 4.67 18.25 18.32 13.06 8.10 2.77 0.00 0.00 0.00 2.19 2.56 2.92 3.43 2.70 2.70 1.53 1.75 1.68 1.46 1.75 0.73 0.00 0.00 0.00 0.29 1.02 0.88 0.66 0.00 0.22 2.85 1.97 4.16 2.34 0.07 0.00 0.00 0.00 0.95 0.95 1.61 2.41 2.99 3.89 6.13 6.59 7.22 9.00 9.77 9.83 7.26 5.75 6.14 7.09 11.45 13.45 19.07 16.54 16.43 14.60 9.56 5.02 6.90 3.77 3.63 0.66 0.63 0.84 2.43 3.69 6.42 1.35 1.04 0.15 0.70 0.23 3.31 4.74 7.15 6.26
0.00 5.48 0.00 0.00 6.06 9.71 12.70 11.83 9.49 2.92 1.97 2.77 3.07 0.00 3.43 4.89 5.18 4.45 4.45 2.77 1.68 2.26 1.83 0.51 0.73 0.15 0.00 0.00 0.00 0.00 0.58 0.00 0.00 0.00 0.00 2.99 1.75 0.00 0.00 0.00 0.00 0.00 0.00 0.00 1.90 2.63 3.94 5.26 4.89 6.42 6.67 7.95 6.56 6.96 5.84 5.03 5.17 8.36 10.87 14.78 13.47 13.83 16.00 19.28 12.40 8.65 10.58 5.61 5.64 3.07 1.32 0.56 0.45 2.06 0.80 1.47 1.19 0.81 0.96 0.64 1.48 5.67 7.30 4.54
0.00 0.00 0.00 0.00 5.91 9.71 10.88 9.20 7.45 7.08 4.89 5.40 5.77 4.31 4.96 9.42 9.20 6.64 6.64 4.16 2.92 2.63 0.00 0.00 0.00 0.00 0.00 0.00 0.00 0.00 0.00 0.00 0.00 0.00 0.00 0.51 0.44 0.00 0.00 0.00 0.00 0.00 0.22 0.22 0.22 1.31 2.71 1.24 2.67 4.29 8.07 6.47 6.93 7.74 5.97 5.94 7.12 10.67 10.80 10.25 14.24 17.52 18.55 13.77 13.78 13.16 12.45 8.95 10.47 3.25 1.83 2.23 0.54 0.35 0.41 0.42 1.54 1.75 0.62 0.32 2.26 4.99 6.65 5.50
0.00 0.00 0.00 0.00 0.00 7.23 7.81 8.03 8.47 8.47 8.98 7.81 8.18 10.29 16.57 17.37 14.53 7.96 7.96 5.33 3.72 6.64 1.02 0.00 0.00 0.00 1.17 0.00 0.22 0.00 0.00 0.00 0.00 0.00 0.00 0.00 0.00 0.00 0.00 0.00 0.00 0.00 0.00 0.00 0.00 0.44 0.88 1.90 1.51 2.18 3.03 6.64 5.84 5.14 8.17 5.25 10.02 0.00 8.83 14.46 11.10 13.55 16.16 14.88 14.26 16.26 14.05 4.51 5.05 3.86 3.42 1.70 0.26 0.00 0.56 0.66 0.75 0.22 0.71 1.15 0.50 3.07 5.70 3.36
0.00 0.00 0.00 0.00 0.00 0.00 4.67 5.84 7.01 8.54 10.00 10.51 12.99 14.09 20.44 23.42 22.27 16.43 16.43 12.19 10.00 16.64 6.94 0.15 0.00 5.18 2.63 0.95 2.63 0.00 0.00 0.00 0.07 0.00 0.95 0.00 0.80 0.00 0.00 0.22 0.00 0.00 1.46 1.46 0.58 0.00 0.00 0.15 3.90 5.27 8.18 6.80 7.21 0.00 0.00 0.00 0.00 0.00 0.00 0.00 10.56 11.99 11.71 17.26 13.67 15.64 14.70 6.88 7.03 5.91 4.06 3.23 2.46 1.10 0.52 1.08 0.94 0.00 0.09 0.38 0.10 3.45 3.65 4.39
0.00 0.00 0.00 0.00 0.00 0.00 0.00 0.00 3.72 8.25 10.00 10.88 13.51 14.02 16.57 20.54 22.34 24.52 22.88 20.08 21.24 12.78 13.58 3.87 4.96 12.26 9.05 5.77 12.92 2.63 7.15 0.66 3.87 7.23 8.32 4.16 0.51 0.00 0.00 0.00 3.94 2.12 5.04 5.04 1.46 0.00 0.59 3.40 5.81 9.80 6.80 8.27 7.89 5.15 0.00 0.00 0.00 0.00 0.00 0.00 0.00 10.22 9.86 7.73 15.31 19.40 12.75 9.99 12.21 10.75 6.62 5.62 3.15 1.25 1.46 1.65 1.83 0.84 0.00 0.00 0.00 2.42 1.68 3.01
0.00 0.00 0.00 0.00 0.00 0.00 0.00 0.00 0.00 0.00 0.00 3.72 3.07 3.87 5.77 6.94 9.42 14.52 14.76 10.00 15.33 18.32 14.75 7.01 5.69 14.02 22.41 24.89 16.94 19.93 19.35 27.08 21.17 26.72 8.83 10.00 14.24 12.85 9.93 9.68 13.92 11.87 8.03 8.03 15.62 12.05 8.69 5.94 3.86 5.44 0.00 0.00 0.00 0.00 0.00 0.00 0.00 0.00 0.00 0.00 0.00 0.00 0.00 8.60 15.19 9.43 7.93 7.56 8.45 6.86 0.00 5.02 3.80 0.00 1.30 2.33 2.77 0.91 1.38 0.00 0.00 0.00 0.00 0.00
0.00 0.00 0.00 0.00 0.00 0.00 0.00 0.00 0.00 0.00 0.00 0.00 0.00 0.00 0.00 0.00 3.65 6.79 6.79 13.14 5.73 11.73 14.45 13.65 12.56 20.50 25.61 21.90 22.05 20.81 20.44 31.32 33.80 28.40 15.62 13.51 12.26 16.28 16.13 10.29 16.45 12.04 16.06 17.94 16.43 16.28 6.35 4.12 4.38 3.41 0.00 0.00 0.00 0.00 0.00 0.00 0.00 0.00 0.00 0.00 0.00 0.00 0.00 0.00 13.59 0.00 0.00 0.00 0.00 0.00 0.00 0.00 2.23 0.00 0.00 1.94 0.00 0.00 0.00 0.00 0.00 0.00 0.00 0.00
0.00 0.00 0.00 0.00 0.00 0.00 0.00 0.00 0.00 0.00 0.00 0.00 0.00 0.00 0.00 0.00 0.00 0.00 0.00 3.14 0.00 10.15 13.80 7.59 9.13 11.15 19.14 15.04 12.63 18.76 8.83 18.54 32.98 26.72 11.24 11.95 7.08 8.98 11.02 5.55 6.56 4.16 9.76 12.39 19.09 12.06 6.54 3.44 1.00 0.00 0.00 0.00 0.00 0.00 0.00 0.00 0.00 0.00 0.00 0.00 0.00 0.00 0.00 0.00 0.00 0.00 0.00 0.00 0.00 0.00 0.00 0.00 0.00 0.00 0.00 0.00 0.00 0.00 0.00 0.00 0.00 0.00 0.00 0.00
0.00 0.00 0.00 0.00 0.00 0.00 0.00 0.00 0.00 0.00 0.00 0.00 0.00 0.00 0.00 0.00 0.00 0.00 0.00 0.00 0.00 0.00 6.79 0.00 5.91 6.57 4.60 12.56 6.64 10.44 5.26 6.70 21.81 16.79 10.44 6.69 0.00 3.50 0.00 0.00 0.00 0.00 0.00 0.00 8.50 8.54 10.95 0.00 0.00 0.00 0.00 0.00 0.00 0.00 0.00 0.00 0.00 0.00 0.00 0.00 0.00 0.00 0.00 0.00 0.00 0.00 0.00 0.00 0.00 0.00 0.00 0.00 0.00 0.00 0.00 0.00 0.00 0.00 0.00 0.00 0.00 0.00 0.00 0.00
