Wansh/Snow_depth/snowdepth-1995/winter/1996013.txt
ncols 321
nrows 161
xllcenter 60
yllcenter 15 
cellsize  0.25 
NODATA_value -1
[rows 0 to 36 of 161, columns 0 to 83 of 321]
9.71 9.71 11.83 12.78 12.63 12.78 11.39 12.48 12.92 12.92 11.61 11.32 11.46 10.73 11.32 10.88 11.10 10.22 10.22 10.29 9.13 10.15 10.73 5.99 7.01 6.42 6.42 4.45 4.96 2.56 3.14 3.29 5.62 8.61 7.66 10.95 10.66 9.42 11.10 10.59 12.78 13.07 12.56 11.90 12.12 11.02 10.51 10.59 10.44 11.24 9.34 9.34 7.88 8.47 7.30 7.01 7.37 5.69 6.35 3.07 3.14 3.29 1.75 1.97 1.83 2.04 1.46 1.75 1.90 3.14 2.99 4.45 4.67 5.84 5.11 5.26 5.26 5.99 6.13 5.99 5.48 4.96 5.91 5.99
12.34 12.34 12.48 11.83 11.83 11.90 11.90 11.90 11.90 12.26 12.63 10.07 9.27 10.00 8.76 5.84 5.84 8.91 7.45 8.61 9.42 5.48 3.80 4.60 4.31 3.94 3.94 4.89 5.26 5.55 5.33 7.37 6.64 9.71 11.32 10.88 11.68 11.61 12.48 13.72 13.51 13.43 12.48 12.48 10.88 10.44 9.56 8.98 8.98 8.91 6.64 6.64 7.66 3.36 2.85 3.07 2.63 2.12 2.12 2.04 2.56 1.31 1.31 0.95 2.85 3.80 3.94 2.77 2.12 1.90 3.21 4.96 4.53 5.48 7.66 6.79 6.79 6.86 6.06 6.94 6.28 6.42 6.42 8.83
11.97 11.97 12.41 12.34 12.34 12.26 12.19 12.12 11.83 10.29 6.72 8.25 2.56 2.85 2.19 4.82 5.84 6.20 4.82 3.65 3.72 4.23 4.60 4.89 4.53 6.94 6.94 6.35 6.86 8.47 8.47 9.56 10.29 9.93 11.24 10.37 11.53 11.68 11.39 11.53 10.07 10.44 11.39 11.02 11.24 9.27 8.76 8.61 9.71 7.37 6.42 6.42 2.12 2.99 1.90 1.83 2.19 1.10 1.02 1.17 0.88 1.53 1.46 2.56 2.26 4.16 4.45 6.94 7.08 7.08 7.45 7.96 7.81 8.25 7.96 8.40 8.40 8.10 7.37 7.88 7.74 8.25 7.88 8.91
11.97 11.97 12.41 12.34 12.34 12.26 12.19 12.12 11.83 10.29 6.72 8.25 2.56 2.85 2.19 4.82 5.84 6.20 4.82 3.65 3.72 4.23 4.60 4.89 4.53 6.94 6.94 6.35 6.86 8.47 8.47 9.56 10.29 9.93 11.24 10.37 11.53 11.68 11.39 11.53 10.07 10.44 11.39 11.02 11.24 9.27 8.76 8.61 9.71 7.37 6.42 6.42 2.12 2.99 1.90 1.83 2.19 1.10 1.02 1.17 0.88 1.53 1.46 2.56 2.26 4.16 4.45 6.94 7.08 7.08 7.45 7.96 7.81 8.25 7.96 8.40 8.40 8.10 7.37 7.88 7.74 8.25 7.88 8.91
13.51 13.51 12.70 12.85 13.14 13.21 12.78 9.93 11.02 8.76 2.48 3.65 3.58 5.55 5.18 5.99 5.33 4.74 4.02 3.87 6.64 6.06 5.48 7.96 8.18 7.52 7.52 10.07 10.07 9.27 9.49 9.20 11.17 10.88 10.95 9.05 8.61 8.32 10.00 9.05 9.27 8.83 8.98 8.18 7.88 9.42 8.54 10.07 9.71 9.42 4.89 4.89 5.77 4.45 5.18 5.33 3.29 2.85 2.85 3.43 3.72 3.14 4.96 7.74 6.79 7.59 8.03 7.96 7.88 8.40 8.10 8.32 7.88 7.30 7.30 7.66 7.66 8.91 8.83 9.49 8.83 8.25 8.40 8.69
12.85 12.85 13.43 14.89 14.82 15.11 13.58 9.05 6.13 6.64 3.50 5.40 4.96 5.62 5.40 5.99 5.69 5.77 8.54 7.59 7.15 9.20 9.34 8.69 11.83 11.68 11.68 9.93 10.00 8.83 8.61 11.32 10.51 10.73 9.71 10.15 8.03 7.59 7.74 6.57 6.57 7.15 6.64 7.15 7.08 7.88 8.18 8.32 7.81 8.10 7.74 7.74 7.45 6.79 6.86 4.74 5.48 4.89 5.77 5.62 6.06 8.54 5.69 7.52 10.88 11.17 11.24 9.78 8.54 8.83 8.40 8.40 8.40 8.25 8.10 8.69 8.69 9.86 9.64 10.07 9.56 9.64 10.07 7.81
12.70 12.70 12.48 13.80 8.25 7.37 6.50 7.30 7.01 5.84 5.11 5.18 6.42 6.79 6.57 6.06 8.83 9.93 9.64 10.29 10.22 9.49 13.21 12.70 12.48 12.56 12.56 10.66 10.44 8.69 10.59 10.15 10.88 9.49 10.07 8.18 7.30 7.23 6.64 6.50 6.28 5.11 5.26 6.42 6.72 7.59 7.45 7.01 7.01 7.37 7.59 7.59 7.96 7.01 9.20 8.76 9.42 12.78 11.75 12.78 10.80 11.24 10.00 11.10 10.73 11.17 9.78 9.56 9.13 9.13 8.18 7.37 6.79 7.23 7.52 8.98 8.98 7.88 9.34 8.03 9.64 9.78 9.71 9.13
12.70 12.70 12.48 13.80 8.25 7.37 6.50 7.30 7.01 5.84 5.11 5.18 6.42 6.79 6.57 6.06 8.83 9.93 9.64 10.29 10.22 9.49 13.21 12.70 12.48 12.56 12.56 10.66 10.44 8.69 10.59 10.15 10.88 9.49 10.07 8.18 7.30 7.23 6.64 6.50 6.28 5.11 5.26 6.42 6.72 7.59 7.45 7.01 7.01 7.37 7.59 7.59 7.96 7.01 9.20 8.76 9.42 12.78 11.75 12.78 10.80 11.24 10.00 11.10 10.73 11.17 9.78 9.56 9.13 9.13 8.18 7.37 6.79 7.23 7.52 8.98 8.98 7.88 9.34 8.03 9.64 9.78 9.71 9.13
6.86 6.86 7.15 6.13 6.57 4.89 6.42 7.23 6.94 7.88 7.08 6.06 6.13 6.57 8.25 8.03 8.76 10.59 10.44 10.00 11.24 14.16 13.65 14.38 11.97 13.58 13.58 10.88 10.88 11.17 10.73 10.59 10.59 9.78 8.98 9.42 7.30 9.20 8.83 8.03 6.50 5.18 6.28 5.84 6.94 5.91 6.28 6.28 6.13 6.50 5.84 5.84 6.06 6.06 7.01 10.00 9.86 10.59 9.20 10.59 12.05 11.32 10.07 10.37 9.13 8.98 9.56 9.49 9.34 7.37 7.01 7.15 6.94 5.48 5.91 6.35 6.35 4.74 4.60 7.45 7.52 8.61 7.52 6.94
4.60 4.60 5.69 3.50 5.11 6.79 6.57 7.30 5.99 6.86 7.01 6.86 8.03 7.74 9.42 10.80 10.66 10.66 8.69 9.71 9.42 9.93 11.90 12.19 10.80 9.20 9.20 11.10 11.10 10.22 10.29 10.15 10.15 9.93 10.51 9.05 8.40 9.27 9.27 9.42 7.96 6.86 5.62 6.13 5.33 5.26 6.13 5.62 5.48 6.35 5.91 5.91 5.99 5.69 6.13 5.91 8.40 7.74 7.66 8.25 10.88 10.44 10.95 9.42 8.69 7.23 8.03 7.88 7.15 6.57 6.79 6.50 6.13 5.33 4.82 4.89 4.89 3.80 3.65 3.50 5.55 5.26 6.50 6.20
2.04 2.04 1.97 3.58 6.50 7.59 7.81 7.74 6.57 6.79 7.23 6.94 8.61 9.86 9.64 10.15 8.32 8.25 8.61 6.42 8.61 8.32 10.80 9.42 10.37 8.98 8.98 8.83 9.56 9.49 10.66 10.29 11.02 10.95 11.24 9.34 10.37 9.86 10.66 9.56 10.00 7.88 7.96 7.96 7.45 7.45 7.30 6.28 5.18 6.13 6.50 6.50 5.55 5.91 6.06 6.64 7.01 7.37 6.20 5.33 5.69 6.72 7.59 8.03 7.88 7.52 5.40 4.31 5.69 5.40 6.28 5.04 5.04 4.67 3.72 3.87 3.87 5.26 4.45 5.48 7.88 8.03 8.10 5.62
2.04 2.04 1.97 3.58 6.50 7.59 7.81 7.74 6.57 6.79 7.23 6.94 8.61 9.86 9.64 10.15 8.32 8.25 8.61 6.42 8.61 8.32 10.80 9.42 10.37 8.98 8.98 8.83 9.56 9.49 10.66 10.29 11.02 10.95 11.24 9.34 10.37 9.86 10.66 9.56 10.00 7.88 7.96 7.96 7.45 7.45 7.30 6.28 5.18 6.13 6.50 6.50 5.55 5.91 6.06 6.64 7.01 7.37 6.20 5.33 5.69 6.72 7.59 8.03 7.88 7.52 5.40 4.31 5.69 5.40 6.28 5.04 5.04 4.67 3.72 3.87 3.87 5.26 4.45 5.48 7.88 8.03 8.10 5.62
5.26 5.26 6.86 7.52 7.23 7.37 7.15 7.08 6.86 6.94 7.74 6.13 6.28 8.54 8.32 7.66 8.03 5.99 5.40 5.48 6.35 10.66 10.66 7.30 7.01 8.69 8.69 8.18 9.27 8.98 10.00 11.10 10.95 10.51 9.13 10.37 10.44 10.00 10.15 8.47 7.37 8.69 8.10 7.74 7.66 7.59 6.72 5.11 5.18 5.33 5.33 5.33 5.04 5.99 6.20 5.99 6.50 6.13 6.42 5.18 4.60 0.00 0.00 0.00 0.00 4.60 4.60 3.80 0.00 5.18 4.31 4.38 5.40 5.55 4.60 4.38 4.38 4.45 6.79 6.28 7.37 8.32 7.74 7.01
6.64 6.64 6.64 6.28 5.77 7.66 6.94 7.66 8.18 7.59 7.74 6.94 7.88 7.66 8.83 6.72 5.84 5.91 5.77 5.62 5.77 5.33 5.69 5.91 5.77 6.72 6.72 9.34 8.98 8.91 5.69 10.07 8.47 7.96 6.94 7.37 6.50 8.83 7.59 6.28 6.35 6.42 6.13 5.91 4.89 5.18 6.28 4.74 4.67 4.31 4.16 4.16 4.53 4.45 4.74 4.09 3.80 0.00 0.00 0.00 0.00 0.00 0.00 2.48 1.75 1.90 1.61 0.00 3.58 2.63 5.26 4.82 5.18 4.67 5.48 5.99 5.99 6.20 6.35 6.20 6.50 6.50 5.18 5.91
5.91 5.91 6.20 5.84 5.84 6.64 7.08 6.72 7.52 7.08 5.84 5.91 7.08 6.35 6.86 6.94 7.01 6.57 6.64 5.40 4.16 4.60 2.99 4.38 4.60 4.45 4.45 4.53 5.62 6.06 3.43 2.19 2.04 5.26 5.40 5.11 5.91 5.33 4.82 6.06 4.23 3.87 6.06 5.26 5.33 5.48 4.89 4.89 4.96 4.31 4.96 4.96 4.96 4.09 3.29 3.43 0.00 0.00 0.00 0.00 0.00 1.17 0.66 2.04 1.68 2.26 1.46 0.95 0.80 1.68 2.34 3.50 5.04 4.67 5.84 6.42 6.42 6.72 6.42 6.50 6.64 6.42 6.06 6.13
6.86 6.86 6.79 6.86 6.28 5.77 5.84 6.06 6.35 4.82 5.33 6.28 5.99 6.20 7.01 7.01 6.79 6.86 5.48 5.91 5.99 3.21 3.50 2.34 2.77 4.38 4.38 3.65 5.91 5.40 3.14 3.21 2.70 2.56 3.72 4.02 3.58 5.62 7.30 6.86 7.37 7.30 6.13 6.13 5.26 6.20 5.62 5.77 5.33 5.69 6.64 6.64 7.45 5.55 4.74 0.00 0.00 0.00 0.00 2.41 1.39 1.61 0.51 0.00 1.31 1.83 1.17 0.44 0.37 0.88 0.29 1.83 2.99 7.23 7.52 6.50 6.50 6.20 6.20 6.64 6.35 4.31 4.82 5.84
6.86 6.86 6.79 6.86 6.28 5.77 5.84 6.06 6.35 4.82 5.33 6.28 5.99 6.20 7.01 7.01 6.79 6.86 5.48 5.91 5.99 3.21 3.50 2.34 2.77 4.38 4.38 3.65 5.91 5.40 3.14 3.21 2.70 2.56 3.72 4.02 3.58 5.62 7.30 6.86 7.37 7.30 6.13 6.13 5.26 6.20 5.62 5.77 5.33 5.69 6.64 6.64 7.45 5.55 4.74 0.00 0.00 0.00 0.00 2.41 1.39 1.61 0.51 0.00 1.31 1.83 1.17 0.44 0.37 0.88 0.29 1.83 2.99 7.23 7.52 6.50 6.50 6.20 6.20 6.64 6.35 4.31 4.82 5.84
8.61 8.61 6.72 7.37 6.86 6.35 6.42 7.15 6.72 6.28 7.23 7.08 8.69 7.08 8.40 7.37 7.08 7.66 6.79 7.59 8.03 6.50 4.09 4.53 4.16 5.40 5.40 7.01 6.79 7.59 9.42 4.96 4.96 4.96 4.74 4.74 4.09 4.67 5.55 6.64 6.20 6.50 5.77 4.16 4.31 4.16 5.11 5.18 4.96 5.91 6.86 6.86 6.94 6.72 0.00 0.00 0.00 0.00 0.00 0.00 1.17 0.80 0.00 0.07 1.17 0.80 1.10 0.58 1.46 1.17 1.53 1.02 0.51 2.48 3.43 5.33 5.33 5.69 4.74 4.67 4.67 4.82 3.94 5.04
10.15 10.15 9.34 8.69 9.93 9.86 9.64 10.66 8.03 7.45 7.74 7.30 9.49 10.22 9.78 10.07 9.34 11.68 11.17 9.34 6.35 6.94 5.99 5.99 7.52 7.08 7.08 8.76 9.05 8.32 10.22 9.05 9.42 6.50 4.96 5.18 3.07 2.85 3.21 3.07 3.14 2.77 3.94 3.50 3.72 3.58 5.11 5.33 6.13 5.84 6.42 6.42 5.69 4.96 5.11 3.94 3.50 0.00 0.00 0.00 0.00 0.00 0.00 0.00 1.17 1.31 1.17 1.68 1.61 1.68 2.19 0.22 1.83 1.83 3.29 2.63 2.63 0.00 3.80 4.60 4.53 4.09 2.92 3.87
6.42 6.42 7.15 9.93 8.91 10.07 8.69 7.74 8.18 7.01 4.96 4.67 7.88 8.47 9.13 9.64 7.96 11.39 9.13 9.27 7.23 8.40 7.37 8.69 8.91 9.78 9.78 9.56 9.42 9.71 9.34 9.05 7.01 5.77 6.06 3.07 3.72 3.21 3.87 2.92 2.99 3.07 4.53 5.55 5.33 5.62 7.15 6.79 8.10 7.66 5.33 5.33 5.77 4.96 4.60 4.23 4.23 4.53 5.77 5.69 0.00 4.31 0.00 2.70 0.00 0.88 0.00 2.26 2.34 2.48 2.12 2.85 1.31 2.41 1.83 2.26 2.26 0.00 0.00 0.00 3.58 3.14 3.65 0.29
3.36 3.36 6.86 8.61 8.47 7.88 8.32 8.83 6.57 7.15 3.50 3.72 7.08 6.28 8.76 8.32 9.34 8.47 9.20 8.76 8.25 8.18 8.61 8.47 8.25 9.13 9.13 9.93 9.93 10.51 9.64 8.83 7.30 5.48 5.91 5.48 7.01 7.08 5.48 4.38 4.23 4.31 4.45 5.69 5.55 5.69 6.20 7.74 7.37 7.66 5.26 5.26 3.58 3.21 3.58 4.82 5.26 5.84 5.91 5.26 5.69 4.23 3.80 3.43 0.00 0.00 3.14 1.97 2.04 2.48 2.48 2.63 2.70 2.34 2.41 2.26 2.26 1.97 2.63 2.34 0.00 0.22 0.29 0.15
3.43 3.43 5.04 5.69 7.01 6.64 7.23 8.54 6.72 5.55 5.33 4.67 10.66 10.44 10.00 9.64 9.56 9.20 9.42 8.10 7.88 7.96 9.05 8.98 9.34 9.78 9.78 10.15 11.32 11.46 10.44 8.18 6.06 5.26 6.06 7.37 7.01 7.66 6.42 4.60 4.96 5.40 6.20 5.84 5.11 5.33 5.18 6.06 6.42 7.15 4.53 4.53 4.67 3.87 5.33 5.77 5.91 5.11 4.45 4.38 0.00 0.00 0.00 0.00 0.00 0.00 3.21 2.41 2.04 2.19 1.75 2.48 2.77 2.70 2.12 1.17 1.17 1.24 1.68 0.80 1.02 0.00 0.00 0.88
3.43 3.43 5.04 5.69 7.01 6.64 7.23 8.54 6.72 5.55 5.33 4.67 10.66 10.44 10.00 9.64 9.56 9.20 9.42 8.10 7.88 7.96 9.05 8.98 9.34 9.78 9.78 10.15 11.32 11.46 10.44 8.18 6.06 5.26 6.06 7.37 7.01 7.66 6.42 4.60 4.96 5.40 6.20 5.84 5.11 5.33 5.18 6.06 6.42 7.15 4.53 4.53 4.67 3.87 5.33 5.77 5.91 5.11 4.45 4.38 0.00 0.00 0.00 0.00 0.00 0.00 3.21 2.41 2.04 2.19 1.75 2.48 2.77 2.70 2.12 1.17 1.17 1.24 1.68 0.80 1.02 0.00 0.00 0.88
4.60 4.60 4.09 5.55 6.28 7.45 9.13 8.76 7.15 7.37 8.40 10.66 9.86 10.80 8.54 8.47 10.15 8.98 7.45 8.69 8.76 10.37 9.71 9.64 10.80 11.32 11.32 10.95 12.26 11.17 11.53 9.27 6.64 7.01 6.57 7.52 8.10 7.96 7.45 5.69 5.69 5.33 6.72 5.04 4.82 4.74 4.89 5.48 7.52 7.23 6.13 6.13 4.60 6.06 6.64 6.35 6.20 4.96 0.00 4.23 0.00 0.00 0.00 4.96 3.50 2.56 2.99 2.19 2.41 2.04 1.90 2.41 1.90 2.41 2.34 1.10 1.10 0.44 0.51 0.15 0.00 0.44 1.24 0.51
3.21 3.21 5.18 7.01 5.84 8.10 8.10 6.57 7.01 6.86 7.74 8.76 8.69 8.10 8.47 8.69 8.76 8.40 6.79 6.35 6.42 8.54 9.13 8.69 9.71 10.51 10.51 12.26 12.19 10.22 8.61 7.45 7.59 7.37 8.47 8.47 8.10 8.69 8.76 7.96 6.06 6.20 6.06 6.20 5.48 5.33 5.55 5.11 7.74 9.13 8.18 8.18 8.69 7.37 6.42 7.37 7.59 8.25 7.37 6.86 4.53 6.13 4.89 5.62 5.55 3.29 5.33 2.99 3.50 4.53 4.96 2.70 2.70 2.56 4.38 1.53 1.53 2.41 0.29 0.29 0.00 0.29 1.02 0.66
3.21 3.21 3.43 3.87 4.09 7.74 6.42 7.96 7.59 7.81 7.45 8.03 8.10 6.28 6.79 8.18 7.01 6.20 6.50 6.13 8.76 8.47 8.61 7.88 8.83 9.56 9.56 10.88 8.98 7.45 7.30 6.64 6.72 6.94 8.61 7.74 7.88 7.74 8.32 7.15 5.69 5.84 6.28 6.28 6.94 6.79 7.88 7.88 8.69 8.76 7.66 7.66 6.94 6.20 6.86 6.79 6.28 8.40 7.96 8.47 6.57 7.01 6.79 6.72 6.42 5.69 5.99 4.38 6.64 7.37 5.48 5.18 3.65 7.23 5.91 5.69 5.69 5.55 3.72 0.15 0.66 0.80 3.21 4.89
3.94 3.94 2.85 4.67 5.26 6.13 6.06 5.84 7.96 8.03 8.18 8.32 7.15 4.45 4.96 6.13 6.13 5.62 6.50 5.77 8.98 8.61 8.76 7.45 8.40 9.20 9.20 9.20 8.18 6.57 6.35 6.50 6.50 8.03 7.08 7.81 7.15 7.15 7.30 6.94 4.45 5.48 5.40 6.06 6.35 8.91 8.69 8.54 8.91 6.50 5.26 5.26 4.09 4.23 5.99 6.79 6.64 6.86 6.35 6.50 7.81 6.86 6.20 6.79 6.35 6.20 6.79 8.61 7.52 7.88 7.52 6.13 7.66 7.23 8.10 9.34 9.34 8.69 5.99 2.19 6.20 5.91 5.26 6.50
3.94 3.94 4.67 4.38 5.04 5.11 5.48 5.40 6.57 8.40 7.88 5.40 6.13 3.58 5.04 5.33 5.26 5.48 6.64 7.45 7.30 8.03 8.91 9.05 9.05 9.34 9.34 8.76 7.23 6.64 5.99 6.35 6.20 6.72 6.35 4.09 4.74 2.99 3.36 5.55 4.53 7.08 5.55 4.09 3.58 4.53 7.08 8.03 7.59 7.81 5.33 5.33 4.31 4.38 5.33 5.69 5.55 6.28 6.86 6.35 5.91 5.91 5.40 5.99 5.77 7.52 10.15 9.93 8.47 9.34 6.50 7.52 6.64 7.59 8.54 8.10 8.10 10.15 8.61 7.59 6.86 8.40 7.59 7.15
3.94 3.94 4.67 4.38 5.04 5.11 5.48 5.40 6.57 8.40 7.88 5.40 6.13 3.58 5.04 5.33 5.26 5.48 6.64 7.45 7.30 8.03 8.91 9.05 9.05 9.34 9.34 8.76 7.23 6.64 5.99 6.35 6.20 6.72 6.35 4.09 4.74 2.99 3.36 5.55 4.53 7.08 5.55 4.09 3.58 4.53 7.08 8.03 7.59 7.81 5.33 5.33 4.31 4.38 5.33 5.69 5.55 6.28 6.86 6.35 5.91 5.91 5.40 5.99 5.77 7.52 10.15 9.93 8.47 9.34 6.50 7.52 6.64 7.59 8.54 8.10 8.10 10.15 8.61 7.59 6.86 8.40 7.59 7.15
5.26 5.26 3.65 4.16 4.67 5.26 6.42 9.27 9.34 9.05 10.15 6.79 6.94 6.28 6.06 6.86 6.86 6.72 6.50 6.28 7.81 7.52 8.83 10.22 9.05 9.27 9.27 9.13 8.54 7.01 7.45 5.69 4.82 4.96 4.45 2.34 2.92 3.21 3.21 7.52 8.83 7.45 8.03 6.28 4.38 6.06 5.40 7.88 7.88 10.73 8.98 8.98 6.72 5.26 5.69 5.69 7.15 7.37 7.01 7.37 6.42 6.86 3.36 4.60 6.28 8.40 10.95 11.32 8.40 8.61 7.23 6.42 6.28 7.01 7.96 7.88 7.88 7.08 7.59 10.37 10.29 9.86 10.44 10.59
5.55 5.55 4.45 5.26 6.50 6.42 7.08 9.64 10.07 9.71 10.00 8.83 7.30 5.69 6.64 6.72 5.84 6.06 5.26 5.11 8.03 8.83 8.54 9.56 9.78 10.29 10.29 10.66 9.27 7.96 5.11 6.28 1.24 0.80 2.77 1.53 2.77 5.04 8.83 7.96 10.95 8.98 6.72 7.23 5.99 5.84 8.76 9.86 9.34 9.64 10.88 10.88 8.83 7.08 8.03 7.74 7.74 7.59 7.81 7.74 6.94 5.77 4.31 3.65 2.56 5.84 4.96 6.35 6.94 5.40 4.74 3.94 6.42 5.18 6.06 4.89 4.89 6.06 5.11 3.72 5.62 6.72 9.27 10.07
5.33 5.33 4.96 4.89 6.86 6.28 9.13 8.69 8.91 8.98 5.99 5.84 6.35 5.55 5.33 5.04 5.11 5.04 4.89 6.20 5.18 6.57 8.76 9.05 8.83 8.91 8.91 8.83 9.42 8.54 5.33 2.12 3.94 3.50 7.08 9.27 10.59 7.15 9.42 9.86 9.27 10.07 6.94 5.26 6.86 8.03 8.25 10.15 8.83 10.22 9.56 9.56 9.64 10.00 8.47 7.81 6.57 7.45 6.94 5.91 6.28 5.69 4.31 6.20 6.64 3.29 3.50 3.87 3.87 3.87 3.29 5.33 4.74 7.59 7.15 3.80 3.80 4.09 2.85 3.43 3.87 6.28 7.45 8.91
4.02 4.02 3.80 6.06 3.65 5.55 5.99 6.86 6.79 7.08 5.91 5.69 6.35 6.06 5.62 4.96 4.45 4.74 4.02 4.31 5.04 4.67 4.31 6.79 6.86 6.79 6.79 6.64 6.13 6.06 6.50 4.23 6.57 10.07 9.27 11.24 10.59 9.49 9.78 8.40 8.18 7.08 5.18 5.69 5.84 7.59 9.64 8.69 7.74 7.96 7.08 7.08 9.56 8.10 6.50 6.06 6.13 4.96 5.69 4.96 5.40 6.42 7.37 4.53 4.96 3.80 4.53 6.13 6.28 5.40 5.84 5.91 7.37 6.13 5.33 4.89 4.89 6.13 2.12 3.65 3.80 4.31 3.87 5.69
1.53 1.53 0.00 1.46 1.24 3.94 4.38 5.99 6.86 6.50 6.86 6.28 6.13 4.82 4.96 6.06 4.60 0.00 2.92 0.00 0.00 3.65 2.92 4.96 5.84 6.20 6.20 6.35 6.86 8.32 9.56 10.15 8.18 10.51 10.22 10.22 9.34 9.78 7.96 7.52 7.66 7.66 6.64 6.86 7.45 8.69 8.40 9.64 8.47 7.74 8.47 8.47 8.40 8.69 7.01 6.06 3.36 3.94 0.22 2.92 4.38 6.35 5.62 8.47 4.60 5.84 4.45 7.23 6.06 5.91 3.72 4.53 6.13 5.91 3.36 5.62 5.62 7.45 5.18 4.23 2.85 1.61 2.12 0.22
0.00 0.00 0.00 0.00 0.00 4.31 3.58 5.33 5.55 5.26 6.57 6.42 6.28 5.62 5.62 5.62 4.60 0.88 0.00 0.00 0.00 2.56 4.31 4.45 4.45 6.57 6.57 8.32 10.80 10.07 11.46 9.05 5.99 6.35 3.65 2.48 1.68 3.36 7.37 4.38 5.04 5.91 7.08 6.94 7.59 9.34 10.37 9.86 10.37 9.34 8.91 8.91 8.25 6.57 3.50 2.04 0.00 0.00 0.66 0.00 5.33 6.28 8.18 2.04 4.53 4.53 4.96 3.94 0.00 0.51 2.26 1.46 4.31 4.16 5.48 7.88 7.88 10.15 9.20 6.64 3.80 1.39 4.45 0.95
0.00 0.00 0.00 0.00 0.00 4.31 3.58 5.33 5.55 5.26 6.57 6.42 6.28 5.62 5.62 5.62 4.60 0.88 0.00 0.00 0.00 2.56 4.31 4.45 4.45 6.57 6.57 8.32 10.80 10.07 11.46 9.05 5.99 6.35 3.65 2.48 1.68 3.36 7.37 4.38 5.04 5.91 7.08 6.94 7.59 9.34 10.37 9.86 10.37 9.34 8.91 8.91 8.25 6.57 3.50 2.04 0.00 0.00 0.66 0.00 5.33 6.28 8.18 2.04 4.53 4.53 4.96 3.94 0.00 0.51 2.26 1.46 4.31 4.16 5.48 7.88 7.88 10.15 9.20 6.64 3.80 1.39 4.45 0.95
0.00 0.00 0.00 0.00 1.68 4.67 5.26 5.33 5.04 4.82 5.40 3.80 3.87 5.18 2.19 0.66 0.00 0.66 0.00 1.24 2.41 1.68 2.77 2.92 2.77 2.34 2.34 5.69 12.99 11.32 11.83 7.66 3.72 0.00 0.00 0.00 0.00 0.00 0.95 0.37 2.34 4.82 6.42 7.74 7.52 7.74 8.83 8.61 9.34 9.49 9.20 9.20 6.94 4.38 5.55 0.00 0.00 0.00 0.00 0.00 5.04 5.26 0.00 0.00 2.63 0.00 0.00 0.00 0.00 0.00 1.31 2.63 6.06 4.74 8.32 10.29 10.29 10.29 11.46 10.22 10.22 13.43 10.22 6.20
