Wansh/Snow_depth/snowdepth-1995/winter/1996024.txt
ncols 321
nrows 161
xllcenter 60
yllcenter 15 
cellsize  0.25 
NODATA_value -1
[rows 0 to 36 of 161, columns 0 to 83 of 321]
11.61 11.61 10.15 15.18 15.84 13.72 13.94 13.80 14.97 15.33 15.91 15.40 14.75 14.02 14.09 13.21 13.36 13.94 13.94 12.78 13.87 13.43 11.39 10.07 10.66 7.59 7.59 7.96 7.96 7.96 7.74 9.64 9.13 9.42 11.61 12.63 13.65 13.14 13.07 14.75 14.60 15.55 15.99 14.38 14.24 14.38 11.75 11.68 11.75 11.02 9.64 9.64 10.44 9.34 6.94 7.30 7.08 6.20 5.91 4.89 3.36 3.36 3.14 3.72 3.72 4.60 4.60 3.80 3.07 3.14 3.87 2.99 6.20 5.99 5.84 6.50 6.50 5.62 5.77 4.82 5.55 5.77 6.57 6.42
12.56 12.56 14.02 13.72 14.09 13.80 13.65 14.38 14.09 14.67 14.16 13.72 10.66 10.00 10.29 13.51 10.51 11.68 11.83 10.15 7.37 8.25 7.96 6.42 6.28 6.57 6.57 7.52 8.91 8.03 8.98 9.64 10.95 12.05 12.70 12.92 14.02 15.04 16.13 15.77 14.75 15.77 15.40 14.16 12.99 10.59 11.32 9.05 9.42 9.78 7.66 7.66 6.64 6.86 2.85 3.87 3.87 2.48 2.48 2.77 1.53 1.75 1.83 3.07 2.63 4.09 3.29 3.36 4.31 5.84 2.85 6.42 7.88 7.96 8.98 7.37 7.37 6.57 5.62 5.77 5.18 6.50 6.28 7.23
13.51 13.51 13.51 13.36 13.72 15.11 14.60 14.60 14.97 13.80 10.59 9.34 6.94 6.50 5.69 12.05 7.96 8.47 6.13 5.99 5.26 5.40 6.72 6.64 7.88 10.15 10.15 8.40 10.59 9.20 11.90 11.68 11.75 12.12 13.43 13.87 13.87 13.65 13.58 13.21 13.94 11.24 13.07 12.56 12.26 9.78 9.34 9.34 9.56 8.25 8.83 8.83 5.48 1.24 1.75 1.75 2.12 2.34 0.80 1.53 1.31 2.85 3.29 2.92 4.82 8.03 7.15 6.86 6.35 8.10 9.64 9.20 9.13 9.27 9.20 9.86 9.86 9.93 10.00 9.64 6.50 7.59 8.76 8.47
13.51 13.51 13.51 13.36 13.72 15.11 14.60 14.60 14.97 13.80 10.59 9.34 6.94 6.50 5.69 12.05 7.96 8.47 6.13 5.99 5.26 5.40 6.72 6.64 7.88 10.15 10.15 8.40 10.59 9.20 11.90 11.68 11.75 12.12 13.43 13.87 13.87 13.65 13.58 13.21 13.94 11.24 13.07 12.56 12.26 9.78 9.34 9.34 9.56 8.25 8.83 8.83 5.48 1.24 1.75 1.75 2.12 2.34 0.80 1.53 1.31 2.85 3.29 2.92 4.82 8.03 7.15 6.86 6.35 8.10 9.64 9.20 9.13 9.27 9.20 9.86 9.86 9.93 10.00 9.64 6.50 7.59 8.76 8.47
13.87 13.87 14.09 13.58 14.97 15.04 14.97 15.40 13.29 8.91 6.86 7.30 7.52 8.03 8.98 8.47 7.88 8.18 6.86 6.35 6.06 6.57 7.52 7.23 9.49 10.15 10.15 11.17 11.17 11.46 11.61 11.83 12.05 12.19 11.17 10.95 10.51 9.49 9.20 9.34 10.44 10.59 8.40 8.32 8.83 9.20 8.18 10.07 10.07 10.00 4.31 4.31 6.20 4.38 4.09 3.72 4.45 1.68 1.53 4.74 3.58 2.99 6.57 9.64 5.84 10.07 10.80 10.88 10.51 10.07 9.78 9.86 9.93 9.64 10.66 10.00 10.00 10.44 10.51 10.44 10.66 10.44 10.51 9.20
13.94 13.94 14.16 14.82 15.11 15.18 15.18 13.07 9.64 6.35 5.69 7.88 5.77 7.74 9.49 9.05 9.56 8.03 6.86 7.74 6.06 5.91 9.42 10.22 10.15 10.95 10.95 12.05 11.10 10.66 9.78 11.10 11.39 10.44 10.80 10.07 8.47 8.32 8.32 8.10 7.66 6.06 6.64 7.01 7.52 7.74 7.74 7.37 7.74 8.18 7.59 7.59 6.28 6.35 8.47 5.40 6.20 5.62 7.08 6.06 9.20 8.32 7.45 10.80 11.75 11.53 11.75 11.02 11.10 10.44 9.78 9.78 10.00 9.86 10.59 10.73 10.73 10.59 11.10 10.88 11.24 10.88 9.27 9.78
12.05 12.05 14.38 12.12 10.95 11.68 11.46 10.00 9.71 10.00 8.40 6.94 8.10 8.76 9.20 8.69 9.42 9.34 8.76 7.45 8.25 7.59 9.42 10.88 10.88 12.56 12.56 10.51 10.59 10.44 10.51 10.80 11.17 10.51 9.13 10.07 8.47 7.74 7.66 6.94 7.30 6.28 5.77 7.37 7.15 7.01 7.01 7.08 7.01 7.23 7.30 7.30 6.35 7.74 8.47 8.03 9.56 12.78 12.56 11.46 11.10 11.02 10.37 11.24 10.88 11.24 10.66 11.17 10.15 10.59 8.91 8.25 8.40 7.66 9.78 9.78 9.78 10.44 10.29 10.29 10.73 10.15 10.29 8.69
12.05 12.05 14.38 12.12 10.95 11.68 11.46 10.00 9.71 10.00 8.40 6.94 8.10 8.76 9.20 8.69 9.42 9.34 8.76 7.45 8.25 7.59 9.42 10.88 10.88 12.56 12.56 10.51 10.59 10.44 10.51 10.80 11.17 10.51 9.13 10.07 8.47 7.74 7.66 6.94 7.30 6.28 5.77 7.37 7.15 7.01 7.01 7.08 7.01 7.23 7.30 7.30 6.35 7.74 8.47 8.03 9.56 12.78 12.56 11.46 11.10 11.02 10.37 11.24 10.88 11.24 10.66 11.17 10.15 10.59 8.91 8.25 8.40 7.66 9.78 9.78 9.78 10.44 10.29 10.29 10.73 10.15 10.29 8.69
7.37 7.37 9.34 8.98 7.59 8.18 8.18 8.61 10.37 8.98 7.96 7.37 7.81 8.03 10.00 9.64 10.29 10.37 9.13 9.34 9.56 10.88 11.24 10.95 11.32 11.97 11.97 10.29 8.91 11.24 11.75 11.10 11.83 9.56 10.44 8.91 8.54 8.83 8.18 9.20 6.72 7.01 6.06 7.66 6.64 6.86 6.64 6.50 6.79 6.72 6.50 6.50 7.08 6.79 8.69 9.86 9.86 12.34 10.37 10.07 10.80 11.02 10.59 10.95 10.44 10.29 10.51 10.37 9.56 7.88 8.18 7.59 7.01 7.08 5.99 5.48 5.48 5.55 4.89 4.82 7.96 9.56 9.05 9.20
4.09 4.09 5.69 5.11 6.28 8.03 8.83 9.05 8.18 7.52 7.23 7.08 8.25 7.45 10.73 11.17 10.88 7.81 8.03 8.10 7.96 10.00 8.40 9.78 9.49 11.61 11.61 11.61 11.24 11.75 11.17 11.83 11.46 11.46 11.53 9.13 10.00 9.78 10.59 10.44 10.66 8.61 9.34 8.61 7.66 6.42 6.50 6.86 6.94 6.72 6.94 6.94 6.94 6.13 6.35 8.69 7.45 7.66 8.25 8.54 8.47 8.69 10.29 10.37 10.15 8.47 10.07 9.20 8.40 8.83 6.94 6.64 6.20 5.48 5.18 5.84 5.84 5.11 5.40 4.53 5.77 7.88 7.23 9.42
4.74 4.74 4.67 5.04 7.45 7.52 8.98 8.61 8.10 8.03 8.69 9.42 10.51 8.25 9.13 9.05 8.54 7.30 6.28 6.79 8.10 7.23 8.10 9.49 11.24 11.97 11.97 12.26 12.19 11.90 11.75 12.92 12.70 13.72 11.68 11.10 11.02 11.02 11.46 10.22 10.44 8.83 8.61 8.03 7.88 8.40 7.52 7.96 6.94 7.23 7.15 7.15 6.79 5.99 7.08 7.23 7.23 6.20 6.42 8.18 7.81 6.94 6.72 8.69 8.69 8.03 6.50 6.72 5.84 6.79 6.79 6.57 6.50 6.42 5.62 5.48 5.48 6.42 6.35 6.79 6.64 7.96 10.66 9.93
4.74 4.74 4.67 5.04 7.45 7.52 8.98 8.61 8.10 8.03 8.69 9.42 10.51 8.25 9.13 9.05 8.54 7.30 6.28 6.79 8.10 7.23 8.10 9.49 11.24 11.97 11.97 12.26 12.19 11.90 11.75 12.92 12.70 13.72 11.68 11.10 11.02 11.02 11.46 10.22 10.44 8.83 8.61 8.03 7.88 8.40 7.52 7.96 6.94 7.23 7.15 7.15 6.79 5.99 7.08 7.23 7.23 6.20 6.42 8.18 7.81 6.94 6.72 8.69 8.69 8.03 6.50 6.72 5.84 6.79 6.79 6.57 6.50 6.42 5.62 5.48 5.48 6.42 6.35 6.79 6.64 7.96 10.66 9.93
6.50 6.50 6.64 5.48 7.01 7.15 7.96 8.54 8.98 9.49 9.49 9.05 9.20 8.83 9.05 9.34 8.18 6.50 6.35 7.52 7.01 7.88 9.05 8.54 11.53 10.44 10.44 10.29 12.26 13.29 13.58 14.31 14.09 13.43 13.07 11.39 11.53 11.68 11.61 9.20 9.71 9.71 9.13 9.86 8.69 8.69 7.45 7.15 6.94 6.86 6.20 6.20 7.01 6.35 6.72 6.20 6.50 5.69 4.31 4.02 5.69 4.02 4.31 0.00 0.00 6.06 6.50 5.84 5.91 5.84 5.69 6.42 6.57 5.33 5.40 5.18 5.18 6.86 6.50 8.69 10.29 9.34 9.56 8.69
7.45 7.45 6.86 6.20 7.15 7.45 6.20 9.05 9.64 9.42 9.27 9.71 8.10 9.27 7.74 7.96 6.94 6.64 6.72 6.28 7.01 7.37 7.08 6.64 7.74 9.20 9.20 10.07 10.80 8.40 10.51 10.73 10.88 11.46 8.18 8.40 10.37 7.88 8.10 8.47 8.54 6.79 9.13 9.13 8.18 7.37 7.30 6.72 6.28 6.28 6.06 6.06 7.30 5.91 6.50 5.62 4.02 4.31 3.58 0.00 0.00 0.00 0.00 0.00 0.00 3.21 3.07 5.33 5.11 5.18 4.74 4.16 5.84 5.26 7.96 6.86 6.86 7.37 9.05 8.91 9.78 9.56 8.47 8.47
6.79 6.79 6.50 5.91 5.84 8.10 6.50 8.76 10.22 8.03 7.74 8.03 9.27 8.32 5.69 7.23 7.81 8.47 7.66 7.01 7.08 6.28 5.18 7.15 6.13 4.09 4.09 3.87 3.65 4.60 5.77 4.23 1.83 5.62 5.11 7.23 5.69 7.45 7.52 6.57 6.64 6.35 8.03 8.98 8.47 7.66 8.40 8.76 7.15 8.10 7.81 7.81 7.01 6.28 4.60 5.26 4.09 0.00 0.00 0.00 0.00 0.00 0.00 0.00 0.00 0.00 1.97 1.31 1.68 2.85 2.26 2.26 4.60 7.66 7.15 9.34 9.34 10.15 9.93 9.49 8.54 7.66 7.66 8.03
6.28 6.28 5.69 5.55 6.06 8.03 7.59 7.15 6.72 6.79 6.64 6.50 6.28 5.91 7.01 8.83 8.47 8.69 9.13 7.81 6.42 4.96 5.18 4.16 3.07 2.12 2.12 2.41 3.21 2.56 1.97 2.19 0.51 3.29 4.45 5.26 5.11 6.57 7.96 8.47 10.07 6.86 9.71 9.27 9.64 9.34 10.07 8.54 8.91 8.03 9.49 9.49 7.52 7.81 5.77 3.43 3.72 0.00 4.53 4.38 0.00 2.34 0.00 2.04 1.97 1.97 1.75 1.68 0.22 0.73 0.95 1.24 0.00 5.99 9.42 8.83 8.83 10.73 10.07 10.37 8.47 7.66 8.03 7.96
6.28 6.28 5.69 5.55 6.06 8.03 7.59 7.15 6.72 6.79 6.64 6.50 6.28 5.91 7.01 8.83 8.47 8.69 9.13 7.81 6.42 4.96 5.18 4.16 3.07 2.12 2.12 2.41 3.21 2.56 1.97 2.19 0.51 3.29 4.45 5.26 5.11 6.57 7.96 8.47 10.07 6.86 9.71 9.27 9.64 9.34 10.07 8.54 8.91 8.03 9.49 9.49 7.52 7.81 5.77 3.43 3.72 0.00 4.53 4.38 0.00 2.34 0.00 2.04 1.97 1.97 1.75 1.68 0.22 0.73 0.95 1.24 0.00 5.99 9.42 8.83 8.83 10.73 10.07 10.37 8.47 7.66 8.03 7.96
7.81 7.81 8.98 8.10 6.28 8.54 8.25 8.47 10.29 8.10 7.52 6.20 8.69 9.56 10.07 9.34 10.37 9.56 9.13 9.56 8.91 8.18 5.77 4.74 4.02 4.16 4.16 4.31 4.09 4.45 5.33 5.77 4.96 5.04 4.53 7.08 8.10 8.76 8.47 8.18 9.34 10.29 10.66 7.59 9.49 9.71 9.56 8.76 8.76 9.05 9.13 9.13 9.20 6.35 7.15 3.58 4.09 0.00 4.23 3.21 3.36 2.99 2.56 0.00 2.12 2.12 2.41 1.53 1.46 1.10 1.17 1.10 2.34 2.04 3.65 5.48 5.48 6.57 6.35 6.50 7.66 8.25 7.88 7.74
11.39 11.39 10.80 10.44 11.68 11.17 9.93 11.24 9.34 8.76 6.35 10.07 8.91 10.51 10.37 9.49 9.64 11.17 11.53 9.78 7.74 8.10 6.94 7.81 6.86 7.45 7.45 5.55 4.96 6.79 7.52 6.86 6.57 5.48 6.13 5.84 4.96 5.40 6.79 6.57 7.52 7.59 7.59 7.45 8.69 9.71 8.54 9.64 8.54 9.71 9.64 9.64 9.64 8.61 5.40 5.84 4.53 4.45 0.00 3.21 3.29 3.72 3.50 3.21 2.92 2.92 2.92 2.34 2.41 1.90 3.43 2.63 2.34 2.70 2.92 2.63 2.63 4.31 6.20 5.99 6.06 7.15 7.08 7.08
11.10 11.10 10.51 9.86 9.78 9.64 11.39 10.88 9.42 8.32 4.23 7.59 8.61 7.30 7.23 7.81 8.47 10.07 8.25 6.94 7.96 7.74 7.15 9.49 8.25 7.08 7.08 6.42 7.37 7.52 7.37 7.23 6.57 5.33 3.43 4.82 4.96 5.48 7.37 8.32 7.59 7.59 8.61 8.32 8.47 8.40 8.47 8.54 9.42 9.34 8.03 8.03 8.10 8.69 5.84 4.23 4.45 4.67 6.42 7.30 5.55 4.74 5.18 5.18 4.53 3.87 3.21 2.99 3.07 3.50 3.87 3.07 2.56 2.63 2.41 1.75 1.75 2.56 3.29 4.89 5.04 6.06 3.21 2.77
6.20 6.20 7.74 8.61 8.91 9.49 9.42 8.32 7.96 3.50 5.11 2.92 5.33 6.79 6.86 9.05 8.76 8.91 8.83 6.64 5.62 7.52 7.74 9.42 9.27 8.83 8.83 8.98 9.05 9.42 8.54 6.94 7.23 5.26 6.35 6.86 7.81 8.69 8.91 7.96 9.13 9.20 9.20 9.20 9.27 9.56 8.32 8.10 8.25 6.42 6.79 6.79 4.53 5.18 5.11 6.86 6.28 6.79 6.50 6.79 5.26 6.42 5.48 5.04 5.18 4.45 4.31 3.72 3.21 4.53 3.43 3.72 2.85 2.56 1.97 2.19 2.19 1.90 3.80 3.50 3.14 3.58 2.19 2.34
6.79 6.79 8.03 8.03 7.88 8.83 8.54 9.56 6.64 6.42 4.82 7.08 9.05 10.22 10.73 10.59 10.51 9.78 7.74 8.18 6.13 7.23 9.86 7.59 9.93 10.15 10.15 9.05 10.37 9.56 8.18 6.72 6.86 7.37 7.01 7.59 9.27 8.98 8.91 8.54 9.71 10.44 10.15 10.73 9.42 9.05 8.61 8.54 8.61 5.69 4.67 4.67 4.74 6.13 7.52 6.94 8.40 6.13 5.11 4.96 5.11 5.04 4.60 4.67 4.60 4.53 4.53 3.72 3.58 3.36 3.80 4.23 3.14 3.07 2.34 1.90 1.90 2.04 2.12 2.26 2.41 2.04 2.34 1.53
6.79 6.79 8.03 8.03 7.88 8.83 8.54 9.56 6.64 6.42 4.82 7.08 9.05 10.22 10.73 10.59 10.51 9.78 7.74 8.18 6.13 7.23 9.86 7.59 9.93 10.15 10.15 9.05 10.37 9.56 8.18 6.72 6.86 7.37 7.01 7.59 9.27 8.98 8.91 8.54 9.71 10.44 10.15 10.73 9.42 9.05 8.61 8.54 8.61 5.69 4.67 4.67 4.74 6.13 7.52 6.94 8.40 6.13 5.11 4.96 5.11 5.04 4.60 4.67 4.60 4.53 4.53 3.72 3.58 3.36 3.80 4.23 3.14 3.07 2.34 1.90 1.90 2.04 2.12 2.26 2.41 2.04 2.34 1.53
6.72 6.72 7.08 7.01 8.69 8.69 8.76 9.13 8.83 9.05 7.74 4.31 11.32 11.32 10.95 11.53 10.37 10.29 8.47 7.30 8.47 7.96 11.17 11.75 11.90 11.02 11.02 11.02 10.88 9.71 9.27 8.83 8.25 8.03 8.91 8.98 9.64 9.71 9.93 10.00 9.64 11.90 11.53 11.24 9.56 9.64 10.00 8.83 8.98 9.49 4.96 4.96 6.35 6.20 8.47 9.71 9.71 8.47 7.96 5.04 4.82 5.69 6.64 6.50 6.94 4.82 3.94 4.16 3.94 4.60 4.74 4.96 4.45 4.53 4.45 4.02 4.02 3.29 2.48 2.70 2.56 2.12 2.26 2.19
5.69 5.69 5.62 6.50 7.96 9.93 10.73 8.91 9.42 8.32 9.34 9.78 10.66 10.22 10.59 9.78 10.07 10.29 8.69 8.61 9.64 9.05 11.68 10.73 11.24 11.10 11.10 10.15 9.34 9.71 9.64 8.69 8.61 9.27 10.51 11.10 11.17 11.10 10.88 12.78 13.36 13.07 13.14 12.19 12.48 9.93 10.22 10.80 10.22 10.44 9.27 9.27 6.57 8.47 8.54 9.34 9.34 10.37 10.22 10.66 6.35 6.13 7.74 8.10 9.20 9.42 8.76 9.20 6.35 6.06 5.91 5.62 5.77 5.69 5.91 6.06 6.06 4.82 3.94 2.92 3.14 2.77 2.26 4.96
4.82 4.82 4.82 6.64 6.94 6.50 8.61 8.98 9.13 7.52 9.34 10.07 8.98 9.34 8.61 9.56 8.47 8.18 8.47 8.32 10.59 10.22 10.88 10.00 10.00 10.22 10.22 8.83 9.13 8.83 7.81 9.20 9.13 9.34 10.95 11.10 12.34 12.63 12.85 13.07 12.99 11.24 11.24 12.99 10.80 10.88 11.32 11.46 10.00 8.47 9.05 9.05 8.10 9.13 9.71 9.86 10.29 12.34 11.97 12.41 11.75 11.61 10.51 9.56 10.51 9.71 10.22 10.80 9.56 8.25 8.47 7.30 8.83 8.10 8.76 10.51 10.51 8.47 4.96 7.15 5.04 5.62 7.88 6.79
5.62 5.62 4.96 4.96 6.28 5.55 7.37 7.96 9.34 7.45 8.40 8.25 7.23 7.23 7.81 7.37 7.74 9.42 10.15 11.02 11.02 11.17 10.22 9.64 9.49 9.78 9.78 8.98 9.42 9.78 8.10 7.66 9.93 11.24 10.51 10.88 10.66 10.66 11.46 8.54 8.18 10.00 8.69 8.69 8.98 7.96 9.93 8.98 9.34 8.18 7.37 7.37 6.35 6.20 9.78 10.73 10.37 11.83 12.56 11.75 12.05 11.32 11.53 11.53 10.80 10.59 10.80 10.95 10.29 8.25 7.81 7.96 7.81 10.15 11.02 11.02 11.02 10.73 8.61 6.42 7.08 5.55 8.83 9.78
4.74 4.74 4.89 5.62 6.20 6.50 7.96 7.52 8.76 9.71 8.18 8.69 6.64 4.09 6.79 7.59 8.18 8.76 9.86 10.44 11.61 10.15 10.22 9.42 9.71 9.64 9.64 10.22 7.96 8.47 8.10 8.03 9.27 9.64 7.66 8.25 8.03 8.98 4.74 5.62 7.96 8.69 6.79 5.04 6.28 6.64 6.20 8.91 8.69 8.25 6.42 6.42 5.33 7.37 6.64 10.37 10.37 9.42 9.71 10.95 10.66 10.73 10.80 9.86 10.22 10.66 10.07 10.73 9.56 10.15 7.52 7.59 7.45 8.10 9.78 11.97 11.97 11.53 12.34 10.15 11.46 11.68 13.21 12.41
4.74 4.74 4.89 5.62 6.20 6.50 7.96 7.52 8.76 9.71 8.18 8.69 6.64 4.09 6.79 7.59 8.18 8.76 9.86 10.44 11.61 10.15 10.22 9.42 9.71 9.64 9.64 10.22 7.96 8.47 8.10 8.03 9.27 9.64 7.66 8.25 8.03 8.98 4.74 5.62 7.96 8.69 6.79 5.04 6.28 6.64 6.20 8.91 8.69 8.25 6.42 6.42 5.33 7.37 6.64 10.37 10.37 9.42 9.71 10.95 10.66 10.73 10.80 9.86 10.22 10.66 10.07 10.73 9.56 10.15 7.52 7.59 7.45 8.10 9.78 11.97 11.97 11.53 12.34 10.15 11.46 11.68 13.21 12.41
4.67 4.67 4.96 5.33 6.20 7.01 8.25 10.15 9.42 11.97 10.95 11.53 9.64 9.42 9.05 9.20 9.27 9.49 10.22 9.78 9.64 11.32 10.73 10.37 10.88 12.19 12.19 10.73 8.69 10.37 8.40 8.47 8.47 9.13 5.04 4.09 4.82 4.60 4.38 6.94 8.18 7.52 8.10 5.55 4.82 5.69 5.26 7.45 9.64 9.93 9.56 9.56 6.86 8.76 9.42 9.49 10.66 9.05 9.20 9.56 8.83 9.27 7.88 8.25 8.83 9.71 10.88 10.95 9.64 9.34 8.91 9.05 7.66 7.01 7.74 10.22 10.22 9.56 10.66 10.07 10.59 12.12 13.94 15.04
6.86 6.86 5.91 7.30 6.79 7.81 8.69 9.93 10.07 13.14 11.32 10.37 10.44 9.13 7.96 8.76 9.13 9.05 8.69 8.69 9.49 9.34 11.02 10.95 11.75 12.63 12.63 11.61 11.24 11.39 9.34 6.50 3.80 2.77 3.36 4.45 8.32 7.37 8.69 8.83 9.34 7.30 6.35 6.72 4.60 5.48 7.59 7.15 9.05 10.29 11.24 11.24 9.71 9.78 9.64 9.05 9.34 9.56 8.83 7.74 7.96 7.59 5.55 7.23 6.86 9.34 10.00 9.05 9.42 8.32 9.05 7.88 8.18 6.42 6.57 7.23 7.23 6.79 8.76 8.76 11.17 10.22 13.43 12.85
6.06 6.06 7.01 7.37 7.08 7.52 7.23 9.86 9.86 11.39 9.34 9.13 8.83 7.37 7.45 7.23 7.81 7.08 8.03 9.27 8.32 7.52 9.42 10.88 10.37 11.10 11.10 11.61 11.32 11.46 9.05 5.11 5.04 4.16 10.15 9.56 10.22 9.93 8.25 8.32 7.30 7.81 5.69 3.87 3.80 4.67 7.23 8.69 9.42 9.42 9.86 9.86 8.98 9.27 9.64 8.61 9.05 8.47 9.49 7.37 6.72 6.35 5.84 6.72 8.54 9.93 9.78 8.47 7.15 7.08 7.23 7.88 7.37 6.13 6.57 5.04 5.04 5.99 7.23 6.86 7.01 7.59 12.26 15.18
6.72 6.72 5.18 5.62 7.15 7.08 6.64 9.34 7.74 7.45 7.37 7.45 7.01 6.13 6.42 6.79 5.40 6.28 5.62 5.91 4.09 5.62 7.30 8.76 8.10 10.00 10.00 9.27 9.34 7.45 5.40 6.13 5.84 11.24 12.41 12.19 9.56 9.86 8.47 8.03 7.45 5.40 6.13 3.58 5.55 7.88 7.37 8.91 8.98 7.88 7.88 7.88 8.18 7.96 7.66 7.74 8.18 5.62 2.19 6.64 5.69 6.28 7.66 7.15 9.27 9.05 9.20 8.83 7.59 5.26 5.69 6.79 6.20 7.23 5.77 4.96 4.96 4.16 8.10 7.15 6.50 5.40 7.01 8.98
0.00 0.00 3.43 3.14 4.82 3.50 5.04 5.84 6.86 6.20 6.64 7.01 6.20 6.28 5.99 4.60 5.18 4.74 2.63 2.99 5.84 2.99 5.62 4.67 6.57 7.66 7.66 8.98 8.69 7.66 8.25 11.32 11.02 11.10 12.19 7.88 8.91 8.03 8.03 7.88 5.55 5.55 5.91 5.69 5.62 7.66 9.34 8.76 9.78 8.25 8.76 8.76 8.61 7.88 5.40 6.64 7.08 3.72 0.00 0.00 0.00 4.67 5.62 5.84 5.48 6.13 7.45 7.30 4.96 5.18 3.94 5.69 6.35 6.06 5.55 5.11 5.11 8.18 8.69 8.76 6.79 5.62 3.72 4.82
0.00 0.00 0.00 0.00 0.00 0.00 4.09 5.91 4.09 5.18 6.42 6.79 7.01 5.26 5.48 4.31 1.10 0.15 0.00 2.04 1.68 2.99 5.33 4.60 5.99 7.96 7.96 7.74 9.42 10.22 10.80 9.64 9.27 5.69 5.48 6.28 6.79 5.91 6.13 5.18 4.82 5.48 6.64 7.23 6.50 8.10 8.83 9.86 10.07 9.27 8.61 8.61 7.23 5.33 5.04 0.00 0.00 0.00 0.00 0.00 4.60 6.06 4.60 5.84 5.99 6.13 5.91 6.20 3.94 0.00 0.00 2.92 4.74 4.60 7.88 9.56 9.56 6.42 10.73 10.22 8.83 5.91 8.69 5.48
0.00 0.00 0.00 0.00 0.00 0.00 4.09 5.91 4.09 5.18 6.42 6.79 7.01 5.26 5.48 4.31 1.10 0.15 0.00 2.04 1.68 2.99 5.33 4.60 5.99 7.96 7.96 7.74 9.42 10.22 10.80 9.64 9.27 5.69 5.48 6.28 6.79 5.91 6.13 5.18 4.82 5.48 6.64 7.23 6.50 8.10 8.83 9.86 10.07 9.27 8.61 8.61 7.23 5.33 5.04 0.00 0.00 0.00 0.00 0.00 4.60 6.06 4.60 5.84 5.99 6.13 5.91 6.20 3.94 0.00 0.00 2.92 4.74 4.60 7.88 9.56 9.56 6.42 10.73 10.22 8.83 5.91 8.69 5.48
0.00 0.00 0.00 0.00 1.75 2.99 2.34 2.99 3.65 4.53 5.55 3.29 3.36 2.70 4.09 0.51 0.51 0.95 0.00 1.75 2.12 3.07 3.65 0.00 3.21 6.64 6.64 5.84 10.15 8.10 8.25 6.94 0.00 0.00 0.00 0.00 0.00 0.00 0.00 2.85 2.19 1.83 5.26 5.55 7.81 8.03 7.88 8.18 9.05 8.10 8.32 8.32 6.50 5.04 0.00 0.00 0.00 0.00 0.00 0.00 3.29 5.55 3.58 3.94 3.07 4.60 4.23 3.36 4.09 2.63 2.63 3.36 4.23 3.87 8.10 11.32 11.32 12.56 12.78 12.99 12.19 15.18 12.85 9.13
