Wansh/Snow_depth/snowdepth-1995/winter/1996023.txt
ncols 321
nrows 161
xllcenter 60
yllcenter 15 
cellsize  0.25 
NODATA_value -1
[rows 0 to 36 of 161, columns 84 to 167 of 321]
10.37 11.61 11.32 11.46 10.29 8.83 8.25 7.37 9.34 11.75 11.17 12.19 11.46 11.68 10.51 10.59 10.66 8.32 8.32 9.27 10.59 10.80 7.59 8.47 7.23 7.23 6.64 3.94 4.31 3.72 4.74 4.82 4.82 3.07 3.07 1.10 1.10 0.29 0.66 0.00 0.22 1.24 1.97 1.97 5.69 5.69 5.69 5.69 7.23 8.54 8.10 7.52 7.81 5.62 4.45 4.31 4.60 5.04 5.11 5.04 4.67 4.09 3.36 3.21 4.31 4.16 3.94 4.96 4.96 6.13 6.28 7.30 7.66 8.03 7.15 8.91 8.69 8.69 8.32 8.76 7.30 7.23 7.37 6.35
11.32 11.68 11.61 11.10 8.98 9.49 7.81 8.32 10.44 10.15 12.99 12.78 13.07 11.32 10.37 7.74 7.37 6.13 6.13 5.91 7.30 8.18 7.01 5.62 5.69 5.33 5.69 4.67 2.70 3.36 3.72 3.80 2.63 3.50 1.17 1.17 0.00 0.51 0.73 0.66 4.09 7.08 6.13 6.13 7.45 10.51 3.65 6.79 7.81 6.20 5.99 5.62 6.13 5.69 5.55 5.40 5.33 5.62 8.32 7.30 7.66 5.11 8.54 5.48 6.20 9.05 7.66 7.81 7.81 7.59 10.44 10.73 8.54 8.18 8.18 9.64 10.29 10.80 8.98 7.74 7.88 7.74 6.79 7.08
12.63 11.83 10.29 8.98 9.13 9.20 9.05 11.17 10.88 12.70 13.72 13.65 13.94 11.97 10.59 7.45 6.13 6.50 6.50 5.84 5.77 6.13 6.28 7.30 7.52 7.01 6.79 5.33 4.23 3.43 3.21 3.43 3.21 2.48 2.70 1.10 3.87 2.63 3.36 3.14 3.72 4.38 9.49 9.49 11.75 11.75 14.60 9.86 13.07 6.94 7.59 5.55 4.89 5.40 5.33 6.06 8.76 10.73 10.37 10.37 10.51 11.10 10.37 12.56 11.02 11.46 9.64 13.21 13.21 13.94 11.61 10.15 10.80 9.05 11.24 10.73 11.90 11.61 12.34 10.66 8.47 8.69 7.01 7.01
12.63 11.83 10.29 8.98 9.13 9.20 9.05 11.17 10.88 12.70 13.72 13.65 13.94 11.97 10.59 7.45 6.13 6.50 6.50 5.84 5.77 6.13 6.28 7.30 7.52 7.01 6.79 5.33 4.23 3.43 3.21 3.43 3.21 2.48 2.70 1.10 3.87 2.63 3.36 3.14 3.72 4.38 9.49 9.49 11.75 11.75 14.60 9.86 13.07 6.94 7.59 5.55 4.89 5.40 5.33 6.06 8.76 10.73 10.37 10.37 10.51 11.10 10.37 12.56 11.02 11.46 9.64 13.21 13.21 13.94 11.61 10.15 10.80 9.05 11.24 10.73 11.90 11.61 12.34 10.66 8.47 8.69 7.01 7.01
10.80 9.78 8.69 8.91 9.05 8.91 9.05 8.69 11.68 12.78 11.83 13.07 12.41 11.32 11.46 11.02 9.71 4.89 4.89 6.13 5.18 5.91 5.33 7.52 7.01 7.37 6.06 4.74 4.82 2.85 2.85 2.70 2.63 5.33 5.18 5.40 5.26 4.74 5.11 4.38 5.48 4.45 7.66 7.66 13.36 15.33 16.06 15.62 13.29 9.42 11.24 5.91 7.01 5.77 6.13 5.99 6.64 7.37 10.22 9.34 12.92 14.38 13.65 13.65 16.28 16.43 16.72 15.55 15.55 14.45 14.67 11.61 11.61 12.34 10.73 12.56 12.12 13.87 10.88 11.46 9.78 7.59 7.52 7.81
9.20 8.76 8.40 9.64 9.34 9.71 8.76 8.76 8.98 10.73 10.51 11.10 10.80 11.39 11.53 10.44 10.59 9.20 9.20 6.72 7.01 7.81 6.42 7.15 6.94 8.32 8.47 6.35 4.89 5.18 3.58 3.29 3.21 6.72 6.64 6.13 5.33 5.55 5.18 5.48 7.37 9.27 12.48 12.48 12.78 11.90 14.53 15.70 14.24 11.17 8.10 6.86 7.23 5.84 6.79 6.57 7.45 7.15 11.46 11.97 14.31 13.87 18.47 17.67 17.74 17.89 14.75 15.33 15.33 13.65 12.48 12.92 12.85 12.92 13.43 11.17 10.73 10.00 10.07 10.44 10.37 11.10 11.83 9.93
9.64 9.34 9.93 10.95 11.32 10.66 9.34 9.78 10.15 10.15 9.86 10.44 10.15 11.83 11.46 9.86 10.59 10.15 10.15 8.32 9.05 7.08 8.61 9.64 8.18 6.72 7.45 6.42 5.91 5.11 5.48 5.48 7.01 5.69 7.08 6.06 5.62 7.08 6.79 7.59 7.23 8.40 10.37 10.37 11.24 11.24 12.99 11.39 11.90 11.53 8.32 7.96 7.52 7.30 7.08 7.30 10.73 12.48 12.34 12.78 15.18 20.15 19.27 18.91 18.18 18.61 16.06 15.48 15.48 16.06 13.94 16.28 15.70 14.97 14.82 14.09 11.68 10.73 10.51 10.51 11.61 11.68 11.90 10.88
9.64 9.34 9.93 10.95 11.32 10.66 9.34 9.78 10.15 10.15 9.86 10.44 10.15 11.83 11.46 9.86 10.59 10.15 10.15 8.32 9.05 7.08 8.61 9.64 8.18 6.72 7.45 6.42 5.91 5.11 5.48 5.48 7.01 5.69 7.08 6.06 5.62 7.08 6.79 7.59 7.23 8.40 10.37 10.37 11.24 11.24 12.99 11.39 11.90 11.53 8.32 7.96 7.52 7.30 7.08 7.30 10.73 12.48 12.34 12.78 15.18 20.15 19.27 18.91 18.18 18.61 16.06 15.48 15.48 16.06 13.94 16.28 15.70 14.97 14.82 14.09 11.68 10.73 10.51 10.51 11.61 11.68 11.90 10.88
10.15 10.80 11.10 10.73 11.24 11.17 9.93 10.29 9.64 9.93 10.07 8.76 8.03 10.44 10.29 10.80 10.15 10.22 10.22 10.95 9.78 10.66 10.59 8.83 7.66 6.72 5.99 5.77 5.77 5.84 6.28 6.13 6.42 8.18 9.42 8.91 9.42 7.88 8.47 7.30 7.88 7.66 9.56 9.56 9.13 8.98 9.34 9.86 8.54 8.40 8.54 8.83 8.83 11.83 9.49 10.07 10.37 10.44 11.53 11.24 13.51 12.41 15.26 14.89 17.30 16.06 15.33 16.64 16.64 16.06 15.84 16.35 17.16 15.11 15.26 13.65 12.48 11.97 11.83 12.34 12.99 10.29 10.88 10.80
11.10 10.51 10.59 11.10 10.95 9.56 9.49 9.20 8.32 9.86 9.42 8.69 8.25 7.23 9.20 10.07 9.56 10.80 10.80 10.73 11.97 10.37 10.15 8.10 8.54 7.15 6.50 5.84 7.08 5.99 6.20 6.64 7.01 8.40 10.29 10.73 8.40 7.96 8.03 6.86 6.13 6.28 5.55 5.55 7.96 7.59 7.66 9.20 10.22 11.53 13.43 13.72 14.02 13.14 11.53 10.59 10.07 10.15 9.78 9.34 10.15 10.29 9.78 10.66 10.29 12.92 15.55 14.82 14.82 16.50 19.13 18.32 18.32 14.82 11.10 13.21 12.63 16.57 15.62 13.58 10.66 11.10 10.15 9.42
11.61 11.46 11.10 9.27 8.18 8.03 8.25 8.18 9.49 9.64 10.22 10.15 10.15 9.34 9.64 10.00 14.02 12.85 12.85 11.10 12.70 13.51 10.59 7.23 5.77 6.50 6.64 6.72 6.20 5.69 5.62 5.11 5.84 7.45 6.86 7.23 7.88 7.74 8.76 7.52 7.59 7.52 6.20 6.20 8.98 8.54 8.47 10.07 10.80 10.15 11.10 11.97 9.71 9.78 9.93 10.80 12.70 12.26 12.70 10.29 12.92 10.29 10.88 10.51 13.87 13.21 16.06 22.34 22.34 22.63 22.56 23.00 15.99 16.94 11.24 11.83 11.39 16.50 15.70 16.21 12.34 11.90 11.68 12.34
11.61 11.46 11.10 9.27 8.18 8.03 8.25 8.18 9.49 9.64 10.22 10.15 10.15 9.34 9.64 10.00 14.02 12.85 12.85 11.10 12.70 13.51 10.59 7.23 5.77 6.50 6.64 6.72 6.20 5.69 5.62 5.11 5.84 7.45 6.86 7.23 7.88 7.74 8.76 7.52 7.59 7.52 6.20 6.20 8.98 8.54 8.47 10.07 10.80 10.15 11.10 11.97 9.71 9.78 9.93 10.80 12.70 12.26 12.70 10.29 12.92 10.29 10.88 10.51 13.87 13.21 16.06 22.34 22.34 22.63 22.56 23.00 15.99 16.94 11.24 11.83 11.39 16.50 15.70 16.21 12.34 11.90 11.68 12.34
10.95 11.24 9.20 8.32 8.40 7.15 8.40 9.56 9.42 9.71 10.07 10.73 9.78 12.70 12.48 13.14 18.40 14.89 14.89 13.80 16.79 13.43 11.53 8.25 8.03 6.06 6.20 5.84 5.69 7.01 6.20 7.23 8.25 8.10 8.25 7.59 11.53 11.68 10.37 10.80 11.61 10.37 11.10 11.10 7.66 6.28 7.30 8.83 8.69 8.98 9.78 8.61 8.10 8.83 8.03 11.97 11.39 15.18 14.31 13.80 14.24 12.12 13.36 13.36 14.60 17.74 17.23 21.75 21.75 24.67 24.31 24.60 22.12 15.84 14.24 11.61 11.75 11.46 15.55 13.58 13.72 13.14 14.38 14.09
7.88 8.47 8.69 8.32 8.03 8.69 10.07 10.37 11.39 10.37 10.66 11.61 11.75 12.63 12.41 13.36 14.38 15.62 15.62 9.42 6.35 7.37 8.40 7.88 7.96 6.86 7.15 7.74 7.45 7.74 12.34 11.83 11.97 13.36 12.05 11.75 12.26 12.41 11.10 8.61 9.27 10.29 6.13 6.13 8.83 6.13 6.64 8.18 6.06 7.08 7.08 7.23 7.45 5.33 6.20 9.56 10.15 9.64 11.53 13.80 14.60 13.51 15.84 17.67 17.45 17.59 20.29 24.09 24.09 23.87 24.16 22.85 24.02 16.79 12.78 12.70 10.88 7.37 8.69 11.10 11.32 11.17 10.66 11.39
8.18 8.10 8.03 8.47 8.69 7.74 8.61 10.15 10.59 9.20 9.86 9.49 11.10 8.69 9.56 8.03 8.40 7.74 7.74 4.38 5.69 7.08 9.13 9.64 8.47 9.27 7.96 10.88 12.70 14.67 14.24 16.28 16.86 14.16 11.97 9.56 6.06 5.77 5.91 6.86 6.42 6.50 6.06 6.06 5.99 7.66 7.45 7.66 6.13 6.28 7.59 6.64 5.40 5.69 5.69 8.69 8.32 7.30 7.74 7.52 11.90 12.34 11.61 16.06 14.82 18.91 18.98 19.20 19.20 22.27 22.34 18.32 15.62 17.37 11.75 11.32 11.97 4.02 0.00 0.00 7.30 9.86 10.95 10.37
7.37 7.37 7.66 7.59 7.37 8.25 6.72 6.50 6.86 6.64 8.76 8.03 7.81 9.71 7.59 5.11 6.28 6.13 6.13 5.04 5.40 6.50 9.27 10.59 11.32 11.75 10.29 10.88 11.24 13.87 15.91 16.06 15.99 14.24 6.94 8.54 5.69 4.23 6.42 6.35 6.35 6.64 9.71 9.71 10.00 9.34 8.03 7.59 7.59 7.74 7.59 7.37 9.93 10.22 10.51 9.93 11.32 8.47 6.28 6.35 7.88 9.71 10.73 10.44 12.99 14.82 18.47 17.96 17.96 21.53 18.10 19.35 11.75 10.59 9.93 11.97 2.99 5.26 0.00 2.77 7.88 7.30 9.42 13.72
7.37 7.37 7.66 7.59 7.37 8.25 6.72 6.50 6.86 6.64 8.76 8.03 7.81 9.71 7.59 5.11 6.28 6.13 6.13 5.04 5.40 6.50 9.27 10.59 11.32 11.75 10.29 10.88 11.24 13.87 15.91 16.06 15.99 14.24 6.94 8.54 5.69 4.23 6.42 6.35 6.35 6.64 9.71 9.71 10.00 9.34 8.03 7.59 7.59 7.74 7.59 7.37 9.93 10.22 10.51 9.93 11.32 8.47 6.28 6.35 7.88 9.71 10.73 10.44 12.99 14.82 18.47 17.96 17.96 21.53 18.10 19.35 11.75 10.59 9.93 11.97 2.99 5.26 0.00 2.77 7.88 7.30 9.42 13.72
6.35 7.01 7.08 7.59 8.83 7.59 7.88 4.38 4.16 5.40 4.96 6.42 9.13 9.56 9.93 11.39 9.42 7.81 7.81 6.06 5.33 5.40 7.59 7.66 10.29 11.10 9.49 8.76 10.51 11.97 14.82 16.94 15.48 13.21 8.25 10.44 5.99 6.13 7.23 8.76 9.34 8.69 9.34 9.34 10.15 8.76 7.59 6.50 7.08 8.40 8.83 8.10 9.56 10.95 9.56 11.32 11.02 9.56 10.37 11.32 9.93 15.84 12.70 13.80 12.26 14.82 17.74 21.53 21.53 20.51 19.49 11.68 13.07 11.90 11.17 11.46 6.86 0.00 1.02 0.00 6.50 4.02 4.16 4.89
6.42 6.64 7.74 9.20 9.34 9.78 9.71 3.94 5.69 5.84 6.42 10.88 9.78 13.87 14.31 13.80 11.17 10.66 10.66 8.40 11.17 9.34 6.57 9.20 8.25 10.29 10.80 10.51 10.80 13.21 11.39 16.06 16.86 13.43 10.51 7.96 6.28 6.79 4.16 4.31 6.86 8.83 8.69 8.69 9.13 9.42 8.18 5.99 6.94 3.58 6.06 7.66 7.23 6.79 8.54 9.27 9.86 12.63 11.53 17.74 18.91 18.98 16.57 14.38 14.24 14.09 16.86 23.00 23.00 20.44 22.41 12.63 11.10 11.24 7.30 3.43 0.00 0.00 0.15 1.68 4.31 2.77 3.80 3.43
4.74 4.96 4.96 7.23 6.42 8.40 9.42 6.86 6.50 7.88 9.56 9.93 11.39 11.90 8.98 10.37 12.85 12.19 12.19 12.85 12.63 10.07 8.76 10.73 11.10 12.34 12.19 12.12 10.66 10.66 13.07 13.94 8.40 8.32 8.61 7.74 2.77 1.31 1.83 1.53 1.97 5.91 8.54 8.54 8.83 6.50 5.11 3.80 4.53 2.99 3.07 3.58 6.35 7.23 10.22 9.27 11.32 14.24 16.06 15.48 19.71 17.59 14.38 15.11 14.45 19.35 17.59 23.36 23.36 20.81 10.22 11.39 3.94 4.38 5.18 1.24 0.00 0.00 0.00 0.44 0.73 1.61 2.77 3.43
3.07 4.53 4.16 6.28 5.84 7.81 7.08 8.10 7.81 10.29 10.07 9.93 10.51 10.66 9.71 9.13 10.37 12.41 12.41 11.68 12.05 11.90 12.85 12.41 12.56 17.45 14.24 10.44 11.75 8.47 4.89 4.67 5.69 5.48 4.31 1.83 2.77 1.10 0.07 0.00 0.58 3.14 6.42 6.42 5.04 5.55 6.79 6.57 5.04 2.48 3.07 2.77 5.77 8.61 11.39 10.29 15.04 14.24 13.65 11.53 11.17 13.72 9.86 13.65 13.65 15.33 19.86 11.83 11.83 12.63 6.86 2.19 1.90 0.73 0.22 0.00 0.00 0.00 0.22 0.00 0.73 0.58 0.58 0.37
2.34 2.63 5.62 6.50 6.86 6.72 7.96 8.91 10.00 10.37 9.27 11.61 12.63 11.75 12.56 8.91 12.19 12.78 12.78 16.21 17.30 16.57 16.35 15.18 20.51 20.73 17.81 14.09 12.70 11.83 6.64 4.09 4.16 3.50 2.85 2.26 2.04 0.00 0.00 0.00 1.75 2.19 1.83 1.83 3.14 5.40 5.48 4.82 4.31 3.80 2.63 5.18 4.74 8.10 11.32 14.38 14.16 14.75 10.66 8.54 5.99 7.88 7.88 9.64 12.70 12.70 10.00 7.59 7.59 4.31 4.89 1.53 0.58 0.95 0.00 0.00 0.00 0.00 0.00 0.15 0.00 0.37 0.15 0.73
2.34 2.63 5.62 6.50 6.86 6.72 7.96 8.91 10.00 10.37 9.27 11.61 12.63 11.75 12.56 8.91 12.19 12.78 12.78 16.21 17.30 16.57 16.35 15.18 20.51 20.73 17.81 14.09 12.70 11.83 6.64 4.09 4.16 3.50 2.85 2.26 2.04 0.00 0.00 0.00 1.75 2.19 1.83 1.83 3.14 5.40 5.48 4.82 4.31 3.80 2.63 5.18 4.74 8.10 11.32 14.38 14.16 14.75 10.66 8.54 5.99 7.88 7.88 9.64 12.70 12.70 10.00 7.59 7.59 4.31 4.89 1.53 0.58 0.95 0.00 0.00 0.00 0.00 0.00 0.15 0.00 0.37 0.15 0.73
1.83 3.58 4.02 6.20 7.74 7.88 9.64 14.97 13.87 14.82 12.19 12.05 10.59 10.29 13.72 11.97 13.14 14.97 14.97 15.77 16.64 18.98 19.78 20.81 21.53 21.68 21.17 17.96 18.03 14.97 8.69 6.94 5.04 3.14 2.92 1.39 0.00 0.00 0.00 0.00 2.19 2.70 3.29 3.29 3.50 3.87 2.92 3.14 2.70 0.00 1.90 4.82 5.40 9.56 8.54 10.73 5.77 6.35 6.13 6.42 6.57 7.45 9.86 8.83 11.46 8.98 10.00 7.37 7.37 5.40 5.84 6.42 1.46 0.37 0.88 0.00 0.00 0.00 0.00 0.00 0.00 0.00 0.00 0.15
4.16 4.16 5.55 7.59 6.72 11.53 14.16 16.28 16.64 13.14 9.13 10.29 9.56 11.39 12.92 12.34 14.09 14.67 14.67 15.18 16.79 18.18 19.78 19.67 18.64 20.81 17.48 17.89 17.52 12.41 7.59 4.31 5.69 3.21 1.83 2.19 0.88 1.75 3.43 0.29 3.94 3.50 4.23 4.23 4.60 4.60 2.85 2.41 0.00 0.00 0.00 3.21 4.89 6.50 4.45 3.72 4.38 2.99 4.45 3.72 6.86 7.96 9.64 11.83 11.39 9.93 6.20 6.28 6.28 5.84 7.88 4.96 5.62 1.46 0.29 0.00 0.00 0.00 0.00 0.00 0.00 0.00 0.00 0.00
7.37 6.42 7.15 8.10 11.61 11.32 12.85 15.11 15.77 9.86 5.99 5.33 5.11 5.99 13.51 13.36 16.72 16.72 16.72 17.89 19.20 18.83 20.15 19.85 23.41 20.26 20.61 20.02 19.93 16.86 11.24 10.80 6.72 4.38 2.70 1.90 2.12 1.90 2.12 1.24 2.48 2.04 3.14 3.14 3.94 3.21 3.07 4.09 1.90 2.19 2.56 2.34 3.94 2.85 3.43 2.26 2.63 0.00 4.82 8.32 9.27 9.05 10.07 9.05 6.57 7.15 5.11 6.20 6.20 6.50 7.59 4.82 2.85 3.21 0.95 0.29 0.07 0.73 0.29 0.00 0.00 0.00 0.00 0.00
8.54 10.29 9.27 8.47 8.69 11.32 7.74 3.80 0.00 0.00 3.07 0.00 0.00 4.67 9.13 4.89 7.23 10.95 10.95 13.14 16.21 9.19 15.80 19.87 20.20 21.41 21.17 22.19 22.13 19.37 18.32 15.11 11.02 6.42 8.83 4.45 3.21 4.23 1.61 1.68 2.19 1.97 1.17 1.17 0.44 0.37 0.88 2.56 0.00 0.66 1.61 2.12 2.41 2.77 2.92 0.00 0.00 0.00 0.00 8.10 11.24 12.92 12.41 15.04 7.23 11.68 5.77 9.56 9.56 11.24 9.86 5.55 4.23 4.09 4.23 2.63 1.90 0.73 0.80 1.24 1.53 0.15 0.00 0.29
11.24 9.71 8.98 9.27 8.98 6.57 7.30 0.00 0.00 0.00 0.00 0.00 0.00 0.00 0.00 0.00 3.87 6.13 6.13 0.00 0.00 4.74 8.65 4.09 11.04 18.98 19.12 23.09 24.46 22.64 22.45 19.86 15.18 17.89 15.18 10.29 11.17 4.96 2.48 0.15 0.07 0.29 0.00 0.00 0.00 0.00 0.00 0.00 0.00 0.00 0.00 0.00 2.92 0.58 0.88 0.80 0.00 2.41 6.79 5.91 8.69 14.67 16.64 16.72 13.07 15.77 19.64 13.51 13.51 14.45 12.19 6.57 7.08 4.45 4.38 4.67 2.48 1.02 1.68 1.53 2.04 1.68 1.46 1.53
11.24 9.71 8.98 9.27 8.98 6.57 7.30 0.00 0.00 0.00 0.00 0.00 0.00 0.00 0.00 0.00 3.87 6.13 6.16 0.00 0.00 5.08 8.44 4.19 10.88 18.98 18.54 21.46 22.86 22.99 22.68 20.68 17.06 18.93 15.57 10.29 11.17 4.96 2.48 0.15 0.07 0.29 0.00 0.00 0.00 0.00 0.00 0.00 0.00 0.00 0.00 0.00 2.92 0.58 0.88 0.80 0.00 2.41 6.79 5.91 8.69 14.67 16.64 16.72 13.07 15.77 19.64 13.51 13.51 14.45 12.19 6.57 7.08 4.45 4.38 4.67 2.48 1.02 1.68 1.53 2.04 1.68 1.46 1.53
12.99 13.14 11.24 12.63 8.10 6.57 4.82 4.16 0.00 0.00 0.00 0.00 0.00 0.00 0.00 0.00 5.77 5.40 5.40 5.84 0.00 0.00 0.00 0.00 5.24 11.95 9.73 13.50 17.08 20.76 14.38 18.76 21.73 22.28 19.49 15.36 15.85 8.91 3.72 4.67 1.97 0.58 0.00 0.00 0.00 0.00 0.00 0.00 0.00 0.00 0.00 0.00 0.00 0.58 0.58 1.17 1.02 1.68 0.00 5.62 5.26 5.69 14.45 17.23 20.08 19.49 19.27 15.99 15.99 12.41 13.58 7.52 5.55 4.53 4.60 5.04 2.70 2.04 2.26 2.70 2.56 2.63 3.07 2.99
13.51 14.38 13.07 7.59 8.32 5.91 5.91 5.69 5.69 6.42 0.00 2.48 0.00 0.00 6.42 9.71 10.66 8.40 8.40 5.14 4.82 1.98 2.48 0.00 1.98 0.67 2.41 5.22 11.02 7.01 9.34 13.94 18.03 20.65 22.84 19.26 19.19 10.20 12.48 7.30 5.84 2.92 1.31 1.31 2.04 0.07 0.00 0.22 0.00 0.00 0.00 0.00 0.00 0.00 0.00 1.46 0.00 0.00 0.00 0.00 2.70 1.97 7.81 15.18 15.91 16.79 17.67 13.36 13.36 11.61 6.72 7.96 4.53 5.62 6.20 6.42 3.65 3.29 2.99 3.07 4.16 4.82 4.82 4.45
15.26 13.80 11.46 10.73 12.41 10.22 8.69 9.05 14.53 9.27 10.80 3.43 3.21 4.02 7.37 8.54 10.15 7.15 7.15 6.28 5.33 3.80 3.43 1.90 0.00 0.07 0.22 3.17 2.70 4.84 7.74 9.93 9.49 13.94 19.06 19.57 21.34 16.64 13.65 11.24 12.05 7.81 2.48 2.48 0.73 0.73 0.00 0.15 0.15 0.00 0.00 0.00 0.00 0.00 0.00 0.00 0.00 0.00 0.00 0.00 0.80 2.63 10.66 9.42 9.93 8.03 11.10 11.24 11.24 7.23 5.48 3.14 3.43 2.41 4.38 5.48 5.69 4.45 4.53 5.77 5.18 6.50 6.86 7.01
11.61 14.16 13.80 13.87 14.31 13.51 13.87 16.21 15.99 13.51 10.88 11.97 12.41 7.01 5.69 9.13 5.26 5.91 5.91 4.82 5.77 4.60 2.92 2.26 1.31 0.37 1.97 3.23 5.33 6.42 6.20 7.30 6.86 9.78 14.53 14.82 20.53 19.67 18.99 17.99 14.89 9.78 5.69 5.69 6.13 2.85 0.80 1.46 0.66 0.95 1.02 1.10 0.00 0.00 0.00 0.00 0.00 1.31 2.04 1.90 2.92 3.14 2.99 5.11 5.26 4.74 8.40 5.55 5.55 6.42 2.12 1.61 0.00 0.00 2.12 5.33 5.33 5.62 4.45 5.62 7.23 6.64 8.18 8.69
8.47 4.31 10.37 12.19 13.36 14.24 14.67 14.24 13.79 13.43 10.22 11.97 11.46 10.51 7.08 3.58 2.56 2.48 2.48 3.29 2.19 2.26 3.07 2.19 4.74 1.90 3.58 4.65 7.08 7.59 6.57 6.64 7.23 7.59 10.66 9.78 16.72 16.43 19.57 15.27 16.14 12.05 11.02 11.02 8.98 4.53 5.62 2.92 1.90 2.56 1.97 1.90 0.00 0.58 0.73 2.19 0.00 0.00 2.34 4.23 4.02 3.58 3.21 3.07 2.77 2.92 2.34 2.99 2.99 1.31 1.46 0.00 0.00 2.04 4.02 3.14 3.65 3.58 4.82 4.09 5.55 7.52 7.96 7.96
1.61 0.22 2.12 4.82 13.36 14.75 13.21 13.72 11.83 9.71 7.66 8.98 8.32 5.62 3.21 1.75 0.73 0.58 0.58 2.48 3.21 0.00 0.00 5.84 5.40 3.36 5.62 6.50 8.60 9.00 9.76 8.00 9.18 6.06 6.06 4.02 6.28 10.10 12.78 11.24 7.74 8.32 8.40 8.40 9.56 6.64 6.28 5.33 3.36 4.89 2.85 3.14 1.90 1.68 1.53 3.36 0.00 3.72 3.43 4.74 3.36 2.99 3.29 2.26 2.56 2.34 0.00 0.00 0.00 0.00 0.00 0.00 0.00 0.00 2.41 0.00 0.00 0.00 0.00 2.70 3.65 5.11 5.77 4.74
1.61 0.22 2.12 4.82 13.36 14.75 13.21 13.72 11.53 9.71 7.66 8.98 8.32 5.62 3.21 1.75 0.73 0.59 0.58 2.48 3.21 0.00 0.00 5.84 5.40 3.36 5.62 6.50 8.47 8.69 9.42 7.96 8.91 6.06 6.09 4.04 6.28 10.05 12.90 11.24 7.66 8.32 8.40 8.40 9.56 6.64 6.28 5.33 3.36 4.89 2.85 3.14 1.90 1.68 1.53 3.36 0.00 3.72 3.43 4.74 3.36 2.99 3.29 2.26 2.56 2.34 0.00 0.00 0.00 0.00 0.00 0.00 0.00 0.00 2.41 0.00 0.00 0.00 0.00 2.70 3.65 5.11 5.77 4.74
1.97 4.45 6.28 7.01 11.32 15.48 16.50 15.34 11.41 12.41 7.59 6.86 6.50 4.23 2.56 1.10 0.51 1.02 1.02 1.02 3.43 0.00 4.45 0.00 0.00 3.29 5.77 4.82 7.88 11.68 11.32 11.53 10.07 7.01 4.60 0.00 3.65 3.21 1.83 2.85 2.77 4.82 3.72 3.72 4.53 5.69 5.33 5.84 6.35 6.13 4.23 3.87 2.92 2.99 3.80 3.94 4.02 4.23 3.36 4.16 3.36 2.48 2.56 1.17 1.53 1.97 1.17 0.00 0.00 0.00 0.00 0.00 0.00 0.00 3.65 0.00 0.00 0.00 0.00 0.00 2.77 2.04 2.63 2.19
