Wansh/Snow_depth/snowdepth-1995/winter/1996045.txt
ncols 321
nrows 161
xllcenter 60
yllcenter 15 
cellsize  0.25 
NODATA_value -1
[rows 74 to 110 of 161, columns 84 to 167 of 321]
0.00 0.00 0.00 0.00 0.00 0.80 1.39 0.00 0.00 0.66 1.02 1.39 2.56 2.63 4.31 4.23 4.82 4.60 4.60 4.96 4.31 4.60 3.43 0.00 0.00 3.50 5.91 3.36 0.00 0.00 0.00 0.00 0.00 1.68 3.50 4.67 7.59 7.66 13.14 10.51 12.19 3.87 0.95 0.95 1.68 1.24 0.95 0.80 1.39 1.10 0.00 0.00 0.00 0.00 1.42 0.00 1.46 1.83 0.58 0.00 0.37 1.10 0.00 0.00 0.00 0.00 0.00 0.00 0.00 0.29 1.03 1.83 1.02 0.00 0.00 0.00 0.00 0.00 0.00 0.00 0.00 0.00 0.00 0.00
0.00 0.00 0.00 0.95 0.51 1.10 2.70 2.99 2.04 0.95 2.19 3.36 3.21 3.29 3.80 4.09 4.31 4.45 4.45 3.72 4.09 0.00 3.58 0.00 3.50 4.53 6.57 4.89 3.43 0.00 0.00 0.00 0.00 0.00 4.02 4.74 6.57 6.13 9.42 9.56 5.55 3.21 2.70 2.70 1.39 0.00 2.77 2.92 1.75 2.12 1.24 0.66 0.00 1.39 1.39 1.39 0.73 1.68 1.31 0.80 1.83 1.17 1.17 0.95 0.37 0.51 0.00 0.00 0.00 0.00 1.83 1.97 2.12 0.22 0.00 0.00 0.00 0.00 0.00 0.00 0.00 0.00 0.15 0.30
0.00 0.73 1.90 0.88 2.92 2.70 4.31 4.09 3.21 3.65 3.43 4.89 5.48 4.53 3.80 4.23 3.94 4.16 4.16 4.02 3.87 3.58 4.02 4.02 4.74 5.99 5.84 4.89 4.82 0.00 0.00 0.00 0.00 0.00 0.00 0.00 4.31 6.35 5.33 8.91 6.79 4.74 4.23 4.23 2.56 2.26 4.09 3.72 3.94 2.48 1.02 0.80 1.02 1.31 0.66 0.44 1.17 0.66 0.51 1.24 1.31 1.10 2.48 1.39 0.22 1.69 0.07 0.37 0.37 4.74 4.31 4.16 2.34 0.95 0.15 0.00 0.00 0.00 0.00 0.00 0.00 0.00 0.00 0.00
1.53 2.19 1.39 1.90 2.85 3.94 3.43 3.65 4.89 5.26 5.40 5.62 6.13 5.77 5.26 5.26 4.38 4.16 4.16 3.58 4.09 3.21 4.31 4.82 4.60 4.89 0.00 4.31 4.09 0.00 0.00 0.00 0.00 0.00 3.43 3.58 0.00 3.87 0.00 4.96 4.45 5.55 3.43 3.43 1.97 0.00 0.00 0.00 3.65 0.00 3.14 0.37 1.97 1.02 0.58 0.80 1.10 1.46 0.80 1.97 1.17 2.12 2.48 2.48 1.75 2.04 2.04 3.50 3.50 3.50 4.89 3.65 2.34 1.46 0.00 0.00 0.00 0.00 0.00 0.00 0.00 0.00 0.00 0.00
4.31 1.68 2.41 2.63 2.92 3.07 3.21 4.74 5.11 4.96 4.96 4.82 5.40 5.69 4.89 5.40 5.18 4.89 4.89 4.82 4.53 4.45 5.69 5.48 4.96 4.31 4.16 4.60 4.45 3.58 0.00 0.00 0.00 0.00 4.02 0.00 0.00 0.00 0.00 0.00 4.89 3.72 3.58 3.58 3.72 0.00 0.00 0.00 0.00 0.00 0.00 0.00 0.00 1.90 1.46 1.90 2.56 2.26 2.63 1.90 2.12 2.26 1.90 1.97 4.53 3.72 4.38 4.67 4.67 4.60 3.21 3.50 1.68 1.61 1.75 0.44 0.00 0.00 0.00 0.00 0.00 0.00 0.00 0.00
5.04 3.50 3.58 0.00 2.56 3.07 3.29 4.38 4.31 4.45 4.16 4.67 4.53 4.67 4.45 4.16 5.18 4.82 4.82 4.23 5.18 4.96 5.18 5.62 4.31 4.09 4.89 4.74 3.80 0.00 0.00 0.00 0.00 0.00 0.00 0.00 0.00 0.00 0.00 0.00 3.80 0.00 2.34 2.34 0.00 0.00 0.00 0.00 0.00 0.00 1.61 0.00 0.00 0.00 2.77 0.00 2.19 1.46 2.04 1.97 1.68 1.61 1.53 1.97 3.80 6.28 5.77 6.79 6.79 5.62 5.40 3.65 2.70 2.70 3.52 1.10 0.15 0.44 0.22 0.00 0.00 0.44 0.00 0.00
0.00 2.92 0.00 3.43 0.00 0.00 2.70 3.36 3.65 3.65 3.94 4.09 3.94 3.87 3.43 3.36 3.94 4.02 4.02 3.50 3.43 4.74 4.23 4.53 4.23 3.87 3.80 4.60 4.60 4.38 3.50 2.70 0.00 0.00 0.00 0.00 0.00 0.00 0.00 3.29 0.00 0.00 0.00 0.00 0.00 0.00 0.00 0.00 0.00 0.00 0.00 0.00 0.00 0.00 0.00 0.00 1.02 1.68 2.26 1.75 1.90 1.61 1.24 0.00 0.00 0.00 5.04 5.33 5.33 3.65 3.94 6.35 7.88 4.16 8.91 2.49 0.00 1.38 1.31 0.00 0.00 0.00 0.00 0.00
0.00 0.00 0.00 0.00 0.00 3.14 0.00 0.00 3.58 3.87 4.38 4.16 3.72 3.72 3.80 3.65 3.14 0.00 0.00 2.48 2.70 2.41 2.92 2.99 2.63 0.00 3.21 3.72 3.58 2.85 0.00 2.26 0.00 0.00 0.00 0.00 0.00 0.00 0.00 0.00 0.00 0.00 0.00 0.00 0.00 0.00 0.00 0.00 0.00 0.00 0.00 0.00 0.00 0.00 0.00 0.58 0.58 2.41 2.56 1.83 3.07 1.75 1.61 1.75 0.00 0.00 0.00 0.00 0.00 0.00 6.06 10.00 10.80 10.88 13.14 8.29 1.70 2.75 0.00 0.00 0.00 0.00 0.00 0.00
2.19 0.00 0.00 0.00 3.14 0.00 0.00 0.00 0.00 2.85 3.50 5.11 3.50 0.00 4.09 4.31 3.50 2.34 2.34 1.97 0.00 2.26 2.41 0.00 0.00 0.00 0.00 0.00 0.00 0.00 0.00 0.00 0.00 0.00 0.00 0.00 0.00 0.00 0.00 0.00 0.00 0.00 0.00 0.00 0.00 0.00 0.00 0.00 0.00 0.00 0.00 0.00 0.00 0.00 0.00 1.61 1.39 1.10 3.14 4.09 4.45 3.36 2.56 3.50 2.56 0.00 0.00 2.77 2.77 3.58 4.16 8.98 12.34 12.63 13.21 9.78 2.99 1.02 0.00 0.00 0.00 0.00 0.00 0.00
0.00 1.61 1.97 0.00 0.00 0.00 0.00 0.00 0.00 3.94 3.94 0.00 0.00 0.00 4.16 4.67 3.87 0.00 0.00 2.48 0.00 0.00 0.00 0.00 0.00 0.00 0.00 0.00 0.00 0.00 0.00 0.00 0.00 0.00 0.00 0.00 0.00 0.73 0.00 0.00 0.00 0.00 0.00 0.00 0.00 0.00 0.00 0.00 0.00 0.00 0.00 0.00 0.00 1.17 0.00 2.70 3.58 2.12 2.70 3.50 4.67 3.80 7.81 5.55 6.28 7.66 5.69 4.67 4.67 4.31 3.50 5.11 10.59 12.63 10.66 8.03 4.45 2.56 0.58 1.24 0.00 0.37 0.00 0.00
2.19 2.19 2.12 2.63 0.00 0.00 0.00 0.00 2.70 0.00 0.00 0.00 0.00 3.87 4.09 4.16 3.21 0.00 0.00 0.00 0.00 0.00 1.17 0.00 0.00 0.00 0.00 0.00 0.00 0.00 0.00 0.00 3.07 0.00 0.00 0.00 0.00 0.00 0.00 0.00 0.00 0.00 0.00 0.00 0.00 0.00 0.00 0.00 0.00 0.00 0.00 0.00 4.74 4.82 5.33 6.20 4.16 4.23 2.56 4.67 4.16 11.75 10.59 9.71 15.91 8.61 12.05 5.99 5.99 10.80 7.23 6.13 7.96 9.93 11.10 5.99 5.18 3.80 1.53 1.75 2.92 2.04 1.24 0.00
1.97 1.46 1.75 1.61 0.00 0.00 0.00 0.00 3.21 2.48 0.00 0.00 0.00 2.92 3.80 0.00 0.00 0.00 0.00 0.00 0.00 4.31 0.00 0.00 0.00 0.00 0.00 0.00 0.00 0.00 0.00 0.00 0.00 2.19 0.00 0.00 0.00 0.00 0.00 0.00 0.00 0.00 0.00 0.00 0.00 0.00 0.00 0.00 0.00 0.00 4.02 6.86 8.10 7.52 11.46 10.73 7.66 4.31 7.74 7.30 9.02 15.12 14.15 13.36 24.67 14.82 12.78 22.92 22.92 18.25 13.65 18.61 11.46 6.42 8.25 5.26 5.04 5.55 4.89 3.58 5.18 2.92 2.19 0.66
1.46 1.39 1.46 1.61 1.90 2.63 1.90 2.92 0.00 0.00 2.26 0.00 0.00 0.00 0.00 0.00 3.21 3.29 3.29 0.00 0.00 4.45 5.33 4.02 0.00 0.00 0.00 0.00 2.92 0.00 0.00 0.00 2.92 0.00 0.00 0.00 0.00 3.50 5.48 4.23 2.92 2.04 0.00 0.00 0.00 1.68 1.68 1.90 1.39 1.53 2.26 1.68 5.18 5.62 8.25 10.07 13.43 18.54 20.59 17.23 17.52 24.89 23.02 21.02 23.29 29.20 25.62 25.55 25.55 30.08 28.84 25.84 25.62 19.64 8.10 7.66 8.32 8.32 7.96 7.45 7.96 7.96 1.24 0.00
1.53 1.39 0.00 0.00 0.00 0.00 2.41 2.19 0.00 0.00 2.34 2.85 2.99 0.00 2.99 3.21 4.09 3.65 3.65 3.87 3.72 3.29 3.07 3.65 0.00 2.04 1.75 0.00 0.00 0.00 0.00 0.00 0.00 2.63 0.00 0.00 0.00 3.65 5.40 6.57 4.89 3.14 2.04 2.04 2.99 2.34 1.90 2.26 2.19 0.66 1.10 1.39 1.90 3.80 9.64 11.53 16.94 17.37 20.95 23.73 25.26 23.36 23.43 19.42 23.72 19.56 19.56 20.95 20.95 22.19 26.21 23.36 20.22 15.99 12.56 8.69 8.98 7.15 8.10 8.03 8.10 6.28 2.63 2.77
0.95 0.00 0.00 0.00 0.00 0.00 0.00 0.00 0.00 0.00 0.00 2.85 3.14 2.85 2.12 2.41 3.07 3.14 3.14 3.21 3.14 2.12 1.75 0.88 0.00 0.00 2.99 0.00 0.00 0.00 0.00 0.00 0.00 0.00 0.00 0.00 3.29 0.00 4.09 4.60 4.45 4.02 5.04 5.04 6.64 4.82 1.97 4.45 3.58 2.19 1.02 1.61 1.68 5.48 7.96 10.88 10.51 14.09 18.03 20.37 20.29 21.83 15.70 18.18 19.84 22.40 20.95 19.56 19.56 19.78 16.57 19.64 18.10 16.86 14.89 10.15 11.53 6.50 6.64 10.22 7.81 5.69 3.50 3.36
3.07 1.17 1.31 0.00 0.00 0.00 0.00 0.00 0.00 0.00 0.00 2.92 2.34 3.29 3.58 2.99 2.12 2.41 2.41 2.85 3.07 2.99 2.04 0.00 0.00 2.41 0.00 0.00 1.75 0.00 0.00 0.00 2.70 2.56 3.07 0.00 2.77 0.00 0.00 0.00 2.56 2.92 5.69 5.69 5.91 6.13 4.96 6.20 5.33 5.99 3.94 1.61 3.14 7.45 8.54 8.98 12.41 14.45 16.38 9.81 13.65 14.82 12.96 16.86 19.49 19.72 21.90 20.15 20.15 15.33 15.48 16.94 17.52 15.55 15.48 12.34 14.45 7.66 12.12 9.94 9.61 7.07 4.84 5.65
2.04 1.75 0.73 0.00 0.00 0.00 0.00 0.00 0.00 0.00 0.00 0.00 0.00 0.00 2.70 2.63 0.00 0.00 0.00 0.00 0.00 0.00 0.00 0.00 2.19 2.41 0.00 0.00 0.00 0.00 0.00 2.85 0.00 2.12 2.34 1.97 0.00 2.48 0.00 3.07 0.00 5.62 2.92 2.92 4.02 5.26 6.42 8.18 7.59 6.64 6.20 7.01 6.79 13.72 10.44 11.68 14.75 10.80 11.10 8.47 7.83 10.73 9.95 13.80 17.89 19.49 18.83 16.66 16.14 16.21 16.06 16.13 15.70 15.26 15.70 13.94 13.72 12.26 12.84 10.78 7.90 7.91 8.79 6.05
1.10 1.31 0.88 1.90 0.00 0.00 0.00 0.00 0.00 0.00 0.00 0.00 0.00 0.00 0.00 0.00 0.00 0.00 0.00 0.00 0.00 0.00 0.00 0.00 0.00 0.00 0.00 0.00 0.00 0.00 0.00 0.00 0.00 0.00 0.00 0.00 0.00 0.00 4.09 4.16 3.72 2.70 1.31 1.31 2.04 2.41 3.07 5.62 6.94 6.72 8.18 9.56 13.14 11.97 21.10 20.95 17.59 15.11 9.00 12.90 8.61 8.54 11.32 11.10 13.92 17.65 18.69 16.79 16.87 18.15 14.89 14.67 15.91 15.77 13.57 12.26 12.70 14.02 14.67 14.05 11.20 12.41 10.14 10.53
0.95 1.53 1.46 0.80 0.00 1.24 1.10 1.61 0.00 1.02 1.17 0.00 0.00 0.00 0.00 0.00 0.00 0.00 0.00 0.00 0.00 0.00 0.00 0.00 0.00 0.00 0.00 0.00 0.00 0.00 0.00 0.00 0.00 0.00 0.00 0.00 3.94 3.87 4.45 3.29 1.83 0.00 1.46 1.46 3.07 2.63 1.31 3.72 4.89 5.91 8.98 11.97 16.13 17.59 21.17 23.51 23.51 18.91 16.21 18.72 14.16 9.94 10.89 12.18 18.08 20.71 18.34 17.89 17.89 12.92 14.52 16.36 17.53 16.08 14.16 15.34 14.02 14.90 15.20 14.60 15.78 14.07 13.19 14.51
1.75 1.31 1.46 0.95 0.95 1.17 1.75 0.00 0.00 2.48 0.00 0.66 0.00 0.00 0.00 0.00 0.00 0.00 0.00 0.00 0.00 0.00 0.00 0.00 0.00 0.00 0.00 0.00 0.00 0.00 0.00 0.00 0.00 0.00 0.00 0.00 0.00 4.02 0.00 4.23 4.67 0.00 1.17 1.17 2.12 1.68 0.51 1.68 3.87 9.34 8.61 13.58 11.90 19.35 17.89 21.46 25.31 24.67 21.32 19.71 13.87 14.20 11.14 10.83 16.50 15.95 17.83 10.51 10.51 10.62 13.17 12.71 14.97 17.24 16.60 17.17 14.67 15.71 15.07 15.50 16.05 17.88 18.51 15.46
1.97 1.68 2.04 1.97 1.10 1.75 1.97 0.00 0.00 3.14 0.00 0.00 0.00 0.00 0.00 0.44 0.00 0.00 0.00 0.00 0.00 0.00 0.00 0.00 0.00 0.00 0.00 0.00 0.00 0.00 0.00 0.00 0.00 0.00 0.00 0.00 0.00 0.00 0.00 3.07 0.00 0.00 0.00 0.00 0.00 0.73 0.73 1.46 7.23 9.20 12.26 13.65 16.16 18.14 18.12 18.23 21.30 22.34 25.33 22.85 18.47 15.48 11.99 10.89 10.44 13.55 14.75 8.61 8.66 9.55 13.39 7.87 11.45 16.98 17.92 18.69 18.18 13.47 12.96 14.14 16.52 17.50 18.70 14.60
2.56 2.56 3.58 3.36 1.90 2.19 2.48 0.00 1.83 2.26 1.31 0.00 0.00 0.00 0.00 0.37 0.00 0.00 0.00 0.00 0.00 0.00 0.00 0.00 0.00 0.00 0.00 0.00 0.00 0.00 0.00 0.00 0.00 0.00 0.00 0.00 0.00 0.00 0.00 0.00 0.00 0.00 0.00 0.00 0.00 2.04 2.04 3.58 8.76 10.95 11.75 12.56 14.67 17.28 17.67 17.69 23.39 17.67 21.64 21.31 20.54 15.04 12.31 8.00 9.28 8.57 4.27 5.36 5.36 5.01 9.06 4.06 7.13 10.85 19.52 18.86 12.96 10.69 10.93 12.62 14.60 19.82 20.50 9.97
4.67 4.67 4.60 4.45 3.80 4.02 3.80 3.43 3.72 2.19 2.99 0.66 0.00 0.00 0.00 0.00 0.00 0.00 0.00 0.00 0.00 0.00 0.00 0.00 0.00 0.00 0.00 1.31 0.95 0.00 0.00 0.00 0.00 0.00 0.00 0.00 0.00 0.00 0.00 0.00 0.00 0.00 0.44 0.44 4.23 3.50 3.50 4.23 9.78 12.92 13.29 14.45 14.24 15.19 13.04 15.01 14.90 13.76 15.16 19.25 11.68 11.33 10.99 7.72 6.89 5.94 2.21 2.00 1.97 2.08 3.39 6.22 11.70 11.62 14.97 15.70 9.34 8.17 7.64 9.76 12.42 15.80 13.44 7.44
5.40 3.87 0.00 7.52 7.59 6.42 6.42 5.91 4.67 3.29 0.95 1.39 0.73 0.00 0.00 0.00 0.00 0.00 0.00 0.00 0.00 0.00 0.00 0.00 0.00 0.00 0.00 2.04 1.46 1.17 0.00 1.75 0.00 1.31 0.00 0.00 0.00 0.00 0.00 0.00 0.00 4.23 4.23 4.23 6.50 5.04 3.58 4.45 8.61 12.58 18.06 15.19 15.29 16.85 14.38 12.11 12.70 12.78 12.58 10.78 7.19 8.45 6.80 5.55 3.19 2.86 1.93 1.43 1.39 1.39 1.10 3.94 8.51 8.40 12.18 11.32 4.51 4.76 5.36 6.63 8.69 9.89 8.34 5.66
9.27 7.66 8.61 10.88 14.82 17.01 18.25 14.67 10.80 5.84 3.72 1.46 1.02 1.02 0.15 0.37 0.00 1.10 1.10 1.75 1.17 0.00 0.00 1.24 0.00 1.46 1.90 1.90 2.04 1.75 2.04 2.41 0.58 0.66 0.95 1.46 1.02 1.53 0.00 0.80 1.46 2.99 4.09 4.09 3.14 3.43 3.65 8.25 11.10 12.41 14.98 16.36 9.19 9.03 7.56 8.55 11.35 12.82 12.60 13.35 11.74 9.46 6.52 8.35 4.60 3.89 1.23 0.00 0.00 0.07 0.29 1.06 4.24 5.90 6.96 5.18 4.99 0.66 0.83 0.00 0.18 2.94 2.83 5.37
11.61 11.97 12.99 13.80 16.72 19.78 22.05 19.56 15.18 7.66 0.00 1.75 1.02 0.95 1.75 0.58 0.58 1.90 1.90 1.17 1.39 1.17 0.73 1.02 1.46 1.39 1.10 1.97 1.97 2.19 1.83 2.26 0.15 1.68 1.68 4.31 5.33 3.65 0.00 0.00 0.22 0.00 2.34 2.34 2.92 3.65 3.14 6.13 11.21 9.51 10.91 9.33 9.09 8.33 8.81 11.21 5.66 9.94 12.69 12.54 14.53 13.01 10.24 6.85 5.84 0.95 1.39 0.70 0.68 0.00 0.07 0.00 2.99 6.40 4.74 5.33 0.44 0.60 0.00 0.00 0.00 0.49 3.28 2.36
11.46 10.29 9.20 14.60 17.45 20.00 17.45 13.51 5.91 0.00 0.00 0.73 0.95 1.17 1.02 2.12 2.26 1.68 1.68 1.61 1.53 1.53 0.66 0.51 1.02 1.53 0.00 1.10 0.00 2.77 2.04 1.61 0.58 1.17 2.41 3.65 3.72 1.46 0.00 0.00 0.00 0.15 0.51 0.51 1.10 1.53 1.31 3.83 7.95 8.10 11.39 9.95 10.36 9.25 8.47 7.59 5.56 6.93 11.29 16.83 14.99 16.61 14.97 12.05 7.15 5.21 1.12 0.95 1.06 0.24 0.00 1.14 2.85 5.26 5.99 2.58 0.88 0.00 0.07 0.00 1.32 1.52 1.87 2.70
7.74 6.35 5.48 7.81 10.73 14.60 12.85 10.93 6.13 2.77 0.00 0.00 0.00 1.53 2.70 2.12 2.56 2.56 2.56 1.83 1.83 1.68 1.17 0.95 1.61 0.00 0.00 0.44 1.68 1.61 2.92 0.00 0.00 1.31 2.85 1.90 2.26 0.66 0.00 0.00 0.00 0.00 0.00 0.00 1.10 0.29 1.24 3.52 6.42 8.49 6.81 9.27 12.23 11.29 7.66 6.66 5.72 6.99 6.89 14.35 18.46 16.70 17.46 14.31 12.12 8.19 5.13 3.45 3.33 1.00 0.00 0.00 0.84 4.92 4.59 1.27 0.44 0.76 0.00 0.00 0.88 2.45 4.13 2.55
0.00 0.00 0.00 4.09 4.89 8.61 9.71 8.40 5.84 3.80 2.26 2.26 1.90 0.58 1.61 2.04 2.77 3.29 3.29 2.56 1.61 1.17 1.31 0.80 1.02 1.10 0.00 0.00 1.24 0.44 0.95 0.00 0.00 0.00 1.02 0.51 1.24 0.00 0.00 0.00 0.00 0.00 0.00 0.00 0.66 0.58 4.60 4.02 6.42 7.88 6.82 6.96 9.13 9.19 9.14 8.32 4.68 6.24 12.00 11.41 14.07 13.44 17.94 15.93 13.13 11.74 5.00 5.28 5.31 2.65 0.10 0.24 0.36 1.07 2.63 1.39 0.82 0.66 0.07 0.00 0.98 2.42 4.60 3.81
0.00 0.00 0.00 0.00 0.00 6.28 8.32 9.27 7.74 6.72 5.18 5.26 4.74 2.12 0.00 2.04 5.04 4.09 4.09 3.36 3.14 1.61 0.58 0.15 0.58 0.00 0.00 0.00 0.00 0.44 0.00 0.00 0.00 0.00 0.00 0.00 0.00 0.80 0.00 0.00 0.00 0.07 0.00 0.00 0.00 1.02 2.27 3.29 3.41 6.47 7.80 6.82 7.77 8.51 7.42 0.00 0.00 0.00 10.71 11.38 12.29 14.24 16.94 15.80 13.48 12.82 7.18 6.67 7.81 3.49 2.74 0.00 0.90 0.00 0.98 0.92 0.97 0.00 0.00 0.00 0.43 2.69 3.97 2.60
0.00 0.00 0.00 0.00 6.57 7.66 7.96 7.52 7.52 7.52 7.23 7.74 6.79 5.91 10.44 11.39 9.71 5.33 5.33 3.43 8.47 2.34 1.24 0.37 0.37 0.00 0.00 0.00 0.00 0.00 0.00 0.00 0.00 0.00 0.00 0.00 0.00 0.51 0.00 0.00 0.00 0.00 0.00 0.00 0.00 0.00 0.44 1.67 2.69 5.24 5.03 8.94 7.34 8.38 9.04 0.00 0.00 0.00 0.00 14.74 16.35 16.35 16.07 17.33 15.37 12.19 11.22 5.09 5.69 7.91 4.34 1.04 0.00 0.53 0.00 0.00 1.00 0.00 0.00 0.00 0.91 3.81 4.45 3.69
0.00 0.00 0.00 0.00 0.00 0.00 5.33 7.59 8.47 8.40 8.91 9.13 9.20 7.45 11.53 15.49 14.75 11.97 11.97 9.86 16.86 10.15 2.34 0.29 0.44 0.51 1.46 0.00 0.73 0.00 0.00 0.00 0.00 0.00 0.51 0.73 0.15 0.00 0.00 0.00 0.00 0.00 0.00 0.00 0.00 0.00 0.00 0.60 2.83 4.70 6.10 8.13 8.21 0.00 0.00 0.00 0.00 0.00 0.00 0.00 14.73 17.69 15.65 15.88 13.88 14.51 13.26 8.87 9.06 11.09 3.24 3.23 1.76 0.42 0.00 1.17 1.33 0.00 0.00 0.09 0.00 1.87 3.38 5.00
0.00 0.00 0.00 0.00 0.00 0.00 0.00 5.40 7.74 6.20 6.94 8.83 10.22 9.86 11.68 10.42 16.43 18.63 17.38 19.86 22.34 6.42 5.18 0.58 0.58 2.70 4.74 1.68 2.12 0.73 0.00 0.88 1.53 0.80 4.09 0.58 0.66 0.00 0.00 0.00 0.00 1.83 0.00 0.00 0.29 0.15 0.22 0.00 3.24 6.63 10.40 8.48 0.00 0.00 0.00 0.00 0.00 0.00 0.00 0.00 15.38 14.91 11.13 7.47 14.60 16.31 12.98 8.59 10.50 7.71 4.73 4.90 2.88 1.33 1.46 2.02 1.52 0.28 0.00 0.00 0.00 0.00 2.35 3.58
0.00 0.00 0.00 0.00 0.00 0.00 0.00 0.00 0.00 0.00 0.00 3.14 3.72 0.00 0.00 2.99 8.54 13.30 13.51 7.81 13.72 18.25 8.25 9.42 7.37 8.83 17.37 12.48 0.00 12.34 12.78 22.92 19.27 10.59 10.29 11.32 7.45 12.99 10.95 8.95 10.99 11.65 9.93 9.93 6.50 2.77 2.26 6.46 5.20 6.82 0.00 0.00 0.00 0.00 0.00 0.00 0.00 0.00 0.00 0.00 0.00 0.00 11.08 0.00 14.36 14.06 0.00 0.00 0.00 8.80 9.69 5.11 4.07 1.50 0.00 1.82 1.71 0.00 0.00 0.00 0.00 0.00 0.00 0.00
0.00 0.00 0.00 0.00 0.00 0.00 0.00 0.00 0.00 0.00 0.00 0.00 0.00 0.00 0.00 0.00 0.00 3.21 3.21 0.00 9.68 8.40 11.61 10.15 10.51 12.27 18.04 18.18 8.91 11.53 23.65 20.88 24.16 19.78 13.43 13.51 12.05 11.90 13.14 11.75 8.31 12.12 13.36 14.93 12.70 9.64 5.18 4.12 4.83 2.18 0.00 0.00 0.00 0.00 0.00 0.00 0.00 0.00 0.00 0.00 0.00 0.00 0.00 11.34 12.08 7.99 0.00 0.00 0.00 0.00 0.00 0.00 0.00 1.66 1.53 0.00 0.00 0.00 0.00 0.00 0.00 0.00 0.00 0.00
0.00 0.00 0.00 0.00 0.00 0.00 0.00 0.00 0.00 0.00 0.00 0.00 0.00 0.00 0.00 0.00 0.00 0.00 0.00 0.00 5.91 0.00 9.05 8.76 7.15 11.01 9.24 9.78 14.75 18.69 19.64 24.09 21.64 10.51 10.22 11.95 8.69 8.61 7.59 7.08 6.49 10.00 16.95 21.52 10.89 10.37 8.14 3.07 2.43 0.00 0.00 0.00 0.00 0.00 0.00 0.00 0.00 0.00 0.00 0.00 0.00 0.00 0.00 0.00 0.00 0.00 0.00 0.00 0.00 0.00 0.00 0.00 0.00 0.00 0.00 0.00 0.00 0.00 0.00 0.00 0.00 0.00 0.00 0.00
0.00 0.00 0.00 0.00 0.00 0.00 0.00 0.00 0.00 0.00 0.00 0.00 0.00 0.00 0.00 0.00 0.00 0.00 0.00 0.00 0.00 0.00 0.00 0.00 10.15 4.45 6.72 0.00 5.40 4.60 12.92 15.80 20.24 3.72 4.02 7.30 0.00 0.00 0.00 0.00 0.00 0.00 7.79 8.90 0.00 8.11 10.69 0.00 0.00 0.00 0.00 0.00 0.00 0.00 0.00 0.00 0.00 0.00 0.00 0.00 0.00 0.00 0.00 0.00 0.00 0.00 0.00 0.00 0.00 0.00 0.00 0.00 0.00 0.00 0.00 0.00 0.00 0.00 0.00 0.00 0.00 0.00 0.00 0.00
