Wansh/Snow_depth/snowdepth-1995/winter/1996017.txt
ncols 321
nrows 161
xllcenter 60
yllcenter 15 
cellsize  0.25 
NODATA_value -1
[rows 0 to 36 of 161, columns 0 to 83 of 321]
7.81 7.81 12.63 11.46 14.82 12.34 12.78 12.92 13.80 13.36 14.38 12.92 13.43 11.39 12.19 9.86 10.37 10.44 9.34 7.59 7.23 7.37 6.20 7.88 7.81 7.45 7.45 7.37 5.04 5.91 6.79 5.40 5.18 8.32 7.30 7.30 5.33 4.67 4.74 4.96 6.79 7.52 11.53 11.68 11.68 11.68 12.48 11.61 10.51 11.02 9.71 9.71 8.47 7.15 6.20 6.50 5.69 5.11 5.55 3.65 2.34 2.41 1.90 1.10 1.61 1.53 2.63 1.68 1.39 2.41 3.36 2.48 5.69 5.48 5.69 6.64 6.64 6.42 6.64 5.84 6.06 6.94 6.64 6.64
11.68 11.68 11.75 12.56 12.78 13.21 12.78 12.78 13.36 13.51 10.73 10.73 8.18 7.15 7.15 7.08 6.06 6.35 5.48 3.36 5.40 4.23 3.65 6.13 5.48 7.01 7.01 8.32 7.66 8.61 8.10 8.10 8.03 10.59 4.96 4.67 4.53 7.52 7.66 7.45 7.08 8.47 8.91 8.91 8.83 11.83 10.00 8.40 9.56 8.61 6.57 6.57 7.30 5.04 4.38 5.04 2.56 2.26 2.41 2.99 0.58 0.88 1.61 1.24 2.99 3.21 3.43 2.77 1.24 1.39 2.92 6.20 6.06 6.64 7.30 7.23 7.23 7.15 6.50 6.64 6.42 6.28 7.08 8.69
11.68 11.68 12.19 12.26 12.63 13.07 12.99 13.58 11.97 12.56 9.05 5.84 6.50 5.04 5.04 5.69 5.62 3.87 1.17 1.46 1.46 3.58 5.33 7.23 6.72 7.81 7.81 11.24 10.37 11.83 10.37 10.44 4.45 4.74 4.53 6.50 7.52 7.37 8.18 8.25 8.18 8.18 8.18 11.53 9.86 11.39 9.42 8.40 8.83 8.18 5.26 5.26 6.28 2.12 0.58 1.75 1.68 0.95 0.00 0.00 0.00 0.29 2.19 1.97 1.83 4.74 4.74 4.53 4.09 7.45 7.59 7.88 8.61 8.25 7.52 7.52 7.52 7.74 7.23 6.94 6.79 8.10 9.78 9.27
11.68 11.68 12.19 12.26 12.63 13.07 12.99 13.58 11.97 12.56 9.05 5.84 6.50 5.04 5.04 5.69 5.62 3.87 1.17 1.46 1.46 3.58 5.33 7.23 6.72 7.81 7.81 11.24 10.37 11.83 10.37 10.44 4.45 4.74 4.53 6.50 7.52 7.37 8.18 8.25 8.18 8.18 8.18 11.53 9.86 11.39 9.42 8.40 8.83 8.18 5.26 5.26 6.28 2.12 0.58 1.75 1.68 0.95 0.00 0.00 0.00 0.29 2.19 1.97 1.83 4.74 4.74 4.53 4.09 7.45 7.59 7.88 8.61 8.25 7.52 7.52 7.52 7.74 7.23 6.94 6.79 8.10 9.78 9.27
11.46 11.46 11.68 12.78 13.43 12.63 13.21 10.73 12.05 6.86 4.45 4.60 4.45 4.82 4.67 5.40 4.89 4.67 3.07 2.70 3.72 5.77 9.13 8.47 9.64 11.61 11.61 11.83 12.92 11.75 4.31 12.05 4.45 5.99 5.84 5.91 4.45 5.11 5.04 6.13 5.18 6.86 7.08 9.64 7.74 8.32 9.56 8.83 9.49 9.49 6.86 6.86 3.14 1.61 0.88 5.91 2.19 0.37 0.51 1.68 1.83 2.70 2.34 5.84 6.50 5.40 9.56 8.83 8.76 8.76 7.96 8.25 7.37 6.86 6.86 8.76 8.76 8.18 7.88 9.20 8.69 8.25 8.91 7.81
12.05 12.05 12.63 12.56 13.29 12.70 13.07 11.97 6.42 7.30 4.53 5.91 6.86 7.74 7.81 7.74 6.86 7.30 5.69 5.84 5.18 4.45 6.86 8.98 11.10 11.24 11.24 11.10 12.85 4.82 12.48 6.57 6.79 6.42 4.82 3.72 3.72 4.82 2.56 4.16 4.16 3.07 4.16 8.18 8.47 7.88 6.86 7.52 6.72 7.01 8.69 8.69 7.23 8.40 6.42 7.08 4.31 5.77 5.55 5.48 4.89 8.10 7.66 6.64 10.15 10.51 10.37 9.78 8.91 8.76 7.96 7.59 7.96 8.32 9.42 9.05 9.05 10.22 9.86 10.15 9.34 9.49 9.49 7.88
10.22 10.22 10.37 9.93 8.83 7.74 8.61 7.52 6.50 7.01 6.28 7.01 7.01 7.74 8.40 8.69 8.10 9.64 8.25 9.71 8.83 7.74 7.74 9.56 11.53 11.83 11.83 11.24 11.02 8.32 7.88 7.52 6.86 4.82 5.04 4.38 2.19 2.63 2.77 3.14 0.00 2.04 6.79 6.86 7.23 7.15 7.08 6.50 5.99 6.35 6.64 6.64 6.64 7.88 5.40 8.10 9.05 7.66 11.39 11.17 11.10 9.49 9.13 9.93 9.78 9.64 10.51 10.22 8.98 7.59 7.88 7.08 7.52 7.66 6.94 9.56 9.56 9.42 9.27 7.15 10.80 9.86 8.69 8.76
10.22 10.22 10.37 9.93 8.83 7.74 8.61 7.52 6.50 7.01 6.28 7.01 7.01 7.74 8.40 8.69 8.10 9.64 8.25 9.71 8.83 7.74 7.74 9.56 11.53 11.83 11.83 11.24 11.02 8.32 7.88 7.52 6.86 4.82 5.04 4.38 2.19 2.63 2.77 3.14 0.00 2.04 6.79 6.86 7.23 7.15 7.08 6.50 5.99 6.35 6.64 6.64 6.64 7.88 5.40 8.10 9.05 7.66 11.39 11.17 11.10 9.49 9.13 9.93 9.78 9.64 10.51 10.22 8.98 7.59 7.88 7.08 7.52 7.66 6.94 9.56 9.56 9.42 9.27 7.15 10.80 9.86 8.69 8.76
7.15 7.15 7.74 5.11 7.30 6.94 7.45 8.10 8.10 6.94 6.72 7.37 7.74 8.76 8.54 9.20 11.39 11.24 11.02 11.32 10.66 9.34 9.34 9.34 11.68 11.83 11.83 9.05 11.46 8.18 7.52 8.25 6.13 5.48 4.82 4.67 2.99 4.38 4.02 3.80 4.53 2.77 5.55 7.01 6.64 5.18 4.31 4.53 4.74 5.62 5.40 5.40 5.91 6.79 6.35 7.74 8.69 10.37 9.42 9.56 9.49 9.34 9.27 8.91 9.34 9.27 9.56 8.61 8.54 7.45 7.37 7.59 5.62 5.84 5.11 4.82 4.82 6.20 4.74 4.82 6.13 5.69 8.18 7.59
2.19 2.19 3.50 4.16 6.57 7.59 7.30 7.96 7.01 7.30 6.50 6.57 8.54 10.22 10.29 11.61 10.88 10.51 10.88 10.29 9.71 7.37 8.25 7.59 11.53 8.18 8.18 8.76 8.76 7.59 8.25 7.59 7.59 6.64 8.18 5.55 6.57 5.48 7.59 5.55 5.48 6.42 5.33 6.64 5.18 5.40 5.33 5.40 5.91 6.42 6.28 6.28 5.99 5.99 6.94 6.42 8.10 5.99 6.50 6.35 8.91 7.30 8.61 8.69 7.74 7.96 7.66 7.81 6.94 7.08 5.77 5.40 4.74 4.45 4.89 3.72 3.72 4.23 3.72 5.11 4.82 6.57 8.69 7.81
2.99 2.99 2.99 5.18 5.62 7.96 8.32 7.96 8.10 6.13 6.13 6.06 7.23 9.56 9.27 10.80 11.02 9.93 8.18 8.54 7.52 7.66 7.37 7.88 7.52 8.03 8.03 8.03 8.83 9.56 9.20 8.91 10.15 8.03 8.61 7.59 8.61 8.32 7.88 8.76 6.79 6.94 6.42 6.06 6.57 5.69 6.06 5.62 5.26 5.69 6.28 6.28 6.06 6.28 5.99 6.86 6.72 6.64 6.35 5.18 6.28 6.50 4.53 7.52 6.50 6.94 4.89 5.18 6.72 5.62 5.18 5.04 4.45 4.38 4.60 4.23 4.23 5.62 5.40 5.91 7.01 6.42 9.13 9.49
2.99 2.99 2.99 5.18 5.62 7.96 8.32 7.96 8.10 6.13 6.13 6.06 7.23 9.56 9.27 10.80 11.02 9.93 8.18 8.54 7.52 7.66 7.37 7.88 7.52 8.03 8.03 8.03 8.83 9.56 9.20 8.91 10.15 8.03 8.61 7.59 8.61 8.32 7.88 8.76 6.79 6.94 6.42 6.06 6.57 5.69 6.06 5.62 5.26 5.69 6.28 6.28 6.06 6.28 5.99 6.86 6.72 6.64 6.35 5.18 6.28 6.50 4.53 7.52 6.50 6.94 4.89 5.18 6.72 5.62 5.18 5.04 4.45 4.38 4.60 4.23 4.23 5.62 5.40 5.91 7.01 6.42 9.13 9.49
5.62 5.62 5.91 5.91 6.72 7.88 7.59 7.96 6.72 7.96 7.96 7.81 7.81 8.47 9.27 9.13 8.98 7.37 6.20 6.35 7.30 6.20 6.86 5.48 5.84 7.74 7.74 6.94 10.07 10.00 11.68 11.97 11.17 9.56 10.00 10.37 9.71 8.76 8.54 8.69 6.64 7.52 6.42 7.08 7.37 6.50 6.94 5.33 4.96 5.18 5.18 5.18 5.33 5.40 5.33 6.79 4.67 3.43 3.65 3.14 0.00 0.00 0.00 1.53 4.16 3.72 4.96 3.21 3.07 4.60 4.09 4.38 4.23 4.60 4.23 4.38 4.38 5.40 6.42 6.13 8.25 7.96 8.25 8.61
8.18 8.18 7.08 7.52 6.13 6.20 7.81 9.71 9.42 8.83 8.98 9.34 9.49 9.42 9.13 9.27 8.54 6.57 6.94 5.40 5.62 3.72 4.60 3.58 5.91 7.01 7.01 6.50 7.45 7.59 10.73 6.13 7.37 7.81 9.49 6.79 6.86 7.81 6.28 5.04 5.62 5.40 6.64 6.06 5.40 4.89 4.82 4.82 4.96 4.53 4.82 4.82 4.89 4.74 4.31 4.16 4.09 2.48 0.00 0.00 2.19 0.44 0.51 0.37 2.99 2.19 1.90 2.85 3.43 2.92 4.31 4.23 4.02 4.02 5.33 6.79 6.79 7.01 7.96 8.10 7.81 7.30 6.35 6.28
7.59 7.59 7.15 7.15 6.35 6.72 6.35 7.81 7.37 7.37 8.32 8.18 8.83 7.66 7.59 8.76 7.45 8.32 8.69 7.01 6.28 3.29 2.70 2.70 4.23 2.41 2.41 5.11 4.45 5.26 2.48 2.48 6.35 5.18 4.16 6.06 5.04 5.69 5.91 4.31 4.16 3.29 4.16 4.82 4.38 5.26 5.69 5.69 5.77 4.53 4.82 4.82 4.60 5.48 4.38 0.00 3.07 2.19 1.61 1.68 0.58 0.88 0.80 0.73 0.73 0.66 1.46 1.46 2.19 1.31 2.41 3.29 3.72 4.96 4.53 8.91 8.91 8.83 8.76 8.10 6.94 6.79 6.20 5.33
5.84 5.84 6.79 6.79 6.64 6.57 6.28 7.01 7.15 7.66 6.28 5.55 6.50 6.64 6.72 6.64 6.50 7.74 7.74 7.23 6.57 4.82 3.58 2.56 2.85 2.04 2.04 2.85 3.87 2.12 2.41 0.95 3.21 3.21 3.94 4.74 4.82 5.40 6.86 6.72 2.85 6.86 7.74 5.91 6.86 5.84 5.33 5.91 4.89 5.99 6.57 6.57 6.35 6.50 4.96 3.29 2.77 2.77 1.61 1.46 0.51 0.80 0.66 1.31 0.88 0.95 0.88 1.90 1.90 2.19 2.34 1.68 2.85 4.67 6.57 6.13 6.13 8.18 7.30 7.45 6.35 5.26 5.77 5.26
5.84 5.84 6.79 6.79 6.64 6.57 6.28 7.01 7.15 7.66 6.28 5.55 6.50 6.64 6.72 6.64 6.50 7.74 7.74 7.23 6.57 4.82 3.58 2.56 2.85 2.04 2.04 2.85 3.87 2.12 2.41 0.95 3.21 3.21 3.94 4.74 4.82 5.40 6.86 6.72 2.85 6.86 7.74 5.91 6.86 5.84 5.33 5.91 4.89 5.99 6.57 6.57 6.35 6.50 4.96 3.29 2.77 2.77 1.61 1.46 0.51 0.80 0.66 1.31 0.88 0.95 0.88 1.90 1.90 2.19 2.34 1.68 2.85 4.67 6.57 6.13 6.13 8.18 7.30 7.45 6.35 5.26 5.77 5.26
8.98 8.98 8.10 8.40 7.52 7.23 8.47 8.10 7.96 6.50 5.99 7.37 8.10 6.94 8.47 9.20 8.03 8.18 10.00 8.18 6.42 7.01 3.72 4.31 5.04 5.91 5.91 5.84 4.38 4.45 6.42 5.84 5.18 4.45 5.04 6.13 5.62 5.69 7.96 7.96 6.64 6.20 5.69 4.23 5.48 5.48 5.40 5.40 5.33 5.26 6.79 6.79 6.94 5.69 6.20 3.29 2.19 1.53 0.95 1.31 0.37 1.17 0.95 1.31 0.73 1.75 1.39 1.83 1.31 0.95 1.02 1.53 2.19 2.70 4.82 5.11 5.11 4.67 4.16 6.06 5.26 5.11 6.06 5.11
10.88 10.88 10.00 10.07 10.29 10.37 10.59 8.98 7.52 4.23 7.08 6.13 8.69 9.71 9.93 10.29 11.61 11.75 9.27 9.34 6.28 6.86 5.77 6.35 6.06 5.69 5.69 5.69 7.37 6.72 6.72 6.06 6.79 6.20 7.45 3.29 3.87 3.94 3.87 5.40 4.31 4.09 4.31 3.65 4.45 5.33 5.33 5.62 6.50 8.61 7.52 7.52 7.96 6.06 4.09 3.14 3.14 1.31 2.41 0.22 0.07 1.53 1.83 1.68 1.53 1.61 1.61 0.80 0.95 1.46 1.53 1.46 2.48 2.12 2.48 3.07 3.07 3.65 2.99 4.74 5.55 5.40 5.77 4.45
9.20 9.20 10.00 9.86 9.86 10.15 9.13 7.88 8.40 4.89 3.14 2.63 9.05 8.03 10.15 10.44 9.13 11.02 9.78 8.18 8.10 8.18 8.47 7.74 7.74 7.15 7.15 6.35 6.20 6.42 6.64 6.50 5.55 3.29 4.02 2.34 4.82 4.82 5.04 3.80 4.60 5.04 4.53 4.89 5.18 4.96 5.11 6.50 7.30 7.37 7.01 7.01 4.96 5.04 4.09 3.14 5.04 4.67 3.58 4.67 2.92 3.36 1.68 2.70 2.56 1.68 2.34 1.97 2.12 1.97 2.77 2.56 2.56 2.26 1.75 1.90 1.90 2.34 4.60 5.48 5.33 3.80 2.19 3.29
5.33 5.33 4.60 6.79 8.18 9.13 9.05 9.13 7.81 3.87 1.17 1.97 6.50 7.52 8.10 9.34 10.07 9.42 8.91 8.69 7.15 8.54 7.81 7.74 7.23 7.15 7.15 7.23 6.94 7.08 6.94 7.01 4.82 4.02 4.82 5.48 5.48 6.57 8.47 5.55 6.13 6.35 6.42 5.77 4.38 5.48 5.91 5.62 6.28 5.26 5.18 5.18 4.02 4.31 3.80 4.60 5.69 5.11 4.38 4.53 3.80 3.43 3.29 3.43 2.77 2.99 2.19 2.41 2.77 3.36 3.43 2.63 2.85 2.99 1.83 1.02 1.02 2.19 2.34 5.04 3.50 3.94 1.75 1.17
4.16 4.16 6.06 5.77 6.79 7.01 7.15 7.88 7.45 5.62 5.04 5.40 8.91 8.10 8.69 9.71 8.47 9.56 9.49 9.56 8.10 6.64 7.74 8.10 8.40 9.86 9.86 7.74 8.25 7.52 7.52 5.26 5.77 3.87 5.40 7.45 8.10 8.10 8.03 6.94 6.64 6.79 6.86 6.20 6.06 5.69 4.89 5.04 5.91 5.77 5.55 5.55 3.80 5.11 5.48 5.33 5.48 4.74 3.72 3.36 3.21 2.77 3.21 2.85 2.77 2.48 1.97 2.12 1.97 2.34 1.97 2.12 2.19 1.75 2.48 1.31 1.31 2.12 1.90 3.14 2.12 1.61 1.75 1.10
4.16 4.16 6.06 5.77 6.79 7.01 7.15 7.88 7.45 5.62 5.04 5.40 8.91 8.10 8.69 9.71 8.47 9.56 9.49 9.56 8.10 6.64 7.74 8.10 8.40 9.86 9.86 7.74 8.25 7.52 7.52 5.26 5.77 3.87 5.40 7.45 8.10 8.10 8.03 6.94 6.64 6.79 6.86 6.20 6.06 5.69 4.89 5.04 5.91 5.77 5.55 5.55 3.80 5.11 5.48 5.33 5.48 4.74 3.72 3.36 3.21 2.77 3.21 2.85 2.77 2.48 1.97 2.12 1.97 2.34 1.97 2.12 2.19 1.75 2.48 1.31 1.31 2.12 1.90 3.14 2.12 1.61 1.75 1.10
4.82 4.82 4.67 4.60 6.64 6.86 7.74 8.10 8.76 7.74 6.64 8.10 9.34 9.34 8.83 9.05 8.18 10.66 9.27 8.40 8.25 8.18 8.03 8.25 9.86 11.39 11.39 10.29 9.42 8.10 8.10 6.35 5.55 5.99 5.40 7.66 8.83 8.83 7.37 7.81 7.96 7.66 6.79 7.30 6.57 5.84 5.69 7.23 6.72 6.13 6.28 6.28 7.08 5.11 5.84 6.57 5.55 5.55 5.40 3.43 4.45 2.77 3.87 3.14 2.34 2.19 2.92 1.83 2.77 3.36 3.29 1.61 1.68 2.41 3.07 1.39 1.39 1.39 1.31 0.73 0.95 0.37 1.24 1.39
4.74 4.74 4.74 5.91 6.20 7.88 7.96 8.03 7.66 7.52 7.81 8.76 10.15 9.20 7.96 10.88 9.13 7.81 7.08 7.01 7.01 7.96 8.76 9.71 9.34 11.24 11.24 10.07 9.56 7.88 6.20 6.50 6.79 7.01 8.61 8.10 8.98 8.83 7.52 10.66 10.59 9.05 8.25 6.72 7.45 7.52 6.94 7.59 8.10 9.13 8.10 8.10 8.03 8.18 7.96 7.59 7.30 6.06 6.13 7.59 5.62 7.23 4.38 3.87 6.06 3.14 3.21 6.13 5.04 3.94 4.67 2.26 3.87 3.50 4.38 5.33 5.33 1.53 1.53 0.66 0.00 0.66 1.17 2.92
0.00 0.00 2.56 3.14 4.89 7.74 6.64 6.94 7.30 6.79 8.47 7.30 9.42 7.59 7.81 7.15 6.13 6.57 5.77 6.20 7.59 8.18 7.96 8.25 8.32 9.13 9.13 9.05 8.83 6.64 6.94 6.35 7.37 7.01 8.83 8.61 8.61 8.91 10.29 10.15 10.51 8.69 7.74 6.13 7.45 6.50 8.83 9.42 9.34 9.56 7.96 7.96 7.74 6.72 7.23 7.59 7.74 8.18 8.18 8.91 6.94 8.18 6.06 6.64 6.79 6.06 7.74 7.59 7.52 4.60 4.02 4.60 5.77 5.91 7.08 6.94 6.94 7.15 5.11 2.19 1.75 1.90 4.02 4.45
3.94 3.94 2.48 3.14 3.43 5.69 5.26 5.40 5.55 5.91 5.33 5.77 5.40 5.18 4.82 5.40 6.35 5.11 6.72 7.37 7.96 7.96 7.66 6.79 7.52 7.81 7.81 8.03 6.79 7.15 6.57 5.48 7.52 9.13 8.76 8.40 8.47 8.40 9.78 10.37 8.18 6.42 6.20 6.13 4.67 4.31 6.86 7.88 7.59 5.91 6.35 6.35 6.94 6.13 6.13 6.50 6.20 7.23 7.81 6.64 7.15 7.59 7.81 7.59 8.32 8.61 7.45 7.15 8.25 7.88 4.82 4.96 4.45 6.79 8.91 8.54 8.54 8.47 8.47 6.72 7.01 3.07 6.64 8.32
3.58 3.58 3.43 2.92 3.07 3.14 4.23 5.18 5.99 6.72 5.62 5.55 3.87 3.14 3.14 3.87 5.55 5.48 6.20 5.77 5.04 5.55 6.13 6.06 7.01 7.66 7.66 7.37 6.13 4.96 4.96 5.26 6.57 7.74 5.26 6.06 6.06 2.77 2.70 4.09 4.82 5.11 5.40 2.99 3.50 2.99 4.96 6.35 6.64 5.48 5.77 5.77 2.48 3.29 4.74 6.57 7.23 6.94 5.91 5.69 7.45 7.45 7.37 7.08 7.88 7.96 8.03 9.05 8.40 6.57 6.79 4.45 5.84 5.33 5.84 8.61 8.61 9.93 9.64 9.34 9.64 11.17 10.88 11.90
3.58 3.58 3.43 2.92 3.07 3.14 4.23 5.18 5.99 6.72 5.62 5.55 3.87 3.14 3.14 3.87 5.55 5.48 6.20 5.77 5.04 5.55 6.13 6.06 7.01 7.66 7.66 7.37 6.13 4.96 4.96 5.26 6.57 7.74 5.26 6.06 6.06 2.77 2.70 4.09 4.82 5.11 5.40 2.99 3.50 2.99 4.96 6.35 6.64 5.48 5.77 5.77 2.48 3.29 4.74 6.57 7.23 6.94 5.91 5.69 7.45 7.45 7.37 7.08 7.88 7.96 8.03 9.05 8.40 6.57 6.79 4.45 5.84 5.33 5.84 8.61 8.61 9.93 9.64 9.34 9.64 11.17 10.88 11.90
3.14 3.14 3.50 4.31 4.53 4.16 5.69 6.64 7.96 7.52 6.86 3.65 7.52 0.00 0.00 5.91 6.13 6.50 4.96 5.33 4.89 5.84 5.91 7.45 7.74 7.81 7.81 6.94 7.45 5.11 5.04 4.74 5.40 1.24 3.07 0.66 3.21 2.77 5.18 5.48 6.50 5.55 6.94 4.38 3.50 3.72 6.28 5.55 6.06 6.57 7.52 7.52 5.84 8.32 4.60 8.03 6.42 6.20 6.64 6.42 6.94 7.52 6.42 6.64 6.35 6.64 8.40 8.03 8.18 6.42 5.26 4.96 5.11 5.48 5.40 5.04 5.04 7.15 10.66 10.73 10.07 11.17 12.12 11.53
4.02 4.02 4.31 5.33 5.26 6.57 5.77 8.32 8.40 8.54 5.77 8.25 7.08 6.06 5.91 4.82 5.18 3.94 3.80 3.87 4.23 5.84 6.42 7.88 8.83 8.76 8.76 8.91 8.91 6.72 4.89 2.34 0.00 0.44 0.00 2.92 3.21 2.48 1.68 8.03 8.76 9.56 8.54 6.13 3.94 5.26 5.62 7.74 9.13 8.47 8.10 8.10 8.18 7.74 7.59 8.10 6.64 6.50 6.86 6.13 6.28 7.01 4.45 3.80 3.72 6.20 7.81 5.77 5.91 5.62 5.11 5.55 4.96 5.33 4.16 5.77 5.77 5.04 5.99 6.13 10.07 9.71 11.53 13.07
4.45 4.45 4.45 5.18 6.57 6.72 7.15 7.96 7.45 7.96 5.99 4.89 7.45 5.62 5.48 5.26 5.11 4.31 4.53 4.23 5.26 5.91 5.84 7.37 6.42 8.18 8.18 9.13 6.50 7.30 4.89 0.80 0.00 5.48 5.91 4.31 10.44 3.58 9.34 9.27 8.91 8.83 8.98 4.45 4.02 5.48 7.01 7.74 7.37 8.76 7.15 7.15 6.35 7.52 5.99 5.99 6.06 5.99 7.01 6.79 6.35 6.57 5.55 4.74 6.86 6.50 7.81 6.06 5.04 4.96 3.72 5.33 6.13 5.62 4.82 4.89 4.89 5.33 4.96 5.18 4.67 6.72 9.78 11.61
2.63 2.63 5.04 7.30 6.64 6.79 5.48 6.20 5.77 5.84 6.64 6.57 6.28 5.91 5.48 5.69 5.26 4.67 4.38 3.80 4.45 4.89 4.02 4.89 5.04 5.33 5.33 3.50 3.80 2.56 2.04 2.48 1.46 8.54 9.78 10.66 10.59 8.40 7.81 7.15 7.74 5.04 4.53 4.67 4.23 5.69 5.99 7.01 7.45 6.20 5.48 5.48 5.55 6.72 6.35 5.55 5.55 5.91 6.42 3.29 5.69 5.99 4.82 5.69 7.23 6.50 7.15 7.08 6.13 4.74 6.20 5.77 7.52 6.28 4.23 5.33 5.33 5.69 5.18 4.45 4.60 4.09 4.74 6.79
1.02 1.02 1.97 0.00 4.45 4.38 5.04 3.94 4.45 7.52 7.08 6.35 6.20 7.52 7.30 7.52 6.64 0.00 0.00 0.00 0.00 0.00 3.43 4.45 2.92 2.48 2.48 2.41 1.39 3.80 4.89 9.20 8.61 8.98 7.30 9.20 9.13 9.13 8.61 7.81 7.01 5.99 5.69 4.67 6.28 7.23 8.25 7.52 9.27 7.45 7.15 7.15 7.01 6.06 6.42 4.60 4.02 0.00 0.07 0.00 0.00 3.65 4.38 4.89 5.48 4.31 4.74 6.79 6.94 4.31 2.92 6.57 6.20 5.91 3.43 4.96 4.96 4.16 6.86 4.60 1.90 2.48 1.68 2.56
0.00 0.00 0.00 0.00 0.00 3.43 3.29 3.14 3.21 5.11 5.69 6.72 7.45 7.88 7.45 2.99 1.31 0.00 0.00 0.00 0.00 0.00 3.21 2.77 3.94 2.26 2.26 6.35 6.13 5.18 8.32 8.91 4.23 5.04 4.82 1.61 8.69 8.98 7.30 5.26 5.33 7.88 5.33 6.13 7.81 9.86 9.05 9.71 8.69 8.98 7.23 7.23 7.01 5.77 3.65 4.23 2.77 0.00 0.00 0.00 0.00 3.50 4.74 1.83 2.70 2.34 2.19 4.02 2.26 2.77 1.31 2.19 4.31 4.53 4.23 6.06 6.06 7.59 8.03 7.30 7.15 1.97 2.04 1.90
0.00 0.00 0.00 0.00 0.00 3.43 3.29 3.14 3.21 5.11 5.69 6.72 7.45 7.88 7.45 2.99 1.31 0.00 0.00 0.00 0.00 0.00 3.21 2.77 3.94 2.26 2.26 6.35 6.13 5.18 8.32 8.91 4.23 5.04 4.82 1.61 8.69 8.98 7.30 5.26 5.33 7.88 5.33 6.13 7.81 9.86 9.05 9.71 8.69 8.98 7.23 7.23 7.01 5.77 3.65 4.23 2.77 0.00 0.00 0.00 0.00 3.50 4.74 1.83 2.70 2.34 2.19 4.02 2.26 2.77 1.31 2.19 4.31 4.53 4.23 6.06 6.06 7.59 8.03 7.30 7.15 1.97 2.04 1.90
0.00 0.00 0.00 0.00 0.00 2.56 2.77 2.63 4.96 4.89 4.60 5.91 4.89 3.43 0.58 0.51 0.58 0.00 0.00 0.00 2.48 1.97 0.00 0.00 2.12 0.00 0.00 6.35 8.76 6.79 6.86 7.08 0.95 1.97 0.00 0.00 0.00 0.80 3.14 3.80 2.85 4.60 6.42 5.33 6.57 8.47 6.72 9.86 7.45 7.37 6.94 6.94 6.94 5.84 2.56 0.00 0.00 0.00 0.00 0.00 3.14 3.29 3.65 0.58 1.17 1.31 1.10 1.75 0.95 1.17 1.39 1.61 2.26 5.69 8.10 7.81 7.81 8.61 8.61 11.46 11.24 11.39 11.61 10.00
