Wansh/Snow_depth/snowdepth-1995/winter/1996010.txt
ncols 321
nrows 161
xllcenter 60
yllcenter 15 
cellsize  0.25 
NODATA_value -1
[rows 0 to 36 of 161, columns 0 to 83 of 321]
6.64 6.64 9.42 9.13 7.66 5.55 6.28 6.20 6.42 7.96 10.07 10.07 9.27 10.51 10.95 10.73 10.80 10.95 10.07 10.44 8.47 7.88 8.32 5.91 6.79 6.20 6.20 6.35 6.72 6.50 6.79 7.15 7.37 9.78 9.20 11.02 12.92 12.85 13.21 12.48 12.34 12.26 12.78 12.99 11.83 11.61 11.53 11.32 11.75 9.78 12.26 12.26 12.26 12.26 11.75 7.96 5.55 4.16 4.60 1.39 1.39 1.39 1.39 1.02 2.12 2.92 3.07 2.77 1.83 1.68 4.09 3.29 5.33 5.84 6.13 6.50 6.50 6.06 6.20 6.13 5.55 5.77 6.06 6.20
8.83 8.83 9.64 6.94 7.52 5.18 5.33 5.55 7.74 6.86 9.27 8.03 8.61 6.42 6.20 6.06 5.55 4.96 5.62 4.60 5.18 5.18 4.02 4.96 5.33 8.76 8.76 7.30 9.71 9.56 10.07 9.64 10.44 10.00 12.19 13.21 12.99 13.72 14.09 14.24 14.38 14.31 14.45 13.43 11.39 11.90 9.93 9.49 9.42 9.13 8.98 8.98 8.25 4.74 4.74 3.21 4.02 2.85 1.83 2.48 1.31 1.39 2.34 2.70 4.67 4.09 4.38 1.31 1.97 3.14 4.31 3.21 7.74 9.05 7.66 7.74 7.74 7.96 7.15 6.94 5.62 6.50 7.01 6.42
8.47 8.47 7.66 7.96 7.15 6.94 6.06 7.96 7.66 6.64 3.07 4.31 1.68 2.19 3.87 5.18 5.26 4.02 3.65 3.87 4.38 4.82 5.26 6.79 9.42 9.05 9.05 10.88 10.73 10.80 11.02 12.41 12.41 12.19 12.48 13.14 13.43 13.80 12.19 11.75 12.85 12.12 10.88 11.32 10.73 11.17 9.34 9.27 7.45 9.64 7.23 7.23 3.72 1.90 1.75 2.34 2.34 0.51 0.95 0.29 0.88 1.24 2.34 2.48 4.45 3.94 5.62 5.77 4.82 9.27 8.98 9.13 8.76 9.27 8.40 9.05 9.05 8.91 7.23 6.35 7.45 6.86 8.76 9.93
8.47 8.47 7.66 7.96 7.15 6.94 6.06 7.96 7.66 6.64 3.07 4.31 1.68 2.19 3.87 5.18 5.26 4.02 3.65 3.87 4.38 4.82 5.26 6.79 9.42 9.05 9.05 10.88 10.73 10.80 11.02 12.41 12.41 12.19 12.48 13.14 13.43 13.80 12.19 11.75 12.85 12.12 10.88 11.32 10.73 11.17 9.34 9.27 7.45 9.64 7.23 7.23 3.72 1.90 1.75 2.34 2.34 0.51 0.95 0.29 0.88 1.24 2.34 2.48 4.45 3.94 5.62 5.77 4.82 9.27 8.98 9.13 8.76 9.27 8.40 9.05 9.05 8.91 7.23 6.35 7.45 6.86 8.76 9.93
9.71 9.71 9.42 8.40 8.98 8.03 8.69 9.13 5.26 6.35 1.97 0.95 1.10 2.63 4.23 4.16 4.82 4.45 4.96 4.96 7.37 6.79 9.64 10.88 10.44 11.90 11.90 12.41 11.68 12.12 12.48 12.26 12.41 11.97 10.37 10.73 10.44 10.95 10.88 10.44 8.91 10.51 8.83 9.71 9.78 9.49 9.34 10.88 10.80 10.22 8.18 8.18 7.30 6.06 5.77 4.23 4.89 1.97 2.12 1.39 1.31 3.29 3.58 5.40 4.96 6.06 9.05 9.13 8.91 8.98 9.27 8.18 7.30 7.52 7.66 8.98 8.98 8.32 8.61 7.66 9.20 8.69 8.32 8.83
11.90 11.90 12.05 12.26 9.86 10.00 8.03 4.82 6.06 2.63 3.43 3.29 4.89 3.94 5.18 5.77 5.84 6.06 6.13 6.20 7.37 10.15 9.42 11.02 11.90 11.75 11.75 11.90 11.97 10.88 10.95 12.41 12.48 12.41 11.53 10.22 8.40 8.03 8.47 8.83 8.32 7.59 6.35 7.23 8.03 7.52 9.64 10.73 8.91 7.52 7.45 7.45 6.86 8.54 7.88 5.04 3.94 4.67 3.36 3.65 2.04 2.04 7.52 10.15 10.51 9.93 10.37 9.64 9.56 9.56 8.10 8.54 7.88 8.98 9.27 9.05 9.05 9.42 9.49 9.56 9.34 9.86 9.13 9.27
11.24 11.24 11.97 12.48 9.78 4.16 5.11 4.89 4.60 5.11 4.67 5.99 6.06 6.50 8.32 8.10 9.42 11.10 10.80 10.44 11.39 10.95 11.61 12.19 12.05 12.26 12.26 12.48 12.48 11.68 11.83 12.12 11.39 11.61 10.51 8.40 7.59 7.08 7.01 8.54 7.23 6.57 6.42 7.30 6.06 7.15 7.37 7.23 8.76 8.03 5.99 5.99 7.15 6.20 7.01 5.91 5.77 12.41 12.41 10.22 11.46 10.59 10.66 10.15 10.51 9.42 10.00 9.49 9.49 9.78 8.69 9.20 9.13 8.69 7.08 8.69 8.69 8.18 10.29 8.03 10.00 9.93 8.69 7.30
11.24 11.24 11.97 12.48 9.78 4.16 5.11 4.89 4.60 5.11 4.67 5.99 6.06 6.50 8.32 8.10 9.42 11.10 10.80 10.44 11.39 10.95 11.61 12.19 12.05 12.26 12.26 12.48 12.48 11.68 11.83 12.12 11.39 11.61 10.51 8.40 7.59 7.08 7.01 8.54 7.23 6.57 6.42 7.30 6.06 7.15 7.37 7.23 8.76 8.03 5.99 5.99 7.15 6.20 7.01 5.91 5.77 12.41 12.41 10.22 11.46 10.59 10.66 10.15 10.51 9.42 10.00 9.49 9.49 9.78 8.69 9.20 9.13 8.69 7.08 8.69 8.69 8.18 10.29 8.03 10.00 9.93 8.69 7.30
5.77 5.77 6.28 3.80 2.56 3.21 3.58 5.69 5.40 5.91 5.84 5.77 7.15 7.37 8.76 10.59 10.29 11.17 11.17 11.39 11.02 11.75 10.73 12.26 11.61 11.39 11.39 11.68 11.83 11.24 11.17 10.80 11.61 10.22 9.64 9.49 9.42 9.56 8.76 7.52 7.30 5.91 6.50 6.28 6.13 5.77 5.26 5.18 5.48 5.40 4.96 4.96 6.42 7.59 7.96 8.61 8.40 12.34 11.97 12.12 11.68 11.02 10.73 10.37 10.44 9.49 9.42 7.66 8.10 8.40 8.40 7.81 5.91 6.13 6.50 6.35 6.35 5.91 5.84 6.57 5.04 7.45 7.59 6.94
3.50 3.50 1.90 2.12 2.92 4.60 3.29 5.69 6.06 6.20 5.91 7.45 7.08 9.34 11.17 10.80 11.75 10.73 10.95 10.66 9.71 9.56 9.64 10.66 11.39 11.39 11.39 10.95 10.88 11.53 11.61 11.39 10.73 10.44 9.20 9.13 8.98 9.49 10.22 9.13 9.13 5.99 6.35 5.99 5.33 5.48 4.67 5.84 5.84 6.35 5.99 5.99 5.26 5.55 6.50 8.40 6.57 6.94 6.86 8.40 9.27 8.91 10.15 9.49 8.32 7.96 8.10 7.37 7.37 5.91 6.79 6.57 5.99 5.04 4.45 4.53 4.53 4.38 4.38 4.82 4.67 6.57 7.59 7.08
3.80 3.80 0.80 2.99 2.70 4.74 5.91 5.55 5.55 6.06 6.35 7.23 7.23 8.69 10.07 10.59 10.51 10.29 9.20 8.32 9.71 9.05 8.69 8.47 8.76 9.05 9.05 9.71 9.71 10.29 10.73 12.41 11.24 11.53 10.29 10.00 8.76 9.56 10.73 9.93 7.74 7.66 7.01 5.69 5.33 6.28 4.23 4.89 4.53 4.82 4.82 4.82 5.77 5.55 6.94 6.64 7.01 7.30 7.15 6.64 7.59 8.40 6.06 6.86 7.15 6.72 4.53 4.96 4.74 5.48 5.55 4.38 4.74 4.96 3.80 3.87 3.87 3.94 4.89 6.20 7.66 7.01 8.25 8.40
3.80 3.80 0.80 2.99 2.70 4.74 5.91 5.55 5.55 6.06 6.35 7.23 7.23 8.69 10.07 10.59 10.51 10.29 9.20 8.32 9.71 9.05 8.69 8.47 8.76 9.05 9.05 9.71 9.71 10.29 10.73 12.41 11.24 11.53 10.29 10.00 8.76 9.56 10.73 9.93 7.74 7.66 7.01 5.69 5.33 6.28 4.23 4.89 4.53 4.82 4.82 4.82 5.77 5.55 6.94 6.64 7.01 7.30 7.15 6.64 7.59 8.40 6.06 6.86 7.15 6.72 4.53 4.96 4.74 5.48 5.55 4.38 4.74 4.96 3.80 3.87 3.87 3.94 4.89 6.20 7.66 7.01 8.25 8.40
5.55 5.55 5.55 5.77 5.11 5.26 5.04 5.99 6.42 6.28 5.84 6.06 5.84 7.81 8.47 8.32 7.81 6.50 6.64 6.64 8.32 8.76 8.98 7.81 6.28 7.52 7.52 7.01 8.69 10.15 12.05 11.83 11.90 11.17 11.17 10.73 10.07 10.66 9.64 10.66 9.71 8.76 6.42 7.23 6.20 6.79 5.62 6.06 5.69 3.94 4.45 4.45 4.60 5.62 7.45 5.69 5.69 5.84 5.62 3.50 3.87 3.21 3.36 5.04 5.11 3.14 3.29 4.89 3.72 4.53 4.60 4.09 4.60 3.87 4.23 4.09 4.09 5.91 6.64 6.20 7.15 7.08 7.15 7.23
7.15 7.15 6.50 5.55 5.69 5.26 6.86 6.20 8.32 7.30 7.45 6.42 7.96 7.15 8.18 7.45 7.52 7.01 7.37 5.91 6.13 6.20 5.91 5.91 6.06 6.06 6.06 8.54 7.74 6.64 7.74 9.64 10.59 8.10 9.42 9.49 7.52 9.05 8.91 6.86 7.15 4.82 6.13 6.57 4.02 7.08 4.38 3.94 3.07 4.38 3.94 3.94 4.38 5.04 4.67 4.96 4.89 5.33 4.16 0.00 0.00 0.00 0.73 0.58 2.19 1.24 0.00 2.04 3.21 4.38 4.60 2.92 4.09 4.53 5.33 5.11 5.11 6.06 5.84 5.91 5.40 6.13 5.55 5.26
7.01 7.01 6.79 5.84 5.48 5.40 6.57 7.88 7.66 7.01 6.50 7.08 7.01 7.52 6.35 6.57 7.30 7.59 6.57 7.01 6.06 5.18 5.40 4.60 2.99 4.09 4.09 6.79 6.20 6.79 2.99 3.21 5.77 3.21 6.79 6.57 7.01 6.94 7.15 4.82 3.07 4.31 4.16 4.16 3.94 3.29 3.21 4.31 4.45 3.14 5.48 5.48 5.48 4.09 4.31 5.18 2.56 2.41 2.92 3.36 4.02 2.63 0.95 2.70 1.97 1.46 0.88 0.80 2.99 0.95 0.00 2.04 3.43 4.02 5.91 5.69 5.69 6.42 6.50 4.89 5.04 4.89 5.84 4.74
6.79 6.79 6.42 6.94 6.28 6.64 6.64 6.94 6.28 5.33 5.33 5.62 6.28 5.99 6.57 6.20 7.01 7.23 7.15 6.42 6.13 6.13 5.77 4.16 4.53 3.65 3.65 4.45 5.77 4.38 4.96 3.65 2.92 2.63 3.14 5.40 7.08 7.01 6.94 6.13 7.15 6.13 6.42 5.84 5.55 3.58 5.40 4.89 4.67 5.77 6.42 6.42 6.57 5.26 3.14 3.29 2.63 5.26 3.80 3.50 2.99 2.99 2.41 2.48 2.19 1.39 0.58 0.73 0.95 0.80 2.12 1.39 2.56 2.26 5.26 5.33 5.33 6.20 6.13 4.89 4.74 3.21 3.21 3.07
6.79 6.79 6.42 6.94 6.28 6.64 6.64 6.94 6.28 5.33 5.33 5.62 6.28 5.99 6.57 6.20 7.01 7.23 7.15 6.42 6.13 6.13 5.77 4.16 4.53 3.65 3.65 4.45 5.77 4.38 4.96 3.65 2.92 2.63 3.14 5.40 7.08 7.01 6.94 6.13 7.15 6.13 6.42 5.84 5.55 3.58 5.40 4.89 4.67 5.77 6.42 6.42 6.57 5.26 3.14 3.29 2.63 5.26 3.80 3.50 2.99 2.99 2.41 2.48 2.19 1.39 0.58 0.73 0.95 0.80 2.12 1.39 2.56 2.26 5.26 5.33 5.33 6.20 6.13 4.89 4.74 3.21 3.21 3.07
7.96 7.96 7.88 7.23 7.74 7.52 7.96 7.74 7.96 6.64 5.55 6.50 6.28 7.15 7.30 7.23 7.52 7.74 7.23 7.59 6.86 7.30 5.33 5.33 4.89 5.26 5.26 6.64 7.59 9.20 8.54 6.72 8.69 5.62 5.33 6.86 8.83 4.89 3.72 6.64 7.01 4.60 5.77 5.55 4.96 4.96 4.45 6.42 5.77 6.06 6.79 6.79 6.28 6.06 3.50 4.74 3.07 4.96 1.24 2.48 2.41 2.56 2.41 1.53 1.24 1.17 1.46 0.00 0.80 0.58 0.66 0.66 0.00 1.46 1.10 4.09 4.09 3.14 4.74 4.67 4.09 2.56 3.87 3.94
10.73 10.73 10.15 10.15 10.00 10.59 9.42 9.42 7.37 7.81 6.57 7.37 8.54 8.47 8.61 7.81 8.83 8.76 9.78 9.93 8.32 8.98 7.37 6.57 8.47 7.30 7.30 7.74 7.23 8.91 8.10 9.20 7.66 6.72 6.13 5.18 0.00 0.00 0.00 4.09 3.87 4.09 5.04 5.91 5.84 4.09 4.16 4.74 6.13 7.45 6.79 6.79 7.15 6.13 7.30 6.50 4.96 0.00 0.00 3.80 2.41 2.56 2.41 2.12 1.61 1.17 1.24 2.04 1.90 2.12 2.48 0.22 0.88 0.88 1.53 2.70 2.70 2.63 4.02 4.67 3.94 4.45 3.58 2.56
10.37 10.37 8.83 9.42 9.42 9.49 9.78 9.13 9.71 5.40 3.72 5.69 5.18 8.76 8.83 8.98 8.83 11.24 10.29 10.73 8.83 8.25 8.61 10.22 10.15 9.27 9.27 8.98 7.66 7.74 7.23 7.52 7.96 5.48 3.80 0.00 0.00 3.36 4.02 4.45 4.53 4.45 5.18 5.84 5.84 5.18 4.23 5.04 6.64 7.15 7.15 7.15 7.81 7.59 7.81 7.23 5.33 7.52 5.48 7.74 3.94 3.72 3.80 2.12 2.56 3.29 2.85 2.85 2.63 4.02 3.36 2.41 1.90 2.04 1.61 2.48 2.48 4.09 3.50 5.26 0.00 1.97 2.56 1.46
5.69 5.69 8.32 8.91 8.98 9.34 9.42 8.91 6.42 7.59 4.60 4.53 7.81 6.79 9.64 9.20 9.71 8.76 10.07 8.40 8.91 8.83 8.76 8.61 8.83 9.05 9.05 8.25 7.52 6.72 6.72 5.40 5.33 4.74 4.53 3.50 4.16 3.58 4.45 4.74 5.26 4.60 4.89 4.31 4.74 5.04 5.77 5.84 6.64 6.64 6.50 6.50 5.77 6.28 6.64 8.40 7.30 7.23 5.33 5.48 4.60 3.65 3.87 4.09 3.65 4.16 3.36 3.36 3.94 3.58 3.94 2.70 2.48 2.92 2.56 2.85 2.85 1.97 2.41 2.26 0.00 1.75 0.00 0.51
5.18 5.18 5.99 6.50 6.42 7.37 7.96 8.32 8.40 6.42 7.30 5.55 9.27 11.83 11.24 11.10 10.15 10.66 8.76 9.05 8.32 7.45 7.66 7.81 8.03 8.61 8.61 7.30 7.30 7.23 7.23 6.57 5.48 4.89 4.60 3.87 3.80 4.23 4.82 5.18 5.26 5.55 5.48 5.77 5.26 5.99 7.01 6.94 7.08 6.50 7.01 7.01 5.33 5.18 7.08 8.32 8.03 6.64 5.11 4.09 0.00 3.29 4.02 4.74 3.29 2.99 2.92 3.14 2.63 2.12 3.07 2.85 3.21 2.41 1.68 1.17 1.17 1.24 2.19 0.88 0.80 0.95 0.00 0.44
5.18 5.18 5.99 6.50 6.42 7.37 7.96 8.32 8.40 6.42 7.30 5.55 9.27 11.83 11.24 11.10 10.15 10.66 8.76 9.05 8.32 7.45 7.66 7.81 8.03 8.61 8.61 7.30 7.30 7.23 7.23 6.57 5.48 4.89 4.60 3.87 3.80 4.23 4.82 5.18 5.26 5.55 5.48 5.77 5.26 5.99 7.01 6.94 7.08 6.50 7.01 7.01 5.33 5.18 7.08 8.32 8.03 6.64 5.11 4.09 0.00 3.29 4.02 4.74 3.29 2.99 2.92 3.14 2.63 2.12 3.07 2.85 3.21 2.41 1.68 1.17 1.17 1.24 2.19 0.88 0.80 0.95 0.00 0.44
4.74 4.74 5.40 5.40 6.79 6.72 7.66 8.61 6.72 7.01 7.66 10.80 12.05 11.46 11.61 11.17 9.42 9.49 9.42 8.10 7.81 7.52 7.30 8.03 8.25 8.83 8.83 9.27 8.69 7.81 8.03 5.91 5.55 4.89 4.09 5.33 4.89 5.26 5.18 5.40 5.18 7.01 5.48 5.77 5.84 7.45 9.27 8.91 8.47 9.34 7.66 7.66 6.72 7.01 7.15 7.59 7.52 7.08 4.31 3.72 3.72 4.09 4.31 4.45 3.72 1.61 1.90 2.26 1.97 2.85 2.77 1.53 2.26 2.19 1.83 1.97 1.97 0.73 1.10 0.44 0.88 0.00 0.00 0.88
3.29 3.29 4.02 4.74 7.08 8.47 8.10 8.47 8.47 8.47 8.40 9.42 9.78 8.69 7.88 7.74 8.47 8.32 7.96 6.50 6.86 6.79 6.86 7.74 7.74 9.34 9.34 9.20 8.98 8.47 7.74 7.01 5.69 5.33 6.35 6.50 6.50 5.91 8.32 7.15 8.25 8.10 7.30 9.49 10.15 10.15 10.07 9.86 10.29 9.93 7.96 7.96 7.08 7.37 6.64 7.74 7.37 7.30 6.79 5.33 5.77 6.20 5.40 6.28 3.58 4.23 4.82 0.00 4.89 0.00 2.85 2.48 3.07 2.48 1.90 4.23 4.23 1.10 1.97 0.44 0.95 1.02 0.80 0.66
3.43 3.43 2.99 3.87 5.62 5.18 7.01 6.94 7.08 6.79 8.40 8.47 8.03 8.03 7.52 7.08 7.01 6.35 5.84 6.28 6.86 6.64 6.50 7.45 7.01 9.05 9.05 9.13 9.13 8.47 7.81 4.09 6.57 6.64 6.64 7.01 6.79 7.52 8.32 8.54 5.40 4.82 8.54 8.76 10.07 9.20 9.78 8.76 9.64 10.15 6.50 6.50 7.15 5.62 6.86 7.52 9.86 9.49 10.44 9.78 10.15 7.08 7.23 7.01 6.20 6.64 4.38 6.42 6.28 4.16 4.02 5.18 3.29 6.86 5.48 5.69 5.69 3.72 3.07 2.85 0.58 1.61 2.26 3.65
3.07 3.07 3.07 3.43 4.74 5.91 5.77 6.06 7.01 7.96 7.45 7.37 6.06 6.57 5.11 6.28 6.42 6.06 5.55 6.28 7.81 7.08 7.15 7.30 8.25 9.34 9.34 9.13 8.76 8.40 7.66 5.40 6.42 6.64 6.57 7.23 6.72 6.79 7.96 2.85 0.00 0.00 7.88 4.74 5.99 7.37 8.54 10.07 7.37 5.99 5.62 5.62 5.04 5.55 5.26 7.52 7.37 10.29 7.88 8.03 8.61 8.03 7.15 6.50 7.08 6.64 8.76 9.13 7.23 8.18 5.55 5.91 5.91 7.08 6.86 8.03 8.03 7.74 5.04 5.77 3.07 2.63 5.77 6.42
5.04 5.04 3.65 4.74 4.60 3.94 5.40 7.15 6.57 7.30 7.81 5.33 3.21 2.41 4.09 6.28 6.57 5.77 5.33 5.62 6.79 8.32 8.03 8.69 9.42 9.13 9.13 8.40 8.10 7.52 7.30 5.55 5.91 3.43 4.96 4.67 4.53 0.00 0.00 0.00 0.00 0.00 6.35 6.28 3.36 5.40 6.42 5.77 6.35 7.08 5.77 5.77 3.29 4.16 4.09 7.37 7.08 5.62 6.64 5.84 5.40 5.77 5.62 7.30 7.15 8.98 8.40 8.32 8.25 8.54 5.69 6.42 6.28 6.35 5.55 7.88 7.88 7.45 7.74 7.66 8.25 7.45 7.01 9.20
5.04 5.04 3.65 4.74 4.60 3.94 5.40 7.15 6.57 7.30 7.81 5.33 3.21 2.41 4.09 6.28 6.57 5.77 5.33 5.62 6.79 8.32 8.03 8.69 9.42 9.13 9.13 8.40 8.10 7.52 7.30 5.55 5.91 3.43 4.96 4.67 4.53 0.00 0.00 0.00 0.00 0.00 6.35 6.28 3.36 5.40 6.42 5.77 6.35 7.08 5.77 5.77 3.29 4.16 4.09 7.37 7.08 5.62 6.64 5.84 5.40 5.77 5.62 7.30 7.15 8.98 8.40 8.32 8.25 8.54 5.69 6.42 6.28 6.35 5.55 7.88 7.88 7.45 7.74 7.66 8.25 7.45 7.01 9.20
4.96 4.96 5.18 5.55 5.69 6.06 6.28 6.72 8.10 8.47 8.32 7.52 4.67 3.94 5.69 6.79 6.72 6.35 5.11 4.89 6.50 8.03 8.91 9.49 9.27 10.59 10.59 9.64 7.01 6.86 4.31 1.53 1.97 1.02 0.66 1.31 0.00 0.00 0.00 0.00 0.00 0.00 6.86 6.57 4.67 3.94 6.28 5.55 6.57 8.61 7.45 7.45 5.91 5.04 6.35 8.32 7.08 7.01 6.64 6.35 7.30 7.30 7.81 3.58 4.16 8.40 7.96 6.57 5.33 6.13 6.86 6.06 5.33 5.48 5.62 5.99 5.99 6.13 8.10 8.25 7.88 8.76 9.78 10.15
5.11 5.11 5.11 4.82 6.50 6.64 6.35 6.20 8.10 8.91 6.94 6.28 6.57 6.64 5.26 6.64 6.42 5.62 5.04 4.96 5.40 8.10 8.47 9.05 9.49 10.95 10.95 10.88 7.96 5.33 1.31 0.00 0.00 0.00 0.00 0.00 0.00 0.00 0.00 0.00 0.00 8.83 7.45 5.91 5.84 5.69 7.01 8.18 8.91 9.42 9.78 9.78 7.30 6.50 8.91 8.32 7.23 5.99 5.99 7.23 6.57 5.48 3.29 2.48 2.56 3.29 4.02 5.18 2.70 4.23 4.74 4.60 4.60 5.11 4.60 4.82 4.82 4.82 3.94 6.13 6.50 5.77 8.69 10.00
5.33 5.33 5.11 6.64 7.66 7.01 6.28 8.18 7.66 7.52 7.59 5.69 5.91 5.77 4.89 4.74 4.96 5.91 5.33 4.45 5.77 7.74 6.94 8.47 7.45 9.42 9.42 7.59 7.74 6.42 0.15 0.00 0.00 0.00 0.00 0.00 0.00 0.00 0.00 0.00 0.00 10.88 6.64 5.84 5.77 7.23 7.37 7.88 8.18 7.74 5.55 5.55 5.69 5.84 8.40 5.40 6.28 5.99 5.77 6.28 7.23 5.33 2.77 1.97 4.16 4.60 4.09 2.19 2.48 1.90 3.58 5.48 4.60 5.33 4.67 2.77 2.77 2.77 2.70 3.58 4.82 4.74 4.31 7.74
3.43 3.43 4.53 3.94 6.42 5.91 7.45 6.86 8.32 7.30 5.91 5.91 6.06 6.42 4.53 4.09 4.09 2.34 3.87 4.60 3.87 5.48 4.16 5.26 5.04 7.37 7.37 6.50 7.52 4.74 0.00 0.00 0.00 0.00 0.00 0.00 0.00 0.00 0.00 0.00 0.00 8.03 8.32 5.33 4.67 4.82 5.11 6.94 7.01 5.91 5.11 5.11 5.40 4.38 4.45 5.40 5.40 6.28 4.38 3.07 3.72 3.58 3.58 4.53 4.96 4.74 4.96 4.82 4.67 2.77 4.09 5.11 5.11 4.02 4.23 2.04 2.04 3.80 5.40 5.33 3.07 2.26 1.53 1.39
2.92 2.92 2.99 4.74 4.16 5.33 5.99 6.72 6.86 7.15 7.08 5.99 6.06 4.38 2.92 1.97 1.75 1.90 1.02 0.00 0.00 2.41 2.19 3.80 3.43 6.50 6.50 4.09 6.50 6.64 0.00 0.00 0.00 0.00 0.00 0.00 0.00 0.00 0.00 0.00 0.00 5.40 3.94 4.60 6.35 5.62 8.83 8.61 7.96 7.30 6.28 6.28 4.89 5.84 3.58 4.38 3.58 0.00 0.00 0.00 2.77 5.04 5.62 5.18 4.60 5.84 5.62 7.01 3.36 4.23 4.45 4.09 4.82 4.09 2.48 2.19 2.19 6.13 6.28 4.96 5.77 1.75 0.00 0.00
0.00 0.00 0.00 0.00 0.00 4.45 6.64 6.35 5.91 6.86 5.62 6.20 4.74 4.31 2.04 2.48 1.46 1.02 0.00 0.66 0.00 1.90 2.04 3.21 3.50 5.62 5.62 5.48 7.59 3.43 2.41 4.38 0.00 0.00 0.00 0.00 0.00 0.00 0.00 0.00 6.20 5.33 7.15 6.64 7.37 7.59 9.34 8.91 7.37 5.99 4.67 4.67 4.96 4.38 4.53 0.29 0.00 0.00 0.00 0.00 3.65 5.84 5.04 2.04 4.53 3.50 5.62 0.00 0.00 0.00 0.00 0.00 4.02 4.16 5.11 8.47 8.47 8.61 8.47 7.23 8.03 0.00 0.00 1.61
0.00 0.00 0.00 0.00 0.00 4.45 6.64 6.35 5.91 6.86 5.62 6.20 4.74 4.31 2.04 2.48 1.46 1.02 0.00 0.66 0.00 1.90 2.04 3.21 3.50 5.62 5.62 5.48 7.59 3.43 2.41 4.38 0.00 0.00 0.00 0.00 0.00 0.00 0.00 0.00 6.20 5.33 7.15 6.64 7.37 7.59 9.34 8.91 7.37 5.99 4.67 4.67 4.96 4.38 4.53 0.29 0.00 0.00 0.00 0.00 3.65 5.84 5.04 2.04 4.53 3.50 5.62 0.00 0.00 0.00 0.00 0.00 4.02 4.16 5.11 8.47 8.47 8.61 8.47 7.23 8.03 0.00 0.00 1.61
0.00 0.00 0.00 1.83 0.00 4.53 6.28 5.77 5.99 5.62 5.18 2.48 1.53 0.95 0.00 0.15 1.31 0.95 0.00 0.00 0.88 1.97 2.56 5.48 4.31 0.00 0.00 3.43 4.31 4.67 4.60 0.00 0.00 0.00 0.00 0.00 0.00 0.00 0.00 0.00 4.67 5.91 5.26 7.59 6.42 7.74 8.47 9.27 7.96 8.25 5.77 5.77 5.99 2.04 0.00 0.00 0.00 0.00 1.24 0.44 4.09 5.26 0.00 0.00 0.00 0.00 0.00 0.00 0.00 0.00 0.00 0.29 4.60 3.87 8.76 11.17 11.17 12.70 10.51 10.15 12.70 12.99 6.94 6.79
