Wansh/Snow_depth/snowdepth-1995/winter/1996044.txt
ncols 321
nrows 161
xllcenter 60
yllcenter 15 
cellsize  0.25 
NODATA_value -1
[rows 0 to 36 of 161, columns 84 to 167 of 321]
15.70 15.48 16.94 15.04 14.89 12.48 10.88 11.75 11.75 13.87 14.24 15.62 14.38 15.99 14.60 12.34 12.41 13.94 13.94 14.31 11.39 9.86 10.22 7.66 6.42 6.72 2.77 2.92 3.21 4.02 3.50 6.13 7.74 6.94 3.94 4.38 2.77 1.61 1.97 1.39 3.80 5.04 5.84 5.84 6.13 4.74 5.55 5.11 8.25 7.66 9.56 10.51 10.66 8.83 6.64 6.64 6.57 7.23 7.01 7.37 5.91 5.26 5.04 5.55 5.62 5.33 4.53 6.13 6.13 8.76 9.78 9.13 8.91 9.71 9.27 9.05 8.47 10.37 10.29 10.29 9.27 9.49 9.20 6.64
15.48 14.97 15.18 13.80 11.68 10.51 11.10 11.75 13.72 13.72 15.18 14.38 14.38 12.19 12.63 11.53 9.34 9.34 9.34 9.93 9.42 9.20 10.59 9.56 7.88 4.96 5.99 4.02 2.92 2.48 5.11 4.60 5.62 4.16 4.67 2.19 1.97 0.95 0.88 0.66 4.31 9.13 8.18 8.18 10.95 10.44 11.75 8.76 7.74 7.45 7.37 7.45 7.74 6.50 6.42 7.01 7.52 7.45 8.25 10.59 9.56 9.05 8.61 6.94 10.22 9.64 8.25 9.49 9.49 12.26 12.41 11.17 9.93 10.37 11.39 11.61 12.70 11.46 11.90 10.73 8.76 9.78 8.47 8.76
16.21 15.70 12.92 13.29 11.61 12.34 13.36 12.48 14.75 15.70 15.48 14.45 12.12 12.12 11.02 11.02 8.76 8.61 8.61 8.54 9.78 10.29 10.07 10.80 10.88 6.94 4.89 5.55 2.99 2.48 2.56 2.99 4.31 4.60 3.36 3.36 3.72 4.31 4.38 4.60 4.74 4.96 9.20 9.20 11.90 14.38 12.05 12.99 8.40 8.69 7.66 6.94 5.40 5.40 5.11 7.66 9.71 8.83 11.75 12.48 13.43 13.36 12.85 11.68 11.90 11.39 14.09 13.94 13.94 15.91 14.38 14.45 10.15 11.39 9.20 12.41 13.21 14.38 12.34 10.15 10.80 9.56 8.83 8.32
16.21 15.70 12.92 13.29 11.61 12.34 13.36 12.48 14.75 15.70 15.48 14.45 12.12 12.12 11.02 11.02 8.76 8.61 8.61 8.54 9.78 10.29 10.07 10.80 10.88 6.94 4.89 5.55 2.99 2.48 2.56 2.99 4.31 4.60 3.36 3.36 3.72 4.31 4.38 4.60 4.74 4.96 9.20 9.20 11.90 14.38 12.05 12.99 8.40 8.69 7.66 6.94 5.40 5.40 5.11 7.66 9.71 8.83 11.75 12.48 13.43 13.36 12.85 11.68 11.90 11.39 14.09 13.94 13.94 15.91 14.38 14.45 10.15 11.39 9.20 12.41 13.21 14.38 12.34 10.15 10.80 9.56 8.83 8.32
12.26 12.56 11.46 12.92 12.92 13.29 11.61 13.58 13.58 13.21 14.24 14.53 12.99 12.34 12.34 10.37 11.24 7.74 7.74 7.01 7.08 7.30 8.40 10.22 9.27 7.66 8.32 4.53 4.23 2.41 2.92 2.77 4.23 7.52 6.50 8.76 6.50 5.84 5.11 5.40 5.04 7.37 6.42 6.42 14.24 18.40 17.74 17.01 11.39 12.63 7.23 5.99 6.50 4.96 6.06 6.35 5.99 8.18 11.90 11.32 12.70 14.09 15.62 14.67 14.45 15.04 17.59 17.23 17.23 16.43 12.26 15.48 10.73 12.92 12.12 12.99 13.94 13.72 13.14 10.07 9.27 8.98 9.05 8.61
11.68 12.12 12.12 13.51 12.48 10.95 11.24 11.39 11.97 11.97 12.05 12.99 12.99 12.41 12.63 12.34 9.93 10.66 10.66 7.81 7.66 7.45 7.96 8.03 7.74 7.88 4.89 5.55 3.14 3.14 2.99 3.80 3.36 6.72 8.83 8.83 6.79 6.13 6.50 7.01 8.83 8.69 10.95 10.95 12.63 15.26 15.11 16.28 16.28 11.75 7.30 7.96 6.13 6.50 6.35 6.35 7.01 8.98 10.37 9.86 13.14 14.38 17.37 17.08 15.62 16.06 14.97 15.99 15.99 14.67 10.66 15.40 12.05 11.83 11.10 11.53 10.59 10.29 9.93 10.22 11.17 12.92 12.85 12.99
13.07 13.07 13.36 13.29 12.85 13.43 12.26 12.05 12.63 11.83 12.05 11.17 11.97 12.26 10.80 10.29 10.66 8.25 8.25 8.40 9.05 9.20 7.23 7.45 6.79 6.94 4.96 3.72 3.94 3.58 4.45 4.16 5.18 6.79 6.42 8.25 7.01 7.01 7.01 6.72 9.20 10.59 10.22 10.22 12.05 13.14 12.56 15.11 12.41 13.51 8.54 7.23 5.84 6.72 6.86 7.96 9.49 8.83 10.95 12.26 14.60 14.82 16.35 17.67 17.96 15.99 16.72 13.94 13.94 11.39 13.87 11.90 12.48 12.99 13.65 13.58 12.12 10.73 11.02 11.32 11.10 12.41 12.63 13.58
13.07 13.07 13.36 13.29 12.85 13.43 12.26 12.05 12.63 11.83 12.05 11.17 11.97 12.26 10.80 10.29 10.66 8.25 8.25 8.40 9.05 9.20 7.23 7.45 6.79 6.94 4.96 3.72 3.94 3.58 4.45 4.16 5.18 6.79 6.42 8.25 7.01 7.01 7.01 6.72 9.20 10.59 10.22 10.22 12.05 13.14 12.56 15.11 12.41 13.51 8.54 7.23 5.84 6.72 6.86 7.96 9.49 8.83 10.95 12.26 14.60 14.82 16.35 17.67 17.96 15.99 16.72 13.94 13.94 11.39 13.87 11.90 12.48 12.99 13.65 13.58 12.12 10.73 11.02 11.32 11.10 12.41 12.63 13.58
12.92 12.63 13.14 14.89 14.38 14.67 12.85 12.12 12.41 10.80 9.64 10.37 7.59 9.78 9.49 10.00 9.42 9.05 9.05 10.29 10.80 11.02 9.34 7.52 6.28 4.45 4.74 4.02 4.96 4.31 4.53 5.18 5.18 6.35 9.20 8.54 10.73 9.20 9.34 8.76 8.25 8.18 9.05 9.05 9.56 9.49 8.98 9.05 8.91 8.54 8.10 8.10 7.59 6.50 8.91 8.69 8.54 10.00 11.61 10.73 12.41 13.43 15.33 13.87 14.75 14.45 15.26 15.33 15.33 12.70 14.53 13.87 14.16 14.16 12.63 10.80 12.19 11.61 12.34 11.39 12.63 11.61 11.75 12.70
12.19 12.78 12.56 14.38 12.63 12.63 13.14 10.80 10.51 10.59 8.54 6.64 6.94 8.54 10.00 9.13 9.34 10.66 10.66 10.66 12.19 9.49 10.37 5.40 5.04 4.74 4.67 4.45 4.96 4.82 5.11 5.11 5.77 5.91 9.56 11.10 10.88 10.22 8.98 9.27 7.01 6.86 6.64 6.64 7.66 7.81 7.52 8.10 9.20 10.51 11.97 11.61 12.41 10.37 10.73 10.07 11.24 10.07 9.78 9.64 10.29 10.66 11.61 10.80 12.63 14.97 10.73 14.45 14.45 15.77 16.57 14.45 14.45 13.87 11.17 9.78 12.26 11.83 13.36 14.24 12.19 10.73 11.10 10.59
12.41 12.05 12.12 11.61 12.05 10.51 10.66 11.24 8.98 7.96 8.32 7.88 8.98 8.47 11.24 13.36 10.51 12.99 12.99 13.65 13.07 12.34 6.35 7.01 4.96 5.04 5.62 5.18 4.74 4.89 4.67 5.33 4.96 7.52 9.34 9.13 9.71 9.93 10.00 8.83 9.64 9.42 8.91 8.91 7.74 7.96 7.52 9.34 10.59 10.44 11.53 11.10 10.95 12.48 11.02 11.68 13.21 12.05 14.24 10.59 10.15 11.90 11.17 12.12 14.97 10.80 12.85 19.64 19.64 21.02 17.59 16.43 14.24 15.04 11.46 11.10 11.83 14.24 13.36 13.87 11.97 11.32 10.95 14.02
12.41 12.05 12.12 11.61 12.05 10.51 10.66 11.24 8.98 7.96 8.32 7.88 8.98 8.47 11.24 13.36 10.51 12.99 12.99 13.65 13.07 12.34 6.35 7.01 4.96 5.04 5.62 5.18 4.74 4.89 4.67 5.33 4.96 7.52 9.34 9.13 9.71 9.93 10.00 8.83 9.64 9.42 8.91 8.91 7.74 7.96 7.52 9.34 10.59 10.44 11.53 11.10 10.95 12.48 11.02 11.68 13.21 12.05 14.24 10.59 10.15 11.90 11.17 12.12 14.97 10.80 12.85 19.64 19.64 21.02 17.59 16.43 14.24 15.04 11.46 11.10 11.83 14.24 13.36 13.87 11.97 11.32 10.95 14.02
11.68 11.17 11.53 10.22 9.86 10.51 8.54 7.01 7.81 6.79 8.10 7.81 10.44 11.90 11.32 14.02 15.77 15.26 15.26 15.04 12.63 13.29 8.91 8.25 5.62 7.08 5.11 5.40 6.57 7.81 7.52 9.13 9.42 7.23 8.83 10.29 10.15 10.29 9.93 10.07 10.59 10.29 10.80 10.80 8.83 7.01 7.30 7.01 8.10 8.54 10.37 10.15 10.51 9.42 8.54 10.73 11.24 14.38 15.40 14.24 11.97 14.02 12.99 12.99 13.36 15.62 18.98 18.47 18.47 20.81 19.71 18.61 14.45 12.63 11.61 11.75 11.46 12.12 12.48 13.51 13.72 13.87 12.70 13.87
11.68 10.44 9.78 10.44 10.07 9.20 9.49 9.20 8.40 7.52 11.02 10.66 10.29 13.07 14.45 14.38 16.21 13.58 13.58 13.72 11.90 9.86 10.00 8.83 8.76 9.13 8.32 7.96 7.45 9.71 11.02 10.88 11.39 11.68 12.05 11.61 12.48 10.80 11.17 9.93 9.71 9.78 8.69 8.69 7.59 7.81 7.59 8.69 8.83 9.27 8.54 8.10 7.30 7.37 7.15 8.40 8.76 12.41 8.91 11.61 15.48 15.40 15.33 16.64 14.67 16.72 17.52 20.29 20.29 19.71 22.27 20.22 18.25 15.33 12.26 10.95 10.73 10.22 10.29 12.05 6.57 10.00 12.99 11.97
10.73 10.07 10.15 10.73 11.02 10.37 10.15 9.93 11.02 12.34 12.05 11.46 13.07 12.78 12.19 10.29 13.72 10.66 10.66 7.08 7.45 7.59 10.15 9.71 10.66 9.49 10.44 10.22 12.12 14.89 13.65 13.94 12.85 13.29 11.75 11.02 11.61 8.54 8.25 8.40 8.03 8.03 9.71 9.71 8.18 7.59 8.61 8.83 8.61 8.10 8.18 8.54 9.05 8.69 9.71 9.71 10.51 7.59 7.81 6.50 7.01 10.80 10.95 17.30 12.63 11.61 15.62 17.08 17.08 18.61 18.40 18.18 15.99 13.65 10.66 9.93 6.94 0.00 0.00 0.00 3.58 7.52 10.80 13.21
11.17 9.71 11.53 11.32 10.29 10.73 8.69 9.42 8.61 11.32 10.51 10.44 9.78 10.73 10.95 9.20 10.29 9.86 9.86 7.52 6.42 9.05 7.74 11.24 12.19 11.02 10.15 11.24 11.10 14.02 18.10 16.64 17.37 12.05 8.40 9.05 5.26 6.28 5.69 7.74 8.98 9.78 9.71 9.71 9.71 9.05 9.13 8.76 8.91 9.20 10.29 10.15 9.20 10.22 11.97 12.56 12.92 9.86 9.78 7.08 7.23 7.96 9.64 8.10 10.51 9.56 15.04 14.09 14.09 15.11 15.55 11.75 9.71 10.15 9.78 9.86 7.30 0.00 0.00 3.87 7.45 6.86 11.39 13.87
11.17 9.71 11.53 11.32 10.29 10.73 8.69 9.42 8.61 11.32 10.51 10.44 9.78 10.73 10.95 9.20 10.29 9.86 9.86 7.52 6.42 9.05 7.74 11.24 12.19 11.02 10.15 11.24 11.10 14.02 18.10 16.64 17.37 12.05 8.40 9.05 5.26 6.28 5.69 7.74 8.98 9.78 9.71 9.71 9.71 9.05 9.13 8.76 8.91 9.20 10.29 10.15 9.20 10.22 11.97 12.56 12.92 9.86 9.78 7.08 7.23 7.96 9.64 8.10 10.51 9.56 15.04 14.09 14.09 15.11 15.55 11.75 9.71 10.15 9.78 9.86 7.30 0.00 0.00 3.87 7.45 6.86 11.39 13.87
10.37 11.10 11.17 11.46 10.07 7.81 8.76 6.06 5.40 5.26 6.28 8.91 8.47 11.61 13.43 9.56 11.46 10.95 10.95 7.15 6.28 6.86 9.34 8.83 11.90 11.68 12.19 8.98 10.07 10.29 15.84 18.03 18.18 15.48 8.69 5.55 5.84 6.20 8.25 7.81 9.49 9.86 9.86 9.86 9.71 10.59 9.78 8.83 8.76 8.76 9.20 9.27 10.29 11.24 10.95 12.56 13.51 12.70 11.46 9.34 12.19 10.59 10.51 8.03 10.88 12.41 15.04 14.16 14.16 16.43 15.70 12.19 10.22 11.68 9.64 3.94 5.62 0.00 0.00 3.21 5.33 5.99 6.06 5.69
9.64 9.78 11.24 10.66 12.12 9.64 8.83 9.20 5.18 7.01 6.86 9.78 13.29 12.48 14.24 12.92 12.85 13.43 13.43 9.78 10.00 10.22 7.59 10.44 9.86 11.75 10.44 10.95 10.80 12.34 15.70 15.04 16.79 14.60 14.16 9.64 5.48 3.29 3.50 3.36 5.18 8.47 8.83 8.83 11.75 11.39 11.97 9.56 9.05 7.08 7.74 7.37 9.13 8.61 9.71 12.05 11.75 12.12 13.94 15.33 14.97 17.52 12.63 11.61 12.05 11.17 17.30 21.39 21.39 16.72 17.89 10.66 10.95 10.00 7.23 2.77 0.07 0.00 0.00 1.46 2.48 2.04 3.87 2.56
8.83 8.83 9.93 13.14 12.41 13.80 10.37 8.61 8.98 8.47 9.86 9.93 10.73 12.41 10.80 11.02 11.68 12.85 12.85 12.70 12.19 8.83 10.15 8.25 10.51 11.32 12.85 11.24 11.83 10.51 11.39 13.94 13.65 13.65 10.29 5.91 6.79 2.56 1.90 1.97 2.41 7.30 8.61 8.61 12.56 11.97 12.56 9.56 7.01 4.82 4.02 4.60 7.52 7.88 10.00 11.39 12.99 13.43 16.28 14.60 15.70 15.48 15.33 12.34 14.89 18.76 17.30 21.24 21.24 14.45 9.56 6.28 7.23 6.86 2.56 1.39 0.88 0.00 0.00 0.15 1.53 1.53 1.75 2.85
8.54 11.10 9.78 12.78 14.24 13.87 12.99 9.64 11.75 11.46 11.32 11.39 11.46 13.51 9.42 10.07 9.93 11.68 11.68 13.36 13.36 10.66 10.00 10.37 10.59 15.11 15.18 15.77 10.88 6.13 6.20 7.37 3.36 4.82 9.13 5.55 0.73 0.00 0.00 0.29 1.02 1.97 3.07 3.07 8.18 11.46 8.18 7.66 7.74 4.53 3.87 4.31 8.10 10.37 12.70 14.97 15.84 13.43 12.34 11.10 11.32 12.70 12.41 10.07 15.33 19.05 11.97 19.93 19.93 8.83 5.26 1.61 1.39 1.10 0.22 0.22 0.88 0.00 0.00 0.00 0.07 1.39 1.68 1.83
7.23 10.59 12.70 11.46 13.36 12.70 13.87 11.90 12.92 14.53 14.45 13.07 16.43 14.97 16.50 10.59 12.12 11.75 11.75 13.94 14.97 14.97 12.48 13.80 16.57 16.28 17.23 14.75 15.77 12.63 4.67 1.97 2.12 2.70 2.48 0.88 1.46 0.00 0.00 0.00 0.22 1.31 0.73 0.73 1.68 2.41 4.82 6.28 2.19 2.99 2.77 2.63 5.69 7.08 11.83 12.05 15.91 13.36 11.17 8.69 6.28 7.74 9.64 9.05 12.48 10.88 8.47 15.77 15.77 14.24 3.50 3.07 0.73 0.00 0.00 0.07 0.15 0.15 0.00 0.00 0.66 0.44 2.04 1.10
7.23 10.59 12.70 11.46 13.36 12.70 13.87 11.90 12.92 14.53 14.45 13.07 16.43 14.97 16.50 10.59 12.12 11.75 11.75 13.94 14.97 14.97 12.48 13.80 16.57 16.28 17.23 14.75 15.77 12.63 4.67 1.97 2.12 2.70 2.48 0.88 1.46 0.00 0.00 0.00 0.22 1.31 0.73 0.73 1.68 2.41 4.82 6.28 2.19 2.99 2.77 2.63 5.69 7.08 11.83 12.05 15.91 13.36 11.17 8.69 6.28 7.74 9.64 9.05 12.48 10.88 8.47 15.77 15.77 14.24 3.50 3.07 0.73 0.00 0.00 0.07 0.15 0.15 0.00 0.00 0.66 0.44 2.04 1.10
6.28 5.48 9.20 9.78 9.42 12.48 14.16 17.59 14.82 15.62 17.16 17.08 18.03 17.89 17.59 17.52 16.72 14.89 14.89 14.97 15.40 17.23 18.91 18.91 20.00 19.42 20.66 18.83 14.09 15.40 8.83 2.85 2.41 2.41 2.26 0.80 0.00 0.37 0.00 0.00 0.88 0.80 1.02 1.02 0.88 0.00 0.00 0.00 0.00 0.00 0.00 0.00 2.34 4.02 9.56 7.66 10.66 7.81 6.28 6.50 7.30 8.10 10.37 12.05 11.39 11.90 7.74 5.84 5.84 4.96 5.48 3.87 2.34 1.83 0.51 0.00 0.00 0.00 1.02 0.00 0.22 0.22 0.58 0.73
6.28 6.13 9.78 9.56 13.36 16.86 15.70 18.83 17.67 17.89 17.37 15.33 14.38 16.35 17.23 17.16 16.64 16.43 16.43 17.37 16.50 17.74 19.93 20.26 19.96 21.30 17.55 17.67 17.52 14.45 8.32 4.67 5.11 2.19 0.95 0.00 0.00 0.73 1.46 1.53 0.80 0.95 0.29 0.29 0.00 0.00 0.00 0.00 0.00 0.00 0.00 0.00 0.00 0.00 5.33 5.40 4.67 6.57 5.69 7.23 8.10 9.05 10.59 12.41 11.75 7.45 8.40 6.86 6.86 7.30 5.40 4.09 1.61 0.37 0.51 0.00 0.00 0.00 0.00 0.15 0.00 0.29 0.37 0.00
8.98 13.07 13.94 10.73 13.80 15.18 17.59 18.03 13.43 9.13 15.91 13.94 11.97 8.40 14.16 15.48 16.72 16.43 16.43 18.18 18.98 20.08 21.10 20.78 22.81 19.74 20.22 19.64 17.74 18.61 12.85 6.57 3.50 4.45 1.68 0.00 0.00 0.00 0.51 0.95 0.88 0.00 0.00 0.00 0.00 0.00 0.00 0.00 0.00 0.00 0.00 0.00 0.00 0.00 0.00 0.00 5.40 6.72 8.98 10.66 10.95 11.02 9.86 10.59 7.96 5.55 7.37 6.13 6.13 5.11 4.31 2.56 0.95 1.31 0.00 0.22 0.07 0.00 0.07 1.17 0.29 0.37 0.00 0.07
15.18 14.38 14.67 14.53 14.31 14.16 11.68 9.86 11.32 3.94 3.36 9.27 7.96 4.67 5.48 11.68 16.06 16.94 16.94 17.23 15.70 13.49 16.48 15.80 17.93 20.35 23.48 20.79 20.77 16.02 17.01 11.10 8.10 10.80 7.01 4.45 5.18 1.53 0.58 1.02 0.95 0.58 0.00 0.00 0.00 0.00 0.00 0.00 0.00 0.00 0.00 0.00 0.00 0.00 2.92 0.00 0.00 0.00 7.74 10.95 12.26 15.04 13.72 8.40 10.29 5.04 5.11 5.11 5.11 8.54 5.33 2.41 6.50 3.07 1.39 2.92 0.66 0.00 0.22 1.75 1.46 0.88 0.66 0.88
17.52 17.01 15.62 14.16 13.36 13.43 11.32 8.10 1.90 2.63 0.00 0.00 0.00 0.00 0.00 5.77 4.74 7.01 7.01 8.41 6.93 6.97 9.86 12.41 15.86 14.75 19.12 22.61 24.62 22.93 21.64 18.91 18.54 16.72 11.17 8.03 3.21 4.38 1.10 1.10 0.07 0.00 0.00 0.00 0.00 0.00 0.00 0.00 0.00 0.00 0.00 0.00 0.00 0.00 0.00 3.36 0.00 0.00 6.20 9.56 9.27 14.02 15.84 13.36 16.72 7.08 15.18 13.87 13.87 13.80 8.10 6.64 6.94 3.72 4.09 3.29 1.10 0.66 0.95 2.41 2.48 1.68 2.26 1.53
17.52 17.01 15.62 14.16 13.36 13.43 11.32 8.10 1.90 2.63 0.00 0.00 0.00 0.00 0.00 5.77 4.74 7.01 7.04 8.68 7.04 7.46 9.61 12.73 15.62 14.75 18.54 21.02 23.01 23.29 21.86 19.69 20.83 17.69 11.46 8.03 3.21 4.38 1.10 1.10 0.07 0.00 0.00 0.00 0.00 0.00 0.00 0.00 0.00 0.00 0.00 0.00 0.00 0.00 0.00 3.36 0.00 0.00 6.20 9.56 9.27 14.02 15.84 13.36 16.72 7.08 15.18 13.87 13.87 13.80 8.10 6.64 6.94 3.72 4.09 3.29 1.10 0.66 0.95 2.41 2.48 1.68 2.26 1.53
18.83 18.10 13.80 15.04 9.56 10.44 10.51 9.86 4.02 2.70 2.48 2.48 0.00 0.00 0.00 6.64 8.91 7.23 7.23 8.32 0.00 0.00 0.00 4.67 8.16 12.98 11.65 15.99 20.51 21.94 21.90 21.33 23.17 20.75 19.27 15.13 17.18 9.20 2.04 0.37 0.58 0.00 0.00 0.00 0.00 0.00 0.00 0.00 0.00 0.00 0.00 0.00 1.97 1.17 2.48 0.00 0.00 0.00 0.00 6.86 5.40 10.73 15.04 16.28 19.35 17.01 17.59 14.67 14.67 12.34 8.83 4.74 4.67 4.82 4.60 5.04 2.26 2.77 1.90 1.46 2.70 3.21 2.70 1.68
17.45 16.43 13.21 9.20 9.86 8.69 9.78 12.19 12.41 12.70 7.01 7.74 4.60 6.20 10.73 7.23 12.63 10.29 10.29 5.72 6.79 0.00 1.61 0.00 0.00 4.52 0.00 4.24 11.55 18.73 12.92 13.94 17.67 18.23 22.76 20.60 13.86 15.41 7.66 2.34 6.13 1.39 0.00 0.00 0.00 0.00 0.00 0.00 0.29 1.90 3.14 0.00 3.94 1.46 0.00 0.00 0.00 0.00 0.00 0.00 2.04 7.08 13.14 11.46 19.13 15.33 19.42 13.87 13.87 12.48 9.20 4.82 5.26 6.79 6.20 4.02 2.63 3.07 3.80 4.60 5.04 4.89 6.06 3.72
15.18 15.55 12.85 9.56 9.49 9.86 9.86 13.65 14.60 15.99 13.07 7.23 7.08 6.79 9.78 11.53 8.32 11.75 11.75 7.66 4.67 5.26 3.14 1.75 0.00 0.00 0.00 0.00 0.00 8.07 6.94 11.02 14.60 18.40 18.52 21.22 21.02 19.56 15.70 10.80 11.61 7.15 8.91 8.91 1.17 0.58 0.00 0.00 0.00 0.00 3.72 4.02 4.74 0.00 0.00 0.00 0.00 0.00 0.00 1.61 1.39 3.36 9.86 7.96 11.02 15.40 15.84 11.32 11.32 3.94 4.23 3.14 4.02 6.13 5.04 4.38 3.58 2.77 5.18 5.40 6.50 9.27 9.64 10.37
15.91 13.72 13.58 11.90 10.73 14.02 13.58 15.26 18.61 15.33 16.94 14.82 9.42 9.86 9.56 9.78 5.55 3.50 3.50 6.28 5.55 4.67 3.80 3.94 0.00 0.00 0.00 0.00 0.00 5.99 7.45 7.23 8.40 13.80 11.53 18.40 21.49 22.32 19.96 16.22 16.79 10.95 2.19 2.19 3.36 0.73 1.97 0.22 0.44 1.68 3.36 4.38 4.74 0.00 0.00 0.00 0.00 0.00 1.97 2.34 0.95 0.00 0.00 3.80 9.13 6.64 2.56 3.29 3.29 1.24 1.24 0.00 3.07 3.87 3.50 5.91 6.13 4.31 6.42 7.01 6.79 8.54 10.66 10.88
11.24 12.12 12.48 12.26 12.70 15.11 16.94 16.64 18.51 17.45 16.43 15.77 14.09 9.71 7.81 8.40 4.60 0.88 0.88 0.00 1.75 3.72 7.01 8.03 5.18 0.00 0.00 5.31 7.23 6.28 8.91 7.45 5.26 5.55 6.79 12.41 16.64 14.45 16.68 17.89 17.83 11.97 9.56 9.56 8.69 4.82 4.31 2.19 1.46 1.17 3.07 1.83 0.00 0.00 0.00 0.00 0.00 1.75 2.92 0.00 2.34 2.56 0.00 0.00 0.00 0.00 0.00 0.58 0.58 0.51 0.00 0.00 0.00 3.80 4.16 5.33 4.96 5.99 5.69 3.36 4.45 6.13 9.13 11.17
11.75 11.10 12.48 13.07 11.97 14.02 17.23 16.13 14.00 14.97 13.51 11.02 6.13 7.01 1.90 1.10 0.00 0.00 0.00 0.00 4.09 7.45 6.50 9.13 7.23 5.04 5.48 6.64 9.26 10.89 10.74 10.78 7.83 5.04 3.94 4.09 5.91 8.48 12.26 13.51 8.55 11.10 11.02 11.02 9.27 7.30 7.08 4.96 5.99 3.14 2.92 1.90 2.63 0.00 0.00 2.04 1.83 0.00 0.00 2.19 0.00 0.00 0.00 0.00 0.00 0.00 0.00 0.00 0.00 0.00 0.00 0.00 0.00 0.73 2.12 3.21 3.87 0.00 0.00 2.48 2.34 2.26 2.70 2.63
11.75 11.10 12.48 13.07 11.97 14.02 17.23 16.13 13.65 14.97 13.51 11.02 6.13 7.01 1.90 1.10 0.00 0.00 0.00 0.00 4.09 7.45 6.50 9.13 7.23 5.04 5.48 6.64 9.13 10.51 10.37 10.73 7.59 5.04 3.96 4.11 5.91 8.44 12.39 13.51 8.47 11.10 11.02 11.02 9.27 7.30 7.08 4.96 5.99 3.14 2.92 1.90 2.63 0.00 0.00 2.04 1.83 0.00 0.00 2.19 0.00 0.00 0.00 0.00 0.00 0.00 0.00 0.00 0.00 0.00 0.00 0.00 0.00 0.73 2.12 3.21 3.87 0.00 0.00 2.48 2.34 2.26 2.70 2.63
13.07 13.29 10.88 10.59 11.02 18.03 17.30 18.01 14.38 10.44 11.02 8.10 4.96 1.31 2.12 0.00 0.00 0.00 0.00 0.00 0.00 6.28 8.76 8.47 8.25 5.84 7.15 10.59 9.93 12.48 12.56 13.72 11.68 5.26 6.50 2.99 3.94 6.64 3.82 5.48 2.26 3.36 7.37 7.37 4.96 4.89 5.40 6.72 2.63 4.23 2.56 3.07 0.00 0.80 1.46 1.75 0.00 0.00 1.02 1.24 0.00 0.95 0.95 0.00 0.00 0.00 0.00 0.00 0.00 0.00 0.00 0.00 0.00 0.00 0.00 0.00 0.00 2.26 0.00 1.02 0.00 0.37 0.00 0.37
