Wansh/Snow_depth/snowdepth-1995/winter/1996001.txt
ncols 321
nrows 161
xllcenter 60
yllcenter 15 
cellsize  0.25 
NODATA_value -1
[rows 74 to 110 of 161, columns 84 to 167 of 321]
0.00 0.00 0.00 0.00 0.37 0.00 0.00 1.61 0.15 0.00 0.00 1.10 0.29 2.99 3.21 3.65 5.11 5.18 5.18 5.04 5.11 0.00 0.00 4.31 5.11 6.28 4.53 3.94 3.50 0.00 0.00 0.00 5.55 5.33 6.13 6.06 9.20 12.41 14.60 12.41 10.59 5.84 2.56 2.56 1.46 1.24 0.00 1.10 1.24 1.61 0.00 0.00 0.00 0.00 0.00 0.00 1.75 0.51 0.00 1.02 0.00 0.00 0.00 0.00 0.00 0.00 0.00 0.00 0.00 0.81 1.32 0.44 0.00 0.00 0.00 0.00 0.00 0.00 0.00 0.00 0.00 2.05 2.19 1.75
0.00 0.00 0.00 0.80 0.22 1.10 1.24 1.75 2.34 3.43 4.09 2.26 2.19 3.65 5.55 6.28 0.00 5.77 5.77 4.96 4.89 4.09 3.94 5.69 7.08 8.10 5.33 5.11 4.31 0.00 3.72 3.87 4.82 4.67 5.69 7.81 7.37 11.02 17.30 7.81 8.61 2.85 2.26 2.26 2.77 0.15 2.48 2.19 2.04 2.19 2.92 0.00 1.68 1.39 1.53 0.00 0.07 1.31 0.00 0.51 1.75 0.00 0.58 0.37 0.00 0.00 0.00 0.00 0.00 0.44 1.31 1.53 0.37 0.95 0.00 0.00 0.00 0.00 0.00 0.00 0.00 0.00 1.54 1.70
0.66 0.73 1.02 0.58 0.44 3.72 4.02 3.72 5.04 3.87 5.48 4.82 6.42 6.28 4.82 5.48 6.86 5.26 5.26 4.38 4.96 0.00 4.09 0.00 5.55 7.08 5.69 0.00 5.04 0.00 4.74 0.00 4.45 4.45 5.26 4.82 6.79 8.98 7.01 6.13 6.28 3.72 4.89 4.89 2.41 4.23 4.09 3.58 3.72 4.02 3.07 2.41 2.63 1.68 0.73 0.00 1.10 0.58 0.95 1.02 0.88 1.61 1.24 1.53 0.29 1.32 0.00 1.31 1.31 2.34 3.43 2.77 0.95 0.15 0.29 0.00 0.00 0.00 0.00 0.00 0.00 0.15 0.00 1.05
3.29 3.58 2.56 0.00 1.24 3.14 4.16 4.53 5.48 6.13 5.62 6.42 6.64 4.74 5.18 6.13 7.23 0.00 0.00 4.60 0.00 0.00 3.80 4.23 0.00 0.00 0.00 0.00 0.00 0.00 0.00 0.00 0.00 0.00 4.02 3.87 0.00 6.20 4.67 6.13 4.96 4.16 6.06 6.06 5.40 3.94 4.89 5.55 4.31 4.60 3.80 3.50 3.21 2.19 3.43 1.53 1.17 0.95 1.83 1.68 1.02 3.21 1.53 2.34 1.31 0.51 0.66 3.72 3.72 3.14 3.80 4.16 1.46 0.44 0.44 0.00 0.00 0.00 0.00 0.00 0.00 0.00 0.00 0.52
5.40 5.11 4.23 3.36 1.68 2.63 3.87 4.60 5.40 5.33 5.77 4.60 6.13 6.13 6.13 6.79 5.33 4.82 4.82 4.31 4.60 4.23 5.04 5.18 0.00 4.23 4.38 0.00 0.00 0.00 0.00 0.00 0.00 3.87 0.00 0.00 0.00 0.00 0.00 4.74 3.94 3.80 6.13 6.13 0.00 0.00 4.16 4.96 4.82 5.11 5.18 3.87 3.87 2.99 3.65 4.02 2.19 2.19 1.90 1.97 2.99 2.63 3.14 2.41 2.85 0.80 6.20 5.84 5.84 5.91 5.11 2.26 2.34 0.88 2.41 1.75 0.66 0.30 0.00 0.00 0.00 0.00 1.69 0.15
5.62 4.60 4.96 3.87 3.65 4.09 4.23 4.60 4.60 5.04 4.89 5.99 4.89 5.48 4.74 5.62 4.96 5.77 5.77 4.96 4.60 4.82 4.82 4.31 4.31 0.00 0.00 4.23 0.00 0.00 0.00 0.00 0.00 0.00 0.00 0.00 0.00 0.00 0.00 0.00 0.00 0.00 0.00 0.00 0.00 0.00 0.00 0.00 0.00 0.00 0.00 0.00 0.00 5.40 0.00 0.00 2.77 2.63 1.97 2.41 2.19 2.77 2.12 3.36 5.18 7.01 7.23 7.15 7.15 5.91 4.31 3.87 3.72 2.99 5.14 3.29 1.03 1.46 0.00 0.00 0.00 0.00 1.97 1.47
0.00 5.48 3.87 3.87 4.09 3.87 4.53 4.38 4.31 4.53 4.38 4.74 5.62 4.09 4.09 5.04 4.53 5.99 5.99 5.69 5.11 0.00 3.80 4.16 3.72 4.60 0.00 0.00 0.00 0.00 0.00 0.00 0.00 0.00 0.00 0.00 0.00 0.00 0.00 0.00 0.00 0.00 0.00 0.00 0.00 0.00 0.00 0.00 0.00 3.58 0.00 0.00 0.00 0.00 0.00 0.00 0.00 2.19 1.90 2.26 2.48 3.43 3.72 3.72 4.16 6.57 3.87 4.67 4.67 5.91 5.40 6.06 6.06 5.04 4.60 6.53 1.72 0.61 0.88 0.00 0.00 0.22 0.73 0.58
0.00 0.00 0.00 2.77 4.16 3.94 3.94 3.29 4.60 3.65 5.11 5.18 5.40 4.09 3.94 4.16 3.36 5.04 5.04 5.33 3.21 0.00 0.00 3.07 1.75 3.36 0.00 0.00 0.00 0.00 0.00 0.00 0.00 0.00 0.00 0.00 0.00 0.00 0.00 0.00 3.07 0.00 0.00 0.00 0.00 0.00 0.00 0.00 0.00 0.00 0.00 0.00 0.00 0.00 0.00 1.68 1.83 3.14 2.56 2.92 3.50 3.94 3.36 4.23 3.50 0.00 0.00 3.58 3.58 4.96 5.62 7.74 10.95 13.07 9.13 6.46 2.80 1.99 1.82 0.75 0.81 0.44 0.73 1.61
1.83 2.63 2.77 0.00 3.14 4.09 2.63 3.29 3.43 5.11 4.16 5.91 4.53 0.00 4.02 4.09 3.80 5.18 5.18 2.92 2.19 1.53 0.00 2.26 0.00 0.00 0.00 0.00 0.00 0.00 0.00 0.00 0.00 0.00 0.00 0.00 0.00 0.00 0.00 0.00 0.00 0.00 0.00 0.00 0.00 0.00 0.00 0.00 0.00 0.00 0.00 0.00 0.00 0.00 1.83 2.56 2.85 3.14 2.70 5.77 5.84 5.99 5.91 4.45 3.07 4.96 3.72 3.50 3.50 6.35 8.03 11.24 12.48 15.11 11.24 8.91 4.09 2.26 2.41 1.10 1.68 0.73 1.02 1.31
3.14 2.34 3.14 0.00 2.99 0.00 0.00 0.00 0.00 3.36 3.36 5.04 6.13 5.33 4.74 4.09 3.58 2.70 2.70 3.07 0.00 0.00 0.00 2.48 0.00 0.00 0.00 0.00 0.00 0.00 0.00 0.00 0.00 0.00 0.00 2.92 2.41 0.00 1.97 0.00 0.00 0.00 0.00 0.00 0.00 0.00 0.00 0.00 0.00 0.00 0.00 2.77 2.19 2.56 2.41 5.04 4.31 4.31 5.62 7.08 6.35 9.05 9.56 8.69 8.25 10.15 7.45 5.48 5.48 6.86 6.57 9.71 9.42 12.05 12.41 11.02 8.18 2.92 3.14 2.34 2.77 1.39 2.26 1.17
2.41 2.85 2.56 3.14 3.29 0.00 0.00 4.16 4.38 3.58 4.89 4.38 3.50 4.45 3.87 0.00 0.00 0.00 0.00 3.14 0.00 0.00 0.00 3.36 0.00 0.00 0.00 0.00 0.00 0.00 0.00 0.00 3.50 0.00 0.00 3.58 3.29 2.70 2.41 2.48 0.00 0.00 2.77 2.77 0.00 0.00 0.00 0.00 0.00 3.43 3.29 5.04 3.80 4.31 2.92 8.25 8.32 6.28 5.69 5.69 7.59 12.12 12.70 12.26 11.24 11.61 13.87 11.10 11.10 8.40 7.74 8.61 10.07 9.86 12.19 9.93 7.52 5.33 4.82 2.41 4.74 3.65 4.23 1.68
1.75 2.34 1.83 2.77 2.63 2.77 0.00 3.29 3.87 4.38 0.00 0.00 0.00 4.16 2.77 3.07 4.45 4.31 4.31 2.99 3.80 2.63 0.00 0.00 0.00 0.00 0.00 0.00 0.00 0.00 2.92 4.45 4.53 3.65 3.14 0.00 0.00 2.34 3.72 2.70 3.43 2.04 3.21 3.21 0.00 0.00 4.53 0.00 4.16 4.09 4.38 4.16 3.50 3.29 8.25 10.37 9.56 9.13 8.47 7.52 7.56 13.56 15.43 14.16 14.53 14.67 27.52 24.67 24.67 22.48 13.14 10.37 15.40 10.51 7.45 5.26 6.06 6.79 5.91 6.94 5.69 4.89 1.24 1.68
2.12 1.53 2.34 2.26 2.12 2.63 2.77 3.43 3.07 3.80 3.07 0.00 0.00 0.00 0.00 0.00 4.60 4.53 4.53 0.00 5.84 0.00 5.99 0.00 0.00 0.00 0.00 0.00 0.00 0.00 0.00 0.00 0.00 0.00 0.00 0.00 0.00 0.00 6.64 7.45 5.84 5.77 4.82 4.82 4.16 0.00 3.43 3.94 3.72 3.43 3.50 3.94 3.43 6.94 10.51 13.29 13.65 15.11 17.67 18.47 23.00 20.44 21.38 22.92 25.04 28.18 22.70 24.16 24.16 27.38 25.26 24.89 20.08 12.48 10.51 7.45 9.42 8.83 9.78 10.88 9.13 10.00 4.89 2.04
1.53 2.41 2.85 2.56 0.00 0.00 3.36 3.87 3.21 0.00 0.00 0.00 0.00 0.00 0.00 0.00 0.00 4.74 4.74 5.48 5.77 0.00 0.00 0.00 0.00 0.00 0.00 0.00 0.00 0.00 0.00 0.00 0.00 0.00 0.00 0.00 0.00 0.00 6.35 7.81 8.32 3.72 6.13 6.13 5.69 5.18 0.00 3.87 3.65 3.72 3.58 3.58 4.82 6.72 8.91 11.53 13.65 18.54 20.73 22.05 23.14 22.05 17.96 21.97 20.75 21.39 17.67 20.95 20.95 23.51 19.13 25.48 22.19 17.23 12.56 10.15 9.86 9.13 9.86 11.02 10.73 12.34 7.08 3.58
1.83 1.83 2.85 2.85 2.77 0.00 0.00 0.00 0.00 0.00 0.00 4.67 4.67 0.00 0.00 0.00 0.00 0.00 0.00 4.45 0.00 4.82 0.00 0.00 0.00 0.00 4.31 3.43 0.00 0.00 0.00 0.00 0.00 5.18 0.00 0.00 6.50 6.35 6.94 5.11 0.00 5.26 8.47 8.47 8.40 7.23 6.42 5.18 5.11 6.64 3.80 3.36 6.57 7.66 7.66 9.78 13.58 17.30 20.95 16.50 16.72 20.08 15.04 18.10 19.47 19.78 16.06 14.97 14.97 17.16 13.14 16.72 19.86 13.80 13.29 11.53 9.42 8.91 11.10 10.95 11.17 11.68 8.83 5.91
2.34 2.19 1.31 2.34 0.00 0.00 0.00 0.00 0.00 0.00 0.00 0.00 0.00 4.82 0.00 0.00 0.00 0.00 0.00 0.00 0.00 0.00 0.00 0.00 0.00 0.00 0.00 0.00 3.36 0.00 0.00 0.00 0.00 5.62 5.84 6.94 6.28 6.06 6.35 4.89 6.35 6.42 8.32 8.32 8.54 7.66 10.51 10.51 7.37 10.00 6.35 6.50 10.95 9.93 10.22 17.67 16.43 15.91 16.38 13.86 12.48 14.67 10.95 14.89 16.23 17.99 16.91 14.09 14.09 14.16 10.51 11.68 11.68 10.29 9.64 8.76 10.07 10.00 10.51 10.70 12.02 8.73 5.65 5.36
1.68 1.31 1.31 1.17 1.31 0.88 0.58 0.00 0.00 0.95 0.00 0.00 0.00 0.00 0.00 0.00 0.00 0.00 0.00 0.00 0.00 0.00 0.00 0.00 0.00 4.60 0.00 4.16 4.16 0.00 0.00 5.91 7.88 7.15 6.64 9.05 7.81 7.15 0.00 7.45 7.15 8.40 8.61 8.61 9.13 10.07 10.80 12.34 11.68 11.17 8.91 10.07 9.34 16.28 16.72 25.04 21.53 16.21 15.33 13.14 10.54 9.13 13.05 13.29 13.51 15.84 16.75 15.31 14.83 9.61 11.32 11.02 10.29 10.15 8.98 8.10 9.42 8.83 10.93 10.63 9.09 10.83 8.45 8.55
1.75 1.61 1.17 2.41 0.88 1.24 0.15 0.66 0.07 0.51 0.00 0.00 0.00 0.00 0.00 0.00 0.00 0.00 0.00 0.00 0.00 0.00 0.00 0.00 0.00 0.00 4.02 4.23 0.00 0.00 0.00 4.60 6.72 8.61 9.27 11.10 9.42 8.76 7.45 6.50 8.76 8.25 7.66 7.66 9.13 10.73 10.44 11.61 12.41 12.05 12.05 19.20 21.53 23.87 23.87 27.23 25.55 21.02 14.45 11.28 8.32 9.71 10.35 11.33 12.62 14.30 14.24 13.80 13.87 11.47 9.76 9.56 12.26 10.15 8.95 8.40 8.03 8.47 8.88 11.93 10.35 12.41 10.30 11.97
2.26 1.31 1.46 1.24 0.80 1.31 1.39 1.02 1.10 0.00 0.00 0.00 0.00 0.00 0.00 0.00 0.00 0.00 0.00 0.00 0.00 0.00 0.00 0.00 0.00 4.31 4.60 4.23 0.00 0.00 4.16 2.70 4.16 8.03 10.15 12.19 12.41 10.59 9.71 10.00 11.90 6.42 7.74 7.74 8.76 10.15 9.20 9.78 11.17 13.29 13.21 15.99 21.17 24.16 27.16 26.28 25.11 25.77 21.61 15.42 12.24 13.07 9.27 10.07 11.54 13.89 14.53 8.98 8.98 9.55 10.48 11.77 14.01 12.60 10.27 11.13 8.47 10.01 10.08 12.51 11.68 13.85 11.77 13.69
1.53 0.66 1.24 0.73 1.17 1.39 0.73 1.17 0.00 0.88 0.66 0.00 0.00 0.00 0.66 1.39 1.61 0.00 0.00 1.10 0.00 0.00 1.68 0.00 0.00 0.00 0.00 4.82 0.00 0.00 2.99 0.00 0.00 5.77 10.15 12.19 11.97 8.47 9.86 10.73 0.00 0.00 6.13 6.13 8.18 5.26 7.01 8.47 9.56 12.48 13.51 12.70 15.55 20.88 24.75 26.65 28.90 24.89 24.89 22.19 15.55 17.77 11.32 9.91 11.88 13.70 11.37 9.86 9.86 8.11 9.41 11.42 14.23 15.63 14.75 14.67 13.07 12.52 13.42 13.25 14.45 16.33 14.03 16.03
2.12 1.46 0.22 0.44 0.88 0.44 1.17 0.00 0.00 0.00 0.88 0.00 0.00 0.00 0.00 1.17 1.53 0.00 0.00 0.88 0.00 0.00 2.48 0.00 0.00 0.00 0.00 0.00 0.00 0.00 0.00 0.00 0.00 4.38 7.45 9.42 5.11 5.77 7.59 0.00 0.00 0.00 0.00 0.00 0.00 2.04 3.80 5.62 7.15 10.29 11.32 12.85 14.53 17.16 18.88 22.46 24.61 20.88 25.11 25.26 22.41 17.61 10.53 10.41 10.91 12.91 11.66 10.37 10.42 8.39 11.25 12.25 16.21 15.83 17.23 15.26 14.97 13.62 12.10 13.45 15.06 15.46 15.15 11.49
1.90 2.04 3.14 1.39 3.14 2.48 1.39 2.26 1.17 1.10 1.31 0.00 0.00 0.00 0.00 0.51 1.02 0.00 0.00 0.00 0.00 2.41 0.00 0.00 0.00 2.41 0.00 0.37 0.00 0.29 0.00 0.00 0.00 0.00 3.43 5.62 0.00 0.00 0.00 0.00 0.00 0.00 0.00 0.00 0.00 1.68 2.48 3.72 5.55 9.56 10.66 11.68 14.31 14.14 16.78 17.38 22.91 17.34 20.31 25.66 13.79 10.86 12.71 6.29 9.68 10.58 11.53 5.65 5.65 5.24 4.22 7.71 12.94 14.11 16.95 17.61 15.27 13.48 10.86 11.66 13.98 17.40 17.09 10.85
1.31 2.99 3.50 4.96 4.31 6.72 3.21 3.65 2.48 1.68 0.00 0.00 0.00 0.00 0.00 1.31 0.00 0.00 0.00 0.00 0.00 0.00 0.00 0.00 0.00 2.41 1.24 1.46 0.44 0.00 0.00 0.00 0.00 0.95 1.75 0.00 1.17 0.00 0.00 0.00 0.00 2.92 0.00 0.00 5.62 4.53 3.29 6.35 5.84 11.97 13.51 13.14 13.14 14.67 13.63 14.84 14.82 15.36 17.01 12.03 12.39 9.96 5.87 6.49 5.74 8.33 4.33 3.71 3.65 4.22 2.87 5.05 9.25 11.70 15.55 16.65 12.90 12.70 8.70 10.23 9.93 17.08 17.84 11.30
1.24 0.66 0.00 12.12 11.39 11.39 4.53 4.96 5.77 4.53 1.24 0.00 1.02 0.58 0.00 0.00 0.00 0.00 0.00 0.00 2.04 0.00 0.00 0.00 1.10 2.12 1.61 1.39 1.10 0.51 0.00 0.00 0.37 1.02 1.68 2.04 0.00 0.00 0.00 0.00 4.23 5.69 4.53 4.53 8.25 8.03 5.55 5.91 8.83 11.68 11.97 13.64 14.37 14.68 14.08 12.25 12.56 11.39 10.64 9.33 8.66 8.30 8.33 6.20 4.74 3.97 3.85 3.46 3.37 2.70 2.41 4.02 6.84 8.65 11.01 13.87 10.17 9.03 6.48 7.15 7.65 14.21 11.26 11.77
11.17 8.47 8.18 16.06 23.00 20.59 21.68 14.31 8.83 3.80 1.39 0.07 0.44 1.02 0.95 0.66 2.56 1.46 1.46 1.17 1.75 1.02 0.00 1.61 1.17 2.04 2.04 1.10 1.02 1.10 1.31 0.44 0.29 1.39 1.39 3.58 0.00 0.00 0.95 1.46 2.77 3.87 4.23 4.23 4.82 3.80 4.38 5.91 8.69 10.00 11.82 13.93 14.08 9.20 9.15 10.25 8.09 11.34 11.78 11.01 11.45 10.82 9.73 9.48 5.99 3.82 3.38 3.14 3.10 1.46 1.31 3.63 6.20 9.57 7.79 4.74 4.39 4.21 2.67 1.11 2.52 4.87 5.21 6.46
10.80 12.85 16.21 21.10 21.02 23.00 24.31 17.37 11.17 4.45 1.68 0.73 1.10 1.02 1.53 2.12 2.34 2.41 2.41 1.68 1.68 1.17 0.15 1.68 1.24 2.19 0.88 0.88 1.24 1.31 1.61 1.46 1.31 1.68 2.92 4.09 7.23 2.92 0.00 0.22 0.07 0.73 1.24 1.24 4.02 4.60 3.07 4.45 7.00 10.72 8.20 9.94 6.76 6.27 6.14 10.17 5.84 7.81 9.97 13.81 15.41 13.99 12.31 7.68 5.55 4.23 3.74 2.32 2.28 0.58 1.31 2.15 2.29 7.03 8.46 6.13 2.29 1.72 0.46 0.09 1.16 2.97 4.02 5.48
11.97 11.17 15.40 10.51 9.56 16.79 14.60 14.82 10.66 1.31 1.24 0.88 1.10 1.17 2.63 3.80 3.14 2.56 2.56 2.56 1.10 0.44 0.66 1.46 1.46 0.00 0.37 0.66 1.39 1.46 0.73 1.46 0.95 3.50 2.77 5.04 6.13 1.61 0.66 0.15 0.00 1.68 0.00 0.00 1.10 2.70 2.41 2.21 7.38 6.50 8.27 6.70 7.12 6.94 6.46 6.15 6.06 8.42 10.19 13.83 16.80 17.73 13.07 9.34 4.31 3.28 2.83 1.32 1.47 1.85 1.19 1.76 2.49 4.63 6.96 5.83 3.94 1.90 0.22 0.58 0.61 1.44 2.92 4.57
9.71 11.10 10.22 8.76 2.04 15.99 9.13 9.90 4.23 1.97 1.39 1.75 1.75 2.41 3.58 4.67 4.16 3.80 3.80 2.34 2.70 1.17 0.73 1.02 1.10 0.00 0.00 0.00 1.39 1.68 0.80 0.51 0.44 1.02 4.16 3.36 5.18 1.10 0.00 0.00 0.00 0.00 0.00 0.00 0.73 1.68 3.07 5.06 5.48 3.97 3.89 5.97 6.91 6.52 4.97 3.47 3.98 6.58 5.97 11.07 16.23 17.34 17.02 13.14 11.61 4.17 3.53 2.43 2.35 3.24 0.55 0.75 2.43 4.30 4.97 4.94 1.85 1.61 1.24 1.16 2.73 1.74 5.64 4.94
0.00 6.13 0.00 3.87 10.59 8.47 8.32 6.20 5.18 2.99 2.48 4.53 2.19 2.56 3.80 7.37 5.40 3.29 3.29 4.74 2.85 2.12 0.95 0.44 0.07 0.00 0.00 0.00 0.00 0.15 0.58 0.29 0.00 0.00 1.39 2.19 3.14 3.21 0.00 0.00 0.00 0.00 0.00 0.00 0.66 2.04 4.16 5.55 3.65 4.16 4.67 5.58 4.76 4.90 5.09 5.99 3.28 4.76 6.45 8.76 11.65 13.75 16.54 19.21 11.45 9.93 5.66 4.21 4.23 4.70 3.24 1.13 2.94 2.14 2.87 0.77 1.79 1.32 0.07 1.04 3.61 6.14 6.67 4.14
0.00 0.00 0.00 0.00 0.00 8.40 8.32 6.72 5.33 4.74 3.07 7.30 5.99 5.84 4.16 12.78 8.25 5.69 5.69 6.86 3.94 2.48 0.37 1.10 0.51 0.15 0.00 0.00 0.00 0.00 0.15 0.00 0.00 0.44 0.00 0.73 3.14 0.00 0.00 0.00 0.00 0.00 0.00 0.00 1.76 1.02 3.23 3.43 1.70 3.01 4.08 5.51 4.62 5.03 4.36 3.23 4.56 5.33 5.16 6.95 11.04 10.95 13.95 15.88 12.73 12.22 10.45 5.73 6.70 3.49 4.29 0.56 0.63 0.35 0.25 0.58 2.27 1.17 0.39 0.32 3.56 5.23 7.87 4.97
0.00 0.00 0.00 0.00 4.31 0.00 5.91 7.45 6.50 6.28 6.94 7.66 12.26 10.95 21.39 20.08 16.28 10.73 10.73 11.75 7.30 4.60 2.12 0.00 1.61 0.07 0.15 0.00 0.88 0.00 0.00 0.00 0.00 0.00 0.00 0.44 1.75 0.00 0.00 0.00 0.00 0.00 0.00 0.00 0.15 0.00 1.61 1.83 1.59 1.94 2.31 4.07 4.58 5.68 5.56 0.00 0.00 0.00 7.65 8.11 9.81 8.83 14.88 15.54 11.94 13.02 13.05 6.97 7.81 4.99 3.97 2.17 0.97 0.80 0.19 0.84 1.66 1.46 1.11 0.00 1.49 4.37 7.83 4.43
0.00 0.00 0.00 0.00 0.00 0.00 2.48 5.84 9.49 7.81 8.61 11.90 8.25 15.70 19.13 22.46 23.23 16.94 16.94 16.57 10.73 13.14 2.85 1.02 0.95 3.43 2.48 2.19 1.10 0.00 0.00 1.61 0.15 0.00 1.46 1.02 1.83 0.00 0.00 0.00 1.97 1.10 0.00 0.00 0.00 0.00 0.00 1.27 1.07 2.51 3.05 5.23 4.65 5.08 5.94 0.00 0.00 0.00 0.00 0.00 9.26 12.94 9.27 13.42 10.59 11.68 14.29 7.95 8.12 6.75 3.65 3.40 1.76 1.60 0.09 0.72 0.71 0.61 0.28 0.00 1.21 1.87 5.07 6.33
0.00 0.00 0.00 0.00 0.00 0.00 0.00 0.00 4.74 8.18 5.40 7.88 12.85 17.67 8.40 15.99 18.40 22.83 21.30 23.51 20.73 18.10 6.94 1.39 4.16 9.93 11.53 7.15 6.50 2.19 1.24 8.83 5.48 1.90 8.10 3.50 1.10 0.00 0.00 0.00 6.86 5.33 1.24 1.24 0.15 0.07 1.03 2.01 1.20 2.21 4.20 4.19 4.71 0.00 0.00 0.00 0.00 0.00 0.00 0.00 9.78 10.64 9.95 9.21 13.89 16.20 11.43 9.37 11.45 7.81 5.67 4.99 3.33 0.25 0.65 2.20 1.76 0.75 0.46 0.00 0.09 0.00 0.00 3.30
0.00 0.00 0.00 0.00 0.00 0.00 0.00 0.00 0.00 0.00 0.00 0.00 0.00 6.13 0.00 4.02 11.68 6.04 6.14 15.26 22.34 13.51 12.85 7.45 16.43 19.35 23.51 20.95 19.78 15.40 15.40 28.32 22.70 19.93 13.07 9.05 5.11 12.78 11.24 10.71 12.72 13.49 9.64 9.64 14.67 7.66 1.68 4.26 0.00 1.60 0.00 0.00 0.00 0.00 0.00 0.00 0.00 0.00 0.00 0.00 0.00 0.00 0.00 8.12 14.36 11.70 10.08 5.87 6.56 8.41 7.24 4.56 3.72 1.50 2.32 2.33 1.22 1.46 0.00 0.00 0.00 0.00 0.00 0.00
0.00 0.00 0.00 0.00 0.00 0.00 0.00 0.00 0.00 0.00 0.00 0.00 0.00 0.00 0.00 0.00 0.00 0.00 0.00 4.60 10.00 10.74 12.48 12.05 12.56 18.48 24.03 15.70 19.64 21.17 27.52 29.27 27.59 19.35 14.75 9.93 12.63 14.45 15.11 13.94 12.33 15.62 16.64 18.60 16.21 12.26 6.13 6.74 1.68 0.00 0.00 0.00 0.00 0.00 0.00 0.00 0.00 0.00 0.00 0.00 0.00 0.00 0.00 0.00 7.30 9.55 0.00 0.00 0.00 0.00 0.00 5.10 0.00 2.65 0.86 1.94 2.45 1.33 0.00 0.00 0.00 0.00 0.00 0.00
0.00 0.00 0.00 0.00 0.00 0.00 0.00 0.00 0.00 0.00 0.00 0.00 0.00 0.00 0.00 0.00 0.00 0.00 0.00 0.00 0.00 8.47 9.71 11.39 8.76 12.91 13.41 9.71 11.46 15.48 11.97 24.38 26.16 16.86 13.58 9.38 4.02 8.83 9.42 5.62 5.90 8.98 13.84 17.58 13.74 14.06 4.79 5.03 0.00 0.00 0.00 0.00 0.00 0.00 0.00 0.00 0.00 0.00 0.00 0.00 0.00 0.00 0.00 0.00 0.00 0.00 0.00 0.00 0.00 0.00 0.00 0.00 0.00 0.00 1.54 1.14 1.36 0.00 0.00 0.00 0.00 0.00 0.00 0.00
0.00 0.00 0.00 0.00 0.00 0.00 0.00 0.00 0.00 0.00 0.00 0.00 0.00 0.00 0.00 0.00 0.00 0.00 0.00 0.00 0.00 0.00 8.32 4.82 0.00 0.00 11.02 5.33 8.32 10.15 0.00 14.98 27.26 8.03 6.13 0.00 0.00 0.00 0.00 0.00 0.00 0.00 9.91 11.32 8.32 10.17 0.00 0.00 1.90 0.00 0.00 0.00 0.00 0.00 0.00 0.00 0.00 0.00 0.00 0.00 0.00 0.00 0.00 0.00 0.00 0.00 0.00 0.00 0.00 0.00 0.00 0.00 0.00 0.00 0.00 0.00 0.00 0.00 0.00 0.00 0.00 0.00 0.00 0.00
