Wansh/Snow_depth/snowdepth-1987/winter/1988031.txt
ncols 321
nrows 161
xllcenter 60
yllcenter 15 
cellsize  0.25 
NODATA_value -1
[rows 0 to 36 of 161, columns 168 to 251 of 321]
13.07 11.24 9.42 8.54 8.25 8.10 7.74 7.74 7.66 7.66 8.40 9.42 8.98 8.91 9.42 8.54 9.05 10.51 11.83 13.14 13.43 12.41 11.61 11.24 11.17 8.76 4.82 0.00 0.00 0.00 0.00 6.20 11.24 14.75 15.11 15.11 14.60 14.97 15.48 16.06 15.91 14.31 13.87 16.13 18.91 19.64 20.29 20.29 21.10 21.24 20.59 18.25 17.08 16.94 17.96 21.10 25.11 26.72 27.08 26.43 26.43 26.57 27.96 28.40 28.98 29.71 28.32 28.25 28.25 28.25 20.81 19.05 19.71 20.44 17.08 18.10 18.61 19.78 22.85 22.48 21.83 21.46 22.05 23.29
16.43 14.09 12.63 11.02 9.93 8.76 8.47 8.03 8.18 8.18 9.20 10.44 10.44 10.00 9.93 9.49 9.71 10.88 12.19 13.72 13.65 12.12 11.75 11.32 9.71 4.23 0.00 0.00 0.00 0.00 0.00 6.50 9.93 13.21 13.87 13.87 14.60 16.13 17.37 19.05 19.05 18.69 18.69 20.00 21.61 21.97 20.66 19.71 19.71 20.29 20.44 20.37 20.66 20.44 20.66 22.12 24.60 26.79 27.16 27.74 27.74 27.01 27.45 27.96 29.35 29.71 27.59 28.84 27.59 25.77 23.94 23.21 23.00 21.97 21.46 21.75 23.36 24.82 22.56 22.12 22.41 20.59 19.71 19.05
18.76 17.08 15.04 13.14 12.34 10.80 9.86 8.98 8.91 8.91 9.27 10.07 10.15 10.07 10.44 10.59 11.90 13.07 13.07 13.58 13.94 12.85 12.12 10.29 4.89 0.00 0.00 0.00 0.00 0.00 0.00 5.11 9.34 10.51 12.19 12.19 14.67 16.79 19.56 21.17 21.17 20.00 18.98 18.47 19.56 20.73 21.10 20.29 19.71 19.71 19.78 20.15 20.37 21.53 22.85 22.92 23.21 24.24 25.04 25.84 25.84 27.59 27.30 26.50 26.86 27.01 28.84 28.03 28.25 26.86 25.55 24.60 23.58 22.48 21.68 20.95 20.81 20.81 21.24 21.39 19.27 19.13 18.10 17.23
18.76 17.08 15.04 13.14 12.34 10.80 9.86 8.98 8.91 8.91 9.27 10.07 10.15 10.07 10.44 10.59 11.90 13.07 13.07 13.58 13.94 12.85 12.12 10.29 4.89 0.00 0.00 0.00 0.00 0.00 0.00 5.11 9.34 10.51 12.19 12.19 14.67 16.79 19.56 21.17 21.17 20.00 18.98 18.47 19.56 20.73 21.10 20.29 19.71 19.71 19.78 20.15 20.37 21.53 22.85 22.92 23.21 24.24 25.04 25.84 25.84 27.59 27.30 26.50 26.86 27.01 28.84 28.03 28.25 26.86 25.55 24.60 23.58 22.48 21.68 20.95 20.81 20.81 21.24 21.39 19.27 19.13 18.10 17.23
19.71 18.98 17.08 15.48 12.48 11.24 11.46 10.80 9.42 9.42 9.49 11.32 11.53 11.53 12.63 12.92 14.38 15.62 14.31 13.14 11.68 10.44 6.94 2.99 0.00 0.00 0.00 0.00 0.00 0.00 2.85 6.86 8.25 9.93 12.05 12.05 13.14 15.62 17.67 19.64 20.37 20.29 19.49 18.18 17.96 18.32 19.56 21.02 20.95 20.59 21.10 21.10 21.10 21.32 21.39 21.97 22.92 23.73 23.94 25.62 25.62 27.01 27.67 27.67 27.23 26.50 26.28 26.06 26.94 26.43 23.51 23.14 21.90 19.86 18.32 18.40 18.69 18.47 18.32 19.35 19.42 19.71 19.13 19.13
20.08 20.15 18.98 16.64 13.14 11.10 12.12 14.31 14.60 14.60 12.78 13.65 14.67 15.26 14.82 14.53 15.18 14.45 12.70 10.66 7.45 5.84 0.00 0.00 0.00 0.00 0.00 0.00 0.00 3.87 8.32 9.64 9.78 10.59 12.78 12.78 14.24 14.89 15.55 17.81 19.20 19.49 18.83 17.96 18.03 18.40 19.13 19.27 19.86 21.75 21.97 22.27 22.78 21.68 21.68 21.24 20.59 20.81 21.32 22.41 22.41 24.67 25.70 26.06 25.19 23.65 20.88 23.43 21.46 22.92 21.90 20.59 19.13 17.89 18.03 18.18 17.96 17.16 17.37 18.25 19.71 19.64 19.20 21.10
19.78 21.90 21.32 19.64 18.03 15.18 15.70 17.45 17.96 17.96 16.06 15.26 15.77 16.86 16.79 16.86 15.26 12.56 8.91 4.74 0.00 0.00 0.00 0.00 0.00 0.00 0.00 0.00 4.82 7.66 9.20 11.02 13.07 15.84 18.47 18.47 18.76 16.43 14.82 13.65 14.60 16.28 16.79 17.45 18.83 20.66 21.32 22.34 22.34 23.07 23.36 22.41 21.75 20.88 20.22 19.35 19.78 19.86 20.37 20.95 20.95 21.97 23.29 23.36 21.61 18.98 18.18 17.67 17.59 17.30 19.35 19.35 16.21 15.18 15.11 14.45 14.02 14.24 14.89 16.73 20.76 23.18 21.11 24.54
19.78 21.90 21.32 19.64 18.03 15.18 15.70 17.45 17.96 17.96 16.06 15.26 15.77 16.86 16.79 16.86 15.26 12.56 8.91 4.74 0.00 0.00 0.00 0.00 0.00 0.00 0.00 0.00 4.82 7.66 9.20 11.02 13.07 15.84 18.47 18.47 18.76 16.43 14.82 13.65 14.60 16.28 16.79 17.45 18.83 20.66 21.32 22.34 22.34 23.07 23.36 22.41 21.75 20.88 20.22 19.35 19.78 19.86 20.37 20.95 20.95 21.97 23.29 23.36 21.61 18.98 18.18 17.67 17.59 17.30 19.35 19.35 16.21 15.18 15.11 16.71 19.33 20.48 20.40 28.42 34.29 30.85 27.16 25.46
16.06 19.20 21.10 20.73 18.98 17.01 15.62 16.13 16.43 16.43 15.70 14.82 14.75 15.33 16.06 15.40 13.07 8.98 4.16 0.00 0.00 0.00 0.00 0.00 0.00 0.00 2.41 5.69 7.08 8.76 9.56 11.32 13.72 15.70 18.98 18.98 19.20 16.72 13.14 12.56 13.21 15.40 17.16 18.32 19.49 21.53 23.65 24.89 24.82 25.11 25.19 23.80 21.24 19.35 17.96 17.45 17.01 17.52 19.42 21.24 21.24 21.46 20.73 19.93 18.25 16.28 14.16 13.29 15.99 14.75 15.18 15.48 14.60 13.85 16.48 19.06 21.66 20.68 17.71 23.78 24.33 23.56 23.61 25.75
13.51 14.60 17.01 17.59 17.89 17.16 15.70 15.40 14.89 14.89 15.26 15.62 15.18 13.94 11.90 8.69 3.72 0.00 0.00 0.00 0.00 0.00 0.00 0.00 2.41 5.04 7.01 8.32 9.20 10.66 10.51 10.88 12.34 14.02 14.89 14.89 15.91 14.75 13.94 13.94 15.11 16.13 18.25 18.76 19.20 19.78 20.95 21.53 21.68 22.19 21.02 20.51 19.35 17.59 16.79 16.50 16.35 16.57 15.99 16.06 16.06 17.16 17.67 17.08 14.89 13.80 13.14 12.85 12.41 13.43 13.87 13.80 14.04 19.72 18.28 17.20 19.04 21.62 24.88 21.55 20.31 20.58 23.40 23.83
13.58 12.19 11.97 13.07 14.09 15.26 15.18 14.53 14.02 14.02 13.43 12.12 11.02 8.10 4.31 0.00 0.00 0.00 0.00 0.00 1.39 4.53 6.50 7.37 8.18 7.88 8.32 9.20 9.27 9.78 9.86 10.44 10.88 11.68 13.43 13.43 15.33 16.28 16.57 17.37 18.25 17.74 15.77 15.40 15.04 15.04 15.33 17.67 17.59 17.74 17.81 16.72 17.30 16.94 16.28 15.99 16.13 15.77 15.40 14.60 14.60 13.65 13.94 13.14 12.63 12.05 12.48 12.26 12.34 13.29 13.58 12.99 13.03 12.67 11.21 15.83 19.94 19.97 16.73 16.93 17.86 18.82 17.42 19.15
13.58 12.19 11.97 13.07 14.09 15.26 15.18 14.53 14.02 14.02 13.43 12.12 11.02 8.10 4.31 0.00 0.00 0.00 0.00 0.00 1.39 4.53 6.50 7.37 8.18 7.88 8.32 9.20 9.27 9.78 9.86 10.44 10.88 11.68 13.43 13.43 15.33 16.28 16.57 17.37 18.25 17.74 15.77 15.40 15.04 15.04 15.33 17.67 17.59 17.74 17.81 16.72 17.30 16.94 16.28 15.99 16.13 15.77 15.40 14.60 14.60 13.65 13.94 13.14 12.63 12.05 12.48 12.26 12.34 13.29 13.58 12.99 12.70 12.48 10.88 14.69 17.77 18.49 17.84 17.56 17.86 18.41 19.13 20.49
14.45 13.29 11.97 11.39 11.02 11.24 11.02 9.71 6.79 6.79 3.58 2.12 0.00 0.00 0.00 0.00 0.00 0.00 4.02 7.37 7.52 7.74 8.18 8.47 8.40 7.88 7.88 8.25 9.42 9.86 8.98 8.61 10.00 11.61 13.65 13.65 14.67 15.91 16.64 16.79 15.62 14.75 13.14 11.46 10.37 10.59 10.73 12.63 14.82 15.04 15.33 15.84 15.77 14.89 14.75 15.18 14.89 14.09 13.51 12.70 12.70 11.97 12.34 12.48 12.63 12.92 12.63 13.21 13.80 13.07 13.65 13.58 13.07 11.97 12.13 14.60 15.86 14.07 14.71 15.58 16.83 17.50 18.98 18.77
15.70 16.13 16.64 13.36 12.26 11.61 9.27 5.62 0.44 0.44 0.00 0.00 0.00 0.00 0.00 0.00 0.00 1.46 4.89 6.06 5.91 6.79 7.52 7.81 8.18 8.25 8.76 10.15 11.17 11.02 10.29 9.78 10.15 11.24 12.92 12.92 13.87 14.31 14.38 13.14 11.90 11.02 10.29 8.69 8.76 9.71 10.29 10.73 11.32 13.36 13.43 12.34 13.14 14.75 14.89 14.16 13.36 13.07 12.41 12.56 12.56 12.92 13.07 13.87 14.31 14.02 13.80 13.87 14.24 13.87 14.67 13.94 12.85 13.86 15.98 15.85 14.21 14.92 18.08 14.87 16.95 15.07 16.40 17.43
19.05 21.61 20.44 18.03 17.23 16.50 13.94 9.78 4.96 4.96 1.46 0.00 0.15 0.73 1.39 1.90 2.77 3.21 2.92 2.92 4.02 4.74 6.50 8.03 8.98 8.98 8.98 10.15 10.80 11.61 11.24 10.66 10.44 11.24 11.97 11.97 12.19 12.34 12.26 11.75 10.80 8.54 7.52 7.45 8.18 9.78 10.59 10.80 10.22 10.15 10.59 11.32 11.32 12.34 13.94 14.24 14.89 14.09 13.14 13.58 13.58 14.16 13.51 13.58 13.87 13.72 13.80 14.31 14.60 15.48 16.35 16.28 16.17 18.53 15.55 15.60 15.67 14.92 14.60 15.35 15.09 15.07 16.44 14.60
19.05 20.29 19.93 18.10 17.37 16.64 15.55 14.09 12.41 12.41 10.73 9.42 8.47 7.01 5.48 3.94 2.56 1.75 1.46 1.31 2.70 4.09 5.18 6.79 8.25 9.27 9.20 8.83 9.78 11.90 12.12 11.39 11.39 11.39 11.46 11.46 11.53 10.95 10.66 10.29 9.34 9.49 9.93 7.88 7.23 7.30 8.18 8.54 8.83 8.18 8.83 9.49 10.51 11.17 12.05 13.94 15.18 15.18 14.16 14.02 14.02 13.65 14.45 13.58 12.19 12.63 11.53 12.34 14.38 15.48 16.43 17.84 17.72 17.91 18.14 14.80 16.29 13.48 14.79 14.90 15.41 16.55 15.19 14.12
19.05 20.29 19.93 18.10 17.37 16.64 15.55 14.09 12.41 12.41 10.73 9.42 8.47 7.01 5.48 3.94 2.56 1.75 1.46 1.31 2.70 4.09 5.18 6.79 8.25 9.27 9.20 8.83 9.78 11.90 12.12 11.39 11.39 11.39 11.46 11.46 11.53 10.95 10.66 10.29 9.34 9.49 9.93 7.88 7.23 7.30 8.18 8.54 8.83 8.18 8.83 9.49 10.51 11.17 12.05 13.94 15.18 15.18 14.16 14.02 14.02 13.65 14.45 13.58 12.19 12.63 11.53 12.34 14.38 15.48 16.43 21.90 16.60 19.47 16.29 18.31 16.53 14.91 15.08 13.44 14.89 14.23 16.52 16.03
13.36 15.99 17.45 16.50 14.67 13.36 12.05 11.83 11.75 11.75 10.22 9.20 7.45 5.99 4.09 2.26 1.02 0.95 1.53 1.90 2.85 3.87 5.69 7.45 7.96 8.32 8.47 8.61 9.34 10.59 11.17 11.39 11.24 11.32 11.90 11.90 11.83 11.24 10.44 9.49 9.78 9.93 9.49 8.10 6.64 5.55 6.06 5.99 5.99 5.99 6.28 7.01 8.47 11.10 11.90 11.83 12.78 14.67 14.67 14.16 14.16 14.16 13.36 13.80 13.43 11.53 11.83 13.29 13.21 16.28 16.72 16.78 19.14 19.47 20.05 19.91 18.80 16.17 15.25 17.18 15.39 14.40 15.23 13.85
10.07 12.92 14.89 15.26 14.31 13.07 11.17 10.37 8.98 8.98 7.74 7.08 6.35 5.91 5.04 3.29 1.83 1.61 2.19 3.43 4.16 5.33 7.30 8.32 7.88 7.59 7.88 7.52 7.66 8.40 10.15 11.61 11.32 11.02 11.02 11.02 11.68 11.75 10.44 9.27 9.05 9.20 7.74 6.28 5.48 4.67 4.45 5.33 4.82 4.38 4.89 6.64 7.96 9.20 10.15 12.56 13.21 13.21 14.16 15.40 15.40 14.75 14.89 13.80 13.43 13.87 13.36 13.72 14.89 16.51 17.11 18.43 19.47 20.11 20.89 22.04 19.95 19.50 18.05 19.04 14.51 15.53 15.08 15.94
8.47 9.42 11.24 11.53 12.85 14.60 14.16 11.83 10.44 10.44 9.42 9.20 8.25 7.52 6.94 6.06 4.74 3.58 4.23 6.06 6.94 7.74 9.34 9.34 8.83 7.96 7.30 6.86 7.52 9.42 11.68 12.70 12.99 12.12 11.53 11.53 11.17 10.66 10.37 10.15 8.83 7.52 6.42 5.77 6.06 6.94 6.64 7.37 8.10 8.40 8.25 7.66 9.42 9.78 10.15 11.17 13.51 15.26 15.62 15.70 15.70 16.28 15.84 14.45 13.36 13.36 15.04 15.62 17.01 18.61 18.61 19.56 19.71 20.95 22.05 22.74 23.27 25.41 24.33 18.91 18.72 15.97 15.41 18.07
6.94 6.86 7.23 8.10 10.22 11.61 12.70 12.26 10.66 10.66 9.05 8.83 9.13 8.61 8.03 7.37 5.33 4.23 5.62 7.52 8.76 9.93 10.07 9.56 8.47 8.61 9.13 8.32 8.03 9.86 12.34 14.16 14.16 13.65 13.72 13.72 12.85 11.02 8.69 7.01 7.01 7.01 6.50 6.06 5.99 7.52 9.34 10.80 11.24 11.68 12.05 12.12 12.12 12.19 14.24 15.40 16.43 17.23 16.50 15.48 15.48 13.80 13.58 13.65 12.41 12.19 12.34 16.64 17.96 19.13 20.29 20.44 21.75 22.63 24.52 27.10 32.62 27.59 27.18 23.56 22.70 19.33 20.23 16.36
3.58 3.87 4.74 5.55 6.94 8.32 10.37 10.59 10.00 10.00 9.27 9.34 9.27 9.05 8.69 7.01 5.40 5.91 7.37 9.78 10.95 10.95 11.02 10.59 10.37 10.51 10.51 11.17 11.75 12.85 14.09 14.82 15.11 14.67 14.75 14.75 13.21 10.73 9.49 9.20 8.40 7.23 6.86 6.79 6.79 7.23 7.66 8.32 9.34 10.29 11.02 11.10 11.83 13.07 14.24 15.26 16.21 17.08 15.55 12.41 12.41 9.93 7.70 7.96 8.98 9.27 10.88 14.09 16.86 18.54 19.27 22.19 20.08 21.75 25.25 27.08 34.10 28.20 29.09 23.34 18.09 19.60 20.77 20.17
3.58 3.87 4.74 5.55 6.94 8.32 10.37 10.59 10.00 10.00 9.27 9.34 9.27 9.05 8.69 7.01 5.40 5.91 7.37 9.78 10.95 10.95 11.02 10.59 10.37 10.51 10.51 11.17 11.75 12.85 14.09 14.82 15.11 14.67 14.75 14.75 13.21 10.73 9.49 9.20 8.40 7.23 6.86 6.79 6.79 7.23 7.66 8.32 9.34 10.29 11.02 11.10 11.83 13.07 14.24 15.26 16.21 17.08 15.55 12.41 12.41 9.93 7.70 7.96 8.98 9.27 10.88 14.09 16.86 18.54 19.27 22.19 20.08 21.75 24.24 27.23 26.48 24.81 24.36 27.17 22.12 20.02 16.27 18.61
1.39 2.19 2.99 3.87 4.89 7.74 8.83 8.61 9.93 9.93 10.80 9.27 7.52 7.45 7.08 5.48 4.82 7.08 9.27 11.24 11.90 12.12 12.05 12.12 12.99 12.56 12.99 14.31 15.04 15.26 15.18 14.38 13.65 13.07 12.92 12.92 12.41 11.39 11.02 11.53 12.05 10.66 8.25 7.01 6.72 5.99 5.55 5.91 7.81 8.54 8.69 9.20 8.69 9.86 11.61 11.97 11.75 10.88 8.47 5.91 5.91 3.21 1.53 3.14 5.62 8.18 9.34 10.73 12.12 13.87 15.11 20.29 16.57 20.08 22.27 23.77 24.82 32.74 30.78 26.26 24.00 19.11 17.89 20.08
0.66 1.31 2.26 2.63 4.09 5.62 5.55 7.52 10.37 10.37 12.41 10.88 9.20 8.25 8.03 7.88 7.15 8.10 10.07 12.41 13.65 13.65 13.21 14.24 15.18 14.38 14.53 17.67 18.25 16.94 15.26 14.31 13.65 12.78 12.48 12.48 13.14 12.99 12.26 13.07 13.29 11.10 8.47 5.69 4.82 4.38 3.94 4.38 5.18 6.64 6.50 6.72 6.28 6.35 7.81 8.47 7.59 5.77 3.43 0.00 0.00 0.00 0.00 0.00 3.58 6.94 9.34 10.15 11.32 11.83 13.58 15.99 20.59 19.71 22.91 25.06 24.68 25.40 27.66 25.10 25.79 18.27 20.75 23.83
0.66 0.44 1.39 1.90 3.50 3.94 5.48 9.86 12.48 12.48 13.80 14.45 13.29 11.90 10.73 9.78 8.91 10.15 11.53 13.65 15.40 15.91 15.48 17.23 17.89 16.64 18.47 20.66 21.32 20.29 17.67 15.84 13.94 12.05 11.97 11.97 12.85 13.07 13.07 13.58 13.65 11.46 7.88 4.53 2.70 2.34 2.04 1.68 1.10 3.14 4.53 4.31 3.65 3.87 3.94 4.60 4.23 3.80 2.70 2.04 2.04 0.00 0.95 2.19 4.02 5.62 7.66 10.44 12.12 14.31 15.84 17.37 22.90 21.83 24.68 28.18 26.80 21.82 22.72 24.60 22.06 22.65 19.81 18.43
4.31 3.87 4.60 5.55 5.69 6.79 8.47 11.97 12.99 12.99 12.99 13.65 12.92 11.53 10.95 10.00 10.00 11.53 12.63 14.89 16.57 18.61 18.91 19.20 20.29 20.51 20.81 21.17 22.19 20.37 16.50 14.31 12.78 11.46 10.22 10.22 10.59 11.17 11.32 10.15 9.13 7.59 6.35 4.96 4.16 2.77 4.02 4.67 4.67 3.58 2.99 3.43 3.21 2.85 2.99 3.36 3.65 3.58 4.53 4.60 4.60 3.72 2.92 3.14 4.31 5.48 7.52 10.59 13.36 16.86 19.13 22.27 24.01 21.68 28.79 30.04 28.35 29.08 25.00 22.65 20.86 19.79 21.00 18.72
7.23 5.69 5.40 5.55 5.84 6.79 7.96 9.93 12.48 12.48 12.85 12.12 10.80 9.64 9.56 8.69 7.96 9.05 10.29 11.53 14.02 16.21 17.59 18.47 19.27 20.37 20.44 20.44 20.51 19.27 15.18 12.48 12.05 12.05 11.02 11.02 9.20 8.47 8.47 8.18 7.59 7.15 7.52 7.81 8.10 8.32 7.52 7.15 7.37 7.45 6.50 6.35 5.33 4.89 5.48 4.89 4.38 4.67 4.60 4.45 4.45 3.72 2.56 3.21 6.72 8.61 10.22 13.21 16.79 18.83 23.06 26.45 29.72 24.41 28.28 29.72 26.84 26.28 26.83 22.49 22.15 20.13 19.22 14.31
7.23 5.69 5.40 5.55 5.84 6.79 7.96 9.93 12.48 12.48 12.85 12.12 10.80 9.64 9.56 8.69 7.96 9.05 10.29 11.53 14.02 16.21 17.59 18.47 19.27 20.37 20.44 20.44 20.51 19.27 15.18 12.48 12.05 12.05 11.02 11.02 9.20 8.47 8.47 8.18 7.59 7.15 7.52 7.81 8.10 8.32 7.52 7.15 7.37 7.45 6.50 6.35 5.33 4.89 5.48 4.89 4.38 4.67 4.60 4.45 4.45 3.72 2.56 3.21 6.72 8.61 10.22 13.21 16.79 18.83 23.18 26.17 26.87 27.20 30.18 34.67 31.16 25.43 28.03 21.85 23.42 23.88 17.54 12.15
5.18 4.82 6.57 7.23 6.50 7.01 8.83 10.51 13.07 13.07 12.92 11.83 10.15 9.71 9.49 8.69 7.96 8.10 8.32 9.42 13.43 15.40 16.21 16.50 16.64 16.57 17.74 18.25 16.86 15.33 12.48 10.22 10.00 10.37 9.71 9.71 8.69 8.25 8.61 9.71 10.51 10.66 11.53 13.21 13.58 13.43 12.92 11.83 11.02 9.42 8.69 9.42 8.98 7.81 6.94 7.23 7.74 7.96 7.52 6.35 6.38 5.06 3.67 5.40 7.74 12.19 14.97 17.23 20.54 23.89 25.37 25.88 29.11 30.68 40.43 29.83 26.41 24.89 25.67 22.15 20.49 22.88 14.60 9.97
9.13 10.44 10.59 8.76 8.25 8.54 9.64 10.29 12.12 12.12 12.92 11.24 10.07 10.00 9.78 9.56 10.37 10.88 11.10 11.90 14.82 17.52 18.40 18.03 16.94 16.86 15.33 16.06 15.62 14.31 11.61 9.42 8.32 8.61 9.20 9.20 9.56 10.29 11.39 11.68 12.41 12.26 12.92 14.38 14.31 13.80 13.51 12.99 12.56 12.34 11.61 10.44 9.71 9.71 7.88 6.13 7.74 8.76 8.47 8.18 8.18 8.54 9.20 9.64 12.19 12.85 14.16 19.27 22.12 24.02 27.01 27.47 29.75 29.65 30.91 32.12 23.49 18.12 18.67 21.09 16.75 15.40 11.19 7.45
14.60 13.87 12.26 9.93 9.20 9.49 8.91 9.20 10.73 10.73 11.17 9.49 8.18 7.59 8.10 8.61 9.71 10.44 10.73 12.48 14.67 17.89 19.49 20.51 21.02 19.86 17.89 17.89 20.37 19.13 15.48 12.85 11.10 11.39 11.39 11.39 11.61 11.90 12.05 11.24 10.95 10.44 10.59 11.90 11.68 10.51 10.88 10.44 9.49 7.74 7.96 9.34 8.69 7.88 6.50 4.89 5.48 6.50 7.81 7.15 7.15 6.79 8.32 11.02 14.02 16.72 18.98 21.32 23.80 25.55 25.99 25.91 28.64 24.44 23.92 23.78 16.06 15.38 13.78 15.03 11.95 10.50 7.99 7.03
13.58 11.46 10.22 9.71 10.22 9.56 8.18 9.34 9.93 9.93 7.96 6.64 5.40 4.96 5.91 7.37 9.34 10.66 12.41 15.84 18.54 20.81 23.65 25.84 26.65 26.79 25.40 25.11 25.70 23.43 20.37 17.52 14.75 13.87 12.85 12.85 12.48 11.32 9.64 8.25 7.23 6.86 5.91 6.64 7.52 8.10 8.03 7.81 6.13 4.74 4.60 6.28 5.48 4.23 3.29 2.70 2.92 4.38 5.62 6.57 6.57 6.64 9.05 11.39 15.77 17.52 19.13 22.05 24.60 26.35 25.77 25.07 25.80 21.27 18.98 15.30 13.90 10.85 8.29 6.59 6.72 8.49 6.74 5.63
14.16 9.20 8.98 8.98 8.69 8.47 7.96 8.54 6.64 6.64 5.91 5.33 5.62 7.45 8.61 10.29 13.21 16.43 20.66 24.02 24.38 26.43 29.05 29.64 30.00 29.20 28.18 26.21 24.82 23.07 20.73 17.30 14.53 12.19 11.39 11.39 10.07 8.32 6.79 5.33 4.45 3.50 3.21 3.14 3.87 5.18 6.28 6.72 5.33 3.87 3.07 2.70 1.97 1.61 0.00 0.00 2.56 3.65 5.69 6.79 6.79 6.64 7.37 8.98 11.02 12.34 15.26 17.74 20.37 23.36 22.27 21.61 19.30 14.29 10.00 9.21 7.74 7.93 4.78 3.55 3.09 3.24 3.43 4.42
11.02 8.10 8.61 8.76 7.37 7.01 7.08 5.33 4.67 4.67 5.48 5.33 8.54 13.29 15.99 16.64 19.64 23.21 25.84 28.47 30.15 31.17 30.30 27.59 26.13 24.16 22.34 21.17 19.13 15.84 14.09 11.68 10.29 7.30 7.23 7.23 7.30 5.62 4.09 3.36 2.99 2.34 1.90 2.77 4.67 6.64 7.88 8.47 8.03 6.72 5.62 5.33 4.09 4.38 4.67 5.11 4.74 4.89 6.13 6.64 6.64 5.99 5.33 5.18 7.15 9.27 12.48 14.82 18.69 20.66 19.42 17.53 11.55 8.64 6.19 5.70 4.14 4.75 1.48 0.94 1.44 0.51 0.82 2.76
11.02 8.10 8.61 8.76 7.37 7.01 7.08 5.33 4.67 4.67 5.48 5.33 8.54 13.29 15.99 16.64 19.64 23.21 25.84 28.47 30.15 31.17 30.30 27.59 26.13 24.16 22.34 21.17 19.13 15.84 14.09 11.68 10.29 7.30 7.23 7.23 7.30 5.62 4.09 3.36 2.99 2.34 1.90 2.77 4.67 6.64 7.88 8.47 8.03 6.72 5.62 5.33 4.09 4.38 4.67 5.11 4.74 4.89 6.13 6.64 6.64 5.99 5.33 5.18 7.15 9.27 12.48 14.82 18.69 20.66 19.42 17.45 11.37 8.51 6.19 5.95 3.69 4.56 1.44 0.98 1.41 0.54 0.82 2.70
12.63 10.44 10.44 9.42 8.40 7.81 7.66 8.40 8.76 8.76 9.56 9.42 12.70 17.45 18.98 18.40 18.83 21.10 24.31 26.65 28.11 26.13 23.51 21.46 19.93 17.45 14.97 14.09 11.61 9.34 6.50 6.64 5.99 3.94 3.94 3.94 3.72 3.29 2.26 1.75 0.00 0.00 0.00 0.00 4.38 7.52 9.64 10.51 10.07 8.40 8.25 7.74 8.25 7.52 6.42 5.91 4.82 5.11 5.84 6.42 6.42 6.86 5.69 5.48 6.28 8.76 13.29 16.13 17.37 18.91 17.16 13.36 10.15 4.79 3.15 2.59 1.61 1.29 0.93 0.00 0.00 0.00 0.00 0.00
