Wansh/Snow_depth/snowdepth-1987/winter/1988039.txt
ncols 321
nrows 161
xllcenter 60
yllcenter 15 
cellsize  0.25 
NODATA_value -1
[rows 0 to 36 of 161, columns 84 to 167 of 321]
17.08 17.30 17.01 15.77 15.18 14.53 13.29 11.53 11.10 11.53 12.34 12.70 14.24 14.89 14.09 13.80 12.78 12.26 12.26 11.83 12.19 11.97 9.56 7.01 3.87 2.34 1.53 0.07 0.15 1.83 3.58 6.50 10.95 10.51 9.78 9.27 9.64 8.76 9.42 9.13 9.05 8.47 7.52 7.52 6.50 5.18 4.67 4.67 3.80 5.48 7.37 8.47 8.69 8.83 12.48 10.95 10.44 8.91 8.10 5.55 4.09 4.23 4.23 3.21 3.07 3.87 4.09 4.96 4.96 5.77 7.52 9.49 11.32 12.19 11.53 11.61 12.48 14.31 15.99 16.94 15.77 14.31 12.78 11.97
16.94 16.06 14.31 13.51 12.78 12.63 12.48 12.41 12.34 12.63 12.56 11.32 9.86 8.98 8.25 8.61 9.71 11.02 11.02 11.24 10.51 10.59 10.07 9.49 7.59 4.23 2.12 1.24 0.80 1.10 2.56 4.67 7.15 8.69 7.37 4.53 0.00 4.67 5.26 5.84 8.69 10.80 11.68 11.68 10.29 8.47 4.82 4.60 3.80 3.14 3.65 4.09 4.89 4.96 5.04 6.72 7.30 7.96 8.18 8.47 7.30 7.01 7.37 6.13 6.28 6.35 6.42 8.47 8.47 10.22 10.80 10.95 11.75 12.63 13.51 14.24 15.62 16.79 18.10 17.59 16.94 16.94 15.70 14.89
15.18 13.87 12.78 11.97 11.17 11.17 11.83 13.65 14.82 15.40 14.75 13.29 11.90 10.88 8.03 5.18 4.09 5.40 5.40 7.37 8.76 9.64 9.49 9.13 7.88 5.99 3.94 2.85 1.90 1.39 2.70 2.63 4.53 7.23 6.35 9.34 7.52 6.79 5.91 4.96 2.99 2.92 6.13 6.13 8.61 11.53 5.33 9.20 6.86 5.18 4.53 2.99 2.12 2.26 2.92 4.16 5.40 7.52 8.83 10.44 10.66 11.53 12.05 11.10 9.93 11.75 12.19 14.24 14.24 15.18 13.80 12.78 12.34 11.83 13.21 15.70 17.16 18.91 18.32 17.96 18.18 18.54 19.27 18.61
15.18 13.87 12.78 11.97 11.17 11.17 11.83 13.65 14.82 15.40 14.75 13.29 11.90 10.88 8.03 5.18 4.09 5.40 5.40 7.37 8.76 9.64 9.49 9.13 7.88 5.99 3.94 2.85 1.90 1.39 2.70 2.63 4.53 7.23 6.35 9.34 7.52 6.79 5.91 4.96 2.99 2.92 6.13 6.13 8.61 11.53 5.33 9.20 6.86 5.18 4.53 2.99 2.12 2.26 2.92 4.16 5.40 7.52 8.83 10.44 10.66 11.53 12.05 11.10 9.93 11.75 12.19 14.24 14.24 15.18 13.80 12.78 12.34 11.83 13.21 15.70 17.16 18.91 18.32 17.96 18.18 18.54 19.27 18.61
14.16 13.21 12.34 11.10 10.88 10.51 10.88 11.10 12.63 12.85 13.21 12.48 11.68 10.66 10.44 9.05 6.57 3.80 3.80 3.21 4.89 6.50 8.18 9.71 9.34 7.59 5.69 3.94 2.41 2.04 2.41 2.85 4.89 8.91 5.84 11.10 10.37 9.86 7.88 6.42 3.65 0.00 2.99 2.99 4.09 7.66 11.68 7.59 9.93 9.56 6.57 4.53 3.07 2.56 2.34 2.99 4.60 5.33 6.72 7.37 7.74 11.61 12.19 13.51 14.09 15.11 15.40 16.79 16.79 16.13 15.04 14.38 14.24 13.80 14.38 15.11 15.84 17.08 17.74 17.08 16.21 16.57 18.03 18.03
15.33 15.18 14.38 14.02 12.92 11.02 9.78 7.96 7.52 7.30 8.18 9.20 9.34 9.42 9.13 10.15 10.73 9.56 9.56 8.47 6.28 4.53 4.67 6.42 8.47 7.74 6.64 4.89 3.50 2.56 1.90 2.77 3.65 4.53 8.69 7.37 6.20 4.02 2.41 0.00 0.00 0.00 3.07 3.07 4.45 6.35 8.25 11.10 8.32 11.32 6.20 4.02 2.99 3.29 2.99 3.29 4.31 5.04 5.99 8.40 7.88 8.91 13.07 15.26 15.77 16.13 16.43 16.13 16.13 14.45 13.87 14.60 15.77 15.48 14.89 14.02 13.29 13.21 12.63 12.19 14.16 16.94 18.32 18.54
15.77 14.09 13.36 13.07 12.70 11.90 10.29 8.03 7.01 6.42 6.13 6.20 6.72 7.08 8.40 9.13 8.91 9.42 9.42 9.93 10.37 9.27 7.66 5.99 6.06 6.35 5.04 4.38 3.94 3.29 3.43 3.65 3.65 4.09 6.28 6.79 5.48 3.43 2.41 1.02 1.31 2.63 3.58 3.58 5.04 7.52 8.61 10.15 9.78 11.24 10.59 3.65 3.07 3.07 3.21 3.43 4.09 6.57 9.13 9.78 10.59 9.34 11.53 16.86 17.01 16.06 16.72 16.72 16.72 15.40 15.11 16.13 16.64 16.50 16.28 15.04 14.38 13.21 11.97 12.05 12.85 13.65 15.40 17.45
15.77 14.09 13.36 13.07 12.70 11.90 10.29 8.03 7.01 6.42 6.13 6.20 6.72 7.08 8.40 9.13 8.91 9.42 9.42 9.93 10.37 9.27 7.66 5.99 6.06 6.35 5.04 4.38 3.94 3.29 3.43 3.65 3.65 4.09 6.28 6.79 5.48 3.43 2.41 1.02 1.31 2.63 3.58 3.58 5.04 7.52 8.61 10.15 9.78 11.24 10.59 3.65 3.07 3.07 3.21 3.43 4.09 6.57 9.13 9.78 10.59 9.34 11.53 16.86 17.01 16.06 16.72 16.72 16.72 15.40 15.11 16.13 16.64 16.50 16.28 15.04 14.38 13.21 11.97 12.05 12.85 13.65 15.40 17.45
12.78 12.48 12.05 11.39 10.29 9.56 9.42 8.25 6.79 6.13 6.20 6.42 5.26 6.28 7.66 9.71 10.80 10.95 10.95 10.95 12.05 11.83 9.93 8.25 5.48 4.89 5.04 4.31 3.87 4.38 4.53 4.23 4.53 6.06 6.20 8.40 7.23 5.26 3.87 3.21 2.70 2.99 3.80 3.80 4.74 4.96 5.26 7.08 6.42 5.26 6.86 5.48 5.84 5.69 6.28 6.72 7.23 8.18 8.03 9.56 11.17 11.75 12.34 12.92 14.09 14.89 15.48 14.82 14.82 14.75 14.75 15.91 16.35 16.06 15.91 15.26 15.33 15.84 16.79 15.91 14.38 12.41 12.70 13.36
10.15 9.42 8.98 9.05 9.78 8.83 7.37 6.57 6.13 6.06 5.99 6.20 6.28 6.28 9.05 11.75 13.94 15.18 15.18 14.45 13.80 11.97 10.73 8.83 6.79 4.96 3.80 4.53 4.60 3.65 3.87 4.02 4.09 5.99 7.23 8.61 8.47 7.96 5.99 4.89 4.09 4.45 4.45 4.45 4.09 5.18 6.13 6.35 4.82 8.03 8.32 6.94 8.10 11.02 9.93 10.00 10.29 11.39 11.17 11.24 11.61 12.19 12.85 12.19 11.61 13.51 14.38 14.97 14.97 16.57 17.08 16.72 16.86 17.16 17.45 17.45 18.47 20.51 20.08 19.13 15.91 12.85 11.46 11.02
9.20 8.61 7.52 7.45 7.15 6.79 6.50 6.06 6.20 6.06 6.79 5.91 7.08 9.56 12.56 14.31 15.70 16.86 16.86 17.08 17.01 14.89 11.68 8.18 5.48 4.16 4.31 3.50 2.92 3.14 2.92 3.07 3.80 4.74 6.28 8.98 8.10 9.05 8.47 7.66 7.81 7.52 7.88 7.88 8.40 6.28 7.08 8.83 7.66 10.15 10.73 12.70 11.17 12.56 11.10 11.68 13.14 14.75 15.26 14.60 14.53 14.53 13.94 12.78 12.05 11.97 14.67 15.77 15.77 17.96 18.76 18.61 18.83 19.78 20.59 21.97 22.41 24.24 23.80 21.02 17.96 15.84 14.38 13.07
9.20 8.61 7.52 7.45 7.15 6.79 6.50 6.06 6.20 6.06 6.79 5.91 7.08 9.56 12.56 14.31 15.70 16.86 16.86 17.08 17.01 14.89 11.68 8.18 5.48 4.16 4.31 3.50 2.92 3.14 2.92 3.07 3.80 4.74 6.28 8.98 8.10 9.05 8.47 7.66 7.81 7.52 7.88 7.88 8.40 6.28 7.08 8.83 7.66 10.15 10.73 12.70 11.17 12.56 11.10 11.68 13.14 14.75 15.26 14.60 14.53 14.53 13.94 12.78 12.05 11.97 14.67 15.77 15.77 17.96 18.76 18.61 18.83 19.78 20.59 21.97 22.41 24.24 23.80 21.02 17.96 15.84 14.38 13.07
8.32 7.52 7.23 6.42 5.69 5.11 4.45 5.11 5.40 5.62 6.28 7.59 8.91 10.59 13.07 14.97 17.74 17.59 17.59 15.55 14.09 12.92 10.80 8.03 6.06 5.33 4.82 4.67 5.55 5.48 4.67 5.62 6.94 6.42 7.66 9.20 11.61 11.83 11.24 11.53 11.83 11.10 10.15 10.15 10.44 10.00 10.44 11.32 12.63 12.85 13.21 13.94 13.43 14.16 12.70 13.29 15.04 17.37 18.25 17.23 16.50 14.38 13.87 14.53 14.89 13.43 13.87 15.33 15.33 17.16 18.69 18.98 18.98 20.08 21.10 23.21 25.92 25.77 23.65 20.95 19.86 17.74 16.35 14.97
10.15 9.27 6.86 5.40 5.26 3.80 3.50 5.11 6.64 7.88 8.32 8.47 11.75 14.24 16.79 16.64 15.33 14.82 14.82 14.89 12.63 10.88 9.93 9.05 7.37 6.35 5.91 6.64 7.08 9.78 11.97 11.61 13.87 12.85 13.51 12.34 12.48 14.82 14.82 13.58 12.48 12.19 13.80 13.80 13.14 12.56 14.24 14.89 12.70 13.94 12.99 12.92 12.12 12.19 11.68 11.68 16.94 19.27 18.61 15.55 14.16 14.67 15.55 17.16 17.45 16.86 15.55 16.06 16.06 16.64 18.54 20.15 20.29 20.29 20.29 20.88 21.75 20.15 17.52 14.89 17.16 16.94 15.84 14.82
9.05 8.61 7.74 6.94 5.62 4.23 3.94 5.18 7.01 8.61 9.86 10.15 10.66 12.56 14.60 15.33 15.62 15.33 15.33 14.24 12.19 11.39 11.61 10.95 9.93 8.83 8.10 10.51 12.85 13.65 15.91 16.94 16.79 16.43 14.67 13.72 12.85 12.34 12.48 13.58 13.87 14.16 15.26 15.26 15.77 15.91 16.35 15.99 16.94 13.07 14.60 14.53 14.09 14.89 16.79 15.26 16.28 24.31 20.00 13.72 10.73 11.10 11.97 11.68 14.31 14.97 15.70 15.70 15.70 15.55 17.52 18.32 18.47 17.96 16.43 17.01 17.59 13.21 4.67 6.13 13.65 18.32 17.59 17.08
7.15 7.23 6.72 7.59 7.30 5.55 3.14 3.29 4.23 5.04 6.20 7.81 9.42 10.51 11.32 13.21 14.60 15.48 15.48 14.89 13.80 12.26 11.32 11.68 11.68 11.90 11.61 11.10 12.48 14.75 17.74 18.03 16.94 15.55 13.36 11.46 9.78 12.05 14.24 15.33 15.84 16.13 15.91 15.91 15.33 14.38 13.94 13.29 13.58 16.50 16.35 16.86 15.77 16.94 19.64 22.48 21.39 20.73 15.77 11.39 9.64 10.95 11.61 10.88 11.32 13.51 16.13 17.74 17.74 16.79 18.25 18.40 16.94 15.40 16.06 20.22 19.64 10.51 0.00 4.38 14.16 16.64 15.33 16.28
7.15 7.23 6.72 7.59 7.30 5.55 3.14 3.29 4.23 5.04 6.20 7.81 9.42 10.51 11.32 13.21 14.60 15.48 15.48 14.89 13.80 12.26 11.32 11.68 11.68 11.90 11.61 11.10 12.48 14.75 17.74 18.03 16.94 15.55 13.36 11.46 9.78 12.05 14.24 15.33 15.84 16.13 15.91 15.91 15.33 14.38 13.94 13.29 13.58 16.50 16.35 16.86 15.77 16.94 19.64 22.48 21.39 20.73 15.77 11.39 9.64 10.95 11.61 10.88 11.32 13.51 16.13 17.74 17.74 16.79 18.25 18.40 16.94 15.40 16.06 20.22 19.64 10.51 0.00 4.38 14.16 16.64 15.33 16.28
6.64 7.37 8.18 8.54 7.88 6.35 4.23 2.63 2.19 3.43 4.31 5.55 8.54 11.46 12.26 12.85 13.43 14.16 14.16 12.99 12.63 11.53 10.37 10.22 11.32 12.48 13.72 14.45 15.18 14.82 16.57 17.45 17.37 17.23 13.21 11.17 11.24 11.39 12.41 14.24 14.89 13.94 13.21 13.21 12.70 13.58 13.65 13.36 12.99 14.75 14.97 14.38 13.87 14.67 15.48 16.57 17.23 20.81 13.21 12.41 14.89 16.57 17.59 15.18 14.16 15.26 17.30 18.18 18.18 19.64 18.32 19.05 17.89 17.59 20.59 21.75 18.76 9.64 0.00 7.01 10.80 9.34 8.91 9.86
8.47 8.98 9.20 9.42 9.78 8.76 6.42 3.58 2.99 3.29 5.91 6.42 7.23 10.22 12.56 13.07 13.87 14.38 14.38 14.16 12.70 11.32 10.51 10.88 11.83 13.43 16.72 16.72 15.99 17.30 18.61 20.44 19.78 19.05 16.64 12.56 9.78 8.61 7.66 8.25 8.76 8.91 9.78 9.78 12.12 15.18 16.35 16.64 15.62 13.65 12.05 12.48 12.12 13.21 13.80 13.65 13.72 13.72 14.16 16.35 19.35 21.46 21.39 19.86 19.35 18.47 18.25 22.12 22.12 24.60 22.78 22.41 19.56 18.54 16.79 16.21 14.31 11.75 9.20 8.98 7.88 7.52 8.10 8.10
10.00 9.27 9.64 10.00 10.59 10.66 10.22 8.54 5.69 5.26 5.18 6.20 6.20 6.72 7.74 8.69 10.00 12.05 12.05 14.09 14.45 13.36 12.34 11.90 13.87 15.18 15.62 14.82 13.87 12.78 12.41 15.04 16.64 16.35 12.48 9.56 7.23 6.13 5.04 4.16 5.55 7.96 9.71 9.71 13.65 17.16 19.13 17.74 17.08 17.52 13.80 17.37 18.10 17.89 14.89 13.51 12.63 12.05 14.16 13.72 19.86 22.48 23.21 22.92 21.46 21.10 21.68 24.67 24.67 24.31 17.45 19.20 17.52 10.00 10.22 12.19 12.70 13.87 11.75 9.71 8.54 8.25 8.40 8.03
10.37 10.51 10.59 9.78 10.29 11.24 12.85 13.58 13.07 11.17 9.34 10.66 10.29 11.02 9.13 7.81 6.86 7.88 7.88 10.00 12.19 13.14 13.29 13.72 14.16 16.28 15.77 14.02 12.19 8.98 7.59 8.98 10.29 12.70 10.15 6.50 2.56 4.96 0.00 6.94 6.86 5.99 7.59 7.59 10.80 15.04 15.84 17.45 17.67 19.71 20.15 22.19 22.48 21.46 19.49 18.61 15.62 13.72 13.36 13.94 14.31 18.25 19.20 20.15 21.90 23.21 23.07 23.00 23.00 19.42 12.34 6.42 6.50 4.23 4.09 4.53 5.40 7.23 7.30 7.52 6.57 7.15 8.25 7.01
10.37 10.95 10.88 11.53 11.02 10.15 10.51 13.51 15.62 16.13 16.64 17.89 18.40 19.49 16.28 14.53 12.85 11.32 11.32 11.02 11.61 12.85 14.09 15.62 18.18 19.71 20.81 20.66 17.96 13.43 10.80 8.98 8.18 7.15 6.57 4.74 1.97 1.83 5.26 4.38 6.50 6.28 4.02 4.02 3.07 3.87 5.99 7.45 8.91 9.05 21.90 14.60 15.77 17.37 18.32 19.13 17.59 14.16 11.24 10.15 12.92 12.34 15.62 17.81 19.86 21.17 20.73 20.08 20.08 16.94 13.36 9.71 6.06 3.65 2.48 1.61 2.19 3.58 3.65 3.07 2.63 3.72 3.29 2.19
10.37 10.95 10.88 11.53 11.02 10.15 10.51 13.51 15.62 16.13 16.64 17.89 18.40 19.49 16.28 14.53 12.85 11.32 11.32 11.02 11.61 12.85 14.09 15.62 18.18 19.71 20.81 20.66 17.96 13.43 10.80 8.98 8.18 7.15 6.57 4.74 1.97 1.83 5.26 4.38 6.50 6.28 4.02 4.02 3.07 3.87 5.99 7.45 8.91 9.05 21.90 14.60 15.77 17.37 18.32 19.13 17.59 14.16 11.24 10.15 12.92 12.34 15.62 17.81 19.86 21.17 20.73 20.08 20.08 16.94 13.36 9.71 6.06 3.65 2.48 1.61 2.19 3.58 3.65 3.07 2.63 3.72 3.29 2.19
9.20 9.64 9.71 10.00 11.02 10.59 11.39 13.14 14.82 16.28 16.57 17.30 17.89 19.42 20.29 19.64 17.52 16.21 16.21 15.62 15.40 15.55 16.06 15.91 17.16 18.61 19.93 19.56 18.40 16.50 12.26 8.98 6.86 5.40 4.45 3.14 2.48 1.75 2.99 2.99 3.65 4.16 2.34 2.34 0.00 0.00 0.00 0.00 0.00 0.00 4.02 10.37 6.79 9.20 10.15 11.68 11.39 9.71 8.18 9.56 12.12 11.97 13.87 16.86 18.91 19.20 18.69 16.86 16.86 16.57 19.05 18.47 13.43 10.15 5.77 5.33 3.72 3.50 2.56 2.04 1.24 0.73 0.88 0.88
9.78 10.07 10.51 10.51 11.10 10.88 11.39 13.72 15.18 16.28 16.57 16.86 16.13 15.91 15.04 15.33 14.97 14.31 14.31 14.75 16.43 17.89 17.96 16.61 16.21 18.07 16.15 16.64 17.74 16.50 13.51 10.29 6.79 3.94 2.41 1.75 1.53 2.26 2.34 3.29 3.14 2.12 2.04 2.04 0.00 0.00 0.00 0.00 0.00 0.00 0.00 4.16 3.65 4.45 6.06 6.20 7.01 5.91 6.20 10.59 13.21 13.14 13.07 14.89 16.64 16.28 16.13 16.13 16.13 18.32 22.34 21.61 19.27 14.09 10.29 10.37 4.96 4.82 3.43 2.41 1.90 1.02 0.51 0.00
12.48 11.68 12.05 11.90 11.68 11.83 12.05 12.48 14.02 15.55 15.18 14.67 13.21 11.97 12.26 13.87 15.11 15.33 15.33 15.84 15.62 17.16 20.15 21.09 20.47 16.91 17.33 16.18 18.03 17.67 15.91 14.16 10.73 8.25 5.11 3.43 3.07 1.68 3.50 2.70 2.92 2.48 1.53 1.53 0.00 0.00 0.00 0.00 0.00 0.00 0.00 0.00 0.00 3.65 4.31 4.23 4.02 3.72 5.55 10.00 13.80 14.24 12.85 12.56 13.43 13.14 15.26 18.32 18.32 20.88 21.68 20.22 16.86 14.53 11.10 9.27 7.30 8.61 5.91 4.96 3.50 1.53 0.22 0.00
13.14 12.48 12.48 12.63 11.46 10.59 11.02 10.73 8.25 6.57 7.01 8.61 7.81 8.61 9.05 11.02 13.51 14.97 14.97 14.82 15.33 15.93 17.99 20.09 19.90 18.00 18.39 17.03 17.69 17.65 17.96 17.74 16.28 13.65 10.07 8.10 5.91 4.96 3.94 2.99 1.61 1.53 0.80 0.80 0.00 0.00 0.00 0.00 0.00 0.00 0.00 0.00 3.58 0.00 0.00 0.00 0.00 3.80 5.26 10.44 15.26 17.81 17.59 14.67 14.53 15.18 18.25 22.85 22.85 23.87 21.68 19.27 17.52 14.89 14.02 14.60 12.12 9.93 8.25 8.61 5.77 2.85 2.63 3.14
12.99 12.12 12.12 12.56 11.02 10.00 10.07 9.27 6.57 2.99 0.73 0.00 0.00 2.41 6.06 9.86 11.39 12.99 12.99 12.77 9.95 9.56 12.79 15.11 17.86 19.05 20.24 22.53 22.18 19.91 19.88 19.64 21.53 21.02 17.37 14.24 11.75 8.10 6.50 2.70 4.53 1.31 0.15 0.15 0.00 0.00 0.00 0.00 0.00 0.00 0.00 0.00 3.14 0.00 0.00 0.00 4.67 5.26 6.72 10.07 16.64 21.32 22.70 23.36 20.66 21.24 22.63 23.36 23.36 23.43 20.08 18.18 16.28 14.38 14.82 15.77 14.53 13.65 11.02 10.51 7.88 6.20 6.86 6.57
12.99 12.12 12.12 12.56 11.02 10.00 10.07 9.27 6.57 2.99 0.73 0.00 0.00 2.41 6.06 9.86 11.39 12.99 13.06 13.18 10.11 10.24 12.47 15.50 17.59 19.05 19.64 20.94 20.72 20.22 20.08 20.46 24.20 22.25 17.82 14.24 11.75 8.10 6.50 2.70 4.53 1.31 0.15 0.15 0.00 0.00 0.00 0.00 0.00 0.00 0.00 0.00 3.14 0.00 0.00 0.00 4.67 5.26 6.72 10.07 16.64 21.32 22.70 23.36 20.66 21.24 22.63 23.36 23.36 23.43 20.08 18.18 16.28 14.38 14.82 15.77 14.53 13.65 11.02 10.51 7.88 6.20 6.86 6.57
11.53 11.46 11.39 10.44 9.93 9.42 9.86 10.80 11.39 10.00 8.32 5.18 2.41 2.99 7.88 11.10 13.36 13.07 13.07 12.34 8.69 6.64 6.38 6.74 7.79 12.09 15.63 19.74 22.92 24.58 23.45 21.11 20.80 21.77 20.32 18.61 15.12 11.97 7.59 2.63 7.01 1.83 0.80 0.80 0.37 0.00 0.00 1.31 2.63 0.00 0.00 0.00 0.00 0.00 0.00 3.58 5.26 6.20 6.94 9.05 14.16 17.89 20.44 24.45 28.98 26.13 23.94 22.48 22.48 21.17 17.89 15.99 15.18 15.26 16.43 17.52 14.97 14.09 13.43 12.78 9.64 8.47 6.64 4.89
8.47 8.83 8.69 7.88 6.72 6.20 6.64 9.13 11.61 11.39 10.88 10.15 8.69 8.91 11.17 13.51 14.75 14.82 14.82 13.79 9.93 5.87 4.45 4.45 4.70 4.59 6.72 10.67 16.46 23.37 28.11 28.11 25.62 24.44 22.43 20.91 19.64 17.46 14.82 4.67 14.09 5.26 0.88 0.88 0.29 0.22 0.15 0.51 2.19 3.14 0.00 0.00 0.00 0.00 0.00 0.00 5.55 6.13 5.40 5.99 8.32 10.37 15.77 23.80 29.20 27.38 28.47 21.24 21.24 20.73 17.89 16.57 16.86 17.30 17.59 17.67 16.64 16.13 14.09 14.38 11.46 9.93 9.86 8.83
6.42 5.62 5.99 6.20 7.66 8.76 9.34 9.71 11.24 10.44 9.86 9.64 9.13 9.27 10.66 11.68 11.24 9.86 9.86 10.29 10.29 8.32 5.69 3.65 0.00 3.72 5.26 7.45 10.66 14.68 20.73 28.47 30.51 30.22 28.20 26.79 24.63 20.22 19.56 21.32 20.95 13.36 5.40 5.40 2.19 1.10 1.10 0.73 0.88 0.37 1.17 0.00 0.00 0.00 0.00 4.82 4.67 4.38 5.18 5.77 5.84 7.08 12.12 20.88 25.26 24.24 26.06 20.59 20.59 19.78 17.52 16.06 15.77 16.21 17.23 18.91 19.56 19.42 18.76 15.33 15.55 15.84 15.55 14.60
4.53 3.87 3.58 5.18 6.79 9.20 11.02 13.58 16.50 16.28 15.33 12.26 10.59 9.71 9.13 9.71 8.69 7.59 7.59 7.74 9.13 9.64 9.71 7.23 4.67 3.21 4.38 5.80 8.76 11.97 13.29 18.25 23.36 28.76 32.12 32.12 30.09 27.54 22.87 26.62 19.42 19.93 14.75 14.75 7.30 3.50 2.26 0.95 1.39 1.75 1.10 0.29 0.00 0.00 0.00 0.00 0.00 4.09 6.42 7.66 6.42 6.94 9.64 15.48 17.74 17.08 16.06 20.22 20.22 15.99 15.04 15.04 17.08 16.64 17.16 20.08 23.00 24.09 23.65 20.59 19.27 16.86 15.48 14.53
2.04 1.61 2.41 3.87 6.86 8.98 10.29 11.75 12.98 13.14 14.02 13.80 11.75 9.34 9.13 7.52 6.06 6.42 6.42 6.42 7.23 9.56 11.24 10.88 8.10 5.33 5.62 7.67 7.59 8.03 9.34 9.64 11.32 19.42 26.06 27.89 26.86 31.03 29.87 31.60 22.16 24.97 22.78 22.78 17.81 12.99 9.93 5.69 3.58 3.14 2.34 1.31 0.00 0.00 0.00 0.00 0.00 3.14 5.62 7.37 8.40 7.23 6.28 6.86 9.13 10.37 12.12 12.48 12.48 14.31 12.41 15.40 17.67 16.28 16.13 19.13 21.90 23.43 23.36 20.95 20.59 18.40 12.99 11.24
0.95 0.00 0.00 0.00 6.50 9.56 10.37 10.66 10.48 9.64 9.78 10.07 9.20 6.64 4.16 3.50 3.43 0.00 0.00 5.69 7.23 7.52 8.25 9.86 9.56 8.54 7.74 9.13 10.60 9.53 7.87 6.75 6.77 7.59 12.05 15.33 19.42 20.94 22.34 28.11 27.73 27.23 27.30 27.30 27.45 25.26 23.29 18.03 11.17 5.11 3.07 0.00 0.00 0.00 0.00 0.00 1.75 0.00 2.04 4.74 7.30 7.59 5.99 5.18 5.84 6.64 6.72 7.74 7.74 9.13 8.61 11.90 11.90 9.64 9.27 11.02 13.14 16.57 18.83 20.73 19.86 18.40 11.97 10.44
0.95 0.00 0.00 0.00 6.50 9.56 10.37 10.66 10.22 9.64 9.78 10.07 9.20 6.64 4.16 3.50 3.43 0.00 0.00 5.69 7.23 7.52 8.25 9.86 9.56 8.54 7.74 9.13 10.44 9.20 7.59 6.72 6.57 7.59 12.11 15.41 19.42 20.84 22.56 28.11 27.45 27.23 27.30 27.30 27.45 25.26 23.29 18.03 11.17 5.11 3.07 0.00 0.00 0.00 0.00 0.00 1.75 0.00 2.04 4.74 7.30 7.59 5.99 5.18 5.84 6.64 6.72 7.74 7.74 9.13 8.61 11.90 11.90 9.64 9.27 11.02 13.14 16.57 18.83 20.73 19.86 18.40 11.97 10.44
4.16 3.80 0.00 0.00 5.91 10.51 12.19 12.45 11.64 10.15 9.78 9.27 7.37 4.96 3.43 2.92 2.56 2.04 2.04 0.00 4.23 5.69 7.45 8.98 9.27 9.13 9.49 10.00 10.95 11.68 10.22 8.10 8.10 7.96 8.98 11.90 13.07 16.64 18.49 19.64 19.93 18.61 21.53 21.53 24.97 27.45 28.54 29.05 26.65 22.19 13.21 4.89 1.61 1.24 0.00 0.00 0.00 0.00 0.00 3.14 6.42 8.61 7.66 5.62 4.82 4.16 3.36 2.92 2.92 3.07 5.40 4.31 4.53 2.26 2.04 4.82 6.57 11.02 15.26 17.37 18.54 17.08 17.30 11.02
