Wansh/Snow_depth/snowdepth-1987/winter/1988047.txt
ncols 321
nrows 161
xllcenter 60
yllcenter 15 
cellsize  0.25 
NODATA_value -1
[rows 0 to 36 of 161, columns 84 to 167 of 321]
18.91 18.83 18.25 17.30 17.16 16.21 15.55 13.21 11.97 12.78 14.38 15.40 15.26 16.06 15.91 15.91 15.55 14.97 14.97 14.38 13.94 13.21 11.39 8.03 5.04 3.07 1.46 1.24 1.68 2.85 7.59 7.15 9.78 11.24 10.80 8.98 8.54 9.20 9.93 9.78 10.51 10.29 10.66 10.66 10.66 10.66 4.67 4.45 5.26 5.62 10.22 10.59 10.73 10.59 9.56 9.42 9.93 9.42 7.96 6.20 4.96 3.29 2.99 2.56 2.04 2.04 2.85 3.65 3.65 4.89 7.01 9.27 11.90 11.68 10.80 11.02 11.10 12.12 13.43 15.18 14.89 13.29 12.12 11.39
17.89 17.23 16.86 15.48 15.11 14.75 14.09 13.72 14.16 15.48 15.11 13.65 12.05 10.80 10.51 10.51 10.95 12.26 12.26 13.29 12.56 12.12 11.17 9.20 7.01 4.82 2.77 2.26 1.83 2.04 5.62 5.91 8.40 9.42 8.03 5.62 4.23 4.09 4.82 5.91 9.34 11.39 7.74 7.74 10.44 8.83 7.23 6.06 4.67 3.87 3.80 4.31 4.45 5.26 6.57 5.69 6.94 7.37 7.52 7.74 7.59 7.52 7.45 7.23 7.23 6.79 6.57 7.59 7.59 8.98 10.15 9.86 11.24 11.68 12.34 13.51 14.38 15.18 15.99 15.91 15.62 15.62 15.04 13.87
16.06 15.70 15.18 14.09 13.94 13.87 14.16 15.04 15.70 15.99 15.84 15.40 13.94 12.41 9.71 7.66 7.30 7.96 7.96 8.47 9.86 10.80 11.90 10.73 8.98 7.88 4.74 2.92 2.48 2.26 4.02 3.72 5.26 9.27 10.44 9.49 9.20 7.15 5.69 4.60 4.09 5.84 12.99 12.99 7.52 9.34 9.71 9.71 8.40 6.13 4.45 3.94 4.02 3.80 4.23 3.29 6.42 7.96 9.56 10.37 11.46 11.68 12.05 11.61 11.46 11.97 12.26 14.09 14.09 14.53 14.45 13.29 12.19 12.26 13.51 15.26 17.45 18.10 17.89 17.81 17.45 17.89 18.83 17.96
16.06 15.70 15.18 14.09 13.94 13.87 14.16 15.04 15.70 15.99 15.84 15.40 13.94 12.41 9.71 7.66 7.30 7.96 7.96 8.47 9.86 10.80 11.90 10.73 8.98 7.88 4.74 2.92 2.48 2.26 4.02 3.72 5.26 9.27 10.44 9.49 9.20 7.15 5.69 4.60 4.09 5.84 12.99 12.99 7.52 9.34 9.71 9.71 8.40 6.13 4.45 3.94 4.02 3.80 4.23 3.29 6.42 7.96 9.56 10.37 11.46 11.68 12.05 11.61 11.46 11.97 12.26 14.09 14.09 14.53 14.45 13.29 12.19 12.26 13.51 15.26 17.45 18.10 17.89 17.81 17.45 17.89 18.83 17.96
16.94 15.62 14.31 13.07 12.92 12.63 12.19 12.12 12.70 13.94 15.62 14.97 13.94 12.56 12.85 11.83 8.47 5.62 5.62 5.62 6.06 7.74 9.71 11.75 11.61 8.83 7.30 5.33 2.26 1.97 2.34 3.07 4.67 7.08 9.93 12.34 12.78 11.90 9.71 6.57 4.09 2.04 8.40 8.40 10.29 3.94 9.05 10.80 12.12 9.64 7.37 5.33 3.58 2.77 2.77 3.80 3.29 5.40 6.86 9.27 10.95 11.46 12.78 13.58 14.31 15.70 17.01 16.86 16.86 15.99 14.89 14.53 14.38 13.80 13.07 13.72 14.89 15.99 16.43 15.91 15.77 16.13 16.94 17.23
17.81 17.81 17.23 15.99 14.97 12.99 10.73 9.78 9.42 9.49 10.00 10.66 11.46 12.41 11.75 10.88 11.90 11.39 11.39 8.76 6.57 5.99 6.13 7.59 9.42 9.64 7.59 6.28 4.31 3.21 2.41 4.74 1.53 5.04 7.08 8.40 7.23 5.99 4.53 3.87 3.36 2.99 3.72 3.72 6.94 3.07 4.53 10.51 13.14 10.51 6.86 4.89 4.16 3.21 3.50 4.23 4.31 3.80 4.02 8.69 10.44 11.97 13.51 15.91 17.30 17.16 16.35 15.62 15.62 14.38 14.24 15.33 15.55 15.40 14.53 13.65 11.39 11.32 10.88 11.46 13.07 15.55 16.86 17.52
18.54 17.52 16.21 14.97 14.09 13.72 12.85 10.66 8.91 8.69 7.37 6.42 7.23 9.78 10.73 9.93 9.78 10.15 10.15 11.02 11.75 10.66 8.03 6.79 6.13 5.84 5.33 4.53 4.53 3.94 3.72 4.02 4.31 5.84 6.79 7.08 5.91 3.50 2.85 2.12 3.94 4.45 5.26 5.26 8.61 7.30 6.50 7.81 10.59 8.40 5.69 3.94 3.43 3.29 4.02 5.18 6.64 8.25 7.23 8.47 12.26 13.58 15.33 17.59 17.52 17.59 17.37 17.08 17.08 16.50 15.70 16.13 16.72 16.79 16.50 14.82 13.80 12.19 11.68 11.32 11.61 13.43 15.18 16.57
18.54 17.52 16.21 14.97 14.09 13.72 12.85 10.66 8.91 8.69 7.37 6.42 7.23 9.78 10.73 9.93 9.78 10.15 10.15 11.02 11.75 10.66 8.03 6.79 6.13 5.84 5.33 4.53 4.53 3.94 3.72 4.02 4.31 5.84 6.79 7.08 5.91 3.50 2.85 2.12 3.94 4.45 5.26 5.26 8.61 7.30 6.50 7.81 10.59 8.40 5.69 3.94 3.43 3.29 4.02 5.18 6.64 8.25 7.23 8.47 12.26 13.58 15.33 17.59 17.52 17.59 17.37 17.08 17.08 16.50 15.70 16.13 16.72 16.79 16.50 14.82 13.80 12.19 11.68 11.32 11.61 13.43 15.18 16.57
15.55 14.75 13.29 13.14 12.05 9.64 8.25 8.32 8.18 8.25 7.66 6.94 5.91 7.23 9.64 11.39 12.56 11.97 11.97 11.75 12.56 13.07 11.32 8.32 6.57 6.20 5.55 5.04 4.89 4.60 4.16 4.96 5.33 7.52 8.69 8.61 7.45 6.50 4.02 3.80 4.09 4.53 6.28 6.28 6.64 8.91 8.54 8.32 8.61 5.84 5.48 5.26 6.42 6.57 7.15 7.45 7.88 9.27 10.51 9.64 10.88 12.92 14.53 14.67 14.89 16.43 17.08 16.13 16.13 16.13 16.35 16.64 16.86 16.57 16.64 16.28 15.77 17.01 17.16 15.99 13.51 12.41 11.75 12.85
12.26 11.53 9.93 9.64 10.22 9.93 7.96 7.15 5.91 6.50 7.74 8.54 8.47 8.18 10.95 13.43 15.91 17.74 17.74 16.06 15.70 12.99 10.51 9.34 7.37 5.77 5.40 4.82 4.31 4.67 5.04 5.18 6.72 7.01 8.47 10.44 10.07 8.61 7.23 5.69 5.04 4.82 4.96 4.96 5.77 5.84 6.50 6.86 6.86 5.69 9.27 10.15 11.24 11.53 11.61 11.75 11.32 12.12 12.12 11.75 11.39 12.85 13.29 13.14 13.72 15.04 16.43 16.50 16.50 17.52 18.25 17.23 17.30 17.37 17.01 17.37 20.00 21.46 21.90 19.20 17.52 14.38 11.90 10.66
10.29 10.00 9.64 8.54 7.74 6.94 6.42 6.57 6.72 6.72 7.15 7.23 9.13 11.53 14.31 16.50 18.40 19.13 19.13 18.76 16.72 14.82 11.10 8.69 7.08 5.84 5.18 4.82 4.74 3.58 3.58 4.09 6.28 5.48 6.57 8.76 8.98 8.98 9.42 8.40 8.10 8.32 8.54 8.54 7.96 6.86 8.76 9.49 11.46 9.71 9.71 12.26 14.09 14.16 13.29 12.70 13.72 15.33 15.84 14.89 13.80 13.21 13.21 13.94 13.80 15.48 17.37 18.76 18.76 20.44 20.66 19.64 18.69 19.27 21.02 22.19 24.02 25.26 25.04 22.19 18.03 15.11 13.80 13.14
10.29 10.00 9.64 8.54 7.74 6.94 6.42 6.57 6.72 6.72 7.15 7.23 9.13 11.53 14.31 16.50 18.40 19.13 19.13 18.76 16.72 14.82 11.10 8.69 7.08 5.84 5.18 4.82 4.74 3.58 3.58 4.09 6.28 5.48 6.57 8.76 8.98 8.98 9.42 8.40 8.10 8.32 8.54 8.54 7.96 6.86 8.76 9.49 11.46 9.71 9.71 12.26 14.09 14.16 13.29 12.70 13.72 15.33 15.84 14.89 13.80 13.21 13.21 13.94 13.80 15.48 17.37 18.76 18.76 20.44 20.66 19.64 18.69 19.27 21.02 22.19 24.02 25.26 25.04 22.19 18.03 15.11 13.80 13.14
9.86 9.93 8.83 7.96 6.86 5.62 5.26 5.04 4.89 5.40 7.01 9.42 10.07 11.97 14.02 16.57 18.47 18.54 18.54 17.59 16.50 14.02 12.41 10.37 8.25 6.42 5.99 6.06 5.77 5.26 5.77 6.86 7.52 8.18 8.91 10.51 11.97 12.05 12.56 11.83 11.39 11.61 11.17 11.17 10.80 9.49 11.75 13.14 14.75 14.45 12.78 13.29 15.77 13.94 13.36 13.94 15.77 18.03 18.91 17.52 15.70 14.97 16.43 14.97 15.84 16.43 16.35 17.23 17.23 18.98 20.08 21.02 20.66 20.88 23.51 25.19 27.89 27.30 25.33 22.70 19.56 17.52 15.70 15.48
11.24 10.15 7.88 6.64 5.84 5.40 5.18 6.13 8.61 9.13 9.71 9.78 13.51 15.70 17.96 18.03 17.89 18.03 18.03 15.62 15.04 13.58 11.17 9.93 8.25 7.23 6.42 6.86 8.32 9.42 10.80 12.05 13.80 11.53 15.40 15.62 14.60 14.67 14.45 14.02 13.29 13.43 13.21 13.21 13.58 13.51 14.02 16.21 16.64 15.70 15.04 15.26 14.60 11.68 13.07 14.02 16.64 19.35 19.20 16.50 14.89 14.97 16.13 15.99 17.67 17.59 17.08 17.67 17.67 18.47 20.22 21.24 21.61 21.83 22.12 22.34 22.34 21.02 18.61 16.13 18.18 17.81 15.77 15.33
10.15 9.64 8.18 7.81 7.37 6.13 5.77 6.57 8.32 9.93 11.32 11.75 11.83 13.80 16.06 16.72 16.64 17.01 17.01 15.48 13.58 12.92 11.97 12.05 10.95 9.34 10.07 11.39 12.70 15.26 17.08 17.37 17.01 15.33 18.61 13.94 13.07 12.48 12.70 14.31 15.70 16.64 16.57 16.57 16.35 17.08 17.23 16.64 16.13 16.13 16.57 16.57 14.82 15.40 15.91 18.32 21.68 23.00 19.56 14.67 11.61 11.32 12.26 13.87 14.97 15.40 17.08 17.67 17.67 17.89 19.05 19.93 20.37 18.98 17.81 17.74 18.98 13.72 5.26 6.79 14.24 18.98 17.89 18.03
10.22 9.13 8.47 8.69 8.40 6.50 5.33 6.20 6.20 6.50 7.74 10.07 11.24 12.78 13.65 14.60 16.13 16.35 16.35 16.21 15.26 13.29 12.85 12.26 12.92 12.85 12.63 11.97 13.72 16.28 17.96 19.05 18.10 15.48 17.23 12.99 11.75 12.19 13.72 16.06 18.10 18.18 17.96 17.96 16.72 15.18 16.13 14.31 14.89 16.35 17.67 17.96 16.72 15.91 18.61 21.02 22.19 19.78 15.48 12.19 11.10 11.68 12.78 12.92 13.72 12.34 17.16 18.69 18.69 19.20 19.78 19.56 17.30 16.43 17.74 21.83 20.88 12.85 0.00 0.00 15.11 16.64 15.48 16.21
10.22 9.13 8.47 8.69 8.40 6.50 5.33 6.20 6.20 6.50 7.74 10.07 11.24 12.78 13.65 14.60 16.13 16.35 16.35 16.21 15.26 13.29 12.85 12.26 12.92 12.85 12.63 11.97 13.72 16.28 17.96 19.05 18.10 15.48 17.23 12.99 11.75 12.19 13.72 16.06 18.10 18.18 17.96 17.96 16.72 15.18 16.13 14.31 14.89 16.35 17.67 17.96 16.72 15.91 18.61 21.02 22.19 19.78 15.48 12.19 11.10 11.68 12.78 12.92 13.72 12.34 17.16 18.69 18.69 19.20 19.78 19.56 17.30 16.43 17.74 21.83 20.88 12.85 0.00 0.00 15.11 16.64 15.48 16.21
10.51 10.15 10.29 10.07 10.00 8.32 6.64 4.82 4.60 5.11 6.13 7.45 10.37 12.12 13.43 14.97 15.55 15.33 15.33 14.38 13.43 12.56 12.41 11.83 13.07 13.72 16.13 15.99 15.11 16.43 17.16 17.96 19.86 17.23 13.14 12.12 12.05 12.12 13.51 15.04 15.18 14.53 13.51 13.51 13.58 12.85 13.80 13.80 15.55 16.50 15.70 15.18 14.24 14.16 15.40 16.06 16.06 15.48 13.87 13.94 15.55 16.64 17.08 16.79 16.21 17.37 14.60 19.35 19.35 20.51 21.61 20.44 19.64 19.64 21.75 22.85 20.00 10.44 5.69 8.03 11.68 11.02 8.98 10.80
11.97 11.83 12.19 12.19 11.90 11.17 8.54 6.28 5.26 5.62 7.30 7.66 8.76 12.34 14.60 15.26 15.99 16.94 16.94 16.57 15.40 12.48 11.17 11.83 14.31 15.62 16.57 18.25 18.76 18.40 20.29 21.10 20.44 19.78 14.02 12.63 10.15 8.47 7.45 8.98 9.78 10.00 11.61 11.61 13.65 15.26 16.94 14.82 18.10 17.16 14.75 14.24 14.16 13.94 13.51 12.63 12.92 13.43 14.60 16.13 20.29 23.00 22.85 21.10 20.15 20.00 20.22 19.71 19.71 25.11 25.11 22.92 20.66 20.15 19.13 18.69 16.43 13.87 11.02 9.64 8.91 8.54 8.91 9.05
12.05 11.75 11.68 11.46 11.75 12.48 11.97 10.29 8.03 7.74 7.59 7.96 8.32 8.54 8.83 10.07 12.70 14.82 14.82 16.35 16.57 15.77 14.31 13.80 14.02 15.11 16.72 15.70 14.97 13.29 13.36 15.77 16.06 15.26 14.60 10.88 7.23 5.91 5.18 4.53 5.99 9.78 12.26 12.26 14.75 18.40 19.05 18.10 17.96 16.64 18.18 19.71 20.66 18.98 15.04 13.87 14.09 12.34 13.58 17.16 20.59 24.75 24.89 24.16 23.58 22.78 23.29 20.88 20.88 24.02 20.37 15.40 12.41 12.19 11.83 12.48 14.09 15.11 13.58 11.10 9.49 9.20 9.13 9.56
11.24 11.39 12.05 11.97 11.97 12.99 14.89 15.55 15.77 14.02 13.58 12.78 13.21 11.83 10.22 8.98 8.40 9.78 9.78 11.90 13.51 14.24 13.80 14.60 15.55 17.01 16.72 15.04 11.61 9.56 8.25 8.69 11.53 12.56 10.51 7.01 3.72 0.00 4.96 7.08 7.23 6.79 9.86 9.86 12.99 15.40 18.18 19.27 15.04 17.52 19.86 23.29 23.87 23.14 21.24 19.42 16.50 16.06 13.29 13.80 15.40 18.54 20.88 22.85 24.09 24.45 25.11 24.97 24.97 23.58 22.85 8.25 5.91 5.55 6.57 7.01 7.52 8.25 8.69 8.54 7.59 8.18 8.91 7.96
10.66 10.95 10.80 11.75 11.46 11.17 12.78 15.70 17.89 18.98 20.15 20.37 20.88 21.10 20.44 16.35 14.16 12.92 12.92 13.29 13.80 14.09 15.77 17.16 19.13 21.32 22.56 20.95 18.69 14.45 10.44 9.27 8.32 8.54 6.94 4.38 1.90 1.10 2.04 6.42 8.83 7.66 4.23 4.23 3.87 4.67 6.79 7.23 16.94 9.64 10.88 14.82 16.35 17.23 18.47 19.71 19.64 19.05 12.56 11.02 12.78 14.31 15.62 18.54 21.10 22.92 22.63 21.75 21.75 18.40 19.64 10.29 6.86 5.69 4.09 3.87 4.16 5.40 5.99 5.26 4.96 5.62 5.55 5.04
10.66 10.95 10.80 11.75 11.46 11.17 12.78 15.70 17.89 18.98 20.15 20.37 20.88 21.10 20.44 16.35 14.16 12.92 12.92 13.29 13.80 14.09 15.77 17.16 19.13 21.32 22.56 20.95 18.69 14.45 10.44 9.27 8.32 8.54 6.94 4.38 1.90 1.10 2.04 6.42 8.83 7.66 4.23 4.23 3.87 4.67 6.79 7.23 16.94 9.64 10.88 14.82 16.35 17.23 18.47 19.71 19.64 19.05 12.56 11.02 12.78 14.31 15.62 18.54 21.10 22.92 22.63 21.75 21.75 18.40 19.64 10.29 6.86 5.69 4.09 3.87 4.16 5.40 5.99 5.26 4.96 5.62 5.55 5.04
10.22 10.29 10.37 11.32 11.53 10.73 12.70 15.70 18.10 19.05 19.42 19.78 19.93 22.12 23.07 21.83 20.08 18.69 18.69 17.30 17.45 17.81 18.03 17.08 18.69 20.15 20.29 20.44 19.35 16.13 12.26 9.49 6.57 4.53 3.65 3.21 0.00 0.00 1.61 2.41 3.87 4.60 3.65 3.65 0.00 0.00 0.00 0.00 5.40 2.63 3.87 5.55 6.94 9.93 12.34 13.21 13.72 10.29 14.24 9.49 12.48 13.72 14.31 17.23 21.10 22.48 20.66 18.54 18.54 18.18 19.27 17.89 15.62 11.53 8.98 7.52 5.55 5.11 4.89 3.65 2.85 2.85 3.14 2.70
10.80 11.17 11.90 12.34 12.70 13.29 13.87 15.84 18.32 19.35 20.08 19.42 17.45 16.28 16.86 17.08 17.16 17.23 17.23 18.54 19.35 19.71 20.08 19.74 17.24 18.15 17.25 17.45 18.10 16.79 13.72 9.78 6.13 3.21 1.24 1.83 1.97 1.97 2.70 3.21 3.58 3.21 2.70 2.70 0.00 0.00 0.00 0.00 0.00 0.00 1.61 3.21 5.11 6.64 6.64 6.94 6.28 5.69 7.08 6.94 13.21 14.67 14.53 16.35 18.61 18.47 17.81 17.74 17.74 20.00 22.56 23.43 22.56 15.26 11.90 9.20 5.91 5.77 4.02 2.92 3.50 2.77 2.04 1.75
12.92 13.14 13.80 13.58 14.24 15.04 15.55 15.84 16.06 16.50 17.81 16.86 15.62 14.09 13.80 15.33 17.08 18.40 18.40 18.83 19.49 20.73 22.12 23.17 23.41 18.92 18.19 18.21 18.61 18.69 17.59 14.97 10.73 6.94 4.09 3.07 2.63 3.94 2.63 2.85 2.92 2.77 2.12 2.12 0.00 0.00 0.00 0.00 0.00 0.00 2.04 2.85 3.87 5.11 5.55 5.11 4.89 4.82 6.42 12.12 10.37 16.35 15.11 14.45 15.04 15.11 16.50 19.42 19.42 22.70 22.92 21.90 22.63 19.64 12.41 10.22 10.59 8.47 7.37 6.64 5.26 3.14 1.02 1.75
13.65 13.80 14.82 14.53 13.58 13.14 12.99 12.63 10.80 8.03 8.25 10.00 9.27 9.56 9.86 12.56 15.91 16.79 16.79 15.91 16.43 18.38 21.75 22.20 20.50 20.12 20.39 18.36 18.89 18.70 18.10 18.47 16.06 15.33 10.95 7.74 4.67 5.55 4.67 3.21 2.48 2.04 0.58 0.58 0.00 0.00 0.00 0.00 0.00 4.31 0.00 2.85 3.21 4.38 4.96 4.53 4.60 5.33 6.94 12.05 11.53 14.67 17.59 19.20 18.98 16.43 18.54 24.60 24.60 25.84 23.80 21.24 18.69 18.98 15.26 15.77 14.89 11.17 9.42 8.83 7.15 4.53 3.87 4.60
12.92 12.78 13.29 14.24 13.72 12.99 12.19 11.32 9.13 4.60 2.04 1.46 1.83 5.99 8.91 10.66 13.43 14.53 14.53 14.14 11.36 11.49 13.55 16.72 19.42 20.66 23.10 25.23 22.89 21.16 20.54 21.02 21.53 19.56 18.40 15.48 7.59 9.20 6.64 4.60 2.99 2.63 1.83 1.83 0.00 0.00 0.00 0.00 0.00 3.07 0.00 0.00 0.00 0.00 0.00 4.45 4.74 5.77 7.74 12.70 18.47 18.25 24.45 25.55 24.75 22.70 23.94 26.13 26.13 25.04 22.78 19.49 17.81 16.13 16.21 17.45 16.06 12.70 11.97 12.63 8.83 7.30 7.15 6.79
12.92 12.78 13.29 14.24 13.72 12.99 12.19 11.32 9.13 4.60 2.04 1.46 1.83 5.99 8.91 10.66 13.43 14.53 14.60 14.60 11.53 12.30 13.21 17.15 19.13 20.66 22.41 23.45 21.38 21.49 20.75 21.90 24.20 20.70 18.87 15.48 7.59 9.20 6.64 4.60 2.99 2.63 1.83 1.83 0.00 0.00 0.00 0.00 0.00 3.07 0.00 0.00 0.00 0.00 0.00 4.45 4.74 5.77 7.74 12.70 18.47 18.25 24.45 25.55 24.75 22.70 23.94 26.13 26.13 25.04 22.78 19.49 17.81 16.13 16.21 17.45 16.06 12.70 11.97 12.63 8.83 7.30 7.15 6.79
12.34 11.75 11.61 10.95 11.02 11.24 12.19 13.29 13.87 13.21 10.22 7.15 4.67 5.48 10.73 15.62 16.64 14.97 14.97 13.21 10.22 7.52 5.94 7.11 9.96 14.38 17.18 21.28 25.48 25.75 23.67 21.18 23.09 23.74 21.22 19.44 9.95 13.51 9.42 6.06 4.38 3.21 3.72 3.72 2.34 0.15 1.02 0.00 0.00 0.00 0.00 0.00 0.00 0.00 0.00 3.80 5.11 6.72 7.52 11.10 14.97 19.05 21.24 26.13 29.42 27.81 24.82 23.21 23.21 22.41 20.08 17.89 17.01 16.79 18.54 16.79 16.79 15.40 15.77 14.75 10.66 8.54 7.08 6.06
10.29 9.27 8.91 8.69 8.76 8.91 8.91 10.22 13.80 14.31 13.14 12.12 11.68 11.46 12.41 16.06 17.89 16.64 16.64 13.87 10.22 7.19 4.53 3.58 4.40 5.48 7.66 11.27 18.25 25.00 30.15 29.71 26.57 25.33 25.77 23.36 20.68 17.46 15.33 13.58 10.15 5.84 3.29 3.29 2.48 1.75 1.17 1.61 2.70 3.80 0.00 2.85 0.00 0.00 0.00 4.31 5.33 6.13 6.35 7.37 8.98 12.05 16.64 17.67 30.44 28.32 24.09 22.63 22.63 22.56 19.71 18.47 18.40 18.32 18.54 19.64 17.30 16.43 16.35 14.31 12.56 11.83 11.53 8.98
8.54 7.66 7.52 8.03 8.98 9.78 10.95 13.07 14.38 13.29 11.24 10.44 9.93 9.86 11.32 12.70 12.99 11.53 11.53 11.39 9.78 7.59 5.33 4.67 3.87 4.45 6.42 8.70 13.06 17.21 23.80 30.66 32.34 31.97 31.43 27.77 26.23 21.83 21.53 22.27 20.66 13.14 8.10 8.10 3.36 2.26 2.12 1.46 2.04 2.34 3.36 2.92 2.56 3.29 2.92 3.87 4.09 5.04 6.64 7.23 6.94 7.81 13.80 14.45 25.77 24.75 22.34 22.41 22.41 20.51 18.47 17.23 16.50 17.16 18.76 19.71 18.91 19.64 18.98 18.25 17.30 16.79 16.50 15.70
6.35 5.69 5.11 7.23 9.49 11.39 13.58 15.91 18.10 18.54 16.35 13.29 12.26 11.46 10.73 9.64 8.54 7.23 7.23 7.59 9.42 11.10 10.66 8.98 6.13 4.45 5.77 8.36 10.00 12.12 16.35 20.66 25.77 31.54 33.80 34.31 32.76 21.79 27.78 24.92 23.36 19.35 13.51 13.51 7.23 4.23 3.36 3.14 2.26 2.63 2.04 2.04 1.97 0.00 0.00 0.00 3.50 4.67 7.23 7.88 7.66 7.30 10.51 14.82 19.05 17.59 17.89 18.10 18.10 17.08 15.91 15.99 17.45 17.37 17.89 20.66 23.43 21.68 24.75 21.61 19.49 18.76 16.72 15.55
1.83 1.97 3.36 6.35 9.13 10.80 12.12 13.72 14.31 14.60 16.57 16.13 13.36 9.56 7.96 6.28 5.26 6.50 6.50 7.37 8.18 10.29 12.99 12.70 9.34 7.01 6.79 7.67 9.13 9.93 11.24 13.14 15.70 19.78 25.33 30.15 33.65 34.75 32.09 30.32 28.69 26.06 23.51 23.51 17.01 12.48 8.25 6.57 4.31 3.80 2.70 3.21 1.83 3.21 0.00 2.48 2.77 3.87 6.06 7.66 9.86 8.83 7.01 6.86 7.88 12.48 12.78 13.87 13.87 12.05 12.85 15.62 17.67 16.50 16.28 19.27 21.75 23.36 24.09 20.88 18.91 16.72 14.38 12.48
2.34 2.12 1.97 4.09 7.59 12.78 13.29 12.41 11.23 10.00 10.44 10.95 9.34 7.01 4.38 2.92 0.00 2.56 2.56 4.82 7.96 9.05 11.02 13.21 12.41 11.17 9.78 9.78 10.45 10.52 10.36 9.39 9.11 9.86 12.99 18.25 21.90 28.46 31.39 29.86 29.35 29.35 29.71 29.71 28.18 26.57 23.00 17.96 13.80 7.96 4.67 3.65 2.70 2.70 0.00 0.00 0.00 0.00 3.29 4.96 8.98 9.05 6.79 5.04 5.84 6.35 7.74 8.03 8.03 6.79 9.13 10.66 11.24 9.93 9.78 12.12 14.45 16.79 20.44 19.27 19.71 17.01 14.67 10.95
2.34 2.12 1.97 4.09 7.59 12.78 13.29 12.41 10.95 10.00 10.44 10.95 9.34 7.01 4.38 2.92 0.00 2.57 2.56 4.82 7.96 9.05 11.02 13.21 12.41 11.17 9.78 9.78 10.29 10.15 10.00 9.34 8.83 9.86 13.06 18.34 21.90 28.32 31.71 29.86 29.05 29.35 29.71 29.71 28.18 26.57 23.00 17.96 13.80 7.96 4.67 3.65 2.70 2.70 0.00 0.00 0.00 0.00 3.29 4.96 8.98 9.05 6.79 5.04 5.84 6.35 7.74 8.03 8.03 6.79 9.13 10.66 11.24 9.93 9.78 12.12 14.45 16.79 20.44 19.27 19.71 17.01 14.67 10.95
5.48 6.13 4.38 0.00 5.04 10.37 14.31 15.12 13.19 11.02 10.15 9.64 7.81 4.89 2.63 0.00 0.00 2.34 2.34 3.36 6.06 7.81 9.42 10.66 11.46 11.17 11.68 12.12 13.14 13.21 12.26 11.10 9.78 10.80 10.88 12.34 15.26 19.42 29.57 21.61 22.27 22.05 24.82 24.82 28.11 29.27 30.08 29.05 27.23 21.10 11.10 2.77 7.96 3.43 1.75 0.00 0.00 0.00 0.00 3.94 6.79 9.13 7.52 5.55 4.82 4.67 5.91 3.36 3.36 3.80 4.02 3.72 3.14 2.41 2.70 4.96 6.57 11.97 16.35 15.77 18.61 15.99 14.45 11.90
