Wansh/Snow_depth/snowdepth-1987/winter/1988051.txt
ncols 321
nrows 161
xllcenter 60
yllcenter 15 
cellsize  0.25 
NODATA_value -1
[rows 74 to 110 of 161, columns 84 to 167 of 321]
0.00 0.00 0.00 0.00 0.44 0.00 0.88 0.66 0.73 0.58 0.44 1.46 2.48 0.00 0.00 0.00 0.00 0.00 0.00 0.00 0.00 0.00 0.00 0.00 0.00 0.00 0.00 0.00 0.00 0.00 0.00 0.00 0.00 0.00 0.00 0.00 0.00 0.00 0.00 0.00 0.00 1.31 1.02 1.02 1.24 0.29 0.29 0.58 0.00 0.00 0.80 0.51 1.31 1.61 1.86 1.53 1.61 2.19 2.26 1.90 1.02 1.17 0.95 0.00 0.00 0.00 0.00 0.00 0.00 4.62 7.63 6.28 2.56 0.00 0.00 0.00 0.00 0.00 0.00 0.00 0.00 0.00 0.00 0.00
0.22 0.37 0.15 0.00 0.44 0.88 1.61 1.53 0.00 1.46 0.00 0.00 0.00 1.90 1.61 1.90 1.90 1.24 1.24 2.19 1.75 1.39 0.00 0.00 0.00 0.00 0.00 0.00 0.00 0.00 0.00 0.00 0.00 0.00 0.00 0.00 0.00 0.00 0.00 0.00 0.00 0.00 0.00 0.00 0.37 0.00 0.00 0.44 0.00 0.00 0.00 0.51 0.88 1.10 1.17 1.17 1.46 1.39 1.02 0.66 1.17 1.24 0.51 0.73 0.37 0.07 0.22 1.39 1.39 3.67 8.47 8.40 3.94 0.00 0.00 0.00 0.00 0.00 0.00 0.00 0.00 0.00 0.00 0.00
0.00 0.95 1.68 1.68 1.75 1.97 2.92 0.00 2.77 2.92 2.70 2.63 3.29 3.07 2.77 2.85 2.70 2.04 2.04 1.83 0.00 0.00 0.00 0.00 0.00 0.00 0.00 0.00 0.00 0.00 0.00 0.00 0.00 0.00 0.00 0.00 0.00 0.00 0.00 0.00 0.00 0.00 0.00 0.00 1.31 0.51 1.31 0.00 0.00 0.00 0.00 1.61 1.02 1.31 1.53 0.80 1.02 1.24 0.07 0.07 1.10 0.37 0.15 0.66 0.44 0.81 0.44 1.10 1.10 2.41 4.67 4.96 3.29 0.37 0.00 0.00 0.00 0.00 0.00 0.00 0.00 0.00 0.00 0.00
0.88 1.83 1.53 1.02 0.95 2.12 0.00 3.58 3.94 3.72 3.21 3.65 4.16 4.53 3.80 4.02 3.58 2.56 2.56 2.34 0.00 1.68 0.00 0.00 0.00 0.00 0.00 0.00 0.00 0.00 0.00 0.00 0.00 0.00 0.00 0.00 0.00 0.00 0.00 0.00 0.00 0.00 0.00 0.00 0.00 0.00 0.00 0.00 0.00 0.00 0.00 0.00 0.00 1.61 1.31 1.46 1.39 1.31 1.02 0.58 1.39 1.61 1.31 1.02 0.07 0.15 0.00 0.00 0.00 1.02 1.46 1.75 1.75 1.10 0.00 0.00 0.00 0.00 0.00 0.00 0.00 0.00 0.00 0.00
2.26 3.29 2.34 2.04 1.90 2.12 2.48 3.87 4.60 4.02 3.94 3.36 4.16 4.02 3.94 3.72 3.80 2.56 2.56 2.77 2.63 2.99 2.70 0.00 0.00 0.00 0.00 0.00 0.00 0.00 0.00 0.00 0.00 0.00 0.00 0.00 0.00 0.00 0.00 0.00 0.00 0.00 0.00 0.00 0.00 0.00 0.00 0.00 0.00 0.00 0.00 0.00 0.00 1.31 1.39 1.83 1.31 1.24 1.31 0.95 1.97 1.61 1.61 0.73 0.00 0.00 0.00 0.00 0.00 0.00 0.00 0.00 0.80 0.95 0.00 0.00 0.00 0.00 0.00 0.00 0.00 0.00 0.00 0.00
2.77 0.00 2.56 1.90 0.00 0.00 3.14 3.94 4.23 3.07 4.60 2.99 3.65 3.87 3.58 3.50 3.58 3.21 3.21 0.00 2.99 2.92 2.56 0.00 0.00 0.00 0.00 0.00 0.00 0.00 0.00 0.00 0.00 0.00 0.00 0.00 0.00 0.00 0.00 0.00 0.00 0.00 0.00 0.00 0.00 0.00 0.00 0.00 0.00 0.00 0.00 0.00 0.00 0.00 0.00 0.73 0.95 1.10 1.02 1.31 1.61 1.83 1.68 0.00 0.00 0.00 0.00 0.00 0.00 0.00 0.00 0.00 2.04 1.02 0.73 0.00 0.00 0.00 0.00 0.00 0.00 0.00 0.00 0.00
0.00 0.00 0.00 0.00 0.00 2.70 2.92 3.58 3.50 2.77 4.02 3.80 3.65 2.99 3.07 3.58 3.07 3.36 3.36 2.77 0.00 0.00 2.48 0.00 0.00 0.00 0.00 0.00 0.00 0.00 0.00 0.00 0.00 0.00 0.00 0.00 0.00 0.00 0.00 0.00 0.00 0.00 0.00 0.00 0.00 0.00 0.00 0.00 0.00 0.00 0.00 0.00 0.00 0.00 0.00 0.80 1.02 1.02 0.95 1.39 1.31 1.68 1.31 0.44 0.00 0.00 0.00 0.00 0.00 0.00 0.00 0.22 3.36 3.72 2.63 0.59 0.00 0.00 0.00 0.00 0.00 0.00 0.00 0.00
0.00 0.00 0.00 0.00 0.00 0.00 2.41 2.48 2.92 3.07 3.43 4.16 4.45 3.58 3.36 3.80 2.92 3.07 3.07 0.00 0.00 0.00 0.00 0.00 0.00 0.00 0.00 0.00 0.00 0.00 0.00 0.00 0.00 0.00 0.00 0.00 0.00 0.00 0.00 0.00 0.00 0.00 0.00 0.00 0.00 0.00 0.00 0.00 0.00 0.00 0.00 0.00 0.00 0.00 0.66 0.00 0.07 0.66 0.88 2.04 2.26 1.90 1.68 2.04 0.00 0.00 0.00 0.22 0.22 0.22 0.00 0.66 1.39 2.92 2.92 0.59 0.00 0.00 0.00 0.00 0.00 0.00 0.00 0.00
0.00 1.97 2.56 0.00 0.00 0.00 0.00 2.56 2.63 0.00 0.00 4.82 4.45 3.72 3.87 4.31 3.43 2.85 2.85 0.00 0.00 0.00 0.00 0.00 0.00 0.00 0.00 0.00 0.00 0.00 0.00 0.00 0.00 0.00 0.00 0.00 0.00 0.00 0.00 0.00 0.00 0.00 0.00 0.00 0.00 0.00 0.00 0.00 0.00 0.00 0.00 0.00 0.00 0.15 0.66 1.10 0.37 1.39 1.46 1.97 2.56 2.19 1.75 2.04 1.39 1.31 0.58 0.58 0.58 0.88 1.17 0.58 0.00 1.39 1.31 0.37 0.00 0.00 0.00 0.00 0.00 0.00 0.00 0.00
1.83 2.04 2.85 2.99 3.21 0.00 0.00 0.00 0.00 3.50 3.14 2.92 3.87 3.87 4.16 4.16 0.00 0.00 0.00 0.00 0.00 0.00 0.00 0.00 0.00 0.00 0.00 0.00 0.00 0.00 0.00 0.00 0.00 0.00 0.00 0.00 0.00 0.00 2.77 0.00 0.00 0.00 0.00 0.00 0.00 0.00 0.00 0.00 0.00 0.00 0.00 0.29 0.80 2.19 2.99 2.48 2.70 2.77 2.56 2.70 2.85 2.85 2.48 2.63 2.26 1.31 1.39 0.51 0.51 0.95 1.10 0.44 0.00 0.00 0.07 0.29 0.22 0.15 0.00 0.00 0.00 0.66 0.00 0.00
0.00 2.19 2.77 2.99 3.58 0.00 0.00 0.00 3.72 3.43 3.07 0.00 0.00 4.02 3.94 4.31 4.31 4.02 4.02 3.65 3.87 4.09 0.00 0.00 3.29 0.00 0.00 0.00 0.00 0.00 0.00 0.00 0.00 0.00 0.00 0.00 0.00 0.00 0.00 0.00 0.00 1.02 0.95 0.95 0.00 0.00 0.00 0.00 0.00 0.00 0.00 0.00 2.04 5.40 7.74 7.15 5.69 4.02 3.94 3.58 3.58 4.09 3.21 3.07 2.26 1.90 2.41 0.58 0.58 1.24 1.31 0.95 0.51 0.00 0.00 0.00 0.00 0.00 0.22 0.15 0.80 0.80 0.00 0.00
2.04 2.56 2.48 2.19 0.00 0.00 0.00 4.31 3.80 3.94 3.94 4.02 4.67 2.99 3.29 3.72 3.80 4.45 4.45 4.74 4.82 4.16 4.31 0.00 0.00 0.00 0.00 0.00 2.19 0.00 0.00 2.63 0.00 0.00 0.00 0.00 0.00 0.00 0.00 0.00 0.00 1.10 1.31 1.31 1.46 0.00 1.10 0.58 1.02 0.51 0.00 1.10 3.07 7.37 9.13 9.93 9.56 8.32 7.37 4.74 3.37 2.98 2.56 2.34 1.97 1.68 2.04 1.02 1.02 1.53 1.83 2.48 2.12 1.02 0.00 0.00 0.00 0.00 0.73 0.58 0.51 0.00 0.00 0.00
2.12 1.75 2.48 2.99 3.72 4.31 4.45 3.50 4.02 5.18 4.31 5.84 7.81 5.55 6.72 6.06 5.77 5.91 5.91 5.91 5.62 4.89 5.26 4.09 0.00 0.00 0.00 3.50 0.00 3.43 3.07 0.00 0.00 0.00 0.00 0.00 0.00 0.00 0.00 4.60 5.26 2.92 1.24 1.24 0.73 1.17 1.10 0.88 0.00 0.00 1.02 0.00 0.80 1.10 1.75 4.38 5.99 9.05 8.10 5.11 2.48 1.10 1.12 1.24 1.31 2.04 1.83 0.73 0.73 0.95 1.24 2.92 3.50 3.21 2.12 1.24 1.46 1.46 1.17 1.46 1.39 0.80 0.00 0.00
1.75 1.97 2.56 2.92 3.94 3.80 3.14 2.77 3.58 6.06 6.79 7.01 8.91 10.07 10.66 8.76 7.23 8.61 8.61 9.78 9.34 7.52 7.08 4.53 2.56 2.56 2.41 3.65 3.43 3.07 0.00 0.00 0.00 0.00 0.00 0.00 0.00 0.00 0.00 1.75 2.04 1.83 0.95 0.95 1.17 2.12 1.97 1.17 0.73 0.44 0.00 0.29 0.00 0.07 0.95 1.53 2.63 5.11 5.69 4.31 2.34 1.83 1.53 2.12 2.89 3.94 4.23 3.21 3.21 2.19 1.68 2.77 4.02 4.31 3.43 2.56 2.77 2.12 1.90 0.51 0.88 1.24 0.00 0.00
2.56 2.19 0.00 0.00 3.72 4.16 0.00 0.00 2.63 5.18 5.69 5.55 7.59 8.91 10.37 9.34 8.61 9.93 9.93 10.15 8.98 7.88 6.79 3.80 3.36 3.94 5.62 4.89 0.00 0.00 0.00 0.00 1.97 2.56 2.56 0.00 0.00 0.00 0.00 0.00 1.46 0.00 0.95 0.95 2.19 2.41 2.85 1.83 1.68 1.53 0.88 1.02 0.51 0.15 0.80 1.46 1.61 2.26 2.56 2.04 1.61 1.39 2.70 3.21 5.83 7.65 6.28 5.33 5.33 3.65 1.75 2.04 2.70 3.50 3.87 2.34 2.19 2.12 1.90 0.80 0.51 0.73 0.00 0.00
2.48 2.12 0.00 0.00 0.00 0.00 0.00 0.00 0.00 0.00 2.99 4.23 4.82 5.69 8.40 6.86 6.86 7.15 7.15 7.37 6.94 5.99 4.82 2.77 2.85 4.16 4.53 3.43 0.00 0.00 0.00 0.00 2.19 3.29 2.56 2.34 1.75 1.53 0.00 0.00 0.00 0.00 0.80 0.80 0.88 1.61 2.26 2.41 2.34 1.17 1.17 1.68 1.39 2.56 1.90 2.19 2.77 2.34 2.22 2.29 1.24 0.88 2.31 3.50 6.60 8.20 8.15 7.01 7.01 5.04 2.70 3.21 2.85 3.87 3.72 2.70 2.56 2.41 1.75 1.30 1.60 0.00 0.00 0.00
1.75 1.61 1.83 0.00 0.00 0.00 0.00 0.00 0.00 0.00 0.00 0.00 2.63 0.00 5.33 3.65 4.09 3.21 3.21 3.65 0.00 2.92 3.14 0.00 2.41 2.77 0.00 0.00 0.00 0.00 0.00 0.00 1.97 0.00 0.00 0.00 0.00 0.00 0.00 0.00 0.00 0.66 0.00 0.00 0.00 1.68 1.46 0.88 0.95 1.24 1.75 2.41 2.04 4.53 4.09 4.16 4.89 4.60 3.87 2.34 1.20 1.17 1.47 2.48 5.04 6.79 8.14 7.38 7.15 3.89 3.21 4.38 4.53 4.31 2.92 2.56 2.19 1.97 1.45 1.53 1.19 0.00 0.00 0.00
1.90 1.39 1.46 1.61 0.00 0.00 1.24 0.00 1.10 0.00 0.00 0.00 0.00 0.00 0.00 0.00 0.00 0.00 0.00 0.00 0.00 0.00 0.00 0.00 0.00 0.00 0.00 0.00 0.00 0.00 0.00 0.00 0.00 0.00 0.00 0.00 0.00 0.00 0.00 0.00 0.00 0.00 0.00 0.00 0.00 0.00 0.00 0.29 0.88 0.88 1.39 2.04 3.65 5.26 4.89 7.52 9.13 9.34 7.45 5.24 2.99 2.34 2.01 2.13 4.64 6.93 6.79 4.74 4.77 4.04 3.67 5.69 6.79 5.99 4.04 2.70 2.63 1.61 1.39 1.57 1.00 0.00 0.00 0.00
1.61 1.46 2.04 1.46 0.00 1.61 1.46 1.39 0.00 0.00 0.66 0.00 0.00 0.00 0.00 0.00 0.00 0.00 0.00 0.00 0.00 0.00 0.00 0.00 0.00 0.00 0.00 0.00 0.00 0.00 0.00 0.00 0.00 0.00 0.00 0.00 0.00 0.00 0.00 0.00 0.00 0.00 0.00 0.00 0.00 0.00 0.22 0.07 0.44 1.46 2.56 2.04 3.36 3.50 6.64 9.78 11.68 12.63 10.59 8.46 6.12 4.51 3.32 2.97 5.69 8.09 6.96 3.29 3.29 4.13 3.73 6.80 8.00 8.00 6.68 4.57 3.50 2.15 1.81 1.56 1.74 1.73 1.73 0.00
2.41 1.68 1.46 0.37 0.51 1.10 0.00 1.68 0.00 0.00 0.66 0.00 0.00 0.00 0.00 0.00 0.00 1.68 1.68 0.00 1.46 1.39 0.00 0.00 0.00 0.00 0.00 0.00 0.00 0.00 0.00 0.00 0.00 0.00 0.00 0.00 0.00 0.00 0.00 0.00 0.00 0.00 0.00 0.00 0.00 0.00 0.00 0.58 0.51 2.04 3.21 3.14 3.87 2.41 6.13 8.83 12.43 12.19 11.24 10.95 11.83 8.17 5.62 2.92 4.87 7.26 8.36 4.16 4.16 3.47 4.52 5.98 6.89 9.10 9.63 7.26 4.60 3.78 2.90 1.28 1.83 2.07 2.10 0.00
5.55 3.21 2.26 1.17 1.31 1.68 1.46 0.00 0.00 0.00 0.00 0.00 0.00 0.00 0.00 0.15 1.46 0.88 0.88 0.00 0.00 2.63 0.00 0.00 0.00 0.00 0.00 0.00 0.00 0.00 0.00 0.00 0.00 0.00 0.00 0.00 0.00 0.00 0.00 0.00 0.00 0.00 0.00 0.00 0.00 0.00 0.22 0.80 0.95 3.07 3.94 4.89 4.99 5.72 6.04 9.19 10.08 10.00 12.26 12.70 12.56 9.39 7.53 5.89 5.18 7.50 8.88 4.02 4.04 3.42 4.65 4.30 5.49 8.45 10.04 7.45 5.81 4.46 3.20 0.69 1.15 2.35 1.03 0.00
7.23 5.40 3.21 3.14 3.87 3.43 2.26 0.00 0.00 0.00 0.58 0.00 0.00 0.00 0.00 0.00 0.00 0.00 0.00 0.00 0.00 0.00 0.00 0.00 0.00 0.00 1.31 0.80 0.00 0.00 0.00 0.00 0.00 0.00 0.00 0.00 0.00 0.00 0.00 0.00 0.00 0.00 0.00 0.00 0.00 0.00 0.44 0.88 2.34 3.07 4.31 5.62 6.79 7.19 5.16 9.11 9.76 10.89 11.41 12.02 12.47 11.89 10.81 7.46 4.60 5.79 6.44 3.08 3.08 2.14 2.99 2.76 4.81 8.32 9.02 7.63 5.96 3.99 2.85 1.59 1.47 3.48 1.94 1.36
7.66 4.96 3.43 5.48 7.59 5.55 3.72 3.87 3.21 2.34 2.04 0.00 0.00 0.00 0.00 0.00 0.00 0.00 0.00 0.00 0.00 0.00 0.00 0.00 0.00 0.00 0.00 1.31 0.51 0.00 0.00 0.00 0.00 1.39 0.00 0.00 0.00 0.00 0.00 0.00 0.00 0.00 0.95 0.95 0.37 0.37 0.44 1.10 2.56 3.36 6.13 8.18 9.42 10.64 7.90 10.30 9.81 9.78 10.83 10.83 11.68 11.33 10.99 8.57 5.33 4.04 3.65 2.82 2.77 1.33 1.82 2.61 4.26 7.90 8.83 6.53 4.59 2.22 1.82 1.17 0.68 3.16 1.74 1.41
7.81 3.87 0.00 0.00 7.08 5.77 6.35 8.98 7.52 6.94 4.16 2.85 0.73 0.00 0.00 0.00 0.00 0.00 0.00 0.00 0.00 0.00 0.00 0.00 0.00 0.00 1.97 1.68 0.58 0.07 0.00 0.58 0.00 1.53 1.39 0.88 0.00 0.00 0.00 0.00 0.58 2.19 1.68 1.68 0.88 0.80 0.44 1.46 2.19 3.89 6.77 9.49 10.70 12.51 11.23 9.83 9.78 10.15 11.03 10.47 10.56 9.99 9.40 7.37 4.22 2.30 2.08 1.73 1.69 0.29 0.22 1.07 2.75 6.20 8.07 5.84 2.83 1.29 1.64 0.97 0.09 1.18 1.84 2.83
12.26 10.15 8.10 9.78 8.25 10.73 16.43 23.73 22.12 16.21 12.41 8.83 5.99 3.65 1.53 0.66 0.88 0.00 0.00 1.24 1.31 1.02 0.00 0.00 1.17 1.97 1.10 1.10 1.53 1.61 0.44 0.15 0.07 1.02 1.46 1.68 1.46 1.53 2.12 1.97 0.51 0.22 0.29 0.29 1.02 0.58 1.61 1.31 1.90 5.18 8.20 10.74 9.36 8.95 7.34 6.05 5.45 7.34 8.08 9.61 11.15 10.44 10.44 6.47 3.36 1.76 1.84 0.75 0.74 0.00 0.07 0.00 0.08 3.27 5.84 5.55 1.89 0.58 0.00 0.00 0.00 1.01 0.97 2.60
10.80 10.95 11.32 11.32 10.00 14.31 21.39 24.24 23.07 17.45 11.39 8.03 6.64 4.74 3.29 1.68 1.75 1.61 1.61 1.97 1.53 1.68 1.17 0.15 1.39 1.02 0.22 0.37 0.66 1.39 0.88 0.29 0.58 0.37 0.80 1.68 3.43 4.09 1.61 0.00 0.00 0.00 0.66 0.66 0.00 0.95 0.73 0.73 2.63 5.63 7.45 7.34 7.84 8.87 11.04 4.90 4.60 4.66 5.50 7.62 10.77 12.25 11.77 6.62 3.43 2.77 3.37 2.55 2.51 1.02 0.00 0.00 0.18 2.16 5.28 4.60 1.92 0.37 0.00 0.00 0.00 0.08 0.74 2.66
8.69 10.51 10.44 8.61 7.81 13.14 16.72 19.64 18.98 16.57 9.93 5.40 4.23 3.87 3.50 2.92 2.77 1.90 1.90 2.19 1.97 1.31 1.61 1.61 1.31 0.00 0.00 0.00 0.80 1.97 1.75 1.10 0.00 0.00 0.37 1.31 2.63 1.39 0.00 0.00 0.00 0.00 0.00 0.00 0.00 0.00 0.58 2.21 3.97 5.45 7.93 9.67 11.36 10.21 11.24 9.22 5.26 2.81 4.22 6.53 9.11 10.88 10.88 8.47 8.10 4.32 2.16 2.42 2.69 2.25 0.00 0.18 0.53 2.12 4.57 3.17 1.31 0.58 0.74 0.25 0.00 0.32 1.05 3.14
3.80 4.38 6.42 3.36 3.80 7.52 13.36 14.89 16.50 15.84 9.05 4.16 0.00 0.00 2.19 2.41 2.04 2.48 2.48 2.04 2.41 2.92 1.97 1.02 0.58 0.00 0.00 0.00 0.44 0.51 1.02 0.58 0.00 0.00 0.22 0.80 1.10 1.02 0.00 0.00 0.00 0.00 0.00 0.00 0.00 0.22 0.95 2.71 4.31 7.14 8.68 10.74 13.12 11.49 7.73 7.94 5.06 3.70 3.07 4.92 6.70 9.11 10.05 11.02 10.80 8.19 5.94 4.63 4.46 4.73 2.43 0.28 0.00 0.00 1.22 0.75 0.96 0.23 0.08 0.00 0.19 1.34 2.72 3.55
0.00 0.00 0.00 0.00 0.00 5.11 8.32 10.73 13.58 14.31 9.20 3.65 2.77 0.00 0.00 1.31 1.68 1.90 1.90 1.68 2.92 1.97 1.61 1.31 0.00 0.00 0.00 0.00 0.00 0.29 0.51 0.00 0.00 0.00 0.00 0.22 0.58 0.00 0.00 0.00 0.00 0.00 0.00 0.00 0.00 0.00 1.39 2.19 1.97 4.60 5.85 7.80 8.20 7.73 6.88 6.09 4.59 0.00 5.21 5.38 5.67 6.33 7.84 10.46 11.37 10.91 8.12 5.61 5.64 5.89 5.98 1.86 1.07 0.58 0.48 0.39 1.27 0.88 0.22 0.64 1.72 4.56 5.50 4.06
0.00 0.00 0.00 0.00 0.00 4.60 6.64 9.86 14.97 13.80 9.27 5.77 4.02 0.00 0.00 4.09 4.02 3.21 3.21 0.00 3.21 2.04 1.10 1.24 0.07 0.00 0.00 0.00 0.00 0.00 0.00 0.00 0.00 0.00 0.07 0.00 0.00 0.00 0.00 0.00 0.00 0.07 0.22 0.22 0.00 0.00 0.00 0.00 0.89 3.39 4.62 6.03 8.09 7.15 4.92 4.28 4.32 0.00 0.00 3.74 5.61 6.93 8.31 9.18 10.11 11.88 9.97 5.57 6.52 6.19 6.30 4.24 2.07 0.44 0.16 0.58 2.51 0.88 0.00 0.00 0.43 3.30 4.22 3.44
0.00 0.00 0.00 0.00 0.00 0.00 4.53 7.08 10.44 11.39 8.40 5.84 6.13 6.42 7.74 10.66 10.51 8.83 8.83 9.34 4.31 4.67 4.23 1.46 0.44 0.37 0.07 0.00 0.00 0.00 0.00 0.00 0.00 0.00 0.00 0.00 0.00 0.00 0.00 0.00 0.00 0.00 0.00 0.00 0.00 0.00 0.00 0.00 0.17 2.90 4.71 7.52 6.55 4.69 4.58 0.00 0.00 0.00 0.00 0.00 6.42 7.78 8.72 8.38 9.45 10.29 11.50 8.53 9.55 7.44 5.64 4.80 2.99 0.35 0.00 1.50 1.41 0.00 0.00 0.00 0.00 2.14 2.13 1.56
0.00 0.00 0.00 0.00 0.00 0.00 0.00 4.02 9.42 9.78 7.45 6.57 8.10 8.98 11.24 14.53 15.12 14.16 14.16 16.50 16.28 12.92 6.42 2.26 1.10 0.00 0.29 0.29 0.00 0.00 0.00 0.15 0.00 0.00 0.00 0.00 0.58 0.00 0.00 0.00 0.29 0.80 0.66 0.66 0.15 0.80 0.00 0.30 1.15 4.38 6.34 6.47 6.48 2.54 0.00 0.00 0.00 0.00 0.00 0.00 0.00 9.61 7.61 8.98 9.15 10.64 15.22 9.94 10.15 7.39 4.77 4.92 3.87 1.35 0.52 0.99 1.02 0.00 0.00 0.00 0.00 0.00 0.00 0.00
0.00 0.00 0.00 0.00 0.00 0.00 0.00 0.00 3.50 2.77 1.90 3.87 5.91 7.66 9.34 11.08 12.70 14.60 13.62 17.89 21.83 18.83 9.86 3.87 2.26 1.53 2.92 0.00 0.00 0.00 0.00 0.00 0.00 0.00 0.00 0.44 0.44 0.00 0.00 0.37 1.75 0.95 0.80 0.80 0.88 0.00 0.07 0.00 1.88 4.42 6.30 4.51 0.00 0.00 0.00 0.00 0.00 0.00 0.00 0.00 0.00 6.47 5.57 5.30 8.19 12.15 11.12 10.38 12.69 11.46 5.78 5.53 5.59 1.84 0.32 0.37 0.88 0.00 0.00 0.00 0.00 0.00 0.00 0.00
0.00 0.00 0.00 0.00 0.00 0.00 0.00 0.00 0.00 0.00 0.00 0.00 0.00 0.00 0.00 0.00 2.19 3.67 3.73 7.66 12.48 18.69 13.80 10.88 9.05 9.49 10.29 10.15 5.77 4.53 5.26 6.42 5.48 0.00 2.77 4.45 5.99 6.57 5.99 4.26 4.29 4.42 3.87 3.87 4.67 2.70 0.37 3.37 2.77 0.00 0.00 0.00 0.00 0.00 0.00 0.00 0.00 0.00 0.00 0.00 0.00 0.00 0.00 0.00 0.00 6.80 0.00 0.00 0.00 0.00 0.00 0.00 0.00 0.00 0.00 0.00 0.00 0.00 0.00 0.00 0.00 0.00 0.00 0.00
0.00 0.00 0.00 0.00 0.00 0.00 0.00 0.00 0.00 0.00 0.00 0.00 0.00 0.00 0.00 0.00 0.00 0.00 0.00 2.63 5.57 8.09 11.61 11.10 10.88 7.77 9.51 13.07 9.93 7.88 7.23 8.61 9.05 5.04 4.67 3.87 5.48 5.62 5.84 5.62 3.78 4.35 3.21 3.59 2.19 1.53 2.92 3.59 0.00 0.00 0.00 0.00 0.00 0.00 0.00 0.00 0.00 0.00 0.00 0.00 0.00 0.00 0.00 0.00 0.00 0.00 0.00 0.00 0.00 0.00 0.00 0.00 0.00 0.00 0.00 0.00 0.00 0.00 0.00 0.00 0.00 0.00 0.00 0.00
0.00 0.00 0.00 0.00 0.00 0.00 0.00 0.00 0.00 0.00 0.00 0.00 0.00 0.00 0.00 0.00 0.00 0.00 0.00 0.00 0.00 0.00 6.13 5.40 8.18 3.96 6.56 6.06 5.91 9.05 6.86 8.03 10.23 5.91 4.23 1.21 2.19 3.21 2.41 0.00 0.00 0.00 0.00 0.00 4.49 2.92 1.99 3.68 0.00 0.00 0.00 0.00 0.00 0.00 0.00 0.00 0.00 0.00 0.00 0.00 0.00 0.00 0.00 0.00 0.00 0.00 0.00 0.00 0.00 0.00 0.00 0.00 0.00 0.00 0.00 0.00 0.00 0.00 0.00 0.00 0.00 0.00 0.00 0.00
0.00 0.00 0.00 0.00 0.00 0.00 0.00 0.00 0.00 0.00 0.00 0.00 0.00 0.00 0.00 0.00 0.00 0.00 0.00 0.00 0.00 0.00 0.00 0.00 0.00 0.00 0.00 2.85 5.48 3.43 2.04 3.61 7.58 2.85 3.58 0.00 0.00 0.00 0.00 0.00 0.00 0.00 0.00 0.00 0.00 0.00 0.00 0.00 0.00 0.00 0.00 0.00 0.00 0.00 0.00 0.00 0.00 0.00 0.00 0.00 0.00 0.00 0.00 0.00 0.00 0.00 0.00 0.00 0.00 0.00 0.00 0.00 0.00 0.00 0.00 0.00 0.00 0.00 0.00 0.00 0.00 0.00 0.00 0.00
