Wansh/Snow_depth/snowdepth-1987/winter/1988053.txt
ncols 321
nrows 161
xllcenter 60
yllcenter 15 
cellsize  0.25 
NODATA_value -1
[rows 74 to 110 of 161, columns 84 to 167 of 321]
0.00 0.00 0.00 0.00 0.00 2.48 2.85 2.12 3.43 3.21 2.99 2.63 0.07 1.61 2.19 3.29 3.50 4.31 4.31 1.75 0.00 0.00 0.00 0.00 0.00 0.00 0.00 0.00 0.00 0.00 0.00 0.00 0.00 0.00 0.00 0.00 0.00 0.00 0.00 0.00 0.00 1.31 1.02 1.02 1.24 0.29 0.29 0.58 0.00 0.00 0.80 0.51 1.31 1.61 1.86 1.53 1.61 2.19 1.68 1.61 0.58 1.02 0.51 0.44 0.51 0.51 0.00 0.15 0.15 3.59 8.29 7.01 4.02 0.66 0.00 0.00 0.00 0.00 0.00 0.00 0.00 0.00 0.00 0.15
0.00 0.00 0.00 1.46 2.41 1.24 1.39 3.07 4.23 5.40 6.06 5.55 4.09 3.94 4.31 3.94 3.87 2.92 2.92 0.00 0.00 1.39 0.00 0.00 0.00 0.00 0.00 0.00 0.00 0.00 0.00 0.00 0.00 0.00 0.00 0.00 0.00 0.00 0.00 0.00 0.00 0.00 0.00 0.00 0.37 0.00 0.00 0.44 0.00 0.00 0.00 0.51 0.88 1.10 1.17 1.17 1.46 1.39 1.90 0.00 0.58 0.22 0.00 0.29 0.37 0.00 0.00 1.46 1.46 4.92 9.05 9.34 4.96 1.90 0.00 0.00 0.00 0.00 0.00 0.00 0.00 0.00 0.00 0.15
0.00 0.80 1.90 0.66 0.00 0.88 1.83 0.00 0.00 0.00 5.33 5.62 5.26 4.96 5.04 4.53 3.94 2.04 2.04 0.00 0.00 0.00 0.00 0.00 0.00 0.00 0.00 0.00 0.00 0.00 0.00 0.00 0.00 0.00 0.00 0.00 0.00 0.00 0.00 0.00 0.00 0.00 0.00 0.00 1.31 0.51 1.31 0.00 0.00 0.00 0.00 1.61 1.02 1.31 1.53 0.80 1.02 1.24 0.07 0.00 0.58 0.00 0.00 0.07 0.07 0.00 0.44 0.66 0.66 2.12 5.04 4.74 2.41 1.17 0.00 0.00 0.00 0.00 0.00 0.00 0.00 0.00 0.07 0.30
1.39 1.02 0.95 0.66 0.88 1.31 0.00 0.00 0.00 0.00 0.00 0.00 3.65 0.00 3.87 4.23 4.16 3.07 3.07 0.00 0.00 1.68 0.00 0.00 0.00 0.00 0.00 0.00 0.00 0.00 0.00 0.00 0.00 0.00 0.00 0.00 0.00 0.00 0.00 0.00 0.00 0.00 0.00 0.00 0.00 0.00 0.00 0.00 0.00 0.00 0.00 0.00 0.00 1.61 1.31 1.46 1.39 1.31 1.02 0.00 0.95 1.17 1.02 0.15 0.00 0.00 0.29 0.22 0.22 0.80 0.88 0.58 2.12 1.02 0.00 0.00 0.00 0.00 0.00 0.00 0.00 0.07 0.22 0.07
1.31 1.90 1.83 1.39 1.02 1.10 0.00 0.00 0.00 1.61 1.75 0.00 0.00 0.00 0.00 0.00 3.65 2.70 2.70 0.00 0.00 2.99 2.70 0.00 0.00 0.00 0.00 0.00 0.00 0.00 0.00 0.00 0.00 0.00 0.00 0.00 0.00 0.00 0.00 0.00 0.00 0.00 0.00 0.00 0.00 0.00 0.00 0.00 0.00 0.00 0.00 0.00 0.00 1.31 1.39 1.83 1.31 1.24 1.31 0.22 0.73 1.68 1.68 0.15 0.00 0.00 0.00 0.00 0.00 0.00 0.00 0.00 0.29 0.51 0.15 0.00 0.00 0.00 0.00 0.00 0.00 0.07 0.22 0.89
0.00 0.73 0.00 0.00 0.00 0.00 0.00 2.92 2.63 2.41 2.19 2.26 0.00 0.00 0.00 0.00 0.00 3.36 3.36 0.00 0.00 2.92 2.56 0.00 0.00 0.00 0.00 0.00 0.00 0.00 0.00 0.00 0.00 0.00 0.00 0.00 0.00 0.00 0.00 0.00 0.00 0.00 0.00 0.00 0.00 0.00 0.00 0.00 0.00 0.00 0.00 0.00 0.00 0.00 0.00 0.73 0.95 1.10 1.02 1.31 0.66 0.51 0.07 0.00 0.00 0.00 0.00 0.00 0.00 0.00 0.00 0.07 1.46 1.46 1.91 0.73 0.00 0.07 0.00 0.22 0.00 0.00 0.00 0.00
0.00 0.00 0.00 0.00 0.00 0.00 0.00 0.00 0.00 2.77 2.85 0.00 0.00 0.00 0.00 2.12 2.63 0.00 0.00 0.00 0.00 0.00 2.48 0.00 0.00 0.00 0.00 0.00 0.00 0.00 0.00 0.00 0.00 0.00 0.00 0.00 0.00 0.00 0.00 0.00 0.00 0.00 0.00 0.00 0.00 0.00 0.00 0.00 0.00 0.00 0.00 0.00 0.00 0.00 0.00 0.80 1.02 1.02 0.95 1.39 0.29 0.66 0.80 0.07 0.00 0.00 0.00 0.00 0.00 0.00 0.00 0.51 3.36 3.07 2.56 0.88 0.07 0.38 0.07 0.00 0.00 0.00 0.00 0.00
0.00 0.73 0.00 0.00 0.00 0.00 0.00 0.00 0.00 0.00 0.00 0.00 0.00 0.00 0.00 0.00 0.00 0.00 0.00 0.00 0.00 0.00 0.00 0.00 0.00 0.00 0.00 0.00 0.00 0.00 0.00 0.00 0.00 0.00 0.00 0.00 0.00 0.00 0.00 0.00 0.00 0.00 0.00 0.00 0.00 0.00 0.00 0.00 0.00 0.00 0.00 0.00 0.00 0.00 0.66 0.00 0.07 0.66 0.88 2.04 0.00 0.80 0.22 0.00 0.00 0.00 0.00 0.00 0.00 0.00 0.00 0.00 2.12 1.68 1.83 1.32 0.22 0.23 0.08 0.00 0.00 0.00 0.00 0.00
0.51 0.44 1.90 0.00 0.00 0.00 0.00 0.00 0.00 0.00 0.00 0.00 0.00 0.00 0.00 0.00 0.00 0.00 0.00 0.00 0.00 0.00 0.00 0.00 0.00 0.00 0.00 0.00 0.00 0.00 0.00 0.00 0.00 0.00 0.00 0.00 0.00 0.00 0.00 0.00 0.00 0.00 0.00 0.00 0.00 0.00 0.00 0.00 0.00 0.00 0.00 0.00 0.00 0.15 0.66 1.10 0.37 1.39 1.46 1.97 2.56 1.68 1.17 0.58 0.95 0.00 0.44 0.22 0.22 0.00 0.00 0.00 0.73 0.37 1.46 0.58 0.80 0.15 0.29 0.00 0.00 0.00 0.00 0.00
1.10 0.80 1.10 2.26 0.00 0.00 0.00 0.00 0.00 0.00 0.00 0.00 0.00 0.00 0.00 0.00 0.00 0.00 0.00 0.00 0.00 0.00 0.00 0.00 0.00 0.00 0.00 0.00 0.00 0.00 0.00 0.00 0.00 0.00 0.00 0.00 0.00 0.00 2.77 0.00 0.00 0.00 0.00 0.00 0.00 0.00 0.00 0.00 0.00 0.00 0.00 0.29 0.80 2.19 2.99 2.48 2.70 2.77 2.56 2.70 2.85 2.12 2.19 1.83 1.97 1.46 1.31 0.73 0.73 0.73 1.24 0.07 0.00 0.00 0.00 0.00 0.22 0.29 0.00 0.44 0.00 0.00 0.00 0.00
0.37 0.66 1.02 1.24 0.00 1.83 0.00 0.00 0.00 0.00 0.00 0.00 0.00 0.00 2.77 0.00 0.00 0.00 0.00 0.00 2.92 2.92 0.00 0.00 3.29 0.00 0.00 0.00 0.00 0.00 0.00 0.00 0.00 0.00 0.00 0.00 0.00 0.00 0.00 0.00 0.00 1.02 0.95 0.95 0.00 0.00 0.00 0.00 0.00 0.00 0.00 0.00 2.04 5.40 7.74 7.15 5.69 4.02 3.94 3.58 3.58 4.09 3.43 2.04 2.12 1.53 0.95 0.29 0.29 0.15 0.58 1.02 0.95 0.00 0.00 0.00 0.00 0.22 0.00 0.88 1.17 0.00 0.00 0.00
0.44 0.73 0.44 1.10 0.66 1.10 0.00 0.00 2.99 0.00 1.97 2.92 3.21 3.07 0.00 0.00 3.21 0.00 0.00 0.00 3.72 0.00 4.31 0.00 0.00 0.00 0.00 0.00 2.19 0.00 0.00 2.63 0.00 0.00 0.00 0.00 0.00 0.00 0.00 0.00 0.00 1.10 1.31 1.31 1.46 0.00 1.10 0.58 1.02 0.51 0.00 1.10 3.07 7.37 9.13 9.93 9.56 8.32 7.37 4.74 3.37 2.98 3.61 2.04 2.48 2.04 1.31 0.73 0.73 0.66 1.68 2.56 1.97 1.10 0.37 0.00 0.00 0.51 0.00 1.61 1.75 0.00 0.00 0.00
0.66 0.29 0.00 0.88 0.00 0.00 0.00 0.00 0.00 3.94 4.31 5.04 6.86 8.61 7.88 6.72 5.77 7.08 7.08 6.79 6.42 6.13 0.00 4.09 0.00 0.00 0.00 3.50 0.00 3.43 3.07 0.00 0.00 0.00 0.00 0.00 0.00 0.00 0.00 4.60 5.26 2.92 1.24 1.24 0.73 1.17 1.10 0.88 0.00 0.00 1.02 0.00 0.80 1.10 1.75 4.38 5.99 9.05 8.10 5.11 2.48 1.10 1.12 1.39 0.66 1.02 2.12 0.88 0.88 1.97 1.97 3.87 4.38 4.67 2.26 2.04 1.68 1.39 0.00 0.00 1.61 0.00 0.00 0.00
0.29 0.15 0.95 0.00 0.00 0.00 0.00 0.00 0.00 2.85 3.72 4.45 5.40 7.52 7.52 6.72 7.74 8.18 8.18 9.34 7.59 6.94 3.72 4.53 2.56 2.56 2.41 3.65 3.43 3.07 0.00 0.00 0.00 0.00 0.00 0.00 0.00 0.00 0.00 1.75 2.04 1.83 0.95 0.95 1.17 2.12 1.97 1.17 0.73 0.44 0.00 0.29 0.00 0.07 0.95 1.53 2.63 5.11 5.69 4.31 2.34 1.83 1.53 1.17 2.15 3.87 4.74 2.70 2.70 2.26 1.10 2.34 3.21 3.87 2.99 2.56 1.53 1.31 1.61 0.00 0.00 0.00 0.00 0.00
1.02 0.73 1.24 0.00 0.00 0.00 0.00 0.00 0.00 0.00 0.00 0.00 0.00 2.99 4.67 4.82 4.67 4.89 4.89 4.96 5.69 4.74 4.45 3.80 3.36 3.94 5.62 4.89 0.00 0.00 0.00 0.00 1.97 2.56 2.56 0.00 0.00 0.00 0.00 0.00 1.46 0.00 0.95 0.95 2.19 2.41 2.85 1.83 1.68 1.53 0.88 1.02 0.51 0.15 0.80 1.46 1.61 2.26 2.56 2.04 1.61 1.39 2.70 2.85 6.19 7.11 6.57 5.33 5.33 3.29 2.41 2.63 3.14 3.87 2.92 2.77 1.46 0.00 0.00 0.00 0.00 0.00 0.00 0.00
0.73 0.73 0.00 0.00 0.00 0.00 0.00 0.00 0.00 0.00 0.00 0.00 0.00 0.00 0.00 0.00 0.00 0.00 0.00 0.00 0.00 0.00 0.00 2.77 2.85 4.16 4.53 3.43 0.00 0.00 0.00 0.00 2.19 3.29 2.56 2.34 1.75 1.53 0.00 0.00 0.00 0.00 0.80 0.80 0.88 1.61 2.26 2.41 2.34 1.17 1.17 1.68 1.39 2.56 1.90 2.19 2.77 2.34 2.22 2.29 1.24 0.88 2.31 3.50 5.11 8.13 7.84 7.23 7.23 4.31 3.87 3.50 2.92 2.85 2.77 2.70 1.17 0.00 0.00 0.00 0.00 0.00 0.00 0.00
0.44 0.22 0.00 0.00 0.00 0.00 0.07 0.58 0.00 0.00 0.00 0.00 0.00 0.00 0.00 0.00 0.00 0.00 0.00 0.00 0.00 0.00 0.00 0.00 2.41 2.77 0.00 0.00 0.00 0.00 0.00 0.00 1.97 0.00 0.00 0.00 0.00 0.00 0.00 0.00 0.00 0.66 0.00 0.00 0.00 1.68 1.46 0.88 0.95 1.24 1.75 2.41 2.04 4.53 4.09 4.16 4.89 4.60 3.87 2.34 1.20 1.17 1.47 2.48 3.94 6.64 7.82 7.62 7.38 5.21 3.94 3.80 3.80 3.43 2.56 2.04 0.00 0.00 0.00 0.00 0.00 0.00 0.00 0.00
0.15 0.00 0.00 0.00 0.00 0.00 0.44 0.00 0.00 0.00 0.00 0.00 0.00 0.00 0.00 0.00 0.00 0.00 0.00 0.00 0.00 0.00 0.00 0.00 0.00 0.00 0.00 0.00 0.00 0.00 0.00 0.00 0.00 0.00 0.00 0.00 0.00 0.00 0.00 0.00 0.00 0.00 0.00 0.00 0.00 0.00 0.00 0.29 0.88 0.88 1.39 2.04 3.65 5.26 4.89 7.52 9.13 9.34 7.45 5.24 2.99 2.34 2.01 2.13 2.97 6.93 6.79 4.53 4.55 4.37 4.26 5.91 6.79 5.33 3.30 2.41 1.83 0.00 0.00 0.00 0.00 0.00 0.00 0.00
0.58 0.00 0.00 0.00 0.37 0.00 0.00 0.00 0.00 0.00 0.00 0.00 0.00 0.00 0.00 0.00 0.00 0.00 0.00 0.00 0.00 0.00 0.00 0.00 0.00 0.00 0.00 0.00 0.00 0.00 0.00 0.00 0.00 0.00 0.00 0.00 0.00 0.00 0.00 0.00 0.00 0.00 0.00 0.00 0.00 0.00 0.22 0.07 0.44 1.46 2.56 2.04 3.36 3.50 6.64 9.78 11.68 12.63 10.59 8.46 6.12 4.51 3.32 2.97 5.69 4.68 6.29 4.16 4.16 2.98 3.65 5.96 7.85 7.71 7.48 5.01 3.50 2.52 1.73 0.00 0.00 0.00 0.00 0.00
3.94 1.53 0.73 1.17 0.51 0.22 0.00 0.00 0.00 0.00 0.00 0.00 0.00 0.00 0.00 0.00 0.00 0.00 0.00 0.00 0.00 0.00 0.00 0.00 0.00 0.00 0.00 0.00 0.00 0.00 0.00 0.00 0.00 0.00 0.00 0.00 0.00 0.00 0.00 0.00 0.00 0.00 0.00 0.00 0.00 0.00 0.00 0.58 0.51 2.04 3.21 3.14 3.87 2.41 6.13 8.83 12.43 12.19 11.24 10.95 11.83 8.17 5.62 2.92 4.87 5.32 7.04 4.23 4.23 3.39 4.21 4.92 6.45 8.51 9.26 7.26 5.69 4.15 2.83 0.00 0.00 0.00 1.91 0.00
5.62 3.94 3.36 4.02 2.48 0.88 1.02 0.00 0.00 0.00 0.00 0.00 0.00 0.00 0.00 0.00 0.00 0.00 0.00 0.00 0.00 0.00 0.00 0.00 0.00 0.00 0.00 0.00 0.00 0.00 0.00 0.00 0.00 0.00 0.00 0.00 0.00 0.00 0.00 0.00 0.00 0.00 0.00 0.00 0.00 0.00 0.22 0.80 0.95 3.07 3.94 4.89 4.99 5.72 6.04 9.19 10.08 10.00 12.26 12.70 12.56 9.39 7.53 5.89 5.18 4.84 7.96 4.31 4.33 3.34 4.46 3.97 6.21 9.43 9.66 8.03 6.78 4.46 2.26 0.00 0.00 3.92 2.68 0.00
4.89 0.00 2.99 5.48 5.48 2.99 2.26 2.77 1.90 1.10 0.37 0.00 0.00 0.00 0.00 0.00 0.00 0.00 0.00 0.00 0.00 0.00 0.00 0.00 0.00 0.00 1.31 0.80 0.00 0.00 0.00 0.00 0.00 0.00 0.00 0.00 0.00 0.00 0.00 0.00 0.00 0.00 0.00 0.00 0.00 0.00 0.44 0.88 2.34 3.07 4.31 5.62 6.79 7.19 5.16 9.11 9.76 10.89 11.41 12.02 12.47 11.89 10.81 7.46 4.60 5.79 6.66 3.15 3.15 2.21 2.81 3.08 5.23 8.73 8.73 7.34 5.81 3.11 1.87 0.00 0.93 2.35 2.10 0.00
4.31 0.00 0.00 4.89 5.84 6.57 6.64 7.23 6.35 4.53 2.12 0.88 0.15 0.00 0.00 0.00 0.00 0.00 0.00 0.00 0.00 0.00 0.00 0.00 0.00 0.00 0.00 1.31 0.51 0.00 0.00 0.00 0.00 1.39 0.00 0.00 0.00 0.00 0.00 0.00 0.00 0.00 0.95 0.95 0.37 0.37 0.44 1.10 2.56 3.36 6.13 8.18 9.42 10.64 7.90 10.30 9.81 9.78 10.83 10.83 11.68 11.33 10.99 8.57 5.33 4.04 4.03 2.08 2.04 1.48 1.74 2.52 3.17 7.02 8.25 5.94 4.59 1.35 2.04 1.48 1.13 1.96 1.33 0.00
7.30 0.00 0.00 4.16 6.20 8.83 12.99 15.62 13.58 10.29 7.23 4.09 3.07 1.31 0.80 0.58 1.02 0.00 0.00 0.00 0.00 0.00 0.00 0.15 0.66 0.00 1.97 1.68 0.58 0.07 0.00 0.58 0.00 1.53 1.39 0.88 0.00 0.00 0.00 0.00 0.58 2.19 1.68 1.68 0.88 0.80 0.44 1.46 2.19 3.89 6.77 9.49 10.70 12.51 11.23 9.83 9.78 10.15 11.03 10.47 10.56 9.99 9.40 7.37 4.22 2.30 1.41 0.23 0.22 0.37 0.44 0.74 3.17 6.36 7.70 5.18 2.60 1.45 1.86 0.67 0.52 0.86 1.59 2.10
9.93 11.24 11.24 8.91 10.00 14.02 19.71 23.36 21.61 14.31 7.88 7.08 6.42 4.53 2.56 1.46 0.95 1.17 1.17 1.17 0.66 0.29 0.00 0.07 1.17 1.97 1.10 1.10 1.53 1.61 0.44 0.15 0.07 1.02 1.46 1.68 1.46 1.53 2.12 1.97 0.51 0.22 0.29 0.29 1.02 0.58 1.61 1.31 1.90 5.18 8.20 10.74 9.36 8.95 7.34 6.05 5.45 7.34 8.08 9.61 11.15 10.44 10.44 6.47 3.36 1.76 1.84 2.02 1.99 0.00 0.29 0.08 0.42 3.67 5.47 4.16 1.74 0.58 0.00 0.00 0.00 0.00 1.42 2.94
7.01 7.59 7.96 6.50 7.96 9.64 14.45 18.76 18.83 12.05 5.69 3.43 3.21 2.70 2.99 1.39 2.41 1.53 1.53 1.31 0.37 0.58 0.00 0.44 0.00 1.02 0.22 0.37 0.66 1.39 0.88 0.29 0.58 0.37 0.80 1.68 3.43 4.09 1.61 0.00 0.00 0.00 0.66 0.66 0.00 0.95 0.73 0.73 2.63 5.63 7.45 7.34 7.84 8.87 11.04 4.90 4.60 4.66 5.50 7.62 10.77 12.25 11.77 6.62 3.43 2.77 3.37 1.54 1.52 0.58 0.07 0.00 0.00 3.60 6.06 3.87 0.59 0.22 0.00 0.00 0.00 0.33 1.42 3.27
2.92 5.18 5.69 3.43 2.63 5.91 9.20 12.19 14.45 12.12 5.48 1.31 1.17 0.95 1.24 1.24 1.90 1.83 1.83 2.19 1.61 0.88 0.58 0.00 0.29 0.00 0.00 0.00 0.80 1.97 1.75 1.10 0.00 0.00 0.37 1.31 2.63 1.39 0.00 0.00 0.00 0.00 0.00 0.00 0.00 0.00 0.58 2.21 3.97 5.45 7.93 9.67 11.36 10.21 11.24 9.22 5.26 2.81 4.22 6.53 9.11 10.88 10.88 8.47 8.10 4.32 2.16 2.42 2.69 2.01 0.52 0.00 0.53 2.51 3.37 2.43 1.39 0.29 0.07 0.00 0.00 1.44 2.25 4.27
0.00 0.00 0.00 0.00 0.00 5.62 6.79 10.20 12.05 11.32 7.52 2.26 1.61 0.00 0.00 0.58 0.29 1.83 1.83 1.39 1.17 1.02 0.07 0.00 0.00 0.00 0.00 0.00 0.44 0.51 1.02 0.58 0.00 0.00 0.22 0.80 1.10 1.02 0.00 0.00 0.00 0.00 0.00 0.00 0.00 0.22 0.95 2.71 4.31 7.14 8.68 10.74 13.12 11.49 7.73 7.94 5.06 3.70 3.07 4.92 6.70 9.11 10.05 11.02 10.80 8.19 5.94 4.63 4.46 2.90 1.49 0.47 0.00 0.69 0.99 0.82 1.11 0.23 0.00 0.16 0.00 0.32 4.33 4.40
0.00 0.00 0.00 0.00 0.00 2.92 5.11 8.32 11.10 10.88 8.40 4.89 2.48 0.00 0.00 0.00 0.00 0.00 0.00 1.39 1.31 0.66 0.00 0.15 0.00 0.22 0.00 0.00 0.00 0.29 0.51 0.00 0.00 0.00 0.00 0.22 0.58 0.00 0.00 0.00 0.00 0.00 0.00 0.00 0.00 0.00 1.39 2.19 1.97 4.60 5.85 7.80 8.20 7.73 6.88 6.09 4.59 0.00 5.21 5.38 5.67 6.33 7.84 10.46 11.37 10.91 8.12 5.61 5.64 3.93 3.24 1.21 0.53 0.00 0.00 0.31 0.60 0.44 0.22 0.08 0.16 1.86 5.14 3.41
0.00 0.00 0.00 0.00 0.00 0.00 2.48 4.74 7.59 8.76 7.59 6.72 5.40 7.45 9.42 11.10 7.81 7.52 7.52 5.55 3.58 1.39 0.58 0.22 0.00 0.00 0.00 0.00 0.00 0.00 0.00 0.00 0.00 0.00 0.07 0.00 0.00 0.00 0.00 0.00 0.00 0.07 0.22 0.22 0.00 0.00 0.00 0.00 0.89 3.39 4.62 6.03 8.09 7.15 4.92 4.28 4.32 0.00 0.00 3.74 5.61 6.93 8.31 9.18 10.11 11.88 9.97 5.57 6.52 6.19 5.02 2.79 1.80 0.00 0.00 0.17 0.24 0.44 0.00 0.00 0.00 0.77 3.08 2.45
0.00 0.00 0.00 0.00 0.00 0.00 0.00 3.36 6.57 5.91 6.13 6.13 6.94 9.13 11.02 15.33 14.97 15.18 15.18 17.45 12.63 6.35 2.70 0.95 0.51 0.00 0.07 0.00 0.00 0.00 0.00 0.00 0.00 0.00 0.00 0.00 0.00 0.00 0.00 0.00 0.00 0.00 0.00 0.00 0.00 0.00 0.00 0.00 0.17 2.90 4.71 7.52 6.55 4.69 4.58 0.00 0.00 0.00 0.00 0.00 6.42 7.78 8.72 8.38 9.45 10.29 11.50 8.53 9.55 7.44 5.91 4.24 3.08 0.00 0.19 0.28 0.66 0.00 0.00 0.00 0.00 0.00 2.71 0.00
0.00 0.00 0.00 0.00 0.00 0.00 0.00 0.00 2.77 3.14 3.36 4.31 6.57 5.99 8.98 12.67 10.99 14.97 14.97 19.49 20.37 12.26 5.33 2.04 1.53 1.31 0.29 0.29 0.00 0.00 0.00 0.15 0.00 0.00 0.00 0.00 0.58 0.00 0.00 0.00 0.29 0.80 0.66 0.66 0.15 0.80 0.00 0.30 1.15 4.38 6.34 6.47 6.48 2.54 0.00 0.00 0.00 0.00 0.00 0.00 0.00 9.61 7.61 8.98 9.15 10.64 15.22 9.94 10.15 7.39 6.59 3.99 3.43 1.43 0.00 0.00 0.78 0.00 0.00 0.00 0.00 0.00 0.00 0.00
0.00 0.00 0.00 0.00 0.00 0.00 0.00 0.00 0.00 0.00 0.00 0.00 1.53 3.21 3.72 2.93 5.84 7.42 6.92 11.75 18.25 17.08 10.59 5.48 3.65 3.29 0.00 0.00 0.00 0.00 0.00 0.00 0.00 0.00 0.00 0.44 0.44 0.00 0.00 0.37 1.75 0.95 0.80 0.80 0.88 0.00 0.07 0.00 1.88 4.42 6.30 4.51 0.00 0.00 0.00 0.00 0.00 0.00 0.00 0.00 0.00 6.47 5.57 5.30 8.19 12.15 11.12 10.38 12.69 11.46 7.67 4.08 3.70 0.00 0.00 0.00 0.00 0.00 0.00 0.00 0.00 0.00 0.00 0.00
0.00 0.00 0.00 0.00 0.00 0.00 0.00 0.00 0.00 0.00 0.00 0.00 0.00 0.00 0.00 0.00 0.00 0.00 0.00 0.00 3.14 7.15 8.98 9.05 7.66 9.20 6.35 10.15 5.77 4.53 5.26 6.42 5.48 0.00 2.77 4.45 5.99 6.57 5.99 4.26 4.29 4.42 3.87 3.87 4.67 2.70 0.37 3.37 2.77 0.00 0.00 0.00 0.00 0.00 0.00 0.00 0.00 0.00 0.00 0.00 0.00 0.00 0.00 0.00 0.00 6.80 0.00 0.00 0.00 0.00 0.00 0.00 0.00 0.00 0.00 0.00 0.00 0.00 0.00 0.00 0.00 0.00 0.00 0.00
0.00 0.00 0.00 0.00 0.00 0.00 0.00 0.00 0.00 0.00 0.00 0.00 0.00 0.00 0.00 0.00 0.00 0.00 0.00 0.00 0.00 0.00 3.14 4.09 4.74 5.67 9.36 13.07 9.93 7.88 7.23 8.61 9.05 5.04 4.67 3.87 5.48 5.62 5.84 5.62 3.78 4.35 3.21 3.59 2.19 1.53 2.92 3.59 0.00 0.00 0.00 0.00 0.00 0.00 0.00 0.00 0.00 0.00 0.00 0.00 0.00 0.00 0.00 0.00 0.00 0.00 0.00 0.00 0.00 0.00 0.00 0.00 0.00 0.00 0.00 0.00 0.00 0.00 0.00 0.00 0.00 0.00 0.00 0.00
0.00 0.00 0.00 0.00 0.00 0.00 0.00 0.00 0.00 0.00 0.00 0.00 0.00 0.00 0.00 0.00 0.00 0.00 0.00 0.00 0.00 0.00 0.00 0.00 0.00 0.00 0.00 6.06 5.91 9.05 6.86 8.03 10.23 5.91 4.23 1.21 2.19 3.21 2.41 0.00 0.00 0.00 0.00 0.00 4.49 2.92 1.99 3.68 0.00 0.00 0.00 0.00 0.00 0.00 0.00 0.00 0.00 0.00 0.00 0.00 0.00 0.00 0.00 0.00 0.00 0.00 0.00 0.00 0.00 0.00 0.00 0.00 0.00 0.00 0.00 0.00 0.00 0.00 0.00 0.00 0.00 0.00 0.00 0.00
0.00 0.00 0.00 0.00 0.00 0.00 0.00 0.00 0.00 0.00 0.00 0.00 0.00 0.00 0.00 0.00 0.00 0.00 0.00 0.00 0.00 0.00 0.00 0.00 0.00 0.00 0.00 2.85 5.48 3.43 2.04 3.61 7.58 2.85 3.58 0.00 0.00 0.00 0.00 0.00 0.00 0.00 0.00 0.00 0.00 0.00 0.00 0.00 0.00 0.00 0.00 0.00 0.00 0.00 0.00 0.00 0.00 0.00 0.00 0.00 0.00 0.00 0.00 0.00 0.00 0.00 0.00 0.00 0.00 0.00 0.00 0.00 0.00 0.00 0.00 0.00 0.00 0.00 0.00 0.00 0.00 0.00 0.00 0.00
