Wansh/Snow_depth/snowdepth-1987/winter/1988037.txt
ncols 321
nrows 161
xllcenter 60
yllcenter 15 
cellsize  0.25 
NODATA_value -1
[rows 0 to 36 of 161, columns 84 to 167 of 321]
18.32 17.89 17.45 17.23 16.13 15.84 13.94 13.58 14.45 14.45 10.22 10.51 11.53 12.12 12.63 11.53 15.04 14.82 14.82 14.45 13.65 10.15 9.20 8.18 5.11 3.21 1.68 0.37 0.22 3.14 3.29 3.14 8.61 11.17 11.53 10.00 9.64 10.15 11.17 11.24 11.02 10.95 9.93 9.93 7.15 5.04 4.67 3.94 4.02 4.89 7.15 8.83 8.54 7.88 9.20 9.78 10.15 9.64 8.25 6.35 4.89 4.45 4.23 3.29 2.70 4.02 4.82 5.11 5.11 6.13 7.88 10.73 11.75 12.19 12.56 12.56 13.51 14.45 15.84 16.79 16.28 14.89 12.48 11.46
17.52 16.86 15.84 14.82 13.65 13.87 13.80 12.99 12.70 11.17 10.73 10.59 10.51 9.56 8.32 7.52 7.30 8.47 8.47 8.61 13.43 12.12 10.51 9.49 7.52 5.55 3.50 1.97 0.58 0.37 1.97 3.58 4.31 6.28 9.27 7.30 5.62 4.89 5.55 6.13 7.37 8.91 10.00 10.00 9.93 8.54 7.74 6.06 4.38 3.72 3.87 4.82 4.67 4.38 5.84 6.79 7.59 8.83 9.71 9.56 8.25 8.18 7.96 7.01 6.20 7.23 7.52 9.64 9.64 10.51 10.29 10.88 12.48 13.51 14.31 15.04 15.40 16.64 17.59 17.74 16.72 15.99 16.13 15.04
15.40 15.18 13.94 12.85 13.72 13.36 13.43 14.24 14.02 12.41 13.36 13.07 11.90 10.15 8.83 6.42 5.04 5.11 5.11 5.62 6.42 12.26 10.37 10.00 9.27 6.86 4.96 2.99 1.53 1.61 2.26 2.26 4.67 4.23 6.35 8.10 7.74 7.66 8.25 8.61 7.23 5.48 4.53 4.53 6.13 8.40 10.15 9.20 6.64 4.16 3.65 3.80 2.85 3.07 3.58 4.53 5.69 7.96 9.56 10.73 10.95 11.10 11.02 10.95 10.59 11.39 13.36 14.45 14.45 14.38 13.21 11.97 11.24 12.85 15.04 16.35 18.03 18.76 17.96 17.59 17.74 18.25 18.83 17.89
15.40 15.18 13.94 12.85 13.72 13.36 13.43 14.24 14.02 12.41 13.36 13.07 11.90 10.15 8.83 6.42 5.04 5.11 5.11 5.62 6.42 12.26 10.37 10.00 9.27 6.86 4.96 2.99 1.53 1.61 2.26 2.26 4.67 4.23 6.35 8.10 7.74 7.66 8.25 8.61 7.23 5.48 4.53 4.53 6.13 8.40 10.15 9.20 6.64 4.16 3.65 3.80 2.85 3.07 3.58 4.53 5.69 7.96 9.56 10.73 10.95 11.10 11.02 10.95 10.59 11.39 13.36 14.45 14.45 14.38 13.21 11.97 11.24 12.85 15.04 16.35 18.03 18.76 17.96 17.59 17.74 18.25 18.83 17.89
15.18 13.94 13.21 11.90 11.75 11.90 11.75 11.17 11.75 14.38 13.07 12.12 11.39 10.66 9.34 7.37 6.13 5.33 5.33 4.89 4.38 5.33 6.35 7.15 9.42 9.13 5.84 3.94 2.85 1.97 2.04 2.34 3.50 4.96 5.84 7.66 12.12 11.46 9.93 7.08 4.38 0.00 0.00 0.00 3.14 4.89 8.03 10.15 10.88 9.20 5.69 3.87 2.85 2.34 2.70 2.99 3.36 4.53 6.06 8.54 10.00 11.39 12.12 13.29 13.51 14.02 15.70 16.28 16.28 15.33 14.97 14.67 13.58 13.36 13.36 13.65 16.06 16.79 17.52 16.43 16.43 16.79 17.01 16.79
16.72 16.28 15.55 14.53 13.21 10.80 9.34 8.61 7.81 10.66 8.76 9.93 8.69 7.88 8.25 7.81 8.61 8.83 8.83 7.96 6.94 6.28 5.69 5.99 5.77 8.54 7.30 5.40 3.94 2.56 2.04 2.26 2.85 4.45 6.28 8.25 9.49 7.81 5.62 3.36 0.00 0.00 0.00 0.00 3.07 4.23 7.88 11.02 12.41 10.88 7.30 3.94 3.50 3.14 2.92 3.80 4.31 5.04 6.94 8.10 9.56 12.41 13.80 14.75 15.55 15.18 14.53 14.31 14.31 14.24 14.45 14.53 15.77 15.91 14.31 13.36 11.61 11.32 11.46 12.05 14.45 17.01 18.10 18.18
16.06 14.45 13.51 13.51 12.19 11.02 9.27 8.61 8.03 7.81 6.42 6.35 5.48 5.84 7.08 8.47 9.34 9.49 9.49 8.40 9.13 8.40 6.79 4.96 5.77 5.84 5.69 4.16 4.16 3.87 4.09 3.72 4.16 5.48 7.01 7.81 7.37 7.81 2.19 1.10 2.48 0.00 0.00 0.00 3.94 6.28 8.54 9.78 9.78 8.76 5.77 4.23 3.29 3.14 4.38 4.60 5.77 6.86 8.54 10.44 11.17 12.12 14.60 16.43 17.23 17.08 16.94 16.28 16.28 15.11 14.75 15.48 15.26 15.55 15.99 14.67 13.80 12.70 12.85 11.83 11.32 12.92 14.89 17.01
16.06 14.45 13.51 13.51 12.19 11.02 9.27 8.61 8.03 7.81 6.42 6.35 5.48 5.84 7.08 8.47 9.34 9.49 9.49 8.40 9.13 8.40 6.79 4.96 5.77 5.84 5.69 4.16 4.16 3.87 4.09 3.72 4.16 5.48 7.01 7.81 7.37 7.81 2.19 1.10 2.48 0.00 0.00 0.00 3.94 6.28 8.54 9.78 9.78 8.76 5.77 4.23 3.29 3.14 4.38 4.60 5.77 6.86 8.54 10.44 11.17 12.12 14.60 16.43 17.23 17.08 16.94 16.28 16.28 15.11 14.75 15.48 15.26 15.55 15.99 14.67 13.80 12.70 12.85 11.83 11.32 12.92 14.89 17.01
13.58 12.05 11.24 10.00 8.69 8.69 7.37 7.08 7.88 7.23 7.08 5.26 5.99 3.87 6.79 8.69 9.93 9.42 9.42 9.86 10.80 11.53 10.66 8.03 5.62 4.82 4.96 4.38 4.82 5.11 5.18 4.23 3.72 4.67 6.64 9.27 8.47 6.42 5.99 3.94 3.87 3.14 4.02 4.02 5.55 6.13 5.99 6.35 6.42 5.26 5.40 5.62 6.35 7.30 5.77 6.13 7.59 8.18 9.49 10.59 11.39 12.41 13.36 13.72 14.31 15.26 16.28 14.89 14.89 14.82 16.13 16.28 15.48 15.26 14.97 15.04 15.77 15.99 16.28 15.11 13.07 11.97 11.24 12.48
9.71 8.25 8.18 8.83 7.37 6.35 7.23 6.72 6.13 7.08 6.86 4.82 5.69 6.64 5.33 10.88 12.56 12.92 12.92 13.94 14.02 13.58 11.61 7.96 5.18 3.87 3.72 4.96 5.04 5.40 4.45 3.94 3.80 5.69 8.03 9.64 8.98 8.61 6.94 7.30 5.04 4.53 4.45 4.45 4.89 5.55 5.26 5.55 7.23 8.03 8.32 9.34 10.22 10.44 10.44 10.37 11.24 11.53 11.53 11.61 12.34 12.63 11.68 11.53 12.05 13.51 14.31 14.89 14.89 16.43 16.06 15.84 15.99 17.01 17.16 16.72 18.18 20.22 19.71 17.59 15.77 12.48 11.61 10.44
8.83 8.69 7.52 6.79 6.94 7.37 7.01 6.06 6.28 6.42 7.52 5.33 6.13 8.32 10.88 9.20 16.06 17.45 17.45 17.30 16.57 15.18 11.10 7.23 5.18 5.04 4.89 4.89 5.11 4.16 4.09 2.70 3.14 4.45 5.69 6.72 8.10 9.49 8.61 7.96 7.45 7.15 7.52 7.52 8.25 7.81 7.15 7.52 9.13 10.15 10.73 12.70 13.14 12.70 11.97 12.41 13.72 14.97 15.18 13.87 14.02 13.21 12.99 12.63 12.48 13.36 14.60 15.99 15.99 18.40 18.69 17.89 17.16 18.47 20.81 21.46 23.36 23.43 23.21 20.66 17.74 14.67 13.51 13.14
8.83 8.69 7.52 6.79 6.94 7.37 7.01 6.06 6.28 6.42 7.52 5.33 6.13 8.32 10.88 9.20 16.06 17.45 17.45 17.30 16.57 15.18 11.10 7.23 5.18 5.04 4.89 4.89 5.11 4.16 4.09 2.70 3.14 4.45 5.69 6.72 8.10 9.49 8.61 7.96 7.45 7.15 7.52 7.52 8.25 7.81 7.15 7.52 9.13 10.15 10.73 12.70 13.14 12.70 11.97 12.41 13.72 14.97 15.18 13.87 14.02 13.21 12.99 12.63 12.48 13.36 14.60 15.99 15.99 18.40 18.69 17.89 17.16 18.47 20.81 21.46 23.36 23.43 23.21 20.66 17.74 14.67 13.51 13.14
8.61 8.18 7.37 7.59 6.57 5.33 5.40 6.35 5.04 5.04 6.94 6.06 7.30 9.93 14.38 16.21 13.94 18.03 18.03 17.30 16.13 14.16 11.61 9.49 8.18 7.15 5.62 4.38 3.50 4.38 3.87 4.45 6.20 7.15 7.88 9.20 11.61 11.90 10.80 10.44 8.25 9.64 10.66 10.66 9.49 9.86 9.71 11.17 12.34 12.85 13.21 13.94 13.43 12.12 11.97 13.72 15.70 18.18 18.83 17.23 15.26 14.53 14.89 14.67 14.75 14.67 14.75 15.70 15.70 17.74 19.56 20.00 19.35 19.78 21.61 23.65 25.70 25.48 23.73 21.83 19.13 16.72 14.75 14.38
8.61 8.40 7.52 5.99 5.11 5.84 5.33 5.11 8.10 8.47 9.34 8.83 11.24 13.29 15.91 16.79 17.59 16.64 16.64 16.06 15.04 12.99 10.95 10.73 9.42 7.52 6.42 5.69 6.13 8.25 5.18 10.22 12.92 14.16 13.65 13.80 15.26 14.02 12.92 12.34 12.85 12.70 12.12 12.12 11.24 12.99 13.72 15.18 15.33 13.94 12.99 12.92 12.12 12.19 13.14 15.99 18.47 21.02 18.32 14.75 13.87 14.38 14.67 16.06 17.30 16.79 16.21 16.06 16.06 16.79 18.98 20.81 20.51 19.20 19.93 21.02 20.88 17.30 15.70 17.45 19.20 18.25 15.55 14.89
9.42 8.98 8.54 8.61 7.96 5.77 5.99 6.35 7.59 9.86 11.02 11.39 11.68 13.80 15.62 16.50 17.37 17.45 17.45 17.23 14.67 12.70 11.02 10.88 10.22 9.27 8.91 8.32 10.44 12.99 14.82 12.48 17.52 16.64 16.28 15.70 13.51 11.68 11.10 12.41 13.94 14.53 13.36 13.36 14.38 17.08 16.21 15.55 14.89 14.60 14.60 14.53 14.09 14.89 16.79 19.49 24.09 24.16 19.20 12.34 10.66 11.24 12.41 13.58 14.67 15.99 17.16 16.79 16.79 16.94 17.59 19.05 18.69 17.01 16.79 18.25 16.79 11.46 0.00 8.10 14.60 19.42 17.45 17.08
7.88 8.18 8.32 9.42 9.34 8.40 4.31 4.60 5.77 5.55 7.23 11.17 9.71 12.05 12.92 13.94 15.62 16.72 16.72 17.30 15.77 13.58 12.70 11.83 11.61 11.97 11.39 11.75 12.48 14.67 16.79 17.08 17.74 16.64 14.89 12.19 9.86 9.56 10.95 14.02 16.86 17.74 17.52 17.52 17.89 15.33 14.45 13.94 14.16 14.97 16.35 16.86 15.77 16.94 19.64 22.48 23.65 19.71 15.70 11.32 9.93 11.32 11.83 11.75 11.83 14.24 16.72 18.18 18.18 18.03 18.03 17.89 16.50 16.28 17.89 20.22 17.01 6.86 0.00 0.00 13.51 15.26 15.04 15.48
7.88 8.18 8.32 9.42 9.34 8.40 4.31 4.60 5.77 5.55 7.23 11.17 9.71 12.05 12.92 13.94 15.62 16.72 16.72 17.30 15.77 13.58 12.70 11.83 11.61 11.97 11.39 11.75 12.48 14.67 16.79 17.08 17.74 16.64 14.89 12.19 9.86 9.56 10.95 14.02 16.86 17.74 17.52 17.52 17.89 15.33 14.45 13.94 14.16 14.97 16.35 16.86 15.77 16.94 19.64 22.48 23.65 19.71 15.70 11.32 9.93 11.32 11.83 11.75 11.83 14.24 16.72 18.18 18.18 18.03 18.03 17.89 16.50 16.28 17.89 20.22 17.01 6.86 0.00 0.00 13.51 15.26 15.04 15.48
7.96 8.32 9.34 9.20 9.27 7.96 6.13 4.02 3.94 3.65 4.53 5.91 9.20 10.37 12.12 13.65 15.40 16.86 16.86 16.13 14.97 14.31 11.02 10.59 11.75 13.07 14.09 14.97 16.13 16.72 17.16 18.10 17.37 17.01 15.33 13.14 11.83 11.90 12.92 14.67 15.04 15.55 13.80 13.80 12.70 15.55 13.21 15.11 16.06 15.48 14.97 14.38 13.87 14.67 15.48 16.57 17.23 15.26 13.36 13.51 14.89 17.23 16.64 15.11 14.60 16.72 17.45 18.76 18.76 21.10 21.83 20.37 18.18 18.40 20.37 20.95 17.96 9.93 5.77 8.03 10.00 10.37 9.13 11.17
8.69 9.64 9.56 10.51 11.02 9.49 8.03 5.11 4.96 5.69 6.57 7.74 10.07 10.66 12.99 13.87 14.67 14.31 14.31 15.04 14.75 14.09 13.80 11.61 12.41 14.16 16.86 18.32 18.98 18.47 17.52 18.25 19.93 19.71 18.32 15.11 12.85 10.80 8.54 8.69 8.69 9.71 10.37 10.37 10.66 13.72 11.39 17.23 16.35 14.09 13.21 12.48 12.12 13.21 13.80 13.65 13.72 13.72 14.67 17.89 20.29 22.05 21.32 20.15 19.42 19.35 19.42 22.34 22.34 24.60 23.58 20.51 18.69 17.45 17.30 17.96 16.86 13.72 9.42 9.34 8.76 7.96 7.45 7.08
10.15 10.51 10.15 10.15 11.02 12.12 11.02 8.76 6.79 6.06 6.20 6.72 10.29 7.88 8.40 9.34 10.51 11.83 11.83 13.29 14.53 14.02 14.16 12.99 13.58 15.18 17.23 17.67 16.94 14.82 13.65 14.38 17.08 17.52 17.89 13.43 7.59 4.38 3.80 3.65 4.67 6.86 9.64 9.64 12.63 15.40 18.03 17.96 16.13 14.38 15.26 17.37 18.10 17.89 14.89 13.51 12.63 12.05 14.16 16.64 19.93 23.29 23.58 22.70 22.63 22.19 23.14 24.60 24.60 21.75 15.48 12.05 10.00 11.02 11.61 12.92 14.53 14.02 13.21 10.44 8.61 8.40 8.61 8.76
10.44 10.66 11.39 11.02 11.10 11.83 13.80 13.80 12.99 11.32 10.59 10.15 6.28 9.93 9.71 8.03 7.01 8.54 8.54 9.27 10.95 11.75 12.56 13.43 15.33 16.72 17.67 17.59 14.67 12.34 9.86 9.93 11.90 13.51 12.19 15.40 2.92 0.00 0.00 0.00 7.45 8.61 9.42 9.42 9.86 12.92 15.48 14.75 17.59 16.50 19.49 22.19 22.48 21.46 19.49 18.61 15.62 13.72 13.36 13.94 16.06 18.69 19.78 21.68 23.07 23.21 23.80 22.78 22.78 19.13 11.97 6.42 4.45 4.31 4.02 4.74 6.50 8.47 8.61 7.45 7.45 7.66 7.96 7.59
11.10 10.51 10.44 11.61 11.02 9.78 11.32 14.24 15.84 17.01 17.16 17.74 19.93 12.12 16.13 14.75 12.92 12.85 12.85 12.34 12.12 12.26 12.63 13.43 13.43 19.20 21.39 21.83 19.56 16.06 13.14 10.95 10.44 10.44 8.47 5.55 5.91 0.37 1.46 0.00 7.88 8.25 5.84 5.84 4.31 6.13 6.42 7.59 10.44 10.73 11.61 14.60 15.77 17.37 18.32 19.13 17.59 14.16 11.24 10.15 12.05 14.02 14.75 16.86 20.51 21.90 20.81 19.20 19.20 17.01 12.34 8.83 5.91 4.16 2.70 2.63 3.58 2.99 3.50 3.50 3.80 4.02 3.87 2.85
11.10 10.51 10.44 11.61 11.02 9.78 11.32 14.24 15.84 17.01 17.16 17.74 19.93 12.12 16.13 14.75 12.92 12.85 12.85 12.34 12.12 12.26 12.63 13.43 13.43 19.20 21.39 21.83 19.56 16.06 13.14 10.95 10.44 10.44 8.47 5.55 5.91 0.37 1.46 0.00 7.88 8.25 5.84 5.84 4.31 6.13 6.42 7.59 10.44 10.73 11.61 14.60 15.77 17.37 18.32 19.13 17.59 14.16 11.24 10.15 12.05 14.02 14.75 16.86 20.51 21.90 20.81 19.20 19.20 17.01 12.34 8.83 5.91 4.16 2.70 2.63 3.58 2.99 3.50 3.50 3.80 4.02 3.87 2.85
8.61 8.91 9.34 9.78 10.15 10.37 11.83 12.41 12.41 15.70 16.50 17.67 19.05 22.19 19.35 19.05 17.96 16.13 16.13 15.11 14.53 14.16 15.55 16.35 16.06 17.74 22.56 22.12 19.71 17.37 15.18 12.26 9.78 7.37 4.74 3.58 4.23 0.00 0.00 0.00 4.96 4.82 3.29 3.29 2.41 2.26 2.56 0.00 0.00 3.80 3.80 5.48 6.79 9.20 10.15 11.68 11.39 9.71 8.18 9.56 12.12 13.21 13.87 16.21 18.76 19.13 18.83 16.86 16.86 17.52 19.13 17.59 12.99 9.56 6.72 4.74 4.23 3.14 2.26 1.53 1.39 1.61 1.31 1.39
9.20 8.69 8.47 8.32 9.42 10.59 10.51 14.38 15.70 15.18 15.99 16.21 15.62 20.51 15.18 14.82 15.33 14.67 14.67 15.04 15.04 15.84 17.30 17.43 16.07 19.28 16.81 16.57 18.03 18.61 16.64 12.70 8.69 5.99 3.29 1.83 0.95 0.00 1.83 3.14 2.85 2.85 2.26 2.26 2.19 1.68 2.48 0.00 0.00 0.00 0.00 0.00 3.65 4.45 6.06 6.20 7.01 5.91 6.20 10.59 13.21 13.14 13.07 15.26 16.79 15.99 16.79 17.52 17.52 19.35 21.61 21.90 18.54 13.87 9.86 6.79 5.84 5.04 3.87 2.63 1.75 0.66 0.00 0.15
10.07 9.56 9.64 10.44 8.98 10.15 11.75 12.78 14.02 15.40 16.06 15.77 15.26 14.67 16.06 11.32 13.29 14.09 14.09 15.33 15.84 15.99 17.96 19.08 20.30 17.28 18.11 16.63 17.96 19.35 17.08 14.16 12.41 9.27 6.94 3.65 3.36 3.80 2.04 3.50 3.21 3.07 2.34 2.34 1.90 1.46 0.00 0.00 0.00 0.00 0.00 0.00 0.00 3.65 4.31 4.23 4.02 3.72 5.55 10.00 13.80 14.24 12.85 13.65 13.87 13.07 15.99 19.49 19.49 20.95 20.59 19.86 17.89 15.26 12.05 9.49 8.98 7.81 6.79 6.86 3.14 0.95 0.66 0.80
9.86 8.83 8.03 8.61 9.42 8.91 8.32 8.91 7.01 7.15 6.42 8.32 9.20 9.34 13.72 9.56 12.34 14.89 14.89 15.55 14.02 14.38 16.33 18.06 18.46 16.95 16.84 15.78 18.29 19.89 18.69 18.40 17.96 15.62 12.48 10.88 9.93 7.59 5.48 6.13 2.41 2.12 1.53 1.53 0.88 0.00 0.00 0.00 0.00 0.00 0.00 0.00 3.14 0.00 0.00 0.00 0.00 3.80 5.26 10.44 15.26 17.81 17.59 18.18 15.99 15.11 17.16 22.63 22.63 22.70 20.88 18.98 16.57 14.97 14.09 13.51 13.07 9.27 8.91 8.91 5.99 4.09 4.31 3.87
9.27 8.32 8.18 7.88 8.18 8.10 8.32 7.52 5.91 1.68 0.00 0.00 0.00 3.21 10.22 4.53 11.32 13.36 13.36 13.53 9.59 9.93 10.99 11.53 13.12 14.97 17.38 18.33 19.57 20.13 19.59 20.59 20.66 18.83 17.52 16.43 14.89 11.75 7.23 6.72 4.53 2.41 1.75 1.75 1.10 0.00 0.00 0.00 0.00 0.00 0.00 0.00 0.00 0.00 0.00 0.00 4.67 5.26 6.72 10.07 16.64 21.32 22.70 23.36 23.07 22.92 23.14 23.94 23.94 23.07 20.88 18.10 14.75 15.33 15.55 15.91 14.67 12.41 12.34 11.24 8.54 6.72 5.99 5.48
9.27 8.32 8.18 7.88 8.18 8.10 8.32 7.52 5.91 1.68 0.00 0.00 0.00 3.21 10.22 4.53 11.32 13.36 13.43 13.97 9.73 10.63 10.71 11.83 12.92 14.97 16.86 17.03 18.29 20.44 19.79 21.44 23.21 19.93 17.97 16.43 14.89 11.75 7.23 6.72 4.53 2.41 1.75 1.75 1.10 0.00 0.00 0.00 0.00 0.00 0.00 0.00 0.00 0.00 0.00 0.00 4.67 5.26 6.72 10.07 16.64 21.32 22.70 23.36 23.07 22.92 23.14 23.94 23.94 23.07 20.88 18.10 14.75 15.33 15.55 15.91 14.67 12.41 12.34 11.24 8.54 6.72 5.99 5.48
9.78 8.69 8.10 7.81 7.45 9.49 9.34 10.88 11.39 10.73 8.32 4.16 1.31 2.92 8.98 4.53 7.74 14.97 14.97 11.83 10.37 7.81 6.82 6.74 8.54 9.88 11.50 14.01 17.23 20.25 21.68 22.69 24.36 22.88 20.32 20.50 18.36 14.60 11.02 8.40 7.01 2.77 2.48 2.48 0.95 0.00 0.00 0.73 2.12 2.77 0.00 0.00 0.00 0.00 0.00 3.58 5.26 6.20 6.94 9.05 14.16 17.89 20.44 24.45 28.98 26.72 23.21 22.12 22.12 20.81 18.25 16.50 15.48 15.70 16.72 17.08 15.84 14.24 14.67 13.51 10.07 7.88 6.79 5.62
4.96 5.26 6.28 7.01 6.94 5.99 7.30 9.56 10.29 12.48 11.46 9.93 11.24 9.71 11.90 12.48 11.90 16.13 16.13 13.28 9.86 7.34 5.18 3.80 4.26 4.30 4.60 7.49 13.33 15.78 23.29 25.70 24.16 25.73 23.98 22.26 19.71 16.87 15.26 14.82 14.09 10.07 5.55 5.55 2.12 1.61 1.17 1.17 2.63 3.29 3.58 0.00 0.00 0.00 0.00 0.00 5.55 6.13 5.40 5.99 8.32 10.37 15.77 23.80 29.20 27.38 22.85 21.83 21.83 21.53 18.61 16.94 17.37 17.30 17.59 17.81 17.45 16.86 16.43 15.33 13.72 10.88 11.24 9.93
2.26 2.56 2.77 5.11 7.37 8.03 10.00 8.91 10.80 10.00 8.69 8.61 7.66 8.69 9.27 13.51 10.29 14.16 14.16 9.71 8.32 7.66 5.40 4.45 3.87 2.99 2.63 5.01 10.04 13.06 16.13 23.65 25.26 25.77 27.97 26.64 25.19 21.10 19.71 21.32 20.95 17.23 14.60 14.60 4.53 3.65 2.26 1.61 1.46 2.12 2.99 2.92 0.00 0.00 0.00 4.82 4.67 4.38 5.18 5.77 5.84 7.08 12.12 20.88 25.26 24.24 20.66 20.73 20.73 19.86 16.86 15.26 15.70 16.35 17.59 19.64 19.49 19.71 19.27 17.96 17.01 17.01 16.21 14.31
2.19 0.66 1.17 3.65 6.35 10.00 11.24 14.09 15.84 15.48 13.87 11.46 9.78 9.56 9.13 9.27 8.18 11.17 11.17 9.56 7.37 7.52 7.23 7.15 5.26 3.14 2.56 5.14 7.96 10.29 12.56 16.64 19.64 23.21 26.65 29.42 29.50 27.76 25.62 26.62 25.04 20.37 19.42 19.42 8.69 6.72 5.04 2.99 2.41 2.56 3.07 2.26 0.00 0.00 0.00 0.00 0.00 4.09 6.42 7.66 6.42 6.94 9.64 15.48 17.74 17.08 16.06 16.94 16.94 16.13 15.48 16.13 16.28 16.72 17.89 20.22 22.48 24.24 24.24 20.59 17.37 17.37 15.70 13.58
0.00 0.80 1.61 3.29 5.18 6.64 8.83 9.71 10.99 14.31 14.89 13.29 12.26 10.44 7.37 8.25 5.04 3.65 3.65 6.72 5.40 6.79 8.10 8.76 7.66 4.89 3.50 4.20 5.40 7.01 8.91 10.80 13.21 15.33 20.59 24.75 26.86 28.03 29.64 29.42 26.78 25.70 22.56 22.56 19.64 15.40 11.17 8.25 6.57 5.11 4.60 3.72 2.56 0.00 0.00 0.00 0.00 3.14 5.62 7.37 8.40 7.23 6.28 6.86 9.13 10.37 12.12 12.48 12.48 11.39 12.85 15.91 17.23 15.40 15.55 18.32 21.39 22.56 23.58 20.88 18.10 15.48 13.21 10.95
1.10 0.00 0.00 0.00 5.62 7.37 8.47 8.32 7.49 6.86 7.88 8.25 8.03 5.11 4.60 2.48 4.23 3.29 3.29 0.00 3.43 5.69 6.79 7.37 7.08 5.55 5.18 5.62 6.45 7.64 7.79 7.19 9.41 9.64 12.05 13.36 16.79 22.42 27.38 28.47 26.55 26.13 25.92 25.92 26.57 24.02 23.36 21.02 16.35 12.41 8.32 5.18 2.99 1.61 0.00 0.00 1.75 0.00 2.04 4.74 7.30 7.59 5.99 5.18 5.84 6.64 6.72 7.74 7.74 7.37 8.32 10.15 10.95 8.69 9.64 11.32 13.72 17.01 19.35 20.29 19.56 17.01 13.51 9.93
1.10 0.00 0.00 0.00 5.62 7.37 8.47 8.32 7.30 6.86 7.88 8.25 8.03 5.11 4.60 2.48 4.23 3.30 3.29 0.00 3.43 5.69 6.79 7.37 7.08 5.55 5.18 5.62 6.35 7.37 7.52 7.15 9.13 9.64 12.11 13.43 16.79 22.30 27.65 28.47 26.28 26.13 25.92 25.92 26.57 24.02 23.36 21.02 16.35 12.41 8.32 5.18 2.99 1.61 0.00 0.00 1.75 0.00 2.04 4.74 7.30 7.59 5.99 5.18 5.84 6.64 6.72 7.74 7.74 7.37 8.32 10.15 10.95 8.69 9.64 11.32 13.72 17.01 19.35 20.29 19.56 17.01 13.51 9.93
3.14 2.63 0.00 0.00 4.53 8.47 11.39 11.12 10.08 9.42 9.42 7.37 6.28 4.82 3.07 2.63 1.68 0.00 0.00 0.00 0.00 4.38 5.18 5.33 7.30 7.30 8.10 8.18 7.59 8.10 8.32 7.30 9.13 7.96 8.98 10.51 11.39 15.70 20.98 21.75 19.13 19.49 20.37 20.37 24.09 27.38 28.03 26.65 26.13 23.29 17.16 8.25 5.48 3.14 0.00 0.00 0.00 0.00 0.00 3.14 6.42 8.61 7.66 5.62 4.82 4.16 3.36 2.92 2.92 3.07 3.36 4.16 4.45 2.70 2.41 3.58 7.45 10.88 14.89 17.52 17.67 16.35 14.24 11.53
