Wansh/Snow_depth/snowdepth-1987/winter/1988033.txt
ncols 321
nrows 161
xllcenter 60
yllcenter 15 
cellsize  0.25 
NODATA_value -1
[rows 0 to 36 of 161, columns 84 to 167 of 321]
15.91 16.64 16.50 15.18 15.40 14.60 13.43 10.66 9.64 10.88 11.90 12.56 12.63 12.63 13.65 12.92 12.19 11.83 11.83 11.10 10.15 9.42 8.40 5.91 4.31 1.46 0.44 0.00 0.15 1.02 3.72 6.35 9.93 10.80 9.49 8.25 6.94 6.13 6.13 6.35 7.66 8.10 7.15 7.15 5.11 4.23 4.60 4.67 4.60 5.04 7.66 9.64 7.30 6.72 6.42 7.23 8.32 9.20 5.99 4.74 6.57 6.57 4.16 3.21 2.99 2.92 3.07 4.96 4.96 6.86 8.32 10.66 11.61 10.95 11.10 11.02 10.88 15.70 17.67 18.61 17.16 13.94 13.14 12.85
16.57 16.21 14.67 12.99 12.92 12.56 11.17 11.24 11.46 11.24 11.02 10.88 10.37 9.42 8.61 8.54 9.13 9.20 9.20 9.71 9.13 8.40 8.47 7.88 5.99 3.65 2.34 0.88 0.58 1.02 1.61 4.96 8.03 9.93 8.54 5.91 4.16 2.99 2.56 3.58 5.33 8.10 10.15 10.15 10.29 8.76 6.42 3.07 2.04 1.53 1.83 2.04 2.70 3.36 4.09 5.04 6.06 6.72 6.64 7.37 10.37 9.49 8.10 6.50 6.20 6.64 7.23 7.37 7.37 9.20 9.71 9.86 11.46 13.58 14.75 15.77 16.94 17.01 17.74 18.03 17.67 17.23 17.30 16.21
13.51 13.14 12.26 11.24 10.51 10.07 10.29 11.61 11.83 11.90 12.19 11.75 10.80 8.91 8.03 6.35 5.11 4.82 4.82 6.72 7.15 7.52 7.74 8.98 8.47 5.99 4.45 2.26 0.51 0.44 1.02 2.41 5.33 7.74 10.15 9.86 8.10 7.30 5.91 4.96 2.77 2.63 4.96 4.96 7.45 10.80 11.39 9.34 5.62 3.14 1.53 1.39 1.39 2.12 2.77 2.85 5.33 7.45 9.05 11.39 11.75 10.44 10.59 11.97 12.41 12.19 13.14 13.36 13.36 13.21 12.48 11.24 11.61 14.45 12.34 17.52 18.98 19.64 20.22 19.27 18.69 18.91 19.86 19.78
13.51 13.14 12.26 11.24 10.51 10.07 10.29 11.61 11.83 11.90 12.19 11.75 10.80 8.91 8.03 6.35 5.11 4.82 4.82 6.72 7.15 7.52 7.74 8.98 8.47 5.99 4.45 2.26 0.51 0.44 1.02 2.41 5.33 7.74 10.15 9.86 8.10 7.30 5.91 4.96 2.77 2.63 4.96 4.96 7.45 10.80 11.39 9.34 5.62 3.14 1.53 1.39 1.39 2.12 2.77 2.85 5.33 7.45 9.05 11.39 11.75 10.44 10.59 11.97 12.41 12.19 13.14 13.36 13.36 13.21 12.48 11.24 11.61 14.45 12.34 17.52 18.98 19.64 20.22 19.27 18.69 18.91 19.86 19.78
13.94 13.14 10.37 9.64 9.78 9.71 9.64 9.42 9.20 9.42 9.93 9.71 9.49 8.69 7.88 7.96 7.59 5.33 5.33 4.23 3.94 5.26 6.57 8.61 9.34 8.69 6.64 4.23 2.19 1.46 1.75 1.83 3.50 5.26 9.20 11.46 12.26 10.80 7.37 5.62 2.12 0.00 0.00 0.00 2.34 7.01 9.27 12.05 11.32 7.45 4.74 3.21 2.48 1.90 2.70 2.70 3.43 5.18 7.59 9.27 10.73 12.05 12.48 11.75 12.19 13.43 15.26 15.04 15.04 14.45 13.94 13.07 12.78 12.05 16.72 14.09 17.30 18.25 18.32 17.52 17.67 17.59 18.69 18.61
14.38 13.87 13.14 12.56 12.26 10.22 7.45 6.79 5.91 6.13 6.13 6.64 8.18 7.59 7.23 7.81 6.72 7.52 7.52 6.94 4.67 4.67 4.96 5.84 7.88 7.52 5.77 4.23 2.34 2.26 1.61 1.83 2.92 4.89 5.77 7.45 8.25 5.48 3.36 2.41 0.00 0.00 2.63 2.63 3.94 5.26 5.55 6.42 6.06 4.89 3.07 2.85 2.92 3.29 3.58 4.31 5.04 6.13 6.79 8.03 10.07 12.41 13.94 15.04 14.38 13.87 13.07 13.21 13.21 13.65 13.72 13.07 14.16 13.65 12.12 15.11 13.14 13.29 12.63 12.85 14.67 15.99 18.61 19.49
14.89 14.24 12.26 11.39 11.53 10.07 8.83 8.18 5.62 4.96 4.82 4.23 4.82 5.33 5.62 6.06 8.10 7.45 7.45 7.59 7.88 8.18 6.86 4.60 4.89 5.18 3.87 3.36 3.43 2.92 2.70 2.41 3.14 3.80 4.89 5.77 5.26 3.72 2.19 1.46 1.75 1.83 3.21 3.21 4.45 6.42 4.23 5.55 6.42 6.06 5.18 4.16 3.36 3.07 4.16 4.96 6.20 7.74 9.20 10.44 10.95 12.48 14.82 15.70 16.50 16.86 16.13 15.33 15.33 14.67 14.67 15.40 14.97 14.89 13.72 16.35 15.04 13.29 11.53 11.32 12.34 13.94 15.62 18.18
14.89 14.24 12.26 11.39 11.53 10.07 8.83 8.18 5.62 4.96 4.82 4.23 4.82 5.33 5.62 6.06 8.10 7.45 7.45 7.59 7.88 8.18 6.86 4.60 4.89 5.18 3.87 3.36 3.43 2.92 2.70 2.41 3.14 3.80 4.89 5.77 5.26 3.72 2.19 1.46 1.75 1.83 3.21 3.21 4.45 6.42 4.23 5.55 6.42 6.06 5.18 4.16 3.36 3.07 4.16 4.96 6.20 7.74 9.20 10.44 10.95 12.48 14.82 15.70 16.50 16.86 16.13 15.33 15.33 14.67 14.67 15.40 14.97 14.89 13.72 16.35 15.04 13.29 11.53 11.32 12.34 13.94 15.62 18.18
12.48 11.75 10.15 9.34 9.27 8.54 7.59 6.35 5.48 4.53 4.16 4.23 4.31 4.82 5.62 8.83 8.91 8.83 8.83 9.13 10.00 10.80 7.81 6.13 4.38 3.07 3.07 2.63 2.63 2.70 2.85 3.21 3.43 4.89 7.15 6.50 6.64 6.13 5.11 3.58 2.56 1.90 2.41 2.41 2.92 4.60 5.26 5.69 6.28 6.28 5.84 7.23 6.20 6.86 6.64 6.42 6.28 7.01 8.03 8.91 9.42 10.15 11.02 12.12 12.85 13.87 13.80 14.02 14.02 14.82 14.75 15.70 15.91 15.18 14.67 15.26 15.91 16.50 14.16 13.29 13.07 13.07 13.14 13.65
10.37 9.64 8.10 7.59 7.52 6.72 5.91 5.55 4.60 4.45 4.60 4.09 4.45 4.74 6.57 8.76 11.39 12.12 12.12 11.90 11.97 9.71 8.61 5.40 3.50 2.63 2.48 2.70 3.07 2.99 2.85 2.70 3.94 5.18 6.94 6.28 6.57 6.57 6.42 5.48 5.18 4.74 4.16 4.16 4.53 4.89 5.33 6.57 7.74 7.66 8.03 9.86 10.66 10.95 10.00 9.86 10.07 9.71 9.34 9.64 10.07 10.29 9.93 10.15 11.02 13.21 14.02 14.89 14.89 14.60 15.40 14.97 14.75 16.28 16.21 16.06 20.51 21.97 22.48 17.59 15.26 12.92 11.46 11.10
8.61 7.81 7.74 7.74 7.66 6.57 4.23 2.26 2.26 2.48 3.50 5.04 6.13 7.88 11.10 12.34 12.48 12.48 12.48 12.48 12.12 9.42 7.15 5.77 5.69 5.77 4.74 3.21 2.70 2.77 2.92 3.43 3.87 4.82 6.35 7.66 8.54 9.05 8.32 7.88 7.52 7.88 8.32 8.32 8.18 7.37 7.08 7.88 9.20 10.22 10.59 11.75 11.97 11.75 11.97 12.56 13.51 13.80 13.87 12.05 11.39 11.75 11.53 11.17 12.78 14.24 16.13 18.18 18.18 19.13 19.64 18.76 18.61 18.98 22.27 20.08 25.84 25.48 25.04 22.27 19.71 14.89 14.60 13.07
8.61 7.81 7.74 7.74 7.66 6.57 4.23 2.26 2.26 2.48 3.50 5.04 6.13 7.88 11.10 12.34 12.48 12.48 12.48 12.48 12.12 9.42 7.15 5.77 5.69 5.77 4.74 3.21 2.70 2.77 2.92 3.43 3.87 4.82 6.35 7.66 8.54 9.05 8.32 7.88 7.52 7.88 8.32 8.32 8.18 7.37 7.08 7.88 9.20 10.22 10.59 11.75 11.97 11.75 11.97 12.56 13.51 13.80 13.87 12.05 11.39 11.75 11.53 11.17 12.78 14.24 16.13 18.18 18.18 19.13 19.64 18.76 18.61 18.98 22.27 20.08 25.84 25.48 25.04 22.27 19.71 14.89 14.60 13.07
7.81 8.18 8.40 7.74 6.57 5.69 4.16 3.87 4.31 4.09 4.60 5.69 6.20 8.83 11.75 12.70 14.02 14.60 14.60 14.53 13.65 12.12 9.71 7.81 6.50 6.42 5.40 3.94 3.94 4.60 5.77 5.77 6.64 7.01 8.18 10.44 12.05 12.70 11.39 10.80 11.24 11.32 10.07 10.07 8.83 9.56 10.88 11.32 11.53 11.68 11.75 12.41 13.29 13.80 14.45 14.24 15.04 16.43 16.86 16.35 14.97 14.16 13.94 13.58 12.92 13.51 14.38 15.91 15.91 18.25 18.69 18.61 19.56 20.37 21.46 24.45 23.29 27.30 25.70 22.05 20.59 19.78 16.43 13.94
9.27 9.42 8.18 6.72 5.62 4.16 3.80 4.60 4.96 6.20 7.23 8.98 11.24 13.80 15.77 16.06 16.72 16.64 16.64 15.26 13.51 11.17 10.73 10.51 8.47 7.66 5.91 5.48 6.94 9.78 10.73 12.05 12.26 12.99 13.43 14.31 13.72 13.65 13.72 13.21 12.41 12.19 12.85 12.85 12.26 11.97 12.63 14.16 14.16 12.78 12.56 12.78 13.51 15.55 17.59 18.03 18.76 17.81 13.94 13.51 14.60 15.62 16.43 17.37 16.86 15.18 15.26 16.35 16.35 17.16 19.27 19.93 20.44 20.15 19.93 19.20 24.02 22.19 16.28 16.21 18.47 18.61 18.76 13.80
8.91 8.18 7.08 6.86 5.62 4.02 3.50 4.16 5.33 6.94 8.47 10.29 11.53 12.41 14.67 15.40 16.21 16.35 16.35 16.21 14.67 12.78 12.34 11.83 10.80 10.37 9.20 9.34 11.39 13.29 14.75 15.70 15.99 15.91 15.62 13.58 12.63 11.61 12.19 14.09 15.26 15.33 15.40 15.40 15.55 15.04 14.38 14.09 14.45 15.70 15.84 15.62 17.01 19.20 22.78 24.31 24.31 21.39 16.35 12.99 10.37 10.66 11.24 12.56 14.31 15.48 15.77 14.75 14.75 14.38 15.99 16.21 15.77 16.43 16.86 14.38 11.39 14.38 5.48 6.50 13.29 18.98 18.32 16.13
7.74 6.86 6.57 6.50 5.55 4.31 3.21 3.43 4.16 4.89 5.48 7.45 9.71 10.59 12.26 12.85 14.97 15.70 15.70 15.04 13.14 12.19 11.61 11.39 11.24 11.68 11.46 11.61 12.63 14.45 16.57 17.74 17.59 15.26 13.80 12.48 10.95 11.32 12.26 15.18 17.08 17.30 16.79 16.79 15.84 14.45 13.58 13.07 12.99 14.02 14.67 14.24 15.18 17.23 19.78 23.07 22.70 18.91 15.48 12.48 11.68 11.53 11.02 10.73 11.90 13.36 14.97 17.23 17.23 17.16 16.35 15.26 15.91 17.01 16.94 15.70 12.85 0.00 0.00 4.09 15.18 16.79 15.33 16.64
7.74 6.86 6.57 6.50 5.55 4.31 3.21 3.43 4.16 4.89 5.48 7.45 9.71 10.59 12.26 12.85 14.97 15.70 15.70 15.04 13.14 12.19 11.61 11.39 11.24 11.68 11.46 11.61 12.63 14.45 16.57 17.74 17.59 15.26 13.80 12.48 10.95 11.32 12.26 15.18 17.08 17.30 16.79 16.79 15.84 14.45 13.58 13.07 12.99 14.02 14.67 14.24 15.18 17.23 19.78 23.07 22.70 18.91 15.48 12.48 11.68 11.53 11.02 10.73 11.90 13.36 14.97 17.23 17.23 17.16 16.35 15.26 15.91 17.01 16.94 15.70 12.85 0.00 0.00 4.09 15.18 16.79 15.33 16.64
6.94 7.30 7.45 6.86 6.72 5.69 4.02 1.97 2.48 2.85 3.65 5.55 6.94 9.13 11.17 11.90 13.65 14.67 14.67 13.51 12.41 11.02 10.22 9.56 10.66 12.34 12.99 14.02 14.60 14.97 16.13 17.74 18.69 17.59 14.67 11.46 11.02 11.68 12.26 14.24 15.91 15.26 14.02 14.02 13.21 13.58 13.80 14.31 14.02 13.07 13.51 12.41 12.26 13.72 15.18 16.79 16.64 15.48 14.24 13.72 13.43 15.91 16.13 14.53 13.87 15.33 16.86 17.52 17.52 18.98 19.42 18.18 16.94 17.08 18.40 17.01 12.99 6.42 0.00 10.37 12.41 9.86 9.56 11.39
8.40 8.91 8.54 7.88 7.81 7.59 6.72 3.50 3.07 3.50 5.18 6.35 6.86 9.34 11.39 11.53 12.41 13.14 13.14 13.43 12.63 11.68 10.15 9.34 11.61 13.58 15.40 16.86 17.67 16.57 16.79 17.67 18.83 18.18 15.77 12.78 9.56 8.25 8.10 7.74 8.54 11.17 11.90 11.90 12.26 14.45 15.70 15.04 14.09 13.07 11.75 12.05 11.61 12.05 12.34 12.48 13.58 15.33 16.50 18.32 20.44 20.95 21.02 20.15 18.40 17.37 19.05 21.32 21.32 21.46 21.10 19.27 18.10 17.30 16.86 17.37 15.55 8.47 10.88 10.44 9.05 8.83 8.32 8.40
10.00 8.98 8.40 8.76 9.93 11.02 10.00 7.52 6.13 5.55 6.13 5.99 6.35 7.08 7.74 8.10 7.88 9.27 9.27 11.90 12.99 12.48 11.32 10.73 11.68 14.45 15.91 15.33 14.02 12.63 11.46 14.16 16.06 16.35 13.51 9.93 5.91 5.40 5.11 5.69 6.28 8.03 11.61 11.61 13.07 16.43 18.18 15.99 15.33 16.13 17.59 18.25 17.23 15.26 13.51 12.26 10.37 11.39 15.48 18.54 21.39 23.73 24.31 22.70 21.68 20.66 21.24 21.90 21.90 17.23 14.24 12.85 10.07 10.37 12.05 13.94 14.31 11.90 13.21 10.51 9.86 9.49 8.76 9.05
9.78 9.20 8.98 10.22 10.44 10.73 10.37 11.02 10.66 9.64 9.93 9.78 10.66 10.51 9.78 6.86 6.94 7.59 7.59 8.54 9.78 11.39 12.19 12.26 13.21 15.70 16.72 15.62 12.92 10.51 7.88 8.54 11.02 13.36 11.83 5.84 2.19 2.41 4.31 6.28 7.66 7.66 7.74 7.74 9.93 13.51 15.33 15.70 14.60 16.28 20.44 23.36 23.73 22.70 20.37 17.96 14.38 10.73 10.15 12.70 15.91 18.61 20.37 21.90 22.70 23.14 21.53 18.83 18.83 15.04 8.25 5.40 4.53 4.02 3.43 4.45 6.57 6.35 9.93 8.32 7.52 8.18 8.91 7.52
8.98 10.07 11.24 10.66 9.64 9.20 9.78 12.05 13.21 13.80 14.60 14.24 15.18 16.06 15.62 13.36 12.63 10.80 10.80 9.93 10.29 11.39 12.26 13.51 15.48 18.18 19.64 20.08 17.89 14.09 12.12 9.20 7.96 8.03 7.96 4.67 2.70 0.73 1.39 5.62 8.98 7.15 4.23 4.23 3.36 4.02 5.18 6.72 8.40 9.93 11.24 14.31 15.18 18.40 18.91 19.27 17.08 13.94 11.24 10.95 12.99 15.04 16.64 19.05 19.64 20.08 20.29 20.00 20.00 17.59 12.34 7.88 3.94 3.21 2.77 1.75 2.92 2.63 4.74 3.94 4.38 4.09 4.96 4.02
8.98 10.07 11.24 10.66 9.64 9.20 9.78 12.05 13.21 13.80 14.60 14.24 15.18 16.06 15.62 13.36 12.63 10.80 10.80 9.93 10.29 11.39 12.26 13.51 15.48 18.18 19.64 20.08 17.89 14.09 12.12 9.20 7.96 8.03 7.96 4.67 2.70 0.73 1.39 5.62 8.98 7.15 4.23 4.23 3.36 4.02 5.18 6.72 8.40 9.93 11.24 14.31 15.18 18.40 18.91 19.27 17.08 13.94 11.24 10.95 12.99 15.04 16.64 19.05 19.64 20.08 20.29 20.00 20.00 17.59 12.34 7.88 3.94 3.21 2.77 1.75 2.92 2.63 4.74 3.94 4.38 4.09 4.96 4.02
10.37 9.93 9.49 8.91 9.27 8.91 9.13 11.32 12.70 13.72 15.18 16.35 17.01 17.30 18.10 17.45 16.21 15.18 15.18 14.24 13.29 14.09 14.89 14.09 15.40 17.37 18.76 19.20 19.49 16.13 12.70 9.93 8.25 6.06 0.00 0.00 0.00 0.88 1.61 3.07 4.74 5.18 2.99 2.99 1.39 1.46 1.83 0.00 0.00 0.00 0.00 5.77 6.42 7.88 9.27 11.46 9.86 9.71 10.22 11.90 13.14 13.65 15.11 18.61 19.78 19.20 17.59 17.52 17.52 19.78 20.00 16.86 13.14 8.69 5.69 3.72 3.21 3.14 2.77 2.12 1.97 1.90 1.97 0.95
9.71 9.49 9.86 9.93 10.00 9.05 9.64 12.05 13.72 15.62 15.70 15.91 14.60 13.36 14.02 14.97 14.09 13.58 13.58 13.43 14.09 15.26 16.28 16.16 15.11 17.26 15.71 16.06 17.45 17.01 14.75 10.88 7.45 4.67 2.34 0.00 1.53 1.46 1.83 2.56 2.70 2.12 0.00 0.00 0.00 1.53 1.75 2.19 0.00 0.00 0.00 0.00 3.65 3.94 4.45 5.18 5.62 6.57 8.61 11.46 12.63 12.05 12.41 14.24 15.77 17.59 18.25 17.59 17.59 18.47 20.29 19.86 16.72 12.12 8.40 6.79 5.62 3.36 1.39 1.90 2.34 2.34 0.66 0.29
10.95 10.44 11.68 11.97 11.32 10.29 10.88 12.34 13.87 14.45 14.02 13.94 12.34 11.17 9.56 11.75 13.07 13.65 13.65 14.45 15.18 15.33 16.86 18.08 18.66 15.94 16.24 15.95 16.57 17.37 15.48 13.07 11.90 9.56 5.04 0.00 3.14 3.21 2.99 2.77 2.12 1.61 1.46 1.46 1.02 0.44 0.00 0.00 0.00 0.00 0.00 0.00 0.00 3.87 3.87 0.00 0.00 4.38 5.99 11.46 13.87 12.63 11.61 12.05 12.19 14.09 17.45 19.27 19.27 18.32 17.67 16.79 15.48 13.29 10.07 8.91 7.74 7.23 6.06 2.26 4.38 2.70 0.66 0.66
12.63 11.75 13.07 11.75 10.80 10.73 10.37 9.78 9.42 6.79 5.55 7.08 6.57 6.06 5.99 9.93 12.19 13.87 13.87 14.67 13.51 14.30 16.03 16.93 16.72 16.34 16.99 17.03 17.46 18.03 17.67 18.32 18.54 14.82 10.51 9.49 7.30 6.06 3.94 2.92 2.12 1.31 0.15 0.15 0.00 0.00 0.00 0.00 0.00 0.00 0.00 0.00 0.00 0.00 0.00 0.00 0.00 0.00 6.64 13.07 17.23 17.96 17.89 16.13 14.45 14.97 18.54 21.24 21.24 21.17 19.05 16.50 15.04 14.31 14.16 12.85 11.10 9.78 8.83 3.72 5.26 3.87 3.36 4.53
12.41 11.53 11.97 12.26 10.22 11.10 9.78 9.20 7.45 4.02 2.41 0.00 0.00 0.00 3.87 8.03 9.64 12.12 12.12 12.31 9.66 9.63 9.71 11.02 12.82 14.60 17.54 20.55 21.07 19.84 18.42 18.76 18.69 17.96 16.64 15.04 12.34 8.47 5.99 3.29 1.39 0.58 1.10 1.10 0.00 0.00 0.00 0.00 0.00 0.00 0.00 0.00 0.00 0.00 0.00 0.00 0.00 4.45 7.30 12.41 18.10 22.19 24.16 25.19 23.94 19.93 20.29 21.32 21.32 20.15 17.89 16.35 13.65 14.02 14.60 14.09 13.36 11.53 10.07 6.50 10.15 7.81 8.32 8.03
12.41 11.53 11.97 12.26 10.22 11.10 9.78 9.20 7.45 4.02 2.41 0.00 0.00 0.00 3.87 8.03 9.64 12.12 12.18 12.71 9.81 10.32 9.46 11.31 12.63 14.60 17.01 19.10 19.69 20.14 18.60 19.54 21.00 19.00 17.07 15.04 12.34 8.47 5.99 3.29 1.39 0.58 1.10 1.10 0.00 0.00 0.00 0.00 0.00 0.00 0.00 0.00 0.00 0.00 0.00 0.00 0.00 4.45 7.30 12.41 18.10 22.19 24.16 25.19 23.94 19.93 20.29 21.32 21.32 20.15 17.89 16.35 13.65 14.02 14.60 14.09 13.36 11.53 10.07 6.50 10.15 7.81 8.32 8.03
10.59 10.00 11.02 10.51 10.80 8.98 8.10 8.76 8.83 8.32 6.50 4.02 1.24 1.83 6.06 8.76 12.34 12.99 12.99 11.61 8.32 6.50 5.06 6.67 8.24 9.73 12.31 16.14 20.29 22.30 21.97 20.42 21.31 21.35 19.49 19.14 15.78 13.21 10.73 7.66 4.53 1.97 1.02 1.02 0.00 0.00 0.00 0.29 1.75 0.00 0.00 0.00 0.00 0.00 0.00 0.00 4.60 4.67 5.55 7.59 11.53 19.13 23.58 26.79 26.79 24.16 20.66 19.86 19.86 17.89 15.91 14.82 15.04 14.97 15.77 15.77 14.97 14.31 13.29 9.93 7.88 10.44 7.74 5.99
7.74 7.30 8.25 7.45 8.69 4.60 4.74 6.42 8.03 9.56 8.61 8.47 6.79 6.57 8.47 10.44 13.72 13.21 13.21 11.52 8.18 6.02 4.53 0.00 4.33 4.97 6.72 10.44 14.90 19.47 24.09 24.97 23.29 23.55 22.19 20.44 18.45 16.14 14.82 13.36 10.80 5.04 1.46 1.46 0.29 0.22 0.00 0.58 0.88 1.24 0.00 0.00 0.00 0.00 0.00 0.00 3.50 3.29 3.58 4.53 5.77 9.78 15.91 24.67 27.01 25.19 21.61 19.93 19.93 18.61 17.45 17.01 15.99 16.72 16.79 16.28 15.18 13.58 13.58 13.51 7.74 10.80 9.34 8.83
5.11 4.74 3.87 3.94 5.18 3.21 3.72 5.91 7.88 8.61 8.32 7.52 6.64 6.35 7.08 9.20 10.29 9.56 9.56 8.83 7.15 6.28 4.60 3.87 3.65 0.00 2.99 5.31 10.20 16.91 21.32 25.19 26.72 26.50 26.05 24.01 23.91 19.42 18.61 20.00 19.56 12.56 5.48 5.48 1.83 1.17 0.73 0.66 0.80 0.66 0.73 0.00 0.00 0.00 0.00 0.00 0.00 4.82 4.38 3.87 3.72 6.13 11.97 21.46 24.75 23.14 20.29 19.13 19.13 17.74 15.40 15.33 15.84 17.23 18.40 19.05 19.05 16.86 15.48 15.26 11.90 18.03 14.02 15.04
2.34 0.51 0.44 2.26 6.50 8.32 2.48 7.88 10.07 11.24 11.17 10.07 8.40 8.18 7.59 8.40 8.18 6.94 6.94 5.48 6.28 7.23 6.28 6.28 6.13 4.45 3.43 4.55 8.10 10.15 11.75 15.99 20.81 24.38 27.16 28.91 29.50 27.16 24.66 23.60 23.29 20.73 14.24 14.24 7.45 5.04 3.94 1.83 1.24 1.02 0.88 0.07 0.00 0.00 0.00 0.00 0.00 3.80 7.23 6.06 4.31 4.67 7.23 11.75 16.86 17.89 17.67 16.79 16.79 16.13 16.35 16.13 15.55 16.21 19.56 22.85 24.38 23.65 21.02 17.74 16.57 17.89 16.57 16.79
0.73 0.00 0.00 0.73 5.99 8.61 4.74 7.88 9.95 10.29 11.61 11.75 11.32 9.34 7.74 6.13 5.04 3.65 3.65 4.60 5.18 6.35 7.15 8.25 7.23 4.96 4.45 4.94 5.33 6.42 7.23 9.13 12.41 13.72 22.27 23.94 26.86 28.84 29.13 27.48 25.97 24.53 21.90 21.90 18.40 15.77 12.85 6.50 4.16 3.50 2.34 0.22 0.00 0.00 0.00 0.00 0.00 1.02 5.11 9.27 7.52 4.16 3.65 5.33 7.96 8.83 9.27 12.05 12.05 12.78 15.04 16.57 16.43 15.55 17.52 20.88 23.00 24.67 23.43 20.88 17.23 16.72 14.89 13.87
0.51 0.00 0.00 2.26 7.66 9.86 10.73 6.06 8.76 8.47 9.05 9.71 9.71 6.79 5.04 3.58 2.99 3.29 3.29 0.00 4.53 5.62 6.28 7.23 7.15 5.99 5.69 6.28 7.26 7.34 7.41 7.56 7.22 7.81 10.66 13.58 16.94 21.83 26.21 25.55 25.07 24.67 26.13 26.13 26.28 26.65 24.53 21.68 14.38 9.49 4.60 2.19 0.80 0.00 0.00 0.00 0.00 0.00 0.00 5.33 9.05 6.86 3.72 3.80 4.96 4.45 4.89 6.06 6.06 6.57 7.96 9.42 8.83 8.40 9.42 12.85 15.33 17.74 20.29 20.08 17.74 12.34 13.72 12.56
0.51 0.00 0.00 2.26 7.66 9.86 10.73 6.06 8.54 8.47 9.05 9.71 9.71 6.79 5.04 3.58 2.99 3.30 3.29 0.00 4.53 5.62 6.28 7.23 7.15 5.99 5.69 6.28 7.15 7.08 7.15 7.52 7.01 7.81 10.71 13.65 16.94 21.72 26.47 25.55 24.82 24.67 26.13 26.13 26.28 26.65 24.53 21.68 14.38 9.49 4.60 2.19 0.80 0.00 0.00 0.00 0.00 0.00 0.00 5.33 9.05 6.86 3.72 3.80 4.96 4.45 4.89 6.06 6.06 6.57 7.96 9.42 8.83 8.40 9.42 12.85 15.33 17.74 20.29 20.08 17.74 12.34 13.72 12.56
3.80 3.21 3.29 3.50 5.18 8.18 11.02 12.23 9.71 9.64 9.86 9.42 8.61 4.74 2.92 2.34 2.12 0.00 0.00 0.00 4.31 4.74 4.96 5.77 6.72 6.86 7.01 7.37 8.32 8.76 8.83 8.47 7.08 6.50 8.32 9.86 11.32 15.48 20.03 20.44 18.54 19.13 19.86 19.86 22.85 26.06 26.65 26.72 26.06 23.07 17.30 10.00 2.56 0.00 0.00 0.00 0.00 0.00 0.00 2.34 5.55 7.59 5.11 2.63 3.21 2.85 0.00 2.48 2.48 2.56 2.63 2.56 2.19 2.41 3.07 6.57 11.02 14.09 16.50 18.91 17.96 12.70 14.45 13.43
