Wansh/Snow_depth/snowdepth-1987/winter/1988052.txt
ncols 321
nrows 161
xllcenter 60
yllcenter 15 
cellsize  0.25 
NODATA_value -1
[rows 0 to 36 of 161, columns 168 to 251 of 321]
11.68 10.07 8.76 7.52 7.08 6.42 6.42 6.94 7.59 7.59 8.10 8.83 9.49 8.47 8.32 8.54 8.98 10.66 11.32 12.19 10.44 9.71 9.71 9.71 9.20 8.54 4.89 0.00 0.00 0.00 0.00 0.00 13.29 14.75 13.94 13.94 13.80 15.62 17.96 18.47 17.96 18.47 19.42 21.24 23.21 23.94 22.85 21.46 21.32 20.95 20.15 19.49 19.05 19.42 21.10 22.63 25.99 27.81 28.25 27.01 27.01 25.92 25.92 27.52 28.62 28.69 28.47 27.01 25.33 22.34 21.97 21.61 21.46 20.88 20.95 21.75 23.00 23.58 24.09 23.94 22.70 20.51 19.49 20.22
16.50 14.16 12.41 11.68 11.10 9.27 7.15 7.08 8.18 8.18 8.69 8.54 8.61 8.40 8.40 9.49 10.37 10.44 11.61 12.34 9.93 9.05 9.34 9.71 8.25 4.67 0.00 0.00 0.00 0.00 0.00 0.00 4.16 13.21 13.72 13.72 15.26 17.16 20.15 21.83 21.83 22.27 21.53 21.32 22.05 21.17 20.51 21.02 21.24 20.59 20.59 21.02 21.53 22.12 22.48 22.78 23.29 24.45 26.21 26.79 26.79 26.35 26.79 27.81 27.74 27.59 27.67 27.30 26.65 25.92 24.09 23.14 22.78 22.12 21.10 20.66 21.75 21.68 21.53 21.97 21.53 20.00 18.18 17.89
19.35 17.23 14.89 13.21 12.92 11.61 9.86 8.18 7.66 7.66 8.91 9.49 9.78 10.80 11.61 12.85 13.87 13.72 12.85 11.46 10.07 9.20 9.27 7.96 4.82 0.00 0.00 0.00 0.00 0.00 1.75 8.18 7.52 10.59 13.14 13.14 14.89 18.10 20.51 21.61 21.10 20.44 19.42 18.40 18.40 19.05 20.22 21.53 21.90 21.53 21.61 22.05 22.19 22.56 22.85 22.85 22.92 24.45 25.26 25.99 25.99 26.57 26.79 27.08 27.45 26.79 26.65 26.13 25.70 25.19 24.09 23.29 22.56 21.10 19.71 19.71 19.71 19.93 20.15 20.95 20.81 19.86 19.42 19.64
19.35 17.23 14.89 13.21 12.92 11.61 9.86 8.18 7.66 7.66 8.91 9.49 9.78 10.80 11.61 12.85 13.87 13.72 12.85 11.46 10.07 9.20 9.27 7.96 4.82 0.00 0.00 0.00 0.00 0.00 1.75 8.18 7.52 10.59 13.14 13.14 14.89 18.10 20.51 21.61 21.10 20.44 19.42 18.40 18.40 19.05 20.22 21.53 21.90 21.53 21.61 22.05 22.19 22.56 22.85 22.85 22.92 24.45 25.26 25.99 25.99 26.57 26.79 27.08 27.45 26.79 26.65 26.13 25.70 25.19 24.09 23.29 22.56 21.10 19.71 19.71 19.71 19.93 20.15 20.95 20.81 19.86 19.42 19.64
20.29 19.42 17.52 15.04 12.70 12.56 12.48 11.10 9.49 9.49 10.15 12.12 12.99 12.99 14.02 14.38 14.60 14.16 11.83 9.05 6.13 4.02 9.86 1.90 0.00 0.00 0.00 0.00 0.00 1.75 7.59 9.71 10.15 10.95 10.15 10.15 15.84 17.30 18.54 19.56 20.22 20.66 19.93 18.91 19.35 19.78 20.51 20.66 21.10 22.27 23.21 23.65 23.43 22.85 21.53 22.19 22.34 21.75 22.63 22.85 22.85 23.80 26.57 27.59 26.86 24.16 22.85 22.05 22.34 22.05 21.02 20.73 19.56 18.91 18.47 18.32 18.32 19.13 20.44 21.46 21.83 21.90 21.17 21.17
21.68 21.61 20.08 18.10 16.06 15.26 16.06 17.01 15.18 15.18 12.99 13.07 15.04 16.35 16.28 15.48 14.09 9.78 7.37 4.38 0.00 0.00 0.00 0.00 0.00 0.00 0.00 0.00 4.16 8.10 10.51 11.32 11.90 13.65 15.77 15.77 14.75 18.83 17.08 16.72 18.32 18.69 18.83 19.35 20.44 21.83 22.85 22.56 22.70 23.51 24.97 25.33 24.09 23.58 21.61 20.59 19.93 19.93 20.37 21.32 21.32 23.51 25.55 25.84 24.02 21.46 18.40 17.52 18.40 17.96 17.52 17.81 17.30 16.28 16.13 15.84 15.99 15.84 17.45 18.91 20.08 20.95 21.53 21.83
20.08 22.92 21.68 19.93 17.74 15.91 16.72 17.81 16.94 16.94 15.77 15.04 15.26 15.99 15.62 13.87 10.22 7.23 0.00 0.00 0.00 0.00 0.00 0.00 0.00 0.00 0.00 2.85 6.94 8.61 9.71 11.53 13.72 16.06 19.86 19.86 20.29 21.53 15.55 13.43 14.82 17.01 19.27 21.24 23.51 25.04 25.92 26.86 27.45 26.86 26.35 24.97 22.92 21.61 19.93 18.25 17.81 18.32 19.64 21.46 21.46 22.70 23.36 22.63 20.15 17.89 15.70 15.18 15.04 14.75 14.45 14.53 14.31 13.36 13.07 12.92 12.99 12.92 14.38 16.12 20.36 23.76 23.41 26.39
20.08 22.92 21.68 19.93 17.74 15.91 16.72 17.81 16.94 16.94 15.77 15.04 15.26 15.99 15.62 13.87 10.22 7.23 0.00 0.00 0.00 0.00 0.00 0.00 0.00 0.00 0.00 2.85 6.94 8.61 9.71 11.53 13.72 16.06 19.86 19.86 20.29 21.53 15.55 13.43 14.82 17.01 19.27 21.24 23.51 25.04 25.92 26.86 27.45 26.86 26.35 24.97 22.92 21.61 19.93 18.25 17.81 18.32 19.64 21.46 21.46 22.70 23.36 22.63 20.15 17.89 15.70 15.18 15.04 14.75 14.45 14.53 14.31 13.36 13.07 14.94 17.92 18.59 19.70 27.39 33.62 31.62 30.12 27.38
13.36 15.55 18.40 19.93 17.30 15.84 15.26 15.33 15.48 15.48 16.21 15.48 14.31 12.63 11.02 8.69 3.36 0.00 0.00 0.00 0.00 0.00 0.00 0.00 0.00 0.00 6.28 8.32 9.20 10.44 11.10 12.63 13.94 16.64 18.40 18.40 18.61 14.97 18.40 14.38 17.08 20.00 21.53 21.90 22.92 24.45 26.50 27.52 26.50 24.60 24.60 23.58 21.32 20.08 18.40 17.16 17.30 17.74 18.47 19.13 19.13 19.86 20.37 18.32 17.30 16.28 14.60 13.72 13.36 13.51 13.51 13.21 12.48 12.04 15.35 19.06 22.14 20.57 17.14 21.55 21.05 20.24 20.69 21.86
10.80 10.59 12.41 15.40 17.52 17.45 15.84 15.33 14.53 14.53 13.72 12.78 11.02 6.35 2.26 0.00 0.00 0.00 0.00 0.00 0.00 3.50 2.41 3.29 6.13 7.59 7.01 9.34 9.93 11.02 11.39 11.53 12.41 13.72 14.82 14.82 16.28 16.21 15.99 15.33 20.88 21.97 20.08 19.27 19.05 20.51 20.88 21.17 21.10 21.83 21.83 20.08 19.35 18.98 18.61 17.52 18.10 19.56 18.61 18.25 18.25 18.54 17.16 15.18 14.53 13.87 12.85 13.14 13.58 13.80 13.43 12.70 13.40 17.26 17.01 17.09 18.83 20.82 22.85 21.43 19.04 17.74 20.50 21.26
14.38 12.92 10.66 10.15 10.80 11.90 11.75 10.66 9.20 9.20 6.42 4.09 1.46 0.00 0.00 0.00 0.00 0.00 5.48 8.69 8.10 8.25 9.20 8.32 8.32 8.69 8.40 8.03 9.34 9.78 9.34 8.91 10.07 12.26 13.72 13.72 16.13 16.79 17.52 19.56 19.78 18.40 16.28 15.26 14.67 14.97 14.24 15.26 18.03 19.71 19.35 18.40 17.59 18.32 18.47 18.32 18.40 17.45 17.08 16.43 16.43 16.28 15.99 15.04 14.24 13.36 13.51 13.87 13.72 14.45 14.02 13.29 12.73 11.49 10.76 14.70 18.75 18.57 16.32 17.56 19.12 20.55 18.83 17.56
14.38 12.92 10.66 10.15 10.80 11.90 11.75 10.66 9.20 9.20 6.42 4.09 1.46 0.00 0.00 0.00 0.00 0.00 5.48 8.69 8.10 8.25 9.20 8.32 8.32 8.69 8.40 8.03 9.34 9.78 9.34 8.91 10.07 12.26 13.72 13.72 16.13 16.79 17.52 19.56 19.78 18.40 16.28 15.26 14.67 14.97 14.24 15.26 18.03 19.71 19.35 18.40 17.59 18.32 18.47 18.32 18.40 17.45 17.08 16.43 16.43 16.28 15.99 15.04 14.24 13.36 13.51 13.87 13.72 14.45 14.02 13.29 12.41 11.32 10.44 13.65 16.72 17.20 17.41 18.22 19.12 20.10 20.68 18.79
15.70 15.40 14.67 12.56 10.15 8.25 5.77 1.31 0.00 0.00 0.00 0.00 0.00 0.00 0.00 0.00 0.00 2.99 5.40 7.88 8.47 8.76 8.25 7.96 8.76 9.20 8.10 10.29 8.69 10.44 9.86 10.15 11.46 13.29 14.09 14.09 16.06 16.72 17.45 16.72 16.13 17.08 13.21 11.02 10.29 9.93 11.53 13.14 15.11 16.28 16.06 16.13 16.28 17.67 18.03 17.45 16.64 15.26 14.97 15.33 15.33 16.06 17.23 16.64 15.48 15.48 15.70 15.04 15.33 15.62 14.82 14.09 13.14 11.75 10.56 13.34 17.24 17.03 17.69 19.07 18.35 19.86 19.99 18.31
19.27 19.64 18.54 17.01 15.40 11.61 8.47 5.26 1.31 1.31 0.00 0.00 0.00 0.00 0.37 0.88 1.61 3.29 4.60 5.55 6.57 7.45 8.18 8.61 8.47 8.54 9.64 11.32 12.85 11.90 11.32 11.17 11.83 12.05 12.85 12.85 13.14 13.65 13.87 13.43 12.34 11.61 13.21 8.03 9.27 11.02 12.41 12.78 13.72 13.51 13.21 13.29 15.40 17.89 18.91 18.40 16.43 15.40 14.97 16.28 16.28 17.59 18.83 18.61 17.81 16.94 16.06 15.55 16.28 17.45 18.18 16.57 13.87 13.28 14.60 15.85 14.99 18.04 19.77 15.97 17.46 15.92 16.70 17.66
21.75 21.46 19.71 18.47 17.81 17.37 16.13 12.85 10.66 10.66 10.15 6.94 6.79 6.13 4.89 4.02 3.43 2.63 2.70 3.58 4.82 5.69 7.30 8.25 10.07 8.61 10.00 10.59 11.46 12.05 11.61 10.59 11.61 11.83 11.83 11.83 11.75 12.56 12.78 10.73 8.47 7.88 8.40 7.37 9.56 10.80 10.95 11.39 12.26 12.34 12.05 12.48 13.94 16.06 16.57 17.59 18.25 17.89 17.59 17.89 17.89 18.61 19.27 18.69 16.79 16.28 14.97 15.33 17.08 19.86 20.08 17.37 15.54 17.92 16.18 16.81 17.39 18.82 15.99 15.16 15.68 15.07 16.13 14.80
18.61 20.15 18.32 16.43 15.48 14.38 12.92 12.12 11.83 11.83 10.66 9.78 8.69 6.79 4.23 2.77 2.12 1.46 1.39 2.26 3.36 4.60 5.99 8.10 10.22 8.83 8.61 8.69 9.78 10.44 10.80 11.32 11.68 11.39 12.19 12.19 11.75 11.39 10.00 9.27 9.05 11.10 10.88 10.37 10.59 7.88 7.59 8.32 8.61 7.59 8.18 9.42 12.12 13.14 14.89 17.30 18.40 18.83 18.83 19.05 19.05 19.64 19.13 18.10 17.23 16.06 15.77 16.35 18.47 21.10 21.61 20.39 20.65 19.47 20.02 17.00 19.15 17.30 16.88 16.49 16.41 16.55 13.82 14.31
18.61 20.15 18.32 16.43 15.48 14.38 12.92 12.12 11.83 11.83 10.66 9.78 8.69 6.79 4.23 2.77 2.12 1.46 1.39 2.26 3.36 4.60 5.99 8.10 10.22 8.83 8.61 8.69 9.78 10.44 10.80 11.32 11.68 11.39 12.19 12.19 11.75 11.39 10.00 9.27 9.05 11.10 10.88 10.37 10.59 7.88 7.59 8.32 8.61 7.59 8.18 9.42 12.12 13.14 14.89 17.30 18.40 18.83 18.83 19.05 19.05 19.64 19.13 18.10 17.23 16.06 15.77 16.35 18.47 21.10 21.61 25.04 19.36 21.16 17.98 21.03 19.43 19.12 17.21 14.87 15.87 14.23 15.03 16.25
12.41 16.50 17.67 17.23 14.89 12.26 10.59 10.51 10.29 10.29 9.05 8.25 7.59 6.57 4.60 3.58 2.99 2.99 3.36 3.94 5.55 6.13 7.52 7.88 9.34 8.03 8.47 8.40 9.20 9.42 9.93 10.66 11.32 11.53 12.19 12.19 11.17 10.80 9.93 10.00 10.44 11.53 10.59 8.54 8.98 7.88 4.82 5.84 5.33 4.82 5.84 7.74 10.15 11.61 12.99 15.48 16.06 16.86 17.16 18.18 18.18 18.69 18.25 17.37 16.86 16.57 17.08 18.25 20.08 22.05 24.74 24.01 26.53 26.54 26.94 26.55 23.83 18.62 16.27 17.50 16.28 15.10 15.13 13.76
9.05 10.66 13.65 15.70 16.21 14.60 12.19 10.73 10.37 10.37 9.71 9.34 8.47 8.98 8.03 5.69 5.04 5.69 6.20 6.94 7.96 8.69 8.83 8.83 8.47 8.54 7.15 6.64 7.15 8.25 9.56 10.15 10.66 11.10 10.88 10.88 11.10 11.53 11.10 11.02 10.22 9.64 7.37 5.11 4.23 5.26 5.33 6.35 6.72 7.30 7.30 9.05 10.51 11.97 11.53 13.72 15.04 16.86 17.74 18.69 18.69 19.49 19.42 19.05 17.96 17.01 17.52 19.05 20.81 22.23 25.51 25.96 26.21 26.79 29.64 27.53 23.49 20.46 18.05 18.94 15.72 16.77 15.37 16.35
8.03 8.47 9.93 10.88 11.97 13.65 13.51 12.34 10.37 10.37 9.34 10.44 10.37 9.56 9.20 8.47 6.79 7.37 9.20 10.07 10.66 11.17 10.95 9.78 8.47 6.72 7.15 6.72 6.79 7.74 9.49 12.12 12.70 12.70 12.56 12.56 12.70 11.83 10.88 9.27 8.40 8.32 6.42 4.60 5.18 6.28 5.62 9.49 9.93 10.66 11.46 11.61 11.90 13.14 14.16 16.86 20.00 20.81 20.44 19.27 19.27 18.91 19.13 17.74 16.94 15.99 17.01 19.56 23.14 24.45 25.26 26.06 26.86 27.89 27.59 27.76 28.32 30.82 26.11 20.06 19.50 15.78 14.33 17.33
5.55 6.13 7.23 8.25 9.27 10.73 11.17 10.88 10.44 10.44 10.88 11.32 11.90 12.12 10.66 8.69 8.83 9.56 10.22 11.24 12.05 11.39 10.37 9.27 9.64 8.76 8.18 7.52 7.96 9.86 12.26 14.16 13.72 14.16 14.60 14.60 12.41 8.32 9.64 9.78 10.95 10.29 10.29 5.26 5.62 6.28 6.94 8.47 7.52 9.34 10.22 10.88 13.21 14.89 17.45 19.64 21.17 21.83 20.81 17.74 17.74 15.11 11.97 11.17 13.21 13.58 15.18 18.40 22.70 23.87 23.07 23.58 24.97 27.59 30.61 32.72 37.56 29.20 26.06 23.12 23.19 18.17 19.08 16.27
3.07 3.80 4.38 5.11 5.84 7.30 9.64 11.02 11.97 11.97 10.59 9.34 9.49 9.78 9.93 9.64 10.07 11.53 12.34 12.26 11.68 11.61 11.46 11.17 11.10 10.80 10.44 10.37 12.26 13.87 14.89 13.94 13.21 14.02 13.80 13.80 14.53 8.03 8.47 10.29 11.39 10.29 7.01 5.62 5.84 5.40 4.82 4.45 4.09 6.28 6.64 7.37 9.34 11.53 15.48 18.18 18.69 19.05 16.06 11.68 11.68 8.18 4.77 6.57 10.88 12.78 13.36 15.18 19.35 20.51 19.35 19.42 21.75 25.33 28.21 29.20 35.30 28.29 28.55 21.80 18.27 19.70 21.84 18.95
3.07 3.80 4.38 5.11 5.84 7.30 9.64 11.02 11.97 11.97 10.59 9.34 9.49 9.78 9.93 9.64 10.07 11.53 12.34 12.26 11.68 11.61 11.46 11.17 11.10 10.80 10.44 10.37 12.26 13.87 14.89 13.94 13.21 14.02 13.80 13.80 14.53 8.03 8.47 10.29 11.39 10.29 7.01 5.62 5.84 5.40 4.82 4.45 4.09 6.28 6.64 7.37 9.34 11.53 15.48 18.18 18.69 19.05 16.06 11.68 11.68 8.18 4.77 6.57 10.88 12.78 13.36 15.18 19.35 20.51 19.35 19.42 21.75 25.33 27.08 29.36 27.41 24.89 23.91 25.37 22.35 20.13 17.11 17.48
1.61 2.19 3.14 4.09 5.55 7.45 9.05 10.66 12.41 12.41 14.16 13.14 11.75 11.17 11.02 10.22 10.37 11.53 13.07 13.65 12.78 12.34 13.21 12.92 12.85 13.14 15.33 15.04 16.13 15.26 15.11 14.60 13.29 12.34 11.75 11.75 11.97 10.07 10.80 11.97 12.05 11.24 8.25 5.69 4.31 1.75 0.95 1.46 1.75 3.87 3.94 5.77 7.15 10.22 13.80 14.31 12.78 10.66 8.91 5.40 5.40 2.48 0.00 0.00 8.25 10.51 12.41 13.58 15.18 16.06 16.35 16.43 20.51 24.60 25.99 25.75 25.20 31.13 30.33 26.14 23.01 16.76 16.73 19.00
0.88 1.75 2.56 2.99 3.58 4.16 7.74 12.48 15.62 15.62 17.30 16.64 14.89 13.94 14.82 14.67 13.87 13.58 13.29 14.24 15.33 14.60 14.45 15.77 15.18 16.64 16.72 17.52 18.61 16.86 15.62 14.53 13.80 12.26 11.75 11.75 12.70 11.90 12.05 12.92 13.80 12.19 8.25 4.02 2.41 0.80 0.00 0.00 0.29 1.83 2.12 3.72 4.96 6.28 7.81 8.61 6.64 4.89 3.43 2.56 2.56 2.34 3.43 5.04 7.52 9.05 10.88 12.78 15.11 16.35 16.43 18.54 23.87 27.52 27.63 25.92 23.57 23.45 24.37 23.53 26.04 17.65 19.21 20.71
3.14 3.43 4.02 4.38 5.04 6.20 8.76 12.19 16.28 16.28 17.81 16.72 15.70 14.09 13.58 14.09 14.67 14.89 16.64 17.23 17.37 17.89 18.18 18.69 19.13 19.49 20.59 20.66 20.88 20.08 17.81 15.77 13.80 10.66 10.07 10.07 11.10 11.17 11.83 13.80 13.36 9.05 5.26 2.99 1.83 1.53 1.17 2.26 2.41 2.56 0.00 0.00 1.39 2.56 4.53 4.96 4.45 4.23 5.69 5.55 5.55 5.55 6.57 6.57 6.35 7.74 10.00 12.05 14.97 18.83 22.92 23.58 26.90 29.20 26.61 24.93 22.82 18.67 20.01 22.01 21.11 20.93 16.79 14.60
5.77 5.26 5.55 5.33 5.55 8.40 10.29 12.34 13.29 13.29 13.80 13.58 12.85 12.19 10.80 10.15 10.80 12.05 12.99 14.38 16.28 17.23 18.18 19.20 18.91 20.51 20.73 21.02 21.02 18.47 16.06 13.87 11.75 10.73 10.07 10.07 9.78 9.27 9.71 11.17 6.86 5.55 4.96 5.04 4.38 4.53 5.55 6.06 5.84 5.26 3.94 2.70 4.38 5.69 6.20 5.84 5.62 6.28 7.59 7.66 7.66 7.08 6.79 6.20 6.64 8.83 12.41 15.70 18.03 22.27 26.65 28.25 29.20 28.31 27.41 24.36 22.81 25.74 24.18 23.80 21.80 17.29 16.73 14.60
5.69 6.20 7.30 7.08 6.94 8.10 10.73 13.87 15.04 15.04 13.36 12.19 12.05 11.24 10.59 10.00 8.69 8.18 9.05 10.80 13.36 15.33 14.60 15.18 16.86 17.52 17.67 18.83 18.61 16.35 13.72 12.34 12.26 11.83 11.24 11.24 9.56 8.10 6.86 8.32 7.37 7.81 9.42 9.93 9.64 10.88 9.93 9.64 8.98 8.10 7.15 6.28 6.64 6.57 7.37 6.50 7.37 8.91 10.15 9.93 9.93 7.88 7.15 7.74 11.39 14.16 16.50 18.03 21.53 26.13 30.62 31.63 32.46 25.61 21.94 21.59 21.56 24.82 25.96 22.81 19.17 14.98 14.39 9.32
5.69 6.20 7.30 7.08 6.94 8.10 10.73 13.87 15.04 15.04 13.36 12.19 12.05 11.24 10.59 10.00 8.69 8.18 9.05 10.80 13.36 15.33 14.60 15.18 16.86 17.52 17.67 18.83 18.61 16.35 13.72 12.34 12.26 11.83 11.24 11.24 9.56 8.10 6.86 8.32 7.37 7.81 9.42 9.93 9.64 10.88 9.93 9.64 8.98 8.10 7.15 6.28 6.64 6.57 7.37 6.50 7.37 8.91 10.15 9.93 9.93 7.88 7.15 7.74 11.39 14.16 16.50 18.03 21.53 26.13 30.78 31.30 29.36 28.53 23.41 25.19 25.03 24.02 27.11 22.16 20.27 17.77 13.13 7.91
8.61 8.98 9.34 8.83 7.81 8.32 9.78 12.05 13.21 13.21 12.78 11.97 12.34 12.70 13.43 13.36 12.41 12.41 14.31 14.60 15.33 15.99 16.06 16.72 15.18 14.82 15.77 16.35 16.35 13.80 11.90 10.07 9.56 8.69 8.91 8.91 7.59 7.74 9.49 11.32 10.07 12.41 13.51 13.94 15.11 14.89 14.38 13.36 12.63 11.10 10.59 10.15 8.69 9.34 9.05 8.03 10.22 11.83 12.78 12.19 12.25 11.45 11.15 12.48 15.99 16.86 18.32 22.05 25.46 28.46 30.75 29.20 31.21 28.11 25.72 24.04 21.58 20.10 22.51 18.22 14.60 14.38 8.39 5.48
13.07 12.48 11.39 10.73 9.56 8.69 8.91 10.29 10.80 10.80 10.22 9.42 9.20 9.20 10.51 11.53 12.63 12.56 12.56 14.16 15.55 18.98 20.00 20.29 18.98 16.72 15.70 14.97 14.24 14.89 12.34 10.22 8.54 8.47 8.91 8.91 9.13 11.75 13.36 14.38 14.02 14.09 13.65 14.09 14.67 13.58 13.14 13.43 12.05 10.66 9.56 10.29 10.80 11.24 7.74 5.77 8.40 9.86 10.80 10.37 10.37 10.88 12.34 14.60 17.16 19.20 22.19 25.11 27.96 28.98 28.91 28.90 29.93 28.20 22.13 18.22 17.14 14.39 13.45 14.28 11.04 8.01 5.24 4.67
13.14 11.90 10.15 9.27 8.76 8.61 8.69 9.20 8.61 8.61 7.15 6.57 5.77 6.57 8.10 9.49 10.95 13.07 14.97 16.21 18.47 18.69 22.48 25.33 25.62 25.92 24.67 19.35 21.90 18.18 17.52 16.57 14.24 13.51 12.63 12.63 13.21 13.43 13.29 11.90 9.86 7.74 10.29 9.34 10.59 9.34 10.00 10.66 9.13 7.52 6.86 7.96 7.88 9.86 7.45 2.34 3.29 5.91 7.66 7.96 7.96 9.34 12.63 15.55 19.27 22.48 24.45 25.99 27.16 27.59 28.03 27.75 26.88 22.96 15.53 13.89 11.23 9.58 7.09 6.61 4.69 4.45 3.84 4.53
10.00 9.49 9.13 8.40 8.47 7.37 7.23 6.79 5.77 5.77 4.53 5.33 8.03 9.78 9.64 11.90 14.45 18.32 20.08 23.80 25.84 28.25 29.35 30.15 31.32 30.73 30.30 29.05 24.31 24.38 22.48 20.15 17.45 15.18 14.45 14.45 13.29 10.73 9.27 7.01 5.99 4.60 5.40 6.13 6.86 6.64 7.15 7.96 6.94 5.84 4.82 4.74 4.02 2.56 2.63 0.00 2.48 4.38 5.84 9.05 9.05 10.73 12.63 14.75 18.18 18.25 19.35 22.27 24.45 26.43 26.57 23.74 24.15 15.87 13.03 9.04 7.25 5.72 4.51 2.94 1.66 2.10 2.17 3.19
7.81 7.01 6.86 6.20 5.91 5.91 4.96 5.26 5.84 5.84 5.77 7.52 10.88 15.18 18.18 19.20 21.46 25.62 29.57 30.00 31.46 31.46 30.95 29.71 27.74 26.35 26.13 21.75 24.75 22.05 24.24 16.79 14.75 11.32 10.00 10.00 9.42 7.15 5.69 4.82 4.31 3.58 3.80 3.80 4.38 5.77 7.88 8.83 9.20 8.47 5.99 4.23 3.58 2.19 3.07 0.00 5.18 4.96 7.88 10.22 10.22 9.64 9.42 8.61 9.20 11.53 13.29 18.40 22.27 24.38 23.14 18.76 13.87 9.04 5.24 4.61 2.37 1.19 1.24 0.82 0.54 0.00 0.22 1.40
8.61 7.74 7.74 7.30 7.30 7.96 7.88 6.94 7.23 7.23 8.54 10.73 13.87 17.01 18.32 20.00 22.27 25.40 28.03 29.49 29.05 26.72 25.77 23.51 21.53 20.37 15.84 14.16 15.77 13.58 11.90 14.60 9.05 7.30 7.01 7.01 5.99 5.11 3.87 3.36 0.00 0.00 0.00 2.77 0.00 7.96 10.29 11.46 11.24 9.56 8.03 6.86 7.37 7.66 7.45 5.55 6.35 4.02 6.94 7.74 7.74 7.74 7.23 7.23 7.59 10.44 12.78 18.25 20.22 20.59 19.78 15.41 10.28 5.44 3.10 2.11 1.32 0.00 0.00 0.00 0.00 0.00 0.00 0.00
8.61 7.74 7.74 7.30 7.30 7.96 7.88 6.94 7.23 7.23 8.54 10.73 13.87 17.01 18.32 20.00 22.27 25.40 28.03 29.49 29.05 26.72 25.77 23.51 21.53 20.37 15.84 14.16 15.77 13.58 11.90 14.60 9.05 7.30 7.01 7.01 5.99 5.11 3.87 3.36 0.00 0.00 0.00 2.77 0.00 7.96 10.29 11.46 11.24 9.56 8.03 6.86 7.37 7.66 7.45 5.55 6.35 4.02 6.94 7.74 7.74 7.74 7.23 7.23 7.59 10.44 12.78 18.25 20.22 20.59 19.78 15.33 10.12 5.36 3.10 2.20 1.17 0.00 0.00 0.00 0.00 0.00 0.00 0.00
9.93 8.76 9.56 10.59 10.59 11.39 12.56 12.56 13.36 13.36 13.58 14.82 16.06 17.96 19.13 18.47 18.69 19.20 21.83 22.70 20.81 18.76 17.59 15.91 14.45 11.75 11.24 8.10 8.91 7.01 7.59 8.40 5.91 5.18 5.40 5.40 4.67 3.50 3.43 0.00 0.00 0.00 0.00 0.00 0.00 6.64 8.03 8.91 10.15 11.02 10.15 11.02 11.46 11.10 8.98 5.91 7.01 3.80 6.57 7.74 7.74 8.69 7.59 7.23 7.81 9.93 11.39 13.72 14.38 16.50 16.64 13.65 8.32 4.35 1.54 0.15 0.56 0.00 0.00 0.00 0.00 0.00 0.00 0.00
