Wansh/Snow_depth/snowdepth-1987/winter/1988055.txt
ncols 321
nrows 161
xllcenter 60
yllcenter 15 
cellsize  0.25 
NODATA_value -1
[rows 37 to 73 of 161, columns 0 to 83 of 321]
0.00 0.00 0.00 0.00 0.00 2.56 3.87 3.87 3.65 3.21 1.61 2.70 0.00 0.00 2.48 3.50 2.99 2.34 1.75 2.70 1.83 2.04 1.24 1.31 0.58 0.00 0.00 0.00 0.22 0.66 2.04 2.77 2.70 3.36 4.53 4.67 3.72 2.92 2.70 2.77 3.43 3.50 3.43 3.29 3.43 3.50 6.64 5.84 5.69 6.50 6.50 6.50 7.30 6.64 4.67 0.00 0.00 0.00 0.00 0.00 0.80 1.53 2.77 3.43 4.23 4.60 3.72 2.41 2.34 3.14 4.96 5.91 6.50 7.88 8.91 9.42 9.42 10.66 12.19 12.56 12.48 11.68 9.93 8.47
0.00 0.00 0.00 0.00 0.00 1.02 2.99 4.60 3.94 2.48 2.77 2.41 1.90 2.41 3.58 3.94 3.07 2.63 1.17 4.23 3.72 2.41 3.14 1.39 0.00 0.00 0.00 0.00 0.00 0.00 0.00 0.00 0.44 2.19 2.63 1.68 0.00 0.00 0.00 0.00 0.00 1.24 0.95 0.29 0.15 0.00 4.60 3.29 4.67 5.84 6.94 6.94 7.66 6.35 2.26 0.00 0.00 0.00 0.00 0.00 0.29 1.53 3.21 3.43 3.43 3.50 2.19 0.88 0.95 2.56 3.80 6.13 7.23 7.59 8.03 9.13 9.13 11.39 14.09 14.31 13.51 13.07 11.90 11.90
0.00 0.00 0.00 0.00 0.00 0.00 1.97 2.26 3.65 3.58 3.07 2.85 3.07 3.21 3.14 3.58 3.21 2.63 1.53 3.36 3.58 4.16 2.99 2.12 0.00 0.00 0.00 0.00 0.00 0.00 0.00 0.00 0.00 0.00 0.00 0.07 0.00 0.00 0.00 0.00 0.00 0.66 0.80 0.73 0.00 0.00 1.83 2.12 3.43 4.89 5.77 5.77 5.69 4.31 4.09 0.00 0.00 0.00 0.00 0.00 0.66 2.70 3.50 2.85 2.48 3.07 4.45 3.72 3.94 6.20 8.69 11.10 12.26 11.97 10.80 9.13 9.13 11.10 13.58 14.60 13.80 12.26 11.24 12.41
0.00 0.00 0.00 0.00 0.00 0.00 0.00 0.00 3.43 4.16 4.45 3.07 2.41 3.58 2.19 2.04 1.90 2.12 2.19 3.07 3.72 4.74 4.67 2.85 0.88 0.00 0.00 0.00 0.00 0.00 0.00 0.00 0.00 0.00 0.00 1.75 1.68 1.17 0.73 2.12 1.75 1.90 0.80 1.10 1.31 2.56 3.43 1.75 1.68 4.38 3.94 3.94 3.07 3.29 3.21 1.68 0.00 0.00 0.00 1.24 4.23 6.35 5.69 4.67 6.06 7.01 9.20 7.81 8.83 11.53 13.36 14.97 16.28 15.70 13.21 10.59 10.59 8.98 10.51 12.70 12.92 12.26 10.51 11.10
0.00 0.00 0.00 0.00 0.00 0.00 0.00 2.70 3.43 3.80 3.58 3.65 3.14 0.29 2.34 1.24 1.68 1.75 1.97 4.16 4.53 5.18 4.89 4.38 1.90 1.97 1.97 1.90 0.00 0.00 0.00 0.00 0.00 0.00 0.00 4.67 5.04 3.94 3.72 3.29 2.77 2.12 2.56 2.99 3.94 5.33 6.28 7.23 3.50 5.84 3.07 3.07 0.80 0.44 0.66 0.00 0.00 0.00 2.19 5.55 7.74 9.20 8.98 9.64 11.24 12.85 13.36 13.21 14.02 17.16 17.59 17.59 17.74 17.52 15.04 12.26 12.26 10.07 10.44 11.90 12.92 13.14 13.14 11.61
0.00 0.00 0.00 0.00 0.00 0.00 4.23 4.31 4.02 3.80 3.29 2.04 1.53 1.31 0.80 1.75 3.29 4.09 4.74 4.16 6.42 5.69 4.60 3.07 4.45 3.14 3.14 1.24 0.00 0.00 0.00 3.36 4.89 4.31 4.02 5.33 3.50 3.14 2.41 2.48 2.56 2.63 2.26 2.48 3.87 5.62 7.01 7.96 7.66 7.23 3.14 3.14 1.46 1.10 2.41 3.07 2.92 3.21 4.74 5.91 8.40 10.80 12.05 13.36 14.09 15.55 15.70 15.33 15.77 16.64 16.28 15.26 14.67 13.94 13.43 12.92 12.92 10.95 10.00 11.61 12.92 13.58 14.01 11.78
0.00 0.00 0.00 0.00 0.00 4.16 6.06 5.18 5.40 5.18 4.23 3.29 1.83 1.46 2.70 4.31 5.84 7.59 7.88 5.40 8.03 6.35 4.96 4.31 5.40 5.55 5.55 0.00 0.00 0.00 0.00 4.31 7.96 7.66 7.37 6.20 5.26 3.58 1.46 2.12 2.70 2.77 2.92 1.90 1.68 2.99 5.69 6.94 7.01 8.61 4.60 4.60 2.99 2.41 3.58 5.26 7.30 7.30 6.79 6.06 7.59 8.83 8.61 9.20 10.80 14.45 14.75 12.99 12.41 11.83 12.05 10.59 10.44 9.93 10.22 10.22 10.22 8.83 8.03 8.40 10.15 11.46 11.46 9.78
0.00 0.00 0.00 0.00 3.29 3.07 4.23 6.35 7.15 6.13 5.33 4.31 3.29 3.72 5.40 6.50 9.56 12.63 12.85 9.78 10.73 8.98 7.74 6.35 5.11 6.13 6.13 3.87 1.75 1.24 2.77 5.48 8.83 7.30 4.67 5.18 5.48 5.48 6.57 5.40 5.62 4.82 3.94 2.12 0.29 1.90 5.11 7.88 8.61 8.98 5.55 5.55 3.94 4.16 6.64 8.32 9.34 8.83 7.88 6.50 6.20 5.26 5.18 6.13 9.27 11.97 12.34 11.53 11.61 9.49 8.47 7.30 7.52 7.66 7.66 7.23 7.23 5.69 5.69 6.79 8.32 10.73 11.90 11.45
3.80 3.80 4.09 2.77 0.95 2.34 5.99 8.03 8.69 8.03 5.55 4.31 2.85 3.36 4.09 6.28 10.00 13.36 16.13 16.50 10.37 8.25 6.79 6.57 6.06 5.11 5.11 4.74 2.04 0.00 0.00 0.00 0.00 0.00 0.00 1.53 5.77 10.37 11.32 10.95 8.47 6.72 4.82 2.77 1.46 3.29 8.10 10.66 11.61 10.88 7.08 7.08 7.15 8.25 9.64 10.51 12.48 12.34 10.15 8.54 6.42 4.89 4.82 5.99 7.66 10.00 12.92 13.94 13.65 11.46 9.86 10.73 11.02 11.02 9.71 7.88 7.88 6.72 7.59 9.64 11.97 13.65 15.62 15.11
3.80 3.80 4.09 2.77 0.95 2.34 5.99 8.03 8.69 8.03 5.55 4.31 2.85 3.36 4.09 6.28 10.00 13.36 16.13 16.50 10.37 8.25 6.79 6.57 6.06 5.11 5.11 4.74 2.04 0.00 0.00 0.00 0.00 0.00 0.00 1.53 5.77 10.37 11.32 10.95 8.47 6.72 4.82 2.77 1.46 3.29 8.10 10.66 11.61 10.88 7.08 7.08 7.15 8.25 9.64 10.51 12.48 12.34 10.15 8.54 6.42 4.89 4.82 5.99 7.66 10.00 12.92 13.94 13.65 11.46 9.86 10.73 11.02 11.02 9.71 7.88 7.88 6.72 7.59 9.64 11.97 13.65 15.62 15.26
5.26 5.26 4.16 3.07 2.41 2.48 4.89 7.74 9.93 8.18 6.20 4.16 4.31 4.60 5.04 5.26 8.83 11.97 14.38 15.04 15.33 8.18 7.45 7.66 7.30 6.50 6.50 4.38 0.00 0.00 0.00 0.00 0.00 0.00 0.00 0.00 8.76 11.61 10.88 12.63 13.58 10.95 6.79 4.89 6.35 7.96 11.17 12.63 14.24 14.75 13.21 13.21 9.34 12.48 13.87 14.24 14.82 15.91 14.53 13.07 11.83 9.71 8.83 10.00 10.37 12.85 15.18 15.18 14.60 12.56 13.58 16.13 17.01 16.06 14.31 12.26 12.26 11.02 13.21 16.79 18.83 21.17 23.65 23.24
6.57 6.57 5.26 3.21 2.92 3.43 6.94 8.98 8.69 5.11 2.48 3.29 3.87 5.62 7.66 9.27 10.37 12.19 13.58 14.16 13.58 8.25 8.32 8.47 7.30 6.57 6.57 2.19 1.61 0.00 0.00 0.00 0.00 0.00 0.00 3.43 5.77 4.89 0.00 5.40 11.97 13.51 10.95 8.10 10.07 13.72 13.94 14.31 16.13 16.79 16.64 16.64 14.31 17.16 19.49 18.69 20.51 21.61 19.42 14.24 11.97 9.86 10.15 11.75 14.16 17.23 17.08 15.11 13.43 12.78 14.97 14.67 17.23 19.64 18.83 17.52 17.52 17.30 19.13 21.68 26.50 28.98 30.44 30.88
4.89 4.89 4.96 5.04 0.00 8.03 10.15 8.40 0.00 0.00 0.00 0.00 0.00 2.48 6.06 9.93 11.83 13.21 14.45 13.80 12.85 6.50 7.88 7.74 6.94 4.82 4.82 0.22 0.00 0.00 0.00 0.00 0.00 0.00 1.31 0.00 0.00 0.00 0.00 2.04 8.10 12.48 12.41 11.61 13.87 15.11 15.33 15.18 15.91 18.25 18.25 18.25 18.10 19.71 21.32 21.97 21.32 20.37 17.52 14.97 13.29 12.41 12.19 11.75 14.24 14.97 12.26 7.96 4.23 1.39 4.45 5.69 15.04 22.05 24.02 21.68 21.68 20.88 22.56 24.82 26.28 28.39 30.52 30.62
1.90 1.90 4.53 0.00 0.00 0.00 0.00 0.00 0.00 0.00 0.00 0.00 0.00 0.00 0.00 2.77 4.45 5.11 6.06 5.55 13.21 5.55 6.94 7.01 6.64 3.58 3.58 0.00 0.00 0.00 0.00 0.00 0.00 0.00 0.00 0.00 0.00 0.00 0.00 1.97 8.54 10.73 10.66 10.59 11.68 12.99 13.43 12.70 14.38 17.37 17.96 17.96 16.64 18.32 20.44 19.71 19.05 18.98 17.59 16.50 14.97 15.04 14.38 11.75 9.78 7.88 0.00 0.00 0.00 0.00 0.00 0.00 14.97 24.31 24.31 22.63 22.63 22.70 24.45 24.09 21.75 22.31 21.94 22.86
0.00 0.00 2.56 0.00 0.00 0.00 0.00 0.00 0.00 0.00 0.00 0.00 0.00 0.00 0.00 0.00 0.00 0.00 0.00 0.00 0.88 9.42 6.50 6.94 5.62 3.14 3.14 0.00 0.00 0.00 0.00 0.00 0.00 0.00 0.00 0.00 0.00 0.00 0.00 4.67 10.88 11.32 10.51 11.68 12.78 14.38 13.21 12.19 13.07 17.45 17.67 17.67 16.50 18.47 18.91 21.75 22.70 23.65 23.73 22.63 21.90 20.44 16.57 12.70 9.93 7.15 0.00 0.00 0.00 0.00 0.00 0.00 17.16 20.08 19.56 20.15 20.15 21.10 22.12 20.29 17.16 14.38 14.24 14.16
0.00 0.00 0.00 0.00 0.00 0.00 0.00 0.00 0.00 0.00 0.00 0.00 0.00 0.00 0.00 0.00 0.00 0.00 0.00 0.00 0.00 3.80 6.64 5.55 3.14 0.00 0.00 0.00 0.00 0.00 0.00 0.00 0.00 0.00 0.00 0.00 0.00 0.00 0.00 6.28 11.17 12.05 13.29 14.89 14.89 14.09 12.05 10.51 11.53 14.45 16.43 16.43 16.79 17.89 21.17 20.29 24.97 27.52 27.96 29.57 29.49 25.33 20.00 16.79 18.25 14.82 11.17 11.83 10.73 10.51 11.61 15.48 19.56 16.86 15.04 15.18 15.18 14.82 13.94 12.12 10.73 10.59 11.75 12.48
0.00 0.00 0.00 0.00 0.00 0.00 0.00 0.00 0.00 0.00 0.00 0.00 0.00 0.00 0.00 0.00 0.00 0.00 0.00 0.00 0.00 0.00 2.34 0.00 0.00 0.00 0.00 0.00 0.00 0.00 0.00 0.00 0.00 0.00 0.00 0.00 0.00 0.00 0.00 5.33 9.78 12.56 14.75 16.43 13.29 9.05 6.20 6.42 5.69 9.78 12.12 12.12 13.94 15.84 18.40 20.22 24.31 26.86 29.27 32.05 32.56 29.27 27.01 28.98 27.08 26.72 25.33 24.60 22.63 20.15 18.40 20.29 20.51 15.91 10.80 9.20 9.20 9.13 7.59 5.55 5.77 7.88 10.00 11.10
0.00 0.00 0.00 0.00 0.00 0.00 0.00 0.00 0.00 0.00 0.00 0.00 0.00 0.00 0.00 0.00 0.00 0.00 0.00 0.00 0.00 0.00 0.00 0.00 0.00 0.00 0.00 0.00 0.00 0.00 0.00 0.00 0.00 0.00 0.00 0.00 0.00 0.00 0.00 4.96 9.71 12.56 11.61 10.44 3.87 2.04 0.00 0.00 0.95 3.50 6.86 6.86 8.76 11.75 15.48 17.45 22.56 28.76 31.03 33.07 35.11 35.33 35.84 37.23 34.53 29.49 27.23 26.72 25.33 21.61 18.76 17.37 15.04 11.90 8.03 5.33 5.33 5.99 4.96 2.77 1.97 4.09 5.69 4.77
0.00 0.00 0.00 0.00 0.00 0.00 0.00 0.00 0.00 0.00 0.00 0.00 0.00 0.00 0.00 0.00 0.00 0.00 0.00 0.00 0.00 0.00 0.00 0.00 0.00 0.00 0.00 0.00 0.00 0.00 0.00 0.00 0.00 0.00 0.00 0.00 0.00 0.00 0.00 3.29 7.15 6.42 4.31 0.80 0.00 0.00 0.00 0.00 0.00 0.00 0.29 0.29 5.04 9.49 13.51 14.82 20.37 28.54 32.85 36.65 38.11 36.65 34.16 34.82 32.92 29.71 27.30 25.40 22.19 20.29 13.58 11.83 7.96 7.37 5.18 3.58 3.58 3.80 2.48 0.88 0.00 0.22 0.73 0.07
0.00 0.00 0.00 0.00 0.00 0.00 0.00 0.00 0.00 0.00 0.00 0.00 0.00 0.00 0.00 0.00 0.00 0.00 0.00 0.00 0.00 0.00 0.00 0.00 0.00 0.00 0.00 0.00 0.00 0.00 0.00 0.00 0.00 0.00 0.00 0.00 0.00 0.00 0.00 1.53 2.48 0.73 0.00 0.00 0.00 0.00 0.00 0.00 0.00 0.00 0.00 0.00 4.09 10.07 13.21 14.24 17.45 25.84 30.88 34.02 35.33 32.85 30.15 29.57 30.44 30.88 27.38 22.48 16.06 12.19 8.40 5.40 4.09 3.58 3.14 2.56 2.56 1.68 0.80 0.00 0.00 0.00 0.00 0.00
0.00 0.00 0.00 0.00 0.00 0.00 0.00 0.00 0.00 0.00 0.00 0.00 0.00 0.00 0.00 0.00 0.00 0.00 0.00 0.00 0.00 0.00 0.00 0.00 0.00 0.00 0.00 0.00 0.00 0.00 0.00 0.00 0.00 0.00 0.00 0.00 0.00 0.00 0.00 0.00 0.00 0.00 0.00 0.00 0.00 0.00 0.00 0.00 0.00 3.14 5.99 5.99 10.88 12.34 15.48 15.77 20.08 17.30 25.99 30.59 31.61 29.13 25.33 26.65 26.57 25.99 20.59 11.68 5.91 3.50 2.12 2.41 2.34 2.41 2.70 0.58 0.58 0.07 0.00 0.00 0.00 0.00 0.00 0.00
0.00 0.00 0.00 0.00 0.00 0.00 0.00 0.00 0.00 0.00 0.00 0.00 0.00 0.00 0.00 0.00 0.00 0.00 0.00 0.00 0.00 0.00 0.00 0.00 0.00 0.00 0.00 0.00 0.00 0.00 0.00 0.00 0.00 0.00 0.00 0.00 0.00 0.00 0.00 0.00 1.10 0.00 0.00 0.00 0.66 2.77 2.34 2.41 6.13 10.59 13.29 13.29 15.99 17.52 19.35 19.86 21.39 23.29 20.81 28.47 26.94 22.63 18.91 17.96 14.97 13.51 8.76 3.65 2.92 1.75 1.31 1.53 2.12 2.04 0.80 0.00 0.00 0.00 0.00 0.00 0.00 0.00 0.00 0.00
0.00 0.00 0.00 0.00 0.00 0.00 0.00 0.00 0.00 0.00 0.00 0.00 0.00 0.00 0.00 0.00 0.00 0.00 0.00 0.00 0.00 0.00 0.00 0.00 0.00 0.00 0.00 0.00 0.00 0.00 0.00 0.00 0.00 0.00 0.00 0.73 2.19 4.74 4.96 7.08 6.72 4.53 4.31 4.53 6.13 8.54 8.91 9.64 12.56 15.55 18.18 18.18 19.35 22.56 22.41 21.97 20.66 18.54 24.45 25.04 22.63 13.58 9.78 6.42 5.62 4.09 1.75 1.31 0.80 0.37 0.00 0.66 1.17 0.44 0.00 0.00 0.00 0.00 0.00 0.00 0.00 0.00 0.00 0.00
0.00 0.00 0.00 0.00 0.00 0.00 0.00 0.00 0.00 0.00 0.00 0.00 0.00 0.00 0.00 0.00 0.00 0.00 0.00 0.00 0.00 0.00 0.00 0.00 0.00 0.00 0.00 0.00 0.00 0.00 0.00 0.29 4.09 5.26 2.34 8.54 10.59 10.66 10.44 10.00 9.93 9.20 7.52 8.10 9.20 11.24 11.90 12.63 13.43 15.11 17.01 17.01 20.51 22.05 21.46 18.98 15.48 11.46 23.21 14.89 11.46 7.01 2.70 2.56 1.02 0.22 0.22 0.29 0.00 0.00 0.00 0.00 0.00 0.58 0.00 0.00 0.00 0.00 0.00 0.00 0.00 0.00 0.00 0.00
0.00 0.00 0.00 0.00 0.00 0.00 0.00 0.00 0.00 0.00 0.00 0.00 0.00 0.00 0.00 0.00 0.00 0.00 0.00 0.00 0.00 0.00 0.00 0.00 0.00 0.00 0.00 0.00 0.00 0.00 2.04 4.60 8.03 10.66 8.69 12.12 12.41 12.26 11.68 11.24 10.15 9.05 7.37 8.32 8.83 11.24 13.07 12.26 12.34 14.45 16.06 16.06 17.52 16.35 15.04 12.85 8.98 6.72 5.55 13.58 4.67 2.56 0.73 0.44 0.07 0.00 0.22 0.80 0.00 0.00 0.00 0.00 0.66 0.00 0.00 0.00 0.00 0.00 0.00 0.00 0.00 0.00 0.00 0.00
0.00 0.00 0.00 0.00 0.00 0.00 0.00 0.00 0.00 0.00 0.00 0.00 0.00 0.00 0.00 0.00 0.00 0.00 0.00 0.00 0.00 0.00 0.00 0.00 0.00 0.00 0.00 0.00 0.00 3.72 6.72 9.34 10.51 11.46 11.46 11.39 10.80 11.32 10.80 10.44 10.00 9.20 8.69 9.86 10.15 11.39 11.24 10.44 10.66 11.97 13.14 13.14 13.36 12.63 10.22 8.03 7.30 6.50 6.06 5.69 3.43 1.97 0.66 0.00 0.00 0.00 0.22 0.44 0.00 0.00 0.00 0.00 0.00 0.00 0.00 0.00 0.00 0.00 0.00 0.00 0.00 0.00 0.00 0.00
0.00 0.00 0.00 0.00 0.00 0.00 0.00 0.00 0.00 0.00 0.00 0.00 0.00 0.00 0.00 0.00 0.00 0.00 0.00 0.00 0.00 0.00 0.00 0.00 0.00 0.00 0.00 0.00 0.00 5.62 9.49 10.22 10.15 9.56 8.25 9.64 8.40 9.93 9.78 9.71 8.40 8.32 10.00 10.51 10.51 11.68 10.80 8.83 8.32 9.20 11.90 11.90 13.29 11.46 7.74 7.81 7.30 6.64 6.50 5.69 5.55 3.58 1.46 0.00 0.00 0.00 0.66 0.00 0.00 0.00 0.00 0.00 0.00 0.00 0.00 0.00 0.00 0.00 0.00 0.00 0.00 0.00 0.00 0.00
0.00 0.00 0.00 0.00 0.00 0.00 0.00 0.00 0.00 0.00 0.00 0.00 0.00 0.00 0.00 0.00 0.00 0.00 0.00 0.00 0.00 0.00 0.00 0.00 0.00 0.00 0.00 0.00 3.94 8.91 10.37 7.52 5.33 6.06 4.82 4.45 5.69 5.62 7.37 6.13 6.28 7.45 9.71 10.44 10.88 11.17 10.37 8.61 6.94 8.76 11.46 11.46 12.78 10.73 9.13 10.51 11.10 10.66 10.73 7.96 6.06 4.77 2.12 0.88 1.31 0.51 1.17 0.00 0.00 0.00 0.00 0.00 0.00 0.00 0.00 0.00 0.00 0.00 0.00 0.00 0.00 0.00 0.00 0.00
0.00 0.00 0.00 0.00 0.00 0.00 0.00 0.00 0.00 0.00 0.00 0.00 0.00 0.00 0.00 0.00 0.00 0.00 0.00 0.00 0.00 0.00 0.00 0.00 0.00 0.00 0.00 0.00 5.33 7.88 6.86 2.26 0.22 0.00 0.00 0.00 0.22 1.39 3.07 1.46 3.36 6.86 9.20 10.51 10.95 11.46 10.29 9.27 8.40 8.98 10.88 10.88 12.70 11.61 12.34 14.82 14.38 12.34 11.83 8.61 3.94 5.99 3.72 2.63 2.41 1.53 1.46 0.00 0.00 0.00 0.00 0.00 0.00 0.00 0.00 0.00 0.00 0.00 0.00 0.00 0.00 0.00 0.00 0.00
0.00 0.00 0.00 0.00 0.00 0.00 0.00 0.00 0.00 0.00 0.00 0.00 0.00 0.00 0.00 0.00 0.00 0.00 0.00 0.00 0.00 0.00 0.00 0.00 0.00 0.00 0.00 0.00 2.63 2.26 1.02 0.00 0.00 0.00 0.00 0.00 0.00 0.00 0.00 0.00 2.04 6.64 9.78 11.46 10.59 11.53 11.10 10.22 10.22 10.80 12.85 12.85 13.21 13.21 13.29 15.70 14.45 12.56 11.68 8.83 6.35 5.55 3.58 3.29 3.43 2.70 1.83 1.31 0.00 0.00 0.00 0.00 0.00 0.00 0.00 0.00 0.00 0.00 0.00 0.00 0.00 0.00 0.00 0.00
0.00 0.00 0.00 0.00 0.00 0.00 0.00 0.00 0.00 0.00 0.00 0.00 0.00 0.00 0.00 0.00 0.00 0.00 0.00 0.00 0.00 0.00 0.00 0.00 0.00 0.00 0.00 0.00 0.00 0.00 0.00 0.00 0.00 0.00 0.00 0.00 0.00 0.00 0.00 0.00 1.61 6.79 10.88 11.75 11.10 11.61 11.97 12.41 12.70 13.87 15.48 15.48 16.06 14.45 15.48 16.50 16.28 15.91 14.53 11.97 8.54 4.09 5.11 3.21 3.50 2.63 2.56 1.68 0.00 0.00 0.00 0.00 0.00 0.00 0.00 0.00 0.00 0.00 0.00 0.00 0.00 0.00 0.00 0.00
0.00 0.00 0.00 0.00 0.00 0.00 0.00 0.00 0.00 0.00 0.00 0.00 0.00 0.00 0.00 0.00 0.00 0.00 0.00 0.00 0.00 0.00 0.00 0.00 0.00 0.00 0.00 0.00 0.00 0.00 0.00 0.00 0.00 0.00 0.00 0.00 0.00 0.00 0.00 0.00 1.02 6.28 11.61 12.78 12.19 12.70 13.87 15.04 17.16 17.30 18.40 18.40 19.20 18.83 19.35 19.86 21.32 20.66 18.40 18.40 13.14 5.33 4.82 3.21 2.92 2.48 2.34 0.95 0.29 0.00 0.00 0.00 0.00 0.00 0.00 0.00 0.00 0.00 0.00 0.00 0.00 0.00 0.00 0.00
0.00 0.00 0.00 0.00 0.00 0.00 0.00 0.00 0.00 0.00 0.00 0.00 0.00 0.00 0.00 0.00 0.00 0.00 0.00 0.00 0.00 0.00 0.00 0.00 0.00 0.00 0.00 0.00 0.00 0.00 0.00 0.00 0.00 0.00 0.00 0.00 0.00 0.00 0.00 0.00 0.22 5.99 11.17 13.51 15.26 16.35 17.30 19.20 21.75 22.48 21.24 21.24 21.17 21.90 21.68 21.97 22.48 22.12 20.66 22.12 16.57 11.02 4.31 4.74 3.50 2.19 1.17 1.02 1.24 0.51 0.00 0.00 0.00 0.00 0.00 0.00 0.00 0.00 0.00 0.00 0.00 0.00 0.00 0.00
0.00 0.00 0.00 0.00 0.00 0.00 0.00 0.00 0.00 0.00 0.00 0.00 0.00 0.00 0.00 0.00 0.00 0.00 0.00 0.00 0.00 0.00 0.00 0.00 0.00 0.00 0.00 0.00 0.00 0.00 0.00 0.00 0.00 0.00 0.00 0.00 0.00 0.00 0.00 0.00 1.53 4.60 9.34 13.29 16.28 17.81 19.49 20.95 21.53 19.64 19.78 19.78 20.37 19.78 20.29 20.73 20.37 18.10 18.25 19.35 15.55 12.70 11.10 7.30 5.69 2.04 2.04 2.12 2.57 2.99 2.99 3.14 0.00 0.00 0.00 0.00 0.00 0.00 0.00 0.00 0.00 0.00 0.00 0.00
0.00 0.00 0.00 0.00 0.00 0.00 0.00 0.00 0.00 0.00 0.00 0.00 0.00 0.00 0.00 0.00 0.00 0.00 0.00 0.00 0.00 0.00 0.00 0.00 0.00 0.00 0.00 0.00 0.00 0.00 0.00 0.00 0.00 0.00 0.00 0.00 0.00 0.00 0.00 0.00 2.63 5.77 11.39 13.36 16.06 17.96 19.42 18.03 15.99 13.51 14.60 14.60 14.09 14.89 16.21 17.81 15.48 13.94 13.43 12.41 11.97 12.12 12.56 11.61 3.58 2.19 2.77 2.26 1.68 2.92 3.14 3.07 2.63 2.63 1.97 0.80 0.80 0.00 0.00 0.29 0.00 0.00 0.00 0.00
0.00 0.00 0.00 0.00 0.00 0.00 0.00 0.00 0.00 0.00 0.00 0.00 0.00 0.00 0.00 0.00 0.00 0.00 0.00 0.00 0.00 0.00 0.00 0.00 0.00 0.00 0.00 0.00 0.00 0.00 0.00 0.00 0.00 0.00 0.00 0.00 0.00 0.00 0.00 0.00 5.26 10.66 13.51 14.09 16.06 17.45 15.40 12.78 12.56 11.24 11.32 11.32 11.17 12.41 13.21 13.21 11.75 10.66 9.93 8.10 7.96 9.93 11.17 7.52 9.86 3.80 3.21 1.75 1.46 3.07 2.85 3.43 3.58 2.34 1.75 1.24 1.24 1.02 0.95 1.25 1.47 0.00 0.00 0.00
0.00 0.00 0.00 0.00 0.00 0.00 0.00 0.00 0.00 0.00 0.00 0.00 0.00 0.00 0.00 0.00 0.00 0.00 0.00 0.00 0.00 0.00 0.00 0.00 0.00 0.00 0.00 0.00 0.00 0.00 0.00 0.00 0.00 0.00 0.00 0.00 0.00 0.00 0.00 1.39 9.27 13.80 14.82 14.31 15.26 15.04 12.34 10.80 9.64 10.07 10.88 10.88 10.88 10.88 11.02 10.37 8.61 7.37 7.15 6.20 5.99 7.30 8.76 7.59 10.00 4.53 4.02 4.02 4.23 3.21 3.72 3.14 3.07 3.29 3.43 2.04 2.04 1.17 0.88 0.58 0.58 0.66 0.51 0.00
