Wansh/Snow_depth/snowdepth-1987/winter/1988058.txt
ncols 321
nrows 161
xllcenter 60
yllcenter 15 
cellsize  0.25 
NODATA_value -1
[rows 0 to 36 of 161, columns 168 to 251 of 321]
15.26 14.31 13.21 12.05 8.69 8.69 8.91 8.47 7.74 7.74 7.96 8.40 8.61 10.00 9.56 8.54 9.05 9.42 10.73 14.02 15.18 14.16 12.41 11.68 11.32 10.95 9.86 4.67 0.00 0.00 0.00 1.75 11.83 14.89 16.28 16.28 15.62 14.60 15.70 17.81 17.45 15.70 14.89 16.28 18.10 20.44 22.34 23.07 23.14 22.70 19.93 18.25 17.30 17.67 18.03 20.73 23.73 26.57 27.45 26.86 26.86 26.06 25.99 26.57 28.03 28.62 28.62 27.08 24.82 21.61 20.15 19.35 19.35 19.27 19.35 20.66 22.19 23.00 23.58 22.92 21.75 21.53 21.90 22.56
18.40 16.86 14.02 11.24 10.07 9.42 8.32 7.66 7.37 7.37 7.88 9.56 10.80 10.66 10.07 9.05 9.34 10.15 12.48 14.82 14.53 13.21 12.56 11.61 10.95 9.93 3.87 0.00 0.00 0.00 0.00 4.89 12.63 14.97 15.55 15.55 15.18 15.70 17.81 19.86 21.53 20.37 20.29 21.61 22.05 22.92 22.27 20.73 20.73 20.81 20.59 21.17 21.24 21.32 21.53 22.19 24.02 25.84 27.89 27.52 27.52 27.16 27.01 27.52 27.89 28.32 28.32 27.59 26.13 24.67 23.14 22.27 21.53 21.46 21.39 21.39 22.19 22.70 22.92 22.34 20.88 19.20 18.47 17.23
22.34 19.64 17.45 16.21 15.48 12.48 10.88 9.56 8.40 8.40 8.83 9.49 10.00 9.42 9.20 9.93 11.02 13.94 14.38 14.97 14.97 13.94 12.70 11.46 10.44 4.23 0.00 0.00 0.00 0.00 0.00 6.42 10.44 12.99 14.16 14.16 14.89 17.30 20.22 23.07 23.21 21.68 21.02 21.02 20.95 20.88 21.10 21.17 21.24 20.51 20.66 21.39 21.90 23.00 23.58 23.14 23.00 24.60 26.06 27.30 27.30 27.45 26.94 27.08 27.30 27.81 28.25 28.18 27.08 26.21 25.33 24.38 23.21 21.90 20.88 20.51 19.78 19.71 20.22 20.44 20.29 18.32 17.16 16.21
22.34 19.64 17.45 16.21 15.48 12.48 10.88 9.56 8.40 8.40 8.83 9.49 10.00 9.42 9.20 9.93 11.02 13.94 14.38 14.97 14.97 13.94 12.70 11.46 10.44 4.23 0.00 0.00 0.00 0.00 0.00 6.42 10.44 12.99 14.16 14.16 14.89 17.30 20.22 23.07 23.21 21.68 21.02 21.02 20.95 20.88 21.10 21.17 21.24 20.51 20.66 21.39 21.90 23.00 23.58 23.14 23.00 24.60 26.06 27.30 27.30 27.45 26.94 27.08 27.30 27.81 28.25 28.18 27.08 26.21 25.33 24.38 23.21 21.90 20.88 20.51 19.78 19.71 20.22 20.44 20.29 18.32 17.16 16.21
20.66 20.22 19.49 18.54 17.01 14.53 14.97 10.22 9.05 9.05 8.54 9.64 10.66 11.61 11.97 14.09 15.84 17.67 17.16 14.60 13.80 12.63 10.29 7.88 0.00 0.00 0.00 0.00 0.00 0.00 2.92 9.42 11.02 11.53 12.92 12.92 14.75 17.52 19.35 21.68 22.19 21.24 21.02 19.93 18.98 19.20 20.29 21.24 22.56 23.00 23.14 23.36 23.29 23.14 22.85 23.36 23.87 23.94 24.67 24.82 24.82 25.77 26.57 27.59 27.38 26.65 25.26 24.97 25.33 25.04 23.94 22.12 21.32 20.44 18.76 18.40 18.40 19.20 19.78 19.71 18.91 19.35 18.98 18.32
21.46 21.75 21.02 19.56 16.94 13.87 13.21 12.70 13.14 13.14 11.97 12.48 13.14 15.40 15.91 16.35 17.37 17.67 14.45 12.19 10.66 8.91 4.60 0.00 0.00 0.00 0.00 0.00 0.00 5.26 10.51 11.83 11.17 11.53 14.45 14.45 16.94 17.81 17.96 19.13 19.64 21.17 21.68 20.81 20.22 20.08 20.88 21.32 21.97 23.00 24.31 25.11 25.55 24.53 22.56 22.70 22.92 22.19 21.90 23.29 23.29 25.26 26.79 27.23 26.43 25.11 22.19 20.15 20.44 20.73 21.46 20.51 19.56 18.47 18.54 17.37 17.08 16.94 17.89 18.98 18.91 19.05 20.00 20.22
20.51 22.92 22.78 21.75 19.86 17.59 16.94 17.96 15.70 15.70 17.16 15.48 14.82 16.72 17.45 17.59 17.67 14.75 11.75 9.20 5.91 2.48 0.00 0.00 0.00 0.00 0.00 0.00 5.84 9.13 11.32 12.26 14.24 16.72 18.69 18.69 20.95 20.44 18.40 16.43 16.13 18.18 19.93 20.81 22.05 23.14 24.97 24.97 24.97 24.82 26.13 26.35 25.62 23.65 22.41 20.95 20.88 20.37 20.22 21.02 21.02 23.07 24.38 24.45 23.80 21.83 18.54 17.96 17.96 17.81 16.94 16.64 15.99 15.11 15.18 14.02 13.36 14.31 14.38 17.26 20.76 22.77 22.69 24.98
20.51 22.92 22.78 21.75 19.86 17.59 16.94 17.96 15.70 15.70 17.16 15.48 14.82 16.72 17.45 17.59 17.67 14.75 11.75 9.20 5.91 2.48 0.00 0.00 0.00 0.00 0.00 0.00 5.84 9.13 11.32 12.26 14.24 16.72 18.69 18.69 20.95 20.44 18.40 16.43 16.13 18.18 19.93 20.81 22.05 23.14 24.97 24.97 24.97 24.82 26.13 26.35 25.62 23.65 22.41 20.95 20.88 20.37 20.22 21.02 21.02 23.07 24.38 24.45 23.80 21.83 18.54 17.96 17.96 17.81 16.94 16.64 15.99 15.11 15.18 16.20 18.43 20.59 19.70 29.33 34.29 30.30 29.20 25.92
18.25 20.88 22.63 22.70 21.39 18.91 17.45 17.37 17.45 17.45 17.52 14.97 15.18 16.86 16.94 16.72 15.62 12.26 8.03 3.21 0.00 0.00 0.00 0.00 0.00 0.00 3.07 6.20 8.25 8.98 10.95 12.63 14.89 16.86 20.73 20.73 22.92 21.53 17.37 14.89 15.40 18.69 21.24 22.48 24.16 25.26 27.23 29.05 28.98 27.81 27.45 26.65 23.87 22.48 20.29 19.20 18.25 17.96 18.98 20.88 20.88 22.27 23.14 22.85 21.10 19.56 17.89 15.11 15.11 15.26 15.04 14.89 14.38 13.47 16.77 19.73 21.54 19.69 17.05 23.90 25.07 24.18 23.03 24.60
15.04 16.06 17.23 18.54 19.35 19.05 17.59 16.72 15.99 15.99 16.57 14.53 17.01 16.13 15.11 12.56 8.25 3.50 0.00 0.00 0.00 0.00 0.00 0.00 3.21 6.79 8.98 9.27 10.07 11.32 12.26 13.14 14.31 15.70 18.10 18.10 19.78 18.32 16.79 17.52 18.83 21.10 22.19 22.56 22.78 24.24 25.04 26.50 26.79 25.70 23.65 22.85 21.61 20.88 19.42 18.10 18.03 18.47 18.91 19.71 19.71 20.15 19.93 19.05 17.67 16.86 16.13 15.26 14.09 13.94 14.31 14.38 15.32 18.01 19.89 19.68 20.00 21.39 23.36 20.37 18.83 20.09 24.05 24.58
14.60 13.51 13.43 14.16 15.33 16.35 16.86 17.01 15.77 15.77 15.62 15.84 15.62 10.66 7.52 3.21 0.00 0.00 0.00 0.00 0.00 5.69 7.45 8.69 9.49 9.86 9.86 10.07 10.95 11.46 11.24 10.88 11.10 12.56 15.33 15.33 18.18 18.76 18.61 19.93 21.46 21.97 20.95 20.22 19.42 19.35 19.64 21.10 22.27 23.00 21.97 20.08 19.71 20.22 20.00 19.56 19.78 20.08 19.86 19.64 19.64 19.05 17.74 16.79 15.62 14.89 14.60 14.38 14.53 14.53 14.38 13.72 13.70 12.90 11.74 15.62 20.06 20.32 17.95 19.47 19.75 19.25 17.92 18.73
14.60 13.51 13.43 14.16 15.33 16.35 16.86 17.01 15.77 15.77 15.62 15.84 15.62 10.66 7.52 3.21 0.00 0.00 0.00 0.00 0.00 5.69 7.45 8.69 9.49 9.86 9.86 10.07 10.95 11.46 11.24 10.88 11.10 12.56 15.33 15.33 18.18 18.76 18.61 19.93 21.46 21.97 20.95 20.22 19.42 19.35 19.64 21.10 22.27 23.00 21.97 20.08 19.71 20.22 20.00 19.56 19.78 20.08 19.86 19.64 19.64 19.05 17.74 16.79 15.62 14.89 14.60 14.38 14.53 14.53 14.38 13.72 13.36 12.70 11.39 14.51 17.88 18.82 19.14 20.20 19.75 18.83 19.69 20.03
16.94 15.84 14.02 12.92 12.56 12.78 13.80 12.78 11.32 11.32 7.01 4.96 2.56 7.81 0.00 0.00 0.00 0.00 0.00 8.25 9.20 8.32 7.96 8.83 9.20 9.27 9.34 10.73 11.02 11.10 10.66 10.66 10.95 13.14 15.18 15.18 18.03 19.20 19.71 20.66 20.88 20.51 16.79 14.97 14.45 13.80 13.65 14.75 18.10 19.64 19.13 19.05 18.61 18.69 19.20 18.69 18.40 18.76 17.96 16.79 16.79 16.79 17.08 16.79 15.55 15.33 15.40 15.70 15.70 15.40 14.97 14.31 13.94 13.07 12.05 14.60 17.82 17.35 18.33 19.18 19.06 20.40 20.55 18.77
17.23 16.13 17.08 15.77 13.14 11.90 10.80 8.61 5.04 5.04 0.44 0.00 0.00 0.00 0.00 0.00 0.00 1.97 5.04 7.08 7.45 7.88 8.91 9.42 9.34 9.05 9.71 11.32 12.63 12.99 13.14 11.61 11.83 13.94 14.75 14.75 15.18 16.57 17.45 16.86 16.35 14.97 12.99 11.10 10.51 11.68 13.07 13.07 14.31 15.91 16.79 16.35 16.94 18.40 18.91 18.76 17.74 16.94 16.57 17.23 17.23 17.96 18.91 19.27 19.13 17.96 16.72 16.28 16.79 16.94 16.50 15.40 13.43 14.02 17.24 18.36 15.98 18.25 20.33 16.88 19.40 18.09 17.80 18.25
20.08 21.75 20.22 19.64 17.67 17.01 14.60 11.46 6.50 6.50 3.29 1.02 1.02 2.70 3.58 0.00 3.80 4.67 4.38 4.67 5.55 6.13 8.32 9.13 9.56 10.37 11.39 12.34 12.48 12.78 12.63 12.12 12.70 12.85 13.58 13.58 14.09 14.38 14.82 14.38 12.63 10.07 8.61 8.40 9.64 11.02 12.85 13.51 13.72 13.36 13.07 13.87 14.53 16.64 19.27 19.93 19.86 18.40 17.08 16.86 16.86 18.69 19.93 19.64 18.18 17.45 17.16 16.94 17.45 20.15 20.59 18.47 16.80 18.63 17.86 18.47 18.46 19.47 16.55 16.75 17.74 16.69 17.15 16.49
20.81 22.85 22.27 22.63 18.98 18.10 17.30 16.28 14.45 14.45 13.07 10.51 10.51 9.93 7.45 5.04 6.28 3.58 1.61 1.90 2.92 4.16 5.40 7.37 8.69 9.05 9.93 10.15 10.66 11.39 11.90 12.85 13.87 13.80 14.02 14.02 13.29 13.29 12.85 12.19 10.66 9.71 10.95 10.66 10.00 10.44 10.80 11.61 11.97 11.02 10.66 11.10 12.85 13.94 15.91 18.40 19.71 20.73 19.35 18.54 18.54 18.91 19.56 19.27 18.61 17.01 15.40 15.77 17.81 21.17 21.10 19.94 20.03 19.47 19.36 17.50 19.04 17.20 17.92 18.47 18.12 18.82 16.36 15.47
20.81 22.85 22.27 22.63 18.98 18.10 17.30 16.28 14.45 14.45 13.07 10.51 10.51 9.93 7.45 5.04 6.28 3.58 1.61 1.90 2.92 4.16 5.40 7.37 8.69 9.05 9.93 10.15 10.66 11.39 11.90 12.85 13.87 13.80 14.02 14.02 13.29 13.29 12.85 12.19 10.66 9.71 10.95 10.66 10.00 10.44 10.80 11.61 11.97 11.02 10.66 11.10 12.85 13.94 15.91 18.40 19.71 20.73 19.35 18.54 18.54 18.91 19.56 19.27 18.61 17.01 15.40 15.77 17.81 21.17 21.10 24.49 18.77 21.16 17.38 21.65 19.32 19.02 18.27 16.66 17.52 16.18 17.80 17.56
15.11 18.76 19.93 19.71 19.71 16.06 14.82 14.16 13.65 13.65 12.78 11.17 10.22 8.25 6.28 4.74 3.94 2.92 1.39 1.90 2.34 3.43 5.26 6.79 8.10 9.34 9.64 9.42 10.22 10.15 10.95 12.05 12.26 12.41 12.85 12.85 12.99 12.70 12.19 10.88 10.51 11.46 12.19 11.61 9.13 7.37 5.91 6.86 7.96 7.37 6.35 8.10 10.88 12.56 13.80 15.55 18.25 19.49 19.49 19.20 19.20 18.91 19.20 18.83 18.25 17.52 17.01 16.86 19.27 22.78 24.43 23.25 24.48 21.76 20.56 22.32 22.43 19.99 18.60 19.11 17.26 17.30 17.99 15.44
12.12 14.38 17.37 18.69 18.40 17.23 12.85 11.97 11.39 11.39 10.29 8.83 8.25 8.32 7.01 5.91 3.65 2.56 1.75 1.90 2.48 3.87 5.62 7.88 8.91 9.27 8.98 8.61 8.83 9.42 10.37 11.24 11.02 11.90 12.19 12.19 12.70 12.48 12.05 11.90 11.61 11.68 10.51 8.61 6.42 4.89 4.23 5.33 5.91 5.55 5.55 7.30 9.93 11.46 12.70 14.38 15.91 17.16 17.52 18.83 18.83 19.42 19.42 18.47 17.67 17.59 18.10 18.91 20.37 22.96 26.32 26.62 26.88 26.02 26.84 25.95 21.04 20.56 19.93 21.48 17.20 17.60 15.95 17.79
11.10 11.90 13.87 14.89 16.21 17.08 15.40 13.07 11.61 11.61 10.51 10.29 10.15 9.78 9.56 7.66 6.28 5.11 4.09 5.91 7.37 8.69 9.86 9.56 9.13 8.54 8.32 8.10 8.18 8.61 9.86 12.05 12.85 12.99 12.48 12.48 12.70 12.34 11.75 11.39 10.29 9.64 7.66 5.77 4.82 4.96 5.55 6.42 6.94 8.25 8.76 9.27 11.17 11.97 12.48 14.45 17.37 18.03 18.25 19.05 19.05 20.29 20.88 20.29 18.32 17.52 18.32 18.91 20.29 22.12 25.19 27.67 28.32 28.03 28.32 28.56 26.63 27.69 27.42 21.01 20.84 18.32 16.76 18.91
7.88 9.49 9.27 10.59 12.48 13.65 14.16 12.99 12.12 12.12 10.88 10.00 9.78 10.37 10.66 9.20 7.96 6.86 7.59 6.42 10.00 11.83 12.05 11.46 9.34 8.25 8.40 8.32 7.74 9.05 11.68 13.80 14.09 14.24 13.94 13.94 13.94 13.07 11.02 8.83 7.66 6.86 5.40 4.82 5.48 6.57 7.01 7.23 8.76 9.78 10.66 12.12 13.14 14.02 15.48 17.01 19.42 21.61 20.95 19.05 19.05 17.45 17.30 16.57 15.84 15.33 16.50 19.49 22.48 23.94 24.67 26.21 28.11 29.57 32.24 33.73 36.35 29.48 29.76 25.66 25.64 19.33 20.00 17.93
3.80 3.94 5.48 6.57 7.23 8.10 8.91 11.24 10.88 10.88 9.93 10.29 11.17 12.41 11.83 10.29 8.61 7.37 8.91 11.75 8.98 12.48 11.97 10.66 9.34 8.98 10.66 10.51 10.51 12.05 14.97 15.33 14.97 15.04 15.04 15.04 13.94 11.53 8.18 7.01 7.08 6.79 5.91 6.13 5.84 4.82 4.31 4.53 5.69 6.28 7.96 8.98 10.07 12.41 16.35 18.76 20.44 22.12 20.73 17.74 17.74 12.99 9.83 10.00 12.48 13.29 14.53 17.74 21.68 23.14 22.48 22.63 25.04 28.18 30.95 32.10 38.80 30.11 30.29 24.68 19.65 20.52 22.32 20.06
3.80 3.94 5.48 6.57 7.23 8.10 8.91 11.24 10.88 10.88 9.93 10.29 11.17 12.41 11.83 10.29 8.61 7.37 8.91 11.75 8.98 12.48 11.97 10.66 9.34 8.98 10.66 10.51 10.51 12.05 14.97 15.33 14.97 15.04 15.04 15.04 13.94 11.53 8.18 7.01 7.08 6.79 5.91 6.13 5.84 4.82 4.31 4.53 5.69 6.28 7.96 8.98 10.07 12.41 16.35 18.76 20.44 22.12 20.73 17.74 17.74 12.99 9.83 10.00 12.48 13.29 14.53 17.74 21.68 23.14 22.48 22.63 25.04 28.18 29.71 32.28 30.13 26.49 25.37 28.72 24.03 20.96 17.48 18.51
1.68 1.46 1.10 4.16 5.33 6.86 7.66 8.91 9.64 9.64 11.90 12.63 11.97 10.44 10.29 9.20 8.32 8.98 11.46 13.21 13.72 12.78 11.39 10.88 11.68 12.05 12.12 12.92 14.67 14.97 15.11 14.60 13.51 13.36 12.99 12.99 12.78 10.44 9.05 9.86 10.88 10.29 8.18 6.64 5.40 4.74 3.29 3.07 3.94 4.89 5.40 5.40 7.81 9.86 13.43 16.28 16.43 16.13 13.87 11.53 11.53 7.08 4.16 4.02 8.10 11.24 12.34 14.60 16.28 17.89 18.54 19.20 22.41 25.84 27.38 27.15 28.20 37.36 33.50 27.96 24.11 19.02 20.21 21.15
1.46 1.46 1.10 2.70 4.60 5.40 5.62 8.32 10.15 10.15 11.02 14.24 13.07 11.24 11.46 11.53 10.95 10.51 10.88 12.99 14.89 12.85 12.78 12.41 13.87 13.07 13.29 15.55 17.45 16.86 15.99 14.89 13.65 12.48 11.61 11.61 12.12 11.39 11.90 11.61 12.34 12.19 9.42 5.33 3.43 1.97 0.51 0.51 1.24 2.56 3.21 4.38 5.77 6.50 9.86 12.26 10.44 9.27 6.13 4.02 4.02 2.99 2.77 3.80 6.50 9.20 10.37 12.12 13.80 14.75 15.33 18.40 21.90 25.70 27.55 27.87 26.58 28.23 29.82 27.52 27.86 18.63 21.52 24.46
1.10 1.90 1.17 2.26 2.56 3.14 5.40 13.94 18.03 18.03 12.26 17.16 16.64 14.31 13.58 13.14 11.97 12.78 13.65 15.55 16.94 16.86 14.67 15.11 15.91 16.06 16.50 19.05 20.44 20.08 18.03 16.21 14.67 12.56 11.68 11.68 11.32 11.46 12.12 12.26 12.99 11.32 7.74 4.38 1.97 0.00 0.00 0.00 0.51 0.66 0.95 1.83 1.97 3.43 5.77 5.77 5.48 4.31 4.23 3.43 3.43 2.48 3.36 4.53 5.62 6.94 9.42 12.41 15.04 17.59 18.47 20.15 24.61 29.35 28.83 28.86 28.28 23.34 23.59 26.39 22.48 21.69 18.67 15.84
4.60 3.07 3.58 4.82 5.33 5.84 7.37 11.61 15.62 15.62 17.67 16.72 14.89 12.63 12.41 13.14 13.14 13.72 14.82 16.06 16.28 17.67 17.67 17.30 18.47 19.35 19.78 21.02 21.90 20.66 18.03 15.11 12.92 10.51 10.80 10.80 10.80 10.73 10.95 10.66 9.56 7.01 4.60 2.85 1.75 0.88 0.00 2.34 2.63 2.77 1.53 1.68 2.04 0.00 3.43 3.80 2.85 2.85 4.02 4.96 4.96 4.89 4.74 5.11 6.28 8.47 10.44 14.09 16.50 20.59 24.31 25.40 28.82 29.94 30.02 29.29 27.39 28.83 24.88 23.91 21.38 18.63 18.76 16.27
7.15 5.33 5.77 6.28 6.86 6.94 8.69 10.59 12.63 12.63 13.94 13.29 15.04 11.53 11.75 11.39 10.95 11.17 10.66 11.97 13.87 16.57 16.94 17.89 17.30 19.78 19.42 19.78 20.22 18.76 15.70 13.29 12.26 11.68 12.19 12.19 10.88 9.71 8.61 7.96 6.72 5.77 5.40 5.33 6.42 7.01 7.37 7.23 7.15 6.35 4.45 4.31 3.94 4.23 5.26 5.40 5.18 6.28 7.08 7.45 7.45 7.15 5.48 6.28 9.27 12.63 13.36 15.91 19.20 23.80 28.83 31.48 33.67 27.93 27.78 29.20 27.52 28.59 27.45 22.59 20.06 15.84 14.28 10.95
7.15 5.33 5.77 6.28 6.86 6.94 8.69 10.59 12.63 12.63 13.94 13.29 15.04 11.53 11.75 11.39 10.95 11.17 10.66 11.97 13.87 16.57 16.94 17.89 17.30 19.78 19.42 19.78 20.22 18.76 15.70 13.29 12.26 11.68 12.19 12.19 10.88 9.71 8.61 7.96 6.72 5.77 5.40 5.33 6.42 7.01 7.37 7.23 7.15 6.35 4.45 4.31 3.94 4.23 5.26 5.40 5.18 6.28 7.08 7.45 7.45 7.15 5.48 6.28 9.27 12.63 13.36 15.91 19.20 23.80 28.97 31.14 30.44 31.12 29.65 34.07 31.94 27.67 28.68 21.95 21.22 18.79 13.03 9.30
7.59 4.31 5.69 6.64 6.79 6.35 8.25 9.78 13.29 13.29 14.82 13.72 12.99 11.53 11.75 11.61 10.15 10.22 9.34 9.93 12.19 14.67 15.77 16.21 16.43 17.30 17.23 18.40 18.10 15.62 13.29 11.32 10.59 9.71 10.07 10.07 9.27 7.74 7.74 8.54 9.71 9.86 10.95 11.39 12.99 12.05 12.70 11.97 10.37 9.56 8.83 8.91 8.10 8.40 7.59 8.10 10.15 10.59 11.61 11.46 11.52 10.12 8.14 8.61 12.05 15.11 17.52 20.15 23.70 27.58 30.90 31.19 33.92 35.22 32.57 30.96 26.53 23.70 24.94 20.54 16.32 16.78 9.95 5.56
4.53 8.83 10.07 10.88 8.98 8.69 9.49 10.66 12.34 12.34 13.51 12.85 11.24 11.24 12.05 11.97 12.48 12.85 12.41 13.21 15.26 17.23 17.37 16.72 16.50 14.75 15.55 14.45 14.82 14.53 12.41 9.42 7.74 7.74 8.54 8.54 8.03 8.54 10.95 12.63 12.92 12.70 12.19 14.31 15.40 15.40 15.84 14.97 12.85 12.26 12.12 11.46 10.88 10.66 10.37 8.10 9.56 12.56 13.51 13.21 13.21 12.56 12.12 13.14 16.13 17.16 18.25 23.21 27.08 29.20 31.17 31.76 34.77 36.22 29.77 22.54 20.19 15.56 17.10 18.93 13.94 9.17 5.95 3.84
8.76 12.92 13.65 11.39 9.71 9.56 9.71 10.07 11.53 11.53 12.34 10.80 9.49 8.25 9.78 10.80 12.05 12.63 12.19 12.85 14.02 15.99 17.45 18.61 20.08 19.27 17.16 15.84 17.81 18.18 14.45 12.92 10.73 10.95 11.24 11.24 11.39 12.26 13.21 13.87 12.19 9.78 10.15 11.24 13.21 12.70 13.51 12.92 11.32 11.10 10.80 11.17 11.46 10.37 8.18 5.84 6.50 9.93 11.24 11.32 11.32 11.02 12.56 14.89 18.98 21.32 21.97 24.97 28.62 29.71 30.22 30.65 32.73 28.99 22.37 18.96 14.71 12.04 10.08 11.08 8.14 6.68 3.61 3.75
12.99 11.97 14.67 9.64 10.07 9.86 9.49 10.00 10.51 10.51 8.98 6.72 5.69 5.40 5.91 6.72 8.69 10.44 12.34 14.09 17.23 18.83 20.59 24.02 25.48 25.70 21.97 22.41 25.70 25.19 22.12 20.15 17.23 15.91 13.80 13.80 12.92 12.99 11.97 9.71 8.69 6.42 5.99 7.30 8.54 8.69 9.34 9.93 9.27 7.88 7.01 7.37 7.81 5.69 3.21 2.48 2.85 4.60 7.88 9.34 9.34 10.44 12.34 15.26 18.83 21.83 23.21 25.55 28.69 29.93 29.93 28.02 27.64 22.43 17.63 12.51 10.63 9.08 6.76 3.49 3.32 3.72 2.47 2.96
10.59 9.34 12.26 9.71 9.49 8.03 8.10 7.96 6.79 6.79 5.69 4.09 4.82 6.94 10.00 7.74 12.41 15.48 18.98 22.34 25.04 26.57 28.47 30.15 30.44 30.08 29.57 28.25 27.45 25.55 22.48 19.86 17.08 13.65 11.24 11.24 10.88 8.98 7.30 4.74 4.23 3.80 3.87 4.45 5.91 5.91 6.28 7.37 7.96 7.81 5.55 4.53 4.09 3.07 0.00 1.39 2.04 4.16 7.59 9.42 9.42 10.00 10.73 12.48 14.67 17.01 17.89 21.39 24.97 26.28 27.16 24.82 21.74 12.59 8.81 5.74 4.22 3.09 3.72 2.23 0.85 0.07 0.80 1.84
5.84 7.88 7.15 8.91 6.50 5.77 5.99 5.40 4.82 4.82 4.96 3.87 6.79 10.44 15.62 16.50 14.45 22.12 25.70 28.76 30.88 31.68 32.49 30.59 28.76 26.28 25.48 22.12 25.70 19.05 16.79 12.85 10.07 9.56 7.30 7.30 7.30 5.77 4.31 3.07 3.43 2.77 0.00 0.00 3.87 5.48 7.23 9.13 10.15 9.13 7.37 6.50 5.55 5.55 4.82 5.04 4.96 4.16 6.86 8.76 8.76 9.20 7.74 7.15 8.18 10.80 12.99 17.23 21.53 23.43 23.07 20.98 15.34 7.90 4.20 2.89 2.26 0.60 0.00 0.00 0.00 0.00 0.00 0.07
5.84 7.88 7.15 8.91 6.50 5.77 5.99 5.40 4.82 4.82 4.96 3.87 6.79 10.44 15.62 16.50 14.45 22.12 25.70 28.76 30.88 31.68 32.49 30.59 28.76 26.28 25.48 22.12 25.70 19.05 16.79 12.85 10.07 9.56 7.30 7.30 7.30 5.77 4.31 3.07 3.43 2.77 0.00 0.00 3.87 5.48 7.23 9.13 10.15 9.13 7.37 6.50 5.55 5.55 4.82 5.04 4.96 4.16 6.86 8.76 8.76 9.20 7.74 7.15 8.18 10.80 12.99 17.23 21.53 23.43 23.07 20.88 15.11 7.78 4.20 3.02 2.01 0.58 0.00 0.00 0.00 0.00 0.00 0.07
6.57 4.74 7.45 7.81 7.23 7.01 7.08 7.52 7.52 7.52 6.50 7.59 12.41 15.48 19.05 19.27 19.93 19.93 24.75 28.40 29.35 28.69 25.77 23.73 22.05 18.61 16.28 15.26 18.32 16.43 8.61 6.28 5.69 5.04 4.23 4.23 4.60 4.53 3.36 0.00 0.00 0.00 0.00 0.00 3.72 5.77 9.64 10.66 10.22 9.42 7.52 7.23 8.10 8.47 7.52 6.57 5.69 3.72 4.89 7.96 7.96 8.10 6.94 6.50 8.03 10.07 12.99 16.35 19.71 21.61 21.32 17.81 10.88 5.31 3.01 2.28 0.89 0.00 0.00 0.00 0.00 0.00 0.00 0.00
