Wansh/Snow_depth/snowdepth-1987/winter/1988021.txt
ncols 321
nrows 161
xllcenter 60
yllcenter 15 
cellsize  0.25 
NODATA_value -1
[rows 0 to 36 of 161, columns 168 to 251 of 321]
12.92 11.75 10.29 9.56 8.61 8.61 9.20 9.05 9.05 9.05 9.42 9.56 9.64 9.71 10.15 10.29 9.86 11.02 12.26 13.21 13.14 12.78 12.19 11.17 10.51 9.42 2.77 0.00 0.00 0.00 0.00 4.89 9.93 12.85 13.72 13.72 13.36 12.19 13.07 15.70 13.36 12.34 14.02 13.51 12.70 13.80 13.80 20.15 21.68 21.02 18.54 17.01 16.06 14.24 14.60 13.87 14.67 24.45 27.89 27.52 27.52 25.70 25.04 26.28 27.89 29.05 29.49 28.62 25.92 21.46 18.98 17.45 17.81 17.67 17.52 17.59 19.78 20.44 21.46 21.97 21.68 21.10 20.66 21.17
15.70 13.58 11.90 10.15 9.20 8.32 8.18 8.54 9.05 9.05 9.86 10.51 10.73 10.22 9.93 10.00 9.93 10.80 12.85 13.94 14.09 12.41 11.61 10.22 8.10 3.72 0.00 0.00 0.00 0.00 0.00 3.14 0.00 11.39 11.53 11.53 10.66 11.17 13.80 18.76 18.69 17.81 17.59 19.42 19.86 15.70 21.24 19.56 18.61 17.89 17.59 16.50 16.72 16.64 18.61 20.00 19.42 21.53 27.30 27.30 27.30 26.65 27.08 26.86 28.69 29.27 29.20 28.69 26.28 23.29 20.81 20.08 19.27 19.05 18.18 18.98 20.44 21.39 22.27 22.41 21.53 21.10 19.27 18.18
18.76 16.86 15.40 13.14 10.80 10.07 9.49 9.20 9.34 9.34 10.15 10.51 10.66 10.51 10.29 10.80 12.05 12.48 12.63 13.29 13.51 12.92 10.80 9.05 3.21 0.00 0.00 0.00 0.00 0.00 0.00 8.83 7.45 4.96 12.26 12.26 15.18 17.01 18.98 20.59 20.73 18.98 19.20 19.42 20.08 17.74 19.71 17.37 17.16 17.37 17.37 17.52 18.83 19.42 20.22 21.10 21.75 23.51 23.21 24.82 24.82 26.43 26.79 27.38 27.81 27.74 28.03 27.89 27.08 25.62 24.31 23.36 22.41 21.17 20.51 19.42 18.98 19.56 20.29 20.15 20.73 20.59 18.76 17.52
18.76 16.86 15.40 13.14 10.80 10.07 9.49 9.20 9.34 9.34 10.15 10.51 10.66 10.51 10.29 10.80 12.05 12.48 12.63 13.29 13.51 12.92 10.80 9.05 3.21 0.00 0.00 0.00 0.00 0.00 0.00 8.83 7.45 4.96 12.26 12.26 15.18 17.01 18.98 20.59 20.73 18.98 19.20 19.42 20.08 17.74 19.71 17.37 17.16 17.37 17.37 17.52 18.83 19.42 20.22 21.10 21.75 23.51 23.21 24.82 24.82 26.43 26.79 27.38 27.81 27.74 28.03 27.89 27.08 25.62 24.31 23.36 22.41 21.17 20.51 19.42 18.98 19.56 20.29 20.15 20.73 20.59 18.76 17.52
18.76 18.03 16.28 14.16 11.90 11.53 12.26 11.32 10.22 10.22 10.73 11.90 12.19 11.97 12.12 12.92 14.89 14.89 13.43 12.99 12.12 11.17 7.88 4.31 0.00 0.00 0.00 0.00 0.00 0.00 1.39 4.38 8.61 8.32 11.24 11.24 13.14 15.99 18.10 19.49 19.35 18.98 17.16 15.99 16.06 18.76 16.72 17.30 19.35 18.83 18.47 18.54 19.27 20.00 20.37 20.66 21.02 22.63 22.19 22.85 22.85 25.48 25.99 26.43 26.94 27.74 26.86 25.62 25.92 24.53 23.21 22.27 21.68 20.37 19.27 17.16 17.23 17.59 17.59 18.40 19.42 19.35 18.76 17.52
20.08 20.00 18.10 15.77 12.26 10.95 12.48 14.16 13.51 13.51 13.21 13.80 14.45 14.45 14.97 14.82 14.53 14.24 13.07 11.24 8.25 1.75 0.00 0.00 0.00 0.00 0.00 0.00 0.00 7.23 7.52 7.81 9.05 9.93 11.17 11.17 12.34 13.80 14.60 16.57 18.32 17.89 17.74 17.01 16.86 17.52 15.77 16.86 18.18 18.25 18.98 20.08 21.24 20.51 19.93 21.10 21.46 21.24 19.78 19.93 19.93 22.19 24.60 26.21 27.30 24.89 22.12 21.24 21.10 20.08 19.93 19.35 19.27 17.59 17.01 16.72 16.79 16.35 16.72 17.81 17.81 18.18 18.47 18.54
20.59 21.17 20.88 18.32 14.82 13.65 15.26 17.37 18.18 18.18 16.35 15.70 16.21 16.79 17.37 16.64 15.11 11.39 7.66 4.67 0.00 0.00 0.00 0.00 0.00 0.00 0.00 0.00 2.19 6.13 9.49 11.10 12.70 15.26 15.48 15.48 15.26 14.45 13.07 12.78 13.14 15.26 15.62 16.43 17.30 16.72 16.64 17.59 18.69 18.03 20.95 21.61 21.53 20.44 19.86 19.42 18.32 18.18 17.81 19.42 19.42 21.39 20.95 24.09 23.43 20.29 17.37 16.86 16.43 16.35 16.28 15.70 14.82 15.11 14.75 13.72 12.85 13.51 13.58 15.44 18.41 20.54 21.27 24.19
20.59 21.17 20.88 18.32 14.82 13.65 15.26 17.37 18.18 18.18 16.35 15.70 16.21 16.79 17.37 16.64 15.11 11.39 7.66 4.67 0.00 0.00 0.00 0.00 0.00 0.00 0.00 0.00 2.19 6.13 9.49 11.10 12.70 15.26 15.48 15.48 15.26 14.45 13.07 12.78 13.14 15.26 15.62 16.43 17.30 16.72 16.64 17.59 18.69 18.03 20.95 21.61 21.53 20.44 19.86 19.42 18.32 18.18 17.81 19.42 19.42 21.39 20.95 24.09 23.43 20.29 17.37 16.86 16.43 16.35 16.28 15.70 14.82 15.11 14.75 15.87 17.72 19.43 18.60 26.23 30.41 27.33 27.36 25.09
16.13 19.93 21.10 20.59 18.32 15.77 15.26 16.86 17.52 17.52 16.57 15.11 14.89 15.70 16.57 15.84 9.86 6.64 0.00 0.00 0.00 0.00 0.00 0.00 0.00 0.00 0.00 3.80 6.28 8.10 9.42 11.32 13.21 15.99 18.18 18.18 17.23 14.45 12.12 10.88 10.80 13.94 15.62 16.57 18.32 20.29 20.66 20.22 21.46 21.17 21.61 22.78 21.17 19.86 17.96 17.01 16.21 16.72 17.30 18.98 18.98 20.73 22.12 21.61 18.76 15.77 14.67 13.80 13.07 12.85 12.78 12.78 12.70 11.97 14.51 17.39 18.67 17.70 14.88 21.31 22.64 21.41 21.36 24.42
12.34 13.58 17.16 17.96 17.96 16.86 15.18 14.75 15.33 15.33 15.99 12.70 12.41 11.75 10.37 7.37 1.31 0.00 0.00 0.00 0.00 0.00 0.00 0.00 0.00 2.41 6.94 8.83 9.71 10.15 10.66 11.61 12.34 13.14 14.38 14.38 14.38 12.63 11.24 12.48 14.75 15.55 15.91 17.01 17.67 19.64 21.53 20.51 20.44 19.56 20.37 18.69 16.86 15.70 15.11 14.24 15.70 15.77 16.06 17.08 17.08 17.52 18.32 17.52 18.83 13.94 12.85 11.02 10.44 11.24 11.68 11.75 12.35 14.71 15.86 15.68 16.29 18.79 22.09 18.84 17.77 18.23 21.58 22.01
11.83 10.95 11.10 10.44 12.05 12.78 13.43 12.63 11.83 11.83 11.39 10.29 9.56 0.00 0.00 0.00 0.00 0.00 0.00 0.00 0.00 2.04 3.43 7.01 8.18 8.61 8.54 8.76 8.98 9.34 9.56 10.07 10.73 11.39 12.92 12.92 13.87 15.33 15.55 15.70 15.70 15.70 15.18 15.26 14.97 15.33 18.83 15.70 15.99 15.77 16.28 15.26 13.94 13.72 13.36 14.02 14.97 15.55 14.82 13.65 13.65 12.99 12.05 12.41 12.41 12.92 10.73 10.15 10.80 11.10 11.46 11.02 10.93 10.23 9.48 12.76 17.33 19.27 15.92 15.34 15.97 16.44 15.61 17.03
11.83 10.95 11.10 10.44 12.05 12.78 13.43 12.63 11.83 11.83 11.39 10.29 9.56 0.00 0.00 0.00 0.00 0.00 0.00 0.00 0.00 2.04 3.43 7.01 8.18 8.61 8.54 8.76 8.98 9.34 9.56 10.07 10.73 11.39 12.92 12.92 13.87 15.33 15.55 15.70 15.70 15.70 15.18 15.26 14.97 15.33 18.83 15.70 15.99 15.77 16.28 15.26 13.94 13.72 13.36 14.02 14.97 15.55 14.82 13.65 13.65 12.99 12.05 12.41 12.41 12.92 10.73 10.15 10.80 11.10 11.46 11.02 10.66 10.07 9.20 11.85 15.45 17.84 16.98 15.92 15.97 16.08 17.14 18.22
14.09 11.75 10.00 9.27 8.83 9.20 7.59 6.35 5.91 5.91 0.00 0.00 0.00 0.00 0.00 0.00 0.00 0.00 2.41 5.69 6.28 6.86 7.23 7.52 8.10 7.52 7.23 8.40 8.69 7.74 7.74 8.32 9.34 11.24 12.92 12.92 14.67 16.35 16.50 16.57 16.21 14.53 12.41 11.10 11.17 10.51 11.39 15.77 11.83 12.63 13.51 13.43 12.19 15.26 14.31 13.36 13.51 13.21 11.75 10.95 10.95 9.86 9.86 10.88 10.95 10.22 10.88 10.88 11.90 12.34 12.56 12.41 11.10 10.95 10.03 11.99 14.60 13.97 13.96 14.49 14.50 15.67 17.18 16.92
18.98 19.86 18.32 16.21 13.51 10.88 7.59 4.74 0.00 0.00 0.00 0.00 0.00 0.00 0.00 0.00 0.00 0.00 3.72 6.57 6.42 6.20 6.57 7.30 7.74 8.25 8.32 9.05 10.37 10.59 9.64 8.47 9.78 10.95 11.90 11.90 12.92 13.72 13.58 12.41 11.97 11.61 10.44 9.05 9.71 8.83 8.76 12.48 10.29 11.46 11.17 11.02 10.73 11.24 13.65 13.58 13.21 11.90 10.80 10.80 10.80 11.39 13.29 14.02 14.09 14.02 11.75 11.68 13.14 13.80 13.58 12.48 11.17 11.71 13.01 14.60 11.74 12.35 13.70 12.23 14.60 13.47 14.60 16.37
18.76 20.00 19.42 18.25 17.01 14.16 13.07 8.47 1.75 1.75 0.00 0.00 0.00 0.00 1.02 2.48 2.19 2.63 3.14 3.87 4.38 5.40 6.86 7.45 7.88 8.54 9.20 10.51 11.39 11.17 10.88 10.51 10.29 10.66 10.80 10.80 11.46 11.61 11.75 11.24 9.93 8.40 7.45 7.66 7.96 9.34 10.22 9.27 9.42 9.49 9.05 10.59 11.17 11.83 12.70 13.43 13.51 12.34 11.61 11.68 11.68 12.34 13.29 14.02 14.24 13.51 11.68 14.09 12.19 13.36 14.24 14.02 13.89 14.80 13.23 12.72 12.56 15.14 13.39 13.38 13.72 12.42 14.19 13.51
19.27 21.02 20.73 18.98 18.03 17.30 15.77 13.94 12.26 12.26 9.64 7.30 7.08 6.64 5.33 4.09 3.07 2.19 1.61 2.12 2.77 4.09 5.48 7.37 8.18 7.96 8.61 9.49 10.07 11.02 11.32 11.46 11.39 10.95 10.80 10.80 11.39 11.02 10.15 9.42 9.20 8.76 7.66 7.01 7.37 8.03 9.34 9.71 8.25 8.47 8.61 8.91 9.71 11.17 12.41 12.19 12.70 12.63 11.97 12.19 12.19 13.80 14.75 14.16 13.65 12.56 11.83 11.68 11.17 12.05 15.11 15.65 17.18 15.67 14.60 11.60 13.97 13.30 13.37 13.11 13.09 14.17 13.42 12.09
19.27 21.02 20.73 18.98 18.03 17.30 15.77 13.94 12.26 12.26 9.64 7.30 7.08 6.64 5.33 4.09 3.07 2.19 1.61 2.12 2.77 4.09 5.48 7.37 8.18 7.96 8.61 9.49 10.07 11.02 11.32 11.46 11.39 10.95 10.80 10.80 11.39 11.02 10.15 9.42 9.20 8.76 7.66 7.01 7.37 8.03 9.34 9.71 8.25 8.47 8.61 8.91 9.71 11.17 12.41 12.19 12.70 12.63 11.97 12.19 12.19 13.80 14.75 14.16 13.65 12.56 11.83 11.68 11.17 12.05 15.11 19.22 16.10 17.03 13.11 14.35 14.17 14.70 13.63 11.82 12.65 12.18 14.60 13.72
15.40 16.64 18.61 16.64 15.33 14.45 14.09 13.58 12.63 12.63 11.17 9.13 8.18 6.42 5.04 3.29 1.83 1.17 1.31 1.97 3.58 4.23 5.26 6.35 7.96 8.83 8.76 9.05 9.78 10.66 11.24 11.39 11.39 11.53 11.68 11.68 11.32 10.29 10.00 9.64 9.34 9.93 9.86 8.40 6.94 5.99 6.13 6.64 6.79 7.23 7.23 8.18 10.22 11.17 11.61 12.92 12.34 12.85 13.07 13.58 13.58 14.09 14.38 13.80 12.70 11.68 11.39 11.90 12.41 11.68 15.81 15.80 17.98 16.99 16.45 16.89 16.70 14.21 13.76 15.14 13.32 13.30 13.65 11.89
10.59 14.16 15.70 16.28 14.89 13.43 12.05 10.95 10.37 10.37 9.05 7.52 6.72 5.99 4.45 2.77 2.48 2.85 3.14 3.65 4.16 5.26 7.01 8.47 8.98 8.98 8.91 8.69 8.83 8.91 9.05 10.73 10.88 10.51 10.66 10.66 11.24 10.80 9.93 9.27 9.13 9.20 7.37 6.50 5.26 5.11 4.60 4.89 5.11 5.77 5.48 6.35 8.54 9.86 11.17 11.97 13.07 13.21 13.36 13.72 13.72 14.75 14.38 13.87 13.14 12.41 11.97 12.05 13.21 14.97 14.67 17.48 17.59 17.55 18.36 17.11 16.50 15.46 14.80 14.71 12.65 13.77 11.99 13.16
9.49 10.07 11.97 13.07 14.60 14.82 13.43 11.61 10.22 10.22 9.42 8.83 8.10 7.01 5.91 4.82 4.16 4.02 4.67 5.55 6.42 7.45 8.61 8.47 7.88 7.52 7.23 7.30 8.18 9.86 11.39 11.90 11.32 11.24 11.17 11.17 11.32 10.88 10.15 10.44 9.34 8.10 6.86 5.40 5.33 6.06 6.13 5.18 5.99 7.45 7.59 8.25 9.13 9.78 10.66 11.97 13.65 14.82 13.29 15.62 15.62 16.06 15.77 14.60 13.14 12.56 12.56 13.72 14.75 15.48 17.01 16.50 18.25 19.05 19.86 20.98 21.77 23.58 20.77 15.86 14.60 12.74 12.08 14.39
8.76 8.69 8.61 9.78 11.83 13.51 13.94 13.72 11.90 11.90 10.44 9.34 8.69 8.47 7.23 5.91 5.26 4.45 5.69 7.15 8.25 8.40 8.98 9.27 8.76 8.98 8.40 8.03 8.47 10.73 13.21 14.02 14.38 13.51 12.92 12.92 12.48 11.17 8.76 7.59 8.10 7.37 6.79 6.42 7.30 8.76 10.59 12.70 10.73 8.10 11.32 11.53 12.12 12.05 13.36 14.38 16.94 17.81 18.61 16.86 16.86 16.28 15.04 14.09 11.97 11.68 11.53 13.07 15.55 17.01 18.32 18.54 17.74 21.17 25.06 26.51 30.61 25.03 24.03 18.80 19.38 16.07 17.59 14.89
5.77 5.55 5.77 7.01 8.40 9.93 10.88 11.75 10.51 10.51 9.56 8.98 9.56 9.27 7.74 5.69 5.33 6.28 7.52 8.83 10.00 10.80 10.73 10.37 9.78 10.59 11.24 11.17 10.59 12.99 15.48 14.67 14.67 15.04 14.45 14.45 12.78 11.46 10.07 8.91 8.32 8.69 8.03 7.30 7.52 8.54 9.56 10.80 11.75 10.44 11.17 11.68 11.61 11.97 15.70 17.01 17.52 17.67 18.18 15.84 15.84 17.59 10.27 9.05 8.03 9.34 10.15 12.12 15.11 17.74 17.52 17.59 17.59 20.95 25.40 26.06 33.80 28.20 28.76 21.90 16.07 17.36 19.35 17.72
5.77 5.55 5.77 7.01 8.40 9.93 10.88 11.75 10.51 10.51 9.56 8.98 9.56 9.27 7.74 5.69 5.33 6.28 7.52 8.83 10.00 10.80 10.73 10.37 9.78 10.59 11.24 11.17 10.59 12.99 15.48 14.67 14.67 15.04 14.45 14.45 12.78 11.46 10.07 8.91 8.32 8.69 8.03 7.30 7.52 8.54 9.56 10.80 11.75 10.44 11.17 11.68 11.61 11.97 15.70 17.01 17.52 17.67 18.18 15.84 15.84 17.59 10.27 9.05 8.03 9.34 10.15 12.12 15.11 17.74 17.52 17.59 17.59 20.95 24.38 26.20 26.25 24.81 24.09 25.49 19.65 17.73 15.16 16.35
3.07 4.02 4.67 5.18 6.42 7.59 8.91 9.93 10.29 10.29 10.00 9.13 8.32 7.74 7.23 5.84 5.11 6.64 8.69 10.95 11.61 11.53 11.61 12.99 12.70 12.05 13.51 14.09 13.72 14.02 15.11 14.89 13.87 13.72 12.92 12.92 12.56 12.05 11.97 12.34 12.12 10.37 8.98 9.34 8.83 7.30 7.37 8.18 7.81 8.54 9.42 9.56 9.13 10.73 13.36 14.89 14.82 14.09 13.14 9.78 9.78 13.65 10.88 2.26 3.36 7.30 8.69 11.02 12.56 14.60 14.60 14.09 16.79 18.54 22.05 24.14 25.36 33.71 32.26 26.03 22.34 17.93 17.69 17.07
1.39 2.34 2.92 4.02 6.20 7.30 7.81 9.13 10.80 10.80 11.61 11.32 9.64 7.37 6.86 7.23 6.64 7.01 8.69 12.05 13.87 12.99 12.63 14.16 14.82 14.09 15.55 17.30 17.81 16.35 15.40 14.53 13.51 13.43 13.43 13.43 13.51 13.14 12.63 12.48 12.99 12.05 9.20 8.10 7.96 6.94 6.72 4.53 4.96 7.08 7.74 6.94 7.37 8.54 10.07 10.95 10.73 8.91 7.45 3.43 3.43 0.00 4.09 0.00 2.92 6.42 7.96 9.78 11.53 11.97 11.83 11.68 14.53 17.96 18.64 24.75 25.39 26.81 27.76 23.84 26.77 17.56 19.54 21.09
1.53 1.75 2.04 3.58 4.45 5.04 6.57 9.13 12.19 12.19 13.43 13.07 10.73 8.91 9.27 9.05 8.98 9.78 11.39 13.87 15.99 15.91 15.70 16.94 18.03 17.30 18.03 20.95 21.32 19.20 17.16 15.48 13.87 12.70 12.85 12.85 13.21 13.21 14.02 14.24 13.58 11.97 8.25 5.62 4.16 2.99 2.48 2.48 3.36 4.60 5.55 4.96 4.89 4.74 5.99 6.42 5.26 4.45 3.29 0.00 0.00 0.00 0.00 0.00 4.60 6.13 6.94 8.10 10.22 11.10 11.97 11.90 16.45 19.76 22.97 25.44 28.55 23.60 24.56 25.04 21.64 20.83 19.61 18.43
4.09 4.02 3.58 4.96 5.26 6.28 8.83 10.95 12.78 12.78 14.09 13.72 11.46 9.71 9.34 9.78 10.44 11.39 13.36 15.84 17.81 18.47 18.47 20.08 21.46 20.00 20.51 22.56 23.36 21.46 17.67 15.48 13.65 11.61 10.37 10.37 10.73 11.75 12.12 12.05 10.66 9.13 8.25 4.74 4.02 4.02 4.82 4.60 5.04 7.30 5.11 3.87 2.99 2.63 3.07 3.36 3.14 3.36 4.09 3.36 3.36 2.34 1.31 2.12 3.36 4.45 4.38 7.37 9.49 11.10 13.72 15.77 19.34 22.72 26.83 29.20 35.06 30.44 26.05 23.57 21.17 18.92 21.23 19.95
6.50 5.33 5.40 6.42 6.64 7.01 8.40 10.59 11.46 11.46 12.05 11.17 9.71 8.54 8.03 8.40 9.13 8.98 9.05 11.68 16.57 18.83 18.91 19.42 20.73 20.37 20.22 20.66 20.73 18.61 16.35 13.87 12.12 11.32 10.07 10.07 9.49 9.42 9.13 8.54 8.25 6.50 6.50 7.01 7.37 7.88 7.08 8.98 7.81 7.08 4.45 4.31 3.94 3.94 4.02 3.50 3.58 4.23 5.18 5.99 5.99 4.82 2.56 2.63 4.67 4.82 5.55 8.32 10.00 12.78 17.74 21.27 25.94 24.71 28.37 30.66 36.16 28.47 26.95 21.85 21.95 20.99 19.75 15.18
6.50 5.33 5.40 6.42 6.64 7.01 8.40 10.59 11.46 11.46 12.05 11.17 9.71 8.54 8.03 8.40 9.13 8.98 9.05 11.68 16.57 18.83 18.91 19.42 20.73 20.37 20.22 20.66 20.73 18.61 16.35 13.87 12.12 11.32 10.07 10.07 9.49 9.42 9.13 8.54 8.25 6.50 6.50 7.01 7.37 7.88 7.08 8.98 7.81 7.08 4.45 4.31 3.94 3.94 4.02 3.50 3.58 4.23 5.18 5.99 5.99 4.82 2.56 2.63 4.67 4.82 5.55 8.32 10.00 12.78 17.84 21.05 23.45 27.53 30.27 35.77 41.98 27.55 28.16 21.23 23.21 24.90 18.03 12.89
5.62 5.04 6.06 6.50 6.35 7.59 9.78 11.32 12.92 12.92 12.41 9.56 8.32 8.61 9.27 9.05 8.32 7.74 7.74 9.34 11.90 14.45 15.77 16.35 16.35 17.37 17.96 17.67 17.01 15.48 12.34 10.51 10.88 11.17 9.64 9.64 8.03 8.10 7.96 8.61 6.42 6.72 9.34 10.22 11.17 10.95 11.39 13.36 10.73 8.18 8.18 8.03 5.04 5.33 5.26 5.04 5.18 6.06 6.94 7.08 7.12 5.43 3.59 3.58 5.62 2.63 10.29 11.75 13.65 16.15 20.57 23.23 28.24 30.68 30.32 30.08 26.03 29.20 25.43 22.96 20.59 23.64 18.07 12.44
7.23 7.66 7.96 8.69 7.66 7.74 8.47 9.93 11.68 11.68 12.05 10.51 8.91 9.64 10.44 10.51 9.86 9.86 10.44 12.05 14.09 16.28 16.79 16.50 15.48 13.87 14.24 15.84 15.48 13.80 10.37 8.54 7.15 7.59 8.54 8.54 9.05 8.98 11.17 9.56 11.02 9.64 11.39 10.80 11.75 12.26 13.87 13.21 11.90 12.05 10.88 7.30 8.61 8.10 7.37 6.72 6.79 7.74 7.74 7.23 7.23 6.50 6.42 7.08 9.56 10.88 9.93 13.07 16.57 18.98 21.75 23.86 29.20 31.99 28.74 23.94 21.33 17.69 20.54 23.90 20.59 17.72 13.41 8.81
13.87 11.61 10.44 9.71 8.76 8.03 7.74 9.05 9.78 9.78 9.56 8.47 7.30 7.30 8.91 10.00 10.37 11.02 11.83 13.29 15.26 16.64 18.91 20.73 19.64 18.40 16.57 17.16 17.16 16.57 12.78 9.71 9.13 8.47 9.64 9.64 10.44 10.59 11.83 11.39 11.39 9.78 11.02 9.13 10.66 10.95 10.44 9.56 9.27 9.13 9.34 9.93 8.40 8.10 8.40 5.48 5.40 5.55 5.91 6.94 6.94 7.74 8.61 10.22 11.90 12.85 15.26 12.56 18.91 20.22 21.24 23.62 28.27 28.67 22.68 20.60 18.42 17.72 19.02 17.69 14.16 13.26 9.76 7.65
12.78 11.10 10.00 9.20 9.34 9.13 8.18 8.40 8.69 8.69 7.59 7.23 6.28 5.55 6.06 6.94 9.13 10.44 12.41 14.60 16.64 18.61 21.10 24.60 25.77 24.97 23.36 21.83 22.63 22.19 20.29 15.33 13.51 11.90 11.39 11.39 11.75 10.80 10.07 9.20 7.59 4.96 4.96 6.57 7.74 8.47 7.88 7.66 7.01 5.91 6.72 8.18 5.99 4.89 6.79 3.65 2.56 3.72 4.60 6.06 6.06 6.86 8.76 10.07 11.53 14.97 18.18 17.16 21.17 21.02 22.12 23.67 27.36 25.50 21.45 14.80 13.31 12.23 11.18 11.82 9.04 10.88 7.71 6.97
11.02 9.34 8.76 8.54 8.69 7.66 6.86 7.01 6.86 6.86 5.11 4.67 6.13 8.32 8.25 9.93 12.99 15.04 18.54 21.32 23.65 25.48 27.23 28.11 28.32 28.47 28.25 27.01 25.92 23.43 20.95 17.81 15.62 12.92 10.29 10.29 8.98 7.59 5.91 5.77 5.11 4.82 4.09 3.58 4.23 5.48 6.06 6.06 5.26 5.26 3.14 0.00 0.00 0.00 0.00 0.00 0.00 3.29 5.18 6.72 6.72 8.25 9.13 10.29 11.32 13.72 15.04 16.06 17.74 19.56 21.75 22.34 21.98 15.22 12.30 10.08 8.88 6.35 6.72 5.36 8.27 5.97 5.62 6.12
8.25 7.01 7.52 7.15 6.57 6.57 5.84 5.40 5.33 5.33 4.89 5.18 7.66 11.97 14.45 15.99 18.91 21.90 25.26 27.81 29.49 29.42 28.91 28.98 27.67 24.82 23.29 21.61 21.02 18.18 16.06 12.48 10.51 9.05 2.99 2.99 2.77 2.70 3.36 3.94 2.85 0.00 0.00 4.16 5.40 5.40 6.86 7.15 6.28 6.13 5.04 4.45 0.00 3.94 4.23 5.18 0.00 4.74 5.91 7.30 7.30 7.01 7.74 7.52 7.52 9.20 10.51 13.80 15.18 16.21 21.17 20.69 15.87 10.65 7.82 5.86 4.80 2.68 1.91 1.25 4.24 2.56 3.63 4.39
8.25 7.01 7.52 7.15 6.57 6.57 5.84 5.40 5.33 5.33 4.89 5.18 7.66 11.97 14.45 15.99 18.91 21.90 25.26 27.81 29.49 29.42 28.91 28.98 27.67 24.82 23.29 21.61 21.02 18.18 16.06 12.48 10.51 9.05 2.99 2.99 2.77 2.70 3.36 3.94 2.85 0.00 0.00 4.16 5.40 5.40 6.86 7.15 6.28 6.13 5.04 4.45 0.00 3.94 4.23 5.18 0.00 4.74 5.91 7.30 7.30 7.01 7.74 7.52 7.52 9.20 10.51 13.80 15.18 16.21 21.17 20.59 15.63 10.49 7.82 6.12 4.28 2.57 1.87 1.31 4.15 2.69 3.63 4.31
8.91 7.81 7.30 7.23 7.15 7.23 7.01 6.94 7.66 7.66 7.15 7.37 10.88 14.45 17.23 17.81 19.13 22.41 25.77 28.11 28.91 26.72 24.31 22.48 20.15 18.32 15.70 15.26 12.48 10.88 9.56 8.76 6.20 4.38 3.36 3.36 2.99 2.99 2.56 2.04 0.00 0.00 0.00 0.00 5.11 7.81 8.32 9.13 9.05 7.45 7.37 7.96 4.02 7.59 6.79 5.99 4.74 4.96 5.04 6.28 6.28 6.42 5.55 4.53 5.91 7.37 10.15 13.87 18.69 18.18 19.05 17.30 12.48 8.63 5.14 3.73 2.34 1.57 0.00 0.00 0.00 0.82 0.37 2.25
