Wansh/Snow_depth/snowdepth-1987/winter/1988044.txt
ncols 321
nrows 161
xllcenter 60
yllcenter 15 
cellsize  0.25 
NODATA_value -1
[rows 74 to 110 of 161, columns 84 to 167 of 321]
0.00 0.00 0.00 0.00 0.00 0.00 0.66 0.00 0.00 0.44 0.00 0.73 2.34 0.00 1.90 3.21 1.46 2.26 2.26 0.00 1.53 0.00 0.00 0.00 0.00 2.48 2.85 0.00 0.00 0.00 0.00 0.00 0.00 0.00 0.00 0.00 0.00 0.00 0.00 0.00 0.00 0.15 0.29 0.29 0.44 0.15 1.02 1.10 0.73 2.04 1.46 0.00 0.00 0.00 2.68 2.41 1.61 2.34 2.19 2.48 1.53 0.00 0.00 0.00 0.00 0.00 0.00 0.00 0.00 2.35 5.28 4.60 1.17 0.00 0.00 0.00 0.00 0.00 0.00 0.00 0.00 0.00 0.00 0.00
0.00 0.44 0.44 0.07 0.22 1.90 0.73 0.44 0.00 0.00 0.00 0.00 2.04 1.83 2.48 2.92 2.19 2.34 2.34 1.39 1.68 1.39 0.00 0.00 0.00 0.00 0.00 2.56 0.00 0.00 0.00 0.00 0.00 0.00 0.00 0.00 0.00 0.00 0.00 0.00 0.00 0.44 0.00 0.00 0.00 0.00 0.00 0.88 1.53 1.46 0.44 0.29 1.17 1.83 1.68 1.61 1.83 1.75 1.46 1.17 1.61 1.24 0.88 0.15 0.15 0.00 0.00 0.66 0.66 3.01 7.30 8.54 4.67 0.37 0.00 0.00 0.00 0.00 0.00 0.00 0.00 0.00 0.00 0.00
1.46 0.80 0.00 0.00 1.17 1.90 0.00 0.00 1.68 2.48 0.00 3.36 1.61 3.36 3.72 3.80 3.50 0.00 0.00 0.00 0.00 1.31 0.00 0.00 0.00 0.00 0.00 0.00 0.00 0.00 0.00 0.00 0.00 0.00 0.00 0.00 0.00 0.00 0.00 0.00 0.00 0.00 1.53 1.53 1.17 0.44 0.00 0.00 0.00 0.00 0.29 0.22 0.95 0.80 0.66 0.80 1.10 0.95 0.80 1.10 1.24 1.75 0.00 0.29 0.37 0.00 0.37 1.46 1.46 3.50 8.03 8.25 4.74 1.46 0.07 0.00 0.00 0.00 0.00 0.00 0.00 0.00 0.00 0.00
0.00 0.73 1.90 0.88 1.31 2.19 0.00 3.14 3.87 3.65 3.07 4.02 2.48 4.67 4.02 4.16 3.65 2.34 2.34 0.00 0.00 0.00 1.31 1.83 1.97 0.00 3.21 0.00 0.00 0.00 0.00 0.00 0.00 0.00 0.00 0.00 0.00 0.00 0.00 0.00 0.00 0.00 0.00 0.00 0.00 0.00 0.00 0.00 0.00 0.00 0.00 1.97 0.00 0.95 1.17 0.88 1.17 1.31 0.15 1.24 1.46 1.75 0.22 0.66 0.15 0.44 0.88 1.02 1.02 1.97 4.02 4.53 2.63 1.31 0.00 0.00 0.00 0.00 0.00 0.00 0.00 0.00 0.00 0.00
1.46 2.63 2.19 1.90 1.75 0.00 2.99 0.00 2.92 3.50 4.31 3.58 3.72 4.02 3.43 3.72 3.07 1.53 1.53 0.00 2.41 2.70 1.39 2.12 1.97 0.00 2.63 2.99 0.00 0.00 0.00 0.00 0.00 0.00 0.00 0.00 0.00 0.00 0.00 0.00 0.00 0.00 0.00 0.00 0.00 0.00 0.00 0.00 0.00 0.00 3.58 0.00 0.00 0.00 0.00 1.17 1.53 1.61 1.53 1.61 1.68 2.48 0.80 0.22 0.00 0.07 0.51 0.44 0.44 0.80 0.29 1.17 0.95 1.39 0.58 0.00 0.00 0.00 0.00 0.00 0.00 0.00 0.00 0.37
3.07 0.00 0.00 0.00 0.00 0.00 0.00 0.00 3.14 2.70 3.72 3.58 3.50 3.72 3.58 2.92 2.26 2.41 2.41 2.56 2.04 0.00 0.00 1.68 2.04 0.00 0.00 0.00 0.00 0.00 0.00 0.00 0.00 0.00 0.00 0.00 0.00 0.00 0.00 0.00 0.00 0.00 0.00 0.00 0.00 0.00 0.00 0.00 0.00 0.00 0.00 0.00 0.00 0.00 0.00 0.00 1.53 1.46 1.10 1.68 2.48 2.85 2.41 0.44 0.00 0.00 0.00 0.00 0.00 0.00 0.00 0.00 0.73 1.53 0.66 0.00 0.00 0.00 0.00 0.00 0.00 0.00 0.00 0.00
0.22 0.00 0.00 0.00 0.00 0.00 0.00 2.70 2.92 2.92 3.14 3.50 2.92 3.14 3.36 2.34 1.83 0.00 0.00 0.00 0.00 0.00 1.46 1.83 0.00 0.00 0.00 0.00 0.00 1.53 2.19 0.00 0.00 0.00 0.00 0.00 0.00 0.00 0.00 0.00 0.00 0.00 0.00 0.00 0.00 0.00 0.00 0.00 0.00 0.00 0.00 0.00 0.00 0.00 0.00 0.00 0.58 1.31 1.10 1.90 1.83 2.41 1.68 1.53 0.00 0.00 0.00 0.00 0.00 0.00 0.00 0.51 1.97 3.29 1.75 0.07 0.00 0.00 0.00 0.37 0.00 0.00 0.00 0.00
0.00 0.66 0.00 0.00 0.00 0.00 1.75 2.12 0.00 0.00 0.00 4.31 3.65 3.14 3.87 2.63 1.61 0.00 0.00 0.00 0.00 0.00 0.00 1.61 0.00 0.00 0.00 2.19 0.00 0.00 0.00 0.00 0.00 0.00 0.00 0.00 0.00 0.00 0.00 0.00 0.00 0.00 0.00 0.00 0.00 0.00 0.00 0.00 0.00 0.00 0.00 0.00 0.00 0.00 0.66 0.07 0.95 0.15 0.73 1.31 1.61 2.34 1.61 1.83 0.00 0.00 0.00 0.00 0.00 0.00 0.00 0.07 1.68 2.92 2.92 1.25 0.07 0.00 0.00 0.45 0.00 0.00 0.00 0.00
0.80 0.58 0.73 0.00 1.90 2.26 2.26 1.46 1.75 1.53 0.00 0.00 0.00 0.00 3.29 0.00 2.04 1.97 1.97 0.00 0.00 0.00 0.00 0.00 0.00 0.00 1.53 2.92 0.00 0.00 0.00 0.00 0.00 0.00 0.00 0.00 0.00 0.00 0.00 0.00 0.00 0.00 0.00 0.00 0.00 0.00 0.00 0.00 0.00 0.00 0.00 0.00 0.00 0.37 0.15 0.73 1.46 0.37 1.39 1.17 2.19 1.46 1.02 1.83 0.80 0.00 0.00 0.00 0.00 0.29 0.00 0.00 1.46 1.97 1.39 0.15 0.15 0.00 0.00 0.00 0.00 0.00 0.00 0.00
1.46 2.41 1.53 2.48 3.21 1.97 0.00 0.00 0.00 0.00 0.00 0.00 0.00 0.00 3.58 2.99 3.07 0.00 0.00 0.00 0.00 0.00 0.00 0.00 1.61 1.53 1.39 0.00 0.00 1.83 2.12 0.00 0.00 0.00 0.00 0.00 0.00 0.00 0.00 0.00 0.00 0.00 0.00 0.00 0.00 0.00 0.00 0.00 0.00 0.00 0.00 0.00 0.00 1.61 0.88 1.53 1.53 1.10 2.04 1.61 2.63 2.12 2.12 1.31 1.17 1.02 0.80 1.10 1.10 0.88 1.02 0.80 0.88 0.88 0.44 0.07 0.51 0.22 0.00 0.00 0.00 0.00 0.00 0.00
2.04 1.90 2.70 3.14 2.85 1.83 1.83 0.00 0.00 0.00 1.83 0.00 3.21 3.50 3.65 3.94 3.36 2.48 2.48 0.00 0.00 3.43 3.65 3.58 2.48 3.14 2.85 2.56 1.90 0.00 0.00 0.00 2.99 0.00 0.00 0.00 0.00 0.00 2.70 2.41 0.00 0.00 0.00 0.00 0.00 0.00 0.00 0.00 0.00 0.00 0.00 1.02 2.26 1.39 4.38 3.72 2.70 1.39 2.70 2.41 3.29 3.72 3.94 3.14 1.46 1.75 1.68 1.02 1.02 0.73 1.46 1.39 0.44 0.00 0.37 0.00 0.00 0.00 0.00 0.00 0.00 0.00 0.00 0.00
1.97 1.61 1.39 1.61 1.53 2.41 1.53 2.77 0.00 2.77 3.29 2.48 3.43 3.65 3.43 3.29 4.31 4.16 4.16 3.94 4.16 4.53 4.60 4.23 0.00 3.65 3.72 3.36 2.48 2.63 2.26 4.23 4.38 2.70 0.00 0.00 0.00 0.00 3.43 3.58 0.00 0.00 0.88 0.88 1.02 0.00 0.00 0.00 0.00 0.95 0.88 1.53 3.43 2.48 8.18 7.88 7.23 6.42 5.48 3.94 3.23 4.32 3.24 2.77 2.77 1.83 1.97 1.24 1.24 0.44 1.24 1.31 1.10 0.51 0.00 0.00 0.00 0.00 0.00 0.00 0.00 0.00 0.00 0.00
1.10 1.53 1.31 2.19 3.29 2.92 3.36 3.21 4.60 3.94 4.23 5.91 4.31 10.44 8.69 6.50 4.23 5.69 5.69 5.04 5.18 5.55 6.28 4.96 3.21 3.87 4.74 4.60 5.40 4.31 5.18 4.16 3.29 3.36 2.99 0.00 0.00 0.00 3.50 5.26 7.01 4.67 2.70 2.70 1.53 2.12 1.17 1.68 1.17 0.95 0.95 0.88 1.75 3.87 6.42 6.86 9.05 10.07 10.95 7.37 3.58 1.68 1.86 2.12 2.48 1.10 0.51 0.22 0.22 0.00 0.58 1.61 1.97 1.61 0.95 0.00 0.00 0.00 0.00 0.00 0.00 0.00 0.00 0.00
1.17 1.24 1.83 2.12 3.58 3.43 3.29 2.99 4.60 6.50 6.35 7.23 8.40 13.58 12.19 9.20 5.91 8.83 8.83 9.20 9.05 7.81 8.61 5.26 3.58 4.02 5.99 5.69 5.55 5.62 4.53 2.92 0.00 2.92 3.50 0.00 0.00 2.70 3.36 5.18 6.13 5.62 2.04 2.04 1.68 2.77 2.48 1.46 1.24 1.24 1.31 0.51 0.73 1.10 2.19 2.70 4.53 6.79 7.30 5.26 2.77 1.39 1.02 1.24 1.11 1.31 1.02 0.00 0.00 0.22 0.22 1.46 1.75 1.17 0.44 0.15 0.22 0.00 0.00 0.00 0.00 0.00 0.00 0.00
1.97 1.10 0.95 0.00 0.00 0.00 0.00 0.00 2.85 3.94 6.50 7.30 9.27 12.70 12.05 10.80 10.22 8.98 8.98 10.95 10.29 8.83 8.03 4.38 3.94 5.40 7.74 6.20 4.60 4.38 5.48 3.29 3.72 4.09 3.80 3.07 3.07 3.14 0.00 3.43 0.00 3.65 2.85 2.85 2.77 2.92 2.63 2.77 2.34 1.68 1.17 0.95 0.58 0.00 0.00 1.75 2.19 3.50 4.74 4.31 2.19 0.80 1.39 1.97 3.10 3.79 2.26 2.77 2.77 1.39 0.00 0.51 1.10 1.02 0.73 0.80 0.00 0.00 0.00 0.00 0.00 0.00 0.00 0.00
2.56 1.97 0.58 0.44 0.00 0.00 0.00 0.00 0.00 0.00 2.63 3.43 6.35 8.91 9.13 9.93 9.34 8.76 8.76 8.69 7.66 7.08 5.55 3.43 4.53 5.55 5.26 4.23 3.21 0.00 3.50 3.87 3.80 4.38 3.80 3.65 2.63 2.34 2.56 0.00 3.21 3.36 0.00 0.00 2.04 2.41 2.70 3.14 2.77 1.90 1.83 0.88 1.10 0.66 0.44 0.51 1.46 2.19 2.82 2.43 1.61 1.02 1.19 2.92 5.04 6.32 6.30 3.36 3.36 2.70 0.00 0.00 0.00 0.00 0.00 0.00 0.00 0.00 0.00 0.00 0.00 0.00 0.00 0.00
1.75 1.61 0.80 0.22 0.00 0.00 0.00 0.00 0.00 0.00 0.00 0.00 0.00 5.33 5.55 5.91 5.69 7.74 7.74 3.94 4.16 3.50 2.70 2.41 2.70 3.29 3.21 0.00 0.00 0.00 2.41 3.50 3.87 3.29 3.29 3.07 2.99 0.00 0.00 0.00 0.00 0.00 0.00 0.00 1.10 1.97 2.63 1.39 1.39 1.17 0.51 1.02 3.21 3.58 2.41 1.90 3.21 1.97 2.77 2.04 1.20 0.29 1.40 2.48 4.16 6.28 7.82 7.22 6.99 4.70 0.00 0.00 0.00 0.00 0.00 0.00 0.00 0.58 0.99 1.07 0.00 0.00 0.00 0.00
0.80 0.66 0.37 0.37 0.00 0.00 0.00 0.29 0.00 0.00 0.00 0.00 0.00 0.00 2.70 0.00 3.58 3.87 3.87 3.07 0.00 0.00 0.00 0.00 0.00 0.00 0.00 0.00 0.00 0.00 0.00 2.19 1.68 0.00 2.41 0.00 0.00 0.00 0.00 0.00 0.00 0.00 0.58 0.58 0.00 0.00 0.29 0.37 1.17 0.73 0.37 0.73 3.58 4.23 4.23 4.31 4.67 6.72 6.93 4.06 1.31 0.44 0.89 0.99 2.66 5.21 5.91 6.57 6.60 4.78 3.30 0.00 3.87 2.85 2.05 0.00 0.00 0.88 0.95 1.33 1.00 0.00 0.00 0.00
0.51 0.37 0.15 0.00 0.00 0.22 0.00 0.44 0.00 0.00 0.00 0.00 0.00 0.00 0.00 0.00 0.00 0.00 0.00 0.00 0.00 0.00 0.00 0.00 0.00 0.00 0.00 0.00 0.00 0.00 0.00 0.00 0.00 0.00 0.00 0.00 0.00 0.00 0.00 0.00 0.00 0.00 0.00 0.00 0.00 0.00 0.15 0.22 0.29 0.95 1.17 1.39 2.48 4.38 5.33 8.03 6.72 11.53 9.27 5.91 4.06 2.68 1.47 0.00 2.97 6.19 5.62 4.67 4.67 2.90 3.73 4.20 6.24 5.63 4.77 3.24 2.19 1.48 1.35 1.12 0.00 0.00 0.00 0.00
1.31 0.37 0.00 0.00 0.15 0.00 0.00 0.00 0.00 0.00 0.00 0.00 0.00 0.00 0.00 0.00 1.31 0.00 0.00 0.00 0.00 0.00 0.00 0.00 0.00 0.00 0.00 0.00 0.00 0.00 0.00 0.00 0.00 0.00 0.00 0.00 0.00 0.00 0.00 0.00 0.00 0.00 0.51 0.51 0.00 0.00 0.00 0.29 0.44 1.24 1.75 1.75 2.19 3.58 5.18 9.42 10.03 12.56 11.46 9.71 8.03 6.27 3.63 2.00 4.12 6.66 6.60 4.23 4.23 0.00 3.54 5.52 8.08 7.34 7.56 5.80 4.53 3.56 2.59 1.20 0.00 0.78 0.00 0.00
3.58 1.75 2.26 0.37 0.29 0.29 0.00 0.00 0.00 0.00 0.00 0.00 0.00 0.00 0.00 0.00 1.39 0.73 0.73 0.00 0.00 2.04 0.00 0.00 0.00 0.00 0.00 0.00 0.00 0.00 0.00 0.00 0.00 0.00 0.00 0.00 0.00 0.00 0.00 0.00 0.00 0.00 0.00 0.00 1.17 0.00 0.88 0.73 0.66 2.56 3.29 3.43 3.35 3.54 5.35 10.97 12.19 10.88 12.19 12.26 12.41 8.51 5.84 4.11 4.55 7.02 8.27 4.53 4.55 2.87 4.65 5.19 7.18 8.45 9.35 8.40 6.11 4.77 3.44 0.00 0.00 1.49 1.97 1.28
5.69 4.60 3.58 3.65 2.48 1.31 0.95 0.00 0.00 0.00 0.00 0.00 0.00 0.00 0.00 0.00 0.00 0.00 0.00 0.00 0.00 0.00 0.00 0.00 0.00 0.00 0.00 0.00 0.00 0.00 0.00 0.00 0.00 0.00 0.00 0.00 0.00 0.00 0.00 0.00 0.00 0.00 0.00 0.00 0.22 0.00 0.00 0.00 0.66 2.41 3.65 4.45 5.04 5.58 8.07 9.48 12.18 11.37 12.60 12.61 12.84 10.86 8.21 5.82 4.52 5.64 7.64 3.89 3.89 2.80 3.87 3.49 5.14 8.73 9.76 8.73 7.82 5.43 3.59 2.38 2.09 3.40 3.65 1.68
4.89 2.48 3.94 5.84 5.99 4.02 3.58 2.63 2.56 0.73 0.29 0.00 0.00 0.00 0.00 0.00 0.00 0.00 0.00 0.00 0.00 0.00 0.00 0.00 0.00 0.00 0.00 1.39 0.15 0.00 0.00 0.00 0.00 0.00 0.00 0.00 0.00 0.00 0.00 0.00 0.00 0.00 1.31 1.31 0.00 0.00 0.00 0.22 0.80 2.99 4.16 5.99 7.37 8.36 10.35 11.19 10.48 9.78 13.08 12.43 12.94 12.47 10.54 9.50 5.82 4.62 4.18 2.89 2.85 1.85 3.04 3.60 5.71 7.99 9.05 8.29 6.60 3.33 2.57 2.26 1.05 3.54 4.23 1.51
3.72 0.00 1.02 3.07 5.84 5.69 6.20 6.94 6.35 4.74 2.99 0.22 0.29 0.22 0.00 0.00 0.00 0.00 0.00 0.00 0.00 0.00 0.00 0.00 0.00 0.00 0.00 0.00 0.66 0.00 0.37 0.80 0.66 1.90 0.00 0.00 0.00 0.00 0.00 0.00 0.00 2.70 1.39 1.39 0.00 0.73 0.00 0.44 1.02 2.85 5.79 8.82 11.39 14.12 13.55 11.89 12.26 8.76 11.49 10.47 11.08 11.14 11.39 8.25 4.00 2.14 2.30 2.11 2.05 0.58 0.51 2.21 3.09 6.77 8.95 8.32 6.04 2.42 2.83 2.38 1.65 2.59 2.50 1.83
11.24 9.34 7.52 9.20 10.00 12.34 18.10 21.68 19.20 14.60 11.53 8.91 5.40 2.12 0.00 1.02 1.68 1.10 1.10 1.61 0.95 0.00 0.00 0.00 0.80 0.88 1.46 0.88 1.10 1.24 1.24 0.29 0.51 1.24 1.61 1.24 2.19 1.75 1.83 1.97 0.37 0.88 0.22 0.22 0.29 0.37 0.44 1.17 1.97 4.74 9.26 13.01 13.23 10.55 9.15 6.86 7.64 10.08 12.82 12.18 13.06 12.18 9.18 7.90 4.16 2.42 1.61 0.90 0.88 0.07 0.00 0.15 1.78 4.23 5.39 4.53 1.82 0.66 0.75 0.00 0.00 0.00 1.94 2.94
10.07 11.97 11.17 10.29 11.90 14.31 19.27 22.56 20.88 15.18 10.00 8.32 5.77 4.60 0.00 2.63 2.34 1.97 1.97 2.19 1.53 1.17 0.00 0.37 0.66 0.58 0.44 0.07 0.37 0.95 1.02 0.51 0.58 0.58 1.53 2.19 3.50 4.89 3.65 1.24 0.00 0.00 0.00 0.00 0.58 0.58 0.73 0.00 0.45 4.56 8.28 9.25 9.09 8.79 11.13 7.91 5.93 6.94 11.25 11.58 12.90 13.62 12.23 8.58 3.94 1.83 2.05 1.39 1.37 0.00 0.00 0.08 0.00 1.71 5.51 4.53 1.84 0.82 0.00 0.00 0.00 0.00 1.12 2.36
7.08 9.93 8.91 6.57 7.59 10.95 14.97 17.23 19.05 15.26 6.94 3.50 2.77 2.92 2.12 3.21 2.70 2.26 2.26 2.41 1.97 2.34 0.44 0.58 0.58 0.00 0.00 0.00 0.22 1.31 1.17 0.29 0.00 0.00 0.80 1.53 2.92 3.58 0.00 0.00 0.00 0.00 0.00 0.00 0.07 0.00 0.00 0.00 1.87 5.21 7.85 10.14 9.19 9.65 9.48 6.34 4.97 4.68 5.14 9.70 12.09 13.71 13.36 7.37 4.53 4.02 2.46 2.35 2.61 1.04 0.00 0.00 0.00 1.57 5.24 4.35 1.75 0.95 0.00 0.00 0.00 0.00 0.75 3.22
0.00 5.33 6.86 3.21 2.77 6.79 9.49 12.77 14.60 13.07 7.15 2.26 0.00 0.00 1.39 3.07 2.56 3.14 3.14 2.85 2.48 2.48 1.75 0.58 0.73 0.00 0.00 0.00 0.00 0.88 0.88 0.29 0.00 0.00 0.29 1.31 2.63 0.44 0.00 0.00 0.00 0.00 0.00 0.00 0.00 0.29 0.58 0.59 3.14 5.16 7.54 9.73 10.95 11.97 7.58 5.75 3.98 2.16 2.41 4.35 8.59 12.58 12.84 10.44 9.42 6.26 2.97 3.30 3.18 2.32 0.71 0.28 0.00 2.23 3.36 3.29 0.96 1.07 0.62 0.00 0.00 1.03 1.91 4.40
0.00 0.00 0.00 0.00 0.00 4.02 7.37 10.88 11.83 10.51 7.08 3.14 0.95 0.00 0.00 1.97 2.48 3.07 3.07 2.77 2.56 2.19 1.83 1.10 0.00 0.00 0.00 0.00 0.00 0.22 0.00 0.00 0.00 0.00 0.00 0.88 0.44 0.15 0.00 0.00 0.00 0.00 0.00 0.00 0.00 0.00 1.24 0.95 2.99 4.74 6.37 8.79 9.45 9.19 6.03 4.64 3.61 0.00 0.00 3.92 6.28 7.18 10.02 12.49 12.69 9.78 6.40 4.45 4.48 3.42 3.24 0.40 0.00 1.15 1.12 1.16 0.89 0.51 0.22 0.00 0.57 2.70 3.33 4.38
0.00 0.00 0.00 0.00 0.00 0.00 5.55 9.20 11.53 10.73 8.03 4.31 1.97 2.48 1.39 0.66 4.09 3.94 3.94 4.31 3.50 2.77 1.97 0.80 0.00 0.00 0.00 0.00 0.00 0.00 0.00 0.00 0.00 0.00 0.00 0.00 0.00 0.00 0.00 0.00 0.00 0.00 0.00 0.00 0.00 0.00 0.51 1.39 1.33 3.01 5.17 6.82 10.08 5.99 3.15 1.92 3.27 0.00 0.00 3.48 4.63 4.84 8.87 10.46 12.58 12.82 9.81 6.75 7.90 4.28 3.92 1.56 0.00 0.26 0.25 0.50 0.65 1.02 0.62 0.96 0.26 2.92 4.22 4.36
0.00 0.00 0.00 0.00 0.00 0.00 4.02 5.99 8.32 9.93 7.15 6.06 5.40 5.99 8.25 1.17 10.88 9.93 9.93 10.66 8.83 5.69 2.92 1.68 0.07 0.00 0.00 0.00 0.00 0.00 0.00 0.00 0.00 0.00 0.00 0.15 0.00 0.00 0.00 0.00 0.00 0.00 0.00 0.00 0.00 0.00 0.00 0.00 0.08 1.05 2.95 5.13 5.60 5.05 3.05 0.00 0.00 0.00 0.00 0.00 3.62 5.25 8.36 9.61 10.82 12.86 12.96 7.55 8.45 6.78 6.28 4.05 2.02 0.27 0.09 0.00 0.50 0.58 0.08 0.00 0.00 2.98 4.06 4.18
0.00 0.00 0.00 0.00 0.00 0.00 0.00 3.14 5.55 5.48 4.74 7.74 7.59 9.13 12.78 8.52 17.77 15.84 15.84 18.10 18.03 11.90 5.26 2.77 2.34 0.29 0.00 0.00 0.00 0.00 0.00 0.00 0.00 0.00 0.00 1.10 0.00 0.00 0.00 0.00 0.00 0.00 0.00 0.00 0.00 0.00 0.00 0.00 0.00 2.51 5.62 6.80 5.29 0.00 0.00 0.00 0.00 0.00 0.00 0.00 0.00 8.78 9.09 9.27 10.90 12.25 16.66 10.32 10.54 9.24 6.49 4.07 4.13 2.19 0.26 0.27 1.26 0.85 0.00 0.00 0.00 0.00 0.00 0.00
0.00 0.00 0.00 0.00 0.00 0.00 0.00 0.00 1.31 1.61 5.69 3.80 6.57 7.15 8.47 10.71 16.50 18.15 16.93 21.17 23.94 19.20 10.73 4.53 2.99 0.95 1.46 2.56 0.00 0.00 0.00 0.00 0.00 0.00 0.00 0.51 0.00 0.00 0.00 0.00 0.80 0.22 0.00 0.00 0.00 0.00 0.00 0.00 1.96 4.90 8.00 6.76 0.00 0.00 0.00 0.00 0.00 0.00 0.00 0.00 0.00 10.22 9.76 8.43 11.63 14.81 13.83 13.35 16.32 11.46 6.51 4.99 5.50 2.84 0.00 0.73 1.52 0.00 0.00 0.00 0.00 0.00 0.00 0.00
0.00 0.00 0.00 0.00 0.00 0.00 0.00 0.00 0.00 0.00 0.00 0.00 0.00 0.00 0.00 0.00 2.19 6.04 6.14 10.44 14.82 17.52 16.06 11.02 6.06 9.49 11.46 11.75 8.03 4.16 5.26 7.52 6.28 3.29 1.61 3.72 3.29 5.40 6.35 4.26 3.39 2.80 3.07 3.07 2.77 1.17 0.00 1.47 2.69 0.64 0.00 0.00 0.00 0.00 0.00 0.00 0.00 0.00 0.00 0.00 0.00 0.00 0.00 0.00 9.02 12.79 8.97 7.56 8.45 9.38 7.73 0.00 0.00 0.00 0.00 0.00 0.00 0.00 0.00 0.00 0.00 0.00 0.00 0.00
0.00 0.00 0.00 0.00 0.00 0.00 0.00 0.00 0.00 0.00 0.00 0.00 0.00 0.00 0.00 0.00 0.00 0.00 0.00 4.82 8.39 10.21 12.56 11.61 10.51 11.18 11.68 15.26 10.95 8.54 8.76 10.59 11.75 7.88 4.02 5.18 5.91 8.76 6.57 4.09 3.10 5.46 5.04 5.63 2.85 1.83 1.31 3.22 1.80 0.00 0.00 0.00 0.00 0.00 0.00 0.00 0.00 0.00 0.00 0.00 0.00 0.00 0.00 0.00 0.00 0.00 0.00 0.00 0.00 0.00 0.00 0.00 0.00 0.00 0.00 0.00 0.00 0.00 0.00 0.00 0.00 0.00 0.00 0.00
0.00 0.00 0.00 0.00 0.00 0.00 0.00 0.00 0.00 0.00 0.00 0.00 0.00 0.00 0.00 0.00 0.00 0.00 0.00 0.00 0.00 0.00 6.50 7.08 7.37 11.15 8.27 9.27 8.32 9.64 8.10 11.24 10.89 6.42 3.36 0.00 2.04 4.89 3.58 0.00 0.00 0.00 0.00 0.00 1.21 2.54 1.28 3.07 0.00 0.00 0.00 0.00 0.00 0.00 0.00 0.00 0.00 0.00 0.00 0.00 0.00 0.00 0.00 0.00 0.00 0.00 0.00 0.00 0.00 0.00 0.00 0.00 0.00 0.00 0.00 0.00 0.00 0.00 0.00 0.00 0.00 0.00 0.00 0.00
0.00 0.00 0.00 0.00 0.00 0.00 0.00 0.00 0.00 0.00 0.00 0.00 0.00 0.00 0.00 0.00 0.00 0.00 0.00 0.00 0.00 0.00 0.00 0.00 0.00 6.64 0.00 3.29 5.69 4.53 3.07 5.87 8.69 0.00 0.00 0.00 0.00 0.00 0.00 0.00 0.00 0.00 0.00 0.00 0.00 0.00 0.00 0.00 0.00 0.00 0.00 0.00 0.00 0.00 0.00 0.00 0.00 0.00 0.00 0.00 0.00 0.00 0.00 0.00 0.00 0.00 0.00 0.00 0.00 0.00 0.00 0.00 0.00 0.00 0.00 0.00 0.00 0.00 0.00 0.00 0.00 0.00 0.00 0.00
