Wansh/Snow_depth/snowdepth-1987/winter/1988050.txt
ncols 321
nrows 161
xllcenter 60
yllcenter 15 
cellsize  0.25 
NODATA_value -1
[rows 0 to 36 of 161, columns 168 to 251 of 321]
12.99 10.80 8.69 6.79 6.64 6.72 6.64 6.28 6.64 6.64 7.52 8.25 8.76 8.47 8.25 7.81 8.18 8.83 11.02 12.41 12.56 11.24 10.37 10.29 10.00 8.40 3.43 0.00 0.00 0.00 0.00 4.67 13.65 15.26 14.45 14.45 13.94 14.75 16.35 17.89 17.74 17.16 17.67 18.83 20.88 22.05 22.70 22.85 22.63 22.05 20.81 19.86 19.56 19.20 20.95 22.85 25.48 28.84 29.27 28.03 28.03 26.65 26.94 28.25 30.15 30.88 30.44 29.20 25.99 23.58 22.34 21.02 21.46 22.12 22.63 23.21 24.82 25.62 25.77 24.75 22.63 22.19 21.61 22.56
17.45 15.11 11.10 10.29 10.15 8.76 7.23 6.72 7.15 7.15 8.69 9.71 9.49 8.91 8.25 7.81 8.61 10.22 12.19 13.36 12.56 11.61 10.73 10.44 8.98 5.04 0.00 0.00 0.00 0.00 0.00 7.45 12.12 13.87 13.94 13.94 15.26 16.28 18.54 20.37 21.39 20.95 20.88 21.32 21.90 22.12 21.24 20.37 20.22 20.59 21.39 21.61 21.46 21.90 22.12 22.78 24.45 26.06 28.47 28.32 28.32 27.45 27.52 28.03 28.69 29.42 29.57 29.05 28.03 26.65 25.26 24.24 23.29 23.29 22.48 22.12 23.58 23.87 24.09 23.73 22.56 20.73 19.05 18.47
19.20 16.28 14.89 14.02 12.41 11.53 9.64 8.32 7.30 7.30 8.10 8.69 8.10 7.96 9.20 11.17 13.07 14.60 15.04 13.87 12.63 10.95 9.20 8.25 5.48 0.00 0.00 0.00 0.00 0.00 1.68 7.08 10.59 11.24 12.48 12.48 15.04 17.23 20.81 21.83 21.39 20.95 19.64 18.18 18.54 19.49 20.73 21.46 21.68 21.53 22.05 22.56 22.41 22.34 22.63 23.29 23.58 24.67 25.92 27.30 27.30 27.74 27.38 27.16 27.59 27.52 27.38 27.52 27.45 25.77 24.82 24.24 23.21 21.83 21.10 20.73 20.22 20.37 21.17 21.90 22.12 21.68 21.17 20.15
19.20 16.28 14.89 14.02 12.41 11.53 9.64 8.32 7.30 7.30 8.10 8.69 8.10 7.96 9.20 11.17 13.07 14.60 15.04 13.87 12.63 10.95 9.20 8.25 5.48 0.00 0.00 0.00 0.00 0.00 1.68 7.08 10.59 11.24 12.48 12.48 15.04 17.23 20.81 21.83 21.39 20.95 19.64 18.18 18.54 19.49 20.73 21.46 21.68 21.53 22.05 22.56 22.41 22.34 22.63 23.29 23.58 24.67 25.92 27.30 27.30 27.74 27.38 27.16 27.59 27.52 27.38 27.52 27.45 25.77 24.82 24.24 23.21 21.83 21.10 20.73 20.22 20.37 21.17 21.90 22.12 21.68 21.17 20.15
19.49 17.52 17.30 16.21 14.53 11.68 10.80 9.86 8.76 8.76 7.59 9.27 11.02 11.97 12.92 15.04 16.79 16.50 14.97 11.97 10.66 9.56 5.62 1.53 0.00 0.00 0.00 0.00 0.00 1.83 6.57 9.34 9.71 11.32 13.21 13.21 14.82 15.77 18.32 19.64 20.22 20.81 20.37 18.47 18.10 18.83 19.56 21.17 21.83 22.12 22.92 23.58 23.51 22.56 22.70 22.85 22.48 22.48 22.92 24.09 24.09 25.11 27.52 27.89 27.16 25.70 24.24 24.02 23.65 23.65 23.29 23.07 21.75 20.66 19.56 19.13 19.71 20.59 21.83 22.63 22.56 22.85 22.78 22.78
20.81 20.81 19.86 17.67 14.45 12.34 12.99 13.72 13.87 13.87 12.26 10.29 13.87 14.53 15.04 16.50 16.72 14.09 11.68 9.34 5.69 1.97 0.00 0.00 0.00 0.00 0.00 0.00 2.26 8.03 10.15 10.88 11.61 13.65 15.99 15.99 17.45 17.81 16.64 16.35 17.74 18.98 19.49 19.13 19.93 20.66 21.61 21.68 21.90 22.56 23.65 24.16 23.87 23.21 22.48 22.12 21.39 21.46 21.90 22.19 22.19 24.31 26.79 27.30 24.97 22.48 20.73 20.37 20.00 20.15 19.78 19.78 19.13 18.91 18.40 17.81 18.03 17.52 18.76 20.88 21.97 22.63 22.78 22.85
19.64 21.75 22.34 20.95 18.76 16.64 15.84 17.16 17.01 17.01 15.26 14.53 14.09 15.62 16.86 17.08 15.33 12.19 9.49 3.43 0.00 0.00 0.00 0.00 0.00 0.00 0.00 2.12 7.30 9.05 10.29 11.75 13.87 16.72 20.22 20.22 21.02 18.61 14.31 13.29 14.97 17.67 18.91 21.02 22.41 24.31 25.04 25.33 25.48 26.13 25.84 25.04 23.21 21.83 20.73 19.56 18.61 19.27 20.15 22.27 22.27 23.51 24.75 23.94 22.92 20.37 18.18 17.45 17.59 16.94 16.50 16.35 15.48 15.04 14.67 13.94 13.87 14.89 16.50 19.62 23.60 25.98 25.95 27.70
19.64 21.75 22.34 20.95 18.76 16.64 15.84 17.16 17.01 17.01 15.26 14.53 14.09 15.62 16.86 17.08 15.33 12.19 9.49 3.43 0.00 0.00 0.00 0.00 0.00 0.00 0.00 2.12 7.30 9.05 10.29 11.75 13.87 16.72 20.22 20.22 21.02 18.61 14.31 13.29 14.97 17.67 18.91 21.02 22.41 24.31 25.04 25.33 25.48 26.13 25.84 25.04 23.21 21.83 20.73 19.56 18.61 19.27 20.15 22.27 22.27 23.51 24.75 23.94 22.92 20.37 18.18 17.45 17.59 16.94 16.50 16.35 15.48 15.04 14.67 16.12 19.13 21.43 22.60 33.33 38.98 34.58 33.39 28.74
14.45 18.69 20.08 20.73 19.13 17.08 16.21 16.43 16.57 16.57 14.97 14.75 16.13 14.45 16.06 14.16 9.64 5.11 0.00 0.00 0.00 0.00 0.00 0.00 0.00 2.34 5.33 6.79 8.76 9.20 10.29 12.05 13.43 16.72 18.83 18.83 19.93 16.57 14.09 14.16 16.57 18.69 20.59 21.53 22.34 23.94 25.99 27.38 26.72 25.19 25.19 24.31 22.12 20.81 19.93 18.18 18.32 18.54 19.05 19.78 19.78 21.97 22.27 21.02 18.76 17.74 16.43 15.04 14.53 15.11 15.33 14.31 13.80 14.22 17.80 22.62 25.85 23.78 19.31 24.37 24.33 24.18 24.78 25.40
11.17 12.48 14.89 15.70 16.94 16.79 15.77 15.40 14.75 14.75 15.55 16.13 15.11 13.51 14.60 5.55 0.00 0.00 0.00 0.00 0.00 0.00 0.51 3.29 6.13 7.59 8.25 9.34 10.22 11.02 11.68 11.75 12.05 13.14 15.55 15.55 17.01 16.28 15.77 16.35 18.98 20.44 19.93 19.13 19.13 20.15 22.05 22.34 22.92 22.63 21.68 20.88 20.22 19.64 18.91 18.76 19.13 19.42 18.83 18.54 18.54 19.13 18.76 17.37 15.99 15.04 14.53 14.31 14.31 14.38 14.67 14.75 15.56 18.65 19.20 19.47 20.52 22.18 24.63 23.43 20.42 19.40 22.11 22.97
12.12 10.44 10.95 12.48 13.58 14.82 15.11 15.18 14.89 14.89 14.16 11.17 9.34 7.59 4.38 5.77 0.00 0.00 0.00 0.00 6.50 6.28 7.23 8.10 8.32 8.69 8.40 8.91 10.15 10.66 9.93 9.27 10.44 12.92 14.53 14.53 17.08 17.81 18.47 19.56 20.15 19.35 17.23 15.70 16.79 15.48 15.77 18.03 19.42 20.00 19.05 18.18 17.89 18.76 19.35 19.56 18.98 18.03 17.52 16.28 16.28 15.84 15.77 15.26 14.45 14.09 13.94 14.31 14.97 15.26 14.53 13.94 13.63 13.19 13.09 15.62 19.59 21.61 18.66 19.47 20.06 21.63 19.84 20.10
12.12 10.44 10.95 12.48 13.58 14.82 15.11 15.18 14.89 14.89 14.16 11.17 9.34 7.59 4.38 5.77 0.00 0.00 0.00 0.00 6.50 6.28 7.23 8.10 8.32 8.69 8.40 8.91 10.15 10.66 9.93 9.27 10.44 12.92 14.53 14.53 17.08 17.81 18.47 19.56 20.15 19.35 17.23 15.70 16.79 15.48 15.77 18.03 19.42 20.00 19.05 18.18 17.89 18.76 19.35 19.56 18.98 18.03 17.52 16.28 16.28 15.84 15.77 15.26 14.45 14.09 13.94 14.31 14.97 15.26 14.53 13.94 13.29 12.99 12.70 14.51 17.46 20.01 19.90 20.20 20.06 21.16 21.79 21.50
13.51 11.97 11.10 11.61 10.07 10.44 11.24 8.83 6.57 6.57 3.50 0.66 0.00 0.00 0.00 0.00 0.00 0.00 6.64 7.45 7.52 7.15 7.66 8.25 8.76 9.20 8.10 10.29 11.17 10.59 9.93 9.78 11.02 11.97 13.72 13.72 15.91 17.08 17.08 16.79 16.57 15.26 13.29 10.88 10.37 10.88 11.90 13.43 15.18 16.35 16.72 16.28 16.94 17.59 17.74 17.67 17.16 16.28 15.40 14.75 14.75 15.18 16.57 15.99 14.97 14.67 14.89 15.26 15.91 16.86 16.79 14.67 13.07 12.56 12.50 15.86 18.97 18.41 19.40 20.37 19.47 21.04 20.66 19.58
14.02 14.89 15.55 12.99 13.21 11.10 9.49 6.28 0.15 0.15 0.00 0.00 0.00 0.00 0.00 0.00 0.00 0.00 4.02 5.48 6.42 7.01 7.74 8.40 8.47 8.54 9.64 11.32 12.85 12.41 11.24 10.80 11.61 12.70 13.14 13.14 14.09 14.97 15.18 15.18 14.24 11.68 10.22 8.83 9.71 11.39 12.26 12.19 13.72 14.02 14.53 14.60 15.33 18.10 19.05 18.32 16.57 15.18 14.89 15.48 15.48 17.08 17.74 17.67 17.37 17.01 16.28 16.57 17.67 18.61 17.59 16.64 15.55 14.35 15.98 17.57 16.47 19.65 21.00 17.25 18.99 17.33 17.60 19.55
19.05 20.00 19.71 17.67 15.99 15.91 14.02 9.86 7.74 7.74 4.16 4.31 2.70 4.09 4.16 4.23 3.58 3.94 3.80 3.50 4.16 5.04 6.13 7.30 7.96 8.61 10.00 10.59 11.46 12.05 11.68 11.53 11.97 12.34 12.19 12.19 12.19 12.70 12.63 11.24 9.93 8.32 7.59 8.03 9.64 10.88 11.24 11.68 11.83 12.05 11.61 12.48 14.31 15.48 17.89 19.05 19.27 17.67 16.28 16.21 16.21 17.52 18.03 17.81 17.16 15.55 14.75 15.40 18.18 21.24 21.61 19.05 17.58 19.53 18.70 18.47 18.04 20.12 17.95 17.78 18.23 17.35 17.87 15.99
18.61 19.78 19.93 18.18 16.94 16.79 17.45 13.43 13.14 13.14 12.05 11.24 9.93 7.66 5.48 3.80 2.56 1.39 1.17 1.61 2.63 4.02 5.77 7.01 8.32 8.83 8.61 8.69 9.78 10.44 10.59 11.75 11.97 12.19 12.56 12.56 11.83 11.61 11.02 10.07 9.93 9.93 10.07 9.71 8.18 8.54 8.91 9.78 10.00 8.61 8.47 9.86 11.46 13.07 14.53 17.37 19.27 19.27 18.83 18.03 18.03 17.81 18.10 17.67 16.13 15.55 14.60 14.97 17.81 20.22 20.95 20.55 22.52 20.34 20.13 17.40 19.26 17.48 17.63 18.37 18.53 18.71 17.25 16.92
18.61 19.78 19.93 18.18 16.94 16.79 17.45 13.43 13.14 13.14 12.05 11.24 9.93 7.66 5.48 3.80 2.56 1.39 1.17 1.61 2.63 4.02 5.77 7.01 8.32 8.83 8.61 8.69 9.78 10.44 10.59 11.75 11.97 12.19 12.56 12.56 11.83 11.61 11.02 10.07 9.93 9.93 10.07 9.71 8.18 8.54 8.91 9.78 10.00 8.61 8.47 9.86 11.46 13.07 14.53 17.37 19.27 19.27 18.83 18.03 18.03 17.81 18.10 17.67 16.13 15.55 14.60 14.97 17.81 20.22 20.95 25.23 21.11 22.11 18.08 21.53 19.54 19.33 17.98 16.57 17.91 16.09 18.76 19.21
12.26 16.06 17.52 16.57 14.97 14.75 13.29 13.51 11.39 11.39 9.86 8.25 7.30 6.57 5.77 3.65 2.19 1.75 1.61 1.10 1.83 4.45 5.69 6.72 7.37 8.03 8.47 8.40 9.20 9.42 9.93 10.66 11.32 11.53 12.19 12.19 11.90 11.46 10.66 10.44 10.66 11.10 10.59 8.61 6.64 5.55 5.48 6.35 6.94 6.42 6.35 8.32 10.37 12.34 14.09 15.48 16.86 18.76 19.64 19.49 19.49 19.27 18.25 17.30 16.64 15.77 15.70 16.28 18.54 21.53 23.83 22.88 26.00 24.24 24.16 24.13 22.31 18.42 16.92 19.54 17.95 17.00 17.99 16.85
13.07 12.99 14.82 16.72 15.70 14.38 12.63 11.68 10.44 10.44 7.23 7.45 7.96 8.40 6.94 5.26 4.09 3.87 3.29 4.16 3.65 3.72 7.15 8.32 8.18 7.81 7.15 6.64 7.15 8.25 9.56 10.15 10.66 11.10 10.88 10.88 11.10 11.53 11.10 11.02 10.22 9.78 8.76 6.64 5.18 4.45 5.04 6.42 6.64 6.86 7.66 8.69 9.86 10.73 12.05 13.94 15.77 16.43 18.03 20.66 20.66 21.61 21.10 18.83 16.79 16.57 17.45 18.69 20.37 23.11 24.55 24.92 25.23 25.24 27.89 25.95 21.22 19.98 19.14 20.10 17.58 19.78 18.47 20.05
9.71 10.88 12.41 13.43 13.58 14.45 14.02 11.53 11.02 11.02 9.20 8.91 9.56 9.42 8.47 8.03 6.64 5.62 5.55 6.72 7.81 7.74 10.80 10.29 8.18 7.01 7.15 6.72 6.79 7.74 9.49 12.12 12.70 12.70 12.56 12.56 12.70 11.83 10.88 9.27 8.40 8.32 6.42 4.60 5.18 6.28 7.52 8.47 9.56 10.29 10.66 11.17 11.83 12.85 12.85 15.04 17.08 18.83 19.35 19.64 19.64 21.68 21.90 19.35 17.23 15.11 16.50 19.49 21.39 23.58 25.33 26.72 27.52 27.52 27.23 27.29 25.93 25.96 25.64 21.01 20.95 18.81 17.93 21.11
8.18 7.37 7.66 9.13 11.97 12.56 12.34 11.90 10.73 10.73 10.73 9.71 9.56 10.80 11.90 10.73 8.32 7.23 7.81 10.15 10.95 11.61 11.24 9.20 7.74 7.74 8.18 7.52 7.96 9.86 12.26 14.16 13.72 14.16 14.09 14.09 13.14 11.10 8.98 7.15 7.01 6.50 5.55 5.26 5.62 6.28 6.94 7.74 8.98 9.86 10.44 11.75 12.56 14.75 16.72 18.61 19.78 20.95 19.27 16.94 16.94 14.97 15.40 15.04 14.60 13.58 14.75 16.94 21.68 24.75 24.31 25.48 27.16 28.62 31.15 32.14 33.93 26.55 28.53 24.89 25.76 19.75 20.92 19.30
5.04 3.87 5.40 6.57 7.66 8.32 9.86 10.22 10.07 10.07 9.49 9.93 10.73 11.46 10.80 9.64 7.88 8.47 10.44 12.48 12.34 11.39 10.22 11.24 9.13 9.78 10.44 10.37 12.26 13.87 14.89 13.94 13.21 14.02 13.80 13.80 11.68 9.56 8.25 9.05 9.86 9.05 7.01 5.62 5.84 5.40 4.82 4.45 4.53 5.91 7.88 8.40 9.56 12.12 15.77 18.32 19.64 19.49 17.59 14.53 14.53 9.27 7.56 8.61 11.32 12.26 12.26 14.60 19.35 21.97 21.39 21.17 23.07 25.84 28.90 29.04 36.20 28.38 27.02 22.11 19.01 21.03 23.86 21.73
5.04 3.87 5.40 6.57 7.66 8.32 9.86 10.22 10.07 10.07 9.49 9.93 10.73 11.46 10.80 9.64 7.88 8.47 10.44 12.48 12.34 11.39 10.22 11.24 9.13 9.78 10.44 10.37 12.26 13.87 14.89 13.94 13.21 14.02 13.80 13.80 11.68 9.56 8.25 9.05 9.86 9.05 7.01 5.62 5.84 5.40 4.82 4.45 4.53 5.91 7.88 8.40 9.56 12.12 15.77 18.32 19.64 19.49 17.59 14.53 14.53 9.27 7.56 8.61 11.32 12.26 12.26 14.60 19.35 21.97 21.39 21.17 23.07 25.84 27.74 29.20 28.11 24.97 22.63 25.73 23.25 21.48 18.69 20.05
2.41 3.36 3.07 3.65 4.89 7.52 8.18 9.78 10.80 10.80 11.39 11.61 11.46 9.49 9.49 10.29 9.49 9.86 11.32 12.92 13.36 12.12 11.17 12.05 9.93 11.75 12.48 15.04 16.13 15.26 15.11 14.60 13.29 12.34 11.75 11.75 11.10 10.66 10.95 11.46 12.05 11.39 8.76 5.84 4.74 3.58 2.12 1.24 3.29 5.04 4.82 5.11 7.15 9.42 12.34 14.09 14.45 12.41 10.80 6.79 6.79 4.38 2.56 3.80 7.88 10.80 12.41 13.72 15.33 16.79 17.81 18.91 21.83 24.45 24.45 24.50 24.90 30.92 28.52 25.01 22.56 17.66 19.14 21.58
0.88 3.14 3.07 3.43 4.60 6.64 6.64 8.10 12.05 12.05 14.45 14.75 13.51 12.78 12.63 11.97 10.73 10.29 11.32 13.51 13.58 12.92 13.51 14.09 11.90 13.14 13.87 17.52 18.61 16.86 15.62 14.53 13.80 12.26 11.75 11.75 12.70 12.63 12.48 13.29 14.38 13.36 8.69 4.23 3.07 2.19 1.31 1.24 2.56 3.21 3.43 4.45 4.89 6.20 8.91 9.56 7.52 6.20 4.82 3.65 3.65 0.00 0.00 5.11 7.45 8.83 11.83 14.60 16.21 16.64 16.79 18.91 22.27 24.75 24.86 24.20 23.25 22.48 23.65 23.00 25.55 16.93 19.76 22.34
2.34 1.83 2.19 3.14 3.58 4.53 6.28 8.98 14.53 14.53 17.01 17.67 17.08 16.79 14.38 13.58 12.78 12.56 14.45 15.91 16.13 15.70 16.13 16.86 18.18 16.79 19.42 20.66 20.88 20.08 17.81 15.77 13.80 10.66 10.07 10.07 11.10 11.17 12.26 13.51 12.78 10.88 6.79 3.72 2.63 1.31 1.68 0.00 2.26 1.75 2.04 2.77 2.85 3.36 4.89 5.33 4.96 4.96 5.33 4.96 4.96 4.82 4.60 5.55 6.28 7.74 10.88 14.02 17.30 19.49 20.29 21.24 24.68 27.06 24.53 23.74 23.10 20.20 21.66 23.58 21.85 21.69 18.77 16.26
4.45 5.77 5.40 4.82 5.33 6.06 8.25 11.75 14.97 14.97 17.01 17.74 15.77 14.16 14.45 12.78 12.63 13.29 15.62 15.55 15.84 17.74 17.81 18.47 20.08 19.71 19.05 21.02 21.02 18.47 16.06 13.87 11.75 10.73 10.07 10.07 9.78 9.27 9.71 9.71 8.10 6.35 5.04 4.45 4.02 4.09 4.16 4.89 5.11 4.31 3.21 2.99 3.14 4.02 5.04 5.04 5.04 5.40 5.84 5.99 5.99 6.06 5.55 5.69 6.64 8.40 10.29 14.09 17.96 22.63 25.55 25.77 27.39 26.59 24.96 23.34 24.30 25.98 24.53 24.03 21.69 18.44 19.77 17.61
6.13 4.60 6.50 6.64 6.35 6.42 8.98 11.61 13.51 13.51 15.11 14.16 12.56 12.05 11.39 11.97 9.13 10.22 11.83 11.53 12.63 15.26 16.28 17.30 17.96 18.18 18.61 19.93 18.61 16.35 13.72 12.34 12.26 11.83 11.24 11.24 9.56 8.10 6.86 7.52 8.25 7.88 8.76 9.34 9.20 10.51 11.10 9.20 8.83 8.25 6.86 7.08 6.94 5.91 6.72 6.79 7.52 6.94 6.86 7.01 7.01 6.28 5.55 6.57 8.47 9.93 12.99 16.06 19.78 24.09 29.13 30.85 31.43 25.53 23.36 24.19 22.57 24.94 27.20 24.30 21.45 17.65 16.53 12.68
6.13 4.60 6.50 6.64 6.35 6.42 8.98 11.61 13.51 13.51 15.11 14.16 12.56 12.05 11.39 11.97 9.13 10.22 11.83 11.53 12.63 15.26 16.28 17.30 17.96 18.18 18.61 19.93 18.61 16.35 13.72 12.34 12.26 11.83 11.24 11.24 9.56 8.10 6.86 7.52 8.25 7.88 8.76 9.34 9.20 10.51 11.10 9.20 8.83 8.25 6.86 7.08 6.94 5.91 6.72 6.79 7.52 6.94 6.86 7.01 7.01 6.28 5.55 6.57 8.47 9.93 12.99 16.06 19.78 24.09 29.28 30.52 28.42 28.45 24.93 28.23 26.20 24.14 28.42 23.61 22.69 20.94 15.09 10.77
5.33 6.64 5.48 5.11 6.13 6.42 8.32 11.61 14.09 14.09 14.97 13.14 11.75 11.61 11.83 11.39 10.88 10.73 10.73 10.07 12.92 14.67 16.35 16.13 15.11 16.28 17.01 16.86 16.35 13.80 11.90 10.07 9.56 8.69 8.91 8.91 7.59 7.74 9.49 11.32 12.78 12.63 13.07 14.97 14.89 15.62 15.04 13.29 12.19 11.32 10.15 9.20 8.83 9.20 8.25 8.54 9.64 10.22 10.59 9.56 9.61 9.17 9.76 10.80 13.94 13.58 15.40 19.71 23.99 26.18 28.54 29.05 31.30 29.40 27.07 23.79 22.47 21.78 24.58 20.34 17.86 18.52 11.59 8.42
10.95 10.29 8.54 6.79 9.86 9.42 9.93 11.83 12.99 12.99 13.87 12.12 11.32 11.39 12.78 12.70 12.70 12.99 12.99 13.65 15.84 17.16 17.67 17.67 18.25 17.23 15.04 14.53 14.24 14.89 12.34 10.22 8.54 8.47 8.91 8.91 9.13 11.75 13.36 14.38 14.02 12.05 12.12 14.31 14.82 14.02 14.16 13.14 11.83 10.07 10.07 10.44 10.15 9.56 8.61 7.66 9.05 10.80 10.44 10.00 10.00 10.37 12.56 15.33 17.59 18.83 19.27 22.78 26.43 27.45 28.03 27.47 29.20 28.98 23.27 19.74 19.17 16.73 16.37 16.33 13.66 11.31 8.09 7.60
13.29 11.24 10.29 9.05 11.53 9.56 9.20 9.86 10.88 10.88 11.24 9.64 8.32 8.32 9.20 10.00 10.73 13.14 12.05 13.29 14.89 16.94 17.67 21.24 22.27 21.17 19.05 19.27 21.90 18.18 17.52 16.57 14.24 13.51 12.63 12.63 13.21 13.43 13.29 11.90 9.86 7.74 9.05 10.88 10.37 10.29 10.00 10.29 9.42 7.66 7.88 8.61 8.69 8.03 5.99 3.94 4.45 7.01 8.69 8.98 8.98 9.20 11.24 15.04 19.05 22.34 23.07 25.70 27.96 28.11 27.52 26.37 25.95 22.53 17.81 17.66 15.39 12.15 9.66 10.23 8.23 7.83 6.76 7.65
9.64 8.47 9.05 9.20 9.56 9.93 8.76 9.86 9.71 9.71 7.96 6.06 5.77 5.84 7.15 8.25 9.78 11.97 11.61 17.16 20.00 21.90 24.24 27.16 28.40 28.11 28.47 27.74 27.30 24.38 22.48 20.15 17.45 15.18 14.45 14.45 13.29 10.73 9.27 7.01 5.99 4.60 4.96 5.99 5.84 6.50 7.52 7.81 7.23 6.35 4.74 4.45 4.89 3.29 0.00 1.90 3.14 5.18 7.45 8.25 8.25 9.86 11.39 13.87 17.89 18.91 20.88 23.51 25.92 26.79 27.38 25.07 24.15 19.26 15.61 10.93 8.94 7.99 5.77 3.89 3.48 4.01 3.52 4.52
7.08 7.37 6.35 7.88 8.25 10.07 6.50 7.74 6.50 6.50 4.89 4.02 4.96 8.25 11.75 12.19 13.21 16.72 16.21 26.13 27.45 28.91 31.39 31.97 31.46 29.64 29.13 26.79 25.33 22.05 24.24 16.79 14.75 11.32 10.00 10.00 9.42 7.15 5.69 4.82 4.31 3.58 3.80 4.23 4.74 6.13 7.59 9.05 8.91 8.47 5.18 3.94 4.67 3.14 2.99 3.80 3.94 5.40 8.25 9.49 9.49 9.13 9.64 9.13 11.02 12.48 15.18 18.83 22.56 24.31 23.94 21.02 16.87 10.27 6.51 5.48 4.31 2.62 2.21 2.31 1.24 0.59 1.17 2.58
6.42 5.99 5.84 5.62 6.64 5.99 7.30 5.11 4.60 4.60 4.74 5.11 7.59 12.26 15.99 18.03 18.61 20.81 25.70 26.65 31.39 32.49 30.22 28.11 26.65 24.24 21.90 19.78 18.10 13.58 11.90 14.60 9.05 7.30 7.01 7.01 5.99 5.11 3.87 3.36 0.00 0.00 0.00 2.77 4.60 8.61 10.51 11.32 10.95 10.15 8.32 7.45 8.69 7.30 7.01 6.79 5.69 5.26 7.52 9.27 9.27 8.47 7.30 6.28 7.52 10.15 13.36 17.59 20.95 21.97 21.61 17.68 11.77 7.15 3.61 2.65 1.98 0.78 0.00 0.00 0.00 0.00 0.00 0.00
6.42 5.99 5.84 5.62 6.64 5.99 7.30 5.11 4.60 4.60 4.74 5.11 7.59 12.26 15.99 18.03 18.61 20.81 25.70 26.65 31.39 32.49 30.22 28.11 26.65 24.24 21.90 19.78 18.10 13.58 11.90 14.60 9.05 7.30 7.01 7.01 5.99 5.11 3.87 3.36 0.00 0.00 0.00 2.77 4.60 8.61 10.51 11.32 10.95 10.15 8.32 7.45 8.69 7.30 7.01 6.79 5.69 5.26 7.52 9.27 9.27 8.47 7.30 6.28 7.52 10.15 13.36 17.59 20.95 21.97 21.61 17.59 11.59 7.04 3.61 2.77 1.76 0.75 0.00 0.00 0.00 0.00 0.00 0.00
9.27 8.98 8.18 8.76 5.69 7.37 8.18 6.72 8.10 8.10 8.69 9.42 10.88 16.43 18.69 18.54 20.00 21.39 25.19 26.72 28.40 23.36 21.39 19.64 19.13 16.57 14.16 13.72 9.93 7.01 7.59 8.40 5.91 5.18 5.40 5.40 4.67 3.50 3.43 0.00 0.00 0.00 0.00 0.00 3.87 6.94 8.54 10.00 10.88 10.51 9.93 10.15 11.02 11.10 8.32 5.62 3.29 3.58 6.35 8.40 8.40 8.54 7.37 6.94 7.45 9.27 12.19 14.09 16.43 17.37 17.81 14.53 8.69 4.94 3.08 1.83 0.81 0.18 0.00 0.00 0.00 0.00 0.00 0.00
