Wansh/Snow_depth/snowdepth-1987/winter/1988020.txt
ncols 321
nrows 161
xllcenter 60
yllcenter 15 
cellsize  0.25 
NODATA_value -1
[rows 0 to 36 of 161, columns 0 to 83 of 321]
6.35 6.35 8.32 10.22 10.73 10.95 10.59 11.17 12.56 12.05 11.75 11.61 12.19 13.07 14.89 15.48 16.72 16.86 17.08 17.45 17.45 16.57 15.84 16.21 17.30 16.86 16.86 16.57 16.57 16.21 16.13 15.55 15.26 15.62 15.26 14.53 13.58 13.43 14.45 15.04 14.82 14.45 14.53 14.67 15.91 16.21 16.43 16.79 17.01 16.86 15.77 15.77 15.04 13.51 14.16 16.13 16.64 16.79 15.91 14.31 11.61 10.00 8.83 6.13 2.48 0.00 0.00 0.00 0.00 0.88 1.31 2.04 3.21 6.06 7.15 7.45 7.45 7.74 10.07 9.49 8.98 10.80 11.39 11.75
12.26 12.26 13.14 14.02 14.82 15.11 14.24 14.75 15.91 15.55 15.26 15.70 15.77 15.18 15.77 16.50 16.94 16.35 16.50 16.94 17.45 17.89 17.37 17.08 16.21 15.18 15.18 14.97 15.62 15.84 16.43 15.33 13.58 13.94 15.62 15.70 15.40 15.33 15.77 16.79 16.50 15.84 13.72 12.99 14.09 16.21 16.72 16.72 16.86 17.52 17.01 17.01 15.48 14.45 14.60 15.04 15.91 16.79 17.16 15.40 12.56 11.61 10.00 9.27 8.25 6.64 4.16 1.83 1.31 0.80 0.58 0.07 0.80 1.31 3.21 6.35 6.35 8.40 9.86 11.90 13.43 13.07 11.61 11.61
15.04 15.04 14.97 15.62 16.94 18.18 17.96 17.59 18.40 18.83 18.32 17.37 16.43 16.13 16.28 15.77 14.24 13.14 12.78 13.21 14.89 15.77 15.62 15.26 14.38 13.80 13.80 13.87 14.53 15.70 15.91 15.70 14.89 14.89 15.99 16.94 17.23 16.79 17.08 16.94 17.52 16.57 15.77 14.09 14.09 14.82 14.38 14.31 14.97 15.33 15.70 15.70 15.62 14.09 14.09 13.80 14.82 15.40 15.84 14.97 13.72 12.63 12.34 11.61 10.88 11.46 10.29 9.05 7.81 6.94 6.28 6.72 6.50 5.91 6.20 8.47 8.47 9.64 10.59 11.97 11.83 13.07 14.16 12.63
15.04 15.04 14.97 15.62 16.94 18.18 17.96 17.59 18.40 18.83 18.32 17.37 16.43 16.13 16.28 15.77 14.24 13.14 12.78 13.21 14.89 15.77 15.62 15.26 14.38 13.80 13.80 13.87 14.53 15.70 15.91 15.70 14.89 14.89 15.99 16.94 17.23 16.79 17.08 16.94 17.52 16.57 15.77 14.09 14.09 14.82 14.38 14.31 14.97 15.33 15.70 15.70 15.62 14.09 14.09 13.80 14.82 15.40 15.84 14.97 13.72 12.63 12.34 11.61 10.88 11.46 10.29 9.05 7.81 6.94 6.28 6.72 6.50 5.91 6.20 8.47 8.47 9.64 10.59 11.97 11.83 13.07 14.16 12.63
14.82 14.82 14.02 15.26 16.57 17.59 18.10 18.25 18.25 17.81 17.67 16.79 17.01 16.57 15.40 14.24 12.99 11.10 11.02 11.39 11.97 12.34 13.72 13.65 13.43 13.14 13.14 13.21 13.43 13.14 13.36 13.72 14.02 14.16 14.16 14.09 13.14 13.65 12.78 13.72 13.51 13.43 12.48 12.78 12.26 12.19 12.19 11.32 11.46 11.61 11.53 11.53 11.46 12.41 13.29 13.07 13.51 14.02 14.02 12.85 12.99 13.36 12.56 12.63 12.56 12.34 12.70 12.48 12.19 13.72 14.24 13.65 13.29 14.02 14.24 13.43 13.43 13.14 12.26 11.24 10.66 9.20 10.07 11.97
13.29 13.29 13.80 13.29 13.51 14.89 15.26 15.26 15.04 13.72 13.87 13.87 13.51 12.63 12.63 11.90 11.24 10.22 9.86 9.93 9.93 10.29 11.83 12.05 12.48 12.12 12.12 11.53 11.10 11.10 11.53 11.39 12.05 12.05 11.75 10.95 9.78 8.91 8.76 9.13 9.20 9.05 9.42 9.71 10.22 10.44 9.78 9.42 9.86 10.66 10.37 10.37 10.44 10.37 10.73 11.02 12.41 13.21 12.99 12.78 12.70 13.14 13.51 12.99 13.07 13.21 13.72 13.94 13.65 13.65 14.31 14.53 15.55 15.62 15.11 15.04 15.04 14.82 13.36 12.41 12.63 10.37 9.86 10.00
12.19 12.19 11.83 10.22 10.51 12.26 12.70 12.70 13.36 12.56 12.05 11.39 11.10 9.93 9.13 8.91 9.20 9.20 8.76 8.47 8.83 8.47 9.86 11.02 11.02 11.17 11.17 10.88 10.73 11.02 11.10 11.83 11.97 11.68 12.12 11.53 10.59 8.47 7.66 8.18 8.25 8.47 8.69 9.20 10.29 10.51 10.22 9.49 9.34 9.20 9.71 9.71 10.15 10.51 10.73 10.80 11.32 12.92 13.94 14.02 14.02 13.14 12.70 13.43 13.87 13.36 12.70 11.61 11.46 11.83 11.68 12.05 12.70 13.29 13.87 14.09 14.09 14.31 15.48 15.99 15.70 14.02 12.56 10.88
12.19 12.19 11.83 10.22 10.51 12.26 12.70 12.70 13.36 12.56 12.05 11.39 11.10 9.93 9.13 8.91 9.20 9.20 8.76 8.47 8.83 8.47 9.86 11.02 11.02 11.17 11.17 10.88 10.73 11.02 11.10 11.83 11.97 11.68 12.12 11.53 10.59 8.47 7.66 8.18 8.25 8.47 8.69 9.20 10.29 10.51 10.22 9.49 9.34 9.20 9.71 9.71 10.15 10.51 10.73 10.80 11.32 12.92 13.94 14.02 14.02 13.14 12.70 13.43 13.87 13.36 12.70 11.61 11.46 11.83 11.68 12.05 12.70 13.29 13.87 14.09 14.09 14.31 15.48 15.99 15.70 14.02 12.56 10.88
11.39 11.39 11.17 8.76 8.83 9.05 9.34 9.64 9.78 9.64 9.86 9.27 8.47 7.45 6.72 7.96 7.74 7.81 7.01 7.08 7.01 6.79 8.10 8.98 9.49 10.66 10.66 10.51 10.22 10.73 11.75 12.12 12.05 11.90 11.32 10.95 10.51 10.07 10.80 10.37 9.56 9.27 9.27 9.20 9.13 9.93 10.00 10.44 11.10 10.00 8.76 8.76 8.91 9.20 10.22 11.61 12.05 11.90 12.19 13.72 14.16 13.14 11.90 11.10 11.61 11.83 11.97 11.02 9.93 9.56 9.78 10.07 10.51 11.17 12.34 13.07 13.07 12.12 10.88 12.70 13.65 14.02 12.92 10.51
10.73 10.73 9.20 9.20 6.79 7.23 6.64 6.57 6.64 7.15 5.84 5.33 5.91 5.69 6.50 7.23 7.37 8.03 7.66 7.15 6.35 6.35 6.72 8.03 9.20 9.78 9.78 8.98 8.91 9.20 8.91 9.13 8.61 8.18 8.40 8.10 8.69 10.07 11.39 11.32 10.66 10.22 10.73 10.59 10.00 9.27 8.76 9.20 10.15 11.53 11.17 11.17 10.44 9.42 9.78 9.78 10.80 11.83 11.83 11.75 11.39 10.88 10.66 9.93 9.49 8.47 7.96 8.10 7.74 7.96 8.91 9.13 10.37 10.00 10.37 10.80 10.80 10.29 10.44 10.29 10.73 11.02 10.95 10.15
10.00 10.00 7.88 7.01 6.86 6.64 5.55 4.60 4.89 4.96 5.91 6.20 6.06 6.06 6.28 7.45 8.61 9.27 8.61 7.66 6.13 5.91 6.72 8.03 9.56 9.27 9.27 8.91 9.13 9.27 8.91 8.54 7.96 7.74 7.81 7.30 8.10 8.83 10.37 10.80 10.66 10.37 10.44 11.32 10.88 10.00 10.07 9.42 8.98 9.42 10.95 10.95 11.39 10.59 10.29 9.64 9.34 10.07 11.10 10.51 10.51 10.80 10.15 9.49 8.18 7.45 7.23 6.94 6.28 5.99 6.42 6.79 8.25 9.49 8.47 8.32 8.32 8.47 8.76 10.07 10.95 11.32 10.44 9.56
10.00 10.00 7.88 7.01 6.86 6.64 5.55 4.60 4.89 4.96 5.91 6.20 6.06 6.06 6.28 7.45 8.61 9.27 8.61 7.66 6.13 5.91 6.72 8.03 9.56 9.27 9.27 8.91 9.13 9.27 8.91 8.54 7.96 7.74 7.81 7.30 8.10 8.83 10.37 10.80 10.66 10.37 10.44 11.32 10.88 10.00 10.07 9.42 8.98 9.42 10.95 10.95 11.39 10.59 10.29 9.64 9.34 10.07 11.10 10.51 10.51 10.80 10.15 9.49 8.18 7.45 7.23 6.94 6.28 5.99 6.42 6.79 8.25 9.49 8.47 8.32 8.32 8.47 8.76 10.07 10.95 11.32 10.44 9.56
10.07 10.07 9.34 8.69 7.37 5.84 4.89 5.40 5.91 5.84 6.13 5.91 5.69 4.82 5.40 6.94 7.81 8.03 8.54 8.32 7.96 7.81 8.54 8.76 8.61 8.40 8.40 7.66 8.10 8.91 9.49 9.56 8.91 8.32 7.74 7.08 8.10 9.42 9.86 9.93 9.49 9.27 10.07 10.66 10.66 10.51 10.37 10.29 9.93 9.71 10.59 10.59 10.80 10.59 9.20 8.18 7.74 7.88 8.91 8.03 7.88 8.03 7.52 8.25 8.47 8.18 7.59 6.35 5.48 4.96 5.18 6.28 7.37 6.94 7.59 7.52 7.52 7.96 9.05 9.56 10.15 9.86 8.76 8.10
11.68 11.68 11.46 10.37 8.10 7.30 5.55 5.11 5.91 5.04 5.84 5.40 4.02 4.45 6.13 7.66 9.27 9.27 8.69 9.05 10.37 10.00 10.15 10.07 9.93 9.93 9.93 10.66 10.59 10.07 10.44 10.29 9.64 8.91 8.32 8.03 7.66 7.45 7.37 7.59 7.37 7.88 7.74 8.25 9.42 10.73 11.02 11.68 10.95 10.29 10.22 10.22 9.93 8.47 6.72 6.20 6.79 7.08 6.72 6.50 5.69 4.45 4.02 4.67 5.33 6.06 6.28 6.28 6.06 5.18 5.11 6.06 7.01 8.25 8.47 8.10 8.10 7.66 8.32 9.05 8.76 8.69 8.76 8.83
11.46 11.46 10.07 8.98 8.03 7.96 7.96 5.55 5.77 6.28 6.86 5.55 5.48 6.20 8.10 9.34 9.71 9.27 9.34 10.59 12.05 12.48 12.19 11.61 11.83 11.53 11.53 11.10 11.53 11.24 10.59 11.02 10.88 10.29 10.15 10.00 9.13 7.52 6.57 6.20 5.99 5.77 6.20 6.79 7.96 9.56 10.59 11.02 10.80 11.17 11.39 11.39 9.78 7.45 5.33 5.04 5.84 6.20 5.77 5.04 5.26 5.33 4.31 3.14 3.29 3.65 3.94 4.45 5.04 5.91 6.06 6.20 6.86 7.30 8.03 8.40 8.40 9.20 8.69 7.88 7.88 7.74 7.96 9.20
9.42 9.42 8.91 9.20 9.20 9.71 9.64 8.98 6.94 7.59 7.08 6.50 7.37 8.03 8.61 9.42 9.56 9.64 10.51 11.24 12.92 12.85 12.63 11.97 11.68 11.46 11.46 10.44 10.15 9.49 9.71 10.51 10.80 10.51 10.29 9.56 8.69 7.45 6.13 5.91 5.99 5.69 6.94 7.66 8.32 9.42 11.02 11.90 11.53 11.68 11.97 11.97 11.10 9.05 7.66 6.64 6.57 6.79 6.72 6.13 5.11 3.65 3.94 4.02 3.65 2.56 2.12 2.56 3.65 4.96 5.91 6.35 7.59 7.96 9.56 9.56 9.56 9.49 9.20 8.54 8.32 8.03 8.32 9.05
9.42 9.42 8.91 9.20 9.20 9.71 9.64 8.98 6.94 7.59 7.08 6.50 7.37 8.03 8.61 9.42 9.56 9.64 10.51 11.24 12.92 12.85 12.63 11.97 11.68 11.46 11.46 10.44 10.15 9.49 9.71 10.51 10.80 10.51 10.29 9.56 8.69 7.45 6.13 5.91 5.99 5.69 6.94 7.66 8.32 9.42 11.02 11.90 11.53 11.68 11.97 11.97 11.10 9.05 7.66 6.64 6.57 6.79 6.72 6.13 5.11 3.65 3.94 4.02 3.65 2.56 2.12 2.56 3.65 4.96 5.91 6.35 7.59 7.96 9.56 9.56 9.56 9.49 9.20 8.54 8.32 8.03 8.32 9.05
7.37 7.37 8.03 9.27 9.56 9.71 9.56 9.05 9.56 7.96 8.61 8.61 9.42 10.73 10.22 11.02 11.75 13.21 12.56 12.85 12.85 13.29 13.21 12.05 11.32 11.17 11.17 10.22 9.78 9.20 8.91 9.13 9.49 9.20 7.96 7.30 7.59 7.45 7.30 8.18 7.59 7.81 8.32 8.98 9.42 10.07 10.80 11.32 11.39 10.80 11.39 11.39 11.39 11.24 9.78 8.32 8.32 8.91 7.88 5.99 4.96 5.04 4.45 3.72 0.00 0.00 2.63 2.56 2.12 2.56 3.94 5.69 6.64 7.74 8.76 9.86 9.86 10.37 9.71 8.98 8.25 8.32 8.61 8.03
8.25 8.25 7.88 8.69 10.37 10.44 10.15 9.93 10.37 9.20 9.56 10.22 12.48 13.51 13.36 13.87 14.24 13.14 10.80 11.24 11.24 11.68 11.75 11.68 11.46 10.59 10.59 9.56 9.34 9.56 8.98 9.20 10.00 10.00 9.78 8.91 9.20 9.20 8.61 8.61 8.69 8.03 8.47 10.00 10.59 10.15 10.59 11.10 11.17 11.24 10.59 10.59 10.07 10.80 11.02 10.73 9.93 10.07 9.56 7.01 6.28 6.42 6.50 5.77 4.16 3.07 0.00 0.00 2.63 3.14 3.80 4.82 5.55 6.57 8.76 10.22 10.22 10.37 10.44 10.80 10.22 10.07 9.56 9.49
10.07 10.07 11.10 12.63 13.36 12.19 11.32 10.88 11.39 11.32 9.13 12.63 14.02 14.60 14.89 13.65 11.83 10.73 10.37 10.73 10.51 11.02 10.80 10.59 10.59 10.22 10.22 9.64 9.13 9.13 9.78 10.00 10.15 9.78 10.29 10.22 9.56 9.27 8.54 8.61 8.61 8.18 8.69 10.15 10.37 10.44 10.73 11.02 10.80 10.22 9.71 9.71 10.07 10.59 11.02 11.39 12.12 12.92 12.78 11.46 9.27 8.32 9.34 9.78 7.74 5.11 4.09 3.72 3.36 3.58 4.45 5.77 6.13 6.42 8.76 10.59 10.59 11.17 11.61 12.05 13.36 13.58 12.48 11.83
11.83 11.83 13.07 13.43 12.34 11.10 10.88 11.32 11.90 12.63 14.38 11.83 14.60 13.51 12.78 11.32 10.22 10.44 10.44 10.07 10.29 10.95 11.02 11.39 11.10 10.66 10.66 10.37 9.49 8.98 9.78 10.00 10.73 11.02 11.10 10.80 9.93 9.20 8.91 9.34 9.49 9.20 9.64 10.59 11.68 12.19 11.53 10.95 10.88 10.95 10.66 10.66 10.44 11.32 12.26 12.41 11.97 12.05 12.41 12.63 11.97 9.93 9.34 9.56 9.34 7.96 7.08 6.79 6.86 6.86 6.64 5.91 5.55 6.35 8.25 10.37 10.37 11.46 12.34 13.14 13.29 14.38 14.75 12.99
11.10 11.10 11.32 11.53 11.46 11.10 11.02 13.21 13.65 13.58 13.21 13.72 14.09 12.41 11.17 10.44 10.00 10.00 11.32 12.05 12.05 12.19 12.34 11.68 10.29 9.86 9.86 10.51 10.51 10.37 10.80 11.02 11.97 12.26 12.48 12.19 11.83 11.02 9.93 9.71 10.51 10.95 10.80 11.24 12.26 13.29 13.65 13.51 13.72 12.99 12.34 12.34 11.53 11.83 13.07 13.72 13.07 11.46 10.80 10.44 10.07 8.98 7.96 7.59 8.03 7.66 6.86 7.81 7.23 5.69 6.42 6.72 6.50 5.99 7.45 10.07 10.07 10.66 11.97 13.14 12.99 12.48 13.29 13.36
11.10 11.10 11.32 11.53 11.46 11.10 11.02 13.21 13.65 13.58 13.21 13.72 14.09 12.41 11.17 10.44 10.00 10.00 11.32 12.05 12.05 12.19 12.34 11.68 10.29 9.86 9.86 10.51 10.51 10.37 10.80 11.02 11.97 12.26 12.48 12.19 11.83 11.02 9.93 9.71 10.51 10.95 10.80 11.24 12.26 13.29 13.65 13.51 13.72 12.99 12.34 12.34 11.53 11.83 13.07 13.72 13.07 11.46 10.80 10.44 10.07 8.98 7.96 7.59 8.03 7.66 6.86 7.81 7.23 5.69 6.42 6.72 6.50 5.99 7.45 10.07 10.07 10.66 11.97 13.14 12.99 12.48 13.29 13.36
11.68 11.68 10.95 10.95 11.61 11.68 13.51 14.16 13.14 11.83 10.44 10.44 10.66 11.02 10.73 10.73 10.15 9.20 10.00 9.34 9.27 9.05 10.29 10.88 9.56 9.93 9.93 10.07 10.66 11.75 12.56 13.51 14.09 14.53 15.84 15.40 13.80 12.12 11.10 11.75 13.07 13.80 13.29 13.14 13.72 15.18 16.06 15.62 15.33 14.31 13.07 13.07 12.26 12.63 13.58 14.31 14.09 12.34 11.68 10.44 9.05 8.98 9.20 7.88 7.66 8.32 8.25 7.88 6.86 7.01 7.15 7.66 8.40 8.32 7.37 8.61 8.61 10.59 11.39 11.68 12.56 12.05 11.53 10.73
8.98 8.98 10.59 10.44 10.80 11.17 12.41 11.46 9.34 7.37 6.86 8.98 9.34 9.71 9.93 8.83 6.57 6.42 6.06 5.69 5.91 6.86 9.78 11.83 10.80 9.56 9.56 8.98 9.64 11.97 13.29 14.82 15.62 16.28 16.72 16.06 14.75 13.58 13.43 14.31 15.55 16.06 15.84 15.11 14.89 15.62 15.84 15.70 15.26 13.94 12.70 12.70 11.68 11.10 11.68 12.99 14.16 14.09 12.78 11.90 11.32 10.22 10.51 10.22 8.32 7.15 7.88 9.86 10.66 10.59 10.95 11.17 11.10 10.73 10.29 9.13 9.13 8.98 10.59 12.12 12.56 12.70 12.41 11.02
4.89 4.89 8.61 6.57 6.72 7.23 6.50 6.13 5.11 4.16 5.91 6.79 7.23 7.30 8.98 5.91 4.67 4.67 3.43 2.99 4.38 4.82 6.50 7.15 6.64 7.23 7.23 7.30 9.49 12.70 14.82 15.04 15.33 15.55 15.48 15.18 14.89 15.48 15.91 15.70 15.99 15.55 14.97 15.26 14.60 13.65 13.43 12.70 11.97 10.59 9.86 9.86 9.05 8.47 9.56 10.80 11.46 12.26 13.58 14.16 13.58 10.88 9.64 9.13 8.91 8.03 9.13 9.93 10.95 11.68 11.97 12.48 12.48 12.41 11.97 10.66 10.66 9.20 9.34 10.95 13.14 14.09 13.29 12.78
3.58 3.58 3.87 4.45 4.82 4.82 4.53 4.45 3.87 4.09 4.60 4.96 4.82 4.67 3.87 6.28 3.21 3.29 3.21 3.72 3.80 4.31 4.31 3.80 4.82 5.77 5.77 7.59 9.78 12.12 13.58 13.43 12.99 14.02 14.60 14.53 14.45 14.97 13.94 12.78 12.34 11.02 10.73 9.93 9.27 9.13 8.18 8.25 7.74 6.94 6.72 6.72 6.35 5.77 6.42 7.52 8.69 10.15 10.95 11.17 10.29 9.05 5.99 4.67 5.26 6.42 8.03 9.49 9.93 10.15 9.56 9.49 9.56 10.59 10.66 10.88 10.88 9.71 8.40 8.91 10.07 12.78 13.87 13.87
0.00 0.00 0.00 0.00 3.50 4.16 3.72 3.14 2.85 2.77 0.00 0.00 0.00 0.00 0.00 0.00 3.14 4.96 5.77 5.99 4.38 3.36 3.21 0.00 3.58 5.84 5.84 8.76 11.02 12.26 12.34 11.10 12.34 13.21 12.92 12.78 11.39 11.10 10.00 8.18 6.13 5.62 6.64 6.64 5.99 4.60 4.53 5.33 5.40 5.33 5.91 5.91 5.26 4.53 5.04 5.77 6.35 7.52 8.54 8.03 6.35 5.18 3.50 3.14 4.82 7.52 8.69 7.88 7.52 7.88 6.86 6.50 6.64 7.59 8.54 10.07 10.07 10.22 8.54 7.96 9.13 12.12 14.16 14.45
0.00 0.00 0.00 0.00 3.50 4.16 3.72 3.14 2.85 2.77 0.00 0.00 0.00 0.00 0.00 0.00 3.14 4.96 5.77 5.99 4.38 3.36 3.21 0.00 3.58 5.84 5.84 8.76 11.02 12.26 12.34 11.10 12.34 13.21 12.92 12.78 11.39 11.10 10.00 8.18 6.13 5.62 6.64 6.64 5.99 4.60 4.53 5.33 5.40 5.33 5.91 5.91 5.26 4.53 5.04 5.77 6.35 7.52 8.54 8.03 6.35 5.18 3.50 3.14 4.82 7.52 8.69 7.88 7.52 7.88 6.86 6.50 6.64 7.59 8.54 10.07 10.07 10.22 8.54 7.96 9.13 12.12 14.16 14.45
0.00 0.00 0.00 0.00 0.00 0.00 2.19 1.46 0.00 0.00 0.29 0.51 0.00 0.00 0.00 0.00 4.31 3.29 6.20 5.69 5.04 3.21 2.34 0.00 3.14 5.77 5.77 7.30 8.54 9.34 8.76 8.61 8.76 9.34 9.34 9.05 8.76 8.18 6.79 5.04 4.23 5.18 5.99 5.55 5.26 4.60 4.96 5.33 5.33 5.26 5.33 5.33 4.31 4.82 4.96 4.53 3.72 3.65 5.11 4.60 4.38 3.21 2.77 2.63 3.72 5.40 7.66 8.83 8.69 7.88 7.15 7.08 7.23 7.59 8.03 9.05 9.05 9.86 9.78 9.78 10.44 10.88 12.34 13.29
0.00 0.00 0.00 0.00 0.00 0.00 0.00 0.00 0.66 0.73 0.58 0.58 0.00 0.00 0.00 0.00 0.00 2.41 5.55 5.69 5.26 4.67 4.45 3.29 0.00 3.87 3.87 4.67 6.28 7.88 7.23 6.79 6.86 6.64 6.86 7.52 7.52 6.50 6.06 5.11 4.60 4.89 5.69 5.99 5.55 5.04 4.09 3.50 4.31 4.53 4.96 4.96 4.53 4.45 4.45 5.04 4.45 0.00 0.00 2.99 3.36 3.07 2.12 2.63 4.02 6.06 7.01 7.96 8.83 9.78 10.07 10.37 9.20 8.61 8.54 9.13 9.13 9.78 10.73 10.15 9.64 9.42 9.71 8.98
0.00 0.00 0.00 0.00 0.00 0.00 0.00 0.00 0.00 0.00 0.07 0.29 0.00 0.00 0.00 0.00 0.00 0.00 2.70 4.45 5.62 6.42 6.35 4.38 3.21 0.00 0.00 3.50 5.40 6.86 6.42 6.20 6.20 6.57 7.45 8.40 7.66 6.72 7.45 6.79 5.77 4.74 4.67 4.89 5.40 5.04 3.72 3.72 3.58 3.65 4.45 4.45 4.74 4.38 3.72 3.87 3.65 4.23 3.87 2.92 3.58 3.80 3.21 3.43 3.87 4.45 5.77 7.52 8.25 8.91 9.20 10.15 10.37 9.34 8.98 9.13 9.13 10.15 11.02 10.95 10.44 9.56 7.88 5.26
0.00 0.00 0.00 0.00 0.00 0.00 0.00 0.00 0.00 0.00 0.00 0.00 0.00 0.00 0.00 0.00 0.00 0.37 0.00 0.00 3.87 5.18 5.48 4.89 3.21 4.16 4.16 4.96 6.50 7.66 7.23 6.57 7.52 7.74 8.83 8.98 8.69 7.66 7.81 8.03 7.01 5.62 5.18 0.00 6.35 5.62 3.94 2.56 2.70 3.94 4.16 4.16 4.23 4.82 5.04 4.89 5.40 6.13 5.40 5.04 5.04 5.33 5.84 5.40 3.58 3.50 5.04 6.06 7.08 7.96 8.83 8.18 7.52 7.96 7.52 6.35 6.35 5.91 6.64 7.52 7.30 7.59 6.86 5.69
0.00 0.00 0.00 0.00 0.00 0.00 0.00 0.00 0.00 0.00 0.00 0.00 0.00 0.00 0.00 0.00 0.00 0.00 0.00 1.61 0.00 0.00 3.65 3.87 3.72 4.38 4.38 5.77 7.81 8.83 7.74 6.57 7.37 8.18 8.91 8.83 8.69 8.40 9.05 8.69 7.52 7.30 7.74 7.30 7.88 5.62 3.36 2.56 3.21 4.16 4.38 4.38 5.26 5.62 5.77 5.84 5.26 4.96 4.53 3.58 2.99 3.80 4.09 5.18 5.40 4.53 4.67 4.02 4.09 4.89 0.00 4.67 0.00 0.00 0.00 2.56 2.56 3.21 4.31 5.04 4.67 4.23 3.58 3.14
0.00 0.00 0.00 0.00 0.00 0.00 0.00 0.00 0.00 0.00 0.00 0.00 0.00 0.00 0.00 0.00 0.00 0.00 0.00 0.00 0.00 0.00 0.00 0.00 0.00 3.14 3.14 5.26 7.59 6.64 5.33 5.18 4.74 4.67 4.45 4.82 5.69 7.81 9.20 10.51 9.78 8.91 8.03 7.59 7.37 6.35 5.18 4.89 5.77 5.77 4.82 4.82 5.77 5.33 5.04 4.38 0.00 0.00 0.00 0.00 0.00 0.00 2.99 3.50 3.72 2.92 2.70 1.97 0.00 0.00 0.00 0.00 0.00 0.00 0.00 2.77 2.77 4.02 5.55 6.28 5.91 5.69 5.18 3.43
0.00 0.00 0.00 0.00 0.00 0.00 0.00 0.00 0.00 0.00 0.00 0.00 0.00 0.00 0.00 0.00 0.00 0.00 0.00 0.00 0.00 0.00 0.00 0.00 0.00 3.14 3.14 5.26 7.59 6.64 5.33 5.18 4.74 4.67 4.45 4.82 5.69 7.81 9.20 10.51 9.78 8.91 8.03 7.59 7.37 6.35 5.18 4.89 5.77 5.77 4.82 4.82 5.77 5.33 5.04 4.38 0.00 0.00 0.00 0.00 0.00 0.00 2.99 3.50 3.72 2.92 2.70 1.97 0.00 0.00 0.00 0.00 0.00 0.00 0.00 2.77 2.77 4.02 5.55 6.28 5.91 5.69 5.18 3.43
0.00 0.00 0.00 0.00 0.00 0.00 0.00 0.00 0.00 0.00 0.00 0.00 0.00 0.00 0.00 0.00 0.00 0.00 0.00 0.00 0.00 0.00 0.00 0.00 0.00 0.00 0.00 0.00 4.38 4.82 4.60 2.92 3.43 3.14 1.83 1.90 2.56 4.38 8.40 10.88 9.42 8.47 8.10 7.96 7.74 6.86 6.42 6.28 6.42 6.94 6.57 6.57 6.28 5.33 3.07 0.00 0.00 0.00 0.00 0.00 0.00 0.00 0.00 3.14 2.99 0.95 0.00 0.00 0.00 0.00 0.00 0.00 0.00 1.39 4.09 5.18 5.18 6.57 8.10 9.27 9.93 8.61 7.96 6.86
