Wansh/Snow_depth/snowdepth-1987/winter/1988032.txt
ncols 321
nrows 161
xllcenter 60
yllcenter 15 
cellsize  0.25 
NODATA_value -1
[rows 0 to 36 of 161, columns 168 to 251 of 321]
12.34 10.88 8.47 7.81 7.37 7.08 6.86 6.50 6.79 6.79 7.15 7.59 8.91 9.42 9.05 8.25 8.47 9.64 11.17 12.56 13.07 11.90 11.02 10.95 10.22 9.20 5.84 0.00 0.00 0.00 0.00 3.50 10.00 14.45 14.75 14.75 15.40 14.31 15.11 16.35 15.62 14.38 14.53 16.13 18.40 19.56 20.59 21.61 22.05 20.88 19.71 17.59 17.30 17.16 18.83 21.17 25.55 27.52 27.67 26.94 26.94 27.16 27.96 29.27 29.57 29.78 29.49 28.25 26.13 23.07 20.66 19.71 19.86 19.93 20.37 21.39 22.19 22.63 22.78 22.85 22.85 22.92 22.05 23.29
14.89 13.43 11.39 9.86 9.05 8.61 7.74 7.37 7.59 7.59 8.25 9.64 10.29 10.15 8.83 8.76 9.49 10.07 11.46 13.51 13.87 12.63 11.10 10.73 10.29 7.37 0.00 0.00 0.00 0.00 0.00 4.67 11.10 12.26 13.80 13.80 14.09 15.62 17.67 19.20 19.05 19.27 19.42 19.86 20.44 21.10 20.73 19.64 19.56 19.86 20.59 21.02 20.44 20.44 21.61 22.19 24.75 27.01 28.91 28.47 28.47 27.38 27.38 28.47 29.71 30.73 30.73 29.42 27.23 24.97 23.73 23.00 22.34 21.75 21.75 22.63 23.73 23.58 23.58 22.12 22.41 20.59 19.71 19.05
17.81 15.77 14.45 13.07 12.26 10.44 9.05 8.32 8.69 8.69 9.34 9.71 9.20 9.27 9.71 10.88 10.88 11.61 12.70 12.85 12.56 11.68 10.66 9.86 6.35 0.00 0.00 0.00 0.00 0.00 0.00 5.84 9.86 10.66 12.05 12.05 13.94 17.01 19.20 20.95 20.51 19.49 18.40 18.54 19.05 19.42 20.22 20.29 19.78 19.05 19.27 19.93 20.81 21.97 22.41 22.92 23.58 24.89 26.06 27.08 27.08 27.96 28.32 27.96 27.52 27.67 28.25 28.62 27.81 27.23 26.06 24.89 23.29 22.19 21.17 21.61 21.02 20.51 23.36 21.39 19.27 19.13 18.10 17.23
17.81 15.77 14.45 13.07 12.26 10.44 9.05 8.32 8.69 8.69 9.34 9.71 9.20 9.27 9.71 10.88 10.88 11.61 12.70 12.85 12.56 11.68 10.66 9.86 6.35 0.00 0.00 0.00 0.00 0.00 0.00 5.84 9.86 10.66 12.05 12.05 13.94 17.01 19.20 20.95 20.51 19.49 18.40 18.54 19.05 19.42 20.22 20.29 19.78 19.05 19.27 19.93 20.81 21.97 22.41 22.92 23.58 24.89 26.06 27.08 27.08 27.96 28.32 27.96 27.52 27.67 28.25 28.62 27.81 27.23 26.06 24.89 23.29 22.19 21.17 21.61 21.02 20.51 23.36 21.39 19.27 19.13 18.10 17.23
17.89 17.16 16.21 14.60 12.56 10.80 10.15 9.27 8.40 8.40 8.98 10.22 10.66 11.61 12.63 13.87 15.55 16.28 14.75 12.34 11.39 10.29 7.08 2.04 0.00 0.00 0.00 0.00 0.00 0.00 3.36 7.59 8.91 9.49 11.39 11.39 13.58 15.55 18.91 20.29 20.81 20.37 18.25 16.94 16.72 17.89 18.83 20.95 21.83 21.97 21.61 21.97 21.90 21.97 22.70 23.29 24.09 24.31 24.53 25.48 25.48 26.79 27.59 28.03 27.96 27.74 26.21 26.13 26.43 25.48 24.38 23.29 22.34 21.53 19.93 19.05 19.27 20.29 20.51 19.78 19.42 19.71 19.13 19.13
19.20 19.42 17.59 15.11 12.26 11.24 11.90 12.85 13.07 13.07 11.90 12.56 13.94 14.82 14.97 14.67 15.77 15.11 12.19 9.71 8.40 5.77 0.00 0.00 0.00 0.00 0.00 0.00 1.39 6.72 9.56 10.51 11.02 11.46 13.07 13.07 14.31 15.62 15.99 17.37 18.76 19.86 18.91 17.89 18.18 18.69 19.56 19.42 19.86 21.75 23.07 23.73 23.07 22.48 22.34 22.05 21.97 21.97 22.12 22.92 22.92 24.89 26.21 26.86 25.77 23.43 22.85 20.95 20.44 20.88 21.39 20.51 19.71 19.42 18.69 17.45 17.67 18.69 19.42 21.17 19.71 19.64 19.20 21.10
19.35 20.59 19.93 19.27 17.37 14.60 14.53 16.57 16.50 16.50 14.75 14.02 14.31 15.26 16.06 16.35 15.84 13.14 9.27 4.74 1.61 0.00 0.00 0.00 0.00 0.00 0.00 0.00 3.29 8.69 10.15 11.90 13.07 15.62 17.37 17.37 18.18 15.99 14.53 13.72 14.38 15.77 17.16 17.96 19.86 21.24 22.41 23.73 23.65 23.94 24.16 23.80 22.34 20.81 20.29 19.64 19.93 20.29 20.73 21.68 21.68 23.51 24.09 23.80 22.34 19.71 18.40 18.61 17.74 17.01 16.86 16.94 16.28 15.70 15.11 14.60 14.82 14.53 16.06 20.30 20.76 23.18 21.11 24.54
19.35 20.59 19.93 19.27 17.37 14.60 14.53 16.57 16.50 16.50 14.75 14.02 14.31 15.26 16.06 16.35 15.84 13.14 9.27 4.74 1.61 0.00 0.00 0.00 0.00 0.00 0.00 0.00 3.29 8.69 10.15 11.90 13.07 15.62 17.37 17.37 18.18 15.99 14.53 13.72 14.38 15.77 17.16 17.96 19.86 21.24 22.41 23.73 23.65 23.94 24.16 23.80 22.34 20.81 20.29 19.64 19.93 20.29 20.73 21.68 21.68 23.51 24.09 23.80 22.34 19.71 18.40 18.61 17.74 17.01 16.86 16.94 16.28 15.70 15.11 16.88 20.44 20.90 22.00 34.50 34.29 30.85 27.16 25.46
15.91 18.47 20.44 20.29 18.32 16.94 15.48 15.18 15.62 15.62 14.82 13.80 14.24 15.04 15.91 16.13 12.78 9.71 3.87 0.00 0.00 0.00 0.00 0.00 0.00 0.00 2.56 6.20 7.37 8.91 10.07 11.61 13.65 15.84 19.05 19.05 19.35 16.94 13.94 12.78 13.36 15.91 17.74 19.20 20.44 21.68 24.38 25.48 26.13 25.77 25.19 24.31 21.97 20.44 18.54 17.74 17.59 18.10 18.98 20.22 20.22 21.68 22.41 21.39 19.71 18.54 16.43 14.97 15.33 15.48 14.97 14.45 14.09 14.68 19.12 22.29 23.46 21.68 18.56 25.31 30.47 23.56 23.61 25.75
11.68 13.43 15.18 16.43 16.21 16.28 15.11 14.24 13.94 13.94 14.02 14.38 14.31 14.67 11.90 9.42 3.65 0.00 0.00 0.00 0.00 0.00 0.00 0.00 3.36 5.84 7.08 8.83 9.56 10.59 11.68 11.90 12.92 14.67 15.84 15.84 16.72 15.18 13.80 14.82 16.28 17.81 18.47 18.61 18.61 19.27 21.68 22.70 22.56 22.41 22.27 21.17 20.29 18.83 17.96 17.30 17.16 17.01 17.01 17.74 17.74 18.03 17.96 17.74 16.79 15.70 14.97 14.53 14.31 14.31 13.87 13.94 14.76 18.65 20.00 19.47 21.37 23.20 23.99 22.96 25.60 20.58 23.40 23.83
11.83 11.02 10.95 11.97 13.21 14.53 14.16 13.43 13.72 13.72 12.85 12.63 9.56 7.74 2.48 0.00 0.00 0.00 0.00 0.00 2.70 4.38 5.99 8.18 8.91 8.10 8.32 9.86 9.93 10.07 10.00 9.42 10.51 12.34 13.29 13.29 15.62 16.43 16.06 16.86 18.40 17.96 16.57 15.18 15.11 15.40 16.13 17.45 19.27 19.56 19.05 18.18 17.96 17.67 17.01 16.57 17.08 16.50 15.48 14.89 14.89 14.89 14.75 15.04 14.24 13.07 12.99 13.87 14.53 14.60 14.31 13.43 13.48 12.90 11.82 16.13 18.99 19.62 18.15 19.04 19.64 18.82 17.42 19.15
11.83 11.02 10.95 11.97 13.21 14.53 14.16 13.43 13.72 13.72 12.85 12.63 9.56 7.74 2.48 0.00 0.00 0.00 0.00 0.00 2.70 4.38 5.99 8.18 8.91 8.10 8.32 9.86 9.93 10.07 10.00 9.42 10.51 12.34 13.29 13.29 15.62 16.43 16.06 16.86 18.40 17.96 16.57 15.18 15.11 15.40 16.13 17.45 19.27 19.56 19.05 18.18 17.96 17.67 17.01 16.57 17.08 16.50 15.48 14.89 14.89 14.89 14.75 15.04 14.24 13.07 12.99 13.87 14.53 14.60 14.31 13.43 13.14 12.70 11.46 14.98 16.93 18.17 19.36 19.76 19.64 18.41 19.13 20.49
13.43 12.12 10.88 9.42 8.98 9.56 10.07 9.56 8.10 8.10 4.02 1.90 0.00 0.00 0.00 0.00 0.00 0.00 3.36 7.08 7.23 6.94 7.23 8.91 8.32 7.45 7.23 8.69 10.07 10.29 9.20 9.05 10.22 12.26 13.87 13.87 16.13 17.37 17.37 17.01 16.79 14.97 12.70 11.24 11.61 11.53 11.75 13.87 16.21 16.57 16.94 15.84 14.89 15.11 15.84 15.40 15.55 15.33 14.16 12.78 12.78 12.78 13.51 13.94 14.16 13.65 13.80 15.11 15.33 15.18 14.60 13.80 13.36 12.70 12.20 15.18 17.59 16.82 17.69 18.09 18.15 19.11 18.98 18.77
13.29 14.53 13.94 12.63 11.53 10.51 8.69 5.18 1.83 1.83 0.00 0.00 0.00 0.00 0.00 0.00 0.00 1.46 4.38 5.69 5.77 6.35 7.01 7.66 8.54 8.61 8.83 10.44 11.61 12.12 11.24 10.29 10.80 11.75 13.72 13.72 14.45 14.75 15.40 14.16 12.85 12.05 10.44 9.13 8.83 10.15 10.80 11.39 11.97 12.99 13.29 13.65 14.09 14.97 15.84 14.82 14.24 14.09 13.80 13.94 13.94 13.94 14.97 15.62 16.13 16.28 15.84 16.13 16.50 16.50 16.43 15.11 13.43 13.61 15.55 17.11 16.47 17.39 18.42 15.79 17.97 16.86 16.40 17.43
17.59 19.42 19.42 17.37 16.35 15.18 12.85 8.83 3.80 3.80 0.95 0.00 0.00 1.17 2.34 3.58 3.72 3.21 2.99 3.21 3.65 4.31 6.13 7.74 8.47 8.69 9.64 10.29 10.95 12.05 11.53 11.32 12.19 13.07 12.78 12.78 12.48 13.07 13.29 12.63 10.00 8.69 7.74 7.37 7.52 9.93 11.75 12.19 11.75 11.46 11.32 11.17 11.75 13.51 14.82 15.40 14.75 14.89 14.75 14.97 14.97 15.40 15.77 15.77 15.40 14.09 13.94 15.11 16.72 17.16 17.30 15.99 15.70 18.02 17.33 17.92 17.28 18.39 15.90 16.47 16.66 14.32 16.44 14.60
17.30 19.56 19.05 16.94 16.28 16.35 14.97 12.99 12.05 12.05 11.39 9.64 8.10 6.79 5.18 3.72 2.26 1.39 1.31 1.53 1.97 2.85 5.04 6.86 7.88 8.47 9.34 9.42 9.34 10.44 11.17 11.90 12.56 12.63 12.56 12.56 12.70 12.19 11.10 10.44 9.71 9.71 10.00 8.61 8.40 8.76 9.05 9.20 9.86 9.42 9.27 10.15 11.17 12.26 13.36 14.60 15.99 15.99 15.62 15.99 15.99 16.28 15.70 14.16 13.87 13.80 13.07 12.92 14.67 16.13 17.16 17.46 18.87 17.71 18.69 16.10 17.14 15.44 15.45 15.30 15.91 16.65 15.58 14.12
17.30 19.56 19.05 16.94 16.28 16.35 14.97 12.99 12.05 12.05 11.39 9.64 8.10 6.79 5.18 3.72 2.26 1.39 1.31 1.53 1.97 2.85 5.04 6.86 7.88 8.47 9.34 9.42 9.34 10.44 11.17 11.90 12.56 12.63 12.56 12.56 12.70 12.19 11.10 10.44 9.71 9.71 10.00 8.61 8.40 8.76 9.05 9.20 9.86 9.42 9.27 10.15 11.17 12.26 13.36 14.60 15.99 15.99 15.62 15.99 15.99 16.28 15.70 14.16 13.87 13.80 13.07 12.92 14.67 16.13 17.16 21.44 17.69 19.26 16.79 19.92 17.39 17.07 15.76 13.79 15.38 14.32 16.94 16.03
13.36 14.75 16.43 15.11 14.67 13.72 11.75 11.10 10.80 10.80 10.00 8.32 7.08 5.33 4.09 1.83 1.10 1.02 1.46 1.90 2.41 3.58 5.04 7.37 8.69 8.69 8.69 9.27 9.49 10.15 11.61 12.34 12.41 12.05 12.70 12.70 12.92 12.34 12.05 10.95 10.29 10.59 10.59 8.98 7.08 6.20 6.50 6.64 6.86 6.28 6.28 7.52 10.00 11.68 12.70 12.78 14.16 15.33 15.77 15.26 15.26 14.89 14.97 14.89 13.80 12.56 13.14 13.51 15.55 17.74 19.14 18.51 20.92 19.83 18.10 19.91 19.97 16.46 15.16 17.18 15.59 15.30 16.93 13.85
10.07 12.92 12.19 15.33 14.53 13.21 11.97 10.80 9.49 9.49 7.96 7.23 6.86 6.28 5.11 3.58 2.92 1.97 2.34 2.85 3.50 5.48 6.64 7.37 8.10 8.32 8.61 8.47 8.76 10.15 10.59 11.75 12.34 11.75 11.46 11.46 11.90 11.97 11.53 11.10 10.80 9.71 8.76 7.01 5.99 5.11 5.55 5.62 5.69 5.99 5.77 6.28 8.03 10.51 11.46 12.41 14.09 15.26 15.77 16.13 16.13 16.13 15.40 14.38 13.94 14.53 14.09 13.94 15.48 18.27 20.06 20.57 20.74 22.60 23.17 21.48 18.59 18.06 17.86 18.51 14.60 16.26 15.76 15.94
8.47 9.42 9.93 12.85 12.92 12.63 12.70 11.97 9.78 9.78 8.98 8.98 8.18 7.66 6.94 6.57 5.55 4.16 4.82 5.33 6.13 7.74 8.76 8.98 8.91 8.32 7.96 7.59 7.88 9.20 10.80 12.99 13.80 12.85 12.41 12.41 12.92 12.41 11.10 10.37 9.86 8.76 6.72 5.40 5.62 7.01 7.52 8.03 8.40 8.91 8.54 9.56 10.44 10.29 10.51 12.34 15.55 16.57 16.72 17.16 17.16 17.89 17.52 15.99 14.24 14.31 15.40 16.21 18.32 18.83 19.71 21.02 22.19 23.36 24.45 24.97 22.74 24.55 24.21 18.49 19.17 16.95 15.23 18.07
6.94 6.86 7.23 8.47 10.80 11.83 12.26 11.97 10.51 10.51 10.15 9.64 8.32 8.91 8.54 7.37 5.69 4.96 5.91 7.59 8.40 9.71 10.07 10.15 9.64 8.83 8.91 8.76 8.98 11.32 14.38 15.33 15.04 13.87 14.24 14.24 13.72 11.10 9.13 8.54 7.74 7.45 6.64 6.42 7.01 7.96 9.20 11.17 11.61 11.61 12.26 12.48 12.99 13.65 14.38 15.55 16.79 18.69 18.47 16.28 16.28 15.04 14.60 14.53 13.36 12.34 13.87 16.35 18.10 19.56 20.59 21.90 23.21 24.24 27.01 29.70 32.82 26.64 29.54 24.67 24.42 19.43 19.20 19.70
3.58 3.87 4.74 5.55 7.45 8.76 10.00 10.15 9.64 9.64 9.71 8.61 8.69 10.29 9.71 7.52 5.91 5.91 7.23 9.56 10.95 11.02 10.95 10.37 10.00 10.37 11.02 10.95 10.95 13.43 15.55 15.33 14.24 14.75 14.89 14.89 14.09 11.39 9.56 9.13 8.83 8.83 7.23 7.23 7.81 7.52 7.96 8.61 9.05 10.00 11.02 11.24 11.24 12.99 14.16 16.28 17.52 17.59 16.64 13.51 13.51 10.44 7.19 8.83 9.27 9.34 10.66 13.65 16.79 18.25 18.69 19.64 21.90 24.31 26.99 29.51 36.50 28.84 29.74 24.37 19.47 20.62 22.55 21.06
3.58 3.87 4.74 5.55 7.45 8.76 10.00 10.15 9.64 9.64 9.71 8.61 8.69 10.29 9.71 7.52 5.91 5.91 7.23 9.56 10.95 11.02 10.95 10.37 10.00 10.37 11.02 10.95 10.95 13.43 15.55 15.33 14.24 14.75 14.89 14.89 14.09 11.39 9.56 9.13 8.83 8.83 7.23 7.23 7.81 7.52 7.96 8.61 9.05 10.00 11.02 11.24 11.24 12.99 14.16 16.28 17.52 17.59 16.64 13.51 13.51 10.44 7.19 8.83 9.27 9.34 10.66 13.65 16.79 18.25 18.69 19.64 21.90 24.31 25.92 29.67 28.35 25.37 24.91 28.36 23.81 21.07 17.67 19.43
1.39 2.19 2.99 3.87 4.89 5.62 8.76 8.91 10.00 10.00 10.66 10.29 8.98 7.59 6.20 5.04 4.82 6.28 8.40 10.80 12.34 11.97 11.46 12.05 13.07 12.63 12.99 14.75 15.99 16.13 16.35 15.40 13.87 13.65 13.51 13.51 12.41 10.88 11.24 11.83 12.12 11.61 8.76 7.52 7.45 6.72 5.18 5.48 6.86 8.10 8.10 8.40 9.49 10.00 11.10 13.21 12.63 11.24 10.15 6.50 6.50 3.58 2.48 4.09 6.42 8.69 9.86 11.17 12.92 14.82 14.82 16.21 18.91 21.46 23.73 24.65 26.36 33.92 30.67 26.94 23.56 18.02 19.63 20.40
0.66 1.31 2.26 2.63 4.09 5.62 6.72 7.81 10.66 10.66 12.85 12.56 10.15 8.98 9.05 7.81 7.66 7.66 9.34 11.83 13.94 13.80 13.21 14.16 15.40 14.53 15.04 17.59 19.20 18.03 16.64 15.55 14.16 13.14 13.36 13.36 13.21 13.51 13.29 13.21 13.51 12.85 9.34 6.28 5.04 4.02 3.14 3.43 5.40 6.28 6.72 6.79 7.15 7.88 8.76 8.98 8.54 6.28 3.43 1.90 1.90 0.00 0.00 0.00 4.96 8.54 10.80 12.19 12.63 12.85 14.02 16.13 20.08 22.41 23.43 24.28 24.20 25.84 28.07 25.94 27.38 18.27 20.53 24.46
0.66 0.44 1.39 1.90 3.50 3.94 4.23 4.53 12.41 12.41 15.40 14.75 13.72 12.56 11.83 10.66 9.78 10.22 12.78 14.89 16.79 16.72 15.33 17.37 18.40 17.89 18.40 21.10 21.97 20.66 18.03 17.01 14.82 12.12 12.12 12.12 12.05 12.92 14.02 13.94 13.65 11.75 8.03 4.53 2.92 2.48 2.56 2.63 2.85 3.43 4.09 4.31 3.94 4.31 4.23 4.67 5.04 3.80 3.07 2.19 2.19 1.10 0.95 2.70 4.38 6.57 9.49 12.19 13.65 14.89 16.50 17.96 21.79 24.63 25.35 27.41 27.63 22.83 23.50 25.49 22.58 22.01 18.77 16.98
4.31 3.87 4.60 5.55 5.69 6.79 8.47 6.06 12.63 12.63 13.94 14.24 14.45 12.92 11.39 10.80 10.44 11.75 13.94 15.26 16.64 17.89 18.40 19.35 20.81 21.17 20.95 22.63 22.92 20.73 17.45 15.26 13.29 11.83 11.02 11.02 11.02 10.59 10.73 11.68 10.88 8.03 6.64 5.40 4.38 3.36 4.74 5.18 4.53 3.80 3.29 3.50 3.80 3.65 3.50 3.58 4.09 4.31 4.31 4.23 4.23 4.23 4.09 3.94 4.96 7.15 9.93 12.99 15.99 18.83 21.75 23.14 25.74 27.04 29.20 28.64 29.09 30.56 25.81 25.06 21.90 17.96 20.33 17.83
7.23 5.69 5.40 5.55 5.84 6.79 7.96 9.93 9.42 9.42 12.48 11.75 11.24 9.42 8.10 7.88 7.81 8.69 9.71 11.61 13.43 16.28 18.32 19.20 20.00 20.00 19.27 20.44 19.86 18.40 15.62 13.07 12.19 12.63 11.10 11.10 9.49 8.03 8.69 8.47 7.88 7.23 7.08 7.96 6.94 7.88 8.54 8.32 7.81 7.66 6.20 6.13 6.35 5.99 5.40 5.40 5.11 4.96 5.48 5.33 5.33 4.38 3.72 4.67 7.59 9.93 12.05 14.97 18.32 21.75 25.53 28.26 31.18 26.28 27.20 29.72 29.09 29.44 28.58 23.23 19.76 16.60 16.64 14.31
7.23 5.69 5.40 5.55 5.84 6.79 7.96 9.93 9.42 9.42 12.48 11.75 11.24 9.42 8.10 7.88 7.81 8.69 9.71 11.61 13.43 16.28 18.32 19.20 20.00 20.00 19.27 20.44 19.86 18.40 15.62 13.07 12.19 12.63 11.10 11.10 9.49 8.03 8.69 8.47 7.88 7.23 7.08 7.96 6.94 7.88 8.54 8.32 7.81 7.66 6.20 6.13 6.35 5.99 5.40 5.40 5.11 4.96 5.48 5.33 5.33 4.38 3.72 4.67 7.59 9.93 12.05 14.97 18.32 21.75 25.66 27.96 28.19 29.28 29.02 34.67 33.76 28.49 29.85 22.57 20.90 19.69 15.19 12.15
5.18 4.82 6.57 7.23 6.50 7.01 8.83 10.51 13.07 13.07 12.41 12.12 10.73 9.42 8.76 8.40 8.25 7.96 8.61 9.27 11.68 14.67 17.08 17.16 16.79 16.72 17.74 18.69 17.67 15.48 13.29 11.39 10.59 10.66 10.22 10.22 9.64 8.47 8.61 9.42 10.44 9.93 11.75 12.48 12.99 12.85 12.85 11.39 10.51 9.71 8.98 8.40 8.03 7.96 7.08 7.37 8.10 7.74 7.15 6.64 6.68 5.58 5.50 6.94 8.91 12.19 15.77 18.25 20.18 24.63 26.77 26.99 31.30 32.06 30.21 30.33 28.69 26.93 26.40 22.66 19.41 19.50 12.68 10.12
9.13 10.44 10.59 8.76 8.25 8.54 9.64 10.29 12.12 12.12 12.99 11.83 9.71 9.78 9.78 10.00 9.42 10.15 10.66 12.05 14.67 16.50 16.72 16.43 16.13 15.48 14.82 15.18 15.62 15.11 12.48 8.54 7.59 7.96 8.47 8.47 8.98 9.13 10.44 12.70 13.14 11.90 12.78 14.16 14.24 13.21 13.14 13.21 11.75 10.66 10.22 9.78 9.34 8.91 7.81 7.01 9.05 9.71 9.71 8.76 8.76 8.25 8.91 11.02 11.90 13.36 15.48 18.83 22.12 24.24 27.38 28.52 29.75 32.21 28.17 23.71 21.71 17.58 19.19 20.01 14.88 11.84 8.97 7.98
14.60 13.87 12.26 9.93 9.20 9.49 8.91 9.20 10.73 10.73 11.17 11.10 8.47 7.81 7.52 8.54 10.37 11.17 11.17 12.92 14.89 16.72 18.47 20.22 21.53 19.71 18.76 18.25 20.08 18.47 15.84 13.14 10.59 10.51 10.51 10.51 11.24 11.90 11.90 12.05 11.32 8.83 9.42 11.53 11.10 10.66 10.29 10.15 9.42 8.03 8.10 8.83 9.05 8.40 7.37 5.40 4.74 6.72 7.01 7.45 7.45 7.81 8.76 11.17 15.18 16.86 18.83 21.75 24.75 25.48 26.28 26.98 28.92 26.24 21.74 20.37 16.40 14.38 13.06 14.07 12.30 10.59 6.30 7.73
13.58 11.46 10.22 9.71 10.22 9.56 8.18 9.34 9.93 9.93 7.96 6.64 7.96 5.11 5.04 6.64 7.52 9.49 11.61 15.77 18.32 20.81 22.34 24.97 27.23 27.38 26.06 24.45 25.04 23.73 21.61 18.76 16.35 14.16 12.63 12.63 12.41 11.90 10.29 8.98 7.15 5.48 5.26 6.64 7.37 8.32 8.32 8.47 7.01 5.62 4.45 5.77 6.13 4.38 3.21 2.41 2.77 4.45 6.13 6.79 6.79 6.94 8.10 10.51 15.70 17.96 19.49 21.39 23.58 25.19 25.99 25.29 26.54 22.32 18.42 13.31 10.83 9.57 8.29 6.59 5.72 7.54 6.89 6.89
14.16 9.20 8.98 8.98 8.69 8.47 7.96 8.54 6.64 6.64 5.91 5.33 5.40 6.50 9.42 10.29 11.68 16.43 19.78 23.73 24.16 27.01 28.98 29.93 30.00 29.57 28.25 27.89 25.62 23.87 20.73 18.40 14.75 11.90 11.68 11.68 10.44 8.47 6.57 5.48 4.38 3.80 3.87 4.38 4.96 5.62 7.30 7.96 6.35 5.33 4.09 3.87 2.99 1.75 1.90 2.41 2.99 4.60 6.42 7.30 7.30 7.81 7.96 8.61 10.44 13.14 14.67 18.25 20.15 22.05 23.73 22.41 19.79 12.90 10.00 7.39 6.07 5.47 6.28 4.45 3.79 3.61 3.94 5.16
11.02 8.10 8.61 8.76 7.37 7.01 7.08 5.33 4.67 4.67 5.48 5.33 8.54 7.01 16.06 16.57 19.49 22.05 25.11 27.81 30.00 30.81 30.44 29.13 28.47 24.89 21.75 21.97 20.15 15.84 12.48 11.24 8.91 6.86 6.13 6.13 6.35 5.91 4.31 3.07 2.77 2.63 2.04 2.63 4.82 6.35 8.10 8.69 9.27 8.32 6.13 5.11 5.04 5.11 5.04 5.62 4.89 4.96 7.15 8.10 8.10 7.15 5.40 5.69 6.50 8.61 11.10 16.21 19.27 20.22 19.49 16.80 13.04 8.34 5.90 4.45 4.52 1.64 0.78 1.09 0.98 1.31 2.00 2.68
11.02 8.10 8.61 8.76 7.37 7.01 7.08 5.33 4.67 4.67 5.48 5.33 8.54 7.01 16.06 16.57 19.49 22.05 25.11 27.81 30.00 30.81 30.44 29.13 28.47 24.89 21.75 21.97 20.15 15.84 12.48 11.24 8.91 6.86 6.13 6.13 6.35 5.91 4.31 3.07 2.77 2.63 2.04 2.63 4.82 6.35 8.10 8.69 9.27 8.32 6.13 5.11 5.04 5.11 5.04 5.62 4.89 4.96 7.15 8.10 8.10 7.15 5.40 5.69 6.50 8.61 11.10 16.21 19.27 20.22 19.49 16.72 12.84 8.22 5.90 4.65 4.03 1.58 0.76 1.15 0.96 1.38 2.00 2.63
12.63 10.44 10.44 9.42 8.40 7.81 7.66 8.40 8.76 8.76 9.56 9.42 12.70 17.45 14.60 18.40 19.20 21.17 24.31 28.25 28.98 27.52 23.73 22.48 21.10 17.89 16.06 13.87 11.39 10.07 6.64 5.84 5.33 4.45 3.65 3.65 3.50 3.50 1.97 1.61 1.61 0.00 0.00 0.00 4.53 7.01 9.34 10.59 10.37 8.83 8.10 8.91 9.64 8.98 7.30 6.13 5.48 5.77 6.35 7.59 7.59 7.37 6.35 5.40 6.28 8.32 10.73 14.24 17.08 17.81 18.61 13.80 9.78 5.83 4.11 2.51 1.61 0.28 0.00 0.00 0.00 0.00 0.00 0.00
