Wansh/Snow_depth/snowdepth-1987/winter/1988035.txt
ncols 321
nrows 161
xllcenter 60
yllcenter 15 
cellsize  0.25 
NODATA_value -1
[rows 0 to 36 of 161, columns 84 to 167 of 321]
15.55 15.77 16.13 15.99 14.97 15.18 14.60 14.60 8.61 9.64 10.22 10.51 11.53 12.12 12.63 11.53 11.68 10.80 10.80 9.78 9.13 8.10 7.23 5.84 4.02 2.04 0.80 0.15 0.00 0.88 2.48 5.33 9.34 10.88 9.71 7.96 6.20 5.84 5.62 5.91 7.52 8.54 7.88 7.88 6.72 4.82 4.38 3.65 3.87 5.99 7.15 9.05 8.40 7.66 8.47 10.07 10.22 9.20 7.88 6.42 5.84 4.60 3.80 2.70 3.29 3.94 4.74 6.06 6.06 7.59 9.20 11.02 12.78 12.78 13.07 13.36 14.16 14.67 15.77 16.86 16.28 15.04 13.72 13.07
15.91 15.99 15.26 14.38 13.80 13.21 11.83 11.90 11.39 11.17 10.73 10.59 10.51 9.56 8.32 7.52 7.30 8.47 8.47 8.61 8.40 7.74 8.03 6.86 4.96 3.87 1.75 0.95 0.37 0.44 1.31 4.45 7.52 9.27 8.69 6.28 3.65 3.21 3.14 4.16 6.20 7.45 9.42 9.42 8.98 7.81 7.52 5.33 4.23 3.50 3.94 4.74 4.67 5.04 5.91 6.86 7.45 8.69 9.34 9.13 8.47 8.32 8.61 8.25 7.88 7.74 7.96 9.71 9.71 10.15 10.44 11.61 12.78 13.80 14.67 15.04 15.84 17.23 17.89 18.32 18.25 18.10 16.86 15.48
14.97 14.02 12.78 11.02 10.73 10.95 11.61 12.70 13.43 12.41 13.36 13.07 11.90 10.15 8.83 6.42 5.04 5.11 5.11 5.62 6.42 7.59 8.18 8.47 7.37 5.11 3.72 2.77 1.24 1.53 1.46 1.68 3.72 7.01 9.20 9.56 8.47 6.94 6.86 6.13 4.09 3.50 5.04 5.04 6.13 9.20 10.95 9.71 7.01 4.38 3.36 2.92 2.77 2.63 2.99 4.74 7.01 8.76 10.51 11.17 11.83 12.26 12.12 12.05 12.70 13.65 14.31 14.60 14.60 14.82 13.94 12.92 12.12 13.07 14.45 17.37 19.05 19.27 19.05 18.83 19.13 20.44 21.10 19.78
14.97 14.02 12.78 11.02 10.73 10.95 11.61 12.70 13.43 12.41 13.36 13.07 11.90 10.15 8.83 6.42 5.04 5.11 5.11 5.62 6.42 7.59 8.18 8.47 7.37 5.11 3.72 2.77 1.24 1.53 1.46 1.68 3.72 7.01 9.20 9.56 8.47 6.94 6.86 6.13 4.09 3.50 5.04 5.04 6.13 9.20 10.95 9.71 7.01 4.38 3.36 2.92 2.77 2.63 2.99 4.74 7.01 8.76 10.51 11.17 11.83 12.26 12.12 12.05 12.70 13.65 14.31 14.60 14.60 14.82 13.94 12.92 12.12 13.07 14.45 17.37 19.05 19.27 19.05 18.83 19.13 20.44 21.10 19.78
14.31 13.51 12.41 11.17 11.53 12.48 11.75 10.95 11.53 11.68 13.07 12.12 11.39 10.66 9.34 7.37 6.13 5.33 5.33 4.89 4.38 5.33 6.35 8.25 9.20 8.25 5.77 4.16 2.77 2.56 1.53 2.26 2.56 4.67 8.47 11.46 11.97 9.78 8.10 5.77 3.72 0.00 0.00 0.00 0.00 6.28 8.54 12.05 11.32 8.76 4.82 3.50 2.99 3.21 3.58 3.58 3.94 4.96 7.30 9.05 11.68 12.78 13.14 14.09 13.65 14.75 16.79 17.01 17.01 16.28 15.99 15.77 14.67 13.72 13.43 14.60 15.84 17.81 18.91 18.91 18.25 17.52 17.81 18.98
15.62 15.40 14.82 14.82 13.29 11.17 10.00 8.91 7.88 8.25 8.76 9.93 8.69 7.88 8.25 7.81 8.61 8.83 8.83 7.96 6.94 6.28 5.69 5.99 7.23 7.59 6.42 4.16 2.99 2.12 2.04 2.56 2.99 5.11 6.35 8.25 9.42 6.42 4.02 0.00 0.00 0.00 0.00 0.00 2.70 4.82 7.30 10.07 11.61 10.00 6.20 4.16 3.07 2.48 3.14 4.09 4.89 6.50 6.94 8.83 10.22 12.70 14.82 15.77 15.99 15.91 15.55 15.55 15.55 15.40 15.33 15.99 16.13 16.35 15.62 13.58 11.97 11.02 11.90 13.21 15.84 18.10 18.98 19.27
17.59 14.89 14.02 12.78 12.12 11.53 10.29 8.03 6.42 6.50 6.42 6.35 5.48 5.84 7.08 8.47 9.34 9.49 9.49 8.40 9.13 8.40 6.79 4.96 5.77 6.79 4.53 2.85 3.07 3.65 3.50 3.29 3.65 4.67 6.20 8.18 7.45 6.06 3.21 2.26 2.48 0.00 0.00 0.00 4.31 5.62 8.25 8.69 9.34 8.47 5.26 3.94 3.72 3.29 3.29 4.74 6.28 7.59 9.27 10.15 11.90 13.36 16.50 17.81 17.89 17.52 17.23 16.43 16.43 15.55 15.70 16.64 17.16 17.08 17.08 16.06 14.60 13.07 12.56 11.90 11.83 13.72 16.21 18.98
17.59 14.89 14.02 12.78 12.12 11.53 10.29 8.03 6.42 6.50 6.42 6.35 5.48 5.84 7.08 8.47 9.34 9.49 9.49 8.40 9.13 8.40 6.79 4.96 5.77 6.79 4.53 2.85 3.07 3.65 3.50 3.29 3.65 4.67 6.20 8.18 7.45 6.06 3.21 2.26 2.48 0.00 0.00 0.00 4.31 5.62 8.25 8.69 9.34 8.47 5.26 3.94 3.72 3.29 3.29 4.74 6.28 7.59 9.27 10.15 11.90 13.36 16.50 17.81 17.89 17.52 17.23 16.43 16.43 15.55 15.70 16.64 17.16 17.08 17.08 16.06 14.60 13.07 12.56 11.90 11.83 13.72 16.21 18.98
12.48 15.26 11.32 10.51 9.27 8.40 8.10 7.01 5.84 6.13 5.48 5.26 5.99 3.87 6.79 8.69 9.93 9.42 9.42 9.86 10.80 11.53 10.66 8.03 5.62 4.82 3.36 2.92 3.50 4.09 4.09 3.87 3.72 5.11 7.66 8.83 8.10 6.42 4.02 3.72 3.07 3.14 3.87 3.87 4.45 5.40 5.91 5.99 6.20 6.13 6.13 6.72 7.88 6.50 6.42 6.35 7.37 8.40 9.78 11.24 11.61 12.34 13.21 13.21 14.97 16.21 15.84 15.77 15.77 15.91 15.55 16.35 16.43 15.99 15.62 15.91 16.13 16.72 16.50 15.18 13.07 12.05 11.75 13.21
10.37 9.64 11.46 8.32 7.30 7.15 7.15 6.42 4.45 4.74 4.89 4.82 5.69 6.64 5.33 10.88 12.56 12.92 12.92 13.94 14.02 13.58 11.61 7.96 5.18 3.87 3.72 4.16 3.87 3.80 4.16 4.38 4.16 6.13 8.18 9.13 9.78 8.54 6.86 5.40 4.82 4.60 4.45 4.45 4.38 4.74 5.77 6.50 7.45 7.59 8.83 10.73 11.46 11.39 11.02 10.80 10.59 11.32 11.53 11.53 12.12 12.05 12.26 11.90 12.19 14.60 15.99 16.57 16.57 16.35 16.06 16.21 16.86 16.72 17.89 17.37 19.64 20.81 20.81 18.98 16.21 14.31 12.34 10.80
8.61 7.81 7.74 8.54 7.74 6.50 6.13 5.48 4.53 4.96 4.60 5.33 6.13 8.32 10.88 9.20 16.06 17.45 17.45 17.30 16.57 15.18 11.10 7.23 5.18 5.04 4.89 4.89 4.23 4.53 3.80 3.80 4.23 5.33 6.57 7.74 9.42 9.78 8.10 6.86 7.81 7.81 7.96 7.96 7.37 7.74 7.59 8.18 9.86 10.37 11.02 12.41 13.14 12.99 12.78 12.99 14.75 15.99 14.60 14.02 14.16 13.58 13.51 13.07 13.51 14.31 15.99 17.30 17.30 19.64 20.44 19.49 18.61 19.78 21.61 22.63 23.73 23.65 22.56 20.00 17.52 15.33 14.53 13.21
8.61 7.81 7.74 8.54 7.74 6.50 6.13 5.48 4.53 4.96 4.60 5.33 6.13 8.32 10.88 9.20 16.06 17.45 17.45 17.30 16.57 15.18 11.10 7.23 5.18 5.04 4.89 4.89 4.23 4.53 3.80 3.80 4.23 5.33 6.57 7.74 9.42 9.78 8.10 6.86 7.81 7.81 7.96 7.96 7.37 7.74 7.59 8.18 9.86 10.37 11.02 12.41 13.14 12.99 12.78 12.99 14.75 15.99 14.60 14.02 14.16 13.58 13.51 13.07 13.51 14.31 15.99 17.30 17.30 19.64 20.44 19.49 18.61 19.78 21.61 22.63 23.73 23.65 22.56 20.00 17.52 15.33 14.53 13.21
7.81 8.18 8.40 7.74 8.03 5.33 4.45 4.09 4.67 5.69 5.84 6.06 7.30 9.93 14.38 16.21 13.94 18.03 18.03 17.30 16.13 14.16 11.61 9.49 8.18 7.15 5.62 4.38 3.50 4.82 5.55 6.28 7.66 7.66 7.30 9.93 11.75 11.97 10.66 11.24 11.32 11.02 11.02 11.02 10.29 10.29 10.37 11.39 12.56 12.26 12.41 13.07 13.07 12.56 13.43 14.38 16.86 18.69 19.13 17.81 15.99 15.26 14.67 14.67 14.53 14.24 14.67 15.99 15.99 18.54 19.78 19.71 20.66 20.15 22.27 24.45 25.48 25.77 24.31 22.56 19.71 16.79 15.11 14.53
9.27 9.42 8.18 6.72 5.62 5.69 3.65 4.53 5.26 6.94 8.47 10.07 11.24 13.29 15.91 16.79 17.59 16.64 16.64 16.06 15.04 12.99 10.95 10.73 9.42 7.52 6.42 5.69 6.13 8.25 10.15 10.88 12.99 12.99 13.94 14.31 14.45 14.09 12.85 13.21 13.29 12.70 12.70 12.70 12.41 13.14 13.21 14.89 14.97 14.09 12.92 12.05 11.97 12.48 14.38 18.54 19.86 19.93 17.01 15.33 14.53 14.60 15.33 16.94 17.16 16.79 15.91 16.64 16.64 18.32 19.05 19.64 19.93 19.42 19.56 20.08 19.05 17.74 17.37 18.98 20.59 18.47 15.84 15.26
8.91 8.18 7.08 6.86 5.62 4.02 4.38 5.69 6.50 7.88 10.07 11.46 11.68 13.80 15.62 16.50 17.37 17.45 17.45 17.23 14.67 12.70 11.02 10.88 10.22 9.27 8.91 8.32 10.44 12.99 14.82 16.06 17.74 17.45 16.72 14.97 13.51 11.83 11.53 13.07 14.09 14.75 15.11 15.11 15.26 15.18 14.60 14.75 14.24 14.45 15.33 14.97 13.72 14.24 17.89 21.75 23.94 22.85 17.74 12.34 10.66 10.73 11.75 13.36 15.26 16.72 16.57 15.99 15.99 15.91 16.72 18.10 18.10 17.67 17.16 17.37 13.65 8.98 5.04 9.49 17.30 19.78 19.64 18.83
7.74 6.86 6.57 6.50 5.55 4.31 3.21 5.99 5.55 5.69 7.01 8.61 9.71 12.05 12.92 13.94 15.62 16.72 16.72 17.30 15.77 13.58 12.70 11.83 11.61 11.97 11.39 11.75 12.48 14.67 16.79 17.89 18.25 16.72 15.04 13.51 10.73 10.88 12.26 15.33 18.10 18.03 17.01 17.01 15.91 15.26 13.94 13.43 13.72 14.89 15.91 15.77 14.89 16.57 19.49 21.17 21.46 19.42 15.40 12.63 12.05 11.75 11.83 11.39 12.34 14.75 16.43 17.81 17.81 17.96 17.01 16.43 16.86 17.67 19.35 18.25 15.70 7.74 0.00 7.15 12.92 15.84 16.06 17.59
7.74 6.86 6.57 6.50 5.55 4.31 3.21 5.99 5.55 5.69 7.01 8.61 9.71 12.05 12.92 13.94 15.62 16.72 16.72 17.30 15.77 13.58 12.70 11.83 11.61 11.97 11.39 11.75 12.48 14.67 16.79 17.89 18.25 16.72 15.04 13.51 10.73 10.88 12.26 15.33 18.10 18.03 17.01 17.01 15.91 15.26 13.94 13.43 13.72 14.89 15.91 15.77 14.89 16.57 19.49 21.17 21.46 19.42 15.40 12.63 12.05 11.75 11.83 11.39 12.34 14.75 16.43 17.81 17.81 17.96 17.01 16.43 16.86 17.67 19.35 18.25 15.70 7.74 0.00 7.15 12.92 15.84 16.06 17.59
6.94 7.30 7.45 6.86 6.72 5.69 4.02 1.97 3.94 3.21 3.87 6.06 7.52 10.37 12.12 13.65 15.40 16.86 16.86 16.13 14.97 14.31 11.02 10.59 11.75 13.07 14.09 14.97 16.13 16.72 17.16 18.10 18.98 18.10 16.13 12.99 11.32 11.61 12.34 14.09 15.33 15.62 13.87 13.87 12.26 12.48 13.07 13.87 14.31 13.58 12.92 13.14 13.72 15.04 15.70 17.37 17.30 16.43 14.97 15.11 15.33 16.86 16.79 15.77 14.89 15.48 17.52 19.71 19.71 20.59 20.44 19.13 17.74 17.96 19.71 19.86 15.84 9.86 6.94 9.49 10.88 10.29 10.37 11.02
8.40 8.91 8.54 7.88 7.81 7.59 6.72 3.50 3.43 2.85 5.18 6.79 7.81 10.66 12.99 13.87 14.67 14.31 14.31 15.04 14.75 14.09 13.80 11.61 12.41 14.16 16.86 18.32 18.98 18.47 17.52 18.25 19.93 20.22 16.64 13.29 11.68 9.27 8.91 8.47 8.69 10.29 11.10 11.10 11.97 13.94 15.99 16.35 15.04 13.14 11.97 11.83 12.34 12.70 12.92 12.78 13.14 13.58 15.84 18.32 20.66 22.05 21.68 19.86 18.10 18.83 20.22 22.41 22.41 22.92 21.24 19.71 18.32 17.16 17.23 18.76 17.08 12.92 8.83 8.61 8.98 9.20 8.25 7.96
10.00 8.98 8.40 8.76 9.93 11.02 10.00 7.52 6.13 4.53 6.50 6.13 6.35 7.88 8.40 9.34 10.51 11.83 11.83 13.29 14.53 14.02 14.16 12.99 13.58 15.18 17.23 17.67 16.94 14.82 13.65 14.38 17.08 17.52 15.04 12.05 7.37 5.04 4.82 4.53 5.26 7.96 11.24 11.24 12.56 15.77 18.32 16.28 14.97 15.04 16.43 17.59 17.67 17.16 15.48 12.85 11.02 10.66 13.80 17.96 20.29 22.78 23.51 23.21 22.63 21.75 22.34 23.00 23.00 20.59 16.35 11.75 8.91 9.93 11.39 13.72 14.67 15.70 14.97 11.61 9.78 9.78 10.00 9.13
9.78 9.20 8.98 10.22 10.44 10.73 10.37 11.02 10.66 9.64 8.98 11.32 10.07 9.93 9.71 8.03 7.01 8.54 8.54 9.27 10.95 11.75 12.56 13.43 15.33 16.72 17.67 17.59 14.67 12.34 9.86 9.93 11.90 13.51 12.19 8.61 3.65 0.00 0.00 4.38 6.72 8.91 8.18 8.18 9.05 13.07 15.33 14.67 14.31 15.70 19.27 21.90 21.61 21.83 20.00 17.81 15.77 12.12 11.24 12.48 15.70 19.20 20.59 22.48 23.80 23.58 22.41 21.32 21.32 17.67 11.75 6.50 4.09 3.87 3.80 4.23 6.86 7.96 8.61 7.59 8.61 7.96 7.74 7.66
8.98 10.07 11.24 10.66 9.64 9.20 9.78 12.05 13.21 13.80 14.60 14.53 14.53 15.33 16.13 14.75 12.92 12.85 12.85 12.34 12.12 12.26 12.63 13.43 13.43 19.20 21.39 21.83 19.56 16.06 13.14 10.95 10.44 10.44 8.47 5.55 2.19 0.00 0.00 5.04 8.47 8.18 5.11 5.11 5.04 5.77 7.37 7.52 8.10 8.54 11.10 13.51 16.21 16.35 17.96 18.83 17.74 13.36 10.44 10.51 12.19 13.72 15.48 19.20 21.90 22.12 20.37 20.29 20.29 18.69 13.36 8.91 5.77 4.74 3.50 2.77 3.07 3.87 3.87 2.70 2.77 3.36 4.09 3.21
8.98 10.07 11.24 10.66 9.64 9.20 9.78 12.05 13.21 13.80 14.60 14.53 14.53 15.33 16.13 14.75 12.92 12.85 12.85 12.34 12.12 12.26 12.63 13.43 13.43 19.20 21.39 21.83 19.56 16.06 13.14 10.95 10.44 10.44 8.47 5.55 2.19 0.00 0.00 5.04 8.47 8.18 5.11 5.11 5.04 5.77 7.37 7.52 8.10 8.54 11.10 13.51 16.21 16.35 17.96 18.83 17.74 13.36 10.44 10.51 12.19 13.72 15.48 19.20 21.90 22.12 20.37 20.29 20.29 18.69 13.36 8.91 5.77 4.74 3.50 2.77 3.07 3.87 3.87 2.70 2.77 3.36 4.09 3.21
10.37 9.93 9.49 8.91 9.27 8.91 9.13 11.32 12.70 13.72 15.18 16.35 16.79 18.10 19.35 19.05 17.96 16.13 16.13 15.11 14.53 14.16 15.55 16.35 16.06 17.74 22.56 22.12 19.71 17.37 15.18 12.26 9.78 7.37 4.74 3.58 2.12 0.00 0.00 3.21 5.48 5.18 3.87 3.87 2.04 2.04 3.29 0.00 0.00 0.00 4.82 6.57 6.86 8.76 11.24 10.07 11.02 10.29 9.05 10.73 12.63 13.72 14.16 16.06 18.54 19.71 18.32 18.03 18.03 19.42 20.66 18.18 12.70 9.49 6.79 4.53 3.29 3.14 2.70 2.19 1.46 0.29 4.53 10.22
9.71 9.49 9.86 9.93 10.00 9.05 9.64 12.05 13.72 15.62 15.70 15.91 16.64 16.50 15.18 14.82 15.33 14.67 14.67 15.04 15.04 15.84 17.30 17.43 16.07 19.28 16.81 16.57 18.03 18.61 16.64 12.70 8.69 5.99 3.29 1.83 0.95 1.75 2.77 2.70 3.50 3.50 3.43 3.43 2.41 2.26 0.00 0.00 0.00 0.00 0.00 0.00 4.09 5.69 5.40 5.33 6.28 6.20 8.32 10.88 13.58 13.29 12.99 14.31 15.99 17.08 17.59 17.74 17.74 18.98 21.17 20.66 17.37 12.85 9.49 7.59 6.35 5.40 4.53 2.41 1.39 1.68 0.66 0.00
10.95 10.44 11.68 11.97 11.32 10.29 10.88 12.34 13.87 14.45 14.02 13.94 12.34 14.02 10.73 11.32 13.29 14.09 14.09 15.33 15.84 15.99 17.96 19.08 20.30 17.28 18.11 16.63 17.96 19.35 17.08 14.16 12.41 9.27 6.94 3.65 3.36 3.80 3.36 2.77 3.07 2.19 1.68 1.68 1.68 1.31 0.00 0.00 0.00 2.26 2.12 0.00 0.00 0.00 4.74 0.00 0.00 0.00 6.42 10.88 14.89 14.24 12.70 12.99 13.07 13.21 16.86 19.93 19.93 20.22 19.56 19.27 18.18 14.89 12.48 10.66 9.20 7.81 8.03 5.99 3.14 1.97 2.04 1.75
12.63 11.75 13.07 11.75 10.80 10.73 10.37 9.78 9.42 6.79 5.55 7.08 6.57 6.06 7.88 9.56 12.34 14.89 14.89 15.55 14.02 14.38 16.33 18.06 18.46 16.95 16.84 15.78 18.29 19.89 18.69 18.40 17.96 15.62 12.48 10.88 9.93 7.59 5.48 3.72 2.85 2.12 1.68 1.68 0.73 0.00 0.00 0.00 0.00 0.00 0.00 2.77 0.00 0.00 0.00 0.00 0.00 3.80 5.62 10.88 16.43 19.27 17.96 17.30 14.97 15.11 19.71 22.85 22.85 23.36 21.32 18.91 16.13 14.53 14.45 14.24 12.56 10.29 9.86 8.47 5.77 5.40 4.74 4.16
12.41 11.53 11.97 12.26 10.22 11.10 9.78 9.20 7.45 4.02 2.41 0.00 0.00 0.00 3.87 4.53 11.32 13.36 13.36 13.53 9.59 9.93 10.99 11.53 13.12 14.97 17.38 18.33 19.57 20.13 19.59 20.59 20.66 18.83 17.52 16.43 14.89 11.75 7.23 5.33 3.29 1.90 1.83 1.83 0.22 0.00 0.00 0.00 0.00 0.00 0.00 0.00 0.00 0.00 0.00 5.11 5.26 5.18 6.50 11.97 18.76 21.97 23.94 24.75 24.09 20.66 21.24 22.78 22.78 21.90 19.05 16.86 15.84 15.48 15.84 15.77 14.45 13.07 12.19 10.80 8.47 7.52 7.59 7.01
12.41 11.53 11.97 12.26 10.22 11.10 9.78 9.20 7.45 4.02 2.41 0.00 0.00 0.00 3.87 4.53 11.32 13.36 13.43 13.97 9.73 10.63 10.71 11.83 12.92 14.97 16.86 17.03 18.29 20.44 19.79 21.44 23.21 19.93 17.97 16.43 14.89 11.75 7.23 5.33 3.29 1.90 1.83 1.83 0.22 0.00 0.00 0.00 0.00 0.00 0.00 0.00 0.00 0.00 0.00 5.11 5.26 5.18 6.50 11.97 18.76 21.97 23.94 24.75 24.09 20.66 21.24 22.78 22.78 21.90 19.05 16.86 15.84 15.48 15.84 15.77 14.45 13.07 12.19 10.80 8.47 7.52 7.59 7.01
10.59 10.00 11.02 10.51 10.80 8.98 8.10 8.76 8.83 8.32 6.50 4.02 1.24 1.83 6.06 4.53 7.74 14.97 14.97 11.83 10.37 7.81 6.82 6.74 8.54 9.88 11.50 14.01 17.23 20.25 21.68 22.69 24.36 22.88 20.32 20.50 18.36 14.60 11.02 8.40 5.99 3.72 3.14 3.14 1.31 0.00 0.00 1.02 1.90 2.99 0.00 0.00 0.00 0.00 0.00 4.09 5.26 5.69 6.79 8.91 11.83 17.37 21.83 27.23 28.91 25.40 21.75 21.24 21.24 20.29 16.28 15.91 15.70 15.99 16.28 16.72 15.91 14.89 15.04 11.90 9.49 7.01 6.57 5.99
7.74 7.30 8.25 7.45 8.69 4.60 4.74 6.42 8.03 9.56 8.61 8.47 6.79 6.57 8.47 10.44 11.90 16.13 16.13 13.28 9.86 7.34 5.18 3.80 4.26 4.30 4.60 7.49 13.33 15.78 23.29 25.70 24.16 25.73 23.98 22.26 19.71 16.87 15.26 14.82 14.09 10.00 4.74 4.74 2.56 1.39 1.53 1.90 2.48 3.50 4.23 0.00 0.00 0.00 0.00 4.38 5.55 5.40 5.77 6.20 7.52 10.59 17.45 25.84 28.98 26.21 22.70 20.51 20.51 20.59 17.67 15.48 16.28 16.79 17.96 18.03 16.43 15.11 14.97 15.04 14.09 11.61 9.71 8.76
5.11 4.74 3.87 3.94 5.18 3.21 3.72 5.91 7.88 8.61 8.32 7.52 6.64 6.35 7.08 9.20 10.29 14.16 14.16 9.71 8.32 7.66 5.40 4.45 3.87 2.99 2.63 5.01 10.04 13.06 16.13 23.65 25.26 25.77 27.97 26.64 25.19 21.10 19.71 21.32 20.95 18.25 9.49 9.49 5.33 2.92 1.75 1.75 1.75 2.41 3.87 2.92 0.00 2.12 3.65 3.65 3.80 5.18 6.35 6.72 5.55 5.99 12.26 20.15 24.82 23.07 21.24 19.64 19.64 18.25 16.13 15.04 15.77 16.72 18.40 20.37 20.08 20.66 19.20 17.08 17.16 17.45 16.06 15.04
2.34 0.51 0.44 2.26 6.50 8.32 2.48 7.88 10.07 11.24 11.17 10.07 8.40 8.18 7.59 8.40 8.18 11.17 11.17 9.56 7.37 7.52 7.23 7.15 5.26 3.14 2.56 5.14 7.96 10.29 12.56 16.64 19.64 23.21 26.65 29.42 29.50 27.76 25.62 26.62 25.04 20.37 15.04 15.04 10.37 6.64 5.48 3.65 2.12 3.14 3.94 2.34 0.00 0.00 0.00 0.00 0.00 4.74 7.52 7.96 6.28 6.20 8.76 14.31 16.79 18.32 17.67 17.30 17.30 16.06 16.13 16.43 16.43 16.79 18.98 21.75 24.16 24.89 22.85 19.78 16.94 15.62 15.11 13.51
0.73 0.00 0.00 0.73 5.99 8.61 4.74 7.88 9.95 10.29 11.61 11.75 11.32 9.34 7.74 6.13 5.04 3.65 3.65 6.72 5.40 6.79 8.10 8.76 7.66 4.89 3.50 4.20 5.40 7.01 8.91 10.80 13.21 15.33 20.59 24.75 26.86 28.03 29.64 29.42 26.78 25.70 22.56 22.56 20.22 16.64 13.72 10.66 6.50 5.91 5.69 2.85 2.19 2.04 2.34 2.04 2.19 3.21 5.55 8.69 9.56 7.15 5.33 7.23 8.69 9.34 11.17 12.34 12.34 11.53 13.21 15.84 16.79 14.53 16.06 19.05 21.68 24.02 24.24 21.24 17.45 14.09 12.05 10.29
0.51 0.00 0.00 2.26 7.66 9.86 10.73 6.06 8.76 8.47 9.05 9.71 9.71 6.79 5.04 3.58 2.99 3.29 3.29 0.00 3.43 5.69 6.79 7.37 7.08 5.55 5.18 5.62 6.45 7.64 7.79 7.19 9.41 9.64 12.05 13.36 16.79 22.42 27.38 28.47 26.55 26.13 25.92 25.92 26.57 26.72 25.26 21.39 18.83 14.97 10.07 4.74 2.63 0.00 0.00 0.00 0.00 0.00 2.85 6.50 9.20 8.47 5.33 4.82 5.99 6.06 6.72 6.42 6.42 7.59 8.47 9.71 10.44 8.03 8.40 11.83 13.80 17.08 19.86 20.88 19.56 15.55 12.34 9.49
0.51 0.00 0.00 2.26 7.66 9.86 10.73 6.06 8.54 8.47 9.05 9.71 9.71 6.79 5.04 3.58 2.99 3.30 3.29 0.00 3.43 5.69 6.79 7.37 7.08 5.55 5.18 5.62 6.35 7.37 7.52 7.15 9.13 9.64 12.11 13.43 16.79 22.30 27.65 28.47 26.28 26.13 25.92 25.92 26.57 26.72 25.26 21.39 18.83 14.97 10.07 4.74 2.63 0.00 0.00 0.00 0.00 0.00 2.85 6.50 9.20 8.47 5.33 4.82 5.99 6.06 6.72 6.42 6.42 7.59 8.47 9.71 10.44 8.03 8.40 11.83 13.80 17.08 19.86 20.88 19.56 15.55 12.34 9.49
3.80 3.21 3.29 3.50 5.18 8.18 11.02 12.23 9.71 9.64 9.86 9.42 8.61 4.74 2.92 2.34 2.12 0.00 0.00 0.00 0.00 4.38 5.18 5.33 7.30 7.30 8.10 8.18 7.59 8.10 8.32 7.30 9.13 7.96 8.98 10.51 11.39 15.70 20.98 21.75 19.13 19.49 20.37 20.37 24.09 26.94 26.94 26.79 25.77 22.92 16.06 11.10 7.08 2.77 0.00 0.00 0.00 0.00 0.00 2.70 6.28 8.32 5.33 4.09 4.74 4.67 3.65 2.77 2.77 2.99 3.14 3.29 3.43 2.77 2.70 4.60 7.96 11.39 15.70 17.96 18.76 17.67 14.53 11.24
