Wansh/Snow_depth/snowdepth-1987/winter/1988030.txt
ncols 321
nrows 161
xllcenter 60
yllcenter 15 
cellsize  0.25 
NODATA_value -1
[rows 0 to 36 of 161, columns 0 to 83 of 321]
11.90 11.90 11.75 13.51 15.48 13.43 14.31 14.67 14.67 15.91 15.99 15.26 14.38 15.91 17.89 18.25 18.76 19.05 20.73 21.53 22.41 22.41 22.48 22.56 21.61 20.08 20.08 19.27 18.69 18.98 19.35 19.78 19.27 18.91 19.56 18.83 17.89 17.81 19.13 20.15 19.93 18.54 18.25 18.40 18.54 19.49 19.56 19.78 19.71 19.93 19.64 19.64 18.18 16.35 16.64 17.67 18.10 18.47 18.54 17.52 14.67 13.65 12.99 11.97 9.49 8.61 7.66 8.10 9.34 10.66 11.32 11.10 11.24 11.24 11.46 11.68 11.68 12.92 15.11 15.40 16.13 16.64 17.74 18.54
15.62 15.62 17.30 17.37 18.47 16.57 17.16 17.67 17.67 17.59 17.45 17.16 16.50 16.57 17.01 17.45 17.81 17.89 18.83 20.08 20.81 22.56 22.34 20.81 18.69 17.08 17.08 16.50 16.50 17.89 18.76 18.03 15.91 15.26 16.43 17.67 17.89 17.89 18.10 18.25 18.03 16.94 15.48 15.62 15.77 17.08 16.94 16.35 16.86 18.47 18.10 18.10 17.81 16.72 14.82 14.97 15.26 16.35 16.28 16.06 14.31 13.72 13.58 12.78 12.26 12.05 11.61 11.02 10.80 10.66 11.10 11.10 11.39 12.12 11.90 11.90 11.90 12.78 14.02 15.84 17.52 18.32 18.32 18.40
16.06 16.06 18.03 18.83 18.76 19.93 19.71 20.51 19.42 19.35 18.91 17.16 17.30 17.37 16.79 15.99 15.26 15.18 17.30 17.30 16.72 16.79 16.57 15.99 15.99 15.11 15.11 14.38 15.62 16.28 17.01 15.33 14.31 14.67 15.18 16.43 17.30 16.79 16.43 16.21 15.84 15.40 14.38 13.29 13.51 13.87 13.65 12.05 11.61 12.12 12.12 12.12 12.92 12.48 12.48 12.70 12.34 12.78 13.14 12.26 11.75 11.61 11.90 12.26 12.26 12.63 12.92 12.78 12.56 12.48 12.78 13.14 13.29 13.65 13.94 14.82 14.82 15.11 16.13 16.43 15.91 15.77 15.70 16.28
16.06 16.06 18.03 18.83 18.76 19.93 19.71 20.51 19.42 19.35 18.91 17.16 17.30 17.37 16.79 15.99 15.26 15.18 17.30 17.30 16.72 16.79 16.57 15.99 15.99 15.11 15.11 14.38 15.62 16.28 17.01 15.33 14.31 14.67 15.18 16.43 17.30 16.79 16.43 16.21 15.84 15.40 14.38 13.29 13.51 13.87 13.65 12.05 11.61 12.12 12.12 12.12 12.92 12.48 12.48 12.70 12.34 12.78 13.14 12.26 11.75 11.61 11.90 12.26 12.26 12.63 12.92 12.78 12.56 12.48 12.78 13.14 13.29 13.65 13.94 14.82 14.82 15.11 16.13 16.43 15.91 15.77 15.70 16.28
14.97 14.97 15.84 16.50 17.89 18.25 19.35 20.08 18.98 17.96 17.59 16.72 16.72 16.79 15.77 15.11 14.02 13.14 12.70 12.56 13.87 14.60 14.24 14.31 14.53 14.24 14.24 13.65 13.94 13.65 13.07 13.58 13.65 13.21 12.26 12.56 11.97 10.51 10.80 10.44 10.29 10.15 8.76 9.64 11.10 11.17 9.27 8.03 7.23 7.59 7.96 7.96 8.76 10.07 10.15 11.02 11.10 11.02 10.95 9.93 10.07 10.07 10.95 11.61 11.97 12.26 12.99 13.51 14.02 14.45 14.89 15.55 15.77 16.57 16.72 17.23 17.23 17.74 17.67 17.30 16.79 16.13 15.40 15.40
12.56 12.56 12.99 13.87 14.82 15.40 16.13 15.91 16.79 16.72 14.53 13.72 12.78 12.78 11.53 11.17 11.24 10.73 10.73 10.15 10.73 12.63 11.68 12.19 12.78 12.41 12.41 11.68 10.51 10.22 11.24 12.41 12.63 12.12 11.46 10.95 8.61 6.94 6.86 7.15 8.25 8.40 7.08 7.96 8.91 8.40 7.37 7.01 7.37 7.59 6.94 6.94 6.50 7.23 9.27 9.64 9.56 10.22 10.51 10.44 9.78 10.22 11.24 11.46 12.56 12.99 13.07 12.78 12.99 13.58 13.51 14.24 15.70 16.13 16.86 17.01 17.01 17.74 18.03 17.96 17.89 16.72 15.99 16.35
10.51 10.51 10.59 10.59 11.83 12.99 14.31 14.31 13.29 13.14 13.14 10.66 10.44 9.56 8.54 8.40 9.56 9.42 8.25 8.10 8.10 8.03 9.42 10.37 11.24 12.48 12.48 11.39 9.78 10.15 11.24 12.05 11.75 12.26 12.19 11.75 10.00 8.25 7.59 7.08 7.52 7.23 7.08 7.74 8.25 8.47 8.69 8.03 7.30 6.79 5.48 5.48 5.04 6.06 7.23 8.61 8.83 8.83 9.78 10.15 10.15 10.37 10.29 10.51 11.24 12.56 12.48 12.05 10.88 10.22 10.80 11.97 12.26 12.92 13.43 15.04 15.04 15.77 16.64 18.25 18.61 18.03 17.74 17.45
10.51 10.51 10.59 10.59 11.83 12.99 14.31 14.31 13.29 13.14 13.14 10.66 10.44 9.56 8.54 8.40 9.56 9.42 8.25 8.10 8.10 8.03 9.42 10.37 11.24 12.48 12.48 11.39 9.78 10.15 11.24 12.05 11.75 12.26 12.19 11.75 10.00 8.25 7.59 7.08 7.52 7.23 7.08 7.74 8.25 8.47 8.69 8.03 7.30 6.79 5.48 5.48 5.04 6.06 7.23 8.61 8.83 8.83 9.78 10.15 10.15 10.37 10.29 10.51 11.24 12.56 12.48 12.05 10.88 10.22 10.80 11.97 12.26 12.92 13.43 15.04 15.04 15.77 16.64 18.25 18.61 18.03 17.74 17.45
9.78 9.78 9.05 8.32 7.96 8.03 8.32 12.05 8.69 9.05 8.10 10.59 8.32 7.52 7.15 7.45 8.25 7.81 7.01 5.69 5.62 5.84 7.30 8.40 11.24 11.61 11.61 9.93 8.25 7.23 8.61 9.27 9.42 8.76 9.64 9.71 9.05 8.47 7.96 7.30 7.01 6.57 7.37 8.32 8.03 7.96 7.37 7.45 7.37 7.01 5.91 5.91 5.04 5.99 6.42 8.10 8.47 9.05 8.91 8.76 8.98 9.05 9.05 9.13 8.98 9.56 10.15 9.86 8.91 8.18 8.54 9.05 9.42 9.56 10.88 12.05 12.05 12.26 12.34 12.85 13.94 15.48 15.62 15.40
9.05 9.05 8.61 8.32 8.10 8.10 7.59 8.47 7.23 6.86 7.01 6.79 7.74 6.42 7.23 7.08 7.88 7.30 6.64 5.55 4.82 5.55 5.91 6.06 8.54 10.29 10.29 8.10 5.04 3.72 3.07 4.02 4.09 4.67 5.40 5.55 5.33 6.42 6.64 5.69 3.94 4.31 5.40 6.57 6.86 5.69 5.11 5.69 5.55 5.84 7.01 7.01 7.59 6.57 6.35 6.86 7.52 8.32 9.05 8.91 8.76 7.08 6.86 7.01 7.30 6.28 5.62 7.15 7.01 6.06 6.42 6.50 6.86 7.37 8.83 9.34 9.34 9.71 9.64 9.05 10.29 11.24 12.41 11.61
9.42 9.42 7.37 6.35 6.50 6.50 7.15 7.52 6.42 7.52 7.74 7.37 6.94 6.64 7.30 6.57 6.57 7.01 7.15 4.82 5.18 5.33 5.84 6.42 8.10 8.69 8.69 5.11 3.29 1.31 0.29 0.00 0.58 1.97 3.43 3.58 3.43 4.09 3.43 3.14 2.99 2.41 3.29 5.62 6.86 7.30 7.88 7.81 6.64 5.69 7.23 7.23 8.40 7.81 7.01 6.06 5.69 6.57 7.74 7.52 7.15 6.42 6.57 6.86 7.23 6.06 4.96 4.09 3.94 3.94 3.72 4.45 4.89 5.91 6.64 7.01 7.01 7.59 8.54 9.34 10.29 11.24 11.39 10.95
9.42 9.42 7.37 6.35 6.50 6.50 7.15 7.52 6.42 7.52 7.74 7.37 6.94 6.64 7.30 6.57 6.57 7.01 7.15 4.82 5.18 5.33 5.84 6.42 8.10 8.69 8.69 5.11 3.29 1.31 0.29 0.00 0.58 1.97 3.43 3.58 3.43 4.09 3.43 3.14 2.99 2.41 3.29 5.62 6.86 7.30 7.88 7.81 6.64 5.69 7.23 7.23 8.40 7.81 7.01 6.06 5.69 6.57 7.74 7.52 7.15 6.42 6.57 6.86 7.23 6.06 4.96 4.09 3.94 3.94 3.72 4.45 4.89 5.91 6.64 7.01 7.01 7.59 8.54 9.34 10.29 11.24 11.39 10.95
10.15 10.15 9.34 8.40 7.30 5.91 6.72 7.23 6.64 8.40 9.05 9.20 7.74 7.81 5.77 6.57 8.47 8.83 8.32 7.08 6.72 6.86 7.23 7.59 7.23 6.42 6.42 6.20 2.12 0.37 0.00 0.00 0.15 1.68 2.19 1.46 0.58 0.15 1.39 2.26 3.36 3.36 3.80 5.40 6.64 7.45 8.40 8.61 8.03 7.37 7.52 7.52 7.74 7.23 6.35 5.99 5.77 6.06 6.06 5.84 6.06 6.20 5.40 6.20 6.28 5.99 5.18 4.96 4.60 4.09 3.29 3.07 4.53 5.40 6.64 7.59 7.59 8.10 9.71 10.29 10.66 10.15 9.78 9.71
10.37 10.37 9.78 8.18 8.32 8.83 7.52 7.66 7.96 10.00 10.51 10.29 8.18 6.64 7.52 7.45 9.78 9.34 9.13 8.32 8.10 9.34 8.91 7.96 8.03 8.32 8.32 7.37 3.21 2.41 1.68 1.31 0.73 0.95 0.29 0.00 0.00 0.00 0.07 1.39 2.77 3.50 3.65 4.09 4.16 5.55 7.15 8.03 8.32 7.96 7.37 7.37 7.08 6.57 5.62 4.82 5.69 5.84 5.33 4.53 4.67 3.87 4.02 4.67 5.33 5.69 5.62 4.96 5.04 4.53 4.67 4.89 4.60 5.77 7.74 8.69 8.69 9.13 9.05 9.86 10.00 9.64 9.71 9.78
10.37 10.37 10.22 10.80 9.71 8.69 8.54 8.40 9.05 7.96 10.44 9.78 7.96 7.30 8.76 9.56 10.00 9.42 8.47 8.61 9.56 9.71 9.34 8.54 7.88 7.81 7.81 7.45 4.02 4.02 2.56 1.68 0.15 0.00 0.00 0.00 0.44 1.39 1.31 0.00 0.22 0.95 2.04 3.29 3.21 4.45 5.99 7.59 8.47 8.18 7.52 7.52 7.30 6.42 5.26 4.82 5.18 4.38 4.16 3.94 4.31 4.02 4.09 4.45 5.04 4.60 3.65 3.94 4.60 4.89 5.55 5.11 5.18 6.20 7.23 9.13 9.13 10.15 9.64 8.98 8.47 8.47 8.83 9.86
11.61 11.61 12.26 12.70 11.97 11.39 10.51 10.44 9.93 9.49 10.37 9.05 8.03 7.96 9.27 9.42 9.49 9.64 9.64 10.22 10.80 10.29 9.42 7.66 6.94 6.64 6.64 6.57 5.84 3.07 3.50 0.37 0.00 0.00 0.00 0.37 0.22 0.37 0.00 0.00 0.00 1.53 2.99 4.96 5.11 6.64 7.45 8.10 8.32 8.69 8.47 8.47 8.54 7.81 6.64 5.26 3.80 4.89 5.11 4.02 3.50 3.14 3.21 4.31 5.04 4.60 4.02 4.02 3.80 4.09 5.04 4.89 5.33 7.59 8.83 9.86 9.86 10.51 9.64 8.54 8.40 9.20 9.49 8.98
11.61 11.61 12.26 12.70 11.97 11.39 10.51 10.44 9.93 9.49 10.37 9.05 8.03 7.96 9.27 9.42 9.49 9.64 9.64 10.22 10.80 10.29 9.42 7.66 6.94 6.64 6.64 6.57 5.84 3.07 3.50 0.37 0.00 0.00 0.00 0.37 0.22 0.37 0.00 0.00 0.00 1.53 2.99 4.96 5.11 6.64 7.45 8.10 8.32 8.69 8.47 8.47 8.54 7.81 6.64 5.26 3.80 4.89 5.11 4.02 3.50 3.14 3.21 4.31 5.04 4.60 4.02 4.02 3.80 4.09 5.04 4.89 5.33 7.59 8.83 9.86 9.86 10.51 9.64 8.54 8.40 9.20 9.49 8.98
10.44 10.44 11.32 11.24 11.68 12.05 11.39 10.88 10.44 9.20 11.39 10.95 10.29 11.02 10.95 11.24 11.75 8.98 10.66 10.73 9.71 9.34 8.69 7.59 7.08 5.69 5.69 4.89 3.94 4.60 0.88 0.44 0.00 1.31 1.24 0.15 0.00 0.00 0.00 0.15 0.22 1.68 3.14 4.38 5.33 6.64 7.08 7.59 7.52 8.32 8.69 8.69 8.98 8.83 8.69 7.59 6.35 6.28 5.91 4.82 4.09 4.23 3.43 2.99 3.21 3.50 3.65 3.14 2.70 3.72 3.80 4.82 7.23 9.20 9.93 10.44 10.44 11.32 10.73 9.42 8.10 8.54 8.91 8.83
11.17 11.17 11.68 12.63 12.41 11.83 10.73 10.51 9.42 9.34 8.91 12.12 14.16 14.89 14.67 13.58 12.63 12.34 11.32 11.02 8.98 8.54 8.18 6.79 5.91 5.48 5.48 4.74 4.02 3.87 3.87 0.00 1.53 2.92 1.24 0.22 0.00 0.00 0.07 0.95 1.39 2.19 3.07 4.67 5.91 7.23 7.88 8.32 7.37 7.30 7.88 7.88 7.45 8.69 9.64 9.86 9.34 9.20 8.83 7.59 5.99 6.64 8.10 7.01 5.62 4.60 3.65 2.63 1.97 2.92 4.89 4.89 5.69 9.05 10.15 10.66 10.66 10.88 10.44 10.22 10.15 10.15 10.73 11.10
12.12 12.12 12.56 12.70 11.68 11.10 11.75 9.34 9.42 10.07 8.40 14.24 16.28 16.79 16.43 14.67 11.53 10.73 10.22 10.29 8.69 7.59 6.94 6.06 4.60 5.11 5.11 4.23 3.72 3.14 3.72 4.38 1.10 3.29 1.68 1.10 0.00 0.80 1.90 1.90 2.99 4.02 4.67 5.99 6.57 7.08 6.79 7.37 7.23 7.81 7.96 7.96 7.74 8.76 9.78 10.95 11.02 11.68 11.75 11.61 10.22 9.42 9.64 9.78 8.54 6.13 5.11 4.67 4.23 3.94 5.62 5.91 6.42 7.96 9.56 11.24 11.24 11.68 11.61 12.19 12.48 12.48 12.19 11.68
11.32 11.32 10.88 10.00 9.49 8.91 8.54 11.39 10.73 10.29 10.37 15.18 15.70 16.43 15.91 14.09 12.19 11.17 10.51 9.20 7.88 7.37 6.57 4.96 4.45 4.31 4.31 3.65 4.16 4.38 4.23 4.45 4.31 2.99 4.23 4.45 4.31 3.94 4.38 3.72 4.31 4.45 5.18 6.94 7.74 8.32 7.96 7.88 7.96 8.98 9.34 9.34 9.56 9.64 10.15 11.17 11.46 11.68 11.68 11.97 11.68 9.64 8.61 9.42 9.34 7.96 7.15 7.01 8.03 7.15 6.94 7.45 7.23 7.37 9.78 10.51 10.51 11.39 12.56 13.43 13.80 14.09 13.07 11.32
9.27 9.27 8.98 9.49 8.69 9.64 10.00 10.00 10.80 10.51 10.80 14.75 13.87 13.80 13.65 13.29 12.48 12.70 13.07 11.46 12.05 8.03 6.20 5.04 4.31 3.72 3.72 4.89 4.96 4.96 5.04 4.89 4.89 5.04 4.89 7.52 6.94 5.18 4.82 4.74 5.99 6.64 7.66 8.47 8.91 10.00 10.22 10.00 10.44 10.59 10.07 10.07 10.15 11.24 11.97 13.29 12.70 11.46 10.59 9.86 9.27 7.81 7.66 7.88 7.81 7.45 7.52 7.52 7.08 5.91 6.79 8.61 8.47 7.59 8.25 9.49 9.49 10.73 12.48 13.58 13.58 12.85 11.68 10.66
9.27 9.27 8.98 9.49 8.69 9.64 10.00 10.00 10.80 10.51 10.80 14.75 13.87 13.80 13.65 13.29 12.48 12.70 13.07 11.46 12.05 8.03 6.20 5.04 4.31 3.72 3.72 4.89 4.96 4.96 5.04 4.89 4.89 5.04 4.89 7.52 6.94 5.18 4.82 4.74 5.99 6.64 7.66 8.47 8.91 10.00 10.22 10.00 10.44 10.59 10.07 10.07 10.15 11.24 11.97 13.29 12.70 11.46 10.59 9.86 9.27 7.81 7.66 7.88 7.81 7.45 7.52 7.52 7.08 5.91 6.79 8.61 8.47 7.59 8.25 9.49 9.49 10.73 12.48 13.58 13.58 12.85 11.68 10.66
9.05 9.05 8.91 8.91 9.78 9.42 8.32 10.00 8.83 8.32 8.47 8.61 11.75 11.90 11.46 11.02 11.46 12.48 11.97 10.73 9.64 8.18 7.37 6.79 5.26 4.67 4.67 5.40 5.77 5.48 5.99 6.42 6.64 7.15 8.61 8.25 6.64 6.79 6.57 7.01 8.98 10.88 11.32 10.66 11.10 12.48 11.61 11.17 11.83 12.63 12.19 12.19 11.53 12.34 13.21 14.09 13.94 12.70 11.39 10.73 9.78 8.76 9.56 10.00 9.13 8.54 9.27 9.71 8.25 7.23 8.91 10.37 10.29 9.93 8.69 8.40 8.40 10.59 12.19 12.34 12.85 12.26 10.59 9.05
7.52 7.52 7.66 7.96 7.96 7.66 7.52 5.69 4.96 5.40 5.69 6.42 9.93 8.83 7.74 7.01 7.88 7.59 7.74 7.59 6.13 8.03 5.40 6.13 4.89 4.53 4.53 4.38 6.06 6.57 7.37 7.01 7.37 7.96 8.61 8.40 8.61 8.98 9.64 10.29 12.19 13.29 13.07 12.34 12.12 12.41 11.61 11.46 11.83 11.83 11.46 11.46 10.29 11.24 11.97 12.48 13.21 12.92 12.70 13.07 12.48 11.61 11.46 10.95 9.86 9.34 9.93 10.15 10.66 11.24 12.26 12.85 12.92 12.78 10.88 10.00 10.00 9.13 10.07 11.97 13.29 12.78 10.88 10.22
5.62 5.62 5.77 5.11 5.33 5.33 5.33 5.11 4.74 3.58 4.02 6.50 7.23 7.01 6.86 4.89 4.31 4.38 4.89 4.67 5.55 6.94 6.94 4.09 3.72 3.94 3.94 3.94 5.99 7.74 7.52 7.23 8.25 8.69 9.20 9.20 9.49 11.10 12.26 12.92 12.99 12.70 11.68 11.53 10.80 10.88 10.00 9.13 8.47 8.10 8.32 8.32 8.10 8.69 9.42 10.22 10.59 11.68 13.29 14.09 13.72 12.63 10.80 9.71 8.61 9.56 10.29 10.66 11.24 11.90 13.21 12.99 12.85 12.85 12.56 11.10 11.10 9.13 9.20 11.02 12.63 12.85 13.14 12.63
3.65 3.65 0.00 0.00 0.00 0.00 3.43 0.00 3.65 3.80 0.00 0.00 4.96 4.38 3.80 3.87 4.67 5.33 5.62 5.55 6.64 6.94 5.84 5.40 2.19 3.50 3.50 5.18 6.64 7.30 7.52 7.74 8.18 9.13 9.86 10.00 9.71 9.71 10.37 10.15 8.69 7.66 7.45 8.54 7.15 6.64 6.20 6.13 5.91 5.91 6.64 6.64 6.42 7.59 8.18 8.61 9.20 10.73 12.05 11.75 11.17 9.86 8.03 6.64 6.64 8.54 10.44 10.59 10.73 10.95 10.07 9.42 10.22 11.10 11.75 11.39 11.39 9.93 9.13 9.05 9.93 12.41 13.94 14.45
2.77 2.77 2.48 2.12 0.00 0.00 0.00 0.00 2.34 0.00 0.00 0.00 0.00 0.00 0.00 3.94 4.89 5.84 7.30 7.15 6.64 6.06 4.74 5.11 0.00 2.26 2.26 6.64 7.45 7.23 6.86 7.01 6.64 7.15 8.03 7.96 7.30 9.13 7.74 5.77 3.07 3.21 3.94 4.16 3.65 3.50 4.38 5.40 5.69 6.28 6.64 6.64 6.06 6.28 6.72 7.59 7.66 9.20 8.69 7.88 6.94 5.84 5.55 5.40 6.06 8.10 9.64 8.76 7.96 8.32 8.47 8.18 8.69 10.00 10.80 11.39 11.39 11.39 10.44 9.20 9.27 11.46 13.94 14.31
2.77 2.77 2.48 2.12 0.00 0.00 0.00 0.00 2.34 0.00 0.00 0.00 0.00 0.00 0.00 3.94 4.89 5.84 7.30 7.15 6.64 6.06 4.74 5.11 0.00 2.26 2.26 6.64 7.45 7.23 6.86 7.01 6.64 7.15 8.03 7.96 7.30 9.13 7.74 5.77 3.07 3.21 3.94 4.16 3.65 3.50 4.38 5.40 5.69 6.28 6.64 6.64 6.06 6.28 6.72 7.59 7.66 9.20 8.69 7.88 6.94 5.84 5.55 5.40 6.06 8.10 9.64 8.76 7.96 8.32 8.47 8.18 8.69 10.00 10.80 11.39 11.39 11.39 10.44 9.20 9.27 11.46 13.94 14.31
1.53 1.53 0.00 0.00 0.00 0.00 0.00 0.00 0.00 2.34 2.34 0.00 0.00 0.00 0.00 0.00 3.14 5.91 7.15 6.94 6.13 4.53 3.65 4.16 4.38 2.92 2.92 5.11 5.84 5.26 5.77 6.06 5.18 6.42 6.28 5.26 5.33 5.04 6.42 2.70 1.61 2.04 3.21 4.23 3.87 4.23 3.94 4.89 5.55 6.28 6.50 6.50 6.94 7.01 7.59 7.81 7.37 5.91 5.33 5.18 5.84 5.33 4.23 4.09 6.42 8.32 8.98 8.76 8.91 8.69 8.91 8.98 9.71 10.37 11.10 11.97 11.97 12.34 11.32 9.86 9.78 10.44 12.34 13.14
0.88 0.88 0.00 0.00 0.00 0.00 0.00 0.66 1.17 1.75 0.00 1.68 0.15 0.00 0.00 0.00 0.00 3.58 5.04 4.82 5.69 5.91 4.60 4.09 4.31 4.53 4.53 2.77 0.00 0.00 0.00 5.11 5.11 4.74 5.26 5.33 5.11 4.89 4.23 4.53 3.65 3.94 4.31 4.67 4.09 4.31 4.16 4.31 4.60 5.55 5.33 5.33 6.13 7.01 6.57 6.50 5.99 4.09 3.14 0.00 4.74 4.89 4.53 4.60 5.84 6.86 7.66 8.47 9.05 9.27 9.27 9.93 10.88 10.95 10.80 11.53 11.53 12.05 11.53 11.17 9.71 10.07 11.10 10.37
0.00 0.00 0.00 0.00 0.00 0.00 0.00 0.00 0.00 0.00 0.00 0.00 0.00 0.88 0.00 0.00 0.00 0.00 0.00 3.87 5.18 6.20 6.13 5.04 3.80 4.09 4.09 5.18 0.00 3.14 3.72 4.67 4.67 4.53 5.33 5.55 5.26 4.89 5.40 5.77 4.60 4.45 4.38 3.50 4.53 4.53 4.16 3.50 3.43 4.60 5.26 5.26 6.06 6.28 5.55 6.06 5.62 5.33 4.31 2.70 4.60 5.04 4.89 4.60 4.38 4.53 5.33 6.57 6.86 7.52 7.74 8.03 9.13 10.73 10.88 10.73 10.73 10.00 10.22 9.64 9.49 9.42 8.69 8.10
0.00 0.00 0.00 0.00 0.00 0.00 0.00 0.00 0.15 0.00 0.00 0.00 0.00 0.00 0.00 0.44 0.88 0.95 0.00 0.00 0.00 3.87 5.18 4.89 4.89 5.48 5.48 5.77 0.00 4.89 4.89 4.82 5.69 6.50 6.86 7.30 5.77 5.62 5.91 6.13 5.77 3.80 3.80 4.74 5.55 4.82 3.50 3.07 3.36 5.11 5.18 5.18 5.40 5.40 5.55 5.69 5.55 5.62 4.31 3.87 4.38 5.18 5.18 4.31 3.65 3.43 4.82 5.18 4.53 5.04 5.48 5.91 6.42 6.79 6.42 6.64 6.64 6.50 5.69 5.40 6.28 5.99 5.62 4.60
0.00 0.00 0.00 0.00 0.00 0.00 0.00 0.00 0.00 0.00 0.00 0.00 1.46 1.24 0.44 0.07 0.37 0.37 0.00 0.00 0.00 0.00 2.85 3.72 4.89 6.06 6.06 7.59 8.10 5.18 4.82 5.40 6.42 6.57 6.86 6.94 7.01 7.52 7.23 6.72 6.06 5.55 5.84 6.64 6.72 5.18 2.77 3.43 4.45 4.82 4.96 4.96 5.11 4.74 5.11 4.82 4.45 3.72 0.00 0.00 0.00 0.00 2.99 2.19 2.34 2.92 3.58 2.12 1.83 0.00 0.00 0.00 0.00 0.00 0.00 0.00 0.00 2.77 3.58 4.16 3.87 3.80 3.43 2.48
0.00 0.00 0.00 0.00 0.00 0.00 0.00 0.00 0.00 0.00 0.00 0.73 0.66 0.44 0.00 0.00 0.37 0.37 0.07 0.00 0.00 0.00 0.00 0.00 0.00 3.50 3.50 6.72 7.30 6.50 5.91 5.69 4.67 5.04 4.53 4.53 5.55 5.62 5.40 6.28 6.28 7.66 7.30 7.23 5.55 3.94 4.74 5.33 5.26 4.96 5.55 5.55 5.11 4.31 4.16 3.29 0.00 0.00 0.00 0.00 0.00 0.00 1.24 1.46 2.56 2.34 1.61 0.37 0.00 0.00 0.00 0.00 0.00 0.00 1.24 1.83 1.83 3.72 5.04 5.77 6.28 6.13 4.67 3.58
0.00 0.00 0.00 0.00 0.00 0.00 0.00 0.00 0.00 0.00 0.00 0.73 0.66 0.44 0.00 0.00 0.37 0.37 0.07 0.00 0.00 0.00 0.00 0.00 0.00 3.50 3.50 6.72 7.30 6.50 5.91 5.69 4.67 5.04 4.53 4.53 5.55 5.62 5.40 6.28 6.28 7.66 7.30 7.23 5.55 3.94 4.74 5.33 5.26 4.96 5.55 5.55 5.11 4.31 4.16 3.29 0.00 0.00 0.00 0.00 0.00 0.00 1.24 1.46 2.56 2.34 1.61 0.37 0.00 0.00 0.00 0.00 0.00 0.00 1.24 1.83 1.83 3.72 5.04 5.77 6.28 6.13 4.67 3.58
0.00 0.00 0.00 0.00 0.00 0.00 0.00 0.00 0.00 0.00 0.00 0.00 0.00 0.00 0.00 0.00 0.00 0.00 0.00 0.00 0.51 0.15 0.00 0.00 0.00 0.00 0.00 0.00 4.16 5.04 5.40 4.16 3.14 2.04 2.12 1.68 2.48 3.80 5.84 7.23 6.72 6.72 6.79 5.91 5.99 5.55 5.62 5.11 5.69 6.06 5.69 5.69 5.62 4.82 3.21 0.00 0.00 0.00 0.00 0.00 0.00 0.00 0.00 0.00 1.97 1.61 0.37 0.00 0.00 0.00 0.00 0.00 0.07 2.19 4.38 5.55 5.55 7.08 8.91 9.49 9.86 9.93 8.76 6.79
