Wansh/Snow_depth/snowdepth-1987/winter/1988040.txt
ncols 321
nrows 161
xllcenter 60
yllcenter 15 
cellsize  0.25 
NODATA_value -1
[rows 37 to 73 of 161, columns 0 to 83 of 321]
0.00 0.00 0.00 0.00 0.00 0.00 0.95 1.68 1.90 2.41 1.61 0.00 0.00 0.00 0.00 0.00 0.00 0.00 0.00 0.00 0.00 0.00 0.00 0.66 0.00 0.00 0.00 0.00 0.00 2.99 4.16 4.60 4.16 3.29 2.99 3.72 5.77 2.85 3.94 4.45 6.06 4.60 4.23 4.38 3.65 4.74 5.11 5.55 6.50 7.59 6.64 6.64 5.55 6.06 2.41 0.00 0.00 0.00 0.00 0.00 2.56 2.56 1.97 2.12 1.90 1.97 0.37 0.00 0.00 0.00 0.00 0.80 0.73 1.46 1.83 3.94 3.94 3.72 5.26 6.50 7.52 7.59 7.08 6.35
0.00 0.00 0.00 0.00 0.00 0.00 1.17 2.41 2.70 2.85 2.12 1.02 0.00 0.00 0.00 0.00 0.00 0.80 0.00 0.66 1.61 1.17 1.10 1.02 1.46 0.00 0.00 0.00 0.00 0.00 2.04 3.36 3.21 3.80 3.58 2.63 4.96 0.00 1.46 1.10 2.19 1.17 2.19 2.77 2.85 2.85 3.36 4.09 5.26 6.86 6.79 6.79 5.99 6.72 1.10 0.00 0.00 0.00 0.00 0.00 1.97 1.10 1.24 2.04 1.31 1.39 1.17 0.80 0.00 0.07 0.15 1.02 1.83 1.97 2.04 4.96 4.96 7.30 4.23 8.54 8.69 8.83 8.69 7.52
0.00 0.00 0.00 0.00 0.00 0.00 0.00 1.10 1.53 1.68 1.53 1.10 0.00 0.00 0.00 0.00 0.00 0.00 0.29 1.02 2.70 2.34 1.61 0.95 0.00 0.07 0.07 0.44 0.00 0.00 1.97 0.37 1.10 0.66 0.00 0.00 1.83 0.00 0.00 0.00 0.00 0.00 0.00 0.00 0.00 0.00 0.00 0.00 0.00 4.38 4.60 4.60 5.11 4.74 5.11 0.00 0.00 0.00 0.00 2.41 2.41 1.39 1.02 0.07 0.00 1.46 2.92 1.17 0.00 0.80 0.80 2.99 6.28 6.13 5.84 5.99 5.99 7.74 5.26 8.54 11.53 11.02 9.27 10.15
0.00 0.00 0.00 0.00 0.00 0.00 0.00 0.00 0.00 0.73 1.24 1.02 0.00 0.00 0.00 0.00 0.00 0.00 0.00 0.00 0.73 0.00 0.00 0.00 0.00 0.00 0.00 0.00 0.00 0.00 0.00 0.00 0.00 0.00 0.00 0.00 0.00 0.00 0.00 0.00 0.00 0.00 0.00 0.00 0.00 0.00 0.00 0.00 0.00 0.00 0.00 0.00 0.00 4.38 5.55 0.00 0.00 1.10 2.63 2.26 2.85 2.99 2.19 0.22 1.75 3.87 4.74 3.50 3.87 5.40 7.66 9.34 11.32 10.00 9.34 8.03 8.03 7.45 8.54 9.42 11.53 10.95 10.37 11.68
0.00 0.00 0.00 0.00 0.00 0.37 1.17 0.00 0.00 0.00 0.00 0.00 0.00 0.00 0.00 0.00 0.00 0.00 0.00 0.00 0.00 0.00 0.00 0.00 0.00 0.00 0.00 0.00 0.00 0.00 0.00 0.00 0.00 0.00 0.00 0.37 0.29 0.00 0.00 0.73 0.88 0.00 0.22 0.00 0.00 0.00 0.51 0.29 0.00 0.00 0.00 0.00 0.00 0.00 0.00 2.04 2.70 2.41 1.61 0.88 3.87 4.74 4.89 4.96 7.88 8.76 8.25 7.81 8.25 10.07 10.88 12.19 13.21 12.78 11.83 10.66 10.66 7.88 8.47 9.42 9.20 11.68 11.53 12.34
0.00 0.00 0.00 0.00 0.00 1.83 3.14 2.85 2.41 0.00 0.00 0.00 0.00 0.00 0.00 0.00 0.00 0.00 0.00 0.00 0.00 0.00 0.00 0.00 0.00 0.00 0.00 0.00 0.00 1.17 1.24 0.00 0.00 0.00 0.00 0.00 1.39 2.99 0.00 0.66 0.15 0.00 0.00 1.17 0.29 0.00 0.00 0.00 0.00 0.00 0.00 0.00 0.00 0.00 0.00 0.73 1.75 1.75 0.80 2.56 4.60 6.28 7.15 8.25 10.88 12.63 13.07 11.53 10.22 10.88 12.05 12.56 13.07 12.56 12.12 10.80 10.80 8.32 8.91 9.78 10.15 13.36 14.08 12.60
0.00 0.00 0.00 0.00 0.00 1.17 3.07 3.94 3.72 0.00 0.00 0.00 0.00 0.00 0.00 0.00 0.00 0.00 0.00 0.00 0.00 0.00 0.00 0.00 0.00 0.00 0.00 0.00 2.12 4.02 5.11 4.96 2.70 1.97 0.00 0.00 0.00 0.88 0.00 0.00 0.00 0.00 0.00 0.88 0.00 0.00 0.00 0.00 0.00 0.00 0.00 0.00 0.00 0.00 0.29 3.14 9.05 6.50 2.26 2.56 2.63 2.92 2.77 2.92 7.08 10.95 10.73 9.93 7.88 6.64 7.59 7.37 8.61 8.03 9.56 8.98 8.98 7.96 7.88 9.42 10.95 11.97 13.58 11.97
0.00 0.00 0.00 0.00 0.00 0.00 0.00 2.56 0.00 0.00 0.00 0.00 0.00 0.00 0.00 0.00 0.00 0.95 0.00 0.00 0.00 0.00 0.00 0.00 0.00 0.00 0.00 0.80 3.80 5.91 6.20 8.18 9.86 8.25 5.18 3.21 1.24 0.00 0.00 0.00 0.00 0.00 0.00 0.00 0.00 0.00 0.00 0.00 0.00 0.00 0.00 0.00 0.00 0.95 4.53 6.42 6.64 8.54 4.89 3.80 3.50 2.12 0.00 1.24 2.56 7.01 9.05 8.18 7.88 5.69 4.89 5.11 5.91 5.99 6.50 6.28 6.28 5.84 6.42 7.88 9.13 9.64 11.32 10.71
0.00 0.00 0.00 0.00 0.00 0.00 0.00 0.00 0.00 0.00 0.00 0.00 0.00 0.00 0.00 0.00 0.00 0.00 0.00 0.00 0.00 0.00 1.83 0.44 0.07 1.53 1.53 2.41 3.14 2.99 3.43 5.55 8.18 9.20 7.96 7.37 5.33 2.34 0.00 0.44 0.00 0.00 0.00 0.37 0.00 0.00 0.00 0.95 1.39 1.46 1.31 1.31 1.61 2.99 5.33 7.23 7.23 5.48 5.11 4.67 4.16 0.80 0.80 1.75 6.57 13.14 10.51 10.59 9.64 8.98 7.37 7.81 7.88 8.69 7.66 6.72 6.72 5.91 7.88 9.78 10.51 11.10 10.51 13.14
0.00 0.00 0.00 0.00 0.00 0.00 0.00 0.00 0.00 0.00 0.00 0.00 0.00 0.00 0.00 0.00 0.00 0.00 0.00 0.00 0.00 0.00 1.83 0.44 0.07 1.53 1.53 2.41 3.14 2.99 3.43 5.55 8.18 9.20 7.96 7.37 5.33 2.34 0.00 0.44 0.00 0.00 0.00 0.37 0.00 0.00 0.00 0.95 1.39 1.46 1.31 1.31 1.61 2.99 5.33 7.23 7.23 5.48 5.11 4.67 4.16 0.80 0.80 1.75 6.57 13.14 10.51 10.59 9.64 8.98 7.37 7.81 7.88 8.69 7.66 6.72 6.72 5.91 7.88 9.78 10.51 11.10 10.51 13.27
0.00 0.00 0.00 0.00 0.00 0.00 0.00 0.00 0.00 0.00 0.00 0.00 0.00 0.00 0.00 0.00 0.00 0.00 0.00 0.00 0.00 1.39 1.10 1.02 0.00 0.07 0.07 2.26 2.26 1.46 0.58 1.17 3.58 3.58 5.26 4.89 4.31 7.08 1.39 5.33 5.77 3.80 3.87 5.48 5.48 4.02 4.09 5.18 5.26 5.55 4.82 4.82 5.99 6.64 7.96 8.98 7.74 6.35 6.35 8.61 7.96 6.94 8.40 6.57 8.76 13.14 14.53 12.78 9.78 9.64 8.69 14.89 15.48 13.80 13.14 10.66 10.66 11.02 12.78 16.28 17.67 19.71 18.69 16.24
0.00 0.00 0.00 0.00 0.00 0.00 0.00 0.73 0.00 0.29 0.00 0.00 0.00 0.00 0.00 0.00 0.00 0.00 0.00 0.00 2.41 1.83 0.00 0.00 0.00 0.00 0.00 0.95 1.17 0.00 0.00 0.00 0.29 2.92 3.50 4.96 7.96 8.54 8.10 8.10 9.64 9.34 8.91 8.61 8.32 8.18 6.57 8.76 9.64 10.51 10.00 10.00 10.51 10.66 11.97 12.12 9.93 10.66 8.76 14.45 12.41 10.73 11.24 10.95 13.72 16.06 16.43 12.92 10.80 11.46 11.90 11.46 14.97 20.29 20.59 19.49 19.49 19.05 21.83 22.78 23.51 24.16 24.16 23.36
0.00 0.00 0.00 0.00 0.00 0.29 0.80 1.17 1.68 1.68 0.00 0.00 0.00 0.00 0.00 0.00 0.00 0.00 0.00 0.00 0.00 0.00 0.00 0.00 0.00 0.00 0.00 0.00 0.00 0.00 0.00 1.39 4.45 5.55 6.94 8.25 9.20 6.72 10.00 4.60 8.83 11.17 12.26 11.53 11.53 12.70 9.93 13.14 13.14 14.67 15.70 15.70 16.13 16.43 15.84 14.67 13.29 14.24 15.62 16.50 14.24 12.48 11.75 11.83 14.38 13.43 8.54 6.64 2.85 1.97 3.65 6.94 14.02 19.86 19.93 18.69 18.69 19.78 22.05 22.70 23.29 24.19 24.28 24.18
0.00 0.00 0.00 0.00 0.00 0.73 0.00 0.00 0.00 0.00 0.00 0.00 0.00 0.22 0.00 0.00 0.00 0.00 0.00 0.00 0.00 0.00 0.00 0.00 0.00 0.15 0.15 0.73 0.00 0.22 2.19 5.55 7.74 7.81 7.23 5.84 4.67 6.13 2.48 9.86 4.82 8.18 10.59 11.24 12.48 13.65 13.29 12.41 13.80 17.16 19.64 19.64 19.20 18.98 17.23 16.35 15.70 16.50 16.50 16.72 15.77 14.97 13.14 11.68 10.66 6.64 0.00 0.00 0.00 0.00 0.00 0.00 11.90 20.51 20.08 18.25 18.25 19.35 21.97 21.97 18.91 18.16 17.53 17.40
0.00 0.00 0.00 0.00 0.00 0.00 0.00 0.00 0.00 0.00 0.00 0.00 0.00 0.00 0.00 0.00 0.00 0.00 0.00 0.00 0.00 0.00 0.00 0.00 0.00 1.17 1.17 2.85 3.87 4.23 2.85 5.11 6.94 3.65 2.77 2.19 2.34 1.24 2.77 5.69 0.00 4.38 7.88 8.83 10.95 12.56 12.26 13.51 14.24 16.13 17.16 17.16 16.13 16.21 17.16 18.03 19.56 21.68 20.00 20.59 17.08 17.30 15.04 11.17 9.13 0.00 0.00 0.00 0.00 0.00 0.00 7.01 15.77 18.69 16.06 17.52 17.52 18.40 19.64 17.89 14.24 11.17 10.15 10.80
0.00 0.00 0.00 0.00 0.07 0.00 0.00 0.00 0.00 0.00 0.00 0.00 0.00 0.00 0.00 0.00 0.00 0.00 0.00 0.00 0.00 0.00 0.00 0.00 0.44 0.88 0.88 2.48 1.68 1.17 0.00 0.00 0.00 0.29 0.37 0.00 0.66 1.83 3.14 6.42 2.41 5.99 7.96 8.98 11.17 11.97 10.07 8.32 10.80 12.63 14.38 14.38 13.80 14.02 15.18 17.30 20.66 23.58 24.31 25.77 25.26 23.36 18.61 16.94 16.86 14.82 13.36 9.05 9.13 0.00 8.76 15.18 18.10 14.82 12.34 13.36 13.36 12.34 12.56 11.83 9.42 7.74 8.40 9.93
0.07 0.07 0.00 0.07 0.88 0.00 0.00 0.00 0.00 0.00 0.00 0.00 0.00 0.00 0.00 0.00 0.00 0.00 0.00 0.00 0.00 0.00 0.00 0.00 0.00 0.00 0.00 0.00 0.00 0.00 0.00 0.00 0.00 0.00 0.00 0.00 0.00 2.19 4.23 9.71 2.19 5.26 9.27 12.99 14.38 12.70 8.61 5.18 8.03 8.25 10.51 10.51 10.59 12.12 14.60 17.30 19.78 22.34 24.60 25.77 27.45 27.01 26.28 26.28 27.16 24.97 20.95 20.88 21.32 18.83 17.08 18.40 17.16 14.45 8.91 8.40 8.40 6.86 4.96 3.21 2.41 4.89 7.59 8.64
0.00 0.00 0.00 0.00 0.51 0.29 0.00 0.00 0.00 0.00 0.00 0.00 0.00 0.00 0.00 0.00 0.66 0.00 0.00 0.00 0.00 0.00 0.00 0.00 0.00 0.00 0.00 0.00 0.00 0.00 0.00 0.00 0.00 0.00 0.00 0.00 0.00 1.97 4.38 8.10 3.07 6.20 11.17 13.36 11.83 8.98 4.45 0.80 0.15 2.63 5.48 5.48 8.18 10.07 14.02 15.62 18.83 23.80 27.01 29.57 31.46 32.27 30.66 32.49 30.95 27.08 23.87 22.63 21.90 19.78 17.52 16.06 13.21 8.47 5.04 3.58 3.58 1.46 1.02 0.00 0.00 0.00 0.88 0.73
0.00 0.00 0.00 0.00 0.00 0.00 0.00 0.00 0.00 0.00 0.00 0.00 0.00 0.00 0.00 0.22 0.00 0.00 0.00 0.00 0.00 0.00 0.00 0.00 0.00 0.00 0.00 0.00 0.00 0.00 0.00 0.00 0.00 0.00 0.00 0.00 0.00 0.00 3.14 7.23 11.68 6.20 9.20 9.20 3.87 0.00 0.00 0.00 0.00 0.00 0.88 0.88 1.97 4.02 7.23 11.46 17.74 23.73 29.13 32.92 34.60 31.46 33.29 30.51 28.03 25.40 23.80 22.34 19.49 18.18 12.70 8.91 7.15 4.38 2.34 1.31 1.31 0.00 0.00 0.00 0.00 0.00 0.00 0.00
0.00 0.00 0.00 0.00 0.00 0.00 0.00 0.00 0.00 0.00 0.00 0.00 0.00 0.00 0.00 0.00 0.00 0.00 0.00 0.00 0.00 0.00 0.00 0.00 0.00 0.00 0.00 0.00 0.00 0.00 0.00 0.00 0.00 0.00 0.00 0.00 0.00 0.00 0.44 3.58 11.90 3.50 3.65 1.46 0.00 0.00 0.00 0.00 0.00 0.00 0.00 0.00 0.00 0.58 5.26 8.25 13.51 19.86 26.65 31.39 32.41 28.69 24.97 27.52 25.55 27.45 26.21 18.69 14.02 9.34 5.40 1.90 1.61 0.95 0.07 0.00 0.00 0.00 0.00 0.00 0.00 0.00 0.00 0.00
0.00 0.00 0.00 0.00 0.00 0.00 0.00 0.00 0.00 0.00 0.00 0.00 0.00 0.00 0.00 0.00 0.00 0.00 0.00 0.00 0.00 0.00 0.00 0.00 0.00 0.00 0.00 0.00 0.00 0.00 0.00 0.00 0.00 0.00 0.00 0.00 0.00 0.00 0.00 0.00 5.33 0.00 0.00 0.00 0.00 0.00 0.00 0.00 0.00 0.00 0.00 0.00 0.00 2.12 5.04 7.30 11.90 17.74 22.56 26.57 28.32 24.02 21.53 22.48 23.36 21.75 18.03 8.03 5.18 1.31 0.00 0.00 0.00 0.00 0.00 0.00 0.00 0.00 0.00 0.00 0.00 0.00 0.00 0.00
0.00 0.00 0.00 0.00 0.00 0.00 0.00 0.00 0.00 0.00 0.00 0.00 0.00 0.00 0.00 0.00 0.00 0.00 0.00 0.00 0.00 0.00 0.00 0.00 0.00 0.00 0.00 0.00 0.00 0.00 0.00 0.00 0.00 0.00 0.00 0.00 0.00 0.00 0.00 0.00 0.00 0.00 0.00 0.00 0.00 0.00 0.00 0.00 0.00 0.00 2.19 2.19 0.00 8.91 11.10 12.34 15.62 18.83 21.97 23.36 23.73 19.20 14.97 18.03 14.24 12.05 4.60 1.90 0.00 0.00 0.00 0.00 0.00 0.00 0.00 0.00 0.00 0.00 0.00 0.00 0.00 0.00 0.00 0.00
0.00 0.00 0.00 0.00 0.00 0.00 0.00 0.00 0.00 0.00 0.00 0.00 0.00 0.00 0.00 0.00 0.00 0.00 0.00 0.00 0.00 0.00 0.00 0.00 0.00 0.00 0.00 0.29 0.00 0.00 0.00 0.00 0.00 0.00 0.00 0.00 0.00 0.00 1.68 0.00 0.00 0.00 0.00 0.00 0.00 0.44 0.58 0.80 4.23 8.83 9.64 9.64 7.01 14.89 17.37 17.08 20.08 21.68 21.83 21.02 16.21 8.25 4.38 3.65 9.56 1.17 0.37 0.00 0.00 0.00 0.00 0.00 0.00 0.00 0.00 0.00 0.00 0.00 0.00 0.00 0.00 0.00 0.00 0.00
0.00 0.00 0.00 0.00 0.00 0.00 0.00 0.00 0.00 0.00 0.00 0.00 0.00 0.00 0.00 0.00 0.00 0.00 0.00 0.00 0.00 0.00 0.00 0.00 0.00 0.00 0.00 0.00 0.00 0.15 0.88 1.90 2.56 4.02 4.23 6.13 4.67 6.42 8.10 6.79 7.30 2.92 3.36 3.72 5.26 6.35 7.96 8.76 10.80 12.92 14.31 14.31 17.16 16.28 21.75 22.12 20.66 18.03 15.40 12.34 7.08 3.07 0.15 0.07 0.95 0.00 0.00 0.00 0.00 0.00 0.00 0.00 0.00 0.00 0.00 0.00 0.00 0.00 0.00 0.00 0.00 0.00 0.00 0.00
0.00 0.00 0.00 0.00 0.00 0.00 0.00 0.00 0.00 0.00 0.00 0.00 0.00 0.00 0.00 0.00 0.00 0.00 0.00 0.00 0.00 0.00 0.00 0.00 0.00 1.10 1.10 0.66 0.00 0.00 1.17 4.53 6.64 8.83 9.78 10.22 10.95 10.37 10.29 10.00 8.61 7.45 6.13 6.50 7.15 8.91 9.93 10.73 11.68 12.78 15.18 15.18 18.54 19.27 22.12 21.17 15.33 11.83 6.64 5.26 1.17 0.00 0.00 0.00 0.00 0.00 0.00 0.00 0.00 0.00 0.00 0.00 0.00 0.00 0.00 0.00 0.00 0.00 0.00 0.00 0.00 0.00 0.00 0.00
0.00 0.00 0.00 0.00 0.00 0.00 0.00 0.00 0.00 0.00 0.00 0.00 0.00 0.00 0.00 0.00 0.00 0.00 0.00 0.00 0.00 0.00 0.00 0.00 0.00 0.00 0.00 2.04 2.77 3.14 2.85 5.33 7.30 9.20 10.95 11.02 10.59 10.80 9.56 10.37 9.34 7.88 6.42 6.86 7.15 9.05 10.15 10.44 11.10 12.70 15.55 15.55 16.57 16.86 14.67 13.36 8.76 5.69 3.87 3.94 1.24 0.00 0.00 0.00 0.00 0.00 0.00 0.00 0.00 0.00 0.00 0.00 0.00 0.00 0.00 0.00 0.00 0.00 0.00 0.00 0.00 0.00 0.00 0.00
0.00 0.00 0.00 0.00 0.00 0.00 0.00 0.00 0.00 0.00 0.00 0.00 0.00 0.00 0.00 0.00 0.00 0.00 0.00 0.00 0.00 0.00 0.00 0.00 0.00 0.00 0.00 2.77 3.94 6.64 7.59 8.32 9.05 10.07 10.15 10.88 10.95 10.59 11.02 11.61 12.05 11.24 7.96 7.59 8.47 9.86 10.07 9.56 9.27 11.10 11.97 11.97 12.56 11.53 13.94 6.72 6.20 5.55 5.11 4.53 1.90 0.66 0.00 0.00 0.00 0.00 0.00 0.00 0.00 0.00 0.00 0.00 0.00 0.00 0.00 0.00 0.00 0.00 0.00 0.00 0.00 0.00 0.00 0.00
0.00 0.00 0.00 0.00 0.00 0.00 0.00 0.00 0.00 0.00 0.00 0.00 0.00 0.00 0.00 0.00 0.00 0.00 0.00 0.00 0.00 0.00 0.00 0.00 0.00 0.73 0.73 4.23 5.99 6.28 8.03 8.10 7.74 7.66 8.83 10.15 10.15 11.61 11.68 12.34 12.63 13.14 10.51 8.83 9.42 9.78 9.42 8.69 6.79 8.54 11.10 11.10 11.90 10.29 10.15 6.28 6.06 5.69 6.06 5.55 5.04 2.35 1.39 0.37 0.07 0.00 0.00 0.00 0.00 0.00 0.00 0.00 0.00 0.00 0.00 0.00 0.00 0.00 0.00 0.00 0.00 0.00 0.00 0.00
0.00 0.00 0.00 0.00 0.00 0.00 0.00 0.00 0.00 0.00 0.00 0.00 0.00 0.00 0.00 0.00 0.00 0.00 0.00 0.00 0.00 0.00 0.00 0.00 0.00 0.00 0.00 2.99 6.13 8.91 8.18 6.50 6.28 5.84 6.28 6.42 7.30 8.76 10.88 11.90 11.97 10.66 10.37 8.76 9.78 9.64 9.27 7.88 6.28 6.64 10.00 10.00 11.39 9.56 7.74 6.20 9.49 10.29 10.37 8.40 5.26 2.41 1.17 2.04 1.10 0.37 0.00 0.00 0.00 0.00 0.00 0.00 0.00 0.00 0.00 0.00 0.00 0.00 0.00 0.00 0.00 0.00 0.00 0.00
0.00 0.00 0.00 0.00 0.00 0.00 0.00 0.00 0.00 0.00 0.00 0.00 0.00 0.00 0.00 0.00 0.00 0.00 0.00 0.00 0.00 0.00 0.00 0.00 0.00 0.00 0.00 2.12 4.31 6.28 6.64 3.65 2.85 3.07 2.85 2.99 3.58 3.58 4.53 7.08 8.10 9.93 9.93 8.69 10.15 10.44 10.00 8.69 8.03 7.45 9.20 9.20 12.34 11.17 9.93 8.98 13.43 12.26 12.26 8.76 4.31 3.07 2.92 2.92 1.02 0.51 0.22 0.00 0.00 0.00 0.00 0.00 0.00 0.00 0.00 0.00 0.00 0.00 0.00 0.00 0.00 0.00 0.00 0.00
0.00 0.00 0.00 0.00 0.00 0.00 0.00 0.00 0.00 0.00 0.00 0.00 0.00 0.00 0.00 0.00 0.00 0.00 0.00 0.00 0.00 0.00 0.00 0.00 0.00 0.00 0.00 0.73 1.10 1.83 1.97 0.80 0.73 0.58 1.61 1.75 1.24 1.39 1.68 3.07 4.53 8.25 9.93 8.47 10.59 10.07 10.66 9.86 9.13 9.56 11.68 11.68 12.56 11.75 11.39 13.58 13.65 11.32 9.34 8.03 6.13 3.21 3.80 2.34 1.61 0.80 0.73 0.37 0.00 0.00 0.00 0.00 0.00 0.00 0.00 0.00 0.00 0.00 0.00 0.00 0.00 0.00 0.00 0.00
0.00 0.00 0.00 0.00 0.00 0.00 0.00 0.00 0.00 0.00 0.00 0.00 0.00 0.00 0.00 0.00 0.00 0.00 0.00 0.00 0.00 0.00 0.00 0.00 0.00 0.00 0.00 0.00 0.00 0.00 0.00 0.00 0.00 0.29 0.73 0.44 0.80 1.31 1.68 2.63 4.74 6.72 11.53 10.66 9.64 10.59 11.61 12.63 12.48 13.43 14.31 14.31 15.62 14.45 14.02 14.97 15.48 14.02 13.07 14.31 10.07 6.28 4.96 3.07 1.90 0.80 0.88 0.95 0.44 0.00 0.00 0.00 0.00 0.00 0.00 0.00 0.00 0.00 0.00 0.00 0.00 0.00 0.00 0.00
0.00 0.00 0.00 0.00 0.00 0.00 0.00 0.00 0.00 0.00 0.00 0.00 0.00 0.00 0.00 0.00 0.00 0.00 0.00 0.00 0.00 0.00 0.00 0.00 0.00 0.00 0.00 0.00 0.00 0.00 0.00 0.00 0.00 0.00 0.07 0.44 0.44 1.10 1.02 1.75 3.65 7.88 10.37 11.17 11.90 12.78 13.21 14.67 15.11 18.18 20.37 20.37 19.05 17.23 17.45 19.27 20.73 20.51 20.66 20.37 18.32 9.56 6.13 5.62 3.29 0.88 0.95 0.44 0.51 0.00 0.00 0.00 0.00 0.00 0.00 0.00 0.00 0.00 0.00 0.00 0.00 0.00 0.00 0.00
0.00 0.00 0.00 0.00 0.00 0.00 0.00 0.00 0.00 0.00 0.00 0.00 0.00 0.00 0.00 0.00 0.00 0.00 0.00 0.00 0.00 0.00 0.00 0.00 0.00 0.00 0.00 0.00 0.00 0.00 0.00 0.00 0.00 0.00 0.00 0.29 0.15 1.24 1.61 2.34 4.16 6.28 10.95 13.07 13.36 16.35 17.30 18.69 21.17 23.07 22.27 22.27 20.88 21.32 21.39 22.63 24.31 23.94 23.21 23.73 20.88 12.05 9.56 6.86 2.99 1.46 1.02 0.66 0.59 1.39 0.00 0.00 0.00 0.00 0.00 0.00 0.00 0.00 0.00 0.00 0.00 0.00 0.00 0.00
0.00 0.00 0.00 0.00 0.00 0.00 0.00 0.00 0.00 0.00 0.00 0.00 0.00 0.00 0.00 0.00 0.00 0.00 0.00 0.00 0.00 0.00 0.00 0.00 0.00 0.00 0.00 0.00 0.00 0.00 0.00 0.00 0.00 0.00 0.00 0.15 1.02 1.17 1.61 2.26 4.60 6.28 10.15 16.72 15.62 19.35 20.00 21.53 22.92 22.19 19.49 19.49 19.86 20.22 19.42 20.81 22.27 24.16 19.42 18.91 18.32 13.94 12.63 10.44 3.94 2.70 2.04 0.00 0.15 0.44 1.10 0.88 0.95 0.29 0.37 0.88 0.88 0.00 0.00 0.00 0.00 0.00 0.00 0.00
0.80 0.80 0.00 0.00 0.00 0.00 0.00 0.00 0.00 0.00 0.00 0.00 0.00 0.00 0.00 0.00 0.00 0.00 0.00 0.00 0.00 0.00 0.00 0.00 0.00 0.00 0.00 0.00 0.00 0.00 0.00 0.00 0.00 0.00 0.00 1.39 0.95 0.66 1.17 3.14 4.53 7.88 9.49 16.06 15.18 16.50 18.83 18.83 16.28 14.45 15.55 15.55 17.23 16.86 17.81 18.83 16.50 14.97 18.61 14.09 12.78 12.92 13.43 9.49 3.50 2.19 1.61 0.80 1.46 1.90 0.37 0.73 1.53 1.97 0.80 1.10 1.10 1.75 1.53 0.51 0.51 0.22 0.00 0.00
0.22 0.22 0.00 0.00 0.00 0.00 0.00 0.00 0.00 0.00 0.00 0.00 0.00 0.00 0.00 0.00 0.00 0.00 0.00 0.00 0.00 0.00 0.00 0.00 0.00 0.00 0.00 0.00 0.22 0.00 0.00 0.00 0.00 0.00 0.00 0.73 2.34 2.77 3.21 3.94 7.01 10.22 12.05 14.67 14.67 14.89 16.06 13.87 11.39 12.05 12.05 12.05 12.78 13.21 14.60 14.75 11.83 10.66 13.94 8.32 8.69 11.53 11.53 9.71 4.45 4.38 4.02 3.07 2.70 2.99 1.39 4.74 2.56 1.68 1.17 0.73 0.73 0.07 0.37 0.73 0.95 0.51 0.80 0.00
