Wansh/Snow_depth/snowdepth-1987/winter/1988042.txt
ncols 321
nrows 161
xllcenter 60
yllcenter 15 
cellsize  0.25 
NODATA_value -1
[rows 0 to 36 of 161, columns 0 to 83 of 321]
11.83 11.83 13.36 15.48 17.01 17.16 16.64 18.10 19.42 20.08 19.27 18.54 18.18 19.13 20.95 21.61 21.02 20.59 20.73 21.32 20.66 20.59 21.24 20.59 20.44 20.37 20.37 19.78 19.71 19.13 18.40 17.08 16.72 17.37 18.32 18.40 18.91 19.05 18.91 19.42 19.49 19.64 19.05 19.27 19.93 20.95 21.10 22.41 23.29 22.27 23.43 23.43 21.46 20.15 20.81 22.27 23.73 24.16 24.38 24.67 23.73 25.70 25.26 24.60 18.61 17.45 16.64 15.18 14.45 15.04 15.04 14.75 14.53 14.31 14.38 13.72 13.72 16.06 16.21 16.64 16.64 17.89 18.76 18.98
15.91 15.91 16.72 17.30 18.47 20.29 20.44 20.29 20.51 21.32 21.32 20.95 21.02 20.66 20.51 20.66 20.66 20.29 19.56 19.49 20.00 20.44 19.64 18.54 17.89 17.81 17.81 17.81 18.25 18.76 18.40 17.81 16.43 16.64 17.96 18.25 18.47 18.76 19.20 19.05 18.69 17.67 17.01 17.01 17.45 18.03 18.69 19.27 19.71 18.47 18.03 18.03 22.19 18.61 17.89 17.89 19.13 19.93 20.22 19.64 19.86 18.69 18.25 17.52 18.25 16.06 14.89 14.45 13.14 13.51 13.65 13.07 13.51 14.60 14.75 15.04 15.04 14.82 16.06 17.30 17.45 18.47 18.91 19.05
17.01 17.01 17.67 18.47 19.86 20.95 20.81 20.81 21.32 20.81 20.44 20.51 21.10 20.29 18.18 16.94 16.06 15.77 15.91 16.50 17.74 17.37 16.57 16.79 16.06 16.06 16.06 16.13 16.72 16.86 17.37 16.28 15.91 16.72 17.23 17.81 18.03 18.18 18.32 18.54 17.96 17.08 16.06 14.60 13.72 14.53 15.18 14.02 14.82 14.82 14.89 14.89 14.45 17.96 16.21 15.70 16.13 15.77 15.77 15.62 15.48 14.82 15.04 15.26 14.97 16.35 15.11 15.11 14.60 14.60 15.04 15.18 15.11 16.35 16.94 17.08 17.08 16.79 16.13 19.71 19.49 18.91 19.27 17.89
17.01 17.01 17.67 18.47 19.86 20.95 20.81 20.81 21.32 20.81 20.44 20.51 21.10 20.29 18.18 16.94 16.06 15.77 15.91 16.50 17.74 17.37 16.57 16.79 16.06 16.06 16.06 16.13 16.72 16.86 17.37 16.28 15.91 16.72 17.23 17.81 18.03 18.18 18.32 18.54 17.96 17.08 16.06 14.60 13.72 14.53 15.18 14.02 14.82 14.82 14.89 14.89 14.45 17.96 16.21 15.70 16.13 15.77 15.77 15.62 15.48 14.82 15.04 15.26 14.97 16.35 15.11 15.11 14.60 14.60 15.04 15.18 15.11 16.35 16.94 17.08 17.08 16.79 16.13 19.71 19.49 18.91 19.27 17.89
16.43 16.43 15.84 16.13 18.54 20.15 20.15 19.78 19.05 18.91 18.03 17.89 17.81 16.64 16.13 14.53 12.85 12.34 12.56 13.87 14.02 14.16 13.94 14.45 14.09 14.16 14.16 14.38 15.04 14.45 14.02 13.94 12.41 11.75 11.24 11.10 12.70 11.97 12.26 12.56 12.78 12.26 11.83 12.48 12.12 11.68 10.15 8.91 9.05 10.37 11.32 11.32 9.86 13.43 13.94 12.78 12.48 12.78 13.07 12.99 13.14 13.58 14.09 13.80 13.87 14.31 14.97 15.26 15.33 15.55 16.21 16.94 17.37 17.96 19.27 19.93 19.93 20.22 21.39 20.37 20.08 18.83 18.32 18.10
14.97 14.97 14.16 13.65 15.91 17.01 17.23 16.13 13.87 13.87 13.07 13.07 12.70 12.48 12.34 11.10 10.07 9.20 9.56 9.56 10.73 11.75 13.29 13.58 12.78 11.68 11.68 10.51 10.66 11.24 11.90 12.19 12.05 11.75 10.37 8.47 7.74 7.74 7.37 7.66 8.54 8.69 8.40 8.32 8.69 8.47 7.30 6.28 7.08 7.88 8.32 8.32 8.25 7.88 8.47 10.80 10.80 11.53 12.19 11.97 11.75 12.05 12.78 13.58 14.09 14.16 14.02 14.89 15.99 15.18 15.18 16.06 16.79 17.67 18.32 18.69 18.69 20.00 20.95 21.32 21.02 19.42 19.35 19.35
13.87 13.87 12.85 12.19 11.68 12.34 14.24 13.07 11.17 9.56 8.61 8.40 9.20 9.34 9.49 10.15 9.86 8.40 7.52 7.52 8.25 9.42 10.22 11.83 12.56 11.90 11.90 10.88 10.66 10.73 11.17 11.53 11.90 11.75 11.32 10.29 9.13 7.96 7.15 6.64 7.30 6.42 6.06 7.15 7.74 7.30 7.52 7.66 6.13 5.99 7.45 7.45 6.86 6.13 7.08 8.10 9.71 11.10 11.83 12.41 12.99 13.07 13.14 12.85 13.14 13.14 12.78 13.21 13.43 12.05 12.63 13.65 13.87 14.24 14.89 15.84 15.84 18.25 19.35 18.98 19.42 19.64 20.95 20.08
13.87 13.87 12.85 12.19 11.68 12.34 14.24 13.07 11.17 9.56 8.61 8.40 9.20 9.34 9.49 10.15 9.86 8.40 7.52 7.52 8.25 9.42 10.22 11.83 12.56 11.90 11.90 10.88 10.66 10.73 11.17 11.53 11.90 11.75 11.32 10.29 9.13 7.96 7.15 6.64 7.30 6.42 6.06 7.15 7.74 7.30 7.52 7.66 6.13 5.99 7.45 7.45 6.86 6.13 7.08 8.10 9.71 11.10 11.83 12.41 12.99 13.07 13.14 12.85 13.14 13.14 12.78 13.21 13.43 12.05 12.63 13.65 13.87 14.24 14.89 15.84 15.84 18.25 19.35 18.98 19.42 19.64 20.95 20.08
12.85 12.85 12.12 10.44 9.27 10.66 11.83 11.61 9.78 8.18 6.64 6.20 6.42 7.30 8.40 9.42 9.20 8.69 8.32 7.88 8.03 8.76 9.42 10.59 11.02 11.53 11.53 11.53 11.61 11.02 10.80 10.22 10.37 10.22 10.37 10.07 9.05 7.66 9.42 9.20 10.00 6.28 7.15 7.59 7.37 7.23 6.64 6.79 7.88 7.59 7.30 7.30 6.64 6.50 6.86 8.10 8.76 9.78 10.95 11.10 11.61 11.61 11.10 10.73 10.29 10.22 10.44 11.24 10.73 11.75 10.00 10.44 11.02 11.24 12.19 14.02 14.02 15.11 14.16 13.58 15.11 16.43 17.67 17.59
11.83 11.83 10.66 8.83 8.83 9.64 10.73 10.51 8.83 7.96 7.74 7.45 7.59 7.81 8.32 8.83 9.13 9.05 8.32 6.72 5.91 6.72 8.40 9.42 10.66 10.59 10.59 9.42 9.71 9.20 8.47 7.96 7.59 7.74 7.23 8.61 8.69 8.83 10.15 10.15 10.07 10.88 7.81 8.69 8.32 7.74 7.74 7.59 8.61 8.91 8.91 8.91 8.47 7.81 8.03 8.40 8.61 8.47 9.49 9.93 10.15 9.49 9.34 8.18 6.94 7.01 7.08 7.01 7.15 7.23 9.64 7.96 8.47 9.27 10.44 11.61 11.61 11.90 11.10 9.78 11.10 12.41 12.85 13.51
12.12 12.12 10.37 9.05 8.61 7.96 8.32 8.54 8.40 7.74 7.88 8.54 8.83 9.05 9.64 8.83 8.25 8.03 7.88 7.66 5.77 5.04 5.48 6.72 7.81 7.96 7.96 7.88 8.40 8.47 8.03 9.27 8.98 8.03 7.88 7.88 8.10 8.47 7.88 8.25 8.69 8.91 9.49 9.78 9.56 8.76 8.69 7.81 7.81 8.18 7.37 7.37 7.15 7.15 7.74 7.30 7.59 7.30 7.96 8.83 9.34 7.66 7.96 7.52 6.64 6.86 5.84 5.55 5.18 5.11 4.89 7.08 7.01 7.74 9.05 9.56 9.56 9.86 10.22 9.78 10.22 10.07 11.32 11.24
12.12 12.12 10.37 9.05 8.61 7.96 8.32 8.54 8.40 7.74 7.88 8.54 8.83 9.05 9.64 8.83 8.25 8.03 7.88 7.66 5.77 5.04 5.48 6.72 7.81 7.96 7.96 7.88 8.40 8.47 8.03 9.27 8.98 8.03 7.88 7.88 8.10 8.47 7.88 8.25 8.69 8.91 9.49 9.78 9.56 8.76 8.69 7.81 7.81 8.18 7.37 7.37 7.15 7.15 7.74 7.30 7.59 7.30 7.96 8.83 9.34 7.66 7.96 7.52 6.64 6.86 5.84 5.55 5.18 5.11 4.89 7.08 7.01 7.74 9.05 9.56 9.56 9.86 10.22 9.78 10.22 10.07 11.32 11.24
11.17 11.17 10.07 8.98 8.32 7.96 6.94 7.81 8.47 8.61 8.03 7.30 6.64 8.25 9.20 8.98 9.13 8.69 8.03 7.15 6.64 6.50 5.84 6.06 6.72 6.94 6.94 6.28 7.52 8.25 9.13 9.49 8.98 8.54 8.54 9.42 8.98 7.88 8.32 9.05 6.94 7.88 10.59 9.27 8.83 9.05 9.20 8.47 7.81 8.03 8.61 8.61 7.37 7.15 6.28 7.15 6.28 6.72 7.15 6.50 7.23 6.86 5.99 5.55 5.99 6.06 5.91 5.11 4.09 4.38 4.89 5.69 5.77 7.01 8.03 9.13 9.13 9.71 10.44 10.73 11.39 11.68 11.32 9.86
12.19 12.19 11.61 10.44 9.27 8.32 8.03 8.32 9.13 9.05 8.83 7.45 6.86 7.15 8.40 9.56 10.37 9.86 9.27 9.20 8.69 7.66 6.94 8.03 8.76 8.32 8.32 8.25 7.96 7.81 7.74 7.96 8.61 8.91 5.33 5.04 4.60 4.23 5.18 6.57 6.57 7.15 9.86 6.50 7.66 7.96 7.52 7.66 7.88 8.76 8.76 8.76 6.64 5.11 4.82 6.28 6.50 6.42 5.77 5.11 5.11 6.06 2.92 3.80 4.74 5.62 5.62 5.62 5.11 5.33 5.48 5.91 5.84 6.35 8.18 9.34 9.34 10.44 11.75 11.83 11.75 10.80 10.51 10.44
12.26 12.26 11.53 10.51 10.22 9.86 9.20 8.91 9.20 10.29 9.42 8.98 8.25 8.32 8.18 9.93 10.37 10.22 10.00 9.64 9.20 8.91 8.18 7.37 7.96 8.03 8.03 7.66 7.59 7.59 7.88 7.96 7.37 7.74 5.69 5.33 4.96 5.91 6.28 5.69 4.67 6.64 6.06 7.81 6.50 7.15 8.10 7.66 8.10 7.96 7.45 7.45 7.23 6.42 5.48 5.40 6.86 6.94 7.15 6.35 5.11 5.26 5.18 4.60 5.04 4.96 5.26 5.18 5.11 5.69 6.13 6.13 6.28 6.94 7.15 9.20 9.20 10.59 11.02 10.66 11.83 12.34 11.10 10.51
12.34 12.34 12.41 12.41 11.97 12.12 11.32 11.39 11.61 11.32 10.59 9.42 8.18 8.03 8.10 9.05 9.56 10.22 10.80 10.80 10.88 10.37 8.98 7.45 6.57 7.15 7.15 6.50 6.50 7.30 7.81 7.81 7.37 6.79 7.52 6.42 5.91 6.20 5.91 5.48 5.91 5.18 5.11 5.55 5.99 7.01 9.20 9.20 9.05 9.93 9.78 9.78 9.13 7.88 7.66 7.15 7.52 8.18 7.74 6.86 6.50 6.79 6.50 5.04 5.18 5.69 5.99 5.48 5.55 5.55 5.99 6.06 6.42 7.37 8.98 9.13 9.13 12.05 12.34 11.90 12.19 11.02 10.44 10.59
12.34 12.34 12.41 12.41 11.97 12.12 11.32 11.39 11.61 11.32 10.59 9.42 8.18 8.03 8.10 9.05 9.56 10.22 10.80 10.80 10.88 10.37 8.98 7.45 6.57 7.15 7.15 6.50 6.50 7.30 7.81 7.81 7.37 6.79 7.52 6.42 5.91 6.20 5.91 5.48 5.91 5.18 5.11 5.55 5.99 7.01 9.20 9.20 9.05 9.93 9.78 9.78 9.13 7.88 7.66 7.15 7.52 8.18 7.74 6.86 6.50 6.79 6.50 5.04 5.18 5.69 5.99 5.48 5.55 5.55 5.99 6.06 6.42 7.37 8.98 9.13 9.13 12.05 12.34 11.90 12.19 11.02 10.44 10.59
11.83 11.83 12.56 13.80 14.02 13.29 12.70 12.26 11.90 11.75 12.05 11.39 11.10 10.88 10.95 10.15 10.80 11.02 10.66 10.29 10.22 9.78 9.49 8.98 8.18 7.59 7.59 7.15 6.50 6.94 7.08 7.15 7.37 7.30 6.57 6.42 7.23 6.57 6.06 6.20 6.06 6.06 5.48 5.55 6.79 7.96 8.98 9.78 9.71 9.20 9.27 9.27 8.83 9.78 8.91 7.96 8.83 9.13 8.25 7.23 6.79 7.30 7.37 7.66 6.20 5.11 4.67 4.89 4.53 4.67 5.55 6.64 7.74 8.91 9.86 10.51 10.51 12.12 12.99 12.34 11.97 10.44 10.29 10.00
13.94 13.94 13.94 14.89 14.97 13.87 13.29 12.78 12.48 12.05 11.61 11.75 12.19 10.88 9.78 9.64 9.64 9.56 8.98 8.32 8.10 8.25 8.54 8.69 9.05 8.03 8.03 6.64 5.55 5.69 6.20 7.45 8.18 7.81 6.64 6.06 8.32 8.40 7.37 6.28 5.69 5.84 6.50 7.30 7.74 8.40 8.61 9.42 9.13 8.76 8.98 8.98 9.34 10.07 11.39 11.32 9.64 10.88 9.71 8.47 7.30 7.88 8.98 8.83 7.23 5.99 4.09 3.50 3.72 4.38 5.33 6.94 7.45 9.42 12.05 12.34 12.34 14.75 12.78 11.75 11.32 10.37 11.17 11.39
15.11 15.11 15.26 15.48 15.18 13.58 12.85 12.70 12.92 13.51 13.51 13.07 13.29 11.46 10.07 9.56 9.64 9.71 9.27 7.88 7.88 7.52 6.94 7.30 7.52 6.94 6.94 6.20 6.35 7.15 7.30 7.59 8.25 7.88 8.32 7.01 8.40 8.32 7.88 7.45 7.15 7.15 7.81 9.34 10.00 9.49 9.42 9.34 9.13 9.34 9.34 9.34 9.78 10.51 11.32 11.97 13.21 11.53 12.56 12.12 10.22 9.71 10.15 10.00 9.78 8.18 7.81 5.33 5.62 6.13 6.86 8.25 7.96 9.42 10.66 11.24 11.24 11.17 13.51 12.48 12.34 12.92 13.51 12.70
14.02 14.02 13.58 13.87 13.51 12.56 12.26 12.26 13.80 14.24 14.38 14.45 13.07 12.34 11.39 9.71 9.13 9.20 9.13 8.03 7.59 8.18 8.40 8.25 7.74 7.74 7.74 6.72 6.28 6.72 11.17 11.24 10.95 11.10 10.88 9.93 9.34 8.47 7.66 8.18 8.03 8.25 9.20 10.15 10.29 10.80 10.88 11.17 10.66 10.37 10.07 10.07 10.73 11.61 12.26 12.26 12.34 14.16 12.41 12.63 11.75 9.93 9.05 8.61 8.61 7.59 8.10 8.61 8.25 7.81 7.96 7.88 7.81 8.32 9.78 11.02 11.02 11.39 11.46 12.78 14.02 13.87 13.51 12.78
12.99 12.99 13.21 13.43 14.02 14.24 14.45 14.89 14.75 14.31 13.80 13.36 12.19 10.88 10.29 9.56 8.83 9.56 9.56 9.49 9.64 9.42 9.64 9.27 9.34 9.27 9.27 9.20 9.05 9.56 11.02 11.24 11.53 11.61 12.56 11.83 10.15 9.13 9.56 9.78 10.15 9.93 9.27 10.59 12.41 13.14 11.97 12.26 13.72 12.92 12.48 12.48 12.99 13.29 14.67 14.89 13.29 11.61 11.24 10.29 10.15 8.91 8.47 7.96 7.45 7.59 8.40 9.13 8.32 7.88 7.01 7.88 8.47 8.76 8.91 9.86 9.86 10.73 11.90 13.21 12.26 12.70 12.56 11.75
12.99 12.99 13.21 13.43 14.02 14.24 14.45 14.89 14.75 14.31 13.80 13.36 12.19 10.88 10.29 9.56 8.83 9.56 9.56 9.49 9.64 9.42 9.64 9.27 9.34 9.27 9.27 9.20 9.05 9.56 11.02 11.24 11.53 11.61 12.56 11.83 10.15 9.13 9.56 9.78 10.15 9.93 9.27 10.59 12.41 13.14 11.97 12.26 13.72 12.92 12.48 12.48 12.99 13.29 14.67 14.89 13.29 11.61 11.24 10.29 10.15 8.91 8.47 7.96 7.45 7.59 8.40 9.13 8.32 7.88 7.01 7.88 8.47 8.76 8.91 9.86 9.86 10.73 11.90 13.21 12.26 12.70 12.56 11.75
12.56 12.56 12.34 13.36 14.24 14.24 14.02 13.43 12.41 11.32 11.46 10.88 10.15 9.78 9.56 9.42 9.27 9.13 9.20 8.40 8.10 8.03 8.61 9.56 9.49 9.05 9.05 9.93 10.80 11.10 11.53 12.70 13.43 14.31 15.26 14.45 13.14 12.19 12.12 13.07 13.80 13.36 14.24 13.87 14.24 15.04 15.70 15.26 15.18 14.38 13.65 13.65 13.29 14.31 16.28 17.23 16.21 14.02 11.10 11.32 10.00 9.56 9.27 8.83 7.81 7.59 8.25 9.05 10.44 8.18 9.93 10.15 10.00 9.71 9.27 9.78 9.78 10.51 11.46 12.19 12.34 13.21 11.68 10.66
11.24 11.24 10.95 11.68 11.24 10.66 11.02 10.29 8.69 7.74 8.47 8.76 8.61 7.88 7.96 7.74 7.15 7.08 7.66 8.25 8.40 8.03 8.61 9.86 11.02 10.44 10.44 9.71 10.51 12.12 13.43 14.82 15.55 15.99 16.43 16.57 16.50 15.48 15.55 16.35 17.23 17.52 17.08 16.79 16.72 15.55 15.33 15.18 15.18 13.94 13.51 13.51 13.43 13.87 14.16 15.40 15.84 15.48 12.05 12.48 11.90 10.95 10.66 11.02 9.86 9.34 9.49 10.44 10.66 10.44 12.56 12.70 11.83 12.12 11.90 11.53 11.53 10.88 10.37 11.53 12.41 13.07 12.85 12.26
6.79 6.79 6.06 5.55 6.13 6.06 6.86 8.32 6.94 5.62 5.33 5.62 5.62 5.99 5.99 5.99 8.03 9.27 8.91 9.56 9.56 8.91 8.69 8.40 8.69 9.42 9.42 9.49 10.00 11.17 13.07 13.94 14.89 16.50 17.52 16.72 16.57 17.01 17.08 17.01 17.01 17.16 17.16 15.48 15.40 14.75 13.80 11.75 10.95 10.66 11.53 11.53 12.12 11.83 12.41 12.70 13.51 14.97 15.62 14.24 14.09 12.63 11.02 10.15 9.34 8.76 9.56 11.53 12.41 11.39 13.87 13.21 13.80 13.58 12.78 12.78 12.78 11.75 10.44 10.66 11.53 13.07 14.75 14.53
6.57 6.57 6.79 5.84 5.99 5.84 7.01 7.74 7.30 6.42 4.45 3.50 3.36 3.65 4.53 6.20 8.40 9.49 9.86 9.93 9.42 8.83 7.96 7.23 7.88 8.76 8.76 9.56 10.80 11.61 12.70 13.65 14.16 15.26 15.84 15.48 15.62 15.77 14.53 13.29 13.51 13.14 12.19 11.90 10.66 9.56 9.27 9.27 9.64 9.13 9.20 9.20 10.37 11.53 12.26 12.41 11.90 12.41 15.33 11.97 11.75 10.07 7.74 6.50 6.72 7.96 10.29 11.32 11.17 11.24 12.56 11.10 10.59 11.02 11.61 12.12 12.12 10.51 10.15 9.42 9.71 11.24 13.14 14.09
5.99 5.99 5.26 5.11 5.33 4.67 4.67 6.50 5.77 4.45 0.00 0.00 0.00 0.00 0.00 4.96 6.86 8.18 9.13 8.91 8.61 7.01 4.89 4.82 5.69 7.81 7.81 9.42 9.71 10.07 10.51 10.88 11.61 12.41 13.43 12.99 13.43 13.72 12.48 10.22 8.69 8.76 9.71 9.20 8.32 7.37 7.88 9.05 8.54 8.83 9.56 9.56 9.78 9.64 10.44 10.51 10.80 10.44 10.22 10.22 7.52 7.37 5.77 5.62 6.06 7.30 9.05 8.83 9.27 9.42 8.54 10.07 8.69 9.05 9.71 10.29 10.29 11.39 11.17 10.15 9.20 11.02 12.78 13.14
5.99 5.99 5.26 5.11 5.33 4.67 4.67 6.50 5.77 4.45 0.00 0.00 0.00 0.00 0.00 4.96 6.86 8.18 9.13 8.91 8.61 7.01 4.89 4.82 5.69 7.81 7.81 9.42 9.71 10.07 10.51 10.88 11.61 12.41 13.43 12.99 13.43 13.72 12.48 10.22 8.69 8.76 9.71 9.20 8.32 7.37 7.88 9.05 8.54 8.83 9.56 9.56 9.78 9.64 10.44 10.51 10.80 10.44 10.22 10.22 7.52 7.37 5.77 5.62 6.06 7.30 9.05 8.83 9.27 9.42 8.54 10.07 8.69 9.05 9.71 10.29 10.29 11.39 11.17 10.15 9.20 11.02 12.78 13.14
0.00 0.00 0.00 0.00 3.72 3.21 0.00 0.00 0.00 0.00 0.00 0.00 0.00 0.00 0.00 4.45 5.18 6.28 7.59 7.74 7.74 6.79 4.38 1.61 0.95 4.45 4.45 6.72 7.96 8.69 8.83 8.25 9.20 10.22 10.51 11.10 11.02 11.10 10.37 9.05 8.61 8.40 8.91 8.91 8.54 7.45 6.28 6.64 10.44 10.66 10.00 10.00 10.15 9.49 9.42 8.40 7.45 7.23 7.96 7.37 4.23 5.40 5.11 5.04 5.69 7.52 8.76 9.05 9.71 8.83 8.91 9.49 9.86 9.93 10.15 10.66 10.66 12.78 12.99 12.05 11.68 11.53 12.26 11.97
0.00 0.00 0.00 0.00 0.00 0.00 0.00 0.00 0.00 0.00 0.00 0.00 0.00 0.00 0.00 0.00 4.45 5.26 5.84 5.55 5.62 5.11 2.34 0.00 0.00 0.00 0.00 1.53 3.87 6.57 7.59 7.74 8.18 9.42 9.78 9.34 9.42 10.00 10.44 9.56 8.76 8.61 8.76 10.00 10.22 9.27 8.76 8.03 8.69 9.13 10.51 10.51 9.49 7.59 6.72 6.94 6.20 5.62 5.69 7.23 3.14 5.18 4.23 4.31 5.26 5.55 7.88 9.71 10.15 9.71 10.22 10.80 11.24 10.44 9.93 10.66 10.66 13.14 13.29 13.65 12.26 10.80 9.78 9.05
0.00 0.00 0.00 0.00 0.00 0.00 0.00 0.00 0.00 0.00 0.00 0.00 0.00 0.00 0.00 0.00 0.00 0.00 0.00 2.99 2.77 2.26 0.00 0.00 0.00 0.00 0.00 0.00 0.22 3.29 5.91 8.03 9.13 9.93 10.95 10.95 9.93 9.78 10.44 10.29 9.34 9.13 8.61 9.42 10.15 10.07 9.05 9.27 9.64 9.20 9.13 9.13 9.05 8.03 6.86 6.13 5.69 6.28 6.20 6.35 4.45 5.69 4.96 4.23 4.31 4.60 6.42 7.15 7.81 8.76 9.49 9.34 10.51 11.17 9.93 10.80 10.80 10.37 10.44 11.39 10.29 10.00 9.27 8.61
0.00 0.00 0.00 0.00 0.00 0.00 0.00 0.00 0.00 0.00 0.00 0.00 0.00 0.00 0.00 0.00 0.00 0.00 0.00 0.00 0.00 0.15 0.00 0.00 0.00 0.00 0.00 0.00 0.00 0.73 4.31 8.47 10.37 10.88 11.17 10.88 10.51 9.49 10.15 10.51 9.93 8.54 8.83 9.49 9.42 9.42 9.27 9.13 9.64 10.51 9.86 9.86 9.27 8.76 7.52 8.03 7.45 6.79 6.50 6.06 6.35 5.48 5.11 3.87 3.65 3.65 5.04 4.96 5.84 6.50 6.20 5.40 6.94 7.08 8.54 5.91 5.91 4.23 5.48 6.20 6.20 7.45 7.23 5.77
0.00 0.00 0.00 0.00 0.00 0.00 0.00 0.00 0.00 0.00 0.00 0.00 0.00 0.00 0.00 0.00 0.00 0.00 0.00 0.00 0.00 0.00 0.00 0.00 0.00 0.00 0.00 0.00 0.22 3.29 7.23 9.71 10.15 9.42 9.27 9.49 8.91 9.34 9.64 9.78 10.29 10.29 9.42 9.20 8.83 9.34 8.40 8.25 9.05 8.83 8.83 8.83 8.18 6.72 6.28 6.06 6.28 4.82 0.00 0.00 5.18 0.00 2.99 2.92 3.72 3.94 3.72 3.21 3.07 3.43 0.00 0.00 0.00 0.00 6.35 0.00 0.00 0.00 3.29 2.12 3.87 3.58 4.02 2.77
0.00 0.00 0.00 0.00 0.00 0.00 0.00 0.00 0.00 0.00 0.00 0.00 0.00 0.00 0.00 0.00 0.00 0.00 0.00 0.00 0.00 0.00 0.00 0.00 0.00 0.00 0.00 0.00 1.02 3.80 6.50 7.66 6.57 6.79 6.94 5.91 5.77 6.64 8.18 9.27 9.27 10.07 9.86 9.34 8.76 8.10 7.45 7.45 8.10 7.52 6.50 6.50 5.84 4.60 3.58 0.00 0.00 0.00 0.00 0.00 3.07 1.83 2.56 3.07 3.80 3.21 2.92 2.04 0.00 0.00 0.00 0.00 0.00 0.00 0.00 0.00 0.00 2.77 3.80 3.87 4.09 3.21 3.43 3.29
0.00 0.00 0.00 0.00 0.00 0.00 0.00 0.00 0.00 0.00 0.00 0.00 0.00 0.00 0.00 0.00 0.00 0.00 0.00 0.00 0.00 0.00 0.00 0.00 0.00 0.00 0.00 0.00 1.02 3.80 6.50 7.66 6.57 6.79 6.94 5.91 5.77 6.64 8.18 9.27 9.27 10.07 9.86 9.34 8.76 8.10 7.45 7.45 8.10 7.52 6.50 6.50 5.84 4.60 3.58 0.00 0.00 0.00 0.00 0.00 3.07 1.83 2.56 3.07 3.80 3.21 2.92 2.04 0.00 0.00 0.00 0.00 0.00 0.00 0.00 0.00 0.00 2.77 3.80 3.87 4.09 3.21 3.43 3.29
0.00 0.00 0.00 0.00 0.00 0.00 0.00 0.00 0.00 0.00 0.00 0.00 0.00 0.00 0.00 0.00 0.00 0.00 0.00 0.00 0.00 0.00 0.00 0.00 0.00 0.00 0.00 0.00 0.00 2.92 5.26 4.31 3.72 4.02 4.23 3.36 3.80 4.53 6.13 8.10 7.23 7.23 6.79 7.15 6.64 6.64 6.28 5.84 5.99 6.86 6.50 6.50 5.18 3.80 0.00 0.00 0.00 0.00 0.00 0.00 3.29 3.14 2.77 2.92 3.80 3.21 1.17 0.00 0.00 0.00 0.00 0.00 0.00 1.53 3.36 3.58 3.58 3.94 5.18 5.33 5.77 6.42 6.28 6.06
