Wansh/Snow_depth/snowdepth-1987/winter/1988036.txt
ncols 321
nrows 161
xllcenter 60
yllcenter 15 
cellsize  0.25 
NODATA_value -1
[rows 74 to 110 of 161, columns 84 to 167 of 321]
0.00 0.00 0.00 0.00 0.00 0.51 0.00 0.80 0.00 0.73 0.00 1.31 1.31 0.00 4.09 1.39 0.00 1.31 1.31 2.85 3.07 2.19 0.00 0.00 0.00 2.56 2.63 0.00 0.00 0.00 0.00 0.00 0.00 0.00 0.00 0.00 1.68 0.00 0.00 0.00 0.00 0.00 0.22 0.22 0.00 0.00 0.80 0.73 1.31 1.17 0.58 0.00 0.00 0.00 0.30 0.00 0.00 0.66 1.83 1.31 0.58 0.37 0.73 0.00 0.00 0.00 0.00 0.00 0.00 2.20 4.40 4.38 0.66 0.00 0.00 0.00 0.00 0.00 0.00 0.00 0.00 0.00 0.00 0.00
0.00 0.00 0.00 0.00 1.97 2.34 2.34 0.00 2.12 1.46 0.00 1.24 0.00 2.34 0.00 0.00 2.12 2.70 2.70 3.07 2.70 3.14 3.21 2.77 0.00 3.65 3.07 0.00 2.19 0.00 0.00 0.00 0.00 0.00 0.00 0.00 0.00 0.00 0.00 0.00 0.00 0.00 0.44 0.44 0.00 0.00 0.22 0.58 0.29 0.22 0.44 0.95 0.95 0.73 1.90 0.00 0.66 2.04 1.31 1.10 1.10 0.80 0.95 0.66 0.00 0.37 0.00 0.00 0.00 3.96 8.18 7.81 2.92 0.22 0.00 0.00 0.00 0.00 0.00 0.00 0.00 0.00 0.00 0.00
0.29 0.00 0.00 2.04 0.80 0.22 0.00 3.65 3.21 3.43 3.43 2.92 2.19 3.07 2.70 2.48 3.29 3.29 3.29 0.00 0.00 0.00 0.00 0.00 0.00 0.00 0.00 2.92 0.00 0.00 0.00 0.00 0.00 0.00 0.00 0.00 0.00 0.00 0.00 0.00 0.00 0.00 0.00 0.00 0.80 0.44 0.00 0.95 0.00 0.00 0.00 1.61 1.10 1.90 1.10 0.66 0.22 1.39 2.56 2.70 2.70 3.72 0.37 0.44 1.24 0.15 0.00 0.66 0.66 4.23 7.66 7.81 5.40 1.75 0.00 0.00 0.00 0.00 0.00 0.00 0.00 0.00 0.00 0.00
0.00 1.75 3.36 1.61 0.58 1.75 0.00 3.29 3.36 3.65 4.53 4.53 4.82 3.43 3.14 3.65 3.50 2.92 2.92 0.00 0.00 0.00 0.00 2.92 3.43 2.99 0.00 0.00 0.00 0.00 0.00 0.00 0.00 0.00 0.00 0.00 0.00 0.00 0.00 0.00 0.00 0.00 0.00 0.00 0.00 0.00 0.00 0.00 0.00 0.00 2.56 0.00 1.02 0.00 0.88 1.10 1.61 1.24 0.07 1.10 2.70 3.72 0.22 0.15 0.00 0.58 0.29 0.88 0.88 3.58 5.55 5.48 2.77 1.24 0.00 0.00 0.00 0.00 0.00 0.00 0.00 0.00 0.00 0.00
1.90 1.61 1.53 0.00 1.17 0.00 0.00 2.63 3.58 3.36 3.58 3.65 4.09 4.09 3.50 4.45 3.94 4.02 4.02 0.00 2.56 3.43 3.14 4.02 3.58 3.21 0.00 3.14 2.56 0.00 0.00 0.00 0.00 0.00 0.00 0.00 0.00 0.00 0.00 0.00 0.00 0.00 0.00 0.00 0.00 0.00 0.00 0.00 0.00 0.00 0.00 0.00 0.00 0.00 2.34 1.39 1.39 1.17 1.68 1.75 1.46 2.19 2.70 1.24 0.66 0.51 1.24 0.95 0.95 1.46 1.75 1.53 1.61 1.97 0.80 0.00 0.00 0.00 0.00 0.00 0.00 0.00 0.00 0.00
2.56 0.00 3.58 0.00 0.00 0.00 0.00 4.31 3.36 2.41 3.14 3.14 3.72 4.53 3.65 4.02 3.72 4.60 4.60 3.65 4.16 3.43 3.21 3.50 3.14 3.29 3.50 4.16 0.00 0.00 0.00 0.00 0.00 0.00 0.00 0.00 0.00 0.00 0.00 0.00 0.00 0.00 0.00 0.00 0.00 0.00 0.00 0.00 0.00 0.00 0.00 0.00 0.00 0.00 0.00 0.00 1.46 1.68 1.90 2.34 1.68 2.70 2.70 1.61 0.15 0.00 0.00 0.00 0.00 0.22 0.66 0.15 1.68 2.19 0.66 0.00 0.00 0.00 0.00 0.00 0.00 0.00 0.00 0.00
0.00 0.00 0.00 0.00 0.00 0.00 2.56 3.21 3.07 3.58 3.50 3.07 2.92 3.50 3.80 3.21 3.43 3.07 3.07 3.87 3.58 3.07 3.21 3.14 3.65 2.99 2.99 3.65 0.00 0.00 2.56 2.26 0.00 0.00 0.00 0.00 0.00 0.00 0.00 0.00 0.00 0.00 0.00 0.00 0.00 0.00 0.00 0.00 0.00 0.00 0.00 0.00 0.00 0.00 0.00 0.00 1.83 0.80 1.46 1.39 1.75 2.26 2.34 1.46 0.00 0.00 0.00 0.00 0.00 0.00 0.00 1.10 4.16 4.53 3.65 1.17 0.00 0.00 0.00 0.00 0.00 0.00 0.00 0.00
0.00 0.00 0.00 0.00 0.00 0.00 0.00 0.00 0.00 2.63 3.72 3.65 3.65 2.77 2.99 2.92 3.14 3.80 3.80 2.77 2.19 0.00 1.90 1.97 1.97 2.26 2.70 2.99 0.00 2.56 3.21 0.00 0.00 0.00 0.00 0.00 0.00 0.00 0.00 0.00 0.00 0.00 0.00 0.00 0.00 0.00 0.00 0.00 0.00 0.00 0.00 0.00 0.00 0.00 0.00 1.97 2.19 1.75 2.19 1.83 2.41 2.77 2.26 1.75 0.07 0.00 0.00 0.00 0.00 0.00 0.00 2.63 5.55 5.55 4.67 1.03 0.00 0.00 0.38 0.00 0.15 0.00 0.00 0.00
0.58 1.10 0.00 0.00 0.00 0.00 0.00 0.00 0.00 0.00 3.36 3.65 0.00 3.65 3.50 4.02 4.23 2.63 2.63 2.34 0.00 0.00 0.00 0.00 2.26 2.56 3.14 2.99 0.00 2.26 0.00 0.00 0.00 0.00 0.00 0.00 0.00 0.00 0.00 0.00 0.00 0.00 0.00 0.00 0.00 0.00 0.00 0.00 0.00 0.00 0.00 0.00 2.77 2.04 2.41 0.66 2.63 2.99 2.77 2.99 3.14 3.07 2.26 1.90 1.46 1.31 0.29 0.00 0.00 1.17 0.73 2.56 3.65 4.38 3.21 0.73 0.00 0.29 0.37 0.00 0.58 0.00 0.00 0.00
0.73 1.61 3.36 0.00 0.00 0.00 0.00 0.00 0.00 0.00 0.00 0.00 0.00 4.09 0.00 4.60 5.18 4.31 4.31 3.29 0.00 0.00 2.63 2.77 2.48 2.70 2.92 2.85 2.19 2.04 0.00 0.00 0.00 0.00 0.00 0.00 0.00 0.00 0.00 0.00 0.00 0.00 0.00 0.00 0.00 0.00 0.00 0.00 0.00 0.00 0.00 2.70 3.43 3.50 3.36 2.26 3.80 3.80 4.31 4.96 4.74 4.53 3.50 3.21 3.07 3.80 3.21 1.02 1.02 1.46 1.39 0.58 1.10 1.61 1.02 0.44 0.07 0.22 0.66 0.22 0.37 0.73 0.00 0.00
0.00 2.92 3.72 4.67 4.16 0.00 0.00 0.00 3.87 2.92 3.50 0.00 0.00 0.00 3.43 5.04 5.18 5.04 5.04 4.38 4.53 5.33 5.84 4.31 3.65 4.38 3.65 2.92 2.99 0.00 2.34 0.00 2.26 0.00 2.26 0.00 2.26 3.14 3.65 3.14 0.00 2.99 2.56 2.56 0.00 0.00 0.00 0.00 0.00 0.00 3.50 4.09 5.33 7.37 7.66 6.13 5.04 5.04 5.18 5.33 5.69 6.57 6.20 5.62 6.06 5.69 4.96 2.63 2.63 1.68 1.39 1.02 1.39 0.88 0.80 0.88 0.07 0.00 0.80 0.80 0.66 0.00 0.37 0.00
0.00 0.00 3.07 2.99 0.00 0.00 3.29 4.09 4.45 4.23 3.87 2.92 2.48 3.07 4.02 5.11 5.62 4.89 4.89 4.09 5.99 7.59 7.88 5.84 4.67 5.40 5.40 4.82 3.80 2.85 3.21 2.56 5.04 3.43 2.63 0.00 2.41 4.38 4.82 2.70 3.07 3.43 2.34 2.34 1.17 0.00 0.00 0.00 2.19 2.70 4.16 6.20 8.91 12.78 12.85 11.24 7.59 6.35 7.88 9.20 8.36 8.19 6.77 7.01 7.52 6.57 4.16 2.12 2.12 2.48 2.04 1.61 1.46 0.44 0.58 0.07 0.00 0.22 0.51 1.02 0.66 0.15 0.00 0.00
1.97 2.41 3.65 5.91 7.45 6.06 6.28 6.86 6.86 6.57 5.11 8.98 8.83 8.98 7.01 6.64 7.88 7.30 7.30 6.72 4.38 6.79 7.15 5.26 4.96 6.20 6.72 7.15 7.88 7.37 7.52 4.89 6.72 3.80 2.85 0.00 0.00 0.00 4.16 6.28 6.72 4.16 3.07 3.07 2.34 1.68 1.90 2.56 1.97 0.95 1.68 3.29 5.77 6.72 7.15 9.27 12.70 14.60 15.18 13.21 10.66 5.77 2.98 3.36 3.87 2.63 1.31 0.58 0.58 0.95 1.83 2.56 3.58 2.99 1.17 0.73 0.00 0.51 0.80 0.73 0.37 1.02 0.00 0.00
1.46 2.92 3.50 7.08 10.22 10.22 8.91 8.32 9.42 10.00 10.15 10.59 13.36 13.94 12.48 9.49 9.93 11.83 11.83 10.59 6.57 8.32 9.93 6.57 4.89 7.15 9.13 8.54 8.03 8.03 6.28 3.14 4.16 3.14 2.41 0.00 0.00 2.99 3.80 5.40 5.77 4.31 3.50 3.50 3.29 1.61 1.68 1.53 1.10 1.10 2.34 2.26 1.75 2.34 2.99 4.82 7.96 11.53 11.90 10.59 8.83 4.38 2.92 2.41 2.67 2.77 2.19 0.66 0.66 0.51 1.17 2.56 2.99 2.92 2.41 1.39 0.95 1.61 0.66 0.58 0.66 0.95 0.00 0.00
1.83 1.90 0.00 4.74 8.47 9.42 9.64 9.78 9.86 11.24 10.44 11.24 12.85 12.48 12.34 9.56 11.61 12.85 12.85 13.21 11.90 11.02 9.49 6.57 7.08 9.93 11.10 8.76 6.50 5.55 2.70 0.00 0.00 3.50 3.72 2.77 3.07 3.29 0.00 3.50 3.07 2.85 3.07 3.07 3.87 4.31 3.50 3.36 2.48 0.95 1.53 2.34 1.68 0.66 1.83 2.77 4.02 6.86 7.23 7.88 5.40 3.29 3.36 4.67 4.87 6.03 4.45 3.58 3.58 1.97 0.80 1.83 2.34 2.92 2.99 1.61 1.46 1.68 1.39 1.24 1.83 1.31 1.61 0.00
2.77 2.56 2.85 2.77 0.00 5.04 6.42 7.52 7.15 8.10 9.42 10.37 11.10 10.73 10.37 10.44 11.10 11.17 11.17 11.17 10.95 11.53 7.74 5.84 7.37 8.69 7.52 4.31 3.14 0.00 0.00 0.00 2.19 3.58 3.29 3.50 2.63 0.00 0.00 0.00 0.00 0.00 2.63 2.63 2.77 3.87 2.92 4.02 2.99 2.70 2.56 1.97 1.68 1.97 2.41 3.14 4.23 4.82 5.85 5.01 3.80 3.21 3.65 5.18 6.67 9.78 7.99 5.91 5.91 3.65 2.04 1.68 1.90 2.63 2.77 1.83 1.61 1.53 1.68 1.07 2.23 2.11 1.91 0.00
2.77 3.14 2.56 0.00 0.00 0.00 0.00 3.65 3.14 3.80 5.55 6.86 7.59 7.37 5.91 8.25 8.69 7.37 7.37 7.37 6.42 8.10 4.60 5.04 3.94 4.45 2.70 0.00 0.00 0.00 0.00 0.00 0.00 3.87 2.99 3.29 2.56 0.00 0.00 0.00 0.00 0.00 0.00 0.00 2.04 2.56 3.29 2.26 2.19 2.63 2.04 2.26 3.50 4.67 4.09 4.38 5.48 5.11 3.36 4.09 3.39 2.77 2.65 4.31 6.64 8.83 10.05 8.89 8.61 6.31 3.14 2.77 2.92 3.29 2.34 2.04 1.53 1.31 1.68 1.45 1.49 0.00 0.00 0.00
2.26 2.19 2.41 1.97 0.00 0.00 0.00 1.17 0.80 0.00 0.00 0.00 4.23 2.99 0.00 5.04 4.60 4.82 4.82 5.04 4.02 4.23 3.80 0.00 0.00 0.00 0.00 0.00 0.00 0.00 0.00 0.00 0.00 0.00 2.34 0.00 0.00 0.00 0.00 0.00 0.00 0.00 0.00 0.00 0.00 0.07 0.95 1.02 1.24 1.68 1.90 2.92 4.74 6.13 5.99 6.79 8.32 8.03 3.47 5.31 2.99 2.48 3.05 3.80 4.79 7.52 7.37 7.52 7.56 6.35 3.82 4.60 5.69 5.55 3.67 2.41 1.31 1.17 1.76 1.49 1.31 2.12 0.00 0.00
1.53 1.02 1.46 1.53 0.00 0.00 1.53 0.00 0.00 0.00 0.66 1.17 0.00 0.00 0.00 0.00 0.00 2.92 2.92 3.21 2.56 2.70 0.00 0.00 0.00 0.00 0.00 0.00 0.00 0.00 0.00 0.00 0.00 0.00 0.00 0.00 0.00 0.00 0.00 0.00 0.00 0.00 0.00 0.00 0.00 0.00 0.07 0.15 0.66 1.39 1.90 2.48 4.31 5.33 6.86 9.27 11.61 12.56 11.53 8.83 4.28 2.83 2.94 2.19 5.26 8.57 8.16 6.28 6.28 5.20 4.35 5.96 8.29 8.00 5.80 4.28 2.85 1.93 1.66 1.19 1.89 2.26 0.00 0.00
2.41 1.02 0.66 0.95 0.00 0.00 0.00 0.00 0.00 0.00 0.37 0.00 0.00 0.00 0.00 0.00 0.00 0.00 0.00 0.00 0.00 0.00 0.00 0.00 0.00 0.00 0.00 0.00 0.00 0.00 0.00 0.00 0.00 0.00 0.00 0.00 0.00 0.00 0.00 0.00 0.00 0.00 0.00 0.00 0.00 0.22 0.37 0.00 1.17 2.48 2.77 2.85 3.80 5.26 6.94 11.10 14.38 14.67 13.07 11.61 9.42 7.62 5.27 2.77 5.94 8.54 9.10 6.86 6.86 5.09 5.27 7.11 8.08 9.17 8.75 6.82 5.69 4.37 3.45 1.51 1.91 2.42 2.86 0.00
4.89 3.14 0.95 1.10 0.88 1.31 0.00 0.00 0.00 0.00 0.00 0.00 0.00 0.00 0.00 0.00 0.00 0.88 0.88 0.00 0.00 0.00 0.00 0.00 0.00 0.00 0.00 0.00 0.00 0.00 0.00 0.00 0.00 0.00 0.00 0.00 0.00 0.00 0.00 0.00 0.00 0.00 0.88 0.88 0.51 0.58 0.37 1.46 1.39 3.43 4.23 4.60 4.69 5.79 8.03 11.34 13.47 13.87 14.16 14.89 14.24 10.49 6.99 6.45 7.06 10.32 11.74 7.30 7.34 5.44 7.63 7.62 9.20 10.50 11.74 10.95 9.16 7.11 4.76 2.90 2.77 3.69 3.87 0.00
6.28 5.04 3.94 4.09 4.16 2.34 2.41 2.12 0.00 0.00 0.00 0.00 0.00 0.00 0.00 0.00 0.00 0.00 0.00 0.00 0.00 0.00 0.00 0.00 0.00 0.00 0.00 0.00 0.00 0.00 0.00 0.00 0.00 0.00 0.00 0.00 0.00 0.00 0.00 0.00 0.00 0.00 0.00 0.00 0.00 0.15 0.51 1.68 1.24 4.09 5.26 6.20 6.13 7.11 8.95 10.69 13.31 13.87 14.82 16.30 16.95 13.87 12.00 6.52 5.79 8.27 11.31 6.68 6.68 4.57 6.51 5.84 8.13 11.58 13.06 12.77 10.21 6.14 4.34 3.33 2.55 4.99 4.66 0.00
7.08 3.94 4.82 7.08 6.72 5.84 4.60 2.99 2.99 0.00 1.10 0.00 0.00 0.00 0.00 0.00 0.00 0.00 0.00 0.00 0.00 0.00 0.00 0.00 0.00 0.00 0.00 0.00 0.00 0.00 0.00 0.00 0.00 0.00 0.00 0.00 0.00 0.00 0.00 0.00 0.00 0.58 1.24 1.24 0.37 0.00 0.95 1.10 1.68 4.09 6.57 7.66 8.69 9.83 11.47 13.55 12.28 12.99 15.64 16.20 17.05 14.37 13.92 10.51 6.32 6.19 7.83 5.41 5.33 3.48 5.04 5.05 7.35 7.58 14.97 14.82 11.34 4.76 4.84 3.83 2.71 4.36 4.65 0.00
7.30 0.00 0.00 5.69 7.23 7.45 7.30 9.34 7.96 3.50 2.77 1.83 0.29 0.88 0.00 0.00 0.00 0.00 0.00 0.00 0.00 0.00 0.00 0.00 0.00 0.00 0.00 0.88 0.73 0.00 0.00 0.00 0.00 0.73 1.02 0.73 0.00 0.00 0.00 0.00 0.00 1.83 1.46 1.46 0.88 0.37 0.88 1.39 2.70 4.87 6.85 10.23 12.38 15.40 14.38 12.99 13.21 13.36 15.14 13.61 14.01 11.45 13.45 10.00 6.00 3.25 4.00 3.54 3.45 2.34 1.97 3.20 5.26 7.83 14.75 14.16 9.94 4.11 4.25 2.91 3.39 4.16 3.84 0.00
14.16 12.99 9.13 9.64 9.56 13.80 20.15 22.27 20.95 15.40 12.34 9.20 6.20 3.87 1.53 0.51 1.17 0.00 0.00 1.83 1.31 1.02 0.00 0.80 0.00 0.44 0.58 1.24 0.51 0.88 1.17 0.15 0.00 0.95 1.24 1.31 0.66 3.87 3.43 1.97 0.95 0.29 0.51 0.51 1.02 1.68 0.73 1.02 1.46 3.87 10.61 14.68 14.26 12.74 10.82 9.00 11.57 12.67 13.27 13.72 14.82 12.78 9.65 5.49 2.19 2.13 2.54 2.02 1.99 0.66 0.37 0.38 1.27 5.50 7.04 5.11 2.35 0.74 0.83 0.00 0.27 0.92 1.79 4.53
12.26 13.07 12.12 12.70 12.70 16.79 21.24 24.38 22.41 15.84 11.61 8.83 7.37 5.18 2.56 1.83 1.24 1.31 1.31 1.61 1.31 1.46 1.53 1.53 1.17 0.15 0.00 0.29 0.66 0.88 1.10 0.37 0.22 0.80 1.02 1.53 2.34 4.82 1.83 0.44 0.00 0.00 0.00 0.00 0.00 1.31 0.51 0.58 1.35 3.35 10.01 11.01 10.56 10.93 11.93 9.70 8.76 8.21 11.25 13.81 14.82 15.43 13.53 6.32 2.19 2.12 2.93 2.16 2.13 1.02 0.00 0.00 0.62 3.97 5.28 4.82 1.99 0.00 0.08 0.00 0.00 0.00 1.12 3.19
6.64 11.53 11.02 8.10 10.15 13.87 16.79 19.86 21.39 16.72 9.71 6.57 4.96 4.82 3.94 2.56 2.70 1.17 1.17 1.97 1.02 2.26 1.90 1.10 1.39 0.07 0.00 0.00 0.07 0.95 1.10 0.44 0.00 0.44 1.10 0.88 2.92 4.53 0.15 0.00 0.00 0.00 0.00 0.00 0.29 0.22 0.00 0.81 2.51 6.74 7.17 9.76 11.36 11.89 12.08 9.80 8.24 7.96 9.64 12.28 14.68 16.24 13.58 8.98 6.13 4.02 2.68 3.59 4.00 3.85 1.27 0.09 0.53 2.35 5.84 5.01 2.34 1.53 0.37 0.00 0.00 0.32 1.95 3.89
0.00 5.04 6.79 0.00 0.00 8.91 11.24 13.50 15.55 15.70 9.20 4.67 0.00 0.00 2.48 2.92 2.26 1.53 1.53 2.41 2.77 2.70 2.12 1.83 1.61 0.00 0.00 0.00 0.44 1.10 0.66 0.00 0.00 0.00 0.07 0.66 1.83 3.21 0.22 0.00 0.00 0.00 0.00 0.00 0.00 0.00 0.44 2.20 3.58 7.14 6.65 10.10 13.32 13.82 10.81 8.12 7.05 6.68 6.30 9.19 12.37 15.08 16.43 11.10 9.78 6.88 4.73 4.47 4.31 3.73 0.86 0.94 0.47 1.00 4.59 5.09 2.59 0.61 0.00 0.16 0.00 1.26 3.02 4.71
0.00 0.00 0.00 0.00 0.00 4.96 9.56 12.48 14.31 12.92 10.73 5.40 2.41 0.00 0.00 1.10 1.02 2.85 2.85 2.99 2.85 2.26 1.68 1.90 1.02 0.00 0.00 0.00 0.00 0.22 0.00 0.00 0.00 0.00 0.00 0.15 0.73 0.00 0.00 0.00 0.00 0.00 0.00 0.00 0.00 0.00 0.66 1.61 3.21 5.91 6.60 10.09 10.85 10.48 8.76 8.41 6.89 6.14 8.94 10.68 10.59 12.28 14.60 15.30 13.94 9.93 8.12 5.11 5.14 5.21 3.55 0.89 0.45 0.00 0.00 2.70 1.49 0.59 0.15 0.00 0.41 2.88 4.69 5.60
0.00 0.00 0.00 0.00 0.00 0.00 7.30 11.39 15.33 12.56 9.05 5.55 4.67 3.14 0.00 0.00 0.00 1.75 1.75 4.67 3.72 2.04 2.63 0.95 0.00 0.00 0.00 0.00 0.00 0.00 0.00 0.00 0.00 0.00 0.00 0.00 0.00 0.00 0.00 0.00 0.00 0.00 0.00 0.00 0.00 0.00 0.95 1.17 1.93 4.14 6.17 7.17 10.08 9.57 7.50 8.22 8.53 0.00 6.72 9.13 11.13 13.87 13.31 14.07 14.97 14.68 10.29 6.20 7.25 5.71 5.47 4.12 1.44 0.44 0.00 0.83 1.38 1.17 0.47 0.00 0.61 3.84 4.22 4.97
0.00 0.00 0.00 0.00 0.00 0.00 0.00 7.52 10.37 11.97 9.34 7.52 6.72 8.32 9.56 8.98 8.61 10.66 10.66 3.65 8.69 7.15 5.99 2.19 0.66 0.44 0.00 0.00 0.00 0.00 0.00 0.00 0.00 0.00 0.00 0.00 0.00 0.00 0.00 0.00 0.00 0.00 0.00 0.00 0.00 0.00 0.00 0.00 1.43 2.34 3.83 5.75 6.87 8.92 8.50 0.00 0.00 0.00 0.00 0.00 12.50 11.98 14.05 15.73 14.26 14.19 14.97 9.84 11.02 8.10 7.12 4.43 3.17 1.15 0.94 0.94 0.17 1.46 0.00 0.10 0.00 3.35 4.74 3.69
0.00 0.00 0.00 0.00 0.00 0.00 0.00 0.00 5.55 8.47 7.37 8.91 8.83 11.39 16.43 18.53 18.36 18.91 18.91 8.83 17.96 14.82 9.05 4.23 2.12 0.66 0.73 0.37 0.00 0.00 0.00 0.00 0.00 0.00 0.00 0.00 0.00 0.00 0.00 0.00 0.00 0.00 0.00 0.00 0.00 0.00 0.00 0.00 0.54 3.33 5.62 4.15 9.03 0.00 0.00 0.00 0.00 0.00 0.00 0.00 0.00 16.50 13.64 13.71 14.91 15.45 17.99 11.16 11.40 9.24 7.81 4.33 4.22 1.27 0.26 0.99 0.00 0.69 0.00 0.00 0.00 0.00 0.00 0.00
0.00 0.00 0.00 0.00 0.00 0.00 0.00 0.00 0.00 3.29 3.21 5.40 6.79 11.83 9.49 14.53 14.38 16.54 15.43 20.59 23.21 20.73 13.65 8.32 2.41 1.17 2.92 0.00 0.00 0.00 0.00 0.00 0.00 0.66 0.00 0.51 0.44 0.00 0.00 0.00 0.66 0.15 0.00 0.00 0.00 0.00 0.00 0.00 1.62 5.38 7.70 8.70 0.00 0.00 0.00 0.00 0.00 0.00 0.00 0.00 0.00 12.10 13.23 10.52 13.65 14.17 14.60 14.29 17.46 11.56 6.30 5.26 5.32 1.67 0.49 0.64 0.24 0.19 0.00 0.00 0.00 0.00 0.00 0.00
0.00 0.00 0.00 0.00 0.00 0.00 0.00 0.00 0.00 0.00 0.00 0.00 0.00 0.00 0.00 0.00 0.00 3.67 3.73 6.20 14.38 16.64 15.26 12.12 8.83 9.86 11.68 9.71 6.50 5.55 4.45 6.50 5.84 4.67 1.97 3.50 6.50 7.01 4.96 0.00 4.06 3.47 2.92 2.92 2.70 0.51 0.15 1.25 4.11 0.00 0.00 0.00 0.00 0.00 0.00 0.00 0.00 0.00 0.00 0.00 0.00 0.00 0.00 0.00 10.80 12.06 7.11 9.32 10.42 10.25 9.20 5.39 0.00 0.00 0.00 0.00 0.00 2.28 0.00 0.00 0.00 0.00 0.00 0.00
0.00 0.00 0.00 0.00 0.00 0.00 0.00 0.00 0.00 0.00 0.00 0.00 0.00 0.00 0.00 0.00 0.00 0.00 0.00 0.00 5.65 9.83 11.68 13.07 11.61 10.41 12.80 13.65 13.80 9.78 9.56 10.22 12.26 7.96 4.53 4.60 5.26 6.94 5.26 4.96 4.61 5.72 5.62 6.28 3.21 1.53 2.56 3.82 3.26 0.00 0.00 0.00 0.00 0.00 0.00 0.00 0.00 0.00 0.00 0.00 0.00 0.00 0.00 0.00 0.00 0.00 0.00 0.00 0.00 0.00 0.00 0.00 0.00 0.00 0.00 0.00 0.00 0.00 0.00 0.00 0.00 0.00 0.00 0.00
0.00 0.00 0.00 0.00 0.00 0.00 0.00 0.00 0.00 0.00 0.00 0.00 0.00 0.00 0.00 0.00 0.00 0.00 0.00 0.00 0.95 0.00 5.48 6.50 8.03 5.21 7.52 10.00 13.58 8.76 7.15 12.92 12.23 6.79 2.85 0.76 3.29 5.69 3.80 2.92 3.69 2.85 1.89 2.40 2.42 3.07 2.71 4.91 0.00 0.00 0.00 0.00 0.00 0.00 0.00 0.00 0.00 0.00 0.00 0.00 0.00 0.00 0.00 0.00 0.00 0.00 0.00 0.00 0.00 0.00 0.00 0.00 0.00 0.00 0.00 0.00 0.00 0.00 0.00 0.00 0.00 0.00 0.00 0.00
0.00 0.00 0.00 0.00 0.00 0.00 0.00 0.00 0.00 0.00 0.00 0.00 0.00 0.00 0.00 0.00 0.00 0.00 0.00 0.00 0.00 0.00 0.00 3.94 4.31 0.00 0.00 4.45 8.61 5.48 0.00 6.47 8.96 4.02 0.00 0.00 0.00 0.00 0.00 0.00 0.00 0.00 0.00 0.00 0.00 0.00 0.00 0.00 0.00 0.00 0.00 0.00 0.00 0.00 0.00 0.00 0.00 0.00 0.00 0.00 0.00 0.00 0.00 0.00 0.00 0.00 0.00 0.00 0.00 0.00 0.00 0.00 0.00 0.00 0.00 0.00 0.00 0.00 0.00 0.00 0.00 0.00 0.00 0.00
