Wansh/Snow_depth/snowdepth-1987/winter/1988016.txt
ncols 321
nrows 161
xllcenter 60
yllcenter 15 
cellsize  0.25 
NODATA_value -1
[rows 0 to 36 of 161, columns 168 to 251 of 321]
8.40 7.45 5.99 5.55 5.33 4.96 5.18 6.06 6.06 6.06 6.13 6.13 6.57 6.79 6.79 6.35 6.86 7.45 8.69 10.73 10.80 9.71 8.91 8.18 7.96 7.45 4.96 0.00 0.00 0.00 0.00 0.00 7.74 12.63 13.72 13.72 12.63 12.56 13.87 14.53 13.21 11.97 11.75 12.48 14.82 16.57 18.10 19.05 19.93 19.78 17.59 15.70 15.04 15.77 16.28 19.78 23.58 27.08 27.23 27.08 27.08 26.65 26.65 27.16 28.25 28.76 28.32 26.13 22.70 20.73 18.69 17.89 18.18 18.47 18.03 19.13 20.59 21.90 22.05 22.56 20.59 20.15 21.32 22.63
11.39 9.56 7.96 6.79 5.91 5.18 4.53 4.74 5.26 5.26 6.42 6.72 7.37 7.74 6.64 6.20 6.86 7.15 8.47 10.73 10.88 9.42 8.76 8.61 7.45 6.35 0.00 0.00 0.00 0.00 0.00 2.26 9.20 12.12 11.90 11.90 12.48 12.92 15.62 16.94 17.23 16.72 15.55 16.13 18.10 18.98 18.32 17.45 17.08 17.45 17.52 17.59 17.89 18.69 18.76 19.27 21.97 25.55 27.45 27.96 27.96 26.21 25.84 26.72 28.03 28.47 28.47 26.94 25.11 23.58 22.63 21.39 20.73 20.73 20.44 21.24 22.12 22.48 22.48 21.68 20.37 18.76 17.37 21.39
15.33 12.78 10.66 9.78 8.18 6.86 6.13 5.40 5.33 5.33 6.57 7.01 5.91 6.13 6.28 7.01 8.40 9.49 10.07 10.80 10.80 9.56 8.76 8.47 7.30 0.73 0.00 0.00 0.00 0.00 0.00 1.97 8.03 9.64 10.29 10.29 11.90 15.26 17.45 18.76 18.25 17.52 17.30 16.57 16.43 17.08 17.89 18.18 17.45 17.16 17.16 17.89 18.76 20.37 21.39 21.02 21.24 23.00 24.45 25.04 25.04 26.50 26.35 26.06 26.28 27.45 27.45 27.59 27.01 25.33 24.45 23.94 21.24 20.29 19.64 19.05 18.61 19.05 19.56 19.27 18.91 18.03 16.94 15.99
15.33 12.78 10.66 9.78 8.18 6.86 6.13 5.40 5.33 5.33 6.57 7.01 5.91 6.13 6.28 7.01 8.40 9.49 10.07 10.80 10.80 9.56 8.76 8.47 7.30 0.73 0.00 0.00 0.00 0.00 0.00 1.97 8.03 9.64 10.29 10.29 11.90 15.26 17.45 18.76 18.25 17.52 17.30 16.57 16.43 17.08 17.89 18.18 17.45 17.16 17.16 17.89 18.76 20.37 21.39 21.02 21.24 23.00 24.45 25.04 25.04 26.50 26.35 26.06 26.28 27.45 27.45 27.59 27.01 25.33 24.45 23.94 21.24 20.29 19.64 19.05 18.61 19.05 19.56 19.27 18.91 18.03 16.94 15.99
15.99 15.04 14.16 12.56 10.51 9.78 8.61 7.74 6.42 6.42 6.72 7.15 7.23 8.18 8.69 10.00 11.90 12.78 12.41 10.88 9.20 8.18 6.79 3.21 0.00 0.00 0.00 0.00 0.00 0.00 0.00 5.55 6.94 7.66 9.20 9.20 12.05 13.07 15.48 17.30 17.96 17.16 16.13 15.18 14.89 15.33 17.23 18.32 18.98 19.13 19.49 19.78 19.35 18.83 18.98 19.93 20.73 21.17 22.41 23.58 23.58 25.19 25.99 26.50 25.92 25.48 25.26 24.24 24.60 24.60 22.85 20.81 20.59 20.00 18.25 17.37 17.96 17.96 18.76 19.35 19.13 18.76 18.18 18.10
17.08 17.30 15.99 14.02 12.34 10.29 10.51 11.46 9.86 9.86 9.34 9.49 11.46 12.12 11.83 12.26 12.19 12.05 10.37 8.61 6.50 5.40 0.95 0.00 0.00 0.00 0.00 0.00 0.00 1.24 5.84 7.59 8.25 8.98 11.39 11.39 12.63 13.14 13.14 14.53 16.13 15.77 15.70 15.33 14.97 15.40 16.43 16.86 17.30 18.98 19.71 20.29 20.08 19.71 19.56 19.78 19.56 19.05 19.42 20.29 20.29 22.78 24.89 26.28 23.94 21.90 19.49 18.98 19.20 19.71 20.00 18.76 17.52 17.30 17.52 16.79 16.79 17.74 18.03 18.91 19.27 18.98 19.64 19.42
15.18 18.25 18.98 18.18 16.50 15.04 14.02 15.26 15.55 15.55 14.31 11.97 11.97 12.99 12.63 13.43 13.80 10.80 8.91 5.40 1.17 0.00 0.00 0.00 0.00 0.00 0.00 0.00 2.41 5.33 7.74 8.91 9.93 12.48 14.82 14.82 16.06 15.04 11.17 10.29 11.32 12.78 14.09 14.24 15.33 17.52 18.61 19.35 19.71 20.44 20.95 20.22 19.64 18.40 17.96 17.96 17.59 17.67 18.32 20.00 20.00 21.10 21.17 21.17 20.81 18.69 17.23 16.28 15.48 14.82 14.45 14.97 14.60 14.24 13.94 12.85 13.14 13.80 15.48 17.57 21.01 22.52 21.58 23.66
15.18 18.25 18.98 18.18 16.50 15.04 14.02 15.26 15.55 15.55 14.31 11.97 11.97 12.99 12.63 13.43 13.80 10.80 8.91 5.40 1.17 0.00 0.00 0.00 0.00 0.00 0.00 0.00 2.41 5.33 7.74 8.91 9.93 12.48 14.82 14.82 16.06 15.04 11.17 10.29 11.32 12.78 14.09 14.24 15.33 17.52 18.61 19.35 19.71 20.44 20.95 20.22 19.64 18.40 17.96 17.96 17.59 17.67 18.32 20.00 20.00 21.10 21.17 21.17 20.81 18.69 17.23 16.28 15.48 14.82 14.45 14.97 14.60 14.24 13.94 14.85 18.12 19.85 21.20 29.85 34.69 29.97 27.77 24.55
13.65 14.16 18.91 19.71 17.96 16.21 14.97 14.75 14.97 14.97 13.87 12.19 12.63 12.85 13.51 13.65 11.02 7.52 2.12 0.00 0.00 0.00 0.00 0.00 0.00 0.00 0.00 3.87 5.48 5.91 7.01 9.86 11.32 13.36 15.99 15.99 16.64 14.16 9.86 8.10 9.56 11.90 13.36 14.75 16.57 19.13 20.88 21.32 21.53 22.41 22.78 22.12 19.64 17.89 15.84 15.40 15.84 16.06 16.86 19.05 19.05 20.44 21.32 18.91 16.79 14.82 13.94 12.92 12.19 12.34 12.85 13.14 12.63 12.34 15.82 18.61 19.99 18.14 16.86 23.20 22.22 21.94 22.86 24.69
7.08 10.66 12.41 15.70 15.48 15.11 14.89 13.72 13.43 13.43 13.72 13.72 13.21 12.19 11.10 9.05 4.09 0.00 0.00 0.00 0.00 0.00 0.00 0.00 0.00 3.14 5.04 5.91 7.01 7.74 8.54 9.34 10.51 11.61 13.80 13.80 14.24 12.48 9.86 9.93 11.39 13.65 14.02 14.97 15.91 16.21 18.18 19.78 19.78 19.13 18.61 18.10 17.01 15.55 14.67 14.53 14.82 15.33 15.40 15.26 15.26 15.55 15.04 14.75 12.48 11.53 11.17 11.39 11.10 11.02 11.39 11.39 11.87 15.03 15.98 17.30 18.30 19.81 21.33 18.25 16.40 16.95 19.86 21.15
8.25 7.52 6.50 8.83 11.17 11.75 12.70 12.34 12.70 12.70 12.41 10.95 10.07 8.61 4.38 0.00 0.00 0.00 0.00 0.00 0.00 0.00 2.99 4.38 6.13 5.91 6.06 6.50 6.72 7.88 7.52 7.74 8.98 9.34 10.66 10.66 12.41 13.21 13.72 13.80 14.82 14.31 13.72 12.48 13.14 12.78 12.78 15.11 16.50 16.64 15.99 14.09 13.36 13.80 14.09 13.80 14.16 14.38 13.14 12.19 12.19 11.61 10.73 10.29 9.78 10.07 9.93 10.51 10.59 10.59 10.59 10.73 10.71 9.71 9.71 12.86 15.79 16.59 15.31 15.76 15.76 16.01 14.90 15.66
8.25 7.52 6.50 8.83 11.17 11.75 12.70 12.34 12.70 12.70 12.41 10.95 10.07 8.61 4.38 0.00 0.00 0.00 0.00 0.00 0.00 0.00 2.99 4.38 6.13 5.91 6.06 6.50 6.72 7.88 7.52 7.74 8.98 9.34 10.66 10.66 12.41 13.21 13.72 13.80 14.82 14.31 13.72 12.48 13.14 12.78 12.78 15.11 16.50 16.64 15.99 14.09 13.36 13.80 14.09 13.80 14.16 14.38 13.14 12.19 12.19 11.61 10.73 10.29 9.78 10.07 9.93 10.51 10.59 10.59 10.59 10.73 10.44 9.56 9.42 11.95 14.07 15.36 16.33 16.36 15.76 15.66 16.37 16.75
11.68 9.86 8.25 7.15 7.37 7.74 7.96 7.81 5.62 5.62 4.16 1.61 0.00 0.00 0.00 0.00 0.00 0.00 0.00 5.77 5.33 4.74 5.33 5.84 6.28 5.62 5.11 5.11 6.64 6.94 6.13 6.28 7.52 9.13 10.22 10.22 12.26 13.94 14.02 14.31 14.75 13.29 10.51 9.27 9.27 9.27 8.98 10.80 11.83 13.43 13.07 12.26 12.26 11.83 12.34 12.85 12.63 11.39 10.80 10.00 10.00 9.56 9.78 10.29 11.02 10.15 10.44 11.02 11.75 12.56 12.34 10.51 10.15 10.29 9.66 11.12 13.11 12.59 13.64 13.95 12.98 14.71 15.84 15.76
12.41 12.41 12.19 8.83 6.94 6.28 6.35 4.38 0.00 0.00 0.00 0.00 0.00 0.00 0.00 0.00 0.00 0.00 3.07 5.26 5.04 5.40 5.48 5.11 5.62 5.18 5.91 7.66 8.32 8.25 7.37 7.52 8.18 8.76 9.64 9.64 11.10 12.05 12.26 11.53 10.51 8.91 8.25 6.79 6.57 7.23 7.66 8.47 9.20 9.56 10.07 10.51 10.73 11.24 11.97 11.17 10.66 10.66 10.37 9.78 9.78 10.00 10.80 11.53 11.39 11.24 11.32 11.75 12.78 12.99 13.14 11.97 9.71 9.73 12.06 13.92 12.33 13.85 14.94 12.04 12.35 11.96 12.60 13.42
15.04 16.06 15.70 13.94 12.48 11.61 10.15 6.57 1.10 1.10 0.00 0.00 0.00 0.00 0.00 0.00 1.61 2.56 2.77 2.99 3.58 4.02 4.60 5.33 6.06 6.06 6.86 7.30 7.88 8.32 8.25 8.32 8.25 8.69 9.20 9.20 9.64 9.05 9.71 9.34 8.25 7.52 5.91 5.69 5.91 7.52 8.98 9.05 8.83 8.91 8.61 9.34 10.59 11.32 11.83 12.26 12.12 10.88 10.66 11.02 11.02 11.17 11.24 11.32 11.53 11.02 11.24 12.41 13.87 14.67 14.53 13.29 12.95 14.20 12.39 12.06 13.10 13.52 11.62 12.45 12.54 11.38 11.95 11.12
15.84 17.37 16.79 15.11 14.53 14.02 14.60 10.73 8.98 8.98 8.03 7.01 6.57 5.84 4.53 2.77 1.90 1.24 0.80 1.24 1.83 2.48 3.72 5.18 6.20 7.01 7.30 6.57 7.15 8.32 8.98 9.34 9.42 9.34 9.42 9.42 9.27 8.91 8.03 7.74 7.66 7.15 6.50 6.57 6.13 6.20 6.79 7.74 7.96 7.30 7.81 8.91 10.15 10.80 11.39 12.34 12.70 12.48 12.26 11.53 11.53 12.05 11.90 11.39 10.51 9.93 10.15 11.53 12.70 14.82 14.89 14.45 14.78 14.11 14.27 11.60 12.06 11.25 12.32 12.81 12.28 12.87 12.64 12.67
15.84 17.37 16.79 15.11 14.53 14.02 14.60 10.73 8.98 8.98 8.03 7.01 6.57 5.84 4.53 2.77 1.90 1.24 0.80 1.24 1.83 2.48 3.72 5.18 6.20 7.01 7.30 6.57 7.15 8.32 8.98 9.34 9.42 9.34 9.42 9.42 9.27 8.91 8.03 7.74 7.66 7.15 6.50 6.57 6.13 6.20 6.79 7.74 7.96 7.30 7.81 8.91 10.15 10.80 11.39 12.34 12.70 12.48 12.26 11.53 11.53 12.05 11.90 11.39 10.51 9.93 10.15 11.53 12.70 14.82 14.89 17.74 13.85 15.34 12.81 14.35 12.24 12.44 12.57 11.55 11.87 11.07 13.75 14.38
9.93 13.29 14.31 13.36 11.68 10.95 10.59 12.05 10.37 10.37 9.64 7.81 6.06 5.18 2.85 2.19 1.17 0.73 1.24 2.04 2.12 2.85 4.38 5.04 5.40 6.50 6.79 6.57 7.01 7.52 8.25 8.91 9.49 9.49 9.64 9.64 9.49 8.47 7.37 7.66 7.88 7.88 7.96 6.86 5.26 4.82 5.11 5.77 5.69 5.04 5.62 7.15 8.25 10.00 10.88 12.48 13.80 14.45 13.87 13.14 13.14 12.41 11.61 12.19 11.68 10.22 10.73 10.07 11.46 14.45 16.26 16.18 17.80 14.14 13.06 14.96 15.18 12.35 11.53 13.74 12.73 13.40 13.65 12.45
7.45 9.13 11.61 11.68 10.59 9.71 8.40 7.59 9.27 9.27 5.84 4.60 4.96 4.60 3.43 2.85 1.53 1.24 1.61 2.04 3.29 4.23 5.18 6.64 7.15 7.23 7.15 6.79 6.13 6.79 7.66 8.40 9.42 9.27 8.91 8.91 9.64 9.13 8.83 8.40 7.52 7.74 6.57 4.89 4.31 3.94 4.09 4.82 4.60 4.96 5.55 6.64 7.66 9.13 10.44 11.46 12.92 13.21 13.36 13.29 13.29 13.43 13.21 11.97 11.24 11.75 12.41 12.70 12.41 15.04 17.40 17.99 17.97 18.56 17.75 15.81 13.15 12.68 13.81 13.65 11.90 13.05 12.38 14.19
7.30 7.59 9.27 9.49 10.29 10.80 10.66 8.69 6.86 6.86 6.94 6.20 6.64 5.99 5.26 3.94 2.70 2.34 3.07 3.80 5.69 6.57 7.30 8.03 7.74 7.01 6.28 5.84 6.06 6.86 8.54 10.59 11.24 10.51 9.49 9.49 9.71 9.49 8.91 8.25 7.88 7.30 5.18 4.23 4.31 5.11 6.13 7.37 8.32 7.74 7.59 7.59 8.61 9.20 10.29 11.61 13.80 15.70 16.06 15.55 15.55 15.33 15.04 13.80 11.68 11.68 13.07 13.72 14.31 15.26 17.01 18.47 18.98 19.13 18.69 18.59 17.17 18.71 17.69 14.18 14.93 14.01 12.44 14.60
6.13 5.48 6.06 6.79 8.47 8.61 9.05 9.20 8.32 8.32 8.25 7.52 6.28 5.77 5.99 5.26 3.72 3.21 4.53 5.55 7.01 8.40 9.05 8.25 7.23 6.28 6.35 6.28 5.69 6.79 10.15 12.56 11.90 11.02 11.83 11.83 11.61 10.00 8.03 7.23 6.79 6.13 4.96 4.16 5.18 6.94 8.91 10.80 11.53 10.80 10.66 10.95 11.75 12.63 12.70 13.87 15.48 17.37 16.86 15.62 15.62 14.38 13.21 11.97 11.24 10.59 11.75 13.21 15.99 16.79 17.01 18.83 20.08 21.10 23.19 24.75 27.59 21.90 22.12 19.13 19.63 14.07 16.78 15.29
2.56 3.14 4.16 4.82 5.62 6.42 7.45 8.10 7.08 7.08 6.64 7.37 7.15 8.03 7.01 5.77 4.16 4.09 5.62 7.66 9.71 10.07 9.42 8.32 8.03 8.40 8.83 8.40 8.25 9.93 12.85 13.58 12.78 12.12 12.92 12.92 13.07 10.15 8.32 8.76 9.05 8.25 7.08 5.62 6.06 7.23 7.52 9.20 10.80 10.29 10.73 10.37 10.29 11.10 13.43 15.11 16.21 16.72 15.26 12.41 12.41 9.42 7.92 7.45 7.74 8.98 9.56 11.61 13.94 15.77 16.35 17.30 19.05 21.46 23.80 25.35 30.70 24.58 24.19 18.82 15.79 16.44 17.80 17.05
2.56 3.14 4.16 4.82 5.62 6.42 7.45 8.10 7.08 7.08 6.64 7.37 7.15 8.03 7.01 5.77 4.16 4.09 5.62 7.66 9.71 10.07 9.42 8.32 8.03 8.40 8.83 8.40 8.25 9.93 12.85 13.58 12.78 12.12 12.92 12.92 13.07 10.15 8.32 8.76 9.05 8.25 7.08 5.62 6.06 7.23 7.52 9.20 10.80 10.29 10.73 10.37 10.29 11.10 13.43 15.11 16.21 16.72 15.26 12.41 12.41 9.42 7.92 7.45 7.74 8.98 9.56 11.61 13.94 15.77 16.35 17.30 19.05 21.46 22.85 25.49 23.84 21.62 20.26 21.90 19.32 16.79 13.95 15.73
1.68 1.68 2.26 3.50 5.04 5.84 6.28 7.23 7.23 7.23 8.10 7.81 6.72 7.01 5.55 4.67 5.11 6.42 7.74 10.15 10.80 9.56 9.56 9.86 11.46 10.80 10.37 11.10 12.12 13.29 14.09 12.70 11.90 11.61 12.26 12.26 11.83 10.29 10.44 11.75 12.92 11.53 8.98 7.15 6.42 6.13 5.69 6.79 8.61 8.91 8.69 8.91 9.05 9.27 11.24 12.92 12.56 10.59 8.76 6.50 6.50 3.29 0.00 0.00 4.02 6.57 7.96 8.98 10.51 12.70 13.14 13.87 16.35 18.91 20.15 21.28 22.36 27.91 26.48 23.31 20.57 15.86 16.63 18.36
0.44 0.73 1.83 2.77 4.38 5.04 5.69 7.23 9.13 9.13 9.93 10.07 7.59 7.88 6.13 6.64 6.57 7.37 8.76 10.59 10.73 11.02 10.80 12.63 12.41 11.83 12.26 15.48 16.21 15.62 13.72 12.99 12.78 12.12 12.12 12.12 11.97 11.68 12.41 12.56 13.58 12.41 9.49 7.15 6.20 5.69 4.38 4.82 5.62 7.01 7.45 6.42 5.69 6.50 7.52 8.10 7.01 5.33 3.43 0.00 0.00 0.00 0.00 0.00 2.19 5.84 8.25 9.49 10.51 10.88 10.95 12.34 15.55 18.83 20.07 21.00 20.87 23.18 24.06 21.95 22.87 15.59 18.11 20.96
0.29 0.00 0.88 1.90 2.85 3.50 4.45 8.69 11.83 11.83 13.07 13.14 11.24 9.78 9.13 8.91 8.32 9.42 10.44 11.61 13.43 13.87 13.36 14.16 15.62 14.67 14.24 17.30 19.05 18.98 17.30 15.26 13.72 12.26 12.05 12.05 12.78 12.63 13.14 13.14 12.99 11.46 8.03 5.33 4.53 3.43 2.77 3.07 3.80 3.87 4.38 4.16 3.87 3.07 3.58 4.23 3.72 3.21 2.63 0.00 0.00 0.00 0.00 0.00 3.07 4.38 6.13 8.54 10.44 12.26 12.70 13.43 16.75 19.69 20.75 23.82 24.39 19.44 20.21 22.57 21.22 19.97 16.58 15.01
3.58 1.75 1.31 3.87 4.23 5.77 8.61 11.68 12.70 12.70 13.65 13.29 11.68 9.86 10.66 8.61 8.83 9.27 10.73 12.70 14.60 16.35 16.94 17.45 18.25 18.40 18.40 19.78 20.88 19.35 16.94 14.89 12.85 11.02 10.37 10.37 10.00 10.15 10.51 10.95 10.88 8.98 6.86 5.18 5.26 5.18 4.60 4.45 5.55 5.11 3.94 3.80 2.99 2.26 2.41 2.85 2.99 3.43 3.72 3.43 3.43 2.85 2.41 2.70 3.29 4.67 6.50 8.25 11.02 13.29 14.97 17.37 21.15 23.17 25.04 25.39 25.47 25.61 22.89 21.15 17.83 15.85 18.64 17.94
6.28 5.62 3.72 5.91 6.79 7.37 8.61 9.56 11.46 11.46 12.26 11.10 10.00 8.47 7.45 8.32 7.01 8.61 9.42 9.64 12.19 15.04 15.62 16.79 18.69 18.54 18.32 18.76 19.05 17.45 15.62 13.36 11.61 11.53 10.66 10.66 8.69 8.61 7.81 7.81 7.30 7.30 7.15 7.52 8.61 8.76 8.32 8.61 8.61 7.88 5.77 5.62 4.53 4.45 4.67 4.31 3.94 4.31 5.48 5.11 5.11 4.16 3.36 3.58 4.67 6.57 8.91 9.71 13.07 16.21 19.84 23.39 25.68 22.61 23.86 24.82 24.48 25.31 25.33 21.10 19.76 17.18 15.89 13.74
6.28 5.62 3.72 5.91 6.79 7.37 8.61 9.56 11.46 11.46 12.26 11.10 10.00 8.47 7.45 8.32 7.01 8.61 9.42 9.64 12.19 15.04 15.62 16.79 18.69 18.54 18.32 18.76 19.05 17.45 15.62 13.36 11.61 11.53 10.66 10.66 8.69 8.61 7.81 7.81 7.30 7.30 7.15 7.52 8.61 8.76 8.32 8.61 8.61 7.88 5.77 5.62 4.53 4.45 4.67 4.31 3.94 4.31 5.48 5.11 5.11 4.16 3.36 3.58 4.67 6.57 8.91 9.71 13.07 16.21 19.94 23.14 23.22 25.20 25.46 28.96 28.42 24.49 26.46 20.50 20.90 20.37 14.50 11.66
6.06 5.55 7.01 6.35 6.42 6.28 7.81 9.64 12.34 12.34 12.41 10.44 9.49 8.61 9.05 8.40 8.83 8.69 8.18 7.52 10.73 12.63 14.38 15.91 15.70 16.06 16.43 16.28 16.64 15.70 12.56 10.51 9.64 10.00 8.83 8.83 8.40 7.59 7.45 8.47 8.18 8.98 9.78 10.88 11.46 11.61 11.75 11.02 9.93 9.49 8.03 7.37 7.08 7.30 7.08 6.79 6.64 6.86 6.94 5.99 6.02 4.92 4.40 4.60 6.06 9.42 12.56 14.60 16.80 19.17 22.49 22.93 26.31 27.52 28.75 27.31 23.61 22.62 24.70 21.04 18.32 18.96 13.96 9.81
8.91 8.25 8.54 8.61 8.03 7.96 9.27 10.15 11.61 11.61 11.46 10.00 9.05 9.56 10.22 9.49 9.42 9.71 10.95 11.68 14.89 16.13 16.50 15.77 15.55 15.70 14.89 13.72 13.65 13.07 11.02 8.54 6.94 6.79 7.30 7.30 8.91 9.20 9.93 11.17 11.83 11.53 11.02 12.63 13.29 12.63 11.68 11.46 10.29 9.34 9.27 9.27 8.69 8.69 8.32 6.86 6.94 7.52 7.52 7.15 7.15 7.30 8.32 9.42 10.73 11.32 13.21 15.84 17.89 19.64 21.90 23.78 25.73 27.08 24.64 20.91 20.82 18.33 18.88 21.20 16.94 14.51 10.63 7.83
13.14 12.19 11.83 10.15 10.29 8.47 8.98 8.98 9.27 9.27 9.13 8.40 7.59 7.59 8.25 8.83 10.37 11.10 11.46 12.41 14.97 16.35 16.64 19.13 19.42 17.23 15.84 16.35 17.23 16.21 13.51 10.51 9.13 9.13 9.49 9.49 10.88 11.24 11.97 12.12 10.80 8.54 8.83 10.15 10.73 10.07 9.05 8.54 7.59 6.94 7.52 8.10 8.40 7.74 6.06 4.67 4.82 6.35 7.01 6.42 6.42 6.64 7.96 9.42 12.56 14.38 15.04 17.67 19.35 20.37 21.53 22.47 23.99 22.53 18.64 19.43 17.63 15.71 14.09 15.13 12.39 10.50 8.22 7.18
12.85 11.90 10.51 9.34 10.15 9.71 7.88 7.74 7.66 7.66 7.52 6.28 5.55 6.06 6.28 6.94 8.61 10.37 10.80 14.31 18.10 18.03 20.44 23.51 23.58 24.16 24.31 24.89 23.43 22.41 19.56 16.94 14.82 12.85 12.78 12.78 12.48 12.12 10.80 9.71 7.66 5.99 5.91 6.86 6.86 6.79 7.23 7.45 6.50 4.74 4.89 6.13 5.84 5.11 3.58 0.00 3.58 4.31 5.04 5.55 5.55 6.06 7.81 9.93 12.41 14.75 16.06 17.01 18.76 20.59 21.39 21.31 22.41 20.52 16.96 12.71 11.52 12.04 10.18 7.93 7.80 9.45 7.19 7.11
10.00 9.27 9.56 9.34 8.98 9.05 8.91 7.30 5.55 5.55 5.11 4.09 5.91 8.32 8.83 11.24 11.97 14.09 13.43 20.95 24.02 25.04 26.86 27.96 29.78 29.49 28.76 27.96 25.92 23.21 20.81 18.03 15.33 13.29 12.34 12.34 10.29 8.69 7.01 6.13 5.04 3.94 3.72 4.23 4.45 5.26 5.84 6.79 5.99 4.16 3.36 0.00 0.00 0.00 0.00 0.00 3.29 4.31 5.91 6.13 6.13 6.72 6.94 7.52 9.05 11.17 12.63 13.94 16.50 19.27 20.59 19.05 18.49 13.75 9.68 8.95 7.21 5.40 6.11 6.43 5.56 5.01 5.04 4.94
8.69 7.96 7.81 6.50 6.79 7.15 7.81 5.77 4.82 4.82 4.02 4.23 6.94 10.95 15.48 17.01 17.96 20.95 24.89 23.00 28.76 30.15 30.44 29.71 28.62 26.21 23.07 22.48 20.15 17.74 15.48 13.94 12.05 9.93 7.66 7.66 6.86 5.62 4.02 3.58 0.00 0.00 0.00 0.00 3.43 4.89 6.20 6.94 7.08 5.84 4.23 3.80 4.67 4.60 4.31 5.04 4.89 3.94 4.67 5.69 5.69 5.62 4.96 4.53 5.91 7.81 9.93 12.85 16.21 18.18 18.25 16.80 13.26 9.09 7.30 5.15 4.43 2.94 1.74 2.11 0.91 1.53 3.04 3.50
8.69 7.96 7.81 6.50 6.79 7.15 7.81 5.77 4.82 4.82 4.02 4.23 6.94 10.95 15.48 17.01 17.96 20.95 24.89 23.00 28.76 30.15 30.44 29.71 28.62 26.21 23.07 22.48 20.15 17.74 15.48 13.94 12.05 9.93 7.66 7.66 6.86 5.62 4.02 3.58 0.00 0.00 0.00 0.00 3.43 4.89 6.20 6.94 7.08 5.84 4.23 3.80 4.67 4.60 4.31 5.04 4.89 3.94 4.67 5.69 5.69 5.62 4.96 4.53 5.91 7.81 9.93 12.85 16.21 18.18 18.25 16.72 13.06 8.95 7.30 5.38 3.94 2.82 1.70 2.21 0.89 1.61 3.04 3.43
8.61 6.50 6.64 7.08 7.08 7.15 7.30 5.99 4.82 4.82 5.77 7.45 11.02 15.62 18.18 18.69 18.98 21.46 24.45 25.92 27.52 28.62 25.40 24.09 22.48 19.71 17.37 15.62 13.14 10.95 9.27 7.74 6.94 5.99 3.87 3.87 3.94 3.14 2.26 0.00 0.00 0.00 0.00 0.00 3.58 6.06 7.45 7.66 7.52 6.72 6.06 6.28 6.06 6.20 5.99 5.55 5.11 3.87 4.60 6.13 6.13 6.13 5.33 4.09 4.89 7.45 10.00 13.43 15.18 16.43 16.86 13.21 9.93 6.64 4.55 3.12 2.18 0.55 0.00 0.00 0.00 0.00 0.00 0.67
