Wansh/Snow_depth/snowdepth-1987/winter/1988015.txt
ncols 321
nrows 161
xllcenter 60
yllcenter 15 
cellsize  0.25 
NODATA_value -1
[rows 0 to 36 of 161, columns 0 to 83 of 321]
8.18 8.18 10.51 11.68 12.48 12.70 12.56 12.56 12.48 13.14 13.43 14.16 14.82 15.91 16.94 17.81 17.23 17.01 17.30 16.94 16.43 16.50 16.43 17.45 17.45 16.13 16.13 14.82 13.65 13.43 12.92 12.26 11.75 12.05 15.70 15.40 15.77 13.72 14.97 15.70 16.35 16.72 15.48 15.55 15.91 16.21 16.50 16.72 17.37 18.03 18.61 18.61 18.25 17.74 17.16 18.47 20.37 20.59 20.66 20.22 18.03 15.70 13.80 11.02 8.40 6.64 5.11 4.16 4.45 5.18 5.84 5.62 5.99 6.57 6.50 6.94 6.94 8.25 8.91 10.59 10.95 12.26 13.21 13.29
12.85 12.85 12.70 14.60 15.48 16.13 15.77 15.26 14.82 15.26 15.11 14.97 15.48 15.40 15.77 16.43 15.55 15.77 15.77 15.70 17.16 17.16 17.16 17.01 16.64 13.36 13.36 12.19 11.61 10.51 10.51 10.51 9.78 9.56 10.29 10.88 13.94 13.94 14.67 15.99 16.28 16.28 15.33 14.38 14.89 15.48 16.06 16.86 16.79 16.94 18.40 18.40 17.96 16.79 16.57 16.79 17.52 18.47 18.91 17.81 15.04 12.92 12.34 11.75 10.80 9.56 9.71 7.88 7.01 7.15 8.03 7.45 7.08 7.96 8.76 9.64 9.64 9.93 10.73 12.26 13.21 14.02 13.72 13.94
13.94 13.94 14.67 15.48 16.57 16.86 16.79 17.59 17.45 16.64 16.28 15.70 15.33 15.77 15.48 14.31 12.56 10.66 11.61 12.56 13.21 14.02 13.72 15.11 0.00 12.85 12.85 10.51 9.86 9.49 9.42 9.13 8.10 8.91 10.80 12.34 12.56 15.91 15.91 16.72 16.57 16.21 15.18 13.65 13.43 14.09 14.75 14.16 12.56 13.58 14.97 14.97 15.33 14.02 14.60 15.33 14.31 15.04 15.26 14.38 13.87 12.92 12.48 12.56 12.12 11.75 11.90 11.02 10.00 10.07 10.88 10.51 10.73 11.39 11.46 12.85 12.85 13.36 14.53 14.09 13.65 13.36 14.24 14.45
13.94 13.94 14.67 15.48 16.57 16.86 16.79 17.59 17.45 16.64 16.28 15.70 15.33 15.77 15.48 14.31 12.56 10.66 11.61 12.56 13.21 14.02 13.72 15.11 0.00 12.85 12.85 10.51 9.86 9.49 9.42 9.13 8.10 8.91 10.80 12.34 12.56 15.91 15.91 16.72 16.57 16.21 15.18 13.65 13.43 14.09 14.75 14.16 12.56 13.58 14.97 14.97 15.33 14.02 14.60 15.33 14.31 15.04 15.26 14.38 13.87 12.92 12.48 12.56 12.12 11.75 11.90 11.02 10.00 10.07 10.88 10.51 10.73 11.39 11.46 12.85 12.85 13.36 14.53 14.09 13.65 13.36 14.24 14.45
12.99 12.99 13.29 14.16 15.04 15.33 15.26 15.33 15.48 15.77 15.26 15.33 14.38 14.60 13.43 11.97 11.75 10.88 8.91 9.78 10.95 12.41 12.92 13.14 2.48 2.77 2.77 9.71 7.01 6.57 7.01 7.08 7.52 8.69 9.42 10.73 11.24 10.44 10.00 14.09 12.34 11.75 11.46 10.37 10.73 11.68 11.02 10.07 10.59 11.02 12.05 12.05 11.97 11.24 12.12 12.99 12.70 13.21 13.72 13.43 12.34 12.63 12.92 12.63 12.41 13.07 13.72 13.14 12.92 13.87 13.65 13.94 14.02 14.82 14.89 14.75 14.75 15.48 15.55 15.70 14.53 13.80 13.36 12.48
11.10 11.10 10.51 10.44 11.68 12.92 13.43 12.78 12.48 12.78 12.48 11.83 11.24 10.88 10.88 10.37 9.27 8.40 8.32 8.76 9.34 10.29 10.66 10.80 12.05 2.77 2.77 1.97 6.20 4.02 4.53 6.28 6.79 7.96 8.91 9.05 8.18 7.37 6.72 6.57 7.08 7.66 7.30 7.37 8.25 8.32 9.05 8.69 9.42 10.66 10.22 10.22 9.71 9.71 9.78 11.39 10.88 11.61 13.21 12.99 12.26 12.34 12.41 12.56 13.43 14.16 14.67 14.67 14.16 13.07 13.43 14.67 15.11 14.82 15.18 15.62 15.62 15.48 15.70 15.62 15.62 15.04 14.75 14.53
10.15 10.15 9.56 9.78 10.37 9.86 9.86 10.95 11.46 11.83 11.68 10.44 8.83 7.59 7.45 7.74 6.79 6.20 6.13 6.50 7.08 7.59 8.03 8.32 8.76 2.77 2.77 1.83 1.39 4.45 6.28 7.30 7.96 8.25 8.25 9.27 9.49 7.23 7.08 7.01 7.37 7.59 7.37 7.81 8.32 7.96 8.10 8.47 9.71 10.15 10.29 10.29 10.00 9.27 8.91 10.44 11.46 12.63 13.29 13.58 13.29 13.58 13.58 13.36 13.80 14.24 14.38 13.58 12.78 11.61 11.32 12.34 12.85 13.36 14.09 14.82 14.82 14.31 14.09 14.82 15.55 16.43 16.43 15.48
10.15 10.15 9.56 9.78 10.37 9.86 9.86 10.95 11.46 11.83 11.68 10.44 8.83 7.59 7.45 7.74 6.79 6.20 6.13 6.50 7.08 7.59 8.03 8.32 8.76 2.77 2.77 1.83 1.39 4.45 6.28 7.30 7.96 8.25 8.25 9.27 9.49 7.23 7.08 7.01 7.37 7.59 7.37 7.81 8.32 7.96 8.10 8.47 9.71 10.15 10.29 10.29 10.00 9.27 8.91 10.44 11.46 12.63 13.29 13.58 13.29 13.58 13.58 13.36 13.80 14.24 14.38 13.58 12.78 11.61 11.32 12.34 12.85 13.36 14.09 14.82 14.82 14.31 14.09 14.82 15.55 16.43 16.43 15.48
10.88 10.88 9.34 7.45 6.64 6.72 5.77 6.13 6.72 7.74 8.10 7.88 6.86 5.77 5.04 3.80 4.38 4.82 3.80 4.23 5.69 5.26 5.99 6.79 8.32 2.99 2.99 2.04 2.56 3.80 5.69 7.88 8.32 7.96 7.37 7.66 7.74 7.74 8.25 8.40 8.18 7.96 8.10 8.61 9.56 9.86 9.93 10.22 10.80 10.51 9.34 9.34 8.32 9.20 9.71 6.94 8.32 7.88 8.10 8.69 7.96 7.37 5.99 5.04 4.31 5.84 8.10 10.22 10.15 8.03 7.66 8.69 8.98 7.23 7.30 8.47 8.47 9.34 7.74 5.91 7.74 10.00 12.56 13.87
8.76 8.76 7.01 6.50 4.96 4.09 3.80 3.72 4.31 3.94 3.72 3.80 4.16 4.38 5.40 6.13 5.91 4.82 5.18 3.94 2.63 5.18 5.18 5.33 7.15 7.08 7.08 3.72 5.18 6.94 6.42 6.64 6.13 4.16 4.09 4.31 4.31 6.50 8.83 9.78 9.49 8.61 8.83 9.86 9.86 9.34 9.27 9.34 9.93 9.93 9.64 9.64 9.71 9.86 10.15 10.80 7.45 7.37 7.74 7.23 6.35 5.69 3.07 1.53 0.29 1.68 4.09 6.20 6.13 5.18 5.40 6.86 6.35 6.20 6.57 6.35 6.35 6.64 4.89 3.43 4.45 5.84 8.83 9.86
8.40 8.40 5.99 4.16 3.65 4.38 4.53 4.16 3.36 2.85 3.58 3.80 4.09 3.87 4.67 6.13 6.94 6.79 5.62 6.28 5.99 3.80 6.50 6.86 5.91 7.74 7.74 6.13 7.59 8.32 7.15 5.77 5.99 3.87 3.36 2.99 4.16 5.26 7.88 8.54 8.47 8.83 8.54 10.15 10.15 10.37 10.00 9.78 9.49 9.56 10.29 10.29 11.46 11.10 10.51 9.64 9.71 6.57 6.42 5.55 4.45 4.45 4.23 2.04 0.88 1.39 2.63 3.72 3.72 3.80 3.36 3.14 4.60 4.67 4.74 5.33 5.33 5.84 5.40 4.89 4.82 5.69 7.15 8.10
8.40 8.40 5.99 4.16 3.65 4.38 4.53 4.16 3.36 2.85 3.58 3.80 4.09 3.87 4.67 6.13 6.94 6.79 5.62 6.28 5.99 3.80 6.50 6.86 5.91 7.74 7.74 6.13 7.59 8.32 7.15 5.77 5.99 3.87 3.36 2.99 4.16 5.26 7.88 8.54 8.47 8.83 8.54 10.15 10.15 10.37 10.00 9.78 9.49 9.56 10.29 10.29 11.46 11.10 10.51 9.64 9.71 6.57 6.42 5.55 4.45 4.45 4.23 2.04 0.88 1.39 2.63 3.72 3.72 3.80 3.36 3.14 4.60 4.67 4.74 5.33 5.33 5.84 5.40 4.89 4.82 5.69 7.15 8.10
7.96 7.96 7.37 6.72 5.11 3.80 3.36 4.82 5.04 4.89 4.38 5.04 5.48 5.04 4.53 5.26 5.99 8.10 8.69 7.74 7.74 7.81 6.06 7.30 7.66 7.08 7.08 7.96 8.40 8.69 8.10 6.20 5.77 5.04 6.06 5.69 5.77 6.20 6.72 7.52 7.37 7.45 7.15 8.61 9.56 10.22 10.15 10.37 10.22 9.49 10.15 10.15 10.95 10.22 9.13 7.88 7.08 5.26 5.04 4.38 3.80 3.58 2.77 0.66 0.66 1.83 2.56 4.60 4.89 3.94 2.77 1.39 1.97 3.14 3.72 4.02 4.02 4.96 6.06 6.42 5.55 5.04 5.48 5.40
8.32 8.32 8.69 8.54 8.47 7.81 5.91 4.74 4.82 5.84 6.28 6.13 5.91 6.86 7.23 7.37 8.03 8.91 9.93 10.80 10.73 10.15 9.42 9.05 9.78 9.86 9.86 8.54 8.18 8.18 7.74 5.84 4.45 5.18 7.08 6.13 5.84 6.13 5.33 5.33 4.82 4.82 5.11 6.06 6.35 7.66 8.61 9.78 10.37 10.80 11.10 11.10 9.93 7.96 6.94 6.13 7.01 7.01 4.02 3.65 2.63 0.00 0.00 0.00 0.00 1.17 2.99 3.50 4.23 4.23 3.50 2.41 1.53 1.68 2.26 2.77 2.77 4.31 5.77 6.13 4.16 3.14 2.48 3.50
11.90 11.90 12.05 12.26 10.44 9.27 7.74 7.15 7.59 8.25 8.91 8.61 8.32 7.88 8.76 9.64 9.49 9.93 10.51 10.95 11.53 11.53 10.73 10.37 10.95 10.51 10.51 10.15 6.42 5.55 5.04 3.80 1.90 3.80 5.62 8.25 8.25 6.86 4.67 2.85 2.26 2.19 3.80 4.23 5.04 7.52 9.13 10.07 10.73 11.24 10.66 10.66 9.42 8.54 5.69 4.89 6.06 5.55 5.11 1.61 0.00 0.00 0.00 0.00 0.00 0.00 0.00 1.75 3.50 4.89 4.82 3.58 2.48 2.26 2.34 3.80 3.80 6.06 6.50 5.04 3.58 1.61 1.02 5.40
12.05 12.05 15.11 16.43 14.89 13.80 10.88 9.05 8.61 9.13 9.20 9.20 9.56 9.20 8.47 8.61 9.56 11.24 12.63 12.56 12.85 11.68 10.88 10.66 9.78 9.86 9.86 9.86 3.58 3.14 3.43 1.83 0.44 3.14 6.64 6.57 9.71 5.55 3.72 3.14 3.65 4.16 4.96 5.18 6.20 7.30 8.32 9.20 9.64 10.66 10.44 10.44 10.22 9.42 7.66 6.57 6.06 5.77 5.40 4.82 0.00 0.00 0.00 0.00 0.00 0.00 0.00 0.00 2.63 3.80 4.45 3.21 2.26 1.68 2.34 4.31 4.31 6.50 7.01 5.77 3.94 3.07 4.38 6.57
12.05 12.05 15.11 16.43 14.89 13.80 10.88 9.05 8.61 9.13 9.20 9.20 9.56 9.20 8.47 8.61 9.56 11.24 12.63 12.56 12.85 11.68 10.88 10.66 9.78 9.86 9.86 9.86 3.58 3.14 3.43 1.83 0.44 3.14 6.64 6.57 9.71 5.55 3.72 3.14 3.65 4.16 4.96 5.18 6.20 7.30 8.32 9.20 9.64 10.66 10.44 10.44 10.22 9.42 7.66 6.57 6.06 5.77 5.40 4.82 0.00 0.00 0.00 0.00 0.00 0.00 0.00 0.00 2.63 3.80 4.45 3.21 2.26 1.68 2.34 4.31 4.31 6.50 7.01 5.77 3.94 3.07 4.38 6.57
9.13 9.13 11.61 15.33 16.57 16.21 14.60 13.21 11.17 11.10 12.26 12.63 12.34 11.24 11.61 11.61 11.75 11.61 11.24 11.24 11.17 11.97 11.97 10.88 9.93 8.91 8.91 8.54 3.72 3.43 3.43 2.26 0.51 0.80 3.50 5.48 6.94 6.72 5.84 6.20 6.20 6.13 6.42 7.01 7.52 8.25 8.91 9.27 9.71 10.07 10.66 10.66 10.22 9.13 8.47 7.96 7.96 7.37 7.23 6.42 4.82 0.00 0.00 0.00 0.00 0.00 0.00 0.00 0.00 0.00 2.56 2.70 2.92 3.14 2.85 4.23 4.23 6.28 7.23 5.69 3.65 3.21 4.16 6.20
6.94 6.94 8.25 11.10 13.36 14.24 14.53 13.87 12.78 12.19 12.70 12.78 13.65 13.87 13.51 11.68 11.02 11.83 10.51 10.29 10.80 10.44 11.32 10.66 10.51 9.71 9.71 9.05 7.74 4.31 4.02 3.72 1.46 0.88 2.99 4.31 5.26 6.20 6.94 6.64 6.86 6.42 7.15 7.08 7.52 8.40 8.76 9.64 9.64 9.56 9.27 9.27 9.20 9.49 9.64 9.78 10.44 10.15 9.78 7.52 6.28 6.94 0.00 1.97 2.41 0.00 0.00 0.00 0.00 0.00 2.63 3.21 3.29 3.80 4.45 5.18 5.18 5.48 7.01 7.52 5.99 4.60 4.23 5.84
9.42 9.42 9.49 10.66 12.12 11.75 11.75 12.26 12.85 13.51 13.07 13.29 14.45 13.58 11.53 10.66 9.49 8.83 8.61 7.81 9.34 9.56 9.64 10.22 10.15 9.34 9.34 8.47 7.66 4.74 5.18 4.53 2.48 1.90 3.21 4.89 5.99 8.76 8.69 7.01 6.72 6.72 7.23 7.88 8.25 8.47 8.32 8.32 9.20 9.49 8.76 8.76 8.98 9.78 10.66 11.46 11.83 12.26 12.26 11.90 10.07 8.69 9.05 3.43 5.26 2.19 1.39 0.00 0.00 1.90 4.02 4.74 4.23 4.23 4.74 6.06 6.06 7.01 7.88 8.18 8.98 7.52 7.23 8.40
10.73 10.73 10.59 10.80 11.53 13.21 14.75 14.24 13.14 12.78 13.94 14.24 13.07 12.41 11.39 9.56 8.83 8.40 8.98 9.71 9.13 9.49 10.73 10.66 10.15 9.34 9.34 8.69 7.45 4.96 5.33 5.40 4.89 4.38 4.23 5.84 7.01 7.88 8.18 7.15 6.94 7.01 7.23 7.88 8.10 8.10 8.69 9.34 9.05 9.42 10.44 10.44 10.51 10.44 11.97 12.78 12.70 12.63 12.05 12.63 11.61 10.15 10.22 10.22 6.06 4.96 3.72 4.38 5.18 5.18 5.48 4.82 4.23 3.58 4.09 6.28 6.28 7.59 8.03 9.13 10.88 11.02 11.24 11.68
10.88 10.88 11.53 12.56 13.21 14.09 14.60 14.60 14.75 12.99 12.12 11.90 11.75 11.24 10.73 10.44 9.05 9.56 10.00 9.93 10.44 11.32 10.66 10.22 10.73 10.00 10.00 8.98 8.83 7.52 5.33 6.20 6.72 7.08 6.35 6.42 7.23 6.13 5.55 5.55 6.79 7.96 8.61 8.91 9.71 11.83 11.90 12.34 12.63 12.92 12.12 12.12 11.90 12.48 13.65 14.24 13.29 12.19 10.80 11.02 10.15 8.76 8.61 8.98 8.54 7.81 5.55 6.50 6.64 4.82 4.74 5.11 4.89 3.50 3.21 4.74 4.74 6.28 7.37 8.76 10.00 10.66 11.39 11.02
10.88 10.88 11.53 12.56 13.21 14.09 14.60 14.60 14.75 12.99 12.12 11.90 11.75 11.24 10.73 10.44 9.05 9.56 10.00 9.93 10.44 11.32 10.66 10.22 10.73 10.00 10.00 8.98 8.83 7.52 5.33 6.20 6.72 7.08 6.35 6.42 7.23 6.13 5.55 5.55 6.79 7.96 8.61 8.91 9.71 11.83 11.90 12.34 12.63 12.92 12.12 12.12 11.90 12.48 13.65 14.24 13.29 12.19 10.80 11.02 10.15 8.76 8.61 8.98 8.54 7.81 5.55 6.50 6.64 4.82 4.74 5.11 4.89 3.50 3.21 4.74 4.74 6.28 7.37 8.76 10.00 10.66 11.39 11.02
10.07 10.07 10.44 11.39 13.07 14.97 14.09 13.80 11.53 9.86 9.49 9.86 10.73 10.88 10.44 8.91 8.69 8.25 7.96 7.45 8.25 8.98 9.78 11.17 8.98 8.40 8.40 8.47 9.56 9.56 6.13 7.74 9.20 8.76 7.96 6.64 5.69 5.55 5.69 5.11 7.45 7.74 11.75 11.68 12.41 13.58 13.21 13.29 13.65 13.87 13.36 13.36 13.58 12.48 13.43 14.75 14.67 12.99 11.24 10.07 9.49 8.61 9.27 9.49 8.54 6.57 7.08 7.52 5.48 4.02 4.96 5.26 4.82 3.43 3.29 4.60 4.60 5.69 6.86 6.86 7.45 8.47 9.56 10.22
8.25 8.25 8.40 9.13 8.61 9.42 8.69 7.81 6.64 7.30 7.37 7.88 8.98 8.76 8.54 7.30 5.84 4.82 5.11 4.02 0.00 5.48 5.62 7.15 7.66 6.50 6.50 7.30 9.93 10.66 6.79 7.74 7.96 7.52 5.99 4.45 3.87 4.82 5.62 5.40 4.96 11.46 15.04 13.94 13.94 13.51 13.80 14.09 13.65 13.94 12.56 12.56 11.24 10.51 10.80 11.83 11.39 12.26 11.83 11.83 11.39 10.29 9.93 9.93 7.96 6.86 7.96 6.72 5.18 7.01 8.10 8.54 7.81 6.79 6.35 6.06 6.06 5.26 5.40 6.28 7.37 8.61 9.71 10.22
5.11 5.11 5.48 5.48 4.74 5.11 5.33 4.31 3.87 3.50 4.23 5.40 6.64 5.91 5.26 3.80 0.00 0.00 0.00 0.00 0.00 0.00 0.00 3.14 3.29 2.48 2.48 5.40 6.79 12.05 5.62 6.28 6.35 5.11 3.65 3.43 4.09 3.94 3.80 4.67 4.74 4.67 14.45 13.58 13.14 13.43 12.34 11.97 11.39 10.51 8.69 8.69 7.15 6.86 7.74 9.05 9.27 10.59 12.99 13.14 12.92 11.97 9.78 6.72 5.18 5.04 5.55 5.99 8.18 9.20 9.49 9.56 9.20 8.69 8.61 7.37 7.37 6.13 5.26 5.91 6.94 8.10 9.27 10.66
3.43 3.43 3.65 3.36 3.14 2.70 2.41 1.83 2.04 3.14 3.07 2.99 3.29 3.07 0.00 1.68 1.83 1.68 1.68 2.19 0.00 0.00 0.00 0.00 0.00 3.07 3.07 3.87 4.60 7.23 10.95 4.89 3.94 3.94 4.09 4.02 3.36 2.70 2.85 3.50 4.45 4.60 4.74 10.73 8.32 7.45 6.86 7.01 6.57 6.57 6.28 6.28 5.77 4.45 4.53 6.35 6.86 7.45 9.64 10.15 9.71 8.18 5.55 3.50 2.77 4.02 5.84 6.13 7.88 8.32 8.18 7.45 6.57 7.01 7.23 6.06 6.06 6.28 5.99 6.06 6.28 8.47 10.29 11.97
2.92 2.92 2.70 2.48 2.41 2.26 1.83 0.80 0.00 0.00 0.00 0.00 0.00 0.00 1.46 2.63 2.92 2.99 2.70 2.12 0.00 0.00 0.00 0.00 0.00 0.07 0.07 2.04 3.43 3.80 8.10 2.48 0.95 1.46 2.92 3.14 1.39 0.00 0.00 1.68 3.36 4.09 3.87 7.08 6.72 2.70 3.43 3.87 4.31 4.74 4.74 4.74 3.80 3.58 4.16 4.96 5.55 5.55 7.37 7.52 5.99 4.74 2.63 1.68 2.41 4.53 5.55 6.28 6.35 6.64 5.55 4.96 5.18 6.35 6.50 6.50 6.50 7.81 6.64 6.28 5.91 7.96 9.49 12.05
2.92 2.92 2.70 2.48 2.41 2.26 1.83 0.80 0.00 0.00 0.00 0.00 0.00 0.00 1.46 2.63 2.92 2.99 2.70 2.12 0.00 0.00 0.00 0.00 0.00 0.07 0.07 2.04 3.43 3.80 8.10 2.48 0.95 1.46 2.92 3.14 1.39 0.00 0.00 1.68 3.36 4.09 3.87 7.08 6.72 2.70 3.43 3.87 4.31 4.74 4.74 4.74 3.80 3.58 4.16 4.96 5.55 5.55 7.37 7.52 5.99 4.74 2.63 1.68 2.41 4.53 5.55 6.28 6.35 6.64 5.55 4.96 5.18 6.35 6.50 6.50 6.50 7.81 6.64 6.28 5.91 7.96 9.49 12.05
0.00 0.00 0.00 0.00 1.39 1.24 0.00 0.00 0.00 0.00 0.00 0.00 0.00 0.00 0.00 0.00 2.56 3.14 2.70 2.19 1.83 0.00 0.00 0.00 0.00 0.00 0.00 1.61 1.24 1.39 3.50 0.07 0.00 0.88 1.61 0.51 0.07 0.00 0.00 0.00 1.10 2.41 2.63 1.97 3.87 2.99 3.14 3.21 3.21 3.14 3.43 3.43 3.07 3.29 3.65 4.16 4.31 3.58 4.23 4.23 3.07 3.94 2.26 1.31 2.48 4.96 6.79 8.40 8.47 6.57 6.35 6.20 6.20 5.77 5.91 7.08 7.08 7.59 6.35 5.77 5.77 7.08 8.76 10.44
0.00 0.00 0.00 0.00 0.00 0.00 0.00 0.00 0.00 0.00 0.00 0.00 0.00 0.00 0.00 0.00 0.00 0.00 2.19 2.99 3.14 2.34 0.00 0.00 0.00 0.00 0.00 0.00 1.46 1.90 0.95 0.00 0.00 0.00 0.00 0.00 0.00 0.00 0.00 0.00 0.00 0.51 1.68 2.48 0.00 4.23 2.63 2.41 2.99 3.07 3.07 3.07 3.43 3.87 3.58 3.58 0.00 0.00 0.00 0.00 2.48 2.85 1.75 2.19 3.65 5.04 7.30 8.91 8.91 8.03 7.81 7.30 7.01 6.57 7.23 6.57 6.57 6.64 6.28 5.69 5.33 5.99 5.84 6.72
0.00 0.00 0.00 0.00 0.00 0.00 0.00 0.00 0.00 0.00 0.00 0.00 0.00 0.00 0.00 0.00 0.00 0.00 0.00 0.66 2.19 3.72 3.65 1.39 0.00 0.00 0.00 0.00 2.63 2.56 2.92 0.00 0.00 0.00 0.00 0.00 0.00 0.00 0.00 0.00 0.07 0.51 1.53 2.26 2.77 2.85 2.04 1.90 2.19 2.19 2.63 2.63 3.50 3.65 3.43 3.94 4.45 5.26 5.11 3.72 2.99 3.29 3.21 3.50 3.36 3.07 4.45 6.28 7.01 7.37 6.35 7.66 6.42 7.66 6.64 5.26 5.26 4.67 5.40 4.67 4.67 3.58 3.58 4.45
0.00 0.00 0.00 0.00 0.00 0.00 0.00 0.00 0.00 0.00 0.00 0.00 0.00 0.00 0.00 0.00 0.00 0.00 0.00 0.00 0.00 3.21 4.31 4.89 4.45 4.82 4.82 4.45 5.04 5.04 5.11 2.41 0.00 0.00 0.00 0.00 0.00 0.00 0.00 0.07 0.22 0.58 1.02 1.83 1.61 2.19 0.00 1.90 2.19 3.65 3.58 3.58 4.02 3.87 4.60 5.40 6.86 7.88 7.74 5.55 4.82 5.18 5.18 5.48 5.18 3.21 3.72 4.53 3.87 4.60 5.62 5.26 5.84 6.57 4.67 4.23 4.23 2.85 2.85 1.10 1.61 2.12 2.26 2.12
0.00 0.00 0.00 0.00 0.00 0.00 0.00 0.00 0.00 0.00 0.00 0.00 0.00 0.00 0.00 0.00 0.00 0.00 0.00 0.00 0.00 0.00 0.00 2.70 4.96 6.64 6.64 8.03 8.25 7.15 4.60 4.31 0.00 0.00 0.00 0.00 0.00 0.00 0.00 0.00 0.00 0.00 0.15 0.15 0.44 1.24 0.88 0.00 2.77 3.58 3.72 3.72 4.60 5.18 6.50 7.08 6.94 6.42 5.26 3.43 2.99 2.92 2.85 3.80 3.43 3.14 3.72 2.99 2.04 1.61 1.97 2.63 4.16 2.19 0.00 0.00 0.00 0.00 0.00 0.00 1.39 1.53 1.17 1.24
0.00 0.00 0.00 0.00 0.00 0.00 0.00 0.00 0.00 0.00 0.00 0.00 0.00 0.00 0.00 0.00 0.00 0.00 0.00 0.00 0.00 0.00 0.00 0.00 0.00 3.80 3.80 5.77 5.33 5.26 2.41 1.75 0.00 0.00 0.00 0.00 0.00 0.00 0.00 0.00 0.00 0.00 0.00 0.00 0.00 0.00 0.00 1.68 3.50 4.74 5.62 5.62 5.77 5.11 6.28 5.26 4.31 2.99 1.83 0.00 0.00 0.00 1.75 3.21 2.56 2.92 2.12 0.51 0.00 0.00 0.00 0.00 0.00 0.00 0.00 0.00 0.00 0.00 2.77 3.87 3.87 3.29 2.56 2.85
0.00 0.00 0.00 0.00 0.00 0.00 0.00 0.00 0.00 0.00 0.00 0.00 0.00 0.00 0.00 0.00 0.00 0.00 0.00 0.00 0.00 0.00 0.00 0.00 0.00 3.80 3.80 5.77 5.33 5.26 2.41 1.75 0.00 0.00 0.00 0.00 0.00 0.00 0.00 0.00 0.00 0.00 0.00 0.00 0.00 0.00 0.00 1.68 3.50 4.74 5.62 5.62 5.77 5.11 6.28 5.26 4.31 2.99 1.83 0.00 0.00 0.00 1.75 3.21 2.56 2.92 2.12 0.51 0.00 0.00 0.00 0.00 0.00 0.00 0.00 0.00 0.00 0.00 2.77 3.87 3.87 3.29 2.56 2.85
0.00 0.00 0.00 0.00 0.00 0.00 0.00 0.00 0.00 0.00 0.00 0.00 0.00 0.00 0.00 0.00 0.00 0.00 0.00 0.00 0.00 0.00 0.00 0.00 0.00 0.00 0.00 0.00 2.41 2.48 1.53 0.00 0.00 0.00 0.00 0.00 0.00 0.00 0.00 0.00 0.00 0.00 0.00 0.00 0.00 0.00 0.00 0.00 6.79 6.42 6.79 6.79 5.99 6.13 4.67 2.70 0.00 0.00 0.00 0.00 0.00 0.00 0.00 0.29 0.07 0.00 0.00 0.00 0.00 0.00 0.00 0.00 0.00 0.00 0.44 2.12 2.12 4.09 6.42 7.23 8.32 9.05 10.15 7.88
