Wansh/Snow_depth/snowdepth-1987/winter/1988019.txt
ncols 321
nrows 161
xllcenter 60
yllcenter 15 
cellsize  0.25 
NODATA_value -1
[rows 0 to 36 of 161, columns 168 to 251 of 321]
8.40 7.52 6.50 5.04 5.04 5.84 5.62 5.69 5.77 5.77 6.20 6.57 7.01 6.86 6.42 6.64 7.37 8.47 9.56 10.59 11.17 11.17 6.35 6.79 6.72 6.94 6.72 2.41 0.00 0.00 0.00 0.00 4.89 12.19 14.67 14.67 13.36 12.19 13.07 14.67 14.02 12.19 10.29 11.39 12.85 16.35 18.18 20.44 20.95 19.78 17.89 16.13 14.82 14.09 14.75 16.86 21.53 25.11 26.28 25.92 25.92 24.89 24.60 25.92 27.96 28.47 28.69 26.65 23.94 20.15 17.67 17.45 17.89 17.08 16.86 18.32 20.59 22.34 22.41 22.27 21.90 21.10 20.88 21.90
11.46 8.83 7.30 6.79 6.20 5.99 6.28 6.50 7.01 7.01 7.81 7.74 7.88 8.10 7.30 7.08 7.96 9.56 10.37 10.29 8.61 8.03 6.50 7.23 7.01 6.06 0.95 0.00 0.00 0.00 0.00 0.00 0.00 11.39 11.53 11.53 10.66 11.17 13.80 15.33 15.26 14.60 14.97 15.70 17.30 19.42 19.56 18.03 18.03 17.81 17.16 17.23 16.72 15.91 17.01 18.76 23.00 25.26 27.30 26.57 26.57 25.55 25.26 26.28 27.52 27.67 28.18 26.86 24.60 22.34 21.02 19.42 18.98 19.27 19.78 20.51 21.02 22.12 22.48 22.41 21.61 19.56 18.83 18.47
15.62 13.14 11.02 9.93 8.98 8.10 6.79 6.64 6.86 6.86 6.64 6.86 7.01 6.86 7.81 8.10 8.47 9.71 10.59 10.66 9.20 8.98 7.59 8.03 7.96 1.68 0.00 0.00 0.00 0.00 0.00 1.31 7.45 4.96 9.86 9.86 10.44 12.34 14.97 17.16 17.96 17.37 17.08 17.23 16.79 17.74 17.30 17.37 17.74 17.45 17.30 18.03 17.67 18.18 19.35 20.29 21.24 22.41 23.94 25.04 25.04 25.99 25.70 25.55 26.35 26.65 26.79 26.72 25.26 24.09 24.09 23.43 20.88 19.71 19.27 19.13 19.13 19.56 19.93 20.37 20.22 19.49 17.96 17.23
15.62 13.14 11.02 9.93 8.98 8.10 6.79 6.64 6.86 6.86 6.64 6.86 7.01 6.86 7.81 8.10 8.47 9.71 10.59 10.66 9.20 8.98 7.59 8.03 7.96 1.68 0.00 0.00 0.00 0.00 0.00 1.31 7.45 4.96 9.86 9.86 10.44 12.34 14.97 17.16 17.96 17.37 17.08 17.23 16.79 17.74 17.30 17.37 17.74 17.45 17.30 18.03 17.67 18.18 19.35 20.29 21.24 22.41 23.94 25.04 25.04 25.99 25.70 25.55 26.35 26.65 26.79 26.72 25.26 24.09 24.09 23.43 20.88 19.71 19.27 19.13 19.13 19.56 19.93 20.37 20.22 19.49 17.96 17.23
16.86 16.06 14.38 12.41 11.02 10.07 9.13 7.66 6.42 6.42 7.66 8.32 8.76 8.47 10.07 12.05 12.85 12.34 10.59 10.15 8.69 7.59 8.69 5.91 1.17 0.00 0.00 0.00 0.00 0.00 0.00 4.02 7.45 8.32 8.47 8.47 11.10 14.09 16.13 17.52 18.10 16.94 16.50 15.04 13.87 14.24 16.72 18.10 17.96 18.03 18.03 18.18 17.81 18.98 19.13 19.05 21.10 21.90 22.41 23.36 23.36 24.60 25.26 25.48 26.28 26.43 24.97 24.45 23.51 23.29 23.07 21.83 20.95 18.76 18.03 17.67 17.37 17.45 18.47 19.35 19.56 18.83 18.69 18.91
17.52 17.30 15.48 13.65 12.34 11.97 12.56 12.56 9.71 9.71 9.20 11.10 12.12 12.48 11.97 11.97 12.41 11.46 9.56 7.08 3.72 3.65 0.29 6.13 0.00 0.00 0.00 0.00 0.00 0.00 3.36 6.79 7.66 7.59 8.69 8.69 8.18 12.48 13.80 14.75 15.48 15.77 16.06 15.04 14.16 13.87 15.77 16.86 16.86 17.89 18.69 19.93 20.15 19.71 18.91 19.86 20.51 19.86 19.05 19.71 19.71 21.97 23.29 26.13 25.92 22.92 20.15 19.49 19.13 19.27 19.35 18.47 18.18 17.01 17.30 17.30 16.94 16.35 17.37 18.32 18.98 19.49 19.71 20.08
18.10 18.54 18.25 17.16 15.48 13.87 15.04 16.86 15.84 15.84 12.85 12.41 13.07 13.80 14.16 12.56 11.24 8.25 4.53 0.00 0.00 0.00 0.00 0.00 0.00 0.00 0.00 0.00 0.00 4.09 6.79 8.76 8.54 10.29 12.78 12.78 14.60 12.70 13.14 11.39 11.39 11.32 12.26 12.85 13.36 15.84 16.64 17.59 18.69 19.35 20.29 20.51 20.08 18.32 17.81 18.32 18.10 17.74 17.45 18.47 18.47 20.22 21.90 23.36 22.70 19.71 17.01 16.28 16.72 15.77 15.48 15.62 13.94 13.80 14.38 14.89 13.94 13.51 14.16 16.73 19.55 21.94 22.30 24.71
18.10 18.54 18.25 17.16 15.48 13.87 15.04 16.86 15.84 15.84 12.85 12.41 13.07 13.80 14.16 12.56 11.24 8.25 4.53 0.00 0.00 0.00 0.00 0.00 0.00 0.00 0.00 0.00 0.00 4.09 6.79 8.76 8.54 10.29 12.78 12.78 14.60 12.70 13.14 11.39 11.39 11.32 12.26 12.85 13.36 15.84 16.64 17.59 18.69 19.35 20.29 20.51 20.08 18.32 17.81 18.32 18.10 17.74 17.45 18.47 18.47 20.22 21.90 23.36 22.70 19.71 17.01 16.28 16.72 15.77 15.48 15.62 13.94 13.80 14.38 17.22 19.23 19.43 19.40 28.42 32.28 29.20 28.69 25.64
14.38 18.76 20.29 18.98 16.64 14.82 13.94 14.97 15.40 15.40 14.67 13.87 13.21 13.51 14.02 10.66 7.23 3.72 0.00 0.00 0.00 0.00 0.00 0.00 0.00 0.00 0.00 2.41 4.23 6.20 7.74 9.05 10.51 12.56 14.60 14.60 16.06 13.87 15.84 7.88 7.59 9.42 11.75 13.29 16.21 18.10 18.76 20.22 21.46 21.17 21.24 20.73 20.00 18.18 17.23 15.77 15.26 15.55 16.50 17.96 17.96 20.29 21.32 19.78 18.18 16.06 14.89 13.07 12.78 12.92 12.92 12.78 12.34 12.87 15.35 16.83 19.51 18.36 15.35 21.08 23.06 22.57 22.28 24.51
8.54 11.24 14.31 15.62 15.55 14.45 13.87 13.21 13.51 13.51 13.65 13.65 12.92 9.05 6.20 5.18 0.95 0.00 0.00 0.00 0.00 0.00 0.00 0.00 0.00 3.07 0.00 5.91 6.72 7.96 7.74 8.69 9.93 11.75 13.14 13.14 14.67 12.63 9.64 10.37 9.71 12.92 15.99 16.35 16.43 16.72 18.76 20.51 20.44 19.56 20.37 18.69 16.86 15.70 15.11 14.24 14.45 15.48 15.62 16.06 16.06 17.08 17.52 16.79 15.11 12.85 12.05 11.17 10.95 11.17 11.75 11.61 12.19 14.71 15.40 15.25 17.67 20.03 21.07 18.49 17.46 17.64 21.26 21.90
9.27 8.10 8.32 9.34 10.15 11.61 12.85 12.70 12.34 12.34 12.12 10.15 7.08 5.40 0.58 0.00 0.00 0.00 0.00 0.00 0.00 0.00 1.31 5.18 5.77 6.13 5.84 5.99 7.30 7.45 7.66 7.45 7.59 9.13 10.44 10.44 12.41 12.41 11.46 11.83 8.91 17.45 16.06 14.02 13.94 14.75 15.04 15.70 15.99 15.77 16.28 15.26 13.94 13.72 13.36 14.02 14.97 15.55 14.82 13.65 13.65 12.99 12.05 12.41 12.19 11.39 10.80 10.73 10.95 11.83 11.53 11.24 11.16 10.15 9.48 12.66 15.43 17.05 14.40 13.97 15.02 16.01 14.70 15.87
9.27 8.10 8.32 9.34 10.15 11.61 12.85 12.70 12.34 12.34 12.12 10.15 7.08 5.40 0.58 0.00 0.00 0.00 0.00 0.00 0.00 0.00 1.31 5.18 5.77 6.13 5.84 5.99 7.30 7.45 7.66 7.45 7.59 9.13 10.44 10.44 12.41 12.41 11.46 11.83 8.91 17.45 16.06 14.02 13.94 14.75 15.04 15.70 15.99 15.77 16.28 15.26 13.94 13.72 13.36 14.02 14.97 15.55 14.82 13.65 13.65 12.99 12.05 12.41 12.19 11.39 10.80 10.73 10.95 11.83 11.53 11.24 10.88 10.00 9.20 11.76 13.75 15.79 15.36 14.49 15.02 15.66 16.15 16.98
13.65 11.53 9.27 7.52 7.74 7.30 6.06 4.53 3.72 3.72 1.97 1.31 0.00 0.00 0.00 0.00 0.00 0.00 0.51 4.60 5.33 4.23 4.82 5.62 6.42 5.99 4.82 5.48 5.62 6.94 6.64 5.62 6.94 8.25 9.78 9.78 12.41 13.43 13.14 13.87 14.89 15.26 12.05 10.95 10.44 9.42 8.76 10.29 11.83 12.63 13.51 13.43 12.19 13.58 12.99 13.36 13.51 13.21 11.75 10.95 10.95 9.86 9.86 10.88 10.95 10.22 11.10 11.24 11.10 11.97 11.97 11.97 11.61 10.37 8.98 10.93 12.88 12.59 12.36 13.07 13.59 15.46 16.28 15.06
14.02 14.16 13.14 10.73 8.40 6.28 3.50 0.00 0.00 0.00 0.00 0.00 0.00 0.00 0.00 0.00 0.00 1.68 4.67 4.82 4.53 4.16 5.77 5.62 5.77 5.55 6.20 7.81 8.18 6.79 6.64 6.64 8.03 8.76 9.56 9.56 10.44 11.97 12.48 11.68 11.17 10.29 11.68 7.59 6.86 6.79 7.81 9.42 10.29 11.46 11.17 11.02 10.73 11.24 12.26 13.36 12.41 11.97 10.88 9.86 9.86 9.56 11.10 11.53 11.61 11.97 11.90 12.05 12.70 13.36 13.72 12.56 11.39 11.96 13.75 13.46 11.34 12.45 13.70 11.86 13.68 12.90 13.40 14.84
18.10 17.67 17.01 15.77 15.77 12.85 9.49 5.18 1.10 1.10 0.00 0.00 0.00 0.00 0.07 0.00 2.34 2.26 2.48 3.58 4.38 4.89 5.18 4.96 5.55 6.35 7.66 7.96 8.25 8.83 8.54 7.52 7.96 8.98 9.71 9.71 9.56 9.78 9.86 10.00 8.91 7.52 5.91 7.74 5.33 7.23 8.76 9.64 9.42 9.49 9.05 10.59 11.17 11.83 12.70 12.92 12.12 12.12 10.95 10.73 10.73 10.88 12.41 12.99 12.34 11.53 11.68 12.05 12.26 14.45 15.11 13.94 14.05 15.10 13.44 12.94 12.35 13.30 12.74 11.79 11.95 12.51 12.97 11.52
19.13 19.78 17.89 16.94 16.57 15.99 14.53 12.56 10.29 10.29 8.32 7.08 6.28 4.67 3.65 2.41 1.68 1.10 1.02 1.53 2.92 3.58 4.89 6.86 5.69 7.23 6.79 6.42 6.94 8.10 8.76 7.74 9.05 9.34 9.27 9.27 9.71 9.05 9.05 7.74 7.15 6.57 6.50 6.35 5.04 6.94 7.81 8.83 8.25 8.47 8.61 8.91 9.71 11.17 12.41 12.78 12.63 12.78 11.90 12.19 12.19 12.63 13.21 12.99 12.26 11.02 10.80 10.51 12.05 14.97 15.84 16.11 16.38 15.38 15.15 12.50 12.80 11.44 12.14 12.51 12.38 13.19 12.05 12.09
19.13 19.78 17.89 16.94 16.57 15.99 14.53 12.56 10.29 10.29 8.32 7.08 6.28 4.67 3.65 2.41 1.68 1.10 1.02 1.53 2.92 3.58 4.89 6.86 5.69 7.23 6.79 6.42 6.94 8.10 8.76 7.74 9.05 9.34 9.27 9.27 9.71 9.05 9.05 7.74 7.15 6.57 6.50 6.35 5.04 6.94 7.81 8.83 8.25 8.47 8.61 8.91 9.71 11.17 12.41 12.78 12.63 12.78 11.90 12.19 12.19 12.63 13.21 12.99 12.26 11.02 10.80 10.51 12.05 14.97 15.84 19.77 15.35 16.72 13.61 15.47 12.99 12.65 12.38 11.29 11.97 11.35 13.11 13.72
12.85 16.43 15.70 13.94 12.56 11.83 10.66 10.44 9.93 9.93 9.05 7.66 5.40 3.80 1.90 1.17 0.73 0.58 0.95 1.31 2.12 2.70 3.07 6.13 5.69 7.01 6.57 6.57 6.72 7.30 8.40 8.83 8.61 9.49 9.49 9.49 9.34 8.98 8.10 7.52 7.96 8.18 8.47 7.81 6.64 6.42 5.91 5.99 6.64 7.23 7.23 8.18 10.22 11.17 11.61 12.92 13.29 13.72 13.94 13.51 13.51 13.80 13.94 12.26 11.39 10.22 10.59 11.24 12.99 14.60 17.10 17.16 18.25 16.44 15.73 18.10 16.35 13.33 12.65 14.28 12.43 12.00 12.91 11.70
8.40 11.61 14.02 14.09 12.63 11.10 9.13 7.81 6.86 6.86 5.77 5.18 4.89 4.09 2.70 1.68 1.53 2.12 2.26 2.41 3.14 4.23 5.26 5.55 6.86 7.08 5.77 5.91 6.20 7.15 7.45 8.32 8.03 7.81 8.10 8.10 8.83 9.20 8.69 8.54 8.32 7.88 7.96 5.77 4.31 6.13 4.89 4.67 5.11 5.77 5.48 6.35 8.54 9.86 11.17 11.97 13.07 14.16 13.87 13.43 13.43 13.43 13.43 12.70 11.61 11.53 11.46 12.12 12.85 14.45 16.81 17.77 18.42 18.56 18.27 17.48 16.32 15.94 14.70 14.39 11.53 12.22 11.51 13.26
7.08 8.47 9.93 11.17 12.78 12.48 10.29 8.25 6.86 6.86 6.42 5.84 5.11 4.82 5.04 3.43 2.77 3.65 4.38 5.04 5.26 5.26 5.91 6.64 7.45 6.35 5.33 5.33 5.40 6.13 7.66 9.86 10.66 8.61 9.27 9.27 9.42 8.98 8.98 8.47 7.88 7.52 6.42 4.09 3.29 3.87 3.29 5.77 7.23 7.45 7.59 8.25 9.13 9.78 10.66 11.97 13.65 14.82 16.13 16.21 16.21 16.06 16.43 14.97 12.63 11.90 11.61 12.63 13.87 15.04 16.28 18.10 18.98 19.49 19.13 20.18 19.82 19.57 20.30 15.34 14.49 12.93 12.17 14.39
8.03 6.72 6.94 7.66 8.83 10.59 11.61 9.42 7.88 7.88 6.86 6.06 5.40 5.69 4.60 4.96 4.74 4.38 5.77 6.86 7.66 8.10 8.40 6.79 5.91 6.79 6.42 6.50 6.13 7.37 10.37 12.05 11.83 11.10 10.44 10.44 11.17 10.44 8.69 7.01 5.77 4.31 4.38 4.16 4.60 6.86 8.18 7.08 10.88 10.22 11.32 11.53 12.12 12.05 13.36 14.38 16.94 17.81 18.61 18.10 18.10 15.99 15.18 12.99 11.39 10.44 10.29 13.65 15.33 15.77 17.08 17.89 19.05 21.24 23.42 25.34 29.40 23.80 22.46 18.47 19.75 14.49 15.98 14.11
4.31 3.72 5.40 6.13 6.72 7.59 8.83 8.98 7.74 7.74 7.30 6.50 6.79 7.08 6.79 5.77 5.33 6.06 6.79 8.10 8.40 8.18 7.45 7.37 7.81 7.52 7.88 7.52 7.88 10.00 12.70 12.92 12.12 12.70 13.58 13.58 12.12 9.42 7.15 5.62 6.42 6.28 6.20 5.99 6.50 8.03 8.10 9.64 9.42 10.44 11.17 11.68 11.61 11.97 15.70 17.01 17.52 17.67 18.18 15.84 15.84 11.90 8.36 7.81 7.08 8.54 9.64 11.10 13.65 16.06 16.64 16.35 18.54 21.02 23.57 25.59 31.80 27.20 26.59 19.95 15.89 15.93 18.64 17.27
4.31 3.72 5.40 6.13 6.72 7.59 8.83 8.98 7.74 7.74 7.30 6.50 6.79 7.08 6.79 5.77 5.33 6.06 6.79 8.10 8.40 8.18 7.45 7.37 7.81 7.52 7.88 7.52 7.88 10.00 12.70 12.92 12.12 12.70 13.58 13.58 12.12 9.42 7.15 5.62 6.42 6.28 6.20 5.99 6.50 8.03 8.10 9.64 9.42 10.44 11.17 11.68 11.61 11.97 15.70 17.01 17.52 17.67 18.18 15.84 15.84 11.90 8.36 7.81 7.08 8.54 9.64 11.10 13.65 16.06 16.64 16.35 18.54 21.02 22.63 25.73 24.70 23.93 22.26 23.22 19.43 16.27 14.60 15.94
1.53 2.77 3.50 4.45 5.55 6.72 7.52 7.88 8.98 8.98 7.59 6.72 6.64 6.64 6.28 5.91 5.99 7.37 9.13 9.56 9.13 8.98 9.20 9.56 7.52 9.20 9.78 10.66 12.12 13.14 14.16 13.07 12.34 12.70 12.48 12.48 11.97 11.24 8.18 9.34 11.53 10.80 8.83 7.45 6.86 6.57 5.69 6.50 7.81 8.54 9.42 9.56 9.13 10.73 13.36 14.89 14.82 14.09 13.14 9.78 9.78 7.01 2.04 0.00 3.65 7.15 8.61 10.07 12.41 13.43 14.09 13.87 15.84 18.98 21.61 22.96 24.67 31.45 28.29 23.20 20.24 16.13 16.63 17.82
1.24 1.68 2.63 3.94 4.53 5.26 6.79 8.25 9.34 9.34 9.86 9.27 7.96 7.66 7.37 6.86 6.35 7.45 8.98 10.00 10.29 9.56 10.15 10.59 9.86 11.24 11.10 14.24 15.33 15.26 14.38 13.14 12.41 11.90 11.75 11.75 12.85 10.66 11.39 13.07 12.85 11.32 9.56 7.23 6.64 5.04 4.02 4.53 4.96 7.08 7.74 6.94 7.37 8.54 10.07 10.95 10.73 8.91 7.45 3.43 3.43 0.00 0.00 0.00 1.83 5.69 7.52 9.49 10.66 11.32 11.24 11.68 14.31 17.96 21.41 24.05 23.49 23.98 24.88 21.53 23.48 16.93 19.54 20.09
0.66 0.29 1.61 2.34 3.43 4.67 6.86 9.27 11.32 11.32 12.78 11.90 10.37 8.98 9.27 9.93 10.07 9.56 11.53 11.83 11.75 12.56 12.99 12.85 13.80 13.65 15.99 18.76 19.56 18.98 15.91 15.70 14.02 12.05 11.68 11.68 12.41 12.19 12.85 12.70 12.92 11.53 9.71 6.06 5.48 2.99 2.48 2.48 3.36 4.53 5.55 4.96 4.89 4.74 5.99 6.42 5.26 4.45 3.29 0.00 0.00 0.00 0.00 0.00 2.56 4.45 6.20 9.42 11.24 11.32 11.68 12.48 15.42 19.91 22.83 25.87 25.69 22.15 22.53 24.15 21.22 20.61 18.35 16.98
3.29 2.85 3.50 4.74 5.26 5.40 7.96 10.66 12.56 12.56 13.72 13.51 11.53 10.15 9.34 9.71 10.00 12.12 12.78 14.67 16.35 15.62 16.72 17.45 18.61 16.57 17.30 20.59 20.95 19.42 17.23 15.26 13.36 10.73 10.73 10.73 10.80 10.88 11.32 11.24 11.83 8.83 6.57 4.74 4.02 4.02 4.82 4.60 5.04 5.62 4.02 3.87 2.99 2.63 3.07 3.36 3.14 3.36 4.09 3.36 3.36 2.34 1.31 2.12 2.41 4.16 5.84 8.18 11.10 12.70 15.62 16.43 19.19 23.61 27.24 27.34 26.75 27.34 23.36 22.65 20.75 18.63 20.22 17.94
5.55 5.40 5.18 6.42 6.79 6.72 8.69 10.88 11.53 11.53 11.53 11.02 10.15 9.13 8.91 8.76 7.59 8.10 9.56 12.12 13.94 16.13 16.43 17.16 18.69 19.42 18.32 19.42 18.47 17.01 14.53 12.70 11.39 10.95 10.37 10.37 9.64 8.61 7.52 6.94 9.20 6.50 6.50 7.01 7.37 7.88 7.08 7.66 7.88 6.94 4.60 4.31 3.94 3.94 4.02 3.50 3.58 4.23 5.18 5.99 5.99 4.82 2.56 2.63 3.65 5.84 7.45 9.49 12.26 15.40 18.72 22.53 26.80 26.06 27.03 27.53 23.25 24.82 25.96 21.85 20.36 19.28 19.11 14.89
5.55 5.40 5.18 6.42 6.79 6.72 8.69 10.88 11.53 11.53 11.53 11.02 10.15 9.13 8.91 8.76 7.59 8.10 9.56 12.12 13.94 16.13 16.43 17.16 18.69 19.42 18.32 19.42 18.47 17.01 14.53 12.70 11.39 10.95 10.37 10.37 9.64 8.61 7.52 6.94 9.20 6.50 6.50 7.01 7.37 7.88 7.08 7.66 7.88 6.94 4.60 4.31 3.94 3.94 4.02 3.50 3.58 4.23 5.18 5.99 5.99 4.82 2.56 2.63 3.65 5.84 7.45 9.49 12.26 15.40 18.81 22.29 24.23 29.03 28.84 32.12 26.98 24.02 27.11 21.23 21.53 22.86 17.44 12.64
5.69 5.11 6.06 6.35 6.79 8.18 9.05 11.17 13.72 13.72 12.78 10.66 9.64 9.86 9.42 8.03 7.30 7.08 7.08 10.44 11.24 13.87 13.72 14.09 15.11 16.86 17.37 16.28 17.30 14.89 12.56 10.59 9.64 8.83 7.81 7.81 7.59 6.94 6.79 7.52 6.42 6.72 9.34 10.22 11.17 10.95 11.39 10.66 9.93 8.69 8.03 8.03 5.04 5.33 5.26 5.04 5.18 6.06 6.94 7.08 7.12 5.43 3.59 3.58 5.62 9.20 10.59 11.83 15.41 18.07 21.68 24.55 28.85 31.27 31.00 29.20 25.65 23.81 24.70 22.25 20.40 22.88 14.69 10.89
8.83 8.18 7.96 7.66 7.08 7.88 8.54 9.42 11.46 11.46 11.83 10.95 10.44 11.17 11.46 11.61 11.53 11.75 11.68 12.56 14.97 16.35 14.75 15.99 15.04 14.75 16.86 13.72 15.99 13.43 9.93 8.32 7.23 7.15 7.15 7.15 8.10 8.47 10.51 11.17 11.02 9.64 11.39 12.56 12.99 13.14 12.92 11.75 11.32 10.51 9.27 8.10 8.61 8.10 7.37 6.72 6.79 7.74 7.74 7.23 7.23 6.50 6.42 7.08 9.56 10.88 12.12 14.45 18.83 20.59 23.00 25.51 27.65 29.65 27.26 23.71 22.60 18.12 19.81 21.63 18.91 15.94 10.71 7.90
13.29 12.34 10.95 9.78 9.27 7.96 7.96 9.20 9.86 9.86 9.78 8.32 7.45 8.25 9.20 10.51 10.88 11.61 13.14 14.09 15.04 17.67 19.71 18.54 19.20 16.86 15.26 16.35 17.23 13.14 12.05 9.86 8.54 9.71 9.86 9.86 11.17 11.61 12.41 11.90 11.39 9.78 11.02 11.39 11.32 10.88 9.93 9.64 8.91 7.88 7.30 7.96 8.40 8.10 8.40 5.48 5.40 5.55 5.91 6.94 6.94 7.74 8.61 10.22 11.90 12.85 15.26 16.94 20.51 21.61 22.34 24.77 28.27 27.40 20.81 20.37 17.52 15.94 14.29 16.41 13.36 12.64 8.99 6.79
12.70 11.39 10.07 9.20 9.78 9.34 8.25 7.66 6.94 6.94 6.86 7.45 6.50 6.28 5.84 7.59 10.73 12.48 14.89 14.67 17.96 19.64 22.78 25.48 24.89 25.26 16.94 24.89 23.43 22.41 20.88 17.74 14.53 12.99 12.63 12.63 12.05 11.68 11.17 8.83 7.59 6.50 6.57 8.18 8.10 7.96 7.52 7.52 6.94 5.33 5.18 5.55 5.99 4.89 6.79 3.65 2.56 3.72 4.60 6.06 6.06 6.86 8.76 10.07 11.53 14.97 18.18 18.69 20.44 20.37 22.34 23.60 26.17 23.80 18.53 13.71 12.51 11.94 10.45 8.41 8.21 10.31 7.41 6.08
9.56 8.83 8.54 8.25 8.03 7.66 7.15 6.79 6.72 6.72 5.48 4.82 6.72 9.34 10.59 10.80 13.07 17.23 19.64 23.29 24.31 26.65 29.05 30.08 31.03 30.30 28.69 25.55 25.92 23.21 22.70 18.18 15.55 13.21 11.97 11.97 10.80 9.71 7.81 5.91 4.74 0.00 0.00 5.04 5.48 5.11 5.40 5.91 5.33 4.53 3.94 3.29 0.00 0.00 0.00 0.00 0.00 3.29 5.18 6.72 6.72 8.25 9.13 10.29 11.32 13.72 15.04 16.06 17.74 19.42 22.05 22.12 20.36 13.67 10.71 9.91 8.71 6.27 6.64 5.69 5.10 5.31 4.89 5.53
6.86 6.79 7.45 7.74 6.94 6.20 5.99 4.96 4.60 4.60 5.48 7.59 10.00 12.63 17.52 18.98 20.88 23.36 27.67 29.27 30.44 30.37 30.00 28.32 26.28 23.36 23.21 24.82 20.15 17.74 15.48 18.18 11.97 10.15 7.30 7.30 6.50 6.13 4.45 3.72 0.00 0.00 0.00 0.00 3.65 4.16 5.91 7.81 6.57 6.28 4.53 3.94 3.87 3.94 4.23 5.18 0.00 4.74 5.91 7.30 7.30 7.01 7.74 7.52 7.52 9.20 10.51 13.80 18.25 20.37 21.17 19.08 14.23 10.06 7.89 6.48 5.93 3.71 2.35 1.87 1.66 1.90 2.89 4.54
6.86 6.79 7.45 7.74 6.94 6.20 5.99 4.96 4.60 4.60 5.48 7.59 10.00 12.63 17.52 18.98 20.88 23.36 27.67 29.27 30.44 30.37 30.00 28.32 26.28 23.36 23.21 24.82 20.15 17.74 15.48 18.18 11.97 10.15 7.30 7.30 6.50 6.13 4.45 3.72 0.00 0.00 0.00 0.00 3.65 4.16 5.91 7.81 6.57 6.28 4.53 3.94 3.87 3.94 4.23 5.18 0.00 4.74 5.91 7.30 7.30 7.01 7.74 7.52 7.52 9.20 10.51 13.80 18.25 20.37 21.17 18.98 14.01 9.90 7.89 6.77 5.29 3.57 2.29 1.97 1.63 2.00 2.89 4.45
8.98 7.23 7.30 7.96 7.23 6.94 7.15 7.23 6.35 6.35 7.37 8.10 11.68 16.06 18.76 19.49 21.10 23.87 26.21 27.74 28.54 26.50 24.09 21.97 20.22 18.32 15.33 16.28 13.14 10.95 9.27 7.74 9.64 5.99 4.45 4.45 4.23 4.02 0.00 0.00 0.00 0.00 0.00 0.00 0.00 0.00 7.66 8.40 7.59 7.23 5.62 6.13 7.01 7.59 6.79 5.99 4.74 4.96 5.04 6.28 6.28 6.42 5.55 4.53 5.91 7.37 10.15 13.87 18.69 18.69 18.18 16.50 11.10 8.04 5.06 3.04 2.26 1.02 0.00 0.00 0.00 0.00 0.00 0.97
