Wansh/Snow_depth/snowdepth-1990/spring/1979080.txt
ncols 321
nrows 161
xllcenter 60
yllcenter 15 
cellsize  0.25 
NODATA_value -1
[rows 0 to 36 of 161, columns 84 to 167 of 321]
19.05 17.74 16.64 14.75 13.36 12.48 11.02 10.95 14.24 10.80 10.00 0.00 7.23 9.34 11.17 11.90 14.16 14.97 14.97 14.53 14.24 12.85 12.26 0.00 0.00 0.00 0.00 0.00 0.00 0.00 0.00 0.00 8.91 6.57 6.13 6.13 8.54 10.07 10.51 9.86 8.61 9.13 7.88 7.88 2.99 2.56 0.00 0.00 0.00 0.00 0.00 0.00 0.00 7.88 10.51 12.05 12.99 13.14 9.42 4.96 0.00 0.00 0.00 0.88 1.39 3.43 5.26 6.57 6.57 8.32 11.24 10.51 9.42 8.98 8.69 9.64 10.59 12.26 14.31 12.70 13.72 11.46 9.64 10.00
15.26 12.99 12.56 13.29 12.85 13.14 10.73 8.40 7.96 5.48 3.58 5.04 0.00 0.00 9.05 10.59 13.36 15.55 15.55 16.28 17.16 17.08 13.80 9.34 4.82 2.63 0.00 0.00 0.00 0.00 0.00 0.00 9.42 10.37 6.50 4.82 0.00 4.16 4.23 5.48 6.64 8.69 6.94 6.94 5.40 0.00 0.00 0.00 0.00 0.00 0.00 0.00 0.00 0.00 7.15 0.00 9.13 8.18 7.01 5.48 4.74 4.45 3.50 2.19 2.85 4.74 4.45 7.01 7.01 9.42 9.78 11.83 12.26 0.00 13.07 15.77 16.35 16.50 16.13 17.45 17.52 16.35 14.60 14.16
14.97 12.48 11.46 9.34 6.50 8.10 8.54 8.25 7.66 8.61 7.88 7.81 7.74 6.86 4.53 3.07 4.82 8.91 8.91 13.43 14.89 16.43 16.28 13.21 7.74 3.43 2.85 0.00 0.00 0.00 0.00 0.00 0.00 0.00 7.66 6.20 6.28 6.64 7.15 7.52 9.05 9.34 11.68 11.68 13.07 12.78 9.93 0.00 0.00 0.00 0.00 0.00 0.00 4.38 6.35 8.98 10.59 11.75 12.63 12.70 9.71 9.13 10.15 11.10 9.42 8.98 11.61 13.43 13.43 13.14 11.75 10.80 11.61 14.38 16.43 17.45 15.70 16.21 19.35 19.20 18.61 18.18 17.81 17.89
14.97 12.48 11.46 9.34 6.50 8.10 8.54 8.25 7.66 8.61 7.88 7.81 7.74 6.86 4.53 3.07 4.82 8.91 8.91 13.43 14.89 16.43 16.28 13.21 7.74 3.43 2.85 0.00 0.00 0.00 0.00 0.00 0.00 0.00 7.66 6.20 6.28 6.64 7.15 7.52 9.05 9.34 11.68 11.68 13.07 12.78 9.93 0.00 0.00 0.00 0.00 0.00 0.00 4.38 6.35 8.98 10.59 11.75 12.63 12.70 9.71 9.13 10.15 11.10 9.42 8.98 11.61 13.43 13.43 13.14 11.75 10.80 11.61 14.38 16.43 17.45 15.70 16.21 19.35 19.20 18.61 18.18 17.81 17.89
9.64 5.62 3.65 4.67 4.31 6.28 7.81 6.72 8.18 9.42 8.18 5.33 7.52 8.03 7.01 5.26 3.65 0.00 0.00 0.00 3.72 8.10 14.24 17.30 16.72 8.91 0.00 0.00 0.00 0.00 0.00 0.00 0.00 0.00 9.49 12.41 12.48 12.63 9.56 7.01 6.35 5.77 6.20 6.20 11.10 13.94 13.14 8.54 0.00 0.00 0.00 0.00 0.00 0.00 0.00 3.80 5.33 7.08 9.34 10.66 12.05 13.72 11.24 11.24 13.36 14.75 14.82 14.60 14.60 14.89 12.56 11.02 12.63 12.99 13.58 15.70 19.05 19.93 19.93 19.64 18.47 18.18 17.08 17.01
8.25 7.30 5.91 5.99 5.69 2.48 2.04 2.12 0.00 2.77 6.28 9.20 9.93 10.15 13.21 12.63 11.24 7.81 7.81 4.16 0.00 0.00 3.58 11.90 15.48 15.99 8.25 0.00 0.00 0.00 0.00 0.00 0.00 0.00 7.74 8.83 8.69 7.96 5.69 0.00 0.00 0.00 0.00 0.00 3.50 7.01 9.49 10.44 8.03 0.00 0.00 0.00 0.00 0.00 0.00 0.00 1.68 4.60 6.72 8.25 8.69 10.80 13.58 15.55 16.06 16.94 16.06 13.07 13.07 11.83 12.19 14.82 15.99 13.80 10.88 10.80 16.13 12.41 12.92 14.82 17.74 19.13 18.98 16.64
4.31 4.23 4.60 6.13 6.86 7.15 5.18 2.04 2.41 4.67 6.13 9.20 12.56 11.10 9.42 10.59 14.02 15.48 15.48 12.48 9.64 3.29 0.00 0.00 6.86 6.13 0.00 0.15 0.00 0.00 0.00 0.00 0.00 5.84 7.45 8.91 9.05 4.60 0.00 0.00 0.00 0.00 0.00 0.00 3.07 6.57 10.37 13.36 8.83 3.87 0.00 0.00 0.00 0.00 4.74 5.33 5.77 7.37 8.18 9.42 10.29 13.43 16.06 17.16 17.81 17.59 15.33 14.75 14.75 12.92 16.35 16.64 17.59 17.08 14.31 12.41 13.80 12.48 11.68 10.66 13.65 18.40 18.10 17.67
4.31 4.23 4.60 6.13 6.86 7.15 5.18 2.04 2.41 4.67 6.13 9.20 12.56 11.10 9.42 10.59 14.02 15.48 15.48 12.48 9.64 3.29 0.00 0.00 6.86 6.13 0.00 0.15 0.00 0.00 0.00 0.00 0.00 5.84 7.45 8.91 9.05 4.60 0.00 0.00 0.00 0.00 0.00 0.00 3.07 6.57 10.37 13.36 8.83 3.87 0.00 0.00 0.00 0.00 4.74 5.33 5.77 7.37 8.18 9.42 10.29 13.43 16.06 17.16 17.81 17.59 15.33 14.75 14.75 12.92 16.35 16.64 17.59 17.08 14.31 12.41 13.80 12.48 11.68 10.66 13.65 18.40 18.10 17.67
2.26 2.85 2.63 2.26 3.21 3.36 3.65 3.14 5.84 10.37 9.34 3.50 2.34 3.21 4.82 7.15 11.83 14.60 14.60 14.67 12.70 7.45 2.85 2.41 0.00 1.83 2.12 0.00 0.00 0.00 0.00 0.00 4.31 5.26 8.83 10.15 8.18 5.26 0.00 0.00 0.00 0.00 0.00 0.00 5.18 0.00 7.81 7.30 0.00 0.00 0.00 3.65 2.77 1.53 1.97 2.26 3.50 6.28 7.88 8.40 10.00 12.05 13.80 12.63 15.91 18.32 16.35 17.23 17.23 18.18 17.59 17.96 15.55 13.58 16.13 13.43 13.51 12.63 12.48 13.07 11.75 11.83 12.92 14.31
2.92 2.12 1.53 1.75 2.48 3.65 6.06 11.53 15.77 15.77 11.90 3.72 0.00 2.99 11.02 14.53 15.18 15.33 15.33 15.91 13.87 13.58 7.01 0.66 0.00 0.88 3.07 0.00 0.00 0.00 0.00 3.94 4.89 7.59 10.66 10.59 8.98 8.54 7.08 5.77 4.60 4.53 2.77 2.77 3.36 4.23 4.89 5.77 6.28 8.10 10.44 11.32 10.59 8.40 7.23 8.03 7.30 7.45 8.18 7.81 8.61 8.76 7.59 7.74 9.27 10.80 13.14 14.38 14.38 13.43 13.58 14.97 14.67 14.82 10.73 11.97 16.64 19.20 19.20 18.03 14.82 10.88 10.22 11.24
1.17 1.75 2.19 4.96 9.42 9.64 11.39 12.92 15.70 16.13 6.50 1.53 2.34 4.16 7.45 9.78 8.10 9.20 9.20 11.83 14.09 10.66 3.14 0.00 0.00 0.00 0.00 4.67 3.65 0.00 3.87 4.60 3.21 4.53 6.94 7.96 8.76 8.69 7.96 5.33 4.67 7.74 7.23 7.23 6.35 5.40 4.09 6.86 8.83 8.83 9.42 11.46 12.12 9.93 8.69 9.71 11.53 12.05 10.95 8.98 9.93 11.75 11.02 10.66 12.63 11.53 16.86 18.18 18.18 19.42 17.01 15.62 14.24 15.91 15.33 14.45 18.76 22.12 21.90 18.69 16.13 14.89 13.14 11.97
1.17 1.75 2.19 4.96 9.42 9.64 11.39 12.92 15.70 16.13 6.50 1.53 2.34 4.16 7.45 9.78 8.10 9.20 9.20 11.83 14.09 10.66 3.14 0.00 0.00 0.00 0.00 4.67 3.65 0.00 3.87 4.60 3.21 4.53 6.94 7.96 8.76 8.69 7.96 5.33 4.67 7.74 7.23 7.23 6.35 5.40 4.09 6.86 8.83 8.83 9.42 11.46 12.12 9.93 8.69 9.71 11.53 12.05 10.95 8.98 9.93 11.75 11.02 10.66 12.63 11.53 16.86 18.18 18.18 19.42 17.01 15.62 14.24 15.91 15.33 14.45 18.76 22.12 21.90 18.69 16.13 14.89 13.14 11.97
1.68 7.66 8.76 10.51 12.19 11.46 7.96 3.94 0.00 0.00 0.00 0.00 0.00 5.40 0.00 0.00 11.83 16.94 16.94 19.35 16.35 9.13 1.02 0.00 3.21 3.07 0.00 0.00 0.00 4.23 3.14 3.94 5.33 5.99 6.64 8.98 10.59 8.69 9.13 10.66 11.32 10.80 9.42 9.42 8.40 8.18 8.18 8.91 10.80 12.48 19.13 21.61 16.64 13.29 10.37 10.88 15.33 19.93 20.22 15.70 13.21 10.80 10.00 10.29 10.80 14.31 15.33 16.28 16.28 16.35 16.06 16.21 15.40 15.91 18.61 19.78 21.90 23.65 23.14 20.66 18.40 16.57 17.59 17.08
6.86 9.49 10.51 11.75 12.19 1.17 0.00 0.00 0.00 3.58 2.77 2.41 4.38 8.40 9.56 9.20 10.37 13.80 13.80 12.99 8.32 6.86 4.89 6.13 5.18 2.48 2.63 1.90 0.00 5.55 8.40 10.80 11.97 12.05 11.90 14.16 15.55 14.02 13.36 12.92 11.24 9.56 8.69 8.69 8.83 10.88 13.07 14.09 14.24 15.04 15.55 15.70 14.82 15.99 14.53 12.99 13.72 15.18 14.09 11.53 13.43 15.84 16.35 15.40 12.56 14.09 14.67 16.13 16.13 18.61 17.67 17.74 16.21 16.06 17.08 18.47 19.64 19.13 17.96 14.97 13.58 13.21 12.70 13.43
8.69 7.88 8.83 10.22 8.10 4.09 1.90 0.00 0.00 7.52 9.13 8.69 9.05 11.53 14.38 15.91 13.65 9.93 9.93 7.30 0.00 6.20 6.86 7.30 0.00 3.36 5.04 4.60 10.88 13.14 14.82 18.03 18.25 16.57 15.84 15.77 12.12 9.27 8.98 10.66 11.83 11.61 13.58 13.58 13.94 16.57 18.25 18.54 18.10 17.37 17.96 17.74 18.83 20.44 22.05 20.51 20.44 18.40 13.36 9.42 9.34 10.37 12.41 15.62 16.21 15.84 14.16 11.39 11.39 14.24 15.84 17.89 16.86 15.04 15.40 14.09 10.15 6.86 0.00 6.79 13.51 18.18 13.65 15.11
3.72 6.06 7.81 8.69 9.34 4.23 1.90 3.21 5.55 7.66 8.47 9.05 10.29 11.24 11.68 11.24 10.22 9.05 9.05 0.00 0.00 0.00 9.93 13.51 13.51 10.66 7.74 10.15 11.83 15.55 18.69 20.44 17.16 13.58 11.46 8.98 6.06 4.53 6.64 11.17 16.21 18.69 17.37 17.37 14.67 12.56 11.90 12.70 12.12 13.51 14.67 13.29 15.33 20.22 23.87 25.40 23.87 20.88 12.19 7.45 7.74 7.52 6.86 9.49 9.64 13.21 15.77 15.70 15.70 11.68 16.35 16.86 17.67 20.81 20.88 16.35 9.27 0.00 0.00 12.12 17.81 15.04 12.78 16.13
3.72 6.06 7.81 8.69 9.34 4.23 1.90 3.21 5.55 7.66 8.47 9.05 10.29 11.24 11.68 11.24 10.22 9.05 9.05 0.00 0.00 0.00 9.93 13.51 13.51 10.66 7.74 10.15 11.83 15.55 18.69 20.44 17.16 13.58 11.46 8.98 6.06 4.53 6.64 11.17 16.21 18.69 17.37 17.37 14.67 12.56 11.90 12.70 12.12 13.51 14.67 13.29 15.33 20.22 23.87 25.40 23.87 20.88 12.19 7.45 7.74 7.52 6.86 9.49 9.64 13.21 15.77 15.70 15.70 11.68 16.35 16.86 17.67 20.81 20.88 16.35 9.27 0.00 0.00 12.12 17.81 15.04 12.78 16.13
4.38 7.23 8.76 8.03 9.05 5.99 0.37 0.00 0.37 3.65 5.62 6.57 8.98 11.75 11.46 10.73 12.12 10.95 10.95 0.00 0.00 0.00 6.42 7.30 11.68 12.63 12.78 10.59 10.51 12.26 14.82 16.79 16.21 14.24 11.02 5.69 1.46 3.80 7.74 10.88 13.07 13.51 12.99 12.99 14.09 14.67 14.53 14.67 14.45 15.77 17.81 17.96 17.67 19.05 19.56 19.49 16.50 11.61 7.74 7.81 12.99 11.32 12.63 10.44 10.29 14.53 16.13 15.77 15.77 18.40 18.47 15.26 16.94 25.62 24.67 16.21 8.25 0.00 0.00 11.83 12.26 7.37 5.26 5.55
4.45 7.66 8.40 8.69 9.78 7.52 3.58 1.10 1.75 4.23 5.69 5.99 7.74 12.85 14.16 14.45 15.40 12.48 12.48 9.20 8.10 5.48 3.94 6.06 9.93 13.51 13.87 13.36 12.12 12.19 17.52 17.81 18.76 19.78 15.33 10.44 7.88 8.03 8.54 10.66 12.26 13.80 16.21 16.21 17.81 19.64 20.95 21.53 21.61 23.58 23.21 20.44 18.40 17.89 20.37 21.53 15.84 13.07 15.11 15.77 18.54 17.01 16.06 12.92 15.26 17.52 17.37 20.44 20.44 23.07 21.02 18.10 18.91 20.37 17.67 9.93 3.29 0.00 4.38 4.96 6.72 7.15 6.79 4.82
2.85 7.59 9.05 10.37 12.34 13.58 12.78 7.23 2.92 6.28 10.00 8.03 8.40 10.51 11.46 12.70 13.07 15.91 15.91 17.89 16.13 12.05 7.15 2.99 6.06 12.48 12.78 12.56 12.99 12.92 14.53 15.62 15.55 15.62 14.24 12.41 7.52 5.62 5.04 4.60 5.69 13.29 22.70 22.70 26.65 30.95 27.52 25.70 27.16 28.18 27.59 25.70 22.70 19.64 20.44 21.83 22.63 21.10 18.03 19.05 19.86 25.84 21.75 17.16 17.23 17.59 17.52 25.55 25.55 22.78 16.28 13.43 10.80 9.20 8.25 4.74 4.09 4.53 5.18 4.82 5.91 7.37 7.45 6.72
5.62 6.35 6.79 8.10 12.48 12.92 15.40 13.87 10.59 8.69 8.18 8.76 9.27 9.64 8.47 8.10 8.10 11.75 11.75 14.31 14.02 10.29 10.66 8.03 10.80 12.78 13.87 12.19 10.37 8.03 6.94 5.69 7.45 9.64 8.32 5.99 4.23 0.00 0.00 0.00 2.26 5.48 14.45 14.45 26.28 31.39 29.71 27.52 30.15 29.57 28.25 29.35 28.69 25.62 24.31 26.86 26.50 20.22 14.75 16.94 23.00 26.43 24.02 20.66 20.59 19.35 21.46 20.08 20.08 13.14 6.64 3.94 4.16 4.82 4.16 2.92 4.02 2.63 2.70 3.50 5.18 6.20 7.30 3.36
6.28 6.50 7.96 10.88 10.66 9.56 11.83 15.62 16.64 19.86 21.90 21.75 20.44 18.18 13.65 11.17 11.10 8.91 8.91 9.42 12.41 14.09 14.45 15.77 16.43 18.18 18.32 17.45 14.67 10.44 5.99 2.99 0.00 0.00 4.96 2.56 0.00 0.00 0.00 0.00 6.72 5.40 3.50 3.50 5.84 7.96 9.71 10.73 12.41 11.53 15.33 19.13 22.70 26.21 29.20 25.84 22.56 17.67 16.64 16.72 21.61 24.75 23.94 24.38 23.43 21.68 19.13 14.97 14.97 7.23 4.60 4.16 3.50 3.50 3.21 2.70 1.61 1.24 1.10 0.00 0.00 4.67 2.63 3.36
6.28 6.50 7.96 10.88 10.66 9.56 11.83 15.62 16.64 19.86 21.90 21.75 20.44 18.18 13.65 11.17 11.10 8.91 8.91 9.42 12.41 14.09 14.45 15.77 16.43 18.18 18.32 17.45 14.67 10.44 5.99 2.99 0.00 0.00 4.96 2.56 0.00 0.00 0.00 0.00 6.72 5.40 3.50 3.50 5.84 7.96 9.71 10.73 12.41 11.53 15.33 19.13 22.70 26.21 29.20 25.84 22.56 17.67 16.64 16.72 21.61 24.75 23.94 24.38 23.43 21.68 19.13 14.97 14.97 7.23 4.60 4.16 3.50 3.50 3.21 2.70 1.61 1.24 1.10 0.00 0.00 4.67 2.63 3.36
5.91 7.01 8.98 10.66 11.17 11.24 11.39 14.09 16.86 21.10 22.78 24.67 23.29 24.02 23.58 22.56 18.91 15.11 15.11 13.36 15.62 14.53 14.24 17.01 20.73 23.21 22.27 20.81 18.25 12.34 7.74 5.62 4.53 0.00 0.00 2.26 1.39 0.00 0.00 0.00 3.87 3.14 0.00 0.00 1.97 2.19 0.00 0.00 0.00 0.00 2.41 2.41 4.09 6.50 9.71 9.78 7.96 6.50 10.59 10.73 17.08 17.01 17.59 20.81 25.40 21.39 12.63 11.02 11.02 11.46 11.97 9.49 7.37 5.91 4.31 4.02 4.31 3.07 2.48 2.70 0.00 2.34 0.00 2.99
5.91 7.66 7.96 9.78 13.29 15.91 17.16 19.49 20.15 21.24 21.24 20.00 19.42 19.56 20.15 18.91 17.37 17.37 17.37 18.40 16.86 16.72 17.37 17.06 17.17 19.92 16.59 17.30 15.55 10.88 7.88 6.20 4.16 0.00 0.00 0.00 0.00 0.00 0.00 1.97 0.00 0.00 0.00 0.00 1.24 0.00 0.00 0.00 0.00 0.00 0.00 0.00 0.00 3.29 1.46 2.41 3.50 2.48 3.43 6.06 8.61 10.73 16.94 21.53 19.93 16.35 10.73 10.37 10.37 13.51 16.28 12.19 8.98 7.74 5.33 4.02 3.50 2.85 2.56 0.00 0.00 0.00 3.58 2.99
10.95 12.41 13.58 14.82 15.70 20.15 22.19 22.27 22.41 20.88 21.32 21.24 20.22 15.40 12.99 16.50 18.10 21.02 21.02 24.60 20.95 22.19 22.41 22.71 23.33 18.32 17.72 17.84 21.97 20.73 16.86 9.86 6.57 3.65 0.00 0.00 0.00 2.85 5.26 3.94 0.00 0.00 0.00 0.00 0.00 0.00 0.00 0.00 0.00 0.00 0.00 0.00 0.00 0.00 0.00 0.00 0.37 0.00 0.00 3.43 5.55 4.53 8.47 7.01 7.37 9.71 9.78 9.93 9.93 11.24 12.05 9.64 5.40 5.26 4.67 2.92 3.43 4.16 0.00 0.00 0.00 0.00 3.29 0.00
15.77 16.57 18.83 21.17 20.51 20.22 19.49 17.52 15.18 13.72 14.97 15.04 12.41 8.91 10.07 17.45 20.66 23.36 23.36 24.97 22.70 21.49 23.56 25.81 22.16 19.21 18.85 18.58 20.47 20.71 17.16 12.92 11.68 7.45 3.87 1.61 0.00 3.14 3.58 3.14 0.00 0.00 0.00 0.00 0.00 0.00 0.00 0.88 1.24 0.00 0.00 0.00 0.00 0.00 0.00 0.00 0.00 0.00 0.00 0.00 5.91 5.48 4.60 2.77 0.00 0.00 7.15 9.86 9.86 8.54 8.10 5.77 7.23 7.15 6.94 6.35 6.35 5.48 0.00 0.00 0.00 1.24 1.61 1.53
14.67 14.67 16.86 20.00 19.86 18.61 17.30 13.87 9.49 6.94 4.16 4.31 5.69 7.01 8.54 10.07 15.99 22.19 22.19 25.07 16.89 16.38 19.64 21.17 21.79 20.95 22.05 22.77 22.97 22.19 21.28 21.02 19.86 15.91 12.92 10.95 8.54 4.96 2.63 0.00 0.00 0.00 0.00 0.00 0.00 0.00 0.00 0.00 0.00 0.00 0.00 0.00 0.00 0.00 0.00 0.00 0.00 0.00 0.00 0.00 5.11 5.48 8.61 8.03 5.04 0.00 9.05 14.31 14.31 14.38 13.14 11.39 10.44 7.23 5.18 5.04 3.65 2.26 0.00 0.00 0.00 4.60 2.77 0.00
14.67 14.67 16.86 20.00 19.86 18.61 17.30 13.87 9.49 6.94 4.16 4.31 5.69 7.01 8.54 10.07 15.99 22.19 22.30 25.89 17.15 17.54 19.15 21.71 21.46 20.95 21.39 21.16 21.46 22.54 21.49 21.90 22.31 16.84 13.25 10.95 8.54 4.96 2.63 0.00 0.00 0.00 0.00 0.00 0.00 0.00 0.00 0.00 0.00 0.00 0.00 0.00 0.00 0.00 0.00 0.00 0.00 0.00 0.00 0.00 5.11 5.48 8.61 8.03 5.04 0.00 9.05 14.31 14.31 14.38 13.14 11.39 10.44 7.23 5.18 5.04 3.65 2.26 0.00 0.00 0.00 4.60 2.77 0.00
11.32 13.21 13.07 14.75 19.49 21.46 22.34 20.29 17.37 13.58 8.10 4.09 4.16 6.72 11.17 13.43 16.35 16.94 16.94 15.55 12.48 10.66 10.12 12.67 14.45 17.18 22.12 25.53 27.30 24.65 20.35 20.12 23.34 25.27 20.39 16.64 12.09 8.40 5.84 3.07 0.00 0.00 0.00 0.00 0.00 0.00 0.00 0.00 0.00 0.00 0.00 0.00 0.00 0.00 0.00 0.00 0.00 0.00 0.00 0.00 0.00 0.00 4.67 10.00 13.43 11.75 10.51 12.85 12.85 11.17 7.08 4.96 2.70 2.70 3.43 3.43 1.39 0.73 0.00 0.00 0.00 0.00 0.00 0.00
11.02 10.73 9.20 7.45 9.78 12.12 18.03 22.48 24.82 24.60 23.00 18.47 15.99 17.37 23.21 25.70 27.52 23.21 23.21 15.99 9.20 7.19 0.00 2.92 6.53 6.45 9.27 17.55 26.52 29.49 28.40 24.24 20.81 21.62 22.02 21.54 16.68 13.87 9.93 5.91 5.77 4.02 2.77 2.77 0.00 0.00 0.00 2.99 3.36 0.00 0.00 0.00 0.00 0.00 0.00 0.00 0.00 0.00 0.00 0.00 0.00 0.00 3.50 10.22 16.35 16.35 9.78 8.98 8.98 10.59 6.28 3.50 1.90 2.12 4.67 3.80 1.46 1.53 0.00 0.00 5.91 5.62 0.00 0.00
12.56 13.36 13.21 11.83 8.54 3.65 3.87 7.52 9.05 10.73 13.14 12.63 13.43 11.24 12.41 16.28 19.42 14.53 14.53 9.56 5.55 7.01 0.00 0.00 0.00 0.00 3.72 6.78 11.90 17.21 23.87 27.96 30.51 26.94 22.67 22.13 21.18 17.23 16.13 16.06 13.43 8.40 4.09 4.09 2.70 0.00 0.00 0.00 1.68 0.00 0.00 0.00 0.00 0.00 0.00 0.00 0.00 0.00 0.00 0.00 0.00 0.00 0.00 8.98 11.61 9.13 6.13 6.06 6.06 5.18 2.48 0.58 1.46 2.41 2.56 2.26 2.04 4.60 5.26 5.33 9.34 8.32 7.45 7.59
20.44 21.83 24.16 22.27 20.22 18.10 20.15 22.12 22.12 15.04 7.23 8.76 8.32 9.20 10.29 11.61 10.95 8.61 8.61 10.29 9.49 8.91 8.69 6.86 4.16 0.00 7.01 11.01 12.41 13.36 14.97 18.10 23.14 26.79 26.65 27.23 25.72 22.85 19.89 17.62 17.59 10.29 4.67 4.67 3.58 2.70 0.00 0.00 0.00 0.00 0.00 0.00 0.00 0.00 0.00 0.00 0.00 0.00 0.00 0.00 0.00 0.00 0.00 0.00 2.85 0.00 2.85 4.16 4.16 0.88 0.00 0.00 0.00 1.75 0.66 0.00 0.95 1.53 2.04 6.20 7.30 9.42 8.40 8.76
19.93 24.38 25.26 22.19 18.25 19.56 24.82 26.86 28.61 29.13 27.67 26.06 19.64 13.58 10.07 11.17 4.23 5.48 5.48 5.77 2.92 8.76 12.78 13.80 12.78 9.93 9.93 13.72 12.85 13.80 13.29 13.29 14.53 21.32 26.43 27.38 26.86 25.33 24.31 20.81 14.60 12.70 10.66 10.66 7.30 5.48 5.77 4.23 0.80 0.00 0.00 2.34 0.00 1.24 0.00 0.00 0.00 3.87 2.26 0.00 0.00 0.00 0.00 0.00 0.00 0.00 0.00 0.00 0.00 0.00 0.00 0.00 0.00 1.75 2.26 0.00 0.58 0.00 2.12 2.99 4.31 5.69 4.60 7.88
8.61 10.80 14.60 18.10 19.71 19.13 22.05 22.56 15.72 8.69 13.14 17.08 8.98 5.62 5.48 0.00 0.00 3.94 3.94 4.60 2.70 3.07 4.67 8.98 12.92 13.51 13.80 15.26 16.45 17.40 16.11 11.96 8.35 11.68 17.96 17.01 15.84 21.83 24.53 23.36 17.11 13.94 15.18 15.18 12.99 10.15 7.59 6.28 4.74 0.00 0.00 4.31 2.85 0.00 0.00 0.00 2.56 2.92 3.29 0.00 0.00 0.00 0.00 0.00 0.00 0.00 0.00 0.00 0.00 0.00 0.00 0.00 0.00 0.80 2.41 0.00 0.00 0.66 1.68 0.00 4.02 4.45 4.45 0.00
8.61 10.80 14.60 18.10 19.71 19.13 22.05 22.56 15.33 8.69 13.14 17.08 8.98 5.62 5.48 0.00 0.00 3.96 3.94 4.60 2.70 3.07 4.67 8.98 12.92 13.51 13.80 15.26 16.21 16.79 15.55 11.90 8.10 11.68 18.05 17.09 15.84 21.72 24.78 23.36 16.94 13.94 15.18 15.18 12.99 10.15 7.59 6.28 4.74 0.00 0.00 4.31 2.85 0.00 0.00 0.00 2.56 2.92 3.29 0.00 0.00 0.00 0.00 0.00 0.00 0.00 0.00 0.00 0.00 0.00 0.00 0.00 0.00 0.80 2.41 0.00 0.00 0.66 1.68 0.00 4.02 4.45 4.45 0.00
2.92 3.58 4.31 8.83 20.81 27.16 26.57 24.01 18.53 11.17 10.66 13.87 9.71 3.50 3.36 0.00 0.00 0.00 0.00 0.00 2.26 0.00 0.00 5.40 9.86 9.56 13.36 16.94 19.64 21.61 20.00 16.28 11.83 9.13 10.66 10.22 8.61 11.61 13.21 10.29 7.01 5.84 10.07 10.07 12.34 12.19 9.56 12.34 12.99 8.40 5.48 4.67 0.00 0.00 0.00 0.00 2.56 0.00 0.00 0.00 0.00 0.00 0.00 0.00 0.00 0.00 0.00 0.00 0.00 0.00 0.00 0.00 0.00 0.00 0.00 1.02 0.00 0.00 0.00 0.00 5.11 0.00 0.00 0.00
