Wansh/Snow_depth/snowdepth-1990/spring/1979101.txt
ncols 321
nrows 161
xllcenter 60
yllcenter 15 
cellsize  0.25 
NODATA_value -1
[rows 0 to 36 of 161, columns 168 to 251 of 321]
16.35 13.51 8.03 7.52 9.78 9.27 7.96 7.66 9.05 9.05 9.42 11.17 11.24 11.02 8.54 8.98 9.93 11.61 14.16 17.81 16.64 13.87 13.72 14.24 13.58 9.71 7.23 2.70 0.00 0.00 0.00 6.42 12.48 15.26 14.24 14.24 11.39 11.32 12.48 14.67 9.64 7.23 7.37 5.99 3.87 7.01 8.10 9.78 9.42 6.79 7.81 9.27 9.71 0.00 0.00 0.00 9.20 6.13 8.18 11.46 11.46 13.72 14.67 17.89 23.73 25.55 21.90 19.05 17.67 15.99 15.99 15.77 15.33 15.26 17.30 18.32 19.05 18.54 17.37 21.02 20.37 20.51 20.51 19.93
10.37 11.61 7.66 9.42 9.86 8.32 7.08 8.10 9.27 9.27 11.46 12.56 13.80 12.34 10.88 10.51 10.73 11.53 13.94 16.13 15.18 13.29 14.16 14.45 11.68 7.01 0.00 0.00 0.00 0.00 2.19 8.10 12.19 13.29 11.10 11.10 10.15 10.00 13.94 14.02 9.42 6.35 6.94 5.91 6.06 0.00 0.00 0.00 0.00 0.00 0.00 0.00 0.00 0.00 0.00 9.78 10.37 9.20 7.81 9.71 9.71 12.19 16.43 20.00 23.87 20.95 19.42 19.49 18.83 17.08 17.45 16.86 17.89 17.30 16.57 17.52 20.08 20.44 20.66 19.71 17.16 15.40 15.04 15.91
16.50 13.51 11.46 12.41 14.67 9.34 6.72 7.59 10.00 10.00 11.90 12.34 10.07 10.44 10.22 10.59 12.78 14.38 14.67 15.48 15.62 14.45 14.53 12.56 8.61 0.00 0.00 0.00 0.00 0.00 3.58 6.13 7.30 8.32 6.64 6.64 9.20 10.66 15.84 14.45 9.64 7.66 7.23 5.99 0.00 0.00 0.00 0.00 0.00 0.00 0.00 0.00 0.00 0.00 0.00 8.10 7.15 7.74 8.54 9.64 9.64 12.56 16.64 19.42 19.35 14.45 15.62 17.96 18.61 16.86 16.79 17.23 17.96 19.27 19.05 17.81 17.74 19.27 17.52 14.82 12.92 11.10 10.66 10.66
16.50 13.51 11.46 12.41 14.67 9.34 6.72 7.59 10.00 10.00 11.90 12.34 10.07 10.44 10.22 10.59 12.78 14.38 14.67 15.48 15.62 14.45 14.53 12.56 8.61 0.00 0.00 0.00 0.00 0.00 3.58 6.13 7.30 8.32 6.64 6.64 9.20 10.66 15.84 14.45 9.64 7.66 7.23 5.99 0.00 0.00 0.00 0.00 0.00 0.00 0.00 0.00 0.00 0.00 0.00 8.10 7.15 7.74 8.54 9.64 9.64 12.56 16.64 19.42 19.35 14.45 15.62 17.96 18.61 16.86 16.79 17.23 17.96 19.27 19.05 17.81 17.74 19.27 17.52 14.82 12.92 11.10 10.66 10.66
16.72 15.91 14.38 15.18 16.21 13.43 9.86 7.15 7.37 7.37 9.64 11.17 10.95 11.24 14.75 15.99 18.40 18.54 16.64 14.09 14.38 11.17 9.34 7.15 0.00 0.00 0.00 0.00 0.00 0.00 6.06 6.72 5.55 5.11 5.99 5.99 10.51 15.33 12.48 9.56 6.13 4.16 3.07 2.19 0.00 0.00 0.00 0.00 0.00 0.00 0.00 0.00 0.00 0.00 8.54 8.61 7.23 7.88 10.00 10.37 10.37 11.17 14.24 12.05 11.90 12.63 14.82 16.72 16.72 14.31 12.41 14.16 15.99 15.40 14.16 13.72 13.65 14.31 14.53 13.72 12.63 10.88 11.61 12.48
17.81 15.33 14.02 13.94 14.45 12.78 12.78 10.44 8.32 8.32 9.71 13.72 16.06 15.99 15.55 16.50 17.23 16.43 11.75 9.20 9.42 8.03 4.89 0.00 0.00 0.00 0.00 0.00 5.84 9.49 10.22 7.01 6.13 6.28 8.91 8.91 12.99 13.36 8.47 4.67 3.65 3.43 2.34 1.83 0.00 0.00 0.00 0.00 0.00 0.00 0.00 0.00 0.00 0.00 3.87 5.11 6.86 6.28 6.28 10.37 10.37 12.63 14.67 12.63 10.66 10.15 8.91 10.07 10.88 10.22 8.18 7.88 8.69 9.56 8.69 9.64 10.66 12.34 13.65 14.38 11.39 10.80 11.83 13.14
19.49 19.05 15.70 11.90 10.88 12.78 15.62 16.50 13.72 13.72 12.41 13.80 15.77 16.86 16.43 19.35 17.30 12.34 7.88 5.91 5.77 0.00 0.00 0.00 0.00 0.00 0.00 5.11 10.88 13.21 14.31 11.68 10.15 13.21 14.24 14.24 12.78 8.91 6.64 5.69 4.60 3.94 0.00 0.00 0.00 0.00 0.00 0.00 0.00 0.00 0.00 0.00 0.00 4.89 4.53 5.91 4.96 5.04 6.06 8.40 8.40 8.54 7.45 8.40 7.81 3.80 2.70 4.82 7.15 8.40 7.88 5.69 6.79 6.64 7.15 7.96 9.20 10.51 10.15 10.95 11.52 11.80 13.41 14.16
19.49 19.05 15.70 11.90 10.88 12.78 15.62 16.50 13.72 13.72 12.41 13.80 15.77 16.86 16.43 19.35 17.30 12.34 7.88 5.91 5.77 0.00 0.00 0.00 0.00 0.00 0.00 5.11 10.88 13.21 14.31 11.68 10.15 13.21 14.24 14.24 12.78 8.91 6.64 5.69 4.60 3.94 0.00 0.00 0.00 0.00 0.00 0.00 0.00 0.00 0.00 0.00 0.00 4.89 4.53 5.91 4.96 5.04 6.06 8.40 8.40 8.54 7.45 8.40 7.81 3.80 2.70 4.82 7.15 8.40 7.88 5.69 6.79 6.64 7.15 9.20 12.69 15.13 13.90 18.61 19.02 15.70 17.25 14.69
19.13 20.37 16.06 9.42 3.58 4.96 9.56 12.12 13.87 13.87 12.12 9.13 9.27 10.80 14.38 16.21 15.40 11.53 6.72 0.00 0.00 0.00 0.00 0.00 0.00 0.00 3.94 6.28 8.54 11.83 10.95 10.88 12.26 15.26 15.91 15.91 12.99 8.98 6.06 4.96 0.00 0.00 0.00 0.00 0.00 0.00 0.00 0.00 0.00 0.00 0.00 0.00 0.00 2.63 3.94 2.41 4.82 5.33 5.77 6.42 6.42 6.72 5.69 3.43 3.07 2.12 2.26 2.26 4.23 6.94 7.23 6.42 7.08 7.00 8.38 11.15 13.40 13.60 12.72 17.19 11.96 8.69 10.26 11.59
11.39 15.99 17.74 13.72 9.27 6.28 6.28 7.37 8.91 8.91 6.42 4.67 5.91 7.52 10.59 12.85 9.78 3.65 0.00 0.00 0.00 0.00 0.00 0.00 2.70 5.18 8.47 9.13 11.24 12.99 12.41 9.05 10.22 10.29 11.24 11.24 8.69 3.72 2.92 3.43 0.00 0.00 0.00 0.00 0.00 0.00 0.00 0.00 0.00 0.00 0.00 0.00 1.17 0.88 1.90 2.92 4.23 4.31 1.24 2.70 2.70 3.14 3.43 4.60 3.21 4.96 3.50 4.23 5.77 6.72 6.20 4.45 4.17 6.39 10.00 11.46 14.18 14.26 13.08 11.07 10.37 9.31 11.92 13.31
8.10 7.59 10.44 13.94 16.13 15.26 12.26 8.47 6.28 6.28 6.64 7.81 10.29 10.29 7.59 3.65 0.00 0.00 0.00 0.00 0.00 3.50 5.77 7.74 9.34 9.78 8.76 7.96 7.81 9.27 10.88 5.33 5.26 5.48 6.28 6.28 5.91 5.18 4.96 4.16 5.26 6.50 6.50 0.00 0.00 0.00 0.00 0.00 0.00 0.00 0.00 0.00 2.48 1.97 1.83 2.04 0.29 0.22 0.00 0.00 0.00 2.48 4.02 4.82 4.16 4.23 4.45 4.74 5.91 5.77 5.99 5.04 4.79 4.52 5.04 9.29 17.45 16.47 11.56 10.47 12.29 13.30 13.69 14.28
8.10 7.59 10.44 13.94 16.13 15.26 12.26 8.47 6.28 6.28 6.64 7.81 10.29 10.29 7.59 3.65 0.00 0.00 0.00 0.00 0.00 3.50 5.77 7.74 9.34 9.78 8.76 7.96 7.81 9.27 10.88 5.33 5.26 5.48 6.28 6.28 5.91 5.18 4.96 4.16 5.26 6.50 6.50 0.00 0.00 0.00 0.00 0.00 0.00 0.00 0.00 0.00 2.48 1.97 1.83 2.04 0.29 0.22 0.00 0.00 0.00 2.48 4.02 4.82 4.16 4.23 4.45 4.74 5.91 5.77 5.99 5.04 4.67 4.45 4.89 8.63 15.55 15.25 12.33 10.87 12.29 13.01 15.04 15.28
13.94 10.95 9.42 9.13 10.80 12.92 12.70 10.22 7.96 7.96 8.18 5.40 3.43 1.90 0.00 0.00 0.00 0.00 1.75 4.96 6.57 5.69 5.55 7.15 8.10 6.35 3.94 5.11 5.48 5.99 2.70 4.31 6.28 8.03 8.61 8.61 9.20 9.13 9.05 6.79 6.79 7.74 8.40 8.83 5.77 0.00 0.00 0.00 0.00 0.00 0.00 2.70 2.77 2.19 1.10 0.37 0.00 0.00 0.00 0.00 0.00 0.00 1.90 3.58 6.13 6.86 6.50 6.94 6.20 5.62 4.60 3.29 4.31 5.11 4.79 5.90 8.97 9.94 9.16 8.06 10.34 14.49 17.18 16.22
10.51 9.27 9.78 9.20 8.40 8.03 10.80 12.56 11.90 11.90 8.91 6.06 0.00 0.00 0.00 0.00 3.72 3.94 5.18 5.55 4.60 3.07 2.04 2.48 4.02 3.58 5.04 8.03 6.79 6.64 5.69 6.94 8.69 10.51 9.34 9.34 8.32 8.32 8.10 6.28 5.91 7.59 7.30 5.62 0.00 0.00 0.00 0.00 0.00 0.00 0.00 2.34 1.10 0.00 0.00 0.00 0.00 1.17 1.02 0.66 0.66 0.88 0.95 2.77 4.74 5.91 5.69 5.69 5.11 7.37 7.15 5.77 5.11 6.27 9.63 8.10 6.61 9.13 8.87 6.84 11.33 16.11 17.10 11.66
14.60 15.77 17.59 15.11 15.48 13.29 12.12 14.09 17.30 17.30 18.91 16.57 10.29 6.94 4.23 3.07 3.36 4.31 4.82 3.58 1.90 4.16 7.59 8.83 10.07 7.74 9.05 9.27 8.98 7.37 7.15 8.40 8.76 7.96 6.64 6.64 5.55 7.45 9.05 7.88 6.86 5.33 4.96 4.31 0.00 0.00 0.00 0.00 0.00 0.00 0.00 0.00 0.00 0.00 0.00 0.00 0.00 1.31 2.19 2.48 2.48 3.21 1.61 3.58 3.50 1.31 3.58 4.82 4.53 4.31 4.82 4.16 4.47 7.55 7.88 8.07 8.37 12.22 6.70 8.05 11.56 13.84 14.40 10.93
15.84 14.53 13.65 13.51 14.75 14.89 14.16 12.05 10.73 10.73 10.80 11.10 10.66 9.27 6.50 3.80 2.12 2.77 1.90 1.17 2.12 4.02 4.82 4.45 5.62 5.40 7.52 8.91 6.42 5.18 6.64 7.45 7.81 8.69 7.81 7.81 7.59 7.52 8.61 5.69 4.67 0.00 0.00 0.00 0.00 0.00 0.00 0.00 0.00 0.00 0.00 0.00 0.00 0.00 0.00 0.00 0.00 2.56 3.94 3.87 3.87 4.96 4.96 4.67 3.72 2.70 3.29 2.77 0.00 0.07 1.24 2.18 5.16 7.69 9.40 8.60 13.54 13.30 11.38 10.83 11.98 13.30 10.19 7.83
15.84 14.53 13.65 13.51 14.75 14.89 14.16 12.05 10.73 10.73 10.80 11.10 10.66 9.27 6.50 3.80 2.12 2.77 1.90 1.17 2.12 4.02 4.82 4.45 5.62 5.40 7.52 8.91 6.42 5.18 6.64 7.45 7.81 8.69 7.81 7.81 7.59 7.52 8.61 5.69 4.67 0.00 0.00 0.00 0.00 0.00 0.00 0.00 0.00 0.00 0.00 0.00 0.00 0.00 0.00 0.00 0.00 2.56 3.94 3.87 3.87 4.96 4.96 4.67 3.72 2.70 3.29 2.77 0.00 0.07 1.24 2.68 4.84 8.36 8.44 10.64 13.74 14.70 11.60 9.76 11.58 11.44 11.08 8.89
3.72 2.92 2.19 2.99 6.06 6.50 7.59 8.69 9.78 9.78 11.90 11.68 6.86 4.16 3.07 1.46 1.31 0.80 0.07 1.31 2.70 3.58 4.02 4.45 4.74 4.74 4.67 4.31 6.20 8.47 8.83 9.27 9.05 8.61 8.91 8.91 9.42 6.50 3.87 4.74 6.06 0.00 0.00 0.00 0.00 0.00 0.00 0.00 0.00 0.00 0.00 0.00 0.00 0.00 0.00 0.00 0.00 0.00 3.21 2.70 2.70 1.53 1.97 1.53 2.12 2.12 1.17 0.22 0.00 0.00 0.83 2.48 8.28 8.26 9.36 12.67 14.13 11.95 9.95 9.13 10.85 10.10 6.45 3.37
1.10 3.21 2.99 1.24 2.12 1.97 2.26 5.18 4.02 4.02 2.34 2.04 2.41 2.92 0.00 0.00 0.00 0.00 0.00 0.00 2.85 4.82 4.67 4.60 8.91 7.23 5.77 7.52 7.74 7.96 6.06 5.77 6.42 7.15 6.79 6.79 6.42 5.33 4.53 5.26 6.20 5.11 0.00 0.00 0.00 0.00 0.00 0.00 0.00 0.00 0.00 0.00 0.00 0.00 0.00 0.00 0.00 0.00 0.00 0.00 0.00 0.00 0.00 0.00 0.00 0.00 0.00 0.00 0.00 0.00 0.00 0.00 2.47 4.89 8.57 9.21 6.53 6.72 8.19 9.73 8.46 7.56 5.12 3.80
1.61 2.70 0.00 1.97 2.99 4.02 3.58 3.07 2.92 2.92 2.70 0.00 0.00 0.00 0.00 0.00 0.00 0.00 0.00 2.04 2.34 4.53 6.86 9.34 9.13 8.32 6.13 5.26 6.06 6.28 5.77 6.50 7.45 6.79 7.81 7.81 7.66 6.13 6.72 6.86 6.13 4.74 0.00 0.00 0.00 0.00 0.00 0.00 0.00 0.00 0.00 0.00 0.00 0.00 0.00 0.00 0.00 0.00 0.00 0.00 0.00 0.00 0.00 0.00 0.00 0.00 0.00 0.00 0.00 0.00 0.00 0.00 0.00 0.66 4.09 7.82 9.64 13.19 14.96 11.76 10.03 4.61 2.61 3.57
0.00 0.00 0.00 0.00 0.00 0.00 0.00 7.23 6.64 6.64 0.00 0.00 0.00 0.00 0.00 0.00 0.00 0.00 0.00 0.00 0.00 3.72 6.06 7.74 8.98 7.96 7.37 6.64 5.91 8.32 11.32 11.46 9.78 8.83 8.83 8.83 9.34 9.20 6.94 5.48 4.67 0.00 0.00 0.00 0.00 0.00 0.00 0.00 0.00 0.00 0.00 0.00 0.00 0.00 0.00 0.00 0.00 0.00 0.00 0.00 0.00 0.00 0.00 0.00 0.00 0.00 0.00 0.00 0.00 0.00 0.00 0.00 0.00 1.10 4.92 9.57 12.38 12.32 17.18 13.72 12.76 8.19 6.67 5.49
0.00 0.00 0.00 0.00 0.00 0.00 0.00 5.11 4.74 4.74 4.02 0.00 0.00 0.00 0.00 0.00 0.00 0.00 0.00 0.00 3.87 6.72 6.57 7.08 8.25 9.42 10.07 7.66 6.72 8.25 11.02 11.83 11.10 12.05 16.79 16.79 11.39 6.50 2.56 2.77 0.00 0.00 0.00 0.00 0.00 0.00 0.00 0.00 0.00 0.00 0.00 0.00 0.00 0.00 0.00 0.00 0.00 0.00 0.00 0.00 0.00 0.00 0.00 0.00 0.00 0.00 0.00 0.00 0.00 0.00 0.00 0.00 0.00 0.00 2.81 6.28 9.20 8.80 13.18 14.09 11.66 12.05 10.80 9.47
0.00 0.00 0.00 0.00 0.00 0.00 0.00 5.11 4.74 4.74 4.02 0.00 0.00 0.00 0.00 0.00 0.00 0.00 0.00 0.00 3.87 6.72 6.57 7.08 8.25 9.42 10.07 7.66 6.72 8.25 11.02 11.83 11.10 12.05 16.79 16.79 11.39 6.50 2.56 2.77 0.00 0.00 0.00 0.00 0.00 0.00 0.00 0.00 0.00 0.00 0.00 0.00 0.00 0.00 0.00 0.00 0.00 0.00 0.00 0.00 0.00 0.00 0.00 0.00 0.00 0.00 0.00 0.00 0.00 0.00 0.00 0.00 0.00 0.00 2.70 6.31 7.14 7.74 11.04 16.40 14.26 12.31 8.46 8.74
0.00 0.00 0.00 0.00 0.00 0.00 0.00 0.00 0.00 0.00 0.00 0.00 0.00 0.00 0.00 0.00 0.00 0.00 0.00 7.37 8.83 9.05 8.25 9.42 9.86 10.59 9.56 12.63 12.92 11.97 12.63 10.44 8.76 7.74 7.15 7.15 5.26 0.00 0.00 0.00 0.00 0.00 0.00 0.00 0.00 0.00 0.00 0.00 0.00 0.00 0.00 0.00 0.00 0.00 0.00 0.00 0.00 0.00 0.00 0.00 0.00 0.00 0.00 0.00 0.00 0.00 0.00 0.00 0.00 0.00 0.00 0.00 0.00 0.00 0.44 1.76 3.69 7.84 15.28 11.66 9.62 6.76 9.57 11.70
0.00 0.00 0.00 0.00 0.00 0.00 0.00 0.00 0.00 0.00 0.00 0.00 0.00 0.00 0.00 0.00 0.00 0.00 4.53 7.88 10.07 9.34 10.37 10.37 9.78 8.61 10.80 14.24 13.58 10.88 8.10 4.74 3.14 3.29 0.00 0.00 0.00 0.00 0.00 0.00 0.00 0.00 0.00 0.00 0.00 0.00 0.00 0.00 0.00 0.00 0.00 0.00 0.00 0.00 0.00 0.00 0.00 0.00 0.00 0.00 0.00 0.00 0.00 0.00 0.00 0.00 0.00 0.00 0.00 0.00 0.00 0.00 0.00 0.00 2.25 3.36 5.79 9.47 12.75 10.40 7.06 5.64 10.98 14.97
0.00 0.00 0.00 0.00 0.00 0.00 0.00 0.00 0.00 0.00 0.00 0.00 0.00 0.00 0.00 0.00 0.00 0.00 1.90 7.52 10.00 9.93 10.66 12.19 11.61 12.05 15.11 14.82 12.85 8.40 4.23 0.00 0.00 0.00 0.00 0.00 0.00 0.00 0.00 0.00 0.00 0.00 0.00 0.00 0.00 0.00 0.00 0.00 0.00 0.00 0.00 0.00 0.00 0.00 0.00 0.00 0.00 0.00 0.00 0.00 0.00 0.00 0.00 0.00 0.00 0.00 0.00 0.00 0.00 0.00 0.00 0.00 0.00 0.00 7.78 12.38 10.81 8.15 9.77 10.56 8.93 7.62 6.78 0.00
0.00 0.00 0.00 0.00 0.00 0.00 0.00 0.00 0.00 0.00 0.00 0.00 0.00 0.00 0.00 0.00 0.00 0.00 0.00 6.72 9.13 12.92 14.82 15.48 14.09 12.63 13.36 11.75 9.13 4.31 0.00 0.00 0.00 0.00 0.00 0.00 0.00 0.00 0.00 0.00 0.00 0.00 0.00 0.00 0.00 0.00 0.00 0.00 0.00 0.00 0.00 0.00 0.00 0.00 0.00 0.00 0.00 0.00 0.00 0.00 0.00 0.00 0.00 0.00 0.00 0.00 0.00 0.00 0.00 0.00 0.00 0.00 0.00 6.56 14.03 17.02 14.71 12.13 4.79 3.56 5.42 0.00 0.00 0.00
0.00 0.00 0.00 0.00 0.00 0.00 0.00 0.00 0.00 0.00 0.00 0.00 0.00 0.00 0.00 0.00 0.00 0.00 0.00 4.16 8.76 13.51 10.29 11.39 8.76 4.23 0.00 0.00 0.00 0.00 0.00 0.00 0.00 0.00 0.00 0.00 0.00 0.00 0.00 0.00 0.00 0.00 0.00 0.00 0.00 0.00 0.00 0.00 0.00 0.00 0.00 0.00 0.00 0.00 0.00 0.00 0.00 0.00 0.00 0.00 0.00 0.00 0.00 0.00 0.00 0.00 0.00 0.00 0.00 0.00 0.00 0.00 5.41 9.13 15.02 18.88 14.49 8.76 4.12 2.34 3.87 0.00 0.00 0.00
0.00 0.00 0.00 0.00 0.00 0.00 0.00 0.00 0.00 0.00 0.00 0.00 0.00 0.00 0.00 0.00 0.00 0.00 0.00 4.16 8.76 13.51 10.29 11.39 8.76 4.23 0.00 0.00 0.00 0.00 0.00 0.00 0.00 0.00 0.00 0.00 0.00 0.00 0.00 0.00 0.00 0.00 0.00 0.00 0.00 0.00 0.00 0.00 0.00 0.00 0.00 0.00 0.00 0.00 0.00 0.00 0.00 0.00 0.00 0.00 0.00 0.00 0.00 0.00 0.00 0.00 0.00 0.00 0.00 0.00 0.00 0.00 4.89 10.18 16.02 22.02 16.82 8.48 4.30 2.28 4.10 0.00 0.00 0.00
0.00 0.00 0.00 0.00 0.00 0.00 0.00 0.00 0.00 0.00 0.00 0.00 0.00 0.00 0.00 0.00 0.00 0.00 0.00 0.00 4.89 4.74 3.72 0.00 0.00 0.00 0.00 0.00 0.00 0.00 0.00 0.00 0.00 0.00 0.00 0.00 0.00 0.00 0.00 0.00 0.00 0.00 0.00 0.00 0.00 0.00 0.00 0.00 0.00 0.00 0.00 0.00 0.00 0.00 0.00 0.00 0.00 0.00 0.00 0.00 0.00 0.00 0.00 0.00 0.00 0.00 0.00 0.00 0.00 0.00 0.00 0.00 9.62 12.53 17.97 16.87 7.87 4.43 0.00 0.00 0.00 0.00 0.00 0.00
0.00 0.00 0.00 0.00 0.00 0.00 0.00 0.00 0.00 0.00 0.00 0.00 0.00 0.00 0.00 0.00 0.00 0.00 0.00 0.00 0.00 0.00 0.00 0.00 0.00 0.00 0.00 0.00 0.00 0.00 0.00 0.00 0.00 0.00 0.00 0.00 0.00 0.00 0.00 0.00 0.00 0.00 0.00 0.00 0.00 0.00 0.00 0.00 0.00 0.00 0.00 0.00 0.00 0.00 0.00 0.00 0.00 0.00 0.00 0.00 0.00 0.00 0.00 0.00 0.00 0.00 0.00 0.00 0.00 0.00 0.00 10.84 15.79 17.27 10.95 4.20 0.38 0.00 0.00 0.00 0.00 0.00 0.00 0.00
0.00 0.00 0.00 0.00 0.00 0.00 0.00 0.00 0.00 0.00 0.00 0.00 0.00 0.00 0.00 0.00 0.00 0.00 0.00 0.00 0.00 0.00 0.00 0.00 0.00 0.00 0.00 0.00 0.00 0.00 0.00 0.00 0.00 0.00 0.00 0.00 0.00 0.00 0.00 0.00 0.00 0.00 0.00 0.00 0.00 0.00 0.00 0.00 0.00 0.00 0.00 0.00 0.00 0.00 0.00 0.00 0.00 0.00 0.00 0.00 0.00 0.00 0.00 0.00 0.00 0.00 0.00 0.00 0.00 0.00 0.00 8.03 12.46 12.38 5.59 2.35 0.00 0.00 0.00 0.00 0.00 0.00 0.00 0.00
0.00 0.00 0.00 0.00 0.00 0.00 0.00 0.00 0.00 0.00 0.00 0.00 0.00 0.00 0.00 0.00 0.00 0.00 0.00 0.00 0.00 0.00 0.00 0.00 0.00 0.00 0.00 0.00 0.00 0.00 0.00 0.00 0.00 0.00 0.00 0.00 0.00 0.00 0.00 0.00 0.00 0.00 0.00 0.00 0.00 0.00 0.00 0.00 0.00 0.00 0.00 0.00 0.00 0.00 0.00 0.00 0.00 0.00 0.00 0.00 0.00 0.00 0.00 0.00 0.00 0.00 0.00 0.00 0.00 0.00 2.85 9.07 11.94 7.62 0.00 0.00 0.00 0.00 0.00 0.00 0.00 0.00 0.00 0.00
0.00 0.00 0.00 0.00 0.00 0.00 0.00 0.00 0.00 0.00 0.00 0.00 0.00 0.00 0.00 0.00 0.00 0.00 0.00 0.00 0.00 0.00 0.00 0.00 0.00 0.00 0.00 0.00 0.00 0.00 0.00 0.00 0.00 0.00 0.00 0.00 0.00 0.00 0.00 0.00 0.00 0.00 0.00 0.00 0.00 0.00 0.00 0.00 0.00 0.00 0.00 0.00 0.00 0.00 0.00 0.00 0.00 0.00 0.00 0.00 0.00 0.00 0.00 0.00 0.00 0.00 0.00 0.00 0.00 0.00 0.00 8.83 7.54 0.00 0.00 0.00 0.00 0.00 0.00 0.00 0.00 0.00 0.00 0.00
0.00 0.00 0.00 0.00 0.00 0.00 0.00 0.00 3.21 3.21 0.00 0.00 0.00 0.00 0.00 0.00 0.00 0.00 0.00 0.00 0.00 0.00 0.00 0.00 0.00 0.00 0.00 0.00 0.00 0.00 0.00 0.00 0.00 0.00 0.00 0.00 0.00 0.00 0.00 0.00 0.00 0.00 0.00 0.00 0.00 0.00 0.00 0.00 0.00 0.00 0.00 0.00 0.00 0.00 0.00 0.00 0.00 0.00 0.00 0.00 0.00 0.00 0.00 0.00 0.00 0.00 0.00 0.00 0.00 0.00 0.00 0.00 0.00 0.00 0.00 0.00 0.00 0.00 0.00 0.00 0.00 0.00 0.00 0.00
0.00 0.00 0.00 0.00 0.00 0.00 0.00 0.00 3.21 3.21 0.00 0.00 0.00 0.00 0.00 0.00 0.00 0.00 0.00 0.00 0.00 0.00 0.00 0.00 0.00 0.00 0.00 0.00 0.00 0.00 0.00 0.00 0.00 0.00 0.00 0.00 0.00 0.00 0.00 0.00 0.00 0.00 0.00 0.00 0.00 0.00 0.00 0.00 0.00 0.00 0.00 0.00 0.00 0.00 0.00 0.00 0.00 0.00 0.00 0.00 0.00 0.00 0.00 0.00 0.00 0.00 0.00 0.00 0.00 0.00 0.00 0.00 0.00 0.00 0.00 0.00 0.00 0.00 0.00 0.00 0.00 0.00 0.00 0.00
0.00 0.00 0.00 2.34 3.72 0.00 0.00 0.00 2.41 2.41 1.31 0.00 0.00 0.00 3.65 0.00 0.00 0.00 0.00 0.00 0.00 0.00 0.00 0.00 0.00 0.00 0.00 0.00 0.00 0.00 0.00 0.00 0.00 0.00 0.00 0.00 0.00 0.00 0.00 0.00 0.00 0.00 0.00 0.00 0.00 0.00 0.00 0.00 0.00 0.00 0.00 0.00 0.00 0.00 0.00 0.00 0.00 0.00 0.00 0.00 0.00 0.00 0.00 0.00 0.00 0.00 0.00 0.00 0.00 0.00 0.00 0.00 0.00 0.00 0.00 0.00 0.00 0.00 0.00 0.00 0.00 0.00 0.00 0.00
