Wansh/Snow_depth/snowdepth-1990/spring/1979073.txt
ncols 321
nrows 161
xllcenter 60
yllcenter 15 
cellsize  0.25 
NODATA_value -1
[rows 0 to 36 of 161, columns 0 to 83 of 321]
15.11 15.11 18.83 20.88 20.95 19.71 19.71 20.95 20.08 19.35 23.80 23.87 23.36 23.36 22.70 22.56 20.88 20.15 20.15 17.89 17.52 17.74 18.91 17.30 16.64 15.70 15.70 16.43 16.79 17.59 18.10 18.76 18.76 18.03 18.18 18.69 19.05 19.78 21.02 20.81 20.37 20.22 18.25 18.61 19.42 19.05 18.54 19.93 22.05 20.51 17.45 17.45 15.70 15.70 17.30 15.55 15.70 15.62 15.40 17.23 15.77 15.77 16.43 17.67 16.43 15.18 14.53 14.97 14.16 12.26 13.14 14.09 15.48 15.18 16.43 17.96 17.96 18.10 18.10 18.61 18.32 17.96 16.64 17.37
0.00 0.00 22.12 19.93 0.00 0.00 0.00 20.00 19.27 23.94 23.73 23.07 22.48 21.46 21.17 20.66 18.98 17.81 16.79 15.70 16.35 17.45 17.74 15.48 13.94 13.94 13.94 14.60 15.99 17.45 18.40 16.79 15.99 15.48 15.04 15.62 16.06 17.01 18.76 17.74 16.28 15.62 14.38 13.72 14.38 14.38 13.36 14.38 15.26 15.70 14.45 14.45 13.87 12.92 12.41 12.63 12.78 12.99 14.53 14.97 15.04 14.38 14.60 14.38 13.14 12.05 11.10 10.80 9.56 8.03 8.61 10.29 11.83 13.43 14.67 18.18 18.18 18.32 17.59 17.74 18.32 18.91 17.74 14.60
0.00 0.00 0.00 0.00 20.44 20.08 19.05 17.59 17.45 20.29 20.81 19.35 16.94 17.01 16.35 16.13 16.72 14.09 12.99 11.68 12.48 14.75 14.31 13.65 14.02 14.45 14.45 15.33 16.94 16.13 16.21 16.21 15.77 13.87 13.43 14.02 14.24 13.21 12.48 11.39 10.95 10.59 10.44 10.29 10.51 10.59 10.80 10.73 10.44 11.02 10.44 10.44 10.88 10.29 10.66 11.32 11.39 11.17 10.51 9.93 10.80 12.19 13.51 12.19 10.51 10.29 10.66 11.68 10.80 10.73 10.88 11.17 12.78 14.60 14.97 16.43 16.43 17.45 17.52 17.01 15.91 15.26 15.70 15.33
0.00 0.00 0.00 0.00 20.44 20.08 19.05 17.59 17.45 20.29 20.81 19.35 16.94 17.01 16.35 16.13 16.72 14.09 12.99 11.68 12.48 14.75 14.31 13.65 14.02 14.45 14.45 15.33 16.94 16.13 16.21 16.21 15.77 13.87 13.43 14.02 14.24 13.21 12.48 11.39 10.95 10.59 10.44 10.29 10.51 10.59 10.80 10.73 10.44 11.02 10.44 10.44 10.88 10.29 10.66 11.32 11.39 11.17 10.51 9.93 10.80 12.19 13.51 12.19 10.51 10.29 10.66 11.68 10.80 10.73 10.88 11.17 12.78 14.60 14.97 16.43 16.43 17.45 17.52 17.01 15.91 15.26 15.70 15.33
16.06 16.06 14.24 14.24 15.84 16.79 17.45 16.94 15.40 15.91 14.75 14.31 13.29 13.80 13.72 12.85 12.56 14.16 15.33 14.53 14.24 13.94 13.87 13.29 12.12 11.24 11.24 11.75 12.41 13.58 13.87 13.94 13.14 12.48 12.63 12.26 12.41 11.02 10.29 9.64 8.83 9.27 8.40 8.98 9.64 9.13 9.20 10.15 10.37 10.59 10.88 10.88 11.17 9.56 9.56 10.22 11.17 10.29 9.78 8.69 10.07 10.51 11.83 11.83 10.88 9.27 8.25 10.15 10.59 11.83 12.85 12.99 14.02 15.04 14.97 15.70 15.70 16.21 16.06 14.75 14.67 14.67 14.75 13.21
15.04 15.04 15.70 14.97 15.11 16.79 16.13 20.73 16.43 13.87 13.58 13.43 12.56 12.92 12.48 12.05 13.94 14.75 14.89 15.48 15.62 14.75 15.11 14.97 13.43 12.19 12.19 11.68 11.32 10.80 11.97 12.85 12.05 10.80 12.05 10.88 9.78 8.91 9.71 9.64 8.61 9.42 10.44 9.13 8.18 9.13 8.69 8.18 7.74 8.61 10.80 10.80 12.34 7.08 6.13 7.15 9.27 8.91 9.20 8.18 9.05 10.29 11.02 10.29 12.12 12.41 12.48 13.07 12.78 14.02 13.87 14.16 15.26 16.13 16.79 15.26 15.26 14.82 14.31 12.92 12.34 12.12 11.17 11.39
15.91 15.91 17.37 18.54 19.64 18.61 18.32 21.02 19.64 15.99 14.75 14.09 13.43 13.80 14.38 14.75 15.11 15.84 14.53 14.60 15.40 14.67 15.11 15.11 14.53 13.29 13.29 13.72 12.78 12.05 12.26 14.60 13.65 12.41 11.75 10.29 8.98 8.98 9.86 10.00 9.56 9.27 10.44 11.24 9.71 9.93 8.47 7.81 8.54 7.96 6.35 6.35 5.18 4.67 6.06 11.61 9.49 9.20 9.56 9.64 8.54 9.42 12.41 13.58 14.31 13.94 14.67 15.55 16.64 15.84 14.67 13.94 13.72 13.07 13.07 12.85 12.85 12.78 12.56 11.97 11.97 11.90 11.02 9.64
15.91 15.91 17.37 18.54 19.64 18.61 18.32 21.02 19.64 15.99 14.75 14.09 13.43 13.80 14.38 14.75 15.11 15.84 14.53 14.60 15.40 14.67 15.11 15.11 14.53 13.29 13.29 13.72 12.78 12.05 12.26 14.60 13.65 12.41 11.75 10.29 8.98 8.98 9.86 10.00 9.56 9.27 10.44 11.24 9.71 9.93 8.47 7.81 8.54 7.96 6.35 6.35 5.18 4.67 6.06 11.61 9.49 9.20 9.56 9.64 8.54 9.42 12.41 13.58 14.31 13.94 14.67 15.55 16.64 15.84 14.67 13.94 13.72 13.07 13.07 12.85 12.85 12.78 12.56 11.97 11.97 11.90 11.02 9.64
17.52 17.52 20.37 20.00 18.76 17.52 17.81 19.64 19.35 16.79 15.99 15.11 15.26 16.21 17.37 17.74 17.08 16.43 15.40 13.72 13.14 12.78 15.18 14.09 13.14 11.75 11.75 11.32 12.19 12.92 12.99 13.07 12.92 11.02 10.80 11.24 8.76 9.05 10.66 11.17 8.61 7.81 11.02 13.51 11.10 9.42 9.93 10.29 11.39 11.17 7.23 7.23 4.67 3.29 0.00 8.83 9.56 10.00 11.39 12.34 13.43 14.16 13.58 12.63 11.46 12.19 13.51 14.16 14.31 11.75 11.90 11.32 10.80 10.51 12.63 12.70 12.70 10.80 6.94 6.72 7.81 7.81 8.18 7.52
19.42 19.42 19.71 18.76 15.84 14.16 15.40 15.77 13.58 13.94 13.36 14.24 14.16 15.48 15.26 15.11 16.21 17.67 15.48 12.26 13.65 14.16 14.16 13.65 12.78 13.07 13.07 12.70 12.26 13.07 14.02 13.07 13.72 11.83 10.80 9.86 6.79 7.08 10.07 10.73 11.97 12.78 12.56 12.56 12.34 10.73 10.07 10.44 11.24 11.68 10.44 10.44 8.69 7.96 5.48 6.72 8.69 9.56 10.66 11.97 13.36 13.43 11.17 10.51 9.78 8.83 11.24 10.37 10.80 9.34 8.18 7.01 7.37 6.86 8.03 9.27 9.27 8.18 5.48 5.04 6.79 6.50 8.83 9.93
17.16 17.16 14.67 12.05 9.56 14.97 14.16 14.24 13.07 13.21 11.53 11.39 11.53 13.65 14.53 13.94 13.51 13.87 12.85 11.32 12.05 13.07 12.56 12.19 11.17 9.93 9.93 9.93 9.34 10.37 10.22 10.15 10.37 10.22 8.69 7.15 6.28 5.69 7.08 8.69 9.86 10.59 9.86 10.80 11.68 12.56 11.75 12.26 10.59 9.49 10.44 10.44 8.69 7.59 5.48 4.45 5.55 6.50 8.98 8.69 8.03 8.25 9.42 9.93 10.66 11.24 9.34 8.10 9.05 8.47 8.61 8.61 9.56 9.20 9.05 9.93 9.93 8.98 7.88 9.27 8.61 8.32 9.78 11.32
17.16 17.16 14.67 12.05 9.56 14.97 14.16 14.24 13.07 13.21 11.53 11.39 11.53 13.65 14.53 13.94 13.51 13.87 12.85 11.32 12.05 13.07 12.56 12.19 11.17 9.93 9.93 9.93 9.34 10.37 10.22 10.15 10.37 10.22 8.69 7.15 6.28 5.69 7.08 8.69 9.86 10.59 9.86 10.80 11.68 12.56 11.75 12.26 10.59 9.49 10.44 10.44 8.69 7.59 5.48 4.45 5.55 6.50 8.98 8.69 8.03 8.25 9.42 9.93 10.66 11.24 9.34 8.10 9.05 8.47 8.61 8.61 9.56 9.20 9.05 9.93 9.93 8.98 7.88 9.27 8.61 8.32 9.78 11.32
14.16 14.16 12.05 10.29 9.20 14.67 14.24 11.90 10.00 9.71 9.34 10.15 11.46 12.05 12.05 11.53 11.32 11.90 13.51 12.63 11.10 11.10 11.39 11.39 10.29 8.91 8.91 7.96 8.83 9.71 9.93 10.15 7.59 5.77 6.13 6.13 6.06 5.84 6.06 7.37 8.10 10.00 11.39 12.34 12.85 12.85 11.90 10.66 10.29 9.20 9.49 9.49 10.15 8.25 5.84 6.79 8.18 9.20 9.20 8.32 7.66 8.10 8.47 9.71 10.59 11.53 11.83 11.90 10.88 10.73 10.88 11.32 11.53 10.59 7.15 3.14 3.14 7.01 11.75 12.85 12.26 11.53 7.08 4.60
13.94 13.94 12.63 11.24 11.90 15.18 11.53 10.80 9.20 12.05 12.56 13.87 14.45 14.45 14.67 15.77 14.82 15.11 13.94 12.92 11.53 11.61 10.66 7.81 7.08 6.50 6.50 7.23 8.61 9.05 9.27 10.29 9.05 7.52 6.20 5.77 6.72 6.94 7.23 6.50 7.45 9.49 10.29 11.83 10.44 10.07 7.01 5.69 6.79 7.23 6.86 6.86 8.32 9.71 10.59 10.44 11.02 11.75 12.63 11.75 11.39 10.29 9.56 9.86 10.51 12.19 13.07 12.56 11.02 10.44 10.88 10.22 10.59 10.51 8.10 6.35 6.35 7.74 9.78 11.32 10.22 8.69 4.45 4.02
15.18 15.18 13.14 11.68 12.05 11.83 9.64 9.64 10.37 12.85 13.07 10.73 14.89 16.50 18.03 19.05 18.25 17.01 13.94 12.41 10.88 9.42 9.78 9.34 8.32 8.47 8.47 9.05 7.23 7.88 8.83 9.05 7.81 7.01 7.66 8.98 8.32 7.37 6.50 6.86 6.57 6.20 7.37 7.45 6.94 4.82 5.91 6.35 6.13 8.54 8.76 8.76 9.05 7.37 9.78 12.05 12.34 12.70 12.85 13.07 12.26 9.42 10.37 11.10 11.97 13.36 14.75 15.04 13.72 12.41 10.88 10.51 11.32 11.61 11.39 10.22 10.22 9.27 7.59 6.42 5.18 5.77 6.42 7.23
12.05 12.05 11.46 10.73 12.70 12.34 12.19 12.26 14.38 16.79 16.57 15.55 12.63 11.39 15.04 17.89 18.03 15.84 13.58 12.78 11.68 9.56 7.74 7.45 8.69 7.96 7.96 7.81 8.18 9.20 9.86 10.73 10.66 9.42 8.98 9.42 8.91 8.32 7.96 6.06 5.04 5.04 5.91 5.11 3.65 4.53 5.91 6.13 7.15 8.69 9.05 9.05 10.07 12.19 13.29 13.07 12.19 12.26 13.21 11.90 10.73 9.93 9.78 7.74 5.77 7.59 10.88 11.97 12.92 13.80 12.92 10.95 10.88 12.56 11.24 9.64 9.64 9.71 9.20 8.69 5.77 5.33 8.25 6.57
12.05 12.05 11.46 10.73 12.70 12.34 12.19 12.26 14.38 16.79 16.57 15.55 12.63 11.39 15.04 17.89 18.03 15.84 13.58 12.78 11.68 9.56 7.74 7.45 8.69 7.96 7.96 7.81 8.18 9.20 9.86 10.73 10.66 9.42 8.98 9.42 8.91 8.32 7.96 6.06 5.04 5.04 5.91 5.11 3.65 4.53 5.91 6.13 7.15 8.69 9.05 9.05 10.07 12.19 13.29 13.07 12.19 12.26 13.21 11.90 10.73 9.93 9.78 7.74 5.77 7.59 10.88 11.97 12.92 13.80 12.92 10.95 10.88 12.56 11.24 9.64 9.64 9.71 9.20 8.69 5.77 5.33 8.25 6.57
10.51 10.51 11.32 14.31 13.14 13.21 11.53 13.87 15.33 16.79 17.96 16.64 16.28 16.28 17.01 19.20 19.93 17.30 14.67 15.11 12.70 10.29 8.54 8.03 8.25 8.91 8.91 9.71 8.98 10.59 10.66 10.88 10.37 8.69 8.69 10.51 9.56 9.86 9.93 8.76 6.64 5.11 5.11 4.38 5.33 7.01 7.88 7.08 4.96 6.13 7.08 7.08 10.80 15.18 13.36 10.88 10.37 10.37 10.44 9.71 7.81 6.28 4.09 4.31 0.00 2.85 6.94 9.13 9.05 8.25 9.42 10.66 11.10 11.61 10.88 9.49 9.49 10.66 8.03 4.67 5.18 11.39 12.56 6.28
12.34 12.34 12.12 14.97 15.04 12.12 13.43 17.67 19.42 18.40 18.40 18.98 19.64 20.22 20.73 17.01 15.18 14.82 14.16 13.21 12.41 11.83 9.93 9.27 9.86 7.96 7.96 6.79 6.86 9.13 10.15 13.14 14.24 14.09 12.34 6.72 5.91 7.30 7.96 6.64 5.77 6.57 6.13 4.60 7.15 8.40 8.98 5.18 5.18 6.06 6.42 6.42 8.10 10.15 11.24 11.39 12.12 10.95 8.32 6.06 5.40 8.03 10.29 9.20 4.53 1.68 0.00 5.04 6.35 6.57 6.35 7.74 10.07 13.51 13.65 13.07 13.07 11.90 8.10 5.62 7.30 9.56 6.86 3.94
10.95 10.95 15.26 15.04 15.18 13.36 13.29 15.48 15.91 18.10 16.43 16.43 18.10 18.54 16.28 14.16 10.88 11.61 12.19 10.15 8.32 8.61 8.83 8.83 8.83 8.32 8.32 7.88 9.86 10.51 9.64 9.93 9.86 9.71 8.69 0.00 0.00 5.26 8.10 10.22 11.39 11.61 10.80 8.83 10.51 9.86 4.60 5.33 7.96 7.15 9.13 9.13 11.39 12.48 13.29 12.99 13.14 12.85 12.56 12.12 11.24 12.85 14.24 14.16 11.46 7.59 4.53 0.00 0.00 2.77 3.14 0.00 4.16 6.64 10.00 11.53 11.53 13.29 11.83 6.06 4.16 0.00 2.99 2.04
9.78 9.78 13.65 14.82 15.04 14.53 14.09 14.97 14.82 15.70 16.94 17.52 16.43 14.75 12.70 10.51 9.42 9.20 7.96 7.30 7.66 7.66 9.34 8.47 6.72 8.76 8.76 10.66 11.46 12.41 10.22 9.05 9.56 10.37 8.18 8.32 9.42 11.32 12.41 13.72 15.77 14.02 13.87 15.18 14.31 12.05 9.05 9.05 11.53 12.12 12.41 12.41 13.29 13.87 12.85 11.90 12.34 14.31 14.67 16.28 16.21 15.11 15.26 16.79 14.82 7.37 6.28 8.25 9.13 7.74 5.77 5.26 5.18 5.55 6.64 8.10 8.10 8.32 7.52 7.37 7.88 9.86 10.73 5.99
9.86 9.86 12.99 11.75 11.90 11.24 12.48 14.45 15.77 15.33 15.70 15.11 14.45 13.21 11.97 9.42 9.64 8.47 9.34 10.80 12.41 11.83 10.88 9.20 6.86 6.79 6.79 10.95 13.58 12.48 11.75 11.46 11.68 11.53 11.83 10.44 10.73 11.75 12.63 13.87 13.72 14.09 15.62 16.13 15.70 15.77 14.24 12.99 13.94 12.56 12.92 12.92 11.53 10.66 10.66 11.68 12.05 11.32 11.90 13.14 14.24 10.51 8.32 9.49 10.07 10.00 11.24 12.85 12.26 10.15 8.47 7.52 6.20 5.48 6.06 6.06 6.06 5.55 6.35 6.86 7.74 8.83 2.56 4.74
9.86 9.86 12.99 11.75 11.90 11.24 12.48 14.45 15.77 15.33 15.70 15.11 14.45 13.21 11.97 9.42 9.64 8.47 9.34 10.80 12.41 11.83 10.88 9.20 6.86 6.79 6.79 10.95 13.58 12.48 11.75 11.46 11.68 11.53 11.83 10.44 10.73 11.75 12.63 13.87 13.72 14.09 15.62 16.13 15.70 15.77 14.24 12.99 13.94 12.56 12.92 12.92 11.53 10.66 10.66 11.68 12.05 11.32 11.90 13.14 14.24 10.51 8.32 9.49 10.07 10.00 11.24 12.85 12.26 10.15 8.47 7.52 6.20 5.48 6.06 6.06 6.06 5.55 6.35 6.86 7.74 8.83 2.56 4.74
10.51 10.51 9.78 10.15 12.05 14.38 14.31 15.26 14.24 11.53 11.17 11.90 10.88 11.90 12.05 11.75 12.48 12.92 12.56 12.41 13.36 9.13 11.61 11.90 9.78 10.66 10.66 12.63 13.51 13.21 13.72 13.36 15.48 15.48 15.84 14.53 12.41 12.41 13.80 13.43 14.89 15.55 16.06 16.43 14.75 15.18 15.18 15.55 15.33 14.24 12.78 12.78 11.68 11.68 11.83 12.92 14.24 13.58 12.78 10.73 9.27 9.13 10.22 11.46 10.51 9.93 13.43 12.85 10.15 6.35 7.30 8.18 7.08 6.79 4.31 5.11 5.11 5.91 7.08 5.77 5.62 7.08 2.77 4.38
13.80 13.80 12.48 12.41 10.51 14.67 16.79 15.26 10.44 9.56 10.44 11.97 13.14 14.16 13.65 12.41 12.99 15.11 15.99 14.45 12.34 11.10 12.56 14.53 14.16 13.36 13.36 13.29 12.85 14.67 15.26 17.08 17.01 17.16 16.79 15.04 12.99 13.58 14.31 15.11 18.18 18.98 17.52 17.37 15.70 15.70 15.77 16.50 16.57 17.23 13.21 13.21 11.46 10.00 12.48 15.04 16.13 16.28 14.89 13.87 11.68 11.02 12.56 14.02 13.58 15.40 16.86 15.48 13.29 11.90 11.68 10.07 7.59 7.96 6.64 4.31 4.31 5.62 6.86 6.20 5.69 8.18 6.20 5.62
10.66 10.66 11.10 11.02 10.29 11.24 13.80 13.80 10.80 9.34 12.05 13.94 14.38 15.40 13.36 11.32 12.34 14.60 17.81 19.93 18.47 15.18 14.31 14.24 14.97 14.09 14.09 12.78 13.80 15.77 17.08 16.86 17.52 16.57 15.62 14.97 16.72 15.11 15.77 16.57 17.81 18.98 19.49 16.35 17.30 16.13 15.26 14.60 13.58 12.99 12.70 12.70 13.51 13.58 14.16 16.57 18.10 17.89 17.81 18.54 17.59 16.94 17.30 18.54 18.61 19.56 20.22 19.35 17.81 14.75 13.21 12.05 11.68 12.26 11.53 9.64 9.64 7.30 5.33 5.84 9.56 11.97 11.83 10.44
11.75 11.75 9.86 8.61 10.59 13.07 13.58 13.51 11.97 9.86 12.05 13.43 15.62 16.43 13.72 12.78 13.21 14.67 17.59 17.59 16.57 15.40 14.75 14.45 15.04 14.45 14.45 15.26 16.64 19.05 18.25 17.08 16.57 16.86 16.43 15.70 16.28 17.30 18.61 18.47 18.91 18.32 17.89 17.37 16.28 14.09 12.78 13.07 10.88 10.29 13.87 13.87 16.50 16.79 16.57 17.01 18.10 18.98 20.08 20.37 18.18 16.21 15.18 18.91 18.83 16.57 15.18 14.75 14.75 14.89 13.94 13.36 13.65 13.87 15.33 11.39 11.39 10.00 8.98 1.68 8.76 13.36 15.48 15.26
15.11 15.11 13.65 15.70 18.03 17.30 14.82 13.72 12.05 9.93 6.86 5.91 5.11 3.72 5.04 9.34 13.65 14.67 15.62 14.02 11.97 10.51 11.61 14.53 15.91 15.33 15.33 15.33 17.01 18.54 19.56 19.13 18.61 18.98 19.78 18.61 17.74 20.81 21.02 19.86 17.23 18.40 15.99 16.21 15.77 12.99 10.07 9.49 10.29 9.93 12.41 12.41 14.38 14.89 15.99 16.50 18.40 17.59 17.81 16.86 16.72 16.43 15.48 16.21 16.35 14.24 13.07 13.43 15.18 14.31 13.80 13.80 13.65 12.85 12.12 13.21 13.21 14.45 13.51 11.61 12.70 14.02 15.11 16.35
15.11 15.11 13.65 15.70 18.03 17.30 14.82 13.72 12.05 9.93 6.86 5.91 5.11 3.72 5.04 9.34 13.65 14.67 15.62 14.02 11.97 10.51 11.61 14.53 15.91 15.33 15.33 15.33 17.01 18.54 19.56 19.13 18.61 18.98 19.78 18.61 17.74 20.81 21.02 19.86 17.23 18.40 15.99 16.21 15.77 12.99 10.07 9.49 10.29 9.93 12.41 12.41 14.38 14.89 15.99 16.50 18.40 17.59 17.81 16.86 16.72 16.43 15.48 16.21 16.35 14.24 13.07 13.43 15.18 14.31 13.80 13.80 13.65 12.85 12.12 13.21 13.21 14.45 13.51 11.61 12.70 14.02 15.11 16.35
15.04 15.04 15.26 16.86 15.48 12.99 14.97 15.04 11.83 9.86 6.35 3.14 0.00 0.00 0.00 2.41 5.55 9.20 10.44 9.42 8.83 11.61 16.13 18.25 18.32 19.13 19.13 17.59 20.37 19.86 16.94 18.61 22.27 20.59 19.56 19.05 19.49 23.73 22.70 20.29 19.35 14.09 13.65 14.24 13.43 12.12 10.37 11.39 12.70 13.21 11.97 11.97 11.10 12.12 13.29 13.72 14.53 15.91 15.77 15.04 15.04 14.53 12.19 10.73 12.63 15.18 14.67 14.38 14.45 14.31 15.48 15.99 15.62 16.64 17.16 15.84 15.84 15.18 11.97 11.83 13.80 13.29 13.87 12.78
14.60 14.60 15.04 14.31 13.65 14.09 15.26 12.63 10.59 7.88 6.64 4.96 2.70 0.37 0.00 1.53 3.58 6.20 6.28 4.96 7.37 12.12 17.59 20.08 21.02 21.32 21.32 22.34 24.53 25.04 24.02 21.32 20.15 19.93 17.74 18.47 19.64 22.41 24.53 24.16 20.37 16.28 15.55 14.45 12.19 10.59 10.88 10.59 12.19 12.92 14.38 14.38 13.43 14.53 13.94 13.07 13.87 14.97 13.87 13.14 12.78 12.19 10.51 10.15 12.05 14.75 14.67 16.28 16.43 15.48 16.35 16.79 18.69 18.32 18.32 16.86 16.86 15.70 12.05 10.66 10.88 10.44 10.37 12.05
8.69 8.69 6.94 11.17 14.53 15.33 11.90 8.98 7.45 2.48 3.21 0.00 0.00 0.00 0.00 3.21 3.58 5.04 5.84 4.38 3.87 7.01 12.99 19.49 22.70 24.38 24.38 25.62 25.33 22.19 21.46 20.44 17.52 18.61 17.74 13.36 12.85 16.43 19.93 22.92 19.05 17.08 14.75 13.21 11.02 9.42 11.90 11.39 11.10 11.53 12.92 12.92 13.65 13.51 12.56 12.05 12.56 13.14 11.32 10.37 13.36 13.14 13.43 15.26 15.04 15.48 19.20 18.03 17.08 18.10 17.74 16.57 19.42 17.59 17.89 18.47 18.47 14.09 10.66 7.45 8.18 9.49 9.42 11.17
8.83 8.83 5.77 9.34 10.66 8.03 3.07 3.07 0.00 0.00 0.00 0.00 0.00 0.00 0.00 0.00 0.00 0.00 2.77 3.65 0.00 0.00 4.02 6.72 10.88 14.02 14.02 14.16 10.88 9.56 10.80 10.95 12.12 13.87 9.20 7.59 9.64 12.48 13.29 12.41 11.97 12.56 13.87 15.04 14.09 14.60 13.07 11.53 9.86 8.32 10.00 10.00 12.85 12.99 11.17 10.51 11.90 12.78 11.97 11.10 12.05 14.67 16.72 16.50 16.43 18.32 19.64 16.06 17.37 20.08 16.64 14.97 15.04 15.77 17.67 14.89 14.89 14.24 11.32 8.54 7.01 8.54 10.73 15.99
2.41 2.41 1.61 2.19 1.53 1.68 0.00 0.00 0.00 0.00 0.00 0.00 0.00 0.00 0.00 0.00 0.00 0.00 0.00 0.00 0.00 0.00 1.75 2.92 0.00 4.31 4.31 7.23 7.66 9.56 10.73 10.95 11.68 9.86 9.42 12.92 17.37 18.18 17.45 17.45 16.64 17.45 17.74 19.71 17.67 15.11 12.70 13.72 14.31 13.36 12.85 12.85 13.14 11.97 11.83 11.61 12.78 12.48 9.93 4.89 6.42 12.48 11.97 10.07 9.56 12.92 15.62 14.75 14.45 13.58 12.41 14.31 13.51 11.02 12.92 6.35 6.35 8.10 10.37 10.44 11.24 13.36 13.94 14.16
0.00 0.00 0.00 0.00 0.00 0.00 0.00 0.00 0.00 0.00 0.00 0.00 0.00 0.00 0.00 0.00 0.00 0.00 0.00 0.00 0.00 0.00 0.00 0.00 0.00 0.00 0.00 3.72 8.69 10.95 9.93 6.42 6.50 5.99 5.11 5.26 8.32 14.82 11.39 14.02 15.11 17.23 16.64 15.84 13.43 14.82 16.64 15.26 14.24 15.40 15.77 15.77 15.18 13.72 13.72 13.07 8.91 5.04 3.58 5.11 8.69 13.36 15.70 13.58 14.67 19.49 19.78 16.28 13.29 12.56 6.28 5.77 5.40 4.60 1.61 3.65 3.65 10.66 8.83 7.45 7.66 12.92 12.41 7.88
0.00 0.00 0.00 0.00 0.00 0.00 0.00 0.00 0.00 0.00 0.00 0.00 0.00 0.00 0.00 0.00 0.00 0.00 0.00 0.00 0.00 0.00 0.00 0.00 0.00 0.00 0.00 3.72 8.69 10.95 9.93 6.42 6.50 5.99 5.11 5.26 8.32 14.82 11.39 14.02 15.11 17.23 16.64 15.84 13.43 14.82 16.64 15.26 14.24 15.40 15.77 15.77 15.18 13.72 13.72 13.07 8.91 5.04 3.58 5.11 8.69 13.36 15.70 13.58 14.67 19.49 19.78 16.28 13.29 12.56 6.28 5.77 5.40 4.60 1.61 3.65 3.65 10.66 8.83 7.45 7.66 12.92 12.41 7.88
0.00 0.00 0.00 0.00 0.00 0.00 0.00 0.00 0.00 0.00 0.00 0.00 0.00 0.00 0.00 0.00 0.00 0.00 0.00 0.00 0.00 0.00 0.00 0.00 0.00 0.00 0.00 2.04 3.94 3.72 4.60 2.92 1.68 2.92 5.18 3.50 2.85 9.78 9.42 10.51 13.14 12.34 12.34 11.68 14.31 15.33 14.38 14.24 15.33 15.77 16.72 16.72 17.89 17.81 14.97 6.28 0.00 0.00 8.61 17.30 23.43 24.82 24.31 25.04 25.26 24.75 25.33 24.53 23.07 22.05 20.66 18.98 15.99 15.55 14.67 12.05 12.05 10.95 8.47 5.84 9.56 11.02 8.32 5.18
