Wansh/Snow_depth/snowdepth-1997/spring/1997095.txt
ncols 321
nrows 161
xllcenter 60
yllcenter 15 
cellsize  0.25 
NODATA_value -1
[rows 74 to 110 of 161, columns 84 to 167 of 321]
0.00 0.00 0.00 0.00 0.00 0.37 0.58 1.02 0.00 1.17 0.00 0.00 0.00 2.04 1.97 2.41 3.29 3.21 3.21 3.94 4.38 4.23 4.23 0.00 0.00 3.72 0.00 0.00 0.00 0.00 0.00 0.00 0.00 0.00 0.00 0.00 0.00 3.14 2.70 1.46 1.31 1.31 0.15 0.15 0.00 1.46 0.00 1.68 0.00 0.00 2.77 0.00 0.00 0.00 2.09 2.56 0.00 0.00 2.04 0.00 0.00 0.00 0.00 0.00 0.00 0.00 0.00 0.00 0.00 0.00 0.00 1.46 1.75 0.00 0.00 0.00 0.00 0.00 0.00 0.00 0.00 0.00 0.00 0.00
0.58 0.00 0.00 0.37 0.07 0.66 1.24 1.02 1.10 3.80 2.26 0.73 2.56 1.53 3.29 3.65 3.43 3.43 3.43 3.14 2.99 3.14 3.29 0.00 0.00 3.50 3.29 0.00 0.00 0.00 0.00 0.00 0.00 0.00 0.00 0.00 3.87 4.09 4.53 2.56 3.65 0.00 1.75 1.75 0.15 1.83 1.46 2.26 1.46 1.10 1.39 1.31 0.00 0.00 2.12 2.41 3.36 1.02 1.46 1.24 1.02 2.48 0.00 0.95 0.44 0.00 0.00 0.00 0.00 1.25 3.36 2.04 1.46 0.00 0.00 0.00 0.00 0.00 0.00 0.00 0.00 0.00 0.00 0.00
1.68 2.34 1.39 1.02 1.31 1.68 2.92 3.58 4.16 2.34 2.99 0.00 3.29 3.50 3.80 4.09 4.23 3.58 3.58 2.77 2.19 2.56 0.00 4.09 0.00 0.00 0.00 0.00 0.00 0.00 0.00 0.00 0.00 0.00 0.00 3.87 3.72 0.00 4.89 3.94 4.74 4.23 1.90 1.90 1.83 1.53 1.31 5.04 2.77 0.00 2.63 1.83 1.46 1.83 2.04 1.46 2.85 1.90 1.17 1.46 1.46 1.17 1.61 1.31 0.44 0.00 0.95 0.80 0.80 1.53 3.94 3.36 1.68 1.39 0.00 0.00 0.00 0.00 0.00 0.00 0.00 0.00 0.00 0.00
1.17 2.19 2.63 2.26 2.26 2.41 2.63 3.43 4.02 4.82 4.67 4.74 0.00 0.00 4.02 4.31 4.38 3.72 3.72 2.92 1.83 0.00 0.00 0.00 0.00 0.00 0.00 3.07 0.00 0.00 0.00 0.00 0.00 0.00 3.80 0.00 0.00 0.00 4.09 3.87 4.31 4.09 3.21 3.21 0.00 3.80 4.38 3.50 4.23 3.72 4.45 3.21 4.82 3.50 0.73 2.56 4.02 3.50 0.00 1.31 0.44 2.34 5.11 2.56 2.34 4.53 4.45 1.75 1.75 2.85 4.53 3.21 3.29 0.73 0.00 0.00 0.00 0.00 0.00 0.00 0.00 0.00 0.00 0.00
2.48 1.83 2.34 1.61 1.46 2.12 3.36 3.21 3.36 3.14 4.23 4.60 3.21 2.77 4.23 3.58 3.87 3.65 3.65 2.99 1.24 1.24 0.00 2.99 3.07 0.00 0.00 0.00 3.58 0.00 0.00 0.00 0.00 1.83 3.43 0.00 0.00 0.00 0.00 0.00 0.00 0.00 0.00 0.00 3.43 3.07 2.63 3.94 3.58 4.60 4.96 3.94 5.77 4.60 5.40 3.80 5.40 5.40 5.55 3.14 3.50 4.60 5.33 5.40 3.65 5.69 5.33 5.04 5.04 2.92 6.64 3.80 2.12 0.73 0.66 0.00 0.00 0.00 0.00 0.00 0.00 0.00 0.00 0.00
4.38 4.38 3.65 3.43 3.07 2.56 2.12 3.36 0.00 1.90 2.26 3.72 1.83 2.41 2.85 0.00 2.04 3.43 3.43 2.19 3.50 3.72 0.00 2.70 2.99 0.00 0.00 0.00 0.00 0.00 0.00 0.00 0.00 0.00 0.00 3.50 0.00 0.00 0.00 0.00 0.00 0.00 0.00 0.00 0.00 0.00 0.00 0.00 0.00 4.16 5.11 0.00 2.85 5.62 4.96 3.72 5.26 6.42 4.23 2.77 2.77 3.58 4.96 6.20 4.82 7.08 6.72 7.96 7.96 6.13 3.94 3.80 3.43 3.07 0.73 0.00 0.00 0.00 0.00 0.00 0.00 0.00 0.00 0.00
4.38 3.21 3.65 3.14 2.99 2.63 1.39 0.00 1.39 1.61 1.46 1.61 1.02 1.68 1.24 1.17 1.46 1.68 1.68 2.56 3.14 0.00 0.00 2.92 0.00 0.00 0.00 0.00 0.00 0.00 0.00 0.00 0.00 0.00 0.00 0.00 0.00 0.00 0.00 0.00 0.00 0.00 0.00 0.00 0.00 0.00 0.00 0.00 0.00 0.00 0.00 0.00 0.00 0.00 0.00 4.45 3.65 3.58 2.99 0.00 1.90 2.12 0.00 3.58 7.74 7.52 11.17 6.35 6.35 5.69 4.82 4.89 6.28 4.31 5.26 0.37 0.00 0.00 0.00 0.00 0.00 0.00 0.00 0.00
3.14 3.07 2.48 2.12 1.46 2.85 1.39 1.10 1.68 1.68 1.90 1.61 1.53 1.10 0.00 0.00 1.17 1.31 1.31 1.68 0.00 0.00 0.00 3.43 0.00 0.00 0.00 0.00 0.00 0.00 0.00 0.00 0.00 0.00 0.00 0.00 0.00 0.00 0.00 0.00 0.00 0.00 2.48 2.48 0.00 0.00 0.00 0.00 0.00 0.00 0.00 0.00 0.00 0.00 1.83 0.00 3.80 3.50 0.00 1.31 2.12 2.04 1.46 4.02 5.11 9.13 8.40 3.50 3.50 4.67 5.77 7.15 6.94 10.29 3.80 4.11 0.00 0.00 0.00 0.00 0.00 0.00 0.00 0.00
1.17 2.12 1.31 1.02 2.41 2.19 1.61 1.53 1.10 2.41 2.04 1.90 1.31 0.00 2.56 1.75 0.00 1.83 1.83 0.00 0.00 0.00 4.23 0.00 0.00 0.00 0.00 0.00 0.00 0.00 0.00 0.00 0.00 0.00 0.00 0.00 0.00 0.00 0.00 0.00 0.00 0.00 0.00 0.00 0.00 0.00 1.02 0.00 0.00 0.00 0.00 0.00 0.00 0.80 1.46 2.04 2.12 2.12 1.17 1.17 2.56 1.61 2.92 2.41 5.62 5.77 6.64 3.43 3.43 2.92 4.38 5.33 6.94 7.66 8.32 3.21 4.16 3.87 0.00 0.00 0.00 0.00 0.00 0.00
2.70 2.12 2.19 1.61 2.34 2.26 0.00 1.83 1.68 1.53 2.04 2.70 0.00 2.34 0.00 2.63 2.41 1.68 1.68 1.17 0.00 0.00 0.00 0.00 0.00 0.00 0.00 0.00 0.00 0.00 0.00 0.00 0.00 0.00 0.00 0.00 0.00 0.22 0.00 0.22 0.00 0.00 0.00 0.00 0.00 0.00 0.00 0.00 0.00 0.00 0.00 0.00 0.00 0.66 1.31 1.10 1.90 1.68 1.97 1.24 1.90 2.63 2.85 4.23 5.11 6.13 6.13 6.28 6.28 2.77 4.45 3.07 3.65 6.79 7.74 8.32 4.16 0.00 0.00 0.00 0.00 0.00 0.00 0.00
2.19 1.90 1.53 1.17 1.61 2.04 1.68 0.00 0.00 0.00 0.00 0.00 0.00 0.00 0.00 0.00 2.48 2.41 2.41 0.00 0.00 1.75 0.00 0.00 0.00 0.00 0.00 0.00 0.00 0.00 0.00 0.00 0.00 0.00 0.00 0.00 0.44 0.66 0.29 0.58 0.80 0.00 0.00 0.00 0.00 0.00 0.00 0.00 0.00 0.00 0.00 0.00 0.00 0.44 1.31 1.24 0.51 1.46 0.44 1.02 1.75 2.85 3.50 4.67 6.13 6.64 6.94 4.60 4.60 2.63 1.83 3.50 3.29 4.89 7.15 6.64 0.00 0.00 0.00 5.26 0.00 0.00 0.00 0.00
1.61 1.46 1.02 2.04 1.68 1.83 0.00 0.00 0.00 0.00 0.00 0.00 0.00 0.00 0.00 0.00 0.00 3.21 3.21 4.53 3.43 0.00 0.00 0.00 0.00 2.85 2.56 3.07 3.07 2.70 2.92 2.63 2.99 2.19 0.00 1.68 1.75 0.95 1.31 1.02 1.31 0.51 0.44 0.44 0.29 0.73 0.00 0.00 0.29 0.07 0.00 0.00 0.00 3.36 2.70 4.67 2.56 1.02 0.00 0.66 1.47 2.76 4.67 4.96 6.35 6.57 5.18 4.09 4.09 3.80 1.24 2.26 3.94 3.72 4.38 4.09 5.91 6.20 6.86 7.30 5.84 0.00 0.00 0.00
0.44 1.97 0.95 1.39 1.31 1.90 0.00 0.00 0.00 0.00 0.00 0.00 0.00 0.00 0.00 0.00 2.56 3.36 3.36 3.36 0.00 4.09 3.36 3.43 2.12 1.24 2.26 3.65 2.77 3.80 3.43 0.00 0.00 0.00 0.00 0.00 0.00 0.66 3.72 2.56 2.70 1.90 0.73 0.73 1.68 1.10 0.37 0.44 0.22 0.00 0.00 0.80 0.51 4.16 7.15 8.69 8.98 3.80 4.74 6.28 5.04 4.60 6.41 5.18 5.48 3.94 3.14 4.16 4.16 3.87 5.26 10.51 7.37 4.89 2.41 3.72 3.43 5.33 6.72 7.81 7.30 0.00 0.00 0.00
1.24 0.66 1.46 0.00 2.12 0.00 0.00 0.00 0.00 0.00 0.00 0.00 0.00 0.00 0.00 0.00 2.85 3.14 3.14 3.36 3.07 2.92 1.83 1.97 2.48 0.95 2.41 2.26 3.29 3.14 2.99 0.00 0.00 2.77 0.00 0.00 0.00 2.26 4.02 3.80 1.90 1.17 1.17 1.17 1.97 0.73 0.00 0.07 0.00 0.00 0.00 0.15 0.95 2.41 5.62 7.81 10.29 9.56 9.13 6.42 4.60 3.94 4.82 4.96 3.48 3.80 3.36 1.68 1.68 2.85 10.88 9.49 10.00 6.28 4.60 2.12 2.19 5.18 6.42 8.25 6.20 0.00 0.00 0.00
1.46 2.48 1.02 0.00 0.00 0.00 0.00 0.00 0.00 0.00 0.00 2.92 3.29 3.21 3.21 2.77 3.72 2.92 2.92 1.83 3.43 2.77 2.12 0.95 1.46 1.61 2.12 1.90 2.56 2.48 2.77 2.26 1.75 2.92 3.21 0.00 1.24 1.10 2.77 1.90 1.75 1.46 1.46 1.46 2.56 2.48 0.00 1.68 2.19 0.00 0.00 0.00 0.58 1.83 7.37 6.94 8.40 8.98 8.47 6.57 4.09 3.21 4.60 3.65 7.96 6.26 11.02 6.13 6.13 4.82 4.96 5.62 6.64 7.01 2.85 2.26 3.21 5.91 5.99 6.72 4.60 0.00 0.00 0.00
1.97 1.17 0.37 0.00 0.00 0.00 0.00 0.00 0.00 0.00 0.00 0.00 0.00 0.00 3.14 3.14 2.19 2.56 2.56 3.50 3.07 2.12 2.04 0.95 2.34 1.24 2.63 1.46 2.26 2.56 2.56 2.41 2.63 2.63 1.39 1.83 1.46 1.75 0.95 1.68 1.97 1.61 2.26 2.26 5.11 2.56 8.10 7.23 4.02 2.99 0.00 2.85 2.99 7.81 5.11 6.79 5.55 5.33 5.04 4.94 2.70 3.14 3.65 10.07 12.01 12.27 14.37 8.10 8.10 4.16 5.18 4.45 5.11 3.72 4.02 3.29 4.82 6.57 5.84 5.73 5.34 0.00 0.00 0.00
0.88 0.44 0.00 0.00 0.00 0.00 0.00 0.00 0.00 0.00 0.00 0.00 0.00 0.00 3.65 2.04 1.68 0.00 0.00 2.77 2.56 2.99 1.53 1.90 1.61 2.12 2.04 1.02 0.88 1.97 2.04 1.83 2.63 0.95 1.83 1.17 1.83 1.68 1.10 0.58 1.02 2.48 2.12 2.12 4.02 4.16 5.11 6.50 8.18 4.89 7.08 7.08 7.23 10.07 8.54 5.91 5.48 2.92 3.07 3.07 2.33 4.96 5.38 7.88 12.26 14.45 12.84 11.43 11.07 6.68 5.33 5.26 4.89 5.18 3.87 6.13 6.28 6.20 6.12 5.43 4.62 3.46 0.00 0.00
0.95 0.44 0.80 0.00 0.00 0.00 0.00 0.00 0.44 0.58 0.00 0.00 0.00 0.00 0.00 0.00 0.00 0.00 0.00 3.14 2.04 1.75 1.02 1.46 1.39 1.53 2.56 0.22 0.44 1.02 2.04 2.48 0.00 0.00 0.07 1.90 0.95 0.51 0.58 0.73 0.44 0.80 0.00 0.00 2.56 1.24 1.68 3.72 4.53 5.26 7.96 10.00 11.46 12.34 11.61 9.71 7.37 4.96 2.06 0.96 2.56 2.63 3.35 5.78 8.90 11.55 10.37 10.51 10.56 8.66 7.63 5.33 6.13 5.33 4.40 4.23 4.23 5.48 5.36 6.44 6.26 5.99 4.30 0.00
1.24 0.66 0.95 0.95 0.00 0.00 0.80 2.12 1.24 1.24 0.00 0.00 0.00 0.00 0.00 0.00 1.61 0.00 0.00 2.56 0.88 0.00 0.73 0.44 1.02 0.80 0.00 0.00 0.00 0.00 0.00 0.00 0.00 0.00 0.00 0.00 0.51 0.58 1.02 0.07 0.00 0.00 0.00 0.00 1.10 1.75 1.75 1.83 4.60 6.86 6.72 9.42 11.32 12.41 13.80 12.70 9.42 5.91 6.28 7.41 2.21 2.37 3.48 3.67 7.55 10.00 8.91 8.76 8.76 6.80 6.21 7.87 7.92 6.37 5.43 4.35 4.31 5.71 5.34 7.60 7.18 6.40 5.97 6.39
1.39 1.17 0.51 0.00 0.37 1.24 0.00 0.00 0.00 0.00 0.00 0.00 0.00 0.00 0.00 1.10 1.61 1.61 1.61 1.97 0.29 0.00 0.66 0.15 0.00 0.44 0.00 0.00 0.00 0.00 0.00 0.00 0.00 0.00 0.00 0.00 0.58 0.80 0.66 0.95 0.15 0.00 0.00 0.00 0.00 0.58 2.77 3.36 5.11 7.96 6.94 7.08 11.53 13.43 12.85 14.67 12.58 13.43 15.62 9.56 9.42 3.33 4.15 5.99 10.39 8.16 6.38 3.29 3.29 4.50 6.32 7.79 7.49 7.34 5.63 7.12 5.04 5.04 3.45 5.49 7.87 8.47 6.30 8.02
1.46 0.29 0.44 0.51 0.37 1.17 1.61 0.00 0.00 1.90 0.73 0.00 0.00 0.00 0.00 0.00 0.80 1.53 1.53 0.95 0.29 0.44 0.58 0.00 0.00 0.00 0.58 0.66 0.00 0.00 0.00 0.00 0.00 0.00 1.31 0.29 0.80 1.53 1.17 1.31 1.02 0.22 0.44 0.44 0.00 1.68 3.58 3.94 4.67 7.01 7.96 7.88 8.86 10.16 12.38 15.42 13.92 14.82 14.24 14.97 11.02 4.92 4.00 6.21 7.77 6.53 5.48 1.46 1.47 3.65 6.23 7.87 7.82 8.94 8.73 7.45 5.36 4.69 3.28 3.44 5.46 7.93 7.81 9.10
2.48 1.68 1.17 1.46 0.66 0.73 0.00 1.53 0.00 0.00 0.00 0.00 0.00 0.00 0.00 0.00 0.44 0.00 0.00 0.15 0.58 0.51 0.00 0.00 0.00 0.80 0.44 0.15 0.00 0.00 0.00 0.00 0.00 0.51 2.41 1.75 1.61 0.37 0.00 0.29 0.80 0.00 0.88 0.88 1.02 2.56 3.21 3.58 4.82 9.49 9.05 11.24 7.81 9.17 12.99 12.64 14.04 17.18 10.15 12.09 6.38 5.36 3.79 3.34 5.63 5.48 5.24 0.95 0.95 1.84 2.37 3.57 6.39 8.65 7.85 7.56 6.93 4.23 3.89 3.73 4.48 9.38 9.09 5.50
1.75 1.61 1.39 2.48 1.90 1.61 1.24 2.41 1.31 1.53 0.80 0.22 0.00 0.00 0.00 0.00 0.00 0.00 0.00 0.00 0.00 0.00 0.00 0.00 0.00 0.58 0.73 0.73 0.00 0.00 0.00 0.00 0.15 1.10 2.04 2.12 1.61 0.00 0.00 0.00 0.00 2.77 0.51 0.51 2.48 6.86 4.82 6.13 15.62 12.34 11.53 11.68 10.00 8.44 10.88 14.52 9.66 10.47 9.39 8.66 7.89 6.84 5.12 3.32 3.12 4.45 4.87 1.11 1.10 1.48 0.00 4.78 6.62 7.90 7.74 5.43 5.41 4.44 3.93 5.39 7.15 9.86 5.06 0.00
1.02 0.00 0.58 2.12 1.68 2.04 2.56 3.80 4.31 2.12 1.83 0.88 0.00 0.00 0.00 0.00 0.00 0.00 0.00 0.00 0.00 0.00 0.00 0.00 0.00 0.80 0.58 1.53 0.66 0.00 0.58 0.58 0.66 1.24 2.12 1.17 0.00 0.00 0.00 0.00 3.72 3.21 1.53 1.53 8.54 9.05 9.78 14.53 14.31 14.30 14.22 12.30 10.85 12.11 9.43 7.85 9.27 5.62 6.29 6.80 6.90 7.68 7.87 5.40 2.08 2.78 2.45 0.75 0.73 0.00 0.00 2.87 5.17 6.28 4.62 3.65 3.67 4.28 4.25 5.14 5.91 7.38 2.92 0.00
2.99 3.58 2.41 2.12 5.84 3.29 4.96 4.89 4.16 4.16 5.55 5.55 2.85 4.23 2.70 1.24 1.90 1.31 1.31 1.31 1.53 0.15 0.00 0.73 1.46 2.41 1.24 1.97 0.73 0.95 1.24 0.95 1.10 1.46 1.17 1.02 0.00 2.77 2.26 1.46 4.09 3.72 5.69 5.69 12.26 12.05 15.04 10.80 11.53 10.80 8.58 8.47 7.56 4.89 5.82 7.67 5.52 7.34 9.56 9.10 7.63 6.43 6.12 6.32 2.99 2.93 1.54 0.00 0.00 0.00 0.00 0.00 6.54 7.98 5.39 2.99 3.25 0.00 0.00 0.00 0.00 3.36 0.00 3.19
5.77 5.77 5.55 7.23 7.30 6.13 8.25 5.11 3.87 0.00 0.00 4.09 4.02 4.53 4.38 2.34 2.48 2.19 2.19 1.61 1.53 0.00 0.73 0.44 0.80 1.31 1.90 0.66 0.80 1.68 0.37 0.00 1.17 1.10 1.97 1.24 2.34 2.04 2.19 0.80 3.07 5.91 5.33 5.33 11.39 12.78 10.88 8.83 9.41 8.97 6.10 5.96 6.06 3.90 2.85 4.14 2.39 4.02 6.94 7.86 9.88 8.78 9.02 5.72 2.41 1.75 0.59 0.00 0.00 0.00 0.00 0.00 4.57 6.13 6.14 4.45 2.14 0.00 0.00 0.00 0.00 0.00 0.00 0.00
6.79 6.79 6.94 5.48 7.74 9.71 7.66 7.74 3.14 0.00 0.00 1.68 3.43 2.56 3.94 3.65 2.85 2.48 2.48 1.02 0.80 0.00 0.00 1.17 0.37 0.22 0.00 0.44 0.51 0.51 0.07 0.00 0.22 0.88 1.97 3.58 0.66 0.15 0.00 0.00 0.00 4.38 5.69 5.69 5.91 9.42 10.88 7.23 8.44 7.54 7.34 5.67 5.95 5.11 4.78 2.40 2.68 2.06 10.38 7.13 8.95 10.35 8.32 6.79 4.09 1.94 1.42 1.32 1.47 0.00 0.00 0.00 0.00 6.04 4.87 4.57 0.00 0.00 0.00 0.00 0.00 0.00 0.00 2.85
3.72 7.66 8.18 3.14 3.43 7.30 10.00 9.46 5.91 0.00 0.00 0.00 1.53 2.19 1.83 1.90 2.26 2.04 2.04 1.97 1.46 1.10 0.80 1.02 0.00 0.00 0.00 0.00 0.00 0.51 0.22 0.00 0.58 0.00 0.44 0.15 0.44 0.00 0.00 0.00 0.29 1.02 1.68 1.68 5.77 5.99 7.23 8.88 7.52 6.82 8.11 8.36 7.20 7.88 3.47 4.11 0.83 0.00 4.81 3.20 7.47 10.00 9.90 5.69 7.30 3.32 0.88 0.78 0.76 0.00 0.00 0.00 0.00 2.38 3.13 0.30 0.00 0.00 0.00 0.00 0.00 0.00 3.52 3.32
0.00 0.00 0.00 0.00 4.82 5.77 7.81 8.25 9.05 5.18 2.04 0.00 0.00 0.15 1.02 0.00 1.75 2.85 2.85 0.29 0.15 0.29 0.44 0.00 0.00 0.00 0.00 0.00 0.37 0.00 0.00 0.00 0.00 0.00 0.15 0.07 0.22 0.00 0.00 0.00 0.00 0.44 1.46 1.46 2.12 2.92 6.94 7.37 7.66 7.37 8.45 8.26 6.17 4.64 4.24 0.00 0.00 0.00 0.00 4.65 4.54 7.57 10.41 11.71 7.48 3.76 0.00 1.15 1.16 2.13 0.00 0.00 0.00 0.00 0.00 0.00 0.00 0.00 0.00 0.00 0.00 0.00 2.43 3.41
0.00 0.00 0.00 0.00 0.00 0.00 7.15 9.13 9.42 10.22 8.25 0.00 0.51 0.00 0.00 0.37 1.17 0.58 0.58 0.00 0.00 0.00 0.00 0.00 0.00 0.00 0.00 0.00 0.00 0.37 0.00 0.00 0.00 0.00 0.00 0.00 0.00 0.00 0.00 0.00 0.00 0.00 0.00 0.00 0.59 1.68 3.89 5.48 7.86 8.88 8.52 6.64 5.88 6.09 3.23 0.00 0.00 0.00 0.00 5.91 5.79 11.22 6.70 9.11 8.16 8.49 3.83 2.43 2.85 3.17 2.65 0.00 0.00 0.00 0.00 0.00 0.00 0.00 0.00 0.00 0.00 0.00 3.24 4.36
0.00 0.00 0.00 0.00 0.00 5.48 5.33 7.45 10.80 10.15 3.50 1.02 2.70 2.04 0.00 2.48 2.19 0.15 0.15 0.07 0.00 0.00 0.00 0.00 0.00 0.00 0.00 0.00 0.00 0.00 0.00 0.00 0.00 0.00 0.00 0.00 0.00 0.00 0.00 0.00 0.00 0.00 0.00 0.00 0.58 2.34 1.32 1.75 5.37 5.08 5.74 5.66 5.13 0.00 0.00 0.00 0.00 0.00 0.00 0.00 0.00 6.29 5.88 9.14 9.28 8.30 8.49 3.77 4.22 8.10 2.03 0.00 0.00 0.00 0.00 0.00 0.00 0.00 0.00 0.00 0.00 5.86 0.00 0.00
0.00 0.00 0.00 0.00 0.00 0.00 0.00 4.45 8.32 5.62 6.50 3.36 4.96 3.87 1.97 3.19 0.81 0.58 0.58 1.31 0.00 0.00 0.07 0.00 0.00 0.00 0.00 0.00 0.00 0.00 0.00 0.00 0.00 0.00 0.00 0.00 0.00 0.00 0.00 0.00 0.00 0.00 0.00 0.00 0.00 0.15 1.53 3.44 5.81 7.62 6.98 7.38 0.00 0.00 0.00 0.00 0.00 0.00 0.00 0.00 0.00 0.00 0.00 7.30 8.84 10.27 11.31 7.49 7.65 4.16 2.74 0.00 0.00 0.00 0.00 0.00 0.00 0.00 0.00 0.00 0.00 0.00 0.00 0.00
0.00 0.00 0.00 0.00 0.00 0.00 0.00 0.00 3.21 1.68 4.89 5.84 4.02 4.67 5.84 5.65 2.77 0.73 0.68 1.75 0.22 0.00 0.00 0.00 0.00 0.07 0.00 0.00 0.00 0.00 0.00 0.00 0.00 0.00 0.22 1.17 0.00 0.00 0.00 0.00 0.00 0.44 0.00 0.00 0.00 0.37 1.17 3.24 4.10 5.38 8.60 7.51 0.00 0.00 0.00 0.00 0.00 0.00 0.00 0.00 0.00 0.00 0.00 0.00 12.34 12.15 9.35 6.48 7.92 5.27 0.00 3.36 2.52 0.00 0.00 0.00 0.00 0.00 0.00 0.00 0.00 0.00 0.00 0.00
0.00 0.00 0.00 0.00 0.00 0.00 0.00 0.00 0.00 0.00 0.00 0.00 0.00 0.00 0.00 0.00 2.26 1.68 1.71 3.50 4.23 4.89 5.33 2.41 0.58 3.87 2.48 0.51 1.90 0.00 0.00 2.63 0.00 0.00 4.82 6.50 3.21 2.12 5.40 6.02 2.86 5.16 4.89 4.89 6.06 3.72 2.04 2.20 1.85 0.00 0.00 0.00 0.00 0.00 0.00 0.00 0.00 0.00 0.00 0.00 0.00 0.00 0.00 0.00 0.00 9.25 0.00 0.00 0.00 0.00 0.00 0.00 0.00 0.00 0.00 0.00 0.00 0.00 0.00 0.00 0.00 0.00 0.00 0.00
0.00 0.00 0.00 0.00 0.00 0.00 0.00 0.00 0.00 0.00 0.00 0.00 0.00 0.00 0.00 0.00 0.00 0.00 0.00 0.00 3.07 3.93 3.65 5.18 3.29 6.37 4.94 4.53 0.00 2.63 2.19 5.04 3.43 2.41 3.43 5.99 7.96 8.32 8.40 3.43 2.52 4.44 7.23 8.07 6.06 6.13 4.53 1.72 0.00 0.00 0.00 0.00 0.00 0.00 0.00 0.00 0.00 0.00 0.00 0.00 0.00 0.00 0.00 0.00 0.00 0.00 0.00 0.00 0.00 0.00 0.00 0.00 0.00 0.00 0.00 0.00 0.00 0.00 0.00 0.00 0.00 0.00 0.00 0.00
0.00 0.00 0.00 0.00 0.00 0.00 0.00 0.00 0.00 0.00 0.00 0.00 0.00 0.00 0.00 0.00 0.00 0.00 0.00 0.00 0.00 3.87 2.26 3.87 6.57 4.40 4.10 4.45 3.58 3.58 5.04 6.28 4.67 4.31 5.55 5.37 10.66 7.15 4.96 0.00 0.00 4.67 5.22 6.63 3.63 4.99 5.11 0.00 0.00 0.00 0.00 0.00 0.00 0.00 0.00 0.00 0.00 0.00 0.00 0.00 0.00 0.00 0.00 0.00 0.00 0.00 0.00 0.00 0.00 0.00 0.00 0.00 0.00 0.00 0.00 0.00 0.00 0.00 0.00 0.00 0.00 0.00 0.00 0.00
0.00 0.00 0.00 0.00 0.00 0.00 0.00 0.00 0.00 0.00 0.00 0.00 0.00 0.00 0.00 0.00 0.00 0.00 0.00 0.00 0.00 0.00 0.00 0.00 0.00 0.00 5.84 4.74 5.18 5.11 0.00 0.00 6.19 3.94 0.00 0.00 2.85 0.00 0.00 0.00 0.00 0.00 0.00 0.00 5.27 0.00 0.00 0.00 0.00 0.00 0.00 0.00 0.00 0.00 0.00 0.00 0.00 0.00 0.00 0.00 0.00 0.00 0.00 0.00 0.00 0.00 0.00 0.00 0.00 0.00 0.00 0.00 0.00 0.00 0.00 0.00 0.00 0.00 0.00 0.00 0.00 0.00 0.00 0.00
