Wansh/Snow_depth/snowdepth-1997/spring/1997073.txt
ncols 321
nrows 161
xllcenter 60
yllcenter 15 
cellsize  0.25 
NODATA_value -1
[rows 0 to 36 of 161, columns 84 to 167 of 321]
12.63 13.29 13.29 13.29 12.56 12.70 11.02 8.10 8.10 6.28 9.34 9.34 9.34 7.81 10.95 12.56 14.16 14.60 14.60 13.80 8.98 11.39 6.57 0.37 2.99 0.00 0.00 0.73 0.44 2.77 4.96 4.09 13.51 15.33 17.45 18.54 20.37 20.08 19.64 19.35 17.59 10.29 11.32 11.32 5.48 3.43 3.94 3.94 5.18 4.89 6.13 5.99 10.73 10.73 10.88 8.32 9.56 10.29 5.91 6.57 3.36 3.72 3.80 1.53 1.46 2.34 3.29 3.21 3.21 5.62 11.32 10.07 15.48 15.55 15.55 14.75 10.22 16.13 18.91 17.59 15.77 13.21 13.80 12.48
12.99 14.16 10.07 11.17 11.53 11.97 11.46 11.75 9.56 8.03 7.74 6.57 5.26 7.45 8.54 8.18 15.04 10.15 10.15 13.51 14.24 13.58 7.59 6.57 2.04 2.41 0.07 0.58 0.95 1.24 4.16 7.74 6.06 12.05 13.07 16.43 17.52 18.40 17.45 16.43 18.32 12.56 12.34 12.34 13.14 5.48 4.74 4.96 4.31 4.16 4.02 3.36 2.04 2.34 5.69 5.69 5.18 6.42 6.13 7.81 4.96 4.82 5.04 5.04 7.66 8.83 8.76 10.51 10.51 7.01 10.15 15.62 14.67 17.59 17.81 17.89 17.81 17.74 19.05 17.30 18.47 15.26 13.43 13.65
15.04 9.05 8.98 9.86 9.20 11.46 14.89 14.60 12.63 13.21 10.15 7.52 7.15 3.94 1.90 4.02 4.96 4.67 4.67 12.48 8.40 10.95 10.59 10.80 2.56 1.02 3.36 0.00 1.46 1.97 1.68 3.50 5.55 4.96 13.43 16.28 15.77 19.49 22.12 20.22 21.32 21.32 16.64 16.64 17.52 17.52 17.67 6.13 6.57 4.02 2.48 1.46 1.97 2.41 2.19 3.21 4.38 6.86 8.10 7.88 9.49 10.29 8.76 10.00 10.00 11.10 12.41 12.26 12.26 12.70 12.99 13.14 14.82 18.10 16.13 20.59 21.46 21.39 21.17 19.86 20.15 20.15 19.93 20.37
15.04 9.05 8.98 9.86 9.20 11.46 14.89 14.60 12.63 13.21 10.15 7.52 7.15 3.94 1.90 4.02 4.96 4.67 4.67 12.48 8.40 10.95 10.59 10.80 2.56 1.02 3.36 0.00 1.46 1.97 1.68 3.50 5.55 4.96 13.43 16.28 15.77 19.49 22.12 20.22 21.32 21.32 16.64 16.64 17.52 17.52 17.67 6.13 6.57 4.02 2.48 1.46 1.97 2.41 2.19 3.21 4.38 6.86 8.10 7.88 9.49 10.29 8.76 10.00 10.00 11.10 12.41 12.26 12.26 12.70 12.99 13.14 14.82 18.10 16.13 20.59 21.46 21.39 21.17 19.86 20.15 20.15 19.93 20.37
10.15 7.01 7.01 8.03 7.74 9.27 8.54 9.27 5.33 6.79 8.69 4.89 2.26 3.36 2.04 1.17 1.61 0.29 0.29 5.11 4.96 8.54 8.25 7.23 7.37 5.62 2.85 1.02 1.31 0.95 0.95 1.10 4.74 7.37 8.69 13.72 14.97 19.64 21.83 21.32 22.63 20.22 18.91 18.91 19.05 19.78 15.91 16.57 6.13 6.72 3.43 1.97 2.12 2.19 2.99 2.92 3.50 4.67 4.60 8.54 8.40 9.93 12.70 12.12 15.91 17.89 17.74 16.50 16.50 14.82 14.75 13.43 13.58 14.38 17.52 16.64 19.93 14.53 20.44 19.86 16.86 18.91 18.32 20.37
8.10 8.47 8.76 5.91 6.20 2.92 3.43 4.31 4.60 4.45 7.01 5.33 5.55 4.16 2.85 3.58 0.95 3.07 3.07 4.82 1.68 3.36 6.20 7.45 5.40 5.69 2.70 1.24 2.26 1.75 1.83 2.85 2.48 5.55 7.08 11.10 13.65 13.07 18.25 18.98 17.16 20.59 17.67 17.67 15.99 15.84 17.30 13.43 14.67 5.62 2.12 2.12 1.46 1.61 1.68 3.21 3.36 4.38 5.99 6.06 8.03 11.53 11.61 15.33 14.75 17.45 16.43 16.86 16.86 14.53 13.51 13.51 13.51 11.68 12.34 9.93 10.29 10.22 11.61 14.09 13.29 16.94 19.13 18.40
4.89 7.37 3.50 5.77 5.69 4.74 5.18 5.55 6.57 6.35 7.08 7.45 4.67 5.84 5.40 5.77 7.15 6.79 6.79 3.94 5.40 3.58 1.61 2.56 2.63 0.22 1.02 0.66 0.66 2.19 2.41 2.92 3.43 3.87 6.72 12.26 11.32 11.83 11.83 14.97 15.48 13.51 13.29 13.29 14.82 13.29 11.83 13.29 5.69 7.15 2.63 2.85 1.90 1.97 1.97 3.36 5.48 5.18 7.01 8.61 8.54 11.32 14.53 13.87 16.35 16.06 16.21 15.04 15.04 13.94 14.31 13.58 14.31 14.09 14.09 11.90 12.34 10.44 8.91 9.42 8.76 13.80 12.85 15.62
4.89 7.37 3.50 5.77 5.69 4.74 5.18 5.55 6.57 6.35 7.08 7.45 4.67 5.84 5.40 5.77 7.15 6.79 6.79 3.94 5.40 3.58 1.61 2.56 2.63 0.22 1.02 0.66 0.66 2.19 2.41 2.92 3.43 3.87 6.72 12.26 11.32 11.83 11.83 14.97 15.48 13.51 13.29 13.29 14.82 13.29 11.83 13.29 5.69 7.15 2.63 2.85 1.90 1.97 1.97 3.36 5.48 5.18 7.01 8.61 8.54 11.32 14.53 13.87 16.35 16.06 16.21 15.04 15.04 13.94 14.31 13.58 14.31 14.09 14.09 11.90 12.34 10.44 8.91 9.42 8.76 13.80 12.85 15.62
2.92 4.02 2.63 4.45 3.94 5.69 4.67 5.33 5.40 7.52 6.64 7.15 5.04 3.94 4.67 7.81 7.88 8.40 8.40 7.74 8.47 1.61 2.48 0.37 0.15 0.44 1.31 2.04 1.61 3.21 3.36 3.14 3.14 8.32 5.84 14.09 12.99 13.51 12.05 7.96 11.83 11.24 7.45 7.45 8.25 9.13 5.55 5.33 3.43 2.56 2.63 3.72 5.77 5.62 4.02 6.20 5.77 7.96 7.88 9.56 11.53 11.39 13.07 15.33 14.75 15.91 14.67 14.75 14.75 13.65 12.92 12.70 13.87 14.53 14.53 13.65 12.41 12.99 11.32 9.34 9.93 9.42 7.66 10.00
6.06 3.72 4.89 5.69 5.33 4.96 5.04 5.48 6.86 6.79 3.65 4.09 4.02 4.31 5.55 7.01 8.54 8.98 8.98 7.15 5.33 6.06 3.36 0.22 1.75 1.61 1.97 2.41 2.99 2.85 2.41 3.50 3.36 8.40 8.69 12.85 10.95 7.15 11.17 6.13 4.45 4.67 4.60 4.60 2.85 3.21 3.72 4.09 4.02 6.50 9.78 6.06 7.59 8.32 9.78 8.98 9.86 8.10 9.27 11.53 11.02 12.56 12.26 12.26 13.36 13.21 13.80 11.39 11.39 11.32 11.39 10.37 12.34 11.68 13.72 15.26 14.45 17.89 17.01 17.89 13.21 7.59 8.32 7.88
7.52 6.79 6.42 6.35 6.13 7.08 6.64 6.06 6.20 6.50 5.33 2.99 7.59 8.25 9.86 10.66 9.71 10.44 10.44 12.92 7.66 2.99 3.50 3.50 2.48 2.70 2.26 3.36 2.26 2.41 2.85 2.77 3.58 4.89 5.99 7.88 6.35 6.35 6.57 4.74 4.60 6.94 6.57 6.57 4.23 5.18 5.69 7.37 9.20 8.61 13.07 18.25 11.32 11.46 9.93 10.29 11.24 13.94 13.80 14.16 15.18 13.94 12.41 12.26 11.97 12.92 11.39 11.53 11.53 12.34 11.68 12.26 11.75 14.38 14.09 14.97 18.69 20.95 19.05 19.93 14.09 11.32 10.88 9.13
7.52 6.79 6.42 6.35 6.13 7.08 6.64 6.06 6.20 6.50 5.33 2.99 7.59 8.25 9.86 10.66 9.71 10.44 10.44 12.92 7.66 2.99 3.50 3.50 2.48 2.70 2.26 3.36 2.26 2.41 2.85 2.77 3.58 4.89 5.99 7.88 6.35 6.35 6.57 4.74 4.60 6.94 6.57 6.57 4.23 5.18 5.69 7.37 9.20 8.61 13.07 18.25 11.32 11.46 9.93 10.29 11.24 13.94 13.80 14.16 15.18 13.94 12.41 12.26 11.97 12.92 11.39 11.53 11.53 12.34 11.68 12.26 11.75 14.38 14.09 14.97 18.69 20.95 19.05 19.93 14.09 11.32 10.88 9.13
6.94 7.59 6.86 6.64 6.20 6.50 6.28 6.20 6.57 7.15 7.66 7.52 8.54 9.78 13.07 14.09 14.82 14.45 14.45 15.33 13.14 7.15 5.91 5.62 3.72 3.50 2.92 2.99 2.19 2.92 6.13 2.19 4.67 8.76 5.40 8.47 8.10 8.25 7.96 11.46 9.27 8.91 9.56 9.56 9.93 6.50 8.25 7.45 13.36 15.48 20.81 20.81 17.08 19.13 17.52 17.89 12.70 15.48 15.84 15.84 15.11 13.72 13.51 13.51 14.02 12.41 12.70 12.99 12.99 15.26 13.87 15.99 16.57 16.50 16.50 17.81 20.22 19.78 19.86 15.62 16.43 14.02 12.78 12.41
8.40 9.42 7.96 6.72 6.20 5.62 5.69 5.55 6.42 7.66 8.83 10.95 12.41 13.07 12.78 14.24 16.50 15.48 15.48 12.19 13.51 8.40 7.59 5.33 5.84 4.23 3.87 3.29 3.14 4.02 8.69 8.54 7.88 12.19 11.10 10.07 14.75 11.83 12.70 12.56 13.36 10.88 10.88 10.88 13.29 16.06 11.61 16.72 18.83 18.25 20.22 20.15 20.37 21.32 21.24 22.48 22.70 18.47 17.52 13.72 13.58 13.29 14.60 14.75 14.75 13.51 13.29 13.36 13.36 15.55 17.67 17.81 17.67 17.16 17.52 16.86 17.45 8.47 8.76 7.45 14.53 12.92 11.97 12.05
9.93 10.59 8.83 7.45 6.06 4.96 4.82 8.76 4.67 9.78 8.83 10.59 12.41 14.67 15.55 16.86 16.86 15.77 15.77 13.36 11.90 8.83 9.20 7.37 7.23 5.33 5.62 5.84 10.15 9.78 11.10 16.28 14.02 13.80 15.04 14.97 14.97 14.16 15.70 14.89 14.60 16.72 15.55 15.55 15.40 16.79 16.35 16.43 17.96 19.42 19.05 21.46 22.92 23.58 26.13 25.84 25.92 20.81 12.85 14.67 10.29 10.44 10.95 10.95 12.78 14.16 13.80 14.16 14.16 14.75 16.43 16.06 14.75 12.70 13.36 14.02 6.35 8.98 1.75 1.68 13.72 13.21 13.80 12.26
10.37 9.86 7.74 8.32 5.26 3.80 4.02 5.26 4.45 7.59 7.15 9.42 7.96 10.22 13.87 15.55 15.40 14.24 14.24 14.53 12.63 9.93 9.42 10.15 8.98 8.32 10.80 10.59 11.39 14.89 16.79 16.79 15.70 14.75 15.40 11.61 14.24 16.06 15.26 15.48 17.08 16.94 15.55 15.55 13.14 15.55 14.16 15.99 15.55 18.54 19.93 20.15 19.49 22.78 21.75 24.24 21.02 24.09 14.24 9.49 9.86 9.05 9.34 9.34 10.37 13.29 14.97 14.82 14.82 14.53 15.11 14.97 14.60 11.97 11.32 9.78 10.66 0.51 0.00 0.00 8.10 12.56 11.39 14.97
10.37 9.86 7.74 8.32 5.26 3.80 4.02 5.26 4.45 7.59 7.15 9.42 7.96 10.22 13.87 15.55 15.40 14.24 14.24 14.53 12.63 9.93 9.42 10.15 8.98 8.32 10.80 10.59 11.39 14.89 16.79 16.79 15.70 14.75 15.40 11.61 14.24 16.06 15.26 15.48 17.08 16.94 15.55 15.55 13.14 15.55 14.16 15.99 15.55 18.54 19.93 20.15 19.49 22.78 21.75 24.24 21.02 24.09 14.24 9.49 9.86 9.05 9.34 9.34 10.37 13.29 14.97 14.82 14.82 14.53 15.11 14.97 14.60 11.97 11.32 9.78 10.66 0.51 0.00 0.00 8.10 12.56 11.39 14.97
9.93 10.00 8.25 6.13 3.80 4.45 2.19 2.70 3.50 4.02 5.18 7.08 6.35 8.32 11.32 13.87 15.18 13.21 13.21 13.51 12.26 10.29 10.00 10.59 11.90 11.75 11.17 13.80 14.02 14.75 15.77 15.26 15.26 14.97 10.44 10.88 10.88 13.29 12.85 12.12 13.21 14.60 15.11 15.11 14.60 18.40 13.51 18.25 21.02 21.68 22.56 24.16 18.69 22.56 23.51 23.65 21.02 15.40 13.58 13.65 14.45 15.04 10.95 14.16 14.09 11.68 14.31 17.08 17.08 18.25 16.06 16.79 13.29 11.90 12.05 9.78 3.80 0.22 0.00 2.48 11.61 10.22 7.52 10.44
7.88 7.88 8.54 6.79 5.99 4.67 4.09 4.96 3.50 4.16 5.11 7.52 9.49 12.34 13.65 13.43 13.14 11.39 11.39 12.12 10.59 10.59 11.68 10.51 11.68 11.39 14.60 15.91 15.99 16.64 16.28 18.40 16.94 17.01 15.62 11.02 11.24 8.47 9.56 12.26 11.24 12.05 15.99 15.99 15.18 20.51 24.38 20.73 24.45 24.97 24.75 27.30 28.69 28.91 25.33 21.46 17.67 18.32 16.57 17.30 17.08 18.18 16.86 17.45 15.70 16.43 18.54 18.18 18.18 20.15 18.25 18.98 15.77 12.05 8.03 4.96 6.06 1.46 1.39 3.87 5.62 6.13 7.23 7.59
8.10 9.05 8.47 11.61 11.75 8.98 4.89 6.86 6.35 3.43 5.91 7.23 8.18 9.78 10.73 9.64 11.02 10.51 10.51 12.48 12.63 11.39 11.61 11.61 13.36 15.26 15.18 15.99 14.53 16.21 15.99 14.97 15.77 15.70 16.35 10.37 6.13 6.79 4.38 8.47 10.44 9.05 15.04 15.04 22.70 21.46 24.60 26.06 25.33 28.18 27.52 28.03 28.32 30.66 32.34 31.97 32.27 30.51 23.80 22.63 22.78 22.70 22.05 18.10 17.16 17.59 19.20 23.21 23.21 17.08 19.27 9.56 7.52 7.15 7.37 5.18 1.90 0.66 3.07 2.34 4.45 4.74 5.91 7.15
10.73 12.70 13.43 13.87 14.09 12.48 12.85 14.02 10.37 11.68 11.61 10.15 7.81 8.61 9.78 5.69 9.49 8.98 8.98 11.32 10.88 11.61 11.32 12.56 12.41 14.89 15.11 15.48 13.72 11.17 12.48 14.24 13.21 14.97 8.98 10.07 5.40 0.00 2.92 0.00 7.96 12.05 11.17 11.17 13.29 21.53 21.75 22.56 24.53 21.75 22.27 23.87 31.61 31.32 33.94 35.41 35.48 32.92 28.91 26.50 26.86 26.43 24.67 25.33 23.07 22.56 22.27 22.19 22.19 16.43 7.88 9.64 5.26 4.74 1.97 0.07 0.00 0.00 0.37 1.53 2.92 4.09 3.65 5.91
12.05 13.14 13.87 12.78 13.65 12.63 12.41 14.60 16.86 17.89 20.00 19.27 17.45 18.32 11.02 9.86 13.07 9.27 9.27 9.49 12.56 12.78 11.75 13.21 17.16 16.79 16.86 19.20 13.94 14.09 11.24 11.90 11.32 10.59 7.08 1.31 2.12 0.00 0.00 4.45 4.16 7.52 8.25 8.25 7.96 5.91 4.38 14.97 15.91 16.28 17.89 14.97 18.76 22.34 31.03 33.94 30.73 31.54 27.38 24.82 24.67 24.45 25.11 24.24 24.45 23.29 22.27 18.76 18.76 15.11 10.37 11.97 3.29 2.41 2.70 0.80 0.80 0.22 0.22 0.66 0.51 0.73 2.70 1.46
12.05 13.14 13.87 12.78 13.65 12.63 12.41 14.60 16.86 17.89 20.00 19.27 17.45 18.32 11.02 9.86 13.07 9.27 9.27 9.49 12.56 12.78 11.75 13.21 17.16 16.79 16.86 19.20 13.94 14.09 11.24 11.90 11.32 10.59 7.08 1.31 2.12 0.00 0.00 4.45 4.16 7.52 8.25 8.25 7.96 5.91 4.38 14.97 15.91 16.28 17.89 14.97 18.76 22.34 31.03 33.94 30.73 31.54 27.38 24.82 24.67 24.45 25.11 24.24 24.45 23.29 22.27 18.76 18.76 15.11 10.37 11.97 3.29 2.41 2.70 0.80 0.80 0.22 0.22 0.66 0.51 0.73 2.70 1.46
12.63 11.53 10.95 11.97 12.12 12.63 12.34 12.56 16.43 16.43 18.10 19.27 18.83 18.25 19.20 19.13 15.40 14.09 14.09 16.28 16.06 16.28 14.75 16.64 18.69 18.61 19.35 20.51 14.97 10.80 11.97 7.52 7.30 3.36 4.38 1.31 0.00 0.44 0.00 2.70 2.48 2.41 0.00 0.00 0.00 0.00 0.00 1.83 1.83 8.40 9.71 11.61 10.80 14.97 14.31 14.02 14.09 12.12 12.19 18.69 15.18 16.79 19.35 24.09 23.14 21.61 18.18 18.76 18.76 17.37 15.91 8.61 10.44 5.69 5.40 1.31 1.17 0.22 0.44 0.15 0.22 0.00 0.66 0.66
11.39 10.29 11.75 11.32 13.14 13.29 12.41 15.26 16.06 15.62 17.16 17.74 16.43 16.79 16.72 17.16 14.97 14.67 14.67 15.26 16.28 17.01 16.64 16.91 17.17 17.91 14.38 15.18 14.82 11.53 8.40 9.71 5.99 0.00 1.46 1.83 0.00 0.00 0.00 0.00 1.46 0.00 0.00 0.00 0.00 0.00 0.00 0.00 0.00 0.00 0.00 4.67 6.35 5.84 7.74 8.54 8.61 8.76 9.42 12.85 14.02 13.72 16.43 21.17 20.08 21.39 18.25 17.08 17.08 17.89 19.42 19.86 12.92 7.15 5.26 2.63 2.99 0.80 0.51 0.29 0.00 0.00 0.00 0.00
12.70 12.92 13.21 12.48 13.58 13.80 15.48 14.67 15.40 15.18 16.79 14.75 15.62 15.91 14.89 13.43 14.75 15.99 15.99 17.81 17.52 16.86 18.98 19.23 22.20 15.87 17.02 16.86 17.67 18.18 12.78 11.10 12.41 5.26 2.48 3.21 2.77 2.26 2.85 1.75 1.68 0.00 0.00 0.00 0.00 0.00 0.00 0.00 0.00 0.00 0.00 0.00 0.00 0.00 0.00 2.99 4.67 7.01 6.06 10.73 13.51 11.75 11.75 13.58 10.88 11.83 15.99 14.89 14.89 17.30 17.37 14.38 12.56 9.86 9.34 4.31 2.26 3.36 1.31 2.34 0.15 0.00 0.00 0.00
12.92 12.85 13.14 14.89 15.91 14.53 14.75 13.58 13.87 12.26 12.92 13.14 8.40 9.49 9.71 12.34 15.55 18.98 18.98 18.25 19.13 18.97 18.06 20.32 18.76 17.93 17.84 19.61 19.04 18.92 18.47 15.99 15.33 5.84 6.50 5.91 7.37 2.99 3.21 1.68 0.58 0.80 0.00 0.00 0.00 0.00 0.00 0.00 0.00 0.00 0.00 0.00 0.00 0.00 0.00 0.00 4.02 3.50 7.45 15.26 13.65 18.25 14.75 12.70 14.02 9.56 14.53 18.91 18.91 20.22 16.21 17.59 13.07 11.10 11.39 10.80 6.13 7.01 3.43 2.99 2.48 1.46 0.00 0.00
12.34 15.18 14.60 15.77 17.67 15.26 16.43 18.76 17.89 14.38 10.88 12.12 6.72 8.61 14.02 16.13 15.84 18.10 18.10 19.49 13.72 14.75 15.13 13.65 18.82 18.54 21.30 22.06 20.99 20.13 21.13 19.27 18.76 18.32 12.26 11.90 10.15 7.23 4.96 2.63 0.44 0.58 0.44 0.44 0.00 0.00 0.00 0.00 0.00 0.00 0.00 0.00 0.00 0.00 0.00 0.00 3.87 7.01 6.42 14.02 18.83 19.05 19.27 19.13 12.19 18.83 21.32 20.73 20.73 20.81 17.67 13.58 11.02 9.13 9.49 10.95 10.00 6.64 4.38 2.56 0.73 0.73 0.15 0.00
12.34 15.18 14.60 15.77 17.67 15.26 16.43 18.76 17.89 14.38 10.88 12.12 6.72 8.61 14.02 16.13 15.84 18.10 18.19 20.12 13.93 15.79 14.75 14.00 18.54 18.54 20.66 20.50 19.61 20.44 21.34 20.07 21.08 19.39 12.58 11.90 10.15 7.23 4.96 2.63 0.44 0.58 0.44 0.44 0.00 0.00 0.00 0.00 0.00 0.00 0.00 0.00 0.00 0.00 0.00 0.00 3.87 7.01 6.42 14.02 18.83 19.05 19.27 19.13 12.19 18.83 21.32 20.73 20.73 20.81 17.67 13.58 11.02 9.13 9.49 10.95 10.00 6.64 4.38 2.56 0.73 0.73 0.15 0.00
12.56 13.43 16.57 18.10 18.03 24.67 24.38 24.75 24.02 20.88 21.90 18.10 10.80 16.94 19.71 20.44 19.86 16.21 16.21 17.67 11.17 10.59 9.10 8.23 15.72 13.42 20.65 24.36 23.00 23.92 23.67 20.27 22.92 22.88 21.37 14.30 14.97 10.95 7.74 1.46 1.75 0.95 1.24 1.24 0.00 0.00 0.00 0.00 0.00 0.00 0.00 0.00 0.00 0.00 0.00 0.00 2.41 2.19 3.87 6.42 13.94 10.66 18.03 25.70 24.09 23.65 21.75 22.12 22.12 20.51 15.84 16.64 13.36 9.20 9.42 8.54 4.96 3.43 2.77 2.19 0.80 0.00 0.00 0.00
9.56 10.88 14.89 12.34 18.54 17.89 23.87 16.06 19.93 21.53 20.88 15.26 16.86 16.28 20.00 23.73 21.10 17.74 17.74 14.09 8.10 9.32 5.40 4.53 9.39 9.34 12.56 23.53 28.46 27.95 27.52 27.96 22.63 24.68 24.71 24.62 14.45 15.26 13.58 14.45 4.09 4.31 1.83 1.83 0.51 0.00 0.00 1.31 2.12 0.00 2.63 0.00 0.00 0.00 0.00 0.00 0.29 0.00 1.31 2.19 5.33 12.70 10.22 21.39 27.45 22.92 21.32 21.02 21.02 21.53 16.64 13.94 10.37 9.05 8.98 8.61 4.45 5.55 3.80 2.99 0.73 2.12 0.00 0.00
10.66 10.07 10.07 10.80 13.36 17.81 15.84 15.62 15.91 16.64 16.94 12.85 12.99 12.85 16.43 15.40 18.47 18.10 18.10 13.21 10.59 11.46 8.54 5.40 7.88 12.48 12.26 19.17 28.97 29.97 28.40 28.69 26.79 25.33 27.13 27.39 20.05 17.30 17.30 21.10 20.81 4.67 6.06 6.06 1.75 0.22 0.07 0.37 0.37 1.75 1.83 0.00 0.00 0.00 0.00 0.00 0.00 1.24 1.53 1.46 0.00 7.01 11.68 21.46 20.37 22.27 20.15 20.51 20.51 12.85 9.42 8.54 8.91 7.66 4.16 7.74 6.20 7.01 4.60 5.33 4.31 3.94 0.00 0.00
16.86 0.00 12.70 11.46 19.64 17.96 22.34 19.42 19.27 24.38 22.85 16.50 14.24 18.54 15.91 16.13 9.78 9.34 9.34 11.46 11.10 8.54 8.61 7.96 11.90 13.80 21.17 27.07 25.48 26.72 25.84 24.67 24.09 24.97 28.69 28.84 30.61 31.32 26.07 24.70 24.97 20.00 13.21 13.21 4.53 2.70 1.46 0.00 0.73 1.10 1.75 2.04 0.00 0.00 2.19 0.00 0.00 0.51 4.16 5.18 3.07 3.43 5.69 15.84 18.10 17.30 11.32 9.49 9.49 10.22 6.64 4.82 0.58 2.12 0.58 3.07 8.61 10.00 7.96 6.50 8.54 5.91 3.43 3.94
21.17 18.32 0.00 25.48 25.55 24.45 20.08 18.40 20.72 23.73 22.70 26.79 22.92 19.27 12.99 3.29 3.72 3.36 3.36 7.59 3.07 5.84 5.91 15.48 13.58 16.50 22.92 26.91 25.33 25.84 23.73 21.24 21.02 19.27 29.64 31.68 31.46 30.51 32.68 28.90 24.87 25.70 21.53 21.53 17.45 15.11 5.48 2.92 2.34 2.19 2.26 2.63 2.19 2.70 2.63 1.97 0.00 0.00 5.11 4.45 4.82 3.87 7.15 6.13 9.93 3.65 6.79 6.79 6.79 0.00 0.00 0.00 0.00 0.00 0.00 0.66 1.46 4.16 7.08 9.93 6.50 5.77 5.33 3.80
22.05 18.76 17.59 27.38 24.24 25.55 22.05 17.52 14.60 15.48 14.45 14.24 14.97 13.94 4.38 1.02 0.80 0.00 0.00 0.00 0.00 0.00 0.00 17.01 27.38 24.97 28.18 30.15 28.24 27.91 28.97 25.16 17.54 20.00 18.98 26.86 27.45 31.34 28.54 29.64 29.27 26.06 27.23 27.23 24.02 23.80 21.61 10.07 7.52 4.23 2.19 2.34 1.68 1.17 2.19 2.34 0.00 0.00 2.92 0.00 5.11 4.74 2.77 2.56 2.48 1.75 1.90 0.00 0.00 0.00 0.00 0.00 0.00 0.00 0.00 0.00 0.44 0.00 3.14 7.23 7.45 4.96 1.31 0.29
22.05 18.76 17.59 27.38 24.24 25.55 22.05 17.52 14.24 15.48 14.45 14.24 14.97 13.94 4.38 1.02 0.80 0.00 0.00 0.00 0.00 0.00 0.00 17.01 27.38 24.97 28.18 30.15 27.81 26.94 27.96 25.04 17.01 20.00 19.08 27.00 27.45 31.18 28.83 29.64 28.98 26.06 27.23 27.23 24.02 23.80 21.61 10.07 7.52 4.23 2.19 2.34 1.68 1.17 2.19 2.34 0.00 0.00 2.92 0.00 5.11 4.74 2.77 2.56 2.48 1.75 1.90 0.00 0.00 0.00 0.00 0.00 0.00 0.00 0.00 0.00 0.44 0.00 3.14 7.23 7.45 4.96 1.31 0.29
17.23 15.26 15.70 16.64 20.95 21.75 26.86 23.05 16.82 14.24 14.89 12.34 5.33 1.39 0.00 0.15 0.00 0.00 0.00 0.00 0.00 0.00 0.00 2.26 20.73 17.52 31.17 31.32 29.05 31.68 28.32 30.30 20.08 20.59 17.52 19.05 19.64 24.75 25.02 19.13 27.81 25.70 25.70 25.70 27.52 27.59 27.45 28.62 25.62 26.72 19.56 11.90 5.33 0.00 0.00 0.00 0.00 0.00 0.00 0.00 3.29 4.53 2.34 2.19 2.70 0.00 0.00 0.00 0.00 0.00 0.00 0.00 0.00 0.00 0.00 0.00 0.00 0.00 0.00 2.77 2.41 0.00 0.00 0.00
