Wansh/Snow_depth/snowdepth-1997/spring/1997099.txt
ncols 321
nrows 161
xllcenter 60
yllcenter 15 
cellsize  0.25 
NODATA_value -1
[rows 0 to 36 of 161, columns 84 to 167 of 321]
7.88 8.69 9.34 9.05 5.48 2.41 3.65 1.17 1.90 3.94 8.83 8.40 8.91 2.99 6.79 6.50 6.50 6.72 6.72 9.05 8.54 11.39 7.74 0.00 0.00 0.00 0.00 0.00 0.00 0.00 0.00 0.00 0.00 0.00 0.00 2.77 2.77 5.91 4.82 0.00 0.00 0.00 0.00 0.00 0.00 0.00 0.00 0.00 0.00 0.00 0.00 0.00 0.00 0.00 0.00 0.00 0.00 0.00 0.00 0.00 0.00 0.00 0.00 0.00 0.00 0.00 0.00 0.00 0.00 0.00 0.00 6.79 9.42 7.52 7.66 7.37 11.90 10.80 15.26 12.78 13.43 13.87 13.65 13.87
3.94 6.42 5.84 5.33 2.70 3.29 1.53 1.39 2.48 5.40 9.86 9.56 10.29 0.00 0.00 0.00 0.00 2.85 2.85 4.31 2.12 4.60 3.36 0.00 0.00 0.00 0.00 0.00 0.00 7.88 7.96 6.13 0.00 0.00 0.00 0.00 0.00 0.00 0.00 0.00 0.00 10.88 11.61 11.61 11.32 0.00 0.00 0.00 0.00 0.00 0.00 0.00 0.00 0.00 0.00 0.00 6.28 0.00 0.00 0.00 0.00 5.84 0.00 4.31 4.31 0.00 6.13 5.91 5.91 6.86 6.42 5.99 4.89 5.40 6.79 8.61 8.40 7.74 10.88 10.07 11.02 10.29 14.53 11.75
0.00 3.50 4.23 6.42 5.40 5.62 7.66 6.28 5.04 5.04 12.48 11.46 0.00 9.64 0.00 7.52 0.00 0.00 0.00 0.00 0.00 0.00 0.00 0.00 0.00 0.00 0.00 0.00 0.00 9.42 7.66 3.87 5.18 0.00 2.99 0.00 0.00 0.00 0.00 5.62 5.33 9.78 9.49 9.49 3.65 0.00 0.00 0.00 0.00 0.00 0.00 0.00 0.00 0.00 6.86 8.40 7.81 9.64 9.13 9.49 8.61 9.64 9.64 6.35 8.47 9.49 8.32 10.95 10.95 10.80 9.93 6.35 6.35 6.06 6.06 9.13 8.47 8.98 8.69 8.69 9.34 10.95 14.16 0.00
0.00 3.50 4.23 6.42 5.40 5.62 7.66 6.28 5.04 5.04 12.48 11.46 0.00 9.64 0.00 7.52 0.00 0.00 0.00 0.00 0.00 0.00 0.00 0.00 0.00 0.00 0.00 0.00 0.00 9.42 7.66 3.87 5.18 0.00 2.99 0.00 0.00 0.00 0.00 5.62 5.33 9.78 9.49 9.49 3.65 0.00 0.00 0.00 0.00 0.00 0.00 0.00 0.00 0.00 6.86 8.40 7.81 9.64 9.13 9.49 8.61 9.64 9.64 6.35 8.47 9.49 8.32 10.95 10.95 10.80 9.93 6.35 6.35 6.06 6.06 9.13 8.47 8.98 8.69 8.69 9.34 10.95 14.16 0.00
0.88 3.21 3.07 7.08 7.88 9.20 7.01 6.57 8.03 10.73 10.15 11.97 10.15 10.07 10.07 7.81 0.00 0.00 0.00 0.00 0.00 0.00 0.00 0.00 0.00 0.00 0.00 0.00 0.00 0.00 0.00 7.15 6.94 6.94 4.74 5.18 0.00 0.00 0.00 2.41 0.00 0.00 0.00 0.00 0.58 0.00 0.00 0.00 0.00 0.00 0.00 0.00 0.00 0.00 0.00 6.35 8.98 8.76 11.10 11.90 11.53 11.39 10.88 11.24 11.46 13.43 13.29 12.70 12.70 10.66 10.95 10.15 7.08 7.08 7.81 8.03 8.83 10.15 10.22 7.01 11.32 7.81 17.37 0.00
2.99 2.19 2.12 3.07 2.19 5.11 0.00 0.00 0.00 9.05 4.45 3.58 6.06 8.91 9.05 9.27 9.56 7.30 7.30 0.00 4.89 0.00 0.00 0.00 0.00 0.00 0.00 0.00 0.00 0.00 0.00 0.00 6.86 5.99 3.72 4.82 4.16 0.00 0.00 0.00 0.00 0.00 0.00 0.00 0.00 0.00 0.00 0.00 0.00 0.00 0.00 0.00 0.00 0.00 5.48 0.00 5.62 7.88 7.23 10.22 11.17 11.10 12.99 15.33 14.97 13.87 12.05 12.34 12.34 10.44 9.86 9.64 10.15 9.64 7.96 7.96 7.74 7.23 7.37 9.34 5.77 7.52 7.37 8.91
0.00 0.00 0.00 0.44 0.00 0.00 0.00 0.00 0.00 0.37 5.33 5.55 0.95 4.96 8.18 8.83 8.18 7.88 7.88 4.38 4.96 0.00 0.00 0.00 0.00 0.00 0.00 0.00 0.00 0.00 0.00 0.00 0.00 0.00 0.00 0.00 0.00 0.00 0.00 0.00 0.00 0.00 0.00 0.00 0.00 0.00 0.00 0.00 0.00 0.00 0.00 0.00 0.00 0.00 5.77 5.48 5.69 6.50 8.40 7.96 11.39 13.87 12.48 15.26 14.82 14.60 13.87 11.24 11.24 11.68 11.39 11.02 10.88 10.88 11.68 11.61 7.23 7.37 7.15 8.40 8.10 7.96 10.15 9.78
0.00 0.00 0.00 0.44 0.00 0.00 0.00 0.00 0.00 0.37 5.33 5.55 0.95 4.96 8.18 8.83 8.18 7.88 7.88 4.38 4.96 0.00 0.00 0.00 0.00 0.00 0.00 0.00 0.00 0.00 0.00 0.00 0.00 0.00 0.00 0.00 0.00 0.00 0.00 0.00 0.00 0.00 0.00 0.00 0.00 0.00 0.00 0.00 0.00 0.00 0.00 0.00 0.00 0.00 5.77 5.48 5.69 6.50 8.40 7.96 11.39 13.87 12.48 15.26 14.82 14.60 13.87 11.24 11.24 11.68 11.39 11.02 10.88 10.88 11.68 11.61 7.23 7.37 7.15 8.40 8.10 7.96 10.15 9.78
0.00 0.00 0.00 0.00 0.00 0.00 0.00 0.00 0.00 0.00 0.00 1.61 0.80 4.31 5.55 5.62 4.89 3.43 3.43 3.29 4.38 7.59 0.00 0.00 0.00 0.00 0.00 0.00 0.00 0.00 0.00 0.00 0.00 0.00 0.00 0.00 0.00 0.00 0.00 0.00 0.00 0.00 0.00 0.00 0.00 0.00 0.00 0.00 0.00 0.00 0.00 0.00 6.13 4.67 4.82 4.23 5.99 5.40 7.88 9.93 8.69 11.75 11.10 11.10 14.02 13.43 13.72 11.10 11.10 12.12 12.34 12.48 12.70 11.83 12.48 11.39 11.68 11.90 8.69 8.32 7.23 7.37 6.57 7.81
0.00 0.00 0.00 0.00 0.00 0.00 0.00 0.00 0.00 0.00 0.00 0.00 1.10 2.92 2.26 4.67 3.58 0.07 0.07 3.80 8.69 7.74 6.42 7.30 0.00 0.00 0.00 0.00 0.00 0.00 0.00 0.00 0.00 0.00 0.00 0.00 0.00 0.00 0.00 0.00 0.00 0.00 0.00 0.00 0.00 0.00 0.00 5.04 0.00 6.50 8.03 8.10 8.03 5.69 4.09 4.16 4.16 4.31 3.87 5.48 4.82 4.89 9.42 9.20 8.10 10.07 10.29 10.59 10.59 11.32 12.12 12.19 12.34 11.10 11.53 11.68 14.09 13.14 15.11 11.61 12.85 5.91 6.35 5.99
0.00 0.00 0.00 0.00 0.00 0.00 0.00 0.00 0.00 0.00 0.00 0.00 0.00 0.00 0.00 0.00 0.00 0.00 0.00 5.18 9.05 8.54 0.00 0.00 0.00 0.00 0.00 0.00 0.00 0.00 0.00 0.00 0.00 0.00 0.00 0.00 5.91 5.11 5.69 4.89 0.00 8.54 6.86 6.86 4.09 5.33 4.60 3.80 4.53 4.74 8.03 4.31 4.31 5.40 4.23 5.62 5.11 4.31 5.55 6.94 4.02 5.04 4.53 6.86 9.86 9.78 12.12 12.56 12.56 12.78 13.80 14.53 11.90 11.53 11.17 11.32 14.53 15.62 15.40 13.07 8.98 9.93 8.83 6.79
0.00 0.00 0.00 0.00 0.00 0.00 0.00 0.00 0.00 0.00 0.00 0.00 0.00 0.00 0.00 0.00 0.00 0.00 0.00 5.18 9.05 8.54 0.00 0.00 0.00 0.00 0.00 0.00 0.00 0.00 0.00 0.00 0.00 0.00 0.00 0.00 5.91 5.11 5.69 4.89 0.00 8.54 6.86 6.86 4.09 5.33 4.60 3.80 4.53 4.74 8.03 4.31 4.31 5.40 4.23 5.62 5.11 4.31 5.55 6.94 4.02 5.04 4.53 6.86 9.86 9.78 12.12 12.56 12.56 12.78 13.80 14.53 11.90 11.53 11.17 11.32 14.53 15.62 15.40 13.07 8.98 9.93 8.83 6.79
0.00 0.00 0.00 0.00 0.00 0.00 0.00 0.00 0.00 0.00 0.00 0.00 0.00 0.00 0.44 0.95 5.33 7.37 7.37 6.35 8.10 0.00 0.00 0.00 0.00 0.00 0.00 0.00 0.00 0.00 6.79 4.09 4.96 0.00 5.48 7.23 7.45 7.15 6.64 8.91 9.05 8.98 5.84 5.84 2.48 2.63 2.48 2.19 3.50 2.48 2.19 2.41 0.00 4.89 4.23 7.74 10.51 9.71 9.86 7.23 7.88 5.26 8.91 8.54 9.78 12.56 12.34 13.07 13.07 14.89 14.53 15.77 15.62 15.70 11.53 11.17 11.17 11.90 14.45 15.18 11.90 10.44 10.44 8.25
0.00 0.00 0.00 0.00 0.00 0.00 0.00 0.00 0.00 0.00 0.00 0.00 0.00 0.00 8.83 8.47 8.32 8.03 8.03 6.86 0.00 0.00 0.00 0.00 0.00 0.00 4.53 4.31 8.61 8.83 9.64 10.00 13.14 9.64 10.88 7.15 9.93 9.27 7.30 7.37 5.33 6.42 2.48 2.48 1.75 3.43 2.99 2.04 2.34 0.00 0.00 0.00 0.00 2.63 2.63 1.53 6.86 5.48 4.74 8.10 9.42 8.76 10.59 13.14 12.70 11.68 13.58 13.43 13.43 14.89 17.59 16.86 17.08 13.51 14.45 12.26 10.00 9.86 10.51 7.81 7.45 7.23 6.57 8.98
0.00 0.00 0.00 0.00 0.00 0.00 0.00 0.00 0.00 0.00 0.00 5.26 6.06 8.10 8.03 8.40 9.42 6.50 6.50 6.28 0.00 7.01 0.00 6.86 6.28 3.43 8.61 9.42 12.99 12.05 12.41 16.13 14.31 12.99 9.56 10.51 6.57 7.30 4.53 4.60 0.00 0.00 0.00 0.00 0.00 0.00 1.97 0.58 1.31 1.31 0.00 0.00 0.00 0.00 0.00 0.00 0.00 1.61 3.07 0.00 7.37 6.13 6.35 10.73 11.97 11.24 12.26 14.02 14.02 16.57 15.40 14.82 11.83 12.92 8.76 6.50 6.79 1.31 2.77 2.41 5.48 6.57 6.64 7.15
0.00 0.00 0.00 0.00 0.00 0.00 0.00 0.00 0.00 6.20 5.69 6.42 5.91 5.11 5.33 4.45 5.11 4.96 4.96 5.55 0.00 7.23 7.74 10.15 10.59 10.07 9.86 10.29 9.86 15.48 15.77 15.48 15.77 9.93 10.00 5.91 0.22 0.29 0.00 0.00 0.00 0.00 2.70 2.70 3.94 4.02 2.19 5.04 2.85 2.92 0.37 3.72 0.37 0.00 2.77 0.00 0.00 0.00 0.00 2.70 2.56 4.45 5.04 6.06 8.76 11.10 11.10 11.39 11.39 14.97 13.72 14.16 6.42 3.72 3.65 4.96 1.83 3.14 0.00 1.10 1.53 4.96 6.35 5.40
0.00 0.00 0.00 0.00 0.00 0.00 0.00 0.00 0.00 6.20 5.69 6.42 5.91 5.11 5.33 4.45 5.11 4.96 4.96 5.55 0.00 7.23 7.74 10.15 10.59 10.07 9.86 10.29 9.86 15.48 15.77 15.48 15.77 9.93 10.00 5.91 0.22 0.29 0.00 0.00 0.00 0.00 2.70 2.70 3.94 4.02 2.19 5.04 2.85 2.92 0.37 3.72 0.37 0.00 2.77 0.00 0.00 0.00 0.00 2.70 2.56 4.45 5.04 6.06 8.76 11.10 11.10 11.39 11.39 14.97 13.72 14.16 6.42 3.72 3.65 4.96 1.83 3.14 0.00 1.10 1.53 4.96 6.35 5.40
0.00 0.00 0.00 0.00 0.00 0.00 0.00 0.00 7.15 7.88 8.91 8.91 8.98 9.27 7.81 4.82 8.03 4.60 4.60 3.80 4.31 3.80 4.96 7.30 9.86 7.74 7.96 8.25 7.96 10.66 12.70 14.67 15.77 12.85 7.88 6.86 1.31 0.00 2.77 0.07 4.31 4.02 4.38 4.38 7.01 7.01 7.88 7.15 3.58 4.02 5.48 4.89 10.22 8.10 8.83 9.49 1.02 6.06 5.26 3.65 10.80 9.86 7.74 8.83 8.83 9.05 10.73 16.21 16.21 14.60 14.60 6.35 8.69 1.83 3.07 2.56 3.21 0.00 0.00 0.29 0.95 0.58 0.00 0.73
0.00 0.00 0.00 0.00 0.00 2.77 0.00 0.00 0.00 6.86 9.49 11.75 12.56 8.98 8.83 9.71 8.91 7.37 7.37 9.42 5.26 4.16 4.16 5.33 7.30 8.32 8.83 8.10 11.02 14.60 14.02 15.77 15.84 13.94 9.34 11.39 5.77 2.77 4.02 3.87 7.08 7.08 6.57 6.57 6.86 8.61 20.00 14.09 16.28 12.63 24.16 15.55 12.92 22.63 11.02 14.16 7.37 9.05 13.29 7.52 14.53 16.50 9.20 9.27 8.69 11.97 9.56 16.86 16.86 19.20 19.71 9.71 2.92 3.07 2.92 0.44 0.58 0.00 0.00 0.00 0.00 0.00 0.00 0.00
0.00 0.00 0.00 0.00 0.00 0.00 0.00 4.31 2.99 7.08 9.93 13.14 15.33 13.36 12.34 11.46 11.10 11.39 11.39 8.54 6.06 6.72 6.42 8.83 7.96 10.00 9.78 10.37 10.29 13.07 9.27 15.26 13.65 13.51 8.91 6.72 3.43 2.70 3.07 2.19 4.67 5.18 7.15 7.15 13.65 23.51 22.05 21.24 21.53 29.86 23.29 32.12 25.11 33.58 19.93 20.00 20.66 11.17 13.72 14.09 16.28 17.59 15.40 12.34 12.85 14.38 17.52 17.16 17.16 17.81 7.30 8.18 0.80 0.07 1.02 0.00 0.00 0.00 0.00 0.00 0.00 0.00 0.00 0.00
0.00 0.00 0.00 0.00 0.00 0.00 0.00 0.00 10.59 13.58 17.67 17.08 17.23 15.55 14.31 14.02 11.75 11.24 11.24 11.97 13.21 11.24 10.29 14.53 11.46 12.48 12.63 10.95 8.69 7.37 6.57 12.48 13.87 8.25 7.59 3.14 1.83 0.00 0.00 1.83 1.53 6.28 6.28 6.28 13.87 18.40 9.78 19.64 19.20 29.35 31.32 33.29 33.00 30.95 29.42 22.85 15.62 12.63 13.58 8.91 8.40 16.79 15.04 12.92 15.55 15.26 15.62 9.42 9.42 11.24 3.50 0.51 0.22 0.00 0.00 0.00 0.00 0.00 0.00 0.00 0.00 0.00 0.00 0.00
0.00 0.00 0.00 0.00 0.00 0.00 0.00 6.94 8.61 10.59 13.07 17.45 13.29 16.21 15.62 14.60 16.86 16.06 16.06 14.09 12.63 14.24 16.57 16.43 17.23 15.33 17.52 12.92 14.09 11.53 5.69 7.30 8.10 8.03 7.01 4.67 1.31 1.10 1.75 3.07 2.34 1.68 1.83 1.83 2.26 8.03 3.43 11.53 9.34 8.54 10.00 25.84 26.28 25.77 14.02 22.19 15.18 4.02 5.84 5.99 4.38 5.33 10.29 10.29 11.24 12.99 13.07 8.03 8.03 1.90 2.19 0.07 0.00 0.00 0.00 0.00 0.00 0.00 0.00 0.00 0.00 0.00 0.00 0.00
0.00 0.00 0.00 0.00 0.00 0.00 0.00 6.94 8.61 10.59 13.07 17.45 13.29 16.21 15.62 14.60 16.86 16.06 16.06 14.09 12.63 14.24 16.57 16.43 17.23 15.33 17.52 12.92 14.09 11.53 5.69 7.30 8.10 8.03 7.01 4.67 1.31 1.10 1.75 3.07 2.34 1.68 1.83 1.83 2.26 8.03 3.43 11.53 9.34 8.54 10.00 25.84 26.28 25.77 14.02 22.19 15.18 4.02 5.84 5.99 4.38 5.33 10.29 10.29 11.24 12.99 13.07 8.03 8.03 1.90 2.19 0.07 0.00 0.00 0.00 0.00 0.00 0.00 0.00 0.00 0.00 0.00 0.00 0.00
0.00 0.00 0.00 0.00 0.00 0.00 0.00 0.00 10.29 7.96 4.23 4.67 8.76 11.83 11.46 14.02 13.58 14.45 14.45 13.21 13.94 15.18 14.97 16.06 17.30 17.81 16.79 15.70 11.10 6.13 7.59 4.96 5.55 1.83 1.10 0.51 0.73 1.24 0.44 0.00 0.51 0.15 0.00 0.00 0.00 0.00 0.00 2.56 0.00 0.00 0.00 0.00 0.00 4.45 9.20 4.53 2.56 3.29 0.00 1.83 1.24 3.36 6.13 9.93 8.69 10.66 5.33 7.74 7.74 2.99 5.04 5.11 3.87 0.00 0.80 0.00 0.00 0.00 0.00 0.00 0.00 0.00 0.00 0.00
0.00 0.00 0.00 0.00 7.81 7.37 0.00 9.42 2.26 0.29 0.00 0.00 5.11 10.07 11.32 14.75 15.18 12.85 12.85 18.03 18.76 19.71 23.21 20.56 17.09 19.28 16.66 14.97 13.51 9.05 10.07 6.13 4.09 1.31 0.37 0.51 1.02 0.80 0.95 0.80 0.80 1.02 0.00 0.00 0.00 0.00 0.00 0.00 0.00 0.00 0.00 0.00 0.00 0.00 5.04 5.04 1.90 0.00 0.00 0.00 1.90 2.12 0.66 7.81 9.27 9.86 3.36 3.43 3.43 4.60 6.72 4.45 1.39 1.75 0.44 0.00 0.00 0.00 0.00 0.00 0.00 0.00 0.00 0.00
0.00 2.04 3.58 4.82 5.33 1.46 0.00 0.00 0.00 0.00 1.39 0.00 4.23 2.77 9.71 15.04 16.43 16.50 16.50 23.21 24.24 17.23 20.66 21.24 22.20 20.93 20.30 19.94 16.94 13.43 12.92 9.86 7.01 3.72 4.45 2.63 1.68 1.90 2.41 1.31 0.73 0.80 0.00 0.00 0.00 0.00 0.00 0.00 0.00 0.00 0.00 0.00 0.00 0.00 0.00 0.00 0.00 0.00 0.00 0.00 0.00 0.29 0.29 1.46 0.88 1.90 2.56 2.48 2.48 4.38 4.31 4.31 0.73 0.95 0.80 0.95 0.51 0.00 0.00 0.00 0.00 0.00 0.00 0.00
0.00 1.39 0.66 1.53 0.00 0.00 0.00 0.00 0.00 0.00 0.00 0.00 0.00 0.00 5.62 4.31 11.83 6.50 6.50 12.92 5.18 7.86 14.90 16.78 11.95 19.97 24.02 19.69 19.04 15.42 11.97 13.51 10.66 5.33 8.03 4.53 3.29 5.04 2.41 1.17 0.58 0.00 0.80 0.80 0.00 0.00 0.00 0.00 0.00 0.00 0.00 0.00 0.00 0.00 0.00 0.00 0.00 0.00 0.00 0.00 0.00 4.31 2.12 1.68 1.75 1.31 2.04 1.46 1.46 4.89 6.06 5.04 2.56 1.83 2.70 2.41 2.19 0.00 0.00 0.00 0.00 0.00 0.00 0.00
0.00 0.00 0.00 0.80 0.00 0.00 0.00 0.00 0.00 0.00 0.00 0.00 0.00 0.00 0.00 0.00 0.00 0.00 0.00 0.00 0.00 0.00 0.00 4.74 0.00 12.12 8.73 13.81 22.10 20.87 16.87 19.13 14.89 13.80 8.03 11.02 5.40 6.20 3.14 0.88 0.66 0.00 0.80 0.80 1.75 1.61 0.00 0.00 0.00 0.00 0.00 0.00 0.00 0.00 0.00 0.00 0.00 0.00 0.00 0.00 3.14 7.01 7.81 13.14 12.12 13.07 5.91 10.80 10.80 10.29 9.34 8.32 4.60 4.09 4.31 4.53 4.67 2.04 0.00 0.00 0.00 0.00 0.00 0.00
0.00 0.00 0.00 0.80 0.00 0.00 0.00 0.00 0.00 0.00 0.00 0.00 0.00 0.00 0.00 0.00 0.00 0.00 0.00 0.00 0.00 0.00 0.00 4.87 0.00 12.12 8.47 12.83 20.65 21.19 17.05 19.92 16.73 14.60 8.24 11.02 5.40 6.20 3.14 0.88 0.66 0.00 0.80 0.80 1.75 1.61 0.00 0.00 0.00 0.00 0.00 0.00 0.00 0.00 0.00 0.00 0.00 0.00 0.00 0.00 3.14 7.01 7.81 13.14 12.12 13.07 5.91 10.80 10.80 10.29 9.34 8.32 4.60 4.09 4.31 4.53 4.67 2.04 0.00 0.00 0.00 0.00 0.00 0.00
0.00 0.00 0.00 0.00 0.07 0.00 0.00 0.00 0.00 0.00 0.00 0.00 0.00 0.00 0.00 0.00 0.00 0.00 0.00 0.00 0.00 0.00 0.00 0.00 0.00 2.36 1.18 9.24 12.26 18.86 20.79 16.34 20.97 18.44 18.51 15.73 8.41 9.20 2.92 1.75 2.04 0.07 2.41 2.41 1.83 1.83 0.00 0.51 0.00 0.00 0.00 0.00 0.00 0.00 0.00 0.00 0.00 0.00 0.00 0.00 1.75 1.83 1.75 9.05 12.05 15.48 17.08 16.64 16.64 17.23 11.46 6.64 3.36 3.50 3.94 3.50 1.02 1.39 0.00 0.00 0.00 0.00 0.00 0.00
0.00 0.00 2.04 0.80 0.80 0.37 0.00 0.00 2.34 0.00 0.00 0.00 0.00 0.00 0.00 0.00 0.00 0.00 0.00 0.00 0.00 0.00 0.00 0.00 0.00 0.00 0.00 0.00 0.00 7.96 16.94 9.34 5.55 12.50 19.09 20.52 17.34 14.53 7.59 2.99 4.23 6.79 2.99 2.99 0.51 0.00 0.00 0.00 0.00 0.00 0.00 0.00 0.00 0.00 0.00 0.00 0.00 0.00 0.00 0.00 0.00 0.00 2.99 1.24 8.10 16.13 15.40 14.60 14.60 13.65 7.74 3.80 4.16 3.36 3.43 3.58 2.77 1.02 0.00 0.73 0.00 0.00 0.00 0.00
0.00 0.00 2.77 0.00 3.14 1.10 2.26 6.50 5.99 4.74 1.90 2.92 0.58 0.51 0.66 0.00 0.00 0.00 0.00 4.09 1.02 0.51 0.88 0.51 0.00 0.00 0.00 0.00 0.00 0.00 0.00 0.00 9.71 7.08 15.60 16.93 17.17 18.40 13.80 18.03 11.97 3.65 1.61 1.61 3.43 0.22 0.58 0.00 0.00 0.00 0.00 0.00 0.00 0.00 0.00 0.00 0.00 0.00 0.00 0.00 0.00 0.00 0.00 7.08 6.57 7.15 12.12 11.90 11.90 12.05 7.59 1.83 0.37 1.53 2.48 1.46 2.19 1.68 2.34 0.66 1.46 1.39 0.00 0.00
0.00 0.00 0.00 0.00 1.83 0.00 3.80 0.00 3.65 6.64 2.12 1.68 1.68 3.50 9.93 6.57 7.23 4.96 4.96 1.31 0.73 0.51 0.29 0.58 0.00 0.00 0.00 0.00 0.00 0.00 0.00 4.16 3.80 1.46 6.64 15.48 12.90 18.00 17.73 19.10 14.60 11.97 5.33 5.33 6.20 1.10 2.34 0.00 0.00 0.00 0.00 0.00 0.00 0.00 0.00 0.00 0.00 0.00 0.00 0.00 0.00 0.00 0.00 2.41 2.85 3.29 2.77 8.47 8.47 3.50 0.44 0.88 0.00 0.00 0.00 0.00 0.44 3.29 4.09 3.21 2.41 2.04 0.37 0.00
0.00 0.00 0.00 0.00 0.00 0.00 0.00 0.00 0.00 0.00 0.00 0.00 0.44 6.50 8.47 10.44 0.07 0.00 0.00 0.00 0.00 0.00 0.00 0.00 0.00 0.00 0.00 0.00 0.00 0.00 0.00 0.00 0.00 2.63 2.63 8.83 5.04 13.87 16.53 15.20 15.11 15.84 10.59 10.59 10.15 4.82 4.89 4.09 1.31 2.92 1.02 1.46 0.00 0.00 0.00 0.00 0.00 0.00 0.00 1.17 1.24 0.00 0.00 0.00 0.00 1.31 0.00 1.97 1.97 0.00 0.00 0.00 0.00 0.00 0.00 0.00 0.00 0.15 3.07 2.12 2.56 1.39 0.80 0.00
0.00 0.00 0.00 0.00 0.00 0.00 0.00 0.00 0.00 0.00 0.00 3.87 5.62 5.26 6.86 1.10 1.90 0.00 0.00 0.00 0.00 0.00 0.00 0.00 0.00 0.00 0.00 0.00 0.00 0.00 0.00 0.00 0.00 0.00 0.00 3.07 3.21 5.53 3.43 10.29 13.49 13.94 8.47 8.47 10.88 7.52 6.35 6.35 4.09 6.35 2.56 0.00 1.46 0.00 0.00 0.00 0.00 0.00 0.00 0.00 0.58 0.29 0.66 0.00 0.00 0.00 0.00 0.00 0.00 0.00 0.00 0.00 0.00 0.00 0.00 0.00 0.00 0.00 0.51 0.58 0.58 0.51 0.44 0.44
0.00 0.00 0.00 0.00 0.00 0.00 0.00 0.00 0.00 0.00 0.00 3.87 5.62 5.26 6.86 1.10 1.90 0.00 0.00 0.00 0.00 0.00 0.00 0.00 0.00 0.00 0.00 0.00 0.00 0.00 0.00 0.00 0.00 0.00 0.00 3.08 3.21 5.50 3.47 10.29 13.36 13.94 8.47 8.47 10.88 7.52 6.35 6.35 4.09 6.35 2.56 0.00 1.46 0.00 0.00 0.00 0.00 0.00 0.00 0.00 0.58 0.29 0.66 0.00 0.00 0.00 0.00 0.00 0.00 0.00 0.00 0.00 0.00 0.00 0.00 0.00 0.00 0.00 0.51 0.58 0.58 0.51 0.44 0.44
0.00 0.00 0.00 0.00 0.00 0.00 0.00 0.00 0.00 0.00 0.15 2.04 2.99 1.75 0.80 1.83 0.58 0.00 0.00 0.00 0.00 0.00 0.00 0.00 0.00 0.00 0.00 0.00 0.00 0.00 0.00 0.00 0.00 0.00 0.00 0.00 2.41 1.97 1.32 2.92 0.00 3.14 5.04 5.04 5.91 0.00 6.06 5.40 8.32 8.32 6.79 2.70 2.77 0.00 0.00 0.00 0.00 0.00 0.00 0.00 0.88 0.73 0.66 1.17 0.00 0.00 0.00 0.00 0.00 0.00 0.00 0.00 0.00 0.00 0.00 0.00 0.00 0.00 0.00 0.00 0.00 0.29 0.00 0.00
