Wansh/Snow_depth/snowdepth-1997/spring/1997104.txt
ncols 321
nrows 161
xllcenter 60
yllcenter 15 
cellsize  0.25 
NODATA_value -1
[rows 74 to 110 of 161, columns 84 to 167 of 321]
0.00 0.00 0.00 0.00 0.00 1.24 1.46 1.17 1.46 1.02 0.00 1.02 1.97 1.97 2.41 0.00 0.00 4.16 4.16 4.09 0.00 0.00 0.00 0.00 0.00 0.00 2.34 0.00 0.00 0.00 0.00 0.00 0.00 0.00 0.00 0.00 0.00 0.00 0.00 0.00 2.56 1.02 0.22 0.22 0.00 0.00 0.66 1.10 2.04 1.39 1.46 0.00 0.00 0.00 2.23 2.19 0.00 0.00 1.17 0.00 1.02 0.00 0.00 0.00 0.00 0.00 0.00 0.00 0.00 0.00 0.73 1.31 0.00 0.00 0.00 0.00 0.00 0.00 0.00 0.00 0.00 0.00 0.00 0.00
0.00 0.00 0.22 0.22 1.61 2.63 2.70 2.85 3.58 0.00 3.07 3.50 4.45 4.67 4.82 4.96 4.09 0.00 0.00 3.58 3.43 0.00 0.00 0.00 0.00 0.00 0.00 0.00 0.00 0.00 0.00 2.34 0.00 0.00 0.00 3.50 0.00 3.87 0.00 0.00 0.00 0.00 1.90 1.90 0.51 1.17 1.53 1.39 0.00 0.00 1.24 2.19 1.53 1.24 2.48 1.83 1.31 0.88 1.53 0.73 1.68 1.39 1.97 0.00 0.00 0.00 0.00 0.00 0.00 1.03 2.48 2.26 0.29 0.00 0.00 0.00 0.00 0.00 0.00 0.00 0.00 0.00 0.00 0.00
0.00 0.00 1.53 0.95 3.36 3.43 4.16 4.23 5.26 4.96 5.11 4.67 4.89 5.11 4.60 3.94 3.65 0.00 0.00 0.00 0.00 0.00 3.07 0.00 0.00 0.00 0.00 0.00 0.00 0.00 0.00 0.00 0.00 0.00 3.21 3.36 0.00 0.00 3.80 4.16 4.31 0.00 0.00 0.00 1.83 1.53 2.85 3.21 0.00 0.00 0.00 2.85 1.39 2.56 1.61 1.17 1.53 0.88 1.90 1.68 2.41 2.12 2.41 1.83 1.39 2.64 0.00 0.00 0.00 0.00 3.36 2.56 0.88 0.58 0.00 0.00 0.00 0.00 0.00 0.00 0.00 0.00 0.00 0.00
0.88 1.83 1.83 1.83 3.07 4.02 3.36 4.53 4.96 5.11 4.96 5.69 5.55 5.48 5.11 0.00 0.00 0.00 0.00 0.00 0.00 0.00 0.00 0.00 0.00 0.00 0.00 0.00 0.00 0.00 0.00 0.00 2.34 0.00 2.99 0.00 0.00 0.00 0.00 3.65 0.00 0.00 0.00 0.00 0.00 3.94 3.65 0.00 0.00 2.70 5.55 2.85 4.09 5.26 2.34 2.41 4.53 4.38 5.26 4.38 4.96 3.43 3.72 2.85 4.23 5.04 2.77 0.00 0.00 1.53 4.53 2.12 0.51 0.00 0.00 0.00 0.00 0.00 0.00 0.00 0.00 0.00 0.00 0.00
1.61 1.90 1.17 1.90 1.97 3.36 3.14 4.38 4.23 4.38 4.96 4.82 5.33 0.00 3.21 3.58 3.14 0.00 0.00 2.26 0.00 0.00 0.00 0.00 0.00 0.00 0.00 0.00 0.00 0.00 2.41 0.00 0.00 0.00 0.00 0.00 0.00 0.00 0.00 0.00 0.00 3.29 3.80 3.80 0.00 0.00 0.00 0.00 4.23 4.82 6.42 5.69 3.87 4.31 5.91 4.82 7.15 5.26 5.18 5.33 4.96 5.18 5.69 4.74 4.74 5.40 5.04 3.65 3.65 4.31 4.67 2.63 2.12 0.58 2.48 0.29 0.07 0.00 0.00 0.00 0.00 1.10 0.00 0.30
4.82 3.43 4.38 3.94 4.02 3.94 0.00 3.14 3.65 3.21 3.94 3.80 0.00 0.00 2.85 2.63 3.50 3.14 3.14 1.97 2.48 1.90 0.00 0.00 0.00 0.00 0.00 0.00 2.56 0.00 0.00 0.00 0.00 0.00 0.00 0.00 0.00 0.00 0.00 0.00 0.00 0.00 3.36 3.36 3.80 0.00 0.00 0.00 0.00 5.33 3.29 4.31 6.42 0.00 4.45 5.77 6.28 7.96 3.29 4.02 0.00 5.11 4.60 5.77 6.79 8.76 6.72 6.42 6.42 5.33 3.65 3.72 2.56 3.94 1.25 0.00 1.25 0.00 0.00 0.00 0.58 1.39 2.04 0.00
3.21 0.00 3.29 3.07 0.00 0.00 0.00 0.00 0.00 2.77 3.07 2.85 0.00 2.04 2.26 2.26 1.75 2.26 2.26 2.70 0.88 1.10 0.00 0.00 0.00 0.00 0.00 0.00 0.00 3.50 0.00 0.00 0.00 0.00 0.00 0.00 0.00 0.00 0.00 0.00 0.00 0.00 0.00 0.00 2.70 0.00 0.00 0.00 0.00 3.43 0.00 0.00 3.21 0.00 0.00 3.94 3.58 5.84 0.00 0.00 3.65 3.87 2.85 5.11 6.72 7.96 6.20 5.69 5.69 4.96 4.60 5.48 7.23 5.26 4.38 1.32 1.95 0.00 0.00 0.00 0.00 0.00 0.00 0.00
0.00 0.00 0.00 0.00 0.00 0.00 0.00 0.00 2.63 0.00 0.00 2.19 2.04 2.19 1.31 1.53 1.46 1.46 1.46 0.80 0.22 0.00 0.00 0.00 0.00 0.00 0.00 0.00 2.70 3.14 4.53 0.00 0.00 0.00 0.00 0.00 0.00 0.00 0.00 0.00 0.00 0.00 0.00 0.00 0.00 0.00 0.00 0.00 0.00 0.00 0.00 0.00 0.00 0.00 1.31 0.00 3.29 2.48 2.04 3.58 3.36 3.36 0.00 0.00 4.74 6.57 6.79 7.59 7.59 0.00 6.72 8.10 9.20 11.61 5.99 2.57 2.14 2.37 2.12 0.15 0.00 0.00 0.00 0.00
2.70 0.00 0.00 0.00 0.00 0.00 0.00 0.00 0.00 0.00 0.00 2.12 2.04 1.68 2.70 1.39 1.68 1.02 1.02 1.10 0.00 0.00 0.44 0.00 0.00 0.00 0.00 2.26 2.34 2.41 0.00 0.00 0.00 0.00 2.56 0.00 0.00 0.00 0.00 0.00 0.00 0.00 0.00 0.00 0.00 0.00 0.00 0.00 0.00 0.00 0.00 0.00 0.00 0.00 1.90 2.85 2.19 1.68 3.21 3.14 2.99 3.21 3.36 3.65 4.23 6.20 3.65 0.00 0.00 0.00 4.02 8.03 7.81 8.98 10.73 3.94 6.13 2.48 2.70 1.47 0.00 0.00 0.00 0.00
2.56 2.04 1.02 1.68 0.00 0.00 0.00 0.00 0.00 0.00 0.00 2.63 1.31 1.24 1.75 2.85 1.02 0.44 0.44 1.24 1.61 0.07 0.00 0.66 0.00 0.00 0.00 1.53 1.31 0.00 0.00 0.00 0.00 0.00 0.00 0.00 0.00 0.00 0.00 0.00 0.00 0.00 0.00 0.00 0.00 0.00 0.00 0.00 0.00 0.00 0.00 0.58 1.97 1.31 3.94 1.68 2.99 1.83 2.19 2.56 3.80 3.36 5.11 5.18 7.96 7.45 3.80 2.63 2.63 2.12 0.00 5.48 4.74 7.74 7.88 7.01 5.26 4.31 2.56 1.75 0.00 2.77 0.00 0.00
0.00 1.53 1.46 2.12 0.00 0.00 0.00 0.00 0.00 0.00 0.00 0.00 0.00 2.41 1.90 1.46 1.24 0.95 0.95 1.46 1.83 0.44 0.51 0.00 0.00 0.00 1.75 2.12 1.53 0.00 0.00 0.00 0.00 0.00 0.00 0.00 0.00 0.00 0.37 0.00 1.46 0.00 0.00 0.00 0.00 0.00 0.00 0.00 0.00 0.00 0.00 1.02 1.90 2.48 4.67 3.14 3.72 1.83 1.39 1.90 2.77 3.72 5.99 6.42 6.79 7.88 5.33 3.87 3.87 2.77 0.00 2.26 6.86 8.98 6.86 6.64 5.40 6.42 2.48 2.99 2.41 4.09 3.80 0.00
0.00 1.61 1.46 2.41 0.00 0.00 0.00 0.00 0.00 0.00 2.41 0.00 0.00 0.00 1.90 0.00 0.00 1.61 1.61 1.10 2.63 0.00 0.00 0.00 0.00 0.00 1.75 1.97 1.24 0.00 0.00 0.00 3.29 1.68 0.00 0.00 0.00 0.00 0.00 1.46 0.00 0.00 0.00 0.00 0.00 2.19 0.00 0.00 0.58 0.00 1.61 2.41 2.26 5.62 4.89 4.53 1.53 1.75 1.24 0.80 2.27 4.32 6.77 6.64 6.79 5.33 6.28 5.04 5.04 4.23 2.12 4.53 4.16 7.23 4.60 5.84 6.42 7.52 4.67 4.89 5.62 3.58 2.63 0.00
0.95 1.68 1.97 2.34 2.26 0.00 0.00 0.00 0.00 0.00 0.00 0.00 0.00 0.00 0.00 0.00 2.56 2.04 2.04 2.41 0.00 3.65 0.00 0.00 0.00 3.80 2.48 2.63 2.56 4.23 0.00 3.14 2.70 0.00 2.56 0.00 0.00 0.00 0.00 4.23 2.92 2.85 0.00 0.00 0.00 2.41 0.95 2.41 2.56 2.56 0.58 1.39 3.72 5.69 7.37 9.13 7.59 11.02 7.66 7.01 4.45 5.33 7.67 6.86 7.15 5.55 5.18 3.07 3.07 4.96 7.37 10.07 5.69 5.26 4.38 5.18 5.99 5.77 7.45 6.79 6.28 5.99 3.72 0.66
1.17 1.90 2.19 0.00 0.00 0.00 0.00 0.00 0.00 0.00 2.26 0.00 0.00 0.00 0.00 0.00 1.53 0.00 0.00 2.19 3.14 0.00 0.00 0.00 0.00 2.92 2.19 3.50 3.07 0.00 0.00 0.00 0.00 0.00 0.00 0.00 0.00 0.00 0.00 5.48 4.31 0.00 0.00 0.00 3.94 0.00 3.36 1.24 3.14 2.19 2.41 3.43 3.43 4.67 6.72 8.10 10.00 11.68 10.00 8.83 5.62 6.06 6.64 5.26 5.71 5.40 3.58 2.56 2.56 3.58 6.28 8.91 10.37 4.45 4.53 3.58 4.09 6.94 6.64 6.28 6.79 5.26 5.04 0.00
1.68 1.75 1.68 1.97 0.00 0.00 0.00 0.00 0.00 0.00 0.00 0.00 0.00 0.00 0.00 0.00 0.00 1.83 1.83 2.19 2.99 2.99 0.00 0.00 0.00 1.90 1.90 2.92 0.00 0.00 0.00 0.00 0.00 0.00 0.00 0.00 0.00 0.00 0.00 0.00 3.21 0.00 4.31 4.31 4.82 6.42 4.38 4.38 0.80 4.16 4.02 4.38 4.60 5.99 5.55 6.13 9.78 8.32 11.39 8.98 7.01 5.84 6.57 6.28 7.08 7.18 6.13 4.38 4.38 6.06 4.53 6.72 5.91 5.26 3.87 4.23 4.38 5.40 5.04 5.04 5.18 4.31 1.90 0.00
1.31 1.10 1.68 1.46 0.00 0.00 0.00 0.00 0.00 0.00 0.00 2.56 3.29 2.41 2.04 2.26 2.48 1.97 1.97 2.19 2.77 2.56 0.00 2.70 2.12 2.04 2.41 2.48 0.00 0.00 0.00 3.87 4.23 0.00 0.00 0.00 4.16 4.38 0.00 0.00 4.31 5.26 6.06 6.06 6.35 6.86 7.01 4.89 4.82 5.04 5.62 6.35 5.84 7.08 6.64 7.08 4.60 3.72 6.97 6.05 5.40 4.16 5.44 7.59 7.63 10.54 8.07 8.76 8.76 4.09 5.11 5.77 5.33 5.55 4.23 5.69 6.42 6.42 4.60 4.82 5.25 2.94 1.98 1.98
1.46 1.75 1.17 1.39 0.00 0.00 0.00 0.00 1.10 1.10 1.75 0.00 0.00 1.90 2.26 2.19 1.97 2.34 2.34 2.34 2.34 2.56 0.00 2.99 0.00 2.26 1.97 2.48 0.00 0.00 0.00 0.00 3.94 0.00 0.00 0.00 0.00 0.00 0.00 0.00 0.00 0.00 5.69 5.69 6.35 5.55 6.57 8.47 7.96 7.30 7.66 9.34 7.01 8.83 9.64 6.50 4.60 4.23 2.48 1.02 3.31 3.72 7.89 7.59 10.59 11.39 11.17 6.82 6.61 5.58 5.55 6.06 4.96 5.33 5.26 5.55 6.13 5.91 6.42 4.51 3.05 4.69 4.70 2.27
0.44 0.73 1.24 1.24 0.00 0.00 1.17 1.24 1.75 1.39 1.53 2.56 1.17 0.95 0.00 0.00 0.00 1.68 1.68 2.41 2.19 2.19 0.00 0.00 1.61 1.83 1.97 0.00 0.00 0.00 0.00 0.00 0.00 0.00 0.00 0.00 0.00 0.00 0.00 1.61 0.00 0.00 0.00 0.00 4.82 5.04 6.79 4.31 6.72 8.40 8.91 10.44 12.05 12.56 11.90 8.54 7.96 6.06 2.51 1.25 1.53 2.41 6.85 9.35 10.80 11.25 10.15 7.96 8.00 7.67 5.72 4.89 5.91 6.50 5.65 3.72 3.87 4.67 4.55 4.24 4.71 5.18 5.92 5.26
1.53 1.02 0.15 1.10 0.66 1.75 1.61 1.97 2.12 1.46 1.10 0.66 0.66 1.02 0.00 0.00 1.24 0.58 0.58 1.90 1.17 1.46 1.10 1.31 0.73 0.00 0.00 0.00 0.00 0.00 0.00 0.00 0.00 0.00 0.00 0.00 0.00 0.00 1.90 0.00 0.00 0.00 0.00 0.00 4.23 3.72 4.09 3.65 4.89 7.15 8.32 9.20 12.56 12.41 13.14 13.43 11.17 11.39 9.93 7.34 1.92 2.45 2.09 4.61 9.59 9.05 5.39 5.33 5.33 6.27 6.52 6.27 7.85 7.41 3.45 3.32 5.04 4.30 5.12 5.66 6.23 5.12 5.49 6.21
0.58 0.58 0.80 0.66 0.80 1.61 1.31 0.00 0.00 1.31 1.10 0.00 0.00 0.00 0.00 0.73 0.73 0.07 0.07 0.80 2.48 1.31 0.00 0.00 0.00 0.00 0.51 0.00 0.00 0.00 0.00 0.00 0.00 0.66 0.00 0.00 1.39 1.75 1.75 0.00 0.00 0.00 0.00 0.00 0.00 2.19 2.48 3.58 4.96 6.94 8.10 7.59 9.93 14.38 14.67 14.31 14.82 13.43 13.94 12.34 3.21 2.54 2.76 3.07 6.43 7.34 4.11 2.92 2.92 3.47 5.57 8.47 7.71 7.70 8.00 4.11 3.43 3.56 2.67 5.42 6.42 6.05 5.34 6.58
0.73 0.44 0.29 0.51 0.80 1.02 1.10 0.00 0.00 2.04 0.66 0.00 0.00 0.00 0.00 0.73 0.00 0.07 0.07 0.00 0.73 0.00 0.00 0.00 0.00 0.00 0.95 0.00 0.00 0.00 0.00 0.00 0.00 1.46 0.73 1.17 1.61 2.04 2.56 0.00 0.00 0.00 0.00 0.00 0.66 1.24 2.12 3.29 4.89 7.96 6.50 9.05 9.68 10.08 12.00 15.42 14.30 15.26 13.80 11.39 9.93 5.87 3.00 2.42 6.28 6.45 3.71 3.43 3.45 2.95 5.86 6.16 8.87 7.38 8.73 7.88 5.14 3.10 3.04 2.60 6.84 7.54 7.02 6.06
2.19 1.83 0.88 0.44 0.37 0.88 1.02 1.97 0.00 0.00 1.90 0.00 0.00 0.00 0.29 0.00 0.00 0.00 0.00 0.00 0.00 0.95 0.00 0.00 0.00 0.00 0.95 0.00 0.00 0.00 0.00 0.00 0.22 1.75 1.61 1.31 1.46 1.97 0.00 0.00 0.00 0.00 0.22 0.22 0.15 0.80 2.19 6.20 8.40 11.32 10.07 7.74 8.83 9.86 11.94 12.42 12.34 17.10 12.01 11.72 8.14 6.46 2.13 2.64 3.73 5.56 3.52 2.71 2.71 4.42 2.81 4.54 4.89 8.32 7.70 7.85 6.33 6.38 3.97 5.40 6.80 9.76 8.93 6.06
2.34 2.26 1.97 0.80 0.80 0.15 1.46 2.19 2.12 1.90 0.88 0.00 0.00 0.00 0.00 0.00 0.00 0.00 0.00 0.00 0.00 0.00 0.00 0.00 0.00 1.02 0.51 0.15 1.10 0.00 0.00 0.00 0.95 1.75 2.56 0.00 1.75 0.80 0.00 0.00 0.00 0.00 2.41 2.41 1.61 2.56 8.40 11.75 12.26 14.02 9.78 10.22 8.91 9.32 10.21 10.38 8.31 11.16 9.06 11.15 8.37 7.53 4.97 2.63 3.28 2.39 2.66 2.00 1.97 1.63 1.48 2.88 6.26 7.34 7.01 7.04 6.15 6.98 3.63 3.59 5.64 7.75 10.04 6.03
0.00 0.00 1.46 1.39 1.31 2.77 2.70 2.41 1.97 3.58 1.83 0.44 0.00 0.00 0.00 0.00 0.00 0.00 0.00 0.00 0.00 0.00 0.00 0.00 0.00 0.00 0.80 0.00 0.73 0.00 0.07 0.73 2.26 2.77 0.00 1.39 0.00 0.00 0.00 3.14 3.94 3.14 6.20 6.20 7.66 7.88 12.99 15.70 14.53 13.93 12.72 9.71 10.01 11.15 10.48 8.14 7.30 8.18 6.91 7.26 6.90 7.22 7.87 3.07 2.89 1.59 1.33 2.11 2.05 1.53 1.10 2.30 4.00 7.91 6.97 4.16 4.43 4.92 4.25 3.13 4.08 5.57 3.59 4.65
4.16 2.12 0.00 5.84 6.79 5.84 3.07 2.77 4.38 0.00 4.16 4.53 4.38 0.95 2.12 1.24 0.00 0.07 0.07 0.80 0.00 0.00 0.00 0.15 1.97 1.39 0.80 0.66 0.80 1.39 1.75 0.80 2.99 1.90 2.41 1.10 1.46 0.00 0.00 0.00 4.23 6.42 10.80 10.80 10.88 12.99 13.07 14.16 10.07 10.88 7.00 9.40 10.82 10.55 9.68 9.14 9.53 8.82 8.30 9.32 9.24 7.94 8.24 5.12 4.09 2.27 1.69 0.60 0.59 0.80 2.12 4.24 4.75 7.18 6.66 4.09 1.89 2.39 2.75 1.43 3.70 3.78 3.58 4.78
6.42 4.53 4.53 8.54 9.20 6.86 7.74 3.72 1.24 0.00 0.00 2.56 5.48 4.60 2.70 2.12 0.73 0.51 0.51 0.00 0.00 1.24 0.22 0.00 1.31 1.31 0.58 0.29 0.51 1.02 0.29 0.51 1.31 2.26 1.90 2.48 2.04 1.31 2.26 2.63 2.19 5.18 8.54 8.54 12.41 10.80 11.68 11.24 10.01 8.44 6.62 7.11 9.40 9.10 10.50 9.04 10.71 8.21 11.25 11.66 10.32 8.02 7.03 4.82 2.56 2.63 2.35 0.62 0.61 0.00 0.00 2.31 2.55 4.78 6.45 3.43 0.74 0.30 0.00 0.00 0.00 3.13 1.86 3.12
8.47 8.54 7.81 5.99 8.69 9.56 6.57 2.34 2.12 0.00 0.00 0.00 0.00 4.96 3.29 3.58 2.19 0.00 0.00 1.02 1.90 0.66 0.00 0.00 0.00 0.66 0.00 0.00 0.29 0.29 0.66 0.00 0.88 1.46 3.80 3.72 1.39 0.00 0.07 1.17 0.00 2.56 4.96 4.96 6.13 9.86 8.47 9.14 8.27 9.15 7.09 7.35 9.01 9.57 10.57 8.26 10.53 8.33 11.39 12.45 11.22 9.61 8.18 3.07 4.96 1.34 1.19 0.88 0.98 0.32 0.00 0.00 4.81 3.77 5.62 4.79 3.50 0.00 0.00 0.00 0.00 0.00 2.55 2.77
9.49 0.00 0.00 0.00 6.86 10.88 10.73 9.17 8.03 1.46 0.00 0.00 0.00 0.00 3.94 1.90 1.53 2.19 2.19 1.02 0.88 0.29 0.00 0.00 0.00 0.00 0.00 0.00 1.31 0.29 0.58 0.00 0.95 0.07 1.46 2.77 0.22 0.00 0.00 0.00 0.00 0.66 5.91 5.91 4.89 4.23 7.15 7.70 8.25 8.17 6.81 8.82 8.48 10.80 9.23 7.39 6.14 7.20 10.45 11.57 11.08 11.53 8.66 7.74 2.99 1.70 0.80 0.31 0.30 2.07 0.16 0.00 3.84 2.15 4.20 4.72 3.93 0.23 0.00 0.00 0.00 1.97 5.24 1.70
0.00 0.00 0.00 0.00 0.00 0.00 7.81 10.44 5.11 0.15 2.99 0.00 0.00 0.00 0.00 1.75 0.37 1.10 1.10 1.61 1.24 0.00 0.00 0.00 0.00 0.00 0.00 0.00 0.07 0.00 0.00 0.00 0.00 0.00 0.00 0.95 0.00 0.00 0.00 0.00 0.00 1.83 3.94 3.94 2.26 4.09 5.62 8.69 8.32 7.66 8.82 8.64 8.51 9.62 7.35 6.48 0.00 0.00 11.20 8.85 9.91 12.51 12.50 9.84 7.92 3.46 0.90 2.56 2.57 0.09 1.72 0.00 0.80 3.13 0.72 3.17 0.82 0.29 0.00 0.00 0.00 4.37 4.42 4.06
0.00 0.00 0.00 0.00 0.00 8.40 8.32 10.22 11.02 6.94 6.86 2.99 0.73 0.00 0.00 0.00 0.22 0.00 0.00 0.00 0.00 0.00 0.00 0.00 0.00 0.00 0.00 0.00 0.00 0.00 0.00 0.00 0.00 0.00 0.00 0.00 0.00 0.37 0.00 0.00 0.00 0.58 2.41 2.41 0.00 1.75 5.14 6.86 10.30 5.79 8.80 7.52 10.08 7.64 5.97 6.47 0.00 0.00 11.58 9.73 12.20 13.23 16.46 13.40 11.83 9.76 6.38 2.20 2.57 3.33 0.91 2.34 0.00 0.00 0.00 0.17 1.30 0.00 0.00 0.00 1.82 3.61 5.27 3.29
0.00 0.00 0.00 0.00 0.00 0.00 0.00 8.40 11.61 10.80 9.27 4.45 1.46 0.00 1.75 1.68 0.00 0.00 0.00 0.00 0.00 0.00 0.00 0.00 0.00 0.00 0.00 0.00 0.00 0.00 0.00 0.00 0.00 0.00 0.00 0.00 0.00 0.22 0.00 0.00 0.00 0.00 0.00 0.00 1.31 0.66 2.27 4.64 6.38 6.13 6.38 8.49 6.79 6.67 0.00 0.00 0.00 0.00 0.00 0.00 17.17 12.59 19.47 20.44 18.29 15.68 14.51 8.45 9.46 4.80 3.88 2.83 0.00 0.00 0.00 1.50 0.75 0.00 0.00 0.00 3.32 3.44 5.22 4.35
0.00 0.00 0.00 0.00 0.00 0.00 0.00 0.00 8.76 7.37 7.66 5.62 5.40 5.33 2.63 4.30 3.47 0.00 0.00 0.00 0.00 0.00 0.00 0.00 0.00 0.00 0.00 0.00 0.00 0.00 0.00 0.00 0.00 0.00 0.00 0.00 0.00 2.63 0.95 0.00 0.00 0.00 0.00 0.00 0.37 1.10 1.02 2.92 5.05 6.81 6.90 5.81 6.02 7.72 0.00 0.00 0.00 0.00 0.00 0.00 0.00 12.34 18.97 21.41 22.11 18.93 25.29 12.23 12.49 11.46 5.17 5.01 2.64 0.00 0.00 1.35 1.10 0.00 0.00 0.00 0.00 0.00 3.47 0.00
0.00 0.00 0.00 0.00 0.00 0.00 0.00 0.00 0.00 4.53 5.11 5.18 7.59 7.37 5.55 8.00 5.40 4.11 3.84 1.68 0.00 0.00 0.80 0.00 0.00 0.00 0.00 0.00 0.00 0.00 0.00 0.00 0.00 0.00 0.00 0.80 0.00 2.26 0.00 2.04 1.68 1.97 0.37 0.37 1.46 0.58 1.39 2.16 4.95 6.24 7.20 8.05 0.00 0.00 0.00 0.00 0.00 0.00 0.00 0.00 0.00 22.42 15.33 16.51 26.94 26.11 22.17 18.35 22.42 15.01 7.56 4.90 0.00 0.00 0.00 0.00 3.03 1.68 0.00 0.00 0.00 0.00 0.00 0.00
0.00 0.00 0.00 0.00 0.00 0.00 0.00 0.00 0.00 0.00 0.00 0.00 0.00 0.00 0.00 0.00 5.48 7.11 7.22 5.26 0.00 6.35 4.53 4.38 0.44 3.29 2.70 1.68 0.44 1.53 0.07 0.00 3.14 0.00 0.37 4.82 4.82 1.97 2.19 4.99 4.89 4.87 5.11 5.11 4.67 1.39 2.04 2.42 0.00 0.00 0.00 0.00 0.00 0.00 0.00 0.00 0.00 0.00 0.00 0.00 0.00 0.00 0.00 0.00 28.37 24.48 9.93 0.00 0.00 9.67 0.00 8.37 0.00 0.00 1.12 5.17 0.00 0.00 0.00 0.00 0.00 0.00 0.00 0.00
0.00 0.00 0.00 0.00 0.00 0.00 0.00 0.00 0.00 0.00 0.00 0.00 0.00 0.00 0.00 0.00 0.00 5.69 5.69 0.00 0.00 6.88 5.11 7.74 3.50 4.89 6.74 5.69 4.09 5.55 4.74 3.43 0.00 3.72 2.85 7.96 4.60 2.92 4.74 5.11 4.78 7.17 3.80 4.24 6.35 5.18 3.29 2.25 0.00 0.00 0.00 0.00 0.00 0.00 0.00 0.00 0.00 0.00 0.00 0.00 0.00 0.00 0.00 0.00 0.00 18.18 0.00 0.00 0.00 0.00 0.00 0.00 0.00 0.00 0.00 0.00 0.00 0.00 0.00 0.00 0.00 0.00 0.00 0.00
0.00 0.00 0.00 0.00 0.00 0.00 0.00 0.00 0.00 0.00 0.00 0.00 0.00 0.00 0.00 0.00 0.00 0.00 0.00 0.00 0.00 0.00 0.00 5.26 3.21 0.00 3.35 5.18 5.33 3.36 5.48 5.77 4.74 5.48 0.00 4.39 4.09 5.84 1.17 0.00 3.61 2.04 7.19 9.13 6.82 4.15 1.76 0.86 0.00 0.00 0.00 0.00 0.00 0.00 0.00 0.00 0.00 0.00 0.00 0.00 0.00 0.00 0.00 0.00 0.00 0.00 0.00 0.00 0.00 0.00 0.00 0.00 0.00 0.00 0.00 0.00 0.00 0.00 0.00 0.00 0.00 0.00 0.00 0.00
0.00 0.00 0.00 0.00 0.00 0.00 0.00 0.00 0.00 0.00 0.00 0.00 0.00 0.00 0.00 0.00 0.00 0.00 0.00 0.00 0.00 0.00 0.00 3.72 0.00 1.61 2.04 6.64 3.50 1.75 1.17 0.00 4.25 2.19 0.00 0.00 2.56 2.70 0.00 0.00 0.00 0.00 0.00 0.00 6.93 7.89 0.00 0.00 0.00 0.00 0.00 0.00 0.00 0.00 0.00 0.00 0.00 0.00 0.00 0.00 0.00 0.00 0.00 0.00 0.00 0.00 0.00 0.00 0.00 0.00 0.00 0.00 0.00 0.00 0.00 0.00 0.00 0.00 0.00 0.00 0.00 0.00 0.00 0.00
