Wansh/Snow_depth/snowdepth-1997/spring/1997089.txt
ncols 321
nrows 161
xllcenter 60
yllcenter 15 
cellsize  0.25 
NODATA_value -1
[rows 0 to 36 of 161, columns 168 to 251 of 321]
11.46 6.06 7.30 5.11 6.28 6.50 6.94 5.40 5.11 5.11 4.31 4.53 4.23 4.38 4.38 5.04 6.64 7.81 11.24 12.34 9.64 9.56 9.27 11.68 9.05 9.20 10.44 12.70 11.68 11.97 14.82 10.88 12.48 12.48 12.48 12.48 13.80 13.14 14.82 15.11 18.54 21.90 20.73 24.31 32.34 31.32 28.69 29.71 24.82 21.32 21.97 18.76 19.35 19.64 19.64 20.15 19.35 23.51 22.63 23.21 23.21 23.36 27.16 26.43 28.84 30.22 30.51 27.74 27.96 25.55 22.85 23.00 22.12 21.83 21.83 21.90 21.61 23.29 23.87 23.87 21.83 21.90 20.08 18.83
13.72 10.29 7.37 6.06 10.59 6.13 5.99 4.89 4.53 4.53 6.13 5.33 7.74 8.61 7.66 8.40 9.34 8.91 10.66 13.14 11.90 11.46 9.86 9.27 10.44 9.49 10.88 17.23 19.93 13.14 15.62 12.41 10.80 13.29 12.12 12.12 13.14 16.50 18.91 18.83 20.00 28.84 31.32 32.12 32.19 29.86 24.09 24.09 24.02 21.39 21.02 21.10 20.66 22.19 22.34 22.63 22.70 23.07 22.85 23.87 23.87 23.65 25.40 27.96 28.11 26.35 27.74 27.96 24.97 25.55 23.07 22.85 22.70 20.95 18.83 21.17 22.48 22.12 20.66 18.10 21.39 18.25 16.21 16.21
18.25 18.32 10.95 11.32 16.06 12.12 9.71 6.50 6.13 6.13 7.01 7.37 7.81 7.59 7.52 7.66 13.87 13.80 14.02 13.21 12.56 11.39 10.73 10.07 10.29 9.42 14.53 14.97 16.06 13.36 11.75 12.34 9.78 9.27 10.73 10.73 13.21 17.89 21.61 26.21 28.69 27.96 29.05 22.41 22.34 22.34 22.63 20.15 21.10 20.81 22.41 22.27 21.53 21.53 22.05 22.05 21.61 23.00 23.00 23.36 23.36 25.19 24.89 23.51 24.60 24.97 24.89 23.43 25.92 23.14 23.07 20.66 20.29 20.81 17.16 14.89 15.04 18.03 18.47 16.35 15.77 15.62 14.31 13.51
18.25 18.32 10.95 11.32 16.06 12.12 9.71 6.50 6.13 6.13 7.01 7.37 7.81 7.59 7.52 7.66 13.87 13.80 14.02 13.21 12.56 11.39 10.73 10.07 10.29 9.42 14.53 14.97 16.06 13.36 11.75 12.34 9.78 9.27 10.73 10.73 13.21 17.89 21.61 26.21 28.69 27.96 29.05 22.41 22.34 22.34 22.63 20.15 21.10 20.81 22.41 22.27 21.53 21.53 22.05 22.05 21.61 23.00 23.00 23.36 23.36 25.19 24.89 23.51 24.60 24.97 24.89 23.43 25.92 23.14 23.07 20.66 20.29 20.81 17.16 14.89 15.04 18.03 18.47 16.35 15.77 15.62 14.31 13.51
20.95 20.15 17.23 17.52 17.52 22.34 16.72 15.11 8.91 8.91 6.79 7.01 12.19 13.07 15.11 14.67 15.11 18.61 16.35 12.99 11.75 10.00 11.83 9.86 8.83 0.00 3.21 10.66 9.27 14.09 10.07 7.23 6.13 10.07 13.87 13.87 17.01 15.77 20.81 21.39 20.15 21.53 21.17 21.68 19.49 20.00 21.10 20.51 21.75 21.61 21.46 21.75 23.36 22.70 22.78 21.24 21.97 22.12 22.63 22.63 22.63 21.53 23.07 23.29 23.29 20.59 24.16 21.32 17.96 18.25 18.69 16.35 16.28 13.36 15.55 13.36 13.58 13.29 14.31 15.26 15.11 15.18 15.11 15.91
21.32 22.56 22.78 22.19 23.29 24.53 22.34 12.85 11.53 11.53 13.58 13.36 14.75 15.04 20.29 21.83 19.71 21.10 16.21 10.51 10.59 7.45 0.00 0.00 0.00 0.00 0.00 8.54 9.64 9.05 9.13 6.64 5.84 5.04 15.62 15.62 18.61 18.03 18.03 17.96 19.49 21.75 20.29 20.00 19.78 21.10 18.98 20.51 19.93 21.61 22.85 22.70 24.53 24.38 23.00 23.29 21.24 19.35 19.20 20.37 20.37 22.05 21.02 22.70 23.07 18.40 14.31 18.25 16.57 15.26 15.33 15.55 13.21 13.58 12.41 12.41 13.36 14.02 13.94 14.53 15.55 15.18 17.23 17.01
22.78 23.87 23.36 23.14 23.65 23.65 19.71 18.54 18.98 18.98 16.28 19.56 20.73 22.19 21.97 21.97 19.27 13.72 11.02 11.68 7.88 8.40 0.00 0.00 0.00 0.00 5.84 4.67 10.15 10.51 11.83 9.78 15.33 19.56 18.25 18.25 19.49 17.59 17.01 11.68 13.58 13.14 16.06 16.06 19.05 18.18 19.05 20.22 21.68 21.32 22.63 22.56 22.92 22.92 21.32 16.13 15.84 17.45 18.47 17.74 17.74 20.73 19.35 19.64 17.08 13.29 13.51 13.58 13.14 14.09 11.90 11.97 11.53 11.83 11.83 11.24 11.46 11.39 12.78 14.37 17.28 21.28 19.68 25.59
22.78 23.87 23.36 23.14 23.65 23.65 19.71 18.54 18.98 18.98 16.28 19.56 20.73 22.19 21.97 21.97 19.27 13.72 11.02 11.68 7.88 8.40 0.00 0.00 0.00 0.00 5.84 4.67 10.15 10.51 11.83 9.78 15.33 19.56 18.25 18.25 19.49 17.59 17.01 11.68 13.58 13.14 16.06 16.06 19.05 18.18 19.05 20.22 21.68 21.32 22.63 22.56 22.92 22.92 21.32 16.13 15.84 17.45 18.47 17.74 17.74 20.73 19.35 19.64 17.08 13.29 13.51 13.58 13.14 14.09 11.90 11.97 11.53 11.83 11.83 13.00 15.81 16.39 17.50 24.42 28.53 28.32 25.32 26.55
21.75 19.13 21.97 22.92 21.24 21.46 0.00 18.54 23.07 23.07 18.47 20.73 23.07 21.75 21.97 17.45 18.40 13.43 4.02 8.10 7.88 7.15 0.00 0.00 0.00 4.60 7.45 9.42 9.34 9.86 12.56 11.53 17.16 18.69 19.13 19.13 12.26 13.14 9.78 8.18 10.15 12.70 11.46 16.06 17.30 14.31 20.15 17.89 22.19 22.19 22.85 21.10 13.65 13.29 12.99 13.51 15.18 14.45 17.23 17.67 17.67 17.59 19.13 18.03 18.40 16.06 14.02 13.87 13.21 13.36 11.90 11.39 11.68 9.18 11.87 13.93 17.83 17.59 14.88 22.84 26.24 24.18 25.53 26.72
6.57 11.61 16.35 16.06 15.04 0.00 17.30 15.55 17.08 17.08 16.21 18.69 17.81 17.67 16.13 14.24 6.06 6.79 2.26 0.00 0.00 0.00 1.53 2.48 10.00 10.07 9.49 9.20 10.73 12.70 12.19 10.07 10.95 8.32 10.37 10.37 7.52 8.18 6.57 4.67 10.73 14.75 15.91 10.88 11.17 13.65 17.89 17.16 17.23 18.91 12.26 19.93 12.41 12.05 11.75 11.90 14.82 16.21 15.55 16.50 16.50 16.72 16.72 17.67 15.77 16.13 13.80 12.99 13.43 12.34 12.34 12.99 10.35 14.28 14.60 15.79 14.71 18.79 22.60 20.37 23.17 24.20 25.23 26.52
8.10 5.62 5.18 12.19 0.00 0.00 13.72 10.15 10.00 10.00 14.45 14.24 13.51 15.77 10.95 6.86 0.00 0.00 0.00 0.00 0.00 6.35 9.93 9.86 9.78 9.78 9.64 7.74 8.47 8.98 8.69 7.96 9.20 5.55 5.11 5.11 4.16 6.28 8.47 11.17 10.07 10.95 9.05 8.47 8.61 9.13 7.66 13.29 11.32 13.14 11.39 10.00 10.29 10.22 10.80 11.97 10.44 16.50 19.78 19.71 19.71 18.91 17.37 17.96 14.67 12.78 13.14 13.58 15.04 13.29 12.85 11.24 12.13 9.41 9.33 14.91 20.06 19.27 18.45 20.52 20.38 24.12 22.66 23.59
8.10 5.62 5.18 12.19 0.00 0.00 13.72 10.15 10.00 10.00 14.45 14.24 13.51 15.77 10.95 6.86 0.00 0.00 0.00 0.00 0.00 6.35 9.93 9.86 9.78 9.78 9.64 7.74 8.47 8.98 8.69 7.96 9.20 5.55 5.11 5.11 4.16 6.28 8.47 11.17 10.07 10.95 9.05 8.47 8.61 9.13 7.66 13.29 11.32 13.14 11.39 10.00 10.29 10.22 10.80 11.97 10.44 16.50 19.78 19.71 19.71 18.91 17.37 17.96 14.67 12.78 13.14 13.58 15.04 13.29 12.85 11.24 11.83 9.27 9.05 13.84 17.88 17.84 19.68 21.30 20.38 23.59 24.89 25.24
10.88 7.66 5.26 0.00 0.00 0.00 9.49 9.86 9.13 9.13 8.91 6.20 6.94 5.11 5.62 4.02 3.07 3.80 0.00 7.08 8.32 7.66 10.00 6.64 3.43 2.56 4.82 4.16 6.28 3.21 2.70 0.95 1.53 3.65 2.48 2.48 5.04 7.59 11.32 9.27 9.42 9.27 7.74 4.53 4.09 6.94 6.79 8.18 10.88 10.66 11.90 8.76 8.98 9.64 6.20 9.42 15.62 13.65 21.10 20.29 20.29 20.15 17.74 15.26 16.43 17.16 14.31 13.80 16.13 16.13 13.51 12.63 11.53 12.26 10.56 13.25 17.59 18.20 20.04 19.94 21.29 22.44 23.70 23.41
6.35 2.99 4.45 0.00 5.04 0.00 6.06 6.57 7.59 7.59 7.23 6.86 6.13 0.00 3.87 5.11 4.60 4.23 3.21 5.77 5.26 3.36 3.50 3.43 3.29 2.26 4.96 4.82 4.16 4.53 1.97 1.39 2.19 3.58 5.62 5.62 7.59 7.88 7.45 8.54 5.84 4.67 4.31 4.31 3.29 4.67 6.13 5.55 8.76 6.20 5.69 6.42 3.80 4.09 4.74 4.31 13.14 15.11 14.82 18.98 18.98 21.97 21.90 18.98 19.42 18.91 21.02 17.08 17.08 17.96 18.54 18.40 13.29 12.46 16.72 15.85 16.38 17.07 21.23 18.16 20.32 19.12 20.10 23.78
8.03 8.03 9.49 8.61 9.27 8.40 10.66 10.22 10.22 10.22 10.07 9.34 9.71 7.45 6.13 5.55 4.74 5.84 5.40 5.11 3.72 4.02 4.74 4.96 4.09 5.69 4.96 6.35 6.06 6.13 2.19 1.46 2.34 5.40 4.96 4.96 5.18 5.33 5.40 5.91 5.91 4.38 3.58 3.72 3.58 5.18 5.84 4.96 5.26 4.67 3.50 3.07 3.72 0.44 4.67 4.02 8.54 15.40 18.47 18.25 18.25 22.48 21.90 21.83 21.24 22.05 22.48 18.61 20.29 19.56 20.37 17.67 20.25 18.22 15.44 16.04 18.57 21.20 17.85 19.28 19.79 18.96 20.22 17.98
11.83 9.42 9.64 10.15 6.79 11.53 10.51 10.29 9.71 9.71 10.44 9.20 7.66 6.13 5.91 5.18 3.80 4.67 4.31 4.38 3.14 2.99 1.17 2.12 4.45 5.11 6.28 6.28 5.91 3.21 6.86 5.91 5.84 5.91 4.89 4.89 6.20 6.06 4.89 3.80 3.50 5.84 5.77 6.28 6.28 5.40 5.69 5.55 3.50 1.97 2.92 0.00 0.00 0.00 0.95 9.56 7.30 11.68 18.25 19.27 19.27 18.03 21.46 22.34 21.83 21.24 17.23 18.10 18.18 20.29 21.75 19.04 16.29 18.59 19.47 16.80 18.51 18.51 19.34 20.46 20.54 22.06 20.28 17.50
11.83 9.42 9.64 10.15 6.79 11.53 10.51 10.29 9.71 9.71 10.44 9.20 7.66 6.13 5.91 5.18 3.80 4.67 4.31 4.38 3.14 2.99 1.17 2.12 4.45 5.11 6.28 6.28 5.91 3.21 6.86 5.91 5.84 5.91 4.89 4.89 6.20 6.06 4.89 3.80 3.50 5.84 5.77 6.28 6.28 5.40 5.69 5.55 3.50 1.97 2.92 0.00 0.00 0.00 0.95 9.56 7.30 11.68 18.25 19.27 19.27 18.03 21.46 22.34 21.83 21.24 17.23 18.10 18.18 20.29 21.75 23.38 15.27 20.21 17.48 20.79 18.79 20.46 19.72 18.45 19.86 18.97 22.06 19.87
6.13 6.50 7.01 4.02 7.81 4.89 7.23 6.42 8.10 8.10 9.64 2.85 2.56 3.14 2.48 3.50 0.00 1.10 0.00 0.15 0.15 1.83 1.10 2.77 3.43 5.11 7.30 7.52 6.86 5.33 7.23 7.74 7.23 7.59 7.45 7.45 7.74 5.77 4.09 7.52 8.18 9.20 8.54 8.69 4.74 4.53 1.53 1.24 1.75 0.00 0.00 0.00 0.00 0.44 0.00 5.48 7.81 6.13 15.26 15.26 15.26 16.35 15.04 20.95 17.89 17.45 13.07 15.99 15.55 17.74 18.23 17.76 18.78 17.35 19.54 20.63 21.72 17.83 17.48 19.11 18.55 20.00 17.46 15.26
2.12 4.89 4.89 5.18 4.53 4.74 4.74 4.16 2.63 2.63 2.19 2.19 1.53 1.46 1.75 0.00 0.00 0.00 0.00 0.00 0.07 1.83 3.58 5.04 4.82 6.13 7.01 6.86 8.54 5.91 6.20 6.64 7.81 7.66 8.61 8.61 8.40 8.54 8.40 8.03 8.76 7.15 5.40 6.13 3.50 0.00 0.00 0.00 0.00 0.00 0.00 0.00 0.00 0.00 0.00 0.00 2.34 2.41 2.48 10.29 10.29 10.37 7.15 7.23 14.02 10.51 11.53 5.84 12.34 12.11 16.15 19.32 19.99 20.97 25.00 19.99 19.77 18.25 17.26 18.20 17.20 16.05 15.18 16.45
0.00 2.34 2.34 5.48 4.38 5.62 6.42 5.04 4.74 4.74 4.45 4.96 3.65 4.09 1.97 1.02 0.66 0.00 0.00 0.00 2.34 3.87 4.96 5.69 5.77 5.18 5.18 6.50 4.16 6.35 7.59 7.15 7.01 9.27 8.47 8.47 8.32 8.03 7.66 8.18 8.03 7.23 3.21 0.44 0.00 0.00 0.00 0.00 0.00 0.00 0.00 0.00 0.00 0.00 0.00 0.00 0.00 0.00 0.29 0.00 0.00 3.72 3.58 2.04 2.41 5.69 3.72 4.23 4.09 11.39 11.61 17.89 20.44 23.36 23.07 25.93 24.33 25.09 22.20 17.86 19.06 14.31 13.61 15.23
0.00 0.00 0.00 5.11 4.74 5.99 5.99 6.72 5.48 5.48 5.11 3.94 2.85 3.80 0.88 1.90 0.00 1.31 2.41 3.80 2.99 4.45 5.62 6.86 5.91 6.06 7.74 8.40 5.40 7.08 9.49 9.20 7.88 8.10 8.03 8.03 8.18 7.52 5.33 4.89 1.31 0.22 0.44 0.00 0.00 0.00 0.00 0.00 0.00 0.00 0.00 0.00 0.00 0.00 0.00 0.00 0.00 0.00 0.00 0.00 0.00 0.00 0.00 0.00 0.00 0.00 0.29 3.36 2.99 8.69 18.18 21.32 21.39 25.33 27.09 29.79 29.60 23.04 28.86 22.90 19.51 12.50 13.80 11.66
0.00 0.00 0.00 2.04 3.80 2.04 4.53 3.58 3.36 3.36 3.72 4.09 5.48 4.53 2.56 0.00 0.22 0.51 3.65 5.18 8.91 7.96 6.86 7.23 6.64 8.25 8.10 8.10 11.90 4.60 10.15 9.42 9.27 6.20 7.15 7.15 3.72 4.60 2.12 0.00 0.37 0.00 0.00 0.00 0.00 0.00 0.00 0.00 0.00 0.00 0.00 0.00 0.00 0.00 0.00 0.00 0.00 0.00 0.00 0.00 0.00 0.00 0.00 0.00 0.00 1.68 1.75 2.92 9.42 15.55 14.97 17.45 17.81 17.16 26.31 24.18 31.60 24.30 22.88 16.86 15.70 11.74 13.18 11.93
0.00 0.00 0.00 2.04 3.80 2.04 4.53 3.58 3.36 3.36 3.72 4.09 5.48 4.53 2.56 0.00 0.22 0.51 3.65 5.18 8.91 7.96 6.86 7.23 6.64 8.25 8.10 8.10 11.90 4.60 10.15 9.42 9.27 6.20 7.15 7.15 3.72 4.60 2.12 0.00 0.37 0.00 0.00 0.00 0.00 0.00 0.00 0.00 0.00 0.00 0.00 0.00 0.00 0.00 0.00 0.00 0.00 0.00 0.00 0.00 0.00 0.00 0.00 0.00 0.00 1.68 1.75 2.92 9.42 15.55 14.97 17.45 17.81 17.16 25.26 24.31 24.54 21.38 19.16 19.63 19.20 11.99 10.32 11.00
0.00 0.00 0.00 0.00 0.95 1.24 2.12 2.70 3.21 3.21 3.29 2.92 2.77 3.65 0.00 0.00 0.00 0.00 3.07 6.79 8.91 7.52 7.23 9.20 8.83 9.13 8.76 8.83 5.40 7.23 9.93 9.34 3.50 2.77 1.75 1.75 0.95 0.00 0.00 0.00 0.00 0.00 0.00 0.00 0.00 0.00 0.00 0.00 0.00 0.00 0.00 0.00 0.00 0.00 0.00 0.00 0.00 0.00 0.00 0.00 0.00 0.00 0.00 0.00 0.00 1.90 2.19 1.46 2.56 2.63 9.49 9.42 11.53 14.31 12.19 14.67 16.91 24.69 24.90 19.58 13.72 12.17 10.25 11.92
0.00 0.00 0.00 0.00 0.07 0.88 1.31 0.22 0.51 0.51 0.66 0.00 0.00 0.00 0.00 0.00 0.00 3.07 1.75 5.04 7.23 7.45 8.76 9.71 10.59 11.75 12.85 9.20 7.08 4.09 1.97 0.58 0.80 0.95 0.00 0.00 0.00 0.00 0.00 0.00 0.00 0.00 0.00 0.00 0.00 0.00 0.00 0.00 0.00 0.00 0.00 0.00 0.00 0.00 0.00 0.00 0.00 0.00 0.00 0.00 0.00 0.00 0.00 0.00 0.00 0.00 0.15 1.39 1.68 1.24 1.53 4.96 4.45 10.88 13.85 14.29 15.79 20.00 19.02 20.59 15.33 8.06 8.23 8.86
0.00 0.00 0.00 0.00 0.00 0.00 0.66 0.22 0.58 0.58 0.44 0.00 0.00 0.00 0.00 0.00 0.00 1.02 3.65 6.50 8.98 9.56 9.34 10.37 10.37 11.46 11.10 8.83 4.74 2.70 0.88 0.15 0.00 0.00 0.00 0.00 0.00 0.00 0.00 0.00 0.00 0.00 0.00 0.00 0.00 0.00 0.00 0.00 0.00 0.00 0.00 0.00 0.00 0.00 0.00 0.00 0.00 0.00 0.00 0.00 0.00 0.00 0.00 0.00 0.00 0.00 0.00 0.00 0.51 1.61 1.83 5.77 15.19 21.16 17.27 18.61 19.13 17.49 16.63 11.90 12.18 7.62 5.11 3.83
0.00 0.00 0.00 0.00 0.00 0.51 0.00 0.00 0.00 0.00 0.00 0.00 0.00 0.00 0.00 0.00 0.00 0.00 2.48 4.82 7.96 10.95 9.78 8.91 9.20 9.05 3.72 6.50 7.45 2.56 0.58 0.00 0.00 0.00 0.00 0.00 0.00 0.00 0.00 0.00 0.00 0.00 0.00 0.00 0.00 0.00 0.00 0.00 0.00 0.00 0.00 0.00 0.00 0.00 0.00 0.00 0.00 0.00 0.00 0.00 0.00 0.00 0.00 0.00 0.00 0.00 0.00 0.00 0.00 2.70 7.66 6.86 13.62 21.53 21.29 25.48 18.33 12.37 5.37 6.09 1.88 2.11 0.00 1.78
0.00 0.00 0.00 0.00 0.00 0.00 0.00 0.00 0.00 0.00 0.00 0.00 0.00 0.00 0.00 0.00 0.00 0.00 0.66 3.80 2.70 2.85 3.50 5.18 0.80 1.17 0.95 4.16 0.00 0.00 0.00 0.00 0.00 0.00 0.00 0.00 0.00 0.00 0.00 0.00 0.00 0.00 0.00 0.00 0.00 0.00 0.00 0.00 0.00 0.00 0.00 0.00 0.00 0.00 0.00 0.00 0.00 0.00 0.00 0.00 0.00 0.00 0.00 0.00 0.00 0.00 0.00 0.00 2.41 1.39 12.73 15.62 15.63 20.37 21.69 17.00 20.78 9.86 5.12 0.64 0.60 0.19 0.00 0.00
0.00 0.00 0.00 0.00 0.00 0.00 0.00 0.00 0.00 0.00 0.00 0.00 0.00 0.00 0.00 0.00 0.00 0.00 0.66 3.80 2.70 2.85 3.50 5.18 0.80 1.17 0.95 4.16 0.00 0.00 0.00 0.00 0.00 0.00 0.00 0.00 0.00 0.00 0.00 0.00 0.00 0.00 0.00 0.00 0.00 0.00 0.00 0.00 0.00 0.00 0.00 0.00 0.00 0.00 0.00 0.00 0.00 0.00 0.00 0.00 0.00 0.00 0.00 0.00 0.00 0.00 0.00 0.00 2.41 1.39 12.79 15.45 14.13 22.69 23.15 19.83 24.12 9.54 5.34 0.62 0.63 0.23 0.00 0.00
0.00 0.00 0.00 0.00 0.00 0.00 0.00 0.00 0.00 0.00 0.00 0.00 0.00 0.00 0.00 0.00 0.00 0.00 0.00 0.00 0.00 0.00 1.39 0.00 0.15 0.00 0.00 0.00 0.00 0.00 0.00 0.00 0.00 0.00 0.00 0.00 0.00 0.00 0.00 0.00 0.00 0.00 0.00 0.00 0.00 0.00 0.00 0.00 0.00 0.00 0.00 0.00 0.00 0.00 0.00 0.00 0.00 0.00 0.00 0.00 0.00 0.00 0.00 0.00 0.00 0.00 0.00 0.00 1.83 12.98 10.62 20.50 24.83 23.18 28.30 19.63 9.14 9.69 3.77 0.30 0.00 0.00 0.00 0.00
0.00 0.00 0.00 0.00 0.00 0.00 0.00 0.00 0.00 0.00 0.00 0.00 0.00 0.00 0.00 0.00 0.00 0.00 0.00 0.00 0.00 0.00 0.00 0.00 0.00 0.00 0.00 0.00 0.00 0.00 0.00 0.00 0.00 0.00 0.00 0.00 0.00 0.00 0.00 0.00 0.00 0.00 0.00 0.00 0.00 0.00 0.00 0.00 0.00 0.00 0.00 0.00 0.00 0.00 0.00 0.00 0.00 0.00 0.00 0.00 0.00 0.00 0.00 0.00 0.00 0.00 0.00 0.00 0.00 11.83 20.88 21.90 27.38 25.08 12.89 2.34 3.05 1.07 0.00 0.00 0.00 0.00 0.00 0.00
0.00 0.00 0.00 0.00 0.00 0.00 0.00 0.00 0.00 0.00 0.00 0.00 0.00 0.00 0.00 0.00 0.00 0.00 0.00 0.00 0.00 0.00 0.00 0.00 0.00 0.00 0.00 0.00 0.00 0.00 0.00 0.00 0.00 0.00 0.00 0.00 0.00 0.00 0.00 0.00 0.00 0.00 0.00 0.00 0.00 0.00 0.00 0.00 0.00 0.00 0.00 0.00 0.00 0.00 0.00 0.00 0.00 0.00 0.00 0.00 0.00 0.00 0.00 0.00 0.00 0.00 0.00 0.00 3.29 5.77 15.62 22.09 21.85 26.34 12.53 2.47 0.67 0.00 0.00 0.00 0.00 0.00 0.00 0.00
1.75 0.00 0.00 0.00 0.00 0.00 0.00 0.00 0.00 0.00 0.00 0.00 0.00 0.00 0.00 0.00 0.00 0.00 0.00 0.00 0.00 0.00 0.00 0.00 0.00 0.00 0.00 0.00 0.00 0.00 0.00 0.00 0.00 0.00 0.00 0.00 0.00 0.00 0.00 0.00 0.00 0.00 0.00 0.00 0.00 0.00 0.00 0.00 0.00 0.00 0.00 0.00 0.00 0.00 0.00 0.00 0.00 0.00 0.00 0.00 0.00 0.00 0.00 0.00 0.00 0.00 0.00 0.00 1.39 6.35 14.45 12.68 15.06 6.03 12.24 2.48 0.20 0.00 0.00 0.00 0.00 0.00 0.00 0.00
2.85 1.02 0.00 0.07 0.00 0.00 0.00 0.00 0.00 0.00 0.00 0.00 0.00 0.00 0.00 0.00 0.00 0.00 0.00 0.00 0.00 0.00 0.00 0.00 0.00 0.00 0.00 0.00 0.00 0.00 0.00 0.00 0.00 0.00 0.00 0.00 0.00 0.00 0.00 0.00 0.00 0.00 0.00 0.00 0.00 0.00 0.00 0.00 0.00 0.00 0.00 0.00 0.00 0.00 0.00 0.00 0.00 0.00 0.00 0.00 0.00 0.00 0.00 0.00 0.00 0.00 0.00 0.00 0.00 3.21 10.07 9.49 9.98 2.32 0.40 0.00 0.00 0.00 0.00 0.00 0.00 0.00 0.00 0.00
1.46 0.44 0.29 0.00 0.00 0.00 0.00 0.00 0.00 0.00 0.00 0.00 0.00 0.00 0.00 0.00 0.00 0.00 0.00 0.00 0.00 0.00 0.00 0.00 0.00 0.00 0.00 0.00 0.00 0.00 0.00 0.00 0.00 0.00 0.00 0.00 0.00 0.00 0.00 0.00 0.00 0.00 0.00 0.00 0.00 0.00 0.00 0.00 0.00 0.00 0.00 0.00 0.00 0.00 0.00 0.00 0.00 0.00 0.00 0.00 0.00 0.00 0.00 0.00 0.00 0.00 0.00 0.00 0.00 0.00 2.26 4.11 0.00 0.45 0.00 0.00 0.00 0.00 0.00 0.00 0.00 0.00 0.00 0.00
1.46 0.44 0.29 0.00 0.00 0.00 0.00 0.00 0.00 0.00 0.00 0.00 0.00 0.00 0.00 0.00 0.00 0.00 0.00 0.00 0.00 0.00 0.00 0.00 0.00 0.00 0.00 0.00 0.00 0.00 0.00 0.00 0.00 0.00 0.00 0.00 0.00 0.00 0.00 0.00 0.00 0.00 0.00 0.00 0.00 0.00 0.00 0.00 0.00 0.00 0.00 0.00 0.00 0.00 0.00 0.00 0.00 0.00 0.00 0.00 0.00 0.00 0.00 0.00 0.00 0.00 0.00 0.00 0.00 0.00 2.26 4.09 0.00 0.44 0.00 0.00 0.00 0.00 0.00 0.00 0.00 0.00 0.00 0.00
0.00 0.00 0.00 0.00 0.00 0.00 0.00 0.00 0.00 0.00 0.00 0.00 0.00 0.00 0.00 0.00 0.00 0.00 0.00 0.00 0.00 0.00 0.00 0.00 0.00 0.00 0.00 0.00 0.00 0.00 0.00 0.00 0.00 0.00 0.00 0.00 0.00 0.00 0.00 0.00 0.00 0.00 0.00 0.00 0.00 0.00 0.00 0.00 0.00 0.00 0.00 0.00 0.00 0.00 0.00 0.00 0.00 0.00 0.00 0.00 0.00 0.00 0.00 0.00 0.00 0.00 0.00 0.00 0.00 0.00 0.00 0.37 0.00 0.00 0.00 0.00 0.00 0.00 0.00 0.00 0.00 0.00 0.00 0.00
