Wansh/Snow_depth/snowdepth-1997/spring/1997119.txt
ncols 321
nrows 161
xllcenter 60
yllcenter 15 
cellsize  0.25 
NODATA_value -1
[rows 74 to 110 of 161, columns 84 to 167 of 321]
0.00 0.00 0.00 0.00 0.00 0.00 0.00 0.00 0.00 0.00 0.00 0.00 3.65 4.16 4.16 4.67 4.23 3.94 3.94 0.00 0.00 0.00 0.00 0.00 0.00 2.92 1.46 0.00 0.00 0.00 0.00 0.00 0.00 0.00 0.00 0.00 0.00 0.00 0.00 0.00 0.00 0.00 0.15 0.15 0.22 0.00 0.00 1.24 0.00 0.00 0.00 0.00 0.00 0.00 1.12 0.00 0.00 0.29 0.00 0.00 0.00 0.00 0.00 0.00 0.00 0.00 0.00 0.00 0.00 0.00 0.00 1.10 0.00 0.00 1.83 0.00 0.00 0.00 0.00 0.00 0.00 0.00 0.00 0.00
0.00 0.00 0.00 0.00 0.00 0.15 0.00 2.12 0.00 2.56 2.26 4.53 0.00 4.31 4.16 4.38 3.94 3.50 3.50 0.00 0.00 0.00 4.31 3.72 0.00 2.34 2.12 0.00 0.00 0.00 0.00 0.00 0.00 0.00 0.00 0.00 0.00 0.00 2.70 1.46 0.88 0.00 1.83 1.83 0.29 0.07 0.29 0.07 0.00 0.58 0.00 0.00 0.00 1.17 0.80 1.75 0.00 0.80 1.17 0.00 0.00 1.17 0.00 0.22 0.00 0.00 0.00 0.00 0.00 0.00 0.00 0.00 0.07 0.00 0.51 4.23 0.00 0.00 0.00 0.00 0.00 0.00 0.00 0.00
0.00 0.00 0.00 0.00 0.00 1.31 1.17 2.41 0.00 5.99 4.53 5.18 5.04 3.80 4.89 4.89 4.53 4.38 4.38 0.00 3.50 0.00 0.00 0.00 0.00 0.00 0.00 0.00 0.00 0.00 0.00 0.00 0.00 0.00 0.00 0.00 0.00 0.00 3.94 3.58 0.00 2.12 2.12 2.12 1.53 0.00 1.75 1.17 0.00 0.00 0.22 0.29 0.66 1.17 0.51 0.00 1.02 1.02 0.51 0.00 0.44 0.29 1.17 0.95 0.29 0.00 0.00 0.00 0.00 1.10 2.04 1.17 0.58 0.58 0.00 0.00 0.00 0.00 0.00 0.00 0.00 0.00 0.00 0.00
0.00 0.00 1.53 1.02 1.24 1.02 1.83 2.19 2.77 5.48 5.11 5.99 5.26 4.67 4.96 4.31 4.60 3.87 3.87 0.00 0.00 2.77 0.00 0.00 0.00 0.00 0.00 0.00 0.00 0.00 0.00 0.00 0.00 0.00 0.00 0.00 0.00 0.00 2.77 2.77 2.41 4.60 3.43 3.43 0.00 1.53 1.46 2.26 0.00 0.00 0.00 0.00 0.00 1.31 1.10 2.12 1.75 0.00 0.37 0.29 0.73 0.00 1.46 1.97 1.31 0.80 1.53 0.00 0.00 1.02 2.19 2.04 0.95 0.66 0.00 0.00 0.00 0.00 0.00 0.00 0.00 0.00 0.00 0.00
0.44 1.53 1.83 1.97 1.68 2.41 1.97 3.87 3.29 5.26 6.13 5.77 5.69 4.96 4.96 4.23 4.31 3.50 3.50 0.00 3.72 3.50 2.34 1.97 0.00 0.00 0.00 0.00 0.00 0.00 0.00 0.00 0.00 0.00 0.00 0.00 0.00 0.00 0.00 3.50 4.53 3.65 3.50 3.50 0.00 0.00 2.56 0.00 0.00 0.00 3.14 0.00 3.29 4.45 3.07 2.85 2.19 1.75 0.00 0.00 0.22 2.26 0.00 0.00 0.37 2.04 1.10 1.83 1.83 3.36 2.12 1.17 0.00 1.97 0.00 0.00 0.00 0.00 0.00 0.00 0.00 0.00 0.00 0.00
2.19 2.26 1.97 1.31 1.24 1.31 0.37 1.53 4.67 4.74 5.48 5.55 5.04 5.04 4.82 4.89 4.16 3.80 3.80 4.23 3.72 3.87 4.09 0.00 0.00 0.00 0.00 0.00 0.00 0.00 0.00 0.00 0.00 0.00 0.00 0.00 0.00 0.00 0.00 0.00 0.00 0.00 0.00 0.00 0.00 0.00 2.41 0.00 0.00 0.00 0.00 0.00 0.00 2.99 0.00 0.00 4.31 1.75 1.75 0.73 1.90 0.00 0.00 0.00 0.00 0.00 2.41 1.83 1.83 2.85 3.14 0.00 1.46 0.51 0.81 0.00 0.00 0.00 0.00 0.00 0.00 0.00 0.00 0.00
4.09 1.61 1.68 1.46 1.46 1.61 1.24 4.31 4.60 4.09 4.31 3.07 0.00 3.29 4.38 4.38 4.45 4.31 4.31 0.00 0.00 3.72 0.00 1.75 0.00 0.00 0.00 0.00 0.00 0.00 1.97 2.70 0.00 0.00 0.00 0.00 0.00 0.00 0.00 0.00 0.00 0.00 0.00 0.00 0.00 0.00 0.00 0.00 0.00 0.00 0.00 0.00 0.00 0.00 0.00 0.00 3.21 0.00 0.00 0.00 0.88 1.10 0.00 0.00 0.00 0.00 0.00 0.00 0.00 0.00 0.00 2.85 3.14 4.16 0.00 0.00 0.00 0.00 0.00 0.00 0.00 0.00 0.00 0.00
0.44 1.46 0.00 0.00 0.00 0.73 1.39 0.22 3.29 3.50 3.87 3.07 2.77 0.00 3.43 3.07 3.94 0.00 0.00 0.00 2.04 0.00 0.00 0.00 0.00 0.00 0.00 0.00 0.00 0.00 0.00 1.02 0.00 0.00 0.00 0.00 0.00 0.00 0.00 0.00 0.00 0.00 0.00 0.00 0.00 0.00 0.00 0.00 0.00 0.00 0.00 0.00 0.00 0.00 0.00 0.00 2.04 1.90 1.75 1.46 0.88 0.44 0.37 1.02 0.00 0.00 0.00 0.00 0.00 0.00 0.22 4.60 5.11 6.79 4.38 3.37 0.00 0.00 0.00 0.00 0.00 0.00 0.00 0.00
0.00 0.07 0.00 0.00 0.15 0.44 2.04 2.48 3.29 3.80 3.65 0.00 3.43 3.21 3.94 3.72 0.00 0.00 0.00 1.83 0.00 0.66 0.00 0.00 0.00 0.00 0.00 0.00 0.00 0.00 0.00 0.00 0.00 0.00 0.00 0.00 0.00 0.00 0.00 0.00 0.00 0.00 0.00 0.00 0.00 0.00 0.00 0.00 0.00 0.00 0.00 0.00 0.00 0.51 1.17 1.75 1.31 1.68 1.61 1.53 1.68 1.90 0.73 1.83 0.00 0.00 2.12 0.00 0.00 0.00 0.22 4.02 8.83 8.47 5.62 4.74 2.41 0.00 0.00 0.00 0.00 0.00 0.00 0.00
0.37 0.88 0.15 0.00 0.00 0.00 1.83 0.00 3.07 0.00 0.00 0.00 0.00 2.92 3.80 0.00 0.00 0.00 0.00 0.00 1.46 0.95 0.22 0.00 0.00 0.29 0.00 0.00 0.00 0.00 0.00 0.00 0.00 0.00 0.00 0.00 0.00 0.00 0.15 0.00 0.00 0.00 0.00 0.00 0.00 0.00 0.00 0.00 0.00 0.00 0.00 0.00 0.80 0.95 1.02 1.83 2.12 1.97 0.95 0.95 2.12 2.34 3.80 4.89 4.02 2.85 3.80 1.10 1.10 0.00 0.00 3.72 6.64 6.20 9.20 5.55 3.29 2.85 0.00 0.00 0.00 0.00 0.00 0.00
0.88 0.88 0.29 0.44 0.00 0.00 0.00 0.00 2.48 0.00 0.00 0.00 2.34 0.00 2.99 3.80 0.00 0.00 0.00 0.00 0.00 0.00 0.00 0.00 0.00 0.00 0.00 0.00 0.00 0.00 0.00 0.00 0.00 0.00 0.00 0.00 0.00 0.00 0.00 0.00 0.00 0.22 0.00 0.00 0.00 0.00 0.00 0.00 0.00 0.00 0.00 0.00 2.19 3.14 2.26 0.88 2.77 1.83 2.19 2.63 2.99 3.29 5.04 5.18 5.11 5.77 4.45 2.41 2.41 0.15 0.66 0.00 5.84 3.43 6.28 4.60 4.67 2.77 1.24 1.68 4.38 0.00 0.00 0.00
1.75 0.51 0.58 0.51 1.17 1.17 3.36 0.00 2.92 0.00 3.43 0.00 2.92 0.00 0.00 2.56 0.00 0.00 0.00 0.00 2.41 0.00 0.00 0.00 0.00 0.00 0.00 0.00 0.00 0.00 0.00 0.00 0.51 0.00 0.00 0.00 0.00 0.00 0.00 0.00 0.00 0.37 0.00 0.00 0.00 0.00 0.00 0.00 0.00 0.00 0.00 1.02 1.53 3.72 4.53 5.04 4.16 2.77 1.61 1.97 3.82 5.59 6.25 4.67 5.33 4.53 2.92 2.92 2.92 2.19 1.24 1.75 0.58 0.66 2.85 2.26 3.21 2.99 4.31 4.89 4.60 3.94 2.56 0.00
0.29 0.37 0.58 0.37 0.00 2.48 3.80 0.00 0.00 2.77 3.21 0.00 0.00 0.00 0.00 0.00 3.29 0.00 0.00 3.50 4.02 0.00 0.00 0.00 0.00 0.00 2.04 0.00 2.12 0.00 0.00 0.00 1.39 0.00 0.00 2.26 3.21 4.89 5.11 3.58 3.07 0.44 2.19 2.19 1.31 0.00 0.80 0.80 0.00 0.00 0.00 1.75 2.12 5.84 6.35 6.42 8.32 3.36 5.99 3.80 1.97 6.20 7.15 5.48 4.16 3.65 2.77 2.04 2.04 5.48 4.89 6.94 5.91 4.09 0.88 0.58 2.85 3.72 5.84 6.64 7.74 4.09 0.00 0.00
0.00 0.00 0.58 0.37 2.63 0.00 2.34 0.00 0.00 0.00 0.00 3.21 3.14 0.00 2.56 3.50 3.43 2.56 2.56 2.92 3.14 0.00 0.00 0.00 0.00 0.00 0.00 0.00 0.00 0.00 0.00 0.00 0.00 0.00 0.00 0.00 0.00 4.89 7.01 6.57 3.29 3.43 3.43 3.43 1.68 0.37 1.61 1.17 1.02 0.00 0.95 1.68 2.12 2.77 5.40 8.03 7.88 8.25 9.42 7.01 4.45 4.45 4.89 4.82 4.30 4.31 3.36 3.72 3.72 2.63 5.99 7.59 7.15 5.26 2.48 0.80 1.02 2.70 4.02 6.06 6.72 4.89 0.00 0.00
0.00 0.00 0.00 0.00 0.00 0.00 0.00 3.14 0.00 0.00 0.00 3.80 4.09 3.72 2.85 3.07 3.14 2.99 2.99 2.48 2.70 3.14 0.00 0.00 0.00 0.00 0.00 0.00 0.00 0.00 0.00 0.00 0.00 0.00 0.00 0.00 0.00 7.52 7.01 3.72 2.85 2.77 4.89 4.89 5.84 1.97 6.86 3.58 2.26 1.68 1.31 1.46 2.26 2.99 6.06 7.37 5.40 9.34 10.66 7.59 4.02 4.60 4.60 4.31 6.42 6.57 4.16 4.45 4.45 5.33 5.77 8.32 5.33 2.70 2.77 1.68 0.51 3.21 3.80 4.96 4.74 4.31 0.00 0.00
0.88 0.00 0.00 0.00 0.00 0.00 0.00 0.00 0.00 0.00 0.00 0.00 3.87 3.21 2.77 3.58 2.85 0.00 0.00 3.14 2.48 0.00 0.00 0.00 0.00 0.00 0.00 0.00 1.61 0.00 0.00 0.00 0.00 0.00 0.00 0.00 2.92 3.36 5.84 0.00 0.00 2.99 5.62 5.62 7.45 8.98 6.35 5.40 4.23 2.04 5.04 1.02 2.63 8.18 9.13 5.77 5.18 4.38 6.82 1.77 2.34 4.89 4.47 10.07 9.86 9.71 10.22 6.57 6.57 4.53 5.11 5.55 4.31 3.14 3.36 2.04 6.06 5.69 4.31 4.59 3.74 4.21 2.35 0.00
0.00 0.00 0.00 0.00 0.00 0.00 0.00 0.00 2.19 0.00 0.00 0.00 0.00 0.00 0.00 0.00 2.99 2.48 2.48 0.00 2.56 0.00 0.00 0.00 0.00 0.00 0.00 1.90 0.00 0.88 0.00 0.00 0.00 2.19 0.00 0.00 0.00 0.00 0.00 0.00 0.00 3.50 4.67 4.67 7.52 9.64 10.44 9.71 8.47 5.69 7.96 8.25 6.06 8.69 7.01 8.32 2.99 4.02 2.77 1.10 1.13 1.83 5.24 7.45 9.93 10.59 10.13 7.54 7.30 5.87 4.67 5.84 2.77 3.43 4.23 4.89 6.28 5.91 4.28 2.68 2.61 3.84 4.44 4.08
0.00 0.00 0.00 0.00 0.00 0.00 1.97 0.00 1.17 1.24 0.00 0.00 0.00 0.00 0.00 0.00 0.00 0.00 0.00 0.00 0.00 0.00 0.00 0.00 0.00 0.00 0.00 0.00 0.00 0.00 0.00 0.00 0.00 0.00 0.00 0.00 0.00 0.00 0.00 0.00 0.00 0.00 4.89 4.89 5.26 5.99 5.62 8.10 8.54 9.49 10.66 10.51 14.24 12.70 8.61 10.88 7.08 2.41 1.77 3.32 2.19 2.41 1.56 6.16 8.52 9.31 8.69 9.20 9.24 6.68 5.06 5.26 4.74 3.07 4.40 4.16 3.72 5.33 4.33 4.71 3.32 4.67 5.35 5.18
1.24 0.15 0.00 1.24 1.17 0.73 2.04 2.12 1.46 1.46 0.00 0.00 0.00 0.00 0.00 0.00 0.00 0.00 0.00 0.00 0.00 0.00 0.00 0.00 0.00 0.00 0.00 0.00 0.00 0.00 0.00 0.00 0.00 0.00 0.00 0.00 0.00 0.00 0.00 0.22 0.00 0.00 0.00 0.00 2.92 2.19 2.92 4.23 7.08 10.00 9.56 13.43 13.94 13.80 13.21 13.36 7.08 7.88 3.43 4.04 0.22 1.53 2.16 3.04 7.89 9.68 8.09 7.37 7.37 3.97 4.89 5.27 6.82 6.00 4.70 2.88 3.21 3.34 4.14 5.44 4.74 5.72 6.91 7.12
0.00 0.00 1.10 1.24 1.39 0.88 1.68 2.92 2.70 1.68 1.10 0.73 0.00 0.00 0.00 0.00 1.83 1.46 1.46 0.00 0.00 0.00 0.00 0.00 0.00 0.00 0.00 0.00 0.00 0.00 0.00 0.00 0.00 0.00 0.00 0.00 0.00 0.00 0.00 0.00 0.22 0.00 1.46 1.46 3.72 2.26 2.85 4.67 9.64 10.88 9.71 10.95 10.44 15.62 13.58 13.29 10.93 9.56 10.80 6.13 4.23 1.11 3.11 2.54 5.61 5.84 5.06 2.63 2.63 3.69 5.42 8.25 7.63 6.46 7.26 3.74 4.38 4.00 4.00 4.21 5.81 8.55 9.26 6.20
0.51 0.00 0.29 1.24 1.39 1.68 0.00 2.12 0.00 0.00 1.31 0.00 0.00 0.00 1.31 1.24 0.66 0.00 0.00 0.00 0.00 2.04 0.00 0.00 0.00 0.00 0.00 0.00 0.00 0.00 0.00 0.00 0.00 0.00 0.00 0.00 0.00 0.00 0.51 0.00 0.00 0.00 0.00 0.00 0.66 1.53 2.77 4.09 10.00 9.71 7.45 10.29 8.64 9.63 14.52 15.04 14.37 13.80 12.48 11.46 5.91 3.89 1.92 1.61 3.38 3.47 3.17 1.39 1.39 3.26 4.18 7.54 6.21 9.10 7.42 5.91 5.66 3.56 3.67 3.97 7.61 7.77 8.84 8.22
1.75 1.75 0.95 1.02 1.53 0.80 1.46 2.26 1.46 0.37 0.73 0.00 0.00 0.00 0.00 0.00 0.37 0.00 0.00 0.00 0.00 0.00 1.02 0.00 0.00 0.00 0.00 0.00 0.00 0.00 0.00 0.00 0.00 0.00 0.00 0.07 0.00 0.15 0.00 0.66 0.00 0.00 0.00 0.00 0.00 0.00 5.33 12.12 12.99 10.73 8.54 7.59 8.25 9.48 12.66 15.05 16.86 9.28 9.19 7.52 8.44 2.20 1.50 1.79 1.51 3.79 1.87 1.83 1.83 1.92 1.85 3.81 4.65 8.24 5.28 5.94 6.03 4.31 2.92 3.73 7.72 11.27 8.70 5.98
0.37 2.85 0.00 0.73 1.10 1.10 1.83 1.53 2.04 1.53 1.46 0.00 0.00 0.00 0.00 0.80 0.00 0.00 0.00 0.00 0.00 0.00 0.00 0.00 0.00 0.00 0.00 0.00 0.80 0.00 0.00 0.00 0.00 0.44 0.51 0.37 0.22 0.44 0.80 1.39 0.80 0.00 0.29 0.29 1.02 7.15 9.49 15.04 16.06 15.40 12.56 9.13 7.30 10.27 10.50 11.68 12.95 7.11 6.82 7.78 6.79 4.56 3.31 1.24 2.46 2.06 1.90 1.56 1.53 1.56 0.00 2.07 5.08 5.97 5.11 5.06 5.63 3.73 3.25 3.28 7.45 10.91 8.21 6.50
0.00 0.00 0.00 0.00 0.66 1.46 1.10 1.46 3.07 2.92 1.75 0.00 0.66 0.00 0.00 0.00 0.00 0.00 0.00 0.00 0.00 0.00 0.00 0.00 0.00 0.00 0.44 1.90 1.39 0.00 0.00 0.00 0.66 1.46 0.44 0.44 0.29 0.00 0.00 5.26 4.02 3.21 6.06 6.06 9.64 10.88 13.43 14.53 13.07 13.33 12.79 10.67 10.63 13.40 9.88 7.48 6.06 6.28 5.44 4.28 5.65 6.07 4.43 3.65 2.82 1.35 1.11 0.23 0.22 0.00 2.48 2.38 6.34 6.12 6.53 3.65 4.89 3.55 3.20 3.13 6.26 8.71 6.26 5.84
7.37 0.00 5.18 2.70 5.91 4.16 2.12 3.21 3.50 3.43 4.53 2.77 3.94 3.14 2.41 2.34 1.24 1.68 1.68 0.80 0.29 0.00 0.00 0.00 0.15 0.00 0.07 0.37 0.37 1.24 0.95 1.02 1.10 1.02 0.51 1.75 3.07 4.38 4.31 3.65 3.94 6.28 9.34 9.34 11.83 11.97 14.89 14.38 13.80 12.85 13.77 15.10 15.03 16.46 14.75 12.68 8.85 14.67 12.97 10.86 7.12 8.62 7.14 4.67 2.12 1.98 2.54 0.00 0.00 0.00 0.00 1.36 4.50 5.74 6.06 2.85 2.42 0.00 0.00 1.75 3.42 1.59 4.62 4.53
7.88 10.37 8.54 12.34 10.95 8.25 2.92 0.00 0.00 0.00 3.21 3.07 4.60 3.14 3.29 2.99 1.90 1.46 1.46 1.46 0.07 0.00 0.00 0.00 0.00 0.00 0.00 0.15 0.00 0.07 0.29 1.31 1.46 1.10 0.88 4.23 5.48 4.74 4.60 1.17 3.14 6.20 9.93 9.93 10.00 11.17 11.39 12.92 12.94 13.76 13.85 13.53 14.60 16.43 15.94 19.31 16.64 15.63 16.04 14.36 11.87 8.85 7.95 3.99 1.31 3.21 1.69 0.00 0.00 0.00 0.00 0.00 4.49 4.96 5.51 3.50 1.47 0.00 0.00 0.00 0.00 0.00 3.80 4.79
11.53 12.12 15.40 8.32 11.75 12.85 9.86 5.84 0.00 0.00 0.00 0.00 2.70 4.02 3.21 2.99 2.63 1.53 1.53 1.97 1.61 0.58 0.00 0.00 0.00 0.00 0.00 0.00 0.15 0.00 0.00 0.15 1.46 2.85 3.94 4.16 3.65 3.14 0.95 0.80 0.00 3.80 6.50 6.50 8.69 13.07 7.74 9.59 10.79 11.55 13.67 15.16 18.57 18.27 17.87 21.61 14.80 14.51 16.71 18.98 14.68 12.37 6.64 5.84 2.56 1.56 2.23 0.37 0.41 0.24 0.00 0.00 0.00 2.75 6.96 4.65 1.61 0.00 0.00 0.00 0.00 0.00 3.29 5.69
0.00 9.34 9.13 0.00 0.00 13.14 8.54 8.73 5.55 2.92 1.31 0.00 0.00 0.00 1.31 1.90 2.04 1.90 1.90 2.12 1.46 0.73 0.07 0.00 0.00 0.00 0.00 0.00 0.58 0.00 0.44 0.07 1.02 1.39 3.65 1.53 2.12 0.66 0.29 0.00 0.00 0.66 2.41 2.41 8.40 7.59 6.79 8.95 10.80 12.22 10.71 15.33 22.99 23.17 18.86 12.50 11.86 15.83 14.27 16.81 18.55 13.07 9.76 11.68 3.87 1.39 2.01 1.26 1.21 1.33 0.00 0.00 0.00 4.84 3.36 4.12 1.70 0.00 0.00 0.00 0.00 0.00 3.62 5.87
0.00 0.00 0.00 0.00 0.00 12.92 10.37 10.44 6.72 2.56 4.16 1.68 0.00 0.00 0.00 0.00 0.58 1.83 1.83 1.31 1.10 0.00 0.00 0.00 0.00 0.00 0.00 0.00 0.00 0.00 0.44 0.00 0.00 0.58 0.73 0.73 0.44 0.00 0.00 0.00 0.00 0.00 5.69 5.69 6.28 7.15 11.46 13.14 11.32 12.19 12.75 13.45 17.64 21.30 19.69 16.63 12.47 0.00 23.77 25.28 20.58 17.23 12.97 16.86 12.11 4.52 1.23 1.73 1.74 0.85 1.52 0.00 0.80 4.78 2.63 0.62 0.00 0.00 0.00 0.00 2.30 0.00 3.06 6.49
0.00 0.00 0.00 0.00 0.00 0.00 9.93 13.87 12.26 7.88 2.63 3.80 1.10 0.44 0.00 0.88 0.00 0.29 0.29 0.00 0.00 0.00 0.00 0.00 0.00 0.00 0.00 0.00 0.00 0.00 0.00 0.00 0.00 0.00 0.00 0.00 0.22 0.00 0.00 0.00 0.00 2.56 2.41 2.41 3.37 6.20 9.90 10.80 13.49 10.24 14.51 17.66 19.01 17.89 10.97 12.76 0.00 0.00 22.48 22.94 26.62 25.37 20.41 14.68 17.67 12.90 7.10 7.69 9.00 2.54 5.84 0.00 0.00 0.00 0.00 0.00 0.49 0.00 0.00 0.00 3.39 6.99 9.65 5.66
0.00 0.00 0.00 0.00 0.00 0.00 10.73 12.41 13.21 11.83 4.45 2.34 5.99 2.56 1.24 4.53 2.12 0.00 0.00 0.00 0.00 0.00 0.00 0.00 0.00 0.00 0.00 0.00 0.00 0.00 0.00 0.00 0.00 0.00 0.00 0.00 0.07 0.00 0.00 0.00 0.00 0.00 0.00 0.00 0.44 2.34 2.93 6.92 10.40 7.90 9.33 12.56 11.29 0.00 17.87 0.00 0.00 0.00 27.79 0.00 27.21 25.00 26.72 25.34 24.05 19.08 12.68 13.70 15.33 8.85 9.89 1.79 1.41 0.00 0.00 0.00 0.00 0.07 0.00 0.00 0.00 7.16 11.89 7.71
0.00 0.00 0.00 0.00 0.00 0.00 0.00 10.37 11.39 10.37 7.74 6.57 4.82 6.42 4.16 3.04 5.31 0.00 0.00 0.00 0.00 0.00 0.00 0.00 0.00 0.00 0.00 0.00 0.00 0.00 0.00 0.00 0.00 0.00 0.00 0.00 0.29 0.00 0.00 0.00 0.00 0.00 0.00 0.00 0.00 1.02 1.39 2.25 7.64 10.30 10.19 0.00 0.00 0.00 20.54 0.00 0.00 0.00 0.00 0.00 32.46 30.15 25.27 29.50 28.07 25.62 22.52 20.94 21.39 13.03 13.38 4.07 4.05 0.00 0.00 0.00 0.00 1.31 0.00 0.00 0.00 0.00 9.17 8.58
0.00 0.00 0.00 0.00 0.00 0.00 0.00 0.00 5.18 0.00 6.64 11.53 9.49 8.47 7.37 9.90 4.31 2.90 2.71 0.66 0.00 0.00 0.00 0.00 0.00 0.00 0.00 0.00 0.00 0.00 0.00 0.00 0.00 0.00 0.00 0.00 0.88 0.00 0.00 2.34 1.10 0.00 0.00 0.00 1.46 0.44 1.54 2.94 6.49 8.45 10.60 0.00 0.00 0.00 0.00 0.00 0.00 0.00 0.00 0.00 0.00 0.00 24.09 25.38 25.76 29.73 25.88 28.34 34.64 14.70 7.98 6.62 0.00 0.00 0.00 2.30 1.52 4.02 0.00 0.00 0.00 0.00 0.00 0.00
0.00 0.00 0.00 0.00 0.00 0.00 0.00 0.00 0.00 0.00 0.00 0.00 0.00 0.00 0.00 0.00 5.55 5.50 5.59 7.59 7.15 7.88 5.77 2.77 2.99 1.24 6.28 2.92 0.00 0.00 2.34 2.04 1.90 1.75 2.56 2.04 4.02 4.02 2.34 6.75 5.72 5.75 4.74 4.74 3.29 2.04 1.02 2.71 0.00 0.00 0.00 0.00 0.00 0.00 0.00 0.00 0.00 0.00 0.00 0.00 0.00 0.00 0.00 0.00 38.70 32.46 16.38 19.74 22.06 0.00 14.23 0.00 6.46 0.00 0.00 0.00 0.00 0.00 0.00 0.00 0.00 0.00 0.00 0.00
0.00 0.00 0.00 0.00 0.00 0.00 0.00 0.00 0.00 0.00 0.00 0.00 0.00 0.00 0.00 0.00 0.00 0.00 0.00 5.33 0.00 5.82 6.72 5.33 5.69 5.59 7.34 7.37 2.04 7.08 7.88 6.94 8.03 3.21 2.99 4.82 2.77 5.33 6.28 5.11 4.78 7.60 8.18 9.14 8.32 6.13 3.94 1.65 0.00 0.00 0.00 0.00 0.00 0.00 0.00 0.00 0.00 0.00 0.00 0.00 0.00 0.00 0.00 0.00 29.83 23.05 0.00 0.00 0.00 0.00 0.00 0.00 0.00 0.00 0.00 0.00 0.00 0.00 0.00 0.00 0.00 0.00 0.00 0.00
0.00 0.00 0.00 0.00 0.00 0.00 0.00 0.00 0.00 0.00 0.00 0.00 0.00 0.00 0.00 0.00 0.00 0.00 0.00 0.00 0.00 6.42 5.11 2.41 4.96 7.12 0.00 8.32 5.04 4.53 7.66 9.71 6.74 0.00 0.00 0.00 0.00 3.87 0.00 0.00 0.00 5.91 0.00 0.00 0.00 6.99 4.95 4.05 0.00 0.00 0.00 0.00 0.00 0.00 0.00 0.00 0.00 0.00 0.00 0.00 0.00 0.00 0.00 0.00 0.00 0.00 0.00 0.00 0.00 0.00 0.00 0.00 0.00 0.00 0.00 0.00 0.00 0.00 0.00 0.00 0.00 0.00 0.00 0.00
0.00 0.00 0.00 0.00 0.00 0.00 0.00 0.00 0.00 0.00 0.00 0.00 0.00 0.00 0.00 0.00 0.00 0.00 0.00 0.00 0.00 0.00 0.00 0.00 0.00 0.00 0.00 5.91 4.38 0.00 0.00 0.00 0.00 0.00 0.00 0.00 0.00 0.00 0.00 0.00 0.00 0.00 0.00 0.00 0.00 0.00 0.00 0.00 0.00 0.00 0.00 0.00 0.00 0.00 0.00 0.00 0.00 0.00 0.00 0.00 0.00 0.00 0.00 0.00 0.00 0.00 0.00 0.00 0.00 0.00 0.00 0.00 0.00 0.00 0.00 0.00 0.00 0.00 0.00 0.00 0.00 0.00 0.00 0.00
