Wansh/Snow_depth/snowdepth-1997/spring/1997071.txt
ncols 321
nrows 161
xllcenter 60
yllcenter 15 
cellsize  0.25 
NODATA_value -1
[rows 0 to 36 of 161, columns 168 to 251 of 321]
9.20 5.18 6.64 4.82 4.82 5.40 4.96 4.02 4.31 4.31 4.38 4.23 4.09 3.94 5.55 6.64 8.76 8.76 8.76 7.66 9.49 8.10 8.18 6.86 7.30 8.18 4.89 1.53 2.63 0.00 2.34 9.20 8.10 13.94 13.21 13.21 14.09 12.48 15.84 15.11 17.30 21.53 21.02 23.51 30.22 30.08 30.73 27.23 27.96 22.34 18.76 18.76 19.27 18.61 18.10 22.70 22.05 22.34 22.85 23.51 23.51 22.92 22.85 28.47 30.59 30.66 29.49 27.52 28.11 24.82 25.33 23.21 22.05 22.27 21.46 21.17 22.92 23.43 23.43 22.78 20.29 20.73 19.27 18.76
9.93 7.96 8.54 7.59 5.40 5.91 5.40 3.58 4.45 4.45 5.40 5.84 6.50 6.35 5.77 5.69 7.66 6.64 9.49 9.05 9.13 8.40 7.59 7.59 6.86 4.02 4.82 2.85 0.00 2.77 1.97 9.34 10.73 11.53 11.75 11.75 13.14 16.72 15.70 20.37 19.71 23.94 30.95 30.22 31.39 28.11 28.25 26.43 22.56 22.34 21.46 21.02 20.51 22.34 22.63 22.19 23.94 23.73 23.65 23.58 23.58 23.43 26.13 26.13 26.28 25.26 28.11 27.38 23.94 24.60 22.78 21.83 21.83 19.86 21.24 21.97 23.00 22.92 21.97 22.05 20.59 17.74 17.96 16.43
14.60 15.04 11.10 10.15 7.45 5.11 6.94 5.40 5.55 5.55 4.89 5.77 5.33 5.11 4.60 5.84 9.05 7.59 10.80 10.80 9.13 8.40 8.54 7.88 5.69 0.00 0.00 0.00 0.00 2.99 8.47 7.96 11.02 12.85 13.29 13.29 13.14 18.18 16.57 23.07 28.76 27.89 29.57 26.28 26.57 25.77 21.24 21.10 21.39 22.19 21.97 22.19 22.27 22.19 22.85 22.56 22.56 23.73 23.51 23.94 23.94 24.31 25.19 24.16 23.80 23.58 24.97 24.24 23.94 20.44 23.00 21.46 19.64 20.00 16.43 16.06 15.62 16.57 15.18 15.33 14.60 14.31 14.09 14.02
14.60 15.04 11.10 10.15 7.45 5.11 6.94 5.40 5.55 5.55 4.89 5.77 5.33 5.11 4.60 5.84 9.05 7.59 10.80 10.80 9.13 8.40 8.54 7.88 5.69 0.00 0.00 0.00 0.00 2.99 8.47 7.96 11.02 12.85 13.29 13.29 13.14 18.18 16.57 23.07 28.76 27.89 29.57 26.28 26.57 25.77 21.24 21.10 21.39 22.19 21.97 22.19 22.27 22.19 22.85 22.56 22.56 23.73 23.51 23.94 23.94 24.31 25.19 24.16 23.80 23.58 24.97 24.24 23.94 20.44 23.00 21.46 19.64 20.00 16.43 16.06 15.62 16.57 15.18 15.33 14.60 14.31 14.09 14.02
15.55 16.50 17.30 16.79 14.45 10.59 8.18 3.87 6.86 6.86 5.18 5.11 6.20 8.32 13.94 14.45 11.83 13.14 12.78 11.32 9.27 8.32 5.77 1.83 2.92 0.00 0.00 0.00 3.65 2.70 9.13 11.90 11.53 12.48 13.65 13.65 13.21 16.79 21.90 21.17 22.12 23.80 22.56 24.24 20.88 20.81 21.10 22.63 22.78 23.00 22.05 22.41 22.56 23.00 23.14 22.70 23.29 23.21 23.07 23.00 23.00 22.92 22.92 22.70 21.75 23.36 23.00 22.19 19.13 19.86 16.64 15.55 15.55 13.21 16.06 11.97 12.56 13.21 13.80 13.87 13.72 14.45 15.77 13.72
19.56 20.29 20.00 18.61 16.94 14.31 15.77 12.92 9.56 9.56 7.88 9.78 13.07 12.63 14.89 15.84 16.28 11.97 16.43 6.79 7.08 6.06 2.12 0.00 0.00 0.00 0.00 0.00 6.13 10.00 8.98 11.83 13.36 15.70 14.89 14.89 18.47 17.45 21.53 22.34 23.73 23.80 23.51 22.41 21.39 22.63 21.17 23.21 22.56 22.85 22.92 23.58 23.21 23.73 22.48 22.63 22.56 20.08 20.15 18.91 18.91 21.39 22.48 21.61 21.90 18.54 13.43 13.51 14.24 13.58 15.55 14.16 12.63 12.70 12.26 11.97 11.61 12.99 13.65 13.43 14.38 15.70 15.33 16.86
19.20 19.71 21.24 19.27 17.89 17.23 17.52 15.91 16.35 16.35 14.02 13.80 14.53 14.97 14.38 17.16 16.72 11.75 8.40 7.01 7.59 0.00 0.00 0.00 0.00 0.00 0.07 0.00 6.50 10.15 11.83 11.10 14.60 18.03 16.64 16.64 23.14 21.90 22.92 21.46 22.05 22.63 23.14 22.56 23.58 22.27 21.46 23.07 22.78 23.94 24.60 24.53 24.60 24.82 22.19 17.89 18.32 18.25 18.03 17.89 17.89 19.49 20.51 20.22 16.50 12.78 13.14 12.63 12.05 13.07 11.68 11.75 10.22 9.42 8.76 8.76 9.64 11.61 12.56 14.98 15.57 19.71 21.19 23.48
19.20 19.71 21.24 19.27 17.89 17.23 17.52 15.91 16.35 16.35 14.02 13.80 14.53 14.97 14.38 17.16 16.72 11.75 8.40 7.01 7.59 0.00 0.00 0.00 0.00 0.00 0.07 0.00 6.50 10.15 11.83 11.10 14.60 18.03 16.64 16.64 23.14 21.90 22.92 21.46 22.05 22.63 23.14 22.56 23.58 22.27 21.46 23.07 22.78 23.94 24.60 24.53 24.60 24.82 22.19 17.89 18.32 18.25 18.03 17.89 17.89 19.49 20.51 20.22 16.50 12.78 13.14 12.63 12.05 13.07 11.68 11.75 10.22 9.42 8.76 10.13 13.29 16.70 17.20 25.45 25.72 26.24 27.26 24.36
18.03 17.30 22.92 20.37 18.76 15.70 15.62 14.53 13.65 13.65 13.36 14.31 18.98 18.18 16.43 17.45 19.27 15.33 9.20 0.00 0.00 0.00 0.00 0.00 0.00 0.00 3.29 2.19 6.20 8.61 11.24 10.51 13.94 20.51 24.60 24.60 24.02 22.78 21.02 20.95 20.66 23.80 24.75 23.65 24.31 25.19 22.85 24.53 24.45 24.89 23.94 21.32 21.68 18.47 17.16 17.52 17.23 16.64 18.54 19.20 19.20 18.76 20.22 19.27 19.93 16.13 13.87 14.09 12.05 11.39 11.46 10.44 8.32 8.73 10.83 13.04 13.52 15.48 16.11 18.72 24.76 23.92 21.77 24.86
8.91 14.53 18.10 15.18 17.23 14.60 14.53 15.04 15.70 15.70 17.30 16.35 17.59 17.16 9.05 13.58 5.11 0.00 0.00 0.00 0.00 0.00 0.00 1.24 0.00 1.46 7.81 9.20 10.66 9.71 12.78 14.60 19.20 18.47 17.96 17.96 20.00 19.86 18.03 20.29 23.07 23.94 24.09 22.19 24.60 25.70 24.09 24.89 23.73 20.51 20.51 20.15 18.03 18.32 16.28 18.03 16.43 20.29 21.10 20.95 20.95 22.41 20.15 19.93 15.99 16.43 14.53 11.97 12.34 11.97 12.41 10.29 11.31 12.36 13.57 12.76 15.66 15.28 19.81 20.37 20.42 18.32 24.48 24.48
8.91 8.10 11.68 11.68 10.88 14.16 15.70 14.75 16.21 16.21 14.82 8.47 7.96 8.18 7.81 9.78 0.00 0.00 3.14 3.07 3.80 4.16 3.29 9.05 8.98 9.78 9.42 9.78 12.34 12.05 12.05 11.97 12.34 15.40 15.70 15.70 16.35 18.61 18.10 20.37 22.78 20.29 23.43 20.22 17.59 23.43 20.59 17.59 17.16 19.05 17.67 18.10 17.01 16.43 16.94 18.54 25.48 24.38 24.89 24.82 24.82 24.89 21.83 16.79 17.45 14.60 13.21 12.85 11.97 11.68 12.78 10.59 9.06 9.04 8.88 14.19 15.31 18.22 17.13 17.35 19.43 21.74 19.94 21.69
8.91 8.10 11.68 11.68 10.88 14.16 15.70 14.75 16.21 16.21 14.82 8.47 7.96 8.18 7.81 9.78 0.00 0.00 3.14 3.07 3.80 4.16 3.29 9.05 8.98 9.78 9.42 9.78 12.34 12.05 12.05 11.97 12.34 15.40 15.70 15.70 16.35 18.61 18.10 20.37 22.78 20.29 23.43 20.22 17.59 23.43 20.59 17.59 17.16 19.05 17.67 18.10 17.01 16.43 16.94 18.54 25.48 24.38 24.89 24.82 24.82 24.89 21.83 16.79 17.45 14.60 13.21 12.85 11.97 11.68 12.78 10.59 8.83 8.91 8.61 13.18 13.65 16.87 18.28 18.00 19.43 21.27 21.90 23.20
9.49 10.37 8.03 9.42 9.13 10.66 11.46 8.47 5.77 5.77 6.35 6.50 3.87 0.00 0.00 8.03 0.00 0.00 8.47 10.07 8.83 9.86 10.22 10.37 9.56 12.70 12.70 12.26 12.48 11.02 10.37 12.05 11.68 14.02 17.23 17.23 16.72 18.61 19.13 18.32 21.53 19.35 15.77 18.54 14.97 12.41 15.62 16.50 18.47 18.10 17.96 16.50 16.94 16.57 20.22 19.27 25.26 26.28 25.92 23.29 23.29 22.85 22.70 17.01 14.60 14.89 14.45 15.11 15.40 15.11 14.24 14.82 12.05 10.44 10.03 11.41 13.57 16.29 15.24 18.85 18.15 19.11 20.66 20.51
11.90 13.80 10.29 8.32 9.71 9.49 8.25 5.18 2.34 2.34 0.00 0.00 0.00 0.00 0.00 0.00 3.21 1.68 7.74 7.01 10.37 11.39 12.26 12.05 11.83 11.83 12.63 13.51 12.34 12.56 11.39 11.90 12.56 12.56 15.18 15.18 14.89 14.09 17.01 17.96 15.40 18.25 14.75 12.34 13.21 12.63 16.13 15.62 17.23 16.35 16.79 16.21 17.23 16.94 20.37 22.63 22.34 23.00 21.39 21.75 21.75 22.56 23.73 22.19 22.19 21.90 17.89 17.30 16.06 16.13 16.06 13.21 13.43 13.78 12.80 13.23 11.44 14.71 19.54 15.51 18.17 16.67 17.70 18.72
14.53 14.24 13.87 12.63 11.10 11.90 10.00 6.50 6.72 6.72 2.92 0.22 2.63 0.00 0.00 7.88 7.45 9.64 12.56 11.68 12.63 13.07 13.07 12.92 12.48 15.55 15.55 13.94 11.97 11.61 11.83 11.97 11.24 12.05 11.68 11.68 14.53 15.11 17.23 17.52 12.70 12.56 13.51 11.10 13.58 12.48 15.77 16.21 16.06 17.08 16.64 16.35 17.01 21.17 20.15 24.24 23.21 20.81 21.10 22.12 22.12 21.39 23.87 23.51 23.29 23.87 20.44 19.71 19.64 22.85 21.53 16.94 16.95 15.30 15.76 15.26 13.85 17.74 14.60 16.00 17.44 16.78 18.17 15.89
15.04 15.70 13.43 13.72 13.58 12.34 11.68 9.93 10.37 10.37 7.37 11.53 8.47 6.86 8.40 6.20 8.91 10.22 8.54 10.07 14.24 14.38 13.94 14.67 14.97 15.55 13.43 13.87 13.72 12.34 11.46 10.95 11.02 11.97 13.36 13.36 12.92 14.16 12.05 9.93 10.37 11.46 11.53 11.02 12.92 11.17 14.89 15.77 14.89 14.97 15.70 16.28 19.27 18.40 21.17 24.24 25.40 22.12 21.61 22.27 22.27 23.29 24.75 23.51 23.65 19.42 20.37 19.78 23.80 22.56 23.51 18.74 14.96 17.62 15.37 14.10 14.71 14.51 16.12 16.69 17.72 18.60 15.97 15.08
15.04 15.70 13.43 13.72 13.58 12.34 11.68 9.93 10.37 10.37 7.37 11.53 8.47 6.86 8.40 6.20 8.91 10.22 8.54 10.07 14.24 14.38 13.94 14.67 14.97 15.55 13.43 13.87 13.72 12.34 11.46 10.95 11.02 11.97 13.36 13.36 12.92 14.16 12.05 9.93 10.37 11.46 11.53 11.02 12.92 11.17 14.89 15.77 14.89 14.97 15.70 16.28 19.27 18.40 21.17 24.24 25.40 22.12 21.61 22.27 22.27 23.29 24.75 23.51 23.65 19.42 20.37 19.78 23.80 22.56 23.51 23.01 14.02 19.15 13.81 17.45 14.92 16.04 16.44 15.05 17.13 15.99 17.37 17.12
13.21 15.33 15.48 14.38 12.99 11.61 11.97 10.59 11.46 11.46 10.66 10.51 10.00 11.53 9.78 8.54 7.37 8.25 8.32 8.83 12.19 12.26 13.51 13.07 13.65 13.94 12.56 12.48 12.70 11.68 11.83 11.68 12.41 12.41 12.19 12.19 12.92 11.68 12.12 11.83 13.07 12.19 13.36 11.53 12.48 8.10 7.45 12.12 13.14 12.19 12.63 14.75 17.08 18.83 17.52 21.75 23.29 24.09 23.43 23.65 23.65 23.51 23.94 23.73 24.02 22.34 21.97 19.71 23.73 25.62 25.80 23.56 19.59 22.31 19.02 23.65 19.62 16.27 15.90 16.32 17.26 16.20 17.67 14.41
10.73 14.16 15.55 14.97 13.94 11.97 11.90 10.29 9.86 9.86 11.97 12.63 13.94 13.36 16.79 13.51 11.68 8.83 8.40 14.02 13.94 13.14 12.34 10.07 10.51 10.07 11.75 12.26 12.05 11.83 11.90 11.17 11.83 12.63 12.48 12.48 12.70 11.39 11.97 11.90 11.75 11.97 12.26 7.45 5.99 6.79 5.84 8.25 9.64 10.95 11.46 12.34 12.78 15.62 20.08 19.13 22.34 22.92 22.78 22.70 22.70 22.78 22.56 23.73 23.14 23.36 23.29 25.11 25.84 26.05 25.81 25.73 26.21 24.85 21.24 18.23 18.77 17.19 15.69 16.61 14.79 16.15 14.79 16.66
9.05 11.83 13.80 12.19 14.16 13.07 13.36 11.90 12.05 12.05 12.70 15.18 16.57 14.45 14.89 18.25 20.29 18.10 17.16 15.70 16.57 14.82 16.79 13.29 11.61 10.95 11.02 11.24 10.66 9.56 11.17 10.88 12.26 12.41 10.88 10.88 11.90 10.88 9.34 10.88 10.88 7.15 5.18 6.35 3.80 5.91 5.33 8.32 8.10 11.24 11.02 12.41 10.66 11.53 11.17 20.37 19.64 21.83 21.75 21.83 21.83 22.12 22.92 20.81 22.85 22.85 22.56 23.51 24.82 25.77 25.70 26.06 25.11 26.43 24.53 27.52 23.63 21.31 19.23 17.44 16.61 15.38 12.89 16.39
6.42 6.35 8.32 11.02 12.26 12.63 12.85 13.51 13.36 13.36 13.36 15.55 21.90 17.67 22.70 22.63 20.81 18.61 19.56 23.14 22.34 20.73 21.97 16.64 11.46 8.91 8.61 8.10 8.10 9.13 13.43 12.41 12.78 11.75 12.41 12.41 10.29 10.37 7.01 8.03 5.62 5.33 2.26 3.58 3.36 3.21 6.35 5.99 6.35 4.89 5.18 10.51 10.29 9.56 8.69 14.16 17.81 19.64 20.81 22.27 22.27 22.12 22.41 19.56 18.25 17.96 19.20 21.75 23.43 22.92 24.45 26.43 27.16 27.38 27.09 25.26 31.72 23.99 19.65 18.14 16.93 14.60 15.63 14.21
2.85 4.53 6.28 9.05 7.88 10.00 13.43 14.75 15.40 15.40 17.89 17.16 24.31 20.59 20.22 18.98 18.47 21.83 23.29 23.14 22.78 20.08 10.73 8.61 8.91 8.03 11.24 9.64 11.10 13.51 13.43 12.26 12.99 12.63 12.78 12.78 6.42 5.18 6.28 1.75 2.70 1.31 1.53 2.04 1.90 2.34 0.58 1.97 2.48 2.56 1.39 2.99 7.45 8.10 12.41 11.32 16.13 16.86 13.72 14.02 14.02 10.22 14.75 15.04 15.18 16.43 16.06 18.54 21.39 22.34 22.27 23.07 25.11 23.00 26.46 26.30 31.40 21.85 19.72 20.15 13.68 14.60 15.55 15.16
2.85 4.53 6.28 9.05 7.88 10.00 13.43 14.75 15.40 15.40 17.89 17.16 24.31 20.59 20.22 18.98 18.47 21.83 23.29 23.14 22.78 20.08 10.73 8.61 8.91 8.03 11.24 9.64 11.10 13.51 13.43 12.26 12.99 12.63 12.78 12.78 6.42 5.18 6.28 1.75 2.70 1.31 1.53 2.04 1.90 2.34 0.58 1.97 2.48 2.56 1.39 2.99 7.45 8.10 12.41 11.32 16.13 16.86 13.72 14.02 14.02 10.22 14.75 15.04 15.18 16.43 16.06 18.54 21.39 22.34 22.27 23.07 25.11 23.00 25.40 26.44 24.39 19.23 16.52 23.46 16.73 14.91 12.18 13.98
2.77 2.26 4.82 8.25 6.86 9.93 12.85 12.19 14.53 14.53 14.53 17.96 18.32 20.08 18.40 16.06 16.13 17.16 18.76 14.16 12.63 13.21 10.95 10.07 12.12 12.85 12.78 12.19 14.82 12.70 12.92 11.17 9.56 4.02 4.31 4.31 5.18 2.26 1.46 1.46 2.12 2.63 1.90 2.04 0.44 0.00 0.00 0.00 0.00 0.00 0.15 1.02 4.74 4.45 11.32 16.79 15.84 16.86 11.68 6.79 6.79 6.42 0.00 4.82 9.49 8.54 11.39 13.87 15.62 15.18 15.99 16.13 21.02 20.29 21.97 22.60 23.51 31.02 27.39 19.47 15.82 12.62 13.92 15.24
0.00 0.00 3.50 7.08 5.99 10.51 13.87 12.85 15.33 15.33 17.89 19.20 17.74 19.93 18.47 15.91 14.02 14.53 14.16 14.60 13.07 13.58 13.87 13.29 13.80 14.45 15.70 15.48 15.99 12.56 8.25 9.27 7.81 2.70 2.70 2.70 1.97 1.75 2.56 3.21 2.92 3.58 0.80 0.00 0.00 0.00 0.00 0.00 0.00 0.00 0.80 0.44 4.31 9.56 13.58 13.14 14.02 7.96 8.98 3.14 3.14 0.00 0.00 0.00 7.96 10.51 10.15 11.68 13.87 14.75 14.97 14.53 19.35 21.32 21.64 22.49 20.47 20.88 19.54 21.01 18.98 11.64 14.05 17.59
0.00 0.00 0.00 0.00 2.92 7.74 13.36 16.50 19.42 19.42 19.05 20.59 17.16 15.70 16.35 14.60 14.02 13.72 14.16 15.11 13.51 12.19 13.80 13.51 14.02 13.94 15.11 13.14 12.05 13.07 7.45 3.94 2.85 2.92 2.48 2.48 1.46 3.50 3.65 3.50 3.50 0.95 1.68 0.00 0.00 0.00 0.00 0.00 0.00 0.00 0.00 0.00 2.48 5.18 10.22 7.01 7.23 3.87 1.83 1.24 1.24 0.00 0.00 6.79 6.64 10.00 11.90 11.68 12.19 13.51 15.26 18.25 22.83 21.83 22.38 21.00 23.56 19.27 20.21 15.95 13.13 9.34 9.49 12.32
0.00 0.00 0.00 0.00 0.00 5.69 8.83 14.24 19.13 19.13 14.02 21.61 14.97 12.92 9.64 12.41 12.70 14.45 14.38 13.36 12.92 13.21 13.87 12.05 12.19 13.14 12.63 9.42 10.88 5.40 6.06 3.65 3.80 2.48 2.63 2.63 4.74 5.40 7.01 6.86 5.91 1.83 2.56 0.00 0.00 2.34 3.58 2.56 0.00 0.00 0.00 0.00 0.00 0.22 4.16 3.94 3.07 3.07 2.99 2.63 2.63 5.77 5.40 6.06 8.91 11.17 10.66 11.97 14.67 17.01 16.86 18.03 22.95 23.39 20.06 24.74 20.78 17.57 13.55 7.24 6.15 6.92 7.52 8.47
0.00 0.00 0.00 0.00 0.00 4.45 0.00 9.86 4.96 4.96 8.83 17.52 4.96 4.09 6.13 6.86 8.83 4.31 7.15 9.56 8.69 6.28 5.99 7.23 2.56 4.23 7.74 7.37 6.20 4.38 5.18 6.50 6.06 5.55 8.25 8.25 8.10 7.37 5.84 4.60 4.38 3.07 5.62 9.56 3.21 6.35 4.02 3.36 3.43 0.00 0.00 0.00 0.00 0.00 0.00 1.46 1.39 1.68 1.39 3.29 3.29 6.20 6.13 6.64 7.15 11.39 11.83 12.05 12.63 17.89 22.69 23.39 25.34 22.09 21.02 18.67 15.05 9.13 6.11 6.18 4.87 1.53 2.79 2.40
0.00 0.00 0.00 0.00 0.00 4.45 0.00 9.86 4.96 4.96 8.83 17.52 4.96 4.09 6.13 6.86 8.83 4.31 7.15 9.56 8.69 6.28 5.99 7.23 2.56 4.23 7.74 7.37 6.20 4.38 5.18 6.50 6.06 5.55 8.25 8.25 8.10 7.37 5.84 4.60 4.38 3.07 5.62 9.56 3.21 6.35 4.02 3.36 3.43 0.00 0.00 0.00 0.00 0.00 0.00 1.46 1.39 1.68 1.39 3.29 3.29 6.20 6.13 6.64 7.15 11.39 11.83 12.05 12.63 17.89 22.80 23.14 22.91 24.61 22.43 21.78 17.47 8.83 6.39 6.01 5.15 1.81 2.55 2.04
0.00 0.00 0.00 0.00 0.00 0.00 0.00 2.19 0.00 0.00 7.45 7.37 6.64 2.48 3.65 3.50 1.83 2.26 3.58 1.90 1.53 2.41 1.90 4.16 1.31 1.83 4.16 5.26 5.33 4.45 4.96 7.59 7.01 6.64 8.03 8.03 6.06 6.28 5.69 6.79 10.80 7.88 7.66 14.09 16.57 10.07 7.96 5.55 2.48 3.29 0.00 0.00 0.00 0.00 0.00 0.00 0.00 0.15 3.87 2.48 2.49 3.96 5.80 7.88 15.62 13.14 16.43 19.49 20.03 23.60 22.56 23.60 25.53 24.07 29.20 23.66 12.70 8.86 5.96 2.32 0.82 0.11 0.00 0.00
0.00 0.00 0.00 0.00 0.00 0.00 0.00 0.00 0.00 0.00 4.60 0.00 1.90 1.02 0.73 0.88 0.58 2.12 2.92 2.99 2.48 0.88 0.22 1.17 0.66 1.46 5.04 4.96 2.56 4.09 2.77 1.39 3.80 4.45 3.58 3.58 6.35 12.12 11.97 10.07 13.58 11.46 16.64 14.45 19.20 14.16 11.90 9.27 2.85 0.00 0.37 0.00 0.00 0.00 0.00 0.00 0.73 5.55 5.11 1.53 1.53 0.00 6.06 3.87 14.24 18.69 21.61 21.39 21.83 24.02 26.21 26.87 30.02 28.53 18.48 9.34 5.33 2.77 1.56 2.05 1.50 0.00 0.00 0.00
0.00 0.00 0.00 0.00 0.00 0.00 0.00 0.00 0.00 0.00 0.00 0.00 0.00 0.00 0.00 0.73 1.53 3.29 3.36 3.43 2.70 0.73 2.12 1.97 4.45 6.72 5.33 12.41 6.13 5.62 1.02 1.68 1.61 6.86 12.05 12.05 8.69 13.65 16.57 16.06 17.96 12.12 15.70 19.86 20.88 13.43 10.29 4.53 5.40 1.90 2.99 2.12 5.91 1.02 0.00 0.00 0.00 3.36 0.58 1.75 1.75 0.00 1.39 9.86 8.10 15.33 21.46 23.43 24.89 24.24 25.48 24.92 22.41 16.19 18.22 10.01 3.93 2.01 1.54 0.00 0.00 0.00 0.00 0.00
0.00 2.19 0.00 0.00 0.00 0.00 0.00 0.00 0.00 0.00 0.00 0.00 0.00 0.00 0.00 0.00 0.95 1.68 2.12 0.66 1.53 1.31 2.19 3.87 8.47 12.19 18.25 18.61 11.24 9.56 4.82 9.56 9.27 11.02 12.26 12.26 12.12 11.97 12.92 9.78 10.15 10.59 11.68 15.99 12.85 13.80 11.39 15.18 17.89 7.74 10.22 9.64 2.41 4.82 0.00 0.00 0.00 0.00 0.00 0.95 0.95 2.34 0.00 4.82 14.82 18.47 21.46 20.73 25.33 25.48 25.04 25.59 25.80 16.93 7.08 1.29 0.00 0.00 0.00 0.00 0.00 0.00 0.00 0.00
3.80 1.97 0.73 0.00 0.00 0.00 0.00 0.00 0.00 0.00 0.37 0.00 0.00 0.00 0.07 0.00 0.00 0.66 0.00 0.00 1.31 1.68 4.53 3.94 9.42 14.31 17.08 9.78 10.51 10.73 10.37 14.02 13.80 12.85 13.29 13.29 14.53 11.61 11.61 10.59 13.36 12.48 11.46 18.03 21.39 15.91 15.99 18.03 24.09 20.44 15.55 12.56 3.50 0.00 0.00 0.00 0.00 2.41 5.69 5.77 5.77 5.40 7.45 11.24 11.39 15.18 18.83 24.31 23.14 25.55 25.99 17.52 11.11 4.71 5.40 0.00 0.00 0.00 0.00 0.00 0.00 0.00 0.00 0.00
0.44 0.00 0.00 0.00 0.00 0.00 0.00 0.00 0.00 0.00 0.00 0.00 0.00 0.00 0.00 0.00 0.00 0.00 0.00 0.00 0.00 0.00 3.58 3.29 9.05 8.25 13.65 6.57 7.96 6.79 5.55 10.73 12.12 15.11 16.94 16.94 17.01 18.25 13.72 17.59 18.47 15.91 21.10 23.73 24.09 26.35 23.87 26.86 26.06 21.97 13.58 12.05 5.11 1.31 1.90 0.95 3.29 3.36 9.93 8.32 8.32 9.13 7.66 7.96 10.73 10.59 11.97 15.33 16.57 16.79 15.77 17.17 10.13 4.10 0.00 0.00 0.00 0.00 0.00 0.00 0.00 0.00 0.00 0.00
0.44 0.00 0.00 0.00 0.00 0.00 0.00 0.00 0.00 0.00 0.00 0.00 0.00 0.00 0.00 0.00 0.00 0.00 0.00 0.00 0.00 0.00 3.58 3.29 9.05 8.25 13.65 6.57 7.96 6.79 5.55 10.73 12.12 15.11 16.94 16.94 17.01 18.25 13.72 17.59 18.47 15.91 21.10 23.73 24.09 26.35 23.87 26.86 26.06 21.97 13.58 12.05 5.11 1.31 1.90 0.95 3.29 3.36 9.93 8.32 8.32 9.13 7.66 7.96 10.73 10.59 11.97 15.33 16.57 16.79 15.77 17.08 9.98 4.04 0.00 0.00 0.00 0.00 0.00 0.00 0.00 0.00 0.00 0.00
0.00 0.00 0.00 0.00 0.00 0.00 0.00 0.00 0.00 0.00 0.00 0.00 0.00 0.00 0.00 0.00 0.00 0.00 0.00 0.00 0.00 0.00 0.00 0.00 3.94 0.00 0.00 2.92 1.61 3.50 11.83 10.07 12.78 18.54 17.45 17.45 18.98 18.54 19.49 22.63 24.89 25.04 24.09 26.35 27.59 27.45 29.42 29.35 25.26 27.08 16.43 17.30 16.94 17.23 11.75 6.28 3.87 4.53 8.98 12.34 12.34 11.97 8.76 6.06 7.30 7.37 8.69 11.83 11.10 12.92 11.75 4.09 0.22 0.00 0.00 0.00 0.00 0.00 0.00 0.00 0.00 0.00 0.00 0.00
