Wansh/Snow_depth/snowdepth-1997/spring/1997117.txt
ncols 321
nrows 161
xllcenter 60
yllcenter 15 
cellsize  0.25 
NODATA_value -1
[rows 74 to 110 of 161, columns 84 to 167 of 321]
0.00 0.00 0.00 0.00 0.00 0.66 0.00 0.00 1.46 0.88 0.00 0.00 3.65 4.16 4.16 4.67 4.23 3.94 3.94 0.00 0.00 0.00 0.00 0.00 0.00 2.92 1.46 0.00 0.00 0.00 0.00 0.00 0.00 0.00 0.00 0.00 0.00 0.00 0.00 0.00 0.00 0.00 0.15 0.15 0.22 0.00 0.00 1.24 0.00 1.24 0.00 0.00 0.00 0.00 0.00 0.00 0.22 0.00 0.00 0.00 0.00 0.00 0.00 0.00 0.00 0.00 0.00 0.00 0.00 0.00 0.00 0.00 0.00 0.00 0.00 0.00 0.00 0.00 0.00 0.00 0.00 0.00 0.00 0.00
0.00 0.00 0.00 0.00 1.10 2.26 1.61 0.51 4.38 2.56 2.26 4.53 0.00 4.31 4.16 4.38 3.94 3.50 3.50 0.00 0.00 0.00 4.31 3.72 0.00 2.34 2.12 0.00 0.00 0.00 0.00 0.00 0.00 0.00 0.00 0.00 0.00 0.00 2.70 1.46 0.88 0.00 1.83 1.83 0.29 0.07 0.29 0.07 1.39 0.95 0.80 0.95 0.00 0.58 1.24 0.37 0.58 0.00 0.00 0.00 0.00 0.00 0.00 0.00 0.00 0.00 0.00 0.00 0.00 0.00 0.00 0.44 0.00 0.00 0.00 0.00 0.00 0.00 0.00 0.00 0.00 0.00 0.00 0.00
0.00 0.44 0.22 1.10 3.14 3.43 2.26 5.18 5.84 5.99 4.53 5.18 5.04 3.80 4.89 4.89 4.53 4.38 4.38 0.00 3.50 0.00 0.00 0.00 0.00 0.00 0.00 0.00 0.00 0.00 0.00 0.00 0.00 0.00 0.00 0.00 0.00 0.00 3.94 3.58 0.00 2.12 2.12 2.12 1.53 0.00 1.75 1.17 0.95 1.39 0.00 0.58 0.80 0.22 0.00 0.00 0.00 0.00 0.00 0.00 0.00 0.51 0.00 0.00 0.00 0.00 0.00 0.00 0.00 0.00 0.44 1.31 0.95 0.00 0.00 0.00 0.00 0.00 0.00 0.00 0.00 0.00 0.00 0.00
3.21 1.75 2.99 2.12 3.43 4.09 3.80 4.09 5.04 5.48 5.11 5.99 5.26 4.67 4.96 4.31 4.60 3.87 3.87 0.00 0.00 2.77 0.00 0.00 0.00 0.00 0.00 0.00 0.00 0.00 0.00 0.00 0.00 0.00 0.00 0.00 0.00 0.00 2.77 2.77 2.41 4.60 3.43 3.43 0.00 1.53 1.46 2.26 0.00 0.00 1.83 0.00 0.00 0.95 0.00 0.73 0.58 0.37 0.07 0.00 0.80 0.44 0.00 0.22 0.29 0.88 1.02 0.00 0.00 0.22 1.97 1.83 1.68 0.07 0.00 0.00 0.00 0.00 0.00 0.00 0.00 0.00 0.00 0.00
4.02 3.07 0.37 4.74 3.29 2.85 3.29 4.82 4.74 5.26 6.13 5.77 5.69 4.96 4.96 4.23 4.31 3.50 3.50 0.00 3.72 3.50 2.34 1.97 0.00 0.00 0.00 0.00 0.00 0.00 0.00 0.00 0.00 0.00 0.00 0.00 0.00 0.00 0.00 3.50 4.53 3.65 3.50 3.50 0.00 0.00 2.56 2.48 0.00 0.00 0.00 0.00 2.41 2.26 2.26 3.07 3.07 2.63 0.00 0.15 0.44 0.88 0.00 1.31 1.39 1.46 2.04 2.12 2.12 1.97 1.97 0.00 0.00 1.02 0.58 0.51 0.00 0.00 0.00 0.00 0.00 0.00 0.29 0.00
3.14 3.65 3.87 4.02 3.80 3.07 3.72 4.38 4.67 4.74 5.48 5.55 5.04 5.04 4.82 4.89 4.16 3.80 3.80 4.23 3.72 3.87 4.09 0.00 0.00 0.00 0.00 0.00 0.00 0.00 0.00 0.00 0.00 0.00 0.00 0.00 0.00 0.00 0.00 0.00 0.00 0.00 0.00 0.00 0.00 0.00 2.41 1.31 0.00 0.00 0.00 0.00 0.00 0.00 1.68 0.00 3.29 4.67 3.14 2.04 2.48 1.53 0.88 1.90 2.56 2.26 2.19 2.12 2.12 2.19 2.26 0.58 0.51 1.02 0.15 0.00 0.00 0.00 0.00 0.00 0.00 0.00 0.00 0.00
0.00 0.00 0.00 4.02 3.58 3.21 3.14 4.31 4.60 4.09 4.31 3.07 0.00 3.29 4.38 4.38 4.45 4.31 4.31 0.00 0.00 3.72 0.00 1.75 0.00 0.00 0.00 0.00 0.00 0.00 1.97 2.70 0.00 0.00 0.00 0.00 0.00 0.00 0.00 0.00 0.00 0.00 0.00 0.00 0.00 0.00 0.00 0.00 0.80 0.00 0.00 0.00 0.00 0.37 2.12 3.21 4.16 2.48 2.56 1.02 1.68 1.24 0.44 1.53 2.26 1.53 0.80 0.22 0.22 2.26 2.19 2.04 1.53 2.56 1.10 0.37 0.00 0.00 0.00 0.00 0.00 0.00 0.00 0.00
0.00 0.00 2.26 2.85 3.29 2.04 0.00 2.41 3.29 3.50 3.87 3.07 2.77 0.00 3.43 3.07 3.94 0.00 0.00 0.00 2.04 0.00 0.00 0.00 0.00 0.00 0.00 0.00 0.00 0.00 0.00 1.02 0.00 0.00 0.00 0.00 0.00 0.00 0.00 0.00 0.00 0.00 0.00 0.00 0.00 0.00 0.00 0.00 0.00 0.00 0.00 0.00 0.00 0.73 1.31 1.97 3.07 2.26 1.24 1.61 0.66 1.02 0.73 0.80 0.66 0.95 0.00 0.00 0.00 0.00 1.46 1.39 3.80 6.72 4.89 3.30 1.40 0.00 0.00 0.00 0.00 0.00 0.00 0.00
0.00 2.12 0.00 0.00 0.00 0.00 2.04 2.48 3.29 3.80 3.65 0.00 3.43 3.21 3.94 3.72 0.00 0.00 0.00 1.83 0.00 0.66 0.00 0.00 0.00 0.00 0.00 0.00 0.00 0.00 0.00 0.00 0.00 0.00 0.00 0.00 0.00 0.00 0.00 0.00 0.00 0.00 0.00 0.00 0.00 0.00 0.00 0.00 0.00 0.00 0.00 0.00 0.00 0.29 1.02 1.68 2.34 1.97 1.53 1.53 1.97 2.34 2.19 0.51 0.73 2.12 1.61 0.00 0.00 0.00 0.00 0.22 9.13 8.61 9.27 6.35 2.48 1.97 0.00 0.00 0.00 0.00 0.00 0.00
2.99 1.97 0.00 0.00 0.00 0.00 1.83 0.00 3.07 0.00 0.00 0.00 0.00 2.92 3.80 0.00 0.00 0.00 0.00 0.00 1.46 0.95 0.22 0.00 0.00 0.29 0.00 0.00 0.00 0.00 0.00 0.00 0.00 0.00 0.00 0.00 0.00 0.00 0.15 0.00 0.00 0.00 0.00 0.00 0.00 0.00 0.00 0.00 0.00 0.00 0.00 0.15 0.44 0.29 0.15 1.75 1.53 2.34 1.97 2.19 2.85 3.07 3.94 2.19 3.36 3.14 3.72 3.50 3.50 0.37 0.00 0.00 7.08 10.37 9.05 5.40 5.04 3.65 2.92 0.00 0.00 0.00 0.00 0.00
0.00 2.04 0.00 0.00 0.00 0.00 0.00 0.00 2.48 0.00 0.00 0.00 2.34 0.00 2.99 3.80 0.00 0.00 0.00 0.00 0.00 0.00 0.00 0.00 0.00 0.00 0.00 0.00 0.00 0.00 0.00 0.00 0.00 0.00 0.00 0.00 0.00 0.00 0.00 0.00 0.00 0.22 0.00 0.00 0.00 0.00 0.00 0.00 0.00 0.00 0.00 0.07 2.04 3.36 1.24 1.46 1.39 1.10 0.80 1.02 2.19 3.50 5.77 3.87 4.89 6.79 4.60 1.68 1.68 2.19 0.00 0.15 0.00 5.40 8.25 6.50 4.60 4.89 4.60 3.94 0.00 0.00 0.00 0.00
0.00 1.39 2.04 1.97 0.00 0.00 3.36 0.00 2.92 0.00 3.43 0.00 2.92 0.00 0.00 2.56 0.00 0.00 0.00 0.00 2.41 0.00 0.00 0.00 0.00 0.00 0.00 0.00 0.00 0.00 0.00 0.00 0.51 0.00 0.00 0.00 0.00 0.00 0.00 0.00 0.00 0.37 0.00 0.00 0.00 0.00 0.00 0.00 0.00 0.00 0.15 0.00 1.53 3.36 4.16 4.16 0.88 0.00 1.53 2.34 2.05 4.32 6.77 5.33 5.04 6.35 5.18 3.58 3.58 3.43 3.14 1.68 1.61 2.70 6.50 6.50 2.63 4.89 6.50 4.38 4.31 3.80 0.00 0.00
1.46 1.90 2.26 1.68 2.70 2.48 3.80 0.00 0.00 2.77 3.21 0.00 0.00 0.00 0.00 0.00 3.29 0.00 0.00 3.50 4.02 0.00 0.00 0.00 0.00 0.00 2.04 0.00 2.12 0.00 0.00 0.00 1.39 0.00 0.00 2.26 3.21 4.89 5.11 3.58 3.07 0.44 2.19 2.19 1.31 0.00 1.17 0.00 0.44 0.37 0.73 0.73 0.29 2.04 5.48 8.18 6.64 6.64 7.96 3.80 4.09 5.48 6.56 6.50 6.79 5.33 4.38 3.14 3.14 3.94 5.84 7.96 8.47 4.74 1.46 0.00 0.00 5.04 7.88 7.66 8.54 7.08 0.00 0.00
1.31 2.26 2.99 0.00 2.63 0.00 2.34 0.00 0.00 0.00 0.00 3.21 3.14 0.00 2.56 3.50 3.43 2.56 2.56 2.92 3.14 0.00 0.00 0.00 0.00 0.00 0.00 0.00 0.00 0.00 0.00 0.00 0.00 0.00 0.00 0.00 0.00 4.89 7.01 6.57 3.29 3.43 3.43 3.43 1.68 0.37 1.90 1.31 0.88 0.00 1.53 1.68 2.26 4.45 7.52 6.64 10.07 10.44 10.15 6.50 4.74 4.38 5.48 7.45 5.19 4.53 2.85 3.36 3.36 3.43 4.23 6.28 10.44 8.69 3.43 1.68 0.00 0.00 6.35 8.69 6.64 8.61 5.91 0.00
2.48 0.00 2.70 0.00 0.00 0.00 0.00 3.14 0.00 0.00 0.00 3.80 4.09 3.72 2.85 3.07 3.14 2.99 2.99 2.48 2.70 3.14 0.00 0.00 0.00 0.00 0.00 0.00 0.00 0.00 0.00 0.00 0.00 0.00 0.00 0.00 0.00 7.52 7.01 3.72 2.85 2.77 4.89 4.89 5.84 3.07 4.89 0.80 2.99 0.88 1.68 0.95 2.99 4.60 6.35 6.79 8.91 9.56 8.32 9.71 6.72 4.31 4.53 5.62 5.53 7.03 6.28 4.45 4.45 4.02 5.77 7.74 7.45 4.74 0.00 2.19 0.00 0.00 0.00 0.00 5.99 6.72 6.64 0.00
1.97 1.10 0.00 2.48 0.00 0.00 0.00 0.00 0.00 0.00 0.00 0.00 3.87 3.21 2.77 3.58 2.85 0.00 0.00 3.14 2.48 0.00 0.00 0.00 0.00 0.00 0.00 0.00 1.61 0.00 0.00 0.00 0.00 0.00 0.00 0.00 2.92 3.36 5.84 0.00 0.00 2.99 5.62 5.62 7.45 6.64 7.66 5.18 6.57 1.61 4.23 1.90 5.40 4.89 7.37 6.94 6.28 5.91 5.34 6.78 3.87 4.09 3.43 6.72 6.89 8.20 9.37 8.54 8.54 5.77 3.21 5.40 5.18 4.96 3.65 0.00 4.38 5.33 5.99 0.00 0.00 0.00 0.00 0.00
2.56 1.31 1.61 0.00 0.00 0.00 0.00 0.00 2.19 0.00 0.00 0.00 0.00 0.00 0.00 0.00 2.99 2.48 2.48 0.00 2.56 0.00 0.00 0.00 0.00 0.00 0.00 1.90 0.00 0.88 0.00 0.00 0.00 2.19 0.00 0.00 0.00 0.00 0.00 0.00 0.00 3.50 4.67 4.67 7.52 9.64 8.47 8.25 8.47 7.15 7.37 3.72 8.91 6.86 7.96 7.74 6.72 5.40 4.23 4.02 2.11 2.99 4.72 6.64 8.10 9.93 12.69 13.17 12.76 8.66 4.96 4.31 4.82 4.67 4.67 4.82 5.77 6.64 6.57 4.05 0.00 0.00 0.00 0.00
0.73 1.75 1.53 1.61 0.00 0.00 1.97 0.00 1.17 1.24 0.00 0.00 0.00 0.00 0.00 0.00 0.00 0.00 0.00 0.00 0.00 0.00 0.00 0.00 0.00 0.00 0.00 0.00 0.00 0.00 0.00 0.00 0.00 0.00 0.00 0.00 0.00 0.00 0.00 0.00 0.00 0.00 4.89 4.89 5.26 6.35 9.78 7.37 7.52 7.88 8.32 12.05 11.68 11.24 11.97 11.75 7.52 5.62 6.86 1.70 1.24 1.97 2.38 4.18 10.19 12.37 12.78 9.27 9.32 11.80 6.02 6.06 4.89 5.62 4.33 4.67 4.09 5.91 0.00 6.20 0.00 0.00 0.00 0.00
1.10 1.46 1.17 1.24 1.17 0.73 2.04 2.12 1.46 1.46 0.00 0.00 0.00 0.00 0.00 0.00 0.00 0.00 0.00 0.00 0.00 0.00 0.00 0.00 0.00 0.00 0.00 0.00 0.00 0.00 0.00 0.00 0.00 0.00 0.00 0.00 0.00 0.00 0.00 0.22 0.00 0.00 0.00 0.00 3.50 5.40 5.11 4.96 7.74 9.05 9.20 12.70 14.09 13.58 13.65 11.97 10.66 10.66 11.39 3.29 0.96 2.22 1.70 0.00 9.59 10.95 10.56 8.10 8.10 5.27 6.76 7.41 6.75 4.74 4.18 4.20 0.00 0.00 4.59 5.07 0.00 5.34 0.00 0.00
1.31 0.80 1.10 1.24 1.39 0.88 1.68 2.92 2.70 1.68 1.10 0.73 0.00 0.00 0.00 0.00 1.83 1.46 1.46 0.00 0.00 0.00 0.00 0.00 0.00 0.00 0.00 0.00 0.00 0.00 0.00 0.00 0.00 0.00 0.00 0.00 0.00 0.00 0.00 0.00 0.22 0.00 1.46 1.46 1.53 2.34 4.31 4.53 7.37 10.07 10.37 9.56 11.39 14.53 12.12 12.99 14.08 15.26 15.11 5.26 5.18 3.81 2.51 1.31 5.11 9.06 8.36 5.26 5.26 3.24 4.82 8.47 10.01 7.56 5.41 3.89 4.53 3.93 0.00 4.74 4.74 6.91 6.97 0.00
2.04 1.68 1.24 1.24 1.39 1.68 0.00 2.12 0.00 0.00 1.31 0.00 0.00 0.00 1.31 1.24 0.66 0.00 0.00 0.00 0.00 2.04 0.00 0.00 0.00 0.00 0.00 0.00 0.00 0.00 0.00 0.00 0.00 0.00 0.00 0.00 0.00 0.00 0.51 0.00 0.00 0.00 0.00 0.00 0.00 0.00 2.63 4.60 6.42 9.05 9.20 6.94 9.24 12.12 10.70 13.86 16.11 16.86 16.43 10.95 6.72 3.74 2.46 2.18 2.35 6.29 6.10 2.41 2.42 0.00 4.37 5.84 9.03 9.76 8.50 5.91 6.18 5.22 0.00 0.00 0.00 6.12 7.97 4.31
2.56 2.19 0.95 1.02 1.53 0.80 1.46 2.26 1.46 0.37 0.73 0.00 0.00 0.00 0.00 0.00 0.37 0.00 0.00 0.00 0.00 0.00 1.02 0.00 0.00 0.00 0.00 0.00 0.00 0.00 0.00 0.00 0.00 0.00 0.00 0.07 0.00 0.15 0.00 0.66 0.00 0.00 0.00 0.00 0.00 4.23 5.04 5.91 9.93 9.42 8.54 8.40 7.66 8.48 9.44 13.17 16.13 14.76 12.15 13.27 7.92 4.26 3.00 1.48 0.00 4.71 2.25 0.00 0.00 0.00 0.00 2.68 5.39 7.01 9.02 7.63 4.84 4.87 4.57 0.00 5.56 8.70 8.85 6.78
3.14 2.85 0.00 0.73 1.10 1.10 1.83 1.53 2.04 1.53 1.46 0.00 0.00 0.00 0.00 0.80 0.00 0.00 0.00 0.00 0.00 0.00 0.00 0.00 0.00 0.00 0.00 0.00 0.80 0.00 0.00 0.00 0.00 0.44 0.51 0.37 0.22 0.44 0.80 1.39 0.80 0.00 0.29 0.29 2.19 6.28 8.18 13.80 11.75 11.97 9.34 9.78 8.40 9.68 9.68 11.11 10.93 8.56 7.46 13.32 9.23 4.94 4.44 2.70 2.05 3.71 2.13 0.00 0.00 0.00 0.00 0.00 5.44 6.05 3.80 4.11 4.52 3.97 0.00 0.00 0.00 7.68 10.04 8.38
2.70 0.00 0.00 0.00 0.66 1.46 1.10 1.46 3.07 2.92 1.75 0.00 0.66 0.00 0.00 0.00 0.00 0.00 0.00 0.00 0.00 0.00 0.00 0.00 0.00 0.00 0.44 1.90 1.39 0.00 0.00 0.00 0.66 1.46 0.44 0.44 0.29 0.00 0.00 5.26 4.02 3.21 6.06 6.06 4.45 9.05 10.15 14.38 14.75 13.25 12.04 11.71 10.09 12.11 9.88 8.07 7.52 6.50 6.45 5.96 5.72 5.07 5.43 3.94 1.70 0.00 1.56 0.00 0.00 0.00 0.00 0.00 3.75 5.63 4.62 2.41 0.00 0.00 0.00 0.00 0.00 4.95 5.09 0.00
7.37 0.00 5.18 2.70 5.91 4.16 2.12 3.21 3.50 3.43 4.53 2.77 3.94 3.14 2.41 2.34 1.24 1.68 1.68 0.80 0.29 0.00 0.00 0.00 0.15 0.00 0.07 0.37 0.37 1.24 0.95 1.02 1.10 1.02 0.51 1.75 3.07 4.38 4.31 3.65 3.94 6.28 6.79 6.79 9.78 10.66 12.48 13.36 13.94 11.32 12.72 13.26 13.23 11.90 7.94 8.55 9.53 11.04 8.97 9.76 8.14 6.05 6.36 5.27 1.90 2.20 0.00 0.00 0.00 0.00 0.00 0.00 3.31 5.90 5.47 2.70 0.00 0.00 0.00 0.00 0.00 0.00 0.00 4.03
10.22 10.37 8.54 12.34 10.95 8.25 2.92 0.00 0.00 0.00 3.21 3.07 4.60 3.14 3.29 2.99 1.90 1.46 1.46 1.46 0.07 0.00 0.00 0.00 0.00 0.00 0.00 0.15 0.00 0.07 0.29 1.31 1.46 1.10 0.88 4.23 5.48 4.74 4.60 1.17 3.14 6.20 8.54 8.54 8.69 12.19 11.02 12.34 10.46 11.86 9.71 10.24 8.08 7.49 10.15 10.36 10.00 8.76 12.37 12.46 12.68 9.46 8.71 5.87 1.53 1.75 0.00 0.00 0.00 0.00 0.00 0.00 0.00 4.15 6.21 2.26 0.00 0.00 0.00 0.00 0.00 0.00 0.00 3.73
11.53 12.12 15.40 8.32 11.75 12.85 9.86 5.84 0.00 0.00 0.00 0.00 2.70 4.02 3.21 2.99 2.63 1.53 1.53 1.97 1.61 0.58 0.00 0.00 0.00 0.00 0.00 0.00 0.15 0.00 0.00 0.15 1.46 2.85 3.94 4.16 3.65 3.14 0.95 0.80 0.00 3.80 6.50 6.50 6.79 9.56 7.52 8.63 10.38 10.59 9.28 9.86 9.64 11.81 8.22 6.44 0.00 0.00 13.87 13.66 16.17 14.08 12.56 8.18 1.83 1.34 1.86 0.00 0.00 0.00 0.00 0.00 0.00 0.00 5.69 4.65 0.00 0.00 0.00 0.00 0.00 0.00 0.00 4.19
0.00 9.34 9.13 0.00 0.00 13.14 8.54 8.73 5.55 2.92 1.31 0.00 0.00 0.00 1.31 1.90 2.04 1.90 1.90 2.12 1.46 0.73 0.07 0.00 0.00 0.00 0.00 0.00 0.58 0.00 0.44 0.07 1.02 1.39 3.65 1.53 2.12 0.66 0.29 0.00 0.00 0.66 3.58 3.58 5.26 8.69 6.28 8.73 8.32 8.81 7.06 8.72 11.94 15.48 10.97 6.75 0.00 0.00 10.12 15.09 17.35 14.52 11.01 10.59 4.67 1.78 0.80 0.00 0.00 0.00 0.00 0.00 0.00 0.00 3.06 4.19 2.08 0.00 0.00 0.00 0.00 0.00 0.00 3.09
0.00 0.00 0.00 0.00 0.00 12.92 10.37 10.44 6.72 2.56 4.16 1.68 0.00 0.00 0.00 0.00 0.58 1.83 1.83 1.31 1.10 0.00 0.00 0.00 0.00 0.00 0.00 0.00 0.00 0.00 0.44 0.00 0.00 0.58 0.73 0.73 0.44 0.00 0.00 0.00 0.00 0.00 1.46 1.46 2.34 6.28 5.69 9.56 7.74 6.79 6.23 6.88 9.84 11.77 13.00 8.32 0.00 0.00 0.00 14.42 14.98 16.22 16.54 16.79 13.43 9.56 6.56 4.37 4.40 3.24 0.00 0.00 0.00 0.00 1.83 0.00 0.00 0.00 0.00 0.00 0.00 0.00 5.86 6.16
0.00 0.00 0.00 0.00 0.00 0.00 9.93 13.87 12.26 7.88 2.63 3.80 1.10 0.44 0.00 0.88 0.00 0.29 0.29 0.00 0.00 0.00 0.00 0.00 0.00 0.00 0.00 0.00 0.00 0.00 0.00 0.00 0.00 0.00 0.00 0.00 0.22 0.00 0.00 0.00 0.00 0.00 0.00 0.00 0.00 3.14 7.92 8.40 5.63 6.70 6.53 8.04 11.24 9.38 0.00 0.00 0.00 0.00 0.00 0.00 16.83 20.71 18.88 16.86 17.22 16.81 13.48 3.22 3.76 6.90 4.84 0.00 0.00 0.00 0.00 0.00 0.00 0.00 0.00 0.00 0.00 3.84 6.33 6.73
0.00 0.00 0.00 0.00 0.00 0.00 10.73 12.41 13.21 11.83 4.45 2.34 5.99 2.56 1.24 4.53 2.12 0.00 0.00 0.00 0.00 0.00 0.00 0.00 0.00 0.00 0.00 0.00 0.00 0.00 0.00 0.00 0.00 0.00 0.00 0.00 0.07 0.00 0.00 0.00 0.00 0.00 0.00 0.00 0.00 0.80 4.18 4.26 4.45 5.89 7.18 8.76 0.00 0.00 0.00 0.00 0.00 0.00 0.00 0.00 0.00 0.00 20.20 20.82 20.18 19.91 14.05 6.40 7.16 11.77 9.98 5.09 0.00 0.00 0.00 0.00 0.00 0.00 0.00 0.00 0.00 0.00 5.70 7.55
0.00 0.00 0.00 0.00 0.00 0.00 0.00 10.37 11.39 10.37 7.74 6.57 4.82 6.42 4.16 3.04 5.31 0.00 0.00 0.00 0.00 0.00 0.00 0.00 0.00 0.00 0.00 0.00 0.00 0.00 0.00 0.00 0.00 0.00 0.00 0.00 0.29 0.00 0.00 0.00 0.00 0.00 0.00 0.00 0.00 0.00 0.51 2.77 4.82 7.22 7.46 6.64 0.00 0.00 0.00 0.00 0.00 0.00 0.00 0.00 0.00 23.27 17.05 21.60 23.85 21.95 22.52 13.07 13.35 9.70 7.40 6.88 0.00 0.00 0.00 0.00 0.00 0.00 0.00 0.00 0.00 0.00 7.39 0.00
0.00 0.00 0.00 0.00 0.00 0.00 0.00 0.00 5.18 0.00 6.64 11.53 9.49 8.47 7.37 9.90 4.31 2.90 2.71 0.66 0.00 0.00 0.00 0.00 0.00 0.00 0.00 0.00 0.00 0.00 0.00 0.00 0.00 0.00 0.00 0.00 0.88 0.00 0.00 2.34 1.10 0.00 0.15 0.15 0.00 0.00 0.22 2.39 5.29 6.05 8.30 0.00 0.00 0.00 0.00 0.00 0.00 0.00 0.00 0.00 0.00 0.00 0.00 0.00 26.35 32.82 25.57 19.99 24.43 16.12 8.93 7.16 3.24 0.00 0.00 0.00 1.99 2.34 0.00 0.00 0.00 0.00 0.00 0.00
0.00 0.00 0.00 0.00 0.00 0.00 0.00 0.00 0.00 0.00 0.00 0.00 0.00 0.00 0.00 0.00 5.55 5.50 5.59 7.59 7.15 7.88 5.77 2.77 2.99 1.24 6.28 2.92 0.00 0.00 2.34 2.04 1.90 1.75 2.56 2.04 4.02 4.02 2.34 6.75 5.72 4.20 5.26 5.26 2.48 1.61 2.77 2.27 0.00 0.00 0.00 0.00 0.00 0.00 0.00 0.00 0.00 0.00 0.00 0.00 0.00 0.00 0.00 0.00 0.00 19.04 21.94 0.00 0.00 0.00 0.00 0.00 9.11 0.00 0.00 0.00 0.00 0.00 0.00 0.00 0.00 0.00 0.00 0.00
0.00 0.00 0.00 0.00 0.00 0.00 0.00 0.00 0.00 0.00 0.00 0.00 0.00 0.00 0.00 0.00 0.00 0.00 0.00 5.33 0.00 5.82 6.72 5.33 5.69 5.59 7.34 7.37 2.04 7.08 7.88 6.94 8.03 3.21 2.99 4.82 2.77 5.33 6.28 5.11 0.00 7.26 8.83 9.87 9.86 4.89 4.31 2.62 0.00 0.00 0.00 0.00 0.00 0.00 0.00 0.00 0.00 0.00 0.00 0.00 0.00 0.00 0.00 0.00 0.00 22.04 13.86 0.00 0.00 0.00 0.00 0.00 0.00 0.00 0.00 0.00 0.00 0.00 0.00 0.00 0.00 0.00 0.00 0.00
0.00 0.00 0.00 0.00 0.00 0.00 0.00 0.00 0.00 0.00 0.00 0.00 0.00 0.00 0.00 0.00 0.00 0.00 0.00 0.00 0.00 6.42 5.11 2.41 4.96 7.12 0.00 8.32 5.04 4.53 7.66 9.71 6.74 0.00 0.00 0.00 0.00 3.87 0.00 0.00 0.00 0.00 8.25 10.47 9.24 7.45 2.95 0.00 0.00 0.00 0.00 0.00 0.00 0.00 0.00 0.00 0.00 0.00 0.00 0.00 0.00 0.00 0.00 0.00 0.00 0.00 0.00 0.00 0.00 0.00 0.00 0.00 0.00 0.00 0.00 0.00 0.00 0.00 0.00 0.00 0.00 0.00 0.00 0.00
0.00 0.00 0.00 0.00 0.00 0.00 0.00 0.00 0.00 0.00 0.00 0.00 0.00 0.00 0.00 0.00 0.00 0.00 0.00 0.00 0.00 0.00 0.00 0.00 0.00 0.00 0.00 5.91 4.38 0.00 0.00 0.00 0.00 0.00 0.00 0.00 0.00 0.00 0.00 0.00 0.00 0.00 0.00 0.00 0.00 9.95 0.00 0.00 0.00 0.00 0.00 0.00 0.00 0.00 0.00 0.00 0.00 0.00 0.00 0.00 0.00 0.00 0.00 0.00 0.00 0.00 0.00 0.00 0.00 0.00 0.00 0.00 0.00 0.00 0.00 0.00 0.00 0.00 0.00 0.00 0.00 0.00 0.00 0.00
