Wansh/Snow_depth/snowdepth-1997/spring/1997060.txt
ncols 321
nrows 161
xllcenter 60
yllcenter 15 
cellsize  0.25 
NODATA_value -1
[rows 0 to 36 of 161, columns 168 to 251 of 321]
7.81 3.65 2.99 2.04 1.83 1.31 1.46 1.75 2.70 2.70 2.12 1.90 2.70 3.50 3.58 4.16 5.99 5.62 8.18 7.88 8.10 7.08 7.45 6.79 6.13 6.79 3.87 5.62 0.00 0.00 0.00 7.66 5.55 11.83 12.12 12.12 12.85 11.46 15.18 16.21 16.35 15.91 21.39 25.33 24.38 30.15 29.93 30.44 26.06 22.85 22.48 18.76 18.98 19.20 19.78 19.05 22.27 23.94 23.87 23.43 23.43 25.77 24.82 28.11 30.59 32.70 32.49 32.12 29.27 26.57 27.38 24.97 23.51 22.12 22.85 24.53 23.07 23.94 23.94 23.94 23.00 23.58 22.48 19.71
10.15 4.74 4.74 7.08 2.34 3.50 1.46 1.90 1.68 1.68 2.70 3.80 4.02 3.65 3.36 3.14 6.13 8.54 8.10 8.47 7.59 7.59 7.74 6.94 6.42 2.48 4.67 0.00 0.00 0.00 5.11 3.07 11.53 11.97 11.97 11.97 11.83 11.90 15.55 19.78 19.13 24.82 28.91 28.11 29.05 26.65 27.30 23.73 27.45 23.58 23.00 21.17 22.12 21.32 20.22 21.61 23.21 22.92 25.48 24.16 24.16 24.45 25.55 29.86 27.67 27.52 28.84 29.71 28.25 25.40 25.48 24.97 23.00 21.53 19.64 21.90 23.58 22.48 23.94 18.40 17.81 17.30 17.45 17.74
13.72 11.97 9.27 9.34 6.64 5.18 6.50 1.83 2.70 2.70 2.77 3.87 3.65 3.65 3.58 7.74 6.72 8.61 9.49 10.07 8.03 7.88 7.88 7.45 8.10 2.48 0.00 0.00 0.00 4.60 2.63 11.39 9.93 12.70 12.78 12.78 13.14 16.79 22.19 21.39 25.04 25.40 27.81 27.67 28.18 25.04 22.92 23.43 21.32 22.78 22.19 22.92 22.48 22.56 22.12 22.34 22.63 23.51 23.94 24.67 24.67 24.45 25.04 25.92 25.84 25.92 24.82 27.96 27.52 27.52 23.21 22.27 20.15 18.83 20.73 17.67 14.67 15.99 16.35 15.91 17.01 14.38 13.87 13.87
13.72 11.97 9.27 9.34 6.64 5.18 6.50 1.83 2.70 2.70 2.77 3.87 3.65 3.65 3.58 7.74 6.72 8.61 9.49 10.07 8.03 7.88 7.88 7.45 8.10 2.48 0.00 0.00 0.00 4.60 2.63 11.39 9.93 12.70 12.78 12.78 13.14 16.79 22.19 21.39 25.04 25.40 27.81 27.67 28.18 25.04 22.92 23.43 21.32 22.78 22.19 22.92 22.48 22.56 22.12 22.34 22.63 23.51 23.94 24.67 24.67 24.45 25.04 25.92 25.84 25.92 24.82 27.96 27.52 27.52 23.21 22.27 20.15 18.83 20.73 17.67 14.67 15.99 16.35 15.91 17.01 14.38 13.87 13.87
17.08 14.31 17.52 13.58 14.53 7.37 4.53 6.20 2.56 2.56 2.77 2.77 4.45 7.74 8.03 9.93 13.65 14.09 11.17 8.03 8.76 6.06 6.06 7.52 0.00 0.00 0.00 0.00 0.00 4.96 11.24 9.86 12.41 12.92 13.21 13.21 17.37 16.35 21.32 23.21 22.92 25.04 23.36 24.02 20.81 21.83 21.39 22.27 23.21 23.21 22.85 22.56 22.78 22.92 23.00 23.29 23.43 24.02 24.09 23.80 23.80 22.92 24.16 24.82 24.24 23.65 20.37 23.00 22.70 22.85 18.98 18.91 15.99 15.99 15.99 15.04 13.72 14.31 15.18 14.82 15.70 15.40 14.82 17.74
19.64 19.20 19.27 18.47 13.72 14.82 9.20 10.66 10.44 10.44 4.16 8.98 9.13 9.78 12.85 12.56 14.45 9.93 11.32 5.69 5.62 6.28 0.00 0.00 0.00 0.00 0.00 0.00 6.28 4.38 10.44 12.41 12.19 13.21 18.10 18.10 17.23 21.32 21.68 22.41 24.97 24.53 24.45 20.44 20.81 21.02 21.97 21.68 22.70 23.65 23.51 23.94 24.02 24.38 24.31 22.63 20.95 21.90 20.81 21.39 21.39 21.17 22.85 23.07 21.10 18.61 15.77 17.67 17.45 18.18 16.43 15.62 12.92 14.24 13.65 14.67 14.97 14.82 15.55 16.35 16.43 17.96 17.45 17.96
19.05 20.66 20.22 20.81 17.37 17.16 17.52 13.29 12.63 12.63 13.80 10.59 14.09 13.80 13.58 14.67 15.62 10.00 4.96 5.69 0.00 0.00 0.00 0.00 0.00 0.00 0.00 6.94 4.96 9.78 12.78 11.68 15.26 14.09 19.42 19.42 22.48 22.34 21.46 21.32 21.46 21.24 22.19 22.48 22.78 22.56 22.63 22.34 23.51 23.07 24.09 25.04 25.26 23.51 22.27 19.35 20.59 19.35 19.27 20.29 20.29 19.71 21.68 21.24 18.69 19.42 16.50 14.53 14.60 14.38 13.87 12.99 12.41 13.21 12.05 12.85 13.72 13.58 15.55 15.66 18.98 22.35 25.07 26.65
19.05 20.66 20.22 20.81 17.37 17.16 17.52 13.29 12.63 12.63 13.80 10.59 14.09 13.80 13.58 14.67 15.62 10.00 4.96 5.69 0.00 0.00 0.00 0.00 0.00 0.00 0.00 6.94 4.96 9.78 12.78 11.68 15.26 14.09 19.42 19.42 22.48 22.34 21.46 21.32 21.46 21.24 22.19 22.48 22.78 22.56 22.63 22.34 23.51 23.07 24.09 25.04 25.26 23.51 22.27 19.35 20.59 19.35 19.27 20.29 20.29 19.71 21.68 21.24 18.69 19.42 16.50 14.53 14.60 14.38 13.87 12.99 12.41 13.21 12.05 14.85 18.93 19.54 21.30 26.62 31.34 29.75 32.26 27.65
20.15 19.78 17.59 20.44 20.00 18.69 15.84 15.70 14.60 14.60 13.87 13.07 15.55 18.32 19.20 16.43 9.20 10.15 3.21 0.00 0.00 0.00 0.00 0.00 0.00 0.00 0.00 7.15 9.27 8.47 11.02 15.04 14.45 20.66 23.73 23.73 23.43 20.73 18.69 20.29 21.02 20.51 22.70 23.36 23.21 23.51 24.53 24.67 24.53 23.87 22.85 24.60 21.39 20.00 18.03 18.32 18.54 20.29 20.29 20.00 20.00 21.17 21.90 21.32 19.78 19.93 17.52 15.91 14.16 13.94 12.78 12.70 12.12 12.57 16.77 19.06 21.90 21.90 21.57 29.91 30.47 25.17 27.70 29.64
9.64 13.14 12.63 16.35 14.82 14.24 14.24 13.65 13.36 13.36 14.45 18.03 18.10 17.74 10.00 10.00 8.47 0.00 0.00 0.00 0.00 0.00 0.00 1.68 0.00 4.89 8.61 7.88 10.07 12.12 11.90 13.87 14.02 16.64 21.61 21.61 20.15 21.10 18.32 20.08 19.05 23.36 23.80 23.43 22.41 23.58 23.36 24.31 23.14 23.51 22.92 20.59 18.69 20.22 19.20 18.40 21.61 20.88 21.68 21.61 21.61 22.63 20.51 20.73 18.61 19.27 18.40 16.06 14.02 13.94 15.48 14.45 15.08 18.86 20.12 18.82 20.10 23.20 29.20 28.61 29.09 25.08 30.06 29.95
8.25 8.91 9.49 9.71 12.92 13.94 13.72 14.38 13.65 13.65 14.45 15.40 6.79 0.00 7.01 0.00 0.00 0.00 0.00 0.00 0.00 4.89 4.89 3.36 7.30 9.13 8.83 10.15 10.22 11.97 12.26 12.70 11.61 13.51 15.84 15.84 15.48 17.67 17.45 19.13 22.48 22.05 22.41 21.39 21.53 20.81 16.57 18.61 21.83 19.71 19.56 17.37 17.23 18.76 18.91 21.24 19.86 25.33 28.18 25.11 25.11 25.84 20.95 22.41 19.20 17.89 16.28 16.28 16.64 15.62 16.28 14.82 14.53 13.19 14.22 21.13 25.88 25.00 23.32 24.86 26.57 27.90 25.78 27.72
8.25 8.91 9.49 9.71 12.92 13.94 13.72 14.38 13.65 13.65 14.45 15.40 6.79 0.00 7.01 0.00 0.00 0.00 0.00 0.00 0.00 4.89 4.89 3.36 7.30 9.13 8.83 10.15 10.22 11.97 12.26 12.70 11.61 13.51 15.84 15.84 15.48 17.67 17.45 19.13 22.48 22.05 22.41 21.39 21.53 20.81 16.57 18.61 21.83 19.71 19.56 17.37 17.23 18.76 18.91 21.24 19.86 25.33 28.18 25.11 25.11 25.84 20.95 22.41 19.20 17.89 16.28 16.28 16.64 15.62 16.28 14.82 14.16 12.99 13.80 19.62 23.06 23.14 24.87 25.80 26.57 27.30 28.32 29.65
9.78 10.51 9.42 9.05 8.83 10.95 8.61 8.98 10.73 10.73 0.29 2.04 3.80 0.00 0.00 0.00 0.00 4.53 1.90 5.55 5.48 5.18 7.81 8.03 7.45 9.56 9.93 10.07 10.00 9.93 10.80 9.78 12.05 11.32 14.82 14.82 16.28 15.99 17.81 19.56 19.20 19.35 15.77 16.57 14.24 14.24 16.35 15.62 19.27 20.00 20.00 18.98 17.23 17.96 17.81 19.78 24.38 24.24 25.99 27.59 27.59 27.30 24.53 21.39 17.96 18.91 17.16 18.76 17.89 19.27 17.67 15.62 16.35 15.18 14.82 17.21 22.76 21.05 24.30 27.35 25.45 26.62 27.52 26.53
12.99 13.65 14.31 8.91 9.93 9.93 7.37 3.29 0.00 0.00 0.00 0.00 0.00 0.00 0.00 0.00 0.00 4.16 6.35 6.13 7.08 8.40 8.25 8.54 8.10 7.88 9.49 10.15 10.07 9.93 9.56 9.49 9.78 11.39 12.70 12.70 14.97 14.82 15.77 17.52 17.96 17.96 16.79 13.14 13.07 12.56 15.04 15.84 18.03 18.32 17.52 17.67 17.67 17.59 20.37 21.53 22.41 22.27 23.36 22.05 22.05 24.31 24.89 24.82 20.44 21.17 21.61 21.39 20.15 20.59 18.40 16.72 15.84 19.05 19.36 22.70 19.14 21.26 26.06 22.17 25.01 23.27 25.10 28.49
15.70 14.75 13.58 14.16 11.75 10.95 5.77 6.28 5.69 5.69 0.00 0.00 3.65 0.00 0.00 1.68 5.69 1.75 7.66 10.51 10.73 10.51 9.78 10.37 9.42 11.32 11.17 10.44 9.42 9.86 9.05 9.13 9.13 9.86 11.97 11.97 13.51 13.07 14.09 13.14 13.36 12.05 11.75 12.41 13.51 15.48 16.28 16.28 17.30 17.16 15.91 15.91 15.99 20.00 22.19 25.04 23.29 22.92 21.68 22.41 22.41 24.38 25.70 25.70 23.36 25.55 23.51 22.05 22.41 23.29 21.46 22.19 20.64 21.65 20.80 22.90 22.01 27.36 23.34 22.93 23.32 23.13 23.48 23.64
15.99 15.55 14.82 14.60 13.21 12.78 12.05 9.93 9.86 9.86 11.02 6.72 6.20 7.74 5.04 4.60 7.30 8.32 8.10 10.51 10.44 10.37 11.75 11.39 11.17 12.05 11.24 11.53 10.07 9.78 10.51 10.29 11.24 11.39 11.02 11.02 12.12 12.48 12.41 12.05 11.24 11.53 11.32 12.05 11.90 13.51 12.19 14.60 16.64 16.43 15.99 15.04 14.97 17.67 17.96 23.00 24.45 25.11 22.92 22.63 22.63 24.75 24.16 23.80 25.33 25.62 23.43 22.27 25.40 26.86 23.36 26.49 27.15 22.48 23.34 23.10 24.54 23.16 23.04 23.34 23.36 26.50 22.34 22.53
15.99 15.55 14.82 14.60 13.21 12.78 12.05 9.93 9.86 9.86 11.02 6.72 6.20 7.74 5.04 4.60 7.30 8.32 8.10 10.51 10.44 10.37 11.75 11.39 11.17 12.05 11.24 11.53 10.07 9.78 10.51 10.29 11.24 11.39 11.02 11.02 12.12 12.48 12.41 12.05 11.24 11.53 11.32 12.05 11.90 13.51 12.19 14.60 16.64 16.43 15.99 15.04 14.97 17.67 17.96 23.00 24.45 25.11 22.92 22.63 22.63 24.75 24.16 23.80 25.33 25.62 23.43 22.27 25.40 26.86 23.36 32.53 25.45 24.44 20.96 28.58 24.91 25.60 23.50 21.05 22.58 22.78 24.30 25.58
13.36 12.63 14.75 14.67 13.43 14.16 11.68 12.41 11.53 11.53 11.83 10.15 8.76 8.83 11.46 8.47 8.83 8.83 9.71 9.56 10.51 11.46 11.24 10.95 9.05 9.56 11.02 10.15 9.56 9.42 10.73 11.53 11.32 11.90 12.63 12.63 12.12 12.34 10.95 11.17 10.88 13.58 13.51 11.17 11.75 10.22 11.97 11.17 14.16 12.70 13.14 14.02 13.72 14.89 15.77 19.78 24.75 23.51 23.21 23.51 23.51 24.31 24.45 24.67 24.09 23.21 23.73 23.65 25.04 27.23 26.02 27.54 25.55 23.32 28.17 28.72 27.10 25.28 22.50 25.76 23.77 24.30 24.44 21.99
12.05 15.18 14.31 16.06 13.72 12.63 12.48 11.61 10.37 10.37 10.07 9.93 14.24 13.58 13.51 14.97 14.24 10.59 9.78 10.80 10.88 11.46 8.54 7.59 7.52 8.69 9.71 9.42 8.98 9.56 10.66 11.61 11.75 11.90 11.97 11.97 12.26 11.46 11.68 11.53 12.99 12.63 12.99 10.15 7.01 7.52 7.23 9.86 11.68 12.48 12.41 12.48 11.90 13.51 17.37 17.59 21.32 20.37 22.63 22.12 22.12 22.48 23.07 24.67 24.09 22.92 23.94 24.45 26.50 26.34 26.25 27.43 26.65 24.62 30.95 27.15 24.76 26.89 24.76 24.54 21.02 23.82 22.24 24.16
7.88 13.36 12.56 14.45 14.45 14.16 11.61 11.68 12.12 12.12 12.48 15.77 15.18 19.35 17.23 17.01 15.77 13.94 11.61 12.05 12.41 13.14 12.99 12.34 8.83 8.61 8.76 8.03 8.32 8.47 10.66 11.61 11.46 10.95 11.39 11.39 11.53 10.37 9.49 9.27 9.20 8.98 7.37 5.91 6.64 7.74 9.49 11.83 11.17 13.07 13.51 12.19 11.68 10.29 9.93 12.26 13.80 18.83 21.90 20.66 20.66 21.75 22.78 22.34 21.75 22.34 22.78 23.51 24.53 25.70 25.70 27.59 26.86 28.18 26.13 26.57 25.22 29.52 28.25 26.36 24.85 22.05 20.64 24.58
6.86 6.57 10.73 11.10 13.51 13.51 13.58 12.99 14.97 14.97 14.89 16.86 20.22 20.37 19.49 17.08 17.96 15.11 18.83 19.86 15.84 16.21 13.36 14.16 9.49 8.25 7.66 7.52 7.74 7.45 9.86 11.61 11.53 11.90 11.83 11.83 10.15 8.91 9.42 7.37 6.86 7.08 5.69 5.48 5.69 7.23 6.50 10.51 12.41 9.86 11.24 12.05 12.05 11.75 9.93 12.05 16.94 17.59 20.08 20.59 20.59 21.32 20.22 15.26 18.03 19.78 18.98 21.68 21.53 25.48 27.23 27.59 27.30 27.96 29.90 29.37 35.95 29.48 28.64 25.55 25.15 22.06 22.42 21.26
6.06 7.30 10.22 10.22 11.02 13.87 13.29 14.38 15.48 15.48 17.23 16.86 19.86 19.20 19.64 14.16 14.53 19.42 18.18 19.86 16.21 17.01 13.58 9.05 9.71 8.32 9.49 10.37 10.73 11.68 12.56 11.97 11.53 9.64 8.40 8.40 11.24 6.86 3.87 3.14 3.21 4.09 4.16 4.96 4.89 4.96 7.81 5.91 6.86 7.96 9.27 10.22 9.13 10.59 11.75 14.82 16.21 15.26 17.96 18.40 18.40 9.78 10.05 10.15 13.36 12.70 16.86 20.51 19.35 23.94 24.09 24.89 24.67 25.26 26.23 26.85 35.40 30.02 29.20 24.37 19.19 20.01 24.45 24.07
6.06 7.30 10.22 10.22 11.02 13.87 13.29 14.38 15.48 15.48 17.23 16.86 19.86 19.20 19.64 14.16 14.53 19.42 18.18 19.86 16.21 17.01 13.58 9.05 9.71 8.32 9.49 10.37 10.73 11.68 12.56 11.97 11.53 9.64 8.40 8.40 11.24 6.86 3.87 3.14 3.21 4.09 4.16 4.96 4.89 4.96 7.81 5.91 6.86 7.96 9.27 10.22 9.13 10.59 11.75 14.82 16.21 15.26 17.96 18.40 18.40 9.78 10.05 10.15 13.36 12.70 16.86 20.51 19.35 23.94 24.09 24.89 24.67 25.26 25.19 26.99 27.49 26.41 24.45 28.36 23.47 20.44 19.16 22.21
4.02 4.82 8.61 10.73 9.93 13.72 13.80 13.65 14.67 14.67 15.04 16.28 15.91 17.52 13.58 14.82 12.05 13.87 18.91 18.83 15.26 10.80 11.68 10.66 9.71 9.49 10.51 12.41 11.75 11.61 12.34 8.83 7.59 7.66 6.57 6.57 4.53 3.29 3.36 2.85 3.43 2.92 4.02 4.16 4.31 4.31 3.29 4.09 5.26 5.40 6.86 8.10 8.18 10.73 10.44 14.67 15.18 10.51 7.23 5.55 5.55 4.53 4.31 5.84 11.17 9.56 13.72 16.35 14.24 20.66 17.67 15.40 18.40 20.59 23.36 23.70 23.90 30.17 32.82 27.62 25.99 17.48 19.24 22.44
2.99 2.77 3.94 9.64 11.02 10.22 13.21 15.99 15.26 15.26 15.33 16.79 16.94 17.30 14.16 11.75 12.26 11.83 15.62 14.16 14.89 11.32 11.32 10.80 13.29 12.26 14.31 13.58 12.85 11.17 11.46 9.13 6.06 4.23 4.60 4.60 3.29 4.02 6.13 5.62 6.06 5.62 3.80 4.38 4.53 3.87 2.99 1.97 4.82 6.50 5.69 6.64 6.94 8.54 10.80 13.21 12.12 12.05 5.77 0.00 0.00 0.00 0.00 5.55 8.18 7.74 10.59 10.95 13.51 14.24 14.53 15.18 18.03 20.81 25.98 26.62 25.47 26.81 26.53 24.26 28.47 17.65 21.52 27.45
0.37 2.26 2.04 2.04 6.79 10.00 8.98 16.28 19.35 19.35 18.69 19.42 17.23 14.45 15.11 12.78 13.07 15.18 14.38 14.97 13.58 12.56 10.95 13.51 12.05 12.63 12.63 13.94 13.43 12.12 6.72 5.04 5.26 4.82 3.87 3.87 5.55 5.18 7.66 7.15 6.20 6.06 5.77 3.72 4.02 2.41 1.31 1.46 1.97 1.83 3.43 6.57 5.11 9.34 8.76 10.95 5.40 5.04 3.21 0.00 0.00 0.00 0.00 6.13 8.47 10.95 11.97 11.75 13.87 14.75 14.09 16.13 25.35 26.25 26.46 29.88 30.31 19.86 21.27 21.90 20.90 18.46 18.88 20.19
0.80 1.17 0.80 0.66 4.23 8.69 10.37 10.51 18.18 18.18 19.20 14.67 18.25 13.87 11.90 11.97 10.66 14.02 14.45 14.45 13.58 11.75 11.02 12.78 11.61 9.78 9.86 11.46 11.39 6.57 7.37 5.33 5.18 5.04 5.18 5.18 5.91 8.40 9.42 9.78 7.08 6.86 6.13 5.69 5.62 4.82 3.50 2.63 1.90 2.04 2.48 3.80 3.29 6.42 5.33 5.04 8.18 2.99 3.43 3.36 3.36 3.80 3.36 6.20 7.01 10.37 11.68 12.63 13.43 16.43 21.17 23.21 26.04 26.29 28.96 23.62 28.99 27.10 21.26 13.68 16.58 13.83 15.50 9.36
2.12 0.00 0.80 1.61 1.10 4.89 6.42 6.72 12.92 12.92 14.67 11.83 9.78 12.48 10.51 8.47 6.94 7.23 10.66 10.59 10.51 9.56 8.40 6.94 7.23 4.96 6.64 8.03 10.00 6.94 6.13 5.40 5.77 7.23 10.37 10.37 8.98 8.40 8.83 8.61 7.59 7.59 8.03 6.79 11.24 8.83 7.08 9.34 8.10 6.64 2.92 3.07 3.36 3.21 3.72 4.16 3.80 3.58 5.04 4.89 4.89 6.57 6.35 6.50 6.20 9.20 13.29 13.58 13.51 19.20 21.56 26.30 30.92 25.38 23.69 24.19 19.99 15.09 12.23 10.55 13.51 9.26 6.01 5.38
2.12 0.00 0.80 1.61 1.10 4.89 6.42 6.72 12.92 12.92 14.67 11.83 9.78 12.48 10.51 8.47 6.94 7.23 10.66 10.59 10.51 9.56 8.40 6.94 7.23 4.96 6.64 8.03 10.00 6.94 6.13 5.40 5.77 7.23 10.37 10.37 8.98 8.40 8.83 8.61 7.59 7.59 8.03 6.79 11.24 8.83 7.08 9.34 8.10 6.64 2.92 3.07 3.36 3.21 3.72 4.16 3.80 3.58 5.04 4.89 4.89 6.57 6.35 6.50 6.20 9.20 13.29 13.58 13.51 19.20 21.67 26.02 27.96 28.28 25.28 28.23 23.20 14.60 12.78 10.25 14.28 10.98 5.49 4.57
0.00 0.00 0.00 0.00 0.00 1.46 1.61 3.36 4.96 4.96 9.49 10.22 7.01 7.01 8.69 6.94 5.77 5.18 5.11 5.33 5.91 6.20 4.53 4.09 3.80 3.87 5.18 6.42 5.55 5.77 5.40 5.77 8.40 9.93 9.93 9.93 8.47 7.96 7.59 7.45 8.76 11.90 13.58 13.29 13.72 11.90 15.18 14.02 10.95 10.51 5.04 2.99 1.83 2.26 1.24 4.16 4.16 7.66 10.66 9.78 9.83 8.44 7.19 12.63 14.97 17.37 17.01 15.40 16.29 16.22 22.78 26.10 33.66 33.64 31.90 21.14 12.06 10.77 10.58 8.26 4.99 3.81 3.38 0.62
0.00 0.00 0.00 0.00 0.00 0.00 0.29 0.07 2.04 2.04 6.13 4.53 4.60 5.84 4.67 5.55 5.48 5.33 5.84 6.50 5.62 3.58 3.21 0.00 1.68 3.36 5.55 5.40 4.60 4.53 4.09 4.16 6.42 8.03 9.42 9.42 9.42 9.64 14.97 17.30 13.14 13.36 12.41 17.16 19.78 17.67 16.57 16.43 11.24 10.37 7.30 1.68 2.48 1.10 1.31 3.43 2.70 11.46 11.02 10.59 10.59 9.13 8.25 12.99 17.16 19.20 21.39 23.36 20.95 28.11 26.50 26.04 32.58 34.77 13.57 17.17 10.16 6.93 5.32 6.16 3.18 1.07 0.00 0.00
4.31 1.24 1.10 0.00 0.00 0.00 0.15 1.39 1.02 1.02 1.17 0.00 2.56 2.63 3.72 5.33 6.72 6.50 7.37 5.91 6.28 5.04 4.74 6.20 8.54 8.32 7.74 10.07 7.15 4.38 3.80 5.26 7.59 10.95 10.51 10.51 12.56 14.82 18.54 18.03 18.18 13.94 16.50 19.35 18.61 16.72 16.06 16.50 12.70 12.05 9.86 11.53 6.72 4.60 4.53 7.15 10.44 11.02 11.10 8.69 8.69 9.13 8.69 11.68 16.35 18.98 22.63 24.82 26.35 26.79 27.38 25.91 25.85 18.94 10.25 6.83 7.64 4.68 4.32 5.33 3.72 1.42 0.31 0.00
5.26 3.50 2.77 2.12 0.00 0.07 0.80 0.00 0.00 0.00 0.00 0.00 0.00 2.56 2.26 3.72 4.96 4.96 7.45 5.18 5.40 6.06 5.91 7.96 10.66 13.72 13.21 14.53 10.80 8.18 8.91 7.74 8.91 12.34 13.14 13.14 13.14 13.72 16.28 13.07 12.78 14.89 13.87 17.81 17.37 15.70 15.84 16.21 13.87 16.64 14.45 14.53 12.26 7.45 7.37 6.57 9.78 11.02 10.15 6.64 6.64 8.47 11.53 18.32 20.81 20.22 22.70 24.02 25.19 27.59 27.38 27.14 21.67 14.18 7.08 2.98 2.09 3.16 2.43 2.06 1.99 0.00 0.67 0.00
5.04 3.58 4.02 2.19 0.00 0.00 0.00 0.00 0.00 0.00 0.00 0.00 0.00 0.00 0.00 0.00 2.41 2.92 2.26 2.34 5.62 7.96 10.29 10.07 11.75 14.24 14.60 14.75 12.92 10.00 10.15 11.02 10.73 13.07 13.43 13.43 14.89 13.07 12.92 13.14 11.97 12.05 16.50 17.74 17.37 19.71 16.43 21.02 21.68 15.99 18.10 9.05 8.83 9.64 4.45 4.53 9.86 13.72 11.53 11.53 11.53 13.43 13.36 16.28 18.03 11.90 18.83 19.78 24.38 26.79 21.02 22.05 18.33 10.74 1.11 1.39 1.93 1.90 1.42 0.25 0.00 0.00 0.00 0.00
3.94 0.51 0.00 1.61 0.00 0.00 0.00 0.00 0.00 0.00 0.00 0.00 0.00 0.00 0.00 0.00 0.00 0.00 0.00 0.00 3.50 3.14 5.11 6.86 9.49 12.41 12.78 11.46 6.64 9.20 9.78 10.07 13.65 14.89 16.28 16.28 15.04 15.11 13.43 17.89 18.83 18.32 18.10 24.02 23.58 22.12 21.10 22.19 22.12 24.09 17.01 17.16 13.94 13.29 18.40 16.94 17.67 16.64 15.40 10.37 10.37 10.88 9.64 11.68 9.71 11.24 15.11 15.55 18.32 18.54 14.53 10.49 1.19 0.22 0.88 1.48 1.32 0.95 0.43 0.00 0.00 0.00 0.00 0.00
3.94 0.51 0.00 1.61 0.00 0.00 0.00 0.00 0.00 0.00 0.00 0.00 0.00 0.00 0.00 0.00 0.00 0.00 0.00 0.00 3.50 3.14 5.11 6.86 9.49 12.41 12.78 11.46 6.64 9.20 9.78 10.07 13.65 14.89 16.28 16.28 15.04 15.11 13.43 17.89 18.83 18.32 18.10 24.02 23.58 22.12 21.10 22.19 22.12 24.09 17.01 17.16 13.94 13.29 18.40 16.94 17.67 16.64 15.40 10.37 10.37 10.88 9.64 11.68 9.71 11.24 15.11 15.55 18.32 18.54 14.53 10.44 1.17 0.22 0.88 1.55 1.17 0.91 0.42 0.00 0.00 0.00 0.00 0.00
0.44 0.73 0.00 0.00 0.00 0.00 0.00 0.00 0.00 0.00 0.00 0.00 0.00 0.00 0.00 0.00 0.00 0.00 0.00 0.00 0.00 3.14 0.00 2.77 5.91 8.18 7.96 8.18 6.79 8.32 10.80 13.72 12.85 15.62 16.79 16.79 17.45 17.45 19.20 17.59 20.15 20.81 23.87 24.45 24.82 26.06 25.33 26.57 25.19 25.26 22.41 20.59 19.86 19.49 17.23 13.80 13.07 11.17 11.61 10.66 10.66 9.27 9.05 10.51 10.44 10.22 11.17 11.75 13.80 12.56 9.42 4.96 0.66 0.07 0.00 0.23 0.73 0.46 0.00 0.00 0.00 0.00 0.00 0.00
