Wansh/Snow_depth/snowdepth-1997/spring/1997109.txt
ncols 321
nrows 161
xllcenter 60
yllcenter 15 
cellsize  0.25 
NODATA_value -1
[rows 74 to 110 of 161, columns 84 to 167 of 321]
0.00 0.00 0.00 0.00 0.00 0.00 0.00 2.12 1.83 0.15 0.00 2.04 2.77 2.70 0.00 4.31 0.00 0.00 0.00 0.00 2.48 2.19 2.19 2.92 1.46 0.00 0.00 0.00 2.92 0.00 0.00 0.00 0.00 1.90 2.04 1.10 0.00 0.00 4.31 0.00 0.00 1.61 0.80 0.80 0.15 0.00 0.00 0.73 1.46 1.31 0.00 0.00 0.00 0.00 1.71 0.00 0.73 1.10 0.44 0.00 0.00 0.00 0.00 0.00 0.00 0.00 0.00 0.00 0.00 0.00 0.00 0.00 0.00 0.00 0.00 0.00 0.00 0.00 0.00 0.00 0.00 0.00 0.00 0.00
0.00 0.00 0.00 0.66 2.04 1.17 1.97 2.56 4.09 1.10 3.80 4.31 4.31 3.87 4.16 0.00 0.00 0.00 0.00 0.00 0.00 0.00 3.50 3.21 0.00 1.90 0.00 0.00 0.00 0.00 0.00 3.58 3.80 0.00 2.99 0.00 0.00 4.16 5.62 3.80 2.12 0.37 0.95 0.95 0.73 0.29 0.07 1.02 0.73 1.61 1.83 1.10 0.66 0.00 0.88 2.41 1.31 0.95 0.51 0.00 0.00 1.17 1.10 0.00 0.00 0.00 0.00 0.00 0.00 0.29 1.31 0.95 2.12 0.88 0.00 0.00 0.00 0.00 0.00 0.00 0.00 0.00 0.00 0.00
1.90 1.53 0.58 1.97 2.19 2.19 2.63 2.41 2.92 4.23 4.23 5.11 5.40 4.74 0.00 3.72 0.00 0.00 0.00 0.00 0.00 0.00 0.00 0.00 0.00 0.00 0.00 0.00 0.00 2.56 2.56 2.56 3.21 3.21 0.00 0.00 0.00 3.50 0.00 2.19 1.83 2.19 1.02 1.02 0.00 0.37 1.24 0.00 1.90 1.97 0.37 1.97 0.95 0.37 0.22 0.80 0.95 1.10 0.95 0.66 1.46 0.37 0.29 1.02 1.10 0.00 0.00 0.00 0.00 0.22 2.34 2.99 1.02 0.29 0.00 0.00 0.00 0.00 0.00 0.00 0.00 0.00 0.00 0.00
0.15 3.94 2.12 1.90 1.53 1.97 3.14 2.85 4.02 4.16 4.53 5.18 5.69 5.18 4.82 4.23 0.00 0.00 0.00 0.00 0.00 0.00 0.00 0.00 0.00 0.00 0.00 0.00 0.00 0.00 0.00 0.00 2.92 0.00 0.00 0.00 2.12 0.00 4.60 3.29 2.56 1.53 1.83 1.83 1.97 1.10 1.31 3.36 1.61 1.90 0.00 2.12 1.53 1.24 1.53 1.10 2.26 1.17 2.56 0.00 0.95 1.10 1.90 1.75 1.02 1.24 1.02 1.46 1.46 1.10 2.63 3.80 1.46 1.46 2.04 0.00 0.00 0.00 0.00 0.00 0.00 0.00 0.00 0.00
2.85 4.38 1.90 0.66 2.56 2.85 0.00 3.07 3.07 3.94 4.60 5.69 5.33 4.53 5.26 3.94 4.09 0.00 0.00 0.00 0.00 0.00 0.00 0.00 0.00 0.00 0.00 0.00 0.00 0.00 0.00 0.00 0.00 0.00 0.00 0.00 0.00 0.00 0.00 0.00 0.00 2.70 2.34 2.34 1.31 1.39 1.39 2.04 2.56 2.34 0.00 0.00 0.00 4.23 3.65 5.62 2.77 3.21 4.31 2.12 1.10 3.36 3.58 2.56 2.48 1.90 2.70 3.50 3.50 3.14 2.70 4.96 0.00 2.70 1.97 0.44 0.00 0.00 0.00 0.00 0.00 0.00 0.00 0.00
3.50 0.00 0.66 2.77 0.00 0.00 2.34 0.00 3.29 3.29 4.16 4.89 4.45 5.18 3.43 3.80 3.14 0.00 0.00 0.00 0.00 0.00 0.00 0.00 0.00 0.00 0.00 0.00 0.00 0.00 0.00 0.00 0.00 0.00 0.00 0.00 0.00 0.00 0.00 0.00 0.00 0.00 0.00 0.00 1.97 2.19 0.80 0.00 0.00 0.00 0.00 0.00 0.00 4.53 0.00 4.31 6.57 4.82 2.56 2.56 2.56 2.63 3.65 2.92 2.26 3.87 3.07 3.58 3.58 3.65 3.72 4.38 2.48 3.07 2.35 1.31 0.00 0.00 0.00 0.00 0.00 0.00 0.00 0.00
0.00 0.00 0.00 0.00 0.00 0.00 0.00 0.00 4.09 4.45 3.72 4.31 3.36 0.00 2.70 2.99 3.50 2.99 2.99 0.00 0.00 2.99 0.00 0.00 0.00 0.00 0.00 0.00 0.00 0.00 0.00 0.00 0.00 0.00 1.83 2.99 0.00 0.00 0.00 0.00 1.61 2.56 1.53 1.53 0.00 1.39 0.00 1.02 0.00 0.00 0.00 0.00 0.00 0.00 0.00 0.00 6.06 3.21 1.61 1.90 2.04 2.70 1.10 1.90 1.17 5.18 3.80 0.00 0.00 1.46 3.65 3.58 4.60 3.36 5.11 4.04 1.12 0.00 0.00 0.00 0.00 0.00 0.00 0.00
0.00 0.00 0.00 2.70 0.00 0.00 0.00 0.00 3.72 4.02 4.53 3.72 3.36 2.19 2.19 2.19 0.00 0.00 0.00 0.00 0.00 0.00 1.53 0.00 0.00 0.00 0.00 0.00 0.00 0.00 0.00 0.00 0.00 0.00 1.39 2.85 0.00 0.00 0.00 1.83 1.17 1.90 2.41 2.41 2.41 1.75 0.00 0.44 0.95 0.00 0.00 0.00 0.00 0.00 0.00 0.00 1.68 2.85 1.46 1.53 2.41 1.97 0.95 1.31 2.19 0.00 0.00 1.53 1.53 0.22 1.75 4.89 9.27 9.05 7.59 3.37 3.10 2.75 0.00 0.00 0.00 0.00 0.00 0.00
1.75 0.00 0.00 2.04 0.00 0.00 0.00 0.00 3.87 4.23 4.60 4.38 3.50 2.99 2.12 0.00 0.00 0.00 0.00 2.77 0.00 0.00 0.00 1.75 0.00 0.00 0.00 0.00 0.00 0.00 0.00 0.00 0.00 0.00 2.63 2.12 0.00 0.00 0.00 0.00 0.00 1.02 1.53 1.53 1.83 0.00 0.00 0.00 0.00 0.00 0.00 0.00 0.00 1.39 1.83 2.19 1.61 1.61 1.83 1.61 2.19 2.70 0.73 1.61 2.77 0.00 1.39 0.00 0.00 0.58 0.29 1.97 6.94 11.83 10.22 5.62 4.53 3.87 0.00 0.00 0.00 0.00 0.00 0.00
2.63 2.04 2.34 0.00 0.00 2.99 0.00 0.00 3.14 4.38 4.23 4.82 0.00 0.00 0.00 3.36 0.00 0.00 0.00 0.00 2.77 0.00 0.00 0.00 2.26 0.00 0.00 0.00 0.00 0.00 0.00 0.00 0.00 0.00 1.46 0.00 0.00 0.66 0.00 0.00 0.00 0.00 0.00 0.00 0.00 0.00 0.00 0.00 0.00 0.00 0.00 0.37 0.88 3.14 2.48 2.63 2.34 2.04 2.56 2.63 2.48 2.70 1.31 3.14 4.74 4.09 2.56 0.95 0.95 0.73 0.95 0.51 3.80 10.15 12.70 8.25 5.69 4.09 4.96 0.00 0.00 0.00 0.00 0.00
2.41 1.24 0.00 0.00 0.00 0.00 3.36 3.50 2.77 3.58 0.00 4.02 0.00 3.43 4.09 0.00 2.85 0.00 0.00 0.00 2.63 0.00 0.00 0.00 0.00 0.00 0.00 0.00 0.00 0.00 0.00 0.00 0.00 0.80 2.12 0.00 1.31 0.00 0.00 0.00 0.00 0.00 0.00 0.00 0.00 0.00 0.00 0.00 0.00 0.00 0.00 1.24 2.19 5.48 4.09 3.80 2.92 2.19 1.61 2.19 3.07 2.63 4.02 4.23 5.69 6.06 4.96 2.63 2.63 2.41 2.85 1.39 5.91 9.78 9.64 8.32 6.94 5.26 5.48 5.91 0.00 0.00 0.00 0.00
0.00 1.68 1.83 2.63 0.00 0.00 0.00 0.00 3.72 0.00 3.80 0.00 0.00 3.65 3.43 3.29 0.00 0.00 0.00 3.87 3.50 3.58 0.00 3.43 0.00 0.00 0.00 0.00 2.41 0.00 0.00 2.77 0.00 0.00 0.00 0.00 1.31 0.95 0.80 0.00 0.00 0.00 0.00 0.00 0.00 0.00 0.00 0.00 0.00 0.00 1.31 1.68 2.56 4.38 5.33 5.48 2.92 1.17 3.07 1.75 2.71 4.32 5.72 6.13 6.06 6.42 7.15 5.04 5.04 4.16 5.33 1.75 3.14 5.11 5.33 6.35 7.08 6.50 7.74 6.50 5.40 6.50 5.33 0.00
1.53 1.83 2.26 3.21 2.56 2.48 2.99 3.07 2.63 3.29 3.50 3.58 3.29 0.00 3.21 3.72 3.65 3.80 3.80 4.02 4.23 4.67 4.60 4.45 0.00 2.77 2.41 3.58 0.00 3.29 0.00 0.00 0.00 0.00 0.00 0.00 0.00 0.00 6.57 5.62 0.00 0.00 2.26 2.26 0.00 0.80 0.66 1.17 1.17 2.63 1.39 2.19 3.14 4.82 8.98 10.29 7.37 9.20 6.06 5.99 5.48 4.38 6.56 7.37 5.40 5.99 3.43 4.02 4.02 5.77 8.10 10.66 5.69 4.74 2.77 3.43 3.58 6.50 8.69 8.47 8.61 8.98 0.00 0.00
1.31 1.46 1.68 1.83 0.00 2.48 2.92 0.00 0.00 2.34 2.48 3.43 0.00 0.00 2.92 3.36 3.50 3.07 3.07 4.31 4.09 4.31 3.58 3.65 0.00 3.43 2.92 3.94 0.00 0.00 0.00 0.00 0.00 0.00 0.00 0.00 0.00 4.67 6.72 6.64 4.96 3.21 1.68 1.68 2.34 0.00 2.04 0.51 0.80 1.02 2.41 2.70 3.14 4.96 7.59 10.07 11.17 12.41 9.13 6.86 4.16 6.42 5.69 6.50 5.04 5.40 3.94 1.90 1.90 3.21 6.06 10.15 8.03 3.43 4.02 2.34 2.56 3.36 6.13 7.81 8.91 9.34 5.69 0.00
1.75 1.68 0.00 0.00 0.00 0.00 0.00 2.92 2.85 0.00 3.72 0.00 3.14 3.36 3.87 3.80 3.58 3.80 3.80 3.65 4.16 3.94 2.77 1.97 2.77 3.43 3.50 3.21 2.63 0.00 0.00 2.34 0.00 0.00 0.00 0.00 0.00 2.63 0.00 4.45 3.65 3.50 5.18 5.18 3.29 3.94 4.31 0.51 3.87 1.53 1.31 1.90 2.70 5.11 7.81 9.13 10.00 9.42 11.24 7.81 4.16 6.13 6.13 5.77 5.90 5.79 6.86 4.74 4.74 4.89 3.58 7.08 10.37 6.13 3.21 2.41 0.00 0.00 4.45 4.45 7.37 0.00 0.00 0.00
2.48 1.75 0.00 1.53 0.00 0.00 0.00 0.00 0.00 3.07 3.94 3.87 3.36 2.77 3.58 3.72 3.50 3.29 3.29 3.80 3.50 3.43 2.92 2.41 3.14 3.07 3.58 3.29 0.00 0.00 0.00 0.00 2.70 0.00 0.00 0.00 0.00 0.00 0.00 0.00 0.00 3.43 5.26 5.26 7.15 8.03 6.86 5.04 4.82 4.82 2.41 3.36 2.56 8.03 8.18 8.10 7.23 6.35 10.08 7.15 2.92 4.89 6.26 8.32 9.71 10.08 9.68 9.42 9.42 7.52 4.09 3.87 8.54 6.28 3.94 3.72 4.60 5.33 6.57 4.20 4.27 0.00 0.00 0.00
0.73 0.00 0.00 1.46 1.46 0.00 0.00 0.00 0.00 2.19 0.00 3.50 0.00 0.00 2.63 3.21 0.00 3.07 3.07 3.36 3.43 2.19 2.70 2.19 2.63 3.07 3.50 2.34 0.00 0.00 0.00 0.00 0.00 3.14 0.00 0.00 0.00 0.00 0.00 0.00 0.00 0.00 4.89 4.89 7.08 8.03 8.83 8.47 6.57 5.11 7.74 7.74 11.97 9.13 7.45 8.32 5.62 5.48 4.82 4.02 2.18 3.50 4.72 7.81 9.71 11.83 12.53 8.81 8.53 5.28 5.55 5.48 6.64 6.13 5.40 4.74 5.26 7.23 6.73 6.19 0.00 0.00 0.00 0.00
0.66 1.02 0.00 1.17 0.00 0.00 2.26 1.90 1.24 1.39 0.00 0.00 0.00 0.00 0.00 0.00 0.00 0.00 0.00 2.70 2.70 0.00 2.56 0.00 0.00 2.56 0.00 0.00 0.00 0.00 0.00 0.00 0.00 0.00 0.00 0.00 0.00 0.00 0.00 0.00 0.00 0.88 0.00 0.00 4.31 6.20 6.79 4.67 9.05 6.42 8.76 11.53 12.99 11.90 12.34 7.59 6.28 8.61 3.02 1.99 2.34 2.04 2.91 4.94 7.15 11.77 11.32 9.71 9.76 7.26 6.31 6.86 6.50 5.84 4.62 4.74 4.89 5.99 7.19 7.22 6.49 4.89 0.00 0.00
0.15 0.58 0.95 0.95 1.31 1.17 2.34 2.34 1.97 0.00 0.00 0.00 0.00 0.00 0.00 0.00 0.00 1.75 1.75 0.00 0.00 0.00 0.00 0.00 0.00 0.00 0.00 0.00 0.00 0.00 0.00 0.00 0.00 0.00 0.00 0.00 0.00 0.00 0.00 0.00 0.00 0.00 0.00 0.00 2.77 3.21 4.67 3.14 6.13 8.32 9.64 11.32 12.92 12.19 13.21 12.78 11.90 12.78 4.23 2.99 5.09 3.29 3.32 2.97 5.69 11.35 11.61 8.91 8.91 6.19 5.28 7.87 8.95 7.04 5.94 4.42 3.29 0.00 4.82 6.26 6.55 5.95 0.00 0.00
0.88 1.17 0.95 0.80 1.10 1.61 1.90 0.00 0.00 0.00 0.00 0.00 0.00 0.00 0.00 0.00 1.68 1.68 1.68 0.00 0.00 2.19 2.04 0.00 0.00 0.00 0.00 0.00 0.00 0.00 0.00 0.00 0.00 0.00 0.00 0.00 0.00 0.00 0.00 0.44 0.00 0.00 1.61 1.61 0.00 1.90 2.41 2.63 5.55 7.88 9.78 9.56 10.15 14.09 12.63 12.70 12.95 14.24 10.88 10.00 8.47 3.73 2.25 3.77 6.85 9.51 9.68 6.86 6.86 3.98 3.39 5.98 8.75 8.14 8.45 6.31 5.48 3.56 3.53 0.00 7.19 8.98 7.73 7.25
1.83 1.02 0.80 1.10 1.31 1.83 0.00 0.00 0.00 0.00 0.80 0.00 0.00 0.00 0.00 1.97 0.88 1.53 1.53 0.00 0.00 0.00 1.17 0.00 0.00 0.00 0.00 0.00 0.00 0.00 0.00 0.00 0.00 0.00 0.00 0.00 0.58 0.00 0.00 0.00 0.00 0.00 0.29 0.29 0.00 0.00 4.53 4.31 5.18 7.52 9.13 9.93 9.76 10.91 11.08 14.23 15.50 14.45 13.87 12.41 10.95 4.62 2.77 2.82 3.22 7.02 3.94 2.19 2.20 3.42 6.04 5.60 7.34 7.05 9.04 8.47 7.15 5.75 3.75 0.00 0.00 7.93 8.92 10.61
1.97 2.19 2.04 1.61 1.61 1.39 0.00 0.00 0.00 0.00 1.83 0.00 0.00 0.00 0.00 0.00 0.37 0.00 0.00 0.00 0.00 0.00 0.00 0.00 0.00 0.00 1.17 0.00 1.02 0.00 0.00 0.00 0.00 0.00 0.00 1.10 0.00 0.37 0.00 0.00 0.00 0.00 0.00 0.00 0.00 2.92 4.02 5.99 12.05 9.86 10.51 8.61 9.42 9.33 11.78 12.87 12.02 16.86 15.64 13.42 10.93 5.94 2.60 2.64 1.27 5.64 3.59 1.10 1.10 1.84 2.99 3.16 5.23 8.73 7.26 7.41 5.74 4.39 3.82 4.28 0.00 11.20 11.11 6.06
2.41 0.00 2.34 1.24 1.90 2.63 2.48 1.75 2.26 1.75 3.14 0.00 0.00 0.00 0.00 0.00 0.00 0.00 0.00 0.00 0.00 0.00 0.00 0.00 0.00 0.00 0.00 1.61 0.00 0.00 0.00 0.00 0.00 0.00 0.00 1.90 0.00 0.00 0.00 0.00 0.00 0.00 0.07 0.07 0.95 7.01 7.66 9.93 15.70 11.32 11.32 10.00 8.18 9.54 10.50 10.54 7.26 13.38 12.75 7.78 6.47 4.87 4.44 3.94 3.03 1.90 2.74 1.48 1.46 0.00 0.00 3.42 5.53 7.42 5.91 5.94 5.85 3.73 4.24 0.00 6.47 8.13 10.62 8.85
2.63 0.00 0.00 1.53 1.97 2.26 2.19 2.92 3.80 2.19 1.90 3.43 0.15 1.68 1.61 0.00 0.00 0.00 0.00 0.00 0.00 0.00 0.00 0.00 0.00 0.00 1.53 2.56 1.75 0.00 0.00 0.22 0.00 0.00 0.00 0.00 0.00 0.00 0.00 0.00 4.09 5.40 4.23 4.23 5.40 9.78 10.95 13.72 15.18 14.53 12.27 10.60 9.78 10.83 10.63 7.41 6.72 7.37 6.91 6.12 6.38 6.69 5.66 4.31 1.56 1.27 2.08 1.66 1.61 0.00 0.00 2.21 5.84 6.36 7.34 4.53 5.27 3.63 4.92 0.00 0.00 4.47 9.09 6.93
3.58 3.43 3.80 2.85 7.08 5.55 7.23 5.18 5.99 3.14 5.62 4.23 3.21 2.04 3.21 1.46 2.04 1.46 1.46 0.73 1.31 0.80 0.00 0.00 1.17 2.48 1.83 1.53 0.80 1.53 1.10 0.73 1.17 1.61 1.10 0.37 0.00 2.85 2.34 3.21 4.67 4.74 6.50 6.50 9.64 14.24 13.14 11.10 11.10 10.07 10.46 8.89 10.56 8.61 7.41 6.27 6.28 8.15 8.30 8.66 7.70 7.19 5.97 7.53 2.99 1.83 1.38 0.00 0.00 0.00 0.00 3.18 4.58 7.90 7.19 3.80 0.00 0.00 0.00 0.00 0.00 0.00 4.99 0.00
9.93 8.83 6.86 10.29 10.15 8.61 8.25 5.62 0.00 0.00 0.00 4.09 4.45 4.45 2.34 2.04 2.12 1.75 1.75 1.31 0.58 1.75 0.00 0.80 1.10 1.24 0.88 0.29 0.73 1.83 1.31 0.58 1.46 1.53 1.24 0.80 3.65 2.12 0.58 1.24 2.12 2.70 6.50 6.50 8.69 10.80 12.70 8.76 9.48 8.59 8.28 7.34 8.70 7.26 8.10 7.16 5.49 7.89 9.57 11.74 10.32 9.30 8.03 7.75 4.45 2.63 0.95 0.31 0.30 0.00 0.00 0.00 2.02 5.59 7.61 4.23 0.00 0.00 0.00 0.00 0.00 0.00 0.00 0.00
8.25 11.17 11.24 10.88 12.41 11.24 10.15 5.69 0.00 0.00 0.00 0.00 4.02 4.02 3.80 2.12 2.92 2.26 2.26 1.17 1.97 1.75 0.51 1.02 0.00 0.00 0.29 0.00 0.15 0.80 0.00 1.46 0.88 2.04 1.97 2.12 2.56 0.37 0.15 0.29 1.83 3.29 8.03 8.03 6.42 9.49 8.40 7.52 9.73 8.50 8.52 8.46 7.93 7.98 7.64 4.23 0.00 8.52 8.82 9.79 11.07 9.76 7.15 6.28 4.23 2.01 1.86 0.66 0.73 0.00 0.00 0.00 0.00 2.20 5.39 5.46 2.63 0.00 0.00 0.00 0.00 0.00 0.00 4.87
0.00 6.86 9.71 0.00 8.76 13.14 10.51 8.95 4.02 0.00 0.00 0.00 0.00 0.00 2.99 3.50 1.90 2.85 2.85 2.26 1.39 1.10 0.73 0.00 0.00 0.00 0.00 0.00 0.51 1.02 0.15 0.29 0.00 0.66 0.95 2.19 0.80 0.07 0.22 0.00 0.88 3.29 2.99 2.99 5.04 6.64 7.30 8.36 8.32 9.44 7.14 9.37 8.98 8.57 7.02 4.84 0.00 0.00 0.00 5.74 11.85 11.29 9.39 9.71 6.57 2.63 2.41 0.94 0.91 0.00 0.00 0.00 0.00 0.00 4.51 6.06 3.19 0.00 0.00 0.00 0.00 0.00 3.02 5.79
0.00 0.00 0.00 0.00 0.00 9.27 11.10 10.44 8.76 2.85 0.00 0.00 1.61 1.10 0.00 1.39 1.53 2.41 2.41 1.10 1.17 0.58 1.17 0.00 0.00 0.00 0.00 0.00 0.07 0.51 0.00 0.00 0.00 0.00 0.44 1.17 0.37 0.00 0.00 0.00 0.00 1.61 4.45 4.45 3.87 4.89 6.28 8.91 9.27 8.69 9.19 9.63 7.57 7.21 7.25 0.00 0.00 0.00 0.00 7.03 7.26 9.42 10.17 11.48 6.09 3.69 3.03 2.47 2.49 1.11 0.00 0.00 0.00 3.71 4.15 2.55 0.00 0.00 0.00 0.00 0.00 0.00 4.51 5.19
0.00 0.00 0.00 0.00 0.00 9.42 10.51 13.14 11.83 8.61 4.09 1.75 2.41 1.46 0.00 0.80 1.75 1.46 1.46 0.00 0.00 0.00 0.95 0.00 0.00 0.00 0.00 0.00 0.00 0.00 0.00 0.00 0.00 0.51 0.15 0.88 0.37 0.00 0.00 0.00 0.00 0.00 2.77 2.77 0.66 3.21 6.31 8.98 8.37 10.91 9.43 9.79 8.09 0.00 0.00 0.00 0.00 0.00 0.00 0.00 6.68 8.58 8.79 9.93 10.03 8.15 6.22 4.71 5.51 4.52 3.38 0.00 0.00 0.00 0.00 0.00 0.00 0.00 0.00 0.00 0.00 0.00 6.98 4.43
0.00 0.00 0.00 0.00 9.05 0.00 10.51 12.05 11.90 11.83 4.23 3.29 4.74 1.10 1.31 3.72 1.68 0.95 0.95 0.00 0.00 0.00 0.00 0.00 0.00 0.00 0.00 0.00 0.00 0.00 0.00 0.00 0.00 0.00 0.00 0.00 0.00 0.00 0.00 0.00 0.00 0.00 0.00 0.00 0.95 1.10 3.08 6.24 5.96 9.20 7.42 8.32 0.00 0.00 0.00 0.00 0.00 0.00 0.00 0.00 6.19 7.69 6.98 11.77 13.23 12.28 12.14 8.28 9.27 6.50 6.65 3.77 0.97 0.00 0.00 0.00 0.00 0.00 0.00 0.00 0.00 0.00 7.45 6.15
0.00 0.00 0.00 0.00 0.00 0.00 0.00 12.48 10.07 6.79 5.62 4.82 5.40 4.31 3.72 6.74 5.16 2.48 2.48 0.00 0.00 0.00 0.00 0.00 0.00 0.00 0.00 0.00 0.00 0.00 0.00 0.00 0.00 0.00 0.00 0.00 0.88 0.00 0.00 0.00 0.00 0.00 0.07 0.07 0.22 1.17 0.51 3.29 5.35 7.62 6.82 7.47 0.00 0.00 0.00 0.00 0.00 0.00 0.00 0.00 0.00 0.00 6.56 9.96 16.96 16.77 17.27 9.55 9.76 11.83 10.85 5.86 3.43 0.00 0.00 0.00 0.00 0.00 0.00 0.00 0.00 0.00 0.00 0.00
0.00 0.00 0.00 0.00 0.00 0.00 0.00 7.01 9.86 6.06 8.03 6.94 8.40 7.66 7.23 8.29 7.66 6.53 6.10 2.48 0.73 0.00 0.00 0.00 0.00 0.00 0.44 0.00 0.00 0.00 0.00 0.00 0.00 0.00 0.00 1.39 0.00 0.00 0.00 0.66 0.00 0.00 1.24 1.24 0.00 0.37 0.59 1.93 5.12 8.55 5.50 8.48 0.00 0.00 0.00 0.00 0.00 0.00 0.00 0.00 0.00 0.00 0.00 0.00 18.04 23.87 20.08 14.60 17.84 12.47 7.98 5.62 2.61 0.00 0.00 0.00 3.27 0.00 0.00 0.00 0.00 0.00 0.00 0.00
0.00 0.00 0.00 0.00 0.00 0.00 0.00 0.00 0.00 0.00 0.00 0.00 0.00 0.00 0.00 0.00 6.50 6.88 6.99 7.81 9.78 1.68 5.33 4.23 2.12 1.75 4.38 2.04 4.02 0.00 0.00 5.26 2.70 1.02 2.48 7.45 5.33 3.50 2.26 7.26 5.12 3.61 6.13 6.13 4.89 2.56 2.41 3.23 0.00 0.00 0.00 0.00 0.00 0.00 0.00 0.00 0.00 0.00 0.00 0.00 0.00 0.00 0.00 0.00 0.00 19.95 17.19 14.97 16.73 16.44 12.51 9.21 8.14 5.10 0.00 0.00 4.40 0.00 0.00 0.00 0.00 0.00 0.00 0.00
0.00 0.00 0.00 0.00 0.00 0.00 0.00 0.00 0.00 0.00 0.00 0.00 0.00 0.00 0.00 0.00 0.00 0.00 0.00 5.69 8.79 6.58 5.99 7.30 6.42 8.85 10.63 6.28 3.43 5.69 5.04 6.28 0.00 4.45 5.33 8.32 10.37 7.59 8.25 6.86 7.55 9.73 8.03 8.97 9.49 7.59 4.38 1.80 0.00 0.00 0.00 0.00 0.00 0.00 0.00 0.00 0.00 0.00 0.00 0.00 0.00 0.00 0.00 0.00 21.40 13.22 11.58 0.00 0.00 0.00 0.00 0.00 0.00 0.00 0.00 0.00 0.00 0.00 0.00 0.00 0.00 0.00 0.00 0.00
0.00 0.00 0.00 0.00 0.00 0.00 0.00 0.00 0.00 0.00 0.00 0.00 0.00 0.00 0.00 0.00 0.00 0.00 0.00 0.00 0.00 0.00 4.02 5.33 7.23 0.00 9.46 10.51 6.72 8.98 9.64 11.02 5.48 3.50 7.30 0.00 5.84 8.76 7.88 0.00 0.00 0.00 9.53 12.10 10.11 9.07 6.38 0.00 0.00 0.00 0.00 0.00 0.00 0.00 0.00 0.00 0.00 0.00 0.00 0.00 0.00 0.00 0.00 0.00 0.00 0.00 0.00 0.00 0.00 0.00 0.00 0.00 0.00 0.00 0.00 0.00 0.00 0.00 0.00 0.00 0.00 0.00 0.00 0.00
0.00 0.00 0.00 0.00 0.00 0.00 0.00 0.00 0.00 0.00 0.00 0.00 0.00 0.00 0.00 0.00 0.00 0.00 0.00 0.00 0.00 0.00 0.00 0.00 0.00 0.00 0.00 7.52 7.81 8.32 0.00 8.28 10.16 7.15 0.00 0.00 0.00 0.00 0.00 0.00 0.00 0.00 0.00 0.00 12.20 0.00 7.43 0.00 0.00 0.00 0.00 0.00 0.00 0.00 0.00 0.00 0.00 0.00 0.00 0.00 0.00 0.00 0.00 0.00 0.00 0.00 0.00 0.00 0.00 0.00 0.00 0.00 0.00 0.00 0.00 0.00 0.00 0.00 0.00 0.00 0.00 0.00 0.00 0.00
