Wansh/Snow_depth/snowdepth-1997/spring/1997075.txt
ncols 321
nrows 161
xllcenter 60
yllcenter 15 
cellsize  0.25 
NODATA_value -1
[rows 0 to 36 of 161, columns 168 to 251 of 321]
12.41 8.32 5.40 5.18 5.77 5.91 6.13 5.91 6.13 6.13 4.53 5.26 4.96 4.67 4.67 4.82 6.28 5.91 9.13 10.22 10.51 8.25 8.25 7.96 6.20 6.64 5.33 5.77 3.29 0.15 0.00 7.23 12.85 11.83 13.72 13.72 13.07 13.07 15.84 18.03 17.59 19.93 24.67 26.79 25.19 28.54 27.81 28.76 26.50 20.73 17.16 15.40 15.99 15.99 15.26 15.77 15.55 15.18 15.18 18.69 18.69 20.22 20.73 25.04 23.43 25.11 23.65 23.14 23.07 21.61 18.76 18.25 18.32 17.30 17.52 17.52 19.13 19.42 19.20 19.20 17.23 19.27 17.16 15.18
10.07 8.32 9.20 9.93 7.01 6.13 3.87 4.82 4.89 4.89 4.16 5.84 6.13 6.20 5.62 6.72 6.06 8.91 8.10 10.51 8.32 8.91 7.88 7.66 8.10 3.72 1.97 1.97 2.12 4.96 4.96 8.98 8.03 12.92 11.97 11.97 12.41 13.14 18.25 17.30 21.02 25.55 28.03 27.89 29.05 26.35 27.01 25.77 22.48 20.88 22.05 18.98 18.83 17.01 16.35 15.62 20.51 18.25 19.42 20.59 20.59 19.93 21.24 22.41 22.56 23.21 23.73 21.24 20.51 19.13 19.35 17.96 18.10 18.03 17.59 16.06 16.35 18.25 15.26 18.76 15.77 12.26 16.28 13.43
19.20 10.59 11.83 10.88 14.16 14.09 5.69 5.48 5.26 5.26 5.69 5.77 5.91 5.91 6.20 7.15 10.80 9.93 12.41 10.51 10.88 9.49 8.32 7.88 3.65 5.18 0.00 1.17 0.58 5.11 8.98 7.96 12.26 14.24 12.78 12.78 12.26 17.45 15.70 23.65 26.28 25.62 27.81 23.73 22.85 21.02 21.83 19.20 18.98 19.49 19.13 20.08 18.83 19.13 17.89 18.03 17.96 17.52 18.10 20.15 20.15 20.29 21.17 21.75 21.53 20.59 21.68 21.61 21.61 17.30 17.89 17.52 16.72 13.72 13.94 13.65 11.32 11.46 14.02 12.56 13.72 12.26 12.70 11.32
19.20 10.59 11.83 10.88 14.16 14.09 5.69 5.48 5.26 5.26 5.69 5.77 5.91 5.91 6.20 7.15 10.80 9.93 12.41 10.51 10.88 9.49 8.32 7.88 3.65 5.18 0.00 1.17 0.58 5.11 8.98 7.96 12.26 14.24 12.78 12.78 12.26 17.45 15.70 23.65 26.28 25.62 27.81 23.73 22.85 21.02 21.83 19.20 18.98 19.49 19.13 20.08 18.83 19.13 17.89 18.03 17.96 17.52 18.10 20.15 20.15 20.29 21.17 21.75 21.53 20.59 21.68 21.61 21.61 17.30 17.89 17.52 16.72 13.72 13.94 13.65 11.32 11.46 14.02 12.56 13.72 12.26 12.70 11.32
16.94 17.37 19.35 16.43 16.57 12.48 14.38 9.78 5.40 5.40 5.18 6.35 8.25 8.76 12.78 17.52 12.56 13.94 14.45 10.95 9.71 10.00 7.23 2.99 4.82 0.00 0.00 0.00 3.36 8.54 7.74 11.24 13.72 13.36 12.70 12.70 13.21 14.16 21.32 21.83 23.29 23.29 23.58 21.02 21.39 19.49 20.51 20.29 20.08 19.56 18.83 18.40 17.52 18.83 19.05 19.64 19.27 19.56 19.64 19.71 19.71 20.08 19.49 20.22 20.15 20.44 21.46 17.16 16.72 16.35 13.14 12.92 12.99 12.26 10.44 10.29 10.80 12.78 11.61 12.70 13.14 13.14 13.94 14.60
18.32 21.02 20.73 20.22 18.91 16.06 11.90 9.78 11.75 11.75 11.02 10.80 11.53 14.97 14.67 18.10 17.81 18.61 10.95 7.81 7.96 2.92 0.00 0.00 0.00 0.00 0.00 0.95 0.00 6.35 10.95 12.63 12.26 14.60 16.86 16.86 16.28 19.20 21.10 20.66 22.27 22.85 22.92 23.65 20.22 19.86 18.98 20.00 19.49 20.29 20.15 20.59 18.18 20.88 20.00 20.44 18.25 17.74 15.84 18.18 18.18 17.67 19.49 19.42 15.48 14.45 14.45 13.43 11.32 12.63 12.63 12.34 10.00 9.93 10.22 10.00 10.22 12.26 12.34 13.07 13.07 15.33 14.60 15.77
17.16 20.51 21.61 21.97 20.88 20.08 20.29 15.26 13.29 13.29 13.58 14.89 19.20 18.61 20.95 17.59 18.54 10.73 12.41 6.13 1.39 2.92 0.00 0.00 0.00 0.00 0.00 0.00 7.23 10.37 9.49 11.83 13.94 13.14 16.13 16.13 23.07 22.05 22.19 20.88 21.61 21.02 21.61 21.90 21.24 21.97 20.88 19.35 18.10 18.98 18.91 20.59 22.70 21.02 16.13 15.04 15.48 15.04 15.33 16.50 16.50 17.67 16.28 16.79 14.75 13.29 10.44 11.02 11.24 10.66 9.42 9.78 8.83 7.88 8.47 8.98 8.98 11.61 11.61 13.46 18.66 18.97 22.30 23.92
17.16 20.51 21.61 21.97 20.88 20.08 20.29 15.26 13.29 13.29 13.58 14.89 19.20 18.61 20.95 17.59 18.54 10.73 12.41 6.13 1.39 2.92 0.00 0.00 0.00 0.00 0.00 0.00 7.23 10.37 9.49 11.83 13.94 13.14 16.13 16.13 23.07 22.05 22.19 20.88 21.61 21.02 21.61 21.90 21.24 21.97 20.88 19.35 18.10 18.98 18.91 20.59 22.70 21.02 16.13 15.04 15.48 15.04 15.33 16.50 16.50 17.67 16.28 16.79 14.75 13.29 10.44 11.02 11.24 10.66 9.42 9.78 8.83 7.88 8.47 10.38 12.38 16.70 15.90 22.87 30.81 25.25 28.69 24.82
19.20 21.39 20.22 19.49 21.75 20.15 17.96 17.96 14.89 14.89 17.37 15.26 20.59 21.17 20.95 18.61 10.44 11.83 2.34 0.00 0.00 0.00 0.00 0.00 0.00 2.41 1.17 5.99 8.18 7.08 10.44 12.26 12.70 17.01 24.31 24.31 23.51 23.65 19.86 19.93 21.61 21.68 21.17 23.51 23.58 23.21 23.58 22.63 21.24 21.17 20.44 22.05 21.46 15.55 15.18 14.75 14.67 17.16 17.52 17.52 17.52 18.54 18.54 17.45 14.24 15.33 12.92 11.10 10.15 10.29 9.78 8.98 9.64 8.65 9.89 11.37 13.88 15.37 16.58 19.43 23.80 26.07 23.78 24.16
9.05 16.79 16.13 16.35 16.50 16.35 17.59 15.18 15.33 15.33 18.61 19.86 20.00 14.97 9.78 16.43 7.01 0.00 1.39 0.00 0.00 0.00 0.00 0.07 0.00 4.89 7.08 6.64 7.15 10.15 9.93 10.95 11.97 15.84 19.13 19.13 21.24 20.44 19.42 21.10 20.51 22.70 23.58 23.07 23.29 23.36 21.97 23.14 22.85 19.78 18.91 16.72 18.76 19.56 14.53 14.89 16.94 19.20 18.98 20.37 20.37 18.10 19.49 16.94 15.55 13.14 13.51 10.44 10.15 10.88 10.66 10.29 9.63 12.68 12.42 14.28 15.76 16.86 20.06 22.96 20.42 19.60 26.41 27.16
8.32 8.91 8.76 14.45 13.80 15.84 15.55 15.48 16.13 16.13 17.01 17.89 12.34 13.43 8.32 0.00 0.00 0.00 3.65 5.99 6.28 5.77 8.03 7.01 9.05 9.56 9.20 10.51 10.95 11.10 10.66 10.15 9.86 12.34 14.67 14.67 16.43 19.71 19.13 20.37 21.02 21.24 21.02 17.59 16.50 20.66 20.95 17.74 18.54 18.25 17.01 16.50 15.70 16.64 19.13 18.10 19.71 25.33 29.78 25.55 25.55 23.21 23.07 19.20 14.89 12.12 10.15 10.66 11.24 11.24 11.32 11.75 8.24 10.15 10.16 13.48 15.91 18.22 15.92 17.67 19.22 19.47 19.23 19.89
8.32 8.91 8.76 14.45 13.80 15.84 15.55 15.48 16.13 16.13 17.01 17.89 12.34 13.43 8.32 0.00 0.00 0.00 3.65 5.99 6.28 5.77 8.03 7.01 9.05 9.56 9.20 10.51 10.95 11.10 10.66 10.15 9.86 12.34 14.67 14.67 16.43 19.71 19.13 20.37 21.02 21.24 21.02 17.59 16.50 20.66 20.95 17.74 18.54 18.25 17.01 16.50 15.70 16.64 19.13 18.10 19.71 25.33 29.78 25.55 25.55 23.21 23.07 19.20 14.89 12.12 10.15 10.66 11.24 11.24 11.32 11.75 8.03 10.00 9.86 12.51 14.18 16.87 16.98 18.33 19.22 19.04 21.13 21.28
10.51 9.78 10.59 9.56 9.27 12.48 13.29 13.07 13.29 13.29 7.88 2.41 3.58 0.00 0.00 0.00 0.00 7.96 5.62 10.51 8.03 8.18 7.96 9.13 8.76 9.71 10.88 10.80 11.10 10.29 8.98 9.34 8.91 12.48 15.77 15.77 15.84 16.43 17.45 19.93 18.10 18.83 15.55 16.50 14.75 13.07 13.58 16.13 17.30 16.86 17.08 16.94 16.43 17.74 20.08 22.92 26.86 25.70 28.84 28.54 28.54 19.05 17.52 18.40 15.33 14.82 13.29 13.43 12.19 14.16 12.41 12.19 12.78 10.51 9.06 12.38 14.03 15.23 17.69 17.76 18.55 20.40 21.45 21.09
12.63 12.34 10.88 11.10 9.86 9.05 9.05 10.73 6.79 6.79 8.32 2.41 0.00 0.22 0.00 0.58 4.31 4.31 8.76 11.46 10.88 12.70 11.32 12.19 10.15 11.10 10.88 12.48 11.75 9.78 10.22 9.13 9.13 11.24 11.24 11.24 13.72 15.84 15.04 16.28 16.13 13.80 16.06 13.58 10.95 10.07 10.95 14.75 16.21 15.62 15.26 16.28 15.33 17.37 18.54 20.51 20.59 18.18 19.05 18.98 18.98 18.69 20.73 20.15 17.81 18.47 16.57 16.94 16.50 15.91 18.25 14.24 14.24 13.36 13.44 15.51 11.34 14.71 20.89 17.25 19.30 17.99 17.60 21.55
16.50 15.84 15.11 11.53 11.83 10.88 10.37 11.02 9.42 9.42 8.03 4.82 2.26 2.04 1.97 2.48 4.09 7.81 6.28 11.97 13.58 13.21 14.09 12.12 12.70 11.68 12.41 13.14 12.34 12.78 10.07 9.42 9.56 10.15 11.24 11.24 12.56 14.31 12.48 12.12 12.70 11.83 8.98 10.44 11.83 15.11 15.04 16.28 15.84 16.13 16.64 16.86 18.47 17.52 22.56 22.48 22.85 19.35 19.56 19.78 19.78 21.24 21.17 20.73 22.56 21.53 21.83 19.13 22.48 21.10 21.97 18.40 16.95 14.40 15.55 16.15 17.28 16.55 17.30 17.59 18.52 17.63 19.09 16.29
16.94 15.11 15.70 14.16 13.43 13.29 12.34 10.95 10.95 10.95 10.95 10.51 8.69 9.05 7.96 6.42 4.74 4.82 6.79 10.07 12.41 12.41 15.62 15.11 16.35 16.57 13.29 13.80 12.12 11.02 10.73 10.51 10.95 11.24 11.39 11.39 12.12 11.02 11.39 11.83 8.98 8.25 9.27 10.88 12.41 11.97 13.14 14.97 12.70 14.60 16.35 13.51 16.35 19.64 20.95 22.19 22.48 20.51 20.51 19.56 19.56 21.75 25.04 23.80 24.09 20.88 20.88 23.21 21.83 25.55 23.80 25.74 21.37 18.59 17.70 15.80 18.62 17.30 17.63 18.47 19.13 20.44 18.62 17.50
16.94 15.11 15.70 14.16 13.43 13.29 12.34 10.95 10.95 10.95 10.95 10.51 8.69 9.05 7.96 6.42 4.74 4.82 6.79 10.07 12.41 12.41 15.62 15.11 16.35 16.57 13.29 13.80 12.12 11.02 10.73 10.51 10.95 11.24 11.39 11.39 12.12 11.02 11.39 11.83 8.98 8.25 9.27 10.88 12.41 11.97 13.14 14.97 12.70 14.60 16.35 13.51 16.35 19.64 20.95 22.19 22.48 20.51 20.51 19.56 19.56 21.75 25.04 23.80 24.09 20.88 20.88 23.21 21.83 25.55 23.80 31.60 20.02 20.21 15.89 19.55 18.89 19.12 17.98 16.66 18.49 17.58 20.25 19.87
12.48 15.18 14.60 13.58 13.87 11.53 11.32 11.68 12.78 12.78 11.02 11.61 8.32 8.25 8.18 7.15 4.67 5.26 4.96 6.86 10.44 9.42 13.58 14.97 14.67 15.33 14.38 12.26 11.75 12.12 10.95 11.39 12.26 11.75 11.90 11.90 12.26 12.34 10.29 8.98 9.93 11.17 10.29 10.37 8.03 8.40 10.51 7.74 10.88 12.70 13.72 13.36 14.38 16.94 15.84 19.20 20.37 20.95 20.81 21.90 21.90 24.31 24.53 23.36 22.27 22.92 23.00 25.92 25.92 26.50 23.90 21.30 19.94 20.20 24.06 20.75 19.86 19.01 16.74 20.18 18.25 17.80 19.04 17.03
9.93 14.53 13.58 14.38 11.90 12.12 11.24 10.59 10.51 10.51 9.49 10.59 14.16 10.00 15.99 15.40 7.96 5.11 9.64 6.28 9.13 13.65 11.32 11.83 10.07 11.46 12.56 12.70 11.83 11.53 11.61 11.75 11.61 12.05 11.02 11.02 11.46 11.10 10.66 10.07 10.29 9.71 8.61 6.64 5.48 4.38 5.84 5.48 8.18 10.95 10.07 10.07 12.26 14.60 13.58 17.89 20.59 20.29 22.05 21.97 21.97 22.27 23.14 24.09 24.24 24.09 24.75 24.97 27.16 26.63 26.62 26.55 27.25 20.89 23.52 27.62 19.77 21.13 19.24 19.68 15.90 18.12 16.82 18.10
7.45 11.97 13.94 12.63 13.36 13.51 13.14 10.66 10.66 10.66 10.66 11.90 16.64 19.13 18.98 19.71 15.91 17.74 12.63 13.94 16.43 16.50 13.21 11.24 11.68 10.07 9.78 9.78 9.49 10.00 9.78 11.83 11.32 10.95 10.59 10.59 10.29 10.44 10.44 9.86 10.07 9.05 7.37 3.29 2.56 4.31 6.13 7.01 7.08 8.18 7.88 10.29 10.66 12.48 9.20 15.04 13.14 18.10 21.02 21.83 21.83 23.73 23.36 23.73 21.17 22.41 24.75 24.53 24.53 27.23 28.47 27.67 27.52 27.23 23.94 26.33 25.57 21.20 23.62 20.06 19.39 17.25 16.04 18.07
4.02 6.86 9.56 11.10 10.80 11.75 13.51 13.51 13.58 13.58 15.18 18.91 17.74 22.56 23.51 23.94 22.92 17.37 22.63 18.54 19.78 20.88 16.86 11.17 11.90 9.56 8.54 8.76 8.76 8.61 11.02 11.83 12.34 12.41 12.34 12.34 10.29 9.86 8.61 5.04 5.91 2.63 1.97 3.21 2.77 4.82 3.07 3.21 6.28 4.96 8.10 6.42 4.60 4.16 8.83 13.51 16.94 18.25 17.01 20.08 20.08 22.05 16.72 18.76 18.18 20.81 18.98 23.58 22.48 26.43 27.59 29.13 27.45 27.38 26.70 26.51 33.13 22.75 22.91 23.12 22.94 18.07 18.28 15.58
2.04 3.80 3.43 7.37 10.15 9.64 11.83 14.45 15.26 15.26 15.26 17.23 20.37 23.36 23.07 20.95 18.83 18.69 22.63 22.70 19.78 20.44 16.06 11.32 9.86 10.51 9.93 10.15 9.34 11.46 12.56 10.95 11.97 12.19 10.73 10.73 9.05 5.91 4.45 1.53 2.56 0.95 1.97 1.75 0.51 0.22 0.15 1.97 0.00 3.21 0.00 0.00 0.00 2.19 5.69 14.60 14.89 16.64 17.67 18.25 18.25 12.48 12.11 14.16 13.51 16.64 15.40 21.75 21.39 20.37 24.09 21.68 25.62 25.04 25.17 27.08 31.10 28.93 25.71 19.23 16.44 17.77 18.99 20.28
2.04 3.80 3.43 7.37 10.15 9.64 11.83 14.45 15.26 15.26 15.26 17.23 20.37 23.36 23.07 20.95 18.83 18.69 22.63 22.70 19.78 20.44 16.06 11.32 9.86 10.51 9.93 10.15 9.34 11.46 12.56 10.95 11.97 12.19 10.73 10.73 9.05 5.91 4.45 1.53 2.56 0.95 1.97 1.75 0.51 0.22 0.15 1.97 0.00 3.21 0.00 0.00 0.00 2.19 5.69 14.60 14.89 16.64 17.67 18.25 18.25 12.48 12.11 14.16 13.51 16.64 15.40 21.75 21.39 20.37 24.09 21.68 25.62 25.04 24.16 27.23 24.15 25.45 21.53 22.38 20.10 18.15 14.88 18.71
1.10 2.04 3.36 3.14 5.04 9.78 12.34 13.43 15.62 15.62 16.50 16.57 18.40 21.75 20.22 21.17 16.28 19.56 21.10 21.17 19.49 12.70 10.73 11.46 10.51 10.59 12.26 15.11 13.36 12.34 12.48 10.88 7.88 8.10 3.87 3.87 4.09 2.34 1.31 1.02 1.10 2.77 2.26 1.39 0.07 0.00 0.00 0.00 0.00 0.00 0.00 0.15 0.00 7.30 13.80 11.53 14.02 14.16 9.56 7.52 7.52 5.55 7.08 2.19 9.13 13.87 14.97 14.16 17.52 15.77 18.83 19.27 18.32 22.41 23.80 23.48 24.05 28.66 31.35 24.67 22.01 16.49 17.98 18.36
0.00 0.15 1.83 4.53 7.96 6.72 11.61 16.79 16.28 16.28 17.74 20.37 20.08 21.97 18.18 14.16 10.44 10.66 13.36 14.60 13.72 13.94 10.95 11.68 12.92 12.92 14.67 15.18 16.06 12.78 8.61 6.72 3.94 2.70 2.92 2.92 0.80 0.44 2.19 2.04 1.90 0.73 1.31 0.73 0.00 0.00 0.00 0.00 0.00 0.00 0.00 0.80 3.58 9.49 11.97 7.37 8.25 7.66 8.18 3.36 3.36 0.00 0.00 0.00 6.42 10.29 13.07 13.21 13.07 14.97 14.09 17.37 16.28 21.32 24.41 23.66 24.44 25.31 25.19 26.15 23.85 14.78 16.47 18.72
0.00 0.00 0.37 2.48 4.67 10.29 8.76 16.86 19.71 19.71 21.39 21.32 18.76 15.91 12.34 14.31 11.61 12.34 14.31 14.02 13.65 12.48 12.48 13.72 13.29 12.56 13.36 12.92 13.65 8.91 5.33 3.58 4.45 2.70 0.58 0.58 0.66 0.22 2.99 2.56 1.83 0.95 0.15 0.00 0.00 0.00 0.00 0.00 0.00 0.00 0.00 0.00 1.75 6.57 0.73 4.67 2.92 1.75 0.00 0.00 0.00 0.00 3.72 8.03 10.73 10.00 11.97 13.14 14.60 14.82 14.31 17.89 24.98 23.74 25.35 25.36 20.24 23.34 20.69 17.07 15.44 15.89 13.45 11.91
0.29 0.00 0.00 0.00 0.07 2.56 6.94 11.97 16.86 16.86 20.73 17.67 19.13 13.21 11.17 9.05 11.02 11.17 10.15 11.83 11.90 12.70 12.56 13.51 9.93 7.45 10.22 9.27 12.63 8.83 6.06 4.38 1.68 0.22 0.95 0.95 0.44 1.68 3.36 3.65 4.16 1.83 0.15 0.00 4.23 2.34 0.00 0.00 0.00 0.00 0.00 0.00 0.00 0.00 0.00 0.80 0.00 0.00 1.83 3.94 3.94 2.92 5.77 7.45 9.78 11.02 10.29 13.43 14.60 16.43 15.40 20.37 25.21 25.48 27.65 27.99 20.78 16.58 21.37 12.76 7.61 5.28 11.46 8.25
0.22 0.00 0.00 0.00 0.37 0.00 1.39 2.85 4.53 4.53 3.94 5.55 5.62 4.31 5.04 4.74 6.20 8.18 8.83 8.25 9.78 5.77 6.13 5.55 7.88 7.23 5.40 3.87 7.45 4.60 2.56 2.77 4.38 2.41 3.36 3.36 4.23 3.58 3.72 2.26 2.63 2.04 1.97 6.13 7.59 4.96 4.16 1.02 0.22 0.00 0.00 0.00 0.00 0.00 0.00 0.22 0.00 0.00 0.00 1.61 1.61 5.26 4.60 7.45 8.32 11.17 15.18 14.60 13.87 19.27 22.76 23.00 29.20 24.71 20.52 18.88 21.45 14.23 6.86 9.16 5.46 2.39 0.32 3.84
0.22 0.00 0.00 0.00 0.37 0.00 1.39 2.85 4.53 4.53 3.94 5.55 5.62 4.31 5.04 4.74 6.20 8.18 8.83 8.25 9.78 5.77 6.13 5.55 7.88 7.23 5.40 3.87 7.45 4.60 2.56 2.77 4.38 2.41 3.36 3.36 4.23 3.58 3.72 2.26 2.63 2.04 1.97 6.13 7.59 4.96 4.16 1.02 0.22 0.00 0.00 0.00 0.00 0.00 0.00 0.22 0.00 0.00 0.00 1.61 1.61 5.26 4.60 7.45 8.32 11.17 15.18 14.60 13.87 19.27 22.88 22.75 26.40 27.53 21.90 22.02 24.90 13.78 7.17 8.90 5.78 2.83 0.29 3.26
0.00 0.00 0.00 0.00 0.00 0.00 0.00 0.07 0.00 0.00 0.95 1.83 1.61 1.39 2.26 2.63 2.12 4.23 4.02 3.50 4.02 4.09 4.31 3.72 0.88 1.02 2.12 1.46 2.48 3.72 1.31 3.94 3.21 4.74 7.01 7.01 3.21 3.87 3.14 4.23 10.15 8.47 8.98 8.18 9.34 6.86 7.88 0.95 1.10 0.00 0.00 0.00 0.00 0.00 0.00 0.00 0.00 0.00 0.07 0.00 0.00 3.45 2.35 9.78 7.01 13.43 17.23 16.86 21.86 21.09 24.11 26.77 32.78 33.54 26.17 15.48 10.66 11.25 5.35 4.23 4.08 2.72 0.00 0.00
0.00 0.15 0.00 0.00 0.00 0.00 0.00 0.00 0.00 0.00 0.00 0.00 0.44 0.00 0.51 0.00 0.80 2.77 3.80 3.58 4.23 2.92 1.46 0.29 0.00 0.00 0.51 1.90 3.14 1.24 0.88 0.95 0.00 1.24 4.09 4.09 6.86 4.31 7.08 17.01 13.21 10.59 12.19 18.18 14.02 11.17 12.05 7.52 6.28 1.46 0.00 0.00 0.00 0.00 0.00 0.00 0.00 0.88 0.37 0.88 0.88 0.00 0.00 10.37 13.21 11.90 17.37 20.51 23.65 26.50 26.06 28.52 27.28 21.84 24.07 10.98 4.06 4.05 4.07 2.60 0.84 0.00 0.00 0.00
0.73 0.29 0.44 0.00 0.00 0.00 0.00 0.00 0.00 0.00 0.00 0.00 0.00 0.00 0.00 0.22 0.00 2.26 4.02 5.33 4.23 2.04 2.77 0.58 0.88 2.04 3.87 7.45 1.24 1.75 0.00 0.00 1.24 9.42 3.58 3.58 3.07 10.66 14.45 14.53 13.94 10.73 13.58 15.40 15.11 10.00 7.96 1.83 0.00 6.57 2.63 1.31 0.00 0.66 0.00 0.00 0.00 0.00 0.00 0.00 0.00 0.00 0.00 0.00 7.66 17.37 21.68 20.95 24.16 26.86 26.50 27.14 27.90 18.51 8.39 12.13 2.58 3.01 2.26 2.56 0.62 0.00 0.00 0.00
2.56 2.19 0.15 0.66 0.00 0.00 0.00 0.00 0.00 0.00 0.00 0.00 0.00 0.00 0.00 0.00 0.66 3.87 4.02 4.82 4.53 2.48 0.73 1.39 2.70 7.52 11.90 11.24 7.23 6.42 3.80 4.96 11.97 12.26 10.59 10.59 9.49 9.05 10.15 10.00 7.30 9.93 9.13 13.36 12.41 13.21 4.02 8.10 14.97 15.55 10.37 9.42 3.29 0.00 0.00 0.00 0.00 0.00 0.00 0.00 0.00 0.66 2.26 1.75 7.01 19.56 22.70 24.89 22.92 26.13 26.43 22.19 13.22 17.56 2.70 1.39 1.49 1.09 1.17 0.00 0.17 0.00 0.00 0.00
3.50 4.16 1.02 0.29 0.00 0.00 0.00 0.00 0.00 0.00 0.00 0.00 0.00 0.00 0.00 0.00 0.00 0.00 3.58 0.00 0.00 0.80 1.31 0.58 0.95 5.84 10.88 8.61 8.25 5.33 5.91 6.57 8.25 13.58 11.83 11.83 10.73 7.59 6.86 10.80 9.49 11.24 20.37 19.49 17.23 18.25 16.50 13.72 19.71 17.30 13.58 9.27 0.15 0.00 0.00 0.00 0.00 0.00 0.00 5.77 5.77 4.09 7.45 11.61 14.75 16.21 11.83 21.90 23.21 25.92 25.92 15.18 8.84 0.77 1.03 1.04 0.79 0.00 0.00 0.00 0.00 0.00 0.00 0.00
2.04 0.22 0.00 0.00 0.00 0.00 0.00 0.00 0.00 0.00 0.00 0.00 0.00 0.00 0.00 0.00 0.00 0.00 0.00 0.00 0.00 0.37 0.00 0.44 2.04 2.04 5.48 2.99 2.41 1.39 6.42 6.57 14.31 13.87 12.41 12.41 12.78 15.48 17.67 17.23 14.97 19.64 23.51 22.70 22.27 25.70 20.51 19.35 24.45 17.59 3.94 5.84 2.48 0.00 4.45 3.50 1.75 5.69 8.54 8.03 8.03 6.86 5.11 4.53 6.06 9.34 8.03 16.79 20.51 12.05 11.02 11.59 4.77 0.82 0.37 0.00 0.00 0.00 0.00 0.00 0.00 0.00 0.00 0.00
2.04 0.22 0.00 0.00 0.00 0.00 0.00 0.00 0.00 0.00 0.00 0.00 0.00 0.00 0.00 0.00 0.00 0.00 0.00 0.00 0.00 0.37 0.00 0.44 2.04 2.04 5.48 2.99 2.41 1.39 6.42 6.57 14.31 13.87 12.41 12.41 12.78 15.48 17.67 17.23 14.97 19.64 23.51 22.70 22.27 25.70 20.51 19.35 24.45 17.59 3.94 5.84 2.48 0.00 4.45 3.50 1.75 5.69 8.54 8.03 8.03 6.86 5.11 4.53 6.06 9.34 8.03 16.79 20.51 12.05 11.02 11.53 4.70 0.81 0.37 0.00 0.00 0.00 0.00 0.00 0.00 0.00 0.00 0.00
1.31 0.00 0.00 0.00 0.00 0.00 0.00 0.00 0.00 0.00 0.00 0.00 0.00 0.00 0.00 0.00 0.00 0.00 0.00 0.00 0.00 0.00 0.00 0.00 0.00 0.00 0.00 0.66 0.00 1.46 5.77 16.43 17.23 11.90 13.21 13.21 18.40 18.98 18.83 20.29 20.59 24.97 23.87 25.99 26.35 25.48 25.48 23.14 18.83 13.43 9.05 6.13 12.26 10.07 10.22 6.06 4.09 4.96 7.52 10.07 10.07 6.86 7.96 4.23 6.72 7.52 8.61 13.43 14.09 6.13 5.18 0.00 0.44 0.00 0.00 0.00 0.00 0.74 0.00 0.00 0.00 0.00 0.00 0.00
