Wansh/Snow_depth/snowdepth-1997/spring/1997080.txt
ncols 321
nrows 161
xllcenter 60
yllcenter 15 
cellsize  0.25 
NODATA_value -1
[rows 0 to 36 of 161, columns 168 to 251 of 321]
12.63 8.83 6.20 5.77 5.77 5.40 5.40 7.23 5.84 5.84 5.91 6.35 5.62 5.62 5.62 5.33 6.86 8.18 10.73 11.17 11.24 10.59 9.05 8.40 7.01 7.01 7.01 7.96 4.09 0.00 6.35 8.98 12.26 11.46 13.94 13.94 12.41 14.53 13.87 15.40 17.08 25.19 23.94 27.74 30.30 28.91 30.66 26.57 27.59 21.75 18.69 18.69 18.69 17.81 17.74 21.46 21.39 21.17 21.97 22.27 22.27 22.48 26.28 25.33 28.62 28.54 28.62 26.86 27.08 24.45 22.78 22.85 21.32 21.17 21.17 22.70 22.56 23.80 23.51 24.02 20.88 21.32 19.13 18.40
16.35 5.91 9.64 8.54 7.23 6.64 4.89 4.96 4.74 4.74 7.15 7.01 7.15 8.18 6.64 6.94 6.50 8.18 10.66 11.17 10.29 9.13 9.34 8.91 8.47 8.47 4.89 3.21 3.80 2.77 5.62 9.56 11.53 13.14 13.14 13.14 12.70 14.75 20.59 24.75 23.36 28.25 30.51 30.51 31.03 28.76 29.78 23.00 21.97 22.48 21.10 20.44 20.22 21.32 21.46 21.24 21.75 22.56 22.85 23.36 23.36 23.36 25.77 26.57 26.57 25.33 26.79 27.16 24.24 24.97 23.29 22.12 21.24 21.24 21.46 19.78 20.37 23.07 22.63 22.85 20.44 17.59 17.96 15.77
13.94 12.56 15.91 12.70 13.94 11.02 7.01 5.26 5.91 5.91 5.99 6.57 6.42 7.96 6.79 8.40 13.29 13.14 12.99 12.63 10.59 10.29 9.27 9.71 8.10 8.47 7.59 0.44 2.41 5.48 8.98 8.83 10.80 13.65 13.65 13.65 17.08 15.91 22.12 26.06 27.30 27.45 28.98 28.11 28.54 21.83 21.24 21.46 20.44 22.05 21.61 22.19 21.68 21.68 22.12 21.46 21.68 22.27 21.75 23.51 23.51 24.09 23.65 24.82 23.21 23.21 24.75 23.51 25.70 23.36 23.65 21.75 18.69 18.98 18.40 18.25 17.96 17.67 17.89 16.21 15.04 15.26 14.31 13.51
13.94 12.56 15.91 12.70 13.94 11.02 7.01 5.26 5.91 5.91 5.99 6.57 6.42 7.96 6.79 8.40 13.29 13.14 12.99 12.63 10.59 10.29 9.27 9.71 8.10 8.47 7.59 0.44 2.41 5.48 8.98 8.83 10.80 13.65 13.65 13.65 17.08 15.91 22.12 26.06 27.30 27.45 28.98 28.11 28.54 21.83 21.24 21.46 20.44 22.05 21.61 22.19 21.68 21.68 22.12 21.46 21.68 22.27 21.75 23.51 23.51 24.09 23.65 24.82 23.21 23.21 24.75 23.51 25.70 23.36 23.65 21.75 18.69 18.98 18.40 18.25 17.96 17.67 17.89 16.21 15.04 15.26 14.31 13.51
20.29 18.83 17.16 16.64 17.23 10.37 12.92 8.32 5.77 5.77 5.99 8.32 8.25 12.34 6.86 14.38 16.28 15.04 13.65 11.61 11.24 9.71 9.42 0.44 8.40 0.00 0.00 2.77 1.02 5.99 10.15 9.86 11.83 11.53 13.51 13.51 17.67 20.08 19.64 22.19 25.70 24.09 23.73 21.61 20.95 21.02 22.41 22.19 21.39 22.56 21.46 21.90 22.34 22.34 22.41 22.48 23.00 22.85 22.19 21.90 21.90 23.00 23.07 23.00 22.12 23.65 23.51 21.90 18.40 18.83 16.79 20.44 18.10 15.11 15.55 13.21 13.51 13.07 14.38 14.67 15.77 14.89 14.75 15.11
20.51 18.61 20.08 21.61 15.70 14.82 10.29 9.93 13.29 13.29 9.71 11.24 10.15 15.84 16.72 15.99 18.40 16.50 12.41 9.05 10.15 2.48 3.72 0.00 0.15 0.00 0.00 1.46 7.15 8.69 8.61 10.07 11.32 16.72 18.25 18.25 17.74 20.00 22.85 21.61 23.43 23.94 24.31 23.36 21.53 22.63 22.27 21.83 22.56 22.56 24.16 23.94 23.51 23.58 23.00 23.00 20.59 21.17 21.61 20.81 20.81 21.46 22.63 21.75 22.12 19.05 14.45 18.61 16.06 15.33 15.33 14.53 13.14 14.45 12.85 12.85 13.07 14.16 13.87 14.67 15.84 15.55 17.74 18.91
20.15 22.41 21.97 21.97 20.95 21.24 16.86 15.70 16.13 16.13 14.24 16.28 15.04 21.32 21.10 19.49 15.26 16.57 11.10 8.54 2.92 0.00 0.07 0.00 0.00 0.00 0.00 2.26 6.86 10.29 9.05 9.93 13.58 18.76 21.53 21.53 20.37 24.02 22.48 22.12 22.34 20.95 21.90 21.90 21.97 23.14 21.75 21.39 23.43 23.58 23.43 23.65 23.43 23.65 20.73 19.13 19.93 17.01 18.61 18.47 18.47 20.22 19.20 19.56 16.72 13.43 13.58 13.36 13.07 13.14 13.43 13.80 12.26 11.53 11.39 10.29 11.24 11.02 12.85 15.21 17.52 21.12 19.84 24.19
20.15 22.41 21.97 21.97 20.95 21.24 16.86 15.70 16.13 16.13 14.24 16.28 15.04 21.32 21.10 19.49 15.26 16.57 11.10 8.54 2.92 0.00 0.07 0.00 0.00 0.00 0.00 2.26 6.86 10.29 9.05 9.93 13.58 18.76 21.53 21.53 20.37 24.02 22.48 22.12 22.34 20.95 21.90 21.90 21.97 23.14 21.75 21.39 23.43 23.58 23.43 23.65 23.43 23.65 20.73 19.13 19.93 17.01 18.61 18.47 18.47 20.22 19.20 19.56 16.72 13.43 13.58 13.36 13.07 13.14 13.43 13.80 12.26 11.53 11.39 11.90 15.51 15.86 17.60 25.84 28.93 28.10 25.52 25.09
20.15 21.83 20.81 23.36 21.46 21.97 21.32 15.55 15.40 15.40 17.08 16.43 15.91 16.72 24.09 16.28 13.14 10.15 4.45 5.99 1.46 0.00 0.00 0.00 0.00 1.10 0.00 2.99 7.01 9.13 10.51 15.70 14.60 17.89 22.56 22.56 23.73 23.73 20.81 17.37 21.10 19.93 23.21 26.13 24.53 24.60 26.06 24.82 24.67 23.94 23.21 23.21 19.86 18.91 19.78 16.21 17.01 16.72 19.42 21.46 21.46 19.56 20.59 18.91 19.42 16.72 13.36 13.36 12.56 12.78 12.63 12.41 10.88 10.76 12.81 15.05 17.83 18.36 15.17 24.49 27.40 22.30 25.36 27.34
10.80 12.19 19.78 16.79 15.11 17.45 15.70 16.13 15.40 15.40 20.15 20.44 18.25 14.38 13.58 13.80 12.41 2.26 0.00 0.00 0.00 0.00 0.00 0.00 4.89 8.10 8.32 8.98 8.76 9.49 11.39 12.41 16.06 15.26 21.39 21.39 14.09 16.57 17.16 16.86 22.27 24.75 24.60 25.26 23.36 26.35 26.21 22.19 22.78 23.65 19.49 18.25 18.76 17.52 16.43 16.79 18.83 25.19 20.08 22.12 22.12 23.07 22.78 19.05 17.23 17.45 14.89 12.63 12.05 12.78 12.78 12.85 11.95 14.07 15.29 16.55 19.36 18.79 25.14 22.37 25.50 26.95 28.77 31.67
10.37 9.42 10.22 10.15 15.11 16.21 14.97 17.52 16.64 16.64 18.98 19.78 11.24 10.22 0.00 0.00 0.00 0.00 0.00 0.00 7.66 8.10 7.59 0.00 4.09 8.54 9.05 8.18 9.71 8.40 8.47 9.13 11.24 9.34 12.56 12.56 11.90 15.77 19.71 23.14 22.34 24.02 20.51 20.66 21.17 14.67 18.54 19.71 18.47 18.98 19.71 16.86 17.30 17.45 16.86 20.15 18.47 26.57 29.42 24.82 24.82 25.26 21.61 22.70 17.16 14.82 15.26 13.14 13.58 14.02 14.09 11.68 12.50 10.23 11.14 14.50 21.01 21.96 18.86 21.16 23.00 23.25 22.45 23.38
10.37 9.42 10.22 10.15 15.11 16.21 14.97 17.52 16.64 16.64 18.98 19.78 11.24 10.22 0.00 0.00 0.00 0.00 0.00 0.00 7.66 8.10 7.59 0.00 4.09 8.54 9.05 8.18 9.71 8.40 8.47 9.13 11.24 9.34 12.56 12.56 11.90 15.77 19.71 23.14 22.34 24.02 20.51 20.66 21.17 14.67 18.54 19.71 18.47 18.98 19.71 16.86 17.30 17.45 16.86 20.15 18.47 26.57 29.42 24.82 24.82 25.26 21.61 22.70 17.16 14.82 15.26 13.14 13.58 14.02 14.09 11.68 12.19 10.07 10.80 13.46 18.73 20.33 20.12 21.95 23.00 22.75 24.67 25.01
11.68 9.71 10.37 9.86 8.61 8.83 12.48 14.31 8.18 8.18 7.66 16.50 15.84 3.21 0.00 0.00 0.00 7.52 10.37 9.78 9.42 9.86 7.74 8.61 7.66 6.42 6.42 6.35 6.28 6.06 5.33 5.99 5.55 8.10 14.02 14.02 16.64 15.26 19.13 16.94 17.67 17.67 18.61 11.24 10.44 12.05 11.02 17.01 16.13 16.57 16.64 17.16 15.18 16.72 16.57 19.93 27.67 28.40 28.84 23.51 23.51 24.38 22.63 18.25 18.83 16.86 17.52 14.38 15.26 15.04 15.11 15.33 13.58 14.02 11.98 14.21 17.70 19.04 21.74 21.79 22.31 24.48 25.94 25.61
12.48 11.32 12.12 10.15 8.69 9.05 9.56 9.93 7.59 7.59 9.27 0.00 0.00 0.00 0.00 0.00 0.15 5.99 7.15 9.27 8.47 8.98 7.23 6.13 6.28 5.84 6.06 6.28 9.42 8.61 6.06 5.55 9.56 11.32 10.73 10.73 13.14 12.48 14.53 13.94 14.53 12.26 9.64 11.02 8.47 11.90 10.59 13.65 14.89 14.60 12.85 13.87 14.31 14.02 20.00 20.88 20.59 20.51 21.75 21.83 21.83 23.87 23.43 22.05 19.13 20.51 20.44 18.83 19.35 19.05 16.06 16.13 15.18 13.69 15.98 17.45 16.08 19.97 20.10 19.53 21.85 20.16 22.10 23.20
15.33 15.04 12.85 11.97 13.21 12.34 11.10 11.68 8.40 8.40 7.88 4.02 6.79 4.60 3.87 3.94 4.45 3.87 9.34 10.88 10.44 10.51 7.81 7.74 8.18 11.32 10.29 9.20 8.25 8.69 7.15 7.81 8.83 9.93 10.44 10.44 10.29 12.26 12.99 10.07 10.15 9.49 7.23 8.76 7.81 13.14 13.80 13.80 13.80 12.92 13.21 12.12 12.78 12.70 16.06 21.53 21.24 22.27 21.32 23.58 23.58 23.07 23.58 24.31 23.80 23.36 20.00 20.73 21.02 24.31 23.73 21.61 17.19 19.94 16.70 18.69 17.61 20.76 19.99 19.93 20.68 20.19 21.54 20.66
15.99 12.26 13.65 13.72 13.72 13.65 11.17 10.37 10.07 10.07 9.13 8.03 9.78 7.30 7.01 4.31 6.42 7.01 6.50 8.83 4.74 9.42 8.98 11.39 10.15 11.32 11.90 8.76 10.22 8.76 9.42 8.91 9.42 10.95 11.17 11.17 11.17 11.10 9.34 6.50 8.32 7.15 9.49 9.78 11.75 11.61 13.43 12.70 11.90 12.12 7.96 8.25 5.99 14.89 20.37 18.10 22.48 21.61 21.83 22.27 22.27 24.75 23.80 24.53 23.07 23.73 19.86 22.12 20.59 26.06 23.14 25.36 20.39 18.88 22.45 18.00 21.16 18.88 19.44 20.46 20.44 22.06 20.48 18.76
15.99 12.26 13.65 13.72 13.72 13.65 11.17 10.37 10.07 10.07 9.13 8.03 9.78 7.30 7.01 4.31 6.42 7.01 6.50 8.83 4.74 9.42 8.98 11.39 10.15 11.32 11.90 8.76 10.22 8.76 9.42 8.91 9.42 10.95 11.17 11.17 11.17 11.10 9.34 6.50 8.32 7.15 9.49 9.78 11.75 11.61 13.43 12.70 11.90 12.12 7.96 8.25 5.99 14.89 20.37 18.10 22.48 21.61 21.83 22.27 22.27 24.75 23.80 24.53 23.07 23.73 19.86 22.12 20.59 26.06 23.14 31.14 19.11 20.52 20.16 22.27 21.47 20.87 19.82 18.45 19.76 18.97 22.27 21.30
8.47 11.32 11.83 11.53 10.15 9.56 9.64 11.39 11.02 11.02 10.95 12.05 10.29 4.53 4.60 3.14 1.46 1.97 1.53 4.16 2.99 5.48 6.72 6.86 9.42 9.86 9.78 9.93 10.44 10.59 12.05 11.10 11.10 10.95 11.68 11.68 10.88 8.32 8.98 9.42 10.66 12.41 11.53 11.17 8.98 6.50 5.40 8.98 5.84 5.99 5.18 3.65 3.29 5.33 14.82 19.05 17.01 18.25 22.27 21.68 21.68 24.67 23.87 24.53 22.92 20.66 21.24 22.63 26.06 24.97 25.87 24.08 24.84 19.83 18.10 21.72 21.14 19.30 18.78 21.47 19.93 19.80 20.95 18.16
6.86 9.86 11.24 11.68 9.49 9.42 8.91 6.50 6.42 6.42 7.01 7.15 6.50 6.20 7.37 4.09 7.08 3.72 2.41 7.30 6.13 4.09 5.55 8.03 8.76 8.83 10.15 9.49 11.02 10.73 11.24 12.56 11.68 11.75 11.75 11.75 11.90 9.78 11.83 11.46 11.32 10.88 9.20 10.37 4.23 2.56 2.70 2.63 3.80 1.39 2.04 2.04 3.80 3.36 5.26 14.60 15.62 14.16 17.30 23.65 23.65 23.29 23.07 22.78 23.14 22.12 24.75 24.45 25.40 25.16 25.37 26.03 26.50 25.94 29.46 27.43 22.94 20.46 21.01 21.37 18.23 20.50 18.66 19.84
7.01 10.29 9.05 10.66 11.61 10.95 9.49 8.40 8.40 8.40 6.13 9.42 11.10 16.79 12.78 9.93 10.88 7.96 10.51 12.19 6.28 10.15 7.45 10.51 9.05 8.76 8.47 9.13 9.34 9.13 11.24 10.88 11.39 11.46 11.17 11.17 9.78 10.51 10.51 8.76 9.64 10.15 3.65 2.12 2.63 1.90 2.85 0.80 1.53 0.44 0.00 0.00 1.75 2.85 2.56 3.14 11.61 15.26 14.89 16.28 16.28 22.27 21.68 22.41 20.88 19.86 20.88 22.70 25.11 25.19 27.23 27.96 27.74 27.01 25.33 28.16 26.81 25.31 23.38 21.22 20.95 18.42 16.85 19.85
4.31 6.06 3.94 7.37 6.28 10.07 10.95 11.24 9.64 9.64 9.34 11.68 17.52 18.83 18.98 15.26 14.45 13.43 13.36 14.31 11.02 16.28 14.53 10.80 7.88 8.25 7.37 7.23 8.47 11.46 12.41 12.26 12.19 11.61 11.24 11.24 11.68 7.66 8.25 7.08 2.56 2.19 2.99 2.26 2.19 1.97 0.95 0.00 0.00 0.00 0.00 0.00 0.00 0.00 0.00 1.02 0.58 10.22 13.14 12.63 12.63 15.55 13.29 20.73 18.40 19.49 21.68 20.95 23.94 25.11 24.75 26.35 27.59 28.62 28.73 30.71 33.43 26.64 23.58 23.12 23.07 19.22 18.51 16.36
0.00 0.00 2.41 4.31 6.20 8.98 10.29 11.24 13.07 13.07 16.50 17.52 17.37 20.00 15.55 15.48 14.89 17.59 19.35 21.83 18.18 12.34 10.15 8.40 7.59 7.96 10.22 10.22 9.93 11.17 13.29 11.53 11.53 11.68 11.97 11.97 6.06 4.82 1.39 1.46 2.04 1.75 1.68 1.68 1.61 0.00 0.00 0.00 0.00 0.00 0.00 0.00 0.00 0.00 0.00 0.00 5.11 3.07 10.95 12.70 12.70 12.85 9.54 6.94 12.41 16.72 19.13 22.63 21.97 22.92 23.07 23.07 23.36 26.65 27.22 28.34 34.10 26.48 23.64 23.75 17.45 16.44 19.82 16.83
0.00 0.00 2.41 4.31 6.20 8.98 10.29 11.24 13.07 13.07 16.50 17.52 17.37 20.00 15.55 15.48 14.89 17.59 19.35 21.83 18.18 12.34 10.15 8.40 7.59 7.96 10.22 10.22 9.93 11.17 13.29 11.53 11.53 11.68 11.97 11.97 6.06 4.82 1.39 1.46 2.04 1.75 1.68 1.68 1.61 0.00 0.00 0.00 0.00 0.00 0.00 0.00 0.00 0.00 0.00 0.00 5.11 3.07 10.95 12.70 12.70 12.85 9.54 6.94 12.41 16.72 19.13 22.63 21.97 22.92 23.07 23.07 23.36 26.65 26.13 28.49 26.48 23.30 19.80 27.64 21.34 16.79 15.53 15.53
0.00 0.00 0.00 2.04 5.18 8.61 9.42 10.66 11.97 11.97 12.85 14.45 14.60 14.16 11.46 12.26 12.34 7.45 15.40 16.57 15.70 15.77 10.51 10.07 11.75 12.12 11.61 12.92 13.43 11.97 12.70 10.59 9.86 4.67 3.21 3.21 4.60 2.56 0.88 1.68 1.61 1.61 1.97 0.51 0.66 0.00 0.00 0.00 0.00 0.00 0.00 0.00 0.00 0.00 0.00 0.00 2.85 8.91 7.45 4.02 4.02 2.85 4.09 0.00 10.29 12.78 12.48 14.97 17.01 20.44 19.05 18.47 22.27 21.32 23.87 23.70 24.51 33.17 26.94 23.88 20.79 16.49 16.05 16.00
0.00 0.00 2.56 0.00 4.53 6.72 8.47 9.56 10.37 10.37 13.07 13.21 12.92 12.12 8.91 4.89 5.91 5.04 8.98 9.42 12.05 12.34 12.48 12.48 12.56 12.63 12.56 14.09 12.99 8.98 10.15 8.18 2.85 1.31 0.88 0.88 1.24 0.80 1.68 1.24 1.10 1.17 0.15 0.00 0.00 0.00 0.00 0.00 0.00 0.00 0.00 0.00 0.00 0.00 0.00 0.00 0.29 5.62 1.83 3.07 3.07 0.00 0.00 7.15 6.06 10.73 13.21 12.92 14.97 15.48 14.89 15.04 20.00 23.43 23.51 24.67 22.77 23.98 22.83 25.42 21.90 14.78 18.88 17.97
0.00 0.00 0.00 0.00 3.87 2.99 9.34 10.88 11.61 11.61 11.46 10.88 11.68 7.96 4.09 3.14 4.38 6.94 9.42 9.13 11.02 12.34 12.12 12.56 12.63 12.63 12.41 12.26 12.56 5.62 2.99 1.68 1.90 1.24 0.73 0.73 0.07 0.00 1.24 1.10 0.37 0.00 0.29 0.00 0.00 0.00 0.00 0.00 0.00 0.00 0.00 0.00 0.00 0.00 0.00 0.00 0.00 0.00 0.00 0.00 0.00 0.00 0.00 3.21 7.52 8.91 12.34 14.53 14.02 15.77 16.28 20.37 19.12 24.85 23.94 24.42 27.17 21.48 20.40 17.18 16.91 14.28 8.66 6.73
0.00 0.00 0.00 0.00 0.00 5.04 6.06 8.61 10.51 10.51 6.57 7.23 5.48 3.07 3.29 3.14 6.13 7.15 8.47 8.10 11.02 12.78 12.48 8.32 7.52 8.61 8.83 6.35 4.60 5.04 2.63 1.10 0.44 0.66 0.58 0.58 1.24 0.00 1.24 0.00 0.22 0.00 0.00 0.00 0.00 0.00 0.00 0.00 0.00 0.00 0.00 0.00 0.00 0.00 0.00 0.00 0.00 0.00 0.00 0.00 0.00 0.00 1.61 1.39 5.77 10.44 11.75 12.05 14.53 19.64 17.01 19.13 24.31 25.10 27.89 26.04 20.57 16.33 9.81 10.69 6.26 6.63 5.17 5.24
0.00 0.00 0.00 0.00 0.00 0.00 6.28 3.80 0.00 0.00 1.31 3.80 4.67 4.74 2.12 4.38 3.50 5.11 3.72 7.08 8.98 10.66 4.67 4.74 5.62 3.65 2.26 4.16 3.07 3.36 0.37 0.37 0.66 2.92 1.17 1.17 1.75 1.02 0.51 0.37 0.00 0.00 0.00 0.00 0.00 0.00 0.00 0.00 0.00 0.00 0.00 0.00 0.00 0.00 0.00 0.00 0.00 0.00 0.00 0.00 0.00 0.00 0.00 4.16 2.99 9.05 11.68 13.87 13.21 19.78 24.86 25.75 28.00 24.86 22.94 19.81 23.02 16.79 9.86 5.12 4.87 4.10 0.32 0.00
0.00 0.00 0.00 0.00 0.00 0.00 6.28 3.80 0.00 0.00 1.31 3.80 4.67 4.74 2.12 4.38 3.50 5.11 3.72 7.08 8.98 10.66 4.67 4.74 5.62 3.65 2.26 4.16 3.07 3.36 0.37 0.37 0.66 2.92 1.17 1.17 1.75 1.02 0.51 0.37 0.00 0.00 0.00 0.00 0.00 0.00 0.00 0.00 0.00 0.00 0.00 0.00 0.00 0.00 0.00 0.00 0.00 0.00 0.00 0.00 0.00 0.00 0.00 4.16 2.99 9.05 11.68 13.87 13.21 19.78 24.99 25.47 25.32 27.70 24.48 23.12 26.72 16.25 10.30 4.97 5.15 4.87 0.29 0.00
0.00 0.00 0.00 0.00 0.00 0.00 0.00 0.00 0.00 0.00 0.00 0.00 0.00 0.00 0.00 1.10 0.00 0.29 0.07 0.73 0.58 1.24 1.02 1.10 0.37 0.00 0.00 2.56 1.97 1.46 0.22 0.80 1.68 1.75 2.04 2.04 0.07 0.00 0.00 0.44 0.00 0.00 0.00 0.00 1.39 0.00 0.00 0.00 0.00 0.00 0.00 0.00 0.00 0.00 0.00 0.00 0.00 0.00 0.00 0.00 0.00 0.00 0.00 0.00 1.90 7.45 11.10 13.65 20.10 18.95 23.89 25.29 28.85 32.85 32.68 22.66 13.84 5.98 8.39 3.52 1.00 0.00 0.00 0.00
0.00 0.00 0.00 0.00 0.00 0.00 0.00 0.00 0.00 0.00 0.00 0.00 0.00 0.00 0.00 0.00 0.00 0.29 0.44 0.00 0.07 0.22 0.00 0.00 0.00 0.22 0.29 1.46 1.90 0.80 0.29 0.44 0.29 0.44 0.66 0.66 0.00 0.00 1.75 1.10 0.73 0.44 1.46 0.66 3.14 0.00 0.00 0.00 0.00 0.00 0.00 0.00 0.00 0.00 0.00 0.00 0.00 0.00 0.00 0.00 0.00 0.00 0.00 0.00 0.00 0.00 5.62 3.94 20.29 26.65 27.81 28.67 30.66 28.31 16.54 6.31 8.13 3.62 4.07 1.62 1.50 0.00 0.00 0.00
1.10 1.75 0.00 0.00 0.00 0.00 0.00 0.00 0.00 0.00 0.00 0.00 0.00 0.00 0.00 0.00 0.00 0.07 0.07 0.00 0.37 0.00 0.00 0.00 0.00 0.73 1.90 1.97 2.04 0.37 0.00 0.00 0.15 0.88 0.58 0.58 0.00 1.83 2.41 2.56 1.97 2.19 3.43 4.31 3.14 3.21 0.00 0.00 0.00 0.00 0.00 0.00 0.00 0.00 0.00 0.00 0.00 0.00 0.00 0.00 0.00 0.00 0.00 0.00 0.00 0.00 3.94 16.21 25.77 24.89 27.74 26.07 23.53 29.41 17.40 4.95 2.25 1.89 1.85 2.34 0.00 0.00 0.00 0.00
2.04 2.63 0.73 1.10 0.00 0.00 0.00 0.00 0.00 0.00 0.00 0.00 0.00 0.00 0.00 0.00 0.00 0.00 0.44 0.00 0.00 0.00 0.00 0.00 0.00 0.00 2.34 1.61 0.44 0.00 0.00 0.00 0.44 1.97 2.12 2.12 1.39 1.02 2.19 2.04 0.73 2.34 2.19 3.87 4.74 4.96 5.62 1.46 2.70 3.72 0.00 1.10 0.15 0.37 0.00 0.00 0.00 0.00 0.00 0.00 0.00 0.00 0.00 0.00 0.00 4.02 3.87 9.78 23.87 26.72 26.50 26.18 22.22 13.97 16.96 5.86 1.79 0.10 0.09 0.00 0.00 0.00 0.00 0.00
2.41 2.48 0.44 0.29 0.73 1.46 0.00 0.00 0.00 0.00 0.00 0.00 0.00 0.00 0.00 0.00 0.00 0.00 0.00 0.00 0.00 0.00 0.00 0.00 0.00 0.00 0.44 0.66 0.58 0.29 0.37 1.61 1.17 3.50 4.45 4.45 1.39 1.75 3.43 1.31 3.58 2.85 9.56 8.10 9.78 8.54 12.48 3.14 7.08 5.69 0.37 1.75 0.00 0.00 0.00 0.00 0.00 0.00 0.00 0.00 0.00 0.00 0.00 0.00 0.00 2.19 2.41 11.17 16.64 18.98 19.05 12.56 21.49 5.41 1.27 0.78 0.00 0.00 0.00 0.00 0.00 0.00 0.00 0.00
0.80 0.73 0.80 0.00 0.00 0.00 0.00 0.00 0.00 0.00 0.00 0.00 0.00 0.00 0.00 0.00 0.00 0.00 0.00 0.00 0.00 0.00 0.00 0.00 0.00 0.37 0.73 1.02 0.00 0.00 0.22 2.04 4.53 5.33 4.53 4.53 7.59 5.33 7.52 7.37 6.28 9.86 10.95 18.32 14.38 14.89 15.40 15.99 12.56 8.32 0.00 0.00 0.00 0.00 0.00 0.00 0.00 0.00 0.00 0.00 0.00 0.00 0.00 0.00 0.00 0.00 0.95 7.08 11.61 11.68 12.19 7.26 3.13 0.37 0.07 0.00 0.47 0.00 0.00 0.00 0.00 0.00 0.00 0.00
0.80 0.73 0.80 0.00 0.00 0.00 0.00 0.00 0.00 0.00 0.00 0.00 0.00 0.00 0.00 0.00 0.00 0.00 0.00 0.00 0.00 0.00 0.00 0.00 0.00 0.37 0.73 1.02 0.00 0.00 0.22 2.04 4.53 5.33 4.53 4.53 7.59 5.33 7.52 7.37 6.28 9.86 10.95 18.32 14.38 14.89 15.40 15.99 12.56 8.32 0.00 0.00 0.00 0.00 0.00 0.00 0.00 0.00 0.00 0.00 0.00 0.00 0.00 0.00 0.00 0.00 0.95 7.08 11.61 11.68 12.19 7.23 3.08 0.37 0.07 0.00 0.42 0.00 0.00 0.00 0.00 0.00 0.00 0.00
0.00 0.00 0.00 0.00 0.00 0.00 0.00 0.00 0.00 0.00 0.00 0.00 0.00 0.00 0.00 0.00 0.00 0.00 0.00 0.00 0.00 0.00 0.00 0.00 0.00 0.00 0.58 0.00 0.00 0.00 0.22 0.29 2.92 7.74 9.13 9.13 8.25 8.18 10.15 11.39 12.78 14.38 11.97 19.35 20.29 19.71 19.64 16.50 6.57 8.47 0.00 0.00 1.10 0.00 0.00 0.00 0.00 0.00 0.58 0.29 0.29 2.26 0.00 0.00 0.00 0.15 0.29 2.48 7.15 6.50 3.80 4.09 1.02 0.00 0.00 0.00 0.00 0.00 0.00 0.00 0.00 0.00 0.00 0.00
