Wansh/Snow_depth/snowdepth-1997/spring/1997083.txt
ncols 321
nrows 161
xllcenter 60
yllcenter 15 
cellsize  0.25 
NODATA_value -1
[rows 0 to 36 of 161, columns 0 to 83 of 321]
10.37 10.37 9.78 16.57 16.06 16.06 13.72 19.64 19.05 18.83 18.91 17.08 16.72 15.99 15.99 15.84 15.33 14.60 14.75 14.24 15.77 15.77 15.91 15.70 15.26 15.55 15.55 14.75 14.97 14.97 14.97 15.18 15.18 15.70 15.40 15.04 16.86 16.28 15.99 16.35 17.01 17.16 15.26 15.62 16.43 16.79 16.21 17.45 18.47 18.03 19.05 19.05 19.13 19.20 19.27 19.13 20.73 20.15 20.15 21.75 21.83 23.00 21.90 23.58 22.27 22.78 19.56 16.28 16.57 15.33 15.04 16.21 17.59 17.30 16.86 16.13 16.13 16.21 15.99 15.40 15.18 16.57 16.43 16.72
16.50 16.50 18.40 17.08 16.64 20.29 18.98 19.27 18.76 17.16 15.62 16.57 16.06 16.28 15.18 16.57 14.82 13.72 14.60 14.97 14.97 15.70 14.89 15.18 15.48 15.62 15.62 15.26 14.31 14.16 14.53 14.53 13.94 13.51 15.04 15.40 15.62 14.53 15.26 16.94 16.06 16.06 15.77 16.43 15.91 16.21 16.94 16.50 19.71 18.91 19.05 19.05 19.05 20.59 18.98 21.24 21.24 21.97 22.78 22.34 23.21 23.21 21.39 18.25 18.32 17.81 19.42 16.79 14.31 14.53 13.94 15.18 14.53 15.40 14.24 14.67 14.67 13.65 13.94 13.94 15.18 15.77 15.77 15.70
19.78 19.78 20.00 16.79 19.93 19.49 18.18 17.52 16.43 16.86 15.91 14.31 14.24 14.89 12.48 11.97 11.75 12.99 12.78 12.56 12.48 14.16 13.94 15.70 15.62 15.40 15.40 15.62 14.24 13.29 13.51 13.36 12.19 12.85 13.29 14.31 16.64 16.13 17.89 18.47 16.79 15.91 16.35 15.91 15.99 15.55 16.64 19.71 19.56 20.00 20.22 20.22 19.86 20.95 21.75 21.68 22.48 22.19 22.78 20.73 21.24 18.61 20.15 17.89 17.23 17.16 16.35 15.70 15.99 13.87 13.72 13.94 13.80 14.75 13.65 12.85 12.85 13.07 13.51 15.18 14.67 16.35 15.62 15.99
19.78 19.78 20.00 16.79 19.93 19.49 18.18 17.52 16.43 16.86 15.91 14.31 14.24 14.89 12.48 11.97 11.75 12.99 12.78 12.56 12.48 14.16 13.94 15.70 15.62 15.40 15.40 15.62 14.24 13.29 13.51 13.36 12.19 12.85 13.29 14.31 16.64 16.13 17.89 18.47 16.79 15.91 16.35 15.91 15.99 15.55 16.64 19.71 19.56 20.00 20.22 20.22 19.86 20.95 21.75 21.68 22.48 22.19 22.78 20.73 21.24 18.61 20.15 17.89 17.23 17.16 16.35 15.70 15.99 13.87 13.72 13.94 13.80 14.75 13.65 12.85 12.85 13.07 13.51 15.18 14.67 16.35 15.62 15.99
18.83 18.83 19.35 18.25 18.47 18.32 18.03 16.50 13.87 14.09 14.53 12.63 13.80 12.99 12.05 12.26 12.70 11.61 12.19 11.68 12.05 13.29 14.09 14.45 15.26 14.53 14.53 13.72 13.87 13.29 12.63 12.99 12.78 14.09 14.53 14.38 17.01 18.83 17.30 18.83 17.74 17.45 16.57 17.96 15.48 17.45 18.69 18.40 20.22 19.71 20.66 20.66 18.25 19.71 21.39 21.10 20.66 18.18 21.02 19.42 17.81 17.89 17.23 16.50 16.64 15.77 16.35 15.33 13.36 13.72 13.14 13.58 13.58 12.78 11.61 12.05 12.05 11.39 13.36 13.07 14.38 14.97 14.82 15.55
18.69 18.69 19.27 19.86 18.83 17.01 14.75 15.33 12.92 13.72 13.80 14.09 12.92 12.99 12.41 11.75 11.46 11.68 13.29 12.85 13.36 11.97 14.45 13.72 13.07 13.29 13.29 13.87 13.29 13.21 13.94 14.89 15.40 15.91 15.77 18.76 17.96 19.56 20.22 20.00 18.83 19.78 19.78 19.64 21.75 21.10 20.15 21.61 21.53 20.88 21.17 21.17 17.45 16.28 16.06 18.25 16.43 16.43 15.26 12.12 12.48 15.99 15.91 16.13 15.84 16.06 15.55 15.11 15.40 15.11 15.84 15.11 16.13 15.26 13.43 11.90 11.90 12.19 12.12 10.88 10.59 12.70 12.05 13.65
17.81 17.81 21.24 21.32 18.98 16.64 14.89 14.89 14.53 14.38 14.16 13.65 11.75 11.61 11.39 12.48 12.34 11.97 12.41 13.51 13.14 13.65 13.72 14.16 13.51 13.36 13.36 13.80 13.87 16.28 17.67 17.89 17.16 17.67 17.08 19.35 19.93 19.27 20.81 21.17 20.59 20.88 20.44 20.51 22.78 22.34 22.19 21.46 19.86 19.86 14.60 14.60 14.02 14.38 13.36 13.21 11.68 11.61 13.43 11.32 10.80 10.80 12.99 15.26 15.11 15.62 15.18 14.60 14.60 14.75 14.82 15.84 15.91 15.04 13.07 14.02 14.02 11.10 10.29 10.37 10.00 10.66 10.66 11.24
17.81 17.81 21.24 21.32 18.98 16.64 14.89 14.89 14.53 14.38 14.16 13.65 11.75 11.61 11.39 12.48 12.34 11.97 12.41 13.51 13.14 13.65 13.72 14.16 13.51 13.36 13.36 13.80 13.87 16.28 17.67 17.89 17.16 17.67 17.08 19.35 19.93 19.27 20.81 21.17 20.59 20.88 20.44 20.51 22.78 22.34 22.19 21.46 19.86 19.86 14.60 14.60 14.02 14.38 13.36 13.21 11.68 11.61 13.43 11.32 10.80 10.80 12.99 15.26 15.11 15.62 15.18 14.60 14.60 14.75 14.82 15.84 15.91 15.04 13.07 14.02 14.02 11.10 10.29 10.37 10.00 10.66 10.66 11.24
19.93 19.93 20.29 19.56 19.42 16.13 15.26 14.75 14.16 13.14 12.92 12.56 11.02 10.59 11.68 11.83 11.90 12.85 12.99 12.34 12.26 13.58 14.53 14.24 14.82 14.75 14.75 15.33 15.33 15.55 18.32 16.35 15.70 17.01 18.25 18.40 20.15 22.41 20.88 20.95 17.74 18.91 19.20 21.10 21.02 21.17 18.54 18.98 17.30 13.87 14.45 14.45 12.85 11.68 11.90 11.46 11.53 10.95 10.59 10.37 11.97 12.78 12.78 14.67 16.13 16.35 15.48 14.60 15.26 13.65 13.87 13.94 14.24 14.31 15.04 14.24 14.24 10.29 11.53 8.61 8.32 8.25 8.03 9.56
16.21 16.21 17.16 16.57 16.13 16.06 14.16 14.24 12.92 12.05 11.97 12.12 10.44 10.22 11.39 12.85 13.29 13.72 12.34 12.26 12.12 12.48 14.38 14.60 15.11 15.40 15.40 14.75 14.53 15.62 15.62 15.62 16.57 16.35 17.23 17.81 17.74 20.88 22.27 22.05 19.05 18.54 18.91 20.44 18.98 19.42 17.01 16.21 16.57 15.55 14.60 14.60 14.82 12.34 10.59 10.44 10.51 10.73 10.44 13.07 12.34 12.92 13.29 13.51 15.84 15.55 15.91 14.45 12.92 13.14 13.51 13.14 13.29 12.78 14.97 14.24 14.24 14.31 9.27 9.71 8.61 7.81 8.47 9.20
16.50 16.50 15.33 15.04 12.78 12.12 13.65 13.07 12.85 14.09 14.02 11.02 11.83 12.26 12.19 12.05 13.36 15.33 13.14 11.90 11.68 11.24 13.87 14.97 15.62 15.62 15.62 15.55 15.99 16.21 15.70 18.54 18.69 18.47 17.96 17.16 18.32 19.49 21.02 17.74 21.53 17.81 18.10 17.81 19.20 18.69 18.76 16.72 15.26 15.55 12.05 12.05 10.29 12.19 9.64 8.98 7.23 8.54 8.76 12.78 13.14 12.70 12.48 12.19 10.73 7.96 4.31 2.85 2.34 5.48 9.27 8.83 8.91 9.49 8.61 11.10 11.10 12.70 12.48 10.22 8.91 11.02 10.44 11.39
16.50 16.50 15.33 15.04 12.78 12.12 13.65 13.07 12.85 14.09 14.02 11.02 11.83 12.26 12.19 12.05 13.36 15.33 13.14 11.90 11.68 11.24 13.87 14.97 15.62 15.62 15.62 15.55 15.99 16.21 15.70 18.54 18.69 18.47 17.96 17.16 18.32 19.49 21.02 17.74 21.53 17.81 18.10 17.81 19.20 18.69 18.76 16.72 15.26 15.55 12.05 12.05 10.29 12.19 9.64 8.98 7.23 8.54 8.76 12.78 13.14 12.70 12.48 12.19 10.73 7.96 4.31 2.85 2.34 5.48 9.27 8.83 8.91 9.49 8.61 11.10 11.10 12.70 12.48 10.22 8.91 11.02 10.44 11.39
12.85 12.85 11.02 11.97 11.17 11.68 12.63 13.43 14.67 14.38 14.60 10.51 12.56 12.78 14.53 15.40 13.94 14.45 13.43 10.44 11.97 14.31 13.87 15.33 15.99 16.35 16.35 16.35 17.08 17.23 19.56 19.35 17.23 16.64 16.43 17.01 17.74 17.08 18.69 16.72 14.89 16.28 17.74 16.57 16.86 17.96 16.57 16.64 12.41 10.59 11.39 11.39 9.71 8.25 8.61 5.04 5.11 4.31 4.53 0.00 0.00 1.10 0.00 5.18 3.50 0.00 2.04 0.00 5.04 3.65 9.56 9.56 10.00 8.47 9.34 8.91 8.91 10.59 11.39 8.18 8.40 7.88 7.66 9.71
9.78 9.78 10.22 7.88 9.49 11.17 10.66 12.92 14.02 14.75 15.99 15.55 11.75 13.51 14.02 14.45 14.24 12.05 10.95 11.10 12.19 12.70 14.24 14.97 15.18 15.70 15.70 14.53 16.13 16.06 12.41 13.80 13.80 14.67 13.72 13.29 15.04 14.97 11.90 15.77 11.97 10.88 15.33 14.09 12.26 12.99 13.87 11.61 12.26 9.13 9.49 9.49 8.54 7.66 0.00 1.39 0.00 1.17 0.80 0.00 0.00 0.00 0.00 0.00 0.00 0.00 0.00 0.00 0.00 4.16 9.78 10.44 10.80 10.66 10.44 8.47 8.47 8.18 8.32 8.32 8.40 7.81 8.18 6.79
7.81 7.81 6.64 5.26 9.56 10.29 13.14 13.14 13.07 15.11 9.49 12.70 11.32 13.51 14.82 15.62 15.18 12.19 11.02 10.66 11.68 11.10 12.70 10.15 10.66 10.66 10.66 12.48 8.98 10.00 9.71 11.10 9.49 9.34 10.88 11.83 13.58 14.16 9.78 9.71 9.86 9.49 8.47 11.24 11.53 11.17 10.88 11.83 9.93 10.29 9.42 9.42 9.20 7.45 0.37 0.00 0.00 0.00 0.00 0.00 0.00 0.00 0.00 0.00 0.00 0.00 0.00 0.00 2.12 1.24 7.15 11.32 11.10 11.61 10.80 10.80 10.80 9.13 7.81 6.06 6.13 6.06 5.18 6.86
5.69 5.69 5.69 6.28 7.01 11.53 12.99 14.31 13.94 15.18 10.22 13.51 14.16 14.31 14.53 14.53 15.11 13.29 13.14 12.99 9.71 8.98 8.18 8.47 9.42 8.54 8.54 8.18 8.47 7.88 8.61 8.40 8.32 7.37 8.61 9.05 8.83 8.40 8.54 8.25 8.83 8.83 8.40 9.13 9.78 10.95 11.02 8.61 9.05 9.86 9.56 9.56 9.56 6.20 0.07 0.00 0.00 0.00 0.00 0.00 0.00 0.00 0.00 0.00 0.00 0.00 0.00 0.00 0.00 0.00 0.00 0.00 2.99 10.07 11.24 11.24 11.24 10.22 7.37 7.81 5.84 5.99 4.60 4.38
5.69 5.69 5.69 6.28 7.01 11.53 12.99 14.31 13.94 15.18 10.22 13.51 14.16 14.31 14.53 14.53 15.11 13.29 13.14 12.99 9.71 8.98 8.18 8.47 9.42 8.54 8.54 8.18 8.47 7.88 8.61 8.40 8.32 7.37 8.61 9.05 8.83 8.40 8.54 8.25 8.83 8.83 8.40 9.13 9.78 10.95 11.02 8.61 9.05 9.86 9.56 9.56 9.56 6.20 0.07 0.00 0.00 0.00 0.00 0.00 0.00 0.00 0.00 0.00 0.00 0.00 0.00 0.00 0.00 0.00 0.00 0.00 2.99 10.07 11.24 11.24 11.24 10.22 7.37 7.81 5.84 5.99 4.60 4.38
9.27 9.27 8.40 9.05 12.34 11.39 12.92 15.99 16.13 16.72 10.66 11.17 14.97 14.02 13.80 14.82 15.11 15.04 14.82 12.12 10.29 9.71 6.86 6.79 8.32 6.64 6.64 6.86 6.79 6.64 8.18 7.96 8.03 7.66 7.74 9.34 8.76 10.00 8.32 8.25 8.18 8.91 8.40 9.05 8.03 10.00 10.66 7.30 7.45 7.08 8.98 8.98 7.30 7.59 1.02 0.00 0.00 0.00 0.00 0.00 0.00 0.00 0.00 0.00 0.00 0.00 0.00 0.00 0.00 0.00 0.00 0.00 0.00 3.14 9.71 6.28 6.28 9.49 8.25 8.47 6.72 6.64 6.86 5.55
11.53 11.53 9.34 9.71 15.62 15.91 17.23 16.79 19.64 19.42 14.75 13.58 12.48 13.72 12.78 14.67 14.97 14.60 12.19 12.70 11.53 7.96 9.78 7.74 7.66 6.86 6.86 5.55 6.20 7.96 7.15 8.25 9.05 8.10 7.81 8.40 10.22 10.15 9.20 9.05 8.91 8.76 8.32 6.20 6.79 4.31 5.91 5.26 7.08 8.47 8.03 8.03 7.30 4.82 4.82 1.61 0.29 0.37 0.00 0.00 1.46 1.02 3.29 2.48 0.00 0.00 0.00 0.00 0.00 0.00 0.00 0.00 0.00 0.00 0.00 0.80 0.80 6.13 7.15 4.09 5.69 4.31 5.69 4.96
13.87 13.87 10.44 14.75 15.62 17.37 17.30 17.96 18.18 17.08 13.72 11.61 13.87 12.92 13.14 15.48 15.84 14.75 11.02 10.59 8.47 8.98 10.66 9.05 6.64 5.18 5.18 5.48 6.28 7.37 9.71 9.49 9.49 7.23 7.66 7.37 8.54 9.05 9.13 8.76 8.91 8.98 8.25 5.40 4.60 4.38 6.57 8.40 6.86 8.69 8.47 8.47 8.91 5.84 5.69 3.43 4.82 2.63 2.63 3.50 3.14 4.38 4.16 4.38 2.04 2.56 0.00 0.00 0.00 0.00 0.00 0.00 0.00 0.00 0.00 0.00 0.00 4.53 3.58 6.50 3.80 7.15 6.50 5.04
13.29 13.29 14.38 14.02 13.14 11.90 12.78 15.48 15.04 14.67 11.68 12.19 12.78 15.62 16.79 15.84 16.21 14.53 10.37 8.10 8.76 10.44 7.08 8.83 8.76 6.50 6.50 5.77 6.86 8.40 9.71 9.42 9.56 7.74 7.01 8.10 7.81 8.25 8.76 8.69 8.40 8.32 8.76 7.45 8.25 7.81 7.45 9.86 11.32 11.10 10.29 10.29 6.86 7.81 5.99 7.23 7.37 7.01 7.37 6.06 5.69 3.87 3.43 3.14 2.77 0.00 0.00 0.00 0.00 0.00 0.00 0.00 0.00 0.00 0.00 0.00 0.00 1.17 5.99 9.64 10.37 11.02 8.91 7.30
13.65 13.65 11.17 9.78 11.75 10.51 10.88 12.99 12.85 14.09 12.05 13.07 14.09 15.18 16.43 14.82 11.83 11.02 11.24 6.64 8.83 9.27 11.32 12.34 11.24 5.91 5.91 6.79 8.18 7.59 8.25 8.47 8.91 8.69 10.22 8.69 8.32 8.54 7.45 7.08 7.37 6.64 7.45 9.05 8.76 10.07 10.80 10.29 11.32 9.56 10.44 10.44 8.76 7.30 7.30 7.96 7.81 7.01 6.79 4.82 2.63 1.31 1.10 0.88 0.00 0.00 0.00 0.00 0.00 0.00 0.00 0.00 0.00 0.00 0.00 0.00 0.00 2.92 7.66 6.86 10.07 9.78 7.81 6.28
13.65 13.65 11.17 9.78 11.75 10.51 10.88 12.99 12.85 14.09 12.05 13.07 14.09 15.18 16.43 14.82 11.83 11.02 11.24 6.64 8.83 9.27 11.32 12.34 11.24 5.91 5.91 6.79 8.18 7.59 8.25 8.47 8.91 8.69 10.22 8.69 8.32 8.54 7.45 7.08 7.37 6.64 7.45 9.05 8.76 10.07 10.80 10.29 11.32 9.56 10.44 10.44 8.76 7.30 7.30 7.96 7.81 7.01 6.79 4.82 2.63 1.31 1.10 0.88 0.00 0.00 0.00 0.00 0.00 0.00 0.00 0.00 0.00 0.00 0.00 0.00 0.00 2.92 7.66 6.86 10.07 9.78 7.81 6.28
12.19 12.19 11.39 11.02 8.25 10.51 11.39 10.66 12.78 13.72 14.82 14.75 15.11 16.86 13.72 14.60 12.19 9.05 8.40 10.73 9.78 9.20 10.95 8.61 11.24 10.95 10.95 10.37 7.45 8.03 8.61 8.18 9.13 10.44 10.37 9.86 9.05 8.03 8.61 6.06 6.64 6.57 8.54 9.27 10.00 10.00 8.03 8.69 10.29 9.71 8.83 8.83 9.13 10.44 11.97 12.56 9.42 7.30 4.60 4.89 2.63 1.53 1.75 1.61 0.80 0.00 0.00 0.00 0.00 0.00 4.38 0.00 3.43 0.00 0.00 0.00 0.00 1.17 1.53 6.35 8.25 5.99 5.48 4.16
11.46 11.46 11.24 11.02 12.41 12.48 11.83 16.21 13.43 17.67 15.33 17.45 16.28 13.65 13.72 13.29 11.39 10.29 9.27 8.83 8.91 10.15 9.42 9.78 12.85 9.49 9.49 9.13 9.71 7.01 7.37 8.91 8.69 10.22 10.51 10.80 9.64 9.27 8.25 8.61 7.81 10.59 10.37 11.90 8.98 7.37 7.59 8.69 11.10 9.71 9.86 9.86 10.22 11.97 11.53 13.36 13.36 13.72 12.34 10.44 8.69 3.43 10.59 12.78 12.78 6.35 12.34 11.17 11.32 11.75 9.49 7.74 4.53 5.69 3.72 6.57 6.57 1.10 4.67 4.31 6.72 7.23 6.57 6.42
10.80 10.80 10.95 12.85 11.90 13.65 15.33 17.37 14.09 17.37 18.18 16.13 16.94 14.16 12.70 10.66 12.12 10.37 9.56 10.80 9.64 8.03 11.02 11.17 11.97 11.53 11.53 10.59 10.22 5.91 6.79 7.81 8.83 8.32 10.44 10.00 9.93 10.29 10.00 10.59 10.59 11.39 12.41 10.95 11.90 8.69 9.42 8.98 12.19 13.94 14.38 14.38 12.12 12.41 14.31 14.02 14.38 13.80 13.65 13.65 12.92 13.51 15.70 15.70 16.06 15.84 15.84 15.18 13.29 13.94 14.09 13.36 15.55 13.07 11.39 11.97 11.97 7.59 8.98 2.56 5.69 7.45 8.18 10.15
11.53 11.53 12.05 12.78 15.70 16.35 16.13 18.32 15.40 18.76 15.11 17.67 15.33 7.52 6.35 12.56 11.53 10.59 12.56 10.51 10.22 11.24 12.48 13.65 11.10 11.68 11.68 7.45 6.13 6.57 6.50 5.91 7.66 8.47 8.03 9.86 9.71 9.13 10.66 9.93 11.97 11.61 13.14 11.53 11.24 11.24 12.63 13.21 12.78 14.02 15.70 15.70 14.60 14.82 17.45 19.42 16.79 16.06 16.43 16.72 16.64 16.28 17.96 18.91 18.83 18.32 16.21 14.60 15.40 14.97 16.57 15.11 13.36 13.72 13.51 14.60 14.60 12.34 6.35 8.54 6.94 11.02 11.53 11.61
12.85 12.85 13.65 16.50 16.21 15.99 9.05 15.62 12.05 8.76 0.00 0.00 1.10 1.39 1.61 7.88 7.59 18.61 11.83 11.90 12.85 10.88 12.05 12.92 9.13 5.62 5.62 5.77 5.77 4.16 3.65 4.09 4.96 6.42 5.40 5.40 7.74 8.32 10.59 9.93 12.34 12.56 13.14 10.95 11.83 12.56 12.12 15.48 16.64 14.75 14.67 14.67 13.87 16.72 15.91 19.78 21.83 20.81 21.02 19.93 19.71 20.66 20.37 20.81 18.83 15.40 17.89 13.65 14.45 13.87 4.82 12.41 0.00 10.37 14.16 12.56 12.56 17.45 17.30 15.04 14.60 12.34 12.34 13.80
12.85 12.85 13.65 16.50 16.21 15.99 9.05 15.62 12.05 8.76 0.00 0.00 1.10 1.39 1.61 7.88 7.59 18.61 11.83 11.90 12.85 10.88 12.05 12.92 9.13 5.62 5.62 5.77 5.77 4.16 3.65 4.09 4.96 6.42 5.40 5.40 7.74 8.32 10.59 9.93 12.34 12.56 13.14 10.95 11.83 12.56 12.12 15.48 16.64 14.75 14.67 14.67 13.87 16.72 15.91 19.78 21.83 20.81 21.02 19.93 19.71 20.66 20.37 20.81 18.83 15.40 17.89 13.65 14.45 13.87 4.82 12.41 0.00 10.37 14.16 12.56 12.56 17.45 17.30 15.04 14.60 12.34 12.34 13.80
15.91 15.91 16.43 16.21 14.24 6.57 0.00 7.74 0.00 0.00 0.00 0.00 0.00 0.00 0.00 6.42 4.67 7.23 6.06 13.94 12.63 15.99 15.11 15.18 11.90 4.74 4.74 1.75 3.87 2.04 4.67 4.89 3.58 4.89 4.74 5.84 5.48 6.79 10.00 13.94 13.80 13.80 13.87 14.82 12.85 12.99 16.35 15.33 17.59 18.10 17.08 17.08 13.43 15.77 20.15 19.49 22.92 23.07 21.24 21.10 20.81 22.41 21.10 21.02 19.35 14.24 9.86 0.00 9.13 0.00 0.00 0.00 0.00 0.00 0.00 5.18 5.18 13.87 18.54 19.35 16.79 17.30 14.67 15.84
13.94 13.94 9.13 0.00 0.00 0.00 0.00 0.00 0.00 0.00 0.00 0.00 0.00 0.00 0.00 0.00 0.00 7.52 4.45 5.40 7.37 17.16 14.97 11.75 13.07 8.03 8.03 0.73 1.24 0.95 1.10 0.95 3.80 3.29 5.11 5.99 6.94 10.66 9.56 11.75 10.88 15.62 16.06 16.79 17.23 14.60 16.35 18.25 17.81 19.20 19.49 19.49 17.74 16.64 16.50 14.60 21.90 22.41 18.98 20.51 21.10 21.39 22.05 15.33 9.64 5.55 5.91 0.00 0.00 0.00 0.00 0.00 0.00 0.00 0.00 0.00 0.00 4.53 18.03 15.26 17.96 15.84 16.43 17.59
9.42 9.42 0.00 0.00 0.00 0.00 0.00 0.00 0.00 0.00 0.00 0.00 0.00 0.00 0.00 0.00 0.00 0.00 0.00 7.96 3.65 10.44 14.24 13.21 7.52 1.24 1.24 1.02 1.17 1.24 1.53 1.02 5.11 5.33 6.79 6.86 3.72 1.75 7.81 7.96 3.65 6.28 12.48 15.33 17.89 18.61 18.40 20.15 20.44 19.64 19.78 19.78 18.25 15.99 11.61 10.44 5.91 5.04 8.76 7.15 15.33 17.52 14.89 15.84 11.39 6.57 0.00 0.00 0.00 0.00 0.00 0.00 0.00 0.00 0.00 0.00 0.00 0.00 0.44 5.62 12.26 12.41 17.89 14.60
0.00 0.00 0.00 0.00 0.00 0.00 0.00 0.00 0.00 0.00 0.00 0.00 0.00 0.00 0.00 0.00 0.00 0.00 0.00 0.00 4.23 15.62 11.32 13.07 11.32 5.26 5.26 6.06 6.86 4.53 7.23 6.64 6.06 2.04 0.00 0.00 0.44 0.00 0.00 0.00 0.00 2.34 9.56 17.37 17.01 17.59 17.37 18.25 18.03 17.96 16.79 16.79 16.57 13.94 6.06 1.75 2.19 0.80 4.53 10.29 8.83 13.65 15.18 12.70 9.49 9.93 6.79 2.41 0.00 0.00 0.00 0.00 0.00 0.00 0.00 0.00 0.00 0.00 0.00 0.00 7.66 4.16 10.22 17.59
0.00 0.00 0.00 0.00 0.00 0.00 0.00 0.00 0.00 0.00 0.00 0.00 0.00 0.00 0.00 0.00 0.00 0.00 0.00 0.00 0.00 6.86 5.55 5.99 12.70 8.32 8.32 12.26 7.66 8.98 5.26 0.00 0.00 0.00 0.00 0.00 0.00 0.00 0.00 0.00 0.44 0.00 5.62 8.61 14.45 15.33 15.04 18.32 17.74 17.96 14.82 14.82 7.96 0.00 4.38 0.00 0.00 0.00 0.58 6.13 11.39 7.52 7.88 7.37 9.86 6.79 2.85 4.60 0.00 0.00 0.00 0.00 0.00 0.00 0.00 0.00 0.00 0.00 0.00 0.00 0.00 2.04 17.89 19.27
0.00 0.00 0.00 0.00 0.00 0.00 0.00 0.00 0.00 0.00 0.00 0.00 0.00 0.00 0.00 0.00 0.00 0.00 0.00 0.00 0.00 0.00 0.00 0.00 4.02 2.92 2.92 8.61 1.46 0.00 2.63 0.00 0.00 0.00 0.00 0.00 0.00 0.00 0.00 0.00 0.00 1.39 0.80 1.46 3.21 7.01 11.90 16.94 17.59 14.16 14.89 14.89 9.20 0.00 0.00 0.00 0.00 0.00 3.80 3.94 4.53 2.19 2.26 4.53 3.87 3.36 2.56 0.00 0.00 0.00 0.00 0.00 0.00 0.00 0.00 0.00 0.00 0.00 0.00 0.00 0.00 0.00 4.38 10.95
0.00 0.00 0.00 0.00 0.00 0.00 0.00 0.00 0.00 0.00 0.00 0.00 0.00 0.00 0.00 0.00 0.00 0.00 0.00 0.00 0.00 0.00 0.00 0.00 4.02 2.92 2.92 8.61 1.46 0.00 2.63 0.00 0.00 0.00 0.00 0.00 0.00 0.00 0.00 0.00 0.00 1.39 0.80 1.46 3.21 7.01 11.90 16.94 17.59 14.16 14.89 14.89 9.20 0.00 0.00 0.00 0.00 0.00 3.80 3.94 4.53 2.19 2.26 4.53 3.87 3.36 2.56 0.00 0.00 0.00 0.00 0.00 0.00 0.00 0.00 0.00 0.00 0.00 0.00 0.00 0.00 0.00 4.38 10.95
0.00 0.00 0.00 0.00 0.00 0.00 0.00 0.00 0.00 0.00 0.00 0.00 0.00 0.00 0.00 0.00 0.00 0.00 0.00 0.00 0.00 0.00 0.00 0.00 0.00 0.00 0.00 0.00 0.00 0.00 0.00 0.00 0.00 0.00 0.00 0.00 0.00 0.00 0.00 0.00 0.00 0.00 0.00 0.00 0.00 0.88 4.16 12.41 15.04 13.80 7.23 7.23 0.00 0.00 0.00 0.00 0.00 0.00 1.24 0.00 0.00 0.00 0.00 0.00 0.00 0.00 0.00 0.00 0.00 0.00 0.00 0.00 0.00 0.00 0.00 0.00 0.00 0.00 0.00 0.00 0.00 0.00 3.87 3.58
