Wansh/Snow_depth/snowdepth-1997/spring/1997108.txt
ncols 321
nrows 161
xllcenter 60
yllcenter 15 
cellsize  0.25 
NODATA_value -1
[rows 74 to 110 of 161, columns 84 to 167 of 321]
0.00 0.00 0.00 0.00 0.00 0.00 0.00 2.12 1.83 0.15 0.00 2.04 2.77 2.70 0.00 4.31 0.00 0.00 0.00 0.00 2.48 2.19 2.19 2.92 1.46 0.00 0.00 0.00 2.92 0.00 0.00 0.00 0.00 1.90 2.04 1.10 0.00 0.00 4.31 2.77 0.00 0.29 0.58 0.58 0.00 0.95 0.00 0.58 0.37 0.29 0.00 0.00 0.00 1.32 0.00 0.00 0.00 1.39 0.00 0.00 0.00 0.00 0.00 0.00 0.00 0.00 0.00 0.00 0.00 0.00 0.00 0.00 0.00 0.00 0.00 0.00 0.00 0.00 0.00 0.00 0.00 0.00 0.00 0.00
0.00 0.00 0.00 0.66 2.04 1.17 1.97 2.56 4.09 1.10 3.80 4.31 4.31 3.87 4.16 0.00 0.00 0.00 0.00 0.00 0.00 0.00 3.50 3.21 0.00 1.90 0.00 0.00 0.00 0.00 0.00 3.58 3.80 0.00 2.99 0.00 0.00 4.16 5.62 3.94 0.00 1.31 2.77 2.77 1.90 1.24 0.22 0.15 0.80 1.10 0.51 0.00 0.00 1.24 1.24 1.83 1.68 1.39 0.95 0.73 0.29 0.44 0.29 0.44 0.00 0.00 0.00 0.00 0.00 0.00 0.00 1.02 0.00 0.00 0.00 0.00 0.00 0.00 0.00 0.00 0.00 0.00 0.00 0.00
1.90 1.53 0.58 1.97 2.19 2.19 2.63 2.41 2.92 4.23 4.23 5.11 5.40 4.74 0.00 3.72 0.00 0.00 0.00 0.00 0.00 0.00 0.00 0.00 0.00 0.00 0.00 0.00 0.00 2.56 2.56 2.56 3.21 3.21 0.00 0.00 0.00 3.50 0.00 4.31 3.50 2.70 2.99 2.99 2.77 1.83 0.95 3.50 1.17 0.73 1.61 0.00 0.44 1.17 1.02 0.58 0.22 0.44 0.51 0.58 0.07 0.58 0.95 1.02 1.10 0.59 0.22 0.00 0.00 0.00 0.00 0.15 1.02 0.00 0.00 0.00 0.00 0.00 0.00 0.00 0.00 0.00 0.00 0.00
0.15 3.94 2.12 1.90 1.53 1.97 3.14 2.85 4.02 4.16 4.53 5.18 5.69 5.18 4.82 4.23 0.00 0.00 0.00 0.00 0.00 0.00 0.00 0.00 0.00 0.00 0.00 0.00 0.00 0.00 0.00 0.00 2.92 0.00 0.00 0.00 2.12 0.00 4.60 4.23 3.43 3.50 3.50 3.50 2.41 3.07 2.99 4.60 3.87 3.50 3.80 1.53 1.46 1.97 0.73 0.66 1.53 2.63 1.97 1.46 1.83 1.83 1.90 1.46 2.56 2.34 2.26 0.66 0.66 0.51 0.51 0.73 0.00 0.00 0.00 0.00 0.00 0.00 0.00 0.00 0.00 0.00 0.00 0.00
2.85 4.38 1.90 0.66 2.56 2.85 0.00 3.07 3.07 3.94 4.60 5.69 5.33 4.53 5.26 3.94 4.09 0.00 0.00 0.00 0.00 0.00 0.00 0.00 0.00 0.00 0.00 0.00 0.00 0.00 0.00 0.00 0.00 0.00 0.00 0.00 0.00 0.00 0.00 4.02 3.87 0.00 0.00 0.00 0.00 0.00 3.21 4.23 0.00 0.00 0.00 3.29 4.45 5.69 2.85 3.58 4.60 6.06 3.72 1.90 2.85 2.41 2.48 2.41 2.56 2.77 3.80 2.99 2.99 2.41 1.10 0.80 0.15 0.00 0.00 0.00 0.00 0.00 0.00 0.00 0.00 0.00 0.00 0.00
3.50 0.00 0.66 2.77 0.00 0.00 2.34 0.00 3.29 3.29 4.16 4.89 4.45 5.18 3.43 3.80 3.14 0.00 0.00 0.00 0.00 0.00 0.00 0.00 0.00 0.00 0.00 0.00 0.00 0.00 0.00 0.00 0.00 0.00 0.00 0.00 0.00 0.00 0.00 0.00 2.12 0.00 0.00 0.00 0.00 0.00 0.00 0.00 0.00 3.58 0.00 0.00 0.00 0.00 2.56 6.72 5.55 7.45 4.16 2.92 3.29 2.99 3.36 2.19 4.16 4.23 3.94 4.02 4.02 3.72 4.09 2.85 0.73 0.66 0.00 0.00 0.00 0.00 0.00 0.00 0.00 0.00 0.00 0.00
0.00 0.00 0.00 0.00 0.00 0.00 0.00 0.00 4.09 4.45 3.72 4.31 3.36 0.00 2.70 2.99 3.50 2.99 2.99 0.00 0.00 2.99 0.00 0.00 0.00 0.00 0.00 0.00 0.00 0.00 0.00 0.00 0.00 0.00 1.83 2.99 0.00 0.00 1.10 0.00 1.83 2.56 2.92 2.92 0.00 0.00 0.00 0.00 0.00 0.00 0.00 0.00 0.00 1.39 1.02 6.06 6.64 0.00 1.97 1.68 1.97 1.75 2.63 1.97 3.87 4.89 3.80 3.50 3.50 3.50 3.94 4.02 3.72 2.41 2.77 3.08 0.00 0.00 0.00 0.00 0.00 0.00 0.00 0.00
0.00 0.00 0.00 2.70 0.00 0.00 0.00 0.00 3.72 4.02 4.53 3.72 3.36 2.19 2.19 2.19 0.00 0.00 0.00 0.00 0.00 0.00 1.53 0.00 0.00 0.00 0.00 0.00 0.00 0.00 0.00 0.00 0.00 0.00 1.39 2.85 0.00 0.00 0.00 1.24 1.97 1.68 1.97 1.97 1.83 1.68 0.00 1.17 0.00 0.00 0.00 1.53 1.46 1.46 0.44 3.36 4.96 2.70 1.61 1.31 1.68 0.00 0.00 0.00 2.70 3.36 3.29 2.56 2.56 0.88 2.85 6.57 8.91 9.49 5.84 0.00 0.00 0.00 0.00 0.00 0.00 0.00 0.00 0.00
1.75 0.00 0.00 2.04 0.00 0.00 0.00 0.00 3.87 4.23 4.60 4.38 3.50 2.99 2.12 0.00 0.00 0.00 0.00 2.77 0.00 0.00 0.00 1.75 0.00 0.00 0.00 0.00 0.00 0.00 0.00 0.00 0.00 0.00 2.63 2.12 0.00 0.00 0.00 1.53 0.80 0.95 0.66 0.66 1.61 0.15 1.90 0.00 0.58 0.37 0.00 0.22 0.00 0.00 0.00 1.46 2.56 2.70 0.95 1.17 1.90 0.00 0.00 0.00 0.88 2.56 3.43 1.31 1.31 0.00 0.00 1.10 3.36 10.29 9.56 5.26 0.00 0.00 0.00 0.00 0.00 0.00 0.00 0.00
2.63 2.04 2.34 0.00 0.00 2.99 0.00 0.00 3.14 4.38 4.23 4.82 0.00 0.00 0.00 3.36 0.00 0.00 0.00 0.00 2.77 0.00 0.00 0.00 2.26 0.00 0.00 0.00 0.00 0.00 0.00 0.00 0.00 0.00 1.46 0.00 0.00 1.24 0.07 0.00 0.66 0.00 0.00 0.00 0.00 0.00 0.44 0.00 0.00 0.58 0.00 0.00 0.00 0.58 0.73 0.07 0.00 0.88 0.66 0.80 1.39 2.34 1.53 1.10 2.99 3.87 1.61 2.12 2.12 0.00 0.00 0.00 0.00 4.82 10.59 9.34 4.96 5.04 0.00 0.00 0.00 0.00 0.00 0.00
2.41 1.24 0.00 0.00 0.00 0.00 3.36 3.50 2.77 3.58 0.00 4.02 0.00 3.43 4.09 0.00 2.85 0.00 0.00 0.00 2.63 0.00 0.00 0.00 0.00 0.00 0.00 0.00 0.00 0.00 0.00 0.00 0.00 0.80 2.12 0.00 1.31 0.37 0.88 0.80 0.00 0.00 0.00 0.00 0.00 0.00 0.00 0.00 0.00 0.00 0.00 0.00 0.22 1.46 2.41 0.00 0.22 0.44 0.07 0.22 0.66 1.97 1.75 2.77 4.16 6.42 3.87 3.36 3.36 1.17 0.00 0.00 0.00 7.23 10.07 6.57 6.13 0.00 0.00 0.00 0.00 0.00 0.00 0.00
0.00 1.68 1.83 2.63 0.00 0.00 0.00 0.00 3.72 0.00 3.80 0.00 0.00 3.65 3.43 3.29 0.00 0.00 0.00 3.87 3.50 3.58 0.00 3.43 0.00 0.00 0.00 0.00 2.41 0.00 0.00 2.77 0.00 0.00 0.00 0.00 1.31 1.02 0.00 0.00 0.37 0.00 0.00 0.00 0.00 0.22 0.00 0.00 0.00 0.00 0.00 0.00 0.07 1.75 4.31 1.68 1.90 0.29 0.00 0.80 2.71 4.47 4.14 5.04 4.82 5.62 6.20 3.94 3.94 2.85 2.77 0.00 0.00 2.56 5.69 3.07 5.33 5.55 0.00 0.00 0.00 0.00 0.00 0.00
1.53 1.83 2.26 3.21 2.56 2.48 2.99 3.07 2.63 3.29 3.50 3.58 3.29 0.00 3.21 3.72 3.65 3.80 3.80 4.02 4.23 4.67 4.60 4.45 0.00 2.77 2.41 3.58 0.00 3.29 0.00 0.00 0.00 0.00 0.00 0.00 0.00 4.89 4.23 4.53 3.43 3.29 1.68 1.68 0.95 2.41 0.00 0.00 0.00 0.00 0.07 0.00 2.19 5.11 7.74 8.40 8.69 8.25 7.66 6.64 3.72 4.60 6.41 6.94 5.40 4.89 3.14 2.41 2.41 4.38 8.10 6.28 3.29 3.58 1.83 0.00 0.00 0.00 6.35 6.35 0.00 0.00 0.00 0.00
1.31 1.46 1.68 1.83 0.00 2.48 2.92 0.00 0.00 2.34 2.48 3.43 0.00 0.00 2.92 3.36 3.50 3.07 3.07 4.31 4.09 4.31 3.58 3.65 0.00 3.43 2.92 3.94 0.00 0.00 0.00 0.00 0.00 0.00 0.00 0.00 0.00 5.55 7.45 5.62 3.43 2.92 3.36 3.36 4.89 1.31 1.24 1.17 0.00 0.00 0.15 1.02 1.53 3.21 6.94 10.37 10.51 11.10 10.07 10.22 8.10 4.09 5.04 6.94 6.00 6.35 5.40 2.41 2.41 2.77 6.79 10.44 7.52 7.23 2.63 1.68 0.00 0.00 0.00 0.00 0.00 0.00 0.00 0.00
1.75 1.68 0.00 0.00 0.00 0.00 0.00 2.92 2.85 0.00 3.72 0.00 3.14 3.36 3.87 3.80 3.58 3.80 3.80 3.65 4.16 3.94 2.77 1.97 2.77 3.43 3.50 3.21 2.63 0.00 0.00 2.34 0.00 0.00 0.00 0.00 0.00 4.60 0.00 0.00 0.00 3.43 4.60 4.60 7.01 3.50 2.70 5.26 1.02 0.95 1.10 1.10 2.04 3.14 7.52 8.47 10.07 11.53 10.80 8.91 4.60 5.26 7.45 6.94 7.45 7.65 7.30 6.13 6.13 2.77 2.85 7.45 11.10 8.40 4.89 1.90 3.36 0.00 0.00 0.00 0.00 0.00 0.00 0.00
2.48 1.75 0.00 1.53 0.00 0.00 0.00 0.00 0.00 3.07 3.94 3.87 3.36 2.77 3.58 3.72 3.50 3.29 3.29 3.80 3.50 3.43 2.92 2.41 3.14 3.07 3.58 3.29 0.00 0.00 0.00 0.00 2.70 0.00 0.00 0.00 0.00 2.85 0.00 0.00 0.00 0.00 6.28 6.28 7.59 6.20 7.81 8.10 3.58 3.07 5.55 2.63 5.91 5.11 9.27 7.30 6.35 7.23 8.82 7.67 4.53 4.89 6.18 9.20 8.82 10.69 11.45 6.94 6.94 8.25 3.50 5.99 6.20 6.64 3.36 5.11 5.55 4.60 6.94 0.00 0.00 0.00 0.00 0.00
0.73 0.00 0.00 1.46 1.46 0.00 0.00 0.00 0.00 2.19 0.00 3.50 0.00 0.00 2.63 3.21 0.00 3.07 3.07 3.36 3.43 2.19 2.70 2.19 2.63 3.07 3.50 2.34 0.00 0.00 0.00 0.00 0.00 3.14 0.00 0.00 0.00 0.00 0.00 0.00 0.00 2.92 6.42 6.42 6.28 8.03 8.18 7.88 8.03 7.15 8.18 6.79 9.93 11.61 10.15 6.72 5.84 3.65 3.29 3.07 2.33 3.07 3.54 7.66 9.86 10.88 12.84 9.92 9.61 5.72 6.79 6.06 5.40 5.69 5.11 5.91 5.33 6.57 5.20 4.82 0.00 0.00 0.00 0.00
0.66 1.02 0.00 1.17 0.00 0.00 2.26 1.90 1.24 1.39 0.00 0.00 0.00 0.00 0.00 0.00 0.00 0.00 0.00 2.70 2.70 0.00 2.56 0.00 0.00 2.56 0.00 0.00 0.00 0.00 0.00 0.00 0.00 0.00 0.00 0.00 0.00 0.00 0.00 0.00 0.00 0.00 4.89 4.89 3.72 7.15 5.91 5.77 8.10 8.10 8.83 10.51 12.92 14.09 13.51 12.92 6.28 4.53 2.95 3.17 1.83 1.90 2.23 4.56 8.67 11.40 11.90 11.39 11.45 9.90 7.12 6.35 5.62 5.91 5.21 5.18 0.00 5.99 6.90 7.30 4.94 0.00 0.00 0.00
0.15 0.58 0.95 0.95 1.31 1.17 2.34 2.34 1.97 0.00 0.00 0.00 0.00 0.00 0.00 0.00 0.00 1.75 1.75 0.00 0.00 0.00 0.00 0.00 0.00 0.00 0.00 0.00 0.00 0.00 0.00 0.00 0.00 0.00 0.00 0.00 0.00 0.00 0.00 0.00 0.00 0.00 0.00 0.00 4.38 4.31 4.02 5.84 5.91 7.37 10.07 10.22 13.14 14.24 14.16 13.87 10.88 8.61 4.82 3.07 2.80 2.29 1.78 5.47 4.67 9.68 10.93 9.71 9.71 9.33 6.76 7.95 7.56 8.00 6.02 4.79 5.04 0.00 5.57 0.00 6.94 0.00 0.00 0.00
0.88 1.17 0.95 0.80 1.10 1.61 1.90 0.00 0.00 0.00 0.00 0.00 0.00 0.00 0.00 0.00 1.68 1.68 1.68 0.00 0.00 2.19 2.04 0.00 0.00 0.00 0.00 0.00 0.00 0.00 0.00 0.00 0.00 0.00 0.00 0.00 0.00 0.00 0.00 0.00 0.00 0.00 0.00 0.00 5.04 4.31 3.72 4.67 8.76 9.56 7.81 9.34 10.44 12.48 12.78 12.48 14.75 14.89 12.41 9.05 5.77 3.65 2.25 3.30 9.40 9.66 7.41 3.36 3.36 4.65 5.57 8.47 8.23 9.68 8.75 5.80 5.48 4.30 0.00 6.10 0.00 7.34 0.00 0.00
1.83 1.02 0.80 1.10 1.31 1.83 0.00 0.00 0.00 0.00 0.80 0.00 0.00 0.00 0.00 1.97 0.88 1.53 1.53 0.00 0.00 0.00 1.17 0.00 0.00 0.00 0.00 0.00 0.00 0.00 0.00 0.00 0.00 0.00 0.00 0.00 0.00 0.00 0.00 0.00 0.00 0.00 0.00 0.00 0.00 2.12 0.00 4.16 7.37 9.93 8.83 9.78 11.10 10.39 12.46 12.97 15.50 16.13 15.84 15.33 11.39 5.43 3.30 2.34 5.42 7.99 5.64 3.43 3.45 0.00 6.14 7.38 8.95 7.05 11.28 7.52 6.48 4.39 3.83 0.00 0.00 8.95 7.34 6.06
1.97 2.19 2.04 1.61 1.61 1.39 0.00 0.00 0.00 0.00 1.83 0.00 0.00 0.00 0.00 0.00 0.37 0.00 0.00 0.00 0.00 0.00 0.00 0.00 0.00 0.00 1.17 0.00 1.02 0.00 0.00 0.00 0.00 0.00 0.00 0.00 0.00 0.00 0.00 0.15 0.00 0.00 0.00 0.00 0.44 0.51 3.07 5.18 7.74 11.97 11.10 9.20 9.42 8.87 11.53 11.21 16.05 17.42 15.56 16.07 13.72 8.00 4.50 2.17 1.59 4.79 6.81 2.86 2.86 0.00 0.00 4.06 5.56 7.75 9.46 7.63 7.52 6.62 5.77 0.00 5.10 7.26 0.00 6.06
2.41 0.00 2.34 1.24 1.90 2.63 2.48 1.75 2.26 1.75 3.14 0.00 0.00 0.00 0.00 0.00 0.00 0.00 0.00 0.00 0.00 0.00 0.00 0.00 0.00 0.00 0.00 1.61 0.00 0.00 0.00 0.00 0.00 0.00 0.00 0.00 0.00 0.00 0.00 0.00 3.80 0.00 2.26 2.26 1.31 5.18 5.91 5.62 8.91 14.31 11.32 9.93 9.93 10.20 10.58 9.17 10.56 13.53 14.60 12.35 8.84 5.78 2.71 0.85 1.39 0.91 1.90 0.00 0.00 0.00 3.22 3.15 4.81 6.70 7.88 4.33 7.11 5.32 5.60 0.00 0.00 7.07 10.12 6.03
2.63 0.00 0.00 1.53 1.97 2.26 2.19 2.92 3.80 2.19 1.90 3.43 0.15 1.68 1.61 0.00 0.00 0.00 0.00 0.00 0.00 0.00 0.00 0.00 0.00 0.00 1.53 2.56 1.75 0.00 0.00 0.22 0.00 0.00 0.00 0.00 0.00 0.00 0.00 2.26 6.35 4.45 5.91 5.91 5.26 8.69 13.65 15.48 14.75 13.33 12.49 11.41 11.24 12.03 10.78 7.92 7.74 8.10 7.92 6.96 6.60 6.92 5.81 2.63 1.41 3.09 1.56 0.00 0.00 0.00 0.00 2.71 3.67 6.28 6.53 5.48 3.75 3.47 4.84 4.47 0.00 4.47 3.59 4.65
3.58 3.43 3.80 2.85 7.08 5.55 7.23 5.18 5.99 3.14 5.62 4.23 3.21 2.04 3.21 1.46 2.04 1.46 1.46 0.73 1.31 0.80 0.00 0.00 1.17 2.48 1.83 1.53 0.80 1.53 1.10 0.73 1.17 1.61 1.61 0.22 1.53 0.80 0.00 4.16 3.21 5.62 7.81 7.81 11.17 12.05 13.07 15.40 11.46 10.59 11.06 9.48 8.67 6.16 3.71 3.91 7.26 6.89 7.11 6.82 7.78 5.98 6.12 5.79 4.45 2.64 1.54 1.35 1.33 0.00 0.00 0.00 6.03 8.14 7.26 5.77 0.00 0.00 0.00 0.00 0.00 5.71 0.00 4.78
9.93 8.83 6.86 10.29 10.15 8.61 8.25 5.62 0.00 0.00 0.00 4.09 4.45 4.45 2.34 2.04 2.12 1.75 1.75 1.31 0.58 1.75 0.00 0.80 1.10 1.24 0.88 0.29 0.73 1.83 1.31 0.58 1.46 1.53 1.90 1.68 3.72 3.94 2.04 1.61 5.40 6.86 5.40 5.40 11.02 11.46 11.24 12.99 10.24 9.58 9.33 7.57 5.90 4.89 4.99 3.58 6.02 6.79 8.78 10.39 7.74 6.05 8.79 5.34 3.14 2.63 1.91 0.00 0.00 0.00 0.00 0.00 2.46 4.69 5.90 4.09 0.00 0.00 0.00 0.00 0.00 3.13 1.86 3.12
8.25 11.17 11.24 10.88 12.41 11.24 10.15 5.69 0.00 0.00 0.00 0.00 4.02 4.02 3.80 2.12 2.92 2.26 2.26 1.17 1.97 1.75 0.51 1.02 0.00 0.00 0.29 0.00 0.15 0.80 0.00 1.46 0.88 2.04 2.48 3.14 3.87 0.37 0.73 0.44 1.68 2.70 8.40 8.40 9.05 7.96 10.22 8.48 8.52 8.98 9.79 8.65 5.68 5.11 5.79 4.32 4.77 6.27 8.82 11.08 11.85 9.76 8.10 7.59 4.74 2.38 2.01 0.00 0.00 0.00 0.00 0.00 0.00 2.98 6.59 5.31 2.34 0.00 0.00 0.00 0.00 0.00 2.55 2.77
0.00 6.86 9.71 0.00 8.76 13.14 10.51 8.95 4.02 0.00 0.00 0.00 0.00 0.00 2.99 3.50 1.90 2.85 2.85 2.26 1.39 1.10 0.73 0.00 0.00 0.00 0.00 0.00 0.51 1.02 0.15 0.29 0.00 0.66 2.56 2.41 1.68 0.58 0.07 0.00 0.95 1.17 4.67 4.67 6.64 5.69 6.50 8.14 9.56 10.55 7.14 6.79 7.00 6.72 4.50 4.84 0.00 0.00 0.00 5.99 11.08 12.26 10.05 10.51 9.64 4.79 2.17 1.41 1.36 0.00 0.00 0.00 0.00 2.92 6.12 4.49 3.48 0.00 0.00 0.00 0.00 0.00 5.24 1.70
0.00 0.00 0.00 0.00 0.00 9.27 11.10 10.44 8.76 2.85 0.00 0.00 1.61 1.10 0.00 1.39 1.53 2.41 2.41 1.10 1.17 0.58 1.17 0.00 0.00 0.00 0.00 0.00 0.07 0.51 0.00 0.00 0.00 0.00 1.17 0.88 1.53 0.29 0.00 0.00 0.00 0.00 2.99 2.99 3.94 3.29 6.86 10.51 9.49 9.86 8.97 7.41 5.00 0.00 0.00 0.00 0.00 0.00 0.00 0.00 6.58 9.27 11.18 12.57 9.17 2.78 2.71 3.71 3.73 3.07 0.00 0.00 0.00 0.00 3.27 3.09 0.00 0.00 0.00 0.00 0.00 4.37 4.42 4.06
0.00 0.00 0.00 0.00 0.00 9.42 10.51 13.14 11.83 8.61 4.09 1.75 2.41 1.46 0.00 0.80 1.75 1.46 1.46 0.00 0.00 0.00 0.95 0.00 0.00 0.00 0.00 0.00 0.00 0.00 0.00 0.00 0.00 0.00 0.44 0.00 0.51 0.00 0.00 0.00 0.00 0.00 1.61 1.61 1.10 1.10 5.21 8.40 7.26 10.69 10.07 7.69 5.78 0.00 0.00 0.00 0.00 0.00 0.00 4.08 0.00 5.93 8.15 11.51 11.90 10.95 5.66 3.77 4.41 5.00 2.74 0.00 0.00 0.00 0.00 0.00 0.00 0.00 0.00 0.00 1.82 3.61 5.27 3.29
0.00 0.00 0.00 0.00 9.05 0.00 10.51 12.05 11.90 11.83 4.23 3.29 4.74 1.10 1.31 3.72 1.68 0.95 0.95 0.00 0.00 0.00 0.00 0.00 0.00 0.00 0.00 0.00 0.00 0.00 0.00 0.00 0.00 0.00 0.00 0.00 0.00 0.00 0.00 0.00 0.00 0.00 0.00 0.00 0.00 0.00 3.74 4.11 4.53 9.03 7.42 8.14 4.89 0.00 0.00 0.00 0.00 0.00 0.00 0.00 6.07 0.00 7.25 10.64 13.57 14.27 12.23 5.66 6.34 8.38 7.21 1.79 0.00 0.00 0.00 0.00 0.00 0.00 0.00 0.00 0.00 3.44 5.22 4.35
0.00 0.00 0.00 0.00 0.00 0.00 0.00 12.48 10.07 6.79 5.62 4.82 5.40 4.31 3.72 6.74 5.16 2.48 2.48 0.00 0.00 0.00 0.00 0.00 0.00 0.00 0.00 0.00 0.00 0.00 0.00 0.00 0.00 0.00 0.00 0.00 0.58 0.00 0.00 0.00 0.00 0.00 0.00 0.00 0.07 1.83 1.39 3.89 6.42 7.95 7.54 7.80 0.00 0.00 0.00 0.00 0.00 0.00 0.00 0.00 0.00 0.00 0.00 8.88 13.47 15.45 19.33 11.85 12.10 9.24 5.88 4.84 0.00 0.00 0.00 0.00 0.00 0.00 0.00 0.00 0.00 0.00 3.47 0.00
0.00 0.00 0.00 0.00 0.00 0.00 0.00 7.01 9.86 6.06 8.03 6.94 8.40 7.66 7.23 8.29 7.66 6.53 6.10 2.48 0.73 0.00 0.00 0.00 0.00 0.00 0.44 0.00 0.00 0.00 0.00 0.00 0.00 0.00 0.00 0.00 2.34 0.00 0.00 0.00 3.07 0.00 0.00 0.00 0.95 1.02 1.47 4.09 6.92 9.03 7.60 0.00 0.00 0.00 0.00 0.00 0.00 0.00 0.00 0.00 0.00 0.00 0.00 0.00 20.06 24.19 20.47 17.96 21.95 12.27 9.03 5.71 5.05 0.00 0.00 0.00 2.87 0.00 0.00 0.00 0.00 0.00 0.00 0.00
0.00 0.00 0.00 0.00 0.00 0.00 0.00 0.00 0.00 0.00 0.00 0.00 0.00 0.00 0.00 0.00 6.50 6.88 6.99 7.81 9.78 1.68 5.33 4.23 2.12 1.75 4.38 2.04 4.02 0.00 0.00 5.26 2.70 0.00 3.36 3.36 7.37 4.16 5.33 4.11 8.65 5.09 5.11 5.11 6.28 3.14 2.19 3.15 5.29 0.00 0.00 0.00 0.00 0.00 0.00 0.00 0.00 0.00 0.00 0.00 0.00 0.00 0.00 0.00 0.00 18.14 16.08 0.00 0.00 0.00 0.00 0.00 0.00 0.00 0.00 0.00 0.00 0.00 0.00 0.00 0.00 0.00 0.00 0.00
0.00 0.00 0.00 0.00 0.00 0.00 0.00 0.00 0.00 0.00 0.00 0.00 0.00 0.00 0.00 0.00 0.00 0.00 0.00 5.69 8.79 6.58 5.99 7.30 6.42 8.85 10.63 6.28 3.43 5.69 5.04 6.28 7.23 6.64 8.61 9.71 6.20 7.52 9.78 8.03 8.98 8.37 7.01 7.83 5.40 5.62 5.55 4.87 6.06 0.00 0.00 0.00 0.00 0.00 0.00 0.00 0.00 0.00 0.00 0.00 0.00 0.00 0.00 0.00 0.00 0.00 0.00 0.00 0.00 0.00 0.00 0.00 0.00 0.00 0.00 0.00 0.00 0.00 0.00 0.00 0.00 0.00 0.00 0.00
0.00 0.00 0.00 0.00 0.00 0.00 0.00 0.00 0.00 0.00 0.00 0.00 0.00 0.00 0.00 0.00 0.00 0.00 0.00 0.00 0.00 0.00 4.02 5.33 7.23 0.00 9.46 10.51 6.72 8.98 9.64 11.02 6.52 6.94 6.79 0.00 9.78 4.67 7.66 0.00 4.42 2.99 0.00 0.00 9.16 7.99 3.83 0.00 0.00 0.00 0.00 0.00 0.00 0.00 0.00 0.00 0.00 0.00 0.00 0.00 0.00 0.00 0.00 0.00 0.00 0.00 0.00 0.00 0.00 0.00 0.00 0.00 0.00 0.00 0.00 0.00 0.00 0.00 0.00 0.00 0.00 0.00 0.00 0.00
0.00 0.00 0.00 0.00 0.00 0.00 0.00 0.00 0.00 0.00 0.00 0.00 0.00 0.00 0.00 0.00 0.00 0.00 0.00 0.00 0.00 0.00 0.00 0.00 0.00 0.00 0.00 7.52 7.81 8.32 0.00 8.28 11.46 0.00 0.00 0.00 0.00 0.00 0.00 0.00 0.00 0.00 0.00 0.00 6.38 8.87 0.00 0.00 0.00 0.00 0.00 0.00 0.00 0.00 0.00 0.00 0.00 0.00 0.00 0.00 0.00 0.00 0.00 0.00 0.00 0.00 0.00 0.00 0.00 0.00 0.00 0.00 0.00 0.00 0.00 0.00 0.00 0.00 0.00 0.00 0.00 0.00 0.00 0.00
