Wansh/Snow_depth/snowdepth-1997/spring/1997068.txt
ncols 321
nrows 161
xllcenter 60
yllcenter 15 
cellsize  0.25 
NODATA_value -1
[rows 0 to 36 of 161, columns 0 to 83 of 321]
10.37 10.37 8.10 13.21 14.82 13.43 14.60 14.45 14.24 14.24 14.09 14.09 14.75 14.97 14.67 13.72 13.58 12.99 12.26 12.41 12.63 11.68 11.68 12.99 12.05 12.05 12.05 12.56 12.48 12.05 11.10 11.68 13.51 13.51 13.51 13.51 14.67 13.87 14.38 15.04 15.40 15.40 15.26 15.77 15.70 17.01 15.84 16.50 16.43 16.72 15.11 15.11 15.18 15.04 16.43 16.86 16.94 17.45 18.98 19.71 19.71 22.85 21.75 24.82 20.88 23.73 18.61 15.70 16.13 16.57 16.72 16.86 18.40 18.61 16.28 16.13 16.13 16.28 15.11 15.84 16.06 15.91 15.62 15.70
11.24 11.24 12.78 14.82 14.67 14.67 15.11 14.24 14.31 14.89 14.97 15.48 15.18 13.58 12.34 12.85 11.90 11.32 10.44 10.51 10.80 11.10 12.70 14.53 14.97 13.43 13.43 12.56 12.63 11.39 11.39 11.97 11.61 11.83 13.51 12.41 12.19 12.34 12.78 14.24 14.67 14.09 13.65 13.51 14.75 14.16 14.82 15.33 14.97 15.33 15.26 15.26 16.06 15.62 15.77 16.64 17.81 17.45 18.61 20.15 23.21 22.85 21.17 22.27 18.98 16.13 16.06 15.33 14.97 15.11 16.21 17.81 17.81 16.64 17.08 16.35 16.35 14.24 14.75 14.02 15.40 15.33 15.77 15.40
11.75 11.75 10.88 11.17 13.21 14.38 14.60 13.94 14.09 13.07 14.09 14.31 13.58 14.45 12.19 9.93 8.47 9.34 8.47 8.47 9.71 10.00 13.87 13.29 14.75 14.16 14.16 12.34 10.73 10.95 10.73 10.59 9.05 9.71 9.86 10.07 12.26 11.75 12.05 11.02 11.10 11.90 12.48 12.78 11.61 12.78 13.87 13.65 14.45 15.33 15.99 15.99 15.91 15.91 16.57 16.57 17.16 17.08 19.56 19.13 21.68 19.93 21.10 18.40 18.18 16.86 17.74 18.10 15.70 15.99 16.28 16.06 15.70 16.28 14.38 14.89 14.89 13.58 13.94 13.80 15.18 15.84 15.91 14.82
11.75 11.75 10.88 11.17 13.21 14.38 14.60 13.94 14.09 13.07 14.09 14.31 13.58 14.45 12.19 9.93 8.47 9.34 8.47 8.47 9.71 10.00 13.87 13.29 14.75 14.16 14.16 12.34 10.73 10.95 10.73 10.59 9.05 9.71 9.86 10.07 12.26 11.75 12.05 11.02 11.10 11.90 12.48 12.78 11.61 12.78 13.87 13.65 14.45 15.33 15.99 15.99 15.91 15.91 16.57 16.57 17.16 17.08 19.56 19.13 21.68 19.93 21.10 18.40 18.18 16.86 17.74 18.10 15.70 15.99 16.28 16.06 15.70 16.28 14.38 14.89 14.89 13.58 13.94 13.80 15.18 15.84 15.91 14.82
10.73 10.73 10.29 11.10 12.85 12.78 12.92 12.26 12.48 12.12 11.90 11.83 12.05 12.34 10.73 9.27 7.15 7.30 8.83 8.54 9.13 9.56 12.56 12.85 12.26 11.46 11.46 11.83 11.17 9.56 7.96 8.76 8.54 9.42 9.20 9.27 9.86 9.34 10.15 11.02 10.59 11.83 11.61 11.75 12.12 12.05 12.34 12.70 12.41 14.89 14.45 14.45 14.53 14.60 15.91 17.08 16.43 17.16 17.23 20.37 20.66 18.76 18.98 18.98 18.76 18.83 18.10 17.37 17.74 16.28 16.13 16.50 15.40 14.60 14.97 13.36 13.36 13.87 12.92 14.75 14.67 15.33 14.02 14.24
10.88 10.88 10.59 12.19 11.75 12.34 10.88 10.22 9.93 10.15 10.95 11.39 11.68 11.53 9.93 9.49 8.54 7.81 10.44 9.78 9.42 11.97 11.39 12.70 11.53 12.56 12.56 10.29 8.69 9.20 8.32 11.61 11.53 8.69 9.86 10.44 10.29 10.59 11.90 12.70 12.41 11.97 11.68 13.36 13.80 12.78 12.99 12.34 13.14 13.14 13.51 13.51 13.07 15.18 14.16 16.28 16.13 15.99 16.13 14.38 17.45 17.67 18.03 18.83 18.83 19.42 19.27 18.10 17.23 17.89 16.35 15.33 15.62 14.16 13.43 13.72 13.72 12.85 14.09 13.87 12.70 12.99 10.59 11.24
11.39 11.39 11.83 11.10 10.66 10.51 10.51 10.44 10.73 10.51 10.29 10.22 11.24 11.24 10.80 11.02 8.83 8.76 12.12 10.95 14.31 13.51 14.31 13.72 14.24 12.56 12.56 12.05 12.26 11.46 12.05 11.68 13.58 14.24 11.39 13.58 12.99 12.78 12.85 13.51 12.85 12.48 13.80 13.21 13.94 13.87 12.78 13.14 13.14 11.75 11.61 11.61 11.39 12.99 13.43 13.58 14.45 13.14 12.99 13.58 14.02 17.23 16.72 17.81 18.69 18.76 18.76 18.98 18.47 15.99 16.35 15.33 14.09 14.67 12.70 11.61 11.61 11.53 10.37 8.69 12.05 9.05 7.81 7.59
11.39 11.39 11.83 11.10 10.66 10.51 10.51 10.44 10.73 10.51 10.29 10.22 11.24 11.24 10.80 11.02 8.83 8.76 12.12 10.95 14.31 13.51 14.31 13.72 14.24 12.56 12.56 12.05 12.26 11.46 12.05 11.68 13.58 14.24 11.39 13.58 12.99 12.78 12.85 13.51 12.85 12.48 13.80 13.21 13.94 13.87 12.78 13.14 13.14 11.75 11.61 11.61 11.39 12.99 13.43 13.58 14.45 13.14 12.99 13.58 14.02 17.23 16.72 17.81 18.69 18.76 18.76 18.98 18.47 15.99 16.35 15.33 14.09 14.67 12.70 11.61 11.61 11.53 10.37 8.69 12.05 9.05 7.81 7.59
11.02 11.02 11.90 11.61 11.61 11.68 10.22 10.95 9.86 9.78 10.00 10.95 10.73 10.66 11.02 12.85 11.83 11.97 14.53 13.51 13.65 15.62 14.60 14.97 14.67 14.89 14.89 14.97 12.12 13.94 14.89 14.97 14.97 14.60 16.43 17.30 13.72 18.98 15.40 13.14 13.65 12.56 14.45 14.31 14.31 14.24 13.94 12.85 11.32 11.68 9.71 9.71 11.83 12.05 13.51 13.29 12.63 12.78 12.99 14.67 14.45 16.13 16.57 16.43 17.16 14.97 18.32 16.28 13.14 13.72 14.45 13.29 13.36 12.56 12.78 11.75 11.75 9.56 10.15 8.25 7.08 7.37 5.91 6.57
11.75 11.75 11.61 11.61 11.83 9.93 9.05 8.32 8.32 8.61 8.54 9.05 10.37 10.66 12.63 12.05 12.85 12.92 13.87 13.94 13.36 14.09 13.87 15.11 14.97 14.31 14.31 15.70 16.28 15.91 15.26 15.70 17.30 17.01 16.72 17.01 17.23 17.01 15.84 14.60 15.55 14.53 14.82 15.18 15.91 14.38 14.60 13.21 17.59 15.48 15.99 15.99 14.02 13.14 13.51 12.70 12.12 12.48 12.26 13.94 16.06 16.06 13.87 15.40 15.84 13.29 11.32 14.09 11.83 10.51 10.15 9.13 11.46 11.46 11.32 10.37 10.37 10.29 8.25 8.18 8.47 6.13 6.94 7.88
11.39 11.39 10.44 10.07 10.15 9.78 9.49 9.27 8.69 8.10 9.56 9.64 9.56 10.66 12.12 11.90 13.87 14.16 14.09 14.16 14.09 14.97 14.16 15.55 15.11 15.04 15.04 16.79 16.35 18.91 19.56 19.42 18.98 18.61 17.45 17.81 17.59 17.81 18.47 18.61 15.62 16.35 16.94 16.72 16.86 16.35 18.47 18.76 18.91 17.16 15.70 15.70 16.43 12.56 12.56 12.34 12.63 10.80 12.05 12.12 11.61 12.19 12.78 9.64 11.39 11.61 10.00 9.13 10.29 8.98 7.81 8.18 7.30 10.00 9.78 9.93 9.93 11.75 10.51 11.97 10.73 8.61 10.07 9.42
11.39 11.39 10.44 10.07 10.15 9.78 9.49 9.27 8.69 8.10 9.56 9.64 9.56 10.66 12.12 11.90 13.87 14.16 14.09 14.16 14.09 14.97 14.16 15.55 15.11 15.04 15.04 16.79 16.35 18.91 19.56 19.42 18.98 18.61 17.45 17.81 17.59 17.81 18.47 18.61 15.62 16.35 16.94 16.72 16.86 16.35 18.47 18.76 18.91 17.16 15.70 15.70 16.43 12.56 12.56 12.34 12.63 10.80 12.05 12.12 11.61 12.19 12.78 9.64 11.39 11.61 10.00 9.13 10.29 8.98 7.81 8.18 7.30 10.00 9.78 9.93 9.93 11.75 10.51 11.97 10.73 8.61 10.07 9.42
11.90 11.90 11.02 10.88 10.29 10.29 10.07 9.64 10.51 10.00 11.90 13.14 12.34 12.05 13.29 13.72 14.82 15.11 15.48 14.38 14.60 14.75 14.97 14.67 14.60 14.82 14.82 16.57 18.25 19.93 19.42 19.35 17.74 16.86 17.37 16.43 16.13 16.43 17.52 15.99 16.35 16.50 16.21 16.13 18.32 17.89 19.20 15.55 15.91 15.99 14.75 14.75 13.80 13.72 13.07 11.61 10.22 10.59 9.64 11.24 10.95 8.47 8.25 8.54 9.05 9.56 10.22 9.27 7.88 8.25 7.15 7.30 6.86 7.23 6.13 8.18 8.18 10.15 12.41 11.90 11.46 8.61 8.98 6.79
10.59 10.59 11.53 11.97 11.17 11.90 11.10 11.17 11.68 12.34 11.90 12.92 13.58 13.87 14.75 16.28 15.70 14.31 14.82 14.75 13.87 14.16 14.24 12.70 12.92 15.70 15.70 16.86 17.08 18.76 14.60 15.11 15.18 14.24 12.85 14.02 13.65 16.64 15.04 14.89 11.83 12.19 14.16 13.43 15.04 14.02 14.24 14.60 13.80 13.21 12.78 12.78 13.36 11.10 11.39 11.68 11.02 10.07 9.78 9.27 6.86 8.76 3.14 7.96 7.30 8.61 6.79 10.07 7.66 6.86 6.42 5.99 6.64 6.64 5.84 7.08 7.08 6.42 8.32 8.98 9.34 7.15 6.28 6.35
9.49 9.49 10.51 10.37 11.10 12.05 12.05 11.97 12.26 12.78 13.14 13.65 14.09 14.60 17.01 15.33 15.77 14.97 14.67 14.60 13.94 11.83 11.17 11.53 11.90 12.05 12.05 10.95 13.36 12.70 13.07 14.97 11.68 12.70 12.70 13.36 13.58 12.48 13.21 10.95 11.39 10.29 10.29 11.53 11.68 11.24 13.87 14.02 12.85 12.78 11.68 11.68 11.83 10.73 11.61 11.17 11.17 9.34 7.88 8.25 6.06 3.65 3.58 4.16 6.35 6.42 5.69 4.96 5.11 5.84 5.40 5.18 5.40 6.50 5.99 7.30 7.30 8.10 8.10 7.74 7.59 7.08 7.01 7.81
10.22 10.22 10.51 10.88 11.39 11.39 12.34 11.90 11.83 12.78 13.07 13.87 15.48 16.06 15.70 14.82 13.58 13.72 13.36 10.22 10.59 9.93 9.64 10.22 9.49 9.27 9.27 10.66 10.51 10.80 12.19 11.90 11.68 11.46 10.66 10.88 11.75 11.39 10.88 11.10 10.44 9.86 9.34 9.86 11.17 10.07 11.10 11.10 10.66 10.88 11.97 11.97 10.07 11.46 12.34 11.46 9.56 9.71 8.83 6.06 6.86 3.87 2.19 0.00 0.66 3.72 3.50 4.31 1.83 2.19 5.18 5.48 5.40 6.57 9.13 9.71 9.71 8.76 8.83 8.18 8.61 7.23 7.88 7.59
10.22 10.22 10.51 10.88 11.39 11.39 12.34 11.90 11.83 12.78 13.07 13.87 15.48 16.06 15.70 14.82 13.58 13.72 13.36 10.22 10.59 9.93 9.64 10.22 9.49 9.27 9.27 10.66 10.51 10.80 12.19 11.90 11.68 11.46 10.66 10.88 11.75 11.39 10.88 11.10 10.44 9.86 9.34 9.86 11.17 10.07 11.10 11.10 10.66 10.88 11.97 11.97 10.07 11.46 12.34 11.46 9.56 9.71 8.83 6.06 6.86 3.87 2.19 0.00 0.66 3.72 3.50 4.31 1.83 2.19 5.18 5.48 5.40 6.57 9.13 9.71 9.71 8.76 8.83 8.18 8.61 7.23 7.88 7.59
12.26 12.26 11.61 11.53 11.83 12.92 12.48 13.80 14.16 15.55 13.14 15.70 16.13 15.33 14.09 12.92 13.21 13.65 12.19 11.46 10.22 9.27 8.91 9.34 8.61 8.69 8.69 9.56 9.34 10.80 11.75 11.53 12.48 11.02 11.17 11.53 11.97 12.05 10.73 11.32 11.24 9.86 9.49 8.98 9.64 9.56 9.34 9.93 9.93 10.37 9.71 9.71 9.93 12.48 12.56 9.34 11.10 10.07 10.66 5.91 3.43 3.58 4.16 0.22 0.37 0.00 0.00 0.80 0.00 0.73 0.51 0.58 6.28 9.49 9.20 10.22 10.22 10.29 10.22 7.96 6.64 6.64 7.59 6.64
12.70 12.70 13.80 13.21 13.43 14.09 13.87 15.48 16.21 16.79 16.50 15.48 14.67 13.65 13.94 12.34 12.63 13.72 11.17 10.00 8.91 9.20 8.47 8.47 6.50 7.74 7.74 8.40 8.18 9.20 11.02 11.61 10.88 11.32 10.22 10.73 9.93 9.78 9.49 10.66 9.78 10.15 9.13 8.76 8.40 8.69 8.83 9.93 10.15 10.29 9.64 9.64 9.64 9.64 9.93 10.59 10.37 10.07 7.01 6.57 4.67 6.06 5.26 6.20 0.00 0.00 0.00 0.00 0.00 0.00 0.00 0.07 0.00 3.65 10.59 10.44 10.44 10.44 8.54 9.20 6.64 5.99 4.82 5.18
14.82 14.82 13.80 14.24 14.60 14.97 15.55 14.97 16.06 15.70 15.84 15.62 14.97 14.67 14.02 14.09 13.87 10.44 8.98 7.81 7.01 5.99 6.50 6.86 6.79 6.35 6.35 7.30 7.15 7.08 9.42 11.32 11.02 8.91 8.03 8.76 8.40 10.00 9.49 10.73 10.88 10.29 9.05 9.34 9.20 9.64 9.42 9.86 9.42 9.86 9.78 9.78 11.17 11.75 11.17 11.10 10.51 10.07 9.93 6.57 6.57 7.96 8.03 6.35 6.79 0.44 0.37 0.00 2.19 1.24 0.00 0.00 1.10 0.51 4.74 6.86 6.86 9.34 8.47 7.23 7.52 6.57 5.77 5.91
12.56 12.56 13.94 12.99 13.36 14.16 14.60 14.97 14.89 15.77 15.04 15.11 14.75 15.04 14.31 14.09 12.34 10.00 7.37 6.57 6.50 6.86 7.52 8.03 8.18 8.25 8.25 8.40 7.08 8.18 10.15 10.15 11.10 10.29 10.29 9.49 10.00 10.00 9.78 10.44 10.22 10.80 9.93 10.07 10.07 9.78 9.71 9.64 10.29 11.32 11.68 11.68 11.17 10.88 9.64 10.80 9.86 9.78 9.34 8.91 9.05 8.69 8.10 8.47 4.23 5.04 2.19 3.14 2.85 3.80 1.90 2.34 1.24 3.87 3.43 6.57 6.57 8.32 9.42 9.42 10.00 8.98 7.59 7.66
12.05 12.05 10.29 11.90 12.48 12.41 14.02 13.21 15.55 14.82 15.40 15.84 15.04 15.26 14.31 12.70 11.17 8.18 8.98 7.88 7.37 7.30 9.20 8.47 7.96 7.37 7.37 7.15 8.76 8.32 11.39 11.32 10.00 10.51 10.29 10.66 10.51 10.59 9.86 10.07 10.66 10.73 10.80 10.07 10.22 10.15 10.80 10.73 11.68 12.12 10.29 10.29 10.07 10.15 9.49 9.42 9.13 9.05 8.91 9.20 9.13 8.47 8.61 8.54 5.99 4.38 3.94 4.96 3.21 1.97 2.34 2.26 2.85 3.29 6.42 5.84 5.84 8.98 9.42 10.44 10.37 9.64 8.47 8.83
12.05 12.05 10.29 11.90 12.48 12.41 14.02 13.21 15.55 14.82 15.40 15.84 15.04 15.26 14.31 12.70 11.17 8.18 8.98 7.88 7.37 7.30 9.20 8.47 7.96 7.37 7.37 7.15 8.76 8.32 11.39 11.32 10.00 10.51 10.29 10.66 10.51 10.59 9.86 10.07 10.66 10.73 10.80 10.07 10.22 10.15 10.80 10.73 11.68 12.12 10.29 10.29 10.07 10.15 9.49 9.42 9.13 9.05 8.91 9.20 9.13 8.47 8.61 8.54 5.99 4.38 3.94 4.96 3.21 1.97 2.34 2.26 2.85 3.29 6.42 5.84 5.84 8.98 9.42 10.44 10.37 9.64 8.47 8.83
9.49 9.49 9.20 10.37 11.17 11.24 14.16 12.34 12.12 12.63 13.80 14.67 13.21 13.51 10.15 11.17 8.61 8.18 8.91 8.47 9.34 8.40 8.69 7.59 7.52 8.10 8.10 8.03 9.64 9.64 11.61 10.44 11.10 11.46 11.24 11.17 11.46 10.80 10.22 11.39 10.95 13.72 13.29 13.29 11.90 13.29 11.10 12.05 11.90 10.37 10.37 10.37 10.22 9.34 9.05 10.00 10.00 10.37 9.20 8.91 9.05 8.91 9.34 9.42 9.05 9.27 9.05 9.86 6.57 3.50 6.57 3.14 3.58 2.92 4.89 6.50 6.50 6.20 9.56 10.15 11.02 10.88 9.78 9.13
7.66 7.66 8.61 8.47 11.10 11.61 10.88 12.41 12.41 12.41 12.70 13.43 12.63 11.75 8.54 6.57 7.01 6.72 6.79 7.88 9.42 8.18 7.15 8.03 7.81 8.61 8.61 9.05 10.15 10.73 10.73 11.90 11.61 12.70 12.19 12.05 11.46 11.32 11.68 11.68 11.90 16.21 15.48 16.64 14.16 14.45 14.16 13.43 11.10 10.22 10.07 10.07 10.07 10.88 10.73 10.44 10.88 11.97 12.41 12.34 12.34 11.39 11.32 11.02 10.95 10.95 10.95 12.05 11.90 10.44 10.37 9.64 8.83 6.64 7.15 6.20 6.20 8.32 7.74 11.10 11.24 11.75 10.95 9.42
6.72 6.72 6.86 6.13 11.53 8.54 11.39 11.75 12.34 11.75 11.90 11.68 11.90 11.61 6.94 6.64 7.15 4.45 5.18 6.72 7.74 6.20 7.23 7.23 8.69 9.34 9.34 9.27 9.42 11.75 9.42 9.42 9.64 12.34 11.97 11.90 11.61 12.05 13.94 16.35 17.59 16.79 18.25 18.91 16.35 15.91 18.10 13.80 13.72 11.97 12.05 12.05 11.46 11.10 11.97 12.99 11.68 12.41 13.21 13.51 13.80 13.43 14.38 16.64 14.82 13.21 13.14 13.21 12.99 11.46 11.32 11.32 10.95 8.54 10.88 8.10 8.10 7.08 7.96 9.78 11.90 12.19 10.95 9.49
5.11 5.11 4.31 4.02 5.91 10.66 11.90 13.21 13.65 12.56 12.26 12.12 8.18 6.35 6.72 7.23 4.16 4.53 4.96 4.89 3.65 4.09 5.77 6.42 7.37 7.74 7.74 7.66 10.15 7.30 7.74 8.91 7.88 9.42 10.29 9.93 10.15 11.53 15.26 16.57 20.15 21.32 20.95 21.02 20.08 18.76 19.35 16.35 13.94 12.85 13.29 13.29 12.99 13.58 14.53 13.94 15.48 14.45 12.85 14.53 13.80 14.02 14.38 16.43 15.70 16.13 14.38 13.51 14.09 13.94 15.33 14.24 13.43 13.72 12.05 9.42 9.42 8.10 8.47 7.66 10.88 11.02 11.46 11.68
4.16 4.16 3.21 8.47 10.29 11.97 13.36 12.99 14.38 14.75 14.53 16.13 10.59 8.40 9.34 5.48 5.26 4.31 2.56 2.04 2.34 1.39 3.72 3.36 5.91 7.52 7.52 3.80 8.98 5.04 2.85 0.73 3.94 6.94 8.69 10.07 12.19 11.46 15.33 17.23 17.81 21.24 17.81 18.47 18.61 17.23 13.51 13.51 13.80 12.92 12.78 12.78 13.21 12.92 14.75 20.08 17.37 17.52 16.79 16.72 14.82 15.40 15.99 15.99 16.21 15.70 14.24 14.45 14.60 15.33 15.18 15.26 14.75 13.43 11.53 11.97 11.97 9.78 8.10 7.59 9.34 8.40 11.17 11.97
4.16 4.16 3.21 8.47 10.29 11.97 13.36 12.99 14.38 14.75 14.53 16.13 10.59 8.40 9.34 5.48 5.26 4.31 2.56 2.04 2.34 1.39 3.72 3.36 5.91 7.52 7.52 3.80 8.98 5.04 2.85 0.73 3.94 6.94 8.69 10.07 12.19 11.46 15.33 17.23 17.81 21.24 17.81 18.47 18.61 17.23 13.51 13.51 13.80 12.92 12.78 12.78 13.21 12.92 14.75 20.08 17.37 17.52 16.79 16.72 14.82 15.40 15.99 15.99 16.21 15.70 14.24 14.45 14.60 15.33 15.18 15.26 14.75 13.43 11.53 11.97 11.97 9.78 8.10 7.59 9.34 8.40 11.17 11.97
2.26 2.26 4.02 10.73 12.05 12.05 13.36 15.70 18.91 20.00 17.45 18.40 14.67 11.83 9.64 6.79 6.94 6.20 2.92 1.68 0.00 1.83 4.45 5.77 4.31 3.07 3.07 3.29 5.26 0.00 0.00 0.00 1.83 4.67 7.37 10.07 12.99 13.65 14.89 14.82 15.48 16.79 16.64 16.94 12.70 13.51 12.85 11.83 12.99 12.63 12.99 12.99 13.94 18.69 20.66 20.29 21.53 17.30 17.59 17.01 19.27 18.91 18.76 19.78 22.63 21.32 15.91 14.75 14.82 14.97 15.26 16.57 17.37 15.62 17.59 14.45 14.45 9.05 9.86 8.69 8.47 9.20 10.00 14.16
0.00 0.00 1.02 12.78 10.88 10.59 10.29 14.16 17.30 18.18 13.07 12.34 10.66 11.10 9.78 0.00 7.37 6.64 5.04 1.24 0.88 1.46 3.43 3.72 3.58 2.12 2.12 0.00 0.00 0.00 0.00 0.00 1.24 5.91 4.38 8.54 11.68 12.05 14.82 13.43 15.26 14.75 15.40 13.29 12.85 12.78 11.32 12.05 13.14 15.55 15.11 15.11 16.79 20.73 22.48 23.87 23.80 22.78 17.89 19.56 19.35 20.44 21.39 21.10 23.58 23.21 21.53 18.61 17.23 17.52 18.98 18.76 20.95 22.12 20.29 21.10 21.10 16.28 11.61 10.80 9.49 11.75 13.43 14.82
0.00 0.00 0.00 11.24 11.61 6.35 7.74 11.02 14.89 15.77 11.90 9.93 9.42 10.37 11.61 0.00 0.00 0.00 0.00 0.00 0.80 1.90 3.87 3.87 3.07 1.61 1.61 0.00 0.00 0.00 0.00 0.00 0.00 2.19 0.00 6.94 5.18 11.68 12.78 11.75 13.94 13.72 13.51 13.51 12.05 14.24 13.94 13.29 15.04 14.89 19.49 19.49 22.34 21.53 25.33 26.06 24.31 25.55 20.00 19.56 19.93 19.56 22.63 24.45 25.04 25.11 24.67 23.29 23.51 20.08 20.66 20.59 20.51 21.83 22.41 21.39 21.39 21.02 16.43 12.41 12.78 12.41 13.80 14.24
7.59 7.59 8.83 6.86 7.88 8.18 7.96 9.05 10.80 10.44 11.61 10.80 11.32 11.46 0.00 0.00 0.00 0.00 0.00 0.00 0.00 4.09 4.09 4.31 3.94 2.77 2.77 0.00 0.00 0.00 0.00 0.00 0.00 0.00 0.00 0.00 6.06 6.86 9.86 10.29 12.48 14.16 14.60 18.83 17.30 16.79 17.16 15.84 16.13 15.62 20.08 20.08 24.09 26.06 25.62 28.18 24.82 20.44 21.68 19.35 20.66 24.67 24.97 27.08 26.65 26.57 26.79 24.67 24.09 22.41 22.85 20.73 19.78 19.71 21.17 24.45 24.45 20.22 16.21 17.01 14.31 15.48 16.35 16.06
5.33 5.33 7.45 10.07 10.66 9.78 8.98 9.93 10.59 10.73 9.71 9.56 9.05 11.17 0.00 0.00 0.00 0.00 0.00 0.00 0.00 0.00 0.00 0.00 0.00 0.00 0.00 0.00 0.00 0.00 0.00 0.00 0.00 0.00 0.00 0.00 0.00 0.00 6.64 8.47 7.23 13.14 18.10 20.81 18.47 18.25 18.54 17.45 18.83 20.88 20.08 20.08 23.73 26.86 27.08 26.86 25.48 23.14 27.30 27.45 25.19 27.38 27.38 26.57 27.16 25.40 26.57 27.38 24.67 22.63 20.81 21.10 20.59 22.63 25.04 24.67 24.67 26.35 22.41 18.54 19.27 15.99 20.37 20.44
0.95 0.95 8.03 8.61 10.00 5.18 7.52 6.86 7.81 0.00 2.63 4.74 0.00 4.38 0.00 0.00 0.00 0.00 0.00 0.00 0.00 0.00 0.00 0.00 0.00 0.00 0.00 0.00 0.00 0.00 0.00 0.00 0.00 0.00 0.00 0.00 0.00 0.00 0.00 5.62 11.02 15.33 13.80 18.32 18.10 19.20 18.76 18.98 18.98 18.40 23.14 23.14 22.78 22.56 24.75 25.77 25.40 25.48 31.32 27.23 27.23 26.21 24.09 23.21 20.81 19.05 16.06 13.94 21.68 19.86 19.13 20.22 22.63 22.19 24.16 25.99 25.99 23.87 24.67 22.12 23.58 23.29 22.63 22.63
0.95 0.95 8.03 8.61 10.00 5.18 7.52 6.86 7.81 0.00 2.63 4.74 0.00 4.38 0.00 0.00 0.00 0.00 0.00 0.00 0.00 0.00 0.00 0.00 0.00 0.00 0.00 0.00 0.00 0.00 0.00 0.00 0.00 0.00 0.00 0.00 0.00 0.00 0.00 5.62 11.02 15.33 13.80 18.32 18.10 19.20 18.76 18.98 18.98 18.40 23.14 23.14 22.78 22.56 24.75 25.77 25.40 25.48 31.32 27.23 27.23 26.21 24.09 23.21 20.81 19.05 16.06 13.94 21.68 19.86 19.13 20.22 22.63 22.19 24.16 25.99 25.99 23.87 24.67 22.12 23.58 23.29 22.63 22.63
1.31 1.31 8.40 0.00 0.00 0.00 3.14 3.80 0.00 0.00 0.00 0.00 0.00 0.00 0.00 0.00 0.00 0.00 0.00 0.00 0.00 0.00 0.00 0.00 0.00 0.00 0.00 0.00 0.00 0.00 0.00 0.00 0.00 0.00 0.00 0.00 0.00 0.00 0.00 0.00 4.60 13.14 11.39 17.52 15.26 17.30 14.97 17.30 17.59 16.72 19.78 19.78 20.00 19.13 23.07 26.28 24.24 24.89 27.96 20.81 15.18 10.15 18.54 15.91 13.87 11.53 9.78 9.34 9.27 9.27 13.94 14.97 20.15 23.73 23.07 26.06 26.06 27.08 27.16 27.30 27.96 29.13 26.43 24.60
