Wansh/Snow_depth/snowdepth-1997/spring/1997115.txt
ncols 321
nrows 161
xllcenter 60
yllcenter 15 
cellsize  0.25 
NODATA_value -1
[rows 74 to 110 of 161, columns 84 to 167 of 321]
0.00 0.00 0.00 0.00 0.00 0.66 0.00 0.00 1.46 0.88 0.00 2.85 2.19 4.53 4.23 4.09 5.18 4.09 4.09 4.23 4.23 3.87 0.00 0.00 0.00 3.07 1.90 0.00 0.00 0.00 0.00 0.00 0.00 0.00 0.00 0.00 0.00 0.00 0.00 2.48 1.90 0.00 0.00 0.00 0.00 0.00 0.51 0.15 0.15 0.00 0.00 0.00 0.00 0.00 0.00 0.58 2.12 2.56 0.00 0.15 0.00 0.00 0.00 0.00 0.00 0.00 0.00 0.00 0.00 0.00 0.37 0.00 0.00 0.00 0.00 0.00 0.00 0.00 0.00 0.00 0.00 0.00 0.00 0.00
0.00 0.00 0.00 0.00 1.10 2.26 1.61 0.51 4.38 2.56 2.26 4.16 3.87 4.96 4.89 4.74 4.67 3.36 3.36 3.80 3.50 0.00 3.58 3.72 0.00 4.02 0.00 0.00 0.00 0.00 0.00 0.00 0.00 0.00 0.00 0.00 0.00 1.24 3.14 2.92 0.00 1.46 0.00 0.00 0.00 1.10 0.00 0.29 1.10 1.02 0.00 0.00 0.51 0.00 1.53 0.66 0.07 0.73 1.53 0.00 0.00 0.29 0.29 0.00 0.00 0.00 0.00 0.00 0.00 0.37 0.00 0.00 0.00 0.00 0.00 0.00 0.00 0.00 0.00 0.00 0.00 0.00 0.00 0.00
0.00 0.44 0.22 1.10 3.14 3.43 2.26 5.18 5.84 5.99 5.26 5.77 5.26 5.33 4.96 4.96 5.55 3.43 3.43 3.58 2.63 3.14 0.00 0.00 0.00 0.00 0.00 0.00 0.00 0.00 0.00 0.00 0.00 0.00 0.00 0.00 0.00 0.00 3.65 4.31 3.07 1.24 1.24 1.24 0.51 0.80 1.17 0.00 1.61 1.97 1.83 0.66 0.00 0.00 0.37 0.07 0.44 0.22 0.15 0.00 0.00 0.00 0.95 1.75 0.37 0.66 0.00 0.00 0.00 0.22 2.34 2.99 1.02 0.00 0.00 0.00 0.00 0.00 0.00 0.00 0.00 0.00 0.00 0.00
3.21 1.75 2.99 2.12 3.43 4.09 3.80 4.09 5.04 5.48 5.62 5.62 4.74 5.77 4.31 3.87 4.23 0.00 0.00 0.00 0.00 2.48 0.00 0.00 0.00 0.00 0.00 0.00 0.00 0.00 0.00 0.00 0.00 0.00 0.00 0.00 0.00 0.00 0.00 4.38 3.65 2.92 2.12 2.12 2.12 1.68 1.97 1.75 2.19 0.00 0.00 2.70 1.24 2.34 0.22 0.00 1.10 1.17 0.00 0.07 0.00 2.04 2.19 3.07 1.83 2.92 0.29 1.46 1.46 1.10 2.63 3.80 1.46 0.00 0.00 0.00 0.00 0.00 0.00 0.00 0.00 0.00 0.00 0.00
4.02 3.07 0.37 4.74 3.29 2.85 3.29 4.82 4.74 5.26 5.18 4.16 0.00 4.82 4.02 4.23 4.31 3.72 3.72 0.00 3.80 0.00 0.00 3.43 0.00 0.00 0.00 0.00 0.00 0.00 0.00 0.00 0.00 0.00 0.00 0.00 0.00 0.00 3.50 0.00 2.99 3.43 0.00 0.00 0.00 0.00 0.00 0.00 0.00 0.00 0.00 0.00 1.10 0.00 4.82 2.48 1.90 4.02 1.10 0.00 0.58 0.00 2.92 3.50 2.85 3.94 2.92 3.43 3.43 3.65 3.80 4.96 0.00 2.70 1.97 0.44 0.00 0.00 0.00 0.00 0.00 0.00 0.00 0.00
3.14 3.65 3.87 4.02 3.80 3.07 3.72 4.38 4.67 4.74 4.16 0.00 0.00 0.00 0.00 0.00 0.00 0.00 0.00 3.87 0.00 0.00 3.50 0.00 0.00 0.00 0.00 0.00 0.00 0.00 0.00 0.00 0.00 0.00 0.00 0.00 0.00 0.00 0.00 0.00 0.00 0.00 0.00 0.00 0.00 0.00 0.00 0.00 0.00 0.00 0.00 0.00 0.00 3.65 0.00 0.00 3.87 4.89 2.56 1.31 0.00 2.99 3.87 2.70 3.36 4.38 3.14 3.14 3.14 5.11 2.41 2.26 2.41 3.07 2.35 1.31 0.00 0.00 0.00 0.00 0.00 0.00 0.00 0.00
0.00 0.00 0.00 4.02 3.58 3.21 3.14 4.31 4.60 4.09 4.02 3.36 0.00 0.00 0.00 0.00 2.77 0.00 0.00 0.00 0.00 0.00 2.34 0.00 0.00 0.00 0.00 0.00 0.00 0.00 0.00 0.00 0.00 0.00 0.00 0.00 0.00 0.00 0.00 0.00 0.00 0.00 0.00 0.00 0.00 0.00 0.00 0.00 0.00 0.00 0.00 0.00 0.00 0.00 0.58 0.00 0.00 3.21 3.65 1.39 2.04 1.68 1.83 1.53 2.99 0.00 3.80 0.00 0.00 3.29 0.95 2.34 3.80 2.26 2.19 0.00 0.22 0.00 0.00 0.00 0.00 0.00 0.00 0.00
0.00 0.00 2.26 2.85 3.29 2.04 0.00 2.41 3.29 3.50 0.00 0.00 0.00 2.77 2.34 0.00 2.56 0.00 0.00 2.70 0.00 0.00 1.83 0.00 0.00 0.00 0.00 0.00 0.00 0.00 0.00 0.00 0.00 0.00 0.00 0.00 0.00 0.00 0.00 0.00 0.00 0.00 0.00 0.00 0.00 0.00 0.00 0.00 0.00 0.00 0.00 0.00 0.00 0.07 0.00 0.00 1.97 0.00 1.53 1.31 0.88 0.00 0.00 3.80 0.00 0.00 0.00 0.00 0.00 0.00 0.00 2.48 4.60 4.67 5.33 1.32 0.88 0.99 0.00 0.00 0.00 0.00 0.00 0.00
0.00 2.12 0.00 0.00 0.00 0.00 2.04 2.48 3.29 3.21 0.00 0.00 2.48 0.00 0.00 0.00 0.00 0.00 0.00 3.36 0.00 0.00 0.00 0.00 0.00 0.00 0.00 0.00 0.00 0.00 0.00 0.00 0.00 0.00 0.00 0.00 0.00 0.00 0.00 0.00 0.00 0.00 0.00 0.00 0.00 0.00 0.00 0.00 0.00 0.00 0.00 0.00 0.00 0.00 0.07 0.15 0.00 1.53 1.39 1.53 0.66 1.24 0.00 0.00 0.00 0.00 0.00 0.00 0.00 0.00 1.46 4.67 4.23 8.54 8.76 0.95 0.73 0.00 0.00 0.00 0.00 0.00 0.00 0.00
2.99 1.97 0.00 0.00 0.00 0.00 1.83 0.00 3.07 0.00 0.00 0.00 0.00 2.77 3.87 2.63 0.00 0.00 0.00 0.00 0.00 0.00 0.00 0.00 0.00 0.00 0.00 0.00 0.00 0.00 0.00 0.00 0.00 0.00 0.00 0.00 0.00 0.00 0.00 0.00 0.00 0.00 0.00 0.00 0.00 0.00 0.00 0.00 0.00 0.00 0.00 0.00 0.00 0.00 0.15 0.66 1.53 0.80 1.31 1.24 1.75 1.83 0.00 0.00 2.70 3.58 3.21 0.00 0.00 0.00 0.00 2.92 2.26 5.69 2.56 4.67 4.38 1.68 3.43 0.00 0.00 0.00 0.00 0.00
0.00 2.04 0.00 0.00 0.00 0.00 0.00 0.00 2.48 0.00 0.00 0.00 2.34 0.00 3.72 0.00 0.00 0.00 0.00 0.00 0.00 0.00 0.00 0.00 0.00 0.00 0.00 0.00 0.00 0.00 0.00 0.00 0.00 0.00 0.00 0.00 0.00 0.00 0.00 0.00 0.00 0.00 0.00 0.00 0.00 0.00 0.00 0.00 0.00 0.00 0.00 0.00 2.04 0.73 0.22 0.00 1.17 2.04 2.41 2.19 1.68 3.07 3.43 3.14 4.74 4.53 4.60 1.83 1.83 0.73 1.90 0.00 0.58 5.11 7.74 3.87 3.14 3.94 5.55 5.18 3.65 3.80 0.00 0.00
0.00 1.39 2.04 1.97 0.00 0.00 3.36 0.00 2.92 0.00 0.00 0.00 0.00 0.00 2.92 3.36 3.58 0.00 0.00 0.00 3.21 0.00 0.00 0.00 0.00 0.00 0.00 0.00 0.00 0.00 0.00 0.00 0.00 0.00 0.00 0.00 0.00 0.00 0.00 0.00 0.00 0.00 0.00 0.00 0.00 0.00 0.00 0.00 0.00 0.00 0.00 0.00 2.04 2.77 5.33 4.53 1.17 1.46 0.88 0.44 3.82 4.84 5.79 5.33 5.40 5.40 5.48 2.63 2.63 2.41 3.80 1.10 1.31 1.61 4.38 2.34 3.43 3.94 7.15 5.55 4.16 5.26 0.00 0.00
1.46 1.90 2.26 1.68 2.70 2.48 3.80 0.00 0.00 0.00 0.00 2.41 0.00 0.00 0.00 0.00 4.02 2.99 2.99 3.65 3.43 3.65 3.14 0.00 0.00 0.00 2.70 2.85 0.00 0.00 2.77 0.00 0.00 0.00 0.00 0.00 0.00 0.00 3.29 2.92 0.95 0.00 2.41 2.41 0.00 0.22 0.00 0.88 0.29 0.51 0.58 0.00 0.73 1.83 1.39 7.74 8.61 10.22 5.91 7.37 3.21 5.62 6.18 6.79 4.60 4.09 1.68 3.07 3.07 3.72 4.82 6.86 6.50 2.19 0.00 0.22 3.21 6.06 7.23 8.69 7.96 7.66 5.84 0.00
1.31 2.26 2.99 0.00 2.63 0.00 2.34 0.00 0.00 0.00 0.00 1.68 0.00 2.41 2.99 3.29 3.72 3.14 3.14 3.87 3.87 3.14 2.34 2.63 0.00 2.85 2.92 0.00 0.00 0.00 0.00 0.00 0.00 0.00 0.00 0.00 0.00 0.00 4.45 5.33 5.33 2.41 2.85 2.85 0.00 0.00 0.00 0.80 0.22 0.37 0.58 1.02 1.10 0.66 4.23 4.31 9.20 11.39 8.25 8.76 6.35 3.65 4.45 6.28 3.93 4.02 3.58 1.39 1.39 2.77 6.28 9.34 7.81 3.21 0.44 1.46 3.43 3.29 5.33 7.52 7.88 4.38 5.40 0.00
2.48 0.00 2.70 0.00 0.00 0.00 0.00 3.14 0.00 0.00 2.99 2.92 0.00 3.07 3.36 3.65 3.36 3.50 3.50 3.58 3.29 3.43 0.00 0.00 2.41 3.07 3.07 3.07 0.00 0.00 0.00 0.00 0.00 0.00 0.00 0.00 0.00 4.23 6.13 3.94 3.87 3.43 4.16 4.16 4.31 6.42 3.36 1.17 0.00 2.04 0.00 0.00 0.51 3.36 2.85 4.96 9.20 9.20 11.39 8.10 6.50 4.38 3.87 4.38 4.94 3.55 7.81 4.09 4.09 5.40 4.23 6.20 6.57 4.74 1.97 1.90 5.11 4.09 5.04 5.84 5.48 4.96 0.00 0.00
1.97 1.10 0.00 2.48 0.00 0.00 0.00 0.00 0.00 0.00 4.23 4.02 3.94 4.38 4.02 4.02 2.85 3.43 3.43 2.63 2.77 3.94 0.00 2.85 0.00 3.36 3.43 0.00 0.00 0.00 0.00 0.00 0.00 0.00 0.00 0.00 0.00 0.00 4.96 0.00 2.70 3.14 4.96 4.96 7.15 5.48 7.37 5.99 5.04 4.23 2.34 1.83 1.83 1.53 6.64 5.55 5.11 5.18 5.04 4.35 1.83 3.58 5.07 7.88 9.19 11.51 9.30 5.91 5.91 8.03 3.94 4.31 4.96 5.55 2.70 2.48 6.79 7.23 5.69 4.82 4.90 0.00 0.00 0.00
2.56 1.31 1.61 0.00 0.00 0.00 0.00 0.00 0.00 1.83 0.00 0.00 4.02 0.00 0.00 0.00 2.77 3.36 3.36 3.21 2.70 1.97 2.63 0.00 3.14 3.43 2.77 2.63 1.97 0.00 0.00 0.00 3.36 2.34 0.00 0.00 0.00 0.00 2.41 0.00 0.00 2.70 3.72 3.72 6.50 7.23 7.96 8.83 8.32 6.20 7.52 4.82 9.13 9.71 6.13 4.02 4.96 3.94 1.68 2.12 1.35 2.19 5.60 7.45 10.88 10.73 12.77 9.92 9.61 5.94 4.09 4.96 4.96 4.60 5.33 5.04 7.15 7.30 5.81 5.58 4.02 0.00 6.32 0.00
0.73 1.75 1.53 1.61 0.00 0.00 1.97 1.31 0.80 0.88 0.00 0.00 0.00 0.00 0.00 0.00 0.00 0.00 0.00 0.00 2.41 0.00 0.00 0.00 0.00 2.19 0.00 0.00 0.00 0.00 0.00 0.00 0.00 0.00 0.00 0.00 0.00 0.00 0.00 0.00 0.00 0.00 0.00 0.00 3.94 4.16 8.18 4.74 7.45 7.52 8.25 8.98 10.66 9.86 11.24 4.96 6.72 4.31 4.79 0.59 2.56 1.75 4.39 5.17 9.96 10.13 12.85 10.37 10.42 6.52 5.36 5.48 4.67 4.09 4.92 3.72 4.74 5.33 5.65 6.83 5.87 5.62 6.49 7.64
1.10 1.46 1.17 1.24 1.17 0.73 2.04 2.48 1.68 1.24 0.00 0.66 0.00 0.00 0.00 0.00 0.00 0.00 0.00 2.19 0.00 0.00 0.00 0.00 0.00 0.00 0.00 0.00 0.00 0.00 0.00 0.00 0.00 0.00 0.00 0.00 0.00 0.00 0.00 0.00 0.00 0.00 0.00 0.00 2.48 3.29 3.43 4.60 4.38 9.13 7.96 7.45 11.75 12.63 13.07 13.65 10.66 4.53 9.27 4.19 3.98 2.90 3.48 0.00 8.83 9.20 10.78 8.47 8.47 4.66 5.28 6.88 6.53 5.11 4.40 5.24 4.96 4.89 5.27 5.88 7.26 6.92 5.89 0.00
1.31 0.80 1.10 1.24 1.39 0.88 1.68 1.97 2.26 0.00 1.61 1.46 0.00 0.00 0.00 0.00 0.00 0.00 0.00 0.00 0.00 0.00 0.00 0.00 0.00 0.00 0.00 0.00 0.00 0.00 0.00 0.00 0.00 0.00 0.00 0.00 0.00 0.00 0.00 0.00 0.00 0.00 0.00 0.00 0.51 2.77 2.70 0.95 6.57 7.96 8.10 8.32 9.49 12.05 11.24 11.32 11.68 13.94 13.14 8.10 3.94 5.40 3.11 2.77 8.25 6.81 4.48 5.40 5.40 1.92 4.36 6.13 9.26 7.48 8.60 6.24 5.26 5.04 4.32 6.47 7.57 8.64 7.63 7.25
2.04 1.68 1.24 1.24 1.39 1.68 0.00 0.00 0.00 2.26 1.10 0.00 0.00 0.00 1.10 0.00 1.53 1.10 1.10 0.00 0.00 0.00 1.46 0.00 0.00 0.00 0.00 0.00 0.00 0.00 0.00 0.00 0.00 0.00 0.00 0.00 0.00 0.00 0.00 0.00 0.00 0.00 0.00 0.00 1.17 2.56 3.80 0.44 0.58 6.13 8.54 7.30 7.30 10.08 13.38 13.04 14.07 14.38 13.36 11.46 6.72 4.26 1.61 3.63 5.65 4.76 2.16 0.00 0.00 4.12 7.35 5.11 9.52 9.27 8.81 8.47 7.23 4.69 4.37 0.00 7.91 9.34 8.76 6.14
2.56 2.19 0.95 1.02 1.53 0.80 1.46 1.75 1.46 1.97 0.66 0.00 0.00 0.00 0.00 0.00 0.00 0.00 0.00 0.00 0.00 0.00 1.61 0.00 0.00 0.00 0.00 0.95 0.00 0.00 0.00 0.00 0.00 0.00 0.00 0.00 0.00 0.00 0.00 0.00 0.00 0.00 0.00 0.00 0.00 0.22 2.70 5.04 8.76 8.47 9.86 8.18 6.50 6.88 8.31 13.25 11.37 14.44 13.19 8.11 7.04 5.28 3.00 3.26 3.25 4.09 2.32 0.00 0.00 2.14 3.34 3.24 7.80 8.81 8.51 7.92 7.60 4.55 4.42 5.95 6.80 9.76 11.11 8.22
3.14 2.85 0.00 0.73 1.10 1.10 1.83 1.90 2.04 2.04 1.53 0.00 0.00 0.00 0.00 0.00 0.00 0.00 0.00 0.00 0.00 0.00 0.00 0.00 0.00 0.00 0.00 0.66 0.95 0.00 0.00 0.00 0.00 0.00 0.00 0.00 0.00 0.00 0.00 0.00 0.00 2.63 0.58 0.58 0.00 0.00 2.92 10.73 11.90 10.29 10.95 10.00 7.45 8.07 9.61 11.60 6.29 8.87 11.07 6.82 7.73 6.08 3.99 4.09 2.71 2.89 2.21 0.00 0.00 0.00 0.00 2.61 6.71 5.89 6.72 6.53 6.08 3.02 2.80 0.00 9.11 10.84 11.36 0.00
2.70 0.00 0.00 0.00 0.66 1.46 1.53 3.21 3.07 2.70 3.87 0.00 0.00 0.00 0.00 0.00 0.00 0.00 0.00 0.00 0.00 0.00 0.00 0.00 0.00 0.00 0.80 1.39 0.95 1.90 0.00 0.00 0.00 0.73 1.46 0.73 0.00 0.00 0.00 0.00 0.00 5.04 4.74 4.74 7.88 6.28 8.76 11.97 12.92 13.10 12.19 12.15 11.47 9.79 6.59 5.72 5.62 6.42 8.08 4.97 5.94 6.30 5.73 5.18 2.74 1.98 2.08 1.20 1.17 0.00 0.00 1.80 6.26 8.32 6.82 5.18 3.06 0.00 0.00 0.00 7.91 6.83 0.00 0.00
7.37 0.00 5.18 2.70 5.91 4.16 5.99 4.23 0.00 2.70 2.04 2.70 3.58 1.90 1.83 1.31 1.75 1.75 1.75 0.51 0.00 0.00 0.00 0.00 1.24 1.53 1.02 0.80 0.22 0.80 0.95 0.44 0.58 1.90 0.88 0.51 0.00 0.00 0.00 2.41 3.50 6.86 7.81 7.81 8.91 11.17 12.92 14.82 12.12 12.19 10.01 11.24 10.82 6.84 6.05 4.28 7.64 8.08 8.45 8.22 8.73 5.07 7.93 4.21 2.19 2.20 1.69 0.00 0.00 0.00 0.00 4.39 6.03 7.26 6.96 6.50 0.00 0.00 0.00 0.00 0.00 0.00 0.00 0.00
10.22 10.37 8.54 12.34 10.95 8.25 9.13 4.09 0.00 0.00 0.00 2.48 3.65 2.19 2.70 1.39 0.66 1.17 1.17 0.00 0.66 0.07 0.73 0.00 0.80 0.88 0.80 0.37 0.07 0.22 1.17 0.00 0.00 1.10 1.83 0.73 1.68 3.29 3.14 1.75 1.61 4.45 7.30 7.30 10.73 11.32 10.29 13.58 14.30 11.03 10.24 10.24 12.66 12.46 5.16 5.93 5.49 5.45 11.25 10.63 10.32 9.08 9.71 4.74 2.99 1.17 2.13 0.00 0.00 0.00 0.00 2.55 0.00 4.51 4.89 4.31 0.00 0.00 0.00 0.00 0.00 0.00 0.00 0.00
11.53 12.12 15.40 8.32 11.75 12.85 11.61 5.40 2.63 0.00 0.00 2.41 2.12 3.36 3.43 1.68 0.73 1.46 1.46 0.80 0.95 1.02 0.00 0.22 0.51 0.00 0.22 0.07 0.00 0.07 0.58 0.00 0.00 0.00 1.46 2.12 2.70 4.09 2.19 1.02 2.41 4.45 3.72 3.72 9.34 11.75 8.69 9.14 10.38 8.02 8.86 11.07 10.45 5.27 5.71 4.42 7.15 0.00 7.16 13.74 10.75 9.76 10.07 6.86 3.58 0.60 1.79 0.00 0.00 0.00 0.00 0.00 0.00 4.24 5.24 2.43 0.00 0.00 0.00 0.00 0.00 0.00 0.00 0.00
0.00 9.34 9.13 0.00 0.00 13.14 13.07 8.14 6.35 2.56 0.00 0.00 0.00 2.99 2.12 2.63 1.90 0.95 0.95 1.39 0.95 0.80 0.00 0.58 0.22 0.00 0.00 0.00 0.07 0.22 0.00 0.00 0.00 1.17 2.34 3.80 3.87 0.00 0.00 0.00 0.22 1.46 2.26 2.26 4.45 7.37 8.69 8.66 8.25 9.84 9.41 9.64 9.08 8.18 5.05 4.56 3.40 0.00 0.00 8.78 9.45 11.86 10.56 6.50 7.08 3.55 1.85 0.47 0.45 0.83 0.00 0.00 0.00 4.61 3.44 0.00 0.00 0.00 0.00 0.00 0.00 0.00 3.32 0.00
0.00 0.00 0.00 0.00 0.00 11.97 9.86 10.66 5.84 6.57 0.88 0.73 0.00 0.00 0.00 1.24 0.58 0.29 0.29 1.46 1.10 0.80 0.00 0.00 0.00 0.00 0.00 0.00 0.00 0.00 0.00 0.00 0.00 0.00 1.24 2.04 1.53 0.00 0.00 0.00 0.00 0.00 0.29 0.29 3.80 4.45 7.59 8.40 8.98 9.78 10.45 13.91 12.80 8.16 5.37 4.35 2.46 0.00 10.30 8.21 10.06 9.97 11.80 11.95 4.55 4.14 5.00 1.07 1.08 0.17 1.42 0.00 0.00 0.00 0.00 0.00 0.00 0.00 0.00 0.00 0.00 0.00 4.24 0.00
0.00 0.00 0.00 0.00 0.00 11.17 11.83 12.48 10.88 8.47 3.36 1.90 0.00 0.00 0.00 0.00 0.07 1.02 1.02 0.00 0.00 0.00 0.00 0.00 0.00 0.00 0.00 0.00 0.00 0.00 0.00 0.00 0.00 0.00 0.00 1.17 0.58 0.00 0.00 0.00 0.00 0.00 1.90 1.90 3.89 2.99 5.28 9.93 7.93 10.76 14.60 17.31 6.62 6.77 0.00 0.00 0.00 0.00 0.00 0.00 8.90 8.67 12.10 10.01 8.46 8.06 4.23 3.53 4.13 3.17 3.74 0.00 0.00 0.00 0.00 0.00 0.00 0.00 0.00 0.00 0.00 0.00 0.00 0.00
0.00 0.00 0.00 0.00 0.00 0.00 10.88 11.46 13.43 9.86 4.89 3.87 2.19 2.26 0.00 0.95 2.12 0.00 0.00 0.00 0.00 0.00 0.00 0.00 0.00 0.00 0.00 0.00 0.00 0.00 0.00 0.00 0.00 0.00 0.00 0.66 0.00 0.00 0.00 0.00 0.00 0.00 0.00 0.00 0.00 0.00 2.93 6.16 5.03 8.63 11.89 12.65 4.66 0.00 0.00 0.00 0.00 0.00 0.00 0.00 7.36 7.43 11.48 11.40 11.85 11.61 8.30 6.32 7.07 9.14 2.77 0.00 0.00 0.00 0.00 0.00 0.00 0.00 0.00 0.00 0.00 0.00 0.00 0.00
0.00 0.00 0.00 0.00 0.00 0.00 0.00 0.00 13.94 9.34 7.52 6.50 5.84 6.13 2.85 4.45 5.31 0.00 0.00 0.00 0.00 0.00 0.00 0.00 0.00 0.00 0.00 0.00 0.00 0.00 0.00 0.00 0.00 0.00 0.00 0.00 0.00 0.00 0.00 0.00 0.00 0.00 0.00 0.00 0.00 1.24 1.90 2.99 7.11 9.17 12.67 0.00 0.00 0.00 0.00 0.00 0.00 0.00 0.00 0.00 0.00 0.00 9.62 12.82 13.37 14.41 14.81 10.32 10.54 13.77 6.49 4.07 2.46 0.00 0.00 0.00 0.00 0.00 0.00 0.00 0.00 0.00 0.00 0.00
0.00 0.00 0.00 0.00 0.00 0.00 0.00 0.00 9.13 4.67 8.76 6.50 8.54 10.15 6.50 8.14 8.83 4.60 4.29 0.00 0.51 1.24 0.00 0.00 0.00 0.00 0.00 0.00 0.00 0.00 0.00 0.00 0.00 0.00 0.00 0.00 0.29 0.00 0.00 0.00 1.68 0.00 0.88 0.88 0.00 0.29 1.69 4.63 8.88 13.16 17.10 0.00 0.00 0.00 0.00 0.00 0.00 0.00 0.00 0.00 0.00 0.00 9.95 8.52 23.50 18.01 16.61 18.19 22.23 19.97 8.30 5.44 4.60 0.00 0.00 0.00 0.00 0.00 0.00 0.00 0.00 0.00 0.00 0.00
0.00 0.00 0.00 0.00 0.00 0.00 0.00 0.00 0.00 0.00 0.00 0.00 0.00 0.00 0.00 0.00 0.00 9.63 9.79 8.18 8.47 8.18 5.91 2.56 0.73 1.24 5.04 4.74 1.97 0.00 0.00 0.00 0.00 0.00 0.51 9.78 8.83 8.18 4.53 9.76 9.86 7.52 9.64 9.64 6.28 5.18 1.83 4.11 7.97 10.76 0.00 0.00 0.00 0.00 0.00 0.00 0.00 0.00 0.00 0.00 0.00 0.00 0.00 0.00 21.84 16.41 14.67 12.11 13.53 7.35 0.00 0.00 0.00 0.00 0.00 0.00 0.00 0.00 0.00 0.00 0.00 0.00 0.00 0.00
0.00 0.00 0.00 0.00 0.00 0.00 0.00 0.00 0.00 0.00 0.00 0.00 0.00 0.00 0.00 0.00 0.00 7.59 7.59 7.66 7.66 7.26 5.18 4.31 6.57 10.48 10.03 5.62 3.58 6.35 8.25 4.53 3.07 4.23 8.10 9.56 12.41 12.26 10.00 10.51 11.41 11.36 12.78 14.27 9.86 12.70 6.94 6.89 13.25 0.00 0.00 0.00 0.00 0.00 0.00 0.00 0.00 0.00 0.00 0.00 0.00 0.00 0.00 0.00 0.00 19.56 0.00 0.00 0.00 0.00 0.00 0.00 0.00 0.00 0.00 0.00 0.00 0.00 0.00 0.00 0.00 0.00 0.00 0.00
0.00 0.00 0.00 0.00 0.00 0.00 0.00 0.00 0.00 0.00 0.00 0.00 0.00 0.00 0.00 0.00 0.00 0.00 0.00 0.00 0.00 0.00 8.03 7.52 9.34 9.32 11.40 9.34 7.30 7.74 10.88 10.66 6.74 7.01 9.49 0.00 6.79 11.46 9.93 5.91 10.10 0.00 13.01 16.52 17.02 17.67 8.86 12.02 0.00 0.00 0.00 0.00 0.00 0.00 0.00 0.00 0.00 0.00 0.00 0.00 0.00 0.00 0.00 0.00 0.00 0.00 0.00 0.00 0.00 0.00 0.00 0.00 0.00 0.00 0.00 0.00 0.00 0.00 0.00 0.00 0.00 0.00 0.00 0.00
0.00 0.00 0.00 0.00 0.00 0.00 0.00 0.00 0.00 0.00 0.00 0.00 0.00 0.00 0.00 0.00 0.00 0.00 0.00 0.00 0.00 0.00 5.04 4.23 5.04 0.00 0.00 8.25 8.40 8.40 9.34 13.32 16.08 8.10 7.15 0.00 0.00 9.20 0.00 0.00 0.00 0.00 0.00 0.00 11.74 19.68 16.95 0.00 0.00 0.00 0.00 0.00 0.00 0.00 0.00 0.00 0.00 0.00 0.00 0.00 0.00 0.00 0.00 0.00 0.00 0.00 0.00 0.00 0.00 0.00 0.00 0.00 0.00 0.00 0.00 0.00 0.00 0.00 0.00 0.00 0.00 0.00 0.00 0.00
