Wansh/Snow_depth/snowdepth-1997/spring/1997086.txt
ncols 321
nrows 161
xllcenter 60
yllcenter 15 
cellsize  0.25 
NODATA_value -1
[rows 74 to 110 of 161, columns 84 to 167 of 321]
0.00 0.00 0.00 0.00 0.00 0.22 1.97 1.53 0.51 0.00 3.29 1.83 2.48 2.56 4.02 3.36 3.43 3.65 3.65 3.72 3.65 3.21 3.36 2.99 1.97 0.00 2.04 0.00 0.00 0.00 0.00 0.00 0.00 2.19 3.07 0.00 0.00 0.00 0.00 0.00 0.00 0.00 0.66 0.66 0.58 0.29 0.88 1.24 0.80 1.46 1.97 0.00 0.00 0.00 2.09 1.46 2.34 0.00 0.00 0.00 0.00 0.00 0.00 0.00 0.00 0.00 0.00 0.00 0.00 0.00 0.00 0.00 0.00 0.00 0.00 0.00 0.00 0.00 0.00 0.00 0.00 0.00 0.00 0.00
0.00 0.00 0.00 1.10 1.83 1.68 3.21 4.09 3.58 2.34 5.04 0.00 3.94 3.94 1.68 3.43 2.85 2.26 2.26 4.09 3.29 2.77 2.34 3.29 0.00 0.00 0.00 0.00 0.00 0.00 0.00 0.00 0.00 0.00 0.00 0.00 0.00 0.00 0.00 0.00 1.53 2.63 1.39 1.39 0.37 0.73 1.39 1.17 1.53 1.97 1.46 0.00 1.24 2.56 1.83 1.61 0.95 2.56 0.44 0.58 0.15 2.70 2.70 0.00 0.00 0.00 0.00 0.00 0.00 1.10 2.77 2.34 0.00 0.00 0.00 0.00 0.00 0.00 0.00 0.00 0.00 0.00 0.00 0.00
1.17 0.51 0.22 3.72 3.72 4.67 4.82 3.87 4.74 4.74 4.60 5.33 5.48 3.87 3.43 3.07 3.65 3.36 3.36 3.43 2.56 1.90 0.00 0.00 0.00 0.00 0.00 0.00 0.00 0.00 0.00 0.00 0.00 0.00 0.00 0.00 0.00 0.00 0.00 3.72 4.16 3.58 2.85 2.85 1.31 1.75 1.68 2.85 3.14 0.07 1.10 1.31 1.31 2.04 1.24 0.73 0.44 0.88 1.10 1.68 3.43 2.04 1.75 1.39 0.00 0.00 0.95 1.90 1.90 3.72 3.80 3.07 1.97 0.00 0.00 0.00 0.00 0.00 0.00 0.00 0.00 0.00 0.00 0.00
1.97 0.00 4.31 1.83 3.36 4.53 2.92 4.45 4.67 5.77 5.40 4.74 5.40 5.11 4.74 4.45 3.58 3.80 3.80 0.00 0.00 0.00 0.00 0.00 0.00 0.00 0.00 0.00 0.00 0.00 0.00 0.00 0.00 0.00 0.00 0.00 0.00 4.16 0.00 3.14 3.72 3.87 2.70 2.70 2.70 3.29 0.00 0.00 0.00 3.87 4.89 1.39 1.24 3.80 2.34 1.31 1.02 2.26 4.02 3.65 4.82 3.72 3.36 2.77 2.12 5.11 3.21 3.87 3.87 3.29 4.82 4.23 1.10 1.31 1.17 0.00 0.66 0.00 0.00 0.00 0.00 0.00 0.00 0.00
4.38 6.28 2.77 4.60 4.45 2.77 3.87 4.45 4.53 4.16 5.48 5.18 5.04 4.16 5.26 4.31 0.00 0.00 0.00 0.00 0.00 0.00 0.00 0.00 0.00 0.00 0.00 0.00 0.00 0.00 0.00 0.00 0.00 0.00 2.04 0.00 0.00 0.00 0.00 0.00 3.50 3.94 0.00 0.00 0.00 0.00 0.00 0.00 0.00 4.53 0.00 0.00 5.84 6.86 4.02 4.45 5.33 6.28 4.45 4.74 5.77 4.89 4.31 4.89 6.79 6.06 6.35 3.65 3.65 3.58 5.84 4.23 0.00 1.31 2.34 1.31 0.07 0.45 0.22 0.58 0.00 0.44 1.76 0.00
5.91 4.60 4.74 3.65 3.72 3.14 2.56 3.87 3.58 4.53 4.16 4.16 3.80 4.31 3.43 3.43 1.53 0.00 0.00 0.00 0.00 0.00 0.00 0.00 0.00 0.00 0.00 0.00 0.00 0.00 0.00 0.00 0.00 0.00 0.00 0.00 0.00 0.00 0.00 0.00 0.00 3.65 0.00 0.00 0.00 0.00 0.00 0.00 0.00 0.00 0.00 4.38 4.89 4.31 4.60 5.18 5.18 6.64 5.62 5.99 5.55 5.62 5.99 4.23 6.13 7.30 6.86 7.52 7.52 6.20 3.50 4.82 7.74 4.45 1.32 1.31 1.39 2.99 1.02 1.61 1.83 1.68 2.19 0.81
4.09 3.50 2.26 3.14 3.94 3.36 3.72 3.07 3.80 3.58 3.50 2.70 2.63 0.00 2.34 2.56 1.90 0.00 0.00 1.68 0.00 0.00 0.00 0.00 0.00 0.00 0.00 0.00 0.00 2.04 0.00 0.00 0.00 0.00 0.00 0.00 0.00 0.00 0.00 0.00 0.00 1.31 1.53 1.53 0.00 0.00 0.00 0.00 0.00 0.00 0.00 0.00 0.00 0.00 0.00 0.00 0.00 5.04 5.04 4.38 5.26 4.53 5.11 6.28 4.89 5.77 7.96 8.54 8.54 5.84 6.57 7.01 10.22 7.88 4.89 5.36 3.14 4.82 3.29 4.09 2.85 0.00 0.00 0.22
0.00 0.00 2.48 0.00 3.72 3.65 2.12 3.36 2.92 3.36 3.29 2.56 3.14 2.77 2.99 0.00 2.26 0.00 0.00 0.00 1.17 0.00 0.00 0.00 0.00 0.00 0.00 0.00 2.34 0.00 0.00 0.00 0.00 0.00 0.00 0.00 0.00 0.00 0.00 0.00 0.00 1.46 1.75 1.75 0.00 0.00 0.00 0.00 0.00 0.00 0.00 0.00 0.00 0.00 0.00 4.23 3.43 5.11 3.50 4.23 3.14 2.92 4.45 0.00 3.72 4.60 7.88 4.23 4.23 4.02 6.13 9.71 11.10 11.97 7.30 6.02 4.65 4.89 4.16 5.02 3.45 0.00 0.00 0.00
3.50 0.00 2.92 0.00 0.00 0.00 0.00 2.77 2.41 2.19 0.00 3.80 0.00 2.70 2.41 0.00 0.00 0.00 0.00 1.24 1.24 0.00 0.00 0.00 0.00 0.00 0.00 2.26 2.34 0.00 0.00 0.00 0.00 0.00 0.00 0.00 0.00 0.00 0.00 0.66 0.00 0.44 0.00 0.00 0.00 0.00 0.00 0.00 0.00 0.00 0.00 0.51 1.24 1.10 1.24 2.41 3.80 2.85 2.85 3.58 3.80 2.92 2.92 5.26 4.82 5.62 4.60 3.80 3.80 0.00 4.23 7.66 8.25 12.56 10.15 8.25 3.94 5.11 4.82 4.70 3.80 2.70 0.00 0.00
3.07 2.92 2.12 0.00 0.00 0.00 0.00 0.00 2.77 1.97 2.56 2.63 0.00 2.48 3.87 0.00 2.77 2.56 2.56 2.48 1.61 0.00 0.00 0.00 0.00 0.00 0.00 0.00 0.00 0.00 0.00 0.00 0.00 0.00 2.85 0.00 0.00 0.00 0.00 0.44 0.00 0.00 0.00 0.00 0.00 0.00 0.00 0.00 0.00 0.00 0.00 0.00 0.29 1.31 1.61 2.12 2.34 1.68 2.26 3.29 3.21 2.99 6.20 7.30 6.94 7.52 7.52 6.13 6.13 4.09 0.00 0.00 3.87 9.27 8.40 8.83 6.42 6.42 4.23 5.26 5.18 3.94 0.00 3.07
0.00 2.63 2.19 0.00 0.00 0.00 0.00 0.00 2.70 0.00 2.63 2.56 0.00 3.58 2.12 0.00 0.00 2.56 2.56 2.99 0.00 0.00 0.00 0.00 0.00 0.00 0.00 0.00 2.77 0.00 0.00 0.00 0.00 2.92 1.83 0.00 0.00 0.00 0.00 0.37 0.66 1.10 0.00 0.00 1.17 0.00 0.00 0.00 0.00 0.00 0.00 0.15 0.80 1.90 2.99 2.19 1.68 1.75 1.75 2.04 3.50 3.50 8.32 7.96 7.66 8.25 7.01 5.69 5.69 6.13 3.36 3.72 5.48 7.81 8.32 5.62 6.35 6.42 7.59 5.26 5.48 6.06 3.36 4.16
3.07 0.73 2.56 0.00 0.00 1.39 0.00 3.36 3.58 3.21 2.56 0.00 0.00 0.00 0.00 2.12 0.00 3.07 3.07 0.00 3.43 0.00 0.00 0.00 0.00 0.00 0.00 2.77 0.00 0.00 0.00 3.36 3.29 0.00 0.00 0.00 0.00 0.00 0.00 0.00 0.44 0.88 1.46 1.46 1.97 1.31 0.00 0.44 0.22 0.00 0.73 0.95 1.61 3.43 4.23 4.82 2.77 1.17 1.10 2.19 3.08 5.88 6.47 7.81 8.10 7.01 6.28 5.77 5.77 6.57 6.20 2.99 6.13 4.82 5.77 5.18 5.99 7.15 8.32 7.96 8.40 8.83 4.60 2.48
1.75 1.90 2.85 2.04 2.48 2.56 0.00 0.00 0.00 3.36 0.00 0.00 0.00 0.00 0.00 2.56 2.85 3.80 3.80 3.50 3.80 3.87 4.09 4.02 0.00 0.00 3.65 4.31 4.16 4.67 3.72 0.00 0.00 3.29 0.00 0.00 0.00 0.00 3.94 4.02 3.14 2.99 1.31 1.31 1.10 0.95 2.34 1.02 0.51 0.44 0.37 0.51 3.21 6.86 9.56 10.51 10.51 9.05 7.08 7.96 2.92 4.45 4.47 7.59 4.96 4.45 4.89 4.60 4.60 5.11 7.15 8.83 7.01 8.47 4.23 4.89 4.96 7.88 7.81 10.15 10.44 9.27 6.94 3.50
1.17 2.19 2.19 0.00 2.70 0.00 0.00 0.00 0.00 0.00 0.00 0.00 2.70 0.00 2.34 2.92 3.65 3.14 3.14 4.67 3.50 3.80 3.80 0.00 0.00 3.87 3.94 2.92 3.80 0.00 0.00 0.00 0.00 0.00 0.00 0.00 0.00 0.00 3.65 3.65 3.29 1.17 2.34 2.34 0.95 2.77 2.12 0.88 0.80 1.02 0.80 1.39 2.41 5.77 9.20 9.20 10.51 12.56 9.34 9.56 7.01 3.80 5.26 5.77 6.15 5.48 4.09 3.94 3.94 7.45 10.22 10.95 9.34 4.96 5.11 4.89 5.04 6.94 6.50 8.98 8.91 9.13 8.76 4.89
1.46 1.02 0.00 0.00 0.00 0.00 1.90 0.00 0.00 0.00 0.00 0.00 3.72 3.65 2.70 3.29 3.50 3.72 3.72 3.21 3.29 3.14 0.00 0.00 0.00 4.16 3.50 4.16 2.70 0.00 0.00 2.70 3.65 4.23 0.00 0.00 0.00 0.00 2.12 2.48 1.61 0.00 2.19 2.19 2.99 1.39 3.14 2.12 1.75 1.31 0.44 1.17 2.92 5.04 7.23 7.15 8.69 9.49 8.25 6.35 3.94 4.16 3.94 5.33 7.82 9.42 7.30 7.01 7.01 5.62 8.98 8.10 7.81 6.94 4.74 4.60 5.18 5.91 6.72 8.40 8.83 7.37 4.67 5.04
1.83 0.00 0.00 0.00 0.00 0.00 0.00 0.00 0.00 0.00 0.00 3.72 3.50 3.07 3.58 3.72 2.85 3.36 3.36 2.77 3.36 0.00 1.83 1.97 0.00 3.80 3.50 3.43 2.99 0.00 0.00 3.87 4.31 4.74 4.09 2.92 0.00 2.04 0.00 0.00 0.00 0.00 0.00 0.00 2.85 4.67 5.18 4.74 5.04 3.29 5.99 5.26 4.09 4.60 5.91 6.64 6.35 5.99 5.71 5.60 3.80 3.87 6.26 5.62 9.78 11.36 12.45 7.30 7.30 6.06 5.33 6.79 7.74 6.50 5.26 4.38 6.50 6.13 6.50 7.64 8.28 7.15 4.18 5.06
1.31 0.00 0.00 0.00 0.00 0.00 0.00 0.00 0.00 0.00 0.00 2.77 0.00 2.56 3.80 0.00 2.70 2.92 2.92 1.97 2.77 3.21 0.00 0.00 0.00 4.09 2.92 3.58 0.00 3.21 3.94 3.94 3.43 3.50 0.00 0.00 1.75 0.00 0.00 0.00 0.00 0.00 0.00 0.00 1.83 4.74 5.18 5.18 7.74 6.64 8.47 8.76 8.54 9.05 8.98 7.66 6.79 6.94 3.21 3.36 2.11 5.04 5.97 10.15 12.34 13.36 13.08 11.58 11.22 5.94 6.13 5.99 7.30 7.59 6.79 6.13 6.06 6.64 7.11 6.50 5.44 6.07 6.23 6.28
0.22 0.00 1.75 0.00 0.00 0.00 0.29 0.00 0.00 0.00 0.00 0.00 0.00 0.00 0.00 0.00 0.00 1.97 1.97 1.61 2.34 0.00 0.00 0.00 2.34 2.85 0.00 2.19 0.00 0.00 2.77 0.00 3.21 0.00 0.00 0.00 0.00 0.00 0.00 0.00 0.00 0.00 0.00 0.00 0.51 0.80 4.96 2.19 7.15 8.18 7.52 9.49 10.88 11.39 14.82 12.19 7.74 9.56 7.15 3.02 2.26 2.41 6.11 9.13 10.42 13.04 12.56 11.17 11.23 10.64 6.38 6.13 6.64 7.08 6.97 4.60 5.18 5.40 5.87 7.54 6.49 5.33 6.98 7.72
1.02 0.73 0.58 0.00 0.00 1.68 1.39 0.95 0.58 0.00 0.00 0.00 0.00 0.00 0.00 0.00 0.00 0.00 0.00 0.00 0.00 0.00 0.00 0.00 0.00 0.00 0.00 2.12 0.00 0.00 0.00 0.00 0.00 0.00 0.00 0.00 0.00 0.00 0.00 0.00 0.00 0.00 0.00 0.00 0.22 0.88 0.51 1.24 5.84 7.74 9.27 10.15 12.92 14.09 14.09 14.89 12.26 14.45 10.15 7.64 3.91 4.05 4.94 6.71 12.65 13.49 11.53 9.20 9.20 7.72 7.53 8.48 7.41 5.56 5.65 5.31 4.89 5.93 7.22 7.37 7.58 7.30 7.61 7.76
0.80 1.31 0.80 0.73 0.73 1.39 1.53 0.00 0.00 0.44 0.00 0.00 0.00 0.00 0.00 0.00 0.00 1.10 1.10 0.00 0.00 0.00 0.00 0.00 0.00 0.00 0.00 0.00 0.00 0.00 0.00 0.00 0.00 0.00 0.00 0.00 0.00 0.00 0.00 0.00 0.00 0.00 0.00 0.00 0.37 0.66 1.53 1.83 4.31 6.64 7.30 9.13 11.97 11.39 11.61 13.29 13.55 14.24 14.60 9.13 4.09 6.67 5.53 5.38 8.33 12.05 6.75 5.18 5.18 4.28 7.68 8.55 7.41 8.73 6.08 6.31 5.91 6.00 7.14 6.55 7.87 8.64 8.21 6.97
1.83 0.44 0.15 0.95 1.46 0.00 0.00 0.00 0.00 0.00 0.00 0.00 0.00 0.00 0.00 0.58 1.61 0.00 0.00 0.00 0.00 0.00 0.00 0.00 0.00 0.00 0.00 0.00 0.00 0.00 0.00 0.00 0.00 0.00 0.00 0.00 0.00 0.00 0.00 0.00 0.00 0.00 0.00 0.00 0.80 0.44 2.77 2.92 4.53 6.94 7.96 9.64 10.43 11.06 10.32 11.71 13.92 13.72 12.26 13.14 8.03 5.06 5.07 5.32 7.06 6.53 5.10 4.09 4.11 3.42 6.42 8.60 5.89 7.96 9.35 8.61 5.51 5.98 6.01 6.27 7.76 8.79 9.31 5.43
1.75 2.04 1.68 1.31 1.68 1.75 0.00 1.31 0.00 0.00 0.00 0.00 0.00 0.00 0.00 0.88 0.00 0.00 0.00 0.00 0.00 0.00 0.00 0.00 0.00 0.00 0.00 1.17 0.29 0.00 0.00 0.00 0.00 0.00 0.00 0.00 0.00 0.00 0.00 0.00 0.00 0.00 0.07 0.07 0.00 1.68 3.43 4.09 9.64 13.29 10.95 8.47 9.71 9.78 14.04 12.64 11.70 15.97 10.38 10.91 7.19 6.82 5.05 3.42 5.63 4.48 4.12 2.42 2.42 2.06 3.43 4.70 4.06 6.69 8.58 8.00 8.19 6.70 4.94 6.11 6.57 9.99 10.56 6.14
2.19 1.83 2.19 1.97 2.34 1.68 1.68 1.83 2.19 0.66 0.00 0.00 0.00 0.00 0.00 0.00 0.00 0.00 0.00 0.00 0.00 0.00 0.00 0.00 0.00 0.00 0.00 1.53 0.00 0.00 0.00 0.00 0.00 0.00 2.19 0.00 0.00 0.00 0.00 0.00 0.00 0.00 1.75 1.75 2.26 2.56 8.61 8.03 16.86 15.26 14.60 14.16 11.39 12.47 10.80 8.68 8.91 10.32 9.63 11.39 11.13 8.06 3.99 3.94 2.95 4.62 4.18 3.11 3.07 1.33 1.82 5.41 8.07 6.37 7.45 7.19 5.26 5.79 4.31 4.84 9.56 8.88 10.45 9.61
2.12 0.00 1.17 1.39 2.48 2.70 2.48 3.58 3.65 4.23 2.41 0.00 0.00 0.00 0.00 0.00 0.00 0.00 0.00 0.00 0.00 0.00 0.00 0.00 0.00 0.00 1.53 2.04 0.80 0.00 0.00 1.10 1.31 1.46 0.00 0.00 0.00 0.00 0.00 0.00 1.17 2.19 6.86 6.86 6.20 6.50 10.73 14.89 15.04 15.57 15.43 10.82 12.23 11.87 10.48 9.10 6.86 8.32 7.69 8.56 8.73 7.76 8.87 4.23 4.67 3.33 3.85 2.48 2.42 1.75 2.26 4.35 6.76 7.34 6.60 5.69 3.75 4.36 5.36 3.87 8.95 7.85 4.76 3.47
5.18 1.02 0.88 7.88 5.33 5.84 7.08 6.28 6.86 5.18 6.35 5.62 5.11 4.02 2.26 1.75 1.61 0.00 0.00 0.00 1.39 0.00 0.00 0.95 1.75 0.95 0.80 1.17 0.95 1.02 0.73 0.80 0.73 1.10 0.44 0.29 0.00 1.53 1.39 2.26 3.21 5.77 6.06 6.06 8.69 13.51 15.99 11.53 11.17 11.39 9.78 10.82 5.75 6.08 3.40 5.38 5.82 5.48 7.63 4.48 7.04 7.34 6.83 5.72 4.82 2.13 1.69 0.00 0.00 0.22 1.97 2.27 5.86 5.66 7.41 5.77 4.16 1.32 2.59 1.35 4.33 4.20 2.83 5.03
6.06 6.06 5.62 9.56 10.29 8.83 10.07 5.62 5.99 0.00 5.18 5.91 5.69 5.84 2.41 2.92 1.68 1.83 1.83 0.00 1.39 0.95 0.00 0.00 1.39 0.66 0.44 1.02 1.39 1.02 0.22 0.29 0.51 0.51 0.22 0.15 3.94 0.22 0.00 0.66 2.92 4.82 10.51 10.51 8.76 13.72 13.07 10.80 9.86 8.67 8.43 4.43 3.18 4.43 4.18 4.33 5.04 2.92 7.98 8.09 8.85 8.02 7.87 4.67 2.04 2.92 1.76 0.85 0.84 0.00 0.88 0.96 3.87 2.70 6.45 2.99 3.61 0.90 0.46 0.00 2.10 0.91 1.71 3.57
7.59 6.94 5.55 8.69 9.56 12.92 10.29 8.54 4.60 3.94 0.00 4.82 4.96 5.91 4.45 3.14 2.48 1.90 1.90 1.68 1.90 0.07 0.51 0.22 0.29 0.00 0.00 0.37 1.31 0.80 0.29 0.00 0.88 0.15 0.15 1.68 2.41 0.00 0.00 0.00 0.00 4.23 4.96 4.96 6.35 10.73 10.37 7.96 9.08 8.74 6.25 4.93 4.15 3.67 5.12 3.84 4.07 2.81 10.47 7.90 9.18 9.83 6.94 6.20 4.16 1.27 1.94 0.00 0.00 0.32 0.67 1.85 3.12 6.28 4.49 3.47 1.24 0.00 0.00 0.00 0.00 0.00 1.12 2.47
2.77 6.79 1.10 2.85 8.32 10.37 9.27 8.36 4.96 0.00 0.00 0.00 3.21 3.87 5.48 1.97 2.48 1.83 1.83 1.61 1.02 1.31 0.00 0.00 0.00 0.00 0.00 0.00 0.51 0.80 0.15 0.00 0.00 0.51 1.02 1.75 1.02 0.00 0.00 0.00 0.00 0.37 4.23 4.23 5.18 7.23 9.13 9.02 8.98 8.41 6.33 8.45 5.72 6.03 4.50 4.29 2.07 5.14 5.23 3.86 10.39 10.00 6.97 7.81 6.20 3.24 0.40 0.78 0.76 0.75 0.00 0.75 2.06 4.69 2.68 2.99 0.82 0.23 0.00 0.00 0.00 0.71 3.22 2.47
0.00 3.58 0.00 0.00 4.82 11.10 8.98 12.34 10.15 0.00 0.00 0.00 0.00 0.00 2.04 0.66 1.46 1.46 1.46 0.22 1.10 0.37 0.80 0.22 0.00 0.00 0.00 0.00 0.00 0.00 0.00 0.00 0.00 0.00 0.00 0.00 0.37 0.00 0.00 0.00 0.00 0.00 1.68 1.68 6.06 4.96 5.62 7.66 8.91 9.20 8.60 8.18 7.65 5.84 3.01 3.19 1.48 3.60 6.79 7.48 8.32 9.04 9.32 7.73 7.92 5.42 5.00 1.65 1.66 2.82 1.12 0.00 0.00 2.39 0.80 1.54 0.22 0.00 0.52 0.00 0.49 2.51 3.42 3.08
0.00 0.00 0.00 0.00 0.00 8.47 12.26 11.83 13.21 7.52 4.89 3.21 2.04 0.00 0.00 0.00 1.46 1.39 1.39 0.00 0.44 0.37 0.00 0.37 0.00 0.00 0.00 0.00 0.00 0.00 0.00 0.00 0.00 0.00 0.00 0.00 0.00 0.00 0.00 0.00 0.00 0.37 1.24 1.24 2.27 5.77 5.43 6.72 10.38 9.56 8.07 8.48 9.24 3.67 2.90 1.40 0.00 0.00 2.73 9.73 7.66 10.22 9.84 7.68 6.06 7.64 6.06 4.87 5.69 3.57 3.10 0.45 0.27 0.09 0.00 1.08 0.32 0.15 0.70 0.08 0.78 2.54 4.38 4.43
0.00 0.00 0.00 0.00 0.00 5.84 8.32 8.69 12.78 8.10 4.96 4.09 3.50 3.14 2.85 0.58 0.73 1.97 1.97 0.00 0.29 0.00 0.00 0.00 0.07 0.00 0.00 0.00 0.00 0.00 0.00 0.00 0.00 0.00 0.00 0.00 0.00 0.00 0.00 0.00 0.00 0.00 0.00 0.00 0.15 2.99 1.76 4.56 6.13 6.45 6.62 5.84 5.76 2.61 2.94 0.00 0.00 0.00 0.00 7.03 9.58 8.22 7.07 9.42 8.07 7.55 8.30 4.84 5.42 3.96 3.70 2.17 1.76 0.18 0.84 0.94 1.08 0.15 0.71 0.29 0.50 1.77 4.35 5.58
0.00 0.00 0.00 0.00 0.00 0.00 6.06 7.66 8.91 6.72 4.31 6.06 5.04 2.63 4.82 3.26 2.36 0.00 0.00 0.00 0.29 0.00 0.00 0.00 0.00 0.00 0.00 0.00 0.00 0.00 0.00 0.00 0.00 0.00 0.00 0.00 0.15 0.00 0.00 0.00 0.00 0.00 0.00 0.00 0.00 0.73 1.46 2.85 4.89 4.79 6.82 6.14 4.29 0.00 0.00 0.00 0.00 0.00 0.00 0.00 5.08 7.95 9.18 8.19 12.13 9.23 10.38 6.50 6.64 2.96 2.03 3.14 0.35 0.68 0.60 1.44 0.86 0.31 0.00 0.00 0.00 0.00 3.74 5.00
0.00 0.00 0.00 0.00 0.00 0.00 0.00 7.59 13.58 9.93 4.60 9.56 5.26 5.26 4.23 6.46 4.74 4.44 4.14 0.00 1.61 0.29 0.00 0.22 0.00 0.00 0.00 0.51 0.00 0.00 0.00 0.00 0.00 0.00 0.00 0.66 0.73 0.00 0.00 1.90 1.68 0.00 1.61 1.61 0.00 1.24 1.32 3.86 5.98 7.49 5.20 4.62 0.00 0.00 0.00 0.00 0.00 0.00 0.00 0.00 8.47 11.37 7.66 8.43 9.97 14.39 7.80 7.50 9.16 6.49 3.68 4.26 1.53 1.25 1.14 1.84 1.44 0.66 0.00 0.00 0.00 0.00 0.00 0.00
0.00 0.00 0.00 0.00 0.00 0.00 0.00 0.00 0.00 0.00 0.00 0.00 0.00 0.00 0.00 3.07 0.00 8.33 8.46 6.50 6.35 2.34 4.74 5.55 2.92 2.26 5.91 4.16 0.00 0.00 2.19 0.00 0.00 0.58 1.31 1.46 6.35 3.94 4.23 8.07 7.38 5.53 5.69 5.69 3.07 2.70 1.61 3.45 3.19 0.00 0.00 0.00 0.00 0.00 0.00 0.00 0.00 0.00 0.00 0.00 0.00 8.57 0.00 11.66 11.63 8.98 7.19 5.14 5.74 6.48 5.15 4.65 3.80 1.76 2.79 1.32 3.26 2.37 1.29 0.00 0.00 0.00 0.00 0.00
0.00 0.00 0.00 0.00 0.00 0.00 0.00 0.00 0.00 0.00 0.00 0.00 0.00 0.00 0.00 0.00 0.00 0.00 0.00 6.06 3.07 6.81 7.81 5.11 5.77 5.51 6.96 7.66 5.04 0.00 4.38 3.36 1.68 0.00 3.14 9.49 6.86 8.69 7.74 7.23 7.72 5.89 8.98 10.03 6.06 6.50 4.02 4.04 0.34 0.00 0.00 0.00 0.00 0.00 0.00 0.00 0.00 0.00 0.00 0.00 0.00 0.00 0.00 8.42 0.00 5.51 6.19 0.00 0.00 0.00 6.66 5.10 3.63 0.00 0.00 2.03 2.62 0.00 0.00 0.00 0.00 0.00 0.00 0.00
0.00 0.00 0.00 0.00 0.00 0.00 0.00 0.00 0.00 0.00 0.00 0.00 0.00 0.00 0.00 0.00 0.00 0.00 0.00 0.00 0.00 5.48 4.09 7.30 5.55 5.28 4.10 6.94 7.08 3.50 6.86 6.28 3.93 3.14 5.62 0.00 5.18 7.74 8.47 4.31 5.31 0.00 5.52 7.01 10.80 7.99 2.63 1.35 2.43 0.00 0.00 0.00 0.00 0.00 0.00 0.00 0.00 0.00 0.00 0.00 0.00 0.00 0.00 0.00 7.01 0.00 0.00 0.00 0.00 0.00 0.00 0.00 0.00 0.00 0.00 2.89 0.00 0.00 0.00 0.00 0.00 0.00 0.00 0.00
0.00 0.00 0.00 0.00 0.00 0.00 0.00 0.00 0.00 0.00 0.00 0.00 0.00 0.00 0.00 0.00 0.00 0.00 0.00 0.00 0.00 4.16 0.00 0.00 0.00 4.74 1.83 6.79 4.96 3.58 3.65 0.00 8.96 3.72 0.00 0.00 0.00 0.00 0.00 0.00 0.00 0.00 0.00 0.00 6.84 0.00 0.00 0.00 0.00 0.00 0.00 0.00 0.00 0.00 0.00 0.00 0.00 0.00 0.00 0.00 0.00 0.00 0.00 0.00 0.00 0.00 0.00 0.00 0.00 0.00 0.00 0.00 0.00 0.00 0.00 0.00 0.00 0.00 0.00 0.00 0.00 0.00 0.00 0.00
