Wansh/Snow_depth/snowdepth-1997/spring/1997069.txt
ncols 321
nrows 161
xllcenter 60
yllcenter 15 
cellsize  0.25 
NODATA_value -1
[rows 0 to 36 of 161, columns 168 to 251 of 321]
9.20 5.18 6.64 5.04 5.11 5.62 5.77 5.04 4.38 4.38 4.89 5.33 4.74 5.11 3.87 5.62 5.84 6.57 9.93 10.95 11.39 9.34 9.42 8.76 7.88 8.32 7.08 0.00 2.26 0.00 0.00 7.59 13.65 12.48 15.91 15.91 15.33 15.33 17.08 16.86 18.32 23.07 22.19 27.89 27.89 31.39 30.44 31.17 25.84 27.16 21.83 19.78 19.78 19.64 20.73 20.15 23.58 24.53 24.75 24.02 24.02 25.55 25.40 28.98 28.54 31.17 30.59 30.88 29.13 25.62 26.35 24.38 22.56 22.78 22.19 23.51 22.48 23.58 23.65 23.14 22.78 20.15 21.90 20.37
9.93 7.96 8.54 7.59 8.32 5.11 5.48 4.82 4.60 4.60 5.99 5.62 6.28 6.42 6.42 6.35 6.50 9.71 9.05 11.10 11.17 9.78 9.34 9.27 8.25 4.45 6.13 0.00 0.00 0.00 5.62 4.45 12.63 12.85 12.78 12.78 13.36 17.23 16.72 21.90 20.95 28.32 31.90 30.08 32.41 29.86 30.66 26.65 27.23 23.73 22.48 22.12 23.58 23.58 21.68 23.36 23.07 25.55 24.67 25.04 25.04 25.04 26.50 26.57 26.57 27.16 27.38 28.18 26.43 27.01 24.53 22.70 21.90 20.08 21.10 21.46 19.27 20.37 21.24 20.66 18.83 17.52 14.16 14.75
14.60 15.04 11.10 10.15 9.93 10.95 7.30 4.89 4.60 4.60 5.69 6.20 5.99 6.13 6.72 6.50 7.23 13.21 11.39 11.68 10.44 10.66 9.64 8.25 9.34 3.07 0.00 0.00 0.00 5.11 3.50 11.90 14.31 12.99 13.14 13.14 13.51 17.81 24.45 22.41 28.25 30.66 30.44 26.94 27.89 23.58 22.85 24.31 23.80 23.73 22.92 23.80 23.73 23.73 23.80 23.94 23.43 24.16 24.02 25.19 25.19 25.55 25.48 25.62 25.55 25.11 26.57 24.45 23.80 25.04 23.00 21.97 22.27 21.10 16.57 17.52 17.16 15.40 16.35 17.74 16.06 14.16 17.16 13.21
14.60 15.04 11.10 10.15 9.93 10.95 7.30 4.89 4.60 4.60 5.69 6.20 5.99 6.13 6.72 6.50 7.23 13.21 11.39 11.68 10.44 10.66 9.64 8.25 9.34 3.07 0.00 0.00 0.00 5.11 3.50 11.90 14.31 12.99 13.14 13.14 13.51 17.81 24.45 22.41 28.25 30.66 30.44 26.94 27.89 23.58 22.85 24.31 23.80 23.73 22.92 23.80 23.73 23.73 23.80 23.94 23.43 24.16 24.02 25.19 25.19 25.55 25.48 25.62 25.55 25.11 26.57 24.45 23.80 25.04 23.00 21.97 22.27 21.10 16.57 17.52 17.16 15.40 16.35 17.74 16.06 14.16 17.16 13.21
15.55 16.50 17.30 16.79 12.99 14.67 9.05 6.28 5.40 5.40 5.26 7.08 8.10 8.03 8.03 14.24 15.33 14.97 13.21 10.29 10.80 8.76 8.98 8.47 0.00 0.00 0.00 0.00 0.00 5.91 11.90 10.59 14.09 13.65 13.94 13.94 17.67 16.43 23.00 24.97 24.38 25.55 24.45 25.84 21.97 22.19 22.63 23.51 23.36 23.73 23.07 23.43 23.14 23.65 23.73 23.36 23.43 23.58 22.92 22.78 22.78 22.48 23.73 22.48 22.63 22.56 22.63 22.56 22.70 19.13 17.59 19.35 18.69 16.57 14.24 13.87 13.80 14.24 14.09 14.82 15.48 14.24 16.06 14.24
19.56 20.29 20.00 18.61 17.74 14.82 15.18 9.42 12.48 12.48 9.34 9.71 13.36 14.16 14.38 15.55 18.32 12.78 14.16 8.76 7.96 8.69 0.00 0.00 0.00 0.00 0.00 0.00 7.23 5.33 11.83 13.14 13.80 14.16 18.54 18.54 18.03 22.92 23.51 23.21 25.19 24.53 24.67 22.48 22.78 23.07 23.00 23.65 23.51 23.51 23.87 23.65 23.58 24.53 23.00 23.36 23.29 21.75 22.12 21.32 21.32 23.58 22.19 23.29 21.39 18.25 15.70 17.16 17.45 15.18 14.89 15.33 15.18 14.24 13.14 13.43 13.65 13.72 15.26 15.62 16.28 16.35 19.05 19.71
19.20 19.71 21.24 20.51 20.37 20.66 17.30 15.62 15.40 15.40 15.40 15.33 14.97 15.77 20.29 18.32 18.91 11.90 8.32 8.98 0.80 0.00 0.00 0.00 0.00 0.00 0.00 0.00 5.11 11.17 10.80 12.63 16.13 15.62 21.24 21.24 24.82 24.60 24.02 22.48 22.34 24.09 24.38 23.07 23.65 23.65 23.29 23.29 23.29 23.51 25.04 24.38 24.82 22.78 23.07 20.22 19.49 19.71 18.47 20.00 20.00 19.56 21.10 20.22 18.98 18.32 15.11 13.29 13.87 13.80 14.16 12.70 12.34 12.70 11.97 10.73 11.90 13.72 16.06 17.64 18.01 20.04 18.81 24.54
19.20 19.71 21.24 20.51 20.37 20.66 17.30 15.62 15.40 15.40 15.40 15.33 14.97 15.77 20.29 18.32 18.91 11.90 8.32 8.98 0.80 0.00 0.00 0.00 0.00 0.00 0.00 0.00 5.11 11.17 10.80 12.63 16.13 15.62 21.24 21.24 24.82 24.60 24.02 22.48 22.34 24.09 24.38 23.07 23.65 23.65 23.29 23.29 23.29 23.51 25.04 24.38 24.82 22.78 23.07 20.22 19.49 19.71 18.47 20.00 20.00 19.56 21.10 20.22 18.98 18.32 15.11 13.29 13.87 13.80 14.16 12.70 12.34 12.70 11.97 12.41 16.41 19.75 22.00 29.98 29.74 26.68 24.20 25.46
18.03 17.30 22.92 18.98 20.29 20.37 19.78 15.48 15.62 15.62 15.77 16.86 22.34 22.56 22.12 16.35 11.83 13.36 2.99 0.00 0.00 0.00 0.00 0.00 0.00 4.16 2.12 6.86 9.20 8.83 12.19 11.75 15.70 22.92 20.81 20.81 25.40 21.10 23.87 21.32 23.43 22.85 25.40 26.13 26.21 26.06 26.72 24.75 24.89 23.58 23.94 24.24 24.67 22.12 19.13 17.08 17.67 18.47 20.00 18.98 18.98 21.02 20.66 20.08 20.29 16.35 16.21 13.14 14.02 12.99 12.41 13.07 11.39 11.74 13.28 16.38 18.91 18.69 18.74 28.02 26.66 27.32 27.36 29.55
8.91 14.53 15.33 16.21 16.79 15.91 14.67 15.11 17.59 17.59 20.73 19.86 22.78 15.40 14.16 15.62 1.61 0.00 1.61 0.00 0.00 0.00 0.00 6.72 0.00 6.42 9.34 8.76 10.00 12.56 12.26 13.72 15.91 19.56 23.58 23.58 20.59 21.61 19.71 22.63 23.29 25.55 25.19 25.77 25.84 25.77 26.65 25.33 25.99 22.41 20.88 20.73 18.83 18.69 17.01 17.30 19.64 21.02 21.02 21.02 21.02 20.59 20.81 19.93 18.69 17.45 17.59 15.70 12.48 12.92 13.94 14.02 12.51 17.48 17.13 17.52 17.56 22.86 25.65 25.67 27.30 26.16 31.56 30.81
8.91 8.10 9.20 12.85 11.39 15.48 13.87 17.16 15.99 15.99 18.47 11.83 12.48 11.97 0.88 0.00 0.00 0.00 0.00 0.00 5.11 3.80 1.10 9.86 9.56 7.74 9.78 12.41 12.26 12.34 12.12 12.34 13.43 15.77 15.04 15.04 18.10 19.71 19.27 22.48 24.31 23.58 21.17 19.71 19.64 18.76 17.52 23.00 20.73 21.24 19.64 17.59 16.79 17.89 17.37 20.95 19.13 24.31 28.47 25.62 25.62 26.50 21.83 18.83 17.16 15.99 16.50 14.09 13.14 14.53 13.94 14.09 13.63 12.08 11.59 18.68 21.84 23.83 22.00 24.76 25.63 26.71 23.76 22.85
8.91 8.10 9.20 12.85 11.39 15.48 13.87 17.16 15.99 15.99 18.47 11.83 12.48 11.97 0.88 0.00 0.00 0.00 0.00 0.00 5.11 3.80 1.10 9.86 9.56 7.74 9.78 12.41 12.26 12.34 12.12 12.34 13.43 15.77 15.04 15.04 18.10 19.71 19.27 22.48 24.31 23.58 21.17 19.71 19.64 18.76 17.52 23.00 20.73 21.24 19.64 17.59 16.79 17.89 17.37 20.95 19.13 24.31 28.47 25.62 25.62 26.50 21.83 18.83 17.16 15.99 16.50 14.09 13.14 14.53 13.94 14.09 13.29 11.90 11.24 17.35 19.47 22.06 23.47 25.69 25.63 26.13 26.10 24.45
9.49 10.37 9.27 10.07 10.37 10.29 12.48 13.29 8.03 8.03 8.76 7.96 1.17 0.00 0.29 0.00 0.00 0.00 9.78 8.83 8.69 9.78 11.90 10.66 10.88 12.78 12.48 12.78 11.68 11.90 11.46 11.24 10.80 14.60 17.08 17.08 16.21 17.59 19.35 21.46 21.97 20.15 20.73 16.86 15.77 16.13 15.18 17.89 16.86 19.64 17.37 16.21 16.13 17.52 20.81 19.93 24.31 28.32 27.81 28.40 28.40 24.75 23.80 18.54 19.71 16.28 17.89 17.45 16.35 15.70 17.37 15.33 13.87 14.09 12.28 17.40 20.35 19.15 22.38 23.53 23.12 24.69 25.83 25.14
11.90 13.80 11.17 11.68 9.93 9.20 7.01 7.66 4.60 4.60 0.00 0.00 0.00 0.00 0.00 0.00 2.04 7.74 7.30 9.27 10.44 9.56 12.63 13.14 12.41 12.78 13.51 13.07 12.92 12.99 13.07 11.90 12.70 12.26 14.97 14.97 15.70 15.26 18.03 18.03 17.23 16.28 14.60 17.08 13.58 14.24 13.21 15.55 18.40 17.89 17.52 15.84 17.52 16.21 19.64 22.19 21.61 21.83 22.41 23.58 23.58 23.07 24.67 25.19 22.85 20.51 20.95 18.69 18.76 18.03 20.22 16.86 14.31 13.69 19.36 20.08 18.74 19.75 23.02 19.80 24.20 20.91 21.60 25.43
14.53 14.31 11.61 12.99 13.29 10.51 7.88 7.08 7.88 7.88 1.90 6.13 1.10 0.22 5.26 2.99 2.41 7.15 10.73 9.71 13.29 14.38 14.45 14.09 15.91 12.34 14.02 14.09 14.38 12.78 11.75 11.90 11.68 12.63 13.36 13.36 13.14 16.13 15.99 15.40 14.60 13.21 13.58 12.85 15.04 14.38 16.79 17.08 17.01 17.67 16.50 17.08 16.50 20.73 23.87 23.58 22.92 21.02 20.44 21.97 21.97 21.83 25.11 24.16 24.16 22.85 23.21 20.88 21.90 22.48 19.93 21.32 13.82 19.23 20.80 20.46 23.40 25.09 21.57 21.99 22.54 21.62 22.05 20.76
15.04 16.06 14.82 13.94 14.45 13.07 12.48 9.42 11.02 11.02 11.24 9.56 9.05 7.45 7.23 8.69 7.96 7.45 9.20 12.85 12.92 13.43 15.26 14.89 15.91 14.53 14.82 14.09 12.92 10.51 10.80 11.53 11.90 11.32 13.51 13.51 13.43 13.21 12.41 11.39 11.39 12.12 12.48 12.05 14.09 15.62 15.26 16.64 17.01 17.01 16.21 16.64 16.57 20.15 23.21 24.24 24.97 25.55 21.97 21.46 21.46 24.24 25.11 24.89 24.31 22.85 20.81 21.61 23.43 26.06 24.82 18.14 27.51 19.56 22.12 22.60 23.17 20.74 21.90 22.55 23.06 24.44 21.85 21.08
15.04 16.06 14.82 13.94 14.45 13.07 12.48 9.42 11.02 11.02 11.24 9.56 9.05 7.45 7.23 8.69 7.96 7.45 9.20 12.85 12.92 13.43 15.26 14.89 15.91 14.53 14.82 14.09 12.92 10.51 10.80 11.53 11.90 11.32 13.51 13.51 13.43 13.21 12.41 11.39 11.39 12.12 12.48 12.05 14.09 15.62 15.26 16.64 17.01 17.01 16.21 16.64 16.57 20.15 23.21 24.24 24.97 25.55 21.97 21.46 21.46 24.24 25.11 24.89 24.31 22.85 20.81 21.61 23.43 26.06 24.82 22.27 25.78 21.27 19.86 27.96 23.51 22.93 22.34 20.33 22.29 21.02 23.76 23.93
13.21 15.04 14.89 13.87 13.07 11.97 12.19 12.12 11.83 11.83 9.49 11.46 9.42 9.86 10.00 10.29 7.37 8.32 8.69 10.73 13.14 12.63 14.09 14.67 14.89 13.51 12.99 11.90 12.70 10.44 12.48 11.97 12.63 11.90 13.14 13.14 13.07 11.75 12.19 10.88 12.56 12.12 13.14 11.53 9.05 9.56 7.96 11.61 10.51 12.99 13.36 15.62 15.11 18.25 21.53 20.44 24.67 24.31 22.92 23.07 23.07 22.63 24.45 24.38 23.36 21.61 21.97 23.51 22.92 27.01 27.38 22.05 23.77 26.08 22.83 26.06 26.05 21.66 20.37 23.62 21.21 21.90 22.32 20.22
11.97 12.78 15.04 14.67 13.51 13.36 11.68 12.05 11.02 11.02 10.00 11.02 10.37 15.26 13.36 12.92 14.24 11.17 12.05 11.83 15.18 13.14 12.99 12.12 10.44 12.19 11.97 11.24 10.66 10.66 12.63 12.34 12.56 11.75 11.97 11.97 11.97 11.75 11.10 11.75 12.41 12.99 12.85 11.46 7.15 6.72 6.72 7.96 11.32 11.24 11.97 12.92 12.63 13.80 13.21 19.42 23.58 23.80 23.80 23.58 23.58 23.00 23.36 23.94 22.56 22.34 22.78 24.53 24.45 25.16 26.69 24.63 27.85 24.39 24.57 28.46 22.94 22.19 22.79 22.64 19.62 22.16 21.17 22.93
9.42 10.22 13.72 12.99 13.87 13.80 12.41 11.68 12.05 12.05 11.24 15.26 17.01 16.21 21.10 17.16 17.30 18.10 14.09 16.50 16.64 18.69 12.48 11.83 12.26 10.51 10.73 11.02 9.49 10.29 9.71 12.63 12.48 12.41 12.12 12.12 11.24 11.17 11.02 9.78 8.83 8.83 6.94 4.74 5.55 4.96 7.30 8.25 8.40 9.78 13.21 12.85 13.21 12.34 15.48 15.91 20.44 19.93 23.36 23.58 23.58 22.78 23.00 23.14 21.83 21.24 23.80 24.67 24.24 24.82 26.28 26.50 27.89 27.38 27.67 25.77 25.84 30.39 28.13 23.84 23.52 21.07 18.84 22.79
7.96 7.66 7.88 12.05 12.78 12.63 12.26 13.51 15.26 15.26 16.72 15.84 22.12 23.51 23.51 22.85 18.32 18.83 18.32 19.35 21.46 21.83 19.93 12.85 9.42 9.71 8.25 8.32 8.03 10.15 12.63 12.26 12.26 11.75 11.02 11.02 11.46 9.49 7.96 8.40 6.42 5.40 5.69 4.02 4.60 6.20 6.13 6.86 7.59 7.30 9.20 12.41 9.71 9.86 13.29 11.90 18.40 20.88 19.13 21.17 21.17 20.81 22.34 17.59 20.22 21.32 19.86 23.00 24.97 25.40 25.26 26.43 27.59 27.52 28.19 30.21 36.25 26.45 28.30 24.33 23.56 21.22 22.19 20.48
3.29 7.66 6.42 9.13 9.34 12.85 14.45 14.16 16.06 16.06 18.61 20.22 19.42 20.22 20.59 21.17 18.76 19.56 22.34 21.75 22.92 17.23 18.61 10.44 8.76 8.32 8.03 10.00 11.24 8.83 12.34 12.26 12.56 11.61 9.56 9.56 5.99 6.72 3.14 2.34 4.82 3.80 3.58 2.77 3.80 2.99 0.66 0.95 0.66 1.83 2.70 7.01 6.20 8.91 11.02 14.89 16.43 16.72 16.94 17.59 17.59 12.26 13.94 8.76 12.85 18.25 15.55 23.58 21.53 22.19 23.65 22.92 26.06 23.21 25.47 27.55 33.40 29.29 26.91 22.21 18.27 19.91 22.32 22.62
3.29 7.66 6.42 9.13 9.34 12.85 14.45 14.16 16.06 16.06 18.61 20.22 19.42 20.22 20.59 21.17 18.76 19.56 22.34 21.75 22.92 17.23 18.61 10.44 8.76 8.32 8.03 10.00 11.24 8.83 12.34 12.26 12.56 11.61 9.56 9.56 5.99 6.72 3.14 2.34 4.82 3.80 3.58 2.77 3.80 2.99 0.66 0.95 0.66 1.83 2.70 7.01 6.20 8.91 11.02 14.89 16.43 16.72 16.94 17.59 17.59 12.26 13.94 8.76 12.85 18.25 15.55 23.58 21.53 22.19 23.65 22.92 26.06 23.21 24.45 27.70 25.94 25.77 22.54 25.85 22.35 20.34 17.48 20.87
2.41 4.96 4.74 8.91 8.10 10.44 14.16 16.35 15.99 15.99 16.86 17.23 19.42 19.42 17.67 14.89 14.53 16.94 20.08 17.23 16.79 13.80 9.05 10.37 10.22 12.56 11.90 11.75 12.78 13.07 10.07 10.80 10.44 7.96 8.54 8.54 4.38 2.41 2.70 1.90 2.70 3.36 3.43 2.77 0.95 0.37 0.58 0.00 0.44 1.10 0.80 1.90 3.87 8.54 13.94 13.36 15.99 13.36 11.90 9.78 9.78 3.58 0.00 4.67 9.05 9.93 15.91 12.78 16.35 17.23 18.83 16.06 20.00 18.76 22.19 24.72 23.36 34.35 34.75 27.96 25.11 18.39 19.43 20.50
0.66 0.15 3.94 7.88 8.98 8.40 11.90 15.99 16.94 16.94 16.86 19.49 19.56 17.89 18.47 16.06 13.51 14.45 15.84 15.04 12.34 12.92 10.22 11.90 12.85 12.99 13.80 15.62 15.55 14.02 9.20 5.04 5.69 3.14 1.90 1.90 3.29 2.04 2.99 2.41 4.09 4.60 2.48 2.92 1.46 0.37 0.00 0.00 0.00 0.00 0.00 3.36 2.56 5.11 9.78 12.99 12.26 10.37 3.72 0.00 0.00 0.00 0.00 0.00 4.82 8.10 10.00 12.78 13.65 13.87 14.09 15.91 19.13 23.29 23.73 25.14 23.09 24.42 25.70 27.31 27.98 19.35 18.55 21.21
0.00 0.00 1.61 1.97 6.35 8.32 15.77 14.67 19.71 19.71 20.66 20.88 20.22 16.94 13.14 13.58 13.58 14.24 14.16 14.67 12.85 11.61 13.14 12.48 12.56 12.26 12.12 13.43 12.05 13.72 9.42 4.74 1.97 2.12 1.39 1.39 2.12 4.74 4.23 6.94 6.35 3.36 4.38 0.00 0.66 0.51 0.07 0.00 0.00 0.00 0.00 0.29 0.15 4.38 10.51 9.78 10.66 5.26 3.50 0.00 0.00 0.00 0.00 4.89 7.52 11.10 12.26 13.51 13.80 13.36 13.94 15.55 22.16 24.33 25.05 25.02 26.80 20.63 20.30 14.49 15.55 16.32 16.27 15.74
0.15 0.51 0.22 0.29 1.39 7.52 9.34 17.59 15.99 15.99 21.10 17.74 17.81 16.06 12.41 10.00 12.99 12.70 13.07 10.80 12.92 12.56 12.56 10.51 11.17 10.59 11.53 10.88 10.80 6.50 3.80 4.67 1.83 1.61 1.61 1.61 2.70 5.84 7.66 7.52 7.15 3.43 1.02 2.04 0.66 1.97 0.00 0.07 0.00 1.90 0.00 0.00 0.00 0.73 3.50 4.23 3.58 3.07 2.04 2.34 2.34 4.96 5.69 6.13 10.44 9.86 10.22 12.41 13.51 17.74 20.88 23.21 23.56 26.07 27.81 25.11 27.92 19.55 12.85 13.11 10.95 11.72 7.41 8.47
1.46 0.80 0.29 0.22 0.00 4.31 2.99 10.59 11.53 11.53 9.93 13.87 9.49 9.42 10.15 7.08 5.33 8.76 9.13 6.13 5.91 11.02 9.20 7.52 3.65 8.54 7.45 8.32 8.18 6.79 3.87 6.20 5.48 8.83 8.91 8.91 7.66 6.86 7.15 5.69 6.42 4.82 4.09 9.34 10.51 8.61 9.34 6.28 2.92 0.00 0.15 0.00 0.00 0.00 1.31 0.73 0.51 0.58 0.88 4.53 4.53 4.96 6.28 6.35 8.03 8.83 11.32 12.99 17.16 18.69 22.09 25.59 30.66 23.21 27.45 29.10 21.90 22.02 12.23 9.38 8.94 3.53 4.19 3.27
1.46 0.80 0.29 0.22 0.00 4.31 2.99 10.59 11.53 11.53 9.93 13.87 9.49 9.42 10.15 7.08 5.33 8.76 9.13 6.13 5.91 11.02 9.20 7.52 3.65 8.54 7.45 8.32 8.18 6.79 3.87 6.20 5.48 8.83 8.91 8.91 7.66 6.86 7.15 5.69 6.42 4.82 4.09 9.34 10.51 8.61 9.34 6.28 2.92 0.00 0.15 0.00 0.00 0.00 1.31 0.73 0.51 0.58 0.88 4.53 4.53 4.96 6.28 6.35 8.03 8.83 11.32 12.99 17.16 18.69 22.20 25.32 27.72 25.86 29.29 33.94 25.42 21.31 12.78 9.11 9.45 4.19 3.82 2.77
0.00 0.00 0.00 0.00 0.00 0.00 0.15 1.24 7.23 7.23 4.09 5.04 6.42 3.07 4.31 4.38 3.58 2.19 3.65 3.65 2.63 1.68 3.29 3.65 1.53 2.04 1.46 4.60 5.40 4.60 4.74 6.13 8.98 8.83 9.20 9.20 7.96 7.52 9.20 8.98 8.54 9.20 11.68 11.24 13.14 10.15 7.59 8.18 5.48 5.11 0.58 0.00 0.00 0.00 0.00 0.00 0.44 1.24 1.97 4.38 4.40 4.84 5.14 5.62 10.07 8.98 18.69 18.98 19.96 19.76 22.34 27.87 30.16 28.71 20.10 21.40 9.52 7.30 3.89 3.83 2.00 3.05 1.19 0.62
0.44 0.00 0.00 0.00 0.00 0.00 0.66 0.00 3.21 3.21 1.10 0.00 2.41 2.04 2.04 2.19 2.56 2.04 4.31 2.04 2.26 1.61 1.10 0.37 0.44 2.04 4.09 4.82 5.26 2.12 0.95 3.36 5.18 6.57 7.74 7.74 7.59 9.13 12.12 12.05 12.48 10.88 13.72 17.59 17.37 17.08 15.77 12.05 5.62 2.48 3.80 0.00 1.39 0.00 0.00 0.00 1.68 4.74 6.28 4.45 4.45 2.70 9.34 16.21 18.54 20.51 22.48 22.63 23.36 27.89 26.94 28.75 31.21 27.53 17.34 15.88 3.17 2.45 2.61 2.70 1.40 0.00 0.00 0.00
1.02 0.22 0.29 0.66 0.00 0.00 0.00 0.00 0.00 0.00 0.00 0.00 0.51 0.51 0.22 1.39 2.92 2.41 4.53 2.41 1.83 2.41 1.46 5.40 7.96 3.72 5.99 7.45 4.74 5.84 2.04 2.70 6.42 5.55 7.81 7.81 11.32 13.21 13.87 17.16 13.43 12.92 17.45 16.35 17.67 14.82 13.51 13.80 11.46 7.08 7.96 4.38 1.46 3.50 0.44 0.00 1.46 1.24 6.42 1.97 1.97 2.70 6.86 11.17 14.09 20.08 21.90 25.55 27.74 27.45 26.72 24.23 22.13 27.82 16.98 7.06 7.64 1.56 2.47 1.28 0.00 0.00 0.00 0.00
3.72 4.53 0.95 1.31 0.00 0.00 0.00 0.00 0.00 0.00 0.00 0.00 0.00 0.00 1.31 1.10 3.65 3.72 1.68 1.90 2.12 2.85 6.28 5.99 10.15 15.18 8.91 11.24 8.10 5.04 5.77 4.89 8.83 12.48 11.97 11.97 12.63 11.46 12.63 11.39 12.78 10.88 15.33 17.16 17.37 14.89 13.21 15.55 13.21 11.68 11.97 11.68 12.70 6.50 3.80 3.14 0.66 2.99 4.38 3.87 3.87 2.56 8.40 5.99 9.05 20.08 22.70 24.53 27.01 28.40 27.08 22.64 16.90 11.00 3.14 4.47 3.08 1.18 0.00 0.00 0.00 0.00 0.00 0.00
3.58 4.45 2.48 0.95 0.73 1.31 0.95 1.24 0.00 0.00 0.00 0.00 0.00 0.00 0.29 0.00 0.00 1.83 0.00 0.00 0.00 1.68 6.28 10.51 9.49 13.87 13.43 10.00 12.48 8.40 8.69 11.02 10.29 13.43 12.92 12.92 11.46 11.90 10.59 9.86 10.07 10.07 11.61 15.26 20.44 18.83 17.37 17.01 18.54 16.94 16.79 12.05 6.94 5.69 3.36 7.37 4.74 4.96 9.56 5.04 5.04 14.89 17.74 7.66 16.35 18.61 16.13 20.51 26.65 28.25 25.11 22.56 9.41 2.39 0.79 0.00 0.00 0.00 0.00 0.00 0.00 0.00 0.00 0.00
2.63 1.17 0.00 0.37 0.00 0.00 0.00 0.00 0.00 0.00 0.00 0.00 0.00 0.00 0.00 0.00 0.00 0.00 0.00 0.00 0.00 0.00 1.68 8.61 11.61 11.32 11.17 7.37 5.62 5.69 6.64 9.34 14.53 13.36 14.09 14.09 14.45 16.72 16.64 12.48 18.83 19.93 21.02 24.38 23.00 22.56 21.17 24.97 25.55 20.00 21.90 14.97 14.16 10.29 12.70 10.66 8.91 8.69 12.34 11.97 11.97 12.26 13.29 6.35 8.25 11.10 17.01 19.20 20.44 20.08 20.08 17.61 5.81 0.97 0.00 0.00 0.00 0.00 0.00 0.00 0.00 0.00 0.00 0.00
2.63 1.17 0.00 0.37 0.00 0.00 0.00 0.00 0.00 0.00 0.00 0.00 0.00 0.00 0.00 0.00 0.00 0.00 0.00 0.00 0.00 0.00 1.68 8.61 11.61 11.32 11.17 7.37 5.62 5.69 6.64 9.34 14.53 13.36 14.09 14.09 14.45 16.72 16.64 12.48 18.83 19.93 21.02 24.38 23.00 22.56 21.17 24.97 25.55 20.00 21.90 14.97 14.16 10.29 12.70 10.66 8.91 8.69 12.34 11.97 11.97 12.26 13.29 6.35 8.25 11.10 17.01 19.20 20.44 20.08 20.08 17.52 5.72 0.95 0.00 0.00 0.00 0.00 0.00 0.00 0.00 0.00 0.00 0.00
0.44 0.66 0.00 0.00 0.00 0.00 0.00 0.00 0.00 0.00 0.00 0.00 0.00 0.00 0.00 0.00 0.00 0.00 0.00 0.00 0.00 0.00 0.00 0.00 2.77 7.23 5.91 5.99 4.67 6.50 10.37 10.66 14.89 16.35 15.33 15.33 15.26 17.45 18.32 21.53 23.29 23.36 23.58 24.75 25.48 26.43 27.08 25.92 26.28 25.33 24.09 18.54 15.91 19.64 14.97 14.24 10.66 9.86 9.71 10.51 10.51 10.22 8.32 9.71 9.78 12.70 9.64 13.72 14.75 13.94 4.45 2.56 0.00 0.15 0.00 0.00 0.00 0.00 0.00 0.00 0.00 0.00 0.00 0.00
