Wansh/Snow_depth/snowdepth-1997/spring/1997082.txt
ncols 321
nrows 161
xllcenter 60
yllcenter 15 
cellsize  0.25 
NODATA_value -1
[rows 74 to 110 of 161, columns 84 to 167 of 321]
0.00 0.00 0.00 0.00 0.00 0.22 1.97 1.53 0.51 0.00 3.29 1.83 2.48 2.56 4.53 3.65 4.16 4.67 4.67 0.00 0.00 0.00 0.00 0.00 0.00 3.65 0.00 0.00 0.00 0.00 0.00 0.00 0.00 0.00 1.17 0.00 0.00 0.00 0.00 0.00 2.99 1.02 1.53 1.53 0.29 0.37 0.51 0.00 0.66 0.58 1.10 0.00 0.00 0.00 1.71 1.46 1.75 0.00 0.66 0.51 0.00 0.00 0.00 0.00 0.00 0.00 0.00 0.00 0.00 0.00 2.27 1.61 0.88 0.00 0.00 0.00 0.00 0.00 0.00 0.00 0.00 0.00 0.00 0.00
0.00 0.00 0.00 1.10 1.83 1.68 3.21 4.09 3.58 2.34 5.04 0.00 3.94 3.94 3.80 4.09 4.16 3.94 3.94 4.02 0.00 2.63 0.00 0.00 4.02 0.00 0.00 0.00 0.00 0.00 0.00 0.00 0.00 0.00 0.00 0.00 2.70 0.00 0.00 0.00 3.87 2.77 2.85 2.85 2.19 1.02 1.61 1.68 1.46 1.61 0.58 1.39 1.61 0.00 0.51 1.39 0.58 1.02 1.46 0.66 1.10 1.10 0.29 0.00 1.46 0.00 0.00 0.00 0.00 1.32 2.70 4.16 3.29 0.00 0.00 0.00 0.00 0.00 0.00 0.00 0.00 0.00 0.00 0.00
0.51 2.19 0.22 3.72 3.72 4.67 4.82 3.87 4.74 4.74 4.60 5.33 5.48 3.87 4.23 3.50 0.00 0.00 0.00 3.21 2.56 2.92 0.00 0.00 0.00 0.00 0.00 0.00 0.00 0.00 0.00 0.00 0.00 0.00 0.00 0.00 0.00 0.00 4.96 4.45 4.74 3.29 3.36 3.36 2.77 1.90 2.34 3.14 0.00 0.22 0.88 0.88 1.31 0.58 0.66 0.44 0.58 1.24 0.15 0.66 1.61 2.04 0.73 1.75 1.75 0.81 3.36 0.00 0.00 0.00 5.33 4.53 1.39 0.66 0.07 0.00 0.00 0.00 0.00 0.00 0.00 0.00 0.00 0.00
5.33 0.00 4.31 1.83 3.36 4.53 2.92 4.45 4.67 5.77 5.40 4.74 5.40 5.11 4.23 3.21 3.80 4.23 4.23 3.65 0.00 0.00 0.00 0.00 0.00 0.00 0.00 0.00 0.00 0.00 0.00 0.00 0.00 0.00 0.00 3.72 0.00 0.00 4.45 4.16 0.00 0.00 0.00 0.00 3.72 2.92 2.77 3.72 0.00 0.00 2.19 2.12 3.07 1.61 0.66 0.66 1.68 0.73 1.17 1.75 1.75 1.02 2.92 2.26 1.53 2.19 4.38 0.00 0.00 4.31 4.38 3.65 1.97 2.63 0.44 0.00 0.00 0.00 0.00 0.00 0.00 0.00 0.00 0.00
4.38 6.28 2.77 4.60 4.45 2.77 3.87 4.45 4.53 4.16 5.48 5.18 5.04 4.16 3.80 5.11 4.02 3.72 3.72 3.50 3.65 0.00 0.00 0.00 0.00 0.00 0.00 0.00 0.00 0.00 0.00 0.00 0.00 0.00 2.26 0.00 0.00 0.00 0.00 0.00 0.00 0.00 0.00 0.00 0.00 0.00 0.00 0.00 0.00 0.00 0.00 0.00 0.00 4.31 3.21 3.72 2.92 2.56 3.21 2.63 3.50 3.14 3.43 0.00 2.56 2.26 5.55 3.87 3.87 5.55 4.67 0.00 0.00 0.00 3.14 0.00 0.00 0.00 0.00 0.00 0.00 0.00 0.00 0.00
6.94 4.60 4.74 3.65 3.72 3.14 2.56 3.87 3.58 4.53 4.16 4.16 3.80 4.31 3.50 3.43 4.60 4.45 4.45 4.16 4.38 3.87 2.77 3.14 0.00 0.00 0.00 0.00 0.00 0.00 0.00 0.00 0.00 0.00 0.00 0.00 0.00 0.00 0.00 0.00 3.65 0.00 0.00 0.00 0.00 0.00 0.00 0.00 0.00 0.00 0.00 0.00 0.00 0.00 0.00 3.94 3.50 4.45 3.58 3.80 3.94 3.58 3.94 0.00 0.00 6.35 5.11 6.06 6.06 4.38 4.23 3.50 5.40 3.50 4.26 2.04 0.37 0.58 0.00 0.00 0.00 0.00 0.00 0.00
4.09 3.50 2.26 3.14 3.94 3.36 3.72 3.07 3.80 3.58 3.50 2.70 2.63 2.99 3.72 4.09 3.14 3.43 3.43 4.45 3.94 0.00 2.63 2.26 0.00 0.00 0.00 0.00 0.00 0.00 0.00 0.00 0.00 0.00 0.00 0.00 0.00 0.00 0.00 0.00 0.00 0.00 0.00 0.00 0.00 0.00 0.00 0.00 0.00 0.00 0.00 0.00 0.00 0.00 0.00 3.14 3.50 3.72 4.23 3.36 3.14 3.50 3.87 0.00 0.00 4.67 5.77 4.74 4.74 4.74 4.38 9.42 10.66 6.50 9.78 4.55 2.17 0.76 2.34 0.00 0.00 0.00 0.00 0.00
0.00 0.00 2.48 0.00 3.72 3.65 2.12 3.36 2.92 3.36 3.29 2.56 3.14 3.14 3.43 2.99 3.14 0.00 0.00 0.00 0.00 0.00 0.00 0.00 0.00 0.00 0.00 0.00 0.00 0.00 0.00 0.00 0.00 0.00 0.00 0.00 0.00 0.00 0.00 0.00 0.00 0.00 0.00 0.00 0.00 0.00 0.00 0.00 0.00 0.00 0.00 0.00 0.00 0.00 0.00 0.00 1.31 3.65 3.29 3.65 3.43 2.99 1.46 0.80 0.00 4.74 4.45 5.62 5.62 0.00 5.91 10.44 11.83 13.43 10.29 6.75 2.29 2.45 2.57 0.00 0.00 0.00 0.00 0.00
3.50 0.00 2.92 0.00 0.00 0.00 0.00 2.77 2.41 2.19 0.00 3.80 0.00 0.00 3.58 3.58 0.00 0.00 0.00 0.00 0.00 0.00 0.00 0.00 0.00 0.00 0.00 0.00 0.00 0.00 0.00 0.00 0.00 0.00 0.00 0.00 0.00 0.00 0.00 0.00 0.00 0.00 0.00 0.00 0.00 0.00 0.00 0.00 0.00 0.00 0.00 0.00 1.24 0.07 1.10 0.58 1.10 2.77 2.77 2.92 2.41 2.99 2.63 1.61 0.00 4.82 5.11 5.04 5.04 0.00 2.56 6.86 11.46 13.87 9.93 7.37 4.60 2.41 3.50 0.00 0.00 0.00 0.00 0.00
3.07 2.92 2.12 0.00 0.00 0.00 0.00 0.00 2.77 1.97 2.56 2.63 0.00 0.00 0.00 3.65 0.00 0.00 0.00 2.26 1.75 0.00 0.00 0.00 0.00 0.00 0.00 0.00 0.00 0.00 0.00 0.00 0.00 0.00 0.00 0.00 0.00 0.07 0.00 0.00 0.00 0.00 0.00 0.00 0.00 0.00 0.00 0.00 0.00 0.00 0.00 0.44 1.31 0.51 0.15 0.00 0.73 0.66 1.46 1.02 2.99 1.83 1.90 3.50 5.77 6.72 5.99 0.00 0.00 1.39 3.14 0.00 7.45 11.68 8.32 8.54 5.18 4.31 0.00 0.00 0.00 0.00 0.00 0.00
0.00 2.63 2.19 0.00 0.00 0.00 0.00 0.00 2.70 0.00 2.63 2.56 0.00 0.00 0.00 0.00 0.00 0.00 0.00 2.34 3.29 0.00 0.00 0.00 0.00 0.00 0.00 0.00 0.00 0.00 0.00 0.00 0.00 0.00 2.34 0.00 0.00 0.44 0.80 1.10 0.00 0.00 0.00 0.00 0.00 0.00 0.00 0.00 0.00 0.00 0.00 0.00 0.29 1.10 1.68 0.00 0.73 1.17 0.80 0.00 2.04 3.07 2.92 7.81 6.79 6.86 6.42 3.94 3.94 4.96 4.60 3.72 3.87 7.52 6.94 6.79 7.01 5.48 0.00 4.60 0.00 0.00 0.00 0.00
3.07 0.73 2.56 0.00 0.00 1.39 0.00 3.36 3.58 3.21 2.56 0.00 0.00 0.00 0.00 0.00 0.00 4.09 4.09 4.31 3.94 0.00 0.00 0.00 0.00 0.00 1.83 0.00 0.00 0.00 0.00 0.00 0.00 0.00 2.04 0.00 0.00 0.00 1.39 0.00 0.37 1.10 0.73 0.73 1.02 1.24 0.00 0.00 0.00 0.00 0.29 0.00 1.02 1.75 4.09 1.39 4.09 0.66 0.95 0.58 1.25 4.54 6.85 7.23 7.88 6.35 5.84 5.69 5.69 5.62 5.18 4.67 5.69 4.31 4.67 5.40 5.91 7.74 5.33 5.33 4.67 3.50 0.00 0.00
1.75 1.90 2.85 2.04 2.48 2.56 0.00 0.00 0.00 3.36 0.00 0.00 0.00 0.00 0.00 0.00 2.77 3.80 3.80 4.02 2.99 3.87 3.58 0.00 0.00 0.00 0.00 0.00 0.00 0.00 0.00 0.00 0.00 0.00 0.00 0.00 0.00 0.00 0.00 4.38 3.36 3.43 2.41 2.41 1.39 1.17 0.73 1.02 0.51 0.29 0.00 0.00 0.00 2.92 1.75 9.34 9.05 10.37 7.01 2.12 3.87 3.94 5.14 7.96 8.18 7.96 7.08 4.31 4.31 8.03 8.40 9.49 10.95 7.30 3.72 4.09 3.72 5.62 6.13 6.79 5.77 4.67 0.00 0.00
1.17 2.19 2.19 0.00 2.70 0.00 0.00 0.00 0.00 0.00 0.00 0.00 0.00 0.00 0.00 0.00 2.92 2.63 2.63 3.65 2.48 3.07 0.00 0.00 0.00 2.41 3.14 0.00 0.00 0.00 0.00 0.00 0.00 0.00 0.00 0.00 0.00 0.00 3.58 3.87 3.58 3.14 2.48 2.48 2.77 1.75 1.75 0.73 1.24 1.24 0.29 0.22 0.51 1.17 3.14 7.37 9.20 10.66 11.02 7.52 7.81 3.50 3.87 5.40 5.34 6.64 5.69 4.16 4.16 4.23 7.81 10.00 9.86 8.03 3.50 3.07 3.72 3.80 4.96 5.26 5.26 5.11 0.00 0.00
1.46 1.02 0.00 0.00 0.00 0.00 1.90 0.00 0.00 0.00 0.00 0.00 0.00 2.41 3.43 2.34 2.56 2.63 2.63 2.77 2.41 2.85 0.00 0.00 0.00 0.00 0.00 0.00 0.00 0.00 0.00 0.00 0.00 0.00 0.00 0.00 0.00 3.14 3.21 3.07 3.58 3.36 3.43 3.43 3.72 2.56 1.53 4.53 3.72 1.31 0.66 1.02 0.44 0.51 3.50 4.38 5.18 9.56 9.49 7.66 4.02 3.43 4.96 6.35 7.01 6.57 8.32 6.94 6.94 5.26 6.50 6.86 6.86 5.11 4.02 0.00 0.00 3.43 5.62 5.33 4.82 0.00 0.00 0.00
1.83 0.00 0.00 0.00 0.00 0.00 0.00 0.00 0.00 0.00 0.00 2.04 2.41 0.00 0.00 3.07 0.00 0.00 0.00 2.48 1.90 2.41 2.34 0.00 0.00 0.00 0.00 0.00 0.00 0.00 0.00 0.00 3.21 0.00 0.00 0.00 0.00 2.41 0.00 0.00 0.00 0.00 0.00 0.00 4.74 5.33 4.60 5.69 5.69 3.50 1.39 4.02 2.04 4.67 5.33 5.33 5.26 5.18 4.30 7.37 1.31 2.48 4.47 7.66 10.60 11.44 10.91 8.32 8.32 6.57 5.04 5.55 5.33 5.55 0.00 0.00 0.00 4.38 4.23 4.51 4.72 0.00 0.00 0.00
1.31 0.00 0.00 0.00 0.00 0.00 0.00 0.00 0.00 0.00 0.00 2.48 0.00 0.00 0.00 0.00 0.00 1.61 1.61 1.24 0.00 0.00 0.00 1.75 0.00 0.00 0.00 1.97 1.90 0.00 0.00 2.63 2.99 0.00 0.00 2.12 2.63 0.00 0.00 0.00 0.00 0.00 0.00 0.00 2.85 4.09 5.33 6.35 6.72 6.64 6.57 7.45 3.50 8.54 6.13 6.42 7.37 2.85 2.63 2.56 0.90 2.34 5.68 6.42 9.27 11.46 12.37 11.19 10.83 4.99 5.99 4.23 5.11 4.38 4.74 0.00 0.00 6.06 6.19 4.13 4.32 4.46 0.00 0.00
0.22 0.00 1.75 0.00 0.00 0.00 0.29 0.00 0.00 0.00 0.00 0.00 0.00 0.00 0.00 0.00 0.00 0.00 0.00 0.00 0.00 0.00 0.00 0.00 0.00 0.00 2.26 0.00 0.00 0.00 0.00 0.00 0.00 0.00 0.00 1.39 1.61 0.00 0.00 0.00 0.00 1.39 2.12 2.12 2.92 1.24 2.56 4.67 6.94 5.62 5.77 8.69 9.27 10.59 9.05 10.59 11.83 5.48 2.29 1.03 2.70 2.12 4.17 4.49 11.03 12.59 11.39 8.76 8.80 6.35 6.09 5.62 4.67 4.23 4.84 4.82 0.00 7.30 4.77 6.83 6.03 4.38 4.70 0.00
1.02 0.73 0.58 0.00 0.00 1.68 1.39 0.95 0.58 0.00 0.00 0.00 0.00 0.00 0.00 0.00 0.00 0.00 0.00 0.00 0.00 0.00 0.00 0.00 0.00 0.00 0.00 0.00 0.00 0.00 0.00 0.00 0.00 0.00 0.00 0.00 1.02 1.39 0.00 0.00 0.00 0.00 0.00 0.00 1.10 1.46 0.51 2.77 4.31 5.26 5.62 5.91 10.37 12.63 12.70 12.92 14.38 12.34 2.85 7.41 7.82 5.12 3.86 7.42 9.17 10.95 8.31 7.01 7.01 7.34 6.21 6.80 8.36 6.74 3.74 5.90 4.53 0.00 5.87 5.66 7.42 6.62 3.92 4.38
0.80 1.31 0.80 0.73 0.73 1.39 1.53 0.00 0.00 0.44 0.00 0.58 0.00 0.00 0.00 0.00 0.00 0.00 0.00 0.00 0.00 0.00 2.19 0.00 0.00 0.00 0.00 0.00 0.00 0.00 0.00 0.00 0.00 0.00 0.00 0.00 0.00 0.80 0.00 0.00 0.00 0.00 0.00 0.00 0.44 0.44 1.02 0.58 0.95 6.79 5.26 5.77 9.27 12.19 9.86 12.48 13.40 14.97 9.49 10.73 8.03 2.46 4.06 6.69 9.49 7.71 6.90 5.33 5.33 5.97 6.77 9.23 7.19 7.70 7.86 7.70 5.04 3.93 4.63 3.91 5.89 6.91 5.15 3.24
1.83 0.44 0.15 0.95 1.46 0.00 0.00 0.00 0.00 0.00 0.00 0.00 0.00 0.00 0.00 1.17 0.00 0.00 0.00 0.00 0.00 0.00 0.00 0.00 0.00 0.00 0.00 0.00 0.00 0.00 0.00 0.00 0.00 0.15 0.51 1.02 0.44 0.07 0.00 0.00 0.00 0.00 0.66 0.66 0.66 0.66 1.02 0.00 4.16 7.37 6.13 7.08 6.70 8.58 11.92 11.78 13.70 13.80 12.99 14.53 8.32 5.72 3.69 5.16 4.32 5.89 5.56 4.96 4.99 4.19 8.93 6.98 5.73 8.12 8.73 7.74 6.26 4.39 4.37 3.82 6.45 9.26 6.55 4.47
1.75 2.04 1.68 1.31 1.68 1.75 0.00 1.31 0.00 0.00 1.31 0.00 0.00 0.00 0.00 0.00 0.73 0.00 0.00 0.00 0.00 0.00 0.00 0.00 0.00 0.00 0.29 0.00 0.00 0.00 0.00 0.00 0.00 0.00 0.00 0.00 0.80 0.00 0.00 0.00 0.00 0.00 1.53 1.53 0.80 1.68 1.90 2.70 7.45 6.94 8.32 7.45 7.81 8.10 10.16 10.24 12.50 16.46 14.53 11.43 10.27 7.26 4.89 3.26 3.65 4.33 4.27 2.86 2.86 2.43 2.90 6.16 4.31 6.93 8.29 7.85 5.66 3.67 3.82 5.79 7.42 8.17 8.08 5.74
2.19 1.83 2.19 1.97 2.34 1.68 1.68 1.83 2.19 0.66 2.63 0.00 0.00 0.00 0.00 0.00 0.00 0.00 0.00 0.00 0.00 0.00 0.00 0.00 0.00 0.00 0.80 0.51 0.00 0.00 0.00 0.00 0.00 0.15 0.07 0.00 0.44 0.00 0.00 0.00 0.00 0.07 2.70 2.70 2.12 1.17 2.85 2.85 9.93 12.34 13.14 10.66 11.68 9.76 8.64 12.41 8.83 12.15 7.94 8.98 9.55 8.14 6.70 4.87 3.20 3.71 3.42 2.30 2.26 1.78 1.56 2.16 4.81 5.97 5.99 5.87 6.23 2.62 0.00 0.00 5.64 5.34 6.89 5.18
2.12 0.00 1.17 1.39 2.48 2.70 2.48 3.58 3.65 4.23 0.00 1.24 0.00 0.00 0.00 0.00 0.00 0.00 0.00 0.00 0.00 0.00 0.00 0.00 0.00 1.61 0.88 1.31 0.51 0.00 0.29 0.22 0.95 1.10 1.02 0.29 0.00 0.00 0.00 0.00 0.00 0.66 4.89 4.89 3.72 3.50 4.23 12.99 14.16 14.45 14.90 13.93 10.78 12.11 10.63 8.66 7.01 10.44 9.16 7.03 8.36 7.22 7.64 6.28 4.89 3.17 2.00 1.05 1.03 1.83 1.02 4.76 5.84 7.10 5.28 3.94 2.83 0.00 0.00 0.00 5.21 4.32 3.34 2.92
5.18 1.02 0.88 7.88 5.33 5.84 7.08 6.28 6.86 5.18 5.48 6.42 4.38 4.31 2.12 1.97 0.00 1.68 1.68 1.17 0.88 1.31 0.00 0.80 0.95 0.88 1.68 1.46 0.95 0.44 1.46 0.95 0.58 1.24 0.95 0.58 0.00 0.00 0.00 1.10 2.48 4.02 6.94 6.94 10.07 9.42 11.46 15.48 15.40 9.71 11.29 7.89 9.45 5.74 3.48 6.34 6.51 8.30 10.30 9.39 8.58 7.41 5.73 5.42 3.80 2.57 3.38 0.00 0.00 0.00 0.00 1.74 5.01 5.43 4.57 3.21 0.00 0.00 0.00 0.00 0.00 0.00 0.00 2.27
6.06 6.06 5.62 9.56 10.29 8.83 10.07 5.62 5.99 0.00 4.74 4.82 6.42 5.55 3.58 3.36 1.83 1.83 1.83 1.31 1.31 1.53 0.15 0.51 0.95 0.00 0.66 0.73 0.66 1.46 0.15 0.37 0.73 0.66 1.02 0.51 1.75 1.46 0.88 1.46 0.66 1.61 4.02 4.02 7.96 11.24 11.17 13.14 9.56 8.90 9.03 6.34 6.52 5.12 4.36 2.45 8.49 5.60 8.22 10.79 9.07 8.85 7.80 3.16 3.72 3.07 0.29 0.00 0.00 0.00 0.00 0.00 3.25 4.96 3.88 4.60 2.88 0.00 0.00 0.00 0.00 0.00 0.00 0.00
7.59 6.94 5.55 8.69 9.56 12.92 10.29 8.54 4.60 0.00 0.00 0.00 4.53 4.96 5.55 3.80 2.77 1.90 1.90 1.46 2.26 1.68 0.58 0.73 0.44 0.44 0.00 0.15 1.02 0.80 0.80 0.58 0.15 0.00 0.66 1.24 1.39 2.77 0.00 0.00 0.00 1.90 5.26 5.26 9.71 8.32 9.56 9.81 8.52 8.50 8.61 7.07 5.77 4.63 4.87 3.36 1.89 3.09 7.99 9.28 8.95 10.35 7.74 7.01 3.80 1.27 1.04 0.00 0.00 0.00 0.00 0.00 0.00 3.92 4.04 3.98 0.00 0.00 0.00 0.00 0.00 0.00 0.00 1.12
2.77 6.79 1.10 2.85 8.32 10.37 9.27 8.36 4.96 5.77 0.00 0.00 4.23 4.02 2.19 2.41 1.68 1.53 1.53 1.53 1.53 1.31 0.58 0.58 0.29 0.00 0.00 0.73 0.88 0.44 0.22 0.00 0.07 0.58 1.10 1.24 1.75 0.15 0.00 0.00 0.00 0.29 2.04 2.04 6.28 5.33 8.03 8.51 8.10 7.86 6.81 5.60 7.99 5.65 5.37 6.75 3.57 3.29 3.40 7.38 11.59 9.92 11.23 7.74 1.02 3.55 1.76 0.31 0.30 0.00 0.00 0.00 1.03 4.07 3.29 3.67 0.00 0.00 0.00 0.00 0.00 0.00 2.62 2.09
0.00 3.58 0.00 0.00 4.82 11.10 8.98 12.34 10.15 4.82 4.67 0.00 1.46 0.00 0.00 1.46 1.31 1.53 1.53 1.31 0.66 0.37 0.00 0.00 0.00 0.00 0.00 0.00 0.00 0.00 0.00 0.37 0.00 0.29 0.51 0.88 1.17 0.00 0.00 0.00 0.00 0.29 1.83 1.83 3.58 2.99 5.55 7.52 8.40 7.74 8.23 6.88 7.03 5.93 4.90 4.45 2.13 0.00 0.00 6.84 8.40 10.51 10.72 6.48 6.16 5.19 4.76 2.56 2.57 0.94 0.00 0.00 0.00 1.24 2.31 0.00 0.00 0.00 0.00 0.00 0.00 0.00 2.52 1.46
0.00 0.00 0.00 0.00 0.00 8.47 12.26 11.83 13.21 9.71 5.91 2.77 2.92 0.00 0.00 0.29 0.51 2.04 2.04 0.88 0.73 0.37 0.00 0.00 0.00 0.00 0.00 0.00 0.00 0.00 0.00 0.00 0.00 0.00 0.00 0.00 0.29 0.00 0.00 0.00 0.00 0.00 0.15 0.15 1.10 3.50 6.82 4.96 8.23 9.03 11.52 8.04 8.61 8.03 1.94 3.06 0.00 0.00 8.08 4.43 8.01 10.49 7.02 8.20 4.94 7.81 4.47 0.31 0.37 3.81 1.55 0.00 0.00 0.00 0.00 0.00 0.00 0.00 0.00 0.00 0.00 0.00 2.03 2.29
0.00 0.00 0.00 0.00 0.00 5.84 8.32 8.69 12.78 10.73 7.74 3.87 4.67 2.04 2.34 0.58 1.97 1.24 1.24 0.95 0.44 0.58 0.00 0.00 0.00 0.00 0.00 0.00 0.00 0.00 0.00 0.00 0.00 0.00 0.00 0.00 0.00 0.00 0.00 0.00 0.00 0.00 0.00 0.00 0.00 0.73 3.15 1.75 5.29 7.66 7.34 7.34 7.58 3.79 3.60 0.00 0.00 0.00 0.00 0.00 9.46 8.39 7.71 6.97 8.50 6.80 6.11 4.59 5.14 5.93 3.51 0.47 0.00 0.00 0.00 0.00 0.00 0.00 0.00 0.00 0.00 0.00 2.51 2.62
0.00 0.00 0.00 0.00 0.00 0.00 6.06 7.66 8.91 11.68 5.48 4.53 7.08 4.45 5.04 3.11 5.01 1.46 1.46 0.00 0.00 0.58 0.00 0.00 0.00 0.00 0.00 0.00 0.00 0.00 0.00 0.00 0.00 0.00 0.00 0.00 0.00 0.00 0.00 0.00 0.00 0.00 0.00 0.00 0.00 0.00 1.10 2.92 5.43 7.95 8.34 6.80 3.92 4.44 0.00 0.00 0.00 0.00 0.00 0.00 0.00 6.88 4.02 7.30 8.43 8.38 8.02 5.05 5.15 5.82 4.46 1.10 0.18 0.00 0.00 0.00 0.00 0.00 0.00 0.00 0.00 0.00 0.00 0.00
0.00 0.00 0.00 0.00 0.00 0.00 0.00 7.59 6.20 2.56 6.06 4.96 7.59 7.15 5.99 6.38 3.58 3.15 2.94 2.56 3.14 0.66 0.29 0.58 0.00 0.00 0.15 0.00 0.00 0.00 0.00 0.00 0.00 0.00 0.00 0.00 0.15 0.00 0.00 0.00 0.51 0.51 0.00 0.00 0.00 0.00 0.51 2.94 4.44 8.55 6.40 7.62 0.00 0.00 0.00 0.00 0.00 0.00 0.00 0.00 0.00 4.48 3.38 4.69 7.83 9.38 7.42 6.64 8.11 2.94 2.52 1.63 0.63 0.00 0.00 0.00 0.00 0.00 0.00 0.00 0.00 0.00 0.00 0.00
0.00 0.00 0.00 0.00 0.00 0.00 0.00 0.00 0.00 0.00 0.00 0.00 0.00 0.00 2.41 0.00 6.28 6.42 6.52 5.33 7.37 7.52 5.04 3.72 2.26 3.43 3.80 3.65 2.63 2.92 3.58 3.65 3.14 0.95 6.06 7.52 7.23 6.06 6.20 7.41 6.85 7.45 6.72 6.72 4.53 2.48 3.29 2.35 2.77 5.22 0.00 0.00 0.00 0.00 0.00 0.00 0.00 0.00 0.00 0.00 0.00 0.00 0.00 6.12 6.29 4.81 3.56 0.00 0.00 0.00 1.96 0.00 0.00 0.00 0.00 0.00 0.00 0.00 0.00 0.00 0.00 0.00 0.00 0.00
0.00 0.00 0.00 0.00 0.00 0.00 0.00 0.00 0.00 0.00 0.00 0.00 0.00 0.00 0.00 0.00 0.00 3.14 3.14 0.00 6.45 6.51 5.04 4.67 4.89 5.98 6.36 6.64 5.48 5.26 5.99 6.64 5.99 3.43 6.28 7.52 9.27 9.64 7.96 7.23 8.56 7.51 8.32 9.30 8.91 6.57 3.94 3.37 3.71 3.41 0.00 0.00 0.00 0.00 0.00 0.00 0.00 0.00 0.00 0.00 0.00 0.00 0.00 0.00 0.00 0.00 0.00 0.00 0.00 0.00 0.00 0.00 0.00 0.00 0.00 0.00 0.00 0.00 0.00 0.00 0.00 0.00 0.00 0.00
0.00 0.00 0.00 0.00 0.00 0.00 0.00 0.00 0.00 0.00 0.00 0.00 0.00 0.00 0.00 0.00 0.00 0.00 0.00 0.00 5.55 5.04 3.36 4.89 6.20 6.38 7.00 7.59 7.01 5.40 5.11 7.81 6.00 5.99 4.82 4.54 7.15 9.34 9.05 8.03 6.05 3.58 4.08 5.19 8.29 8.53 6.14 6.63 5.30 0.00 0.00 0.00 0.00 0.00 0.00 0.00 0.00 0.00 0.00 0.00 0.00 0.00 0.00 0.00 0.00 0.00 0.00 0.00 0.00 0.00 0.00 0.00 0.00 0.00 0.00 0.00 0.00 0.00 0.00 0.00 0.00 0.00 0.00 0.00
0.00 0.00 0.00 0.00 0.00 0.00 0.00 0.00 0.00 0.00 0.00 0.00 0.00 0.00 0.00 0.00 0.00 0.00 0.00 0.00 0.00 0.00 0.00 4.02 5.04 4.02 0.00 0.00 4.60 6.35 5.84 7.30 9.43 4.82 4.82 0.00 0.00 5.77 5.91 4.38 0.00 0.00 4.92 5.62 0.00 6.71 10.04 0.00 0.00 0.00 0.00 0.00 0.00 0.00 0.00 0.00 0.00 0.00 0.00 0.00 0.00 0.00 0.00 0.00 0.00 0.00 0.00 0.00 0.00 0.00 0.00 0.00 0.00 0.00 0.00 0.00 0.00 0.00 0.00 0.00 0.00 0.00 0.00 0.00
