Wansh/Snow_depth/snowdepth-1997/spring/1997088.txt
ncols 321
nrows 161
xllcenter 60
yllcenter 15 
cellsize  0.25 
NODATA_value -1
[rows 0 to 36 of 161, columns 84 to 167 of 321]
12.70 13.72 13.36 14.24 15.04 12.34 13.07 10.00 11.75 12.05 11.97 11.90 14.38 14.38 17.23 16.79 18.40 21.97 21.97 20.73 24.45 15.55 15.55 11.24 13.07 0.00 0.00 0.00 0.00 0.00 0.00 0.00 0.00 9.86 11.53 11.75 10.29 12.99 21.17 21.68 21.68 17.37 10.07 10.07 11.32 6.72 7.01 0.00 5.33 4.23 9.13 8.40 10.07 10.07 9.64 12.92 11.46 12.12 7.81 4.31 4.82 0.00 0.66 0.00 0.44 0.15 2.19 3.72 3.72 5.04 4.74 11.61 14.97 14.97 13.65 15.84 14.97 13.07 15.62 20.95 19.42 14.09 15.11 14.38
13.07 12.92 14.09 13.72 15.26 17.16 16.06 16.50 14.16 12.92 13.07 10.51 9.78 10.73 10.73 15.77 15.62 17.59 17.59 24.89 25.70 18.61 14.16 14.89 8.83 0.00 0.00 0.00 0.00 0.00 0.00 0.00 0.00 0.00 0.00 5.84 6.13 7.88 13.65 12.26 18.76 15.91 11.10 11.10 7.30 7.59 0.00 0.00 0.00 0.00 0.00 0.00 0.00 0.00 3.43 5.11 7.74 6.20 6.50 6.35 5.69 4.96 5.18 5.11 3.21 3.43 3.58 3.14 3.14 5.55 8.40 10.59 16.79 15.77 18.61 22.78 22.85 21.83 20.81 22.48 18.98 18.69 11.32 15.48
13.87 13.43 12.19 12.70 12.41 15.62 13.72 15.84 15.18 13.72 13.72 13.72 10.73 10.66 6.86 7.74 7.88 12.19 12.19 10.51 12.99 13.80 12.34 11.46 10.88 7.52 6.28 6.57 8.03 7.23 7.59 4.09 4.89 0.00 4.67 4.60 8.10 7.81 14.89 21.17 20.66 21.17 20.37 20.37 20.88 20.59 20.73 15.04 0.00 0.00 0.00 0.00 0.00 0.00 0.00 4.38 6.13 5.91 6.79 7.15 7.23 7.23 9.56 9.86 9.71 10.44 11.32 8.91 8.91 10.51 9.05 11.02 11.46 15.91 22.05 22.12 25.40 25.33 25.04 24.89 21.39 12.85 13.43 13.36
13.87 13.43 12.19 12.70 12.41 15.62 13.72 15.84 15.18 13.72 13.72 13.72 10.73 10.66 6.86 7.74 7.88 12.19 12.19 10.51 12.99 13.80 12.34 11.46 10.88 7.52 6.28 6.57 8.03 7.23 7.59 4.09 4.89 0.00 4.67 4.60 8.10 7.81 14.89 21.17 20.66 21.17 20.37 20.37 20.88 20.59 20.73 15.04 0.00 0.00 0.00 0.00 0.00 0.00 0.00 4.38 6.13 5.91 6.79 7.15 7.23 7.23 9.56 9.86 9.71 10.44 11.32 8.91 8.91 10.51 9.05 11.02 11.46 15.91 22.05 22.12 25.40 25.33 25.04 24.89 21.39 12.85 13.43 13.36
13.14 11.32 12.05 8.98 11.97 12.05 12.99 13.72 12.56 12.26 15.18 14.67 12.41 12.41 9.86 9.86 9.86 10.07 10.07 5.33 0.00 6.20 8.69 10.73 9.71 9.64 6.35 0.00 0.00 0.00 8.83 5.69 5.18 5.48 7.08 8.91 8.54 11.90 12.92 10.51 8.76 19.64 20.73 20.73 23.87 23.29 20.37 12.26 13.87 0.00 0.00 0.00 0.00 0.00 0.00 5.26 0.00 6.72 8.40 8.32 9.13 10.29 10.07 10.66 12.78 14.82 13.58 14.24 14.24 13.51 13.65 13.14 12.41 10.66 16.79 14.82 20.95 22.05 24.38 22.27 0.00 0.00 0.00 10.07
17.08 15.70 12.05 13.14 10.80 8.98 0.00 0.00 10.95 11.39 11.46 13.80 14.09 17.59 17.30 18.32 15.04 15.04 15.04 12.19 6.64 6.64 6.79 7.15 9.93 7.37 8.25 0.00 0.00 0.00 0.00 0.00 6.13 6.42 6.42 0.00 0.00 7.30 4.23 2.77 2.99 5.04 4.31 4.31 10.66 18.25 16.64 21.32 13.87 11.46 0.00 0.00 0.00 0.00 0.00 0.00 5.04 5.84 6.13 7.59 8.47 10.95 10.66 13.58 14.75 14.60 14.89 13.29 13.29 11.75 11.90 12.63 12.41 11.24 11.02 8.47 7.74 8.83 18.54 0.00 0.00 0.00 0.00 0.00
17.01 15.26 14.16 12.34 11.90 10.44 10.51 12.19 12.78 10.59 8.91 11.97 11.97 10.22 16.57 16.64 14.16 12.63 12.63 13.65 8.69 6.94 6.42 8.32 8.03 6.79 0.00 0.00 0.00 0.00 0.00 0.00 0.00 5.77 0.00 0.00 0.00 0.00 0.00 0.00 0.00 0.00 8.32 8.32 16.50 15.11 19.13 15.04 16.50 0.00 0.00 0.00 0.00 0.00 0.00 5.11 5.48 5.40 7.23 7.96 7.96 10.66 12.48 14.38 14.09 15.62 13.80 14.31 14.31 12.70 12.34 11.75 13.14 13.43 13.51 11.39 10.73 6.28 8.54 0.00 0.00 0.00 0.00 0.00
17.01 15.26 14.16 12.34 11.90 10.44 10.51 12.19 12.78 10.59 8.91 11.97 11.97 10.22 16.57 16.64 14.16 12.63 12.63 13.65 8.69 6.94 6.42 8.32 8.03 6.79 0.00 0.00 0.00 0.00 0.00 0.00 0.00 5.77 0.00 0.00 0.00 0.00 0.00 0.00 0.00 0.00 8.32 8.32 16.50 15.11 19.13 15.04 16.50 0.00 0.00 0.00 0.00 0.00 0.00 5.11 5.48 5.40 7.23 7.96 7.96 10.66 12.48 14.38 14.09 15.62 13.80 14.31 14.31 12.70 12.34 11.75 13.14 13.43 13.51 11.39 10.73 6.28 8.54 0.00 0.00 0.00 0.00 0.00
12.05 11.68 11.83 12.12 12.56 13.58 13.65 13.29 10.88 10.95 8.03 0.00 0.00 0.00 12.05 13.58 13.94 13.29 13.29 9.49 8.91 12.05 8.18 8.25 0.00 0.00 0.00 0.00 0.00 0.00 0.00 0.00 0.00 0.00 0.00 0.00 0.00 0.00 0.00 0.00 0.00 4.31 0.00 0.00 0.00 0.00 13.51 0.00 0.00 0.00 0.00 7.66 0.00 0.00 4.16 4.53 5.04 5.62 7.45 7.23 9.93 10.59 9.86 13.58 13.36 13.72 13.58 12.92 12.92 12.19 11.02 12.19 12.19 12.26 12.12 11.97 11.24 11.39 9.93 2.77 4.67 0.00 0.00 0.00
11.32 11.53 11.17 11.02 11.97 12.63 8.10 8.32 5.91 0.00 0.00 0.00 0.00 10.88 0.00 13.51 15.40 15.33 15.33 13.51 12.12 11.83 0.00 0.00 0.00 0.00 0.00 0.00 0.00 0.00 0.00 0.00 0.00 0.00 0.00 0.00 0.00 0.00 0.00 0.00 0.00 0.00 0.00 0.00 0.00 0.00 0.00 0.00 0.00 6.57 8.10 7.66 7.45 4.96 5.26 5.11 5.91 5.91 6.64 8.40 10.29 10.00 10.88 11.75 11.32 13.65 12.92 9.93 9.93 8.91 9.71 10.29 10.73 11.90 11.75 12.85 14.53 14.24 13.65 5.55 5.26 5.33 3.07 0.00
8.25 7.96 8.91 3.43 4.23 2.77 0.00 0.00 0.00 0.00 0.00 0.00 1.46 0.00 11.61 10.15 16.28 16.86 16.86 17.23 0.00 0.00 0.00 0.00 0.00 0.00 0.00 0.00 0.00 0.00 0.00 0.00 0.00 0.00 0.00 0.00 0.00 0.00 0.00 0.00 0.00 0.00 0.00 0.00 5.48 0.00 0.00 0.00 7.30 6.86 7.74 12.85 9.86 11.24 7.30 8.83 8.25 10.37 8.54 9.05 9.56 10.80 11.10 11.53 11.32 12.85 11.75 12.48 12.48 11.61 11.97 10.37 11.68 12.63 12.63 13.21 16.57 17.37 14.60 12.05 7.45 10.22 2.12 3.72
8.25 7.96 8.91 3.43 4.23 2.77 0.00 0.00 0.00 0.00 0.00 0.00 1.46 0.00 11.61 10.15 16.28 16.86 16.86 17.23 0.00 0.00 0.00 0.00 0.00 0.00 0.00 0.00 0.00 0.00 0.00 0.00 0.00 0.00 0.00 0.00 0.00 0.00 0.00 0.00 0.00 0.00 0.00 0.00 5.48 0.00 0.00 0.00 7.30 6.86 7.74 12.85 9.86 11.24 7.30 8.83 8.25 10.37 8.54 9.05 9.56 10.80 11.10 11.53 11.32 12.85 11.75 12.48 12.48 11.61 11.97 10.37 11.68 12.63 12.63 13.21 16.57 17.37 14.60 12.05 7.45 10.22 2.12 3.72
0.00 0.00 5.11 0.00 0.00 0.00 0.00 0.00 0.00 0.00 0.00 0.80 0.44 0.00 0.00 0.00 0.00 14.60 14.60 0.00 0.00 0.00 0.00 0.00 0.00 0.00 0.00 0.00 0.00 0.00 0.00 0.00 0.00 0.00 0.00 0.00 8.76 7.37 0.00 0.00 0.00 6.86 5.91 5.91 6.42 4.45 0.00 0.00 6.79 9.64 14.38 13.80 11.53 7.81 8.32 9.27 12.78 13.87 13.65 12.48 11.02 10.66 10.66 10.73 12.63 11.02 10.59 12.26 12.26 13.07 14.09 13.21 14.09 13.43 15.18 16.35 15.99 17.89 16.13 12.63 12.78 11.90 11.83 7.23
0.00 1.39 2.26 0.00 0.00 0.00 0.00 0.00 0.00 0.00 0.00 0.00 0.00 0.00 0.00 0.00 0.00 0.00 0.00 0.00 0.00 0.00 0.00 0.00 0.00 0.00 0.00 0.00 0.00 5.77 5.62 10.59 12.34 6.79 8.10 10.95 10.59 8.83 7.37 7.45 6.64 0.00 4.67 4.67 0.00 5.62 4.82 7.23 6.57 7.52 11.61 9.93 10.44 10.73 10.51 13.29 11.53 13.51 11.97 7.74 11.75 9.78 12.92 14.82 14.09 12.92 12.78 12.78 12.78 14.82 17.08 17.59 14.89 16.86 16.13 12.92 13.58 13.80 14.02 14.38 7.52 8.47 8.69 5.84
0.00 0.00 0.00 0.00 0.00 0.00 0.00 0.00 0.00 0.00 0.00 0.00 0.00 0.00 0.00 0.00 0.00 0.00 0.00 0.00 0.00 0.00 0.00 0.00 0.00 0.00 0.00 7.30 6.94 9.93 13.94 13.14 14.82 12.78 12.92 10.80 5.77 10.00 6.28 5.62 5.55 0.00 0.00 0.00 0.00 4.31 6.94 6.42 6.94 7.66 10.37 10.22 13.14 13.80 13.87 13.80 14.16 10.73 6.28 7.08 8.10 5.62 8.40 9.64 11.75 13.51 14.02 13.29 13.29 13.21 16.64 12.85 15.91 10.22 10.15 9.34 7.59 9.71 0.00 7.96 2.34 8.32 8.18 8.83
0.00 0.00 0.00 0.00 0.00 0.00 0.00 0.00 0.00 0.00 0.00 0.00 0.00 0.00 0.00 7.30 7.15 7.96 7.96 0.00 0.00 0.00 6.86 6.94 7.74 8.10 6.50 7.81 12.05 11.24 13.94 15.48 16.79 12.19 9.56 10.22 3.94 0.00 1.90 0.00 6.35 6.06 3.36 3.36 8.03 10.44 5.48 6.50 11.39 5.62 9.64 11.39 16.13 15.40 17.45 13.29 14.45 10.29 6.50 4.67 4.96 4.53 5.69 7.08 7.30 12.63 13.51 14.31 14.31 15.26 13.51 15.11 10.73 5.84 4.96 4.23 0.00 1.90 0.37 4.38 7.15 7.81 7.74 9.34
0.00 0.00 0.00 0.00 0.00 0.00 0.00 0.00 0.00 0.00 0.00 0.00 0.00 0.00 0.00 7.30 7.15 7.96 7.96 0.00 0.00 0.00 6.86 6.94 7.74 8.10 6.50 7.81 12.05 11.24 13.94 15.48 16.79 12.19 9.56 10.22 3.94 0.00 1.90 0.00 6.35 6.06 3.36 3.36 8.03 10.44 5.48 6.50 11.39 5.62 9.64 11.39 16.13 15.40 17.45 13.29 14.45 10.29 6.50 4.67 4.96 4.53 5.69 7.08 7.30 12.63 13.51 14.31 14.31 15.26 13.51 15.11 10.73 5.84 4.96 4.23 0.00 1.90 0.37 4.38 7.15 7.81 7.74 9.34
0.00 0.00 0.00 0.00 0.00 0.00 0.00 0.00 0.00 0.00 0.00 4.09 6.86 6.28 8.25 8.03 8.03 8.69 8.69 0.00 0.00 0.00 0.00 7.81 7.37 8.25 8.32 8.61 10.44 12.41 12.26 14.67 15.70 15.70 9.86 3.43 4.31 1.83 4.82 7.15 6.94 7.88 9.20 9.20 8.91 13.58 20.51 18.10 19.27 13.51 13.29 13.36 15.55 17.08 21.24 13.07 15.91 6.06 4.74 4.67 5.40 10.51 8.18 6.72 10.15 11.68 12.92 16.06 16.06 14.02 12.63 14.67 11.32 3.29 7.96 6.28 0.00 4.82 0.29 3.80 4.74 1.61 2.34 4.38
0.00 0.00 0.00 0.00 0.00 0.00 0.00 0.00 0.00 0.00 6.13 5.69 10.29 9.71 10.44 8.18 9.56 8.03 8.03 8.18 5.69 0.00 5.33 0.00 8.47 8.03 9.71 10.22 10.37 11.90 14.60 14.09 17.30 15.11 10.95 12.05 6.57 4.23 3.50 6.28 6.94 9.49 14.24 14.24 20.15 18.98 25.48 29.05 34.38 24.09 28.32 25.92 27.59 26.50 27.74 20.15 9.78 14.60 14.82 11.02 12.92 19.56 15.77 10.88 13.14 13.94 13.72 19.27 19.27 17.45 17.37 13.14 10.44 8.18 8.98 6.35 0.00 1.39 1.24 0.00 0.00 0.00 0.00 1.53
0.00 0.00 0.00 0.00 0.00 0.00 0.00 0.00 0.00 0.00 8.32 11.17 11.24 10.88 10.73 10.80 11.17 10.22 10.22 11.75 11.90 6.28 4.89 4.89 9.56 13.07 11.46 11.24 11.17 11.10 10.44 13.51 15.26 16.13 11.83 7.30 8.03 3.94 4.02 3.29 4.38 9.93 20.81 20.81 18.91 28.47 35.55 37.74 38.11 32.05 28.18 28.91 27.52 30.44 33.73 32.85 31.24 24.38 17.01 19.42 20.51 18.98 19.13 18.32 14.24 13.07 15.91 17.45 17.45 19.13 13.58 8.69 6.28 0.00 0.66 0.00 0.00 0.00 0.00 0.00 0.00 0.00 0.00 0.00
0.00 0.00 0.00 0.00 0.00 0.00 0.00 0.00 0.00 11.10 10.15 12.85 15.26 15.77 12.19 11.17 11.24 11.90 11.90 12.12 10.51 11.17 7.59 10.15 9.49 13.29 14.45 13.14 11.32 8.32 10.51 9.78 11.90 11.90 12.48 5.84 2.70 3.36 2.04 3.94 5.84 4.82 16.50 16.50 24.31 22.92 28.84 35.33 23.65 35.92 32.78 28.84 33.00 33.87 33.22 34.31 31.39 27.52 23.21 24.53 21.10 19.42 20.08 19.13 17.23 18.54 18.98 11.32 11.32 7.30 8.10 3.94 1.17 0.00 0.00 0.00 0.00 0.00 0.00 0.00 0.00 0.00 0.00 0.00
0.00 0.00 0.00 0.00 0.00 0.00 0.00 0.00 0.00 10.73 16.86 15.40 18.10 15.18 15.91 11.75 11.90 12.34 12.34 12.41 12.34 13.36 13.58 14.60 14.24 13.51 16.50 16.28 13.29 9.42 7.01 8.98 7.96 11.10 5.84 1.17 1.39 0.00 0.00 0.00 3.65 3.07 3.50 3.50 2.63 6.06 7.45 8.76 12.41 15.04 21.32 18.98 27.81 20.44 25.77 29.20 29.05 26.79 16.06 18.40 19.27 16.79 18.83 17.52 19.71 17.52 17.01 14.16 14.16 11.83 7.37 2.56 2.56 0.22 2.34 0.00 0.00 0.00 0.00 0.00 0.00 0.00 0.00 0.00
0.00 0.00 0.00 0.00 0.00 0.00 0.00 0.00 0.00 10.73 16.86 15.40 18.10 15.18 15.91 11.75 11.90 12.34 12.34 12.41 12.34 13.36 13.58 14.60 14.24 13.51 16.50 16.28 13.29 9.42 7.01 8.98 7.96 11.10 5.84 1.17 1.39 0.00 0.00 0.00 3.65 3.07 3.50 3.50 2.63 6.06 7.45 8.76 12.41 15.04 21.32 18.98 27.81 20.44 25.77 29.20 29.05 26.79 16.06 18.40 19.27 16.79 18.83 17.52 19.71 17.52 17.01 14.16 14.16 11.83 7.37 2.56 2.56 0.22 2.34 0.00 0.00 0.00 0.00 0.00 0.00 0.00 0.00 0.00
0.00 0.00 0.00 0.00 0.00 0.00 0.00 0.00 0.00 0.00 15.04 14.75 15.18 15.62 13.51 14.16 12.26 12.26 12.26 13.29 12.99 13.80 15.48 16.13 17.08 18.40 17.59 17.81 14.31 9.56 10.51 6.13 7.37 6.86 6.28 0.95 0.00 0.44 0.00 2.19 1.61 3.29 1.24 1.24 1.90 1.46 0.00 5.48 0.00 6.28 0.00 1.53 11.17 18.47 17.08 20.51 9.34 11.10 11.24 5.40 12.63 10.37 13.80 15.55 17.96 21.61 18.40 17.23 17.23 14.09 15.04 6.28 8.47 3.58 4.31 0.00 0.00 0.00 0.00 0.00 0.00 0.00 0.00 0.00
0.00 0.00 0.00 0.00 0.00 0.00 0.00 0.00 0.00 0.00 0.00 11.97 10.51 15.04 12.56 11.75 11.83 13.94 13.94 14.82 17.96 17.16 18.61 18.62 18.56 19.36 15.63 13.94 14.31 10.80 6.94 8.61 5.77 2.34 0.00 0.29 0.15 0.95 0.00 0.58 0.95 0.00 0.73 0.73 0.00 0.00 0.00 0.00 0.00 0.00 0.00 0.00 0.00 2.99 1.97 4.82 0.00 0.00 2.63 1.83 4.74 4.53 8.69 8.61 14.31 18.03 15.91 15.48 15.48 15.99 15.40 12.99 9.27 5.18 2.56 0.37 0.00 0.00 0.00 0.00 0.00 0.00 0.00 0.00
0.00 0.00 0.00 0.00 0.00 0.00 0.00 0.00 0.00 14.53 15.04 11.53 7.01 0.00 9.56 9.78 12.41 16.57 16.57 16.43 18.32 18.54 18.47 22.02 20.99 17.43 18.66 18.66 17.67 14.53 10.95 7.45 4.16 5.11 0.44 0.29 0.07 1.39 1.39 0.73 1.02 0.22 0.00 0.00 0.00 0.00 0.00 0.00 0.00 0.00 0.00 0.00 0.00 0.00 0.00 0.00 0.00 0.00 0.00 0.00 4.09 5.33 4.38 4.38 14.24 8.40 12.05 11.17 11.17 12.12 9.64 10.73 7.23 5.69 3.43 0.80 1.10 2.77 0.73 0.00 0.00 0.00 0.00 0.00
0.00 0.00 0.00 0.00 0.00 0.00 7.96 7.74 8.18 12.92 8.91 2.56 4.16 0.00 0.00 0.00 0.00 7.96 7.96 13.80 14.24 12.90 11.36 10.84 18.38 18.68 20.24 19.61 19.34 18.18 16.86 12.19 8.47 4.09 4.74 3.43 2.48 2.04 2.19 1.24 0.07 0.22 0.00 0.00 0.00 0.00 0.00 0.00 0.00 0.00 0.00 0.00 0.00 0.00 0.00 0.00 0.00 0.00 0.00 0.00 8.32 11.32 5.69 8.03 5.48 6.42 10.66 15.84 15.84 12.26 9.64 10.44 8.83 9.64 5.11 5.99 4.31 4.67 2.77 0.00 0.00 0.00 0.00 0.00
0.00 0.00 0.00 0.00 0.00 0.00 0.00 3.87 4.89 9.34 8.76 4.89 0.00 0.00 0.00 0.00 0.00 0.00 0.00 0.00 0.00 0.00 0.00 0.00 0.00 0.00 20.02 20.47 20.99 18.73 19.08 19.27 19.35 17.37 15.04 11.90 12.70 6.06 3.14 0.66 1.02 0.00 1.02 1.02 0.00 0.00 0.00 0.00 0.00 0.00 0.00 0.00 0.00 0.00 0.00 0.00 0.00 0.00 0.00 0.00 12.48 14.97 14.02 15.26 18.40 17.08 19.05 17.16 17.16 18.61 17.23 11.53 8.10 6.13 7.37 5.18 1.97 1.39 0.00 0.00 0.00 0.00 0.00 0.00
0.00 0.00 0.00 0.00 0.00 0.00 0.00 3.87 4.89 9.34 8.76 4.89 0.00 0.00 0.00 0.00 0.00 0.00 0.00 0.00 0.00 0.00 0.00 0.00 0.00 0.00 19.42 19.02 19.61 19.02 19.27 20.07 21.74 18.39 15.42 11.90 12.70 6.06 3.14 0.66 1.02 0.00 1.02 1.02 0.00 0.00 0.00 0.00 0.00 0.00 0.00 0.00 0.00 0.00 0.00 0.00 0.00 0.00 0.00 0.00 12.48 14.97 14.02 15.26 18.40 17.08 19.05 17.16 17.16 18.61 17.23 11.53 8.10 6.13 7.37 5.18 1.97 1.39 0.00 0.00 0.00 0.00 0.00 0.00
0.00 0.00 0.00 0.00 0.00 0.00 0.00 0.00 1.97 6.06 6.42 3.58 3.50 2.85 3.43 2.26 0.00 0.00 0.00 0.00 0.00 0.00 0.00 0.00 0.00 2.51 1.99 0.00 12.41 12.25 14.60 17.55 22.15 21.43 20.02 16.19 9.66 11.32 5.11 1.02 0.00 0.15 0.15 0.15 0.00 0.00 0.00 0.00 0.00 0.00 0.00 0.00 0.00 0.00 0.00 0.00 0.00 0.00 0.00 0.00 0.00 4.31 14.67 19.93 22.85 23.43 21.53 18.76 18.76 13.07 15.40 12.70 9.71 8.25 4.82 6.94 2.92 2.19 0.00 0.00 0.00 0.00 0.00 0.00
0.00 0.00 0.00 0.00 0.00 0.00 0.00 0.00 0.00 0.00 1.61 1.61 0.95 2.70 2.63 1.97 8.76 0.00 0.00 0.00 0.00 0.00 0.00 0.00 0.00 0.00 0.00 0.00 0.00 0.00 0.00 10.80 17.01 23.80 23.33 22.57 16.68 9.76 11.17 6.50 4.09 5.99 0.44 0.44 0.51 0.44 0.00 0.00 0.00 0.00 0.00 0.00 0.00 0.00 0.00 0.00 0.00 0.00 0.00 0.00 6.13 5.91 11.02 18.47 22.92 21.32 21.53 19.20 19.20 18.03 15.55 10.73 12.26 9.42 7.15 8.18 4.53 0.66 0.95 0.66 0.44 0.00 0.00 0.00
0.00 0.00 0.00 0.00 0.00 0.00 0.00 0.00 2.19 0.00 1.10 0.00 0.00 0.00 0.00 10.37 9.42 9.42 9.42 1.61 0.00 0.00 0.00 0.00 0.00 0.00 0.00 0.00 0.00 0.00 0.00 0.00 7.88 6.20 17.29 24.61 25.83 24.45 20.66 20.37 14.60 14.45 5.26 5.26 0.00 0.00 0.00 0.00 0.00 0.00 0.00 0.00 0.00 0.00 0.00 0.00 0.00 0.00 0.00 0.00 0.00 0.00 2.92 20.00 17.37 19.27 20.37 20.73 20.73 13.36 10.66 8.61 1.83 6.94 3.80 7.59 5.91 6.50 2.56 4.38 1.46 1.10 2.56 0.00
0.00 0.00 0.00 0.00 0.00 0.00 0.00 0.00 1.97 0.29 0.22 0.00 0.00 7.30 5.69 11.39 7.96 8.47 8.47 4.09 2.34 0.00 0.00 0.00 0.00 0.00 0.00 0.00 0.00 0.00 0.00 0.00 0.00 8.76 6.79 18.10 26.09 24.89 25.33 24.04 19.78 8.91 10.51 10.51 2.26 5.55 1.39 0.00 0.00 0.00 0.00 0.00 0.00 0.00 0.00 0.00 0.00 0.00 0.00 0.00 0.00 4.89 8.91 10.73 10.22 10.73 11.24 8.69 8.69 9.34 7.96 0.22 0.00 2.19 3.43 2.63 5.91 6.28 7.52 3.94 5.26 2.12 3.14 2.63
0.00 0.00 0.00 0.00 0.00 0.00 0.00 0.00 0.00 0.00 0.00 0.00 0.00 8.10 5.11 6.57 3.72 0.66 0.66 0.00 0.00 0.00 0.00 0.00 0.00 0.00 0.00 0.00 0.00 0.00 0.00 0.00 0.00 0.00 9.78 6.42 21.46 27.45 27.12 26.35 23.84 24.53 18.83 18.83 9.20 4.16 5.55 1.17 0.00 0.80 0.00 0.15 0.00 0.00 0.00 0.00 0.00 0.00 1.90 1.10 2.92 2.12 2.12 4.74 0.00 3.72 4.02 2.70 2.70 0.00 0.00 0.00 0.00 0.00 0.00 0.80 3.87 7.45 4.23 4.38 4.02 2.99 4.23 2.04
0.00 0.00 0.00 0.00 0.00 0.00 0.00 0.00 0.00 0.00 0.00 0.00 0.00 5.40 1.39 0.00 1.68 0.00 0.00 0.00 0.00 0.00 0.00 0.00 0.00 0.00 0.00 0.00 0.00 0.00 0.00 0.00 0.00 0.00 0.00 0.00 7.59 12.98 11.75 22.19 21.90 20.66 20.59 20.59 18.61 14.24 14.38 9.20 3.58 7.45 3.14 0.00 0.22 0.00 0.00 0.00 0.00 0.00 1.75 0.00 3.58 2.99 1.61 1.39 0.00 0.00 0.00 0.00 0.00 0.00 0.00 0.00 0.00 0.00 0.00 0.07 1.31 0.00 0.00 1.61 2.77 3.21 2.85 2.48
0.00 0.00 0.00 0.00 0.00 0.00 0.00 0.00 0.00 0.00 0.00 0.00 0.00 5.40 1.39 0.00 1.68 0.00 0.00 0.00 0.00 0.00 0.00 0.00 0.00 0.00 0.00 0.00 0.00 0.00 0.00 0.00 0.00 0.00 0.00 0.00 7.59 12.91 11.87 22.19 21.68 20.66 20.59 20.59 18.61 14.24 14.38 9.20 3.58 7.45 3.14 0.00 0.22 0.00 0.00 0.00 0.00 0.00 1.75 0.00 3.58 2.99 1.61 1.39 0.00 0.00 0.00 0.00 0.00 0.00 0.00 0.00 0.00 0.00 0.00 0.07 1.31 0.00 0.00 1.61 2.77 3.21 2.85 2.48
0.00 0.00 0.00 0.00 0.00 0.00 0.00 0.00 0.00 0.00 0.00 0.00 0.00 1.83 0.07 0.00 0.00 0.00 0.00 0.00 0.00 0.00 0.00 0.00 0.00 0.00 0.00 0.00 0.00 0.00 0.00 0.00 0.00 0.00 0.00 0.00 0.00 6.06 10.93 9.13 14.09 12.63 4.02 4.02 8.98 14.53 13.87 14.89 16.50 15.55 9.64 12.48 1.31 0.00 0.00 0.00 0.00 0.00 0.00 0.00 1.10 2.41 2.48 2.63 2.12 2.19 0.00 0.00 0.00 0.00 0.00 0.00 0.00 0.00 0.00 0.00 0.00 0.00 0.00 0.00 1.53 0.66 1.10 0.51
