Wansh/Snow_depth/snowdepth-1997/spring/1997092.txt
ncols 321
nrows 161
xllcenter 60
yllcenter 15 
cellsize  0.25 
NODATA_value -1
[rows 0 to 36 of 161, columns 168 to 251 of 321]
8.32 3.36 3.94 5.18 4.60 4.89 0.00 3.65 0.00 0.00 0.00 0.00 0.00 0.00 0.00 2.77 2.48 4.60 6.72 6.72 6.06 6.79 4.74 4.96 4.74 6.20 6.13 10.73 14.16 13.94 11.10 10.07 9.86 11.61 12.26 12.26 10.88 12.41 11.17 15.77 16.21 16.13 20.73 23.87 23.58 25.92 26.50 26.72 25.04 19.64 15.40 15.77 14.89 14.60 15.33 15.26 16.06 18.98 17.59 18.18 18.18 17.59 17.59 17.59 26.13 27.45 27.38 24.31 16.28 16.06 16.06 16.06 20.00 16.21 16.86 17.01 18.54 18.10 18.98 18.25 17.96 17.16 17.23 18.25
12.56 9.86 5.84 4.96 8.54 2.85 3.14 0.00 0.00 0.00 0.00 3.87 3.58 0.00 4.02 2.77 5.48 4.16 7.01 6.20 6.72 5.04 5.55 5.33 4.38 4.74 10.80 9.20 16.43 12.56 14.38 9.27 10.59 10.15 10.44 10.44 11.10 10.44 16.57 15.55 17.45 22.27 25.77 25.70 26.13 23.36 24.82 22.63 20.81 18.76 17.37 16.43 15.26 17.01 15.99 15.48 17.67 17.45 18.03 22.78 22.78 21.90 23.36 23.94 25.19 24.67 24.97 25.11 23.07 20.81 17.59 18.69 17.89 16.72 17.23 16.64 15.26 16.13 16.79 17.16 17.08 11.75 12.99 12.78
13.58 14.97 12.92 11.10 10.22 8.18 5.18 6.13 0.00 0.00 0.00 0.00 0.00 0.00 3.65 6.13 5.33 9.34 10.44 8.83 7.15 6.42 5.62 5.62 5.55 4.02 4.09 10.66 15.33 15.77 9.93 7.96 7.59 6.94 9.93 9.93 9.42 14.38 20.22 18.83 22.92 25.04 24.53 24.75 18.91 17.08 17.59 16.43 17.45 17.01 17.81 17.96 17.81 17.89 17.96 17.81 16.94 17.45 20.81 21.90 21.90 22.85 22.70 23.43 22.70 22.12 23.07 22.48 23.00 21.53 18.54 18.40 16.13 13.14 13.07 12.70 12.70 14.02 10.22 11.46 10.95 11.17 10.44 10.37
13.58 14.97 12.92 11.10 10.22 8.18 5.18 6.13 0.00 0.00 0.00 0.00 0.00 0.00 3.65 6.13 5.33 9.34 10.44 8.83 7.15 6.42 5.62 5.62 5.55 4.02 4.09 10.66 15.33 15.77 9.93 7.96 7.59 6.94 9.93 9.93 9.42 14.38 20.22 18.83 22.92 25.04 24.53 24.75 18.91 17.08 17.59 16.43 17.45 17.01 17.81 17.96 17.81 17.89 17.96 17.81 16.94 17.45 20.81 21.90 21.90 22.85 22.70 23.43 22.70 22.12 23.07 22.48 23.00 21.53 18.54 18.40 16.13 13.14 13.07 12.70 12.70 14.02 10.22 11.46 10.95 11.17 10.44 10.37
19.05 15.18 14.45 22.12 22.27 15.91 7.15 0.00 4.96 4.96 3.72 3.21 2.92 6.57 6.64 12.78 16.86 13.21 10.37 11.32 8.25 6.13 5.62 3.72 0.00 3.14 0.00 6.72 10.37 12.05 12.78 7.30 3.72 7.88 8.76 8.76 13.14 15.62 15.77 16.86 19.20 19.93 19.86 17.23 17.67 16.28 15.55 16.50 16.35 16.43 17.45 16.64 16.72 16.50 17.37 17.37 16.64 20.22 20.44 21.39 21.39 20.15 20.95 21.75 21.61 22.05 20.44 16.72 17.52 16.79 13.36 12.48 12.78 12.34 9.34 9.86 9.78 10.22 10.29 10.95 11.97 12.26 12.19 11.75
22.19 22.48 23.87 22.70 24.75 21.17 21.90 8.25 5.99 5.99 6.13 9.05 12.12 8.47 13.80 12.41 17.52 12.26 14.16 6.20 3.87 4.74 1.83 0.00 0.00 0.00 0.00 4.23 10.80 10.37 7.15 4.31 4.23 7.74 13.36 13.36 12.34 14.97 14.97 14.89 16.57 14.97 15.84 16.35 14.97 15.18 15.04 15.26 14.97 17.81 18.32 19.20 18.98 19.05 19.78 18.18 19.93 17.16 17.52 17.01 17.01 18.54 20.81 20.29 16.57 14.82 15.48 15.18 15.33 13.51 11.68 9.13 9.13 9.78 9.27 10.66 10.00 8.98 11.53 10.51 12.05 13.14 14.16 13.72
23.73 24.45 23.87 21.83 25.19 22.56 19.93 19.42 16.21 16.21 10.51 10.29 12.99 17.59 16.72 18.98 17.67 12.78 5.77 6.94 2.12 0.00 0.00 0.00 0.00 0.00 0.00 7.45 9.42 7.37 8.69 7.96 9.93 15.55 14.09 14.09 17.52 12.99 14.45 11.83 11.90 11.24 13.80 9.78 13.36 14.60 14.60 14.09 15.91 17.01 18.10 17.81 18.10 19.20 16.79 18.18 18.10 14.53 16.72 16.64 16.64 18.40 17.52 17.67 15.91 13.36 11.46 11.61 11.32 9.71 10.73 7.45 8.03 7.96 6.86 6.72 6.50 8.10 9.05 11.10 15.90 14.85 16.19 21.64
23.73 24.45 23.87 21.83 25.19 22.56 19.93 19.42 16.21 16.21 10.51 10.29 12.99 17.59 16.72 18.98 17.67 12.78 5.77 6.94 2.12 0.00 0.00 0.00 0.00 0.00 0.00 7.45 9.42 7.37 8.69 7.96 9.93 15.55 14.09 14.09 17.52 12.99 14.45 11.83 11.90 11.24 13.80 9.78 13.36 14.60 14.60 14.09 15.91 17.01 18.10 17.81 18.10 19.20 16.79 18.18 18.10 14.53 16.72 16.64 16.64 18.40 17.52 17.67 15.91 13.36 11.46 11.61 11.32 9.71 10.73 7.45 8.03 7.96 6.86 7.76 8.96 11.66 12.40 18.86 26.25 19.76 20.83 22.45
13.21 23.87 20.81 22.34 13.94 12.56 17.81 15.18 16.06 16.06 11.68 12.26 13.65 18.03 17.96 18.32 11.24 3.36 5.33 0.00 0.00 0.00 0.00 0.00 0.00 0.29 0.00 4.23 7.23 6.79 7.45 10.59 10.15 13.36 18.69 18.69 13.29 15.55 5.69 4.60 5.91 6.42 8.54 8.91 10.66 9.86 11.75 16.13 17.67 18.69 18.40 18.61 15.48 13.80 10.95 12.12 15.04 11.83 14.53 15.33 15.33 17.01 15.70 15.26 14.24 14.45 12.92 11.39 9.49 9.56 9.71 6.72 7.45 6.40 6.22 9.03 11.13 12.61 9.98 20.49 22.22 21.32 19.02 23.36
12.41 10.95 17.45 12.05 12.92 10.37 9.05 11.83 10.07 10.07 10.44 9.93 10.95 10.73 15.04 8.61 10.59 0.00 0.00 0.00 0.00 0.00 0.00 0.73 5.84 4.89 5.62 6.35 6.28 6.79 7.37 7.01 7.01 8.91 11.61 11.61 12.05 6.20 2.77 2.77 3.58 7.66 9.13 9.13 8.61 10.22 8.18 15.62 13.14 12.56 16.21 16.13 10.29 8.03 10.66 10.66 12.63 13.80 13.14 14.16 14.16 13.94 14.31 14.53 14.16 14.60 12.48 10.51 8.91 8.47 7.88 7.52 8.34 9.06 8.85 8.76 10.58 14.83 15.11 16.13 16.29 20.09 20.40 19.11
7.23 7.52 7.01 7.45 10.66 10.44 9.42 5.84 6.28 6.28 6.20 9.64 9.56 7.15 1.17 2.92 0.00 0.00 0.00 0.00 0.00 0.00 3.58 2.41 5.99 5.77 5.99 5.04 6.06 6.06 6.06 5.11 0.00 4.67 2.04 2.04 3.14 4.09 3.36 3.87 6.94 6.79 4.31 5.33 5.18 2.99 4.16 10.88 10.07 9.20 10.15 9.93 7.01 10.66 9.05 10.51 11.17 13.80 16.28 16.86 16.86 16.94 14.82 15.84 12.19 11.97 10.15 10.37 9.05 7.74 8.18 8.18 6.14 6.15 7.00 8.78 12.82 13.32 12.57 15.13 14.60 17.30 15.91 16.29
7.23 7.52 7.01 7.45 10.66 10.44 9.42 5.84 6.28 6.28 6.20 9.64 9.56 7.15 1.17 2.92 0.00 0.00 0.00 0.00 0.00 0.00 3.58 2.41 5.99 5.77 5.99 5.04 6.06 6.06 6.06 5.11 0.00 4.67 2.04 2.04 3.14 4.09 3.36 3.87 6.94 6.79 4.31 5.33 5.18 2.99 4.16 10.88 10.07 9.20 10.15 9.93 7.01 10.66 9.05 10.51 11.17 13.80 16.28 16.86 16.86 16.94 14.82 15.84 12.19 11.97 10.15 10.37 9.05 7.74 8.18 8.18 5.99 6.06 6.79 8.15 11.43 12.33 13.41 15.70 14.60 16.93 17.48 17.43
9.13 6.42 5.18 5.26 5.40 6.28 8.98 5.40 3.65 3.65 3.72 1.61 0.00 3.58 0.00 0.00 0.00 0.00 1.02 0.22 3.80 3.50 3.43 2.48 2.04 2.19 0.00 1.39 1.90 1.68 0.00 0.00 0.00 0.00 2.41 2.41 1.97 3.72 6.06 5.69 6.28 6.35 4.31 2.04 2.56 2.41 1.83 2.48 7.01 5.55 7.01 5.26 7.23 6.86 6.79 6.57 7.59 13.58 17.45 14.97 14.97 16.72 15.04 15.18 12.56 15.48 13.14 9.34 11.39 9.78 10.51 8.76 8.03 7.23 7.49 10.35 11.38 11.74 14.17 15.80 17.03 17.28 18.08 18.54
5.33 5.84 6.13 4.89 4.23 5.48 4.96 5.62 2.48 2.48 0.51 1.31 0.00 0.00 0.00 0.00 0.66 0.00 2.34 0.00 3.07 0.00 1.53 1.46 1.24 0.88 0.88 0.00 1.24 0.00 1.02 0.00 1.10 2.41 2.41 2.41 3.72 5.91 5.69 5.48 4.31 3.58 2.12 0.80 1.31 1.24 2.26 2.41 3.87 3.50 4.31 4.23 4.53 1.68 6.28 5.04 10.44 13.14 11.39 15.04 15.04 18.91 18.25 18.10 18.10 18.18 16.43 12.85 12.99 13.07 15.18 10.15 9.05 10.56 10.90 11.52 11.94 15.46 15.05 13.51 17.36 15.54 16.70 18.84
7.59 8.69 8.61 9.13 7.30 7.23 7.37 6.42 7.52 7.52 6.13 7.37 2.56 2.26 1.39 1.46 1.39 0.00 0.00 0.00 0.00 0.00 0.00 0.58 1.10 1.10 1.97 2.77 3.07 3.58 2.19 1.61 1.46 2.92 3.29 3.29 3.07 3.50 3.72 3.94 2.56 1.68 0.80 0.95 0.88 1.83 3.14 2.85 2.85 4.09 3.21 1.02 1.46 0.88 2.56 6.86 12.70 14.38 13.94 18.32 18.32 20.00 19.35 20.44 21.10 21.10 17.59 15.11 16.21 18.10 15.48 14.60 9.03 13.59 11.87 12.39 14.81 16.65 15.72 15.44 16.07 15.17 15.83 14.60
7.37 10.51 8.18 8.32 7.37 6.28 9.20 8.76 7.74 7.74 7.08 6.42 5.18 2.41 3.94 1.68 0.00 0.00 0.00 0.00 0.00 0.00 0.29 0.07 0.58 1.97 1.61 2.41 3.14 2.56 2.41 3.14 4.74 3.80 3.36 3.36 3.14 3.29 2.77 2.99 2.12 2.04 1.61 2.99 2.34 2.12 2.41 1.68 4.96 3.72 0.37 0.29 0.22 0.58 2.12 2.70 10.00 10.95 16.43 17.52 17.52 18.54 18.40 21.10 20.66 18.10 15.40 14.89 15.84 16.43 18.98 13.02 13.53 14.31 15.15 14.90 15.13 13.86 15.07 15.69 16.41 17.74 15.09 12.38
7.37 10.51 8.18 8.32 7.37 6.28 9.20 8.76 7.74 7.74 7.08 6.42 5.18 2.41 3.94 1.68 0.00 0.00 0.00 0.00 0.00 0.00 0.29 0.07 0.58 1.97 1.61 2.41 3.14 2.56 2.41 3.14 4.74 3.80 3.36 3.36 3.14 3.29 2.77 2.99 2.12 2.04 1.61 2.99 2.34 2.12 2.41 1.68 4.96 3.72 0.37 0.29 0.22 0.58 2.12 2.70 10.00 10.95 16.43 17.52 17.52 18.54 18.40 21.10 20.66 18.10 15.40 14.89 15.84 16.43 18.98 15.99 12.68 15.55 13.61 18.44 15.35 15.32 15.37 14.15 15.87 15.25 16.41 14.05
3.87 3.14 3.14 4.60 3.65 3.65 3.14 3.21 6.13 6.13 4.89 4.02 4.45 1.39 0.00 0.00 0.00 0.00 0.00 0.00 0.00 0.00 0.00 0.00 1.90 1.10 3.07 4.16 4.31 4.09 5.40 5.62 5.84 4.82 5.99 5.99 6.13 4.45 5.33 2.41 4.45 3.80 5.40 5.55 2.41 1.17 0.80 0.00 0.37 0.00 0.00 0.00 0.00 0.80 1.97 4.02 2.48 6.72 11.68 15.04 15.04 11.24 17.08 17.16 18.69 17.45 12.19 11.83 8.18 12.70 12.56 12.49 15.40 12.40 16.66 17.62 16.35 14.50 12.83 15.14 15.88 11.80 12.48 11.23
1.46 2.63 1.31 1.53 1.39 1.24 1.02 1.68 1.61 1.61 1.68 1.17 0.00 0.00 0.00 0.00 0.00 0.00 0.00 0.00 0.00 0.00 0.00 0.00 1.97 3.50 4.09 3.87 4.16 4.16 6.06 5.40 5.84 6.72 6.86 6.86 7.37 6.42 5.99 5.48 5.48 6.28 5.04 1.83 0.22 0.00 0.00 0.00 0.00 0.00 0.00 0.00 0.00 0.00 0.00 1.10 3.29 1.17 6.50 3.87 3.87 6.86 8.98 5.11 8.76 8.83 7.45 1.68 6.13 9.17 13.05 12.76 13.40 15.07 16.26 12.65 18.05 14.31 13.91 14.39 13.48 10.98 11.70 12.13
0.00 0.00 1.17 2.12 1.75 3.43 2.92 2.26 1.68 1.68 1.53 1.53 0.00 0.00 0.00 0.00 0.00 0.00 0.00 0.00 0.00 0.00 0.00 3.21 3.36 3.07 3.29 3.94 4.16 4.16 5.04 7.23 7.59 6.94 7.52 7.52 7.23 6.35 5.62 5.91 6.28 3.80 4.60 2.63 0.00 0.00 0.00 0.00 0.00 0.00 0.00 0.00 0.00 0.00 0.00 0.00 0.00 0.00 0.07 0.00 0.00 1.02 0.00 1.68 2.85 0.66 3.72 4.96 1.31 2.04 9.20 11.90 13.72 20.22 17.08 20.18 20.79 17.63 20.30 12.29 14.49 11.17 9.19 11.66
0.00 0.00 0.00 0.80 3.36 2.99 3.50 2.77 1.97 1.97 1.97 0.00 0.00 0.00 0.00 0.00 0.00 0.00 0.00 1.46 1.31 2.85 4.02 3.94 3.94 3.14 3.72 3.21 4.31 6.57 9.13 9.42 8.61 7.81 7.30 7.30 7.88 5.69 6.06 1.24 2.26 2.04 0.00 0.00 0.00 0.00 0.00 0.00 0.00 0.00 0.00 0.00 0.00 0.00 0.00 0.00 0.00 0.00 0.00 0.00 0.00 0.00 0.00 0.00 0.00 0.00 0.00 1.75 5.40 3.94 8.61 13.43 18.25 21.75 23.66 19.55 21.85 22.56 21.00 14.38 14.60 9.56 10.92 8.13
0.00 0.00 0.00 0.00 1.39 2.99 2.63 2.85 0.00 0.00 0.00 0.00 0.00 0.00 0.00 0.00 0.00 0.00 0.00 2.19 4.09 3.72 4.96 5.77 5.62 4.74 6.20 5.55 6.94 6.42 9.05 10.07 7.45 7.08 7.37 7.37 7.45 6.57 1.75 1.02 0.00 0.00 0.00 0.00 0.00 0.00 0.00 0.00 0.00 0.00 0.00 0.00 0.00 0.00 0.00 0.00 0.00 0.00 0.00 0.00 0.00 0.00 0.00 0.00 0.00 0.00 0.00 0.37 5.04 3.43 12.85 14.82 13.58 21.46 22.28 15.38 21.80 15.96 20.05 16.25 10.19 7.96 8.67 8.25
0.00 0.00 0.00 0.00 1.39 2.99 2.63 2.85 0.00 0.00 0.00 0.00 0.00 0.00 0.00 0.00 0.00 0.00 0.00 2.19 4.09 3.72 4.96 5.77 5.62 4.74 6.20 5.55 6.94 6.42 9.05 10.07 7.45 7.08 7.37 7.37 7.45 6.57 1.75 1.02 0.00 0.00 0.00 0.00 0.00 0.00 0.00 0.00 0.00 0.00 0.00 0.00 0.00 0.00 0.00 0.00 0.00 0.00 0.00 0.00 0.00 0.00 0.00 0.00 0.00 0.00 0.00 0.37 5.04 3.43 12.85 14.82 13.58 21.46 21.39 15.47 16.93 14.04 16.79 18.91 12.47 8.13 6.79 7.61
0.00 0.00 0.00 0.00 0.00 0.00 0.00 0.00 0.00 0.00 0.00 0.00 0.00 0.00 0.00 0.00 0.00 0.00 3.14 1.90 6.06 5.77 6.06 5.62 6.64 6.72 6.64 6.64 7.01 7.30 7.52 6.42 7.08 5.11 1.53 1.53 2.48 1.10 0.00 0.00 0.00 0.00 0.00 0.00 0.00 0.00 0.00 0.00 0.00 0.00 0.00 0.00 0.00 0.00 0.00 0.00 0.00 0.00 0.00 0.00 0.00 0.00 0.00 0.00 0.00 0.00 0.00 0.22 0.00 0.00 2.12 8.18 3.94 8.10 7.66 11.89 12.76 19.00 16.18 17.09 10.40 7.03 7.06 6.01
0.00 0.00 0.00 0.00 0.00 0.00 0.00 0.00 0.00 0.00 0.00 0.00 0.00 0.00 0.00 0.00 0.00 0.00 2.12 5.99 6.13 6.57 6.42 7.37 7.08 7.30 8.32 10.95 8.25 9.13 6.86 5.26 1.75 0.22 0.00 0.00 0.00 0.00 0.00 0.00 0.00 0.00 0.00 0.00 0.00 0.00 0.00 0.00 0.00 0.00 0.00 0.00 0.00 0.00 0.00 0.00 0.00 0.00 0.00 0.00 0.00 0.00 0.00 0.00 0.00 0.00 0.00 0.00 0.00 0.00 0.00 0.00 3.29 8.54 14.23 13.12 13.65 16.19 15.42 11.24 9.49 7.43 5.05 4.99
0.00 0.00 0.00 0.00 0.00 0.00 0.00 0.00 0.00 0.00 0.00 0.00 0.00 0.00 0.00 0.00 0.00 0.00 1.39 3.43 5.48 7.45 9.13 8.54 9.27 8.47 9.93 9.42 9.71 4.53 0.88 0.00 0.00 0.00 0.00 0.00 0.00 0.00 0.00 0.00 0.00 0.00 0.00 0.00 0.00 0.00 0.00 0.00 0.00 0.00 0.00 0.00 0.00 0.00 0.00 0.00 0.00 0.00 0.00 0.00 0.00 0.00 0.00 0.00 0.00 0.00 0.00 0.00 0.00 0.00 1.97 0.66 5.04 11.72 17.27 16.82 13.12 8.74 10.93 8.31 1.58 3.11 2.82 2.49
0.00 0.00 0.00 0.00 0.00 0.00 0.00 0.00 0.00 0.00 0.00 0.00 0.00 0.00 0.00 0.00 0.00 0.00 0.00 3.58 2.70 6.72 8.98 9.86 4.82 8.10 3.07 3.58 4.02 1.61 0.00 0.00 0.00 0.00 0.00 0.00 0.00 0.00 0.00 0.00 0.00 0.00 0.00 0.00 0.00 0.00 0.00 0.00 0.00 0.00 0.00 0.00 0.00 0.00 0.00 0.00 0.00 0.00 0.00 0.00 0.00 0.00 0.00 0.00 0.00 0.00 0.00 0.00 0.00 1.39 4.23 10.51 16.26 14.90 18.76 19.71 11.62 8.41 9.11 4.94 0.21 0.48 0.00 0.00
0.00 0.00 0.00 0.00 0.00 0.00 0.00 0.00 0.00 0.00 0.00 0.00 0.00 0.00 0.00 0.00 0.00 0.00 0.00 0.29 4.89 2.26 2.41 2.34 2.12 1.31 1.53 1.10 2.12 0.07 0.00 0.00 0.00 0.00 0.00 0.00 0.00 0.00 0.00 0.00 0.00 0.00 0.00 0.00 0.00 0.00 0.00 0.00 0.00 0.00 0.00 0.00 0.00 0.00 0.00 0.00 0.00 0.00 0.00 0.00 0.00 0.00 0.00 0.00 0.00 0.00 0.00 0.00 0.00 1.53 8.69 13.50 18.89 16.10 13.60 19.08 11.34 3.77 0.75 0.32 0.00 0.00 0.00 0.00
0.00 0.00 0.00 0.00 0.00 0.00 0.00 0.00 0.00 0.00 0.00 0.00 0.00 0.00 0.00 0.00 0.00 0.00 0.00 0.29 4.89 2.26 2.41 2.34 2.12 1.31 1.53 1.10 2.12 0.07 0.00 0.00 0.00 0.00 0.00 0.00 0.00 0.00 0.00 0.00 0.00 0.00 0.00 0.00 0.00 0.00 0.00 0.00 0.00 0.00 0.00 0.00 0.00 0.00 0.00 0.00 0.00 0.00 0.00 0.00 0.00 0.00 0.00 0.00 0.00 0.00 0.00 0.00 0.00 1.53 8.73 13.36 17.09 17.94 14.51 22.26 13.17 3.65 0.78 0.31 0.00 0.00 0.00 0.00
0.00 0.00 0.00 0.00 0.00 0.00 0.00 0.00 0.00 0.00 0.00 0.00 0.00 0.00 0.00 0.00 0.00 0.00 0.00 0.00 0.00 0.00 0.00 0.00 0.00 0.00 0.00 0.00 0.00 0.00 0.00 0.00 0.00 0.00 0.00 0.00 0.00 0.00 0.00 0.00 0.00 0.00 0.00 0.00 0.00 0.00 0.00 0.00 0.00 0.00 0.00 0.00 0.00 0.00 0.00 0.00 0.00 0.00 0.00 0.00 0.00 0.00 0.00 0.00 0.00 0.00 0.00 0.00 6.09 3.24 9.88 14.01 21.86 19.43 15.27 5.03 3.17 2.87 0.24 0.00 0.00 0.00 0.37 0.00
0.00 0.00 0.00 0.00 0.00 0.00 0.00 0.00 0.00 0.00 0.00 0.00 0.00 0.00 0.00 0.00 0.00 0.00 0.00 0.00 0.00 0.00 0.00 0.00 0.00 0.00 0.00 0.00 0.00 0.00 0.00 0.00 0.00 0.00 0.00 0.00 0.00 0.00 0.00 0.00 0.00 0.00 0.00 0.00 0.00 0.00 0.00 0.00 0.00 0.00 0.00 0.00 0.00 0.00 0.00 0.00 0.00 0.00 0.00 0.00 0.00 0.00 0.00 0.00 0.00 0.00 0.00 0.00 4.23 12.63 15.70 17.84 21.44 23.63 12.32 3.27 1.02 1.28 0.21 0.00 0.00 0.00 0.00 0.00
0.00 0.00 0.00 0.00 0.00 0.00 0.00 0.00 0.00 0.00 0.00 0.00 0.00 0.00 0.00 0.00 0.00 0.00 0.00 0.00 0.00 0.00 0.00 0.00 0.00 0.00 0.00 0.00 0.00 0.00 0.00 0.00 0.00 0.00 0.00 0.00 0.00 0.00 0.00 0.00 0.00 0.00 0.00 0.00 0.00 0.00 0.00 0.00 0.00 0.00 0.00 0.00 0.00 0.00 0.00 0.00 0.00 0.00 0.00 0.00 0.00 0.00 0.00 0.00 0.00 0.00 0.00 0.00 4.38 5.18 12.12 17.35 19.81 6.67 9.53 3.65 1.68 0.45 0.00 0.00 0.00 0.00 0.00 0.00
0.00 0.00 0.00 0.00 0.00 0.00 0.00 0.00 0.00 0.00 0.00 0.00 0.00 0.00 0.00 0.00 0.00 0.00 0.00 0.00 0.00 0.00 0.00 0.00 0.00 0.00 0.00 0.00 0.00 0.00 0.00 0.00 0.00 0.00 0.00 0.00 0.00 0.00 0.00 0.00 0.00 0.00 0.00 0.00 0.00 0.00 0.00 0.00 0.00 0.00 0.00 0.00 0.00 0.00 0.00 0.00 0.00 0.00 0.00 0.00 0.00 0.00 0.00 0.00 0.00 0.00 0.00 0.00 0.00 1.75 11.97 9.73 9.64 5.29 6.29 1.99 0.89 0.00 0.00 0.00 0.00 0.00 0.00 0.00
0.00 0.58 0.00 0.00 0.00 0.00 0.00 0.00 0.00 0.00 0.00 0.00 0.00 0.00 0.00 0.00 0.00 0.00 0.00 0.00 0.00 0.00 0.00 0.00 0.00 0.00 0.00 0.00 0.00 0.00 0.00 0.00 0.00 0.00 0.00 0.00 0.00 0.00 0.00 0.00 0.00 0.00 0.00 0.00 0.00 0.00 0.00 0.00 0.00 0.00 0.00 0.00 0.00 0.00 0.00 0.00 0.00 0.00 0.00 0.00 0.00 0.00 0.00 0.00 0.00 0.00 0.00 0.00 0.00 2.19 6.42 5.04 4.70 1.16 0.08 0.00 0.00 0.79 0.00 0.00 0.00 0.00 0.00 0.00
0.00 0.00 0.00 0.00 0.00 0.00 0.00 0.00 0.00 0.00 0.00 0.00 0.00 0.00 0.00 0.00 0.00 0.00 0.00 0.00 0.00 0.00 0.00 0.00 0.00 0.00 0.00 0.00 0.00 0.00 0.00 0.00 0.00 0.00 0.00 0.00 0.00 0.00 0.00 0.00 0.00 0.00 0.00 0.00 0.00 0.00 0.00 0.00 0.00 0.00 0.00 0.00 0.00 0.00 0.00 0.00 0.00 0.00 0.00 0.00 0.00 0.00 0.00 0.00 0.00 0.00 0.00 0.00 0.00 0.00 0.58 0.00 0.82 0.00 0.00 0.00 0.00 0.00 0.00 0.00 0.00 0.00 0.00 0.00
0.00 0.00 0.00 0.00 0.00 0.00 0.00 0.00 0.00 0.00 0.00 0.00 0.00 0.00 0.00 0.00 0.00 0.00 0.00 0.00 0.00 0.00 0.00 0.00 0.00 0.00 0.00 0.00 0.00 0.00 0.00 0.00 0.00 0.00 0.00 0.00 0.00 0.00 0.00 0.00 0.00 0.00 0.00 0.00 0.00 0.00 0.00 0.00 0.00 0.00 0.00 0.00 0.00 0.00 0.00 0.00 0.00 0.00 0.00 0.00 0.00 0.00 0.00 0.00 0.00 0.00 0.00 0.00 0.00 0.00 0.58 0.00 0.81 0.00 0.00 0.00 0.00 0.00 0.00 0.00 0.00 0.00 0.00 0.00
0.00 0.00 0.00 0.00 0.00 0.00 0.00 0.00 0.00 0.00 0.00 0.00 0.00 0.00 0.00 0.00 0.00 0.00 0.00 0.00 0.00 0.00 0.00 0.00 0.00 0.00 0.00 0.00 0.00 0.00 0.00 0.00 0.00 0.00 0.00 0.00 0.00 0.00 0.00 0.00 0.00 0.00 0.00 0.00 0.00 0.00 0.00 0.00 0.00 0.00 0.00 0.00 0.00 0.00 0.00 0.00 0.00 0.00 0.00 0.00 0.00 0.00 0.00 0.00 0.00 0.00 0.00 0.00 0.00 0.00 0.00 0.00 0.00 0.00 0.00 0.00 0.00 0.00 0.00 0.00 0.00 0.00 0.00 0.00
