Wansh/Snow_depth/snowdepth-1997/spring/1997063.txt
ncols 321
nrows 161
xllcenter 60
yllcenter 15 
cellsize  0.25 
NODATA_value -1
[rows 0 to 36 of 161, columns 168 to 251 of 321]
10.66 10.66 11.61 6.06 5.18 4.82 4.96 3.21 2.12 2.12 2.12 2.12 2.70 3.80 3.43 3.72 3.50 5.40 6.42 6.86 8.32 8.32 8.32 9.56 8.54 7.23 5.55 0.00 1.97 0.00 2.92 8.91 12.41 11.97 13.14 13.14 10.44 10.37 14.09 16.06 16.35 18.54 24.02 23.58 24.67 29.42 29.57 28.69 23.07 23.58 18.54 16.06 16.13 16.64 18.47 17.89 21.90 22.05 22.19 21.53 21.53 21.83 23.65 27.16 26.35 27.45 25.40 28.11 24.09 24.97 20.81 20.08 19.86 19.86 19.78 20.37 21.75 21.24 22.05 20.15 20.37 18.40 16.94 16.94
9.93 11.17 6.94 8.32 7.30 5.40 5.84 4.60 2.34 2.34 4.60 2.48 4.38 4.23 3.58 3.80 5.77 5.26 6.42 6.79 6.86 8.25 7.74 7.74 7.66 6.64 4.45 0.00 0.00 4.09 2.41 8.54 10.29 10.66 10.66 10.66 10.88 15.48 18.91 18.03 22.48 20.81 27.52 29.49 29.05 29.78 22.70 22.85 22.78 19.20 19.13 16.94 19.27 18.91 19.49 20.88 20.66 20.88 21.75 22.12 22.12 22.70 21.83 23.65 26.28 26.57 25.04 23.58 23.65 21.53 21.61 20.29 19.05 19.27 16.64 16.06 15.99 16.06 20.59 19.42 17.37 17.74 15.11 14.53
16.13 12.48 10.80 11.90 8.98 10.88 6.35 5.33 2.26 2.26 4.02 3.36 2.77 2.92 3.29 4.89 7.30 8.40 8.91 8.69 7.01 8.32 8.18 7.59 2.70 0.00 0.00 0.00 0.00 2.34 5.84 5.48 10.44 11.17 11.39 11.39 11.02 16.35 20.81 19.56 23.36 26.35 25.48 22.12 21.10 20.88 20.73 18.69 18.61 18.32 20.29 20.22 19.78 19.64 19.64 19.56 20.22 20.22 20.37 21.17 21.17 21.10 21.61 21.10 20.88 21.32 22.19 23.73 21.32 21.90 18.18 16.13 18.40 15.84 16.28 14.24 14.31 14.16 14.89 14.53 14.67 13.36 12.99 13.36
16.13 12.48 10.80 11.90 8.98 10.88 6.35 5.33 2.26 2.26 4.02 3.36 2.77 2.92 3.29 4.89 7.30 8.40 8.91 8.69 7.01 8.32 8.18 7.59 2.70 0.00 0.00 0.00 0.00 2.34 5.84 5.48 10.44 11.17 11.39 11.39 11.02 16.35 20.81 19.56 23.36 26.35 25.48 22.12 21.10 20.88 20.73 18.69 18.61 18.32 20.29 20.22 19.78 19.64 19.64 19.56 20.22 20.22 20.37 21.17 21.17 21.10 21.61 21.10 20.88 21.32 22.19 23.73 21.32 21.90 18.18 16.13 18.40 15.84 16.28 14.24 14.31 14.16 14.89 14.53 14.67 13.36 12.99 13.36
17.08 17.45 18.61 15.04 12.78 12.85 8.40 7.88 3.36 3.36 4.60 4.45 5.40 4.96 10.51 11.32 12.85 11.39 8.69 7.45 7.52 7.59 8.25 6.42 0.51 0.00 0.00 0.00 0.00 2.85 8.47 10.88 10.51 10.88 11.83 11.83 16.06 18.98 18.98 21.53 21.90 21.24 21.02 21.32 18.91 18.76 20.08 19.05 20.22 19.35 20.08 18.91 20.81 20.37 19.64 19.64 20.29 19.93 19.56 20.44 20.44 20.51 20.29 20.66 20.44 20.81 17.59 17.59 16.79 16.50 16.94 14.67 12.63 12.92 11.02 10.66 10.59 11.46 12.12 13.14 12.92 13.21 13.80 13.29
20.73 19.93 19.78 18.32 17.45 12.85 14.31 9.42 5.18 5.18 3.36 5.91 10.29 11.39 13.21 14.60 14.31 12.70 6.72 5.55 6.94 4.82 6.57 0.00 0.00 0.00 0.00 0.00 4.16 8.69 7.74 10.66 11.10 14.09 13.43 13.43 16.43 20.73 20.73 20.66 22.05 20.95 21.32 19.20 19.27 19.42 19.71 18.54 19.78 19.86 21.53 19.56 22.12 20.81 21.32 19.86 18.10 17.89 15.55 19.05 19.05 20.00 20.44 19.86 17.23 15.33 15.77 14.38 13.58 12.56 12.48 10.51 12.56 11.02 10.95 11.02 11.46 11.10 12.78 13.36 13.43 14.09 16.50 16.06
17.67 20.29 21.32 20.73 19.05 18.98 17.74 11.39 13.36 13.36 11.17 10.88 10.07 11.53 18.83 16.64 11.46 13.72 9.05 3.80 5.26 0.00 0.00 0.00 0.00 0.00 0.00 0.00 4.89 8.69 7.88 9.13 12.34 17.30 15.62 15.62 20.51 21.61 20.08 20.29 18.54 19.42 19.42 18.91 20.15 20.29 19.27 19.13 21.32 20.29 21.61 21.83 22.12 20.37 17.16 17.23 15.77 14.82 14.60 17.01 17.01 16.50 18.76 16.43 17.23 11.97 11.32 11.10 11.39 11.02 11.02 9.49 8.69 8.69 8.25 8.32 8.25 9.34 11.32 11.18 17.20 16.17 17.30 23.75
17.67 20.29 21.32 20.73 19.05 18.98 17.74 11.39 13.36 13.36 11.17 10.88 10.07 11.53 18.83 16.64 11.46 13.72 9.05 3.80 5.26 0.00 0.00 0.00 0.00 0.00 0.00 0.00 4.89 8.69 7.88 9.13 12.34 17.30 15.62 15.62 20.51 21.61 20.08 20.29 18.54 19.42 19.42 18.91 20.15 20.29 19.27 19.13 21.32 20.29 21.61 21.83 22.12 20.37 17.16 17.23 15.77 14.82 14.60 17.01 17.01 16.50 18.76 16.43 17.23 11.97 11.32 11.10 11.39 11.02 11.02 9.49 8.69 8.69 8.25 9.62 11.38 13.44 15.50 18.99 28.40 21.52 22.26 24.64
14.38 20.73 21.61 18.91 19.35 19.13 18.54 15.84 12.78 12.78 13.58 18.47 19.49 18.76 19.49 16.64 9.05 6.72 2.34 3.80 4.89 2.12 0.00 0.00 0.00 0.00 3.07 0.95 4.74 7.66 10.29 13.72 12.63 17.52 22.27 22.27 21.68 22.85 17.52 17.96 17.81 19.27 21.90 21.75 20.95 21.32 23.73 21.24 22.48 20.00 21.53 20.44 16.50 16.94 15.40 14.09 13.80 16.21 17.08 16.86 16.86 17.23 17.45 17.59 14.38 14.89 11.97 10.22 10.88 9.64 10.15 9.64 8.40 7.75 9.80 11.81 14.12 12.72 13.00 22.37 18.62 21.50 21.94 22.56
11.46 12.12 11.61 16.79 16.06 15.26 13.21 14.97 12.48 12.48 16.35 18.40 14.97 8.98 8.69 7.01 7.15 4.74 0.00 0.00 0.00 0.00 0.00 0.00 0.00 5.26 6.79 7.66 7.37 8.47 10.00 12.05 16.50 15.99 20.44 20.44 17.23 17.08 17.37 17.81 20.95 20.22 22.12 21.24 20.00 22.34 23.14 17.45 23.14 18.03 16.43 16.79 16.13 14.24 14.45 13.94 17.52 16.64 22.19 22.78 22.78 18.69 17.30 15.70 16.13 13.29 10.29 11.61 9.93 9.86 10.73 9.71 8.82 12.26 12.53 13.73 12.48 18.11 20.19 18.49 18.62 19.40 20.93 22.33
6.79 8.47 8.98 11.90 11.10 15.11 13.29 15.62 16.13 16.13 10.15 7.66 7.74 7.59 5.26 0.00 0.00 0.00 0.00 0.00 0.44 2.19 7.66 7.88 7.59 7.45 7.01 9.20 10.37 9.71 10.00 10.95 10.37 13.36 12.70 12.70 15.70 16.28 18.54 17.52 19.86 19.78 19.64 20.51 17.52 13.36 19.13 15.33 15.11 16.72 15.26 14.16 14.38 13.94 16.13 15.62 22.63 25.33 24.53 25.40 25.40 21.46 20.29 16.43 12.63 13.43 10.07 10.73 10.37 11.83 11.39 10.51 8.76 7.93 8.05 12.05 18.40 17.64 15.72 17.99 17.23 20.12 18.73 19.57
6.79 8.47 8.98 11.90 11.10 15.11 13.29 15.62 16.13 16.13 10.15 7.66 7.74 7.59 5.26 0.00 0.00 0.00 0.00 0.00 0.44 2.19 7.66 7.88 7.59 7.45 7.01 9.20 10.37 9.71 10.00 10.95 10.37 13.36 12.70 12.70 15.70 16.28 18.54 17.52 19.86 19.78 19.64 20.51 17.52 13.36 19.13 15.33 15.11 16.72 15.26 14.16 14.38 13.94 16.13 15.62 22.63 25.33 24.53 25.40 25.40 21.46 20.29 16.43 12.63 13.43 10.07 10.73 10.37 11.83 11.39 10.51 8.54 7.81 7.81 11.19 16.40 16.33 16.76 18.66 17.23 19.68 20.57 20.94
11.75 9.93 8.98 8.54 8.32 8.03 8.32 5.77 4.23 4.23 3.80 2.26 1.46 0.00 0.00 0.00 0.00 2.92 6.64 0.00 4.89 7.96 9.20 8.54 8.91 11.10 10.37 10.51 10.15 9.93 10.00 10.37 9.78 12.85 14.24 14.24 16.21 16.06 15.18 18.03 17.59 18.25 15.26 14.53 15.18 11.10 12.56 12.41 14.75 15.18 15.11 13.65 13.14 13.21 16.35 22.05 21.17 23.29 26.21 27.08 27.08 21.17 17.81 18.54 14.89 10.88 11.02 11.32 12.56 12.41 11.97 12.48 12.26 11.46 8.91 10.25 12.42 13.65 18.12 17.76 17.44 18.89 19.54 20.39
12.05 11.39 13.21 10.51 7.96 6.06 6.79 6.50 3.14 3.14 0.00 0.00 0.00 0.00 0.00 0.00 0.00 2.48 4.16 8.98 10.59 10.29 9.27 10.88 10.51 10.22 9.64 11.17 10.44 10.59 10.44 8.69 10.00 9.56 11.61 11.61 10.59 13.80 12.70 15.55 14.38 14.16 14.97 10.07 9.20 9.05 12.12 14.53 14.09 14.24 13.80 14.67 14.09 18.25 17.37 19.64 20.37 20.44 18.69 18.47 18.47 19.71 19.35 17.08 17.81 17.16 17.59 15.70 13.87 14.31 14.75 13.36 12.48 10.56 14.49 12.55 12.33 12.56 18.08 15.60 17.87 15.92 17.60 21.08
15.33 13.14 13.72 11.46 12.92 7.52 10.15 5.91 3.72 3.72 5.04 0.00 0.00 5.55 2.26 2.12 2.04 2.12 4.09 12.48 12.26 12.12 11.39 11.61 9.56 10.37 13.07 11.32 10.37 9.71 9.78 8.61 8.32 8.83 10.80 10.80 10.15 11.83 11.83 11.46 12.56 9.34 9.20 9.56 10.66 12.78 12.41 13.14 13.94 13.07 14.38 15.70 18.91 17.96 22.05 22.12 22.19 17.45 18.10 17.67 17.67 19.78 20.29 19.93 18.91 19.05 19.42 17.30 19.35 18.98 21.17 16.94 15.78 15.61 14.49 13.16 12.99 17.63 15.72 16.47 16.56 15.74 17.66 17.58
16.35 14.16 13.36 13.14 13.07 13.21 11.24 10.15 9.27 9.27 12.05 9.64 8.47 8.83 5.26 9.49 9.20 10.15 10.15 9.64 11.68 13.29 14.02 13.14 13.87 12.63 13.21 11.46 10.07 9.49 8.54 8.61 9.34 9.56 9.49 9.49 9.71 9.78 9.20 8.91 9.05 9.20 10.22 10.59 10.44 10.37 12.78 12.85 13.07 14.16 15.11 15.48 17.16 21.32 20.88 22.19 20.95 21.24 17.37 19.78 19.78 18.98 21.53 22.05 22.19 20.08 18.32 17.81 20.88 22.78 23.00 18.51 15.58 18.69 15.26 13.90 16.82 14.14 16.12 16.49 17.02 18.06 16.56 16.05
16.35 14.16 13.36 13.14 13.07 13.21 11.24 10.15 9.27 9.27 12.05 9.64 8.47 8.83 5.26 9.49 9.20 10.15 10.15 9.64 11.68 13.29 14.02 13.14 13.87 12.63 13.21 11.46 10.07 9.49 8.54 8.61 9.34 9.56 9.49 9.49 9.71 9.78 9.20 8.91 9.05 9.20 10.22 10.59 10.44 10.37 12.78 12.85 13.07 14.16 15.11 15.48 17.16 21.32 20.88 22.19 20.95 21.24 17.37 19.78 19.78 18.98 21.53 22.05 22.19 20.08 18.32 17.81 20.88 22.78 23.00 22.73 14.60 20.31 13.71 17.20 17.07 15.63 16.44 14.87 16.45 15.53 18.01 18.22
12.85 12.19 13.94 12.92 13.21 13.29 13.21 10.66 10.00 10.00 10.95 10.29 9.34 10.51 11.39 11.39 9.71 8.83 8.83 9.56 11.75 11.24 11.53 12.26 11.39 10.22 10.66 9.42 9.71 9.05 10.07 10.59 10.59 10.37 10.51 10.51 10.66 9.13 9.34 8.76 8.98 10.51 10.22 8.10 8.47 9.42 7.01 12.12 11.83 12.48 13.07 15.62 15.62 16.28 18.40 21.10 21.61 21.24 21.39 21.97 21.97 23.14 22.48 22.85 21.46 22.12 20.08 22.92 24.97 24.89 24.51 22.65 21.10 24.06 21.18 19.31 18.22 17.54 15.81 18.68 15.49 15.90 17.67 15.72
12.85 11.68 15.33 15.33 12.19 10.80 9.78 10.22 9.05 9.05 8.18 10.37 14.16 15.26 14.09 14.45 12.99 14.02 13.14 13.43 13.65 11.83 12.56 8.54 8.25 8.76 10.29 10.59 10.73 10.66 10.07 9.71 9.64 10.22 10.15 10.15 9.20 8.47 8.61 8.10 8.83 7.81 6.64 7.59 3.29 6.13 5.48 9.13 11.02 10.95 12.63 13.65 14.67 14.60 17.16 18.25 20.29 20.66 21.24 20.95 20.95 22.70 23.65 23.29 22.48 21.68 21.75 22.85 24.53 24.72 24.92 25.29 23.51 24.93 24.83 22.04 18.05 19.98 17.07 17.35 15.44 17.19 16.15 17.99
8.25 11.39 13.94 13.14 13.21 13.21 11.53 12.78 12.85 12.85 12.78 12.99 14.53 16.13 20.37 18.47 14.45 15.62 12.92 14.09 14.09 15.99 13.87 10.37 12.05 10.22 8.83 8.76 8.54 8.10 9.93 9.49 9.56 10.22 8.69 8.69 8.91 8.03 8.25 8.83 8.83 6.42 2.70 3.14 2.99 5.55 9.05 8.69 11.61 13.21 14.89 14.75 13.36 14.24 14.31 15.77 17.89 17.37 21.10 22.48 22.48 22.05 23.58 22.34 21.61 21.61 22.05 23.21 24.24 24.53 25.77 25.48 25.92 23.51 20.51 23.62 19.47 25.52 21.84 17.33 18.17 15.48 14.51 16.49
6.42 8.32 11.75 11.75 13.65 13.14 11.90 14.09 12.78 12.78 15.48 20.37 20.81 21.53 21.10 19.35 16.28 17.01 15.04 20.22 21.24 18.18 16.43 14.16 7.66 7.01 7.15 7.30 6.79 8.76 10.88 11.32 10.22 10.59 8.47 8.47 8.76 9.34 7.30 3.80 4.96 5.69 1.90 2.92 4.67 4.09 8.69 9.64 10.07 8.18 13.65 13.29 13.43 12.19 13.43 13.21 17.81 18.83 18.61 18.91 18.91 18.18 22.92 21.53 21.17 20.88 20.95 21.75 23.07 24.67 24.16 25.92 26.50 26.21 28.58 28.86 28.19 27.97 23.25 18.69 19.02 16.70 17.47 13.62
6.64 8.32 7.74 11.02 10.51 10.88 13.87 13.51 14.02 14.02 16.13 17.89 20.81 18.18 16.35 16.13 16.72 18.69 21.02 20.08 20.66 21.10 8.10 8.76 7.15 6.94 9.34 8.40 8.61 9.34 12.41 11.10 10.29 9.78 9.93 9.93 7.88 2.56 2.19 2.41 1.53 1.68 1.61 3.29 2.41 2.26 2.26 5.84 5.26 5.33 5.26 11.24 11.61 11.97 13.29 17.81 17.23 17.89 16.21 16.50 16.50 13.21 9.54 10.88 16.86 18.61 19.86 19.35 21.32 22.56 23.80 23.58 24.89 26.35 27.30 27.94 32.00 22.31 22.55 19.95 15.70 15.31 17.33 16.49
6.64 8.32 7.74 11.02 10.51 10.88 13.87 13.51 14.02 14.02 16.13 17.89 20.81 18.18 16.35 16.13 16.72 18.69 21.02 20.08 20.66 21.10 8.10 8.76 7.15 6.94 9.34 8.40 8.61 9.34 12.41 11.10 10.29 9.78 9.93 9.93 7.88 2.56 2.19 2.41 1.53 1.68 1.61 3.29 2.41 2.26 2.26 5.84 5.26 5.33 5.26 11.24 11.61 11.97 13.29 17.81 17.23 17.89 16.21 16.50 16.50 13.21 9.54 10.88 16.86 18.61 19.86 19.35 21.32 22.56 23.80 23.58 24.89 26.35 26.21 28.10 24.85 19.63 18.89 23.22 19.20 15.64 13.58 15.22
3.80 6.50 4.96 8.76 12.63 14.60 13.94 14.75 14.31 14.31 14.53 15.55 17.30 17.08 15.33 13.58 15.55 15.04 16.06 13.58 12.56 9.86 8.25 8.61 11.02 11.32 10.37 11.97 13.51 11.68 12.48 11.39 6.72 6.94 8.03 8.03 2.56 2.12 2.26 1.90 1.90 2.70 2.04 2.56 1.24 1.68 0.22 0.15 1.75 3.65 5.69 4.53 8.61 13.43 12.70 17.89 16.50 10.51 14.67 9.20 9.20 4.82 5.40 6.64 11.68 9.34 12.48 13.43 14.82 19.35 15.04 14.82 18.25 22.41 20.44 20.69 20.59 30.81 26.94 20.15 18.03 14.69 15.18 16.00
1.83 1.68 5.62 7.66 7.45 10.22 13.94 15.48 17.16 17.16 19.78 19.13 19.49 17.89 15.77 13.80 14.16 14.53 13.43 14.45 11.75 10.80 10.00 11.90 13.14 13.07 12.78 12.78 12.85 10.51 7.59 5.04 5.84 2.12 1.97 1.97 2.56 2.12 2.63 2.85 2.34 2.77 1.31 1.02 0.00 0.07 0.00 0.00 0.00 2.04 3.80 7.88 7.15 9.56 17.59 16.86 16.06 8.91 2.92 3.80 3.80 0.00 0.00 0.00 7.23 10.66 11.90 11.53 13.07 14.02 13.58 13.36 17.16 19.93 20.07 20.61 20.71 21.32 20.97 16.91 20.32 14.60 16.91 19.47
0.51 0.29 3.14 3.50 5.40 8.10 10.51 14.31 20.00 20.00 21.68 21.10 17.96 15.40 13.43 14.24 14.24 14.16 14.31 14.16 13.21 12.92 12.26 11.68 12.26 11.39 12.85 12.48 12.85 10.88 5.99 4.09 1.90 2.26 1.31 1.31 4.02 4.16 3.58 6.28 3.29 2.70 3.65 0.29 0.07 0.88 0.00 0.00 1.68 1.39 1.83 4.96 7.15 5.62 10.07 11.75 13.29 7.30 3.14 0.00 0.00 0.00 3.58 6.35 8.54 8.98 11.17 12.34 12.26 13.51 13.43 17.01 15.79 20.65 22.09 21.35 18.67 17.91 17.21 17.30 15.13 15.24 11.89 12.32
0.00 0.44 1.39 1.46 1.53 9.64 14.45 12.26 16.86 16.86 21.46 17.08 15.62 13.87 11.10 12.34 13.36 14.16 10.37 11.90 12.63 13.07 12.99 10.07 10.07 10.51 10.44 8.69 8.32 9.13 5.62 2.70 2.63 6.06 6.06 6.06 4.89 9.27 6.86 6.79 7.01 3.14 5.69 5.11 2.04 4.53 6.57 0.44 3.58 3.72 1.61 3.58 3.94 6.72 6.06 4.89 3.36 3.94 4.02 3.80 3.80 5.26 4.89 5.69 8.03 10.73 10.07 11.90 14.38 17.01 16.50 17.96 21.15 22.72 25.28 24.46 20.57 18.68 10.86 9.66 8.45 9.80 11.46 6.35
0.29 0.00 0.80 0.00 1.68 3.80 6.28 11.75 9.05 9.05 13.58 12.70 14.53 13.21 8.40 11.39 9.34 5.40 5.91 8.47 9.93 4.74 5.99 6.86 6.57 7.37 4.16 6.50 6.64 4.53 4.02 3.65 8.91 9.56 10.07 10.07 9.13 9.05 8.76 6.64 6.94 3.80 8.32 11.75 8.61 8.61 8.47 9.86 6.42 5.84 2.41 0.95 1.17 2.12 3.21 2.99 3.50 3.36 6.35 4.89 4.89 6.57 7.15 7.96 7.45 11.61 12.48 13.65 13.07 18.03 19.99 22.29 23.70 22.99 20.77 17.52 13.14 15.45 11.73 7.78 6.95 3.15 3.11 4.61
0.29 0.00 0.80 0.00 1.68 3.80 6.28 11.75 9.05 9.05 13.58 12.70 14.53 13.21 8.40 11.39 9.34 5.40 5.91 8.47 9.93 4.74 5.99 6.86 6.57 7.37 4.16 6.50 6.64 4.53 4.02 3.65 8.91 9.56 10.07 10.07 9.13 9.05 8.76 6.64 6.94 3.80 8.32 11.75 8.61 8.61 8.47 9.86 6.42 5.84 2.41 0.95 1.17 2.12 3.21 2.99 3.50 3.36 6.35 4.89 4.89 6.57 7.15 7.96 7.45 11.61 12.48 13.65 13.07 18.03 20.09 22.06 21.43 25.61 22.17 20.44 15.25 14.95 12.25 7.56 7.35 3.73 2.84 3.92
0.00 0.00 0.00 0.00 0.00 0.00 0.00 2.85 6.72 6.72 10.22 4.31 6.50 5.69 7.74 6.06 5.77 4.45 4.96 5.04 4.31 3.36 2.34 2.63 1.68 3.07 2.19 4.89 5.77 4.82 6.28 7.81 7.30 11.68 8.47 8.47 8.25 8.03 8.40 7.15 11.32 11.61 11.24 14.82 17.59 12.12 12.19 13.07 9.49 7.23 3.72 0.00 0.00 0.00 1.90 2.92 4.02 3.80 9.42 10.07 10.12 7.63 8.58 8.76 15.33 12.12 15.91 14.67 20.32 16.74 21.97 26.03 26.31 23.28 28.19 22.78 13.84 9.45 5.96 2.82 2.54 3.49 1.64 0.00
0.07 0.00 0.00 0.00 0.00 0.00 0.00 0.00 4.45 4.45 1.31 1.97 4.53 6.35 6.06 4.45 5.11 7.23 5.99 5.26 3.29 4.16 2.04 1.68 3.07 2.85 5.55 5.11 4.89 4.89 2.34 3.50 4.45 7.15 7.30 7.30 11.53 11.97 17.81 16.64 14.97 14.97 17.96 16.72 19.64 17.89 15.62 15.91 10.95 5.40 0.00 0.00 0.00 0.15 0.00 0.66 4.23 11.68 10.37 12.05 12.05 7.88 9.71 8.83 15.04 19.93 21.53 21.53 22.56 25.11 26.65 23.86 30.57 26.30 16.77 6.89 4.82 3.73 3.02 3.03 2.06 0.00 0.00 0.00
2.99 0.80 1.61 0.00 0.00 0.00 0.00 0.00 0.88 0.88 1.02 1.17 2.85 1.46 4.16 6.35 7.23 7.37 7.01 4.45 4.89 5.18 4.96 5.33 4.67 9.13 8.25 5.33 5.48 1.97 3.14 1.68 5.04 7.88 13.29 13.29 13.14 15.18 17.96 15.70 18.40 15.40 17.89 20.22 21.10 17.45 15.55 11.83 12.78 9.78 9.93 2.41 2.04 3.43 1.24 2.48 1.24 10.73 9.34 12.48 12.48 7.01 8.03 14.31 13.21 17.67 22.34 24.09 25.77 25.40 26.21 24.69 23.81 15.13 17.91 9.42 3.26 3.01 0.10 1.17 0.00 0.00 0.00 0.00
5.33 4.09 2.70 1.17 0.29 0.80 2.12 2.77 0.00 0.00 0.00 0.00 0.00 0.00 0.00 2.48 5.40 7.37 6.13 4.89 6.13 7.96 8.61 11.75 13.29 13.07 10.51 15.84 9.34 5.33 8.98 8.91 7.59 15.33 13.58 13.58 14.97 14.53 16.79 12.48 14.75 14.89 14.82 18.03 17.52 17.59 16.35 13.14 13.29 13.36 14.89 13.94 7.59 7.15 3.43 2.04 8.47 7.37 8.69 6.64 6.64 7.45 5.04 11.46 16.57 18.47 21.83 23.87 26.65 27.38 26.86 27.28 27.18 13.65 6.63 1.59 0.00 1.18 0.00 0.00 0.00 0.00 0.00 0.00
6.86 5.62 3.87 2.70 1.75 0.00 0.00 0.00 0.00 0.00 0.00 0.00 0.00 0.00 0.00 0.00 0.00 2.92 3.80 2.48 5.04 7.66 8.10 12.63 13.87 13.72 14.60 14.67 12.19 10.22 11.17 11.46 15.26 14.67 14.60 14.60 15.48 15.77 11.83 12.12 15.70 15.40 18.69 18.69 18.40 17.67 19.93 20.15 22.85 18.61 14.97 16.06 9.42 7.96 3.14 2.56 8.32 9.34 9.42 10.29 10.29 9.93 11.17 13.29 13.07 13.65 16.13 21.83 20.15 25.40 25.99 20.22 10.46 12.44 4.13 0.35 0.00 0.00 0.00 0.00 0.00 0.00 0.00 0.00
1.97 6.06 5.18 0.00 0.00 0.00 1.53 0.00 0.00 0.00 0.00 0.00 0.00 0.00 0.00 0.00 0.00 0.00 0.00 3.80 3.87 6.72 5.62 9.20 13.65 10.95 10.59 7.08 7.45 7.08 10.15 10.44 13.51 15.77 15.99 15.99 15.62 17.37 15.26 19.05 18.61 18.32 20.81 23.80 23.94 21.68 22.56 24.82 24.97 24.02 17.08 13.29 14.16 14.97 16.57 14.09 11.68 11.10 13.51 11.32 11.32 11.68 10.59 10.44 11.53 11.39 12.78 18.54 22.56 21.97 21.97 19.00 6.33 0.52 0.00 0.00 0.00 0.00 0.00 0.00 0.00 0.00 0.00 0.00
1.97 6.06 5.18 0.00 0.00 0.00 1.53 0.00 0.00 0.00 0.00 0.00 0.00 0.00 0.00 0.00 0.00 0.00 0.00 3.80 3.87 6.72 5.62 9.20 13.65 10.95 10.59 7.08 7.45 7.08 10.15 10.44 13.51 15.77 15.99 15.99 15.62 17.37 15.26 19.05 18.61 18.32 20.81 23.80 23.94 21.68 22.56 24.82 24.97 24.02 17.08 13.29 14.16 14.97 16.57 14.09 11.68 11.10 13.51 11.32 11.32 11.68 10.59 10.44 11.53 11.39 12.78 18.54 22.56 21.97 21.97 18.91 6.24 0.51 0.00 0.00 0.00 0.00 0.00 0.00 0.00 0.00 0.00 0.00
0.51 0.00 0.00 0.00 0.00 0.00 0.00 0.00 0.00 0.00 0.00 0.00 0.00 0.00 0.00 0.00 0.00 0.00 0.00 0.00 0.00 0.00 0.00 5.33 4.23 7.37 6.20 7.01 5.26 11.39 12.70 11.17 19.13 17.67 17.16 17.16 18.61 18.40 19.20 21.32 25.04 25.19 24.31 25.26 24.97 24.89 25.11 26.28 25.33 26.35 19.71 18.47 19.49 19.20 18.10 12.56 9.27 12.12 10.95 12.99 12.99 10.07 10.44 8.91 9.13 10.51 10.22 13.21 17.74 12.05 10.88 5.04 0.00 0.15 0.00 0.00 0.00 0.00 0.00 0.00 0.00 0.00 0.00 0.00
