Wansh/Snow_depth/snowdepth-1997/spring/1997116.txt
ncols 321
nrows 161
xllcenter 60
yllcenter 15 
cellsize  0.25 
NODATA_value -1
[rows 74 to 110 of 161, columns 84 to 167 of 321]
0.00 0.00 0.00 0.00 0.00 0.66 0.00 0.00 1.46 0.88 0.00 0.00 3.65 4.16 4.16 4.67 4.23 3.94 3.94 0.00 0.00 0.00 0.00 0.00 0.00 2.92 1.46 0.00 0.00 0.00 0.00 0.00 0.00 0.00 0.00 0.00 0.00 0.00 0.00 0.00 0.00 0.00 0.51 0.51 0.00 0.00 0.00 0.00 0.73 0.00 0.00 0.00 0.00 0.00 0.00 0.37 0.00 0.00 0.00 0.00 0.00 0.00 0.00 0.00 0.00 0.00 0.00 0.00 0.00 0.00 0.00 0.00 0.00 0.00 0.00 0.00 0.00 0.00 0.00 0.00 0.00 0.00 0.00 0.00
0.00 0.00 0.00 0.00 1.10 2.26 1.61 0.51 4.38 2.56 2.26 4.53 0.00 4.31 4.16 4.38 3.94 3.50 3.50 0.00 0.00 0.00 4.31 3.72 0.00 2.34 2.12 0.00 0.00 0.00 0.00 0.00 0.00 0.00 0.00 0.00 0.00 0.00 2.70 2.77 1.53 1.39 0.58 0.58 0.00 0.58 0.15 0.58 1.61 1.02 1.10 1.10 1.24 0.00 0.22 0.07 0.22 0.80 0.00 0.00 0.00 0.00 0.00 0.00 0.00 0.00 0.00 0.00 0.00 0.00 0.80 1.83 0.15 0.00 0.00 0.00 0.00 0.00 0.00 0.00 0.00 0.00 0.00 0.00
0.00 0.44 0.22 1.10 3.14 3.43 2.26 5.18 5.84 5.99 4.53 5.18 5.04 3.80 4.89 4.89 4.53 4.38 4.38 0.00 3.50 0.00 0.00 0.00 0.00 0.00 0.00 0.00 0.00 0.00 0.00 0.00 0.00 0.00 0.00 0.00 0.00 0.00 4.02 3.87 0.73 2.34 1.02 1.02 0.80 0.73 0.15 1.31 0.00 0.80 0.66 0.80 0.66 0.37 0.44 0.00 0.51 1.10 0.29 0.37 0.00 0.15 0.00 0.44 0.00 0.00 0.00 0.00 0.00 0.00 0.73 2.41 1.02 0.00 0.00 0.00 0.00 0.00 0.00 0.00 0.00 0.00 0.00 0.00
3.21 1.75 2.99 2.12 3.43 4.09 3.80 4.09 5.04 5.48 5.11 5.99 5.26 4.67 4.96 4.31 4.60 3.87 3.87 0.00 0.00 2.77 0.00 0.00 0.00 0.00 0.00 0.00 0.00 0.00 0.00 0.00 0.00 0.00 0.00 0.00 0.00 0.00 0.00 0.00 3.43 3.80 1.53 1.53 0.88 2.04 2.04 1.68 0.00 0.00 2.34 0.00 2.04 1.61 1.17 1.17 1.31 1.31 1.39 0.29 0.66 0.66 1.24 1.02 0.44 0.73 0.37 0.00 0.00 0.00 0.95 1.90 2.34 0.51 0.00 0.44 0.00 0.00 0.00 0.00 0.00 0.00 0.00 0.00
4.02 3.07 0.37 4.74 3.29 2.85 3.29 4.82 4.74 5.26 6.13 5.77 5.69 4.96 4.96 4.23 4.31 3.50 3.50 0.00 3.72 3.50 2.34 1.97 0.00 0.00 0.00 0.00 0.00 0.00 0.00 0.00 0.00 0.00 0.00 0.00 0.00 0.00 0.00 0.00 4.74 0.00 3.50 3.50 0.00 0.00 0.00 0.00 0.00 0.00 0.00 0.00 0.00 3.43 2.12 2.26 2.56 2.41 1.02 0.44 0.37 1.31 1.17 0.88 1.02 2.85 1.83 2.34 2.34 2.19 1.39 1.10 1.10 1.02 0.44 0.00 0.00 0.00 0.00 0.00 0.00 0.00 0.00 0.00
3.14 3.65 3.87 4.02 3.80 3.07 3.72 4.38 4.67 4.74 5.48 5.55 5.04 5.04 4.82 4.89 4.16 3.80 3.80 4.23 3.72 3.87 4.09 0.00 0.00 0.00 0.00 0.00 0.00 0.00 0.00 0.00 0.00 0.00 0.00 0.00 0.00 0.00 0.00 0.00 3.94 0.00 0.00 0.00 0.00 0.00 0.00 0.00 0.00 0.00 0.00 0.00 0.00 4.23 3.87 3.43 4.09 2.41 0.00 1.02 1.46 1.17 2.19 2.26 2.41 0.00 1.61 0.95 0.95 3.58 1.90 0.37 0.07 1.61 0.44 0.00 0.00 0.00 0.00 0.00 0.00 0.00 1.31 0.73
0.00 0.00 0.00 4.02 3.58 3.21 3.14 4.31 4.60 4.09 4.31 3.07 0.00 3.29 4.38 4.38 4.45 4.31 4.31 0.00 0.00 3.72 0.00 1.75 0.00 0.00 0.00 0.00 0.00 0.00 1.97 2.70 0.00 0.00 0.00 0.00 0.00 0.00 0.00 1.90 1.46 1.75 0.00 0.00 0.00 0.00 1.75 1.83 0.00 0.00 1.31 1.10 0.00 0.00 0.00 0.00 0.00 2.34 1.02 1.17 0.66 0.80 0.58 0.37 0.00 0.00 0.00 0.00 0.00 1.17 2.56 1.61 0.00 5.91 2.85 1.39 0.00 0.00 0.00 0.00 0.00 0.00 0.00 0.00
0.00 0.00 2.26 2.85 3.29 2.04 0.00 2.41 3.29 3.50 3.87 3.07 2.77 0.00 3.43 3.07 3.94 0.00 0.00 0.00 2.04 0.00 0.00 0.00 0.00 0.00 0.00 0.00 0.00 0.00 0.00 1.02 0.00 0.00 0.00 1.90 0.00 0.00 0.00 1.97 1.68 1.24 1.90 1.90 1.10 0.00 0.95 0.51 0.00 0.00 0.00 0.00 0.00 0.00 0.00 0.00 0.00 0.00 1.39 1.10 1.24 1.17 1.10 0.58 0.95 0.00 0.00 0.00 0.00 0.44 0.00 2.26 8.69 4.74 3.65 4.55 1.40 0.00 0.00 0.00 0.00 0.00 0.00 0.00
0.00 2.12 0.00 0.00 0.00 0.00 2.04 2.48 3.29 3.80 3.65 0.00 3.43 3.21 3.94 3.72 0.00 0.00 0.00 1.83 0.00 0.66 0.00 0.00 0.00 0.00 0.00 0.00 0.00 0.00 0.00 0.00 0.00 0.00 1.24 1.31 1.90 1.02 0.80 0.80 0.22 0.00 0.51 0.51 0.00 0.00 0.00 0.00 0.00 0.00 0.00 0.00 0.00 0.00 0.58 1.31 1.68 1.31 1.31 1.46 1.68 2.34 2.34 1.97 1.10 2.34 0.00 0.00 0.00 0.00 0.00 0.00 7.08 11.53 11.53 8.10 3.58 2.19 3.14 0.00 0.00 0.00 0.00 0.00
2.99 1.97 0.00 0.00 0.00 0.00 1.83 0.00 3.07 0.00 0.00 0.00 0.00 2.92 3.80 0.00 0.00 0.00 0.00 0.00 1.46 0.95 0.22 0.00 0.00 0.29 0.00 0.00 0.00 0.00 0.00 0.00 0.00 0.00 0.37 0.15 1.24 0.73 0.66 0.00 0.00 0.00 0.00 0.00 0.00 0.00 0.00 0.00 0.00 0.00 0.00 0.00 0.00 0.00 0.22 1.24 1.17 0.80 1.61 2.19 2.99 2.56 2.99 2.92 3.07 3.43 3.80 1.10 1.10 0.00 0.00 0.00 0.44 6.72 9.20 10.66 4.74 2.04 0.00 2.34 0.00 0.00 0.00 0.00
0.00 2.04 0.00 0.00 0.00 0.00 0.00 0.00 2.48 0.00 0.00 0.00 2.34 0.00 2.99 3.80 0.00 0.00 0.00 0.00 0.00 0.00 0.00 0.00 0.00 0.00 0.00 0.00 0.00 0.00 0.00 0.00 0.00 0.22 0.00 0.58 0.58 0.88 0.29 0.00 0.00 0.00 0.00 0.00 0.00 0.00 0.00 0.00 0.00 0.00 0.00 0.00 1.97 3.21 1.24 0.80 0.58 1.31 0.73 1.02 3.07 2.85 3.36 3.72 4.23 5.84 2.63 2.19 2.19 0.66 0.00 0.15 0.00 1.83 7.30 7.37 5.33 4.38 3.29 2.99 3.80 0.00 0.00 0.00
0.00 1.39 2.04 1.97 0.00 0.00 3.36 0.00 2.92 0.00 3.43 0.00 2.92 0.00 0.00 2.56 0.00 0.00 0.00 0.00 2.41 0.00 0.00 0.00 0.00 0.00 0.00 0.00 0.00 0.00 0.00 0.00 0.51 0.51 0.58 0.00 0.80 0.00 0.29 0.00 0.00 0.22 0.00 0.00 0.00 0.00 0.00 0.00 0.00 0.00 0.00 0.00 1.02 3.50 5.11 0.73 0.73 1.46 0.51 0.00 2.05 4.54 5.27 4.89 4.38 6.06 5.33 2.70 2.70 2.34 0.95 0.00 0.15 0.22 2.99 4.02 3.29 5.40 5.11 5.77 3.58 6.13 0.00 0.00
1.46 1.90 2.26 1.68 2.70 2.48 3.80 0.00 0.00 2.77 3.21 0.00 0.00 0.00 0.00 0.00 3.29 0.00 0.00 3.50 4.02 0.00 0.00 0.00 0.00 0.00 2.04 0.00 2.12 0.00 0.00 0.00 1.39 0.00 0.00 0.00 0.00 0.00 3.65 4.02 3.21 2.04 2.12 2.12 1.53 1.68 0.00 0.00 0.00 0.00 0.00 0.00 0.29 1.53 3.29 7.74 7.01 5.77 4.38 2.04 3.36 5.55 6.63 6.06 6.72 3.21 1.75 1.61 1.61 5.40 4.16 8.91 4.31 1.46 1.17 0.95 0.88 1.61 5.62 7.23 7.88 4.16 5.84 0.00
1.31 2.26 2.99 0.00 2.63 0.00 2.34 0.00 0.00 0.00 0.00 3.21 3.14 0.00 2.56 3.50 3.43 2.56 2.56 2.92 3.14 0.00 0.00 0.00 0.00 0.00 0.00 0.00 0.00 0.00 0.00 0.00 0.00 0.00 0.00 0.00 0.00 4.23 4.45 4.23 4.67 2.56 1.83 1.83 1.17 3.43 0.51 0.07 0.00 0.00 0.00 0.88 1.17 2.99 2.63 8.18 10.37 9.56 9.93 6.64 3.21 4.53 6.50 6.64 4.37 5.04 2.70 1.02 1.02 3.36 2.85 7.52 10.15 4.74 4.23 0.88 0.95 3.36 3.87 5.04 6.50 4.45 5.40 0.00
2.48 0.00 2.70 0.00 0.00 0.00 0.00 3.14 0.00 0.00 0.00 3.80 4.09 3.72 2.85 3.07 3.14 2.99 2.99 2.48 2.70 3.14 0.00 0.00 0.00 0.00 0.00 0.00 0.00 0.00 0.00 0.00 0.00 0.00 0.00 0.00 0.00 4.82 4.16 4.96 2.34 2.92 4.60 4.60 3.58 6.42 0.80 0.37 2.19 0.00 0.00 0.00 0.80 5.18 6.42 5.26 9.20 9.34 10.88 10.15 6.06 3.80 4.82 6.13 5.01 5.87 6.06 2.99 2.99 1.02 2.48 2.99 8.83 4.45 1.24 2.12 1.97 1.31 3.36 3.65 7.37 5.77 0.00 0.00
1.97 1.10 0.00 2.48 0.00 0.00 0.00 0.00 0.00 0.00 0.00 0.00 3.87 3.21 2.77 3.58 2.85 0.00 0.00 3.14 2.48 0.00 0.00 0.00 0.00 0.00 0.00 0.00 1.61 0.00 0.00 0.00 0.00 0.00 0.00 0.00 0.00 3.14 0.00 3.21 2.77 2.92 5.40 5.40 7.37 5.77 6.42 5.99 6.20 1.61 0.51 0.58 3.14 7.01 7.01 4.89 4.60 7.52 8.30 6.12 6.57 3.65 4.17 7.74 8.15 9.93 9.76 9.27 9.27 4.89 1.97 5.48 3.87 4.67 2.56 3.58 3.43 5.33 4.02 4.05 6.77 0.00 0.00 0.00
2.56 1.31 1.61 0.00 0.00 0.00 0.00 0.00 2.19 0.00 0.00 0.00 0.00 0.00 0.00 0.00 2.99 2.48 2.48 0.00 2.56 0.00 0.00 0.00 0.00 0.00 0.00 1.90 0.00 0.88 0.00 0.00 0.00 0.00 0.00 0.00 0.00 0.00 0.00 0.00 0.00 3.65 5.99 5.99 6.13 6.94 8.47 7.81 7.30 3.65 3.87 3.80 6.57 10.22 9.86 8.61 8.18 3.65 5.04 3.87 2.26 1.53 2.88 7.08 9.34 10.00 10.53 8.33 8.07 7.19 2.92 3.07 4.67 3.43 4.16 2.85 3.07 6.13 6.12 4.82 3.72 4.53 6.32 0.00
0.73 1.75 1.53 1.61 0.00 0.00 1.97 0.00 1.17 1.24 0.00 0.00 0.00 0.00 0.00 0.00 0.00 0.00 0.00 0.00 0.00 0.00 0.00 0.00 0.00 0.00 0.00 0.00 0.00 0.00 0.00 0.00 0.00 0.00 0.00 0.00 0.00 0.00 0.00 0.00 0.00 0.00 0.00 0.00 3.43 7.08 7.66 6.57 6.94 6.20 8.03 11.97 13.87 14.02 13.51 7.01 7.01 3.29 2.06 1.70 1.02 1.83 0.74 2.97 8.52 10.73 10.51 10.59 10.64 9.16 6.31 3.43 4.31 4.67 3.59 2.48 2.56 2.41 6.16 6.83 5.87 5.62 6.49 7.64
1.10 1.46 1.17 1.24 1.17 0.73 2.04 2.12 1.46 1.46 0.00 0.00 0.00 0.00 0.00 0.00 0.00 0.00 0.00 0.00 0.00 0.00 0.00 0.00 0.00 0.00 0.00 0.00 0.00 0.00 0.00 0.00 0.00 0.00 0.00 0.00 0.00 0.00 0.00 0.00 0.00 0.00 0.00 0.00 2.41 4.67 5.33 4.09 5.69 8.69 9.56 11.75 14.67 13.58 12.63 12.70 12.70 11.97 5.04 1.50 0.00 2.60 1.70 1.48 3.57 8.81 9.66 5.91 5.91 4.97 4.74 7.19 4.55 3.04 4.26 3.47 0.00 2.30 5.04 3.05 7.26 6.92 5.89 0.00
1.31 0.80 1.10 1.24 1.39 0.88 1.68 2.92 2.70 1.68 1.10 0.73 0.00 0.00 0.00 0.00 1.83 1.46 1.46 0.00 0.00 0.00 0.00 0.00 0.00 0.00 0.00 0.00 0.00 0.00 0.00 0.00 0.00 0.00 0.00 0.00 0.00 0.00 0.00 0.00 0.00 0.00 1.68 1.68 1.02 2.56 2.85 2.92 4.45 8.32 9.05 9.86 12.92 11.97 12.26 13.29 14.90 15.77 12.85 9.93 4.96 2.62 1.21 2.84 7.26 7.49 3.82 2.70 2.70 3.61 5.34 5.90 8.08 8.14 7.26 5.14 3.87 3.48 3.14 6.02 5.81 8.64 7.63 7.25
2.04 1.68 1.24 1.24 1.39 1.68 0.00 2.12 0.00 0.00 1.31 0.00 0.00 0.00 1.31 1.24 0.66 0.00 0.00 0.00 0.00 2.04 0.00 0.00 0.00 0.00 0.00 0.00 0.00 0.00 0.00 0.00 0.00 0.00 0.00 0.00 0.00 0.00 0.00 0.00 0.00 0.00 0.00 0.00 0.00 2.48 3.58 3.58 8.32 7.74 9.13 6.72 8.49 9.78 10.17 12.45 13.47 14.53 13.72 12.78 8.47 3.74 1.84 1.21 4.79 7.34 4.79 1.46 1.47 1.55 3.25 3.57 6.53 8.69 7.49 7.23 5.07 3.78 3.51 0.00 7.91 9.34 8.76 6.14
2.56 2.19 0.95 1.02 1.53 0.80 1.46 2.26 1.46 0.37 0.73 0.00 0.00 0.00 0.00 0.00 0.37 0.00 0.00 0.00 0.00 0.00 1.02 0.00 0.00 0.00 0.00 0.00 0.00 0.00 0.00 0.00 0.00 0.00 0.00 0.00 0.00 0.00 0.00 0.00 0.00 0.00 0.00 0.00 0.00 0.80 3.43 5.99 11.10 8.69 7.23 8.69 7.15 7.95 7.74 9.71 11.78 11.53 12.01 12.31 10.27 4.77 1.97 1.16 1.27 4.25 2.47 2.71 2.71 0.00 1.93 4.06 3.98 7.59 8.51 6.60 6.93 7.34 5.24 5.95 6.80 9.76 11.11 8.22
3.14 2.85 0.00 0.73 1.10 1.10 1.83 1.53 2.04 1.53 1.46 0.00 0.00 0.00 0.00 0.80 0.00 0.00 0.00 0.00 0.00 0.00 0.00 0.00 0.00 0.00 0.00 0.00 0.80 0.00 0.00 0.00 0.00 0.00 0.00 0.00 0.00 0.00 0.00 0.00 0.00 0.00 1.53 1.53 2.34 1.46 7.15 9.64 13.58 11.10 9.20 8.83 7.96 8.66 9.24 8.52 7.34 9.55 10.75 9.39 7.10 7.60 3.61 2.39 0.82 2.06 2.89 0.00 0.00 0.00 0.00 3.15 3.72 4.44 4.31 7.78 4.82 4.36 3.40 0.00 9.11 10.84 11.36 0.00
2.70 0.00 0.00 0.00 0.66 1.46 1.10 1.46 3.07 2.92 1.75 0.00 0.66 0.00 0.00 0.00 0.00 0.00 0.00 0.00 0.00 0.00 0.00 0.00 0.00 0.00 0.44 1.90 1.39 0.00 0.00 0.07 0.07 0.95 0.88 0.00 0.00 0.00 0.00 2.77 2.70 4.09 4.96 4.96 6.13 4.38 9.05 11.97 14.24 13.40 10.91 10.52 10.32 11.55 10.03 7.92 7.08 6.20 7.07 5.89 6.16 5.99 4.89 2.56 1.93 0.32 1.63 0.00 0.00 0.00 0.00 1.39 6.01 6.93 4.26 3.58 4.20 4.03 0.00 0.00 7.91 6.83 0.00 0.00
7.37 0.00 5.18 2.70 5.91 4.16 2.12 3.21 3.50 3.43 4.53 2.77 3.94 3.14 2.41 2.34 1.24 1.68 1.68 0.80 0.29 0.00 0.00 0.00 0.15 0.00 0.07 0.37 0.37 1.24 0.95 0.15 0.22 1.24 0.15 0.15 0.37 3.94 3.94 2.26 5.55 6.13 8.76 8.76 10.73 11.68 14.02 12.92 10.44 10.80 10.69 11.58 11.68 12.49 12.10 11.50 10.67 12.15 11.78 10.34 9.54 6.66 5.73 7.07 3.43 4.04 1.77 0.00 0.00 0.00 0.00 0.00 3.40 5.66 6.36 6.35 1.89 0.00 0.00 0.00 0.00 0.00 0.00 0.00
10.22 10.37 8.54 12.34 10.95 8.25 2.92 0.00 0.00 0.00 3.21 3.07 4.60 3.14 3.29 2.99 1.90 1.46 1.46 1.46 0.07 0.00 0.00 0.00 0.00 0.00 0.00 0.15 0.00 0.07 0.29 0.00 0.73 0.95 1.90 0.66 2.41 4.23 3.80 1.02 2.70 4.45 6.79 6.79 11.10 11.97 11.75 10.22 11.89 10.65 10.54 9.40 10.87 13.15 12.82 11.30 13.36 12.39 14.76 14.76 8.63 10.06 8.26 4.82 3.14 2.26 1.03 0.00 0.00 0.00 0.00 0.00 0.00 4.24 4.81 3.80 2.14 0.00 0.00 0.00 0.00 0.00 0.00 0.00
11.53 12.12 15.40 8.32 11.75 12.85 9.86 5.84 0.00 0.00 0.00 0.00 2.70 4.02 3.21 2.99 2.63 1.53 1.53 1.97 1.61 0.58 0.00 0.00 0.00 0.00 0.00 0.00 0.15 0.00 0.00 0.00 1.31 2.04 2.41 4.31 2.41 1.46 0.66 0.00 1.83 2.92 3.43 3.43 8.69 10.22 10.29 9.36 9.00 9.55 9.54 9.76 11.90 14.68 15.36 11.33 11.82 14.13 15.33 17.52 14.84 10.73 11.24 7.23 1.83 2.76 2.76 1.39 1.55 0.00 0.00 0.00 0.00 2.43 6.59 4.42 3.65 0.00 0.00 0.00 0.00 0.00 0.00 0.00
0.00 9.34 9.13 0.00 0.00 13.14 8.54 8.73 5.55 2.92 1.31 0.00 0.00 0.00 1.31 1.90 2.04 1.90 1.90 2.12 1.46 0.73 0.07 0.00 0.00 0.00 0.00 0.00 0.58 0.00 0.00 0.00 0.00 1.24 1.53 3.50 1.17 0.00 0.00 0.00 0.07 1.10 3.58 3.58 8.40 7.74 8.18 7.78 8.32 9.44 8.44 9.37 12.33 17.23 14.68 13.69 7.80 10.49 11.12 16.24 17.00 15.57 14.97 11.83 8.40 2.70 2.01 0.39 0.38 1.83 0.00 0.00 0.00 1.84 5.05 3.52 0.00 0.00 0.00 0.00 0.00 0.00 3.32 0.00
0.00 0.00 0.00 0.00 0.00 12.92 10.37 10.44 6.72 2.56 4.16 1.68 0.00 0.00 0.00 0.00 0.58 1.83 1.83 1.31 1.10 0.00 0.00 0.00 0.00 0.00 0.00 0.00 0.00 0.00 0.00 0.00 0.00 0.00 0.00 2.41 0.15 0.37 0.00 0.00 0.00 1.24 2.77 2.77 5.04 4.89 7.81 8.69 8.54 7.37 7.49 8.33 9.37 13.23 14.03 13.63 8.37 0.00 0.00 16.24 15.96 16.45 14.91 15.22 6.02 10.01 4.35 3.22 3.24 2.48 0.71 0.00 0.00 0.00 2.55 2.39 0.00 0.00 0.00 0.00 0.00 0.00 4.24 0.00
0.00 0.00 0.00 0.00 0.00 0.00 9.93 13.87 12.26 7.88 2.63 3.80 1.10 0.44 0.00 0.88 0.00 0.29 0.29 0.00 0.00 0.00 0.00 0.00 0.00 0.00 0.00 0.00 0.00 0.00 0.00 0.00 0.00 0.00 0.00 0.73 0.00 0.00 0.00 0.00 0.00 0.22 2.99 2.99 2.86 3.94 6.38 5.99 8.89 8.05 10.43 11.54 14.07 12.09 10.41 0.00 0.00 0.00 17.33 19.38 22.79 24.36 18.39 16.78 14.45 17.57 9.73 3.85 4.50 5.79 0.00 0.00 0.00 0.00 0.00 0.00 0.00 0.00 0.00 0.00 0.00 0.00 0.00 0.00
0.00 0.00 0.00 0.00 0.00 0.00 10.73 12.41 13.21 11.83 4.45 2.34 5.99 2.56 1.24 4.53 2.12 0.00 0.00 0.00 0.00 0.00 0.00 0.00 0.00 0.00 0.00 0.00 0.00 0.00 0.00 0.00 0.00 0.00 0.00 0.00 0.00 0.00 0.00 0.00 0.00 0.00 0.95 0.95 0.80 1.68 4.04 3.80 8.47 7.26 7.34 10.62 8.13 0.00 0.00 0.00 0.00 0.00 0.00 28.79 32.35 23.26 23.32 23.64 22.24 20.99 18.98 8.94 10.01 7.06 3.70 4.05 0.00 0.00 0.00 0.00 0.00 0.00 0.00 0.00 0.00 0.00 0.00 0.00
0.00 0.00 0.00 0.00 0.00 0.00 0.00 10.37 11.39 10.37 7.74 6.57 4.82 6.42 4.16 3.04 5.31 0.00 0.00 0.00 0.00 0.00 0.00 0.00 0.00 0.00 0.00 0.00 0.00 0.00 0.00 0.00 0.00 0.00 0.00 0.00 0.00 0.00 0.00 0.00 0.37 0.15 0.00 0.00 0.00 0.95 2.70 4.42 4.74 6.57 7.86 9.71 9.31 0.00 0.00 0.00 0.00 0.00 0.00 0.00 0.00 0.00 23.60 25.25 25.81 25.71 22.21 19.26 19.67 10.44 9.63 1.87 3.52 0.00 0.00 0.00 0.00 0.00 0.00 0.00 0.00 0.00 0.00 0.00
0.00 0.00 0.00 0.00 0.00 0.00 0.00 0.00 5.18 0.00 6.64 11.53 9.49 8.47 7.37 9.90 4.31 2.90 2.71 0.66 0.00 0.00 0.00 0.00 0.00 0.00 0.00 0.00 0.00 0.00 0.00 0.00 0.00 0.00 0.00 0.22 0.44 0.00 0.00 0.00 2.63 1.97 0.00 0.00 1.17 1.31 1.61 4.48 5.12 8.26 9.90 12.45 0.00 0.00 0.00 0.00 0.00 0.00 0.00 0.00 0.00 21.17 20.44 19.38 25.16 30.37 24.49 26.23 32.06 23.83 7.88 4.53 5.50 0.00 0.00 0.00 0.00 0.00 0.00 0.00 0.00 0.00 0.00 0.00
0.00 0.00 0.00 0.00 0.00 0.00 0.00 0.00 0.00 0.00 0.00 0.00 0.00 0.00 0.00 0.00 5.55 5.50 5.59 7.59 7.15 7.88 5.77 2.77 2.99 1.24 6.28 2.92 0.00 0.00 0.00 3.36 0.00 0.00 0.00 5.11 3.80 4.09 5.18 4.33 4.74 4.94 4.60 4.60 7.15 4.45 2.34 4.26 5.87 0.00 0.00 0.00 0.00 0.00 0.00 0.00 0.00 0.00 0.00 0.00 0.00 0.00 0.00 0.00 24.81 26.84 11.64 17.17 19.19 22.72 19.88 0.00 8.32 0.00 0.00 0.00 0.00 0.00 0.00 0.00 0.00 0.00 0.00 0.00
0.00 0.00 0.00 0.00 0.00 0.00 0.00 0.00 0.00 0.00 0.00 0.00 0.00 0.00 0.00 0.00 0.00 0.00 0.00 5.33 0.00 5.82 6.72 5.33 5.69 5.59 7.34 7.37 2.04 3.72 3.29 6.72 3.94 4.23 3.36 5.18 8.03 7.66 4.67 4.53 3.44 6.49 7.37 8.24 9.42 8.54 5.33 3.44 5.28 0.00 0.00 0.00 0.00 0.00 0.00 0.00 0.00 0.00 0.00 0.00 0.00 0.00 0.00 0.00 21.52 19.01 0.00 0.00 0.00 0.00 0.00 0.00 0.00 0.00 0.00 0.00 0.00 0.00 0.00 0.00 0.00 0.00 0.00 0.00
0.00 0.00 0.00 0.00 0.00 0.00 0.00 0.00 0.00 0.00 0.00 0.00 0.00 0.00 0.00 0.00 0.00 0.00 0.00 0.00 0.00 6.42 5.11 2.41 4.96 7.12 0.00 8.32 5.04 7.01 7.96 7.74 6.08 3.50 0.00 7.64 5.99 0.00 3.58 0.00 0.00 6.57 9.00 11.43 10.37 5.61 0.00 6.38 0.00 0.00 0.00 0.00 0.00 0.00 0.00 0.00 0.00 0.00 0.00 0.00 0.00 0.00 0.00 0.00 0.00 0.00 0.00 0.00 0.00 0.00 0.00 0.00 0.00 0.00 0.00 0.00 0.00 0.00 0.00 0.00 0.00 0.00 0.00 0.00
0.00 0.00 0.00 0.00 0.00 0.00 0.00 0.00 0.00 0.00 0.00 0.00 0.00 0.00 0.00 0.00 0.00 0.00 0.00 0.00 0.00 0.00 0.00 0.00 0.00 0.00 0.00 5.91 4.53 3.43 0.00 8.20 0.00 0.00 0.00 0.00 0.00 0.00 0.00 0.00 0.00 0.00 0.00 0.00 0.00 0.00 0.00 0.00 0.00 0.00 0.00 0.00 0.00 0.00 0.00 0.00 0.00 0.00 0.00 0.00 0.00 0.00 0.00 0.00 0.00 0.00 0.00 0.00 0.00 0.00 0.00 0.00 0.00 0.00 0.00 0.00 0.00 0.00 0.00 0.00 0.00 0.00 0.00 0.00
