Wansh/Snow_depth/snowdepth-1997/winter/1997350.txt
ncols 321
nrows 161
xllcenter 60
yllcenter 15 
cellsize  0.25 
NODATA_value -1
[rows 0 to 36 of 161, columns 83 to 165 of 321]
6.64 6.72 5.69 5.33 5.18 4.23 5.77 0.00 0.00 3.36 4.09 6.64 6.86 5.91 5.69 5.69 5.55 5.77 5.62 5.62 6.13 6.28 6.28 6.64 4.09 1.90 2.26 1.90 1.61 1.83 2.04 1.75 2.26 2.12 1.97 1.97 0.44 0.00 0.07 0.00 1.61 0.00 0.00 0.00 0.00 0.00 0.00 0.66 0.00 0.66 1.68 2.92 1.39 2.34 2.26 2.34 2.34 3.65 2.34 1.75 1.75 1.61 1.68 1.24 1.90 2.04 1.61 2.41 3.21 3.21 4.38 3.65 4.38 4.89 5.11 3.43 4.16 4.02 5.99 5.48 5.33 4.31 4.96
6.79 6.20 6.35 4.96 4.60 4.96 0.00 0.00 0.00 0.00 5.99 5.48 5.91 5.99 5.33 4.96 3.65 4.45 4.60 4.60 4.53 4.45 6.06 5.55 5.55 3.50 4.02 3.07 2.19 1.90 2.56 1.31 1.68 1.61 0.66 0.00 0.22 0.00 0.00 0.00 0.00 0.00 1.10 2.26 2.26 0.73 1.53 0.29 0.58 1.24 0.15 0.29 1.02 0.95 2.12 2.63 3.14 4.16 4.31 2.77 3.65 4.89 3.80 3.21 3.36 2.85 4.82 4.60 4.53 4.53 5.69 5.62 4.82 3.29 2.56 2.34 4.16 4.89 4.74 4.31 4.89 4.82 5.69
5.55 5.55 4.96 4.09 4.53 3.80 3.80 3.87 4.96 7.01 6.64 7.45 6.35 6.64 5.48 3.07 3.36 3.87 2.99 2.99 2.99 3.07 4.89 5.18 4.74 4.89 3.87 2.48 2.04 2.56 2.26 2.85 1.75 1.46 1.10 0.58 0.95 0.00 0.00 1.24 1.10 0.00 1.17 0.44 0.44 0.44 0.22 0.80 0.00 0.00 0.37 1.02 1.83 1.53 2.99 3.94 5.77 6.50 7.01 7.37 7.15 5.55 6.64 7.88 6.42 6.79 6.06 7.15 7.74 7.74 8.03 6.28 4.38 4.38 3.94 4.23 4.09 4.82 5.11 5.04 5.40 7.15 6.57
5.55 5.55 4.96 4.09 4.53 3.80 3.80 3.87 4.96 7.01 6.64 7.45 6.35 6.64 5.48 3.07 3.36 3.87 2.99 2.99 2.99 3.07 4.89 5.18 4.74 4.89 3.87 2.48 2.04 2.56 2.26 2.85 1.75 1.46 1.10 0.58 0.95 0.00 0.00 1.24 1.10 0.00 1.17 0.44 0.44 0.44 0.22 0.80 0.00 0.00 0.37 1.02 1.83 1.53 2.99 3.94 5.77 6.50 7.01 7.37 7.15 5.55 6.64 7.88 6.42 6.79 6.06 7.15 7.74 7.74 8.03 6.28 4.38 4.38 3.94 4.23 4.09 4.82 5.11 5.04 5.40 7.15 6.57
5.18 4.02 4.38 3.80 3.21 3.07 4.45 5.40 5.18 6.42 7.15 5.55 5.55 6.13 5.77 5.77 4.45 2.56 3.21 3.21 2.70 2.56 3.65 3.14 4.23 4.23 3.14 1.75 2.56 2.56 1.39 2.99 1.61 2.12 1.90 0.95 2.12 0.88 0.80 0.73 1.46 0.00 0.00 0.00 0.00 0.00 0.73 0.15 0.44 0.00 0.00 1.17 0.00 0.51 3.07 2.56 2.85 3.65 5.84 6.86 8.40 9.49 9.20 8.61 7.66 8.40 8.18 8.47 8.47 8.47 8.54 6.64 6.06 4.45 4.60 4.82 5.55 5.33 5.91 6.06 5.77 6.64 7.30
4.09 4.53 0.00 2.92 0.00 3.43 2.41 2.48 2.70 3.36 3.07 4.02 5.18 4.82 5.69 5.48 4.74 3.43 3.80 3.80 2.34 2.56 2.77 2.48 3.50 3.94 3.94 3.36 1.61 2.34 0.00 1.39 2.04 1.24 1.75 1.31 1.31 0.80 0.22 0.00 0.00 0.00 0.00 0.00 0.00 0.00 0.51 0.00 0.00 0.00 0.00 0.00 0.00 0.00 1.75 2.99 1.75 4.23 5.11 6.20 7.88 9.71 10.80 11.75 11.83 10.07 8.47 8.61 6.79 6.79 5.55 5.55 4.96 6.86 4.82 4.96 6.50 4.67 4.82 5.48 5.99 6.06 6.57
5.69 0.00 3.14 3.29 2.77 2.41 2.41 2.12 1.61 1.02 1.02 2.19 3.94 3.50 4.82 4.23 4.74 4.67 0.00 0.00 3.65 4.23 3.36 3.29 3.65 3.29 3.80 1.68 1.53 1.83 1.39 2.26 2.04 1.39 1.39 1.10 0.58 0.00 0.00 0.00 0.00 0.00 0.00 0.00 0.00 0.58 0.00 0.00 0.00 0.00 0.00 0.00 0.00 2.12 2.56 4.23 5.18 6.50 5.84 7.23 8.18 9.86 12.70 13.43 13.21 11.32 9.71 6.94 7.01 7.01 7.81 6.94 8.10 7.81 8.69 8.03 8.32 6.64 6.79 7.74 5.91 6.28 5.91
5.69 0.00 3.14 3.29 2.77 2.41 2.41 2.12 1.61 1.02 1.02 2.19 3.94 3.50 4.82 4.23 4.74 4.67 0.00 0.00 3.65 4.23 3.36 3.29 3.65 3.29 3.80 1.68 1.53 1.83 1.39 2.26 2.04 1.39 1.39 1.10 0.58 0.00 0.00 0.00 0.00 0.00 0.00 0.00 0.00 0.58 0.00 0.00 0.00 0.00 0.00 0.00 0.00 2.12 2.56 4.23 5.18 6.50 5.84 7.23 8.18 9.86 12.70 13.43 13.21 11.32 9.71 6.94 7.01 7.01 7.81 6.94 8.10 7.81 8.69 8.03 8.32 6.64 6.79 7.74 5.91 6.28 5.91
2.85 2.92 2.34 3.07 2.56 2.70 1.83 2.12 2.48 0.95 0.95 0.73 1.17 1.31 3.50 3.07 3.87 3.58 4.23 4.23 4.16 3.87 5.04 4.02 2.92 3.65 1.61 1.68 1.39 0.00 1.68 1.53 1.39 1.61 1.46 1.75 0.51 0.58 0.00 0.00 0.00 0.00 0.00 0.37 0.37 0.29 0.66 1.68 1.46 0.00 3.87 3.87 3.36 3.80 3.21 2.92 5.26 3.87 5.11 5.84 8.69 8.76 6.20 5.33 8.54 7.81 10.00 6.79 7.66 7.66 7.59 7.81 10.80 9.27 9.20 9.56 9.64 9.27 8.76 8.18 8.76 5.18 4.23
1.97 1.83 1.83 2.12 1.83 2.48 2.19 2.26 0.00 0.00 0.00 0.51 0.58 1.75 1.46 1.46 2.92 2.48 3.65 3.65 4.23 4.53 4.60 4.67 3.21 2.77 1.68 1.10 1.83 1.68 1.39 0.73 1.17 1.90 1.83 0.88 1.10 0.73 0.37 1.10 0.66 0.66 0.07 0.58 0.58 0.00 1.31 2.56 4.74 4.96 4.82 6.35 6.57 6.50 4.89 3.58 3.72 3.29 3.80 3.36 2.48 2.70 2.70 3.50 1.53 3.50 5.62 5.40 9.42 9.42 10.37 11.32 10.73 11.83 9.78 10.37 8.61 11.32 10.66 10.88 7.81 9.27 5.33
1.90 1.75 1.83 2.19 2.04 1.97 1.83 0.00 0.00 0.00 2.77 4.09 3.58 2.12 1.46 2.70 3.14 2.77 2.48 2.48 4.09 4.82 4.67 3.65 2.48 1.46 0.95 0.80 1.75 0.51 1.97 0.73 1.39 1.10 1.46 0.95 0.66 0.29 0.37 1.10 1.53 1.53 1.97 2.85 2.85 2.34 2.56 2.12 4.31 2.85 3.50 3.50 4.82 7.08 3.14 2.63 4.09 4.53 4.38 4.38 2.99 2.19 2.26 1.68 1.61 3.29 8.10 12.19 11.39 11.39 12.99 15.40 12.41 12.78 12.63 9.49 10.22 10.29 11.17 10.37 10.29 5.33 5.84
1.90 1.75 1.83 2.19 2.04 1.97 1.83 0.00 0.00 0.00 2.77 4.09 3.58 2.12 1.46 2.70 3.14 2.77 2.48 2.48 4.09 4.82 4.67 3.65 2.48 1.46 0.95 0.80 1.75 0.51 1.97 0.73 1.39 1.10 1.46 0.95 0.66 0.29 0.37 1.10 1.53 1.53 1.97 2.85 2.85 2.34 2.56 2.12 4.31 2.85 3.50 3.50 4.82 7.08 3.14 2.63 4.09 4.53 4.38 4.38 2.99 2.19 2.26 1.68 1.61 3.29 8.10 12.19 11.39 11.39 12.99 15.40 12.41 12.78 12.63 9.49 10.22 10.29 11.17 10.37 10.29 5.33 5.84
1.61 2.85 2.12 1.61 1.39 2.26 0.00 0.00 0.00 4.67 4.60 5.40 5.84 5.40 4.23 4.53 4.09 4.96 5.26 5.26 5.91 5.91 5.33 2.70 1.53 1.17 1.17 0.95 1.17 2.19 1.02 1.02 0.95 0.95 1.02 1.53 1.10 1.61 1.46 1.24 2.19 2.77 2.77 2.70 2.70 1.68 1.46 1.90 1.46 2.34 3.43 2.19 2.41 5.48 3.72 2.48 3.58 5.11 5.48 5.26 4.02 4.31 3.50 3.65 6.06 7.81 6.94 12.92 16.35 16.35 15.62 15.99 18.47 13.65 14.67 10.15 7.45 8.10 8.76 9.42 9.34 6.86 8.83
2.41 2.77 3.14 1.46 2.04 1.90 2.34 5.55 0.00 5.48 5.26 5.77 5.55 6.42 6.86 6.28 6.06 5.84 6.57 6.57 5.26 4.23 4.74 2.41 2.56 1.31 0.00 0.00 1.17 1.46 2.56 3.58 4.67 2.04 1.90 1.83 1.46 2.04 1.46 1.61 1.97 2.56 1.90 0.66 0.66 0.44 1.17 0.88 1.02 2.12 1.75 2.63 3.14 1.53 2.56 1.83 1.83 2.04 2.48 4.23 4.38 5.91 6.13 5.91 8.25 10.88 14.16 13.21 16.21 16.21 16.13 18.98 19.20 15.55 12.85 13.72 8.69 7.30 7.37 7.59 1.90 7.96 7.96
2.56 2.12 2.19 0.00 0.00 3.29 4.89 4.16 6.64 6.13 4.96 5.11 5.11 4.96 4.23 6.28 5.18 4.31 4.53 4.53 5.62 3.29 3.87 2.34 2.48 2.77 0.58 1.90 0.95 4.38 3.72 4.67 4.38 3.94 3.21 1.17 1.39 1.24 1.53 0.80 0.95 0.80 1.17 1.10 1.10 1.17 0.44 1.83 2.04 3.07 2.70 3.14 2.34 3.36 2.04 1.24 1.97 1.83 1.90 2.56 1.83 3.80 6.20 5.99 4.96 9.42 12.48 12.12 11.75 11.75 14.60 16.13 13.29 13.72 11.53 5.55 6.28 5.33 0.00 0.00 0.00 2.34 4.67
2.26 2.92 3.29 0.00 0.00 4.31 3.29 3.72 3.94 4.67 4.82 4.74 4.09 3.07 3.94 3.80 4.02 4.16 3.14 3.14 3.72 2.26 3.29 2.63 2.70 2.77 2.92 2.04 2.85 3.72 4.31 4.23 4.53 4.23 3.87 1.53 1.39 0.88 1.10 1.02 1.31 1.24 1.17 1.83 1.83 1.75 1.02 1.02 1.75 2.04 2.56 2.41 3.87 3.43 2.70 1.75 0.80 1.61 1.31 1.39 1.39 1.90 2.85 3.94 3.36 5.84 7.88 11.32 13.43 13.43 13.14 15.33 10.88 5.48 6.42 5.62 6.57 7.96 0.00 0.00 2.34 0.37 4.09
2.26 2.92 3.29 0.00 0.00 4.31 3.29 3.72 3.94 4.67 4.82 4.74 4.09 3.07 3.94 3.80 4.02 4.16 3.14 3.14 3.72 2.26 3.29 2.63 2.70 2.77 2.92 2.04 2.85 3.72 4.31 4.23 4.53 4.23 3.87 1.53 1.39 0.88 1.10 1.02 1.31 1.24 1.17 1.83 1.83 1.75 1.02 1.02 1.75 2.04 2.56 2.41 3.87 3.43 2.70 1.75 0.80 1.61 1.31 1.39 1.39 1.90 2.85 3.94 3.36 5.84 7.88 11.32 13.43 13.43 13.14 15.33 10.88 5.48 6.42 5.62 6.57 7.96 0.00 0.00 2.34 0.37 4.09
3.80 4.09 3.50 0.00 0.00 0.00 4.02 3.58 1.31 1.24 1.53 4.09 4.60 5.04 4.38 3.72 4.23 3.14 3.50 3.50 2.56 1.97 2.19 1.02 1.68 2.70 2.41 3.36 2.04 2.04 2.26 4.53 4.23 4.53 4.60 4.23 1.46 1.46 1.24 0.22 1.17 1.75 1.83 2.34 2.34 2.12 1.46 1.10 1.90 1.46 1.02 1.75 2.63 2.85 2.04 2.19 1.10 1.39 0.44 3.87 4.53 4.31 4.09 4.23 5.62 6.57 5.84 8.76 12.78 12.78 15.40 15.33 13.29 6.35 6.13 5.84 6.72 0.00 0.00 0.00 0.15 3.65 2.85
4.53 4.02 4.23 0.00 0.00 5.55 6.20 5.84 3.50 2.34 3.21 4.23 3.58 4.82 6.28 5.91 4.16 3.58 2.63 2.63 2.70 1.75 0.88 1.02 0.73 1.97 1.53 3.58 2.56 2.77 2.56 3.50 4.16 5.55 4.02 4.53 2.12 2.92 0.73 0.15 0.95 0.66 1.53 2.12 2.12 1.75 0.66 0.00 0.22 0.00 1.53 0.73 1.97 0.00 0.07 0.00 1.53 1.97 2.34 5.04 7.81 13.87 11.46 12.34 7.81 7.01 7.81 7.23 12.92 12.92 16.13 12.48 14.24 7.96 4.82 1.46 7.59 0.00 0.00 0.44 0.00 1.02 1.02
4.38 4.31 3.36 0.00 0.00 5.91 5.91 5.77 3.14 2.92 2.56 3.87 4.96 6.13 5.62 4.53 3.87 2.85 3.58 3.58 3.43 2.70 1.83 1.17 1.97 1.83 2.56 3.21 3.14 2.99 2.56 2.56 2.48 4.45 3.58 2.04 1.02 1.31 0.37 0.00 0.00 0.80 1.61 2.99 2.99 2.48 1.68 0.00 0.00 0.58 0.00 1.61 0.00 0.51 0.80 1.31 0.51 3.14 2.19 3.50 6.94 12.26 12.92 8.83 7.88 8.25 9.86 12.34 13.29 13.29 14.45 4.74 2.99 3.29 3.14 0.73 0.00 0.00 0.00 0.44 0.73 0.80 0.00
0.00 4.45 4.31 3.80 3.65 4.74 6.64 6.42 5.40 4.67 2.56 4.23 4.53 5.33 4.60 3.87 5.48 4.31 4.23 4.23 3.94 3.50 6.86 4.38 3.72 5.84 2.99 4.45 3.14 2.77 2.12 2.04 1.68 1.10 1.24 1.61 1.83 0.66 0.88 0.00 0.00 0.00 1.39 2.77 2.77 2.56 4.02 3.36 3.36 2.70 2.99 0.00 2.56 2.48 1.97 2.34 3.36 7.08 6.94 7.30 6.72 8.18 6.42 7.37 8.54 8.40 7.81 9.20 8.76 8.76 2.19 2.70 0.44 0.00 0.37 0.29 0.00 0.00 0.00 0.00 0.00 0.00 0.00
3.43 3.87 3.58 3.72 3.87 3.58 4.31 4.09 4.60 3.87 3.07 3.58 2.99 4.02 5.18 4.38 4.02 5.69 7.59 7.59 8.83 9.27 8.76 7.74 8.61 6.57 5.11 4.60 3.87 2.92 2.70 2.34 1.31 0.66 0.73 1.68 1.24 0.00 0.73 0.00 0.00 0.00 0.07 0.15 0.15 1.90 0.00 3.72 0.00 0.00 3.07 0.73 1.31 1.10 2.41 4.60 4.16 5.77 6.64 5.26 3.87 4.60 4.09 6.35 5.26 4.96 5.40 7.45 3.65 3.65 1.39 0.95 1.31 0.00 0.00 0.00 0.00 0.00 0.00 0.00 0.00 0.00 0.00
3.43 3.87 3.58 3.72 3.87 3.58 4.31 4.09 4.60 3.87 3.07 3.58 2.99 4.02 5.18 4.38 4.02 5.69 7.59 7.59 8.83 9.27 8.76 7.74 8.61 6.57 5.11 4.60 3.87 2.92 2.70 2.34 1.31 0.66 0.73 1.68 1.24 0.00 0.73 0.00 0.00 0.00 0.07 0.15 0.15 1.90 0.00 3.72 0.00 0.00 3.07 0.73 1.31 1.10 2.41 4.60 4.16 5.77 6.64 5.26 3.87 4.60 4.09 6.35 5.26 4.96 5.40 7.45 3.65 3.65 1.39 0.95 1.31 0.00 0.00 0.00 0.00 0.00 0.00 0.00 0.00 0.00 0.00
3.43 0.00 3.07 3.21 3.21 3.50 3.21 4.45 5.84 5.11 4.82 4.60 2.63 2.26 3.58 5.77 4.96 5.40 7.52 7.52 8.10 6.06 8.03 8.10 8.32 7.74 7.08 5.77 3.94 3.14 3.43 2.19 1.68 1.17 0.80 0.44 0.58 0.51 0.00 0.00 0.00 0.00 0.51 0.44 0.44 1.10 0.00 0.00 0.00 0.00 0.00 0.00 0.07 1.53 1.17 3.36 3.07 3.65 5.26 2.41 2.41 3.80 3.94 4.31 4.45 5.33 4.38 3.72 3.80 3.80 3.94 3.14 2.77 1.31 0.73 0.00 0.00 0.00 0.00 0.00 0.00 0.00 0.00
0.00 0.00 0.00 2.77 2.99 3.58 3.72 3.87 5.91 6.28 5.48 3.43 2.92 2.92 5.84 6.13 3.36 5.55 5.84 5.84 4.09 3.65 6.35 7.74 7.90 6.24 6.45 5.31 4.74 3.14 3.43 1.31 0.88 1.10 0.73 0.37 0.00 0.00 0.00 0.00 1.02 1.02 0.58 0.15 0.15 1.02 0.44 0.00 0.00 0.00 0.00 0.00 0.00 0.00 0.00 0.00 0.00 0.00 0.00 0.00 0.00 0.00 0.00 4.09 3.58 3.36 3.94 2.19 3.94 3.94 3.65 4.23 2.41 1.24 0.00 0.07 0.00 0.00 0.00 0.00 0.00 0.00 0.00
2.92 3.36 2.92 4.23 3.58 4.16 3.14 5.62 5.77 5.04 4.45 3.72 0.00 3.58 0.95 1.68 1.24 1.53 1.24 1.24 1.39 2.04 4.82 6.72 7.18 7.78 6.63 6.09 5.87 4.89 2.92 1.53 1.39 1.17 0.58 0.80 0.29 0.00 0.00 0.00 0.44 0.44 0.22 0.29 0.29 0.00 0.00 0.00 0.00 0.00 0.00 0.00 0.00 0.00 0.00 0.00 0.00 0.00 0.00 0.00 0.00 0.00 0.00 0.00 1.31 1.10 1.31 1.10 2.56 2.56 2.19 2.26 2.34 2.63 0.66 0.58 1.75 0.37 0.15 0.73 0.37 0.00 0.00
3.80 3.14 2.99 3.07 5.11 5.40 4.82 5.69 4.60 5.62 0.00 0.00 1.53 1.46 0.00 0.00 0.58 1.10 1.31 1.31 2.48 4.38 6.00 5.72 6.70 7.11 7.49 6.57 6.19 6.25 3.65 3.14 3.21 2.12 0.73 0.88 1.02 0.00 0.00 0.80 0.29 0.66 0.00 0.22 0.22 0.00 0.00 0.00 0.00 0.00 0.00 0.00 0.00 0.00 0.00 0.00 0.00 0.00 0.00 0.00 0.00 0.00 0.00 0.00 1.02 1.68 1.24 3.14 3.21 3.21 3.94 4.89 3.80 3.80 2.92 2.48 1.97 2.04 1.46 0.00 0.29 0.00 0.00
5.33 3.58 4.16 4.82 6.35 6.20 6.13 6.42 6.20 5.99 0.00 0.00 0.00 0.00 0.00 0.00 0.00 1.10 2.12 2.12 0.00 2.80 1.56 3.24 4.31 4.30 4.16 5.34 5.16 5.76 5.38 5.87 4.38 4.31 3.21 4.45 0.66 3.72 2.19 0.88 0.51 0.00 0.00 0.00 0.00 0.00 0.00 0.00 0.00 0.00 0.00 0.00 0.00 0.00 0.00 0.00 0.00 0.00 0.00 0.00 0.00 0.00 0.00 1.61 1.68 1.97 5.18 5.84 5.55 5.55 4.96 6.64 3.94 2.56 2.77 2.48 2.12 1.83 1.61 1.17 1.31 1.46 0.88
5.33 3.58 4.16 4.82 6.35 6.20 6.13 6.42 6.20 5.99 0.00 0.00 0.00 0.00 0.00 0.00 0.00 1.10 2.12 2.13 0.00 2.85 1.67 3.15 4.42 4.23 4.16 5.18 4.79 5.38 5.47 5.93 4.56 4.84 3.40 4.57 0.66 3.72 2.19 0.88 0.51 0.00 0.00 0.00 0.00 0.00 0.00 0.00 0.00 0.00 0.00 0.00 0.00 0.00 0.00 0.00 0.00 0.00 0.00 0.00 0.00 0.00 0.00 1.61 1.68 1.97 5.18 5.84 5.55 5.55 4.96 6.64 3.94 2.56 2.77 2.48 2.12 1.83 1.61 1.17 1.31 1.46 0.88
6.72 6.42 6.13 5.04 5.26 6.28 6.57 7.23 7.23 7.30 2.12 0.00 0.00 0.00 0.00 0.73 3.36 3.58 3.72 3.72 2.56 1.97 1.02 0.00 0.00 1.95 2.73 3.61 2.86 5.69 5.58 4.79 5.30 4.41 6.40 5.79 6.35 5.46 3.21 2.19 1.24 0.66 0.29 0.00 0.00 0.00 0.00 0.00 0.00 0.00 0.00 0.00 0.00 0.00 0.00 0.00 0.00 0.00 0.00 0.00 0.00 0.00 0.00 2.70 4.23 6.28 6.06 6.94 6.79 6.79 6.64 7.01 5.62 2.48 3.43 3.80 2.04 2.04 3.58 2.56 1.46 1.83 0.80
5.33 7.01 4.74 5.11 5.69 5.04 6.20 5.55 6.28 6.94 2.99 2.99 2.04 0.44 3.87 4.53 6.86 5.18 4.67 4.67 2.49 2.70 0.73 0.88 0.00 0.00 1.63 0.00 1.06 2.16 4.28 4.45 5.69 6.13 6.94 6.20 7.73 5.41 5.87 4.09 3.07 0.95 1.31 0.58 0.58 0.00 0.00 0.58 0.00 0.00 0.00 0.00 0.00 0.00 0.00 0.00 0.00 0.00 0.00 0.00 0.00 0.00 0.00 0.00 3.21 6.42 6.13 6.13 7.81 7.81 9.64 6.06 7.45 5.04 4.45 4.23 4.16 3.94 4.23 5.26 2.70 2.04 1.31
0.00 4.38 4.23 3.50 0.00 3.36 4.89 4.45 5.62 6.42 5.69 5.69 5.55 3.94 4.09 5.18 5.48 3.80 4.09 4.09 2.26 1.46 1.46 0.29 1.02 0.00 0.00 0.00 0.00 1.78 0.00 0.00 5.48 5.91 6.13 6.45 6.55 8.18 5.33 4.60 4.45 2.26 1.39 1.68 1.68 0.37 0.00 0.00 0.00 0.95 0.00 0.00 0.00 0.00 0.00 0.00 0.00 0.00 0.00 0.00 0.00 0.00 0.00 0.00 2.34 2.26 4.09 5.62 9.49 9.49 8.98 8.25 5.77 5.91 3.72 2.92 4.09 6.42 5.77 6.42 6.64 4.09 3.72
0.00 0.00 0.58 0.00 0.00 3.50 4.16 4.31 5.91 0.00 6.13 4.60 4.74 4.89 4.45 3.07 2.99 2.12 2.41 2.41 1.90 1.46 2.19 2.92 1.83 0.00 0.00 0.00 0.00 0.00 0.00 0.00 3.87 4.31 5.04 7.08 8.76 7.93 7.26 5.51 5.38 3.36 2.63 2.56 2.56 0.51 1.17 0.29 0.22 0.80 0.00 0.00 0.00 0.00 0.00 0.00 0.00 0.00 0.00 0.00 0.00 0.00 0.00 0.00 0.00 0.00 2.34 3.87 8.47 8.47 8.25 5.84 3.58 0.44 1.53 1.75 3.65 5.04 6.20 6.06 7.52 6.20 5.26
0.00 0.00 0.00 1.31 0.00 0.00 3.50 4.38 7.66 6.64 0.00 0.00 0.00 2.04 1.97 1.75 0.22 0.73 0.00 0.00 0.00 0.51 1.83 3.50 3.50 2.19 0.00 0.00 0.00 0.00 0.00 0.00 3.65 0.00 5.26 7.15 9.34 9.34 9.56 9.41 6.66 5.80 3.72 3.80 3.80 2.12 1.46 1.17 0.51 0.66 0.73 0.00 1.39 0.00 0.00 0.00 0.00 0.00 0.00 0.88 0.07 0.44 0.00 0.00 0.00 0.00 0.00 0.00 5.62 5.62 2.04 1.97 2.92 0.00 1.02 2.19 1.83 0.00 2.56 6.42 6.42 5.18 6.42
0.00 0.00 0.00 0.00 0.00 0.00 0.00 6.72 4.96 0.00 0.00 4.09 2.04 1.61 1.83 0.51 0.00 0.00 0.44 0.44 0.00 0.00 3.14 4.82 3.87 0.00 2.85 2.56 0.00 0.00 0.00 0.00 0.00 3.16 3.87 4.38 8.83 9.56 9.29 9.93 9.34 7.30 7.66 4.89 4.89 3.65 4.38 1.83 1.31 2.19 1.46 0.58 0.73 0.22 0.00 0.00 0.00 0.00 0.00 0.00 0.00 0.00 0.22 0.07 0.00 0.00 0.00 0.00 0.00 0.00 0.00 0.00 0.00 0.00 0.00 0.00 0.95 0.95 0.00 3.14 4.16 3.29 5.55
0.00 0.00 0.00 0.00 0.00 0.00 0.00 6.72 4.96 0.00 0.00 4.09 2.04 1.61 1.83 0.51 0.00 0.00 0.44 0.44 0.00 0.00 3.14 4.82 3.87 0.00 2.85 2.56 0.00 0.00 0.00 0.00 0.00 3.07 3.87 4.40 8.88 9.56 9.24 10.03 9.34 7.23 7.66 4.89 4.89 3.65 4.38 1.83 1.31 2.19 1.46 0.58 0.73 0.22 0.00 0.00 0.00 0.00 0.00 0.00 0.00 0.00 0.22 0.07 0.00 0.00 0.00 0.00 0.00 0.00 0.00 0.00 0.00 0.00 0.00 0.00 0.95 0.95 0.00 3.14 4.16 3.29 5.55
0.00 0.00 2.26 0.00 0.00 0.00 7.59 5.69 3.93 4.37 3.36 2.92 1.39 1.68 0.73 0.51 0.00 0.00 0.00 0.00 0.00 0.00 0.00 0.00 0.00 0.00 2.12 0.00 0.00 0.00 0.00 2.70 0.00 0.00 3.58 4.02 5.26 6.86 9.34 8.00 7.01 7.15 7.01 6.35 6.35 6.50 5.33 5.11 3.50 2.92 1.90 1.02 0.44 1.02 0.00 0.00 0.00 0.00 0.00 0.00 0.00 0.00 0.00 0.00 0.00 0.00 0.00 0.00 0.00 0.00 0.00 0.00 0.00 0.00 0.00 0.00 0.00 0.00 0.00 0.00 3.36 4.16 3.87
