Wansh/Snow_depth/snowdepth-1997/winter/1997364.txt
ncols 321
nrows 161
xllcenter 60
yllcenter 15 
cellsize  0.25 
NODATA_value -1
[rows 74 to 110 of 161, columns 82 to 163 of 321]
0.00 0.00 0.00 0.00 0.00 0.00 0.00 0.00 0.00 0.00 0.00 2.48 0.22 3.21 3.21 4.38 4.23 3.87 0.00 3.72 3.72 4.53 5.55 5.26 5.69 5.55 6.06 4.02 4.53 3.43 3.87 3.80 3.72 4.60 5.91 6.79 3.72 4.45 4.16 5.99 3.72 3.87 3.14 0.80 0.37 0.37 0.95 0.51 0.95 0.22 0.00 1.02 0.00 1.39 0.00 1.98 0.97 1.83 2.34 1.83 0.00 0.00 0.00 0.00 0.00 0.00 0.00 0.00 0.00 0.00 0.00 1.10 0.29 0.15 0.00 0.00 0.00 0.00 0.00 0.00 0.00 0.00
0.58 0.00 0.00 0.00 0.00 0.00 0.29 1.31 0.00 2.19 2.19 3.94 1.61 5.84 3.87 4.60 4.16 4.53 5.48 4.89 4.89 4.89 5.48 5.48 5.77 6.42 6.06 5.77 3.65 3.94 4.02 4.45 3.87 5.33 7.66 8.76 7.52 7.01 6.13 5.40 5.91 5.11 5.69 4.60 2.19 2.19 0.66 0.95 0.22 1.10 0.95 0.73 1.02 1.90 1.68 2.19 2.85 1.97 2.85 1.17 0.58 0.51 0.73 0.37 0.00 0.00 0.51 0.00 0.00 0.00 0.00 2.86 3.14 2.48 0.58 0.00 0.00 0.00 0.00 0.00 0.00 0.00
1.31 0.00 0.00 0.07 0.00 1.24 2.26 3.58 5.04 3.58 4.89 5.69 3.80 7.01 5.77 5.04 4.23 5.69 6.42 5.48 5.48 5.48 6.35 5.33 4.96 4.89 4.60 5.62 4.23 5.48 4.96 5.26 4.89 7.66 9.86 10.73 8.69 6.86 5.84 6.42 7.15 7.15 4.45 4.82 4.23 4.23 2.41 0.58 0.51 2.04 1.31 3.36 2.41 1.83 2.56 1.46 1.02 0.66 0.58 1.75 1.31 1.17 1.10 0.00 0.00 1.17 0.73 0.88 0.00 0.00 0.00 3.07 6.13 5.11 4.16 0.15 0.00 0.00 0.00 0.00 0.00 0.00
3.65 4.67 1.31 0.66 2.63 2.92 2.56 5.04 4.53 6.57 5.40 5.91 6.86 5.62 4.89 5.04 5.33 6.28 6.28 7.74 7.74 8.03 7.01 4.53 3.87 3.94 3.87 4.45 5.33 6.20 5.48 6.20 10.73 13.21 12.85 13.65 10.44 8.40 6.72 5.99 7.81 8.10 6.50 9.49 8.03 8.03 3.80 1.39 2.77 2.85 3.80 0.00 3.14 3.07 1.97 4.16 1.17 2.41 3.29 1.97 0.88 0.44 0.29 1.53 1.24 0.00 1.75 1.24 0.80 3.50 3.50 3.50 4.96 5.26 1.17 0.51 0.00 0.00 0.00 0.00 0.00 0.00
3.36 5.99 6.50 2.26 6.06 3.50 4.82 4.96 4.31 4.09 4.82 5.55 5.33 4.09 5.48 5.48 6.06 6.28 5.33 7.81 7.81 9.78 7.45 4.89 4.09 3.87 4.53 5.62 5.55 7.23 7.01 5.99 11.68 15.48 13.07 10.37 11.02 7.88 8.83 6.06 8.76 11.46 9.93 12.12 11.17 11.17 7.74 3.94 4.74 2.56 3.36 3.94 3.65 6.06 5.33 8.40 7.37 3.94 0.66 2.85 2.26 0.00 4.02 3.07 2.12 2.41 2.92 2.41 2.92 3.87 3.87 3.58 3.36 2.34 2.04 1.75 0.29 0.00 0.00 0.00 0.00 0.00
8.83 8.98 6.28 6.50 6.64 6.35 5.26 4.23 3.94 3.29 3.29 2.85 3.50 3.72 4.74 4.67 5.04 4.53 7.37 9.78 9.78 10.00 7.01 3.94 3.58 3.65 4.02 4.60 5.48 6.86 7.74 6.86 9.78 15.33 14.75 11.83 12.34 10.29 9.05 10.95 14.38 17.01 13.43 11.32 7.59 7.59 8.61 6.57 3.80 3.65 2.77 2.26 3.29 6.06 7.59 7.96 8.91 6.28 6.50 4.38 6.42 5.69 5.11 5.33 4.82 0.00 2.41 2.56 3.36 5.33 5.33 5.48 4.74 2.19 5.33 4.02 3.59 5.77 1.83 0.00 0.44 0.95
7.74 9.05 8.47 6.28 5.18 5.18 3.50 3.72 3.50 3.29 3.14 3.50 4.16 4.38 4.53 3.80 4.02 4.74 8.03 8.25 8.25 4.89 5.99 3.21 3.50 3.21 3.58 0.00 4.45 6.28 8.98 11.61 11.10 13.72 15.33 14.09 14.60 13.36 11.75 12.19 11.39 14.38 14.09 10.59 8.83 8.83 5.84 7.08 5.62 3.50 2.99 2.77 5.26 5.84 6.64 6.86 8.32 7.23 9.13 4.53 10.59 8.32 7.81 7.15 4.96 0.00 1.68 2.04 0.00 6.06 6.06 7.88 5.18 6.06 10.88 7.96 7.52 11.15 7.11 2.45 0.22 3.87
8.61 8.76 9.42 6.20 3.65 5.55 5.40 4.67 3.80 3.72 4.31 4.74 5.11 4.60 4.96 4.96 3.80 5.18 10.59 8.03 8.03 4.89 3.94 3.50 2.34 2.41 0.00 0.00 3.58 5.77 10.22 12.85 12.34 13.29 14.38 13.87 17.23 18.83 16.28 13.14 9.49 9.20 13.14 10.07 6.79 6.79 4.16 5.55 6.86 3.14 2.99 0.00 3.80 4.09 5.91 7.15 8.98 7.59 12.56 11.32 9.20 12.05 9.78 9.93 6.72 3.29 0.00 0.00 0.00 4.60 4.60 7.23 6.64 15.99 18.47 18.18 12.92 15.63 11.06 6.12 5.82 7.26
13.21 11.39 15.91 9.34 7.52 11.53 5.40 5.11 4.82 4.53 5.77 4.74 4.82 6.42 6.72 6.42 5.55 5.91 11.61 10.88 10.88 5.77 5.40 4.09 2.70 3.29 3.21 4.16 3.80 6.06 8.03 11.24 10.15 10.07 10.07 16.57 20.88 15.04 11.53 9.20 6.94 10.29 9.49 9.49 3.72 3.72 4.23 5.26 3.21 2.85 2.92 3.94 3.14 4.53 6.28 6.06 8.18 9.05 14.60 13.72 12.70 13.51 11.39 11.83 8.76 4.74 2.70 4.31 4.82 5.26 5.26 8.83 12.19 14.89 20.44 21.17 20.22 19.64 15.77 11.53 9.42 6.53
20.59 18.03 21.61 19.86 12.92 18.54 11.17 5.69 5.40 6.13 6.35 5.69 5.55 6.42 6.86 8.69 8.83 11.32 10.22 11.90 11.90 9.71 8.83 5.62 4.53 4.60 4.16 5.77 6.35 8.69 7.15 9.93 9.34 9.64 7.74 11.10 12.05 10.59 12.26 13.43 7.23 5.62 7.74 3.72 3.50 3.50 3.50 4.09 2.19 1.97 4.82 4.02 9.27 6.20 9.13 9.34 14.02 18.25 20.37 12.99 13.14 14.24 14.38 12.99 11.10 8.91 12.26 11.53 10.00 15.04 15.04 9.93 10.73 14.60 16.57 21.46 19.42 19.78 14.16 15.91 11.83 10.95
23.14 23.36 21.46 22.70 21.68 22.12 15.70 8.91 5.77 5.48 6.28 6.50 5.18 5.99 9.05 9.05 8.10 9.49 11.68 10.80 10.80 10.15 10.95 7.81 6.64 7.23 7.23 7.59 7.88 9.64 11.97 11.17 13.14 11.97 10.22 6.94 11.90 8.25 10.51 17.45 15.11 6.72 3.65 3.14 2.26 2.26 3.29 1.39 1.83 2.70 4.53 7.74 8.91 19.42 24.31 19.35 30.59 27.01 18.40 16.28 14.31 13.72 13.72 14.09 13.21 20.51 20.59 22.34 19.13 24.53 24.53 14.24 22.34 17.59 16.13 17.67 17.96 17.67 18.18 17.37 13.80 12.05
22.56 18.61 21.61 20.37 18.69 13.21 9.05 6.79 8.54 7.01 7.08 6.28 7.45 5.91 8.76 9.27 8.10 10.44 11.17 11.02 11.02 10.29 8.25 8.76 9.05 9.34 7.74 7.74 10.66 12.41 16.50 14.97 13.72 15.33 16.79 14.89 10.15 12.41 19.93 18.10 20.00 10.15 3.94 2.12 1.61 1.61 1.53 0.00 1.46 2.12 3.43 11.53 15.62 19.86 23.00 30.95 32.63 30.51 25.70 18.32 14.82 13.36 15.85 17.13 18.44 26.13 30.00 30.15 30.88 29.93 29.93 28.32 24.02 24.89 19.35 15.62 15.91 17.08 16.28 16.94 16.06 13.80
10.29 12.41 15.77 12.19 14.16 12.78 11.39 12.05 9.42 12.26 17.30 15.26 11.32 10.07 12.85 13.87 11.61 13.51 13.65 11.97 11.97 12.05 11.53 13.07 8.91 5.99 7.08 13.07 17.45 22.70 26.43 26.21 23.58 15.70 14.38 18.32 18.03 16.21 17.45 19.35 21.02 21.53 16.35 10.66 7.23 7.23 8.91 4.09 6.64 3.80 3.80 6.13 14.53 13.87 17.81 25.62 23.29 27.52 27.89 25.70 28.18 29.57 27.96 23.73 24.21 24.89 26.65 29.35 24.24 23.73 23.73 25.19 28.54 24.75 24.02 21.17 17.01 13.21 11.90 13.94 11.17 12.26
8.18 9.56 10.22 9.49 10.22 11.39 7.88 10.29 7.74 12.05 14.24 16.86 10.37 11.39 12.19 13.36 13.43 14.60 17.52 15.91 15.91 16.43 17.23 16.79 11.83 8.54 8.32 13.58 17.52 18.83 23.58 24.09 17.08 13.14 16.64 18.69 18.47 18.69 20.00 21.46 24.60 21.24 22.41 27.16 23.21 23.21 12.34 18.32 8.03 6.79 5.77 4.31 10.22 10.00 15.48 22.27 24.89 24.31 26.65 28.40 28.54 30.00 30.08 26.94 19.42 20.22 24.38 22.12 22.12 24.02 24.02 23.21 25.26 26.06 22.34 15.26 16.50 9.93 9.86 10.22 9.27 10.80
11.53 8.40 9.05 8.83 6.13 4.67 4.38 6.50 5.69 10.37 9.27 13.36 9.34 10.00 10.22 13.43 14.02 15.55 19.56 18.47 18.47 18.40 17.08 12.85 13.58 10.66 8.98 11.83 16.06 15.99 20.00 22.27 18.61 14.24 15.84 20.44 21.61 23.36 28.32 27.81 26.72 25.84 24.75 30.30 30.08 30.08 27.01 30.88 20.08 16.43 4.74 7.59 8.83 16.28 16.64 21.75 23.80 21.53 25.62 26.72 23.21 24.82 23.51 20.73 16.35 17.67 18.80 23.02 21.90 20.66 20.66 17.45 19.86 16.21 15.48 15.26 6.57 6.20 7.88 9.20 9.42 9.78
12.05 11.90 8.25 4.45 3.65 3.65 4.38 4.96 6.64 5.69 7.96 7.59 6.94 8.98 9.86 12.70 16.43 21.10 23.36 17.59 17.59 17.89 16.72 13.21 13.72 12.34 14.97 15.11 15.55 13.58 15.62 19.86 20.15 16.06 16.72 21.46 25.11 25.92 28.11 30.08 30.37 27.52 28.18 30.15 33.51 33.51 36.87 27.01 32.70 23.00 18.10 17.52 10.88 12.99 21.90 23.14 21.90 21.83 20.51 24.38 18.31 15.56 15.91 11.61 15.79 17.89 19.71 21.67 22.13 18.18 18.18 18.32 13.07 8.03 10.51 9.64 4.96 5.18 7.15 8.83 10.15 9.86
11.83 10.88 6.57 5.33 4.38 3.58 0.00 4.16 5.62 3.94 4.74 5.69 7.59 9.49 12.19 19.42 24.82 23.65 23.14 17.23 17.23 15.26 16.28 13.94 13.65 14.53 15.77 14.67 13.51 15.18 19.05 19.05 19.78 17.08 17.96 20.15 24.89 27.23 28.40 25.92 31.17 30.59 30.15 31.97 35.04 35.04 39.42 37.52 39.78 34.82 28.76 31.54 23.87 27.38 32.49 28.84 24.02 19.64 18.10 18.69 11.68 10.95 10.46 8.25 12.24 16.86 20.51 18.32 21.54 16.98 16.44 15.85 7.15 6.86 6.06 6.79 6.64 6.42 7.30 9.86 9.55 9.63
8.18 8.54 5.40 4.23 4.23 5.04 3.87 4.82 3.80 4.09 4.02 5.26 6.50 7.74 9.56 19.05 21.24 16.28 12.78 15.70 15.70 14.97 14.82 13.14 12.34 15.55 15.77 14.24 13.65 14.89 16.06 17.74 16.35 18.32 22.19 26.06 24.82 22.85 22.05 23.58 26.06 21.17 26.35 31.61 32.05 32.05 37.74 40.15 39.42 37.30 38.69 30.88 30.15 31.90 35.04 34.02 27.45 22.05 19.56 13.72 13.57 8.85 8.32 7.74 7.90 9.43 16.73 15.49 15.18 14.67 14.75 14.85 7.41 7.15 7.08 7.01 4.77 6.20 5.40 7.96 9.17 8.32
8.32 6.50 5.04 3.72 4.38 4.67 5.11 4.74 4.74 5.69 4.16 4.23 5.26 5.99 7.23 13.51 13.94 12.12 11.97 14.31 14.31 13.29 9.93 9.64 12.70 13.07 13.07 11.39 11.46 13.43 13.87 15.04 15.77 18.47 23.36 26.79 22.27 18.25 18.76 20.73 21.97 15.91 20.81 26.50 31.39 31.39 38.98 33.65 36.14 32.27 34.24 33.58 33.87 34.75 34.38 34.53 31.90 26.21 27.16 23.58 15.91 13.03 7.89 6.65 7.65 9.06 16.21 18.09 12.88 15.62 15.62 7.34 8.46 9.33 10.34 5.85 4.33 4.28 6.64 7.49 8.81 6.85
9.27 5.04 6.13 5.26 4.38 3.58 5.04 4.53 5.55 6.13 5.33 4.38 4.89 4.89 5.26 8.83 9.42 11.02 11.53 14.16 14.16 11.46 7.45 7.08 5.40 7.74 7.52 7.37 9.20 11.90 11.10 12.92 14.31 13.94 19.20 24.82 24.60 16.72 14.82 14.45 16.57 16.79 24.45 19.56 25.77 25.77 34.02 28.91 31.68 31.24 29.27 32.12 33.43 31.03 32.70 32.92 30.66 30.30 28.75 26.57 24.89 16.06 14.16 9.36 8.38 10.68 14.35 15.27 11.45 7.59 7.59 6.12 7.00 9.61 9.71 8.07 7.56 7.04 8.10 6.74 7.61 7.45
14.02 9.34 5.55 7.74 4.53 5.91 4.23 5.69 4.74 0.00 6.06 5.91 4.89 4.67 3.58 6.72 8.32 9.78 9.56 13.21 13.21 9.56 6.57 6.13 4.23 5.18 6.86 9.20 9.93 9.05 12.26 11.02 14.89 11.24 15.18 23.87 15.62 13.07 11.53 8.03 10.88 15.40 20.22 15.33 16.13 16.13 15.84 17.30 26.57 28.25 27.38 32.49 31.97 30.22 30.54 30.71 26.52 28.46 26.19 27.23 28.03 25.04 19.27 13.87 10.37 12.42 13.11 14.84 11.59 6.42 6.46 7.30 9.95 9.81 8.63 8.94 9.66 8.98 8.57 7.34 6.40 5.43
17.52 14.38 10.66 12.63 6.79 10.51 6.50 7.37 3.36 4.60 5.62 4.67 4.09 0.00 2.99 7.08 7.66 4.96 10.29 10.29 10.29 6.86 5.04 5.77 4.31 4.23 6.64 9.20 9.56 7.81 9.71 12.78 10.59 13.07 13.65 19.93 15.40 12.85 9.64 3.50 4.89 11.46 14.60 15.04 12.85 12.85 17.45 20.15 23.14 28.91 28.91 30.44 30.44 29.93 27.23 28.13 28.39 26.72 24.36 25.25 25.86 23.08 22.74 18.27 14.13 14.06 12.22 14.29 13.40 11.59 11.59 5.46 5.98 5.27 7.55 6.61 8.07 8.73 8.27 9.10 4.94 3.73
15.91 16.13 14.45 15.33 11.32 12.78 10.88 9.56 5.69 7.30 5.33 7.23 4.96 0.00 0.00 4.60 4.31 0.00 4.89 0.00 0.00 0.00 0.00 0.00 0.00 0.00 6.57 6.94 7.30 6.64 6.64 8.83 8.83 9.27 15.48 11.61 14.02 10.66 10.15 7.01 0.00 5.26 23.94 16.64 23.36 23.36 20.37 25.92 28.11 29.20 32.56 33.80 31.68 27.74 25.62 23.26 21.75 27.66 20.74 21.02 25.19 25.27 22.65 21.98 16.11 11.05 13.70 14.35 14.90 5.26 5.18 3.78 4.52 4.42 5.53 5.97 6.28 7.04 6.60 6.19 4.69 3.59
13.36 15.91 16.06 13.29 13.14 12.56 12.92 8.91 9.20 11.32 8.98 11.10 8.25 7.37 5.11 0.00 2.92 0.00 0.00 0.00 0.00 0.00 0.00 0.00 0.00 4.16 4.09 5.48 5.18 5.40 5.33 4.38 5.84 6.06 7.88 4.74 9.27 7.81 6.72 0.00 8.03 13.72 27.23 28.25 27.74 27.74 27.16 28.84 29.57 28.69 32.56 32.87 28.00 23.49 22.32 23.34 18.94 16.73 18.10 16.72 19.26 21.63 18.78 20.67 17.58 13.14 11.56 8.89 12.08 4.67 4.55 3.29 3.29 4.76 7.93 8.32 6.68 8.25 4.82 5.08 5.29 5.88
10.29 8.61 8.10 8.69 11.53 12.12 10.37 12.26 15.33 17.59 19.35 17.01 15.11 12.99 6.06 4.45 3.43 3.87 1.17 0.00 0.00 0.00 1.53 2.12 3.87 0.00 2.92 2.85 2.92 2.19 2.26 2.56 3.80 2.04 3.36 6.64 6.64 4.23 6.72 9.05 10.59 12.12 25.19 18.69 26.13 26.13 23.65 29.27 30.88 32.12 26.13 19.35 19.72 18.80 11.85 13.00 7.26 7.74 10.97 13.71 16.45 18.78 19.74 19.67 23.55 20.17 16.28 11.37 11.60 8.39 8.26 4.74 3.72 7.11 12.31 13.80 13.63 15.11 9.46 3.38 3.50 3.81
9.78 7.15 9.56 8.91 10.44 11.90 8.03 12.41 13.29 18.76 18.76 18.25 15.04 13.51 9.86 7.59 5.91 4.74 2.48 2.26 2.26 1.31 1.68 2.77 3.94 0.80 0.88 1.39 1.83 1.97 1.46 2.19 2.77 2.63 2.92 5.99 9.42 8.69 11.32 11.39 9.13 10.15 13.65 8.76 20.08 20.08 27.16 24.75 29.42 28.84 26.42 16.73 14.30 13.91 10.48 9.78 9.08 8.85 7.96 8.29 10.05 14.84 18.14 20.27 22.40 21.82 11.97 9.27 10.49 10.58 10.42 3.94 5.40 5.19 8.71 14.87 16.54 11.10 12.68 3.29 2.13 2.22
4.89 5.26 7.96 10.80 8.69 9.64 5.69 10.66 10.22 16.21 15.70 17.45 13.72 11.97 12.85 10.73 8.83 7.37 3.87 3.07 3.07 2.48 3.36 3.72 1.83 1.68 1.02 0.95 1.39 1.75 2.12 1.83 1.68 1.75 5.26 4.16 8.61 10.80 11.46 11.02 5.99 8.10 8.76 11.02 8.54 8.54 20.08 16.13 20.95 25.22 19.87 17.73 16.54 14.41 13.70 10.93 9.15 10.95 6.95 4.87 6.61 11.08 15.62 21.16 17.67 14.24 12.48 11.77 10.06 6.75 7.50 5.29 3.87 4.31 6.50 10.28 15.65 11.36 8.25 5.26 1.99 2.72
0.00 0.00 5.40 8.76 4.31 7.81 7.37 7.23 8.76 12.77 12.05 14.24 12.26 10.37 12.99 12.92 11.17 7.74 5.62 4.31 4.31 4.02 4.16 3.72 2.63 1.83 1.83 1.61 1.68 0.44 1.68 1.75 1.02 1.46 2.56 7.37 11.32 8.47 9.49 9.05 4.38 4.31 2.71 5.11 4.60 4.60 9.49 17.37 15.18 17.97 17.96 16.90 18.09 16.62 17.07 15.48 7.58 7.30 4.73 5.86 4.73 6.48 14.77 19.68 19.15 16.06 11.97 10.97 8.02 8.56 8.25 5.81 4.47 6.46 13.38 8.38 10.01 10.56 8.23 5.43 4.09 3.11
0.00 0.00 4.16 0.00 2.63 0.00 5.91 8.47 11.17 10.44 11.90 10.29 9.42 9.42 11.68 11.39 10.66 8.76 5.69 5.91 5.91 4.53 5.33 3.36 2.48 1.10 1.31 1.24 0.80 0.00 0.66 1.24 0.58 1.02 0.80 1.68 4.74 5.40 7.23 0.66 2.99 0.29 1.68 3.14 6.79 6.79 8.18 10.22 17.67 18.10 19.05 18.47 16.16 15.44 15.46 14.17 7.35 6.67 4.43 4.66 11.32 10.13 9.91 14.83 18.33 14.91 12.62 9.11 7.96 6.35 6.39 6.92 5.47 5.24 7.39 3.71 5.74 8.88 7.37 7.26 3.17 3.45
0.00 0.00 0.00 0.00 0.00 0.00 3.50 6.94 9.71 9.34 10.80 9.20 8.18 9.56 9.86 8.61 5.84 4.96 4.38 4.60 4.60 3.36 4.16 2.99 2.63 1.24 1.68 1.39 1.31 0.37 0.00 0.00 0.00 0.00 0.00 0.00 0.95 3.43 0.73 0.00 0.00 0.00 0.00 1.46 6.06 6.06 4.33 5.84 4.70 15.55 13.71 18.59 19.22 13.38 16.07 7.74 5.97 5.42 5.84 8.14 8.18 9.91 8.72 12.14 15.57 12.27 12.13 9.25 7.98 7.77 9.09 5.63 6.02 5.13 5.05 2.73 2.71 6.26 6.98 6.28 1.94 2.63
0.00 0.00 0.00 0.00 0.00 0.00 5.04 4.53 6.94 7.74 10.15 8.40 7.45 8.25 7.30 5.99 5.55 4.82 4.96 3.80 3.80 3.58 2.92 1.83 0.95 0.44 0.51 0.22 0.58 0.00 0.00 0.00 0.00 0.00 0.00 0.00 0.00 1.02 0.00 0.00 0.00 0.00 0.00 0.00 0.51 0.51 5.33 3.36 7.92 13.31 8.56 10.97 14.84 11.77 9.79 4.15 4.14 5.64 4.29 5.56 9.07 9.87 8.06 8.57 13.59 13.09 10.82 9.54 8.58 6.40 7.16 7.54 5.82 4.05 3.17 1.95 1.97 3.46 4.48 2.70 4.28 4.68
0.00 0.00 0.00 0.00 0.00 0.00 0.00 0.00 5.91 5.77 10.22 9.05 7.01 7.37 7.15 5.99 5.84 6.45 6.12 5.26 5.26 3.94 3.29 1.97 1.17 1.17 0.73 0.22 0.00 0.00 0.00 0.00 0.00 0.00 0.00 0.00 0.00 0.00 0.00 0.00 0.00 0.00 0.00 0.00 0.00 0.00 0.66 0.88 3.87 5.09 6.96 11.36 11.23 12.11 7.12 0.00 0.00 0.00 0.00 0.00 0.00 8.68 10.43 9.38 9.53 11.05 10.28 9.98 8.84 6.27 6.40 6.38 7.20 4.50 3.17 1.27 2.58 2.97 3.61 0.92 0.46 0.75
0.00 0.00 0.00 0.00 0.00 0.00 0.00 0.00 4.02 0.00 8.47 8.25 4.09 6.64 7.66 5.33 5.04 6.90 7.96 7.26 6.77 5.48 4.02 3.65 2.56 1.39 1.17 1.46 1.31 0.00 0.00 0.00 0.00 0.00 0.00 0.00 0.00 0.00 0.00 0.00 0.51 1.97 3.14 0.00 0.00 0.00 0.00 0.00 1.10 3.55 6.66 14.31 11.30 7.41 2.59 3.71 0.00 0.00 0.00 0.00 0.00 0.00 12.51 10.74 6.93 8.08 9.26 14.28 10.51 7.96 9.73 9.63 6.30 5.62 3.33 2.34 1.54 3.86 3.67 1.68 0.00 0.49
0.00 0.00 0.00 0.00 0.00 0.00 0.00 0.00 0.00 0.00 0.00 0.00 0.00 0.00 0.00 0.00 4.60 5.18 5.11 7.11 7.22 6.06 6.57 7.74 7.30 6.35 7.08 7.52 6.64 3.65 0.00 0.00 1.46 4.82 3.21 1.97 3.58 6.94 8.18 4.89 6.64 5.80 7.68 9.14 2.04 2.04 3.72 2.04 0.58 5.28 4.61 6.50 0.00 0.00 0.00 0.00 0.00 0.00 0.00 0.00 0.00 0.00 0.00 5.08 0.00 8.60 14.13 7.44 7.11 6.90 7.71 4.93 6.26 5.49 2.21 2.20 2.42 1.52 3.26 0.00 0.00 0.00
0.00 0.00 0.00 0.00 0.00 0.00 0.00 0.00 0.00 0.00 0.00 0.00 0.00 0.00 0.00 0.00 0.00 0.00 0.00 3.36 3.36 3.50 4.92 6.81 8.03 8.61 8.69 8.39 9.88 7.59 5.48 5.99 5.62 3.72 7.37 4.67 5.18 10.22 10.15 12.70 10.15 9.56 7.47 11.95 9.13 10.20 3.58 0.58 3.36 2.62 4.27 0.00 0.00 0.00 0.00 0.00 0.00 0.00 0.00 0.00 0.00 0.00 0.00 0.00 0.00 0.00 4.66 4.32 3.54 3.58 3.58 0.00 4.94 4.29 0.00 0.00 0.00 1.29 0.87 0.00 0.00 0.00
0.00 0.00 0.00 0.00 0.00 0.00 0.00 0.00 0.00 0.00 0.00 0.00 0.00 0.00 0.00 0.00 0.00 0.00 0.00 0.00 0.00 0.00 0.00 0.00 4.96 6.57 6.50 4.55 7.37 9.20 7.45 7.52 6.94 8.54 9.04 7.30 4.45 6.13 13.21 7.59 10.44 5.40 0.00 5.48 9.23 11.72 7.00 5.84 5.66 1.35 0.00 0.00 0.00 0.00 0.00 0.00 0.00 0.00 0.00 0.00 0.00 0.00 0.00 0.00 0.00 0.00 0.00 0.00 0.00 0.00 0.00 0.00 0.00 0.00 0.00 0.00 0.00 0.00 0.10 0.00 0.00 0.00
0.00 0.00 0.00 0.00 0.00 0.00 0.00 0.00 0.00 0.00 0.00 0.00 0.00 0.00 0.00 0.00 0.00 0.00 0.00 0.00 0.00 0.00 0.00 0.00 0.00 0.00 7.66 0.00 0.00 4.45 8.18 9.05 7.74 6.85 8.04 5.55 2.92 0.00 0.00 8.69 0.00 0.00 0.00 0.00 0.00 0.00 2.59 4.65 6.78 0.00 0.00 0.00 0.00 0.00 0.00 0.00 0.00 0.00 0.00 0.00 0.00 0.00 0.00 0.00 0.00 0.00 0.00 0.00 0.00 0.00 0.00 0.00 0.00 0.00 0.00 0.00 0.00 0.00 0.09 0.00 0.00 0.00
