Wansh/Snow_depth/snowdepth-1997/winter/1997358.txt
ncols 321
nrows 161
xllcenter 60
yllcenter 15 
cellsize  0.25 
NODATA_value -1
[rows 0 to 36 of 161, columns 0 to 81 of 321]
3.94 3.94 3.87 6.86 7.52 7.30 7.37 6.94 8.40 7.08 8.54 7.88 7.88 9.34 9.34 8.25 8.69 7.23 5.84 5.04 4.89 4.60 5.11 5.91 3.65 0.00 0.00 0.00 0.00 4.96 4.74 4.60 3.87 4.16 5.48 4.02 5.62 5.26 6.06 5.77 7.08 5.62 5.77 6.28 6.57 5.69 4.53 7.52 7.23 5.91 5.69 5.69 5.55 5.91 6.35 6.28 6.57 4.60 4.82 5.26 4.82 4.74 5.40 5.40 5.84 6.35 6.28 5.69 4.45 6.20 3.50 5.11 5.62 7.66 7.30 9.05 9.05 8.91 9.86 9.13 9.93 8.47
4.89 4.89 4.82 6.86 6.28 7.66 7.01 7.37 7.30 6.28 6.06 6.06 6.42 6.42 4.38 4.45 4.45 4.60 4.38 4.74 6.35 5.04 5.18 5.04 5.26 0.00 0.00 4.60 4.53 5.48 5.11 4.09 4.82 4.82 3.36 3.65 3.94 3.80 3.72 4.67 2.70 4.74 0.00 0.00 0.00 3.58 3.58 3.36 0.00 5.04 5.33 5.33 5.33 4.31 4.60 3.87 4.38 4.53 4.38 4.60 4.60 5.40 5.33 5.18 5.18 5.26 5.33 5.48 4.16 3.21 3.43 3.80 5.11 4.74 6.64 8.40 8.40 7.96 8.91 8.83 9.05 8.40
4.60 4.60 4.96 6.06 5.84 6.13 6.20 6.06 4.60 5.11 4.38 3.87 3.87 3.87 3.72 0.00 0.00 0.00 0.00 4.38 5.04 0.00 0.00 0.00 3.87 4.53 4.53 4.60 5.04 4.53 4.96 0.00 3.87 0.00 0.00 0.00 3.43 3.43 3.21 3.36 0.00 0.00 0.00 0.00 0.00 0.00 0.00 0.00 3.14 2.85 0.00 0.00 0.00 0.00 3.29 0.00 0.00 0.00 0.00 3.80 5.18 5.04 5.69 5.48 5.69 5.77 5.84 4.96 4.45 4.38 4.96 4.74 4.82 5.33 6.06 5.77 5.77 6.72 6.72 6.79 6.20 6.06
4.60 4.60 4.96 6.06 5.84 6.13 6.20 6.06 4.60 5.11 4.38 3.87 3.87 3.87 3.72 0.00 0.00 0.00 0.00 4.38 5.04 0.00 0.00 0.00 3.87 4.53 4.53 4.60 5.04 4.53 4.96 0.00 3.87 0.00 0.00 0.00 3.43 3.43 3.21 3.36 0.00 0.00 0.00 0.00 0.00 0.00 0.00 0.00 3.14 2.85 0.00 0.00 0.00 0.00 3.29 0.00 0.00 0.00 0.00 3.80 5.18 5.04 5.69 5.48 5.69 5.77 5.84 4.96 4.45 4.38 4.96 4.74 4.82 5.33 6.06 5.77 5.77 6.72 6.72 6.79 6.20 6.06
3.87 3.87 3.87 4.82 4.16 5.48 5.84 5.99 4.53 5.11 4.89 4.02 3.80 0.00 4.02 3.72 0.00 0.00 3.43 4.02 0.00 0.00 3.14 0.00 3.14 3.94 3.94 3.94 3.87 3.87 2.56 0.00 0.00 0.00 0.00 0.00 3.36 3.07 2.99 2.70 2.99 0.00 0.00 0.00 0.00 0.00 0.00 0.00 0.00 0.00 0.00 0.00 0.00 0.00 0.00 0.00 0.00 0.00 0.00 0.00 0.00 4.67 4.23 6.20 5.99 6.35 5.26 5.62 4.16 4.74 4.38 5.04 5.18 4.89 6.28 6.57 6.57 6.42 6.28 5.18 5.77 5.62
0.00 0.00 5.26 5.69 3.36 2.99 3.36 3.72 4.45 3.94 4.09 4.38 0.00 0.00 3.29 3.07 2.77 2.77 2.92 3.07 0.00 3.14 3.87 3.14 3.50 0.00 0.00 0.00 0.00 0.00 0.00 0.00 3.65 4.23 4.31 0.00 0.00 0.00 0.00 0.00 0.00 0.00 0.00 0.00 0.00 0.00 0.00 0.00 0.00 0.00 0.00 0.00 0.00 0.00 0.00 0.00 0.00 0.00 0.00 0.00 0.00 2.85 5.04 4.31 6.28 5.26 5.40 4.89 4.67 4.96 4.23 4.74 4.53 4.31 4.02 4.82 4.82 5.55 5.55 5.77 5.55 6.86
3.94 3.94 1.61 3.65 3.43 4.31 5.26 4.60 4.16 4.82 4.89 4.74 4.89 0.00 0.00 2.92 2.77 2.77 2.99 3.21 3.14 0.00 0.00 0.00 0.00 0.00 0.00 0.00 0.00 0.00 4.31 4.31 4.02 4.16 3.21 4.45 0.00 0.00 0.00 0.00 0.00 0.00 0.00 2.63 0.00 0.00 0.00 0.00 0.00 0.00 0.00 0.00 0.00 0.00 0.00 0.00 0.00 0.00 0.00 0.00 0.00 0.00 0.00 5.04 0.00 4.45 4.31 4.31 5.11 3.94 4.31 0.00 3.72 0.00 0.00 0.00 0.00 2.92 0.00 3.87 5.99 5.55
3.94 3.94 1.61 3.65 3.43 4.31 5.26 4.60 4.16 4.82 4.89 4.74 4.89 0.00 0.00 2.92 2.77 2.77 2.99 3.21 3.14 0.00 0.00 0.00 0.00 0.00 0.00 0.00 0.00 0.00 4.31 4.31 4.02 4.16 3.21 4.45 0.00 0.00 0.00 0.00 0.00 0.00 0.00 2.63 0.00 0.00 0.00 0.00 0.00 0.00 0.00 0.00 0.00 0.00 0.00 0.00 0.00 0.00 0.00 0.00 0.00 0.00 0.00 5.04 0.00 4.45 4.31 4.31 5.11 3.94 4.31 0.00 3.72 0.00 0.00 0.00 0.00 2.92 0.00 3.87 5.99 5.55
1.02 1.02 1.17 0.00 0.00 1.97 0.44 2.63 3.72 4.16 3.94 0.00 3.14 0.00 0.00 2.41 3.29 3.29 2.70 0.00 0.00 0.00 0.00 0.00 0.00 0.00 0.00 0.00 0.00 5.18 4.53 5.33 5.62 5.77 2.92 2.99 2.99 3.36 0.00 0.00 0.00 0.00 0.00 0.00 0.00 0.00 0.00 0.00 0.00 0.00 0.00 0.00 0.00 0.00 0.00 0.00 0.00 0.00 0.00 0.00 0.00 0.00 0.00 2.12 1.90 0.00 0.00 0.00 0.00 0.00 0.00 0.00 0.00 0.00 0.00 0.00 0.00 0.00 0.00 0.00 2.56 0.00
0.00 0.00 0.00 0.00 5.40 0.00 0.00 3.50 0.00 1.90 1.75 2.19 0.00 2.63 3.87 3.21 3.21 3.65 0.00 0.00 0.00 0.00 0.00 0.00 0.00 0.00 0.00 0.00 0.00 4.89 6.28 6.20 6.13 6.64 2.99 0.00 0.00 4.16 4.16 0.00 0.00 0.00 0.00 0.00 0.00 0.00 0.00 0.00 0.00 0.00 0.00 0.00 0.00 0.00 0.00 0.00 0.00 0.00 0.29 0.00 0.00 0.00 0.95 0.66 1.83 1.90 0.00 0.00 0.00 0.00 0.00 0.00 0.00 0.00 0.00 0.00 0.00 0.00 0.00 0.00 0.00 0.00
0.00 0.00 0.00 0.00 0.00 0.00 0.00 0.66 1.39 0.00 0.00 2.26 0.00 2.92 2.70 0.00 0.00 0.00 0.00 0.00 0.00 0.00 0.00 0.00 0.00 0.00 0.00 0.00 3.72 3.94 5.69 5.62 5.62 6.35 5.77 6.06 6.13 5.48 0.00 3.58 0.00 3.80 3.43 0.00 0.00 0.00 0.00 0.00 0.00 0.00 0.00 0.00 0.00 0.00 0.00 0.00 0.00 0.00 0.00 2.41 2.56 0.66 0.29 0.00 2.04 0.00 0.00 0.00 0.00 0.00 0.00 0.00 0.00 0.00 0.00 0.00 0.00 0.00 0.00 0.00 0.00 0.00
0.00 0.00 0.00 0.00 0.00 0.00 0.00 0.66 1.39 0.00 0.00 2.26 0.00 2.92 2.70 0.00 0.00 0.00 0.00 0.00 0.00 0.00 0.00 0.00 0.00 0.00 0.00 0.00 3.72 3.94 5.69 5.62 5.62 6.35 5.77 6.06 6.13 5.48 0.00 3.58 0.00 3.80 3.43 0.00 0.00 0.00 0.00 0.00 0.00 0.00 0.00 0.00 0.00 0.00 0.00 0.00 0.00 0.00 0.00 2.41 2.56 0.66 0.29 0.00 2.04 0.00 0.00 0.00 0.00 0.00 0.00 0.00 0.00 0.00 0.00 0.00 0.00 0.00 0.00 0.00 0.00 0.00
0.00 0.00 0.00 0.00 0.00 0.00 0.00 0.00 0.00 0.00 0.00 0.00 2.85 0.00 0.00 3.94 0.00 0.00 3.58 0.00 3.50 0.00 0.00 0.00 0.00 0.00 0.00 0.00 0.00 4.16 0.00 0.00 0.00 4.09 4.09 4.60 3.80 6.13 0.00 3.94 3.80 4.31 0.00 0.00 0.00 0.00 0.00 0.00 0.00 0.00 0.00 0.00 0.00 0.00 0.00 0.00 0.00 5.11 4.45 4.67 3.21 0.00 0.00 0.00 1.83 0.00 0.00 0.00 0.00 0.00 0.00 0.00 0.00 0.00 0.00 0.00 0.00 0.00 0.00 0.00 0.00 0.00
0.00 0.00 0.00 0.00 0.00 0.00 0.00 0.00 0.00 0.00 0.00 0.00 0.00 0.00 3.72 3.29 3.50 0.00 3.65 3.65 3.07 2.85 2.92 2.99 0.00 0.00 0.00 0.00 0.00 0.00 0.00 0.00 0.00 0.00 0.00 0.00 0.00 0.00 3.72 3.94 3.50 3.65 4.45 0.00 0.00 0.00 0.00 0.00 0.00 0.00 0.00 0.00 0.00 0.00 0.00 0.00 5.33 0.00 4.60 4.02 4.45 0.00 2.56 2.34 0.00 1.68 0.00 0.00 0.00 0.00 0.00 0.00 0.00 0.00 0.00 3.36 3.36 2.70 2.99 3.21 2.56 2.70
0.00 0.00 0.00 0.00 0.00 0.00 0.00 0.00 0.00 0.00 0.00 0.00 0.00 0.00 2.99 2.56 0.95 3.94 3.50 0.00 2.12 2.63 1.83 2.19 0.00 0.00 0.00 0.00 0.00 0.00 0.00 0.00 0.00 0.00 0.00 0.00 0.00 2.04 0.00 0.00 1.83 0.00 0.00 0.00 0.00 0.00 0.00 4.09 3.50 2.41 0.00 0.00 0.00 0.00 0.00 0.00 0.00 0.00 0.00 0.00 0.00 0.00 0.00 0.00 0.00 0.00 1.97 0.00 0.00 0.00 0.00 0.00 0.00 0.00 0.00 0.00 0.00 3.36 3.43 3.29 2.99 3.36
0.00 0.00 0.00 0.00 0.00 0.00 0.00 0.00 0.00 0.00 0.00 0.00 0.00 0.00 2.41 0.00 0.00 0.00 0.00 0.00 0.58 2.19 0.00 1.83 0.00 0.00 0.00 0.00 0.00 0.00 0.00 0.00 0.00 0.00 3.87 0.95 1.17 0.00 0.00 0.00 0.00 0.73 0.00 0.00 0.00 0.00 0.00 0.00 5.18 0.00 5.48 5.48 5.62 0.00 0.00 0.00 0.00 0.00 0.00 0.00 0.00 4.09 3.07 0.00 0.00 0.00 0.00 0.00 0.00 0.00 0.00 0.00 0.00 0.00 0.00 0.00 0.00 0.00 4.53 4.09 4.38 3.14
0.00 0.00 0.00 0.00 0.00 0.00 0.00 0.00 0.00 0.00 0.00 0.00 0.00 0.00 2.41 0.00 0.00 0.00 0.00 0.00 0.58 2.19 0.00 1.83 0.00 0.00 0.00 0.00 0.00 0.00 0.00 0.00 0.00 0.00 3.87 0.95 1.17 0.00 0.00 0.00 0.00 0.73 0.00 0.00 0.00 0.00 0.00 0.00 5.18 0.00 5.48 5.48 5.62 0.00 0.00 0.00 0.00 0.00 0.00 0.00 0.00 4.09 3.07 0.00 0.00 0.00 0.00 0.00 0.00 0.00 0.00 0.00 0.00 0.00 0.00 0.00 0.00 0.00 4.53 4.09 4.38 3.14
0.00 0.00 0.00 0.00 0.00 0.00 0.00 0.00 0.00 0.00 0.00 0.00 0.00 2.34 0.80 0.73 0.00 0.00 0.66 0.00 0.00 0.00 0.00 1.24 1.90 0.00 0.00 0.00 0.00 0.00 0.00 0.00 0.00 4.23 1.24 0.00 0.00 0.00 0.00 0.00 0.29 0.07 1.53 0.00 0.00 3.07 6.06 0.00 6.42 6.94 6.28 6.28 6.79 4.60 0.00 0.00 4.89 5.77 0.00 0.00 4.67 4.60 0.00 0.00 0.00 0.00 0.00 0.00 0.00 0.00 0.00 0.00 0.00 0.00 0.00 0.00 0.00 0.00 4.53 4.45 4.38 3.29
0.00 0.00 0.00 0.00 0.00 0.00 0.00 0.00 0.00 0.00 0.00 0.00 0.00 2.48 2.92 2.19 2.56 0.00 0.00 0.00 0.00 0.00 0.00 2.63 0.00 0.00 0.00 0.00 0.00 0.00 0.00 0.00 1.97 0.00 0.29 0.00 0.00 0.00 0.00 0.00 0.00 0.80 0.00 3.07 3.80 3.50 4.89 6.28 5.91 6.64 6.64 6.64 5.11 5.40 4.67 5.11 4.96 5.18 4.74 4.53 4.67 4.53 4.16 4.45 0.00 1.97 0.00 0.00 2.77 2.92 2.85 2.48 3.14 2.34 0.00 0.00 0.00 3.58 5.04 4.67 3.21 0.00
0.00 0.00 0.00 0.00 0.00 0.00 0.00 0.00 0.00 0.00 0.00 0.00 2.70 0.00 4.74 2.34 3.65 1.83 0.00 0.00 0.00 0.00 0.00 3.58 4.67 0.00 0.00 0.00 0.00 2.04 0.00 0.00 0.00 0.00 0.00 0.00 0.00 0.00 0.00 0.00 0.00 0.00 1.75 1.61 2.99 3.43 2.77 4.82 6.64 6.64 6.64 6.64 5.62 4.31 4.45 4.23 3.94 4.74 4.89 4.02 4.02 3.94 4.09 3.21 3.36 0.00 0.00 3.50 3.87 3.65 4.02 3.58 2.77 2.85 4.67 5.33 5.33 5.04 5.99 6.28 5.77 4.67
0.00 0.00 0.00 0.00 0.00 0.00 0.00 0.00 0.00 0.00 0.00 0.00 5.62 5.69 5.91 2.56 3.14 0.00 1.90 1.17 3.07 1.90 3.58 3.72 4.09 3.58 3.58 4.31 4.45 2.85 0.00 0.00 0.00 0.00 0.00 0.00 0.00 0.00 0.00 0.00 0.00 0.00 1.46 0.22 0.00 2.26 5.04 4.45 6.13 7.45 6.06 6.06 6.57 5.33 4.60 4.67 3.94 2.92 3.21 3.80 4.89 4.89 4.74 4.09 4.23 4.45 3.50 4.38 4.31 4.09 4.09 4.53 4.60 4.74 6.20 6.86 6.86 6.72 7.30 7.52 6.79 6.72
0.00 0.00 0.00 0.00 0.00 0.00 0.00 0.00 0.00 4.82 4.09 0.00 8.61 5.33 2.12 0.00 0.29 1.31 1.90 4.53 6.20 6.28 6.64 3.72 5.48 2.99 2.99 2.63 1.97 2.34 1.53 0.00 0.00 0.29 0.88 0.00 0.00 0.00 0.00 1.17 2.92 1.61 4.16 0.00 2.99 1.97 5.55 7.15 6.57 6.50 6.28 6.28 5.55 5.62 4.74 4.45 4.60 2.85 3.14 2.99 3.72 5.11 5.26 4.74 4.38 4.60 4.53 5.11 4.02 3.72 3.65 4.53 4.60 4.60 5.33 7.15 7.15 7.74 7.45 7.74 7.45 6.35
0.00 0.00 0.00 0.00 0.00 0.00 0.00 0.00 0.00 4.82 4.09 0.00 8.61 5.33 2.12 0.00 0.29 1.31 1.90 4.53 6.20 6.28 6.64 3.72 5.48 2.99 2.99 2.63 1.97 2.34 1.53 0.00 0.00 0.29 0.88 0.00 0.00 0.00 0.00 1.17 2.92 1.61 4.16 0.00 2.99 1.97 5.55 7.15 6.57 6.50 6.28 6.28 5.55 5.62 4.74 4.45 4.60 2.85 3.14 2.99 3.72 5.11 5.26 4.74 4.38 4.60 4.53 5.11 4.02 3.72 3.65 4.53 4.60 4.60 5.33 7.15 7.15 7.74 7.45 7.74 7.45 6.35
0.00 0.00 0.00 0.00 0.00 0.00 0.00 0.00 1.68 3.65 2.85 7.45 7.01 5.18 3.72 3.94 2.26 3.50 3.80 4.67 4.53 4.60 4.31 4.16 3.94 3.65 3.65 0.00 0.00 2.41 2.26 0.00 1.75 0.37 2.12 0.00 0.00 0.00 3.43 2.56 5.26 5.11 5.33 1.90 4.23 4.96 4.45 6.20 5.40 5.33 5.40 5.40 5.18 4.82 4.74 4.53 0.00 3.87 3.72 3.58 4.67 4.31 5.26 4.67 4.96 4.31 5.33 4.74 4.53 4.09 3.65 3.72 3.72 4.02 5.48 6.13 6.13 5.77 6.50 6.64 6.28 7.15
0.00 0.00 0.00 0.00 0.00 0.00 0.00 1.10 2.56 2.92 0.00 5.84 5.04 7.74 7.30 6.06 4.45 4.74 5.11 5.11 5.33 4.16 5.69 4.82 2.70 0.00 0.00 0.00 0.00 2.41 3.14 2.70 2.70 1.31 3.50 2.99 2.56 4.23 4.53 6.79 5.84 5.77 5.26 4.09 4.82 4.31 3.72 3.87 3.80 4.45 3.72 3.72 3.50 4.09 4.45 4.16 4.38 3.65 4.09 2.77 4.23 5.26 5.11 4.74 3.87 5.26 4.74 5.11 4.38 4.23 3.58 3.29 3.80 4.16 4.38 5.91 5.91 6.42 6.42 6.64 6.86 5.91
0.00 0.00 0.00 0.00 0.00 0.00 0.00 1.75 1.53 2.48 0.00 5.69 7.30 8.32 7.96 9.27 7.81 5.84 5.40 6.13 5.84 6.50 5.84 5.55 3.65 0.00 0.00 0.00 3.94 4.16 3.87 2.92 3.21 3.36 3.94 4.45 4.23 4.38 3.29 6.28 7.81 6.57 6.86 4.53 4.53 3.65 4.60 4.53 4.82 3.87 3.29 3.29 3.94 3.65 3.87 4.31 4.31 4.16 4.23 4.74 4.74 4.82 5.26 5.26 5.18 5.62 6.50 6.50 5.18 4.23 5.26 4.31 4.38 7.74 8.69 7.30 7.30 7.45 6.28 6.86 6.20 6.42
0.00 0.00 0.00 0.00 0.00 0.00 0.00 0.00 0.00 2.41 4.45 4.45 5.77 6.79 6.06 7.74 7.52 5.99 6.50 7.45 7.45 6.20 6.20 3.80 4.38 0.00 0.00 3.14 4.23 4.23 4.16 2.56 2.56 2.63 4.38 4.16 3.72 2.56 2.34 0.00 5.04 0.00 4.16 4.31 3.72 0.00 4.67 4.31 2.70 0.00 0.00 0.00 0.00 4.45 4.23 4.53 4.45 4.60 5.18 5.18 5.04 5.40 4.16 5.26 5.99 5.91 6.57 7.15 7.23 7.37 7.30 7.23 7.66 7.37 8.98 8.10 8.10 7.01 7.15 6.64 7.15 8.54
0.80 0.80 0.00 1.68 0.58 1.75 0.00 1.61 2.26 1.90 3.43 3.07 3.29 0.00 7.08 8.32 9.56 8.83 8.32 7.66 4.53 1.31 4.09 2.63 0.00 3.65 3.65 3.80 3.43 1.39 0.95 1.02 0.44 0.00 0.00 0.00 0.00 0.00 0.00 0.00 0.00 0.00 0.00 0.00 0.00 0.00 0.00 0.00 2.19 1.97 1.68 1.68 2.85 0.00 4.53 4.53 0.00 0.00 3.43 4.74 5.04 4.02 4.23 4.31 5.40 5.91 5.77 6.50 6.79 6.79 6.57 6.86 7.59 7.52 7.37 8.40 8.40 9.78 8.83 8.03 8.18 7.96
0.80 0.80 0.00 1.68 0.58 1.75 0.00 1.61 2.26 1.90 3.43 3.07 3.29 0.00 7.08 8.32 9.56 8.83 8.32 7.66 4.53 1.31 4.09 2.63 0.00 3.65 3.65 3.80 3.43 1.39 0.95 1.02 0.44 0.00 0.00 0.00 0.00 0.00 0.00 0.00 0.00 0.00 0.00 0.00 0.00 0.00 0.00 0.00 2.19 1.97 1.68 1.68 2.85 0.00 4.53 4.53 0.00 0.00 3.43 4.74 5.04 4.02 4.23 4.31 5.40 5.91 5.77 6.50 6.79 6.79 6.57 6.86 7.59 7.52 7.37 8.40 8.40 9.78 8.83 8.03 8.18 7.96
2.12 2.12 1.39 2.04 1.39 0.00 2.19 2.41 2.41 2.19 0.00 0.00 6.57 4.67 7.96 10.22 10.66 9.93 5.84 6.28 3.14 1.24 2.77 2.63 4.16 3.58 3.58 2.04 1.10 1.10 0.37 0.44 0.44 0.00 0.00 0.00 0.00 0.00 0.00 0.00 0.00 0.00 0.00 0.00 2.12 0.00 2.26 2.63 2.77 2.85 1.61 1.61 0.00 2.41 0.00 0.00 0.00 0.00 2.19 2.48 0.00 0.00 0.00 4.60 4.67 5.18 6.64 6.20 6.79 7.01 5.77 6.64 8.25 7.81 8.83 8.98 8.98 9.13 9.42 8.03 7.37 7.81
2.99 2.99 3.14 3.50 2.56 3.29 2.48 2.77 2.77 0.00 1.83 4.60 4.96 6.50 8.18 7.66 9.49 5.48 3.87 0.37 0.88 1.10 1.53 4.09 3.87 3.50 3.50 3.65 2.12 0.44 0.00 0.00 1.39 1.68 1.53 0.00 0.00 0.00 0.00 0.00 2.41 0.00 0.00 0.00 0.00 0.00 0.00 2.56 2.04 2.26 2.56 2.56 0.00 2.19 2.12 2.41 1.90 1.53 1.31 2.26 0.00 3.65 3.72 0.00 3.94 5.33 5.69 4.09 4.96 4.23 4.67 5.48 7.74 9.34 9.49 9.34 9.34 9.49 7.59 6.20 6.50 5.69
3.14 3.14 3.50 3.50 4.74 2.77 2.04 0.00 1.10 1.83 1.46 2.92 2.99 6.20 6.50 4.31 3.72 4.31 0.00 0.00 0.51 1.24 0.95 1.83 1.46 2.04 2.04 4.09 0.00 0.00 0.00 1.75 1.83 1.68 0.73 0.73 0.00 0.00 1.10 1.61 0.73 1.61 2.63 2.63 0.00 0.00 0.00 0.00 2.34 2.63 0.00 0.00 0.00 1.75 1.75 1.97 1.83 1.97 2.41 2.12 2.56 0.00 1.68 1.75 2.99 4.74 2.99 3.65 2.70 3.14 3.43 3.43 4.67 6.72 9.13 9.20 9.20 8.10 8.54 6.13 4.60 4.60
3.58 3.58 2.99 1.83 2.19 0.00 0.00 0.00 0.15 0.37 2.41 3.36 2.99 4.23 1.53 2.70 1.61 0.00 0.00 0.00 0.00 0.00 0.00 0.22 2.26 0.95 0.95 0.00 0.00 0.00 0.00 0.00 0.00 0.00 0.00 0.51 0.00 0.00 0.00 0.00 1.46 1.17 1.46 0.00 0.00 0.00 0.00 0.00 0.00 2.34 2.70 2.70 1.46 1.68 1.24 1.68 1.10 1.53 0.00 0.00 0.00 0.00 0.73 0.73 0.22 0.88 0.00 0.07 2.56 3.14 2.99 4.09 5.99 8.76 8.47 8.76 8.76 6.35 6.20 5.40 5.18 5.69
2.99 2.99 2.19 0.37 0.00 0.00 0.00 0.00 0.00 0.22 1.39 1.83 1.02 1.10 0.88 1.53 0.00 0.07 0.00 0.00 0.00 0.22 0.07 0.00 0.44 0.00 0.00 0.00 0.00 0.00 0.00 0.00 0.00 0.00 0.00 0.00 0.00 0.00 0.00 0.88 1.02 0.66 0.73 0.00 0.00 0.00 0.00 1.97 2.34 2.41 2.41 2.41 2.12 0.00 1.31 1.61 0.00 0.00 0.00 0.00 0.00 0.00 0.00 0.00 0.00 0.73 3.07 2.99 4.23 4.74 5.26 5.26 5.84 6.57 7.30 7.96 7.96 7.59 8.10 9.56 8.47 7.30
0.00 0.00 0.00 0.00 0.00 0.00 0.00 0.44 0.80 0.80 0.58 0.37 0.58 0.51 0.58 0.00 0.22 0.00 0.00 0.00 0.00 0.00 0.00 0.00 0.00 0.00 0.00 0.00 0.00 0.00 0.00 0.00 0.00 0.00 0.00 0.00 0.00 0.00 0.00 0.00 0.00 0.00 0.00 0.00 0.00 0.00 0.00 0.00 2.34 1.83 0.00 0.00 2.19 0.00 0.00 0.00 0.00 0.00 0.00 0.00 0.00 0.00 0.00 0.00 0.00 1.39 4.74 5.77 5.40 6.28 7.15 9.20 8.32 8.10 7.37 8.32 8.32 9.42 11.53 11.10 9.71 6.79
0.00 0.00 0.00 0.00 0.00 0.00 0.00 0.44 0.80 0.80 0.58 0.37 0.58 0.51 0.58 0.00 0.22 0.00 0.00 0.00 0.00 0.00 0.00 0.00 0.00 0.00 0.00 0.00 0.00 0.00 0.00 0.00 0.00 0.00 0.00 0.00 0.00 0.00 0.00 0.00 0.00 0.00 0.00 0.00 0.00 0.00 0.00 0.00 2.34 1.83 0.00 0.00 2.19 0.00 0.00 0.00 0.00 0.00 0.00 0.00 0.00 0.00 0.00 0.00 0.00 1.39 4.74 5.77 5.40 6.28 7.15 9.20 8.32 8.10 7.37 8.32 8.32 9.42 11.53 11.10 9.71 6.79
0.00 0.00 0.00 0.00 0.00 0.00 0.00 0.00 0.00 0.00 0.00 0.00 0.00 0.37 0.37 0.07 0.00 0.00 0.00 0.00 0.00 0.00 0.00 0.00 0.00 0.00 0.00 0.00 0.00 0.00 0.00 0.00 0.00 0.00 0.00 0.00 0.00 0.00 0.00 0.00 0.00 0.00 0.00 0.00 0.00 0.00 0.00 0.00 0.00 0.00 0.00 0.00 0.00 0.00 0.00 0.00 0.00 0.00 0.00 0.00 0.00 0.00 0.00 0.00 2.56 1.97 3.65 6.79 8.18 8.18 8.69 8.61 9.49 8.10 9.34 10.80 10.80 9.93 12.12 11.53 10.88 10.59
