Wansh/Snow_depth/snowdepth-1997/winter/1997354.txt
ncols 321
nrows 161
xllcenter 60
yllcenter 15 
cellsize  0.25 
NODATA_value -1
[rows 0 to 35 of 161, columns 83 to 165 of 321]
7.23 7.08 6.94 7.15 6.94 4.67 0.00 4.09 0.00 4.23 7.01 7.01 7.37 7.08 6.94 6.42 6.86 4.53 6.20 6.20 6.42 5.04 5.04 5.11 3.65 4.09 1.10 1.61 1.68 1.90 2.99 2.92 2.77 2.92 1.97 0.44 0.73 0.37 0.22 0.51 0.00 1.83 1.97 0.00 0.00 0.00 0.22 0.22 0.73 1.83 1.61 2.19 2.19 3.80 2.12 2.85 2.70 1.61 1.97 1.75 1.61 0.88 1.17 0.51 0.66 0.95 1.46 1.02 1.83 1.83 2.19 2.04 2.41 2.26 1.97 3.21 3.29 4.23 4.38 4.09 4.89 4.53 2.92
6.42 6.50 5.99 5.91 4.53 4.89 0.00 0.00 0.00 4.09 5.99 6.20 6.20 6.13 6.57 4.82 4.09 4.31 3.87 3.87 4.60 4.45 4.74 4.02 4.60 2.77 3.07 2.26 1.68 1.75 2.41 2.56 2.85 2.34 2.63 0.22 0.00 0.51 0.29 0.00 0.00 1.10 1.02 1.97 1.97 2.41 1.10 0.73 0.44 1.75 1.61 1.46 1.83 2.26 2.26 1.75 2.12 2.04 2.77 2.41 2.77 1.61 1.83 1.31 0.88 2.99 0.88 3.21 4.23 4.23 4.09 3.65 4.38 3.21 2.63 1.97 3.50 3.21 3.94 3.87 4.38 3.94 6.57
5.26 6.06 6.06 5.84 2.34 1.75 1.68 0.00 6.35 5.84 5.91 7.23 6.64 6.79 4.60 4.96 4.60 4.09 4.16 4.16 3.50 4.16 4.23 4.16 4.53 2.99 2.12 2.48 2.56 2.63 2.63 2.63 1.39 1.68 0.22 0.22 0.66 0.00 0.51 1.10 0.73 0.00 0.22 0.07 0.07 1.83 2.41 2.19 2.63 1.75 1.97 1.39 1.61 1.46 2.77 3.80 3.50 5.11 6.72 6.35 6.50 7.23 5.69 4.67 5.26 3.43 3.80 5.62 6.79 6.79 6.64 5.26 4.38 4.89 4.02 3.50 3.65 4.96 3.94 4.23 4.89 5.18 6.20
5.26 6.06 6.06 5.84 2.34 1.75 1.68 0.00 6.35 5.84 5.91 7.23 6.64 6.79 4.60 4.96 4.60 4.09 4.16 4.16 3.50 4.16 4.23 4.16 4.53 2.99 2.12 2.48 2.56 2.63 2.63 2.63 1.39 1.68 0.22 0.22 0.66 0.00 0.51 1.10 0.73 0.00 0.22 0.07 0.07 1.83 2.41 2.19 2.63 1.75 1.97 1.39 1.61 1.46 2.77 3.80 3.50 5.11 6.72 6.35 6.50 7.23 5.69 4.67 5.26 3.43 3.80 5.62 6.79 6.79 6.64 5.26 4.38 4.89 4.02 3.50 3.65 4.96 3.94 4.23 4.89 5.18 6.20
4.67 0.00 2.19 2.34 2.34 4.45 5.48 5.26 5.99 4.67 6.86 7.15 5.48 5.62 5.91 5.55 4.38 4.53 2.99 2.99 3.29 2.41 4.60 4.67 5.40 4.23 4.53 2.77 2.92 2.77 2.70 3.50 1.46 2.19 2.34 2.41 1.90 1.83 1.46 1.61 0.37 0.00 0.00 0.00 0.00 0.00 1.68 1.75 1.53 2.04 1.68 1.83 1.24 2.26 1.90 3.07 4.53 4.16 6.20 7.66 7.37 7.59 8.98 9.49 9.34 4.82 5.33 5.26 5.40 5.40 6.42 5.69 5.99 5.11 4.31 4.45 5.33 4.89 5.69 6.57 5.84 7.59 7.59
0.00 4.02 0.00 0.00 2.70 3.21 2.77 2.19 2.41 3.07 2.48 4.09 4.09 6.13 5.77 5.62 4.67 3.87 3.87 3.87 2.56 2.41 3.87 4.53 4.09 4.09 3.80 4.16 2.41 2.04 1.90 2.48 2.48 2.77 3.21 3.29 2.04 1.02 1.24 0.00 0.00 0.00 0.00 0.00 0.00 0.00 1.10 0.58 2.92 3.07 3.14 1.61 1.10 1.02 1.75 1.97 1.97 3.21 5.33 4.31 7.37 9.05 8.54 10.37 12.63 10.73 10.29 6.13 5.91 5.91 5.04 4.82 4.89 5.48 6.86 5.84 5.48 5.84 4.23 6.42 6.79 8.10 8.61
0.00 0.00 0.00 0.00 0.00 2.70 2.56 1.17 0.44 0.73 1.90 0.73 3.50 3.07 5.26 4.82 4.23 3.65 3.07 3.07 3.14 3.58 4.16 3.87 4.60 4.45 3.80 2.41 2.56 2.70 2.56 2.56 3.07 3.29 3.36 2.19 2.77 1.17 0.00 0.00 0.00 0.00 0.00 0.00 0.00 0.73 0.66 2.19 2.99 4.45 2.48 2.85 1.24 1.97 1.61 3.14 3.94 4.53 5.40 7.23 8.76 8.61 11.61 13.65 13.43 13.36 11.53 8.10 4.89 4.89 5.33 4.60 6.94 7.37 7.96 6.57 7.45 8.25 5.40 5.91 6.42 6.42 6.72
0.00 0.00 0.00 0.00 0.00 2.70 2.56 1.17 0.44 0.73 1.90 0.73 3.50 3.07 5.26 4.82 4.23 3.65 3.07 3.07 3.14 3.58 4.16 3.87 4.60 4.45 3.80 2.41 2.56 2.70 2.56 2.56 3.07 3.29 3.36 2.19 2.77 1.17 0.00 0.00 0.00 0.00 0.00 0.00 0.00 0.73 0.66 2.19 2.99 4.45 2.48 2.85 1.24 1.97 1.61 3.14 3.94 4.53 5.40 7.23 8.76 8.61 11.61 13.65 13.43 13.36 11.53 8.10 4.89 4.89 5.33 4.60 6.94 7.37 7.96 6.57 7.45 8.25 5.40 5.91 6.42 6.42 6.72
0.00 0.00 0.00 0.00 0.00 0.00 1.31 1.75 0.00 0.00 0.00 0.00 1.24 2.85 2.12 3.87 4.45 4.45 3.80 3.80 4.53 4.09 5.18 4.16 4.23 2.63 2.77 3.14 2.56 2.56 2.48 2.70 3.29 2.85 3.14 3.14 2.48 0.88 0.44 0.44 0.00 0.00 0.00 0.00 0.00 0.44 1.46 1.31 2.12 2.41 2.63 3.21 4.16 4.23 3.14 4.16 3.80 4.96 6.50 5.91 7.74 5.18 6.42 9.78 9.34 10.37 7.37 8.47 8.69 8.69 7.37 7.88 10.22 8.98 8.69 8.25 7.37 9.05 7.59 7.45 6.06 6.42 5.77
0.00 0.00 0.00 1.39 0.00 0.00 1.83 0.00 0.00 0.00 0.00 0.58 0.00 1.53 2.56 2.63 3.36 3.72 3.43 3.43 3.87 5.11 4.82 4.60 3.36 3.36 3.36 3.14 2.92 2.70 2.70 2.34 1.97 1.83 2.70 2.85 3.14 1.46 1.10 1.17 1.02 0.73 1.02 1.02 1.02 1.61 2.12 2.12 4.02 3.50 4.96 4.89 6.79 8.10 5.69 4.38 4.38 4.09 4.60 4.53 4.09 4.31 4.09 4.96 2.99 5.11 4.53 6.94 8.76 8.76 9.56 9.93 10.73 9.49 8.69 9.27 8.03 10.15 11.46 11.53 8.69 6.13 5.40
0.00 1.75 1.31 1.46 0.00 0.00 0.00 0.00 0.00 0.00 0.00 0.00 0.73 1.53 2.26 2.56 2.56 2.56 4.23 4.23 3.58 5.91 4.23 4.45 2.70 2.56 2.70 2.56 2.26 2.41 1.97 2.56 1.61 2.26 2.34 1.53 1.53 1.39 1.75 0.88 0.95 1.24 1.10 1.02 1.02 2.34 2.26 2.34 3.58 4.82 5.11 5.26 7.74 7.81 6.13 4.23 4.45 4.38 4.23 4.89 3.87 3.80 2.92 2.19 3.65 5.11 4.67 10.07 13.36 13.36 14.38 12.63 15.48 14.09 11.17 8.03 10.15 10.00 11.53 12.26 10.00 7.88 7.52
0.00 1.75 1.31 1.46 0.00 0.00 0.00 0.00 0.00 0.00 0.00 0.00 0.73 1.53 2.26 2.56 2.56 2.56 4.23 4.23 3.58 5.91 4.23 4.45 2.70 2.56 2.70 2.56 2.26 2.41 1.97 2.56 1.61 2.26 2.34 1.53 1.53 1.39 1.75 0.88 0.95 1.24 1.10 1.02 1.02 2.34 2.26 2.34 3.58 4.82 5.11 5.26 7.74 7.81 6.13 4.23 4.45 4.38 4.23 4.89 3.87 3.80 2.92 2.19 3.65 5.11 4.67 10.07 13.36 13.36 14.38 12.63 15.48 14.09 11.17 8.03 10.15 10.00 11.53 12.26 10.00 7.88 7.52
1.97 1.61 1.46 1.97 0.00 0.00 0.00 0.00 0.00 0.00 0.00 3.43 3.94 4.96 4.60 3.80 4.45 4.67 5.11 5.11 6.42 6.13 4.45 2.70 2.77 3.14 1.53 1.90 1.97 2.26 2.19 2.77 3.14 2.04 2.04 2.26 1.46 1.83 1.75 2.26 2.48 2.92 2.85 2.70 2.70 1.61 2.12 1.24 2.12 4.31 3.72 3.87 4.67 3.14 2.63 2.19 3.14 5.26 6.06 6.28 5.11 5.40 4.16 3.94 3.72 4.53 7.15 11.61 14.24 14.24 17.01 17.23 13.87 17.30 10.51 10.44 8.47 8.69 9.86 11.02 9.27 10.15 8.83
1.68 1.83 0.00 0.00 0.00 0.00 0.00 0.00 0.00 0.00 0.00 0.00 4.74 5.48 6.28 6.13 6.35 7.01 6.28 6.28 5.62 3.80 4.45 2.92 2.77 3.72 1.53 2.12 1.39 2.19 3.50 3.29 4.16 3.14 3.58 2.34 2.70 2.26 2.48 2.19 2.26 2.41 2.19 2.41 2.41 1.68 1.46 1.61 2.77 3.65 3.65 3.80 2.70 1.75 2.04 1.24 0.88 3.21 2.63 4.60 4.74 4.02 5.84 5.55 7.01 7.66 10.22 13.72 12.78 12.78 17.16 17.30 18.47 15.11 12.41 10.00 10.59 9.42 7.74 7.45 8.10 5.99 5.84
1.97 2.04 0.00 0.00 0.00 0.00 0.00 0.00 4.82 4.45 4.09 5.40 5.33 3.65 5.91 5.55 5.18 5.18 4.31 4.31 4.45 3.43 3.36 3.29 3.07 2.92 1.90 1.24 2.56 2.70 4.60 6.13 5.55 3.65 2.70 3.07 2.41 1.53 1.83 0.66 1.75 1.53 1.24 2.04 2.04 1.68 1.31 1.46 1.68 3.36 3.43 4.02 2.99 3.29 1.83 0.88 1.17 1.39 3.14 2.77 2.70 2.63 3.43 3.72 5.55 10.59 11.46 12.99 12.78 12.78 14.67 15.33 15.99 13.72 9.49 8.25 4.67 9.86 9.93 0.00 0.00 0.00 3.87
0.00 0.00 0.00 0.00 0.00 0.00 0.00 2.85 2.92 3.58 3.58 2.56 2.99 2.85 3.72 3.50 3.29 3.29 4.09 4.09 3.43 3.50 2.77 3.72 3.65 3.29 3.80 3.94 3.07 4.31 4.09 5.91 6.28 6.57 3.21 1.61 1.83 1.31 1.39 1.39 1.68 2.48 1.39 1.68 1.68 1.75 0.80 0.95 1.17 2.26 3.36 3.29 3.29 2.56 2.77 2.34 2.41 1.83 2.99 2.77 2.92 2.92 3.07 3.07 3.87 3.80 8.40 10.51 12.05 12.05 12.34 14.31 10.44 12.05 7.88 5.99 5.48 0.00 0.00 0.00 0.00 0.00 3.80
0.00 0.00 0.00 0.00 0.00 0.00 0.00 2.85 2.92 3.58 3.58 2.56 2.99 2.85 3.72 3.50 3.29 3.29 4.09 4.09 3.43 3.50 2.77 3.72 3.65 3.29 3.80 3.94 3.07 4.31 4.09 5.91 6.28 6.57 3.21 1.61 1.83 1.31 1.39 1.39 1.68 2.48 1.39 1.68 1.68 1.75 0.80 0.95 1.17 2.26 3.36 3.29 3.29 2.56 2.77 2.34 2.41 1.83 2.99 2.77 2.92 2.92 3.07 3.07 3.87 3.80 8.40 10.51 12.05 12.05 12.34 14.31 10.44 12.05 7.88 5.99 5.48 0.00 0.00 0.00 0.00 0.00 3.80
0.00 0.00 0.00 0.00 0.00 3.29 2.56 1.61 1.61 2.04 2.56 2.48 4.16 4.38 4.67 5.18 3.36 4.23 4.31 4.31 2.70 2.04 2.04 1.53 3.14 3.21 3.58 2.63 2.77 2.77 4.16 3.87 5.33 5.11 4.02 4.67 1.83 1.24 2.04 2.85 1.39 2.99 2.41 0.88 0.88 0.80 1.75 1.83 1.31 2.41 1.83 1.97 1.97 1.75 1.46 2.34 2.48 1.68 1.83 3.07 3.94 8.83 8.76 6.64 5.04 5.77 6.86 8.69 15.55 15.55 14.24 15.18 11.24 8.10 6.35 6.86 6.28 2.85 0.00 0.00 2.77 4.23 4.16
0.00 0.00 0.00 0.00 0.00 0.00 3.36 3.50 2.04 2.41 3.14 4.96 4.38 5.84 6.13 4.67 5.11 4.23 3.58 3.58 3.80 1.97 1.24 1.24 2.04 2.63 2.99 2.85 2.12 2.12 2.48 3.80 4.67 5.33 4.96 2.04 2.85 0.73 0.66 0.95 0.00 0.80 2.56 2.41 2.41 2.19 1.17 1.53 0.80 1.31 2.19 1.97 1.90 0.44 0.15 0.51 0.44 1.24 2.99 5.62 10.07 8.40 10.66 14.38 7.37 7.74 6.79 13.29 15.55 15.55 13.94 14.75 12.05 7.15 3.14 4.96 0.00 6.57 0.00 0.00 2.70 1.02 1.46
0.00 0.00 0.00 0.00 3.43 5.04 4.09 4.23 2.56 3.29 3.36 4.60 5.48 5.84 6.28 4.45 4.16 4.16 4.23 4.23 3.58 3.80 3.72 2.26 2.34 2.48 4.09 4.23 3.50 2.41 3.36 3.21 3.50 3.43 3.50 3.07 1.97 1.53 0.66 0.00 0.00 0.00 2.56 2.92 2.92 3.43 0.00 0.00 1.53 0.00 2.12 2.77 0.95 1.24 0.58 0.80 2.56 3.36 2.34 2.99 9.20 10.88 15.33 14.09 11.83 10.00 11.75 11.97 13.58 13.58 11.68 7.23 1.39 1.68 1.02 2.48 2.12 1.97 0.00 0.58 0.44 0.00 0.51
0.00 4.67 4.74 4.53 4.53 5.26 4.82 3.58 4.02 3.87 5.04 4.89 5.33 5.04 4.89 4.09 4.74 6.06 6.06 6.06 4.38 5.26 5.48 5.62 2.63 4.53 4.45 4.60 4.60 5.18 2.26 2.41 2.48 2.56 3.14 3.50 2.19 0.88 0.00 0.00 0.22 1.17 2.77 2.63 2.63 3.80 4.31 4.45 2.77 3.50 3.43 3.43 3.87 2.63 2.99 4.09 3.94 4.23 6.42 4.96 6.79 5.91 10.88 9.78 8.03 9.86 8.47 8.40 10.00 10.00 8.40 1.02 0.66 0.15 0.15 0.44 0.15 0.00 0.00 0.00 0.00 0.00 0.00
4.38 4.38 4.53 3.65 4.02 4.96 3.07 4.60 4.60 4.67 5.11 4.60 4.53 4.67 6.42 6.86 5.26 6.64 7.15 7.15 6.94 6.79 7.37 7.15 8.69 6.13 6.72 6.86 5.18 3.72 3.94 2.70 1.83 1.97 2.63 2.12 0.88 1.46 0.00 0.00 0.00 0.15 1.46 2.04 2.04 1.68 3.07 2.85 0.00 2.19 0.00 0.00 2.92 2.92 2.85 4.16 5.18 6.64 5.40 4.16 4.67 4.45 4.67 4.53 5.33 5.99 7.37 2.85 2.04 2.04 1.90 0.51 0.00 0.95 0.22 0.66 0.00 0.00 0.00 0.00 0.00 0.00 0.00
4.38 4.38 4.53 3.65 4.02 4.96 3.07 4.60 4.60 4.67 5.11 4.60 4.53 4.67 6.42 6.86 5.26 6.64 7.15 7.15 6.94 6.79 7.37 7.15 8.69 6.13 6.72 6.86 5.18 3.72 3.94 2.70 1.83 1.97 2.63 2.12 0.88 1.46 0.00 0.00 0.00 0.15 1.46 2.04 2.04 1.68 3.07 2.85 0.00 2.19 0.00 0.00 2.92 2.92 2.85 4.16 5.18 6.64 5.40 4.16 4.67 4.45 4.67 4.53 5.33 5.99 7.37 2.85 2.04 2.04 1.90 0.51 0.00 0.95 0.22 0.66 0.00 0.00 0.00 0.00 0.00 0.00 0.00
0.00 0.00 0.00 0.00 0.00 2.19 0.00 4.16 5.77 6.13 6.28 4.60 6.28 5.69 6.64 6.72 7.08 6.06 6.79 6.79 6.50 6.64 8.69 8.98 7.88 7.88 6.20 5.40 5.69 4.45 3.72 4.23 2.56 2.04 1.53 1.68 1.17 0.37 0.15 0.00 1.10 0.95 1.17 0.44 0.44 0.00 0.00 0.00 0.00 0.00 0.00 0.00 1.24 0.80 2.26 3.80 3.58 3.36 4.38 3.80 2.04 3.65 4.02 4.45 4.53 4.74 4.02 0.00 0.00 0.00 4.02 3.58 3.36 1.75 1.83 1.10 0.07 0.00 0.00 0.00 0.00 0.00 0.00
0.00 0.00 0.00 0.00 0.00 3.14 4.60 4.16 5.91 6.72 6.72 6.35 6.64 4.82 5.84 5.55 5.99 6.64 6.79 6.79 5.04 5.04 4.45 7.66 7.37 6.53 7.50 6.12 5.04 5.69 3.50 2.63 2.85 2.56 1.83 1.10 1.46 0.22 0.44 1.24 0.80 1.31 0.66 0.29 0.29 0.37 0.00 0.00 0.00 0.00 0.00 0.00 0.00 0.00 0.00 2.99 3.50 2.99 0.00 0.00 2.41 1.75 4.09 4.53 0.00 2.63 3.80 0.00 0.00 0.00 3.94 2.92 3.58 1.10 1.31 0.29 0.00 0.00 0.00 0.00 0.00 0.00 0.00
0.00 0.00 0.00 0.00 0.00 4.02 5.11 6.94 6.86 7.52 5.11 4.74 5.18 0.00 0.00 4.67 4.53 4.31 2.85 2.85 3.80 4.09 6.35 6.72 8.34 8.73 7.67 8.12 6.85 5.18 3.36 3.94 2.04 3.29 2.04 0.66 0.00 0.00 0.00 0.44 0.95 0.95 0.00 0.00 0.00 0.00 0.00 0.00 0.00 0.00 0.00 0.00 0.00 0.00 0.00 2.34 0.00 0.00 0.00 0.00 0.00 0.00 4.09 1.53 1.90 1.53 1.39 1.17 1.17 1.17 1.68 1.97 1.90 0.80 1.10 1.17 0.80 0.80 2.34 0.37 0.66 0.80 0.00
5.62 5.69 3.58 4.74 6.13 5.77 5.84 5.99 5.04 0.00 4.31 0.00 0.00 0.00 0.00 0.00 2.92 2.77 3.58 3.58 0.00 2.41 5.11 6.10 6.47 6.51 5.75 7.57 7.01 7.53 4.25 3.36 3.50 3.58 3.29 2.12 2.26 1.39 0.22 1.10 0.88 0.51 0.37 0.00 0.00 0.00 0.00 0.00 0.00 0.00 0.00 0.00 0.00 0.00 0.00 0.00 0.00 0.00 0.00 0.00 0.00 0.00 0.00 0.00 1.68 1.61 1.17 1.83 3.14 3.14 3.72 3.80 2.48 2.19 1.46 0.44 2.19 2.70 1.90 1.24 0.73 0.95 0.58
6.79 5.69 5.40 4.82 7.96 8.40 8.32 6.42 5.48 3.21 0.00 0.00 0.00 0.00 0.00 0.00 0.00 0.00 0.00 0.00 0.00 0.00 0.00 3.61 4.74 4.74 4.02 4.52 5.32 7.34 6.12 4.26 3.87 3.87 4.16 4.02 2.92 3.36 1.83 1.02 0.58 0.88 0.58 0.00 0.00 0.00 0.00 0.00 0.00 0.00 0.00 0.00 0.00 0.00 0.00 0.00 0.00 0.00 0.00 0.00 1.31 0.00 2.41 0.00 2.34 2.26 3.87 6.57 5.84 5.84 6.06 6.06 3.43 3.87 3.14 1.97 2.19 1.97 1.90 1.10 1.97 2.12 1.53
6.79 5.69 5.40 4.82 7.96 8.40 8.32 6.42 5.48 3.21 0.00 0.00 0.00 0.00 0.00 0.00 0.00 0.00 0.00 0.00 0.00 0.00 0.00 3.52 4.87 4.67 4.02 4.38 4.94 6.86 6.21 4.30 4.03 4.35 4.40 4.12 2.92 3.36 1.83 1.02 0.58 0.88 0.58 0.00 0.00 0.00 0.00 0.00 0.00 0.00 0.00 0.00 0.00 0.00 0.00 0.00 0.00 0.00 0.00 0.00 1.31 0.00 2.41 0.00 2.34 2.26 3.87 6.57 5.84 5.84 6.06 6.06 3.43 3.87 3.14 1.97 2.19 1.97 1.90 1.10 1.97 2.12 1.53
7.37 5.77 6.28 7.30 7.01 8.69 7.30 7.15 7.45 7.30 1.17 0.00 1.61 0.00 0.00 0.00 0.00 7.66 0.00 0.00 0.00 0.00 0.00 0.00 0.00 0.00 2.95 2.65 3.23 4.23 6.24 6.19 4.92 6.54 6.23 5.87 5.30 5.90 3.87 1.75 2.56 1.24 0.88 0.00 0.00 0.00 0.00 0.00 0.22 0.00 0.00 0.00 0.00 0.00 0.00 0.00 0.00 0.00 0.00 0.00 2.26 0.00 0.00 0.00 2.48 6.79 6.06 7.37 7.23 7.23 5.99 5.18 3.65 3.07 2.85 2.99 2.92 3.50 3.07 3.50 3.21 2.41 1.24
3.43 4.45 0.00 5.77 4.23 4.16 6.50 6.86 9.20 9.27 8.18 5.40 2.56 3.65 3.80 5.33 7.88 7.52 5.99 5.99 0.00 0.00 0.00 1.39 0.00 0.00 0.52 1.39 0.00 2.23 5.01 4.89 5.77 5.55 7.10 7.26 7.42 7.11 4.84 3.72 1.90 2.26 1.17 0.07 0.07 0.00 0.00 0.00 0.00 1.46 0.00 0.00 0.00 0.00 0.00 0.00 0.00 0.00 0.00 0.00 0.00 0.00 0.00 1.61 3.80 5.40 6.79 5.91 7.81 7.81 7.74 6.79 5.11 4.16 4.74 3.72 3.43 3.80 2.92 2.41 4.16 2.63 2.77
3.50 3.50 2.85 0.00 3.21 3.72 5.40 5.69 7.01 7.01 6.86 5.33 4.31 4.89 5.11 5.91 6.86 4.89 5.11 5.11 3.29 2.34 2.77 1.83 0.00 0.00 0.00 0.00 0.00 0.00 0.00 4.89 6.13 6.64 6.72 7.38 6.85 6.66 6.57 4.82 3.80 4.60 3.50 1.17 1.17 1.31 0.15 0.00 0.00 0.00 0.00 0.00 0.00 0.00 0.00 0.00 0.00 0.00 0.00 0.00 0.00 0.00 0.00 0.00 2.63 4.16 2.04 4.53 8.91 8.91 7.66 9.34 7.74 4.16 5.26 2.48 3.87 4.74 6.42 6.42 6.64 3.87 3.65
5.69 1.83 2.12 3.07 4.23 3.14 3.80 3.43 4.60 5.11 4.89 5.77 5.11 5.84 5.69 6.20 5.91 3.43 2.41 2.41 2.34 1.68 3.29 0.00 0.00 0.00 0.00 0.00 0.00 0.00 0.00 2.41 4.89 6.28 7.15 9.34 8.10 8.37 9.68 7.60 6.42 6.86 4.38 2.41 2.41 1.68 2.26 0.95 1.39 0.00 0.00 0.00 0.00 0.00 0.00 0.00 0.00 0.00 0.22 0.00 0.00 0.00 0.00 0.22 0.00 0.00 0.58 3.50 6.50 6.50 3.65 4.74 6.28 1.90 1.97 1.83 2.70 6.64 6.20 6.28 6.79 6.20 6.28
6.06 4.60 5.26 4.53 2.56 2.92 5.04 4.67 5.18 5.53 7.08 8.61 7.96 7.66 4.74 2.48 2.92 2.12 0.37 0.37 0.00 1.61 0.00 3.87 0.00 4.09 0.00 0.00 0.00 0.00 0.00 0.00 3.50 0.00 5.48 8.54 9.78 10.51 10.44 10.01 7.94 5.36 5.99 4.60 4.60 4.67 3.21 1.97 0.44 1.02 0.00 0.00 0.00 0.00 0.00 0.00 0.00 0.00 0.00 0.88 0.00 0.00 0.00 0.00 0.00 0.00 0.00 2.41 0.00 0.00 0.00 0.22 2.12 0.00 1.31 1.10 3.21 3.50 5.91 5.18 5.33 5.04 5.48
7.30 8.03 4.38 3.94 3.72 4.16 2.63 7.52 6.64 7.94 5.84 7.59 5.18 3.50 4.09 1.53 0.00 0.00 0.00 0.00 0.00 0.00 0.00 0.00 0.00 3.94 4.45 3.36 0.00 0.00 0.00 0.00 0.00 4.97 7.15 6.57 8.47 10.15 11.36 11.24 10.22 10.40 7.23 5.48 5.48 4.38 4.82 4.02 4.16 2.12 0.88 1.53 0.22 0.00 0.00 0.00 0.00 0.00 0.00 0.07 0.00 0.00 0.00 0.00 0.00 0.00 0.00 0.00 0.00 0.00 0.00 0.00 0.07 0.22 0.37 0.22 0.00 0.00 0.00 0.00 3.87 5.91 5.77
7.30 8.03 4.38 3.94 3.72 4.16 2.63 7.52 6.64 7.74 5.84 7.59 5.18 3.50 4.09 1.53 0.00 0.00 0.00 0.00 0.00 0.00 0.00 0.00 0.00 3.94 4.45 3.36 0.00 0.00 0.00 0.00 0.00 4.82 7.15 6.60 8.51 10.15 11.30 11.36 10.22 10.29 7.23 5.48 5.48 4.38 4.82 4.02 4.16 2.12 0.88 1.53 0.22 0.00 0.00 0.00 0.00 0.00 0.00 0.07 0.00 0.00 0.00 0.00 0.00 0.00 0.00 0.00 0.00 0.00 0.00 0.00 0.07 0.22 0.37 0.22 0.00 0.00 0.00 0.00 3.87 5.91 5.77
