Wansh/Snow_depth/snowdepth-1997/winter/1997335.txt
ncols 321
nrows 161
xllcenter 60
yllcenter 15 
cellsize  0.25 
NODATA_value -1
[rows 0 to 36 of 161, columns 83 to 165 of 321]
4.38 3.94 4.31 4.38 4.09 4.31 2.19 2.85 1.61 1.97 1.61 3.43 2.92 4.09 3.50 3.58 3.07 3.07 3.65 3.65 3.72 3.80 3.58 2.92 3.29 0.95 0.15 0.07 0.58 0.37 0.37 0.66 0.73 0.95 0.22 0.73 0.00 0.00 0.00 0.00 0.00 0.00 0.00 0.00 0.00 0.00 0.00 0.00 0.00 0.00 0.15 0.00 0.66 1.24 1.10 1.10 1.10 1.39 1.68 0.80 0.73 0.58 0.66 0.66 0.66 0.29 0.37 0.00 0.00 0.00 0.66 1.68 1.90 1.90 2.56 2.56 2.41 2.04 2.77 2.56 2.12 2.19 2.34
4.16 4.45 4.31 4.16 3.87 1.83 2.70 0.00 0.00 0.73 3.21 2.34 3.65 2.92 3.07 1.97 2.34 1.75 2.77 2.77 2.56 2.26 2.56 2.04 2.56 1.90 0.44 0.51 0.51 0.51 0.73 1.24 1.24 0.58 0.07 0.44 0.00 0.00 0.00 0.00 0.00 0.00 0.00 0.80 0.80 0.88 0.44 0.29 0.00 0.00 0.00 1.10 1.10 0.44 1.90 2.77 2.77 2.92 2.70 2.19 4.45 3.14 0.44 0.58 0.95 0.29 1.75 3.87 2.70 2.70 2.85 2.41 1.24 1.61 2.04 2.12 2.92 2.92 2.19 1.97 2.41 2.12 2.85
4.23 3.80 4.02 2.92 3.29 1.90 2.34 1.97 1.68 3.80 3.07 4.82 4.53 3.87 3.14 3.43 2.19 1.83 2.12 2.12 2.19 2.41 1.46 2.56 2.70 1.61 0.58 0.95 0.00 0.95 0.80 1.17 1.46 1.02 0.58 0.37 0.44 0.37 0.37 0.95 0.00 0.00 0.00 0.00 0.00 0.00 0.44 0.58 0.44 0.66 0.73 1.31 2.04 1.75 2.56 3.94 5.55 6.20 7.15 6.94 5.69 4.67 4.23 6.06 4.60 5.18 4.89 4.31 4.82 4.82 4.74 2.12 3.07 2.04 1.24 2.56 2.77 2.92 2.92 2.92 2.12 2.26 2.56
4.23 3.80 4.02 2.92 3.29 1.90 2.34 1.97 1.68 3.80 3.07 4.82 4.53 3.87 3.14 3.43 2.19 1.83 2.12 2.12 2.19 2.41 1.46 2.56 2.70 1.61 0.58 0.95 0.00 0.95 0.80 1.17 1.46 1.02 0.58 0.37 0.44 0.37 0.37 0.95 0.00 0.00 0.00 0.00 0.00 0.00 0.44 0.58 0.44 0.66 0.73 1.31 2.04 1.75 2.56 3.94 5.55 6.20 7.15 6.94 5.69 4.67 4.23 6.06 4.60 5.18 4.89 4.31 4.82 4.82 4.74 2.12 3.07 2.04 1.24 2.56 2.77 2.92 2.92 2.92 2.12 2.26 2.56
4.38 3.21 1.61 1.83 1.68 1.61 2.34 3.21 3.43 3.14 3.72 4.16 3.72 3.65 3.87 2.92 3.21 1.90 1.10 1.10 1.68 0.51 1.83 1.61 3.14 2.48 2.56 1.31 0.07 0.00 1.17 1.46 1.53 0.95 0.80 0.66 0.88 0.51 0.51 0.66 0.07 0.00 0.00 0.00 0.00 0.00 0.00 0.00 0.29 0.00 1.61 0.88 1.17 0.73 2.19 1.46 2.41 5.26 6.13 6.72 6.28 7.23 6.13 6.06 5.77 6.42 5.69 5.99 6.06 6.06 5.04 4.67 2.92 2.19 2.48 2.85 2.92 3.29 3.50 3.58 4.60 4.23 3.29
3.65 3.94 2.41 2.99 2.85 1.90 1.68 3.36 2.70 2.63 3.07 3.07 2.85 4.31 4.23 4.38 4.67 2.56 1.68 1.68 0.07 0.00 1.24 2.19 1.97 2.77 2.04 0.95 0.22 1.17 1.10 1.31 1.17 2.04 1.97 1.68 0.88 0.44 0.00 0.66 0.00 0.00 0.00 0.00 0.00 0.00 0.00 0.00 0.80 0.51 0.00 0.44 0.66 0.58 1.61 1.10 2.19 3.50 5.48 6.35 6.13 7.37 7.96 7.23 9.42 7.81 6.57 5.91 4.67 4.67 3.29 3.72 3.29 5.62 3.43 3.07 3.80 3.43 3.43 3.50 3.72 4.02 4.96
3.80 2.85 2.92 2.48 1.31 1.31 1.75 1.61 1.46 1.83 1.46 2.63 3.29 3.07 3.87 3.94 3.72 3.43 2.04 2.04 2.19 2.26 2.19 2.26 2.04 3.21 3.29 1.90 0.95 0.66 1.31 1.10 0.66 1.68 1.39 1.02 1.02 1.10 0.44 0.00 0.00 0.00 0.00 0.00 0.00 0.29 0.44 0.37 0.73 0.66 1.10 0.95 0.44 1.02 2.63 4.31 4.16 4.09 5.55 6.94 7.74 7.81 10.07 10.66 10.80 7.45 8.10 7.15 4.60 4.60 4.89 6.64 6.35 6.64 4.02 4.74 4.38 6.20 4.82 4.89 3.94 3.87 4.02
3.80 2.85 2.92 2.48 1.31 1.31 1.75 1.61 1.46 1.83 1.46 2.63 3.29 3.07 3.87 3.94 3.72 3.43 2.04 2.04 2.19 2.26 2.19 2.26 2.04 3.21 3.29 1.90 0.95 0.66 1.31 1.10 0.66 1.68 1.39 1.02 1.02 1.10 0.44 0.00 0.00 0.00 0.00 0.00 0.00 0.29 0.44 0.37 0.73 0.66 1.10 0.95 0.44 1.02 2.63 4.31 4.16 4.09 5.55 6.94 7.74 7.81 10.07 10.66 10.80 7.45 8.10 7.15 4.60 4.60 4.89 6.64 6.35 6.64 4.02 4.74 4.38 6.20 4.82 4.89 3.94 3.87 4.02
0.66 2.26 1.31 2.12 1.53 2.19 1.97 1.83 2.41 2.56 1.02 0.66 0.44 0.88 1.90 3.50 2.85 2.77 3.36 3.36 2.56 2.70 2.70 2.26 1.97 2.12 1.53 1.02 0.66 0.58 0.88 0.44 0.37 1.02 0.37 0.58 0.37 0.73 0.00 0.00 0.00 0.00 0.00 0.00 0.00 0.00 0.73 0.00 1.10 0.95 3.07 2.77 4.09 4.09 2.41 4.23 4.31 4.31 5.04 4.74 6.20 8.18 4.53 4.53 6.20 6.72 5.69 6.79 4.53 4.53 6.13 7.01 6.94 7.74 7.30 6.86 6.72 6.50 5.11 7.15 4.60 3.87 4.38
0.44 0.66 0.44 0.80 1.53 1.39 2.34 1.75 2.12 0.73 1.10 0.07 0.66 0.66 0.95 2.26 2.19 2.04 2.85 2.85 2.70 2.77 3.14 1.68 1.97 1.31 0.22 0.00 0.88 1.17 0.51 0.73 0.37 0.88 1.10 0.29 1.10 0.44 0.44 0.73 0.29 0.00 0.00 0.00 0.00 0.58 1.17 2.12 1.46 1.75 1.24 6.64 6.28 5.84 5.26 4.02 4.53 4.23 2.77 3.21 4.02 3.43 4.31 2.85 3.50 1.83 2.77 4.31 3.58 3.58 5.18 9.93 9.78 8.83 7.74 8.69 6.64 6.20 8.76 7.96 5.69 4.38 3.07
0.00 0.66 1.61 1.61 1.97 2.41 2.26 1.61 0.51 0.51 1.17 0.73 0.80 0.95 1.97 1.46 2.48 2.48 1.75 1.75 2.85 3.14 2.70 1.97 0.80 0.66 0.22 0.58 0.88 0.66 0.88 0.37 0.22 0.00 0.00 0.51 0.58 0.29 0.58 0.58 0.80 0.37 0.07 0.37 0.37 2.19 2.12 2.63 2.70 2.34 4.31 3.65 3.65 4.82 3.94 3.43 4.02 2.85 2.70 3.43 2.34 1.75 0.95 1.46 1.39 1.68 3.29 8.98 11.75 11.75 12.56 12.26 11.10 9.78 9.64 7.01 7.30 8.18 7.59 8.61 6.13 4.02 3.43
0.00 0.66 1.61 1.61 1.97 2.41 2.26 1.61 0.51 0.51 1.17 0.73 0.80 0.95 1.97 1.46 2.48 2.48 1.75 1.75 2.85 3.14 2.70 1.97 0.80 0.66 0.22 0.58 0.88 0.66 0.88 0.37 0.22 0.00 0.00 0.51 0.58 0.29 0.58 0.58 0.80 0.37 0.07 0.37 0.37 2.19 2.12 2.63 2.70 2.34 4.31 3.65 3.65 4.82 3.94 3.43 4.02 2.85 2.70 3.43 2.34 1.75 0.95 1.46 1.39 1.68 3.29 8.98 11.75 11.75 12.56 12.26 11.10 9.78 9.64 7.01 7.30 8.18 7.59 8.61 6.13 4.02 3.43
0.37 0.29 1.97 1.53 1.75 1.53 1.46 0.66 1.17 2.04 2.04 1.61 2.04 2.04 2.63 2.77 2.70 2.85 3.07 3.07 2.48 2.56 1.83 1.24 1.24 0.51 1.31 1.39 0.80 0.73 0.37 0.58 0.95 0.00 0.58 0.29 0.00 0.00 0.44 0.58 0.44 1.17 0.73 1.97 1.97 2.04 1.90 1.31 2.41 3.14 3.07 3.14 3.14 1.90 2.04 1.83 3.72 3.43 4.31 4.09 3.36 2.99 1.83 2.41 4.09 5.55 8.47 7.30 11.75 11.75 13.58 13.07 12.12 12.12 10.80 7.88 4.67 6.42 5.99 6.20 6.28 5.18 7.74
0.29 1.39 1.68 1.83 1.53 1.68 1.68 2.34 2.12 2.70 3.29 2.70 2.77 3.65 3.21 3.14 3.36 2.04 3.14 3.14 2.63 1.53 1.10 1.10 1.24 1.10 0.58 0.00 0.00 0.00 0.29 1.46 1.31 1.39 1.53 1.02 0.00 0.00 0.80 0.37 0.44 0.95 1.97 0.95 0.95 0.73 1.75 1.39 2.85 2.77 1.83 2.34 1.68 1.46 1.53 0.95 1.31 2.19 3.72 2.63 3.58 3.29 3.58 5.18 5.99 6.57 9.56 12.34 11.83 11.83 13.14 14.38 14.31 13.58 10.37 5.99 7.59 6.86 5.33 5.99 0.15 3.87 2.99
0.58 0.73 0.88 0.00 1.97 2.70 2.41 2.77 3.43 3.14 2.92 2.63 2.56 2.04 2.99 2.77 2.77 1.83 2.34 2.34 1.39 1.46 1.39 0.88 0.80 1.02 0.22 0.00 0.07 0.00 1.24 2.41 3.36 3.43 2.04 0.44 0.00 0.00 0.58 0.88 0.51 1.31 0.88 0.88 0.88 0.73 0.80 0.07 1.31 2.26 1.97 2.48 1.90 1.53 1.90 0.66 0.95 0.95 1.31 2.34 2.48 3.72 3.07 5.11 7.08 5.91 8.10 10.29 12.05 12.05 11.97 11.39 15.18 9.34 6.28 5.77 3.36 1.61 2.04 0.00 0.00 0.00 1.53
0.00 0.51 0.44 0.00 2.92 2.85 1.46 1.46 1.10 1.46 1.53 2.99 1.17 1.17 1.75 1.53 1.39 1.68 0.95 0.95 0.88 1.10 0.66 0.51 1.17 1.10 1.39 0.29 0.15 0.58 1.68 1.90 2.63 2.19 1.83 0.22 0.00 0.22 0.00 1.53 1.10 0.66 0.44 1.31 1.31 1.02 1.02 0.88 2.19 2.19 1.97 1.83 2.26 1.83 1.39 1.31 1.24 1.31 1.24 1.90 1.31 2.19 2.70 3.80 4.96 4.67 6.94 7.59 10.73 10.73 12.56 12.26 12.26 12.48 4.45 4.60 7.88 0.00 0.00 0.00 0.00 0.00 3.29
0.00 0.51 0.44 0.00 2.92 2.85 1.46 1.46 1.10 1.46 1.53 2.99 1.17 1.17 1.75 1.53 1.39 1.68 0.95 0.95 0.88 1.10 0.66 0.51 1.17 1.10 1.39 0.29 0.15 0.58 1.68 1.90 2.63 2.19 1.83 0.22 0.00 0.22 0.00 1.53 1.10 0.66 0.44 1.31 1.31 1.02 1.02 0.88 2.19 2.19 1.97 1.83 2.26 1.83 1.39 1.31 1.24 1.31 1.24 1.90 1.31 2.19 2.70 3.80 4.96 4.67 6.94 7.59 10.73 10.73 12.56 12.26 12.26 12.48 4.45 4.60 7.88 0.00 0.00 0.00 0.00 0.00 3.29
0.37 0.22 0.00 0.00 0.00 0.95 1.10 0.58 0.80 0.51 1.17 1.53 1.53 1.61 1.97 1.68 1.75 0.95 0.95 0.95 1.02 1.02 0.66 1.17 1.39 1.39 1.17 0.95 0.58 0.66 0.95 1.61 2.56 2.77 2.63 0.58 1.10 0.07 0.95 0.73 1.24 1.17 0.95 1.17 1.17 1.10 0.00 1.97 0.00 0.00 0.00 1.31 1.75 1.24 0.88 0.80 1.17 1.53 2.92 3.43 1.10 4.45 4.60 4.38 5.40 5.33 6.50 5.99 9.71 9.71 13.07 12.34 7.08 4.82 5.40 6.20 5.40 0.00 0.00 0.00 0.58 0.00 1.24
0.00 0.00 0.00 0.00 0.00 1.10 1.46 0.73 0.58 0.37 0.51 1.02 1.83 3.07 2.92 2.77 1.97 1.83 1.10 1.10 1.02 1.02 0.22 0.51 0.07 0.66 0.58 0.51 1.46 0.00 0.73 0.29 0.73 1.17 2.34 1.61 1.10 0.44 0.00 0.00 1.39 1.10 0.00 1.39 1.39 0.37 0.00 1.97 0.00 0.00 0.00 0.00 0.00 0.80 0.22 0.15 1.10 0.80 0.66 5.18 1.46 6.57 10.80 10.88 8.10 5.11 5.91 11.17 14.02 14.02 13.58 12.70 6.57 5.26 1.61 2.12 3.87 2.92 0.00 0.00 0.00 1.61 0.95
0.00 0.00 0.00 0.00 1.39 1.31 1.17 0.73 0.95 0.73 1.68 2.48 3.14 3.29 3.07 3.07 3.14 2.41 1.90 1.90 1.17 0.95 1.75 0.07 0.37 1.10 0.73 1.90 1.10 0.22 0.00 0.00 0.00 0.44 1.39 0.88 0.00 0.00 0.00 0.00 0.00 0.00 1.39 0.51 0.51 1.61 0.00 0.00 0.00 0.00 0.00 0.00 0.00 0.00 0.00 0.00 0.80 0.44 1.83 6.64 7.88 10.22 9.20 9.78 8.98 6.13 8.25 10.88 12.78 12.78 5.91 12.63 1.61 0.95 0.22 0.37 0.00 0.00 0.00 0.00 0.51 0.66 0.15
0.00 0.00 0.00 0.00 0.00 0.00 2.04 1.83 1.61 1.53 1.68 1.68 2.34 3.07 2.92 3.21 3.94 3.94 3.58 3.58 2.19 4.31 3.58 3.07 2.63 1.24 2.41 3.07 1.53 2.34 0.51 0.29 0.00 0.15 0.88 0.22 0.00 1.39 0.95 0.00 0.00 0.00 0.44 1.31 1.31 0.00 0.00 0.00 0.00 0.00 0.00 0.00 0.00 0.00 0.07 0.73 3.72 3.72 3.43 3.21 6.35 6.57 5.99 4.38 4.96 7.30 6.72 8.83 5.04 5.04 6.20 6.86 4.16 0.66 0.22 0.22 0.00 0.00 0.15 0.00 0.00 0.00 0.00
0.00 0.00 0.00 0.00 0.00 0.00 0.66 1.17 1.61 1.46 1.39 0.22 0.29 0.44 1.83 2.34 2.19 2.85 3.50 3.50 4.23 3.80 5.48 5.33 5.55 2.99 3.58 2.77 2.56 1.90 0.73 0.37 0.00 0.15 0.37 0.66 0.73 0.00 0.00 0.00 0.00 0.00 0.29 1.10 1.10 0.00 1.68 0.00 0.00 0.00 0.00 0.00 0.00 0.00 0.95 1.02 2.92 5.18 5.18 4.82 4.67 2.63 1.90 3.80 3.50 3.36 2.63 3.58 3.14 3.14 3.29 0.00 1.02 0.37 0.00 0.00 0.00 0.00 0.00 0.00 0.00 0.00 0.00
0.00 0.00 0.00 0.00 0.00 0.00 0.66 1.17 1.61 1.46 1.39 0.22 0.29 0.44 1.83 2.34 2.19 2.85 3.50 3.50 4.23 3.80 5.48 5.33 5.55 2.99 3.58 2.77 2.56 1.90 0.73 0.37 0.00 0.15 0.37 0.66 0.73 0.00 0.00 0.00 0.00 0.00 0.29 1.10 1.10 0.00 1.68 0.00 0.00 0.00 0.00 0.00 0.00 0.00 0.95 1.02 2.92 5.18 5.18 4.82 4.67 2.63 1.90 3.80 3.50 3.36 2.63 3.58 3.14 3.14 3.29 0.00 1.02 0.37 0.00 0.00 0.00 0.00 0.00 0.00 0.00 0.00 0.00
0.00 0.00 0.00 0.00 0.00 0.00 0.00 0.44 2.19 1.83 2.12 0.00 0.00 1.17 0.88 2.12 2.85 2.92 2.99 2.99 2.77 3.36 4.96 5.69 5.62 6.06 4.60 2.77 1.46 2.12 0.51 0.80 1.68 1.31 0.58 1.17 0.73 0.37 0.00 0.00 0.66 1.61 1.75 1.02 1.02 0.00 0.51 0.00 0.00 0.00 0.00 0.00 0.00 0.00 1.61 1.68 0.00 2.70 0.00 0.00 0.00 1.75 1.68 1.39 2.19 2.85 2.48 1.83 2.04 2.04 1.75 2.12 1.10 0.00 0.00 0.00 0.00 0.00 0.00 0.00 0.00 0.00 0.00
0.00 0.00 0.00 0.00 1.39 0.00 1.53 2.99 2.77 1.97 0.88 1.46 0.00 0.58 0.00 2.41 1.68 2.99 1.53 1.53 1.61 1.02 3.58 5.26 4.92 4.92 5.49 5.46 5.04 3.80 2.70 1.02 0.95 2.04 1.61 0.66 0.73 0.37 0.00 0.88 0.22 2.04 0.44 0.95 0.95 1.10 0.00 0.00 0.00 0.00 0.00 0.00 0.00 0.00 0.00 0.00 0.00 0.00 0.00 0.00 0.00 0.00 0.00 1.53 1.97 2.04 2.19 1.39 2.04 2.04 2.85 1.61 1.68 1.02 0.44 0.00 0.22 0.00 0.07 0.00 0.00 0.00 0.00
0.00 0.00 0.00 0.00 1.75 2.92 2.70 3.58 3.80 1.61 2.12 0.00 0.00 0.00 0.00 1.46 2.56 1.97 2.48 2.48 1.75 0.37 3.43 5.18 5.48 5.27 4.99 5.93 5.19 3.80 1.83 1.02 1.83 2.04 1.75 0.88 0.07 0.00 0.58 0.37 1.31 1.24 0.51 0.00 0.00 0.00 2.04 0.00 0.00 0.00 0.00 0.00 0.00 0.00 0.00 0.00 0.00 0.00 0.00 0.00 0.00 0.00 0.44 0.73 0.00 0.00 0.29 0.22 0.07 0.07 0.80 1.46 2.56 2.12 1.68 0.58 0.00 1.31 1.46 0.00 0.29 0.29 0.22
0.00 0.00 0.00 0.00 2.34 3.58 3.43 3.21 3.50 1.02 0.00 0.00 0.00 0.00 0.00 0.00 0.22 0.00 0.51 0.51 0.00 0.00 1.04 0.00 3.01 4.31 3.18 3.94 5.01 3.61 2.01 2.12 1.83 1.61 2.12 1.83 2.19 1.61 3.43 2.04 1.17 1.39 0.88 0.44 0.44 0.80 0.00 0.00 0.00 0.00 0.00 0.00 0.00 0.00 0.00 0.00 0.00 0.00 0.00 0.00 0.00 0.00 0.00 0.00 0.00 1.17 0.88 1.10 0.80 0.80 3.50 3.21 3.14 2.19 1.97 1.68 2.48 2.34 1.24 0.22 0.58 0.22 0.44
4.31 3.21 3.50 0.00 3.58 2.77 0.00 4.02 2.92 0.73 0.00 0.00 0.00 0.00 0.00 0.00 0.00 0.00 0.00 0.00 0.00 0.00 0.00 1.66 0.00 1.63 2.12 3.31 3.57 3.95 3.69 3.74 1.90 1.39 2.41 2.63 2.63 3.36 3.50 2.99 1.46 1.53 0.73 0.44 0.44 0.00 0.00 0.00 0.00 0.00 0.00 0.00 0.00 0.00 0.00 0.00 0.00 0.00 0.00 0.00 0.00 0.00 0.00 0.00 0.22 1.53 1.83 2.99 1.83 1.83 4.31 4.02 3.07 2.12 2.12 0.80 1.39 0.73 1.02 0.88 0.66 0.73 0.66
4.31 3.21 3.50 0.00 3.58 2.77 0.00 4.02 2.92 0.73 0.00 0.00 0.00 0.00 0.00 0.00 0.00 0.00 0.00 0.00 0.00 0.00 0.00 1.61 0.00 1.61 2.12 3.21 3.32 3.69 3.74 3.78 1.98 1.56 2.55 2.70 2.63 3.36 3.50 2.99 1.46 1.53 0.73 0.44 0.44 0.00 0.00 0.00 0.00 0.00 0.00 0.00 0.00 0.00 0.00 0.00 0.00 0.00 0.00 0.00 0.00 0.00 0.00 0.00 0.22 1.53 1.83 2.99 1.83 1.83 4.31 4.02 3.07 2.12 2.12 0.80 1.39 0.73 1.02 0.88 0.66 0.73 0.66
3.72 3.14 2.63 2.63 3.72 3.58 4.74 4.45 4.82 3.36 0.00 0.00 0.00 0.00 0.00 0.00 0.00 1.90 0.00 0.00 0.00 0.00 0.00 0.00 0.00 0.00 0.00 1.55 1.47 2.48 2.93 2.73 2.50 2.29 2.99 3.69 4.84 3.32 3.58 3.21 2.41 1.61 0.80 0.22 0.22 0.00 0.00 0.80 0.00 0.00 0.00 0.00 0.00 0.00 0.00 0.00 0.00 0.00 0.00 0.00 0.00 0.00 0.00 1.46 2.41 3.43 3.21 4.31 2.56 2.56 2.92 3.72 3.87 3.21 1.75 2.70 2.48 1.97 1.02 1.53 0.80 1.02 0.58
0.00 0.00 3.14 2.92 2.77 3.58 4.02 5.55 5.11 5.55 2.99 4.09 2.99 0.00 0.95 0.80 2.48 0.00 2.70 2.70 0.00 0.00 0.00 0.00 0.00 0.00 0.00 0.51 1.21 1.34 3.39 0.44 2.04 2.19 2.98 2.61 4.02 3.41 4.33 2.70 3.14 1.75 1.97 1.83 1.83 1.75 0.44 0.29 1.10 0.00 0.00 0.00 0.00 0.00 0.00 0.00 0.00 0.00 0.00 0.00 0.00 0.00 0.00 0.00 2.34 3.07 4.82 4.60 6.20 6.20 7.81 5.40 6.64 4.31 4.09 4.45 3.43 2.04 4.31 3.50 1.17 2.04 1.24
0.00 0.00 0.00 2.34 2.34 2.19 3.43 2.41 4.09 4.23 4.31 4.23 3.72 2.41 1.97 1.75 1.90 2.56 2.85 2.85 1.75 2.04 1.68 0.00 0.00 0.00 0.00 0.00 0.00 1.39 0.00 0.80 0.66 1.46 1.46 2.77 2.63 3.05 3.07 3.21 2.85 2.48 3.14 3.07 3.07 2.70 0.95 0.07 0.00 1.24 1.24 0.00 0.00 0.00 0.00 0.00 0.00 0.00 0.00 0.00 0.00 0.00 0.00 0.00 0.00 0.00 0.00 5.40 7.74 7.74 7.81 8.83 5.62 3.72 2.85 3.36 3.43 5.69 5.91 4.16 3.36 3.80 1.97
0.00 0.00 0.00 1.83 1.97 0.00 2.34 3.87 3.72 3.80 3.58 3.87 4.02 3.65 3.07 2.77 2.70 2.34 2.48 2.48 1.90 1.83 2.41 0.00 2.63 0.00 0.00 0.00 0.00 0.00 1.02 0.80 1.31 2.34 1.31 2.63 1.90 2.89 3.33 2.98 2.58 3.14 3.21 2.70 2.70 2.63 2.70 0.73 1.68 1.10 1.39 1.75 1.39 0.00 0.00 0.00 0.00 0.00 0.00 1.31 1.83 0.00 1.90 0.00 0.00 0.00 2.26 4.45 6.86 6.86 9.05 4.60 2.85 2.41 2.19 2.34 3.87 6.06 5.18 6.64 6.13 4.02 4.96
0.00 0.00 0.00 0.00 0.00 0.00 0.00 0.00 0.00 0.00 0.00 0.00 2.04 1.39 1.31 1.53 1.17 0.44 0.80 0.80 1.68 1.39 1.53 3.58 3.14 2.26 2.41 0.00 0.59 0.00 1.53 1.68 1.97 2.12 1.53 0.58 2.77 3.21 2.70 3.26 3.59 2.57 2.77 3.14 3.14 2.70 2.70 2.56 1.68 1.31 2.04 2.04 1.83 1.68 1.02 0.00 0.00 0.00 0.00 1.61 0.00 0.00 0.00 0.00 0.00 0.00 3.07 0.00 0.00 0.00 0.00 2.04 2.56 1.17 1.17 0.58 2.85 2.99 2.70 4.89 4.23 5.26 5.04
0.58 0.00 0.00 0.00 0.00 0.00 3.21 3.87 4.16 1.95 0.00 0.00 0.00 0.95 0.51 0.00 0.00 0.00 0.00 0.00 0.00 1.46 1.90 0.00 0.00 2.99 3.14 1.97 2.56 0.00 0.76 1.97 2.64 2.26 2.34 2.77 3.29 1.39 3.54 3.65 2.92 3.32 3.36 3.58 3.58 2.92 2.92 2.41 2.12 1.97 3.21 2.19 1.24 0.00 0.00 0.00 0.00 0.00 0.00 0.00 0.00 0.00 0.00 0.00 0.00 0.00 0.00 0.00 0.00 0.00 0.00 0.00 0.00 1.10 0.73 0.37 1.17 0.00 1.61 1.39 3.43 4.09 4.02
0.58 0.00 0.00 0.00 0.00 0.00 3.21 3.87 4.16 1.90 0.00 0.00 0.00 0.95 0.51 0.00 0.00 0.00 0.00 0.00 0.00 1.46 1.90 0.00 0.00 2.99 3.14 1.97 2.56 0.00 0.73 1.90 2.63 2.19 2.34 2.79 3.30 1.39 3.52 3.69 2.92 3.29 3.36 3.58 3.58 2.92 2.92 2.41 2.12 1.97 3.21 2.19 1.24 0.00 0.00 0.00 0.00 0.00 0.00 0.00 0.00 0.00 0.00 0.00 0.00 0.00 0.00 0.00 0.00 0.00 0.00 0.00 0.00 1.10 0.73 0.37 1.17 0.00 1.61 1.39 3.43 4.09 4.02
2.19 2.56 0.00 0.00 0.00 0.00 0.00 4.67 2.45 2.89 0.00 0.00 0.37 0.73 0.00 0.00 0.00 0.00 0.00 0.00 0.00 0.00 0.00 0.00 0.00 0.00 2.34 3.21 0.00 0.00 0.00 1.24 1.83 2.63 2.56 2.92 2.70 3.65 3.29 3.15 4.16 3.87 4.67 3.07 3.07 3.58 2.19 2.63 2.63 2.56 2.77 3.14 2.41 0.22 0.58 0.00 0.00 0.00 0.00 0.00 0.00 0.00 0.51 0.58 0.44 0.00 0.00 0.00 0.00 0.00 0.00 0.00 0.00 0.00 0.95 0.00 0.00 0.00 0.00 0.00 2.92 4.16 4.16
