Wansh/Snow_depth/snowdepth-1997/winter/1997341.txt
ncols 321
nrows 161
xllcenter 60
yllcenter 15 
cellsize  0.25 
NODATA_value -1
[rows 74 to 110 of 161, columns 83 to 165 of 321]
0.00 0.00 0.00 0.00 0.58 0.00 0.37 0.00 0.00 1.83 0.66 1.31 2.19 3.94 3.87 3.87 3.43 0.00 4.38 4.38 4.53 3.94 4.67 4.82 4.60 6.06 4.23 3.14 4.23 3.43 0.00 0.00 0.00 3.94 4.89 3.43 3.58 6.72 4.53 0.00 4.96 2.41 1.31 1.97 1.97 1.10 1.17 1.75 1.31 1.24 1.17 2.26 0.00 0.00 0.00 3.05 2.85 0.00 0.00 0.00 0.00 1.24 0.00 0.00 0.00 0.00 0.00 0.00 0.00 0.00 0.00 1.32 1.97 0.51 0.00 0.00 0.00 0.00 0.00 0.00 0.00 1.31 2.35
0.00 0.00 0.00 0.00 0.00 0.95 1.75 0.15 0.73 4.09 3.21 6.94 6.64 4.38 4.45 5.18 4.74 5.40 4.38 4.38 4.23 5.26 4.96 6.06 5.26 6.20 5.48 4.02 4.31 4.23 4.67 4.09 6.42 7.08 6.79 7.66 8.40 8.25 6.06 6.28 6.50 2.92 4.23 1.83 1.83 1.90 1.10 0.58 1.53 1.75 1.75 0.00 1.31 1.39 2.19 2.04 2.04 0.80 1.24 0.58 0.73 1.97 0.73 0.00 1.24 0.37 0.00 0.00 0.15 0.15 2.20 3.29 2.92 2.85 0.00 0.00 0.58 0.00 0.00 0.00 0.00 0.00 1.75
0.00 0.37 0.00 3.21 1.46 2.77 1.17 3.36 6.35 7.08 6.64 8.32 7.88 6.72 4.96 6.50 5.04 4.23 4.23 4.23 5.62 4.96 5.26 5.11 3.94 4.67 5.04 4.31 4.82 4.82 4.96 10.59 11.90 11.24 9.05 8.03 8.61 7.23 6.20 6.13 6.86 6.57 4.02 4.31 4.31 2.12 2.12 0.80 2.26 2.41 2.19 0.95 1.68 1.97 2.04 2.04 1.61 1.31 1.17 0.95 0.66 0.88 0.66 1.83 0.73 0.66 0.37 0.44 0.44 0.44 1.90 3.72 2.99 0.37 0.00 0.00 0.00 0.00 0.00 0.00 0.00 0.00 0.00
3.07 0.00 1.97 3.14 2.92 5.04 2.63 7.59 8.10 7.08 7.66 6.06 7.81 6.79 5.84 7.08 7.15 7.15 10.59 10.59 10.51 8.40 5.33 4.89 4.38 4.31 4.38 7.59 7.30 6.72 7.08 12.99 15.91 15.62 12.92 9.78 8.18 7.23 8.18 8.18 6.13 7.74 6.94 6.86 6.86 3.72 4.09 4.09 0.00 2.85 2.99 3.29 2.92 2.99 1.02 1.61 2.63 2.56 1.39 0.22 1.02 1.10 1.53 0.95 0.95 1.02 1.10 0.66 0.29 0.29 1.39 2.85 2.04 1.39 0.51 0.00 0.00 0.00 0.00 0.00 0.00 0.00 0.00
4.67 5.11 0.22 4.67 3.50 2.99 4.82 4.82 5.40 6.28 6.28 4.74 5.77 6.28 7.74 7.45 7.81 9.56 10.00 10.00 10.07 9.42 7.15 4.38 4.53 4.82 6.06 7.52 7.37 6.79 10.95 10.88 14.60 15.48 10.15 10.59 10.15 7.81 9.86 10.15 10.51 13.51 10.22 8.61 8.61 4.60 4.23 0.00 0.00 0.00 0.00 0.00 2.41 4.74 6.20 4.23 3.07 2.92 1.24 1.39 1.90 2.70 3.14 2.04 1.61 0.44 0.66 1.10 1.02 1.02 1.68 2.41 1.53 1.31 1.31 0.73 0.00 1.02 0.30 0.80 0.22 0.00 0.51
7.15 4.23 7.66 6.72 6.13 4.45 3.94 4.23 4.23 4.82 5.26 4.53 5.11 5.84 5.77 5.91 6.72 7.45 8.76 8.76 8.69 7.45 3.80 4.31 4.16 4.74 4.38 5.48 6.13 6.64 6.42 11.46 13.65 11.68 12.63 10.80 10.29 9.20 12.85 11.97 13.58 13.14 11.90 6.94 6.94 5.33 3.80 3.94 0.00 0.00 0.00 4.23 4.16 4.74 5.04 5.40 0.00 3.50 2.48 3.58 4.02 4.89 4.82 2.99 3.07 1.39 0.88 2.04 3.65 3.65 4.74 3.36 2.99 2.85 4.02 2.57 1.68 4.48 1.39 0.29 0.07 0.00 0.51
8.61 8.91 6.13 5.62 4.96 4.53 4.67 4.16 4.02 4.60 3.87 5.18 5.11 5.48 4.31 4.96 4.82 5.48 8.83 8.83 5.77 4.45 4.23 3.94 3.29 4.02 3.65 4.02 5.04 7.59 14.53 14.89 14.45 12.85 15.48 16.21 13.80 11.46 14.45 14.24 10.37 11.02 10.44 6.64 6.64 4.67 4.31 0.00 0.00 0.00 0.00 3.21 4.38 0.00 4.09 4.89 4.45 4.31 4.23 5.91 7.08 8.03 6.13 3.94 3.80 1.68 0.00 0.00 2.99 2.99 5.62 5.84 5.84 5.84 5.33 12.48 9.32 4.34 1.91 1.90 2.41 0.88 0.22
12.85 11.02 6.86 8.10 4.89 5.55 5.18 5.18 4.60 4.82 3.94 5.18 7.37 6.79 4.82 6.06 6.72 10.88 9.34 9.34 5.33 4.60 4.16 3.87 2.56 3.58 2.63 4.45 4.67 10.73 12.05 12.34 12.19 9.49 13.43 18.40 20.15 13.36 14.16 8.40 9.93 9.42 5.33 5.69 5.69 4.74 4.16 3.94 0.00 0.00 0.00 0.00 4.23 3.87 0.00 4.60 6.64 6.72 10.07 8.18 10.37 10.51 8.69 5.62 4.09 3.07 0.00 0.00 0.00 0.00 4.23 6.86 9.13 11.46 17.45 18.10 14.97 9.44 5.50 8.09 6.59 2.05 0.22
17.81 14.31 10.37 13.36 8.61 5.11 5.26 5.04 6.35 5.84 5.69 5.69 8.32 8.10 6.28 7.96 12.78 13.51 10.15 10.15 7.23 6.79 5.33 3.94 3.50 0.00 3.65 5.26 8.32 8.91 7.96 9.56 9.13 10.66 16.94 15.04 13.65 10.00 8.10 9.05 10.15 5.55 4.53 3.94 3.94 3.58 3.21 0.00 0.00 0.00 2.56 0.00 3.58 4.74 5.04 6.72 10.44 13.29 9.13 9.20 10.51 12.85 12.56 8.32 7.52 7.15 8.03 9.20 3.87 3.87 3.58 4.45 6.94 11.32 12.99 19.49 19.35 15.18 11.46 12.19 8.29 6.35 2.70
20.66 18.54 14.82 18.47 11.83 9.64 6.35 6.50 6.42 6.94 6.79 7.88 6.94 7.37 9.13 9.56 11.32 10.51 10.51 10.51 8.54 6.50 5.48 5.77 5.91 4.23 4.23 6.72 6.86 9.71 8.98 8.91 9.13 9.05 12.99 10.51 8.76 10.07 9.05 10.88 7.45 3.80 0.00 0.00 0.00 0.00 0.00 0.00 0.00 2.48 4.89 5.55 5.11 7.52 12.19 9.64 16.13 18.83 14.38 11.61 14.97 13.07 13.87 11.75 11.32 12.48 14.31 17.67 6.72 6.72 13.80 11.02 9.27 10.07 15.70 20.29 17.52 17.89 13.72 10.59 7.81 8.98 5.69
19.93 19.71 19.71 15.62 14.60 10.66 8.76 6.35 6.86 6.50 6.79 6.35 8.69 9.13 8.47 8.76 8.83 10.51 10.44 10.44 8.25 7.88 6.64 7.23 7.08 5.91 5.91 8.47 7.96 8.54 11.61 11.97 11.32 11.39 11.02 11.17 9.71 10.66 18.25 14.60 6.20 4.09 0.00 0.00 0.00 0.00 0.00 0.00 0.00 0.00 6.72 8.25 12.78 20.95 19.71 16.86 22.41 25.70 19.56 11.75 13.07 13.21 13.58 15.48 16.72 16.64 19.13 24.24 16.86 16.86 24.38 19.93 15.77 10.07 11.83 15.40 16.72 16.57 15.04 11.02 10.37 10.66 9.34
17.16 18.83 18.91 17.81 12.85 11.39 8.25 8.18 7.01 6.42 9.86 8.91 9.27 8.03 7.74 8.03 8.40 9.71 10.22 10.22 9.13 8.25 8.47 5.91 6.42 6.20 7.74 10.29 8.83 10.51 13.43 15.11 14.24 14.31 13.43 14.53 12.05 14.24 13.72 15.62 8.03 6.35 1.97 4.45 4.45 2.99 0.00 0.00 0.00 0.00 8.25 11.02 17.59 23.73 25.26 28.91 28.18 29.57 24.09 14.53 12.26 13.43 15.87 19.87 20.66 23.80 27.30 27.89 26.13 26.13 26.79 26.35 26.50 15.62 10.88 11.32 12.34 14.97 13.58 14.16 11.02 9.86 9.93
12.78 9.27 12.63 13.58 14.24 12.92 10.88 10.37 12.26 11.97 13.65 11.75 7.96 9.71 9.56 9.20 12.92 12.26 14.02 14.02 12.26 8.98 7.96 8.54 6.72 8.25 12.19 17.30 23.00 23.58 19.78 18.18 16.57 17.30 14.09 14.97 15.84 17.81 17.23 15.26 16.57 9.20 14.53 8.76 8.76 11.39 5.91 7.74 5.91 7.01 6.42 11.90 15.26 15.99 22.92 25.04 26.50 24.97 23.94 19.78 20.95 20.37 22.63 22.87 21.90 22.48 22.12 20.22 17.16 17.16 21.83 28.25 25.40 20.51 15.18 13.87 11.24 9.27 10.80 10.44 12.41 12.19 13.14
8.32 10.66 10.00 11.97 10.59 5.69 6.06 7.66 10.59 12.92 10.07 9.71 9.20 11.97 12.85 13.80 13.80 13.36 14.97 14.97 16.50 15.99 10.29 8.03 6.50 7.52 11.68 10.88 18.47 19.93 19.27 15.33 12.41 13.21 15.48 15.33 14.60 19.49 20.08 18.83 19.05 15.77 21.68 14.75 14.75 19.86 12.05 10.29 5.77 5.99 8.47 11.53 14.67 14.09 18.10 20.22 21.75 21.24 21.39 24.67 24.67 24.31 20.73 19.78 18.98 17.79 18.25 18.69 17.37 17.37 15.91 19.56 24.09 23.73 21.39 15.40 12.56 10.59 10.44 10.66 9.86 12.63 10.73
10.29 9.13 6.50 4.89 6.50 0.00 4.38 5.04 6.13 6.86 7.23 8.18 7.08 10.07 11.53 12.26 12.48 15.48 15.33 15.33 14.31 10.73 8.10 7.15 5.77 6.50 9.78 10.80 13.51 16.86 16.79 12.26 11.10 15.26 17.30 17.89 16.79 21.75 21.24 21.02 20.81 18.47 23.73 22.78 22.78 25.55 18.40 17.81 8.54 9.64 13.07 11.32 15.40 18.98 18.98 18.47 19.64 17.89 17.01 24.09 24.82 20.37 16.50 15.91 15.40 16.74 20.24 18.32 14.02 14.02 12.92 12.78 14.75 20.37 13.72 10.88 12.41 10.51 12.12 9.56 9.78 8.83 11.53
10.66 8.91 6.28 0.00 0.00 0.00 0.00 0.00 3.29 4.45 6.94 7.08 5.11 8.83 10.59 16.79 14.38 14.24 12.26 12.26 11.61 9.71 6.86 6.06 5.26 7.52 8.69 10.22 11.02 17.74 17.52 14.09 12.12 12.78 15.18 18.03 24.82 23.94 24.60 20.66 21.24 24.67 23.65 25.40 25.40 29.42 25.55 26.79 15.91 18.40 21.17 13.94 19.35 22.56 19.13 19.42 16.72 14.82 13.87 19.57 20.28 15.84 12.56 13.18 15.99 17.86 19.27 20.29 15.70 15.70 10.80 10.95 15.77 10.00 10.95 9.93 8.76 7.88 11.90 11.75 10.32 9.79 9.41
7.59 6.86 3.80 4.16 3.65 3.36 2.92 0.00 3.21 3.14 4.09 5.40 4.02 6.79 10.29 12.05 19.86 13.65 11.32 11.32 11.32 9.78 7.23 6.20 10.95 10.22 11.90 12.70 14.89 15.40 14.45 14.31 12.92 13.36 12.70 21.75 22.85 24.09 19.93 21.02 18.47 23.14 27.23 32.12 32.12 32.27 33.58 34.24 28.84 28.91 28.54 19.56 23.58 27.81 21.83 21.61 19.20 17.16 14.16 12.41 10.95 11.97 8.69 10.18 13.58 16.35 18.91 19.87 17.93 17.37 11.23 7.23 8.76 8.03 8.61 8.47 8.03 4.82 7.96 12.54 9.02 7.52 7.07
5.84 5.77 4.60 4.16 4.02 3.58 3.58 3.80 4.45 3.65 3.72 4.38 4.53 4.74 9.13 5.91 7.45 7.81 9.27 9.27 10.37 8.91 8.03 6.42 9.71 11.75 11.97 12.85 8.40 9.20 10.37 11.02 11.75 15.48 18.98 15.91 18.61 20.44 14.24 17.59 15.84 21.83 27.23 31.24 31.24 35.04 35.99 31.24 33.00 30.15 29.13 28.18 27.59 29.93 26.65 25.26 24.31 22.27 19.13 16.15 9.51 7.52 8.10 10.73 14.52 13.46 17.51 17.59 16.21 16.29 15.59 9.10 7.96 8.91 8.03 6.75 4.74 4.89 9.71 9.46 10.75 7.11 6.86
7.23 4.53 4.45 4.23 3.65 3.58 4.38 4.09 6.06 4.96 5.48 4.02 4.23 3.80 6.35 4.02 4.74 5.11 7.08 7.08 7.88 6.50 5.91 4.31 6.13 7.88 8.91 8.47 7.08 6.94 7.81 7.59 12.12 12.63 15.84 9.78 10.80 13.14 10.22 14.24 15.55 19.56 24.45 29.78 29.78 28.98 32.56 25.04 29.35 28.47 29.20 28.25 28.47 29.20 29.35 29.86 27.45 26.13 24.31 22.12 10.56 8.63 7.95 6.49 9.84 17.32 17.62 15.65 13.07 13.07 10.40 9.16 10.09 9.54 7.86 6.38 6.56 4.45 6.74 6.62 10.06 8.13 7.00
5.77 5.40 4.02 3.36 2.04 3.29 4.23 4.60 4.38 4.60 6.28 4.02 4.23 0.00 3.21 5.69 7.01 8.47 10.66 10.66 8.03 5.33 4.60 4.23 3.80 4.67 6.06 6.06 6.94 6.79 8.03 11.10 7.08 10.51 11.02 11.83 8.91 8.69 10.15 12.63 15.33 20.29 23.07 23.58 23.58 32.27 25.77 20.44 25.26 26.06 29.05 27.67 25.99 26.57 28.40 27.23 25.70 25.53 24.82 24.60 16.86 12.99 10.63 9.50 8.76 14.02 15.42 13.57 12.99 12.99 9.44 7.53 8.85 10.52 9.32 6.45 7.85 7.45 5.34 6.83 4.44 6.88 8.64
7.96 8.69 3.43 5.69 3.50 2.77 3.50 0.00 0.00 4.96 4.38 4.38 0.00 3.29 3.21 4.23 7.45 10.80 10.59 10.59 3.80 5.40 3.50 5.26 4.23 3.87 4.02 5.11 8.54 11.61 13.36 10.37 8.32 8.25 11.61 11.75 12.78 11.24 13.14 12.12 18.40 15.04 14.89 9.93 9.93 16.64 17.01 18.32 23.51 25.40 28.32 27.52 25.19 24.58 26.04 25.23 23.57 23.10 23.73 23.94 19.64 20.51 15.33 12.68 9.44 10.20 15.25 15.45 11.32 11.37 9.63 8.65 8.11 9.20 10.58 9.04 7.88 7.75 7.64 4.37 3.67 4.53 10.99
10.22 6.64 7.52 8.83 7.59 3.36 4.60 3.87 0.00 0.00 3.50 2.48 0.00 0.00 0.00 4.45 6.86 6.57 0.00 0.00 0.00 2.85 4.89 6.06 5.69 7.74 3.72 7.74 10.44 12.19 12.19 6.86 9.64 13.58 17.01 13.87 10.66 11.10 9.56 7.74 13.87 15.91 9.86 13.87 13.87 13.07 20.73 23.94 26.65 26.28 28.32 27.45 26.13 23.58 21.94 22.34 21.22 21.13 22.50 20.38 24.11 19.74 14.82 11.13 9.63 10.08 11.74 12.73 7.78 7.78 5.97 5.63 6.98 6.97 6.53 7.04 8.00 7.45 7.50 7.49 3.65 3.24 9.91
10.15 10.88 7.96 10.51 8.61 5.77 4.45 5.48 4.31 3.80 0.00 0.00 0.00 0.00 0.00 0.00 0.00 0.00 0.00 0.00 0.00 0.00 0.00 5.55 2.70 5.69 3.65 5.77 7.59 9.20 9.42 8.25 14.09 7.52 9.71 11.68 7.45 7.15 6.28 6.06 12.26 23.36 14.89 21.53 21.53 19.20 26.57 26.06 27.30 29.64 29.05 26.43 22.56 23.14 20.25 18.55 20.28 16.77 17.58 16.61 24.55 23.60 19.01 14.37 10.35 9.68 9.90 11.10 7.93 7.81 4.97 5.21 4.96 5.53 7.90 5.77 7.04 8.15 7.22 5.30 4.06 3.39 6.62
6.86 11.17 9.20 7.15 9.56 8.91 8.03 7.66 7.74 7.74 7.15 8.83 0.00 0.00 0.00 0.00 0.00 0.00 0.00 0.00 0.00 0.00 0.00 0.00 0.00 3.80 4.23 4.82 6.20 5.77 4.82 5.11 5.99 5.33 6.64 8.10 6.13 6.35 4.09 4.53 13.51 23.43 24.31 25.19 25.19 26.43 29.42 27.81 28.32 28.98 29.35 25.96 21.34 18.42 21.66 17.30 15.41 14.89 14.97 14.29 16.21 18.42 19.67 17.35 12.56 7.86 9.92 8.60 8.20 8.00 4.53 4.31 5.82 6.26 8.48 8.07 6.20 5.73 5.73 3.72 4.32 4.78 6.28
5.62 5.99 5.55 6.28 6.86 6.86 6.86 8.03 10.29 8.47 9.86 9.78 9.13 6.57 5.91 3.43 2.41 2.12 2.41 2.41 0.00 0.00 3.21 0.00 1.75 2.56 2.92 2.26 2.41 3.58 3.50 2.99 3.50 6.42 6.13 6.06 9.13 10.07 13.80 13.72 14.09 20.15 21.53 28.47 28.47 27.89 26.72 29.57 29.27 25.92 24.31 19.79 15.61 11.08 14.35 10.21 9.29 8.02 8.67 9.41 12.18 15.41 17.40 20.02 17.84 12.12 12.03 12.06 5.77 5.68 1.83 4.23 5.45 7.47 10.93 13.03 13.94 10.82 3.46 3.59 1.51 3.24 4.53
7.37 8.40 8.98 8.25 9.34 6.13 6.50 7.15 7.66 6.79 8.61 9.86 7.59 7.01 7.01 2.99 3.65 2.48 1.39 1.39 2.26 1.83 3.72 0.00 1.39 1.83 2.12 1.90 2.26 3.36 2.99 2.85 3.36 7.88 9.93 13.21 11.97 14.89 10.66 11.90 9.05 15.04 13.21 23.36 23.36 23.51 29.05 28.47 21.39 20.02 16.20 16.71 11.31 11.18 8.03 8.46 7.16 4.96 4.89 5.74 8.09 16.00 17.17 19.80 18.29 11.17 9.93 14.97 7.26 7.15 2.26 1.90 6.46 5.80 9.01 13.59 11.90 7.82 3.82 1.75 1.02 0.63 1.81
5.11 5.91 7.81 8.83 9.13 5.77 5.91 6.72 6.94 5.69 0.00 0.00 4.60 6.57 5.91 4.38 3.07 2.56 2.19 2.19 2.48 3.07 1.24 1.46 1.39 1.31 0.80 1.17 2.92 2.77 2.56 2.34 2.41 6.57 11.53 10.80 15.48 13.80 6.13 7.01 5.40 9.27 6.35 16.64 16.64 17.45 24.89 22.63 17.48 18.25 14.04 10.80 11.07 8.02 7.18 5.87 7.11 4.87 3.93 4.68 9.02 13.82 16.91 20.08 18.40 15.18 8.57 9.98 13.06 14.52 5.37 1.12 3.17 4.81 6.52 13.25 12.17 7.96 5.40 2.51 0.25 0.00 0.00
0.00 5.77 6.20 5.69 4.09 2.70 5.55 6.50 4.40 4.96 2.26 0.00 3.94 3.29 4.53 3.80 3.65 3.21 2.77 2.77 2.70 2.19 1.90 1.53 2.19 1.24 1.17 1.97 1.75 2.19 1.75 1.53 1.46 4.09 8.25 6.86 10.37 12.78 3.87 5.26 3.65 3.96 3.14 8.10 8.10 10.37 19.20 19.05 17.53 15.62 14.92 13.46 12.76 10.36 9.93 6.23 5.47 3.98 5.14 5.47 7.22 11.68 16.05 20.54 16.94 10.07 7.42 12.27 11.70 11.27 8.30 0.24 2.43 5.24 9.61 8.03 11.53 9.71 6.27 1.70 0.93 1.85 2.84
3.87 0.00 0.00 2.77 3.72 3.50 3.65 6.72 6.79 4.45 4.02 2.56 2.34 2.41 0.00 2.70 1.83 1.90 2.99 2.99 2.04 2.04 1.68 0.95 1.31 1.02 0.95 1.39 1.10 0.73 0.73 1.31 0.00 1.61 4.23 2.41 5.91 3.07 1.97 3.94 2.12 0.58 3.14 5.69 5.69 8.10 15.11 14.16 16.64 17.30 15.62 14.01 11.54 9.76 8.93 7.16 6.48 3.86 3.07 7.13 7.57 7.26 11.12 14.76 16.55 12.55 7.00 7.96 8.58 8.63 3.76 1.93 1.05 2.67 4.04 2.55 5.25 2.98 3.23 1.84 2.57 2.38 4.46
0.00 0.00 0.00 0.00 0.00 6.20 5.99 6.20 6.42 7.08 6.06 4.09 3.14 1.83 0.95 0.58 0.66 0.58 1.31 1.31 0.00 0.58 0.95 0.15 0.66 0.00 0.00 0.00 0.00 0.00 0.00 0.44 0.00 0.00 0.81 2.48 2.12 0.58 3.14 0.00 0.07 2.85 5.62 5.77 5.77 4.99 11.68 12.99 11.17 14.60 15.13 15.23 12.41 11.76 10.06 5.57 5.25 4.32 0.00 5.16 6.52 6.85 9.03 10.24 11.74 12.50 10.27 5.90 5.57 6.52 5.32 4.74 1.45 0.81 0.62 2.87 0.17 2.27 2.92 2.02 2.07 3.56 6.45
0.00 0.00 0.00 0.00 0.00 3.21 7.59 4.38 6.57 7.30 6.72 3.29 4.82 4.23 3.07 3.50 3.43 1.53 0.80 0.80 0.00 0.00 0.00 0.00 0.00 0.00 0.00 0.00 0.00 0.00 0.00 0.00 0.00 0.00 0.00 0.22 0.29 0.58 0.00 0.00 0.00 0.73 3.72 2.70 2.70 2.12 5.69 5.80 4.41 11.91 11.21 8.54 7.43 6.55 7.84 6.32 6.79 0.00 0.00 0.00 0.00 6.77 9.35 7.71 9.80 10.56 11.53 10.04 4.51 5.05 4.43 3.60 0.85 1.06 0.00 0.00 0.00 0.33 1.02 1.27 0.29 2.32 0.00
0.00 0.00 0.00 0.00 0.00 0.00 2.26 0.00 5.18 7.52 6.06 6.72 5.40 7.01 3.65 5.91 5.48 5.83 3.07 3.07 0.15 0.15 0.15 0.44 0.00 0.00 0.29 0.00 0.29 0.00 0.00 0.00 0.00 0.00 0.00 0.00 0.00 0.44 0.00 0.00 0.00 0.00 0.29 0.51 0.51 0.95 2.19 1.24 2.25 7.26 8.84 8.34 6.39 6.21 4.66 0.00 0.00 0.00 0.00 0.00 0.00 8.21 8.43 6.91 7.89 8.64 9.14 9.25 6.65 6.79 4.53 4.46 2.80 3.61 0.00 0.00 0.00 0.71 1.23 1.49 0.00 0.00 3.06
0.00 0.00 0.00 0.00 0.00 0.00 0.00 3.29 7.81 3.21 4.96 3.87 6.42 6.79 6.86 6.50 6.38 5.91 4.28 3.99 2.26 0.29 2.26 0.29 0.00 0.00 0.00 0.37 0.00 0.00 0.22 0.00 0.00 0.00 0.00 0.22 0.07 1.68 0.00 0.00 0.00 1.31 0.66 0.88 0.88 0.66 0.00 0.00 1.47 6.32 9.99 7.80 9.45 5.65 0.00 0.00 0.00 0.00 0.00 0.00 0.00 0.00 7.20 6.48 5.30 8.55 9.70 7.88 7.65 9.35 7.91 3.57 2.99 3.24 2.50 0.00 0.00 0.80 1.22 0.00 0.00 0.00 0.00
0.00 0.00 0.00 0.00 0.00 0.00 0.00 0.00 0.00 0.00 0.00 0.00 0.00 0.00 3.36 0.00 4.45 5.33 4.13 4.19 4.67 7.23 7.52 7.15 5.99 4.38 3.14 4.16 3.65 0.00 0.00 3.14 2.56 0.44 1.31 1.10 7.30 4.09 6.35 4.74 6.38 5.87 5.38 4.53 4.53 0.07 0.00 1.97 4.62 4.36 0.00 0.00 0.00 0.00 0.00 0.00 0.00 0.00 0.00 0.00 0.00 0.00 0.00 0.00 0.00 4.39 6.26 6.52 3.67 4.10 3.09 3.44 1.30 2.21 2.90 0.00 0.00 1.22 0.00 0.00 0.00 0.00 0.00
0.00 0.00 0.00 0.00 0.00 0.00 0.00 0.00 0.00 0.00 0.00 0.00 0.00 0.00 0.00 0.00 0.00 0.00 0.00 0.00 3.29 5.49 9.68 7.30 8.83 7.66 7.46 9.66 8.83 6.20 3.94 4.96 4.02 3.72 3.58 4.60 5.77 9.49 9.93 8.32 7.01 6.13 7.00 4.16 4.65 2.48 1.90 3.72 3.89 1.12 0.00 0.00 0.00 0.00 0.00 0.00 0.00 0.00 0.00 0.00 0.00 0.00 0.00 0.00 0.00 8.31 4.68 0.00 0.00 0.00 0.00 0.00 0.00 0.00 0.00 0.00 0.00 0.00 0.00 0.00 0.00 0.00 0.00
0.00 0.00 0.00 0.00 0.00 0.00 0.00 0.00 0.00 0.00 0.00 0.00 0.00 0.00 0.00 0.00 0.00 0.00 0.00 0.00 0.00 0.00 5.11 9.20 7.66 5.91 7.70 4.92 9.49 8.47 6.79 7.88 4.53 3.71 3.43 6.64 7.87 7.59 6.06 8.54 2.92 5.97 5.69 0.00 0.00 3.63 3.77 2.63 5.64 0.00 0.00 0.00 0.00 0.00 0.00 0.00 0.00 0.00 0.00 0.00 0.00 0.00 0.00 0.00 0.00 0.00 0.00 0.00 0.00 0.00 0.00 0.00 0.00 0.00 0.00 0.00 0.00 0.00 0.00 0.00 0.00 0.00 0.00
0.00 0.00 0.00 0.00 0.00 0.00 0.00 0.00 0.00 0.00 0.00 0.00 0.00 0.00 0.00 0.00 0.00 0.00 0.00 0.00 0.00 0.00 0.00 5.18 0.00 0.00 0.00 0.00 2.41 5.18 0.00 3.43 6.47 0.00 2.48 3.80 0.00 6.64 0.00 3.65 0.00 0.00 0.00 4.01 4.58 3.97 0.00 0.00 4.38 0.00 0.00 0.00 0.00 0.00 0.00 0.00 0.00 0.00 0.00 0.00 0.00 0.00 0.00 0.00 0.00 0.00 0.00 0.00 0.00 0.00 0.00 0.00 0.00 0.00 0.00 0.00 0.00 0.00 0.00 0.00 0.00 0.00 0.00
