Wansh/Snow_depth/snowdepth-1997/winter/1997346.txt
ncols 321
nrows 161
xllcenter 60
yllcenter 15 
cellsize  0.25 
NODATA_value -1
[rows 0 to 36 of 161, columns 83 to 165 of 321]
3.94 3.87 4.16 3.58 4.02 4.09 3.87 2.41 1.68 0.44 3.50 5.77 5.48 5.26 4.60 4.74 6.06 5.11 4.82 4.82 4.89 5.18 5.18 2.63 1.53 2.12 0.37 0.44 0.37 0.73 0.58 1.61 1.39 1.61 0.58 1.02 0.00 0.00 0.00 1.53 1.24 1.24 1.24 1.31 1.31 0.66 0.00 0.00 0.88 0.37 2.04 3.07 2.34 1.90 1.90 1.83 2.70 3.21 2.70 1.83 2.99 2.56 1.83 2.26 1.31 1.31 0.88 1.61 2.77 2.77 2.85 2.77 3.58 3.80 4.23 4.02 4.53 4.23 5.40 5.18 5.33 5.33 5.04
4.09 4.67 3.50 3.65 3.36 0.29 0.00 0.00 0.00 3.80 2.12 4.67 4.23 4.31 3.14 1.97 2.19 3.21 3.14 3.14 2.99 4.16 3.87 3.36 2.92 1.46 1.68 0.95 0.22 0.22 1.31 1.24 1.61 1.02 1.39 0.00 0.00 0.00 0.00 0.00 0.00 0.00 1.10 1.17 1.17 0.73 2.48 1.31 1.46 0.88 1.17 1.10 1.61 1.68 1.75 2.26 2.12 2.41 2.77 2.70 2.04 2.41 2.34 1.90 2.12 2.19 1.68 1.68 2.12 2.12 5.33 4.74 4.89 2.41 2.77 2.56 3.36 4.02 4.38 3.87 5.26 5.11 5.77
4.23 4.31 2.85 1.68 2.34 0.44 0.00 3.87 3.43 4.89 5.33 5.11 5.48 3.65 3.65 3.43 2.56 2.70 2.04 2.04 1.17 1.68 2.70 2.85 2.77 2.26 2.04 2.26 1.31 1.31 1.39 1.53 1.61 0.73 0.00 0.00 0.00 0.15 0.22 0.80 1.02 0.00 0.00 0.00 0.00 1.46 1.24 1.46 1.10 1.24 0.88 1.24 1.24 1.02 2.56 1.97 4.67 5.77 5.84 6.57 6.64 7.30 6.57 5.77 5.26 4.67 4.96 4.89 5.77 5.77 5.48 5.48 5.55 4.45 3.07 3.07 3.87 4.45 4.89 5.04 4.53 5.33 6.20
4.23 4.31 2.85 1.68 2.34 0.44 0.00 3.87 3.43 4.89 5.33 5.11 5.48 3.65 3.65 3.43 2.56 2.70 2.04 2.04 1.17 1.68 2.70 2.85 2.77 2.26 2.04 2.26 1.31 1.31 1.39 1.53 1.61 0.73 0.00 0.00 0.00 0.15 0.22 0.80 1.02 0.00 0.00 0.00 0.00 1.46 1.24 1.46 1.10 1.24 0.88 1.24 1.24 1.02 2.56 1.97 4.67 5.77 5.84 6.57 6.64 7.30 6.57 5.77 5.26 4.67 4.96 4.89 5.77 5.77 5.48 5.48 5.55 4.45 3.07 3.07 3.87 4.45 4.89 5.04 4.53 5.33 6.20
2.85 3.14 1.39 1.90 2.92 2.41 2.77 3.65 3.29 2.92 4.31 5.48 5.69 4.45 4.09 4.60 2.92 2.77 3.58 3.58 2.34 2.26 1.83 3.94 4.53 4.38 3.21 0.95 0.95 1.10 2.12 2.19 1.24 1.31 1.31 0.66 0.73 0.44 0.15 0.37 0.00 0.07 0.00 0.00 0.00 0.00 0.88 1.31 1.17 1.75 1.46 1.46 1.46 1.53 2.04 3.50 3.29 4.89 6.20 5.91 7.59 6.94 6.64 6.86 7.45 6.28 6.20 6.35 6.42 6.42 6.42 6.13 5.91 5.40 5.84 4.09 5.48 5.40 5.77 6.72 6.64 6.72 6.72
2.41 1.75 1.90 1.61 1.53 1.46 1.97 0.95 1.83 1.39 2.85 2.56 4.45 4.16 4.96 5.84 5.84 4.96 3.65 3.65 3.50 1.83 2.34 2.34 4.02 3.50 3.87 1.97 1.24 1.10 1.24 1.75 1.46 1.61 0.88 1.02 0.66 0.88 0.15 0.00 0.00 0.00 0.00 0.00 0.00 0.66 0.07 1.83 2.48 2.04 2.12 1.24 1.24 1.02 1.53 1.31 2.56 4.02 3.50 5.62 7.88 7.23 10.07 9.78 10.44 7.01 9.42 6.57 6.94 6.94 5.11 5.40 5.18 5.91 5.62 4.60 3.87 3.87 4.96 4.96 6.72 7.66 6.35
2.70 2.04 1.24 1.31 1.31 0.37 0.73 0.80 0.44 0.00 1.24 1.17 0.88 3.50 2.92 3.50 4.23 4.23 2.99 2.99 1.90 2.48 2.04 3.94 3.21 3.50 2.26 2.56 1.90 0.95 0.95 1.53 2.04 1.90 1.10 0.66 0.80 0.15 0.00 0.00 0.00 0.00 0.00 0.00 0.00 0.00 1.61 2.92 2.63 2.99 1.68 1.68 2.34 1.31 1.31 2.77 2.26 3.87 5.84 7.45 8.10 8.03 11.24 10.22 13.29 10.80 11.46 8.32 4.96 4.96 6.06 7.01 6.42 5.84 7.01 7.37 7.45 6.20 7.15 4.23 5.18 4.45 5.77
2.70 2.04 1.24 1.31 1.31 0.37 0.73 0.80 0.44 0.00 1.24 1.17 0.88 3.50 2.92 3.50 4.23 4.23 2.99 2.99 1.90 2.48 2.04 3.94 3.21 3.50 2.26 2.56 1.90 0.95 0.95 1.53 2.04 1.90 1.10 0.66 0.80 0.15 0.00 0.00 0.00 0.00 0.00 0.00 0.00 0.00 1.61 2.92 2.63 2.99 1.68 1.68 2.34 1.31 1.31 2.77 2.26 3.87 5.84 7.45 8.10 8.03 11.24 10.22 13.29 10.80 11.46 8.32 4.96 4.96 6.06 7.01 6.42 5.84 7.01 7.37 7.45 6.20 7.15 4.23 5.18 4.45 5.77
2.04 1.68 1.39 1.24 1.39 1.02 0.88 0.00 0.22 0.22 0.00 0.00 0.00 0.44 3.43 2.77 4.67 3.43 3.94 3.94 3.36 3.50 3.07 2.26 2.85 3.21 2.99 2.26 2.34 1.83 1.83 0.88 1.68 1.46 1.68 1.39 0.44 0.58 0.00 0.00 0.00 0.00 0.00 0.00 0.00 0.73 0.37 1.75 1.83 1.61 2.04 2.99 2.63 3.29 3.21 3.43 3.72 5.04 5.11 6.42 7.15 7.08 8.54 12.19 6.50 11.39 8.18 8.98 7.45 7.45 8.03 6.94 10.22 7.81 8.83 8.03 7.88 8.03 9.56 4.89 3.58 4.82 5.11
0.73 0.00 1.17 1.24 1.31 1.17 1.17 0.00 0.00 0.00 0.00 0.00 0.00 0.00 2.63 3.21 3.07 4.38 3.50 3.50 3.21 3.21 3.80 3.14 3.21 2.85 1.53 1.53 1.90 1.83 2.04 1.46 1.53 1.75 2.04 2.04 1.46 0.51 0.15 0.00 0.00 0.00 0.00 0.51 0.51 0.66 1.31 2.34 2.19 3.58 5.91 4.67 7.52 6.20 5.48 4.31 3.50 4.53 4.23 3.94 3.87 3.94 4.16 3.94 3.80 5.18 6.20 9.13 7.66 7.66 8.76 10.59 12.12 10.44 10.95 8.98 7.45 9.42 10.44 8.40 5.40 3.36 3.14
0.44 1.46 1.83 1.46 0.95 0.00 0.51 0.80 0.00 0.00 0.58 0.44 1.39 1.75 1.61 2.12 2.77 2.77 2.63 2.63 4.60 3.58 4.60 2.77 1.39 1.31 1.53 1.61 1.46 1.24 1.02 1.10 1.39 0.95 1.31 1.46 1.53 0.80 0.95 1.10 1.90 2.41 0.95 1.02 1.02 1.24 1.31 2.12 4.09 3.80 5.40 6.57 6.20 7.01 4.74 5.40 3.58 4.60 4.45 4.60 3.87 4.09 2.41 2.92 2.56 5.40 4.23 7.45 13.72 13.72 16.57 13.14 14.60 16.13 10.73 7.52 6.35 11.10 9.86 7.45 6.86 4.82 3.80
0.44 1.46 1.83 1.46 0.95 0.00 0.51 0.80 0.00 0.00 0.58 0.44 1.39 1.75 1.61 2.12 2.77 2.77 2.63 2.63 4.60 3.58 4.60 2.77 1.39 1.31 1.53 1.61 1.46 1.24 1.02 1.10 1.39 0.95 1.31 1.46 1.53 0.80 0.95 1.10 1.90 2.41 0.95 1.02 1.02 1.24 1.31 2.12 4.09 3.80 5.40 6.57 6.20 7.01 4.74 5.40 3.58 4.60 4.45 4.60 3.87 4.09 2.41 2.92 2.56 5.40 4.23 7.45 13.72 13.72 16.57 13.14 14.60 16.13 10.73 7.52 6.35 11.10 9.86 7.45 6.86 4.82 3.80
0.80 1.90 2.04 0.00 0.00 0.00 0.00 0.00 0.00 0.00 3.07 2.56 2.70 2.41 4.16 4.23 3.43 4.23 4.23 4.23 4.02 4.60 2.56 3.07 1.68 1.46 1.97 1.10 0.51 0.44 2.26 0.66 0.73 0.88 0.80 1.31 1.02 0.51 1.17 1.46 1.39 2.48 2.19 1.17 1.17 1.53 0.88 1.97 1.68 3.29 3.65 4.31 5.33 2.70 4.82 2.41 3.21 4.82 4.82 5.55 4.45 4.23 4.09 3.14 5.18 5.18 5.91 11.83 15.40 15.40 17.81 17.37 18.32 18.54 12.34 7.96 6.13 7.66 7.15 6.86 7.08 5.69 8.76
1.68 1.61 1.90 0.00 0.00 0.00 0.00 0.00 3.29 3.72 3.14 4.16 5.11 5.18 5.18 5.04 5.18 5.04 4.16 4.16 4.16 4.60 2.19 1.97 2.12 0.66 0.00 0.00 0.88 2.48 2.26 3.14 3.29 1.83 1.46 1.24 1.24 1.75 0.88 1.24 1.83 1.68 1.97 1.02 1.02 0.88 1.24 1.17 2.77 2.41 3.36 2.92 2.92 2.19 1.39 1.61 1.10 3.36 2.85 4.82 3.50 4.53 5.33 5.48 6.64 7.15 10.07 13.07 13.58 13.58 16.21 16.86 18.18 15.18 14.38 7.96 10.07 8.32 7.52 2.19 7.30 6.86 7.81
2.34 0.00 0.00 0.00 0.00 0.00 2.48 2.48 3.21 5.26 5.69 4.82 5.18 3.43 3.50 5.18 3.80 4.02 4.02 4.02 3.36 2.92 1.83 2.19 1.68 2.34 0.88 1.53 1.68 1.90 3.58 3.36 4.09 3.14 3.58 1.61 1.24 1.31 0.73 0.66 0.66 1.02 1.46 1.53 1.53 1.61 1.83 0.95 2.34 1.97 3.29 2.77 2.99 2.34 1.90 1.39 0.66 1.83 1.68 2.63 3.87 3.80 4.16 4.31 7.23 9.86 9.49 11.02 12.63 12.63 15.70 15.04 14.67 11.39 9.64 7.15 4.02 2.12 2.19 0.00 4.67 0.00 2.85
1.83 0.00 0.00 0.00 0.00 0.00 1.97 2.12 2.85 2.41 2.77 2.63 2.48 3.21 3.21 3.14 2.99 3.80 3.07 3.07 3.07 1.97 2.19 2.56 2.56 2.99 3.21 1.68 1.31 1.39 2.41 4.89 5.04 3.94 2.56 3.14 0.58 0.80 0.22 0.51 1.46 1.17 1.46 1.02 1.02 0.95 1.24 1.39 1.39 1.39 2.41 3.43 3.50 2.63 2.48 2.70 1.02 1.61 2.04 2.56 2.63 2.99 3.50 4.53 3.94 3.72 7.74 11.68 12.70 12.70 14.16 15.04 12.34 5.99 6.42 5.11 6.64 0.00 0.00 0.00 0.00 0.00 2.99
1.83 0.00 0.00 0.00 0.00 0.00 1.97 2.12 2.85 2.41 2.77 2.63 2.48 3.21 3.21 3.14 2.99 3.80 3.07 3.07 3.07 1.97 2.19 2.56 2.56 2.99 3.21 1.68 1.31 1.39 2.41 4.89 5.04 3.94 2.56 3.14 0.58 0.80 0.22 0.51 1.46 1.17 1.46 1.02 1.02 0.95 1.24 1.39 1.39 1.39 2.41 3.43 3.50 2.63 2.48 2.70 1.02 1.61 2.04 2.56 2.63 2.99 3.50 4.53 3.94 3.72 7.74 11.68 12.70 12.70 14.16 15.04 12.34 5.99 6.42 5.11 6.64 0.00 0.00 0.00 0.00 0.00 2.99
1.90 0.00 0.00 0.00 0.00 0.00 1.68 1.61 1.75 1.61 2.34 2.99 3.87 3.87 3.58 3.87 3.94 4.09 2.41 2.41 1.53 1.61 2.12 1.31 2.92 2.26 2.70 2.92 1.02 1.83 1.61 3.43 4.45 4.53 2.77 1.02 1.31 0.51 0.37 0.22 0.37 0.58 1.46 1.17 1.17 1.83 1.31 1.31 1.31 1.75 1.75 2.34 0.80 1.31 2.04 2.04 1.46 1.10 0.73 2.26 3.29 8.18 9.20 7.01 5.84 5.77 7.15 11.24 13.21 13.21 15.40 15.33 7.08 11.24 7.15 6.50 6.28 3.58 0.00 0.00 0.00 0.00 1.68
2.70 0.00 3.36 0.00 0.00 3.94 3.36 2.12 2.34 2.04 1.90 3.87 4.96 5.84 4.82 5.11 4.02 2.63 2.48 2.48 3.07 1.75 2.19 1.24 2.12 1.83 2.34 1.97 2.41 2.12 2.63 2.56 3.80 4.09 3.43 3.94 1.17 1.53 0.07 0.00 0.00 0.00 1.31 1.61 1.61 1.75 0.88 0.00 0.00 0.00 0.00 0.22 0.07 0.29 1.39 1.02 0.88 1.68 2.26 4.74 9.13 8.25 10.88 14.16 6.64 6.13 7.52 11.68 10.07 10.07 14.67 16.35 10.80 6.13 2.19 3.07 4.45 3.50 0.00 0.00 1.31 1.53 0.95
0.00 0.00 0.00 0.00 0.00 3.29 5.11 2.92 3.14 2.41 4.38 3.87 5.84 5.33 4.67 5.33 4.53 3.72 3.65 3.65 3.80 3.65 1.83 1.90 2.04 2.77 2.63 2.99 2.92 3.29 2.34 1.97 1.83 3.07 3.58 2.04 2.77 0.00 0.00 0.00 0.00 1.24 0.95 2.19 2.19 2.04 2.34 1.39 0.00 0.00 0.00 0.44 0.00 0.15 0.51 0.22 0.95 1.46 1.24 3.07 3.43 11.17 15.40 12.12 9.64 10.07 7.45 8.83 11.75 11.75 10.07 11.46 8.32 0.95 0.58 0.95 0.00 0.00 0.00 0.00 0.22 0.00 0.00
0.00 0.00 0.00 0.00 4.23 0.00 5.62 3.36 2.56 2.92 3.80 3.14 3.36 4.67 4.31 4.53 4.53 4.89 4.60 4.60 4.96 5.04 6.28 3.36 3.36 3.72 5.99 5.62 3.43 1.83 2.19 1.83 0.80 1.39 2.63 1.97 0.15 0.66 0.00 0.00 0.00 0.00 1.10 1.46 1.46 1.31 2.92 3.29 0.00 0.00 0.00 1.68 2.04 1.02 1.39 2.85 5.11 3.50 5.48 3.29 5.84 5.62 7.66 9.34 10.22 7.74 8.69 6.64 7.88 7.88 2.77 1.10 0.00 0.22 0.00 0.00 0.00 0.00 0.00 0.00 0.00 0.00 0.00
0.00 0.00 0.00 0.00 0.00 0.00 0.00 2.12 3.29 3.80 4.16 3.36 4.23 4.67 4.31 6.20 5.55 5.26 6.79 6.79 6.42 8.32 7.96 9.56 6.57 6.64 6.86 5.69 6.06 3.36 2.77 1.24 1.53 1.39 1.39 1.83 0.66 0.00 0.00 0.00 0.00 0.29 0.07 0.29 0.29 0.00 1.10 2.26 0.00 0.00 0.00 0.00 1.17 0.88 2.19 2.19 5.40 6.86 5.26 4.82 5.04 4.16 5.11 4.67 6.64 5.18 4.45 3.94 2.34 2.34 2.48 0.44 0.80 0.00 0.00 0.00 0.00 0.00 0.00 0.00 0.00 0.00 0.00
0.00 0.00 0.00 0.00 0.00 0.00 0.00 2.12 3.29 3.80 4.16 3.36 4.23 4.67 4.31 6.20 5.55 5.26 6.79 6.79 6.42 8.32 7.96 9.56 6.57 6.64 6.86 5.69 6.06 3.36 2.77 1.24 1.53 1.39 1.39 1.83 0.66 0.00 0.00 0.00 0.00 0.29 0.07 0.29 0.29 0.00 1.10 2.26 0.00 0.00 0.00 0.00 1.17 0.88 2.19 2.19 5.40 6.86 5.26 4.82 5.04 4.16 5.11 4.67 6.64 5.18 4.45 3.94 2.34 2.34 2.48 0.44 0.80 0.00 0.00 0.00 0.00 0.00 0.00 0.00 0.00 0.00 0.00
0.00 0.00 0.00 0.00 0.00 1.10 1.46 1.17 3.94 4.45 4.60 3.14 3.29 3.36 5.91 5.77 6.50 6.42 6.50 6.50 7.01 9.13 8.98 9.20 8.54 7.37 7.23 6.50 5.55 3.94 4.53 2.26 1.68 1.97 0.88 0.51 0.95 0.07 0.00 0.00 0.00 0.73 0.00 0.00 0.00 0.00 0.00 0.00 0.00 0.00 0.00 0.00 0.00 0.00 1.24 0.95 2.70 2.41 3.58 3.80 2.19 2.63 3.94 3.50 4.53 4.45 2.92 3.50 2.48 2.48 3.36 2.99 2.70 0.22 0.00 0.07 0.00 0.00 0.00 0.00 0.00 0.00 0.00
0.00 0.00 0.00 0.00 0.00 0.00 4.67 5.33 5.48 5.40 4.89 3.07 3.36 2.34 4.23 5.99 5.62 5.69 5.62 5.62 4.60 4.16 7.23 8.25 8.49 7.70 8.63 6.86 6.72 4.89 2.99 3.43 2.26 1.75 1.83 1.10 0.00 0.00 0.00 0.29 0.44 0.29 0.00 0.00 0.00 0.00 0.00 0.00 0.00 0.00 0.00 0.00 0.00 0.00 0.00 0.00 0.00 1.83 0.00 0.00 1.68 0.73 3.14 2.85 3.72 3.21 2.48 1.83 3.72 3.72 1.97 2.85 2.19 0.73 1.24 0.00 0.00 0.00 0.00 0.00 0.00 0.00 0.00
0.00 1.90 3.72 2.04 5.33 5.33 4.74 7.08 7.52 4.89 5.55 0.00 0.00 0.00 0.00 4.82 4.53 3.87 2.34 2.34 2.77 5.62 4.89 8.32 8.65 9.76 7.30 7.50 7.00 6.86 3.21 2.34 2.48 1.83 1.53 1.10 0.00 0.00 0.51 0.07 0.80 0.80 0.00 0.00 0.00 0.37 0.00 0.00 0.00 0.00 0.00 0.00 0.00 0.00 0.00 1.75 0.00 0.00 0.00 0.00 0.00 0.00 0.00 1.10 2.63 0.73 1.53 1.39 0.95 0.95 2.34 2.99 1.46 1.10 1.02 0.07 2.34 1.53 0.00 0.44 0.44 0.00 0.00
5.11 3.72 3.72 4.67 5.55 5.77 5.55 6.50 6.13 0.00 0.00 0.00 0.00 0.00 0.00 0.00 0.00 0.00 0.00 0.00 1.83 4.23 4.89 4.14 5.57 6.43 6.88 6.41 7.15 6.32 5.44 3.14 2.99 2.99 3.14 2.04 1.31 1.53 0.66 1.24 1.02 1.31 1.10 0.00 0.00 0.00 0.00 0.00 0.00 0.00 0.00 0.00 0.00 0.00 0.00 0.00 0.00 0.00 0.00 0.00 0.00 0.00 0.00 0.22 0.73 2.04 0.15 0.73 1.39 1.39 3.14 3.43 3.50 2.48 2.63 2.56 3.07 2.26 0.88 1.61 0.58 0.95 0.88
5.84 5.33 5.26 5.26 4.96 5.69 6.13 5.99 6.06 0.00 0.00 0.00 0.00 0.00 0.00 0.00 0.00 0.00 0.00 0.00 0.00 0.00 0.00 0.00 0.00 0.00 5.55 6.40 6.67 6.63 6.27 6.46 4.02 4.96 3.94 4.09 2.99 2.19 2.34 1.68 1.53 1.10 1.02 0.44 0.44 0.00 0.00 0.00 0.00 0.00 0.00 0.00 0.00 0.00 0.00 0.00 0.00 0.00 0.00 0.00 0.00 0.00 0.00 0.00 2.48 2.92 4.02 5.33 5.26 5.26 5.04 4.67 4.53 3.58 2.26 2.04 2.41 2.04 1.75 1.68 1.10 0.58 0.80
5.84 5.33 5.26 5.26 4.96 5.69 6.13 5.99 6.06 0.00 0.00 0.00 0.00 0.00 0.00 0.00 0.00 0.00 0.00 0.00 0.00 0.00 0.00 0.00 0.00 0.00 5.55 6.20 6.19 6.19 6.36 6.52 4.18 5.58 4.17 4.19 2.99 2.19 2.34 1.68 1.53 1.10 1.02 0.44 0.44 0.00 0.00 0.00 0.00 0.00 0.00 0.00 0.00 0.00 0.00 0.00 0.00 0.00 0.00 0.00 0.00 0.00 0.00 0.00 2.48 2.92 4.02 5.33 5.26 5.26 5.04 4.67 4.53 3.58 2.26 2.04 2.41 2.04 1.75 1.68 1.10 0.58 0.80
5.99 5.40 5.11 4.82 5.40 5.26 5.55 6.06 4.82 4.89 6.06 0.00 0.00 0.00 0.00 0.00 5.84 4.74 3.94 3.94 0.00 0.00 0.00 0.00 0.00 0.00 0.00 4.13 5.65 5.04 6.38 4.79 5.30 5.86 7.26 7.00 5.52 4.06 3.14 3.21 1.68 0.37 0.95 0.44 0.44 0.00 0.00 0.00 0.00 0.00 0.00 0.00 0.00 0.00 0.00 0.00 0.00 0.00 0.00 0.00 0.00 0.00 0.00 2.19 0.00 4.23 5.40 6.57 5.33 5.33 6.13 4.23 3.36 3.87 2.56 2.99 2.92 2.26 3.72 1.83 2.19 1.46 1.75
4.82 4.96 5.33 4.53 6.13 5.84 5.91 5.77 6.28 7.37 7.88 6.28 0.00 2.04 0.00 0.00 6.57 6.13 6.13 6.13 0.00 0.00 0.00 0.00 0.00 0.00 0.00 0.00 0.00 5.07 4.79 4.23 4.82 5.62 5.81 7.83 7.34 6.15 6.68 4.60 2.99 1.97 2.19 1.10 1.10 0.00 0.00 0.00 0.00 0.00 0.00 0.00 0.00 0.00 0.00 0.00 0.00 0.00 0.00 0.00 0.00 0.00 1.31 2.19 0.00 2.63 5.40 5.77 6.57 6.57 8.32 5.69 4.38 4.74 3.43 2.99 2.70 2.92 3.80 3.72 2.26 3.21 2.26
3.58 3.87 3.80 4.23 5.55 5.18 4.74 5.62 5.33 6.20 6.13 6.50 4.45 3.72 4.67 3.29 5.18 4.38 3.14 3.14 3.94 0.00 1.24 1.83 1.75 0.00 0.00 0.00 0.00 0.00 0.00 3.87 4.09 4.60 6.50 6.61 7.00 7.70 5.11 5.69 4.09 3.36 1.68 2.12 2.12 0.80 0.00 0.66 0.00 1.02 0.80 0.00 0.00 0.00 0.00 0.00 0.00 0.00 0.00 0.00 0.00 0.00 1.46 0.00 0.00 2.70 4.31 3.72 6.28 6.28 8.03 8.76 7.15 4.74 2.48 2.77 5.33 3.50 6.42 5.69 5.11 5.40 5.04
0.00 0.00 5.11 5.26 5.18 5.04 4.16 5.48 5.26 5.91 6.13 6.06 4.60 4.67 4.53 3.14 2.34 3.07 0.80 0.80 1.31 1.97 1.75 3.36 0.00 0.00 0.00 0.00 0.00 0.00 0.00 0.00 3.58 3.58 4.67 6.86 8.32 7.78 7.26 6.93 5.60 3.94 4.74 3.36 3.36 1.75 1.31 1.24 0.95 0.37 1.31 1.46 0.00 0.00 0.00 0.00 0.00 0.00 0.00 0.00 1.24 0.29 0.00 0.00 0.00 0.00 2.63 5.77 5.48 5.48 6.42 4.96 5.55 4.31 1.46 3.36 3.65 5.84 7.15 8.25 5.91 7.30 5.48
0.00 0.00 0.00 3.94 0.00 0.00 0.00 4.67 4.82 4.94 4.16 5.55 4.60 3.50 4.02 2.34 0.58 0.00 0.07 0.07 0.73 2.77 3.80 0.00 3.72 3.43 0.00 0.00 0.00 0.00 0.00 0.00 0.00 4.31 5.91 5.33 7.30 8.40 8.18 8.37 8.01 4.92 4.09 4.60 4.60 2.63 2.12 1.97 1.68 0.95 1.17 1.39 1.46 1.02 0.00 0.00 0.00 0.00 0.00 0.95 0.73 0.00 0.22 0.00 0.00 0.00 0.00 0.00 0.00 0.00 2.70 3.07 0.15 0.58 0.80 2.12 3.36 4.89 5.26 6.20 5.26 6.79 6.06
0.00 0.00 0.00 0.00 0.00 2.41 0.00 3.43 0.00 0.00 0.00 4.09 2.26 1.61 0.66 1.17 0.00 0.00 0.00 0.00 0.00 0.00 0.00 0.00 0.00 4.31 3.21 0.00 0.00 0.00 0.00 0.00 0.00 3.46 4.45 5.69 5.55 6.50 7.96 8.40 8.69 6.86 4.67 5.91 5.91 4.96 3.80 3.80 2.63 1.68 0.95 2.56 1.61 1.53 0.00 0.00 0.00 0.00 0.00 0.00 0.00 0.00 0.80 0.00 0.00 0.00 0.00 0.00 0.00 0.00 0.00 0.00 0.00 0.44 1.02 1.39 2.48 3.29 2.77 4.23 3.94 4.67 7.15
0.00 0.00 0.00 0.00 0.00 2.41 0.00 3.43 0.00 0.00 0.00 4.09 2.26 1.61 0.66 1.17 0.00 0.00 0.00 0.00 0.00 0.00 0.00 0.00 0.00 4.31 3.21 0.00 0.00 0.00 0.00 0.00 0.00 3.36 4.45 5.72 5.58 6.50 7.92 8.48 8.69 6.79 4.67 5.91 5.91 4.96 3.80 3.80 2.63 1.68 0.95 2.56 1.61 1.53 0.00 0.00 0.00 0.00 0.00 0.00 0.00 0.00 0.80 0.00 0.00 0.00 0.00 0.00 0.00 0.00 0.00 0.00 0.00 0.44 1.02 1.39 2.48 3.29 2.77 4.23 3.94 4.67 7.15
5.18 0.00 0.00 0.00 0.00 0.00 4.89 3.87 5.71 2.52 1.17 1.10 0.00 1.24 1.17 0.29 0.66 0.07 0.00 0.00 0.00 0.00 0.00 0.00 0.00 0.00 2.70 2.85 0.00 0.00 0.00 0.00 0.00 0.00 3.36 5.11 4.67 5.04 6.79 9.24 7.08 6.35 5.99 6.28 6.28 6.28 4.45 3.50 4.82 0.00 0.00 2.70 2.77 2.63 1.46 0.00 0.00 0.00 0.00 0.00 0.00 1.31 0.95 0.00 0.00 0.00 0.00 0.00 0.00 0.00 0.00 0.00 0.00 0.00 0.00 0.00 0.00 0.00 0.00 0.00 4.45 4.45 4.02
