Wansh/Snow_depth/snowdepth-1997/winter/1997339.txt
ncols 321
nrows 161
xllcenter 60
yllcenter 15 
cellsize  0.25 
NODATA_value -1
[rows 0 to 36 of 161, columns 83 to 165 of 321]
5.26 5.33 5.33 4.60 4.02 3.58 3.72 3.43 2.19 4.23 4.23 4.23 5.40 5.04 5.55 5.48 3.87 4.82 5.77 5.77 5.91 5.69 4.96 3.36 4.02 2.41 1.83 1.17 1.17 1.61 1.97 1.90 1.53 1.53 1.83 0.37 0.51 0.80 0.37 0.51 1.17 0.00 0.00 0.66 0.66 0.00 0.00 0.00 0.00 0.95 1.83 1.90 1.53 2.85 2.04 1.17 1.31 1.24 1.90 1.31 0.29 0.66 0.00 1.39 1.17 1.75 1.68 1.39 1.97 1.97 2.04 2.41 2.19 3.14 3.07 2.99 3.72 4.09 4.09 3.50 3.43 3.50 2.99
4.60 4.89 5.04 5.04 4.31 0.00 0.00 0.00 0.00 1.24 1.46 2.77 4.96 4.16 4.31 4.31 3.21 3.50 2.77 2.77 2.99 3.14 4.02 2.77 3.29 3.21 1.39 1.97 2.26 1.90 2.04 1.61 2.04 1.53 1.31 0.95 0.00 0.00 0.51 0.00 0.22 0.44 0.73 0.44 0.44 1.31 1.17 1.02 1.17 1.02 1.53 1.39 1.46 2.04 3.29 1.46 1.90 1.83 3.07 3.21 4.45 4.45 1.61 1.75 2.12 2.19 2.41 3.07 2.99 2.99 3.94 4.16 4.23 2.41 2.63 2.41 3.14 2.77 3.29 3.58 3.58 4.02 4.53
5.33 5.18 4.89 3.07 0.95 1.24 0.95 0.80 4.82 2.34 6.20 3.72 6.13 5.04 5.62 3.80 3.58 3.58 2.41 2.41 2.41 2.92 2.70 2.85 2.04 2.34 2.77 2.41 1.68 2.56 2.48 2.77 2.85 2.19 1.68 1.83 1.31 1.17 1.02 2.19 0.15 0.58 0.00 0.88 0.88 0.73 1.31 1.68 1.53 1.97 2.19 1.24 1.17 1.90 3.36 4.60 4.02 5.26 4.82 6.57 5.91 6.06 6.72 5.55 6.28 5.84 6.35 4.45 7.01 7.01 5.18 5.11 4.45 3.50 2.34 2.41 2.56 3.43 3.58 3.21 4.16 4.82 4.89
5.33 5.18 4.89 3.07 0.95 1.24 0.95 0.80 4.82 2.34 6.20 3.72 6.13 5.04 5.62 3.80 3.58 3.58 2.41 2.41 2.41 2.92 2.70 2.85 2.04 2.34 2.77 2.41 1.68 2.56 2.48 2.77 2.85 2.19 1.68 1.83 1.31 1.17 1.02 2.19 0.15 0.58 0.00 0.88 0.88 0.73 1.31 1.68 1.53 1.97 2.19 1.24 1.17 1.90 3.36 4.60 4.02 5.26 4.82 6.57 5.91 6.06 6.72 5.55 6.28 5.84 6.35 4.45 7.01 7.01 5.18 5.11 4.45 3.50 2.34 2.41 2.56 3.43 3.58 3.21 4.16 4.82 4.89
3.58 3.94 1.83 1.61 2.04 4.09 3.94 4.31 4.31 6.28 6.35 5.04 4.96 5.18 5.33 4.60 3.36 3.14 2.77 2.77 2.92 2.63 2.99 3.50 3.14 3.58 2.56 1.02 1.53 1.97 2.56 2.41 1.90 2.04 2.48 2.19 2.34 2.12 1.90 1.97 1.46 0.00 0.00 0.00 0.00 0.44 0.00 1.39 1.39 1.39 1.39 1.61 0.95 1.17 1.17 3.07 4.23 3.94 6.35 6.86 6.64 8.54 6.64 7.15 6.72 6.94 7.08 7.66 7.52 7.52 7.08 5.62 6.13 4.82 3.29 3.50 3.29 2.99 3.50 4.74 4.60 5.11 4.82
4.09 4.38 3.94 4.02 3.65 3.21 2.56 2.70 2.63 3.65 4.16 4.16 5.04 4.23 4.16 4.38 4.16 3.72 3.14 3.14 2.26 2.48 3.07 3.14 3.43 3.65 2.56 2.70 1.31 1.24 2.04 2.26 2.12 2.77 2.85 2.77 1.97 1.17 1.31 0.88 0.00 0.00 0.00 0.00 0.00 0.00 0.80 1.10 1.83 2.19 1.90 1.10 0.73 0.73 1.61 1.68 2.99 4.60 5.11 5.77 7.96 7.59 9.78 10.15 10.66 10.00 7.74 7.74 6.72 6.72 7.08 5.77 5.91 5.11 6.64 5.62 5.04 5.04 4.02 4.02 4.02 4.96 6.20
4.45 4.31 3.80 3.72 3.72 2.99 2.77 2.41 2.56 3.14 1.61 1.02 1.83 3.21 3.72 3.58 3.43 3.36 3.50 3.50 3.29 2.77 2.56 2.85 2.92 2.41 2.77 1.75 0.95 1.46 1.39 1.83 2.77 2.77 3.07 1.68 1.75 1.10 0.00 0.00 0.00 0.00 0.00 0.00 0.00 0.44 0.29 1.46 1.24 1.68 1.10 1.24 1.68 2.85 2.04 3.29 5.11 4.82 6.64 6.57 7.30 8.47 9.20 11.53 11.68 11.97 9.49 7.37 7.66 7.66 6.50 6.50 6.35 7.45 6.64 7.01 6.28 5.04 5.40 4.09 4.89 3.94 4.09
4.45 4.31 3.80 3.72 3.72 2.99 2.77 2.41 2.56 3.14 1.61 1.02 1.83 3.21 3.72 3.58 3.43 3.36 3.50 3.50 3.29 2.77 2.56 2.85 2.92 2.41 2.77 1.75 0.95 1.46 1.39 1.83 2.77 2.77 3.07 1.68 1.75 1.10 0.00 0.00 0.00 0.00 0.00 0.00 0.00 0.44 0.29 1.46 1.24 1.68 1.10 1.24 1.68 2.85 2.04 3.29 5.11 4.82 6.64 6.57 7.30 8.47 9.20 11.53 11.68 11.97 9.49 7.37 7.66 7.66 6.50 6.50 6.35 7.45 6.64 7.01 6.28 5.04 5.40 4.09 4.89 3.94 4.09
3.36 3.94 1.61 2.41 2.41 2.41 2.41 1.75 1.46 0.58 0.07 0.95 1.02 2.41 1.75 3.21 3.21 2.85 2.77 2.77 2.92 2.48 3.29 3.36 3.14 1.97 2.77 2.70 1.75 1.39 2.19 2.19 2.48 2.12 1.90 2.04 0.95 1.24 0.00 0.00 0.07 0.00 0.29 0.44 0.44 1.02 0.29 1.53 1.46 1.61 3.29 2.41 2.04 4.09 4.53 4.74 4.02 5.48 5.33 6.13 6.64 6.42 7.96 7.08 7.15 6.86 7.45 7.30 7.30 7.30 8.69 8.69 10.37 8.76 9.27 8.10 8.32 7.96 7.96 6.20 6.50 5.48 3.80
0.58 0.51 0.58 1.24 1.68 1.46 1.31 1.61 2.04 1.17 0.00 1.24 0.95 0.80 0.88 2.92 1.97 2.56 3.21 3.21 2.34 3.14 3.58 1.83 2.48 1.90 1.46 1.46 1.39 1.97 1.61 1.75 1.53 1.75 1.53 1.61 1.39 1.24 1.17 0.88 0.00 0.37 0.51 0.95 0.95 0.73 1.53 2.04 1.97 4.02 3.72 5.55 6.64 6.35 5.26 3.87 4.09 3.43 3.43 3.29 3.21 2.34 5.18 4.53 4.16 4.09 5.69 6.86 6.79 6.79 8.61 10.51 10.07 10.29 7.81 8.40 7.37 8.76 11.10 10.59 9.05 5.11 6.06
0.66 1.24 0.15 1.61 1.17 1.17 0.15 0.00 1.17 0.95 1.10 1.46 1.17 1.68 1.10 1.83 1.61 1.97 1.75 1.75 3.07 2.85 3.07 2.48 1.68 1.90 1.53 1.75 1.97 2.19 0.88 1.46 1.10 0.95 1.61 1.46 1.46 1.24 1.83 1.61 1.46 1.68 1.83 1.75 1.75 1.46 1.61 1.83 3.14 4.09 5.04 5.48 5.26 4.74 3.21 3.94 3.29 3.21 3.43 3.65 3.72 2.77 2.77 2.48 2.48 3.72 8.10 6.79 13.36 13.36 15.18 15.33 13.58 11.68 12.19 8.40 7.15 6.72 9.71 10.29 8.40 6.64 6.86
0.66 1.24 0.15 1.61 1.17 1.17 0.15 0.00 1.17 0.95 1.10 1.46 1.17 1.68 1.10 1.83 1.61 1.97 1.75 1.75 3.07 2.85 3.07 2.48 1.68 1.90 1.53 1.75 1.97 2.19 0.88 1.46 1.10 0.95 1.61 1.46 1.46 1.24 1.83 1.61 1.46 1.68 1.83 1.75 1.75 1.46 1.61 1.83 3.14 4.09 5.04 5.48 5.26 4.74 3.21 3.94 3.29 3.21 3.43 3.65 3.72 2.77 2.77 2.48 2.48 3.72 8.10 6.79 13.36 13.36 15.18 15.33 13.58 11.68 12.19 8.40 7.15 6.72 9.71 10.29 8.40 6.64 6.86
1.39 1.17 0.58 0.00 0.58 0.88 0.00 0.00 1.83 2.77 1.39 2.04 1.90 2.19 1.68 3.21 2.04 2.41 2.04 2.04 3.65 2.99 2.41 2.63 2.63 1.83 1.46 1.46 1.17 0.73 1.17 1.61 1.68 2.04 1.46 1.61 2.19 1.68 2.48 2.70 2.34 2.99 2.26 2.63 2.63 1.68 1.39 1.39 2.26 2.63 2.48 3.80 3.14 3.43 1.97 2.56 2.34 3.50 5.04 4.31 3.87 3.58 3.50 3.14 3.87 3.80 7.15 13.07 11.68 11.68 15.91 15.18 15.55 12.99 9.93 9.42 6.72 6.94 6.79 9.42 9.64 7.59 8.03
0.95 0.73 1.24 1.10 1.75 0.00 0.00 0.00 1.53 3.29 2.85 2.99 4.09 4.16 3.58 3.87 3.80 3.94 4.09 4.09 4.23 3.29 2.56 2.63 2.48 2.26 0.95 0.80 1.02 1.17 3.07 2.63 2.56 2.63 2.12 1.46 2.12 2.34 2.41 1.83 1.83 1.75 2.34 1.39 1.39 1.61 0.95 1.10 1.46 1.97 2.26 2.34 1.83 1.53 2.41 1.83 2.34 2.19 3.65 4.31 3.50 4.38 5.33 5.11 6.50 8.40 11.17 10.51 13.58 13.58 15.77 15.62 15.84 13.72 14.97 12.34 7.52 3.80 4.82 0.00 3.14 7.37 7.52
1.02 1.61 1.31 0.00 0.00 0.00 2.34 0.00 0.00 3.36 3.36 3.94 3.87 4.02 2.85 3.07 3.07 3.14 3.58 3.58 2.70 2.34 2.56 2.34 2.26 0.66 0.80 1.75 1.83 1.68 2.41 4.02 3.87 3.72 1.90 1.90 2.19 2.04 0.95 1.10 1.39 1.61 1.53 1.17 1.17 0.95 0.88 1.02 1.02 1.83 2.56 2.70 2.70 2.19 1.17 0.95 0.95 1.17 1.31 2.26 3.43 3.14 4.23 5.84 8.18 7.74 10.66 12.19 12.05 12.05 14.24 15.26 15.33 13.80 7.96 6.94 5.77 6.72 0.00 0.00 0.00 3.14 3.58
1.10 2.56 0.00 0.00 0.00 0.00 0.00 1.90 2.99 3.58 3.29 3.29 3.50 2.48 2.70 3.14 3.07 2.56 2.48 2.48 2.41 2.56 2.63 2.34 2.56 1.90 2.12 2.04 2.04 2.85 2.56 3.94 4.09 4.09 3.43 2.92 1.46 1.39 0.44 1.10 1.39 1.24 1.31 1.31 1.31 1.31 1.24 1.31 1.24 1.68 1.39 2.34 2.12 2.34 1.90 0.73 1.10 0.95 1.68 1.83 1.75 3.21 4.02 3.94 3.72 5.99 9.20 8.61 10.88 10.88 13.87 13.43 12.99 7.96 9.27 4.74 5.33 2.26 0.00 0.00 0.00 2.19 3.21
1.10 2.56 0.00 0.00 0.00 0.00 0.00 1.90 2.99 3.58 3.29 3.29 3.50 2.48 2.70 3.14 3.07 2.56 2.48 2.48 2.41 2.56 2.63 2.34 2.56 1.90 2.12 2.04 2.04 2.85 2.56 3.94 4.09 4.09 3.43 2.92 1.46 1.39 0.44 1.10 1.39 1.24 1.31 1.31 1.31 1.31 1.24 1.31 1.24 1.68 1.39 2.34 2.12 2.34 1.90 0.73 1.10 0.95 1.68 1.83 1.75 3.21 4.02 3.94 3.72 5.99 9.20 8.61 10.88 10.88 13.87 13.43 12.99 7.96 9.27 4.74 5.33 2.26 0.00 0.00 0.00 2.19 3.21
2.34 2.99 0.00 0.00 0.00 1.24 0.95 2.19 1.24 2.19 1.90 3.72 3.07 3.43 3.36 3.80 3.07 2.56 2.63 2.63 3.29 2.26 1.90 2.12 2.48 1.75 2.63 2.04 2.04 2.34 2.34 2.41 3.50 3.80 2.85 3.36 0.73 0.73 1.68 0.15 0.88 0.66 1.39 1.31 1.31 1.46 0.80 0.00 0.51 0.00 0.66 1.24 0.66 1.17 0.73 1.17 0.80 1.17 0.95 2.04 4.38 3.72 5.77 4.89 5.11 4.89 7.23 10.37 9.71 9.71 13.21 12.78 8.98 9.42 5.26 4.89 4.23 5.04 0.00 0.00 0.00 2.85 2.70
2.70 0.00 0.00 0.00 0.00 2.56 0.66 1.61 1.68 2.19 2.77 3.43 4.53 5.77 4.02 4.74 3.65 3.14 2.77 2.77 1.68 1.90 2.12 1.39 2.34 2.26 2.26 1.90 2.77 2.85 2.19 2.04 3.07 3.29 2.92 1.68 2.04 0.66 0.29 0.00 0.07 0.00 0.07 1.46 1.46 0.00 0.00 0.00 0.00 0.00 0.00 0.00 0.29 0.22 0.15 0.00 0.00 1.02 2.63 5.48 4.53 11.10 12.85 8.69 5.40 5.84 7.45 6.50 12.48 12.48 15.26 15.40 11.97 4.60 4.31 4.23 4.96 2.19 0.00 0.00 1.46 2.12 1.75
0.00 0.00 0.00 0.00 0.00 0.00 2.70 2.48 2.26 2.26 2.85 3.36 4.09 4.53 4.96 2.99 3.80 3.58 2.85 2.85 3.43 2.48 2.92 1.68 2.85 1.61 1.68 3.43 2.63 2.63 2.04 1.39 1.39 2.26 2.70 1.10 0.66 0.88 0.00 0.00 0.07 0.00 1.17 0.15 0.15 1.75 0.00 0.00 0.00 0.00 0.00 0.00 0.00 0.00 0.00 0.37 1.83 1.39 2.77 4.67 9.05 7.88 13.29 10.51 11.75 7.81 7.08 11.46 10.22 10.22 14.16 10.95 3.65 2.04 1.83 1.61 1.75 0.07 0.29 0.15 0.00 0.22 0.58
0.00 0.00 0.00 0.00 0.00 1.68 2.56 3.07 2.85 2.19 2.56 2.70 1.90 3.58 2.63 3.21 3.80 4.60 3.94 3.94 4.16 4.31 5.48 4.09 3.87 5.18 4.74 4.96 3.58 2.99 2.34 1.46 0.73 1.02 1.31 1.53 1.31 0.00 0.29 0.00 0.00 0.00 0.00 1.17 1.17 0.88 1.02 0.00 0.00 0.00 0.00 1.39 1.53 1.46 1.10 2.85 1.83 3.58 4.53 4.31 5.69 8.61 7.81 10.51 7.30 6.50 6.06 6.20 6.13 6.13 4.02 2.63 3.21 0.73 0.95 0.00 0.00 0.00 0.00 0.00 0.00 0.00 0.00
0.00 0.00 0.00 0.00 0.00 0.00 0.00 2.19 3.29 2.34 2.56 1.61 1.17 2.70 2.26 3.58 4.82 4.45 5.69 5.69 7.59 6.79 7.15 7.45 5.69 6.13 5.33 4.53 3.29 3.50 2.85 1.97 2.19 1.97 1.46 1.10 1.24 0.00 0.00 0.00 0.00 0.66 0.44 0.58 0.58 0.00 0.00 0.00 0.00 0.00 0.00 0.00 0.73 0.58 0.88 2.56 3.87 3.87 3.65 2.48 2.63 2.63 2.92 2.77 2.70 4.89 5.55 3.72 4.09 4.09 3.36 2.04 0.73 0.22 0.00 0.00 0.00 0.00 0.00 0.00 0.00 0.00 0.00
0.00 0.00 0.00 0.00 0.00 0.00 0.00 2.19 3.29 2.34 2.56 1.61 1.17 2.70 2.26 3.58 4.82 4.45 5.69 5.69 7.59 6.79 7.15 7.45 5.69 6.13 5.33 4.53 3.29 3.50 2.85 1.97 2.19 1.97 1.46 1.10 1.24 0.00 0.00 0.00 0.00 0.66 0.44 0.58 0.58 0.00 0.00 0.00 0.00 0.00 0.00 0.00 0.73 0.58 0.88 2.56 3.87 3.87 3.65 2.48 2.63 2.63 2.92 2.77 2.70 4.89 5.55 3.72 4.09 4.09 3.36 2.04 0.73 0.22 0.00 0.00 0.00 0.00 0.00 0.00 0.00 0.00 0.00
0.00 0.00 0.00 0.00 0.00 2.26 2.04 2.26 2.92 3.14 3.29 1.97 1.68 2.26 2.70 4.45 3.94 5.04 6.13 6.13 6.42 6.57 8.40 6.64 6.20 5.77 6.42 4.09 4.60 2.92 3.21 2.63 2.70 2.12 2.26 1.10 0.00 0.00 0.00 0.00 0.00 0.44 0.51 0.00 0.00 0.29 0.00 0.00 0.00 0.00 0.00 0.00 0.00 0.00 2.04 1.75 3.14 2.63 2.92 1.97 0.00 2.63 2.63 2.56 3.14 2.77 3.43 3.07 2.41 2.41 2.99 1.97 2.04 1.46 0.22 0.00 0.00 0.00 0.00 0.00 0.00 0.00 0.00
0.00 0.00 0.00 0.00 0.00 2.99 3.50 4.45 4.02 4.67 4.31 2.56 1.97 1.02 2.99 5.18 5.04 5.33 5.55 5.55 6.20 3.07 5.55 5.40 5.81 7.12 6.78 5.01 5.99 4.96 3.43 3.72 2.04 2.19 1.02 1.31 0.73 0.22 0.15 0.66 1.39 0.29 0.37 0.00 0.00 0.00 0.00 0.00 0.00 0.00 0.00 0.00 0.00 0.00 0.00 0.00 0.00 0.00 0.00 0.00 0.00 0.00 0.00 2.41 2.41 2.34 1.68 1.97 1.83 1.83 2.56 2.48 3.72 0.80 0.22 0.22 0.00 0.00 0.07 0.00 0.00 0.00 0.00
0.00 0.00 0.00 0.00 2.85 0.00 4.74 3.94 5.04 4.38 0.00 1.90 1.90 1.83 2.04 3.65 3.50 3.14 1.90 1.90 2.19 2.04 3.94 5.99 5.64 7.86 5.81 7.03 5.49 5.99 3.29 2.34 2.63 2.48 1.97 0.51 0.80 0.00 0.58 0.15 1.61 0.37 0.00 0.51 0.51 0.00 0.00 0.00 0.00 0.00 0.00 0.00 0.00 0.00 0.00 0.00 0.00 0.00 0.00 0.00 0.00 0.00 0.00 0.00 1.24 0.95 1.10 0.00 1.83 1.83 2.12 3.50 2.77 3.72 1.68 1.39 0.37 1.75 0.80 1.17 0.44 0.00 0.00
0.00 0.00 0.00 0.00 0.00 0.00 4.09 5.04 4.82 3.14 0.00 0.00 0.00 0.00 2.77 0.00 2.26 2.48 1.31 1.31 2.04 3.21 2.82 4.74 4.59 4.54 5.82 4.87 5.01 3.99 4.62 2.77 2.56 2.85 3.58 1.46 0.80 1.39 1.24 1.46 1.68 0.29 0.00 0.00 0.00 0.37 0.00 0.00 0.00 0.00 0.00 0.00 0.00 0.00 0.00 0.00 0.00 0.00 0.00 0.00 0.00 0.00 0.00 0.00 1.39 1.17 1.17 2.56 2.19 2.19 2.70 2.48 3.72 2.70 2.92 2.34 1.75 1.53 0.80 1.31 0.88 0.29 0.44
4.09 3.80 4.45 3.94 4.16 0.00 3.80 0.00 0.00 0.00 0.00 0.00 0.00 0.00 0.00 0.00 0.00 0.00 1.97 1.97 1.91 1.33 1.48 0.00 2.63 2.00 3.72 3.84 3.41 4.89 4.57 4.84 3.72 4.53 4.16 3.80 2.70 3.43 3.43 2.77 0.66 0.58 0.58 0.00 0.00 0.00 0.00 0.00 0.00 0.00 0.00 0.00 0.00 0.00 0.00 0.00 0.00 0.00 0.00 0.00 0.00 0.00 0.00 0.00 1.83 2.63 2.48 2.41 4.45 4.45 5.11 4.60 3.80 2.48 3.14 2.19 2.12 1.24 1.17 1.46 1.24 0.66 0.00
4.09 3.80 4.45 3.94 4.16 0.00 3.80 0.00 0.00 0.00 0.00 0.00 0.00 0.00 0.00 0.00 0.00 0.00 1.97 1.98 1.97 1.35 1.59 0.00 2.70 1.97 3.72 3.72 3.17 4.57 4.64 4.89 3.88 5.09 4.40 3.89 2.70 3.43 3.43 2.77 0.66 0.58 0.58 0.00 0.00 0.00 0.00 0.00 0.00 0.00 0.00 0.00 0.00 0.00 0.00 0.00 0.00 0.00 0.00 0.00 0.00 0.00 0.00 0.00 1.83 2.63 2.48 2.41 4.45 4.45 5.11 4.60 3.80 2.48 3.14 2.19 2.12 1.24 1.17 1.46 1.24 0.66 0.00
3.87 3.58 4.23 5.11 4.96 4.96 4.45 0.00 2.99 5.99 0.00 2.19 0.00 0.00 0.00 0.00 3.14 0.00 0.00 0.00 0.00 0.00 0.00 0.00 0.00 0.00 1.62 1.62 1.83 3.87 4.26 2.36 2.57 4.50 4.95 4.67 4.16 4.35 3.50 3.80 2.99 1.90 0.66 1.10 1.10 0.00 0.00 0.00 0.00 0.00 0.00 0.00 0.00 0.00 0.00 0.00 0.00 0.00 0.00 0.00 0.00 0.00 0.00 0.00 2.34 2.99 4.67 4.67 4.67 4.67 5.04 6.20 3.87 2.99 3.50 2.26 1.68 3.14 1.46 2.56 0.58 1.02 0.73
2.63 3.14 4.31 5.18 4.89 5.33 5.69 5.33 6.13 6.79 6.06 5.48 2.85 0.44 0.58 0.00 4.45 4.45 3.72 3.72 0.00 0.00 0.00 0.00 0.00 0.00 0.00 1.10 1.82 0.00 1.92 1.61 2.70 2.56 4.28 4.81 5.45 5.48 4.48 4.02 4.53 2.99 1.31 0.00 0.00 0.51 0.00 0.00 1.31 0.95 0.00 0.00 0.00 0.00 0.00 0.00 0.00 0.00 0.00 0.00 0.00 0.00 0.00 0.00 2.34 4.09 3.80 4.31 4.74 4.74 7.59 5.69 5.48 3.94 3.80 3.58 2.99 2.77 4.16 2.04 1.83 1.24 1.46
2.48 3.65 3.65 3.36 5.33 5.55 4.82 4.82 5.11 6.13 6.20 6.06 5.91 4.09 4.31 5.40 4.96 4.53 3.43 3.43 2.34 0.00 2.04 2.92 0.00 0.00 0.00 0.00 0.15 0.00 1.00 1.75 2.85 3.43 2.63 3.15 5.04 5.54 5.26 4.45 3.50 3.72 4.02 2.48 2.48 0.22 0.58 0.00 0.51 1.75 1.46 0.00 0.00 0.00 0.00 0.00 0.00 0.00 0.00 0.00 0.00 0.00 0.00 0.00 0.00 0.00 2.48 4.09 7.52 7.52 8.98 8.61 9.13 5.69 3.65 2.70 2.56 5.69 5.48 5.91 1.97 3.21 2.12
2.34 0.00 2.26 0.00 4.02 3.58 4.09 4.60 4.31 5.77 5.40 6.35 5.91 3.94 4.96 5.11 3.50 3.58 3.72 3.72 1.31 2.19 0.00 0.00 0.00 0.00 0.00 0.00 0.00 1.75 0.00 0.00 0.00 0.00 3.43 3.29 3.94 5.34 5.14 4.32 4.28 3.94 2.85 3.43 3.43 2.26 2.41 1.24 0.95 1.46 1.83 0.00 0.00 0.00 0.00 0.00 0.00 0.00 0.00 0.00 0.00 0.00 0.00 0.00 0.00 1.68 0.00 3.21 2.77 2.77 6.50 8.32 5.04 2.70 1.31 1.97 4.89 4.60 6.35 6.35 4.02 3.43 4.09
0.00 0.00 0.00 0.00 0.00 2.48 3.72 3.87 4.02 5.24 5.62 4.67 3.43 3.58 4.31 2.41 1.53 0.37 0.37 0.37 0.73 0.00 0.00 0.00 0.00 0.00 0.00 0.00 0.00 1.39 0.00 0.00 0.00 0.00 0.00 4.31 4.67 4.60 4.89 5.04 4.72 3.45 3.29 3.14 3.14 3.43 2.99 2.26 1.90 1.97 1.97 1.46 1.39 0.00 0.00 0.00 0.00 0.00 0.00 0.00 1.24 0.95 0.00 0.37 0.00 0.00 0.66 2.34 5.33 5.33 2.85 2.48 4.31 0.29 1.24 0.00 2.04 4.45 2.70 4.89 3.58 5.18 4.09
0.00 0.00 0.00 0.00 0.00 0.00 0.00 0.00 4.23 3.74 2.56 3.07 3.14 2.34 1.61 1.75 0.73 0.00 0.51 0.51 0.22 0.00 0.00 0.00 0.00 0.00 3.36 0.00 0.00 0.00 0.00 0.00 0.00 0.00 0.00 0.00 3.29 5.18 5.09 6.06 6.20 4.72 3.65 3.87 3.87 3.43 3.07 3.43 2.26 2.63 2.41 2.48 1.90 0.66 0.00 0.00 0.00 0.00 0.00 0.58 0.00 1.31 0.66 0.00 0.22 0.00 0.00 1.46 0.66 0.66 1.02 0.29 0.00 0.00 0.00 0.58 0.00 0.80 1.61 3.65 2.77 3.80 5.04
0.00 0.00 0.00 0.00 0.00 0.00 0.00 0.00 4.23 3.65 2.56 3.07 3.14 2.34 1.61 1.75 0.73 0.00 0.51 0.51 0.22 0.00 0.00 0.00 0.00 0.00 3.36 0.00 0.00 0.00 0.00 0.00 0.00 0.00 0.00 0.00 3.30 5.18 5.06 6.12 6.20 4.67 3.65 3.87 3.87 3.43 3.07 3.43 2.26 2.63 2.41 2.48 1.90 0.66 0.00 0.00 0.00 0.00 0.00 0.58 0.00 1.31 0.66 0.00 0.22 0.00 0.00 1.46 0.66 0.66 1.02 0.29 0.00 0.00 0.00 0.58 0.00 0.80 1.61 3.65 2.77 3.80 5.04
0.00 0.00 0.00 0.00 0.00 0.00 0.00 4.74 4.52 4.30 3.07 1.97 2.48 2.56 0.95 0.37 0.51 0.22 0.00 0.00 0.00 0.00 0.00 0.00 0.00 0.00 0.00 0.00 0.00 0.00 0.00 0.00 0.00 0.00 0.00 0.00 0.00 4.09 6.20 5.94 6.50 4.53 3.94 4.16 4.16 3.87 3.43 2.85 3.07 2.34 2.77 2.77 2.85 2.26 0.00 0.00 0.00 0.00 0.00 0.00 0.00 0.00 0.58 0.80 0.00 0.00 0.00 0.44 0.00 0.00 0.00 0.00 0.00 0.00 0.00 0.00 0.07 0.00 0.00 0.88 2.48 4.53 3.50
