Wansh/Snow_depth/snowdepth-1997/winter/1997360.txt
ncols 321
nrows 161
xllcenter 60
yllcenter 15 
cellsize  0.25 
NODATA_value -1
[rows 0 to 36 of 161, columns 0 to 81 of 321]
5.11 5.11 7.37 7.23 10.29 8.83 8.98 9.93 9.86 9.86 9.71 9.56 10.73 9.20 10.80 10.37 8.61 9.42 7.74 6.35 6.94 5.77 5.55 5.55 5.18 3.50 3.50 3.80 4.02 3.94 4.60 4.89 4.45 5.11 6.13 6.50 6.35 6.35 8.18 8.25 7.15 7.37 7.15 7.15 7.15 7.15 7.15 7.81 7.81 7.45 6.28 6.28 6.64 5.69 6.79 6.94 5.40 6.28 5.69 5.99 6.79 6.64 6.50 7.59 8.03 7.66 7.88 7.23 5.84 6.06 5.11 4.96 4.38 6.28 5.99 8.47 8.47 9.56 9.71 9.49 9.93 9.78
7.59 7.59 7.45 9.42 9.20 8.98 8.61 8.54 8.32 6.94 7.15 6.86 7.45 7.15 8.47 8.18 8.32 7.01 5.11 6.64 5.48 5.55 4.96 5.04 3.65 4.67 4.67 5.18 5.33 6.06 5.91 5.26 5.04 4.67 5.18 5.77 7.30 7.08 7.59 7.37 4.38 4.16 4.31 4.74 3.58 6.79 4.82 0.00 4.67 5.62 5.40 5.40 5.99 6.06 5.40 5.77 5.69 5.33 5.26 6.42 5.69 6.42 6.13 6.42 6.42 6.72 5.77 5.84 4.60 0.00 0.00 4.60 4.16 5.84 8.32 7.81 7.81 8.47 9.49 9.64 8.83 7.74
5.69 5.69 7.37 7.15 7.45 7.45 8.83 7.01 5.62 6.50 5.62 5.40 5.69 4.82 4.67 4.74 5.40 5.55 5.62 5.33 5.26 4.31 4.45 3.07 4.82 4.82 4.82 5.04 5.77 6.64 6.28 3.87 4.16 5.11 5.33 5.99 5.69 5.04 4.45 3.87 4.02 0.00 0.00 0.00 0.00 0.00 0.00 0.00 0.00 0.00 0.00 0.00 0.00 0.00 3.58 0.00 0.00 5.55 5.62 0.00 5.55 5.62 6.28 6.50 6.28 6.64 5.84 5.40 5.40 4.82 5.91 5.91 6.13 7.59 7.08 7.96 7.96 7.96 7.59 8.18 8.47 6.86
5.69 5.69 7.37 7.15 7.45 7.45 8.83 7.01 5.62 6.50 5.62 5.40 5.69 4.82 4.67 4.74 5.40 5.55 5.62 5.33 5.26 4.31 4.45 3.07 4.82 4.82 4.82 5.04 5.77 6.64 6.28 3.87 4.16 5.11 5.33 5.99 5.69 5.04 4.45 3.87 4.02 0.00 0.00 0.00 0.00 0.00 0.00 0.00 0.00 0.00 0.00 0.00 0.00 0.00 3.58 0.00 0.00 5.55 5.62 0.00 5.55 5.62 6.28 6.50 6.28 6.64 5.84 5.40 5.40 4.82 5.91 5.91 6.13 7.59 7.08 7.96 7.96 7.96 7.59 8.18 8.47 6.86
5.91 5.91 5.84 6.64 6.72 6.20 6.20 6.42 5.26 4.82 4.82 5.33 4.02 4.09 3.72 3.21 4.38 4.02 5.18 4.82 4.89 4.53 4.02 3.36 3.58 4.31 4.31 3.87 4.09 5.04 4.38 0.00 5.04 3.94 4.16 4.67 4.45 5.18 4.09 0.00 0.00 0.00 0.00 0.00 0.00 0.00 0.00 0.00 0.00 0.00 0.00 0.00 0.00 0.00 0.00 0.00 0.00 0.00 0.00 0.00 4.82 5.48 6.28 5.99 6.42 6.86 6.57 5.69 5.04 5.04 5.69 5.91 5.77 6.06 5.69 5.69 5.69 6.72 6.57 6.57 6.28 7.01
5.55 5.55 5.26 5.55 5.18 5.91 5.84 6.20 4.96 5.11 4.96 3.36 3.72 2.63 3.07 3.07 3.65 4.60 4.02 4.53 4.67 4.09 4.23 3.58 4.02 3.87 3.87 3.21 3.21 3.58 4.96 3.80 5.26 4.45 4.60 3.65 3.50 0.00 3.29 0.00 0.00 0.00 0.00 0.00 0.00 0.00 0.00 0.00 0.00 0.00 0.00 0.00 0.00 0.00 0.00 0.00 0.00 0.00 0.00 0.00 0.00 4.45 6.28 6.42 6.50 6.20 5.84 6.13 5.26 4.89 4.67 5.77 4.89 4.74 5.69 5.84 5.84 5.48 5.04 6.50 6.28 7.30
4.23 4.23 4.60 4.16 3.87 5.62 6.06 5.99 5.33 5.04 4.53 4.31 3.07 2.41 3.72 3.36 4.45 3.80 3.65 4.16 4.09 0.00 0.00 0.00 3.87 3.36 3.36 2.92 4.23 5.18 4.31 5.69 5.04 4.67 4.74 3.94 2.99 3.29 3.94 0.00 0.00 0.00 0.00 3.43 0.00 0.00 0.00 0.00 0.00 0.00 0.00 0.00 0.00 0.00 0.00 0.00 0.00 0.00 0.00 0.00 0.00 0.00 5.40 4.53 5.33 5.77 5.18 3.43 3.65 3.94 0.00 0.00 0.00 0.00 0.00 0.00 0.00 0.00 0.00 0.00 6.79 6.64
4.23 4.23 4.60 4.16 3.87 5.62 6.06 5.99 5.33 5.04 4.53 4.31 3.07 2.41 3.72 3.36 4.45 3.80 3.65 4.16 4.09 0.00 0.00 0.00 3.87 3.36 3.36 2.92 4.23 5.18 4.31 5.69 5.04 4.67 4.74 3.94 2.99 3.29 3.94 0.00 0.00 0.00 0.00 3.43 0.00 0.00 0.00 0.00 0.00 0.00 0.00 0.00 0.00 0.00 0.00 0.00 0.00 0.00 0.00 0.00 0.00 0.00 5.40 4.53 5.33 5.77 5.18 3.43 3.65 3.94 0.00 0.00 0.00 0.00 0.00 0.00 0.00 0.00 0.00 0.00 6.79 6.64
1.83 1.83 0.00 2.41 1.53 5.26 4.45 4.45 5.18 4.31 4.74 0.00 3.36 3.29 3.50 4.74 5.33 4.82 3.87 4.45 4.60 0.00 4.60 0.00 4.23 2.92 2.92 3.94 5.33 5.18 4.53 5.18 4.53 4.89 5.26 4.09 4.38 3.80 0.00 0.00 0.00 0.00 0.00 0.00 0.00 0.00 0.00 0.00 0.00 0.00 0.00 0.00 0.00 0.00 0.00 0.00 0.00 0.00 0.00 0.00 0.00 3.07 2.77 2.92 4.16 2.56 2.63 0.00 0.00 0.00 0.00 0.00 0.00 0.00 0.00 0.00 0.00 0.00 0.00 0.00 0.00 0.00
0.00 0.00 0.00 0.22 4.82 4.23 5.11 5.04 4.16 4.02 0.00 0.00 0.00 3.94 4.82 4.82 4.89 4.74 0.00 0.00 0.00 0.00 0.00 0.00 0.00 3.65 3.65 5.84 0.00 4.89 6.28 6.20 6.42 6.50 5.55 4.74 5.18 4.38 4.74 0.00 0.00 0.00 0.00 0.00 0.00 0.00 0.00 0.00 0.00 0.00 0.00 0.00 0.00 0.00 0.00 0.00 0.00 0.00 1.17 1.83 2.26 1.90 0.22 2.41 1.83 0.00 0.00 0.00 0.00 0.00 0.00 0.00 0.00 0.00 0.00 0.00 0.00 0.00 0.00 0.00 0.00 0.00
0.00 0.00 0.00 0.00 0.00 3.87 5.04 4.60 0.00 0.00 0.00 0.00 0.00 0.00 0.00 4.89 4.09 0.00 4.38 0.00 0.00 0.00 0.00 0.00 0.00 4.89 4.89 0.00 3.72 3.94 5.69 6.13 6.64 6.64 5.77 5.04 5.55 4.82 5.18 0.00 0.00 0.00 0.00 0.00 0.00 0.00 0.00 0.00 0.00 0.00 0.00 0.00 0.00 0.00 0.00 0.00 0.00 0.00 0.00 2.99 1.39 1.17 0.15 0.51 1.97 2.12 0.00 0.00 0.00 0.00 0.00 0.00 0.00 0.00 0.00 0.00 0.00 0.00 0.00 0.00 0.00 0.00
0.00 0.00 0.00 0.00 0.00 3.87 5.04 4.60 0.00 0.00 0.00 0.00 0.00 0.00 0.00 4.89 4.09 0.00 4.38 0.00 0.00 0.00 0.00 0.00 0.00 4.89 4.89 0.00 3.72 3.94 5.69 6.13 6.64 6.64 5.77 5.04 5.55 4.82 5.18 0.00 0.00 0.00 0.00 0.00 0.00 0.00 0.00 0.00 0.00 0.00 0.00 0.00 0.00 0.00 0.00 0.00 0.00 0.00 0.00 2.99 1.39 1.17 0.15 0.51 1.97 2.12 0.00 0.00 0.00 0.00 0.00 0.00 0.00 0.00 0.00 0.00 0.00 0.00 0.00 0.00 0.00 0.00
0.00 0.00 0.00 0.00 0.00 0.00 0.00 0.00 0.00 0.00 0.00 0.00 0.00 0.00 0.00 4.09 4.09 4.16 3.72 0.00 0.00 3.43 0.00 0.00 0.00 0.00 0.00 0.00 0.00 4.16 5.84 0.00 0.00 0.00 0.00 0.00 5.69 0.00 0.00 0.00 0.00 0.00 0.00 0.00 4.45 0.00 0.00 0.00 0.00 0.00 0.00 0.00 0.00 0.00 0.00 0.00 0.00 3.36 0.00 3.36 1.39 1.10 0.95 0.00 0.00 0.00 0.00 0.00 0.00 0.00 0.00 0.00 0.00 0.00 2.41 2.48 2.48 0.00 0.00 0.00 2.63 2.48
0.00 0.00 0.00 0.00 0.00 0.00 0.00 0.00 0.00 0.00 0.00 0.00 0.00 3.07 3.80 3.29 2.70 2.85 4.02 2.92 3.14 3.14 1.97 1.97 0.00 0.00 0.00 0.00 0.00 0.00 0.00 0.00 0.00 0.00 0.00 0.00 0.00 0.00 0.00 4.09 0.00 0.00 4.82 4.96 4.02 0.00 0.00 0.00 0.00 0.00 0.00 0.00 0.00 0.00 0.00 0.00 0.00 0.00 1.83 2.19 2.19 0.00 0.00 0.00 0.00 0.00 0.00 0.00 0.00 0.00 0.00 0.00 0.00 0.00 2.85 3.65 3.65 3.72 4.16 2.70 2.85 2.41
0.00 0.00 0.00 0.00 0.00 0.00 0.00 0.00 0.00 0.00 0.00 0.00 0.00 0.00 0.00 1.83 2.04 0.00 1.31 1.10 2.99 2.41 2.04 2.77 0.00 0.00 0.00 0.00 0.00 0.00 0.00 0.00 0.00 0.00 0.00 0.00 0.00 0.00 0.00 0.00 0.00 3.58 0.00 4.16 0.00 0.00 0.00 0.00 0.00 3.50 0.00 0.00 0.00 0.00 0.00 0.00 0.00 0.00 0.00 0.00 0.00 0.00 0.00 2.26 2.04 2.34 0.00 0.00 0.00 0.00 0.00 0.00 0.00 0.00 0.00 4.23 4.23 4.23 4.31 4.16 3.14 3.21
0.00 0.00 0.00 0.00 0.00 0.00 0.00 0.00 0.00 0.00 0.00 0.00 0.00 0.00 0.00 0.66 0.00 0.00 0.51 0.44 1.24 1.68 2.56 2.19 0.00 0.00 0.00 0.00 0.00 0.00 0.00 0.00 0.00 0.00 0.00 2.77 0.80 0.00 0.00 0.00 0.00 0.00 0.00 0.00 0.00 0.00 0.00 5.04 4.96 4.82 2.99 2.99 5.26 0.00 0.00 0.00 0.00 0.00 0.00 0.00 4.53 2.99 0.00 0.00 2.34 2.12 0.00 0.00 2.41 0.00 0.00 2.56 2.56 0.00 4.38 3.65 3.65 4.53 4.53 4.60 4.09 3.21
0.00 0.00 0.00 0.00 0.00 0.00 0.00 0.00 0.00 0.00 0.00 0.00 0.00 0.00 0.00 0.66 0.00 0.00 0.51 0.44 1.24 1.68 2.56 2.19 0.00 0.00 0.00 0.00 0.00 0.00 0.00 0.00 0.00 0.00 0.00 2.77 0.80 0.00 0.00 0.00 0.00 0.00 0.00 0.00 0.00 0.00 0.00 5.04 4.96 4.82 2.99 2.99 5.26 0.00 0.00 0.00 0.00 0.00 0.00 0.00 4.53 2.99 0.00 0.00 2.34 2.12 0.00 0.00 2.41 0.00 0.00 2.56 2.56 0.00 4.38 3.65 3.65 4.53 4.53 4.60 4.09 3.21
0.00 0.00 0.00 0.00 0.00 0.00 0.00 0.00 0.00 0.00 0.00 0.00 0.00 0.00 0.44 1.75 0.51 0.80 1.90 2.04 0.00 0.00 1.68 1.24 1.90 0.00 0.00 0.00 0.00 0.00 0.00 0.00 4.23 3.87 0.29 1.31 0.95 0.00 0.00 0.00 0.00 2.19 3.50 0.00 4.60 5.48 5.99 5.62 6.20 5.84 7.59 7.59 6.50 4.31 3.87 4.16 4.09 0.00 0.00 5.04 5.04 4.16 3.29 3.58 0.00 0.00 0.00 2.48 2.85 2.56 2.92 2.19 2.85 2.34 3.80 5.18 5.18 4.53 5.26 4.38 3.07 3.14
0.00 0.00 0.00 0.00 0.00 0.00 1.17 1.53 0.00 0.00 0.00 0.00 0.00 0.00 0.00 1.97 1.97 2.92 0.00 0.00 0.00 0.00 0.00 2.63 0.00 0.00 0.00 0.00 0.00 0.00 0.00 0.00 3.21 0.66 0.00 0.00 0.00 0.00 0.00 0.00 0.00 3.29 2.92 3.58 4.09 5.48 6.72 8.10 8.91 7.15 7.96 7.96 5.77 6.06 4.89 4.82 0.00 5.18 4.89 4.38 4.16 4.23 4.31 2.85 3.50 0.00 2.12 2.41 0.00 3.07 3.50 2.48 3.29 3.21 2.99 3.94 3.94 5.55 5.33 5.18 3.80 3.80
0.00 0.00 0.00 0.00 0.00 0.00 1.90 2.19 0.00 0.00 1.90 0.00 0.00 0.00 2.92 1.90 1.83 0.00 0.00 0.00 0.00 0.00 0.00 3.58 4.67 0.00 0.00 0.00 0.00 0.00 0.00 0.00 0.00 0.00 0.00 0.00 0.00 0.00 0.00 0.00 0.00 1.90 4.89 5.11 4.60 6.06 5.84 7.52 7.23 8.69 6.86 6.86 6.28 6.35 6.28 6.35 5.62 5.77 4.67 5.04 4.74 5.04 5.77 4.09 3.72 3.87 2.63 2.85 3.43 3.14 4.45 4.53 3.43 2.99 5.33 4.67 4.67 5.11 5.84 5.91 6.57 5.40
0.00 0.00 0.00 0.00 0.00 0.00 0.00 0.00 0.00 0.00 1.97 2.56 4.09 1.90 3.43 1.97 2.26 1.02 0.80 1.17 3.07 1.90 3.58 3.72 4.09 3.58 3.58 4.31 0.00 1.53 1.17 0.00 0.00 0.00 0.00 0.00 0.00 0.00 0.00 0.00 1.83 2.92 4.45 2.85 2.63 3.87 6.42 6.13 8.25 8.98 8.32 8.32 5.62 5.99 6.35 6.72 6.94 6.72 5.84 5.69 6.86 6.64 5.55 5.77 4.31 4.09 3.94 3.50 4.74 4.60 4.53 4.60 4.60 4.09 6.06 7.52 7.52 7.30 6.50 7.96 7.59 7.59
0.00 0.00 0.00 0.00 0.00 0.00 0.00 0.00 0.00 2.48 4.31 5.69 6.86 2.99 3.36 2.48 2.70 3.87 1.02 4.53 6.20 6.28 6.64 3.72 5.48 2.99 2.99 2.63 1.61 2.12 0.00 0.00 0.00 0.88 0.00 0.00 0.00 0.00 0.00 1.97 4.45 1.02 5.77 4.23 3.21 5.99 7.74 8.25 9.49 9.64 8.03 8.03 7.74 6.79 6.35 6.42 6.20 5.62 5.62 7.37 7.30 6.79 5.77 5.55 5.26 4.45 4.02 4.45 4.45 3.50 4.09 4.23 4.67 5.11 5.26 6.79 6.79 7.08 7.59 8.10 7.37 6.42
0.00 0.00 0.00 0.00 0.00 0.00 0.00 0.00 0.00 2.48 4.31 5.69 6.86 2.99 3.36 2.48 2.70 3.87 1.02 4.53 6.20 6.28 6.64 3.72 5.48 2.99 2.99 2.63 1.61 2.12 0.00 0.00 0.00 0.88 0.00 0.00 0.00 0.00 0.00 1.97 4.45 1.02 5.77 4.23 3.21 5.99 7.74 8.25 9.49 9.64 8.03 8.03 7.74 6.79 6.35 6.42 6.20 5.62 5.62 7.37 7.30 6.79 5.77 5.55 5.26 4.45 4.02 4.45 4.45 3.50 4.09 4.23 4.67 5.11 5.26 6.79 6.79 7.08 7.59 8.10 7.37 6.42
0.00 0.00 0.00 0.00 0.00 0.00 0.00 0.00 2.19 1.97 0.00 7.23 6.13 7.88 6.57 4.31 4.38 2.12 4.23 4.67 4.53 4.60 4.31 4.16 3.94 3.65 3.65 0.00 0.00 1.75 0.00 0.00 2.77 2.04 0.22 0.37 2.56 3.36 2.99 2.56 7.81 5.69 7.81 5.99 5.77 6.35 7.52 7.59 6.13 6.86 6.50 6.50 6.94 6.42 7.01 5.69 6.06 5.26 5.33 5.48 6.64 6.28 5.55 5.26 5.26 5.48 5.26 4.09 3.14 3.36 3.29 4.45 4.31 4.67 5.62 5.77 5.77 6.79 7.15 6.72 6.50 6.72
0.00 0.00 0.00 0.00 0.00 0.00 0.00 1.61 1.31 0.73 1.75 0.00 6.57 8.61 8.83 7.15 4.09 4.74 5.11 5.11 5.33 4.16 5.69 4.82 2.70 0.00 0.00 0.00 0.00 3.58 3.58 3.29 3.29 2.41 2.48 4.67 4.82 6.79 6.57 7.37 8.32 8.69 7.81 5.69 5.48 4.89 5.84 5.84 5.48 6.06 5.48 5.48 5.91 5.77 6.35 6.86 6.42 5.40 5.40 5.55 5.48 6.06 5.77 5.77 5.55 6.13 5.99 6.28 4.09 4.09 3.94 4.82 4.89 4.53 5.91 6.64 6.64 6.57 6.50 6.94 6.57 6.79
0.00 0.00 0.00 0.00 0.00 0.58 0.00 1.46 1.53 1.83 0.00 5.18 5.84 8.25 9.42 6.64 7.81 5.84 5.40 6.13 5.84 6.50 5.84 5.55 3.65 0.00 0.00 0.00 5.18 4.53 4.45 3.58 4.31 4.60 5.33 5.04 6.57 5.55 5.55 6.42 8.40 9.20 7.52 6.06 5.55 6.42 7.01 6.79 6.79 5.84 5.11 5.11 5.62 5.55 6.79 6.50 6.72 5.77 6.50 6.13 6.86 6.64 6.50 6.13 6.06 7.08 6.57 6.64 7.15 5.77 5.91 6.13 7.23 7.01 6.64 7.52 7.52 6.50 6.42 6.20 6.20 5.26
0.00 0.00 0.00 0.00 0.00 0.00 1.24 0.00 2.63 2.34 0.00 0.00 3.14 4.31 6.72 7.74 7.52 5.99 6.50 7.45 7.45 6.20 6.20 3.80 4.38 0.00 0.00 0.00 0.00 5.99 2.77 1.83 2.99 3.80 4.89 4.53 3.14 3.29 4.82 3.50 5.99 7.66 7.45 4.74 4.89 6.20 5.99 0.00 3.87 4.23 4.60 4.60 0.00 5.48 6.50 5.84 6.13 6.06 6.20 6.72 6.79 6.64 6.35 6.13 6.86 6.94 7.66 7.37 7.66 7.37 6.94 7.37 7.45 8.76 9.05 7.66 7.66 8.03 7.59 7.96 6.42 6.79
0.00 0.00 0.58 0.51 0.80 0.00 1.46 1.46 1.97 2.56 3.14 3.14 0.00 2.19 5.33 8.32 9.56 8.83 8.32 7.66 4.53 1.31 4.09 2.63 0.00 3.65 3.65 4.45 2.04 2.12 1.97 1.75 1.17 2.48 0.00 4.16 3.58 0.00 0.00 0.00 0.00 0.00 0.00 0.00 0.00 0.00 2.12 3.14 1.97 2.77 0.00 0.00 3.21 0.00 0.00 5.18 5.55 5.18 5.04 6.06 4.74 5.77 5.77 5.18 6.94 7.08 6.86 7.66 7.81 7.23 7.81 8.25 8.10 8.25 8.18 8.40 8.40 8.25 8.40 7.88 9.05 8.98
0.00 0.00 0.58 0.51 0.80 0.00 1.46 1.46 1.97 2.56 3.14 3.14 0.00 2.19 5.33 8.32 9.56 8.83 8.32 7.66 4.53 1.31 4.09 2.63 0.00 3.65 3.65 4.45 2.04 2.12 1.97 1.75 1.17 2.48 0.00 4.16 3.58 0.00 0.00 0.00 0.00 0.00 0.00 0.00 0.00 0.00 2.12 3.14 1.97 2.77 0.00 0.00 3.21 0.00 0.00 5.18 5.55 5.18 5.04 6.06 4.74 5.77 5.77 5.18 6.94 7.08 6.86 7.66 7.81 7.23 7.81 8.25 8.10 8.25 8.18 8.40 8.40 8.25 8.40 7.88 9.05 8.98
0.58 0.58 2.63 2.92 2.04 1.53 1.46 3.65 2.92 2.92 3.72 0.00 4.23 8.47 7.96 10.22 10.66 9.93 5.84 6.28 3.14 1.24 2.77 2.63 4.16 6.42 6.42 3.72 2.04 0.44 0.66 0.00 0.00 0.00 0.00 0.00 0.00 0.00 0.00 0.00 0.00 0.00 0.00 0.00 2.12 2.41 2.34 2.56 2.99 2.63 2.70 2.70 3.36 0.00 0.00 0.00 0.00 3.50 3.43 3.07 4.67 0.00 4.82 4.89 5.40 6.50 7.59 7.81 8.25 8.10 8.54 8.83 8.32 9.05 8.83 10.51 10.51 10.22 8.91 9.27 8.61 8.98
2.26 2.26 3.72 4.09 5.33 4.45 4.67 0.00 3.07 3.50 2.63 2.99 6.64 6.50 8.18 7.66 9.49 5.48 3.87 0.37 0.88 1.10 1.53 4.09 3.87 4.96 4.96 4.45 2.56 0.73 0.00 0.00 0.00 2.41 1.97 0.00 0.00 0.00 0.00 0.00 0.00 0.00 2.48 0.00 0.00 2.26 0.00 2.77 2.85 2.77 2.99 2.99 3.07 0.00 2.70 2.56 2.77 2.34 3.43 0.00 3.65 3.58 0.00 4.67 4.45 6.42 7.66 7.30 6.79 7.88 7.45 7.37 7.08 9.56 11.02 10.66 10.66 11.10 8.32 8.10 8.32 7.59
3.65 3.65 3.80 3.50 5.26 6.79 5.26 0.00 0.00 1.46 1.75 1.46 3.07 5.62 6.50 4.31 3.72 4.31 0.00 0.00 0.51 1.24 0.95 1.83 1.46 6.13 6.13 3.94 0.00 0.00 0.00 0.00 1.17 0.44 0.22 0.00 0.00 0.22 0.00 0.00 2.34 2.34 2.41 0.00 0.00 0.00 0.00 0.00 0.00 0.00 0.00 0.00 0.00 3.14 2.77 2.12 2.19 2.34 2.77 1.61 3.58 3.72 0.00 2.85 3.58 3.72 5.99 3.14 2.41 2.26 5.18 6.50 8.10 7.59 10.73 10.51 10.51 8.03 8.18 5.62 5.91 5.91
1.90 1.90 3.07 2.19 0.88 1.75 2.04 0.00 0.66 0.37 1.75 2.92 3.21 4.23 1.53 2.70 1.61 0.00 0.00 0.00 0.00 0.00 0.00 0.22 2.26 0.44 0.44 1.39 0.29 0.37 0.15 0.22 0.00 0.00 0.15 0.00 0.00 0.51 0.00 0.66 1.10 0.00 0.00 0.00 0.00 0.00 0.00 0.00 1.97 2.19 2.12 2.12 1.83 1.83 2.48 2.48 2.56 1.24 0.00 0.00 0.00 0.00 0.00 1.61 2.85 1.97 1.83 2.12 2.04 3.72 4.96 4.60 7.59 8.83 8.76 9.64 9.64 6.79 6.13 6.06 5.40 6.50
1.31 1.31 0.00 0.00 0.00 0.00 0.00 0.00 0.88 0.58 1.17 1.83 1.02 1.10 0.88 1.53 0.00 0.07 0.00 0.00 0.00 0.22 0.07 0.00 1.10 0.29 0.29 0.00 0.29 0.00 0.22 0.00 0.00 0.00 0.00 0.00 0.73 0.44 0.00 0.37 1.02 0.00 0.00 0.00 0.00 0.00 0.00 1.75 0.00 2.19 2.48 2.48 2.48 2.26 1.90 2.41 1.90 0.00 0.00 0.00 0.00 0.58 0.44 0.51 1.17 0.95 3.07 3.43 2.85 5.40 6.72 6.28 5.84 7.59 6.57 7.81 7.81 6.94 6.06 6.50 7.30 6.94
0.00 0.00 0.00 0.00 0.00 0.00 0.00 0.00 0.51 0.07 0.37 1.31 0.58 0.51 0.58 0.00 0.22 0.00 0.00 0.00 0.00 0.00 0.00 0.00 0.29 0.00 0.00 0.00 0.00 0.00 0.00 0.00 0.00 0.00 0.73 0.58 0.00 0.51 0.00 0.22 0.00 0.00 0.00 0.00 0.00 0.00 0.00 0.00 0.00 2.56 2.56 2.56 2.26 0.00 0.00 0.00 0.00 0.00 0.00 0.00 0.00 0.00 0.00 0.00 1.10 0.51 3.50 7.23 7.01 6.57 7.74 7.37 6.64 6.94 6.86 9.27 9.27 11.17 11.10 8.98 10.00 9.64
0.00 0.00 0.00 0.00 0.00 0.00 0.00 0.00 0.51 0.07 0.37 1.31 0.58 0.51 0.58 0.00 0.22 0.00 0.00 0.00 0.00 0.00 0.00 0.00 0.29 0.00 0.00 0.00 0.00 0.00 0.00 0.00 0.00 0.00 0.73 0.58 0.00 0.51 0.00 0.22 0.00 0.00 0.00 0.00 0.00 0.00 0.00 0.00 0.00 2.56 2.56 2.56 2.26 0.00 0.00 0.00 0.00 0.00 0.00 0.00 0.00 0.00 0.00 0.00 1.10 0.51 3.50 7.23 7.01 6.57 7.74 7.37 6.64 6.94 6.86 9.27 9.27 11.17 11.10 8.98 10.00 9.64
0.00 0.00 0.00 0.00 0.00 0.00 0.07 0.07 0.73 0.58 0.88 0.00 0.00 0.37 0.37 0.07 0.00 0.00 0.00 0.00 0.00 0.00 0.00 0.00 0.00 0.00 0.00 0.00 0.00 0.00 0.00 0.00 0.00 0.00 0.00 0.00 0.00 0.00 0.00 0.00 0.00 0.00 0.00 0.00 0.00 0.00 0.00 2.26 0.00 0.00 2.41 2.41 2.19 0.00 1.83 0.00 0.00 0.00 0.00 0.00 0.00 0.00 0.00 0.00 4.60 5.77 4.82 7.66 8.10 8.10 7.96 8.25 8.32 8.32 7.81 10.22 10.22 12.48 13.94 14.09 15.18 17.01
