Wansh/Snow_depth/snowdepth-1997/winter/1997355.txt
ncols 321
nrows 161
xllcenter 60
yllcenter 15 
cellsize  0.25 
NODATA_value -1
[rows 72 to 107 of 161, columns 83 to 165 of 321]
0.00 0.00 0.00 0.00 0.00 0.00 0.00 0.00 0.00 0.00 0.00 0.00 0.00 0.00 0.00 0.00 1.39 1.68 0.07 0.07 1.90 2.34 1.75 0.00 0.00 0.00 0.00 0.00 2.85 2.41 0.00 0.00 0.00 0.00 0.00 0.00 0.00 0.00 0.00 0.00 0.00 1.97 2.19 1.90 1.90 0.66 0.00 0.00 0.00 0.00 0.00 0.00 0.00 0.00 0.00 0.00 0.00 0.00 0.00 0.00 0.00 0.00 0.00 0.00 0.00 0.00 0.00 0.00 0.00 0.00 0.00 0.00 0.00 0.00 0.00 0.00 0.00 0.00 0.00 0.00 0.00 3.21 6.13
0.00 0.00 0.00 0.00 0.00 0.00 0.00 0.00 0.00 0.00 0.00 0.00 0.00 1.10 0.80 2.26 2.63 2.92 1.97 1.97 3.14 4.23 0.00 0.00 3.80 0.00 3.36 0.00 2.99 3.14 0.00 0.00 0.00 0.00 0.00 0.00 3.80 3.14 0.00 0.00 0.00 1.31 0.88 0.29 0.29 0.66 0.29 1.02 1.61 1.31 0.00 0.00 0.00 0.00 0.00 0.00 0.00 0.00 0.00 0.00 0.00 0.00 0.00 0.00 0.00 0.00 0.00 0.00 0.00 0.00 0.00 0.51 0.00 0.00 0.00 0.00 0.00 0.00 0.00 0.00 0.00 1.10 2.27
0.00 0.00 0.00 0.00 0.00 0.00 0.00 0.58 0.00 1.31 0.00 0.00 1.39 2.85 1.61 2.56 0.00 0.00 3.72 3.72 0.00 5.33 5.26 5.11 5.48 4.89 4.89 4.09 3.65 3.80 0.00 3.36 0.00 3.36 3.72 3.80 5.33 4.67 2.48 0.00 3.80 0.00 1.61 1.39 1.39 0.29 0.29 0.37 0.80 0.73 0.00 0.00 0.00 0.00 1.98 2.31 0.44 1.02 1.31 0.00 1.02 0.00 0.00 0.00 0.00 0.00 0.00 0.00 0.00 0.00 0.81 1.91 1.61 0.00 0.00 0.00 0.00 0.00 0.00 0.00 0.00 0.95 0.29
0.00 0.00 0.00 0.00 0.00 0.00 0.80 2.34 1.61 3.87 1.31 3.50 4.67 4.74 2.70 2.99 3.07 4.74 4.53 4.53 4.31 4.60 4.53 5.33 6.50 6.28 5.69 4.60 4.53 3.87 3.80 2.70 2.99 3.58 7.59 6.28 5.91 6.50 6.35 5.33 4.67 5.62 2.63 0.37 0.37 1.97 1.24 0.00 0.07 1.61 0.95 3.43 0.51 0.95 1.83 1.61 2.70 1.24 1.24 1.75 0.88 1.53 0.44 0.00 0.29 0.29 0.00 0.00 0.00 0.00 1.17 2.77 2.99 0.00 0.29 0.00 0.00 0.00 0.00 0.00 0.00 0.00 1.10
2.48 0.00 2.41 1.31 2.19 2.92 2.77 4.23 2.41 6.42 6.20 5.18 6.28 4.60 3.80 3.87 4.74 5.91 6.50 6.50 6.57 3.94 3.80 4.09 4.02 4.67 5.91 4.74 4.45 5.18 4.82 5.55 5.33 10.95 9.86 7.66 6.50 6.28 7.37 6.20 6.28 7.81 4.96 3.65 3.65 3.43 1.39 0.44 0.00 3.29 1.02 2.70 2.85 2.04 1.17 1.68 1.31 0.80 1.83 1.24 1.61 1.53 2.34 0.80 1.17 0.00 0.15 0.00 2.99 2.99 4.31 4.02 3.14 1.24 1.46 0.00 0.00 0.00 0.00 0.00 0.00 0.00 0.00
3.80 2.26 4.89 0.00 3.21 3.21 4.31 6.20 5.62 7.15 5.91 6.64 6.06 4.45 5.26 6.64 6.13 6.13 7.81 7.81 8.91 4.67 4.02 3.36 0.00 0.00 4.82 4.53 5.99 6.42 5.77 7.52 10.44 15.70 11.90 9.49 7.45 7.37 7.30 8.91 8.10 9.56 8.40 5.48 5.48 5.84 2.04 1.10 3.58 3.29 4.45 4.67 5.48 3.50 2.63 1.02 2.12 2.34 2.41 1.53 2.41 2.92 2.99 2.99 2.34 2.34 0.00 3.07 2.63 2.63 3.65 3.87 3.50 1.97 1.46 0.00 0.00 0.00 0.00 0.00 0.00 0.00 0.00
5.84 4.02 5.26 4.82 5.40 3.87 4.60 5.62 6.06 4.09 4.23 5.48 4.96 4.31 6.06 6.94 5.55 7.37 9.64 9.64 7.96 7.74 5.33 3.36 3.65 3.50 5.55 6.94 7.37 6.79 7.15 12.48 16.13 12.56 13.65 11.32 11.32 8.98 8.18 13.80 15.33 9.78 11.02 8.40 8.40 9.05 5.48 2.56 2.99 0.00 5.40 5.26 6.79 6.35 4.89 6.72 3.72 2.48 0.00 3.21 3.29 4.53 3.07 3.36 4.60 3.14 3.50 3.36 3.58 3.58 3.72 4.96 3.58 3.50 2.63 1.02 0.00 0.00 0.00 0.00 0.00 0.00 0.00
9.56 8.25 8.25 6.28 5.99 6.06 5.69 4.16 4.31 3.21 3.80 3.87 3.80 4.02 4.02 5.99 4.53 6.86 9.05 9.05 7.15 5.33 5.84 3.94 2.92 3.80 3.94 6.28 7.01 6.42 9.42 12.19 14.89 14.16 10.88 13.65 13.29 10.15 10.29 12.78 15.77 15.62 12.85 8.47 8.47 5.77 5.62 4.60 0.00 0.00 0.00 0.00 5.69 6.50 5.91 5.77 0.00 0.00 5.55 5.11 4.96 6.57 5.69 0.00 0.00 0.00 0.00 3.58 4.16 4.16 5.11 6.06 5.26 2.70 5.77 5.06 1.75 1.47 0.15 2.12 0.66 0.00 1.24
9.93 9.13 8.03 6.06 6.28 5.62 4.89 3.72 4.02 3.72 4.45 4.23 4.74 4.82 4.67 4.16 4.16 6.06 9.56 9.56 6.79 4.09 3.29 3.21 3.72 3.72 0.00 4.23 5.91 6.42 10.15 12.19 13.80 14.53 13.72 17.89 16.35 13.87 11.90 12.34 13.36 11.97 10.00 7.88 7.88 7.74 6.50 0.00 0.00 0.00 3.36 0.00 5.91 4.23 4.89 5.11 5.40 0.00 7.88 7.45 6.35 9.05 6.94 0.00 0.00 0.00 0.00 0.00 4.09 4.09 5.84 7.74 7.59 11.46 5.55 9.05 7.85 3.37 2.14 5.55 4.60 2.63 1.17
12.99 10.37 7.23 6.35 7.01 4.89 5.33 3.21 3.21 4.02 4.45 5.18 6.06 6.64 6.13 4.23 8.18 6.94 11.10 11.10 9.42 5.33 2.70 3.29 3.14 2.77 0.00 3.87 6.42 9.93 11.83 10.22 10.59 10.59 13.58 21.24 20.73 18.47 10.59 11.75 10.00 12.34 11.83 6.79 6.79 4.53 4.53 6.06 0.00 0.00 0.00 5.04 4.96 4.82 6.64 6.20 6.13 12.05 11.90 11.39 11.90 8.83 7.81 4.74 0.00 0.00 0.00 0.00 0.00 0.00 6.72 9.34 13.21 16.79 11.39 17.37 9.98 8.77 9.48 6.73 4.64 6.38 3.36
17.96 13.51 8.47 8.69 10.66 6.72 6.50 4.09 4.96 5.04 5.48 4.96 7.37 8.10 7.45 6.06 10.37 13.29 9.78 9.78 6.35 7.30 4.45 4.74 4.31 3.43 3.36 4.67 6.35 8.83 11.10 10.73 9.34 6.79 10.15 20.29 18.76 14.09 10.59 8.69 7.01 10.07 6.20 0.00 0.00 0.00 4.96 5.11 0.00 0.00 4.74 4.67 4.45 6.13 7.08 8.32 13.94 13.87 12.19 12.99 13.94 11.17 9.20 7.37 0.00 4.31 3.29 3.72 9.86 9.86 6.20 8.98 11.17 17.37 18.91 19.13 17.16 10.29 10.73 8.10 6.53 8.91 6.64
22.92 18.83 21.17 15.70 16.86 8.98 7.52 5.62 6.64 6.20 5.91 7.37 7.15 7.96 8.54 8.03 10.73 14.09 11.39 11.39 9.42 7.08 7.08 7.23 6.20 6.64 5.11 5.77 6.86 8.69 10.07 10.66 10.37 10.66 7.01 12.92 16.94 13.43 12.41 7.37 6.79 4.67 5.62 0.00 0.00 0.00 0.00 0.00 4.16 3.80 4.82 4.96 5.55 10.95 12.34 12.99 22.12 16.72 13.43 15.40 15.26 14.45 12.19 8.83 9.93 11.24 10.73 9.86 19.93 19.93 11.83 7.74 11.97 13.43 16.50 20.29 18.32 14.82 12.12 9.49 8.47 10.88 8.25
22.34 21.32 20.81 20.66 21.10 14.09 9.42 6.86 6.50 5.99 7.23 7.01 8.83 10.29 9.34 8.54 9.27 12.05 12.34 12.34 12.12 10.15 8.98 9.56 8.40 7.45 8.54 8.69 9.78 9.13 10.88 9.78 13.07 12.19 10.00 9.56 11.10 17.45 21.68 11.83 4.53 4.31 3.43 0.00 0.00 0.00 0.00 0.00 0.00 3.58 4.67 7.66 18.98 21.46 21.46 30.73 29.42 23.65 16.06 17.59 15.26 15.11 13.94 17.67 17.52 18.32 20.44 18.10 29.13 29.13 22.56 13.07 19.13 14.02 13.94 16.21 13.43 14.60 14.45 12.41 10.95 11.17 9.49
20.37 19.56 22.63 20.22 14.24 9.20 10.29 9.64 7.08 7.15 6.94 7.23 8.98 10.22 9.27 9.42 12.05 11.83 11.46 11.46 11.83 12.12 9.93 9.71 8.40 8.40 10.73 11.17 12.99 14.53 11.75 13.29 15.18 14.75 12.19 13.29 9.93 17.67 20.00 21.24 8.47 3.43 4.60 3.21 3.21 1.68 0.00 0.00 0.00 0.00 4.02 19.13 25.11 27.96 30.30 31.17 31.97 28.76 22.41 18.83 13.43 13.50 13.18 23.25 24.24 23.14 26.21 29.42 30.08 30.08 28.25 24.45 16.86 16.72 12.26 13.14 12.99 14.60 14.97 14.97 12.34 10.44 9.27
14.45 12.99 18.40 17.16 12.78 13.80 11.90 11.39 13.58 17.81 15.18 13.94 10.80 10.73 12.41 14.31 11.97 13.43 13.43 13.43 12.78 11.32 11.10 10.07 7.45 8.03 8.25 12.48 16.35 21.97 23.43 23.80 15.62 16.21 19.27 17.74 18.40 19.05 18.91 20.22 20.22 17.59 18.10 11.75 11.75 10.37 9.56 6.72 7.52 6.94 8.40 11.24 15.04 17.30 20.59 24.97 26.35 24.60 25.77 22.85 28.11 23.94 24.53 25.70 25.04 26.65 19.93 21.10 24.89 24.89 22.12 25.92 24.02 18.76 15.11 14.60 11.61 12.34 13.65 11.10 12.12 11.83 10.44
10.44 9.56 13.65 12.34 8.83 11.61 9.27 11.32 13.80 14.53 13.36 11.02 11.61 13.14 14.60 14.67 12.99 15.62 16.06 16.06 16.72 14.53 12.99 11.83 7.81 8.10 13.14 16.21 14.67 21.02 24.24 16.64 13.58 14.09 18.25 18.54 20.81 20.37 20.15 21.90 22.12 20.37 24.31 14.53 14.53 21.39 13.07 9.93 8.69 6.86 9.05 8.98 11.68 14.38 20.51 21.61 24.24 22.05 26.21 27.81 23.80 22.85 26.43 19.93 19.78 21.12 19.13 19.64 20.08 20.08 18.61 19.93 24.45 22.27 21.02 12.92 11.53 10.00 10.73 10.29 10.80 11.83 7.52
9.86 9.71 7.96 6.06 8.91 9.05 7.01 9.64 10.15 9.42 9.34 10.29 10.15 11.39 14.09 17.01 18.47 16.43 15.91 15.91 17.30 15.77 14.31 10.95 9.13 7.88 11.90 14.02 12.63 16.72 23.14 19.86 13.36 14.38 16.35 19.93 24.02 22.27 26.43 22.63 23.87 22.48 26.72 29.49 29.49 26.86 20.66 11.83 6.72 9.42 13.21 11.53 15.62 22.48 21.53 20.29 20.81 19.49 23.07 26.86 27.52 28.40 15.18 15.33 16.13 18.58 21.63 20.66 19.78 19.78 15.99 15.48 17.37 22.27 9.34 9.56 8.83 9.20 10.15 10.44 10.15 9.56 7.59
12.34 10.29 6.20 5.33 5.55 6.20 6.13 7.30 7.23 6.79 6.13 10.15 8.83 9.05 12.99 19.56 22.70 16.94 15.26 15.26 15.33 15.18 13.65 9.27 8.32 9.20 10.66 12.70 12.12 13.65 19.27 21.83 16.79 16.86 16.06 24.16 24.97 27.38 28.54 27.45 23.73 25.11 25.70 28.84 28.84 30.37 25.40 19.78 13.80 6.72 18.61 17.89 19.93 25.40 22.92 20.66 19.42 18.40 17.96 16.38 25.73 12.05 14.24 16.31 16.35 18.01 21.22 21.29 13.72 13.72 11.10 10.95 12.19 19.20 5.91 6.57 6.72 8.25 10.88 9.86 9.02 8.46 6.32
12.99 8.61 6.13 5.69 4.60 5.40 5.84 5.91 5.33 4.82 5.04 6.64 7.08 7.30 10.07 17.37 21.17 18.76 13.51 13.51 14.45 13.51 9.27 9.42 11.75 13.58 14.24 12.92 13.29 17.23 19.05 14.45 14.45 16.43 20.59 22.70 25.19 26.06 25.55 24.75 25.04 24.97 33.07 32.41 32.41 32.27 32.05 33.29 19.35 31.39 27.52 26.21 24.45 30.22 28.11 25.04 19.05 14.82 14.82 12.26 17.16 8.43 10.51 14.31 17.52 18.91 19.20 18.19 14.68 14.22 8.73 8.54 8.18 7.96 6.72 6.72 6.72 7.23 9.56 10.17 9.02 6.85 5.99
9.71 7.30 7.01 5.91 4.89 5.33 5.77 5.26 4.67 4.67 5.40 5.99 6.64 8.91 7.81 10.59 21.61 19.78 12.34 12.34 12.48 13.14 10.07 9.20 11.61 14.09 11.39 12.34 13.36 14.53 17.81 12.48 13.21 17.16 18.61 22.63 23.43 18.25 26.65 21.24 19.93 22.19 26.43 34.67 34.67 36.06 32.49 33.07 31.83 31.24 31.39 29.57 29.64 31.83 27.96 29.20 23.80 18.98 20.88 12.76 9.88 8.54 8.32 10.73 12.01 18.02 17.51 17.59 14.82 14.89 10.97 9.17 8.61 10.15 8.40 6.82 4.96 5.69 7.59 9.32 8.01 7.80 7.23
6.42 5.99 6.13 5.55 5.77 5.62 5.48 5.69 5.69 5.77 6.72 5.04 5.84 6.86 7.30 8.76 9.71 15.18 11.46 11.46 11.46 12.34 10.73 9.56 9.13 11.32 7.66 8.91 10.37 10.37 12.41 10.73 11.53 14.89 20.59 20.44 14.24 15.55 16.86 17.23 17.89 16.86 26.50 32.12 32.12 35.62 25.48 29.78 26.65 27.96 30.37 31.61 30.59 31.76 30.15 29.49 28.03 23.94 25.84 18.69 16.85 11.36 9.63 8.57 10.62 16.04 19.04 16.40 13.51 13.51 12.46 9.63 7.11 8.51 5.93 4.84 4.87 7.08 7.11 9.11 8.27 8.21 8.35
9.05 5.62 5.69 5.26 4.53 5.26 4.82 6.50 7.15 5.26 6.50 6.35 5.18 5.04 5.99 8.10 10.73 11.83 11.90 11.90 11.24 11.68 9.49 7.74 5.91 6.35 7.52 8.83 8.69 8.69 11.10 8.54 11.61 13.21 19.56 17.52 13.58 12.26 13.29 13.21 15.84 25.19 24.02 25.11 25.11 27.16 18.47 24.67 25.04 26.94 29.86 27.52 27.74 28.76 30.44 25.84 27.01 28.75 27.74 22.92 19.56 19.20 9.76 12.87 11.99 14.44 15.72 11.15 11.90 11.90 9.44 10.24 9.83 9.41 9.32 7.19 6.90 8.10 7.71 7.38 6.25 8.26 10.28
13.29 7.30 6.42 5.04 0.00 4.60 5.40 4.96 0.00 6.86 6.64 8.10 5.69 0.00 3.21 7.45 9.56 9.64 12.56 12.56 10.95 9.13 6.50 5.48 5.18 6.50 7.45 8.03 7.59 9.49 13.07 9.27 8.76 11.10 18.03 14.60 10.37 10.22 10.22 10.88 13.65 16.64 11.61 11.83 11.83 18.98 14.02 21.24 22.34 26.86 28.69 28.98 27.08 27.93 27.92 23.77 24.31 27.85 27.67 27.23 22.92 18.32 11.67 15.21 13.71 13.82 15.33 13.36 8.25 8.29 8.39 11.90 8.44 8.95 9.92 10.58 8.54 7.08 8.02 4.76 4.97 7.45 11.30
15.11 12.34 10.66 6.57 5.77 7.08 5.40 4.89 4.16 4.89 7.59 4.74 0.00 0.00 0.00 4.96 9.86 6.06 10.07 10.07 8.25 7.66 6.57 5.18 5.77 6.79 6.94 7.88 7.59 8.76 8.25 12.63 9.27 15.55 15.70 16.94 12.70 11.24 4.74 9.34 9.42 15.26 13.07 9.93 9.93 9.71 22.41 21.75 22.27 29.78 29.05 29.49 27.96 25.40 25.91 24.44 25.36 25.33 28.47 25.79 23.67 21.79 18.19 18.78 15.22 12.93 16.53 12.80 9.02 9.02 6.71 7.48 6.33 7.30 8.07 9.17 8.44 8.57 6.30 5.24 5.24 7.96 10.89
12.92 12.85 11.90 9.86 9.71 11.17 5.84 5.69 5.91 6.42 5.69 5.18 0.00 0.00 3.80 4.45 0.00 0.00 6.79 6.79 5.04 4.38 6.13 0.00 0.00 4.60 7.52 7.74 7.52 5.40 8.98 8.40 6.86 12.34 9.64 14.31 12.85 7.08 2.77 1.31 20.73 17.96 16.43 16.06 16.06 25.77 26.72 24.82 30.22 31.97 31.76 29.49 26.79 24.45 21.20 20.93 22.14 19.77 21.94 20.86 22.30 23.52 20.76 16.71 11.66 14.85 11.88 11.41 8.00 7.88 4.67 6.26 6.58 6.62 7.34 7.66 6.97 6.89 6.82 5.52 5.07 6.62 8.05
8.10 10.73 7.66 12.48 12.05 12.34 8.10 7.88 9.34 10.22 6.35 7.08 0.00 0.00 3.94 0.00 0.00 0.00 0.00 0.00 0.00 0.00 0.00 0.00 0.00 5.91 6.57 5.99 4.02 3.94 5.69 7.88 5.62 5.91 7.59 9.13 5.55 4.96 3.72 4.89 6.79 26.21 27.16 25.40 25.40 31.97 29.49 28.32 29.71 30.51 32.05 25.96 22.83 22.17 19.57 19.39 18.56 17.37 18.10 14.83 16.66 19.44 21.05 18.42 14.31 10.67 10.16 8.08 8.20 8.00 5.18 3.43 4.10 6.92 7.01 10.20 8.47 4.74 4.92 5.66 4.69 6.87 8.01
8.32 7.08 7.52 9.20 9.56 7.81 8.76 11.90 13.72 13.65 13.07 12.85 13.14 9.71 8.25 5.48 3.58 3.50 2.56 2.56 2.34 2.19 2.56 0.00 0.00 2.19 3.07 3.21 2.92 3.50 3.07 4.38 3.87 4.38 6.20 7.66 8.40 7.52 7.74 12.12 15.55 15.62 21.02 27.30 27.30 25.55 27.96 29.71 29.71 27.59 18.76 16.56 16.45 17.95 9.37 9.23 8.77 8.25 11.71 13.04 15.19 18.19 18.68 20.88 19.87 14.97 10.34 10.68 5.99 5.90 4.74 3.65 7.19 12.14 13.48 13.48 13.87 10.44 4.29 2.42 3.02 4.24 5.54
8.47 7.59 8.18 9.34 9.78 7.30 8.40 10.07 11.90 11.75 13.94 12.56 11.32 10.00 7.59 5.18 4.60 3.72 2.92 2.92 2.48 2.99 2.26 4.31 1.97 2.56 2.63 2.34 2.85 2.19 2.85 3.21 4.67 3.72 5.55 12.26 7.59 10.15 12.41 11.61 8.10 10.66 14.82 20.95 20.95 19.56 25.77 28.25 26.21 16.56 14.83 13.17 11.39 8.31 6.12 8.19 6.78 8.05 7.97 12.53 15.16 16.59 18.23 21.02 20.32 11.68 13.14 11.67 8.34 8.21 5.55 4.89 6.86 8.71 14.06 15.07 11.46 6.34 4.19 1.44 1.94 2.42 5.20
7.45 7.23 8.10 8.32 8.61 6.06 8.25 8.98 9.86 9.49 10.80 8.76 9.05 10.22 9.13 7.01 5.40 4.82 3.80 3.80 3.43 2.70 4.45 1.68 1.97 1.97 1.68 1.31 3.14 2.92 3.14 2.99 3.21 5.62 6.13 11.97 12.63 10.15 11.39 7.52 6.20 9.20 5.33 14.09 14.09 20.37 20.95 18.69 17.62 18.41 16.36 14.26 12.46 10.54 9.41 9.06 6.63 5.07 7.58 9.92 13.40 16.25 19.44 17.74 14.16 11.90 13.26 14.53 8.29 9.22 4.57 3.58 5.63 7.12 13.97 14.00 10.91 8.32 4.60 1.62 1.32 2.33 4.15
5.18 4.45 8.03 6.28 2.56 7.15 7.01 8.54 8.51 8.76 8.83 6.94 6.20 7.81 7.96 7.45 6.20 5.55 4.96 4.96 4.23 4.31 3.36 2.34 2.12 1.53 1.83 2.19 1.53 2.48 2.41 3.58 1.90 2.56 1.83 6.64 11.17 7.30 5.04 5.33 2.26 3.59 5.33 8.83 8.83 15.91 15.26 16.57 16.58 18.40 15.00 11.44 15.43 14.99 13.33 7.10 5.20 4.98 6.27 8.30 9.68 15.12 19.76 16.29 14.16 11.02 11.36 13.24 7.93 7.64 5.23 3.06 3.74 7.02 10.37 9.33 8.98 8.23 5.27 4.48 2.33 4.57 4.18
0.00 0.00 3.80 2.48 0.00 5.77 8.03 8.40 7.59 7.66 7.96 6.13 5.77 5.99 5.48 5.18 5.40 4.45 4.45 4.45 4.53 4.96 4.31 2.92 2.99 2.77 1.61 1.61 1.02 0.95 1.61 1.97 1.02 1.61 1.83 2.19 5.91 5.18 4.53 0.00 0.88 2.12 5.40 8.40 8.40 12.48 13.80 17.23 18.69 17.45 15.77 14.82 12.46 10.85 12.02 10.27 5.70 4.43 7.09 6.68 9.58 11.65 12.90 17.16 14.21 11.74 8.58 7.30 7.67 7.71 5.72 5.68 3.55 3.83 3.13 4.55 6.26 5.51 3.74 4.35 3.53 4.18 5.77
0.00 0.00 0.00 0.00 0.00 3.87 6.94 7.66 7.15 7.66 6.57 5.26 5.26 4.16 3.58 3.94 3.87 3.07 3.65 3.65 3.58 3.87 2.85 2.85 1.46 0.73 0.51 1.17 0.07 0.00 0.88 1.10 0.00 0.00 1.03 0.00 1.68 1.97 0.00 0.00 0.00 1.24 1.68 4.82 4.82 10.12 11.02 13.35 18.10 13.41 16.03 16.69 12.41 12.39 10.25 5.57 5.42 6.77 6.32 6.91 6.69 7.30 12.87 12.74 11.44 10.48 10.36 7.26 5.49 6.43 3.97 4.65 4.35 3.06 2.90 2.38 4.76 5.03 3.72 0.93 3.59 6.17 4.38
0.00 0.00 0.00 0.00 0.00 3.65 5.62 6.20 5.91 8.25 6.64 6.42 5.18 4.16 3.80 3.80 4.67 4.23 0.00 0.00 0.00 2.19 2.34 0.80 0.80 0.00 0.22 0.00 0.37 0.00 0.00 0.00 0.00 0.00 0.00 0.07 0.00 0.00 0.00 0.00 0.00 0.00 1.31 0.44 0.44 5.69 6.06 6.02 5.78 8.64 11.78 11.89 10.18 7.34 4.33 5.12 3.84 2.86 2.61 10.01 6.89 7.94 6.56 12.30 9.23 10.56 7.63 7.85 6.07 6.79 4.33 3.70 3.20 3.34 1.50 3.28 3.37 3.57 1.17 0.24 1.34 4.40 6.79
0.00 0.00 0.00 0.00 0.00 0.00 0.00 0.00 4.16 8.10 7.74 7.30 6.06 5.62 4.38 4.38 5.34 5.68 3.65 3.65 0.00 2.26 2.26 1.53 1.39 1.17 0.00 0.00 0.00 0.00 0.00 0.00 0.00 0.00 0.00 0.00 0.00 0.00 0.00 0.00 0.00 1.68 0.00 0.51 0.51 1.31 2.41 3.58 3.89 6.42 8.52 8.34 7.71 6.02 0.00 0.00 0.00 0.00 5.03 4.87 0.00 5.74 8.67 7.34 9.27 10.38 7.82 10.18 5.81 5.93 4.81 4.06 3.57 1.76 1.35 2.75 3.33 3.14 2.07 0.00 0.94 3.02 3.45
0.00 0.00 0.00 0.00 0.00 0.00 0.00 0.00 0.00 6.35 6.79 5.99 5.26 6.13 5.55 4.96 5.06 5.91 6.05 5.64 4.53 0.00 2.34 2.19 1.39 1.61 1.02 1.10 0.00 0.00 0.00 0.22 0.00 0.00 0.15 0.00 0.00 0.00 0.00 0.00 0.44 4.23 1.75 0.00 0.00 0.95 0.95 2.13 3.09 6.15 10.28 8.10 6.23 4.95 0.00 0.00 0.00 0.00 0.00 0.00 0.00 10.04 9.49 6.93 6.43 10.21 8.10 9.27 6.95 8.49 5.27 5.57 3.81 2.70 1.42 1.46 2.94 2.55 2.90 0.27 0.30 0.45 0.65
0.00 0.00 0.00 0.00 0.00 0.00 0.00 0.00 0.00 0.00 0.00 0.00 0.00 0.00 0.00 2.34 2.34 4.82 6.04 6.14 5.69 6.64 5.40 7.74 6.06 4.16 5.77 5.26 5.40 1.24 3.58 0.00 3.58 2.41 2.19 4.16 4.45 4.67 7.59 7.01 7.12 7.22 5.90 3.87 3.87 1.83 1.53 0.00 3.23 3.27 3.09 0.00 0.00 0.00 0.00 0.00 0.00 0.00 0.00 0.00 0.00 0.00 4.44 0.00 3.89 6.53 7.25 5.85 4.77 5.33 7.54 7.36 3.44 2.39 2.37 1.95 2.74 1.55 0.00 0.00 0.00 0.00 0.00
