Wansh/Snow_depth/snowdepth-1997/winter/1997361.txt
ncols 321
nrows 161
xllcenter 60
yllcenter 15 
cellsize  0.25 
NODATA_value -1
[rows 0 to 35 of 161, columns 83 to 165 of 321]
9.64 9.42 9.64 9.56 8.40 8.91 5.91 6.50 0.00 7.52 6.94 9.27 9.71 9.78 8.83 9.27 6.42 8.54 8.54 8.54 8.69 8.61 8.03 6.79 4.89 2.99 3.29 1.46 1.90 1.61 2.70 3.21 4.09 3.07 3.43 1.97 2.04 1.97 2.63 2.04 2.12 3.14 2.99 2.19 2.19 0.07 0.44 0.00 0.73 1.31 1.39 3.14 3.43 3.72 3.36 3.36 3.29 1.75 1.24 2.04 1.90 1.75 0.73 0.37 0.44 0.44 0.22 0.22 1.24 1.24 4.38 5.48 5.62 6.13 5.77 5.77 5.77 5.77 6.20 5.84 5.69 5.91 5.99
8.32 8.91 9.42 9.78 7.88 0.00 4.74 0.00 0.00 5.40 9.42 8.69 8.91 7.81 8.03 5.33 5.84 4.16 4.67 4.67 4.53 7.45 7.52 7.45 6.35 7.08 4.23 2.56 1.75 2.26 2.19 2.99 2.85 3.07 1.24 0.29 0.51 0.00 0.44 0.22 1.53 2.19 2.56 4.02 4.02 3.65 3.21 1.68 2.19 1.02 2.34 2.34 2.92 2.77 2.77 3.07 2.41 3.72 3.80 3.21 2.92 1.24 2.99 1.10 1.39 1.39 1.02 5.62 5.33 5.33 5.69 5.33 5.26 5.48 4.89 5.04 4.38 3.94 5.18 5.55 6.06 6.35 6.72
7.74 7.74 8.91 5.62 6.64 0.00 5.48 5.18 6.72 10.29 10.15 9.93 9.42 8.32 7.23 7.74 6.50 4.89 4.60 4.60 4.96 5.11 5.33 7.08 7.66 5.18 5.55 3.14 2.41 2.26 2.85 2.92 3.50 2.26 1.90 1.02 1.68 0.80 0.73 2.26 1.24 1.53 0.00 2.34 2.34 1.90 3.14 3.29 2.56 2.19 1.97 1.97 2.19 2.19 2.48 2.34 4.60 5.11 5.99 5.69 6.86 4.89 5.91 5.91 7.59 4.38 7.88 6.57 8.32 8.32 8.61 7.15 7.88 5.77 6.64 6.94 4.16 6.64 5.91 6.35 6.06 7.88 8.54
7.74 7.74 8.91 5.62 6.64 0.00 5.48 5.18 6.72 10.29 10.15 9.93 9.42 8.32 7.23 7.74 6.50 4.89 4.60 4.60 4.96 5.11 5.33 7.08 7.66 5.18 5.55 3.14 2.41 2.26 2.85 2.92 3.50 2.26 1.90 1.02 1.68 0.80 0.73 2.26 1.24 1.53 0.00 2.34 2.34 1.90 3.14 3.29 2.56 2.19 1.97 1.97 2.19 2.19 2.48 2.34 4.60 5.11 5.99 5.69 6.86 4.89 5.91 5.91 7.59 4.38 7.88 6.57 8.32 8.32 8.61 7.15 7.88 5.77 6.64 6.94 4.16 6.64 5.91 6.35 6.06 7.88 8.54
7.15 5.40 5.84 4.74 6.20 5.69 7.52 8.32 7.81 6.57 8.32 8.61 8.18 8.03 8.40 6.72 7.08 5.91 4.82 4.82 4.96 5.04 4.96 6.35 6.79 6.72 5.11 3.43 2.48 2.70 2.56 2.48 2.56 2.56 2.41 2.41 2.56 2.19 2.12 2.12 1.17 0.00 0.00 0.00 0.00 2.70 2.41 3.72 4.38 3.07 3.36 2.41 1.90 1.83 2.04 1.61 4.16 3.43 4.82 4.60 8.32 9.34 6.20 9.13 10.29 9.64 8.47 9.20 9.42 9.42 9.05 6.42 6.57 6.50 6.50 6.28 4.67 4.89 5.77 8.47 8.98 8.69 8.76
8.18 5.55 5.55 5.48 5.62 4.60 4.96 5.33 4.89 4.89 4.16 7.23 7.30 6.94 6.50 6.64 6.50 6.72 4.96 4.96 3.87 4.31 4.45 5.04 5.91 6.06 6.20 4.16 2.26 2.41 2.19 2.63 2.56 2.56 2.77 2.70 2.19 0.88 1.31 0.00 0.00 0.00 0.00 0.22 0.22 0.22 1.83 3.87 3.21 4.74 3.87 2.63 2.63 1.68 1.31 2.56 2.99 3.14 2.99 6.20 8.25 11.17 11.17 11.61 9.56 11.68 9.05 8.69 5.99 5.99 5.33 5.40 6.13 8.03 6.79 6.35 4.02 5.33 4.31 6.13 6.20 8.54 9.27
5.48 5.91 4.96 0.00 3.80 4.31 3.07 3.21 3.07 3.07 3.21 2.26 3.07 5.55 5.40 5.33 6.13 5.55 5.55 5.55 4.89 4.53 4.45 4.82 5.40 5.33 4.16 3.43 2.99 1.97 1.83 2.63 2.99 2.92 2.99 2.56 2.99 1.10 0.00 0.00 0.00 0.00 0.00 0.00 0.00 1.68 2.92 2.63 5.04 4.23 4.09 2.99 3.29 2.04 2.34 3.94 4.89 4.53 6.35 8.32 11.17 12.70 13.14 14.24 14.60 11.75 12.70 10.66 7.37 7.37 8.98 8.76 8.61 9.05 7.96 5.69 5.99 7.88 6.79 5.48 5.84 7.23 8.47
5.48 5.91 4.96 0.00 3.80 4.31 3.07 3.21 3.07 3.07 3.21 2.26 3.07 5.55 5.40 5.33 6.13 5.55 5.55 5.55 4.89 4.53 4.45 4.82 5.40 5.33 4.16 3.43 2.99 1.97 1.83 2.63 2.99 2.92 2.99 2.56 2.99 1.10 0.00 0.00 0.00 0.00 0.00 0.00 0.00 1.68 2.92 2.63 5.04 4.23 4.09 2.99 3.29 2.04 2.34 3.94 4.89 4.53 6.35 8.32 11.17 12.70 13.14 14.24 14.60 11.75 12.70 10.66 7.37 7.37 8.98 8.76 8.61 9.05 7.96 5.69 5.99 7.88 6.79 5.48 5.84 7.23 8.47
0.00 0.00 0.00 0.00 0.00 0.00 3.29 3.07 2.92 0.00 1.31 1.39 2.04 2.99 2.56 5.84 5.40 5.77 4.53 4.53 5.48 5.48 5.11 4.89 5.48 4.16 4.31 2.99 2.70 2.48 3.07 3.43 3.50 3.14 3.50 3.43 2.56 1.31 1.31 0.95 0.00 0.22 0.00 1.46 1.46 0.80 2.56 3.80 3.14 4.16 3.87 3.65 6.20 5.77 4.23 3.36 4.60 6.06 7.66 9.78 9.86 9.34 11.83 10.88 11.53 11.83 9.13 9.78 9.27 9.27 9.71 10.66 12.99 11.61 12.12 8.47 9.56 8.32 6.57 10.15 7.08 5.04 5.99
0.00 0.00 0.00 0.00 3.43 3.14 3.36 0.00 0.00 0.00 0.00 0.00 0.66 1.83 3.50 3.21 3.65 5.11 5.40 5.40 5.18 6.86 6.50 5.62 3.50 3.50 3.87 3.65 2.70 3.50 3.36 3.72 2.77 3.07 3.14 3.50 3.72 1.68 1.39 2.34 0.95 1.31 1.31 1.31 1.31 0.80 2.85 3.50 3.50 4.60 6.13 7.37 9.34 9.05 8.40 5.77 5.18 5.33 4.96 6.13 6.86 7.59 10.22 11.02 3.50 4.89 6.94 8.54 14.02 14.02 12.99 13.29 12.85 12.34 10.07 10.44 10.51 12.63 12.34 12.70 7.52 5.77 4.09
2.85 2.99 2.99 2.77 2.70 2.99 0.00 0.00 0.00 0.00 0.00 0.00 2.63 2.41 3.07 3.14 2.99 4.31 6.13 6.13 5.62 7.30 5.77 6.20 3.87 3.58 3.65 3.07 3.43 3.36 3.14 3.14 3.21 3.21 2.26 2.41 2.26 3.07 3.29 2.56 2.41 1.24 1.39 1.46 1.46 2.85 2.19 2.34 4.31 6.28 5.77 5.91 7.37 9.05 7.74 5.69 5.55 4.89 5.48 7.01 6.79 4.60 3.58 4.38 3.87 5.04 9.64 15.04 17.30 17.30 16.72 17.52 15.11 16.06 11.17 10.29 11.02 12.05 11.46 12.34 9.05 7.52 3.36
2.85 2.99 2.99 2.77 2.70 2.99 0.00 0.00 0.00 0.00 0.00 0.00 2.63 2.41 3.07 3.14 2.99 4.31 6.13 6.13 5.62 7.30 5.77 6.20 3.87 3.58 3.65 3.07 3.43 3.36 3.14 3.14 3.21 3.21 2.26 2.41 2.26 3.07 3.29 2.56 2.41 1.24 1.39 1.46 1.46 2.85 2.19 2.34 4.31 6.28 5.77 5.91 7.37 9.05 7.74 5.69 5.55 4.89 5.48 7.01 6.79 4.60 3.58 4.38 3.87 5.04 9.64 15.04 17.30 17.30 16.72 17.52 15.11 16.06 11.17 10.29 11.02 12.05 11.46 12.34 9.05 7.52 3.36
3.14 2.70 2.85 2.70 0.00 0.00 0.00 0.00 0.00 0.00 2.99 2.77 3.80 5.69 4.96 6.86 5.11 4.74 6.86 6.86 8.18 7.74 7.37 4.89 3.80 3.80 3.07 3.36 2.85 3.21 3.07 3.36 3.14 2.99 2.99 1.90 2.99 2.56 2.34 3.07 3.36 3.43 3.43 2.56 2.56 2.70 2.48 1.90 4.31 5.26 5.48 4.96 5.55 6.64 4.23 4.89 6.86 7.01 8.03 7.88 7.81 4.89 5.99 7.30 7.15 10.80 9.20 13.36 17.89 17.89 20.22 19.35 17.59 17.67 12.99 10.59 8.69 9.42 10.07 9.86 9.93 7.96 9.49
3.43 3.36 0.00 0.00 0.00 0.00 0.00 0.00 5.18 5.40 5.33 6.42 7.66 7.01 8.25 8.10 8.10 8.91 7.59 7.59 8.10 7.15 7.66 5.33 4.38 2.99 3.50 2.34 3.43 2.99 5.48 5.84 6.06 4.74 3.21 3.36 2.77 3.21 2.63 2.85 2.70 2.04 2.56 2.56 2.56 1.83 1.83 2.41 4.23 3.80 4.74 4.16 3.29 2.92 2.41 5.77 3.72 6.06 6.79 5.69 6.42 6.28 5.91 7.88 9.93 12.26 15.99 19.13 20.66 20.66 20.37 21.39 19.71 15.99 12.12 9.56 10.15 9.05 9.64 2.48 2.77 7.15 6.79
2.92 0.00 0.00 0.00 0.00 0.00 5.33 4.89 4.53 6.50 7.01 6.86 6.50 6.57 8.83 7.96 7.88 7.74 7.59 7.59 6.13 6.57 5.33 4.74 4.89 3.36 3.21 3.21 3.72 5.18 4.96 6.35 6.20 6.64 4.96 2.92 2.26 3.21 1.46 1.83 1.83 1.97 1.83 1.90 1.90 2.56 2.34 2.26 3.43 4.38 5.55 4.45 4.38 2.19 0.95 2.34 3.72 4.02 3.87 4.67 5.48 7.23 6.28 9.20 7.66 9.93 14.24 16.06 15.33 15.33 17.37 16.79 19.05 16.72 9.64 7.45 3.87 0.73 1.75 0.00 0.00 2.56 4.67
3.07 0.00 0.00 0.00 4.09 0.00 0.00 4.23 4.82 4.23 5.62 4.96 5.11 5.04 5.69 5.62 7.30 6.86 6.86 6.86 5.99 4.67 4.82 4.74 4.96 5.11 4.96 4.31 4.16 4.09 5.91 7.37 6.79 7.52 4.02 2.48 2.41 1.75 2.26 2.12 2.56 3.29 2.63 2.34 2.34 2.12 2.63 2.34 2.99 2.92 3.36 5.18 3.87 4.16 4.60 3.36 3.65 3.87 2.41 3.36 4.09 5.11 4.67 5.77 8.25 8.03 12.92 12.05 15.55 15.55 17.45 17.16 11.68 12.92 6.50 6.50 4.45 0.00 0.00 0.00 3.29 0.00 5.26
3.07 0.00 0.00 0.00 4.09 0.00 0.00 4.23 4.82 4.23 5.62 4.96 5.11 5.04 5.69 5.62 7.30 6.86 6.86 6.86 5.99 4.67 4.82 4.74 4.96 5.11 4.96 4.31 4.16 4.09 5.91 7.37 6.79 7.52 4.02 2.48 2.41 1.75 2.26 2.12 2.56 3.29 2.63 2.34 2.34 2.12 2.63 2.34 2.99 2.92 3.36 5.18 3.87 4.16 4.60 3.36 3.65 3.87 2.41 3.36 4.09 5.11 4.67 5.77 8.25 8.03 12.92 12.05 15.55 15.55 17.45 17.16 11.68 12.92 6.50 6.50 4.45 0.00 0.00 0.00 3.29 0.00 5.26
3.21 0.00 0.00 4.02 0.00 4.96 3.87 3.21 2.48 2.92 2.70 3.36 4.67 4.38 5.99 5.26 5.55 5.40 5.40 5.40 6.06 4.23 3.65 3.65 4.60 5.04 4.96 5.48 3.50 4.82 4.38 6.28 8.10 7.96 6.50 2.92 1.97 1.90 1.90 2.77 3.87 2.77 2.63 2.70 2.70 1.90 2.19 1.39 2.41 2.26 1.75 2.26 3.43 3.21 3.65 3.50 3.43 3.14 4.45 4.02 4.38 2.99 7.74 7.23 9.27 9.71 11.68 10.88 14.60 14.60 17.16 16.79 11.61 12.78 9.34 7.15 7.23 1.90 0.00 0.00 2.19 4.53 4.45
4.31 4.53 4.45 5.11 5.18 5.11 4.82 3.65 3.94 2.34 2.48 2.26 5.33 7.30 6.64 5.91 5.04 5.11 4.82 4.82 3.87 3.50 3.72 2.70 2.77 2.63 4.53 4.45 4.09 4.16 4.02 5.84 5.33 6.94 6.57 2.77 3.87 1.53 0.80 0.00 0.51 1.31 2.41 2.56 2.56 2.41 1.39 1.68 0.22 0.88 1.17 1.24 1.31 2.26 0.66 1.97 3.14 2.92 3.43 7.15 4.67 14.60 14.67 14.97 10.51 9.34 10.80 15.62 19.56 19.56 18.69 18.54 12.12 6.94 5.11 3.50 0.00 1.10 0.00 0.00 1.02 2.34 2.77
5.84 5.04 4.82 5.04 5.26 6.64 6.42 4.82 3.72 3.87 3.58 6.06 5.55 6.94 5.69 4.82 4.74 5.40 4.31 4.31 4.45 4.23 3.07 3.36 1.97 3.58 3.14 4.67 3.94 3.14 3.65 2.92 5.55 5.33 5.77 5.11 2.77 1.02 1.83 0.44 0.00 0.00 2.99 2.99 2.99 3.21 4.74 2.77 0.15 1.02 0.95 1.83 1.46 0.00 0.66 1.17 3.43 4.82 7.23 5.99 13.29 15.99 14.67 14.82 11.90 13.14 12.56 15.70 18.40 18.40 13.72 7.96 8.61 1.53 1.68 0.73 0.22 0.00 0.58 0.29 0.95 1.31 0.44
6.42 5.26 5.26 5.77 5.55 5.91 5.91 5.99 4.74 4.23 4.23 4.38 5.69 5.55 5.77 5.04 5.55 5.55 6.06 6.06 6.72 6.86 6.57 6.50 5.62 2.63 5.04 5.91 5.69 4.02 3.21 1.83 2.19 1.75 2.12 1.61 2.04 1.02 0.00 0.00 0.00 0.07 0.44 0.95 0.95 3.50 5.04 4.96 2.19 4.45 2.63 4.02 3.07 3.58 1.75 3.87 6.06 6.50 7.30 6.28 10.37 10.51 7.59 9.49 10.29 11.75 11.68 9.71 10.00 10.00 7.23 3.58 5.33 4.82 0.66 0.37 0.00 0.00 0.07 0.00 0.00 0.00 0.00
5.26 5.55 5.18 5.04 4.67 4.67 0.00 5.55 5.77 5.33 5.33 5.48 4.82 7.37 5.77 5.91 5.91 6.06 6.13 6.13 7.08 7.96 8.61 8.69 7.59 6.86 7.08 7.15 5.99 3.87 4.53 2.04 1.02 1.68 2.26 1.97 1.24 0.00 0.00 0.00 0.00 0.66 0.51 0.37 0.37 0.00 3.87 2.70 4.02 3.94 2.77 2.56 1.24 1.75 3.43 3.21 6.28 6.50 5.77 5.84 7.30 5.26 5.77 7.45 8.32 6.28 7.15 6.35 5.99 5.99 5.11 3.21 0.95 0.00 0.22 0.00 0.07 0.00 0.00 0.00 0.00 0.00 0.00
5.26 5.55 5.18 5.04 4.67 4.67 0.00 5.55 5.77 5.33 5.33 5.48 4.82 7.37 5.77 5.91 5.91 6.06 6.13 6.13 7.08 7.96 8.61 8.69 7.59 6.86 7.08 7.15 5.99 3.87 4.53 2.04 1.02 1.68 2.26 1.97 1.24 0.00 0.00 0.00 0.00 0.66 0.51 0.37 0.37 0.00 3.87 2.70 4.02 3.94 2.77 2.56 1.24 1.75 3.43 3.21 6.28 6.50 5.77 5.84 7.30 5.26 5.77 7.45 8.32 6.28 7.15 6.35 5.99 5.99 5.11 3.21 0.95 0.00 0.22 0.00 0.07 0.00 0.00 0.00 0.00 0.00 0.00
4.45 4.89 4.38 4.53 3.50 0.00 0.00 5.26 7.15 5.99 5.55 5.18 7.15 6.72 8.18 8.98 8.98 8.25 7.01 7.01 7.45 9.20 10.22 9.86 10.07 8.98 7.74 7.96 7.15 6.28 4.60 3.50 2.99 2.48 0.00 1.61 1.83 1.39 0.58 0.00 0.58 0.80 0.29 0.29 0.29 0.00 0.00 0.00 2.41 0.00 0.58 0.00 0.00 1.10 3.36 4.53 5.69 5.40 5.77 0.00 0.00 0.00 4.82 5.18 5.11 5.77 5.69 4.53 4.74 4.74 4.16 1.68 3.72 2.12 0.58 0.29 0.07 0.00 0.07 0.00 0.00 0.00 0.00
5.11 4.38 4.67 3.80 4.31 5.48 5.04 4.09 8.25 8.98 8.40 8.69 6.57 6.50 6.28 7.96 7.66 6.20 6.86 6.86 5.11 7.23 6.64 8.76 8.49 7.92 8.55 7.96 7.52 5.62 6.28 3.94 3.36 2.92 0.88 1.46 0.51 0.73 0.00 1.02 1.02 0.66 0.07 0.51 0.51 0.37 0.00 0.00 0.00 0.00 0.00 0.00 0.00 0.00 0.00 5.18 4.16 0.00 2.19 0.00 0.00 0.00 0.00 4.96 5.77 4.31 3.80 4.09 4.45 4.45 5.40 4.60 3.80 3.07 1.46 0.44 0.00 0.00 0.07 0.00 0.00 0.00 0.00
5.84 5.69 5.18 6.28 7.01 7.15 8.61 8.54 8.10 9.64 8.47 5.77 6.35 4.60 2.63 4.38 5.33 5.91 4.09 4.09 4.31 5.48 8.10 8.40 8.96 9.50 8.42 8.98 8.20 5.40 4.82 3.65 3.87 3.36 2.26 0.37 0.88 0.00 0.00 0.29 1.31 1.10 0.00 0.00 0.00 0.00 0.00 0.00 0.00 0.00 0.00 0.00 0.00 0.00 0.00 4.09 0.00 0.00 0.00 0.00 0.00 0.00 0.00 0.00 0.00 0.00 3.72 3.65 4.60 4.60 4.60 4.89 2.56 2.56 2.19 1.31 0.22 2.77 1.31 1.17 1.39 0.07 0.44
7.15 7.74 7.59 7.74 8.69 9.78 9.71 9.64 9.20 10.37 8.18 3.87 3.21 3.43 0.00 0.00 0.00 0.00 3.87 3.87 0.00 3.43 5.63 8.05 7.00 8.62 8.47 7.34 7.82 7.53 7.67 5.33 4.38 5.33 4.45 3.58 2.56 1.17 0.95 0.95 1.53 1.53 0.00 0.00 0.00 0.00 0.00 0.00 0.00 0.00 0.00 0.00 0.00 0.00 0.00 0.00 0.00 0.00 0.00 0.00 0.00 0.00 0.00 0.00 2.85 2.63 5.55 5.55 5.55 5.55 3.94 6.13 5.04 4.09 4.89 4.96 5.04 4.67 3.07 1.75 1.46 0.07 0.58
10.15 9.05 8.25 10.22 9.64 11.39 9.78 10.15 9.13 7.01 0.00 0.00 0.00 0.00 0.00 0.00 3.72 4.60 4.31 4.31 4.66 0.00 2.96 0.00 4.16 5.48 6.28 6.55 7.22 8.29 6.78 6.16 6.13 5.91 6.57 4.96 5.84 4.60 1.68 1.90 1.02 0.73 0.58 0.00 0.00 0.00 0.00 0.00 0.00 0.00 0.00 0.00 0.00 0.00 0.00 0.00 0.00 0.00 0.00 0.00 0.00 0.00 3.50 0.00 2.92 6.06 6.64 8.10 7.59 7.59 7.81 7.74 6.42 4.16 4.53 3.94 4.23 3.36 2.56 3.07 1.90 2.12 0.66
10.15 9.05 8.25 10.22 9.64 11.39 9.78 10.15 9.13 7.01 0.00 0.00 0.00 0.00 0.00 0.00 3.72 4.60 4.31 4.33 4.81 0.00 3.17 0.00 4.27 5.40 6.28 6.35 6.71 7.74 6.89 6.23 6.39 6.64 6.95 5.09 5.84 4.60 1.68 1.90 1.02 0.73 0.58 0.00 0.00 0.00 0.00 0.00 0.00 0.00 0.00 0.00 0.00 0.00 0.00 0.00 0.00 0.00 0.00 0.00 0.00 0.00 3.50 0.00 2.92 6.06 6.64 8.10 7.59 7.59 7.81 7.74 6.42 4.16 4.53 3.94 4.23 3.36 2.56 3.07 1.90 2.12 0.66
8.98 9.93 8.69 10.44 10.15 9.78 11.02 10.22 9.93 10.15 8.69 5.62 0.00 0.00 0.00 3.36 2.34 6.06 5.11 5.11 0.00 0.00 0.00 0.00 3.85 0.00 4.79 0.00 4.84 6.28 5.80 7.15 6.73 8.32 8.62 7.83 8.32 6.86 6.20 2.19 1.97 1.10 1.10 0.73 0.73 0.00 0.00 0.00 0.00 0.00 0.00 0.00 0.00 0.00 0.00 0.00 0.00 0.00 0.00 0.00 0.00 0.00 0.00 4.53 6.57 8.54 7.66 9.20 9.20 9.20 8.18 9.27 6.64 3.58 3.72 4.31 5.77 4.02 4.60 4.67 3.43 3.94 2.04
7.59 6.57 7.45 7.59 8.47 9.13 9.13 10.44 11.97 12.05 12.26 9.49 0.00 0.00 0.00 7.30 10.00 9.42 9.78 9.78 6.31 0.00 0.00 0.00 0.00 0.00 0.00 0.00 0.00 5.14 6.42 7.01 8.03 6.72 6.37 8.32 9.00 7.11 4.84 5.69 2.12 3.43 0.58 0.00 0.00 0.00 0.00 0.00 0.00 0.00 0.00 0.00 0.00 0.00 0.00 0.00 0.00 0.00 0.00 0.00 0.00 0.00 0.00 3.65 6.28 6.13 8.18 8.54 8.40 8.40 8.98 7.96 8.54 6.06 5.33 6.50 5.04 5.48 7.52 6.13 4.31 3.07 3.21
5.62 4.74 5.11 4.60 7.01 7.30 7.15 6.28 5.99 8.25 9.86 10.15 9.13 6.86 8.32 7.74 9.05 7.96 5.91 5.91 6.42 4.67 0.00 0.00 0.00 0.00 0.00 0.00 0.00 3.24 0.00 6.94 8.10 8.18 9.27 8.45 8.05 9.63 8.40 6.42 5.99 5.33 0.80 0.80 0.80 1.75 0.00 0.80 0.58 0.51 0.00 0.00 0.00 0.00 0.00 0.00 0.00 0.00 0.00 0.00 0.00 0.00 0.00 0.00 0.00 4.09 5.62 6.94 8.03 8.03 10.73 8.98 6.13 5.18 6.06 4.53 4.45 8.25 8.25 7.74 5.77 4.31 5.40
5.33 5.26 4.38 4.53 4.67 4.74 0.00 4.60 6.35 6.06 7.45 8.54 8.25 7.52 7.59 7.30 7.52 5.77 4.45 4.45 3.36 3.43 3.72 3.50 0.00 0.00 0.00 0.00 0.00 0.00 3.94 4.38 6.64 7.30 9.56 10.29 12.26 11.26 13.09 8.04 6.19 6.86 6.28 1.90 1.90 2.99 2.34 1.24 1.46 1.24 0.00 0.00 0.00 0.00 0.00 0.00 0.00 0.00 0.00 0.00 0.00 0.00 0.00 0.00 0.00 0.00 4.53 3.58 7.88 7.88 5.33 4.16 4.16 3.14 2.63 3.80 7.59 8.83 8.83 8.69 8.54 6.64 6.94
5.18 3.14 2.56 4.53 3.36 4.23 2.77 4.31 5.11 6.86 6.35 8.54 8.91 5.55 6.42 3.72 1.75 0.95 0.66 0.66 0.73 2.41 3.50 5.69 5.40 6.72 0.00 0.00 0.00 0.00 0.00 0.00 4.09 7.01 7.96 12.63 12.34 13.51 10.66 12.60 7.86 6.16 6.42 6.64 6.64 4.67 3.87 2.63 2.70 0.00 1.39 0.00 0.00 0.00 0.00 0.00 0.00 0.00 0.00 1.90 0.00 0.00 0.00 0.00 0.00 1.39 1.90 0.00 4.53 4.53 5.77 0.00 1.90 2.48 0.29 1.97 3.58 7.01 5.48 7.88 7.59 5.99 6.57
9.05 8.03 4.53 2.92 3.43 3.72 8.54 10.22 7.01 6.14 7.74 7.01 8.10 5.33 2.34 0.22 0.22 0.58 0.80 0.80 2.41 2.26 3.14 4.74 6.35 5.04 5.84 3.14 3.36 2.45 0.00 3.25 4.11 5.49 4.53 8.10 8.69 12.63 12.68 13.58 7.81 10.91 7.74 7.45 7.45 6.86 5.26 7.30 4.82 3.21 2.92 3.80 0.00 0.00 0.00 0.00 0.00 0.00 0.00 0.00 0.00 0.00 0.00 0.00 0.00 0.00 0.00 0.00 0.00 0.00 1.90 0.00 0.00 0.00 0.00 0.80 1.90 0.00 2.85 4.60 6.50 5.33 6.86
9.05 8.03 4.53 2.92 3.43 3.72 8.54 10.22 7.01 5.99 7.74 7.01 8.10 5.33 2.34 0.22 0.22 0.58 0.81 0.80 2.41 2.26 3.14 4.74 6.35 5.04 5.84 3.14 3.36 2.41 0.00 3.14 4.09 5.33 4.53 8.14 8.73 12.63 12.62 13.72 7.81 10.80 7.74 7.45 7.45 6.86 5.26 7.30 4.82 3.21 2.92 3.80 0.00 0.00 0.00 0.00 0.00 0.00 0.00 0.00 0.00 0.00 0.00 0.00 0.00 0.00 0.00 0.00 0.00 0.00 1.90 0.00 0.00 0.00 0.00 0.80 1.90 0.00 2.85 4.60 6.50 5.33 6.86
