Wansh/Snow_depth/snowdepth-1997/winter/1997337.txt
ncols 321
nrows 161
xllcenter 60
yllcenter 15 
cellsize  0.25 
NODATA_value -1
[rows 74 to 110 of 161, columns 83 to 165 of 321]
0.00 0.00 0.00 0.00 0.00 0.51 0.00 0.00 0.00 0.00 0.00 0.00 0.00 2.04 0.00 0.00 0.00 0.00 4.16 4.16 0.00 0.00 0.00 0.00 4.74 3.87 0.00 3.50 2.56 0.00 0.00 0.00 0.00 0.00 4.67 6.28 5.18 4.60 4.09 5.55 4.23 0.00 1.17 1.24 1.24 0.00 0.58 0.44 1.02 1.90 2.19 0.00 0.00 0.00 2.20 1.71 3.43 1.75 0.00 0.95 0.00 0.00 0.00 0.00 0.00 0.00 0.00 0.00 0.00 0.00 0.29 0.00 0.29 0.73 0.00 0.00 0.00 0.00 0.00 0.00 0.00 1.31 0.51
0.22 0.00 0.00 0.00 0.07 1.39 1.61 2.26 3.21 1.02 1.53 1.17 1.39 4.31 3.07 3.36 3.58 3.72 3.50 3.50 4.60 3.14 3.72 4.60 4.82 4.96 4.89 5.04 3.87 0.00 4.45 3.87 3.36 4.31 8.10 7.66 7.81 7.96 4.45 5.99 5.33 4.74 1.39 1.46 1.46 1.46 1.39 1.39 1.10 1.83 0.51 2.19 1.10 2.19 1.61 2.56 0.88 1.17 0.44 0.66 1.46 1.39 1.61 1.46 0.58 0.73 0.00 0.00 0.00 0.00 1.61 0.00 1.17 0.07 0.00 0.00 0.00 0.00 0.00 0.00 0.00 0.00 0.00
0.00 0.00 0.00 0.00 1.10 2.12 2.41 3.94 5.91 6.28 5.40 6.50 6.57 4.38 4.82 4.16 4.45 4.45 4.60 4.60 6.86 4.23 3.14 4.23 0.00 4.53 4.38 4.60 4.45 4.67 4.74 4.16 5.91 6.94 10.07 8.61 7.23 6.57 6.50 6.06 6.20 5.69 4.96 1.68 1.68 2.04 0.22 0.95 3.72 3.58 2.34 1.17 1.17 1.17 0.66 1.02 2.12 1.83 1.24 0.95 1.83 0.37 0.07 0.07 0.73 0.44 0.37 0.00 0.00 0.00 1.97 2.85 1.39 0.80 0.00 0.00 0.00 0.00 0.00 0.00 0.00 0.00 0.00
0.00 0.15 1.31 1.31 2.19 2.19 3.43 3.87 5.99 7.01 5.91 6.20 7.45 6.50 6.20 6.35 6.42 8.10 9.34 9.34 7.08 7.88 4.23 0.00 0.00 0.00 0.00 4.74 5.26 5.84 5.48 6.79 16.21 13.14 12.34 9.13 8.61 7.37 7.23 7.23 9.34 8.76 7.15 4.53 4.53 5.48 2.41 4.23 4.67 0.00 2.92 3.21 1.90 3.36 2.41 1.31 0.37 2.26 0.07 0.51 0.66 0.95 0.80 0.37 0.07 0.51 0.66 0.07 2.04 2.04 1.90 1.46 1.68 0.88 0.00 0.00 0.00 0.00 0.00 0.00 0.00 0.00 0.00
1.10 1.46 2.85 2.19 2.99 4.53 4.38 5.40 5.26 5.77 4.89 5.18 6.20 6.50 7.52 6.79 6.72 7.74 9.71 9.71 10.29 7.08 6.35 4.38 0.00 0.00 3.29 6.20 6.57 6.28 6.64 12.56 14.67 14.97 14.45 9.34 9.34 7.59 6.50 6.94 12.34 12.41 9.49 7.88 7.88 7.23 3.65 3.21 3.87 2.92 3.14 3.14 2.99 6.42 5.99 4.02 2.26 1.31 1.17 0.58 0.37 0.00 2.56 2.41 2.77 1.68 1.31 1.61 2.19 2.19 1.97 1.83 1.75 0.66 0.00 0.07 1.68 0.73 0.45 0.00 0.00 0.00 0.00
7.37 4.09 5.33 4.96 4.02 4.96 4.45 4.16 4.31 3.80 3.50 3.21 4.89 5.33 6.13 7.37 5.26 6.86 8.32 8.32 9.93 5.69 7.37 4.60 3.29 0.00 0.00 4.89 5.62 6.86 9.64 10.44 14.38 14.75 9.93 9.05 14.31 10.80 9.64 9.34 12.99 13.43 12.34 6.13 6.13 5.40 3.07 2.85 0.00 0.00 0.00 0.00 5.11 5.48 6.28 4.23 3.72 2.26 0.00 2.56 4.60 3.80 3.65 2.99 2.04 1.31 1.90 0.00 3.07 3.07 2.70 2.26 2.34 3.36 2.63 1.17 6.28 3.01 0.15 0.73 0.15 0.00 0.00
9.20 9.56 7.15 5.62 5.18 5.18 4.82 3.50 4.09 4.23 3.80 5.04 5.40 5.62 4.89 4.31 6.20 8.54 8.18 8.18 6.28 3.80 3.58 2.99 4.09 3.07 0.00 3.50 5.48 6.35 13.36 15.26 14.09 12.78 12.85 12.34 19.35 17.67 14.16 9.86 10.73 9.71 6.86 4.16 4.16 4.23 3.72 0.00 0.00 0.00 0.00 3.43 4.23 3.80 5.26 4.38 0.00 0.00 0.00 4.53 8.47 5.99 5.04 4.02 2.85 0.00 0.00 0.00 4.60 4.60 5.26 4.31 8.54 9.78 8.76 7.30 11.89 7.34 2.68 0.88 3.58 0.73 0.00
11.39 12.05 6.64 5.33 5.04 4.96 4.67 4.38 4.31 3.07 3.58 4.89 6.50 5.55 5.99 4.89 6.28 9.20 11.97 11.97 7.59 3.50 3.07 3.14 2.92 0.00 0.00 3.21 3.50 12.05 12.41 12.63 13.51 12.78 14.97 20.66 18.54 13.94 7.37 8.10 8.47 9.05 5.84 3.43 3.43 4.31 4.02 0.00 0.00 0.00 0.00 0.00 0.00 4.02 3.50 4.67 5.62 0.00 0.00 11.24 11.46 10.29 6.86 6.79 4.38 1.46 1.17 0.00 0.00 0.00 2.19 7.96 11.24 14.38 14.89 12.63 15.48 11.65 9.55 6.13 2.62 3.37 0.51
15.11 16.06 9.20 7.23 4.96 5.33 5.11 3.80 4.31 4.16 4.09 4.89 6.94 7.01 7.52 6.86 7.66 11.46 13.87 13.87 10.80 5.48 3.58 3.94 4.23 0.00 3.07 0.00 4.96 6.57 9.64 8.98 10.88 11.90 10.88 15.84 13.43 9.93 8.91 8.25 9.27 8.83 4.96 4.09 4.09 5.04 5.18 0.00 0.00 0.00 0.00 3.80 4.31 0.00 7.08 7.01 7.15 7.81 10.44 10.51 13.29 13.29 10.15 4.60 5.84 2.99 4.23 4.60 6.20 6.20 5.77 7.30 9.34 13.07 16.50 18.47 12.99 11.53 11.17 7.74 5.28 1.53 3.72
19.05 19.20 14.02 13.36 9.34 8.25 6.13 5.33 5.18 5.62 5.91 6.86 7.96 7.74 8.32 7.52 7.59 11.83 12.26 12.26 7.15 6.86 4.09 4.45 6.50 4.53 0.00 4.67 5.04 6.57 10.44 10.00 8.32 7.59 11.83 11.61 10.22 9.34 12.70 11.32 8.47 0.00 0.00 0.00 0.00 0.00 0.00 0.00 0.00 0.00 0.00 5.04 5.18 9.86 12.12 12.78 17.45 17.59 14.60 12.12 13.14 13.87 10.44 9.49 6.94 12.63 9.34 8.76 5.33 5.33 16.21 11.32 9.34 10.88 14.45 16.57 17.08 13.51 11.83 9.78 7.81 4.31 5.62
18.54 18.98 20.22 18.25 16.28 13.21 8.25 5.40 6.86 7.23 6.86 7.01 7.23 8.69 8.40 7.96 7.96 10.51 11.32 11.32 11.10 10.66 6.50 7.23 5.55 6.42 5.69 6.72 9.13 10.66 12.34 11.90 9.34 12.48 10.80 9.34 8.69 9.56 17.01 14.82 4.96 0.00 0.00 0.00 0.00 0.00 0.00 0.00 0.00 0.00 6.13 8.91 10.59 20.15 19.42 20.66 24.97 23.65 18.91 15.04 14.24 11.75 13.51 13.80 12.70 18.32 18.83 18.32 24.89 24.89 17.52 19.71 11.61 12.26 11.17 12.85 12.99 15.55 12.78 11.53 10.00 10.00 6.28
16.57 16.79 17.96 17.23 14.31 16.43 9.71 7.45 6.64 6.64 6.35 8.40 7.52 8.03 8.69 7.96 8.03 9.93 10.88 10.88 10.15 8.03 8.03 6.94 7.59 6.13 9.93 11.83 9.42 14.24 14.60 14.24 14.97 17.23 16.50 10.51 10.44 19.13 13.29 8.69 8.32 0.00 0.00 0.00 0.00 0.00 0.00 0.00 0.00 6.42 8.40 12.19 17.37 21.83 25.26 26.43 22.34 24.97 13.36 11.75 10.51 13.79 14.53 16.71 16.21 22.05 22.56 26.86 25.70 25.70 24.38 22.05 15.04 11.39 11.97 9.64 9.78 11.97 11.53 13.21 11.10 8.83 7.30
11.17 10.15 11.17 12.63 11.75 12.48 12.26 9.34 10.00 12.34 14.09 8.47 6.64 8.25 9.42 12.19 11.39 11.68 13.51 13.51 13.14 9.34 10.44 9.42 6.72 6.13 5.91 15.26 16.94 23.21 19.42 15.18 15.26 14.82 15.40 14.09 14.24 15.26 15.18 14.24 16.28 10.37 13.80 8.61 8.61 8.98 6.64 7.15 7.08 5.69 7.15 11.90 14.24 13.14 18.83 22.27 20.88 21.17 20.66 19.93 21.90 22.70 21.75 21.30 22.41 23.58 17.45 16.13 18.18 18.18 21.83 22.78 22.85 17.37 14.45 10.29 9.64 10.51 11.32 10.88 10.15 10.66 9.13
7.74 8.25 8.83 7.23 7.23 11.24 11.24 7.01 7.45 7.81 11.97 11.68 7.30 7.66 9.20 12.78 11.75 13.87 14.75 14.75 14.45 14.31 10.80 9.86 8.10 5.18 7.23 9.49 14.16 20.00 20.66 16.72 10.73 12.48 14.16 14.31 15.33 16.06 17.16 17.37 18.25 15.62 17.16 16.57 16.57 15.11 14.09 8.69 10.44 6.72 6.06 9.78 13.58 14.97 16.43 19.71 18.03 18.83 21.17 22.41 22.19 20.51 19.64 12.19 15.48 16.16 13.14 15.91 12.78 12.78 13.43 17.67 18.47 18.61 14.67 12.99 10.37 9.86 10.51 10.22 9.56 10.00 10.07
8.32 7.81 5.33 4.23 4.45 5.18 4.31 5.26 4.89 4.89 7.23 10.59 7.74 8.47 12.12 12.12 12.78 12.85 13.80 13.80 12.78 14.45 13.14 8.32 7.01 5.11 5.84 12.63 11.39 14.97 16.72 17.52 11.83 13.51 14.75 15.70 16.21 18.47 20.44 17.74 16.94 19.20 20.29 23.94 23.94 21.90 17.08 14.09 11.53 10.00 7.59 14.67 15.91 16.86 18.18 17.08 15.84 15.99 18.76 16.50 15.04 13.36 13.21 10.00 11.75 12.98 16.30 13.87 13.43 13.43 12.41 11.39 15.55 14.38 14.75 12.05 8.54 9.34 10.22 10.88 8.69 9.42 6.79
9.34 10.29 5.11 3.36 0.00 0.00 0.00 3.43 3.72 3.58 6.28 6.13 4.45 6.35 12.26 14.82 20.59 16.86 13.07 13.07 10.51 12.99 7.74 6.28 6.13 9.78 9.71 10.59 14.53 16.13 16.21 12.78 12.56 13.51 15.55 17.67 21.17 22.27 20.22 18.18 18.25 18.47 21.68 26.65 26.65 25.92 22.85 23.51 24.09 18.10 14.02 21.75 19.64 18.47 20.44 16.64 16.35 13.51 12.26 11.04 9.14 7.74 9.93 10.06 11.24 12.52 16.63 18.13 15.99 15.99 9.42 7.01 7.52 9.64 11.17 6.94 6.50 8.18 11.53 11.53 8.41 7.92 5.12
8.10 9.56 7.59 4.23 3.29 2.99 3.14 0.00 2.70 2.48 0.00 4.96 3.21 4.09 7.96 16.13 17.45 21.46 10.00 10.00 11.75 11.68 8.83 7.23 5.84 10.51 11.53 12.26 14.38 12.99 17.16 9.64 9.42 10.51 16.06 18.76 19.78 21.32 17.59 18.98 18.03 17.81 21.17 27.38 27.38 27.96 26.86 31.39 29.35 26.35 22.63 25.84 23.94 21.83 24.45 19.93 17.74 14.53 10.95 8.40 7.23 6.62 6.57 9.22 11.75 15.62 14.97 16.43 10.55 10.22 7.41 7.52 7.15 6.72 7.66 6.79 8.18 7.52 10.29 9.86 6.12 5.44 4.69
7.23 5.99 4.67 4.23 3.65 3.72 3.58 3.50 2.70 0.00 1.83 2.48 3.07 3.50 4.67 11.02 14.45 14.02 9.93 9.93 10.22 11.83 9.64 6.64 7.08 7.08 7.96 11.10 11.97 8.83 15.26 7.88 8.32 11.10 15.99 15.84 17.37 16.86 13.43 14.82 16.72 16.21 21.97 24.53 24.53 28.40 28.40 26.57 28.47 28.25 24.53 25.62 26.86 27.96 27.45 21.61 17.59 11.53 16.72 12.24 9.29 5.55 6.72 8.64 8.67 13.54 14.15 14.38 10.80 10.86 9.90 8.29 7.52 7.30 6.72 5.87 7.01 5.99 8.69 8.00 7.46 5.95 4.16
5.62 4.74 4.23 4.53 3.07 3.87 4.82 4.82 3.21 4.02 6.28 4.09 3.58 4.16 6.28 5.18 10.15 12.12 8.10 8.10 8.32 7.37 5.55 6.06 4.89 5.55 8.40 6.42 8.54 6.79 7.52 8.54 8.03 7.30 9.20 10.07 12.05 13.14 8.98 10.80 17.08 20.88 20.08 29.13 29.13 30.59 21.97 22.56 23.14 25.11 24.24 24.97 23.14 26.13 27.96 24.60 21.61 19.64 20.44 16.64 13.03 8.63 5.35 6.49 8.04 11.88 15.63 12.20 10.95 10.95 10.78 8.00 9.63 8.07 6.60 5.43 5.53 6.13 7.26 7.68 5.88 6.94 6.92
8.03 4.67 3.94 4.38 2.85 3.29 4.74 6.50 3.65 2.56 6.94 5.55 2.77 0.00 3.80 0.00 5.69 9.27 8.83 8.83 8.98 7.45 6.72 3.14 4.60 3.72 4.74 7.37 7.08 7.66 6.64 6.64 6.79 7.52 8.40 10.00 6.64 10.51 12.05 13.65 18.10 19.64 22.48 24.16 24.16 25.40 17.23 17.89 19.27 23.65 24.24 22.34 20.73 23.58 24.89 20.73 21.39 21.71 18.47 15.99 10.88 14.02 9.76 6.74 8.30 10.48 13.48 9.90 8.47 8.47 6.27 7.38 8.17 9.04 6.75 6.30 5.50 7.01 6.08 5.97 7.07 5.50 7.95
10.73 8.54 5.33 4.89 4.16 3.36 4.23 4.96 5.26 0.00 0.00 6.20 2.77 0.00 0.00 6.79 7.66 8.18 9.71 9.71 6.50 8.69 4.38 3.94 2.04 6.94 6.72 7.23 9.78 10.73 13.94 11.39 7.37 10.80 16.13 15.04 12.34 11.46 13.29 8.54 15.40 18.98 12.05 12.78 12.78 15.91 17.37 19.20 21.53 22.63 22.48 21.39 20.95 20.19 21.30 18.50 19.19 19.49 20.73 18.54 18.25 16.35 11.01 9.07 9.52 9.81 13.39 12.75 8.32 8.36 5.90 8.65 8.19 7.66 6.64 7.18 6.42 6.18 6.20 4.53 3.97 5.61 8.48
10.66 8.76 6.94 5.40 3.94 4.45 2.85 4.02 4.45 0.00 5.33 0.00 3.58 0.00 0.00 4.16 0.00 5.62 6.35 6.35 5.77 0.00 6.13 4.53 6.72 8.61 8.61 9.42 11.17 10.44 10.44 8.91 10.51 17.74 16.64 13.87 11.24 11.02 10.22 6.72 10.07 13.80 7.88 6.06 6.06 13.43 17.23 19.49 21.39 24.45 24.02 21.32 21.83 20.15 17.43 18.79 18.14 18.15 18.31 20.38 17.92 15.48 14.75 8.68 8.85 8.89 10.74 10.56 7.41 7.41 5.90 5.89 5.84 6.30 7.10 6.90 6.53 6.11 5.66 4.19 4.44 6.41 8.17
10.29 10.44 9.56 9.27 8.69 5.91 4.23 4.09 6.50 5.69 0.00 0.00 0.00 0.00 0.00 0.00 0.00 0.00 0.00 0.00 0.00 0.00 0.00 0.00 4.16 7.52 6.94 8.40 9.13 11.53 8.25 8.91 11.02 11.61 12.63 12.63 8.03 9.27 7.74 5.40 9.71 12.34 9.93 10.88 10.88 22.34 22.56 23.07 22.12 26.21 26.06 24.75 18.47 19.71 14.38 14.30 12.33 12.20 14.45 16.36 15.32 14.28 12.93 12.19 7.11 9.27 9.07 8.74 6.23 6.13 5.48 5.39 4.69 6.89 6.70 5.84 6.46 6.82 4.28 3.10 4.61 4.67 6.70
5.40 7.37 7.81 9.49 11.97 8.61 5.91 6.42 8.98 8.32 7.01 5.55 3.80 4.96 0.00 0.00 0.00 0.00 0.00 0.00 0.00 0.00 0.00 0.00 0.00 2.41 5.62 7.15 6.06 9.42 8.76 7.30 5.48 6.28 8.18 9.71 6.94 6.57 5.40 10.29 8.47 14.38 16.86 25.26 25.26 26.57 26.13 24.24 24.75 24.53 23.88 20.32 19.05 18.04 15.08 12.43 11.15 11.39 11.68 12.81 11.92 13.06 12.91 14.14 9.93 9.41 7.22 6.97 5.87 5.72 4.89 4.23 5.41 6.42 7.01 5.65 7.88 5.81 3.47 3.20 3.43 5.56 6.12
3.87 5.04 0.00 7.81 8.83 6.94 5.18 5.11 7.01 8.18 9.93 8.03 10.51 6.35 2.41 3.21 1.10 1.31 0.00 0.00 0.51 1.75 2.56 0.00 2.70 2.48 1.83 1.17 2.41 1.68 3.21 3.43 3.65 4.89 6.28 9.20 8.47 0.00 13.36 8.91 15.40 16.72 21.24 19.86 19.86 22.34 25.62 24.24 23.65 20.37 18.54 10.76 13.68 13.74 9.11 9.23 5.38 7.26 8.37 8.15 10.64 12.03 13.16 15.86 15.80 10.37 8.73 8.22 2.99 2.95 2.92 4.38 5.30 7.55 9.73 12.80 7.81 6.66 4.04 4.84 1.59 2.61 4.03
5.33 6.13 7.23 7.96 8.76 6.94 5.62 4.38 4.23 5.91 7.15 0.00 6.06 10.15 5.84 2.56 3.29 1.97 1.46 1.46 1.46 2.34 2.56 1.46 1.61 1.97 0.88 0.88 2.92 3.80 3.58 3.58 3.50 4.31 10.66 13.29 12.99 13.80 8.91 10.66 10.29 13.36 16.50 12.85 12.85 21.10 25.40 18.98 16.79 18.06 16.88 9.41 7.87 7.46 4.89 5.52 5.37 4.78 7.66 4.55 8.41 10.62 18.00 16.43 11.36 13.72 10.73 9.54 6.49 6.39 2.77 3.65 3.43 4.93 14.06 14.21 9.56 5.83 2.99 0.46 0.00 1.58 2.89
6.13 7.52 9.64 10.22 9.05 7.81 6.28 6.64 4.96 4.16 0.00 0.00 6.72 5.26 7.45 5.26 4.74 2.99 2.56 2.56 2.34 1.46 2.41 2.41 1.53 1.53 0.73 0.88 2.85 2.63 3.36 2.77 4.45 7.59 7.37 11.02 15.62 14.67 7.08 5.18 7.88 11.53 11.83 10.44 10.44 17.59 19.42 15.91 14.53 15.09 9.06 6.25 7.81 6.58 6.94 4.78 2.88 3.97 4.31 7.16 5.50 12.79 16.39 16.21 13.07 12.63 9.83 9.31 6.82 7.59 5.45 2.38 4.84 8.01 10.91 13.48 10.18 4.74 4.60 0.74 0.58 0.61 1.28
2.77 5.04 6.57 6.28 5.69 5.84 7.01 6.86 4.84 3.21 2.63 1.39 0.00 7.23 4.74 5.84 2.77 2.70 2.85 2.85 2.48 2.85 2.34 1.75 1.90 1.46 1.39 1.31 2.12 1.90 2.56 1.97 2.92 5.26 3.58 7.01 9.27 12.05 5.55 4.38 4.38 6.31 4.74 9.27 9.27 11.24 16.06 13.21 14.67 13.72 10.55 8.44 10.38 7.50 7.59 3.95 2.65 3.15 2.88 5.56 7.55 9.79 16.62 15.48 13.80 11.61 7.42 6.74 7.30 7.04 6.22 2.20 3.56 8.52 6.22 8.94 8.83 4.89 1.61 3.24 1.79 1.65 3.71
0.00 4.60 5.48 0.00 0.00 2.85 6.35 7.74 5.77 4.16 3.72 2.41 1.75 1.83 1.61 2.41 2.12 1.31 2.41 2.41 2.26 1.39 1.90 1.31 1.53 1.31 1.68 1.61 0.44 1.97 0.80 1.17 1.90 2.56 2.99 2.19 5.11 3.07 4.82 1.17 3.29 2.34 5.91 9.42 9.42 11.75 12.70 16.35 14.02 13.36 12.56 9.71 9.40 6.09 5.58 3.11 3.77 2.79 3.39 6.22 7.48 6.58 9.73 16.31 12.49 8.44 6.47 5.99 6.35 6.39 2.48 2.43 1.53 5.16 2.56 3.43 5.95 4.47 2.93 2.51 2.25 3.28 5.77
0.00 0.00 0.00 0.00 0.00 0.00 4.74 8.10 7.30 5.48 4.89 3.43 3.21 1.90 0.00 0.00 1.97 0.44 0.00 0.00 0.29 1.90 3.14 0.15 0.00 0.00 0.15 0.22 0.44 0.00 0.00 0.00 0.00 0.81 1.17 2.85 2.77 1.24 2.41 0.00 2.85 3.65 1.61 4.31 4.31 6.46 9.20 10.12 13.87 13.64 8.58 13.15 8.92 6.62 3.67 3.23 3.06 0.00 0.00 4.28 5.82 9.08 7.30 11.29 11.59 7.26 8.23 4.87 3.14 3.67 2.38 2.74 2.45 2.25 0.53 0.57 2.75 4.38 4.09 0.85 2.71 4.61 4.76
0.00 0.00 0.00 0.00 0.00 0.00 0.00 5.40 6.06 6.42 5.48 5.40 5.04 2.63 2.04 2.92 2.77 0.15 1.61 1.61 0.00 0.00 0.00 0.00 0.00 0.00 0.00 0.00 0.44 0.00 0.00 0.00 0.00 0.00 0.00 0.15 0.44 0.07 0.00 0.00 0.00 0.00 0.00 0.80 0.80 3.80 1.53 4.77 6.69 12.08 6.78 7.82 7.88 3.71 3.33 0.00 0.00 0.00 0.00 0.00 7.30 5.96 3.85 8.17 11.96 11.42 6.14 5.66 2.62 2.94 2.07 2.96 2.17 0.88 0.00 0.94 1.40 4.56 0.51 0.32 2.77 3.73 6.97
0.00 0.00 0.00 0.00 0.00 0.00 0.00 6.06 7.15 6.13 6.35 5.62 6.13 5.69 5.77 3.65 5.41 3.61 0.00 0.00 0.00 0.00 0.15 0.00 0.00 0.00 0.07 0.00 0.00 0.00 0.00 0.00 0.00 0.00 0.00 0.00 0.15 0.51 0.15 0.00 0.00 0.00 0.37 0.00 0.00 0.37 0.00 0.00 2.62 6.27 6.16 5.29 5.23 5.20 0.00 0.00 0.00 0.00 0.00 0.00 0.00 7.04 5.70 5.16 9.86 6.58 6.78 6.79 4.36 4.45 2.40 2.53 1.53 0.97 0.00 0.86 1.98 2.20 0.46 0.84 0.00 3.12 3.06
0.00 0.00 0.00 0.00 0.00 0.00 0.00 0.00 4.67 4.82 6.86 5.91 6.50 6.72 7.08 6.64 7.34 7.37 3.39 3.16 4.31 3.36 2.56 0.00 0.00 0.00 0.07 0.73 0.00 0.00 0.00 0.00 0.00 0.73 0.00 0.00 0.00 1.24 0.00 0.00 0.00 2.04 0.51 0.37 0.37 0.00 0.00 0.00 0.93 5.64 7.20 5.10 7.09 7.89 0.00 0.00 0.00 0.00 0.00 0.00 0.00 0.00 5.84 4.74 6.69 6.53 8.74 6.18 5.54 6.78 4.26 2.84 2.63 1.71 0.25 0.00 1.38 1.44 0.56 0.00 0.00 0.00 0.00
0.00 0.00 0.00 0.00 0.00 0.00 0.00 0.00 0.00 0.00 0.00 0.00 0.00 0.00 4.67 0.00 3.50 3.36 6.80 6.91 7.96 5.33 7.74 6.94 5.48 4.82 6.57 4.96 0.07 1.10 1.83 0.00 0.15 0.88 0.80 2.99 6.64 4.09 7.66 0.00 0.95 5.19 5.38 3.87 3.87 0.73 0.00 0.95 3.37 1.76 2.77 0.00 0.00 0.00 0.00 0.00 0.00 0.00 0.00 0.00 0.00 0.00 0.00 0.00 7.54 7.00 5.99 4.67 4.26 4.76 4.45 5.03 3.07 0.44 0.70 1.12 2.23 2.69 0.00 0.00 0.00 0.00 0.00
0.00 0.00 0.00 0.00 0.00 0.00 0.00 0.00 0.00 0.00 0.00 0.00 0.00 0.00 0.00 0.00 0.00 2.12 0.00 0.00 4.82 9.52 7.19 9.05 8.03 7.52 6.06 7.64 4.23 7.52 5.26 5.04 3.29 2.56 4.02 3.94 6.28 8.83 7.08 1.83 4.45 4.78 6.23 6.06 6.77 2.12 2.70 2.85 3.37 2.25 0.00 0.00 0.00 0.00 0.00 0.00 0.00 0.00 0.00 0.00 0.00 0.00 0.00 0.00 5.17 5.16 3.21 3.61 4.02 4.02 0.00 3.54 4.39 0.00 0.00 0.00 0.18 0.70 0.00 0.00 0.00 0.00 0.00
0.00 0.00 0.00 0.00 0.00 0.00 0.00 0.00 0.00 0.00 0.00 0.00 0.00 0.00 0.00 0.00 0.00 0.00 0.00 0.00 2.70 0.00 8.40 7.37 5.55 6.50 3.08 3.35 9.42 5.33 6.94 5.62 3.29 2.67 3.21 6.13 0.00 5.91 4.45 4.23 5.69 0.00 3.87 3.18 4.03 2.51 2.23 4.87 0.00 0.00 0.00 0.00 0.00 0.00 0.00 0.00 0.00 0.00 0.00 0.00 0.00 0.00 0.00 0.00 0.00 0.00 0.00 0.00 0.00 0.00 0.00 1.61 0.00 0.00 0.00 0.00 0.17 0.00 0.00 0.00 0.00 0.00 0.00
0.00 0.00 0.00 0.00 0.00 0.00 0.00 0.00 0.00 0.00 0.00 0.00 0.00 0.00 0.00 0.00 0.00 0.00 0.00 0.00 0.00 0.00 0.00 7.52 0.00 3.72 0.00 6.28 4.09 1.53 3.43 3.87 0.00 0.00 1.83 2.99 0.00 0.00 5.84 0.00 0.00 0.00 0.00 0.00 0.00 0.00 1.19 1.04 0.00 0.00 0.00 0.00 0.00 0.00 0.00 0.00 0.00 0.00 0.00 0.00 0.00 0.00 0.00 0.00 0.00 0.00 0.00 0.00 0.00 0.00 0.00 0.00 0.00 0.00 0.00 0.00 0.00 0.00 0.00 0.00 0.00 0.00 0.00
