Wansh/Snow_depth/snowdepth-1997/winter/1997349.txt
ncols 321
nrows 161
xllcenter 60
yllcenter 15 
cellsize  0.25 
NODATA_value -1
[rows 0 to 36 of 161, columns 166 to 248 of 321]
3.94 4.38 1.83 3.14 3.07 1.39 1.53 1.31 2.92 2.70 3.14 3.14 3.21 2.41 2.41 2.70 1.97 3.43 2.99 4.60 5.11 5.77 4.82 6.28 5.18 4.82 7.01 4.53 6.35 0.00 0.00 0.00 0.00 0.00 9.64 10.00 9.93 9.93 10.00 8.61 11.02 10.07 10.51 7.81 8.69 8.32 9.78 12.78 13.87 13.80 13.51 13.14 13.14 12.85 12.56 11.61 11.46 11.39 11.24 14.16 13.65 13.65 13.65 13.65 13.65 15.55 17.67 16.79 16.79 16.35 13.14 12.34 11.17 10.88 12.41 12.63 12.70 12.05 12.26 13.21 13.29 12.63 10.95
5.26 4.89 3.87 3.72 2.19 2.92 0.44 0.88 2.48 2.99 2.99 2.99 2.77 2.77 2.99 2.19 2.56 2.85 4.23 4.02 5.26 4.96 5.04 5.11 4.60 7.37 4.16 6.86 0.00 0.00 0.00 0.00 0.00 0.00 9.05 7.52 6.13 6.13 6.42 8.10 10.37 9.86 8.47 7.59 7.59 7.01 9.05 11.97 13.72 11.61 13.36 12.48 12.78 12.99 12.26 12.48 11.61 10.73 11.97 12.05 12.41 13.36 13.36 13.80 15.99 15.26 17.59 16.79 15.04 12.92 13.51 13.21 11.46 11.83 11.53 10.80 11.46 11.24 12.26 13.58 12.78 13.14 10.15
5.69 5.55 6.35 6.42 3.14 0.58 1.10 0.22 2.26 1.83 2.48 2.48 2.48 2.77 2.41 2.48 2.56 3.29 2.92 3.87 4.60 4.60 4.09 4.02 5.11 2.92 4.82 0.00 0.00 0.00 0.00 0.00 0.00 4.60 6.86 6.13 5.55 5.55 5.77 8.47 8.47 10.59 9.13 8.03 7.08 6.94 9.49 8.76 11.10 11.53 10.88 12.85 12.63 12.34 11.24 11.53 11.32 11.24 12.05 10.44 11.46 11.97 11.97 14.53 16.06 15.99 16.35 16.35 15.04 14.16 14.45 13.94 11.83 10.59 10.73 10.59 9.71 9.86 9.64 11.90 8.18 8.83 9.05
5.69 5.55 6.35 6.42 3.14 0.58 1.10 0.22 2.26 1.83 2.48 2.48 2.48 2.77 2.41 2.48 2.56 3.29 2.92 3.87 4.60 4.60 4.09 4.02 5.11 2.92 4.82 0.00 0.00 0.00 0.00 0.00 0.00 4.60 6.86 6.13 5.55 5.55 5.77 8.47 8.47 10.59 9.13 8.03 7.08 6.94 9.49 8.76 11.10 11.53 10.88 12.85 12.63 12.34 11.24 11.53 11.32 11.24 12.05 10.44 11.46 11.97 11.97 14.53 16.06 15.99 16.35 16.35 15.04 14.16 14.45 13.94 11.83 10.59 10.73 10.59 9.71 9.86 9.64 11.90 8.18 8.83 9.05
6.13 6.57 6.72 5.84 6.42 2.92 0.15 0.15 1.68 2.48 2.34 2.34 2.63 3.36 3.14 2.99 2.63 2.56 3.43 3.58 3.14 4.23 4.09 3.07 3.07 1.75 0.00 0.00 0.00 0.00 0.00 0.00 0.00 3.87 1.97 3.07 5.26 5.26 7.37 7.66 7.52 7.74 7.37 7.23 5.26 6.28 7.30 6.72 10.37 7.74 10.37 12.70 12.85 12.99 12.05 11.39 11.90 11.10 11.24 11.24 11.02 12.41 12.41 13.43 16.35 17.37 17.30 17.16 17.23 14.38 12.92 10.88 11.17 11.32 8.61 7.37 7.96 7.37 5.77 6.20 6.57 6.13 5.18
6.28 6.79 7.30 6.86 3.94 1.24 1.83 0.80 0.51 2.85 3.43 3.43 2.77 3.07 3.50 3.65 2.26 2.34 2.19 2.77 2.63 2.92 1.10 0.00 0.00 0.00 0.00 0.00 0.00 0.00 0.00 0.00 3.29 0.95 3.94 4.16 6.94 6.94 6.57 6.94 5.11 4.09 4.23 4.53 2.92 5.11 5.40 7.74 6.28 6.86 8.18 11.32 14.82 14.97 12.92 13.58 12.05 10.80 8.47 8.91 13.51 13.80 13.80 12.70 15.91 16.86 16.43 13.72 12.34 12.48 13.21 11.39 9.93 7.52 7.96 7.30 6.79 6.50 5.55 7.23 7.15 6.94 8.76
6.64 6.50 7.23 5.11 5.40 4.02 1.02 1.17 2.04 3.36 2.77 2.77 3.80 2.85 2.85 2.92 3.36 2.26 2.41 2.19 1.90 0.00 0.00 0.00 0.00 0.00 0.00 0.00 0.00 0.00 0.00 4.09 2.41 4.23 5.84 7.01 6.42 6.42 7.23 5.18 3.65 2.99 2.85 2.77 2.56 4.67 5.84 5.77 6.28 9.64 12.26 11.39 14.16 14.67 12.19 9.49 9.27 9.78 8.47 7.88 9.56 12.85 12.85 15.70 16.86 16.64 16.50 14.31 13.29 11.97 11.83 11.68 11.53 9.27 8.03 8.18 6.64 6.64 7.37 7.23 9.20 10.87 11.52
6.64 6.50 7.23 5.11 5.40 4.02 1.02 1.17 2.04 3.36 2.77 2.77 3.80 2.85 2.85 2.92 3.36 2.26 2.41 2.19 1.90 0.00 0.00 0.00 0.00 0.00 0.00 0.00 0.00 0.00 0.00 4.09 2.41 4.23 5.84 7.01 6.42 6.42 7.23 5.18 3.65 2.99 2.85 2.77 2.56 4.67 5.84 5.77 6.28 9.64 12.26 11.39 14.16 14.67 12.19 9.49 9.27 9.78 8.47 7.88 9.56 12.85 12.85 15.70 16.86 16.64 16.50 14.31 13.29 11.97 11.83 11.68 11.53 9.27 8.03 8.18 6.64 7.68 10.17 10.40 12.60 18.48 19.02
3.43 4.74 5.40 5.04 4.23 4.53 3.50 2.41 1.39 3.29 3.07 3.07 2.92 2.92 2.99 2.63 3.94 1.31 2.12 0.00 0.00 0.00 0.00 0.00 0.00 0.00 0.00 0.00 0.00 4.16 4.53 1.17 4.96 5.69 5.18 6.50 6.79 6.79 5.77 3.87 4.38 3.29 1.61 2.77 2.56 5.99 3.94 5.04 5.55 8.69 10.15 8.10 7.23 7.59 7.23 7.01 7.74 6.20 7.37 6.94 9.49 10.73 10.73 14.89 14.97 15.26 14.75 14.97 14.09 12.63 11.24 10.29 10.51 9.78 9.34 8.65 11.02 11.37 12.33 13.27 10.83 16.95 19.68
3.87 3.87 3.80 4.23 4.45 4.09 4.31 2.92 2.63 2.70 2.04 2.04 2.26 1.97 2.99 1.46 2.56 0.00 0.00 0.00 0.00 0.00 0.00 0.00 0.00 0.00 0.00 0.73 3.72 1.02 2.63 4.96 5.40 5.62 6.20 6.13 5.99 5.99 3.80 4.89 2.34 1.10 1.31 1.68 3.29 3.94 3.14 5.84 5.18 5.04 5.77 5.99 5.04 4.67 3.14 4.45 3.87 4.38 3.80 7.15 9.42 11.97 11.97 10.80 14.02 15.40 15.26 12.41 11.90 11.97 11.32 11.61 11.10 9.42 10.67 11.72 12.42 11.68 11.53 14.37 17.90 16.25 16.40
3.87 4.53 4.31 4.38 3.50 3.72 3.94 3.87 3.21 1.68 1.90 1.90 1.10 1.31 0.00 0.00 0.00 0.00 0.00 0.00 0.00 0.00 0.00 0.00 0.00 0.00 3.58 3.43 2.99 3.50 3.80 4.67 4.45 5.11 3.29 2.63 3.29 3.29 3.43 2.48 1.83 1.53 1.61 2.19 2.70 3.07 1.75 3.43 3.65 3.72 4.09 3.72 2.77 2.70 2.99 3.14 1.90 2.04 2.19 4.96 6.57 10.29 10.29 8.54 12.70 11.83 11.61 11.17 9.93 9.42 10.59 10.37 10.73 10.00 9.36 9.41 8.35 11.64 14.36 14.02 11.25 13.86 13.76
3.87 4.53 4.31 4.38 3.50 3.72 3.94 3.87 3.21 1.68 1.90 1.90 1.10 1.31 0.00 0.00 0.00 0.00 0.00 0.00 0.00 0.00 0.00 0.00 0.00 0.00 3.58 3.43 2.99 3.50 3.80 4.67 4.45 5.11 3.29 2.63 3.29 3.29 3.43 2.48 1.83 1.53 1.61 2.19 2.70 3.07 1.75 3.43 3.65 3.72 4.09 3.72 2.77 2.70 2.99 3.14 1.90 2.04 2.19 4.96 6.57 10.29 10.29 8.54 12.70 11.83 11.61 11.17 9.93 9.42 10.59 10.37 10.73 10.00 9.13 9.27 8.10 10.81 12.80 12.98 12.00 14.38 13.76
6.64 8.18 6.42 5.26 3.94 3.58 3.36 3.58 0.29 1.90 0.00 0.00 0.00 0.00 0.00 0.00 0.00 0.00 0.00 0.00 0.00 0.07 1.24 0.00 2.41 2.26 1.83 2.41 2.48 2.34 2.63 2.77 2.34 2.41 2.56 2.12 2.70 2.70 2.56 2.41 2.70 2.70 2.26 2.12 1.83 1.90 1.17 1.17 0.29 1.02 1.68 1.90 1.90 1.97 1.31 1.61 1.53 1.39 1.46 4.02 4.74 7.08 7.08 9.13 9.78 10.15 10.66 9.64 9.71 11.24 10.88 11.02 11.39 10.66 10.00 9.93 10.71 11.51 11.96 10.69 10.87 14.49 14.50
7.15 6.72 6.42 3.58 3.80 3.43 4.38 3.43 1.46 0.00 0.00 0.00 0.00 0.00 0.00 0.00 0.00 0.00 0.00 0.00 2.26 0.15 1.31 1.39 1.02 1.10 1.83 2.19 2.77 2.63 2.85 2.77 1.75 1.61 1.39 1.83 1.61 1.61 2.85 2.77 2.99 1.17 2.48 2.48 0.58 0.37 0.66 0.00 0.00 0.80 0.80 1.24 0.66 0.95 0.73 1.46 1.10 1.83 2.34 2.26 2.85 6.06 6.06 7.74 10.15 11.02 11.39 11.02 10.95 10.88 11.53 12.26 13.65 11.68 12.48 10.97 11.96 13.46 10.36 13.31 16.40 13.60 13.78
2.77 2.92 3.72 3.43 3.80 5.33 5.04 6.50 5.48 6.20 0.00 0.00 0.00 0.00 0.00 0.00 0.00 0.00 0.22 1.53 0.07 1.83 1.02 1.10 0.95 1.97 2.19 1.97 2.85 2.77 2.99 3.58 2.77 1.68 2.26 1.68 1.83 1.83 1.61 1.83 1.68 2.34 0.66 1.02 0.66 0.22 1.17 0.00 0.29 0.00 0.00 0.88 0.29 0.00 0.80 0.44 0.58 1.83 3.07 4.82 5.69 8.32 8.32 9.56 9.20 11.10 10.73 9.49 10.51 12.34 11.75 12.92 14.45 13.21 14.44 15.71 12.29 13.38 12.45 15.79 14.79 14.51 15.19
3.07 2.70 3.72 2.77 3.94 5.04 6.72 6.50 6.79 6.13 6.35 6.35 6.20 6.42 6.28 5.40 3.36 1.83 1.46 0.88 1.02 0.44 1.17 1.46 1.83 2.04 2.26 1.97 2.63 2.63 2.99 2.92 3.58 2.92 3.36 2.34 2.77 2.77 2.12 1.75 2.04 1.61 0.22 1.17 2.04 1.83 0.58 0.44 0.22 0.00 0.00 0.00 0.00 0.00 0.00 0.15 0.58 1.53 1.53 3.21 5.33 6.64 6.64 8.32 7.88 6.86 7.08 8.47 8.91 8.40 12.48 11.46 14.97 13.25 13.09 15.48 14.71 15.70 16.29 14.23 16.21 15.89 16.92
3.07 2.70 3.72 2.77 3.94 5.04 6.72 6.50 6.79 6.13 6.35 6.35 6.20 6.42 6.28 5.40 3.36 1.83 1.46 0.88 1.02 0.44 1.17 1.46 1.83 2.04 2.26 1.97 2.63 2.63 2.99 2.92 3.58 2.92 3.36 2.34 2.77 2.77 2.12 1.75 2.04 1.61 0.22 1.17 2.04 1.83 0.58 0.44 0.22 0.00 0.00 0.00 0.00 0.00 0.00 0.15 0.58 1.53 1.53 3.21 5.33 6.64 6.64 8.32 7.88 6.86 7.08 8.47 8.91 8.40 12.48 11.46 14.97 16.26 12.26 16.82 13.21 19.43 16.53 15.73 16.53 14.33 16.35
3.07 3.21 3.14 2.85 2.34 2.19 2.56 2.70 5.11 4.89 4.60 4.60 5.04 4.38 3.43 1.61 1.75 0.58 0.73 0.44 0.73 0.15 1.10 2.12 1.83 2.70 2.04 2.34 3.07 2.41 2.70 3.80 4.23 3.58 4.16 3.94 3.80 3.80 1.97 2.26 2.12 1.61 3.87 3.94 1.90 1.68 1.46 0.07 0.00 0.00 0.00 0.00 0.00 0.00 0.00 0.00 0.00 0.29 0.37 2.19 3.29 2.70 2.70 4.23 4.74 5.99 2.99 5.04 4.45 6.64 10.95 11.17 12.71 12.57 15.40 17.54 16.04 19.06 22.66 18.13 17.20 17.93 17.46
0.88 0.37 1.97 1.75 2.19 2.04 2.12 1.53 2.70 1.68 1.97 1.97 2.34 2.56 2.48 2.85 2.56 1.39 1.68 0.95 0.58 0.66 0.58 1.53 2.26 2.70 2.19 2.48 3.36 3.50 3.58 3.50 5.04 4.60 4.31 4.53 3.65 3.65 3.50 2.48 4.60 4.74 4.74 4.02 2.04 0.58 0.00 0.37 0.00 0.00 0.00 0.00 0.00 0.00 0.00 0.00 0.00 0.51 0.00 0.00 2.19 1.46 1.46 3.21 4.23 3.14 2.92 3.07 2.70 7.59 6.64 9.68 12.83 15.34 15.27 16.23 21.77 20.27 20.22 17.10 17.16 18.09 17.85
0.07 0.15 0.00 0.00 0.00 0.07 1.53 2.12 1.83 1.97 1.61 1.61 1.24 2.56 3.14 3.14 2.92 2.04 1.10 0.80 1.10 1.39 1.17 1.61 1.31 2.48 2.41 2.56 2.63 2.26 3.43 3.65 4.23 7.45 5.77 7.01 3.80 3.80 6.06 5.91 5.11 4.89 2.26 1.61 2.19 0.15 0.00 0.00 0.00 0.00 0.00 0.00 0.00 0.00 0.00 0.00 0.00 0.00 0.00 0.00 1.10 1.83 1.83 2.85 2.56 2.92 2.92 2.56 4.60 8.25 7.23 8.98 14.24 16.43 18.40 19.35 19.27 17.87 17.96 22.71 19.70 15.55 16.94
0.00 0.00 0.00 0.00 0.00 0.44 0.00 1.53 0.80 0.88 0.73 0.73 1.17 2.34 2.26 2.19 1.97 0.73 0.80 1.02 2.04 1.90 1.83 2.41 2.92 2.04 1.90 1.97 2.12 2.92 4.02 5.33 7.96 8.32 7.23 6.13 6.86 6.86 7.30 6.42 5.33 2.48 1.02 1.24 0.00 0.44 0.00 0.00 0.00 0.00 0.00 0.00 0.00 0.00 0.00 0.00 0.00 0.00 0.00 0.00 0.51 0.95 0.95 1.90 2.41 1.68 2.19 1.97 3.87 9.42 11.46 15.33 14.45 13.87 17.01 18.25 17.80 18.46 20.54 16.21 20.22 15.71 14.72
0.00 0.00 0.00 0.00 0.00 0.44 1.31 1.10 0.80 0.44 0.80 0.80 0.66 1.61 1.46 1.46 1.61 0.80 0.29 0.95 2.77 1.83 3.58 3.50 3.50 3.36 3.29 2.48 3.14 4.16 4.67 5.91 7.08 7.08 7.15 7.30 7.15 7.15 4.02 2.41 1.83 1.61 1.61 0.95 0.00 0.00 0.00 0.00 0.00 0.00 0.00 0.00 0.00 0.00 0.00 0.00 0.00 0.00 0.15 0.00 0.80 1.02 1.02 0.15 0.00 0.00 2.41 5.62 8.03 7.45 11.32 6.35 8.18 7.81 12.85 8.69 14.37 14.91 18.40 14.96 14.27 11.31 10.84
0.00 0.00 0.00 0.00 0.00 0.44 1.31 1.10 0.80 0.44 0.80 0.80 0.66 1.61 1.46 1.46 1.61 0.80 0.29 0.95 2.77 1.83 3.58 3.50 3.50 3.36 3.29 2.48 3.14 4.16 4.67 5.91 7.08 7.08 7.15 7.30 7.15 7.15 4.02 2.41 1.83 1.61 1.61 0.95 0.00 0.00 0.00 0.00 0.00 0.00 0.00 0.00 0.00 0.00 0.00 0.00 0.00 0.00 0.15 0.00 0.80 1.02 1.02 0.15 0.00 0.00 2.41 5.62 8.03 7.45 11.32 6.35 8.18 7.81 12.85 8.69 13.80 14.99 14.29 13.16 11.95 13.16 13.25
0.00 0.00 0.00 0.00 0.58 0.88 1.24 0.58 0.00 0.66 0.00 0.00 0.29 0.80 0.88 0.88 1.46 1.10 0.95 0.88 3.14 3.36 3.43 3.36 3.58 3.65 3.72 3.58 4.67 4.38 5.33 4.89 5.91 5.77 6.28 5.55 3.07 3.07 3.07 2.56 3.50 2.85 1.97 2.41 0.29 0.00 0.29 0.00 0.00 0.00 0.00 0.00 0.00 0.00 0.00 0.00 0.00 0.00 0.07 0.00 0.00 0.00 0.00 0.00 0.00 0.00 0.00 3.43 5.77 4.67 3.36 4.31 3.87 2.70 6.64 5.84 10.59 12.77 12.76 17.82 14.94 9.17 5.20
0.00 0.00 0.00 0.00 0.00 0.58 0.07 0.15 0.00 0.00 0.44 0.44 0.00 0.88 0.58 0.58 1.39 1.24 1.31 1.75 1.68 1.61 3.43 3.29 3.21 3.58 3.14 4.31 4.31 5.26 5.69 5.26 4.74 3.94 2.85 2.26 2.34 2.34 3.21 2.99 4.31 4.02 2.92 3.58 1.17 1.10 0.00 0.00 0.00 0.00 0.00 0.00 0.00 0.00 0.00 0.00 0.00 0.00 0.00 0.00 0.00 0.00 0.00 0.00 0.00 0.00 0.00 0.00 0.00 0.51 1.31 1.39 2.77 4.16 10.37 12.48 11.98 12.96 11.58 12.03 15.01 7.67 7.06
0.00 0.00 0.00 0.00 0.00 0.00 0.66 0.22 0.22 0.15 0.51 0.51 1.10 1.68 1.10 0.58 0.66 0.44 0.58 1.39 1.61 2.12 3.50 2.92 2.56 3.43 4.16 4.02 3.65 6.06 6.06 5.40 2.26 3.29 4.09 4.23 4.67 4.67 4.82 5.69 5.26 4.16 6.72 4.53 3.94 0.44 0.00 0.00 0.00 0.00 0.00 0.00 0.00 0.00 0.00 0.00 0.00 0.00 0.00 0.00 0.00 0.00 0.00 0.00 0.00 0.00 0.00 0.00 0.00 0.00 1.39 4.02 3.36 5.84 11.26 13.35 12.45 15.28 13.40 6.62 6.38 8.42 2.31
0.00 0.44 0.44 0.73 0.00 0.00 0.00 0.00 0.00 0.07 0.80 0.80 1.02 1.17 0.15 0.22 0.58 0.44 0.22 0.51 0.00 0.15 1.83 3.50 2.63 4.16 2.34 1.97 4.16 3.80 5.40 3.72 4.74 4.74 4.09 4.09 4.53 4.53 5.40 4.89 4.16 4.89 4.67 3.87 4.16 2.26 0.00 0.00 0.00 0.00 0.00 0.00 0.00 0.00 0.00 0.00 0.00 0.00 0.00 0.00 0.00 0.00 0.00 0.00 0.00 0.00 0.00 0.00 0.00 0.00 0.73 3.43 5.04 10.22 9.86 12.07 14.11 11.35 13.85 8.54 2.45 1.49 1.77
0.29 0.44 0.51 0.00 0.15 0.00 0.00 0.00 0.00 0.00 0.44 0.44 0.07 0.29 0.44 0.00 0.58 0.07 0.00 0.00 0.00 0.00 0.00 1.46 1.39 0.95 0.58 0.22 0.80 2.56 2.85 4.53 4.23 3.58 3.72 3.87 3.80 3.80 0.00 0.00 3.58 3.07 1.61 1.02 0.00 0.00 0.00 0.00 0.00 0.00 0.00 0.00 0.00 0.00 0.00 0.00 0.00 0.00 0.00 0.00 0.00 0.00 0.00 0.00 0.00 0.00 0.00 0.00 0.00 0.00 2.70 1.61 4.34 12.40 15.97 13.63 14.68 11.26 4.83 1.70 1.62 0.75 0.40
0.29 0.44 0.51 0.00 0.15 0.00 0.00 0.00 0.00 0.00 0.44 0.44 0.07 0.29 0.44 0.00 0.58 0.07 0.00 0.00 0.00 0.00 0.00 1.46 1.39 0.95 0.58 0.22 0.80 2.56 2.85 4.53 4.23 3.58 3.72 3.87 3.80 3.80 0.00 0.00 3.58 3.07 1.61 1.02 0.00 0.00 0.00 0.00 0.00 0.00 0.00 0.00 0.00 0.00 0.00 0.00 0.00 0.00 0.00 0.00 0.00 0.00 0.00 0.00 0.00 0.00 0.00 0.00 0.00 0.00 2.70 1.61 4.36 12.27 14.44 15.18 15.67 13.14 5.61 1.65 1.69 0.72 0.42
0.44 0.00 0.73 0.00 0.00 0.00 0.00 0.00 0.00 0.00 0.07 0.07 0.29 0.00 0.00 0.00 0.00 0.07 0.22 0.00 0.00 0.00 0.00 0.00 0.00 0.58 0.00 0.00 0.00 2.34 3.43 3.14 0.00 3.80 0.00 0.00 0.00 0.00 0.00 0.00 2.85 1.24 0.44 0.37 0.00 0.00 0.00 0.00 0.00 0.00 0.00 0.00 0.00 0.00 0.00 0.00 0.00 0.00 0.00 0.00 0.00 0.00 0.00 0.00 0.00 0.00 0.00 0.00 0.00 0.15 2.86 1.92 6.49 11.43 16.96 15.09 10.22 13.84 2.29 1.20 0.24 0.00 0.00
1.10 1.10 0.88 0.95 1.02 0.00 0.00 0.00 0.00 0.00 0.44 0.44 0.07 0.22 0.00 0.00 0.00 0.00 0.00 0.00 0.00 0.00 0.00 0.00 0.00 0.00 0.00 0.00 1.46 0.00 0.00 0.00 0.00 0.00 1.68 0.00 0.00 0.00 0.22 0.66 0.88 0.80 0.66 0.00 0.07 0.00 0.00 0.22 0.44 0.44 0.00 0.00 0.00 0.00 0.00 0.00 0.00 0.00 0.00 0.00 0.00 0.00 0.00 0.00 0.00 0.00 0.00 0.00 0.00 0.00 2.92 5.55 11.39 11.06 13.60 14.60 5.13 1.52 1.78 0.21 0.00 0.00 0.00
2.77 2.63 1.90 0.51 0.00 0.00 0.00 0.00 0.00 0.00 0.00 0.00 0.00 0.00 0.00 0.00 0.00 0.00 0.37 0.37 0.00 0.00 0.00 0.00 0.00 0.00 0.00 0.00 0.80 0.29 1.24 0.00 0.00 0.00 0.58 0.00 0.00 0.00 0.00 0.00 0.00 0.00 0.00 0.00 0.00 0.00 0.00 0.00 0.00 0.44 0.00 0.00 0.00 0.00 0.00 0.00 0.00 0.00 0.00 0.00 0.00 0.00 0.00 0.00 0.00 0.00 0.00 0.00 0.00 1.53 1.17 3.87 9.05 9.63 10.88 13.22 3.31 0.59 0.11 0.00 0.31 0.00 0.00
5.33 3.87 3.58 1.46 0.00 0.00 0.00 0.00 0.00 0.00 0.00 0.00 0.00 0.00 0.00 0.00 0.00 0.00 0.00 0.00 0.15 0.00 0.15 0.00 0.00 0.00 0.00 0.00 0.00 0.00 0.00 0.00 0.00 0.00 0.00 0.00 0.00 0.00 0.00 0.00 0.00 0.00 0.00 0.00 0.00 0.00 0.00 0.00 0.00 0.00 0.00 0.00 0.00 0.00 0.00 0.00 0.00 0.00 0.00 0.00 0.00 0.00 0.00 0.00 0.00 0.00 0.00 0.07 0.29 0.88 2.92 2.41 4.09 7.89 4.59 2.12 3.71 0.00 0.00 0.00 0.00 0.00 0.00
5.99 4.60 1.53 0.00 0.00 0.00 0.00 0.00 0.00 0.00 0.00 0.00 0.00 0.00 0.00 0.00 0.00 0.00 0.00 0.00 0.00 0.00 0.00 0.00 0.00 0.00 0.00 0.00 0.00 0.00 0.00 0.00 0.00 0.00 0.00 0.00 0.00 0.00 0.00 0.00 0.00 0.00 0.00 0.00 0.00 0.00 0.00 0.00 0.00 0.00 0.00 0.00 0.00 0.00 0.00 0.00 0.00 0.00 0.00 0.00 0.00 0.00 0.00 0.00 0.00 0.00 0.00 0.00 0.00 0.00 0.73 2.99 1.90 5.40 1.95 0.62 0.16 0.00 0.00 0.00 0.00 0.00 0.00
4.23 4.60 1.83 0.00 0.00 0.00 0.00 0.00 0.00 0.00 0.00 0.00 0.00 0.00 0.00 0.00 0.00 0.00 0.00 0.00 0.00 0.00 0.00 0.00 0.00 0.00 0.00 0.00 0.00 0.00 0.00 0.00 0.00 0.00 0.00 0.00 0.00 0.00 0.00 0.00 0.00 0.00 0.00 0.00 0.00 0.00 0.00 0.00 0.00 0.00 0.00 0.00 0.00 0.00 0.00 0.00 0.00 0.00 0.00 0.00 0.00 0.00 0.00 0.00 0.00 0.00 0.00 0.00 0.00 0.00 0.95 0.88 0.00 0.22 0.74 0.00 0.29 0.00 0.28 0.00 0.00 0.00 0.00
4.23 4.60 1.83 0.00 0.00 0.00 0.00 0.00 0.00 0.00 0.00 0.00 0.00 0.00 0.00 0.00 0.00 0.00 0.00 0.00 0.00 0.00 0.00 0.00 0.00 0.00 0.00 0.00 0.00 0.00 0.00 0.00 0.00 0.00 0.00 0.00 0.00 0.00 0.00 0.00 0.00 0.00 0.00 0.00 0.00 0.00 0.00 0.00 0.00 0.00 0.00 0.00 0.00 0.00 0.00 0.00 0.00 0.00 0.00 0.00 0.00 0.00 0.00 0.00 0.00 0.00 0.00 0.00 0.00 0.00 0.95 0.88 0.00 0.22 0.73 0.00 0.29 0.00 0.25 0.00 0.00 0.00 0.00
3.80 2.19 0.00 0.29 0.00 0.00 0.00 0.00 0.00 0.00 0.00 0.00 0.00 0.00 0.00 0.00 0.00 0.00 0.00 0.00 0.00 0.00 0.00 0.00 0.00 0.00 0.00 0.00 0.00 0.00 0.00 0.00 0.00 0.00 0.00 0.00 0.00 0.00 0.00 0.00 0.00 0.00 0.00 0.00 0.00 0.00 0.00 0.00 0.00 0.00 0.00 0.00 0.00 0.00 0.00 0.00 0.00 0.00 0.00 0.00 0.00 0.00 0.00 0.00 0.00 0.00 0.00 0.00 0.00 0.22 0.51 0.00 0.00 0.00 0.00 0.00 0.37 0.15 0.00 0.00 0.00 0.00 0.00
