Wansh/Snow_depth/snowdepth-1997/winter/1997351.txt
ncols 321
nrows 161
xllcenter 60
yllcenter 15 
cellsize  0.25 
NODATA_value -1
[rows 0 to 36 of 161, columns 166 to 248 of 321]
5.04 5.26 3.21 3.07 3.65 3.43 3.21 2.85 3.94 5.33 5.33 5.33 4.67 4.60 3.94 2.99 2.85 4.31 5.04 4.53 7.01 6.79 7.23 5.26 5.84 7.23 8.32 8.61 1.75 6.94 0.00 0.00 0.00 0.00 10.51 11.90 10.59 10.59 10.80 10.29 11.61 11.61 8.40 9.27 7.37 9.56 10.66 13.51 15.11 14.67 12.63 12.99 11.24 13.21 10.73 12.48 11.75 13.14 13.80 15.48 15.33 13.51 13.51 13.29 13.14 14.02 17.30 18.18 18.18 16.57 14.09 13.36 12.78 12.99 12.48 12.92 14.24 12.85 12.85 13.29 13.14 13.51 12.78
6.72 4.67 5.40 4.16 4.31 4.89 3.14 3.14 3.43 3.72 3.58 3.58 3.80 2.99 2.85 2.99 2.56 2.70 4.38 5.18 5.18 4.67 4.67 4.89 6.28 5.26 7.01 0.00 4.74 0.00 0.00 0.00 0.00 0.00 10.15 7.45 7.23 7.23 6.28 6.28 9.34 10.80 10.15 7.01 7.30 8.18 13.21 12.26 14.24 12.85 13.29 13.14 14.45 14.24 13.43 11.46 11.68 12.48 12.92 14.82 13.36 12.85 12.85 13.51 13.51 16.86 17.81 17.59 17.67 15.18 13.36 12.99 12.85 12.56 11.39 11.75 11.46 10.95 12.34 13.14 13.14 10.88 9.64
7.08 7.01 6.35 6.72 4.82 2.34 2.70 1.24 3.36 3.14 3.14 3.14 2.99 2.48 2.70 2.99 3.07 4.09 3.50 4.31 4.74 5.04 3.80 4.96 5.26 6.42 8.83 0.00 0.00 0.00 0.00 0.00 0.00 4.96 0.22 6.35 5.84 5.84 5.77 9.05 10.73 10.80 8.32 9.13 7.37 8.32 8.03 10.07 10.66 12.19 11.83 14.38 13.94 16.28 14.45 15.18 12.85 12.48 12.41 12.92 12.99 13.07 13.07 14.16 14.75 17.16 16.21 18.18 16.94 14.97 15.18 13.94 14.02 11.61 11.10 9.93 10.66 6.72 9.27 8.83 9.05 8.98 5.26
7.08 7.01 6.35 6.72 4.82 2.34 2.70 1.24 3.36 3.14 3.14 3.14 2.99 2.48 2.70 2.99 3.07 4.09 3.50 4.31 4.74 5.04 3.80 4.96 5.26 6.42 8.83 0.00 0.00 0.00 0.00 0.00 0.00 4.96 0.22 6.35 5.84 5.84 5.77 9.05 10.73 10.80 8.32 9.13 7.37 8.32 8.03 10.07 10.66 12.19 11.83 14.38 13.94 16.28 14.45 15.18 12.85 12.48 12.41 12.92 12.99 13.07 13.07 14.16 14.75 17.16 16.21 18.18 16.94 14.97 15.18 13.94 14.02 11.61 11.10 9.93 10.66 6.72 9.27 8.83 9.05 8.98 5.26
7.59 7.74 7.45 6.13 7.08 2.56 3.36 1.46 2.77 2.48 2.56 2.56 3.29 3.14 3.58 2.92 3.36 3.14 3.50 3.72 2.85 3.50 3.65 4.38 0.00 4.02 0.00 0.00 0.00 0.00 0.00 0.00 3.80 0.07 4.38 4.31 3.65 3.65 8.32 7.52 8.47 5.99 8.83 6.64 6.50 7.23 8.10 7.88 9.56 11.17 10.59 13.58 15.84 15.40 16.06 13.80 12.34 12.34 13.36 13.51 13.87 13.36 13.36 15.18 17.01 18.10 18.03 18.69 17.37 14.97 14.89 14.31 13.07 10.80 7.45 9.56 6.06 4.89 5.11 4.38 4.96 4.60 5.40
8.25 7.96 7.88 6.64 4.89 4.96 1.46 1.83 1.61 2.41 4.60 4.60 3.07 4.02 3.94 4.31 2.63 1.46 1.68 2.92 2.70 2.99 0.29 4.38 0.00 0.00 0.00 0.00 0.00 0.00 0.00 0.00 3.58 5.04 2.85 5.04 8.40 8.40 7.88 7.59 5.55 5.91 5.04 4.89 5.11 5.11 4.82 6.72 8.18 7.81 12.48 16.13 15.55 17.16 15.11 16.06 12.70 12.19 10.95 13.07 11.32 13.65 13.65 16.86 16.06 17.81 18.18 16.94 13.51 12.85 13.21 13.72 11.90 8.69 5.84 5.18 5.33 5.91 5.91 5.40 5.55 8.54 8.47
6.06 7.37 7.37 6.57 6.28 6.42 3.50 1.39 3.72 2.99 5.11 5.11 3.87 4.16 3.80 2.70 3.65 1.83 2.12 2.34 2.56 0.00 1.53 0.00 0.00 0.00 0.00 0.00 0.00 0.00 0.00 3.87 5.69 4.74 6.86 6.50 8.76 8.76 7.37 7.81 4.82 2.92 3.87 3.58 3.72 4.31 5.69 5.62 6.94 10.37 11.61 14.09 14.38 15.33 13.07 13.58 11.61 10.07 10.07 10.66 10.88 12.70 12.70 12.26 16.13 16.79 17.16 13.94 14.75 12.99 13.14 12.19 10.73 9.13 7.88 7.01 6.42 6.72 6.57 6.79 8.32 10.72 11.68
6.06 7.37 7.37 6.57 6.28 6.42 3.50 1.39 3.72 2.99 5.11 5.11 3.87 4.16 3.80 2.70 3.65 1.83 2.12 2.34 2.56 0.00 1.53 0.00 0.00 0.00 0.00 0.00 0.00 0.00 0.00 3.87 5.69 4.74 6.86 6.50 8.76 8.76 7.37 7.81 4.82 2.92 3.87 3.58 3.72 4.31 5.69 5.62 6.94 10.37 11.61 14.09 14.38 15.33 13.07 13.58 11.61 10.07 10.07 10.66 10.88 12.70 12.70 12.26 16.13 16.79 17.16 13.94 14.75 12.99 13.14 12.19 10.73 9.13 7.88 7.01 6.42 7.76 9.06 9.77 11.40 18.22 19.29
5.62 5.11 6.13 6.06 5.18 3.80 2.85 2.70 3.65 3.07 3.36 3.36 4.02 3.43 3.72 3.07 1.97 2.41 2.19 0.00 0.95 0.00 0.00 0.00 0.00 0.00 0.00 0.00 0.00 1.31 4.38 2.63 5.26 6.86 6.72 8.69 7.37 7.37 7.96 4.45 5.18 2.56 2.41 3.43 3.29 4.53 4.82 4.74 7.15 9.78 8.98 12.34 13.29 12.92 12.41 8.32 7.15 7.59 8.25 9.86 9.49 11.10 11.10 13.36 15.40 15.77 16.72 17.01 14.38 14.09 12.56 11.75 10.51 9.05 8.83 8.20 9.70 10.70 12.21 12.50 9.80 16.25 17.24
4.45 4.31 4.38 4.38 4.45 4.53 3.72 3.21 2.56 2.99 3.50 3.50 3.50 3.07 2.63 2.99 1.68 0.00 0.00 0.00 0.00 0.00 0.00 0.00 0.00 0.00 0.88 0.00 5.18 0.00 5.04 5.69 5.33 6.79 6.50 5.84 5.18 5.18 3.80 4.60 1.90 1.61 1.39 2.41 3.36 3.50 5.11 3.94 5.40 5.18 6.42 6.72 6.72 6.42 7.01 6.72 6.94 4.09 4.53 7.37 6.57 11.97 11.97 13.14 14.75 14.38 14.53 15.04 14.67 13.29 11.46 11.61 10.15 9.86 8.98 10.12 11.84 9.19 13.12 14.71 17.39 16.25 16.08
7.81 5.69 6.50 4.67 4.60 4.96 3.80 3.43 2.99 3.14 2.77 2.77 2.34 2.41 1.10 0.00 3.65 0.00 0.00 0.00 0.00 0.00 0.00 0.00 2.99 0.00 2.04 4.60 3.80 3.29 3.21 2.92 3.80 5.48 4.23 4.45 4.53 4.53 3.29 2.26 2.41 1.46 2.92 2.41 2.26 2.04 2.41 2.12 3.80 5.26 5.04 5.55 3.36 2.77 2.48 2.77 4.02 4.23 3.07 2.85 5.04 11.10 11.10 11.32 14.16 14.02 13.94 11.90 12.05 11.68 10.59 10.37 10.29 9.27 8.54 8.15 8.13 10.62 12.70 13.20 12.67 12.38 13.65
7.81 5.69 6.50 4.67 4.60 4.96 3.80 3.43 2.99 3.14 2.77 2.77 2.34 2.41 1.10 0.00 3.65 0.00 0.00 0.00 0.00 0.00 0.00 0.00 2.99 0.00 2.04 4.60 3.80 3.29 3.21 2.92 3.80 5.48 4.23 4.45 4.53 4.53 3.29 2.26 2.41 1.46 2.92 2.41 2.26 2.04 2.41 2.12 3.80 5.26 5.04 5.55 3.36 2.77 2.48 2.77 4.02 4.23 3.07 2.85 5.04 11.10 11.10 11.32 14.16 14.02 13.94 11.90 12.05 11.68 10.59 10.37 10.29 9.27 8.32 8.03 7.88 9.86 11.32 12.22 13.52 12.84 13.65
8.76 8.54 8.10 8.32 5.84 3.87 4.23 4.45 2.56 1.68 2.34 2.34 0.00 0.00 0.00 0.00 0.00 0.00 0.00 0.00 0.00 2.34 3.43 2.19 2.92 2.48 2.56 1.75 2.12 2.41 2.34 3.07 3.07 2.41 2.12 2.19 1.83 1.83 2.99 2.99 3.29 2.70 2.99 2.77 1.39 1.39 0.88 1.46 1.61 1.53 2.04 2.77 2.70 2.12 2.77 2.34 2.70 2.26 3.29 4.09 4.96 8.91 8.91 7.66 10.88 11.24 11.68 10.95 9.71 11.24 10.88 11.02 10.66 10.00 10.22 9.20 8.24 9.86 11.04 12.80 12.26 13.51 12.47
6.35 6.42 6.79 4.89 3.94 4.16 4.82 2.34 3.29 0.00 0.00 0.00 0.00 0.00 0.00 0.00 0.00 0.00 0.00 0.00 2.77 0.22 1.53 1.10 1.46 1.75 1.24 1.53 1.75 2.77 1.83 2.48 2.19 2.04 2.26 1.97 1.75 1.75 2.63 3.43 3.29 3.14 2.26 1.68 1.83 1.53 0.80 1.02 1.02 1.31 0.66 1.24 0.29 0.95 0.95 0.44 2.19 2.56 3.72 3.43 4.89 4.45 4.45 7.15 9.56 10.88 9.71 11.02 10.95 10.88 11.53 10.66 11.83 10.95 11.32 11.88 13.01 13.12 10.16 11.92 15.61 11.50 13.37
4.31 3.43 3.65 3.58 5.84 6.57 6.50 8.03 3.50 4.67 0.00 0.00 0.00 0.00 0.00 2.26 0.00 0.00 0.51 0.00 0.80 0.88 0.95 1.17 0.95 1.46 1.90 2.56 2.34 2.92 2.99 2.48 2.48 2.04 2.48 1.46 2.48 2.48 2.48 1.90 2.19 1.68 1.83 1.39 0.80 0.44 0.73 0.73 0.37 0.07 0.00 0.44 0.37 0.15 0.15 0.29 1.53 1.17 2.63 2.70 4.23 4.09 4.09 8.25 8.03 11.10 10.73 9.49 10.51 12.34 11.75 11.53 14.16 14.45 12.09 12.49 13.76 13.38 12.45 16.01 13.30 13.29 13.72
4.09 4.31 4.38 4.38 5.91 5.48 7.52 8.03 6.50 3.29 3.94 3.94 4.45 4.82 3.94 4.45 2.19 2.04 1.39 0.00 0.00 0.07 0.29 0.07 1.02 1.02 1.83 1.61 2.34 2.19 3.14 2.34 2.77 2.70 2.70 2.41 2.56 2.56 1.90 2.56 2.77 1.39 1.39 1.39 1.39 1.24 0.29 0.15 0.66 0.00 0.07 0.00 0.00 0.00 0.00 0.00 0.22 0.07 0.88 1.24 3.94 3.50 3.50 6.06 7.74 6.86 7.08 8.47 8.91 8.40 12.48 12.63 14.45 14.90 14.60 13.72 15.71 14.40 15.98 13.86 14.79 16.98 15.10
4.09 4.31 4.38 4.38 5.91 5.48 7.52 8.03 6.50 3.29 3.94 3.94 4.45 4.82 3.94 4.45 2.19 2.04 1.39 0.00 0.00 0.07 0.29 0.07 1.02 1.02 1.83 1.61 2.34 2.19 3.14 2.34 2.77 2.70 2.70 2.41 2.56 2.56 1.90 2.56 2.77 1.39 1.39 1.39 1.39 1.24 0.29 0.15 0.66 0.00 0.07 0.00 0.00 0.00 0.00 0.00 0.22 0.07 0.88 1.24 3.94 3.50 3.50 6.06 7.74 6.86 7.08 8.47 8.91 8.40 12.48 12.63 14.45 18.30 13.68 14.92 14.10 17.82 16.21 15.32 15.08 15.32 14.60
2.26 1.90 3.43 2.70 4.16 4.31 2.48 4.53 5.04 3.50 5.11 5.11 5.18 3.50 3.87 4.45 2.12 1.31 1.24 0.00 0.00 0.00 0.00 0.80 1.46 1.24 1.68 1.83 1.68 2.41 3.07 2.92 3.72 4.09 2.99 2.92 2.85 2.85 2.85 2.56 1.83 2.92 1.39 2.77 2.99 0.88 1.46 0.15 0.00 0.00 0.00 0.00 0.00 0.00 0.00 0.00 0.00 0.00 0.80 1.10 2.12 2.34 2.34 5.69 4.74 5.99 2.99 5.04 4.45 6.64 11.75 11.39 12.63 14.15 16.11 16.53 15.94 17.98 21.84 16.46 16.27 18.46 17.56
0.95 0.37 2.12 1.68 1.17 1.83 1.83 1.61 2.56 2.77 1.83 1.83 2.19 2.26 2.12 1.97 1.83 2.04 0.00 0.00 0.44 0.00 0.44 0.07 1.39 1.61 1.46 2.12 2.41 2.34 2.85 3.14 3.07 4.60 4.82 4.38 4.45 4.45 4.09 3.80 3.87 4.45 3.21 2.70 2.85 1.10 0.00 0.00 0.00 0.00 0.00 0.00 0.00 0.00 0.00 0.00 0.00 0.00 0.29 0.07 1.02 1.31 1.31 3.21 3.43 3.14 2.92 3.07 2.70 7.59 6.42 10.42 12.61 14.53 16.47 17.32 15.82 22.13 19.59 18.25 16.67 17.03 16.65
0.66 0.29 0.80 0.66 0.00 0.88 1.17 1.10 1.75 2.19 2.26 2.26 1.83 2.12 2.26 1.90 1.90 0.95 1.39 0.00 0.95 0.58 0.58 1.39 1.24 1.39 1.61 1.61 1.83 1.90 2.26 2.92 4.74 6.06 6.20 4.60 4.53 4.53 4.45 4.38 4.53 4.23 4.67 2.56 0.44 0.00 0.00 0.00 0.00 0.00 0.00 0.00 0.00 0.00 0.00 0.00 0.00 0.00 0.00 0.00 1.46 0.15 0.15 2.85 2.56 2.92 2.92 2.56 4.60 8.25 7.45 11.46 14.02 16.35 18.91 18.91 18.18 20.26 20.09 20.44 19.82 17.12 18.28
0.00 0.00 0.00 0.00 0.00 0.00 1.39 1.46 1.39 1.39 1.53 1.53 1.53 2.04 2.04 1.97 1.97 0.58 0.00 0.00 0.73 1.61 1.31 1.97 2.12 2.04 1.46 1.24 0.88 2.41 2.48 5.11 4.31 7.66 7.15 6.42 6.50 6.50 6.35 4.23 4.74 2.41 1.83 0.58 0.66 0.22 0.00 0.00 0.00 0.00 0.00 0.00 0.00 0.00 0.00 0.00 0.00 0.00 0.00 0.00 0.00 1.68 1.68 1.90 2.41 1.68 2.19 1.97 3.87 9.42 7.66 8.76 12.78 15.04 17.45 18.18 18.43 16.78 18.83 18.30 18.98 17.59 18.77
0.00 0.00 0.00 0.00 0.00 0.00 0.07 0.88 0.51 0.51 1.02 1.02 1.75 1.68 1.68 1.02 0.37 0.66 0.15 1.39 0.66 1.75 2.56 2.56 2.04 2.41 2.63 2.41 2.77 2.85 2.92 4.74 7.37 7.01 7.30 7.01 6.72 6.72 7.01 4.53 2.26 2.77 1.39 0.80 0.15 0.00 0.00 0.00 0.00 0.00 0.00 0.00 0.00 0.00 0.00 0.00 0.00 0.00 0.00 0.00 0.80 1.02 1.02 0.15 0.00 0.00 2.41 5.62 8.03 9.56 9.56 9.71 9.56 9.49 12.34 11.24 10.34 13.66 17.60 14.42 14.27 15.32 7.16
0.00 0.00 0.00 0.00 0.00 0.00 0.07 0.88 0.51 0.51 1.02 1.02 1.75 1.68 1.68 1.02 0.37 0.66 0.15 1.39 0.66 1.75 2.56 2.56 2.04 2.41 2.63 2.41 2.77 2.85 2.92 4.74 7.37 7.01 7.30 7.01 6.72 6.72 7.01 4.53 2.26 2.77 1.39 0.80 0.15 0.00 0.00 0.00 0.00 0.00 0.00 0.00 0.00 0.00 0.00 0.00 0.00 0.00 0.00 0.00 0.80 1.02 1.02 0.15 0.00 0.00 2.41 5.62 8.03 9.56 9.56 9.71 9.56 9.49 12.34 11.24 9.93 13.73 13.67 12.69 11.95 17.83 8.76
0.00 0.00 0.15 0.00 0.51 0.44 0.73 0.51 0.15 0.00 0.00 0.00 0.95 0.73 0.73 0.66 0.37 0.66 0.51 1.10 2.04 1.17 2.77 2.41 2.56 1.97 2.48 2.34 2.34 4.09 5.18 4.96 6.42 4.02 3.36 6.06 5.77 5.77 3.07 2.77 3.07 2.48 1.97 1.02 1.24 0.07 0.00 0.00 0.00 0.00 0.00 0.00 0.00 0.00 0.00 0.00 0.00 0.00 1.10 0.00 0.00 0.00 0.00 0.00 0.00 0.00 0.00 3.43 5.77 7.15 4.09 3.94 0.00 2.04 4.60 8.10 7.15 11.01 12.76 16.85 14.49 16.52 14.16
0.00 0.00 0.00 0.00 0.00 1.02 0.73 0.00 0.00 0.00 0.00 0.00 0.00 0.15 0.29 0.29 0.58 0.15 0.66 0.37 1.68 2.12 1.97 1.75 0.00 2.12 2.19 2.12 4.16 3.72 5.26 4.53 3.72 4.09 2.56 2.63 2.77 2.77 2.70 3.21 3.36 2.99 3.43 2.56 1.68 0.00 0.00 0.00 0.00 0.00 0.00 0.00 0.00 0.00 0.00 0.00 0.00 0.00 0.00 0.00 0.00 0.00 0.00 0.00 0.00 0.00 0.00 0.00 0.00 4.16 5.40 2.04 2.77 5.11 6.72 9.64 13.48 13.12 13.89 14.42 12.03 13.44 5.84
0.00 0.00 0.44 0.00 0.00 0.00 0.29 0.00 0.00 0.00 0.00 0.00 0.58 0.37 0.07 0.15 0.00 0.00 0.00 0.29 0.07 1.39 1.75 2.34 2.19 3.65 3.65 3.21 3.94 5.69 5.26 5.99 3.58 2.85 3.29 2.92 2.19 2.19 3.80 4.38 3.29 4.60 4.38 3.58 4.67 0.07 0.00 0.00 0.00 0.00 0.00 0.00 0.00 0.00 0.00 0.00 0.00 0.00 0.00 0.00 0.00 0.00 0.00 0.00 0.00 0.00 0.00 0.00 0.00 0.00 2.48 1.90 3.87 6.28 10.15 13.20 12.90 13.06 9.98 7.72 9.38 2.58 2.42
1.31 0.44 0.73 0.00 0.00 0.00 0.00 0.00 0.00 0.00 0.00 0.00 0.00 0.00 0.15 0.00 0.00 0.00 0.00 0.00 0.00 0.29 0.95 2.63 3.21 3.07 2.99 1.83 2.77 2.41 4.96 4.16 3.80 3.72 3.87 3.50 3.94 3.94 3.72 3.87 4.23 4.23 4.31 3.87 0.73 0.00 0.00 0.00 0.00 0.00 0.00 0.00 0.00 0.00 0.00 0.00 0.00 0.00 0.00 0.00 0.00 0.00 0.00 0.00 0.00 0.00 0.00 0.00 0.00 0.00 2.19 3.14 6.94 10.29 13.55 12.59 15.09 14.97 9.91 7.18 6.89 1.03 0.94
1.17 0.95 0.66 0.58 0.00 0.00 0.00 0.00 0.00 0.00 0.00 0.00 0.00 0.00 0.00 0.00 0.00 0.00 0.00 0.00 0.00 0.00 0.00 1.31 1.39 1.90 2.48 0.95 1.39 3.58 3.21 4.23 3.43 3.80 3.72 3.29 3.80 3.80 3.87 3.87 3.94 2.26 1.17 0.80 1.17 0.00 0.00 0.00 0.00 0.00 0.00 0.00 0.00 0.00 0.00 0.00 0.00 0.00 0.00 0.00 0.00 0.00 0.00 0.00 0.00 0.00 0.00 0.00 0.00 0.00 1.17 2.92 5.99 10.60 16.06 13.18 12.01 16.48 11.46 4.62 5.74 2.34 0.20
1.17 0.95 0.66 0.58 0.00 0.00 0.00 0.00 0.00 0.00 0.00 0.00 0.00 0.00 0.00 0.00 0.00 0.00 0.00 0.00 0.00 0.00 0.00 1.31 1.39 1.90 2.48 0.95 1.39 3.58 3.21 4.23 3.43 3.80 3.72 3.29 3.80 3.80 3.87 3.87 3.94 2.26 1.17 0.80 1.17 0.00 0.00 0.00 0.00 0.00 0.00 0.00 0.00 0.00 0.00 0.00 0.00 0.00 0.00 0.00 0.00 0.00 0.00 0.00 0.00 0.00 0.00 0.00 0.00 0.00 1.17 2.92 6.02 10.48 14.52 14.68 12.82 19.22 13.30 4.47 6.00 2.28 0.21
0.22 0.51 0.22 0.00 0.00 0.00 0.00 0.00 0.00 0.00 0.00 0.00 0.00 0.00 0.00 0.00 0.00 0.00 0.00 0.00 0.00 0.00 0.00 0.00 0.00 0.00 0.00 0.00 0.00 2.12 3.72 3.72 3.58 0.00 0.00 0.00 0.00 0.00 0.00 0.00 1.97 0.95 1.02 0.44 0.00 0.00 0.00 0.00 0.00 0.00 0.00 0.00 0.00 0.00 0.00 0.00 0.00 0.00 0.00 0.00 0.00 0.00 0.00 0.00 0.00 0.00 0.00 0.00 0.00 0.00 1.03 3.24 7.08 12.54 16.44 17.16 14.49 6.42 3.81 0.96 0.24 0.30 0.09
1.24 2.34 2.26 0.00 0.00 0.00 0.00 0.00 0.00 0.00 0.00 0.00 0.00 0.00 0.00 0.00 0.00 0.00 0.00 0.00 0.00 0.00 0.00 0.00 0.00 0.00 0.00 0.00 0.00 0.95 0.66 0.00 0.00 0.00 0.00 0.00 0.00 0.00 1.68 1.83 0.66 0.00 0.00 0.00 0.00 0.00 0.00 0.00 0.00 0.00 0.00 0.00 0.00 0.00 0.00 0.00 0.00 0.00 0.00 0.00 0.00 0.00 0.00 0.00 0.00 0.00 0.00 0.00 0.00 2.04 3.80 7.81 11.24 10.69 15.51 18.28 9.81 4.09 1.27 0.00 0.00 1.19 0.00
3.14 2.99 1.75 1.83 0.66 0.00 0.00 0.00 0.00 0.00 0.00 0.00 0.00 0.00 0.00 0.00 0.00 0.00 0.00 0.00 0.00 0.00 0.00 0.00 0.00 0.00 0.00 0.00 0.00 0.07 0.00 0.00 0.00 0.00 0.00 0.00 0.00 0.00 0.51 0.00 0.00 0.00 0.00 0.00 0.00 0.00 0.00 0.00 0.00 0.00 0.00 0.00 0.00 0.00 0.00 0.00 0.00 0.00 0.00 0.00 0.00 0.00 0.00 0.00 0.00 0.00 0.00 0.00 0.07 1.61 2.56 5.77 8.69 8.18 8.18 5.29 6.21 4.59 1.35 0.33 1.44 0.21 0.00
4.82 4.02 1.68 0.00 0.00 0.00 0.00 0.00 0.00 0.00 0.00 0.00 0.00 0.00 0.00 0.00 0.00 0.00 0.00 0.00 0.00 0.00 0.00 0.00 0.00 0.00 0.00 0.00 0.00 0.00 0.00 0.00 0.00 0.00 0.00 0.00 0.00 0.00 0.00 0.00 0.00 0.00 0.00 0.00 0.00 0.00 0.00 0.00 0.00 0.00 0.00 0.00 0.00 0.00 0.00 0.00 0.00 0.00 0.00 0.00 0.00 0.00 0.00 0.00 0.00 0.00 0.00 0.00 0.00 0.58 1.97 3.94 4.31 6.27 7.25 3.81 1.24 0.50 0.60 0.00 0.00 0.00 0.00
4.23 1.75 1.97 0.00 0.00 0.00 0.00 0.00 0.00 0.00 0.00 0.00 0.00 0.00 0.00 0.00 0.00 0.00 0.00 0.00 0.00 0.00 0.00 0.00 0.00 0.00 0.00 0.00 0.00 0.00 0.00 0.00 0.00 0.00 0.00 0.00 0.00 0.00 0.00 0.00 0.00 0.00 0.00 0.00 0.00 0.00 0.00 0.00 0.00 0.00 0.00 0.00 0.00 0.00 0.00 0.00 0.00 0.00 0.00 0.00 0.00 0.00 0.00 0.00 0.00 0.00 0.00 0.00 0.00 0.07 1.31 1.17 2.56 5.04 3.89 0.00 0.63 0.26 0.00 0.00 0.00 0.00 0.00
3.29 2.34 0.00 0.00 0.00 0.00 0.00 0.00 0.00 0.00 0.00 0.00 0.00 0.00 0.00 0.00 0.00 0.00 0.00 0.00 0.00 0.00 0.00 0.00 0.00 0.00 0.00 0.00 0.00 0.00 0.00 0.00 0.00 0.00 0.00 0.00 0.00 0.00 0.00 0.00 0.00 0.00 0.00 0.00 0.00 0.00 0.00 0.00 0.00 0.00 0.00 0.00 0.00 0.00 0.00 0.00 0.00 0.00 0.00 0.00 0.00 0.00 0.00 0.00 0.00 0.00 0.00 0.00 0.00 0.00 0.29 0.88 0.66 0.00 0.00 0.00 0.00 0.55 0.00 0.00 0.00 0.00 0.00
3.29 2.34 0.00 0.00 0.00 0.00 0.00 0.00 0.00 0.00 0.00 0.00 0.00 0.00 0.00 0.00 0.00 0.00 0.00 0.00 0.00 0.00 0.00 0.00 0.00 0.00 0.00 0.00 0.00 0.00 0.00 0.00 0.00 0.00 0.00 0.00 0.00 0.00 0.00 0.00 0.00 0.00 0.00 0.00 0.00 0.00 0.00 0.00 0.00 0.00 0.00 0.00 0.00 0.00 0.00 0.00 0.00 0.00 0.00 0.00 0.00 0.00 0.00 0.00 0.00 0.00 0.00 0.00 0.00 0.00 0.29 0.88 0.66 0.00 0.00 0.00 0.00 0.57 0.00 0.00 0.00 0.00 0.00
3.87 0.00 0.00 0.00 0.00 0.00 0.00 0.00 0.00 0.00 0.00 0.00 0.00 0.00 0.00 0.00 0.00 0.00 0.00 0.00 0.00 0.00 0.00 0.00 0.00 0.00 0.00 0.00 0.00 0.00 0.00 0.00 0.00 0.00 0.00 0.00 0.00 0.00 0.00 0.00 0.00 0.00 0.00 0.00 0.00 0.00 0.00 0.00 0.00 0.00 0.00 0.00 0.00 0.00 0.00 0.00 0.00 0.00 0.00 0.00 0.00 0.00 0.00 0.00 0.00 0.00 0.00 0.00 0.00 0.00 0.00 0.00 0.00 0.00 0.00 0.00 0.00 0.00 0.00 0.00 0.00 0.00 0.00
