Wansh/Snow_depth/snowdepth-1997/winter/1997343.txt
ncols 321
nrows 161
xllcenter 60
yllcenter 15 
cellsize  0.25 
NODATA_value -1
[rows 0 to 36 of 161, columns 166 to 248 of 321]
3.07 1.68 1.75 1.02 0.88 1.39 1.24 1.75 3.65 3.21 4.53 4.53 3.29 3.29 3.07 3.29 2.77 3.58 3.50 5.26 6.06 6.06 4.38 5.04 5.11 6.86 6.42 6.79 0.00 5.77 0.00 0.00 0.00 3.87 0.00 11.39 8.32 8.32 9.05 9.86 9.56 9.78 7.08 7.81 5.69 9.20 9.20 12.41 11.24 11.97 11.75 11.02 9.49 9.86 9.42 10.37 10.37 10.88 11.53 11.02 11.68 10.80 10.80 11.24 11.68 13.80 13.36 16.13 14.38 14.97 13.51 11.39 10.29 10.37 10.51 10.15 10.80 10.80 11.90 11.75 13.21 13.36 13.51
2.12 3.50 2.26 2.48 2.77 1.31 1.39 1.46 1.75 2.99 2.85 2.85 3.07 2.04 2.19 2.63 2.56 3.14 4.89 4.82 5.18 4.09 4.53 3.65 6.06 6.35 6.06 9.05 0.00 0.00 0.00 0.00 0.00 0.00 8.98 7.74 8.03 8.03 6.50 6.28 9.64 9.05 9.05 6.13 5.40 7.96 11.61 10.80 11.68 12.05 10.66 11.90 11.53 12.26 11.39 11.90 9.42 10.29 9.78 12.05 11.17 11.68 11.68 11.02 12.48 12.78 15.04 15.70 13.51 14.02 11.68 11.10 10.22 10.29 9.86 9.34 9.93 10.29 12.05 11.97 11.97 10.80 8.98
3.87 3.94 4.02 3.72 3.72 1.46 0.29 0.95 0.73 2.19 2.77 2.77 2.92 1.97 2.19 2.34 2.99 4.45 3.94 5.48 5.69 3.65 4.23 4.53 7.01 5.33 9.13 0.00 0.00 0.00 0.00 0.00 0.00 7.88 4.31 3.87 3.50 3.50 5.62 9.42 8.54 9.78 7.01 7.45 7.15 6.28 7.52 8.18 8.18 9.20 10.88 11.02 13.07 12.78 12.05 11.39 10.88 10.80 10.88 10.95 10.80 11.83 11.83 12.05 11.90 14.09 15.40 15.40 15.70 13.21 11.83 12.41 10.22 10.15 9.27 8.69 9.05 9.05 11.02 11.32 10.80 7.81 5.11
3.87 3.94 4.02 3.72 3.72 1.46 0.29 0.95 0.73 2.19 2.77 2.77 2.92 1.97 2.19 2.34 2.99 4.45 3.94 5.48 5.69 3.65 4.23 4.53 7.01 5.33 9.13 0.00 0.00 0.00 0.00 0.00 0.00 7.88 4.31 3.87 3.50 3.50 5.62 9.42 8.54 9.78 7.01 7.45 7.15 6.28 7.52 8.18 8.18 9.20 10.88 11.02 13.07 12.78 12.05 11.39 10.88 10.80 10.88 10.95 10.80 11.83 11.83 12.05 11.90 14.09 15.40 15.40 15.70 13.21 11.83 12.41 10.22 10.15 9.27 8.69 9.05 9.05 11.02 11.32 10.80 7.81 5.11
3.87 4.53 4.53 3.36 1.46 1.90 0.37 0.07 2.26 1.75 2.85 2.85 2.56 2.77 2.99 3.50 3.50 3.14 1.97 2.19 3.43 3.50 4.09 3.36 6.50 4.53 0.00 0.00 0.00 0.00 0.00 0.00 0.00 3.65 3.14 2.48 5.77 5.77 7.66 7.37 6.72 7.23 5.26 4.89 5.48 6.06 6.42 6.13 8.47 7.96 10.29 12.85 12.41 13.43 12.12 12.78 10.80 10.88 10.88 10.95 11.39 12.85 12.85 12.56 13.36 14.45 13.87 15.55 14.02 12.26 11.53 11.83 11.24 9.64 8.54 7.37 7.23 7.08 4.53 4.53 4.60 4.53 5.18
4.09 4.89 4.31 4.45 2.41 0.95 0.37 0.15 1.31 3.14 2.85 2.85 3.50 3.87 3.87 3.43 2.04 2.48 1.53 2.19 1.83 2.70 3.50 1.75 0.00 0.00 0.00 0.00 0.00 0.00 0.00 0.00 3.87 1.17 3.29 5.26 4.45 4.45 7.66 6.28 6.94 4.38 4.09 3.94 4.38 4.89 4.89 6.72 6.28 9.20 12.70 15.55 15.55 15.70 15.84 12.85 9.93 10.29 9.78 11.24 11.24 11.61 11.61 13.72 15.48 16.43 16.43 13.80 11.24 10.88 11.39 10.44 10.00 7.88 6.42 6.20 5.77 4.67 4.82 5.48 5.55 7.08 7.88
4.45 4.53 4.31 3.29 3.65 1.61 1.10 1.53 1.24 3.36 4.09 4.09 3.65 3.94 3.29 3.07 2.19 1.53 1.90 1.97 2.34 3.72 0.00 0.00 0.00 0.00 0.00 0.00 0.00 0.00 0.00 3.72 1.17 4.45 5.91 5.40 6.72 6.72 6.72 5.33 3.65 3.80 2.77 3.50 3.58 4.16 6.13 5.77 8.18 11.39 10.44 14.53 15.18 15.33 13.29 9.71 10.80 8.69 8.25 8.83 8.76 11.02 11.02 14.02 13.07 15.91 15.18 12.12 13.14 10.73 10.59 10.66 9.86 8.69 6.79 6.72 5.40 5.26 7.37 7.23 7.30 8.97 10.63
4.45 4.53 4.31 3.29 3.65 1.61 1.10 1.53 1.24 3.36 4.09 4.09 3.65 3.94 3.29 3.07 2.19 1.53 1.90 1.97 2.34 3.72 0.00 0.00 0.00 0.00 0.00 0.00 0.00 0.00 0.00 3.72 1.17 4.45 5.91 5.40 6.72 6.72 6.72 5.33 3.65 3.80 2.77 3.50 3.58 4.16 6.13 5.77 8.18 11.39 10.44 14.53 15.18 15.33 13.29 9.71 10.80 8.69 8.25 8.83 8.76 11.02 11.02 14.02 13.07 15.91 15.18 12.12 13.14 10.73 10.59 10.66 9.86 8.69 6.79 6.72 5.40 6.08 10.17 10.40 10.00 15.25 17.55
3.07 3.50 3.65 3.36 2.34 1.24 1.31 1.53 2.77 2.34 3.21 3.21 3.36 3.21 2.34 2.19 2.19 2.70 1.39 2.19 0.00 0.00 0.00 0.00 0.00 0.00 0.00 0.00 0.00 0.80 0.00 3.72 5.77 5.26 6.57 6.42 7.01 7.01 5.48 6.06 3.50 1.83 1.61 1.39 3.43 4.38 3.87 5.48 7.37 7.37 9.27 9.56 11.10 9.71 7.59 8.83 7.74 7.23 7.08 8.40 7.96 10.59 10.59 10.66 13.21 14.38 14.31 12.85 12.56 11.24 10.95 10.37 10.15 7.37 8.54 7.83 9.04 9.92 11.73 10.29 9.80 14.60 15.13
2.34 3.14 3.07 2.92 2.19 2.85 2.19 2.34 2.19 2.63 2.34 2.34 1.83 1.24 1.24 2.12 1.53 2.26 0.00 0.00 0.00 0.00 0.00 0.00 0.00 0.00 0.00 0.00 4.16 2.70 3.29 3.29 5.33 5.84 5.84 5.33 4.16 4.16 4.02 2.26 0.95 1.68 1.24 2.56 2.34 3.36 4.38 4.23 6.42 7.66 7.30 8.61 4.82 7.52 6.86 4.53 3.50 4.09 4.23 6.35 5.77 7.96 7.96 11.10 12.70 13.87 13.43 12.19 12.26 11.24 9.78 10.00 9.78 8.54 9.55 11.30 12.07 10.71 11.64 12.22 15.11 16.13 14.39
2.63 3.50 3.07 4.45 2.56 2.99 2.70 1.75 1.90 1.75 0.29 0.29 0.44 1.02 0.00 1.68 0.00 0.00 0.00 0.00 0.00 0.00 0.00 0.00 0.00 0.44 3.07 2.41 4.23 3.36 3.58 3.94 3.14 3.21 2.70 3.87 3.29 3.29 1.75 1.83 1.46 1.97 1.61 2.92 2.34 2.04 1.24 2.26 3.36 3.50 4.53 4.09 4.31 3.58 3.50 3.36 3.72 2.12 2.04 3.07 3.80 8.83 8.83 9.20 10.51 11.10 11.24 9.86 9.93 9.78 9.78 9.78 8.98 7.96 7.56 8.08 8.13 10.62 13.41 12.38 11.46 12.38 13.34
2.63 3.50 3.07 4.45 2.56 2.99 2.70 1.75 1.90 1.75 0.29 0.29 0.44 1.02 0.00 1.68 0.00 0.00 0.00 0.00 0.00 0.00 0.00 0.00 0.00 0.44 3.07 2.41 4.23 3.36 3.58 3.94 3.14 3.21 2.70 3.87 3.29 3.29 1.75 1.83 1.46 1.97 1.61 2.92 2.34 2.04 1.24 2.26 3.36 3.50 4.53 4.09 4.31 3.58 3.50 3.36 3.72 2.12 2.04 3.07 3.80 8.83 8.83 9.20 10.51 11.10 11.24 9.86 9.93 9.78 9.78 9.78 8.98 7.96 7.37 7.96 7.88 9.86 11.96 11.46 12.22 12.84 13.34
5.77 5.33 6.79 4.74 2.56 2.99 2.26 2.77 0.00 1.10 0.00 0.00 0.00 0.00 0.00 0.00 0.00 0.00 0.00 0.00 0.00 1.97 0.00 1.39 1.02 0.88 2.12 1.75 1.75 1.53 2.04 2.77 2.41 2.12 2.19 1.46 1.83 1.83 1.68 2.99 3.29 2.48 3.21 1.61 1.83 0.22 1.17 0.73 2.77 1.68 4.16 4.31 1.75 2.04 2.04 2.12 1.61 1.83 1.39 2.12 3.14 7.01 7.01 5.77 9.56 9.20 9.78 9.78 9.42 9.49 10.88 8.83 8.54 8.83 8.10 8.47 8.09 9.77 11.73 10.79 11.51 12.53 11.96
3.50 5.69 5.33 4.09 2.63 2.04 2.19 3.07 0.00 0.00 0.00 0.00 0.00 0.00 0.00 0.00 0.00 0.00 0.00 0.00 0.00 1.53 0.44 0.51 0.44 1.02 1.02 1.39 1.68 1.46 2.12 2.26 2.34 1.24 1.39 1.46 1.61 1.61 2.63 2.56 2.77 2.04 2.26 1.39 0.88 0.73 0.58 1.02 0.73 0.44 1.10 1.31 1.31 1.17 1.24 0.88 1.53 1.46 2.99 3.50 4.45 5.91 5.91 5.69 9.05 10.44 10.07 10.22 10.22 9.86 10.51 12.19 9.78 9.13 8.47 12.54 12.48 12.32 10.75 11.59 14.49 12.68 14.09
2.41 3.65 3.50 2.99 2.99 4.74 5.33 5.62 5.77 0.00 0.00 0.00 0.00 0.00 0.00 0.00 0.00 0.00 0.00 0.44 0.95 1.10 0.00 0.66 0.37 1.68 1.46 1.39 2.19 3.14 3.21 2.56 2.12 2.41 2.19 2.70 1.97 1.97 1.90 1.90 1.97 2.04 1.53 1.83 0.88 0.88 1.10 1.02 1.17 0.88 0.66 1.02 0.37 0.37 0.37 0.15 1.10 1.10 2.77 2.92 4.23 5.69 5.69 6.57 10.29 9.34 9.34 9.86 9.49 8.98 10.44 11.46 13.07 10.66 9.42 16.11 14.28 12.61 14.92 16.01 13.39 13.01 15.38
3.21 3.07 3.94 4.16 4.89 4.82 3.94 6.42 6.13 4.53 0.00 0.00 2.41 0.00 2.26 1.10 1.61 1.10 0.00 0.00 0.00 0.00 0.00 0.80 1.10 1.39 1.68 1.68 1.68 1.75 2.48 1.97 2.56 2.77 2.77 2.70 2.56 2.56 2.41 2.41 1.83 1.83 1.75 1.53 1.97 1.10 1.39 1.10 0.66 0.80 0.07 0.00 0.00 0.00 0.00 0.07 0.29 0.29 1.24 2.56 3.94 5.48 5.48 4.67 7.52 6.86 8.47 7.15 7.88 8.61 11.53 13.07 13.29 12.19 15.13 13.72 15.93 14.60 15.23 14.04 14.60 16.49 17.42
3.21 3.07 3.94 4.16 4.89 4.82 3.94 6.42 6.13 4.53 0.00 0.00 2.41 0.00 2.26 1.10 1.61 1.10 0.00 0.00 0.00 0.00 0.00 0.80 1.10 1.39 1.68 1.68 1.68 1.75 2.48 1.97 2.56 2.77 2.77 2.70 2.56 2.56 2.41 2.41 1.83 1.83 1.75 1.53 1.97 1.10 1.39 1.10 0.66 0.80 0.07 0.00 0.00 0.00 0.00 0.07 0.29 0.29 1.24 2.56 3.94 5.48 5.48 4.67 7.52 6.86 8.47 7.15 7.88 8.61 11.53 13.07 13.29 14.97 14.18 14.92 14.30 18.06 15.46 15.53 14.89 14.87 16.84
2.41 2.19 2.41 3.21 2.12 2.56 2.63 3.21 2.19 2.63 4.82 4.82 2.92 2.63 2.04 1.17 0.15 0.44 0.00 0.00 0.00 0.00 0.37 0.07 0.44 1.39 1.17 2.26 1.83 2.85 2.56 3.36 3.29 3.07 3.72 3.65 2.92 2.92 3.14 1.97 2.34 1.39 2.63 2.63 2.77 1.31 0.00 0.37 0.73 0.00 0.00 0.00 0.00 0.00 0.00 0.00 0.00 0.00 0.29 3.29 1.75 3.58 3.58 3.43 3.94 4.60 5.18 5.69 6.79 6.72 9.56 8.98 10.97 10.84 14.51 16.16 16.66 19.67 19.04 16.76 16.55 19.00 16.87
0.80 0.73 0.80 1.39 1.17 1.83 0.58 0.66 1.97 1.53 1.53 1.53 1.83 2.12 2.19 1.68 0.95 0.51 0.66 0.00 0.15 0.15 0.00 0.44 1.83 1.61 1.90 2.41 2.41 3.07 2.77 3.07 2.56 4.02 3.94 3.43 4.16 4.16 3.14 3.29 4.38 3.50 3.80 3.36 1.53 0.15 0.44 0.00 0.00 0.00 0.00 0.00 0.00 0.00 0.00 0.00 0.00 0.00 0.00 0.00 0.07 0.95 0.95 2.70 3.21 2.77 5.04 2.56 2.04 6.13 5.04 7.78 10.47 14.01 12.88 13.36 19.32 21.48 18.50 18.73 16.57 17.56 14.88
0.44 0.00 0.44 1.75 0.15 0.22 0.80 2.04 1.46 1.24 1.24 1.24 1.53 1.10 2.63 2.12 2.12 0.51 0.00 0.00 0.00 0.00 0.66 0.66 1.53 2.26 1.97 2.63 1.97 2.12 2.56 4.67 4.23 5.77 4.96 5.33 4.67 4.67 4.38 4.60 4.60 4.31 3.07 3.07 2.26 0.07 0.15 0.00 0.00 0.00 0.00 0.00 0.00 0.00 0.00 0.00 0.00 0.00 0.00 0.00 0.22 0.00 0.00 0.80 2.70 1.53 1.68 2.12 3.50 6.20 5.40 7.45 10.51 13.65 18.18 19.20 19.20 19.55 20.26 21.31 19.47 14.49 14.82
0.00 0.00 0.00 0.22 0.73 0.00 0.00 0.58 1.10 0.80 1.31 1.31 1.17 1.39 1.39 1.75 1.10 1.17 0.00 0.00 0.15 1.10 1.24 1.61 1.75 1.68 2.19 2.12 2.34 3.29 3.43 4.31 7.45 8.25 8.40 7.37 6.72 6.72 5.04 5.91 2.56 1.68 3.29 0.80 0.22 0.22 0.22 0.00 0.00 0.00 0.00 0.00 0.00 0.00 0.00 0.00 0.00 0.00 0.00 0.00 0.00 0.37 0.37 0.80 1.61 0.44 0.00 1.39 3.21 8.32 8.83 12.12 11.02 14.82 17.81 18.69 15.54 17.79 18.43 18.39 18.98 16.15 14.72
0.00 0.00 0.22 0.07 0.44 0.29 0.95 0.51 1.02 0.80 0.37 0.37 0.29 1.10 1.61 1.68 0.66 0.00 0.37 0.22 1.61 2.48 2.26 2.34 2.12 2.12 2.92 2.99 3.14 2.85 3.87 3.36 6.86 7.52 7.01 7.15 6.79 6.79 5.48 5.84 3.36 0.80 1.02 1.24 0.00 0.37 0.00 0.00 0.00 0.00 0.00 0.00 0.00 0.00 0.00 0.00 0.00 0.00 0.00 0.00 0.00 0.00 0.00 0.00 0.00 0.00 1.61 5.40 7.59 7.01 9.86 9.34 4.23 14.45 12.63 7.66 12.09 14.29 17.10 14.06 15.14 15.01 11.20
0.00 0.00 0.22 0.07 0.44 0.29 0.95 0.51 1.02 0.80 0.37 0.37 0.29 1.10 1.61 1.68 0.66 0.00 0.37 0.22 1.61 2.48 2.26 2.34 2.12 2.12 2.92 2.99 3.14 2.85 3.87 3.36 6.86 7.52 7.01 7.15 6.79 6.79 5.48 5.84 3.36 0.80 1.02 1.24 0.00 0.37 0.00 0.00 0.00 0.00 0.00 0.00 0.00 0.00 0.00 0.00 0.00 0.00 0.00 0.00 0.00 0.00 0.00 0.00 0.00 0.00 1.61 5.40 7.59 7.01 9.86 9.34 4.23 14.45 12.63 7.66 11.61 14.36 13.28 12.37 12.68 17.47 13.70
0.00 0.00 0.00 0.58 0.37 1.24 0.95 0.58 0.58 0.22 0.00 0.00 0.66 0.58 0.29 0.29 0.44 0.44 0.66 0.22 1.83 2.99 3.07 3.14 2.99 3.36 3.43 2.63 3.43 5.11 4.82 5.18 5.18 7.81 5.91 5.62 5.62 5.62 4.60 2.63 1.39 1.68 0.88 1.83 0.80 0.00 0.00 0.00 0.00 0.00 0.00 0.00 0.00 0.00 0.00 0.00 0.00 0.00 0.00 0.00 0.00 0.00 0.00 0.00 0.00 0.00 0.00 3.43 4.89 4.09 1.61 1.39 2.34 3.50 4.23 4.82 7.74 9.32 12.45 16.53 15.05 9.05 5.86
0.00 0.00 0.00 0.00 0.51 0.22 1.10 0.58 0.00 0.00 0.00 0.00 0.00 0.37 0.07 0.66 0.58 0.51 0.88 1.39 2.12 2.77 2.63 3.07 2.99 3.80 3.72 3.07 3.80 5.18 4.89 5.11 4.23 3.14 1.90 2.04 2.41 2.41 2.85 2.63 3.65 3.21 2.63 2.77 1.97 0.00 0.00 0.00 0.00 0.00 0.00 0.00 0.00 0.00 0.00 0.00 0.00 0.00 0.00 0.00 0.00 0.00 0.00 0.00 0.00 0.00 0.00 0.00 0.00 0.15 0.88 0.44 2.04 4.16 10.66 11.90 12.65 13.43 13.41 14.07 12.13 8.19 6.45
0.00 0.00 0.00 0.00 0.37 0.00 0.51 0.44 0.00 0.00 0.00 0.00 0.73 1.31 0.80 0.95 1.10 1.46 1.02 2.26 1.53 2.63 1.90 3.36 3.94 3.72 4.31 3.21 4.09 5.18 4.96 3.58 3.87 3.21 2.41 2.19 2.34 2.34 2.41 3.72 3.94 4.23 4.09 4.02 1.17 0.00 0.00 0.00 0.00 0.00 0.00 0.00 0.00 0.00 0.00 0.00 0.00 0.00 0.00 0.00 0.00 0.00 0.00 0.00 0.00 0.00 0.00 0.00 0.00 0.00 0.88 2.92 3.65 8.03 12.08 13.35 12.23 12.81 10.90 7.30 9.48 8.09 2.63
0.00 1.24 0.44 0.58 0.00 0.00 0.00 0.00 0.00 0.22 0.73 0.73 0.66 0.66 1.61 0.66 0.73 0.58 0.95 1.02 1.24 2.19 2.19 3.58 4.09 4.09 2.41 2.85 2.34 3.80 3.43 4.16 3.21 3.29 2.63 3.14 3.14 3.14 3.36 3.80 3.87 3.72 3.21 3.65 2.34 0.00 0.00 0.00 0.00 0.00 0.00 0.00 0.00 0.00 0.00 0.00 0.00 0.00 0.00 0.00 0.00 0.00 0.00 0.00 0.00 0.00 0.00 0.00 0.00 0.80 0.22 2.12 3.58 5.11 10.76 13.04 13.62 13.58 10.98 8.17 1.87 1.38 1.67
1.31 1.10 1.68 0.00 0.00 0.00 0.00 0.00 0.00 0.00 0.00 0.00 0.00 0.00 0.00 0.29 0.44 0.44 0.51 0.22 1.61 1.61 1.24 0.66 0.73 0.66 2.12 1.24 1.10 3.43 4.31 2.85 3.14 2.77 2.85 2.99 0.00 0.00 3.21 3.07 2.99 3.29 2.56 1.31 0.00 0.00 0.00 0.00 0.00 0.00 0.00 0.00 0.00 0.00 0.00 0.00 0.00 0.00 0.00 0.00 0.00 0.00 0.00 0.00 0.00 0.00 0.00 0.00 0.00 0.29 0.00 1.61 2.85 4.87 15.12 13.18 14.52 16.06 10.33 3.29 0.50 1.60 0.99
1.31 1.10 1.68 0.00 0.00 0.00 0.00 0.00 0.00 0.00 0.00 0.00 0.00 0.00 0.00 0.29 0.44 0.44 0.51 0.22 1.61 1.61 1.24 0.66 0.73 0.66 2.12 1.24 1.10 3.43 4.31 2.85 3.14 2.77 2.85 2.99 0.00 0.00 3.21 3.07 2.99 3.29 2.56 1.31 0.00 0.00 0.00 0.00 0.00 0.00 0.00 0.00 0.00 0.00 0.00 0.00 0.00 0.00 0.00 0.00 0.00 0.00 0.00 0.00 0.00 0.00 0.00 0.00 0.00 0.29 0.00 1.61 2.86 4.81 13.67 14.68 15.49 18.74 11.99 3.18 0.52 1.55 1.05
0.22 0.29 0.58 0.00 0.00 0.00 0.00 0.00 0.00 0.07 0.00 0.00 0.00 0.00 0.29 0.44 0.00 0.51 0.37 0.51 0.00 0.00 0.00 0.00 0.00 0.00 0.00 0.00 0.00 1.39 4.09 2.63 0.00 0.00 0.00 0.00 0.00 0.00 0.00 3.07 1.39 0.88 0.15 0.22 0.22 0.00 0.00 0.44 0.44 0.22 0.00 0.00 0.00 0.00 0.00 0.00 0.00 0.00 0.00 0.00 0.00 0.00 0.00 0.00 0.00 0.00 0.00 0.00 0.00 0.00 1.25 5.09 11.36 13.42 15.82 17.07 10.11 6.92 2.29 2.75 1.70 0.20 0.91
2.63 2.04 2.26 1.24 0.00 0.00 0.00 0.00 0.00 0.00 0.00 0.00 0.00 0.00 0.07 0.00 0.00 0.29 0.51 0.07 0.22 0.00 0.00 0.15 0.00 0.00 0.00 0.00 1.39 1.90 0.00 0.00 0.00 0.00 0.00 0.00 0.00 0.00 0.00 0.80 0.88 0.44 0.00 0.00 0.00 0.51 0.51 0.73 0.73 1.17 0.00 0.00 0.00 0.00 0.00 0.00 0.00 0.00 0.00 0.00 0.00 0.00 0.00 0.00 0.00 0.00 0.00 0.00 0.00 0.00 0.58 5.91 11.10 13.32 14.97 12.59 7.30 4.79 1.14 1.17 0.73 0.97 0.75
4.09 2.56 2.85 0.66 1.10 0.51 0.15 0.29 0.66 0.22 0.00 0.00 0.00 0.00 0.00 0.00 0.07 0.07 0.73 0.00 0.00 0.00 0.00 0.00 0.00 0.00 0.00 1.31 1.02 1.75 1.97 0.00 1.90 0.00 0.00 0.00 0.00 0.00 0.00 0.51 0.00 0.00 0.00 0.00 0.00 0.66 0.80 0.95 1.24 1.02 0.22 0.00 0.00 0.00 0.00 0.00 0.00 0.00 0.00 0.00 0.00 0.00 0.00 0.00 0.00 0.00 0.00 0.00 0.00 0.00 0.00 4.82 7.15 11.70 11.44 11.64 7.66 3.41 1.24 1.00 0.82 0.21 0.53
5.77 2.92 3.36 1.46 0.73 0.73 0.22 0.00 1.31 1.46 0.00 0.00 0.00 0.00 0.00 0.29 0.00 0.00 0.00 0.00 0.00 0.00 0.00 0.00 0.00 0.00 0.00 0.73 0.58 0.66 0.58 0.00 0.00 0.00 0.00 0.00 0.00 0.00 0.00 0.00 0.00 0.00 0.00 0.00 0.00 0.00 1.53 1.31 1.31 0.73 1.31 0.00 0.00 0.00 0.00 0.00 0.00 0.00 0.00 0.00 0.00 0.00 0.00 0.00 0.00 0.00 0.00 0.00 0.00 0.00 1.31 6.06 6.72 7.59 9.00 8.68 5.05 1.49 0.70 0.99 0.45 0.00 0.08
5.77 3.14 1.10 1.75 0.00 0.00 0.00 0.00 0.00 0.00 0.00 0.00 0.00 0.00 0.00 0.00 0.00 0.00 0.00 0.00 0.00 0.00 0.00 0.00 0.00 0.00 0.00 0.00 0.00 0.00 0.00 0.00 0.00 0.00 0.00 0.00 0.00 0.00 0.00 0.00 0.00 0.00 0.00 0.00 0.00 0.58 1.75 1.53 1.46 1.75 1.61 0.00 0.44 0.00 0.00 0.00 0.00 0.00 0.00 0.00 0.00 0.00 0.00 0.00 0.00 0.00 0.00 0.00 0.00 0.00 0.07 3.07 5.04 4.82 1.54 1.85 0.95 0.00 0.00 0.00 0.00 0.00 0.00
4.89 3.07 0.58 0.44 0.37 0.07 0.00 0.95 0.88 0.00 0.00 0.00 0.00 0.00 0.00 0.00 0.00 0.00 0.00 0.00 0.00 0.00 0.00 0.00 0.00 0.00 0.00 0.00 0.00 0.00 0.00 0.00 0.00 0.00 0.00 0.00 0.00 0.00 0.00 0.00 0.00 0.00 0.00 0.07 0.51 0.51 0.58 0.73 0.88 0.95 0.88 1.39 1.90 0.00 0.00 0.00 0.00 0.00 0.00 0.00 0.00 0.00 0.00 0.00 0.00 0.00 0.00 0.00 0.00 0.00 0.00 0.88 1.90 0.07 0.52 0.67 0.81 0.23 0.47 0.00 0.00 0.00 0.00
4.89 3.07 0.58 0.44 0.37 0.07 0.00 0.95 0.88 0.00 0.00 0.00 0.00 0.00 0.00 0.00 0.00 0.00 0.00 0.00 0.00 0.00 0.00 0.00 0.00 0.00 0.00 0.00 0.00 0.00 0.00 0.00 0.00 0.00 0.00 0.00 0.00 0.00 0.00 0.00 0.00 0.00 0.00 0.07 0.51 0.51 0.58 0.73 0.88 0.95 0.88 1.39 1.90 0.00 0.00 0.00 0.00 0.00 0.00 0.00 0.00 0.00 0.00 0.00 0.00 0.00 0.00 0.00 0.00 0.00 0.00 0.88 1.90 0.07 0.51 0.66 0.81 0.24 0.42 0.00 0.00 0.00 0.00
3.43 3.80 0.15 0.00 0.00 0.00 0.00 0.00 0.00 0.00 0.00 0.00 0.00 0.00 0.00 0.00 0.00 0.00 0.00 0.00 0.00 0.00 0.00 0.00 0.00 0.00 0.00 0.00 0.58 0.00 0.07 0.00 0.00 0.00 0.00 0.00 0.00 0.00 0.00 0.00 0.00 0.00 0.00 0.00 0.58 1.31 0.80 2.04 1.90 1.46 1.97 2.12 1.83 0.00 0.00 0.00 0.00 0.00 0.00 0.00 0.00 0.00 0.00 0.00 0.00 0.00 0.00 0.00 0.00 0.00 0.00 0.00 0.00 0.00 0.00 0.22 0.00 0.00 0.24 0.18 0.00 0.00 0.30
