Wansh/Snow_depth/snowdepth-1997/winter/1997357.txt
ncols 321
nrows 161
xllcenter 60
yllcenter 15 
cellsize  0.25 
NODATA_value -1
[rows 0 to 35 of 161, columns 83 to 165 of 321]
7.74 7.96 7.81 8.10 8.25 6.50 4.96 0.00 0.00 6.42 9.05 9.34 8.91 9.34 9.42 7.15 10.37 7.96 7.96 7.96 10.00 10.00 7.23 5.40 3.94 2.63 1.97 1.97 1.97 0.00 2.34 3.07 2.56 1.46 2.12 2.34 1.61 0.58 1.02 1.02 1.83 5.55 2.48 1.90 1.90 2.48 2.12 2.41 2.48 3.07 3.36 4.67 4.31 4.89 4.60 2.92 2.77 2.99 2.63 3.58 2.19 2.04 2.26 1.53 1.53 1.31 2.85 3.58 3.58 3.58 4.31 5.77 5.77 4.60 5.11 4.60 5.77 5.26 7.01 6.94 5.91 5.48 5.91
7.74 7.37 7.96 8.10 7.45 5.84 6.35 0.00 0.00 5.84 4.96 7.74 8.47 7.81 7.15 5.62 6.35 4.16 4.96 4.96 5.33 6.42 5.48 5.62 5.69 3.14 2.41 0.00 1.97 2.19 2.26 2.12 1.61 1.75 1.39 0.00 0.44 0.29 0.37 0.22 3.14 4.02 4.60 4.53 4.53 3.87 3.94 3.21 2.85 3.21 2.85 3.14 2.99 3.21 3.14 2.56 4.02 4.02 3.94 7.08 3.21 5.04 2.70 2.56 5.33 3.72 3.58 5.91 5.33 5.33 4.60 6.94 6.86 4.67 3.94 3.72 4.96 6.13 5.91 5.84 6.06 6.35 7.23
6.57 6.28 7.96 6.50 5.33 4.53 4.53 4.38 6.79 7.08 6.64 7.88 8.61 8.47 6.06 5.04 4.60 3.94 3.58 3.58 3.65 4.09 5.55 4.89 3.94 4.16 3.65 0.00 0.00 2.85 2.12 2.04 1.46 1.53 1.24 0.80 1.31 1.24 1.10 1.02 1.61 3.65 0.07 1.61 1.61 2.85 2.04 3.14 3.87 2.99 2.41 2.70 2.70 3.21 4.38 4.23 5.84 6.35 6.20 8.25 8.25 6.50 8.98 7.37 7.15 6.86 6.94 6.57 8.32 8.32 7.30 7.45 5.55 6.20 3.65 4.53 4.67 6.35 5.84 5.77 7.08 7.88 7.59
6.57 6.28 7.96 6.50 5.33 4.53 4.53 4.38 6.79 7.08 6.64 7.88 8.61 8.47 6.06 5.04 4.60 3.94 3.58 3.58 3.65 4.09 5.55 4.89 3.94 4.16 3.65 0.00 0.00 2.85 2.12 2.04 1.46 1.53 1.24 0.80 1.31 1.24 1.10 1.02 1.61 3.65 0.07 1.61 1.61 2.85 2.04 3.14 3.87 2.99 2.41 2.70 2.70 3.21 4.38 4.23 5.84 6.35 6.20 8.25 8.25 6.50 8.98 7.37 7.15 6.86 6.94 6.57 8.32 8.32 7.30 7.45 5.55 6.20 3.65 4.53 4.67 6.35 5.84 5.77 7.08 7.88 7.59
5.69 5.84 5.69 4.45 5.40 4.96 5.48 6.50 5.69 6.57 7.08 7.59 6.64 7.30 7.15 6.64 5.48 3.80 2.70 2.70 3.29 3.94 3.80 4.74 4.74 4.82 0.00 0.00 0.00 0.00 1.53 2.19 2.34 2.34 2.34 2.77 1.97 1.97 3.43 2.04 0.95 0.95 0.00 0.66 0.66 1.46 1.83 2.85 2.34 2.85 3.65 3.07 3.14 2.99 4.02 3.21 2.92 5.33 6.79 7.23 8.69 9.71 9.42 10.07 7.52 7.45 8.91 8.61 8.32 8.32 7.45 6.50 6.94 5.18 6.28 6.20 6.50 6.57 5.84 6.42 7.23 7.88 8.69
7.15 5.18 4.53 4.96 3.80 3.94 3.65 3.87 2.12 2.41 3.36 4.02 7.01 6.13 5.99 6.64 6.79 5.91 3.94 3.94 3.14 2.77 2.92 3.94 4.02 3.72 4.60 1.46 1.97 1.39 2.12 1.68 2.77 2.48 1.90 2.34 2.19 1.39 2.34 0.88 0.88 0.51 0.37 0.07 0.07 0.88 2.19 3.07 4.74 4.74 4.31 2.48 3.07 2.99 2.63 3.87 5.11 4.67 6.79 9.05 8.54 10.66 10.88 10.29 13.58 10.00 10.07 8.32 6.28 6.28 6.72 5.91 7.45 6.06 6.94 6.72 6.79 5.48 5.48 5.69 6.20 6.13 8.25
5.77 4.45 4.38 4.23 3.87 3.72 2.77 2.26 2.26 2.04 2.04 2.77 2.04 2.56 3.14 4.45 4.45 4.38 4.82 4.82 2.48 3.58 2.99 3.65 3.50 3.87 3.43 1.53 2.12 2.12 2.34 2.48 1.90 3.07 2.48 1.31 1.90 1.68 0.80 1.24 0.00 0.88 0.73 0.80 0.80 2.56 2.56 3.72 4.38 3.72 3.58 3.50 3.50 3.14 4.53 4.38 5.84 8.25 7.08 8.98 10.95 10.73 13.29 15.55 15.26 12.92 9.42 9.71 8.47 8.47 7.66 6.20 8.25 9.05 9.05 7.96 8.25 8.69 7.96 6.13 6.20 6.06 6.13
5.77 4.45 4.38 4.23 3.87 3.72 2.77 2.26 2.26 2.04 2.04 2.77 2.04 2.56 3.14 4.45 4.45 4.38 4.82 4.82 2.48 3.58 2.99 3.65 3.50 3.87 3.43 1.53 2.12 2.12 2.34 2.48 1.90 3.07 2.48 1.31 1.90 1.68 0.80 1.24 0.00 0.88 0.73 0.80 0.80 2.56 2.56 3.72 4.38 3.72 3.58 3.50 3.50 3.14 4.53 4.38 5.84 8.25 7.08 8.98 10.95 10.73 13.29 15.55 15.26 12.92 9.42 9.71 8.47 8.47 7.66 6.20 8.25 9.05 9.05 7.96 8.25 8.69 7.96 6.13 6.20 6.06 6.13
3.43 3.58 3.87 2.85 3.80 3.65 2.77 2.63 2.26 1.39 2.04 1.24 0.73 0.80 3.07 3.07 4.02 0.00 3.65 3.65 4.16 4.02 3.80 3.87 3.58 2.12 1.75 2.77 2.19 1.68 2.48 1.68 2.77 2.34 2.63 1.83 2.12 0.22 0.73 1.17 0.29 0.00 0.88 1.97 1.97 3.14 3.87 3.80 3.58 3.65 3.36 7.08 6.13 5.40 4.38 4.23 5.99 7.23 5.84 8.40 7.59 11.75 11.53 7.74 10.29 11.02 7.74 9.05 9.42 9.42 8.25 11.61 8.25 9.27 10.00 10.15 9.49 9.27 9.34 10.29 8.54 6.42 5.11
0.00 2.19 2.26 2.04 2.70 2.48 3.21 2.56 0.00 0.00 0.00 0.66 0.00 1.75 1.90 1.90 2.99 3.50 4.38 4.38 2.99 4.09 4.23 3.72 3.36 1.90 2.34 2.04 2.19 2.19 2.34 2.04 1.90 2.41 2.56 2.41 2.99 1.46 2.41 2.77 1.83 1.83 1.83 2.04 2.04 2.48 3.07 2.99 2.99 4.02 7.59 9.49 9.20 8.10 7.23 5.77 5.84 5.69 5.04 6.35 6.50 4.02 5.33 5.77 2.99 5.91 5.91 6.79 8.10 8.10 7.52 11.90 13.07 11.68 10.29 9.05 9.27 10.59 12.26 11.90 9.64 5.77 6.20
1.61 1.97 2.04 2.41 2.34 2.12 1.90 1.97 0.00 0.00 0.00 0.00 0.00 0.44 1.53 3.43 2.34 2.92 2.85 2.85 2.63 4.60 4.09 2.77 3.14 1.53 2.56 1.24 2.19 1.17 1.68 1.39 1.83 1.97 0.95 0.51 1.90 3.07 2.85 3.07 2.77 3.58 3.07 2.99 2.99 3.14 3.50 3.80 5.69 7.23 7.52 8.47 7.15 6.13 7.15 4.38 4.96 4.96 4.74 6.06 3.65 3.80 3.87 2.63 2.70 5.40 9.13 8.10 14.53 14.53 17.37 14.16 14.45 13.36 13.65 8.98 9.49 9.05 10.73 10.44 11.61 6.20 6.42
1.61 1.97 2.04 2.41 2.34 2.12 1.90 1.97 0.00 0.00 0.00 0.00 0.00 0.44 1.53 3.43 2.34 2.92 2.85 2.85 2.63 4.60 4.09 2.77 3.14 1.53 2.56 1.24 2.19 1.17 1.68 1.39 1.83 1.97 0.95 0.51 1.90 3.07 2.85 3.07 2.77 3.58 3.07 2.99 2.99 3.14 3.50 3.80 5.69 7.23 7.52 8.47 7.15 6.13 7.15 4.38 4.96 4.96 4.74 6.06 3.65 3.80 3.87 2.63 2.70 5.40 9.13 8.10 14.53 14.53 17.37 14.16 14.45 13.36 13.65 8.98 9.49 9.05 10.73 10.44 11.61 6.20 6.42
1.68 2.19 2.34 2.34 2.41 0.00 0.00 0.00 0.00 3.94 4.02 3.87 0.00 0.00 4.45 4.82 3.94 4.96 6.42 6.42 5.69 5.99 4.23 2.56 2.63 1.97 1.53 1.31 1.97 0.00 0.00 2.34 2.34 2.26 0.88 1.90 2.19 2.92 3.72 4.67 4.45 4.16 4.53 3.72 3.72 1.75 2.85 2.48 4.02 4.45 5.26 5.26 6.35 3.80 3.72 3.80 5.18 5.99 7.15 7.15 6.13 4.31 4.45 4.96 5.69 5.04 9.71 14.53 13.72 13.72 17.67 18.76 15.04 15.33 12.12 13.21 8.03 8.98 8.18 10.44 8.83 9.20 8.25
2.48 1.39 1.68 2.70 2.56 0.00 0.00 0.00 0.00 4.31 3.65 0.00 4.60 0.00 5.62 5.84 6.50 6.42 5.91 5.91 5.62 4.23 4.09 2.92 0.00 0.00 0.00 0.00 1.17 2.26 2.85 3.65 2.92 3.14 1.53 1.68 3.50 3.94 4.02 3.94 2.34 2.85 2.70 2.77 2.77 1.90 2.26 2.99 3.14 3.36 4.23 4.02 2.77 3.21 3.21 2.70 2.26 4.53 4.31 5.99 6.28 4.96 6.64 6.28 8.32 10.59 9.71 14.02 17.81 17.81 19.20 19.27 17.89 17.81 15.11 11.46 11.68 8.40 8.25 8.32 6.86 6.79 5.84
2.12 2.41 0.00 0.00 0.00 4.02 3.94 3.58 4.89 4.23 4.89 3.43 5.69 4.67 5.84 5.62 5.62 6.13 5.40 5.40 3.14 3.50 3.14 3.21 0.00 1.53 2.56 2.34 2.92 4.38 3.65 4.31 5.26 3.80 3.29 2.19 3.87 3.29 1.90 1.31 2.12 1.46 1.68 1.61 1.61 1.83 2.41 2.34 3.65 4.74 4.16 4.67 3.58 3.50 3.43 1.90 2.34 3.72 3.80 3.50 4.16 4.09 3.94 7.45 7.37 8.47 13.21 13.07 13.43 13.43 17.08 16.50 17.08 11.83 6.72 10.73 6.94 1.39 3.65 0.00 3.72 2.77 5.69
2.19 0.00 0.00 0.00 4.82 2.77 3.14 3.29 3.50 3.65 3.94 3.72 3.21 3.43 3.29 3.50 3.36 3.07 3.07 3.07 2.48 3.58 2.77 3.07 3.72 3.21 3.21 2.92 2.63 2.92 4.67 6.20 5.77 4.74 4.09 1.61 1.83 1.68 1.68 1.61 1.75 3.14 3.36 3.07 3.07 2.99 3.50 2.70 2.77 2.77 3.50 3.43 3.29 2.99 3.07 3.29 1.83 2.48 2.48 2.48 2.77 2.77 2.48 4.74 6.28 6.13 8.10 12.78 14.89 14.89 13.72 16.06 11.24 12.99 5.33 6.06 6.79 1.46 0.00 0.00 0.00 6.35 5.69
2.19 0.00 0.00 0.00 4.82 2.77 3.14 3.29 3.50 3.65 3.94 3.72 3.21 3.43 3.29 3.50 3.36 3.07 3.07 3.07 2.48 3.58 2.77 3.07 3.72 3.21 3.21 2.92 2.63 2.92 4.67 6.20 5.77 4.74 4.09 1.61 1.83 1.68 1.68 1.61 1.75 3.14 3.36 3.07 3.07 2.99 3.50 2.70 2.77 2.77 3.50 3.43 3.29 2.99 3.07 3.29 1.83 2.48 2.48 2.48 2.77 2.77 2.48 4.74 6.28 6.13 8.10 12.78 14.89 14.89 13.72 16.06 11.24 12.99 5.33 6.06 6.79 1.46 0.00 0.00 0.00 6.35 5.69
2.34 2.99 0.00 0.00 0.00 3.36 2.85 2.04 2.41 2.04 2.70 2.85 3.50 3.14 3.94 3.65 2.70 2.85 1.90 1.90 2.19 1.97 1.90 3.07 2.85 2.85 2.85 2.63 2.56 2.12 3.87 4.82 5.33 4.60 4.74 2.70 1.61 1.53 1.83 3.07 3.29 3.43 3.36 3.36 3.36 2.34 1.83 2.41 1.17 1.17 3.43 2.63 2.70 2.41 2.41 1.39 2.34 2.34 2.19 4.60 4.16 4.45 6.13 6.94 5.69 7.59 7.30 8.91 14.09 14.09 16.94 17.37 11.61 5.84 6.28 6.06 5.18 6.42 0.00 0.00 0.00 5.99 3.21
2.56 0.00 0.00 0.00 0.00 4.96 3.50 3.29 3.21 2.19 1.02 3.65 4.96 4.02 4.38 4.45 3.43 3.43 1.97 1.97 1.53 2.26 1.46 2.04 2.12 3.14 3.14 3.43 3.65 3.50 3.80 3.94 6.35 5.77 3.80 2.41 3.80 1.75 1.61 0.95 1.90 1.17 1.83 1.97 1.97 1.46 1.46 0.95 1.24 1.31 1.83 1.53 1.31 1.31 2.19 1.10 1.10 1.10 2.56 5.33 11.02 9.71 10.51 9.78 11.10 6.20 8.25 7.88 12.99 12.99 18.32 12.41 14.38 5.62 5.84 5.33 4.45 0.00 0.15 0.00 1.53 2.99 2.70
3.80 0.00 0.00 0.00 3.94 0.00 4.67 4.23 1.97 2.77 1.31 3.50 4.02 3.94 3.21 3.58 3.65 3.72 2.77 2.77 2.99 2.56 1.83 2.92 1.31 3.07 3.72 4.38 2.77 3.21 3.58 3.58 2.85 3.36 3.80 2.12 4.74 2.41 0.95 0.73 0.00 0.58 2.41 3.80 3.80 2.99 3.29 0.66 0.95 2.63 2.48 1.97 0.00 0.00 0.37 0.00 2.34 3.21 5.40 4.89 11.24 14.38 13.51 12.05 8.76 9.93 7.81 14.31 12.70 12.70 13.72 10.22 3.80 4.60 2.19 1.46 3.58 0.00 0.00 0.00 0.44 0.29 0.00
4.16 4.02 0.00 5.48 5.11 5.33 5.26 4.60 3.14 3.21 1.24 2.70 2.77 2.70 3.36 2.63 3.21 4.45 3.80 3.80 4.16 2.99 5.18 2.92 1.83 4.53 4.74 4.45 4.60 2.19 2.70 1.53 1.61 1.83 3.72 2.70 1.31 0.07 0.00 0.00 0.00 0.07 2.26 3.72 3.72 4.16 4.09 5.26 4.74 4.60 3.14 2.70 2.77 2.19 2.56 3.65 2.77 6.50 5.55 6.13 5.77 10.59 7.96 8.40 9.05 9.27 8.47 11.46 8.98 8.98 3.14 3.94 0.66 0.73 0.51 0.66 0.22 0.44 0.00 0.07 0.00 0.00 0.00
4.23 4.74 4.67 0.00 4.23 3.94 4.16 4.02 3.50 3.65 3.29 4.38 4.09 4.02 4.02 5.69 6.06 4.96 6.42 6.42 7.45 7.45 6.06 7.66 6.50 5.48 5.55 5.62 4.89 5.26 4.23 1.46 2.99 2.56 2.77 1.68 0.58 0.00 0.00 0.00 1.02 1.53 1.75 2.85 2.85 1.46 2.85 2.77 3.36 0.00 1.39 2.77 2.85 0.00 3.29 4.60 6.79 6.50 5.18 4.09 3.65 3.43 6.06 5.84 5.77 7.15 5.69 6.13 7.15 7.15 2.41 1.02 1.31 0.95 0.00 0.00 0.22 0.00 0.00 0.00 0.00 0.00 0.00
4.23 4.74 4.67 0.00 4.23 3.94 4.16 4.02 3.50 3.65 3.29 4.38 4.09 4.02 4.02 5.69 6.06 4.96 6.42 6.42 7.45 7.45 6.06 7.66 6.50 5.48 5.55 5.62 4.89 5.26 4.23 1.46 2.99 2.56 2.77 1.68 0.58 0.00 0.00 0.00 1.02 1.53 1.75 2.85 2.85 1.46 2.85 2.77 3.36 0.00 1.39 2.77 2.85 0.00 3.29 4.60 6.79 6.50 5.18 4.09 3.65 3.43 6.06 5.84 5.77 7.15 5.69 6.13 7.15 7.15 2.41 1.02 1.31 0.95 0.00 0.00 0.22 0.00 0.00 0.00 0.00 0.00 0.00
2.92 3.07 3.29 3.50 0.00 3.36 2.34 3.29 3.80 3.80 3.21 3.94 5.26 6.35 6.28 5.77 5.91 5.99 6.20 6.20 7.52 8.69 8.83 7.30 6.79 6.57 5.99 6.28 5.77 5.91 3.29 3.50 3.14 2.48 2.63 2.34 0.58 0.00 0.00 0.00 0.00 0.88 0.58 1.02 1.02 0.95 0.00 0.00 0.00 0.00 0.00 0.00 0.00 0.00 4.53 3.07 6.06 4.31 4.53 3.21 3.29 0.00 4.82 4.96 5.26 5.04 5.55 3.72 3.58 3.58 3.50 2.41 1.75 1.97 0.51 0.00 0.00 0.00 0.00 0.00 0.00 0.00 0.00
0.00 2.56 0.00 3.58 2.77 3.14 2.48 4.89 6.35 4.23 3.58 5.99 4.67 4.38 6.35 4.31 6.06 5.62 5.77 5.77 6.86 3.87 7.37 8.61 6.78 6.60 6.94 5.60 4.96 4.74 3.50 3.65 2.48 1.75 2.26 0.00 0.00 0.22 0.00 0.00 0.00 0.95 0.00 0.00 0.00 0.00 0.00 0.00 0.00 0.00 0.00 0.00 0.00 0.00 0.00 0.00 4.67 0.00 0.00 0.00 0.00 0.00 0.00 0.00 5.48 3.94 3.72 3.80 4.09 4.09 4.16 4.02 3.07 1.31 1.75 0.44 0.00 0.22 0.00 0.00 0.00 0.00 0.00
2.48 4.45 4.60 3.87 4.89 6.50 4.31 5.26 6.28 5.99 7.08 5.69 4.31 0.00 0.00 0.00 4.09 4.23 2.85 2.85 2.41 3.87 5.55 5.99 6.26 6.74 5.59 6.01 5.42 5.91 3.14 3.14 2.04 1.97 2.12 1.24 0.22 0.00 0.44 0.58 0.80 0.07 0.29 0.07 0.07 0.00 0.00 0.00 0.00 0.00 0.00 0.00 0.00 0.00 0.00 0.00 0.00 0.00 0.00 0.00 0.00 0.00 0.00 1.90 4.23 2.99 2.26 3.65 3.50 3.50 3.80 3.29 3.29 2.56 1.39 0.95 0.95 1.68 1.10 1.17 0.29 0.00 0.00
5.04 5.62 4.96 4.31 7.37 7.23 6.64 5.77 6.50 4.16 3.87 0.00 0.00 0.00 0.00 0.00 1.90 0.00 2.99 2.99 2.92 3.07 4.52 5.87 4.67 5.37 5.75 6.18 5.97 4.59 5.07 4.16 2.26 3.65 3.58 2.19 3.80 2.34 1.61 1.75 1.31 0.22 0.22 0.15 0.15 0.00 0.00 0.00 0.00 0.00 0.00 0.00 0.00 0.00 0.00 0.00 0.00 0.00 0.00 0.00 0.00 0.00 0.00 0.00 2.04 2.04 2.34 4.89 7.15 7.15 4.53 3.50 4.89 4.82 4.45 3.07 3.21 3.14 2.12 1.10 1.31 1.17 0.88
6.20 6.42 6.13 7.37 7.01 8.03 6.50 6.57 6.06 0.00 0.00 0.00 0.00 0.00 0.00 0.00 0.00 0.00 2.26 2.26 0.00 2.80 0.00 0.00 0.00 2.96 5.18 4.06 6.03 6.94 6.27 5.21 4.16 3.43 3.29 6.28 5.18 4.02 1.90 1.75 1.02 0.00 0.00 0.00 0.00 0.00 0.00 0.00 0.00 0.00 0.00 0.00 0.00 0.00 0.00 0.00 0.00 0.00 0.00 0.00 0.00 0.00 0.00 0.00 4.89 4.02 3.87 5.04 8.18 8.18 7.88 6.35 5.91 4.31 3.36 3.72 3.72 2.26 2.34 1.75 1.17 1.10 1.17
6.20 6.42 6.13 7.37 7.01 8.03 6.50 6.57 6.06 0.00 0.00 0.00 0.00 0.00 0.00 0.00 0.00 0.00 2.26 2.27 0.00 2.85 0.00 0.00 0.00 2.92 5.18 3.94 5.60 6.49 6.36 5.26 4.33 3.86 3.48 6.44 5.18 4.02 1.90 1.75 1.02 0.00 0.00 0.00 0.00 0.00 0.00 0.00 0.00 0.00 0.00 0.00 0.00 0.00 0.00 0.00 0.00 0.00 0.00 0.00 0.00 0.00 0.00 0.00 4.89 4.02 3.87 5.04 8.18 8.18 7.88 6.35 5.91 4.31 3.36 3.72 3.72 2.26 2.34 1.75 1.17 1.10 1.17
5.62 5.48 5.77 7.74 6.79 7.30 7.23 8.10 6.72 6.50 0.00 0.00 0.00 0.00 0.00 0.00 0.00 6.57 0.00 0.00 0.00 0.00 0.00 0.00 0.00 0.00 1.33 2.58 3.89 4.96 5.14 4.28 5.60 7.13 8.28 5.95 6.28 5.09 3.65 4.09 1.75 0.00 1.17 0.00 0.00 0.00 0.00 0.00 0.00 0.00 0.00 0.00 0.00 0.00 0.00 0.00 0.00 0.00 0.00 0.00 0.00 0.00 0.00 5.11 4.45 6.28 6.86 7.96 7.66 7.66 8.47 7.30 6.06 4.45 4.16 4.31 4.45 3.94 3.50 3.80 2.12 1.53 0.22
3.80 0.00 5.55 4.09 5.11 6.57 6.79 7.81 7.66 8.47 8.69 7.45 7.52 0.00 0.00 0.00 8.47 7.23 5.69 5.69 0.00 0.00 0.00 1.97 1.53 0.00 0.00 0.00 1.82 2.23 4.13 5.11 4.38 6.13 6.53 7.59 7.58 6.15 4.55 4.60 2.92 3.36 2.34 0.58 0.58 0.00 0.00 0.00 0.00 0.00 0.00 0.00 0.00 0.00 0.00 0.00 0.00 0.00 0.00 0.00 0.00 0.00 0.00 4.09 5.77 5.26 6.64 8.40 8.83 8.83 8.69 9.56 7.45 5.26 4.96 4.67 4.23 4.38 4.23 4.60 3.43 3.87 2.99
2.48 3.65 3.21 3.80 3.80 5.18 4.45 7.66 4.89 6.13 6.79 7.15 7.23 7.01 7.23 7.23 7.88 7.88 4.82 4.82 5.48 2.34 2.19 1.97 0.00 0.00 0.00 0.00 0.00 0.00 0.00 5.40 6.35 4.82 7.74 7.61 7.07 7.86 5.18 6.57 4.89 4.16 4.16 0.80 0.80 1.39 0.22 0.80 0.22 0.73 0.00 0.00 0.00 0.00 0.00 0.00 0.00 0.00 0.00 0.00 0.00 0.00 0.00 0.00 4.60 5.62 5.77 5.04 7.81 7.81 10.88 10.59 8.61 4.16 2.63 3.87 4.82 5.91 5.77 5.77 5.26 4.09 4.23
4.60 1.68 2.12 1.90 3.58 3.50 4.02 4.74 5.77 6.20 7.52 7.23 8.76 8.10 6.20 6.50 4.53 3.87 3.58 3.58 3.29 2.70 2.41 3.07 0.00 0.00 0.00 0.00 0.00 0.00 0.00 0.00 4.82 5.18 6.35 8.40 8.40 10.75 10.36 7.75 6.49 6.50 4.16 3.29 3.29 3.29 3.14 1.39 1.10 0.29 0.00 0.00 0.00 0.00 0.00 0.00 0.00 0.00 0.00 0.00 0.00 0.00 0.00 0.00 0.00 0.00 3.87 3.72 4.60 4.60 10.59 7.45 8.61 3.87 1.61 1.61 1.10 5.26 7.37 8.18 7.59 5.62 4.74
3.14 3.07 2.19 4.74 2.77 4.23 3.94 3.36 4.02 6.19 6.86 9.20 10.07 8.10 6.28 2.99 2.92 0.58 1.31 1.31 1.39 1.68 3.58 4.67 3.80 4.38 0.00 0.00 0.00 0.00 0.00 0.00 4.89 6.13 8.54 10.07 11.61 10.22 11.24 9.49 11.16 8.88 6.42 6.35 6.35 3.80 1.83 2.04 2.85 0.66 1.46 0.00 0.00 0.00 0.00 0.00 0.00 0.00 0.00 0.00 0.00 0.00 0.00 0.00 0.00 0.00 0.00 2.77 0.00 0.00 0.00 0.00 0.00 2.77 0.07 0.88 3.21 5.40 3.94 5.48 5.99 7.52 7.23
5.18 2.92 6.57 4.16 3.80 3.29 6.20 3.29 5.18 6.66 7.01 7.15 7.01 6.94 3.21 2.34 1.17 1.24 1.53 1.53 0.00 0.00 0.00 3.21 3.94 3.87 4.53 3.43 3.65 0.00 0.00 0.00 4.55 6.02 5.40 7.23 8.47 11.83 11.72 11.90 10.44 10.91 7.74 7.52 7.52 5.77 7.88 4.96 5.55 2.26 4.02 1.17 0.00 0.00 0.00 0.00 0.00 0.00 0.00 0.00 0.00 0.00 0.00 0.00 0.00 0.00 0.00 0.00 0.00 0.00 0.00 0.00 0.00 0.00 0.00 0.00 0.44 1.75 0.00 0.00 3.65 6.72 6.50
5.18 2.92 6.57 4.16 3.80 3.29 6.20 3.29 5.18 6.50 7.01 7.15 7.01 6.94 3.21 2.34 1.17 1.24 1.54 1.53 0.00 0.00 0.00 3.21 3.94 3.87 4.53 3.43 3.65 0.00 0.00 0.00 4.53 5.84 5.40 7.26 8.51 11.83 11.67 12.02 10.44 10.80 7.74 7.52 7.52 5.77 7.88 4.96 5.55 2.26 4.02 1.17 0.00 0.00 0.00 0.00 0.00 0.00 0.00 0.00 0.00 0.00 0.00 0.00 0.00 0.00 0.00 0.00 0.00 0.00 0.00 0.00 0.00 0.00 0.00 0.00 0.44 1.75 0.00 0.00 3.65 6.72 6.50
