Wansh/Snow_depth/snowdepth-1997/winter/1997344.txt
ncols 321
nrows 161
xllcenter 60
yllcenter 15 
cellsize  0.25 
NODATA_value -1
[rows 0 to 36 of 161, columns 166 to 248 of 321]
2.63 2.63 2.63 2.26 1.83 1.90 1.90 1.75 2.99 3.80 3.36 3.36 3.50 3.21 2.12 2.41 2.85 2.56 3.72 3.43 4.45 4.02 4.31 3.07 3.87 3.50 5.91 4.31 6.79 0.00 0.00 0.00 0.00 0.00 6.57 10.44 9.71 9.71 8.32 7.74 9.71 9.20 9.86 5.11 5.69 6.79 9.34 8.69 11.75 11.97 12.34 9.20 9.64 8.98 10.37 10.22 10.51 11.10 10.80 12.19 11.61 11.39 11.39 10.88 10.88 14.31 13.72 15.33 14.89 15.18 12.63 9.86 11.39 11.17 9.71 10.00 9.78 11.02 11.17 10.73 11.61 10.80 10.59
2.12 4.45 3.21 3.72 2.41 1.90 1.53 1.53 1.31 2.63 2.63 2.63 2.63 2.92 1.90 2.04 2.04 2.04 3.72 4.45 4.38 3.43 2.34 2.34 3.80 4.96 5.48 4.09 0.00 0.00 0.00 0.00 0.00 5.55 0.66 8.03 4.09 4.09 7.52 7.15 8.76 8.76 4.96 5.48 5.48 8.18 7.23 10.29 11.90 11.17 10.07 10.15 11.17 11.75 11.90 9.93 9.27 10.51 11.83 11.53 11.39 10.59 10.59 10.73 12.34 11.90 14.45 15.18 15.33 12.48 10.37 10.66 9.71 9.64 9.64 9.49 9.56 9.56 9.71 10.59 11.39 11.53 11.02
5.40 4.67 4.31 4.23 2.70 3.43 0.95 0.95 0.66 1.24 1.97 1.97 2.56 2.56 2.48 2.85 2.41 2.41 3.43 3.72 3.80 3.87 2.04 3.87 3.36 5.04 0.00 5.11 0.00 0.00 0.00 0.00 0.00 0.00 3.80 4.89 3.36 3.36 6.13 5.04 8.54 7.23 7.74 5.91 5.99 7.23 8.61 8.54 7.23 8.40 7.96 10.80 10.29 12.05 10.88 11.24 10.29 10.37 10.29 10.88 11.02 11.02 11.02 12.48 11.61 14.75 14.09 15.40 13.94 11.97 12.26 10.66 9.42 9.93 8.76 8.61 8.40 9.49 7.23 8.03 8.83 9.27 7.59
5.40 4.67 4.31 4.23 2.70 3.43 0.95 0.95 0.66 1.24 1.97 1.97 2.56 2.56 2.48 2.85 2.41 2.41 3.43 3.72 3.80 3.87 2.04 3.87 3.36 5.04 0.00 5.11 0.00 0.00 0.00 0.00 0.00 0.00 3.80 4.89 3.36 3.36 6.13 5.04 8.54 7.23 7.74 5.91 5.99 7.23 8.61 8.54 7.23 8.40 7.96 10.80 10.29 12.05 10.88 11.24 10.29 10.37 10.29 10.88 11.02 11.02 11.02 12.48 11.61 14.75 14.09 15.40 13.94 11.97 12.26 10.66 9.42 9.93 8.76 8.61 8.40 9.49 7.23 8.03 8.83 9.27 7.59
3.87 6.57 5.62 4.89 2.85 3.43 0.51 1.24 1.02 2.41 2.19 2.19 2.19 3.07 2.77 2.85 2.34 2.92 2.92 3.29 2.41 2.41 2.41 3.43 3.87 4.89 0.00 0.00 0.00 0.00 0.00 0.00 0.00 3.21 1.68 3.07 6.13 6.13 6.13 7.15 7.37 3.80 4.96 5.11 4.96 4.16 4.31 6.86 6.79 8.32 10.66 9.93 12.56 12.92 12.99 11.53 10.80 10.66 10.95 10.88 11.32 12.41 12.41 11.97 13.72 13.94 13.87 13.87 12.41 12.78 10.80 9.34 9.78 8.69 7.74 6.64 6.94 6.28 4.82 6.42 5.04 5.04 5.04
6.64 6.35 6.35 6.06 4.53 1.39 0.44 0.37 0.37 2.48 2.34 2.34 2.48 3.36 3.21 2.63 2.99 2.41 1.39 2.34 2.34 2.56 3.14 4.09 0.00 0.00 0.00 0.00 0.00 0.00 0.00 0.00 0.00 3.07 3.07 2.56 6.13 6.13 4.45 6.35 3.29 3.72 2.77 3.87 4.09 3.29 4.45 4.23 5.69 9.13 10.00 12.63 12.26 14.09 12.78 13.51 9.78 8.83 8.91 8.83 9.78 9.42 9.42 12.99 14.60 14.45 14.38 11.68 12.19 10.22 9.86 10.22 8.47 6.86 7.15 6.94 5.99 5.11 5.26 4.82 6.42 7.59 5.55
5.62 5.99 5.62 5.55 4.82 2.63 2.34 1.02 1.31 2.34 3.87 3.87 3.80 2.41 2.56 2.56 1.90 1.53 1.53 1.46 2.70 2.77 0.51 0.00 0.00 0.00 0.00 0.00 0.00 0.00 0.00 1.31 3.80 3.21 5.33 6.50 6.35 6.35 4.53 2.99 3.29 2.12 2.41 1.83 2.41 2.34 4.45 5.40 5.18 8.40 12.56 11.17 12.99 11.75 12.19 8.98 10.37 8.47 8.18 8.03 9.05 11.61 11.61 10.80 14.38 14.38 14.60 13.29 11.32 10.66 10.88 10.15 8.32 8.40 6.57 5.62 6.06 5.91 5.77 6.64 7.74 9.96 9.73
5.62 5.99 5.62 5.55 4.82 2.63 2.34 1.02 1.31 2.34 3.87 3.87 3.80 2.41 2.56 2.56 1.90 1.53 1.53 1.46 2.70 2.77 0.51 0.00 0.00 0.00 0.00 0.00 0.00 0.00 0.00 1.31 3.80 3.21 5.33 6.50 6.35 6.35 4.53 2.99 3.29 2.12 2.41 1.83 2.41 2.34 4.45 5.40 5.18 8.40 12.56 11.17 12.99 11.75 12.19 8.98 10.37 8.47 8.18 8.03 9.05 11.61 11.61 10.80 14.38 14.38 14.60 13.29 11.32 10.66 10.88 10.15 8.32 8.40 6.57 5.62 6.06 6.84 7.95 9.56 10.60 16.93 16.07
4.09 5.91 4.45 4.23 3.36 3.36 2.85 3.14 2.92 3.07 3.21 3.21 3.87 2.26 2.56 2.63 3.14 1.97 1.10 2.26 0.00 0.00 0.00 0.00 0.00 0.00 0.00 0.00 0.00 0.00 3.21 1.97 4.16 5.11 4.82 5.84 4.89 4.89 4.89 3.65 1.31 1.17 1.39 1.39 1.61 2.56 2.34 3.80 5.62 6.72 10.22 10.73 10.80 10.00 7.88 8.47 5.91 5.62 5.55 6.64 8.69 8.25 8.25 11.32 13.51 13.14 13.65 11.83 12.12 10.95 10.22 10.29 9.42 9.56 8.32 8.50 8.95 9.03 10.05 9.95 7.82 12.25 12.38
3.72 3.21 3.50 4.89 3.87 4.09 3.36 3.21 2.77 3.07 2.70 2.70 2.04 2.12 1.75 2.41 2.26 2.19 0.00 0.00 0.00 0.00 0.00 0.00 0.00 0.00 0.00 0.00 3.43 1.97 3.21 4.53 4.31 4.60 4.82 4.89 4.09 4.09 2.26 3.14 0.00 0.29 0.00 1.83 1.68 2.85 3.36 5.26 4.89 6.64 5.99 5.99 4.53 3.50 6.50 3.80 4.38 4.38 5.69 5.55 7.15 10.59 10.59 9.86 12.26 12.05 11.02 12.70 10.29 8.83 9.27 8.76 9.64 8.98 8.26 11.94 9.66 9.84 10.69 11.77 12.31 12.95 11.74
2.92 4.67 4.67 4.96 4.82 4.45 3.36 4.16 2.77 3.07 1.75 1.75 0.80 1.10 0.95 2.19 0.00 0.00 0.00 0.00 0.00 0.00 0.00 0.00 0.00 0.00 2.99 1.90 4.45 3.14 2.99 2.99 3.87 4.09 2.19 3.29 3.36 3.36 2.19 1.97 1.90 0.95 2.12 2.12 1.17 1.10 1.24 1.39 2.34 4.23 4.60 3.94 4.31 2.56 2.48 1.90 2.92 1.90 1.90 2.41 5.69 4.89 4.89 10.07 10.95 10.88 10.88 9.05 8.10 8.98 8.69 9.42 8.83 8.83 9.13 8.67 6.92 9.80 11.04 11.56 10.34 11.43 12.18
2.92 4.67 4.67 4.96 4.82 4.45 3.36 4.16 2.77 3.07 1.75 1.75 0.80 1.10 0.95 2.19 0.00 0.00 0.00 0.00 0.00 0.00 0.00 0.00 0.00 0.00 2.99 1.90 4.45 3.14 2.99 2.99 3.87 4.09 2.19 3.29 3.36 3.36 2.19 1.97 1.90 0.95 2.12 2.12 1.17 1.10 1.24 1.39 2.34 4.23 4.60 3.94 4.31 2.56 2.48 1.90 2.92 1.90 1.90 2.41 5.69 4.89 4.89 10.07 10.95 10.88 10.88 9.05 8.10 8.98 8.69 9.42 8.83 8.83 8.91 8.54 6.72 9.10 9.84 10.71 11.03 11.86 12.18
7.74 7.66 6.42 4.89 5.11 3.94 2.77 3.58 3.36 0.00 0.00 0.00 0.00 0.00 0.00 0.00 0.00 0.00 0.00 0.00 0.00 0.00 0.00 1.61 2.12 1.83 2.41 1.75 1.75 2.26 2.48 2.12 1.39 1.10 1.17 0.95 1.53 1.53 1.68 1.97 2.63 2.56 1.83 1.46 2.41 0.95 0.80 0.66 1.75 1.75 1.83 1.46 1.53 1.90 1.39 0.95 1.90 1.17 1.68 1.46 3.21 5.26 5.26 8.54 10.66 9.78 9.13 8.18 8.25 9.34 9.78 9.49 9.93 9.49 8.76 8.61 8.09 9.48 10.00 10.47 11.30 12.42 11.25
6.72 6.86 3.65 3.14 3.43 2.77 2.85 4.23 3.36 0.00 0.00 0.00 0.00 0.00 0.00 0.00 0.00 0.00 0.00 0.00 0.00 1.39 0.95 1.02 1.46 1.10 1.17 1.53 2.41 2.19 1.46 0.73 1.31 0.73 1.02 0.88 1.53 1.53 2.34 2.12 2.56 1.75 1.83 1.39 0.22 0.95 0.22 1.02 0.73 1.24 0.73 0.73 1.24 0.66 0.58 0.73 0.95 2.19 1.97 3.29 4.67 4.38 4.38 6.35 9.78 9.34 9.71 8.76 8.91 9.56 9.27 10.80 10.59 11.10 10.07 11.22 12.17 11.75 9.37 10.84 12.69 10.59 14.09
1.97 3.43 2.99 2.70 4.67 5.91 5.48 5.77 6.57 0.00 0.00 0.00 0.00 0.00 0.00 0.00 0.00 0.00 0.00 1.68 0.00 0.07 0.80 1.31 1.17 0.66 1.90 1.53 2.04 2.85 2.85 2.19 1.39 1.39 1.61 1.24 2.19 2.19 2.04 1.97 1.31 1.53 1.39 0.51 0.66 0.58 0.88 0.73 0.29 0.07 1.24 0.00 0.07 0.29 0.00 0.15 0.07 1.97 3.58 3.43 4.38 5.18 5.18 7.52 9.05 9.05 9.49 9.05 8.91 9.27 9.78 12.70 12.56 13.07 12.32 14.70 11.55 12.72 12.88 14.28 12.00 11.14 15.38
3.80 3.72 3.58 4.74 4.02 5.77 6.50 5.26 4.31 5.04 3.94 3.94 4.02 6.79 5.33 0.00 1.61 1.83 1.90 0.95 0.00 0.00 0.00 0.73 0.95 1.02 1.90 2.12 1.83 2.26 2.34 2.85 1.61 2.77 2.41 2.63 2.34 2.34 1.97 1.83 1.53 0.58 0.88 1.24 0.00 0.07 0.29 0.22 0.22 0.22 0.00 0.00 0.00 0.00 0.00 0.00 0.00 0.00 0.07 2.56 4.67 4.67 4.67 4.74 8.03 6.35 6.79 6.57 7.45 8.83 8.25 10.95 12.34 13.85 13.62 14.60 13.16 12.10 13.97 11.72 14.60 13.21 17.42
3.80 3.72 3.58 4.74 4.02 5.77 6.50 5.26 4.31 5.04 3.94 3.94 4.02 6.79 5.33 0.00 1.61 1.83 1.90 0.95 0.00 0.00 0.00 0.73 0.95 1.02 1.90 2.12 1.83 2.26 2.34 2.85 1.61 2.77 2.41 2.63 2.34 2.34 1.97 1.83 1.53 0.58 0.88 1.24 0.00 0.07 0.29 0.22 0.22 0.22 0.00 0.00 0.00 0.00 0.00 0.00 0.00 0.00 0.07 2.56 4.67 4.67 4.67 4.74 8.03 6.35 6.79 6.57 7.45 8.83 8.25 10.95 12.34 17.00 12.76 15.87 11.82 14.97 14.17 12.95 14.89 11.91 16.84
2.12 1.83 3.21 2.77 1.61 2.99 2.48 3.65 4.16 2.26 3.21 3.21 2.92 2.99 1.68 1.17 1.68 1.02 0.73 0.80 0.00 0.00 0.66 0.00 1.39 1.31 1.10 2.19 1.83 1.90 3.14 3.14 3.50 3.50 2.63 2.99 2.77 2.77 2.92 2.41 1.46 1.46 2.12 2.12 1.83 0.73 1.02 0.00 0.00 0.00 0.00 0.00 0.00 0.00 0.00 0.00 0.00 0.00 1.31 1.31 2.77 2.04 2.04 3.36 3.87 4.23 5.62 6.72 4.60 5.04 5.62 11.53 13.99 13.92 14.78 16.34 16.04 17.86 18.22 14.99 13.95 19.00 16.87
1.10 1.53 1.17 0.73 1.02 1.31 1.46 1.02 0.95 1.61 2.19 2.19 2.19 2.12 2.12 2.26 1.90 2.04 1.10 0.00 0.00 0.00 0.88 0.58 1.53 1.68 2.26 2.12 2.19 1.61 2.99 2.70 3.58 4.09 4.23 3.36 3.29 3.29 3.29 3.50 4.09 4.23 2.56 2.12 2.26 1.39 0.00 0.00 0.00 0.00 0.00 0.00 0.00 0.00 0.00 0.00 0.00 0.00 0.00 0.00 1.10 1.02 1.02 1.61 3.36 2.77 2.04 2.26 2.70 3.87 5.55 8.44 7.82 15.04 16.62 15.76 16.61 17.95 16.14 15.27 16.57 17.56 14.88
0.58 0.37 0.88 0.58 0.66 0.44 0.44 1.10 1.02 1.46 1.68 1.68 2.70 2.41 1.97 2.12 1.75 0.44 0.73 0.00 0.22 0.29 0.37 1.24 2.26 1.97 2.12 2.41 1.97 1.90 3.21 5.18 3.43 5.40 5.18 5.84 5.18 5.18 4.82 4.82 4.23 3.14 1.61 1.97 0.22 0.00 0.22 0.00 0.00 0.00 0.00 0.00 0.00 0.00 0.00 0.00 0.00 0.00 0.00 0.00 0.37 0.07 0.07 1.10 1.97 1.68 1.97 0.66 2.63 5.99 5.11 8.10 11.10 14.09 15.26 17.81 16.79 14.36 20.26 21.31 19.47 14.49 14.82
0.00 0.00 0.00 0.00 0.37 0.15 0.00 1.46 1.10 1.10 1.02 1.02 1.46 2.34 3.14 2.99 2.70 0.73 0.00 0.00 0.00 1.53 1.75 1.61 2.26 1.97 1.90 2.34 3.65 3.58 3.36 5.69 7.15 6.06 6.42 5.40 5.69 5.69 6.20 4.31 4.16 3.14 1.46 0.15 0.44 0.00 0.00 0.00 0.00 0.00 0.00 0.00 0.00 0.00 0.00 0.00 0.00 0.00 0.00 0.00 0.00 0.88 0.88 0.51 1.68 1.10 0.73 2.12 1.75 3.43 8.91 10.80 11.61 14.89 16.72 15.33 17.10 17.79 18.43 18.39 18.98 16.15 14.72
0.00 0.00 0.00 0.07 0.07 0.73 1.53 1.24 0.73 0.58 0.95 0.95 0.88 1.61 1.10 1.61 1.75 1.17 0.00 1.10 1.90 1.46 2.48 2.26 2.19 2.70 2.85 2.48 3.65 3.50 5.48 5.04 6.79 5.99 6.42 6.20 6.50 6.50 6.50 5.11 2.04 1.68 1.24 0.00 0.00 0.00 0.00 0.00 0.00 0.00 0.00 0.00 0.00 0.00 0.00 0.00 0.00 0.00 0.00 0.58 0.00 0.00 0.00 0.00 0.37 0.07 2.41 1.61 4.53 8.40 8.18 9.86 6.20 6.28 8.32 13.72 12.09 14.29 17.10 14.06 15.14 15.01 11.20
0.00 0.00 0.00 0.07 0.07 0.73 1.53 1.24 0.73 0.58 0.95 0.95 0.88 1.61 1.10 1.61 1.75 1.17 0.00 1.10 1.90 1.46 2.48 2.26 2.19 2.70 2.85 2.48 3.65 3.50 5.48 5.04 6.79 5.99 6.42 6.20 6.50 6.50 6.50 5.11 2.04 1.68 1.24 0.00 0.00 0.00 0.00 0.00 0.00 0.00 0.00 0.00 0.00 0.00 0.00 0.00 0.00 0.00 0.00 0.58 0.00 0.00 0.00 0.00 0.37 0.07 2.41 1.61 4.53 8.40 8.18 9.86 6.20 6.28 8.32 13.72 11.61 14.36 13.28 12.37 12.68 17.47 13.70
0.00 0.00 0.00 0.00 0.95 2.04 0.44 1.10 1.46 0.58 0.51 0.51 0.15 0.58 0.66 0.95 0.73 0.80 0.00 1.53 2.63 3.36 3.29 3.72 3.80 3.50 3.94 2.92 3.65 3.80 4.74 6.79 6.94 4.82 3.21 3.29 4.67 4.67 2.77 1.90 2.04 2.12 2.04 2.19 1.24 0.00 0.37 0.00 0.00 0.00 0.00 0.00 0.00 0.00 0.00 0.00 0.00 0.00 0.00 0.22 0.00 0.00 0.00 0.00 0.00 0.00 1.31 3.87 2.99 5.91 5.48 3.29 3.94 4.60 3.94 4.82 11.10 9.32 12.45 16.53 15.05 9.05 5.86
0.00 0.00 0.37 0.51 0.73 1.02 1.02 1.10 0.07 0.15 0.15 0.15 0.37 0.80 1.10 0.95 1.02 0.88 1.39 1.31 1.46 3.29 3.29 2.99 3.94 4.31 4.23 4.16 4.45 5.11 4.96 4.45 3.07 3.36 2.19 2.12 2.70 2.70 2.63 3.43 2.48 2.63 2.34 1.75 1.97 0.95 0.00 0.00 0.00 0.00 0.00 0.00 0.00 0.00 0.00 0.00 0.00 0.00 0.00 0.00 0.00 0.00 0.00 0.00 0.00 0.00 0.00 2.41 2.19 2.70 2.12 2.56 2.41 4.53 6.28 8.10 12.65 13.43 13.41 14.07 12.13 8.19 6.45
0.00 0.15 0.00 0.58 0.95 0.66 1.10 0.66 0.00 0.44 0.00 0.00 0.73 1.17 0.80 1.24 1.46 1.17 1.02 1.39 1.24 1.68 2.70 3.58 3.29 4.96 4.02 4.23 3.87 5.69 4.89 5.11 4.02 3.21 2.12 2.26 3.14 3.14 3.72 3.87 4.82 5.33 4.23 2.77 0.51 0.00 0.00 0.00 0.00 0.00 0.00 0.00 0.00 0.00 0.00 0.00 0.00 0.00 0.00 0.00 0.00 0.00 0.00 0.00 0.00 0.00 0.00 0.00 0.00 1.10 0.66 2.70 4.45 10.22 12.08 13.35 12.23 12.81 10.90 7.30 9.48 8.09 2.63
0.29 0.22 0.58 1.10 0.00 0.22 0.15 0.00 0.22 0.22 0.66 0.66 1.02 1.10 0.80 1.24 0.95 0.66 0.51 1.02 0.80 1.17 1.31 2.77 4.02 3.43 4.02 2.85 3.72 3.21 5.55 4.09 4.53 3.87 3.87 3.65 3.72 3.72 3.87 4.96 4.67 5.55 3.80 1.53 2.19 0.00 0.00 0.00 0.00 0.00 0.00 0.00 0.00 0.00 0.00 0.00 0.00 0.00 0.00 0.00 0.00 0.00 0.00 0.00 0.00 0.00 0.00 0.00 0.00 0.15 0.66 3.21 7.30 5.11 10.76 13.04 13.62 13.58 10.98 8.17 1.87 1.38 1.67
0.88 1.24 1.39 0.80 0.00 0.00 0.00 0.00 0.00 0.00 0.73 0.73 1.10 0.80 1.17 1.31 0.22 0.80 0.51 0.37 1.46 1.31 0.88 1.75 1.46 1.17 1.46 1.75 2.34 3.21 2.85 3.72 3.65 3.58 3.58 2.70 0.00 0.00 3.07 3.58 3.72 3.72 2.77 1.31 0.00 0.00 0.00 0.00 0.00 0.00 0.00 0.00 0.00 0.00 0.00 0.00 0.00 0.00 0.00 0.00 0.00 0.00 0.00 0.00 0.00 0.00 0.00 0.00 0.00 0.58 0.00 7.45 5.39 4.87 15.12 13.18 14.52 16.06 10.33 3.29 0.50 1.60 0.99
0.88 1.24 1.39 0.80 0.00 0.00 0.00 0.00 0.00 0.00 0.73 0.73 1.10 0.80 1.17 1.31 0.22 0.80 0.51 0.37 1.46 1.31 0.88 1.75 1.46 1.17 1.46 1.75 2.34 3.21 2.85 3.72 3.65 3.58 3.58 2.70 0.00 0.00 3.07 3.58 3.72 3.72 2.77 1.31 0.00 0.00 0.00 0.00 0.00 0.00 0.00 0.00 0.00 0.00 0.00 0.00 0.00 0.00 0.00 0.00 0.00 0.00 0.00 0.00 0.00 0.00 0.00 0.00 0.00 0.58 0.00 7.45 5.42 4.81 13.67 14.68 15.49 18.74 11.99 3.18 0.52 1.55 1.05
0.44 0.29 0.15 0.00 0.00 0.00 0.00 0.00 0.37 0.22 0.66 0.66 0.07 0.95 0.44 0.00 0.00 0.15 0.66 0.15 0.58 0.00 0.00 0.00 0.58 0.88 0.00 0.00 0.00 2.70 3.36 2.70 0.00 0.00 0.00 0.00 0.00 0.00 0.00 0.00 1.75 0.80 0.44 1.61 0.00 0.00 0.00 0.00 0.00 0.00 0.00 0.00 0.00 0.00 0.00 0.00 0.00 0.00 0.00 0.00 0.00 0.00 0.00 0.00 0.00 0.00 0.00 0.00 0.15 0.73 2.05 2.80 8.55 13.42 15.82 17.07 10.11 6.92 2.29 2.75 1.70 0.20 0.91
0.80 1.53 1.90 1.02 0.00 0.00 0.00 0.00 0.51 0.22 0.00 0.00 0.00 0.00 0.22 0.66 0.37 0.51 0.07 0.44 0.00 0.00 0.00 0.00 0.00 0.00 0.00 0.00 0.00 2.19 0.00 0.00 0.00 0.00 0.00 0.00 0.00 0.00 0.00 1.68 0.73 0.51 0.00 0.00 0.00 0.00 0.58 0.88 0.44 0.58 0.00 0.00 0.00 0.00 0.00 0.00 0.00 0.00 0.00 0.00 0.00 0.00 0.00 0.00 0.00 0.00 0.00 0.15 0.00 1.02 5.55 5.91 11.10 13.32 14.97 12.59 7.30 4.79 1.14 1.17 0.73 0.97 0.75
4.09 4.31 2.41 2.63 0.22 0.00 0.00 0.00 0.29 0.00 0.00 0.00 0.00 0.00 0.00 0.00 0.95 0.37 0.51 0.58 0.00 0.00 0.00 0.00 0.00 0.00 0.00 1.68 1.61 0.66 2.56 0.00 0.00 0.00 0.07 0.00 0.00 0.00 1.10 0.51 0.15 0.00 0.00 0.00 0.00 0.29 0.00 0.88 1.02 0.29 0.73 0.00 0.00 0.00 0.00 0.00 0.00 0.00 0.00 0.00 0.00 0.00 0.00 0.00 0.00 0.00 0.00 0.29 0.00 3.72 0.00 4.82 7.15 11.70 11.44 11.64 7.66 3.41 1.24 1.00 0.82 0.21 0.53
3.72 4.38 3.72 2.92 1.10 1.02 1.17 0.00 0.00 0.00 0.66 0.66 0.00 0.00 0.00 0.00 0.00 0.58 0.00 0.00 1.02 0.00 0.00 0.00 0.00 0.00 0.22 0.15 0.58 0.00 0.00 0.51 0.00 0.00 0.00 0.00 0.00 0.00 0.00 0.00 0.00 0.00 0.00 0.00 0.00 0.58 1.17 1.24 0.95 1.75 0.73 0.00 0.00 0.00 0.00 0.00 0.00 0.00 0.00 0.00 0.00 0.00 0.00 0.00 0.00 0.00 0.88 0.51 0.29 0.73 2.70 6.06 6.72 7.59 9.00 8.68 5.05 1.49 0.70 0.99 0.45 0.00 0.08
5.04 3.58 2.77 0.44 1.10 0.80 0.51 0.00 0.00 0.00 0.00 0.00 0.00 0.00 0.00 0.00 0.00 0.00 0.00 0.00 0.15 0.00 0.00 0.00 0.00 0.00 0.00 0.37 0.15 0.07 0.00 0.00 0.00 0.00 0.00 0.00 0.00 0.00 0.00 0.00 0.00 0.00 0.00 0.00 0.00 0.51 0.29 1.61 1.46 0.80 1.24 0.37 0.00 0.00 0.00 0.00 0.00 0.00 0.00 0.00 0.00 0.00 0.00 0.00 0.00 0.00 0.00 0.00 0.15 0.00 0.07 3.07 5.04 4.82 1.54 1.85 0.95 0.00 0.00 0.00 0.00 0.00 0.00
5.26 4.09 0.80 0.29 0.00 0.51 0.29 1.46 0.00 0.00 0.00 0.00 0.00 0.00 0.00 0.00 0.00 0.00 0.00 0.00 0.00 0.00 0.00 0.00 0.00 0.00 0.00 0.00 0.00 0.00 0.00 0.00 0.00 0.00 0.00 0.00 0.00 0.00 0.00 0.00 0.00 0.00 0.00 0.00 0.00 0.15 1.17 0.58 1.90 1.83 0.80 1.17 0.00 0.00 0.00 0.00 0.00 0.00 0.00 0.00 0.00 0.00 0.00 0.00 0.00 0.00 0.00 0.00 0.00 0.00 0.00 0.88 1.90 0.07 0.52 0.67 0.81 0.23 0.47 0.00 0.00 0.00 0.00
5.26 4.09 0.80 0.29 0.00 0.51 0.29 1.46 0.00 0.00 0.00 0.00 0.00 0.00 0.00 0.00 0.00 0.00 0.00 0.00 0.00 0.00 0.00 0.00 0.00 0.00 0.00 0.00 0.00 0.00 0.00 0.00 0.00 0.00 0.00 0.00 0.00 0.00 0.00 0.00 0.00 0.00 0.00 0.00 0.00 0.15 1.17 0.58 1.90 1.83 0.80 1.17 0.00 0.00 0.00 0.00 0.00 0.00 0.00 0.00 0.00 0.00 0.00 0.00 0.00 0.00 0.00 0.00 0.00 0.00 0.00 0.88 1.90 0.07 0.51 0.66 0.81 0.24 0.42 0.00 0.00 0.00 0.00
4.67 3.58 1.46 1.24 0.00 0.00 0.00 0.00 0.00 0.00 0.00 0.00 0.00 0.00 0.00 0.00 0.00 0.00 0.00 0.00 0.00 0.00 0.00 0.00 0.00 0.00 0.00 0.00 0.00 0.00 0.15 0.00 0.00 0.00 0.00 0.00 0.00 0.00 0.00 0.00 0.00 0.00 0.00 0.00 0.00 0.15 0.66 1.53 1.17 1.61 1.39 1.24 0.37 0.00 0.00 0.00 0.00 0.00 0.00 0.00 0.00 0.00 0.00 0.00 0.00 0.00 0.00 0.00 0.51 0.00 0.00 0.00 0.00 0.00 0.00 0.22 0.00 0.00 0.24 0.18 0.00 0.00 0.30
