Wansh/Snow_depth/snowdepth-1997/winter/1997352.txt
ncols 321
nrows 161
xllcenter 60
yllcenter 15 
cellsize  0.25 
NODATA_value -1
[rows 72 to 107 of 161, columns 83 to 165 of 321]
0.00 0.00 0.00 0.00 0.00 0.00 0.00 0.00 0.00 0.00 0.00 0.00 0.00 0.00 0.00 0.00 0.00 2.41 2.99 2.99 2.85 3.29 3.43 1.46 0.07 0.00 0.00 2.04 0.00 2.48 0.00 0.00 0.00 0.00 0.00 0.00 0.00 0.00 0.00 0.00 0.00 1.39 0.95 1.68 1.68 0.00 0.00 0.00 0.00 0.00 0.00 0.00 0.00 0.00 0.00 0.00 0.00 0.00 0.00 0.00 0.00 0.00 0.00 0.00 0.00 0.00 0.00 0.00 0.00 0.00 0.00 0.00 0.00 0.00 0.00 0.00 0.00 0.00 0.00 0.00 0.00 0.73 3.07
0.00 0.00 0.00 0.00 0.00 0.00 0.00 0.00 0.00 0.00 0.00 0.00 0.00 2.19 0.00 0.51 4.02 3.50 3.87 3.87 4.31 0.00 0.00 0.00 2.19 0.00 0.00 0.00 0.00 3.58 4.09 0.00 0.00 0.00 0.00 0.00 0.00 3.21 0.00 0.00 0.00 3.43 1.68 0.88 0.88 1.17 0.00 0.00 0.00 1.31 0.00 0.00 0.00 0.00 0.00 0.00 0.00 0.00 0.00 0.00 0.00 0.00 0.00 0.00 0.00 0.00 0.00 0.00 0.00 0.00 0.00 0.51 0.00 0.00 0.00 0.00 0.00 0.00 0.00 0.00 0.00 2.26 4.62
0.00 0.00 0.00 0.00 0.00 0.37 0.37 0.00 0.00 0.00 0.37 1.02 0.00 0.73 3.58 3.07 0.00 0.00 0.00 0.00 0.00 3.50 0.00 4.31 5.55 5.99 5.55 4.23 4.38 4.82 4.67 4.45 0.00 3.87 4.02 5.04 5.99 6.72 0.00 2.77 0.00 3.80 3.50 1.75 1.75 0.66 0.58 0.80 1.68 1.10 0.00 0.00 0.00 0.00 1.98 2.31 0.44 1.02 1.31 0.00 1.02 0.00 0.00 0.00 0.00 0.00 0.00 0.00 0.00 0.00 0.81 1.91 1.61 0.00 0.00 0.00 0.00 0.00 0.00 0.00 0.00 0.58 2.13
0.00 0.00 0.00 0.00 0.00 0.00 0.22 0.44 0.51 3.14 0.88 2.41 4.89 4.53 3.14 0.00 0.00 3.58 3.87 3.87 4.31 4.38 4.53 5.69 5.99 6.06 5.84 4.16 3.87 4.16 5.11 4.38 5.48 6.72 6.50 8.32 8.54 7.74 5.48 4.60 4.89 2.92 2.63 0.80 0.80 1.83 0.66 0.29 2.34 1.68 1.75 3.43 0.51 0.95 1.83 1.61 2.70 1.24 1.24 1.75 0.88 1.53 0.44 0.00 0.29 0.29 0.00 0.00 0.00 0.00 1.17 2.77 2.99 0.00 0.29 0.00 0.00 0.00 0.00 0.00 0.00 0.00 0.73
0.00 0.00 1.24 0.00 0.00 0.00 0.00 3.72 5.33 4.09 3.87 7.52 7.74 5.18 3.94 3.87 4.45 4.82 7.52 7.52 5.77 4.31 4.60 4.31 4.89 5.55 5.84 5.99 5.99 5.84 5.04 10.07 9.93 10.15 9.49 9.13 7.52 7.66 8.03 7.74 7.01 6.06 3.72 5.26 5.26 3.14 1.02 0.29 2.92 3.29 1.02 2.70 2.85 2.04 1.17 1.68 1.31 0.80 1.83 1.24 1.61 1.53 2.34 0.80 1.17 0.00 0.15 0.00 2.99 2.99 4.31 4.02 3.14 1.24 1.46 0.00 0.00 0.00 0.00 0.00 0.00 0.00 0.00
2.19 2.56 0.51 3.29 2.56 1.83 4.02 3.50 5.26 6.35 6.13 5.99 6.42 3.58 4.16 4.96 5.55 5.62 10.51 10.51 9.49 6.64 5.77 3.58 3.94 4.31 5.55 7.59 7.66 8.10 9.13 12.70 15.62 14.45 11.83 10.51 8.83 9.20 8.83 8.47 7.52 7.08 6.13 9.20 9.20 5.48 3.72 4.38 0.00 3.29 4.45 4.67 5.48 3.50 2.63 1.02 2.12 2.34 2.41 1.53 2.41 2.92 2.99 2.99 2.34 2.34 0.00 3.07 2.63 2.63 3.65 3.87 3.50 1.97 1.46 0.00 0.00 0.00 0.00 0.00 0.00 0.00 0.00
4.74 2.41 2.56 5.91 4.31 2.56 4.96 4.82 6.20 5.62 6.06 6.13 5.26 6.35 3.58 4.89 6.06 7.30 10.07 10.07 11.17 9.34 6.13 4.82 3.80 4.53 6.72 7.66 7.59 7.74 7.81 11.75 15.84 16.35 10.80 11.32 10.51 9.27 10.29 11.68 12.70 10.59 11.02 7.23 7.23 8.32 4.82 0.00 5.55 0.00 5.40 5.26 6.79 6.35 4.89 6.72 3.72 2.48 0.00 3.21 3.29 4.53 3.07 3.36 4.60 3.14 3.50 3.36 3.58 3.58 3.72 4.96 3.58 3.50 2.63 1.02 0.00 0.44 0.00 0.07 0.00 0.00 0.00
10.22 7.74 7.81 7.74 6.20 6.13 5.33 5.55 4.60 4.23 4.23 3.72 4.53 4.96 3.94 4.31 6.50 5.69 7.88 7.88 10.15 7.88 4.60 4.82 3.43 4.67 4.82 5.91 6.42 7.08 13.65 12.99 15.33 12.70 12.92 11.68 11.97 9.05 14.75 16.21 15.55 15.91 9.93 6.79 6.79 4.96 4.67 0.00 0.00 0.00 0.00 0.00 5.69 6.50 5.91 5.77 0.00 0.00 5.55 5.11 4.96 6.57 5.69 0.00 0.00 0.00 0.00 3.58 4.16 4.16 5.11 6.06 5.26 2.70 5.77 1.91 0.44 3.37 0.80 1.83 0.00 0.29 1.53
11.46 11.53 9.78 7.08 6.79 6.57 6.50 4.96 3.43 3.43 2.99 5.62 5.77 4.16 4.09 4.02 5.18 6.64 8.83 8.83 8.91 4.53 4.89 3.29 3.36 3.87 4.67 5.11 6.13 12.63 14.24 15.11 12.99 15.04 17.16 15.18 18.69 14.60 12.19 14.38 13.36 10.15 8.18 5.26 5.26 5.69 6.42 4.53 0.00 0.00 3.36 0.00 5.91 4.23 4.89 5.11 5.40 0.00 7.88 7.45 6.35 9.05 6.94 0.00 0.00 0.00 0.00 0.00 4.09 4.09 5.84 7.74 7.59 11.46 11.53 9.13 6.68 8.69 2.29 4.53 2.34 2.99 1.39
10.66 12.70 10.51 9.27 7.23 5.62 5.69 5.26 3.72 4.38 5.84 7.08 5.11 6.06 3.87 4.16 10.51 11.46 9.34 9.34 8.32 4.45 0.00 3.43 3.21 0.00 0.00 4.96 6.94 11.90 12.63 13.21 9.64 11.39 16.72 20.15 21.61 18.54 17.52 10.73 10.37 10.66 7.66 6.13 6.13 5.18 6.50 5.91 0.00 0.00 0.00 5.04 4.96 4.82 6.64 6.20 6.13 12.05 11.90 11.39 11.90 8.83 7.81 4.74 0.00 0.00 0.00 0.00 0.00 0.00 6.72 9.34 13.21 16.79 16.06 18.25 11.59 12.61 7.95 9.08 5.24 5.43 2.92
13.29 17.74 13.21 11.75 6.20 6.86 6.50 6.79 5.55 3.87 4.60 8.18 6.42 6.35 6.86 9.64 13.43 14.09 11.24 11.24 9.42 5.62 4.16 4.67 3.80 3.65 0.00 4.96 8.40 10.07 9.05 9.71 10.15 9.05 12.48 16.06 18.69 18.40 8.25 9.20 8.69 8.25 7.15 6.06 6.06 4.53 0.00 5.11 0.00 0.00 4.74 4.67 4.45 6.13 7.08 8.32 13.94 13.87 12.19 12.99 13.94 11.17 9.20 7.37 0.00 4.31 3.29 3.72 9.86 9.86 6.20 8.98 11.17 17.37 20.29 19.35 15.55 15.91 11.10 10.59 7.04 8.10 4.45
21.83 18.18 21.61 17.96 10.15 12.92 7.15 5.91 6.13 5.84 6.35 7.15 7.37 8.18 7.15 9.78 10.66 11.53 11.83 11.83 10.66 8.25 5.11 5.40 5.40 3.58 6.42 9.20 9.64 10.07 9.56 9.42 9.86 10.73 14.38 12.99 14.09 11.24 10.22 10.00 8.10 5.84 3.87 0.00 0.00 0.00 3.65 0.00 4.16 3.80 4.82 4.96 5.55 10.95 12.34 12.99 22.12 16.72 13.43 15.40 15.26 14.45 12.19 8.83 9.93 11.24 10.73 9.86 19.93 19.93 11.83 7.74 11.97 13.43 17.96 17.45 18.54 15.77 12.05 12.78 10.44 9.86 5.84
21.02 22.63 22.48 22.05 19.93 10.15 9.86 7.01 7.37 6.50 6.57 6.57 6.50 6.28 9.05 8.69 8.69 9.93 11.10 11.10 10.88 10.00 8.18 7.01 6.20 7.37 8.40 10.95 11.32 12.19 12.19 14.38 12.56 12.19 12.78 10.44 11.24 15.11 15.55 10.59 9.71 0.00 4.02 0.00 0.00 0.00 0.00 0.00 0.00 3.58 4.67 7.66 18.98 21.46 21.46 30.73 29.42 23.65 16.06 17.59 15.26 15.11 13.94 17.67 17.52 18.32 20.44 18.10 29.13 29.13 22.56 13.07 19.13 14.02 14.89 14.31 16.43 14.16 15.11 14.67 11.32 12.05 8.40
18.69 20.15 21.90 18.98 19.20 18.47 14.60 7.59 10.22 7.59 6.79 9.49 9.93 9.86 8.32 8.32 9.56 10.66 10.22 10.22 10.80 7.96 8.76 8.03 8.10 7.52 8.69 10.73 13.07 13.29 16.94 13.80 13.36 14.24 17.30 10.80 9.93 20.22 18.18 10.88 4.67 4.67 4.23 3.94 3.94 0.00 0.00 0.00 0.00 0.00 4.02 19.13 25.11 27.96 30.30 31.17 31.97 28.76 22.41 18.83 13.43 13.50 13.18 23.25 24.24 23.14 26.21 29.42 30.08 30.08 28.25 24.45 16.86 16.72 12.78 13.21 14.45 14.09 15.55 14.60 14.02 13.07 10.59
8.98 13.21 16.64 16.57 13.72 14.82 13.51 12.85 11.97 15.26 14.16 9.49 8.69 8.18 13.94 13.29 12.56 15.11 13.43 13.43 11.68 15.91 13.94 10.29 7.88 6.06 14.31 18.61 22.05 25.04 20.44 18.10 14.97 18.98 14.75 14.82 14.97 18.83 18.32 18.98 14.02 12.12 15.33 12.99 12.99 10.37 9.56 6.72 7.52 6.94 8.40 11.24 15.04 17.30 20.59 24.97 26.35 24.60 25.77 22.85 28.11 23.94 24.53 25.70 25.04 26.65 19.93 21.10 24.89 24.89 22.12 25.92 24.02 23.87 18.40 13.36 11.61 13.21 13.72 13.29 12.70 12.78 9.27
8.10 7.81 10.37 14.82 9.56 12.26 12.99 11.61 7.59 11.75 13.72 10.37 9.20 12.19 12.99 14.38 16.13 13.51 13.72 13.72 14.89 16.43 14.97 12.41 9.20 8.40 10.80 14.16 18.40 21.24 19.20 18.91 17.23 12.99 15.40 17.74 15.70 22.41 22.92 21.32 19.56 20.88 19.49 15.40 15.40 21.39 13.07 9.93 8.69 6.86 9.05 8.98 11.68 14.38 20.51 21.61 24.24 22.05 26.21 27.81 23.80 22.85 26.43 19.93 19.78 21.12 19.13 19.64 20.08 20.08 18.61 19.93 24.45 22.92 21.02 15.48 12.63 11.68 10.29 11.68 11.32 12.12 10.29
8.69 8.98 6.86 8.03 8.69 5.77 7.66 7.15 7.01 6.50 10.15 10.59 8.10 9.20 11.46 12.26 13.72 14.16 14.82 14.82 12.12 11.68 11.83 5.55 9.34 8.10 9.56 9.78 12.92 18.98 18.32 12.19 14.16 16.28 18.47 20.66 21.10 25.26 24.60 23.43 21.32 25.04 25.40 22.70 22.70 26.86 20.66 11.83 6.72 9.42 13.21 11.53 15.62 22.48 21.53 20.29 20.81 19.49 23.07 26.86 27.52 28.40 15.18 15.33 16.13 18.58 21.63 20.66 19.78 19.78 15.99 15.48 17.37 18.40 17.81 10.29 10.51 10.37 9.27 11.02 10.00 10.00 10.73
12.26 10.07 9.56 5.40 5.40 5.04 7.37 5.69 4.23 4.45 5.40 8.54 4.60 8.83 9.86 12.78 20.08 16.13 12.12 12.12 12.12 10.44 8.40 6.64 9.93 12.34 12.05 11.75 15.33 18.10 17.45 13.87 14.24 16.94 19.86 19.56 24.24 26.06 25.92 21.61 22.56 24.89 26.72 28.84 28.84 30.37 25.40 19.78 13.80 6.72 18.61 17.89 19.93 25.40 22.92 20.66 19.42 18.40 17.96 16.38 25.73 12.05 14.24 16.31 16.35 18.01 21.22 21.29 13.72 13.72 11.10 10.95 12.19 12.48 7.23 7.23 7.23 11.24 11.83 10.51 11.47 10.50 8.65
8.47 10.44 7.15 6.86 4.74 5.18 5.04 3.65 0.00 3.29 2.85 3.21 4.16 5.26 11.24 22.12 20.95 14.82 12.26 12.26 11.75 11.10 8.98 7.81 11.46 13.87 14.45 13.87 13.58 16.28 16.28 13.72 11.97 13.87 16.43 20.95 21.24 24.67 24.45 23.43 20.00 22.48 26.43 28.69 28.69 32.27 32.05 33.29 19.35 31.39 27.52 26.21 24.45 30.22 28.11 25.04 19.05 14.82 14.82 12.26 17.16 8.43 10.51 14.31 17.52 18.91 19.20 18.19 14.68 14.22 8.73 8.54 8.18 9.42 7.74 5.99 6.20 9.78 10.15 11.01 8.71 7.45 6.53
5.33 8.61 6.20 5.84 5.33 5.11 5.77 5.40 4.31 4.38 3.07 4.89 4.09 4.53 7.37 8.03 11.10 10.29 11.83 11.83 10.29 10.37 7.81 7.74 9.13 12.41 12.85 13.29 10.22 11.75 13.72 13.21 11.02 12.63 21.17 20.37 19.71 19.71 20.44 19.71 16.13 19.78 25.11 34.67 34.67 36.06 32.49 33.07 31.83 31.24 31.39 29.57 29.64 31.83 27.96 29.20 23.80 18.98 20.88 12.76 9.88 8.54 8.32 10.73 12.01 18.02 17.51 17.59 14.82 14.89 10.97 9.17 8.61 7.59 9.05 6.02 5.48 7.23 7.74 11.01 8.87 7.26 7.74
8.83 4.02 5.33 5.55 6.28 5.69 5.18 7.15 5.55 5.62 4.60 3.50 3.29 5.84 7.23 4.02 5.55 6.42 9.71 9.71 10.22 9.34 6.64 6.50 6.72 7.37 8.32 9.34 8.03 8.76 10.80 10.07 14.89 12.70 15.55 11.24 9.93 11.97 14.60 15.70 19.13 18.03 26.50 32.12 32.12 35.62 25.48 29.78 26.65 27.96 30.37 31.61 30.59 31.76 30.15 29.49 28.03 23.94 25.84 18.69 16.85 11.36 9.63 8.57 10.62 16.04 19.04 16.40 13.51 13.51 12.46 9.63 9.94 9.83 10.45 6.46 6.64 5.26 7.11 9.71 8.19 9.00 9.41
5.48 6.06 3.94 5.18 4.89 4.82 5.04 6.64 6.64 6.86 5.99 4.60 4.53 4.02 3.50 4.60 6.86 7.52 10.95 10.95 8.61 6.13 5.04 5.26 6.06 4.67 6.13 6.94 8.10 7.52 11.68 8.83 10.00 10.22 13.43 8.91 10.22 9.13 10.80 16.35 19.20 23.36 18.91 25.11 25.11 27.16 18.47 24.67 25.04 26.94 29.86 27.52 27.74 28.76 30.44 25.84 27.01 28.75 27.74 22.92 19.56 19.20 9.76 12.87 11.99 14.44 15.72 11.15 11.90 11.90 9.44 10.24 9.83 10.23 10.27 8.60 7.04 6.72 8.37 8.24 7.07 8.71 10.02
11.32 12.70 6.57 5.33 5.11 4.74 5.18 4.96 0.00 7.15 4.96 5.11 0.00 0.00 0.00 10.15 9.13 10.59 10.22 10.22 7.66 5.33 4.31 6.57 4.82 6.20 4.82 10.22 9.13 10.00 12.92 9.93 7.15 15.70 7.74 16.13 13.87 12.63 11.90 12.78 16.94 20.29 11.61 11.83 11.83 18.98 14.02 21.24 22.34 26.86 28.69 28.98 27.08 27.93 27.92 23.77 24.31 27.85 27.67 27.23 22.92 18.32 11.67 15.21 13.71 13.82 15.33 13.36 8.25 8.29 8.39 11.90 11.44 10.16 10.83 11.05 8.98 8.57 7.79 6.32 5.66 9.61 9.50
14.16 10.15 11.46 8.10 6.20 5.40 4.45 3.80 0.00 5.62 5.33 0.00 0.00 0.00 4.02 7.01 9.93 0.00 5.62 5.62 5.11 0.00 7.66 6.13 6.06 5.84 9.05 8.32 10.07 12.05 8.69 8.32 8.40 14.45 19.56 18.03 14.09 12.56 5.48 6.64 11.46 15.26 13.07 9.93 9.93 9.71 22.41 21.75 22.27 29.78 29.05 29.49 27.96 25.40 25.91 24.44 25.36 25.33 28.47 25.79 23.67 21.79 18.19 18.78 15.22 12.93 16.53 12.80 9.02 9.02 6.71 7.48 8.11 8.54 10.28 8.36 9.61 9.68 7.50 5.47 5.08 9.35 12.86
10.37 13.51 11.68 13.07 8.32 8.10 5.84 5.84 6.79 4.38 6.42 5.62 0.00 0.00 0.00 4.96 4.38 0.00 0.00 0.00 0.00 0.00 0.00 6.72 3.72 5.04 6.20 7.52 7.81 10.88 5.18 5.84 10.59 14.31 13.87 15.62 9.64 8.69 5.26 5.62 8.61 13.94 16.43 16.06 16.06 25.77 26.72 24.82 30.22 31.97 31.76 29.49 26.79 24.45 21.20 20.93 22.14 19.77 21.94 20.86 22.30 23.52 20.76 16.71 11.66 14.85 11.88 11.41 8.00 7.88 4.67 6.17 5.68 8.25 9.11 7.74 8.29 8.00 7.46 5.37 4.68 8.81 12.04
6.13 5.69 10.59 9.05 9.56 7.59 7.37 6.79 8.18 6.06 6.06 7.45 6.86 5.11 3.58 3.72 3.94 3.80 0.00 0.00 0.00 2.85 0.00 0.00 2.99 5.55 5.55 6.79 7.96 3.87 5.99 7.96 6.28 8.18 7.45 6.79 6.72 6.28 0.00 5.91 10.80 26.21 27.16 25.40 25.40 31.97 29.49 28.32 29.71 30.51 32.05 25.96 22.83 22.17 19.57 19.39 18.56 17.37 18.10 14.83 16.66 19.44 21.05 18.42 14.31 10.67 10.16 8.08 8.20 8.00 5.18 3.36 6.40 8.01 8.24 9.24 7.37 8.87 5.73 5.96 4.54 6.60 8.71
6.13 5.62 5.84 7.81 6.42 5.33 5.33 6.94 8.18 9.27 10.80 11.83 7.96 8.32 6.72 5.55 3.14 2.04 2.19 2.19 2.12 3.21 0.00 0.00 4.45 4.23 2.41 2.77 3.29 4.09 5.69 4.45 3.87 4.82 6.72 6.64 6.42 14.24 11.02 13.29 10.95 15.62 21.02 27.30 27.30 25.55 27.96 29.71 29.71 27.59 18.76 16.56 16.45 17.95 9.37 9.23 8.77 8.25 11.71 13.04 15.19 18.19 18.68 20.88 19.87 14.97 10.34 10.68 5.99 5.90 4.74 5.69 7.79 10.10 13.72 14.08 12.12 8.32 5.20 2.00 4.05 6.49 6.04
7.52 7.96 7.08 7.74 7.08 6.28 6.35 6.13 7.52 6.13 8.47 7.96 10.59 8.54 6.35 6.06 5.18 3.50 2.77 2.77 2.99 2.92 2.04 2.92 1.90 1.61 2.63 2.19 2.77 3.29 4.60 4.38 4.31 4.53 10.51 10.51 9.13 14.97 12.41 9.42 8.10 10.66 14.82 20.95 20.95 19.56 25.77 28.25 26.21 16.56 14.83 13.17 11.39 8.31 6.12 8.19 6.78 8.05 7.97 12.53 15.16 16.59 18.23 21.02 20.32 11.68 13.14 11.67 8.34 8.21 5.55 4.89 7.10 11.52 15.32 16.85 13.58 8.92 4.72 2.59 2.22 3.68 4.70
7.59 4.23 8.83 9.93 5.33 5.84 5.77 6.13 6.79 4.60 3.65 5.69 6.13 7.08 7.66 5.40 5.26 4.53 3.72 3.72 3.50 2.92 2.63 2.04 1.97 0.95 1.39 1.90 2.41 2.34 3.29 3.36 3.14 4.53 5.84 11.02 9.93 7.66 6.94 7.52 6.20 9.20 5.33 14.09 14.09 20.37 20.95 18.69 17.62 18.41 16.36 14.26 12.46 10.54 9.41 9.06 6.63 5.07 7.58 9.92 13.40 16.25 19.44 17.74 14.16 11.90 13.26 14.53 8.29 9.22 5.62 4.54 6.77 9.08 9.73 16.17 15.04 8.98 4.96 3.02 2.06 3.45 4.47
0.00 8.25 5.33 1.31 2.63 4.38 6.94 5.69 6.46 3.94 3.58 1.68 3.43 5.11 5.04 3.65 4.16 4.38 3.65 3.65 3.87 3.87 2.92 3.14 2.12 2.04 1.97 1.97 1.68 2.63 1.61 2.41 3.36 2.19 5.48 9.93 5.55 5.77 3.94 5.33 2.26 3.59 5.33 8.83 8.83 15.91 15.26 16.57 16.58 18.40 15.00 11.44 15.43 14.99 13.33 7.10 5.20 4.98 6.27 8.30 9.68 15.12 19.76 16.29 14.16 11.02 11.36 13.24 7.93 7.64 8.13 3.77 4.31 11.51 7.76 15.21 10.56 10.30 6.27 4.25 2.02 2.43 5.13
0.00 2.99 0.00 0.00 0.00 3.94 6.06 6.06 7.15 5.84 3.87 3.72 2.85 2.63 3.94 1.97 3.50 2.48 3.94 3.94 3.87 2.85 3.80 2.56 0.73 1.68 2.12 1.97 1.10 1.97 1.17 1.46 1.83 1.53 4.31 6.28 4.23 3.07 3.14 0.00 0.88 2.12 5.40 8.40 8.40 12.48 13.80 17.23 18.69 17.45 15.77 14.82 12.46 10.85 12.02 10.27 5.70 4.43 7.09 6.68 9.58 11.65 12.90 17.16 14.21 11.74 8.58 7.30 7.67 7.71 4.44 3.75 3.55 6.85 3.96 7.90 5.02 5.88 3.96 2.88 4.17 3.53 6.97
0.00 0.00 0.00 0.00 0.00 3.94 6.86 6.42 6.94 6.50 4.16 4.45 3.21 2.56 1.53 1.10 1.97 2.04 2.19 2.19 1.17 2.63 0.95 1.17 0.95 0.22 0.73 0.00 0.15 0.00 0.07 0.66 1.10 0.51 1.47 4.23 1.02 1.75 1.75 0.00 0.00 1.24 1.68 4.82 4.82 10.12 11.02 13.35 18.10 13.41 16.03 16.69 12.41 12.39 10.25 5.57 5.42 6.77 6.32 6.91 6.69 7.30 12.87 12.74 11.44 10.48 10.36 7.26 5.49 6.43 4.44 4.20 4.46 3.79 5.37 3.53 4.25 5.52 2.77 2.72 3.75 5.82 9.14
0.00 0.00 0.00 0.00 0.00 0.00 3.94 4.96 6.57 7.45 5.99 5.18 3.72 2.56 1.97 2.19 2.04 3.14 1.31 1.31 0.00 0.80 0.88 1.17 0.37 0.51 0.00 0.51 0.00 0.00 0.00 0.00 0.00 0.00 0.00 1.03 0.73 1.02 0.00 0.00 0.00 0.00 1.31 0.44 0.44 5.69 6.06 6.02 5.78 8.64 11.78 11.89 10.18 7.34 4.33 5.12 3.84 2.86 2.61 10.01 6.89 7.94 6.56 12.30 9.23 10.56 7.63 7.85 6.07 6.79 6.22 4.90 3.77 3.08 2.48 2.15 3.28 4.15 1.97 2.70 2.86 3.73 11.53
0.00 0.00 0.00 0.00 0.00 0.00 0.00 3.29 7.01 5.84 5.48 5.33 3.87 2.99 3.21 4.02 3.34 3.98 2.92 2.92 0.00 1.53 1.61 1.53 1.31 0.51 1.17 0.80 0.66 0.00 0.00 0.00 0.00 0.00 0.00 0.37 1.46 1.39 0.00 0.00 0.00 1.68 0.00 0.51 0.51 1.31 2.41 3.58 3.89 6.42 8.52 8.34 7.71 6.02 0.00 0.00 0.00 0.00 5.03 4.87 0.00 5.74 8.67 7.34 9.27 10.38 7.82 10.18 5.81 5.93 7.76 6.39 3.57 2.90 1.86 0.94 2.34 3.06 2.46 1.39 1.41 1.71 9.08
0.00 0.00 0.00 0.00 0.00 0.00 0.00 4.09 4.53 6.64 4.23 5.04 5.91 3.94 3.50 4.02 4.33 3.87 5.24 4.89 2.41 1.83 1.53 1.61 1.75 0.58 0.44 1.17 1.31 0.51 0.00 0.00 0.22 0.00 0.00 0.29 1.17 1.83 0.00 0.00 0.44 4.23 1.75 0.00 0.00 0.95 0.95 2.13 3.09 6.15 10.28 8.10 6.23 4.95 0.00 0.00 0.00 0.00 0.00 0.00 0.00 10.04 9.49 6.93 6.43 10.21 8.10 9.27 7.96 9.73 9.02 6.20 3.90 4.42 1.25 1.46 2.48 3.75 3.18 1.46 1.18 0.00 3.07
0.00 0.00 0.00 0.00 0.00 0.00 0.00 0.00 0.00 0.00 0.00 0.00 0.00 0.00 1.02 2.34 0.00 2.56 6.88 6.99 5.55 7.81 6.13 7.59 6.50 3.87 5.55 4.31 3.58 3.80 0.00 1.68 0.00 0.00 1.46 3.94 5.40 4.45 7.59 7.01 7.12 7.22 5.90 3.87 3.87 1.83 1.53 0.00 3.23 3.27 3.09 0.00 0.00 0.00 0.00 0.00 0.00 0.00 0.00 0.00 0.00 0.00 4.44 0.00 3.89 6.53 7.25 5.85 4.99 5.58 5.41 4.78 4.28 2.83 0.97 0.46 3.95 1.47 1.10 0.00 0.00 0.00 0.00
