Wansh/Snow_depth/snowdepth-1997/winter/1997342.txt
ncols 321
nrows 161
xllcenter 60
yllcenter 15 
cellsize  0.25 
NODATA_value -1
[rows 0 to 36 of 161, columns 83 to 165 of 321]
5.18 5.11 5.11 5.18 4.82 3.72 4.23 2.63 2.92 2.99 5.69 5.26 6.50 6.79 6.72 5.69 2.99 5.40 3.43 3.43 4.45 4.31 5.62 5.26 4.74 3.21 1.90 0.80 1.17 1.39 1.39 1.53 1.90 1.90 0.80 0.51 0.58 0.00 0.00 0.58 0.00 0.00 0.00 0.00 0.00 1.31 1.31 1.31 1.31 0.00 2.12 2.70 2.26 2.34 2.34 2.34 1.61 0.15 0.15 0.15 0.15 0.00 0.00 1.10 1.10 1.10 1.17 1.02 1.02 1.02 2.56 2.77 2.56 3.29 3.36 2.85 2.56 4.23 4.31 3.94 3.87 4.02 4.09
4.74 5.26 5.26 4.74 4.89 4.09 1.10 1.90 0.15 3.07 2.12 5.11 4.89 4.74 4.74 2.41 2.63 2.70 2.77 2.77 2.85 4.23 3.43 4.60 4.45 2.34 2.85 1.61 1.97 1.83 1.75 1.75 2.26 1.97 0.73 0.00 0.00 0.00 0.00 0.00 0.00 0.00 0.00 0.00 0.00 0.44 0.29 0.15 1.46 1.83 1.17 1.53 1.90 2.04 3.14 3.21 3.07 2.70 2.56 1.24 5.18 3.43 2.56 1.97 2.19 2.34 4.02 3.14 3.94 3.94 3.50 2.56 2.92 2.48 2.48 2.77 3.14 2.92 3.72 3.43 4.45 4.23 4.96
4.74 4.60 3.87 3.07 3.07 2.70 2.48 3.36 4.31 1.61 5.33 5.77 5.55 5.77 4.60 4.96 3.58 2.34 2.56 2.56 1.83 2.19 1.75 3.14 3.80 3.14 3.43 2.70 1.53 1.68 1.46 2.26 2.12 1.75 0.66 0.73 0.29 0.00 0.51 0.95 0.00 0.00 0.00 0.00 0.00 0.00 0.00 0.80 1.68 1.90 2.04 2.12 1.46 1.53 2.85 4.74 5.33 7.15 4.89 5.91 4.23 5.11 4.82 7.08 5.77 5.48 5.55 5.62 6.79 6.79 4.23 5.04 3.50 3.58 3.43 3.29 3.72 4.45 3.94 4.23 4.74 4.31 5.84
4.74 4.60 3.87 3.07 3.07 2.70 2.48 3.36 4.31 1.61 5.33 5.77 5.55 5.77 4.60 4.96 3.58 2.34 2.56 2.56 1.83 2.19 1.75 3.14 3.80 3.14 3.43 2.70 1.53 1.68 1.46 2.26 2.12 1.75 0.66 0.73 0.29 0.00 0.51 0.95 0.00 0.00 0.00 0.00 0.00 0.00 0.00 0.80 1.68 1.90 2.04 2.12 1.46 1.53 2.85 4.74 5.33 7.15 4.89 5.91 4.23 5.11 4.82 7.08 5.77 5.48 5.55 5.62 6.79 6.79 4.23 5.04 3.50 3.58 3.43 3.29 3.72 4.45 3.94 4.23 4.74 4.31 5.84
4.02 3.50 4.09 2.56 2.63 2.34 4.09 4.09 4.09 4.89 4.82 5.04 5.04 5.04 4.89 3.80 4.09 3.58 2.48 2.48 1.68 1.68 2.70 3.14 3.50 3.14 3.36 1.68 1.39 0.95 0.88 1.39 1.97 1.61 1.53 1.39 1.53 0.80 0.95 0.07 0.29 0.00 0.00 0.00 0.00 0.00 0.00 1.83 1.68 1.75 1.61 1.31 1.97 1.68 1.75 1.61 4.09 5.33 5.18 6.94 8.54 7.45 8.10 6.94 6.42 8.10 6.06 6.72 6.28 6.28 5.77 4.23 3.87 4.02 3.58 3.87 3.72 4.60 5.26 5.33 5.48 6.28 6.13
3.21 3.65 1.90 2.41 2.41 1.97 1.02 1.02 1.61 2.04 2.04 3.07 2.99 3.14 4.89 4.67 4.45 2.92 2.41 2.41 2.48 1.97 1.83 3.36 3.14 3.72 3.43 2.34 1.83 1.24 0.73 1.61 1.61 1.17 2.12 2.19 1.53 1.24 0.00 0.00 0.00 0.00 0.00 0.00 0.00 0.00 0.00 0.44 1.97 1.24 1.97 2.26 1.39 1.46 2.19 3.07 2.85 4.09 5.26 6.86 7.45 9.27 10.00 10.51 10.95 9.42 7.15 6.42 3.58 3.58 4.60 3.58 5.48 4.96 4.96 3.21 5.18 4.60 5.26 4.96 4.74 6.20 6.13
3.43 1.39 2.70 1.68 1.83 2.04 0.29 0.44 0.22 0.88 0.00 1.90 2.99 1.83 3.07 2.70 3.58 2.63 2.70 2.70 1.75 1.68 2.41 2.56 2.34 3.65 3.07 1.53 1.61 1.10 0.88 0.95 1.97 1.39 0.73 1.10 0.51 0.00 0.00 0.00 0.00 0.00 0.00 0.00 0.00 0.00 0.00 0.15 2.92 1.53 1.97 1.46 0.95 2.48 3.14 3.72 3.43 4.89 8.18 9.27 8.76 10.29 11.46 13.07 10.66 9.42 10.00 6.86 5.84 5.84 7.15 6.79 6.94 5.40 5.99 6.72 6.86 6.28 4.96 4.53 5.26 5.33 5.26
3.43 1.39 2.70 1.68 1.83 2.04 0.29 0.44 0.22 0.88 0.00 1.90 2.99 1.83 3.07 2.70 3.58 2.63 2.70 2.70 1.75 1.68 2.41 2.56 2.34 3.65 3.07 1.53 1.61 1.10 0.88 0.95 1.97 1.39 0.73 1.10 0.51 0.00 0.00 0.00 0.00 0.00 0.00 0.00 0.00 0.00 0.00 0.15 2.92 1.53 1.97 1.46 0.95 2.48 3.14 3.72 3.43 4.89 8.18 9.27 8.76 10.29 11.46 13.07 10.66 9.42 10.00 6.86 5.84 5.84 7.15 6.79 6.94 5.40 5.99 6.72 6.86 6.28 4.96 4.53 5.26 5.33 5.26
0.88 1.10 0.58 0.00 0.00 1.10 0.66 0.66 0.00 0.00 0.00 0.00 0.80 0.44 2.26 2.41 3.29 3.14 3.21 3.21 2.12 2.19 2.70 3.14 2.26 2.77 2.56 1.97 1.97 2.19 0.88 1.02 2.48 1.53 0.95 0.88 0.29 0.22 0.00 0.00 0.00 0.00 0.00 0.00 0.00 0.51 1.24 0.88 1.83 2.70 4.23 3.07 3.87 3.58 3.14 5.33 4.67 6.13 6.06 7.30 6.20 8.98 6.28 6.86 8.47 9.20 7.66 6.35 7.15 7.15 7.74 10.37 8.69 10.00 9.13 8.25 7.37 6.86 5.91 5.69 6.94 4.67 4.74
0.95 0.00 0.73 0.66 1.24 1.24 0.51 0.00 0.37 0.00 0.00 0.00 0.00 0.00 1.02 0.44 2.26 3.07 2.04 2.04 3.14 3.43 3.43 3.72 2.04 2.19 2.04 2.12 1.53 1.97 0.95 1.46 1.02 0.80 0.51 0.58 0.66 0.29 0.15 0.44 0.58 0.00 0.00 0.00 0.00 0.00 1.97 3.43 4.82 4.45 5.62 5.69 7.81 6.42 5.84 5.91 4.74 4.31 3.29 3.58 3.72 3.29 3.21 4.38 1.53 2.41 4.82 4.23 5.69 5.69 10.29 11.24 10.29 10.15 10.44 7.37 8.54 8.83 11.46 7.88 8.10 6.50 4.09
0.00 0.15 0.07 0.00 0.00 0.00 0.00 0.00 0.00 0.29 0.00 0.07 0.88 1.53 1.02 1.75 1.61 1.90 1.83 1.83 2.34 3.58 4.09 2.56 0.95 0.80 1.31 1.75 1.17 1.46 1.24 1.31 0.29 0.73 1.02 0.15 0.07 0.07 0.07 0.58 1.46 1.31 2.04 2.19 2.19 1.46 1.90 3.72 4.89 3.50 4.67 5.11 5.11 5.69 3.58 3.36 3.50 3.14 4.02 3.72 2.70 2.85 1.61 2.48 2.04 2.56 5.77 11.61 14.38 14.38 13.72 12.70 15.04 11.10 11.68 8.61 8.18 9.64 9.27 8.76 7.15 7.81 5.33
0.00 0.15 0.07 0.00 0.00 0.00 0.00 0.00 0.00 0.29 0.00 0.07 0.88 1.53 1.02 1.75 1.61 1.90 1.83 1.83 2.34 3.58 4.09 2.56 0.95 0.80 1.31 1.75 1.17 1.46 1.24 1.31 0.29 0.73 1.02 0.15 0.07 0.07 0.07 0.58 1.46 1.31 2.04 2.19 2.19 1.46 1.90 3.72 4.89 3.50 4.67 5.11 5.11 5.69 3.58 3.36 3.50 3.14 4.02 3.72 2.70 2.85 1.61 2.48 2.04 2.56 5.77 11.61 14.38 14.38 13.72 12.70 15.04 11.10 11.68 8.61 8.18 9.64 9.27 8.76 7.15 7.81 5.33
0.37 0.29 0.22 1.02 0.00 0.00 0.00 0.00 2.12 0.00 1.90 2.92 3.07 2.48 2.63 3.94 3.58 3.43 3.50 3.50 3.65 3.87 3.29 3.43 2.92 1.75 1.53 0.80 1.10 0.88 1.46 1.17 0.29 0.51 0.29 0.22 0.58 0.29 1.02 1.39 1.10 0.95 2.85 1.10 1.10 3.21 2.70 1.46 2.12 2.77 3.43 3.50 2.99 3.14 3.14 3.36 4.16 3.72 5.55 5.11 5.26 4.38 2.85 3.87 5.99 6.86 6.50 10.66 15.40 15.40 16.50 16.79 16.43 15.33 9.93 11.46 8.10 7.66 8.83 8.61 7.59 6.35 5.84
0.44 0.80 0.00 0.00 0.00 0.00 0.00 0.00 2.19 2.99 2.92 3.07 3.72 4.67 4.53 4.53 4.16 3.87 4.38 4.38 3.72 3.94 1.83 2.41 2.34 1.53 0.73 0.66 0.44 1.39 2.70 2.41 1.31 1.68 1.75 0.00 0.58 0.88 1.39 0.44 1.10 1.75 0.00 2.56 2.56 1.39 1.61 2.26 1.90 2.70 2.48 2.63 2.12 1.24 1.02 0.88 1.61 1.75 2.99 4.23 3.94 4.96 6.28 5.84 7.23 9.20 13.58 15.48 15.18 15.18 17.89 17.67 17.01 17.74 13.43 10.00 7.01 7.37 4.23 4.67 5.69 1.83 6.86
0.80 0.00 0.00 0.00 0.00 0.00 0.00 2.41 3.07 3.94 4.45 3.94 4.09 3.87 4.67 3.29 3.80 3.87 3.36 3.36 3.65 2.85 2.41 1.90 1.46 0.22 0.80 0.44 1.68 2.77 2.77 3.43 1.83 1.02 1.68 0.80 0.73 0.88 0.51 0.66 1.39 0.22 0.95 1.39 1.39 1.61 1.31 1.75 1.53 2.26 1.97 2.99 3.14 2.19 0.29 0.88 0.95 0.73 0.58 2.19 3.14 3.94 5.99 6.57 8.40 7.74 12.19 14.31 14.24 14.24 13.51 16.35 13.65 10.15 11.17 8.32 5.04 1.97 2.77 0.00 0.00 0.00 3.50
0.95 0.00 0.00 0.00 0.00 0.00 2.56 2.56 3.21 3.72 2.99 2.77 2.63 2.48 2.77 2.63 2.77 2.63 3.21 3.21 2.63 1.90 1.83 2.92 1.17 1.68 1.68 1.31 1.31 1.39 2.99 2.63 2.70 2.63 1.90 0.73 0.58 1.02 1.10 0.95 1.10 0.88 1.53 1.24 1.24 1.75 1.53 1.53 1.90 1.53 2.85 3.29 3.43 2.99 2.12 0.51 0.80 0.80 0.80 1.31 1.90 1.90 3.07 3.65 5.62 5.55 7.74 10.59 12.85 12.85 14.60 12.63 13.51 8.32 5.33 5.18 6.28 4.45 0.00 0.00 0.00 3.36 1.31
0.95 0.00 0.00 0.00 0.00 0.00 2.56 2.56 3.21 3.72 2.99 2.77 2.63 2.48 2.77 2.63 2.77 2.63 3.21 3.21 2.63 1.90 1.83 2.92 1.17 1.68 1.68 1.31 1.31 1.39 2.99 2.63 2.70 2.63 1.90 0.73 0.58 1.02 1.10 0.95 1.10 0.88 1.53 1.24 1.24 1.75 1.53 1.53 1.90 1.53 2.85 3.29 3.43 2.99 2.12 0.51 0.80 0.80 0.80 1.31 1.90 1.90 3.07 3.65 5.62 5.55 7.74 10.59 12.85 12.85 14.60 12.63 13.51 8.32 5.33 5.18 6.28 4.45 0.00 0.00 0.00 3.36 1.31
0.00 0.00 0.00 0.00 0.00 3.29 2.56 2.41 1.17 2.04 1.46 2.92 3.80 4.31 3.21 3.43 2.41 2.92 2.85 2.85 2.34 1.83 1.39 2.41 1.39 1.83 2.12 1.83 2.19 1.10 2.34 2.99 3.50 3.80 2.41 2.56 0.80 0.00 0.66 1.10 0.51 0.66 2.41 1.61 1.61 1.02 1.02 0.58 0.44 0.51 1.39 1.83 1.97 1.68 2.04 2.26 1.39 1.53 1.90 3.43 4.31 4.23 4.23 4.45 7.30 7.74 9.49 9.49 11.32 11.32 15.18 12.70 8.18 9.49 5.55 5.69 6.94 7.88 0.00 0.00 0.00 4.16 3.80
2.12 2.77 0.00 0.00 0.00 3.65 3.72 3.87 2.26 1.83 2.48 3.80 3.36 5.04 5.40 4.67 3.07 2.92 2.85 2.85 2.85 2.41 2.04 1.17 1.10 1.83 1.97 1.68 2.04 1.83 2.56 2.92 3.14 2.70 2.04 2.56 1.17 0.00 0.29 0.00 0.00 0.00 1.53 1.10 1.10 1.10 0.00 0.00 0.00 0.00 0.00 0.00 0.07 1.31 0.00 1.75 1.02 1.10 2.41 4.89 7.81 13.29 11.39 12.19 8.40 6.35 8.47 12.92 11.61 11.61 15.84 13.51 8.25 9.71 5.91 4.09 2.63 0.00 0.00 0.00 1.61 0.66 2.70
0.00 0.00 0.00 0.00 0.00 4.23 4.89 4.89 2.19 1.53 1.24 2.26 3.36 5.11 4.96 3.94 4.16 4.53 3.43 3.43 2.85 1.97 2.92 1.83 1.46 1.75 2.12 2.56 3.43 1.02 1.68 2.04 2.56 1.61 2.04 2.04 1.24 0.00 0.00 0.66 0.00 0.44 1.10 0.88 0.88 1.02 0.00 0.00 0.00 0.00 0.00 0.00 0.29 0.44 0.00 0.22 0.00 0.95 1.83 3.87 7.30 11.90 12.99 9.13 8.61 8.98 8.98 13.87 12.56 12.56 10.07 12.12 5.99 1.46 1.39 1.83 0.37 0.00 0.00 0.00 0.95 0.73 0.44
0.00 0.00 0.00 0.00 0.00 3.43 4.60 4.16 2.92 3.50 1.97 2.41 1.83 3.87 4.09 4.45 5.04 5.11 5.11 5.11 5.18 4.45 2.77 3.43 3.65 5.99 5.26 5.26 4.38 2.85 2.99 1.53 1.10 1.17 0.95 1.39 0.66 0.00 0.00 0.00 0.00 0.00 0.00 0.22 0.22 0.00 0.00 0.00 0.00 0.00 0.00 1.83 1.31 1.46 0.51 2.12 4.89 4.53 4.74 4.67 5.69 9.20 5.69 7.01 7.74 9.27 8.47 8.25 7.59 7.59 1.10 0.22 0.22 0.29 0.00 0.15 0.15 0.00 0.15 0.00 0.00 0.00 0.00
0.00 0.00 0.00 0.00 0.00 0.00 3.14 2.56 3.72 1.46 2.04 1.17 1.39 3.58 3.87 4.09 4.23 4.09 5.77 5.77 7.52 6.57 6.94 6.20 6.94 6.35 4.89 5.40 2.77 3.14 2.12 1.97 0.95 1.17 0.80 0.51 0.37 0.00 0.00 0.00 0.00 0.00 0.29 1.17 1.17 0.00 0.00 0.00 0.00 0.00 0.00 1.61 0.00 0.73 1.31 3.72 4.74 5.62 5.99 4.31 4.45 4.45 4.09 6.13 4.38 4.31 5.18 5.18 4.96 4.96 1.46 0.00 0.37 0.44 0.22 0.00 0.00 0.00 0.00 0.00 0.00 0.00 0.00
0.00 0.00 0.00 0.00 0.00 0.00 3.14 2.56 3.72 1.46 2.04 1.17 1.39 3.58 3.87 4.09 4.23 4.09 5.77 5.77 7.52 6.57 6.94 6.20 6.94 6.35 4.89 5.40 2.77 3.14 2.12 1.97 0.95 1.17 0.80 0.51 0.37 0.00 0.00 0.00 0.00 0.00 0.29 1.17 1.17 0.00 0.00 0.00 0.00 0.00 0.00 1.61 0.00 0.73 1.31 3.72 4.74 5.62 5.99 4.31 4.45 4.45 4.09 6.13 4.38 4.31 5.18 5.18 4.96 4.96 1.46 0.00 0.37 0.44 0.22 0.00 0.00 0.00 0.00 0.00 0.00 0.00 0.00
0.00 0.00 0.00 0.00 2.77 0.00 2.85 3.43 4.16 2.34 2.77 1.90 1.24 3.36 3.43 5.77 4.23 5.40 7.74 7.74 7.59 7.45 6.72 6.86 6.72 5.91 5.69 3.87 4.31 4.16 2.77 2.63 1.46 1.61 1.24 0.66 0.80 0.66 0.00 0.00 0.00 0.00 0.00 0.44 0.44 0.00 0.80 0.00 0.00 0.00 0.00 0.00 0.00 0.00 0.00 0.95 3.72 4.53 2.63 2.34 2.41 3.21 2.12 4.38 3.72 3.72 3.72 1.83 2.70 2.70 2.41 2.77 1.46 0.88 0.00 0.00 0.00 0.00 0.00 0.00 0.00 0.00 0.00
0.00 0.00 0.00 0.00 0.00 3.29 3.87 3.07 4.60 5.77 4.02 2.04 2.48 2.70 2.63 4.96 5.99 4.16 6.35 6.35 3.36 3.50 5.11 6.06 5.88 6.68 6.94 5.83 5.04 4.45 3.36 2.77 2.04 1.61 1.17 0.44 0.07 0.00 0.00 0.00 0.73 0.00 0.15 0.29 0.29 0.58 0.80 0.00 0.00 0.00 0.00 0.00 0.00 0.00 0.00 0.00 2.04 0.00 0.00 0.00 2.19 0.00 1.75 2.70 2.04 2.56 2.48 2.99 2.19 2.19 1.83 2.26 2.19 0.95 0.00 0.66 0.51 0.00 0.00 0.00 0.00 0.00 0.00
0.00 3.43 0.00 0.00 0.00 0.00 4.23 5.62 5.69 3.94 4.53 0.00 2.12 2.56 1.75 2.19 2.19 4.89 4.38 4.38 1.97 2.56 5.33 5.55 6.88 7.17 6.41 6.64 5.49 3.87 3.50 2.99 2.85 1.61 1.31 1.02 0.00 0.00 0.44 1.17 0.66 0.00 0.00 0.22 0.22 0.00 0.00 0.00 0.00 0.00 0.00 0.00 0.00 0.00 0.00 0.00 0.00 0.00 0.00 0.00 0.00 0.00 0.00 0.07 0.73 0.88 0.66 1.68 1.46 1.46 2.70 2.85 1.75 1.68 1.46 0.73 2.04 0.00 1.17 0.80 0.00 0.07 0.00
5.18 0.00 0.00 0.00 5.04 6.06 5.33 5.04 5.77 4.45 0.00 0.00 0.00 0.00 0.00 1.31 3.43 3.94 1.68 1.68 1.39 2.77 2.89 3.84 5.12 4.46 4.92 5.25 5.09 6.02 3.80 2.56 1.90 3.21 1.10 1.90 0.73 1.31 1.02 0.80 0.95 0.51 0.00 0.00 0.00 0.00 0.00 0.00 0.00 0.00 0.00 0.00 0.00 0.00 0.00 0.00 0.00 0.00 0.00 0.00 0.00 0.00 0.00 0.00 0.00 1.61 0.95 1.24 0.95 0.95 3.80 3.80 5.33 2.92 3.43 1.10 2.70 1.39 1.90 0.95 0.51 0.29 0.07
0.00 5.40 0.00 4.45 5.84 5.62 5.84 5.84 4.53 0.00 0.00 0.00 0.00 0.00 0.00 0.00 0.00 0.00 0.00 0.00 0.00 2.36 2.59 2.33 2.92 2.59 3.80 4.67 7.06 4.10 3.69 3.08 4.31 2.41 4.09 3.50 2.56 2.99 2.12 1.53 1.39 1.10 0.80 0.15 0.15 0.00 0.00 0.00 0.00 0.00 0.00 0.00 0.00 0.00 0.00 0.00 0.00 0.00 0.00 0.00 0.00 0.00 0.00 0.58 1.75 1.75 1.39 5.18 5.18 5.18 5.18 4.82 5.33 3.94 1.97 2.41 2.34 1.31 0.95 0.88 1.61 0.51 1.10
0.00 5.40 0.00 4.45 5.84 5.62 5.84 5.84 4.53 0.00 0.00 0.00 0.00 0.00 0.00 0.00 0.00 0.00 0.00 0.00 0.00 2.40 2.78 2.27 2.99 2.56 3.80 4.53 6.56 3.83 3.74 3.11 4.49 2.71 4.33 3.59 2.56 2.99 2.12 1.53 1.39 1.10 0.80 0.15 0.15 0.00 0.00 0.00 0.00 0.00 0.00 0.00 0.00 0.00 0.00 0.00 0.00 0.00 0.00 0.00 0.00 0.00 0.00 0.58 1.75 1.75 1.39 5.18 5.18 5.18 5.18 4.82 5.33 3.94 1.97 2.41 2.34 1.31 0.95 0.88 1.61 0.51 1.10
5.48 5.69 5.48 5.18 5.55 5.77 5.99 6.28 6.94 0.00 4.96 0.00 0.00 0.00 0.00 0.00 4.60 0.00 0.00 0.00 0.00 0.00 0.00 0.00 0.00 0.00 0.00 0.00 1.83 3.87 3.37 2.80 3.86 5.18 4.95 4.36 4.99 4.87 3.21 3.29 1.39 1.02 0.00 0.58 0.58 0.00 0.00 0.00 0.00 0.00 0.00 0.00 0.00 0.00 0.00 0.00 0.00 0.00 0.00 0.00 0.00 0.00 0.00 0.00 2.77 5.04 6.06 5.91 5.69 5.69 6.06 4.45 4.96 3.80 2.04 3.65 1.90 1.75 3.80 2.56 2.41 2.92 1.10
4.74 4.82 4.67 4.60 5.91 5.69 6.28 5.84 6.13 6.64 8.76 4.96 5.26 3.14 1.90 2.12 0.00 4.53 4.23 4.23 4.18 3.29 0.00 0.00 0.00 0.00 0.00 0.00 0.00 2.68 2.06 1.31 2.85 2.19 3.39 6.28 5.52 6.00 4.11 4.67 2.63 1.75 1.31 1.31 1.31 0.00 0.00 0.00 0.73 0.00 0.00 0.00 0.00 0.00 0.00 0.00 0.00 0.00 0.00 0.00 0.00 0.00 0.00 1.83 0.00 4.31 5.55 5.55 5.40 5.40 7.37 7.66 4.74 5.62 3.21 3.43 4.38 5.11 4.60 3.72 3.50 3.72 3.14
4.23 4.45 4.53 4.16 5.04 5.18 6.28 4.45 4.89 7.23 6.13 5.91 4.96 3.07 2.41 5.18 3.80 4.38 2.99 2.99 3.14 3.14 2.34 2.34 0.00 0.00 0.00 0.00 0.00 0.00 0.00 3.29 1.75 3.07 3.94 5.23 4.82 6.90 4.96 4.96 4.60 3.94 3.21 1.31 1.31 0.80 0.00 0.51 0.73 0.00 0.66 0.00 0.00 0.00 0.00 0.00 0.00 0.00 0.00 0.00 0.00 0.00 0.00 0.00 0.00 3.43 2.92 5.84 5.40 5.40 7.37 9.27 6.50 3.36 3.65 3.65 4.60 6.13 7.01 7.52 4.96 4.31 4.31
0.00 4.02 2.92 4.82 4.09 0.00 0.00 3.72 3.94 5.40 6.06 5.40 5.55 3.94 4.96 3.65 3.58 3.80 1.90 1.90 2.41 1.75 3.07 0.00 0.00 0.00 0.00 0.00 0.00 0.00 0.00 0.00 3.36 0.00 4.09 3.94 4.23 5.78 5.98 5.21 5.38 3.29 3.65 2.34 2.34 1.46 1.46 0.73 1.17 1.39 0.95 0.00 0.00 0.00 0.00 0.00 0.00 0.00 0.00 0.00 0.00 0.00 0.00 0.00 0.00 1.24 0.00 4.45 5.91 5.91 9.27 9.49 4.23 2.70 1.90 3.94 3.21 6.13 7.59 7.59 7.45 6.57 6.28
0.00 0.00 0.00 0.00 2.99 0.00 0.00 0.00 0.00 5.09 5.04 5.84 5.26 3.58 5.18 3.94 2.92 1.46 1.10 1.10 1.53 2.34 0.00 0.00 0.00 2.19 2.56 0.00 0.00 0.00 0.00 0.00 0.00 0.00 4.45 6.06 5.62 5.40 6.35 6.30 4.57 4.92 3.65 4.16 4.16 2.63 3.21 1.61 1.39 1.02 1.46 1.17 1.53 0.00 0.00 0.00 0.00 0.00 0.88 0.80 0.00 0.00 0.00 0.00 0.00 0.00 0.00 2.41 4.60 4.60 4.89 0.00 0.00 2.48 0.80 3.58 4.74 4.23 5.99 6.72 6.28 6.06 6.86
0.00 0.00 0.00 0.00 0.00 0.00 5.62 6.20 4.16 0.00 0.00 2.92 3.14 2.34 3.94 3.72 1.68 0.00 0.00 0.00 0.00 2.34 0.00 0.00 0.00 3.87 3.36 0.00 0.00 0.00 0.00 0.00 0.00 0.00 0.00 3.36 3.94 5.77 5.97 7.52 5.99 6.71 5.40 3.36 3.36 4.53 4.02 2.99 3.43 2.04 1.31 1.68 2.19 0.66 1.61 0.00 0.00 0.00 0.00 0.00 0.00 0.00 0.80 0.00 0.00 0.00 0.00 1.53 1.90 1.90 0.00 0.00 0.00 0.22 0.29 1.02 3.07 3.14 2.85 5.04 5.11 6.06 6.86
0.00 0.00 0.00 0.00 0.00 0.00 5.62 6.20 4.16 0.00 0.00 2.92 3.14 2.34 3.94 3.72 1.68 0.00 0.00 0.00 0.00 2.34 0.00 0.00 0.00 3.87 3.36 0.00 0.00 0.00 0.00 0.00 0.00 0.00 0.00 3.37 3.96 5.77 5.94 7.59 5.99 6.64 5.40 3.36 3.36 4.53 4.02 2.99 3.43 2.04 1.31 1.68 2.19 0.66 1.61 0.00 0.00 0.00 0.00 0.00 0.00 0.00 0.80 0.00 0.00 0.00 0.00 1.53 1.90 1.90 0.00 0.00 0.00 0.22 0.29 1.02 3.07 3.14 2.85 5.04 5.11 6.06 6.86
5.62 3.14 2.92 0.00 0.00 0.00 0.00 5.91 5.93 3.85 2.99 1.97 2.48 2.56 1.75 0.29 0.00 0.00 0.00 0.00 0.00 0.00 0.00 0.00 0.00 0.00 0.00 0.00 0.00 0.00 0.00 0.00 0.00 0.00 4.09 0.00 3.80 4.74 6.35 7.26 6.72 6.94 5.40 5.04 5.04 5.40 4.67 4.16 3.29 4.38 2.19 2.48 2.34 2.85 2.70 1.53 0.00 0.00 0.00 0.00 0.00 1.31 0.95 1.24 0.00 0.00 1.31 0.00 0.00 0.00 0.00 0.00 0.00 1.02 0.00 0.00 1.46 0.00 0.00 4.09 3.65 4.89 4.53
