Wansh/Snow_depth/snowdepth-1997/winter/1998058.txt
ncols 321
nrows 161
xllcenter 60
yllcenter 15 
cellsize  0.25 
NODATA_value -1
[rows 0 to 36 of 161, columns 83 to 165 of 321]
17.45 17.89 17.67 17.52 14.31 13.65 10.88 11.53 11.68 12.78 15.26 14.60 15.11 14.97 14.97 9.56 9.34 10.44 11.68 11.68 12.05 12.48 6.42 6.42 6.42 6.42 3.72 3.80 3.21 3.58 3.07 5.91 6.28 5.11 5.11 5.91 7.45 7.96 9.86 10.66 8.18 9.20 9.05 8.03 8.03 6.57 5.77 4.96 5.18 6.57 5.91 8.61 8.25 9.78 9.13 12.41 9.13 8.83 9.71 4.53 3.07 3.80 2.56 1.75 1.68 2.77 2.63 4.02 4.31 4.31 4.45 7.74 10.22 9.71 10.00 9.42 9.34 12.48 11.53 14.60 13.72 14.67 11.53
18.40 17.81 17.30 17.01 14.31 15.26 13.36 10.88 12.34 14.75 15.91 15.18 8.76 8.47 7.88 8.03 7.74 10.15 9.13 9.13 11.61 14.16 13.58 13.36 9.86 6.72 8.32 4.16 3.07 4.23 3.36 3.36 4.23 3.94 2.77 2.70 2.92 3.87 5.99 5.04 8.83 10.07 12.99 11.61 11.61 11.97 6.79 4.96 4.23 5.26 3.94 5.18 3.58 3.58 4.67 5.04 6.79 5.40 4.09 4.02 6.94 4.45 4.31 5.77 3.43 3.29 5.18 5.11 5.11 5.11 8.47 8.18 9.93 10.29 10.37 11.46 13.80 11.53 14.24 13.65 15.26 13.58 13.80
16.79 17.23 14.89 14.45 15.04 13.36 12.78 13.43 15.04 17.96 9.27 10.88 10.22 9.42 11.02 9.49 8.40 8.40 8.69 8.69 8.47 9.93 12.12 14.53 12.41 9.13 9.56 5.11 6.13 4.45 4.60 3.58 4.02 4.09 2.63 2.19 4.16 4.67 7.23 11.02 11.39 11.10 12.48 10.73 10.73 10.59 11.17 10.66 7.15 7.23 3.14 4.23 3.21 3.14 3.36 5.11 5.62 6.72 8.47 8.47 8.32 8.91 7.74 7.52 8.83 6.72 6.42 9.93 11.53 11.53 11.46 9.71 9.71 10.37 12.19 12.05 14.89 16.79 16.28 15.84 14.67 14.67 16.13
16.79 17.23 14.89 14.45 15.04 13.36 12.78 13.43 15.04 17.96 9.27 10.88 10.22 9.42 11.02 9.49 8.40 8.40 8.69 8.69 8.47 9.93 12.12 14.53 12.41 9.13 9.56 5.11 6.13 4.45 4.60 3.58 4.02 4.09 2.63 2.19 4.16 4.67 7.23 11.02 11.39 11.10 12.48 10.73 10.73 10.59 11.17 10.66 7.15 7.23 3.14 4.23 3.21 3.14 3.36 5.11 5.62 6.72 8.47 8.47 8.32 8.91 7.74 7.52 8.83 6.72 6.42 9.93 11.53 11.53 11.46 9.71 9.71 10.37 12.19 12.05 14.89 16.79 16.28 15.84 14.67 14.67 16.13
15.26 14.09 12.99 13.14 13.21 12.34 12.70 13.58 14.82 8.61 17.01 11.39 12.34 11.53 12.05 11.02 11.61 10.29 8.25 8.25 8.76 8.18 8.61 12.34 12.34 12.05 10.29 6.28 8.32 4.96 4.60 3.36 3.80 4.53 4.53 5.77 4.96 6.64 7.59 8.18 8.69 5.11 8.54 7.74 7.74 10.88 10.80 11.02 11.39 9.05 5.69 5.55 5.04 3.14 3.72 3.14 4.53 3.94 6.06 7.59 10.22 9.78 11.02 9.49 9.78 9.64 12.05 10.44 11.68 11.68 9.56 9.93 10.15 10.44 10.37 11.68 14.02 16.50 17.30 17.52 14.82 15.26 16.06
15.33 13.36 13.51 13.21 13.80 12.92 11.83 11.90 5.40 7.01 11.10 11.83 11.90 11.75 13.07 11.83 12.34 10.80 10.95 10.95 9.71 7.59 9.05 9.27 10.29 12.12 10.80 7.96 6.28 4.16 4.67 4.23 4.23 4.96 6.35 5.91 6.57 5.04 5.48 1.02 1.53 3.36 6.57 5.91 5.91 4.02 8.91 13.29 12.56 13.51 9.13 4.53 5.18 3.50 3.87 3.94 4.31 4.60 6.57 5.91 9.78 11.32 10.95 14.60 12.92 12.78 12.12 9.64 10.00 10.00 8.61 9.05 8.83 10.29 10.44 10.37 10.00 10.37 12.70 11.97 11.97 14.67 16.64
15.55 14.60 14.89 13.80 12.05 12.34 8.91 6.13 6.06 7.66 7.81 9.20 8.47 10.22 11.39 10.66 12.41 11.97 12.19 12.19 9.56 10.80 10.73 10.29 8.47 7.66 8.10 7.66 5.48 4.38 4.67 4.38 3.94 5.77 5.77 5.40 4.45 2.04 0.29 0.73 0.37 0.00 2.26 4.16 4.16 3.29 7.30 12.48 13.51 13.87 11.24 5.26 3.72 4.02 4.23 4.38 6.28 5.55 7.15 9.78 9.34 13.29 15.99 15.33 16.64 15.11 14.02 11.24 10.66 10.66 10.88 9.71 11.02 10.73 11.24 10.37 10.51 9.78 9.05 9.56 9.42 10.59 13.21
15.55 14.60 14.89 13.80 12.05 12.34 8.91 6.13 6.06 7.66 7.81 9.20 8.47 10.22 11.39 10.66 12.41 11.97 12.19 12.19 9.56 10.80 10.73 10.29 8.47 7.66 8.10 7.66 5.48 4.38 4.67 4.38 3.94 5.77 5.77 5.40 4.45 2.04 0.29 0.73 0.37 0.00 2.26 4.16 4.16 3.29 7.30 12.48 13.51 13.87 11.24 5.26 3.72 4.02 4.23 4.38 6.28 5.55 7.15 9.78 9.34 13.29 15.99 15.33 16.64 15.11 14.02 11.24 10.66 10.66 10.88 9.71 11.02 10.73 11.24 10.37 10.51 9.78 9.05 9.56 9.42 10.59 13.21
15.77 12.85 13.36 11.75 11.39 9.56 6.42 6.94 5.77 8.32 6.86 6.28 6.35 8.32 7.45 10.00 12.78 13.72 13.21 13.21 13.21 12.56 12.34 11.10 10.29 6.79 4.82 4.82 4.74 4.45 5.18 5.91 5.91 5.84 5.62 5.91 6.13 3.87 4.45 1.90 2.41 2.19 1.68 4.96 4.96 8.32 10.44 10.95 5.55 6.20 4.53 5.11 5.48 5.04 5.55 3.87 6.42 8.18 8.03 8.32 12.12 12.05 11.61 15.48 15.91 14.09 12.48 14.31 12.19 12.19 12.56 12.26 13.14 12.41 12.48 12.70 12.56 10.88 10.37 9.93 9.78 9.20 8.10
11.32 10.22 10.80 11.53 10.00 7.30 7.30 6.35 5.18 5.69 7.08 5.99 6.72 6.86 8.47 10.51 12.85 12.48 13.51 13.51 13.80 14.82 12.26 9.42 10.73 7.52 5.55 5.33 5.62 5.99 5.69 5.91 5.62 6.86 7.45 7.88 7.30 7.01 5.48 4.96 3.94 2.77 3.50 3.07 3.07 5.04 4.16 4.60 4.53 5.91 7.88 8.98 8.54 8.18 8.47 9.20 7.15 7.30 7.37 7.23 7.74 9.27 9.34 8.98 9.34 11.17 11.61 12.63 12.05 12.05 12.26 14.53 14.75 15.18 12.19 12.56 12.99 16.50 15.40 17.45 10.44 11.17 7.66
9.93 9.34 9.20 7.81 5.99 5.69 5.55 5.55 7.59 8.32 6.35 7.01 6.86 7.96 8.69 8.91 12.63 12.26 12.12 12.12 13.72 14.45 12.26 9.20 10.59 5.99 6.06 6.28 5.99 3.94 4.16 4.74 4.38 6.13 5.11 6.28 5.62 6.06 5.99 6.13 4.96 4.09 6.79 5.40 5.40 4.16 3.94 5.77 7.15 8.32 8.25 9.93 11.10 10.80 9.27 6.79 7.81 7.23 9.64 7.74 7.74 9.05 8.91 9.05 9.13 10.95 14.53 13.94 17.37 17.37 19.64 16.43 16.79 15.62 16.72 13.87 13.07 15.48 18.10 18.03 15.62 10.15 10.29
9.93 9.34 9.20 7.81 5.99 5.69 5.55 5.55 7.59 8.32 6.35 7.01 6.86 7.96 8.69 8.91 12.63 12.26 12.12 12.12 13.72 14.45 12.26 9.20 10.59 5.99 6.06 6.28 5.99 3.94 4.16 4.74 4.38 6.13 5.11 6.28 5.62 6.06 5.99 6.13 4.96 4.09 6.79 5.40 5.40 4.16 3.94 5.77 7.15 8.32 8.25 9.93 11.10 10.80 9.27 6.79 7.81 7.23 9.64 7.74 7.74 9.05 8.91 9.05 9.13 10.95 14.53 13.94 17.37 17.37 19.64 16.43 16.79 15.62 16.72 13.87 13.07 15.48 18.10 18.03 15.62 10.15 10.29
8.83 9.49 8.32 4.02 4.74 4.67 6.35 5.84 7.88 8.47 9.49 9.71 11.39 11.24 9.56 14.38 14.09 15.62 17.89 17.89 16.72 15.70 11.68 9.13 8.54 7.37 6.64 5.48 5.11 5.26 4.74 5.26 7.30 5.99 4.96 6.50 7.30 6.79 6.06 5.99 7.88 7.59 6.79 5.62 5.62 3.43 4.60 4.09 6.86 8.18 10.66 9.93 11.68 8.61 9.13 7.15 8.83 11.53 10.95 12.92 10.51 10.44 10.00 9.34 11.02 10.80 13.72 17.30 16.64 16.64 20.95 22.48 22.34 18.03 14.45 14.97 13.58 13.72 15.77 15.70 11.39 11.83 11.61
8.98 9.78 4.02 4.31 3.58 4.09 5.26 6.79 8.83 9.20 9.93 13.07 15.84 16.50 17.30 16.64 16.28 17.81 17.52 17.52 16.13 11.02 15.62 9.64 8.76 7.01 6.13 5.62 6.13 5.91 10.22 10.29 8.40 8.98 8.32 8.76 7.66 8.25 8.54 6.42 5.55 3.94 3.36 3.50 3.50 3.14 4.02 6.94 6.35 8.10 9.49 8.25 8.47 7.59 6.79 7.88 7.37 10.29 11.46 12.12 8.54 10.44 10.22 11.10 12.78 15.33 15.04 17.01 20.88 20.88 20.29 23.51 21.68 22.27 17.52 14.53 14.89 11.90 7.81 8.40 7.37 9.64 12.34
10.29 4.23 3.80 3.07 2.92 4.09 4.67 6.28 9.05 13.36 13.65 13.21 15.33 16.13 12.63 15.48 15.62 15.40 16.86 16.86 14.31 10.22 9.27 7.37 7.08 6.86 6.57 5.62 9.27 11.61 12.34 11.97 11.02 11.97 9.71 7.45 7.08 5.18 5.91 5.04 4.23 4.02 2.41 3.07 3.07 3.21 6.64 7.52 8.25 9.93 9.64 9.05 9.27 9.64 8.54 9.93 10.22 9.56 9.71 7.74 8.25 5.69 9.56 10.15 9.49 11.02 16.28 16.72 17.23 17.23 20.08 21.68 20.51 17.45 18.18 11.68 10.51 11.61 3.50 2.26 1.17 8.76 9.05
4.53 10.80 4.38 4.45 5.18 5.91 5.62 7.52 6.86 9.20 10.51 6.86 8.98 10.59 9.71 12.48 11.17 12.05 11.68 11.68 11.39 8.54 8.98 8.91 8.10 8.76 9.27 8.91 9.20 11.02 11.97 14.38 13.07 14.75 9.86 6.94 4.96 5.11 6.72 7.45 7.23 6.28 7.74 7.45 7.45 6.64 6.79 6.20 6.94 8.40 8.91 8.76 8.76 8.47 10.07 10.00 8.69 8.91 9.34 4.31 4.23 5.62 5.55 7.23 8.76 8.47 12.48 17.23 16.94 16.94 19.71 19.71 20.29 14.97 9.93 10.44 10.51 5.18 0.00 0.00 7.96 5.11 11.17
4.53 10.80 4.38 4.45 5.18 5.91 5.62 7.52 6.86 9.20 10.51 6.86 8.98 10.59 9.71 12.48 11.17 12.05 11.68 11.68 11.39 8.54 8.98 8.91 8.10 8.76 9.27 8.91 9.20 11.02 11.97 14.38 13.07 14.75 9.86 6.94 4.96 5.11 6.72 7.45 7.23 6.28 7.74 7.45 7.45 6.64 6.79 6.20 6.94 8.40 8.91 8.76 8.76 8.47 10.07 10.00 8.69 8.91 9.34 4.31 4.23 5.62 5.55 7.23 8.76 8.47 12.48 17.23 16.94 16.94 19.71 19.71 20.29 14.97 9.93 10.44 10.51 5.18 0.00 0.00 7.96 5.11 11.17
5.04 4.53 6.28 6.64 7.15 7.15 5.77 7.59 6.42 4.53 4.53 6.72 7.88 9.13 11.53 11.83 11.97 11.68 11.24 11.24 11.61 10.59 7.96 5.99 6.94 9.20 9.42 9.64 9.05 8.83 10.95 13.36 13.65 13.94 11.32 8.69 7.66 5.48 6.35 8.10 6.57 7.45 7.23 7.23 7.23 7.59 6.64 6.94 6.35 7.96 7.74 6.28 6.50 7.23 5.69 7.30 6.50 4.96 3.58 4.60 7.15 8.91 9.56 11.53 8.47 11.61 11.02 14.24 19.49 19.49 18.54 20.59 14.02 16.06 9.49 10.73 9.71 9.05 0.00 3.36 1.02 8.03 4.82
6.06 7.15 8.76 8.40 8.91 9.20 7.96 6.64 7.01 5.04 4.02 5.26 8.25 10.73 12.70 11.68 10.22 9.20 9.56 9.56 9.78 6.50 5.18 5.84 6.13 7.52 8.61 10.88 10.15 10.88 13.80 12.99 16.79 15.48 13.36 9.34 10.59 6.50 4.67 3.29 3.94 6.13 6.79 9.05 9.05 8.47 8.91 10.66 8.76 8.91 7.66 5.69 4.67 4.53 4.60 4.53 3.87 4.45 5.69 10.37 9.13 14.89 16.13 14.97 16.28 11.02 13.72 13.07 20.73 20.73 21.61 21.61 17.01 8.10 6.42 5.26 2.85 0.00 0.15 2.04 5.48 4.89 3.43
5.26 7.74 9.49 9.64 11.02 10.73 11.24 7.74 5.84 7.81 7.74 7.52 7.74 8.47 10.88 8.47 8.91 9.71 10.15 10.15 10.15 9.05 7.96 7.30 7.08 9.34 8.69 9.78 9.71 8.18 10.88 6.28 13.21 11.10 11.02 8.69 4.53 2.85 0.80 1.24 2.56 1.83 6.20 11.10 11.10 13.14 12.34 12.41 8.32 7.88 8.91 6.20 7.15 4.38 4.45 4.82 6.79 9.42 8.83 9.78 15.18 14.02 16.57 16.57 13.65 14.67 14.97 20.66 19.13 19.13 18.25 8.32 2.19 6.13 3.50 1.39 1.83 0.00 0.00 0.00 0.00 0.88 0.88
6.86 8.76 8.76 10.29 10.80 10.73 12.26 9.86 11.32 9.93 9.86 8.47 14.31 9.93 10.66 9.27 7.23 9.93 9.71 9.71 10.15 9.49 10.59 7.88 7.96 9.42 12.41 10.00 10.59 7.23 7.01 7.45 5.99 5.91 4.74 4.96 3.87 0.00 0.51 1.17 1.75 1.46 5.26 7.88 7.88 12.48 9.42 11.61 11.68 9.71 8.03 9.34 9.05 9.20 7.81 11.24 10.22 11.24 11.32 11.75 12.78 12.78 10.15 10.44 13.80 14.82 13.94 14.31 14.38 14.38 5.26 7.08 0.80 0.00 0.00 0.07 0.00 0.00 0.00 0.00 0.00 0.00 0.00
7.08 8.69 10.51 10.07 10.29 10.59 11.53 11.97 11.90 13.72 13.43 18.47 18.69 15.33 11.02 13.07 11.53 12.05 13.29 13.29 13.72 13.87 13.87 11.90 14.75 15.18 15.55 13.14 14.82 9.64 5.26 6.06 4.67 4.82 3.21 3.58 3.36 0.00 0.00 0.44 1.97 3.21 4.53 4.96 4.96 1.61 4.67 7.01 4.45 3.94 6.28 4.16 7.52 6.94 5.84 10.66 9.93 10.51 11.32 4.96 5.91 7.81 6.94 7.88 11.32 12.34 12.19 12.19 8.83 8.83 3.36 1.17 1.39 0.00 0.37 0.51 0.00 0.00 0.00 0.00 0.00 0.00 0.00
7.08 8.69 10.51 10.07 10.29 10.59 11.53 11.97 11.90 13.72 13.43 18.47 18.69 15.33 11.02 13.07 11.53 12.05 13.29 13.29 13.72 13.87 13.87 11.90 14.75 15.18 15.55 13.14 14.82 9.64 5.26 6.06 4.67 4.82 3.21 3.58 3.36 0.00 0.00 0.44 1.97 3.21 4.53 4.96 4.96 1.61 4.67 7.01 4.45 3.94 6.28 4.16 7.52 6.94 5.84 10.66 9.93 10.51 11.32 4.96 5.91 7.81 6.94 7.88 11.32 12.34 12.19 12.19 8.83 8.83 3.36 1.17 1.39 0.00 0.37 0.51 0.00 0.00 0.00 0.00 0.00 0.00 0.00
9.56 9.64 9.56 9.05 9.34 9.34 9.20 12.19 14.24 18.25 17.01 19.42 19.35 20.81 19.27 17.30 14.38 12.99 16.13 16.13 16.43 16.35 16.06 15.84 16.57 16.28 17.37 15.40 14.67 10.66 10.73 5.11 4.02 3.21 2.26 0.00 0.00 0.00 0.00 0.00 0.66 1.61 0.66 0.00 0.00 0.00 0.00 0.00 0.00 0.00 3.58 1.61 3.36 3.80 2.85 7.88 6.50 2.41 8.69 3.21 3.21 3.07 5.69 7.37 8.91 8.61 10.95 6.79 7.96 7.96 5.18 7.45 2.34 2.63 1.17 0.00 0.00 0.00 0.00 0.00 0.00 0.00 0.00
8.83 9.20 9.71 10.95 8.61 6.50 13.29 16.43 17.74 19.42 20.51 20.37 18.25 18.76 17.67 17.23 13.51 16.57 14.45 14.45 15.18 15.84 15.99 15.70 16.76 14.89 14.68 13.64 12.63 11.24 10.73 8.61 4.38 4.09 2.63 0.88 0.37 0.00 0.07 0.73 0.58 0.95 0.73 0.29 0.29 0.00 0.00 0.00 0.00 0.00 1.31 1.17 0.00 0.00 0.00 0.00 3.21 0.00 0.00 0.00 0.00 3.21 5.91 5.48 7.88 6.57 7.01 6.94 5.84 5.84 7.45 7.01 6.50 3.72 3.07 1.02 0.00 0.00 0.00 0.00 0.00 0.00 0.00
11.32 13.51 12.99 13.72 11.10 17.16 10.29 16.43 20.37 22.48 22.85 21.24 18.03 13.72 13.07 11.97 12.26 12.26 12.48 12.48 15.91 16.13 17.08 17.96 18.69 18.14 14.30 16.79 15.50 15.18 10.73 7.81 4.31 5.40 2.63 1.10 1.53 0.00 0.22 1.53 1.02 0.00 0.07 0.51 0.51 0.44 0.00 0.00 0.00 0.00 0.00 0.00 0.00 0.00 0.00 0.00 0.00 0.00 0.00 0.00 0.00 0.00 3.29 5.84 5.84 4.74 4.02 4.02 4.96 4.96 6.79 6.50 6.86 4.16 4.23 3.94 0.95 0.51 0.88 0.80 0.22 0.00 0.00
15.04 14.67 15.11 15.11 18.54 13.58 14.67 17.59 18.83 19.05 19.86 20.08 9.34 8.76 9.34 11.39 11.39 16.72 17.67 17.67 18.03 16.79 17.05 17.54 18.14 17.32 18.23 17.69 16.52 16.63 12.89 9.78 7.52 10.88 6.64 3.21 4.23 1.02 3.58 2.19 1.10 0.51 0.00 0.00 0.00 0.00 0.00 0.00 0.00 0.00 0.00 0.00 0.00 0.00 0.00 0.00 0.00 0.00 0.00 0.00 0.00 3.50 3.14 4.67 6.06 4.09 3.65 7.74 12.70 12.70 12.26 8.10 6.57 6.86 5.99 5.62 6.06 6.13 4.38 1.97 1.75 1.83 0.00
16.64 15.11 16.21 18.10 19.27 22.27 22.63 20.51 17.67 19.35 11.97 6.20 7.52 5.91 6.79 7.37 12.12 17.52 18.61 18.61 16.74 13.64 14.82 12.27 14.75 17.94 16.57 18.96 21.27 20.68 17.62 15.26 18.69 14.31 12.41 9.13 10.37 5.69 2.92 3.07 1.10 1.17 0.00 0.00 0.00 0.00 0.00 0.00 0.00 0.00 0.00 0.00 0.00 0.00 0.00 0.00 0.00 0.00 0.00 0.00 0.00 4.02 5.55 4.96 8.10 10.66 10.51 9.27 14.16 14.16 12.99 14.24 9.93 6.57 5.77 5.77 5.62 4.02 2.85 2.99 2.12 0.66 0.00
16.64 15.11 16.21 18.10 19.27 22.27 22.63 20.51 17.67 19.35 11.97 6.20 7.52 5.91 6.79 7.37 12.12 17.52 18.61 18.71 17.28 13.85 15.87 11.96 15.12 17.67 16.57 18.40 19.76 19.32 17.89 15.42 19.47 16.08 13.13 9.36 10.37 5.69 2.92 3.07 1.10 1.17 0.00 0.00 0.00 0.00 0.00 0.00 0.00 0.00 0.00 0.00 0.00 0.00 0.00 0.00 0.00 0.00 0.00 0.00 0.00 4.02 5.55 4.96 8.10 10.66 10.51 9.27 14.16 14.16 12.99 14.24 9.93 6.57 5.77 5.77 5.62 4.02 2.85 2.99 2.12 0.66 0.00
16.35 17.23 16.50 17.67 18.76 22.78 24.67 24.24 22.19 25.11 16.94 10.44 14.09 7.23 8.10 6.94 13.29 14.53 21.17 21.17 16.28 11.02 8.32 6.90 10.23 14.23 14.53 18.80 17.09 22.56 24.06 24.11 22.77 20.54 18.70 18.51 13.77 9.22 9.27 3.21 1.53 1.68 1.97 0.00 0.00 0.00 0.00 0.00 0.00 0.00 0.00 0.00 0.00 0.00 0.00 0.00 0.00 0.00 0.00 0.00 0.00 0.00 4.82 8.25 7.30 12.34 13.94 14.97 14.67 14.67 13.58 9.56 10.37 7.45 5.18 6.57 5.33 4.16 3.29 2.92 3.07 1.46 0.66
13.58 13.94 14.09 15.48 17.01 19.93 22.85 18.76 21.75 25.62 24.53 21.46 18.69 14.67 15.70 20.44 15.91 19.20 22.27 22.27 18.86 7.81 8.66 5.77 6.57 4.84 8.82 14.60 16.42 24.66 22.86 26.06 30.66 26.21 23.88 26.26 19.26 20.60 14.31 6.50 9.78 4.60 5.69 1.46 1.46 1.24 0.00 0.07 0.73 0.51 0.00 0.00 0.00 0.00 0.00 0.00 0.00 0.00 0.00 0.00 0.00 0.00 0.00 7.08 11.75 10.88 13.14 11.10 12.78 12.78 13.51 10.88 7.59 5.48 5.69 6.50 6.64 6.57 6.28 7.23 4.89 3.43 3.50
12.34 11.68 10.51 10.51 14.60 12.70 13.21 16.28 15.26 19.71 18.61 18.83 18.61 16.28 15.18 18.54 18.91 11.39 12.34 12.34 9.71 6.79 7.45 4.89 4.02 4.16 5.62 5.62 14.45 24.26 29.05 28.54 30.15 30.22 27.08 30.97 24.99 19.25 17.52 11.75 15.91 9.49 8.91 1.61 1.61 2.99 0.44 0.80 0.22 0.29 0.15 0.00 0.00 0.00 0.00 0.00 0.00 0.00 0.00 0.00 0.00 0.00 0.00 0.00 3.21 9.86 10.15 9.27 10.29 10.29 12.26 8.47 9.56 6.79 6.72 6.50 7.74 8.47 9.42 9.42 7.81 4.96 4.53
13.07 12.34 10.37 10.66 11.39 12.56 13.51 14.67 19.78 19.71 18.98 19.42 15.40 16.50 14.53 12.05 9.05 6.86 7.01 7.01 7.23 5.40 7.08 8.18 6.42 10.95 10.07 9.86 12.84 15.33 21.32 25.70 25.04 23.21 29.42 33.00 30.00 32.61 26.85 20.26 19.98 14.82 12.63 5.18 5.18 5.55 1.53 1.53 1.68 0.15 0.95 0.00 0.00 0.00 0.00 0.00 0.00 0.00 0.00 0.73 0.00 0.00 0.00 0.00 0.00 5.40 4.45 7.15 6.13 6.13 9.71 5.91 2.41 2.99 1.31 2.56 8.91 8.40 10.07 10.07 7.96 8.47 6.86
10.22 10.95 10.59 10.95 12.92 13.51 15.62 16.50 18.40 19.47 19.64 16.13 16.94 13.58 9.34 10.88 10.88 5.99 4.23 4.23 2.92 4.82 7.23 10.88 14.82 14.53 13.21 13.07 13.13 12.70 15.26 12.92 19.13 20.00 31.61 29.42 34.09 32.63 30.59 25.35 25.91 16.80 16.64 10.37 10.37 8.69 3.65 3.72 5.11 0.88 2.77 1.02 0.00 0.00 0.00 0.00 0.00 0.00 0.00 0.00 1.31 0.00 0.00 0.00 0.00 0.00 0.00 3.72 5.11 5.11 4.96 3.36 0.80 0.88 1.24 0.95 2.70 5.69 7.74 7.52 8.03 8.54 8.40
10.73 12.12 11.61 10.44 11.68 13.87 15.26 16.94 16.72 17.45 13.07 12.56 11.97 7.45 5.77 8.10 7.59 0.00 2.92 2.92 5.18 4.45 8.47 13.87 12.70 16.13 14.16 13.58 11.97 14.08 13.69 13.54 14.38 15.80 24.16 22.70 21.24 27.81 26.62 30.88 28.69 23.60 20.22 21.32 21.32 14.02 17.45 9.13 11.97 4.02 4.16 4.82 0.00 0.00 0.00 0.00 0.00 0.00 0.00 0.00 1.02 0.15 0.51 0.00 0.00 0.00 0.00 0.00 0.00 0.00 0.00 0.00 0.00 0.15 0.88 1.17 0.80 1.97 4.31 6.13 8.25 7.45 9.34
10.73 12.12 11.61 10.44 11.68 13.87 15.26 16.94 16.72 17.01 13.07 12.56 11.97 7.45 5.77 8.10 7.59 0.00 2.93 2.92 5.18 4.45 8.47 13.87 12.70 16.13 14.16 13.58 11.97 13.87 13.21 13.07 14.31 15.33 24.16 22.82 21.35 27.81 26.49 31.19 28.69 23.36 20.22 21.32 21.32 14.02 17.45 9.13 11.97 4.02 4.16 4.82 0.00 0.00 0.00 0.00 0.00 0.00 0.00 0.00 1.02 0.15 0.51 0.00 0.00 0.00 0.00 0.00 0.00 0.00 0.00 0.00 0.00 0.15 0.88 1.17 0.80 1.97 4.31 6.13 8.25 7.45 9.34
20.81 14.45 10.66 10.44 11.75 17.16 19.78 19.64 17.05 12.38 12.92 11.02 8.32 7.23 3.21 0.22 0.00 0.00 0.00 0.00 2.70 4.53 6.94 11.68 10.15 17.96 17.96 16.21 14.97 15.99 14.67 15.11 15.48 14.09 13.72 15.40 12.41 21.97 21.02 21.50 27.96 19.49 20.51 19.05 19.05 20.51 20.51 15.70 15.99 9.49 8.10 9.93 7.52 0.00 0.00 0.00 0.00 0.00 0.00 0.00 0.00 0.00 0.66 0.44 0.29 0.00 0.22 0.00 0.00 0.00 0.00 0.00 0.00 0.00 0.00 0.00 0.66 0.73 0.00 2.41 5.69 4.02 6.06
