Wansh/Snow_depth/snowdepth-1997/winter/1998041.txt
ncols 321
nrows 161
xllcenter 60
yllcenter 15 
cellsize  0.25 
NODATA_value -1
[rows 0 to 36 of 161, columns 166 to 248 of 321]
9.71 9.56 9.86 5.91 5.26 4.82 5.69 6.28 6.42 6.20 6.13 6.13 6.72 6.06 5.69 5.55 5.69 5.84 6.20 8.18 7.81 8.98 8.69 8.25 8.83 7.88 8.91 9.86 9.86 9.86 0.00 0.00 0.00 8.61 13.29 13.29 13.80 13.80 15.77 15.11 14.16 13.87 12.26 12.56 13.36 16.64 19.71 17.45 17.45 17.16 17.16 19.42 16.28 18.40 17.08 16.94 16.94 17.52 20.44 21.02 20.88 19.64 19.64 18.47 20.00 19.05 22.41 24.16 21.17 22.05 18.10 16.50 16.57 16.06 15.99 16.28 16.86 17.08 17.01 17.81 17.37 18.18 16.28
12.12 10.51 12.12 8.69 9.34 6.50 5.99 6.28 5.62 5.99 5.99 5.99 5.99 5.77 5.26 5.55 4.89 4.82 4.31 9.27 9.20 8.69 7.96 7.23 7.88 8.91 7.01 7.08 0.00 0.00 0.00 0.00 0.00 6.94 12.12 13.58 13.29 13.29 14.09 13.21 14.82 15.55 16.64 14.89 16.57 15.77 19.20 16.86 17.59 21.39 18.03 18.83 18.61 19.56 18.03 18.25 17.59 19.27 19.42 18.54 16.57 17.30 17.30 17.01 20.00 23.43 24.09 24.53 20.88 18.18 18.83 17.16 17.08 17.37 15.91 15.84 15.91 17.45 17.96 17.74 18.47 15.77 16.13
13.65 13.51 13.94 11.61 8.40 9.20 6.94 7.30 6.13 5.04 4.96 4.96 5.69 5.84 5.69 6.06 5.84 6.79 6.28 7.74 9.20 8.40 8.25 7.81 9.13 9.27 4.60 0.00 0.00 0.00 0.00 0.00 5.04 1.68 11.83 12.48 12.63 12.63 12.99 16.28 17.67 17.52 17.16 15.48 12.63 13.36 13.80 14.67 14.16 16.79 17.74 19.13 20.88 20.15 20.59 18.54 17.23 17.52 17.01 17.23 16.21 18.47 18.47 19.86 19.27 21.90 22.34 21.32 21.68 19.78 19.71 20.00 17.52 15.04 15.55 15.48 13.36 14.09 16.13 13.65 13.80 14.60 11.97
13.65 13.51 13.94 11.61 8.40 9.20 6.94 7.30 6.13 5.04 4.96 4.96 5.69 5.84 5.69 6.06 5.84 6.79 6.28 7.74 9.20 8.40 8.25 7.81 9.13 9.27 4.60 0.00 0.00 0.00 0.00 0.00 5.04 1.68 11.83 12.48 12.63 12.63 12.99 16.28 17.67 17.52 17.16 15.48 12.63 13.36 13.80 14.67 14.16 16.79 17.74 19.13 20.88 20.15 20.59 18.54 17.23 17.52 17.01 17.23 16.21 18.47 18.47 19.86 19.27 21.90 22.34 21.32 21.68 19.78 19.71 20.00 17.52 15.04 15.55 15.48 13.36 14.09 16.13 13.65 13.80 14.60 11.97
15.04 14.60 14.75 13.80 10.66 11.61 8.25 7.66 8.18 5.77 5.91 5.91 5.84 5.77 6.20 6.64 8.25 7.45 6.57 7.52 7.37 7.81 5.99 10.00 10.22 6.72 0.00 0.00 0.00 0.00 0.00 0.00 4.67 8.69 9.20 9.05 10.80 10.80 10.29 15.11 14.97 9.93 11.02 10.80 10.29 11.17 10.59 12.85 13.80 13.65 14.60 18.54 20.51 20.37 18.91 17.59 18.25 17.08 17.23 18.61 19.27 19.13 19.13 20.59 23.07 22.19 23.43 22.85 20.51 20.81 19.56 16.06 16.79 14.45 12.26 12.92 11.32 10.00 9.78 11.61 10.80 10.80 11.61
13.51 14.60 15.55 14.53 15.40 12.92 9.27 10.15 8.03 6.64 8.32 8.32 6.13 8.54 9.27 10.95 9.71 9.34 8.61 7.30 6.20 5.11 8.18 10.15 9.20 10.88 0.00 0.00 0.00 0.00 4.74 8.03 7.08 8.83 9.27 13.36 9.05 9.05 12.26 12.56 10.80 8.91 8.76 7.52 9.34 8.69 10.51 13.36 14.45 17.45 19.20 21.61 20.66 22.41 21.46 18.32 16.79 16.35 16.50 16.72 16.43 21.17 21.17 19.78 24.09 24.53 20.51 21.75 18.32 15.99 15.62 15.77 14.16 14.67 11.68 10.88 10.95 9.78 10.80 10.37 11.68 12.41 12.63
12.70 14.89 14.09 16.21 14.60 15.26 13.36 12.05 10.88 10.51 11.10 11.10 8.76 9.27 10.37 10.00 11.17 11.39 8.76 7.37 2.48 7.37 1.68 3.21 0.00 0.00 0.00 0.00 0.00 0.07 6.28 9.05 8.03 10.51 13.65 12.34 14.67 14.67 12.26 10.00 10.66 6.64 6.86 7.30 7.52 9.27 10.80 10.07 11.24 15.18 19.64 21.61 18.47 19.42 19.13 17.74 16.57 12.48 13.51 13.14 15.11 19.20 19.20 22.19 21.10 23.51 20.08 17.16 17.74 15.70 16.43 16.64 14.16 14.02 13.80 11.75 11.24 11.46 11.46 12.99 12.63 14.98 19.14
12.70 14.89 14.09 16.21 14.60 15.26 13.36 12.05 10.88 10.51 11.10 11.10 8.76 9.27 10.37 10.00 11.17 11.39 8.76 7.37 2.48 7.37 1.68 3.21 0.00 0.00 0.00 0.00 0.00 0.07 6.28 9.05 8.03 10.51 13.65 12.34 14.67 14.67 12.26 10.00 10.66 6.64 6.86 7.30 7.52 9.27 10.80 10.07 11.24 15.18 19.64 21.61 18.47 19.42 19.13 17.74 16.57 12.48 13.51 13.14 15.11 19.20 19.20 22.19 21.10 23.51 20.08 17.16 17.74 15.70 16.43 16.64 14.16 14.02 13.80 11.75 11.24 13.25 15.81 18.70 17.30 25.45 31.61
6.86 11.97 10.95 15.04 14.97 14.16 12.78 11.02 9.71 9.56 11.10 11.10 10.00 10.59 9.86 10.29 10.73 9.56 7.59 0.00 2.56 4.09 0.00 0.00 0.00 0.00 0.00 0.00 0.00 1.17 5.69 10.00 11.61 11.02 13.43 13.43 14.45 14.45 12.12 9.56 6.20 5.26 5.33 6.57 7.23 10.07 10.73 10.22 10.80 12.70 16.86 14.82 16.28 15.99 15.33 10.73 10.88 11.53 13.58 14.02 17.37 16.72 16.72 20.51 20.66 20.22 20.15 18.32 17.23 17.59 15.91 15.40 15.26 14.60 12.56 13.55 14.32 17.27 18.55 19.02 20.25 24.25 27.08
5.91 8.10 7.15 12.78 9.56 11.39 11.68 11.90 10.51 9.34 8.83 8.83 10.51 10.07 10.80 9.49 7.81 2.56 0.00 4.82 0.00 0.00 0.00 0.00 0.00 0.00 3.50 8.83 9.78 9.64 9.78 9.86 10.95 12.56 14.53 11.24 15.11 15.11 10.66 8.98 4.89 5.26 5.84 7.88 7.23 9.42 10.66 11.53 12.92 13.36 12.99 13.94 13.36 9.64 8.47 9.86 9.49 10.00 9.49 12.85 16.72 19.35 19.35 18.40 20.66 19.86 17.81 17.96 16.86 15.04 14.75 15.91 16.57 16.72 14.92 15.24 17.24 15.90 19.57 20.15 26.03 26.85 23.28
7.74 6.50 6.57 7.52 10.00 9.27 11.32 10.44 10.59 10.59 8.47 8.47 8.76 9.20 8.76 3.43 0.00 0.00 0.00 0.00 0.00 0.00 0.00 0.00 7.74 8.32 8.10 8.83 8.54 10.00 9.42 9.42 9.34 10.07 10.51 7.96 5.91 5.91 6.13 6.64 6.57 5.77 7.81 9.20 9.05 9.13 9.42 10.73 8.18 9.13 7.23 8.61 8.18 8.25 7.88 7.15 8.47 9.86 9.13 12.48 15.77 18.32 18.32 17.67 19.56 16.13 15.77 14.09 14.45 14.09 15.04 15.48 15.55 14.09 11.16 11.41 12.42 18.38 20.89 21.84 18.15 21.90 22.37
7.74 6.50 6.57 7.52 10.00 9.27 11.32 10.44 10.59 10.59 8.47 8.47 8.76 9.20 8.76 3.43 0.00 0.00 0.00 0.00 0.00 0.00 0.00 0.00 7.74 8.32 8.10 8.83 8.54 10.00 9.42 9.42 9.34 10.07 10.51 7.96 5.91 5.91 6.13 6.64 6.57 5.77 7.81 9.20 9.05 9.13 9.42 10.73 8.18 9.13 7.23 8.61 8.18 8.25 7.88 7.15 8.47 9.86 9.13 12.48 15.77 18.32 18.32 17.67 19.56 16.13 15.77 14.09 14.45 14.09 15.04 15.48 15.55 14.09 10.88 11.24 12.05 17.06 18.62 20.22 19.36 22.72 22.37
9.64 10.37 9.86 8.03 7.66 6.06 8.54 5.91 4.45 6.35 6.64 6.64 0.80 0.66 0.88 0.00 0.00 0.00 0.00 1.97 6.13 5.18 5.40 7.74 7.30 7.08 5.33 5.69 6.28 5.62 7.45 7.59 7.01 6.79 6.72 6.28 6.64 6.64 6.86 8.10 8.32 8.61 8.61 8.91 6.57 5.11 4.67 4.16 4.82 4.38 6.42 6.72 5.18 5.69 6.28 5.91 7.81 8.54 12.26 15.48 15.18 14.09 14.09 15.99 14.67 15.33 14.97 14.53 15.99 15.62 15.26 16.21 15.11 14.60 15.11 12.34 13.18 14.31 19.54 17.56 20.67 23.10 20.58
8.32 9.42 9.27 9.27 8.54 6.35 5.33 5.62 4.89 3.29 0.00 0.00 0.00 0.00 0.00 0.00 0.00 0.00 0.00 3.36 6.57 6.13 6.06 7.59 6.28 5.33 5.55 5.33 6.42 7.74 7.52 7.59 7.66 7.45 5.99 7.30 6.35 6.35 7.88 8.69 8.32 8.61 6.72 5.48 5.91 4.82 3.36 2.99 2.92 3.94 4.45 4.16 4.74 4.96 5.55 6.20 7.88 7.23 9.56 10.29 11.97 11.61 11.61 14.38 18.03 17.23 17.23 17.59 16.43 16.79 16.86 17.81 19.49 16.13 16.13 15.42 15.76 17.45 16.28 20.40 20.66 19.35 23.07
7.15 7.30 7.66 8.18 8.18 8.83 8.32 9.56 4.96 7.15 0.00 0.00 3.65 2.34 0.00 5.55 0.00 3.72 3.50 4.16 5.84 7.30 5.26 5.04 5.04 5.48 6.06 7.45 9.05 8.83 8.03 7.37 7.52 6.79 6.79 7.66 7.88 7.88 7.96 8.54 8.61 7.96 5.91 5.26 3.80 4.31 2.48 3.50 3.65 4.67 5.04 5.11 4.60 4.09 4.45 5.40 6.42 8.40 7.74 9.34 11.97 14.82 14.82 17.67 17.45 18.10 18.54 18.54 17.89 17.30 20.37 18.98 20.59 20.08 15.54 20.84 19.01 20.35 19.00 24.23 21.39 20.22 21.85
8.47 8.47 8.18 7.45 7.81 7.96 10.07 8.61 9.49 8.40 8.98 8.98 8.61 7.15 8.32 8.32 7.01 6.13 5.62 4.23 4.45 4.53 4.53 5.18 5.40 7.30 8.10 7.96 8.83 8.98 7.88 8.18 7.88 7.66 7.59 7.23 8.03 8.03 7.96 7.37 7.01 7.08 5.99 6.28 4.82 4.96 1.61 3.50 3.50 3.87 3.43 4.02 3.65 3.50 3.50 3.87 6.28 8.10 9.93 11.10 10.66 12.85 12.85 14.02 17.52 16.57 18.47 16.21 16.57 16.72 20.44 23.21 22.56 20.70 19.94 17.91 20.35 20.60 24.12 20.92 21.99 24.53 22.86
8.47 8.47 8.18 7.45 7.81 7.96 10.07 8.61 9.49 8.40 8.98 8.98 8.61 7.15 8.32 8.32 7.01 6.13 5.62 4.23 4.45 4.53 4.53 5.18 5.40 7.30 8.10 7.96 8.83 8.98 7.88 8.18 7.88 7.66 7.59 7.23 8.03 8.03 7.96 7.37 7.01 7.08 5.99 6.28 4.82 4.96 1.61 3.50 3.50 3.87 3.43 4.02 3.65 3.50 3.50 3.87 6.28 8.10 9.93 11.10 10.66 12.85 12.85 14.02 17.52 16.57 18.47 16.21 16.57 16.72 20.44 23.21 22.56 25.41 18.69 19.47 18.27 25.49 24.48 23.13 22.43 22.12 22.09
4.74 6.72 6.42 7.01 6.50 5.69 6.94 5.33 7.15 6.86 6.35 6.35 7.01 8.83 6.64 6.13 5.62 5.91 4.23 4.16 4.23 3.50 3.14 3.50 4.89 5.91 6.20 6.72 7.74 7.45 8.18 8.54 9.49 8.61 8.40 8.61 8.40 8.40 7.66 7.08 8.25 7.52 8.10 7.88 7.52 5.99 3.80 4.09 3.58 3.29 3.36 2.99 3.14 2.99 4.38 5.55 5.26 5.40 9.05 11.02 10.07 9.71 9.71 12.70 14.53 13.36 13.21 14.97 13.80 19.35 18.25 20.81 20.42 21.52 22.08 23.51 22.11 25.34 28.50 22.63 21.76 26.73 25.65
3.36 1.90 2.92 5.04 3.87 3.80 4.09 4.09 3.87 4.38 5.18 5.18 4.31 6.13 8.10 7.66 6.13 4.60 4.23 4.31 2.77 3.58 3.29 3.94 5.04 5.18 7.01 6.86 8.25 7.59 7.81 7.81 8.76 9.05 8.61 9.13 8.98 8.98 8.54 9.05 8.76 9.27 8.98 8.25 5.40 3.72 1.39 1.53 1.97 1.90 1.68 2.04 1.90 2.70 3.14 2.34 3.80 3.36 5.62 2.70 6.64 9.27 9.27 8.03 7.37 10.51 9.13 8.98 12.56 14.24 18.98 18.71 20.43 19.98 19.99 23.61 29.46 24.55 23.85 24.59 24.96 26.34 23.34
1.10 0.80 0.66 1.10 1.61 2.99 2.04 3.65 4.38 4.53 5.33 5.33 5.84 7.37 7.81 8.25 5.69 5.55 3.72 4.74 2.56 4.23 4.53 6.06 6.79 7.01 7.15 7.08 6.20 7.01 8.25 10.07 7.37 10.29 10.29 11.24 10.07 10.07 9.71 10.22 10.00 9.20 8.61 6.06 3.65 2.99 2.92 1.68 3.14 2.48 2.48 1.90 1.83 1.90 1.75 2.04 1.31 0.00 0.88 0.00 4.09 2.70 2.70 5.62 5.33 5.55 6.28 8.18 14.24 13.29 17.67 20.51 20.08 22.78 24.67 26.28 25.99 26.33 23.36 29.52 28.61 22.69 26.19
0.00 0.00 0.00 0.66 0.73 1.46 1.61 2.34 4.16 3.43 6.06 6.06 6.64 7.59 7.88 7.74 6.57 5.11 3.72 4.82 4.16 6.35 6.79 7.45 7.45 7.01 7.08 6.79 6.94 7.15 8.83 11.17 7.96 11.46 12.99 12.05 11.10 11.10 10.95 8.61 6.50 5.62 6.57 5.26 2.04 1.46 2.92 1.90 2.77 2.48 1.75 0.80 1.61 1.46 1.61 0.00 0.00 0.00 0.00 0.00 0.00 1.46 1.46 3.07 3.21 3.36 3.87 6.64 11.17 17.89 17.01 19.42 23.00 22.19 21.68 25.92 25.61 27.10 29.80 23.23 28.08 24.22 23.31
0.00 0.00 0.00 0.58 0.51 1.39 1.31 3.14 2.99 4.38 4.67 4.67 4.53 6.79 7.52 6.86 5.62 6.28 3.94 3.80 3.58 4.89 6.86 8.25 8.25 7.59 7.52 8.32 9.05 9.27 9.20 10.88 13.51 11.17 13.51 12.99 11.46 11.46 10.29 8.10 4.02 3.50 1.97 1.68 0.88 1.10 0.22 0.15 0.00 0.07 0.07 0.00 0.22 0.29 0.00 0.00 0.00 0.00 0.00 1.39 2.04 2.34 2.34 2.34 1.17 0.00 4.38 3.87 10.44 17.45 16.79 15.99 18.83 16.35 14.75 15.04 23.34 22.68 28.40 23.21 23.86 22.83 16.80
0.00 0.00 0.00 0.58 0.51 1.39 1.31 3.14 2.99 4.38 4.67 4.67 4.53 6.79 7.52 6.86 5.62 6.28 3.94 3.80 3.58 4.89 6.86 8.25 8.25 7.59 7.52 8.32 9.05 9.27 9.20 10.88 13.51 11.17 13.51 12.99 11.46 11.46 10.29 8.10 4.02 3.50 1.97 1.68 0.88 1.10 0.22 0.15 0.00 0.07 0.07 0.00 0.22 0.29 0.00 0.00 0.00 0.00 0.00 1.39 2.04 2.34 2.34 2.34 1.17 0.00 4.38 3.87 10.44 17.45 16.79 15.99 18.83 16.35 14.75 15.04 22.41 22.81 22.06 20.42 19.98 26.57 20.55
0.00 0.00 0.00 0.29 0.15 1.17 2.41 3.07 2.26 3.29 3.36 3.36 3.58 5.48 6.50 6.42 5.69 4.67 6.06 8.32 4.23 9.05 9.93 8.98 9.49 8.25 8.61 9.27 9.86 11.83 13.94 11.39 11.75 7.96 8.32 6.86 5.55 5.55 5.26 4.31 4.74 4.74 3.50 4.02 1.75 1.31 0.00 0.44 0.00 0.00 0.00 0.00 0.00 0.00 0.00 0.00 0.00 0.00 0.00 1.02 0.00 0.00 0.00 0.00 0.00 0.00 0.00 9.13 8.47 7.96 10.73 7.88 7.66 9.86 12.56 17.81 16.50 19.66 19.83 27.91 26.14 18.22 12.61
0.00 0.00 0.00 0.00 0.00 0.15 1.39 2.63 1.97 3.80 3.87 3.87 4.89 5.55 5.33 6.42 5.55 6.20 6.06 6.35 7.15 8.61 8.91 9.05 9.20 9.71 9.34 9.27 10.00 13.07 13.07 11.61 8.98 8.18 6.13 5.77 7.01 7.01 7.52 6.42 6.94 6.13 6.57 4.82 2.92 2.48 1.17 0.51 0.15 0.00 0.44 0.22 0.00 0.00 0.00 0.00 0.00 0.22 0.00 0.00 0.00 0.00 0.00 0.00 0.00 0.00 0.00 3.14 4.96 5.40 0.00 6.50 8.69 8.47 11.17 19.05 22.16 23.27 20.95 19.91 23.85 17.12 12.41
0.00 0.00 0.00 0.00 0.00 0.95 1.61 2.92 2.70 4.38 5.04 5.04 6.13 6.72 7.23 5.77 6.35 6.28 5.62 6.35 6.57 8.03 8.54 8.91 9.71 10.66 10.73 11.75 13.07 12.78 13.36 12.78 11.10 8.61 7.59 7.59 7.37 7.37 7.23 8.69 8.83 7.08 5.33 4.67 0.88 0.15 0.29 0.00 0.00 0.00 0.00 0.00 0.00 0.00 0.00 0.00 0.00 0.00 0.00 0.00 0.00 0.00 0.00 0.00 0.00 0.00 0.00 0.00 0.00 0.00 0.00 7.08 10.66 17.45 15.56 21.24 22.90 19.30 22.55 17.06 12.86 9.21 8.72
0.00 0.00 0.22 0.00 0.00 1.02 2.63 2.92 3.21 3.72 5.48 5.48 6.50 4.74 6.13 6.13 5.04 6.06 6.13 5.84 7.74 7.59 7.81 8.47 10.15 11.02 10.37 10.88 11.97 12.34 12.34 12.99 8.83 8.18 6.94 7.30 7.30 7.30 7.45 7.96 7.52 6.79 1.97 5.11 0.00 0.00 0.00 0.00 0.00 0.00 0.00 0.00 0.00 0.00 0.00 0.00 0.00 0.00 0.00 0.00 0.00 0.00 0.00 0.00 0.00 0.00 0.00 0.00 0.00 0.00 6.57 8.47 9.56 15.84 22.50 23.54 26.51 21.11 14.07 18.31 13.55 6.32 3.75
0.73 0.44 0.00 0.07 0.00 1.68 0.00 1.31 1.31 0.95 3.80 3.80 3.72 3.65 4.45 5.11 4.02 4.82 5.40 4.89 5.04 6.64 8.03 6.94 8.40 7.59 9.56 9.56 7.23 10.15 9.78 9.56 8.54 7.37 7.15 5.99 5.18 5.18 5.04 5.11 4.60 1.61 0.51 0.66 0.00 0.00 0.00 0.00 0.00 0.00 0.00 0.00 0.00 0.00 0.00 0.00 0.00 0.00 0.00 0.00 0.00 0.00 0.00 0.00 0.00 0.00 0.00 0.00 0.00 0.00 5.40 8.69 17.52 14.05 24.39 22.39 17.85 26.28 14.04 5.96 2.00 3.52 2.58
0.73 0.44 0.00 0.07 0.00 1.68 0.00 1.31 1.31 0.95 3.80 3.80 3.72 3.65 4.45 5.11 4.02 4.82 5.40 4.89 5.04 6.64 8.03 6.94 8.40 7.59 9.56 9.56 7.23 10.15 9.78 9.56 8.54 7.37 7.15 5.99 5.18 5.18 5.04 5.11 4.60 1.61 0.51 0.66 0.00 0.00 0.00 0.00 0.00 0.00 0.00 0.00 0.00 0.00 0.00 0.00 0.00 0.00 0.00 0.00 0.00 0.00 0.00 0.00 0.00 0.00 0.00 0.00 0.00 0.00 5.40 8.69 17.61 13.90 22.06 24.95 19.05 30.66 16.29 5.77 2.09 3.42 2.73
0.44 0.00 0.00 0.00 0.07 0.00 0.58 0.88 0.80 2.12 2.56 2.56 3.65 2.56 2.77 2.63 2.77 3.58 4.09 3.72 3.07 3.50 2.70 4.23 5.18 2.48 3.14 5.55 4.89 7.37 7.37 9.56 8.54 8.18 6.28 4.23 4.16 4.16 1.31 0.15 0.07 0.00 0.00 0.00 0.00 0.00 0.00 0.00 0.00 0.29 0.00 0.00 0.00 0.00 0.00 0.00 0.00 0.00 0.00 0.00 0.00 0.00 0.00 0.00 0.00 0.00 0.00 0.00 3.58 0.00 9.54 8.04 17.84 22.05 25.27 29.69 21.45 9.82 16.12 4.55 1.95 1.41 1.36
3.43 0.37 1.31 0.00 0.00 0.00 0.44 0.00 0.44 1.17 2.04 2.04 1.46 1.68 2.70 1.90 2.56 2.19 3.21 3.36 0.00 3.29 2.77 2.56 3.94 0.00 0.00 0.00 2.04 5.11 4.16 7.74 2.41 0.00 0.00 3.94 2.85 2.85 0.00 0.00 0.00 0.00 0.00 0.00 0.00 0.00 0.07 0.37 0.37 1.10 0.00 0.00 0.00 0.00 0.00 0.00 0.00 0.00 0.00 0.00 0.00 0.00 0.00 0.00 0.00 0.00 0.00 0.00 0.00 0.00 7.88 16.43 14.67 20.24 24.18 18.84 21.79 7.12 2.41 3.73 1.67 0.87 0.00
5.99 6.42 3.21 2.48 3.07 0.80 0.00 0.00 0.00 0.73 1.39 1.39 1.53 1.10 1.31 1.31 0.00 0.00 0.00 0.00 0.00 0.00 2.85 0.00 0.00 0.00 0.00 0.00 0.80 1.83 0.00 0.00 0.00 0.00 0.00 0.00 0.00 0.00 0.00 0.00 0.00 0.00 0.00 0.00 0.00 0.00 0.00 0.00 0.00 0.00 0.00 0.00 0.00 0.00 0.00 0.00 0.00 0.00 0.00 0.00 0.00 0.00 0.00 0.00 0.00 0.00 0.58 1.39 0.00 2.41 7.15 13.94 17.23 17.35 20.09 15.45 5.59 8.24 1.46 0.89 1.65 0.00 0.00
6.79 5.11 4.89 3.07 2.12 1.17 0.00 0.00 0.00 0.00 1.31 1.31 1.02 1.46 0.00 0.00 0.00 0.00 0.00 0.00 0.00 0.00 0.00 0.00 0.00 0.00 0.00 0.00 0.00 0.00 0.00 0.00 0.00 0.00 0.00 0.00 0.00 0.00 0.00 0.00 0.00 0.00 0.00 0.00 0.00 0.00 0.00 0.00 0.00 0.00 0.00 0.00 0.00 0.00 0.00 0.00 0.00 0.00 0.00 0.00 0.00 0.00 0.00 0.00 0.44 0.44 0.00 0.00 0.00 7.15 6.72 8.10 14.75 14.97 18.92 10.47 3.71 1.09 1.19 0.00 0.00 0.00 0.25
6.28 2.99 5.11 3.36 2.77 0.00 0.00 0.00 0.00 0.00 0.66 0.66 0.00 0.00 0.00 0.00 0.00 0.00 0.00 0.00 0.00 0.00 0.00 0.00 0.00 0.00 0.00 0.00 0.00 0.00 0.00 0.00 0.00 0.00 0.00 0.00 0.00 0.00 0.00 0.00 0.00 0.00 0.00 0.00 0.00 0.00 0.00 0.00 0.00 0.00 0.00 0.00 0.00 0.00 0.00 0.00 0.00 0.00 0.00 0.00 0.00 0.00 0.00 0.00 0.51 0.00 1.68 1.68 1.75 5.91 6.50 6.50 6.86 11.68 4.62 6.10 0.56 0.52 0.00 0.00 0.00 0.00 0.00
7.74 3.72 2.26 2.63 1.46 0.88 0.00 0.00 0.00 0.00 0.00 0.00 0.00 0.00 0.00 0.00 0.00 0.00 0.00 0.00 0.00 0.00 0.00 0.00 0.00 0.00 0.00 0.00 0.00 0.00 0.00 0.00 0.00 0.00 0.00 0.00 0.00 0.00 0.00 0.00 0.00 0.00 0.00 0.00 0.00 0.00 0.00 0.00 0.00 0.00 0.00 0.00 0.00 0.00 0.00 0.00 0.00 0.00 0.00 0.00 0.00 0.00 0.00 0.00 0.00 0.00 0.00 0.22 0.00 0.88 5.04 5.62 4.16 3.15 1.86 0.00 0.00 0.00 0.38 0.00 0.00 0.00 0.00
7.74 3.72 2.26 2.63 1.46 0.88 0.00 0.00 0.00 0.00 0.00 0.00 0.00 0.00 0.00 0.00 0.00 0.00 0.00 0.00 0.00 0.00 0.00 0.00 0.00 0.00 0.00 0.00 0.00 0.00 0.00 0.00 0.00 0.00 0.00 0.00 0.00 0.00 0.00 0.00 0.00 0.00 0.00 0.00 0.00 0.00 0.00 0.00 0.00 0.00 0.00 0.00 0.00 0.00 0.00 0.00 0.00 0.00 0.00 0.00 0.00 0.00 0.00 0.00 0.00 0.00 0.00 0.22 0.00 0.88 5.04 5.62 4.16 3.14 1.83 0.00 0.00 0.00 0.34 0.00 0.00 0.00 0.00
7.01 2.99 0.00 0.00 0.00 0.00 0.00 0.00 0.00 0.00 0.00 0.00 0.00 0.00 0.00 0.00 0.00 0.00 0.00 0.00 0.00 0.00 0.00 0.00 0.00 0.00 0.00 0.00 0.00 0.00 0.00 0.00 0.00 0.00 0.00 0.00 0.00 0.00 0.00 0.00 0.00 0.00 0.00 0.00 0.00 0.00 0.00 0.00 0.00 0.00 0.00 0.00 0.00 0.00 0.00 0.00 0.00 0.00 0.07 0.22 0.00 0.00 0.00 0.00 0.00 0.00 0.00 0.00 0.66 0.00 0.37 1.61 0.66 0.00 0.00 0.00 0.00 0.00 0.00 0.00 0.00 0.00 0.00
