Wansh/Snow_depth/snowdepth-1997/winter/1998052.txt
ncols 321
nrows 161
xllcenter 60
yllcenter 15 
cellsize  0.25 
NODATA_value -1
[rows 74 to 110 of 161, columns 83 to 165 of 321]
0.00 0.00 0.00 0.00 0.00 0.00 0.51 0.00 0.00 0.73 1.31 1.83 2.99 3.72 3.87 3.80 4.16 3.43 0.00 0.00 3.80 3.72 3.21 4.74 4.02 4.31 3.29 2.48 2.26 2.04 0.00 0.00 2.77 2.34 2.63 5.55 5.11 3.58 0.00 3.21 2.77 1.75 2.48 1.39 1.39 0.66 0.80 0.00 1.46 1.53 1.97 1.97 0.00 0.00 0.00 2.38 1.97 2.41 1.39 1.17 0.00 0.80 0.00 0.00 0.00 0.00 0.00 0.00 0.00 0.00 0.00 2.93 4.82 0.00 0.00 0.00 0.00 0.00 0.00 0.00 0.00 0.00 0.00
0.00 0.00 0.00 0.00 0.00 1.61 2.19 0.80 3.29 2.48 0.00 0.00 0.00 3.87 3.29 2.99 0.00 3.87 3.72 3.72 4.60 3.72 3.07 4.09 5.04 5.55 5.11 2.56 0.00 0.00 0.00 0.00 2.85 3.14 5.33 4.67 6.42 6.42 4.74 5.04 4.82 1.83 3.14 1.83 1.83 1.83 1.02 0.00 1.75 2.04 0.80 1.83 1.39 1.46 2.26 2.70 1.83 2.19 1.83 1.31 1.17 1.46 1.24 1.46 0.00 0.44 0.00 0.00 2.12 2.12 5.50 4.45 8.61 2.70 0.22 0.00 0.00 0.00 0.00 0.00 0.00 0.00 0.00
0.00 0.58 0.58 1.75 3.07 2.85 3.21 4.38 3.80 3.94 3.21 3.80 3.50 3.14 2.56 2.70 4.31 3.58 4.60 4.60 5.11 3.65 0.00 4.31 0.00 4.60 0.00 0.00 0.00 2.63 0.00 0.00 4.02 4.09 4.89 5.62 5.69 5.33 6.20 6.86 6.13 4.53 4.60 2.77 2.77 1.17 1.53 1.53 2.92 2.34 1.46 2.99 2.19 0.73 1.83 1.75 1.17 1.90 1.97 1.39 1.17 1.31 2.56 1.17 0.51 1.02 0.00 0.22 3.14 3.14 8.10 11.02 7.37 1.10 1.68 0.00 0.00 0.00 0.00 0.00 0.00 0.00 0.00
0.29 1.31 2.26 2.85 3.21 2.85 3.72 3.65 5.18 4.38 3.80 4.31 4.53 5.18 3.87 3.94 4.38 4.16 5.04 5.04 5.77 4.31 0.00 0.00 0.00 1.97 0.00 0.00 2.70 3.07 0.00 0.00 5.48 5.69 6.50 5.48 4.60 0.00 5.91 6.57 6.35 5.99 6.06 5.84 5.84 2.77 3.29 4.38 4.38 3.80 2.34 3.94 2.99 2.63 2.04 2.41 3.07 1.90 0.51 0.95 1.39 1.02 0.73 1.17 0.95 1.24 0.51 2.19 2.99 2.99 7.15 8.25 4.96 2.48 1.31 0.00 0.00 0.00 0.00 0.00 0.00 0.00 0.00
3.72 4.82 1.39 5.40 3.58 4.53 3.58 3.36 3.87 3.72 4.67 4.31 4.67 4.45 4.23 4.09 4.31 4.82 6.13 6.13 5.62 5.04 0.00 2.56 1.83 0.00 0.00 3.21 3.50 0.00 2.92 6.28 5.91 6.28 5.55 6.06 5.40 4.23 4.74 6.06 10.73 8.54 6.79 5.33 5.33 4.23 3.21 0.00 3.50 4.09 3.58 3.07 3.50 4.82 6.42 3.94 3.29 2.19 1.97 1.90 1.17 2.19 2.56 2.34 2.34 1.39 2.26 2.04 2.70 2.70 4.45 5.62 3.36 2.85 1.61 0.22 1.17 0.00 0.00 0.22 0.00 0.00 0.00
8.03 4.89 6.72 4.89 5.33 4.89 2.56 2.63 3.72 3.72 4.23 3.94 4.02 4.31 3.72 4.09 3.87 4.60 4.45 4.45 3.87 0.00 0.00 0.00 0.00 0.00 0.00 0.00 0.00 0.00 4.60 5.99 5.84 6.35 5.04 5.11 4.60 5.99 8.40 10.22 11.61 10.22 8.03 4.60 4.60 3.80 0.00 2.77 3.29 0.00 0.00 0.00 3.80 0.00 5.26 5.69 3.14 0.00 2.19 2.41 2.77 3.65 3.07 3.14 1.90 0.00 1.53 1.75 3.36 3.36 4.67 4.96 3.65 1.90 2.19 2.42 3.65 1.47 0.29 0.22 0.00 0.00 0.00
6.50 7.59 5.18 4.67 3.58 3.80 2.04 2.04 2.56 4.53 4.16 4.31 3.87 3.87 3.43 3.72 4.82 4.45 4.09 4.09 4.31 0.00 3.36 0.00 2.41 0.00 0.00 2.92 3.14 4.74 5.77 7.59 7.45 5.55 8.54 7.45 10.44 7.74 9.20 5.48 6.28 7.45 5.69 4.45 4.45 3.80 0.00 0.00 0.00 0.00 0.00 0.00 0.00 0.00 0.00 0.00 0.00 2.56 2.63 4.45 3.50 5.26 3.65 4.31 2.41 0.00 0.00 0.00 1.75 1.75 2.99 4.82 10.51 4.23 7.74 7.15 7.41 4.87 0.00 0.15 0.00 0.00 0.73
6.06 6.79 4.38 2.70 0.00 3.58 3.14 3.21 4.38 3.94 4.23 4.09 4.53 4.31 4.09 4.09 4.09 5.62 5.48 5.48 4.45 3.29 2.04 2.63 0.00 0.00 2.77 3.07 4.09 4.74 5.99 6.57 7.30 7.66 6.86 15.70 12.63 9.56 6.50 5.04 5.40 6.57 5.99 4.45 4.45 4.53 0.00 0.00 0.00 0.00 0.00 0.00 0.00 0.00 0.00 3.65 4.82 4.38 7.15 7.37 7.30 7.45 5.33 5.77 2.77 1.83 0.00 0.00 1.97 1.97 3.80 6.28 10.73 13.51 13.51 10.00 12.84 8.11 2.68 2.72 2.17 1.39 0.58
9.93 14.31 8.32 6.72 3.36 7.15 3.36 3.87 3.50 4.16 4.09 5.55 4.67 5.04 4.89 5.18 5.40 6.64 6.86 6.86 4.31 4.09 0.00 0.00 1.83 2.85 2.92 3.65 3.14 4.53 4.45 4.96 4.82 6.50 7.66 13.21 10.73 6.64 5.26 6.35 5.99 5.84 4.31 3.72 3.72 2.99 0.00 0.00 0.00 0.00 0.00 3.72 3.21 0.00 6.94 5.84 7.52 10.29 7.52 9.64 10.22 7.88 6.72 6.57 3.36 4.02 1.97 1.61 5.40 5.40 3.43 3.94 6.57 17.30 20.59 16.13 11.53 9.13 6.72 4.38 3.74 2.41 0.95
14.89 21.24 18.91 12.63 16.50 11.61 4.09 3.94 4.16 3.87 4.31 4.60 5.33 4.67 5.18 6.06 6.79 6.86 7.23 7.23 5.26 5.69 0.00 3.94 2.34 2.12 3.50 3.50 4.23 5.04 5.62 5.69 5.48 4.89 10.51 10.29 9.27 7.52 5.69 5.26 3.87 0.00 0.00 2.56 2.56 0.00 0.00 0.00 0.00 0.00 0.00 4.89 6.35 6.42 15.62 9.93 10.15 14.82 8.98 11.53 12.34 10.22 8.25 8.69 6.35 11.17 7.96 11.24 12.70 12.70 4.96 4.09 6.64 13.21 20.44 19.71 14.24 11.46 9.64 5.18 4.16 2.41 2.85
19.56 21.39 22.78 20.44 20.37 14.45 7.15 0.00 4.02 3.58 3.29 4.60 4.16 5.55 5.69 5.84 5.91 7.30 7.23 7.23 6.42 4.53 6.20 5.48 4.45 2.99 5.77 5.84 7.88 6.64 6.57 11.17 8.76 8.61 10.15 8.25 7.15 8.91 13.58 6.64 2.41 0.00 1.61 1.53 1.53 0.00 0.00 0.00 0.00 0.00 3.43 7.81 11.46 13.94 23.94 21.39 13.51 21.24 12.78 12.56 10.51 11.02 9.64 12.05 9.71 18.25 15.48 20.00 21.53 21.53 10.22 11.75 11.53 9.05 15.26 18.69 13.58 11.61 11.75 6.35 5.18 4.38 3.21
16.72 17.89 20.22 22.41 11.02 5.69 6.06 4.31 4.45 5.62 5.33 4.60 5.26 5.40 5.18 6.50 6.13 6.86 7.45 7.45 7.74 8.25 6.86 6.06 3.65 4.53 6.35 7.52 11.53 11.02 8.69 13.80 8.76 10.88 13.87 9.49 12.48 16.06 14.38 10.29 2.92 4.53 0.00 1.39 1.39 0.00 0.00 0.00 0.00 2.19 3.80 9.93 14.24 20.29 28.98 28.91 24.16 25.40 17.30 7.81 8.03 9.24 10.43 14.75 14.53 22.85 23.14 27.74 24.02 24.02 18.61 20.81 16.79 11.83 13.07 9.71 9.05 8.32 10.29 9.42 6.79 5.48 4.89
10.37 12.85 9.42 9.86 10.07 9.78 6.94 5.04 8.91 10.37 11.61 8.18 9.34 10.44 10.37 11.61 9.42 8.32 11.39 11.39 9.49 7.23 11.68 12.48 7.15 4.60 5.99 13.21 18.25 25.26 22.78 14.75 12.99 9.34 9.71 10.00 11.90 17.23 19.05 16.43 12.92 7.66 14.89 7.37 7.37 2.12 6.20 2.63 1.83 2.63 3.80 8.03 5.77 14.09 21.53 17.96 24.31 25.11 25.26 18.03 22.19 18.25 18.61 21.23 22.05 27.45 21.46 16.06 15.62 15.62 23.80 29.20 24.09 19.49 11.10 5.91 5.40 4.60 5.69 6.57 8.10 9.20 7.74
5.91 7.88 5.55 6.64 8.18 9.49 5.69 4.67 5.55 9.20 9.56 5.62 7.08 10.29 12.78 11.32 11.17 13.29 15.99 15.99 17.52 14.31 10.51 7.66 8.69 6.06 6.35 13.51 19.35 22.48 23.43 17.23 8.98 10.80 13.21 17.01 13.94 24.53 25.04 25.62 20.59 15.62 26.06 14.53 14.53 18.25 12.92 7.59 2.41 2.85 1.90 4.09 3.94 6.57 12.85 14.53 22.12 25.26 25.33 25.33 25.33 21.17 15.48 17.37 16.28 18.90 15.11 12.56 11.02 11.02 20.66 19.27 17.16 17.89 14.82 8.03 5.48 3.72 5.11 6.28 6.86 8.54 6.28
7.30 6.64 5.69 3.50 4.89 4.31 0.00 4.23 4.45 6.28 5.40 4.53 5.48 8.54 10.51 11.61 17.59 15.40 16.94 16.94 13.29 12.70 10.29 8.32 5.55 5.99 14.75 18.76 17.01 16.06 21.83 17.74 16.79 19.86 18.32 20.59 27.96 26.79 26.06 26.72 24.16 24.67 33.80 26.06 26.06 29.13 21.24 13.72 9.20 9.20 3.43 2.77 4.53 6.13 9.71 13.21 16.28 22.78 21.02 25.62 23.00 21.17 11.90 13.29 11.24 12.54 15.37 15.11 11.53 11.53 11.53 12.26 11.53 8.61 7.37 8.10 4.96 3.50 4.96 7.15 6.35 6.50 6.50
9.86 8.76 2.92 3.80 0.00 0.00 3.07 0.00 0.00 0.00 4.45 0.00 5.33 8.18 13.14 15.70 22.27 17.89 14.97 14.97 13.72 12.56 10.66 7.96 9.49 8.69 14.89 12.99 10.95 11.53 14.09 12.26 14.75 18.76 22.63 26.28 27.67 27.74 28.03 28.84 26.94 29.27 35.48 34.89 34.89 31.97 30.73 15.55 27.67 20.29 8.61 4.89 11.90 10.59 9.56 14.38 14.31 16.72 16.57 16.60 16.00 8.32 7.81 10.21 11.46 11.56 15.50 18.06 13.80 13.80 7.66 5.91 5.99 6.28 5.69 3.43 4.16 6.13 8.25 7.01 7.87 5.96 7.22
8.32 4.16 3.72 2.56 0.00 0.00 0.00 0.00 0.00 0.00 0.00 3.21 5.55 6.79 13.36 20.73 17.08 16.72 11.46 11.46 13.36 11.53 10.15 10.00 13.29 15.77 9.34 11.17 8.83 9.27 12.48 10.95 13.87 11.75 15.99 26.79 27.08 27.52 28.62 28.69 30.22 34.67 37.60 35.04 35.04 37.01 34.82 29.71 33.43 27.81 21.46 12.05 17.74 16.57 20.29 15.11 20.08 14.97 14.53 9.34 7.74 5.27 5.84 11.72 13.14 17.89 17.59 18.91 16.43 15.91 9.24 5.26 5.48 6.20 5.33 3.94 4.02 5.26 7.52 8.87 6.19 5.36 6.07
5.11 2.34 2.19 2.99 2.19 0.00 0.00 1.68 1.46 1.68 0.00 0.00 3.50 3.29 7.66 17.08 8.76 9.34 11.24 11.24 12.12 8.54 3.94 4.89 10.44 13.07 5.33 6.64 4.45 0.00 10.44 6.64 14.24 20.15 24.16 24.97 24.09 27.38 21.83 25.92 18.91 28.98 33.22 38.11 38.11 40.51 38.98 36.35 31.24 24.60 25.55 24.31 25.77 23.36 27.08 23.14 24.02 15.70 10.44 7.45 5.60 3.94 5.48 8.12 9.20 16.96 16.31 15.18 10.80 10.86 7.34 6.75 6.86 6.13 6.50 5.58 4.09 3.87 6.28 8.29 7.93 7.49 8.69
3.43 3.21 1.61 2.56 2.34 2.26 0.00 0.00 3.14 0.00 0.00 0.00 0.00 2.12 3.72 8.40 5.04 4.31 6.20 6.20 7.74 4.23 2.19 1.90 2.99 6.50 3.21 4.31 0.00 0.00 6.42 6.28 17.37 24.60 27.30 18.61 15.18 7.23 12.48 16.13 11.97 19.78 28.40 34.38 34.38 34.31 33.51 35.62 25.40 26.50 27.30 27.30 27.81 29.57 29.57 26.65 26.13 20.81 14.16 14.97 5.54 4.72 8.48 5.64 7.65 15.19 17.85 13.10 10.73 10.73 7.19 8.39 10.70 8.66 8.89 7.19 5.75 5.55 6.67 6.92 7.52 7.97 10.54
4.96 5.33 3.43 2.48 2.12 3.58 2.63 2.70 2.70 3.58 4.89 3.43 1.75 0.00 0.00 4.16 4.96 6.86 4.96 4.96 4.45 2.48 2.12 1.61 1.53 1.24 0.00 0.00 0.00 0.00 5.48 6.72 13.51 18.91 22.85 10.22 8.32 5.48 6.57 9.56 7.15 13.21 24.31 19.13 19.13 21.17 24.67 21.83 25.04 27.08 26.86 26.65 26.72 28.47 28.25 28.62 25.40 25.46 18.76 20.66 12.78 12.48 13.09 5.79 7.53 11.71 15.35 12.62 9.86 9.86 7.23 7.53 9.99 9.93 8.51 7.34 7.26 7.59 6.74 6.59 6.32 6.57 10.89
10.95 5.11 7.30 4.31 3.14 5.99 3.36 0.00 0.00 3.87 4.67 3.80 0.00 0.00 0.00 4.67 7.15 5.04 4.23 4.23 2.92 3.43 1.53 1.53 0.00 2.63 0.00 0.00 3.21 0.00 4.16 4.89 6.72 15.55 17.23 11.46 5.77 5.33 5.62 7.15 4.31 8.91 17.67 15.77 15.77 7.30 11.24 21.46 24.09 27.23 27.67 26.06 25.77 25.25 27.02 25.07 26.53 23.48 24.97 23.73 18.03 17.67 8.44 8.61 9.76 11.15 13.95 13.90 9.05 9.10 6.83 8.09 7.38 11.13 11.32 11.20 10.15 9.16 7.41 5.62 5.81 8.22 11.15
18.10 13.21 16.79 10.51 7.81 12.26 3.43 0.00 0.00 3.29 2.63 0.00 0.00 0.00 0.00 0.00 6.28 4.96 0.00 0.00 0.00 0.00 2.92 0.00 0.00 3.80 3.72 3.94 3.21 3.80 4.96 1.46 5.69 12.78 10.22 7.88 6.79 4.45 3.50 4.38 7.45 7.01 5.69 5.18 5.18 13.58 21.39 24.16 24.45 26.86 26.72 24.97 21.90 21.97 22.78 23.71 24.53 20.97 25.49 20.53 22.49 20.76 13.28 13.26 9.86 12.22 14.06 8.98 6.82 6.82 7.01 7.12 4.62 8.79 9.54 11.37 10.42 10.13 8.86 5.91 5.79 7.34 11.12
24.82 18.61 15.70 17.30 13.51 9.93 7.81 4.96 7.30 3.87 3.29 6.06 0.00 0.00 0.00 0.00 0.00 0.00 0.00 0.00 0.00 0.00 0.00 0.00 0.00 0.00 3.50 3.80 3.36 3.43 3.14 2.19 2.41 3.72 4.23 7.01 6.06 2.34 1.83 0.00 9.34 9.78 9.93 15.99 15.99 18.25 25.26 25.55 26.94 29.13 26.43 25.11 21.17 18.91 21.20 19.67 20.76 16.70 20.18 17.01 22.22 20.76 18.10 16.03 12.59 10.50 11.71 7.98 6.30 6.20 5.41 3.39 5.05 9.07 7.99 11.10 11.59 11.41 8.65 7.04 5.54 5.27 9.41
29.93 25.70 20.00 15.70 18.32 16.79 14.75 10.66 16.79 13.29 7.15 12.85 7.88 0.00 0.00 0.00 0.00 0.00 0.00 0.00 0.00 0.00 0.00 0.00 0.00 0.00 0.00 2.56 2.85 1.31 1.90 0.44 2.92 2.34 2.92 2.85 1.61 0.88 0.00 0.00 15.70 20.00 22.48 23.87 23.87 24.45 25.99 27.52 29.57 26.65 24.56 23.03 20.38 21.94 21.74 17.97 17.53 16.13 16.50 15.30 16.43 17.90 18.06 19.26 15.99 8.82 8.49 6.89 5.42 5.28 3.58 3.21 4.68 8.76 11.58 10.64 9.27 6.57 6.37 4.92 3.58 8.78 6.52
21.02 16.28 15.77 18.54 22.92 20.37 23.29 41.54 43.22 36.79 30.22 24.02 16.21 14.75 6.72 3.50 3.07 1.75 1.53 1.53 2.70 2.34 1.39 1.39 1.02 2.34 2.34 1.68 1.83 1.97 1.83 1.68 1.97 2.63 2.04 1.97 5.26 4.45 0.00 12.85 14.38 15.33 16.13 21.46 21.46 22.70 26.72 27.81 26.06 22.12 21.02 21.90 14.60 14.60 10.80 10.97 8.92 13.54 11.78 16.30 18.12 17.24 17.17 19.94 14.00 9.27 10.05 6.99 6.96 6.86 4.02 1.53 3.40 7.47 12.45 14.67 14.24 7.34 4.04 2.92 1.67 3.97 6.29
16.72 17.45 20.44 21.97 19.49 23.29 39.42 34.46 40.95 44.60 35.62 27.01 20.08 14.16 13.65 6.42 7.23 2.63 2.41 2.41 3.21 2.70 0.00 0.66 1.46 1.39 2.26 0.51 1.75 2.77 2.26 1.68 2.19 3.43 3.87 5.91 7.88 10.07 7.81 7.23 6.50 9.86 10.59 14.67 14.67 15.99 23.36 26.57 25.62 17.46 17.26 12.57 10.17 9.79 8.26 8.72 6.97 10.62 8.21 14.76 15.08 16.52 18.99 20.87 14.15 9.20 13.36 9.61 3.40 3.35 1.83 2.63 4.07 7.04 11.54 14.99 16.13 10.91 4.79 0.68 0.55 1.26 2.23
16.50 11.90 17.89 20.66 13.94 22.56 31.54 24.45 32.19 41.17 29.27 25.70 22.70 17.16 17.37 11.39 5.26 4.89 3.36 3.36 2.85 2.77 1.68 2.41 1.53 1.90 0.00 1.02 1.39 2.48 1.83 1.39 1.61 2.56 4.38 7.01 6.79 10.07 2.77 2.63 0.80 4.09 5.69 14.60 14.60 8.54 14.16 17.16 15.48 16.79 14.04 12.91 11.72 11.27 11.25 9.23 8.84 6.26 5.43 12.95 11.77 17.19 19.29 20.66 15.04 11.39 12.59 12.89 5.80 6.44 2.73 2.09 3.08 9.70 15.15 16.40 10.69 6.20 1.31 0.29 0.49 1.52 1.04
8.32 6.13 10.07 15.33 13.51 14.67 20.44 25.99 30.45 32.70 24.53 22.63 20.08 18.40 19.20 9.34 8.54 6.57 5.69 5.69 5.26 4.09 3.14 2.85 2.41 1.61 0.58 0.73 0.66 1.97 0.66 0.22 0.15 0.58 3.72 4.89 6.64 4.82 0.44 1.31 0.00 1.17 2.92 5.77 5.77 5.84 9.34 11.97 16.29 15.55 13.81 15.49 13.77 12.53 16.06 10.81 10.22 5.56 4.63 6.47 7.71 17.09 17.26 18.56 17.59 14.16 12.67 14.84 9.65 9.30 5.47 2.67 3.56 7.86 13.45 14.68 10.71 6.97 1.91 0.85 1.16 2.14 1.89
0.00 0.00 0.00 0.00 7.30 10.51 16.64 19.20 24.45 28.03 23.00 18.76 18.25 16.86 12.34 3.72 7.52 6.35 3.14 3.14 3.72 4.23 3.80 1.17 1.61 0.07 0.00 0.29 1.10 0.37 1.10 0.00 0.00 0.00 1.17 2.70 2.85 1.83 0.00 0.07 0.00 0.44 1.53 3.29 3.29 8.10 10.44 14.97 15.11 16.50 15.77 15.56 13.84 12.57 13.31 8.95 5.99 3.28 6.56 11.54 8.39 13.69 12.98 14.83 20.46 17.90 13.47 12.39 11.30 11.36 10.76 7.71 3.87 4.72 10.56 10.77 9.27 7.37 4.18 1.77 2.17 3.20 4.84
0.00 0.00 0.00 0.00 0.00 0.00 14.89 18.32 20.37 24.89 17.67 16.64 16.06 13.51 7.23 3.21 4.38 3.21 4.38 4.38 2.63 1.97 1.24 0.51 0.37 0.37 0.00 0.00 0.37 0.00 0.37 0.00 0.00 0.00 0.00 0.73 1.24 1.10 0.00 0.00 0.00 0.07 1.39 3.14 3.14 4.11 8.61 13.21 10.66 14.30 16.63 17.05 16.00 11.45 9.38 7.10 6.38 0.00 7.02 9.73 6.52 12.29 11.77 18.88 16.78 13.10 13.50 12.37 10.05 11.75 7.93 6.39 4.90 4.15 6.68 5.99 7.43 6.41 5.48 2.95 1.52 2.69 5.61
0.00 0.00 0.00 0.00 0.00 0.00 7.30 10.37 15.84 18.40 17.16 16.79 12.41 10.59 6.20 5.99 0.00 4.31 8.10 8.10 4.89 1.97 0.88 0.29 0.00 0.00 0.00 0.00 0.00 0.00 0.00 0.00 0.00 0.00 0.00 0.00 0.58 0.00 0.00 0.00 0.00 0.00 0.00 1.17 1.17 1.46 4.53 8.95 5.17 8.81 11.29 11.57 9.82 7.58 7.03 5.56 4.61 0.00 6.76 9.77 10.54 10.04 9.18 16.34 16.86 13.83 15.76 14.87 10.09 11.29 10.74 7.76 6.88 4.40 3.54 3.93 5.90 5.64 2.04 0.95 2.19 6.47 11.07
0.00 0.00 0.00 0.00 0.00 0.00 0.00 0.00 9.86 11.83 12.85 12.92 10.07 11.32 6.94 12.70 15.04 10.62 8.69 8.69 5.26 1.68 2.70 0.80 0.58 0.00 0.29 0.00 0.00 0.00 0.00 0.00 0.00 0.00 0.00 0.22 0.07 0.00 0.00 0.00 0.00 0.00 0.00 1.17 1.17 0.80 1.24 2.34 5.54 9.17 11.60 11.71 9.21 5.11 5.40 0.00 0.00 0.00 6.42 0.00 9.09 10.17 11.51 11.02 13.32 13.78 18.74 20.46 12.15 12.41 11.55 7.71 5.77 3.61 1.60 2.66 4.69 5.02 2.61 1.02 0.94 3.93 7.50
0.00 0.00 0.00 0.00 0.00 0.00 0.00 7.96 11.46 5.33 6.06 8.91 9.64 9.49 12.92 11.97 17.68 16.64 13.15 12.27 8.10 4.31 5.77 2.12 0.44 0.58 0.44 1.39 0.00 0.00 0.00 0.00 0.00 0.00 0.29 0.51 0.22 0.00 0.00 0.15 0.00 0.00 0.73 1.97 1.97 0.88 0.44 1.98 5.41 9.99 9.22 14.00 12.56 2.59 2.63 0.00 0.00 0.00 0.00 0.00 0.00 0.00 8.13 12.87 11.56 11.63 17.80 16.99 16.86 20.61 15.11 9.03 6.80 7.66 3.50 2.27 3.86 6.22 3.18 1.10 0.00 0.00 1.95
0.00 0.00 0.00 0.00 0.00 0.00 0.00 0.00 0.00 0.00 0.00 0.00 0.00 0.00 0.00 8.40 5.84 0.00 7.11 7.22 9.86 12.34 12.70 7.59 7.81 6.20 4.02 7.52 2.92 0.00 5.18 4.09 3.43 3.14 1.90 3.43 3.80 6.79 3.50 7.08 6.60 5.49 3.69 4.23 4.23 1.97 0.44 2.56 2.71 4.28 0.00 0.00 0.00 0.00 0.00 0.00 0.00 0.00 0.00 0.00 0.00 0.00 8.68 7.43 7.06 13.41 15.69 10.30 6.97 7.79 5.80 6.26 8.18 6.64 3.43 4.46 7.40 5.79 3.56 1.29 0.00 0.00 0.00
0.00 0.00 0.00 0.00 0.00 0.00 0.00 0.00 0.00 0.00 0.00 0.00 0.00 0.00 0.00 0.00 0.00 0.00 0.00 0.00 5.11 7.74 10.29 11.83 6.72 8.40 9.01 9.73 7.37 5.26 7.52 6.72 6.06 5.62 4.96 4.74 7.30 8.61 9.56 5.33 8.54 8.06 8.62 6.72 7.50 4.82 3.07 4.23 4.12 0.00 0.00 0.00 0.00 0.00 0.00 0.00 0.00 0.00 0.00 0.00 0.00 0.00 0.00 0.00 5.73 15.86 10.38 5.46 0.00 0.00 3.74 4.51 6.84 5.77 3.54 2.86 3.79 3.41 1.43 0.00 0.00 0.00 0.00
0.00 0.00 0.00 0.00 0.00 0.00 0.00 0.00 0.00 0.00 0.00 0.00 0.00 0.00 0.00 0.00 0.00 0.00 0.00 0.00 0.00 0.00 5.55 8.61 10.44 6.64 8.66 9.61 9.42 8.83 8.18 8.98 8.03 5.85 4.89 5.84 6.96 10.80 5.26 7.96 9.05 5.68 4.82 6.51 8.26 8.29 5.84 2.87 0.12 0.00 0.00 0.00 0.00 0.00 0.00 0.00 0.00 0.00 0.00 0.00 0.00 0.00 0.00 0.00 0.00 6.53 0.00 0.00 0.00 0.00 0.00 4.51 5.28 4.28 0.00 0.00 3.32 3.31 0.00 0.00 0.00 0.00 0.00
0.00 0.00 0.00 0.00 0.00 0.00 0.00 0.00 0.00 0.00 0.00 0.00 0.00 0.00 0.00 0.00 0.00 0.00 0.00 0.00 0.00 0.00 0.00 0.00 3.07 3.21 0.00 8.61 10.00 7.52 3.36 5.26 7.98 8.87 0.00 5.11 0.00 5.77 0.00 4.09 4.60 0.00 0.00 0.00 0.00 4.71 0.97 0.00 0.00 0.00 0.00 0.00 0.00 0.00 0.00 0.00 0.00 0.00 0.00 0.00 0.00 0.00 0.00 0.00 0.00 0.00 0.00 0.00 0.00 0.00 0.00 0.00 0.00 0.00 0.00 0.00 0.00 2.32 0.00 0.00 0.00 0.00 0.00
