Wansh/Snow_depth/snowdepth-1997/winter/1998015.txt
ncols 321
nrows 161
xllcenter 60
yllcenter 15 
cellsize  0.25 
NODATA_value -1
[rows 0 to 36 of 161, columns 164 to 245 of 321]
14.16 13.14 12.12 12.26 11.61 10.44 8.32 8.32 8.10 8.47 9.05 9.34 9.27 9.27 8.40 8.32 8.32 8.47 7.81 8.40 9.42 8.98 10.95 11.39 10.51 10.51 10.51 10.88 10.95 11.75 5.26 0.00 0.00 0.00 0.00 1.83 13.65 13.65 14.24 14.24 13.36 13.51 13.43 13.87 11.75 11.32 13.43 12.85 16.21 20.44 20.66 21.10 18.40 16.79 15.99 16.57 16.06 15.70 17.37 17.67 17.37 18.32 18.69 19.27 19.27 19.13 19.27 17.96 22.48 23.43 23.87 20.95 17.59 18.18 16.06 15.77 15.77 16.43 16.35 17.30 18.54 18.25
13.65 14.31 14.60 14.16 12.19 12.70 10.07 9.56 8.69 7.45 8.18 8.40 7.74 7.74 7.96 8.10 6.42 6.64 7.15 7.81 9.34 10.73 10.44 10.88 9.20 9.64 9.27 11.39 10.15 3.36 5.40 0.00 0.00 0.00 1.24 0.00 11.02 8.76 12.48 12.48 11.97 12.99 14.24 14.09 13.36 11.39 14.09 16.86 15.77 19.27 20.15 17.16 16.50 18.10 18.54 19.05 19.49 16.94 17.45 16.72 18.40 18.25 19.05 16.72 16.72 16.64 17.30 22.41 21.39 23.65 19.93 21.10 18.25 16.57 16.43 16.35 16.50 16.64 17.16 16.94 17.45 17.45
14.02 14.45 14.09 14.31 13.51 13.94 12.70 11.24 7.45 7.74 8.18 8.25 6.72 6.72 8.69 7.52 6.35 6.57 7.37 7.08 8.76 10.51 8.32 8.98 9.27 8.98 8.83 11.75 8.32 0.00 0.00 0.00 0.00 0.00 2.04 7.59 7.81 9.42 9.56 9.56 9.49 12.63 15.18 14.53 14.09 14.31 14.38 15.84 12.12 13.58 13.21 14.82 17.52 20.22 20.22 19.27 17.96 18.40 17.74 17.59 17.74 17.23 17.23 16.79 16.79 19.35 18.98 21.17 21.68 21.90 21.83 19.42 19.49 18.18 15.91 16.35 15.70 13.94 14.38 15.33 15.33 14.75
14.02 14.45 14.09 14.31 13.51 13.94 12.70 11.24 7.45 7.74 8.18 8.25 6.72 6.72 8.69 7.52 6.35 6.57 7.37 7.08 8.76 10.51 8.32 8.98 9.27 8.98 8.83 11.75 8.32 0.00 0.00 0.00 0.00 0.00 2.04 7.59 7.81 9.42 9.56 9.56 9.49 12.63 15.18 14.53 14.09 14.31 14.38 15.84 12.12 13.58 13.21 14.82 17.52 20.22 20.22 19.27 17.96 18.40 17.74 17.59 17.74 17.23 17.23 16.79 16.79 19.35 18.98 21.17 21.68 21.90 21.83 19.42 19.49 18.18 15.91 16.35 15.70 13.94 14.38 15.33 15.33 14.75
14.38 14.45 14.75 14.16 14.09 13.80 13.87 10.15 7.59 7.74 8.47 9.42 7.81 7.81 7.88 8.47 8.54 7.37 7.23 7.45 5.99 5.91 7.52 9.05 8.98 10.80 8.61 0.00 2.04 0.00 0.00 0.00 0.00 0.00 0.00 6.35 7.15 8.61 11.53 11.53 13.80 13.21 13.36 12.05 11.17 8.03 9.56 9.20 10.73 12.05 14.67 13.87 18.03 20.81 20.44 20.95 18.76 18.98 19.35 17.45 17.81 17.52 18.61 19.42 19.42 19.64 22.12 21.61 22.41 22.12 22.56 19.35 17.67 18.10 15.55 13.87 14.38 11.97 9.34 9.34 8.98 11.39
12.85 15.70 15.55 15.40 15.40 15.55 12.26 12.19 7.01 10.95 8.10 6.94 9.34 9.34 9.56 9.56 8.76 9.20 7.15 5.69 5.04 4.96 6.13 7.23 8.76 6.13 0.00 0.00 0.00 0.00 0.00 0.00 0.00 6.20 7.15 7.08 6.86 7.30 11.83 11.83 12.26 10.15 8.18 7.45 7.52 7.45 8.69 9.20 8.83 10.59 15.04 17.74 15.99 21.24 22.48 22.34 22.85 18.54 19.64 17.01 16.64 14.89 17.16 18.61 18.61 21.83 21.75 25.04 21.39 22.63 17.81 16.57 16.43 15.48 15.77 13.72 11.83 12.26 8.91 9.56 9.42 10.44
10.00 13.87 13.21 14.97 14.09 15.33 14.38 13.65 9.49 8.54 8.76 6.86 7.81 7.81 9.86 9.27 9.20 7.37 7.66 6.42 8.03 6.94 7.15 7.37 9.27 8.54 0.00 0.00 0.00 0.00 0.00 0.00 0.44 7.23 9.27 8.47 8.69 8.40 11.68 11.68 13.72 9.86 8.18 7.23 6.72 6.50 7.01 8.54 10.66 10.22 11.46 16.06 18.10 20.51 20.73 21.90 17.45 17.74 15.77 12.78 14.45 14.75 16.64 17.52 17.52 21.32 22.19 24.09 21.02 18.25 19.42 16.64 17.23 17.16 16.13 14.60 12.70 11.10 11.61 11.53 11.68 10.66
10.00 13.87 13.21 14.97 14.09 15.33 14.38 13.65 9.49 8.54 8.76 6.86 7.81 7.81 9.86 9.27 9.20 7.37 7.66 6.42 8.03 6.94 7.15 7.37 9.27 8.54 0.00 0.00 0.00 0.00 0.00 0.00 0.44 7.23 9.27 8.47 8.69 8.40 11.68 11.68 13.72 9.86 8.18 7.23 6.72 6.50 7.01 8.54 10.66 10.22 11.46 16.06 18.10 20.51 20.73 21.90 17.45 17.74 15.77 12.78 14.45 14.75 16.64 17.52 17.52 21.32 22.19 24.09 21.02 18.25 19.42 16.64 17.23 17.16 16.13 14.60 12.70 11.10 11.61 13.33 16.11 15.34
10.37 9.42 10.07 10.88 11.97 14.31 13.51 11.17 10.15 9.86 11.02 9.49 10.80 10.80 9.34 8.32 8.03 8.18 8.61 7.96 8.32 7.96 0.00 6.50 0.00 0.00 0.00 0.00 0.00 0.00 2.34 5.69 4.96 7.08 11.24 11.46 14.45 13.29 12.70 12.70 12.78 10.73 8.25 4.67 5.84 6.42 6.20 8.03 9.78 11.10 10.66 13.14 17.30 17.96 18.47 13.65 14.82 14.67 11.39 11.53 11.61 14.24 16.13 18.25 18.25 18.83 21.17 21.90 22.12 20.22 18.25 18.32 17.45 16.72 16.86 16.28 13.21 13.02 15.07 17.83 19.27 19.69
12.12 9.86 9.20 9.93 9.34 11.53 12.05 9.93 10.44 9.56 10.07 9.34 9.20 9.20 8.10 7.66 7.74 8.03 7.96 3.29 0.07 1.68 0.00 0.00 0.00 0.00 0.00 0.00 0.00 3.07 4.38 10.15 10.15 11.83 11.39 11.46 12.56 12.05 8.25 8.25 6.64 4.82 5.11 3.87 5.18 7.37 8.40 7.96 10.07 9.56 12.85 11.97 14.97 10.29 11.02 11.68 8.83 8.91 8.61 10.15 10.15 12.05 13.07 17.23 17.23 19.35 21.32 21.39 19.56 19.35 18.40 16.50 16.64 16.50 17.23 17.37 15.32 17.69 19.89 18.17 19.89 21.05
12.12 9.78 10.66 10.00 11.61 11.53 10.80 10.51 9.78 9.78 9.93 9.86 8.54 8.54 9.71 6.72 7.66 4.82 5.77 1.83 0.00 0.00 0.00 0.00 0.00 1.53 4.82 7.01 8.61 9.64 9.42 9.56 9.64 7.30 8.10 7.88 6.50 6.79 7.01 7.01 5.48 5.62 5.77 6.42 6.06 7.45 7.23 6.94 8.10 8.25 5.77 8.47 8.83 9.20 7.37 7.96 7.52 8.10 6.86 6.86 8.18 10.59 12.70 15.26 15.26 18.83 17.89 18.18 17.30 14.53 15.04 15.55 16.79 16.57 17.01 15.70 15.72 13.19 11.89 16.95 20.42 21.72
12.12 9.78 10.66 10.00 11.61 11.53 10.80 10.51 9.78 9.78 9.93 9.86 8.54 8.54 9.71 6.72 7.66 4.82 5.77 1.83 0.00 0.00 0.00 0.00 0.00 1.53 4.82 7.01 8.61 9.64 9.42 9.56 9.64 7.30 8.10 7.88 6.50 6.79 7.01 7.01 5.48 5.62 5.77 6.42 6.06 7.45 7.23 6.94 8.10 8.25 5.77 8.47 8.83 9.20 7.37 7.96 7.52 8.10 6.86 6.86 8.18 10.59 12.70 15.26 15.26 18.83 17.89 18.18 17.30 14.53 15.04 15.55 16.79 16.57 17.01 15.70 15.33 12.99 11.53 15.74 18.20 20.12
12.63 11.24 11.46 12.05 11.17 10.29 10.37 10.51 9.42 8.54 9.93 10.00 9.27 9.27 4.23 0.88 2.26 0.00 0.00 0.00 0.00 0.00 0.00 4.38 0.00 6.20 6.79 7.15 6.64 7.52 4.67 5.55 5.33 5.91 7.59 5.91 5.91 5.48 6.06 6.06 5.91 6.20 6.50 7.23 6.28 6.50 6.50 5.84 2.85 3.94 3.72 5.04 5.18 6.57 7.01 4.74 5.62 5.62 6.28 6.72 7.52 8.47 11.02 13.36 13.36 15.26 16.13 16.35 16.06 15.55 16.28 15.70 17.52 17.08 17.16 16.72 16.43 14.67 13.25 16.34 19.66 18.51
10.15 10.88 8.40 11.10 8.03 8.40 8.47 8.98 8.10 7.52 3.72 0.00 0.00 0.00 0.00 0.00 0.00 0.00 0.00 0.00 0.58 4.31 1.02 5.62 5.69 5.48 5.26 4.74 4.82 5.48 5.40 6.20 7.37 6.28 5.84 5.69 5.84 5.84 7.23 7.23 8.03 8.03 7.08 7.45 6.13 6.28 3.87 2.41 2.70 2.92 3.50 4.16 4.31 3.65 3.80 3.94 4.16 3.87 3.43 5.48 7.88 9.71 9.42 12.78 12.78 15.18 14.38 17.52 17.89 18.10 16.28 17.59 17.67 19.20 19.05 19.13 17.74 17.40 23.49 20.53 16.28 17.50
7.37 7.74 7.45 7.15 7.66 8.18 9.64 10.88 10.66 8.83 5.77 0.00 5.26 5.26 0.00 0.00 0.00 0.00 0.00 6.35 5.62 6.13 3.80 4.96 4.09 4.31 4.82 5.18 6.28 5.84 6.72 7.59 7.52 6.20 6.72 5.99 5.99 6.42 7.37 7.37 7.37 7.01 7.30 6.57 6.42 4.53 3.72 3.65 2.92 3.07 3.07 2.41 3.14 3.29 3.65 2.48 2.41 2.77 4.45 7.45 6.86 8.69 11.83 11.46 11.46 14.45 15.99 17.96 18.18 17.01 17.30 18.25 19.71 19.05 22.19 20.29 20.72 22.55 19.22 22.23 21.26 25.20
3.72 8.54 8.76 8.03 7.96 7.52 8.83 8.54 10.80 9.93 10.73 9.71 9.20 9.20 7.88 7.37 9.49 7.37 8.25 6.72 6.94 2.77 5.99 3.07 3.72 3.65 4.23 5.40 5.69 6.06 7.23 6.79 7.45 6.57 9.05 9.05 7.81 7.74 7.81 7.81 7.30 7.30 6.06 4.60 4.09 4.02 6.50 4.38 2.70 2.34 2.63 2.12 2.92 2.41 2.48 2.12 3.43 4.60 4.23 5.33 8.69 7.96 10.29 12.99 12.99 12.85 14.31 15.04 15.99 16.35 14.97 15.99 15.33 22.56 20.73 22.13 21.72 21.41 22.34 20.90 25.50 21.76
3.72 8.54 8.76 8.03 7.96 7.52 8.83 8.54 10.80 9.93 10.73 9.71 9.20 9.20 7.88 7.37 9.49 7.37 8.25 6.72 6.94 2.77 5.99 3.07 3.72 3.65 4.23 5.40 5.69 6.06 7.23 6.79 7.45 6.57 9.05 9.05 7.81 7.74 7.81 7.81 7.30 7.30 6.06 4.60 4.09 4.02 6.50 4.38 2.70 2.34 2.63 2.12 2.92 2.41 2.48 2.12 3.43 4.60 4.23 5.33 8.69 7.96 10.29 12.99 12.99 12.85 14.31 15.04 15.99 16.35 14.97 15.99 15.33 22.56 20.73 27.17 20.36 23.28 20.06 25.86 25.87 24.06
4.60 7.88 6.94 6.57 7.01 6.42 6.94 6.35 7.96 6.72 8.18 7.52 8.91 8.91 6.79 7.30 8.25 6.86 5.55 3.80 4.31 3.43 2.70 2.63 3.43 3.87 5.04 4.60 5.40 5.18 7.81 8.32 8.98 9.27 9.27 8.83 8.03 7.59 8.10 8.10 7.08 7.59 6.35 5.48 8.61 7.59 8.03 6.28 3.94 2.26 1.83 1.75 2.04 1.97 1.83 1.61 3.14 3.14 4.16 4.09 4.89 8.83 8.61 7.74 7.74 8.18 10.95 12.85 10.22 10.73 12.99 13.43 16.06 15.48 21.11 18.89 23.06 21.49 25.19 29.56 30.02 25.38
4.31 4.53 4.38 5.04 2.19 4.45 4.38 4.09 5.04 5.69 4.53 5.33 5.55 5.55 5.91 5.91 7.45 7.45 6.13 4.60 4.74 3.21 3.65 2.99 3.87 3.87 4.16 5.26 6.79 8.10 7.66 8.54 8.61 8.76 9.42 9.27 9.64 10.37 9.05 9.05 8.91 10.07 9.13 9.27 8.91 8.10 5.04 3.14 3.72 2.34 1.24 1.61 1.61 1.46 1.31 2.12 2.63 1.75 0.00 2.99 2.92 2.77 6.13 6.06 6.06 6.13 8.98 8.10 8.32 7.45 9.20 10.15 14.09 16.80 16.59 18.95 22.91 21.36 23.69 25.67 24.76 26.80
2.41 1.53 1.83 1.46 1.68 2.63 2.48 3.94 4.60 4.09 4.53 5.48 6.28 6.28 6.28 7.37 7.81 7.59 6.86 5.04 3.65 3.50 4.31 4.09 4.16 4.53 6.42 6.06 6.28 6.57 6.72 8.18 7.88 11.10 12.92 12.48 12.85 11.24 10.29 10.29 11.10 10.80 9.78 7.23 6.64 7.01 4.82 2.41 2.34 2.41 1.24 2.48 1.61 1.75 1.10 2.34 0.00 0.00 0.00 0.00 0.00 0.00 2.34 5.26 5.26 4.82 6.20 6.35 6.28 6.42 8.54 13.72 12.34 16.28 19.56 18.83 23.07 24.75 23.07 25.45 25.66 32.34
0.88 1.24 1.68 0.29 1.02 2.04 1.90 3.36 3.58 3.14 4.02 4.89 4.74 4.74 5.40 7.66 6.57 5.48 4.74 4.82 3.43 4.23 5.11 4.60 5.84 6.94 6.57 6.42 6.35 7.66 7.66 8.54 8.10 12.63 14.38 14.09 13.43 12.70 12.12 12.12 12.48 12.19 7.59 4.74 4.74 2.04 2.26 2.12 2.77 1.97 2.63 2.26 2.04 2.63 2.56 0.00 0.00 0.00 0.00 0.00 0.00 2.12 1.90 2.85 2.85 4.74 4.89 3.21 2.77 8.18 7.23 14.09 17.59 17.45 19.27 22.34 21.90 22.85 24.20 25.17 30.31 25.41
0.44 0.88 0.15 0.66 1.02 1.83 1.90 2.70 3.07 3.29 3.80 4.16 4.02 4.02 4.60 6.79 6.50 7.37 5.48 3.65 4.31 4.60 5.84 7.45 8.03 7.74 7.74 8.32 8.18 8.91 8.10 9.05 8.18 9.71 13.58 13.14 13.14 13.51 13.72 13.72 8.98 5.40 6.20 3.94 3.58 2.19 1.39 1.31 2.26 1.97 1.68 1.61 1.61 2.48 1.31 0.00 0.00 0.00 0.00 2.19 1.97 2.34 2.70 2.63 2.63 0.95 1.03 1.61 0.00 6.13 13.65 12.26 16.28 14.24 13.65 9.56 18.25 17.89 20.76 21.98 26.70 24.76
0.44 0.88 0.15 0.66 1.02 1.83 1.90 2.70 3.07 3.29 3.80 4.16 4.02 4.02 4.60 6.79 6.50 7.37 5.48 3.65 4.31 4.60 5.84 7.45 8.03 7.74 7.74 8.32 8.18 8.91 8.10 9.05 8.18 9.71 13.58 13.14 13.14 13.51 13.72 13.72 8.98 5.40 6.20 3.94 3.58 2.19 1.39 1.31 2.26 1.97 1.68 1.61 1.61 2.48 1.31 0.00 0.00 0.00 0.00 2.19 1.97 2.34 2.70 2.63 2.63 0.95 1.03 1.61 0.00 6.13 13.65 12.26 16.28 14.24 13.65 9.56 18.25 17.89 19.93 22.10 20.74 21.78
0.95 0.22 0.51 0.29 0.51 1.75 2.92 2.77 3.72 3.07 3.21 2.04 2.92 2.92 4.38 5.84 5.48 6.72 5.11 4.82 4.60 4.38 6.28 8.18 9.56 8.76 8.83 9.05 9.71 8.83 8.76 9.49 11.53 11.17 11.39 10.88 11.39 6.57 5.69 5.69 4.74 5.18 5.40 4.09 4.60 3.80 3.21 1.97 0.95 1.10 0.80 0.73 1.02 0.95 1.10 0.80 0.00 0.00 0.00 2.26 2.34 2.41 1.97 0.00 0.00 0.00 0.00 0.00 5.11 4.02 6.06 5.69 11.32 9.56 6.79 7.37 6.13 12.63 17.30 17.17 20.67 24.91
0.58 1.68 1.68 1.10 1.10 1.10 3.07 2.99 3.21 3.65 1.90 1.53 2.56 2.56 4.23 5.77 5.48 5.33 5.33 4.67 5.04 4.60 6.57 7.74 7.30 8.32 8.83 9.20 9.42 9.56 11.24 11.61 10.80 9.13 8.18 6.20 5.33 5.33 4.96 4.96 4.74 5.11 5.77 5.99 6.35 2.92 4.31 1.83 0.51 0.88 0.95 0.58 1.68 0.00 0.00 1.02 0.00 0.00 0.00 1.31 1.61 0.00 0.00 0.00 0.00 0.00 0.00 0.00 0.00 3.36 3.14 2.63 4.02 6.28 6.20 7.52 14.24 12.48 19.39 19.36 20.55 19.11
1.46 2.56 1.90 1.24 1.46 1.10 0.95 1.68 1.46 1.10 1.02 1.53 2.56 2.56 3.50 4.82 5.48 4.23 3.50 4.82 4.67 5.40 5.91 7.23 8.25 9.13 9.27 9.34 10.07 10.29 10.37 11.68 11.24 10.44 8.03 6.50 5.55 5.11 5.26 5.26 7.08 6.50 6.28 7.81 5.91 5.33 2.04 1.83 0.29 0.00 0.00 0.00 1.83 0.00 0.00 0.00 0.00 0.00 1.17 1.61 0.37 0.00 0.00 0.00 0.00 0.00 0.00 0.00 0.00 1.02 1.53 1.39 3.29 5.62 9.42 8.40 16.90 21.61 20.75 23.99 17.93 13.58
3.36 3.36 2.70 4.38 2.70 2.41 1.68 0.29 0.58 1.17 1.17 1.39 3.14 3.14 3.50 3.72 2.34 2.41 3.58 4.02 3.50 5.18 5.99 6.86 6.35 8.54 10.07 9.71 8.54 8.40 8.69 10.73 9.78 8.98 8.91 6.86 5.26 4.96 5.77 5.77 6.28 5.69 5.99 5.84 5.84 1.17 0.29 0.00 0.00 0.00 0.00 0.00 0.00 0.00 0.00 0.58 0.00 0.00 0.88 0.00 0.00 0.00 0.00 0.00 0.00 0.00 0.00 0.00 0.00 0.00 0.00 0.00 0.00 3.94 9.27 15.62 14.30 22.20 23.65 18.41 22.81 15.71
4.23 5.04 5.26 5.33 4.02 2.63 2.48 1.61 0.00 0.07 0.07 0.58 0.73 0.73 0.80 2.12 2.48 2.48 2.48 3.50 3.94 3.29 1.97 3.21 4.74 5.77 3.36 4.09 6.50 6.50 7.15 7.23 7.37 8.32 5.77 5.18 5.26 5.40 5.55 5.55 3.36 3.50 2.85 1.31 0.37 0.44 0.00 0.00 0.00 0.00 0.00 0.00 0.00 0.00 0.00 0.00 0.00 0.00 0.00 0.00 0.00 0.00 0.00 0.00 0.00 0.00 0.00 0.00 0.00 0.00 0.00 0.00 0.00 8.61 7.49 16.48 25.34 20.89 24.86 20.44 10.22 13.26
4.23 5.04 5.26 5.33 4.02 2.63 2.48 1.61 0.00 0.07 0.07 0.58 0.73 0.73 0.80 2.12 2.48 2.48 2.48 3.50 3.94 3.29 1.97 3.21 4.74 5.77 3.36 4.09 6.50 6.50 7.15 7.23 7.37 8.32 5.77 5.18 5.26 5.40 5.55 5.55 3.36 3.50 2.85 1.31 0.37 0.44 0.00 0.00 0.00 0.00 0.00 0.00 0.00 0.00 0.00 0.00 0.00 0.00 0.00 0.00 0.00 0.00 0.00 0.00 0.00 0.00 0.00 0.00 0.00 0.00 0.00 0.00 0.00 8.61 7.53 16.31 22.91 23.28 26.53 23.85 11.86 12.83
3.72 3.50 3.65 2.92 2.92 2.92 2.85 0.00 0.00 0.00 0.00 0.00 0.15 0.15 0.29 0.37 1.46 0.00 1.39 2.04 0.00 0.00 0.00 0.00 2.70 2.12 0.00 2.56 3.14 1.83 5.55 6.50 4.23 4.74 4.53 4.16 2.56 2.70 2.41 2.41 2.34 1.46 0.95 0.80 0.37 0.00 0.00 0.00 0.00 0.00 0.00 0.00 1.17 0.00 0.00 0.00 0.00 0.00 0.00 0.00 0.00 0.00 0.00 0.00 0.00 0.00 0.00 0.00 0.00 0.00 0.00 0.00 0.00 8.26 17.62 16.22 25.97 28.41 21.23 27.06 11.30 4.43
5.40 2.63 5.33 3.87 3.29 3.21 0.95 0.29 0.00 0.00 0.15 0.00 0.07 0.07 0.22 0.58 0.88 0.00 0.00 0.00 0.00 0.00 0.00 0.00 0.00 0.00 0.00 0.00 0.00 0.00 0.80 0.88 0.00 2.19 1.17 0.00 0.00 1.90 0.00 0.00 0.80 0.58 0.66 0.00 0.00 0.00 0.00 0.00 0.00 0.58 0.73 1.75 2.19 0.00 0.00 0.00 0.00 0.00 0.00 0.00 0.00 0.00 0.00 0.00 0.00 0.00 0.00 0.00 0.00 0.00 0.00 0.00 7.23 5.99 13.80 19.94 21.63 27.75 15.97 7.36 10.03 3.52
8.10 7.52 7.96 6.28 5.18 3.72 1.97 0.37 1.10 0.00 0.15 0.44 0.00 0.00 0.00 0.00 0.00 0.66 0.00 0.00 0.00 0.00 0.00 0.00 0.00 0.00 0.00 0.00 0.00 0.00 0.00 0.37 0.00 0.00 0.00 0.00 0.00 0.44 1.39 1.39 0.88 0.80 0.37 0.00 0.00 0.00 0.00 0.00 0.00 0.00 0.00 0.07 0.00 0.00 0.00 0.00 0.00 0.00 0.00 0.00 0.00 0.00 0.00 0.00 0.00 0.00 0.00 0.00 0.00 0.00 0.00 0.00 5.11 11.24 9.56 18.12 20.92 13.12 14.50 5.06 2.70 1.78
10.88 9.78 10.44 5.99 6.64 5.18 3.80 1.53 1.61 1.53 0.00 0.80 0.00 0.00 0.00 0.00 0.00 0.00 0.00 0.00 0.00 0.00 0.00 0.00 0.00 0.00 0.00 0.00 0.00 0.00 0.00 0.00 0.00 0.00 0.00 0.00 0.00 2.12 2.77 2.77 2.04 2.56 1.53 0.00 0.00 0.00 0.00 0.00 0.00 0.00 0.00 0.00 0.00 0.00 0.00 0.00 0.00 0.00 0.00 0.00 0.00 0.00 0.00 0.00 0.00 0.00 0.00 0.00 0.00 0.00 1.83 2.77 2.48 7.74 14.16 12.61 18.73 11.00 4.49 4.87 2.19 1.68
9.56 9.71 8.25 5.99 3.65 1.31 1.46 1.24 2.12 2.12 1.46 1.68 0.00 0.00 0.00 0.00 0.00 0.00 0.00 0.00 0.00 0.00 0.00 0.00 0.00 0.00 0.00 0.00 0.00 0.00 0.00 0.00 0.00 0.00 0.00 0.00 0.00 3.80 3.72 3.72 3.43 3.65 2.63 3.43 0.44 0.00 0.00 0.00 0.00 0.00 0.00 0.00 0.00 0.00 0.00 0.00 0.00 0.00 0.00 0.00 0.00 0.00 0.00 0.00 0.00 0.00 0.00 0.00 0.00 0.00 0.66 1.97 2.77 2.48 5.18 7.08 3.24 7.72 3.17 1.56 0.53 0.71
9.05 8.76 8.18 5.99 4.31 2.26 2.04 3.65 3.36 3.43 2.12 0.00 0.00 0.00 0.00 0.00 0.00 0.00 0.00 0.00 0.00 0.00 0.00 0.00 0.00 0.00 0.00 0.00 0.00 0.00 0.00 0.00 0.00 0.00 0.00 0.00 0.00 0.00 2.99 2.99 4.89 5.04 3.36 4.38 0.44 0.00 0.00 0.00 0.00 0.00 0.00 0.00 0.00 0.00 0.00 0.00 0.00 0.00 0.00 0.00 0.00 0.00 0.00 0.00 0.00 0.00 0.00 0.00 0.00 0.00 0.00 0.80 1.90 2.48 1.83 3.74 1.19 0.60 0.52 0.31 0.75 0.00
9.05 8.76 8.18 5.99 4.31 2.26 2.04 3.65 3.36 3.43 2.12 0.00 0.00 0.00 0.00 0.00 0.00 0.00 0.00 0.00 0.00 0.00 0.00 0.00 0.00 0.00 0.00 0.00 0.00 0.00 0.00 0.00 0.00 0.00 0.00 0.00 0.00 0.00 2.99 2.99 4.89 5.04 3.36 4.38 0.44 0.00 0.00 0.00 0.00 0.00 0.00 0.00 0.00 0.00 0.00 0.00 0.00 0.00 0.00 0.00 0.00 0.00 0.00 0.00 0.00 0.00 0.00 0.00 0.00 0.00 0.00 0.80 1.90 2.48 1.83 3.72 1.17 0.59 0.52 0.33 0.67 0.00
7.37 7.01 7.59 4.82 2.63 3.29 2.85 4.53 4.31 4.02 2.34 2.48 0.00 0.00 0.00 0.00 0.00 0.00 0.00 0.00 0.00 0.00 0.00 0.00 0.00 0.00 0.00 0.00 0.00 0.00 0.00 0.00 0.00 0.00 0.00 0.00 0.00 0.00 0.00 0.00 3.87 3.94 3.50 3.72 0.22 0.80 0.00 0.00 0.00 0.00 0.15 0.15 0.00 0.00 0.00 0.00 0.00 0.00 0.00 0.00 0.00 0.00 0.00 0.00 0.00 0.00 0.00 0.00 0.00 0.00 0.00 0.00 0.80 0.15 1.31 0.51 0.66 0.37 0.07 0.15 0.32 0.00
