Wansh/Snow_depth/snowdepth-1997/winter/1998006.txt
ncols 321
nrows 161
xllcenter 60
yllcenter 15 
cellsize  0.25 
NODATA_value -1
[rows 72 to 107 of 161, columns 83 to 165 of 321]
0.00 0.00 0.00 0.00 0.00 0.00 0.00 0.00 0.00 0.00 0.00 0.00 0.00 0.00 0.00 0.07 0.07 0.00 0.80 0.80 1.68 3.21 2.70 1.39 0.00 0.00 0.07 0.00 0.00 0.00 2.41 2.12 0.00 2.41 0.00 2.48 2.48 0.88 0.44 0.37 0.44 1.24 1.02 1.17 1.17 0.00 0.00 0.00 0.00 0.00 0.00 0.00 0.00 0.00 0.00 0.00 0.00 0.00 0.00 0.00 0.00 0.00 0.00 0.00 0.00 0.00 0.00 0.00 0.00 0.00 0.00 0.00 0.00 0.00 0.00 0.00 0.00 0.00 0.00 0.00 1.97 1.31 4.02
0.00 0.00 0.00 0.00 0.00 0.00 0.00 0.00 0.00 0.00 0.00 0.00 0.22 0.95 0.95 1.31 1.39 1.68 2.70 2.70 2.63 3.43 0.00 3.36 0.00 0.00 0.00 0.00 2.48 2.26 2.41 2.70 3.21 2.92 2.48 4.02 2.92 2.26 1.17 1.75 0.95 1.39 0.95 0.66 0.66 1.17 0.00 0.00 0.00 0.00 0.00 0.00 0.00 0.00 0.00 1.53 0.00 0.00 0.00 0.00 0.00 0.00 0.00 0.00 0.00 0.00 0.00 0.00 0.00 0.00 0.00 0.66 0.00 0.00 0.00 0.00 0.00 0.00 0.00 0.00 0.00 0.00 1.98
0.00 0.00 0.00 0.00 0.00 0.00 0.00 0.00 0.00 0.00 0.00 1.17 2.41 2.63 1.24 2.26 2.12 0.00 0.00 0.00 4.60 4.53 4.67 4.53 5.26 5.62 3.07 5.04 2.12 2.77 2.56 3.14 4.02 3.58 3.29 5.48 5.48 3.94 5.91 2.41 3.94 1.61 2.63 1.31 1.31 1.10 0.29 0.15 1.75 2.56 1.83 0.00 0.00 0.00 0.00 1.79 2.48 1.10 0.73 0.00 0.95 0.07 0.00 0.00 0.00 0.00 0.00 0.00 0.00 0.00 1.69 1.76 1.46 0.00 0.37 0.00 0.00 0.00 0.00 0.00 0.00 0.00 1.69
0.00 0.00 0.00 0.00 0.00 0.51 0.29 0.73 0.00 0.15 1.31 2.04 3.80 2.56 2.85 3.14 3.21 2.92 3.29 3.29 3.43 4.31 3.72 4.82 4.53 5.40 5.84 3.72 3.07 2.70 4.09 4.96 5.04 6.35 7.45 6.72 8.03 7.30 7.52 5.33 4.23 5.55 4.31 0.95 0.95 1.61 0.00 0.22 2.56 2.34 1.68 0.00 1.90 1.83 0.00 2.41 2.04 1.61 1.10 1.75 0.88 1.02 1.02 2.48 0.07 0.37 0.00 0.00 0.29 0.29 3.08 4.31 3.58 3.80 1.68 0.00 0.00 0.00 0.00 0.00 0.00 0.00 0.15
0.00 0.22 0.00 0.66 1.53 0.80 0.00 2.04 1.83 0.95 2.56 3.43 5.18 4.31 4.38 4.82 4.45 0.00 3.94 3.94 3.58 0.00 3.07 4.38 2.56 0.00 4.96 3.94 3.80 4.96 5.18 5.11 4.82 8.76 8.18 8.25 7.81 6.72 6.35 6.79 6.64 7.15 6.64 3.14 3.14 2.04 1.31 3.94 4.31 3.07 1.83 1.10 2.26 1.83 1.83 1.68 1.24 2.34 1.68 0.22 0.95 0.15 1.17 0.00 0.51 0.95 0.22 0.00 2.26 2.26 5.04 5.40 5.62 1.39 0.29 0.00 0.00 0.00 0.00 0.00 0.00 0.00 0.00
2.04 0.80 0.66 1.68 2.04 1.90 1.90 3.07 4.23 4.02 3.94 4.89 5.91 5.18 4.67 5.26 4.74 5.62 7.37 7.37 7.23 4.16 0.00 0.00 0.00 0.00 0.00 0.00 4.38 5.84 5.33 6.72 7.96 12.26 10.29 10.29 6.79 5.99 6.50 7.01 7.30 8.25 8.25 5.62 5.62 2.85 3.07 4.23 4.96 4.45 3.65 4.67 2.04 6.28 3.72 1.17 1.90 2.85 1.97 0.66 1.46 0.15 2.41 0.73 1.24 1.83 0.73 0.66 0.95 0.95 3.14 5.84 2.85 1.97 0.22 0.29 0.00 0.00 0.00 0.00 0.00 0.00 0.00
5.26 1.02 2.56 3.14 4.16 2.41 4.23 2.92 3.87 3.94 4.60 5.04 4.09 4.09 4.38 4.82 4.67 5.26 7.59 7.59 7.81 5.62 3.07 0.00 2.48 3.36 4.31 3.94 5.91 5.18 6.64 9.05 14.31 12.56 10.66 10.51 10.37 8.54 7.15 12.56 12.26 11.75 8.69 7.59 7.59 5.69 3.72 4.45 4.45 0.00 5.33 5.18 6.86 9.86 8.32 3.14 2.12 2.99 3.14 2.63 1.83 2.48 4.89 3.58 2.19 2.19 2.70 2.04 2.77 2.77 3.58 4.53 2.34 1.68 0.80 1.46 0.66 0.37 0.37 0.00 0.00 0.00 0.00
7.37 6.50 5.69 6.13 5.48 4.96 5.11 3.07 3.36 3.58 3.72 3.80 3.65 3.94 4.31 4.16 4.02 4.89 5.62 5.62 7.45 6.28 3.14 0.00 2.41 0.00 3.43 4.23 5.40 5.33 5.99 9.93 11.97 14.67 13.43 9.56 10.29 11.83 8.91 13.21 16.43 14.09 12.26 9.05 9.05 6.28 0.00 0.00 0.00 3.80 5.11 7.01 7.74 9.49 11.24 6.50 6.57 5.91 4.67 4.67 3.87 4.31 6.42 4.82 4.16 2.92 1.68 2.85 6.20 6.20 4.23 6.35 4.67 2.12 0.80 4.70 2.92 0.29 0.66 0.58 0.00 0.00 0.73
9.13 10.00 7.30 5.91 4.96 4.45 3.29 3.43 0.00 4.31 3.87 3.58 4.45 3.72 3.87 4.09 5.55 6.50 7.08 7.08 5.11 5.69 3.87 2.41 2.85 0.00 0.00 0.00 4.16 6.28 7.74 10.15 11.46 14.02 13.36 18.18 14.09 15.26 12.92 11.90 15.84 12.99 10.66 11.61 11.61 5.11 5.48 0.00 0.00 0.00 4.74 6.06 8.18 7.96 9.49 8.25 5.91 8.10 8.47 6.50 5.77 5.40 7.23 5.69 1.75 1.61 1.17 3.72 5.18 5.18 7.74 8.61 8.47 6.79 12.05 6.94 4.26 6.06 1.68 0.00 1.02 0.00 0.15
12.26 11.97 8.25 5.99 5.55 4.45 4.31 3.07 3.94 3.80 3.87 4.60 5.55 5.48 4.53 4.31 6.06 9.42 7.23 7.23 4.67 0.00 0.00 0.00 0.00 2.12 2.41 3.94 6.57 8.10 12.19 11.61 10.00 11.90 14.53 18.61 20.44 15.33 14.45 10.07 10.66 11.75 9.64 4.74 4.74 6.28 5.91 5.11 0.00 4.16 4.67 6.72 6.57 6.28 7.96 6.72 6.86 10.29 9.93 10.51 8.40 8.69 5.69 4.96 1.46 0.00 0.00 0.00 4.96 4.96 6.42 8.69 15.62 19.71 18.32 15.55 8.22 10.99 6.57 2.35 1.12 1.54 2.41
16.64 9.71 9.05 10.95 10.73 4.02 5.62 3.43 4.38 4.31 4.23 6.06 6.79 6.94 5.69 5.18 5.99 10.15 11.61 11.61 6.35 3.14 2.34 2.85 3.94 3.29 2.70 2.77 5.33 7.59 9.93 11.10 10.15 9.93 10.95 21.97 20.15 18.40 7.59 9.71 10.66 6.86 10.00 0.00 0.00 0.00 3.72 3.87 4.45 5.11 4.96 6.79 5.04 6.13 5.04 8.69 14.31 12.99 11.97 10.80 12.41 11.46 7.59 7.45 3.94 2.26 0.00 4.16 4.82 4.82 7.01 12.70 16.13 18.47 22.63 17.16 14.45 15.26 9.78 6.64 4.26 5.40 3.87
21.32 15.33 17.74 18.03 15.40 6.50 6.79 4.82 5.33 5.40 4.89 6.20 7.23 6.50 6.64 7.23 6.86 9.86 12.85 12.85 10.59 6.94 3.14 2.99 7.30 6.50 4.45 4.23 4.89 6.94 8.40 11.46 9.56 9.27 8.61 13.58 15.11 13.07 14.89 10.22 5.91 4.82 0.00 0.00 0.00 0.00 0.00 0.00 3.94 4.74 5.48 9.86 8.47 8.03 6.50 13.36 19.93 14.38 10.22 10.51 14.31 12.70 9.34 10.15 7.15 5.11 4.02 2.41 11.46 11.46 9.64 8.47 15.55 16.86 20.29 22.05 16.50 18.10 14.16 8.83 8.25 6.64 4.45
22.56 21.53 22.34 22.92 18.61 9.34 5.77 5.99 5.77 5.91 4.23 5.69 6.79 8.40 8.61 7.30 10.07 12.12 11.97 11.97 9.49 6.35 6.86 8.91 8.40 8.10 7.23 8.83 9.42 9.42 10.95 11.02 12.19 14.89 9.13 11.10 9.13 11.97 19.93 10.95 7.01 3.94 3.14 2.56 2.56 0.00 0.00 0.00 0.00 4.96 9.34 12.99 12.92 24.67 11.53 8.61 25.26 19.05 15.91 14.09 12.99 13.21 11.17 13.21 11.90 10.15 7.96 24.45 24.24 24.24 16.72 12.78 12.70 17.67 18.18 17.81 18.76 18.54 16.21 13.43 11.83 9.86 7.88
20.22 18.69 23.29 22.12 17.67 9.93 6.79 6.42 7.08 8.18 8.54 5.69 6.13 8.91 8.98 7.88 9.42 10.66 10.80 10.80 11.97 8.98 9.42 9.34 8.98 8.54 9.56 12.41 10.37 11.39 18.03 11.90 16.86 13.58 16.57 11.83 10.29 20.73 18.76 15.70 10.95 4.89 3.29 0.00 0.00 0.00 0.00 0.00 0.00 4.96 10.37 15.84 20.37 31.83 17.16 32.85 28.03 24.89 18.83 16.57 13.29 11.59 17.51 18.06 17.96 30.15 15.84 31.54 28.69 28.69 25.77 22.48 18.32 16.57 16.72 15.48 18.18 16.79 16.13 13.80 12.70 11.53 9.13
12.63 18.10 17.74 14.16 11.61 13.07 12.26 10.88 9.93 15.62 17.37 9.78 10.29 11.17 10.73 9.56 11.61 15.99 15.40 15.40 15.04 12.56 12.19 9.13 9.71 7.37 14.31 17.08 21.39 27.16 24.02 19.71 15.11 16.94 19.56 18.25 18.10 21.97 21.90 21.75 14.60 13.51 11.61 9.56 9.56 3.65 11.53 5.69 6.72 7.81 11.02 18.32 15.84 23.36 23.07 24.16 27.08 27.59 26.28 24.09 22.63 29.42 24.82 25.77 23.87 25.40 22.48 23.58 25.70 25.70 28.03 26.50 25.40 22.12 18.69 14.45 12.63 10.73 13.21 12.26 10.37 9.34 7.01
9.42 13.80 13.94 11.32 8.40 12.12 9.27 10.44 9.64 13.58 15.99 13.21 10.95 13.29 14.45 12.12 12.19 17.81 19.05 19.05 19.78 17.23 13.58 11.53 8.40 10.51 13.87 17.89 21.02 22.19 28.69 18.40 14.75 14.45 17.52 18.83 18.69 22.12 28.03 26.57 19.86 23.07 21.75 15.70 15.70 12.78 10.73 7.59 5.40 6.20 7.01 12.26 13.51 18.25 21.46 22.27 24.02 27.16 29.27 30.51 29.42 26.72 26.06 24.89 19.13 17.94 21.32 20.08 25.19 25.19 18.76 20.37 25.84 24.02 18.69 14.82 11.46 9.42 11.39 8.10 8.54 9.71 6.94
10.15 9.56 10.22 7.23 5.26 9.13 7.37 9.20 12.05 10.80 10.15 10.00 10.88 12.05 13.94 14.89 13.29 19.20 19.49 19.49 19.78 19.78 16.64 14.45 12.48 13.29 13.21 17.45 16.79 17.96 23.65 20.81 19.27 15.48 21.68 25.19 23.43 28.54 30.30 28.25 23.07 31.03 30.95 27.30 27.30 24.09 20.95 10.22 7.30 12.92 7.30 8.76 13.51 18.18 18.18 21.97 24.60 22.41 25.92 30.15 31.68 22.34 21.10 21.61 17.37 17.62 21.55 20.29 19.27 19.27 11.32 13.87 17.23 22.85 11.90 12.12 6.42 8.10 7.88 8.61 8.10 8.76 9.05
12.19 8.03 8.91 5.48 4.02 5.99 4.89 7.08 7.45 6.42 7.23 8.76 9.20 12.92 18.69 23.29 23.36 19.78 20.88 20.88 17.89 19.20 18.76 15.33 16.57 16.06 17.37 15.11 15.91 19.56 20.15 23.21 18.25 20.44 20.73 25.70 29.27 30.30 31.03 31.39 27.89 27.52 33.58 36.87 36.87 36.21 27.45 21.39 31.83 25.04 17.59 19.86 19.78 20.37 21.90 21.10 21.53 21.10 21.97 26.75 15.85 15.40 15.18 18.18 19.64 22.09 21.22 19.44 14.45 14.45 9.93 7.45 9.56 9.56 7.37 6.35 6.06 8.54 8.91 8.18 7.64 8.19 4.29
10.15 8.10 4.74 4.02 4.16 3.72 4.23 5.11 5.48 4.38 4.89 6.42 7.66 10.15 15.70 22.92 25.04 20.73 17.23 17.23 18.40 19.13 16.21 16.35 17.59 18.25 16.79 14.67 14.75 14.89 16.86 18.98 18.98 19.64 24.82 28.25 28.62 30.51 31.10 30.59 29.20 30.73 35.62 36.57 36.57 39.93 38.98 31.97 33.29 27.23 32.41 28.03 26.72 27.74 24.82 23.73 21.53 22.85 19.42 16.28 9.56 12.19 9.49 15.19 19.49 19.56 19.35 20.50 16.19 15.68 7.41 7.30 6.72 6.50 5.99 4.67 5.69 7.88 6.86 8.18 7.26 5.44 4.53
8.10 7.96 4.82 4.31 3.58 4.09 3.94 3.94 4.16 3.50 3.72 4.09 5.84 6.72 11.17 16.50 19.78 18.47 16.86 16.86 17.30 17.52 16.57 14.97 17.01 17.81 18.10 13.87 14.09 15.55 20.08 18.61 19.13 22.48 26.28 29.20 29.05 25.19 26.06 27.96 27.59 31.03 33.87 33.94 33.94 39.35 41.90 38.62 38.47 33.94 35.26 34.38 33.43 33.94 31.46 27.81 23.94 18.54 14.24 14.97 9.81 8.18 8.40 10.58 14.30 15.28 16.91 17.89 11.61 11.67 8.99 7.12 9.42 9.86 7.37 6.90 4.89 3.87 5.69 7.48 7.85 8.19 7.74
8.91 6.72 3.94 4.96 3.65 3.87 4.38 4.31 3.50 3.94 4.89 4.60 5.26 4.67 7.66 9.93 12.19 14.53 14.82 14.82 15.33 15.26 14.38 11.46 13.29 14.45 9.93 14.82 13.43 14.67 15.40 16.86 18.83 24.45 26.06 22.56 22.34 16.21 19.56 20.44 22.19 26.50 32.63 31.90 31.90 39.78 39.13 31.54 34.89 36.28 35.33 36.50 33.07 35.11 33.29 32.49 27.59 24.24 20.15 20.95 15.35 9.51 10.47 8.50 9.53 12.82 16.74 16.92 10.00 10.00 9.40 9.01 11.01 11.08 10.30 5.50 6.12 4.16 4.15 7.45 5.81 8.52 8.43
11.32 5.77 4.02 5.69 4.38 3.58 4.31 5.40 3.94 4.23 6.64 4.60 4.16 6.20 8.32 9.78 11.61 12.99 14.97 14.97 14.67 8.18 7.30 8.91 10.37 6.28 7.52 11.10 10.66 12.34 15.48 16.06 15.62 20.51 25.26 24.02 16.94 13.80 15.33 17.52 20.08 23.29 28.03 27.52 27.52 28.62 31.24 27.08 31.68 34.53 34.67 35.41 32.12 32.70 33.51 29.49 29.27 28.90 24.24 25.55 21.61 11.83 9.52 11.49 8.07 8.91 15.05 12.69 9.05 9.05 7.82 8.88 10.74 10.67 9.68 8.67 7.56 6.28 5.78 6.04 3.54 6.12 9.42
8.10 7.01 6.42 7.45 7.23 3.07 4.02 4.60 4.16 3.43 7.08 5.04 3.14 4.31 6.42 9.93 11.32 12.48 13.51 13.51 11.61 7.52 6.20 4.45 5.33 5.04 6.72 8.61 9.05 7.30 14.97 15.62 12.12 19.27 25.77 21.90 16.43 13.36 12.78 15.91 17.16 21.10 12.56 13.58 13.58 18.47 23.58 25.48 28.69 32.85 31.83 32.70 28.40 30.76 28.75 25.91 28.61 29.12 27.74 27.52 25.77 19.20 13.06 9.76 9.44 13.58 15.49 14.83 10.95 11.01 8.00 10.14 9.81 9.60 9.92 11.59 9.93 5.81 5.37 3.90 4.36 7.53 8.63
14.02 11.97 10.80 11.97 10.80 3.87 4.45 4.31 4.23 0.00 4.02 5.84 3.80 0.00 3.80 6.57 8.25 9.34 9.71 9.71 8.83 4.09 6.06 4.53 3.72 6.35 8.40 7.45 7.59 7.23 7.96 11.61 9.42 24.02 21.53 20.73 16.13 10.88 9.78 12.99 13.21 14.75 11.68 11.61 11.61 14.24 20.08 28.32 29.57 33.51 32.56 30.88 28.03 24.24 21.94 24.28 24.31 27.59 25.81 26.75 23.15 23.26 18.42 12.63 11.18 14.60 14.91 13.48 6.46 6.46 6.49 5.72 5.60 8.38 8.24 8.80 7.92 8.42 6.62 5.69 6.35 8.96 10.74
20.22 17.01 14.97 15.04 16.43 7.59 5.91 5.11 4.16 4.89 5.84 4.38 0.00 0.00 0.00 4.09 4.82 4.38 5.04 5.04 0.00 0.00 3.07 0.00 5.04 6.06 7.08 5.99 7.08 4.60 2.77 7.23 9.27 14.09 10.51 12.34 8.40 6.57 0.00 7.52 7.23 26.50 26.57 23.73 23.73 19.71 32.41 31.90 32.78 34.53 33.65 28.54 22.70 21.24 20.91 21.68 23.28 18.79 20.72 23.34 26.31 24.07 21.44 12.57 12.13 11.98 15.18 7.83 6.82 6.72 4.89 4.26 5.50 6.53 7.02 7.96 7.41 5.48 6.67 4.54 5.70 8.20 11.06
21.46 20.15 17.30 13.36 16.64 12.63 9.49 8.83 9.13 8.40 8.54 7.81 6.64 0.00 0.00 1.97 0.00 0.00 0.00 0.00 0.00 0.00 0.00 0.00 0.00 5.40 5.48 3.72 3.50 3.87 2.41 3.07 5.55 3.72 7.52 5.69 5.55 5.48 0.00 5.62 19.42 28.54 30.37 29.49 29.49 32.19 31.54 31.54 34.09 33.43 32.57 27.92 24.01 23.54 23.91 20.07 18.86 17.16 16.64 17.71 21.02 20.40 22.90 17.58 13.29 11.71 8.41 6.00 5.19 5.06 3.50 3.72 5.50 6.01 8.48 8.14 6.42 6.57 4.68 3.95 3.87 7.73 8.01
15.84 10.80 10.15 13.94 13.65 15.40 13.94 16.72 20.22 22.56 22.85 20.59 16.64 11.46 6.72 4.31 2.04 1.10 2.41 2.41 1.68 0.00 0.00 2.99 2.85 1.61 2.04 2.34 2.48 1.97 2.34 2.34 2.41 4.89 5.33 6.94 6.13 6.42 0.00 14.97 19.27 20.00 23.07 29.35 29.35 26.65 31.10 32.27 28.91 29.49 27.89 23.78 26.10 12.88 10.89 11.27 13.05 9.30 11.41 14.53 19.08 20.40 20.58 21.04 20.09 11.97 11.96 10.60 7.19 7.08 3.43 4.45 8.02 11.80 15.80 17.59 12.19 5.22 3.96 2.00 1.83 2.88 4.70
12.63 11.61 11.83 12.92 11.24 13.65 17.74 22.85 25.19 24.38 21.90 18.54 16.06 11.24 12.34 7.81 4.16 4.23 2.92 2.92 2.12 1.90 3.07 2.85 0.95 0.73 1.39 1.46 1.90 2.19 2.56 3.07 2.92 3.65 5.69 10.37 10.80 13.94 12.92 11.10 11.32 12.48 20.00 23.43 23.43 20.44 25.77 28.76 23.43 23.18 17.57 21.52 17.66 10.72 8.94 8.55 11.02 9.82 12.00 16.83 16.82 18.43 21.86 20.72 14.98 12.70 12.41 13.43 11.51 11.33 4.60 4.89 7.90 9.15 15.41 17.71 10.59 7.08 3.74 2.21 1.57 4.94 3.30
8.40 10.22 12.12 10.80 7.96 11.53 14.97 19.56 23.58 23.65 21.17 17.74 16.79 15.91 11.53 7.01 8.98 6.86 4.38 4.38 2.70 2.70 3.58 3.50 1.83 0.66 0.73 0.66 1.17 1.68 1.39 1.90 1.61 3.43 6.20 12.85 14.75 10.00 17.23 12.92 5.84 6.86 10.80 18.69 18.69 19.42 24.24 16.86 19.02 21.33 18.05 18.99 12.37 14.96 12.92 12.75 8.26 7.15 8.98 11.29 13.05 19.23 18.92 17.96 15.04 14.45 14.30 12.07 8.95 9.95 5.13 5.14 6.16 8.10 12.32 18.49 10.40 8.91 4.23 1.77 1.81 1.72 2.39
4.89 7.37 7.74 6.64 5.18 7.96 11.10 14.16 16.87 19.42 18.47 15.48 14.60 16.79 15.48 11.39 10.80 8.47 7.15 7.15 5.91 4.09 3.36 3.36 2.26 1.31 0.88 1.10 0.15 1.46 1.68 1.68 1.68 6.06 4.31 8.32 11.68 4.09 7.96 2.04 2.26 1.98 3.36 9.93 9.93 14.75 17.96 15.91 18.34 18.32 20.07 13.71 15.24 19.24 19.08 9.47 6.75 5.47 5.24 8.79 9.51 16.83 23.39 20.47 15.84 13.29 11.82 10.51 9.89 9.53 8.38 4.47 6.18 9.08 10.45 16.05 10.11 9.71 3.67 2.32 1.40 2.14 3.95
0.00 3.58 0.00 0.00 0.00 4.74 7.15 11.17 13.21 15.62 16.64 15.26 12.99 14.16 16.21 14.31 7.15 6.79 6.79 6.79 6.79 4.74 2.92 2.41 1.46 2.26 1.24 0.95 0.15 0.15 0.29 0.88 1.46 2.26 0.73 5.26 6.50 2.19 2.99 0.44 0.95 1.02 2.77 7.74 7.74 11.46 14.02 14.09 19.20 20.29 15.33 17.56 14.91 14.29 12.45 10.55 8.80 5.00 5.40 8.26 7.66 14.07 19.23 20.74 20.92 12.03 11.89 11.40 11.38 11.45 9.05 8.52 6.53 10.77 6.19 10.93 10.51 5.66 4.48 2.65 2.81 5.74 9.02
0.00 0.00 0.00 0.00 0.00 6.35 10.15 12.05 14.02 14.38 13.14 11.97 12.92 12.78 13.58 8.69 6.57 5.40 6.13 6.13 5.99 3.80 2.85 2.12 0.88 0.00 1.02 1.02 0.00 0.00 0.00 0.07 0.29 0.29 0.00 2.34 3.94 0.95 1.53 0.00 0.00 2.77 6.28 2.19 2.19 6.97 10.29 16.21 14.97 17.64 19.94 22.40 19.85 12.60 10.25 7.74 7.26 5.72 4.21 9.83 9.47 9.79 16.06 18.07 14.30 12.95 12.22 12.13 7.30 8.54 6.67 7.03 6.80 5.77 3.34 6.23 7.01 4.54 3.21 3.11 3.19 6.95 9.22
0.00 0.00 0.00 0.00 0.00 4.96 8.03 9.20 11.97 14.24 12.56 11.17 11.02 11.53 11.39 8.83 8.40 6.06 5.18 5.18 5.40 4.45 2.12 0.58 0.00 0.00 0.00 0.00 0.00 0.00 0.00 0.00 0.00 0.00 0.00 0.00 0.66 1.61 0.00 0.00 0.00 0.00 0.80 0.00 0.00 1.68 5.91 8.00 13.69 13.26 19.84 21.30 10.62 8.60 7.30 9.91 1.02 4.29 5.45 9.54 13.79 11.10 12.33 13.87 12.25 12.37 13.19 13.51 7.46 8.36 7.25 6.75 5.65 4.13 2.92 3.37 4.59 2.74 2.04 1.27 1.34 5.14 8.74
0.00 0.00 0.00 0.00 0.00 0.00 0.00 5.99 9.34 12.05 11.24 10.37 10.22 10.07 10.29 8.10 10.38 10.25 7.52 7.52 6.50 2.19 0.95 1.31 0.95 0.15 0.00 0.00 0.00 0.00 0.00 0.00 0.00 0.22 0.00 0.00 0.00 1.02 0.88 0.00 0.00 0.00 0.00 1.68 1.68 1.10 0.07 1.90 7.41 10.17 14.44 11.55 8.88 7.39 8.99 8.29 0.00 0.00 0.00 0.00 8.82 7.30 12.11 11.63 11.25 12.13 12.43 16.45 9.86 10.07 7.02 7.50 4.75 5.19 3.63 2.40 3.51 2.98 0.00 0.00 0.00 1.01 6.91
0.00 0.00 0.00 0.00 0.00 0.00 0.00 0.00 0.00 7.45 9.13 7.08 8.18 9.93 9.93 8.76 10.86 9.78 10.49 9.78 8.47 5.48 1.83 1.68 1.02 0.95 1.83 0.29 0.00 0.00 0.00 0.22 0.22 0.73 0.80 0.00 1.02 1.39 0.00 0.00 0.51 0.29 1.83 0.88 0.88 0.00 0.00 1.17 5.41 9.48 12.49 5.70 4.62 6.00 3.23 0.00 0.00 0.00 0.00 0.00 0.00 0.00 11.47 10.59 6.95 13.89 16.84 14.68 11.79 14.41 12.37 7.46 5.08 5.50 1.92 2.11 3.49 2.07 0.56 0.00 0.00 0.00 0.00
0.00 0.00 0.00 0.00 0.00 0.00 0.00 0.00 0.00 0.00 0.00 0.00 3.80 3.87 0.00 3.80 4.60 6.72 8.26 8.39 9.42 11.53 10.00 6.35 8.40 4.09 6.13 8.98 4.53 0.00 0.00 0.00 0.00 4.53 2.26 2.19 7.66 3.72 10.80 9.42 9.02 5.64 7.15 5.69 5.69 2.41 3.50 1.17 4.99 6.29 2.56 4.30 0.00 0.00 0.00 0.00 0.00 0.00 0.00 0.00 0.00 0.00 10.26 7.95 9.07 16.02 14.51 7.19 7.26 8.12 4.93 8.10 5.86 4.42 3.61 2.98 2.84 1.88 2.01 0.00 0.00 0.00 0.00
