Wansh/Snow_depth/snowdepth-1997/winter/1998017.txt
ncols 321
nrows 161
xllcenter 60
yllcenter 15 
cellsize  0.25 
NODATA_value -1
[rows 37 to 73 of 161, columns 82 to 163 of 321]
14.16 12.26 8.91 9.56 7.88 7.01 8.32 9.42 11.53 13.04 6.28 5.99 4.82 5.04 4.53 2.92 3.36 2.04 1.83 3.07 3.07 3.29 6.13 6.57 5.69 7.08 8.69 9.05 10.00 9.78 9.86 10.88 8.47 10.80 11.02 8.76 8.47 9.27 10.88 14.02 12.70 13.94 14.16 9.71 14.16 14.16 13.36 15.91 13.58 14.31 12.41 8.83 9.78 6.35 6.50 3.07 2.48 2.63 2.04 1.61 2.41 2.63 2.63 2.99 3.43 1.24 1.53 1.39 2.48 2.56 2.56 2.77 0.00 0.00 0.00 0.00 0.00 2.48 1.90 3.87 3.36 4.38
12.56 11.90 10.80 8.76 9.93 7.81 8.10 7.37 8.61 4.96 6.50 6.42 5.55 7.52 4.89 4.38 5.33 4.16 4.96 4.74 4.74 5.11 10.73 9.49 8.54 9.20 10.22 9.78 9.05 9.42 6.94 6.72 6.86 8.76 10.07 8.47 8.03 7.74 8.76 8.98 11.53 10.37 5.40 6.28 9.05 9.05 10.07 12.05 11.39 14.09 12.05 11.46 11.24 7.37 7.96 4.96 3.07 1.83 1.97 1.02 2.12 1.90 3.43 3.07 3.80 3.43 2.56 2.48 2.34 2.92 2.92 3.36 2.41 1.83 0.00 0.00 1.39 1.02 1.68 0.00 2.48 2.48
10.44 10.80 11.24 11.83 11.01 10.67 7.74 6.06 5.69 4.38 5.69 6.28 8.18 10.59 7.59 6.94 9.64 6.42 6.06 11.39 11.39 7.52 8.61 12.26 10.66 12.12 11.02 10.88 10.07 9.05 6.64 6.13 5.91 7.37 7.37 6.94 7.08 7.08 8.47 8.10 10.07 5.55 4.23 3.72 3.50 3.50 6.57 9.64 6.94 10.73 11.17 11.61 10.51 8.10 4.74 5.48 2.92 0.00 0.80 1.68 1.46 1.68 0.00 0.00 0.00 0.00 3.65 3.50 3.43 3.65 3.65 3.65 2.85 1.97 0.00 0.00 1.02 1.83 1.68 1.61 1.97 1.83
8.83 9.27 9.93 10.05 11.96 11.17 7.08 4.45 6.06 5.11 4.09 3.80 7.56 11.32 12.19 12.05 12.05 10.59 12.92 13.29 13.29 11.61 12.12 13.58 13.65 13.07 13.36 12.85 11.53 12.41 8.47 6.13 7.37 5.62 5.48 5.04 5.11 4.60 5.99 0.00 0.00 2.56 2.12 3.07 0.00 0.00 3.94 0.00 3.72 6.72 5.91 5.26 8.10 3.72 0.00 0.00 0.00 0.00 1.97 2.12 1.75 1.97 1.68 2.41 1.97 1.75 2.70 3.65 3.87 3.50 3.50 3.58 3.87 3.72 2.99 1.46 1.90 1.75 1.31 1.90 2.12 1.10
8.83 9.49 7.78 7.89 7.92 5.69 5.11 2.19 5.62 0.00 1.24 4.09 3.15 6.09 9.46 11.83 11.87 13.43 12.99 13.50 13.57 16.43 17.59 17.59 17.74 16.64 20.22 18.32 16.06 16.94 15.62 10.66 11.90 6.94 7.74 6.20 5.91 4.74 0.00 3.07 0.00 0.00 0.00 0.00 0.00 0.00 0.00 0.00 0.00 0.00 3.14 2.48 2.26 2.48 0.00 0.00 0.00 2.41 2.04 2.70 2.19 2.12 2.04 1.97 1.53 1.83 2.04 1.83 3.50 4.16 4.16 4.09 4.09 3.58 3.21 2.34 2.77 2.48 1.90 1.75 1.53 0.95
12.76 10.97 7.49 11.31 7.37 5.24 5.62 0.73 2.04 0.73 1.61 2.23 5.16 4.74 7.30 9.78 12.41 12.62 12.63 15.42 15.26 19.00 20.50 20.03 20.44 19.93 19.56 19.64 19.86 20.88 20.15 15.11 13.43 13.80 11.17 7.15 7.01 6.72 8.32 4.60 3.50 0.00 0.00 0.00 0.00 0.00 3.43 0.00 0.00 0.00 1.53 2.04 2.26 1.39 1.53 0.00 0.00 2.34 2.12 1.68 1.46 1.83 0.00 2.63 2.48 1.75 2.04 2.48 2.34 2.63 2.63 3.14 3.07 2.92 3.07 0.00 0.00 0.00 0.00 0.00 1.31 0.00
13.14 12.26 12.46 13.38 10.84 7.64 7.74 4.92 5.85 5.18 6.24 9.68 7.81 6.28 7.63 10.18 10.93 13.14 12.63 15.33 15.89 16.13 20.59 20.65 19.74 19.59 18.56 19.08 17.09 18.54 21.17 18.03 19.17 16.50 13.94 11.53 14.45 11.61 12.48 8.76 0.00 6.13 0.00 0.00 0.00 0.00 0.00 4.02 0.00 2.63 1.75 2.56 2.41 1.97 0.00 0.00 0.00 0.00 0.00 0.00 0.00 1.68 0.00 2.92 2.63 2.70 2.26 2.85 2.56 1.68 1.68 1.75 2.70 1.75 0.00 0.00 0.00 0.00 0.00 1.39 1.31 1.75
10.95 12.84 11.75 12.77 11.68 10.71 10.88 7.91 6.93 10.17 14.37 14.15 12.47 8.69 14.45 11.24 8.89 9.00 7.90 14.45 14.22 15.11 17.59 16.50 16.79 16.64 13.94 14.67 14.16 15.11 17.97 15.29 13.49 14.45 16.21 19.64 19.88 17.01 13.21 8.91 6.94 0.00 0.00 0.00 0.00 0.00 4.96 3.58 2.26 3.14 4.67 4.16 5.91 2.85 1.53 0.00 0.00 0.00 0.00 0.00 0.00 0.00 0.00 2.70 0.00 2.04 0.00 2.48 2.41 1.83 1.83 1.24 1.31 0.00 0.00 0.00 0.00 0.00 0.00 0.00 1.46 2.12
12.56 12.56 12.70 11.97 11.52 11.17 11.24 11.06 11.36 13.43 16.21 17.16 18.61 18.43 15.62 16.57 10.95 12.78 7.52 7.52 7.84 5.04 7.57 10.07 12.21 8.13 10.44 10.95 9.71 3.80 4.33 10.42 9.64 6.31 9.81 15.44 18.75 17.16 7.91 7.38 0.00 2.85 2.70 2.99 1.75 1.75 2.04 2.12 2.48 3.07 6.13 6.46 6.53 3.89 2.92 3.07 1.83 1.39 1.61 0.00 0.00 0.00 0.00 0.00 0.00 0.00 2.26 0.00 2.19 1.53 1.53 1.31 1.68 0.00 0.00 0.00 0.00 0.00 0.00 0.00 0.00 1.61
12.56 12.68 13.09 12.80 12.00 11.40 11.30 11.01 11.24 13.43 16.21 17.16 18.61 18.43 15.62 16.57 10.95 12.78 7.52 7.45 7.45 4.89 7.08 9.42 11.40 8.43 11.22 11.71 10.17 3.85 4.16 10.37 9.64 6.06 9.42 14.97 19.34 17.87 7.95 7.19 0.00 2.86 2.70 2.99 1.75 1.75 2.04 2.13 2.51 3.13 6.19 6.59 6.56 3.89 2.93 3.07 1.83 1.39 1.61 0.00 0.00 0.00 0.00 0.00 0.00 0.00 2.26 0.00 2.19 1.53 1.53 1.31 1.68 0.00 0.00 0.00 0.00 0.00 0.00 0.00 0.00 1.61
14.82 14.15 18.47 14.75 13.28 13.79 10.61 10.38 11.93 13.18 17.94 15.69 16.87 17.72 17.62 16.03 15.21 8.00 9.27 5.04 5.04 5.04 6.06 4.74 5.91 5.91 8.57 7.89 3.74 2.85 2.77 3.50 1.61 2.19 3.29 7.96 11.90 4.38 3.50 3.72 3.21 1.46 2.34 0.00 0.44 0.44 0.80 1.39 1.46 2.19 3.94 6.28 4.28 4.24 4.37 3.58 2.70 2.26 2.12 0.00 0.00 0.00 0.00 2.70 2.77 0.00 0.00 1.39 1.61 1.53 1.53 1.53 2.12 2.04 2.12 2.26 0.00 0.00 0.00 1.75 1.31 1.24
18.47 18.76 21.83 19.27 17.01 15.19 12.28 15.92 16.24 16.70 13.00 12.93 11.65 10.44 7.88 10.73 10.88 5.99 7.30 5.91 5.91 6.57 5.91 5.26 4.31 4.53 5.77 5.77 2.26 2.70 1.83 0.29 1.24 0.15 0.44 1.91 1.17 0.80 0.73 1.39 0.88 1.83 2.19 1.97 0.58 0.58 1.31 1.10 1.39 2.92 2.41 5.58 2.35 3.43 4.04 3.72 3.08 3.98 2.85 0.00 2.12 2.34 0.00 2.26 0.00 1.90 0.00 2.19 2.19 1.46 1.46 1.39 1.31 1.39 1.39 0.00 0.00 0.00 0.00 0.00 0.95 0.80
21.50 23.58 21.67 22.13 19.12 15.05 15.51 14.60 13.86 9.93 9.78 10.22 7.81 7.37 6.79 8.47 9.64 7.96 5.69 5.18 5.18 6.50 1.97 1.53 2.88 2.56 1.83 2.04 1.76 1.32 2.19 0.00 0.00 0.00 0.00 0.00 0.00 0.00 0.00 0.00 1.97 0.00 2.12 2.77 2.34 2.34 0.00 0.37 0.00 0.00 0.00 0.00 0.00 0.00 5.26 10.51 7.52 7.96 5.11 0.00 1.61 0.00 0.00 2.77 2.99 0.00 0.00 0.00 0.00 0.00 0.00 1.83 1.75 1.97 1.39 0.00 0.00 0.00 0.00 0.00 0.00 0.00
16.07 15.71 16.29 16.66 13.21 13.65 14.45 15.20 6.38 7.08 6.38 6.44 7.08 8.47 10.91 10.00 7.59 8.67 6.31 5.91 5.91 1.53 0.51 0.66 1.46 0.66 0.74 1.75 1.25 2.85 1.68 0.44 0.29 1.10 0.00 0.00 0.00 0.00 0.00 0.00 0.00 0.00 4.38 0.00 1.02 1.02 1.90 0.00 0.00 0.00 0.00 0.00 0.00 0.00 5.04 10.29 8.40 5.04 6.42 2.41 0.00 0.00 3.36 2.77 2.99 0.00 0.00 0.00 0.00 0.00 0.00 0.00 0.00 0.00 0.00 2.56 0.00 0.00 0.00 0.00 0.00 0.00
8.91 11.10 9.20 10.49 7.12 8.66 3.08 2.71 3.37 2.99 4.02 2.70 5.07 6.95 2.49 4.23 5.48 1.31 2.19 0.29 0.29 0.00 0.15 0.00 0.15 0.00 0.00 0.00 0.00 1.61 1.90 2.77 2.56 1.90 1.31 0.00 0.00 1.68 0.00 0.00 0.00 4.09 4.16 0.00 0.00 0.00 0.00 0.00 0.00 0.00 0.00 0.00 2.26 3.80 6.28 5.91 4.82 4.31 0.00 0.00 0.00 0.00 3.65 3.21 2.70 2.34 0.00 0.00 0.00 0.00 0.00 0.00 0.00 0.00 0.00 0.00 0.00 0.00 0.00 1.75 0.00 0.00
7.88 8.47 7.93 7.53 5.42 4.09 2.26 2.41 1.46 1.39 1.02 1.90 3.14 2.19 0.00 0.29 1.17 0.00 0.00 0.00 0.00 1.10 0.22 0.29 0.00 0.00 0.00 0.00 0.00 0.00 2.63 2.48 2.26 2.41 2.48 2.41 3.36 2.92 3.29 3.50 0.00 0.00 5.26 4.89 0.00 0.00 0.00 0.00 0.00 0.00 0.00 0.00 2.56 3.14 3.43 2.41 2.63 0.00 0.00 0.00 3.87 0.00 3.29 3.80 3.87 3.72 3.50 0.00 0.00 0.00 0.00 0.00 0.00 0.00 0.00 0.00 0.00 0.00 1.75 0.00 0.00 0.00
7.88 6.63 6.56 7.15 0.00 2.85 0.00 0.95 0.58 0.00 0.00 0.00 0.22 0.00 0.00 0.00 0.00 0.00 0.00 0.00 0.00 0.00 0.00 0.00 0.00 0.00 0.00 0.00 0.00 1.39 2.19 0.95 1.90 1.83 1.46 1.83 2.48 4.23 4.82 0.00 4.67 0.00 0.00 0.00 0.00 0.00 0.00 0.00 0.00 0.00 0.00 0.00 0.58 2.56 3.07 0.00 3.14 3.07 0.00 0.00 0.00 0.00 2.99 2.77 4.23 3.07 2.92 0.00 0.00 0.00 0.00 0.00 0.00 0.00 0.00 0.00 0.00 0.00 1.90 1.68 0.00 0.00
2.41 1.91 1.90 4.09 0.00 0.44 0.00 0.00 0.00 0.00 0.00 0.00 0.00 0.00 0.00 0.00 0.00 0.00 0.00 0.00 0.00 0.00 0.00 0.00 0.00 0.15 0.37 0.07 2.04 2.56 1.10 2.04 1.02 2.56 1.97 1.31 1.97 3.07 4.31 0.00 0.00 0.00 0.00 0.00 0.00 0.00 0.00 0.00 0.00 0.00 0.00 1.83 3.50 3.14 4.09 0.00 0.00 0.00 0.00 0.00 0.00 0.00 2.92 3.65 3.72 2.85 2.70 1.97 0.00 0.00 0.00 0.00 0.00 0.00 0.00 0.00 0.00 0.00 0.00 1.97 0.00 0.00
0.00 0.00 0.00 0.00 0.00 0.00 0.00 0.00 0.00 0.00 0.00 0.00 0.00 0.00 0.00 0.00 0.00 0.00 0.00 0.00 0.00 0.00 0.00 0.00 0.00 0.07 0.00 1.02 1.39 3.07 1.61 2.19 0.00 2.92 2.56 1.46 1.68 0.00 0.00 0.00 0.00 0.00 0.00 1.46 0.00 0.00 0.00 0.00 0.00 0.00 0.00 0.00 3.94 3.94 0.00 3.87 0.00 0.00 0.00 0.00 0.00 0.00 0.00 3.43 3.07 2.26 2.41 1.31 0.00 0.00 0.00 0.00 0.00 0.00 0.00 0.00 0.00 0.00 0.00 0.00 1.47 1.53
0.00 0.00 0.00 0.00 0.00 0.00 0.00 0.00 0.00 0.00 0.00 0.00 0.00 0.00 0.00 0.00 0.00 0.00 0.00 0.00 0.00 0.00 0.00 0.00 0.00 0.00 0.00 0.00 0.00 2.26 2.48 2.19 0.00 0.00 0.00 0.00 0.00 0.00 0.00 0.00 0.00 1.39 0.00 1.17 0.00 0.00 0.00 0.00 0.00 0.00 0.00 0.00 3.94 0.00 0.00 0.00 0.00 0.00 3.87 0.00 0.00 0.00 0.00 2.92 2.41 0.00 0.00 0.00 0.00 2.48 2.48 0.00 0.00 0.00 0.00 0.00 0.00 0.00 0.00 0.00 0.00 0.00
0.00 0.00 0.00 0.00 0.00 0.00 0.00 0.00 0.00 0.00 0.00 0.00 0.00 0.00 0.00 0.00 0.00 0.00 0.00 0.00 0.00 0.00 0.00 0.00 0.00 0.00 0.00 0.00 0.00 0.00 0.00 0.00 0.00 0.00 0.00 0.00 0.00 0.00 0.00 0.00 0.00 0.00 0.00 0.00 0.00 0.00 0.00 0.00 0.00 0.00 0.00 0.00 0.00 0.00 0.00 0.00 0.00 3.07 3.14 0.00 0.00 0.00 0.00 0.00 3.65 2.99 2.85 2.77 3.07 0.00 0.00 0.00 0.00 0.00 0.00 0.00 0.00 0.00 0.00 0.00 0.00 0.00
0.00 0.00 0.00 0.00 0.00 0.00 0.00 0.00 0.00 0.00 0.00 0.00 0.00 0.00 0.00 0.00 0.00 0.00 0.00 0.00 0.00 0.00 0.00 0.00 0.00 0.00 0.00 0.00 0.00 0.00 0.00 0.00 0.00 0.00 0.00 0.00 0.00 0.00 0.00 0.00 0.00 0.00 0.00 0.00 0.00 0.00 0.00 0.00 0.00 0.00 0.00 0.00 0.00 0.00 0.00 0.00 0.00 1.68 1.90 1.75 0.00 2.77 2.99 2.77 0.00 0.00 3.01 2.56 2.34 0.00 0.00 0.00 0.00 0.00 0.00 0.00 0.00 0.00 0.00 0.00 0.00 0.00
0.00 0.00 0.00 0.00 0.00 0.00 0.00 0.00 0.00 0.00 0.00 0.00 0.00 0.00 0.00 0.00 0.00 0.00 0.00 0.00 0.00 0.00 0.00 0.00 0.00 0.00 0.00 0.00 0.00 0.00 0.00 0.00 0.00 0.00 0.00 0.00 0.00 0.00 0.00 0.00 0.00 0.00 0.00 0.00 0.00 0.00 0.00 0.00 0.00 0.00 0.00 0.00 0.00 0.00 0.00 0.00 3.58 1.46 1.68 0.00 2.04 1.90 2.48 2.48 1.83 1.75 2.99 2.77 3.36 2.70 2.70 0.00 1.68 1.83 1.83 1.83 0.00 0.00 0.00 0.00 0.00 0.00
0.00 0.00 0.00 0.00 0.00 0.00 0.00 0.00 0.00 0.00 0.00 0.00 0.00 0.00 0.00 0.00 0.00 0.00 0.00 0.00 0.00 0.00 0.00 0.00 0.00 0.00 0.00 0.00 0.00 0.00 0.00 0.00 0.00 0.00 0.00 0.00 0.00 0.00 0.00 0.00 0.00 0.00 0.00 0.00 0.00 0.00 0.00 0.00 0.00 0.00 0.00 0.00 0.00 0.00 0.00 0.00 0.00 0.00 0.00 1.39 2.04 1.53 1.75 1.68 1.75 1.24 2.34 2.85 2.04 2.41 2.41 1.31 2.19 2.34 1.97 0.00 0.00 0.00 0.00 0.00 0.00 0.00
0.00 0.00 0.00 0.00 0.00 0.00 0.00 0.00 0.00 0.00 0.00 0.00 0.00 0.00 0.00 0.00 0.00 0.00 0.00 0.00 0.00 0.00 0.00 0.00 0.00 0.00 0.00 0.00 0.00 0.00 0.00 0.00 0.00 0.00 0.00 0.00 0.00 0.00 0.00 0.00 0.00 0.00 0.00 0.00 0.00 0.00 0.00 0.00 0.00 0.00 0.00 0.00 0.00 0.00 0.00 0.00 0.00 0.15 0.07 0.66 2.12 1.17 1.24 1.10 0.44 0.51 1.61 1.90 1.61 0.80 0.80 1.24 2.04 2.19 2.63 1.17 0.00 0.00 0.00 0.00 0.00 0.00
0.00 0.00 0.00 0.00 0.00 0.00 0.00 0.00 0.00 0.00 0.00 0.00 0.00 0.00 0.00 0.00 0.00 0.00 0.00 0.00 0.00 0.00 0.00 0.00 0.00 0.00 0.00 0.00 0.00 0.00 0.00 0.00 0.00 0.00 0.00 0.00 0.00 0.00 0.00 0.00 0.00 0.00 0.00 0.00 0.00 0.00 0.00 0.00 0.00 0.00 0.00 0.00 0.51 0.44 0.00 0.00 0.58 0.44 1.02 1.83 2.12 1.61 1.17 1.31 0.66 1.90 2.99 2.85 1.90 1.02 1.02 1.02 1.24 1.53 1.39 0.58 0.51 1.39 0.00 0.00 0.00 0.00
0.00 0.00 0.00 0.00 0.00 0.00 0.00 0.00 0.00 0.00 0.00 0.00 0.00 0.00 0.00 0.00 0.00 0.00 0.00 0.00 0.00 0.00 0.00 0.00 0.00 0.00 0.00 0.00 0.00 0.00 0.00 0.00 0.00 0.00 0.00 0.00 0.00 0.00 0.00 0.00 0.00 0.00 0.00 0.00 0.00 0.00 0.00 0.00 0.00 0.00 0.22 0.95 1.61 1.61 0.80 0.58 0.00 0.22 2.34 2.99 3.43 3.80 2.56 3.07 2.19 1.75 3.21 2.04 0.66 1.02 1.02 0.15 0.29 0.95 1.02 1.39 1.75 2.12 2.27 0.00 0.29 0.51
0.00 0.00 0.00 0.00 0.00 0.00 0.00 0.00 0.00 0.00 0.00 0.00 0.00 0.00 0.00 0.00 0.00 0.00 0.00 0.00 0.00 0.00 0.00 0.00 0.00 0.00 0.00 0.00 0.00 0.00 0.00 0.00 0.00 1.75 1.10 0.15 0.37 0.44 0.00 0.00 0.00 0.00 1.31 0.29 0.58 0.58 0.00 0.00 0.44 0.29 0.00 0.15 2.19 0.00 0.00 3.21 3.72 3.87 3.36 4.02 4.45 4.38 3.36 3.94 2.77 2.41 1.75 0.66 0.15 0.00 0.00 0.00 0.00 0.37 0.95 1.31 0.66 1.31 1.10 0.00 0.07 0.29
0.00 0.00 0.00 0.00 0.00 0.00 0.00 0.00 0.00 0.00 0.00 0.00 0.00 0.00 0.00 0.00 0.00 0.00 0.00 0.00 0.00 0.00 0.00 0.00 0.00 0.00 0.00 0.00 0.00 0.00 0.00 0.00 3.07 1.97 2.12 3.36 2.19 2.26 0.00 0.00 0.00 0.00 0.00 1.24 0.66 0.66 0.00 0.00 0.00 0.00 0.00 0.00 0.00 2.41 0.00 3.94 0.00 0.00 5.55 0.00 4.74 4.45 3.43 0.00 2.85 2.99 2.26 1.90 0.73 0.15 0.15 0.00 0.00 0.15 0.15 0.00 0.45 0.55 1.54 1.02 0.59 1.17
0.00 0.00 0.00 0.00 0.00 0.00 0.00 0.00 0.00 0.00 0.00 0.00 0.00 0.00 0.00 0.00 0.00 0.00 0.00 0.00 0.00 0.00 0.00 0.00 0.00 0.00 0.00 0.00 0.00 0.00 0.00 3.36 2.85 4.16 3.94 3.21 0.00 0.00 0.00 2.70 0.00 1.31 0.07 0.00 0.00 0.00 1.24 0.00 0.00 0.00 0.00 0.00 0.00 0.00 0.00 0.00 0.00 0.00 0.00 4.23 4.16 4.23 4.23 3.21 3.07 2.63 1.46 1.90 0.80 0.22 0.22 0.00 0.22 0.00 0.00 0.00 1.10 1.19 1.99 1.97 2.71 1.76
0.00 0.00 0.00 0.00 0.00 0.00 0.00 0.00 0.00 0.00 0.00 0.00 0.00 0.00 0.00 0.00 0.00 0.00 0.00 0.00 0.00 0.00 0.00 0.00 0.00 0.00 0.00 0.00 0.00 2.26 4.09 3.07 3.94 3.72 3.21 2.26 0.00 0.00 0.00 2.85 0.00 1.24 0.00 0.00 0.00 0.00 0.00 0.00 0.00 0.00 0.00 0.00 0.00 0.00 0.00 0.00 0.00 0.00 2.34 4.45 4.89 4.82 4.45 4.60 3.58 3.94 3.43 0.00 1.46 0.58 0.58 0.07 0.22 0.00 0.00 0.00 1.24 1.68 1.47 2.64 2.85 2.70
0.00 0.00 0.00 0.00 0.00 0.00 0.00 0.00 0.00 0.00 0.00 0.00 0.00 0.00 0.00 0.00 0.00 0.00 0.00 0.00 0.00 0.00 0.00 0.00 0.00 0.37 0.07 2.12 2.04 3.14 4.53 4.53 3.72 3.14 0.00 0.00 0.00 0.00 0.00 0.00 2.12 0.00 0.00 0.00 0.00 0.00 0.00 0.00 0.00 0.00 0.00 0.00 0.00 0.00 0.00 0.00 0.00 0.00 0.00 2.56 4.31 4.38 4.31 4.16 4.31 4.38 3.94 2.99 2.04 1.75 1.75 0.80 0.66 0.37 0.00 0.07 0.00 1.02 1.68 1.75 3.43 3.72
0.00 0.00 0.00 0.00 0.00 0.00 0.00 0.00 0.00 0.00 0.00 0.00 0.00 0.00 0.00 0.00 0.00 0.00 0.00 0.00 0.00 0.00 0.00 0.00 0.00 2.41 1.61 2.41 3.50 3.87 4.09 4.02 2.92 0.00 0.00 0.00 0.00 0.00 0.00 2.63 2.56 0.00 0.00 0.00 0.00 0.00 0.00 0.00 0.00 1.17 1.02 0.00 0.00 0.00 0.00 0.00 0.00 0.00 0.00 2.48 2.77 3.72 3.94 3.94 4.67 3.87 3.43 3.36 3.14 3.21 3.21 2.34 1.31 0.58 0.37 0.15 1.02 0.44 1.39 3.07 4.45 5.04
0.00 0.00 0.00 0.00 0.00 0.00 0.00 0.00 0.00 0.00 0.00 0.00 0.00 0.00 0.00 0.00 0.00 0.00 0.00 0.00 0.00 0.00 0.00 2.41 1.46 1.83 1.61 2.63 3.21 4.02 3.87 3.36 3.50 0.00 0.00 0.00 0.00 0.00 0.00 2.41 2.56 2.56 2.41 0.00 3.21 3.21 0.00 0.00 0.00 0.00 1.10 0.73 0.00 0.00 0.00 0.00 0.00 0.00 0.00 0.00 1.97 1.68 2.56 2.56 2.92 3.21 2.77 2.26 3.87 3.21 3.21 3.43 1.83 0.07 0.00 0.00 0.00 0.00 0.00 1.90 2.77 3.80
0.00 0.00 0.00 0.00 0.00 0.00 0.00 0.00 0.00 0.00 0.00 0.00 0.00 0.00 0.00 0.00 0.00 0.00 1.61 0.73 0.73 1.24 3.58 2.19 0.95 2.19 0.00 2.85 4.16 4.09 3.07 2.19 0.00 0.00 0.00 0.00 0.00 0.00 0.00 0.00 0.00 3.14 2.85 2.70 2.77 2.77 0.00 0.00 0.00 0.00 0.00 0.88 0.88 0.00 0.00 0.00 0.00 0.00 0.00 0.00 0.00 0.00 1.31 0.95 2.19 0.00 0.00 0.00 2.56 3.29 3.29 2.12 1.17 0.00 0.00 0.00 0.00 0.00 0.00 0.00 0.22 5.77
0.00 0.00 0.00 0.00 0.00 0.00 0.00 0.00 0.00 0.00 0.00 0.00 0.00 0.00 0.00 0.66 0.95 1.17 3.43 3.36 3.36 4.67 4.89 3.80 2.70 0.66 2.04 0.00 0.00 0.00 0.00 0.00 0.00 0.00 0.00 0.00 1.97 2.56 0.00 0.00 0.00 0.00 2.85 2.19 2.70 2.70 0.00 0.00 0.00 0.00 0.00 2.26 1.02 0.15 0.29 0.00 0.00 0.00 0.00 0.00 0.00 0.00 0.00 0.00 0.00 0.00 0.00 0.00 0.00 2.70 2.70 2.70 2.12 0.22 0.00 0.00 0.00 0.00 0.00 0.00 0.00 2.63
0.00 0.00 0.00 0.00 0.00 0.00 0.00 0.00 0.00 0.00 0.00 0.00 0.07 0.37 3.43 4.09 3.50 3.14 4.02 3.65 3.65 5.40 5.04 4.96 3.43 0.00 0.00 3.80 0.00 0.00 0.00 0.00 0.00 0.00 0.00 0.00 0.00 0.00 2.56 0.00 0.00 0.00 0.00 1.68 2.56 2.56 2.34 1.83 0.00 0.00 2.34 2.34 1.53 1.02 1.24 1.24 0.80 0.00 0.00 0.00 0.00 0.00 0.00 0.00 0.00 0.00 0.00 1.83 0.00 1.83 1.83 2.92 2.48 1.68 0.73 0.00 0.00 0.00 0.00 0.00 0.00 0.73
