Wansh/Snow_depth/snowdepth-1997/winter/1998054.txt
ncols 321
nrows 161
xllcenter 60
yllcenter 15 
cellsize  0.25 
NODATA_value -1
[rows 74 to 110 of 161, columns 83 to 165 of 321]
0.00 0.00 0.00 0.00 0.00 0.00 0.00 0.00 0.00 1.17 0.00 0.00 1.31 1.53 3.07 3.36 3.21 3.50 3.94 3.94 4.31 4.31 3.21 4.74 4.02 4.31 3.29 2.48 2.26 2.04 0.00 0.00 2.77 2.34 2.63 5.55 5.11 3.58 0.00 3.21 2.77 1.75 2.48 1.39 1.39 0.66 0.80 0.00 1.46 1.53 1.97 1.97 0.00 0.00 0.00 2.38 1.97 2.41 1.39 0.00 0.00 1.17 0.00 0.00 0.00 0.00 0.00 0.00 0.00 0.00 0.73 1.17 1.46 1.53 0.00 0.00 0.00 0.00 0.00 0.00 0.00 0.00 0.00
0.00 0.00 0.00 0.00 0.00 0.15 0.22 0.44 1.97 1.39 1.83 2.56 0.00 1.97 3.21 2.77 3.14 2.48 3.50 3.50 2.41 3.72 3.07 4.09 5.04 5.55 5.11 2.56 0.00 0.00 0.00 0.00 2.85 3.14 5.33 4.67 6.42 6.42 4.74 5.04 4.82 1.83 3.14 1.83 1.83 1.83 1.02 0.00 1.75 2.04 0.80 1.83 1.39 1.46 2.26 2.70 1.83 2.19 1.83 0.00 1.46 1.97 1.39 0.00 0.07 0.66 0.00 0.00 0.00 0.00 1.47 6.94 3.65 3.29 1.02 0.00 0.00 0.00 0.00 0.00 0.00 0.00 0.00
0.00 0.66 1.39 0.80 0.00 0.80 1.68 2.99 2.85 1.39 0.73 4.53 5.04 3.65 3.43 3.50 2.63 2.70 3.07 3.07 5.11 3.65 0.00 4.31 0.00 4.60 0.00 0.00 0.00 2.63 0.00 0.00 4.02 4.09 4.89 5.62 5.69 5.33 6.20 6.86 6.13 4.53 4.60 2.77 2.77 1.17 1.53 1.53 2.92 2.34 1.46 2.99 2.19 0.73 1.83 1.75 1.17 1.90 1.97 0.88 1.10 1.24 1.61 0.73 0.58 0.88 0.51 1.83 4.74 4.74 7.30 8.61 5.48 3.14 1.39 0.00 0.00 0.00 0.00 0.00 0.00 0.00 0.00
3.72 1.90 2.34 2.56 1.97 1.90 2.99 4.16 4.16 4.02 4.67 4.09 5.11 5.48 4.16 4.16 3.80 4.31 2.41 2.41 5.77 4.31 0.00 0.00 0.00 1.97 0.00 0.00 2.70 3.07 0.00 0.00 5.48 5.69 6.50 5.48 4.60 0.00 5.91 6.57 6.35 5.99 6.06 5.84 5.84 2.77 3.29 4.38 4.38 3.80 2.34 3.94 2.99 2.63 2.04 2.41 3.07 1.90 0.51 0.88 1.17 1.17 1.02 1.75 1.90 1.17 1.75 3.14 4.23 4.23 5.18 9.93 3.36 2.70 1.31 0.29 0.00 0.00 0.00 0.00 0.00 0.00 0.00
3.80 3.72 1.46 0.80 1.10 1.17 4.23 3.80 4.53 4.31 3.80 5.11 4.23 4.96 5.55 4.82 4.74 4.53 4.45 4.45 5.62 5.04 0.00 2.56 1.83 0.00 0.00 3.21 3.50 0.00 2.92 6.28 5.91 6.28 5.55 6.06 5.40 4.23 4.74 6.06 10.73 8.54 6.79 5.33 5.33 4.23 3.21 0.00 3.50 4.09 3.58 3.07 3.50 4.82 6.42 3.94 3.29 2.19 1.17 0.00 1.53 1.31 2.12 2.19 2.19 1.68 2.04 2.41 4.09 4.09 4.23 4.23 4.74 1.02 0.29 0.58 0.00 0.00 0.00 0.00 0.00 0.00 0.00
7.30 6.72 6.42 5.18 4.82 4.60 4.16 3.87 4.45 3.65 3.94 3.29 4.31 3.72 4.23 4.02 5.33 5.11 4.45 4.45 3.87 0.00 0.00 0.00 0.00 0.00 0.00 0.00 0.00 0.00 4.60 5.99 5.84 6.35 5.04 5.11 4.60 5.99 8.40 10.22 11.61 10.22 8.03 4.60 4.60 3.80 0.00 2.77 3.29 0.00 0.00 0.00 3.80 0.00 5.26 5.69 3.14 0.00 2.04 1.83 2.04 2.92 3.07 2.85 2.04 0.58 0.37 2.56 2.56 2.56 3.80 3.87 1.97 1.90 1.02 4.26 1.83 0.00 0.00 0.00 0.00 0.00 0.00
8.03 8.54 7.45 5.26 4.23 4.74 4.23 3.94 3.43 3.58 3.29 4.02 3.94 3.58 3.58 4.23 4.82 4.60 4.74 4.74 4.31 0.00 3.36 0.00 2.41 0.00 0.00 2.92 3.14 4.74 5.77 7.59 7.45 5.55 8.54 7.45 10.44 7.74 9.20 5.48 6.28 7.45 5.69 4.45 4.45 3.80 0.00 0.00 0.00 0.00 0.00 0.00 0.00 0.00 0.00 0.00 0.00 2.56 1.53 4.02 3.14 5.18 3.65 2.56 1.61 0.00 0.00 0.00 2.70 2.70 1.97 6.13 6.86 6.86 3.07 10.95 6.97 3.14 1.15 0.66 1.24 0.22 0.00
9.13 8.91 7.88 5.69 4.02 5.18 5.11 3.43 3.21 3.21 3.29 3.94 3.87 4.16 4.09 4.09 3.94 5.62 5.48 5.48 4.45 3.29 2.04 2.63 0.00 0.00 2.77 3.07 4.09 4.74 5.99 6.57 7.30 7.66 6.86 15.70 12.63 9.56 6.50 5.04 5.40 6.57 5.99 4.45 4.45 4.53 0.00 0.00 0.00 0.00 0.00 0.00 0.00 0.00 0.00 3.65 4.82 4.38 7.15 6.50 5.84 7.08 6.13 4.09 1.75 0.00 0.00 0.00 2.19 2.19 2.56 8.18 11.53 11.39 15.70 9.27 3.82 5.60 3.52 2.42 2.02 0.88 0.51
9.13 8.69 13.80 11.32 5.91 4.89 4.96 4.16 2.92 2.63 0.00 3.72 5.18 4.02 4.23 4.45 5.84 5.04 6.86 6.86 4.31 4.09 0.00 0.00 1.83 2.85 2.92 3.65 3.14 4.53 4.45 4.96 4.82 6.50 7.66 13.21 10.73 6.64 5.26 6.35 5.99 5.84 4.31 3.72 3.72 2.99 0.00 0.00 0.00 0.00 0.00 3.72 3.21 0.00 6.94 5.84 7.52 6.86 6.94 7.59 7.15 9.27 5.69 5.77 3.94 2.63 0.80 5.04 3.14 3.14 4.60 6.50 10.07 13.36 18.10 12.92 7.23 9.20 5.04 3.29 2.93 1.24 0.00
15.26 13.29 19.86 19.86 14.09 6.94 5.33 4.38 4.45 3.50 3.72 3.72 4.96 5.26 4.45 4.60 5.18 6.86 7.23 7.23 5.26 5.69 0.00 3.94 2.34 2.12 3.50 3.50 4.23 5.04 5.62 5.69 5.48 4.89 10.51 10.29 9.27 7.52 5.69 5.26 3.87 0.00 0.00 2.56 2.56 0.00 0.00 0.00 0.00 0.00 0.00 4.89 6.35 6.42 15.62 9.93 10.15 8.61 8.40 7.23 9.34 8.69 6.42 8.18 7.88 6.28 4.60 11.24 6.94 6.94 5.48 4.45 7.23 16.43 18.03 17.01 11.53 10.88 7.96 4.60 5.69 2.85 1.02
20.15 21.53 22.27 21.97 22.34 11.17 4.53 4.82 4.38 3.58 3.50 3.80 4.09 4.89 4.53 5.55 5.91 7.30 7.23 7.23 6.42 4.53 6.20 5.48 4.45 2.99 5.77 5.84 7.88 6.64 6.57 11.17 8.76 8.61 10.15 8.25 7.15 8.91 13.58 6.64 2.41 0.00 1.61 1.53 1.53 0.00 0.00 0.00 0.00 0.00 3.43 7.81 11.46 13.94 23.94 21.39 13.51 12.05 9.05 8.69 8.03 8.25 7.08 10.29 10.80 9.71 10.37 21.32 13.94 13.94 12.19 8.47 16.06 13.21 13.36 16.50 15.04 10.88 9.78 6.86 3.72 4.67 2.63
15.99 17.74 21.90 21.10 17.96 11.24 6.79 3.94 4.53 4.53 4.45 4.09 4.45 4.67 4.67 4.23 4.89 6.86 7.45 7.45 7.74 8.25 6.86 6.06 3.65 4.53 6.35 7.52 11.53 11.02 8.69 13.80 8.76 10.88 13.87 9.49 12.48 16.06 14.38 10.29 2.92 4.53 0.00 1.39 1.39 0.00 0.00 0.00 0.00 2.19 3.80 9.93 14.24 20.29 28.98 28.91 24.16 16.13 17.52 7.74 8.18 9.54 9.01 14.00 14.53 19.20 25.84 24.45 22.19 22.19 18.61 18.40 20.37 14.60 10.80 11.46 9.71 10.80 9.71 6.57 5.62 6.64 4.60
8.03 10.29 12.78 14.45 9.78 8.69 7.37 6.42 5.69 7.74 11.53 7.01 5.69 6.79 9.13 11.61 9.42 8.32 11.39 11.39 9.49 7.23 11.68 12.48 7.15 4.60 5.99 13.21 18.25 25.26 22.78 14.75 12.99 9.34 9.71 10.00 11.90 17.23 19.05 16.43 12.92 7.66 14.89 7.37 7.37 2.12 6.20 2.63 1.83 2.63 3.80 8.03 5.77 14.09 21.53 17.96 24.31 21.53 24.38 22.48 19.78 19.13 18.47 20.93 24.02 16.72 19.35 19.20 22.48 22.48 27.01 27.59 19.35 13.87 8.83 6.72 5.62 6.28 4.96 6.20 6.79 7.08 6.06
6.50 7.30 9.78 6.35 6.72 8.83 7.59 6.13 5.84 8.03 8.54 8.10 6.13 5.84 12.78 11.32 11.17 13.29 15.99 15.99 17.52 14.31 10.51 7.66 8.69 6.06 6.35 13.51 19.35 22.48 23.43 17.23 8.98 10.80 13.21 17.01 13.94 24.53 25.04 25.62 20.59 15.62 26.06 14.53 14.53 18.25 12.92 7.59 2.41 2.85 1.90 4.09 3.94 6.57 12.85 14.53 23.87 24.97 23.73 25.04 23.00 15.77 14.60 15.70 15.11 11.86 15.18 15.62 18.10 18.10 23.14 17.08 18.40 15.33 10.51 6.79 5.26 5.18 5.91 4.96 7.81 6.72 7.37
6.64 5.33 5.48 3.07 4.67 5.04 3.80 4.82 4.53 6.72 4.16 6.79 5.11 5.33 10.51 11.61 17.59 15.40 16.94 16.94 13.29 12.70 10.29 8.32 5.55 5.99 14.75 18.76 17.01 16.06 21.83 17.74 16.79 19.86 18.32 20.59 27.96 26.79 26.06 26.72 24.16 24.67 33.80 26.06 26.06 29.13 21.24 13.72 9.20 9.20 3.43 2.77 4.53 6.13 9.71 13.21 18.76 22.27 22.85 23.21 20.88 9.27 9.13 11.24 12.34 11.28 12.13 10.88 12.99 12.99 14.38 9.49 11.17 11.90 10.80 6.06 4.53 5.40 5.69 5.48 6.64 6.42 4.82
7.52 7.23 3.80 2.70 2.70 0.00 0.00 4.09 0.00 0.00 4.82 3.36 4.09 8.69 13.14 15.70 22.27 17.89 14.97 14.97 13.72 12.56 10.66 7.96 9.49 8.69 14.89 12.99 10.95 11.53 14.09 12.26 14.75 18.76 22.63 26.28 27.67 27.74 28.03 28.84 26.94 29.27 35.48 34.89 34.89 31.97 30.73 15.55 27.67 20.29 8.61 4.89 11.90 10.59 9.56 14.38 17.37 14.67 15.33 15.56 11.13 6.20 6.79 9.24 14.53 15.86 15.73 12.99 9.86 9.86 6.72 4.82 6.13 7.66 4.16 3.72 4.16 7.37 7.96 7.01 6.34 6.77 3.84
7.74 5.77 3.29 2.56 0.00 0.00 0.00 0.00 0.00 1.31 0.00 0.00 0.00 8.25 7.15 20.73 17.08 16.72 11.46 11.46 13.36 11.53 10.15 10.00 13.29 15.77 9.34 11.17 8.83 9.27 12.48 10.95 13.87 11.75 15.99 26.79 27.08 27.52 28.62 28.69 30.22 34.67 37.60 35.04 35.04 37.01 34.82 29.71 33.43 27.81 21.46 12.05 17.74 16.57 20.29 15.11 13.87 11.83 8.91 8.91 9.05 5.19 4.67 7.82 13.36 16.64 14.16 15.32 13.57 13.14 7.56 5.77 5.40 5.18 5.04 4.67 5.55 5.62 7.59 7.41 5.96 4.69 4.99
6.64 3.21 3.36 2.70 2.26 1.90 2.63 2.26 0.00 1.68 1.31 0.00 1.83 3.29 7.66 17.08 8.76 9.34 11.24 11.24 12.12 8.54 3.94 4.89 10.44 13.07 5.33 6.64 4.45 0.00 10.44 6.64 14.24 20.15 24.16 24.97 24.09 27.38 21.83 25.92 18.91 28.98 33.22 38.11 38.11 40.51 38.98 36.35 31.24 24.60 25.55 24.31 25.77 23.36 27.08 23.14 21.24 16.06 10.07 7.23 3.76 4.23 5.55 4.47 8.59 14.60 13.93 13.94 9.64 9.68 10.97 7.26 5.99 9.42 6.57 5.06 4.89 4.60 6.28 7.26 7.77 6.18 7.81
4.02 4.02 2.04 2.04 1.68 2.34 2.99 2.92 2.85 1.53 3.07 1.53 1.75 2.12 3.72 8.40 5.04 4.31 6.20 6.20 7.74 4.23 2.19 1.90 2.99 6.50 3.21 4.31 0.00 0.00 6.42 6.28 17.37 24.60 27.30 18.61 15.18 7.23 12.48 16.13 11.97 19.78 28.40 34.38 34.38 34.31 33.51 35.62 25.40 26.50 27.30 27.30 27.81 29.57 29.57 26.65 23.73 21.53 18.54 11.24 10.86 4.79 4.82 5.72 6.01 12.65 12.62 14.82 14.16 14.16 7.72 9.24 9.86 10.27 8.52 5.36 4.57 6.42 5.34 8.20 8.49 9.94 9.11
7.30 2.63 2.41 3.36 1.97 1.97 1.83 2.70 0.00 3.36 3.94 2.99 0.00 0.00 0.00 4.16 4.96 6.86 4.96 4.96 4.45 2.48 2.12 1.61 1.53 1.24 0.00 0.00 0.00 0.00 5.48 6.72 13.51 18.91 22.85 10.22 8.32 5.48 6.57 9.56 7.15 13.21 24.31 19.13 19.13 21.17 24.67 21.83 25.04 27.08 26.86 26.65 26.72 28.47 28.25 24.45 23.73 24.78 22.92 21.75 17.08 9.78 5.24 10.02 7.61 13.12 11.31 12.91 11.02 11.02 7.37 9.26 11.65 10.30 9.32 8.67 8.29 7.37 7.71 7.30 8.58 9.86 11.14
15.18 5.62 2.99 7.15 3.43 1.83 1.83 2.41 0.00 0.00 5.48 4.09 0.00 0.00 0.00 4.67 7.15 5.04 4.23 4.23 2.92 3.43 1.53 1.53 0.00 2.63 0.00 0.00 3.21 0.00 4.16 4.89 6.72 15.55 17.23 11.46 5.77 5.33 5.62 7.15 4.31 8.91 17.67 15.77 15.77 7.30 11.24 21.46 24.09 27.23 27.67 26.06 25.77 25.25 27.02 24.00 24.09 24.16 22.48 21.68 21.17 15.04 9.46 8.99 10.08 12.01 12.58 11.90 6.28 6.31 6.91 10.79 11.19 10.81 10.01 11.36 10.00 8.72 7.56 6.64 6.73 7.45 10.68
22.12 16.28 10.29 11.68 4.53 9.56 3.14 2.56 2.26 0.00 0.00 0.00 0.00 0.00 0.00 0.00 6.28 4.96 0.00 0.00 0.00 0.00 2.92 0.00 0.00 3.80 3.72 3.94 3.21 3.80 4.96 1.46 5.69 12.78 10.22 7.88 6.79 4.45 3.50 4.38 7.45 7.01 5.69 5.18 5.18 13.58 21.39 24.16 24.45 26.86 26.72 24.97 21.90 21.97 22.78 23.71 20.55 23.15 23.80 19.49 20.43 19.81 14.16 10.42 10.33 10.71 14.06 9.36 6.38 6.38 5.16 7.48 6.33 9.29 13.05 12.55 12.47 9.61 8.38 6.29 6.35 7.96 9.76
21.32 22.92 17.08 14.75 12.48 19.27 10.73 8.91 10.22 4.60 3.94 0.00 0.00 0.00 0.00 0.00 0.00 0.00 0.00 0.00 0.00 0.00 0.00 0.00 0.00 0.00 3.50 3.80 3.36 3.43 3.14 2.19 2.41 3.72 4.23 7.01 6.06 2.34 1.83 0.00 9.34 9.78 9.93 15.99 15.99 18.25 25.26 25.55 26.94 29.13 26.43 25.11 21.17 18.91 21.20 15.49 16.87 16.70 18.96 18.85 20.86 17.84 16.81 13.62 9.27 10.66 12.62 7.30 5.48 5.40 4.74 5.04 6.22 10.07 12.58 11.75 11.74 11.04 8.01 6.43 6.64 7.30 10.99
27.45 21.32 15.40 15.11 17.45 17.37 22.19 12.92 23.65 17.30 6.20 12.85 7.88 0.00 0.00 0.00 0.00 0.00 0.00 0.00 0.00 0.00 0.00 0.00 0.00 0.00 0.00 2.56 2.85 1.31 1.90 0.44 2.92 2.34 2.92 2.85 1.61 0.88 0.00 0.00 15.70 20.00 22.48 23.87 23.87 24.45 25.99 27.52 29.57 26.65 24.56 23.03 20.38 21.94 17.81 15.80 14.45 14.09 13.14 14.68 16.59 16.58 17.44 16.28 12.19 10.67 7.78 4.45 4.06 3.96 4.16 2.99 6.64 8.43 11.01 10.93 10.66 5.81 7.58 4.77 5.81 7.65 8.79
27.23 21.46 13.14 16.50 18.98 22.78 33.29 40.37 39.93 31.83 27.67 24.02 16.21 14.75 6.72 3.50 3.07 1.75 1.53 1.53 2.70 2.34 1.39 1.39 1.02 2.34 2.34 1.68 1.83 1.97 1.83 1.68 1.97 2.63 2.04 1.97 5.26 4.45 0.00 12.85 14.38 15.33 16.13 21.46 21.46 22.70 26.72 27.81 26.06 22.12 21.02 21.90 14.60 14.60 10.72 12.10 8.18 7.11 10.52 13.78 16.95 16.36 16.72 20.09 14.52 8.91 9.98 6.15 1.65 1.62 1.75 2.04 4.31 6.62 14.68 13.55 9.42 6.13 4.21 1.67 3.02 6.13 5.96
13.14 19.64 17.96 16.21 19.64 20.73 33.43 29.35 42.34 41.83 43.22 27.01 20.08 14.16 13.65 6.42 7.23 2.63 2.41 2.41 3.21 2.70 0.00 0.66 1.46 1.39 2.26 0.51 1.75 2.77 2.26 1.68 2.19 3.43 3.87 5.91 7.88 10.07 7.81 7.23 6.50 9.86 10.59 14.67 14.67 15.99 23.36 26.57 25.62 17.46 17.26 12.57 10.17 9.79 8.26 8.55 8.10 6.11 6.71 10.37 15.08 18.14 19.74 19.03 14.07 10.15 10.51 9.24 5.25 5.17 1.10 3.58 7.42 8.53 15.50 16.23 9.86 7.89 3.44 1.44 1.20 4.73 2.72
5.55 12.99 18.61 15.55 18.83 14.53 20.08 35.62 31.54 38.69 29.27 25.70 22.70 17.16 17.37 11.39 5.26 4.89 3.36 3.36 2.85 2.77 1.68 2.41 1.53 1.90 0.00 1.02 1.39 2.48 1.83 1.39 1.61 2.56 4.38 7.01 6.79 10.07 2.77 2.63 0.80 4.09 5.69 14.60 14.60 8.54 14.16 17.16 15.48 16.79 14.04 12.91 11.72 11.27 8.70 8.39 7.20 6.75 5.80 15.24 12.80 18.13 20.86 17.96 14.53 10.59 9.91 9.91 7.70 8.56 3.37 1.56 5.28 9.17 13.66 14.75 13.13 8.40 3.94 1.25 0.91 2.13 1.99
4.23 14.75 8.83 13.29 14.02 8.40 14.89 23.87 20.03 38.25 24.53 22.63 20.08 18.40 19.20 9.34 8.54 6.57 5.69 5.69 5.26 4.09 3.14 2.85 2.41 1.61 0.58 0.73 0.66 1.97 0.66 0.22 0.15 0.58 3.72 4.89 6.64 4.82 0.44 1.31 0.00 1.17 2.92 5.77 5.77 5.84 9.34 11.97 16.29 15.55 13.81 15.49 13.77 12.53 11.39 8.05 7.94 3.90 6.48 8.21 8.53 14.17 19.68 16.73 17.30 11.10 11.74 10.91 8.08 7.79 3.90 2.59 3.65 7.49 9.61 12.38 6.66 4.67 2.90 0.93 2.25 3.89 5.29
0.00 5.91 0.00 8.91 4.16 9.86 10.80 15.26 22.56 21.10 23.00 18.76 18.25 16.86 12.34 3.72 7.52 6.35 3.14 3.14 3.72 4.23 3.80 1.17 1.61 0.07 0.00 0.29 1.10 0.37 1.10 0.00 0.00 0.00 1.17 2.70 2.85 1.83 0.00 0.07 0.00 0.44 1.53 3.29 3.29 8.10 10.44 14.97 15.11 16.50 15.77 15.56 13.84 10.38 8.24 7.16 6.96 3.36 5.92 10.75 9.49 9.53 15.22 18.64 17.49 12.62 12.42 12.39 10.97 11.03 7.17 6.18 3.07 7.48 7.67 7.10 6.57 4.54 3.89 2.36 1.85 3.94 5.95
0.00 0.00 0.00 0.00 0.00 0.00 7.30 13.72 16.35 24.89 17.67 16.64 16.06 13.51 7.23 3.21 4.38 3.21 4.38 4.38 2.63 1.97 1.24 0.51 0.37 0.37 0.00 0.00 0.37 0.00 0.37 0.00 0.00 0.00 0.00 0.73 1.24 1.10 0.00 0.00 0.00 0.07 1.39 3.14 3.14 4.11 8.61 13.21 10.66 14.30 16.63 17.05 16.00 11.87 11.89 4.11 3.06 3.04 6.74 7.49 10.34 12.02 12.14 16.13 16.11 14.08 15.02 12.53 8.32 9.73 8.65 7.85 5.91 3.33 4.75 2.13 4.92 5.84 3.36 1.63 0.80 3.91 6.76
0.00 0.00 0.00 0.00 0.00 0.00 11.17 9.56 20.22 16.06 17.16 16.79 12.41 10.59 6.20 5.99 0.00 4.31 8.10 8.10 4.89 1.97 0.88 0.29 0.00 0.00 0.00 0.00 0.00 0.00 0.00 0.00 0.00 0.00 0.00 0.00 0.58 0.00 0.00 0.00 0.00 0.00 0.00 1.17 1.17 1.46 4.53 8.95 5.17 8.81 11.29 11.57 9.82 5.84 7.21 4.03 0.00 0.00 5.01 9.89 9.33 13.32 9.18 14.14 16.11 13.91 14.27 14.51 10.99 12.30 12.62 10.07 6.50 3.43 2.04 3.09 3.74 4.98 3.29 1.75 0.86 2.82 8.00
0.00 0.00 0.00 0.00 0.00 0.00 0.00 0.00 9.86 11.83 12.85 12.92 10.07 11.32 6.94 12.70 15.04 10.62 8.69 8.69 5.26 1.68 2.70 0.80 0.58 0.00 0.29 0.00 0.00 0.00 0.00 0.00 0.00 0.00 0.00 0.22 0.07 0.00 0.00 0.00 0.00 0.00 0.00 1.17 1.17 0.80 1.24 2.34 5.54 9.17 11.60 11.71 9.21 5.38 0.42 0.00 0.00 0.00 0.00 0.00 8.68 8.47 10.56 11.19 14.30 15.63 15.26 17.27 11.70 11.95 8.78 7.81 6.88 5.63 3.21 2.06 4.15 4.71 1.69 2.51 1.22 1.01 6.81
0.00 0.00 0.00 0.00 0.00 0.00 0.00 5.55 11.46 5.33 6.06 8.91 9.64 9.49 12.92 11.97 17.68 16.64 13.15 12.27 8.10 4.31 5.77 2.12 0.44 0.58 0.44 1.39 0.00 0.00 0.00 0.00 0.00 0.00 0.29 0.51 0.22 0.00 0.00 0.15 0.00 0.00 0.73 1.97 1.97 0.88 0.44 1.98 5.41 9.99 9.22 14.00 12.56 0.00 0.00 0.00 0.00 0.00 0.00 0.00 0.00 8.99 7.51 9.03 10.17 15.31 19.93 15.45 10.77 13.17 9.33 8.19 6.53 6.67 3.92 4.30 4.77 3.91 0.28 0.82 1.18 0.90 1.49
0.00 0.00 0.00 0.00 0.00 0.00 0.00 0.00 0.00 0.00 0.00 0.00 0.00 0.00 0.00 8.40 5.84 0.00 7.11 7.22 9.86 12.34 12.70 7.59 7.81 6.20 4.02 7.52 2.92 0.00 5.18 4.09 3.43 3.14 1.90 3.43 3.80 6.79 3.50 7.08 6.60 5.49 3.69 4.23 4.23 1.97 0.44 2.56 2.71 4.28 0.00 0.00 0.00 0.00 0.00 0.00 0.00 0.00 0.00 0.00 0.00 0.00 0.00 7.43 6.95 7.48 10.34 3.71 4.11 4.59 5.99 8.71 6.79 5.31 3.34 3.72 6.29 3.59 2.10 0.18 0.57 0.00 0.00
0.00 0.00 0.00 0.00 0.00 0.00 0.00 0.00 0.00 0.00 0.00 0.00 0.00 0.00 0.00 0.00 0.00 0.00 0.00 0.00 5.11 7.74 10.29 11.83 6.72 8.40 9.01 9.73 7.37 5.26 7.52 6.72 6.06 5.62 4.96 4.74 7.30 8.61 9.56 5.33 8.54 8.06 8.62 6.72 7.50 4.82 3.07 4.23 4.12 0.00 0.00 0.00 0.00 0.00 0.00 0.00 0.00 0.00 0.00 0.00 0.00 0.00 0.00 0.00 0.00 6.29 6.24 4.50 0.00 0.00 0.00 4.08 4.19 4.28 0.00 2.67 3.70 2.71 2.45 0.00 0.00 0.00 0.00
0.00 0.00 0.00 0.00 0.00 0.00 0.00 0.00 0.00 0.00 0.00 0.00 0.00 0.00 0.00 0.00 0.00 0.00 0.00 0.00 0.00 0.00 5.55 8.61 10.44 6.64 8.66 9.61 9.42 8.83 8.18 8.98 8.03 5.85 4.89 5.84 6.96 10.80 5.26 7.96 9.05 5.68 4.82 6.51 8.26 8.29 5.84 2.87 0.12 0.00 0.00 0.00 0.00 0.00 0.00 0.00 0.00 0.00 0.00 0.00 0.00 0.00 0.00 0.00 0.00 0.00 0.00 0.00 0.00 0.00 0.00 0.00 0.00 2.27 2.96 2.40 3.23 0.00 0.00 0.00 0.00 0.00 0.00
0.00 0.00 0.00 0.00 0.00 0.00 0.00 0.00 0.00 0.00 0.00 0.00 0.00 0.00 0.00 0.00 0.00 0.00 0.00 0.00 0.00 0.00 0.00 0.00 3.07 3.21 0.00 8.61 10.00 7.52 3.36 5.26 7.98 8.87 0.00 5.11 0.00 5.77 0.00 4.09 4.60 0.00 0.00 0.00 0.00 4.71 0.97 0.00 0.00 0.00 0.00 0.00 0.00 0.00 0.00 0.00 0.00 0.00 0.00 0.00 0.00 0.00 0.00 0.00 0.00 0.00 0.00 0.00 0.00 0.00 0.00 0.00 0.00 0.00 0.00 0.00 0.00 0.00 0.00 0.00 0.00 0.00 0.00
