Wansh/Snow_depth/snowdepth-1997/winter/1998053.txt
ncols 321
nrows 161
xllcenter 60
yllcenter 15 
cellsize  0.25 
NODATA_value -1
[rows 0 to 36 of 161, columns 166 to 248 of 321]
12.05 11.24 8.54 5.62 6.35 4.89 5.62 5.99 6.06 6.50 4.16 4.16 4.16 4.38 4.67 5.04 4.89 4.16 5.33 4.89 9.49 8.32 8.91 7.30 8.25 7.66 9.34 6.94 6.94 0.00 0.66 0.00 0.51 0.00 12.99 11.68 15.33 15.33 12.12 12.56 13.36 13.07 13.87 12.19 12.19 14.75 20.08 18.69 22.63 20.22 20.59 16.43 17.16 15.04 17.01 16.50 17.89 19.64 19.13 20.08 18.18 18.61 18.61 18.10 17.81 19.78 23.43 22.63 23.73 21.61 18.10 15.62 15.62 15.62 15.55 15.77 16.72 17.16 17.52 17.30 18.25 17.45 16.79
11.75 12.05 9.56 9.64 7.52 5.55 5.84 5.40 4.16 4.60 3.50 3.50 4.74 4.96 5.11 4.45 4.16 4.23 5.84 8.91 8.10 8.83 6.42 6.94 7.88 8.40 8.76 3.65 0.00 0.00 0.00 0.00 0.00 11.46 8.91 12.26 10.29 10.29 12.12 12.70 11.75 16.06 14.67 15.40 13.87 12.85 17.89 21.53 21.53 19.27 17.89 17.96 19.64 20.15 20.37 17.96 17.08 17.08 18.91 19.20 19.56 17.30 17.30 17.96 17.52 21.68 23.94 23.87 21.68 19.20 20.08 18.54 16.43 16.06 15.91 16.79 16.21 16.64 16.06 18.47 18.47 18.69 13.07
15.55 13.51 11.39 11.83 8.25 9.56 6.20 7.15 4.53 5.48 4.31 4.31 4.31 4.89 4.38 4.45 4.23 7.01 6.20 8.83 8.32 9.27 6.79 7.08 6.64 8.10 2.92 6.06 0.00 0.00 0.00 0.00 0.00 7.01 11.39 11.24 9.86 9.86 11.97 10.88 16.43 16.21 16.64 14.09 14.45 13.29 14.02 13.80 14.24 15.91 16.86 19.20 18.25 20.95 18.91 19.56 17.89 17.81 17.59 18.61 17.81 18.03 18.03 17.89 20.00 21.90 21.46 22.70 21.17 21.68 19.78 18.83 16.57 15.70 15.99 15.77 13.29 12.85 14.24 15.62 13.51 13.36 14.97
15.55 13.51 11.39 11.83 8.25 9.56 6.20 7.15 4.53 5.48 4.31 4.31 4.31 4.89 4.38 4.45 4.23 7.01 6.20 8.83 8.32 9.27 6.79 7.08 6.64 8.10 2.92 6.06 0.00 0.00 0.00 0.00 0.00 7.01 11.39 11.24 9.86 9.86 11.97 10.88 16.43 16.21 16.64 14.09 14.45 13.29 14.02 13.80 14.24 15.91 16.86 19.20 18.25 20.95 18.91 19.56 17.89 17.81 17.59 18.61 17.81 18.03 18.03 17.89 20.00 21.90 21.46 22.70 21.17 21.68 19.78 18.83 16.57 15.70 15.99 15.77 13.29 12.85 14.24 15.62 13.51 13.36 14.97
14.45 14.75 14.02 12.34 13.07 10.00 9.71 8.10 8.18 5.33 5.26 5.26 4.67 4.45 8.25 7.45 7.66 7.37 9.05 8.91 9.27 7.30 7.23 7.23 6.20 7.37 0.00 0.00 0.00 0.00 0.00 0.00 6.06 8.18 8.10 6.79 9.27 9.27 11.24 14.16 13.72 11.75 10.95 14.31 11.90 12.19 11.39 13.07 12.78 15.62 17.96 17.45 20.00 20.66 20.73 19.64 18.10 18.61 18.32 18.76 18.83 19.27 19.27 20.59 20.51 21.39 22.92 21.61 19.20 20.08 18.98 17.16 17.89 15.91 14.24 12.70 10.37 9.42 10.22 11.17 10.15 11.02 10.44
15.62 15.48 14.97 14.97 14.97 11.10 11.24 6.94 7.23 6.42 6.28 6.28 8.47 10.00 9.64 9.27 9.56 9.64 9.13 7.45 8.10 6.57 5.84 5.99 0.80 0.00 0.00 0.00 0.00 0.00 0.37 7.37 5.91 7.74 7.23 7.01 12.12 12.12 12.85 13.14 9.93 10.59 9.20 8.83 8.83 8.32 10.29 9.71 12.12 15.11 16.57 20.22 22.19 21.24 20.44 20.81 19.20 16.64 15.33 17.23 15.40 18.25 18.25 22.85 22.56 24.09 21.83 22.56 18.83 16.35 16.57 17.01 15.48 14.16 12.19 10.80 11.02 9.78 9.78 9.56 11.17 11.61 12.63
14.53 13.80 15.77 15.55 16.28 15.04 11.46 12.12 9.56 11.46 9.64 9.64 9.42 10.00 9.78 10.22 10.15 10.88 11.32 8.10 5.18 5.77 4.74 0.00 0.00 0.00 0.00 0.00 0.00 2.26 0.00 7.74 9.34 9.13 10.88 13.43 12.34 12.34 13.43 8.91 10.44 5.91 6.57 7.74 7.96 7.88 8.91 11.17 10.95 12.99 18.03 17.23 20.22 19.93 18.61 18.98 16.50 14.24 14.16 14.67 16.57 15.77 15.77 21.46 22.27 22.92 23.21 19.35 16.06 15.84 15.99 15.84 14.75 13.80 12.19 10.22 10.29 10.37 10.00 11.10 13.07 13.31 17.20
14.53 13.80 15.77 15.55 16.28 15.04 11.46 12.12 9.56 11.46 9.64 9.64 9.42 10.00 9.78 10.22 10.15 10.88 11.32 8.10 5.18 5.77 4.74 0.00 0.00 0.00 0.00 0.00 0.00 2.26 0.00 7.74 9.34 9.13 10.88 13.43 12.34 12.34 13.43 8.91 10.44 5.91 6.57 7.74 7.96 7.88 8.91 11.17 10.95 12.99 18.03 17.23 20.22 19.93 18.61 18.98 16.50 14.24 14.16 14.67 16.57 15.77 15.77 21.46 22.27 22.92 23.21 19.35 16.06 15.84 15.99 15.84 14.75 13.80 12.19 10.22 10.29 11.98 13.79 15.97 17.90 22.61 28.40
8.25 12.26 15.70 16.50 15.62 16.21 12.85 11.97 10.66 11.17 9.20 9.20 10.00 9.64 11.61 11.83 11.90 11.83 7.74 8.83 5.69 0.00 0.00 0.00 0.00 0.00 0.00 0.00 3.50 1.53 7.01 6.42 8.91 11.10 10.73 14.02 15.04 15.04 15.26 9.78 5.62 6.28 5.40 7.30 6.94 8.61 11.02 10.73 12.78 14.67 15.99 15.48 15.48 19.42 13.36 12.19 10.88 10.88 12.12 14.53 14.75 17.89 17.89 20.44 19.42 22.27 20.59 19.13 16.28 16.86 15.48 15.11 14.89 15.62 12.12 12.49 14.03 15.71 17.83 20.13 20.25 21.78 20.31
7.30 9.20 8.47 12.85 10.51 13.87 13.07 10.95 9.86 9.42 9.13 9.13 11.90 11.53 11.97 11.39 7.81 8.03 7.59 0.00 0.00 0.00 0.00 0.00 0.00 0.00 5.18 3.94 7.37 7.01 6.86 8.47 9.05 10.88 11.83 11.61 12.70 12.70 9.78 10.07 6.20 5.33 4.38 7.23 8.83 8.61 9.71 11.90 11.46 13.43 13.87 13.94 13.80 12.12 10.44 10.66 9.56 10.51 10.15 11.61 15.18 17.45 17.45 17.16 19.42 20.51 18.47 20.00 17.59 15.40 14.31 13.80 14.75 14.75 15.64 17.37 15.98 16.98 18.94 22.41 25.01 26.96 22.22
6.42 7.08 7.59 8.40 8.61 10.15 10.59 10.44 11.39 10.29 11.10 11.10 10.80 10.00 6.13 6.13 6.57 0.00 0.00 0.00 0.00 2.26 0.00 1.46 6.06 5.55 5.77 7.45 7.37 7.23 8.54 8.40 7.96 6.20 6.06 6.86 5.99 5.99 7.88 6.28 6.79 6.72 7.96 8.91 8.76 7.96 6.72 7.01 6.28 6.86 11.53 10.51 8.25 7.45 7.66 8.40 8.83 8.83 10.95 15.26 14.24 18.03 18.03 18.98 17.96 15.84 17.23 17.37 15.11 13.87 13.51 13.58 14.82 14.75 14.38 12.52 9.63 19.91 22.55 24.18 20.38 21.79 21.64
6.42 7.08 7.59 8.40 8.61 10.15 10.59 10.44 11.39 10.29 11.10 11.10 10.80 10.00 6.13 6.13 6.57 0.00 0.00 0.00 0.00 2.26 0.00 1.46 6.06 5.55 5.77 7.45 7.37 7.23 8.54 8.40 7.96 6.20 6.06 6.86 5.99 5.99 7.88 6.28 6.79 6.72 7.96 8.91 8.76 7.96 6.72 7.01 6.28 6.86 11.53 10.51 8.25 7.45 7.66 8.40 8.83 8.83 10.95 15.26 14.24 18.03 18.03 18.98 17.96 15.84 17.23 17.37 15.11 13.87 13.51 13.58 14.82 14.75 14.02 12.34 9.34 18.49 20.10 22.39 21.74 22.61 21.64
13.21 11.17 9.71 7.15 6.50 6.42 8.98 6.35 8.69 8.25 8.98 8.98 2.70 2.63 1.31 0.00 0.00 0.00 0.00 0.00 0.00 4.96 4.89 3.21 5.55 5.62 5.84 7.30 6.20 6.72 5.77 6.42 6.94 6.06 6.57 6.57 5.62 5.62 6.35 6.06 7.45 8.40 8.25 8.32 6.64 6.86 5.26 4.16 4.09 4.89 6.50 7.15 6.86 7.08 6.86 6.57 8.83 10.66 12.05 14.67 14.67 17.08 17.08 17.81 17.96 17.08 15.26 13.94 13.94 15.26 15.33 15.55 15.18 15.11 13.87 11.90 13.10 16.82 20.46 21.05 17.69 20.27 20.58
9.42 10.15 9.42 6.06 5.69 5.62 5.99 5.55 4.53 0.00 0.00 0.00 0.00 0.00 0.00 0.00 0.00 0.00 0.00 3.07 4.23 5.18 4.89 4.67 4.96 4.67 5.26 5.18 6.06 6.50 6.28 6.72 6.64 6.79 5.48 6.06 6.20 6.20 6.35 7.52 7.15 8.10 6.94 4.89 5.33 3.07 3.50 2.63 3.14 3.58 4.82 4.23 5.18 4.96 5.18 6.06 7.88 8.25 9.78 13.14 12.41 15.26 15.26 14.09 17.23 16.79 17.52 17.37 16.28 15.55 16.57 17.01 17.16 16.50 15.33 16.00 18.51 20.53 16.57 17.39 17.97 20.26 23.18
7.81 6.50 6.20 6.13 7.59 8.03 8.10 7.59 7.30 0.00 0.58 0.58 2.48 0.00 3.07 1.90 0.00 3.58 3.50 2.92 3.94 4.31 5.11 4.23 5.26 5.11 5.26 6.28 5.77 7.52 6.86 7.01 6.72 5.77 4.96 5.33 5.99 5.99 6.79 6.94 7.23 6.72 7.01 4.16 2.56 2.63 2.92 3.50 3.36 3.07 4.02 4.31 4.23 5.18 5.26 5.18 6.79 8.91 10.00 10.88 10.95 12.05 12.05 14.02 17.67 18.03 18.03 18.10 18.03 17.16 17.23 20.44 17.08 22.92 21.04 21.35 22.58 23.78 25.55 21.63 21.85 20.96 21.46
8.83 7.59 7.15 7.15 7.08 8.32 8.54 8.69 9.05 8.32 7.59 7.59 9.71 9.13 7.15 5.99 4.45 4.60 3.65 3.80 3.80 3.94 3.80 4.45 5.40 5.99 5.77 7.59 7.08 7.08 7.01 6.28 7.01 6.42 5.91 6.13 5.91 5.91 6.94 5.69 6.13 4.53 5.33 4.96 3.07 3.87 2.77 3.14 4.09 3.36 3.72 4.09 4.31 4.45 4.38 5.48 7.52 9.56 9.27 9.71 11.39 12.26 12.26 15.99 14.97 17.01 17.45 17.37 15.55 17.01 18.25 23.65 23.00 24.23 24.39 22.78 25.00 23.80 27.30 19.25 20.95 23.24 25.98
8.83 7.59 7.15 7.15 7.08 8.32 8.54 8.69 9.05 8.32 7.59 7.59 9.71 9.13 7.15 5.99 4.45 4.60 3.65 3.80 3.80 3.94 3.80 4.45 5.40 5.99 5.77 7.59 7.08 7.08 7.01 6.28 7.01 6.42 5.91 6.13 5.91 5.91 6.94 5.69 6.13 4.53 5.33 4.96 3.07 3.87 2.77 3.14 4.09 3.36 3.72 4.09 4.31 4.45 4.38 5.48 7.52 9.56 9.27 9.71 11.39 12.26 12.26 15.99 14.97 17.01 17.45 17.37 15.55 17.01 18.25 23.65 23.00 29.75 22.86 24.76 22.45 29.45 27.70 21.28 21.37 20.96 25.11
4.74 4.60 5.84 4.38 5.11 5.04 7.01 4.67 7.08 7.37 5.99 5.99 8.61 6.42 8.98 6.42 5.99 3.21 3.50 3.29 3.29 3.29 3.29 4.89 4.89 5.69 6.35 5.69 6.42 6.79 5.91 5.91 6.72 7.37 7.23 6.13 6.20 6.20 6.20 5.62 4.67 4.82 5.18 5.18 4.02 4.23 2.77 1.75 2.12 2.41 3.14 3.07 3.07 3.65 4.82 4.45 6.35 5.77 10.00 11.39 10.88 10.51 10.51 10.44 13.36 15.70 13.29 14.75 13.87 16.35 21.32 21.90 21.41 21.45 23.59 24.88 24.78 31.61 30.25 23.12 23.16 26.30 25.55
2.92 1.83 3.29 2.99 4.60 3.29 3.80 3.65 4.23 4.31 4.38 4.38 5.91 7.01 7.23 7.15 6.50 5.26 3.58 3.80 3.65 3.50 3.14 4.23 4.96 4.89 5.04 6.86 5.48 5.69 5.55 6.35 6.28 7.23 7.52 8.03 7.30 7.30 7.23 6.79 5.62 6.20 6.28 5.99 4.96 2.41 2.92 1.46 1.46 1.24 2.34 1.31 1.39 1.68 1.75 2.77 4.38 7.30 3.65 6.13 7.74 9.49 9.49 6.79 8.83 11.46 8.32 10.44 11.10 17.16 14.67 18.56 20.72 21.38 23.06 26.79 26.40 29.20 21.85 23.24 23.68 26.34 21.02
0.07 1.31 2.63 2.34 2.19 2.63 4.09 4.31 4.45 4.31 4.60 4.60 6.50 6.13 7.01 6.86 4.96 5.48 3.58 4.09 3.80 5.40 4.45 4.23 5.04 4.67 4.74 5.11 5.26 5.48 5.33 6.86 9.42 7.74 8.61 8.10 8.25 8.25 8.03 7.45 6.86 6.94 5.26 3.87 0.95 1.39 0.66 1.17 0.58 0.95 0.37 0.58 0.44 0.80 1.46 0.00 0.00 0.00 0.66 3.94 1.53 2.63 2.63 6.57 5.33 6.13 5.77 7.08 8.25 15.70 16.79 21.68 25.11 27.01 26.57 26.65 26.79 27.92 24.33 27.79 29.20 22.37 23.29
0.37 0.51 0.15 1.02 0.66 1.53 3.29 4.45 4.09 4.02 4.45 4.45 4.82 7.59 7.52 7.37 5.77 3.29 3.65 2.12 5.69 5.11 7.52 7.88 6.06 5.69 4.16 5.48 5.04 4.74 6.57 6.06 9.86 11.10 10.29 10.73 9.34 9.34 8.40 8.61 5.91 3.65 3.80 3.36 1.02 0.95 0.88 1.02 0.73 0.00 0.00 0.00 0.00 0.00 0.00 0.00 0.00 0.00 0.00 0.00 0.00 1.24 1.24 1.39 3.72 1.17 2.85 3.72 7.52 14.89 21.10 22.12 25.19 27.23 23.43 26.86 27.87 24.25 26.78 27.68 29.20 24.44 25.27
0.00 0.07 0.07 0.07 1.68 2.70 2.63 2.99 3.80 3.21 3.72 3.72 3.50 5.62 7.74 7.81 6.28 2.12 2.26 1.97 5.55 8.32 7.96 8.03 6.86 4.89 4.89 5.69 6.13 6.13 8.03 10.29 9.42 11.75 9.93 9.05 8.40 8.40 7.30 4.02 1.83 2.26 1.17 0.95 0.22 0.58 0.00 0.00 0.00 0.00 0.00 0.00 0.00 0.00 0.00 0.00 0.00 0.00 0.00 0.00 0.00 1.24 1.24 0.00 0.00 0.66 1.75 11.53 15.70 17.96 16.86 20.00 21.83 12.70 18.91 21.53 21.67 22.53 25.30 20.95 21.14 16.76 12.03
0.00 0.07 0.07 0.07 1.68 2.70 2.63 2.99 3.80 3.21 3.72 3.72 3.50 5.62 7.74 7.81 6.28 2.12 2.26 1.97 5.55 8.32 7.96 8.03 6.86 4.89 4.89 5.69 6.13 6.13 8.03 10.29 9.42 11.75 9.93 9.05 8.40 8.40 7.30 4.02 1.83 2.26 1.17 0.95 0.22 0.58 0.00 0.00 0.00 0.00 0.00 0.00 0.00 0.00 0.00 0.00 0.00 0.00 0.00 0.00 0.00 1.24 1.24 0.00 0.00 0.66 1.75 11.53 15.70 17.96 16.86 20.00 21.83 12.70 18.91 21.53 20.81 22.65 19.65 18.43 17.70 19.51 14.71
0.00 0.00 0.07 0.00 1.68 2.63 3.29 3.58 3.72 3.43 3.58 3.58 5.11 4.89 5.77 5.18 5.55 4.67 3.07 6.20 5.33 8.40 8.18 8.40 7.30 7.66 6.57 6.57 7.30 9.34 9.27 10.88 9.34 6.13 8.91 7.01 6.06 6.06 6.42 3.94 2.48 1.83 1.90 1.90 1.02 0.00 0.22 0.00 0.00 0.00 0.00 0.00 0.00 0.00 0.00 0.00 0.00 0.00 0.00 0.00 0.00 0.00 0.00 0.00 0.00 0.00 4.89 6.57 9.42 11.24 9.05 8.47 9.56 8.83 12.70 17.23 20.29 18.49 19.52 24.69 20.94 17.88 14.27
0.00 0.00 0.00 0.00 1.83 1.10 4.45 4.38 3.50 3.65 4.53 4.53 5.11 6.35 6.50 6.06 5.99 6.35 4.31 5.62 7.37 6.79 7.45 7.23 7.96 7.59 8.76 8.91 7.88 10.73 10.88 8.76 9.34 6.20 3.21 2.99 2.99 2.99 2.70 4.74 2.92 2.63 2.04 2.70 1.53 0.00 0.00 0.00 0.00 0.00 0.00 0.00 0.00 0.00 0.00 0.00 0.00 0.00 0.00 0.00 0.00 0.00 0.00 0.00 0.00 0.00 0.00 3.43 5.11 4.53 7.15 8.61 9.86 15.55 20.15 19.35 22.16 20.30 21.66 20.97 21.69 17.44 13.38
0.00 0.00 0.00 0.00 1.46 0.88 0.73 3.07 4.23 5.69 5.40 5.40 8.10 7.45 6.13 6.57 5.48 4.53 4.96 4.89 7.01 7.74 7.52 8.40 9.13 10.00 10.15 8.40 9.56 11.10 11.68 9.05 7.01 7.45 3.94 3.36 4.02 4.02 3.87 4.74 5.26 4.74 4.60 4.23 0.00 0.00 0.00 0.00 0.00 0.00 0.00 0.00 0.00 0.00 0.00 0.00 0.00 0.00 0.00 0.00 0.00 0.00 0.00 0.00 0.00 0.00 0.00 0.00 0.00 3.50 5.91 9.05 11.68 17.74 24.53 25.44 21.49 25.19 26.89 12.05 9.67 12.47 8.93
0.22 0.00 0.00 0.00 0.00 0.00 0.58 3.50 3.21 3.65 7.45 7.45 6.72 6.06 5.77 4.23 4.45 5.04 4.23 4.53 5.55 7.30 8.69 8.98 9.20 10.51 8.10 8.76 7.52 9.27 8.98 9.49 5.55 3.87 4.31 2.77 3.72 3.72 4.82 4.74 5.26 4.16 4.09 4.16 1.90 0.00 0.00 0.00 0.00 0.00 0.00 0.00 0.00 0.00 0.00 0.00 0.00 0.00 0.00 0.00 0.00 0.00 0.00 0.00 0.00 0.00 0.00 0.00 0.00 0.00 7.23 6.13 9.93 15.91 22.35 24.73 24.96 18.60 15.35 10.89 7.71 6.55 2.50
0.73 0.00 0.00 0.00 0.00 0.00 0.07 1.83 1.90 1.17 4.09 4.09 3.29 2.77 5.48 2.85 0.80 1.24 3.14 2.99 2.41 2.48 6.64 7.01 5.11 5.18 4.23 5.04 5.18 6.64 7.96 5.84 6.06 4.45 2.77 2.48 3.72 3.72 1.02 0.00 0.00 2.56 1.75 0.00 0.00 0.00 0.00 0.00 0.00 0.00 0.00 0.00 0.00 0.00 0.00 0.00 0.00 0.00 0.00 0.00 0.00 0.00 0.00 0.00 0.00 0.00 0.00 0.00 4.96 5.91 7.59 10.51 16.92 23.08 24.13 24.18 23.69 18.46 15.05 6.69 3.12 1.81 1.49
0.73 0.00 0.00 0.00 0.00 0.00 0.07 1.83 1.90 1.17 4.09 4.09 3.29 2.77 5.48 2.85 0.80 1.24 3.14 2.99 2.41 2.48 6.64 7.01 5.11 5.18 4.23 5.04 5.18 6.64 7.96 5.84 6.06 4.45 2.77 2.48 3.72 3.72 1.02 0.00 0.00 2.56 1.75 0.00 0.00 0.00 0.00 0.00 0.00 0.00 0.00 0.00 0.00 0.00 0.00 0.00 0.00 0.00 0.00 0.00 0.00 0.00 0.00 0.00 0.00 0.00 0.00 0.00 4.96 5.91 7.59 10.51 17.01 22.83 21.82 26.95 25.28 21.53 17.47 6.48 3.26 1.76 1.58
0.44 0.29 0.00 0.00 0.00 0.00 0.00 0.00 0.00 0.00 0.00 0.00 1.24 0.00 1.02 1.31 0.00 0.00 1.39 1.10 1.31 1.17 1.10 3.50 2.99 2.41 2.12 0.80 2.19 6.57 6.35 5.18 3.80 2.56 2.92 1.17 0.00 0.00 0.00 0.00 0.00 0.00 0.00 0.00 0.00 0.00 0.00 0.00 0.00 0.00 0.00 0.00 0.00 0.00 0.00 0.00 0.00 0.00 0.00 0.00 0.00 0.00 0.00 0.00 0.00 0.00 0.00 3.36 4.45 5.48 8.00 15.78 21.09 23.60 27.63 20.91 30.77 32.47 14.09 3.71 1.95 1.11 0.82
1.24 1.83 0.00 0.66 0.00 0.00 0.00 0.00 0.00 0.00 0.00 0.00 0.51 0.00 0.00 0.00 0.00 0.00 0.00 0.44 0.29 1.39 0.66 0.00 1.10 0.29 0.00 0.00 0.00 0.00 0.15 4.02 2.63 0.95 0.00 0.15 0.00 0.00 0.00 0.00 0.00 0.00 0.00 0.00 0.00 0.00 0.00 0.00 0.00 0.00 0.00 0.00 0.00 0.00 0.00 0.00 0.00 0.00 0.00 0.00 0.00 0.00 0.00 0.00 0.00 2.19 3.43 2.77 3.80 4.60 7.37 13.94 19.71 18.96 22.17 20.51 7.76 4.09 2.29 1.28 1.77 0.00 0.00
4.16 5.18 1.97 2.77 0.07 0.00 0.00 0.00 0.00 0.00 0.00 0.00 0.00 0.00 0.00 0.00 0.00 0.00 0.00 0.00 1.10 0.95 1.02 0.00 0.00 0.00 0.00 0.00 0.00 0.00 0.00 0.00 0.00 0.00 0.00 0.00 0.00 0.00 0.00 0.00 0.00 0.00 0.00 0.00 0.00 0.00 0.00 0.00 0.00 0.00 0.00 0.00 0.00 0.00 0.00 0.00 0.00 0.00 0.00 0.00 0.00 0.00 0.00 0.00 0.37 0.07 0.07 2.63 5.33 9.20 8.03 12.78 17.59 17.96 21.76 16.93 5.59 2.24 0.67 0.22 0.00 0.32 0.09
6.50 5.18 3.21 1.17 0.00 0.00 0.00 0.00 0.00 0.00 0.00 0.00 0.00 0.00 0.00 0.00 0.00 0.00 0.00 0.00 0.00 0.58 0.66 0.00 0.00 0.00 0.00 0.00 0.00 0.00 0.00 0.00 0.00 0.00 0.00 0.00 0.00 0.00 0.00 0.00 0.00 0.00 0.00 0.00 0.00 0.00 0.00 0.00 0.00 0.00 0.00 0.00 0.00 0.00 0.00 0.00 0.00 0.00 0.00 0.00 0.22 0.07 0.07 0.00 0.00 0.00 1.17 2.70 5.84 9.34 8.98 13.14 16.35 15.56 21.58 15.45 14.71 2.09 0.79 1.48 0.00 0.00 0.00
4.96 5.26 3.87 0.66 0.00 0.00 0.00 0.00 0.00 0.00 0.00 0.00 0.00 0.00 0.00 0.00 0.00 0.00 0.00 0.00 0.00 0.00 0.00 0.00 0.00 0.00 0.00 0.00 0.00 0.00 0.00 0.00 0.00 0.00 0.00 0.00 0.00 0.00 0.00 0.00 0.00 0.00 0.00 0.00 0.00 0.00 0.00 0.00 0.00 0.00 0.00 0.00 0.00 0.00 0.00 0.00 0.00 0.00 0.00 0.00 0.00 0.88 0.88 0.00 0.00 0.15 0.22 0.00 3.87 6.79 6.28 11.02 13.36 6.35 3.65 9.27 6.43 0.00 0.00 0.08 0.09 0.00 0.00
5.99 2.19 2.92 0.15 0.00 0.00 0.00 0.00 0.00 0.00 0.00 0.00 0.00 0.00 0.00 0.00 0.00 0.00 0.00 0.00 0.00 0.00 0.37 1.10 0.00 0.00 0.00 0.29 0.58 1.17 0.51 0.51 0.00 0.00 0.00 0.00 0.00 0.00 0.00 0.00 0.00 0.00 0.00 0.00 0.00 0.00 0.00 0.44 0.00 0.00 0.00 0.00 0.00 0.00 0.00 0.00 0.00 0.00 0.00 1.46 2.85 0.00 0.00 0.00 0.00 0.00 0.00 0.00 1.02 0.51 4.09 7.88 3.80 3.15 1.19 0.00 0.00 0.00 0.00 0.00 0.00 0.00 0.00
5.99 2.19 2.92 0.15 0.00 0.00 0.00 0.00 0.00 0.00 0.00 0.00 0.00 0.00 0.00 0.00 0.00 0.00 0.00 0.00 0.00 0.00 0.37 1.10 0.00 0.00 0.00 0.29 0.58 1.17 0.51 0.51 0.00 0.00 0.00 0.00 0.00 0.00 0.00 0.00 0.00 0.00 0.00 0.00 0.00 0.00 0.00 0.44 0.00 0.00 0.00 0.00 0.00 0.00 0.00 0.00 0.00 0.00 0.00 1.46 2.85 0.00 0.00 0.00 0.00 0.00 0.00 0.00 1.02 0.51 4.09 7.88 3.80 3.14 1.17 0.00 0.00 0.00 0.00 0.00 0.00 0.00 0.00
3.80 1.61 0.44 0.00 0.00 0.00 0.00 0.00 0.00 0.00 0.00 0.00 0.00 0.00 0.00 0.00 0.07 0.00 0.00 0.00 0.80 0.95 0.73 2.04 2.12 1.61 1.02 1.75 1.83 1.97 1.68 1.61 0.58 0.00 0.00 0.00 0.00 0.00 0.00 0.00 0.00 0.00 0.00 0.00 0.00 0.00 0.00 0.00 0.00 0.00 0.00 0.00 0.00 0.44 0.00 0.00 0.00 0.00 0.00 0.00 1.02 0.00 0.00 0.00 0.00 0.00 0.00 0.00 1.46 2.41 0.88 0.00 0.00 0.29 0.00 0.00 0.00 0.00 0.00 0.00 0.00 0.00 0.00
