Wansh/Snow_depth/snowdepth-1997/winter/1998056.txt
ncols 321
nrows 161
xllcenter 60
yllcenter 15 
cellsize  0.25 
NODATA_value -1
[rows 0 to 36 of 161, columns 166 to 248 of 321]
9.49 10.88 9.64 6.50 5.91 3.58 4.09 5.04 5.04 7.52 5.84 5.84 5.62 5.18 5.40 5.48 7.30 7.74 7.74 7.74 5.91 7.45 8.03 6.64 7.01 7.81 8.91 8.61 0.00 0.00 0.00 0.00 0.00 6.64 12.85 11.53 13.36 13.36 14.24 13.07 14.24 14.16 13.07 13.14 13.14 14.45 20.15 22.12 21.46 21.83 19.13 20.15 17.52 16.50 16.64 17.23 18.25 17.89 20.00 21.17 21.17 18.18 18.18 17.81 17.81 21.68 24.97 24.97 21.90 23.00 18.47 15.91 16.06 16.13 15.99 15.55 16.79 16.43 18.25 18.98 18.91 18.18 17.37
11.46 10.95 10.80 7.96 6.79 4.02 5.18 6.13 6.28 6.86 4.82 4.82 4.96 5.99 6.57 6.64 5.11 6.13 8.18 7.88 8.61 8.10 8.32 7.23 7.08 7.59 7.23 7.52 5.99 0.00 0.00 0.00 0.00 6.35 11.53 11.32 11.61 11.61 11.68 12.99 14.97 15.11 16.21 14.89 16.64 16.06 19.35 21.53 20.15 21.61 17.16 18.47 17.96 20.15 18.10 18.69 17.81 19.93 18.76 20.22 17.16 18.03 18.03 17.81 21.61 20.29 24.16 24.09 22.78 18.98 19.49 18.25 16.43 16.43 16.50 17.30 17.16 16.72 17.96 19.78 18.54 18.76 15.77
14.53 12.70 12.78 8.83 10.66 7.45 6.50 6.79 5.77 5.77 5.84 5.84 5.77 6.35 4.74 5.55 6.64 6.28 4.96 5.26 9.13 8.18 7.59 7.23 7.45 7.23 8.10 0.00 0.00 0.00 0.00 0.00 0.00 3.07 10.51 10.29 10.51 10.51 9.64 17.52 16.94 17.74 15.55 15.62 14.31 16.50 16.06 18.25 13.43 16.21 16.21 18.54 20.73 20.51 18.98 18.18 18.54 16.94 17.37 17.45 17.74 19.27 19.27 18.91 20.66 22.92 22.92 22.34 21.53 21.75 19.05 19.05 17.45 16.28 15.99 16.64 15.33 15.70 14.75 13.80 13.72 12.56 15.48
14.53 12.70 12.78 8.83 10.66 7.45 6.50 6.79 5.77 5.77 5.84 5.84 5.77 6.35 4.74 5.55 6.64 6.28 4.96 5.26 9.13 8.18 7.59 7.23 7.45 7.23 8.10 0.00 0.00 0.00 0.00 0.00 0.00 3.07 10.51 10.29 10.51 10.51 9.64 17.52 16.94 17.74 15.55 15.62 14.31 16.50 16.06 18.25 13.43 16.21 16.21 18.54 20.73 20.51 18.98 18.18 18.54 16.94 17.37 17.45 17.74 19.27 19.27 18.91 20.66 22.92 22.92 22.34 21.53 21.75 19.05 19.05 17.45 16.28 15.99 16.64 15.33 15.70 14.75 13.80 13.72 12.56 15.48
15.55 14.38 11.75 12.34 9.49 8.47 7.23 7.88 6.94 5.77 5.40 5.40 5.62 6.06 5.40 9.13 7.81 8.91 9.56 9.05 9.27 8.25 8.25 7.52 8.40 5.55 6.64 0.00 0.00 0.00 0.00 0.00 5.48 4.16 9.05 7.52 9.42 9.42 14.16 15.70 16.06 11.83 11.32 11.24 12.12 9.86 10.29 13.21 12.92 15.62 18.98 18.18 20.37 18.98 19.35 20.59 18.32 18.91 17.81 18.61 18.47 19.27 19.27 20.81 20.95 23.00 22.85 22.78 21.17 19.20 18.91 16.79 15.70 15.84 13.07 13.07 9.86 8.83 10.88 11.97 11.53 11.61 10.88
14.31 13.14 14.97 12.05 11.61 9.93 9.64 7.59 6.57 7.30 5.69 5.69 5.91 8.98 9.64 9.49 9.56 9.27 8.25 8.83 6.64 6.13 6.72 6.57 6.13 0.00 0.00 0.00 0.00 0.00 0.00 0.73 7.96 8.10 8.98 11.39 10.37 10.37 13.72 11.53 9.42 9.71 8.61 8.54 9.20 9.05 9.27 11.61 14.89 14.67 17.45 21.68 20.81 21.32 21.17 22.19 18.54 17.45 17.16 18.25 18.40 18.25 18.25 19.56 24.31 23.36 24.09 17.67 18.98 17.37 16.35 16.57 13.87 11.97 12.34 10.00 10.00 9.34 8.83 8.69 10.73 11.46 10.73
14.60 12.34 15.77 14.24 14.16 13.29 10.95 9.93 11.61 9.86 10.00 10.00 10.15 9.71 10.73 11.83 10.29 10.00 10.15 9.49 7.01 5.33 0.00 0.00 0.00 0.00 0.00 0.00 0.00 2.19 6.50 5.48 8.10 9.34 12.99 15.11 14.60 14.60 14.97 12.70 8.83 7.15 7.45 7.81 7.88 9.42 11.02 10.95 13.51 17.81 16.72 19.93 21.97 21.90 19.05 18.03 18.18 14.67 14.45 15.11 14.45 19.35 19.35 22.48 21.46 21.61 24.45 19.05 15.48 15.40 15.48 13.80 14.24 11.68 10.66 10.73 9.34 8.10 8.32 9.71 12.19 12.39 15.65
14.60 12.34 15.77 14.24 14.16 13.29 10.95 9.93 11.61 9.86 10.00 10.00 10.15 9.71 10.73 11.83 10.29 10.00 10.15 9.49 7.01 5.33 0.00 0.00 0.00 0.00 0.00 0.00 0.00 2.19 6.50 5.48 8.10 9.34 12.99 15.11 14.60 14.60 14.97 12.70 8.83 7.15 7.45 7.81 7.88 9.42 11.02 10.95 13.51 17.81 16.72 19.93 21.97 21.90 19.05 18.03 18.18 14.67 14.45 15.11 14.45 19.35 19.35 22.48 21.46 21.61 24.45 19.05 15.48 15.40 15.48 13.80 14.24 11.68 10.66 10.73 9.34 9.37 11.48 13.97 16.70 21.06 25.85
8.25 11.02 15.70 14.75 13.14 12.41 11.24 11.24 12.05 11.02 8.91 8.91 10.51 11.83 11.53 11.90 12.70 10.07 6.79 5.18 0.00 0.00 0.00 0.00 0.00 0.00 0.00 0.00 0.00 4.89 7.74 9.64 10.80 13.36 12.41 14.89 14.53 14.53 13.07 8.54 9.64 6.94 5.40 8.32 7.74 8.83 12.12 13.58 12.99 16.43 18.25 17.81 19.35 16.06 15.84 11.68 11.97 11.61 11.10 14.60 16.50 15.77 15.77 20.51 21.39 21.02 20.15 15.77 15.99 15.11 15.18 13.51 13.65 12.92 11.10 10.08 13.00 14.04 17.71 15.60 14.98 20.84 20.52
7.30 9.20 8.47 10.59 11.10 11.17 10.88 10.73 10.29 10.22 9.86 9.86 11.39 11.39 9.71 10.15 10.44 9.64 4.31 0.00 0.00 0.00 0.00 0.00 0.00 0.00 5.33 6.50 0.00 2.85 9.86 10.88 11.83 9.56 10.07 12.19 11.90 11.90 11.61 5.91 5.04 4.96 4.82 8.76 10.37 10.00 11.75 12.05 15.40 15.55 11.17 12.34 12.05 13.43 9.64 9.20 10.44 9.49 12.19 11.83 15.26 18.18 18.18 17.59 20.00 19.71 19.86 16.21 13.36 15.18 12.70 13.43 13.21 11.97 10.67 13.43 14.26 13.52 13.97 19.24 21.33 20.13 19.68
6.42 7.08 7.59 9.42 10.15 8.83 9.93 11.39 10.80 11.46 11.02 11.02 11.02 10.29 8.25 7.88 7.01 7.59 0.00 0.00 0.00 0.00 0.00 5.91 7.30 6.64 7.15 7.81 9.42 9.49 8.91 9.56 7.45 7.30 7.59 7.66 5.40 5.40 6.20 5.55 6.50 9.34 9.27 9.42 9.42 8.18 9.71 10.37 6.50 9.49 8.91 10.29 8.40 8.32 8.40 8.18 8.98 8.98 11.90 15.55 14.82 18.47 18.47 18.54 18.91 15.91 15.26 15.55 12.92 12.85 12.41 13.14 11.97 12.34 11.01 9.86 10.39 13.17 18.28 20.32 17.95 18.09 17.75
6.42 7.08 7.59 9.42 10.15 8.83 9.93 11.39 10.80 11.46 11.02 11.02 11.02 10.29 8.25 7.88 7.01 7.59 0.00 0.00 0.00 0.00 0.00 5.91 7.30 6.64 7.15 7.81 9.42 9.49 8.91 9.56 7.45 7.30 7.59 7.66 5.40 5.40 6.20 5.55 6.50 9.34 9.27 9.42 9.42 8.18 9.71 10.37 6.50 9.49 8.91 10.29 8.40 8.32 8.40 8.18 8.98 8.98 11.90 15.55 14.82 18.47 18.47 18.54 18.91 15.91 15.26 15.55 12.92 12.85 12.41 13.14 11.97 12.34 10.73 9.71 10.07 12.23 16.29 18.82 19.14 18.77 17.75
13.21 11.17 10.22 8.69 7.88 7.88 8.54 9.71 7.96 7.15 8.03 8.03 8.18 0.00 0.00 0.73 0.00 0.00 0.00 0.00 0.00 0.00 6.13 6.28 6.42 5.91 6.42 8.03 5.26 5.77 6.72 6.94 6.86 6.94 7.08 6.50 6.42 6.42 6.64 8.91 8.76 9.13 7.52 7.23 7.08 7.30 3.43 4.67 4.89 7.59 7.01 6.72 7.74 6.57 6.79 7.74 8.61 10.44 10.15 14.82 16.06 15.48 15.48 17.89 15.11 15.55 14.16 14.53 12.56 13.36 14.45 14.89 15.18 14.24 12.12 10.80 9.43 12.47 15.98 16.40 15.99 18.96 19.57
9.42 10.15 10.22 7.59 6.94 7.59 7.45 5.40 6.35 5.26 0.00 0.00 0.00 0.00 0.00 0.00 0.00 0.00 1.46 2.63 4.53 5.62 4.96 5.62 5.33 4.89 4.96 4.96 5.69 5.99 7.37 8.03 6.57 6.72 6.64 7.08 6.28 6.28 7.66 8.69 8.54 7.96 8.03 6.64 3.65 2.70 2.99 3.43 4.16 3.87 6.28 5.48 5.62 6.42 6.28 5.99 7.59 9.42 10.80 10.51 13.87 15.04 15.04 14.38 17.67 15.91 16.13 16.35 16.72 15.11 16.06 17.30 17.23 16.35 15.11 13.20 17.88 17.00 12.33 15.57 21.34 16.97 19.50
7.81 6.50 6.20 6.64 8.76 9.05 8.83 10.15 7.52 0.66 2.63 2.63 0.00 4.60 1.53 0.00 3.36 3.50 3.43 4.82 6.20 4.60 4.45 4.67 4.89 4.67 4.60 5.62 7.96 8.32 8.25 7.66 7.74 5.99 7.30 7.52 7.30 7.30 7.37 7.88 8.40 7.96 4.67 4.74 2.92 4.02 3.58 3.65 4.60 5.18 5.33 5.84 5.69 5.69 5.77 6.86 8.10 9.05 10.88 11.68 11.46 14.82 14.82 17.37 16.64 18.10 17.96 17.59 18.03 16.79 21.68 20.51 18.69 16.13 18.29 16.92 15.97 17.03 18.79 22.60 19.06 19.47 20.28
8.83 6.94 9.13 7.66 9.42 9.20 8.40 9.78 8.83 8.10 8.98 8.98 9.56 9.42 7.59 6.20 5.91 5.91 4.53 2.92 3.14 3.21 4.67 5.40 6.79 7.08 7.59 7.37 7.59 7.15 7.01 8.18 7.81 8.03 7.45 7.37 7.66 7.66 7.88 7.96 7.30 5.18 4.23 4.16 3.87 6.13 4.16 4.38 4.38 4.74 4.31 4.53 5.40 4.74 6.20 6.20 7.74 9.86 9.42 11.97 12.70 12.56 12.56 16.21 18.40 18.25 17.37 15.99 18.40 16.35 22.12 23.14 23.58 19.19 18.70 19.47 18.25 17.70 17.56 19.99 19.53 20.96 20.44
8.83 6.94 9.13 7.66 9.42 9.20 8.40 9.78 8.83 8.10 8.98 8.98 9.56 9.42 7.59 6.20 5.91 5.91 4.53 2.92 3.14 3.21 4.67 5.40 6.79 7.08 7.59 7.37 7.59 7.15 7.01 8.18 7.81 8.03 7.45 7.37 7.66 7.66 7.88 7.96 7.30 5.18 4.23 4.16 3.87 6.13 4.16 4.38 4.38 4.74 4.31 4.53 5.40 4.74 6.20 6.20 7.74 9.86 9.42 11.97 12.70 12.56 12.56 16.21 18.40 18.25 17.37 15.99 18.40 16.35 22.12 23.14 23.58 23.56 17.52 21.16 16.39 21.90 17.82 22.11 19.92 18.90 19.76
4.74 7.37 6.57 4.67 5.18 5.33 5.04 6.79 6.72 6.20 7.96 7.96 9.42 6.35 8.76 7.01 5.40 4.67 2.41 2.19 2.48 3.29 3.21 4.16 5.55 5.18 7.45 7.74 6.86 7.45 8.10 8.32 8.32 8.10 7.96 7.96 7.45 7.45 7.52 5.99 6.06 5.91 8.18 7.81 7.23 7.52 4.67 3.65 2.34 2.48 3.36 2.04 3.58 4.02 3.21 6.86 6.50 8.91 8.98 12.12 12.56 13.51 13.51 12.63 16.79 15.70 15.11 14.89 14.31 17.45 19.20 22.78 20.65 21.52 20.83 20.11 23.85 25.22 24.06 18.13 17.85 19.43 21.01
2.92 2.70 2.34 3.94 4.09 4.23 4.16 4.45 4.09 4.38 5.40 5.40 5.40 6.42 7.08 6.20 7.45 6.35 3.87 3.80 3.07 3.87 3.58 3.29 4.45 4.31 5.91 6.57 6.35 6.86 8.10 7.66 7.88 8.69 9.05 9.42 8.03 8.03 8.61 6.72 9.20 8.76 8.83 8.47 5.04 2.34 3.14 0.88 1.31 0.73 2.41 1.39 0.00 0.88 1.02 0.66 4.96 4.74 5.11 3.72 10.00 10.44 10.44 9.49 8.98 8.83 12.85 12.99 12.85 15.55 18.10 17.97 20.57 20.35 20.81 20.74 21.16 20.74 20.68 18.15 16.87 18.41 17.76
0.07 1.10 2.48 2.63 1.90 2.56 3.72 4.60 4.16 4.60 4.89 4.89 4.89 7.45 6.20 7.23 5.26 2.99 3.36 3.58 3.07 3.87 5.18 4.53 4.67 4.82 5.62 5.62 6.57 6.28 7.15 8.98 8.18 8.98 11.39 9.86 8.47 8.47 9.78 10.07 9.78 9.34 5.62 3.87 4.82 1.10 0.80 0.66 0.44 0.15 0.00 0.00 0.00 0.00 0.00 0.00 0.00 0.00 0.07 0.51 0.58 2.26 2.26 5.77 7.08 4.96 5.55 6.86 14.67 13.87 17.45 19.49 23.58 22.70 25.99 27.16 24.60 22.90 24.42 25.85 22.55 18.91 21.96
0.00 0.00 0.51 0.80 2.34 1.83 3.07 2.77 3.14 4.16 3.87 3.87 4.89 6.20 6.57 7.01 5.04 4.23 2.99 2.70 4.53 3.87 5.33 6.35 6.64 5.04 5.18 6.50 6.57 6.13 7.88 10.37 12.78 12.63 12.85 10.80 13.14 13.14 10.73 8.76 9.27 4.96 4.09 0.80 1.02 0.80 0.88 0.00 0.00 0.00 0.00 0.00 0.00 0.00 0.00 0.00 0.00 0.00 0.00 0.00 0.00 0.88 0.88 0.95 4.82 2.63 4.82 4.02 10.44 17.01 16.06 19.05 22.48 25.26 24.82 26.28 26.70 29.12 30.71 22.37 22.46 22.56 20.37
0.00 0.00 0.00 0.15 0.95 2.04 2.85 2.70 2.99 2.70 3.29 3.29 5.11 4.53 5.48 7.15 4.82 2.41 1.68 2.99 5.77 5.33 8.25 8.25 6.94 6.50 6.57 6.94 6.57 6.79 8.10 12.78 13.51 13.29 13.36 13.21 12.99 12.99 11.53 4.16 2.85 2.63 2.92 1.46 1.10 1.46 1.75 0.00 0.00 0.00 0.00 0.00 0.00 0.00 0.00 0.00 0.00 0.00 0.00 0.00 0.29 0.22 0.22 0.00 0.00 0.22 3.50 8.98 7.66 14.16 15.91 13.72 14.31 12.78 22.12 21.68 24.18 23.08 25.00 23.67 22.66 17.89 16.71
0.00 0.00 0.00 0.15 0.95 2.04 2.85 2.70 2.99 2.70 3.29 3.29 5.11 4.53 5.48 7.15 4.82 2.41 1.68 2.99 5.77 5.33 8.25 8.25 6.94 6.50 6.57 6.94 6.57 6.79 8.10 12.78 13.51 13.29 13.36 13.21 12.99 12.99 11.53 4.16 2.85 2.63 2.92 1.46 1.10 1.46 1.75 0.00 0.00 0.00 0.00 0.00 0.00 0.00 0.00 0.00 0.00 0.00 0.00 0.00 0.29 0.22 0.22 0.00 0.00 0.22 3.50 8.98 7.66 14.16 15.91 13.72 14.31 12.78 22.12 21.68 23.21 23.20 19.41 20.82 18.98 20.82 20.44
0.00 0.00 0.00 0.15 0.37 2.12 2.99 3.87 2.92 2.99 2.92 2.92 3.80 4.02 4.82 5.84 2.92 3.58 2.41 2.41 5.77 6.94 8.03 7.66 7.74 8.18 7.96 8.47 10.15 12.26 11.75 12.85 12.70 8.83 8.83 7.66 4.45 4.45 4.60 4.53 2.26 3.80 2.70 2.26 2.12 0.37 0.00 0.00 0.00 0.00 0.00 0.00 0.00 0.00 0.00 0.00 0.00 0.00 0.00 0.00 0.00 0.00 0.00 0.00 0.00 0.00 0.00 3.07 10.66 12.19 12.26 10.59 10.51 10.15 12.34 19.05 20.29 20.25 21.05 26.62 20.94 22.64 14.16
0.00 0.00 0.00 0.00 0.66 2.48 2.19 3.43 3.87 4.53 4.96 4.96 3.72 7.08 6.79 5.04 3.58 3.87 3.80 5.40 4.96 6.79 6.57 6.42 8.18 8.40 9.27 10.00 11.46 12.70 11.97 9.93 7.81 8.54 6.13 4.60 3.65 3.65 3.65 3.87 4.09 4.67 4.74 1.17 2.41 0.37 0.00 0.00 0.00 0.00 0.00 0.00 0.00 0.00 0.00 0.00 0.00 0.00 0.00 0.00 0.00 0.00 0.00 0.00 0.00 0.00 0.00 3.94 3.58 4.16 6.28 7.88 9.49 13.87 19.93 18.69 21.71 21.00 19.68 22.12 21.49 14.60 18.37
0.00 0.00 0.00 0.00 0.73 1.24 1.17 2.19 2.04 3.94 6.06 6.06 7.08 7.08 6.20 5.11 4.16 3.36 3.87 4.82 6.57 7.01 6.86 6.64 9.64 8.03 10.15 10.29 12.34 11.90 12.70 10.59 7.37 5.77 4.89 5.11 4.74 4.74 4.96 5.55 5.84 5.04 5.48 3.50 0.22 0.37 0.00 0.00 0.00 0.00 0.00 0.00 0.00 0.00 0.00 0.00 0.00 0.00 0.00 0.00 0.00 0.00 0.00 0.00 0.00 0.00 0.00 2.63 3.87 3.58 5.26 8.83 13.14 12.85 22.53 24.92 24.46 24.25 19.68 10.95 18.37 16.17 6.41
0.00 0.00 0.00 0.00 0.00 0.07 0.73 2.56 2.04 3.65 3.87 3.87 7.37 7.23 5.62 4.16 4.02 3.80 3.87 3.72 6.35 6.50 6.64 9.71 8.69 9.34 10.66 9.78 9.71 10.44 12.70 11.10 6.28 5.33 4.38 4.96 5.11 5.11 5.33 5.99 3.43 4.74 5.04 1.53 0.00 0.00 0.00 0.00 0.00 0.00 0.00 0.00 0.00 0.00 0.00 0.00 0.00 0.00 0.00 0.00 0.00 0.00 0.00 0.00 0.00 0.00 1.31 0.00 2.85 4.60 4.38 7.01 12.05 17.59 16.56 23.17 24.47 18.04 23.13 13.49 7.01 4.94 4.38
0.58 0.66 0.00 0.00 0.00 0.00 0.00 0.88 0.00 1.68 3.58 3.58 1.83 1.75 2.41 2.63 2.63 1.97 0.80 2.41 3.72 2.92 4.82 10.00 8.25 6.20 6.72 7.15 8.91 8.10 7.74 8.03 7.01 4.23 5.55 4.89 4.67 4.67 1.97 1.90 2.12 0.00 0.00 0.00 0.00 0.00 0.00 0.00 0.00 0.00 0.00 0.00 0.00 0.00 0.00 0.00 0.00 0.00 0.00 0.00 0.00 0.00 0.00 0.00 0.00 0.00 0.00 2.77 2.92 4.09 7.01 6.28 11.38 18.84 26.54 22.16 25.45 20.96 11.23 5.72 6.74 2.24 1.79
0.58 0.66 0.00 0.00 0.00 0.00 0.00 0.88 0.00 1.68 3.58 3.58 1.83 1.75 2.41 2.63 2.63 1.97 0.80 2.41 3.72 2.92 4.82 10.00 8.25 6.20 6.72 7.15 8.91 8.10 7.74 8.03 7.01 4.23 5.55 4.89 4.67 4.67 1.97 1.90 2.12 0.00 0.00 0.00 0.00 0.00 0.00 0.00 0.00 0.00 0.00 0.00 0.00 0.00 0.00 0.00 0.00 0.00 0.00 0.00 0.00 0.00 0.00 0.00 0.00 0.00 0.00 2.77 2.92 4.09 7.01 6.28 11.44 18.64 24.00 24.69 27.15 24.45 13.04 5.53 7.04 2.17 1.89
0.00 0.00 0.00 0.00 0.00 0.00 0.00 0.00 0.00 0.00 1.10 1.10 0.00 0.00 0.00 0.00 0.00 0.51 1.75 1.61 2.26 1.90 2.92 3.43 3.36 3.94 3.94 4.23 4.09 6.13 7.74 6.57 4.67 5.18 5.04 4.16 0.37 0.37 0.00 0.00 0.00 0.00 0.00 0.00 0.00 0.00 0.00 0.00 0.00 0.00 0.00 0.00 0.00 0.00 0.00 0.00 0.00 0.00 0.00 0.00 0.00 0.00 0.00 0.00 0.00 0.00 0.00 1.75 0.00 5.04 3.82 11.80 20.43 22.27 26.49 24.66 18.08 8.81 14.85 1.68 0.00 0.00 0.00
2.70 1.02 0.00 0.00 0.00 0.00 0.00 0.00 0.00 0.00 0.00 0.00 0.00 0.00 0.00 0.00 0.00 0.80 1.31 0.00 1.97 1.83 3.29 3.07 3.21 2.19 2.19 1.24 1.53 4.23 3.87 1.39 2.70 1.97 0.00 0.00 0.00 0.00 0.00 0.00 0.00 0.00 0.00 0.00 0.00 0.00 0.00 0.00 0.00 0.00 0.00 0.00 0.00 0.00 0.00 0.00 0.00 0.00 0.00 0.00 0.00 0.00 0.00 0.00 0.00 0.00 0.00 0.00 0.00 3.29 10.37 8.83 17.74 21.82 22.36 28.87 19.39 7.48 2.03 2.02 0.42 0.00 0.00
5.91 3.14 1.24 0.66 0.07 0.00 0.00 0.00 0.00 0.00 0.00 0.00 0.00 0.00 0.00 0.00 0.00 0.00 0.00 1.24 0.00 1.90 2.34 1.90 0.37 0.88 0.00 0.15 0.00 0.00 0.00 0.29 0.07 0.00 0.00 0.00 0.00 0.00 0.00 0.00 0.00 0.00 0.00 0.00 0.00 0.00 0.00 0.00 0.00 0.00 0.00 0.00 0.00 0.00 0.00 0.00 0.00 0.00 0.00 0.00 0.00 0.00 0.00 0.00 0.00 0.00 0.00 0.00 0.00 0.44 8.76 14.97 13.72 19.65 22.23 14.18 4.76 7.06 0.67 0.56 0.00 0.00 0.00
7.15 5.26 1.68 2.41 0.15 0.00 0.00 0.00 0.00 0.00 0.00 0.00 0.00 0.00 0.00 0.00 0.00 0.00 0.00 0.00 0.15 1.31 0.00 0.00 0.00 0.00 0.00 0.00 0.00 0.00 0.00 0.00 0.00 0.00 0.00 0.00 0.00 0.00 0.00 0.00 0.00 0.00 0.00 0.00 0.00 0.00 0.00 0.00 0.00 0.00 0.00 0.00 0.00 0.00 0.00 0.00 0.00 0.00 0.00 0.00 0.00 0.00 0.00 0.00 0.00 0.00 0.00 0.00 0.00 2.63 1.39 10.80 10.88 13.35 8.08 14.92 2.25 0.00 0.00 0.00 0.00 0.00 0.00
6.28 3.80 1.90 0.00 0.00 0.00 0.00 0.00 0.00 0.00 0.00 0.00 0.00 0.00 0.00 0.00 0.00 0.51 0.00 0.29 0.00 0.00 0.00 0.00 0.00 0.00 0.15 0.00 0.00 0.00 0.00 0.00 0.00 0.00 0.00 0.00 0.00 0.00 0.00 0.00 0.00 0.00 0.00 0.00 0.00 0.00 0.00 0.00 0.00 0.00 0.00 0.00 0.00 0.00 0.00 0.00 0.00 0.00 0.00 0.00 0.00 0.00 0.00 0.00 0.00 0.00 0.00 0.00 0.00 0.37 4.09 7.30 6.28 10.07 5.60 1.24 1.90 0.00 0.00 0.00 0.00 0.00 0.00
5.62 2.41 0.00 0.00 0.00 0.00 0.00 0.00 0.00 0.00 0.00 0.00 0.00 0.00 0.00 0.00 0.15 1.90 0.00 0.00 0.00 1.24 0.00 0.00 0.00 0.00 0.00 0.00 0.00 0.37 0.00 0.00 0.00 0.00 0.00 0.00 0.00 0.00 0.00 0.00 0.00 0.00 0.00 0.00 0.00 0.00 0.00 0.00 0.00 0.22 0.00 0.00 0.00 0.00 0.00 0.00 0.00 0.00 0.00 0.00 0.00 0.00 0.00 0.00 0.00 0.00 0.00 0.00 0.00 0.00 2.26 4.67 5.69 5.65 3.72 0.45 0.00 0.00 0.00 0.00 0.00 0.00 0.00
5.62 2.41 0.00 0.00 0.00 0.00 0.00 0.00 0.00 0.00 0.00 0.00 0.00 0.00 0.00 0.00 0.15 1.90 0.00 0.00 0.00 1.24 0.00 0.00 0.00 0.00 0.00 0.00 0.00 0.37 0.00 0.00 0.00 0.00 0.00 0.00 0.00 0.00 0.00 0.00 0.00 0.00 0.00 0.00 0.00 0.00 0.00 0.00 0.00 0.22 0.00 0.00 0.00 0.00 0.00 0.00 0.00 0.00 0.00 0.00 0.00 0.00 0.00 0.00 0.00 0.00 0.00 0.00 0.00 0.00 2.26 4.67 5.69 5.62 3.67 0.44 0.00 0.00 0.00 0.00 0.00 0.00 0.00
5.55 2.48 0.15 0.00 0.00 0.00 0.00 0.00 0.00 0.00 0.00 0.00 0.00 0.00 0.37 0.95 0.58 1.83 1.75 3.07 0.00 0.00 0.00 0.00 0.00 0.00 0.00 0.00 0.29 0.66 0.00 0.00 0.00 0.00 0.58 0.00 0.00 0.00 0.00 0.00 0.00 0.00 0.00 0.00 0.00 0.00 0.95 0.88 0.66 2.26 0.66 0.58 0.00 0.00 0.00 0.00 0.00 0.00 0.00 0.00 0.00 0.00 0.00 0.00 0.00 0.00 0.00 0.00 0.00 0.00 0.00 0.88 0.51 0.00 0.00 0.00 0.00 0.00 0.00 0.00 0.00 0.00 0.00
