Wansh/Snow_depth/snowdepth-1997/winter/1998009.txt
ncols 321
nrows 161
xllcenter 60
yllcenter 15 
cellsize  0.25 
NODATA_value -1
[rows 0 to 36 of 161, columns 82 to 163 of 321]
12.99 12.78 12.70 12.85 12.19 12.41 9.27 10.15 7.88 9.42 8.98 10.59 13.80 14.67 14.75 13.87 11.83 11.02 13.58 13.21 13.21 14.24 13.87 7.15 14.16 14.16 13.29 4.89 5.48 4.60 3.29 4.02 4.23 4.89 4.89 6.42 3.87 3.58 2.26 3.50 3.29 4.96 3.58 4.23 3.14 3.14 3.14 3.14 2.48 3.87 5.26 5.84 8.03 8.40 8.18 8.69 5.33 6.20 5.91 7.15 4.67 3.94 4.38 3.21 4.09 3.43 3.43 4.96 5.04 5.69 5.69 7.59 7.23 8.54 9.49 9.78 8.54 9.93 9.64 11.24 10.95 11.61
13.80 12.26 12.78 12.70 12.63 10.51 7.74 8.54 5.84 8.18 7.15 12.56 13.80 13.87 13.58 12.48 11.02 9.27 9.64 9.78 9.78 8.91 9.78 10.15 10.15 9.71 6.28 5.48 4.53 3.72 3.72 3.94 5.04 4.89 4.31 2.70 1.90 1.97 1.68 2.04 3.80 4.82 4.23 6.35 6.13 6.13 7.23 6.57 5.33 5.18 5.11 5.40 5.99 4.38 5.11 4.96 5.33 5.77 6.35 5.48 4.96 5.26 6.79 7.01 5.18 7.74 6.06 6.06 6.28 8.83 8.83 8.98 8.76 8.69 8.25 7.88 7.74 9.71 11.32 11.39 11.46 11.61
11.02 10.73 11.17 12.05 10.73 11.10 9.78 9.49 9.93 9.71 11.97 14.16 14.31 14.75 15.04 12.19 11.39 8.69 8.69 8.10 8.10 8.18 9.42 8.18 9.34 8.10 8.76 6.64 4.38 4.16 3.87 3.80 4.23 4.67 5.48 3.58 5.04 2.85 2.85 2.99 4.82 5.11 4.45 3.94 3.58 3.58 7.37 8.03 6.13 5.84 4.89 3.94 4.02 4.09 4.82 5.18 6.64 6.20 7.15 8.47 9.49 9.42 8.91 12.05 11.68 10.29 10.37 10.44 9.93 11.32 11.32 11.17 11.32 9.27 9.27 8.83 9.42 9.05 11.32 12.70 12.56 12.19
11.02 10.73 11.17 12.05 10.73 11.10 9.78 9.49 9.93 9.71 11.97 14.16 14.31 14.75 15.04 12.19 11.39 8.69 8.69 8.10 8.10 8.18 9.42 8.18 9.34 8.10 8.76 6.64 4.38 4.16 3.87 3.80 4.23 4.67 5.48 3.58 5.04 2.85 2.85 2.99 4.82 5.11 4.45 3.94 3.58 3.58 7.37 8.03 6.13 5.84 4.89 3.94 4.02 4.09 4.82 5.18 6.64 6.20 7.15 8.47 9.49 9.42 8.91 12.05 11.68 10.29 10.37 10.44 9.93 11.32 11.32 11.17 11.32 9.27 9.27 8.83 9.42 9.05 11.32 12.70 12.56 12.19
11.32 11.17 9.71 9.56 9.71 9.78 9.86 9.64 10.88 10.07 12.05 13.36 13.43 13.51 12.70 11.90 11.10 9.42 9.27 7.96 7.96 7.45 6.64 7.52 8.54 7.74 7.23 5.26 5.91 4.60 3.36 2.92 4.96 5.18 4.96 4.89 6.06 5.55 5.55 4.74 3.36 4.09 0.95 0.73 2.12 2.12 4.23 4.82 4.67 5.48 4.96 7.08 4.82 3.94 3.94 3.87 4.02 5.40 4.67 7.23 7.96 11.39 10.59 12.41 12.48 11.10 10.88 12.92 12.41 12.34 12.34 11.53 10.15 10.29 9.13 9.64 9.71 10.66 11.39 13.36 13.21 13.36
11.75 9.86 9.05 8.69 8.03 8.76 8.32 8.69 8.10 6.28 7.01 8.10 9.05 11.17 9.93 10.73 9.56 8.54 9.34 7.01 7.01 6.86 5.77 6.64 6.20 7.08 7.52 6.50 4.67 3.21 3.36 3.80 3.21 4.67 5.33 6.35 5.69 6.06 5.26 3.36 0.29 0.15 0.22 0.73 0.37 0.37 2.85 4.96 6.94 7.88 7.66 7.96 5.62 4.31 3.65 4.53 4.31 4.23 6.28 7.74 7.15 10.88 12.63 12.12 13.87 16.35 13.14 13.58 11.17 9.34 9.34 9.34 9.86 10.51 10.29 9.78 9.78 10.07 10.07 10.07 11.46 11.97
11.10 9.56 10.07 7.96 8.10 7.96 7.96 6.79 5.55 5.48 5.48 4.67 5.55 7.37 6.64 8.91 8.76 5.69 8.40 8.83 8.83 7.23 6.20 5.62 6.06 5.91 5.55 5.04 3.50 2.85 3.36 3.43 4.02 4.45 5.33 5.91 5.48 3.72 1.97 2.41 0.22 0.15 0.95 0.58 0.58 0.58 0.73 4.02 7.74 9.42 7.52 6.42 4.67 4.96 4.67 5.48 5.77 5.91 7.23 9.34 11.61 11.24 13.51 15.99 15.70 17.45 15.18 12.70 13.07 11.61 11.61 10.22 9.56 11.32 12.05 12.05 12.78 11.02 10.88 10.73 10.95 10.73
11.10 9.56 10.07 7.96 8.10 7.96 7.96 6.79 5.55 5.48 5.48 4.67 5.55 7.37 6.64 8.91 8.76 5.69 8.40 8.83 8.83 7.23 6.20 5.62 6.06 5.91 5.55 5.04 3.50 2.85 3.36 3.43 4.02 4.45 5.33 5.91 5.48 3.72 1.97 2.41 0.22 0.15 0.95 0.58 0.58 0.58 0.73 4.02 7.74 9.42 7.52 6.42 4.67 4.96 4.67 5.48 5.77 5.91 7.23 9.34 11.61 11.24 13.51 15.99 15.70 17.45 15.18 12.70 13.07 11.61 11.61 10.22 9.56 11.32 12.05 12.05 12.78 11.02 10.88 10.73 10.95 10.73
8.40 10.59 6.57 6.86 7.30 7.37 7.01 6.13 5.62 5.40 4.82 4.23 4.45 5.04 4.60 4.96 5.33 8.03 5.91 8.91 8.91 7.88 6.42 7.15 5.84 4.53 3.72 4.02 3.50 3.50 4.09 3.21 3.65 3.94 4.89 5.26 6.28 5.04 2.41 2.34 1.90 2.12 1.24 0.29 3.87 3.87 5.77 5.77 5.40 5.40 6.20 5.26 7.59 7.01 7.37 6.13 6.57 7.37 7.30 8.03 10.15 11.90 11.10 14.24 10.73 13.51 14.09 13.29 11.53 11.53 11.53 11.53 13.29 13.29 13.29 13.21 13.21 12.41 11.32 11.24 11.97 12.70
6.28 6.50 5.55 6.28 5.91 6.06 6.64 6.64 6.20 4.53 4.09 0.00 4.16 3.50 5.62 3.87 5.40 4.45 7.15 6.50 6.50 6.94 6.64 7.96 6.28 5.11 3.36 3.80 3.58 3.94 4.09 4.96 4.23 4.67 5.91 5.48 6.72 5.18 4.38 3.65 3.50 3.29 3.36 3.07 3.29 3.29 3.80 4.16 4.96 4.45 8.54 8.18 8.76 9.64 9.93 8.98 9.13 7.37 7.30 7.96 7.74 8.40 6.64 6.72 8.03 7.01 9.71 9.27 10.73 12.56 12.56 12.63 14.67 14.97 15.55 13.21 11.97 12.05 15.33 14.97 14.89 12.34
6.35 6.35 6.50 5.40 5.11 5.55 5.55 5.48 4.09 0.00 0.00 0.00 5.11 3.87 3.43 5.04 2.92 3.50 6.20 6.50 6.50 6.79 8.61 6.86 5.18 5.69 3.80 4.31 4.09 3.80 3.80 4.96 4.31 4.23 4.53 4.31 4.53 4.38 4.31 4.89 4.74 3.80 2.70 3.50 3.14 3.14 4.31 4.45 4.74 6.42 7.96 7.37 9.34 8.32 9.34 7.15 7.74 6.50 8.03 8.61 8.32 8.69 7.01 7.30 6.20 6.86 10.37 14.97 13.80 16.79 16.79 18.91 19.56 15.99 14.24 14.53 12.78 14.89 14.31 15.33 13.94 14.75
6.35 6.35 6.50 5.40 5.11 5.55 5.55 5.48 4.09 0.00 0.00 0.00 5.11 3.87 3.43 5.04 2.92 3.50 6.20 6.50 6.50 6.79 8.61 6.86 5.18 5.69 3.80 4.31 4.09 3.80 3.80 4.96 4.31 4.23 4.53 4.31 4.53 4.38 4.31 4.89 4.74 3.80 2.70 3.50 3.14 3.14 4.31 4.45 4.74 6.42 7.96 7.37 9.34 8.32 9.34 7.15 7.74 6.50 8.03 8.61 8.32 8.69 7.01 7.30 6.20 6.86 10.37 14.97 13.80 16.79 16.79 18.91 19.56 15.99 14.24 14.53 12.78 14.89 14.31 15.33 13.94 14.75
5.84 6.06 6.28 5.99 6.35 5.84 5.40 4.60 5.40 5.84 6.28 5.91 7.59 7.30 4.74 5.55 8.61 7.59 7.52 6.72 6.72 10.66 9.93 7.52 6.50 5.26 4.38 4.60 3.72 3.58 4.67 4.67 4.67 4.53 4.82 4.31 4.02 5.69 5.26 5.11 5.26 5.62 5.40 5.04 3.94 3.94 3.50 3.50 4.38 5.04 6.20 6.86 8.25 7.74 7.81 4.96 6.13 5.77 8.32 10.00 10.00 9.56 9.71 8.61 8.32 10.73 10.44 14.45 18.54 17.45 17.45 21.02 21.17 21.53 19.86 12.85 13.80 11.83 13.21 12.41 13.87 11.46
6.35 5.62 5.62 5.11 5.62 5.55 4.74 5.18 6.13 5.91 7.59 7.23 5.99 9.34 10.95 10.51 10.66 9.20 11.32 9.13 9.13 11.17 7.37 8.10 6.64 5.48 4.74 3.58 3.72 3.50 3.07 5.77 6.13 8.25 6.35 5.11 5.48 5.91 5.33 3.65 3.80 3.72 4.53 3.21 2.63 2.63 2.26 3.58 4.60 5.69 5.48 6.28 6.06 4.38 4.09 4.02 5.69 5.84 8.47 8.32 7.08 9.13 8.69 9.13 11.61 11.75 11.39 15.11 18.32 20.95 20.95 20.15 22.78 20.66 21.46 16.64 13.72 14.53 9.86 4.96 13.07 9.86
5.11 5.04 5.69 4.96 4.89 5.48 5.48 5.26 5.55 6.86 7.01 7.96 8.03 8.69 9.86 7.66 9.42 11.46 8.98 9.20 9.20 8.25 7.01 7.01 6.64 6.13 5.91 4.89 4.82 5.69 4.38 7.59 8.25 8.98 7.37 6.28 4.23 3.36 3.58 2.63 2.41 2.99 2.26 3.72 2.77 2.77 4.16 4.16 5.04 5.62 7.37 7.01 7.37 6.20 6.57 5.18 5.04 4.89 5.48 6.28 6.13 7.01 6.64 9.93 10.07 10.07 14.60 14.24 14.75 18.76 18.76 20.73 19.86 19.93 14.67 15.70 8.83 8.98 10.15 1.02 0.00 3.43
5.40 5.18 5.33 4.89 4.96 6.06 5.77 5.77 4.31 4.74 4.23 7.23 4.89 6.13 4.53 6.06 7.66 8.47 8.91 8.10 8.10 6.79 5.84 5.99 6.06 6.06 6.28 6.50 6.42 6.50 6.64 6.86 7.96 8.91 7.88 6.06 4.23 2.77 3.29 3.36 2.63 1.53 4.53 4.89 4.82 4.82 5.26 5.33 4.38 4.09 5.84 5.11 6.06 5.84 7.15 5.69 5.11 4.74 4.96 5.77 4.23 4.09 4.38 6.79 8.10 8.18 9.27 13.43 16.21 15.18 15.18 19.56 18.47 19.49 12.19 7.81 7.66 8.47 0.22 3.21 0.00 4.02
5.40 5.18 5.33 4.89 4.96 6.06 5.77 5.77 4.31 4.74 4.23 7.23 4.89 6.13 4.53 6.06 7.66 8.47 8.91 8.10 8.10 6.79 5.84 5.99 6.06 6.06 6.28 6.50 6.42 6.50 6.64 6.86 7.96 8.91 7.88 6.06 4.23 2.77 3.29 3.36 2.63 1.53 4.53 4.89 4.82 4.82 5.26 5.33 4.38 4.09 5.84 5.11 6.06 5.84 7.15 5.69 5.11 4.74 4.96 5.77 4.23 4.09 4.38 6.79 8.10 8.18 9.27 13.43 16.21 15.18 15.18 19.56 18.47 19.49 12.19 7.81 7.66 8.47 0.22 3.21 0.00 4.02
5.69 6.42 6.57 5.77 6.50 6.06 6.57 4.82 4.23 4.38 3.07 2.70 4.09 4.60 4.23 5.33 7.23 6.72 7.23 5.33 5.33 5.91 4.74 4.74 4.60 4.23 5.91 5.62 5.91 5.77 6.06 6.20 7.96 8.10 8.25 7.23 4.89 3.87 2.56 3.58 3.21 4.16 4.96 4.53 3.94 3.94 3.80 2.85 3.58 3.21 3.36 4.60 5.18 4.96 3.80 3.50 4.67 3.21 4.09 4.23 4.38 9.42 9.05 8.25 12.34 9.05 8.69 9.93 14.60 20.66 20.66 19.42 18.83 12.05 14.31 8.25 8.83 8.69 4.23 0.00 0.00 0.00
6.42 6.94 6.42 5.62 5.40 6.35 7.01 6.57 2.99 2.12 3.36 2.41 4.23 6.57 7.30 7.52 8.76 6.79 5.40 4.67 4.67 4.89 3.87 3.14 3.36 3.87 5.04 5.55 5.77 6.06 7.08 6.57 8.40 10.15 8.40 6.79 4.60 5.11 3.21 1.68 0.58 1.31 2.77 2.48 3.72 3.72 2.77 3.94 3.43 2.56 3.21 2.77 2.34 2.34 1.39 1.83 2.48 2.12 4.53 6.50 5.55 11.10 17.30 15.33 16.28 13.65 10.07 10.66 12.41 21.17 21.17 19.64 21.02 12.99 6.86 6.86 8.32 4.09 5.77 0.00 1.83 1.02
6.06 7.45 6.06 5.26 5.91 6.72 7.81 4.67 4.02 4.16 4.09 2.56 4.82 5.77 6.28 6.57 6.94 7.37 6.28 5.99 5.99 5.84 4.60 3.58 3.80 3.94 3.94 5.33 6.13 6.79 5.91 7.23 7.15 5.04 5.62 6.20 3.14 2.34 0.51 1.10 1.02 0.29 0.73 1.53 2.85 2.85 5.26 5.55 3.80 2.99 4.02 3.50 4.31 2.34 2.92 1.61 2.34 1.83 4.53 6.50 9.86 11.46 16.06 17.96 14.60 15.18 12.05 15.40 14.60 19.64 19.64 17.45 6.57 8.91 4.31 2.63 2.56 0.88 0.00 0.07 0.00 1.75
8.10 8.03 7.74 6.94 7.01 7.45 7.23 6.13 6.28 4.31 5.62 5.69 5.40 4.89 5.26 6.35 5.69 7.01 6.94 6.50 6.50 6.64 5.62 8.10 5.99 6.13 6.13 5.40 7.23 6.86 4.82 3.94 4.16 3.65 4.16 3.36 2.56 2.04 1.68 0.00 0.00 0.00 1.90 4.16 6.13 6.13 5.84 6.13 6.57 7.23 6.86 5.77 5.77 5.48 5.62 3.58 7.59 7.81 7.66 7.66 8.98 12.41 12.19 10.51 12.85 12.41 11.90 14.89 13.65 7.01 7.01 14.16 3.43 0.88 0.88 1.68 0.00 0.29 0.00 0.95 0.95 1.10
6.28 7.37 6.42 5.99 7.59 6.94 7.08 6.28 4.82 5.62 6.35 5.91 7.37 7.37 7.59 6.94 7.74 7.59 7.81 8.91 8.91 10.66 10.29 11.17 9.49 11.61 10.37 8.40 6.86 8.03 7.01 5.11 4.53 3.43 3.07 3.14 2.56 1.75 0.00 0.00 0.00 1.02 2.34 3.72 4.16 4.16 1.90 3.50 3.65 3.58 5.99 2.48 4.02 4.96 3.80 3.43 7.01 10.22 8.54 8.91 7.81 4.82 7.52 7.52 6.94 10.07 8.91 9.34 10.22 5.18 5.18 3.94 3.21 1.31 1.24 1.39 0.15 0.00 0.00 0.00 0.00 0.58
6.28 7.37 6.42 5.99 7.59 6.94 7.08 6.28 4.82 5.62 6.35 5.91 7.37 7.37 7.59 6.94 7.74 7.59 7.81 8.91 8.91 10.66 10.29 11.17 9.49 11.61 10.37 8.40 6.86 8.03 7.01 5.11 4.53 3.43 3.07 3.14 2.56 1.75 0.00 0.00 0.00 1.02 2.34 3.72 4.16 4.16 1.90 3.50 3.65 3.58 5.99 2.48 4.02 4.96 3.80 3.43 7.01 10.22 8.54 8.91 7.81 4.82 7.52 7.52 6.94 10.07 8.91 9.34 10.22 5.18 5.18 3.94 3.21 1.31 1.24 1.39 0.15 0.00 0.00 0.00 0.00 0.58
7.08 4.74 4.02 4.45 6.06 5.91 0.00 4.53 6.06 6.28 6.50 7.88 8.61 9.34 9.64 8.32 10.00 10.51 10.00 10.07 10.07 11.68 12.70 11.97 12.56 12.41 10.73 10.37 10.29 9.20 7.59 5.40 4.16 3.21 1.97 1.24 0.80 0.80 0.00 0.00 0.00 0.00 1.61 1.10 0.80 0.80 1.17 0.00 0.00 0.00 0.00 0.00 0.00 0.00 2.26 2.56 4.23 4.45 5.69 0.00 3.87 4.16 0.00 5.11 5.91 5.69 7.59 6.28 7.45 4.89 4.89 4.96 5.77 3.65 2.56 1.68 1.75 0.00 0.00 0.00 0.00 0.00
5.04 4.74 4.02 5.91 6.06 3.87 4.74 5.77 9.56 9.78 10.07 10.15 9.78 9.42 8.03 8.69 9.42 8.40 8.98 9.56 9.56 10.15 8.25 10.07 11.10 10.65 9.98 11.05 7.01 8.03 7.30 6.50 4.89 3.21 1.83 0.80 0.00 0.00 0.00 0.22 0.80 1.24 1.17 1.24 0.95 0.95 0.51 0.00 0.00 0.00 0.00 0.00 0.00 0.00 0.00 0.00 3.58 1.39 1.75 0.00 0.00 0.00 0.00 4.45 5.26 4.53 6.64 5.33 3.87 4.96 4.96 4.67 5.77 3.72 4.02 2.26 0.95 1.53 0.00 0.00 0.22 0.07
6.57 6.72 7.01 6.35 5.48 6.28 5.55 9.56 10.22 10.59 11.68 10.15 8.54 8.98 7.96 6.13 7.96 5.69 5.33 5.84 5.84 5.11 6.64 8.69 9.56 10.89 11.75 9.16 10.31 8.13 7.52 5.84 4.82 2.26 2.92 0.66 1.83 0.73 0.00 0.00 1.31 1.53 0.66 0.37 0.07 0.07 0.22 0.00 0.00 0.00 0.00 0.00 0.00 0.00 0.00 0.00 0.80 0.00 0.00 0.00 0.00 0.00 0.00 0.00 0.00 0.00 0.00 0.00 3.29 5.11 5.11 5.33 5.26 4.67 3.80 3.14 2.41 2.41 3.14 3.29 1.17 0.58
7.23 8.25 7.45 8.25 9.49 10.73 11.24 11.24 9.20 10.80 10.22 8.54 6.86 0.00 8.32 4.23 0.00 0.00 5.69 5.62 5.62 6.13 7.59 7.04 8.13 9.78 8.93 10.29 9.35 10.69 9.48 6.93 5.69 4.23 6.64 3.58 4.53 1.61 0.29 0.00 0.00 1.97 1.46 0.51 1.02 1.02 0.00 0.00 0.00 0.00 0.00 0.00 0.00 0.00 0.00 0.00 0.00 0.00 0.00 0.00 0.00 0.00 0.00 0.00 3.36 0.00 3.36 4.02 3.50 7.45 7.45 10.15 5.69 5.77 5.84 4.96 2.77 4.09 3.94 2.70 2.85 2.34
9.64 10.51 9.27 8.03 10.37 11.39 11.53 12.12 11.17 8.10 9.27 6.57 0.00 0.00 0.00 0.00 0.00 4.02 4.67 8.40 8.40 7.41 6.27 6.30 6.62 8.10 7.34 9.71 8.58 9.52 9.79 9.44 7.70 8.32 7.74 7.23 7.96 5.33 6.28 1.83 2.12 2.26 1.53 0.44 0.66 0.66 0.00 0.00 0.00 0.00 0.00 0.00 0.00 0.00 0.00 0.00 0.00 0.00 0.00 0.00 0.00 0.00 0.00 2.19 4.16 5.18 4.67 8.61 10.15 9.20 9.20 11.32 8.32 6.86 7.30 4.96 4.23 3.94 4.16 3.21 2.92 3.43
9.64 10.51 9.27 8.03 10.37 11.39 11.53 12.12 11.17 8.10 9.27 6.57 0.00 0.00 0.00 0.00 0.00 4.02 4.67 8.40 8.44 7.66 6.36 6.74 6.46 8.31 7.23 9.71 8.32 8.85 9.14 9.58 7.78 8.67 8.69 7.65 8.16 5.33 6.28 1.83 2.12 2.26 1.53 0.44 0.66 0.66 0.00 0.00 0.00 0.00 0.00 0.00 0.00 0.00 0.00 0.00 0.00 0.00 0.00 0.00 0.00 0.00 0.00 2.19 4.16 5.18 4.67 8.61 10.15 9.20 9.20 11.32 8.32 6.86 7.30 4.96 4.23 3.94 4.16 3.21 2.92 3.43
10.44 10.37 10.00 9.86 10.44 11.32 11.02 12.48 12.19 9.93 9.93 7.08 8.25 0.00 0.00 0.00 0.00 4.16 10.88 11.39 11.39 7.74 5.55 3.65 4.18 3.63 5.91 6.49 8.26 7.92 9.71 9.61 9.66 9.15 10.36 12.21 8.73 7.56 7.52 4.96 2.48 1.10 1.97 0.58 0.00 0.00 0.00 0.00 0.00 0.00 0.00 0.00 0.00 0.00 0.00 0.00 0.00 0.00 0.00 0.00 0.00 0.00 0.00 0.00 3.94 6.64 9.13 8.69 10.15 10.22 10.22 8.61 9.42 7.01 4.02 4.31 4.16 5.62 5.62 3.65 4.82 3.72
8.25 7.88 9.64 9.93 8.47 7.96 9.71 11.32 12.85 11.17 13.43 10.73 9.93 5.99 4.82 9.42 12.48 13.29 13.51 12.70 12.70 10.34 6.28 0.00 0.00 0.00 3.96 4.30 5.69 6.43 10.13 9.66 10.22 11.02 11.02 12.58 11.01 8.60 9.86 6.24 4.60 5.91 3.80 1.61 0.29 0.29 0.66 0.22 1.53 1.10 0.00 0.00 0.00 0.00 0.00 0.00 0.00 0.00 0.00 0.00 0.00 0.00 0.00 0.00 0.00 6.20 8.47 8.54 8.69 8.40 8.40 10.29 7.81 8.61 6.13 6.20 5.84 6.42 6.64 7.96 6.28 5.40
4.67 6.72 5.77 4.89 5.91 7.01 4.38 6.94 9.13 8.18 10.51 8.83 8.61 9.64 8.76 8.98 9.93 11.24 11.24 6.42 6.42 6.28 6.57 4.45 0.00 0.00 2.41 0.00 2.34 4.72 7.42 11.45 10.66 11.61 12.70 12.41 13.52 13.55 12.51 9.64 10.29 8.47 6.42 4.23 1.83 1.83 2.12 0.66 0.58 1.31 2.34 2.19 0.00 0.00 0.00 0.00 0.00 0.00 0.00 0.00 0.00 0.00 0.00 0.00 0.00 0.00 4.09 6.35 7.15 5.99 5.99 10.44 8.54 5.62 6.13 3.21 5.48 7.23 6.94 8.61 9.42 8.40
3.50 5.18 2.70 3.43 2.70 2.41 2.48 4.31 6.28 7.23 8.25 7.74 8.10 8.54 8.18 8.69 8.91 5.91 4.96 4.23 4.23 4.45 3.50 4.89 4.74 4.74 0.00 0.00 2.19 0.00 5.04 5.69 6.72 11.17 13.36 14.09 15.33 15.11 15.86 12.56 13.63 11.06 7.23 4.67 5.33 5.33 3.29 1.46 1.97 0.73 1.53 2.04 0.00 0.00 0.00 0.00 0.00 0.00 0.00 0.00 0.51 0.00 0.00 0.88 0.00 0.00 0.00 3.80 5.18 6.86 6.86 6.42 9.13 4.53 2.56 2.19 1.53 6.13 8.98 8.32 9.64 8.47
1.53 4.89 5.40 1.68 1.90 1.90 2.56 2.85 5.33 6.86 7.82 8.47 9.27 9.49 8.54 7.52 4.67 4.96 3.72 2.56 2.56 2.34 3.29 5.69 6.64 7.15 6.13 5.33 3.87 4.42 4.38 4.31 4.67 7.37 6.42 11.75 17.52 20.15 18.61 16.64 18.90 13.55 10.64 8.47 9.20 9.20 5.11 2.41 3.14 1.17 2.48 2.12 1.75 1.02 1.31 0.00 0.00 0.00 0.00 0.00 0.00 0.00 0.00 0.73 0.00 0.00 0.00 0.00 0.00 4.53 4.53 2.19 2.63 2.63 0.80 1.31 1.02 1.39 2.77 7.96 7.74 8.40
1.46 3.72 2.92 2.85 2.99 3.14 6.13 8.61 8.32 5.11 7.26 6.28 8.47 4.23 3.94 3.14 3.14 1.46 1.46 2.56 2.56 1.97 3.07 4.53 4.67 6.72 6.79 7.08 6.42 5.11 4.22 5.82 5.52 6.09 5.64 8.83 8.40 20.37 18.03 17.48 20.15 18.25 16.15 11.39 11.75 11.75 8.54 5.40 8.40 4.09 4.89 2.56 2.99 1.97 0.00 0.00 0.00 0.00 0.00 0.00 0.00 0.00 0.00 0.00 0.00 0.00 0.00 0.00 0.00 0.00 0.00 0.00 0.00 0.00 0.00 0.58 0.66 0.00 0.51 0.00 0.00 4.23
1.46 3.72 2.92 2.85 2.99 3.14 6.13 8.61 8.32 5.11 7.08 6.28 8.47 4.23 3.94 3.14 3.14 1.46 1.46 2.57 2.56 1.97 3.07 4.53 4.67 6.72 6.79 7.08 6.42 5.11 4.16 5.62 5.33 6.06 5.48 8.83 8.44 20.47 18.03 17.39 20.35 18.25 15.99 11.39 11.75 11.75 8.54 5.40 8.40 4.09 4.89 2.56 2.99 1.97 0.00 0.00 0.00 0.00 0.00 0.00 0.00 0.00 0.00 0.00 0.00 0.00 0.00 0.00 0.00 0.00 0.00 0.00 0.00 0.00 0.00 0.58 0.66 0.00 0.51 0.00 0.00 4.23
7.66 8.03 5.33 3.72 4.60 4.23 7.88 9.64 9.71 6.74 7.71 5.77 3.72 3.87 3.58 2.85 1.75 1.39 1.46 1.61 1.61 3.36 0.00 0.00 0.00 3.72 5.77 6.64 7.15 6.79 7.52 7.01 6.94 6.28 5.99 6.79 8.40 7.96 11.90 13.29 16.29 19.05 17.01 13.65 13.21 13.21 12.78 13.29 11.53 7.88 8.54 4.16 5.11 1.83 0.00 0.00 0.00 0.00 0.00 0.00 0.00 0.00 0.00 0.00 0.95 0.00 0.00 0.00 0.00 0.00 0.00 0.00 0.00 0.00 0.00 0.00 0.00 0.00 0.00 0.00 0.00 0.00
