Wansh/Snow_depth/snowdepth-1997/winter/1998059.txt
ncols 321
nrows 161
xllcenter 60
yllcenter 15 
cellsize  0.25 
NODATA_value -1
[rows 37 to 73 of 161, columns 0 to 82 of 321]
8.25 8.25 9.13 11.46 11.75 13.14 14.16 13.94 8.40 7.52 5.99 6.35 7.08 8.03 8.18 9.34 9.13 9.13 8.40 9.71 11.53 13.21 13.14 12.92 7.96 7.23 7.23 8.47 7.81 9.49 7.01 6.28 7.59 7.52 8.54 9.05 8.61 8.69 8.47 10.22 11.32 10.29 10.15 10.22 10.59 10.22 11.24 10.95 10.80 12.05 11.68 11.68 12.48 13.58 12.05 12.56 12.12 13.29 14.53 13.80 13.43 13.65 14.53 14.97 16.21 17.45 17.59 15.91 15.48 13.29 13.14 14.97 17.01 21.39 22.41 24.67 24.67 23.36 25.92 25.26 27.67 23.51 23.36
5.48 5.48 8.76 10.15 10.22 12.12 13.14 12.41 8.61 7.81 7.66 6.86 8.10 8.03 7.96 8.10 9.20 10.51 9.64 11.17 11.75 11.75 9.56 10.44 8.10 6.50 6.50 8.69 9.34 7.96 8.10 8.54 8.40 9.34 10.00 10.07 8.83 10.80 11.61 10.73 12.26 10.66 9.78 9.49 10.29 10.80 12.05 12.12 11.17 10.80 12.41 12.41 14.16 13.65 12.56 12.05 13.07 12.41 12.34 11.68 11.46 12.34 12.12 13.36 15.11 17.16 16.72 15.91 15.11 15.40 14.09 18.03 16.35 17.45 17.74 21.97 21.97 24.75 25.92 27.01 27.52 27.16 22.70
4.31 4.31 7.88 9.34 8.83 10.37 9.20 10.95 7.81 8.25 10.22 10.07 8.54 7.81 8.83 9.86 10.66 10.73 10.66 12.85 12.26 13.14 11.02 8.69 6.57 6.50 6.50 8.54 9.42 9.93 10.22 9.93 8.47 9.93 8.91 10.29 9.71 10.59 11.90 12.26 12.12 12.19 12.05 9.64 9.56 10.80 13.07 13.43 12.12 10.44 10.73 10.73 13.51 12.41 12.85 10.44 10.73 11.75 11.32 11.46 10.15 10.73 11.02 12.63 14.82 16.21 15.91 16.94 16.94 18.98 19.86 18.69 22.12 18.54 19.42 15.99 15.99 21.61 19.20 25.40 19.27 25.99 19.13
7.15 7.15 6.79 7.96 9.56 9.42 9.27 6.13 8.61 9.71 11.17 11.24 11.02 11.61 9.49 10.22 10.51 11.39 11.90 11.61 14.60 13.72 10.95 10.44 7.88 7.08 7.08 9.42 8.91 8.18 9.78 7.52 8.47 8.40 7.96 7.23 9.78 9.42 10.00 13.29 13.36 13.58 13.29 12.99 11.02 13.21 12.56 14.31 13.80 11.83 11.10 11.10 10.95 10.80 9.05 7.37 7.52 7.23 8.61 10.37 11.39 10.44 9.49 12.05 14.60 16.50 20.59 21.53 22.63 21.90 20.73 24.82 23.87 23.29 24.31 18.54 18.54 14.09 14.97 19.71 18.18 18.03 11.17
8.10 8.10 8.25 12.85 13.72 12.56 13.72 8.47 8.18 10.59 11.46 12.63 14.38 13.14 11.83 10.59 10.80 9.78 10.22 11.68 11.75 11.97 13.72 11.10 8.69 8.25 8.25 7.01 6.13 5.77 7.88 4.67 7.88 6.64 7.01 4.96 8.69 8.32 7.37 7.01 11.39 13.65 15.04 15.84 16.06 15.40 14.67 14.24 14.31 12.56 11.10 11.10 10.59 10.66 10.59 7.08 5.11 4.67 5.84 7.66 10.80 12.05 13.07 16.13 15.40 23.87 21.61 22.70 23.58 24.67 22.34 24.38 24.02 25.55 22.12 19.49 19.49 14.45 13.36 14.02 12.05 13.14 13.14
9.05 9.05 9.71 14.53 15.26 16.43 16.35 10.22 9.27 12.63 12.56 15.26 14.24 14.45 12.85 12.70 11.17 9.93 11.39 11.90 12.56 10.07 10.51 10.66 9.49 9.05 9.05 5.04 6.42 4.23 4.67 3.65 0.00 2.77 3.29 3.14 2.99 5.11 6.28 9.78 8.98 14.75 18.47 17.23 18.03 16.21 17.30 15.62 14.09 14.60 11.83 11.83 11.75 11.61 7.96 9.20 5.40 2.56 3.87 8.47 7.37 12.70 14.09 18.32 22.41 25.04 24.38 24.67 24.09 22.12 22.92 19.64 21.02 17.81 19.20 11.17 11.17 12.12 11.02 10.88 16.06 18.32 22.27
12.12 12.12 14.75 12.92 18.03 17.45 18.25 14.97 14.24 15.62 17.16 17.30 15.70 15.11 14.60 12.92 13.14 11.75 11.83 11.32 6.64 8.32 9.71 10.15 8.40 8.98 8.98 4.23 4.60 2.92 0.00 0.00 0.00 3.36 3.29 2.70 2.77 3.21 5.99 8.91 10.80 10.51 17.23 16.21 15.91 16.35 16.06 16.50 15.48 15.62 12.92 12.92 13.36 13.80 12.41 7.59 13.43 6.79 4.23 7.81 9.05 13.43 16.50 20.22 19.42 23.51 24.31 24.75 23.58 22.63 17.89 19.05 11.17 12.99 13.43 7.59 7.59 4.53 3.50 5.26 12.48 19.56 23.29
6.06 6.06 9.93 8.10 14.09 17.96 16.43 13.29 11.39 15.04 16.50 17.08 13.14 13.87 14.82 13.29 8.32 8.69 1.83 4.38 3.50 6.28 5.40 8.91 2.12 1.68 1.68 1.53 2.34 0.73 0.95 3.94 4.96 5.11 3.29 3.29 4.02 4.38 4.89 5.69 0.00 0.00 0.00 13.21 13.65 16.28 16.57 17.37 17.30 18.25 21.02 21.02 24.53 25.70 26.43 23.94 18.91 14.09 12.70 11.97 12.05 12.48 15.77 17.52 23.14 23.21 23.43 23.58 20.22 15.77 17.01 6.86 8.03 1.61 2.19 0.80 0.80 0.00 0.58 0.00 5.04 10.15 20.51
1.68 1.68 5.40 3.87 9.56 12.05 7.88 3.94 7.74 12.26 13.72 8.69 9.27 12.26 12.70 4.02 1.31 3.58 0.00 0.15 3.87 2.85 1.46 5.18 0.00 0.00 0.00 0.00 0.00 0.00 0.00 4.31 6.35 7.08 7.23 4.96 4.74 5.55 4.74 4.82 0.00 0.00 0.00 10.51 11.32 16.43 17.59 19.20 20.08 20.44 21.32 21.32 26.79 29.71 27.01 22.56 24.09 17.81 14.89 17.01 19.56 23.65 27.23 27.89 25.62 23.94 22.92 24.09 22.19 16.57 15.48 8.10 13.21 4.31 5.26 3.50 3.50 0.37 0.51 13.14 16.43 22.48 20.37
1.68 1.68 5.40 3.87 9.56 12.05 7.88 3.94 7.74 12.26 13.72 8.69 9.27 12.26 12.70 4.02 1.31 3.58 0.00 0.15 3.87 2.85 1.46 5.18 0.00 0.00 0.00 0.00 0.00 0.00 0.00 4.31 6.35 7.08 7.23 4.96 4.74 5.55 4.74 4.82 0.00 0.00 0.00 10.51 11.32 16.43 17.59 19.20 20.08 20.44 21.32 21.32 26.79 29.71 27.01 22.56 24.09 17.81 14.89 17.01 19.56 23.65 27.23 27.89 25.62 23.94 22.92 24.09 22.19 16.57 15.48 8.10 13.21 4.31 5.26 3.50 3.50 0.37 0.51 13.14 16.43 22.48 20.37
0.00 0.00 0.00 0.66 4.96 0.00 3.50 4.89 0.95 5.91 2.70 3.07 2.77 5.40 0.00 0.00 0.00 0.00 0.00 0.00 0.00 0.00 0.00 0.00 0.00 0.00 0.00 0.00 0.00 0.00 0.00 0.00 6.42 8.10 7.37 6.79 6.79 7.96 7.30 2.26 0.00 0.00 0.00 0.00 12.26 15.26 18.69 20.59 23.36 24.02 28.03 28.03 27.16 31.46 31.10 28.91 22.12 23.94 16.94 15.04 15.33 20.15 28.47 30.22 28.47 27.08 23.51 23.94 17.96 17.23 18.18 17.01 10.95 14.97 8.47 13.87 13.87 4.82 18.69 18.18 20.81 24.53 24.38
0.00 0.00 0.00 0.00 0.00 0.00 0.00 0.00 0.00 0.00 0.00 0.00 0.00 0.00 0.00 0.00 0.00 0.00 0.00 0.00 0.00 0.00 0.00 0.00 0.00 0.00 0.00 0.00 0.00 0.00 0.00 0.00 5.11 7.74 0.00 8.03 9.64 9.42 9.20 6.72 2.77 0.00 0.00 0.00 0.00 11.02 14.75 19.64 22.85 25.99 28.03 28.03 29.78 29.86 30.00 30.22 27.38 21.17 16.28 13.43 15.70 14.82 21.10 28.11 21.46 24.60 22.85 14.38 13.29 14.67 5.26 13.87 16.21 16.06 13.14 16.28 16.28 14.02 22.41 21.17 22.12 26.94 26.65
0.00 0.00 0.00 0.00 0.00 0.00 0.00 0.00 0.00 0.00 0.00 0.00 0.00 0.00 0.00 0.00 0.00 0.00 0.00 0.00 0.00 0.00 0.00 0.00 0.00 0.00 0.00 0.00 0.00 0.00 0.00 0.00 7.01 0.00 0.00 0.00 8.83 8.61 7.74 7.81 5.18 4.53 6.50 7.96 7.66 10.22 13.07 15.77 19.35 21.97 25.92 25.92 20.59 18.18 17.16 18.10 17.89 18.03 16.86 12.92 11.83 13.72 10.66 14.67 18.18 6.13 4.16 6.35 6.28 0.00 4.67 7.96 16.94 19.42 20.66 24.02 24.02 26.13 26.28 25.04 29.35 28.76 31.03
0.00 0.00 0.00 0.00 0.00 0.00 0.00 0.00 0.00 0.00 0.00 0.00 0.00 0.00 0.00 0.00 0.00 0.00 0.00 0.00 0.00 0.00 0.00 0.00 0.00 0.00 0.00 0.00 0.00 0.00 0.00 0.00 0.00 0.00 0.00 0.00 0.00 7.30 7.52 10.59 9.78 11.75 9.34 11.10 12.05 12.56 12.41 13.43 15.40 18.98 17.81 17.81 16.28 16.50 14.67 14.16 14.67 13.87 12.48 12.70 10.88 11.32 9.34 8.61 10.29 0.00 0.00 0.00 0.00 0.00 0.00 0.00 16.79 22.78 22.34 26.28 26.28 27.59 28.32 23.87 25.04 24.90 21.50
0.00 0.00 0.00 0.00 0.00 0.00 0.00 0.00 0.00 0.00 0.00 0.00 0.00 0.00 0.00 0.00 0.00 0.00 0.00 0.00 0.00 0.00 0.00 0.00 0.00 0.00 0.00 0.00 0.00 0.00 0.00 0.00 0.00 0.00 0.00 0.00 0.00 0.00 7.66 11.32 12.63 9.56 10.51 10.73 11.75 12.26 11.75 11.83 12.48 16.21 16.21 16.21 14.45 14.82 14.02 14.09 14.82 15.84 19.56 18.61 14.53 8.98 6.57 6.13 5.55 0.00 0.00 0.00 0.00 0.00 0.00 9.05 12.56 14.97 17.96 21.75 21.75 23.87 14.67 17.23 17.30 9.13 18.03
0.00 0.00 0.00 0.00 0.00 0.00 0.00 0.00 0.00 0.00 0.00 0.00 0.00 0.00 0.00 0.00 0.00 0.00 0.00 0.00 0.00 0.00 0.00 0.00 0.00 0.00 0.00 0.00 0.00 0.00 0.00 0.00 0.00 0.00 0.00 0.00 0.00 8.40 8.40 10.15 12.70 9.34 7.96 10.07 10.37 10.73 10.59 10.88 13.43 12.63 14.53 14.53 12.12 13.72 16.13 16.86 18.91 20.88 20.44 22.48 20.51 15.70 17.30 11.68 9.05 4.96 9.20 0.00 13.65 0.00 12.41 9.49 16.79 15.70 14.09 16.06 16.06 18.10 8.61 11.17 11.90 7.15 7.74
0.00 0.00 0.00 0.00 0.00 0.00 0.00 0.00 0.00 0.00 0.00 0.00 0.00 0.00 0.00 0.00 0.00 0.00 0.00 0.00 0.00 0.00 0.00 0.00 0.00 0.00 0.00 0.00 0.00 0.00 0.00 0.00 0.00 0.00 0.00 0.00 0.00 7.52 11.24 10.66 11.68 10.44 8.61 10.66 11.61 12.78 10.51 9.86 11.75 12.12 9.93 9.93 11.39 12.19 14.38 15.77 17.16 19.56 22.63 25.04 25.04 21.97 21.02 18.10 22.05 21.10 18.25 22.92 15.70 17.37 15.11 15.62 16.64 12.70 8.76 3.80 3.80 3.43 3.36 6.13 7.74 7.01 5.69
0.00 0.00 0.00 0.00 0.00 0.00 0.00 0.00 0.00 0.00 0.00 0.00 0.00 0.00 0.00 0.00 0.00 0.00 0.00 0.00 0.00 0.00 0.00 0.00 0.00 0.00 0.00 0.00 0.00 0.00 0.00 0.00 0.00 0.00 0.00 0.00 0.00 7.81 8.10 12.41 9.78 10.66 8.98 10.73 11.61 12.85 13.80 11.17 11.24 9.27 10.15 10.15 11.32 12.78 14.53 17.08 16.72 18.32 19.64 19.71 21.90 23.87 22.78 23.80 23.58 22.78 25.48 24.82 23.58 21.46 12.19 12.34 7.81 6.72 1.31 1.46 1.46 1.31 0.07 2.77 5.18 0.00 6.42
0.00 0.00 0.00 0.00 0.00 0.00 0.00 0.00 0.00 0.00 0.00 0.00 0.00 0.00 0.00 0.00 0.00 0.00 0.00 0.00 0.00 0.00 0.00 0.00 0.00 0.00 0.00 0.00 0.00 0.00 0.00 0.00 0.00 0.00 3.80 9.34 5.77 5.91 4.89 8.98 11.39 9.78 9.78 9.64 10.07 11.46 12.26 9.56 9.42 10.37 9.93 9.93 11.32 12.63 13.87 17.01 19.42 20.29 19.35 19.78 19.93 20.51 18.18 18.32 22.48 24.97 26.28 24.24 21.02 16.13 15.04 8.98 3.87 0.07 0.00 0.00 0.00 0.00 0.00 0.00 0.00 0.00 0.00
0.00 0.00 0.00 0.00 0.00 0.00 0.00 0.00 0.00 0.00 0.00 0.00 0.00 0.00 0.00 0.00 0.00 0.00 0.00 0.00 0.00 0.00 0.00 0.00 0.00 0.00 0.00 0.00 0.00 0.00 0.00 0.00 0.00 0.00 0.00 6.50 3.14 2.19 4.82 3.65 8.03 11.10 7.74 5.33 5.18 4.89 5.48 6.35 8.40 9.78 12.05 12.05 15.04 14.45 15.48 17.01 17.89 20.66 19.42 18.32 18.10 17.74 15.99 18.47 15.48 23.43 26.72 22.70 21.24 14.16 4.09 2.19 1.02 0.00 0.00 0.00 0.00 0.00 0.00 0.00 0.00 0.00 0.00
0.00 0.00 0.00 0.00 0.00 0.00 0.00 0.00 0.00 0.00 0.00 0.00 0.00 0.00 0.00 0.00 0.00 0.00 0.00 0.00 0.00 0.00 0.00 0.00 0.00 0.00 0.00 0.00 0.00 0.00 0.00 0.00 0.00 0.00 0.00 1.83 0.00 0.00 2.41 4.23 1.97 8.10 5.11 0.44 0.00 0.00 0.00 0.00 1.02 5.55 10.51 10.51 14.45 18.10 19.86 19.05 20.66 19.86 21.68 23.87 24.89 21.02 14.89 12.34 13.07 15.11 15.26 5.55 8.25 0.80 3.43 1.53 0.00 0.00 0.00 0.00 0.00 0.00 0.00 0.00 0.00 0.00 0.00
0.00 0.00 0.00 0.00 0.00 0.00 0.00 0.00 0.00 0.00 0.00 0.00 0.00 0.00 0.00 0.00 0.00 0.00 0.00 0.00 0.00 0.00 0.00 0.00 0.00 2.41 2.41 0.00 0.00 0.00 0.00 0.00 0.00 0.00 0.00 0.00 0.00 0.00 0.00 1.61 0.00 0.00 0.00 0.00 0.00 0.00 0.00 0.15 3.87 2.92 8.98 8.98 13.43 18.47 20.73 20.08 20.51 22.48 23.29 24.02 20.81 15.55 11.53 11.90 12.63 8.25 8.25 4.38 0.00 0.00 0.00 0.00 0.00 0.00 0.00 0.00 0.00 0.00 0.00 0.00 0.00 0.00 0.00
0.00 0.00 0.00 0.00 0.00 0.00 0.00 0.00 0.00 0.00 0.00 0.00 0.00 0.00 0.00 0.00 0.00 0.00 0.00 0.00 0.00 0.00 0.00 0.00 0.00 0.00 0.00 0.00 0.00 0.00 0.00 1.53 0.00 0.00 0.00 0.00 0.00 0.00 0.00 0.00 0.00 0.00 0.00 1.24 2.92 2.63 0.00 4.16 7.01 12.26 17.08 17.08 20.37 21.75 21.83 21.10 20.22 21.10 19.35 22.05 20.95 9.93 7.45 8.03 3.72 4.96 1.24 0.00 0.00 0.00 0.00 0.00 0.00 0.00 0.00 0.00 0.00 0.00 0.00 0.00 0.00 0.00 0.00
0.00 0.00 0.00 0.00 0.00 0.00 0.00 0.00 0.00 0.00 0.00 0.00 0.00 0.00 0.00 0.00 0.00 0.00 0.00 0.00 0.00 0.00 0.00 0.00 0.00 0.00 0.00 0.00 0.00 2.34 2.48 5.55 1.75 1.39 3.07 5.48 8.03 1.83 4.02 4.45 4.45 3.43 4.09 5.11 6.79 7.30 7.08 9.13 8.69 11.90 16.28 16.28 19.35 22.19 22.34 20.66 13.43 9.78 16.94 16.50 5.84 4.96 0.73 0.37 1.31 0.00 0.29 0.00 0.00 0.00 0.00 0.00 0.00 0.00 0.00 0.00 0.00 0.00 0.00 0.00 0.00 0.00 0.00
0.00 0.00 0.00 0.00 0.00 0.00 0.00 0.00 0.00 0.00 0.00 0.00 0.00 0.00 0.00 0.00 0.00 0.00 0.00 0.00 0.00 0.00 0.00 0.00 0.00 0.00 0.00 0.00 0.00 0.00 2.77 7.96 10.88 8.47 9.20 8.91 10.66 11.10 7.96 7.66 5.99 5.48 5.40 6.06 7.30 7.96 8.47 8.91 12.19 15.77 15.40 15.40 17.89 20.88 21.17 17.59 12.78 6.86 8.10 3.58 3.80 1.97 0.00 0.07 0.00 0.00 0.00 0.00 0.00 0.00 0.00 0.00 0.00 0.00 0.00 0.00 0.00 0.00 0.00 0.00 0.00 0.00 0.00
0.00 0.00 0.00 0.00 0.00 0.00 0.00 0.00 0.00 0.00 0.00 0.00 0.00 0.00 0.00 0.00 0.00 0.00 0.00 0.00 0.00 0.00 0.00 0.00 0.00 0.00 0.00 0.00 0.00 4.23 8.83 8.54 10.37 10.80 9.86 10.29 9.34 9.71 7.52 7.88 6.72 4.60 5.77 6.13 6.35 6.72 8.03 8.61 10.80 14.45 17.89 17.89 15.26 14.82 12.41 9.93 10.73 6.13 1.90 2.56 1.97 0.00 0.00 0.00 0.00 0.00 0.00 0.00 0.00 0.00 0.00 0.00 0.00 0.00 0.00 0.00 0.00 0.00 0.00 0.00 0.00 0.00 0.00
0.00 0.00 0.00 0.00 0.00 0.00 0.00 0.00 0.00 0.00 0.00 0.00 0.00 0.00 0.00 0.00 0.00 0.00 0.00 0.00 0.00 0.00 0.00 0.00 0.00 0.00 0.00 0.00 0.00 6.06 10.29 8.83 8.69 11.32 8.83 8.69 7.88 6.64 7.37 6.94 6.35 5.91 6.20 6.64 6.94 8.69 8.69 8.54 10.07 12.70 14.82 14.82 10.80 9.93 9.64 8.32 5.18 3.07 1.53 0.95 1.97 0.00 0.00 0.00 0.00 0.00 0.00 0.00 0.00 0.00 0.00 0.00 0.00 0.00 0.00 0.00 0.00 0.00 0.00 0.00 0.00 0.00 0.00
0.00 0.00 0.00 0.00 0.00 0.00 0.00 0.00 0.00 0.00 0.00 0.00 0.00 0.00 0.00 0.00 0.00 0.00 0.00 0.00 0.00 0.00 0.00 0.00 0.00 0.00 0.00 0.00 0.00 6.06 9.27 6.64 5.62 4.09 7.23 6.86 7.15 7.37 9.13 12.56 13.21 10.00 8.83 9.93 8.03 8.61 8.10 5.99 4.45 6.50 8.32 8.32 8.10 8.10 6.86 5.91 6.79 3.80 2.77 3.29 2.12 0.81 0.00 0.07 0.00 0.00 0.00 0.00 0.00 0.00 0.00 0.00 0.00 0.00 0.00 0.00 0.00 0.00 0.00 0.00 0.00 0.00 0.00
0.00 0.00 0.00 0.00 0.00 0.00 0.00 0.00 0.00 0.00 0.00 0.00 0.00 0.00 0.00 0.00 0.00 0.00 0.00 0.00 0.00 0.00 0.00 0.00 0.00 0.00 0.00 1.39 8.03 6.64 9.13 5.33 2.34 1.39 5.91 6.13 6.13 7.23 9.13 11.90 14.16 12.41 10.07 9.27 8.69 8.47 7.96 6.72 4.67 5.11 6.57 6.57 6.79 6.42 7.52 7.74 4.31 2.41 2.41 2.48 1.46 1.68 0.51 1.53 0.73 0.00 0.00 0.00 0.00 0.00 0.00 0.00 0.00 0.00 0.00 0.00 0.00 0.00 0.00 0.00 0.00 0.00 0.00
0.00 0.00 0.00 0.00 0.00 0.00 0.00 0.00 0.00 0.00 0.00 0.00 0.00 0.00 0.00 0.00 0.00 0.00 0.00 0.00 0.00 0.00 0.00 0.00 0.00 0.00 0.00 1.68 7.23 4.02 3.65 4.60 0.66 0.00 3.87 3.14 5.18 8.25 8.03 7.01 10.00 12.63 10.29 9.93 9.05 8.47 7.74 8.18 6.42 5.48 5.18 5.18 5.55 5.48 6.64 8.54 5.48 3.58 1.90 1.97 1.83 2.19 2.19 0.80 1.17 0.22 0.00 0.00 0.00 0.00 0.00 0.00 0.00 0.00 0.00 0.00 0.00 0.00 0.00 0.00 0.00 0.00 0.00
0.00 0.00 0.00 0.00 0.00 0.00 0.00 0.00 0.00 0.00 0.00 0.00 0.00 0.00 0.00 0.00 0.00 0.00 0.00 0.00 0.00 0.00 0.00 0.00 0.00 0.00 0.00 0.00 4.02 0.22 0.00 0.00 0.00 0.00 0.00 0.22 0.88 3.21 3.14 8.10 6.42 11.53 10.22 9.42 8.69 9.13 8.18 7.30 7.08 6.13 6.28 6.28 5.99 5.55 5.26 6.64 5.26 2.26 2.56 1.10 2.04 2.92 2.85 2.04 1.02 0.00 0.00 0.00 0.00 0.00 0.00 0.00 0.00 0.00 0.00 0.00 0.00 0.00 0.00 0.00 0.00 0.00 0.00
0.00 0.00 0.00 0.00 0.00 0.00 0.00 0.00 0.00 0.00 0.00 0.00 0.00 0.00 0.00 0.00 0.00 0.00 0.00 0.00 0.00 0.00 0.00 0.00 0.00 0.00 0.00 0.00 0.07 0.00 0.00 0.00 0.00 0.00 0.00 0.00 0.00 0.00 0.00 3.14 9.05 9.34 10.00 9.42 8.10 8.32 9.34 6.94 7.74 7.23 9.42 9.42 8.10 5.91 5.84 4.31 2.12 1.83 1.31 1.39 1.02 2.41 3.14 0.37 0.44 0.29 0.00 0.00 0.00 0.00 0.00 0.00 0.00 0.00 0.00 0.00 0.00 0.00 0.00 0.00 0.00 0.00 0.00
0.00 0.00 0.00 0.00 0.00 0.00 0.00 0.00 0.00 0.00 0.00 0.00 0.00 0.00 0.00 0.00 0.00 0.00 0.00 0.00 0.00 0.00 0.00 0.00 0.00 0.00 0.00 0.00 0.00 0.00 0.00 0.00 0.00 0.00 0.00 0.00 0.00 0.00 0.00 0.00 5.48 8.98 10.73 8.47 8.61 9.78 9.78 8.83 8.61 9.05 11.39 11.39 9.56 7.96 6.72 6.86 3.43 1.97 2.92 2.56 3.50 1.68 1.83 1.10 0.88 0.37 0.00 0.00 0.00 0.00 0.00 0.00 0.00 0.00 0.00 0.00 0.00 0.00 0.00 0.00 0.00 0.00 0.00
0.00 0.00 0.00 0.00 0.00 0.00 0.00 0.00 0.00 0.00 0.00 0.00 0.00 0.00 0.00 0.00 0.00 0.00 0.00 0.00 0.00 0.00 0.00 0.00 0.00 0.00 0.00 0.00 0.00 0.00 0.00 0.00 0.00 0.00 0.00 0.00 0.00 0.00 0.00 0.00 2.77 7.30 12.34 11.68 10.15 9.86 8.83 11.53 12.85 13.21 11.32 11.32 8.03 8.83 8.32 5.55 6.28 5.48 3.72 7.52 6.06 4.45 2.77 2.77 0.00 1.61 0.00 0.00 0.00 0.00 0.00 0.00 0.00 0.00 0.00 0.00 0.00 0.00 0.00 0.00 0.00 0.00 0.00
0.00 0.00 0.00 0.00 0.00 0.00 0.00 0.00 0.00 0.00 0.00 0.00 0.00 0.00 0.00 0.00 0.00 0.00 0.00 0.00 0.00 0.00 0.00 0.00 0.00 0.00 0.00 0.00 0.00 0.00 0.00 0.00 0.00 0.00 0.00 0.00 0.00 0.00 0.00 1.31 6.13 4.96 10.80 14.16 13.14 10.95 10.73 11.90 12.56 13.72 12.78 12.78 10.51 10.80 9.93 8.40 9.49 8.98 7.01 10.59 11.17 6.06 8.69 4.38 0.00 0.00 0.00 0.00 0.00 0.00 0.00 0.00 0.00 0.00 0.00 0.00 0.00 0.00 0.00 0.00 0.00 0.00 0.00
0.00 0.00 0.00 0.00 0.00 0.00 0.00 0.00 0.00 0.00 0.00 0.00 0.00 0.00 0.00 0.00 0.00 0.00 0.00 0.00 0.00 0.00 0.00 0.00 0.00 0.00 0.00 0.00 0.00 0.00 0.00 0.00 0.00 0.00 0.00 0.00 0.00 0.00 0.00 0.15 4.60 11.10 15.55 15.33 12.78 10.22 10.07 10.15 11.10 12.12 12.41 12.41 11.75 10.88 11.75 11.97 10.07 9.78 10.80 10.80 11.17 11.61 7.37 3.43 1.61 0.00 0.00 0.00 0.00 0.00 0.00 0.00 0.00 0.00 0.00 0.00 0.00 0.00 0.00 0.00 0.00 0.00 0.00
0.00 0.00 0.00 0.00 0.00 0.00 0.00 0.00 0.00 0.00 0.00 0.00 0.00 0.00 0.00 0.00 0.00 0.00 0.00 0.00 0.00 0.00 0.00 0.00 0.00 0.00 0.00 0.00 0.00 0.00 0.00 0.00 0.00 0.00 0.00 0.00 0.00 0.00 0.00 0.66 5.99 13.07 16.50 14.89 12.48 9.93 8.69 8.25 9.93 9.78 8.91 8.91 9.56 11.46 10.51 11.17 10.73 8.25 10.07 9.93 9.13 12.26 10.51 11.83 2.56 1.17 1.68 4.74 2.41 1.83 1.31 0.00 2.12 0.00 0.00 0.00 0.00 0.00 0.00 0.00 0.00 0.37 0.00
