Wansh/Snow_depth/snowdepth-1997/winter/1998016.txt
ncols 321
nrows 161
xllcenter 60
yllcenter 15 
cellsize  0.25 
NODATA_value -1
[rows 36 to 71 of 161, columns 83 to 165 of 321]
10.73 6.64 4.02 6.06 5.69 9.42 13.07 12.78 10.01 8.67 7.88 6.28 5.40 5.69 5.99 3.58 1.75 2.19 3.36 3.36 3.58 0.00 3.94 0.00 5.48 7.01 6.94 6.79 6.64 8.40 8.83 10.00 11.02 11.10 10.51 13.65 12.41 12.41 13.14 21.94 18.18 19.13 15.11 14.09 14.09 14.45 14.60 13.65 12.85 10.07 7.52 4.74 2.70 2.85 2.34 2.56 1.75 2.04 2.85 2.85 2.12 2.77 2.48 2.70 1.75 2.70 2.26 2.34 2.77 2.77 0.95 1.10 0.80 0.00 1.61 2.92 2.92 2.56 2.85 3.21 3.43 5.33 7.66
12.26 8.91 9.56 7.88 7.01 8.32 9.42 11.53 13.04 6.28 5.99 4.82 5.04 4.53 2.92 3.36 2.04 1.83 3.07 3.07 3.29 5.18 5.11 5.91 5.33 8.40 7.23 7.74 8.69 8.40 9.27 8.91 8.25 9.93 10.44 8.18 9.71 10.66 9.56 11.53 14.82 12.26 11.02 9.93 9.93 14.75 14.97 15.11 15.33 12.70 10.29 8.54 8.91 6.42 4.09 2.41 0.95 1.24 1.24 1.53 1.97 1.46 2.41 2.85 1.97 0.88 1.75 1.90 1.46 1.46 2.12 0.00 0.00 1.17 1.10 2.26 1.90 1.61 2.56 1.75 4.23 5.04 2.63
11.90 10.80 8.76 9.93 7.81 8.10 7.37 8.61 4.96 6.50 6.42 5.55 7.52 4.89 4.38 5.33 4.16 4.96 4.74 4.74 4.09 8.40 8.32 8.18 8.76 8.98 7.96 9.05 7.88 5.77 7.74 8.18 6.35 8.69 7.23 7.23 7.01 8.32 10.22 10.59 11.17 8.98 6.50 6.20 6.20 5.84 8.03 13.94 13.43 13.65 12.56 10.44 8.40 5.48 6.28 2.56 1.90 1.10 1.02 1.17 1.75 1.68 3.36 3.14 3.80 1.17 1.68 2.34 2.26 2.26 1.75 2.04 1.10 1.10 0.00 1.17 0.22 1.10 0.51 1.53 3.21 0.51 0.58
10.80 11.24 11.83 11.01 10.67 7.74 6.06 5.69 4.38 5.69 6.28 8.18 10.59 7.59 6.94 9.64 6.42 6.06 11.39 11.39 12.48 11.68 11.68 12.85 9.78 11.02 10.22 10.22 8.18 5.11 5.77 5.69 5.77 5.48 6.64 5.84 5.69 6.79 9.49 8.40 4.38 5.11 4.02 5.11 5.11 6.20 5.18 6.06 6.20 12.05 12.05 11.53 9.34 5.91 2.34 3.14 1.10 1.10 0.95 1.24 1.02 1.39 2.34 4.16 2.63 3.50 3.72 3.36 3.21 3.21 2.56 2.26 1.17 0.00 0.37 0.29 1.17 0.58 0.95 0.88 0.73 1.61 0.00
9.27 9.93 10.05 11.96 11.17 7.08 4.45 6.06 5.11 4.09 3.80 7.56 11.32 12.19 12.05 12.05 10.59 12.92 13.29 13.29 12.70 14.38 13.72 13.80 11.83 13.87 11.24 11.68 12.92 8.03 8.69 0.00 5.18 5.55 5.40 4.89 5.40 5.11 6.50 6.35 3.87 2.19 2.92 3.21 3.21 3.58 3.87 0.00 0.00 3.21 4.45 3.87 7.96 5.62 2.12 0.51 1.17 1.17 0.58 1.46 1.90 1.61 1.10 0.95 1.17 3.21 3.87 2.63 4.09 4.09 3.58 4.23 2.48 1.75 1.39 1.83 1.68 1.83 0.73 0.07 0.00 0.00 0.00
9.49 7.78 7.89 7.92 5.69 5.11 2.19 5.62 0.00 1.24 4.09 3.15 6.09 9.46 11.83 11.87 13.43 12.99 13.50 13.57 15.33 16.06 15.77 17.74 16.79 16.13 18.54 16.86 19.27 12.56 12.56 12.99 6.35 6.28 6.79 5.26 5.26 5.18 3.72 4.23 3.21 0.00 0.00 0.00 0.00 0.00 1.97 0.00 0.00 0.00 1.90 2.56 0.00 0.00 0.00 0.00 0.00 1.39 1.90 1.17 1.90 1.75 1.61 1.75 1.83 1.83 2.63 2.12 2.99 2.99 4.02 2.99 2.77 2.41 2.41 2.04 2.70 2.77 1.90 0.51 0.00 0.00 0.00
10.97 7.49 11.31 7.37 5.24 5.62 0.73 2.04 0.73 1.61 2.23 5.16 4.74 7.30 9.78 12.41 12.62 12.63 17.56 17.39 16.73 17.40 18.64 19.64 18.69 18.10 18.25 18.91 20.51 18.47 16.06 17.52 10.37 8.98 9.86 6.35 6.28 6.50 4.89 0.00 0.00 0.00 0.00 0.00 0.00 4.02 0.00 0.00 0.00 0.00 0.00 0.00 0.00 0.00 0.00 0.00 0.00 0.00 1.31 1.46 1.68 1.68 1.75 1.31 2.19 1.97 1.97 2.48 2.04 2.04 1.97 2.41 2.48 1.90 2.19 2.19 1.97 1.61 0.37 0.66 0.00 0.00 0.00
12.26 12.46 13.38 10.84 7.64 7.74 4.92 5.85 5.18 6.24 9.68 7.81 6.28 7.63 10.18 10.93 13.14 12.63 17.81 18.46 17.16 19.93 19.54 19.96 17.39 17.46 16.21 19.59 19.42 17.59 18.03 13.49 11.39 11.61 12.56 15.92 9.71 10.15 8.83 4.60 0.00 0.00 0.00 0.00 0.00 4.53 3.58 1.83 1.39 2.34 2.77 0.00 2.12 0.00 0.00 0.00 0.00 0.00 0.80 1.02 1.31 1.31 2.34 2.41 2.63 2.70 2.04 2.41 1.39 1.39 1.39 0.15 0.66 0.00 0.00 0.00 0.00 0.00 0.00 0.00 0.00 0.00 0.00
12.84 11.75 12.77 11.68 10.71 10.88 7.91 6.93 10.17 14.37 14.15 12.47 8.69 14.45 11.24 8.89 9.00 7.90 14.14 13.92 9.05 16.13 12.56 15.70 15.26 15.77 12.84 16.43 13.21 12.88 15.29 10.69 11.81 16.21 15.40 18.42 14.09 10.88 6.13 7.45 4.53 0.00 4.45 4.45 4.45 4.09 2.77 1.90 3.14 2.41 3.58 3.43 1.53 0.00 0.00 0.00 0.00 0.00 0.00 0.00 1.46 1.24 1.53 2.34 1.68 1.68 2.85 2.56 1.83 1.83 0.15 0.00 0.00 0.00 0.00 0.00 0.00 0.00 0.00 0.00 0.00 0.00 0.00
12.56 12.70 11.97 11.52 11.17 11.24 11.06 11.36 13.43 16.21 17.16 18.61 18.43 15.62 16.57 10.95 12.78 7.52 6.42 6.69 5.72 10.85 7.73 11.17 9.63 10.80 11.53 6.64 5.91 2.36 7.34 7.23 7.91 15.97 17.41 16.68 14.67 13.23 6.24 3.78 3.43 2.41 3.14 2.34 2.34 1.75 1.75 1.97 2.26 5.40 7.12 7.12 4.77 2.19 1.97 1.46 1.02 1.24 0.00 0.00 0.00 1.90 0.00 0.00 0.00 1.17 1.97 2.56 1.10 1.10 1.53 0.29 0.00 0.00 0.00 0.00 0.00 0.00 0.00 0.00 0.15 0.00 0.00
12.68 13.09 12.80 12.00 11.40 11.30 11.01 11.24 13.43 16.21 17.16 18.61 18.43 15.62 16.57 10.95 12.78 7.52 6.35 6.35 5.55 10.15 7.23 10.43 9.99 11.62 12.34 6.96 6.00 2.26 7.30 7.23 7.59 15.33 16.89 17.20 15.28 13.30 6.08 3.82 3.45 2.41 3.14 2.34 2.34 1.75 1.76 1.99 2.31 5.46 7.26 7.15 4.77 2.20 1.97 1.46 1.02 1.24 0.00 0.00 0.00 1.90 0.00 0.00 0.00 1.17 1.97 2.56 1.10 1.10 1.53 0.29 0.00 0.00 0.00 0.00 0.00 0.00 0.00 0.00 0.15 0.00 0.00
14.15 18.47 14.75 13.28 13.79 10.61 10.38 11.93 13.18 17.94 15.69 16.87 17.72 17.62 16.03 15.21 8.00 4.02 5.99 5.99 4.89 5.62 5.04 6.20 7.04 8.94 9.44 5.72 2.99 1.39 2.85 4.38 4.02 2.41 10.07 9.20 2.85 3.94 4.09 1.46 1.02 0.58 1.02 0.95 0.95 0.73 1.02 0.95 1.31 4.45 6.86 4.35 3.18 3.34 2.99 1.68 1.39 1.02 0.00 0.00 0.00 0.95 1.90 0.00 0.00 0.58 1.24 0.73 1.02 1.02 1.31 0.80 0.80 0.00 0.00 0.00 0.00 0.00 0.00 0.00 0.00 0.00 0.00
18.76 21.83 19.27 17.01 15.19 12.28 15.92 16.24 16.70 13.00 12.93 11.65 10.44 7.88 10.73 10.88 5.99 4.09 5.55 5.55 5.84 4.67 4.96 3.87 4.82 5.48 3.21 3.21 2.26 1.46 0.29 1.97 0.00 0.00 3.74 3.50 1.02 0.00 0.00 0.37 1.10 1.39 0.73 0.95 0.95 0.00 0.07 0.58 1.90 1.31 3.74 3.89 2.26 4.26 5.18 5.58 3.17 1.46 1.31 0.73 0.73 0.00 1.61 2.04 0.00 1.61 1.17 1.17 1.31 1.31 0.15 1.24 1.10 0.66 1.39 0.00 0.00 0.00 0.00 0.00 0.00 0.00 0.00
23.58 21.67 22.13 19.12 15.05 15.51 14.60 13.86 9.93 9.78 10.22 7.81 7.37 6.79 8.47 9.64 7.96 4.53 5.69 5.69 5.26 2.99 2.04 1.40 2.92 1.53 1.53 2.42 1.61 0.29 0.66 0.00 0.00 0.00 0.00 0.37 0.00 0.00 0.00 1.68 1.31 2.26 1.68 0.66 0.66 0.00 0.00 0.00 0.58 1.39 1.68 1.71 1.46 4.38 8.69 6.64 5.99 2.19 2.56 0.73 0.44 1.17 1.46 2.41 0.00 2.56 2.56 2.26 0.88 0.88 0.00 1.02 1.61 0.80 0.00 0.00 0.00 0.00 0.00 0.00 0.00 0.00 0.00
15.71 16.29 16.66 13.21 13.65 14.45 15.20 6.38 7.08 6.38 6.44 7.08 8.47 10.91 10.00 7.59 8.67 5.94 3.94 3.94 2.70 0.00 0.00 0.00 1.32 0.88 1.53 2.57 2.56 1.53 1.31 1.46 0.00 0.00 0.00 0.00 0.00 0.00 0.00 0.00 3.87 3.50 3.80 1.17 1.17 0.00 0.00 0.00 0.00 0.00 0.00 0.00 0.00 4.23 3.43 8.40 7.30 2.56 1.61 1.75 1.83 1.61 2.26 2.48 2.19 1.90 0.00 2.48 2.41 2.41 0.00 0.00 0.00 0.00 0.00 0.00 0.00 0.00 0.00 0.00 0.00 0.00 0.00
11.10 9.20 10.49 7.12 8.66 3.08 2.71 3.37 2.99 4.02 2.70 5.07 6.95 2.49 4.23 5.48 1.31 1.24 1.61 1.61 1.39 0.00 0.00 0.00 0.00 0.00 0.29 0.15 1.10 1.90 1.17 1.39 0.58 0.58 1.10 1.31 0.00 0.00 0.00 2.77 3.36 3.36 2.04 2.56 2.56 0.00 0.00 0.00 0.00 0.00 0.00 1.39 2.04 0.00 3.80 5.77 5.91 3.72 0.00 1.68 2.92 2.70 3.36 2.63 2.63 0.00 0.00 3.07 0.00 0.00 1.97 0.00 0.00 0.00 0.00 0.00 0.00 0.00 0.00 0.00 0.00 0.00 0.00
8.47 7.93 7.53 5.42 4.09 2.26 2.41 1.46 1.39 1.02 1.90 3.14 2.19 0.00 0.29 1.17 0.00 0.80 0.00 0.00 0.00 0.00 0.00 0.00 0.00 0.00 0.00 0.44 0.00 2.19 1.39 1.39 1.17 1.68 1.68 2.19 1.83 2.63 2.92 3.29 3.21 0.00 0.00 0.00 0.00 0.00 0.00 0.00 0.00 0.00 1.61 0.00 3.36 2.70 2.63 3.07 0.00 3.36 3.29 2.70 0.00 3.36 2.63 3.21 3.07 2.85 3.21 2.99 3.29 3.29 0.00 2.26 2.04 0.00 0.00 0.00 0.00 0.00 0.00 0.00 0.00 0.00 0.00
6.63 6.56 7.15 0.00 2.85 0.00 0.95 0.58 0.00 0.00 0.00 0.22 0.00 0.00 0.00 0.00 0.00 0.00 0.00 0.00 0.00 0.00 0.00 0.00 0.00 0.00 0.00 0.00 1.39 1.17 1.39 0.73 1.02 1.46 1.90 1.90 2.63 3.94 3.87 3.07 0.00 0.00 0.00 0.00 0.00 0.00 0.00 0.00 0.00 0.00 0.00 0.00 0.00 0.00 0.00 0.00 3.36 3.87 3.50 2.85 2.92 3.36 3.58 2.99 2.34 1.90 3.21 1.83 3.07 3.07 0.00 0.00 0.00 2.19 0.00 0.00 0.00 0.00 0.00 0.00 0.00 0.00 0.00
1.91 1.90 4.09 0.00 0.44 0.00 0.00 0.00 0.00 0.00 0.00 0.00 0.00 0.00 0.00 0.00 0.00 0.00 0.00 0.00 0.00 0.00 0.00 0.00 0.00 0.00 0.00 0.44 1.02 0.66 0.37 0.44 1.10 0.95 1.31 2.12 3.72 3.87 4.16 0.00 0.00 0.00 0.00 0.00 0.00 0.00 0.00 0.00 0.00 0.00 0.00 0.00 0.00 3.21 2.56 3.07 3.58 3.43 3.87 3.14 2.85 3.29 3.43 2.77 2.26 1.90 2.04 1.68 2.12 2.12 1.97 0.00 0.00 0.00 0.00 0.00 0.00 0.00 0.00 0.00 0.00 0.00 0.00
0.00 0.00 0.00 0.00 0.00 0.00 0.00 0.00 0.00 0.00 0.00 0.00 0.00 0.00 0.00 0.00 0.00 0.00 0.00 0.00 0.00 0.00 0.00 0.00 0.00 0.00 0.00 0.80 1.31 0.80 1.02 0.58 1.10 0.80 0.95 1.83 2.19 0.00 3.72 0.00 2.12 0.00 0.00 0.00 0.00 0.00 0.00 0.00 0.00 0.00 0.00 0.00 0.00 0.00 3.21 2.99 3.58 4.60 3.72 2.99 2.99 2.92 2.63 1.39 1.53 2.19 1.68 1.31 1.90 1.90 2.48 2.19 0.00 0.00 0.00 0.00 0.00 0.00 0.00 0.00 0.00 0.00 0.00
0.00 0.00 0.00 0.00 0.00 0.00 0.00 0.00 0.00 0.00 0.00 0.00 0.00 0.00 0.00 0.00 0.00 0.00 0.00 0.00 0.00 0.00 0.00 0.00 0.00 0.00 0.00 0.54 0.00 0.00 1.90 0.00 0.00 0.00 1.46 0.00 0.00 0.00 0.00 0.29 0.58 0.00 0.00 0.00 0.00 0.00 0.00 0.00 0.00 0.00 0.00 0.00 0.00 2.41 2.48 2.34 2.92 3.87 3.72 4.02 3.58 3.29 3.65 1.83 2.12 2.26 2.04 1.83 1.17 1.17 2.19 0.00 0.00 0.00 0.00 0.00 0.00 0.00 0.00 0.00 0.00 0.00 0.00
0.00 0.00 0.00 0.00 0.00 0.00 0.00 0.00 0.00 0.00 0.00 0.00 0.00 0.00 0.00 0.00 0.00 0.00 0.00 0.00 0.00 0.00 0.00 0.00 0.00 0.00 0.00 0.00 0.00 0.00 0.00 0.00 0.00 0.00 0.00 0.00 0.00 0.00 0.00 0.00 0.00 0.00 0.00 0.00 0.00 0.00 0.00 0.00 0.00 0.00 0.00 0.00 0.00 2.77 2.99 2.19 2.48 3.21 4.16 4.16 4.23 3.65 4.31 3.65 2.04 2.70 2.04 1.02 1.53 1.53 1.61 1.17 0.00 0.00 0.00 0.00 0.00 0.00 0.00 0.00 0.00 0.00 0.00
0.00 0.00 0.00 0.00 0.00 0.00 0.00 0.00 0.00 0.00 0.00 0.00 0.00 0.00 0.00 0.00 0.00 0.00 0.00 0.00 0.00 0.00 0.00 0.00 0.00 0.00 0.00 0.00 0.00 0.00 0.00 0.00 0.00 0.00 0.00 0.00 0.00 0.00 0.00 0.00 0.00 0.00 0.00 0.00 0.00 0.00 0.00 0.00 0.00 0.00 0.00 0.00 0.00 1.68 2.19 2.26 1.31 2.41 2.34 1.46 2.19 2.77 1.39 1.17 1.61 0.51 1.39 0.80 1.02 1.02 1.17 0.44 0.00 0.00 0.00 0.00 0.00 0.00 0.00 0.00 0.00 0.00 0.00
0.00 0.00 0.00 0.00 0.00 0.00 0.00 0.00 0.00 0.00 0.00 0.00 0.00 0.00 0.00 0.00 0.00 0.00 0.00 0.00 0.00 0.00 0.00 0.00 0.00 0.00 0.00 0.00 0.00 0.00 0.00 0.00 0.00 0.00 0.00 0.00 0.00 0.00 0.00 0.00 0.00 0.00 0.00 0.00 0.00 0.00 0.00 0.00 0.00 0.00 0.00 0.00 0.00 0.00 2.48 0.22 0.66 0.37 1.90 0.88 1.10 2.19 1.02 0.44 0.80 1.17 0.51 1.24 0.44 0.44 1.53 0.00 0.00 0.00 0.00 0.00 0.00 0.00 0.00 0.00 0.00 0.00 0.00
0.00 0.00 0.00 0.00 0.00 0.00 0.00 0.00 0.00 0.00 0.00 0.00 0.00 0.00 0.00 0.00 0.00 0.00 0.00 0.00 0.00 0.00 0.00 0.00 0.00 0.00 0.00 0.00 0.00 0.00 0.00 0.00 0.00 0.00 0.00 0.00 0.00 0.00 0.00 0.00 0.00 0.00 0.00 0.00 0.00 0.00 0.00 0.00 0.00 0.00 0.00 0.00 0.00 0.00 0.00 0.00 0.00 0.51 1.10 0.80 1.10 0.00 0.44 0.95 0.37 1.53 1.17 0.51 2.12 2.12 0.00 0.00 0.00 0.00 0.00 0.00 0.00 0.00 0.00 0.00 0.00 0.00 0.00
0.00 0.00 0.00 0.00 0.00 0.00 0.00 0.00 0.00 0.00 0.00 0.00 0.00 0.00 0.00 0.00 0.00 0.00 0.00 0.00 0.00 0.00 0.00 0.00 0.00 0.00 0.00 0.00 0.00 0.00 0.00 0.00 0.00 0.00 0.00 0.00 0.00 0.00 0.00 0.00 0.00 0.00 0.00 0.00 0.00 0.00 0.00 0.00 0.00 0.00 0.00 0.00 0.00 0.00 0.00 0.00 0.00 0.00 0.73 1.02 1.61 0.00 0.00 1.75 1.61 1.39 1.97 1.02 1.24 1.24 0.00 0.00 0.00 0.00 0.00 0.00 0.00 0.00 0.00 0.00 0.00 0.00 0.00
0.00 0.00 0.00 0.00 0.00 0.00 0.00 0.00 0.00 0.00 0.00 0.00 0.00 0.00 0.00 0.00 0.00 0.00 0.00 0.00 0.00 0.00 0.00 0.00 0.00 0.00 0.00 0.00 0.00 0.00 0.00 0.00 0.00 0.00 0.00 0.00 0.00 0.00 0.00 0.00 0.00 0.00 0.00 0.00 0.00 0.00 0.00 0.00 0.00 0.00 0.00 0.00 0.00 0.00 0.00 0.00 0.00 0.00 2.41 2.48 2.12 2.19 2.34 3.07 0.88 1.53 2.48 0.22 0.15 0.15 0.00 0.00 0.00 0.00 0.00 0.00 0.00 0.00 0.00 0.00 0.00 0.00 0.00
0.00 0.00 0.00 0.00 0.00 0.00 0.00 0.00 0.00 0.00 0.00 0.00 0.00 0.00 0.00 0.00 0.00 0.00 0.00 0.00 0.00 0.00 0.00 0.00 0.00 0.00 0.00 0.00 0.00 0.00 0.00 0.00 0.00 0.00 0.00 0.00 0.00 0.07 0.00 0.00 0.00 0.00 0.00 0.00 0.00 0.00 0.00 0.00 0.00 0.00 0.37 0.00 0.37 0.44 1.68 0.00 0.80 0.00 3.58 2.63 2.85 4.02 3.58 4.74 2.34 1.75 1.68 1.31 0.00 0.00 0.22 0.00 0.00 0.15 0.00 0.00 0.00 0.00 0.00 0.00 0.00 0.00 0.00
0.00 0.00 0.00 0.00 0.00 0.00 0.00 0.00 0.00 0.00 0.00 0.00 0.00 0.00 0.00 0.00 0.00 0.00 0.00 0.00 0.00 0.00 0.00 0.00 0.00 0.00 0.00 0.00 0.00 0.00 0.00 0.58 1.90 1.10 0.51 0.73 0.88 1.24 0.00 0.00 0.00 0.00 0.00 0.58 0.58 0.66 0.00 0.00 0.37 0.15 0.00 0.00 2.19 0.00 0.00 3.50 0.00 0.00 0.00 4.38 2.99 2.63 4.09 3.50 3.07 1.61 1.24 0.29 0.00 0.00 0.00 0.00 0.00 0.00 0.07 0.00 0.07 0.00 0.00 0.00 0.00 0.00 0.00
0.00 0.00 0.00 0.00 0.00 0.00 0.00 0.00 0.00 0.00 0.00 0.00 0.00 0.00 0.00 0.00 0.00 0.00 0.00 0.00 0.00 0.00 0.00 0.00 0.00 0.00 0.00 0.00 0.00 0.15 0.00 0.95 2.48 0.88 1.53 2.19 0.00 0.00 0.00 0.00 1.31 0.44 0.51 0.22 0.22 0.22 0.00 0.00 0.00 0.00 0.00 0.00 0.00 0.00 3.36 0.00 0.00 0.00 0.00 4.53 3.87 3.14 2.56 3.36 3.72 2.26 1.17 1.31 0.00 0.00 0.00 0.00 0.00 0.00 0.00 0.38 0.00 0.00 0.00 0.15 0.00 0.00 1.68
0.00 0.00 0.00 0.00 0.00 0.00 0.00 0.00 0.00 0.00 0.00 0.00 0.00 0.00 0.00 0.00 0.00 0.00 0.00 0.00 0.00 0.00 0.00 0.00 0.00 0.00 0.00 0.00 0.00 0.73 2.19 2.70 3.21 3.29 2.48 2.26 0.00 0.00 3.29 2.56 0.00 1.83 0.22 0.29 0.29 0.00 0.00 0.00 0.00 0.00 0.00 0.00 0.00 0.00 0.00 0.00 0.00 0.00 2.77 3.65 4.53 4.09 3.07 3.14 2.99 3.14 2.41 1.17 0.00 0.00 0.00 0.00 0.00 0.00 0.51 1.46 0.89 0.76 0.08 0.90 0.29 1.83 1.20
0.00 0.00 0.00 0.00 0.00 0.00 0.00 0.00 0.00 0.00 0.00 0.00 0.00 0.00 0.00 0.00 0.00 0.00 0.00 0.00 0.00 0.00 0.00 0.00 0.00 0.00 0.00 0.00 0.15 1.17 2.70 2.92 0.00 0.00 2.92 2.34 0.00 0.00 2.85 0.00 0.00 0.00 0.00 0.00 0.00 0.00 0.00 0.00 0.00 0.00 0.00 0.00 0.00 0.00 1.31 0.00 0.00 1.97 3.50 4.02 4.67 3.80 4.67 2.99 2.56 1.61 1.39 1.53 0.80 0.80 0.00 0.00 0.00 0.00 0.00 0.80 0.66 1.40 1.03 1.83 1.10 2.41 1.68
0.00 0.00 0.00 0.00 0.00 0.00 0.00 0.00 0.00 0.00 0.00 0.00 0.00 0.00 0.00 0.00 0.00 0.00 0.00 0.00 0.00 0.00 0.00 0.00 0.07 0.95 0.07 1.39 2.63 1.97 1.97 2.26 0.00 0.00 0.00 0.00 0.00 0.00 2.04 1.75 0.00 0.00 0.00 0.00 0.00 0.00 0.00 0.00 0.00 0.00 0.00 0.00 0.00 0.00 0.00 0.00 0.00 0.00 2.77 1.83 4.31 5.26 4.89 3.94 3.21 3.80 0.00 1.68 0.95 0.95 1.02 0.00 0.00 0.00 0.00 0.00 1.53 1.68 2.12 2.63 2.92 4.02 3.72
0.00 0.00 0.00 0.00 0.00 0.00 0.00 0.00 0.00 0.00 0.00 0.00 0.00 0.00 0.00 0.00 0.00 0.00 0.00 0.00 0.00 0.00 0.00 0.00 1.17 1.83 1.61 2.19 2.41 2.19 0.00 2.19 0.00 0.00 0.00 0.00 0.00 1.24 0.00 1.68 0.00 0.00 0.00 0.00 0.00 0.00 0.00 0.00 0.00 0.00 0.00 0.00 0.00 0.00 0.00 0.00 0.00 0.00 0.00 2.77 1.97 4.82 2.92 3.87 2.77 2.34 2.85 2.04 1.53 1.53 0.73 0.44 0.00 0.00 0.00 2.12 2.41 2.99 2.56 2.70 5.55 4.60 4.31
0.00 0.00 0.00 0.00 0.00 0.00 0.00 0.00 0.00 0.00 0.00 0.00 0.00 0.00 0.00 0.00 0.00 0.00 0.00 0.00 0.22 0.07 2.26 1.10 1.17 1.17 1.97 1.53 1.83 0.00 0.00 0.00 0.00 0.00 0.00 0.00 0.00 1.46 2.26 1.90 2.19 1.68 2.12 0.00 0.00 0.00 0.00 0.00 0.95 0.58 0.00 0.00 0.00 0.00 0.00 0.00 0.00 0.00 0.00 1.17 1.46 2.04 1.83 1.83 2.85 4.23 2.70 1.53 1.75 1.75 1.68 1.97 0.51 0.37 0.00 1.68 1.31 1.24 2.77 4.82 6.06 6.42 7.15
0.00 0.00 0.00 0.00 0.00 0.00 0.00 0.00 0.00 0.00 0.00 0.00 0.00 0.00 0.00 0.00 0.00 0.00 0.00 0.00 1.31 0.73 1.68 0.80 0.22 0.07 1.68 1.75 1.83 0.00 0.00 0.00 0.00 0.00 0.00 0.00 0.00 0.00 0.00 2.41 2.12 2.77 2.77 2.92 2.92 2.56 0.00 0.00 0.00 0.00 0.15 0.00 0.00 0.00 0.00 0.00 0.00 0.00 0.00 0.00 0.00 0.00 1.53 0.00 0.00 0.95 0.37 0.88 1.31 1.31 1.97 1.68 1.68 0.00 0.37 1.10 0.58 0.00 1.90 2.92 4.09 6.28 9.20
