Wansh/Snow_depth/snowdepth-1997/winter/1998043.txt
ncols 321
nrows 161
xllcenter 60
yllcenter 15 
cellsize  0.25 
NODATA_value -1
[rows 0 to 36 of 161, columns 83 to 165 of 321]
21.90 20.59 20.00 20.22 17.96 13.94 15.04 11.02 12.63 12.70 16.79 18.76 19.35 18.69 19.05 17.59 18.32 15.11 19.27 19.27 17.23 18.25 18.25 15.26 7.81 8.32 4.67 5.18 4.09 4.02 6.28 7.59 8.18 8.98 8.98 9.86 5.55 7.81 9.27 4.74 6.64 5.55 5.77 5.77 5.77 10.80 4.67 6.42 5.91 7.01 6.64 9.64 7.88 5.26 6.94 6.94 6.94 9.86 7.88 3.94 2.56 2.12 2.63 2.77 1.83 2.41 3.58 3.29 4.45 4.45 6.28 8.61 7.81 10.07 8.98 9.42 8.40 12.99 14.31 14.16 13.94 12.05 12.26
18.47 18.10 20.22 17.37 18.54 14.75 10.80 10.51 10.59 14.82 17.45 16.64 17.89 14.82 15.18 12.12 12.78 12.26 14.82 14.82 12.48 13.87 14.67 16.50 11.53 9.93 5.40 5.91 4.45 4.09 6.50 7.45 7.08 7.37 5.62 3.29 3.14 2.99 3.14 4.60 8.76 12.12 10.15 12.12 12.12 9.34 10.37 7.74 5.26 6.42 5.04 6.28 6.64 7.01 4.89 4.31 5.62 5.26 4.67 4.82 3.29 6.35 6.20 4.45 5.26 2.99 6.50 5.62 8.10 8.10 6.94 10.44 9.13 9.93 9.42 11.32 12.92 12.48 14.53 14.45 14.60 14.97 14.82
17.08 17.23 16.28 16.57 13.51 12.19 12.26 13.21 15.70 14.89 17.74 18.69 18.83 17.52 14.82 11.10 12.26 9.05 11.39 11.39 8.91 12.05 11.97 14.97 14.16 12.26 12.63 7.59 6.64 5.04 5.48 7.15 6.64 5.69 4.89 4.89 3.58 3.94 7.37 8.54 8.32 10.29 11.39 10.07 10.07 9.78 12.26 10.29 11.32 8.03 4.96 5.55 4.16 4.45 4.53 4.16 4.96 8.32 7.74 8.76 8.83 8.61 7.08 10.73 8.61 7.96 8.25 7.88 12.26 12.26 10.44 10.29 10.44 10.66 10.51 11.02 14.89 15.77 15.40 16.72 16.06 15.70 16.50
17.08 17.23 16.28 16.57 13.51 12.19 12.26 13.21 15.70 14.89 17.74 18.69 18.83 17.52 14.82 11.10 12.26 9.05 11.39 11.39 8.91 12.05 11.97 14.97 14.16 12.26 12.63 7.59 6.64 5.04 5.48 7.15 6.64 5.69 4.89 4.89 3.58 3.94 7.37 8.54 8.32 10.29 11.39 10.07 10.07 9.78 12.26 10.29 11.32 8.03 4.96 5.55 4.16 4.45 4.53 4.16 4.96 8.32 7.74 8.76 8.83 8.61 7.08 10.73 8.61 7.96 8.25 7.88 12.26 12.26 10.44 10.29 10.44 10.66 10.51 11.02 14.89 15.77 15.40 16.72 16.06 15.70 16.50
14.75 13.29 13.58 13.21 13.07 12.92 12.92 12.92 12.85 14.60 17.30 17.01 16.94 15.48 15.91 13.72 12.48 10.29 7.37 7.37 7.52 9.86 8.03 13.07 12.26 13.87 13.87 10.29 8.47 5.04 5.04 5.62 6.42 6.86 8.54 8.32 8.32 8.32 8.32 4.45 4.38 4.60 5.69 5.69 5.69 7.45 10.44 11.10 10.80 9.49 10.22 6.35 4.67 4.53 3.36 3.58 5.33 4.45 6.20 7.88 9.86 11.24 11.39 11.39 10.07 12.63 11.61 11.90 12.56 12.56 10.51 10.88 10.66 10.51 11.32 11.24 13.51 13.36 16.57 17.16 13.87 15.26 15.40
15.11 14.09 13.29 13.07 13.65 12.19 12.56 11.24 11.90 9.42 12.78 10.00 11.75 12.12 12.92 12.92 12.48 12.48 13.07 13.07 8.98 6.86 7.74 10.15 8.76 12.85 13.43 12.56 6.94 5.77 6.42 6.06 7.59 7.15 8.32 8.69 7.23 3.87 4.67 2.85 2.34 0.80 3.87 2.99 2.99 5.33 4.67 8.03 10.80 10.44 8.91 5.33 6.13 4.09 3.65 4.31 5.04 5.91 7.08 6.50 8.83 10.95 14.75 14.60 14.60 13.36 12.34 10.22 9.13 9.13 9.56 9.42 9.86 9.64 10.66 9.56 10.22 10.51 9.34 12.48 12.63 12.85 15.99
14.82 13.58 12.12 12.12 11.17 10.51 10.51 8.03 7.74 7.59 8.61 9.49 9.05 10.44 10.29 11.61 11.53 12.26 11.17 11.17 11.17 9.56 11.24 7.88 7.59 8.83 10.15 7.96 6.72 6.86 7.59 8.03 7.74 8.25 8.32 8.47 6.72 4.23 2.12 0.29 0.73 0.80 0.58 3.29 3.29 5.91 9.49 11.90 11.75 11.97 9.05 6.64 4.74 4.89 5.69 4.38 5.55 7.59 9.05 10.59 13.58 12.70 15.33 16.79 16.43 14.97 15.48 10.29 11.53 11.53 10.44 10.22 10.80 12.34 12.70 9.56 11.53 9.78 9.34 9.64 10.95 10.73 11.75
14.82 13.58 12.12 12.12 11.17 10.51 10.51 8.03 7.74 7.59 8.61 9.49 9.05 10.44 10.29 11.61 11.53 12.26 11.17 11.17 11.17 9.56 11.24 7.88 7.59 8.83 10.15 7.96 6.72 6.86 7.59 8.03 7.74 8.25 8.32 8.47 6.72 4.23 2.12 0.29 0.73 0.80 0.58 3.29 3.29 5.91 9.49 11.90 11.75 11.97 9.05 6.64 4.74 4.89 5.69 4.38 5.55 7.59 9.05 10.59 13.58 12.70 15.33 16.79 16.43 14.97 15.48 10.29 11.53 11.53 10.44 10.22 10.80 12.34 12.70 9.56 11.53 9.78 9.34 9.64 10.95 10.73 11.75
13.51 13.80 11.83 10.51 11.39 10.37 9.42 8.47 8.40 7.30 5.84 5.69 6.86 8.03 8.40 11.90 11.97 10.88 11.46 11.46 11.90 12.99 12.70 12.26 9.71 8.03 7.66 5.62 5.55 7.30 6.94 7.45 7.52 8.03 8.25 8.40 7.15 8.25 3.36 2.04 2.63 1.24 0.00 3.80 3.80 5.99 6.72 8.69 8.32 6.06 6.50 6.50 5.40 4.67 5.33 4.53 5.84 6.20 6.79 8.98 11.97 10.07 13.43 12.63 15.91 14.67 13.21 13.07 12.85 12.85 12.85 12.99 12.99 12.99 12.85 12.92 12.92 12.41 10.15 9.64 12.48 10.07 10.44
9.71 9.78 10.44 10.44 9.86 9.49 9.34 8.32 7.59 6.86 6.57 6.72 4.45 5.69 4.82 7.96 9.05 10.88 11.24 11.24 12.56 12.34 13.43 13.43 11.61 6.72 6.28 6.13 8.10 7.74 8.03 8.10 7.30 7.88 9.42 10.80 8.91 8.98 6.35 6.94 5.04 3.21 3.29 4.74 4.74 4.23 5.04 5.04 6.50 7.66 8.18 10.37 10.29 9.93 8.91 7.96 6.79 6.94 6.79 7.08 7.08 8.18 8.69 7.23 9.05 8.25 11.02 12.78 13.51 13.51 13.21 14.16 14.97 15.40 13.14 12.48 13.07 12.05 17.08 13.87 14.45 10.00 8.03
8.83 9.13 8.47 8.61 7.81 8.10 6.64 6.57 7.01 7.52 8.32 8.25 6.86 6.94 5.69 7.52 8.98 9.93 9.42 9.42 11.10 13.80 13.80 13.65 8.10 5.77 6.13 6.13 7.45 7.08 5.99 6.50 6.79 6.64 7.01 8.61 7.66 7.81 7.23 7.66 5.26 4.16 5.40 7.37 7.37 5.69 5.48 5.33 6.28 7.15 8.69 9.56 9.34 10.66 10.22 7.30 8.03 9.34 8.98 7.45 8.10 6.86 7.88 7.88 9.13 11.53 11.02 14.89 16.43 16.43 18.69 18.25 16.28 16.72 13.21 13.36 13.65 17.23 16.64 15.70 10.15 11.53 10.37
8.83 9.13 8.47 8.61 7.81 8.10 6.64 6.57 7.01 7.52 8.32 8.25 6.86 6.94 5.69 7.52 8.98 9.93 9.42 9.42 11.10 13.80 13.80 13.65 8.10 5.77 6.13 6.13 7.45 7.08 5.99 6.50 6.79 6.64 7.01 8.61 7.66 7.81 7.23 7.66 5.26 4.16 5.40 7.37 7.37 5.69 5.48 5.33 6.28 7.15 8.69 9.56 9.34 10.66 10.22 7.30 8.03 9.34 8.98 7.45 8.10 6.86 7.88 7.88 9.13 11.53 11.02 14.89 16.43 16.43 18.69 18.25 16.28 16.72 13.21 13.36 13.65 17.23 16.64 15.70 10.15 11.53 10.37
8.69 9.13 8.54 8.69 7.08 5.99 6.20 6.50 9.34 11.17 10.66 10.73 10.22 12.99 12.63 10.80 10.80 14.16 13.21 13.21 13.87 16.21 13.94 10.07 7.88 6.13 6.06 5.11 5.18 7.30 7.30 7.45 6.94 8.91 7.74 7.88 7.96 8.32 8.61 8.03 7.66 8.03 7.96 7.52 7.52 4.82 4.53 5.77 6.72 6.42 7.96 9.64 10.15 7.15 8.03 9.20 8.98 9.78 10.73 11.10 11.39 8.47 9.64 8.03 11.10 12.78 14.09 17.67 16.64 16.64 18.61 21.10 20.66 18.61 17.67 12.92 14.09 14.53 15.99 15.55 13.94 12.48 12.92
8.61 8.25 8.83 7.15 7.30 7.45 8.47 9.56 11.24 11.10 11.68 13.36 14.09 15.77 18.18 16.35 16.72 15.40 15.84 15.84 16.35 12.05 10.15 8.83 7.81 8.25 7.01 7.74 7.59 7.23 8.18 11.24 11.24 9.78 8.76 10.15 10.07 10.29 9.13 8.91 6.79 5.55 3.29 3.58 3.58 3.50 4.23 5.84 6.86 8.32 7.88 8.10 8.61 6.28 6.64 8.40 8.69 9.20 9.13 9.56 9.05 8.69 11.46 12.99 12.19 14.24 16.21 17.89 17.01 17.01 18.32 22.27 20.66 18.69 18.69 15.77 14.53 14.31 14.24 12.05 10.95 12.92 11.10
8.69 8.83 6.64 7.37 7.01 8.83 9.93 10.88 10.29 12.99 15.33 13.43 11.90 12.70 16.06 13.65 17.67 16.72 15.55 15.55 12.78 10.73 9.56 8.98 8.47 8.25 7.15 7.37 10.51 11.53 12.34 11.90 12.78 11.32 11.61 9.64 8.76 3.87 3.87 3.72 4.67 4.89 3.43 3.72 3.72 4.96 6.79 7.45 7.37 8.40 8.25 8.98 7.45 7.30 7.52 7.96 8.47 8.61 7.15 6.28 6.64 6.94 9.78 7.59 12.56 11.83 16.43 14.67 17.52 17.52 16.64 21.02 19.56 17.89 19.05 12.92 11.75 4.02 5.62 4.45 5.91 3.58 11.24
8.32 7.74 9.13 8.10 9.56 10.22 10.37 9.71 5.84 8.54 12.05 11.53 12.05 10.29 10.88 9.86 11.68 14.75 11.83 11.83 9.56 9.64 9.86 8.76 7.88 8.47 7.66 9.86 8.76 11.17 12.63 12.85 13.21 9.86 11.02 9.34 5.69 3.50 3.72 4.60 3.36 6.20 5.99 7.52 7.52 7.30 6.64 7.08 6.94 7.37 7.15 8.54 7.96 8.25 8.32 8.40 8.61 6.28 5.33 6.13 5.48 5.69 5.77 5.77 9.42 11.97 14.38 14.16 15.99 15.99 18.69 17.96 18.69 12.63 10.59 10.22 10.15 3.65 0.00 0.00 5.04 12.12 11.32
8.32 7.74 9.13 8.10 9.56 10.22 10.37 9.71 5.84 8.54 12.05 11.53 12.05 10.29 10.88 9.86 11.68 14.75 11.83 11.83 9.56 9.64 9.86 8.76 7.88 8.47 7.66 9.86 8.76 11.17 12.63 12.85 13.21 9.86 11.02 9.34 5.69 3.50 3.72 4.60 3.36 6.20 5.99 7.52 7.52 7.30 6.64 7.08 6.94 7.37 7.15 8.54 7.96 8.25 8.32 8.40 8.61 6.28 5.33 6.13 5.48 5.69 5.77 5.77 9.42 11.97 14.38 14.16 15.99 15.99 18.69 17.96 18.69 12.63 10.59 10.22 10.15 3.65 0.00 0.00 5.04 12.12 11.32
8.54 8.61 7.96 7.88 8.91 10.44 10.00 5.18 5.33 6.57 7.81 5.69 8.83 9.20 10.29 10.73 11.68 11.46 10.15 10.15 7.59 5.91 5.91 6.72 7.15 7.23 8.47 10.88 10.00 10.59 10.37 12.78 12.26 10.80 10.51 5.62 7.30 4.02 5.26 8.32 6.13 8.10 7.37 7.66 7.66 7.01 6.06 5.69 5.84 6.42 6.13 7.37 7.08 6.79 5.18 5.11 4.74 4.96 5.04 5.55 7.15 9.34 13.51 9.27 10.59 10.44 11.68 15.62 14.45 14.45 18.91 18.69 12.99 14.45 10.22 11.46 6.57 8.32 0.00 5.62 2.41 10.44 6.79
10.15 10.15 10.44 10.00 10.22 11.39 11.68 6.79 6.86 3.43 4.89 7.15 8.83 9.34 11.24 12.05 11.68 11.17 8.18 8.18 8.03 6.86 5.48 5.91 6.86 8.83 10.22 10.00 10.29 11.46 11.10 14.45 14.82 14.60 12.70 8.54 7.37 4.16 4.74 3.36 4.16 5.48 5.91 7.01 7.01 5.99 6.28 6.06 5.40 5.69 3.72 5.04 5.33 1.75 2.56 2.41 3.65 5.62 8.40 8.03 9.27 14.97 17.74 13.65 13.51 14.24 11.90 15.84 22.34 22.34 21.90 20.81 11.97 9.34 10.15 6.06 4.38 0.15 0.15 2.99 4.45 3.72 4.96
10.07 10.73 10.29 10.88 12.19 12.41 12.41 9.71 10.37 6.86 6.79 6.28 8.83 8.18 9.64 9.93 10.51 10.66 7.74 7.74 8.10 7.96 7.74 6.28 5.62 7.01 10.22 10.37 10.73 7.96 8.40 10.51 11.90 9.13 8.47 8.47 5.26 4.38 4.16 3.80 1.83 1.61 5.04 7.81 7.81 8.98 11.17 7.81 9.13 7.59 4.89 6.72 3.87 1.75 1.39 3.87 4.74 6.06 9.64 13.58 17.89 17.01 19.49 16.72 14.53 14.60 14.09 18.18 22.12 22.12 13.43 8.40 10.95 5.69 3.21 2.70 0.88 0.07 0.58 1.46 1.90 1.10 0.95
9.20 9.42 9.78 10.59 12.19 12.85 12.63 12.70 13.29 9.49 11.17 9.20 8.69 10.44 8.54 8.83 8.25 7.66 8.18 8.18 9.42 7.59 8.10 6.94 8.10 8.32 9.34 8.54 8.76 7.59 5.55 4.82 3.94 5.26 5.91 2.77 1.53 1.53 2.99 0.15 2.04 1.39 4.31 7.37 7.37 8.32 9.34 11.75 9.71 8.69 6.94 5.84 8.47 7.59 6.06 6.28 5.77 7.74 12.12 12.78 15.70 11.68 14.38 13.87 15.48 15.18 17.67 16.86 19.86 19.86 9.42 4.02 0.80 0.95 0.80 0.00 0.00 0.00 0.00 0.00 0.44 0.37 0.00
11.17 8.10 8.61 9.71 9.49 11.02 10.44 11.90 11.90 12.41 11.17 14.75 12.63 17.01 8.61 8.91 8.32 10.51 10.44 10.44 10.95 10.80 14.24 12.56 12.92 10.73 13.29 12.12 12.56 9.71 7.08 7.96 5.18 4.96 3.07 2.77 0.66 1.17 0.00 0.95 2.26 2.34 3.80 4.16 4.16 3.58 7.08 3.21 3.29 6.42 5.77 4.45 6.28 6.86 8.32 8.40 11.46 12.12 12.19 12.12 7.23 9.20 10.66 10.00 9.71 13.58 14.53 9.78 10.44 10.44 6.86 3.36 1.39 0.88 1.39 0.00 0.00 0.07 0.00 0.00 0.00 0.00 0.22
11.17 8.10 8.61 9.71 9.49 11.02 10.44 11.90 11.90 12.41 11.17 14.75 12.63 17.01 8.61 8.91 8.32 10.51 10.44 10.44 10.95 10.80 14.24 12.56 12.92 10.73 13.29 12.12 12.56 9.71 7.08 7.96 5.18 4.96 3.07 2.77 0.66 1.17 0.00 0.95 2.26 2.34 3.80 4.16 4.16 3.58 7.08 3.21 3.29 6.42 5.77 4.45 6.28 6.86 8.32 8.40 11.46 12.12 12.19 12.12 7.23 9.20 10.66 10.00 9.71 13.58 14.53 9.78 10.44 10.44 6.86 3.36 1.39 0.88 1.39 0.00 0.00 0.07 0.00 0.00 0.00 0.00 0.22
11.10 9.93 10.66 9.64 8.98 8.98 7.23 10.51 13.14 12.26 14.31 17.45 18.54 19.93 13.72 13.51 13.21 14.02 13.94 13.94 14.97 14.60 15.04 14.45 13.72 14.09 16.28 12.12 10.59 9.42 6.42 5.11 3.36 0.00 0.00 1.97 0.29 0.00 0.00 0.00 1.02 0.88 1.83 1.75 1.75 0.00 0.00 0.00 0.00 2.92 2.63 4.53 4.02 2.85 4.38 5.62 8.61 4.09 4.96 4.89 4.82 6.64 5.48 9.49 9.64 10.59 10.88 8.98 6.50 6.50 5.99 5.26 8.18 2.12 2.12 1.97 0.44 0.00 0.00 0.00 0.00 0.00 0.00
11.10 11.02 10.59 11.75 7.96 6.94 10.51 13.36 11.97 17.45 15.40 15.84 19.13 11.90 12.26 12.63 13.29 11.90 13.14 13.14 13.43 13.29 14.75 14.24 14.30 13.35 15.89 11.65 10.29 8.98 9.27 6.79 3.65 1.83 1.10 0.22 0.58 0.00 0.00 0.00 0.80 0.95 1.24 0.66 0.66 0.00 0.00 0.00 0.00 0.00 0.00 2.48 0.00 0.00 2.12 4.38 4.96 2.92 3.94 3.72 4.23 5.91 5.48 6.86 8.03 9.13 6.20 6.42 6.64 6.64 8.25 8.25 8.61 4.60 2.85 1.97 0.00 0.00 0.58 0.07 0.00 0.00 0.00
12.12 12.19 12.56 14.75 13.58 12.99 11.46 11.90 16.21 18.18 19.27 19.71 13.80 15.70 11.17 11.02 9.93 11.53 13.43 13.43 13.51 14.45 14.60 14.16 16.07 18.31 14.67 15.38 11.74 13.94 11.83 8.47 4.74 4.74 2.26 0.44 0.00 0.22 0.95 0.29 1.02 0.58 0.58 0.73 0.73 0.00 0.00 0.00 0.00 0.00 0.00 0.00 0.00 0.00 0.00 0.00 0.00 1.97 0.00 0.00 0.00 4.74 4.60 6.06 6.50 4.45 5.11 6.06 7.74 7.74 7.01 7.15 5.84 6.50 4.31 2.92 1.53 1.97 1.46 2.77 0.58 0.58 0.15
12.92 12.92 14.16 13.58 15.04 14.24 17.30 15.91 16.79 17.01 13.36 16.21 14.31 5.69 6.86 8.98 8.47 10.66 13.29 13.29 13.14 13.80 14.67 14.75 17.38 16.34 17.25 16.84 15.19 13.25 13.86 9.42 9.78 7.59 4.67 6.64 0.95 1.61 1.75 1.68 0.80 0.51 0.00 0.00 0.00 0.00 0.00 0.00 0.00 0.00 0.00 0.00 0.00 0.00 0.00 0.00 0.00 0.00 0.00 0.00 0.00 3.72 4.38 5.84 4.67 5.11 3.50 8.83 9.42 9.42 11.39 12.48 7.96 8.40 5.55 5.33 7.15 4.96 3.43 3.43 2.63 0.00 0.22
13.87 15.70 14.82 15.84 18.47 19.42 20.95 18.03 18.69 17.59 6.86 7.66 3.80 1.83 3.72 4.60 7.37 10.15 11.46 11.46 12.15 12.24 8.67 12.72 13.94 12.60 14.82 18.21 17.93 20.76 17.55 14.16 12.19 12.19 10.88 11.46 2.48 6.50 5.40 3.21 1.39 0.58 0.00 0.00 0.00 0.00 0.00 0.00 0.00 0.00 0.00 0.00 0.00 0.00 0.00 0.00 0.00 0.00 0.00 0.00 4.38 4.02 4.96 6.94 7.37 11.61 11.53 10.07 15.70 15.70 14.24 10.59 11.46 8.47 6.35 6.57 6.50 5.62 3.87 3.80 4.53 3.65 2.04
13.87 15.70 14.82 15.84 18.47 19.42 20.95 18.03 18.69 17.59 6.86 7.66 3.80 1.83 3.72 4.60 7.37 10.15 11.46 11.52 12.55 12.43 9.28 12.40 14.30 12.41 14.82 17.67 16.66 19.39 17.82 14.30 12.70 13.70 11.51 11.75 2.48 6.50 5.40 3.21 1.39 0.58 0.00 0.00 0.00 0.00 0.00 0.00 0.00 0.00 0.00 0.00 0.00 0.00 0.00 0.00 0.00 0.00 0.00 0.00 4.38 4.02 4.96 6.94 7.37 11.61 11.53 10.07 15.70 15.70 14.24 10.59 11.46 8.47 6.35 6.57 6.50 5.62 3.87 3.80 4.53 3.65 2.04
16.94 15.26 15.99 16.57 17.23 21.53 22.78 22.27 22.56 22.12 21.53 8.69 6.86 1.46 0.00 6.42 8.18 9.56 8.91 8.91 6.50 6.28 5.91 8.00 10.67 11.53 12.76 15.93 14.60 18.98 19.88 18.07 19.59 18.42 16.48 13.47 10.67 7.23 8.10 4.09 0.73 1.53 0.44 0.00 0.00 0.00 0.00 0.00 0.00 0.00 0.00 0.00 0.00 0.00 0.00 0.00 0.00 0.00 0.00 0.00 4.23 3.72 6.94 6.20 9.13 12.85 14.75 14.97 14.82 14.82 13.72 9.49 7.45 8.10 6.20 6.64 6.64 6.79 6.64 6.94 4.60 5.33 3.65
13.29 14.24 14.09 11.39 14.60 19.78 17.16 23.51 19.78 23.65 22.70 14.75 10.44 10.66 11.39 8.76 8.18 9.13 8.91 8.91 6.97 3.87 0.00 0.80 4.16 3.01 6.15 11.10 9.76 14.53 21.02 21.46 21.83 19.78 25.01 20.39 15.78 11.26 12.33 7.23 4.89 1.97 2.41 0.58 0.58 1.31 0.00 0.00 0.00 0.00 0.00 0.00 0.00 0.00 0.00 0.00 0.00 0.00 0.00 0.00 0.00 0.00 0.00 8.83 7.30 13.87 11.83 12.99 12.99 12.99 12.70 11.68 9.27 7.23 7.01 7.52 7.74 7.88 7.88 9.34 5.40 4.45 5.33
12.26 10.95 9.13 10.29 9.56 13.21 11.61 16.28 17.81 15.33 17.01 12.78 11.83 10.66 8.83 5.91 7.45 7.81 7.59 7.59 7.23 4.38 1.97 3.58 3.87 2.41 2.92 7.23 10.10 14.83 22.59 23.07 22.78 25.33 24.82 22.67 25.74 23.91 16.06 12.05 9.86 11.83 5.77 1.97 1.97 2.26 0.00 0.44 0.73 0.00 0.95 0.00 0.00 0.00 0.00 0.00 0.00 0.00 0.00 0.00 0.00 0.00 0.00 6.13 5.99 8.61 9.93 10.37 11.97 11.97 11.24 9.64 10.37 4.67 6.20 5.62 5.04 9.42 10.44 10.80 7.88 7.59 7.23
12.26 12.12 9.93 11.32 8.83 9.42 9.56 15.84 12.41 13.65 9.42 7.88 9.27 8.40 4.23 5.48 6.13 6.50 4.45 4.45 2.92 3.29 2.70 5.33 6.86 3.87 4.53 7.08 9.17 12.26 16.06 12.48 21.02 24.97 24.31 28.25 25.62 27.42 22.16 16.83 20.06 15.40 9.20 4.23 4.23 5.11 1.97 2.04 1.10 0.00 0.00 0.00 0.00 0.00 0.00 0.00 0.00 0.00 0.00 0.00 0.00 0.00 0.00 0.00 0.00 4.53 4.60 3.94 8.83 8.83 7.45 8.40 0.00 3.14 3.50 4.60 7.01 6.57 11.39 11.90 10.59 10.15 9.71
12.48 12.26 11.53 10.22 12.26 11.39 12.78 11.83 15.04 15.48 5.04 6.64 6.94 0.51 2.48 4.74 5.48 2.48 2.92 2.92 4.53 5.84 6.13 6.64 5.77 7.15 7.81 8.03 8.26 9.56 7.88 8.83 14.67 22.63 25.04 29.42 28.18 29.86 26.94 23.72 17.89 19.59 14.31 15.77 15.77 8.47 4.02 2.26 0.00 1.61 1.68 2.12 0.00 0.00 0.00 0.00 0.00 0.00 0.00 0.00 0.00 0.00 0.00 0.00 0.00 0.00 0.00 0.00 4.60 4.60 5.11 0.00 0.00 0.00 0.00 2.63 4.45 5.04 9.49 11.39 9.42 9.27 10.15
15.40 14.45 13.65 12.85 11.68 14.31 16.21 16.86 13.87 13.18 0.00 0.00 0.00 0.00 1.61 2.26 2.92 2.70 3.94 3.94 4.60 5.62 7.08 8.03 9.13 9.27 9.20 7.59 9.93 8.60 9.00 9.76 11.23 12.49 21.90 23.51 16.72 22.85 27.80 27.08 24.45 23.89 18.18 20.08 20.08 13.14 15.70 5.33 4.67 3.43 6.50 2.77 0.00 0.00 0.00 0.00 0.00 0.00 0.00 0.00 0.00 0.00 0.00 0.00 0.00 0.00 0.00 0.00 0.00 0.00 0.00 0.00 0.00 0.00 0.00 1.24 0.00 0.00 0.00 5.99 5.99 7.96 8.47
15.40 14.45 13.65 12.85 11.68 14.31 16.21 16.86 13.87 12.85 0.00 0.00 0.00 0.00 1.61 2.26 2.92 2.70 3.96 3.94 4.60 5.62 7.08 8.03 9.13 9.27 9.20 7.59 9.93 8.47 8.69 9.42 11.17 12.12 21.90 23.62 16.80 22.85 27.66 27.36 24.45 23.65 18.18 20.08 20.08 13.14 15.70 5.33 4.67 3.43 6.50 2.77 0.00 0.00 0.00 0.00 0.00 0.00 0.00 0.00 0.00 0.00 0.00 0.00 0.00 0.00 0.00 0.00 0.00 0.00 0.00 0.00 0.00 0.00 0.00 1.24 0.00 0.00 0.00 5.99 5.99 7.96 8.47
18.61 19.78 16.94 17.08 11.53 22.05 15.04 18.32 15.49 0.00 0.00 0.00 0.51 2.48 1.46 0.00 0.00 0.00 3.14 3.14 2.92 4.82 6.13 6.28 7.81 8.91 9.42 9.56 10.59 11.32 11.10 11.53 11.24 11.24 11.75 10.88 11.90 17.52 21.90 18.19 19.78 20.37 19.71 18.03 18.03 20.00 15.84 10.29 14.97 14.60 10.88 4.74 2.26 3.29 0.00 0.00 0.00 0.00 0.00 0.00 0.00 0.00 0.00 0.00 0.00 0.00 0.00 0.00 0.00 0.00 0.00 0.00 0.00 0.00 0.00 0.00 0.00 0.00 0.00 0.00 6.57 5.55 7.74
