Wansh/Snow_depth/snowdepth-1997/winter/1998049.txt
ncols 321
nrows 161
xllcenter 60
yllcenter 15 
cellsize  0.25 
NODATA_value -1
[rows 0 to 36 of 161, columns 83 to 165 of 321]
21.75 21.53 21.83 17.89 21.39 21.39 19.78 12.85 14.75 14.02 16.43 19.05 16.79 17.74 17.74 17.74 19.35 19.27 18.76 18.76 16.86 17.81 15.33 16.35 10.80 9.78 6.13 6.64 5.48 7.30 7.74 6.72 9.42 7.66 9.93 6.64 8.83 8.76 7.23 9.71 10.29 8.69 10.07 10.22 10.22 9.42 5.77 5.77 6.50 6.20 8.98 10.37 9.78 8.47 10.22 10.37 8.83 6.86 7.01 6.06 6.72 4.09 3.50 3.50 3.14 2.99 4.31 5.33 5.26 5.26 6.35 8.83 7.88 10.15 9.20 9.20 9.71 9.56 12.48 13.21 14.09 11.97 11.68
20.37 20.22 19.64 16.64 14.82 15.18 12.99 11.75 13.43 15.99 17.16 17.08 16.06 15.55 16.79 13.29 12.12 13.58 12.99 12.99 15.26 16.50 15.18 14.16 14.82 11.90 6.79 6.57 4.38 4.38 5.69 6.79 6.06 7.81 5.33 6.50 4.23 5.04 5.26 6.28 9.71 8.54 13.36 11.90 11.90 11.90 10.73 7.15 7.15 6.35 5.62 7.81 6.57 7.01 5.18 5.69 7.23 6.64 7.01 7.15 9.05 4.89 4.53 4.96 4.89 6.06 6.57 6.42 8.32 8.32 6.06 7.59 9.27 8.83 9.78 10.37 10.07 11.39 12.48 12.48 11.83 10.95 10.88
18.25 17.59 18.25 15.55 12.85 14.45 14.24 14.75 16.79 17.30 17.74 17.89 18.18 17.37 16.35 14.38 11.90 11.17 10.66 10.66 11.83 11.24 13.29 15.77 14.31 10.44 11.83 7.45 5.77 5.04 4.96 5.55 5.91 6.72 5.77 6.57 5.26 6.13 7.59 6.50 10.15 12.12 12.05 9.13 9.13 12.19 12.12 12.19 9.86 7.66 5.11 5.26 5.26 4.67 4.67 4.53 5.77 5.62 8.98 9.71 10.00 9.27 10.88 10.59 8.32 8.61 8.47 9.93 9.78 9.78 10.51 10.51 10.73 10.15 11.53 11.24 13.51 14.82 14.89 14.24 14.02 13.80 14.16
18.25 17.59 18.25 15.55 12.85 14.45 14.24 14.75 16.79 17.30 17.74 17.89 18.18 17.37 16.35 14.38 11.90 11.17 10.66 10.66 11.83 11.24 13.29 15.77 14.31 10.44 11.83 7.45 5.77 5.04 4.96 5.55 5.91 6.72 5.77 6.57 5.26 6.13 7.59 6.50 10.15 12.12 12.05 9.13 9.13 12.19 12.12 12.19 9.86 7.66 5.11 5.26 5.26 4.67 4.67 4.53 5.77 5.62 8.98 9.71 10.00 9.27 10.88 10.59 8.32 8.61 8.47 9.93 9.78 9.78 10.51 10.51 10.73 10.15 11.53 11.24 13.51 14.82 14.89 14.24 14.02 13.80 14.16
17.01 16.35 17.89 14.75 14.60 15.55 16.28 17.08 16.06 16.50 16.13 17.45 14.45 14.60 16.86 14.24 14.97 13.21 10.73 10.73 10.37 10.73 12.78 12.26 14.09 13.43 10.80 11.75 6.86 4.74 4.74 4.82 5.04 6.50 7.96 7.96 8.03 7.81 7.74 8.32 5.55 5.26 7.23 7.15 7.15 7.74 9.05 11.68 11.17 11.61 11.83 6.42 5.04 5.18 3.87 4.74 4.74 5.62 7.59 7.59 9.86 10.44 11.53 11.83 12.05 10.95 11.17 11.17 10.44 10.44 11.75 11.24 10.29 10.44 10.95 12.34 11.75 14.82 14.89 15.04 14.16 14.60 14.67
15.70 13.94 14.82 15.26 15.40 15.48 11.68 11.10 10.88 10.80 12.26 11.75 13.29 15.77 14.75 14.67 14.82 13.14 13.87 13.87 12.63 10.88 10.51 11.39 12.63 12.41 11.32 7.37 5.91 6.13 5.26 5.69 5.48 6.72 8.18 7.96 8.25 4.96 1.53 2.04 3.14 3.43 2.63 5.84 5.84 7.74 7.23 12.34 13.07 13.07 8.54 9.86 4.53 3.65 3.72 4.31 5.11 4.60 7.01 9.64 9.49 11.53 11.32 12.34 11.83 11.75 11.10 9.27 9.56 9.56 8.61 9.34 8.91 10.29 10.22 10.29 9.27 9.42 8.98 10.66 11.75 11.17 14.09
15.91 15.48 13.43 12.70 11.39 11.10 11.02 10.15 9.93 9.93 9.93 9.71 11.32 13.87 12.92 11.46 13.43 13.80 13.14 13.14 13.21 11.83 11.97 10.44 11.24 8.69 9.20 6.13 5.62 5.69 5.69 6.64 7.81 7.08 8.32 7.74 4.38 5.48 1.75 0.37 0.29 1.75 3.65 3.14 3.14 7.59 12.56 11.17 12.41 9.49 10.95 5.40 6.20 5.26 4.67 4.74 5.18 7.52 7.08 9.78 11.83 11.68 15.04 16.21 16.43 14.24 13.14 13.43 10.59 10.59 8.83 8.76 10.88 10.59 10.80 10.29 10.80 9.05 9.27 9.56 9.34 8.61 10.00
15.91 15.48 13.43 12.70 11.39 11.10 11.02 10.15 9.93 9.93 9.93 9.71 11.32 13.87 12.92 11.46 13.43 13.80 13.14 13.14 13.21 11.83 11.97 10.44 11.24 8.69 9.20 6.13 5.62 5.69 5.69 6.64 7.81 7.08 8.32 7.74 4.38 5.48 1.75 0.37 0.29 1.75 3.65 3.14 3.14 7.59 12.56 11.17 12.41 9.49 10.95 5.40 6.20 5.26 4.67 4.74 5.18 7.52 7.08 9.78 11.83 11.68 15.04 16.21 16.43 14.24 13.14 13.43 10.59 10.59 8.83 8.76 10.88 10.59 10.80 10.29 10.80 9.05 9.27 9.56 9.34 8.61 10.00
13.80 15.62 14.97 12.78 11.53 10.95 9.64 9.20 9.27 8.69 7.88 7.23 9.20 9.64 9.13 10.66 12.34 14.02 14.09 14.09 13.58 13.14 12.85 14.31 11.17 8.25 9.05 7.08 6.20 7.15 6.72 7.15 7.01 8.03 8.25 9.56 7.23 5.11 6.06 1.68 3.21 3.43 4.09 7.01 7.01 6.20 7.08 9.42 9.86 7.15 7.59 7.01 6.13 5.69 6.28 7.52 6.42 7.37 8.83 8.69 8.69 9.86 13.14 14.24 13.21 13.14 13.51 11.39 11.83 11.83 10.44 11.61 11.39 12.34 11.61 11.97 11.46 11.53 11.68 10.73 9.71 9.93 8.76
13.65 9.05 10.00 10.66 10.29 10.88 8.98 7.74 7.23 7.45 7.30 7.45 7.52 8.98 8.83 11.24 13.36 13.07 14.09 14.09 14.38 15.33 13.94 14.89 11.61 8.18 6.42 7.01 6.79 7.96 6.86 7.23 6.86 8.18 10.66 9.93 9.64 7.08 6.13 6.86 3.94 4.45 4.45 5.40 5.40 5.48 5.55 5.18 6.86 6.79 8.18 10.37 9.71 9.20 8.40 8.83 6.35 7.08 6.64 7.30 7.08 7.88 7.59 7.08 6.57 8.76 10.37 10.29 11.90 11.90 14.24 10.59 12.70 12.34 12.85 11.10 11.83 12.26 15.99 14.24 8.98 10.07 6.28
8.83 9.20 9.20 9.20 7.81 7.23 7.08 7.59 7.37 11.46 9.34 7.66 10.88 9.49 8.91 9.34 12.85 13.07 14.31 14.31 14.31 14.60 15.33 10.44 7.52 8.10 7.15 8.10 7.59 7.96 6.94 5.62 7.01 6.57 6.35 7.30 6.86 6.79 7.59 6.13 6.42 4.89 6.06 5.99 5.99 5.69 5.62 5.55 7.01 8.03 8.18 10.00 11.83 11.39 8.10 5.91 5.69 8.10 8.47 9.20 8.61 7.37 6.64 6.06 7.59 7.23 10.29 12.78 12.63 12.63 15.33 15.48 15.99 14.53 12.70 13.36 10.80 14.24 15.55 15.99 9.86 9.05 7.45
8.83 9.20 9.20 9.20 7.81 7.23 7.08 7.59 7.37 11.46 9.34 7.66 10.88 9.49 8.91 9.34 12.85 13.07 14.31 14.31 14.31 14.60 15.33 10.44 7.52 8.10 7.15 8.10 7.59 7.96 6.94 5.62 7.01 6.57 6.35 7.30 6.86 6.79 7.59 6.13 6.42 4.89 6.06 5.99 5.99 5.69 5.62 5.55 7.01 8.03 8.18 10.00 11.83 11.39 8.10 5.91 5.69 8.10 8.47 9.20 8.61 7.37 6.64 6.06 7.59 7.23 10.29 12.78 12.63 12.63 15.33 15.48 15.99 14.53 12.70 13.36 10.80 14.24 15.55 15.99 9.86 9.05 7.45
9.34 9.34 8.98 8.83 8.18 7.74 9.56 11.17 10.51 11.61 10.51 12.41 11.02 9.05 14.09 14.45 13.80 15.18 16.43 16.43 17.23 15.18 15.99 12.12 10.44 8.69 9.13 7.81 6.64 6.20 6.35 6.64 7.45 6.28 6.20 6.79 8.32 8.10 8.76 5.99 7.23 7.15 6.57 5.11 5.11 5.33 3.72 5.77 5.33 7.74 8.10 8.98 10.07 6.94 7.81 6.13 8.10 8.18 11.02 10.44 10.95 8.32 8.32 8.47 8.54 10.15 9.13 12.70 15.77 15.77 15.99 19.05 17.74 18.83 16.35 14.82 11.97 11.24 10.66 13.65 11.68 12.41 9.93
10.95 10.22 10.51 9.20 8.25 8.76 10.59 11.02 11.97 12.19 11.90 12.34 16.13 17.01 17.81 17.45 16.13 18.83 18.54 18.54 16.79 14.24 11.90 10.44 10.73 9.34 7.15 6.35 6.28 7.23 9.20 9.05 8.61 10.37 7.45 7.37 9.56 8.91 6.42 6.13 7.30 4.74 4.82 3.87 3.87 3.50 3.50 5.84 7.45 7.52 7.08 7.37 7.45 6.57 5.11 5.11 7.23 8.98 8.47 10.22 9.05 9.27 9.78 10.73 11.39 11.24 14.02 15.84 15.77 15.77 17.45 19.27 19.42 20.08 17.52 14.02 14.75 10.15 10.88 10.59 11.68 10.37 8.54
11.32 10.37 8.83 8.47 9.56 9.13 10.15 9.49 11.75 13.07 12.48 14.09 15.70 16.35 13.21 16.86 17.96 17.08 17.89 17.89 14.38 12.92 11.10 9.71 8.98 9.20 7.74 8.98 9.05 8.83 10.37 12.99 11.61 11.61 10.07 9.64 9.93 5.91 4.53 4.31 4.23 3.43 3.07 3.50 3.50 4.16 6.13 5.84 7.01 7.74 7.96 8.18 7.52 6.50 6.57 6.86 8.25 7.59 7.59 5.77 5.11 5.40 5.91 10.15 12.26 9.78 13.14 14.82 15.33 15.33 15.18 17.67 18.54 14.16 17.45 11.39 11.53 3.21 5.91 0.00 7.66 5.77 9.13
11.68 9.27 9.71 9.34 10.00 8.83 8.47 8.54 9.20 6.35 9.42 13.80 10.44 9.64 11.10 13.43 13.72 13.29 12.99 12.99 11.17 11.97 10.07 8.69 8.54 8.83 9.64 9.27 8.98 10.15 13.21 12.63 12.70 9.78 10.29 7.01 3.65 4.23 2.70 5.18 6.50 6.50 5.84 6.64 6.64 6.64 5.55 5.69 5.77 5.55 6.20 7.81 8.18 6.94 7.59 7.30 6.79 5.91 7.52 4.09 3.72 3.50 4.23 5.11 4.89 6.57 11.02 13.07 12.70 12.70 16.57 17.08 17.45 15.11 9.27 10.73 10.22 10.00 1.02 0.00 8.03 7.30 8.69
11.68 9.27 9.71 9.34 10.00 8.83 8.47 8.54 9.20 6.35 9.42 13.80 10.44 9.64 11.10 13.43 13.72 13.29 12.99 12.99 11.17 11.97 10.07 8.69 8.54 8.83 9.64 9.27 8.98 10.15 13.21 12.63 12.70 9.78 10.29 7.01 3.65 4.23 2.70 5.18 6.50 6.50 5.84 6.64 6.64 6.64 5.55 5.69 5.77 5.55 6.20 7.81 8.18 6.94 7.59 7.30 6.79 5.91 7.52 4.09 3.72 3.50 4.23 5.11 4.89 6.57 11.02 13.07 12.70 12.70 16.57 17.08 17.45 15.11 9.27 10.73 10.22 10.00 1.02 0.00 8.03 7.30 8.69
10.07 8.47 8.32 9.78 10.73 9.20 7.15 5.91 3.94 4.60 6.72 6.64 8.25 7.45 12.70 12.41 12.70 12.99 11.46 11.46 8.10 7.45 6.94 7.59 6.79 9.20 8.91 8.47 8.76 9.64 11.32 12.85 12.78 10.37 8.47 9.78 4.02 3.21 5.26 5.18 6.42 6.50 6.42 5.84 5.84 5.26 5.77 6.06 5.04 5.18 5.04 4.67 4.23 6.86 6.20 5.26 5.33 4.60 5.18 5.18 7.15 11.24 6.50 6.50 5.99 7.59 7.15 11.46 15.84 15.84 14.45 18.76 14.60 10.15 8.91 8.76 8.54 3.72 5.62 0.00 6.20 6.72 5.77
10.73 11.02 11.10 11.32 11.83 10.15 11.10 6.28 4.60 5.11 4.53 8.18 10.22 11.61 12.26 12.19 11.61 9.93 10.15 10.15 9.13 7.01 6.86 7.45 7.01 8.25 9.05 9.05 9.05 9.13 11.32 13.43 14.97 14.45 11.32 7.96 9.34 3.80 3.72 2.12 4.89 4.96 4.74 4.53 4.53 6.35 7.08 5.99 6.42 4.82 3.72 3.65 3.94 2.19 2.63 3.36 3.80 3.58 5.11 8.10 13.72 12.56 17.30 12.99 14.60 9.27 9.13 13.58 12.12 12.12 19.93 18.18 19.35 13.29 7.96 7.81 7.96 5.77 0.29 0.00 5.26 4.23 5.84
10.37 11.61 11.32 13.29 13.58 12.56 12.56 10.07 9.20 4.60 7.59 5.91 8.54 10.44 9.20 7.15 8.61 9.93 9.71 9.71 9.20 9.34 7.96 6.79 6.86 8.76 8.32 9.49 8.83 9.64 9.86 7.74 11.10 8.91 8.25 9.13 4.96 5.77 2.85 1.31 1.39 3.07 4.67 9.64 9.64 8.69 9.20 6.50 5.84 6.57 6.79 2.77 3.14 1.68 1.90 2.70 4.02 8.83 9.93 8.18 12.99 18.54 17.81 16.13 11.39 12.12 10.73 14.09 19.27 19.27 18.76 17.96 10.07 2.41 2.34 1.61 1.83 0.58 0.51 0.44 1.39 0.73 1.31
11.53 9.42 10.66 12.34 13.51 13.14 13.36 9.20 10.29 7.01 8.76 7.30 9.34 9.34 9.78 8.18 6.57 8.98 8.76 8.76 8.98 9.05 8.47 8.61 7.37 10.37 9.64 9.93 8.83 7.45 4.38 4.74 3.36 5.69 5.18 5.69 3.87 0.73 0.37 0.29 0.95 3.94 2.99 7.59 7.59 8.54 7.88 8.32 8.61 7.96 8.18 7.30 8.47 5.48 5.18 6.64 10.37 9.56 10.73 9.49 9.56 10.51 12.56 12.99 13.14 13.51 13.43 12.70 12.99 12.99 8.83 3.36 1.24 1.97 0.37 0.29 0.00 0.00 0.00 0.00 0.22 0.00 0.00
9.13 10.73 10.15 10.15 10.44 11.32 11.53 10.44 12.41 10.44 17.01 17.23 16.35 13.14 11.68 11.83 11.10 11.90 9.05 9.05 10.37 13.80 12.05 12.56 9.86 12.85 12.19 14.09 10.07 10.00 8.03 3.36 4.23 4.38 4.16 1.75 0.66 0.88 0.00 0.95 0.22 3.14 1.83 5.11 5.11 4.96 5.26 2.92 2.99 6.42 5.40 5.26 6.72 5.69 6.79 7.52 11.83 11.46 11.90 9.49 8.25 8.76 8.47 10.51 12.56 11.90 13.29 11.61 7.88 7.88 9.20 3.58 0.95 0.51 0.00 0.00 0.00 0.00 0.00 0.00 0.00 0.00 0.00
9.13 10.73 10.15 10.15 10.44 11.32 11.53 10.44 12.41 10.44 17.01 17.23 16.35 13.14 11.68 11.83 11.10 11.90 9.05 9.05 10.37 13.80 12.05 12.56 9.86 12.85 12.19 14.09 10.07 10.00 8.03 3.36 4.23 4.38 4.16 1.75 0.66 0.88 0.00 0.95 0.22 3.14 1.83 5.11 5.11 4.96 5.26 2.92 2.99 6.42 5.40 5.26 6.72 5.69 6.79 7.52 11.83 11.46 11.90 9.49 8.25 8.76 8.47 10.51 12.56 11.90 13.29 11.61 7.88 7.88 9.20 3.58 0.95 0.51 0.00 0.00 0.00 0.00 0.00 0.00 0.00 0.00 0.00
11.17 10.59 9.78 8.76 8.25 8.69 6.94 8.47 12.41 14.60 14.02 18.32 17.81 18.18 17.23 16.28 14.60 14.02 15.18 15.18 14.60 14.75 14.75 13.51 14.53 14.24 14.24 14.45 11.61 7.66 8.47 5.26 3.80 4.02 3.21 1.83 0.00 0.00 0.00 0.00 2.34 2.26 1.39 0.00 0.00 0.00 0.00 0.00 0.00 0.00 2.99 4.45 4.23 3.94 4.82 5.84 5.33 6.20 4.38 0.00 5.84 6.20 5.11 6.79 8.98 10.80 8.91 7.08 7.59 7.59 6.64 7.23 2.77 3.58 1.39 0.00 0.00 0.00 0.00 0.00 0.00 0.00 0.00
10.73 9.56 10.51 8.18 10.29 7.88 10.15 8.83 11.10 14.24 14.97 18.69 18.61 16.50 15.48 15.40 11.02 12.99 13.65 13.65 14.24 13.94 14.09 13.14 13.56 12.69 13.87 12.68 10.66 8.10 7.88 8.03 4.02 2.56 1.31 1.83 0.00 0.00 0.00 0.00 1.17 0.66 0.88 0.00 0.00 0.00 0.00 0.00 0.00 0.00 0.00 0.00 0.00 0.00 0.00 3.50 3.87 3.87 3.58 0.00 2.99 0.00 4.02 5.99 7.59 7.30 7.81 7.15 6.94 6.94 6.79 7.96 6.57 5.40 2.77 0.95 0.15 0.00 0.07 0.00 0.00 0.00 0.00
10.95 10.88 11.61 12.78 12.34 11.61 17.08 16.35 18.61 21.24 20.59 17.67 14.53 16.06 11.68 10.15 10.59 11.83 13.94 13.94 14.97 14.38 14.97 14.60 15.45 14.95 13.33 13.12 12.42 13.29 9.71 7.23 6.06 4.02 2.92 0.00 0.00 0.22 0.37 1.24 0.95 0.80 0.00 0.00 0.00 0.00 0.00 0.00 0.00 0.00 0.00 0.00 0.00 0.00 0.00 0.00 0.00 0.00 0.00 0.00 0.00 3.50 4.82 4.74 5.62 5.91 4.89 6.28 5.91 5.91 7.66 7.37 6.20 6.72 4.09 1.83 4.23 2.34 0.58 0.66 0.00 0.37 0.00
14.82 15.11 14.89 15.33 13.21 16.86 16.50 17.37 18.98 17.89 17.74 17.16 8.32 9.34 7.66 10.29 11.68 14.67 14.60 14.60 15.11 12.34 14.08 15.35 15.13 16.49 15.13 17.07 14.67 15.73 12.89 8.40 10.07 5.40 5.33 5.69 2.26 2.12 2.04 0.95 0.44 0.66 0.00 0.00 0.00 0.00 0.00 0.00 0.00 0.00 0.00 0.00 0.00 0.00 0.00 0.00 0.00 0.00 0.00 0.00 3.14 2.48 4.67 5.62 6.06 6.35 5.33 8.25 11.75 11.75 9.56 9.27 7.52 7.81 5.91 5.77 5.69 5.91 5.55 2.34 1.24 1.39 0.00
15.55 14.60 15.26 16.79 17.16 16.28 16.21 16.21 16.79 19.35 13.94 10.88 7.01 5.40 4.96 7.45 10.95 14.97 14.09 14.09 11.54 11.95 10.82 10.46 13.51 12.82 15.48 15.73 17.85 18.55 12.54 12.40 14.09 9.13 8.76 9.86 4.96 3.14 3.50 2.70 0.73 0.00 0.00 0.00 0.00 0.00 0.00 0.00 0.00 0.00 0.00 0.00 0.00 0.00 0.00 0.00 0.00 0.00 0.00 0.00 0.00 4.89 4.60 5.84 8.47 7.37 7.52 8.69 12.63 12.63 13.80 11.10 8.18 8.83 6.86 5.62 5.62 5.33 3.72 3.65 2.48 2.41 0.95
15.55 14.60 15.26 16.79 17.16 16.28 16.21 16.21 16.79 19.35 13.94 10.88 7.01 5.40 4.96 7.45 10.95 14.97 14.09 14.16 11.92 12.13 11.58 10.20 13.85 12.63 15.48 15.26 16.59 17.33 12.73 12.52 14.68 10.25 9.27 10.11 4.96 3.14 3.50 2.70 0.73 0.00 0.00 0.00 0.00 0.00 0.00 0.00 0.00 0.00 0.00 0.00 0.00 0.00 0.00 0.00 0.00 0.00 0.00 0.00 0.00 4.89 4.60 5.84 8.47 7.37 7.52 8.69 12.63 12.63 13.80 11.10 8.18 8.83 6.86 5.62 5.62 5.33 3.72 3.65 2.48 2.41 0.95
15.48 15.84 14.16 16.43 17.52 14.09 15.91 15.99 22.34 20.95 15.26 17.30 12.92 6.42 8.76 9.27 12.26 20.29 16.43 16.43 10.00 7.88 7.96 7.26 8.60 7.94 12.39 12.54 12.62 19.20 21.35 16.59 17.47 20.88 16.22 12.94 14.37 6.56 4.16 2.99 3.58 0.22 0.15 0.22 0.22 0.00 0.00 0.00 0.00 0.00 0.00 0.00 0.00 0.00 0.00 0.00 0.00 0.00 0.00 0.00 0.00 3.36 5.55 7.59 8.18 10.88 12.85 12.19 14.24 14.24 14.31 12.48 10.15 6.57 5.84 5.48 6.50 5.62 4.53 4.67 3.14 3.29 1.61
11.75 10.88 11.46 14.02 8.54 10.44 14.16 22.78 23.58 22.78 21.68 18.10 15.91 15.18 15.77 16.06 21.10 20.81 19.05 19.05 12.11 7.96 4.18 4.82 0.00 5.65 3.11 9.86 8.32 17.21 21.16 23.73 21.24 21.83 19.04 17.94 17.52 18.31 9.83 5.69 6.50 6.35 1.02 0.00 0.00 0.00 0.00 0.00 0.00 0.44 0.00 0.00 0.00 0.00 0.00 0.00 0.00 0.00 0.00 0.00 0.00 0.00 0.00 0.00 10.44 12.19 11.39 11.90 11.97 11.97 12.99 11.90 8.32 8.32 5.55 7.01 6.79 6.50 6.06 6.06 5.26 5.33 3.14
8.98 8.47 6.28 5.33 8.03 8.40 9.64 18.32 15.70 19.86 16.06 15.48 15.77 16.06 13.80 16.35 17.08 17.08 10.66 10.66 10.95 8.25 5.33 4.02 0.00 2.77 0.00 5.69 10.32 21.01 19.83 20.88 24.67 25.40 25.55 21.90 21.75 23.26 21.68 11.24 11.10 10.29 11.10 2.63 2.63 0.00 0.00 0.00 0.00 0.00 0.88 0.00 0.00 0.00 0.00 0.00 0.00 0.00 0.00 0.00 0.00 0.00 0.00 5.62 4.16 9.42 9.93 6.50 9.93 9.93 12.05 12.19 9.78 6.50 4.74 6.42 6.42 9.86 8.32 9.56 6.79 7.88 3.50
9.71 6.72 4.89 5.40 4.45 5.40 6.20 13.51 14.60 16.50 16.57 16.43 14.53 15.04 13.94 13.14 13.14 5.48 6.64 6.64 4.82 5.62 5.77 5.55 7.52 4.16 4.82 7.01 9.61 10.66 15.70 16.28 14.02 24.09 25.70 24.75 26.94 26.16 25.80 16.31 16.37 13.29 10.37 11.32 11.32 2.12 0.07 0.00 0.44 0.22 0.80 0.66 0.00 0.00 0.00 0.00 0.00 0.00 0.00 0.00 0.00 0.00 0.00 0.00 0.00 0.00 0.00 3.58 6.35 6.35 10.66 6.13 5.18 2.99 0.00 0.00 0.00 7.23 11.39 11.24 9.34 8.25 8.32
6.06 6.72 4.82 3.94 4.60 5.04 9.93 15.77 15.91 16.74 16.64 16.72 15.62 11.75 13.14 12.05 6.06 4.96 3.14 3.14 3.65 6.50 5.40 7.23 9.49 8.10 8.98 9.27 9.07 9.05 10.15 12.34 11.24 19.05 23.51 25.26 28.47 28.54 28.11 27.42 18.72 18.93 14.45 12.34 12.34 8.98 9.56 2.26 0.88 0.95 0.95 0.95 0.37 0.00 0.00 0.00 0.00 0.00 0.00 0.00 1.39 0.58 0.00 0.00 0.00 0.00 0.00 0.00 0.00 0.00 0.00 2.77 0.00 0.00 0.00 0.66 0.80 4.89 10.15 8.40 10.51 8.83 7.45
7.45 8.32 5.11 5.55 4.89 4.53 12.78 13.87 14.38 14.82 11.39 11.32 10.51 9.13 5.04 2.56 3.43 2.04 0.00 0.00 2.70 5.99 4.74 9.56 9.42 9.42 9.34 10.44 8.32 8.60 10.52 11.88 12.55 18.74 17.45 19.64 16.13 27.30 27.28 27.96 25.84 20.13 20.73 17.45 17.45 13.43 14.02 14.31 4.67 2.77 2.26 2.34 1.39 0.00 0.00 0.00 0.00 0.00 0.00 0.00 0.00 0.51 0.00 0.00 0.00 0.00 0.00 0.00 0.00 0.00 0.00 0.00 0.00 0.00 0.00 0.00 0.00 0.00 3.94 0.00 8.47 7.08 8.10
7.45 8.32 5.11 5.55 4.89 4.53 12.78 13.87 14.38 14.45 11.39 11.32 10.51 9.13 5.04 2.56 3.43 2.04 0.00 0.00 2.70 5.99 4.74 9.56 9.42 9.42 9.34 10.44 8.32 8.47 10.15 11.46 12.48 18.18 17.45 19.74 16.21 27.30 27.15 28.24 25.84 19.93 20.73 17.45 17.45 13.43 14.02 14.31 4.67 2.77 2.26 2.34 1.39 0.00 0.00 0.00 0.00 0.00 0.00 0.00 0.00 0.51 0.00 0.00 0.00 0.00 0.00 0.00 0.00 0.00 0.00 0.00 0.00 0.00 0.00 0.00 0.00 0.00 3.94 0.00 8.47 7.08 8.10
9.56 9.64 4.67 3.50 2.41 4.60 13.07 14.97 15.19 13.78 11.10 9.64 7.81 5.69 4.16 1.39 0.00 0.00 0.00 0.00 0.00 0.00 2.41 4.89 8.47 7.59 10.88 11.83 10.22 12.56 12.56 12.41 12.34 10.95 13.87 13.94 12.34 12.19 23.94 23.26 23.94 18.18 19.64 20.08 20.08 19.27 18.25 15.84 15.40 15.48 12.63 7.81 4.74 0.00 0.00 0.00 0.00 0.00 0.00 0.00 0.00 0.00 0.73 0.73 0.07 0.00 0.00 0.00 0.00 0.00 0.00 0.00 0.00 0.00 0.00 0.00 0.00 0.00 0.00 0.00 2.77 5.91 5.40
