Wansh/Snow_depth/snowdepth-1997/winter/1998047.txt
ncols 321
nrows 161
xllcenter 60
yllcenter 15 
cellsize  0.25 
NODATA_value -1
[rows 0 to 36 of 161, columns 0 to 82 of 321]
17.59 17.59 17.01 20.44 20.37 20.81 21.32 22.34 22.05 21.24 21.61 22.12 22.34 22.27 21.10 21.46 22.34 20.08 20.37 18.18 17.37 17.01 18.76 18.76 17.16 16.21 16.21 16.35 16.06 17.30 16.35 17.52 16.13 16.13 17.23 17.16 17.08 17.37 16.86 18.98 20.00 19.71 20.08 18.32 20.37 21.10 22.12 21.75 23.07 20.81 21.46 21.46 21.32 19.86 21.02 19.93 19.49 20.81 20.81 19.05 19.13 19.20 19.64 20.00 20.00 17.08 17.23 16.72 16.06 15.33 12.05 20.51 20.51 20.51 20.51 21.83 21.83 21.97 21.90 21.10 21.39 20.95 20.59
18.98 18.98 20.37 20.29 20.95 21.90 21.75 21.53 21.17 21.46 19.49 19.56 18.18 19.49 19.64 17.74 16.50 16.35 16.21 18.54 17.16 17.23 17.52 15.11 15.48 15.18 15.18 14.82 14.82 16.06 17.08 17.16 15.26 15.40 15.40 16.50 16.86 16.64 17.89 17.81 17.67 17.67 14.09 17.01 13.14 12.78 12.92 14.97 18.91 18.25 19.93 19.93 18.03 16.64 17.96 17.45 18.61 18.10 18.25 17.67 19.56 14.16 15.77 15.55 14.67 14.75 14.09 11.32 12.70 10.88 12.12 11.32 12.85 19.71 21.17 20.88 20.88 21.39 20.95 21.61 20.29 19.93 19.86
17.81 17.81 20.29 20.37 20.51 19.86 21.10 21.17 19.64 17.96 19.05 17.30 15.91 15.99 15.33 16.43 15.99 15.26 15.33 15.48 15.40 15.62 13.72 15.26 14.82 15.33 15.33 15.62 14.38 14.31 14.45 13.07 11.68 12.05 12.63 14.75 14.53 14.16 14.16 14.02 13.94 12.92 12.92 12.41 11.61 11.75 10.80 12.78 13.87 13.51 14.24 14.24 13.43 13.43 14.31 14.60 13.87 15.62 17.30 18.76 15.70 15.55 15.62 15.70 14.38 15.48 14.60 14.24 14.31 12.70 14.09 14.53 16.72 18.69 19.49 19.78 19.78 18.98 19.13 19.20 18.54 16.06 16.79
17.81 17.81 20.29 20.37 20.51 19.86 21.10 21.17 19.64 17.96 19.05 17.30 15.91 15.99 15.33 16.43 15.99 15.26 15.33 15.48 15.40 15.62 13.72 15.26 14.82 15.33 15.33 15.62 14.38 14.31 14.45 13.07 11.68 12.05 12.63 14.75 14.53 14.16 14.16 14.02 13.94 12.92 12.92 12.41 11.61 11.75 10.80 12.78 13.87 13.51 14.24 14.24 13.43 13.43 14.31 14.60 13.87 15.62 17.30 18.76 15.70 15.55 15.62 15.70 14.38 15.48 14.60 14.24 14.31 12.70 14.09 14.53 16.72 18.69 19.49 19.78 19.78 18.98 19.13 19.20 18.54 16.06 16.79
16.79 16.79 16.79 16.13 18.54 18.18 19.71 19.20 19.78 17.45 16.86 16.86 15.99 15.33 15.48 14.89 14.67 15.11 14.45 15.77 15.11 14.02 14.24 14.24 13.65 14.02 14.02 12.70 12.34 12.48 12.92 13.43 12.78 12.34 11.97 14.31 13.72 12.99 14.31 12.12 11.02 11.61 12.19 12.12 12.12 11.02 11.24 11.61 11.61 12.19 11.97 11.97 11.02 11.68 12.26 13.07 12.12 13.21 14.16 10.73 12.41 14.02 15.77 15.84 15.99 15.77 15.26 13.80 13.29 13.87 13.80 14.24 16.50 16.06 16.21 17.81 17.81 17.96 17.52 16.79 16.72 16.06 15.70
16.21 16.21 15.99 16.57 15.70 19.35 18.54 18.76 18.61 18.69 16.35 15.84 16.13 14.31 14.89 14.67 14.97 14.24 14.24 14.16 13.58 13.80 13.07 13.65 12.92 11.61 11.61 11.75 11.83 11.97 11.83 13.80 14.60 14.67 13.72 13.72 13.87 12.99 12.34 12.63 11.83 10.88 12.05 10.88 13.14 12.34 12.78 11.39 11.68 11.32 10.95 10.95 11.24 10.37 9.78 10.59 10.66 13.29 10.80 10.07 10.29 12.78 15.77 14.31 15.33 14.45 14.67 13.94 13.51 13.72 12.92 15.91 16.21 15.48 16.06 15.48 15.48 15.77 16.28 16.13 16.21 16.43 16.28
16.28 16.28 16.35 17.08 21.02 21.10 20.73 20.29 20.37 19.49 19.86 16.35 14.38 14.75 14.53 15.33 15.18 14.45 13.80 13.94 13.21 12.85 12.85 12.26 10.95 11.10 11.10 11.02 10.59 10.37 12.63 13.87 15.26 13.65 13.07 13.14 12.41 12.78 12.41 13.07 11.46 11.97 10.73 12.85 11.24 10.73 11.17 9.78 10.29 8.54 9.42 9.42 9.42 9.20 8.69 9.78 11.39 9.93 9.86 10.37 10.15 10.95 10.44 12.12 14.24 11.83 12.41 13.94 13.65 13.14 9.56 11.75 9.93 11.46 11.97 11.97 11.97 13.94 15.40 14.24 16.57 16.35 16.64
16.28 16.28 16.35 17.08 21.02 21.10 20.73 20.29 20.37 19.49 19.86 16.35 14.38 14.75 14.53 15.33 15.18 14.45 13.80 13.94 13.21 12.85 12.85 12.26 10.95 11.10 11.10 11.02 10.59 10.37 12.63 13.87 15.26 13.65 13.07 13.14 12.41 12.78 12.41 13.07 11.46 11.97 10.73 12.85 11.24 10.73 11.17 9.78 10.29 8.54 9.42 9.42 9.42 9.20 8.69 9.78 11.39 9.93 9.86 10.37 10.15 10.95 10.44 12.12 14.24 11.83 12.41 13.94 13.65 13.14 9.56 11.75 9.93 11.46 11.97 11.97 11.97 13.94 15.40 14.24 16.57 16.35 16.64
15.48 15.48 17.74 17.08 21.53 21.46 21.46 18.91 19.71 20.00 16.72 14.02 14.45 14.53 14.31 14.89 15.26 15.26 13.72 12.63 12.78 12.26 12.12 12.05 11.10 10.59 10.59 10.66 10.44 11.90 11.68 12.12 13.14 13.36 12.34 11.61 11.83 11.39 12.85 11.02 10.07 10.07 9.93 10.29 10.00 10.80 9.13 9.64 8.47 8.83 7.96 7.96 6.86 7.81 6.94 9.86 8.03 7.81 8.54 9.13 7.45 8.47 7.66 9.13 10.07 9.93 11.17 9.13 9.78 9.13 9.42 11.02 11.39 10.07 8.91 10.22 10.22 10.44 10.37 12.78 14.16 12.05 14.16
12.78 12.78 16.57 20.00 18.61 20.29 17.89 18.47 15.70 14.24 16.50 13.80 14.75 14.16 15.91 15.26 15.62 13.36 11.75 11.90 11.46 10.95 11.24 9.93 10.29 10.15 10.15 10.95 11.53 11.24 11.97 12.48 12.19 12.12 12.41 12.41 12.26 10.51 10.51 10.66 10.00 10.59 9.71 9.71 9.20 8.91 8.61 8.98 9.13 8.61 8.10 8.10 6.50 6.72 7.52 6.13 6.06 4.74 7.08 6.86 5.26 5.18 6.35 7.45 8.69 9.05 8.98 9.05 8.83 7.74 7.88 11.10 8.47 8.32 9.13 8.76 8.76 9.05 9.49 8.91 8.83 10.29 10.73
12.78 12.78 12.05 17.89 18.10 17.67 13.80 14.67 14.97 13.80 13.87 13.80 15.04 15.04 15.11 14.53 13.21 13.72 12.05 11.10 11.39 10.15 10.07 10.22 10.22 10.88 10.88 10.80 11.17 11.46 11.68 10.80 11.90 11.90 11.97 12.48 12.26 11.17 11.46 10.51 10.66 10.51 10.29 11.17 10.07 9.27 9.56 8.83 8.69 8.25 8.69 8.69 6.28 4.74 4.09 0.00 0.00 4.82 3.65 4.23 3.94 5.11 5.48 6.50 8.47 9.20 8.40 6.64 7.30 7.15 7.74 8.98 8.69 8.83 10.66 9.56 9.56 9.93 10.22 8.32 8.61 9.13 8.98
12.78 12.78 12.05 17.89 18.10 17.67 13.80 14.67 14.97 13.80 13.87 13.80 15.04 15.04 15.11 14.53 13.21 13.72 12.05 11.10 11.39 10.15 10.07 10.22 10.22 10.88 10.88 10.80 11.17 11.46 11.68 10.80 11.90 11.90 11.97 12.48 12.26 11.17 11.46 10.51 10.66 10.51 10.29 11.17 10.07 9.27 9.56 8.83 8.69 8.25 8.69 8.69 6.28 4.74 4.09 0.00 0.00 4.82 3.65 4.23 3.94 5.11 5.48 6.50 8.47 9.20 8.40 6.64 7.30 7.15 7.74 8.98 8.69 8.83 10.66 9.56 9.56 9.93 10.22 8.32 8.61 9.13 8.98
13.58 13.58 16.50 16.06 15.70 11.90 12.48 10.15 10.37 12.63 12.92 13.36 12.70 12.70 12.41 13.87 12.85 12.70 12.63 13.07 10.80 9.86 9.71 11.02 10.80 11.24 11.24 9.78 10.00 10.15 9.86 10.15 9.49 9.49 10.00 12.19 11.61 11.83 10.73 10.22 10.37 10.66 11.10 11.10 10.51 9.93 10.22 9.49 9.13 9.34 9.05 9.05 4.82 5.62 0.00 4.23 3.80 4.89 4.02 5.84 5.99 6.35 7.08 6.72 8.03 7.30 7.59 8.10 8.61 10.07 8.98 10.29 11.02 10.22 9.13 10.07 10.07 9.64 9.78 9.71 9.93 9.20 8.61
13.87 13.87 16.21 13.94 14.89 10.95 8.25 8.32 8.47 9.64 10.95 11.02 11.46 11.46 11.61 11.97 12.56 12.63 13.14 12.99 12.05 9.71 10.73 10.44 10.51 9.05 9.05 8.98 9.64 9.13 9.20 9.56 8.76 9.64 9.42 10.29 11.32 11.39 11.68 10.15 10.95 10.15 10.07 11.02 10.00 10.07 8.83 8.69 9.71 9.93 8.18 8.18 5.26 5.69 4.53 4.67 5.11 6.86 5.40 5.48 5.84 3.94 3.72 5.33 6.13 5.77 7.01 7.37 8.83 10.00 9.71 10.88 11.46 10.37 10.29 11.39 11.39 10.29 10.37 10.15 9.34 9.42 8.40
15.84 15.84 15.55 15.26 9.42 10.73 6.64 8.25 9.71 9.34 10.73 11.10 10.95 11.53 11.61 11.61 12.34 12.63 12.56 13.07 13.51 12.34 12.34 10.80 10.00 10.37 10.37 9.13 8.61 8.91 8.18 8.47 8.83 8.83 11.24 11.17 11.10 10.80 9.71 9.56 9.27 9.49 9.42 9.34 8.47 8.03 8.91 10.00 11.02 9.56 9.05 9.05 6.64 4.38 4.45 4.31 4.82 4.67 5.55 5.04 3.58 3.58 3.43 4.23 4.09 4.23 5.26 4.96 7.59 10.07 9.86 9.56 10.51 11.83 11.61 11.53 11.53 11.24 10.00 10.80 10.59 10.00 9.93
16.50 16.50 16.21 12.12 11.90 6.79 8.18 7.66 10.66 11.46 11.24 12.41 11.53 12.48 9.93 10.22 10.29 11.39 12.26 12.05 12.56 12.85 10.80 11.10 10.00 9.05 9.05 9.05 9.34 8.40 8.32 8.47 8.76 11.17 10.66 11.17 10.07 9.86 10.07 9.78 10.29 9.42 9.56 9.56 9.05 9.27 11.75 11.53 11.61 10.37 11.02 11.02 8.47 5.62 7.30 5.69 5.04 5.11 5.40 5.11 5.55 5.55 4.96 4.02 4.60 4.09 4.60 5.40 5.69 7.52 9.34 10.00 10.88 11.68 12.05 12.48 12.48 11.02 12.05 10.73 10.22 10.37 10.44
16.50 16.50 16.21 12.12 11.90 6.79 8.18 7.66 10.66 11.46 11.24 12.41 11.53 12.48 9.93 10.22 10.29 11.39 12.26 12.05 12.56 12.85 10.80 11.10 10.00 9.05 9.05 9.05 9.34 8.40 8.32 8.47 8.76 11.17 10.66 11.17 10.07 9.86 10.07 9.78 10.29 9.42 9.56 9.56 9.05 9.27 11.75 11.53 11.61 10.37 11.02 11.02 8.47 5.62 7.30 5.69 5.04 5.11 5.40 5.11 5.55 5.55 4.96 4.02 4.60 4.09 4.60 5.40 5.69 7.52 9.34 10.00 10.88 11.68 12.05 12.48 12.48 11.02 12.05 10.73 10.22 10.37 10.44
16.43 16.43 16.86 11.90 9.42 9.20 9.49 12.92 12.63 13.87 13.72 13.07 13.14 10.66 11.39 9.56 9.78 9.42 9.42 11.02 12.12 12.56 11.17 9.78 9.56 9.13 9.13 8.25 8.10 8.10 7.96 9.05 10.80 10.29 11.61 9.05 8.18 8.69 9.05 9.27 10.73 11.32 9.86 10.00 8.91 9.56 11.61 15.04 13.51 12.12 12.48 12.48 11.61 10.29 8.47 7.52 8.40 5.48 4.89 6.57 7.45 7.08 6.42 4.96 4.53 3.50 3.65 4.89 5.33 7.88 8.61 9.78 10.15 11.53 12.19 10.88 10.88 10.07 10.66 9.86 10.88 9.56 8.25
18.40 18.40 12.48 13.80 10.07 12.56 11.83 13.80 14.09 14.24 14.53 14.67 14.75 12.78 10.07 10.66 9.56 9.64 10.59 10.22 12.05 11.53 11.53 10.51 8.61 8.54 8.54 8.47 8.18 7.01 8.40 8.10 8.76 7.45 6.42 6.06 6.20 6.64 6.86 8.83 10.95 10.59 13.36 11.17 9.71 11.24 12.99 14.89 15.48 13.14 12.19 12.19 10.29 11.17 9.78 10.73 10.37 8.54 8.18 8.47 7.59 7.66 6.72 7.01 4.89 4.38 4.60 3.36 3.94 8.91 8.69 9.42 9.05 9.86 10.51 10.44 10.44 10.95 8.18 8.47 5.91 5.04 6.94
20.08 20.08 14.45 11.02 11.10 12.70 14.60 14.02 15.55 15.48 15.55 14.97 14.02 12.99 13.51 11.39 9.78 9.49 10.07 11.17 11.24 11.24 10.73 9.71 9.78 8.61 8.61 7.30 6.57 6.13 6.06 5.69 3.50 3.80 3.29 1.61 0.00 5.33 4.60 7.30 12.41 11.75 13.51 15.33 11.10 12.85 16.86 16.50 12.12 13.65 11.83 11.83 12.05 11.24 10.29 11.24 10.51 8.76 8.61 8.03 9.93 8.98 9.93 8.61 5.84 6.79 4.31 3.65 8.10 8.40 9.13 9.49 9.78 10.00 11.02 10.66 10.66 9.86 9.64 6.35 5.11 10.00 7.37
14.60 14.60 15.77 12.48 13.14 12.41 14.38 16.13 15.26 15.77 15.91 14.31 14.97 13.80 12.63 13.21 10.66 10.00 10.95 10.59 12.26 11.53 11.53 10.44 8.10 7.23 7.23 7.30 6.86 6.13 5.33 5.40 4.82 0.00 0.00 0.00 0.00 1.90 2.34 8.61 11.68 14.53 16.43 16.57 13.43 13.43 8.10 8.69 11.83 9.93 9.13 9.13 9.56 9.20 8.98 3.58 9.78 11.02 11.90 12.56 12.05 11.39 8.91 8.54 6.72 7.23 5.62 6.35 7.59 7.74 7.88 6.72 9.56 11.17 11.17 12.19 12.19 10.00 10.80 6.42 7.96 10.29 8.32
15.62 15.62 14.45 14.31 15.18 14.89 13.94 14.97 15.04 15.40 15.40 16.79 15.55 14.82 13.51 10.73 11.83 9.27 9.93 11.53 11.02 11.68 10.66 8.91 9.05 8.10 8.10 6.06 6.50 6.35 7.01 2.26 0.00 0.00 0.00 0.37 0.00 0.58 7.88 9.42 13.43 15.11 16.21 16.13 14.60 9.27 9.34 8.61 7.74 5.91 6.28 6.28 6.06 2.19 2.99 1.68 4.02 7.52 9.86 11.83 12.34 10.15 9.49 8.98 7.15 6.42 5.77 5.99 4.82 6.06 7.23 6.64 8.61 10.51 11.83 13.29 13.29 12.05 15.48 14.45 14.97 11.17 9.20
15.62 15.62 14.45 14.31 15.18 14.89 13.94 14.97 15.04 15.40 15.40 16.79 15.55 14.82 13.51 10.73 11.83 9.27 9.93 11.53 11.02 11.68 10.66 8.91 9.05 8.10 8.10 6.06 6.50 6.35 7.01 2.26 0.00 0.00 0.00 0.37 0.00 0.58 7.88 9.42 13.43 15.11 16.21 16.13 14.60 9.27 9.34 8.61 7.74 5.91 6.28 6.28 6.06 2.19 2.99 1.68 4.02 7.52 9.86 11.83 12.34 10.15 9.49 8.98 7.15 6.42 5.77 5.99 4.82 6.06 7.23 6.64 8.61 10.51 11.83 13.29 13.29 12.05 15.48 14.45 14.97 11.17 9.20
11.97 11.97 14.09 15.70 15.62 14.97 15.55 16.13 16.06 16.50 17.96 18.10 16.43 12.78 9.49 10.29 7.74 5.48 6.57 6.20 8.03 7.88 6.64 7.08 7.30 7.66 7.66 7.96 6.79 7.08 4.67 5.77 5.18 5.62 3.72 3.43 10.51 11.83 9.49 15.77 14.82 14.31 15.40 16.13 10.37 17.08 8.18 8.18 7.15 6.06 3.87 3.87 2.19 2.70 2.41 5.55 7.45 8.32 8.25 9.86 10.51 10.44 9.49 8.61 8.69 7.23 6.42 6.79 6.28 6.64 7.59 9.13 10.51 12.41 11.53 13.43 13.43 13.51 15.91 14.82 13.07 10.37 11.17
12.63 12.63 11.32 12.70 14.89 14.75 15.84 15.62 14.82 15.11 16.57 15.70 16.35 13.72 7.96 7.96 8.10 6.86 5.40 6.57 6.42 7.08 6.42 6.06 5.99 6.79 6.79 6.50 7.30 6.79 6.86 9.20 8.61 12.05 13.36 13.80 14.09 13.58 15.84 17.45 18.61 19.35 18.76 16.94 16.06 4.82 5.40 5.48 5.40 0.29 0.44 0.44 2.48 4.60 9.64 7.59 8.40 10.15 10.29 10.66 12.05 13.29 11.53 12.19 9.71 9.86 9.71 8.03 9.05 11.02 9.56 8.69 9.42 10.44 11.10 12.78 12.78 11.97 14.31 14.16 12.85 10.29 8.03
10.00 10.00 11.68 11.46 11.97 13.14 15.77 14.89 12.34 10.66 11.97 9.20 5.26 1.90 6.50 4.74 4.89 5.26 3.94 2.63 6.72 9.71 7.15 10.29 8.47 6.79 6.79 6.86 4.96 5.77 8.18 11.53 12.85 13.21 13.43 14.38 15.26 15.77 16.06 18.76 21.61 20.81 15.84 5.69 5.69 6.79 7.01 9.34 5.40 1.46 2.48 2.48 7.88 7.08 10.29 13.14 12.56 11.68 10.80 12.92 14.82 14.02 13.43 12.63 12.26 10.37 11.10 7.96 13.65 13.51 10.29 9.42 11.97 12.70 12.48 11.24 11.24 12.48 13.80 13.14 14.02 10.73 8.98
9.20 9.20 10.44 10.88 11.10 11.68 10.44 10.88 11.97 11.61 9.71 6.64 7.59 2.70 2.92 5.11 4.31 8.32 9.64 10.88 10.44 12.12 11.97 10.00 10.22 7.45 7.45 4.53 2.77 4.23 3.87 8.47 12.70 14.16 14.16 13.80 12.41 13.94 14.89 17.52 20.00 15.48 3.58 3.65 7.23 9.34 10.88 10.66 7.37 6.64 7.52 7.52 9.56 8.83 10.88 13.36 13.80 12.19 14.31 14.38 14.24 14.45 13.14 12.19 12.05 9.93 14.97 14.38 14.67 14.60 14.02 13.21 14.16 14.89 13.72 14.02 14.02 12.19 12.26 12.19 11.61 11.75 11.39
9.93 9.93 10.88 9.13 8.83 8.61 8.98 9.86 11.53 12.26 11.53 8.10 3.87 4.89 3.58 5.84 9.78 8.76 11.24 13.14 12.26 12.26 11.02 10.44 8.91 5.04 5.04 2.26 1.39 4.23 7.59 11.24 14.53 15.84 15.99 15.33 15.33 13.07 13.87 16.21 14.24 15.55 5.62 4.89 5.84 5.04 7.01 8.18 6.42 6.42 8.47 8.47 9.34 11.97 12.48 14.09 12.78 12.34 10.59 10.51 7.15 9.34 9.05 10.29 11.17 7.45 15.40 14.09 14.89 14.53 14.60 14.67 13.87 13.58 13.29 13.36 13.36 11.61 12.41 11.75 12.70 14.02 14.53
9.93 9.93 10.88 9.13 8.83 8.61 8.98 9.86 11.53 12.26 11.53 8.10 3.87 4.89 3.58 5.84 9.78 8.76 11.24 13.14 12.26 12.26 11.02 10.44 8.91 5.04 5.04 2.26 1.39 4.23 7.59 11.24 14.53 15.84 15.99 15.33 15.33 13.07 13.87 16.21 14.24 15.55 5.62 4.89 5.84 5.04 7.01 8.18 6.42 6.42 8.47 8.47 9.34 11.97 12.48 14.09 12.78 12.34 10.59 10.51 7.15 9.34 9.05 10.29 11.17 7.45 15.40 14.09 14.89 14.53 14.60 14.67 13.87 13.58 13.29 13.36 13.36 11.61 12.41 11.75 12.70 14.02 14.53
9.78 9.78 6.42 7.59 8.40 8.32 9.86 9.56 11.68 12.48 12.56 12.56 11.83 12.19 14.53 7.88 16.64 17.01 15.55 14.60 14.02 11.83 10.73 8.69 9.42 8.18 8.18 3.72 5.91 9.56 12.26 12.34 13.36 13.80 16.86 16.57 16.13 12.85 14.31 12.63 11.17 12.05 1.39 1.46 2.63 4.53 5.26 5.91 7.23 6.72 7.30 7.30 10.15 11.24 11.24 11.75 12.34 10.44 8.98 10.00 8.76 9.71 11.24 10.22 10.80 8.25 13.58 14.31 14.09 14.60 12.05 10.80 12.85 15.55 13.51 12.78 12.78 11.02 11.46 12.34 12.19 15.26 15.33
9.71 9.71 5.99 5.55 7.81 7.23 10.22 12.26 11.53 13.14 13.58 13.94 13.72 14.16 16.06 16.79 17.52 17.16 14.82 12.78 11.17 11.46 10.00 8.69 7.37 7.74 7.74 8.61 7.66 9.42 11.75 12.92 13.29 15.33 15.11 16.43 14.60 14.97 15.48 9.13 5.91 2.70 2.99 4.31 5.84 6.57 6.42 6.57 10.22 10.73 11.83 11.83 11.61 11.61 10.66 10.29 13.14 12.26 14.31 12.48 11.53 12.56 11.10 10.37 6.64 5.18 13.36 14.75 11.75 12.26 10.22 9.42 12.48 15.11 17.37 14.89 14.89 11.17 10.51 11.10 10.73 13.36 13.94
7.37 7.37 8.32 5.26 7.88 10.29 9.49 12.05 15.62 16.57 13.72 14.89 16.06 16.86 16.64 16.50 17.23 14.82 15.55 11.02 9.27 8.83 9.13 8.47 8.40 8.40 8.40 9.93 10.51 10.66 12.26 11.97 11.90 12.05 13.51 14.67 14.82 14.38 14.67 8.40 5.55 3.14 3.07 5.18 4.60 6.57 7.96 8.47 11.46 11.10 11.61 11.61 12.26 14.82 9.56 17.59 16.21 14.02 14.82 12.85 12.78 12.41 11.83 7.81 5.62 13.21 11.90 9.56 8.76 7.59 10.29 12.85 16.79 17.01 17.01 15.91 15.91 13.51 11.10 10.73 12.05 13.21 12.85
9.42 9.42 8.69 6.50 7.96 9.71 10.44 10.15 11.24 14.45 13.58 14.45 17.08 15.04 12.63 12.48 14.38 12.05 9.42 7.59 8.54 8.61 9.93 9.05 9.13 10.15 10.15 10.66 11.32 10.66 11.32 10.51 12.12 13.51 16.06 15.18 13.58 13.21 11.32 12.41 5.48 2.26 1.46 3.36 2.63 10.15 11.32 12.63 12.34 11.68 11.75 11.75 12.99 12.19 16.72 16.28 14.97 14.16 12.26 11.32 11.02 11.02 10.80 9.27 7.08 11.17 12.19 11.24 10.00 9.49 12.34 13.51 15.48 15.48 12.05 12.78 12.78 12.63 11.75 11.32 12.63 13.14 12.99
10.37 10.37 10.15 10.44 12.19 9.64 9.49 10.51 11.75 11.39 10.66 10.66 13.36 12.92 12.63 11.53 10.95 10.22 10.66 8.47 8.03 10.73 12.78 11.32 11.90 10.37 10.37 10.29 9.56 9.20 10.37 10.95 11.90 15.11 15.18 13.87 12.12 9.93 8.69 7.66 5.26 2.48 2.99 4.74 8.61 9.42 12.12 13.07 11.97 11.61 11.24 11.24 13.58 14.09 15.91 16.13 13.80 13.87 13.43 12.48 12.12 10.80 8.98 6.06 7.08 10.07 10.80 12.92 11.02 10.95 10.66 11.32 11.90 6.06 9.34 11.02 11.02 12.48 12.19 12.05 11.68 12.41 11.46
10.51 10.51 10.66 9.64 11.46 12.19 11.32 9.86 9.42 8.03 8.47 7.08 11.83 12.41 11.53 11.46 11.75 10.59 9.20 7.96 9.42 8.76 12.99 12.41 10.29 9.86 9.86 9.78 9.20 9.20 9.13 10.29 10.95 9.86 12.70 14.97 11.17 6.06 4.67 4.38 4.23 3.50 4.74 7.23 8.91 10.51 11.97 10.44 9.56 10.29 8.25 8.25 10.07 14.31 15.18 14.75 13.36 14.67 14.38 14.24 14.38 10.00 6.50 1.24 0.29 10.88 12.05 11.68 9.93 8.98 9.13 7.81 6.94 6.50 9.13 11.83 11.83 16.35 12.99 16.28 14.24 14.53 11.90
10.51 10.51 10.66 9.64 11.46 12.19 11.32 9.86 9.42 8.03 8.47 7.08 11.83 12.41 11.53 11.46 11.75 10.59 9.20 7.96 9.42 8.76 12.99 12.41 10.29 9.86 9.86 9.78 9.20 9.20 9.13 10.29 10.95 9.86 12.70 14.97 11.17 6.06 4.67 4.38 4.23 3.50 4.74 7.23 8.91 10.51 11.97 10.44 9.56 10.29 8.25 8.25 10.07 14.31 15.18 14.75 13.36 14.67 14.38 14.24 14.38 10.00 6.50 1.24 0.29 10.88 12.05 11.68 9.93 8.98 9.13 7.81 6.94 6.50 9.13 11.83 11.83 16.35 12.99 16.28 14.24 14.53 11.90
9.86 9.86 9.71 9.71 9.71 11.90 12.05 10.51 11.17 8.32 6.42 8.40 7.81 11.75 12.92 12.34 12.41 9.86 10.66 8.83 9.64 12.63 11.75 14.16 13.07 9.27 9.27 9.56 9.49 9.34 9.49 7.52 8.32 9.78 9.13 10.00 9.05 6.86 5.62 6.50 2.99 8.40 8.54 8.47 8.32 10.51 10.07 9.93 8.54 5.69 6.28 6.28 8.47 12.70 12.63 13.07 15.70 14.89 16.28 11.61 12.63 9.27 6.28 2.99 0.29 13.65 12.78 11.32 9.78 7.23 7.74 9.86 15.18 13.80 20.73 21.17 21.17 18.91 15.99 22.70 19.20 24.31 17.52
