Wansh/Snow_depth/snowdepth-1997/winter/1998044.txt
ncols 321
nrows 161
xllcenter 60
yllcenter 15 
cellsize  0.25 
NODATA_value -1
[rows 0 to 36 of 161, columns 0 to 82 of 321]
12.41 12.41 16.79 15.99 18.98 18.10 18.25 19.71 20.08 20.15 19.64 18.18 19.27 18.54 20.37 20.00 20.29 18.40 17.23 15.33 16.06 13.94 13.58 15.48 13.94 15.99 15.99 16.06 16.06 16.35 14.31 14.16 14.67 14.16 17.45 17.59 17.59 17.59 16.94 19.13 18.47 18.40 17.96 19.49 20.08 15.70 17.01 19.27 18.40 20.51 17.23 17.23 18.40 18.69 18.69 17.59 17.81 18.69 16.72 17.45 17.45 16.86 17.67 17.67 17.08 18.83 17.96 14.60 18.91 15.04 13.29 12.48 16.35 16.43 17.37 20.15 20.15 21.10 20.29 19.49 19.86 20.08 19.78
15.70 15.70 14.82 17.01 18.61 18.54 19.13 19.20 19.35 18.83 17.96 18.10 17.74 15.55 15.84 16.79 16.86 16.57 14.67 14.82 15.33 13.65 14.67 13.80 12.78 12.70 12.70 12.70 12.34 14.31 13.80 13.29 12.48 13.07 13.14 11.61 12.92 14.31 14.89 14.45 14.60 16.06 10.66 10.51 11.68 11.24 13.36 11.75 15.11 14.38 16.86 16.86 15.18 15.55 15.70 16.50 16.28 15.40 16.28 15.99 16.64 16.57 16.35 15.99 15.99 14.38 13.21 13.21 12.41 12.41 11.90 14.38 14.02 17.01 19.42 18.98 18.98 20.00 20.00 20.51 19.93 20.22 18.83
15.11 15.11 16.43 16.28 17.59 18.25 17.16 18.32 16.79 16.43 16.06 16.21 14.67 14.24 13.07 13.36 13.65 14.38 13.43 13.87 12.99 12.70 13.07 13.51 13.14 13.14 13.14 13.29 12.78 12.85 13.21 12.78 10.29 10.22 10.15 11.39 12.41 13.80 12.34 10.51 10.51 9.86 10.07 10.00 7.23 7.74 10.44 10.22 13.07 11.75 13.36 13.36 13.58 11.02 12.26 12.05 13.87 13.29 13.14 15.70 15.33 16.64 16.64 16.06 14.60 14.60 14.53 14.67 13.72 14.45 14.45 14.75 16.35 16.06 16.64 19.27 19.27 19.35 19.05 18.61 18.10 16.06 17.67
15.11 15.11 16.43 16.28 17.59 18.25 17.16 18.32 16.79 16.43 16.06 16.21 14.67 14.24 13.07 13.36 13.65 14.38 13.43 13.87 12.99 12.70 13.07 13.51 13.14 13.14 13.14 13.29 12.78 12.85 13.21 12.78 10.29 10.22 10.15 11.39 12.41 13.80 12.34 10.51 10.51 9.86 10.07 10.00 7.23 7.74 10.44 10.22 13.07 11.75 13.36 13.36 13.58 11.02 12.26 12.05 13.87 13.29 13.14 15.70 15.33 16.64 16.64 16.06 14.60 14.60 14.53 14.67 13.72 14.45 14.45 14.75 16.35 16.06 16.64 19.27 19.27 19.35 19.05 18.61 18.10 16.06 17.67
12.19 12.19 13.21 13.21 15.55 16.06 16.06 16.28 15.62 15.70 14.67 14.67 14.45 14.53 14.24 13.80 12.99 13.29 13.21 13.43 13.14 13.07 12.26 11.10 12.05 12.48 12.48 12.34 10.88 10.95 11.17 11.24 10.51 12.19 11.02 10.66 10.95 10.22 10.51 9.71 8.61 7.59 7.45 6.42 6.72 6.79 7.88 8.61 8.40 10.29 10.51 10.51 9.56 9.86 10.88 10.88 10.37 11.90 11.90 14.02 13.72 15.18 16.94 16.72 16.79 15.04 15.40 14.16 14.45 14.75 15.62 15.62 15.55 15.99 15.77 16.94 16.94 16.72 16.72 17.37 15.40 15.77 15.33
12.05 12.05 12.05 12.85 15.11 14.16 17.08 16.21 15.55 15.33 13.80 13.36 12.99 13.07 13.80 13.80 13.14 13.07 11.75 12.12 12.78 12.05 11.75 11.24 10.29 10.07 10.07 10.29 9.86 9.71 11.24 13.07 12.99 13.14 12.48 10.37 10.73 10.37 9.27 9.13 9.05 8.10 8.03 10.51 9.20 9.42 8.10 8.18 8.69 8.54 9.71 9.71 7.74 9.49 8.61 9.49 8.98 9.05 10.44 11.68 14.67 14.24 15.33 16.28 16.35 16.06 15.04 15.33 14.89 14.89 15.33 14.09 14.16 14.02 13.80 16.13 16.13 16.06 15.55 15.70 15.62 15.84 16.06
11.53 11.53 13.07 12.78 14.82 17.37 17.52 17.45 18.03 15.77 14.38 14.53 13.87 12.05 12.78 12.85 13.07 13.29 12.05 11.75 10.95 12.56 10.59 10.80 9.78 9.78 9.78 9.34 10.37 10.00 10.80 13.14 11.97 11.90 12.19 11.02 11.17 10.80 9.93 9.42 9.05 9.05 8.69 11.02 9.71 9.13 8.18 8.18 8.25 7.15 7.59 7.59 7.88 7.45 5.84 5.77 8.47 9.34 11.02 11.32 10.51 12.70 12.63 12.48 15.33 15.70 14.31 14.60 14.82 12.48 10.80 12.99 12.41 11.61 11.75 10.73 10.73 14.38 14.24 15.11 14.82 15.55 14.89
11.53 11.53 13.07 12.78 14.82 17.37 17.52 17.45 18.03 15.77 14.38 14.53 13.87 12.05 12.78 12.85 13.07 13.29 12.05 11.75 10.95 12.56 10.59 10.80 9.78 9.78 9.78 9.34 10.37 10.00 10.80 13.14 11.97 11.90 12.19 11.02 11.17 10.80 9.93 9.42 9.05 9.05 8.69 11.02 9.71 9.13 8.18 8.18 8.25 7.15 7.59 7.59 7.88 7.45 5.84 5.77 8.47 9.34 11.02 11.32 10.51 12.70 12.63 12.48 15.33 15.70 14.31 14.60 14.82 12.48 10.80 12.99 12.41 11.61 11.75 10.73 10.73 14.38 14.24 15.11 14.82 15.55 14.89
10.88 10.88 10.29 14.75 16.64 16.21 17.30 17.45 15.70 15.77 16.86 15.04 12.48 12.56 13.07 12.92 13.21 13.21 12.78 9.86 12.19 11.83 10.00 10.73 10.07 9.13 9.13 9.49 9.34 10.80 10.88 10.73 10.95 10.73 9.64 9.56 9.86 9.20 9.56 8.10 7.52 7.66 7.08 8.69 8.25 7.59 6.79 7.23 6.94 7.15 5.69 5.69 5.48 5.26 5.91 7.81 7.45 7.81 7.30 9.42 10.00 8.10 10.95 10.80 10.73 12.41 12.63 10.88 9.78 11.24 9.71 8.83 8.61 9.49 8.83 8.69 8.69 8.98 8.03 7.96 13.94 13.58 14.38
9.34 9.34 13.21 14.60 16.86 16.86 15.70 14.53 14.75 14.67 12.26 12.48 11.61 12.70 13.21 13.07 10.59 13.21 10.44 11.39 10.88 11.90 8.76 8.54 8.54 8.61 8.61 9.13 10.07 10.73 11.17 11.02 10.73 10.80 9.27 8.69 8.69 9.05 8.76 8.83 7.45 7.96 7.45 6.94 6.42 6.79 6.57 7.30 7.01 5.77 6.13 6.13 5.04 5.04 5.18 6.35 5.04 6.50 6.64 7.30 7.96 7.96 8.25 10.00 9.56 10.44 10.29 10.51 9.49 8.10 8.83 8.32 8.03 7.96 8.69 9.20 9.20 9.42 7.74 8.69 8.25 8.76 9.34
9.27 9.27 12.85 11.83 15.91 12.78 11.90 11.90 12.26 11.68 11.10 11.61 11.75 11.75 11.90 10.66 10.44 10.37 11.24 10.80 10.95 10.88 7.96 8.10 8.98 8.83 8.83 10.15 9.86 10.37 9.42 10.73 10.37 10.44 8.98 9.13 9.13 9.20 8.69 7.81 7.96 8.03 8.61 8.25 8.25 7.08 7.59 7.88 6.94 7.30 5.26 5.26 5.77 4.74 0.00 3.58 4.60 5.33 7.30 6.72 8.83 7.81 8.18 8.32 9.93 9.78 9.13 7.88 8.61 8.47 9.05 9.05 8.32 9.13 8.91 8.98 8.98 9.86 8.47 8.83 8.25 8.25 8.91
9.27 9.27 12.85 11.83 15.91 12.78 11.90 11.90 12.26 11.68 11.10 11.61 11.75 11.75 11.90 10.66 10.44 10.37 11.24 10.80 10.95 10.88 7.96 8.10 8.98 8.83 8.83 10.15 9.86 10.37 9.42 10.73 10.37 10.44 8.98 9.13 9.13 9.20 8.69 7.81 7.96 8.03 8.61 8.25 8.25 7.08 7.59 7.88 6.94 7.30 5.26 5.26 5.77 4.74 0.00 3.58 4.60 5.33 7.30 6.72 8.83 7.81 8.18 8.32 9.93 9.78 9.13 7.88 8.61 8.47 9.05 9.05 8.32 9.13 8.91 8.98 8.98 9.86 8.47 8.83 8.25 8.25 8.91
9.49 9.49 10.07 12.34 11.46 11.61 10.15 10.88 9.42 9.93 9.20 8.98 10.22 10.80 9.71 9.86 9.64 12.05 12.12 11.46 9.13 9.34 8.83 9.49 9.13 7.88 7.88 7.74 8.69 9.20 9.05 9.42 6.28 6.94 7.52 8.47 8.18 8.91 8.91 8.76 8.91 9.71 10.51 10.07 9.64 8.98 8.10 7.59 7.37 8.03 6.50 6.50 5.33 5.91 0.00 4.23 5.99 5.40 7.08 8.61 8.76 7.08 7.81 7.66 8.10 8.91 9.27 8.54 9.71 8.61 9.49 10.29 10.37 11.02 9.05 9.13 9.13 9.93 10.66 10.44 10.66 9.56 9.64
11.61 11.61 12.41 12.48 11.53 8.40 5.77 7.81 7.23 7.88 7.74 7.88 7.45 8.40 6.64 9.20 8.98 10.00 10.07 11.10 10.07 9.49 10.22 7.81 7.30 7.59 7.59 6.94 7.01 5.40 4.96 6.13 5.77 7.01 7.08 8.83 8.54 8.61 8.32 8.47 9.27 9.64 7.15 7.08 7.37 8.40 6.42 7.74 7.74 7.66 8.40 8.40 5.48 5.48 5.69 5.18 5.77 6.20 6.42 5.55 6.13 5.99 4.53 7.15 7.30 6.57 9.34 8.98 10.22 10.15 10.07 11.39 10.88 10.95 10.80 10.51 10.51 9.20 10.00 9.86 9.05 9.42 7.96
11.97 11.97 11.10 11.32 8.76 6.13 4.82 3.80 5.04 8.03 7.96 6.57 5.55 5.04 7.23 7.08 7.45 9.93 9.27 10.51 10.59 9.93 8.69 8.10 6.94 7.59 7.59 6.42 6.06 5.99 6.20 6.94 7.01 6.57 7.15 8.32 8.40 7.81 7.66 6.79 6.50 6.86 5.99 7.37 6.28 6.20 5.99 7.01 9.05 9.05 9.13 9.13 8.25 5.40 5.18 5.33 5.55 5.33 5.33 5.48 4.60 4.45 4.31 6.06 5.55 5.55 5.91 8.69 8.61 9.05 9.78 10.22 10.59 10.88 11.02 10.73 10.73 11.61 10.73 10.15 9.20 8.61 8.76
12.05 12.05 11.32 9.49 7.74 8.25 5.62 5.84 6.13 7.96 8.54 6.13 4.16 6.86 7.15 7.01 6.94 6.86 7.81 10.00 8.10 9.42 9.13 7.74 7.23 7.01 7.01 6.64 6.20 6.42 6.72 6.35 6.50 8.69 7.96 8.91 8.47 7.52 7.59 6.42 7.52 7.15 6.79 7.23 6.72 7.96 9.20 8.83 9.42 10.88 7.81 7.81 8.91 6.35 5.91 5.11 5.04 6.35 4.74 5.33 5.55 5.84 6.50 6.64 6.42 5.33 5.18 6.28 8.10 9.27 9.27 9.71 11.02 10.37 12.78 12.70 12.70 12.99 10.95 10.44 10.66 9.71 9.78
12.05 12.05 11.32 9.49 7.74 8.25 5.62 5.84 6.13 7.96 8.54 6.13 4.16 6.86 7.15 7.01 6.94 6.86 7.81 10.00 8.10 9.42 9.13 7.74 7.23 7.01 7.01 6.64 6.20 6.42 6.72 6.35 6.50 8.69 7.96 8.91 8.47 7.52 7.59 6.42 7.52 7.15 6.79 7.23 6.72 7.96 9.20 8.83 9.42 10.88 7.81 7.81 8.91 6.35 5.91 5.11 5.04 6.35 4.74 5.33 5.55 5.84 6.50 6.64 6.42 5.33 5.18 6.28 8.10 9.27 9.27 9.71 11.02 10.37 12.78 12.70 12.70 12.99 10.95 10.44 10.66 9.71 9.78
11.53 11.53 10.00 10.88 6.94 6.64 7.01 7.52 9.93 9.93 9.49 5.26 7.88 7.37 7.45 6.86 7.15 7.01 7.96 8.83 7.88 8.76 7.15 8.03 6.79 6.06 6.06 6.57 5.04 5.84 5.84 8.25 6.50 8.91 7.45 7.52 6.79 6.94 7.15 6.86 6.72 6.35 7.23 8.40 9.13 8.98 10.15 12.78 11.68 11.68 11.24 11.24 11.02 8.40 8.47 9.05 7.52 7.52 8.76 7.52 8.18 8.18 7.74 7.59 8.03 6.50 6.42 8.47 8.18 7.81 8.76 8.76 9.93 10.88 10.88 10.80 10.80 9.56 9.78 8.32 8.47 8.10 9.13
10.88 10.88 11.61 8.25 6.79 5.99 7.37 7.66 8.61 10.37 9.13 7.88 9.27 9.34 8.18 7.37 6.86 6.64 7.23 7.66 8.40 8.40 7.74 5.62 5.62 5.40 5.40 5.40 4.60 4.82 5.33 7.15 8.25 4.74 5.18 4.53 5.04 2.92 5.11 4.67 4.67 7.15 10.29 8.91 10.00 11.10 11.61 13.58 13.36 13.72 14.53 14.53 11.17 11.02 9.56 9.56 10.15 9.64 9.42 10.07 8.69 9.13 9.64 7.96 5.77 6.35 5.91 7.74 6.94 7.23 7.45 8.61 9.71 10.95 10.44 10.73 10.73 10.22 10.66 9.42 9.49 9.42 8.91
13.21 13.21 10.15 5.91 5.91 5.84 7.15 7.81 6.57 6.79 11.90 11.61 9.86 8.32 7.59 7.30 7.37 6.94 8.18 7.59 7.45 9.49 7.96 6.79 6.72 5.48 5.48 5.33 4.53 4.38 5.18 4.23 6.57 6.94 2.04 0.95 0.00 1.10 4.09 5.48 10.66 11.46 12.26 12.12 12.26 11.53 12.12 11.53 13.14 13.72 13.43 13.43 11.97 11.90 11.53 9.42 9.86 9.20 10.15 10.88 10.80 10.00 8.98 9.93 6.94 7.15 6.20 6.72 5.84 7.08 6.72 7.52 8.18 7.96 9.05 10.37 10.37 10.07 10.88 11.10 10.80 11.02 10.80
11.53 11.53 6.79 5.99 3.36 3.43 5.18 5.40 6.42 5.91 9.13 11.97 11.90 9.93 8.76 7.37 7.30 8.40 8.32 9.78 7.74 8.32 7.81 6.79 6.06 6.06 6.06 5.48 5.04 5.91 2.12 4.67 0.00 0.00 0.00 0.00 0.00 0.00 1.83 2.77 9.34 14.75 14.97 10.95 11.53 10.88 11.32 13.29 12.41 14.16 12.99 12.99 13.07 10.07 10.95 9.71 9.20 8.25 10.59 11.83 11.46 11.83 9.78 8.83 9.05 8.32 6.42 5.48 5.69 5.84 6.86 7.15 7.66 10.73 12.92 12.48 12.48 12.19 12.85 12.63 12.48 11.24 11.75
11.68 11.68 10.15 9.42 6.50 3.29 3.65 3.72 4.74 6.50 12.56 12.78 12.85 11.39 8.76 7.23 5.33 6.94 9.13 8.10 9.34 7.96 7.01 4.96 4.74 5.55 5.55 3.72 5.62 4.67 2.34 1.24 0.00 0.00 0.00 0.00 0.00 0.00 2.77 1.46 5.69 11.97 13.36 13.36 13.14 13.21 12.70 15.62 13.87 14.31 14.31 14.31 11.75 10.29 6.50 6.79 7.23 8.91 8.03 11.75 10.80 10.07 10.07 9.05 8.40 7.81 7.45 5.99 5.40 5.18 5.11 6.94 7.30 9.56 13.36 14.67 14.67 14.31 15.62 16.35 14.60 13.07 10.22
11.68 11.68 10.15 9.42 6.50 3.29 3.65 3.72 4.74 6.50 12.56 12.78 12.85 11.39 8.76 7.23 5.33 6.94 9.13 8.10 9.34 7.96 7.01 4.96 4.74 5.55 5.55 3.72 5.62 4.67 2.34 1.24 0.00 0.00 0.00 0.00 0.00 0.00 2.77 1.46 5.69 11.97 13.36 13.36 13.14 13.21 12.70 15.62 13.87 14.31 14.31 14.31 11.75 10.29 6.50 6.79 7.23 8.91 8.03 11.75 10.80 10.07 10.07 9.05 8.40 7.81 7.45 5.99 5.40 5.18 5.11 6.94 7.30 9.56 13.36 14.67 14.67 14.31 15.62 16.35 14.60 13.07 10.22
9.20 9.20 7.96 8.18 5.40 2.77 2.56 4.23 10.59 11.83 13.58 14.38 13.72 6.94 8.32 5.04 2.77 1.39 7.74 5.48 7.37 2.56 4.02 2.48 2.70 2.77 2.77 4.60 4.31 3.43 1.17 0.80 0.00 0.00 0.00 6.50 4.53 5.26 11.75 11.32 12.78 12.56 13.14 13.94 14.24 13.72 14.60 14.53 13.21 9.34 9.71 9.71 10.15 8.40 7.15 7.52 7.81 7.66 10.29 9.64 10.88 11.02 10.88 10.80 9.93 9.34 8.61 8.61 4.96 5.40 4.89 7.30 9.05 10.51 11.97 13.94 13.94 15.40 15.26 16.28 15.55 12.56 13.29
5.84 5.84 6.86 4.45 2.56 0.37 1.68 10.07 8.54 9.05 8.03 3.29 2.63 2.63 0.00 0.00 0.00 0.00 0.00 0.07 0.00 0.00 0.00 0.29 4.02 4.02 4.02 5.04 7.37 7.45 7.45 1.10 5.33 7.74 7.08 8.69 11.02 12.85 12.12 12.56 14.45 14.45 13.94 14.09 12.12 12.34 12.05 9.20 10.07 7.96 4.16 4.16 8.10 6.72 8.83 10.59 11.53 11.39 10.22 12.12 14.16 11.61 12.05 11.97 9.71 10.00 11.10 11.46 11.75 6.64 8.03 7.66 8.69 11.17 11.75 11.39 11.39 12.78 14.02 13.58 15.04 12.34 10.66
4.74 4.74 3.58 3.87 2.41 0.00 9.93 0.00 5.91 4.82 1.02 0.44 0.22 0.00 0.00 0.00 0.00 0.00 0.00 0.00 0.00 2.34 6.13 5.48 6.42 5.69 5.69 6.86 6.64 7.30 5.99 5.04 7.59 9.20 10.73 12.78 11.39 11.61 11.24 9.64 13.29 15.33 14.09 12.85 12.92 11.75 14.53 10.73 7.74 4.45 4.45 4.45 6.79 12.41 11.32 13.58 13.43 13.36 11.32 12.70 15.48 13.58 13.65 13.58 14.53 13.94 13.21 12.78 12.92 13.51 11.61 10.00 12.78 12.19 12.85 10.29 10.29 11.53 11.39 13.36 13.21 14.24 11.90
2.19 2.19 0.00 0.00 0.00 0.00 0.00 4.16 2.63 3.21 2.99 4.31 0.00 0.73 0.00 0.00 0.80 0.00 0.00 7.59 8.54 8.76 8.47 8.40 8.47 5.69 5.69 6.42 5.04 0.37 3.65 3.65 5.11 8.03 9.93 9.86 9.20 5.62 9.64 13.87 12.92 15.62 11.75 11.90 9.78 14.31 13.80 13.43 8.32 5.84 8.69 8.69 7.88 12.70 15.62 14.38 15.62 14.82 14.89 15.40 15.70 13.94 15.33 15.26 15.62 13.36 12.78 14.45 13.07 12.12 13.51 13.07 15.84 15.33 15.33 14.60 14.60 11.53 12.34 12.12 12.78 11.75 12.48
0.58 0.58 0.00 0.00 0.00 4.45 1.61 3.94 4.96 5.91 6.86 4.89 2.34 3.14 1.53 0.80 3.07 1.68 0.44 10.66 9.93 9.78 10.44 9.93 8.40 4.67 4.67 1.39 0.00 0.00 0.44 7.23 6.42 9.56 10.37 9.71 7.52 6.20 7.74 7.15 9.49 8.47 10.07 4.23 6.64 10.80 7.08 6.86 7.81 7.08 7.96 7.96 11.02 9.93 14.45 15.99 15.70 15.77 12.70 12.92 11.46 11.53 13.14 15.62 15.99 14.75 13.72 12.48 12.70 12.26 13.65 15.62 14.89 16.94 15.40 13.21 13.21 12.26 11.02 11.83 11.90 12.92 14.45
0.58 0.58 0.00 0.00 0.00 4.45 1.61 3.94 4.96 5.91 6.86 4.89 2.34 3.14 1.53 0.80 3.07 1.68 0.44 10.66 9.93 9.78 10.44 9.93 8.40 4.67 4.67 1.39 0.00 0.00 0.44 7.23 6.42 9.56 10.37 9.71 7.52 6.20 7.74 7.15 9.49 8.47 10.07 4.23 6.64 10.80 7.08 6.86 7.81 7.08 7.96 7.96 11.02 9.93 14.45 15.99 15.70 15.77 12.70 12.92 11.46 11.53 13.14 15.62 15.99 14.75 13.72 12.48 12.70 12.26 13.65 15.62 14.89 16.94 15.40 13.21 13.21 12.26 11.02 11.83 11.90 12.92 14.45
0.95 0.95 0.00 0.00 1.39 1.02 0.51 1.39 4.82 2.12 3.65 4.82 2.41 6.06 6.94 10.22 17.08 4.89 6.28 11.75 10.29 11.02 10.73 10.22 8.98 3.80 3.80 2.56 1.39 0.00 8.69 11.10 12.56 12.19 11.02 9.64 9.78 8.03 7.23 6.50 5.33 2.70 2.92 2.48 3.72 4.53 5.69 6.06 7.01 6.64 8.83 8.83 11.53 13.29 13.65 15.33 16.57 11.83 13.14 9.56 8.76 12.78 11.83 15.40 15.11 14.75 15.04 13.21 11.97 12.63 14.24 15.18 16.79 16.64 15.77 12.92 12.92 11.61 12.05 10.51 11.97 14.67 15.33
0.00 0.00 0.00 0.00 0.00 0.00 1.10 2.85 2.63 2.92 1.97 2.70 10.66 9.78 14.16 15.55 10.88 13.87 10.07 8.98 8.83 8.54 8.47 6.06 4.23 4.53 4.53 1.53 5.18 2.70 8.76 10.07 8.83 10.44 10.80 10.44 11.17 9.86 10.00 7.96 5.91 4.53 2.63 5.62 6.57 6.20 5.26 7.37 8.25 10.15 10.00 10.00 11.17 14.09 14.38 14.02 18.40 13.72 11.24 11.75 12.99 14.97 15.70 15.70 14.60 14.60 13.87 14.45 11.97 11.83 12.63 12.26 16.35 17.59 17.23 16.94 16.94 12.26 10.73 11.75 11.32 12.85 14.31
0.00 0.00 0.00 0.00 0.00 3.07 6.13 6.57 7.30 12.78 14.02 14.09 13.87 14.60 14.24 14.09 14.67 10.07 8.10 7.23 5.62 6.06 5.11 4.16 3.58 6.06 6.06 7.45 6.72 5.91 5.69 7.74 8.18 9.05 10.88 11.97 12.34 12.34 11.53 8.40 5.55 5.99 4.31 4.45 7.15 8.18 8.47 8.25 8.40 8.32 11.17 11.17 14.24 13.87 17.67 19.71 16.79 17.74 14.82 14.89 13.87 14.24 15.04 13.87 13.87 13.72 13.43 11.53 11.97 11.32 11.90 13.21 15.70 14.97 16.64 14.24 14.24 14.02 10.88 9.34 11.39 10.73 12.05
0.00 0.00 0.00 0.00 0.00 5.33 6.72 8.91 8.83 11.32 13.36 13.29 11.75 12.99 13.21 13.43 11.61 11.90 8.10 6.35 5.11 5.77 5.55 7.15 6.57 7.08 7.08 6.79 5.77 6.72 6.64 7.15 8.40 9.34 12.85 12.92 11.97 11.83 9.93 8.54 5.48 3.21 3.80 2.99 5.33 7.23 8.47 8.98 8.76 9.42 12.41 12.41 13.94 17.52 16.86 19.13 17.16 14.97 14.60 13.72 13.80 13.07 12.99 13.43 14.02 12.92 13.29 9.86 7.15 9.93 9.64 11.61 13.29 14.89 13.43 14.16 14.16 13.36 11.97 12.26 10.59 11.61 11.02
0.00 0.00 0.00 5.77 0.00 0.22 6.50 6.86 6.79 9.49 9.86 5.55 10.15 12.48 10.73 10.22 10.07 10.29 4.67 3.43 5.91 4.67 7.15 8.47 7.74 7.88 7.88 7.45 6.86 6.79 7.96 10.15 10.51 11.39 12.78 12.63 9.56 10.22 8.69 7.66 4.09 4.09 8.10 7.81 7.96 7.88 8.83 9.78 10.37 12.70 11.90 11.90 15.40 16.79 16.28 15.84 15.62 14.38 14.02 13.87 13.65 13.07 14.67 14.45 14.82 13.29 10.29 10.80 7.01 6.35 9.49 8.91 10.44 11.17 12.85 12.63 12.63 13.58 13.43 11.75 11.83 11.68 12.12
2.34 2.34 6.50 7.81 8.32 8.91 7.08 5.77 5.84 3.21 5.48 4.45 7.66 10.44 10.29 9.20 7.81 6.94 4.53 4.31 5.40 8.32 8.10 9.05 8.69 8.40 8.40 7.15 7.96 7.88 8.83 8.40 9.49 9.27 11.83 9.56 8.32 6.06 4.67 4.38 4.31 4.82 10.88 10.37 10.15 9.13 9.27 10.29 10.66 11.10 14.16 14.16 13.51 14.38 14.67 13.58 13.36 15.04 15.70 14.97 13.72 13.14 14.09 14.53 14.45 13.58 10.29 6.94 6.86 7.23 8.47 9.49 11.32 7.96 10.44 14.38 14.38 13.58 15.18 14.16 13.72 13.07 12.99
2.34 2.34 6.50 7.81 8.32 8.91 7.08 5.77 5.84 3.21 5.48 4.45 7.66 10.44 10.29 9.20 7.81 6.94 4.53 4.31 5.40 8.32 8.10 9.05 8.69 8.40 8.40 7.15 7.96 7.88 8.83 8.40 9.49 9.27 11.83 9.56 8.32 6.06 4.67 4.38 4.31 4.82 10.88 10.37 10.15 9.13 9.27 10.29 10.66 11.10 14.16 14.16 13.51 14.38 14.67 13.58 13.36 15.04 15.70 14.97 13.72 13.14 14.09 14.53 14.45 13.58 10.29 6.94 6.86 7.23 8.47 9.49 11.32 7.96 10.44 14.38 14.38 13.58 15.18 14.16 13.72 13.07 12.99
3.50 3.50 6.72 7.23 8.25 8.47 8.91 9.49 7.45 4.53 4.53 6.13 9.56 10.51 10.66 9.49 9.20 7.66 6.13 6.35 8.47 8.91 9.05 8.25 7.08 6.64 6.64 6.42 8.32 7.88 8.54 7.74 7.15 5.77 6.42 6.86 5.84 4.23 5.62 6.50 11.46 12.63 12.48 11.32 11.10 10.80 10.73 10.73 10.15 10.37 12.63 12.63 13.65 12.92 14.02 14.02 17.96 17.96 17.89 16.06 13.36 12.48 12.34 14.02 13.94 13.51 12.56 9.42 9.42 9.56 9.42 10.44 14.60 19.42 18.83 21.10 21.10 21.17 21.83 23.14 22.85 23.73 21.61
