Wansh/Snow_depth/snowdepth-1997/winter/1998037.txt
ncols 321
nrows 161
xllcenter 60
yllcenter 15 
cellsize  0.25 
NODATA_value -1
[rows 74 to 110 of 161, columns 82 to 163 of 321]
0.37 0.00 0.00 0.00 0.00 0.00 0.00 0.00 1.02 0.00 0.88 0.29 1.10 1.17 1.68 3.58 4.67 3.29 0.00 0.88 0.88 0.00 2.19 2.19 0.00 4.09 4.31 3.07 3.50 3.43 0.00 3.50 3.29 3.36 3.43 3.80 4.31 4.16 6.28 4.31 3.14 3.65 4.96 2.99 1.68 1.68 0.73 0.44 1.10 1.10 1.53 1.68 1.02 0.00 1.68 0.00 0.00 3.14 1.61 2.12 2.48 1.39 0.88 2.19 0.00 0.00 0.73 0.00 0.00 3.80 3.80 4.70 4.62 6.42 2.92 0.15 0.00 0.00 0.00 0.00 0.00 0.00
0.00 0.00 0.00 0.00 0.15 0.44 0.44 1.53 1.17 2.77 2.19 0.80 2.92 3.36 3.58 3.29 1.39 0.00 1.31 1.83 1.83 1.97 0.00 3.80 4.67 3.72 3.94 3.65 0.00 0.00 4.31 2.92 2.85 3.65 4.38 5.69 5.99 6.13 4.67 4.82 4.45 6.13 5.48 4.16 3.50 3.50 2.48 1.90 2.12 1.90 1.83 2.70 1.53 1.02 1.61 1.46 2.04 2.04 2.85 2.04 2.41 2.34 1.97 3.14 1.83 0.00 1.02 1.24 2.19 3.80 3.80 6.09 6.28 9.42 5.40 0.44 0.00 0.00 0.00 0.00 0.00 0.00
0.22 0.37 0.00 1.46 0.00 1.17 2.04 0.66 1.83 5.69 5.04 5.77 3.58 4.96 4.31 3.21 2.19 1.10 2.70 3.50 3.50 3.43 2.48 3.43 3.50 0.00 3.36 0.00 0.00 3.50 0.00 3.14 3.58 8.18 6.79 5.48 6.57 5.40 4.53 4.02 6.06 7.08 7.08 5.04 3.36 3.36 1.39 3.36 2.63 2.63 4.89 3.50 2.56 2.04 2.63 2.19 1.90 2.04 2.12 2.48 2.12 1.68 2.04 1.83 2.04 1.75 1.10 2.27 2.48 4.16 4.16 7.23 9.56 6.13 7.23 0.80 0.00 0.00 0.00 0.00 0.00 0.00
0.07 0.00 3.07 3.65 1.75 0.22 3.80 4.02 4.96 5.48 6.42 6.64 6.50 6.79 4.96 5.69 3.87 3.36 2.70 5.62 5.62 5.33 3.58 0.00 0.00 2.04 0.00 0.00 3.58 3.65 4.23 4.31 6.64 10.29 9.49 8.03 5.69 7.23 5.26 4.74 6.50 6.64 7.15 5.55 4.53 4.53 4.74 4.23 4.09 4.02 4.67 3.14 4.16 3.29 1.90 3.43 3.14 2.19 2.41 2.04 2.34 2.63 2.26 2.48 4.23 2.41 1.39 3.43 3.94 4.45 4.45 7.01 7.15 6.13 2.41 1.24 0.00 0.00 0.00 0.00 0.00 0.00
9.93 5.11 5.84 3.43 3.87 5.26 3.65 5.33 5.62 6.13 6.57 6.35 5.91 5.48 6.94 3.43 3.58 4.82 4.31 4.96 4.96 4.31 3.50 3.36 0.00 1.68 0.00 3.50 3.29 4.60 5.11 7.66 9.64 8.91 9.05 8.40 7.66 5.62 4.67 7.15 8.61 7.74 10.80 9.34 6.72 6.72 5.69 4.16 4.02 3.94 4.31 5.69 0.00 5.33 3.72 6.28 5.04 4.38 2.63 1.97 2.85 3.29 3.65 3.36 5.11 4.74 2.77 2.99 3.87 3.94 3.94 5.99 5.04 3.80 2.63 2.56 0.07 0.00 0.00 0.00 0.00 0.00
10.66 9.64 8.10 7.08 7.52 6.94 6.13 6.64 5.69 4.96 5.69 4.89 4.23 6.35 2.85 2.85 3.14 4.38 5.40 4.38 4.38 3.58 3.29 3.07 0.00 0.00 0.00 3.21 0.00 4.67 4.89 6.79 7.96 8.91 8.40 7.37 7.52 6.57 6.13 10.80 12.41 12.70 12.12 10.51 4.38 4.38 0.00 0.00 0.00 0.00 4.02 0.00 0.00 0.00 5.26 6.64 5.11 3.14 3.14 2.48 3.14 4.74 3.43 4.74 4.31 3.87 2.99 3.43 3.87 4.16 4.16 5.18 6.13 3.21 5.26 3.72 1.61 0.00 1.47 0.00 0.51 0.00
8.69 9.78 10.22 9.13 8.18 7.23 7.08 5.69 5.04 4.31 3.94 4.74 5.40 4.45 5.40 2.92 2.85 3.94 4.31 4.89 4.89 3.94 2.99 0.00 0.00 0.00 1.39 1.90 3.29 5.26 6.86 7.30 10.51 10.29 8.54 13.51 13.36 10.29 9.13 11.53 12.92 13.14 14.89 8.69 0.00 0.00 0.00 0.00 0.00 0.00 0.00 0.00 0.00 0.00 0.00 4.82 3.65 0.00 3.58 3.87 3.21 6.42 5.48 2.56 3.43 1.68 2.48 0.00 2.99 0.00 0.00 3.87 5.04 5.26 8.61 4.96 8.03 4.84 5.54 1.15 1.17 1.46
10.51 8.61 9.64 9.86 6.94 7.59 5.69 5.99 5.40 4.38 4.60 4.67 5.26 4.23 3.87 2.99 3.58 4.38 5.84 6.57 6.57 0.00 0.00 0.00 0.00 0.00 0.00 1.39 2.04 6.13 6.06 7.96 8.69 10.15 11.75 13.43 15.77 16.50 14.24 10.29 10.07 9.49 8.47 5.11 3.72 3.72 0.00 0.00 2.26 1.97 2.41 0.00 0.00 0.00 3.43 0.00 4.82 5.48 6.20 5.84 8.40 7.08 7.59 4.02 1.02 1.61 0.00 0.00 0.00 1.02 1.02 3.50 6.35 14.09 16.21 14.60 16.79 6.90 9.44 6.04 3.10 2.55
12.34 11.32 15.11 14.16 8.25 6.57 6.35 6.79 5.04 5.18 4.67 5.04 6.13 5.99 4.89 3.94 3.36 2.85 8.10 6.64 6.64 3.65 5.26 1.90 0.00 1.17 1.97 0.00 0.00 6.20 6.35 6.57 5.69 5.84 8.69 9.64 16.64 17.74 7.30 7.52 6.79 8.10 2.19 2.12 2.92 2.92 3.43 3.07 1.83 1.75 0.00 0.00 0.00 4.09 4.60 4.45 8.98 7.52 9.13 8.69 8.98 9.86 10.73 6.79 3.50 1.83 1.46 0.00 3.14 3.94 3.94 6.20 6.35 12.34 18.03 20.59 18.69 13.14 13.94 7.08 5.40 5.43
15.70 16.79 22.85 18.47 18.10 15.33 6.28 6.28 6.06 5.69 5.18 4.96 5.18 4.67 5.26 5.48 3.65 8.25 8.47 8.69 8.69 7.01 7.52 4.53 2.77 3.43 3.58 3.36 4.23 5.99 8.32 7.74 7.96 7.37 9.42 14.16 12.92 9.78 8.69 14.02 8.25 3.58 0.00 0.00 2.41 2.41 2.04 1.39 0.00 0.00 0.00 0.00 3.50 4.53 6.42 5.69 15.04 14.53 11.17 12.85 10.37 11.97 11.32 8.25 5.99 5.26 2.34 3.21 10.51 8.32 8.32 5.11 10.59 10.95 14.67 20.81 20.51 16.50 16.06 12.48 6.42 8.76
20.37 22.85 23.07 24.09 25.19 19.56 9.86 10.51 5.04 5.48 5.18 5.26 5.62 5.55 6.64 6.28 5.48 7.01 8.98 8.83 8.83 8.83 7.74 7.37 8.25 7.01 4.74 7.15 6.35 10.29 10.07 9.27 10.00 9.49 10.29 9.86 9.56 10.00 14.97 17.96 7.96 2.63 3.43 2.77 0.00 0.00 1.31 0.00 0.00 0.00 0.00 1.83 4.23 6.86 5.11 25.55 21.75 18.91 15.04 16.28 11.97 11.83 10.22 10.80 8.32 8.10 6.06 22.92 23.29 17.59 17.59 11.75 18.69 15.48 14.09 17.74 17.74 16.50 14.09 13.65 10.00 10.44
20.00 19.56 22.63 24.97 21.75 22.56 12.48 5.91 6.72 5.11 6.06 5.33 6.72 6.57 7.23 5.11 6.06 6.28 6.42 8.91 8.91 6.86 7.96 9.27 6.94 6.42 6.13 8.10 9.20 13.07 12.48 12.63 13.36 15.77 14.24 12.12 11.68 11.24 15.33 17.81 9.86 7.08 4.23 1.68 1.53 1.53 0.00 1.46 0.00 0.00 2.19 3.50 19.27 13.72 11.75 32.56 31.03 24.89 20.66 19.05 12.63 10.95 11.96 12.22 18.14 11.39 32.49 31.68 30.00 26.50 26.50 19.78 22.85 24.53 14.67 13.80 13.65 13.72 15.55 13.14 10.73 9.86
12.70 11.97 10.80 17.08 17.37 12.78 13.07 9.56 8.69 9.27 10.44 12.99 11.02 7.52 12.05 12.34 8.91 12.48 12.41 15.77 15.77 14.67 9.13 6.94 11.02 7.96 5.55 6.35 11.24 26.86 26.13 20.37 17.67 16.43 16.06 16.79 14.24 13.94 20.51 18.61 15.11 16.21 12.19 8.76 5.55 5.55 10.80 7.01 3.14 3.50 4.53 4.23 11.90 9.78 13.94 20.22 26.28 25.33 25.92 24.02 28.32 23.65 22.19 23.07 24.21 18.10 22.78 23.29 23.00 20.81 20.81 29.05 29.27 21.53 19.64 14.67 11.17 7.81 8.47 8.18 10.44 8.83
8.10 9.71 6.86 9.13 12.05 11.17 8.25 10.07 8.10 8.25 15.99 15.40 10.22 10.44 9.71 12.70 13.21 15.18 15.70 20.22 20.22 19.78 16.64 12.12 7.37 8.91 9.42 11.68 23.80 24.45 24.24 20.08 17.52 13.21 10.73 16.86 18.61 19.42 26.28 24.31 24.53 21.97 19.93 17.16 16.35 16.35 12.56 7.15 9.49 2.63 2.12 3.80 5.99 6.79 8.54 12.85 17.23 21.24 27.30 28.32 29.27 30.44 26.86 21.75 21.97 24.09 15.04 16.64 18.98 15.62 15.62 16.79 24.24 24.02 18.91 16.35 7.96 8.10 7.59 5.99 8.03 8.47
8.40 7.08 8.47 6.35 4.38 7.08 5.11 7.74 5.99 5.69 6.13 7.30 4.96 7.66 11.10 12.63 13.87 14.82 18.10 18.54 18.54 19.27 17.23 11.68 7.74 7.81 10.15 11.24 18.03 19.78 19.78 21.46 12.78 13.51 21.24 24.38 25.26 27.30 28.84 26.86 27.59 25.99 25.19 25.55 30.00 30.00 21.68 14.09 17.16 7.59 2.04 7.66 5.91 8.69 9.20 12.48 17.30 18.32 22.92 28.54 25.11 26.86 27.74 15.91 17.08 14.97 16.00 17.38 16.21 15.62 15.62 13.51 15.40 14.82 12.85 8.76 6.57 6.13 6.57 7.96 8.91 9.71
11.39 11.02 7.81 6.35 3.87 3.58 3.36 2.99 4.82 0.00 4.09 5.18 3.80 5.91 8.83 16.50 18.98 21.75 17.45 16.28 16.28 15.84 13.58 10.22 7.08 13.58 14.09 15.62 12.26 13.29 15.70 14.60 15.04 17.81 16.57 22.12 27.01 28.11 28.47 27.96 27.74 30.37 32.05 36.21 36.65 36.65 32.12 21.68 29.05 21.17 11.17 16.72 9.20 6.50 14.38 15.55 18.61 17.01 19.56 22.19 19.34 18.95 12.34 13.58 15.72 18.25 19.71 18.59 17.44 14.89 14.89 11.32 8.76 8.76 9.71 6.35 5.26 4.60 7.45 9.13 9.20 8.26
8.25 8.98 10.66 7.23 5.11 3.07 2.56 3.07 2.48 4.82 4.45 2.92 2.19 4.23 7.81 16.43 23.14 25.04 15.33 15.04 15.04 16.06 10.15 8.91 9.42 15.04 17.16 16.79 10.73 11.46 12.12 12.12 12.85 14.67 13.80 19.78 24.97 28.47 28.47 29.42 29.71 33.58 29.71 33.58 36.72 36.72 36.35 37.23 33.14 33.73 22.63 16.79 24.16 22.70 20.73 18.69 23.29 20.44 18.47 12.05 11.61 10.51 7.60 11.32 14.16 16.35 18.69 20.00 15.88 11.98 11.60 7.63 7.96 7.88 6.72 7.96 5.77 6.35 7.96 9.13 9.02 7.64
8.83 7.23 8.10 5.04 4.16 3.50 3.21 0.00 2.70 2.99 1.02 0.00 0.00 2.26 5.99 8.83 16.64 8.10 9.05 11.32 11.32 12.41 8.40 8.54 10.73 13.72 13.29 12.70 12.56 9.34 10.07 10.29 10.66 12.26 25.99 24.16 23.36 25.48 28.11 26.21 25.55 27.96 23.07 28.11 33.58 33.58 38.98 38.98 36.65 31.10 30.81 25.04 29.57 30.15 28.91 25.19 24.82 20.29 21.24 14.97 8.18 7.74 6.35 7.59 8.49 10.27 16.35 16.69 16.57 12.63 12.69 10.89 8.58 7.96 7.23 9.78 7.41 6.79 6.28 7.59 8.73 8.56
9.13 4.67 4.02 4.53 4.74 3.87 3.14 3.36 3.87 3.43 2.77 1.83 0.00 0.00 3.21 4.38 3.43 4.60 5.69 7.59 7.59 8.91 6.64 6.86 5.99 7.01 7.15 8.54 7.45 9.64 6.79 8.47 9.93 20.88 26.65 28.25 17.59 16.35 20.44 13.58 17.01 21.17 17.96 32.70 38.18 38.18 28.40 32.63 33.22 27.81 29.27 28.47 31.03 31.32 32.19 30.22 29.27 23.94 27.01 22.05 15.40 7.41 10.18 6.96 6.64 8.12 11.88 15.39 13.63 11.53 11.53 10.70 9.40 10.01 9.98 11.04 7.56 7.30 7.37 9.34 9.48 8.57
11.10 5.69 8.83 3.50 3.50 3.43 2.34 3.21 4.60 3.14 0.00 4.45 1.83 0.00 2.41 1.97 5.18 7.15 7.59 8.25 8.25 5.55 4.38 5.18 0.00 0.00 0.00 4.38 5.91 6.28 5.33 6.20 8.40 14.89 21.02 22.92 17.81 12.48 12.05 10.37 11.17 15.40 20.59 25.11 31.03 31.03 15.33 22.78 26.57 26.35 28.69 30.95 27.96 28.91 29.86 28.98 27.67 27.89 28.75 26.21 19.13 15.77 16.43 9.36 8.29 8.68 14.68 13.33 11.59 10.00 10.00 8.55 11.74 10.82 9.78 9.17 11.41 10.12 10.07 9.26 7.85 8.81
14.31 18.03 5.77 8.83 4.74 8.25 3.65 2.99 3.58 0.00 3.58 3.72 2.56 0.00 1.68 2.56 4.53 6.94 8.03 7.45 7.45 3.87 3.87 3.58 3.80 0.00 0.00 5.04 4.89 5.26 7.96 8.25 8.10 9.64 20.59 24.45 18.10 11.75 9.05 7.23 9.05 10.59 10.51 12.99 15.62 15.62 9.56 15.26 23.00 29.27 28.40 29.78 28.98 27.59 25.18 24.68 26.52 28.90 27.09 26.06 24.82 19.86 14.53 13.94 10.76 12.02 14.13 14.04 13.36 9.93 9.98 9.55 11.90 6.65 10.16 11.40 11.90 11.90 9.68 9.15 7.03 7.19
19.42 24.67 13.87 18.54 10.29 8.18 11.83 3.72 2.41 0.00 3.07 0.00 0.00 0.00 0.00 0.00 0.00 4.74 4.60 0.00 0.00 0.00 3.43 4.60 4.45 3.21 4.96 5.55 5.99 5.11 6.42 5.55 5.84 6.72 14.45 21.83 11.32 9.64 7.88 7.23 2.92 8.69 7.15 6.20 6.86 6.86 15.04 18.03 27.81 29.57 30.88 30.51 26.13 25.55 21.32 22.24 24.68 26.11 25.41 27.02 21.20 23.01 18.42 17.46 10.81 10.95 12.46 12.13 10.26 7.63 7.63 7.23 8.80 5.35 8.05 11.83 10.42 10.78 9.98 8.94 6.66 6.35
31.39 27.89 23.73 17.30 19.56 17.45 11.02 4.60 7.08 3.58 0.00 5.69 0.00 0.00 0.00 0.00 0.00 0.00 0.00 0.00 0.00 0.00 0.00 4.53 0.00 0.00 3.80 4.89 3.43 4.16 3.65 2.92 3.21 3.87 7.52 6.64 6.57 3.72 5.69 5.18 4.74 13.36 16.13 16.06 25.26 25.26 25.48 26.72 28.47 29.93 30.88 31.46 24.89 23.29 21.83 20.10 21.08 19.22 18.34 21.02 17.81 21.66 21.62 17.26 14.45 9.81 11.40 11.05 9.28 6.15 6.06 5.34 7.47 5.95 8.25 9.76 10.00 10.20 9.71 8.89 7.26 6.95
27.08 32.92 23.87 20.15 17.08 23.43 19.42 21.17 15.84 10.22 11.02 13.36 7.08 0.00 0.00 0.00 1.17 0.00 0.00 0.00 0.00 0.00 0.00 0.00 0.00 0.00 0.66 2.99 3.07 2.34 2.41 1.68 2.56 4.31 5.77 5.26 4.67 2.34 4.31 0.00 7.08 15.11 24.75 28.47 27.45 27.45 29.20 28.54 27.74 29.93 31.10 25.76 24.91 23.79 20.56 21.02 18.42 16.14 17.59 17.81 15.45 17.05 20.03 19.90 17.43 14.67 7.26 7.62 6.97 5.64 5.50 4.60 4.31 8.37 7.84 12.32 10.27 9.20 6.04 6.78 5.96 5.96
24.45 28.76 25.11 16.79 14.38 16.57 27.30 33.87 34.24 39.42 35.19 28.32 27.30 17.81 8.61 10.88 5.99 2.92 1.68 2.41 2.41 1.97 1.53 1.75 0.00 0.58 2.34 2.26 1.83 2.12 2.77 2.85 2.04 2.34 2.70 2.99 3.50 2.48 5.48 0.00 12.63 13.43 17.23 15.26 22.05 22.05 26.50 27.16 27.52 29.71 26.35 25.62 22.58 15.27 14.00 11.98 13.39 7.96 10.74 13.71 17.64 15.41 19.37 19.67 18.68 18.29 13.14 10.42 8.07 3.59 3.54 3.50 5.18 7.34 13.24 13.72 15.42 14.45 8.09 5.53 3.67 3.41
13.36 15.04 23.21 20.15 18.10 21.32 19.20 33.07 37.16 36.43 40.08 37.01 29.20 18.61 15.33 14.89 10.51 3.07 5.26 2.99 2.99 2.19 1.53 2.26 1.68 0.73 1.39 1.53 0.95 2.56 2.63 1.90 2.12 2.04 2.92 3.58 4.82 5.04 4.16 12.12 5.62 8.18 11.53 17.74 14.89 14.89 21.02 24.67 27.38 17.08 22.73 22.51 11.06 9.55 9.63 9.71 8.64 9.42 11.68 8.29 14.20 14.28 18.43 21.48 20.94 15.65 13.14 11.90 11.67 6.80 6.69 3.94 4.16 7.10 10.47 12.71 17.55 15.99 9.73 6.59 3.42 3.14
4.31 11.46 14.82 17.37 16.64 15.11 13.36 23.00 33.00 27.30 33.94 36.06 26.21 20.15 17.74 14.53 9.64 5.99 6.79 4.82 4.82 2.70 3.36 3.43 1.90 1.24 0.44 0.58 0.51 0.88 1.90 1.17 1.83 1.53 4.31 7.30 7.23 8.83 9.71 1.61 3.07 4.23 7.88 7.52 12.78 12.78 21.10 18.54 18.98 16.44 18.90 19.01 14.35 13.86 12.26 11.09 10.15 8.45 7.45 5.62 12.49 15.63 21.35 21.53 18.54 17.52 13.87 14.30 13.11 8.51 9.46 5.21 4.77 5.54 9.53 11.07 16.77 14.60 11.10 7.74 2.58 2.97
0.00 0.00 7.23 15.70 13.58 13.80 11.61 18.03 22.92 27.37 25.11 22.92 24.45 18.54 18.76 16.72 12.92 8.76 7.15 6.57 6.57 5.40 3.65 2.85 2.77 1.17 1.39 0.15 0.29 1.02 1.02 1.61 1.39 0.44 2.77 4.60 4.09 8.32 10.22 1.02 0.51 0.73 1.91 3.36 6.94 6.94 11.90 10.22 14.89 16.80 14.89 15.08 13.06 17.54 15.59 14.50 9.63 7.12 6.14 5.45 6.14 14.85 18.55 20.97 20.10 18.10 15.04 14.83 13.08 11.77 11.35 8.54 6.20 5.52 12.92 16.52 12.54 10.48 7.34 4.13 2.78 2.56
0.00 0.00 0.00 0.00 0.00 7.45 0.00 9.42 18.54 21.75 23.94 19.13 22.12 20.88 18.76 13.80 10.00 9.05 5.11 4.82 4.82 3.29 2.48 2.99 1.61 1.97 1.61 0.00 0.44 0.22 1.83 0.07 0.51 0.00 1.46 2.70 1.90 4.38 1.68 0.29 0.29 0.00 1.10 2.85 5.99 5.99 8.91 7.96 12.56 18.76 18.10 17.23 14.75 15.52 13.90 9.53 8.76 8.99 4.68 4.23 5.89 13.51 12.94 16.07 19.88 18.43 15.26 13.02 14.11 13.45 13.52 8.20 7.50 6.78 9.88 11.80 8.46 9.66 7.75 4.84 3.54 3.69
0.00 0.00 0.00 0.00 0.00 0.00 10.88 12.85 13.21 20.15 22.63 17.08 20.88 17.08 11.75 9.56 8.25 3.58 3.65 3.50 3.50 3.58 0.58 1.68 0.51 0.80 0.00 0.00 0.15 0.00 0.00 0.00 0.00 0.00 0.00 0.66 0.15 1.31 0.80 0.00 0.00 0.00 0.00 0.73 3.87 3.87 6.90 4.16 11.08 17.45 16.60 19.34 16.60 14.25 15.55 13.83 7.34 6.38 2.92 8.28 6.72 10.43 10.33 13.14 11.86 16.48 15.12 15.36 13.48 9.81 11.48 9.68 9.13 9.70 6.49 8.18 4.76 8.09 7.71 5.77 3.18 3.11
0.00 0.00 0.00 0.00 0.00 0.00 0.00 12.19 8.91 15.48 20.08 15.70 17.23 14.53 10.95 8.61 6.20 7.45 7.30 4.31 4.31 7.15 4.16 0.80 0.44 0.00 0.00 0.00 0.00 0.00 0.00 0.00 0.00 0.00 0.00 0.00 1.10 0.00 0.15 0.00 0.00 0.00 0.00 0.00 0.37 0.37 2.77 5.62 2.93 11.56 18.21 14.28 10.93 11.15 9.31 6.40 5.01 2.31 0.00 7.08 6.12 11.76 11.45 8.04 10.47 11.96 13.91 14.10 15.24 10.17 11.39 11.96 9.15 6.88 5.72 4.51 3.74 7.30 5.72 5.99 2.46 2.58
0.00 0.00 0.00 0.00 0.00 0.00 0.00 0.00 0.00 13.29 16.57 12.78 11.97 13.21 11.32 11.02 10.51 15.56 14.89 10.66 10.66 11.68 7.23 0.95 0.00 0.07 0.00 0.00 0.00 0.00 0.00 0.00 0.00 0.00 0.00 0.00 0.00 0.15 0.00 0.00 0.00 0.00 0.00 0.00 0.58 0.58 0.00 1.68 0.37 4.04 5.66 12.57 11.23 11.12 11.77 3.91 0.00 0.00 0.00 7.05 0.00 6.20 10.69 13.18 8.57 12.63 13.37 16.58 18.61 11.92 12.18 13.95 9.43 7.22 6.86 4.47 3.61 5.86 3.85 1.15 2.32 2.54
0.00 0.00 0.00 0.00 0.00 0.00 0.00 0.00 0.00 0.00 8.98 11.24 10.37 11.32 10.07 11.24 14.53 11.59 15.11 16.21 15.13 7.96 3.21 3.80 0.73 0.00 0.22 0.44 0.00 0.00 0.00 0.00 0.00 0.00 0.00 0.00 0.00 0.00 0.00 0.00 0.00 0.00 1.46 0.22 0.51 0.51 0.22 0.00 0.00 1.54 12.04 7.40 10.30 9.34 0.00 0.00 0.00 0.00 0.00 0.00 0.00 6.01 12.51 9.91 9.03 9.30 15.55 21.53 17.30 15.38 18.80 14.30 10.61 7.62 5.41 4.51 5.03 6.79 4.95 2.62 1.46 0.59
0.00 0.00 0.00 0.00 0.00 0.00 0.00 0.00 0.00 0.00 0.00 2.41 2.99 0.00 0.00 0.00 0.00 6.20 7.74 7.03 7.14 10.29 12.05 10.66 5.91 3.58 7.81 7.45 6.42 4.16 0.00 0.00 3.58 3.07 0.44 2.56 3.50 3.80 8.40 7.74 5.26 7.92 6.17 4.20 2.34 2.34 4.89 0.73 2.12 2.35 4.53 0.00 0.00 0.00 0.00 0.00 0.00 0.00 0.00 0.00 0.00 0.00 0.00 0.00 6.91 8.60 14.72 10.70 8.89 5.87 6.56 6.67 6.13 5.77 6.28 2.99 4.56 5.27 4.40 2.55 1.38 0.38
0.00 0.00 0.00 0.00 0.00 0.00 0.00 0.00 0.00 0.00 0.00 0.00 0.00 0.00 0.00 0.00 0.00 0.00 5.91 0.00 0.00 7.08 10.97 11.65 9.93 7.45 8.32 10.48 10.33 9.86 7.59 4.31 3.14 7.01 5.84 4.74 8.83 7.66 11.39 11.39 9.86 6.20 7.72 8.45 6.86 7.67 3.43 5.69 0.73 3.74 2.47 0.00 0.00 0.00 0.00 0.00 0.00 0.00 0.00 0.00 0.00 0.00 0.00 0.00 0.00 6.63 8.43 5.33 5.38 0.00 0.00 4.43 6.01 4.49 4.93 4.09 4.10 3.97 4.20 1.74 0.43 0.00
0.00 0.00 0.00 0.00 0.00 0.00 0.00 0.00 0.00 0.00 0.00 0.00 0.00 0.00 0.00 0.00 0.00 0.00 0.00 0.00 0.00 0.00 0.00 8.25 10.80 8.40 5.18 9.90 11.47 8.10 8.25 8.83 8.69 10.00 7.26 3.43 6.42 9.46 8.47 8.25 8.69 2.34 3.83 4.60 6.13 7.78 7.60 4.99 4.47 6.99 0.00 0.00 0.00 0.00 0.00 0.00 0.00 0.00 0.00 0.00 0.00 0.00 0.00 0.00 0.00 0.00 0.00 0.00 0.00 0.00 0.00 0.00 5.05 3.37 4.37 2.96 3.84 3.41 0.58 0.75 0.00 0.00
0.00 0.00 0.00 0.00 0.00 0.00 0.00 0.00 0.00 0.00 0.00 0.00 0.00 0.00 0.00 0.00 0.00 0.00 0.00 0.00 0.00 0.00 0.00 5.55 4.67 8.03 0.00 0.00 11.32 4.31 5.62 0.00 9.05 8.58 4.71 4.45 5.33 0.00 0.00 0.00 3.72 0.00 0.00 0.00 0.00 0.00 5.91 0.00 6.39 5.55 0.00 0.00 0.00 0.00 0.00 0.00 0.00 0.00 0.00 0.00 0.00 0.00 0.00 0.00 0.00 0.00 0.00 0.00 0.00 0.00 0.00 0.00 1.73 2.42 2.20 2.99 3.75 2.37 0.46 0.00 0.00 0.00
