Wansh/Snow_depth/snowdepth-1997/winter/1998019.txt
ncols 321
nrows 161
xllcenter 60
yllcenter 15 
cellsize  0.25 
NODATA_value -1
[rows 0 to 36 of 161, columns 82 to 163 of 321]
18.40 18.18 18.47 18.40 17.30 17.89 13.65 9.49 11.53 11.68 11.02 15.77 17.16 16.86 16.21 14.82 14.97 14.16 15.04 14.53 14.53 15.48 15.55 14.75 9.78 10.88 5.55 4.16 4.60 3.80 3.87 4.60 4.74 6.42 5.11 2.92 4.23 1.83 3.29 3.07 3.29 3.94 4.89 4.09 5.55 5.55 6.13 6.13 1.83 3.65 4.45 6.79 4.38 4.38 4.60 4.60 7.74 4.53 5.84 5.48 5.18 5.55 3.50 2.63 3.80 3.80 3.65 3.65 4.23 4.16 4.16 5.77 7.52 8.03 8.18 8.47 7.23 9.20 8.47 10.95 11.39 11.61
16.94 16.72 16.13 15.26 17.59 13.72 14.60 9.56 7.88 7.66 12.26 17.08 16.13 17.08 14.67 15.26 10.95 9.56 9.56 9.64 9.64 10.22 10.22 11.68 12.78 12.34 7.74 8.98 4.74 3.80 3.72 4.16 4.09 5.18 5.18 4.02 3.58 0.00 1.61 1.46 2.63 1.90 3.36 2.63 5.55 5.55 6.86 5.69 5.04 4.82 4.45 5.11 4.31 4.60 6.13 4.67 5.18 4.67 5.69 7.37 6.79 5.77 6.28 4.31 7.23 5.48 3.21 5.33 5.18 5.62 5.62 6.13 8.61 7.59 6.50 6.86 6.57 8.10 9.56 10.88 10.66 11.02
15.48 15.04 14.97 14.38 11.97 12.63 11.24 12.85 8.98 12.34 11.17 15.91 17.89 17.96 15.70 12.41 13.36 8.91 8.98 8.76 8.76 10.22 10.37 10.29 12.34 12.92 10.22 10.51 6.28 3.87 4.09 4.02 4.82 5.04 5.04 4.45 3.80 1.68 1.46 2.99 2.48 2.41 2.19 3.36 4.96 4.96 4.38 5.48 6.20 6.13 4.31 4.96 3.94 4.16 3.94 4.82 6.42 8.47 7.52 8.76 8.91 9.56 10.29 10.00 9.27 9.20 4.60 9.34 10.15 10.15 10.15 9.49 10.07 8.25 8.54 8.10 9.56 8.98 10.37 12.26 12.48 12.41
15.48 15.04 14.97 14.38 11.97 12.63 11.24 12.85 8.98 12.34 11.17 15.91 17.89 17.96 15.70 12.41 13.36 8.91 8.98 8.76 8.76 10.22 10.37 10.29 12.34 12.92 10.22 10.51 6.28 3.87 4.09 4.02 4.82 5.04 5.04 4.45 3.80 1.68 1.46 2.99 2.48 2.41 2.19 3.36 4.96 4.96 4.38 5.48 6.20 6.13 4.31 4.96 3.94 4.16 3.94 4.82 6.42 8.47 7.52 8.76 8.91 9.56 10.29 10.00 9.27 9.20 4.60 9.34 10.15 10.15 10.15 9.49 10.07 8.25 8.54 8.10 9.56 8.98 10.37 12.26 12.48 12.41
13.51 13.43 11.83 11.02 12.05 11.83 11.61 12.78 13.36 13.07 14.75 15.77 15.48 14.89 15.04 14.89 13.58 11.83 11.39 7.66 7.66 7.23 7.01 10.37 12.12 11.83 12.19 10.59 6.64 6.06 4.09 4.31 3.43 4.16 4.23 4.60 4.89 4.09 4.02 3.43 2.85 2.56 4.82 0.88 0.07 0.07 1.90 4.09 3.58 5.69 7.96 6.13 4.02 4.16 4.60 4.09 4.96 4.89 5.62 8.40 7.30 9.27 12.19 13.21 11.61 10.07 9.71 9.20 10.22 10.88 10.88 9.78 9.05 9.20 8.91 9.42 9.78 11.24 12.78 12.56 11.39 12.41
13.36 12.41 12.99 11.39 12.56 12.34 10.73 8.47 11.10 7.74 8.32 12.12 13.29 12.99 13.43 13.87 13.94 12.85 11.46 10.22 10.22 7.88 8.18 7.15 7.15 10.07 11.39 11.39 8.83 5.99 4.31 2.92 2.99 3.07 4.45 5.04 5.48 4.53 5.26 1.75 1.31 0.00 0.44 0.00 0.15 0.15 1.75 3.65 6.94 8.32 8.32 7.52 5.69 3.87 3.87 4.53 4.23 4.67 5.48 8.18 10.29 11.46 11.39 13.29 17.16 14.97 14.09 11.39 8.76 9.86 9.86 8.40 8.91 9.56 9.20 8.83 8.98 9.49 9.20 9.42 9.42 11.75
13.36 13.58 11.39 12.12 11.39 10.22 10.59 8.18 6.42 6.57 6.64 6.64 6.42 8.32 10.15 9.93 10.88 11.39 11.61 10.29 10.29 9.49 10.66 8.76 8.83 7.15 7.66 8.18 6.57 4.53 4.23 4.60 4.31 4.60 5.33 5.04 5.69 1.02 4.02 0.66 0.00 0.00 0.00 0.44 2.48 2.48 1.83 3.72 7.81 8.69 8.69 8.83 6.20 4.16 4.45 5.62 6.79 8.10 10.22 9.56 10.88 13.14 15.70 18.47 17.96 16.79 16.35 12.48 10.51 10.73 10.73 10.29 10.44 10.51 11.32 12.05 11.75 12.19 10.07 10.59 9.34 9.42
13.36 13.58 11.39 12.12 11.39 10.22 10.59 8.18 6.42 6.57 6.64 6.64 6.42 8.32 10.15 9.93 10.88 11.39 11.61 10.29 10.29 9.49 10.66 8.76 8.83 7.15 7.66 8.18 6.57 4.53 4.23 4.60 4.31 4.60 5.33 5.04 5.69 1.02 4.02 0.66 0.00 0.00 0.00 0.44 2.48 2.48 1.83 3.72 7.81 8.69 8.69 8.83 6.20 4.16 4.45 5.62 6.79 8.10 10.22 9.56 10.88 13.14 15.70 18.47 17.96 16.79 16.35 12.48 10.51 10.73 10.73 10.29 10.44 10.51 11.32 12.05 11.75 12.19 10.07 10.59 9.34 9.42
12.56 10.95 11.46 9.27 8.98 8.76 8.98 7.52 7.88 6.57 5.55 6.28 6.64 6.20 7.01 6.57 10.07 11.61 11.61 10.88 10.88 11.17 10.80 11.17 7.81 8.40 7.23 5.62 4.60 4.67 4.53 5.11 5.69 5.69 5.11 5.91 3.94 4.89 1.61 4.38 2.85 2.41 2.34 2.48 3.58 3.58 4.74 5.91 5.62 6.50 6.28 6.72 6.50 4.89 5.18 6.28 6.35 7.30 9.71 9.20 10.51 9.86 13.80 9.71 12.70 12.70 12.41 12.12 12.12 13.14 13.14 12.56 13.51 13.72 13.36 11.97 12.63 11.97 11.83 11.61 10.51 10.29
6.79 6.79 7.66 7.81 8.32 8.76 8.91 7.88 6.72 7.15 4.89 5.33 5.04 5.69 5.69 5.55 7.74 11.10 9.86 11.90 11.90 11.02 12.92 12.34 12.78 7.81 5.62 5.33 5.04 4.74 5.33 4.82 4.89 4.74 4.60 4.74 7.66 5.69 5.11 4.02 3.87 2.34 2.70 3.21 3.87 3.87 4.16 4.02 3.72 8.10 7.37 9.05 7.52 10.59 9.13 8.91 6.94 7.30 6.79 7.52 8.40 6.28 6.20 7.52 9.05 7.37 8.54 7.37 11.10 11.39 11.39 13.07 15.04 13.87 14.60 12.78 13.07 12.34 16.13 16.06 16.43 12.78
6.79 7.30 7.30 7.74 7.81 7.81 6.72 5.99 7.08 5.62 6.06 5.40 7.23 7.45 7.81 7.81 8.83 9.71 9.27 10.73 10.73 12.19 11.61 12.85 10.00 6.50 5.84 5.91 5.55 5.48 4.96 4.74 4.16 3.94 4.23 4.16 5.84 5.18 6.06 4.89 5.69 4.82 4.38 4.31 4.31 4.31 4.67 5.99 6.86 7.96 7.37 10.07 10.51 9.78 9.13 7.88 6.72 7.01 6.72 7.74 8.69 5.99 6.06 6.57 4.96 6.57 9.56 12.41 16.64 17.74 17.74 18.61 18.10 18.76 15.91 13.36 12.99 12.99 14.67 16.13 13.29 13.65
6.79 7.30 7.30 7.74 7.81 7.81 6.72 5.99 7.08 5.62 6.06 5.40 7.23 7.45 7.81 7.81 8.83 9.71 9.27 10.73 10.73 12.19 11.61 12.85 10.00 6.50 5.84 5.91 5.55 5.48 4.96 4.74 4.16 3.94 4.23 4.16 5.84 5.18 6.06 4.89 5.69 4.82 4.38 4.31 4.31 4.31 4.67 5.99 6.86 7.96 7.37 10.07 10.51 9.78 9.13 7.88 6.72 7.01 6.72 7.74 8.69 5.99 6.06 6.57 4.96 6.57 9.56 12.41 16.64 17.74 17.74 18.61 18.10 18.76 15.91 13.36 12.99 12.99 14.67 16.13 13.29 13.65
7.74 7.74 8.10 7.96 7.96 7.01 7.30 6.50 6.06 6.13 6.86 7.74 7.30 9.20 9.56 10.51 10.51 10.00 12.70 14.24 14.24 13.94 13.72 11.53 9.20 7.15 7.59 5.26 5.11 5.33 4.74 4.82 5.40 4.89 6.64 3.72 7.37 7.74 7.30 5.26 6.28 6.72 7.08 5.77 5.04 5.04 4.74 4.82 5.84 6.79 7.15 8.18 7.45 8.76 9.34 7.15 6.86 8.54 10.80 10.07 10.66 10.95 8.47 6.57 8.98 6.35 9.27 11.61 15.26 18.25 18.25 20.00 20.59 20.44 17.89 16.94 13.58 11.90 12.05 13.43 13.29 11.75
8.76 8.91 8.54 7.74 7.45 7.52 6.72 7.52 6.64 9.13 9.64 8.10 10.29 12.12 15.11 14.31 14.97 12.92 12.70 14.45 14.45 14.31 12.12 10.07 10.44 9.20 7.15 5.84 4.45 5.77 7.23 6.13 7.81 7.08 8.98 9.49 7.96 7.74 6.20 5.62 7.23 5.04 4.53 4.82 3.43 3.43 3.21 5.40 6.35 6.42 6.64 6.86 7.81 5.26 5.18 5.18 5.55 7.08 9.93 8.54 9.20 9.13 9.86 7.59 10.80 13.58 15.55 17.74 17.08 18.10 18.10 20.29 22.27 21.68 18.40 19.13 14.45 12.56 12.92 13.21 7.81 9.42
9.34 8.83 8.40 8.69 7.37 7.45 7.45 8.10 8.83 8.25 10.95 11.53 11.39 11.10 13.87 11.17 12.41 12.26 12.63 13.51 13.51 12.19 12.78 11.02 8.69 7.52 7.45 7.23 5.40 5.48 5.99 8.83 11.39 8.32 10.00 8.83 7.15 7.45 5.48 3.72 3.58 3.80 3.72 3.72 3.50 3.50 4.09 5.18 6.42 6.86 6.57 6.72 7.74 6.94 6.13 6.94 5.84 6.64 6.35 7.23 7.96 7.45 8.25 8.25 7.66 11.75 13.80 17.08 14.89 18.10 18.10 17.52 20.08 18.91 13.51 11.75 12.48 11.83 5.55 0.44 1.68 2.77
8.69 8.83 8.98 8.32 8.47 8.69 9.42 7.52 8.47 6.06 7.52 8.03 7.59 8.76 8.61 8.32 9.64 11.32 10.66 9.93 9.93 10.37 9.20 8.40 7.23 8.10 8.03 7.74 8.25 6.06 6.20 8.40 11.53 12.56 11.02 7.88 5.62 4.31 4.67 3.50 5.11 5.84 5.69 5.33 5.48 5.48 5.33 5.26 5.69 6.13 5.84 7.23 7.66 8.54 6.20 5.91 5.69 6.13 4.96 5.04 4.89 4.67 5.84 6.72 7.23 7.59 8.25 12.34 14.60 17.74 17.74 19.78 17.01 18.32 13.29 7.88 7.81 5.91 7.15 0.00 0.00 6.28
8.69 8.83 8.98 8.32 8.47 8.69 9.42 7.52 8.47 6.06 7.52 8.03 7.59 8.76 8.61 8.32 9.64 11.32 10.66 9.93 9.93 10.37 9.20 8.40 7.23 8.10 8.03 7.74 8.25 6.06 6.20 8.40 11.53 12.56 11.02 7.88 5.62 4.31 4.67 3.50 5.11 5.84 5.69 5.33 5.48 5.48 5.33 5.26 5.69 6.13 5.84 7.23 7.66 8.54 6.20 5.91 5.69 6.13 4.96 5.04 4.89 4.67 5.84 6.72 7.23 7.59 8.25 12.34 14.60 17.74 17.74 19.78 17.01 18.32 13.29 7.88 7.81 5.91 7.15 0.00 0.00 6.28
9.20 9.27 9.05 9.64 9.42 9.93 9.78 8.40 5.18 5.48 5.84 6.06 7.88 7.23 8.61 9.49 9.34 9.42 8.91 9.42 9.42 7.30 6.42 6.13 6.13 6.72 7.74 9.05 8.47 6.42 7.37 10.44 11.02 11.24 11.39 9.20 8.69 3.94 4.45 3.87 4.67 5.84 6.06 5.04 5.04 5.04 4.16 4.53 3.94 3.80 5.26 4.67 4.89 4.60 5.11 5.91 3.14 3.94 4.67 3.87 3.87 9.13 7.45 9.42 9.93 9.56 9.86 10.29 13.94 14.75 14.75 19.86 17.23 12.70 7.59 8.91 8.98 6.57 0.00 0.29 0.00 4.67
11.02 9.71 10.37 9.86 9.71 10.37 9.27 9.56 7.15 6.64 4.16 5.99 5.11 7.66 9.93 9.34 10.51 9.93 9.71 8.47 8.47 9.20 6.79 5.55 5.11 5.33 5.11 8.54 7.96 6.86 8.98 10.80 12.12 11.83 12.48 10.07 10.73 5.18 3.87 4.67 3.21 3.87 3.36 4.09 4.60 4.60 4.09 4.09 3.36 3.72 2.63 3.07 3.07 1.17 1.68 0.95 0.88 3.07 4.23 6.64 9.71 13.21 11.02 14.60 13.94 9.93 13.07 13.51 17.81 16.57 16.57 20.81 17.74 12.12 9.27 9.42 4.38 5.04 0.00 0.00 3.72 3.07
11.17 11.90 12.05 10.37 9.71 10.44 10.37 10.22 8.32 9.42 5.33 5.62 8.18 8.25 8.69 9.13 8.76 9.34 9.13 9.71 9.71 9.42 7.52 5.69 5.99 4.53 5.33 7.23 6.42 8.18 9.13 10.29 7.96 9.05 9.56 7.23 6.64 6.94 2.99 1.31 1.31 1.31 1.61 3.07 6.64 6.64 6.42 4.82 3.72 5.40 2.56 2.19 3.65 0.00 0.00 0.00 3.21 2.92 2.77 5.99 11.61 14.97 13.58 14.82 16.50 14.38 14.09 15.04 19.13 17.67 17.67 13.87 15.11 11.61 2.85 3.14 1.68 2.70 0.07 0.07 1.90 1.10
11.17 11.90 10.73 11.10 9.42 10.22 10.00 10.00 10.07 9.78 8.61 7.88 8.03 8.54 9.05 8.61 8.91 8.83 7.96 9.71 9.71 10.73 10.37 6.72 9.13 7.88 5.40 8.54 6.50 9.13 6.72 6.28 6.20 6.79 5.40 5.99 5.18 6.13 4.60 1.90 0.00 0.88 2.63 5.18 7.59 7.59 6.64 7.74 7.66 5.84 5.77 5.40 5.62 3.72 2.19 5.33 5.26 6.64 10.66 10.15 10.22 13.07 11.46 12.12 11.75 13.29 13.72 13.29 13.51 11.61 11.61 8.10 3.21 2.19 2.19 2.12 0.73 0.00 0.00 0.00 0.00 0.00
10.44 8.47 8.47 9.20 7.81 7.88 7.66 8.32 9.49 9.78 9.86 9.13 8.83 12.12 13.58 13.72 10.22 8.10 10.88 11.90 11.90 10.80 11.24 13.94 12.70 10.73 11.39 13.14 8.83 10.51 8.61 6.35 6.06 5.55 5.55 5.62 5.11 3.94 3.58 0.07 0.00 0.58 1.61 5.18 3.80 3.80 4.89 5.77 5.62 6.64 4.89 6.94 4.31 3.87 3.94 4.82 7.01 8.10 9.49 10.29 10.15 8.83 7.45 8.69 8.03 9.93 10.88 10.73 10.95 8.61 8.61 4.31 2.85 1.97 2.04 0.88 1.17 0.00 0.00 0.00 0.00 0.00
10.44 8.47 8.47 9.20 7.81 7.88 7.66 8.32 9.49 9.78 9.86 9.13 8.83 12.12 13.58 13.72 10.22 8.10 10.88 11.90 11.90 10.80 11.24 13.94 12.70 10.73 11.39 13.14 8.83 10.51 8.61 6.35 6.06 5.55 5.55 5.62 5.11 3.94 3.58 0.07 0.00 0.58 1.61 5.18 3.80 3.80 4.89 5.77 5.62 6.64 4.89 6.94 4.31 3.87 3.94 4.82 7.01 8.10 9.49 10.29 10.15 8.83 7.45 8.69 8.03 9.93 10.88 10.73 10.95 8.61 8.61 4.31 2.85 1.97 2.04 0.88 1.17 0.00 0.00 0.00 0.00 0.00
10.15 7.59 7.74 7.74 7.23 6.64 6.79 6.79 8.10 10.51 12.05 12.34 12.12 11.39 13.80 14.09 15.26 12.56 13.14 11.90 11.90 12.12 13.14 14.97 15.18 13.65 14.31 11.53 13.21 12.48 10.37 8.91 6.42 5.40 3.87 3.43 3.50 1.46 0.00 0.00 0.00 0.00 2.70 2.41 3.14 3.14 3.43 2.99 3.80 3.94 2.26 1.10 1.02 2.92 4.02 3.94 5.69 5.40 6.64 5.55 3.21 6.50 4.16 5.69 7.23 9.49 9.71 7.01 5.55 4.16 4.16 4.53 0.00 5.40 2.99 1.17 1.02 1.31 0.00 0.00 0.00 0.00
7.74 8.25 7.66 7.81 8.91 9.34 9.20 9.71 11.32 12.78 12.48 13.36 12.34 12.63 10.73 11.32 13.58 14.16 11.83 11.97 11.97 10.88 12.92 14.75 13.94 13.56 12.11 13.39 10.47 10.22 8.91 9.05 7.23 6.28 4.02 3.07 2.70 1.17 1.31 1.10 2.12 2.85 2.41 2.77 3.36 3.36 3.43 3.50 3.65 2.56 2.26 0.00 0.00 2.85 2.99 3.65 3.50 2.99 3.29 3.07 3.43 3.50 3.07 4.96 6.64 8.40 6.28 5.84 5.69 4.67 4.67 5.99 5.91 5.91 4.38 3.14 1.83 1.53 0.29 0.44 0.00 0.00
8.10 8.76 9.56 8.69 9.71 10.66 11.17 10.73 12.63 14.97 16.28 15.04 13.29 13.51 11.97 7.81 7.96 10.07 8.47 9.71 9.71 9.27 11.24 11.46 13.80 14.14 16.33 12.74 12.88 11.51 9.64 8.54 6.42 6.72 4.16 3.58 2.77 2.92 1.53 1.46 2.34 2.41 2.56 2.99 3.36 3.36 4.02 3.58 3.72 4.09 2.56 3.29 3.50 3.72 3.36 3.07 0.00 0.00 0.00 0.00 0.00 0.00 0.00 0.00 0.00 3.80 3.94 5.18 3.87 4.53 4.53 5.33 4.89 4.23 3.36 3.36 4.38 2.92 1.75 2.77 3.36 1.24
10.44 9.42 10.15 10.51 12.56 12.12 12.85 15.91 14.53 15.18 14.97 14.38 13.07 7.74 7.74 5.91 6.57 7.59 7.23 8.69 8.69 9.64 9.78 9.86 11.74 15.13 13.24 12.94 13.36 13.13 12.57 10.13 6.50 8.91 7.81 4.67 4.16 3.14 2.92 2.77 2.99 2.92 3.14 2.77 3.43 3.43 1.24 2.04 2.04 3.72 3.36 3.80 3.43 3.58 1.97 0.88 1.10 0.00 0.00 0.00 0.00 0.00 0.00 0.00 0.00 3.87 5.77 5.26 5.26 5.55 5.55 5.69 8.47 5.69 7.30 5.40 5.91 4.82 5.26 3.58 3.87 2.56
13.72 13.72 12.26 12.56 11.97 15.40 16.57 16.50 15.40 12.85 13.43 8.03 3.29 3.58 4.16 0.00 4.96 7.88 10.29 9.78 9.78 9.78 7.52 9.12 12.27 11.68 9.49 10.66 12.27 12.62 13.18 11.36 12.40 11.83 8.98 7.96 8.83 7.08 4.89 5.91 3.87 3.07 3.14 2.77 2.19 2.19 0.73 0.00 0.00 1.10 2.04 2.48 0.00 2.48 1.46 1.10 1.68 1.68 1.75 0.00 0.00 0.00 0.00 0.00 5.18 7.74 7.81 9.34 12.70 12.26 12.26 10.07 10.80 8.61 5.48 5.84 4.60 4.53 4.89 3.36 3.50 2.85
13.72 13.72 12.26 12.56 11.97 15.40 16.57 16.50 15.40 12.85 13.43 8.03 3.29 3.58 4.16 0.00 4.96 7.88 10.29 9.78 9.83 10.10 7.64 9.76 11.96 11.98 9.34 10.66 11.90 11.72 12.31 11.53 12.52 12.32 10.09 8.42 9.06 7.08 4.89 5.91 3.87 3.07 3.14 2.77 2.19 2.19 0.73 0.00 0.00 1.10 2.04 2.48 0.00 2.48 1.46 1.10 1.68 1.68 1.75 0.00 0.00 0.00 0.00 0.00 5.18 7.74 7.81 9.34 12.70 12.26 12.26 10.07 10.80 8.61 5.48 5.84 4.60 4.53 4.89 3.36 3.50 2.85
12.85 14.02 13.07 12.70 12.70 13.36 16.79 16.57 16.94 16.79 17.16 13.72 8.69 6.64 0.00 3.65 8.40 12.78 17.52 11.61 11.61 9.78 6.79 9.71 7.26 5.41 6.44 7.89 9.81 12.18 13.36 13.35 13.35 12.48 14.77 13.83 10.99 11.65 10.69 8.10 5.48 2.70 3.14 1.61 0.29 0.29 0.66 1.02 0.00 0.00 1.97 0.00 0.00 0.00 1.24 0.66 1.46 1.68 1.10 1.90 3.29 2.85 3.36 5.99 5.18 8.10 9.49 11.75 12.78 11.46 11.46 9.64 7.88 5.33 5.48 4.02 5.55 5.18 6.20 6.06 5.55 5.62
12.12 8.76 11.68 11.32 8.25 10.22 14.97 14.60 15.91 17.45 16.21 17.16 12.56 12.63 8.32 7.81 5.55 15.55 17.37 18.18 18.18 14.38 8.98 5.36 5.33 3.80 4.77 4.37 2.70 6.13 12.22 14.23 16.28 15.40 15.48 16.70 16.64 16.57 13.19 10.42 7.88 7.74 4.60 3.50 4.45 4.45 2.34 2.34 2.92 2.92 2.99 2.77 2.85 0.00 0.00 0.00 1.53 0.80 0.00 1.83 1.53 1.83 2.77 5.33 9.05 9.42 11.53 11.39 12.12 11.46 11.46 11.83 9.34 8.47 6.50 6.50 6.13 5.99 6.72 8.61 6.50 7.15
6.42 6.86 6.57 6.13 6.13 5.99 8.03 7.37 9.42 11.24 12.41 14.75 15.91 12.63 11.32 10.22 12.12 14.60 11.61 13.80 13.80 10.66 5.40 8.25 5.26 4.31 0.00 0.00 0.00 4.65 8.96 11.91 15.55 16.43 18.47 19.42 18.21 16.26 17.01 12.92 10.15 10.80 7.74 9.34 6.57 6.57 2.48 3.50 1.75 2.34 2.70 2.85 3.14 2.48 2.63 0.00 1.46 1.97 0.00 0.00 1.83 1.31 2.70 4.67 5.11 7.01 8.83 4.74 9.13 11.46 11.46 11.10 11.39 8.32 6.79 4.89 5.84 5.48 8.69 9.71 7.96 7.88
6.13 6.13 4.96 4.38 4.23 3.72 3.21 3.58 6.72 8.69 9.64 11.32 11.02 10.88 9.56 10.51 8.91 9.71 6.42 7.37 7.37 3.87 6.94 5.91 8.25 5.99 5.26 0.00 5.40 7.41 9.56 8.83 11.83 9.34 16.43 20.37 22.70 26.13 22.53 18.08 14.23 14.60 9.05 7.45 7.74 7.74 4.45 3.07 2.92 1.90 2.41 2.70 2.41 2.92 2.26 1.61 0.00 0.00 2.19 0.00 1.83 1.90 2.34 3.72 3.94 5.18 4.45 3.43 7.01 9.64 9.64 8.03 5.99 7.37 5.69 3.58 6.28 7.96 7.08 9.86 10.07 9.64
5.48 5.40 2.92 2.56 2.34 3.94 3.07 4.23 6.94 6.20 11.43 10.80 12.85 13.14 10.66 9.20 7.59 4.96 6.42 3.80 3.80 3.80 5.04 7.45 8.83 8.61 7.01 6.35 6.72 6.71 6.13 6.20 9.05 7.59 12.85 15.04 20.88 25.40 25.04 22.34 22.68 17.97 13.65 15.77 9.56 9.56 5.62 5.18 3.65 4.02 2.70 2.48 2.85 3.14 2.85 2.26 2.19 2.56 3.72 2.63 3.65 3.36 3.94 3.87 3.36 3.07 2.99 3.07 4.67 2.99 2.99 4.74 3.50 2.92 2.70 3.29 2.63 5.26 8.83 9.27 8.54 9.34
8.69 7.74 5.33 2.77 3.58 3.72 9.78 13.72 10.66 8.32 9.43 7.59 11.39 8.98 8.76 4.89 4.53 4.38 3.72 4.60 4.60 4.45 5.04 6.50 8.10 8.83 8.32 8.61 7.30 6.50 7.63 8.32 8.78 8.95 10.24 12.34 14.82 19.93 20.95 23.08 22.70 21.61 18.36 17.37 13.14 13.14 8.83 9.86 6.64 4.82 5.40 5.11 3.07 2.48 2.63 3.14 3.14 2.63 2.99 1.61 2.77 3.50 3.14 3.50 3.07 3.29 3.29 2.77 2.77 2.70 2.70 0.00 0.00 2.04 2.19 2.41 2.41 3.72 4.67 6.06 5.18 4.60
8.69 7.74 5.33 2.77 3.58 3.72 9.78 13.72 10.66 8.32 9.20 7.59 11.39 8.98 8.76 4.89 4.53 4.38 3.72 4.62 4.60 4.45 5.04 6.50 8.10 8.83 8.32 8.61 7.30 6.50 7.52 8.03 8.47 8.91 9.93 12.34 14.89 20.03 20.95 22.96 22.93 21.61 18.18 17.37 13.14 13.14 8.83 9.86 6.64 4.82 5.40 5.11 3.07 2.48 2.63 3.14 3.14 2.63 2.99 1.61 2.77 3.50 3.14 3.50 3.07 3.29 3.29 2.77 2.77 2.70 2.70 0.00 0.00 2.04 2.19 2.41 2.41 3.72 4.67 6.06 5.18 4.60
11.10 8.10 10.29 7.37 4.16 3.87 7.81 15.77 17.01 11.41 6.52 5.40 5.26 5.77 5.55 2.63 2.99 4.31 2.19 3.36 3.36 3.58 5.26 5.77 6.72 8.03 8.03 8.03 7.66 9.49 8.91 8.76 10.29 10.44 11.17 11.68 10.00 11.02 14.97 20.59 19.30 17.45 17.96 16.57 15.70 15.70 14.24 14.97 11.90 9.78 11.24 6.72 4.09 3.29 3.72 3.29 3.65 2.77 1.75 1.53 0.95 3.07 2.63 3.07 2.92 3.07 0.80 1.10 2.34 1.90 1.90 0.00 0.00 0.00 0.00 2.48 0.00 0.00 0.00 0.00 0.00 5.55
