Wansh/Snow_depth/snowdepth-1997/winter/1998029.txt
ncols 321
nrows 161
xllcenter 60
yllcenter 15 
cellsize  0.25 
NODATA_value -1
[rows 37 to 73 of 161, columns 0 to 81 of 321]
0.00 0.00 1.75 2.19 1.90 2.70 4.96 4.74 5.62 5.69 6.20 4.82 4.23 5.11 6.28 6.35 7.15 5.84 0.00 1.53 2.85 3.87 3.65 5.33 3.36 2.56 2.56 3.14 5.33 4.74 6.13 4.89 5.48 6.28 7.52 4.45 4.16 4.53 4.31 7.59 7.37 7.37 7.01 6.13 6.13 5.91 3.29 2.41 2.26 3.43 4.74 4.74 4.31 2.63 0.95 2.34 1.90 3.80 3.43 4.82 4.45 2.99 5.04 8.83 7.81 10.66 11.83 10.37 9.49 9.49 9.93 10.37 11.83 15.62 15.04 16.06 16.06 16.06 19.86 21.68 21.46 18.10
0.00 0.00 0.00 1.83 0.00 1.53 4.16 5.84 7.74 6.79 7.23 6.13 5.26 5.84 5.40 6.94 5.26 0.00 0.00 1.75 2.19 3.07 1.83 0.22 0.00 0.58 0.58 2.92 3.14 2.92 4.96 5.77 5.55 5.40 5.84 3.14 3.50 4.60 5.91 7.15 7.23 6.64 6.50 5.48 5.40 5.99 3.29 4.16 3.21 3.14 5.18 5.18 5.77 4.74 3.07 3.94 3.07 3.87 4.45 5.04 4.89 4.82 7.37 8.76 10.95 11.90 12.12 10.51 9.86 9.93 10.73 10.51 12.78 14.02 15.99 17.81 17.81 17.16 21.53 22.12 20.51 20.73
0.29 0.29 0.00 0.00 1.90 3.14 5.26 7.01 6.57 7.37 7.96 6.94 6.35 7.45 6.20 4.45 4.31 4.89 4.67 4.67 4.60 3.14 0.29 0.29 0.00 0.22 0.22 0.00 2.04 1.75 3.94 3.14 0.22 1.02 3.72 4.31 2.41 4.09 5.91 7.23 7.59 7.74 7.08 5.40 6.28 7.30 4.09 4.31 5.77 7.74 7.23 7.23 6.72 6.35 7.96 7.37 4.02 7.15 5.69 6.20 7.66 7.23 7.37 8.54 10.66 11.61 10.15 10.59 9.20 11.53 11.97 14.02 13.94 15.40 14.67 16.64 16.64 16.50 19.93 20.81 19.27 14.60
0.66 0.66 0.88 0.00 1.83 3.50 4.96 7.15 7.30 7.96 7.08 7.59 7.52 7.52 4.89 4.31 3.50 4.38 5.26 4.96 5.04 3.29 2.92 0.80 0.00 0.00 0.00 0.73 0.80 1.31 2.48 0.95 0.15 0.88 1.83 3.87 2.77 5.04 6.86 9.42 9.56 9.42 7.81 7.96 6.50 5.69 6.28 7.59 7.59 8.18 7.96 7.96 8.61 8.76 9.86 9.42 10.22 10.51 8.25 10.07 7.59 7.01 8.47 9.78 9.20 11.02 10.88 12.78 14.16 13.29 15.48 16.06 17.67 17.30 15.11 14.67 14.67 13.36 13.80 17.59 16.43 12.05
1.31 1.31 1.83 1.53 3.14 3.80 6.20 7.30 7.15 7.96 6.57 8.25 6.20 6.79 5.48 3.43 4.31 4.23 5.91 5.69 3.87 3.87 3.72 2.34 0.22 0.66 0.66 0.00 0.07 2.26 2.12 2.12 0.58 0.15 4.45 5.77 7.01 10.22 10.29 11.32 9.93 10.44 8.83 5.55 6.35 2.77 7.30 7.66 7.74 7.23 7.15 7.15 8.32 9.64 10.66 11.90 11.97 11.90 10.80 11.24 9.56 11.24 10.37 12.78 12.92 12.99 11.83 15.33 15.04 16.21 16.35 16.64 17.74 16.43 13.51 14.24 14.24 12.26 11.90 12.56 11.75 12.26
2.48 2.48 1.97 1.90 2.56 4.82 5.48 5.99 4.89 5.62 6.06 4.96 5.48 5.55 5.62 3.87 3.87 3.94 5.62 6.42 3.50 1.39 0.37 0.00 0.00 0.00 0.00 1.31 4.16 3.80 2.92 2.85 6.42 2.04 7.59 8.32 10.44 10.66 11.24 11.17 11.90 11.24 8.18 5.77 6.64 4.96 6.35 7.74 7.23 6.86 7.37 7.37 8.10 8.61 9.78 10.00 10.73 11.39 12.56 12.48 12.12 12.05 12.19 13.65 14.38 15.99 16.13 15.84 17.96 16.57 15.40 16.35 16.50 14.97 10.07 11.32 11.32 10.29 10.29 11.61 13.87 15.99
2.92 2.92 0.00 3.72 4.67 5.55 4.16 3.29 3.72 3.58 4.38 5.40 5.91 6.79 4.02 4.16 4.09 4.60 2.92 1.83 3.21 0.88 0.00 0.00 0.00 0.00 0.00 3.50 4.53 4.74 3.50 5.62 8.10 5.11 5.48 8.83 11.97 11.39 11.17 10.95 8.18 8.98 9.13 7.15 7.08 5.33 6.94 6.86 7.52 7.52 7.96 7.96 8.91 10.51 10.51 8.69 9.13 12.05 12.26 11.10 11.75 13.51 14.45 14.31 14.89 16.94 17.01 17.45 17.23 17.45 13.65 8.54 10.88 11.68 6.06 4.53 4.53 7.52 9.34 8.83 10.88 19.13
3.58 3.58 3.29 4.23 5.04 4.02 3.43 2.92 2.04 3.58 4.16 6.06 6.57 8.10 7.30 6.06 5.84 5.77 3.14 3.36 1.53 1.75 0.00 0.00 0.00 0.51 0.51 2.19 4.16 4.74 4.96 5.04 6.28 6.06 4.45 6.28 8.47 8.54 5.18 5.48 5.26 7.30 6.86 6.06 7.30 8.18 10.80 10.37 8.54 9.42 8.54 8.54 11.53 10.80 11.10 9.27 9.93 11.17 11.10 11.02 11.46 14.60 15.11 18.32 17.67 17.74 17.52 14.38 10.51 9.42 10.37 4.67 3.58 3.58 3.43 3.80 3.80 4.31 5.55 9.64 8.54 13.07
2.92 2.92 4.02 3.21 2.63 2.77 2.92 1.24 2.77 3.36 7.01 7.30 7.45 7.37 7.01 7.52 6.35 5.04 5.04 2.70 2.34 1.75 0.00 0.00 0.00 1.31 1.31 3.29 2.12 3.36 2.99 4.16 1.46 0.00 0.73 3.21 2.63 3.14 3.14 4.16 0.73 2.63 4.53 3.50 9.42 9.56 8.18 5.84 4.96 0.00 2.63 2.63 9.64 10.95 8.76 8.91 7.52 8.03 11.32 10.59 12.56 16.72 17.37 20.08 19.49 18.61 19.27 15.77 12.48 5.91 5.62 5.18 6.86 4.23 4.89 6.86 6.86 6.42 4.96 10.37 14.89 18.98
2.92 2.92 4.02 3.21 2.63 2.77 2.92 1.24 2.77 3.36 7.01 7.30 7.45 7.37 7.01 7.52 6.35 5.04 5.04 2.70 2.34 1.75 0.00 0.00 0.00 1.31 1.31 3.29 2.12 3.36 2.99 4.16 1.46 0.00 0.73 3.21 2.63 3.14 3.14 4.16 0.73 2.63 4.53 3.50 9.42 9.56 8.18 5.84 4.96 0.00 2.63 2.63 9.64 10.95 8.76 8.91 7.52 8.03 11.32 10.59 12.56 16.72 17.37 20.08 19.49 18.61 19.27 15.77 12.48 5.91 5.62 5.18 6.86 4.23 4.89 6.86 6.86 6.42 4.96 10.37 14.89 18.98
3.80 3.80 4.31 3.14 1.10 0.58 0.00 1.24 1.46 3.58 3.72 5.04 5.55 5.84 3.72 3.94 4.38 4.16 3.58 2.04 0.00 0.00 0.00 0.00 0.00 1.02 1.02 0.00 0.00 1.31 3.07 2.19 1.75 0.00 0.00 0.00 0.00 0.00 0.00 0.95 0.00 0.58 2.70 4.45 9.20 4.09 1.53 0.00 0.00 0.00 0.00 0.00 5.77 9.13 7.96 7.15 10.37 8.03 11.10 12.70 17.52 17.01 18.61 20.95 21.46 21.53 16.79 17.89 15.62 11.17 9.49 10.37 11.17 11.83 8.76 9.49 9.49 12.92 12.34 12.26 17.59 20.51
3.58 3.58 2.70 1.31 0.00 0.00 0.00 0.00 2.56 2.34 4.31 2.92 4.53 4.60 1.83 2.63 3.14 1.68 1.02 0.00 0.00 0.00 0.00 0.00 0.00 0.00 0.00 0.51 0.80 1.75 3.14 3.14 4.23 0.00 0.00 0.00 0.00 0.00 0.00 0.00 0.00 0.00 2.99 1.02 8.10 7.66 0.00 0.00 0.00 0.00 0.00 0.00 11.90 11.46 9.49 9.93 11.46 8.83 9.20 11.68 15.62 15.33 14.60 20.59 18.40 18.76 13.29 11.97 8.91 8.47 5.77 11.10 11.75 12.41 13.51 13.36 13.36 15.91 18.91 19.05 18.25 21.32
3.58 3.58 3.43 2.56 0.00 0.00 0.00 0.00 0.00 0.00 1.24 1.17 2.48 1.53 0.58 1.75 2.19 2.04 1.10 0.00 0.00 0.00 0.00 0.00 0.00 0.00 0.00 0.00 2.19 2.63 3.14 3.36 4.60 4.23 0.00 0.00 0.00 0.00 0.00 0.00 0.00 0.00 0.00 0.00 8.32 5.55 0.00 0.44 2.34 11.46 10.22 10.22 11.32 13.29 11.39 10.00 10.37 9.64 8.76 10.88 10.59 12.34 9.86 12.48 12.12 16.28 7.52 0.00 1.39 0.00 0.00 6.64 11.75 18.69 18.47 18.10 18.10 20.08 21.53 21.39 21.32 23.52
3.50 3.50 3.94 0.00 0.07 0.00 0.00 0.00 0.00 0.00 1.02 1.02 2.19 2.26 1.02 1.53 1.97 1.46 1.39 0.51 0.00 0.00 0.07 6.13 6.64 6.50 6.50 6.57 4.96 4.23 4.45 4.38 0.00 0.00 0.00 0.00 0.00 0.00 0.00 0.00 0.00 0.00 0.00 0.00 6.94 6.13 6.20 7.81 10.29 11.68 12.19 12.19 10.95 11.83 11.02 9.64 10.73 9.71 9.78 9.78 10.95 9.78 7.15 7.23 2.41 0.00 4.82 0.00 0.00 0.00 0.00 8.83 5.18 18.40 18.98 21.53 21.53 22.05 22.34 19.42 16.21 15.71
2.19 2.19 4.23 3.72 0.22 0.00 0.00 0.00 0.00 0.00 3.14 3.29 2.34 1.53 1.53 1.97 0.95 1.02 0.88 0.44 1.46 1.83 6.28 6.94 9.49 8.47 8.47 8.69 6.86 5.26 5.04 4.96 0.00 0.00 0.00 0.00 0.00 0.00 0.00 0.00 0.00 0.00 6.57 8.54 7.37 8.10 7.88 8.47 9.93 11.97 12.19 12.19 11.97 13.29 11.61 10.88 14.97 12.56 14.89 12.12 12.70 10.59 6.64 4.89 2.85 0.00 0.00 0.00 0.00 0.00 0.00 7.08 16.64 14.09 15.40 14.67 14.67 19.20 15.55 16.50 12.48 10.29
2.04 2.04 1.10 0.00 0.00 0.00 0.00 0.00 0.00 0.00 0.00 0.00 0.00 0.00 0.00 0.00 2.99 3.29 0.00 2.92 3.87 7.08 8.10 8.47 9.49 9.34 9.34 6.64 6.50 5.69 3.50 0.00 0.00 0.00 0.00 0.00 0.00 0.00 0.00 0.00 0.00 5.26 6.86 7.88 10.15 9.86 8.83 9.27 9.20 11.32 13.43 13.43 11.97 11.68 13.14 13.87 15.77 15.62 15.99 15.04 15.04 6.64 8.91 4.53 8.61 13.80 0.00 9.05 12.12 0.00 0.00 10.80 14.45 12.70 12.85 9.93 9.93 14.16 11.17 9.49 8.54 8.25
0.00 0.00 0.00 0.00 0.00 0.44 0.58 0.00 0.00 0.00 0.00 0.00 0.00 0.00 0.00 0.00 0.00 2.85 0.00 4.96 6.13 7.52 7.59 8.32 0.00 0.00 0.00 0.00 5.18 5.04 2.92 0.00 0.00 0.00 0.00 0.00 0.00 0.00 0.00 0.00 0.00 4.02 6.13 7.30 8.69 11.75 4.89 5.91 7.88 5.91 8.03 8.03 10.29 12.05 13.51 13.29 13.87 15.33 16.06 17.01 18.10 13.58 17.74 15.48 17.16 18.69 15.26 18.40 19.56 11.61 11.24 12.41 13.43 9.64 6.79 2.92 2.92 3.43 5.69 6.06 7.52 7.66
0.00 0.00 0.00 0.00 0.00 0.00 0.00 0.00 0.00 0.00 0.00 0.00 0.00 0.00 0.00 0.00 0.00 3.21 4.38 3.43 0.00 0.00 0.00 0.00 0.00 0.00 0.00 0.00 0.00 0.00 0.00 0.00 0.00 0.00 0.00 0.00 0.00 0.00 0.00 0.00 3.50 7.66 6.57 8.25 3.50 3.72 0.00 0.00 3.58 2.70 6.20 6.20 8.54 8.32 12.05 12.85 16.06 17.23 17.01 18.61 17.59 16.94 19.35 18.61 19.56 21.53 21.10 20.59 20.73 14.09 11.32 7.59 8.10 8.18 4.82 1.83 1.83 0.66 2.19 2.99 5.04 7.08
0.00 0.00 0.00 0.00 0.00 0.00 0.00 0.00 0.00 0.00 0.00 0.00 0.00 0.00 0.00 0.00 0.00 0.00 5.62 0.00 0.00 0.00 0.44 0.00 0.00 0.00 0.00 0.00 0.00 0.00 0.00 0.00 0.00 0.00 0.00 0.00 0.00 0.00 0.00 0.00 1.90 6.94 4.23 2.77 0.00 0.00 0.00 0.00 0.00 0.00 4.23 4.23 6.86 4.89 10.37 12.63 17.89 17.23 15.26 14.60 15.18 14.53 16.72 14.24 18.91 21.46 24.09 20.44 21.83 13.51 8.47 4.31 1.68 2.34 2.77 0.66 0.66 0.44 0.22 0.29 1.53 2.74
0.00 0.00 0.00 0.00 0.00 0.00 0.00 0.00 0.00 0.00 0.00 0.00 0.00 0.00 0.00 0.00 0.00 0.00 0.00 0.00 1.83 1.53 4.38 1.39 0.00 0.00 0.00 0.00 0.00 0.00 0.00 0.00 0.00 0.00 0.00 0.00 0.00 0.00 0.00 0.00 0.00 3.94 4.67 0.00 0.00 0.00 0.00 0.00 0.00 0.00 0.00 0.00 0.00 0.00 8.03 9.20 15.18 17.52 16.86 13.29 14.89 13.21 14.16 12.19 16.43 19.35 24.31 17.67 8.61 8.69 7.59 3.50 0.29 0.00 0.00 0.00 0.00 0.00 0.22 0.00 0.00 0.22
0.00 0.00 0.00 0.00 0.00 0.00 0.00 0.00 0.00 0.00 0.00 0.00 0.00 0.00 0.00 0.00 0.00 0.00 5.33 5.33 7.15 7.96 5.99 3.07 1.24 0.00 0.00 0.00 0.00 0.00 0.00 0.00 0.00 0.00 0.00 0.00 0.00 0.00 0.00 0.00 0.00 0.00 1.68 1.90 0.00 0.00 0.00 0.00 0.00 0.00 0.00 0.00 0.00 0.00 9.49 8.47 13.87 18.54 19.71 23.94 19.42 12.78 11.90 7.96 13.14 12.78 9.27 9.86 3.65 0.00 0.15 0.80 0.00 0.00 0.00 0.00 0.00 0.29 0.15 0.00 0.00 0.00
0.00 0.00 0.00 0.00 0.00 0.00 0.00 0.00 0.00 0.00 0.00 0.00 0.00 0.00 0.00 0.00 0.00 0.00 7.15 7.23 0.00 3.43 0.00 0.00 0.00 0.00 0.00 0.00 0.00 0.00 0.00 0.00 0.00 0.00 0.00 0.00 0.00 0.00 0.00 0.00 0.00 0.00 0.00 0.00 0.00 0.00 0.00 0.00 0.00 0.00 0.00 0.00 0.00 10.80 11.97 15.77 21.39 23.94 23.14 24.67 21.90 14.75 10.66 6.06 7.37 3.36 3.43 4.09 0.00 0.00 0.00 0.00 0.00 0.00 0.00 0.00 0.00 0.00 0.00 0.00 0.00 0.00
0.00 0.00 0.00 0.00 0.00 0.00 0.00 0.00 0.00 0.00 0.00 0.00 0.00 0.00 3.36 4.31 4.09 0.00 4.02 0.00 0.00 0.00 0.00 0.00 0.00 0.00 0.00 0.00 0.00 0.00 0.00 0.00 0.00 0.00 0.00 0.00 0.00 0.00 0.00 0.00 0.00 0.00 0.00 0.00 0.88 0.00 0.00 0.00 0.00 5.11 0.00 0.00 0.00 14.09 14.82 21.32 22.27 24.24 21.46 18.61 10.15 10.44 10.00 3.50 3.94 0.66 0.00 0.00 0.00 0.00 0.00 0.00 0.00 0.00 0.00 0.00 0.00 0.00 0.00 0.00 0.00 0.00
0.00 0.00 0.00 0.00 0.00 0.00 0.00 0.00 0.00 0.00 0.00 0.00 0.00 0.00 0.00 0.00 0.00 0.00 0.00 0.00 0.00 0.00 0.00 0.00 0.00 0.00 0.00 0.00 0.00 0.00 0.00 0.00 0.00 0.00 0.00 0.00 0.00 0.00 0.00 1.83 1.02 0.00 0.00 4.09 4.89 4.38 3.36 1.24 7.52 8.91 9.93 9.93 14.38 16.21 16.79 20.95 20.22 10.22 13.87 4.53 5.04 0.73 2.04 2.04 0.29 0.00 0.00 0.00 0.00 0.00 0.00 0.00 0.00 0.00 0.00 0.00 0.00 0.00 0.00 0.00 0.00 0.00
0.00 0.00 0.00 0.00 0.00 0.00 0.00 0.00 0.00 0.00 0.00 0.00 0.00 0.00 0.00 0.00 0.00 0.58 0.00 0.00 0.00 0.00 0.00 0.00 0.00 0.00 0.00 0.00 0.00 0.00 0.00 0.00 0.00 0.00 0.00 2.99 3.14 0.88 4.38 5.11 3.80 1.83 4.45 5.40 5.99 6.42 6.13 9.42 10.00 10.00 15.77 15.77 19.20 18.69 18.47 19.35 16.06 5.99 7.30 1.53 1.46 0.00 0.58 0.00 0.00 0.00 0.37 0.00 0.00 0.00 0.00 0.00 0.00 0.00 0.00 0.00 0.00 0.00 0.00 0.00 0.00 0.00
0.00 0.00 0.00 0.00 0.00 0.00 0.00 0.00 0.00 0.00 0.00 0.00 0.00 0.00 0.00 0.00 0.00 0.00 0.00 0.00 0.00 0.00 0.00 0.00 0.00 0.00 0.00 0.00 0.00 0.00 0.00 0.00 2.04 3.72 6.86 6.64 5.26 6.79 6.50 6.20 5.33 4.60 5.33 6.57 7.45 10.44 10.44 10.88 12.34 14.67 17.59 17.59 18.76 13.07 13.51 8.98 3.36 4.16 2.77 1.83 1.39 0.66 0.00 0.00 0.00 0.00 0.00 0.00 0.00 0.00 0.00 0.00 0.00 0.00 0.00 0.00 0.00 0.00 0.00 0.00 0.00 0.00
0.00 0.00 0.00 0.00 0.00 0.00 0.00 0.00 0.00 0.00 0.00 0.00 0.00 0.00 0.00 0.00 0.00 0.00 0.00 0.00 0.00 0.00 0.00 0.00 0.00 0.00 0.00 0.00 0.00 0.00 0.00 3.43 6.35 8.18 8.03 7.74 7.45 7.66 7.81 3.87 4.67 4.74 5.04 5.99 9.27 10.80 10.88 11.24 12.99 11.24 14.89 14.89 15.70 8.40 7.45 4.31 3.36 2.99 2.77 2.26 0.80 1.31 0.95 0.00 0.00 0.00 0.00 0.00 0.00 0.00 0.00 0.00 0.00 0.00 0.00 0.00 0.00 0.00 0.00 0.00 0.00 0.00
0.00 0.00 0.00 0.00 0.00 0.00 0.00 0.00 0.00 0.00 0.00 0.00 0.00 0.00 0.00 0.00 0.00 0.00 0.00 0.00 0.00 0.00 0.00 0.00 0.00 0.00 0.00 0.00 0.00 0.00 5.55 7.30 3.80 4.23 6.28 6.86 2.12 4.74 5.84 1.17 5.04 5.04 5.48 7.01 9.86 9.71 9.93 10.73 8.10 8.54 11.75 11.75 12.26 7.81 5.69 6.06 4.31 3.50 1.31 2.04 1.24 0.59 0.00 0.00 0.29 0.00 0.15 0.00 0.00 0.00 0.00 0.00 0.00 0.00 0.00 0.00 0.00 0.00 0.00 0.00 0.00 0.00
0.00 0.00 0.00 0.00 0.00 0.00 0.00 0.00 0.00 0.00 0.00 0.00 0.00 0.00 0.00 0.00 0.00 0.00 0.00 0.00 0.00 0.00 0.00 0.00 0.00 0.00 0.00 0.00 0.00 2.56 3.58 0.00 0.00 0.00 1.83 3.29 0.00 0.00 2.85 0.00 4.09 5.77 6.79 7.23 9.56 10.51 9.78 7.96 9.05 8.32 7.08 7.08 7.08 6.72 5.69 8.18 6.50 3.36 2.63 2.26 0.88 1.97 0.58 0.95 0.95 0.00 0.00 0.00 0.00 0.00 0.00 0.00 0.00 0.00 0.00 0.00 0.00 0.00 0.00 0.00 0.00 0.00
0.00 0.00 0.00 0.00 0.00 0.00 0.00 0.00 0.00 0.00 0.00 0.00 0.00 0.00 0.00 0.00 0.00 0.00 0.00 0.00 0.00 0.00 0.00 0.00 0.00 0.00 0.00 0.00 0.00 0.88 1.31 0.00 0.00 0.00 0.00 0.00 0.00 0.00 0.00 0.15 2.56 4.31 6.86 9.20 10.07 9.56 8.61 7.88 7.66 8.61 5.99 5.99 5.33 6.94 8.69 6.20 2.04 2.26 1.97 1.68 1.97 2.70 1.46 1.10 0.73 0.44 0.73 0.00 0.00 0.00 0.00 0.00 0.00 0.00 0.00 0.00 0.00 0.00 0.00 0.00 0.00 0.00
0.00 0.00 0.00 0.00 0.00 0.00 0.00 0.00 0.00 0.00 0.00 0.00 0.00 0.00 0.00 0.00 0.00 0.00 0.00 0.00 0.00 0.00 0.00 0.00 0.00 0.00 0.00 0.00 0.00 0.00 0.00 0.00 0.00 0.00 0.00 0.00 0.00 0.00 0.00 0.00 1.83 3.80 7.81 8.61 9.13 7.66 8.47 7.96 7.30 8.18 6.50 6.50 6.13 5.18 6.13 2.26 1.17 0.29 1.02 1.02 1.39 1.97 2.04 1.83 1.02 0.00 0.00 0.00 0.00 0.00 0.00 0.00 0.00 0.00 0.00 0.00 0.00 0.00 0.00 0.00 0.00 0.00
0.00 0.00 0.00 0.00 0.00 0.00 0.00 0.00 0.00 0.00 0.00 0.00 0.00 0.00 0.00 0.00 0.00 0.00 0.00 0.00 0.00 0.00 0.00 0.00 0.00 0.00 0.00 0.00 0.00 0.00 0.00 0.00 0.00 0.00 0.00 0.00 0.00 0.00 0.00 0.00 0.73 7.01 8.47 8.61 7.59 8.18 8.69 8.03 8.47 9.56 8.69 8.69 7.23 6.20 4.74 3.14 0.51 0.80 0.58 1.53 3.29 1.83 1.75 0.00 0.22 0.73 0.73 0.00 0.00 0.00 0.00 0.00 0.00 0.00 0.00 0.00 0.00 0.00 0.00 0.00 0.00 0.00
0.00 0.00 0.00 0.00 0.00 0.00 0.00 0.00 0.00 0.00 0.00 0.00 0.00 0.00 0.00 0.00 0.00 0.00 0.00 0.00 0.00 0.00 0.00 0.00 0.00 0.00 0.00 0.00 0.00 0.00 0.00 0.00 0.00 0.00 0.00 0.00 0.00 0.00 0.00 0.00 4.31 7.81 9.42 7.88 8.18 9.13 9.34 9.42 12.48 10.66 10.66 10.66 6.79 7.59 5.99 5.18 1.46 2.34 0.37 2.63 2.70 1.46 0.29 0.73 0.66 0.95 0.81 0.00 0.00 0.00 0.00 0.00 0.00 0.00 0.00 0.00 0.00 0.00 0.00 0.00 0.00 0.00
0.00 0.00 0.00 0.00 0.00 0.00 0.00 0.00 0.00 0.00 0.00 0.00 0.00 0.00 0.00 0.00 0.00 0.00 0.00 0.00 0.00 0.00 0.00 0.00 0.00 0.00 0.00 0.00 0.00 0.00 0.00 0.00 0.00 0.00 0.00 0.00 0.00 0.00 0.00 0.00 4.31 7.88 9.93 10.66 11.24 11.39 11.24 15.40 14.89 13.36 11.46 11.46 8.10 6.13 6.28 7.37 4.53 5.04 1.83 4.89 3.72 2.99 0.88 1.46 0.15 0.80 1.10 0.44 0.88 0.00 0.00 0.00 0.00 0.00 0.00 0.00 0.00 0.00 0.00 0.00 0.00 0.00
0.00 0.00 0.00 0.00 0.00 0.00 0.00 0.00 0.00 0.00 0.00 0.00 0.00 0.00 0.00 0.00 0.00 0.00 0.00 0.00 0.00 0.00 0.00 0.00 0.00 0.00 0.00 0.00 0.00 0.00 0.00 0.00 0.00 0.00 0.00 0.00 0.00 0.00 0.00 0.00 0.00 5.55 8.54 13.51 14.02 14.38 15.04 15.55 15.33 14.89 12.34 12.34 11.02 13.51 10.51 13.21 7.66 6.28 9.49 9.86 7.52 7.66 6.50 3.43 1.02 0.95 0.95 0.15 0.88 0.00 0.58 0.00 0.00 0.00 0.44 0.00 0.00 0.00 0.00 0.00 0.00 0.00
0.00 0.00 0.00 0.00 0.00 0.00 0.00 0.00 0.00 0.00 0.00 0.00 0.00 0.00 0.00 0.00 0.00 0.00 0.00 0.00 0.00 0.00 0.00 0.00 0.00 0.00 0.00 0.00 0.00 0.00 0.00 0.00 0.00 0.00 0.00 0.00 0.00 0.00 0.00 0.00 0.00 5.18 14.09 14.60 14.67 14.97 12.26 13.29 13.94 13.87 11.39 11.39 13.14 13.87 14.82 14.16 11.83 11.90 12.41 10.95 10.66 11.46 10.73 5.55 2.12 2.92 0.00 0.00 0.00 1.17 0.22 0.00 0.22 0.51 0.44 0.95 0.95 1.02 0.00 0.00 0.00 0.00
0.00 0.00 0.00 0.00 0.00 0.00 0.00 0.00 0.00 0.00 0.00 0.00 0.00 0.00 0.00 0.00 0.00 0.00 0.00 0.00 0.00 0.00 0.00 0.00 0.00 0.00 0.00 0.00 0.00 0.00 0.00 0.00 0.00 0.00 0.00 0.00 0.00 0.00 0.00 0.00 8.47 11.24 15.99 15.62 14.75 14.97 9.64 9.42 10.00 11.24 10.37 10.37 12.63 12.78 14.82 13.72 13.14 9.71 10.37 8.69 12.12 13.51 11.75 5.77 6.42 5.33 1.02 1.39 1.83 5.11 0.88 0.66 0.73 0.80 0.07 0.51 0.51 0.07 0.00 0.00 0.07 0.00
