Wansh/Snow_depth/snowdepth-1997/winter/1998046.txt
ncols 321
nrows 161
xllcenter 60
yllcenter 15 
cellsize  0.25 
NODATA_value -1
[rows 0 to 36 of 161, columns 83 to 165 of 321]
18.10 18.83 18.69 18.03 15.91 16.57 12.41 9.71 9.64 11.24 11.83 11.68 12.78 13.43 13.72 13.51 13.43 16.21 16.21 16.21 16.21 14.31 14.67 8.61 6.06 6.35 0.00 0.00 0.00 3.29 4.31 6.64 7.30 7.45 5.33 4.60 3.87 4.45 4.53 4.67 6.42 5.77 9.20 7.88 7.88 8.47 4.82 3.58 3.29 4.09 5.18 5.62 8.32 7.88 7.88 9.13 7.01 6.13 6.35 5.55 4.38 4.89 2.92 2.19 1.83 2.26 2.63 2.48 4.02 4.02 4.38 4.38 8.98 10.00 9.56 8.69 8.83 10.00 12.56 12.56 12.56 12.56 12.05
17.74 19.05 18.03 18.10 14.89 10.51 11.10 9.05 8.32 8.18 11.68 13.07 12.19 13.14 13.29 11.61 11.32 10.73 10.88 10.88 14.02 14.09 13.58 12.99 11.97 8.61 5.33 0.00 2.85 3.07 3.36 4.89 4.60 4.02 4.82 2.63 1.10 3.21 3.29 3.21 4.45 9.20 8.18 10.22 10.22 6.79 7.52 4.16 3.58 3.58 3.72 3.07 3.50 3.36 3.58 4.60 3.94 5.48 6.20 6.35 4.45 4.09 5.26 4.31 3.29 5.33 4.67 3.72 8.47 8.47 9.71 9.27 9.78 9.64 9.20 11.17 12.63 13.58 13.14 13.36 14.09 13.51 14.02
16.43 15.84 16.72 12.63 13.29 10.15 11.02 10.88 10.15 13.29 12.63 15.91 14.60 14.60 12.12 9.71 9.20 9.27 9.27 9.27 8.69 9.56 12.34 12.26 10.44 11.02 0.00 7.08 0.00 3.43 2.85 4.02 4.53 4.82 3.21 2.04 2.34 2.70 5.26 4.60 6.72 6.06 7.37 10.80 10.80 10.07 11.32 9.42 10.15 5.77 2.70 3.07 2.92 2.56 2.92 4.67 4.02 6.35 6.42 8.69 7.52 7.37 9.13 8.69 6.50 8.40 8.10 7.52 7.59 7.59 10.66 11.17 10.95 11.24 11.97 11.61 12.99 15.70 15.77 14.31 16.64 14.16 15.26
16.43 15.84 16.72 12.63 13.29 10.15 11.02 10.88 10.15 13.29 12.63 15.91 14.60 14.60 12.12 9.71 9.20 9.27 9.27 9.27 8.69 9.56 12.34 12.26 10.44 11.02 0.00 7.08 0.00 3.43 2.85 4.02 4.53 4.82 3.21 2.04 2.34 2.70 5.26 4.60 6.72 6.06 7.37 10.80 10.80 10.07 11.32 9.42 10.15 5.77 2.70 3.07 2.92 2.56 2.92 4.67 4.02 6.35 6.42 8.69 7.52 7.37 9.13 8.69 6.50 8.40 8.10 7.52 7.59 7.59 10.66 11.17 10.95 11.24 11.97 11.61 12.99 15.70 15.77 14.31 16.64 14.16 15.26
13.94 11.97 12.63 11.83 12.34 11.75 13.29 12.41 12.70 11.53 15.77 15.48 14.31 12.26 12.70 10.95 9.42 10.37 7.08 7.08 8.03 8.03 10.07 8.83 11.39 10.66 8.69 4.96 0.00 0.00 2.85 2.63 2.56 3.80 4.02 4.53 4.74 3.58 4.74 2.48 5.99 5.26 3.07 5.26 5.26 5.11 8.91 11.24 10.95 9.34 3.80 4.45 2.63 3.07 2.70 2.85 4.09 5.91 5.55 8.32 8.03 9.42 11.53 10.22 9.20 12.63 10.00 11.97 12.05 12.05 11.61 11.83 11.10 9.78 11.02 13.58 12.92 15.33 13.07 17.08 14.24 14.75 15.77
14.75 12.48 13.43 12.92 12.41 10.88 11.46 10.88 9.56 9.34 9.56 12.70 12.70 12.48 10.95 11.17 11.17 8.32 9.05 9.05 7.59 7.37 6.64 9.71 9.20 10.51 7.96 8.91 4.16 0.00 0.00 2.34 3.80 3.43 4.82 4.89 5.11 2.99 1.53 1.90 1.02 1.61 1.31 3.50 3.50 6.57 5.55 10.66 12.56 11.10 12.41 5.62 2.92 3.29 2.70 2.99 3.58 4.45 3.80 5.69 8.32 11.24 12.99 10.44 14.60 13.36 12.78 11.10 8.18 8.18 8.18 8.69 9.05 9.34 9.93 10.07 9.13 10.37 9.93 14.16 14.31 13.94 14.53
13.21 13.51 12.70 11.02 11.24 11.10 8.03 8.25 8.10 7.81 8.03 7.45 10.37 10.44 10.15 10.44 10.15 9.42 8.69 8.69 8.83 8.18 8.32 8.61 6.79 8.40 9.34 4.16 3.50 3.43 3.21 3.65 3.65 4.45 5.26 5.26 4.16 1.39 0.95 0.00 0.00 0.00 1.39 4.09 4.09 3.43 7.08 11.83 10.66 13.43 7.01 4.23 3.36 4.02 3.21 3.94 4.89 7.08 6.42 8.69 10.00 11.61 16.79 16.79 16.43 14.97 12.92 12.05 12.63 12.63 8.98 9.05 12.34 12.70 10.66 11.83 9.13 11.32 9.71 9.56 10.66 12.48 11.97
13.21 13.51 12.70 11.02 11.24 11.10 8.03 8.25 8.10 7.81 8.03 7.45 10.37 10.44 10.15 10.44 10.15 9.42 8.69 8.69 8.83 8.18 8.32 8.61 6.79 8.40 9.34 4.16 3.50 3.43 3.21 3.65 3.65 4.45 5.26 5.26 4.16 1.39 0.95 0.00 0.00 0.00 1.39 4.09 4.09 3.43 7.08 11.83 10.66 13.43 7.01 4.23 3.36 4.02 3.21 3.94 4.89 7.08 6.42 8.69 10.00 11.61 16.79 16.79 16.43 14.97 12.92 12.05 12.63 12.63 8.98 9.05 12.34 12.70 10.66 11.83 9.13 11.32 9.71 9.56 10.66 12.48 11.97
13.51 10.95 10.88 10.66 10.44 10.29 8.76 7.37 6.13 6.28 5.99 5.69 5.77 5.18 7.23 9.49 9.56 9.64 9.64 9.64 9.05 9.78 8.69 6.64 6.64 5.84 3.65 4.09 3.50 3.80 3.50 4.31 4.23 4.23 5.40 5.11 5.55 2.92 0.66 1.46 0.58 1.17 0.95 2.99 2.99 6.42 5.77 8.25 6.72 6.50 4.53 5.40 2.99 6.86 5.04 4.53 4.74 5.48 7.15 10.07 8.40 15.40 13.43 12.63 15.91 16.13 14.38 13.29 11.75 11.75 13.21 12.78 13.58 12.78 13.80 13.07 12.12 12.63 11.10 9.49 9.56 9.71 9.86
8.76 10.07 8.83 8.61 10.00 8.03 6.50 6.86 5.48 5.26 5.04 4.67 3.58 3.65 5.26 6.50 9.13 9.42 8.25 8.25 8.32 9.93 9.86 8.40 5.48 5.55 4.45 3.50 3.29 4.31 3.80 3.14 3.14 4.02 6.06 5.40 6.86 5.48 5.99 3.80 2.92 2.92 2.41 3.50 3.50 3.14 4.45 5.04 5.40 6.79 6.50 6.86 8.40 10.51 7.23 6.94 6.28 7.30 5.40 6.50 6.72 8.18 8.69 7.23 9.05 14.60 11.68 11.90 11.61 11.61 13.36 16.94 14.53 13.72 14.31 11.53 14.89 16.06 11.61 13.14 13.87 9.27 8.54
8.32 7.88 8.83 8.18 8.03 7.52 5.91 6.42 6.06 6.20 6.13 7.30 4.74 4.09 3.50 4.60 4.38 4.74 6.42 6.42 9.49 8.10 10.95 6.13 6.94 4.89 4.96 4.31 4.67 3.58 3.58 3.94 3.50 3.36 4.82 5.62 5.69 5.62 4.16 4.45 3.58 3.21 4.67 3.36 3.36 4.60 3.87 5.04 4.67 5.99 7.96 8.83 11.17 11.02 10.22 7.15 7.37 7.88 7.59 8.03 8.10 6.86 7.88 7.88 8.54 8.47 8.61 12.85 14.97 14.97 18.61 19.27 16.79 14.53 14.53 15.26 14.97 15.33 14.82 11.68 12.99 10.15 8.76
8.32 7.88 8.83 8.18 8.03 7.52 5.91 6.42 6.06 6.20 6.13 7.30 4.74 4.09 3.50 4.60 4.38 4.74 6.42 6.42 9.49 8.10 10.95 6.13 6.94 4.89 4.96 4.31 4.67 3.58 3.58 3.94 3.50 3.36 4.82 5.62 5.69 5.62 4.16 4.45 3.58 3.21 4.67 3.36 3.36 4.60 3.87 5.04 4.67 5.99 7.96 8.83 11.17 11.02 10.22 7.15 7.37 7.88 7.59 8.03 8.10 6.86 7.88 7.88 8.54 8.47 8.61 12.85 14.97 14.97 18.61 19.27 16.79 14.53 14.53 15.26 14.97 15.33 14.82 11.68 12.99 10.15 8.76
7.45 7.30 7.01 7.08 5.91 6.42 6.20 7.81 9.78 9.71 7.66 7.08 6.94 9.78 10.37 5.77 5.91 6.57 6.06 6.06 10.73 11.24 10.44 6.94 5.77 5.48 5.33 4.23 4.74 3.72 4.82 4.09 4.09 5.11 4.74 5.04 5.11 6.28 6.42 4.16 4.74 5.55 5.55 4.89 4.89 3.65 3.58 4.31 5.11 7.45 8.83 8.10 10.44 9.42 7.23 6.13 7.96 8.47 9.78 11.10 11.39 8.47 9.64 8.03 8.83 12.92 14.24 16.50 18.69 18.69 18.10 18.54 21.10 19.20 15.77 16.86 14.67 13.72 14.09 14.89 14.67 11.97 13.14
7.23 7.81 6.79 7.96 6.28 6.72 8.61 8.32 9.20 9.49 8.91 11.39 13.07 11.97 13.72 11.75 7.74 8.69 11.32 11.32 10.44 11.17 8.98 7.15 7.15 6.13 6.50 4.89 3.58 3.36 4.96 5.84 6.06 6.13 5.91 6.06 6.13 6.86 5.62 6.13 5.11 4.53 4.60 3.87 3.87 3.50 3.14 5.40 6.64 7.96 7.52 7.59 8.83 6.20 5.91 5.91 7.66 8.98 9.13 10.59 9.05 8.69 11.46 12.99 10.66 15.40 16.57 19.05 19.05 19.05 22.34 23.14 22.85 22.05 19.86 17.01 14.09 14.24 14.31 12.48 11.53 6.13 7.74
9.42 9.42 8.25 5.26 4.45 5.55 8.03 7.52 7.23 10.15 12.34 11.39 10.73 13.51 13.43 12.70 11.75 11.32 11.24 11.24 11.32 11.61 9.20 7.45 6.57 6.79 5.62 5.40 5.33 7.01 8.25 10.29 10.29 9.64 7.52 8.03 6.57 4.45 5.18 4.45 4.38 4.53 4.74 4.67 4.67 5.33 5.26 6.35 5.99 7.37 8.69 8.32 6.79 7.74 6.57 6.64 8.54 8.18 7.15 6.28 6.64 6.94 9.78 7.59 12.92 13.29 15.70 14.38 16.35 16.35 19.56 21.02 19.64 16.72 17.52 16.28 14.24 13.21 0.00 1.24 0.00 3.94 6.35
7.88 5.91 4.02 4.74 4.16 5.84 5.84 6.42 6.79 6.28 10.29 8.54 8.98 6.86 8.25 11.02 10.22 10.59 10.22 10.22 10.00 7.45 6.13 7.52 6.50 6.28 6.20 6.28 6.64 6.50 7.88 10.88 10.22 10.95 7.37 5.91 6.50 4.23 3.50 6.42 7.88 7.59 5.84 5.69 5.69 5.84 5.26 5.99 5.48 7.08 6.20 7.59 8.32 8.69 7.88 7.45 8.61 9.93 5.33 6.13 5.48 5.69 5.77 7.30 8.47 10.80 13.94 12.56 16.06 16.06 18.03 19.64 17.16 13.36 9.93 9.71 8.91 4.16 0.00 0.00 5.99 9.34 9.34
7.88 5.91 4.02 4.74 4.16 5.84 5.84 6.42 6.79 6.28 10.29 8.54 8.98 6.86 8.25 11.02 10.22 10.59 10.22 10.22 10.00 7.45 6.13 7.52 6.50 6.28 6.20 6.28 6.64 6.50 7.88 10.88 10.22 10.95 7.37 5.91 6.50 4.23 3.50 6.42 7.88 7.59 5.84 5.69 5.69 5.84 5.26 5.99 5.48 7.08 6.20 7.59 8.32 8.69 7.88 7.45 8.61 9.93 5.33 6.13 5.48 5.69 5.77 7.30 8.47 10.80 13.94 12.56 16.06 16.06 18.03 19.64 17.16 13.36 9.93 9.71 8.91 4.16 0.00 0.00 5.99 9.34 9.34
5.77 6.13 5.04 4.09 3.50 6.20 6.06 4.82 4.89 4.60 4.38 7.15 6.50 8.32 8.18 10.07 10.66 10.22 8.83 8.83 6.13 6.50 4.89 5.33 4.45 6.42 8.10 6.86 6.13 7.23 9.13 9.13 11.61 12.12 9.20 10.29 4.38 3.14 5.91 5.26 7.59 7.08 6.06 6.13 6.13 6.50 6.79 6.20 5.84 5.18 5.33 4.74 5.62 5.91 4.38 6.28 6.28 4.96 5.04 5.55 7.15 9.34 13.51 7.30 9.05 11.39 12.12 15.33 18.69 18.69 19.20 19.93 17.96 12.92 10.15 11.46 9.42 9.05 0.00 2.04 5.40 8.10 7.66
7.74 6.35 6.50 8.83 8.32 7.88 7.08 6.50 4.16 3.21 0.00 7.01 6.28 9.64 11.02 11.17 10.22 9.93 10.22 10.22 6.35 5.11 5.48 3.80 5.62 8.18 7.88 7.81 7.15 7.15 8.76 11.90 13.36 13.72 12.05 6.94 8.40 3.80 3.80 2.48 2.77 3.21 6.20 5.69 5.69 9.34 8.54 7.08 7.01 6.42 4.82 3.14 3.50 3.43 2.48 4.53 3.65 5.62 8.40 8.03 9.27 14.97 17.74 10.22 14.31 13.43 12.70 15.26 20.95 20.95 21.24 17.81 12.12 13.43 10.29 7.45 9.56 0.00 2.26 1.10 4.02 4.74 2.26
7.52 8.91 9.86 9.56 11.17 10.73 10.44 8.69 6.35 6.35 0.00 7.01 7.66 7.52 8.32 8.40 8.47 9.05 8.32 8.32 8.47 8.61 6.50 4.60 4.38 6.42 8.47 8.18 7.66 7.45 7.45 9.20 12.70 8.61 8.40 8.69 6.06 2.77 0.80 0.80 1.46 3.50 4.45 8.91 8.91 8.32 10.07 8.76 7.23 5.77 6.42 3.43 5.69 2.41 1.39 3.87 4.74 6.06 9.64 13.58 17.89 17.01 19.71 16.64 15.26 15.26 14.02 20.00 20.22 20.22 19.42 13.72 2.85 3.50 3.07 3.50 0.37 0.44 1.17 0.66 1.10 1.24 1.10
6.35 8.03 9.64 10.80 10.80 11.10 10.59 10.51 8.61 8.76 10.80 7.59 7.45 8.54 8.61 7.88 7.66 7.08 8.47 8.47 9.05 7.23 7.81 5.69 7.08 7.01 7.81 9.20 7.01 7.74 4.38 3.07 5.33 4.82 6.79 5.26 5.77 3.94 2.41 0.00 1.02 2.26 1.31 4.89 4.89 5.62 12.63 10.51 9.49 8.54 8.25 7.45 7.52 7.59 6.06 6.28 5.77 7.74 12.12 12.78 15.70 11.68 19.42 14.97 13.51 15.91 16.64 16.72 16.86 16.86 3.29 4.60 1.46 0.15 0.00 1.10 0.00 0.00 0.00 0.00 0.29 0.44 0.44
8.18 9.49 8.69 8.69 9.42 9.71 8.32 10.51 10.37 10.37 13.21 15.40 10.29 11.17 10.73 11.10 9.86 10.88 11.17 11.17 11.17 12.48 9.05 9.20 9.27 9.34 10.51 10.51 9.42 6.57 7.52 4.02 3.14 3.21 3.21 4.67 2.19 0.00 0.00 0.00 0.58 0.66 2.41 2.63 2.63 0.88 3.72 8.32 5.11 5.11 6.94 9.20 7.52 6.86 8.32 8.40 11.46 12.12 12.19 12.12 7.23 9.20 10.66 10.66 10.73 12.78 12.05 8.98 6.20 6.20 3.07 0.58 0.80 2.41 0.22 0.00 0.00 0.00 0.00 0.00 0.00 0.00 0.00
8.18 9.49 8.69 8.69 9.42 9.71 8.32 10.51 10.37 10.37 13.21 15.40 10.29 11.17 10.73 11.10 9.86 10.88 11.17 11.17 11.17 12.48 9.05 9.20 9.27 9.34 10.51 10.51 9.42 6.57 7.52 4.02 3.14 3.21 3.21 4.67 2.19 0.00 0.00 0.00 0.58 0.66 2.41 2.63 2.63 0.88 3.72 8.32 5.11 5.11 6.94 9.20 7.52 6.86 8.32 8.40 11.46 12.12 12.19 12.12 7.23 9.20 10.66 10.66 10.73 12.78 12.05 8.98 6.20 6.20 3.07 0.58 0.80 2.41 0.22 0.00 0.00 0.00 0.00 0.00 0.00 0.00 0.00
8.32 8.32 7.96 8.03 6.94 7.37 7.52 6.86 12.48 13.14 13.07 15.55 19.13 18.91 16.13 14.24 11.97 12.12 12.63 12.63 13.72 13.43 14.09 14.09 12.99 13.14 13.14 11.17 11.02 11.17 8.03 5.04 3.07 3.14 2.99 1.46 0.66 1.02 0.00 0.00 0.58 2.85 0.88 0.00 0.00 0.00 0.00 0.00 0.00 3.87 3.14 4.53 4.23 2.85 4.38 5.62 8.61 4.09 4.96 4.89 4.82 6.50 5.77 7.88 9.27 10.66 10.51 9.49 6.42 6.42 5.69 8.61 4.82 1.31 1.17 0.00 0.00 0.00 0.00 0.00 0.00 0.00 0.00
8.18 8.03 8.03 6.79 7.08 5.99 8.32 7.01 14.09 16.79 16.94 15.91 18.98 16.35 13.58 13.80 11.75 13.43 13.36 13.36 13.07 13.72 14.31 14.53 13.78 13.21 14.92 11.87 10.15 8.76 9.49 5.84 3.14 1.68 1.17 0.00 0.00 0.00 0.00 0.51 0.66 0.15 0.22 0.44 0.44 0.07 0.00 0.00 0.00 0.00 1.83 1.83 0.00 0.00 2.12 4.38 4.96 2.92 3.94 3.72 4.23 5.33 7.52 6.72 9.13 8.98 8.32 7.74 8.61 8.61 8.18 9.42 6.57 4.02 2.99 0.73 0.51 0.66 0.00 0.00 0.00 0.00 0.00
9.42 9.27 10.88 8.47 10.51 11.02 11.02 15.55 18.18 17.67 19.35 16.94 18.18 15.48 11.32 9.86 9.20 11.39 13.29 13.29 14.16 14.02 14.97 14.89 15.76 16.41 12.37 13.43 11.89 11.17 11.97 7.01 5.04 5.26 3.36 0.44 0.00 0.00 0.15 0.15 0.51 0.29 0.00 0.00 0.00 0.00 0.00 0.00 0.00 0.00 0.00 0.00 0.00 0.00 0.00 0.00 0.00 1.97 0.00 0.00 0.00 0.00 3.43 4.45 5.33 5.77 0.00 4.60 6.50 6.50 5.84 6.42 7.08 4.89 2.99 3.43 2.99 1.90 1.17 2.63 1.46 0.00 0.00
10.15 11.46 12.19 12.12 14.31 15.99 15.91 16.57 18.91 17.67 18.03 13.14 8.91 5.62 8.54 7.96 11.75 10.95 13.29 13.29 13.65 12.56 13.04 13.77 15.05 14.37 14.83 14.29 14.23 13.70 13.86 10.88 6.94 5.18 6.35 2.92 3.50 0.95 0.00 0.80 0.73 0.29 0.00 0.00 0.00 0.00 0.00 0.00 0.00 0.00 0.00 0.00 0.00 0.00 0.00 0.00 0.00 0.00 0.00 0.00 0.00 0.00 0.00 3.58 0.00 4.82 4.89 5.11 8.32 8.32 12.70 9.71 7.30 7.01 5.55 4.53 7.01 4.89 5.33 3.07 2.04 0.00 1.53
13.07 12.92 13.21 16.72 14.38 17.96 18.10 17.96 19.64 14.97 10.00 11.10 7.01 3.21 5.48 4.96 10.00 13.72 12.92 12.92 14.75 10.54 11.04 13.77 12.70 14.08 14.24 14.52 17.46 16.42 12.68 14.60 13.29 13.36 11.02 6.86 3.50 5.11 2.56 1.75 1.24 0.95 0.22 0.00 0.00 0.00 0.00 0.00 0.00 0.00 0.00 0.00 0.00 0.00 0.00 0.00 0.00 0.00 0.00 0.00 4.38 0.00 6.64 7.08 7.96 7.66 7.23 15.18 15.11 15.11 14.60 11.68 8.54 8.91 6.35 4.96 3.87 3.58 3.29 3.87 2.99 3.87 2.63
13.07 12.92 13.21 16.72 14.38 17.96 18.10 17.96 19.64 14.97 10.00 11.10 7.01 3.21 5.48 4.96 10.00 13.72 12.92 12.99 15.23 10.71 11.82 13.43 13.03 13.87 14.24 14.09 16.22 15.34 12.88 14.75 13.84 15.01 11.66 7.04 3.50 5.11 2.56 1.75 1.24 0.95 0.22 0.00 0.00 0.00 0.00 0.00 0.00 0.00 0.00 0.00 0.00 0.00 0.00 0.00 0.00 0.00 0.00 0.00 4.38 0.00 6.64 7.08 7.96 7.66 7.23 15.18 15.11 15.11 14.60 11.68 8.54 8.91 6.35 4.96 3.87 3.58 3.29 3.87 2.99 3.87 2.63
12.48 12.56 13.43 16.28 17.16 18.61 20.37 21.46 21.39 21.46 11.83 7.59 8.47 4.74 5.84 12.70 10.88 17.67 17.23 17.23 9.86 9.78 8.18 4.48 5.56 8.31 12.68 11.80 17.68 21.61 21.06 19.02 14.75 16.04 18.10 14.83 12.10 10.10 6.35 4.16 1.46 0.44 0.51 0.00 0.00 0.00 0.00 0.00 0.00 0.00 0.00 0.00 0.00 0.00 0.00 0.00 0.00 0.00 0.00 0.00 3.43 2.92 5.91 8.69 11.02 14.45 14.38 14.67 14.53 14.53 10.66 11.39 8.91 7.37 6.79 6.79 6.50 4.09 6.72 5.69 4.74 2.56 2.12
11.83 10.15 13.58 13.58 13.72 14.67 19.86 20.08 22.05 21.10 21.10 19.78 16.21 9.42 8.98 15.04 20.59 19.78 20.51 20.51 12.99 6.72 4.70 5.04 0.00 4.04 7.56 13.43 12.33 20.48 23.23 25.04 21.83 19.49 19.12 18.19 15.07 15.64 7.04 3.14 4.82 1.39 1.75 0.00 0.00 0.00 0.00 0.00 0.00 0.00 0.00 0.00 0.00 0.00 0.00 0.00 0.00 0.00 0.00 0.00 0.00 3.21 5.33 7.96 10.00 13.72 14.24 12.63 12.41 12.41 11.68 11.83 9.56 7.45 7.08 7.45 7.01 6.57 7.37 5.84 4.16 4.74 3.29
10.22 9.05 7.81 10.22 9.71 11.61 11.39 18.10 17.67 18.61 18.25 18.32 16.35 13.14 13.72 14.67 17.59 17.74 13.87 13.87 15.26 8.69 5.33 0.00 0.00 0.00 3.29 8.10 9.59 15.84 21.13 21.17 24.31 22.12 26.86 24.74 19.49 21.74 14.89 15.70 10.51 6.94 6.72 2.70 2.70 2.34 0.00 0.29 0.73 0.00 0.95 0.00 0.00 0.00 0.00 0.00 0.00 0.00 0.00 0.00 0.00 0.00 4.23 0.00 6.06 10.59 11.53 7.45 11.46 11.46 11.24 9.56 7.23 8.32 8.32 6.06 9.27 8.91 10.07 9.20 9.64 8.18 5.48
9.71 9.78 8.03 9.20 9.86 9.71 9.34 11.53 14.24 14.97 15.26 14.31 13.21 13.43 11.90 10.44 7.59 8.18 10.88 10.88 4.02 4.74 6.64 5.18 7.81 6.13 4.53 4.67 7.26 12.48 16.79 13.29 18.61 24.45 25.33 26.86 23.94 28.98 19.82 23.32 16.59 11.24 11.75 3.14 3.14 1.53 0.44 2.04 1.10 0.00 0.00 0.00 0.00 0.00 0.00 0.00 0.00 0.00 0.00 0.00 0.00 0.00 0.00 2.41 0.00 0.00 5.33 4.38 8.76 8.76 7.45 7.37 7.81 0.00 0.00 5.11 8.98 7.37 10.22 10.44 10.15 10.15 8.32
9.64 8.25 8.32 9.93 10.44 8.47 8.25 10.59 13.94 13.49 16.06 15.18 13.72 11.10 11.83 8.98 5.40 2.26 3.14 3.14 2.92 3.87 6.20 9.93 9.56 9.42 7.01 7.45 10.18 9.64 11.17 10.00 13.65 20.81 18.98 27.38 30.30 29.78 29.93 30.09 23.66 20.40 17.37 2.56 2.56 8.47 4.02 2.26 0.00 1.61 1.68 2.12 0.00 0.00 0.00 0.00 0.00 0.00 0.00 0.00 0.00 0.00 0.00 0.00 0.00 0.00 0.00 0.00 0.00 0.00 3.29 4.16 0.00 0.00 0.00 3.50 2.56 4.96 8.03 9.64 6.94 7.96 7.45
11.90 9.64 10.66 10.59 10.44 10.59 14.31 13.21 15.04 13.10 11.02 11.61 14.16 10.44 6.28 4.38 4.67 2.48 0.00 0.00 4.31 3.94 5.33 8.83 10.88 12.05 10.88 7.81 10.44 10.97 11.04 12.03 11.45 11.29 12.34 18.83 23.87 17.74 26.03 25.55 28.47 24.92 21.53 20.08 20.08 11.17 15.70 5.33 4.67 3.43 6.50 2.77 0.00 0.00 0.00 0.00 0.00 0.00 0.00 0.00 0.00 0.00 0.00 0.00 0.00 0.00 0.00 0.00 0.00 0.00 0.00 0.00 0.00 0.00 0.00 0.00 0.00 0.00 5.18 0.00 4.38 7.08 8.10
11.90 9.64 10.66 10.59 10.44 10.59 14.31 13.21 15.04 12.78 11.02 11.61 14.16 10.44 6.28 4.38 4.67 2.48 0.00 0.00 4.31 3.94 5.33 8.83 10.88 12.05 10.88 7.81 10.44 10.80 10.66 11.61 11.39 10.95 12.34 18.93 23.99 17.74 25.90 25.81 28.47 24.67 21.53 20.08 20.08 11.17 15.70 5.33 4.67 3.43 6.50 2.77 0.00 0.00 0.00 0.00 0.00 0.00 0.00 0.00 0.00 0.00 0.00 0.00 0.00 0.00 0.00 0.00 0.00 0.00 0.00 0.00 0.00 0.00 0.00 0.00 0.00 0.00 5.18 0.00 4.38 7.08 8.10
14.38 14.31 12.19 9.34 10.00 8.10 15.48 17.45 14.45 15.49 9.93 8.10 6.20 6.72 3.80 1.10 1.24 1.02 0.00 0.00 3.43 4.74 5.55 7.52 6.72 10.88 11.61 11.24 11.02 10.88 12.26 13.14 12.56 10.66 12.34 10.95 13.51 10.07 15.33 26.34 21.24 22.41 20.22 18.18 18.18 20.00 15.84 10.29 14.97 14.60 10.88 4.74 2.26 3.29 0.00 0.00 0.00 0.00 0.00 0.00 0.00 0.00 0.00 0.00 0.00 0.00 0.00 0.00 0.00 0.00 0.00 0.00 0.00 0.00 0.00 0.00 0.00 0.00 0.00 3.36 2.77 5.91 5.40
