Wansh/Snow_depth/snowdepth-1997/winter/1998013.txt
ncols 321
nrows 161
xllcenter 60
yllcenter 15 
cellsize  0.25 
NODATA_value -1
[rows 0 to 35 of 161, columns 166 to 248 of 321]
11.83 11.02 9.05 8.61 7.66 7.66 7.01 7.88 7.66 7.88 7.88 7.88 7.88 9.13 7.96 7.37 7.81 8.40 9.42 8.98 10.95 11.39 9.56 9.71 10.37 11.75 11.53 11.97 6.28 8.69 0.00 0.00 0.00 0.00 10.51 15.40 14.89 14.89 11.83 14.02 14.02 14.02 12.56 13.14 11.90 14.45 13.36 19.20 18.47 19.13 17.16 17.81 15.04 15.11 15.04 15.48 15.48 15.84 17.67 16.35 17.01 17.23 17.23 16.43 17.89 17.23 22.48 22.41 21.39 21.68 19.64 16.13 16.72 14.75 15.18 14.89 16.72 17.45 17.37 17.37 17.45 16.86 14.97
12.41 13.21 12.48 11.10 8.83 8.61 7.23 7.23 7.30 8.10 8.54 8.54 7.52 7.45 6.42 6.64 7.15 7.81 9.34 10.73 10.44 10.88 9.20 9.05 8.98 10.22 10.88 11.46 6.79 0.00 0.00 0.00 0.00 9.56 6.94 11.32 11.02 11.02 11.68 12.12 14.60 14.60 13.36 12.12 12.12 15.48 14.24 17.96 19.05 15.91 16.35 17.89 16.64 16.94 15.62 15.99 14.82 17.01 16.13 18.10 18.54 15.91 15.91 16.13 16.06 19.27 22.34 22.41 21.68 18.98 19.64 17.45 16.72 14.82 14.67 14.89 16.43 16.43 17.37 17.52 17.45 16.86 16.06
14.45 13.87 13.65 14.60 12.48 9.56 7.15 7.23 7.23 7.81 6.72 6.72 7.15 7.52 6.35 6.57 7.37 7.08 8.76 10.51 8.32 8.98 8.76 9.93 10.07 9.71 11.10 0.00 0.29 0.00 0.00 0.00 0.00 5.69 9.42 9.56 8.25 8.25 12.34 11.17 15.84 14.45 14.82 13.07 13.36 14.31 14.60 14.16 14.53 14.89 14.60 18.47 20.51 18.32 19.42 17.30 16.35 16.35 16.21 16.79 16.35 17.74 17.74 17.08 19.05 21.17 21.17 21.90 19.64 19.05 17.74 16.35 17.01 15.18 15.04 15.04 14.82 12.05 14.53 14.09 15.40 12.48 11.39
14.45 13.87 13.65 14.60 12.48 9.56 7.15 7.23 7.23 7.81 6.72 6.72 7.15 7.52 6.35 6.57 7.37 7.08 8.76 10.51 8.32 8.98 8.76 9.93 10.07 9.71 11.10 0.00 0.29 0.00 0.00 0.00 0.00 5.69 9.42 9.56 8.25 8.25 12.34 11.17 15.84 14.45 14.82 13.07 13.36 14.31 14.60 14.16 14.53 14.89 14.60 18.47 20.51 18.32 19.42 17.30 16.35 16.35 16.21 16.79 16.35 17.74 17.74 17.08 19.05 21.17 21.17 21.90 19.64 19.05 17.74 16.35 17.01 15.18 15.04 15.04 14.82 12.05 14.53 14.09 15.40 12.48 11.39
14.09 14.16 14.31 12.85 13.51 10.51 7.52 7.52 7.52 8.18 7.81 7.81 7.88 8.47 8.54 7.37 7.23 7.45 5.99 5.91 7.52 9.05 9.05 8.61 10.07 6.50 9.71 0.00 0.00 0.00 0.00 0.00 5.48 2.70 7.15 8.03 8.18 8.18 12.41 14.38 14.45 10.51 11.75 12.26 10.22 9.86 11.75 11.39 11.17 14.09 18.54 17.81 20.44 20.29 20.44 18.76 17.23 16.72 16.79 16.79 17.30 19.56 19.56 19.13 21.02 20.59 21.75 20.44 21.10 17.89 16.86 18.03 15.18 13.14 12.19 12.26 10.80 8.54 8.54 9.20 10.00 10.00 10.73
14.31 14.60 14.82 13.29 10.51 7.45 7.74 7.96 8.10 6.94 9.34 9.34 9.56 9.56 8.76 9.20 7.15 5.69 5.04 4.96 6.13 7.23 7.59 7.45 8.18 0.00 0.00 0.00 0.00 0.00 0.00 0.00 7.08 6.64 7.01 10.15 12.41 12.41 11.53 11.17 8.91 9.64 7.45 8.32 8.47 8.54 10.15 11.24 13.65 13.36 15.62 21.75 20.88 21.83 19.78 20.73 16.06 14.97 16.86 16.28 16.21 18.91 18.91 22.27 21.53 24.16 22.19 23.07 17.52 16.72 16.72 16.35 14.82 14.09 11.83 10.59 11.02 9.64 10.80 10.51 10.80 11.32 11.02
13.65 13.80 13.65 13.51 12.48 10.00 8.47 8.54 8.76 6.86 7.81 7.81 9.86 9.27 9.20 7.37 7.66 6.42 8.03 6.94 7.15 7.37 1.53 0.00 0.00 0.00 0.00 0.00 0.00 0.00 4.02 7.96 7.08 10.88 11.90 10.88 14.09 14.09 11.17 11.68 7.45 6.57 6.72 6.50 7.96 8.61 9.86 12.19 11.39 15.77 20.44 19.56 20.51 20.66 18.25 16.50 17.45 13.80 12.85 12.99 13.94 17.89 17.89 19.05 23.73 23.36 23.00 17.74 18.83 16.21 16.50 16.43 16.35 13.14 13.87 11.75 10.00 10.22 10.37 11.68 12.99 16.27 17.36
13.65 13.80 13.65 13.51 12.48 10.00 8.47 8.54 8.76 6.86 7.81 7.81 9.86 9.27 9.20 7.37 7.66 6.42 8.03 6.94 7.15 7.37 1.53 0.00 0.00 0.00 0.00 0.00 0.00 0.00 4.02 7.96 7.08 10.88 11.90 10.88 14.09 14.09 11.17 11.68 7.45 6.57 6.72 6.50 7.96 8.61 9.86 12.19 11.39 15.77 20.44 19.56 20.51 20.66 18.25 16.50 17.45 13.80 12.85 12.99 13.94 17.89 17.89 19.05 23.73 23.36 23.00 17.74 18.83 16.21 16.50 16.43 16.35 13.14 13.87 11.75 10.00 11.82 14.30 16.81 17.80 27.65 28.66
11.39 10.59 11.32 11.53 11.46 10.59 10.15 9.86 11.02 9.49 10.80 10.80 9.34 8.32 8.03 8.18 8.61 7.96 8.32 7.96 0.00 0.00 0.00 0.00 0.00 0.00 0.00 0.00 1.10 6.35 4.74 9.05 11.46 10.66 13.43 14.67 14.45 14.45 12.12 7.01 8.10 4.53 5.62 5.40 7.81 9.13 8.91 10.80 13.72 12.99 15.11 18.47 18.76 16.28 13.65 13.07 10.29 12.48 12.05 13.14 12.70 16.86 16.86 19.86 19.35 21.39 20.81 21.02 18.76 16.64 16.79 16.64 16.21 16.28 14.60 12.04 14.32 16.94 19.39 19.36 16.01 24.02 23.70
8.69 9.42 10.73 10.37 10.73 9.93 10.44 9.56 10.07 9.34 9.20 9.20 8.10 7.66 7.74 8.03 7.96 3.29 0.07 1.68 0.00 0.00 0.00 0.00 0.00 1.68 2.04 1.10 3.21 8.83 9.93 9.27 10.59 12.34 12.48 9.86 10.80 10.80 11.83 6.13 3.87 4.31 4.74 6.86 5.91 8.10 8.32 8.32 12.41 12.99 13.14 10.73 9.20 12.92 10.37 8.91 9.05 8.25 9.34 8.76 13.51 17.08 17.08 18.61 21.17 20.95 21.39 19.64 20.08 17.16 16.79 16.50 17.01 15.77 17.89 18.86 17.82 17.52 20.00 20.71 25.01 25.55 22.32
10.59 11.32 11.39 11.32 10.80 10.51 9.78 9.78 9.93 9.86 8.54 8.54 9.71 6.72 7.66 4.82 5.77 1.83 0.00 0.00 0.00 0.00 0.00 4.96 6.35 5.26 6.64 8.91 8.40 8.76 8.10 8.83 9.20 6.57 7.30 7.59 5.18 5.18 5.69 6.20 5.33 5.62 5.18 6.72 6.64 7.88 7.37 7.08 6.42 6.64 9.34 9.56 7.88 6.64 6.50 5.91 7.08 7.15 7.74 10.88 10.07 15.04 15.04 17.08 16.64 16.86 16.21 16.35 14.45 15.04 16.13 16.13 15.55 15.26 16.10 12.60 11.06 15.11 20.53 22.08 19.06 21.16 22.16
10.59 11.32 11.39 11.32 10.80 10.51 9.78 9.78 9.93 9.86 8.54 8.54 9.71 6.72 7.66 4.82 5.77 1.83 0.00 0.00 0.00 0.00 0.00 4.96 6.35 5.26 6.64 8.91 8.40 8.76 8.10 8.83 9.20 6.57 7.30 7.59 5.18 5.18 5.69 6.20 5.33 5.62 5.18 6.72 6.64 7.88 7.37 7.08 6.42 6.64 9.34 9.56 7.88 6.64 6.50 5.91 7.08 7.15 7.74 10.88 10.07 15.04 15.04 17.08 16.64 16.86 16.21 16.35 14.45 15.04 16.13 16.13 15.55 15.26 15.70 12.41 10.73 14.03 18.30 20.44 20.33 21.95 22.16
13.72 12.92 11.75 10.29 10.37 10.51 9.42 8.54 9.93 10.00 9.27 9.27 4.23 0.88 2.26 0.00 0.00 0.00 0.00 0.00 0.00 5.84 5.55 6.28 5.55 6.50 6.42 6.20 5.26 6.94 7.15 5.40 5.26 5.55 4.89 4.38 4.31 4.31 5.33 6.06 5.62 7.45 7.01 7.08 6.13 3.58 3.94 4.67 4.67 4.45 5.18 4.96 7.15 5.48 5.11 5.18 4.31 4.96 4.74 7.37 10.51 11.75 11.75 15.18 15.99 16.06 15.18 14.97 15.04 14.53 16.06 15.91 15.91 15.40 16.35 14.24 15.42 15.18 18.62 16.61 18.44 21.14 21.29
12.26 7.52 8.03 8.40 8.47 8.98 8.10 7.52 3.72 0.00 0.00 0.00 0.00 0.00 0.00 0.00 0.00 0.00 0.58 4.31 3.65 6.13 3.80 4.38 4.09 5.18 5.40 5.26 5.33 7.23 6.06 6.20 5.55 5.40 5.33 5.62 6.06 6.06 5.77 7.01 7.66 7.66 6.50 4.53 3.65 3.94 2.41 2.12 3.43 4.09 3.72 3.94 2.99 3.21 3.94 3.14 3.14 4.02 6.79 9.64 9.34 11.39 11.39 14.97 14.38 17.59 16.64 17.16 16.57 17.08 18.40 17.37 18.76 17.08 17.45 17.24 17.77 19.85 15.69 20.29 22.91 19.07 21.24
7.15 7.15 7.30 8.18 9.64 10.88 10.66 8.83 5.77 0.00 5.26 5.26 0.00 0.00 0.00 0.00 0.00 6.35 5.62 6.13 5.48 4.67 3.58 3.72 4.53 4.16 5.33 6.86 8.10 7.88 6.94 6.06 6.50 5.33 5.91 5.99 6.35 6.35 7.15 7.08 7.15 6.06 4.60 5.11 3.36 2.48 2.56 2.04 1.90 1.90 2.77 2.41 2.56 2.70 3.29 3.14 3.58 4.96 5.84 8.98 10.51 10.07 10.07 14.53 17.23 16.79 17.67 16.21 16.21 17.08 18.47 20.73 20.59 20.15 19.62 19.94 21.22 19.91 20.08 24.23 20.55 20.78 20.77
7.52 7.30 7.96 7.52 8.83 8.54 10.80 9.93 10.73 9.71 9.20 9.20 7.88 7.37 9.49 7.37 8.25 6.72 6.94 2.77 2.48 2.77 2.99 3.43 4.16 5.48 5.48 6.50 6.13 6.72 6.72 7.01 7.66 7.66 6.94 6.94 6.94 6.94 6.64 6.79 7.01 5.26 4.53 4.02 3.80 4.74 3.29 2.99 2.26 2.19 2.34 2.12 2.48 2.63 3.36 4.16 4.23 4.45 6.72 5.62 8.69 9.34 9.34 11.53 10.80 13.21 14.16 14.31 13.14 13.87 19.78 18.76 21.10 20.24 24.57 22.09 21.13 20.90 24.65 20.55 22.66 24.73 24.67
7.52 7.30 7.96 7.52 8.83 8.54 10.80 9.93 10.73 9.71 9.20 9.20 7.88 7.37 9.49 7.37 8.25 6.72 6.94 2.77 2.48 2.77 2.99 3.43 4.16 5.48 5.48 6.50 6.13 6.72 6.72 7.01 7.66 7.66 6.94 6.94 6.94 6.94 6.64 6.79 7.01 5.26 4.53 4.02 3.80 4.74 3.29 2.99 2.26 2.19 2.34 2.12 2.48 2.63 3.36 4.16 4.23 4.45 6.72 5.62 8.69 9.34 9.34 11.53 10.80 13.21 14.16 14.31 13.14 13.87 19.78 18.76 21.10 24.86 23.03 24.02 18.97 25.86 25.01 22.72 23.11 22.30 23.85
5.55 6.57 7.01 6.42 6.94 6.35 7.96 6.72 8.18 7.52 8.91 8.91 6.79 7.30 8.25 6.86 5.55 3.80 4.31 2.70 2.56 3.72 3.58 3.43 3.87 4.96 6.20 5.77 6.42 6.94 8.40 8.18 8.76 8.47 8.61 6.79 7.66 7.66 7.74 7.52 5.40 6.35 6.42 6.35 5.48 5.91 3.50 2.12 1.97 2.12 2.04 2.12 2.70 2.56 2.92 2.92 2.70 3.50 4.60 8.10 8.54 8.69 8.69 9.34 11.68 11.24 12.78 11.68 11.75 11.39 16.13 16.06 20.05 19.72 23.95 21.76 22.62 26.55 26.16 24.20 23.34 27.05 26.34
4.38 5.04 2.19 4.45 4.38 4.09 5.04 5.69 4.53 5.33 5.55 5.55 5.91 5.91 7.45 7.45 6.13 4.60 4.74 3.72 3.94 3.43 2.99 4.45 3.87 4.82 7.08 7.15 7.01 7.23 7.96 8.61 8.32 8.61 10.15 10.00 8.47 8.47 8.61 9.56 9.13 8.18 8.32 8.69 5.40 3.14 3.65 1.97 1.75 1.90 1.53 1.31 1.24 2.26 2.19 0.00 0.00 0.00 2.12 0.00 3.80 5.48 5.48 7.01 6.50 6.94 6.35 6.42 7.30 10.29 13.29 12.91 18.21 19.98 22.69 21.28 27.54 26.04 24.48 25.74 23.68 26.34 24.74
1.83 1.46 1.68 2.63 2.48 3.94 4.60 4.09 4.53 5.48 6.28 6.28 6.28 7.37 7.81 7.59 6.86 5.04 3.65 3.14 4.16 4.09 3.72 4.60 6.13 5.77 6.50 5.40 7.30 6.64 8.47 9.42 13.07 12.34 11.68 11.61 11.83 11.83 10.88 10.07 8.91 9.34 8.47 4.82 5.69 2.63 2.04 2.19 1.24 1.53 1.61 1.68 1.97 1.97 2.12 0.00 0.00 0.00 0.00 2.12 1.75 3.43 3.43 5.69 6.50 6.79 5.48 6.50 6.28 8.47 13.29 16.43 18.69 18.18 21.32 24.38 23.87 26.01 26.19 31.36 30.86 24.68 24.96
1.68 0.29 1.02 2.04 1.90 3.36 3.58 3.14 4.02 4.89 4.74 4.74 5.40 7.66 6.57 5.48 4.74 4.82 3.72 4.16 4.67 5.48 6.13 5.99 6.35 6.57 6.42 6.06 7.08 8.91 8.61 10.29 14.45 15.48 13.87 12.56 12.78 12.78 12.63 11.02 7.88 4.38 4.60 4.45 2.56 2.99 2.04 2.19 1.31 1.75 1.53 1.39 1.46 1.53 0.00 0.00 0.00 0.00 0.00 1.39 2.12 2.92 2.92 3.43 4.45 1.31 3.72 5.33 7.74 13.29 16.64 16.28 17.89 21.53 19.49 21.61 24.52 27.19 30.81 25.69 26.39 24.11 23.80
0.15 0.66 1.02 1.83 1.90 2.70 3.07 3.29 3.80 4.16 4.02 4.02 4.60 6.79 6.50 7.37 5.48 3.65 3.72 3.29 4.31 7.59 7.37 7.45 7.45 7.01 7.81 8.61 9.05 7.59 11.39 10.07 14.53 15.26 12.48 13.43 13.29 13.29 8.76 9.86 7.08 3.94 3.14 3.14 1.83 2.41 2.41 1.83 1.24 1.17 1.61 1.17 1.75 1.75 0.00 0.00 0.00 0.00 1.97 2.99 2.77 2.26 2.26 0.66 0.00 0.00 2.26 7.15 12.41 11.10 14.97 12.70 10.95 11.10 14.38 16.72 17.03 21.04 27.90 22.94 23.97 23.55 19.37
0.15 0.66 1.02 1.83 1.90 2.70 3.07 3.29 3.80 4.16 4.02 4.02 4.60 6.79 6.50 7.37 5.48 3.65 3.72 3.29 4.31 7.59 7.37 7.45 7.45 7.01 7.81 8.61 9.05 7.59 11.39 10.07 14.53 15.26 12.48 13.43 13.29 13.29 8.76 9.86 7.08 3.94 3.14 3.14 1.83 2.41 2.41 1.83 1.24 1.17 1.61 1.17 1.75 1.75 0.00 0.00 0.00 0.00 1.97 2.99 2.77 2.26 2.26 0.66 0.00 0.00 2.26 7.15 12.41 11.10 14.97 12.70 10.95 11.10 14.38 16.72 16.35 21.15 21.67 20.18 20.08 27.40 23.70
0.51 0.29 0.51 1.75 2.92 2.77 3.72 3.07 3.21 2.04 2.92 2.92 4.38 5.84 5.48 6.72 5.11 4.82 4.23 6.06 8.47 7.88 8.69 8.32 8.10 8.03 8.91 9.05 9.86 9.42 10.37 11.97 12.34 13.07 9.49 6.35 11.75 11.75 7.66 5.11 5.40 4.02 3.65 3.43 4.23 2.34 1.31 1.53 1.02 1.46 1.39 1.39 1.02 0.00 0.73 0.00 0.00 1.68 1.31 2.41 1.90 2.19 2.19 0.00 0.00 0.00 0.00 3.72 5.77 7.45 9.93 9.93 9.71 8.03 8.25 13.51 17.74 17.02 19.21 27.80 27.62 22.07 18.14
1.68 1.10 1.10 1.10 3.07 2.99 3.21 3.65 1.90 1.53 2.56 2.56 4.23 5.77 5.48 5.33 5.33 4.74 4.38 6.06 6.64 8.61 8.47 8.69 9.05 9.20 9.34 9.64 10.73 11.61 11.46 11.61 9.13 6.86 7.52 5.33 5.40 5.40 5.33 5.26 6.35 7.01 5.18 4.31 2.85 3.29 1.61 0.00 0.95 1.10 0.00 0.00 0.00 0.80 1.61 1.61 0.00 1.39 0.37 0.00 0.00 0.00 0.00 0.00 0.00 0.00 0.00 3.94 4.60 4.38 5.55 4.60 7.37 8.83 8.10 11.53 17.67 18.27 19.28 18.32 20.15 16.07 13.75
1.90 1.24 1.46 1.10 0.95 1.68 1.46 1.10 1.02 1.53 2.56 2.56 3.50 4.82 5.48 4.23 3.50 4.23 4.02 4.82 5.77 7.96 7.66 8.40 8.32 10.29 10.80 10.59 10.51 11.75 11.68 9.13 9.93 6.94 5.62 5.84 5.04 5.04 6.79 7.08 6.86 7.74 5.84 5.62 3.14 0.44 0.00 0.00 0.00 0.00 0.00 0.00 0.00 1.31 0.00 0.00 1.83 2.04 0.00 0.00 0.00 0.00 0.00 0.00 0.00 0.00 0.00 0.00 0.00 0.00 3.80 6.50 5.48 8.69 14.23 19.84 19.71 20.66 17.56 10.95 11.89 10.44 7.56
2.70 4.38 2.70 2.41 1.68 0.29 0.58 1.17 1.17 1.39 3.14 3.14 3.50 3.72 2.34 2.41 3.58 3.94 3.65 4.89 4.74 6.86 6.72 9.20 9.78 9.27 9.34 8.10 7.88 10.51 10.80 9.20 7.30 7.74 6.42 4.74 4.67 4.67 5.99 5.26 6.86 7.01 5.26 1.97 2.63 0.58 0.00 0.00 0.00 0.00 0.00 0.00 0.00 0.00 0.00 1.10 0.00 0.00 0.00 0.00 0.00 0.00 0.00 0.00 0.00 0.00 0.00 0.00 0.00 0.00 1.46 3.07 7.96 13.43 17.91 21.75 23.65 25.57 14.49 18.44 13.90 7.47 3.44
5.26 5.33 4.02 2.63 2.48 1.61 0.00 0.07 0.07 0.58 0.73 0.73 0.80 2.12 2.48 2.48 2.48 1.46 3.14 0.00 2.85 2.77 5.04 3.58 6.35 4.45 4.96 5.69 5.48 9.42 9.42 8.91 7.30 6.42 6.20 5.18 5.11 5.11 5.18 3.80 2.48 3.14 3.58 0.58 0.00 0.00 0.00 0.00 0.00 0.00 0.00 0.00 0.00 0.00 0.00 0.00 0.00 0.00 0.00 0.00 0.00 0.00 0.00 0.00 0.00 0.00 0.00 0.00 0.00 0.00 2.85 7.52 14.15 19.00 18.89 20.37 23.69 25.65 15.50 10.22 7.36 4.69 4.67
5.26 5.33 4.02 2.63 2.48 1.61 0.00 0.07 0.07 0.58 0.73 0.73 0.80 2.12 2.48 2.48 2.48 1.46 3.14 0.00 2.85 2.77 5.04 3.58 6.35 4.45 4.96 5.69 5.48 9.42 9.42 8.91 7.30 6.42 6.20 5.18 5.11 5.11 5.18 3.80 2.48 3.14 3.58 0.58 0.00 0.00 0.00 0.00 0.00 0.00 0.00 0.00 0.00 0.00 0.00 0.00 0.00 0.00 0.00 0.00 0.00 0.00 0.00 0.00 0.00 0.00 0.00 0.00 0.00 0.00 2.85 7.52 14.22 18.79 17.09 22.69 25.28 29.93 17.99 9.89 7.69 4.56 4.94
3.65 2.92 2.92 2.92 2.85 0.00 0.00 0.00 0.00 0.00 0.15 0.15 0.29 0.37 1.46 0.00 1.39 1.31 0.00 0.00 0.00 0.00 2.26 2.19 0.00 2.26 0.00 3.65 3.65 4.67 8.54 8.83 4.60 4.82 4.60 4.38 3.21 3.21 2.99 1.97 2.12 0.73 0.00 0.15 0.00 0.00 0.29 0.07 0.51 0.44 0.00 0.00 0.00 0.00 0.00 0.00 0.00 0.00 0.00 0.00 0.00 0.00 0.00 0.00 0.00 0.00 0.00 0.00 0.00 0.00 0.00 3.76 11.28 18.43 24.57 26.73 25.04 17.75 10.16 5.15 1.95 1.71 1.18
5.33 3.87 3.29 3.21 0.95 0.29 0.00 0.00 0.15 0.00 0.07 0.07 0.22 0.58 0.88 0.00 0.00 0.00 0.00 0.00 0.00 0.00 0.00 0.00 0.00 0.00 0.00 2.41 2.34 2.56 4.89 2.99 2.85 1.68 2.99 0.00 0.00 0.00 1.97 1.02 0.00 0.00 0.00 0.00 0.07 0.00 0.00 0.44 0.44 0.15 0.00 0.00 0.00 0.00 0.00 0.00 0.00 0.00 0.00 0.00 0.00 0.00 0.00 0.00 0.00 0.00 0.00 0.00 0.00 0.00 4.09 10.59 13.65 19.57 25.09 21.06 24.30 18.57 4.57 1.71 1.56 0.87 2.06
7.96 6.28 5.18 3.72 1.97 0.37 1.10 0.00 0.15 0.44 0.00 0.00 0.00 0.00 0.00 0.66 0.00 0.00 0.00 0.00 0.00 0.00 0.00 0.00 0.00 0.00 0.00 0.00 0.00 0.00 0.00 0.00 0.00 0.00 0.00 0.00 1.68 1.68 1.61 0.80 0.15 0.00 0.00 0.00 0.07 0.00 0.00 0.00 0.00 0.00 0.00 0.00 0.00 0.00 0.00 0.00 0.00 0.00 0.00 0.00 0.00 0.00 0.00 0.00 0.00 0.00 0.00 0.00 0.00 0.00 4.45 4.23 8.83 14.60 20.64 22.75 12.01 10.36 6.06 3.79 0.93 1.60 2.21
10.44 5.99 6.64 5.18 3.80 1.53 1.61 1.53 0.00 0.80 0.00 0.00 0.00 0.00 0.00 0.00 0.00 0.00 0.00 0.00 0.00 0.00 0.00 0.00 0.00 0.00 0.00 0.00 0.00 0.00 0.00 0.00 0.00 0.00 1.17 0.37 2.12 2.12 1.75 2.19 2.56 0.66 0.00 0.07 0.00 0.00 0.00 0.00 0.00 0.00 0.00 0.00 0.00 0.00 0.00 0.00 0.00 0.00 0.00 0.00 0.00 0.00 0.00 0.00 0.00 0.00 0.00 0.00 0.00 0.00 4.31 7.15 8.61 14.67 12.67 10.79 7.52 2.38 0.30 1.48 1.35 0.08 0.50
8.25 5.99 3.65 1.31 1.46 1.24 2.12 2.12 1.46 1.68 0.00 0.00 0.00 0.00 0.00 0.00 0.00 0.00 0.00 0.00 0.00 0.00 0.00 0.00 0.00 0.00 0.00 0.00 0.00 0.00 0.00 0.00 0.00 0.00 1.61 2.41 2.48 2.48 2.85 3.65 4.09 4.09 0.58 0.00 0.00 0.00 0.00 0.00 0.00 0.00 0.00 0.00 0.00 0.00 0.00 0.00 0.00 0.00 0.00 0.00 0.00 0.00 0.00 0.00 0.00 0.00 0.00 0.00 1.10 1.24 2.34 5.40 4.23 6.64 9.41 7.42 1.67 0.17 0.26 0.56 1.33 0.66 0.23
8.18 5.99 4.31 2.26 2.04 3.65 3.36 3.43 2.12 0.00 0.00 0.00 0.00 0.00 0.00 0.00 0.00 0.00 0.00 0.00 0.00 0.00 0.00 0.00 0.00 0.00 0.00 0.00 0.00 0.00 0.00 0.00 0.00 0.00 0.00 0.00 2.12 2.12 2.26 4.38 4.23 2.56 3.21 0.58 0.00 0.00 0.00 0.00 0.00 0.00 0.00 0.00 0.00 0.00 0.00 0.00 0.00 0.00 0.00 0.00 0.00 0.00 0.00 0.00 0.00 0.00 0.00 0.00 0.00 0.37 1.68 3.14 2.77 5.06 1.64 2.01 0.22 0.55 0.00 0.00 0.70 0.39 0.30
8.18 5.99 4.31 2.26 2.04 3.65 3.36 3.43 2.12 0.00 0.00 0.00 0.00 0.00 0.00 0.00 0.00 0.00 0.00 0.00 0.00 0.00 0.00 0.00 0.00 0.00 0.00 0.00 0.00 0.00 0.00 0.00 0.00 0.00 0.00 0.00 2.12 2.12 2.26 4.38 4.23 2.56 3.21 0.58 0.00 0.00 0.00 0.00 0.00 0.00 0.00 0.00 0.00 0.00 0.00 0.00 0.00 0.00 0.00 0.00 0.00 0.00 0.00 0.00 0.00 0.00 0.00 0.00 0.00 0.37 1.68 3.14 2.77 5.04 1.61 1.98 0.22 0.57 0.00 0.00 0.68 0.41 0.30
