Wansh/Snow_depth/snowdepth-1997/winter/1998011.txt
ncols 321
nrows 161
xllcenter 60
yllcenter 15 
cellsize  0.25 
NODATA_value -1
[rows 0 to 35 of 161, columns 83 to 165 of 321]
13.51 13.72 13.94 13.21 13.51 10.29 11.02 8.98 10.29 9.56 13.72 15.55 15.33 14.75 14.67 12.99 11.53 14.89 12.56 12.56 14.75 14.38 13.21 12.34 9.27 8.18 4.96 4.02 3.72 4.53 4.53 6.42 5.99 7.15 4.67 2.26 4.09 2.70 4.02 3.65 4.74 4.38 6.86 5.77 5.77 5.26 5.18 3.58 3.43 3.43 3.14 8.03 8.40 8.18 8.69 6.20 6.20 6.20 6.20 5.62 5.18 3.87 3.87 3.65 2.99 2.77 3.87 8.47 8.47 8.47 8.47 8.47 10.07 9.42 9.13 9.78 9.49 11.61 12.26 12.48 12.63 12.19 11.46
12.99 13.21 14.24 12.99 9.93 10.73 6.79 6.64 6.20 10.73 10.88 15.04 13.80 13.94 12.41 12.92 10.37 10.88 10.73 10.73 11.75 11.83 11.83 12.78 10.00 10.80 5.48 3.72 3.65 4.16 4.09 5.11 4.60 5.04 2.56 3.14 1.68 1.46 2.26 1.97 2.99 4.53 8.40 8.32 8.32 6.20 7.30 5.33 5.18 5.11 5.40 5.99 4.38 5.11 4.96 5.33 5.77 7.96 5.48 8.40 6.86 5.40 7.01 4.67 6.79 6.42 6.13 5.69 6.64 6.64 9.64 7.01 9.71 8.40 8.69 9.64 10.66 10.44 11.61 12.63 12.48 12.34 13.43
12.19 12.12 11.53 9.27 9.64 9.20 7.66 8.32 12.12 11.17 15.04 15.11 15.26 13.51 11.10 11.10 8.61 9.05 7.88 7.88 8.10 8.03 8.61 11.32 10.88 10.22 6.42 7.15 3.65 4.23 3.94 4.31 4.60 4.89 4.74 4.31 1.75 2.63 3.07 2.63 3.50 2.99 6.06 7.52 7.52 7.37 7.30 6.13 5.84 4.89 3.94 4.02 4.09 4.82 5.18 6.64 6.50 9.05 6.42 10.07 9.64 10.80 10.66 10.37 10.59 8.91 10.59 11.17 9.78 9.78 10.59 10.95 11.10 9.42 9.71 11.10 11.53 11.39 11.53 13.29 13.51 14.02 13.72
12.19 12.12 11.53 9.27 9.64 9.20 7.66 8.32 12.12 11.17 15.04 15.11 15.26 13.51 11.10 11.10 8.61 9.05 7.88 7.88 8.10 8.03 8.61 11.32 10.88 10.22 6.42 7.15 3.65 4.23 3.94 4.31 4.60 4.89 4.74 4.31 1.75 2.63 3.07 2.63 3.50 2.99 6.06 7.52 7.52 7.37 7.30 6.13 5.84 4.89 3.94 4.02 4.09 4.82 5.18 6.64 6.50 9.05 6.42 10.07 9.64 10.80 10.66 10.37 10.59 8.91 10.59 11.17 9.78 9.78 10.59 10.95 11.10 9.42 9.71 11.10 11.53 11.39 11.53 13.29 13.51 14.02 13.72
11.32 9.42 10.37 9.05 9.93 9.64 10.51 10.59 10.51 11.24 13.87 14.60 11.46 13.58 12.12 9.93 10.22 8.10 8.47 8.47 7.59 8.18 7.59 9.64 10.73 10.29 7.15 7.15 4.16 4.60 3.21 4.16 3.87 5.26 4.96 5.84 4.23 4.09 4.16 4.31 3.36 1.90 4.67 2.12 2.12 4.23 4.82 4.67 5.48 4.96 7.08 4.82 3.94 3.94 3.87 4.02 4.53 5.11 7.81 9.42 8.83 11.46 11.53 12.56 11.61 10.88 10.51 12.48 11.83 11.83 11.10 10.95 11.10 9.86 9.93 10.73 11.24 12.99 14.82 14.09 15.18 14.38 14.97
10.07 10.73 9.05 8.98 9.56 7.88 9.86 9.20 8.91 8.76 9.56 9.42 9.13 11.02 10.44 10.66 10.15 9.49 8.98 8.98 7.37 7.15 7.15 8.83 10.29 9.86 9.42 6.79 6.57 4.82 3.14 4.45 4.02 5.11 5.26 5.04 5.18 4.16 2.77 1.90 0.22 0.51 0.73 0.37 0.37 2.85 4.96 6.94 7.88 7.66 7.96 5.62 4.31 3.65 4.53 4.31 3.87 4.53 5.99 8.69 10.73 11.90 11.68 13.72 13.43 15.33 12.41 12.12 11.83 11.83 12.41 10.07 10.73 11.17 11.46 10.59 10.80 10.80 10.51 10.80 13.65 13.43 13.65
9.93 9.20 9.49 8.32 7.81 7.96 6.79 6.94 5.33 5.04 6.20 5.04 5.33 8.61 9.71 10.22 10.15 9.64 8.18 8.18 9.27 8.76 8.10 6.20 6.72 8.32 6.86 7.45 5.48 4.89 4.23 4.23 4.96 4.45 5.04 4.89 5.18 4.23 1.39 0.07 0.00 0.95 0.58 0.58 0.58 0.73 4.02 7.74 9.42 7.52 6.42 4.67 4.96 4.67 5.48 4.96 7.45 9.20 8.69 10.07 11.24 14.45 16.43 17.01 17.08 16.72 13.80 13.72 12.19 12.19 12.05 11.39 11.68 11.46 12.19 13.58 12.12 11.39 11.39 10.59 10.88 13.14 12.48
9.93 9.20 9.49 8.32 7.81 7.96 6.79 6.94 5.33 5.04 6.20 5.04 5.33 8.61 9.71 10.22 10.15 9.64 8.18 8.18 9.27 8.76 8.10 6.20 6.72 8.32 6.86 7.45 5.48 4.89 4.23 4.23 4.96 4.45 5.04 4.89 5.18 4.23 1.39 0.07 0.00 0.95 0.58 0.58 0.58 0.73 4.02 7.74 9.42 7.52 6.42 4.67 4.96 4.67 5.48 4.96 7.45 9.20 8.69 10.07 11.24 14.45 16.43 17.01 17.08 16.72 13.80 13.72 12.19 12.19 12.05 11.39 11.68 11.46 12.19 13.58 12.12 11.39 11.39 10.59 10.88 13.14 12.48
9.64 6.79 6.64 6.64 6.42 6.42 6.86 5.69 4.74 5.04 4.31 4.45 4.23 5.33 6.28 6.57 9.56 8.98 9.27 9.27 8.25 9.56 9.56 7.52 6.42 4.96 4.74 4.74 4.82 4.53 4.82 3.87 4.60 4.89 4.96 5.91 5.62 2.63 2.34 0.29 2.12 1.24 0.29 3.87 3.87 5.77 5.77 5.40 5.40 6.20 5.26 7.59 7.01 7.37 6.13 5.18 7.66 9.13 8.25 8.76 8.54 10.73 13.87 15.04 12.19 12.48 12.34 14.53 13.14 13.14 12.99 13.14 14.31 14.24 14.16 13.87 12.78 12.99 12.56 12.63 11.24 11.68 10.07
6.50 6.72 6.06 6.13 6.13 6.06 5.40 5.62 4.53 0.00 0.00 3.14 3.21 3.72 5.33 5.04 7.01 6.86 8.25 8.25 9.56 9.05 9.42 7.52 8.25 4.89 4.82 4.31 4.60 4.60 3.80 4.23 4.89 5.26 4.96 6.13 5.33 4.38 2.92 3.50 3.29 3.36 3.07 3.29 3.29 3.80 4.16 4.96 4.45 8.54 8.18 8.76 9.64 9.93 8.98 7.59 8.10 6.79 7.30 8.47 7.96 7.15 6.86 6.79 7.30 8.25 10.88 13.29 13.43 13.43 13.87 15.48 14.45 14.45 14.16 13.29 13.58 13.58 14.45 15.55 11.68 12.56 9.64
5.69 6.13 6.13 5.84 5.18 5.04 5.33 4.23 0.00 0.00 0.00 3.72 3.87 3.80 4.67 4.31 6.06 7.30 6.94 6.94 8.32 10.29 8.91 8.83 6.06 4.31 3.80 3.72 3.80 3.80 3.58 3.43 3.65 3.43 3.94 5.40 4.67 3.94 4.89 4.74 3.80 2.70 3.50 3.14 3.14 4.31 4.45 4.74 6.42 7.96 7.37 9.34 8.32 9.34 8.76 6.94 8.47 7.45 7.01 8.76 7.96 6.72 5.77 7.15 7.23 8.69 10.22 17.23 18.98 18.98 18.54 17.89 20.15 18.25 14.97 14.53 13.72 15.04 14.97 15.33 12.34 9.78 10.59
5.69 6.13 6.13 5.84 5.18 5.04 5.33 4.23 0.00 0.00 0.00 3.72 3.87 3.80 4.67 4.31 6.06 7.30 6.94 6.94 8.32 10.29 8.91 8.83 6.06 4.31 3.80 3.72 3.80 3.80 3.58 3.43 3.65 3.43 3.94 5.40 4.67 3.94 4.89 4.74 3.80 2.70 3.50 3.14 3.14 4.31 4.45 4.74 6.42 7.96 7.37 9.34 8.32 9.34 8.76 6.94 8.47 7.45 7.01 8.76 7.96 6.72 5.77 7.15 7.23 8.69 10.22 17.23 18.98 18.98 18.54 17.89 20.15 18.25 14.97 14.53 13.72 15.04 14.97 15.33 12.34 9.78 10.59
6.13 6.06 6.57 0.00 0.00 0.00 0.00 0.00 0.00 5.48 0.00 4.67 6.64 4.31 4.89 9.56 8.76 8.47 10.44 10.44 10.66 10.29 9.78 6.28 5.62 5.33 4.53 3.21 3.21 4.74 4.67 4.23 3.65 4.31 4.09 3.72 4.74 5.26 5.11 5.26 5.62 5.40 5.04 3.94 3.94 3.50 3.50 4.38 5.04 6.20 6.86 8.25 7.74 7.81 7.59 5.62 7.30 9.05 11.02 10.44 10.15 9.64 9.05 8.54 8.54 8.32 12.70 17.89 19.86 19.86 20.51 21.68 20.22 20.15 16.86 16.28 11.90 13.14 13.14 13.51 13.07 12.05 13.51
5.91 6.13 5.91 0.00 0.00 0.00 0.00 4.74 4.60 5.40 6.42 7.08 6.57 10.00 11.02 11.02 9.86 11.32 10.95 10.95 11.32 8.98 6.86 6.06 6.06 4.53 4.09 3.72 4.02 3.50 5.18 6.20 4.82 6.35 4.53 4.96 5.91 5.33 3.65 3.80 3.72 4.53 3.21 2.63 2.63 2.26 3.58 4.60 5.69 5.48 6.28 6.06 4.38 4.09 5.26 5.18 5.99 7.88 5.99 7.59 8.76 8.47 9.86 10.44 11.90 12.70 12.70 13.07 19.64 19.64 21.90 21.53 22.27 20.88 17.52 18.03 13.14 11.90 11.32 12.85 13.21 8.83 10.66
5.99 5.84 0.00 5.69 5.77 5.55 5.77 6.72 5.48 6.42 7.08 8.18 7.37 8.91 8.10 10.00 9.71 9.49 10.07 10.07 9.34 7.15 7.37 6.20 5.62 4.38 3.87 3.72 4.02 5.62 6.94 8.40 7.45 7.88 4.96 4.23 3.36 3.58 2.63 2.41 2.99 2.26 3.72 2.77 2.77 4.16 4.16 5.04 5.62 7.37 7.01 7.37 6.20 6.57 4.82 3.58 5.33 5.33 5.99 5.48 7.01 7.96 8.32 7.96 11.02 14.31 16.72 15.70 17.37 17.37 19.13 18.25 21.10 16.79 10.22 9.42 9.13 10.73 7.96 0.00 3.07 0.95 7.66
5.55 0.00 0.00 6.06 5.69 5.69 5.26 4.96 4.82 5.11 6.42 6.57 6.57 6.79 8.54 8.25 8.69 9.34 7.08 7.08 6.50 6.94 5.91 5.99 6.06 6.28 6.57 5.69 5.55 5.62 7.66 8.83 8.83 9.13 6.06 4.96 2.77 3.29 3.36 2.63 1.53 4.53 4.89 4.82 4.82 5.26 5.33 4.38 4.09 5.84 5.11 6.06 5.84 5.99 5.84 5.18 5.26 5.04 3.87 3.87 4.23 3.80 5.62 7.08 8.76 8.32 12.92 15.55 17.67 17.67 18.69 18.18 13.29 14.60 9.78 7.81 8.03 0.73 3.14 0.00 0.00 7.66 7.52
5.55 0.00 0.00 6.06 5.69 5.69 5.26 4.96 4.82 5.11 6.42 6.57 6.57 6.79 8.54 8.25 8.69 9.34 7.08 7.08 6.50 6.94 5.91 5.99 6.06 6.28 6.57 5.69 5.55 5.62 7.66 8.83 8.83 9.13 6.06 4.96 2.77 3.29 3.36 2.63 1.53 4.53 4.89 4.82 4.82 5.26 5.33 4.38 4.09 5.84 5.11 6.06 5.84 5.99 5.84 5.18 5.26 5.04 3.87 3.87 4.23 3.80 5.62 7.08 8.76 8.32 12.92 15.55 17.67 17.67 18.69 18.18 13.29 14.60 9.78 7.81 8.03 0.73 3.14 0.00 0.00 7.66 7.52
5.91 5.18 4.67 4.82 4.60 6.35 4.60 3.80 3.14 2.34 4.09 4.96 4.96 6.50 5.91 6.79 6.50 6.50 6.50 6.50 6.28 4.89 3.36 3.50 4.16 6.28 6.79 6.28 5.18 5.69 7.01 7.45 8.76 9.20 7.23 4.89 3.87 2.56 3.58 3.21 4.16 4.96 4.53 3.94 3.94 3.80 2.85 3.58 3.21 3.36 4.60 5.18 4.96 5.48 4.53 4.02 2.99 3.72 4.74 5.11 4.60 5.33 10.29 8.32 9.56 8.54 9.42 13.65 16.28 16.28 19.64 17.52 11.97 9.56 9.78 9.20 9.20 2.26 0.00 3.43 0.00 8.10 5.33
6.20 6.42 5.69 5.11 7.23 7.08 5.84 3.29 3.87 2.34 2.70 4.89 4.45 6.86 7.74 7.96 6.13 6.20 7.01 7.01 5.99 5.48 3.50 2.77 2.48 5.26 5.62 5.69 5.18 4.82 5.99 6.79 8.03 9.27 6.79 4.60 5.11 3.21 1.68 0.58 1.31 2.77 2.48 3.72 3.72 2.77 3.94 3.43 2.56 3.21 2.77 2.34 2.34 0.66 1.68 1.24 2.56 3.65 5.40 8.18 13.29 15.33 14.09 12.78 14.16 11.46 14.09 18.18 17.23 17.23 20.37 19.05 15.62 8.98 7.23 7.52 8.76 1.75 0.00 3.29 4.02 3.58 4.96
9.13 8.76 6.13 6.28 6.94 8.10 7.96 6.50 3.50 3.72 3.43 4.67 5.91 6.86 6.72 5.99 6.20 6.72 6.28 6.28 7.01 6.13 3.80 2.04 3.29 4.09 4.53 5.26 5.91 4.38 3.50 7.23 5.04 5.62 6.20 3.14 2.34 0.51 1.10 1.02 0.29 0.73 1.53 2.85 2.85 5.26 5.55 3.80 2.99 4.02 3.50 4.31 2.34 1.46 1.10 1.46 3.65 6.42 5.77 7.66 13.43 13.80 16.06 14.53 14.09 13.65 15.84 19.20 14.31 14.31 12.19 7.52 8.47 6.64 1.02 2.26 0.44 1.02 1.46 1.46 2.77 1.39 1.83
8.83 9.05 8.03 7.37 7.96 7.88 7.66 7.37 7.52 6.13 5.69 5.62 5.62 6.13 5.84 5.40 5.33 5.40 6.06 6.06 6.50 8.54 6.72 7.23 4.16 3.58 5.84 6.57 6.79 3.58 1.61 4.16 3.65 4.16 3.36 2.56 2.04 1.68 0.00 0.00 0.00 1.90 4.16 6.13 6.13 5.84 6.13 6.57 7.23 6.86 5.77 5.77 2.41 3.94 6.50 6.79 7.74 8.69 8.98 9.05 8.91 9.64 12.56 10.00 15.18 14.38 14.89 12.19 10.88 10.88 6.94 3.21 1.68 0.22 0.44 0.58 0.73 0.22 1.10 0.88 0.00 0.88 1.02
8.32 7.59 7.66 6.79 7.59 6.94 6.94 7.08 7.15 7.01 6.50 5.55 8.10 8.91 9.56 8.18 6.06 6.72 8.10 8.10 9.56 9.05 10.07 8.10 10.07 6.79 8.40 7.66 8.54 4.09 5.11 4.53 3.43 3.07 3.14 2.56 1.75 0.00 0.00 0.00 1.02 2.34 3.72 4.16 4.16 1.90 3.50 3.65 3.58 5.99 2.48 4.02 4.96 5.55 4.82 7.52 9.93 7.23 7.45 7.01 7.08 7.74 5.77 8.25 8.61 8.83 8.32 9.78 8.18 8.18 6.79 4.74 2.04 0.44 1.17 0.80 0.80 0.58 0.15 0.00 0.00 0.22 0.37
8.32 7.59 7.66 6.79 7.59 6.94 6.94 7.08 7.15 7.01 6.50 5.55 8.10 8.91 9.56 8.18 6.06 6.72 8.10 8.10 9.56 9.05 10.07 8.10 10.07 6.79 8.40 7.66 8.54 4.09 5.11 4.53 3.43 3.07 3.14 2.56 1.75 0.00 0.00 0.00 1.02 2.34 3.72 4.16 4.16 1.90 3.50 3.65 3.58 5.99 2.48 4.02 4.96 5.55 4.82 7.52 9.93 7.23 7.45 7.01 7.08 7.74 5.77 8.25 8.61 8.83 8.32 9.78 8.18 8.18 6.79 4.74 2.04 0.44 1.17 0.80 0.80 0.58 0.15 0.00 0.00 0.22 0.37
7.37 6.35 7.37 6.64 7.08 6.13 6.06 8.47 7.96 9.49 8.18 8.54 7.96 9.27 10.51 11.02 9.71 10.51 8.98 8.98 9.78 10.00 11.53 11.46 11.53 10.51 11.02 8.32 8.83 7.59 4.38 4.16 3.21 1.97 1.24 0.80 0.80 0.00 0.00 0.00 0.00 1.61 1.10 0.80 0.80 1.17 0.00 0.00 0.00 0.00 0.00 1.61 0.00 2.41 2.26 4.45 3.65 4.23 5.18 2.77 0.00 3.58 5.26 5.91 6.50 6.94 7.88 8.25 8.25 8.25 8.32 7.52 5.55 6.35 3.07 0.95 0.88 0.73 0.66 0.07 0.00 0.88 0.66
5.77 6.94 6.42 6.72 6.06 6.13 5.91 8.25 10.00 9.78 9.71 8.76 8.83 7.59 7.15 8.03 9.64 8.40 7.81 7.81 8.25 7.74 10.15 10.22 10.80 11.15 11.62 9.81 8.25 5.62 6.50 4.89 3.21 1.83 0.80 0.00 0.00 0.00 0.22 0.80 1.24 1.17 1.24 0.95 0.95 0.51 0.00 0.00 0.00 0.00 0.00 0.00 0.00 0.00 2.48 1.61 2.19 1.39 0.00 0.00 0.00 0.00 2.19 4.38 4.82 0.00 3.43 6.13 7.88 7.88 9.27 8.18 6.94 7.45 5.40 4.23 1.68 0.00 0.00 1.24 0.37 0.51 0.44
6.94 7.08 8.03 7.96 7.66 7.96 9.13 10.51 10.00 11.32 9.93 9.05 9.71 7.74 6.13 4.53 5.99 7.52 7.59 7.59 6.50 5.55 9.20 9.34 10.58 12.27 10.58 8.51 8.13 7.52 5.84 4.82 2.26 2.92 0.66 1.83 0.73 0.00 0.00 1.31 1.53 0.66 0.37 0.07 0.07 0.22 0.00 0.00 0.00 0.00 0.00 0.00 0.00 0.00 1.53 1.83 0.00 0.00 0.00 0.00 0.00 0.00 0.00 2.48 1.39 0.00 2.04 3.87 5.69 5.69 7.01 7.01 6.20 5.91 5.18 5.55 3.72 5.04 2.77 3.29 1.17 1.61 0.95
8.54 8.25 8.32 8.91 11.02 11.02 11.32 10.07 10.80 10.80 8.83 7.66 1.90 1.97 2.48 3.36 4.89 6.50 6.50 6.50 5.11 5.40 6.97 10.54 9.93 10.21 10.44 9.35 10.69 9.48 6.93 5.69 4.23 6.64 3.58 4.53 1.61 0.29 0.00 0.00 1.97 1.46 0.51 1.02 1.02 0.00 0.00 0.00 0.00 0.00 0.00 0.00 0.00 0.00 0.00 0.00 0.00 0.00 0.00 0.00 0.00 1.46 0.00 0.00 0.00 1.68 4.60 7.30 6.50 6.50 7.23 7.81 9.34 7.37 6.50 6.79 5.91 5.99 5.04 4.53 2.77 2.77 3.07
9.56 8.47 8.32 8.25 10.07 11.10 10.15 10.51 9.78 10.51 5.69 0.00 0.00 0.00 0.00 0.00 5.84 6.42 7.30 7.30 5.20 4.50 6.00 5.64 7.74 9.63 9.71 8.58 9.52 9.79 9.44 7.70 8.32 7.74 7.23 7.96 5.33 6.28 1.83 2.12 2.26 1.53 0.44 0.66 0.66 0.00 0.00 0.00 0.00 0.00 0.00 0.00 0.00 0.00 0.00 0.00 0.00 0.00 0.00 0.00 0.00 2.04 0.00 3.43 6.50 7.08 8.47 9.78 10.15 10.15 10.88 11.17 10.00 8.61 4.96 5.26 5.26 5.84 6.20 5.18 4.23 3.80 4.60
9.56 8.47 8.32 8.25 10.07 11.10 10.15 10.51 9.78 10.51 5.69 0.00 0.00 0.00 0.00 0.00 5.84 6.42 7.30 7.34 5.37 4.57 6.43 5.50 7.94 9.49 9.71 8.32 8.85 9.14 9.58 7.78 8.67 8.69 7.65 8.16 5.33 6.28 1.83 2.12 2.26 1.53 0.44 0.66 0.66 0.00 0.00 0.00 0.00 0.00 0.00 0.00 0.00 0.00 0.00 0.00 0.00 0.00 0.00 0.00 0.00 2.04 0.00 3.43 6.50 7.08 8.47 9.78 10.15 10.15 10.88 11.17 10.00 8.61 4.96 5.26 5.26 5.84 6.20 5.18 4.23 3.80 4.60
8.18 9.27 8.91 9.20 10.37 11.39 12.70 12.70 13.80 9.64 11.02 7.08 0.00 0.00 0.00 0.00 5.62 7.66 9.64 9.64 7.15 5.18 3.36 0.00 0.00 0.00 7.89 8.26 7.92 9.71 9.61 9.66 9.15 10.36 12.21 8.73 7.56 7.52 4.96 2.48 1.10 1.97 0.58 0.00 0.00 0.00 0.00 0.00 0.00 0.00 0.00 0.00 0.00 0.00 0.00 0.00 0.00 0.00 0.00 0.00 0.00 0.80 3.21 4.89 7.08 9.13 11.10 11.61 10.66 10.66 9.34 7.74 6.57 5.18 5.69 4.38 7.59 7.08 6.86 6.42 7.37 5.11 4.60
6.42 7.59 7.52 7.45 9.71 11.75 12.78 12.70 13.43 14.89 13.21 11.75 7.30 5.77 0.00 7.88 10.80 11.75 11.02 11.02 5.94 4.31 0.00 0.00 3.36 3.96 4.30 5.69 6.43 10.13 9.66 10.22 11.02 11.02 12.58 11.01 8.60 9.86 6.24 4.60 5.91 3.80 1.61 0.29 0.29 0.66 0.22 1.53 1.10 0.00 0.00 0.00 0.00 0.00 0.00 0.00 0.00 0.00 0.00 0.00 0.00 0.00 2.26 2.04 6.57 9.13 9.42 9.71 10.51 10.51 11.17 10.95 7.23 6.86 7.88 7.81 7.81 8.10 9.78 7.88 8.40 7.37 4.53
4.60 5.48 5.48 6.64 6.13 8.32 10.29 7.59 9.13 11.68 11.75 11.24 9.20 8.10 9.42 10.00 8.91 7.81 10.15 10.15 6.79 7.23 3.87 3.29 0.00 2.41 0.00 2.34 4.72 7.42 11.45 10.66 11.61 12.70 12.41 13.52 13.55 12.51 9.64 10.29 8.47 6.42 4.23 1.83 1.83 2.12 0.66 0.58 1.31 2.34 0.00 0.00 0.00 0.00 0.00 0.00 0.00 0.00 0.00 0.00 0.00 0.00 0.00 2.12 4.67 6.35 5.55 7.15 9.78 9.78 9.42 10.07 8.98 4.89 4.23 6.28 6.13 7.08 10.37 8.69 7.66 8.76 5.84
2.41 1.83 2.85 1.83 2.41 0.00 3.58 4.45 6.28 9.49 8.76 9.71 8.25 8.54 8.03 7.37 8.69 7.01 4.89 4.89 5.91 4.23 4.82 5.91 3.50 0.00 0.00 2.19 0.00 5.04 5.69 6.72 11.17 13.36 14.09 15.33 15.11 15.86 12.56 13.63 11.06 7.23 4.67 5.33 5.33 3.29 1.46 1.97 0.73 1.68 0.00 0.00 0.00 0.00 0.00 0.00 0.00 0.00 0.00 0.00 0.00 0.22 0.66 0.00 0.00 0.00 1.83 4.60 8.25 8.25 8.40 9.05 2.41 2.34 2.63 2.77 6.20 9.56 9.27 8.69 9.93 8.25 6.20
2.63 0.66 1.39 1.83 1.90 1.31 2.63 4.60 3.72 5.16 6.42 9.64 9.86 8.61 5.77 6.42 3.94 3.21 2.04 2.04 3.21 3.29 7.08 6.64 7.15 6.13 5.33 3.87 4.42 4.38 4.31 4.67 7.37 6.42 11.75 17.52 20.15 18.61 16.64 18.90 13.55 10.64 8.47 9.20 9.20 5.11 2.41 3.14 1.17 1.39 1.61 0.00 0.00 0.00 0.00 0.00 0.00 0.00 0.00 0.00 0.66 0.29 1.02 0.44 0.00 0.00 0.00 2.77 4.53 4.53 0.00 0.88 1.02 1.10 1.24 1.02 4.53 2.92 6.94 6.28 8.10 6.72 7.59
1.10 1.46 0.51 2.04 0.73 5.84 9.71 7.15 4.23 3.67 4.38 6.86 7.96 8.25 6.42 3.43 2.77 0.29 1.10 1.10 1.53 2.19 4.53 4.67 6.72 6.79 7.08 6.42 5.11 4.22 5.82 5.52 6.09 5.64 8.83 8.40 20.37 18.03 17.48 20.15 18.25 16.15 11.39 11.75 11.75 8.54 5.40 8.40 4.09 1.90 1.61 0.00 2.19 0.00 0.00 0.00 0.00 0.00 0.00 0.00 0.00 0.44 0.66 0.00 0.00 0.00 0.00 0.00 0.00 0.00 0.00 0.00 0.00 0.29 1.02 0.95 1.46 0.00 3.58 2.41 6.42 5.99 5.77
1.10 1.46 0.51 2.04 0.73 5.84 9.71 7.15 4.23 3.58 4.38 6.86 7.96 8.25 6.42 3.43 2.77 0.29 1.10 1.10 1.53 2.19 4.53 4.67 6.72 6.79 7.08 6.42 5.11 4.16 5.62 5.33 6.06 5.48 8.83 8.44 20.47 18.03 17.39 20.35 18.25 15.99 11.39 11.75 11.75 8.54 5.40 8.40 4.09 1.90 1.61 0.00 2.19 0.00 0.00 0.00 0.00 0.00 0.00 0.00 0.00 0.44 0.66 0.00 0.00 0.00 0.00 0.00 0.00 0.00 0.00 0.00 0.00 0.29 1.02 0.95 1.46 0.00 3.58 2.41 6.42 5.99 5.77
