Wansh/Snow_depth/snowdepth-1997/winter/1998007.txt
ncols 321
nrows 161
xllcenter 60
yllcenter 15 
cellsize  0.25 
NODATA_value -1
[rows 74 to 110 of 161, columns 83 to 165 of 321]
0.00 0.00 0.00 0.00 0.00 0.15 0.00 0.00 0.00 0.00 1.31 0.44 2.34 2.77 3.07 0.00 0.00 0.00 0.00 0.00 0.00 0.00 3.94 4.74 5.11 4.89 4.16 2.99 2.48 0.00 0.00 3.72 0.00 0.00 4.02 4.60 4.45 4.67 3.87 4.16 4.16 3.72 1.75 1.02 1.02 0.58 0.15 0.88 0.22 0.22 0.07 0.66 0.22 0.00 0.00 0.00 2.48 1.10 0.73 0.00 0.95 0.07 0.00 0.00 0.00 0.00 0.00 0.00 0.00 0.00 1.69 1.76 1.46 0.00 0.37 0.00 0.00 0.00 0.00 0.00 0.00 0.00 1.69
0.00 0.00 0.00 0.00 0.00 1.68 0.15 1.31 1.68 2.85 2.92 1.68 0.00 2.85 0.00 0.00 0.00 0.00 3.65 3.65 2.85 0.00 0.00 3.94 4.31 4.23 4.09 0.00 0.00 0.00 0.00 0.00 0.00 0.00 5.33 5.69 6.94 7.15 6.28 5.04 4.67 3.29 4.02 2.26 2.26 0.88 0.51 0.95 0.66 1.83 0.00 0.00 0.29 0.00 0.00 2.41 2.04 1.61 1.10 1.75 0.88 1.02 1.02 2.48 0.07 0.37 0.00 0.00 0.29 0.29 3.08 4.31 3.58 3.80 1.68 0.00 0.00 0.00 0.00 0.00 0.00 0.00 0.15
0.15 0.00 1.83 0.00 0.37 2.63 1.90 3.14 2.77 2.99 0.00 4.67 4.60 4.23 0.00 0.00 0.00 3.94 4.96 4.96 5.11 0.00 0.00 0.00 0.00 0.00 0.00 0.00 3.29 3.72 4.16 5.99 5.77 6.79 7.45 6.94 7.01 6.72 6.13 6.42 7.88 6.13 5.77 3.87 3.87 1.46 2.63 1.24 2.56 1.75 2.63 0.00 2.56 0.95 1.83 1.68 1.24 2.34 1.68 0.22 0.95 0.15 1.17 0.00 0.51 0.95 0.22 0.00 2.26 2.26 5.04 5.40 5.62 1.39 0.29 0.00 0.00 0.00 0.00 0.00 0.00 0.00 0.00
2.26 1.02 1.31 0.95 0.95 3.21 2.56 3.80 4.23 4.31 3.80 5.33 4.53 3.87 3.72 3.72 3.50 4.23 5.48 5.48 7.37 3.80 0.00 0.00 0.00 3.58 0.00 0.00 4.16 4.23 4.96 7.59 9.78 12.41 10.00 9.78 7.01 5.62 5.84 8.03 8.18 8.10 6.06 6.35 6.35 3.58 1.39 1.90 0.00 3.43 3.65 4.53 1.17 2.56 3.72 1.17 1.90 2.85 1.97 0.66 1.46 0.15 2.41 0.73 1.24 1.83 0.73 0.66 0.95 0.95 3.14 5.84 2.85 1.97 0.22 0.29 0.00 0.00 0.00 0.00 0.00 0.00 0.00
5.55 3.14 2.77 4.82 4.45 4.45 4.02 4.45 4.09 3.07 2.92 4.23 3.65 3.94 4.16 3.65 3.80 3.80 5.26 5.26 7.01 5.62 3.07 0.00 0.00 0.00 4.38 5.04 5.04 5.84 5.62 9.93 13.43 12.85 9.56 10.73 9.64 5.40 7.81 9.78 14.53 10.15 8.98 6.13 6.13 5.40 2.56 2.92 2.41 0.00 4.16 5.48 6.20 9.86 8.32 3.14 2.12 2.99 3.14 2.63 1.83 2.48 4.89 3.58 2.19 2.19 2.70 2.04 2.77 2.77 3.58 4.53 2.34 1.68 0.80 1.46 0.66 0.37 0.37 0.00 0.00 0.00 0.00
7.96 8.98 5.55 6.13 4.82 3.80 3.21 3.36 3.36 3.43 0.00 0.00 3.58 3.43 3.50 3.07 4.38 5.40 6.20 6.20 5.04 5.84 4.09 0.00 2.85 0.00 0.00 4.53 5.18 6.64 9.42 7.23 11.39 14.24 12.92 11.46 12.48 9.34 8.10 11.02 14.97 14.89 10.88 9.93 9.93 7.30 4.60 3.29 2.56 0.00 0.00 0.00 7.30 8.03 11.24 6.50 6.57 5.91 4.67 4.67 3.87 4.31 6.42 4.82 4.16 2.92 1.68 2.85 6.20 6.20 4.23 6.35 4.67 2.12 0.80 4.70 2.92 0.29 0.66 0.58 0.00 0.00 0.73
8.47 8.98 7.59 5.69 5.48 4.45 2.85 3.07 0.00 2.12 3.50 3.87 3.50 2.92 2.70 0.00 3.14 5.11 5.91 5.91 4.60 0.00 0.00 0.00 0.00 2.26 0.00 0.00 4.82 7.74 11.02 11.97 12.70 13.65 16.57 15.18 15.55 12.56 10.88 11.68 15.33 15.33 6.94 6.50 6.50 4.53 5.18 0.00 3.14 0.00 0.00 0.00 4.09 7.96 9.49 8.25 5.91 8.10 8.47 6.50 5.77 5.40 7.23 5.69 1.75 1.61 1.17 3.72 5.18 5.18 7.74 8.61 8.47 6.79 12.05 6.94 4.26 6.06 1.68 0.00 1.02 0.00 0.15
10.44 8.98 8.40 5.77 5.26 4.02 4.16 3.50 0.00 0.00 2.56 4.23 5.26 4.23 3.58 3.72 3.50 5.91 7.81 7.81 5.48 0.00 0.00 1.97 0.00 0.00 0.00 0.00 3.80 6.50 10.51 11.17 10.51 11.32 16.94 20.08 16.72 14.09 11.32 10.44 12.63 10.22 7.37 4.89 4.89 5.04 4.74 4.09 0.00 0.00 0.00 0.00 6.57 6.28 7.96 6.72 6.86 10.29 9.93 10.51 8.40 8.69 5.69 4.96 1.46 0.00 0.00 0.00 4.96 4.96 6.42 8.69 15.62 19.71 18.32 15.55 8.22 10.99 6.57 2.35 1.12 1.54 2.41
14.89 11.46 9.49 10.59 4.60 7.30 4.38 4.38 3.14 3.94 3.94 4.60 5.77 4.82 4.53 7.01 9.20 8.10 11.02 11.02 9.05 5.69 0.00 1.90 0.00 0.00 2.63 3.80 6.50 5.84 8.91 10.15 9.78 9.13 11.24 19.20 20.66 14.02 11.46 8.54 8.61 6.86 7.81 4.53 4.53 0.00 4.02 0.00 0.00 0.00 3.65 4.74 5.11 6.13 5.04 8.69 14.31 12.99 11.97 10.80 12.41 11.46 7.59 7.45 3.94 2.26 0.00 4.16 4.82 4.82 7.01 12.70 16.13 18.47 22.63 17.16 14.45 15.26 9.78 6.64 4.26 5.40 3.87
18.25 21.61 16.94 20.37 12.85 13.58 4.38 5.26 3.94 4.53 3.72 4.45 5.62 5.91 6.20 7.23 10.29 12.05 10.00 10.00 10.95 9.27 2.77 3.21 4.38 3.87 3.50 4.38 6.50 8.61 8.91 10.73 9.05 10.15 7.52 14.67 12.26 14.89 12.26 10.07 3.94 4.02 0.00 0.00 0.00 0.00 0.00 0.00 0.00 2.92 3.94 9.86 8.47 8.03 6.50 13.36 19.93 14.38 10.22 10.51 14.31 12.70 9.34 10.15 7.15 5.11 4.02 2.41 11.46 11.46 9.64 8.47 15.55 16.86 20.29 22.05 16.50 18.10 14.16 8.83 8.25 6.64 4.45
22.27 21.46 23.80 22.70 16.43 9.34 6.35 5.84 4.74 5.04 4.67 4.60 5.77 6.13 7.37 7.30 9.49 11.39 11.46 11.46 10.59 8.40 8.69 5.99 7.01 6.06 5.69 5.26 7.59 9.20 9.56 12.41 13.07 7.96 11.83 10.37 9.93 16.86 15.70 15.18 4.02 0.00 0.00 0.00 0.00 0.00 0.00 0.00 0.00 0.00 9.27 12.99 12.92 24.67 11.53 8.61 25.26 19.05 15.91 14.09 12.99 13.21 11.17 13.21 11.90 10.15 7.96 24.45 24.24 24.24 16.72 12.78 12.70 17.67 18.18 17.81 18.76 18.54 16.21 13.43 11.83 9.86 7.88
21.90 18.61 23.36 18.76 17.16 10.51 6.79 8.10 5.48 6.86 5.11 6.57 8.61 7.59 7.74 7.52 8.25 10.73 9.86 9.86 10.44 8.83 8.32 8.98 7.96 8.91 8.25 9.56 9.05 12.99 12.56 12.05 15.84 12.85 11.24 13.29 9.56 16.94 20.44 21.75 10.88 2.41 2.70 0.95 0.95 1.17 0.00 0.00 0.00 4.60 7.23 15.84 20.37 31.83 17.16 32.85 28.03 24.89 18.83 16.57 13.29 11.59 17.51 18.06 17.96 30.15 15.84 31.54 28.69 28.69 25.77 22.48 18.32 16.57 16.72 15.48 18.18 16.79 16.13 13.80 12.70 11.53 9.13
13.36 16.43 14.53 15.04 15.70 12.78 12.34 9.42 8.47 13.51 14.09 12.05 11.46 11.10 12.19 12.63 10.37 11.97 12.12 12.12 12.12 13.65 12.92 8.69 8.18 6.50 12.26 15.77 21.97 25.19 20.44 14.89 14.09 17.67 19.35 16.50 16.72 21.90 21.32 21.39 13.58 18.54 11.02 7.52 7.52 8.83 7.08 3.43 4.67 5.69 10.07 18.32 15.84 23.36 23.07 24.16 27.08 27.59 26.28 24.09 22.63 29.42 24.82 25.77 23.87 25.40 22.48 23.58 25.70 25.70 28.03 26.50 25.40 22.12 18.69 14.45 12.63 10.73 13.21 12.26 10.37 9.34 7.01
7.59 12.05 10.00 10.95 7.37 10.00 7.15 10.59 15.48 13.51 17.52 13.36 10.88 12.85 14.67 14.24 12.78 15.48 16.86 16.86 18.32 16.79 14.82 11.53 9.86 7.30 10.59 17.45 20.00 26.65 24.97 17.01 14.97 15.77 18.83 20.37 20.08 25.33 23.73 23.14 22.92 24.31 19.27 25.40 25.40 8.98 13.21 9.13 4.16 4.45 7.01 12.26 13.51 18.25 21.46 22.27 24.02 27.16 29.27 30.51 29.42 26.72 26.06 24.89 19.13 17.94 21.32 20.08 25.19 25.19 18.76 20.37 25.84 24.02 18.69 14.82 11.46 9.42 11.39 8.10 8.54 9.71 6.94
9.93 8.98 6.86 6.57 0.00 7.15 4.82 8.98 10.88 14.38 11.24 9.78 9.42 11.46 14.53 15.55 13.51 17.23 19.35 19.35 20.51 19.05 16.21 14.16 13.21 16.13 12.26 17.52 18.83 21.46 26.06 22.78 18.32 15.84 19.27 22.70 23.07 29.78 28.18 25.77 28.18 25.92 31.97 30.22 30.22 29.35 28.25 20.44 6.20 12.92 7.30 8.76 13.51 18.18 18.18 21.97 24.60 22.41 25.92 30.15 31.68 22.34 21.10 21.61 17.37 17.62 21.55 20.29 19.27 19.27 11.32 13.87 17.23 22.85 11.90 12.12 6.42 8.10 7.88 8.61 8.10 8.76 9.05
12.05 11.10 6.79 4.60 0.00 0.00 3.50 6.50 7.15 9.42 8.40 7.52 10.37 14.02 17.67 24.31 16.50 19.93 19.86 19.86 19.56 19.35 16.72 15.40 16.72 18.83 18.32 16.43 13.65 18.32 21.61 18.40 17.89 20.95 24.82 26.94 28.98 31.17 30.44 31.97 30.15 30.15 31.76 34.31 34.31 33.73 36.65 28.98 7.74 12.99 17.59 19.86 19.78 20.37 21.90 21.10 21.53 21.10 21.97 26.75 15.85 15.40 15.18 18.18 19.64 22.09 21.22 19.44 14.45 14.45 9.93 7.45 9.56 9.56 7.37 6.35 6.06 8.54 8.91 8.18 7.64 8.19 4.29
12.34 11.68 6.79 4.23 3.65 0.00 3.50 4.09 4.16 3.21 5.84 5.91 9.78 12.85 18.03 24.24 23.36 18.91 20.08 20.08 18.18 17.81 17.37 15.62 17.01 18.40 17.37 14.67 12.99 15.70 18.98 18.03 18.91 21.17 25.04 28.62 29.35 30.30 31.46 29.64 30.88 31.61 34.38 35.77 35.77 39.13 41.54 40.73 35.62 27.23 32.41 28.03 26.72 27.74 24.82 23.73 21.53 22.85 19.42 16.28 9.56 12.19 9.49 15.19 19.49 19.56 19.35 20.50 16.19 15.68 7.41 7.30 6.72 6.50 5.99 4.67 5.69 7.88 6.86 8.18 7.26 5.44 4.53
5.91 5.11 3.29 3.14 2.99 3.87 3.65 3.21 3.36 3.21 3.14 4.31 7.66 9.86 15.55 17.52 24.53 17.59 17.01 17.01 16.79 15.70 14.16 15.11 15.33 18.98 18.32 14.31 13.72 13.29 16.13 17.30 18.54 20.88 23.73 28.40 29.42 28.76 24.38 27.74 21.46 27.96 32.63 33.73 33.73 40.15 42.05 41.25 38.47 33.94 35.26 34.38 33.43 33.94 31.46 27.81 23.94 18.54 14.24 14.97 9.81 8.18 8.40 10.58 14.30 15.28 16.91 17.89 11.61 11.67 8.99 7.12 9.42 9.86 7.37 6.90 4.89 3.87 5.69 7.48 7.85 8.19 7.74
6.42 3.36 4.60 3.94 3.58 3.29 3.94 4.31 3.50 3.72 3.87 4.23 5.11 6.13 9.05 10.73 19.64 15.62 16.35 16.35 14.82 12.78 10.44 10.51 10.37 8.25 9.71 12.92 12.34 14.60 16.43 18.03 17.01 21.32 28.84 23.43 23.94 24.31 18.91 22.41 22.34 21.17 28.25 36.79 36.79 35.55 39.93 39.42 39.57 36.28 35.33 36.50 33.07 35.11 33.29 32.49 27.59 24.24 20.15 20.95 15.35 9.51 10.47 8.50 9.53 12.82 16.74 16.92 10.00 10.00 9.40 9.01 11.01 11.08 10.30 5.50 6.12 4.16 4.15 7.45 5.81 8.52 8.43
8.61 4.45 6.35 3.87 3.29 3.36 4.02 4.16 0.00 4.31 5.77 3.14 4.96 6.79 8.10 7.88 12.34 11.53 13.36 13.36 13.87 10.00 7.08 6.72 5.84 5.84 8.25 11.17 11.32 12.12 15.91 16.13 18.98 21.10 28.40 23.36 19.86 19.56 12.92 16.28 15.48 25.04 21.46 25.11 25.11 24.82 28.84 31.68 31.68 34.53 34.67 35.41 32.12 32.70 33.51 29.49 29.27 28.90 24.24 25.55 21.61 11.83 9.52 11.49 8.07 8.91 15.05 12.69 9.05 9.05 7.82 8.88 10.74 10.67 9.68 8.67 7.56 6.28 5.78 6.04 3.54 6.12 9.42
13.29 7.37 9.71 5.91 3.14 3.21 4.31 4.31 0.00 3.87 6.28 2.48 3.36 4.60 6.79 8.98 11.68 12.70 12.63 12.63 11.61 8.25 6.06 5.99 3.36 5.18 7.59 9.56 9.42 10.29 14.24 13.43 14.97 22.70 24.09 25.19 17.89 10.15 12.70 10.00 14.02 19.71 17.45 12.34 12.34 24.31 20.22 25.48 28.69 32.85 31.83 32.70 28.40 30.76 28.75 25.91 28.61 29.12 27.74 27.52 25.77 19.20 13.06 9.76 9.44 13.58 15.49 14.83 10.95 11.01 8.00 10.14 9.81 9.60 9.92 11.59 9.93 5.81 5.37 3.90 4.36 7.53 8.63
14.24 13.94 9.42 10.73 6.50 7.88 7.30 3.65 3.65 0.00 5.26 4.31 2.48 3.21 4.23 5.48 10.44 9.20 7.66 7.66 5.69 4.67 4.23 3.43 5.91 5.33 6.72 7.88 8.69 6.57 10.51 12.19 10.29 18.91 20.59 24.31 11.24 9.49 8.10 5.11 9.42 15.33 15.84 11.61 11.61 12.05 24.16 28.25 29.57 33.51 32.56 30.88 28.03 24.24 21.94 24.28 24.31 27.59 25.81 26.75 23.15 23.26 18.42 12.63 11.18 14.60 14.91 13.48 6.46 6.46 6.49 5.72 5.60 8.38 8.24 8.80 7.92 8.42 6.62 5.69 6.35 8.96 10.74
18.91 18.32 14.24 15.04 12.56 12.12 5.11 6.72 8.25 0.00 4.96 6.86 0.00 0.00 0.00 0.00 6.06 4.74 0.00 0.00 0.00 0.00 0.00 0.00 4.16 5.77 6.20 6.57 5.55 6.13 8.40 5.04 5.84 8.83 17.08 14.16 7.88 7.52 5.26 0.15 6.50 18.03 16.94 18.25 18.25 19.42 24.82 31.90 32.78 34.53 33.65 28.54 22.70 21.24 20.91 21.68 23.28 18.79 20.72 23.34 26.31 24.07 21.44 12.57 12.13 11.98 15.18 7.83 6.82 6.72 4.89 4.26 5.50 6.53 7.02 7.96 7.41 5.48 6.67 4.54 5.70 8.20 11.06
20.88 16.72 14.45 14.16 16.35 14.67 9.64 12.19 14.67 8.61 10.51 5.26 0.00 0.00 0.00 2.48 0.00 0.00 0.00 0.00 0.00 0.00 0.00 0.00 0.00 3.87 4.16 4.82 5.04 3.80 4.53 5.91 4.16 3.94 7.66 9.93 5.11 5.26 0.00 4.74 12.19 23.73 28.47 28.76 28.76 28.03 31.54 31.54 34.09 33.43 32.57 27.92 24.01 23.54 23.91 20.07 18.86 17.16 16.64 17.71 21.02 20.40 22.90 17.58 13.29 11.71 8.41 6.00 5.19 5.06 3.50 3.72 5.50 6.01 8.48 8.14 6.42 6.57 4.68 3.95 3.87 7.73 8.01
16.43 11.02 10.07 12.34 15.18 14.24 15.77 18.76 19.42 22.41 24.24 15.70 12.92 9.71 7.59 4.89 0.58 0.80 0.00 0.00 0.00 1.61 0.00 0.00 0.00 1.46 2.48 1.53 1.68 1.53 1.97 3.07 2.19 4.02 6.06 7.66 4.45 4.02 9.78 10.07 15.62 13.36 22.41 27.16 27.16 26.43 31.10 32.27 28.91 29.49 27.89 23.78 26.10 12.88 10.89 11.27 13.05 9.30 11.41 14.53 19.08 20.40 20.58 21.04 20.09 11.97 11.96 10.60 7.19 7.08 3.43 4.45 8.02 11.80 15.80 17.59 12.19 5.22 3.96 2.00 1.83 2.88 4.70
9.93 11.97 11.75 14.97 13.43 12.34 18.54 17.01 23.73 26.13 25.55 21.68 17.01 14.89 12.26 9.13 2.26 2.34 2.12 2.12 1.83 2.19 3.58 1.31 0.73 1.46 1.39 2.04 1.83 1.83 2.56 1.97 1.97 3.65 5.33 8.69 8.69 10.15 14.75 10.07 10.80 14.60 9.78 16.86 16.86 20.44 25.77 28.76 23.43 23.18 17.57 21.52 17.66 10.72 8.94 8.55 11.02 9.82 12.00 16.83 16.82 18.43 21.86 20.72 14.98 12.70 12.41 13.43 11.51 11.33 4.60 4.89 7.90 9.15 15.41 17.71 10.59 7.08 3.74 2.21 1.57 4.94 3.30
9.64 11.46 10.15 12.56 8.54 13.65 15.40 16.79 24.89 23.29 18.10 21.83 17.89 17.23 16.64 13.65 5.91 5.18 3.80 3.80 2.56 2.77 3.65 2.26 0.80 1.24 1.17 0.95 1.53 2.04 2.34 1.83 1.83 2.19 7.01 7.37 10.51 11.02 10.44 7.01 3.36 7.01 3.65 15.62 15.62 22.85 24.24 16.86 19.02 21.33 18.05 18.99 12.37 14.96 12.92 12.75 8.26 7.15 8.98 11.29 13.05 19.23 18.92 17.96 15.04 14.45 14.30 12.07 8.95 9.95 5.13 5.14 6.16 8.10 12.32 18.49 10.40 8.91 4.23 1.77 1.81 1.72 2.39
0.00 9.27 5.48 9.13 3.29 8.54 11.10 12.56 19.52 19.49 15.99 15.55 15.33 17.37 14.67 11.46 10.15 7.88 6.57 6.57 5.62 3.72 4.09 2.85 2.77 1.53 1.24 1.39 1.24 2.26 1.53 1.53 0.73 0.66 3.36 9.64 7.37 9.42 9.93 3.21 2.19 2.79 5.33 5.18 5.18 14.75 17.96 15.91 18.34 18.32 20.07 13.71 15.24 19.24 19.08 9.47 6.75 5.47 5.24 8.79 9.51 16.83 23.39 20.47 15.84 13.29 11.82 10.51 9.89 9.53 8.38 4.47 6.18 9.08 10.45 16.05 10.11 9.71 3.67 2.32 1.40 2.14 3.95
0.00 3.43 0.00 5.48 0.00 5.48 9.78 11.02 14.60 16.57 14.09 14.38 13.72 15.18 14.16 10.88 8.10 6.94 6.06 6.06 5.18 4.74 2.63 2.56 1.75 2.04 1.53 1.61 0.44 1.17 1.10 1.31 1.17 0.00 1.83 4.53 2.48 5.91 1.31 3.87 1.90 0.80 1.53 7.74 7.74 11.46 14.02 14.09 19.20 20.29 15.33 17.56 14.91 14.29 12.45 10.55 8.80 5.00 5.40 8.26 7.66 14.07 19.23 20.74 20.92 12.03 11.89 11.40 11.38 11.45 9.05 8.52 6.53 10.77 6.19 10.93 10.51 5.66 4.48 2.65 2.81 5.74 9.02
0.00 0.00 0.00 0.00 0.00 0.00 6.79 9.27 13.43 13.43 14.02 12.85 12.05 13.14 12.12 9.34 7.08 6.20 5.99 5.99 4.09 2.92 1.68 1.31 1.10 0.95 1.39 0.07 0.00 0.00 0.00 0.29 0.44 0.00 0.00 0.66 3.29 2.26 0.00 0.00 0.73 0.15 4.23 2.19 2.19 6.97 10.29 16.21 14.97 17.64 19.94 22.40 19.85 12.60 10.25 7.74 7.26 5.72 4.21 9.83 9.47 9.79 16.06 18.07 14.30 12.95 12.22 12.13 7.30 8.54 6.67 7.03 6.80 5.77 3.34 6.23 7.01 4.54 3.21 3.11 3.19 6.95 9.22
0.00 0.00 0.00 0.00 0.00 0.00 0.00 9.71 10.00 11.46 14.24 12.05 11.46 10.51 10.88 10.88 7.23 6.72 6.20 6.20 5.33 3.65 1.90 0.66 0.00 0.15 0.37 0.00 0.00 0.00 0.00 0.00 0.00 0.00 0.00 0.00 0.51 0.58 0.00 0.00 0.00 0.00 2.12 0.00 0.00 1.68 5.91 8.00 13.69 13.26 19.84 21.30 10.62 8.60 7.30 9.91 1.02 4.29 5.45 9.54 13.79 11.10 12.33 13.87 12.25 12.37 13.19 13.51 7.46 8.36 7.25 6.75 5.65 4.13 2.92 3.37 4.59 2.74 2.04 1.27 1.34 5.14 8.74
0.00 0.00 0.00 0.00 0.00 0.00 0.00 7.59 9.49 9.42 10.80 10.22 10.88 9.05 8.61 9.20 9.71 9.14 8.61 8.61 8.25 5.11 2.85 0.95 1.02 0.00 0.00 0.00 0.00 0.00 0.00 0.00 0.00 0.00 0.00 0.00 0.00 0.00 0.00 0.00 0.00 0.95 0.00 1.68 1.68 1.10 0.07 1.90 7.41 10.17 14.44 11.55 8.88 7.39 8.99 8.29 0.00 0.00 0.00 0.00 8.82 7.30 12.11 11.63 11.25 12.13 12.43 16.45 9.86 10.07 7.02 7.50 4.75 5.19 3.63 2.40 3.51 2.98 0.00 0.00 0.00 1.01 6.91
0.00 0.00 0.00 0.00 0.00 0.00 0.00 0.00 6.06 6.20 7.74 7.66 9.27 6.20 6.64 7.81 11.52 11.61 10.57 9.86 6.86 5.11 1.90 2.34 0.95 0.00 0.37 1.39 0.00 0.00 0.00 0.00 0.00 0.00 0.00 0.00 1.39 0.00 0.00 0.00 1.53 0.73 1.83 0.88 0.88 0.00 0.00 1.17 5.41 9.48 12.49 5.70 4.62 6.00 3.23 0.00 0.00 0.00 0.00 0.00 0.00 0.00 11.47 10.59 6.95 13.89 16.84 14.68 11.79 14.41 12.37 7.46 5.08 5.50 1.92 2.11 3.49 2.07 0.56 0.00 0.00 0.00 0.00
0.00 0.00 0.00 0.00 0.00 0.00 0.00 0.00 0.00 0.00 0.00 0.00 0.00 0.00 0.00 5.62 4.82 6.42 7.72 7.84 8.47 8.54 8.83 7.08 4.38 2.41 4.74 9.05 7.52 0.00 0.00 4.45 2.19 0.73 3.21 3.21 9.64 11.10 6.13 10.22 9.46 9.11 7.15 5.69 5.69 2.41 3.50 1.17 4.99 6.29 2.56 4.30 0.00 0.00 0.00 0.00 0.00 0.00 0.00 0.00 0.00 0.00 10.26 7.95 9.07 16.02 14.51 7.19 7.26 8.12 4.93 8.10 5.86 4.42 3.61 2.98 2.84 1.88 2.01 0.00 0.00 0.00 0.00
0.00 0.00 0.00 0.00 0.00 0.00 0.00 0.00 0.00 0.00 0.00 0.00 0.00 0.00 0.00 0.00 0.00 0.00 3.36 3.36 5.84 8.71 9.53 10.66 10.15 7.45 8.15 11.38 8.32 4.89 8.54 9.13 6.79 4.09 7.01 5.69 10.22 11.61 13.72 11.24 10.07 9.06 8.96 8.32 9.30 7.37 4.31 5.26 3.67 3.14 7.23 0.00 0.00 0.00 0.00 0.00 0.00 0.00 0.00 0.00 0.00 0.00 0.00 0.00 8.09 10.45 9.83 5.24 5.11 5.11 5.91 5.90 5.41 0.00 3.54 2.58 1.48 0.79 0.00 0.00 0.00 0.00 0.00
0.00 0.00 0.00 0.00 0.00 0.00 0.00 0.00 0.00 0.00 0.00 0.00 0.00 0.00 0.00 0.00 0.00 0.00 0.00 0.00 0.00 4.38 7.81 9.64 9.56 8.76 5.58 9.76 10.51 7.96 7.66 7.45 12.41 9.71 6.72 6.35 9.00 8.69 8.69 11.75 9.71 6.71 3.50 6.73 8.55 6.31 6.22 5.82 0.00 0.00 1.59 0.00 0.00 0.00 0.00 0.00 0.00 0.00 0.00 0.00 0.00 0.00 0.00 0.00 0.00 0.00 0.00 0.00 0.00 0.00 3.32 3.76 4.49 0.00 0.00 0.00 1.57 0.00 0.00 0.00 0.00 0.00 0.00
0.00 0.00 0.00 0.00 0.00 0.00 0.00 0.00 0.00 0.00 0.00 0.00 0.00 0.00 0.00 0.00 0.00 0.00 0.00 0.00 0.00 0.00 0.00 7.15 8.61 8.54 0.00 0.00 9.56 9.42 10.15 4.31 6.32 10.81 8.83 0.00 0.00 0.00 0.00 0.00 0.00 0.00 0.00 6.35 7.26 0.00 4.22 1.82 0.00 0.00 0.00 0.00 0.00 0.00 0.00 0.00 0.00 0.00 0.00 0.00 0.00 0.00 0.00 0.00 0.00 0.00 0.00 0.00 0.00 0.00 0.00 0.00 0.00 0.00 0.00 0.00 0.00 0.00 0.00 0.00 0.00 0.00 0.00
