Wansh/Snow_depth/snowdepth-1997/winter/1998026.txt
ncols 321
nrows 161
xllcenter 60
yllcenter 15 
cellsize  0.25 
NODATA_value -1
[rows 0 to 36 of 161, columns 164 to 245 of 321]
9.34 9.49 9.93 8.91 7.30 5.33 5.55 6.42 5.69 5.62 6.42 6.94 6.94 6.94 6.64 7.08 5.77 5.91 5.84 6.79 5.84 7.74 9.20 8.83 8.76 7.30 7.37 9.93 11.53 11.53 3.80 7.15 0.00 0.00 0.00 2.85 13.29 12.85 13.94 13.94 11.97 12.48 14.45 13.43 13.87 11.68 14.09 13.21 17.52 20.00 21.32 21.68 19.27 17.81 17.30 16.35 14.75 15.62 16.43 17.67 18.40 18.40 18.61 17.45 17.45 18.03 19.56 18.98 22.05 23.58 16.43 16.43 16.43 15.84 16.57 15.33 15.11 15.48 17.16 16.79 18.25 17.16
11.61 12.12 10.80 10.00 10.22 10.51 6.86 5.62 6.06 5.69 5.91 6.13 6.28 6.28 6.28 6.94 6.13 5.84 6.20 6.06 7.52 9.13 8.76 9.05 7.23 7.23 9.42 8.40 11.10 2.77 6.28 0.00 0.00 0.00 0.37 0.00 10.51 13.14 13.14 13.14 12.05 12.41 15.70 14.45 14.53 12.26 11.97 14.60 18.98 18.25 20.81 17.96 18.10 17.74 19.49 18.91 17.30 17.37 17.89 16.57 16.72 18.10 17.59 17.74 17.74 17.81 20.29 22.19 21.32 23.58 20.59 20.44 17.81 16.64 16.64 15.84 15.77 15.91 15.70 16.94 18.10 17.45
12.12 12.99 14.60 14.67 11.46 11.10 11.24 7.15 6.57 6.57 6.72 6.64 6.57 6.57 7.37 7.52 5.99 5.99 6.42 7.59 6.28 9.49 9.13 9.49 7.96 9.56 8.69 10.95 1.17 5.04 0.00 0.00 0.00 0.00 5.40 3.29 10.44 9.93 10.44 10.44 10.95 10.07 14.45 16.64 14.89 13.72 12.92 13.21 16.06 15.33 17.08 15.33 16.21 15.62 17.89 19.71 18.40 17.52 16.06 15.62 17.01 18.32 17.89 18.98 18.98 18.32 20.44 21.83 21.17 21.17 18.98 19.27 18.98 17.08 16.72 15.48 15.11 15.11 15.18 16.43 12.26 14.89
12.12 12.99 14.60 14.67 11.46 11.10 11.24 7.15 6.57 6.57 6.72 6.64 6.57 6.57 7.37 7.52 5.99 5.99 6.42 7.59 6.28 9.49 9.13 9.49 7.96 9.56 8.69 10.95 1.17 5.04 0.00 0.00 0.00 0.00 5.40 3.29 10.44 9.93 10.44 10.44 10.95 10.07 14.45 16.64 14.89 13.72 12.92 13.21 16.06 15.33 17.08 15.33 16.21 15.62 17.89 19.71 18.40 17.52 16.06 15.62 17.01 18.32 17.89 18.98 18.98 18.32 20.44 21.83 21.17 21.17 18.98 19.27 18.98 17.08 16.72 15.48 15.11 15.11 15.18 16.43 12.26 14.89
12.99 14.45 14.45 14.45 14.75 12.56 10.80 11.53 7.52 7.66 6.79 6.94 6.94 6.94 7.52 8.40 6.72 7.45 7.23 7.08 8.10 7.66 7.81 7.74 8.40 8.83 4.67 9.27 0.15 0.00 0.00 0.00 0.00 0.00 3.72 7.30 8.54 9.86 10.15 10.15 12.26 11.97 13.07 12.78 12.85 13.29 10.07 9.34 9.64 11.68 14.53 15.55 17.67 16.94 18.69 20.00 18.69 17.96 17.16 18.03 17.81 18.47 19.27 20.37 20.37 21.24 23.21 22.63 22.92 21.83 21.46 17.81 17.37 16.35 16.79 15.48 13.58 9.86 8.98 9.05 9.93 8.54
12.19 14.02 14.60 14.67 14.24 14.38 13.43 8.40 8.76 8.03 8.83 7.88 8.83 8.83 10.00 9.78 10.15 10.15 9.42 7.74 7.74 7.15 7.37 7.23 7.66 2.19 4.53 0.00 0.00 0.00 0.00 0.00 0.00 3.50 8.40 7.52 7.59 10.22 9.56 9.56 12.41 11.53 8.98 9.71 9.49 8.98 8.76 9.34 8.83 11.68 13.94 15.18 18.10 18.91 20.51 22.85 21.75 20.15 17.45 17.30 15.04 16.72 16.13 18.40 18.40 22.34 23.80 24.16 24.82 22.19 20.15 16.86 15.62 16.57 13.80 12.26 12.78 9.93 9.42 10.07 9.71 9.56
12.26 12.26 11.68 11.90 14.16 14.24 14.16 12.99 10.88 9.27 9.42 10.88 10.59 10.59 10.22 9.78 9.93 10.07 9.05 9.13 8.61 6.13 7.08 1.02 0.00 0.00 0.00 0.00 0.00 0.00 0.00 0.00 5.11 9.34 8.40 11.32 12.78 12.63 14.24 14.24 12.63 13.72 9.71 6.64 6.57 7.96 7.59 8.25 9.27 11.39 10.73 12.85 13.94 16.43 18.47 19.64 17.74 17.89 18.32 13.51 14.02 15.33 16.57 20.95 20.95 19.49 22.78 23.94 20.00 17.01 17.16 17.74 17.59 18.03 14.97 12.99 12.92 11.39 11.75 10.51 11.02 12.34
12.26 12.26 11.68 11.90 14.16 14.24 14.16 12.99 10.88 9.27 9.42 10.88 10.59 10.59 10.22 9.78 9.93 10.07 9.05 9.13 8.61 6.13 7.08 1.02 0.00 0.00 0.00 0.00 0.00 0.00 0.00 0.00 5.11 9.34 8.40 11.32 12.78 12.63 14.24 14.24 12.63 13.72 9.71 6.64 6.57 7.96 7.59 8.25 9.27 11.39 10.73 12.85 13.94 16.43 18.47 19.64 17.74 17.89 18.32 13.51 14.02 15.33 16.57 20.95 20.95 19.49 22.78 23.94 20.00 17.01 17.16 17.74 17.59 18.03 14.97 12.99 12.92 11.39 11.75 12.15 15.20 17.75
10.07 10.66 10.29 12.19 12.05 12.12 12.34 11.24 11.46 9.71 10.07 10.44 10.00 10.00 10.15 9.49 9.78 9.78 10.37 8.10 9.56 5.26 0.00 0.00 0.00 0.00 0.00 0.00 0.00 0.00 0.00 4.67 2.70 9.34 11.32 10.59 13.29 13.80 15.33 15.33 11.90 13.21 6.64 5.99 5.91 5.69 7.37 9.56 10.44 11.75 11.10 13.51 14.02 16.35 16.43 14.89 16.35 13.07 15.77 12.70 12.26 13.36 16.06 17.96 17.96 19.86 22.19 21.53 21.17 18.61 18.61 17.16 18.10 15.77 15.91 15.26 13.80 11.74 13.94 17.05 17.71 19.58
11.46 7.59 9.27 8.91 10.59 10.51 10.59 11.61 9.78 10.29 8.10 8.32 8.18 8.18 9.56 9.27 10.07 9.27 9.20 7.52 0.00 0.00 0.00 0.00 0.00 0.00 0.00 3.58 0.00 7.30 9.05 8.03 9.42 10.59 10.59 11.46 12.26 13.14 12.78 12.78 12.26 7.59 5.11 4.96 5.04 5.99 7.30 9.93 9.42 9.86 10.66 12.34 12.41 14.31 13.94 9.27 10.44 7.96 8.32 9.56 9.13 11.32 14.02 15.62 15.62 19.93 21.39 20.59 19.42 20.95 16.64 15.48 15.99 16.50 16.43 15.77 16.53 17.80 18.28 18.28 19.26 20.82
7.74 7.81 9.42 10.95 8.25 9.20 9.34 8.98 9.34 9.71 10.15 8.83 8.69 8.69 8.61 6.72 3.72 8.03 1.68 0.00 0.00 0.00 0.00 0.00 0.00 0.15 0.00 4.67 7.45 6.64 7.88 9.49 9.49 9.78 9.56 8.40 7.96 8.03 8.61 8.61 7.45 7.66 7.01 6.20 6.79 6.72 6.79 7.01 6.57 7.59 7.59 8.76 11.17 8.03 8.47 8.25 8.61 8.83 7.88 9.05 8.47 12.19 14.67 13.94 13.94 18.25 17.01 18.25 18.03 17.74 18.61 15.11 15.04 16.43 15.91 14.60 12.65 12.82 13.47 18.17 22.43 22.31
7.74 7.81 9.42 10.95 8.25 9.20 9.34 8.98 9.34 9.71 10.15 8.83 8.69 8.69 8.61 6.72 3.72 8.03 1.68 0.00 0.00 0.00 0.00 0.00 0.00 0.15 0.00 4.67 7.45 6.64 7.88 9.49 9.49 9.78 9.56 8.40 7.96 8.03 8.61 8.61 7.45 7.66 7.01 6.20 6.79 6.72 6.79 7.01 6.57 7.59 7.59 8.76 11.17 8.03 8.47 8.25 8.61 8.83 7.88 9.05 8.47 12.19 14.67 13.94 13.94 18.25 17.01 18.25 18.03 17.74 18.61 15.11 15.04 16.43 15.91 14.60 12.34 12.63 13.07 16.88 20.00 20.66
12.78 11.17 10.44 12.41 10.95 11.24 8.03 7.74 7.52 7.74 5.91 6.64 6.42 6.42 2.70 3.58 0.00 0.00 0.00 0.00 0.00 1.83 1.83 5.77 5.84 5.55 5.84 6.13 6.13 5.55 6.86 6.50 7.45 6.86 7.45 7.52 7.37 6.64 6.20 6.20 7.23 7.23 7.15 7.74 7.52 7.52 7.08 5.33 5.48 5.26 4.23 7.66 5.26 7.45 7.45 5.69 8.25 5.84 6.06 6.20 7.45 10.80 11.46 15.55 15.55 15.62 15.91 17.01 17.08 16.50 16.50 17.08 17.16 17.08 16.28 15.33 15.04 14.24 14.82 17.21 19.08 19.57
11.53 9.42 8.47 11.68 10.29 7.96 8.40 7.23 7.37 7.30 6.42 0.00 1.68 1.68 0.00 0.00 0.00 0.00 0.00 0.00 0.00 1.83 5.91 4.96 5.69 5.04 4.82 5.18 5.26 5.18 5.91 7.59 8.10 6.79 7.08 6.35 6.79 6.42 7.30 7.30 7.23 8.40 8.54 8.54 6.28 6.79 6.28 3.94 3.72 3.72 3.65 4.23 4.67 5.48 5.33 5.40 5.48 6.28 6.86 7.74 10.29 9.56 11.02 13.43 13.43 15.99 18.40 18.10 17.81 18.25 17.59 18.10 18.83 18.83 18.32 18.98 17.37 17.82 18.51 19.05 16.47 20.29
7.88 7.01 7.96 7.66 8.47 8.25 9.64 9.86 9.86 10.15 1.68 3.21 0.00 0.00 0.00 0.00 0.00 2.41 1.68 3.87 4.53 3.21 4.82 4.09 4.09 4.31 4.60 5.26 5.11 6.79 7.37 8.69 8.76 7.45 6.64 6.64 6.42 6.72 6.64 6.64 8.25 7.74 7.45 7.74 7.23 5.69 4.38 4.02 4.09 3.72 4.31 3.65 3.80 4.89 4.09 4.60 4.82 5.11 6.42 8.10 9.64 11.46 13.36 11.97 11.97 15.77 18.18 17.89 18.91 18.40 19.13 17.67 20.00 20.95 20.95 20.66 17.82 24.57 20.90 22.12 23.19 22.60
6.79 8.69 8.10 7.96 7.88 7.59 9.56 9.86 10.15 10.37 9.42 9.34 4.45 4.45 2.92 4.89 4.38 6.06 5.40 5.55 4.74 3.21 3.07 3.07 3.87 4.38 4.16 5.33 6.64 6.28 7.15 7.59 7.88 8.25 8.18 8.25 7.15 7.81 7.15 7.15 6.79 7.45 6.86 6.72 6.50 7.08 4.74 4.16 4.67 3.94 3.94 3.94 3.36 3.65 4.89 4.53 4.67 4.74 5.26 6.79 8.61 10.95 12.56 12.19 12.19 14.53 14.02 18.76 16.13 15.84 16.72 16.06 18.98 20.81 22.56 20.70 21.19 20.73 23.56 21.50 24.23 22.60
6.79 8.69 8.10 7.96 7.88 7.59 9.56 9.86 10.15 10.37 9.42 9.34 4.45 4.45 2.92 4.89 4.38 6.06 5.40 5.55 4.74 3.21 3.07 3.07 3.87 4.38 4.16 5.33 6.64 6.28 7.15 7.59 7.88 8.25 8.18 8.25 7.15 7.81 7.15 7.15 6.79 7.45 6.86 6.72 6.50 7.08 4.74 4.16 4.67 3.94 3.94 3.94 3.36 3.65 4.89 4.53 4.67 4.74 5.26 6.79 8.61 10.95 12.56 12.19 12.19 14.53 14.02 18.76 16.13 15.84 16.72 16.06 18.98 20.81 22.56 25.41 19.86 22.53 21.16 26.60 24.58 24.98
6.13 5.91 4.23 6.72 6.64 6.28 5.62 5.77 8.10 8.61 8.54 8.54 8.18 8.18 7.96 7.96 7.52 6.13 5.77 5.40 3.14 3.43 3.43 3.07 4.09 4.38 4.67 5.04 4.74 6.28 7.01 7.74 7.59 8.18 8.47 8.98 8.61 8.69 7.96 7.96 8.25 7.59 6.35 6.86 7.30 7.30 4.60 7.01 4.82 3.65 1.83 2.56 3.07 3.07 3.87 3.43 4.38 4.09 5.91 5.18 7.23 9.27 8.40 10.22 10.22 12.12 11.46 15.26 13.80 14.53 13.36 16.13 19.35 18.18 22.32 21.82 25.02 22.86 24.37 30.41 29.78 24.99
4.60 2.70 2.04 1.46 4.74 4.67 4.60 4.60 4.53 5.33 5.55 6.50 6.42 6.42 6.72 6.57 7.08 7.15 5.91 6.28 4.09 3.14 3.21 2.92 3.65 4.31 4.02 5.18 6.64 6.57 6.42 7.01 8.32 8.69 8.83 8.61 9.42 9.93 9.20 9.20 10.51 9.27 7.66 8.83 7.45 7.52 5.11 4.09 2.04 2.19 1.83 2.26 2.41 2.26 3.72 2.92 2.41 2.99 3.29 0.00 5.55 6.72 6.35 8.32 8.32 7.15 8.69 12.92 10.44 9.27 11.32 14.53 16.64 19.15 20.65 22.27 22.16 22.44 28.85 27.06 27.30 25.45
0.37 0.44 0.80 0.73 0.73 1.53 2.77 4.23 4.53 4.23 5.04 4.96 6.06 6.06 5.77 7.15 7.23 7.45 6.13 4.60 4.89 4.16 3.50 4.02 3.72 4.74 5.62 5.62 6.50 6.79 7.01 7.15 6.86 8.47 9.34 12.05 10.95 11.97 11.24 11.24 10.15 9.86 10.37 9.05 5.26 7.88 3.29 2.41 2.56 2.34 2.19 2.41 2.19 2.26 2.77 1.83 2.92 2.04 0.00 0.00 0.00 4.16 3.94 5.77 5.77 5.04 7.37 6.57 7.96 7.15 10.07 11.17 14.67 19.20 21.02 23.80 26.57 26.21 25.62 26.97 27.34 28.66
0.00 0.00 0.58 0.29 0.29 0.88 1.24 1.10 2.77 4.23 4.31 4.38 5.04 5.04 6.86 6.57 7.30 6.42 5.04 5.77 2.63 3.80 5.91 5.40 6.28 6.28 6.28 5.48 5.69 6.79 7.01 7.37 7.30 10.22 13.07 14.75 14.24 14.02 12.48 12.48 13.65 11.97 8.32 7.01 6.64 4.82 2.63 2.41 2.19 2.34 2.56 1.75 1.97 2.63 2.56 0.00 0.00 0.00 0.00 0.00 0.00 2.48 2.04 3.94 3.94 2.63 5.77 4.09 3.29 7.74 11.83 15.91 14.60 18.98 20.29 23.00 25.40 21.46 25.69 27.27 30.11 26.07
0.00 0.00 0.00 0.00 0.22 0.15 0.95 2.48 2.70 2.41 3.58 3.50 4.38 4.38 4.96 7.08 6.72 7.37 5.48 3.36 3.72 4.02 6.06 7.30 7.01 7.52 7.81 7.88 7.74 7.37 7.81 7.15 9.78 12.70 13.07 14.60 14.60 12.99 12.92 12.92 10.51 8.10 5.91 3.72 2.56 2.92 2.48 2.34 2.48 2.26 1.53 1.02 1.75 2.26 1.90 1.75 0.00 0.00 0.00 0.00 0.00 0.00 2.41 2.04 2.04 1.61 1.54 0.00 0.00 7.37 12.19 11.97 13.65 16.72 16.13 19.56 11.61 15.91 21.52 21.51 27.30 24.94
0.00 0.00 0.00 0.00 0.22 0.15 0.95 2.48 2.70 2.41 3.58 3.50 4.38 4.38 4.96 7.08 6.72 7.37 5.48 3.36 3.72 4.02 6.06 7.30 7.01 7.52 7.81 7.88 7.74 7.37 7.81 7.15 9.78 12.70 13.07 14.60 14.60 12.99 12.92 12.92 10.51 8.10 5.91 3.72 2.56 2.92 2.48 2.34 2.48 2.26 1.53 1.02 1.75 2.26 1.90 1.75 0.00 0.00 0.00 0.00 0.00 0.00 2.41 2.04 2.04 1.61 1.54 0.00 0.00 7.37 12.19 11.97 13.65 16.72 16.13 19.56 11.61 15.91 20.66 21.62 21.20 21.94
0.00 0.00 0.00 0.37 0.00 0.88 0.66 2.56 3.14 3.36 3.58 2.26 2.85 2.85 3.36 3.36 4.16 5.33 5.99 5.99 4.82 5.99 8.91 8.25 9.27 8.61 8.47 7.81 8.10 9.27 10.29 11.02 10.29 11.10 11.75 10.66 10.59 7.66 9.20 9.20 6.35 6.72 4.89 4.09 5.55 4.16 3.07 1.97 1.68 0.73 1.10 0.37 0.88 2.04 1.75 1.46 0.00 0.00 0.00 0.00 0.00 1.10 0.88 0.88 0.88 0.88 0.29 0.07 0.00 4.82 4.89 6.94 8.69 8.83 6.50 8.98 7.59 12.63 16.35 19.96 20.59 25.44
0.00 0.00 0.51 0.00 0.00 0.00 1.10 2.41 3.14 2.85 1.83 2.04 2.26 2.26 3.36 3.80 3.87 4.74 6.13 5.91 6.28 5.33 7.96 9.78 9.56 9.64 8.54 9.71 9.13 9.27 10.00 11.32 12.70 10.95 10.07 7.88 6.64 6.94 7.01 7.01 6.06 6.94 7.59 6.94 6.20 5.48 2.41 2.77 0.73 1.17 0.95 2.04 1.61 1.68 0.00 0.00 0.00 0.00 0.00 2.04 0.95 0.29 0.22 0.00 0.00 0.00 0.00 0.00 0.00 2.26 0.00 0.00 4.67 4.96 8.25 9.71 18.25 20.59 20.66 21.47 20.15 20.35
0.51 0.00 0.00 0.00 0.00 0.37 0.00 1.39 1.39 1.90 1.83 2.41 3.72 3.72 3.87 5.91 5.77 5.69 6.35 6.20 5.40 5.48 5.40 5.91 8.32 8.40 10.07 9.78 10.29 9.56 10.44 13.43 13.14 12.56 11.75 10.07 7.81 7.15 5.84 5.84 7.08 7.37 8.69 8.47 7.96 4.16 5.18 2.19 0.66 0.37 0.22 1.17 2.63 1.53 0.00 0.00 2.26 2.56 1.39 1.61 1.46 0.51 0.00 0.00 0.00 0.00 0.00 0.00 0.00 0.00 0.00 0.00 5.40 4.45 8.10 12.05 19.42 23.82 21.71 19.55 22.55 18.25
1.10 0.22 1.68 1.39 2.26 0.00 0.29 0.22 0.29 1.10 2.04 1.90 3.07 3.07 4.60 5.55 5.55 5.04 5.18 5.04 5.62 5.04 5.55 7.37 7.15 7.96 8.03 9.49 9.34 10.73 9.34 10.66 11.97 11.83 10.80 8.98 8.47 7.45 7.15 7.15 7.96 9.20 8.32 3.87 3.43 1.97 0.00 0.00 0.07 0.00 0.00 0.37 0.00 0.44 0.95 0.80 1.46 0.00 0.00 0.00 0.00 0.00 0.00 0.00 0.00 0.00 0.00 0.00 0.00 0.00 0.00 0.00 5.18 7.66 12.63 11.02 18.21 22.20 23.74 20.83 13.43 17.82
1.97 2.19 1.68 1.68 0.95 1.02 0.88 0.00 0.58 0.15 1.31 2.48 2.41 2.41 3.29 4.74 4.31 4.53 4.09 4.23 3.50 3.50 3.43 4.82 2.99 4.23 7.23 6.72 8.61 5.55 7.45 10.80 9.93 10.22 9.27 7.88 8.10 7.23 7.52 7.52 8.40 7.74 2.99 2.19 1.61 0.22 0.00 0.88 0.15 0.51 1.10 0.80 0.00 0.00 0.00 0.00 1.46 1.75 0.00 0.00 0.00 0.00 0.00 0.00 0.00 0.00 0.00 0.00 0.00 0.00 0.00 0.00 2.99 7.45 13.18 22.29 26.28 22.69 25.28 24.40 11.23 4.62
1.97 2.19 1.68 1.68 0.95 1.02 0.88 0.00 0.58 0.15 1.31 2.48 2.41 2.41 3.29 4.74 4.31 4.53 4.09 4.23 3.50 3.50 3.43 4.82 2.99 4.23 7.23 6.72 8.61 5.55 7.45 10.80 9.93 10.22 9.27 7.88 8.10 7.23 7.52 7.52 8.40 7.74 2.99 2.19 1.61 0.22 0.00 0.88 0.15 0.51 1.10 0.80 0.00 0.00 0.00 0.00 1.46 1.75 0.00 0.00 0.00 0.00 0.00 0.00 0.00 0.00 0.00 0.00 0.00 0.00 0.00 0.00 2.99 7.45 13.25 22.06 23.76 25.28 26.97 28.47 13.04 4.47
3.94 3.58 2.48 1.53 0.44 0.00 1.10 0.00 0.00 0.00 0.00 0.00 0.88 0.88 2.77 2.99 2.92 2.41 2.63 2.41 2.63 0.00 0.00 0.00 0.00 2.04 4.16 0.00 3.80 4.89 4.09 6.20 7.15 10.00 8.61 7.66 6.28 7.23 6.57 6.57 5.40 4.89 2.34 1.17 1.39 0.37 0.00 0.15 0.66 0.88 0.80 0.37 2.41 1.46 0.00 0.00 0.00 0.00 0.00 0.00 0.00 0.73 0.00 0.00 0.00 0.00 0.00 0.00 0.00 0.00 2.56 3.72 3.15 7.08 15.12 22.19 27.89 24.76 20.10 25.42 14.09 4.07
5.04 5.04 4.02 3.36 0.95 1.53 0.00 0.00 0.00 0.00 0.00 0.58 0.37 0.37 1.75 1.97 2.04 2.12 2.19 2.63 0.00 0.00 0.00 0.00 0.00 0.00 0.00 0.00 0.00 0.00 0.00 4.96 4.31 5.26 0.00 4.82 5.91 4.23 5.33 5.33 0.00 1.46 0.37 1.17 0.29 0.80 0.80 1.02 0.80 1.39 1.53 2.63 1.75 1.61 1.75 1.83 1.46 0.00 1.10 0.44 0.73 0.00 0.00 0.44 0.44 0.00 0.00 0.00 1.02 1.97 0.00 4.16 9.13 15.40 13.65 20.62 24.45 24.63 15.06 4.79 3.05 2.77
6.86 6.86 6.64 6.28 3.72 2.77 0.88 0.29 0.00 0.00 0.00 0.51 1.10 1.10 0.95 1.39 1.83 1.61 1.68 2.04 2.19 0.00 0.00 0.00 0.00 0.00 0.00 0.00 0.00 0.00 0.00 0.00 0.00 0.00 0.00 0.00 3.36 0.00 0.00 0.00 0.51 0.95 0.29 0.00 0.95 0.73 0.88 0.51 0.66 1.24 0.00 1.68 1.75 1.10 1.83 2.04 1.39 0.00 1.68 1.02 0.66 0.73 1.10 0.00 0.00 0.95 0.29 0.29 0.44 0.88 1.31 0.00 7.45 11.68 13.58 18.27 21.57 22.11 9.42 4.36 1.68 1.78
9.56 8.40 7.30 7.52 4.96 1.46 0.51 0.58 1.17 0.00 0.00 1.10 1.24 1.24 0.00 0.00 0.00 0.00 0.00 0.00 0.00 0.00 0.00 0.00 0.00 0.00 0.00 0.00 0.00 0.00 0.00 0.00 0.00 0.00 0.00 0.00 0.00 0.00 0.00 0.00 0.00 0.00 1.10 0.73 0.00 0.37 0.95 0.00 1.17 0.29 0.58 0.15 0.95 1.31 1.68 2.04 1.83 2.19 1.97 1.24 0.37 0.58 0.00 0.66 0.66 0.66 0.44 0.37 0.00 2.48 4.67 4.09 5.62 6.35 11.53 14.23 7.62 5.18 6.06 1.79 2.19 0.69
7.74 9.20 8.32 5.55 6.42 1.46 0.22 1.39 1.10 2.04 0.00 0.00 0.00 0.00 0.00 0.00 0.00 0.00 0.00 0.00 0.00 0.00 0.00 0.00 0.00 0.00 0.00 0.00 0.00 0.00 0.00 0.00 0.00 0.00 0.00 0.00 0.00 0.00 0.00 0.00 0.00 0.00 0.00 0.00 0.00 1.24 0.00 1.17 1.46 0.66 0.22 1.53 1.68 1.68 2.12 2.41 2.04 2.04 1.61 1.24 0.07 0.00 0.66 1.02 1.02 1.17 0.29 0.15 0.73 1.90 4.02 3.36 6.13 4.96 9.20 6.64 4.62 1.54 0.40 1.30 1.58 0.79
8.40 7.66 8.03 5.11 1.61 2.04 0.22 0.00 0.00 0.00 0.00 0.00 0.00 0.00 0.00 0.00 0.00 0.00 0.00 0.00 0.00 0.00 0.00 0.00 0.00 0.00 0.00 0.00 0.00 0.00 0.00 0.00 0.00 0.00 0.00 0.00 0.00 0.00 0.00 0.00 0.00 0.00 0.00 0.00 1.39 1.10 0.88 0.95 0.73 0.95 1.24 1.39 1.97 1.31 1.24 0.73 0.88 1.02 1.10 0.80 1.17 0.73 0.95 1.10 1.10 0.29 0.00 0.07 0.07 0.51 1.68 2.48 4.02 2.56 2.77 3.15 2.76 0.00 0.66 0.00 0.00 0.00
8.40 7.66 8.03 5.11 1.61 2.04 0.22 0.00 0.00 0.00 0.00 0.00 0.00 0.00 0.00 0.00 0.00 0.00 0.00 0.00 0.00 0.00 0.00 0.00 0.00 0.00 0.00 0.00 0.00 0.00 0.00 0.00 0.00 0.00 0.00 0.00 0.00 0.00 0.00 0.00 0.00 0.00 0.00 0.00 1.39 1.10 0.88 0.95 0.73 0.95 1.24 1.39 1.97 1.31 1.24 0.73 0.88 1.02 1.10 0.80 1.17 0.73 0.95 1.10 1.10 0.29 0.00 0.07 0.07 0.51 1.68 2.48 4.02 2.56 2.77 3.14 2.71 0.00 0.66 0.00 0.00 0.00
7.01 7.01 4.96 5.62 0.00 0.00 0.00 0.00 0.00 0.00 0.00 0.00 0.00 0.00 0.00 0.00 0.00 0.00 0.00 0.00 0.00 0.00 0.00 0.00 0.00 0.00 0.00 0.00 0.00 0.00 0.00 0.00 0.00 0.00 0.00 0.00 0.00 0.00 0.00 0.00 0.00 0.00 0.00 0.00 0.00 0.00 0.80 1.24 2.04 1.83 1.68 2.48 1.97 1.68 0.73 0.66 0.73 1.02 0.66 1.83 0.66 1.10 1.46 0.73 0.73 0.07 0.58 0.00 0.00 0.00 0.95 1.83 2.04 0.66 1.46 0.44 0.15 0.22 0.00 0.00 0.00 0.00
