Wansh/Snow_depth/snowdepth-1997/winter/1998003.txt
ncols 321
nrows 161
xllcenter 60
yllcenter 15 
cellsize  0.25 
NODATA_value -1
[rows 0 to 36 of 161, columns 0 to 81 of 321]
3.72 3.72 8.18 7.15 10.29 8.32 8.61 9.34 10.29 10.44 10.44 9.64 10.07 10.15 9.78 10.66 10.66 10.29 8.83 9.20 7.66 8.10 7.01 7.15 6.94 6.64 6.64 6.64 6.64 6.42 7.08 6.79 7.59 6.50 6.50 6.50 8.47 8.18 9.42 9.49 9.42 9.42 10.00 10.66 9.34 10.66 10.80 8.83 11.24 9.64 9.71 9.71 8.91 9.05 8.69 9.05 9.34 9.34 8.40 8.10 8.98 8.83 8.61 9.71 9.71 10.29 8.47 8.47 8.18 8.76 5.48 7.81 7.81 8.25 11.83 11.53 11.53 12.34 12.41 12.12 11.24 11.17
7.59 7.59 9.05 9.05 9.93 9.78 8.32 8.69 8.54 8.61 8.61 8.69 8.40 8.32 8.10 9.56 8.98 9.27 8.91 7.30 7.37 7.45 7.23 6.57 7.37 7.37 7.37 7.01 6.94 7.52 7.23 7.23 7.37 6.35 5.62 6.28 7.37 7.30 7.15 7.45 7.88 9.71 7.15 7.52 6.42 6.20 6.13 7.08 8.76 8.25 9.13 9.13 8.40 8.98 8.83 9.05 8.69 9.13 9.27 8.98 9.34 8.47 8.47 9.20 8.76 8.76 7.23 7.01 7.74 5.26 6.42 5.99 7.45 7.08 9.42 11.02 11.02 12.48 11.53 10.59 10.80 11.61
7.30 7.30 7.96 8.91 8.61 8.69 8.83 8.32 8.47 8.47 8.25 7.23 6.06 6.28 5.62 5.69 6.42 6.42 6.86 6.57 6.28 5.91 6.06 5.69 7.08 6.72 6.72 6.94 6.13 6.94 5.77 5.40 5.04 4.60 5.11 6.57 6.79 6.94 6.86 6.64 5.33 5.77 5.91 5.99 5.04 5.33 5.40 5.40 6.13 7.01 7.52 7.52 7.88 6.42 6.72 7.15 7.52 6.57 8.10 7.74 8.54 9.20 9.78 9.78 8.61 9.27 9.49 8.18 7.37 7.81 6.86 8.10 7.88 8.76 9.56 10.44 10.44 9.20 9.56 9.34 9.05 8.98
7.30 7.30 7.96 8.91 8.61 8.69 8.83 8.32 8.47 8.47 8.25 7.23 6.06 6.28 5.62 5.69 6.42 6.42 6.86 6.57 6.28 5.91 6.06 5.69 7.08 6.72 6.72 6.94 6.13 6.94 5.77 5.40 5.04 4.60 5.11 6.57 6.79 6.94 6.86 6.64 5.33 5.77 5.91 5.99 5.04 5.33 5.40 5.40 6.13 7.01 7.52 7.52 7.88 6.42 6.72 7.15 7.52 6.57 8.10 7.74 8.54 9.20 9.78 9.78 8.61 9.27 9.49 8.18 7.37 7.81 6.86 8.10 7.88 8.76 9.56 10.44 10.44 9.20 9.56 9.34 9.05 8.98
7.08 7.08 7.37 7.37 7.96 8.32 8.25 8.91 7.52 7.66 6.57 6.86 5.91 5.55 5.62 6.28 5.91 5.77 6.28 5.91 6.50 6.57 5.77 6.13 6.35 6.50 6.50 6.20 6.42 5.55 6.42 5.48 5.84 6.13 6.50 6.35 6.94 5.33 5.18 5.11 5.26 6.28 6.20 6.06 5.11 4.74 5.40 5.69 5.69 0.00 5.11 5.11 5.11 5.04 5.62 0.00 5.11 5.55 6.28 6.20 9.05 8.76 9.86 10.80 11.10 9.27 8.32 8.91 8.32 7.96 7.96 8.25 7.96 7.88 7.96 7.96 7.96 8.47 7.45 7.66 8.25 8.10
6.86 6.86 7.23 6.28 7.30 8.10 9.05 9.20 7.88 6.94 5.69 5.55 5.26 5.04 4.82 5.69 5.99 5.26 4.89 6.50 7.30 7.96 6.64 6.72 7.15 6.86 6.86 5.91 6.50 4.74 5.69 5.40 5.77 5.84 5.18 5.33 4.74 4.89 0.00 0.00 0.00 0.00 0.00 4.89 4.67 5.48 0.00 4.67 0.00 5.33 5.18 5.18 0.00 0.00 0.00 0.00 0.00 0.00 0.00 4.96 6.57 8.18 8.25 8.25 10.07 9.71 9.71 7.96 8.25 8.32 7.74 7.66 7.08 7.15 7.30 6.86 6.86 6.86 7.23 8.40 8.25 9.34
5.40 5.40 5.18 5.04 7.37 8.98 8.61 8.91 8.10 8.54 6.79 5.91 5.18 5.48 4.89 6.06 6.86 6.42 6.64 6.57 6.72 7.45 7.81 7.30 6.86 7.23 7.23 5.48 4.53 5.26 6.72 5.99 6.06 6.06 5.69 5.11 4.67 4.89 4.74 5.26 0.00 4.67 4.31 4.09 4.96 0.00 0.00 0.00 0.00 0.00 0.00 0.00 0.00 0.00 0.00 0.00 0.00 0.00 4.53 5.40 5.40 5.04 7.66 6.86 9.13 8.47 8.25 8.40 6.64 7.15 6.57 6.13 6.13 0.00 5.99 6.06 6.06 5.99 5.91 7.81 8.69 8.61
5.40 5.40 5.18 5.04 7.37 8.98 8.61 8.91 8.10 8.54 6.79 5.91 5.18 5.48 4.89 6.06 6.86 6.42 6.64 6.57 6.72 7.45 7.81 7.30 6.86 7.23 7.23 5.48 4.53 5.26 6.72 5.99 6.06 6.06 5.69 5.11 4.67 4.89 4.74 5.26 0.00 4.67 4.31 4.09 4.96 0.00 0.00 0.00 0.00 0.00 0.00 0.00 0.00 0.00 0.00 0.00 0.00 0.00 4.53 5.40 5.40 5.04 7.66 6.86 9.13 8.47 8.25 8.40 6.64 7.15 6.57 6.13 6.13 0.00 5.99 6.06 6.06 5.99 5.91 7.81 8.69 8.61
4.74 4.74 4.74 3.58 7.81 7.37 8.03 7.52 7.52 7.01 6.20 6.42 5.91 6.06 6.64 7.01 6.79 7.30 6.13 6.50 6.57 6.06 6.64 6.64 6.64 5.77 5.77 0.00 5.55 5.84 8.03 6.20 5.99 7.08 6.86 7.15 5.26 5.11 5.40 5.33 0.00 0.00 0.00 0.00 0.00 0.00 0.00 0.00 0.00 0.00 0.00 0.00 0.00 0.00 0.00 0.00 4.53 0.00 0.00 4.02 4.67 0.00 5.11 4.82 5.33 6.50 5.84 6.06 5.69 0.00 0.00 0.00 0.00 0.00 0.00 4.96 4.96 5.18 0.00 0.00 0.00 7.01
0.95 0.95 1.02 0.22 7.08 8.69 8.69 7.37 6.79 5.33 6.13 5.55 5.99 6.79 7.01 6.79 5.55 5.77 4.82 5.33 5.11 5.62 4.02 4.96 5.55 0.00 0.00 7.08 8.40 7.81 8.18 7.45 7.81 7.37 7.15 7.59 7.30 7.37 5.62 5.48 5.11 4.60 4.31 4.45 4.38 3.94 0.00 4.74 3.87 4.16 0.00 0.00 0.00 0.00 0.00 0.00 0.00 0.00 0.00 3.80 4.89 4.02 4.02 5.55 5.40 5.11 5.40 0.00 4.82 0.00 0.00 0.00 0.00 0.00 0.00 0.00 0.00 0.00 0.00 0.00 0.00 0.00
0.00 0.00 0.15 1.75 5.77 4.89 7.08 7.30 5.48 5.99 5.91 6.86 5.99 5.99 6.13 5.62 6.13 4.16 5.18 4.38 4.38 4.38 3.87 4.31 0.00 3.36 3.36 5.26 6.64 6.79 7.37 7.30 7.30 8.10 6.06 7.59 7.01 6.64 5.62 6.35 5.11 5.11 5.18 4.67 5.11 5.62 5.69 4.60 4.02 4.02 3.80 3.80 3.80 3.29 2.92 0.00 0.00 0.00 5.91 5.26 5.55 3.65 3.43 3.07 4.96 4.16 4.31 0.00 0.00 0.00 0.00 0.00 0.00 5.26 0.00 0.00 0.00 4.82 0.00 0.00 0.00 4.02
0.00 0.00 0.15 1.75 5.77 4.89 7.08 7.30 5.48 5.99 5.91 6.86 5.99 5.99 6.13 5.62 6.13 4.16 5.18 4.38 4.38 4.38 3.87 4.31 0.00 3.36 3.36 5.26 6.64 6.79 7.37 7.30 7.30 8.10 6.06 7.59 7.01 6.64 5.62 6.35 5.11 5.11 5.18 4.67 5.11 5.62 5.69 4.60 4.02 4.02 3.80 3.80 3.80 3.29 2.92 0.00 0.00 0.00 5.91 5.26 5.55 3.65 3.43 3.07 4.96 4.16 4.31 0.00 0.00 0.00 0.00 0.00 0.00 5.26 0.00 0.00 0.00 4.82 0.00 0.00 0.00 4.02
1.97 1.97 3.14 2.56 5.33 6.42 5.84 5.18 5.62 4.16 5.91 5.33 7.15 8.76 7.23 6.42 9.49 6.35 7.15 5.33 5.99 5.99 5.99 4.38 4.74 4.74 4.74 5.55 5.04 6.42 5.11 4.74 0.00 5.40 4.82 6.94 5.40 5.91 5.40 5.55 5.48 5.48 6.94 5.99 5.99 5.48 5.84 5.04 4.38 4.82 3.87 3.87 4.02 4.09 3.50 0.00 0.00 0.00 6.64 4.67 3.87 4.23 3.72 4.67 4.23 4.23 3.94 3.72 0.00 4.60 4.38 5.26 5.33 5.18 5.18 5.26 5.26 5.04 5.04 4.82 5.11 5.26
8.83 8.83 8.61 8.98 8.25 5.69 6.06 4.74 5.77 6.06 6.50 6.20 9.20 9.71 9.86 8.83 8.98 10.07 9.05 9.20 8.18 5.55 5.18 5.33 2.41 0.00 0.00 4.60 3.80 4.16 0.00 3.65 0.00 0.00 5.77 4.96 4.96 5.33 5.62 5.26 5.55 5.18 5.69 5.84 4.31 3.50 3.72 4.38 4.09 4.74 0.00 0.00 4.67 3.80 3.80 4.16 0.00 4.31 5.77 4.23 3.72 0.00 0.00 4.38 3.65 3.80 3.07 3.07 3.07 4.09 5.18 4.74 4.16 4.60 4.53 5.04 5.04 5.99 5.04 5.55 4.89 5.11
10.22 10.22 10.51 9.93 9.05 8.03 5.18 5.91 5.69 7.08 8.40 8.69 9.27 8.83 9.42 7.45 7.23 7.15 8.61 6.86 4.23 1.39 1.10 0.00 0.00 4.16 4.16 0.00 3.21 0.00 0.00 0.00 0.00 0.00 5.91 5.33 4.31 4.38 5.04 3.72 3.87 0.00 0.00 0.00 0.00 0.00 3.72 5.77 5.55 5.91 5.62 5.62 5.33 4.23 3.94 3.80 0.00 0.00 0.00 0.00 0.00 0.00 4.45 4.23 4.38 3.65 3.58 3.50 4.09 3.80 3.50 3.58 3.43 4.67 5.91 5.69 5.69 5.69 5.48 5.18 5.26 4.23
10.00 10.00 9.20 10.15 7.08 4.82 5.04 5.11 6.13 8.25 8.83 8.25 8.03 8.61 8.54 6.72 5.26 6.35 7.37 5.11 3.43 5.18 4.67 0.00 0.00 4.02 4.02 0.00 0.00 0.00 0.00 0.00 7.30 6.06 6.57 5.84 3.21 0.00 3.87 4.45 4.67 4.16 0.00 0.00 3.72 5.48 5.99 5.77 6.94 8.40 6.06 6.06 7.01 5.11 5.62 4.67 4.96 0.00 0.00 0.00 0.00 6.06 5.04 3.80 4.09 3.65 0.00 0.00 3.58 3.87 3.72 4.45 4.23 4.02 4.74 6.94 6.94 5.91 6.20 5.91 5.62 5.91
10.00 10.00 9.20 10.15 7.08 4.82 5.04 5.11 6.13 8.25 8.83 8.25 8.03 8.61 8.54 6.72 5.26 6.35 7.37 5.11 3.43 5.18 4.67 0.00 0.00 4.02 4.02 0.00 0.00 0.00 0.00 0.00 7.30 6.06 6.57 5.84 3.21 0.00 3.87 4.45 4.67 4.16 0.00 0.00 3.72 5.48 5.99 5.77 6.94 8.40 6.06 6.06 7.01 5.11 5.62 4.67 4.96 0.00 0.00 0.00 0.00 6.06 5.04 3.80 4.09 3.65 0.00 0.00 3.58 3.87 3.72 4.45 4.23 4.02 4.74 6.94 6.94 5.91 6.20 5.91 5.62 5.91
10.15 10.15 8.76 6.72 5.69 6.28 5.33 6.13 5.69 5.91 6.06 6.35 7.81 7.08 6.28 6.13 6.72 7.74 5.69 6.42 6.57 6.57 3.72 3.50 3.29 0.00 0.00 3.21 0.00 0.00 0.00 6.20 7.15 7.30 7.15 4.45 4.38 4.67 3.58 3.07 3.29 3.87 2.77 4.74 5.33 6.06 6.50 9.13 9.34 9.27 8.83 8.83 7.81 5.69 6.35 5.18 5.26 5.55 5.33 6.28 6.06 5.77 5.18 4.23 4.09 4.02 3.21 3.65 3.58 3.58 3.50 3.65 3.07 4.60 6.28 5.77 5.77 7.52 5.84 5.91 5.84 4.53
7.74 7.74 5.55 5.69 5.40 4.53 5.77 6.13 6.28 5.77 4.82 5.04 5.91 5.26 6.20 4.82 7.30 4.38 5.62 5.91 7.30 6.79 5.48 5.48 2.41 3.07 3.07 0.00 0.00 0.00 0.00 0.00 6.72 2.56 0.00 0.00 0.00 4.38 1.68 1.83 4.16 2.92 6.06 4.96 5.55 9.13 9.42 10.22 10.07 9.78 9.56 9.56 7.52 6.50 6.50 6.72 6.72 6.86 6.28 6.42 5.26 5.77 5.99 4.60 4.60 4.09 3.72 3.50 5.26 5.18 4.60 5.11 5.04 4.82 5.26 6.50 6.50 5.91 7.66 6.86 5.69 5.40
8.10 8.10 4.96 1.10 3.29 3.50 5.77 5.69 5.26 5.62 5.48 4.67 4.53 4.82 6.13 5.77 3.72 6.35 6.06 6.42 7.45 6.72 6.50 4.67 3.94 3.50 3.50 0.00 0.00 0.00 2.77 0.00 0.00 0.00 0.00 0.00 0.88 0.00 0.00 4.23 4.16 6.28 6.42 10.15 9.64 9.78 9.56 10.73 11.46 9.56 9.86 9.86 8.40 8.54 7.59 8.47 7.08 7.15 5.62 6.86 6.86 6.57 6.72 7.30 5.26 4.23 4.96 4.02 5.69 6.13 5.99 5.26 5.26 5.91 6.20 6.86 6.86 8.69 8.32 8.76 8.76 8.91
3.36 3.36 1.31 1.83 2.12 2.85 6.20 5.26 5.84 6.72 5.62 6.06 7.37 5.11 6.13 5.48 5.26 5.99 8.03 7.52 5.69 6.94 6.28 4.38 3.80 3.50 3.50 3.72 2.99 2.56 2.41 0.00 0.00 0.00 1.46 1.46 0.00 2.26 2.12 3.65 4.16 8.91 9.78 9.93 8.83 10.80 11.46 11.39 11.97 11.53 10.73 10.73 9.13 9.13 8.69 10.00 8.25 8.98 8.98 7.74 8.91 9.05 7.88 7.23 5.48 5.40 5.62 6.28 5.91 6.79 6.79 7.08 6.13 7.66 9.05 8.61 8.61 10.15 9.71 9.49 9.64 8.25
3.72 3.72 3.50 4.23 3.72 4.60 5.91 6.50 6.13 6.57 7.59 8.10 10.15 7.52 5.77 7.66 6.86 6.28 6.20 6.72 7.88 7.59 5.84 6.94 5.48 3.50 3.50 2.99 2.99 2.92 2.04 0.00 2.04 1.61 1.17 1.90 2.04 1.75 6.28 6.72 10.22 10.73 10.88 9.42 8.47 10.73 11.97 12.85 11.32 11.10 10.95 10.95 8.76 8.83 8.83 9.64 8.32 8.10 8.47 8.03 9.93 8.25 8.54 7.96 6.86 5.48 5.55 6.64 6.35 6.86 6.72 6.94 7.74 7.66 8.69 9.93 9.93 9.64 10.44 10.73 11.24 9.93
3.72 3.72 3.50 4.23 3.72 4.60 5.91 6.50 6.13 6.57 7.59 8.10 10.15 7.52 5.77 7.66 6.86 6.28 6.20 6.72 7.88 7.59 5.84 6.94 5.48 3.50 3.50 2.99 2.99 2.92 2.04 0.00 2.04 1.61 1.17 1.90 2.04 1.75 6.28 6.72 10.22 10.73 10.88 9.42 8.47 10.73 11.97 12.85 11.32 11.10 10.95 10.95 8.76 8.83 8.83 9.64 8.32 8.10 8.47 8.03 9.93 8.25 8.54 7.96 6.86 5.48 5.55 6.64 6.35 6.86 6.72 6.94 7.74 7.66 8.69 9.93 9.93 9.64 10.44 10.73 11.24 9.93
4.31 4.31 5.40 5.91 7.15 6.94 5.62 6.35 5.91 8.32 9.42 9.64 10.73 7.15 7.08 7.88 4.53 4.53 4.38 6.57 6.20 5.18 5.99 5.84 3.72 1.90 1.90 0.00 2.19 2.04 3.36 2.19 2.77 1.68 4.45 3.58 2.77 8.03 9.42 11.02 10.73 10.51 8.18 8.98 8.83 9.56 8.47 7.81 9.34 7.37 7.81 7.81 7.74 7.52 8.40 8.18 8.32 7.23 7.45 7.23 8.91 7.66 7.01 6.42 6.79 6.86 7.15 7.23 5.69 6.28 6.57 6.42 7.08 6.86 6.64 9.42 9.42 9.78 9.78 9.42 9.56 7.81
5.69 5.69 5.48 5.48 6.79 5.40 5.18 5.04 5.18 8.40 7.52 9.78 9.93 10.80 9.34 6.28 4.16 3.21 3.29 3.29 3.07 4.53 4.74 3.87 5.04 0.00 0.00 0.00 3.80 4.96 4.23 4.09 4.96 5.62 5.62 6.13 4.60 5.62 10.37 11.39 10.51 10.29 9.20 7.74 6.28 5.84 5.99 6.72 7.01 7.30 6.35 6.35 6.42 6.20 8.10 8.18 7.37 7.81 6.86 7.52 7.88 6.57 7.30 7.59 7.01 7.01 7.52 5.99 5.91 6.94 6.86 5.99 5.91 6.79 8.03 7.88 7.88 8.10 8.69 8.40 9.20 7.45
5.48 5.48 5.62 3.58 2.99 4.60 4.31 4.31 4.60 5.33 6.28 7.59 8.03 10.37 8.98 7.30 4.23 2.85 2.70 3.80 3.50 4.02 6.42 3.14 3.87 0.00 0.00 0.00 3.80 4.45 5.62 5.77 5.04 6.28 6.28 6.64 6.20 6.35 7.15 9.49 8.98 10.07 8.83 7.01 6.42 6.13 7.01 6.86 6.94 7.01 4.60 4.60 6.20 5.77 7.01 8.03 7.30 7.37 7.30 7.08 9.34 8.47 8.54 7.96 7.74 8.25 8.25 8.98 7.59 7.45 8.32 7.59 9.78 7.66 9.42 7.88 7.88 8.47 7.81 8.47 7.15 7.59
3.87 3.87 3.72 3.80 1.75 0.66 1.46 4.16 6.13 7.45 6.64 6.13 6.64 5.62 6.35 3.65 3.58 3.29 2.63 4.38 5.77 5.55 5.62 0.00 0.00 3.36 3.36 3.14 4.82 4.16 4.16 5.11 4.31 3.14 5.55 4.23 4.45 3.07 4.31 6.06 4.38 5.48 5.26 5.11 5.77 4.45 4.96 4.89 0.00 3.36 0.00 0.00 5.62 5.84 8.54 8.32 8.18 7.52 8.25 9.64 9.93 7.23 7.74 7.74 8.32 9.20 9.20 9.13 9.78 8.91 9.34 7.96 10.00 10.15 10.07 8.47 8.47 7.74 7.88 8.18 8.54 8.98
2.48 2.48 2.48 1.90 0.00 0.00 0.00 2.19 1.90 6.57 4.16 1.24 0.22 2.34 4.31 4.89 4.82 4.02 5.40 5.33 4.16 2.34 3.36 0.00 0.00 4.16 4.16 4.16 2.70 2.56 0.80 1.61 1.17 2.41 3.72 3.50 5.04 2.92 2.19 0.00 0.00 4.09 4.38 0.00 0.00 0.00 3.87 0.00 0.00 0.00 3.36 3.36 0.00 4.23 5.99 6.50 6.28 7.66 7.08 5.48 6.50 6.79 5.77 7.59 7.74 7.15 8.54 8.40 8.18 8.76 9.56 9.71 9.71 9.86 9.42 8.54 8.54 8.18 8.76 8.47 8.47 9.78
2.48 2.48 2.48 1.90 0.00 0.00 0.00 2.19 1.90 6.57 4.16 1.24 0.22 2.34 4.31 4.89 4.82 4.02 5.40 5.33 4.16 2.34 3.36 0.00 0.00 4.16 4.16 4.16 2.70 2.56 0.80 1.61 1.17 2.41 3.72 3.50 5.04 2.92 2.19 0.00 0.00 4.09 4.38 0.00 0.00 0.00 3.87 0.00 0.00 0.00 3.36 3.36 0.00 4.23 5.99 6.50 6.28 7.66 7.08 5.48 6.50 6.79 5.77 7.59 7.74 7.15 8.54 8.40 8.18 8.76 9.56 9.71 9.71 9.86 9.42 8.54 8.54 8.18 8.76 8.47 8.47 9.78
2.04 2.04 2.12 2.04 0.29 0.00 0.00 0.58 0.51 1.17 0.07 0.58 2.19 4.31 6.13 6.79 6.28 6.42 5.18 5.26 3.87 0.00 0.00 0.00 0.00 3.94 3.94 3.14 2.85 1.46 0.66 0.00 0.00 0.00 0.00 2.56 4.09 0.00 0.00 0.00 0.00 0.00 0.00 0.00 0.00 0.00 0.00 0.00 0.00 0.00 0.00 0.00 0.00 0.00 4.67 5.48 0.00 5.18 5.55 0.00 6.13 5.55 5.77 6.35 7.08 7.01 7.96 7.59 8.47 8.40 9.20 10.15 10.29 10.44 9.93 11.75 11.75 11.10 11.53 8.91 8.61 8.40
2.99 2.99 2.34 1.17 0.80 0.00 0.00 0.07 0.00 0.00 0.00 0.00 0.66 3.43 4.60 4.31 5.40 7.08 5.18 0.00 0.00 0.00 0.00 4.82 4.16 3.50 3.50 3.58 1.10 1.53 1.10 0.00 0.00 0.00 0.00 0.00 0.00 0.00 0.00 0.00 0.00 0.00 0.00 0.00 0.00 0.00 0.00 0.00 0.00 0.00 0.00 0.00 0.00 0.00 0.00 0.00 0.00 0.00 0.00 0.00 0.00 4.74 4.16 4.38 5.48 7.30 7.01 7.52 8.32 8.25 8.47 7.37 10.88 11.39 11.32 11.90 11.90 10.66 7.08 8.10 5.26 6.13
3.21 3.21 1.90 0.00 0.00 0.00 0.00 0.00 0.00 0.00 0.00 0.00 0.00 2.04 3.65 2.92 5.26 5.91 0.00 0.00 0.00 0.00 0.00 0.00 0.00 3.65 3.65 1.75 1.83 1.46 1.24 0.00 0.00 0.00 0.00 0.00 0.00 0.00 0.00 0.00 0.00 0.00 0.00 0.00 0.00 0.00 0.00 0.00 0.00 0.00 0.00 0.00 0.00 0.00 0.00 0.00 3.65 0.00 0.00 0.00 0.00 4.38 3.87 3.43 3.72 6.13 5.04 3.43 3.50 5.99 5.91 7.23 6.79 9.49 10.44 11.02 11.02 9.49 5.99 3.94 3.87 4.60
0.00 0.00 0.00 0.00 0.00 0.00 0.00 0.00 0.00 0.00 0.00 0.00 0.00 2.34 2.77 0.00 0.00 0.00 0.00 0.00 0.00 0.00 0.00 0.00 0.00 0.00 0.00 0.00 0.00 2.12 0.00 0.00 0.00 0.00 0.00 0.00 0.00 0.00 0.00 0.00 0.00 0.00 0.00 0.00 0.00 0.00 0.00 4.67 0.00 0.00 0.00 0.00 0.00 0.00 0.00 0.00 0.00 0.00 0.00 0.00 0.00 0.00 3.72 2.56 3.21 3.43 3.58 2.70 3.94 3.58 5.33 6.13 7.88 6.64 8.25 6.42 6.42 5.77 6.42 4.09 4.96 4.38
0.00 0.00 0.00 0.00 0.00 0.00 0.00 0.00 0.00 0.00 0.00 0.00 0.00 0.00 0.00 0.00 0.00 0.00 0.00 0.00 0.00 0.00 0.00 0.00 0.00 0.00 0.00 0.00 0.00 1.97 0.58 0.00 1.68 0.00 0.00 0.00 0.00 0.00 0.00 0.00 0.00 0.00 0.00 0.00 0.00 0.00 0.00 0.00 0.00 0.00 0.00 0.00 2.99 2.77 0.00 0.00 0.00 0.00 0.00 0.00 0.00 0.66 0.44 2.92 2.63 3.36 3.21 2.77 5.04 5.84 5.62 5.33 6.20 6.28 6.20 5.48 5.48 6.13 7.30 5.55 4.89 5.18
0.00 0.00 0.00 0.00 0.00 0.00 0.00 0.00 0.00 0.00 0.00 0.00 0.00 0.00 0.00 0.00 0.00 0.00 0.00 0.00 0.00 0.00 0.00 0.00 0.00 0.00 0.00 0.00 0.00 1.10 0.00 0.00 0.00 0.00 0.00 0.00 0.00 0.00 0.00 0.00 0.00 0.00 0.00 0.00 0.00 0.00 0.00 0.00 0.00 0.00 0.00 0.00 0.00 0.00 0.00 0.00 0.00 0.00 0.00 0.00 0.00 0.00 0.00 1.02 0.80 3.58 6.42 5.77 5.55 6.72 7.37 7.01 5.11 4.67 5.77 7.59 7.59 7.15 8.76 9.56 9.56 9.64
0.00 0.00 0.00 0.00 0.00 0.00 0.00 0.00 0.00 0.00 0.00 0.00 0.00 0.00 0.00 0.00 0.00 0.00 0.00 0.00 0.00 0.00 0.00 0.00 0.00 0.00 0.00 0.00 0.00 1.10 0.00 0.00 0.00 0.00 0.00 0.00 0.00 0.00 0.00 0.00 0.00 0.00 0.00 0.00 0.00 0.00 0.00 0.00 0.00 0.00 0.00 0.00 0.00 0.00 0.00 0.00 0.00 0.00 0.00 0.00 0.00 0.00 0.00 1.02 0.80 3.58 6.42 5.77 5.55 6.72 7.37 7.01 5.11 4.67 5.77 7.59 7.59 7.15 8.76 9.56 9.56 9.64
0.00 0.00 0.00 0.00 0.00 0.00 0.00 0.00 0.00 0.00 0.00 0.00 0.00 0.00 0.00 0.00 0.00 0.00 0.00 0.00 0.00 0.00 0.00 0.00 0.00 0.00 0.00 0.00 0.00 0.00 0.00 0.00 0.00 0.00 0.00 0.00 0.00 0.00 0.00 0.00 0.00 0.00 0.00 0.00 0.00 0.00 0.00 0.00 0.00 2.04 1.97 1.97 2.26 2.92 0.15 0.00 0.00 0.00 0.00 0.00 0.00 0.00 0.00 2.70 4.09 3.14 6.94 8.98 7.81 7.88 7.88 7.88 8.10 7.88 7.66 9.56 9.56 10.66 10.66 11.32 12.26 11.97
