Wansh/Snow_depth/snowdepth-1997/winter/1998002.txt
ncols 321
nrows 161
xllcenter 60
yllcenter 15 
cellsize  0.25 
NODATA_value -1
[rows 0 to 36 of 161, columns 164 to 245 of 321]
7.59 7.66 7.74 5.48 4.89 5.33 4.60 4.82 4.45 4.60 4.31 5.91 6.72 6.72 6.86 6.13 6.42 6.42 6.28 6.28 6.72 9.34 8.69 9.56 9.56 7.37 8.25 7.52 10.59 7.59 9.71 0.00 0.00 0.00 0.00 0.00 12.41 9.34 13.87 13.87 12.48 12.63 13.65 12.26 12.63 9.78 10.44 10.88 15.04 13.80 17.89 17.23 17.52 15.11 12.99 13.58 12.26 14.16 14.67 14.38 16.79 16.21 16.21 15.91 15.91 15.18 16.35 15.62 18.40 19.49 19.78 15.84 19.35 18.91 18.91 18.91 14.53 14.24 15.77 16.13 14.75 14.75
7.59 8.54 8.91 9.13 5.62 7.01 7.45 5.04 3.87 4.09 5.33 5.26 5.26 5.26 6.06 5.91 6.57 4.53 4.96 6.28 6.13 7.52 8.25 8.47 7.08 8.03 7.45 10.00 9.71 7.52 0.00 0.00 0.00 0.00 0.00 8.10 4.09 10.51 9.20 9.20 10.15 10.15 14.24 12.85 11.83 10.44 9.86 11.97 12.34 15.40 15.62 17.52 15.26 16.43 16.21 17.08 15.40 16.21 14.45 14.24 15.48 15.84 16.79 15.33 15.33 15.33 17.45 16.43 18.98 20.51 15.62 20.08 15.55 16.06 15.99 14.67 15.18 14.75 15.18 15.99 17.74 15.33
10.29 10.00 9.93 10.00 10.51 8.10 7.08 7.96 4.31 5.04 4.67 5.33 5.99 5.99 5.99 5.33 6.20 4.38 5.55 5.18 7.23 7.81 8.47 7.15 7.59 7.37 9.78 9.20 7.52 10.07 0.00 0.00 0.00 0.00 1.10 1.68 9.27 8.03 8.91 8.91 9.20 8.54 13.80 13.14 14.09 10.80 11.39 10.95 12.92 14.31 14.53 13.21 13.72 16.06 16.06 17.67 15.26 16.13 14.60 15.55 14.97 14.75 15.91 15.99 15.99 17.16 16.86 17.96 18.98 20.15 19.49 17.67 16.35 17.08 15.70 14.82 14.16 14.31 15.04 15.40 15.70 16.57
10.29 10.00 9.93 10.00 10.51 8.10 7.08 7.96 4.31 5.04 4.67 5.33 5.99 5.99 5.99 5.33 6.20 4.38 5.55 5.18 7.23 7.81 8.47 7.15 7.59 7.37 9.78 9.20 7.52 10.07 0.00 0.00 0.00 0.00 1.10 1.68 9.27 8.03 8.91 8.91 9.20 8.54 13.80 13.14 14.09 10.80 11.39 10.95 12.92 14.31 14.53 13.21 13.72 16.06 16.06 17.67 15.26 16.13 14.60 15.55 14.97 14.75 15.91 15.99 15.99 17.16 16.86 17.96 18.98 20.15 19.49 17.67 16.35 17.08 15.70 14.82 14.16 14.31 15.04 15.40 15.70 16.57
10.59 11.17 11.39 10.15 10.51 10.66 8.10 5.04 5.62 4.23 6.57 6.20 6.35 6.35 5.99 5.99 6.94 6.94 5.84 5.69 5.91 4.96 5.77 6.94 7.66 7.37 8.40 0.00 3.29 0.00 0.00 0.00 0.00 0.00 0.44 6.72 5.18 5.62 8.83 8.83 7.88 11.39 9.93 10.73 8.98 8.69 8.69 7.88 8.69 8.47 10.95 13.29 12.41 16.21 17.37 18.18 18.69 15.70 14.75 14.60 15.11 15.04 15.77 16.79 16.79 19.49 18.61 19.42 21.02 20.51 19.56 18.61 15.91 15.70 14.53 12.92 13.87 10.88 8.40 8.61 11.39 8.47
9.34 12.12 12.26 12.12 10.73 10.00 10.73 5.77 4.38 4.31 5.84 7.01 6.42 6.42 8.32 7.45 7.52 6.20 6.86 5.77 4.74 4.82 5.48 5.91 6.72 0.73 7.59 0.00 0.00 0.00 0.00 0.00 0.00 2.12 6.64 5.55 5.91 5.84 6.94 6.94 10.88 10.29 10.51 7.45 7.45 7.37 7.15 7.15 7.66 8.61 9.86 9.56 14.53 18.47 17.67 19.93 20.00 17.23 14.82 14.67 13.87 13.07 15.55 14.75 14.75 19.42 19.56 22.34 20.81 18.61 15.77 16.50 15.04 14.82 12.85 12.26 9.49 10.07 8.32 9.64 8.61 10.15
8.03 8.10 10.00 10.59 10.00 10.44 7.74 8.47 4.74 5.91 5.33 7.74 7.74 7.74 7.52 7.30 6.13 7.15 6.42 6.72 5.91 4.74 5.33 4.89 0.00 0.73 0.00 0.00 0.00 0.00 0.00 0.00 2.70 0.00 6.50 8.03 7.74 10.37 11.90 11.90 12.12 8.76 5.48 5.84 4.74 5.26 5.33 6.06 7.96 7.23 9.64 12.12 13.87 17.23 18.40 20.00 17.96 18.54 14.16 12.70 12.41 11.83 12.92 13.07 13.07 20.95 18.25 23.00 22.05 16.94 15.84 17.16 16.43 14.75 15.26 12.99 11.02 11.53 10.07 10.44 9.05 9.20
8.03 8.10 10.00 10.59 10.00 10.44 7.74 8.47 4.74 5.91 5.33 7.74 7.74 7.74 7.52 7.30 6.13 7.15 6.42 6.72 5.91 4.74 5.33 4.89 0.00 0.73 0.00 0.00 0.00 0.00 0.00 0.00 2.70 0.00 6.50 8.03 7.74 10.37 11.90 11.90 12.12 8.76 5.48 5.84 4.74 5.26 5.33 6.06 7.96 7.23 9.64 12.12 13.87 17.23 18.40 20.00 17.96 18.54 14.16 12.70 12.41 11.83 12.92 13.07 13.07 20.95 18.25 23.00 22.05 16.94 15.84 17.16 16.43 14.75 15.26 12.99 11.02 11.53 10.07 12.07 12.49 13.23
7.59 7.15 7.15 9.13 8.91 9.05 8.10 6.57 7.01 6.13 7.52 7.08 7.45 7.45 6.72 6.94 6.35 6.06 6.13 6.86 6.79 5.91 0.00 0.00 0.00 0.00 0.00 0.00 0.00 0.00 0.00 5.84 2.48 7.45 9.20 8.18 11.17 10.59 12.85 12.85 9.56 10.66 6.06 3.94 3.50 4.38 5.26 6.79 7.23 7.01 9.20 12.63 11.97 13.87 12.34 11.83 14.02 12.99 10.07 9.49 10.80 11.17 14.09 13.43 13.43 18.47 19.35 20.00 19.13 19.27 18.10 16.43 15.84 14.82 16.21 14.45 15.11 12.19 14.51 16.94 18.19 17.59
10.80 6.35 6.79 6.79 8.03 7.37 7.23 6.94 6.79 7.08 6.57 6.72 6.79 6.79 5.84 5.91 6.94 6.28 3.87 5.55 0.58 0.00 0.00 0.00 0.00 0.00 0.00 0.00 0.00 3.65 0.88 6.86 7.52 7.01 8.32 9.64 9.64 9.64 8.47 8.47 9.42 5.99 2.85 3.58 3.58 4.31 5.91 5.40 7.01 6.42 8.10 7.52 11.24 10.88 8.32 10.37 8.25 8.76 6.20 5.33 9.34 8.47 9.27 12.78 12.78 16.28 19.35 19.71 18.76 17.96 18.61 14.53 14.45 15.48 16.06 14.89 14.20 19.61 17.93 15.03 17.46 20.37
7.23 7.74 7.59 8.61 8.91 7.30 7.23 7.88 7.08 7.01 7.23 6.20 5.55 5.55 5.69 4.89 1.68 5.69 1.68 0.00 0.00 0.00 0.00 0.00 0.00 0.00 0.00 3.43 6.86 5.48 7.01 6.64 6.57 6.86 5.99 8.03 7.30 5.18 7.45 7.45 5.48 5.26 4.38 5.40 5.84 4.96 4.96 5.48 5.33 5.04 6.57 5.40 7.08 7.52 7.30 5.99 4.89 6.20 4.82 4.45 4.45 5.33 6.20 13.94 13.94 14.45 17.23 18.61 15.04 14.82 14.24 14.16 14.38 14.97 15.70 14.67 13.78 14.01 12.57 15.72 18.40 18.69
7.23 7.74 7.59 8.61 8.91 7.30 7.23 7.88 7.08 7.01 7.23 6.20 5.55 5.55 5.69 4.89 1.68 5.69 1.68 0.00 0.00 0.00 0.00 0.00 0.00 0.00 0.00 3.43 6.86 5.48 7.01 6.64 6.57 6.86 5.99 8.03 7.30 5.18 7.45 7.45 5.48 5.26 4.38 5.40 5.84 4.96 4.96 5.48 5.33 5.04 6.57 5.40 7.08 7.52 7.30 5.99 4.89 6.20 4.82 4.45 4.45 5.33 6.20 13.94 13.94 14.45 17.23 18.61 15.04 14.82 14.24 14.16 14.38 14.97 15.70 14.67 13.43 13.80 12.19 14.60 16.40 17.30
9.93 11.75 11.53 10.66 9.71 10.22 7.96 7.59 7.23 7.37 5.77 6.79 1.02 1.02 0.37 1.39 0.00 0.00 0.00 0.00 0.00 0.00 0.00 4.31 2.41 5.33 4.67 4.89 5.69 5.77 6.06 5.26 5.91 5.99 5.40 4.89 5.04 4.53 4.31 4.31 4.16 5.62 5.40 5.91 5.84 5.18 3.94 2.70 2.63 2.85 3.80 3.50 5.33 4.45 4.89 4.67 4.09 4.60 4.45 4.38 4.09 4.67 8.91 11.97 11.97 14.53 15.70 17.01 16.57 14.75 14.38 15.91 16.06 15.99 15.99 15.26 16.43 13.87 13.48 14.31 18.85 16.29
5.48 9.93 8.47 7.74 8.76 6.20 6.64 6.50 6.64 6.94 6.94 0.00 2.48 2.48 0.00 0.00 0.00 0.00 0.00 0.00 0.00 3.72 0.00 4.74 3.80 4.16 3.07 3.65 4.74 4.74 4.96 4.82 5.91 4.60 4.74 4.53 3.94 5.26 4.53 4.53 5.55 5.99 5.91 6.20 4.89 3.50 3.80 2.77 2.92 2.92 2.92 2.70 3.43 4.09 2.99 2.77 2.85 2.70 2.99 3.14 4.23 5.99 8.18 10.44 10.44 13.65 14.16 13.43 15.91 15.84 15.70 16.28 16.50 16.94 18.25 17.37 17.67 17.32 18.94 17.34 16.97 20.18
6.35 4.82 5.91 6.20 6.06 5.91 8.10 7.74 7.96 9.20 10.00 9.05 0.00 0.00 0.00 0.00 3.14 0.00 0.00 0.44 3.94 2.34 3.21 2.85 4.02 2.26 2.34 3.43 4.96 5.91 5.62 6.86 5.99 6.20 5.55 5.77 5.55 5.04 5.62 5.62 5.77 5.77 5.84 4.96 5.26 4.53 3.07 2.48 3.07 2.99 2.92 3.07 2.70 2.70 2.26 2.19 1.68 2.04 2.99 7.08 6.06 7.59 9.49 12.48 12.48 11.53 14.16 15.40 15.33 15.99 14.09 17.37 19.78 18.98 20.37 18.32 17.27 19.84 21.01 19.80 20.93 21.95
6.72 6.06 6.42 6.72 6.79 6.72 8.40 9.05 8.47 10.66 10.00 10.44 9.05 9.05 6.42 7.52 7.23 7.01 4.67 5.26 3.21 1.53 1.75 2.19 3.14 2.85 3.94 4.96 4.60 5.84 5.62 6.72 6.50 6.28 6.28 6.06 5.84 6.35 5.62 5.62 6.13 5.55 4.38 4.67 3.80 3.87 3.87 3.72 3.72 2.04 2.77 1.68 2.12 2.77 2.99 1.97 1.75 2.56 3.94 3.21 4.96 5.69 8.69 10.66 10.66 8.91 13.51 15.11 14.24 11.61 12.85 14.89 18.54 18.25 19.27 19.72 20.21 19.47 23.34 18.60 21.37 20.83
6.72 6.06 6.42 6.72 6.79 6.72 8.40 9.05 8.47 10.66 10.00 10.44 9.05 9.05 6.42 7.52 7.23 7.01 4.67 5.26 3.21 1.53 1.75 2.19 3.14 2.85 3.94 4.96 4.60 5.84 5.62 6.72 6.50 6.28 6.28 6.06 5.84 6.35 5.62 5.62 6.13 5.55 4.38 4.67 3.80 3.87 3.87 3.72 3.72 2.04 2.77 1.68 2.12 2.77 2.99 1.97 1.75 2.56 3.94 3.21 4.96 5.69 8.69 10.66 10.66 8.91 13.51 15.11 14.24 11.61 12.85 14.89 18.54 18.25 19.27 24.21 18.94 21.16 20.96 23.01 21.69 23.03
5.99 5.33 3.29 5.48 6.06 4.82 5.33 6.28 6.50 5.77 7.88 7.45 6.42 6.42 6.50 6.28 6.28 7.08 3.72 2.48 2.77 1.39 2.04 1.68 3.50 4.09 3.94 4.45 5.91 5.62 5.33 6.42 7.08 7.01 8.10 8.18 7.81 6.86 7.15 7.15 6.13 6.28 5.26 5.62 4.96 5.62 5.48 4.53 1.90 1.83 1.53 1.31 1.17 2.04 2.56 1.39 1.02 1.39 1.53 3.14 4.82 4.23 6.57 5.26 5.26 8.76 7.96 8.69 8.32 9.13 10.66 8.25 11.68 16.86 18.68 18.89 21.54 21.03 24.16 28.72 28.15 23.52
2.70 3.58 1.83 1.83 4.09 3.36 2.19 2.41 4.09 3.29 4.53 4.45 5.26 5.26 5.91 5.69 5.91 4.96 4.45 3.29 2.41 2.56 2.56 3.14 3.65 3.36 4.82 4.45 5.48 6.06 5.91 5.77 6.86 7.52 7.45 8.40 8.25 9.05 7.88 7.88 8.69 8.03 7.15 7.23 6.35 5.62 4.60 2.56 3.29 2.77 2.41 1.10 1.68 1.68 0.80 0.00 0.15 1.17 0.95 1.10 0.73 2.26 3.87 3.29 3.29 4.96 5.62 5.69 4.60 5.48 6.86 6.20 9.93 13.06 15.26 18.95 19.92 19.10 24.39 24.46 23.03 24.69
1.83 1.61 1.02 0.80 1.10 1.83 1.68 2.77 3.94 3.72 4.31 4.96 4.82 4.82 5.91 5.69 5.77 5.04 3.94 4.09 3.29 3.36 3.21 3.87 3.72 4.82 4.45 5.77 5.77 5.69 6.42 7.08 8.83 8.40 10.73 11.61 11.17 10.88 9.34 9.34 8.40 8.69 8.25 7.74 6.13 4.89 5.84 2.92 2.12 1.75 1.10 1.17 1.68 1.61 0.73 0.73 0.37 0.00 0.00 0.00 0.00 1.83 2.63 2.48 2.48 4.02 3.94 3.87 4.67 5.84 7.88 10.51 12.78 11.97 14.02 19.56 21.83 20.29 20.44 26.57 26.81 28.33
0.73 0.44 0.37 0.37 0.80 0.80 1.31 2.56 2.56 4.16 3.72 4.67 4.74 4.74 4.16 5.48 5.04 5.33 3.87 3.21 3.65 2.56 4.09 5.26 4.67 4.96 5.91 5.77 5.84 6.64 6.50 6.86 7.96 10.88 10.44 12.56 11.39 12.05 10.37 10.37 11.83 8.83 7.15 5.40 5.91 5.26 2.85 1.90 1.90 2.04 0.80 0.73 1.83 2.04 0.29 0.66 0.22 0.00 0.00 0.00 0.00 1.46 1.10 2.19 2.19 1.75 3.29 2.92 3.21 3.29 7.08 11.24 13.51 14.75 18.40 17.45 23.00 23.65 24.52 26.60 31.21 26.17
0.07 0.29 0.15 0.15 0.00 0.88 1.75 2.26 1.83 3.36 2.63 3.43 2.99 2.99 4.45 4.02 4.67 4.67 4.60 3.65 2.12 4.02 3.65 5.84 6.72 6.79 6.50 7.52 7.37 6.13 8.54 8.76 10.00 9.34 12.19 12.78 10.95 11.97 11.90 11.90 9.42 10.07 6.86 4.89 3.07 2.48 2.56 2.12 2.04 1.46 1.31 1.39 1.90 1.10 0.58 0.00 0.22 0.00 0.00 0.00 0.00 2.92 3.21 1.90 1.90 1.90 1.61 2.04 3.80 0.00 6.42 10.15 9.05 11.68 12.41 15.26 20.08 16.43 19.92 16.56 23.90 19.86
0.07 0.29 0.15 0.15 0.00 0.88 1.75 2.26 1.83 3.36 2.63 3.43 2.99 2.99 4.45 4.02 4.67 4.67 4.60 3.65 2.12 4.02 3.65 5.84 6.72 6.79 6.50 7.52 7.37 6.13 8.54 8.76 10.00 9.34 12.19 12.78 10.95 11.97 11.90 11.90 9.42 10.07 6.86 4.89 3.07 2.48 2.56 2.12 2.04 1.46 1.31 1.39 1.90 1.10 0.58 0.00 0.22 0.00 0.00 0.00 0.00 2.92 3.21 1.90 1.90 1.90 1.61 2.04 3.80 0.00 6.42 10.15 9.05 11.68 12.41 15.26 20.08 16.43 19.13 16.65 18.56 17.47
0.00 0.00 0.00 0.73 0.73 0.66 2.19 2.99 2.34 2.48 1.90 1.61 2.19 2.19 3.07 3.72 3.58 3.87 4.02 3.14 2.85 4.74 7.08 6.86 7.37 7.30 7.81 7.59 8.03 7.96 7.88 9.27 10.07 11.32 11.10 11.17 10.07 6.28 6.28 6.28 6.06 5.55 4.82 4.38 4.45 3.50 2.85 2.26 2.04 1.53 1.24 0.51 0.44 0.00 0.66 0.37 0.51 0.00 0.00 0.00 2.48 0.80 0.80 0.22 0.22 0.00 0.00 0.00 0.00 5.91 2.85 4.53 4.31 6.13 4.16 3.94 13.51 6.79 13.29 15.19 17.75 22.01
0.51 0.00 0.73 0.73 0.29 2.34 2.04 2.77 2.92 1.68 1.97 1.17 2.26 2.26 2.04 3.07 3.29 3.14 3.80 3.43 3.43 3.29 5.18 6.50 6.94 8.03 8.32 8.98 8.98 8.61 9.56 11.17 10.66 10.51 8.32 6.13 5.04 5.48 5.11 5.11 4.67 5.62 5.48 4.89 4.16 4.16 3.65 2.12 1.39 1.24 0.44 0.00 0.00 0.80 0.00 0.00 0.00 0.00 0.00 0.80 0.66 0.15 0.00 0.00 0.00 0.00 0.00 0.00 0.00 0.00 0.00 0.00 0.00 3.14 2.19 5.40 5.33 6.64 17.30 18.50 18.96 17.34
0.88 0.00 0.00 0.66 0.37 1.31 1.90 1.75 2.41 1.61 1.39 1.31 2.19 2.19 2.63 2.63 2.92 2.63 2.70 2.63 3.58 4.16 4.02 4.82 6.64 7.30 7.23 9.05 9.56 8.32 8.47 9.64 10.29 8.47 8.91 7.08 4.89 5.69 4.89 4.89 5.33 5.77 6.57 6.35 6.35 4.74 3.58 0.00 1.10 0.00 0.58 0.00 1.17 0.00 0.00 0.00 0.00 1.97 1.02 0.58 0.00 0.00 0.00 0.00 0.00 0.00 0.00 0.00 0.00 0.00 0.00 0.00 0.00 3.36 8.32 9.13 18.97 19.32 17.86 17.25 14.88 14.94
0.29 0.22 0.88 1.68 1.61 1.90 1.17 1.68 1.31 1.39 0.95 0.95 0.80 0.80 2.48 2.92 2.41 2.56 2.48 2.92 2.70 3.21 4.38 6.06 5.69 7.15 8.32 8.69 8.69 7.66 8.54 8.10 9.71 8.54 6.50 6.28 5.40 6.13 6.28 6.28 5.11 4.82 5.40 6.42 6.20 5.55 3.36 0.00 0.00 0.00 0.00 0.00 0.00 0.00 0.00 0.73 0.00 0.00 0.00 0.73 1.31 0.00 0.00 0.00 0.00 0.00 0.00 0.00 0.00 0.00 0.00 0.00 0.00 2.26 7.30 10.80 17.38 18.10 20.31 17.48 15.77 8.41
1.46 2.26 1.83 3.14 2.19 0.00 1.83 0.00 0.00 0.29 0.00 0.80 1.17 1.17 1.31 2.41 0.00 0.00 0.00 0.00 0.00 0.00 0.00 0.00 2.26 2.85 5.48 3.87 3.36 3.36 3.21 5.26 8.25 7.01 7.01 5.40 5.04 5.18 4.31 4.31 3.72 4.31 4.53 2.85 3.29 2.26 0.00 0.00 0.00 0.00 0.00 0.00 0.00 0.00 0.00 0.00 0.00 0.00 0.00 0.00 0.00 0.00 0.00 0.00 0.00 0.00 0.00 0.00 0.00 0.00 0.00 0.00 0.00 0.00 5.91 9.97 14.69 18.94 20.36 22.42 11.12 6.45
1.46 2.26 1.83 3.14 2.19 0.00 1.83 0.00 0.00 0.29 0.00 0.80 1.17 1.17 1.31 2.41 0.00 0.00 0.00 0.00 0.00 0.00 0.00 0.00 2.26 2.85 5.48 3.87 3.36 3.36 3.21 5.26 8.25 7.01 7.01 5.40 5.04 5.18 4.31 4.31 3.72 4.31 4.53 2.85 3.29 2.26 0.00 0.00 0.00 0.00 0.00 0.00 0.00 0.00 0.00 0.00 0.00 0.00 0.00 0.00 0.00 0.00 0.00 0.00 0.00 0.00 0.00 0.00 0.00 0.00 0.00 0.00 0.00 0.00 5.95 9.86 13.28 21.11 21.72 26.16 12.91 6.24
3.58 2.92 2.04 0.00 0.00 0.00 0.00 0.00 0.00 0.00 0.29 0.07 0.80 0.80 1.10 0.00 0.00 0.00 0.00 0.00 0.00 0.00 0.00 0.00 0.00 0.00 0.00 0.00 0.00 2.19 4.16 3.43 6.42 7.23 4.38 4.16 4.45 5.55 4.60 4.60 3.29 0.00 2.34 2.41 0.80 0.44 0.44 0.07 0.00 0.00 0.00 0.00 0.95 0.95 0.00 0.00 0.00 0.00 0.00 0.00 0.00 0.00 0.00 0.00 0.00 0.00 0.00 0.00 0.00 0.00 0.00 0.00 2.57 9.59 17.62 10.91 16.79 21.60 16.73 21.65 12.70 5.50
4.89 4.74 1.31 0.00 0.00 0.00 0.00 0.00 0.00 0.00 0.00 0.15 0.00 0.00 0.37 0.00 0.00 0.00 0.00 0.00 0.00 0.00 0.00 0.00 0.00 0.00 0.00 0.00 0.00 0.00 0.00 2.48 0.00 0.00 2.70 3.14 3.94 0.00 0.00 0.00 2.41 2.56 0.00 1.39 0.66 0.44 0.00 0.29 0.00 0.29 0.51 1.39 0.95 1.10 0.00 0.00 0.00 0.00 2.48 0.00 0.00 0.00 0.00 0.00 0.00 0.00 0.00 0.00 0.00 0.00 0.00 0.00 2.56 7.52 12.63 15.73 19.98 18.50 11.98 7.12 2.29 1.28
6.64 7.66 7.66 4.82 3.65 0.00 0.00 0.00 0.00 0.00 0.00 0.00 0.22 0.22 0.15 0.00 0.00 0.00 0.00 0.00 0.00 0.00 0.00 0.00 0.00 0.00 0.00 0.00 0.00 0.00 0.00 0.00 0.00 0.00 0.00 0.00 0.00 0.00 0.00 0.00 0.00 0.66 1.24 0.51 0.00 0.00 0.00 0.00 0.00 0.07 0.00 0.00 0.00 0.00 0.00 0.00 0.00 2.41 0.00 0.00 0.00 0.00 0.00 0.00 0.00 0.00 0.00 0.00 0.00 0.00 0.00 2.19 0.95 5.04 9.56 13.45 15.81 14.07 5.59 3.53 2.13 1.89
8.83 8.47 7.74 4.60 5.18 1.46 0.00 0.37 0.00 0.00 0.00 0.00 0.00 0.00 0.00 0.00 0.00 0.00 0.00 0.00 0.00 0.00 0.00 0.00 0.00 0.00 0.00 0.00 0.00 0.00 0.00 0.73 0.00 0.00 0.00 0.00 0.00 0.00 0.00 0.00 0.66 0.73 0.29 0.00 0.00 0.00 0.00 0.00 0.00 0.00 0.00 0.00 0.00 0.00 0.00 0.00 0.00 0.00 0.00 0.66 0.00 0.00 0.00 0.00 0.00 0.00 0.00 0.00 0.00 0.00 0.37 0.95 0.73 3.07 7.01 10.99 15.43 8.25 4.38 1.69 1.89 1.68
8.61 8.54 7.30 5.40 1.75 2.77 0.00 0.00 0.00 0.00 0.00 0.00 0.00 0.00 0.00 0.00 0.00 0.00 0.00 0.00 0.00 0.00 0.00 0.00 0.00 0.00 0.00 0.00 0.00 0.00 0.00 0.00 0.00 0.00 0.00 0.00 0.00 0.00 0.00 0.00 0.00 0.00 0.15 0.15 0.15 0.00 0.00 0.00 0.00 0.00 0.00 0.00 0.00 0.00 0.00 0.00 0.00 0.00 0.00 0.00 0.00 0.00 0.00 0.00 0.00 0.00 0.00 0.00 0.00 0.00 0.00 0.15 1.24 5.11 5.77 4.60 2.35 1.24 1.35 0.87 0.18 0.56
6.20 8.10 7.96 5.04 1.10 0.00 0.44 0.00 0.00 0.00 0.00 0.00 0.00 0.00 0.00 0.00 0.00 0.00 0.00 0.00 0.00 0.00 0.00 0.00 0.00 0.00 0.00 0.00 0.00 0.00 0.00 0.00 0.00 0.00 0.00 0.00 0.00 0.00 0.00 0.00 0.37 0.00 0.00 0.07 0.15 0.00 0.00 0.00 0.00 0.00 0.00 0.00 0.00 0.00 0.00 0.00 0.00 0.00 0.00 0.00 0.00 0.00 0.00 0.00 0.00 0.00 0.00 0.00 0.00 0.00 0.00 0.00 1.24 2.56 1.10 1.17 1.49 0.45 0.15 0.16 0.00 0.00
6.20 8.10 7.96 5.04 1.10 0.00 0.44 0.00 0.00 0.00 0.00 0.00 0.00 0.00 0.00 0.00 0.00 0.00 0.00 0.00 0.00 0.00 0.00 0.00 0.00 0.00 0.00 0.00 0.00 0.00 0.00 0.00 0.00 0.00 0.00 0.00 0.00 0.00 0.00 0.00 0.37 0.00 0.00 0.07 0.15 0.00 0.00 0.00 0.00 0.00 0.00 0.00 0.00 0.00 0.00 0.00 0.00 0.00 0.00 0.00 0.00 0.00 0.00 0.00 0.00 0.00 0.00 0.00 0.00 0.00 0.00 0.00 1.24 2.56 1.10 1.17 1.47 0.44 0.15 0.16 0.00 0.00
4.02 4.67 4.02 4.82 1.46 0.00 0.00 0.00 0.00 0.00 0.00 0.00 0.00 0.00 0.00 0.00 0.00 0.00 0.00 0.00 0.00 0.00 0.00 0.00 0.00 0.00 0.00 0.00 0.00 0.00 0.00 0.00 0.00 0.00 0.00 0.00 0.00 0.00 0.00 0.00 0.00 0.00 0.00 0.15 0.00 0.00 0.00 0.00 0.00 0.00 0.00 0.00 0.00 0.00 0.00 0.00 0.00 0.00 0.00 0.00 0.00 0.00 0.00 0.00 0.00 0.00 0.00 0.00 0.00 0.00 0.00 0.00 0.15 0.22 0.00 0.00 0.00 0.00 0.00 0.00 0.00 0.00
