Wansh/Snow_depth/snowdepth-1997/winter/1998039.txt
ncols 321
nrows 161
xllcenter 60
yllcenter 15 
cellsize  0.25 
NODATA_value -1
[rows 0 to 35 of 161, columns 83 to 165 of 321]
22.41 21.39 21.53 21.75 20.22 17.16 13.51 13.65 14.60 15.77 17.45 18.91 20.51 20.88 21.17 18.10 17.74 20.15 18.61 18.61 17.89 18.91 17.23 17.45 11.46 7.81 9.42 4.89 4.45 4.31 5.84 9.20 9.34 7.74 7.74 4.53 6.72 6.64 6.64 5.84 5.84 8.98 8.76 8.18 8.18 5.77 6.50 5.33 5.33 5.33 6.13 9.34 10.22 9.05 9.34 9.05 8.91 9.27 7.15 7.23 6.86 4.23 4.53 3.36 2.56 2.70 3.43 4.96 5.04 5.04 6.28 7.74 9.56 9.86 11.53 10.51 10.29 10.22 12.19 15.11 15.26 13.43 13.43
20.15 20.37 20.88 18.03 18.47 15.77 11.83 12.19 11.24 15.99 18.32 17.81 19.35 17.30 17.59 15.26 12.41 12.78 15.55 15.55 15.40 14.31 16.86 15.62 15.70 11.39 7.15 7.81 6.28 5.48 5.33 5.91 6.35 6.50 3.65 4.38 1.83 4.23 4.38 4.96 8.40 7.66 11.02 10.51 10.51 8.18 6.35 6.50 5.11 4.96 4.89 4.89 4.67 4.82 4.96 4.89 5.91 7.15 7.15 8.10 7.66 8.18 6.72 6.79 6.86 5.99 5.84 6.13 6.86 6.86 7.23 9.64 7.66 10.66 10.88 10.88 11.32 12.92 12.85 14.09 13.80 14.53 13.72
18.47 17.96 18.10 15.55 13.14 13.07 12.85 15.48 18.98 15.33 20.29 20.73 18.83 18.91 15.48 16.43 12.41 11.68 10.37 10.37 12.41 12.05 11.68 15.33 14.97 12.92 8.69 6.50 6.86 5.99 6.42 6.28 6.42 5.48 5.62 2.56 2.99 2.70 6.35 5.77 7.30 9.20 9.05 10.22 10.22 10.37 9.93 10.88 9.05 9.05 5.77 4.38 4.02 4.23 4.09 6.06 7.01 6.86 8.83 8.32 9.93 8.10 11.90 8.18 10.73 9.78 11.39 10.66 11.32 11.32 11.24 11.53 10.07 10.95 11.39 11.61 13.07 15.77 15.11 15.26 15.26 15.18 15.33
18.47 17.96 18.10 15.55 13.14 13.07 12.85 15.48 18.98 15.33 20.29 20.73 18.83 18.91 15.48 16.43 12.41 11.68 10.37 10.37 12.41 12.05 11.68 15.33 14.97 12.92 8.69 6.50 6.86 5.99 6.42 6.28 6.42 5.48 5.62 2.56 2.99 2.70 6.35 5.77 7.30 9.20 9.05 10.22 10.22 10.37 9.93 10.88 9.05 9.05 5.77 4.38 4.02 4.23 4.09 6.06 7.01 6.86 8.83 8.32 9.93 8.10 11.90 8.18 10.73 9.78 11.39 10.66 11.32 11.32 11.24 11.53 10.07 10.95 11.39 11.61 13.07 15.77 15.11 15.26 15.26 15.18 15.33
16.13 14.24 13.14 13.14 14.38 16.28 15.33 15.18 16.72 19.86 20.00 17.16 18.18 16.57 16.28 15.04 15.18 12.41 9.64 9.64 10.29 10.88 12.34 13.58 14.38 14.31 11.32 12.12 6.42 5.04 4.96 4.45 5.04 5.26 6.28 6.28 7.01 6.79 6.42 6.86 4.38 4.53 3.07 5.91 5.91 9.27 10.73 10.37 11.02 8.47 9.42 4.82 3.80 3.87 3.87 4.82 4.53 6.28 9.42 8.98 11.46 12.92 13.07 11.39 9.20 9.42 11.53 11.61 11.61 11.61 12.41 11.75 11.17 11.17 10.37 10.59 14.67 13.36 15.40 17.37 16.06 14.97 16.13
16.13 15.11 14.97 14.97 12.99 13.36 11.61 10.51 13.07 11.24 14.67 14.97 12.63 16.50 14.09 15.77 14.24 13.65 11.68 11.68 11.24 10.95 10.88 11.53 12.05 11.61 12.48 7.74 8.47 4.89 4.74 4.67 6.06 5.84 6.94 7.30 7.45 4.53 1.17 1.97 2.34 2.12 1.90 3.50 3.50 5.33 4.16 10.66 13.43 13.43 8.98 7.15 4.09 3.87 3.80 4.53 5.77 5.18 6.94 9.86 12.19 11.61 15.26 17.37 15.55 13.36 10.44 11.02 9.78 9.78 9.05 9.86 11.02 10.95 11.10 9.86 9.93 9.86 12.92 11.61 13.43 14.75 14.97
15.99 14.67 13.87 13.72 12.34 12.78 11.53 10.73 10.15 10.22 8.98 11.10 11.10 10.22 12.41 12.92 14.89 14.31 12.92 12.92 12.70 11.61 12.26 10.66 10.73 9.78 10.44 6.79 5.40 5.33 5.91 6.50 6.28 7.37 7.52 7.59 4.67 5.33 1.53 0.00 0.22 1.10 1.90 1.83 1.83 4.67 9.56 7.88 12.92 9.93 11.02 5.62 3.94 4.31 3.94 5.55 5.26 7.59 10.15 9.56 11.97 15.18 14.53 18.10 18.54 17.89 18.18 14.75 9.34 9.34 11.97 11.46 11.32 11.61 12.12 12.19 10.59 11.32 10.51 9.34 12.12 11.75 13.43
15.99 14.67 13.87 13.72 12.34 12.78 11.53 10.73 10.15 10.22 8.98 11.10 11.10 10.22 12.41 12.92 14.89 14.31 12.92 12.92 12.70 11.61 12.26 10.66 10.73 9.78 10.44 6.79 5.40 5.33 5.91 6.50 6.28 7.37 7.52 7.59 4.67 5.33 1.53 0.00 0.22 1.10 1.90 1.83 1.83 4.67 9.56 7.88 12.92 9.93 11.02 5.62 3.94 4.31 3.94 5.55 5.26 7.59 10.15 9.56 11.97 15.18 14.53 18.10 18.54 17.89 18.18 14.75 9.34 9.34 11.97 11.46 11.32 11.61 12.12 12.19 10.59 11.32 10.51 9.34 12.12 11.75 13.43
12.85 12.56 13.36 12.41 11.68 11.32 11.32 10.44 9.42 8.03 8.18 8.03 8.32 8.18 10.07 12.41 13.29 14.53 13.21 13.21 14.38 12.78 13.58 11.83 10.44 8.47 6.72 6.94 5.91 6.06 5.91 6.64 6.57 7.01 7.74 7.96 8.61 5.69 3.94 1.53 1.75 1.75 1.90 4.23 4.23 3.94 6.28 7.52 6.64 6.64 6.57 7.45 4.53 8.32 4.09 5.04 6.86 7.45 7.45 9.27 11.02 11.83 13.72 17.37 17.16 17.30 14.45 14.82 13.29 13.29 13.58 12.48 14.24 13.72 12.26 11.90 11.24 13.14 13.14 10.88 13.87 10.66 9.86
11.32 9.20 10.66 10.29 11.75 9.27 8.83 9.13 9.42 6.57 7.66 7.01 6.50 7.23 7.37 10.51 12.34 11.68 13.07 13.07 14.16 15.77 15.26 12.26 7.74 8.54 6.94 6.42 6.35 7.01 6.50 6.57 6.13 7.45 7.88 9.13 6.64 7.37 5.40 5.40 5.62 3.94 3.43 3.72 3.72 4.96 5.62 5.48 6.42 6.72 6.72 8.10 10.00 9.86 7.96 6.94 7.30 7.23 7.81 7.66 9.20 8.10 8.98 8.54 9.27 12.34 13.72 14.60 16.13 16.13 14.75 14.16 15.33 14.38 15.04 11.75 11.39 17.16 15.91 15.70 16.21 11.24 9.34
8.98 8.98 9.56 9.34 8.54 8.61 8.40 6.13 6.72 6.57 7.45 6.42 6.94 7.15 9.42 10.66 10.44 11.10 12.92 12.92 12.34 15.91 14.02 14.16 7.88 7.08 6.86 6.50 6.86 7.01 5.99 6.20 6.13 7.23 7.30 7.01 6.79 7.81 6.42 6.06 4.82 5.11 4.82 5.62 5.62 5.91 4.45 4.82 7.15 7.15 8.32 10.29 11.24 10.88 8.10 8.83 7.96 9.56 11.46 10.07 7.96 8.25 7.96 8.69 9.20 11.46 10.80 13.87 16.13 16.13 20.44 17.74 19.86 16.28 15.62 12.56 12.56 15.70 17.59 14.89 11.02 12.48 11.39
8.98 8.98 9.56 9.34 8.54 8.61 8.40 6.13 6.72 6.57 7.45 6.42 6.94 7.15 9.42 10.66 10.44 11.10 12.92 12.92 12.34 15.91 14.02 14.16 7.88 7.08 6.86 6.50 6.86 7.01 5.99 6.20 6.13 7.23 7.30 7.01 6.79 7.81 6.42 6.06 4.82 5.11 4.82 5.62 5.62 5.91 4.45 4.82 7.15 7.15 8.32 10.29 11.24 10.88 8.10 8.83 7.96 9.56 11.46 10.07 7.96 8.25 7.96 8.69 9.20 11.46 10.80 13.87 16.13 16.13 20.44 17.74 19.86 16.28 15.62 12.56 12.56 15.70 17.59 14.89 11.02 12.48 11.39
9.42 8.91 8.98 9.71 6.72 5.99 6.13 5.55 7.01 7.30 7.01 7.81 10.37 10.80 9.71 14.89 12.26 11.97 17.16 17.16 17.08 16.13 15.33 9.56 7.66 7.59 7.37 6.64 7.01 6.20 6.20 7.23 7.88 5.69 6.13 6.20 8.03 8.61 7.66 6.50 6.13 6.50 6.42 6.35 6.35 4.23 4.31 4.16 6.86 7.88 7.81 9.78 10.51 10.73 8.83 7.52 7.01 9.56 12.63 13.36 11.46 12.05 9.13 9.56 11.53 12.99 12.12 15.40 20.22 20.22 22.41 22.41 23.07 20.59 19.05 14.82 13.94 15.70 15.62 14.82 13.87 13.14 12.41
9.93 10.00 8.61 6.72 7.37 5.84 7.66 7.81 7.59 8.10 11.53 10.95 11.24 17.74 17.45 17.23 18.40 18.47 17.74 17.74 17.01 13.21 10.15 10.29 9.64 7.74 8.18 6.64 8.25 7.74 8.03 9.64 9.34 10.51 9.05 7.66 9.56 7.74 8.61 6.06 6.35 6.13 4.74 3.65 3.65 4.02 3.65 5.40 5.33 7.96 8.32 8.40 9.34 7.08 5.77 5.91 7.88 10.73 12.56 12.41 11.97 11.02 11.10 12.99 13.14 13.43 15.84 17.37 20.95 20.95 21.53 22.48 23.51 23.36 22.05 14.53 14.24 14.38 14.53 14.45 15.18 11.68 8.25
11.10 10.29 7.66 7.23 8.32 7.81 8.69 8.76 12.85 11.46 13.14 13.94 13.72 16.57 15.55 18.10 18.40 15.91 15.99 15.99 16.64 12.85 9.78 9.78 9.93 8.69 8.69 7.01 9.27 12.34 11.97 12.26 11.90 12.34 10.07 8.54 9.20 5.26 4.23 4.96 5.04 4.82 5.04 4.16 4.16 4.16 3.94 5.55 8.03 8.83 8.76 9.34 7.88 8.47 6.72 6.64 7.66 8.25 7.88 7.45 6.94 6.72 8.40 10.44 10.15 15.48 14.89 17.23 17.52 17.52 18.61 20.29 20.88 20.51 17.67 15.18 13.14 6.50 0.95 1.68 3.72 4.96 7.59
9.71 9.64 8.69 9.49 8.83 8.69 8.32 7.88 10.07 8.54 8.32 11.32 8.76 12.26 12.48 11.10 13.65 13.87 12.56 12.56 11.02 11.75 9.49 8.47 9.13 9.05 9.71 8.54 8.98 11.02 13.21 12.05 14.89 11.46 11.97 7.74 4.67 5.18 4.74 6.64 8.32 8.10 7.45 6.64 6.64 5.26 6.42 5.77 6.50 7.59 7.15 8.98 8.76 7.96 8.10 7.81 7.88 7.52 7.74 5.69 6.50 6.13 6.06 7.45 7.45 10.73 10.88 14.38 15.99 15.99 17.45 20.44 19.13 14.67 10.22 10.37 7.52 9.49 0.58 0.00 0.00 0.00 9.34
9.71 9.64 8.69 9.49 8.83 8.69 8.32 7.88 10.07 8.54 8.32 11.32 8.76 12.26 12.48 11.10 13.65 13.87 12.56 12.56 11.02 11.75 9.49 8.47 9.13 9.05 9.71 8.54 8.98 11.02 13.21 12.05 14.89 11.46 11.97 7.74 4.67 5.18 4.74 6.64 8.32 8.10 7.45 6.64 6.64 5.26 6.42 5.77 6.50 7.59 7.15 8.98 8.76 7.96 8.10 7.81 7.88 7.52 7.74 5.69 6.50 6.13 6.06 7.45 7.45 10.73 10.88 14.38 15.99 15.99 17.45 20.44 19.13 14.67 10.22 10.37 7.52 9.49 0.58 0.00 0.00 0.00 9.34
10.51 10.29 9.49 9.49 10.66 9.71 6.42 6.57 6.28 5.84 5.62 7.74 7.52 10.88 11.24 11.10 12.05 12.41 12.63 12.63 9.78 7.66 7.08 6.94 6.72 10.73 10.80 8.98 8.83 8.98 11.75 14.09 13.87 12.99 10.95 6.13 4.60 5.04 4.53 6.20 7.74 7.88 8.03 6.50 6.50 6.28 6.28 6.35 5.62 5.33 5.40 6.94 7.08 7.30 6.57 7.59 5.40 5.69 5.91 5.77 6.20 11.61 12.41 8.32 8.69 8.18 9.93 14.97 16.79 16.79 20.81 17.37 18.25 14.53 11.68 11.97 9.49 0.73 0.00 0.00 5.33 6.94 7.30
11.53 11.02 11.75 11.24 11.46 9.86 10.80 7.30 7.81 6.64 6.13 8.61 11.90 11.24 11.90 11.61 11.83 10.73 9.49 9.49 9.78 8.54 5.69 5.91 5.69 7.88 9.42 9.71 9.05 9.42 9.49 11.02 14.45 14.53 13.65 8.69 5.33 5.91 3.50 1.97 5.18 5.91 5.26 6.20 6.20 5.55 6.86 5.69 6.06 5.18 4.23 3.14 3.43 2.48 2.92 3.80 3.36 5.40 6.28 9.05 12.26 11.39 14.89 13.51 12.56 10.80 12.41 15.26 18.98 18.98 19.71 15.70 12.48 9.86 10.66 10.88 4.53 0.44 1.83 0.51 3.29 4.23 3.80
12.34 12.85 11.90 12.05 12.34 12.48 12.12 11.02 7.08 8.54 6.86 9.64 11.02 10.59 10.66 11.24 10.22 9.71 10.37 10.37 9.34 8.18 9.13 5.77 6.79 6.42 8.91 9.42 9.64 8.54 8.61 9.20 8.25 8.54 9.78 10.80 5.69 2.70 3.29 0.44 1.10 3.07 2.34 7.88 7.88 10.07 9.64 9.27 6.50 4.82 4.74 3.65 2.12 2.34 2.34 2.56 5.33 6.94 8.54 7.74 10.59 13.43 20.73 17.45 16.35 13.14 13.72 17.45 17.37 17.37 16.35 12.48 7.66 1.90 2.77 1.83 2.19 1.46 1.68 1.10 2.19 1.46 1.90
11.61 12.41 12.19 12.05 13.65 11.97 10.59 11.24 9.71 11.10 10.00 9.64 12.99 10.95 10.15 11.68 8.54 10.59 10.51 10.51 12.19 9.93 8.61 9.78 6.57 8.98 8.40 10.51 9.42 8.83 6.20 5.55 6.28 5.99 6.42 4.67 5.55 1.39 1.46 1.61 1.31 2.70 6.50 5.48 5.48 9.13 11.17 7.96 8.61 6.86 6.64 7.52 7.52 7.88 5.04 6.79 6.35 8.03 11.32 8.61 11.10 9.56 11.97 17.16 14.60 14.38 14.97 14.75 13.72 13.72 14.60 9.78 2.12 1.53 0.80 0.29 0.00 0.66 1.39 0.00 1.31 1.46 1.02
12.41 11.75 11.32 11.46 12.12 9.86 11.24 12.41 11.53 12.19 15.84 15.62 14.82 18.69 15.04 16.06 16.06 11.75 14.02 14.02 14.31 16.21 13.14 14.09 15.33 14.31 11.83 11.68 11.83 10.07 6.42 7.52 4.16 5.62 5.40 3.94 1.10 0.00 0.00 0.00 2.99 1.97 3.29 2.70 2.70 4.23 3.87 5.33 6.06 6.50 6.79 5.69 7.30 4.67 6.20 5.55 8.69 11.02 9.05 6.28 5.84 6.72 8.76 7.81 11.32 14.02 12.99 13.14 10.29 10.29 4.23 2.12 2.70 1.31 2.19 0.66 0.00 0.00 0.00 0.15 0.15 0.51 0.37
12.41 11.75 11.32 11.46 12.12 9.86 11.24 12.41 11.53 12.19 15.84 15.62 14.82 18.69 15.04 16.06 16.06 11.75 14.02 14.02 14.31 16.21 13.14 14.09 15.33 14.31 11.83 11.68 11.83 10.07 6.42 7.52 4.16 5.62 5.40 3.94 1.10 0.00 0.00 0.00 2.99 1.97 3.29 2.70 2.70 4.23 3.87 5.33 6.06 6.50 6.79 5.69 7.30 4.67 6.20 5.55 8.69 11.02 9.05 6.28 5.84 6.72 8.76 7.81 11.32 14.02 12.99 13.14 10.29 10.29 4.23 2.12 2.70 1.31 2.19 0.66 0.00 0.00 0.00 0.15 0.15 0.51 0.37
11.02 11.02 11.39 9.42 8.76 9.13 7.45 11.10 16.06 17.30 16.86 20.29 20.51 20.81 20.59 18.10 16.50 16.79 15.84 15.84 17.01 17.08 17.30 16.86 15.26 16.13 14.31 13.80 14.09 12.85 7.45 4.82 5.26 4.38 3.43 3.87 1.75 0.00 0.00 0.00 1.97 3.50 1.61 1.83 1.83 2.56 2.99 0.00 2.99 3.87 4.31 3.36 2.56 2.70 4.45 7.23 5.84 6.06 5.69 5.84 5.18 3.87 6.79 6.28 8.91 11.10 8.69 8.54 7.37 7.37 6.13 5.48 7.23 3.80 4.60 1.10 0.15 0.29 0.00 0.00 0.00 0.00 0.00
8.76 8.61 8.61 8.54 10.00 9.34 8.98 10.80 18.40 18.91 20.88 21.46 20.95 18.69 18.47 18.61 15.70 14.31 14.38 14.38 16.21 16.72 16.86 16.94 16.76 14.97 17.02 13.57 12.63 8.54 9.20 5.91 3.43 4.23 2.63 1.68 1.24 0.58 1.10 1.83 2.12 2.04 2.04 1.39 1.39 1.53 2.19 2.85 2.85 0.00 0.00 0.00 2.85 2.77 3.72 3.72 4.09 5.18 3.58 1.97 2.92 0.00 5.18 7.59 6.42 9.27 10.80 7.81 8.40 8.40 7.88 8.47 7.30 4.89 3.21 1.75 0.44 0.00 0.00 0.00 0.00 0.00 0.22
10.44 9.86 12.05 12.34 12.19 12.78 17.37 20.44 19.42 22.78 22.48 18.76 19.20 14.75 10.29 9.56 12.99 13.43 15.70 15.70 15.26 16.35 17.59 17.52 18.54 18.66 14.08 15.15 14.75 14.60 10.88 8.69 5.55 3.72 2.19 2.41 1.39 0.66 0.73 0.44 1.90 1.75 1.46 1.39 1.39 1.46 2.26 1.97 3.14 0.00 0.00 0.00 0.00 0.00 0.00 3.07 0.00 0.00 0.00 2.41 2.85 0.00 4.09 0.00 5.04 5.69 8.10 5.55 6.35 6.35 6.13 6.64 6.94 5.62 4.60 2.70 6.28 0.37 2.19 1.75 1.83 0.73 0.15
12.19 14.75 12.56 14.16 13.21 16.86 18.47 19.13 21.39 21.61 16.50 15.04 7.81 9.13 8.98 6.94 11.75 12.63 15.77 15.77 15.18 17.08 17.42 17.76 17.38 17.40 16.57 16.22 16.07 16.41 15.12 11.39 10.95 6.13 3.58 2.41 2.70 1.39 1.75 1.61 1.68 1.68 2.34 0.66 0.66 0.73 1.61 0.00 2.26 0.00 0.00 0.00 0.00 0.00 0.00 0.00 0.00 0.00 0.00 0.00 2.56 2.77 4.02 5.99 5.18 4.89 8.25 8.10 9.78 9.78 14.60 12.56 8.47 9.49 6.86 7.59 8.10 4.09 3.58 2.56 2.19 0.95 0.44
16.06 16.43 14.45 16.94 18.83 18.03 18.47 19.42 20.59 15.33 17.08 11.90 5.84 2.56 4.38 4.74 12.63 14.45 13.87 13.87 14.91 10.18 9.26 14.37 14.75 14.23 14.89 14.90 19.28 18.70 17.92 15.70 13.94 14.24 14.53 12.48 9.71 5.91 6.57 3.29 1.90 1.39 1.90 1.97 1.97 0.00 0.00 0.00 0.00 2.70 0.00 0.00 0.00 0.00 0.00 0.00 0.00 0.00 0.00 0.00 4.67 6.13 6.79 8.98 7.59 6.50 9.56 10.88 16.13 16.13 15.11 13.14 9.93 6.20 6.13 7.45 7.96 5.69 6.20 4.16 2.19 2.63 3.80
16.06 16.43 14.45 16.94 18.83 18.03 18.47 19.42 20.59 15.33 17.08 11.90 5.84 2.56 4.38 4.74 12.63 14.45 13.87 13.94 15.39 10.33 9.92 14.01 15.12 14.02 14.89 14.45 17.92 17.48 18.19 15.86 14.52 15.99 15.37 12.80 9.71 5.91 6.57 3.29 1.90 1.39 1.90 1.97 1.97 0.00 0.00 0.00 0.00 2.70 0.00 0.00 0.00 0.00 0.00 0.00 0.00 0.00 0.00 0.00 4.67 6.13 6.79 8.98 7.59 6.50 9.56 10.88 16.13 16.13 15.11 13.14 9.93 6.20 6.13 7.45 7.96 5.69 6.20 4.16 2.19 2.63 3.80
16.43 14.89 17.23 16.50 18.69 19.71 20.95 20.66 20.73 19.05 16.86 18.25 7.66 5.33 9.27 4.31 11.83 20.88 15.04 15.04 16.13 10.80 6.50 4.99 9.78 10.93 11.87 14.53 13.43 19.93 19.00 19.69 17.47 18.25 17.33 15.50 14.37 8.77 5.26 2.77 3.21 1.10 1.68 0.00 0.00 0.00 0.00 0.00 2.41 0.00 0.00 0.00 0.00 0.00 0.00 0.00 0.00 0.00 3.50 3.58 4.60 4.67 8.83 10.51 7.96 8.47 15.77 14.60 15.11 15.11 13.43 12.26 10.00 5.84 5.91 7.88 4.82 5.69 6.50 6.57 4.89 3.36 3.87
11.97 13.07 14.24 12.78 11.90 18.76 15.48 19.35 18.69 19.05 19.86 17.37 10.44 10.66 12.48 16.86 22.34 21.61 18.18 18.18 10.93 6.13 7.04 4.09 4.02 6.75 6.97 10.22 16.34 13.63 19.25 23.07 24.24 18.76 20.33 19.33 16.02 16.30 10.49 5.18 3.14 3.50 1.83 2.77 2.77 1.31 0.00 1.39 1.17 3.65 5.26 4.74 0.00 0.00 0.00 0.00 0.00 0.00 0.00 0.00 0.00 3.21 5.91 7.23 11.75 13.72 13.07 13.21 12.63 12.63 13.14 11.02 11.90 8.61 8.18 7.59 7.37 8.40 9.05 6.57 5.62 4.02 6.35
10.07 11.02 9.42 9.56 9.34 13.80 11.83 16.86 15.70 15.11 18.61 16.35 14.45 12.85 12.85 14.60 20.15 15.40 15.18 15.18 8.69 6.64 4.60 4.74 4.82 3.07 4.16 4.31 11.80 17.54 22.05 20.00 23.21 25.40 26.57 27.89 27.62 25.19 17.30 18.98 14.45 11.10 6.20 2.19 2.19 2.63 2.04 1.46 1.24 2.48 3.65 4.16 0.00 0.00 0.00 0.00 0.00 0.00 0.00 0.00 0.00 1.53 2.92 7.59 8.32 9.56 9.93 7.74 11.17 11.17 11.97 11.39 7.23 6.86 6.64 7.01 7.01 7.37 10.95 9.56 8.69 10.15 8.98
8.83 8.69 8.32 9.05 8.83 10.37 10.07 11.68 15.04 18.40 16.64 16.86 16.28 12.34 12.48 12.26 10.44 9.78 6.42 6.42 6.72 5.18 5.84 6.35 6.28 5.91 6.28 8.61 7.63 12.85 14.75 18.25 17.45 21.83 27.01 29.05 28.84 29.05 23.83 17.65 13.64 14.16 11.17 4.53 4.53 2.04 2.56 2.26 1.90 1.17 2.77 1.83 3.14 0.00 3.72 0.00 0.00 0.00 1.61 0.00 0.00 0.00 0.00 0.00 5.84 5.18 0.00 5.84 9.64 9.64 11.46 5.62 4.53 3.72 4.67 6.20 6.50 7.30 11.75 11.53 11.46 11.83 9.93
7.96 6.35 7.52 7.37 7.88 10.15 12.92 12.12 14.45 17.48 16.79 17.89 17.89 15.48 10.95 8.40 8.47 5.48 4.82 4.82 4.16 5.84 5.40 8.83 9.49 9.64 8.76 8.91 9.22 8.18 8.32 9.27 16.72 15.62 21.53 28.40 30.81 29.13 29.71 27.12 19.62 21.06 16.50 11.32 11.32 12.56 5.11 2.70 2.26 2.63 2.48 2.56 1.83 0.00 2.34 3.29 0.00 0.00 0.00 0.00 4.31 3.29 0.00 0.00 0.00 0.00 4.74 0.00 0.00 0.00 0.00 0.00 0.00 2.99 2.41 4.31 7.08 5.84 8.10 10.07 9.64 9.20 8.98
7.37 7.45 8.03 7.59 7.37 8.47 14.09 16.72 14.53 15.27 12.99 15.91 11.83 11.75 7.88 6.28 4.31 3.50 3.72 3.72 5.26 5.77 5.99 5.77 7.96 10.51 9.78 10.00 8.91 8.37 10.52 10.14 10.71 11.44 13.51 16.13 16.06 17.01 25.37 27.52 24.16 24.85 19.42 15.18 15.18 10.73 14.67 10.66 11.75 5.99 3.80 4.38 2.19 1.10 0.00 0.00 0.00 0.00 0.00 0.00 3.21 0.00 0.00 0.00 0.00 0.00 0.00 0.00 0.00 0.00 0.00 0.00 0.00 2.04 2.26 2.56 0.00 0.00 4.74 6.20 6.06 9.05 9.34
7.37 7.45 8.03 7.59 7.37 8.47 14.09 16.72 14.53 14.89 12.99 15.91 11.83 11.75 7.88 6.28 4.31 3.50 3.74 3.72 5.26 5.77 5.99 5.77 7.96 10.51 9.78 10.00 8.91 8.25 10.15 9.78 10.66 11.10 13.51 16.21 16.14 17.01 25.24 27.80 24.16 24.60 19.42 15.18 15.18 10.73 14.67 10.66 11.75 5.99 3.80 4.38 2.19 1.10 0.00 0.00 0.00 0.00 0.00 0.00 3.21 0.00 0.00 0.00 0.00 0.00 0.00 0.00 0.00 0.00 0.00 0.00 0.00 2.04 2.26 2.56 0.00 0.00 4.74 6.20 6.06 9.05 9.34
