Wansh/Snow_depth/snowdepth-1997/winter/1998048.txt
ncols 321
nrows 161
xllcenter 60
yllcenter 15 
cellsize  0.25 
NODATA_value -1
[rows 74 to 110 of 161, columns 83 to 165 of 321]
0.00 0.00 0.00 0.00 0.00 0.44 0.00 0.00 0.00 0.00 0.29 1.68 1.97 2.26 0.00 0.00 0.00 3.14 0.00 0.00 3.14 3.36 3.58 3.07 3.21 3.80 3.58 2.41 0.00 0.00 0.00 0.00 0.00 0.00 0.00 0.00 3.72 3.87 0.00 3.14 0.00 0.00 0.29 0.58 0.58 0.00 0.00 0.73 0.00 0.51 0.15 0.00 0.00 0.00 1.61 1.49 1.53 2.19 0.29 0.66 0.00 1.02 0.00 0.00 0.00 0.00 0.00 0.00 0.00 0.00 3.82 4.33 1.24 1.02 0.00 0.00 0.00 0.00 0.00 0.00 0.00 0.00 0.00
0.00 0.00 0.00 0.00 0.00 2.34 0.58 0.66 2.92 2.19 2.19 0.00 1.68 2.85 0.00 0.00 2.34 0.00 3.43 3.43 3.36 3.50 3.50 3.65 4.09 4.23 5.33 0.00 0.00 0.00 0.00 0.00 0.00 2.77 0.00 4.53 4.96 5.48 4.31 2.85 3.29 4.23 1.02 2.56 2.56 1.17 1.02 0.88 0.44 0.29 1.83 0.44 0.80 0.00 1.39 1.90 1.90 1.10 0.95 0.37 0.80 1.31 1.31 1.10 0.00 0.00 0.00 0.00 2.26 2.26 6.97 8.10 4.16 3.50 0.00 0.00 0.00 0.00 0.00 0.00 0.00 0.00 0.00
0.00 0.15 0.00 0.15 0.00 3.50 0.88 1.61 4.09 1.97 2.04 3.72 3.50 4.09 3.07 3.29 3.50 3.72 3.80 3.80 3.29 3.36 3.50 3.65 3.43 0.00 4.16 4.45 3.65 3.87 4.09 0.00 0.00 5.26 5.26 4.38 5.11 3.80 3.65 3.94 5.55 5.91 4.16 1.31 1.31 2.56 1.17 0.44 1.68 1.68 1.46 0.88 0.44 0.66 1.46 1.02 1.97 1.61 0.73 0.00 1.17 1.83 2.63 1.31 0.80 0.80 0.00 1.02 4.23 4.23 6.79 9.20 8.25 5.48 1.02 0.00 0.00 0.00 0.00 0.00 0.00 0.00 0.00
2.04 0.00 0.00 2.48 1.61 2.63 3.65 5.18 4.31 4.02 4.82 4.53 5.18 4.23 4.60 4.53 4.38 4.67 3.72 3.72 4.60 2.77 3.21 0.00 0.00 0.00 0.00 0.00 4.45 3.72 3.87 4.02 4.89 6.42 5.33 4.96 4.60 3.87 0.00 3.72 6.28 4.31 5.18 4.16 4.16 3.50 2.12 2.04 2.41 2.19 2.70 0.73 2.12 2.04 0.22 1.24 3.50 2.04 0.88 0.44 0.51 0.73 2.19 0.95 2.63 1.17 1.75 1.24 3.72 3.72 4.74 8.03 3.80 4.67 1.39 0.07 0.00 0.00 0.00 0.00 0.00 0.00 0.00
3.21 5.04 5.18 4.82 3.29 5.18 3.21 3.36 3.65 4.02 3.94 4.31 4.96 4.45 4.60 4.23 4.60 4.96 5.26 5.26 5.62 4.16 3.36 3.14 3.07 3.72 3.50 4.23 3.87 3.72 3.87 6.35 6.50 4.89 4.67 5.48 4.16 0.00 4.31 7.74 8.18 5.77 7.23 5.40 5.40 3.21 0.00 2.04 2.92 3.07 3.65 0.00 3.36 4.09 5.04 1.75 3.94 2.26 1.68 0.88 1.24 1.24 1.02 3.07 2.56 2.41 2.56 3.07 3.87 3.87 3.80 2.63 2.19 1.24 0.00 0.00 0.00 0.00 0.00 0.00 0.00 0.00 0.00
6.50 7.52 4.82 5.55 4.67 4.53 3.87 3.72 3.50 4.09 4.31 3.50 4.60 4.60 4.89 4.31 4.45 4.82 5.04 5.04 4.16 4.60 3.80 3.58 3.65 4.02 3.36 3.50 4.45 3.94 4.74 5.69 6.64 5.18 5.11 7.74 6.06 3.21 3.07 5.69 10.37 9.93 7.23 6.13 6.13 4.60 0.00 0.00 1.61 1.46 0.00 0.00 0.00 4.60 5.33 0.00 0.00 0.00 0.00 3.29 3.80 2.99 2.77 2.63 1.90 1.17 1.97 2.56 4.16 4.16 5.11 2.92 2.04 1.31 0.66 0.44 0.00 0.73 0.00 0.00 0.00 0.00 0.00
7.45 7.37 7.30 5.69 4.53 4.09 3.29 3.87 3.43 3.14 3.50 4.23 4.45 4.09 4.02 3.94 4.31 4.74 4.96 4.96 4.60 4.09 3.80 4.02 3.14 3.58 0.00 0.00 0.00 3.87 5.33 5.62 6.86 6.35 6.72 12.26 10.29 6.28 5.84 9.13 9.64 10.15 7.52 6.06 6.06 0.00 0.00 1.31 0.29 0.15 0.00 0.00 0.00 0.00 0.00 0.00 0.00 4.45 3.36 3.72 4.89 2.99 2.99 2.70 1.53 0.00 0.00 0.00 2.85 2.85 4.53 4.67 5.18 10.59 0.95 1.17 3.08 0.67 0.00 1.61 0.00 0.00 0.00
7.88 6.42 6.64 5.99 4.60 4.53 3.43 3.80 3.50 3.36 4.38 4.38 4.67 3.87 3.72 3.58 4.53 5.48 6.13 6.13 4.16 0.00 3.07 2.77 0.00 0.00 2.63 2.99 3.21 4.82 5.91 5.55 5.84 4.82 12.85 14.24 10.95 9.93 6.13 6.42 5.77 9.78 4.60 3.65 3.65 0.00 0.00 0.00 0.58 0.00 0.00 0.00 0.00 0.00 0.00 3.21 0.00 7.23 6.57 5.84 5.99 3.43 3.80 1.24 0.00 0.00 0.00 0.00 0.00 0.00 2.19 4.53 7.96 13.29 6.42 9.42 4.84 3.69 2.75 4.77 0.00 0.00 0.00
12.05 7.08 9.05 5.26 5.40 6.35 3.94 4.38 3.72 3.72 3.94 4.67 5.11 4.96 4.38 4.89 6.50 7.59 7.59 7.59 4.38 3.36 2.19 2.19 2.19 2.41 2.70 2.99 3.50 4.09 5.69 5.91 5.11 3.80 7.23 17.08 13.80 11.90 7.52 0.00 4.31 5.91 4.53 0.00 0.00 0.00 0.00 0.58 0.00 0.00 0.00 0.00 0.00 4.31 4.60 4.16 4.53 8.83 7.88 6.42 7.81 4.82 4.23 2.63 0.88 0.00 1.68 0.58 0.37 0.37 4.45 3.87 12.99 20.44 14.09 14.60 9.78 5.11 5.40 2.34 3.82 1.68 0.00
19.64 13.65 18.40 10.44 10.51 8.25 4.02 4.67 4.31 3.80 4.16 4.45 4.16 5.11 5.48 5.48 6.64 7.74 8.03 8.03 6.94 4.23 0.00 1.46 2.41 2.26 3.87 3.87 3.80 4.31 4.89 4.89 4.96 7.30 4.74 10.80 10.80 11.17 11.17 4.02 4.60 0.00 0.00 0.00 0.00 0.00 0.00 0.00 0.00 0.00 0.00 2.56 0.00 11.02 9.05 6.06 7.23 9.64 10.51 9.56 10.15 7.30 6.35 4.82 3.65 6.86 6.86 6.50 9.78 9.78 4.16 6.86 10.15 16.86 18.91 17.45 14.82 10.95 5.26 4.89 2.77 4.09 0.00
22.41 19.42 22.41 18.76 15.40 10.15 4.74 4.31 4.09 3.43 3.72 3.80 3.94 5.26 5.48 5.55 6.28 7.37 7.88 7.88 8.47 6.06 6.35 6.72 5.18 4.60 5.69 5.11 6.94 5.84 5.77 5.84 10.95 4.89 5.69 7.59 7.74 11.75 17.16 10.88 2.04 0.00 0.00 0.00 0.00 0.00 0.00 0.00 0.00 0.00 4.02 6.06 10.95 19.27 20.08 20.22 18.83 13.65 13.29 10.95 10.15 8.47 8.98 8.18 5.99 16.72 17.37 12.92 21.10 21.10 11.75 7.30 13.80 14.31 12.56 15.40 14.53 11.17 10.44 5.69 4.74 4.82 4.02
19.20 21.83 21.32 22.48 18.18 10.73 5.55 5.11 4.82 3.80 4.45 4.74 5.77 5.40 5.69 4.45 5.26 6.64 7.45 7.45 7.66 7.15 6.64 7.23 5.69 5.40 7.66 7.66 7.59 7.74 6.79 9.49 13.43 11.39 7.74 8.83 6.64 8.47 15.48 15.48 3.43 4.60 1.75 0.00 0.00 0.00 0.00 0.00 0.00 2.77 6.13 8.69 13.07 30.88 25.77 28.18 24.60 18.32 16.06 9.64 8.76 10.64 11.84 12.19 22.56 28.11 26.79 25.99 24.67 24.67 21.39 18.03 20.88 10.80 12.19 9.64 10.29 10.07 9.56 9.34 5.99 5.40 3.72
8.03 12.78 10.15 13.14 8.61 7.96 6.06 4.89 5.04 6.94 10.88 9.56 7.15 9.20 9.71 8.25 8.91 10.73 9.78 9.78 12.05 9.78 9.49 8.18 9.05 5.18 4.96 9.34 14.60 20.00 19.93 12.34 12.34 13.07 13.87 10.66 15.33 14.67 15.11 17.74 19.86 8.98 10.51 6.13 6.13 2.70 6.28 2.77 0.80 1.97 3.43 8.98 11.68 18.18 22.85 18.91 23.73 25.04 26.06 22.70 17.08 14.97 20.73 18.40 18.69 22.63 25.77 18.47 17.89 17.89 27.45 22.85 18.69 16.64 9.13 6.13 4.09 4.31 5.48 7.88 6.28 5.40 4.60
5.40 7.15 7.01 8.98 7.01 5.26 5.69 5.48 7.66 12.41 8.91 10.15 6.72 9.49 11.90 11.83 10.29 13.36 14.89 14.89 16.06 14.16 10.44 9.49 4.23 5.18 11.53 16.57 18.47 23.65 23.87 14.45 10.44 11.61 13.07 13.87 19.71 19.64 23.73 22.19 24.24 23.94 17.01 8.76 8.76 8.18 14.38 4.74 3.14 2.34 1.75 3.72 7.01 10.29 15.62 13.94 19.71 24.89 28.25 28.32 22.41 21.24 19.49 11.90 13.94 15.71 14.31 15.55 18.54 18.54 14.24 21.32 20.00 14.75 8.76 6.06 4.23 3.43 5.26 5.33 6.20 6.50 4.53
6.42 6.13 5.04 6.28 4.38 0.00 4.38 3.94 4.16 9.56 6.86 5.33 5.69 7.88 11.17 12.41 11.97 13.65 15.55 15.55 17.81 15.77 11.68 9.34 5.69 5.26 10.44 17.67 19.93 15.55 20.44 18.25 13.72 13.07 15.18 24.16 24.09 28.40 26.57 25.92 24.97 25.77 31.24 29.20 29.20 20.95 12.85 16.13 4.45 1.46 7.37 4.31 4.31 6.72 14.82 17.23 22.92 21.68 26.57 23.58 19.42 15.77 13.29 10.73 10.73 11.50 14.68 13.51 14.53 14.53 10.00 12.41 16.94 10.07 10.66 7.15 2.56 4.38 4.67 5.62 4.96 5.62 4.74
7.37 4.09 4.60 2.77 3.07 0.00 0.00 0.00 0.00 5.48 4.82 4.45 4.31 5.62 12.05 15.48 16.43 15.40 15.91 15.91 15.48 16.79 14.16 9.49 7.81 8.61 10.22 13.87 16.21 10.88 14.31 17.23 14.31 17.08 20.95 25.99 27.01 27.74 28.76 27.23 26.79 32.85 34.89 36.87 36.87 31.32 19.93 28.69 13.07 9.20 17.74 11.83 8.91 17.67 14.60 15.77 16.86 16.64 21.90 22.83 13.79 10.51 11.90 12.96 14.38 14.53 17.46 14.60 10.59 10.59 8.25 8.69 9.78 5.26 6.50 3.50 4.38 5.91 6.13 5.77 4.97 5.88 0.00
7.01 3.72 2.26 0.00 0.00 0.00 0.00 0.00 0.00 0.00 0.00 3.29 3.21 4.02 11.90 19.20 20.08 15.70 12.70 12.70 14.24 12.85 8.61 8.91 12.63 11.75 13.58 9.27 8.18 10.22 14.02 9.93 11.61 16.94 21.83 22.85 25.99 28.98 27.23 30.88 29.78 32.49 36.87 36.21 36.21 37.16 32.41 22.92 26.35 17.67 24.67 17.67 16.28 25.40 20.59 15.62 15.70 17.59 16.21 15.04 6.28 8.81 8.10 12.98 14.38 13.94 15.33 16.67 12.06 11.68 9.54 4.60 4.67 5.48 4.31 4.67 4.89 5.48 6.57 5.81 5.58 3.87 0.00
5.99 3.36 2.12 3.21 2.56 0.00 0.00 2.26 2.19 2.34 2.41 0.00 0.00 0.00 7.30 15.26 19.49 14.09 10.95 10.95 11.75 11.17 7.88 8.03 11.68 14.45 8.10 7.23 7.81 8.83 11.24 7.15 9.86 13.43 23.94 25.33 21.83 26.28 23.21 21.46 27.38 23.36 33.43 32.19 32.19 39.06 38.33 33.80 31.03 27.23 26.06 26.35 25.48 30.59 27.23 23.00 18.98 20.88 13.21 8.04 9.51 5.26 5.91 6.85 13.31 10.87 13.93 13.87 9.71 9.76 7.34 7.12 4.60 3.87 6.57 4.84 4.67 4.74 5.91 6.09 4.71 6.49 5.62
4.89 2.92 2.56 3.29 1.83 0.00 2.56 3.14 2.48 2.41 2.19 0.00 0.00 0.00 4.23 8.76 11.90 9.71 8.40 8.40 8.91 8.32 6.57 6.13 7.74 10.22 3.36 3.87 5.33 5.26 7.15 7.30 7.66 20.08 25.33 22.85 16.50 11.46 20.81 13.58 19.42 22.48 28.03 36.57 36.57 34.75 30.88 36.43 36.50 28.03 28.54 28.47 29.27 30.00 30.88 29.86 22.63 18.25 18.61 11.10 8.09 8.18 5.96 5.25 6.56 15.87 15.95 9.73 8.40 8.40 7.72 8.85 6.19 8.36 7.93 6.68 5.38 7.96 7.34 7.07 6.18 8.76 7.45
5.48 5.62 2.63 3.58 2.99 1.90 3.21 3.50 0.00 3.29 3.58 2.92 0.00 0.00 0.00 5.62 6.20 6.06 5.77 5.77 6.72 6.57 4.31 4.09 4.02 3.72 2.99 3.94 3.87 3.07 5.84 6.42 11.53 14.24 24.53 25.19 12.05 5.48 7.37 7.08 14.60 14.67 21.90 26.43 26.43 27.96 21.17 31.39 27.74 28.84 29.05 28.84 29.05 29.71 29.42 26.43 27.08 23.66 23.87 17.16 8.91 14.24 9.76 7.17 9.45 11.55 12.58 9.17 5.99 5.99 6.78 8.13 9.76 8.97 8.14 8.97 7.19 8.54 7.34 6.99 7.00 6.96 10.71
9.49 10.80 4.16 4.96 5.91 3.43 3.29 3.80 0.00 3.80 4.89 4.16 0.00 0.00 0.00 4.60 6.42 6.13 6.86 6.86 5.26 3.87 3.14 2.12 0.00 2.34 3.58 3.87 0.00 3.50 5.40 5.33 6.13 6.06 19.56 16.50 9.05 7.23 3.14 6.64 5.48 15.84 6.94 11.32 11.32 16.94 17.59 19.56 27.16 28.25 28.69 27.38 27.08 27.26 28.60 25.91 26.53 26.94 24.89 20.44 18.32 18.69 13.79 7.22 9.84 11.62 12.50 12.36 8.54 8.58 5.20 8.46 8.27 9.52 10.66 10.89 8.54 8.79 7.72 5.23 4.97 5.69 8.32
17.59 18.18 8.76 9.78 13.29 4.89 4.96 4.82 0.00 0.00 4.31 4.09 0.00 0.00 0.00 3.07 5.77 5.69 4.82 4.82 3.72 4.09 3.72 0.00 0.00 2.41 3.58 4.60 3.65 2.85 3.07 5.11 3.72 14.60 13.58 18.40 6.13 4.16 2.56 4.02 6.94 7.59 9.56 7.45 7.45 11.75 18.10 24.67 29.05 29.05 29.20 26.50 23.58 23.80 24.69 24.44 25.89 26.94 26.46 22.46 19.91 17.31 11.52 10.18 9.79 10.16 13.13 8.39 9.54 9.54 5.60 7.56 8.03 8.71 10.77 9.54 9.90 9.61 8.94 6.36 6.27 8.57 11.57
25.26 24.82 16.06 15.70 18.61 10.88 9.27 11.17 3.29 3.94 3.72 3.14 0.00 0.00 0.00 0.00 3.58 0.00 0.00 0.00 0.00 0.00 3.14 3.72 0.00 0.00 0.00 4.16 3.50 1.83 3.07 2.92 1.97 3.43 7.52 11.10 4.96 5.11 2.26 3.50 7.52 10.80 19.27 11.02 11.02 13.21 19.35 27.16 28.25 29.78 28.18 26.65 23.14 20.66 21.57 21.08 22.63 19.32 21.79 24.31 20.46 18.31 16.04 11.51 12.28 10.42 10.48 7.60 5.34 5.26 3.41 5.56 6.31 8.43 9.52 10.00 9.46 6.97 5.63 5.22 6.09 8.65 9.33
30.44 28.40 21.02 15.70 17.89 17.96 15.40 21.10 8.76 8.61 8.47 7.52 6.86 3.72 0.00 0.00 0.00 0.00 0.00 0.00 0.00 0.00 0.00 0.00 0.00 0.00 3.58 3.07 2.41 2.12 0.88 1.83 2.04 2.85 4.02 3.29 4.09 0.00 0.00 0.00 9.71 14.60 26.94 23.29 23.29 28.40 23.43 23.29 29.35 27.74 26.21 25.89 23.35 23.08 22.46 18.87 16.21 16.72 17.74 19.73 15.90 16.73 16.60 15.29 9.13 10.08 6.35 4.89 4.44 4.33 2.92 2.12 5.99 8.43 8.48 8.36 6.28 4.28 5.49 4.47 4.39 8.60 8.01
19.86 15.55 13.14 20.08 22.48 27.74 36.72 40.22 32.49 32.70 32.34 30.00 23.94 18.03 4.82 3.36 1.97 0.95 0.00 0.00 0.00 0.00 1.10 0.00 1.10 1.02 1.83 1.24 1.10 1.24 1.46 2.34 2.56 1.90 2.04 2.92 3.36 2.99 0.00 6.20 9.42 15.26 20.66 21.39 21.39 28.11 27.23 27.01 26.72 25.84 24.53 17.31 17.62 18.81 12.07 12.25 9.73 12.71 13.49 14.30 16.73 16.36 17.25 18.84 14.68 8.47 8.73 8.45 3.59 3.54 3.29 3.36 6.43 7.98 13.88 13.10 11.53 6.66 5.28 1.42 1.51 4.78 6.96
14.53 17.96 17.96 18.91 22.56 27.16 31.03 35.70 42.05 40.66 35.19 25.40 21.32 17.74 10.95 6.13 3.50 1.90 2.19 2.19 1.83 1.53 1.31 1.10 0.95 0.00 0.73 0.58 1.24 1.17 1.68 1.68 2.48 2.12 3.36 4.82 5.99 6.20 7.66 8.91 3.80 11.02 17.37 15.11 15.11 23.21 25.62 19.93 22.05 22.28 15.89 13.62 12.54 10.72 9.63 12.20 13.56 10.44 13.81 10.05 13.81 18.14 20.73 20.64 17.08 11.46 11.39 11.01 4.33 4.26 0.95 2.26 6.70 10.91 16.94 14.76 13.87 8.63 0.75 0.38 0.00 1.37 5.44
9.13 17.23 17.16 14.67 19.56 20.15 21.53 25.70 43.07 42.12 36.06 24.09 19.86 21.10 15.77 10.29 7.59 3.65 4.53 4.53 3.07 2.04 2.12 1.46 0.95 1.75 1.02 0.00 0.73 1.10 1.31 2.41 0.95 2.26 1.02 5.62 6.94 7.96 3.58 3.87 0.80 3.07 10.95 6.64 6.64 13.65 12.41 16.43 15.12 17.84 16.12 14.09 13.48 12.89 12.05 11.75 7.88 11.72 9.73 13.96 19.75 19.31 18.99 19.20 15.40 13.36 13.48 10.28 4.40 4.89 1.36 1.27 6.16 10.06 14.76 15.05 12.39 8.54 1.61 0.00 0.00 0.81 4.15
0.00 13.43 13.94 9.93 13.07 11.90 14.31 28.03 31.84 34.53 31.17 21.75 17.37 20.51 16.13 10.66 7.45 5.69 5.48 5.48 4.23 3.29 2.26 1.90 1.61 0.80 0.80 0.15 0.00 1.24 2.26 1.61 0.22 0.44 3.21 2.92 5.84 7.37 5.48 1.61 0.00 1.25 4.09 7.59 7.59 15.62 9.20 11.68 16.29 16.21 19.04 16.95 14.88 17.26 14.89 8.68 7.94 5.81 8.84 11.36 13.45 20.96 21.05 18.27 17.59 12.56 12.44 10.75 7.54 7.26 2.16 3.77 4.77 9.92 12.22 9.55 7.41 4.59 2.52 1.16 0.00 2.04 0.87
6.94 5.84 0.00 0.00 7.08 11.83 10.15 19.78 22.34 27.01 27.74 20.95 15.84 18.61 14.97 12.19 7.81 6.35 5.48 5.48 3.72 2.92 2.41 1.61 2.26 1.68 0.58 0.00 0.66 0.22 0.95 1.17 0.73 0.00 0.58 0.07 2.41 3.43 0.73 0.29 0.00 0.58 2.48 6.42 6.42 8.54 12.41 16.94 18.54 17.96 19.20 19.05 17.81 14.76 12.88 10.08 9.19 4.02 8.25 13.02 14.14 13.47 18.23 18.79 16.86 13.43 11.29 13.12 10.39 10.45 6.57 7.00 4.84 6.59 7.75 7.42 6.49 5.51 3.82 1.77 1.44 2.79 7.63
0.00 0.00 0.00 0.00 0.00 9.34 12.12 17.52 22.34 23.29 18.47 15.40 17.01 11.46 15.99 9.05 5.69 4.38 4.45 4.45 1.83 1.02 1.39 1.02 1.10 0.00 0.73 0.00 0.00 0.00 0.00 0.00 0.00 0.00 0.00 0.66 0.29 0.00 0.00 0.00 0.00 0.66 1.53 4.02 4.02 5.36 10.37 12.69 15.62 19.19 16.78 20.59 13.20 13.34 11.89 9.20 8.57 6.66 12.07 11.39 9.99 11.93 16.06 18.79 15.88 13.70 14.09 11.81 12.48 14.60 6.90 7.30 7.24 5.23 2.90 3.77 6.92 6.08 4.45 2.41 2.95 3.39 7.76
0.00 0.00 0.00 0.00 0.00 0.00 8.18 14.82 18.91 21.32 17.74 13.87 14.16 11.90 7.15 9.34 11.02 9.86 6.42 6.42 3.07 1.02 0.07 0.00 0.00 0.00 0.37 0.44 0.00 0.00 0.00 0.00 0.00 0.00 0.00 0.00 0.00 0.00 0.00 0.00 0.00 0.00 0.22 1.46 1.46 3.36 3.58 5.50 10.04 10.24 13.95 13.80 12.74 10.34 9.19 8.83 10.25 0.00 0.00 11.30 14.74 11.91 14.60 15.52 19.50 14.94 15.35 14.87 10.83 12.12 7.91 8.22 3.77 2.99 2.92 3.28 5.43 3.07 1.10 0.00 2.58 3.82 5.77
0.00 0.00 0.00 0.00 0.00 0.00 0.00 10.22 14.24 17.16 14.53 11.83 12.34 12.41 10.15 12.41 9.49 16.30 12.26 12.26 7.96 3.21 0.58 0.00 0.00 0.00 0.00 0.00 0.00 0.00 0.00 0.00 0.00 0.00 0.00 0.00 0.00 0.22 0.00 0.00 0.00 0.00 1.17 0.00 0.00 0.95 0.22 0.73 2.40 10.47 13.14 12.43 12.11 11.68 11.00 0.00 0.00 0.00 0.00 0.00 13.36 12.25 12.94 13.46 16.08 18.71 18.56 18.61 8.71 8.90 9.70 6.79 4.50 3.87 2.36 2.92 3.33 3.69 0.31 0.00 0.00 3.93 7.20
0.00 0.00 0.00 0.00 0.00 0.00 0.00 0.00 8.91 12.78 9.20 6.94 8.47 9.49 8.98 11.75 16.29 15.55 16.94 15.80 13.87 9.05 4.23 0.95 0.00 0.29 0.22 0.37 0.00 0.00 0.00 0.00 0.00 0.00 0.00 0.00 1.68 0.00 0.00 0.00 0.07 0.15 1.31 1.53 1.53 0.37 0.07 0.29 6.49 9.22 13.64 16.90 8.48 6.12 0.00 0.00 0.00 0.00 0.00 0.00 0.00 0.00 11.78 11.77 10.34 19.35 23.87 17.84 12.88 15.75 8.21 7.56 6.80 5.68 3.92 4.30 4.87 4.79 2.06 0.00 0.00 0.00 0.00
0.00 0.00 0.00 0.00 0.00 0.00 0.00 0.00 0.00 0.00 0.00 0.00 0.00 0.00 0.00 0.00 0.00 5.99 9.40 9.55 10.29 10.95 9.64 4.82 5.91 3.65 3.72 6.86 0.07 3.94 0.00 1.31 0.80 1.17 1.90 4.60 7.59 6.50 7.08 7.88 7.41 7.68 5.97 1.10 1.10 2.41 0.73 1.46 2.71 5.12 6.82 0.00 0.00 0.00 0.00 0.00 0.00 0.00 0.00 0.00 0.00 0.00 0.00 0.00 9.18 16.97 13.51 10.30 10.05 11.24 5.51 7.61 6.14 0.00 0.00 0.00 5.88 0.00 0.00 0.00 0.00 0.00 0.00
0.00 0.00 0.00 0.00 0.00 0.00 0.00 0.00 0.00 0.00 0.00 0.00 0.00 0.00 0.00 0.00 0.00 0.00 0.00 0.00 8.61 13.07 13.69 12.78 9.42 7.01 7.22 11.53 6.50 9.27 5.77 7.37 5.62 6.86 2.99 4.96 12.19 10.44 11.53 11.46 10.80 7.80 8.45 2.56 2.85 5.84 5.18 3.07 4.19 0.00 0.00 0.00 0.00 0.00 0.00 0.00 0.00 0.00 0.00 0.00 0.00 0.00 0.00 0.00 0.00 15.86 6.52 6.56 4.38 4.38 0.00 0.00 0.00 0.00 0.00 0.00 0.00 0.00 0.00 0.00 0.00 0.00 0.00
0.00 0.00 0.00 0.00 0.00 0.00 0.00 0.00 0.00 0.00 0.00 0.00 0.00 0.00 0.00 0.00 0.00 0.00 0.00 0.00 0.00 0.00 6.94 8.10 8.25 9.93 4.33 8.57 12.70 8.47 7.30 7.45 11.24 5.19 7.88 6.64 7.72 13.87 5.26 8.10 9.56 3.32 6.28 4.69 5.96 9.59 5.38 6.54 0.00 0.00 0.00 0.00 0.00 0.00 0.00 0.00 0.00 0.00 0.00 0.00 0.00 0.00 0.00 0.00 0.00 0.00 0.00 0.00 0.00 0.00 0.00 0.00 0.00 0.00 0.00 0.00 0.00 0.00 0.00 0.00 0.00 0.00 0.00
0.00 0.00 0.00 0.00 0.00 0.00 0.00 0.00 0.00 0.00 0.00 0.00 0.00 0.00 0.00 0.00 0.00 0.00 0.00 0.00 0.00 0.00 0.00 0.00 4.89 5.91 4.89 0.00 5.26 8.25 8.25 5.26 10.76 14.42 3.36 4.23 0.00 4.96 0.00 0.00 4.31 0.00 0.00 0.00 0.00 0.00 2.60 3.39 0.00 0.00 0.00 0.00 0.00 0.00 0.00 0.00 0.00 0.00 0.00 0.00 0.00 0.00 0.00 0.00 0.00 0.00 0.00 0.00 0.00 0.00 0.00 0.00 0.00 0.00 0.00 0.00 0.00 0.00 0.00 0.00 0.00 0.00 0.00
