Wansh/Snow_depth/snowdepth-1982/winter/1982350.txt
ncols 321
nrows 161
xllcenter 60
yllcenter 15 
cellsize  0.25 
NODATA_value -1
[rows 0 to 36 of 161, columns 168 to 251 of 321]
1.02 0.07 1.53 1.97 1.75 1.02 2.26 2.56 3.58 3.58 3.94 3.29 2.70 2.19 1.75 1.02 1.46 2.92 0.00 1.39 2.63 4.02 4.09 3.58 2.19 0.00 0.00 0.00 0.00 0.00 0.00 0.00 5.18 8.25 10.15 10.15 9.93 8.98 11.61 12.19 9.64 5.18 4.67 4.31 4.45 5.69 8.69 9.78 8.10 5.91 5.84 7.96 8.83 8.10 6.57 9.71 11.39 12.19 12.34 12.85 12.85 11.10 13.80 15.11 16.06 16.21 15.48 14.67 14.67 14.38 13.72 14.09 13.21 12.70 12.12 11.97 12.99 14.53 15.18 16.28 16.79 17.74 17.23 18.03
3.29 2.12 1.83 1.83 0.00 0.00 1.17 2.99 3.43 3.43 2.56 1.90 3.07 0.80 0.07 0.00 2.04 0.00 0.00 1.31 1.46 3.72 4.60 4.45 0.15 0.00 0.00 0.00 0.00 0.00 0.00 0.00 2.85 8.76 8.98 8.98 6.13 6.64 11.10 11.17 7.01 5.33 5.18 4.96 6.20 5.77 4.23 4.02 3.72 5.48 4.31 5.48 8.83 10.88 10.07 10.66 12.26 10.95 12.78 14.53 14.53 15.40 17.01 18.32 15.99 13.43 12.92 14.02 15.11 16.28 16.28 15.70 13.87 13.87 12.85 12.92 13.21 13.21 13.51 15.26 15.77 13.36 12.85 12.99
4.82 2.41 0.51 1.31 1.10 1.10 1.61 1.90 3.07 3.07 2.77 1.68 1.31 0.88 1.24 2.56 0.00 0.00 3.72 3.14 2.34 0.80 1.90 0.00 0.00 0.00 0.00 0.00 0.00 0.00 0.00 0.00 4.82 7.81 6.06 6.06 5.40 8.32 10.00 7.96 6.06 5.26 4.74 4.45 3.50 3.58 3.65 4.02 4.31 4.02 4.16 5.84 7.96 9.93 11.10 8.83 8.69 8.32 10.07 10.73 10.73 12.26 14.09 14.24 13.87 10.00 10.15 11.68 12.56 13.80 11.83 14.53 14.53 13.87 12.70 11.90 12.41 11.97 9.93 12.48 13.43 11.39 11.32 10.51
4.82 2.41 0.51 1.31 1.10 1.10 1.61 1.90 3.07 3.07 2.77 1.68 1.31 0.88 1.24 2.56 0.00 0.00 3.72 3.14 2.34 0.80 1.90 0.00 0.00 0.00 0.00 0.00 0.00 0.00 0.00 0.00 4.82 7.81 6.06 6.06 5.40 8.32 10.00 7.96 6.06 5.26 4.74 4.45 3.50 3.58 3.65 4.02 4.31 4.02 4.16 5.84 7.96 9.93 11.10 8.83 8.69 8.32 10.07 10.73 10.73 12.26 14.09 14.24 13.87 10.00 10.15 11.68 12.56 13.80 11.83 14.53 14.53 13.87 12.70 11.90 12.41 11.97 9.93 12.48 13.43 11.39 11.32 10.51
4.82 3.43 3.43 3.21 2.85 1.97 1.02 1.46 2.12 2.12 2.26 2.12 2.04 1.31 1.46 0.00 0.00 0.00 1.83 2.34 2.85 1.90 0.00 0.00 0.00 0.00 0.00 0.00 0.00 0.00 0.00 0.73 6.06 8.32 6.94 6.94 12.12 9.71 6.64 2.92 2.48 2.26 2.12 2.63 2.56 3.94 3.65 3.87 4.67 4.67 5.18 5.62 6.42 6.79 6.42 5.99 5.99 7.15 9.49 8.61 8.61 9.78 12.70 9.56 9.20 9.05 8.69 9.05 9.49 9.71 9.78 10.22 10.51 11.10 9.20 8.03 8.10 7.08 8.61 10.00 10.00 10.88 11.24 13.87
7.15 5.55 4.53 4.16 2.48 1.02 1.97 1.97 3.07 3.07 3.87 4.53 4.02 2.34 2.41 0.00 0.00 0.58 0.37 0.00 0.00 0.00 0.00 0.00 0.00 0.00 0.00 0.00 0.00 0.00 0.00 3.21 5.77 6.42 7.59 7.59 8.25 5.84 0.95 1.02 1.90 2.92 3.58 3.07 2.48 2.85 4.38 5.04 4.60 4.67 5.11 6.57 7.96 6.35 6.20 4.82 5.26 6.20 6.79 9.93 9.93 11.10 9.78 8.03 7.01 6.50 4.60 4.89 5.62 6.35 6.50 7.59 7.96 7.74 6.86 6.28 6.50 10.37 9.56 8.25 8.98 10.29 10.95 13.21
9.20 7.15 4.96 3.87 2.77 3.50 3.65 3.50 3.72 3.72 3.21 4.16 3.80 3.58 1.31 0.80 0.37 0.00 0.00 0.00 0.00 0.00 0.00 0.00 0.00 0.00 0.00 0.00 0.00 0.00 5.26 9.42 8.83 8.98 7.37 7.37 3.50 2.04 1.17 1.17 1.24 1.61 2.92 3.50 3.65 3.94 4.16 4.60 5.48 5.11 4.23 5.04 5.11 4.74 5.40 5.04 4.96 5.26 4.60 6.86 6.86 7.15 6.64 6.13 6.28 6.50 6.28 5.77 4.60 4.96 7.45 8.03 8.25 8.10 8.54 7.01 9.49 12.19 12.26 11.63 12.90 13.53 14.44 16.27
9.20 7.15 4.96 3.87 2.77 3.50 3.65 3.50 3.72 3.72 3.21 4.16 3.80 3.58 1.31 0.80 0.37 0.00 0.00 0.00 0.00 0.00 0.00 0.00 0.00 0.00 0.00 0.00 0.00 0.00 5.26 9.42 8.83 8.98 7.37 7.37 3.50 2.04 1.17 1.17 1.24 1.61 2.92 3.50 3.65 3.94 4.16 4.60 5.48 5.11 4.23 5.04 5.11 4.74 5.40 5.04 4.96 5.26 4.60 6.86 6.86 7.15 6.64 6.13 6.28 6.50 6.28 5.77 4.60 4.96 7.45 8.03 8.25 8.10 8.54 8.10 13.09 17.54 16.80 19.77 21.30 18.00 18.58 16.88
8.98 8.91 8.18 7.23 5.91 4.23 3.65 3.87 3.94 3.94 3.80 4.89 0.00 0.00 0.29 0.00 0.00 0.00 0.00 0.00 0.00 0.00 0.00 0.00 0.00 0.00 0.00 0.00 7.81 4.74 7.08 7.08 5.99 6.57 6.50 6.50 4.16 2.99 2.48 2.63 2.04 1.68 2.34 2.92 3.21 3.94 4.45 5.77 6.86 5.84 4.67 4.31 3.72 4.96 4.31 5.26 5.48 7.81 6.13 5.84 5.84 6.28 6.13 5.91 6.42 7.45 6.42 6.13 5.91 6.94 7.74 8.10 8.47 8.05 10.83 12.71 15.80 14.38 12.90 19.43 19.15 17.29 18.10 20.62
6.94 8.10 7.37 6.57 5.69 4.74 4.16 3.58 4.23 4.23 3.87 3.14 1.97 0.00 0.00 0.00 0.00 0.00 0.00 0.00 0.00 0.00 0.00 0.00 0.00 0.00 0.00 4.60 7.08 5.40 6.94 5.77 4.96 4.16 4.45 4.45 3.94 3.36 3.50 0.95 1.97 3.29 2.56 0.51 0.29 1.83 3.65 5.48 6.06 4.23 3.29 2.34 2.77 2.92 3.58 3.36 2.70 4.02 5.04 5.77 5.77 5.91 6.57 6.64 6.06 6.50 6.13 5.99 6.72 7.01 8.03 7.23 7.22 9.80 12.53 13.63 16.19 17.20 18.03 18.96 20.74 22.83 28.23 26.95
4.02 4.23 4.82 5.11 5.11 4.60 3.65 2.77 1.02 1.02 0.00 0.00 0.00 0.00 0.00 0.00 0.00 0.00 0.00 0.00 0.00 0.00 0.00 0.00 0.00 2.12 4.45 5.40 3.72 4.45 4.23 4.60 4.38 3.58 3.72 3.72 3.72 3.58 3.36 2.85 2.34 2.41 1.90 1.46 1.24 1.53 1.83 2.70 2.77 3.29 1.10 1.90 3.58 3.14 2.56 0.80 1.24 2.34 4.89 4.96 4.96 4.23 4.53 6.06 5.69 6.06 6.06 5.91 5.33 5.04 4.89 5.48 5.62 5.71 7.98 13.68 21.96 22.78 18.25 22.53 24.89 24.87 22.15 24.33
4.02 4.23 4.82 5.11 5.11 4.60 3.65 2.77 1.02 1.02 0.00 0.00 0.00 0.00 0.00 0.00 0.00 0.00 0.00 0.00 0.00 0.00 0.00 0.00 0.00 2.12 4.45 5.40 3.72 4.45 4.23 4.60 4.38 3.58 3.72 3.72 3.72 3.58 3.36 2.85 2.34 2.41 1.90 1.46 1.24 1.53 1.83 2.70 2.77 3.29 1.10 1.90 3.58 3.14 2.56 0.80 1.24 2.34 4.89 4.96 4.96 4.23 4.53 6.06 5.69 6.06 6.06 5.91 5.33 5.04 4.89 5.48 5.48 5.62 7.74 12.70 19.57 21.09 19.47 23.38 24.89 24.33 24.33 26.03
10.80 7.52 4.38 3.14 2.85 1.53 0.00 0.00 0.00 0.00 0.00 0.00 0.00 0.00 0.00 0.00 0.00 0.00 0.00 0.00 0.00 0.00 1.61 1.83 4.09 3.72 3.65 3.50 2.92 2.77 3.58 2.85 4.67 3.58 3.07 3.07 3.43 3.58 3.87 4.23 4.23 2.92 1.90 1.39 1.46 2.48 2.63 3.29 3.50 2.41 2.26 1.97 2.56 1.90 2.26 1.39 1.83 1.68 2.12 2.41 2.41 2.99 3.29 4.23 4.09 4.23 5.26 5.18 5.04 5.18 3.43 5.04 5.48 6.42 6.44 9.77 16.44 15.45 19.50 23.75 24.43 26.95 25.49 25.14
11.17 9.20 6.64 3.87 1.75 1.17 0.00 0.00 0.00 0.00 0.00 0.00 0.00 0.00 0.00 0.00 0.00 0.00 0.00 1.83 2.85 4.96 3.29 2.34 2.26 2.70 3.50 3.07 1.68 2.77 2.99 2.48 2.85 2.34 2.19 2.19 2.56 3.50 3.36 3.14 2.26 2.56 1.83 1.75 1.90 1.97 2.92 2.12 1.83 2.34 1.61 1.90 1.75 1.10 2.92 2.34 1.61 2.48 3.72 3.72 3.72 4.16 3.36 4.09 4.23 4.60 6.06 7.23 6.13 6.06 6.06 6.06 5.69 7.18 10.37 10.95 11.84 17.18 19.43 19.07 27.36 25.90 25.10 25.20
8.10 8.69 8.32 8.03 8.18 3.65 3.65 4.38 0.00 0.00 0.00 0.00 0.00 0.00 0.00 0.00 0.00 0.00 3.21 2.92 3.87 3.80 3.50 2.92 1.68 2.34 4.23 3.87 3.65 2.99 2.41 1.46 0.80 1.90 2.77 2.77 3.43 3.50 3.29 3.07 3.07 2.41 1.46 1.46 1.68 1.24 2.04 2.04 2.12 1.46 1.17 2.92 1.02 0.95 2.41 2.41 3.36 2.99 3.14 3.21 3.21 3.72 3.94 2.99 2.99 5.40 5.91 4.82 5.91 5.77 6.86 6.72 7.54 10.98 10.82 9.84 12.24 16.11 18.04 18.62 20.09 21.14 20.42 17.68
7.59 6.20 6.42 7.52 10.37 9.20 6.13 3.21 1.17 1.17 0.00 0.00 0.00 0.00 0.00 0.37 2.41 1.46 1.75 1.39 2.41 3.87 3.43 3.29 3.87 3.72 3.21 3.29 2.77 3.07 4.09 4.16 3.65 3.50 3.87 3.87 4.23 4.16 4.23 3.80 2.70 2.34 1.61 0.88 0.80 1.17 1.31 0.73 0.37 0.58 1.46 1.31 0.00 0.00 2.04 0.00 2.41 2.85 2.56 2.48 2.48 4.45 3.80 3.29 3.50 4.31 4.38 4.16 4.74 6.13 6.72 7.38 8.55 7.11 9.84 12.40 12.91 11.72 13.94 13.21 13.59 14.28 10.78 11.12
7.59 6.20 6.42 7.52 10.37 9.20 6.13 3.21 1.17 1.17 0.00 0.00 0.00 0.00 0.00 0.37 2.41 1.46 1.75 1.39 2.41 3.87 3.43 3.29 3.87 3.72 3.21 3.29 2.77 3.07 4.09 4.16 3.65 3.50 3.87 3.87 4.23 4.16 4.23 3.80 2.70 2.34 1.61 0.88 0.80 1.17 1.31 0.73 0.37 0.58 1.46 1.31 0.00 0.00 2.04 0.00 2.41 2.85 2.56 2.48 2.48 4.45 3.80 3.29 3.50 4.31 4.38 4.16 4.74 6.13 6.72 9.06 8.01 7.72 8.84 15.34 13.10 12.95 14.21 11.91 13.14 12.28 11.72 12.62
4.23 4.45 4.96 4.67 5.55 4.82 4.53 5.55 5.33 5.33 4.09 3.07 2.63 0.29 2.99 2.26 0.00 0.00 0.58 1.39 1.02 1.46 2.41 2.92 2.85 1.97 2.41 3.07 3.50 3.87 3.80 4.60 4.23 3.72 3.87 3.87 4.09 3.58 2.70 2.70 2.41 3.36 3.94 3.21 1.83 0.66 1.24 0.00 0.07 0.00 0.00 0.00 0.00 0.00 0.00 0.00 0.00 2.77 1.90 2.56 2.56 3.21 3.14 3.50 3.80 4.60 5.18 6.06 6.50 6.79 6.43 7.60 9.61 8.72 12.03 15.81 16.12 13.13 11.25 12.13 11.25 11.50 12.48 11.42
3.65 6.06 8.25 6.86 6.72 5.62 3.36 2.12 3.07 3.07 3.58 4.96 3.50 2.26 1.39 0.66 0.00 0.22 1.46 2.34 1.68 1.97 2.56 1.97 2.04 2.70 2.70 2.56 2.77 3.58 3.43 4.09 4.53 4.02 4.31 4.31 4.38 3.07 3.14 2.77 3.14 3.43 2.41 2.85 2.19 1.53 1.97 0.44 0.00 3.36 1.75 0.00 0.00 0.00 0.00 0.00 3.36 0.00 0.00 1.83 1.83 2.34 2.12 3.21 3.58 4.09 5.11 6.50 6.94 7.04 8.04 9.88 11.83 11.34 13.73 16.55 17.41 16.71 15.19 14.39 12.18 12.32 11.02 13.67
4.09 5.33 6.64 7.01 7.30 6.86 5.62 4.60 3.21 3.21 3.80 3.72 3.43 4.02 2.85 0.58 0.22 2.12 1.97 2.19 3.29 3.36 3.29 3.65 3.43 2.99 2.34 3.21 2.99 3.80 4.23 5.26 6.13 5.99 3.07 3.07 3.07 3.29 4.74 4.82 4.53 2.85 0.80 0.58 1.02 0.00 0.00 0.00 0.00 0.00 2.70 3.29 4.82 0.00 0.00 0.00 4.02 4.53 4.31 4.02 4.02 3.21 2.99 3.94 4.38 5.55 4.38 5.69 7.37 9.13 10.80 13.36 17.52 18.10 17.74 17.95 18.14 20.44 19.11 15.34 14.49 13.91 13.97 16.60
2.41 3.72 5.26 4.38 4.67 5.40 5.26 3.94 3.94 3.94 4.23 5.40 5.91 5.26 4.02 4.53 3.07 2.92 2.70 2.92 4.53 5.69 4.53 3.94 4.02 3.72 3.58 3.65 3.58 4.82 4.67 5.26 5.99 6.42 5.40 5.40 4.31 3.29 3.29 3.50 2.92 0.80 0.22 2.04 2.12 0.00 0.00 0.00 4.89 4.60 4.02 3.29 3.07 3.36 3.43 0.00 4.38 4.23 0.00 3.50 3.50 3.87 3.43 3.87 4.82 4.60 5.18 7.37 9.34 10.80 13.58 21.17 21.17 20.37 21.08 19.55 23.76 21.43 21.34 18.91 20.73 18.17 18.05 16.66
1.39 3.14 3.21 2.70 2.12 3.07 2.41 2.70 3.94 3.94 4.31 5.40 6.35 7.37 5.04 2.70 2.85 4.02 5.55 5.84 5.26 5.26 5.11 5.33 6.35 7.01 6.06 5.48 4.96 4.31 5.33 8.18 5.99 7.45 7.15 7.15 6.13 3.21 2.04 1.97 1.83 1.24 1.10 1.53 1.61 0.00 0.00 3.94 0.00 0.00 4.31 0.00 2.85 1.83 1.75 2.92 4.45 3.87 2.70 0.00 0.00 0.00 0.00 0.00 3.87 5.69 6.86 9.64 11.39 12.92 15.40 21.24 22.56 24.24 23.50 23.78 28.90 22.67 23.97 20.67 16.07 16.34 17.92 17.39
1.39 3.14 3.21 2.70 2.12 3.07 2.41 2.70 3.94 3.94 4.31 5.40 6.35 7.37 5.04 2.70 2.85 4.02 5.55 5.84 5.26 5.26 5.11 5.33 6.35 7.01 6.06 5.48 4.96 4.31 5.33 8.18 5.99 7.45 7.15 7.15 6.13 3.21 2.04 1.97 1.83 1.24 1.10 1.53 1.61 0.00 0.00 3.94 0.00 0.00 4.31 0.00 2.85 1.83 1.75 2.92 4.45 3.87 2.70 0.00 0.00 0.00 0.00 0.00 3.87 5.69 6.86 9.64 11.39 12.92 15.40 21.24 22.56 24.24 22.56 23.91 22.44 19.95 20.08 24.05 19.65 16.69 14.04 16.04
1.97 1.90 1.68 1.75 3.21 4.60 4.31 4.60 4.67 4.67 5.55 5.69 5.33 5.69 4.82 4.45 4.09 5.18 5.99 6.94 7.15 6.13 6.13 6.42 6.64 6.94 6.72 7.66 7.30 5.18 5.33 5.84 6.20 6.20 4.45 4.45 2.48 2.26 2.92 3.43 2.12 1.75 1.39 1.83 0.00 0.00 1.31 3.50 4.02 5.48 4.74 5.26 6.79 8.03 8.32 8.18 7.30 5.84 3.36 0.00 0.00 0.00 0.00 3.43 6.94 8.54 9.20 9.49 9.49 10.66 11.46 15.62 20.66 21.46 21.53 21.06 20.29 23.94 22.98 20.26 18.58 15.95 16.05 15.24
2.92 3.07 2.41 2.85 2.70 6.20 6.13 5.69 5.04 5.04 5.04 4.67 5.77 5.77 5.69 3.72 4.16 4.53 5.69 7.23 8.10 7.88 6.42 6.64 7.66 9.20 12.05 11.83 9.71 8.32 8.03 6.28 5.04 3.87 2.92 2.92 2.99 3.50 2.26 4.53 5.11 1.53 1.83 1.97 3.07 0.00 4.96 6.57 8.32 9.42 9.64 9.49 9.93 12.78 13.65 12.48 9.86 7.59 6.20 0.00 0.00 0.00 0.00 3.50 8.40 10.95 10.95 11.75 10.00 8.54 10.15 10.88 12.85 15.62 16.10 17.10 16.50 18.05 19.33 17.02 17.40 12.27 13.83 14.10
2.04 0.00 3.94 2.34 0.00 4.82 2.99 4.45 4.74 4.74 4.89 5.26 6.06 7.15 5.11 6.28 6.13 5.40 6.06 6.86 7.37 8.76 8.25 8.40 8.32 9.34 12.19 13.07 12.12 9.64 9.93 8.40 6.86 5.55 7.01 7.01 8.25 9.05 9.13 10.07 11.39 9.20 7.52 6.64 4.74 11.68 14.24 12.48 11.24 11.32 12.70 12.70 12.19 13.58 13.87 12.41 10.07 9.05 8.03 4.09 4.09 2.48 3.65 8.10 11.02 10.22 7.88 6.57 5.48 3.87 5.33 8.69 11.04 13.86 15.27 15.62 15.71 12.90 12.38 13.70 11.76 11.27 10.43 11.08
3.87 4.96 3.58 0.00 0.00 0.00 0.00 5.91 6.20 6.20 6.28 7.15 8.54 6.79 6.42 6.79 7.08 7.74 8.47 8.98 8.18 9.56 9.93 10.59 8.69 8.40 9.71 11.17 11.10 9.64 9.27 9.20 10.44 12.12 12.12 12.12 11.97 12.99 16.13 16.13 14.09 14.97 17.52 14.31 16.28 14.89 15.84 17.45 15.62 15.48 14.45 14.16 15.04 15.99 13.72 11.39 13.43 10.73 8.98 7.52 7.52 6.35 6.50 7.08 7.01 3.36 1.68 0.80 2.41 6.50 4.82 7.45 11.82 15.12 16.56 14.97 15.24 16.70 12.61 12.53 12.41 10.95 9.66 7.13
2.70 4.02 4.09 0.00 0.00 0.00 0.00 4.60 6.64 6.64 5.48 5.91 6.20 5.77 5.77 6.06 7.74 9.13 8.10 7.88 7.74 8.03 8.47 9.13 8.76 8.69 10.73 9.93 11.10 11.61 13.21 16.13 17.30 16.50 15.04 15.04 14.45 14.75 16.43 16.43 15.26 16.28 17.81 16.06 17.37 17.37 17.16 17.08 15.77 15.84 15.55 15.77 15.84 14.82 13.80 12.05 10.80 9.42 6.94 4.96 4.96 2.04 0.00 0.00 0.44 0.29 0.00 0.00 0.00 7.45 7.49 8.63 13.14 12.80 14.77 12.93 10.78 8.03 7.36 7.67 5.76 3.63 4.40 3.65
2.70 4.02 4.09 0.00 0.00 0.00 0.00 4.60 6.64 6.64 5.48 5.91 6.20 5.77 5.77 6.06 7.74 9.13 8.10 7.88 7.74 8.03 8.47 9.13 8.76 8.69 10.73 9.93 11.10 11.61 13.21 16.13 17.30 16.50 15.04 15.04 14.45 14.75 16.43 16.43 15.26 16.28 17.81 16.06 17.37 17.37 17.16 17.08 15.77 15.84 15.55 15.77 15.84 14.82 13.80 12.05 10.80 9.42 6.94 4.96 4.96 2.04 0.00 0.00 0.44 0.29 0.00 0.00 0.00 7.45 7.53 8.54 11.88 14.27 15.76 15.09 12.51 7.77 7.69 7.46 6.09 4.30 4.02 3.10
5.04 7.37 6.79 0.00 0.00 0.00 0.00 0.00 4.02 4.02 4.67 2.92 4.74 6.20 6.42 5.99 6.64 6.94 7.30 8.03 7.52 7.01 6.13 5.99 10.29 13.87 13.94 13.58 13.87 14.82 16.21 15.84 16.21 15.70 13.29 13.29 12.78 13.87 16.35 15.77 15.18 16.86 18.03 17.37 16.86 17.45 18.18 16.86 16.21 15.18 14.45 14.45 12.92 12.41 10.29 8.32 6.64 4.16 1.02 0.00 0.00 0.00 0.00 0.00 0.00 0.00 0.00 0.00 2.13 0.00 7.96 9.81 13.11 13.81 11.90 7.55 5.21 5.50 5.11 4.13 2.81 1.96 0.46 1.00
7.45 7.52 6.50 0.00 0.00 0.00 0.00 0.00 0.00 0.00 0.00 6.64 5.18 5.04 5.62 6.86 9.20 11.39 12.34 11.97 10.00 9.05 8.25 8.25 10.66 13.43 14.09 13.65 14.24 14.02 13.94 12.85 14.02 14.45 13.72 13.72 13.80 14.53 15.11 13.65 12.70 14.31 15.11 16.43 14.45 15.91 17.16 15.77 14.24 13.80 12.85 12.19 9.34 7.01 5.62 0.00 0.00 0.00 0.00 0.00 0.00 0.00 0.00 0.00 0.00 0.00 1.17 2.48 5.04 5.55 7.45 10.69 13.78 13.82 11.29 4.09 3.43 3.94 2.71 2.70 2.62 2.58 0.95 0.23
11.83 9.05 10.37 9.05 7.37 0.00 0.00 7.23 7.59 7.59 7.01 4.89 5.26 5.62 5.91 7.30 8.61 8.98 10.22 10.80 9.56 7.81 8.61 11.17 11.32 11.17 10.66 12.85 13.65 12.05 11.75 11.53 12.12 12.48 11.39 11.39 10.29 10.66 12.05 9.13 10.51 11.61 13.29 13.43 12.56 10.66 9.78 11.02 9.86 4.96 2.63 3.07 0.00 0.00 0.00 0.00 0.00 0.00 0.00 0.00 0.00 0.00 0.00 0.00 0.00 1.61 1.61 2.41 4.31 4.16 5.33 8.56 12.28 11.96 6.01 3.30 2.47 1.34 2.67 4.26 1.24 0.27 0.23 1.01
13.14 12.41 14.67 13.43 13.87 10.00 8.32 8.47 7.15 7.15 0.00 0.00 0.00 5.04 6.64 7.15 9.13 8.18 7.96 9.34 9.64 8.91 9.86 11.68 14.02 14.24 13.94 13.43 12.48 9.64 8.91 8.83 6.57 4.74 4.45 4.45 4.67 4.23 0.00 0.00 0.00 0.00 0.00 0.00 4.89 3.80 0.00 6.79 6.57 2.19 0.00 0.00 0.22 1.68 1.10 0.00 0.00 0.00 0.00 0.00 0.00 0.00 0.00 0.07 1.31 2.70 2.26 3.58 3.87 4.60 6.28 9.66 11.29 8.89 5.28 3.28 2.58 2.27 0.00 0.40 0.83 0.57 0.00 0.44
9.78 10.95 12.56 14.97 11.02 8.18 8.32 0.00 0.00 0.00 0.00 0.00 0.00 6.79 0.00 6.64 6.86 7.30 9.13 9.93 9.49 10.00 10.29 11.46 12.56 12.26 10.88 8.98 7.59 7.66 7.37 4.60 0.00 0.00 0.00 0.00 0.00 0.00 0.00 0.00 0.00 0.00 0.00 0.00 0.00 0.00 2.99 0.00 0.00 0.00 0.00 0.88 1.83 2.04 0.00 0.00 0.00 0.15 0.00 0.00 0.00 0.00 0.00 0.44 1.46 1.75 0.66 4.16 3.21 5.04 4.53 6.50 5.11 3.40 3.02 2.69 2.46 1.59 0.53 0.00 0.77 0.66 0.73 0.74
7.96 6.13 5.62 5.77 5.69 5.33 0.00 0.00 0.00 0.00 0.00 0.00 0.00 0.00 3.21 0.00 2.99 0.00 4.89 7.23 8.47 8.25 7.96 7.96 6.72 5.84 5.62 5.40 4.38 0.00 0.00 0.00 0.00 0.00 0.00 0.00 0.00 0.00 0.00 0.00 0.00 0.00 0.00 0.00 0.00 0.00 0.00 0.00 0.00 0.00 0.00 0.00 0.00 0.00 0.00 0.00 0.00 0.00 0.00 0.00 0.00 0.00 0.00 0.00 1.53 1.83 2.77 5.04 6.86 5.55 4.74 1.61 2.23 1.64 2.58 3.44 2.35 1.73 0.43 0.00 0.45 0.00 0.22 0.00
7.96 6.13 5.62 5.77 5.69 5.33 0.00 0.00 0.00 0.00 0.00 0.00 0.00 0.00 3.21 0.00 2.99 0.00 4.89 7.23 8.47 8.25 7.96 7.96 6.72 5.84 5.62 5.40 4.38 0.00 0.00 0.00 0.00 0.00 0.00 0.00 0.00 0.00 0.00 0.00 0.00 0.00 0.00 0.00 0.00 0.00 0.00 0.00 0.00 0.00 0.00 0.00 0.00 0.00 0.00 0.00 0.00 0.00 0.00 0.00 0.00 0.00 0.00 0.00 1.53 1.83 2.77 5.04 6.86 5.55 4.74 1.61 2.20 1.61 2.58 3.59 2.10 1.66 0.42 0.00 0.44 0.00 0.22 0.00
5.91 4.09 0.00 0.00 0.00 3.14 0.00 0.00 0.00 0.00 0.00 0.00 0.00 4.16 0.00 1.53 0.00 0.00 6.86 5.55 5.91 5.48 0.00 0.00 0.00 2.12 0.00 0.00 1.53 0.00 0.00 0.00 0.00 0.00 0.00 0.00 0.00 0.00 0.00 0.00 0.00 0.00 0.00 0.00 6.13 3.87 2.77 0.00 0.00 0.00 0.00 0.00 0.00 0.00 0.00 0.00 0.00 0.00 0.00 0.00 0.00 0.00 0.00 0.00 1.17 0.00 3.43 4.60 4.89 4.67 3.36 2.48 1.31 1.55 1.91 2.43 2.74 2.40 0.51 0.00 0.00 0.00 0.00 0.00
