Wansh/Snow_depth/snowdepth-1982/winter/1982359.txt
ncols 321
nrows 161
xllcenter 60
yllcenter 15 
cellsize  0.25 
NODATA_value -1
[rows 0 to 36 of 161, columns 84 to 167 of 321]
9.71 0.00 0.00 0.00 0.00 11.53 8.83 6.42 0.00 0.00 0.00 0.00 0.00 0.00 0.00 0.00 0.00 0.00 0.00 0.00 0.00 0.00 0.00 0.00 0.00 0.00 0.00 0.00 0.00 0.00 0.00 0.00 0.00 0.00 0.00 0.00 0.00 0.00 0.00 0.00 0.00 0.00 0.00 0.00 0.00 0.00 0.00 0.00 0.00 0.00 0.00 0.00 0.00 0.00 0.00 0.00 0.00 0.00 0.00 0.00 0.00 0.00 0.00 0.00 0.00 2.12 3.21 3.43 3.43 3.80 4.38 5.33 6.06 5.62 5.33 5.48 5.48 6.06 7.08 6.72 6.42 4.45 3.43 2.99
0.00 0.00 0.00 0.00 10.37 8.69 6.86 0.00 0.00 0.00 0.00 0.00 0.00 0.00 0.00 0.00 0.00 0.00 0.00 0.00 0.00 0.00 0.00 0.00 0.00 0.00 0.00 0.00 0.00 0.00 0.00 0.00 0.00 0.00 0.00 0.00 0.00 0.00 0.00 0.00 0.00 0.00 0.00 0.00 0.00 0.00 0.00 0.00 0.00 0.00 0.00 0.00 0.00 0.00 0.00 0.00 0.00 0.00 0.00 0.00 0.00 0.00 0.00 0.00 4.31 4.02 5.26 6.06 6.06 5.84 6.06 5.26 5.62 5.77 6.28 7.08 7.59 7.81 8.03 7.81 7.01 6.57 4.89 4.67
0.00 0.00 0.00 0.00 0.00 0.00 0.00 0.00 0.00 0.00 0.00 0.00 0.00 0.00 0.00 0.00 0.00 0.00 0.00 0.00 0.00 0.00 0.00 0.00 0.00 0.00 0.00 0.00 0.00 0.00 0.00 0.00 2.04 0.00 0.00 0.00 0.00 0.00 0.58 1.97 0.00 0.00 0.00 0.00 0.00 0.00 0.00 0.00 0.00 0.00 0.00 0.00 0.00 0.00 0.00 5.18 5.91 5.69 6.13 5.77 5.40 6.06 0.00 9.20 6.72 6.13 5.99 7.81 7.81 7.88 7.15 4.60 4.45 4.67 5.84 6.57 7.23 7.81 7.45 7.08 7.66 8.32 7.88 6.50
0.00 0.00 0.00 0.00 0.00 0.00 0.00 0.00 0.00 0.00 0.00 0.00 0.00 0.00 0.00 0.00 0.00 0.00 0.00 0.00 0.00 0.00 0.00 0.00 0.00 0.00 0.00 0.00 0.00 0.00 0.00 0.00 2.04 0.00 0.00 0.00 0.00 0.00 0.58 1.97 0.00 0.00 0.00 0.00 0.00 0.00 0.00 0.00 0.00 0.00 0.00 0.00 0.00 0.00 0.00 5.18 5.91 5.69 6.13 5.77 5.40 6.06 0.00 9.20 6.72 6.13 5.99 7.81 7.81 7.88 7.15 4.60 4.45 4.67 5.84 6.57 7.23 7.81 7.45 7.08 7.66 8.32 7.88 6.50
0.00 0.00 0.00 0.00 0.00 0.00 0.00 0.00 0.00 0.00 0.00 0.00 0.00 0.00 0.00 4.31 2.77 0.00 0.00 0.00 0.00 0.00 0.00 0.00 0.00 0.00 0.00 0.00 0.00 0.00 0.00 0.00 0.00 0.00 0.00 0.00 0.00 0.00 1.31 0.66 0.00 0.00 0.00 0.00 0.00 0.00 0.00 0.00 0.00 0.00 0.00 0.00 0.00 0.00 1.31 1.53 1.97 4.02 4.45 7.15 9.93 9.20 11.68 11.24 8.61 7.01 6.64 7.45 7.45 7.88 5.18 3.80 4.45 4.38 5.62 5.48 6.35 7.74 7.96 6.94 4.96 5.04 5.11 4.74
0.00 0.00 0.00 0.00 0.00 0.00 0.00 0.00 0.00 0.00 0.00 0.00 0.00 0.00 0.00 9.93 11.02 0.00 0.00 0.00 0.00 0.00 0.00 0.00 0.00 0.00 0.00 0.00 0.00 0.00 0.00 0.00 0.00 0.00 0.00 0.00 0.00 0.00 0.00 0.00 0.00 0.00 0.00 0.00 0.00 0.00 0.00 0.00 0.00 0.00 0.00 0.00 0.00 1.17 1.68 1.31 1.46 3.50 4.09 6.28 8.32 9.20 11.97 14.24 12.99 9.05 6.86 5.04 5.04 5.84 5.55 6.13 7.88 6.72 5.33 5.55 3.50 2.70 3.14 5.11 6.28 7.30 6.64 7.01
0.00 0.00 0.00 0.00 0.00 0.00 0.00 0.00 0.00 0.00 0.00 0.00 0.00 9.64 9.49 9.86 0.00 0.00 0.00 0.00 0.00 0.00 0.00 0.00 0.00 0.00 0.00 0.00 0.00 0.00 0.00 0.00 0.00 0.00 0.00 0.00 0.00 0.00 0.00 0.00 0.00 0.00 0.00 0.00 0.00 0.00 0.00 0.00 0.00 0.00 0.00 2.04 2.04 2.56 4.16 4.45 6.06 8.47 9.93 7.01 8.91 11.02 13.65 14.45 14.45 14.16 12.48 11.10 11.10 10.37 10.66 11.75 12.34 12.19 12.05 12.70 12.41 9.42 7.37 5.69 6.28 7.66 0.00 0.00
0.00 0.00 0.00 0.00 0.00 0.00 0.00 0.00 0.00 0.00 0.00 0.00 0.00 9.64 9.49 9.86 0.00 0.00 0.00 0.00 0.00 0.00 0.00 0.00 0.00 0.00 0.00 0.00 0.00 0.00 0.00 0.00 0.00 0.00 0.00 0.00 0.00 0.00 0.00 0.00 0.00 0.00 0.00 0.00 0.00 0.00 0.00 0.00 0.00 0.00 0.00 2.04 2.04 2.56 4.16 4.45 6.06 8.47 9.93 7.01 8.91 11.02 13.65 14.45 14.45 14.16 12.48 11.10 11.10 10.37 10.66 11.75 12.34 12.19 12.05 12.70 12.41 9.42 7.37 5.69 6.28 7.66 0.00 0.00
0.00 0.00 0.00 0.00 0.00 0.00 0.00 0.00 0.00 0.00 0.00 0.00 3.43 5.91 7.59 9.71 9.13 0.00 0.00 0.00 10.80 9.42 0.00 0.00 0.00 0.00 0.00 0.00 0.00 0.00 0.00 0.00 0.00 0.00 0.00 0.00 0.00 0.00 0.00 0.00 0.00 0.00 0.00 0.00 0.00 0.00 0.00 0.00 0.00 0.00 3.07 2.99 2.56 3.50 4.16 3.50 3.72 4.96 7.08 6.50 6.42 8.40 8.25 9.27 9.27 10.00 9.42 8.69 8.69 8.91 9.56 11.10 12.34 13.43 13.72 12.63 12.99 12.34 11.97 11.61 8.10 6.20 6.57 8.25
0.00 0.00 0.00 0.00 0.00 0.00 0.00 0.00 0.00 0.00 0.00 0.00 0.00 0.00 8.98 12.41 11.32 0.00 0.00 11.02 11.24 11.24 0.00 0.00 0.00 0.00 0.00 0.00 0.00 0.00 0.00 0.00 0.00 0.00 0.00 0.00 0.00 0.00 0.00 0.00 0.00 0.00 0.00 0.00 0.00 0.00 3.58 4.38 6.28 7.52 9.27 11.02 9.49 6.28 5.11 6.35 6.50 5.84 4.67 4.67 4.60 4.89 6.35 6.50 7.30 8.18 9.93 9.93 9.93 9.34 10.15 12.85 13.29 12.05 10.44 9.27 13.72 15.48 15.33 12.70 8.40 6.20 5.33 4.53
0.00 0.00 0.00 0.00 0.00 0.00 0.00 0.00 0.00 0.00 0.00 9.71 7.88 9.93 11.17 13.43 14.60 15.62 15.62 13.14 12.70 10.15 0.00 0.00 0.00 0.00 0.00 0.00 0.00 0.00 0.00 0.00 0.00 0.00 0.00 0.00 0.00 0.00 0.00 0.00 0.00 5.77 6.64 6.64 6.50 5.77 4.09 4.23 5.55 5.62 6.79 8.10 6.94 5.55 6.64 7.45 7.37 6.94 7.88 6.42 5.55 5.77 6.20 5.77 6.86 9.78 14.38 19.64 19.64 17.16 15.55 15.26 15.33 14.97 10.59 7.15 8.98 11.90 12.12 12.12 10.37 10.15 9.27 9.13
0.00 0.00 0.00 0.00 0.00 0.00 0.00 0.00 0.00 0.00 0.00 9.71 7.88 9.93 11.17 13.43 14.60 15.62 15.62 13.14 12.70 10.15 0.00 0.00 0.00 0.00 0.00 0.00 0.00 0.00 0.00 0.00 0.00 0.00 0.00 0.00 0.00 0.00 0.00 0.00 0.00 5.77 6.64 6.64 6.50 5.77 4.09 4.23 5.55 5.62 6.79 8.10 6.94 5.55 6.64 7.45 7.37 6.94 7.88 6.42 5.55 5.77 6.20 5.77 6.86 9.78 14.38 19.64 19.64 17.16 15.55 15.26 15.33 14.97 10.59 7.15 8.98 11.90 12.12 12.12 10.37 10.15 9.27 9.13
0.00 0.00 0.00 0.00 0.00 0.00 0.00 0.00 0.00 0.00 0.00 0.00 0.00 11.17 8.47 0.00 0.00 0.00 0.00 0.00 0.00 0.00 0.00 0.00 3.80 0.00 0.00 0.00 0.00 0.00 0.00 0.00 0.00 0.00 0.00 0.00 0.00 0.00 0.00 0.00 7.08 7.08 6.28 6.28 4.67 4.45 5.11 5.77 4.96 4.38 5.91 5.11 4.23 2.41 4.89 8.18 7.52 14.24 17.16 12.48 8.91 6.72 6.64 7.37 8.91 10.15 12.34 14.53 14.53 16.43 17.16 17.30 16.79 15.48 12.99 10.44 8.98 10.73 13.72 14.67 14.31 14.82 16.06 16.28
0.00 0.00 0.00 0.00 0.00 0.00 0.00 0.00 0.00 0.00 0.00 0.00 0.00 0.00 0.00 0.00 0.00 0.00 0.00 0.00 0.00 0.00 0.00 0.00 0.00 0.00 3.65 4.02 5.04 7.59 9.34 11.10 12.70 10.51 8.18 10.44 9.71 8.69 8.18 6.94 4.96 4.16 3.29 3.29 3.07 5.26 6.79 8.91 8.40 6.64 5.69 4.96 5.91 5.62 4.60 5.99 9.64 10.29 10.22 10.80 12.48 14.45 12.48 12.70 12.99 13.58 14.97 15.77 15.77 18.54 19.20 18.91 19.20 19.20 16.28 13.36 9.56 8.25 9.42 9.20 8.69 9.27 9.49 10.07
0.00 0.00 0.00 0.00 0.00 0.00 0.00 0.00 0.00 0.00 0.00 0.00 0.00 0.00 0.00 0.00 0.00 0.00 0.00 0.00 0.00 0.00 7.37 0.00 0.00 3.07 5.40 7.81 8.03 10.59 16.06 19.35 13.87 10.51 8.76 8.54 6.42 5.48 3.87 5.18 5.48 7.74 7.45 7.45 6.86 8.18 10.00 9.93 7.66 7.66 7.37 6.06 6.50 7.66 6.86 11.46 13.80 12.99 9.13 8.03 8.03 7.23 8.32 9.71 10.80 12.78 13.14 12.85 12.85 13.65 15.40 16.13 10.73 7.88 8.32 7.37 0.00 0.00 0.00 0.00 5.91 8.76 8.76 9.56
0.00 0.00 0.00 0.00 0.00 0.00 0.00 0.00 0.00 0.00 0.00 7.23 8.83 0.00 0.00 6.79 6.35 0.00 0.00 0.00 0.00 5.62 7.23 11.32 11.17 9.42 7.59 8.76 11.46 12.85 15.18 16.79 13.58 8.40 6.57 9.49 9.86 10.37 10.51 10.15 9.42 8.40 7.01 7.01 5.84 6.64 7.74 7.45 6.35 6.86 6.42 5.18 4.16 6.28 10.00 11.10 11.90 10.00 6.57 5.18 6.13 6.57 6.57 6.50 7.23 10.22 13.21 15.77 15.77 17.96 16.79 13.36 8.32 2.92 3.36 4.74 0.00 0.00 0.00 0.00 2.19 5.62 5.77 7.81
0.00 0.00 0.00 0.00 0.00 0.00 0.00 0.00 0.00 0.00 0.00 7.23 8.83 0.00 0.00 6.79 6.35 0.00 0.00 0.00 0.00 5.62 7.23 11.32 11.17 9.42 7.59 8.76 11.46 12.85 15.18 16.79 13.58 8.40 6.57 9.49 9.86 10.37 10.51 10.15 9.42 8.40 7.01 7.01 5.84 6.64 7.74 7.45 6.35 6.86 6.42 5.18 4.16 6.28 10.00 11.10 11.90 10.00 6.57 5.18 6.13 6.57 6.57 6.50 7.23 10.22 13.21 15.77 15.77 17.96 16.79 13.36 8.32 2.92 3.36 4.74 0.00 0.00 0.00 0.00 2.19 5.62 5.77 7.81
0.00 0.00 0.00 0.00 0.00 0.00 0.00 0.00 0.00 7.45 7.15 7.66 8.47 0.00 9.27 7.66 8.69 9.34 9.34 8.61 7.37 6.64 5.62 7.01 11.24 11.17 9.20 7.59 7.37 7.45 10.07 13.58 15.40 13.14 8.91 6.94 7.23 6.72 5.99 5.99 7.30 7.74 7.59 7.59 8.18 9.86 10.29 9.34 7.59 6.94 6.50 7.37 8.18 7.88 10.51 8.61 7.08 6.86 7.08 7.96 10.22 11.17 10.73 7.66 7.59 8.47 9.56 12.63 12.63 17.01 17.52 11.90 6.28 5.48 5.77 4.60 7.96 0.00 0.00 0.00 2.34 1.90 1.97 4.09
0.00 0.00 0.00 0.00 0.00 0.00 0.00 0.00 0.00 6.94 7.52 8.54 11.90 13.51 13.21 13.51 13.65 13.36 13.36 11.68 9.93 7.81 6.35 6.35 7.66 11.39 9.93 9.71 10.07 9.71 10.80 13.80 17.67 15.99 12.99 9.20 6.57 4.82 4.82 7.45 9.93 10.66 10.22 10.22 9.34 6.64 4.23 1.75 3.36 3.72 0.00 3.21 6.28 6.64 5.84 5.48 6.13 7.45 9.34 12.92 17.52 17.96 14.97 12.12 9.93 9.49 10.15 15.62 15.62 15.84 13.87 10.22 7.96 7.15 7.74 6.42 5.33 0.00 0.66 3.29 4.09 3.72 3.43 3.43
0.00 0.00 0.00 0.00 0.00 0.00 0.00 0.00 6.06 8.47 10.29 9.05 9.49 11.97 11.83 12.85 13.65 14.60 14.60 14.31 13.51 11.83 9.71 9.05 10.73 12.34 12.78 12.99 12.85 10.73 13.51 17.52 17.59 14.60 10.80 9.13 6.64 4.89 6.79 8.03 10.73 13.51 12.92 12.92 11.02 4.02 0.00 0.00 0.00 5.91 5.69 4.60 6.50 6.35 5.91 0.00 5.26 7.74 8.32 9.20 13.36 17.01 15.40 12.78 11.32 12.41 11.97 11.75 11.75 11.02 7.74 4.16 4.53 7.23 6.13 4.16 3.87 4.89 6.72 5.84 3.36 2.70 3.94 2.63
0.00 0.00 0.00 0.00 0.00 0.00 0.00 0.00 6.57 11.02 9.49 11.75 13.58 12.70 11.24 10.51 11.97 12.85 12.85 13.43 11.68 11.61 13.14 13.21 13.51 14.82 15.40 13.07 10.80 11.24 11.61 13.80 15.84 16.28 10.00 5.99 4.53 3.87 5.91 8.47 9.86 9.13 9.42 9.42 12.19 12.70 7.96 8.03 8.32 6.79 6.28 5.69 10.80 9.49 10.37 10.73 10.88 10.07 8.98 6.86 7.01 7.59 8.76 10.66 11.61 11.46 8.91 5.26 5.26 3.29 3.21 3.72 4.67 5.11 0.00 4.02 5.48 5.04 3.14 2.34 2.19 2.70 3.29 3.94
0.00 0.00 0.00 0.00 0.00 0.00 0.00 10.37 8.91 9.93 13.58 15.99 16.86 18.40 15.91 13.51 14.09 14.89 14.89 15.18 16.72 16.21 18.40 20.51 20.73 20.81 20.37 19.27 15.91 11.39 6.64 6.35 9.42 11.24 8.10 3.72 0.00 0.00 0.00 8.03 10.44 5.18 4.45 4.45 7.88 6.64 4.89 6.13 5.55 4.23 4.60 8.69 9.64 11.61 12.26 11.97 11.24 9.05 7.37 7.88 7.74 7.37 7.45 7.52 7.74 9.13 9.27 8.47 8.47 6.57 5.18 5.26 4.53 2.99 2.56 3.94 6.28 5.77 3.36 3.07 3.36 2.26 1.31 0.80
0.00 0.00 0.00 0.00 0.00 0.00 0.00 10.37 8.91 9.93 13.58 15.99 16.86 18.40 15.91 13.51 14.09 14.89 14.89 15.18 16.72 16.21 18.40 20.51 20.73 20.81 20.37 19.27 15.91 11.39 6.64 6.35 9.42 11.24 8.10 3.72 0.00 0.00 0.00 8.03 10.44 5.18 4.45 4.45 7.88 6.64 4.89 6.13 5.55 4.23 4.60 8.69 9.64 11.61 12.26 11.97 11.24 9.05 7.37 7.88 7.74 7.37 7.45 7.52 7.74 9.13 9.27 8.47 8.47 6.57 5.18 5.26 4.53 2.99 2.56 3.94 6.28 5.77 3.36 3.07 3.36 2.26 1.31 0.80
0.00 0.00 0.00 0.00 0.00 0.00 0.00 14.09 13.51 13.14 15.11 16.79 16.79 17.74 18.69 18.10 15.26 13.21 13.21 12.12 14.31 15.04 15.40 19.64 22.92 23.36 22.12 19.49 15.55 10.73 6.79 5.18 5.26 5.99 4.89 0.00 0.00 0.00 0.00 3.14 6.06 5.26 5.26 5.26 5.55 5.11 0.00 3.50 3.14 1.83 0.00 4.23 6.20 7.52 8.32 9.05 9.56 8.03 7.52 9.20 11.17 9.56 10.07 10.66 11.39 11.90 11.68 12.63 12.63 13.72 12.70 9.78 8.18 6.42 5.77 5.55 4.53 3.87 2.48 2.34 2.34 0.58 0.80 1.31
4.16 5.18 0.00 0.00 0.00 0.00 14.09 15.99 17.08 16.57 14.45 14.24 13.14 14.16 15.18 18.25 18.10 16.94 16.94 16.64 17.30 21.02 20.00 19.07 19.74 21.30 18.66 17.96 16.50 10.15 6.57 5.11 3.94 3.14 0.00 0.00 0.00 0.00 4.23 4.82 6.28 5.11 4.09 4.09 4.23 0.00 0.00 2.99 0.00 0.00 0.00 0.00 0.00 0.00 5.48 5.77 5.99 5.99 6.28 9.20 11.68 11.24 12.34 13.07 14.09 14.09 13.87 14.24 14.24 15.11 15.11 12.92 9.78 9.56 7.96 6.28 4.02 3.50 3.21 3.50 3.80 1.97 1.90 2.04
6.20 7.23 8.61 9.56 0.00 0.00 11.32 12.85 14.67 13.65 12.56 12.78 13.80 11.24 10.29 11.10 15.48 17.45 17.45 17.30 19.78 21.17 20.88 20.55 26.69 23.46 22.72 21.60 20.59 16.13 11.46 8.03 5.33 0.00 0.00 0.00 0.00 0.00 3.43 4.09 4.74 0.00 0.00 0.00 0.00 0.00 2.48 0.00 0.00 0.00 0.00 0.00 0.00 0.00 0.00 0.00 0.00 0.00 0.00 8.83 12.12 12.12 12.56 12.78 12.34 15.18 17.59 17.23 17.23 15.18 14.31 11.97 9.78 8.98 8.18 8.98 7.88 6.72 7.59 5.40 0.00 0.00 1.53 0.00
9.20 8.98 10.00 9.86 8.91 13.07 11.10 10.37 11.24 10.66 9.20 7.01 7.59 6.06 7.01 10.07 13.36 14.45 14.45 11.83 14.02 15.34 17.91 21.98 22.54 21.79 23.10 23.67 24.01 18.10 13.43 11.32 9.49 6.13 5.04 4.45 5.18 4.82 0.00 3.72 6.42 0.00 0.00 0.00 0.00 0.00 0.00 0.00 0.00 0.00 0.00 0.00 0.00 0.00 5.18 4.02 2.26 0.00 0.00 7.59 14.24 16.06 15.26 13.65 13.58 15.77 17.59 16.57 16.57 15.40 14.67 13.65 12.63 12.56 13.14 12.63 10.37 5.33 6.42 4.82 2.56 4.60 3.87 3.80
13.14 12.41 12.19 12.92 10.95 12.56 11.75 10.73 7.52 4.31 0.00 0.00 0.00 0.00 0.00 4.96 4.38 6.35 6.35 6.57 5.31 5.63 7.83 11.10 13.71 17.37 20.55 23.41 27.62 26.55 21.64 17.08 16.50 15.26 11.83 9.64 7.30 4.82 0.00 0.00 0.00 6.28 0.00 0.00 0.00 0.00 0.00 0.00 0.00 0.00 0.00 0.00 0.00 0.00 4.09 0.00 0.00 0.00 0.00 9.56 12.56 15.04 18.76 20.66 17.08 15.18 16.21 16.57 16.57 15.99 13.58 12.26 11.90 12.63 13.94 12.78 9.49 7.66 7.74 6.64 4.53 4.38 3.65 4.09
13.14 12.41 12.19 12.92 10.95 12.56 11.75 10.73 7.52 4.31 0.00 0.00 0.00 0.00 0.00 4.96 4.38 6.35 6.38 6.79 5.39 6.03 7.63 11.38 13.51 17.37 19.93 21.75 25.81 26.95 21.86 17.79 18.54 16.14 12.13 9.64 7.30 4.82 0.00 0.00 0.00 6.28 0.00 0.00 0.00 0.00 0.00 0.00 0.00 0.00 0.00 0.00 0.00 0.00 4.09 0.00 0.00 0.00 0.00 9.56 12.56 15.04 18.76 20.66 17.08 15.18 16.21 16.57 16.57 15.99 13.58 12.26 11.90 12.63 13.94 12.78 9.49 7.66 7.74 6.64 4.53 4.38 3.65 4.09
13.58 13.58 12.85 12.78 13.65 12.85 13.51 10.22 11.17 6.94 0.00 0.00 0.00 3.36 5.40 6.72 7.96 8.61 8.61 0.00 0.00 0.00 0.00 0.00 6.44 8.70 12.17 12.77 15.84 22.01 23.37 18.76 19.95 25.36 20.77 17.17 11.95 7.74 7.30 3.87 0.00 0.00 0.00 0.00 0.00 0.00 0.00 6.28 4.16 0.00 0.00 0.00 0.00 0.00 0.00 0.00 0.00 0.00 0.00 0.00 7.74 9.64 15.04 18.03 17.01 15.26 14.97 15.62 15.62 13.72 9.93 9.64 10.15 8.98 10.59 11.68 9.86 10.80 11.90 8.32 4.89 4.02 3.50 0.00
12.99 12.92 10.88 11.24 13.14 15.04 12.78 14.02 17.23 14.82 14.31 9.20 5.40 7.23 9.20 9.71 9.86 9.78 9.78 7.04 0.00 2.79 1.90 0.00 0.00 0.00 0.00 4.77 9.31 14.75 17.67 18.25 18.25 20.65 23.65 24.15 18.45 12.11 7.15 5.69 3.87 0.00 0.00 0.00 0.00 0.00 0.00 0.00 0.00 0.00 0.00 0.00 0.00 0.00 0.00 0.00 0.00 0.00 0.00 0.00 0.00 7.08 11.39 15.55 15.11 12.70 11.17 11.24 11.24 8.69 5.26 5.77 7.81 9.34 10.73 8.98 8.61 10.07 10.07 8.69 6.64 7.15 5.33 8.40
0.00 12.92 11.75 11.24 10.37 9.56 10.07 12.92 13.36 13.14 12.26 8.61 8.03 6.72 5.91 6.72 6.13 3.43 3.43 2.34 2.99 3.58 3.72 3.94 0.00 0.00 0.00 1.47 5.72 11.37 14.45 15.18 17.96 17.37 18.98 19.04 21.18 16.21 10.95 10.29 9.20 5.04 0.00 0.00 0.00 0.00 0.00 0.00 0.00 6.13 8.25 8.03 6.50 5.69 4.60 4.82 4.45 0.00 0.00 0.00 0.00 0.00 5.26 8.32 8.98 7.52 6.64 7.59 7.59 8.03 0.00 5.04 3.87 5.69 7.01 8.32 9.42 9.64 8.69 10.95 11.17 10.51 12.34 13.36
0.00 0.00 6.50 4.82 0.00 10.22 12.78 12.92 16.57 14.38 11.75 11.61 10.07 7.66 6.35 8.61 8.40 5.84 5.84 5.77 4.60 4.60 4.96 4.82 0.00 0.00 2.26 2.86 4.89 7.08 9.05 10.95 13.07 14.45 14.24 15.33 17.64 18.84 15.57 11.43 9.64 6.20 1.68 1.68 0.00 0.00 0.00 0.00 0.00 4.16 5.48 6.42 5.99 6.79 6.20 0.00 0.00 0.00 0.00 0.00 0.00 0.00 0.00 0.00 4.89 0.00 0.00 0.00 0.00 0.00 0.00 3.43 4.45 5.26 7.66 10.15 11.02 11.24 11.68 11.68 12.99 14.09 15.55 14.97
0.00 0.00 0.00 0.00 0.00 0.00 0.00 0.00 9.29 12.05 11.10 13.65 11.61 7.08 4.53 4.60 3.94 3.07 3.07 4.31 5.18 5.91 8.25 8.40 8.40 7.23 0.00 4.65 5.33 5.40 5.77 7.15 8.47 12.48 14.60 14.53 12.05 11.32 12.15 11.08 7.85 7.88 5.33 5.33 5.40 0.00 4.31 4.89 0.00 0.00 4.16 3.94 4.23 6.50 7.66 0.00 0.00 0.00 6.13 5.99 0.00 0.00 0.00 0.00 0.00 0.00 0.00 0.00 0.00 0.00 0.00 0.00 4.02 7.01 11.90 16.72 21.32 20.73 15.48 12.41 11.75 13.72 14.16 12.70
0.00 0.00 0.00 0.00 0.00 6.86 7.59 0.00 0.00 0.00 6.64 8.83 8.40 4.38 0.00 0.00 0.00 1.46 1.46 3.07 4.53 6.94 8.91 11.32 11.53 11.17 9.42 7.74 7.26 7.64 6.43 7.04 8.50 8.76 8.83 9.56 8.54 7.74 8.54 6.86 0.00 0.00 6.28 6.28 7.37 5.77 4.82 0.00 0.00 0.00 4.53 3.07 0.00 0.00 3.07 3.43 0.00 0.00 0.00 5.33 4.53 0.00 3.50 0.00 0.00 0.00 4.53 3.43 3.43 0.00 0.00 0.00 0.00 2.85 8.40 13.36 16.35 19.13 18.40 16.79 14.67 12.78 11.75 8.10
0.00 0.00 0.00 0.00 0.00 6.86 7.59 0.00 0.00 0.00 6.64 8.83 8.40 4.38 0.00 0.00 0.00 1.47 1.46 3.07 4.53 6.94 8.91 11.32 11.53 11.17 9.42 7.74 7.15 7.37 6.20 7.01 8.25 8.76 8.88 9.61 8.54 7.70 8.63 6.86 0.00 0.00 6.28 6.28 7.37 5.77 4.82 0.00 0.00 0.00 4.53 3.07 0.00 0.00 3.07 3.43 0.00 0.00 0.00 5.33 4.53 0.00 3.50 0.00 0.00 0.00 4.53 3.43 3.43 0.00 0.00 0.00 0.00 2.85 8.40 13.36 16.35 19.13 18.40 16.79 14.67 12.78 11.75 8.10
0.00 0.00 13.43 0.00 0.00 10.95 14.82 10.30 5.56 4.31 4.82 5.77 5.69 4.82 2.92 1.02 0.00 0.00 0.00 0.00 0.00 3.43 5.48 7.81 9.56 11.61 11.39 11.32 11.10 10.29 8.03 8.10 8.03 7.45 7.23 6.35 4.45 5.33 6.90 4.74 3.14 0.00 0.00 0.00 4.89 5.62 7.52 8.40 7.66 5.33 3.58 0.00 0.00 0.00 0.00 0.00 4.82 3.65 4.23 7.01 6.86 0.00 4.16 0.00 0.00 0.00 0.00 0.00 0.00 0.00 0.00 0.00 0.00 0.00 3.36 3.43 7.37 14.16 19.20 19.86 17.96 13.14 12.56 11.32
