Wansh/Snow_depth/snowdepth-1982/winter/1982360.txt
ncols 321
nrows 161
xllcenter 60
yllcenter 15 
cellsize  0.25 
NODATA_value -1
[rows 0 to 36 of 161, columns 168 to 251 of 321]
0.00 0.00 0.00 0.00 0.00 0.00 0.00 0.00 0.00 0.00 0.00 0.00 0.00 0.00 3.29 3.87 4.38 6.28 7.30 6.72 5.91 0.00 0.00 4.74 1.83 0.00 0.00 0.00 0.00 0.00 0.00 0.00 6.35 10.15 11.24 11.24 8.10 9.13 12.12 12.12 7.74 5.48 6.06 5.55 4.09 7.15 11.53 13.80 12.41 6.94 5.40 7.23 10.37 10.29 8.91 9.71 12.85 13.51 12.99 12.92 12.92 15.48 16.79 17.74 19.71 18.69 18.03 17.81 15.62 13.58 14.60 13.87 13.14 14.60 16.28 16.79 16.57 17.89 18.03 17.23 18.10 18.69 18.98 20.44
0.00 0.00 0.00 0.00 0.00 0.00 0.00 0.00 0.00 0.00 0.00 0.00 0.00 0.00 0.00 0.00 0.00 5.18 6.57 4.89 3.80 3.58 3.58 2.48 0.00 0.00 0.00 0.00 0.00 0.00 0.00 0.00 5.55 8.69 6.79 6.79 4.82 8.18 11.97 10.66 6.79 5.55 6.64 7.37 9.64 7.59 8.83 5.11 5.26 5.33 4.74 6.20 8.61 11.02 11.32 10.95 11.68 13.72 13.80 15.40 15.40 16.72 18.76 20.88 18.61 15.11 14.45 15.84 17.96 17.45 16.50 15.62 14.82 14.24 13.14 14.38 16.72 17.01 16.57 15.70 13.72 13.58 14.24 16.72
0.00 0.00 0.00 0.00 0.00 0.00 0.00 0.00 0.00 0.00 0.00 0.00 0.00 0.00 0.00 0.00 0.00 0.00 4.53 0.00 0.00 2.85 1.83 0.00 0.00 0.00 0.00 0.00 0.00 0.00 0.00 0.00 7.23 6.72 4.02 4.02 5.55 9.05 11.61 8.91 6.50 5.26 4.60 4.45 4.96 4.31 7.74 6.64 6.42 5.55 4.82 5.69 7.59 9.42 10.51 11.32 7.59 8.69 10.15 12.12 12.12 14.38 15.70 14.89 14.67 11.97 11.32 13.58 15.40 14.24 14.45 15.48 15.84 16.06 15.70 15.33 15.70 14.75 14.24 13.51 12.99 12.34 12.70 11.90
0.00 0.00 0.00 0.00 0.00 0.00 0.00 0.00 0.00 0.00 0.00 0.00 0.00 0.00 0.00 0.00 0.00 0.00 4.53 0.00 0.00 2.85 1.83 0.00 0.00 0.00 0.00 0.00 0.00 0.00 0.00 0.00 7.23 6.72 4.02 4.02 5.55 9.05 11.61 8.91 6.50 5.26 4.60 4.45 4.96 4.31 7.74 6.64 6.42 5.55 4.82 5.69 7.59 9.42 10.51 11.32 7.59 8.69 10.15 12.12 12.12 14.38 15.70 14.89 14.67 11.97 11.32 13.58 15.40 14.24 14.45 15.48 15.84 16.06 15.70 15.33 15.70 14.75 14.24 13.51 12.99 12.34 12.70 11.90
0.00 0.00 0.00 0.00 3.50 2.92 0.00 0.00 0.00 0.00 0.00 0.00 0.00 0.00 0.00 5.69 0.00 0.00 4.16 0.00 1.90 0.00 0.00 0.00 0.00 0.00 0.00 0.00 0.00 0.00 0.00 0.00 6.64 2.26 7.08 7.08 12.12 11.17 6.50 4.53 2.41 2.56 2.26 2.34 2.34 3.21 4.23 5.33 5.69 6.28 6.35 6.79 7.08 8.54 9.05 5.62 5.55 6.50 8.10 9.86 9.86 11.24 11.32 10.88 9.49 11.53 10.80 10.51 10.00 9.71 10.88 12.12 13.43 13.51 12.26 10.59 10.07 10.07 10.51 10.66 9.42 11.24 11.17 14.16
0.00 0.00 0.00 0.00 5.33 4.89 3.58 2.77 3.65 3.65 0.00 0.00 0.00 0.00 0.00 0.00 0.00 2.19 1.24 0.00 0.00 0.00 0.00 0.00 0.00 0.00 0.00 0.00 0.00 0.00 0.00 4.16 2.92 6.06 9.49 9.49 10.07 4.89 1.31 1.83 2.12 2.04 2.12 2.34 1.53 4.31 6.35 6.13 7.01 5.84 6.20 8.76 7.08 5.62 6.42 6.13 6.72 6.79 9.20 10.15 10.15 12.19 12.05 7.96 5.04 5.62 6.86 6.86 7.59 7.15 8.18 8.61 9.27 10.80 10.59 8.69 7.37 7.37 9.42 10.51 10.88 9.71 10.95 13.58
0.00 0.00 0.00 0.00 0.00 5.40 5.11 0.00 0.00 0.00 0.00 0.00 0.00 0.00 0.00 0.00 0.00 0.00 0.00 0.00 0.00 0.00 0.00 0.00 0.00 0.00 0.00 0.00 0.00 0.00 6.20 6.64 7.81 10.00 7.96 7.96 3.94 3.14 1.97 2.34 1.61 1.83 2.48 3.21 2.92 3.50 3.80 4.74 5.62 6.35 5.99 5.69 6.28 5.69 7.37 7.37 7.30 7.08 7.59 7.59 7.59 8.40 8.25 7.66 6.72 5.91 6.28 7.08 7.15 6.79 5.48 7.30 7.01 8.47 8.61 6.94 8.61 11.32 10.37 11.18 14.11 12.95 12.14 14.42
0.00 0.00 0.00 0.00 0.00 5.40 5.11 0.00 0.00 0.00 0.00 0.00 0.00 0.00 0.00 0.00 0.00 0.00 0.00 0.00 0.00 0.00 0.00 0.00 0.00 0.00 0.00 0.00 0.00 0.00 6.20 6.64 7.81 10.00 7.96 7.96 3.94 3.14 1.97 2.34 1.61 1.83 2.48 3.21 2.92 3.50 3.80 4.74 5.62 6.35 5.99 5.69 6.28 5.69 7.37 7.37 7.30 7.08 7.59 7.59 7.59 8.40 8.25 7.66 6.72 5.91 6.28 7.08 7.15 6.79 5.48 7.30 7.01 8.47 8.61 8.02 11.88 16.28 14.20 18.99 23.31 17.23 15.62 14.97
0.00 0.00 0.00 0.00 0.00 0.00 0.00 0.00 0.00 0.00 0.00 0.00 0.00 0.00 0.00 0.00 0.00 0.00 0.00 0.00 0.00 0.00 0.00 0.00 0.00 0.00 0.00 0.00 0.00 3.87 5.33 7.45 7.37 7.52 6.57 6.57 4.09 2.19 1.83 1.97 1.39 1.46 2.12 2.99 2.92 3.94 3.50 5.62 6.28 6.28 5.26 2.41 3.50 4.82 5.55 6.57 6.79 6.13 5.77 6.06 6.06 6.79 7.37 5.26 5.11 5.04 4.89 6.06 6.72 7.08 7.74 8.32 8.76 10.01 11.59 12.82 14.36 14.05 13.00 16.95 16.93 17.02 16.35 18.40
0.00 0.00 0.00 0.00 0.00 0.00 0.00 0.00 0.00 0.00 0.00 0.00 0.00 2.19 0.00 0.00 0.00 0.00 0.00 0.00 0.00 0.00 0.00 0.00 0.00 0.00 0.00 6.79 4.45 6.06 6.50 6.28 5.26 5.18 4.89 4.89 4.60 3.94 2.70 3.50 3.21 1.83 4.38 4.74 4.09 4.31 5.40 5.77 5.33 5.11 4.82 3.36 2.56 2.19 2.04 3.87 2.99 4.31 5.26 5.77 5.77 3.94 4.60 3.72 4.60 4.60 6.42 7.45 6.72 6.13 6.79 6.28 6.90 11.30 13.11 15.03 15.66 16.18 16.76 20.02 19.47 19.79 23.62 26.19
0.00 0.00 0.00 0.00 0.00 0.00 6.94 5.11 0.00 0.00 2.70 0.00 0.00 0.00 0.00 0.00 0.00 0.00 0.00 0.00 0.00 0.00 0.00 0.00 0.00 2.41 6.20 3.72 4.23 2.99 4.53 4.16 3.29 5.11 4.74 4.74 3.94 3.36 5.48 4.16 4.23 5.04 3.87 3.87 3.29 1.97 4.02 5.04 4.60 3.50 2.63 1.97 2.04 0.95 2.12 1.97 1.31 1.61 3.36 4.82 4.82 5.33 5.40 6.28 5.33 4.96 6.64 6.35 4.82 4.16 3.94 4.82 5.84 7.63 8.58 17.25 23.15 21.26 18.25 24.12 25.63 24.87 22.45 24.12
0.00 0.00 0.00 0.00 0.00 0.00 6.94 5.11 0.00 0.00 2.70 0.00 0.00 0.00 0.00 0.00 0.00 0.00 0.00 0.00 0.00 0.00 0.00 0.00 0.00 2.41 6.20 3.72 4.23 2.99 4.53 4.16 3.29 5.11 4.74 4.74 3.94 3.36 5.48 4.16 4.23 5.04 3.87 3.87 3.29 1.97 4.02 5.04 4.60 3.50 2.63 1.97 2.04 0.95 2.12 1.97 1.31 1.61 3.36 4.82 4.82 5.33 5.40 6.28 5.33 4.96 6.64 6.35 4.82 4.16 3.94 4.82 5.69 7.52 8.32 16.02 20.63 19.68 19.47 25.03 25.63 24.33 24.67 25.80
11.97 9.93 6.42 0.00 0.00 0.00 0.00 0.00 0.00 0.00 0.00 0.00 0.00 0.00 0.00 0.00 0.00 0.00 0.00 0.00 0.00 1.17 1.17 3.43 4.02 4.31 3.43 3.21 2.99 2.85 2.77 1.68 2.34 3.43 3.36 3.36 3.29 4.38 4.96 5.91 4.60 5.18 4.31 3.72 3.21 1.97 2.19 2.41 2.63 1.75 1.83 1.75 1.90 2.92 2.26 1.68 2.12 2.19 2.85 4.23 4.23 3.65 3.72 3.94 3.87 4.38 4.60 5.69 6.72 5.69 4.67 4.82 5.99 6.72 6.96 11.80 16.90 16.72 18.44 19.50 22.91 27.48 28.19 25.03
11.61 9.93 7.52 5.11 3.29 1.97 2.12 8.10 0.00 0.00 0.00 0.00 0.00 0.00 0.00 0.00 0.00 0.00 0.00 1.68 7.66 4.67 3.72 3.07 3.36 4.45 4.02 4.53 4.67 4.02 3.21 3.07 3.29 2.26 2.04 2.04 1.90 4.09 4.16 5.26 2.85 3.58 2.41 1.83 2.04 1.46 2.41 3.07 2.63 2.56 1.90 1.02 1.24 1.68 2.70 2.26 1.68 1.61 1.75 3.07 3.07 3.14 2.99 4.23 5.18 4.96 5.55 7.81 6.64 6.94 6.64 5.55 5.18 5.77 11.21 12.43 11.64 13.10 18.19 18.98 24.40 24.96 24.40 24.73
9.49 9.27 9.42 7.88 9.05 4.16 1.75 0.00 0.00 0.00 0.00 0.00 0.00 0.00 0.00 0.00 0.00 1.75 2.56 4.96 5.91 5.55 4.74 3.36 3.80 4.38 4.60 5.40 4.60 4.02 2.77 3.65 4.31 4.16 3.50 3.50 3.72 4.16 3.87 3.21 3.07 1.68 0.80 1.61 1.61 1.68 1.53 0.58 0.00 0.00 2.48 2.26 1.83 1.61 2.34 4.16 4.09 3.80 2.19 1.97 1.97 2.56 3.29 3.80 4.38 4.96 6.35 6.13 7.23 8.54 9.20 8.32 8.71 9.97 9.87 11.39 12.99 16.87 16.27 18.62 20.38 20.67 21.24 18.18
10.51 8.76 8.10 10.66 13.07 10.07 6.42 2.56 0.00 0.00 0.00 0.00 0.00 0.00 0.00 1.02 2.41 2.77 2.85 2.12 3.29 5.62 5.40 4.53 5.55 4.82 5.77 5.62 4.82 4.16 4.60 5.04 6.64 4.82 2.85 2.85 2.41 3.80 4.96 4.23 3.94 5.04 3.94 3.29 2.34 1.53 1.61 0.44 1.02 1.97 2.99 2.85 1.53 0.29 0.58 2.56 4.38 4.38 4.82 3.43 3.43 3.94 5.18 4.96 5.26 4.82 4.82 5.18 6.79 8.47 9.34 10.24 11.04 11.10 11.83 12.80 13.97 14.23 14.88 15.99 16.61 18.60 15.29 14.89
10.51 8.76 8.10 10.66 13.07 10.07 6.42 2.56 0.00 0.00 0.00 0.00 0.00 0.00 0.00 1.02 2.41 2.77 2.85 2.12 3.29 5.62 5.40 4.53 5.55 4.82 5.77 5.62 4.82 4.16 4.60 5.04 6.64 4.82 2.85 2.85 2.41 3.80 4.96 4.23 3.94 5.04 3.94 3.29 2.34 1.53 1.61 0.44 1.02 1.97 2.99 2.85 1.53 0.29 0.58 2.56 4.38 4.38 4.82 3.43 3.43 3.94 5.18 4.96 5.26 4.82 4.82 5.18 6.79 8.47 9.34 12.57 10.35 12.06 10.63 15.84 14.17 15.73 15.18 14.42 16.06 15.99 16.62 16.91
6.06 5.33 5.33 4.82 5.48 5.84 5.84 5.84 4.53 4.53 2.99 2.26 1.68 1.31 1.24 1.24 0.22 0.00 0.07 1.24 0.88 0.88 1.46 3.72 4.09 4.09 4.60 3.80 3.50 4.09 5.33 4.38 4.45 4.60 4.53 4.53 3.14 3.72 3.36 2.92 3.87 5.26 5.26 4.23 3.21 4.09 4.23 3.21 2.70 2.70 3.21 2.48 0.00 0.00 0.00 3.29 4.02 3.36 2.56 2.99 2.99 3.14 3.65 4.02 4.31 4.09 5.55 7.08 8.69 9.86 10.29 11.21 11.48 10.56 12.54 15.32 16.24 13.62 11.90 14.81 13.71 14.40 13.86 11.79
4.60 6.28 7.01 7.74 5.48 5.62 4.82 4.23 4.16 4.16 3.50 3.94 3.43 2.34 1.02 0.37 0.15 0.58 1.75 2.77 2.48 2.26 0.00 3.58 4.02 3.94 3.94 3.36 4.89 3.80 3.94 3.58 3.36 4.53 4.67 4.67 4.38 5.69 4.96 4.31 4.09 4.23 3.29 3.58 2.99 3.14 3.29 2.77 3.14 2.34 0.00 0.00 0.00 0.00 0.00 4.67 4.31 4.16 3.29 1.97 1.97 1.75 2.34 2.48 4.16 4.53 7.15 9.05 8.76 10.34 11.43 14.01 13.63 14.68 16.26 17.02 16.23 16.71 15.19 15.34 11.44 12.94 12.28 14.29
4.38 5.84 7.66 7.45 6.50 5.91 4.60 4.38 5.11 5.11 5.11 4.38 5.40 4.74 3.07 2.19 1.75 3.43 4.82 4.38 4.09 3.87 3.36 3.21 3.58 5.55 5.69 4.16 2.48 1.83 4.23 5.69 5.11 4.96 5.18 5.18 6.20 5.91 6.13 4.38 4.31 4.53 1.90 1.10 1.46 2.41 3.72 4.16 4.60 5.69 0.00 0.00 0.00 3.29 0.00 3.50 3.94 4.89 5.11 4.60 4.60 4.82 4.96 4.23 3.72 3.80 4.67 7.37 8.10 11.02 13.80 15.04 19.13 21.24 20.22 20.34 19.29 20.12 21.60 16.91 15.16 11.86 11.00 14.18
4.67 4.38 4.31 4.53 4.82 5.26 5.40 0.00 0.00 0.00 0.00 6.28 6.94 6.20 4.96 4.74 4.23 4.96 5.55 6.06 6.42 6.86 6.13 4.67 4.53 5.18 4.60 2.41 3.43 4.82 6.13 7.52 7.30 6.20 7.88 7.88 7.08 4.96 2.99 2.04 1.97 2.41 1.17 0.95 0.88 3.07 4.60 6.28 7.37 6.79 7.23 6.86 5.11 4.45 3.21 3.43 4.38 4.02 5.40 5.69 5.69 4.16 2.48 0.00 4.45 6.20 7.59 10.95 13.36 15.55 18.03 20.44 22.56 21.75 23.03 25.00 27.79 21.71 21.90 19.91 20.24 15.34 15.29 14.31
3.14 2.70 3.43 2.19 2.77 2.92 3.29 0.00 0.00 0.00 0.00 7.30 8.40 8.54 7.08 4.09 4.02 6.50 8.40 8.47 7.74 8.10 6.28 4.67 5.04 6.13 5.11 3.94 5.04 6.28 7.01 6.42 6.28 8.54 10.29 10.29 5.04 2.26 0.95 0.51 1.39 1.53 1.46 1.61 0.88 1.53 3.36 4.74 6.86 6.57 5.99 6.20 5.55 5.55 6.28 7.52 7.30 6.64 5.33 4.53 4.53 1.61 0.66 1.97 6.94 9.42 11.46 13.36 14.38 16.57 16.79 21.83 24.67 25.40 26.77 27.16 31.20 25.30 25.17 18.30 15.24 15.72 18.87 16.49
3.14 2.70 3.43 2.19 2.77 2.92 3.29 0.00 0.00 0.00 0.00 7.30 8.40 8.54 7.08 4.09 4.02 6.50 8.40 8.47 7.74 8.10 6.28 4.67 5.04 6.13 5.11 3.94 5.04 6.28 7.01 6.42 6.28 8.54 10.29 10.29 5.04 2.26 0.95 0.51 1.39 1.53 1.46 1.61 0.88 1.53 3.36 4.74 6.86 6.57 5.99 6.20 5.55 5.55 6.28 7.52 7.30 6.64 5.33 4.53 4.53 1.61 0.66 1.97 6.94 9.42 11.46 13.36 14.38 16.57 16.79 21.83 24.67 25.40 25.70 27.31 24.23 22.26 21.08 21.30 18.64 16.06 14.79 15.22
0.00 1.02 0.00 0.00 0.00 3.50 4.53 0.00 0.00 0.00 5.11 6.28 8.69 9.05 6.72 4.16 4.23 5.91 7.74 8.10 8.10 8.47 7.15 7.52 7.96 7.30 8.47 7.30 7.59 9.27 8.61 7.23 6.28 5.62 4.96 4.96 3.07 1.90 1.68 2.04 2.12 2.70 1.31 1.31 0.29 0.00 3.29 5.04 6.28 7.37 8.47 9.42 10.37 12.48 14.02 12.48 9.49 7.23 6.13 3.80 3.80 0.00 0.00 5.40 11.90 12.48 13.51 12.26 12.78 13.72 15.11 17.01 20.66 22.92 24.09 23.48 20.82 23.51 21.50 18.67 17.25 13.43 12.76 12.67
0.00 1.83 3.50 3.14 0.00 0.00 0.00 0.00 0.00 0.00 8.03 7.88 8.76 8.10 7.08 5.84 4.53 5.11 6.28 8.10 8.91 8.03 8.47 8.91 7.59 7.81 10.51 12.34 11.32 9.42 8.10 5.77 4.96 4.31 3.87 3.87 3.29 3.80 4.45 3.65 3.14 3.36 2.92 2.92 4.82 5.99 6.35 6.57 7.96 9.42 9.71 11.24 13.94 16.28 16.72 14.53 11.83 9.20 7.15 0.00 0.00 0.00 0.00 6.79 11.24 12.56 12.34 10.95 11.17 13.43 11.75 12.34 13.87 16.86 20.59 21.70 18.73 17.87 19.64 17.33 18.74 11.73 13.06 13.48
0.00 0.00 0.00 5.11 4.82 4.96 4.60 4.89 6.20 6.20 7.59 7.45 8.32 9.86 9.20 9.13 8.10 7.81 7.59 8.83 9.27 8.83 9.20 9.78 8.69 8.91 12.26 13.29 12.70 11.10 9.42 7.96 4.96 4.96 6.20 6.20 7.81 7.45 8.61 9.93 11.24 8.98 7.01 7.88 9.56 11.17 12.48 13.43 13.36 13.80 14.97 15.11 13.72 14.53 14.97 13.07 11.68 10.66 8.47 6.13 6.13 5.40 10.37 12.63 14.82 10.15 7.30 6.94 8.25 5.99 5.48 8.25 12.23 14.53 16.01 17.33 17.00 13.07 12.96 13.59 11.76 10.09 8.24 8.18
0.00 0.00 0.00 0.00 2.19 4.02 6.35 6.06 7.01 7.01 6.72 8.25 8.83 9.56 8.98 7.15 7.96 10.15 10.22 9.86 10.59 10.66 11.39 10.95 10.88 10.37 9.56 12.70 12.63 9.93 9.20 9.42 9.93 11.97 12.19 12.19 12.78 14.09 14.97 16.21 15.48 15.77 16.57 17.52 17.37 17.45 18.54 19.93 18.91 18.69 17.74 17.16 16.79 17.01 14.75 12.92 13.36 11.61 10.88 9.93 9.93 9.34 7.66 7.74 8.03 6.72 4.74 4.45 0.00 3.94 5.18 8.91 13.85 16.09 17.29 17.85 16.31 15.34 12.38 13.22 10.01 9.41 8.20 6.24
0.00 0.00 0.00 0.00 0.00 0.00 0.00 5.69 6.35 6.35 6.79 6.94 7.52 8.40 8.03 7.81 9.05 10.22 9.78 8.61 9.71 9.64 9.34 9.71 9.05 10.07 9.64 10.88 9.78 7.96 13.87 15.48 17.59 18.61 18.03 18.03 18.61 17.81 18.25 17.30 15.40 16.86 19.35 20.29 20.73 20.22 19.86 20.51 20.08 18.76 18.25 18.76 20.08 17.30 15.48 13.36 13.51 10.66 7.08 5.77 5.77 3.50 0.00 0.00 1.61 3.07 3.29 2.04 0.00 3.58 6.21 9.97 14.51 14.90 15.35 13.35 11.79 9.98 8.49 6.50 5.66 4.01 4.08 3.27
0.00 0.00 0.00 0.00 0.00 0.00 0.00 5.69 6.35 6.35 6.79 6.94 7.52 8.40 8.03 7.81 9.05 10.22 9.78 8.61 9.71 9.64 9.34 9.71 9.05 10.07 9.64 10.88 9.78 7.96 13.87 15.48 17.59 18.61 18.03 18.03 18.61 17.81 18.25 17.30 15.40 16.86 19.35 20.29 20.73 20.22 19.86 20.51 20.08 18.76 18.25 18.76 20.08 17.30 15.48 13.36 13.51 10.66 7.08 5.77 5.77 3.50 0.00 0.00 1.61 3.07 3.29 2.04 0.00 3.58 6.25 9.86 13.12 16.60 16.38 15.57 13.69 9.65 8.86 6.32 5.99 4.75 3.72 2.77
0.00 7.52 6.13 0.00 0.00 0.00 2.99 0.00 0.00 0.00 6.06 5.40 5.62 5.99 6.50 6.79 7.59 8.54 8.10 8.76 10.37 10.73 10.00 9.93 11.10 13.94 14.53 13.72 13.14 17.01 19.13 17.01 17.37 17.37 16.57 16.57 16.64 16.50 16.43 16.86 16.43 17.08 18.32 19.71 19.64 19.49 18.54 20.15 18.54 17.96 17.30 16.13 16.35 14.89 11.61 9.20 8.18 6.50 2.34 0.00 0.00 0.00 0.00 0.00 0.00 0.00 0.00 0.00 0.00 5.46 8.85 11.50 14.43 16.08 14.94 12.46 7.87 5.86 2.80 4.03 2.09 2.29 1.64 1.47
6.42 7.15 6.42 0.00 0.00 0.00 0.00 5.40 6.42 6.42 8.54 0.00 5.77 5.99 7.74 8.98 10.88 12.78 14.02 13.43 12.12 10.44 9.42 10.37 13.21 13.43 15.40 16.28 15.84 14.45 13.72 14.60 14.09 13.72 14.24 14.24 13.94 15.77 18.03 16.86 15.77 13.80 15.33 16.13 16.21 16.64 17.67 17.74 17.37 15.70 13.80 12.41 10.37 7.37 3.72 0.00 0.00 0.00 0.00 0.00 0.00 0.00 0.00 0.00 0.00 0.00 0.00 0.00 0.00 5.69 7.88 12.64 15.70 16.38 12.32 5.37 4.70 3.73 4.38 3.79 2.15 0.89 0.48 0.08
11.61 9.13 8.61 10.15 7.74 0.00 5.99 7.88 8.61 8.61 0.00 0.00 0.00 0.00 6.13 8.54 10.59 12.26 13.43 12.19 10.73 10.88 11.10 12.63 12.99 11.24 9.42 10.37 15.33 13.07 11.90 11.97 12.48 13.58 11.61 11.61 9.86 10.29 11.90 10.59 9.42 10.44 12.78 11.90 10.66 11.02 10.88 10.88 11.61 8.10 4.02 2.77 0.00 0.00 0.00 0.00 0.00 0.00 0.00 0.00 0.00 0.00 0.00 0.00 0.00 0.00 0.00 0.00 0.00 5.55 6.94 10.32 13.30 11.85 7.25 1.30 0.00 1.45 3.29 4.58 3.89 1.34 0.00 0.00
13.51 12.78 12.92 13.58 12.70 9.64 8.61 9.27 7.88 7.88 0.00 0.00 0.00 5.69 7.45 8.10 9.42 8.98 8.25 10.07 11.02 10.88 12.26 15.18 16.64 17.81 15.55 13.94 15.70 11.97 10.80 10.44 9.20 5.91 4.96 4.96 0.00 0.00 4.09 0.00 0.00 0.00 4.74 5.33 4.23 3.72 4.23 5.11 4.82 1.97 0.00 0.00 0.00 0.00 0.00 0.00 0.00 0.00 0.00 0.00 0.00 0.00 1.24 0.00 0.00 0.00 0.00 0.00 3.65 4.45 6.72 9.44 10.19 7.51 5.84 3.28 3.08 1.97 1.80 2.46 3.57 1.72 0.60 0.00
11.68 12.48 12.92 14.02 10.66 7.88 7.01 0.00 0.00 0.00 0.00 0.00 0.00 7.52 8.98 9.34 8.25 7.23 8.25 11.46 11.53 11.24 12.56 14.02 17.52 15.91 17.52 12.26 8.83 6.86 6.72 0.00 0.00 0.00 0.00 0.00 0.00 0.00 0.00 0.00 0.00 0.00 0.00 0.00 0.00 0.00 0.00 1.90 0.00 0.00 0.00 0.00 0.00 0.00 0.00 0.00 0.00 0.00 0.00 0.00 0.00 0.00 0.00 0.00 0.00 1.83 0.00 3.80 3.72 3.07 5.69 7.37 5.27 3.79 2.86 3.65 3.08 2.14 1.77 1.32 1.31 1.25 1.10 0.22
9.20 8.10 0.00 0.00 5.33 4.38 3.65 0.00 0.00 0.00 0.00 0.00 4.38 0.00 0.00 4.74 4.09 0.00 5.33 7.96 9.56 11.68 10.88 7.96 8.76 5.26 4.67 5.18 3.36 0.00 0.00 0.00 0.00 0.00 0.00 0.00 0.00 0.00 0.00 0.00 0.00 0.00 0.00 3.07 0.00 0.00 0.00 0.00 0.00 0.00 0.00 0.00 0.00 0.00 0.00 0.00 0.00 0.00 0.00 0.00 0.00 0.00 0.00 0.00 0.00 0.00 0.00 0.00 5.18 5.33 5.62 4.77 2.31 1.71 1.99 3.20 3.67 2.51 1.04 0.55 0.53 0.37 0.44 0.07
9.20 8.10 0.00 0.00 5.33 4.38 3.65 0.00 0.00 0.00 0.00 0.00 4.38 0.00 0.00 4.74 4.09 0.00 5.33 7.96 9.56 11.68 10.88 7.96 8.76 5.26 4.67 5.18 3.36 0.00 0.00 0.00 0.00 0.00 0.00 0.00 0.00 0.00 0.00 0.00 0.00 0.00 0.00 3.07 0.00 0.00 0.00 0.00 0.00 0.00 0.00 0.00 0.00 0.00 0.00 0.00 0.00 0.00 0.00 0.00 0.00 0.00 0.00 0.00 0.00 0.00 0.00 0.00 5.18 5.33 5.62 4.74 2.27 1.69 1.99 3.34 3.27 2.41 1.02 0.57 0.52 0.38 0.44 0.07
7.74 4.53 0.00 0.00 0.00 3.94 0.00 0.00 0.00 0.00 0.00 3.87 0.00 0.00 0.00 0.00 0.00 0.00 7.01 6.72 7.01 7.30 5.55 0.00 0.00 3.14 0.00 0.00 0.00 0.00 0.00 0.00 0.00 0.00 0.00 0.00 0.15 0.00 0.00 0.00 0.00 0.00 0.00 5.33 6.13 5.48 3.94 4.45 2.77 0.00 0.00 0.00 0.00 0.00 0.00 0.00 0.00 0.00 0.00 0.00 0.00 0.00 0.00 0.00 0.00 0.00 5.91 5.04 3.36 3.29 4.60 2.70 1.39 1.99 2.13 1.98 2.42 1.20 1.10 1.71 0.74 0.07 0.00 0.00
