Wansh/Snow_depth/snowdepth-1982/winter/1982342.txt
ncols 321
nrows 161
xllcenter 60
yllcenter 15 
cellsize  0.25 
NODATA_value -1
[rows 0 to 36 of 161, columns 84 to 167 of 321]
0.00 0.00 0.00 0.00 0.00 6.28 0.00 0.00 0.00 4.16 5.40 6.28 5.62 0.00 0.00 0.00 0.00 0.00 0.00 0.00 0.00 0.00 2.92 1.53 1.75 1.10 0.73 1.02 1.02 1.61 2.48 3.72 3.72 3.29 3.14 3.80 3.50 0.00 0.00 0.00 0.00 0.00 2.04 2.04 1.46 0.00 0.00 0.00 0.00 0.00 0.00 0.00 0.00 0.00 0.00 0.00 0.00 1.46 1.97 1.61 0.00 0.00 1.24 1.90 1.97 1.90 2.70 1.61 1.61 0.29 2.12 2.70 2.92 2.48 2.41 2.85 3.87 4.09 3.94 4.02 3.07 1.97 1.10 1.02
0.00 0.00 0.00 0.00 0.00 0.00 6.13 0.00 0.00 0.00 0.00 3.07 2.56 3.29 2.92 0.00 0.00 0.00 0.00 0.00 0.00 0.00 0.00 2.63 1.39 0.88 1.17 2.99 3.94 2.63 2.12 3.21 3.72 2.99 1.75 0.00 0.00 0.00 4.53 0.00 0.00 0.22 0.58 0.58 0.80 0.37 0.37 0.00 0.00 0.00 0.00 1.02 2.85 4.02 4.60 3.65 1.90 1.53 1.10 1.10 1.68 1.97 1.83 2.92 4.23 3.21 1.53 3.65 3.65 3.65 4.23 3.87 3.72 3.72 3.94 3.58 4.02 3.36 3.94 4.09 2.56 4.38 5.18 3.58
0.00 0.00 5.33 0.00 0.00 0.00 0.00 0.00 0.00 0.00 5.77 5.04 3.58 2.77 2.04 1.10 2.04 2.77 2.77 6.28 6.64 0.00 0.00 5.33 2.34 1.31 1.75 3.29 4.67 3.43 2.26 0.88 2.41 2.26 1.24 1.46 1.10 0.51 0.66 0.00 0.00 0.00 0.00 0.00 3.07 2.99 2.26 1.10 1.10 0.51 0.37 1.39 2.26 3.65 5.48 7.15 7.52 5.84 5.48 5.04 4.53 6.28 5.33 3.72 3.80 3.87 5.11 5.18 5.18 3.43 2.70 1.75 2.12 3.14 3.36 4.96 5.26 5.91 4.74 3.94 3.43 4.38 4.89 4.89
0.00 0.00 5.33 0.00 0.00 0.00 0.00 0.00 0.00 0.00 5.77 5.04 3.58 2.77 2.04 1.10 2.04 2.77 2.77 6.28 6.64 0.00 0.00 5.33 2.34 1.31 1.75 3.29 4.67 3.43 2.26 0.88 2.41 2.26 1.24 1.46 1.10 0.51 0.66 0.00 0.00 0.00 0.00 0.00 3.07 2.99 2.26 1.10 1.10 0.51 0.37 1.39 2.26 3.65 5.48 7.15 7.52 5.84 5.48 5.04 4.53 6.28 5.33 3.72 3.80 3.87 5.11 5.18 5.18 3.43 2.70 1.75 2.12 3.14 3.36 4.96 5.26 5.91 4.74 3.94 3.43 4.38 4.89 4.89
0.00 0.00 4.02 0.00 0.00 0.00 3.21 3.80 0.00 0.00 0.00 4.02 4.02 3.58 3.07 2.85 1.53 1.10 1.10 2.92 4.02 5.48 6.50 6.42 3.87 1.10 1.83 2.63 3.87 3.87 2.34 3.21 1.83 2.34 1.61 2.56 1.90 3.07 1.83 0.00 0.00 0.00 0.00 0.00 0.00 0.00 2.19 3.36 2.56 1.53 1.68 1.68 2.34 2.56 1.31 3.21 3.80 4.16 5.91 9.27 10.15 10.15 8.61 5.62 3.87 3.43 3.43 3.07 3.07 2.48 3.21 3.94 1.53 0.73 3.07 6.42 7.81 6.50 5.77 6.28 5.48 4.82 4.53 4.96
0.00 0.00 0.00 0.00 0.00 0.00 1.97 0.00 0.00 0.00 0.00 0.00 5.33 6.28 6.94 8.54 8.25 4.82 4.82 3.87 3.14 2.63 3.80 3.72 2.77 1.83 1.75 1.83 2.56 1.31 1.68 2.41 4.31 5.04 3.50 3.29 2.12 1.68 1.75 0.73 0.00 0.00 0.00 0.00 0.00 3.29 3.50 3.07 2.19 1.02 0.44 0.58 1.39 2.12 1.31 1.10 1.24 2.56 5.77 8.03 8.10 7.88 10.73 11.24 8.03 4.60 1.53 0.73 0.73 1.17 3.07 2.99 2.04 2.77 4.38 3.07 3.36 2.48 4.02 6.64 7.74 7.01 5.91 5.33
0.00 0.00 0.00 0.00 0.00 0.00 0.00 0.00 0.00 4.96 4.45 3.94 6.35 7.81 8.69 9.34 6.57 4.31 4.31 3.94 2.85 2.85 2.41 2.04 1.46 0.07 1.17 2.12 1.90 1.24 1.46 1.83 2.92 3.14 3.50 3.87 3.50 1.53 0.80 1.46 0.00 0.00 0.00 0.00 2.48 0.00 0.00 0.00 2.04 0.00 0.88 1.83 1.90 2.12 2.41 4.31 6.20 7.37 8.54 9.27 9.13 10.59 11.61 11.83 12.41 11.90 8.03 4.67 4.67 3.72 6.50 7.96 8.32 8.40 7.37 7.15 7.01 5.18 2.92 4.16 10.51 5.77 6.13 5.91
0.00 0.00 0.00 0.00 0.00 0.00 0.00 0.00 0.00 4.96 4.45 3.94 6.35 7.81 8.69 9.34 6.57 4.31 4.31 3.94 2.85 2.85 2.41 2.04 1.46 0.07 1.17 2.12 1.90 1.24 1.46 1.83 2.92 3.14 3.50 3.87 3.50 1.53 0.80 1.46 0.00 0.00 0.00 0.00 2.48 0.00 0.00 0.00 2.04 0.00 0.88 1.83 1.90 2.12 2.41 4.31 6.20 7.37 8.54 9.27 9.13 10.59 11.61 11.83 12.41 11.90 8.03 4.67 4.67 3.72 6.50 7.96 8.32 8.40 7.37 7.15 7.01 5.18 2.92 4.16 10.51 5.77 6.13 5.91
0.00 0.00 0.00 0.00 0.00 0.00 0.00 0.00 0.00 6.94 7.37 2.99 3.80 5.69 8.25 9.27 0.00 0.00 0.00 0.00 0.00 3.58 2.99 1.31 0.95 0.95 1.24 1.90 2.85 2.99 2.56 2.70 2.70 2.92 3.21 2.34 2.12 1.68 1.68 1.68 0.80 1.53 2.19 2.19 2.19 1.68 0.66 1.61 1.46 0.88 1.17 2.04 2.92 3.65 4.45 4.31 4.31 4.31 5.55 5.77 5.62 6.06 7.08 7.96 8.47 8.54 8.61 8.83 8.83 8.83 8.54 8.76 8.98 9.42 9.42 9.56 9.13 11.02 8.47 5.91 5.84 4.82 4.82 4.82
0.00 0.00 0.00 0.00 0.00 0.00 0.00 0.00 0.00 0.00 2.19 2.26 2.70 3.65 0.00 0.00 0.00 0.00 0.00 0.00 0.00 2.92 0.73 0.29 1.39 2.12 2.48 2.92 4.67 4.23 3.21 3.43 3.94 5.77 4.89 2.77 3.65 2.48 1.39 0.95 1.31 1.53 5.04 5.04 3.72 2.12 2.12 2.63 3.72 6.13 7.96 8.54 7.23 5.84 5.99 5.04 3.87 4.31 4.60 4.96 4.74 4.31 4.16 4.31 5.62 6.13 6.79 7.66 7.66 7.81 8.83 8.54 9.27 8.76 8.32 9.05 11.17 13.14 12.78 10.73 7.52 5.33 6.50 5.99
0.00 0.00 0.00 0.00 0.00 0.00 0.00 0.00 0.00 0.00 0.00 2.56 3.36 3.14 0.00 0.00 0.00 0.00 0.00 0.00 0.00 3.21 1.53 0.44 2.77 2.92 3.87 3.94 3.36 2.92 2.77 3.43 3.80 3.87 3.07 3.29 4.60 2.92 1.97 1.10 2.26 2.92 4.89 4.89 5.69 4.53 3.29 4.45 5.77 6.42 6.42 6.79 6.50 4.89 4.23 5.62 6.72 7.45 6.28 6.06 5.84 4.82 3.94 2.70 4.45 7.52 9.71 11.39 11.39 11.53 11.90 11.90 12.70 11.46 6.57 6.72 9.71 12.78 11.24 8.76 7.96 6.86 6.50 6.64
0.00 0.00 0.00 0.00 0.00 0.00 0.00 0.00 0.00 0.00 0.00 2.56 3.36 3.14 0.00 0.00 0.00 0.00 0.00 0.00 0.00 3.21 1.53 0.44 2.77 2.92 3.87 3.94 3.36 2.92 2.77 3.43 3.80 3.87 3.07 3.29 4.60 2.92 1.97 1.10 2.26 2.92 4.89 4.89 5.69 4.53 3.29 4.45 5.77 6.42 6.42 6.79 6.50 4.89 4.23 5.62 6.72 7.45 6.28 6.06 5.84 4.82 3.94 2.70 4.45 7.52 9.71 11.39 11.39 11.53 11.90 11.90 12.70 11.46 6.57 6.72 9.71 12.78 11.24 8.76 7.96 6.86 6.50 6.64
0.00 0.00 0.00 0.00 0.00 0.00 0.00 0.00 0.00 0.00 0.00 0.00 0.00 0.00 0.00 0.00 0.00 0.00 0.00 0.00 0.00 2.99 2.41 1.90 2.26 2.12 1.75 1.61 1.90 3.14 3.87 3.58 4.02 4.09 3.65 5.69 7.81 6.42 3.50 3.07 5.26 5.77 5.55 5.55 5.26 5.04 4.31 3.58 6.20 5.69 5.77 5.99 5.69 4.02 2.77 3.50 8.18 10.88 10.15 8.98 7.74 6.28 5.69 5.11 6.72 6.50 7.37 10.73 10.73 12.85 13.21 11.75 12.92 13.14 9.86 8.18 6.72 7.52 10.95 11.10 12.34 13.87 14.16 12.34
0.00 0.00 0.00 0.00 0.00 0.00 0.00 0.00 0.00 0.00 0.00 0.00 0.00 0.00 0.00 0.00 0.00 0.00 0.00 0.00 4.96 4.31 4.09 4.31 3.21 2.63 3.36 3.07 4.60 7.23 7.81 8.83 9.49 7.23 7.96 10.88 9.86 8.25 5.77 5.91 5.91 5.91 4.16 4.16 4.74 4.89 5.48 5.69 6.86 6.50 6.06 5.18 4.53 5.48 5.26 6.06 7.01 7.66 7.37 7.59 8.10 7.59 8.03 8.25 8.61 9.56 10.88 12.70 12.70 14.82 14.97 15.11 15.99 14.02 12.48 10.15 7.88 8.61 7.30 6.94 8.61 8.10 10.22 10.95
0.00 0.00 0.00 0.00 0.00 0.00 0.00 0.00 0.00 0.00 0.00 6.79 6.42 5.91 5.18 4.60 4.67 4.60 4.60 4.02 3.72 4.31 6.13 5.04 3.94 4.38 6.35 6.79 7.30 9.93 12.99 16.06 12.78 10.59 10.29 6.50 4.45 4.60 3.07 4.45 4.82 6.50 5.55 5.55 4.31 5.40 5.91 5.99 5.84 5.33 5.99 6.50 6.20 6.35 7.59 9.56 9.49 8.47 6.72 5.18 5.18 5.69 6.64 7.30 8.76 8.76 10.73 10.73 10.73 12.19 13.58 13.14 8.61 7.66 9.93 6.06 0.51 0.00 0.00 0.00 4.38 7.08 6.79 8.18
0.00 0.00 0.00 0.00 0.00 0.00 2.12 4.23 4.16 3.21 4.23 6.79 7.81 6.86 5.62 4.96 4.67 5.11 5.11 5.11 4.16 5.40 7.74 9.13 8.98 8.10 6.13 5.69 8.40 11.53 12.12 14.53 11.83 8.47 6.86 5.91 5.26 6.42 5.69 5.99 5.77 6.13 4.82 4.82 4.74 5.26 5.69 5.99 5.62 5.55 5.69 5.55 3.58 4.16 6.42 8.18 8.69 7.96 4.45 2.99 3.72 4.53 4.23 3.72 5.04 7.96 10.95 11.02 11.02 11.24 14.31 14.38 6.42 3.94 5.18 1.31 0.00 0.00 0.00 0.00 0.00 4.23 7.08 7.23
0.00 0.00 0.00 0.00 0.00 0.00 2.12 4.23 4.16 3.21 4.23 6.79 7.81 6.86 5.62 4.96 4.67 5.11 5.11 5.11 4.16 5.40 7.74 9.13 8.98 8.10 6.13 5.69 8.40 11.53 12.12 14.53 11.83 8.47 6.86 5.91 5.26 6.42 5.69 5.99 5.77 6.13 4.82 4.82 4.74 5.26 5.69 5.99 5.62 5.55 5.69 5.55 3.58 4.16 6.42 8.18 8.69 7.96 4.45 2.99 3.72 4.53 4.23 3.72 5.04 7.96 10.95 11.02 11.02 11.24 14.31 14.38 6.42 3.94 5.18 1.31 0.00 0.00 0.00 0.00 0.00 4.23 7.08 7.23
0.00 0.00 0.00 0.00 0.00 2.12 2.41 5.11 5.55 6.28 6.28 7.15 8.47 8.47 7.37 7.66 8.40 7.37 7.37 6.50 5.62 4.82 6.42 7.23 10.37 10.15 6.86 5.62 7.08 9.49 10.07 13.07 14.09 11.75 7.37 6.86 5.84 6.50 5.84 5.11 6.13 5.40 5.55 5.55 6.28 6.42 5.11 4.67 5.04 6.35 6.50 3.80 4.67 6.20 6.64 7.52 7.08 4.60 4.38 5.18 8.83 9.13 6.94 5.40 5.40 7.45 8.69 10.51 10.51 13.14 13.65 9.20 5.99 5.55 2.19 1.75 0.00 0.00 0.00 0.00 0.00 3.87 5.04 4.23
0.00 0.00 0.00 0.00 0.00 0.00 5.04 6.13 6.94 7.23 7.15 7.66 9.27 11.46 9.64 9.64 9.13 8.91 8.91 9.78 9.27 5.33 3.87 6.57 9.56 10.66 9.20 8.47 8.76 11.24 11.17 12.78 15.99 12.12 11.17 8.61 8.76 6.64 4.82 5.48 6.42 5.33 3.29 3.29 1.90 0.00 0.00 0.00 0.00 0.00 0.00 3.58 4.31 5.84 5.62 5.62 5.40 5.55 6.72 9.64 13.36 13.65 9.93 7.59 7.08 6.72 8.83 12.48 12.48 11.90 12.56 8.69 7.01 4.23 3.50 0.00 0.00 0.00 0.00 0.00 3.07 5.77 4.96 3.94
0.00 0.00 0.00 0.00 0.00 0.00 0.00 5.33 7.59 10.07 7.74 7.45 8.32 8.40 8.10 8.10 8.98 9.93 9.93 10.00 9.27 7.88 6.06 6.06 8.40 10.59 10.73 10.73 10.00 9.78 11.53 14.82 14.53 11.83 10.88 9.27 7.88 6.94 7.08 10.37 7.59 5.33 5.62 5.62 0.00 0.00 0.00 0.00 0.00 0.00 3.29 0.00 6.50 6.13 5.11 3.65 5.91 5.33 5.55 7.81 11.75 13.21 10.66 9.27 9.27 8.32 9.49 9.56 9.56 9.20 7.52 4.67 3.50 2.77 3.72 0.00 0.00 0.00 2.04 0.15 3.36 5.11 2.99 2.41
0.00 0.00 0.00 0.00 0.00 0.00 0.00 5.55 7.30 7.15 6.35 6.64 9.05 9.20 8.10 8.10 8.91 9.64 9.64 9.93 10.51 11.10 10.37 9.49 9.86 12.56 13.21 11.39 9.13 7.23 10.07 10.80 13.87 15.33 9.42 6.35 0.00 0.00 0.00 6.06 4.74 3.14 4.60 4.60 4.74 0.00 0.00 0.00 0.00 0.00 4.02 6.72 7.37 7.52 7.88 8.47 7.52 7.37 5.84 5.04 5.55 6.86 7.96 8.83 9.64 9.05 6.64 4.53 4.53 3.87 3.21 2.77 4.16 4.67 0.00 0.00 0.00 2.04 3.21 1.83 2.77 2.70 2.70 2.92
0.00 0.00 0.00 0.00 0.00 0.00 5.11 5.18 6.94 9.93 10.44 8.83 9.42 10.59 10.37 10.51 10.29 11.02 11.02 12.41 15.11 13.94 15.26 16.43 17.01 18.32 18.25 16.57 16.13 10.07 8.18 7.45 8.40 14.89 8.54 3.36 0.00 0.00 0.00 0.00 4.96 4.31 5.62 5.62 4.89 0.00 0.00 0.00 0.00 0.00 0.00 3.80 6.35 7.45 7.96 8.25 7.74 6.42 0.00 0.00 5.62 4.02 0.00 0.00 6.42 6.79 6.13 5.84 5.84 0.00 2.92 4.82 4.16 0.00 0.00 0.00 0.00 5.04 3.14 1.24 1.97 1.31 2.48 2.12
0.00 0.00 0.00 0.00 0.00 0.00 5.11 5.18 6.94 9.93 10.44 8.83 9.42 10.59 10.37 10.51 10.29 11.02 11.02 12.41 15.11 13.94 15.26 16.43 17.01 18.32 18.25 16.57 16.13 10.07 8.18 7.45 8.40 14.89 8.54 3.36 0.00 0.00 0.00 0.00 4.96 4.31 5.62 5.62 4.89 0.00 0.00 0.00 0.00 0.00 0.00 3.80 6.35 7.45 7.96 8.25 7.74 6.42 0.00 0.00 5.62 4.02 0.00 0.00 6.42 6.79 6.13 5.84 5.84 0.00 2.92 4.82 4.16 0.00 0.00 0.00 0.00 5.04 3.14 1.24 1.97 1.31 2.48 2.12
0.00 0.00 0.00 0.00 0.00 0.00 0.00 8.32 7.74 8.32 8.91 8.76 9.20 9.56 10.80 10.15 9.49 9.42 9.42 9.93 11.53 12.92 14.60 17.67 20.59 21.53 22.34 19.35 14.67 11.32 7.66 5.91 5.11 4.53 0.00 0.00 0.00 0.00 0.00 0.00 0.00 4.67 5.40 5.40 4.23 0.00 0.00 0.00 8.40 5.26 0.00 0.44 3.36 6.06 6.20 5.99 5.69 4.82 4.67 5.62 6.50 6.79 7.52 7.96 7.01 8.47 8.32 9.20 9.20 9.93 7.08 5.77 5.48 0.00 3.72 2.19 2.41 3.07 1.68 1.02 1.83 2.34 1.75 2.26
5.40 6.35 5.91 8.76 9.05 8.61 0.00 10.22 10.22 8.98 9.05 9.13 9.78 8.10 9.27 11.02 11.02 10.80 10.80 11.97 11.83 13.72 14.67 15.57 16.07 16.86 16.89 15.70 14.31 11.17 8.03 6.35 5.18 0.00 0.00 0.00 0.00 0.00 0.00 4.23 5.69 0.00 3.29 3.29 1.83 0.00 0.00 0.00 0.00 0.00 0.00 0.00 2.85 6.20 5.11 5.69 0.00 0.00 4.89 5.40 5.69 6.50 8.03 9.93 8.32 8.10 8.83 9.86 9.86 10.66 10.73 8.76 7.59 5.62 5.48 4.67 3.50 3.72 3.65 3.58 3.07 1.61 1.10 0.58
7.45 7.96 6.42 6.79 6.72 5.91 0.00 0.00 7.74 6.64 6.06 6.42 7.74 6.50 7.52 9.20 10.73 11.53 11.53 11.53 11.39 14.02 15.91 14.37 19.52 17.51 19.13 19.27 20.15 12.56 8.10 5.91 5.18 2.99 0.00 0.00 1.75 3.87 5.69 6.35 0.00 5.77 0.00 0.00 0.00 0.00 0.00 0.00 0.00 0.00 0.00 0.00 0.00 0.00 0.00 2.12 0.00 0.00 0.00 7.23 8.47 8.25 9.49 10.22 9.42 10.73 13.43 11.68 11.68 9.78 9.86 7.59 6.57 5.11 5.04 5.33 3.65 3.94 4.16 3.72 3.72 3.43 3.58 3.14
9.20 8.98 8.76 7.01 5.55 4.67 0.00 6.86 6.79 0.00 0.00 0.00 0.00 0.00 5.99 7.15 9.42 8.91 8.91 8.54 9.34 10.23 11.97 13.77 14.98 14.60 16.69 17.33 18.36 16.69 14.09 7.81 7.23 3.43 0.00 3.72 3.65 3.87 2.85 4.02 6.72 7.74 5.69 5.69 0.00 0.00 0.00 0.00 0.00 0.00 0.00 0.00 0.00 0.00 0.00 0.00 0.00 0.00 0.00 7.30 8.98 10.88 11.46 10.95 10.22 12.12 13.72 12.92 12.92 12.05 11.32 9.78 7.96 7.59 7.74 7.01 6.35 5.26 5.04 2.70 2.70 2.99 2.70 2.99
10.29 10.59 11.17 10.22 9.20 8.03 5.91 4.60 0.00 0.00 0.00 0.00 0.00 4.45 5.91 5.99 6.86 0.00 0.00 4.82 0.00 0.00 5.19 5.26 7.56 11.02 13.77 16.82 19.34 19.76 13.87 11.02 11.10 10.29 9.20 8.47 8.03 5.99 2.92 0.51 2.48 5.62 0.00 0.00 0.00 0.00 0.00 0.00 0.00 0.00 0.00 0.00 0.00 0.37 2.34 4.89 3.87 0.00 0.00 5.69 8.25 11.61 14.16 15.77 13.72 11.90 12.12 12.26 12.26 12.34 12.48 11.10 9.27 8.47 10.15 8.83 7.59 6.28 4.89 4.02 3.50 4.89 3.14 3.07
10.29 10.59 11.17 10.22 9.20 8.03 5.91 4.60 0.00 0.00 0.00 0.00 0.00 4.45 5.91 5.99 6.86 0.00 0.00 4.97 0.00 0.00 5.06 5.39 7.45 11.02 13.36 15.63 18.07 20.07 14.01 11.48 12.47 10.89 9.43 8.47 8.03 5.99 2.92 0.51 2.48 5.62 0.00 0.00 0.00 0.00 0.00 0.00 0.00 0.00 0.00 0.00 0.00 0.37 2.34 4.89 3.87 0.00 0.00 5.69 8.25 11.61 14.16 15.77 13.72 11.90 12.12 12.26 12.26 12.34 12.48 11.10 9.27 8.47 10.15 8.83 7.59 6.28 4.89 4.02 3.50 4.89 3.14 3.07
13.07 13.14 12.05 10.66 10.22 8.91 5.62 2.85 4.16 0.00 0.00 0.00 0.00 0.00 0.00 0.00 0.00 0.00 0.00 0.00 0.00 0.00 0.00 0.00 0.00 5.90 8.85 9.39 10.73 12.77 12.39 12.03 13.92 16.39 13.62 12.03 10.03 7.81 5.04 2.34 0.00 3.29 0.00 0.00 0.00 0.00 0.00 0.00 0.00 0.00 0.00 0.00 0.00 0.00 0.00 0.00 0.00 3.14 3.72 3.80 4.82 8.10 12.78 13.80 14.02 12.41 12.92 13.43 13.43 10.51 8.47 7.08 6.35 6.28 7.59 8.25 8.40 8.54 8.40 6.42 7.66 6.50 4.02 3.65
12.78 12.63 11.39 10.44 9.20 8.61 7.88 6.42 7.81 7.37 5.26 3.94 0.00 3.72 4.45 5.69 0.00 5.62 5.62 3.30 0.00 0.00 2.56 0.00 0.00 0.00 2.99 0.00 6.78 8.18 9.49 8.03 9.05 13.79 15.66 16.26 12.52 9.24 6.64 5.18 3.87 2.70 2.19 2.19 0.00 0.00 3.14 2.99 4.23 0.00 0.00 3.58 0.00 0.00 0.00 0.00 0.00 0.00 0.00 0.00 0.00 4.74 7.15 8.83 11.46 11.46 10.37 9.78 9.78 7.81 5.26 5.18 5.04 6.42 7.59 6.13 6.20 6.64 7.52 7.23 7.23 6.35 5.26 3.72
0.00 10.00 9.34 11.10 11.17 9.78 9.56 9.56 8.98 8.25 7.37 6.50 4.53 5.04 5.62 4.31 3.36 2.41 2.41 0.00 0.00 0.00 3.80 0.00 0.00 0.00 0.00 0.00 0.00 7.45 8.25 8.76 9.71 9.13 10.22 10.61 14.12 13.07 10.07 9.13 7.30 4.09 2.77 2.77 4.67 5.11 3.29 2.34 3.07 5.40 6.50 5.91 5.04 0.00 0.00 0.00 0.00 0.00 0.00 0.00 0.00 0.00 4.82 7.01 8.76 6.79 5.77 6.50 6.50 5.26 0.00 0.00 0.00 5.69 6.57 6.86 7.30 8.10 8.54 8.54 9.42 9.93 10.44 9.71
0.00 0.00 2.70 0.00 5.33 7.37 9.20 10.73 13.14 12.41 9.56 7.01 6.20 6.42 6.50 6.64 6.13 4.74 4.74 4.23 3.94 3.94 4.82 0.00 0.00 0.00 0.00 0.00 0.00 0.00 5.48 7.15 7.96 8.54 9.42 9.71 10.67 12.86 12.07 8.63 8.10 5.04 3.50 3.50 3.29 3.36 3.87 3.87 0.00 4.31 5.33 4.16 4.67 5.04 0.00 0.00 0.00 0.00 0.00 0.00 0.00 0.00 0.00 4.23 0.00 0.00 0.00 0.00 0.00 0.00 2.99 3.43 4.96 5.33 6.35 7.81 8.47 8.98 8.69 8.54 11.24 12.63 11.83 11.46
0.00 0.00 0.00 0.00 0.00 0.00 1.97 0.00 5.38 7.66 9.49 8.98 6.86 6.28 5.99 5.77 4.45 0.73 0.73 2.34 4.53 5.26 5.91 6.28 0.00 0.00 0.00 0.00 0.00 0.00 0.00 0.00 0.00 7.45 7.81 7.81 5.40 5.91 7.56 7.86 5.36 5.04 5.33 5.33 4.23 3.43 5.69 6.06 3.80 1.83 2.12 2.99 4.31 5.33 0.00 0.00 2.26 3.72 2.85 3.65 5.77 0.00 5.11 4.09 0.00 0.00 0.00 0.00 0.00 0.00 0.00 3.58 4.16 6.42 9.27 13.29 14.60 14.89 12.34 11.39 10.88 10.51 10.73 10.22
0.00 0.00 0.00 0.00 0.00 0.00 4.60 3.29 0.00 1.17 5.33 6.28 5.33 4.89 3.87 3.07 2.34 0.00 0.00 0.00 0.00 3.72 6.13 7.01 6.28 0.00 0.00 0.00 0.00 6.28 0.00 0.00 7.00 0.00 6.06 6.72 5.11 4.87 4.31 4.53 0.00 0.00 3.58 3.58 4.67 5.48 0.00 4.60 5.04 4.96 4.45 4.02 0.00 1.53 1.90 3.43 4.23 4.82 3.58 4.53 4.60 3.65 0.00 4.67 0.00 3.21 1.61 0.00 0.00 0.00 0.00 0.00 0.00 3.36 7.66 12.26 15.99 16.21 15.48 14.60 11.83 10.51 8.69 8.98
0.00 0.00 0.00 0.00 0.00 0.00 4.60 3.29 0.00 1.17 5.33 6.28 5.33 4.89 3.87 3.07 2.34 0.00 0.00 0.00 0.00 3.72 6.13 7.01 6.28 0.00 0.00 0.00 0.00 6.06 0.00 0.00 6.79 0.00 6.09 6.75 5.11 4.84 4.35 4.53 0.00 0.00 3.58 3.58 4.67 5.48 0.00 4.60 5.04 4.96 4.45 4.02 0.00 1.53 1.90 3.43 4.23 4.82 3.58 4.53 4.60 3.65 0.00 4.67 0.00 3.21 1.61 0.00 0.00 0.00 0.00 0.00 0.00 3.36 7.66 12.26 15.99 16.21 15.48 14.60 11.83 10.51 8.69 8.98
0.00 0.00 0.00 0.00 0.00 0.00 8.54 8.60 6.74 4.74 3.87 4.38 4.31 2.99 0.00 0.00 0.00 0.00 0.00 0.00 0.00 0.00 0.00 3.21 4.38 6.72 5.62 6.28 7.23 6.35 4.89 5.18 5.11 5.91 6.42 5.84 5.84 4.60 4.92 4.38 3.07 0.00 0.00 0.00 1.17 0.00 0.00 5.18 5.69 5.40 4.74 0.00 0.00 4.23 4.31 4.60 5.26 4.02 4.45 5.26 4.45 0.00 0.00 0.00 4.02 0.00 0.00 3.14 3.14 0.00 0.00 0.00 0.00 4.45 4.96 4.74 7.45 11.17 14.60 16.13 15.11 12.92 11.24 10.29
