Wansh/Snow_depth/snowdepth-1982/winter/1982362.txt
ncols 321
nrows 161
xllcenter 60
yllcenter 15 
cellsize  0.25 
NODATA_value -1
[rows 0 to 36 of 161, columns 0 to 83 of 321]
5.26 5.26 7.88 8.18 7.52 5.99 7.08 7.81 10.88 11.46 9.86 9.34 11.10 12.19 11.02 10.15 7.88 7.23 8.54 9.49 8.76 8.76 10.07 11.32 12.78 13.80 13.80 18.03 17.74 18.83 19.20 19.35 17.16 15.55 15.04 15.91 15.91 15.99 14.31 15.91 14.82 13.94 14.02 14.89 15.55 15.55 17.16 18.18 18.54 19.05 18.25 18.25 14.67 13.14 13.21 13.80 15.04 15.18 15.33 15.04 14.53 14.31 14.09 14.75 15.91 16.79 16.86 16.21 16.28 15.62 17.08 18.25 19.64 20.37 20.15 15.99 15.99 16.35 15.99 14.75 15.99 14.97 15.11 15.33
7.74 7.74 7.45 9.56 12.05 11.68 10.66 10.73 12.41 12.70 12.12 11.75 12.41 13.07 13.36 11.90 10.29 9.78 10.00 9.56 11.02 12.12 13.51 14.09 13.43 17.45 17.45 17.67 18.32 18.76 17.89 19.13 18.18 17.30 16.57 17.81 17.96 19.35 18.83 19.20 19.42 18.61 17.89 19.05 19.13 20.08 19.78 19.35 19.05 17.59 16.13 16.13 14.75 13.14 14.75 14.82 15.40 15.18 15.70 16.72 16.86 17.45 17.67 18.18 18.32 17.52 16.72 15.04 14.45 14.09 15.40 17.01 18.61 19.86 16.50 16.43 16.43 15.33 15.62 18.03 17.67 17.01 16.13 16.79
7.88 7.88 6.57 8.25 9.86 9.56 10.37 11.75 13.21 14.31 14.60 15.70 15.40 12.56 10.88 9.71 5.33 4.53 8.76 12.19 12.19 11.02 13.07 13.65 17.52 16.94 16.94 17.16 16.28 14.45 14.53 16.13 15.70 15.91 16.28 18.54 18.18 18.32 18.40 18.25 19.86 18.98 17.37 16.72 17.08 17.01 17.96 17.59 16.94 16.35 15.55 15.55 16.50 15.62 15.77 15.04 14.97 15.18 16.35 17.67 18.47 19.71 20.29 19.42 17.89 17.96 16.79 16.86 17.74 18.03 17.23 18.47 18.98 12.56 13.65 14.31 14.31 14.02 13.36 13.43 14.97 15.91 15.99 14.45
7.88 7.88 6.57 8.25 9.86 9.56 10.37 11.75 13.21 14.31 14.60 15.70 15.40 12.56 10.88 9.71 5.33 4.53 8.76 12.19 12.19 11.02 13.07 13.65 17.52 16.94 16.94 17.16 16.28 14.45 14.53 16.13 15.70 15.91 16.28 18.54 18.18 18.32 18.40 18.25 19.86 18.98 17.37 16.72 17.08 17.01 17.96 17.59 16.94 16.35 15.55 15.55 16.50 15.62 15.77 15.04 14.97 15.18 16.35 17.67 18.47 19.71 20.29 19.42 17.89 17.96 16.79 16.86 17.74 18.03 17.23 18.47 18.98 12.56 13.65 14.31 14.31 14.02 13.36 13.43 14.97 15.91 15.99 14.45
4.23 4.23 1.61 4.16 6.28 6.72 10.44 11.75 12.12 11.53 8.40 8.47 9.56 9.64 8.32 8.47 6.28 4.02 4.53 9.86 14.60 13.58 12.70 12.26 12.85 12.26 12.26 13.21 13.14 12.05 13.43 13.29 13.72 14.75 14.89 15.33 14.97 14.60 14.53 14.09 14.02 14.31 14.60 15.33 17.16 16.79 16.79 16.06 15.18 15.40 14.24 14.24 13.51 14.67 15.04 15.84 16.57 15.48 15.48 15.55 16.94 17.23 19.20 19.27 20.51 19.64 18.25 17.59 15.62 14.89 16.21 17.89 13.94 14.53 14.67 14.82 14.82 13.94 13.80 13.36 13.65 13.21 13.72 12.99
4.60 4.60 2.85 3.50 8.10 10.73 10.95 8.03 7.30 8.61 7.66 6.64 6.42 7.45 5.84 6.42 7.52 6.57 5.26 7.23 13.07 15.91 15.70 10.80 12.78 12.41 12.41 14.31 13.72 11.75 14.16 14.75 15.62 14.45 11.39 9.86 8.18 8.61 9.42 8.76 9.78 9.05 9.42 10.66 12.05 11.68 11.90 11.75 11.61 11.75 11.53 11.53 13.07 12.85 13.14 12.99 12.92 13.94 14.60 13.43 12.70 14.97 16.43 18.18 18.03 16.21 15.48 16.13 14.97 15.33 15.55 13.21 14.53 14.97 15.55 14.31 14.31 0.00 13.72 13.65 13.43 12.26 11.32 0.00
5.33 5.33 3.72 4.38 8.47 9.71 7.01 6.94 6.13 5.99 6.35 7.08 7.37 7.59 5.62 5.99 7.66 9.93 9.27 8.61 12.56 15.26 16.50 15.26 15.33 15.99 15.99 16.13 14.31 13.87 13.80 14.02 14.45 12.92 11.46 8.98 7.01 8.18 10.29 10.07 9.27 7.59 8.47 10.15 11.90 12.78 12.34 10.51 9.34 9.49 7.52 7.52 6.42 9.56 13.43 14.75 12.92 11.97 12.12 13.21 12.99 13.14 14.38 15.48 15.70 14.38 15.99 16.35 16.50 15.55 12.70 12.34 13.29 13.29 13.51 13.94 13.94 13.65 12.70 12.05 11.10 10.95 12.05 12.41
5.33 5.33 3.72 4.38 8.47 9.71 7.01 6.94 6.13 5.99 6.35 7.08 7.37 7.59 5.62 5.99 7.66 9.93 9.27 8.61 12.56 15.26 16.50 15.26 15.33 15.99 15.99 16.13 14.31 13.87 13.80 14.02 14.45 12.92 11.46 8.98 7.01 8.18 10.29 10.07 9.27 7.59 8.47 10.15 11.90 12.78 12.34 10.51 9.34 9.49 7.52 7.52 6.42 9.56 13.43 14.75 12.92 11.97 12.12 13.21 12.99 13.14 14.38 15.48 15.70 14.38 15.99 16.35 16.50 15.55 12.70 12.34 13.29 13.29 13.51 13.94 13.94 13.65 12.70 12.05 11.10 10.95 12.05 12.41
6.42 6.42 4.96 4.31 3.43 5.55 5.84 5.18 4.60 3.65 4.16 6.50 5.69 5.77 9.05 10.51 11.61 13.80 14.09 13.43 15.33 16.21 16.86 14.38 14.31 14.09 14.09 16.28 15.91 15.62 15.26 15.04 14.82 13.80 13.87 11.46 9.64 10.51 12.34 11.97 9.42 5.99 7.88 10.59 11.68 11.61 11.68 10.95 9.86 8.91 7.45 7.45 7.23 9.05 13.21 14.31 15.04 14.31 12.26 13.07 14.67 14.31 13.14 13.07 12.70 14.16 16.21 16.94 16.64 12.34 12.12 11.75 10.95 11.75 12.99 13.07 13.07 10.51 8.69 10.07 10.80 10.66 10.22 0.00
5.48 5.48 5.18 4.31 4.67 5.62 5.40 3.80 2.70 1.83 0.66 3.07 5.99 8.47 10.73 12.41 12.78 10.88 12.34 14.31 15.40 17.01 17.01 15.77 15.70 15.84 15.84 16.06 17.01 17.16 15.40 15.70 17.23 16.06 13.36 11.53 11.61 14.24 15.11 13.80 12.34 10.29 9.78 10.22 10.07 8.25 9.78 9.13 10.37 11.46 13.14 13.14 13.07 9.20 9.49 10.44 10.80 13.65 13.80 15.62 16.28 16.64 15.91 13.87 13.36 12.92 14.67 15.40 16.64 11.90 12.48 13.21 12.78 13.51 13.29 12.12 12.12 12.05 11.68 12.41 9.20 0.00 0.00 0.00
8.98 8.98 5.84 5.40 4.31 3.94 4.53 4.16 5.11 4.16 4.53 5.33 7.01 7.37 6.42 5.48 6.28 7.74 11.24 16.13 18.03 16.28 14.97 14.97 15.18 13.21 13.21 14.89 17.23 15.99 15.11 14.16 13.36 13.87 15.04 16.21 15.99 14.75 14.24 13.80 12.63 10.80 9.78 10.95 11.61 11.68 10.73 9.86 11.10 12.41 12.34 12.34 11.02 9.20 7.66 6.28 7.30 10.29 12.56 13.29 14.02 14.97 17.30 16.50 15.55 12.85 12.70 13.94 9.56 11.90 13.51 12.56 12.48 12.41 10.73 11.10 11.10 13.29 13.72 11.17 8.98 0.00 0.00 0.00
8.98 8.98 5.84 5.40 4.31 3.94 4.53 4.16 5.11 4.16 4.53 5.33 7.01 7.37 6.42 5.48 6.28 7.74 11.24 16.13 18.03 16.28 14.97 14.97 15.18 13.21 13.21 14.89 17.23 15.99 15.11 14.16 13.36 13.87 15.04 16.21 15.99 14.75 14.24 13.80 12.63 10.80 9.78 10.95 11.61 11.68 10.73 9.86 11.10 12.41 12.34 12.34 11.02 9.20 7.66 6.28 7.30 10.29 12.56 13.29 14.02 14.97 17.30 16.50 15.55 12.85 12.70 13.94 9.56 11.90 13.51 12.56 12.48 12.41 10.73 11.10 11.10 13.29 13.72 11.17 8.98 0.00 0.00 0.00
13.43 13.43 11.61 9.20 6.20 5.11 6.28 9.56 9.49 8.32 8.91 8.10 7.81 8.18 8.40 8.10 7.52 10.15 13.36 15.48 15.91 12.63 12.78 10.80 10.73 12.85 12.85 14.02 15.70 15.18 17.81 16.13 11.90 10.37 12.56 14.75 14.53 11.90 11.68 11.97 12.41 11.83 11.10 11.75 11.75 12.70 11.61 10.51 11.24 11.24 11.17 11.17 9.78 8.98 7.74 4.82 6.64 8.98 10.51 11.32 11.39 11.39 12.19 13.43 13.65 14.82 14.67 10.07 9.49 11.17 11.83 11.61 11.10 8.83 0.00 0.00 0.00 0.00 0.00 10.95 0.00 0.00 0.00 0.00
16.43 16.43 15.18 13.65 12.70 9.13 8.32 11.53 14.16 14.89 14.31 13.65 13.58 15.40 15.33 14.09 13.51 13.36 13.87 13.43 12.56 12.70 12.26 10.59 8.18 10.00 10.00 11.46 12.19 11.97 12.34 11.39 10.07 9.86 11.39 12.19 10.95 10.00 10.44 11.02 11.75 13.87 12.34 11.90 11.75 11.24 10.07 10.51 10.44 9.93 11.02 11.02 11.39 10.73 8.47 7.30 9.49 11.24 11.68 11.61 8.40 5.26 6.28 8.83 10.95 12.41 11.17 11.61 9.93 9.42 10.44 12.05 11.75 0.00 0.00 4.89 4.89 0.00 0.00 0.00 0.00 0.00 0.00 0.00
15.84 15.84 14.97 12.26 10.44 9.64 9.49 11.10 13.72 15.18 15.11 14.67 14.09 13.43 13.36 12.70 11.97 14.02 14.67 14.38 13.21 13.65 13.58 10.22 7.45 7.74 7.74 8.25 7.37 4.89 6.64 7.37 8.54 9.34 10.15 10.37 10.51 10.15 11.90 12.78 12.12 11.68 10.66 10.07 9.56 10.66 10.66 12.12 11.10 9.34 9.42 9.42 9.20 7.96 7.23 9.34 12.19 12.19 12.78 13.14 11.39 7.23 6.79 7.45 7.96 5.48 7.30 8.61 8.47 7.37 8.76 11.32 10.07 9.05 8.83 9.13 9.13 6.86 5.40 0.00 0.00 0.00 0.00 0.00
15.99 15.99 14.97 13.29 12.56 12.34 12.41 12.05 13.51 15.04 15.11 14.82 14.60 12.26 12.19 13.94 13.43 12.70 11.90 13.21 12.41 11.68 11.02 9.93 8.10 6.13 6.13 4.67 3.72 3.36 5.84 7.74 8.40 9.13 11.46 13.14 12.78 10.44 9.64 9.56 9.34 9.64 8.98 8.83 8.83 9.13 9.42 10.15 9.42 8.10 8.10 8.10 8.91 10.37 10.29 9.13 10.59 10.51 12.70 10.66 8.98 5.84 0.00 5.33 6.06 0.00 3.36 4.45 0.00 4.60 5.69 8.10 9.05 9.71 10.44 10.15 10.15 7.96 6.28 6.86 5.91 5.18 0.00 0.00
15.99 15.99 14.97 13.29 12.56 12.34 12.41 12.05 13.51 15.04 15.11 14.82 14.60 12.26 12.19 13.94 13.43 12.70 11.90 13.21 12.41 11.68 11.02 9.93 8.10 6.13 6.13 4.67 3.72 3.36 5.84 7.74 8.40 9.13 11.46 13.14 12.78 10.44 9.64 9.56 9.34 9.64 8.98 8.83 8.83 9.13 9.42 10.15 9.42 8.10 8.10 8.10 8.91 10.37 10.29 9.13 10.59 10.51 12.70 10.66 8.98 5.84 0.00 5.33 6.06 0.00 3.36 4.45 0.00 4.60 5.69 8.10 9.05 9.71 10.44 10.15 10.15 7.96 6.28 6.86 5.91 5.18 0.00 0.00
16.72 16.72 13.94 13.72 12.78 12.78 12.85 14.67 15.48 15.77 16.50 15.62 13.80 13.36 12.85 12.92 12.34 10.22 8.32 8.54 8.10 7.30 7.23 8.69 6.64 6.35 6.35 5.91 5.11 4.89 6.42 8.10 8.25 8.10 7.88 8.40 7.59 7.59 8.40 8.83 8.32 9.13 8.18 6.86 6.35 7.01 6.94 6.28 6.57 5.91 6.57 6.57 8.69 11.53 9.86 7.30 6.79 7.52 8.47 7.15 4.45 0.00 0.00 0.00 0.00 0.00 0.00 0.00 0.95 0.00 0.00 5.62 9.86 10.29 9.05 9.86 9.86 8.91 7.45 4.96 3.43 0.00 0.00 0.00
17.23 17.23 16.64 17.08 17.45 16.79 15.84 18.18 17.89 16.72 15.77 15.26 14.67 15.62 14.97 11.68 7.59 5.04 5.33 4.89 7.52 5.77 7.23 8.18 8.69 7.01 7.01 5.99 4.96 4.74 5.84 6.64 7.88 6.86 8.54 15.48 7.15 6.72 9.49 8.61 7.01 6.64 5.62 5.40 5.62 6.28 7.15 7.23 7.08 6.94 5.91 5.91 7.66 8.69 7.52 6.72 5.99 4.74 3.94 4.38 0.00 4.09 4.67 0.00 0.00 1.53 1.31 1.90 0.00 0.00 0.00 1.24 1.68 3.36 5.11 7.30 7.30 8.47 7.96 7.30 6.28 5.33 0.00 0.00
15.62 15.62 17.96 17.45 18.83 18.91 18.69 19.56 19.13 16.72 14.02 13.58 12.56 11.32 8.76 6.06 4.16 4.16 1.02 2.63 2.41 5.62 7.08 6.86 6.86 6.64 6.64 4.82 5.99 5.69 6.13 6.28 7.15 8.10 11.61 12.26 9.27 7.59 10.88 9.13 7.88 8.54 6.94 7.37 7.45 6.42 6.20 6.28 7.30 7.37 5.26 5.26 5.26 4.82 5.26 6.72 7.37 6.72 6.64 5.62 3.94 3.65 8.98 11.10 7.88 0.00 2.77 0.00 0.00 0.00 2.99 0.00 0.00 0.00 0.00 2.48 2.48 4.23 5.04 6.35 7.01 0.00 0.00 0.00
17.01 17.01 19.27 19.71 20.44 20.29 17.74 18.98 19.13 17.74 15.77 14.38 12.05 8.40 5.62 3.36 3.58 3.80 0.22 0.00 1.90 2.77 3.58 3.94 4.60 7.52 7.52 8.91 6.42 7.01 6.42 6.86 7.74 8.69 7.59 6.72 9.05 12.56 12.56 11.10 9.05 7.96 7.15 6.42 7.37 6.72 6.57 7.30 7.66 5.84 4.82 4.82 4.53 5.04 5.48 5.40 6.20 6.28 6.64 6.57 5.84 5.62 9.86 11.39 8.03 3.58 0.00 4.16 3.80 3.87 0.00 0.00 1.90 0.95 0.00 0.00 0.00 0.00 0.00 3.87 3.72 0.00 0.00 0.00
18.83 18.83 19.64 21.02 20.29 20.00 16.86 14.67 14.24 14.24 13.72 12.92 10.15 6.64 6.06 5.77 5.55 2.34 0.22 0.00 0.95 0.00 3.65 3.43 4.74 8.25 8.25 8.40 5.84 5.77 7.23 7.66 9.34 11.75 12.34 12.63 13.58 13.80 12.34 12.70 11.24 10.07 7.88 6.06 6.57 6.57 6.86 8.91 8.69 7.59 7.37 7.37 6.42 6.28 6.57 7.59 7.52 7.59 6.50 6.72 7.37 4.89 5.91 5.11 5.33 6.50 6.13 7.45 6.42 0.00 2.56 2.41 0.00 2.63 0.66 0.00 0.00 0.00 5.48 5.62 5.99 5.55 4.53 0.00
18.83 18.83 19.64 21.02 20.29 20.00 16.86 14.67 14.24 14.24 13.72 12.92 10.15 6.64 6.06 5.77 5.55 2.34 0.22 0.00 0.95 0.00 3.65 3.43 4.74 8.25 8.25 8.40 5.84 5.77 7.23 7.66 9.34 11.75 12.34 12.63 13.58 13.80 12.34 12.70 11.24 10.07 7.88 6.06 6.57 6.57 6.86 8.91 8.69 7.59 7.37 7.37 6.42 6.28 6.57 7.59 7.52 7.59 6.50 6.72 7.37 4.89 5.91 5.11 5.33 6.50 6.13 7.45 6.42 0.00 2.56 2.41 0.00 2.63 0.66 0.00 0.00 0.00 5.48 5.62 5.99 5.55 4.53 0.00
18.32 18.32 17.89 17.74 18.47 17.81 16.28 14.53 11.24 10.22 10.22 8.91 7.81 5.99 5.33 6.42 8.03 5.55 4.67 3.21 1.90 4.67 0.00 6.94 5.55 6.94 6.94 8.25 8.83 11.75 11.17 10.22 11.68 14.60 16.06 14.82 16.06 15.84 13.87 12.92 13.14 12.63 10.15 6.72 6.57 8.10 9.42 11.17 11.53 10.59 9.71 9.71 9.20 10.22 12.05 12.19 10.51 7.74 8.25 6.42 6.28 5.11 7.59 6.42 6.72 6.86 5.91 6.35 5.11 3.07 3.80 0.00 0.00 2.12 2.77 4.16 4.16 5.26 6.72 7.81 7.81 7.66 6.42 4.67
15.70 15.70 16.50 16.57 16.28 15.62 13.58 11.61 8.61 8.18 8.76 7.59 4.89 5.11 4.38 6.57 0.00 0.00 7.59 6.28 0.00 0.00 0.00 6.42 5.99 7.15 7.15 9.86 11.17 13.65 14.31 14.16 14.75 14.97 15.62 16.57 16.79 15.33 14.53 15.11 13.36 0.00 0.00 0.00 9.78 10.00 9.93 11.02 12.05 11.46 11.68 11.68 10.29 10.00 12.12 14.31 12.99 11.24 9.20 8.61 7.30 7.88 10.59 10.59 10.66 9.34 11.10 12.34 12.26 8.54 6.64 7.15 7.37 7.15 6.72 5.84 5.84 6.79 8.25 8.47 8.47 7.37 6.64 6.86
10.37 10.37 10.59 11.53 10.73 11.39 11.83 10.95 8.54 8.25 7.59 6.35 5.69 5.55 5.69 6.20 0.00 0.00 0.00 0.00 0.00 0.00 3.65 4.67 7.52 9.20 9.20 7.01 8.83 10.95 9.78 12.26 13.07 11.90 12.70 13.72 14.89 0.00 0.00 0.00 0.00 0.00 0.00 0.00 9.71 6.94 6.79 7.23 7.37 8.47 9.78 9.78 10.66 10.88 11.68 12.85 14.38 15.99 15.48 14.97 13.51 11.32 10.95 13.14 13.14 12.99 12.99 13.43 11.46 9.49 9.20 10.73 12.48 12.78 12.99 11.32 11.32 8.76 10.37 11.46 10.73 8.76 7.96 8.03
8.91 8.91 5.04 5.18 7.08 8.47 9.42 9.27 9.78 9.71 8.98 6.06 6.50 5.11 4.53 6.57 0.00 0.00 0.00 0.00 0.00 0.00 3.87 4.16 6.35 7.01 7.01 7.81 8.10 8.40 9.93 11.46 11.75 12.05 13.29 14.24 13.14 0.00 0.00 0.00 0.00 0.00 0.00 0.00 3.65 4.23 4.31 2.99 4.60 4.67 5.26 5.26 5.99 6.86 7.45 9.42 12.56 15.11 14.09 11.46 10.51 10.15 8.83 8.47 8.91 10.80 11.90 11.68 9.71 8.91 8.47 9.13 11.24 11.39 12.26 12.56 12.56 11.02 8.47 7.88 9.34 9.86 10.66 13.14
10.51 10.51 9.20 8.03 8.54 9.05 7.96 8.25 9.86 6.79 3.65 3.58 3.14 2.19 1.53 0.00 0.00 0.00 0.00 0.00 0.00 0.00 0.00 3.72 5.26 6.42 6.42 6.64 6.72 0.00 0.00 9.93 10.29 10.29 0.00 0.00 0.00 0.00 0.00 0.00 0.00 0.00 0.00 5.26 3.80 3.21 0.00 0.00 3.80 3.72 2.85 2.85 1.90 3.29 4.89 4.67 5.91 6.72 7.66 7.15 7.23 7.88 7.88 8.54 8.10 9.71 11.83 12.12 11.24 9.56 7.45 5.69 8.76 10.00 10.88 12.05 12.05 13.51 13.51 12.26 11.10 11.75 14.09 14.82
10.51 10.51 9.20 8.03 8.54 9.05 7.96 8.25 9.86 6.79 3.65 3.58 3.14 2.19 1.53 0.00 0.00 0.00 0.00 0.00 0.00 0.00 0.00 3.72 5.26 6.42 6.42 6.64 6.72 0.00 0.00 9.93 10.29 10.29 0.00 0.00 0.00 0.00 0.00 0.00 0.00 0.00 0.00 5.26 3.80 3.21 0.00 0.00 3.80 3.72 2.85 2.85 1.90 3.29 4.89 4.67 5.91 6.72 7.66 7.15 7.23 7.88 7.88 8.54 8.10 9.71 11.83 12.12 11.24 9.56 7.45 5.69 8.76 10.00 10.88 12.05 12.05 13.51 13.51 12.26 11.10 11.75 14.09 14.82
10.15 10.15 7.96 6.42 6.79 6.35 5.62 5.26 4.53 3.21 2.19 1.68 2.63 2.41 2.56 0.00 0.00 0.00 0.00 0.00 0.00 0.00 0.00 0.00 0.00 0.00 0.00 0.00 8.47 8.47 0.00 0.00 0.00 0.00 0.00 0.00 0.00 0.00 0.00 0.00 0.00 0.00 0.00 7.74 4.96 2.56 3.72 5.11 6.72 8.10 6.86 6.86 6.86 5.69 4.89 4.02 3.14 4.82 5.33 5.69 6.42 7.23 5.91 7.81 11.10 10.37 11.46 11.39 11.39 10.51 10.44 8.32 6.57 7.74 10.29 13.58 13.58 15.84 15.84 14.60 15.26 16.57 14.53 15.99
8.69 8.69 6.94 5.84 6.20 5.18 4.09 3.87 0.00 0.00 1.02 1.97 3.29 3.07 0.00 0.00 0.00 0.00 0.00 0.00 0.00 0.00 0.00 0.00 0.00 0.00 0.00 0.00 0.00 0.00 10.15 0.00 0.00 0.00 0.00 0.00 0.00 0.00 0.00 0.00 0.00 0.00 9.42 12.63 10.80 6.28 4.53 5.84 7.45 8.03 8.69 8.69 8.18 6.57 4.89 4.45 5.26 4.96 4.67 5.04 6.64 6.06 4.38 5.69 7.96 8.03 7.66 8.47 8.91 8.18 9.27 10.59 9.78 7.96 9.49 13.72 13.72 15.26 13.58 12.41 11.46 11.90 12.05 14.09
7.08 7.08 5.55 4.60 4.09 3.43 2.92 0.00 0.00 0.00 3.65 4.67 3.14 1.68 0.00 0.00 0.00 0.00 0.00 0.00 0.00 0.00 0.00 0.00 5.04 6.86 6.86 8.98 9.93 11.02 11.90 12.63 0.00 0.00 0.00 0.00 0.00 0.00 0.00 0.00 0.00 0.00 5.69 9.56 10.44 8.69 7.66 7.74 7.08 7.37 8.25 8.25 9.20 6.79 2.99 3.50 0.00 4.67 3.65 4.38 4.82 5.77 5.04 6.06 5.62 6.79 8.18 8.83 10.44 9.05 9.78 11.61 13.87 15.40 15.99 15.04 15.04 12.85 9.56 7.74 8.61 8.83 8.32 8.76
4.23 4.23 1.61 0.66 2.19 2.48 2.99 4.53 0.00 0.00 0.00 0.00 0.00 0.00 0.00 0.00 0.00 0.00 0.00 0.00 0.00 0.00 0.00 0.00 0.00 0.00 0.00 0.00 0.00 0.00 0.00 0.00 0.00 0.00 0.00 0.00 0.00 0.00 0.00 0.00 0.00 0.00 0.00 5.04 7.88 7.88 6.50 7.15 6.64 4.74 7.01 7.01 6.57 5.33 0.00 5.11 0.00 0.00 0.00 0.00 0.00 0.00 6.20 6.50 6.13 6.28 7.23 9.05 11.02 10.51 11.02 10.29 11.10 15.40 17.01 15.18 15.18 11.02 7.01 5.99 5.26 5.33 5.84 5.99
3.50 3.50 0.00 0.00 0.51 1.17 0.00 3.72 2.41 2.19 0.00 0.00 3.43 0.00 0.00 0.00 0.00 0.00 0.00 0.00 0.00 0.00 0.00 0.00 0.00 0.00 0.00 0.00 0.00 0.00 0.00 0.00 0.00 0.00 0.00 0.00 0.00 0.00 0.00 0.00 0.07 0.80 1.24 3.14 4.16 4.53 4.09 3.94 3.43 5.48 6.28 6.28 6.13 4.89 1.02 0.00 0.00 0.00 0.00 0.00 0.00 0.00 4.67 0.00 0.00 7.59 9.05 9.20 8.98 8.32 8.03 8.10 8.76 9.93 8.83 8.18 8.18 8.76 8.54 8.03 8.18 6.13 4.09 0.00
0.00 0.00 0.00 0.00 0.00 0.00 0.80 2.04 0.00 1.83 0.00 0.00 0.00 0.00 0.00 0.00 0.00 0.00 0.00 0.00 0.00 0.00 0.00 0.00 0.00 0.00 0.00 0.00 0.00 0.00 0.00 0.00 0.00 0.00 0.00 0.00 0.00 0.00 4.45 3.21 2.04 1.02 0.07 0.95 0.00 3.07 3.87 3.58 3.21 2.77 5.91 5.91 7.66 6.42 3.50 0.00 0.00 0.00 0.00 0.00 0.00 4.23 5.91 7.37 7.66 7.52 8.32 8.76 7.96 7.01 5.91 4.02 5.91 8.10 7.96 8.76 8.76 11.53 11.53 10.37 10.00 9.64 6.86 0.00
0.00 0.00 0.00 0.00 0.00 0.00 0.80 2.04 0.00 1.83 0.00 0.00 0.00 0.00 0.00 0.00 0.00 0.00 0.00 0.00 0.00 0.00 0.00 0.00 0.00 0.00 0.00 0.00 0.00 0.00 0.00 0.00 0.00 0.00 0.00 0.00 0.00 0.00 4.45 3.21 2.04 1.02 0.07 0.95 0.00 3.07 3.87 3.58 3.21 2.77 5.91 5.91 7.66 6.42 3.50 0.00 0.00 0.00 0.00 0.00 0.00 4.23 5.91 7.37 7.66 7.52 8.32 8.76 7.96 7.01 5.91 4.02 5.91 8.10 7.96 8.76 8.76 11.53 11.53 10.37 10.00 9.64 6.86 0.00
0.00 0.00 0.00 0.00 0.00 0.00 0.00 0.00 0.00 0.00 0.00 0.00 0.00 0.00 0.00 0.00 0.00 0.00 0.00 0.00 0.00 0.00 0.00 0.00 0.00 0.00 0.00 0.00 0.00 0.00 0.00 0.00 0.00 0.00 0.00 0.00 7.66 4.38 3.07 1.31 0.00 0.00 0.00 0.00 0.00 0.58 1.75 3.72 3.14 3.36 6.35 6.35 6.86 5.48 0.00 0.00 0.00 0.00 0.00 0.00 6.28 9.86 11.17 10.22 10.73 11.10 10.51 11.17 11.61 14.09 13.36 12.78 10.66 10.88 12.26 14.16 14.16 15.84 16.64 16.06 16.86 14.24 12.34 7.23
