Wansh/Snow_depth/snowdepth-1982/winter/1982348.txt
ncols 321
nrows 161
xllcenter 60
yllcenter 15 
cellsize  0.25 
NODATA_value -1
[rows 0 to 36 of 161, columns 168 to 251 of 321]
1.31 0.80 1.10 1.10 1.46 0.88 1.39 2.41 2.92 2.92 4.45 5.18 5.04 4.16 3.50 4.23 6.42 7.81 7.45 6.94 6.20 5.33 4.82 3.80 2.92 0.00 0.00 0.00 0.00 0.00 0.00 0.00 5.18 8.25 10.15 10.15 9.93 8.98 11.61 12.19 9.64 5.18 4.67 4.31 4.45 5.69 8.69 9.78 8.10 5.91 5.84 7.96 8.83 8.10 6.57 9.71 11.39 12.19 12.34 12.85 12.85 11.10 13.80 15.11 16.06 16.21 15.48 14.67 14.67 14.38 13.72 14.09 13.21 12.70 12.12 11.97 12.99 14.53 15.18 15.55 14.60 14.53 15.33 16.50
3.87 2.34 1.02 0.73 1.68 1.75 2.26 2.99 3.80 3.80 4.02 3.07 3.36 3.14 2.70 3.87 4.53 4.74 6.20 6.35 5.48 5.40 5.18 3.94 0.15 0.00 0.00 0.00 0.00 0.00 0.00 0.00 2.85 8.76 8.98 8.98 6.13 6.64 11.10 11.17 7.01 5.33 5.18 4.96 6.20 5.77 4.23 4.02 3.72 5.48 4.31 5.48 8.83 10.88 10.07 10.66 12.26 10.95 12.78 14.53 14.53 15.40 17.01 18.32 15.99 13.43 12.92 14.02 15.11 16.28 16.28 15.70 13.87 13.87 12.85 12.92 13.21 13.21 13.51 13.80 13.36 12.78 10.29 10.88
3.65 3.14 2.26 1.83 1.10 1.17 2.92 4.16 5.11 5.11 4.53 1.61 1.90 3.50 1.97 2.70 3.29 4.82 6.35 6.42 5.69 4.53 4.16 0.00 0.00 0.00 0.00 0.00 0.00 0.00 0.00 0.00 4.82 7.81 6.06 6.06 5.40 8.32 10.00 7.96 6.06 5.26 4.74 4.45 3.50 3.58 3.65 4.02 4.31 4.02 4.16 5.84 7.96 9.93 11.10 8.83 8.69 8.32 10.07 10.73 10.73 12.26 14.09 14.24 13.87 10.00 10.15 11.68 12.56 13.80 11.83 14.53 14.53 13.87 12.70 11.90 12.41 11.97 11.61 12.78 11.61 10.59 11.17 10.88
3.65 3.14 2.26 1.83 1.10 1.17 2.92 4.16 5.11 5.11 4.53 1.61 1.90 3.50 1.97 2.70 3.29 4.82 6.35 6.42 5.69 4.53 4.16 0.00 0.00 0.00 0.00 0.00 0.00 0.00 0.00 0.00 4.82 7.81 6.06 6.06 5.40 8.32 10.00 7.96 6.06 5.26 4.74 4.45 3.50 3.58 3.65 4.02 4.31 4.02 4.16 5.84 7.96 9.93 11.10 8.83 8.69 8.32 10.07 10.73 10.73 12.26 14.09 14.24 13.87 10.00 10.15 11.68 12.56 13.80 11.83 14.53 14.53 13.87 12.70 11.90 12.41 11.97 11.61 12.78 11.61 10.59 11.17 10.88
1.61 3.94 3.07 1.90 0.51 0.00 2.26 3.14 2.48 2.48 2.63 3.50 2.70 4.09 3.43 5.40 4.53 4.74 4.45 3.94 2.99 0.88 0.00 0.00 0.00 0.00 0.00 0.00 0.00 0.00 0.00 0.73 6.06 8.32 6.94 6.94 12.12 9.71 6.64 2.92 2.48 2.26 2.12 2.63 2.56 3.94 3.65 3.87 4.67 4.67 5.18 5.62 6.42 6.79 6.42 5.99 5.99 7.15 9.49 8.61 8.61 9.78 12.70 9.56 9.20 9.05 8.69 9.05 9.49 9.71 9.78 10.22 10.51 11.10 9.20 8.03 8.10 7.08 7.96 7.45 8.69 9.42 10.95 11.17
5.62 4.16 2.48 0.00 0.00 1.17 1.75 2.63 2.04 2.04 4.23 4.09 3.94 2.63 3.65 3.65 2.26 2.19 1.97 1.61 0.00 0.00 0.00 0.00 0.00 0.00 0.00 0.00 0.00 0.00 0.00 3.21 5.77 6.42 7.59 7.59 8.25 5.84 0.95 1.02 1.90 2.92 3.58 3.07 2.48 2.85 4.38 5.04 4.60 4.67 5.11 6.57 7.96 6.35 6.20 4.82 5.26 6.20 6.79 9.93 9.93 11.10 9.78 8.03 7.01 6.50 4.60 4.89 5.62 6.35 6.50 7.59 7.96 7.74 6.86 6.28 6.50 6.28 7.23 8.32 9.27 10.66 10.59 10.59
8.10 6.42 3.87 1.90 1.02 0.44 1.53 2.85 3.72 3.72 2.92 4.16 0.00 3.80 5.18 3.65 2.77 0.22 0.00 0.00 0.00 0.00 0.00 0.00 0.00 0.00 0.00 0.00 0.00 0.00 5.26 9.42 8.83 8.98 7.37 7.37 3.50 2.04 1.17 1.17 1.24 1.61 2.92 3.50 3.65 3.94 4.16 4.60 5.48 5.11 4.23 5.04 5.11 4.74 5.40 5.04 4.96 5.26 4.60 6.86 6.86 7.15 6.64 6.13 6.28 6.50 6.28 5.77 4.60 4.96 7.45 8.03 8.25 8.10 8.54 7.01 7.08 7.01 7.81 9.66 11.27 11.55 10.71 13.10
8.10 6.42 3.87 1.90 1.02 0.44 1.53 2.85 3.72 3.72 2.92 4.16 0.00 3.80 5.18 3.65 2.77 0.22 0.00 0.00 0.00 0.00 0.00 0.00 0.00 0.00 0.00 0.00 0.00 0.00 5.26 9.42 8.83 8.98 7.37 7.37 3.50 2.04 1.17 1.17 1.24 1.61 2.92 3.50 3.65 3.94 4.16 4.60 5.48 5.11 4.23 5.04 5.11 4.74 5.40 5.04 4.96 5.26 4.60 6.86 6.86 7.15 6.64 6.13 6.28 6.50 6.28 5.77 4.60 4.96 7.45 8.03 8.25 8.10 8.54 8.10 9.77 10.08 10.70 16.41 18.62 15.37 13.78 13.60
8.54 8.69 7.01 4.96 4.09 3.50 2.56 3.36 2.63 2.63 2.41 4.60 6.06 4.89 3.07 0.88 0.00 0.00 0.00 0.00 0.00 0.00 0.00 0.00 0.00 0.00 0.00 0.00 7.81 4.74 7.08 7.08 5.99 6.57 6.50 6.50 4.16 2.99 2.48 2.63 2.04 1.68 2.34 2.92 3.21 3.94 4.45 5.77 6.86 5.84 4.67 4.31 3.72 4.96 4.31 5.26 5.48 7.81 6.13 5.84 5.84 6.28 6.13 5.91 6.42 7.45 6.42 6.13 5.91 6.94 7.74 8.10 8.47 8.05 10.83 12.71 13.52 11.61 9.98 14.13 15.23 14.15 14.93 18.67
5.84 6.06 5.62 4.89 4.60 2.99 3.65 3.58 3.21 3.21 3.72 4.89 3.87 2.12 0.00 0.00 0.00 0.00 0.00 0.00 0.00 0.00 0.00 0.00 0.00 0.00 0.00 4.60 7.08 5.40 6.94 5.77 4.96 4.16 4.45 4.45 3.94 3.36 3.50 0.95 1.97 3.29 2.56 0.51 0.29 1.83 3.65 5.48 6.06 4.23 3.29 2.34 2.77 2.92 3.58 3.36 2.70 4.02 5.04 5.77 5.77 5.91 6.57 6.64 6.06 6.50 6.13 5.99 6.72 7.01 8.03 7.23 7.22 9.80 12.53 13.63 16.40 16.75 16.89 15.78 16.82 18.13 20.40 25.76
6.20 4.82 4.45 4.67 5.18 3.87 2.92 2.70 3.72 3.72 1.17 0.51 0.00 0.00 0.00 0.00 0.00 0.00 0.00 0.00 0.00 0.00 0.00 0.00 0.00 2.12 4.45 5.40 3.72 4.45 4.23 4.60 4.38 3.58 3.72 3.72 3.72 3.58 3.36 2.85 2.34 2.41 1.90 1.46 1.24 1.53 1.83 2.70 2.77 3.29 1.10 1.90 3.58 3.14 2.56 0.80 1.24 2.34 4.89 4.96 4.96 4.23 4.53 6.06 5.69 6.06 6.06 5.91 5.33 5.04 4.89 5.48 5.62 5.71 7.98 14.09 19.59 22.08 19.37 20.31 21.11 23.90 22.45 22.96
6.20 4.82 4.45 4.67 5.18 3.87 2.92 2.70 3.72 3.72 1.17 0.51 0.00 0.00 0.00 0.00 0.00 0.00 0.00 0.00 0.00 0.00 0.00 0.00 0.00 2.12 4.45 5.40 3.72 4.45 4.23 4.60 4.38 3.58 3.72 3.72 3.72 3.58 3.36 2.85 2.34 2.41 1.90 1.46 1.24 1.53 1.83 2.70 2.77 3.29 1.10 1.90 3.58 3.14 2.56 0.80 1.24 2.34 4.89 4.96 4.96 4.23 4.53 6.06 5.69 6.06 6.06 5.91 5.33 5.04 4.89 5.48 5.48 5.62 7.74 13.08 17.46 20.44 20.66 21.08 21.11 23.38 24.67 24.56
10.73 8.25 6.57 4.96 4.45 2.77 0.00 0.00 0.00 0.00 0.00 0.00 0.00 0.00 0.00 0.00 0.00 0.00 0.00 0.00 0.00 0.00 1.61 1.83 4.09 3.72 3.65 3.50 2.92 2.77 3.58 2.85 4.67 3.58 3.07 3.07 3.43 3.58 3.87 4.23 4.23 2.92 1.90 1.39 1.46 2.48 2.63 3.29 3.50 2.41 2.26 1.97 2.56 1.90 2.26 1.39 1.83 1.68 2.12 2.41 2.41 2.99 3.29 4.23 4.09 4.23 5.26 5.18 5.04 5.18 3.43 5.04 5.48 6.42 6.44 9.28 14.03 16.50 19.08 22.66 22.81 25.12 24.48 22.02
9.34 7.66 6.28 5.26 3.80 1.53 0.00 0.00 0.00 0.00 0.00 0.00 0.00 0.00 0.00 0.00 0.00 0.00 0.00 1.83 2.85 4.96 3.29 2.34 2.26 2.70 3.50 3.07 1.68 2.77 2.99 2.48 2.85 2.34 2.19 2.19 2.56 3.50 3.36 3.14 2.26 2.56 1.83 1.75 1.90 1.97 2.92 2.12 1.83 2.34 1.61 1.90 1.75 1.10 2.92 2.34 1.61 2.48 3.72 3.72 3.72 4.16 3.36 4.09 4.23 4.60 6.06 7.23 6.13 6.06 6.06 6.06 5.69 7.18 8.57 10.95 11.74 16.75 21.34 20.62 23.58 21.95 21.20 20.72
9.05 7.66 7.45 7.30 7.30 4.89 0.00 0.00 0.00 0.00 0.00 0.00 0.00 0.00 0.00 0.00 0.00 0.00 3.21 2.92 3.87 3.80 3.50 2.92 1.68 2.34 4.23 3.87 3.65 2.99 2.41 1.46 0.80 1.90 2.77 2.77 3.43 3.50 3.29 3.07 3.07 2.41 1.46 1.46 1.68 1.24 2.04 2.04 2.12 1.46 1.17 2.92 1.02 0.95 2.41 2.41 3.36 2.99 3.14 3.21 3.21 3.72 3.94 2.99 2.99 5.40 5.91 4.82 5.91 5.77 6.86 6.72 7.54 10.98 11.13 11.95 13.85 17.30 17.48 16.28 16.85 16.12 15.31 14.30
6.64 5.40 6.20 8.32 9.93 5.69 4.38 0.00 0.00 0.00 0.00 0.00 0.00 0.00 0.00 0.37 2.41 1.46 1.75 1.39 2.41 3.87 3.43 3.29 3.87 3.72 3.21 3.29 2.77 3.07 4.09 4.16 3.65 3.50 3.87 3.87 4.23 4.16 4.23 3.80 2.70 2.34 1.61 0.88 0.80 1.17 1.31 0.73 0.37 0.58 1.46 1.31 0.00 0.00 2.04 0.00 2.41 2.85 2.56 2.48 2.48 4.45 3.80 3.29 3.50 4.31 4.38 4.16 4.74 6.13 6.72 7.38 8.55 9.34 11.50 11.70 13.01 12.46 13.37 13.31 14.10 13.73 12.54 13.34
6.64 5.40 6.20 8.32 9.93 5.69 4.38 0.00 0.00 0.00 0.00 0.00 0.00 0.00 0.00 0.37 2.41 1.46 1.75 1.39 2.41 3.87 3.43 3.29 3.87 3.72 3.21 3.29 2.77 3.07 4.09 4.16 3.65 3.50 3.87 3.87 4.23 4.16 4.23 3.80 2.70 2.34 1.61 0.88 0.80 1.17 1.31 0.73 0.37 0.58 1.46 1.31 0.00 0.00 2.04 0.00 2.41 2.85 2.56 2.48 2.48 4.45 3.80 3.29 3.50 4.31 4.38 4.16 4.74 6.13 6.72 9.06 8.01 10.16 10.33 14.48 13.20 13.78 13.63 12.00 13.63 11.81 13.64 15.15
4.16 4.60 5.11 4.31 4.38 6.13 4.96 5.48 4.96 4.96 5.04 4.53 2.63 2.04 2.99 2.26 0.00 0.00 0.58 1.39 1.02 1.46 2.41 2.92 2.85 1.97 2.41 3.07 3.50 3.87 3.80 4.60 4.23 3.72 3.87 3.87 4.09 3.58 2.70 2.70 2.41 3.36 3.94 3.21 1.83 0.66 1.24 0.00 0.07 0.00 0.00 0.00 0.00 0.00 0.00 0.00 0.00 2.77 1.90 2.56 2.56 3.21 3.14 3.50 3.80 4.60 5.18 6.06 6.50 6.79 6.43 7.60 9.61 8.72 9.15 13.27 14.25 10.58 9.67 12.99 11.25 8.70 10.69 12.63
3.72 5.40 6.50 5.33 4.23 2.85 3.87 4.31 3.21 3.21 4.16 3.80 3.21 2.26 1.39 0.66 0.00 0.22 1.46 2.34 1.68 1.97 2.56 1.97 2.04 2.70 2.70 2.56 2.77 3.58 3.43 4.09 4.53 4.02 4.31 4.31 4.38 3.07 3.14 2.77 3.14 3.43 2.41 2.85 2.19 1.53 1.97 0.44 0.00 3.36 1.75 0.00 0.00 0.00 0.00 0.00 3.36 0.00 0.00 1.83 1.83 2.34 2.12 3.21 3.58 4.09 5.11 6.50 6.94 7.04 8.04 9.88 10.48 10.17 11.80 14.14 13.69 14.41 13.42 13.33 10.42 10.87 11.60 14.60
3.29 3.07 5.48 4.96 5.62 4.67 4.16 3.50 3.80 3.80 3.87 2.85 3.43 4.02 2.85 0.58 0.22 2.12 1.97 2.19 3.29 3.36 3.29 3.65 3.43 2.99 2.34 3.21 2.99 3.80 4.23 5.26 6.13 5.99 3.07 3.07 3.07 3.29 4.74 4.82 4.53 2.85 0.80 0.58 1.02 0.00 0.00 0.00 0.00 0.00 2.70 3.29 4.82 0.00 0.00 0.00 4.02 4.53 4.31 4.02 4.02 3.21 2.99 3.94 4.38 5.55 4.38 5.69 7.37 9.13 10.80 13.36 15.48 16.50 17.08 17.07 15.66 17.84 17.33 13.44 12.48 11.86 10.54 13.55
2.34 2.34 2.99 3.36 4.60 6.06 6.20 5.55 4.67 4.67 5.18 5.40 5.91 5.26 4.02 4.53 3.07 2.92 2.70 2.92 4.53 5.69 4.53 3.94 4.02 3.72 3.58 3.65 3.58 4.82 4.67 5.26 5.99 6.42 5.40 5.40 4.31 3.29 3.29 3.50 2.92 0.80 0.22 2.04 2.12 0.00 0.00 0.00 4.89 4.60 4.02 3.29 3.07 3.36 3.43 0.00 4.38 4.23 0.00 3.50 3.50 3.87 3.43 3.87 4.82 4.60 5.18 7.37 9.34 10.80 13.58 17.74 17.81 17.74 19.44 21.40 23.76 19.91 19.54 17.37 19.14 12.81 12.99 10.58
2.19 2.56 2.77 2.99 3.65 4.89 5.40 4.09 5.18 5.18 4.38 5.40 6.35 7.37 5.04 2.70 2.85 4.02 5.55 5.84 5.26 5.26 5.11 5.33 6.35 7.01 6.06 5.48 4.96 4.31 5.33 8.18 5.99 7.45 7.15 7.15 6.13 3.21 2.04 1.97 1.83 1.24 1.10 1.53 1.61 0.00 0.00 3.94 0.00 0.00 4.31 0.00 2.85 1.83 1.75 2.92 4.45 3.87 2.70 0.00 0.00 0.00 0.00 0.00 3.87 5.69 6.86 9.64 11.39 12.92 15.40 16.21 17.16 18.76 20.99 22.14 26.00 18.59 18.63 16.55 14.14 12.97 16.02 11.70
2.19 2.56 2.77 2.99 3.65 4.89 5.40 4.09 5.18 5.18 4.38 5.40 6.35 7.37 5.04 2.70 2.85 4.02 5.55 5.84 5.26 5.26 5.11 5.33 6.35 7.01 6.06 5.48 4.96 4.31 5.33 8.18 5.99 7.45 7.15 7.15 6.13 3.21 2.04 1.97 1.83 1.24 1.10 1.53 1.61 0.00 0.00 3.94 0.00 0.00 4.31 0.00 2.85 1.83 1.75 2.92 4.45 3.87 2.70 0.00 0.00 0.00 0.00 0.00 3.87 5.69 6.86 9.64 11.39 12.92 15.40 16.21 17.16 18.76 20.15 22.26 20.19 16.36 15.60 19.27 17.30 13.24 12.55 10.80
1.39 0.80 1.31 2.63 3.72 5.62 3.80 5.48 5.48 5.48 5.55 5.69 5.33 5.69 4.82 4.45 4.09 5.18 5.99 6.94 7.15 6.13 6.13 6.42 6.64 6.94 6.72 7.66 7.30 5.18 5.33 5.84 6.20 6.20 4.45 4.45 2.48 2.26 2.92 3.43 2.12 1.75 1.39 1.83 0.00 0.00 1.31 3.50 4.02 5.48 4.74 5.26 6.79 8.03 8.32 8.18 7.30 5.84 3.36 0.00 0.00 0.00 0.00 3.43 6.94 8.54 9.20 9.49 9.49 10.66 11.46 13.14 15.04 16.35 18.10 18.42 17.06 19.32 17.20 16.75 15.93 14.06 15.95 12.45
1.31 2.56 1.46 2.12 4.31 4.53 7.15 6.94 5.04 5.04 5.04 4.67 5.77 5.77 5.69 3.72 4.16 4.53 5.69 7.23 8.10 7.88 6.42 6.64 7.66 9.20 12.05 11.83 9.71 8.32 8.03 6.28 5.04 3.87 2.92 2.92 2.99 3.50 2.26 4.53 5.11 1.53 1.83 1.97 3.07 0.00 4.96 6.57 8.32 9.42 9.64 9.49 9.93 12.78 13.65 12.48 9.86 7.59 6.20 0.00 0.00 0.00 0.00 3.50 8.40 10.95 10.95 11.75 10.00 8.54 8.10 8.54 10.59 12.41 13.48 13.66 13.17 14.69 15.73 13.55 16.18 11.64 12.84 13.73
2.85 3.14 0.00 0.00 3.80 5.26 5.62 4.96 4.74 4.74 4.89 5.26 6.06 7.15 5.11 6.28 6.13 5.40 6.06 6.86 7.37 8.76 8.25 8.40 8.32 9.34 12.19 13.07 12.12 9.64 9.93 8.40 6.86 5.55 7.01 7.01 8.25 9.05 9.13 10.07 11.39 9.20 7.52 6.64 4.74 11.68 14.24 12.48 11.24 11.32 12.70 12.70 12.19 13.58 13.87 12.41 10.07 9.05 8.03 4.09 4.09 2.48 3.65 8.10 11.02 10.22 7.88 6.57 5.48 3.87 3.29 4.89 7.26 9.14 10.15 10.50 10.35 9.17 11.12 12.58 7.35 9.45 8.34 7.66
4.31 0.00 4.60 3.72 4.23 4.02 0.00 5.91 6.20 6.20 6.28 7.15 8.54 6.79 6.42 6.79 7.08 7.74 8.47 8.98 8.18 9.56 9.93 10.59 8.69 8.40 9.71 11.17 11.10 9.64 9.27 9.20 10.44 12.12 12.12 12.12 11.97 12.99 16.13 16.13 14.09 14.97 17.52 14.31 16.28 14.89 15.84 17.45 15.62 15.48 14.45 14.16 15.04 15.99 13.72 11.39 13.43 10.73 8.98 7.52 7.52 6.35 6.50 7.08 7.01 3.36 1.68 0.80 2.41 2.56 2.99 5.62 10.46 11.99 11.50 10.60 11.19 11.63 9.46 10.58 9.80 9.41 8.20 5.02
3.21 4.45 4.38 4.23 4.53 3.80 0.00 4.60 6.64 6.64 5.48 5.91 6.20 5.77 5.77 6.06 7.74 9.13 8.10 7.88 7.74 8.03 8.47 9.13 8.76 8.69 10.73 9.93 11.10 11.61 13.21 16.13 17.30 16.50 15.04 15.04 14.45 14.75 16.43 16.43 15.26 16.28 17.81 16.06 17.37 17.37 17.16 17.08 15.77 15.84 15.55 15.77 15.84 14.82 13.80 12.05 10.80 9.42 6.94 4.96 4.96 2.04 0.00 0.00 0.44 0.29 0.00 0.00 0.00 2.41 4.64 7.54 9.88 9.81 10.43 10.12 9.32 8.27 7.49 7.03 5.16 5.53 3.33 0.10
3.21 4.45 4.38 4.23 4.53 3.80 0.00 4.60 6.64 6.64 5.48 5.91 6.20 5.77 5.77 6.06 7.74 9.13 8.10 7.88 7.74 8.03 8.47 9.13 8.76 8.69 10.73 9.93 11.10 11.61 13.21 16.13 17.30 16.50 15.04 15.04 14.45 14.75 16.43 16.43 15.26 16.28 17.81 16.06 17.37 17.37 17.16 17.08 15.77 15.84 15.55 15.77 15.84 14.82 13.80 12.05 10.80 9.42 6.94 4.96 4.96 2.04 0.00 0.00 0.44 0.29 0.00 0.00 0.00 2.41 4.67 7.46 8.93 10.93 11.13 11.80 10.82 8.01 7.82 6.83 5.46 6.56 3.04 0.08
0.00 7.30 6.50 4.60 0.00 0.00 0.00 0.00 4.02 4.02 4.67 2.92 4.74 6.20 6.42 5.99 6.64 6.94 7.30 8.03 7.52 7.01 6.13 5.99 10.29 13.87 13.94 13.58 13.87 14.82 16.21 15.84 16.21 15.70 13.29 13.29 12.78 13.87 16.35 15.77 15.18 16.86 18.03 17.37 16.86 17.45 18.18 16.86 16.21 15.18 14.45 14.45 12.92 12.41 10.29 8.32 6.64 4.16 1.02 0.00 0.00 0.00 0.00 0.00 0.00 0.00 0.00 0.00 2.13 3.69 6.71 8.11 10.05 12.92 10.78 7.93 5.71 4.31 3.53 3.22 1.45 1.85 1.00 0.00
0.00 0.00 6.20 0.00 0.00 0.00 0.00 0.00 0.00 0.00 0.00 6.64 5.18 5.04 5.62 6.86 9.20 11.39 12.34 11.97 10.00 9.05 8.25 8.25 10.66 13.43 14.09 13.65 14.24 14.02 13.94 12.85 14.02 14.45 13.72 13.72 13.80 14.53 15.11 13.65 12.70 14.31 15.11 16.43 14.45 15.91 17.16 15.77 14.24 13.80 12.85 12.19 9.34 7.01 5.62 0.00 0.00 0.00 0.00 0.00 0.00 0.00 0.00 0.00 0.00 0.00 1.17 2.48 3.72 5.18 7.74 9.86 12.14 11.93 9.24 6.42 6.22 3.94 2.61 1.84 1.78 2.76 0.40 0.08
10.00 8.54 8.40 6.94 7.37 0.00 0.00 7.23 7.59 7.59 7.01 4.89 5.26 5.62 5.91 7.30 8.61 8.98 10.22 10.80 9.56 7.81 8.61 11.17 11.32 11.17 10.66 12.85 13.65 12.05 11.75 11.53 12.12 12.48 11.39 11.39 10.29 10.66 12.05 9.13 10.51 11.61 13.29 13.43 12.56 10.66 9.78 11.02 9.86 4.96 2.63 3.07 0.00 0.00 0.00 0.00 0.00 0.00 0.00 0.00 0.00 0.00 0.00 0.00 0.00 1.61 1.61 2.41 3.50 4.53 6.86 9.17 10.51 8.78 3.93 4.59 3.03 2.67 2.26 1.49 0.09 0.62 0.00 0.55
13.94 12.19 13.07 13.43 13.87 10.00 8.32 8.47 7.15 7.15 0.00 0.00 0.00 5.04 6.64 7.15 9.13 8.18 7.96 9.34 9.64 8.91 9.86 11.68 14.02 14.24 13.94 13.43 12.48 9.64 8.91 8.83 6.57 4.74 4.45 4.45 4.67 4.23 0.00 0.00 0.00 0.00 0.00 0.00 4.89 3.80 0.00 6.79 6.57 2.19 0.00 0.00 0.22 1.68 1.10 0.00 0.00 0.00 0.00 0.00 0.00 0.00 0.00 0.07 1.31 2.70 2.26 2.48 2.48 3.50 7.52 8.55 8.54 4.76 4.16 0.79 1.69 1.87 2.61 1.19 0.00 0.00 0.00 0.00
13.14 12.70 12.85 14.97 11.02 8.18 8.32 0.00 0.00 0.00 0.00 0.00 0.00 6.79 0.00 6.64 6.86 7.30 9.13 9.93 9.49 10.00 10.29 11.46 12.56 12.26 10.88 8.98 7.59 7.66 7.37 4.60 0.00 0.00 0.00 0.00 0.00 0.00 0.00 0.00 0.00 0.00 0.00 0.00 0.00 0.00 2.99 0.00 0.00 0.00 0.00 0.88 1.83 2.04 0.00 0.00 0.00 0.15 0.00 0.00 0.00 0.00 0.00 0.44 1.46 1.75 0.66 1.31 2.99 4.74 5.04 4.60 3.00 2.63 1.51 1.56 0.44 1.19 2.39 1.48 0.15 0.37 0.00 0.00
8.69 8.69 5.62 5.77 5.69 5.33 0.00 0.00 0.00 0.00 0.00 0.00 0.00 0.00 3.21 0.00 2.99 0.00 4.89 7.23 8.47 8.25 7.96 7.96 6.72 5.84 5.62 5.40 4.38 0.00 0.00 0.00 0.00 0.00 0.00 0.00 0.00 0.00 0.00 0.00 0.00 0.00 0.00 0.00 0.00 0.00 0.00 0.00 0.00 0.00 0.00 0.00 0.00 0.00 0.00 0.00 0.00 0.00 0.00 0.00 0.00 0.00 0.00 0.00 1.53 1.83 2.77 0.00 2.70 3.80 3.14 2.20 2.31 2.16 1.84 0.70 1.41 1.73 1.56 0.08 0.00 0.00 0.00 0.00
8.69 8.69 5.62 5.77 5.69 5.33 0.00 0.00 0.00 0.00 0.00 0.00 0.00 0.00 3.21 0.00 2.99 0.00 4.89 7.23 8.47 8.25 7.96 7.96 6.72 5.84 5.62 5.40 4.38 0.00 0.00 0.00 0.00 0.00 0.00 0.00 0.00 0.00 0.00 0.00 0.00 0.00 0.00 0.00 0.00 0.00 0.00 0.00 0.00 0.00 0.00 0.00 0.00 0.00 0.00 0.00 0.00 0.00 0.00 0.00 0.00 0.00 0.00 0.00 1.53 1.83 2.77 0.00 2.70 3.80 3.14 2.19 2.27 2.13 1.84 0.73 1.26 1.66 1.53 0.08 0.00 0.00 0.00 0.00
7.37 1.02 0.00 0.00 0.00 3.14 0.00 0.00 0.00 0.00 0.00 0.00 0.00 4.16 0.00 1.53 0.00 0.00 6.86 5.55 5.91 5.48 0.00 0.00 0.00 2.12 0.00 0.00 1.53 0.00 0.00 0.00 0.00 0.00 0.00 0.00 0.00 0.00 0.00 0.00 0.00 0.00 0.00 0.00 6.13 3.87 2.77 0.00 0.00 0.00 0.00 0.00 0.00 0.00 0.00 0.00 0.00 0.00 0.00 0.00 0.00 0.00 0.00 0.00 1.17 0.00 3.29 3.14 2.41 1.90 3.14 1.97 1.53 1.84 0.73 0.84 1.21 1.39 2.95 1.64 0.00 0.00 0.00 0.00
