Wansh/Snow_depth/snowdepth-1982/winter/1983005.txt
ncols 321
nrows 161
xllcenter 60
yllcenter 15 
cellsize  0.25 
NODATA_value -1
[rows 74 to 110 of 161, columns 84 to 167 of 321]
0.00 0.00 0.00 0.00 0.00 0.22 0.00 0.00 2.19 1.90 3.50 0.95 5.62 6.35 0.00 0.00 0.00 0.00 0.00 0.00 0.00 0.00 0.00 0.00 6.50 8.91 7.96 5.48 6.57 7.15 3.87 5.04 5.77 7.81 7.88 7.08 6.42 7.59 7.08 7.52 9.93 3.36 4.16 4.16 0.00 3.72 0.00 0.00 0.00 0.00 0.00 0.00 0.00 0.00 0.00 0.00 0.00 0.00 0.00 0.00 0.00 0.00 0.00 0.00 1.17 0.00 0.00 2.99 2.99 3.37 4.11 3.58 5.84 4.53 3.50 1.17 0.00 0.00 5.69 16.43 16.35 9.32 6.06 6.13
0.00 0.00 0.00 0.00 4.82 7.88 7.45 6.42 6.79 5.99 4.38 3.21 7.30 0.00 0.00 0.00 0.00 0.00 0.00 4.45 5.18 5.99 5.48 5.26 8.91 9.93 8.47 6.42 7.08 7.96 6.42 4.09 5.04 6.28 8.03 8.25 7.81 7.59 6.28 6.42 5.84 7.88 9.86 9.86 7.45 2.34 3.07 0.00 0.00 0.44 0.00 0.00 0.00 0.00 0.00 0.00 0.00 0.00 0.00 0.00 0.00 0.00 1.24 0.00 0.00 0.00 0.00 2.34 2.34 4.33 6.06 6.57 4.74 3.65 4.45 4.23 0.00 3.36 4.74 6.50 10.66 8.47 6.82 5.04
4.31 5.91 4.38 2.41 5.40 6.86 6.13 6.28 6.06 6.35 7.66 7.30 8.69 6.42 0.00 0.00 5.99 0.00 0.00 4.74 5.40 6.28 4.53 0.00 0.00 3.36 0.00 0.00 0.00 5.18 4.23 3.43 3.87 0.00 3.58 6.94 7.66 6.06 7.81 12.48 8.61 7.66 8.40 8.40 7.66 4.31 6.72 7.59 5.91 2.92 3.14 7.23 4.45 4.02 1.83 1.97 4.02 3.21 4.67 5.55 3.58 1.02 2.12 2.12 2.26 2.35 0.00 1.61 1.61 5.04 9.05 11.02 9.20 7.01 3.80 0.00 0.00 0.00 0.00 0.00 2.70 5.09 5.36 3.39
6.13 4.02 2.70 1.39 1.46 4.23 0.00 0.00 6.13 7.08 7.45 8.10 6.94 5.91 5.91 0.00 0.00 0.00 0.00 0.00 0.00 3.80 0.00 0.00 3.72 3.58 3.50 4.02 5.18 4.02 0.00 2.77 0.00 0.00 4.31 2.85 0.00 5.26 7.15 5.62 4.31 7.52 7.37 7.37 6.42 9.27 9.49 10.15 10.15 7.88 9.64 9.49 7.08 6.79 2.19 5.04 7.88 8.25 9.05 8.76 9.56 7.45 8.98 8.03 6.42 5.33 5.11 3.72 3.72 4.60 6.72 7.96 10.51 12.26 5.91 0.58 1.31 0.00 0.00 0.00 2.70 4.62 4.62 3.54
4.82 3.29 0.00 1.46 5.48 6.94 0.00 0.00 4.02 4.60 5.55 3.65 3.94 0.00 0.00 0.00 5.18 5.84 5.84 7.30 5.33 4.89 4.89 4.53 3.87 5.26 4.82 4.74 0.00 0.00 0.00 0.00 0.00 0.00 5.55 2.99 0.00 0.00 0.22 1.83 0.00 5.33 0.00 0.00 6.06 6.28 7.23 7.15 7.37 9.71 10.15 9.27 10.00 10.95 11.39 12.26 8.98 9.93 7.81 7.08 12.26 12.99 11.17 6.57 6.35 10.37 11.24 8.61 8.61 7.96 7.01 7.88 9.64 12.12 6.28 2.48 2.34 2.85 2.99 4.02 3.80 8.51 6.24 3.63
14.31 11.97 8.18 5.77 5.33 2.04 0.00 3.36 3.29 3.14 0.00 0.00 4.89 6.79 5.84 5.55 5.11 5.84 5.84 5.48 6.28 5.99 5.11 5.04 4.23 0.00 0.00 0.00 0.00 0.00 0.00 0.00 0.00 4.82 4.09 0.00 6.57 3.87 0.44 3.43 3.43 5.33 0.00 0.00 6.64 6.35 6.35 7.66 4.23 5.91 0.00 0.00 0.00 6.35 0.00 7.66 8.25 8.03 7.23 7.59 8.76 9.13 9.86 8.61 8.32 11.53 13.29 13.07 13.07 12.63 9.20 7.59 10.51 11.53 7.19 2.99 2.27 2.34 1.68 2.56 4.23 6.06 5.91 4.55
0.00 0.00 0.00 4.82 4.67 3.87 1.68 2.99 2.48 2.34 5.99 4.67 3.29 5.69 0.00 6.06 5.40 0.00 0.00 4.23 0.00 0.00 0.00 4.96 0.00 0.00 0.00 0.00 0.00 0.00 3.21 0.00 0.00 0.00 0.00 0.00 7.30 0.00 0.00 4.02 5.55 4.38 4.82 4.82 0.00 0.00 0.00 0.00 0.00 0.00 0.00 0.00 0.00 0.00 0.00 0.00 6.50 8.03 8.83 6.86 8.10 8.54 7.59 5.99 7.08 7.37 9.71 11.68 11.68 10.44 9.20 12.34 14.60 12.19 7.01 2.35 1.50 1.99 2.34 2.56 1.17 1.61 3.36 3.58
0.00 0.00 0.00 0.00 2.41 4.16 2.99 0.00 0.00 0.00 7.59 5.04 5.18 0.00 6.42 5.91 5.40 0.00 0.00 0.00 0.00 3.94 4.89 3.43 2.77 0.00 4.23 0.00 0.00 0.00 0.00 0.00 0.00 2.70 2.04 2.85 0.00 0.00 2.99 4.89 4.53 4.16 4.02 4.02 4.45 0.00 0.00 0.00 0.00 0.00 0.00 0.00 0.37 0.00 0.00 0.00 9.20 11.83 10.80 9.78 10.66 10.80 7.37 5.18 0.00 0.00 0.00 7.52 7.52 8.76 7.37 15.04 20.59 17.67 13.58 5.50 2.58 2.90 4.01 2.92 0.00 0.00 0.44 0.00
0.00 2.48 0.00 0.00 3.87 5.26 0.80 1.39 0.00 0.00 3.72 3.94 6.28 7.23 0.00 6.50 7.96 4.74 4.74 0.00 0.00 2.99 2.48 3.07 0.00 0.00 2.70 3.72 0.00 3.94 3.72 0.00 0.00 2.48 3.43 0.00 0.00 0.00 4.09 5.11 5.18 4.16 0.00 0.00 0.00 0.00 0.00 0.00 0.00 0.00 0.00 0.00 0.00 0.00 0.00 0.00 6.94 10.22 11.39 15.91 18.18 15.04 11.10 8.25 6.86 8.54 7.15 5.84 5.84 3.50 0.00 10.59 21.75 26.57 17.59 6.13 2.70 2.99 2.77 2.13 0.15 0.37 2.26 2.41
0.00 4.60 2.63 0.00 0.00 0.00 3.07 2.34 0.00 0.00 4.09 0.00 4.74 5.55 5.62 6.79 0.00 4.67 4.67 3.58 4.16 3.72 0.00 4.45 0.00 0.00 4.67 3.72 2.77 0.00 3.21 0.00 0.00 0.00 5.26 3.58 0.00 0.00 1.02 0.00 0.00 0.00 0.00 0.00 0.00 0.00 0.00 0.00 0.00 0.00 0.00 0.00 0.00 0.00 0.00 5.55 7.96 7.37 10.44 14.53 17.01 16.86 15.33 12.56 13.36 10.07 6.79 5.84 5.84 4.53 0.00 0.00 9.05 18.32 17.45 9.78 4.67 3.80 2.77 1.53 1.24 1.24 0.00 0.00
0.00 2.77 0.00 4.89 3.72 0.00 3.29 3.94 4.09 5.48 4.74 4.60 5.26 5.33 5.48 4.60 3.07 0.00 0.00 3.58 4.31 2.41 0.00 5.11 5.11 4.74 3.87 0.00 2.70 4.09 0.00 0.00 0.00 0.00 0.00 4.38 4.96 5.55 2.92 0.00 0.00 0.00 0.00 0.00 0.00 0.00 0.00 0.00 0.00 3.14 0.00 4.45 5.40 6.20 3.94 5.62 8.61 7.30 0.00 9.05 13.43 13.51 15.48 10.80 7.52 8.03 6.57 5.04 5.04 5.04 3.07 2.99 4.31 8.40 10.00 9.20 8.18 7.52 5.84 7.30 7.81 5.40 3.80 4.82
0.00 0.00 0.00 0.00 0.00 0.00 1.24 2.92 6.94 5.84 5.04 5.40 4.02 5.40 0.00 0.00 0.00 0.00 0.00 3.58 4.53 4.53 3.65 3.94 5.11 5.99 5.77 0.00 4.82 5.48 0.00 7.30 8.32 4.09 3.58 0.00 0.00 6.13 6.13 0.00 0.00 0.00 0.00 0.00 0.00 4.74 0.00 0.00 0.00 0.00 0.00 2.48 5.11 9.78 10.95 9.34 10.15 8.47 4.89 5.33 10.86 10.88 8.65 4.45 1.17 6.28 7.66 6.28 6.28 7.23 5.11 3.58 2.48 2.63 3.94 5.99 9.05 10.95 8.47 10.59 10.66 10.95 0.00 0.00
0.00 4.74 5.48 3.87 3.94 3.87 4.16 0.00 6.13 5.18 4.31 0.00 0.00 0.00 3.80 0.00 0.00 5.11 5.11 3.72 0.00 0.00 7.01 0.00 0.00 3.87 0.00 0.00 6.28 0.00 0.00 5.77 4.74 3.72 0.00 0.00 0.00 0.00 7.96 11.53 10.80 5.55 3.43 3.43 2.26 0.00 0.00 0.00 4.53 3.21 1.97 1.75 1.53 3.29 11.39 21.97 25.70 22.56 19.05 9.56 4.02 5.40 8.79 9.27 5.26 3.50 3.36 3.58 3.58 6.20 10.66 15.18 12.48 7.81 4.38 3.80 4.96 9.42 13.07 7.66 8.32 6.35 3.50 0.00
2.48 2.70 0.00 3.80 5.04 5.69 5.62 5.77 5.04 4.45 6.13 5.99 0.00 0.00 0.00 0.00 7.23 5.99 5.99 0.00 3.29 0.00 5.18 0.00 3.65 4.02 3.36 2.99 0.00 0.00 0.00 3.65 4.23 4.38 0.00 0.00 0.00 0.00 8.54 15.18 15.70 12.56 8.10 8.10 4.74 3.65 1.39 0.00 2.19 2.85 4.02 3.14 3.65 4.16 6.72 14.02 17.52 25.40 21.75 9.86 4.74 3.72 4.53 3.80 3.19 1.61 1.31 1.75 1.75 4.02 10.29 19.20 15.04 9.71 8.18 7.37 4.89 6.28 9.20 9.42 11.61 10.00 6.72 0.00
0.00 0.00 0.00 0.00 0.00 0.00 5.55 0.00 0.00 0.00 5.62 7.08 5.04 7.52 6.57 5.55 5.26 5.77 5.77 6.42 6.42 0.00 0.00 5.04 4.53 5.26 5.11 0.00 0.00 0.00 4.53 3.65 2.12 2.12 3.14 4.09 4.02 0.00 5.77 10.07 13.29 13.72 12.85 12.85 10.66 6.06 4.38 3.36 3.29 2.63 2.04 0.00 4.09 6.13 5.91 7.66 9.49 11.75 14.24 10.73 4.38 2.56 2.63 3.29 4.65 6.72 4.23 2.77 2.77 2.70 5.40 10.22 14.75 15.48 14.60 9.56 7.30 6.35 8.61 8.47 11.02 7.59 0.00 0.00
2.19 0.00 0.00 0.00 0.00 0.00 4.16 2.85 0.00 0.00 5.26 5.77 4.38 5.33 5.69 6.28 6.79 5.40 5.40 6.86 6.35 5.04 4.53 0.00 4.89 0.00 5.84 4.38 6.13 5.84 5.62 5.18 4.96 5.11 4.96 4.38 4.82 4.82 3.43 3.14 8.40 11.17 12.85 12.85 12.99 17.16 19.49 16.06 11.75 4.89 0.00 0.00 0.00 5.26 7.45 6.86 4.74 6.28 7.93 8.70 5.55 5.69 9.61 12.48 10.52 12.64 17.90 14.09 14.09 7.23 6.50 9.64 15.70 18.47 14.16 12.19 12.99 11.68 11.24 8.56 10.77 8.65 7.70 0.00
2.34 0.00 0.00 0.00 0.00 0.00 2.92 0.00 0.00 0.00 4.96 5.18 3.36 1.10 4.31 6.20 6.35 5.40 5.40 4.67 5.91 5.62 3.58 4.96 5.55 6.13 5.18 0.00 4.23 3.29 4.23 5.33 6.50 5.84 5.55 4.96 6.13 5.84 3.07 0.00 6.13 6.86 8.54 8.54 11.61 22.34 25.04 19.27 15.62 13.14 12.56 10.37 11.39 9.13 8.76 12.99 7.74 5.33 6.06 4.96 2.56 4.45 12.09 21.46 25.11 20.44 17.63 15.87 15.37 13.35 14.38 14.82 14.89 17.01 15.62 15.26 18.69 18.03 13.38 10.63 7.82 8.30 8.37 7.64
0.00 0.00 0.73 0.00 0.00 0.00 0.00 2.26 2.26 2.63 0.00 0.00 0.00 0.00 0.00 3.29 0.00 2.92 2.92 2.85 5.26 3.50 2.70 4.53 0.00 6.79 4.09 0.00 3.87 3.80 5.11 3.21 3.87 0.00 6.94 0.00 3.72 4.53 0.00 0.00 0.00 6.06 4.60 4.60 7.66 11.61 15.04 15.55 15.18 13.87 16.21 19.86 26.06 19.05 14.53 18.03 14.60 10.95 12.17 10.99 8.98 8.61 8.86 15.66 24.18 26.89 23.87 19.20 19.30 16.50 14.31 11.68 11.83 12.19 12.91 11.68 11.75 12.63 12.77 10.60 6.03 6.94 7.38 9.59
0.00 0.00 2.41 0.80 2.77 3.29 2.77 4.53 4.60 3.94 0.00 0.00 0.00 0.00 0.00 0.00 0.00 3.14 3.14 3.80 0.00 0.07 0.00 0.00 0.00 0.00 0.00 0.00 3.29 2.92 3.29 2.85 0.00 3.87 3.50 3.50 2.63 0.00 0.00 0.00 0.00 0.00 0.00 0.00 2.99 4.23 6.20 12.19 15.48 18.47 19.93 22.85 25.55 26.43 24.09 23.36 25.04 24.16 20.95 17.30 13.20 9.63 4.94 7.73 16.21 20.31 22.91 18.54 18.54 10.47 9.16 10.78 11.08 8.60 6.75 6.93 5.99 6.45 7.53 8.86 8.29 5.95 6.12 9.13
0.00 0.00 0.00 0.00 0.00 0.00 2.12 0.00 0.00 2.77 0.00 0.00 0.00 0.00 0.00 0.00 0.00 0.00 0.00 0.00 0.00 0.00 0.00 0.00 0.00 0.00 0.00 0.00 0.00 0.00 0.00 0.00 0.00 0.00 3.14 2.56 2.77 0.00 2.63 0.00 0.00 0.00 0.00 0.00 4.09 5.04 6.13 13.51 18.03 29.93 20.00 18.18 20.59 20.95 24.24 26.35 31.82 30.88 25.19 18.91 11.02 8.89 8.90 8.38 14.76 14.67 9.61 6.35 6.35 4.94 6.70 11.73 13.71 10.05 7.04 6.46 6.57 4.22 4.47 3.69 5.05 8.38 8.02 7.54
0.00 0.00 0.00 0.00 0.00 0.00 0.00 0.00 0.00 2.85 0.00 0.00 0.00 0.00 0.00 5.33 0.00 0.00 0.00 4.09 3.87 0.00 2.99 1.39 1.02 0.00 1.61 0.00 0.00 0.00 0.00 0.00 0.00 0.00 0.00 2.12 3.14 0.00 0.00 0.00 0.00 3.87 0.00 0.00 3.29 8.83 12.26 12.56 18.03 20.81 15.91 13.51 15.72 16.11 20.64 24.61 22.65 24.09 25.26 24.75 20.22 12.69 8.84 8.55 11.93 13.63 10.43 4.53 4.55 4.04 5.86 7.79 10.08 11.32 11.90 10.44 8.19 7.04 4.37 2.83 4.61 4.55 6.39 3.83
0.00 0.00 0.00 0.00 1.39 0.00 0.00 0.00 0.00 0.00 0.00 0.00 0.00 0.00 0.00 0.00 0.00 3.36 3.36 0.00 3.58 0.00 0.00 2.12 0.00 0.00 0.00 0.00 0.00 0.00 0.00 0.00 0.00 3.94 0.00 0.00 0.00 0.00 0.00 0.00 0.00 0.00 0.00 0.00 6.28 9.71 10.44 11.61 14.24 16.94 13.58 12.78 11.75 11.08 15.41 22.95 20.81 22.99 21.27 22.56 21.42 14.67 11.52 8.78 9.13 9.97 7.34 2.27 2.27 4.13 5.45 4.79 5.64 8.81 8.88 8.29 9.39 10.53 6.21 4.60 7.42 10.29 9.79 3.43
0.00 0.00 0.00 3.87 3.29 2.85 3.21 0.00 0.00 0.00 0.00 0.00 0.00 0.00 0.00 0.00 0.00 0.00 0.00 0.00 0.00 0.00 8.03 5.99 0.00 0.00 0.00 0.00 0.00 0.00 0.00 0.00 0.00 2.12 4.16 0.00 0.00 0.00 0.00 0.00 0.00 0.00 2.12 2.12 3.36 4.89 9.71 12.26 15.04 19.86 17.89 13.80 9.56 8.95 10.35 11.44 11.16 15.59 20.94 20.86 22.10 18.48 12.57 8.42 5.33 9.73 7.76 3.63 3.58 3.04 4.78 5.86 8.25 9.92 6.28 9.10 3.63 5.08 7.34 5.23 8.28 12.04 11.95 8.38
0.00 0.00 0.00 2.85 4.38 4.45 5.11 5.26 4.45 0.00 0.00 0.00 0.00 0.00 0.00 0.00 0.00 0.00 0.00 0.00 0.00 0.00 4.23 0.00 0.00 0.00 2.92 0.00 0.00 0.00 0.00 0.00 0.00 1.83 2.99 0.00 0.00 0.00 0.00 2.48 6.06 11.02 5.62 5.62 4.60 4.53 9.05 11.39 19.20 21.71 19.34 16.38 16.51 20.54 14.82 10.86 11.02 10.95 12.27 14.06 15.99 17.75 15.75 9.42 3.85 6.03 6.08 3.84 3.74 2.77 4.96 6.40 8.84 9.79 5.50 5.11 3.59 6.13 8.04 5.96 7.91 14.05 10.76 6.84
2.77 0.00 0.00 0.00 0.00 0.00 0.00 4.16 4.67 4.74 0.00 3.07 0.00 0.00 0.00 0.00 0.00 2.34 2.34 0.00 0.00 0.00 0.00 0.00 2.99 3.36 2.48 3.43 3.50 3.87 0.00 0.00 0.00 4.16 2.70 1.46 0.00 0.00 8.69 0.00 5.55 9.27 10.29 10.29 12.12 12.63 13.43 13.36 17.37 19.05 18.59 17.29 12.20 14.26 13.84 13.57 17.17 21.42 19.42 17.46 11.81 7.94 8.24 10.91 6.50 4.11 3.84 1.87 1.84 1.10 1.90 4.61 7.47 11.17 13.78 9.20 6.13 6.68 6.17 7.14 11.27 14.26 15.27 10.99
7.59 5.62 5.18 10.51 10.66 0.00 0.00 0.00 0.00 0.00 4.31 4.23 0.00 0.00 3.65 2.04 0.00 0.00 0.00 2.70 1.02 6.13 0.00 0.00 3.43 4.31 2.99 3.07 2.85 3.14 2.34 1.61 1.61 2.26 3.72 3.50 3.94 4.60 0.00 0.00 0.80 5.40 8.03 8.03 12.85 13.51 13.94 12.19 12.94 14.52 16.11 13.99 12.11 6.80 7.21 6.22 12.30 11.44 17.15 21.11 17.40 11.80 11.16 7.98 4.53 4.82 4.48 1.00 0.99 0.73 1.17 2.95 5.72 8.47 10.72 11.68 10.54 7.71 5.78 6.28 11.45 12.87 14.60 13.38
13.14 8.76 7.45 9.78 17.37 16.64 9.42 0.00 0.00 0.00 0.00 0.00 0.00 0.00 4.02 3.87 0.00 0.00 0.00 2.70 1.90 0.00 0.00 0.00 2.48 2.19 2.04 2.63 3.29 3.65 3.80 1.53 1.83 4.09 4.74 5.26 9.49 5.04 1.90 0.22 1.31 1.17 2.56 2.56 7.15 10.07 9.71 9.29 8.27 10.43 9.96 12.09 14.06 15.40 10.82 6.82 5.07 8.42 8.72 18.29 23.78 24.88 16.35 5.91 2.26 5.44 6.56 0.29 0.33 0.56 0.89 2.64 3.47 8.56 11.08 11.36 10.07 8.76 8.04 3.55 5.47 9.33 11.53 11.31
13.07 11.68 13.07 1.46 5.91 16.43 12.92 4.84 0.00 0.00 0.00 0.00 0.00 3.58 3.58 0.00 2.26 0.00 0.00 0.00 1.68 1.68 0.00 1.53 1.97 1.83 0.37 0.00 2.56 3.80 2.92 2.12 0.07 2.26 6.64 6.64 6.79 4.38 2.77 1.24 1.47 1.61 2.56 2.56 5.91 7.66 9.56 12.69 15.55 13.17 12.49 10.47 13.42 17.33 14.21 9.40 4.56 5.86 6.64 11.98 18.89 26.46 23.33 17.67 6.42 2.78 5.05 3.61 3.48 1.74 1.18 3.37 5.24 9.99 11.62 10.11 10.45 7.41 7.49 5.59 6.91 8.29 12.38 14.29
0.00 2.41 5.62 0.00 2.99 6.28 8.54 4.67 4.82 3.29 0.00 0.00 0.00 0.00 0.00 0.00 0.00 0.00 0.00 0.00 0.00 2.34 3.14 0.66 0.66 0.88 0.00 0.15 0.95 0.95 0.80 0.88 1.97 2.85 3.72 4.38 4.09 4.45 3.58 1.90 1.53 4.23 5.77 5.77 9.05 5.62 10.22 14.60 15.77 15.04 15.71 14.75 12.88 10.13 11.02 12.18 9.35 3.60 6.79 11.95 12.48 17.46 21.59 23.19 13.13 4.29 5.33 8.99 9.04 4.10 1.82 2.90 3.92 7.67 8.46 7.80 9.31 7.26 5.38 6.26 6.73 10.14 14.06 13.55
0.00 0.00 0.00 0.00 0.00 6.50 11.32 5.99 5.18 5.33 9.34 0.00 3.29 0.00 0.00 0.00 0.00 0.00 0.00 0.00 0.00 1.53 0.00 0.00 0.00 0.00 0.00 0.58 0.00 0.00 0.00 1.10 2.49 2.05 2.85 4.53 1.53 0.00 0.00 0.00 0.66 3.72 2.99 2.99 5.06 3.14 6.38 7.74 11.41 14.75 16.14 15.39 17.86 10.54 8.87 10.75 8.64 7.02 9.54 11.12 12.02 13.78 19.36 22.65 19.77 15.53 6.14 5.97 6.98 6.35 3.47 5.35 3.88 4.13 3.12 4.92 6.08 4.67 4.58 5.19 7.47 9.99 13.87 10.40
0.00 0.00 0.00 0.00 0.00 3.87 8.40 6.20 4.67 5.18 7.59 1.31 10.00 4.67 0.00 1.68 1.68 0.00 0.00 0.00 0.00 0.00 0.00 0.00 0.00 0.22 0.58 0.00 0.00 0.00 0.00 0.80 1.02 1.83 1.69 1.31 0.00 0.00 0.00 0.00 0.00 0.00 0.00 0.00 1.53 2.56 1.32 1.60 4.61 7.50 8.54 11.33 9.71 8.47 9.59 0.00 0.00 9.37 10.71 9.33 11.68 10.32 17.45 19.59 17.43 21.15 17.89 6.56 7.35 12.72 6.84 4.90 3.34 2.92 1.68 2.99 3.40 2.04 2.46 5.63 8.05 15.53 17.11 12.22
0.00 0.00 0.00 0.00 0.00 0.00 3.36 4.38 4.16 7.96 6.94 4.23 11.53 10.15 7.30 5.26 3.69 0.00 0.00 0.00 0.00 1.17 0.00 0.00 2.34 3.72 2.85 1.53 2.04 1.97 0.29 0.00 0.73 2.04 0.00 0.95 0.00 0.00 8.03 0.00 0.00 0.00 0.00 0.00 4.16 2.70 0.07 1.72 6.12 8.27 14.04 12.19 11.86 0.00 0.00 0.00 0.00 0.00 0.00 3.44 10.43 13.29 8.92 13.32 18.20 16.86 20.25 9.94 10.15 9.24 8.72 7.64 4.93 1.52 1.55 4.15 5.42 1.61 2.23 3.58 5.44 10.16 12.55 11.84
0.00 0.00 0.00 0.00 0.00 0.00 0.00 2.70 9.64 6.94 3.80 10.07 10.44 8.91 7.74 7.78 4.60 6.94 6.47 3.36 2.41 0.00 0.00 0.00 0.00 3.58 0.00 0.00 0.00 0.00 0.00 2.34 1.53 0.00 0.00 0.00 0.00 0.00 0.00 0.00 0.00 0.00 2.34 2.34 2.99 2.12 3.01 6.57 12.72 15.94 14.70 15.03 0.00 0.00 0.00 0.00 0.00 0.00 0.00 0.00 0.00 13.87 11.50 6.26 12.94 19.50 19.70 16.47 20.13 9.63 5.99 8.07 6.76 3.17 2.68 4.87 5.82 2.43 2.83 3.16 2.42 7.63 4.70 0.00
0.00 0.00 0.00 0.00 0.00 0.00 0.00 0.00 0.00 0.00 0.00 0.00 0.00 0.00 0.95 1.83 1.10 8.18 8.31 13.29 10.59 12.56 8.83 6.79 5.69 10.15 10.15 4.82 0.00 0.00 0.00 5.26 4.38 0.00 6.86 8.98 8.10 5.18 3.14 4.11 6.47 6.71 5.84 5.84 5.91 3.87 3.80 7.12 8.06 0.00 0.00 0.00 0.00 0.00 0.00 0.00 0.00 0.00 0.00 0.00 0.00 0.00 0.00 9.07 17.21 15.96 8.82 10.93 12.22 12.18 0.00 0.00 0.00 0.00 0.00 4.77 3.83 6.02 0.00 0.00 3.11 0.00 0.00 0.00
0.00 0.00 0.00 0.00 0.00 0.00 0.00 0.00 0.00 0.00 0.00 0.00 0.00 0.00 0.00 0.00 0.00 3.50 3.50 5.55 8.95 11.35 13.21 13.87 13.07 12.04 12.28 14.02 11.39 10.29 12.99 11.61 7.74 5.18 9.05 15.04 14.09 18.32 14.02 8.32 9.40 16.31 12.85 14.36 11.75 6.72 9.56 11.61 5.05 0.00 0.00 0.00 0.00 0.00 0.00 0.00 0.00 0.00 0.00 0.00 0.00 0.00 0.00 0.00 0.00 0.00 0.00 0.00 0.00 0.00 0.00 0.00 0.00 0.00 0.00 5.91 0.35 0.00 0.00 0.00 0.00 0.00 0.00 0.00
0.00 0.00 0.00 0.00 0.00 0.00 0.00 0.00 0.00 0.00 0.00 0.00 0.00 0.00 0.00 0.00 0.00 0.00 0.00 0.00 0.00 3.21 10.00 11.75 13.51 4.99 11.02 17.08 17.52 15.62 14.38 16.13 10.89 7.59 3.65 8.09 9.49 15.04 13.72 5.62 3.98 6.72 11.65 14.79 13.91 14.60 9.17 6.38 0.00 0.00 0.00 0.00 0.00 0.00 0.00 0.00 0.00 0.00 0.00 0.00 0.00 0.00 0.00 0.00 0.00 0.00 0.00 0.00 0.00 0.00 0.00 0.00 0.00 0.00 0.00 5.16 0.00 0.00 0.00 0.00 0.00 0.00 0.00 0.00
0.00 0.00 0.00 0.00 0.00 0.00 0.00 0.00 0.00 0.00 0.00 0.00 0.00 0.00 0.00 0.00 0.00 0.00 0.00 0.00 0.00 0.00 1.31 5.62 5.33 2.04 7.88 7.66 11.46 7.23 5.69 13.40 14.78 9.49 1.46 0.00 0.00 0.00 0.00 0.00 0.00 0.00 0.00 0.00 0.00 0.00 0.00 0.00 0.00 0.00 0.00 0.00 0.00 0.00 0.00 0.00 0.00 0.00 0.00 0.00 0.00 0.00 0.00 0.00 0.00 0.00 0.00 0.00 0.00 0.00 0.00 0.00 0.00 0.00 0.00 0.00 0.00 0.00 0.00 0.00 0.00 0.00 0.00 0.00
