Wansh/Snow_depth/snowdepth-1982/winter/1983029.txt
ncols 321
nrows 161
xllcenter 60
yllcenter 15 
cellsize  0.25 
NODATA_value -1
[rows 0 to 36 of 161, columns 166 to 248 of 321]
5.84 5.04 6.20 5.18 3.87 4.89 6.28 5.11 3.87 4.53 6.64 6.64 7.01 7.08 8.40 7.81 7.37 6.86 8.03 9.42 11.39 13.87 13.07 10.59 9.34 7.66 5.26 3.58 1.39 0.00 0.00 0.00 0.00 4.89 13.43 14.82 14.97 14.97 13.58 14.02 18.91 17.16 12.41 10.15 9.05 10.51 9.78 8.76 17.96 15.40 13.58 8.69 8.47 10.29 11.32 10.80 8.76 10.95 15.40 15.70 15.11 13.80 13.80 12.99 17.23 18.47 19.93 21.46 20.37 18.69 16.06 13.72 13.07 13.72 13.72 14.24 15.77 15.99 16.43 18.25 18.91 17.81 18.54
9.42 8.54 9.20 3.65 3.87 5.77 6.72 4.82 3.80 4.96 6.35 6.35 8.69 9.71 9.86 9.13 7.74 6.64 6.72 8.03 11.97 10.80 10.15 9.56 8.40 6.64 2.63 0.00 0.00 0.00 0.00 0.00 0.00 3.94 9.86 13.80 11.10 11.10 8.47 11.61 17.08 14.97 9.71 9.05 11.39 11.39 11.10 10.80 8.91 8.03 6.72 7.30 6.50 7.74 10.37 12.34 11.68 12.26 14.75 16.35 16.72 17.74 17.74 19.27 21.02 20.88 19.56 17.01 17.45 18.54 18.18 17.37 16.72 15.70 14.38 13.21 13.36 15.48 16.79 17.67 16.64 16.13 15.33
16.06 15.77 13.14 9.71 7.74 9.93 9.42 6.72 5.55 5.69 6.13 6.13 7.37 7.37 5.99 5.91 6.79 7.37 9.13 11.24 11.61 11.39 10.88 8.91 7.30 4.53 0.22 0.00 0.00 0.00 0.00 0.00 0.00 4.31 11.02 12.12 9.64 9.64 9.71 13.65 16.50 13.29 9.56 9.13 8.10 9.93 7.74 6.20 5.69 5.55 5.91 6.57 6.79 7.30 8.61 11.17 12.05 10.88 9.34 10.73 13.36 14.82 14.82 15.70 17.23 15.04 14.97 13.36 12.63 14.45 17.81 17.89 19.20 17.45 16.64 16.50 15.33 14.97 14.89 14.89 13.80 13.51 15.11
16.06 15.77 13.14 9.71 7.74 9.93 9.42 6.72 5.55 5.69 6.13 6.13 7.37 7.37 5.99 5.91 6.79 7.37 9.13 11.24 11.61 11.39 10.88 8.91 7.30 4.53 0.22 0.00 0.00 0.00 0.00 0.00 0.00 4.31 11.02 12.12 9.64 9.64 9.71 13.65 16.50 13.29 9.56 9.13 8.10 9.93 7.74 6.20 5.69 5.55 5.91 6.57 6.79 7.30 8.61 11.17 12.05 10.88 9.34 10.73 13.36 14.82 14.82 15.70 17.23 15.04 14.97 13.36 12.63 14.45 17.81 17.89 19.20 17.45 16.64 16.50 15.33 14.97 14.89 14.89 13.80 13.51 15.11
14.31 14.45 13.51 11.97 11.75 10.95 10.51 8.54 6.86 6.13 4.82 4.82 6.57 6.94 6.35 7.74 11.83 15.04 15.33 14.31 13.07 10.29 8.40 5.77 4.23 0.00 0.00 0.00 0.00 0.00 0.00 0.00 0.00 6.50 8.10 6.72 8.83 8.83 13.51 13.72 9.13 5.26 5.04 4.45 5.33 4.60 4.45 3.87 4.96 6.06 7.66 6.79 7.88 7.81 6.86 9.56 8.76 6.20 5.62 7.08 11.24 11.90 11.90 13.07 12.63 11.32 9.42 10.66 11.39 11.02 10.59 9.64 10.59 12.85 13.21 11.68 9.71 10.66 10.66 9.78 10.37 10.88 12.19
15.77 17.30 16.72 14.09 11.75 11.32 11.32 10.80 9.86 6.94 6.50 6.50 8.76 10.29 10.51 9.86 10.44 12.26 13.21 10.73 7.74 4.74 3.94 1.61 0.00 0.00 0.00 0.00 0.00 0.00 0.00 0.00 6.13 9.27 7.15 7.88 11.68 11.68 13.07 7.59 3.29 1.83 3.36 3.14 4.09 3.36 3.87 4.67 6.64 5.91 6.13 6.42 8.76 12.41 11.97 7.66 6.20 4.23 4.96 6.35 8.10 11.90 11.90 14.16 15.18 9.34 7.81 7.59 7.81 8.10 8.47 7.08 7.96 8.32 8.83 10.00 10.66 9.42 6.79 8.61 8.83 13.21 12.48
16.94 19.13 20.22 17.23 13.87 12.78 11.32 13.80 14.24 13.72 10.51 10.51 8.98 11.61 11.02 10.15 11.39 11.68 8.83 6.64 5.33 0.22 0.00 0.00 0.00 0.00 0.00 0.00 0.00 0.00 1.61 5.48 9.93 10.66 12.26 15.40 13.58 13.58 8.91 3.72 2.48 3.21 4.31 2.34 2.99 3.87 5.91 5.99 5.11 5.77 6.64 7.23 8.18 9.34 9.56 7.30 6.35 5.40 5.48 4.96 5.77 9.34 9.34 11.61 10.80 8.40 7.01 6.35 6.64 7.15 8.69 7.15 6.79 6.86 7.59 9.13 8.40 8.18 7.52 8.69 11.17 12.62 14.28
16.94 19.13 20.22 17.23 13.87 12.78 11.32 13.80 14.24 13.72 10.51 10.51 8.98 11.61 11.02 10.15 11.39 11.68 8.83 6.64 5.33 0.22 0.00 0.00 0.00 0.00 0.00 0.00 0.00 0.00 1.61 5.48 9.93 10.66 12.26 15.40 13.58 13.58 8.91 3.72 2.48 3.21 4.31 2.34 2.99 3.87 5.91 5.99 5.11 5.77 6.64 7.23 8.18 9.34 9.56 7.30 6.35 5.40 5.48 4.96 5.77 9.34 9.34 11.61 10.80 8.40 7.01 6.35 6.64 7.15 8.69 7.15 6.79 6.86 7.59 9.13 8.40 9.45 10.37 12.50 15.30 21.45 23.57
12.26 14.31 20.51 21.90 19.64 16.06 12.26 12.12 14.02 14.09 12.41 12.41 11.24 11.68 13.80 13.80 11.68 10.51 7.52 4.16 3.14 0.00 0.00 0.00 0.00 0.00 0.00 0.00 0.00 3.07 4.60 8.18 10.80 12.12 12.78 14.67 13.51 13.51 9.71 3.21 1.46 3.21 4.82 4.67 4.89 4.82 5.77 6.50 7.45 9.34 11.24 9.78 7.66 7.08 5.48 4.53 4.38 4.45 5.77 5.77 5.26 6.13 6.13 7.59 7.66 7.59 6.86 6.42 6.50 7.81 6.64 6.50 8.76 9.78 9.56 9.03 12.15 12.37 11.13 14.71 14.41 19.90 20.21
10.66 10.29 13.72 14.53 14.89 14.24 10.29 10.59 10.66 8.25 10.15 10.15 11.17 11.53 11.10 9.86 6.64 4.96 1.10 0.00 0.00 0.00 0.00 0.00 0.00 0.00 0.00 0.00 3.87 6.64 8.54 9.49 10.29 10.51 10.00 10.00 10.07 10.07 8.54 5.04 3.94 3.65 7.15 7.45 6.72 6.13 6.72 7.81 8.91 10.15 11.53 6.79 3.94 2.70 2.34 1.83 0.73 1.02 3.21 4.16 5.33 6.50 6.50 8.18 7.59 8.61 8.47 7.01 7.45 8.40 7.66 7.59 8.18 8.40 8.82 11.40 13.68 13.19 21.48 21.39 22.47 21.90 22.53
11.32 10.51 9.42 9.56 10.51 13.14 14.16 14.31 12.26 12.48 11.39 11.39 10.15 7.88 5.40 3.43 0.07 0.00 0.00 0.00 0.00 0.00 0.00 0.00 0.00 2.26 3.21 6.57 8.40 8.98 9.34 8.47 7.66 8.40 6.79 7.45 7.59 7.59 8.32 8.40 8.54 0.00 0.00 8.03 6.64 5.40 5.40 5.55 4.67 3.58 4.16 5.62 4.02 0.00 2.04 1.46 1.39 2.77 3.50 4.82 5.91 8.40 8.40 7.81 7.30 8.32 7.96 6.42 5.69 6.50 6.86 5.48 4.96 6.06 7.86 10.01 8.43 17.46 25.28 25.00 20.48 24.33 27.83
11.32 10.51 9.42 9.56 10.51 13.14 14.16 14.31 12.26 12.48 11.39 11.39 10.15 7.88 5.40 3.43 0.07 0.00 0.00 0.00 0.00 0.00 0.00 0.00 0.00 2.26 3.21 6.57 8.40 8.98 9.34 8.47 7.66 8.40 6.79 7.45 7.59 7.59 8.32 8.40 8.54 0.00 0.00 8.03 6.64 5.40 5.40 5.55 4.67 3.58 4.16 5.62 4.02 0.00 2.04 1.46 1.39 2.77 3.50 4.82 5.91 8.40 8.40 7.81 7.30 8.32 7.96 6.42 5.69 6.50 6.86 5.48 4.96 6.06 7.66 9.86 8.18 16.21 22.53 23.14 21.85 25.25 27.83
17.23 17.23 14.16 11.53 10.07 9.42 9.20 10.73 9.34 8.32 7.59 7.59 4.02 1.39 0.00 0.00 0.00 0.00 0.00 0.00 0.00 0.88 3.50 4.67 9.13 7.45 6.86 8.54 9.42 8.91 8.83 7.52 4.89 3.72 4.53 6.13 7.74 7.74 8.18 8.18 0.00 11.24 9.20 8.03 6.42 4.89 3.21 2.48 2.70 3.14 0.00 0.00 3.65 0.00 0.00 1.31 1.61 2.63 2.63 4.31 5.26 5.48 5.48 4.89 5.18 5.62 5.55 5.84 6.64 7.08 7.01 6.64 5.91 5.84 7.30 8.18 11.08 15.57 19.89 18.20 20.25 24.73 27.88
16.21 16.21 15.84 14.60 11.90 9.56 7.15 5.48 4.16 1.83 0.00 0.00 0.00 0.00 0.00 0.00 0.00 0.00 0.00 0.00 0.44 5.91 10.80 9.71 9.86 9.13 8.47 8.98 9.93 10.07 9.86 8.69 7.81 6.94 7.52 8.03 8.69 8.69 9.42 9.49 9.64 8.25 8.40 8.18 5.04 4.23 3.36 2.19 0.00 0.00 0.00 0.00 0.00 0.00 0.00 2.34 3.07 2.77 2.04 2.04 2.63 3.29 3.29 4.45 4.74 5.77 6.06 6.42 8.83 8.32 9.56 12.05 10.88 9.34 9.13 11.05 14.60 16.20 14.80 18.36 21.79 23.00 31.55
12.26 11.53 12.48 13.43 12.63 11.53 10.88 7.45 4.23 0.00 0.00 0.00 0.00 0.00 0.00 0.00 0.00 0.00 0.07 5.04 8.91 10.88 11.10 11.24 10.80 8.98 9.56 10.66 11.02 11.10 10.80 8.91 8.98 9.71 9.27 7.96 8.69 8.69 0.00 10.37 7.81 7.45 7.66 0.00 0.00 0.00 0.00 0.00 0.00 0.00 0.00 0.00 0.00 1.24 2.04 3.21 5.18 6.06 6.57 5.48 5.55 5.18 5.18 5.11 4.16 4.23 6.35 7.52 8.18 8.32 11.24 13.21 12.63 12.26 12.95 17.12 16.70 15.26 17.28 22.06 19.99 20.50 23.52
12.41 14.89 15.70 13.51 11.97 13.87 15.62 15.26 11.53 6.94 4.09 4.09 1.90 1.39 1.46 0.95 2.26 4.45 5.26 4.82 6.28 7.01 6.86 9.27 10.73 10.88 10.95 10.59 10.15 11.17 11.83 10.59 9.56 9.56 10.00 10.07 10.00 10.00 0.00 7.37 0.00 0.00 0.00 5.69 0.00 0.00 0.00 0.00 0.00 0.00 0.00 0.00 2.63 1.10 0.00 2.63 4.09 5.18 6.42 6.13 4.60 4.96 4.96 5.55 6.94 5.69 5.84 6.64 4.82 7.15 11.32 15.11 15.55 16.33 16.83 18.40 18.58 15.00 19.47 19.71 19.81 18.67 19.43
12.41 14.89 15.70 13.51 11.97 13.87 15.62 15.26 11.53 6.94 4.09 4.09 1.90 1.39 1.46 0.95 2.26 4.45 5.26 4.82 6.28 7.01 6.86 9.27 10.73 10.88 10.95 10.59 10.15 11.17 11.83 10.59 9.56 9.56 10.00 10.07 10.00 10.00 0.00 7.37 0.00 0.00 0.00 5.69 0.00 0.00 0.00 0.00 0.00 0.00 0.00 0.00 2.63 1.10 0.00 2.63 4.09 5.18 6.42 6.13 4.60 4.96 4.96 5.55 6.94 5.69 5.84 6.64 4.82 7.15 11.32 15.11 15.55 20.05 15.77 20.00 16.69 18.56 19.75 21.80 20.21 16.84 18.79
7.96 7.37 8.91 8.54 7.45 7.52 9.42 9.78 9.20 9.78 10.88 10.88 9.20 6.94 5.77 5.62 5.33 5.55 2.92 0.29 0.00 3.65 5.77 4.82 7.23 8.91 8.61 8.40 8.76 10.37 9.49 10.22 9.49 11.02 12.41 11.32 7.59 7.59 8.18 6.72 5.99 5.26 5.69 7.15 0.00 0.00 0.00 0.00 0.00 0.00 0.00 0.00 0.00 0.00 0.00 0.00 3.07 5.11 7.08 8.47 7.23 5.26 5.26 5.91 7.30 7.23 5.04 4.45 6.79 8.76 13.36 15.26 15.51 17.23 15.58 15.79 17.58 18.34 19.39 17.44 17.11 18.36 16.87
5.33 5.69 6.79 10.07 12.92 11.53 9.42 10.15 7.74 6.28 6.79 6.79 5.91 4.82 5.11 3.43 3.50 1.90 2.77 2.85 3.50 5.48 6.64 6.94 7.30 7.37 7.81 8.18 7.81 8.18 9.13 10.59 9.27 11.02 12.48 8.83 8.18 8.18 6.86 5.77 0.00 5.48 4.74 5.18 0.00 0.00 0.00 0.00 0.00 0.00 0.00 0.00 0.00 0.00 0.00 2.41 2.41 4.53 6.28 7.08 6.13 3.80 3.80 3.21 4.53 5.55 5.91 7.15 9.49 11.53 12.34 14.97 19.25 20.06 21.11 21.82 22.12 20.83 21.85 21.32 20.32 19.04 15.90
7.96 7.45 6.57 7.52 11.61 14.16 13.21 11.75 9.05 7.30 7.59 7.59 6.94 7.66 9.42 8.61 5.69 3.94 2.92 4.09 6.35 8.40 8.69 8.18 8.18 8.03 8.54 10.15 10.22 9.34 7.81 8.40 8.83 9.49 8.03 6.86 6.35 6.35 5.18 6.64 8.32 0.00 0.00 5.91 0.00 0.00 0.00 0.00 0.00 0.00 0.00 0.00 5.91 5.11 5.11 4.67 5.55 6.35 7.96 8.18 7.74 5.62 5.62 5.04 5.48 4.74 4.60 7.59 9.93 10.95 10.88 14.09 20.73 23.94 26.72 28.32 29.05 26.49 23.89 26.93 27.66 22.06 20.62
8.10 7.30 6.20 6.20 6.06 7.96 10.66 10.22 9.56 9.42 9.42 9.42 10.37 11.32 12.92 12.05 9.93 7.08 6.64 7.81 9.13 11.39 12.48 12.85 12.41 9.86 8.25 8.40 7.15 7.81 8.69 9.27 11.17 10.88 10.29 6.72 8.54 8.54 9.05 6.06 4.82 3.14 0.00 0.00 0.00 0.00 0.00 0.00 0.00 7.81 8.76 9.86 8.18 7.96 7.88 7.37 6.50 5.84 6.13 6.42 6.64 7.23 7.23 6.86 4.02 4.67 5.62 7.96 9.13 12.48 11.83 18.76 24.02 28.91 30.81 31.10 32.09 29.79 30.81 29.20 30.77 28.65 27.61
7.88 7.59 7.15 7.30 6.35 5.99 5.77 6.20 7.15 9.34 11.32 11.32 13.87 15.84 16.57 14.60 11.68 7.96 6.72 10.22 15.04 15.11 15.70 14.09 10.29 7.74 7.88 9.13 8.69 8.10 8.10 10.07 11.46 10.07 8.83 12.12 12.48 12.48 8.61 4.02 0.00 0.00 0.00 0.00 0.00 0.00 0.00 0.00 2.70 4.09 5.91 7.37 7.37 7.74 9.05 8.47 7.59 8.40 9.78 10.44 8.91 7.30 7.30 4.16 2.86 5.33 8.32 9.49 12.99 16.64 19.05 21.61 24.67 30.51 31.83 34.31 35.97 35.01 40.00 31.10 32.25 27.55 22.04
7.88 7.59 7.15 7.30 6.35 5.99 5.77 6.20 7.15 9.34 11.32 11.32 13.87 15.84 16.57 14.60 11.68 7.96 6.72 10.22 15.04 15.11 15.70 14.09 10.29 7.74 7.88 9.13 8.69 8.10 8.10 10.07 11.46 10.07 8.83 12.12 12.48 12.48 8.61 4.02 0.00 0.00 0.00 0.00 0.00 0.00 0.00 0.00 2.70 4.09 5.91 7.37 7.37 7.74 9.05 8.47 7.59 8.40 9.78 10.44 8.91 7.30 7.30 4.16 2.86 5.33 8.32 9.49 12.99 16.64 19.05 21.61 24.67 30.51 31.83 34.31 34.53 35.20 31.06 27.37 27.01 32.07 26.95
7.66 7.23 4.82 6.28 5.84 7.59 10.29 10.80 11.24 12.99 11.90 11.90 10.51 9.27 12.41 13.43 12.41 8.32 8.91 11.02 12.92 12.56 11.90 10.80 9.56 12.05 11.02 10.44 11.53 12.05 11.32 11.46 10.07 7.66 7.45 6.35 5.11 5.11 1.53 1.83 1.53 2.56 2.70 1.31 0.00 0.00 0.00 0.00 2.19 0.00 7.15 8.98 9.56 10.88 12.41 13.36 13.36 14.16 12.70 9.56 6.64 4.31 4.31 1.83 3.80 6.42 13.36 15.40 16.72 15.77 16.79 19.27 21.83 24.82 28.98 33.87 32.70 32.79 31.89 35.64 28.41 23.31 25.22
8.54 7.74 8.18 8.69 9.49 9.64 11.02 12.63 14.09 15.70 14.97 14.97 14.89 15.11 15.33 12.85 10.59 10.73 10.95 11.39 12.63 12.56 11.53 9.49 9.78 12.26 11.17 11.24 15.04 16.86 15.11 14.02 7.96 5.99 4.82 3.50 2.92 2.92 3.07 1.90 0.80 1.90 2.77 0.73 0.88 1.90 3.29 4.31 5.40 7.23 10.59 13.87 14.82 16.79 17.23 19.35 19.93 19.71 12.92 9.78 7.30 3.07 3.07 0.00 0.00 7.88 13.80 18.10 17.81 16.86 17.45 16.64 17.37 18.91 22.05 23.58 26.73 27.56 26.42 26.99 27.66 25.84 26.89
6.64 7.45 8.10 7.59 7.81 10.00 8.76 10.73 12.12 12.12 13.29 13.29 15.26 16.94 16.35 15.33 13.80 13.80 13.29 11.02 11.61 12.70 11.61 10.44 11.02 12.85 12.85 12.48 18.18 18.03 17.16 12.63 9.49 7.45 4.31 4.53 6.42 6.42 7.23 7.66 6.28 6.13 6.79 5.55 2.77 2.56 5.26 10.73 13.80 12.63 10.44 12.26 15.33 16.64 14.75 16.64 17.45 14.75 10.66 11.02 9.71 7.23 7.23 4.53 11.53 18.18 19.71 19.13 14.02 12.70 12.12 11.02 11.53 15.70 19.49 22.86 23.12 24.50 23.29 20.46 18.47 18.08 17.65
7.30 8.10 8.40 7.74 6.64 6.50 6.64 9.27 11.10 12.05 14.02 14.02 15.99 16.35 13.72 12.56 13.14 12.41 13.72 15.91 14.38 13.14 12.70 12.78 14.60 16.13 14.82 13.36 13.94 16.57 16.28 10.37 7.81 8.54 9.78 10.00 11.39 11.39 12.34 14.16 15.18 16.86 15.26 13.14 15.33 18.03 18.47 18.91 19.64 19.20 17.81 17.81 18.83 17.37 18.32 18.40 17.37 14.02 13.07 13.87 14.53 14.02 14.02 14.09 14.82 14.97 15.04 20.00 11.39 10.66 8.83 8.98 10.95 14.60 21.22 25.40 27.00 24.18 21.10 20.42 17.17 17.59 17.83
8.40 7.81 7.01 6.86 6.86 5.91 7.08 8.25 9.71 10.59 11.97 11.97 13.51 11.75 10.73 10.37 11.39 11.10 13.80 16.13 14.75 12.70 13.43 12.85 13.14 13.21 13.51 13.43 12.56 13.07 11.61 9.27 11.46 14.09 18.10 20.08 18.91 18.91 18.69 19.78 19.27 17.30 15.62 17.16 21.02 22.85 24.75 24.45 23.29 23.14 23.94 23.36 22.63 21.75 20.59 18.83 18.40 17.52 17.08 14.75 12.70 10.73 10.73 9.27 7.81 6.06 8.25 7.96 10.29 6.79 8.76 10.66 12.50 16.09 24.22 23.14 23.28 21.17 14.71 12.17 10.86 12.36 13.71
8.40 7.81 7.01 6.86 6.86 5.91 7.08 8.25 9.71 10.59 11.97 11.97 13.51 11.75 10.73 10.37 11.39 11.10 13.80 16.13 14.75 12.70 13.43 12.85 13.14 13.21 13.51 13.43 12.56 13.07 11.61 9.27 11.46 14.09 18.10 20.08 18.91 18.91 18.69 19.78 19.27 17.30 15.62 17.16 21.02 22.85 24.75 24.45 23.29 23.14 23.94 23.36 22.63 21.75 20.59 18.83 18.40 17.52 17.08 14.75 12.70 10.73 10.73 9.27 7.81 6.06 8.25 7.96 10.29 6.79 8.76 10.66 12.57 15.92 21.90 25.78 24.84 24.70 17.08 11.77 11.34 12.01 14.49
4.60 4.02 4.09 7.08 8.40 5.77 6.28 6.64 7.66 9.93 13.43 13.43 11.46 8.47 7.74 7.96 7.88 10.15 12.05 10.66 10.37 11.53 12.92 11.68 10.66 11.68 12.99 15.11 13.58 15.84 15.33 17.52 21.90 21.83 21.75 20.22 19.35 19.35 17.30 15.70 17.89 19.13 18.76 19.56 20.95 22.34 23.94 25.33 25.19 24.38 24.38 23.36 22.05 22.12 20.22 16.94 13.51 12.26 11.61 10.59 6.20 0.00 0.00 0.00 0.00 0.00 0.00 5.77 7.30 7.74 9.10 10.77 14.08 19.10 24.57 27.23 23.14 16.24 10.92 9.45 8.39 5.84 6.89
3.58 7.37 7.08 9.27 8.83 6.42 6.64 7.37 8.40 11.39 14.16 14.16 13.87 8.91 7.52 8.98 9.20 10.95 12.26 16.06 16.79 13.80 13.51 12.70 10.66 10.44 14.45 16.21 17.96 18.32 14.60 15.91 16.35 15.33 15.77 15.77 15.11 15.11 17.59 17.37 17.96 18.76 18.61 18.10 20.15 21.97 23.07 26.72 27.01 24.31 22.41 21.24 19.20 16.94 14.24 9.05 3.58 2.70 4.23 0.00 0.00 0.00 0.00 0.00 0.00 0.00 0.00 5.33 7.88 8.47 11.53 13.14 17.37 19.94 24.55 25.75 16.08 6.42 8.38 6.18 5.32 5.62 4.87
15.91 15.84 13.87 12.63 11.46 9.93 8.32 8.18 7.74 11.83 14.31 14.31 11.17 7.01 6.20 6.13 7.74 9.71 10.73 13.29 15.40 16.50 12.48 10.15 11.75 15.91 20.29 14.53 11.46 10.80 15.18 14.31 13.29 14.31 14.75 16.28 16.28 16.28 14.38 15.26 18.83 17.08 15.77 15.26 17.08 16.72 14.60 14.38 14.97 16.06 15.40 13.29 10.51 7.88 5.11 0.00 0.00 0.00 0.00 0.00 0.00 0.00 0.00 0.00 0.00 0.00 4.74 5.33 6.42 11.10 12.05 12.19 15.04 20.41 22.60 20.84 11.80 5.42 5.39 6.91 4.94 5.12 2.57
21.02 20.00 18.83 18.18 17.16 17.52 14.82 11.46 11.10 12.48 11.75 11.75 6.28 0.00 3.80 5.55 7.30 9.56 12.05 9.27 6.94 11.10 13.87 13.43 15.11 19.78 21.39 20.44 17.74 17.74 18.54 14.82 13.80 12.99 10.37 9.42 6.35 6.35 4.67 4.96 6.13 3.94 1.75 4.82 7.23 7.88 5.48 6.13 7.01 7.81 7.01 2.77 1.31 3.80 2.34 0.00 0.00 0.00 0.00 0.66 0.00 0.00 0.00 0.00 0.00 0.00 0.00 4.82 6.50 10.51 13.87 11.61 15.11 18.51 16.44 10.58 7.75 5.16 4.77 3.45 1.71 1.75 1.00
20.51 15.77 15.18 16.86 17.89 17.08 16.06 11.46 8.47 4.16 1.61 1.61 0.00 0.00 4.53 7.59 7.37 8.18 8.61 7.45 10.07 14.38 13.21 13.07 14.45 16.57 18.69 22.92 20.59 15.99 11.10 9.27 8.32 6.50 2.41 1.61 1.53 1.53 1.17 0.00 0.00 0.00 0.00 0.00 4.09 4.67 4.31 4.23 0.00 0.00 4.67 2.99 0.00 0.00 0.00 0.00 0.00 0.00 0.00 0.00 0.00 0.00 0.00 0.00 0.00 3.50 5.40 5.84 7.01 10.29 12.12 12.56 13.65 14.31 10.54 6.41 5.08 5.04 5.45 2.46 0.53 1.40 3.71
14.38 10.22 8.61 7.81 8.40 7.37 6.28 5.18 3.65 0.00 0.00 0.00 0.00 0.00 1.02 4.23 3.21 2.70 2.63 2.92 5.04 10.66 13.14 13.72 13.58 14.67 11.83 10.29 7.01 6.20 4.45 2.19 1.53 0.00 0.00 0.00 0.00 0.00 0.00 0.00 0.00 0.00 0.00 5.04 5.84 5.48 1.46 0.00 4.23 7.01 6.86 4.09 1.75 1.10 0.00 0.88 0.80 0.00 1.68 0.00 5.18 0.00 0.00 1.61 0.00 0.00 5.84 5.69 9.13 11.75 13.36 13.51 12.92 8.58 4.47 3.72 4.06 2.97 1.98 1.04 0.61 0.62 0.83
14.38 10.22 8.61 7.81 8.40 7.37 6.28 5.18 3.65 0.00 0.00 0.00 0.00 0.00 1.02 4.23 3.21 2.70 2.63 2.92 5.04 10.66 13.14 13.72 13.58 14.67 11.83 10.29 7.01 6.20 4.45 2.19 1.53 0.00 0.00 0.00 0.00 0.00 0.00 0.00 0.00 0.00 0.00 5.04 5.84 5.48 1.46 0.00 4.23 7.01 6.86 4.09 1.75 1.10 0.00 0.88 0.80 0.00 1.68 0.00 5.18 0.00 0.00 1.61 0.00 0.00 5.84 5.69 9.13 11.75 13.36 13.51 12.92 8.54 4.40 3.67 4.06 3.10 1.76 1.00 0.59 0.66 0.82
10.66 10.37 4.82 0.00 0.00 0.00 0.00 0.00 0.00 0.00 0.00 0.00 0.00 0.80 1.02 2.19 2.26 0.00 0.00 2.63 6.50 7.01 7.45 8.25 6.42 9.56 0.00 2.12 0.00 0.00 0.00 0.00 0.00 0.00 0.00 0.00 0.00 0.00 0.00 0.00 0.00 0.00 0.00 5.77 8.40 9.42 8.18 6.20 6.64 6.42 6.06 2.99 1.31 2.77 3.58 4.16 4.16 2.92 0.00 4.16 5.62 4.16 4.16 7.30 6.72 8.69 8.18 9.49 12.05 11.90 11.46 9.78 10.29 5.99 1.10 1.77 1.17 0.76 1.86 0.92 0.00 0.89 1.33
