Wansh/Snow_depth/snowdepth-1982/winter/1983017.txt
ncols 321
nrows 161
xllcenter 60
yllcenter 15 
cellsize  0.25 
NODATA_value -1
[rows 74 to 110 of 161, columns 83 to 165 of 321]
0.00 0.00 0.00 0.00 0.00 0.00 3.14 2.26 1.46 4.31 3.58 4.02 5.40 6.86 7.23 8.32 6.28 0.00 0.00 0.00 0.00 0.00 0.00 4.31 4.38 6.94 10.07 6.57 2.99 2.99 4.60 3.36 0.00 5.33 7.96 6.35 4.09 5.33 5.11 0.00 8.40 9.20 6.86 5.48 5.48 5.91 4.89 4.53 2.19 0.00 2.04 4.60 0.00 0.00 0.00 2.01 0.00 3.29 0.00 0.00 0.00 0.00 0.00 0.00 0.00 0.00 0.00 0.00 0.00 0.00 5.72 5.43 0.00 0.00 0.00 0.00 0.00 0.00 0.00 5.84 13.87 17.89 10.56
0.00 0.00 3.36 2.34 5.11 8.32 12.19 8.69 9.05 9.42 7.30 6.64 7.88 5.48 3.21 4.60 3.87 0.00 3.43 3.43 0.00 0.00 4.16 3.72 4.45 8.03 11.61 5.99 5.33 0.00 0.00 5.40 3.58 0.00 5.55 6.94 8.61 7.37 4.16 0.00 0.00 7.88 8.61 10.59 10.59 7.96 5.11 4.82 3.80 4.09 3.07 2.77 2.56 0.00 0.00 2.26 3.87 2.85 1.68 2.04 1.31 1.31 0.00 0.00 0.00 0.00 0.00 0.00 3.07 3.07 9.83 8.47 5.91 0.00 0.00 0.00 0.00 0.00 0.00 5.18 6.06 10.73 9.34
4.23 5.69 7.66 5.84 6.35 9.64 9.93 8.98 0.00 0.00 6.20 5.55 5.04 4.38 3.72 4.96 0.00 0.00 5.55 5.55 0.00 0.00 0.00 0.00 3.87 0.00 0.00 0.00 0.00 0.00 4.02 0.00 0.00 0.00 0.00 0.00 6.64 6.94 5.11 8.54 13.51 7.59 6.20 9.34 9.34 9.20 4.96 6.79 8.18 9.34 6.72 4.82 6.72 5.84 4.53 2.56 1.53 4.31 5.62 5.04 4.09 3.72 0.00 2.04 2.56 1.46 0.00 0.00 3.58 3.58 10.00 10.88 12.48 8.10 3.50 0.00 0.00 0.00 0.00 0.00 2.04 4.02 2.73
2.26 6.28 6.64 7.23 2.70 4.02 6.13 6.50 0.00 3.72 4.45 4.38 0.00 5.33 4.09 4.82 4.45 0.00 3.43 3.43 0.00 0.00 0.00 0.00 0.00 0.00 0.00 0.00 3.14 3.94 0.00 3.21 0.80 0.00 0.00 0.00 1.97 0.00 6.06 8.10 4.31 4.89 7.37 7.23 7.23 8.25 7.74 8.76 12.05 12.19 8.10 8.10 10.07 7.30 7.59 6.64 4.53 7.96 9.13 8.18 8.25 8.18 6.50 7.66 8.03 6.20 5.99 6.72 7.15 7.15 6.86 8.18 7.88 10.37 9.71 0.00 1.10 1.46 3.07 0.00 0.00 2.48 3.08
5.26 5.48 0.00 5.18 0.00 6.94 7.96 4.89 4.89 3.72 3.29 0.00 0.00 6.79 0.00 5.84 5.84 0.00 5.18 5.18 5.91 4.89 4.82 4.60 5.84 5.84 4.53 4.89 0.00 0.00 4.23 0.00 0.00 0.00 0.00 2.26 0.00 0.00 0.00 0.00 0.00 0.00 0.00 5.40 5.40 4.02 5.04 5.48 4.74 7.59 8.91 9.56 9.49 8.69 11.02 13.29 13.29 10.37 9.05 7.08 7.08 9.86 10.59 9.78 7.81 7.96 9.93 11.90 11.90 11.90 12.41 10.29 10.51 11.68 14.24 6.72 3.21 3.65 3.52 4.23 0.00 5.69 6.68
13.65 8.03 9.05 9.42 7.74 7.01 2.41 0.00 5.18 3.65 3.50 4.38 0.00 4.23 5.11 0.00 0.00 0.00 0.00 0.00 0.00 0.00 0.00 3.65 4.82 0.00 0.00 0.00 0.00 0.00 0.00 0.00 0.00 0.00 0.00 0.00 0.00 0.00 0.00 0.00 0.00 0.00 4.60 4.31 4.31 4.67 4.09 2.19 0.00 3.43 4.38 4.82 5.84 6.64 8.18 8.03 9.34 7.74 7.08 6.94 6.64 6.94 7.59 8.76 6.86 6.79 9.27 11.24 14.97 14.97 12.34 11.32 6.42 9.27 11.39 7.19 4.60 3.23 2.70 2.92 0.00 0.00 7.08
0.00 4.09 5.40 0.00 5.33 0.00 0.00 0.00 2.63 4.09 5.69 5.55 0.00 3.14 2.41 0.00 0.00 0.00 0.00 0.00 0.00 0.00 0.00 0.00 0.00 0.00 0.00 0.00 2.92 0.00 0.00 0.00 0.00 0.00 0.00 0.00 0.00 0.00 0.00 0.00 0.00 2.63 0.00 0.00 0.00 0.00 0.00 0.00 0.00 0.00 0.00 0.00 0.00 0.00 0.00 0.00 0.00 8.61 8.91 8.47 7.74 7.81 7.96 7.01 4.96 7.52 7.45 6.94 9.49 9.49 9.86 9.05 12.85 14.16 13.07 10.00 4.26 2.47 2.68 3.58 2.63 2.99 3.80
0.00 0.00 0.00 0.00 0.00 4.74 3.72 0.00 0.00 4.45 6.35 5.84 4.96 4.89 5.99 4.38 0.00 0.00 0.00 0.00 0.00 0.00 0.00 0.00 0.00 0.00 0.00 0.00 0.00 1.90 1.68 0.00 0.00 0.00 2.63 0.00 0.00 0.00 0.00 0.00 4.53 6.20 0.00 0.00 0.00 0.00 0.00 0.00 0.00 0.00 0.00 0.00 2.99 0.00 0.00 0.00 0.00 8.98 11.53 11.46 11.90 10.80 9.27 9.13 5.26 0.00 3.94 7.23 7.52 7.52 9.64 10.00 15.91 25.77 22.34 16.28 8.29 3.98 2.37 2.65 3.37 3.15 4.31
0.00 0.00 0.00 0.00 0.00 4.02 5.04 0.00 0.00 0.00 3.36 3.72 0.00 5.18 5.11 0.00 5.26 4.67 0.00 0.00 2.92 0.00 0.00 0.00 0.00 0.00 0.00 2.99 1.75 2.34 0.00 0.00 7.15 0.00 0.00 3.36 3.07 0.00 0.00 0.00 0.00 3.21 0.00 0.00 0.00 0.00 0.00 0.00 0.00 0.00 0.00 0.00 0.00 0.00 0.00 0.00 0.00 6.57 10.95 12.92 16.28 17.08 14.89 11.61 8.40 8.18 7.81 8.40 7.59 7.59 6.64 4.67 11.02 20.22 23.87 18.03 7.01 3.87 4.82 2.48 2.05 2.34 3.87
0.00 0.00 7.96 0.00 0.00 0.00 0.00 3.36 0.00 2.92 2.77 0.00 0.00 0.00 4.16 4.53 4.67 4.02 3.80 3.80 5.40 4.67 3.50 0.00 0.44 0.51 0.00 0.00 1.97 0.00 0.58 0.00 0.00 0.00 0.00 3.65 4.16 0.00 0.00 0.00 0.00 0.00 0.00 0.00 0.00 0.00 0.00 0.00 0.00 0.00 3.36 0.00 0.00 0.00 0.00 5.40 6.64 7.30 8.25 11.61 14.75 16.57 16.72 15.55 12.19 11.75 9.78 5.26 4.89 4.89 3.80 0.00 0.00 7.74 14.53 15.33 11.68 6.50 4.89 4.67 2.85 3.07 3.21
0.00 0.00 0.00 0.00 5.91 0.00 0.00 3.29 0.00 0.00 0.00 0.00 0.00 3.21 3.36 3.29 0.00 0.00 5.48 5.48 5.77 4.67 2.92 0.00 2.12 2.41 0.00 0.00 0.37 0.00 0.00 0.00 0.00 0.00 0.00 0.00 0.00 0.00 0.00 0.00 0.00 0.00 0.00 0.00 0.00 0.00 0.00 0.00 0.00 0.00 0.00 0.00 3.65 0.00 4.16 5.55 6.57 8.47 7.01 5.62 8.83 12.92 13.94 12.99 10.73 7.01 6.64 6.57 5.18 5.18 0.00 0.00 0.00 0.00 6.06 7.52 8.40 9.78 8.54 7.45 8.10 8.83 8.47
0.00 0.00 0.00 0.00 0.00 0.00 0.00 0.00 0.00 0.00 4.16 0.00 2.41 0.00 0.00 3.21 3.87 0.00 0.00 0.00 4.82 3.87 2.48 0.00 0.00 0.00 0.00 0.66 0.00 0.00 0.00 0.00 0.00 6.72 0.00 0.00 0.00 0.00 0.00 5.18 0.00 0.00 0.00 0.00 0.00 0.00 0.00 0.00 0.00 0.00 0.00 0.00 0.00 0.00 7.08 10.66 11.02 8.91 7.15 3.07 5.40 9.98 9.46 9.18 5.77 2.92 7.96 7.96 7.88 7.88 7.08 0.00 3.14 2.41 2.99 0.00 0.00 10.59 14.45 9.71 9.86 11.02 12.19
0.00 0.00 3.14 4.53 0.00 3.21 4.89 5.33 3.65 4.67 4.89 3.72 0.00 0.00 0.00 0.00 0.00 3.43 3.21 3.21 2.12 3.21 0.00 0.00 0.00 0.00 0.58 0.00 0.00 1.02 0.00 2.34 0.00 0.00 0.00 0.00 0.00 0.00 0.00 5.99 14.16 8.98 0.00 0.00 0.00 0.00 0.00 1.90 0.00 0.00 0.00 2.34 0.00 0.00 2.92 8.32 18.91 22.70 22.27 19.86 9.56 3.58 4.89 8.04 8.83 4.60 0.00 3.72 4.09 4.09 7.52 11.46 13.43 11.61 6.86 5.04 5.62 7.52 10.51 13.21 11.24 10.66 7.59
0.00 0.00 0.00 0.00 0.00 3.21 3.50 4.09 2.19 2.85 3.21 4.89 5.62 5.84 3.94 0.00 0.00 6.35 4.82 4.82 2.48 3.43 3.65 2.85 0.00 0.00 2.41 0.00 0.00 0.00 0.00 0.00 0.00 0.00 0.00 0.00 0.00 0.00 0.00 7.01 13.58 14.31 11.17 7.37 7.37 5.18 0.00 0.00 0.00 0.00 1.53 3.58 5.04 0.00 2.85 5.91 10.66 17.01 21.68 20.15 11.46 5.04 3.50 4.38 5.33 5.34 0.00 0.00 0.00 0.00 3.58 12.78 21.53 15.04 6.86 5.99 5.77 6.64 7.52 9.20 11.83 12.34 10.29
0.00 0.00 0.00 0.00 0.00 0.00 0.00 3.14 0.00 0.00 0.00 3.87 5.26 3.94 2.04 0.00 0.00 0.00 0.00 0.00 2.85 2.70 0.00 3.43 3.21 0.00 2.63 0.00 0.00 0.00 0.00 0.00 0.00 0.00 0.00 3.50 0.00 0.00 2.04 3.80 6.79 10.80 11.75 11.10 11.10 11.68 8.40 5.55 4.89 1.90 1.90 2.92 3.94 0.00 5.11 6.28 7.15 8.61 11.68 14.02 11.61 4.45 2.19 4.23 4.16 9.59 9.42 8.54 2.92 2.92 2.99 3.72 10.88 14.89 14.16 12.48 7.30 5.84 7.66 7.81 10.29 11.10 9.13
0.00 4.82 0.00 0.00 0.00 0.00 0.00 0.00 0.00 0.00 0.00 0.00 0.00 3.21 3.14 3.72 4.45 0.00 0.00 0.00 2.34 2.77 0.00 0.00 0.00 0.00 0.00 0.00 0.00 2.41 1.17 0.00 2.34 2.34 3.21 3.80 4.02 5.04 3.94 1.83 0.00 5.55 8.54 9.56 9.56 11.53 17.45 20.81 15.40 11.61 5.18 3.72 3.80 0.00 5.18 7.96 7.52 5.99 6.50 7.41 8.04 4.82 2.63 7.52 12.99 13.86 16.26 18.21 15.55 15.55 7.08 4.09 10.15 14.09 19.13 15.04 11.90 11.61 11.83 10.66 7.80 10.42 9.33
2.99 4.31 0.00 0.00 0.00 0.00 0.80 0.00 0.00 0.00 0.00 0.00 0.00 0.00 0.00 0.00 5.69 4.45 0.00 0.00 0.00 3.14 0.00 0.00 0.00 1.83 0.00 0.00 0.00 0.00 0.73 0.00 0.29 0.00 0.00 5.55 6.13 5.40 4.23 2.92 3.43 4.53 5.33 7.37 7.37 13.36 23.00 25.77 21.61 15.11 11.83 12.26 10.22 11.46 9.13 7.45 11.24 8.18 5.18 6.06 5.04 1.66 2.34 9.00 18.32 26.72 24.53 21.30 16.74 16.21 13.94 17.37 15.55 14.67 16.50 16.13 16.13 20.22 20.08 14.75 8.79 6.41 7.91
0.22 0.00 0.00 3.94 4.38 0.00 2.56 0.00 0.00 0.73 0.00 0.00 0.00 0.00 0.00 0.00 2.04 0.00 0.00 0.00 0.00 0.00 0.00 0.00 0.00 0.00 0.00 0.00 2.48 0.00 2.92 0.00 0.00 2.48 0.00 4.09 4.45 3.50 3.65 2.85 0.00 1.61 4.31 5.62 5.62 7.45 11.61 16.43 16.06 13.21 12.41 15.99 20.22 22.78 18.91 16.13 16.86 13.72 9.05 11.06 9.66 7.01 6.28 6.56 10.11 24.71 24.81 24.38 22.34 22.45 16.50 13.57 12.34 12.26 11.24 11.74 12.12 10.66 12.48 12.03 8.01 6.18 7.45
0.00 0.00 0.00 0.00 0.00 3.21 2.92 0.00 3.29 0.00 2.70 0.00 0.00 0.00 0.00 0.00 0.00 0.00 0.00 0.00 0.00 0.00 0.00 0.00 0.00 0.00 0.00 0.00 0.00 0.00 0.00 0.00 0.00 0.00 0.00 0.00 0.00 3.72 3.07 0.00 0.00 0.00 0.00 3.94 3.94 4.89 5.33 8.32 8.47 15.48 19.78 20.22 23.51 26.28 24.38 23.87 23.43 24.31 25.04 18.61 14.30 10.54 7.87 6.57 8.12 15.19 18.17 21.64 16.50 16.50 9.33 9.94 12.99 14.09 8.97 8.07 7.08 5.48 5.48 7.98 9.09 7.97 9.26
0.00 0.00 0.00 0.00 0.00 0.00 0.00 0.00 0.00 0.00 0.00 0.00 0.00 0.00 0.00 0.00 0.00 0.00 0.00 0.00 0.00 2.77 2.48 0.00 1.53 0.00 0.00 0.00 0.00 0.00 0.00 0.00 0.00 0.00 0.00 2.26 0.00 0.00 0.00 0.00 0.00 0.00 0.00 0.00 0.00 8.25 8.76 10.07 9.49 19.56 27.89 20.95 15.55 18.54 19.27 23.14 25.99 29.35 30.66 25.40 18.61 11.39 8.73 7.86 16.37 17.73 13.48 8.80 7.66 7.66 4.57 5.95 11.73 14.90 12.84 9.49 8.80 7.01 6.23 5.18 5.27 6.34 8.81
0.00 2.34 1.83 1.02 0.00 0.00 0.00 0.00 0.00 0.00 5.77 0.00 0.00 0.00 0.00 0.00 1.97 2.19 2.41 2.41 0.00 3.07 2.99 0.00 0.73 0.00 0.00 2.26 0.00 0.00 0.00 0.00 0.00 0.00 0.00 0.00 0.00 0.00 0.00 0.00 0.00 0.00 0.00 0.00 0.00 0.00 10.73 15.04 12.48 18.61 21.61 17.08 12.41 15.27 17.46 19.57 22.60 23.56 24.67 25.92 26.28 19.35 12.18 7.61 9.68 12.17 14.52 9.04 3.36 3.37 5.28 4.84 6.08 7.18 14.03 13.98 11.39 10.50 7.87 5.00 5.96 7.38 9.11
0.00 2.34 2.99 2.41 0.66 0.00 0.00 0.00 0.00 0.00 0.00 0.00 0.00 0.00 0.00 0.00 0.00 0.00 0.00 0.00 0.00 1.61 0.00 3.14 2.77 0.00 0.00 0.00 0.00 0.00 0.00 0.00 0.00 0.00 0.00 1.68 0.00 0.00 0.00 0.00 0.00 0.00 0.00 3.80 3.80 5.55 9.27 10.66 10.66 15.18 17.67 14.53 12.26 10.37 11.77 16.46 19.04 19.04 21.54 20.90 22.78 20.84 15.04 12.15 6.29 8.09 11.90 8.69 1.54 1.54 4.72 3.87 2.03 4.89 9.71 9.83 11.08 9.76 10.45 7.71 5.47 8.50 13.16
0.00 0.00 1.90 2.26 0.00 2.26 3.65 0.00 0.00 0.00 0.00 0.00 0.00 0.00 0.00 0.00 0.00 0.00 0.00 0.00 0.00 0.00 0.00 6.06 4.31 0.00 0.00 0.00 0.00 0.00 0.00 0.00 0.00 0.00 0.00 0.00 0.00 0.00 0.00 0.00 0.00 0.00 5.40 0.00 0.00 3.94 6.57 9.27 11.10 16.57 20.44 18.25 13.94 11.97 11.52 11.62 12.65 10.78 16.21 18.93 19.01 21.62 21.29 14.07 5.79 5.91 11.14 8.21 3.56 3.50 3.11 3.65 5.14 8.16 11.94 9.34 10.12 5.56 6.74 7.56 6.09 9.11 12.42
0.00 0.00 0.00 0.00 3.43 0.00 3.65 3.65 0.00 0.00 3.94 0.00 0.00 0.00 0.00 0.00 0.00 0.00 0.00 0.00 0.00 0.00 0.00 0.00 0.00 0.00 0.00 0.00 0.00 0.00 0.00 0.00 0.00 0.00 0.00 0.00 0.00 0.00 0.00 0.00 0.00 15.99 16.64 10.22 10.22 6.72 7.74 9.13 13.29 18.18 20.44 17.99 18.08 17.66 20.14 14.97 10.49 8.32 8.40 11.73 13.38 15.41 18.60 13.84 12.56 4.22 6.51 5.34 2.63 2.57 2.19 2.70 6.81 8.93 11.75 6.68 6.94 6.50 5.16 7.30 5.59 6.60 10.52
9.20 3.58 5.11 0.00 4.96 6.64 3.07 2.85 0.00 2.99 0.00 3.94 2.41 2.48 2.12 0.00 0.00 0.00 0.00 0.00 0.00 0.00 0.00 0.00 0.00 0.00 0.00 0.00 0.00 1.02 1.97 2.34 0.00 0.00 3.58 0.00 0.00 0.00 0.00 6.06 6.06 6.50 6.94 10.44 10.44 13.36 13.21 14.53 16.50 16.79 17.59 18.51 18.04 14.00 13.33 14.52 15.19 20.35 23.35 21.94 19.08 13.21 5.98 14.76 11.89 6.13 4.62 2.46 1.27 1.25 1.75 4.16 6.58 9.68 14.68 17.15 12.41 7.04 5.86 8.34 8.25 13.70 15.27
8.47 6.64 5.62 4.60 11.32 13.65 11.83 4.09 0.00 0.00 0.00 0.00 3.36 0.00 2.48 0.00 2.48 2.04 0.00 0.00 0.00 0.00 0.00 0.00 0.00 0.00 0.00 1.61 1.31 1.61 2.41 1.97 0.00 0.58 1.31 4.74 0.00 6.06 8.98 2.56 0.51 1.46 5.11 7.74 7.74 13.87 16.94 16.06 13.72 14.00 16.43 16.71 14.45 10.95 9.63 8.10 5.84 11.77 14.92 18.11 24.20 19.84 14.98 10.47 8.81 5.26 5.33 4.62 2.32 2.28 2.04 0.00 3.67 5.19 9.01 13.36 12.78 11.87 10.26 5.09 0.00 11.13 16.50
6.57 14.24 9.49 6.42 5.40 10.44 14.97 12.41 3.87 0.00 0.00 0.00 0.00 0.00 3.80 3.87 3.29 2.77 2.41 2.41 1.02 1.53 0.00 0.00 0.00 0.51 0.95 0.51 0.58 2.04 2.99 2.99 1.46 1.39 1.75 4.60 6.13 7.37 3.58 0.22 0.44 1.68 2.48 4.96 4.96 7.52 11.02 11.10 9.29 9.41 11.55 12.24 12.74 13.88 15.48 12.42 6.34 3.97 7.58 10.01 18.64 22.92 24.21 15.62 9.27 1.83 4.84 7.52 3.96 4.40 2.41 1.94 3.43 3.92 12.56 16.47 14.82 13.29 9.78 5.60 4.12 7.60 12.21
2.99 7.37 8.54 8.54 0.00 3.87 9.49 13.07 9.46 3.50 0.00 0.00 0.00 0.00 0.00 4.02 0.00 0.00 1.97 1.97 1.24 1.39 1.53 0.29 1.90 0.37 1.02 1.53 0.00 1.17 2.41 0.95 0.15 0.29 1.02 4.67 3.72 3.65 1.83 1.02 0.00 1.91 2.99 2.26 2.26 5.77 8.03 8.40 11.96 15.26 12.93 11.44 11.39 14.99 20.73 17.91 12.23 2.65 4.01 7.30 13.45 17.26 26.05 23.11 19.49 12.34 3.79 4.65 5.34 5.14 2.49 2.35 4.31 8.61 13.75 13.99 11.46 10.45 6.50 5.87 4.74 9.05 11.52
0.00 0.00 0.00 0.00 0.00 1.46 3.94 6.57 5.99 4.67 4.23 0.51 0.00 0.00 0.00 0.00 0.00 0.22 0.00 0.00 0.00 0.00 0.00 0.22 0.58 0.00 0.29 0.00 0.07 0.95 0.95 0.58 0.15 1.17 2.12 1.02 4.02 0.51 2.85 0.58 0.37 0.66 5.33 8.47 8.47 8.18 5.62 8.61 14.60 15.62 14.82 16.23 17.05 15.38 11.08 14.03 12.67 9.35 3.39 11.66 13.78 12.78 19.93 23.69 26.23 18.78 5.57 5.25 8.25 8.30 4.95 2.74 4.36 6.05 10.06 9.81 8.27 8.42 6.24 4.94 6.50 7.79 10.51
0.00 0.00 0.00 0.00 0.00 0.00 6.79 11.39 7.88 4.82 3.29 4.74 0.00 0.00 0.00 0.00 0.00 0.00 0.00 0.00 0.00 0.00 0.00 0.00 0.00 0.00 0.00 0.00 0.00 0.58 0.29 1.10 3.43 2.42 2.20 1.83 2.77 0.00 0.00 0.00 0.00 1.83 4.74 4.67 4.67 3.74 2.85 6.09 9.64 12.90 14.60 17.41 16.79 19.75 13.54 10.41 9.70 0.00 0.00 9.05 12.77 13.18 17.89 21.78 24.01 20.59 18.76 11.33 9.50 11.11 10.24 5.38 3.01 2.52 3.52 3.36 2.00 4.14 3.72 3.73 5.74 9.04 10.83
0.00 0.00 0.00 0.00 0.00 0.00 4.31 5.91 5.99 7.30 6.06 3.72 1.31 5.40 0.00 0.00 0.00 0.00 0.00 0.00 0.00 0.00 0.00 0.00 0.00 0.00 0.00 0.00 0.00 0.00 0.00 0.00 1.31 1.46 1.61 2.05 0.95 0.00 0.00 0.00 0.00 0.44 0.58 1.75 1.75 1.46 2.12 2.27 1.44 4.87 7.82 8.94 9.38 9.94 10.09 10.13 0.00 0.00 0.00 10.01 10.68 13.78 13.11 18.55 20.44 19.67 20.41 17.43 7.63 8.54 14.13 10.26 4.71 1.85 0.00 0.00 0.94 3.15 1.90 1.03 0.00 7.38 12.74
0.00 0.00 0.00 0.00 0.00 0.00 0.00 0.95 2.19 7.66 9.20 2.92 4.89 11.53 9.27 6.13 3.63 4.42 0.00 0.00 0.00 0.00 0.00 0.00 0.00 0.00 0.58 0.00 0.00 0.00 0.00 1.83 1.68 0.88 1.39 1.68 0.37 2.04 0.00 0.00 0.00 0.73 1.75 2.26 2.26 3.87 2.99 0.07 2.99 6.73 9.98 13.16 13.02 10.59 0.00 0.00 0.00 0.00 0.00 0.00 0.00 12.38 14.48 6.29 14.21 20.25 17.99 19.95 10.70 10.93 11.55 10.85 7.89 3.34 1.43 2.40 3.60 4.55 1.54 0.00 0.00 0.00 0.00
0.00 0.00 0.00 0.00 0.00 0.00 0.00 0.00 2.56 7.96 7.23 4.53 11.97 10.22 11.17 7.59 7.78 7.88 0.00 0.00 0.00 0.00 0.00 0.00 0.00 0.00 0.00 0.00 0.00 0.00 0.00 0.00 0.00 0.00 0.00 2.56 2.70 0.00 0.00 0.00 0.00 3.07 3.72 3.21 3.21 2.85 3.87 2.20 5.72 14.43 18.25 16.90 13.10 0.00 0.00 0.00 0.00 0.00 0.00 0.00 0.00 21.64 17.21 11.95 9.04 14.01 18.33 21.78 19.83 24.24 10.75 7.77 9.34 7.84 1.42 3.16 5.23 7.10 3.74 0.00 0.00 0.00 0.00
0.00 0.00 0.00 0.00 0.00 0.00 0.00 0.00 0.00 0.00 0.00 0.00 0.00 0.00 0.00 0.80 2.85 2.41 8.64 8.78 14.16 13.07 17.16 10.80 6.94 0.00 8.32 7.88 0.00 0.00 0.00 0.00 4.96 0.00 0.00 6.20 8.47 6.57 4.89 4.74 4.18 8.58 8.55 6.13 6.13 5.18 1.53 2.19 7.56 7.38 0.00 0.00 0.00 0.00 0.00 0.00 0.00 0.00 0.00 0.00 0.00 0.00 0.00 0.00 0.00 0.00 17.41 9.19 9.54 10.66 0.00 0.00 0.00 0.00 0.00 0.00 0.00 5.46 0.00 0.00 0.00 0.00 0.00
0.00 0.00 0.00 0.00 0.00 0.00 0.00 0.00 0.00 0.00 0.00 0.00 0.00 0.00 0.00 0.00 0.00 0.00 1.17 1.17 4.53 9.44 11.95 14.09 12.12 12.85 10.87 14.53 13.58 9.42 9.71 14.53 10.73 7.66 5.04 4.53 8.32 14.75 17.67 13.07 8.03 9.90 15.03 12.19 13.62 10.59 7.45 8.40 10.41 5.39 0.00 0.00 0.00 0.00 0.00 0.00 0.00 0.00 0.00 0.00 0.00 0.00 0.00 0.00 0.00 0.00 0.00 0.00 0.00 0.00 0.00 0.00 0.00 0.00 0.00 0.00 0.00 0.00 0.00 0.00 0.00 0.00 0.00
0.00 0.00 0.00 0.00 0.00 0.00 0.00 0.00 0.00 0.00 0.00 0.00 0.00 0.00 0.00 0.00 0.00 0.00 0.00 0.00 0.00 0.00 5.18 9.86 9.64 15.70 5.06 13.56 19.20 18.03 7.52 9.42 15.33 10.01 8.32 1.17 4.31 11.46 12.26 11.02 5.77 3.10 8.03 10.74 13.64 17.11 15.91 10.69 3.93 0.00 0.00 0.00 0.00 0.00 0.00 0.00 0.00 0.00 0.00 0.00 0.00 0.00 0.00 0.00 0.00 0.00 0.00 0.00 0.00 0.00 0.00 0.00 0.00 0.00 0.00 0.00 0.00 0.00 0.00 0.00 0.00 0.00 0.00
0.00 0.00 0.00 0.00 0.00 0.00 0.00 0.00 0.00 0.00 0.00 0.00 0.00 0.00 0.00 0.00 0.00 0.00 0.00 0.00 0.00 0.00 0.00 2.34 3.43 2.99 0.00 6.72 8.98 13.36 0.00 2.48 13.55 11.09 7.74 0.00 0.00 0.00 0.00 0.00 0.00 0.00 0.00 0.00 0.00 7.48 8.54 0.00 0.00 0.00 0.00 0.00 0.00 0.00 0.00 0.00 0.00 0.00 0.00 0.00 0.00 0.00 0.00 0.00 0.00 0.00 0.00 0.00 0.00 0.00 0.00 0.00 0.00 0.00 0.00 0.00 0.00 0.00 0.00 0.00 0.00 0.00 0.00
