Wansh/Snow_depth/snowdepth-1982/winter/1983022.txt
ncols 321
nrows 161
xllcenter 60
yllcenter 15 
cellsize  0.25 
NODATA_value -1
[rows 0 to 36 of 161, columns 83 to 165 of 321]
18.10 18.91 17.89 16.79 17.37 18.47 15.91 12.70 9.42 9.20 10.44 11.53 12.41 12.92 13.72 14.89 15.91 15.77 15.84 15.84 14.31 0.00 0.00 0.00 0.00 0.00 0.00 0.00 0.00 0.00 0.00 0.00 0.00 0.00 0.00 6.86 6.86 7.37 6.86 8.18 8.76 7.88 5.62 3.94 3.94 3.21 0.00 0.00 0.00 0.00 0.00 0.00 0.00 0.00 0.00 0.00 0.00 0.00 0.00 0.00 0.00 0.00 0.00 0.00 0.00 0.00 0.00 0.00 0.00 0.00 0.00 8.18 9.42 9.64 9.56 8.91 10.37 12.12 12.85 13.80 13.87 11.24 8.76
18.54 18.18 14.89 15.11 16.13 15.99 14.53 14.31 12.34 11.61 10.59 9.56 8.54 7.30 6.50 5.99 8.25 11.75 13.80 13.80 0.00 0.00 0.00 0.00 0.00 0.00 0.00 0.00 0.00 0.00 0.00 0.00 0.00 0.00 0.00 4.09 3.72 3.50 2.77 0.00 6.79 7.96 7.66 10.80 10.80 0.00 0.00 0.00 0.00 0.00 0.00 0.00 0.00 0.00 0.00 0.00 0.00 0.00 0.00 0.00 0.00 0.00 0.00 0.00 0.00 0.00 5.40 5.11 5.91 5.91 8.91 8.40 8.61 7.15 9.20 11.90 13.43 14.38 14.02 13.80 12.26 13.58 13.07
19.42 14.97 13.72 12.63 11.24 13.72 14.67 16.06 14.97 15.26 15.11 14.67 11.39 8.69 7.52 6.35 5.11 6.57 9.20 9.20 0.00 0.00 0.00 0.00 0.00 0.00 0.00 0.00 0.00 0.00 0.00 0.00 0.00 0.00 0.00 0.00 0.00 3.50 2.92 4.60 6.57 7.52 8.69 10.80 10.80 12.78 14.09 0.00 0.00 0.00 0.00 0.00 0.00 0.00 0.00 4.96 6.57 8.47 9.64 10.44 9.05 7.01 8.47 9.13 8.91 5.55 6.13 7.01 12.85 12.85 11.68 9.93 8.10 5.91 6.94 9.71 13.14 14.53 14.45 13.80 13.36 15.55 16.43
19.42 14.97 13.72 12.63 11.24 13.72 14.67 16.06 14.97 15.26 15.11 14.67 11.39 8.69 7.52 6.35 5.11 6.57 9.20 9.20 0.00 0.00 0.00 0.00 0.00 0.00 0.00 0.00 0.00 0.00 0.00 0.00 0.00 0.00 0.00 0.00 0.00 3.50 2.92 4.60 6.57 7.52 8.69 10.80 10.80 12.78 14.09 0.00 0.00 0.00 0.00 0.00 0.00 0.00 0.00 4.96 6.57 8.47 9.64 10.44 9.05 7.01 8.47 9.13 8.91 5.55 6.13 7.01 12.85 12.85 11.68 9.93 8.10 5.91 6.94 9.71 13.14 14.53 14.45 13.80 13.36 15.55 16.43
14.02 11.61 11.32 9.49 8.61 14.02 16.43 11.75 12.05 12.48 14.53 14.45 11.53 10.44 10.29 10.73 9.64 6.94 5.18 5.18 0.00 0.00 0.00 0.00 0.00 0.00 0.00 0.00 0.00 0.00 0.00 0.00 0.00 0.00 0.00 0.00 0.00 5.91 4.96 5.48 5.33 5.69 6.79 8.25 8.25 9.13 11.02 12.41 11.32 9.20 5.91 2.99 3.80 0.73 0.58 1.24 2.19 1.75 4.60 7.01 9.42 11.39 13.94 14.02 12.56 8.10 6.13 8.98 8.61 8.61 9.86 9.42 9.42 8.25 7.96 7.88 12.70 14.02 15.04 15.04 13.80 13.21 14.24
18.69 19.05 17.96 17.81 15.55 13.43 10.22 8.10 7.88 10.44 11.17 11.24 11.97 13.07 13.29 15.55 15.70 14.31 0.00 0.00 0.00 5.62 4.23 0.00 0.00 13.65 12.34 7.52 5.18 4.53 0.00 0.00 0.00 0.00 0.00 0.00 9.42 6.72 4.74 4.02 4.67 5.84 7.23 7.01 7.01 7.59 0.00 0.00 0.00 0.00 0.00 0.00 1.90 1.24 1.46 2.63 2.70 2.12 3.43 5.99 6.57 9.42 12.70 15.40 17.45 13.07 11.61 6.86 4.89 4.89 6.20 6.42 8.25 9.93 10.51 9.34 7.96 8.25 8.25 9.05 12.48 13.87 15.04
18.25 18.40 17.37 15.99 0.00 0.00 12.56 12.05 12.19 11.46 10.00 8.47 9.34 11.39 13.43 14.82 15.33 12.70 0.00 0.00 0.00 0.00 0.00 0.00 0.00 0.00 4.96 2.85 3.50 4.16 3.94 3.50 3.50 0.00 0.00 0.00 0.00 6.86 4.82 3.21 2.63 3.72 5.84 7.66 7.66 9.27 0.00 0.00 0.00 0.00 0.00 0.00 2.85 2.34 4.45 4.60 5.84 8.91 10.66 10.44 11.39 12.78 15.48 18.98 19.93 19.56 17.74 15.40 10.51 10.51 8.32 12.34 13.87 15.11 15.04 14.97 16.21 15.18 12.26 10.59 8.91 11.53 15.04
18.25 18.40 17.37 15.99 0.00 0.00 12.56 12.05 12.19 11.46 10.00 8.47 9.34 11.39 13.43 14.82 15.33 12.70 0.00 0.00 0.00 0.00 0.00 0.00 0.00 0.00 4.96 2.85 3.50 4.16 3.94 3.50 3.50 0.00 0.00 0.00 0.00 6.86 4.82 3.21 2.63 3.72 5.84 7.66 7.66 9.27 0.00 0.00 0.00 0.00 0.00 0.00 2.85 2.34 4.45 4.60 5.84 8.91 10.66 10.44 11.39 12.78 15.48 18.98 19.93 19.56 17.74 15.40 10.51 10.51 8.32 12.34 13.87 15.11 15.04 14.97 16.21 15.18 12.26 10.59 8.91 11.53 15.04
14.82 15.04 13.72 11.39 11.53 11.02 11.68 11.61 12.34 11.68 9.49 7.52 6.42 6.94 8.40 12.63 13.43 0.00 0.00 0.00 0.00 0.00 0.00 0.00 0.00 0.00 3.72 1.83 1.97 4.38 4.16 0.00 0.00 0.00 0.00 0.00 0.00 0.00 0.00 5.77 4.09 3.72 3.94 4.31 4.31 0.00 6.06 6.42 6.28 4.96 4.02 3.50 3.72 4.89 5.62 6.13 7.30 8.54 8.69 9.49 12.12 11.68 11.02 16.94 16.57 17.45 15.99 15.77 17.08 17.08 16.94 16.13 17.30 15.99 16.79 16.43 16.57 16.21 15.55 16.06 14.75 11.90 11.68
13.21 12.48 10.29 9.86 9.71 9.86 9.34 0.00 7.81 7.45 6.94 7.59 7.74 6.79 8.10 11.02 12.41 13.80 0.00 0.00 0.00 0.00 0.00 11.02 5.91 0.00 0.00 0.00 0.00 6.13 7.15 5.99 5.55 0.00 0.00 0.00 9.78 8.18 5.99 4.53 2.12 2.77 3.14 4.53 4.53 5.69 5.62 4.82 4.60 6.72 8.61 10.80 12.85 12.56 10.51 8.61 8.47 9.34 10.22 10.00 9.20 9.86 9.64 11.32 12.63 14.75 15.18 15.33 14.45 14.45 14.38 14.60 16.06 17.16 16.50 13.87 14.60 17.16 19.42 20.81 18.98 13.72 10.59
12.63 11.53 8.69 8.83 9.34 0.00 0.00 0.00 0.00 0.00 6.28 8.83 10.51 10.51 10.88 12.34 0.00 16.21 0.00 0.00 0.00 0.00 14.38 7.88 5.33 0.00 0.00 0.00 0.00 0.00 0.00 5.18 5.18 0.00 0.00 0.00 0.00 7.66 5.40 4.67 4.31 5.26 6.42 7.45 7.45 8.03 7.88 8.03 8.47 9.05 10.59 11.39 12.26 12.63 10.22 8.69 9.93 12.63 14.45 13.14 10.44 11.32 9.86 11.32 12.12 13.72 15.04 17.67 19.71 19.71 20.88 18.76 18.91 21.46 18.54 13.58 12.63 15.26 18.10 17.96 14.53 13.21 13.51
12.63 11.53 8.69 8.83 9.34 0.00 0.00 0.00 0.00 0.00 6.28 8.83 10.51 10.51 10.88 12.34 0.00 16.21 0.00 0.00 0.00 0.00 14.38 7.88 5.33 0.00 0.00 0.00 0.00 0.00 0.00 5.18 5.18 0.00 0.00 0.00 0.00 7.66 5.40 4.67 4.31 5.26 6.42 7.45 7.45 8.03 7.88 8.03 8.47 9.05 10.59 11.39 12.26 12.63 10.22 8.69 9.93 12.63 14.45 13.14 10.44 11.32 9.86 11.32 12.12 13.72 15.04 17.67 19.71 19.71 20.88 18.76 18.91 21.46 18.54 13.58 12.63 15.26 18.10 17.96 14.53 13.21 13.51
8.91 9.56 8.47 7.45 6.50 4.89 3.65 0.00 5.55 6.42 7.37 9.42 11.24 10.95 11.17 10.37 0.00 0.00 0.00 0.00 0.00 0.00 0.00 0.00 0.00 0.00 0.00 0.00 0.00 0.00 0.00 5.69 6.57 5.48 0.00 4.53 8.25 10.15 8.61 6.64 6.57 10.22 11.24 10.44 10.44 8.47 7.88 7.88 8.03 8.40 11.75 14.82 15.04 11.68 9.86 9.05 10.66 15.99 21.17 19.42 16.64 15.48 13.07 12.05 10.88 13.58 15.11 16.64 19.20 19.20 22.27 21.10 21.75 20.88 18.47 16.21 13.29 10.80 13.80 16.50 17.37 18.18 19.64
9.05 9.56 8.61 6.72 5.40 4.89 4.74 5.84 7.30 8.40 9.64 10.51 12.99 15.62 16.35 0.00 0.00 0.00 0.00 0.00 0.00 0.00 0.00 0.00 0.00 0.00 5.40 4.38 4.96 6.28 8.83 12.78 16.64 16.43 12.63 12.85 13.43 14.97 13.14 11.68 10.15 9.93 9.20 7.37 7.37 8.03 9.13 11.24 12.56 12.19 11.10 10.80 10.66 11.61 13.65 13.14 13.80 15.48 16.43 12.05 16.21 15.04 16.35 16.50 17.23 17.74 18.32 20.29 22.12 22.12 25.55 28.18 25.55 26.28 23.43 20.29 16.64 14.02 14.02 14.38 12.92 12.48 13.43
9.78 8.76 6.64 5.69 5.99 5.55 5.33 6.86 8.18 10.07 11.90 12.63 12.70 12.78 14.75 0.00 0.00 0.00 0.00 0.00 0.00 0.00 0.00 0.00 0.00 5.91 5.77 9.71 11.53 13.07 17.59 21.61 22.70 21.68 17.23 16.06 12.99 11.46 10.73 9.42 9.05 9.20 9.13 9.93 9.93 11.17 13.14 14.60 13.94 12.99 13.51 13.94 11.83 12.48 14.82 15.99 18.83 21.10 19.49 15.18 11.83 10.07 11.39 12.05 15.11 17.96 19.71 18.69 18.10 18.10 19.35 21.90 20.66 18.47 16.35 15.11 13.51 7.01 0.00 0.73 5.48 10.88 13.07
8.54 8.32 7.15 6.20 7.81 6.72 5.18 5.11 6.64 8.03 8.98 11.39 11.90 13.80 10.51 10.07 11.17 12.19 9.86 9.86 10.73 8.54 9.20 12.70 16.13 16.94 14.31 10.95 11.75 14.82 18.40 22.12 23.14 19.13 15.77 13.36 12.34 12.34 15.40 16.50 14.67 14.16 13.29 11.75 11.75 11.02 11.46 12.63 11.68 12.56 12.26 12.78 12.12 12.19 14.31 17.52 21.32 22.70 21.68 13.36 10.15 10.59 11.90 10.88 11.17 11.97 15.04 16.86 17.89 17.89 19.86 21.24 20.51 12.70 8.10 10.37 11.32 5.84 0.00 0.00 5.40 12.70 12.70
8.54 8.32 7.15 6.20 7.81 6.72 5.18 5.11 6.64 8.03 8.98 11.39 11.90 13.80 10.51 10.07 11.17 12.19 9.86 9.86 10.73 8.54 9.20 12.70 16.13 16.94 14.31 10.95 11.75 14.82 18.40 22.12 23.14 19.13 15.77 13.36 12.34 12.34 15.40 16.50 14.67 14.16 13.29 11.75 11.75 11.02 11.46 12.63 11.68 12.56 12.26 12.78 12.12 12.19 14.31 17.52 21.32 22.70 21.68 13.36 10.15 10.59 11.90 10.88 11.17 11.97 15.04 16.86 17.89 17.89 19.86 21.24 20.51 12.70 8.10 10.37 11.32 5.84 0.00 0.00 5.40 12.70 12.70
7.88 8.47 7.74 7.45 8.40 8.76 7.01 5.40 5.77 7.66 9.56 11.83 13.43 15.55 18.10 13.94 10.59 13.14 13.72 13.72 13.36 10.88 9.93 9.93 11.02 15.48 17.52 13.21 10.66 11.97 14.82 17.59 20.29 19.78 17.16 13.51 11.97 14.24 14.75 13.51 12.70 12.56 13.87 13.21 13.21 13.36 13.21 12.92 12.41 11.97 11.97 12.70 14.31 14.45 13.72 14.02 16.86 17.59 20.81 11.24 9.78 13.87 17.81 15.26 11.90 11.97 14.67 16.64 18.76 18.76 23.21 20.15 15.33 11.32 8.40 9.20 10.37 5.69 0.00 0.00 6.79 8.40 7.08
9.86 9.56 9.05 0.00 0.00 0.00 10.51 8.47 7.88 8.61 10.59 13.29 14.45 22.92 23.14 20.95 20.00 21.17 17.01 17.01 14.02 14.82 10.51 8.61 8.83 14.45 16.35 17.52 16.64 15.91 16.94 20.15 22.56 25.48 23.36 18.10 13.29 11.90 12.12 10.95 11.39 14.97 16.94 17.81 17.81 17.89 16.35 12.78 10.66 10.80 10.95 11.02 10.51 11.97 10.73 9.71 11.24 10.29 11.75 13.51 14.75 18.18 20.37 18.47 16.13 15.99 16.72 19.42 21.46 21.46 22.41 21.75 16.13 12.05 9.42 8.03 7.88 6.20 0.00 5.11 7.88 8.10 8.40
7.96 7.81 7.59 8.98 0.00 0.00 12.48 10.80 8.18 10.59 12.26 12.56 13.43 17.45 18.61 17.45 19.35 20.51 19.86 19.86 19.35 19.49 16.35 12.63 12.19 14.67 17.59 18.40 18.98 17.16 16.06 19.13 22.41 22.92 20.66 15.84 12.19 9.27 8.25 7.96 10.44 14.82 19.35 22.12 22.12 23.14 19.56 7.45 4.16 10.73 13.14 11.61 10.80 10.29 9.78 9.20 8.83 11.90 12.56 13.21 15.48 19.56 22.05 18.61 17.01 16.64 17.37 19.49 21.46 21.46 16.35 10.88 8.61 8.40 9.27 8.54 6.94 7.23 7.74 8.25 7.74 7.59 7.52
8.61 8.25 7.52 8.25 9.86 10.95 12.12 13.43 13.21 13.21 14.16 15.62 22.05 20.81 16.79 15.04 16.72 18.83 19.78 19.78 19.93 18.61 18.54 19.20 18.98 19.64 21.24 21.39 19.56 14.82 12.34 14.53 19.42 23.43 21.61 13.43 8.25 6.06 5.26 5.40 9.34 14.31 15.48 18.98 18.98 22.92 22.34 16.79 15.40 16.06 14.24 14.67 15.84 15.40 14.02 12.12 15.70 15.04 12.92 11.02 11.10 12.26 13.21 13.72 13.29 15.55 16.72 16.21 13.87 13.87 11.02 7.37 6.28 6.13 7.66 4.31 5.48 8.03 7.59 5.91 4.82 6.06 6.42
5.55 6.06 7.15 8.47 10.00 11.24 11.97 14.60 16.79 17.16 19.42 22.63 31.03 31.97 28.47 25.48 20.15 20.00 21.32 21.32 22.85 24.89 25.48 25.40 27.89 28.11 28.25 27.74 27.30 22.12 15.18 10.59 11.02 15.11 18.83 13.72 6.86 3.50 0.29 3.80 9.86 10.29 8.61 9.20 9.20 12.26 12.34 9.56 10.44 11.83 10.88 13.36 15.11 17.52 18.61 18.03 23.58 18.91 14.38 12.05 12.05 11.24 12.05 12.78 12.41 13.65 13.36 12.34 10.37 10.37 6.50 6.79 7.59 7.15 6.50 4.60 5.11 7.37 8.25 6.06 4.53 5.62 5.40
5.55 6.06 7.15 8.47 10.00 11.24 11.97 14.60 16.79 17.16 19.42 22.63 31.03 31.97 28.47 25.48 20.15 20.00 21.32 21.32 22.85 24.89 25.48 25.40 27.89 28.11 28.25 27.74 27.30 22.12 15.18 10.59 11.02 15.11 18.83 13.72 6.86 3.50 0.29 3.80 9.86 10.29 8.61 9.20 9.20 12.26 12.34 9.56 10.44 11.83 10.88 13.36 15.11 17.52 18.61 18.03 23.58 18.91 14.38 12.05 12.05 11.24 12.05 12.78 12.41 13.65 13.36 12.34 10.37 10.37 6.50 6.79 7.59 7.15 6.50 4.60 5.11 7.37 8.25 6.06 4.53 5.62 5.40
6.13 5.77 5.48 6.35 8.18 10.59 13.36 17.74 21.39 21.90 24.02 25.99 28.91 32.63 33.14 33.80 28.18 22.34 20.00 20.00 21.24 24.75 24.82 25.26 28.25 30.15 30.30 27.96 25.62 21.46 14.97 9.20 7.59 7.30 6.28 0.00 0.00 0.00 0.00 0.00 5.99 6.64 6.64 6.64 6.64 7.37 5.77 4.09 4.89 4.89 6.28 8.25 10.73 9.13 12.34 12.41 15.04 13.14 11.24 10.29 11.02 14.38 14.97 16.21 17.16 17.16 15.91 14.45 15.91 15.91 16.94 16.50 12.99 9.49 9.42 7.52 7.01 6.42 5.84 4.67 4.23 5.11 4.82
7.52 8.98 10.44 10.95 12.56 15.99 18.18 21.10 24.67 26.06 24.75 24.02 23.87 23.43 25.70 26.94 25.92 25.84 25.26 25.26 24.53 26.86 27.38 27.59 27.41 26.12 27.43 24.26 20.95 18.10 11.61 8.25 6.57 4.74 3.94 0.00 0.00 0.00 5.48 6.28 5.69 5.11 5.91 4.67 4.67 3.80 4.60 6.06 7.08 3.72 0.00 0.00 8.03 9.42 10.66 10.00 8.61 8.40 8.25 10.15 13.14 15.11 17.37 18.83 21.02 20.95 18.47 17.16 20.08 20.08 21.97 21.17 16.57 13.29 10.37 7.08 6.72 4.82 3.36 4.45 7.37 6.72 6.06
9.49 10.59 13.14 17.37 20.95 22.70 22.34 21.61 23.36 23.58 20.81 21.46 22.41 19.86 15.33 16.13 21.17 26.35 30.44 30.44 33.80 35.11 34.16 33.22 31.36 34.64 30.17 31.07 29.20 27.81 20.95 12.48 9.42 6.13 3.87 0.00 0.00 3.07 3.80 6.72 7.15 7.37 5.18 3.21 3.21 3.65 0.00 6.94 7.01 4.53 0.00 0.00 4.09 5.77 7.66 5.55 5.26 6.72 7.96 8.98 14.31 16.35 16.21 17.01 18.18 17.67 18.98 21.46 21.97 21.97 20.08 19.27 16.35 12.48 10.51 8.40 8.40 7.96 7.88 7.01 5.69 4.53 5.26
15.18 15.70 15.55 16.50 18.98 22.19 23.94 21.39 18.40 16.57 6.35 15.91 11.61 8.83 0.00 10.88 18.69 22.19 22.56 22.56 24.82 25.92 24.01 27.54 31.83 32.53 31.32 34.07 32.44 30.93 25.55 18.32 14.67 12.48 6.86 4.09 0.00 5.62 7.01 5.04 7.30 9.56 6.86 4.60 4.60 3.29 0.00 5.26 6.06 6.28 4.38 0.00 0.00 5.69 5.91 6.06 5.55 5.11 5.33 7.45 14.24 18.69 20.22 21.39 19.78 17.81 21.46 25.70 25.48 25.48 22.34 20.29 18.32 17.59 16.79 15.77 14.82 11.46 8.40 8.91 5.84 3.94 6.13
18.25 18.76 17.59 17.74 18.25 18.10 16.50 16.64 16.06 12.99 6.79 4.31 0.00 0.00 2.77 6.35 7.96 8.40 9.13 9.13 9.33 7.23 9.78 16.03 20.66 23.12 25.48 31.46 33.48 37.09 34.88 29.71 25.33 23.29 19.13 15.11 12.41 8.91 6.28 0.00 0.00 6.20 10.07 8.32 8.32 0.00 0.00 0.00 5.84 6.28 4.53 0.00 0.00 0.00 4.02 6.06 6.57 4.53 4.67 7.74 13.29 19.86 22.92 25.84 25.33 23.07 21.75 23.65 24.53 24.53 22.85 20.44 17.67 16.35 17.74 17.67 15.18 11.02 9.86 11.53 8.69 7.81 9.05
18.25 18.76 17.59 17.74 18.25 18.10 16.50 16.64 16.06 12.99 6.79 4.31 0.00 0.00 2.77 6.35 7.96 8.40 9.13 9.17 9.63 7.34 10.47 15.63 21.19 22.78 25.48 30.51 31.12 34.66 35.41 30.02 26.39 26.17 20.24 15.50 12.41 8.91 6.28 0.00 0.00 6.20 10.07 8.32 8.32 0.00 0.00 0.00 5.84 6.28 4.53 0.00 0.00 0.00 4.02 6.06 6.57 4.53 4.67 7.74 13.29 19.86 22.92 25.84 25.33 23.07 21.75 23.65 24.53 24.53 22.85 20.44 17.67 16.35 17.74 17.67 15.18 11.02 9.86 11.53 8.69 7.81 9.05
19.71 19.20 17.96 16.86 16.94 18.47 18.25 16.86 17.08 17.52 13.72 7.59 0.00 6.64 8.18 11.53 10.66 11.02 12.41 12.41 8.47 0.00 0.00 0.00 4.97 8.31 12.61 18.07 24.21 28.91 31.47 28.46 24.66 26.82 30.74 23.10 18.99 13.57 7.66 7.01 4.74 2.77 5.62 6.94 6.94 0.00 0.00 8.32 9.71 7.59 5.26 5.62 0.00 0.00 0.00 5.18 3.14 0.00 0.00 5.62 8.40 13.72 18.18 23.29 26.28 24.82 22.27 21.53 19.64 19.64 16.28 14.31 12.70 12.99 15.70 16.64 15.40 11.68 12.70 13.65 10.66 8.69 6.86
17.59 19.86 18.47 15.48 14.75 15.40 15.77 17.81 23.65 26.43 23.73 21.10 18.10 12.34 13.87 16.64 18.47 15.99 13.07 13.07 7.78 3.14 0.00 3.43 3.65 3.82 0.00 0.00 8.09 16.24 25.51 28.47 25.26 23.07 27.83 30.34 28.73 23.42 14.09 9.49 8.76 6.64 0.00 2.41 2.41 5.33 6.86 6.42 6.64 8.91 7.30 9.56 8.61 0.00 5.62 5.91 5.91 4.96 0.00 4.38 5.26 5.33 9.64 17.52 21.46 20.73 18.03 16.72 15.91 15.91 13.51 9.71 10.15 10.80 12.48 14.16 12.70 10.51 13.43 14.31 11.32 9.13 6.94
10.88 14.24 15.62 14.24 13.51 13.65 13.21 13.94 17.52 19.05 17.23 19.13 15.11 11.75 11.02 11.17 11.97 10.00 5.62 5.62 0.00 0.00 0.00 3.65 4.16 0.00 0.00 0.00 5.53 9.12 15.98 22.70 25.92 27.08 25.33 24.21 25.81 29.36 22.70 15.84 12.99 12.19 6.20 3.07 3.07 5.69 7.88 4.38 6.64 7.74 7.66 14.82 12.34 9.64 8.91 7.37 5.99 5.33 0.00 0.00 5.77 5.33 7.52 11.17 14.16 12.19 10.29 8.32 10.00 10.00 8.54 5.69 4.67 7.01 9.93 11.61 12.41 14.89 14.16 13.94 15.18 15.40 16.57
0.00 0.00 9.86 8.10 7.74 7.66 11.10 14.97 17.74 21.53 20.66 14.67 12.70 14.67 11.53 10.88 10.80 7.37 5.48 5.48 5.62 0.00 0.00 4.02 2.85 5.04 4.09 3.72 5.65 8.83 11.39 12.05 14.45 18.32 20.95 23.51 24.16 24.53 25.19 22.27 14.31 9.78 6.72 3.80 3.80 3.50 3.65 3.50 5.77 9.13 9.34 11.61 10.59 8.10 9.27 8.47 6.86 5.26 0.00 5.18 5.84 5.84 0.00 5.91 6.64 7.01 6.35 6.06 5.69 5.69 4.96 0.00 0.00 3.80 5.62 6.50 10.59 14.45 15.77 16.06 18.40 19.42 21.10
2.70 2.85 4.45 5.91 4.53 0.00 6.35 5.69 5.40 13.27 18.69 16.72 16.86 14.53 12.05 9.86 5.91 5.26 2.63 2.63 4.96 6.28 7.74 8.54 10.15 10.37 8.61 6.79 7.82 9.05 9.05 7.66 9.49 12.70 17.52 22.92 18.83 17.01 15.62 15.19 12.58 7.04 6.94 8.03 8.03 4.23 4.23 4.67 4.60 6.13 5.99 4.16 5.99 7.30 9.93 10.73 7.74 0.00 5.18 5.26 5.55 7.15 6.28 4.89 0.00 0.00 0.00 2.85 0.00 0.00 0.00 0.00 2.70 4.82 8.61 13.87 20.00 24.38 23.00 19.49 17.01 17.52 19.27
0.00 0.00 0.00 0.00 3.65 7.59 11.68 10.00 0.00 0.00 0.00 8.91 14.31 9.49 7.37 4.45 3.36 0.00 3.43 3.43 5.33 6.94 8.76 12.12 15.55 15.40 16.79 13.80 12.26 13.56 11.88 10.29 10.12 10.31 12.12 14.09 11.17 9.49 11.58 10.66 7.66 5.01 4.31 5.55 5.55 6.06 4.82 3.58 3.87 6.50 7.01 6.94 4.45 3.14 3.65 3.80 3.94 4.60 5.91 7.52 7.81 6.64 4.09 4.45 4.96 4.09 3.58 4.16 0.00 0.00 0.00 0.00 0.00 2.41 5.84 12.78 18.18 22.19 22.27 20.22 18.61 17.30 15.40
0.00 0.00 0.00 0.00 3.65 7.59 11.68 10.00 0.00 0.00 0.00 8.91 14.31 9.49 7.37 4.45 3.36 0.00 3.45 3.43 5.33 6.94 8.76 12.12 15.55 15.40 16.79 13.80 12.26 13.36 11.46 9.93 10.07 10.00 12.12 14.16 11.23 9.49 11.52 10.77 7.66 4.96 4.31 5.55 5.55 6.06 4.82 3.58 3.87 6.50 7.01 6.94 4.45 3.14 3.65 3.80 3.94 4.60 5.91 7.52 7.81 6.64 4.09 4.45 4.96 4.09 3.58 4.16 0.00 0.00 0.00 0.00 0.00 2.41 5.84 12.78 18.18 22.19 22.27 20.22 18.61 17.30 15.40
8.91 4.16 0.00 0.00 0.00 12.26 21.61 16.94 16.75 7.78 5.84 7.59 8.47 7.74 6.94 0.00 0.00 0.00 0.00 0.00 0.00 2.34 5.40 8.18 10.22 13.21 15.62 16.79 17.01 19.05 15.62 10.95 10.51 9.86 8.76 7.52 5.26 5.11 8.47 8.88 5.91 3.29 2.41 6.28 6.28 6.28 5.40 4.67 5.77 8.69 7.15 4.45 4.09 4.60 4.31 6.57 7.01 7.59 6.86 7.30 11.32 8.69 3.80 2.41 2.12 1.68 0.00 0.00 0.00 0.00 0.00 0.00 0.00 0.00 2.34 3.65 5.40 10.88 17.59 20.95 22.48 19.35 15.11
