Wansh/Snow_depth/snowdepth-1982/winter/1983044.txt
ncols 321
nrows 161
xllcenter 60
yllcenter 15 
cellsize  0.25 
NODATA_value -1
[rows 0 to 36 of 161, columns 0 to 82 of 321]
9.42 9.42 11.90 12.56 12.26 11.24 12.85 14.97 16.13 15.18 15.62 16.06 16.43 15.55 15.40 14.38 13.80 14.09 15.55 15.40 14.38 15.40 17.81 16.57 16.13 16.43 16.43 17.01 16.57 16.50 15.26 17.30 18.10 17.67 16.35 15.99 16.72 18.32 19.78 21.61 20.51 19.49 18.18 17.67 19.93 20.29 21.53 22.12 21.32 20.95 20.15 20.15 17.74 15.55 18.32 20.08 18.76 21.24 20.44 22.34 22.41 22.56 22.92 21.53 21.32 22.34 21.17 20.59 19.71 16.79 15.33 17.74 19.86 19.20 20.51 20.81 20.81 20.66 19.93 18.83 21.75 20.44 20.73
13.21 13.21 14.02 15.70 15.91 14.53 14.02 15.33 15.11 13.72 14.24 13.51 14.09 15.48 15.40 13.80 12.78 12.92 14.75 15.18 14.24 14.24 14.89 15.04 13.14 13.51 13.51 14.97 14.09 13.72 14.09 15.62 17.01 17.01 16.86 17.01 16.35 17.52 17.52 18.54 18.18 17.37 16.86 18.18 17.59 19.49 17.45 17.16 18.03 16.72 16.79 16.79 15.77 14.53 15.91 16.72 15.55 15.99 15.84 18.69 17.89 18.18 18.03 19.35 20.59 20.59 16.94 13.36 12.19 13.36 13.51 17.37 20.37 19.86 20.00 21.10 21.10 21.24 20.73 19.93 19.78 19.56 19.27
15.77 15.77 13.51 13.87 13.72 13.87 14.38 13.65 13.29 10.88 12.48 12.63 9.78 11.68 12.12 12.56 11.97 12.41 13.14 13.14 13.58 11.68 11.17 11.75 10.22 11.75 11.75 11.32 10.59 10.29 10.66 11.83 10.95 12.41 13.51 14.24 14.53 14.02 15.04 16.21 15.62 14.16 13.87 14.16 14.75 15.04 13.87 13.51 14.45 13.72 12.78 12.78 13.36 12.12 9.93 11.17 10.88 14.16 15.33 15.26 15.26 16.21 17.16 18.10 18.76 18.91 16.94 15.91 16.64 18.18 18.25 19.13 19.05 20.15 17.81 19.35 19.35 20.59 19.64 19.20 17.23 17.52 18.98
15.77 15.77 13.51 13.87 13.72 13.87 14.38 13.65 13.29 10.88 12.48 12.63 9.78 11.68 12.12 12.56 11.97 12.41 13.14 13.14 13.58 11.68 11.17 11.75 10.22 11.75 11.75 11.32 10.59 10.29 10.66 11.83 10.95 12.41 13.51 14.24 14.53 14.02 15.04 16.21 15.62 14.16 13.87 14.16 14.75 15.04 13.87 13.51 14.45 13.72 12.78 12.78 13.36 12.12 9.93 11.17 10.88 14.16 15.33 15.26 15.26 16.21 17.16 18.10 18.76 18.91 16.94 15.91 16.64 18.18 18.25 19.13 19.05 20.15 17.81 19.35 19.35 20.59 19.64 19.20 17.23 17.52 18.98
10.44 10.44 10.66 11.10 11.46 10.07 10.37 10.80 10.66 7.52 8.40 7.30 7.88 8.32 9.56 9.56 8.91 8.47 9.49 9.13 9.71 8.91 8.69 8.98 7.88 8.69 8.69 9.71 9.64 9.56 10.15 10.59 11.02 11.53 11.61 10.80 10.51 11.02 12.41 12.63 12.63 11.24 10.15 11.32 13.07 13.80 12.70 13.07 12.05 10.80 10.51 10.51 11.24 11.02 10.66 11.68 11.61 12.34 13.87 13.58 15.40 15.70 16.13 15.77 15.04 14.82 15.04 15.55 16.28 17.16 18.54 18.76 18.40 19.20 20.51 19.64 19.64 19.49 17.89 17.59 17.59 17.67 16.35
10.66 10.66 10.95 10.51 10.66 10.37 8.83 6.64 5.55 5.11 5.48 5.77 6.57 9.20 9.78 9.34 8.61 8.40 7.15 8.32 8.54 8.40 8.40 7.74 7.30 8.10 8.10 8.61 8.98 10.29 10.88 11.53 11.97 11.83 10.37 8.03 7.66 8.40 8.76 8.25 7.81 7.52 8.40 7.88 8.18 9.13 9.49 10.73 10.29 8.25 10.95 10.95 7.81 6.86 6.28 8.91 10.66 10.15 9.93 10.44 12.05 13.36 13.36 12.70 12.12 11.24 13.29 14.89 15.91 16.72 19.35 18.61 17.74 18.61 19.56 20.15 20.15 19.42 19.35 20.44 18.18 18.18 18.91
10.51 10.51 8.61 7.74 8.25 7.96 6.64 5.99 5.62 6.28 7.88 7.08 6.94 7.59 7.37 6.79 8.83 9.05 6.86 6.13 8.54 10.66 10.59 11.10 10.44 10.00 10.00 10.29 11.32 12.92 12.48 11.75 11.24 10.95 8.98 7.66 6.64 7.81 7.96 7.96 6.35 6.13 6.86 8.83 10.00 10.66 10.37 9.71 7.08 5.84 3.87 3.87 3.58 6.79 10.44 14.45 12.99 13.07 12.34 11.97 10.44 10.66 11.53 10.95 10.73 10.95 12.41 14.24 17.23 15.40 15.84 16.64 17.01 17.45 17.96 19.27 19.27 20.08 20.22 20.29 18.76 18.18 20.15
10.51 10.51 8.61 7.74 8.25 7.96 6.64 5.99 5.62 6.28 7.88 7.08 6.94 7.59 7.37 6.79 8.83 9.05 6.86 6.13 8.54 10.66 10.59 11.10 10.44 10.00 10.00 10.29 11.32 12.92 12.48 11.75 11.24 10.95 8.98 7.66 6.64 7.81 7.96 7.96 6.35 6.13 6.86 8.83 10.00 10.66 10.37 9.71 7.08 5.84 3.87 3.87 3.58 6.79 10.44 14.45 12.99 13.07 12.34 11.97 10.44 10.66 11.53 10.95 10.73 10.95 12.41 14.24 17.23 15.40 15.84 16.64 17.01 17.45 17.96 19.27 19.27 20.08 20.22 20.29 18.76 18.18 20.15
8.61 8.61 6.20 4.82 5.77 6.50 7.23 4.74 6.50 7.45 8.25 6.79 6.13 7.15 7.37 7.96 8.03 7.23 6.86 7.59 10.95 13.36 13.21 12.05 10.59 8.91 8.91 10.59 11.97 12.19 11.53 10.44 9.56 8.10 9.13 8.32 8.25 10.59 10.37 9.78 8.03 6.94 8.47 9.20 9.93 10.73 10.73 9.86 8.83 8.47 6.42 6.42 5.18 5.55 10.73 13.87 14.02 12.99 12.70 11.97 12.05 10.88 10.00 10.88 11.53 11.61 13.43 16.13 16.86 17.16 17.67 16.72 15.91 18.25 19.93 20.37 20.37 20.44 15.91 17.89 18.61 19.71 20.44
6.86 6.86 5.77 4.74 6.50 6.79 7.15 6.20 6.57 5.40 4.67 5.04 7.59 8.18 8.32 8.47 7.08 7.37 7.52 8.76 11.24 14.89 14.02 13.29 10.66 8.91 8.91 8.47 10.44 12.19 12.56 12.12 12.85 11.68 12.19 10.00 11.10 12.41 12.99 12.19 12.41 10.95 8.76 9.05 7.88 6.72 6.50 7.08 8.91 10.15 9.86 9.86 8.18 5.69 8.25 8.61 9.71 11.17 14.16 16.43 15.18 15.11 14.31 13.65 13.51 13.07 13.14 14.38 15.33 15.48 15.62 15.70 15.91 16.79 17.89 16.94 16.94 15.84 16.13 17.08 16.06 16.72 16.64
7.45 7.45 7.15 7.08 7.96 7.37 5.84 6.94 7.30 7.23 6.50 5.55 6.50 7.15 5.62 4.74 3.94 5.33 7.74 10.66 11.46 10.73 10.80 11.02 10.15 7.96 7.96 7.96 10.51 11.02 11.10 11.17 12.78 13.94 13.65 14.67 13.80 13.43 12.63 12.12 11.75 11.24 10.59 9.86 9.34 8.91 8.32 7.37 8.69 9.71 10.73 10.73 11.02 10.73 9.27 7.88 9.78 11.83 15.48 15.11 16.13 17.08 17.01 17.37 16.72 15.18 12.41 13.14 15.99 17.45 16.94 16.64 16.21 16.35 16.57 16.50 16.50 17.52 17.52 16.21 14.31 14.75 16.72
7.45 7.45 7.15 7.08 7.96 7.37 5.84 6.94 7.30 7.23 6.50 5.55 6.50 7.15 5.62 4.74 3.94 5.33 7.74 10.66 11.46 10.73 10.80 11.02 10.15 7.96 7.96 7.96 10.51 11.02 11.10 11.17 12.78 13.94 13.65 14.67 13.80 13.43 12.63 12.12 11.75 11.24 10.59 9.86 9.34 8.91 8.32 7.37 8.69 9.71 10.73 10.73 11.02 10.73 9.27 7.88 9.78 11.83 15.48 15.11 16.13 17.08 17.01 17.37 16.72 15.18 12.41 13.14 15.99 17.45 16.94 16.64 16.21 16.35 16.57 16.50 16.50 17.52 17.52 16.21 14.31 14.75 16.72
10.22 10.22 11.39 10.07 7.96 6.79 7.45 7.52 8.98 9.34 7.74 7.81 6.06 5.40 7.08 8.47 6.64 6.28 9.13 10.95 12.34 11.53 8.83 7.45 7.74 8.25 8.25 10.15 12.05 13.36 15.04 13.58 11.39 11.61 12.92 15.70 14.82 12.05 11.90 10.95 11.17 13.07 13.58 12.48 11.68 10.59 10.59 10.07 10.80 10.73 11.02 11.02 12.92 10.95 9.78 8.61 11.17 13.21 13.72 14.09 14.53 14.67 14.67 15.99 17.45 17.01 14.31 13.87 15.77 17.16 19.13 17.67 15.77 13.14 11.46 12.99 12.99 14.67 17.59 18.18 18.25 17.89 13.51
14.97 14.97 13.58 13.43 13.43 8.98 9.20 9.93 10.51 11.32 12.41 11.90 11.53 11.61 12.34 12.34 9.78 7.59 7.52 9.27 9.71 10.07 7.30 5.26 4.96 6.13 6.13 7.74 9.34 9.42 11.68 11.46 10.29 7.37 7.96 10.22 11.83 9.93 8.18 8.61 10.00 12.78 14.45 13.36 11.10 10.51 9.64 9.49 9.56 11.02 10.95 10.95 11.53 11.02 10.80 11.24 12.34 13.21 14.09 14.89 13.14 8.69 10.07 11.39 12.70 14.89 15.77 16.57 17.30 18.25 19.93 20.00 18.18 20.29 16.79 16.06 16.06 15.26 17.30 17.74 16.50 13.87 9.56
12.56 12.56 12.05 11.10 12.70 10.95 10.22 8.61 10.59 11.61 11.17 11.24 7.88 8.47 11.46 12.34 11.53 9.27 9.78 11.53 11.02 10.07 9.05 5.84 4.96 5.26 5.26 6.06 6.35 5.77 6.72 7.45 7.74 8.32 8.69 9.42 9.56 7.45 8.32 10.73 11.61 11.46 11.53 11.83 11.17 9.78 9.93 10.37 11.68 12.19 11.32 11.32 10.07 8.18 8.47 10.73 12.12 12.26 15.77 17.16 13.72 9.86 8.98 9.27 8.25 8.25 12.78 14.82 14.24 14.16 16.57 20.59 19.71 18.54 17.16 15.33 15.33 14.24 13.14 12.63 12.85 12.48 12.78
11.68 11.68 12.05 13.43 10.07 9.27 9.93 7.96 8.54 9.71 11.53 11.02 10.22 10.07 10.07 10.29 11.17 10.44 10.07 10.44 9.56 6.64 6.28 5.91 4.74 4.74 4.74 5.48 5.40 6.20 6.06 7.23 8.32 9.34 8.76 8.47 8.32 7.52 7.74 9.27 9.71 9.64 10.44 10.95 9.64 9.42 10.73 10.66 11.68 11.97 11.17 11.17 10.88 12.34 11.90 10.44 11.97 12.56 14.31 13.80 10.51 6.50 5.77 5.77 6.72 7.45 9.56 11.75 8.98 10.15 14.09 16.72 18.47 18.18 16.35 13.65 13.65 11.97 12.85 13.07 11.68 11.02 8.54
11.68 11.68 12.05 13.43 10.07 9.27 9.93 7.96 8.54 9.71 11.53 11.02 10.22 10.07 10.07 10.29 11.17 10.44 10.07 10.44 9.56 6.64 6.28 5.91 4.74 4.74 4.74 5.48 5.40 6.20 6.06 7.23 8.32 9.34 8.76 8.47 8.32 7.52 7.74 9.27 9.71 9.64 10.44 10.95 9.64 9.42 10.73 10.66 11.68 11.97 11.17 11.17 10.88 12.34 11.90 10.44 11.97 12.56 14.31 13.80 10.51 6.50 5.77 5.77 6.72 7.45 9.56 11.75 8.98 10.15 14.09 16.72 18.47 18.18 16.35 13.65 13.65 11.97 12.85 13.07 11.68 11.02 8.54
13.14 13.14 12.78 11.02 10.15 9.27 9.42 8.98 10.22 14.53 14.16 12.92 12.56 12.99 13.58 12.56 11.68 9.93 9.34 8.40 7.30 6.42 5.84 6.35 6.20 5.48 5.48 6.35 7.66 8.54 7.08 5.40 8.61 10.00 8.83 5.77 5.48 7.45 9.64 10.07 9.34 8.40 9.05 8.61 8.61 8.61 9.05 9.64 12.05 11.97 12.26 12.26 12.70 14.31 13.21 10.51 10.88 11.97 10.00 6.94 5.33 4.74 3.65 4.89 6.86 5.04 3.87 2.48 1.90 2.77 3.80 0.00 7.37 11.46 16.06 17.37 17.37 17.01 14.97 11.61 10.51 8.18 7.52
12.70 12.70 13.29 11.46 10.51 9.27 9.34 10.51 11.10 11.61 11.32 11.90 12.41 12.63 11.68 11.10 7.52 5.99 5.84 6.57 5.77 6.35 7.30 9.27 9.20 8.98 8.98 8.98 10.59 11.53 11.02 9.78 9.78 10.15 9.42 12.63 8.69 4.53 6.86 8.83 7.96 7.59 7.96 7.15 7.52 7.96 10.00 12.05 12.26 12.56 13.21 13.21 13.87 13.87 14.38 13.87 11.83 10.88 8.83 7.23 6.57 9.13 8.32 5.55 5.18 2.56 2.04 0.00 2.41 2.63 0.00 0.00 0.00 0.00 6.06 8.32 8.32 8.98 7.37 9.64 12.63 14.02 13.51
16.06 16.06 15.62 10.88 10.44 9.86 10.66 9.93 11.46 11.46 10.51 11.24 12.19 12.48 10.44 7.66 6.06 6.35 6.86 7.37 8.47 9.05 11.39 12.92 14.31 13.29 13.29 11.90 10.73 10.29 8.83 7.88 7.30 7.15 8.76 11.83 8.61 8.47 12.41 11.75 9.34 9.93 11.10 10.44 10.44 8.61 7.59 14.67 14.02 16.50 14.97 14.97 15.70 16.57 15.62 15.77 14.53 13.21 12.05 12.41 9.20 8.25 9.93 13.58 11.61 4.02 3.21 0.00 4.23 0.00 0.00 0.00 0.00 0.00 0.00 0.00 0.00 2.63 5.91 7.88 8.91 11.02 9.93
15.18 15.18 15.91 12.99 12.56 12.05 10.80 11.39 10.51 11.17 10.59 10.29 9.71 8.83 7.81 6.79 6.94 8.03 8.40 8.83 11.02 13.14 12.99 12.34 13.36 13.14 13.14 12.99 11.46 10.37 9.13 8.61 9.13 7.88 6.72 8.40 11.68 13.80 13.87 11.10 9.42 11.02 12.56 11.68 12.19 10.73 16.86 18.03 17.16 16.35 15.11 15.11 13.43 12.92 11.32 10.00 10.37 10.44 12.34 14.67 14.97 14.09 16.13 15.11 11.39 6.57 5.69 6.64 6.42 5.69 4.96 3.65 3.29 2.77 0.00 0.00 0.00 0.00 6.50 11.46 14.24 13.72 11.10
14.75 14.75 12.63 14.45 13.94 11.61 7.96 8.25 7.15 7.37 8.47 9.71 10.37 11.24 11.32 11.24 12.56 13.29 0.00 0.00 12.92 15.55 14.89 12.26 14.24 14.45 14.45 13.29 12.70 11.75 11.83 12.48 12.56 13.51 14.53 15.62 15.62 14.60 14.31 15.18 13.43 13.58 13.58 14.24 14.31 18.69 18.47 17.59 17.30 14.24 10.07 10.07 10.59 10.59 10.88 10.88 11.61 9.93 8.40 10.80 10.51 9.71 8.98 8.98 9.93 10.73 10.51 8.40 4.96 4.23 5.11 0.00 3.87 0.00 0.00 1.97 1.97 2.92 7.01 10.80 13.72 12.26 13.14
14.75 14.75 12.63 14.45 13.94 11.61 7.96 8.25 7.15 7.37 8.47 9.71 10.37 11.24 11.32 11.24 12.56 13.29 0.00 0.00 12.92 15.55 14.89 12.26 14.24 14.45 14.45 13.29 12.70 11.75 11.83 12.48 12.56 13.51 14.53 15.62 15.62 14.60 14.31 15.18 13.43 13.58 13.58 14.24 14.31 18.69 18.47 17.59 17.30 14.24 10.07 10.07 10.59 10.59 10.88 10.88 11.61 9.93 8.40 10.80 10.51 9.71 8.98 8.98 9.93 10.73 10.51 8.40 4.96 4.23 5.11 0.00 3.87 0.00 0.00 1.97 1.97 2.92 7.01 10.80 13.72 12.26 13.14
17.01 17.01 10.66 11.32 14.16 15.18 14.89 11.10 8.10 9.05 8.69 9.05 9.71 11.83 13.72 15.33 13.94 13.72 12.70 0.00 0.00 0.00 16.50 15.26 15.11 17.30 17.30 15.84 15.26 17.74 19.86 19.13 16.86 17.74 18.25 18.03 17.45 19.20 18.03 17.01 16.50 15.84 16.72 16.57 19.71 19.71 19.64 17.23 18.40 15.11 11.53 11.53 12.12 14.53 16.06 15.91 13.72 10.88 10.00 9.71 8.98 9.05 9.93 9.78 11.53 12.56 11.32 9.05 6.86 5.55 4.60 4.31 4.02 4.31 4.45 3.50 3.50 4.45 6.28 7.88 11.39 12.78 7.08
10.95 10.95 10.80 11.24 13.65 13.36 12.85 9.71 8.47 10.00 8.32 8.69 10.07 12.92 12.19 12.19 0.00 0.00 12.34 11.90 0.00 0.00 17.30 18.54 13.87 13.21 13.21 15.70 17.81 19.42 20.00 20.66 20.95 20.22 21.17 21.97 20.51 18.83 18.10 19.56 21.53 21.61 22.34 19.93 19.05 18.25 17.89 15.70 17.52 17.67 16.21 16.21 12.56 13.65 15.77 16.79 16.06 14.53 13.72 11.46 10.07 10.44 13.65 13.94 14.31 15.77 17.37 17.08 16.06 13.07 10.00 9.86 10.88 11.32 9.56 5.84 5.84 6.20 8.47 14.89 12.19 10.80 7.01
7.81 7.81 7.88 9.27 8.40 8.03 0.00 6.42 5.99 8.10 9.86 9.34 9.71 10.37 11.90 12.26 0.00 0.00 0.00 0.00 16.21 14.97 15.62 15.91 14.38 12.34 12.34 13.21 13.87 14.60 17.01 19.71 20.08 20.22 20.51 20.59 21.39 22.34 22.56 23.21 24.75 23.73 23.07 19.78 18.76 13.07 9.49 10.44 11.17 9.86 12.85 12.85 15.26 16.86 16.72 17.45 18.91 19.35 19.20 19.71 18.25 15.84 16.50 18.69 20.00 20.15 20.51 21.10 19.05 17.45 16.94 18.83 19.86 20.51 17.89 11.75 11.75 7.59 9.93 17.08 18.03 14.16 10.66
7.88 7.88 6.72 6.72 6.20 0.00 0.00 8.69 11.02 10.51 8.54 6.20 7.81 8.10 10.51 0.00 0.00 0.00 0.00 0.00 16.64 15.33 12.70 11.39 10.29 11.24 11.24 13.14 14.24 13.94 14.02 16.35 18.32 19.86 20.88 21.61 21.53 22.12 23.43 23.36 20.44 20.81 16.94 10.73 9.05 6.06 4.09 0.00 2.48 5.04 9.20 9.20 14.53 14.31 13.21 12.78 13.43 15.70 18.32 18.47 18.40 17.81 16.72 17.52 20.88 21.53 21.02 19.93 17.45 17.08 18.03 21.24 24.82 26.65 25.55 20.66 20.66 12.78 10.37 14.38 13.87 14.16 14.67
9.56 9.56 9.56 9.27 12.05 9.20 8.32 11.32 12.56 9.93 5.77 5.11 6.35 5.84 0.00 0.00 12.99 11.46 10.80 10.51 11.97 11.75 10.29 9.93 9.34 10.29 10.29 13.51 13.43 14.02 14.24 16.06 19.05 21.10 21.32 20.95 20.37 21.68 23.14 19.56 14.67 16.21 10.07 6.79 5.40 4.96 0.00 2.48 5.48 6.06 3.50 3.50 4.38 6.79 8.61 8.91 8.32 10.44 12.78 14.97 15.40 14.60 17.01 17.45 18.40 18.83 18.69 19.13 18.61 16.35 15.26 16.86 20.15 21.61 22.56 22.56 22.56 18.83 14.89 13.65 14.60 16.86 19.71
9.56 9.56 9.56 9.27 12.05 9.20 8.32 11.32 12.56 9.93 5.77 5.11 6.35 5.84 0.00 0.00 12.99 11.46 10.80 10.51 11.97 11.75 10.29 9.93 9.34 10.29 10.29 13.51 13.43 14.02 14.24 16.06 19.05 21.10 21.32 20.95 20.37 21.68 23.14 19.56 14.67 16.21 10.07 6.79 5.40 4.96 0.00 2.48 5.48 6.06 3.50 3.50 4.38 6.79 8.61 8.91 8.32 10.44 12.78 14.97 15.40 14.60 17.01 17.45 18.40 18.83 18.69 19.13 18.61 16.35 15.26 16.86 20.15 21.61 22.56 22.56 22.56 18.83 14.89 13.65 14.60 16.86 19.71
8.10 8.10 8.76 8.32 8.40 8.47 10.37 0.00 0.00 0.00 7.01 6.64 5.77 4.96 0.00 0.00 0.00 8.76 8.91 7.66 9.13 9.86 8.40 6.72 10.00 13.07 13.07 16.13 16.06 14.31 14.24 16.35 20.29 22.70 22.12 21.02 18.83 18.69 17.01 12.63 11.53 9.64 10.51 9.20 6.64 4.67 7.23 9.64 12.99 13.21 10.37 10.37 9.13 8.83 7.23 5.62 4.53 6.28 8.98 12.63 15.48 16.28 15.33 15.77 17.45 19.20 19.78 18.47 18.98 16.28 14.45 14.45 14.82 16.64 19.78 21.02 21.02 21.90 19.42 18.25 19.86 21.17 21.68
12.85 12.85 11.24 6.94 9.71 12.05 10.07 8.61 0.00 0.00 8.83 8.10 6.64 0.00 0.00 0.00 0.00 8.61 6.57 6.28 5.91 6.13 6.86 8.47 10.37 14.24 14.24 17.96 17.45 17.89 17.74 19.42 20.51 20.29 20.29 17.45 12.78 10.51 7.74 6.50 8.76 7.74 12.92 15.99 13.29 9.13 8.91 11.68 14.09 15.18 16.64 16.64 14.24 12.05 9.13 6.06 5.55 6.13 6.79 11.90 15.91 15.26 13.58 14.02 14.67 16.79 16.64 16.28 17.89 17.52 16.72 16.21 16.72 17.45 16.06 18.91 18.91 21.10 18.61 16.50 18.69 19.20 17.23
14.53 14.53 10.95 9.42 11.61 10.80 8.25 6.35 4.74 5.11 0.00 0.00 0.00 5.33 0.00 0.00 8.54 9.05 7.66 5.11 4.02 2.92 6.20 10.51 13.65 17.89 17.89 18.18 18.76 20.51 21.17 20.37 21.75 21.17 16.57 8.47 5.99 5.77 4.09 5.26 2.63 3.80 6.64 12.12 14.38 12.70 14.31 14.53 11.32 10.88 14.16 14.16 14.45 10.88 10.22 7.88 8.61 8.91 9.56 11.61 14.16 12.85 12.99 12.78 12.99 13.21 14.97 15.84 17.37 19.27 18.76 18.76 20.15 19.56 18.03 18.18 18.18 16.86 15.70 12.78 13.07 12.26 10.88
12.05 12.05 10.29 11.75 11.90 9.49 7.81 8.32 6.72 5.84 0.00 0.00 6.13 6.64 5.18 5.77 6.57 6.20 5.26 4.45 4.74 5.91 8.10 10.73 12.63 15.70 15.70 18.25 17.37 16.21 18.03 18.98 21.17 17.96 10.44 5.77 5.11 3.43 3.94 5.11 0.00 2.77 4.89 9.93 11.32 12.19 13.07 12.85 11.46 11.90 13.21 13.21 11.32 9.49 9.49 10.07 10.95 11.24 10.29 9.93 12.48 12.12 14.89 14.82 14.53 15.26 15.70 15.48 19.78 20.29 17.08 16.28 14.16 15.33 20.44 19.20 19.20 14.97 10.07 11.17 11.17 10.07 10.88
6.50 6.50 5.77 7.88 0.00 6.28 6.79 10.73 9.42 7.15 5.99 6.42 6.28 7.66 7.52 6.57 6.06 3.72 2.85 2.41 3.65 8.32 11.39 7.81 7.01 9.42 9.42 12.26 12.34 12.05 12.70 13.21 15.40 11.24 8.69 7.23 5.33 5.11 0.00 0.00 4.31 4.89 6.42 6.42 5.55 4.96 4.82 6.64 6.94 10.80 13.07 13.07 8.83 8.76 11.83 10.95 10.07 10.80 10.80 9.64 11.17 13.36 13.29 12.85 14.24 16.50 16.72 13.87 16.06 15.18 13.87 15.18 12.34 8.40 10.95 8.10 8.10 10.66 9.78 10.88 9.71 5.77 6.06
0.00 0.00 0.00 0.00 0.00 6.20 10.88 12.19 8.69 9.13 7.23 7.52 7.96 8.83 8.69 8.54 7.08 5.04 3.14 0.00 3.50 4.16 3.65 2.41 2.63 5.33 5.33 5.62 3.80 2.56 0.00 0.00 2.26 6.94 6.79 5.48 6.20 6.28 6.50 6.35 4.82 3.80 3.87 4.67 0.00 0.00 3.94 0.00 3.29 6.42 11.24 11.24 12.63 12.48 14.09 12.26 8.83 6.35 6.42 10.00 13.94 16.64 17.74 16.79 17.08 18.54 17.96 15.11 14.38 13.58 7.74 7.66 8.54 0.00 6.72 17.45 17.45 18.47 17.01 16.50 15.40 10.80 7.45
0.00 0.00 0.00 0.00 0.00 6.20 10.88 12.19 8.69 9.13 7.23 7.52 7.96 8.83 8.69 8.54 7.08 5.04 3.14 0.00 3.50 4.16 3.65 2.41 2.63 5.33 5.33 5.62 3.80 2.56 0.00 0.00 2.26 6.94 6.79 5.48 6.20 6.28 6.50 6.35 4.82 3.80 3.87 4.67 0.00 0.00 3.94 0.00 3.29 6.42 11.24 11.24 12.63 12.48 14.09 12.26 8.83 6.35 6.42 10.00 13.94 16.64 17.74 16.79 17.08 18.54 17.96 15.11 14.38 13.58 7.74 7.66 8.54 0.00 6.72 17.45 17.45 18.47 17.01 16.50 15.40 10.80 7.45
0.00 0.00 0.00 0.00 3.43 11.02 11.17 9.13 9.27 8.83 7.96 8.98 8.83 8.83 7.45 7.01 7.74 4.53 4.89 9.34 8.98 3.36 0.00 0.00 0.00 0.00 0.00 0.00 0.00 0.00 0.00 0.00 0.00 4.67 9.42 4.67 5.04 5.33 0.00 4.60 0.00 4.31 4.02 4.16 4.09 0.00 2.85 0.00 4.23 5.77 10.51 10.51 15.18 16.79 13.29 9.20 6.20 6.06 9.49 15.55 19.64 21.53 22.05 21.02 21.61 22.56 22.34 22.56 22.63 23.58 22.92 20.15 18.25 17.96 24.24 23.21 23.21 21.32 21.24 22.78 21.83 21.90 16.28
