Wansh/Snow_depth/snowdepth-1982/winter/1983042.txt
ncols 321
nrows 161
xllcenter 60
yllcenter 15 
cellsize  0.25 
NODATA_value -1
[rows 0 to 36 of 161, columns 0 to 82 of 321]
9.42 9.42 11.90 12.56 12.26 11.24 12.85 14.97 16.13 15.18 13.43 13.72 15.40 15.18 16.72 15.48 14.09 13.94 16.13 15.99 14.16 15.18 17.74 17.74 17.74 18.61 18.61 17.08 15.62 16.21 19.49 20.15 18.61 17.37 16.13 15.84 17.45 17.74 17.59 19.05 19.35 17.81 17.37 17.74 17.74 19.93 20.08 23.58 23.00 22.56 22.19 22.19 19.86 18.91 19.49 20.22 22.63 23.14 23.80 21.61 22.41 22.56 22.92 21.53 21.32 22.34 21.17 20.59 19.71 16.79 15.33 17.74 19.86 19.20 20.51 20.81 20.81 20.66 19.93 18.83 21.75 20.44 20.73
13.21 13.21 14.02 15.70 15.91 14.53 14.02 15.33 15.11 13.72 13.07 13.07 13.21 14.38 15.11 13.51 11.90 13.14 14.53 14.67 16.06 17.16 16.43 15.04 14.82 14.60 14.60 15.77 15.91 15.04 16.57 17.74 17.30 15.91 15.99 15.77 16.50 18.54 19.78 19.49 19.35 18.54 17.96 18.61 19.42 19.05 19.42 21.61 21.61 20.37 21.32 21.32 17.89 16.50 17.74 18.76 18.76 17.45 18.47 18.69 17.89 18.18 18.03 19.35 20.59 20.59 16.94 13.36 12.19 13.36 13.51 17.37 20.37 19.86 20.00 21.10 21.10 21.24 20.73 19.93 19.78 19.56 19.27
15.77 15.77 13.51 13.87 13.72 13.87 14.38 13.65 13.29 13.21 13.36 12.05 10.88 10.22 10.44 10.37 11.68 12.41 13.94 14.24 14.75 16.72 14.31 12.19 11.46 12.85 12.85 14.60 14.97 13.94 14.38 14.02 12.99 14.60 14.67 15.33 15.40 17.67 18.54 18.54 17.52 15.55 16.06 15.70 15.84 16.50 18.25 18.32 17.59 15.48 15.70 15.70 14.89 12.34 11.53 12.19 13.43 14.89 15.33 15.26 15.26 16.21 17.16 18.10 18.76 18.91 16.94 15.91 16.64 18.18 18.25 19.13 19.05 20.15 17.81 19.35 19.35 20.59 19.64 19.20 17.23 17.52 18.98
15.77 15.77 13.51 13.87 13.72 13.87 14.38 13.65 13.29 13.21 13.36 12.05 10.88 10.22 10.44 10.37 11.68 12.41 13.94 14.24 14.75 16.72 14.31 12.19 11.46 12.85 12.85 14.60 14.97 13.94 14.38 14.02 12.99 14.60 14.67 15.33 15.40 17.67 18.54 18.54 17.52 15.55 16.06 15.70 15.84 16.50 18.25 18.32 17.59 15.48 15.70 15.70 14.89 12.34 11.53 12.19 13.43 14.89 15.33 15.26 15.26 16.21 17.16 18.10 18.76 18.91 16.94 15.91 16.64 18.18 18.25 19.13 19.05 20.15 17.81 19.35 19.35 20.59 19.64 19.20 17.23 17.52 18.98
10.44 10.44 10.66 11.10 11.46 10.07 10.37 10.80 10.66 11.02 9.05 7.66 6.35 5.99 7.23 8.54 8.54 8.61 10.37 9.93 10.15 9.64 8.10 10.22 9.78 11.68 11.68 12.92 11.97 12.12 12.92 12.78 12.05 12.48 13.51 13.51 12.92 13.43 13.94 13.72 12.56 13.14 14.16 14.31 15.77 13.94 15.33 15.77 14.75 13.21 13.21 13.21 11.68 11.61 11.24 11.61 12.05 12.34 13.87 13.58 15.40 15.70 16.13 15.77 15.04 14.82 15.04 15.55 16.28 17.16 18.54 18.76 18.40 19.20 20.51 19.64 19.64 19.49 17.89 17.59 17.59 17.67 16.35
10.66 10.66 10.95 10.51 10.66 10.37 8.83 6.64 6.28 5.55 5.91 7.08 6.86 7.01 7.15 7.08 7.30 5.84 5.69 6.94 8.03 8.32 8.40 9.34 8.91 10.95 10.95 11.75 11.97 11.46 12.99 13.72 13.43 12.63 11.46 9.42 7.88 8.61 9.86 10.07 9.42 9.56 12.34 13.14 12.99 11.75 11.02 13.07 13.07 11.61 9.78 9.78 9.49 10.88 11.97 11.53 10.66 10.15 9.93 10.44 12.05 13.36 13.36 12.70 12.12 11.24 13.29 14.89 15.91 16.72 19.35 18.61 17.74 18.61 19.56 20.15 20.15 19.42 19.35 20.44 18.18 18.18 18.91
10.51 10.51 8.61 7.74 8.25 7.96 6.64 5.99 6.50 6.64 6.28 8.40 10.07 8.98 8.61 7.52 7.01 7.52 4.60 2.77 5.48 4.96 5.04 7.66 14.38 12.92 12.92 13.07 12.26 13.43 14.24 13.94 13.51 13.07 11.17 8.61 7.66 8.32 9.42 9.13 9.05 9.13 10.00 11.46 12.05 12.63 12.34 11.10 9.86 7.66 7.08 7.08 7.08 9.42 13.14 14.45 12.99 13.07 12.34 11.97 10.44 10.66 11.53 10.95 10.73 10.95 12.41 14.24 17.23 15.40 15.84 16.64 17.01 17.45 17.96 19.27 19.27 20.08 20.22 20.29 18.76 18.18 20.15
10.51 10.51 8.61 7.74 8.25 7.96 6.64 5.99 6.50 6.64 6.28 8.40 10.07 8.98 8.61 7.52 7.01 7.52 4.60 2.77 5.48 4.96 5.04 7.66 14.38 12.92 12.92 13.07 12.26 13.43 14.24 13.94 13.51 13.07 11.17 8.61 7.66 8.32 9.42 9.13 9.05 9.13 10.00 11.46 12.05 12.63 12.34 11.10 9.86 7.66 7.08 7.08 7.08 9.42 13.14 14.45 12.99 13.07 12.34 11.97 10.44 10.66 11.53 10.95 10.73 10.95 12.41 14.24 17.23 15.40 15.84 16.64 17.01 17.45 17.96 19.27 19.27 20.08 20.22 20.29 18.76 18.18 20.15
8.61 8.61 6.20 4.82 5.77 6.50 7.23 7.01 7.81 7.96 8.18 8.61 9.05 9.64 10.07 9.64 9.20 8.91 6.42 4.74 6.42 6.64 6.20 14.02 14.09 12.05 12.05 13.36 14.16 13.36 13.36 13.94 12.12 12.26 11.32 10.51 9.86 10.59 11.39 10.51 9.05 7.66 10.00 11.90 10.88 11.17 12.70 9.71 8.83 8.91 7.37 7.37 7.45 10.00 12.12 13.87 14.02 12.99 12.70 11.97 12.05 10.88 10.00 10.88 11.53 11.61 13.43 16.13 16.86 17.16 17.67 16.72 15.91 18.25 19.93 20.37 20.37 20.44 15.91 17.89 18.61 19.71 20.44
6.86 6.86 5.77 4.74 6.50 6.79 7.15 7.23 5.84 4.89 6.86 8.18 10.80 12.48 12.05 10.51 10.15 9.78 10.07 9.78 11.02 9.71 14.67 15.55 14.45 13.43 13.43 13.29 14.53 15.33 15.11 15.40 15.77 15.18 13.51 11.02 11.46 12.56 13.29 13.87 13.80 10.95 10.07 9.56 9.56 9.42 10.22 10.07 9.93 11.46 10.73 10.73 9.34 8.76 8.25 8.61 9.71 11.17 14.16 16.43 15.18 15.11 14.31 13.65 13.51 13.07 13.14 14.38 15.33 15.48 15.62 15.70 15.91 16.79 17.89 16.94 16.94 15.84 16.13 17.08 16.06 16.72 16.64
7.45 7.45 7.15 7.08 7.96 7.37 7.15 8.10 7.66 7.66 7.52 6.57 7.15 7.88 7.59 6.35 7.15 9.78 11.61 11.75 11.90 10.15 13.21 14.53 15.11 13.58 13.58 13.65 14.09 14.67 15.04 16.50 15.91 15.11 15.70 14.97 14.09 12.56 12.63 13.58 13.72 12.99 10.51 11.46 10.00 11.39 9.86 8.40 9.56 11.39 12.41 12.41 11.02 10.73 9.27 7.88 9.78 11.83 15.48 15.11 16.13 17.08 17.01 17.37 16.72 15.18 12.41 13.14 15.99 17.45 16.94 16.64 16.21 16.35 16.57 16.50 16.50 17.52 17.52 16.21 14.31 14.75 16.72
7.45 7.45 7.15 7.08 7.96 7.37 7.15 8.10 7.66 7.66 7.52 6.57 7.15 7.88 7.59 6.35 7.15 9.78 11.61 11.75 11.90 10.15 13.21 14.53 15.11 13.58 13.58 13.65 14.09 14.67 15.04 16.50 15.91 15.11 15.70 14.97 14.09 12.56 12.63 13.58 13.72 12.99 10.51 11.46 10.00 11.39 9.86 8.40 9.56 11.39 12.41 12.41 11.02 10.73 9.27 7.88 9.78 11.83 15.48 15.11 16.13 17.08 17.01 17.37 16.72 15.18 12.41 13.14 15.99 17.45 16.94 16.64 16.21 16.35 16.57 16.50 16.50 17.52 17.52 16.21 14.31 14.75 16.72
10.22 10.22 11.39 10.07 7.96 6.79 7.45 8.76 8.10 9.34 8.98 8.10 5.99 7.37 8.40 7.96 8.47 9.93 12.56 13.94 13.36 13.94 12.26 11.24 9.34 12.26 12.26 14.24 17.08 17.59 16.72 14.60 13.36 12.12 13.51 15.55 14.09 14.38 13.65 13.72 14.60 15.18 16.64 15.48 12.99 12.85 11.53 11.02 10.95 10.95 11.39 11.39 12.92 10.95 9.78 8.61 11.17 13.21 13.72 14.09 14.53 14.67 14.67 15.99 17.45 17.01 14.31 13.87 15.77 17.16 19.13 17.67 15.77 13.14 11.46 12.99 12.99 14.67 17.59 18.18 18.25 17.89 13.51
14.97 14.97 13.58 13.43 13.43 12.56 11.90 11.97 12.78 13.80 13.36 11.90 11.24 12.48 13.94 13.14 10.15 10.44 10.22 12.41 14.75 14.97 12.99 10.73 10.37 12.56 12.56 14.16 13.36 13.51 12.48 12.34 10.44 10.07 10.37 11.46 12.05 11.83 11.61 10.73 10.80 11.75 14.53 14.31 12.70 11.97 11.17 11.32 11.17 10.95 10.95 10.95 11.53 11.02 10.80 11.24 12.34 13.21 14.09 14.89 13.14 8.69 10.07 11.39 12.70 14.89 15.77 16.57 17.30 18.25 19.93 20.00 18.18 20.29 16.79 16.06 16.06 15.26 17.30 17.74 16.50 13.87 9.56
12.56 12.56 12.05 11.10 12.70 12.92 10.80 11.24 11.97 12.78 13.21 11.75 12.34 11.46 12.12 12.48 10.37 9.34 10.07 15.26 14.53 14.38 10.95 9.93 8.76 8.76 8.76 11.24 9.42 8.32 8.69 8.47 8.10 8.47 10.44 11.17 10.44 9.13 10.22 11.39 12.34 11.75 12.85 13.72 14.89 12.56 11.32 11.39 12.78 12.19 11.32 11.32 10.07 8.18 8.47 10.73 12.12 12.26 15.77 17.16 13.72 9.86 8.98 9.27 8.25 8.25 12.78 14.82 14.24 14.16 16.57 20.59 19.71 18.54 17.16 15.33 15.33 14.24 13.14 12.63 12.85 12.48 12.78
11.68 11.68 12.05 13.43 13.72 13.07 11.61 11.61 11.68 13.72 14.82 14.45 13.43 12.99 13.07 11.83 10.44 9.20 15.70 13.29 11.53 10.95 10.95 10.37 7.88 7.01 7.01 7.01 6.64 7.30 8.54 8.98 10.37 10.95 10.95 10.88 10.73 10.66 10.00 10.80 11.53 12.56 12.92 10.95 10.80 11.53 13.87 14.82 12.41 11.97 11.17 11.17 10.88 12.34 11.90 10.44 11.97 12.56 14.31 13.80 10.51 6.50 5.77 5.77 6.72 7.45 9.56 11.75 8.98 10.15 14.09 16.72 18.47 18.18 16.35 13.65 13.65 11.97 12.85 13.07 11.68 11.02 8.54
11.68 11.68 12.05 13.43 13.72 13.07 11.61 11.61 11.68 13.72 14.82 14.45 13.43 12.99 13.07 11.83 10.44 9.20 15.70 13.29 11.53 10.95 10.95 10.37 7.88 7.01 7.01 7.01 6.64 7.30 8.54 8.98 10.37 10.95 10.95 10.88 10.73 10.66 10.00 10.80 11.53 12.56 12.92 10.95 10.80 11.53 13.87 14.82 12.41 11.97 11.17 11.17 10.88 12.34 11.90 10.44 11.97 12.56 14.31 13.80 10.51 6.50 5.77 5.77 6.72 7.45 9.56 11.75 8.98 10.15 14.09 16.72 18.47 18.18 16.35 13.65 13.65 11.97 12.85 13.07 11.68 11.02 8.54
13.14 13.14 12.78 11.02 12.34 10.95 11.32 13.43 14.16 14.67 15.26 15.70 14.97 14.24 13.65 13.36 10.80 9.93 13.80 12.78 11.32 10.22 9.71 11.46 10.07 8.18 8.18 8.03 9.56 9.20 9.42 10.51 10.66 10.73 9.93 8.40 8.18 10.95 12.99 13.36 11.17 12.48 10.95 10.80 10.29 11.83 13.94 12.78 12.05 11.97 12.26 12.26 12.70 14.31 13.21 10.51 10.88 11.97 10.00 6.94 5.33 4.74 3.65 4.89 6.86 5.04 3.87 2.48 1.90 2.77 3.80 0.00 7.37 11.46 16.06 17.37 17.37 17.01 14.97 11.61 10.51 8.18 7.52
12.70 12.70 13.29 13.51 11.68 11.24 13.29 14.60 14.38 14.53 14.31 14.75 16.06 16.35 14.53 12.92 11.02 10.80 10.80 12.26 12.56 11.10 11.46 11.83 12.56 11.10 11.10 10.37 11.10 11.17 9.56 9.13 10.29 8.69 11.46 13.43 9.78 9.05 11.10 12.78 13.21 11.90 12.48 12.34 10.44 11.68 12.48 12.05 12.26 12.56 13.21 13.21 13.87 13.87 14.38 13.87 11.83 10.88 8.83 7.23 6.57 9.13 8.32 5.55 5.18 2.56 2.04 0.00 2.41 2.63 0.00 0.00 0.00 0.00 6.06 8.32 8.32 8.98 7.37 9.64 12.63 14.02 13.51
16.06 16.06 15.62 14.31 13.36 13.58 14.89 15.33 14.53 13.07 13.21 13.51 14.38 13.65 12.12 12.56 6.86 7.30 9.49 11.68 12.41 12.85 14.24 13.58 13.21 13.80 13.80 12.34 11.53 9.78 8.76 8.83 8.61 7.45 11.10 18.98 8.91 8.98 12.34 13.51 13.72 12.70 12.92 15.18 12.92 11.68 13.21 14.67 14.02 16.50 14.97 14.97 15.70 16.57 15.62 15.77 14.53 13.21 12.05 12.41 9.20 8.25 9.93 13.58 11.61 4.02 3.21 0.00 4.23 0.00 0.00 0.00 0.00 0.00 0.00 0.00 0.00 2.63 5.91 7.88 8.91 11.02 9.93
15.18 15.18 15.91 16.57 16.43 15.26 14.89 15.04 13.87 12.99 14.38 14.24 12.56 10.22 10.22 6.42 4.38 6.28 8.25 11.46 14.09 14.97 15.84 15.11 15.55 14.89 14.89 14.09 13.43 12.48 10.59 9.64 9.56 8.10 8.03 11.24 12.78 14.60 17.45 15.84 14.38 14.09 13.14 11.83 13.07 12.26 16.86 18.03 17.16 16.35 15.11 15.11 13.43 12.92 11.32 10.00 10.37 10.44 12.34 14.67 14.97 14.09 16.13 15.11 11.39 6.57 5.69 6.64 6.42 5.69 4.96 3.65 3.29 2.77 0.00 0.00 0.00 0.00 6.50 11.46 14.24 13.72 11.10
14.75 14.75 17.23 19.93 20.44 17.08 14.09 12.05 11.24 12.19 13.14 14.24 13.43 12.05 11.02 10.07 10.00 9.71 11.02 14.38 16.72 17.30 16.50 14.97 16.13 17.37 17.37 15.18 13.65 13.80 14.31 13.21 12.26 13.21 15.33 17.52 16.86 16.94 16.86 16.28 15.18 15.40 15.55 17.30 20.59 18.69 18.47 17.59 17.30 14.24 10.07 10.07 10.59 10.59 10.88 10.88 11.61 9.93 8.40 10.80 10.51 9.71 8.98 8.98 9.93 10.73 10.51 8.40 4.96 4.23 5.11 0.00 3.87 0.00 0.00 1.97 1.97 2.92 7.01 10.80 13.72 12.26 13.14
14.75 14.75 17.23 19.93 20.44 17.08 14.09 12.05 11.24 12.19 13.14 14.24 13.43 12.05 11.02 10.07 10.00 9.71 11.02 14.38 16.72 17.30 16.50 14.97 16.13 17.37 17.37 15.18 13.65 13.80 14.31 13.21 12.26 13.21 15.33 17.52 16.86 16.94 16.86 16.28 15.18 15.40 15.55 17.30 20.59 18.69 18.47 17.59 17.30 14.24 10.07 10.07 10.59 10.59 10.88 10.88 11.61 9.93 8.40 10.80 10.51 9.71 8.98 8.98 9.93 10.73 10.51 8.40 4.96 4.23 5.11 0.00 3.87 0.00 0.00 1.97 1.97 2.92 7.01 10.80 13.72 12.26 13.14
17.01 17.01 17.23 18.40 19.35 18.76 15.40 10.66 9.05 10.73 11.17 8.83 9.13 10.59 13.43 12.12 12.63 10.59 10.73 13.21 15.70 18.47 18.32 16.64 16.43 16.72 16.72 16.21 16.43 18.69 19.78 19.78 17.96 18.40 20.08 20.15 18.61 18.54 16.43 16.43 17.67 17.59 18.83 19.64 19.71 19.71 19.64 17.23 18.40 15.11 11.53 11.53 12.12 14.53 16.06 15.91 13.72 10.88 10.00 9.71 8.98 9.05 9.93 9.78 11.53 12.56 11.32 9.05 6.86 5.55 4.60 4.31 4.02 4.31 4.45 3.50 3.50 4.45 6.28 7.88 11.39 12.78 7.08
14.67 14.67 14.75 15.18 15.91 16.28 13.21 8.98 8.32 8.54 7.66 6.57 6.57 11.02 12.41 12.12 0.00 0.00 0.00 0.00 13.72 14.24 15.91 15.99 13.87 13.65 13.65 14.53 16.79 18.91 21.10 21.46 20.81 21.32 22.48 22.05 20.08 20.08 21.02 19.35 22.92 23.29 23.94 22.19 19.05 18.25 17.89 15.70 17.52 17.67 16.21 16.21 12.56 13.65 15.77 16.79 16.06 14.53 13.72 11.46 10.07 10.44 13.65 13.94 14.31 15.77 17.37 17.08 16.06 13.07 10.00 9.86 10.88 11.32 9.56 5.84 5.84 6.20 8.47 14.89 12.19 10.80 7.01
8.25 8.25 7.74 7.81 11.02 11.53 10.15 7.96 0.00 5.33 6.79 4.23 5.48 9.93 0.00 0.00 0.00 0.00 0.00 0.00 0.00 13.14 14.02 14.38 14.60 14.09 14.09 14.38 15.40 16.06 16.28 19.93 19.71 20.51 20.37 20.44 22.41 25.70 24.75 24.82 26.94 25.04 21.39 19.78 18.76 13.07 9.49 10.44 11.17 9.86 12.85 12.85 15.26 16.86 16.72 17.45 18.91 19.35 19.20 19.71 18.25 15.84 16.50 18.69 20.00 20.15 20.51 21.10 19.05 17.45 16.94 18.83 19.86 20.51 17.89 11.75 11.75 7.59 9.93 17.08 18.03 14.16 10.66
11.68 11.68 11.68 13.36 14.75 11.02 9.78 0.00 0.00 6.35 6.13 4.16 10.66 9.71 10.44 11.17 0.00 0.00 0.00 0.00 0.00 16.13 12.85 11.97 12.99 11.46 11.46 13.51 16.57 14.75 16.13 19.05 19.78 20.37 20.37 21.61 23.51 26.86 26.57 28.03 23.36 20.08 16.94 10.73 9.05 6.06 4.09 0.00 2.48 5.04 9.20 9.20 14.53 14.31 13.21 12.78 13.43 15.70 18.32 18.47 18.40 17.81 16.72 17.52 20.88 21.53 21.02 19.93 17.45 17.08 18.03 21.24 24.82 26.65 25.55 20.66 20.66 12.78 10.37 14.38 13.87 14.16 14.67
13.14 13.14 14.53 16.06 16.43 12.34 11.24 11.53 0.00 6.86 4.09 4.96 9.13 5.04 6.35 11.24 9.64 0.00 0.00 0.00 12.78 11.83 10.73 10.80 12.34 13.07 13.07 13.65 13.87 13.58 15.48 17.67 19.27 20.59 21.24 21.83 23.36 22.92 24.89 22.56 16.13 11.39 10.07 6.79 5.40 4.96 0.00 2.48 5.48 6.06 3.50 3.50 4.38 6.79 8.61 8.91 8.32 10.44 12.78 14.97 15.40 14.60 17.01 17.45 18.40 18.83 18.69 19.13 18.61 16.35 15.26 16.86 20.15 21.61 22.56 22.56 22.56 18.83 14.89 13.65 14.60 16.86 19.71
13.14 13.14 14.53 16.06 16.43 12.34 11.24 11.53 0.00 6.86 4.09 4.96 9.13 5.04 6.35 11.24 9.64 0.00 0.00 0.00 12.78 11.83 10.73 10.80 12.34 13.07 13.07 13.65 13.87 13.58 15.48 17.67 19.27 20.59 21.24 21.83 23.36 22.92 24.89 22.56 16.13 11.39 10.07 6.79 5.40 4.96 0.00 2.48 5.48 6.06 3.50 3.50 4.38 6.79 8.61 8.91 8.32 10.44 12.78 14.97 15.40 14.60 17.01 17.45 18.40 18.83 18.69 19.13 18.61 16.35 15.26 16.86 20.15 21.61 22.56 22.56 22.56 18.83 14.89 13.65 14.60 16.86 19.71
11.53 11.53 12.63 12.70 13.51 11.97 0.00 0.00 0.00 0.00 0.00 5.40 5.91 3.14 0.00 0.00 0.00 0.00 0.00 8.40 11.39 10.95 8.54 9.13 11.10 13.65 13.65 15.99 15.26 14.89 15.62 17.59 20.73 22.92 23.87 24.38 18.32 20.22 17.96 14.16 10.80 9.64 10.51 9.20 6.64 4.67 7.23 9.64 12.99 13.21 10.37 10.37 9.13 8.83 7.23 5.62 4.53 6.28 8.98 12.63 15.48 16.28 15.33 15.77 17.45 19.20 19.78 18.47 18.98 16.28 14.45 14.45 14.82 16.64 19.78 21.02 21.02 21.90 19.42 18.25 19.86 21.17 21.68
10.15 10.15 10.22 8.61 10.29 12.48 0.00 0.00 0.00 0.00 0.00 0.00 0.00 0.00 0.00 0.00 0.00 0.00 8.10 9.20 9.86 7.88 8.47 10.15 11.75 13.65 13.65 16.13 16.21 16.21 18.40 19.93 21.61 23.36 23.29 20.22 10.59 12.56 8.32 6.42 5.18 7.74 12.92 15.99 13.29 9.13 8.91 11.68 14.09 15.18 16.64 16.64 14.24 12.05 9.13 6.06 5.55 6.13 6.79 11.90 15.91 15.26 13.58 14.02 14.67 16.79 16.64 16.28 17.89 17.52 16.72 16.21 16.72 17.45 16.06 18.91 18.91 21.10 18.61 16.50 18.69 19.20 17.23
8.83 8.83 8.03 8.98 11.46 12.41 11.32 0.00 0.00 0.00 0.00 0.00 0.00 0.00 0.00 0.00 0.00 8.91 8.54 7.88 8.40 6.13 6.20 11.17 12.85 15.11 15.11 16.86 20.37 22.56 21.97 21.17 22.78 23.94 21.02 6.35 6.35 5.33 2.48 4.02 2.63 3.80 6.64 12.12 14.38 12.70 14.31 14.53 11.32 10.88 14.16 14.16 14.45 10.88 10.22 7.88 8.61 8.91 9.56 11.61 14.16 12.85 12.99 12.78 12.99 13.21 14.97 15.84 17.37 19.27 18.76 18.76 20.15 19.56 18.03 18.18 18.18 16.86 15.70 12.78 13.07 12.26 10.88
8.25 8.25 8.40 12.63 14.89 12.92 12.26 12.19 10.59 0.00 0.00 0.00 0.00 0.00 0.00 0.00 0.00 6.79 6.13 7.45 8.47 8.83 9.56 10.51 12.26 14.82 14.82 18.32 19.71 18.18 18.03 19.71 21.75 19.20 12.70 8.25 6.42 5.18 5.91 5.11 0.00 2.77 4.89 9.93 11.32 12.19 13.07 12.85 11.46 11.90 13.21 13.21 11.32 9.49 9.49 10.07 10.95 11.24 10.29 9.93 12.48 12.12 14.89 14.82 14.53 15.26 15.70 15.48 19.78 20.29 17.08 16.28 14.16 15.33 20.44 19.20 19.20 14.97 10.07 11.17 11.17 10.07 10.88
6.64 6.64 7.08 7.74 10.66 11.39 14.16 14.45 13.07 0.00 0.00 0.00 0.00 7.59 8.47 0.00 5.77 5.84 3.80 4.53 5.84 9.93 14.09 11.75 10.15 13.07 13.07 15.91 16.35 15.11 13.80 14.16 14.45 13.87 11.32 8.40 7.23 7.74 4.96 0.00 4.31 4.89 6.42 6.42 5.55 4.96 4.82 6.64 6.94 10.80 13.07 13.07 8.83 8.76 11.83 10.95 10.07 10.80 10.80 9.64 11.17 13.36 13.29 12.85 14.24 16.50 16.72 13.87 16.06 15.18 13.87 15.18 12.34 8.40 10.95 8.10 8.10 10.66 9.78 10.88 9.71 5.77 6.06
0.00 0.00 0.00 2.70 4.53 0.00 14.16 15.04 7.01 0.00 0.00 0.00 0.00 8.61 10.44 9.71 8.83 6.72 4.09 0.00 5.26 8.25 7.52 7.45 8.25 9.71 9.71 10.22 9.93 7.01 2.41 0.00 2.70 7.88 7.66 7.52 8.98 8.40 6.50 6.35 4.82 3.80 3.87 4.67 0.00 0.00 3.94 0.00 3.29 6.42 11.24 11.24 12.63 12.48 14.09 12.26 8.83 6.35 6.42 10.00 13.94 16.64 17.74 16.79 17.08 18.54 17.96 15.11 14.38 13.58 7.74 7.66 8.54 0.00 6.72 17.45 17.45 18.47 17.01 16.50 15.40 10.80 7.45
0.00 0.00 0.00 2.70 4.53 0.00 14.16 15.04 7.01 0.00 0.00 0.00 0.00 8.61 10.44 9.71 8.83 6.72 4.09 0.00 5.26 8.25 7.52 7.45 8.25 9.71 9.71 10.22 9.93 7.01 2.41 0.00 2.70 7.88 7.66 7.52 8.98 8.40 6.50 6.35 4.82 3.80 3.87 4.67 0.00 0.00 3.94 0.00 3.29 6.42 11.24 11.24 12.63 12.48 14.09 12.26 8.83 6.35 6.42 10.00 13.94 16.64 17.74 16.79 17.08 18.54 17.96 15.11 14.38 13.58 7.74 7.66 8.54 0.00 6.72 17.45 17.45 18.47 17.01 16.50 15.40 10.80 7.45
0.00 0.00 0.00 0.00 0.00 0.00 0.00 7.01 0.00 7.23 0.00 5.91 5.77 7.74 8.76 8.61 7.59 5.04 6.94 10.59 11.02 5.40 0.00 0.00 0.00 0.00 0.00 4.74 4.38 2.12 0.00 0.00 2.04 8.18 10.37 9.34 7.45 5.33 0.00 4.60 0.00 4.31 4.02 4.16 4.09 0.00 2.85 0.00 4.23 5.77 10.51 10.51 15.18 16.79 13.29 9.20 6.20 6.06 9.49 15.55 19.64 21.53 22.05 21.02 21.61 22.56 22.34 22.56 22.63 23.58 22.92 20.15 18.25 17.96 24.24 23.21 23.21 21.32 21.24 22.78 21.83 21.90 16.28
