Wansh/Snow_depth/snowdepth-1982/winter/1983052.txt
ncols 321
nrows 161
xllcenter 60
yllcenter 15 
cellsize  0.25 
NODATA_value -1
[rows 0 to 36 of 161, columns 83 to 165 of 321]
17.96 19.49 18.76 18.25 18.98 20.37 18.83 13.43 10.22 9.71 11.97 14.31 14.16 17.23 17.89 17.74 19.27 19.20 18.61 18.61 18.32 17.45 16.50 12.34 7.74 3.72 3.58 5.40 5.18 4.67 3.65 4.53 9.20 10.95 10.00 8.32 7.52 8.10 9.13 9.93 10.66 10.66 10.07 6.64 6.64 3.29 1.61 2.41 0.00 0.00 0.00 0.00 0.00 0.00 5.26 8.03 11.24 12.99 13.65 10.88 6.79 5.48 4.67 4.02 4.23 4.82 5.26 6.72 8.69 8.69 10.22 12.85 13.65 13.87 13.72 12.48 12.85 15.40 17.81 20.08 18.61 16.13 13.58
19.42 18.61 18.83 16.43 18.98 20.29 15.55 15.26 13.58 14.02 12.41 10.80 9.13 9.05 9.71 8.32 10.66 15.04 18.98 18.98 17.74 17.59 17.30 15.77 8.98 5.18 4.38 5.18 5.84 5.62 4.60 5.04 7.59 7.96 4.67 2.77 2.70 0.00 0.00 5.91 8.91 11.90 14.16 13.51 13.51 10.66 7.45 0.00 0.00 0.00 0.00 0.00 0.00 0.00 0.00 7.74 8.18 9.05 8.47 7.66 7.08 7.74 7.23 6.50 6.13 6.86 7.37 10.00 11.17 11.17 12.12 14.02 13.51 13.80 13.14 16.50 18.40 18.91 20.00 19.64 20.08 18.69 17.59
19.27 18.61 18.25 16.13 14.24 17.30 14.97 17.96 18.98 19.71 17.30 15.33 14.31 10.66 8.47 5.91 4.09 5.91 11.53 11.53 14.60 16.06 17.67 18.18 14.89 9.64 5.18 5.33 5.62 5.91 5.62 4.96 3.80 5.69 5.99 4.16 4.53 4.23 5.77 7.37 8.54 10.15 12.85 14.82 14.82 16.43 18.61 0.00 0.00 0.00 0.00 0.00 3.21 3.29 4.67 7.01 10.73 13.65 13.87 13.80 14.09 14.16 15.70 14.16 12.05 10.88 11.90 14.09 15.26 15.26 14.60 14.02 13.65 11.46 12.41 16.21 18.61 19.78 21.10 20.29 20.66 22.70 21.24
19.27 18.61 18.25 16.13 14.24 17.30 14.97 17.96 18.98 19.71 17.30 15.33 14.31 10.66 8.47 5.91 4.09 5.91 11.53 11.53 14.60 16.06 17.67 18.18 14.89 9.64 5.18 5.33 5.62 5.91 5.62 4.96 3.80 5.69 5.99 4.16 4.53 4.23 5.77 7.37 8.54 10.15 12.85 14.82 14.82 16.43 18.61 0.00 0.00 0.00 0.00 0.00 3.21 3.29 4.67 7.01 10.73 13.65 13.87 13.80 14.09 14.16 15.70 14.16 12.05 10.88 11.90 14.09 15.26 15.26 14.60 14.02 13.65 11.46 12.41 16.21 18.61 19.78 21.10 20.29 20.66 22.70 21.24
16.94 15.55 13.80 11.32 11.32 12.99 12.12 12.78 11.61 14.24 15.84 14.24 12.85 10.07 11.24 10.37 8.69 7.23 5.18 5.18 4.74 7.88 12.26 17.01 18.25 16.86 11.61 7.37 5.91 6.06 5.33 4.09 4.67 5.99 8.69 11.46 10.73 7.88 7.52 7.59 5.40 4.96 7.15 11.46 11.46 14.16 17.16 0.00 0.00 0.00 0.00 0.00 0.00 2.92 2.48 4.09 4.96 5.04 6.57 9.34 11.53 14.60 16.13 15.11 11.46 9.93 10.44 11.90 14.75 14.75 17.30 14.75 13.07 12.26 11.10 13.80 17.37 20.00 20.95 18.91 18.69 19.71 20.66
20.59 19.71 19.27 18.40 17.08 13.87 11.97 8.47 6.06 7.96 10.22 10.59 11.90 13.72 13.72 14.60 17.37 16.86 14.09 14.09 9.56 5.91 4.53 7.96 12.19 14.89 13.58 10.07 8.54 6.57 5.55 4.31 4.31 7.30 9.56 10.88 11.02 6.86 3.80 2.19 0.00 5.40 8.03 8.91 8.91 8.10 0.00 0.00 0.00 0.00 0.00 0.00 0.00 4.31 5.18 4.96 3.07 2.56 4.53 7.74 11.32 14.16 15.26 18.91 20.88 15.18 9.49 7.96 6.86 6.86 9.05 8.76 13.14 13.65 13.65 12.34 11.32 13.72 15.18 17.01 19.27 21.53 22.85
18.18 18.98 19.13 19.27 15.84 16.86 17.74 15.33 15.33 15.18 13.58 10.95 10.73 10.44 12.41 13.14 15.84 16.50 15.62 15.62 15.48 13.80 8.91 4.74 5.40 9.93 8.18 6.42 5.48 4.60 3.80 3.50 4.38 6.94 9.34 11.75 10.88 8.03 4.45 3.36 3.72 5.55 8.98 11.39 11.39 11.75 0.00 0.00 0.00 0.00 0.00 0.00 0.00 2.77 4.23 5.69 8.69 11.02 13.72 13.14 14.16 16.50 20.15 23.43 23.80 21.53 18.47 13.87 9.78 9.78 10.15 12.26 15.62 18.61 18.76 17.37 17.23 16.35 14.45 14.45 14.75 18.61 19.86
18.18 18.98 19.13 19.27 15.84 16.86 17.74 15.33 15.33 15.18 13.58 10.95 10.73 10.44 12.41 13.14 15.84 16.50 15.62 15.62 15.48 13.80 8.91 4.74 5.40 9.93 8.18 6.42 5.48 4.60 3.80 3.50 4.38 6.94 9.34 11.75 10.88 8.03 4.45 3.36 3.72 5.55 8.98 11.39 11.39 11.75 0.00 0.00 0.00 0.00 0.00 0.00 0.00 2.77 4.23 5.69 8.69 11.02 13.72 13.14 14.16 16.50 20.15 23.43 23.80 21.53 18.47 13.87 9.78 9.78 10.15 12.26 15.62 18.61 18.76 17.37 17.23 16.35 14.45 14.45 14.75 18.61 19.86
18.25 17.08 16.35 14.75 15.40 16.43 16.50 14.45 13.94 13.87 15.18 11.83 8.03 5.91 7.59 12.12 14.38 14.31 14.75 14.75 16.43 17.23 15.18 10.88 7.74 7.23 7.45 8.03 8.10 6.35 5.18 5.40 5.11 6.28 0.00 0.00 0.00 6.79 6.57 0.00 0.00 0.00 0.00 0.00 0.00 0.00 0.00 0.00 0.00 0.00 0.00 6.06 6.50 6.28 6.06 6.79 7.74 7.96 9.13 11.17 13.43 14.67 16.21 17.89 17.96 20.15 21.24 22.27 19.49 19.49 18.98 18.03 18.83 18.83 18.32 18.69 17.96 18.25 16.79 18.18 16.79 15.40 15.18
15.84 13.58 13.51 13.07 13.21 14.53 13.14 11.75 10.73 11.24 9.49 7.59 7.01 7.96 8.76 11.39 14.31 15.26 16.79 16.79 17.96 16.72 16.06 12.92 8.03 5.62 5.91 6.35 6.50 6.50 7.15 6.94 5.99 8.18 11.83 14.24 0.00 0.00 0.00 0.00 0.00 0.00 0.00 0.00 0.00 0.00 0.00 4.38 3.80 0.00 9.71 14.09 17.08 15.40 12.19 9.86 9.86 10.37 10.51 11.02 11.90 11.24 12.85 12.78 14.60 16.57 18.32 20.81 17.37 17.37 17.16 17.30 17.67 19.27 18.76 16.86 18.61 21.24 23.51 24.31 21.83 17.59 14.97
15.99 15.18 13.65 12.19 12.12 14.31 12.26 9.64 8.10 9.27 9.56 9.56 9.49 10.29 11.02 12.70 15.04 15.70 17.08 17.08 17.59 16.64 15.11 9.86 5.99 5.69 5.69 6.06 6.13 4.96 4.74 5.69 5.48 6.50 7.23 7.52 7.88 9.64 7.74 0.00 0.00 4.74 7.23 9.56 9.56 9.27 6.86 6.57 8.40 9.64 8.83 13.94 15.40 14.02 11.02 9.56 11.32 15.18 15.70 13.51 12.26 12.78 13.58 13.36 14.38 15.55 16.21 21.17 23.94 23.94 24.60 23.80 23.21 22.27 20.95 17.89 16.35 19.93 21.97 20.95 18.91 16.86 15.55
15.99 15.18 13.65 12.19 12.12 14.31 12.26 9.64 8.10 9.27 9.56 9.56 9.49 10.29 11.02 12.70 15.04 15.70 17.08 17.08 17.59 16.64 15.11 9.86 5.99 5.69 5.69 6.06 6.13 4.96 4.74 5.69 5.48 6.50 7.23 7.52 7.88 9.64 7.74 0.00 0.00 4.74 7.23 9.56 9.56 9.27 6.86 6.57 8.40 9.64 8.83 13.94 15.40 14.02 11.02 9.56 11.32 15.18 15.70 13.51 12.26 12.78 13.58 13.36 14.38 15.55 16.21 21.17 23.94 23.94 24.60 23.80 23.21 22.27 20.95 17.89 16.35 19.93 21.97 20.95 18.91 16.86 15.55
12.26 13.58 12.70 10.88 10.07 8.98 8.32 7.66 7.96 9.05 9.93 11.75 12.41 13.72 15.84 14.60 15.33 17.59 20.37 20.37 19.35 17.23 13.51 9.78 6.86 7.74 7.66 5.99 5.11 4.96 5.55 5.91 5.69 6.72 6.72 7.15 9.93 11.83 8.61 7.08 10.00 12.05 12.48 11.02 11.02 8.40 7.81 6.64 10.22 11.46 14.02 18.32 18.69 15.70 12.78 12.41 15.18 20.44 25.55 24.67 18.32 15.55 11.24 14.53 17.37 16.57 18.32 18.32 22.05 22.05 23.65 23.36 25.26 24.67 22.34 20.22 17.67 16.72 18.03 19.13 20.00 21.10 21.83
11.61 11.53 11.61 9.20 6.94 7.23 6.86 6.57 8.40 10.00 10.80 12.48 12.41 12.26 13.07 12.41 14.45 17.52 16.72 16.72 15.62 12.99 11.17 0.00 8.83 7.81 8.61 9.05 7.66 6.86 11.17 14.75 17.08 17.45 14.45 13.07 16.06 16.72 13.43 11.83 12.63 12.34 10.59 8.83 8.83 8.54 9.56 12.41 13.21 12.99 13.72 14.75 15.18 15.62 15.84 15.55 17.01 18.47 18.91 17.30 17.23 18.03 19.35 19.86 19.71 21.17 20.51 21.75 23.21 23.21 28.11 29.27 27.52 27.74 26.21 23.80 23.21 19.05 18.91 15.04 14.89 16.79 15.99
13.72 9.05 10.44 8.47 7.37 8.03 5.62 6.94 7.37 10.15 12.56 14.16 15.33 16.06 16.86 16.86 16.50 17.81 14.97 14.97 10.59 10.15 10.44 10.73 10.66 8.54 7.45 12.34 13.21 13.65 15.70 19.93 23.73 23.36 19.27 16.57 13.14 12.78 12.26 11.32 11.61 10.59 10.59 11.53 11.53 11.46 9.42 18.54 15.70 15.18 14.67 14.60 13.94 16.06 19.93 23.14 25.77 25.99 20.51 13.51 10.37 9.64 12.48 19.35 19.42 19.42 17.23 18.47 19.64 19.64 23.21 25.04 24.45 21.53 17.89 16.13 16.57 11.02 0.00 0.00 7.52 17.89 17.23
6.64 8.03 11.75 11.10 11.10 9.64 6.72 3.36 3.80 3.80 4.74 11.75 12.99 14.82 13.58 12.34 14.53 15.04 13.80 13.80 12.63 10.15 12.92 15.84 17.45 9.93 8.10 12.92 13.72 15.99 18.32 21.90 25.26 19.93 14.09 11.75 11.75 13.21 13.51 14.75 16.28 15.18 14.24 13.07 13.07 12.26 12.63 13.65 12.78 12.26 14.09 14.60 12.63 14.09 17.89 22.63 24.97 24.24 20.15 11.24 9.20 10.73 12.34 10.88 13.14 14.82 18.10 20.66 21.32 21.32 23.94 24.38 19.05 14.75 11.17 12.12 14.16 8.25 0.00 0.00 10.51 14.53 15.26
6.64 8.03 11.75 11.10 11.10 9.64 6.72 3.36 3.80 3.80 4.74 11.75 12.99 14.82 13.58 12.34 14.53 15.04 13.80 13.80 12.63 10.15 12.92 15.84 17.45 9.93 8.10 12.92 13.72 15.99 18.32 21.90 25.26 19.93 14.09 11.75 11.75 13.21 13.51 14.75 16.28 15.18 14.24 13.07 13.07 12.26 12.63 13.65 12.78 12.26 14.09 14.60 12.63 14.09 17.89 22.63 24.97 24.24 20.15 11.24 9.20 10.73 12.34 10.88 13.14 14.82 18.10 20.66 21.32 21.32 23.94 24.38 19.05 14.75 11.17 12.12 14.16 8.25 0.00 0.00 10.51 14.53 15.26
10.00 7.59 9.42 10.59 10.80 11.46 8.91 4.09 3.36 5.26 7.15 8.47 11.68 17.52 23.73 14.09 12.12 14.97 15.40 15.40 13.87 11.39 10.66 11.83 14.53 17.52 15.55 11.32 9.78 11.68 14.31 18.32 21.61 21.53 17.96 12.85 12.05 13.29 14.16 13.51 12.48 15.04 16.64 16.35 16.35 17.45 19.13 19.56 17.01 16.43 16.35 15.77 15.77 17.01 17.59 17.96 17.01 16.21 13.21 11.32 11.53 15.77 14.67 14.75 13.36 15.55 18.47 18.98 23.00 23.00 25.84 24.60 17.37 12.41 11.32 13.21 11.97 6.42 0.00 5.55 12.56 10.00 8.69
14.09 12.78 12.26 13.58 15.84 15.99 13.36 8.76 7.96 6.64 10.44 12.92 15.33 18.47 22.48 20.66 21.10 21.83 21.61 21.61 23.36 18.76 10.95 8.83 10.66 15.26 16.28 15.33 15.91 15.48 17.74 20.95 23.21 27.96 26.13 19.56 14.24 12.26 11.39 12.41 14.53 17.23 20.08 21.46 21.46 23.94 22.48 18.98 16.43 15.33 16.21 15.62 14.97 15.99 15.62 15.26 14.60 13.80 14.38 16.64 18.40 18.47 22.12 18.98 16.79 17.59 19.49 20.51 25.33 25.33 26.50 25.04 19.49 14.60 12.34 11.32 10.15 7.45 6.79 9.34 10.07 10.51 9.78
8.91 9.05 10.15 12.70 14.24 15.18 16.43 14.53 9.78 9.34 10.59 15.04 15.99 15.77 16.86 18.25 19.78 20.37 21.02 21.02 21.97 19.42 15.40 14.09 13.07 16.43 19.27 19.71 18.40 16.72 12.63 12.99 16.13 26.43 22.78 18.47 14.75 11.32 9.86 11.90 14.75 19.13 25.33 28.76 28.76 29.78 25.33 14.24 11.75 17.59 18.69 16.86 16.79 16.79 14.16 12.34 13.21 13.65 15.48 15.84 16.86 25.92 25.70 22.48 19.56 19.35 20.00 24.67 25.77 25.77 21.46 18.32 11.61 11.75 13.29 10.66 9.05 10.66 12.92 12.63 11.32 11.02 11.90
4.89 4.31 4.96 7.52 9.13 11.61 11.10 12.78 12.05 13.72 14.67 15.55 17.74 18.91 15.26 14.45 15.70 19.71 20.37 20.37 20.66 19.86 17.81 16.57 18.40 19.20 20.66 20.59 17.30 14.60 13.29 14.31 17.96 24.45 24.75 10.73 4.60 4.16 4.45 8.18 13.58 13.65 20.37 25.40 25.40 31.03 32.63 26.28 24.67 25.84 22.63 20.88 22.05 20.51 17.89 17.16 19.49 19.64 17.67 15.18 12.12 17.67 18.10 19.27 20.37 20.44 21.46 21.24 17.81 17.81 10.66 7.08 7.52 9.71 10.88 9.71 8.54 10.88 12.05 11.24 11.53 12.05 12.19
4.16 5.48 4.82 6.13 7.52 6.86 7.59 10.15 14.53 18.76 25.48 28.62 30.37 32.19 29.49 25.04 20.73 20.73 22.56 22.56 23.51 25.33 23.87 24.09 25.19 26.79 28.11 27.74 24.31 19.42 14.97 11.39 12.05 17.52 19.27 13.51 4.53 2.04 0.00 5.33 10.07 14.75 8.83 11.17 11.17 15.55 16.72 15.18 17.52 18.98 18.83 22.34 24.16 26.06 26.65 27.59 23.80 22.48 18.32 15.91 14.60 15.62 16.06 18.32 18.69 18.61 17.45 16.43 13.36 13.36 8.61 6.35 6.20 7.66 8.18 6.42 9.20 11.46 11.90 11.02 10.07 11.75 10.00
4.16 5.48 4.82 6.13 7.52 6.86 7.59 10.15 14.53 18.76 25.48 28.62 30.37 32.19 29.49 25.04 20.73 20.73 22.56 22.56 23.51 25.33 23.87 24.09 25.19 26.79 28.11 27.74 24.31 19.42 14.97 11.39 12.05 17.52 19.27 13.51 4.53 2.04 0.00 5.33 10.07 14.75 8.83 11.17 11.17 15.55 16.72 15.18 17.52 18.98 18.83 22.34 24.16 26.06 26.65 27.59 23.80 22.48 18.32 15.91 14.60 15.62 16.06 18.32 18.69 18.61 17.45 16.43 13.36 13.36 8.61 6.35 6.20 7.66 8.18 6.42 9.20 11.46 11.90 11.02 10.07 11.75 10.00
3.29 0.00 3.29 5.48 9.20 9.34 9.56 14.16 21.02 22.27 25.19 29.05 32.19 35.41 37.16 34.75 30.22 26.79 25.40 25.40 25.40 25.84 24.45 24.38 26.13 29.49 28.11 27.30 24.60 18.98 13.43 7.66 5.99 6.72 7.08 6.79 3.72 2.85 3.07 3.65 9.64 10.95 7.96 7.15 7.15 11.83 11.39 10.66 11.02 10.44 10.51 13.07 14.24 14.67 15.55 17.81 18.32 18.47 18.47 15.77 17.74 19.13 19.71 21.17 23.00 23.14 19.42 16.94 19.49 19.49 20.95 17.67 12.92 12.05 11.61 10.15 8.47 8.18 6.72 4.74 7.37 9.13 9.27
3.94 0.00 4.09 8.54 12.19 16.06 19.78 25.19 30.37 31.46 28.03 27.01 26.28 26.65 27.08 26.79 27.01 26.65 26.86 26.86 27.74 28.47 28.40 26.86 26.44 26.49 27.59 23.37 21.17 16.50 10.51 7.08 4.96 4.09 0.00 0.00 1.90 2.77 3.72 4.82 8.83 8.76 9.64 8.32 8.32 9.34 11.24 11.53 11.68 8.76 5.84 7.37 9.56 10.88 11.61 11.10 11.17 12.34 11.53 13.07 17.45 18.98 20.22 23.58 25.99 25.99 23.80 20.15 21.32 21.32 26.72 26.65 21.32 16.06 12.85 9.05 7.08 7.01 6.50 6.79 10.51 12.05 9.34
8.69 9.71 12.99 15.99 21.10 25.92 29.42 33.07 32.56 30.66 27.81 27.01 22.70 16.94 13.36 16.86 22.70 28.03 31.10 31.10 32.70 32.92 32.41 30.66 30.67 36.11 30.84 31.23 30.55 28.98 19.93 11.97 7.08 3.43 2.70 0.00 2.56 0.00 4.60 5.40 6.42 7.66 6.79 5.40 5.40 5.84 6.94 9.05 10.07 8.25 0.00 0.00 3.87 6.35 7.52 8.40 6.86 8.18 9.78 13.87 20.66 22.27 21.02 20.95 21.10 20.66 22.27 25.04 23.21 23.21 22.70 21.97 18.61 14.53 12.34 9.64 8.83 9.27 9.42 10.29 8.91 7.81 8.91
14.45 13.51 14.31 15.55 18.83 25.19 31.03 30.95 29.13 24.16 19.27 16.21 12.78 7.96 6.28 11.75 19.71 24.16 27.38 27.38 27.96 24.02 23.35 26.42 29.95 31.70 32.07 34.53 33.26 30.18 21.97 15.55 14.16 11.39 6.20 4.60 6.72 6.86 7.37 4.23 4.60 8.91 8.98 6.20 6.20 3.58 4.38 7.88 8.76 7.66 5.40 4.45 4.67 4.23 5.69 6.94 5.55 7.23 7.23 12.26 17.16 22.48 21.68 20.22 18.83 20.08 23.29 28.47 27.38 27.38 25.19 23.00 20.08 18.91 17.67 17.08 16.06 12.48 10.37 10.59 8.10 4.45 10.59
18.69 18.03 15.70 15.91 17.81 21.10 25.40 25.84 25.70 20.73 12.12 5.99 3.50 3.29 5.69 7.08 9.27 11.10 11.39 11.39 10.63 9.00 9.26 13.92 20.51 26.31 27.81 32.66 34.44 36.30 34.95 27.95 23.51 22.78 17.96 14.53 15.33 11.02 5.84 4.38 2.99 5.99 10.88 7.88 7.88 2.99 3.80 8.25 9.34 8.03 6.50 5.91 5.91 3.36 2.48 6.06 9.49 7.81 7.23 11.24 17.59 22.34 25.40 28.84 25.99 23.94 25.84 27.81 26.50 26.50 24.02 21.39 19.56 18.69 19.93 19.64 17.08 11.10 8.98 11.24 8.25 11.46 11.46
18.69 18.03 15.70 15.91 17.81 21.10 25.40 25.84 25.70 20.73 12.12 5.99 3.50 3.29 5.69 7.08 9.27 11.10 11.39 11.45 10.97 9.13 9.92 13.57 21.04 25.92 27.81 31.68 32.00 33.92 35.49 28.24 24.49 25.59 19.00 14.90 15.33 11.02 5.84 4.38 2.99 5.99 10.88 7.88 7.88 2.99 3.80 8.25 9.34 8.03 6.50 5.91 5.91 3.36 2.48 6.06 9.49 7.81 7.23 11.24 17.59 22.34 25.40 28.84 25.99 23.94 25.84 27.81 26.50 26.50 24.02 21.39 19.56 18.69 19.93 19.64 17.08 11.10 8.98 11.24 8.25 11.46 11.46
19.93 18.40 17.45 15.99 18.83 22.05 21.83 21.68 22.48 21.97 17.23 10.51 5.77 5.40 9.71 11.17 13.80 15.04 11.32 11.32 6.50 3.72 3.87 5.43 7.56 9.36 14.01 19.10 25.31 31.90 33.53 28.39 21.79 24.45 30.48 23.03 18.91 11.13 7.59 7.59 3.94 0.00 7.59 9.78 9.78 7.30 7.52 12.78 14.82 11.68 8.61 7.52 5.48 0.00 0.00 2.56 4.02 5.04 5.99 8.61 12.12 15.84 21.75 27.74 29.71 27.81 24.09 25.11 23.07 23.07 18.76 17.01 14.09 14.24 16.72 19.35 16.64 12.85 13.07 13.87 10.66 6.42 9.05
14.60 15.84 16.64 13.29 13.21 16.28 17.74 22.70 27.52 30.66 27.52 24.38 17.74 13.80 14.24 17.89 19.64 18.91 15.99 15.99 10.49 5.55 3.23 0.00 3.65 3.45 3.04 5.33 14.45 26.22 33.26 29.27 23.51 23.87 28.88 30.83 31.17 22.16 14.60 9.78 8.69 6.20 3.72 5.77 5.77 8.10 8.61 8.10 11.83 12.70 11.02 10.00 5.99 4.53 4.67 6.42 5.99 5.69 3.94 5.26 6.28 7.96 12.85 21.10 25.77 25.19 21.61 20.08 18.61 18.61 15.40 13.14 13.43 12.92 15.11 16.86 14.31 11.90 13.72 12.78 9.86 7.96 6.06
8.76 13.65 15.70 16.57 15.18 12.78 12.12 12.85 18.47 21.68 20.73 19.49 15.70 11.68 9.71 9.86 12.12 10.07 5.62 5.62 0.00 0.00 0.00 2.56 2.70 0.00 0.00 0.00 4.65 11.74 21.44 25.92 29.20 29.49 26.65 25.90 26.49 29.04 21.02 14.09 13.72 12.05 5.69 3.07 3.07 7.30 9.64 7.45 8.25 9.56 13.65 18.98 14.53 9.27 8.10 10.29 9.13 6.57 5.99 6.28 5.04 5.33 5.48 11.61 17.45 17.74 12.92 11.90 12.63 12.63 10.59 7.30 7.01 8.03 10.66 11.17 12.26 14.82 15.18 14.82 15.99 15.70 13.43
14.09 15.40 17.08 15.33 11.97 8.47 14.67 18.40 20.00 21.46 17.30 12.05 11.68 11.83 9.20 7.52 8.18 7.74 5.84 5.84 4.16 0.00 0.00 0.22 0.00 0.00 0.00 1.39 4.26 8.61 11.90 16.28 21.61 26.13 28.18 27.52 26.28 26.09 26.25 21.30 14.38 11.02 6.72 4.23 4.23 5.04 5.26 5.77 8.03 10.22 12.56 15.11 14.53 11.97 13.80 12.78 8.25 5.40 5.26 7.52 6.57 0.00 0.00 7.74 9.13 8.91 8.25 7.81 6.28 6.28 5.40 0.00 0.00 5.55 7.81 9.49 13.29 15.91 17.45 17.37 22.41 23.07 23.43
4.89 6.20 10.15 12.63 8.25 6.64 8.32 9.20 8.47 12.61 17.16 15.70 15.99 14.45 10.88 6.64 4.53 2.41 2.26 2.26 3.65 4.09 6.94 9.86 12.56 13.14 9.27 7.15 6.34 8.03 8.32 11.24 13.72 18.25 23.73 30.08 25.40 19.93 18.61 18.53 14.90 7.41 7.66 8.10 8.10 5.62 3.72 4.96 5.55 5.40 6.20 6.42 8.83 10.07 13.65 14.67 9.56 6.28 5.99 5.69 5.91 5.91 0.00 0.00 2.85 0.00 0.00 5.33 4.96 4.96 0.00 2.48 0.00 3.50 8.61 15.26 22.41 25.77 24.31 18.98 18.32 20.00 21.24
0.00 0.00 0.00 3.29 7.15 11.97 17.37 13.87 5.55 1.20 5.18 10.00 11.46 9.27 5.99 2.41 0.58 0.00 1.31 1.31 5.18 7.01 10.22 14.60 16.79 17.89 18.32 15.11 12.48 12.67 11.95 11.57 9.90 11.59 16.57 15.55 13.07 11.32 12.39 10.88 7.88 4.57 5.77 7.45 7.45 0.00 3.87 3.87 4.82 6.86 7.08 6.94 5.91 3.36 4.31 8.54 7.74 5.11 0.00 6.42 8.98 7.23 3.58 0.00 1.90 2.48 0.00 3.43 0.00 0.00 0.00 0.00 0.00 0.00 4.60 12.48 20.44 22.63 23.51 20.95 20.37 19.05 17.89
0.00 0.00 0.00 3.29 7.15 11.97 17.37 13.87 5.55 1.17 5.18 10.00 11.46 9.27 5.99 2.41 0.58 0.00 1.32 1.31 5.18 7.01 10.22 14.60 16.79 17.89 18.32 15.11 12.48 12.48 11.53 11.17 9.86 11.24 16.57 15.63 13.13 11.32 12.33 10.99 7.88 4.53 5.77 7.45 7.45 0.00 3.87 3.87 4.82 6.86 7.08 6.94 5.91 3.36 4.31 8.54 7.74 5.11 0.00 6.42 8.98 7.23 3.58 0.00 1.90 2.48 0.00 3.43 0.00 0.00 0.00 0.00 0.00 0.00 4.60 12.48 20.44 22.63 23.51 20.95 20.37 19.05 17.89
5.40 0.00 0.00 0.00 0.00 16.28 28.69 27.30 21.94 9.86 4.89 6.28 6.57 6.50 4.53 2.04 0.00 0.00 0.00 0.00 0.00 2.26 5.62 9.42 13.07 16.50 19.49 20.08 19.49 19.05 15.11 10.29 10.37 9.27 9.93 8.47 6.79 5.91 9.71 8.73 7.01 5.26 4.31 5.62 5.62 6.06 5.77 6.50 6.79 7.37 5.04 6.42 4.74 2.77 0.00 4.16 4.23 5.04 5.91 8.91 12.85 11.46 6.42 0.00 0.00 3.07 0.00 0.00 0.00 0.00 0.00 0.00 0.00 1.31 2.26 4.02 3.80 7.15 14.53 24.67 24.31 21.53 15.26
