Wansh/Snow_depth/snowdepth-1982/winter/1983053.txt
ncols 321
nrows 161
xllcenter 60
yllcenter 15 
cellsize  0.25 
NODATA_value -1
[rows 0 to 36 of 161, columns 83 to 165 of 321]
18.61 19.27 19.05 18.54 19.27 19.78 18.83 14.89 11.24 10.88 13.21 14.31 14.67 17.74 19.71 20.22 20.88 20.88 19.49 19.49 18.32 17.45 16.50 12.34 7.74 3.72 3.58 5.40 5.18 4.67 3.65 4.53 9.20 10.95 10.00 8.32 7.52 8.10 9.13 9.93 10.66 10.66 10.07 6.64 6.64 3.29 1.61 2.41 0.00 0.00 0.00 0.00 0.00 0.00 5.26 6.13 9.49 11.97 11.02 12.41 7.45 5.48 4.96 5.77 3.80 4.31 4.09 5.62 8.25 8.25 10.22 13.36 13.43 13.65 13.21 11.97 11.97 15.33 18.25 20.22 18.61 16.79 12.85
19.35 18.61 18.25 18.25 19.49 19.27 17.89 16.43 15.48 14.09 12.70 11.46 10.15 9.93 11.61 11.24 15.33 20.51 18.98 18.98 17.74 17.59 17.30 15.77 8.98 5.18 4.38 5.18 5.84 5.62 4.60 5.04 7.59 7.96 4.67 2.77 2.70 0.00 0.00 5.91 8.91 11.90 14.16 13.51 13.51 10.66 7.45 0.00 0.00 0.00 0.00 0.00 0.00 0.00 0.00 8.83 8.32 7.52 8.54 9.56 7.45 8.40 8.47 8.10 7.52 8.69 7.88 8.32 12.19 12.19 13.58 12.78 11.90 10.66 12.56 15.62 19.64 20.44 20.59 20.15 18.83 18.91 18.03
18.76 18.69 17.89 16.79 15.62 14.82 16.57 18.91 19.49 19.42 16.79 14.67 13.94 11.02 10.95 5.26 5.18 5.91 11.53 11.53 14.60 16.06 17.67 18.18 14.89 9.64 5.18 5.33 5.62 5.91 5.62 4.96 3.80 5.69 5.99 4.16 4.53 4.23 5.77 7.37 8.54 10.15 12.85 14.82 14.82 16.43 18.61 0.00 0.00 0.00 0.00 0.00 3.21 3.29 3.50 6.57 10.29 11.02 14.89 15.77 15.77 13.36 14.75 15.18 12.56 11.39 11.61 13.51 17.01 17.01 16.35 14.67 11.17 9.86 8.98 14.45 18.61 18.47 20.66 21.32 20.37 21.68 21.97
18.76 18.69 17.89 16.79 15.62 14.82 16.57 18.91 19.49 19.42 16.79 14.67 13.94 11.02 10.95 5.26 5.18 5.91 11.53 11.53 14.60 16.06 17.67 18.18 14.89 9.64 5.18 5.33 5.62 5.91 5.62 4.96 3.80 5.69 5.99 4.16 4.53 4.23 5.77 7.37 8.54 10.15 12.85 14.82 14.82 16.43 18.61 0.00 0.00 0.00 0.00 0.00 3.21 3.29 3.50 6.57 10.29 11.02 14.89 15.77 15.77 13.36 14.75 15.18 12.56 11.39 11.61 13.51 17.01 17.01 16.35 14.67 11.17 9.86 8.98 14.45 18.61 18.47 20.66 21.32 20.37 21.68 21.97
18.76 16.43 13.51 11.02 11.10 14.53 16.50 16.64 17.16 19.27 18.18 15.62 12.05 11.90 10.29 9.34 8.69 7.23 5.18 5.18 4.74 7.88 12.26 17.01 18.25 16.86 11.61 7.37 5.91 6.06 5.33 4.09 4.67 5.99 8.69 11.46 10.73 7.88 7.52 7.59 5.40 4.96 7.15 11.46 11.46 14.16 17.16 0.00 0.00 0.00 0.00 0.00 0.00 2.92 2.99 3.65 4.31 6.20 8.47 10.95 14.53 15.33 15.55 16.35 12.63 12.56 12.63 13.29 13.94 13.94 13.14 11.97 10.29 10.88 10.00 10.80 14.75 20.15 21.68 20.66 20.00 17.89 18.03
19.42 19.42 18.47 17.89 16.79 13.87 10.88 9.20 8.76 11.24 13.51 14.02 15.70 14.45 13.07 14.60 17.37 16.86 14.09 14.09 9.56 5.91 4.53 7.96 12.19 14.89 13.58 10.07 8.54 6.57 5.55 4.31 4.31 7.30 9.56 10.88 11.02 6.86 3.80 2.19 0.00 5.40 8.03 8.91 8.91 8.10 0.00 0.00 0.00 0.00 0.00 0.00 0.00 5.55 4.02 5.11 3.50 5.62 7.01 8.47 12.48 14.31 16.28 19.56 20.81 16.28 11.53 8.98 8.76 8.76 5.84 7.08 14.31 14.24 13.14 9.71 9.49 11.39 12.12 13.58 17.59 19.56 20.51
20.08 21.24 21.90 20.15 17.52 17.23 17.37 17.08 16.79 15.70 13.43 13.58 14.89 15.04 12.41 13.14 15.84 16.50 15.62 15.62 15.48 13.80 8.91 4.74 5.40 9.93 8.18 6.42 5.48 4.60 3.80 3.50 4.38 6.94 9.34 11.75 10.88 8.03 4.45 3.36 3.72 5.55 8.98 11.39 11.39 11.75 0.00 0.00 0.00 0.00 0.00 0.00 0.00 3.87 5.69 7.59 8.03 9.71 13.94 13.87 13.87 16.50 19.42 23.94 23.87 21.32 17.08 12.85 10.88 10.88 11.61 16.13 16.72 18.91 17.67 16.21 16.86 16.50 13.65 11.32 9.93 13.94 18.61
20.08 21.24 21.90 20.15 17.52 17.23 17.37 17.08 16.79 15.70 13.43 13.58 14.89 15.04 12.41 13.14 15.84 16.50 15.62 15.62 15.48 13.80 8.91 4.74 5.40 9.93 8.18 6.42 5.48 4.60 3.80 3.50 4.38 6.94 9.34 11.75 10.88 8.03 4.45 3.36 3.72 5.55 8.98 11.39 11.39 11.75 0.00 0.00 0.00 0.00 0.00 0.00 0.00 3.87 5.69 7.59 8.03 9.71 13.94 13.87 13.87 16.50 19.42 23.94 23.87 21.32 17.08 12.85 10.88 10.88 11.61 16.13 16.72 18.91 17.67 16.21 16.86 16.50 13.65 11.32 9.93 13.94 18.61
19.93 18.98 16.06 15.91 16.94 17.16 16.21 15.99 16.57 14.09 13.07 11.39 10.95 5.91 7.59 12.12 14.38 14.31 14.75 14.75 16.43 17.23 15.18 10.88 7.74 7.23 7.45 8.03 8.10 6.35 5.18 5.40 5.11 6.28 0.00 0.00 0.00 6.79 6.57 0.00 0.00 0.00 0.00 0.00 0.00 0.00 0.00 0.00 0.00 0.00 0.00 6.06 9.64 5.69 6.64 7.52 9.93 10.51 11.75 13.87 15.99 16.06 16.64 19.64 20.44 21.75 20.37 20.08 19.56 19.56 18.32 17.52 19.42 18.32 17.89 18.69 18.47 17.37 17.45 16.06 14.97 13.36 13.14
17.37 15.48 14.02 14.24 15.55 16.21 14.53 13.14 11.90 10.29 9.20 8.03 7.01 7.96 8.76 11.39 14.31 15.26 16.79 16.79 17.96 16.72 16.06 12.92 8.03 5.62 5.91 6.35 6.50 6.50 7.15 6.94 5.99 8.18 11.83 14.24 0.00 0.00 0.00 0.00 0.00 0.00 0.00 0.00 0.00 0.00 0.00 4.38 3.80 0.00 9.71 14.09 17.96 17.67 14.53 12.78 12.78 12.70 12.92 12.26 12.41 13.87 13.80 13.51 14.09 13.80 17.45 17.01 16.79 16.79 19.05 16.06 16.86 19.56 18.32 15.26 16.43 19.64 24.45 23.65 19.27 15.91 12.12
17.81 14.97 11.24 11.17 12.19 12.48 10.29 8.61 9.93 9.78 9.20 6.13 9.49 10.29 11.02 12.70 15.04 15.70 17.08 17.08 17.59 16.64 15.11 9.86 5.99 5.69 5.69 6.06 6.13 4.96 4.74 5.69 5.48 6.50 7.23 7.52 7.88 9.64 7.74 0.00 0.00 4.74 7.23 9.56 9.56 9.27 6.86 6.57 8.40 9.64 8.83 13.65 17.67 17.89 13.51 12.70 13.21 15.11 15.33 15.26 14.53 14.75 14.31 14.67 14.31 16.43 18.91 21.75 23.58 23.58 23.87 22.12 21.61 23.51 20.95 15.62 13.51 18.25 20.59 19.56 17.30 13.94 13.51
17.81 14.97 11.24 11.17 12.19 12.48 10.29 8.61 9.93 9.78 9.20 6.13 9.49 10.29 11.02 12.70 15.04 15.70 17.08 17.08 17.59 16.64 15.11 9.86 5.99 5.69 5.69 6.06 6.13 4.96 4.74 5.69 5.48 6.50 7.23 7.52 7.88 9.64 7.74 0.00 0.00 4.74 7.23 9.56 9.56 9.27 6.86 6.57 8.40 9.64 8.83 13.65 17.67 17.89 13.51 12.70 13.21 15.11 15.33 15.26 14.53 14.75 14.31 14.67 14.31 16.43 18.91 21.75 23.58 23.58 23.87 22.12 21.61 23.51 20.95 15.62 13.51 18.25 20.59 19.56 17.30 13.94 13.51
12.85 13.36 12.05 10.00 9.05 9.20 7.30 5.55 7.01 7.23 7.96 11.75 12.41 13.72 15.84 14.60 15.33 17.59 20.37 20.37 19.35 17.23 13.51 9.78 6.86 7.74 7.66 5.99 5.11 4.96 5.55 5.91 5.69 6.72 6.72 7.15 9.93 11.83 8.61 7.08 10.00 12.05 12.48 11.02 11.02 8.40 7.81 6.64 10.22 11.46 14.02 20.95 22.70 18.69 14.82 15.33 16.79 21.24 26.28 23.65 19.86 16.43 13.36 14.16 15.04 16.64 17.74 20.29 23.21 23.21 23.87 24.97 23.87 24.45 21.24 19.13 16.86 17.52 18.25 20.44 21.10 20.95 20.37
10.80 12.34 10.44 7.45 5.91 5.11 4.67 6.57 7.01 8.40 10.80 12.48 12.41 12.26 13.07 12.41 14.45 17.52 16.72 16.72 15.62 12.99 11.17 0.00 8.83 7.81 8.61 9.05 7.66 6.86 11.17 14.75 17.08 17.45 14.45 13.07 16.06 16.72 13.43 11.83 12.63 12.34 10.59 8.83 8.83 8.54 9.56 12.41 13.21 12.99 16.43 16.72 15.40 17.45 17.23 17.37 19.35 19.86 19.27 18.69 17.96 18.98 19.05 19.49 21.39 20.44 21.75 22.56 21.53 21.53 25.04 29.64 25.70 27.89 27.01 22.92 21.32 18.18 16.06 16.35 16.35 14.38 14.60
11.39 10.88 9.13 6.28 5.11 5.11 6.06 6.79 5.99 10.15 12.56 14.16 15.33 16.06 16.86 16.86 16.50 17.81 14.97 14.97 10.59 10.15 10.44 10.73 10.66 8.54 7.45 12.34 13.21 13.65 15.70 19.93 23.73 23.36 19.27 16.57 13.14 12.78 12.26 11.32 11.61 10.59 10.59 11.53 11.53 11.46 9.42 18.54 15.70 15.18 17.01 16.50 13.72 16.28 19.42 22.78 26.94 28.11 22.41 16.35 14.75 14.16 14.97 15.84 18.98 21.53 20.51 17.81 17.96 17.96 22.19 21.10 23.00 21.53 18.10 18.10 17.96 10.29 1.97 0.00 8.03 15.18 17.01
8.69 9.42 10.15 10.51 10.80 9.34 5.62 7.30 3.80 3.80 4.74 11.75 12.99 14.82 13.58 12.34 14.53 15.04 13.80 13.80 12.63 10.15 12.92 15.84 17.45 9.93 8.10 12.92 13.72 15.99 18.32 21.90 25.26 19.93 14.09 11.75 11.75 13.21 13.51 14.75 16.28 15.18 14.24 13.07 13.07 12.26 12.63 13.65 12.78 16.64 18.40 17.16 16.13 16.13 18.32 23.29 28.03 27.30 23.29 15.48 12.41 10.22 9.64 9.56 12.26 15.40 18.91 20.44 20.51 20.51 23.58 22.70 21.53 13.80 10.15 13.14 13.58 6.35 0.00 0.00 8.47 13.72 14.24
8.69 9.42 10.15 10.51 10.80 9.34 5.62 7.30 3.80 3.80 4.74 11.75 12.99 14.82 13.58 12.34 14.53 15.04 13.80 13.80 12.63 10.15 12.92 15.84 17.45 9.93 8.10 12.92 13.72 15.99 18.32 21.90 25.26 19.93 14.09 11.75 11.75 13.21 13.51 14.75 16.28 15.18 14.24 13.07 13.07 12.26 12.63 13.65 12.78 16.64 18.40 17.16 16.13 16.13 18.32 23.29 28.03 27.30 23.29 15.48 12.41 10.22 9.64 9.56 12.26 15.40 18.91 20.44 20.51 20.51 23.58 22.70 21.53 13.80 10.15 13.14 13.58 6.35 0.00 0.00 8.47 13.72 14.24
10.66 9.20 9.42 11.32 12.26 12.12 9.05 6.20 3.36 5.26 7.15 8.47 11.68 17.52 23.73 14.09 12.12 14.97 15.40 15.40 13.87 11.39 10.66 11.83 14.53 17.52 15.55 11.32 9.78 11.68 14.31 18.32 21.61 21.53 17.96 12.85 12.05 13.29 14.16 13.51 12.48 15.04 16.64 16.35 16.35 17.45 19.13 19.56 17.01 17.67 16.94 17.67 18.54 18.32 18.61 20.37 20.81 18.03 14.97 11.90 13.21 17.01 15.99 14.16 13.29 14.45 16.28 17.45 20.44 20.44 25.26 22.48 13.07 11.02 11.32 12.63 12.19 4.82 0.00 3.94 10.07 8.32 7.15
13.14 12.70 13.14 13.51 15.55 15.55 13.21 8.76 7.96 6.64 10.44 12.92 15.33 18.47 22.48 20.66 21.10 21.83 21.61 21.61 23.36 18.76 10.95 8.83 10.66 15.26 16.28 15.33 15.91 15.48 17.74 20.95 23.21 27.96 26.13 19.56 14.24 12.26 11.39 12.41 14.53 17.23 20.08 21.46 21.46 23.94 22.48 18.98 15.91 17.52 17.89 17.08 16.64 17.81 15.77 15.62 17.16 15.99 15.84 15.62 18.76 22.63 21.39 18.10 16.50 17.96 16.94 17.08 23.43 23.43 27.30 24.67 17.23 12.78 11.83 11.32 8.10 5.55 5.84 7.30 8.10 8.47 8.98
11.39 10.59 12.56 12.63 15.18 17.67 16.43 14.53 9.78 9.34 10.59 15.04 15.99 15.77 16.86 18.25 19.78 20.37 21.02 21.02 21.97 19.42 15.40 14.09 13.07 16.43 19.27 19.71 18.40 16.72 12.63 12.99 16.13 26.43 22.78 18.47 14.75 11.32 9.86 11.90 14.75 19.13 25.33 28.76 28.76 29.78 25.33 14.24 18.25 18.10 20.15 18.61 17.45 17.37 15.77 12.19 14.89 17.16 17.96 17.67 20.29 26.50 27.52 22.05 18.98 19.27 21.75 26.13 25.48 25.48 20.66 12.78 11.39 10.15 12.05 10.37 9.56 10.80 12.26 12.19 10.00 7.59 9.56
6.72 8.10 7.59 9.27 12.19 14.89 11.10 12.78 12.05 13.72 14.67 15.55 17.74 18.91 15.26 14.45 15.70 19.71 20.37 20.37 20.66 19.86 17.81 16.57 18.40 19.20 20.66 20.59 17.30 14.60 13.29 14.31 17.96 24.45 24.75 10.73 4.60 4.16 4.45 8.18 13.58 13.65 20.37 25.40 25.40 31.03 32.63 26.28 25.92 29.13 24.31 22.05 21.17 20.81 17.45 17.37 20.00 19.42 18.25 16.86 17.16 18.10 18.25 20.29 20.88 21.53 22.70 21.61 17.16 17.16 11.90 5.77 6.35 9.71 11.97 6.28 6.42 10.37 10.95 9.86 10.07 10.73 10.15
5.77 6.79 7.37 9.27 10.07 6.86 7.59 10.15 14.53 18.76 25.48 28.62 30.37 32.19 29.49 25.04 20.73 20.73 22.56 22.56 23.51 25.33 23.87 24.09 25.19 26.79 28.11 27.74 24.31 19.42 14.97 11.39 12.05 17.52 19.27 13.51 4.53 2.04 0.00 5.33 10.07 14.75 8.83 11.17 11.17 15.55 16.72 13.80 19.93 24.53 20.73 24.24 27.74 28.11 27.01 25.48 25.04 22.48 18.61 16.86 16.64 17.45 18.61 19.49 19.42 18.54 17.45 16.72 13.65 13.65 8.10 7.23 6.28 6.64 5.91 4.23 4.45 10.37 11.61 8.76 8.40 10.73 9.42
5.77 6.79 7.37 9.27 10.07 6.86 7.59 10.15 14.53 18.76 25.48 28.62 30.37 32.19 29.49 25.04 20.73 20.73 22.56 22.56 23.51 25.33 23.87 24.09 25.19 26.79 28.11 27.74 24.31 19.42 14.97 11.39 12.05 17.52 19.27 13.51 4.53 2.04 0.00 5.33 10.07 14.75 8.83 11.17 11.17 15.55 16.72 13.80 19.93 24.53 20.73 24.24 27.74 28.11 27.01 25.48 25.04 22.48 18.61 16.86 16.64 17.45 18.61 19.49 19.42 18.54 17.45 16.72 13.65 13.65 8.10 7.23 6.28 6.64 5.91 4.23 4.45 10.37 11.61 8.76 8.40 10.73 9.42
5.48 6.06 6.64 7.74 9.20 9.34 9.56 14.16 21.02 22.27 25.19 29.05 32.19 35.41 37.16 34.75 30.22 26.79 25.40 25.40 25.40 25.84 24.45 24.38 26.13 29.49 28.11 27.30 24.60 18.98 13.43 7.66 5.99 6.72 7.08 6.79 3.72 2.85 3.07 3.65 9.64 10.95 7.96 7.15 7.15 11.83 11.39 10.51 12.34 12.92 14.31 15.40 16.64 17.23 18.61 20.44 20.29 19.05 16.50 14.02 16.86 20.00 21.17 21.97 23.36 23.00 19.71 16.94 18.98 18.98 19.93 17.30 13.80 10.00 9.93 7.96 7.74 7.23 7.01 6.79 7.59 8.25 8.83
7.74 7.45 7.45 5.99 12.19 16.06 19.78 25.19 30.37 31.46 28.03 27.01 26.28 26.65 27.08 26.79 27.01 26.65 26.86 26.86 27.74 28.47 28.40 26.86 26.44 26.49 27.59 23.37 21.17 16.50 10.51 7.08 4.96 4.09 0.00 0.00 1.90 2.77 3.72 4.82 8.83 8.76 9.64 8.32 8.32 9.34 10.66 11.39 12.34 8.47 3.65 8.91 13.51 13.29 11.83 12.41 13.29 12.56 12.48 15.33 18.47 20.08 22.34 24.67 25.77 28.84 24.97 18.10 21.39 21.39 26.28 27.74 18.98 15.70 14.67 10.73 6.86 6.42 5.84 6.06 10.88 9.34 8.25
9.78 11.61 11.10 15.99 21.10 25.92 29.42 33.07 32.56 30.66 27.81 27.01 22.70 16.94 13.36 16.86 22.70 28.03 31.10 31.10 32.70 32.92 32.41 30.66 30.67 36.11 30.84 31.23 30.55 28.98 19.93 11.97 7.08 3.43 2.70 0.00 2.56 0.00 4.60 5.40 6.42 7.66 6.79 5.40 5.40 5.84 9.93 10.51 11.39 8.69 0.00 5.62 7.81 9.05 9.56 10.15 10.15 9.56 11.46 16.43 23.65 23.51 20.29 23.29 22.19 23.21 22.92 23.51 23.94 23.94 22.27 21.02 14.67 13.72 10.66 7.59 7.59 8.32 9.42 9.71 9.27 6.28 4.16
14.67 13.94 14.31 15.55 18.83 25.19 31.03 30.95 29.13 24.16 19.27 16.21 12.78 7.96 6.28 11.75 19.71 24.16 27.38 27.38 27.96 24.02 23.35 26.42 29.95 31.70 32.07 34.53 33.26 30.18 21.97 15.55 14.16 11.39 6.20 4.60 6.72 6.86 7.37 4.23 4.60 8.91 8.98 6.20 6.20 0.00 0.00 8.03 9.20 7.74 6.13 6.13 5.99 7.30 7.81 7.08 7.59 8.76 9.56 13.80 20.51 24.16 22.48 26.35 22.48 19.93 25.48 30.00 28.25 28.25 25.26 22.19 18.91 15.55 16.94 15.62 15.62 13.51 9.27 10.95 8.03 5.26 7.08
20.73 17.16 15.70 15.91 17.81 21.10 25.40 25.84 25.70 20.73 12.12 5.99 3.50 3.29 5.69 7.08 9.27 11.10 11.39 11.39 10.63 9.00 9.26 13.92 20.51 26.31 27.81 32.66 34.44 36.30 34.95 27.95 23.51 22.78 17.96 14.53 15.33 11.02 5.84 4.38 2.99 5.99 10.88 7.88 7.88 3.21 4.53 6.72 7.66 7.01 6.94 7.30 5.62 6.20 7.08 6.28 7.59 7.88 7.52 11.53 19.13 25.62 27.52 31.97 29.05 25.70 26.28 29.05 28.11 28.11 24.97 22.56 20.66 19.20 19.27 20.44 19.86 12.99 8.18 8.98 8.98 7.08 9.71
20.73 17.16 15.70 15.91 17.81 21.10 25.40 25.84 25.70 20.73 12.12 5.99 3.50 3.29 5.69 7.08 9.27 11.10 11.39 11.45 10.97 9.13 9.92 13.57 21.04 25.92 27.81 31.68 32.00 33.92 35.49 28.24 24.49 25.59 19.00 14.90 15.33 11.02 5.84 4.38 2.99 5.99 10.88 7.88 7.88 3.21 4.53 6.72 7.66 7.01 6.94 7.30 5.62 6.20 7.08 6.28 7.59 7.88 7.52 11.53 19.13 25.62 27.52 31.97 29.05 25.70 26.28 29.05 28.11 28.11 24.97 22.56 20.66 19.20 19.27 20.44 19.86 12.99 8.18 8.98 8.98 7.08 9.71
20.95 18.40 17.45 15.99 18.83 22.05 21.83 21.68 22.48 21.97 17.23 10.51 5.77 5.40 9.71 11.17 13.80 15.04 11.32 11.32 6.50 3.72 3.87 5.43 7.56 9.36 14.01 19.10 25.31 31.90 33.53 28.39 21.79 24.45 30.48 23.03 18.91 11.13 7.59 7.59 3.94 0.00 7.59 9.78 9.78 7.52 5.91 14.38 15.91 12.26 7.66 8.10 6.28 0.00 0.00 0.00 3.50 4.67 6.50 9.34 13.65 18.69 23.73 28.54 33.65 30.44 24.97 25.77 23.73 23.73 20.44 17.01 15.99 14.53 17.37 20.73 18.40 11.83 11.68 11.53 9.56 7.23 6.79
14.60 15.84 16.64 13.29 13.21 16.28 17.74 22.70 27.52 30.66 27.52 24.38 17.74 13.80 14.24 17.89 19.64 18.91 15.99 15.99 10.49 5.55 3.23 0.00 3.65 3.45 3.04 5.33 14.45 26.22 33.26 29.27 23.51 23.87 28.88 30.83 31.17 22.16 14.60 9.78 8.69 6.20 3.72 5.33 5.33 8.69 9.34 11.02 13.51 14.09 12.19 12.12 8.18 7.08 5.91 4.23 4.60 4.53 4.96 6.42 6.35 7.59 17.52 22.27 28.98 26.72 20.59 15.99 16.79 16.79 14.82 11.75 12.34 11.17 13.80 17.08 15.70 11.39 13.07 12.99 9.13 6.86 4.82
8.76 13.65 15.70 16.57 15.18 12.78 12.12 12.85 18.47 21.68 20.73 19.49 15.70 11.68 9.71 9.86 12.12 10.07 5.62 5.62 0.00 0.00 0.00 2.56 2.70 0.00 0.00 0.00 4.65 11.74 21.44 25.92 29.20 29.49 26.65 25.90 26.49 29.04 21.02 14.09 13.72 12.05 5.69 5.48 5.48 8.25 10.15 7.45 9.20 12.12 14.24 18.54 18.40 13.14 11.61 10.00 7.96 5.99 5.18 0.00 4.16 5.04 7.74 13.29 19.20 16.57 13.80 10.59 11.68 11.68 8.98 5.84 4.53 4.67 8.25 11.97 13.14 13.65 13.65 14.31 14.60 14.97 15.26
14.09 15.40 17.08 15.33 11.97 8.47 14.67 18.40 20.00 21.46 17.30 12.05 11.68 11.83 9.20 7.52 8.18 7.74 5.84 5.84 4.16 0.00 0.00 0.22 0.00 0.00 0.00 1.39 4.26 8.61 11.90 16.28 21.61 26.13 28.18 27.52 26.28 26.09 26.25 21.30 14.38 11.02 6.72 4.23 4.23 5.33 6.72 7.23 8.91 13.36 15.11 15.48 15.18 12.85 12.19 11.90 7.88 5.18 5.48 6.94 5.18 0.00 0.00 6.86 8.61 9.27 7.01 8.47 6.28 6.28 4.02 2.19 0.00 2.99 5.04 6.42 11.02 13.36 14.75 15.70 16.35 19.64 20.81
4.89 6.20 10.15 12.63 8.25 6.64 8.32 9.20 8.47 12.61 17.16 15.70 15.99 14.45 10.88 6.64 4.53 2.41 2.26 2.26 3.65 4.09 6.94 9.86 12.56 13.14 9.27 7.15 6.34 8.03 8.32 11.24 13.72 18.25 23.73 30.08 25.40 19.93 18.61 18.53 14.90 7.41 8.54 6.94 6.94 5.40 0.00 6.79 7.30 6.86 6.94 8.83 11.75 11.39 16.43 14.38 8.54 5.04 6.20 6.86 7.01 5.33 4.45 2.77 0.00 0.00 0.00 0.00 0.00 0.00 0.00 0.00 0.00 2.63 6.86 12.78 20.29 24.02 21.68 19.05 17.01 17.01 18.18
0.00 0.00 0.00 3.29 7.15 11.97 17.37 13.87 5.55 1.20 5.18 10.00 11.46 9.27 5.99 2.41 0.58 0.00 1.31 1.31 5.18 7.01 10.22 14.60 16.79 17.89 18.32 15.11 12.48 12.67 11.95 11.57 9.90 11.59 16.57 15.55 13.07 11.32 12.39 10.88 7.88 4.57 6.42 9.20 9.20 6.06 4.82 4.74 4.96 5.55 5.77 6.64 4.16 5.48 7.88 9.34 7.88 4.96 4.31 7.45 7.45 4.16 0.00 0.00 0.00 0.00 0.00 0.00 0.00 0.00 0.00 0.00 0.00 0.00 3.36 14.24 21.46 27.08 24.24 20.08 17.37 16.28 14.82
0.00 0.00 0.00 3.29 7.15 11.97 17.37 13.87 5.55 1.17 5.18 10.00 11.46 9.27 5.99 2.41 0.58 0.00 1.32 1.31 5.18 7.01 10.22 14.60 16.79 17.89 18.32 15.11 12.48 12.48 11.53 11.17 9.86 11.24 16.57 15.63 13.13 11.32 12.33 10.99 7.88 4.53 6.42 9.20 9.20 6.06 4.82 4.74 4.96 5.55 5.77 6.64 4.16 5.48 7.88 9.34 7.88 4.96 4.31 7.45 7.45 4.16 0.00 0.00 0.00 0.00 0.00 0.00 0.00 0.00 0.00 0.00 0.00 0.00 3.36 14.24 21.46 27.08 24.24 20.08 17.37 16.28 14.82
5.40 0.00 0.00 0.00 0.00 16.28 28.69 27.30 21.94 9.86 4.89 6.28 6.57 6.50 4.53 2.04 0.00 0.00 0.00 0.00 0.00 2.26 5.62 9.42 13.07 16.50 19.49 20.08 19.49 19.05 15.11 10.29 10.37 9.27 9.93 8.47 6.79 5.91 9.71 8.73 7.01 5.26 0.00 5.40 5.40 5.18 5.26 5.26 6.06 6.50 5.99 6.42 4.23 2.26 2.85 4.23 4.96 3.94 5.33 6.79 12.26 10.44 4.74 3.72 3.07 0.00 0.00 0.00 0.00 0.00 0.00 0.00 0.00 0.00 0.00 1.83 4.31 7.59 14.02 19.64 22.48 19.93 14.02
