Wansh/Snow_depth/snowdepth-1982/winter/1983008.txt
ncols 321
nrows 161
xllcenter 60
yllcenter 15 
cellsize  0.25 
NODATA_value -1
[rows 74 to 110 of 161, columns 84 to 167 of 321]
0.00 0.00 0.00 0.00 0.00 0.22 0.00 0.00 2.19 1.90 3.50 0.95 5.62 6.35 0.00 0.00 0.00 0.00 0.00 0.00 0.00 0.00 0.00 0.00 6.50 8.91 7.96 5.48 6.57 7.15 3.87 5.04 5.77 7.81 7.88 7.08 6.42 7.59 7.08 7.52 9.93 3.36 4.16 4.16 0.00 6.35 5.62 2.48 0.44 0.00 0.00 0.00 0.00 0.00 0.00 0.00 0.00 0.00 0.00 0.00 0.00 0.00 0.00 0.00 0.00 0.00 2.77 3.14 3.14 3.23 4.40 4.23 2.34 0.00 0.00 0.00 0.00 0.37 0.00 7.30 16.35 9.32 6.06 6.13
0.00 0.00 0.00 0.00 4.82 7.88 7.45 6.42 6.79 5.99 4.38 3.21 7.30 0.00 0.00 0.00 0.00 0.00 0.00 4.45 5.18 5.99 5.48 5.26 8.91 9.93 8.47 6.42 7.08 7.96 6.42 4.09 5.04 6.28 8.03 8.25 7.81 7.59 6.28 6.42 5.84 7.88 9.86 9.86 7.45 6.42 6.06 4.53 3.87 1.39 0.00 0.00 0.00 0.00 0.00 5.77 0.00 0.00 0.00 0.00 0.88 2.70 0.00 0.00 0.00 0.00 2.41 2.85 2.85 3.23 6.79 7.74 4.02 0.00 0.00 0.00 0.00 0.00 3.94 6.50 10.66 8.47 6.82 5.04
4.31 5.91 4.38 2.41 5.40 6.86 6.13 6.28 6.06 6.35 7.66 7.30 8.69 6.42 0.00 0.00 5.99 0.00 0.00 4.74 5.40 6.28 4.53 0.00 0.00 3.36 0.00 0.00 0.00 5.18 4.23 3.43 3.87 0.00 3.58 6.94 7.66 6.06 7.81 12.48 8.61 7.66 8.40 8.40 7.66 7.74 9.78 9.93 13.58 0.00 4.96 5.99 5.18 4.23 1.53 1.39 2.92 2.41 2.56 2.34 3.50 1.97 2.12 1.02 0.00 0.00 3.14 2.70 2.70 4.09 8.47 11.39 8.69 5.18 2.99 0.00 0.00 0.00 0.00 0.00 2.70 5.09 5.36 3.39
6.13 4.02 2.70 1.39 1.46 4.23 0.00 0.00 6.13 7.08 7.45 8.10 6.94 5.91 5.91 0.00 0.00 0.00 0.00 0.00 0.00 3.80 0.00 0.00 3.72 3.58 3.50 4.02 5.18 4.02 0.00 2.77 0.00 0.00 4.31 2.85 0.00 5.26 7.15 5.62 4.31 7.52 7.37 7.37 6.42 7.23 8.47 9.93 11.17 9.13 10.37 10.37 7.88 8.69 6.35 3.29 7.37 8.40 8.25 8.32 7.59 5.48 7.52 7.01 4.96 5.18 6.06 4.23 4.23 4.38 5.77 8.54 10.15 9.78 3.21 0.00 0.00 0.00 0.00 0.00 2.70 4.62 4.62 3.54
4.82 3.29 0.00 1.46 5.48 6.94 0.00 0.00 4.02 4.60 5.55 3.65 3.94 0.00 0.00 0.00 5.18 5.84 5.84 7.30 5.33 4.89 4.89 4.53 3.87 5.26 4.82 4.74 0.00 0.00 0.00 0.00 0.00 0.00 5.55 2.99 0.00 0.00 0.22 1.83 0.00 5.33 0.00 0.00 6.72 6.72 5.18 3.65 0.00 9.13 10.59 7.81 8.98 10.73 11.90 13.29 11.39 8.40 7.37 8.25 10.44 10.73 9.20 6.72 6.13 9.56 11.68 9.56 9.56 7.96 7.88 6.64 7.59 12.05 5.91 0.00 0.00 2.70 2.99 4.02 3.80 8.51 6.24 3.63
14.31 11.97 8.18 5.77 5.33 2.04 0.00 3.36 3.29 3.14 0.00 0.00 4.89 6.79 5.84 5.55 5.11 5.84 5.84 5.48 6.28 5.99 5.11 5.04 4.23 0.00 0.00 0.00 0.00 0.00 0.00 0.00 0.00 4.82 4.09 0.00 6.57 3.87 0.44 3.43 3.43 5.33 0.00 0.00 6.64 6.50 0.00 0.00 0.00 3.14 4.02 0.00 0.00 5.69 7.30 8.32 7.74 0.00 5.91 6.28 6.86 8.25 8.40 6.42 6.72 8.18 11.02 12.85 12.85 12.05 10.44 7.37 9.13 10.07 6.53 2.48 2.71 3.07 1.68 2.56 4.23 6.06 5.91 4.55
0.00 0.00 0.00 4.82 4.67 3.87 1.68 2.99 2.48 2.34 5.99 4.67 3.29 5.69 0.00 6.06 5.40 0.00 0.00 4.23 0.00 0.00 0.00 4.96 0.00 0.00 0.00 0.00 0.00 0.00 3.21 0.00 0.00 0.00 0.00 0.00 7.30 0.00 0.00 4.02 5.55 4.38 4.82 4.82 0.00 0.00 0.00 0.00 0.00 0.00 0.00 0.00 0.00 0.00 2.92 0.00 6.79 7.74 8.47 7.66 6.79 8.61 8.18 7.01 6.86 6.42 5.33 8.61 8.61 10.51 8.91 11.39 14.53 10.95 6.35 2.27 1.05 1.38 2.34 2.56 1.17 1.61 3.36 3.58
0.00 0.00 0.00 0.00 2.41 4.16 2.99 0.00 0.00 0.00 7.59 5.04 5.18 0.00 6.42 5.91 5.40 0.00 0.00 0.00 0.00 3.94 4.89 3.43 2.77 0.00 4.23 0.00 0.00 0.00 0.00 0.00 0.00 2.70 2.04 2.85 0.00 0.00 2.99 4.89 4.53 4.16 4.02 4.02 3.21 0.00 0.00 0.00 0.00 0.00 0.00 0.00 0.00 0.00 0.00 0.00 7.08 11.02 11.61 12.70 11.75 11.46 9.34 7.52 0.00 0.00 4.23 6.28 6.28 8.76 7.37 15.04 23.51 19.20 14.97 6.31 3.47 2.90 4.01 2.92 0.00 0.00 0.44 0.00
0.00 2.48 0.00 0.00 3.87 5.26 0.80 1.39 0.00 0.00 3.72 3.94 6.28 7.23 0.00 6.50 7.96 4.74 4.74 0.00 0.00 2.99 2.48 3.07 0.00 0.00 2.70 3.72 0.00 3.94 3.72 0.00 0.00 2.48 3.43 0.00 0.00 0.00 4.09 5.11 5.18 4.16 1.68 1.68 0.00 0.00 0.00 0.00 0.00 0.00 0.00 5.18 0.00 0.00 0.00 0.00 6.86 9.56 11.97 16.72 20.44 17.08 11.61 9.27 10.00 8.54 6.86 6.28 6.28 5.84 0.00 7.23 18.61 25.77 16.86 7.37 3.80 2.99 2.77 2.13 0.15 0.37 2.26 2.41
0.00 4.60 2.63 0.00 0.00 0.00 3.07 2.34 0.00 0.00 4.09 0.00 4.74 5.55 5.62 6.79 0.00 4.67 4.67 3.58 4.16 3.72 0.00 4.45 0.00 0.00 4.67 3.72 2.77 0.00 3.21 0.00 0.00 0.00 5.26 3.58 0.00 0.00 1.02 0.00 0.00 0.00 0.00 0.00 0.00 0.00 0.00 0.00 0.00 0.00 0.00 0.00 0.00 3.50 4.16 6.57 6.13 6.57 9.20 13.36 16.28 17.81 15.40 13.87 13.07 8.76 5.48 5.04 5.04 3.36 3.29 0.00 6.06 14.16 16.28 12.05 4.31 3.80 2.77 1.53 1.24 1.24 0.00 0.00
0.00 2.77 0.00 4.89 3.72 0.00 3.29 3.94 4.09 5.48 4.74 4.60 5.26 5.33 5.48 4.60 3.07 0.00 0.00 3.58 4.31 2.41 0.00 5.11 5.11 4.74 3.87 0.00 2.70 4.09 0.00 0.00 0.00 0.00 0.00 4.38 4.96 5.55 2.92 0.00 0.00 0.00 0.00 0.00 0.00 0.00 0.00 0.00 0.00 0.00 0.00 0.00 5.40 7.15 5.26 3.94 6.50 7.30 5.11 8.10 12.78 14.67 13.94 9.86 4.53 6.06 5.04 3.87 3.87 2.34 1.83 1.90 0.00 5.62 8.32 10.66 8.18 7.52 5.84 7.30 7.81 5.40 3.80 4.82
0.00 0.00 0.00 0.00 0.00 0.00 1.24 2.92 6.94 5.84 5.04 5.40 4.02 5.40 0.00 0.00 0.00 0.00 0.00 3.58 4.53 4.53 3.65 3.94 5.11 5.99 5.77 0.00 4.82 5.48 0.00 7.30 8.32 4.09 3.58 0.00 0.00 6.13 6.13 0.00 0.00 0.00 0.00 0.00 0.00 0.00 0.00 0.00 0.00 0.00 0.00 0.00 3.65 7.37 9.78 9.42 7.45 7.01 2.19 3.14 9.83 11.99 9.33 4.45 1.97 3.07 7.23 6.42 6.42 5.62 2.34 2.56 0.00 1.97 2.34 4.82 9.05 10.95 8.47 10.59 10.66 10.95 0.00 0.00
0.00 4.74 5.48 3.87 3.94 3.87 4.16 0.00 6.13 5.18 4.31 0.00 0.00 0.00 3.80 0.00 0.00 5.11 5.11 3.72 0.00 0.00 7.01 0.00 0.00 3.87 0.00 0.00 6.28 0.00 0.00 5.77 4.74 3.72 0.00 0.00 0.00 0.00 7.96 11.53 10.80 6.72 5.48 5.48 0.00 0.00 0.00 0.00 2.70 3.36 3.29 2.41 1.46 3.36 12.19 22.70 24.31 22.70 19.27 7.81 3.50 5.26 9.83 8.61 4.53 4.09 4.31 4.45 4.45 6.86 11.17 14.97 10.07 6.64 4.31 3.80 4.96 9.42 13.07 7.66 8.32 6.35 3.50 0.00
2.48 2.70 0.00 3.80 5.04 5.69 5.62 5.77 5.04 4.45 6.13 5.99 0.00 0.00 0.00 0.00 7.23 5.99 5.99 0.00 3.29 0.00 5.18 0.00 3.65 4.02 3.36 2.99 0.00 0.00 0.00 3.65 4.23 4.38 0.00 0.00 0.00 0.00 8.54 15.18 15.70 10.15 8.98 8.98 6.35 3.87 0.00 0.44 0.00 2.85 2.04 2.63 1.97 3.21 5.84 11.17 16.64 21.61 19.35 12.19 4.96 4.09 4.96 5.33 4.30 3.65 2.63 2.34 2.34 4.89 12.48 20.29 15.33 9.42 6.42 7.37 4.89 6.28 9.20 9.42 11.61 10.00 6.72 0.00
0.00 0.00 0.00 0.00 0.00 0.00 5.55 0.00 0.00 0.00 5.62 7.08 5.04 7.52 6.57 5.55 5.26 5.77 5.77 6.42 6.42 0.00 0.00 5.04 4.53 5.26 5.11 0.00 0.00 0.00 4.53 3.65 2.12 2.12 3.14 4.09 4.02 0.00 5.77 10.07 13.29 15.33 13.94 13.94 10.88 9.05 7.08 4.23 2.77 2.04 3.29 3.94 3.29 6.86 6.72 7.01 7.81 10.15 10.07 11.10 5.26 0.95 1.68 4.02 5.46 7.80 5.84 1.97 1.97 3.14 4.96 12.34 15.70 16.50 9.34 9.56 7.30 6.35 8.61 8.47 11.02 7.59 0.00 0.00
2.19 0.00 0.00 0.00 0.00 0.00 4.16 2.85 0.00 0.00 5.26 5.77 4.38 5.33 5.69 6.28 6.79 5.40 5.40 6.86 6.35 5.04 4.53 0.00 4.89 0.00 5.84 4.38 6.13 5.84 5.62 5.18 4.96 5.11 4.96 4.38 4.82 4.82 3.43 3.14 4.67 4.89 9.71 9.71 13.07 20.29 18.98 18.98 13.14 6.35 4.45 4.89 4.45 6.20 7.30 9.05 6.79 7.37 8.67 7.30 3.80 4.53 9.76 15.91 16.45 14.98 19.59 11.68 11.68 5.04 5.55 10.29 14.38 19.78 14.16 12.19 12.99 11.68 11.24 8.56 10.77 8.65 7.70 0.00
2.34 0.00 0.00 0.00 0.00 0.00 2.92 0.00 0.00 0.00 4.96 5.18 3.36 1.10 4.31 6.20 6.35 5.40 5.40 4.67 5.91 5.62 3.58 4.96 5.55 6.13 5.18 0.00 4.23 3.29 4.23 5.33 6.50 5.84 5.55 4.96 6.13 5.84 3.07 0.00 6.13 4.82 6.50 6.50 13.07 22.27 27.01 21.10 15.84 13.65 12.99 13.58 13.14 10.66 9.93 11.53 8.54 4.74 4.38 3.58 2.86 5.48 11.28 20.15 25.84 22.63 18.43 17.54 16.98 14.67 15.04 15.11 12.48 16.21 15.62 15.26 18.69 18.03 13.38 10.63 7.82 8.30 8.37 7.64
0.00 0.00 0.73 0.00 0.00 0.00 0.00 2.26 2.26 2.63 0.00 0.00 0.00 0.00 0.00 3.29 0.00 2.92 2.92 2.85 5.26 3.50 2.70 4.53 0.00 6.79 4.09 0.00 3.87 3.80 5.11 3.21 3.87 0.00 6.94 0.00 3.72 4.53 0.00 0.00 5.26 5.40 5.48 5.48 5.18 14.75 16.94 13.21 12.99 13.80 15.26 20.15 27.16 22.85 16.86 18.54 15.18 11.39 11.65 11.06 11.32 8.18 6.26 11.48 19.31 26.82 28.84 18.83 18.93 15.18 13.94 11.53 10.88 12.34 12.91 11.68 11.75 12.63 12.77 10.60 6.03 6.94 7.38 9.59
0.00 0.00 2.41 0.80 2.77 3.29 2.77 4.53 4.60 3.94 0.00 0.00 0.00 0.00 0.00 0.00 0.00 3.14 3.14 3.80 0.00 0.07 0.00 0.00 0.00 0.00 0.00 0.00 3.29 2.92 3.29 2.85 0.00 3.87 3.50 3.50 2.63 0.00 0.00 0.00 0.00 0.00 0.00 0.00 4.38 5.69 4.89 7.96 13.72 17.67 17.67 20.51 25.77 24.60 24.67 24.24 23.87 24.38 20.66 15.42 13.20 9.17 4.87 6.71 14.77 17.06 20.66 18.76 18.76 10.55 9.94 11.31 12.99 8.60 6.75 6.93 5.99 6.45 7.53 8.86 8.29 5.95 6.12 9.13
0.00 0.00 0.00 0.00 0.00 0.00 2.12 0.00 0.00 2.77 0.00 0.00 0.00 0.00 0.00 0.00 0.00 0.00 0.00 0.00 0.00 0.00 0.00 0.00 0.00 0.00 0.00 0.00 0.00 0.00 0.00 0.00 0.00 0.00 3.14 2.56 2.77 0.00 2.63 0.00 0.00 0.00 0.00 0.00 7.01 7.81 8.91 9.13 17.74 27.81 20.29 17.16 20.81 19.13 24.82 27.38 28.53 28.84 25.92 19.27 10.00 6.03 5.44 6.61 14.68 17.22 9.17 6.94 6.94 6.71 6.77 9.99 13.56 10.05 7.04 6.46 6.57 4.22 4.47 3.69 5.05 8.38 8.02 7.54
0.00 0.00 0.00 0.00 0.00 0.00 0.00 0.00 0.00 2.85 0.00 0.00 0.00 0.00 0.00 5.33 0.00 0.00 0.00 4.09 3.87 0.00 2.99 1.39 1.02 0.00 1.61 0.00 0.00 0.00 0.00 0.00 0.00 0.00 0.00 2.12 3.14 0.00 0.00 3.36 0.00 0.00 0.00 0.00 0.00 9.13 14.75 12.85 17.52 20.59 16.64 14.82 16.46 15.20 19.19 23.72 24.61 25.48 26.06 24.97 18.54 12.84 7.68 6.21 12.09 16.13 9.19 3.50 3.52 3.49 5.30 8.11 11.53 11.32 11.90 10.44 8.19 7.04 4.37 2.83 4.61 4.55 6.39 3.83
0.00 0.00 0.00 0.00 1.39 0.00 0.00 0.00 0.00 0.00 0.00 0.00 0.00 0.00 0.00 0.00 0.00 3.36 3.36 0.00 3.58 0.00 0.00 2.12 0.00 0.00 0.00 0.00 0.00 0.00 0.00 0.00 0.00 3.94 0.00 0.00 0.00 0.00 0.00 0.00 0.00 0.00 0.00 0.00 0.00 10.00 10.44 10.22 14.60 17.37 13.07 13.80 11.90 11.70 17.02 20.55 20.25 22.59 19.64 24.26 22.67 16.36 12.07 7.14 6.90 10.51 7.86 2.49 2.49 4.50 5.01 4.38 4.81 8.81 8.88 8.29 9.39 10.53 6.21 4.60 7.42 10.29 9.79 3.43
0.00 0.00 0.00 3.87 3.29 2.85 3.21 0.00 0.00 0.00 0.00 0.00 0.00 0.00 0.00 0.00 0.00 0.00 0.00 0.00 0.00 0.00 8.03 5.99 0.00 0.00 0.00 0.00 0.00 0.00 0.00 0.00 0.00 2.12 4.16 0.00 0.00 0.00 0.00 0.00 0.00 0.00 0.00 0.00 5.26 5.91 7.01 9.20 17.74 20.73 20.22 13.72 10.51 9.32 7.67 11.11 11.31 16.82 20.30 22.06 23.60 20.46 13.62 7.72 4.02 9.49 7.07 2.08 2.04 1.85 3.74 4.06 8.25 9.92 6.28 9.10 3.63 5.08 7.34 5.23 8.28 12.04 11.95 8.38
0.00 0.00 0.00 2.85 4.38 4.45 5.11 5.26 4.45 0.00 0.00 0.00 0.00 0.00 0.00 0.00 0.00 0.00 0.00 0.00 0.00 0.00 4.23 0.00 0.00 0.00 2.92 0.00 0.00 0.00 0.00 0.00 0.00 1.83 2.99 0.00 0.00 0.00 0.00 8.03 15.99 19.56 12.05 12.05 7.74 8.54 7.23 11.61 19.56 19.92 18.89 17.34 18.73 18.21 16.32 11.74 9.20 7.81 11.88 13.99 14.53 19.06 18.65 9.49 3.48 4.13 7.19 2.94 2.86 2.04 3.50 3.20 8.84 9.79 5.50 5.11 3.59 6.13 8.04 5.96 7.91 14.05 10.76 6.84
2.77 0.00 0.00 0.00 0.00 0.00 0.00 4.16 4.67 4.74 0.00 3.07 0.00 0.00 0.00 0.00 0.00 2.34 2.34 0.00 0.00 0.00 0.00 0.00 2.99 3.36 2.48 3.43 3.50 3.87 0.00 0.00 0.00 4.16 2.70 1.46 0.00 0.00 0.00 0.00 6.79 7.66 10.29 10.29 14.45 14.38 13.43 15.33 18.61 20.37 21.45 19.55 14.69 14.18 13.69 14.23 18.91 21.71 22.53 19.08 14.31 7.41 8.79 11.51 7.23 6.02 3.92 2.62 2.58 1.17 1.02 4.61 7.47 11.17 13.78 9.20 6.13 6.68 6.17 7.14 11.27 14.26 15.27 10.99
7.59 5.62 5.18 10.51 10.66 0.00 0.00 0.00 0.00 0.00 4.31 4.23 0.00 0.00 3.65 2.04 0.00 0.00 0.00 2.70 1.02 6.13 0.00 0.00 3.43 4.31 2.99 3.07 2.85 3.14 2.34 1.61 1.61 2.26 3.72 3.50 3.94 4.60 0.00 0.00 2.56 5.33 6.72 6.72 12.63 15.04 15.84 14.02 13.47 16.58 17.23 15.06 13.67 12.46 11.48 9.33 10.88 12.31 17.55 21.82 21.16 14.52 12.61 8.73 4.45 5.69 4.62 1.00 0.99 1.24 1.46 2.95 5.72 8.47 10.72 11.68 10.54 7.71 5.78 6.28 11.45 12.87 14.60 13.38
13.14 8.76 7.45 9.78 17.37 16.64 9.42 0.00 0.00 0.00 0.00 0.00 0.00 0.00 4.02 3.87 0.00 0.00 0.00 2.70 1.90 0.00 0.00 0.00 2.48 2.19 2.04 2.63 3.29 3.65 3.80 1.53 1.83 4.09 4.74 5.26 9.49 5.04 0.95 2.04 3.21 3.43 4.02 4.02 7.45 12.05 11.10 8.92 11.60 12.67 10.04 9.86 13.34 14.92 13.68 7.78 4.77 9.17 13.13 16.58 24.49 26.15 19.20 6.64 2.04 3.80 6.11 2.79 3.10 1.36 1.94 2.64 3.47 8.56 11.08 11.36 10.07 8.76 8.04 3.55 5.47 9.33 11.53 11.31
13.07 11.68 13.07 1.46 5.91 16.43 12.92 4.84 0.00 0.00 0.00 0.00 0.00 3.58 3.58 0.00 2.26 0.00 0.00 0.00 1.68 1.68 0.00 1.53 1.97 1.83 0.37 0.00 2.56 3.80 2.92 2.12 0.07 2.26 6.64 6.64 6.79 4.38 1.97 2.26 1.98 2.92 3.43 3.43 7.08 11.61 9.78 11.01 14.89 12.38 11.36 10.56 10.75 15.48 14.76 12.23 5.56 7.61 9.04 11.32 15.03 24.20 24.14 21.39 9.56 2.09 3.37 4.40 4.24 2.32 1.18 3.37 5.24 9.99 11.62 10.11 10.45 7.41 7.49 5.59 6.91 8.29 12.38 14.29
0.00 2.41 5.62 0.00 2.99 6.28 8.54 4.67 4.82 3.29 0.00 0.00 0.00 0.00 0.00 0.00 0.00 0.00 0.00 0.00 0.00 2.34 3.14 0.66 0.66 0.88 0.00 0.15 0.95 0.95 0.80 0.88 1.97 2.85 3.72 4.38 4.09 1.97 1.68 3.14 2.70 6.50 9.86 9.86 8.69 7.59 10.44 15.18 18.10 16.35 15.56 14.83 12.80 10.65 12.34 14.12 8.94 3.70 7.92 12.23 12.86 15.68 21.12 26.08 19.74 5.49 4.18 8.66 8.71 6.92 1.82 2.90 3.92 7.67 8.46 7.80 9.31 7.26 5.38 6.26 6.73 10.14 14.06 13.55
0.00 0.00 0.00 0.00 0.00 6.50 11.32 5.99 5.18 5.33 9.34 0.00 3.29 0.00 0.00 0.00 0.00 0.00 0.00 0.00 0.00 1.53 0.00 0.00 0.00 0.00 0.00 0.58 0.00 0.00 0.00 1.10 2.49 2.05 2.85 4.53 1.53 0.00 0.37 0.95 2.19 7.15 5.55 5.55 5.43 2.26 6.24 9.13 11.41 15.73 17.59 16.87 17.12 12.18 9.36 10.14 8.41 0.00 8.66 12.51 14.07 14.42 20.65 22.28 22.91 17.15 6.62 8.40 9.83 10.47 3.47 5.35 3.88 4.13 3.12 4.92 6.08 4.67 4.58 5.19 7.47 9.99 13.87 10.40
0.00 0.00 0.00 0.00 0.00 3.87 8.40 6.20 4.67 5.18 7.59 1.31 10.00 4.67 0.00 1.68 1.68 0.00 0.00 0.00 0.00 0.00 0.00 0.00 0.00 0.22 0.58 0.00 0.00 0.00 0.00 0.80 1.02 1.83 1.69 1.31 0.00 0.00 0.00 0.00 0.73 0.88 1.46 1.46 1.61 1.39 1.32 2.36 6.46 9.60 9.02 10.88 10.18 11.72 13.18 0.00 0.00 0.00 12.25 10.95 15.65 11.37 16.07 20.91 19.24 19.91 17.15 5.58 6.24 5.93 6.84 4.90 3.34 2.92 1.68 2.99 3.40 2.04 2.46 5.63 8.05 15.53 17.11 12.22
0.00 0.00 0.00 0.00 0.00 0.00 3.36 4.38 4.16 7.96 6.94 4.23 11.53 10.15 7.30 5.26 3.69 0.00 0.00 0.00 0.00 1.17 0.00 0.00 2.34 3.72 2.85 1.53 2.04 1.97 0.29 0.00 0.73 2.04 0.00 0.95 0.00 0.00 0.00 0.00 1.02 2.41 1.53 1.53 1.10 1.83 0.00 1.27 5.05 9.81 12.51 13.52 12.32 0.00 0.00 0.00 0.00 0.00 0.00 7.02 16.56 15.43 9.70 13.71 19.23 16.95 22.41 8.41 8.59 9.24 8.72 7.64 4.93 1.52 1.55 4.15 5.42 1.61 2.23 3.58 5.44 10.16 12.55 11.84
0.00 0.00 0.00 0.00 0.00 0.00 0.00 2.70 9.64 6.94 3.80 10.07 10.44 8.91 7.74 7.78 4.60 6.94 6.47 3.36 2.41 0.00 0.00 0.00 0.00 3.58 0.00 0.00 0.00 0.00 0.00 2.34 1.53 0.00 0.00 0.00 0.00 0.00 0.00 0.00 2.34 2.48 2.04 2.04 2.92 2.19 0.59 5.56 10.16 16.14 17.30 16.21 0.00 0.00 0.00 0.00 0.00 0.00 0.00 0.00 10.17 15.12 10.49 6.08 14.24 17.16 21.17 21.70 26.53 9.63 5.99 8.07 6.76 3.17 2.68 4.87 5.82 2.43 2.83 3.16 2.42 7.63 4.70 0.00
0.00 0.00 0.00 0.00 0.00 0.00 0.00 0.00 0.00 0.00 0.00 0.00 0.00 0.00 0.95 1.83 1.10 8.18 8.31 13.29 10.59 12.56 8.83 6.79 5.69 10.15 10.15 4.82 0.00 0.00 0.00 5.26 4.38 0.00 6.86 8.98 10.59 5.26 6.50 5.94 6.10 6.71 5.48 5.48 6.06 3.72 1.68 6.38 6.46 0.00 0.00 0.00 0.00 0.00 0.00 0.00 0.00 0.00 0.00 0.00 0.00 0.00 0.00 0.00 17.21 18.23 11.12 10.93 12.22 12.18 0.00 0.00 0.00 0.00 0.00 4.77 3.83 6.02 0.00 0.00 3.11 0.00 0.00 0.00
0.00 0.00 0.00 0.00 0.00 0.00 0.00 0.00 0.00 0.00 0.00 0.00 0.00 0.00 0.00 0.00 0.00 3.50 3.50 5.55 8.95 11.35 13.21 13.87 13.07 12.04 12.28 14.02 11.39 10.29 12.99 11.61 7.74 5.18 9.05 15.04 15.48 16.64 14.45 7.88 6.63 13.66 10.59 11.83 13.14 7.74 8.54 9.28 4.83 0.00 0.00 0.00 0.00 0.00 0.00 0.00 0.00 0.00 0.00 0.00 0.00 0.00 0.00 0.00 0.00 11.11 0.00 0.00 0.00 0.00 0.00 0.00 0.00 0.00 0.00 5.91 0.35 0.00 0.00 0.00 0.00 0.00 0.00 0.00
0.00 0.00 0.00 0.00 0.00 0.00 0.00 0.00 0.00 0.00 0.00 0.00 0.00 0.00 0.00 0.00 0.00 0.00 0.00 0.00 0.00 3.21 10.00 11.75 13.51 4.99 11.02 17.08 17.52 15.62 14.38 16.13 10.89 7.59 3.65 8.09 13.58 10.73 10.37 0.00 0.00 6.79 8.55 10.85 14.60 16.21 7.90 3.44 0.00 0.00 0.00 0.00 0.00 0.00 0.00 0.00 0.00 0.00 0.00 0.00 0.00 0.00 0.00 0.00 0.00 0.00 0.00 0.00 0.00 0.00 0.00 0.00 0.00 0.00 0.00 5.16 0.00 0.00 0.00 0.00 0.00 0.00 0.00 0.00
0.00 0.00 0.00 0.00 0.00 0.00 0.00 0.00 0.00 0.00 0.00 0.00 0.00 0.00 0.00 0.00 0.00 0.00 0.00 0.00 0.00 0.00 1.31 5.62 5.33 2.04 7.88 7.66 11.46 7.23 5.69 13.40 14.78 9.49 1.46 0.00 0.00 0.00 0.00 0.00 0.00 0.00 0.00 0.00 6.75 5.41 0.00 0.00 0.00 0.00 0.00 0.00 0.00 0.00 0.00 0.00 0.00 0.00 0.00 0.00 0.00 0.00 0.00 0.00 0.00 0.00 0.00 0.00 0.00 0.00 0.00 0.00 0.00 0.00 0.00 0.00 0.00 0.00 0.00 0.00 0.00 0.00 0.00 0.00
