Wansh/Snow_depth/snowdepth-1982/winter/1983036.txt
ncols 321
nrows 161
xllcenter 60
yllcenter 15 
cellsize  0.25 
NODATA_value -1
[rows 0 to 36 of 161, columns 83 to 165 of 321]
15.55 17.30 18.10 18.61 20.44 20.59 18.03 14.24 12.26 12.99 13.65 13.65 14.38 16.35 21.90 21.24 22.19 22.41 22.78 22.78 23.51 17.45 16.72 13.36 8.40 5.40 5.55 6.57 5.33 4.09 2.99 5.18 9.93 11.39 10.59 7.01 8.47 7.74 8.47 9.13 8.83 9.49 7.96 5.62 5.62 3.50 1.83 1.83 2.70 4.31 0.00 12.48 13.72 8.18 6.94 7.08 10.88 0.00 0.00 0.00 0.00 0.00 0.00 0.00 1.46 2.63 2.99 0.00 0.00 0.00 6.42 8.32 0.00 0.00 0.00 9.71 9.93 11.97 15.48 16.13 14.16 11.97 9.34
17.52 16.57 16.57 17.08 18.83 19.13 17.52 17.01 16.13 15.18 13.21 10.88 9.34 9.20 11.24 12.63 15.99 20.95 22.63 22.63 19.86 18.61 19.35 17.16 11.24 5.55 5.48 6.72 6.35 5.04 0.00 5.69 7.74 8.76 5.91 2.56 3.80 4.60 4.23 5.77 7.88 10.00 10.00 9.20 9.20 6.64 3.80 2.85 2.26 0.00 2.48 2.99 3.80 4.09 5.69 4.23 4.96 6.28 7.08 6.28 0.00 0.00 0.00 5.18 4.45 5.33 5.91 6.64 9.05 9.05 8.83 9.27 8.61 8.03 7.74 14.89 15.26 16.35 17.45 14.97 14.67 14.67 14.31
17.96 17.67 16.72 16.21 15.11 14.45 16.79 19.27 20.29 19.27 16.21 14.02 11.90 9.56 8.47 6.64 5.62 12.19 11.68 11.68 14.09 16.43 19.20 21.10 16.43 8.69 4.53 5.77 6.42 6.35 5.48 5.84 4.09 4.45 5.04 2.77 1.24 1.46 3.21 5.33 6.28 8.40 10.29 13.14 13.14 14.02 13.94 12.56 6.13 2.63 3.36 3.36 1.46 2.41 3.94 6.79 9.71 10.37 11.46 12.56 10.88 9.93 12.34 10.95 8.83 7.15 7.52 10.95 11.97 11.97 11.90 9.42 7.59 6.64 8.25 12.70 15.84 17.81 17.01 16.72 16.79 18.54 20.37
17.96 17.67 16.72 16.21 15.11 14.45 16.79 19.27 20.29 19.27 16.21 14.02 11.90 9.56 8.47 6.64 5.62 12.19 11.68 11.68 14.09 16.43 19.20 21.10 16.43 8.69 4.53 5.77 6.42 6.35 5.48 5.84 4.09 4.45 5.04 2.77 1.24 1.46 3.21 5.33 6.28 8.40 10.29 13.14 13.14 14.02 13.94 12.56 6.13 2.63 3.36 3.36 1.46 2.41 3.94 6.79 9.71 10.37 11.46 12.56 10.88 9.93 12.34 10.95 8.83 7.15 7.52 10.95 11.97 11.97 11.90 9.42 7.59 6.64 8.25 12.70 15.84 17.81 17.01 16.72 16.79 18.54 20.37
15.70 15.04 13.07 11.97 13.58 15.55 16.50 16.28 17.37 19.49 19.20 16.06 13.43 11.02 11.46 10.00 5.69 4.96 4.09 4.09 5.84 9.42 13.80 20.59 22.41 17.30 10.95 8.69 8.83 9.71 8.69 6.28 4.60 5.99 0.00 10.51 7.23 6.20 6.50 5.33 4.16 4.67 5.77 8.25 8.25 9.34 11.17 13.87 12.78 10.07 6.79 3.36 2.41 3.36 3.21 3.43 3.07 3.87 7.30 10.15 12.41 12.63 14.38 13.51 9.42 8.40 8.54 9.34 11.46 11.46 12.56 9.71 8.25 7.23 7.01 9.56 13.14 15.84 16.94 16.43 15.70 15.18 15.77
19.49 19.64 18.61 18.83 17.59 15.04 12.92 9.20 8.69 12.63 16.64 16.64 17.74 16.72 17.16 15.40 19.13 17.52 12.78 12.78 6.64 6.42 3.72 5.55 13.80 16.94 15.11 10.37 8.91 7.37 6.57 5.77 5.48 7.74 10.00 10.59 9.56 5.40 2.92 2.48 0.00 3.58 4.45 5.40 5.40 6.86 10.37 15.04 16.79 12.26 5.26 3.80 2.56 3.50 3.43 3.21 3.72 3.43 6.28 8.40 10.07 10.07 13.87 18.54 18.10 13.14 7.88 6.06 5.40 5.40 5.40 6.72 7.30 12.56 10.07 9.34 8.18 9.13 11.32 13.51 15.11 15.77 17.52
22.12 22.92 24.16 20.51 18.47 18.10 17.16 14.97 14.53 15.18 14.38 15.40 16.57 17.37 17.89 17.89 19.86 17.45 16.21 16.21 17.08 13.87 8.61 5.99 7.45 11.83 9.56 6.64 5.99 5.26 4.60 3.65 5.48 8.03 9.78 9.20 8.32 5.55 2.70 2.70 3.21 4.96 8.03 10.07 10.07 12.05 14.02 16.28 15.26 0.00 0.00 3.43 2.92 3.36 3.36 3.87 5.91 8.61 11.83 12.26 10.80 11.97 16.64 21.02 22.78 19.78 15.91 12.99 9.05 9.05 8.32 10.66 15.62 15.70 14.53 16.72 15.70 15.40 14.60 10.88 10.88 13.43 15.33
22.12 22.92 24.16 20.51 18.47 18.10 17.16 14.97 14.53 15.18 14.38 15.40 16.57 17.37 17.89 17.89 19.86 17.45 16.21 16.21 17.08 13.87 8.61 5.99 7.45 11.83 9.56 6.64 5.99 5.26 4.60 3.65 5.48 8.03 9.78 9.20 8.32 5.55 2.70 2.70 3.21 4.96 8.03 10.07 10.07 12.05 14.02 16.28 15.26 0.00 0.00 3.43 2.92 3.36 3.36 3.87 5.91 8.61 11.83 12.26 10.80 11.97 16.64 21.02 22.78 19.78 15.91 12.99 9.05 9.05 8.32 10.66 15.62 15.70 14.53 16.72 15.70 15.40 14.60 10.88 10.88 13.43 15.33
24.24 22.56 19.78 16.72 17.45 18.18 17.81 16.79 15.62 17.45 17.89 15.40 12.48 13.07 12.12 16.50 17.67 17.52 17.52 17.52 18.54 18.69 14.89 9.86 7.30 7.30 6.79 4.89 4.74 5.40 6.72 5.91 5.84 0.00 0.00 12.92 10.59 6.94 5.18 5.91 5.84 5.91 7.37 8.32 8.32 8.98 10.15 8.18 6.94 6.13 2.56 3.58 4.89 6.20 4.67 5.99 6.50 8.76 9.34 11.83 13.07 12.63 13.80 15.77 16.86 17.23 17.67 17.16 17.01 17.01 15.84 15.40 16.06 16.35 16.43 18.40 16.72 16.50 17.08 15.91 13.80 12.12 11.53
20.08 18.54 16.57 15.18 15.77 16.72 16.79 16.50 14.97 13.58 12.12 11.39 9.86 7.15 9.20 15.04 17.81 17.81 18.32 18.32 18.47 17.30 14.38 10.44 7.15 5.40 5.77 0.00 5.18 5.11 6.86 7.08 7.01 9.20 12.92 12.70 11.24 8.83 6.50 6.50 5.55 5.33 5.26 5.26 5.26 5.77 5.40 5.11 6.35 6.57 6.28 12.12 14.24 14.97 14.38 10.66 9.78 9.34 10.07 10.59 11.10 10.44 10.44 10.88 11.46 13.43 14.75 14.16 14.67 14.67 14.45 13.72 16.64 17.67 17.45 17.01 14.89 18.40 21.32 24.24 21.68 15.26 11.68
18.32 15.77 14.60 12.99 13.72 13.07 11.39 8.25 9.49 10.07 9.13 9.78 7.52 9.71 12.63 14.89 16.21 17.52 20.08 20.08 19.27 17.96 13.94 3.94 0.00 0.00 0.00 5.99 5.40 3.21 4.45 5.91 6.79 7.08 7.37 8.10 9.27 10.00 8.40 7.66 7.52 7.59 7.37 8.32 8.32 8.18 7.88 7.96 9.93 10.66 10.37 12.34 13.14 12.19 10.51 9.86 10.37 13.51 14.45 12.99 11.46 10.51 12.05 10.88 11.32 14.31 15.91 16.13 21.17 21.17 21.75 20.00 18.61 20.15 22.41 14.82 12.63 16.94 21.46 20.88 17.37 15.33 13.65
18.32 15.77 14.60 12.99 13.72 13.07 11.39 8.25 9.49 10.07 9.13 9.78 7.52 9.71 12.63 14.89 16.21 17.52 20.08 20.08 19.27 17.96 13.94 3.94 0.00 0.00 0.00 5.99 5.40 3.21 4.45 5.91 6.79 7.08 7.37 8.10 9.27 10.00 8.40 7.66 7.52 7.59 7.37 8.32 8.32 8.18 7.88 7.96 9.93 10.66 10.37 12.34 13.14 12.19 10.51 9.86 10.37 13.51 14.45 12.99 11.46 10.51 12.05 10.88 11.32 14.31 15.91 16.13 21.17 21.17 21.75 20.00 18.61 20.15 22.41 14.82 12.63 16.94 21.46 20.88 17.37 15.33 13.65
12.92 13.07 13.51 11.46 9.05 7.59 6.64 7.01 7.15 6.13 4.89 9.64 11.68 14.24 14.67 15.04 16.35 18.25 21.17 21.17 20.73 17.89 12.56 0.00 0.00 7.88 7.01 6.13 4.89 0.00 5.99 6.42 7.23 7.52 7.08 10.15 12.34 13.36 11.32 10.15 11.10 11.83 11.10 9.49 9.49 8.69 9.93 10.07 8.03 11.53 12.85 15.48 16.86 13.58 11.24 12.05 14.82 18.10 22.19 24.02 17.37 14.67 14.60 13.58 12.92 14.53 15.18 15.70 19.71 19.71 22.27 24.38 23.21 21.83 18.91 18.32 14.45 15.26 17.30 19.13 17.81 18.03 20.08
11.32 13.65 13.14 9.13 5.48 4.89 3.94 3.36 5.33 4.53 0.00 5.48 9.34 13.94 16.28 14.82 15.48 16.79 0.00 0.00 15.18 13.14 10.29 9.93 10.51 8.83 8.18 7.45 7.15 8.10 12.34 14.02 15.84 15.91 14.02 13.80 16.64 18.18 15.11 12.48 12.05 12.56 9.71 8.91 8.91 9.49 11.53 13.43 15.91 14.67 13.29 14.24 13.43 13.65 14.02 14.31 15.11 16.13 15.48 14.60 14.82 16.50 17.59 19.64 20.88 20.15 19.93 20.37 22.63 22.63 28.54 27.16 25.70 26.06 27.52 24.60 19.35 16.50 16.13 19.42 22.48 16.57 16.64
14.45 12.70 10.44 8.25 3.80 1.53 4.16 4.45 0.00 5.84 0.00 12.56 13.36 16.06 17.08 15.33 15.04 15.48 14.38 14.38 10.59 9.49 10.80 11.83 10.51 8.98 8.54 12.48 14.38 15.04 16.43 20.81 25.40 23.87 19.20 17.81 15.62 12.78 11.17 10.07 9.93 8.47 9.78 9.64 9.64 12.26 14.31 14.45 15.18 14.45 14.60 13.36 11.83 13.21 16.43 17.67 21.17 22.12 18.76 13.72 10.37 11.68 14.02 16.13 18.98 21.75 20.51 18.10 18.25 18.25 21.90 23.58 21.90 20.88 19.20 17.52 17.52 11.02 3.14 0.00 6.64 12.05 13.36
9.42 10.66 11.17 11.46 10.37 9.64 8.18 7.30 7.30 7.23 8.76 11.61 14.24 15.26 13.43 9.71 9.78 10.95 11.17 11.17 10.51 9.05 10.44 15.55 16.43 17.23 14.24 11.75 12.34 16.35 20.66 24.31 24.89 19.13 15.11 13.51 12.78 14.31 15.40 15.55 14.75 14.31 14.09 12.92 12.92 13.07 13.14 10.95 11.75 13.29 15.26 14.02 11.83 11.83 15.48 18.98 23.80 22.63 18.25 11.39 9.56 9.64 8.83 9.56 9.93 13.07 18.54 17.52 22.41 22.41 22.63 22.63 21.17 12.70 10.22 12.26 13.72 5.69 0.00 0.00 7.52 16.57 15.84
9.42 10.66 11.17 11.46 10.37 9.64 8.18 7.30 7.30 7.23 8.76 11.61 14.24 15.26 13.43 9.71 9.78 10.95 11.17 11.17 10.51 9.05 10.44 15.55 16.43 17.23 14.24 11.75 12.34 16.35 20.66 24.31 24.89 19.13 15.11 13.51 12.78 14.31 15.40 15.55 14.75 14.31 14.09 12.92 12.92 13.07 13.14 10.95 11.75 13.29 15.26 14.02 11.83 11.83 15.48 18.98 23.80 22.63 18.25 11.39 9.56 9.64 8.83 9.56 9.93 13.07 18.54 17.52 22.41 22.41 22.63 22.63 21.17 12.70 10.22 12.26 13.72 5.69 0.00 0.00 7.52 16.57 15.84
7.23 6.86 5.99 8.83 9.64 10.88 9.20 6.86 7.01 4.96 8.47 10.44 13.94 17.16 18.25 14.02 10.80 12.70 13.58 13.58 11.97 11.32 10.07 10.29 12.85 16.28 17.74 12.63 11.61 13.36 16.57 20.59 22.05 21.53 18.61 12.85 11.24 12.99 14.31 14.75 15.26 14.89 15.11 15.77 15.77 14.09 15.84 16.21 14.82 14.53 15.99 16.28 15.48 16.72 15.70 14.53 15.84 15.77 12.78 10.15 10.59 13.72 17.08 13.07 11.75 12.63 14.89 16.57 23.07 23.07 24.53 22.27 18.69 11.68 10.44 11.24 12.48 5.62 0.00 0.00 8.18 9.93 9.20
11.97 11.32 12.56 15.11 16.06 16.86 13.14 8.32 7.88 8.10 10.00 12.63 14.24 20.29 23.29 21.10 21.17 19.93 19.13 19.13 17.01 14.31 9.49 7.66 10.37 14.89 17.59 17.45 16.57 16.50 19.42 22.34 25.04 25.19 23.58 19.20 13.65 10.59 10.00 11.17 13.58 16.57 19.13 18.40 18.40 20.00 19.93 16.35 12.41 11.97 14.45 14.53 15.55 15.70 15.04 14.09 13.87 13.14 14.38 14.97 18.10 20.88 21.39 18.10 15.55 15.62 17.08 22.85 24.82 24.82 25.70 25.55 19.49 14.16 12.48 10.95 8.40 5.18 5.77 5.77 8.54 9.78 8.10
9.78 9.71 10.15 14.75 16.64 19.05 20.00 15.48 11.90 10.80 11.83 12.85 13.65 16.50 18.98 19.05 20.73 22.48 22.27 22.27 21.61 19.78 15.62 12.48 12.26 15.48 18.32 20.00 21.83 20.44 16.28 20.22 24.45 25.04 22.34 18.03 12.19 7.52 7.15 8.54 10.51 16.43 23.00 21.53 21.53 24.82 21.46 11.61 10.66 14.89 15.55 15.04 14.89 16.35 14.75 12.92 12.99 12.70 13.72 15.26 19.05 24.53 24.16 20.37 17.16 15.91 18.47 25.92 25.48 25.48 19.71 15.91 10.29 11.53 12.34 11.10 8.47 10.37 11.24 9.56 9.27 10.73 9.93
4.89 5.33 7.59 10.37 11.24 14.67 19.64 13.14 13.14 14.24 15.26 17.16 17.52 18.40 17.37 16.57 18.47 20.73 20.81 20.81 19.56 19.71 19.42 18.98 17.52 20.51 21.75 20.81 17.08 13.51 12.19 14.09 17.67 24.02 23.14 13.29 6.79 5.69 6.35 7.88 11.39 17.30 20.22 21.24 21.24 25.84 28.40 20.88 19.20 20.22 18.61 18.69 17.96 18.47 16.72 15.62 17.16 17.81 15.18 12.92 12.70 15.18 16.94 17.89 17.23 17.96 16.79 21.53 20.44 20.44 12.12 6.79 7.01 8.69 11.75 7.81 5.77 8.47 9.93 8.54 8.83 8.83 9.05
6.64 5.84 7.45 8.69 8.54 10.66 7.96 10.66 15.55 18.40 22.63 24.82 29.05 31.03 27.45 22.41 19.93 21.61 21.83 21.83 23.94 26.28 24.82 25.92 27.16 27.96 28.11 27.59 25.33 21.53 16.28 10.59 11.24 15.04 17.37 12.92 6.57 2.85 0.00 5.11 12.05 16.50 9.78 10.80 10.80 14.16 14.38 14.60 17.52 16.13 16.50 18.98 22.48 23.58 22.70 21.97 21.32 19.27 15.70 12.92 13.14 13.43 14.82 14.97 15.84 16.43 16.06 15.33 12.05 12.05 8.18 6.86 7.52 7.30 7.74 4.74 5.55 11.02 12.12 8.91 6.79 6.94 7.59
6.64 5.84 7.45 8.69 8.54 10.66 7.96 10.66 15.55 18.40 22.63 24.82 29.05 31.03 27.45 22.41 19.93 21.61 21.83 21.83 23.94 26.28 24.82 25.92 27.16 27.96 28.11 27.59 25.33 21.53 16.28 10.59 11.24 15.04 17.37 12.92 6.57 2.85 0.00 5.11 12.05 16.50 9.78 10.80 10.80 14.16 14.38 14.60 17.52 16.13 16.50 18.98 22.48 23.58 22.70 21.97 21.32 19.27 15.70 12.92 13.14 13.43 14.82 14.97 15.84 16.43 16.06 15.33 12.05 12.05 8.18 6.86 7.52 7.30 7.74 4.74 5.55 11.02 12.12 8.91 6.79 6.94 7.59
4.38 0.00 5.55 0.00 8.47 9.86 9.13 14.31 20.81 23.43 25.92 26.94 29.57 32.27 36.21 33.51 28.76 25.70 23.43 23.43 23.51 26.72 25.77 25.92 26.86 30.66 29.64 29.93 25.70 18.54 12.26 8.83 8.03 7.96 8.40 7.23 4.67 2.48 3.87 5.62 7.96 16.64 5.55 7.15 7.15 7.96 7.81 6.57 8.10 9.20 10.88 11.90 12.99 13.21 14.38 17.37 18.47 17.96 14.16 13.29 14.38 16.28 17.16 18.91 19.42 19.05 17.67 15.70 16.06 16.06 17.81 15.33 11.90 11.24 9.42 8.54 8.83 7.74 7.74 6.06 5.84 5.77 5.84
6.64 6.13 5.40 4.60 4.89 14.82 17.16 23.87 28.40 29.42 28.18 25.62 25.40 24.24 24.31 25.40 26.28 26.35 27.30 27.30 25.70 26.35 27.96 28.32 28.68 27.95 27.10 23.15 22.19 17.01 10.59 8.25 6.35 2.99 0.00 0.00 0.00 3.21 4.31 4.31 6.35 9.49 8.10 6.28 6.28 5.69 6.13 5.11 6.20 4.45 2.12 5.69 8.61 9.56 11.10 10.59 10.95 10.80 10.07 13.29 15.62 16.50 19.05 22.05 25.11 23.73 22.41 18.40 20.37 20.37 26.79 23.51 19.27 16.57 13.43 9.05 6.28 4.96 4.96 6.28 11.24 10.15 7.08
10.07 12.26 14.16 9.86 21.83 25.33 26.13 27.38 28.69 26.86 23.65 22.48 19.42 13.14 12.26 16.06 21.75 27.23 29.64 29.64 31.90 33.00 32.63 30.37 31.36 37.84 28.98 29.04 30.33 27.08 19.71 13.21 9.93 7.08 3.72 0.00 0.00 4.53 4.53 4.74 7.15 7.15 5.77 4.60 4.60 6.94 6.57 7.23 7.30 4.96 0.00 0.00 4.23 6.13 8.61 8.03 5.91 7.15 8.91 13.80 18.76 19.49 18.32 19.56 21.68 21.39 21.17 23.14 23.14 23.14 21.90 21.53 16.57 12.70 11.02 8.83 7.30 8.32 8.91 8.03 7.23 7.15 4.82
15.04 16.06 17.30 14.97 18.83 24.24 28.32 29.49 23.58 19.13 17.01 13.72 10.44 5.40 0.00 10.66 17.74 23.14 20.66 20.66 22.05 22.19 22.60 25.96 29.95 31.39 30.86 35.46 35.47 31.98 26.00 17.16 15.26 12.56 6.42 6.86 7.66 8.10 6.64 4.89 5.69 8.98 6.20 4.23 4.23 0.00 0.00 5.26 5.77 5.69 0.00 5.33 5.33 6.72 6.94 5.69 5.26 6.13 6.64 10.15 17.16 21.17 21.24 21.10 15.48 17.74 23.87 28.25 28.40 28.40 24.53 21.24 18.47 16.13 15.33 16.35 15.62 13.58 10.15 9.78 7.37 5.33 5.77
21.02 19.56 18.76 14.82 18.83 24.24 24.82 22.27 19.35 17.08 10.59 6.20 0.00 0.00 4.09 5.99 7.96 8.98 9.13 9.13 7.11 5.83 8.45 12.57 17.08 22.53 26.79 31.61 36.42 38.04 36.65 28.25 23.36 22.85 16.06 14.45 15.62 7.30 7.23 4.02 0.00 5.91 8.76 7.45 7.45 0.00 0.00 0.00 4.96 5.04 5.62 5.48 5.62 4.16 3.58 7.01 7.01 7.01 7.30 10.07 15.62 21.46 24.45 27.52 26.21 23.73 25.92 28.98 27.23 27.23 25.11 22.27 18.98 19.64 19.27 18.76 18.61 12.85 8.69 9.56 8.18 6.86 10.51
21.02 19.56 18.76 14.82 18.83 24.24 24.82 22.27 19.35 17.08 10.59 6.20 0.00 0.00 4.09 5.99 7.96 8.98 9.13 9.17 7.34 5.91 9.05 12.25 17.52 22.19 26.79 30.66 33.85 35.54 37.21 28.53 24.33 25.67 16.99 14.82 15.62 7.30 7.23 4.02 0.00 5.91 8.76 7.45 7.45 0.00 0.00 0.00 4.96 5.04 5.62 5.48 5.62 4.16 3.58 7.01 7.01 7.01 7.30 10.07 15.62 21.46 24.45 27.52 26.21 23.73 25.92 28.98 27.23 27.23 25.11 22.27 18.98 19.64 19.27 18.76 18.61 12.85 8.69 9.56 8.18 6.86 10.51
21.17 21.75 20.08 16.50 18.32 21.90 23.21 20.66 19.27 19.20 15.33 8.83 6.79 7.15 8.83 11.97 13.21 14.31 11.53 11.53 6.42 4.16 0.00 0.00 5.26 7.19 11.21 16.74 24.43 31.54 34.92 30.53 23.45 25.72 30.91 24.61 22.54 16.15 8.32 8.10 5.26 0.00 6.79 8.32 8.32 4.60 5.11 9.05 10.51 7.37 5.18 3.94 0.00 4.23 2.70 0.00 0.00 4.23 4.96 5.77 9.27 13.51 17.67 23.94 29.78 28.18 24.67 23.29 22.12 22.12 19.86 17.45 14.97 14.02 16.50 19.05 17.81 12.48 13.36 13.14 10.15 8.10 7.66
18.83 18.54 18.25 12.56 13.72 16.64 17.52 21.32 27.67 30.59 25.92 21.46 16.79 12.41 13.72 17.45 20.37 22.48 18.54 18.54 9.10 4.82 0.00 3.43 3.50 2.57 0.00 3.72 9.15 17.80 27.50 30.30 25.70 24.82 28.80 31.65 33.22 29.27 11.52 9.05 7.37 5.18 3.36 5.33 5.33 5.26 5.62 7.23 9.20 9.34 9.05 8.98 7.59 5.62 4.45 2.63 3.72 3.94 0.00 2.77 4.16 6.35 11.68 24.82 28.11 26.35 21.39 18.03 17.81 17.81 15.77 13.87 13.21 13.72 15.91 17.08 14.75 11.68 14.45 12.99 9.49 5.04 4.89
10.15 14.02 14.09 16.06 14.53 13.51 13.14 14.53 15.55 20.37 18.91 18.25 12.70 9.13 8.40 9.86 11.75 9.42 7.23 7.23 4.02 0.00 2.04 2.19 2.04 0.00 0.00 0.00 4.20 8.57 18.44 23.07 26.35 30.30 28.25 27.82 29.73 30.64 19.78 14.24 11.75 10.00 4.67 4.23 4.23 7.45 8.18 0.00 6.72 9.34 13.72 15.48 12.70 9.42 8.25 7.74 6.35 4.67 0.00 0.00 0.00 4.09 6.79 14.89 19.13 17.74 13.65 11.39 12.56 12.56 11.75 8.25 6.20 5.99 8.98 13.43 14.82 15.04 14.82 15.33 15.26 13.87 12.78
15.91 17.08 17.45 13.72 7.74 6.86 11.53 15.84 18.10 20.66 17.37 12.63 11.75 9.78 6.28 6.79 9.71 8.03 6.20 6.20 5.62 3.36 2.70 2.77 2.77 3.21 0.00 0.00 4.62 7.45 10.22 14.67 17.74 26.35 25.11 23.94 27.01 25.42 26.25 19.14 12.90 11.24 8.76 6.35 6.35 5.55 6.35 6.20 6.42 8.91 11.75 14.02 12.99 8.54 7.74 7.66 7.74 5.48 4.96 5.40 4.45 4.60 5.26 5.26 8.25 9.49 7.08 7.52 6.28 6.28 5.55 5.04 0.00 4.74 6.42 8.47 11.90 14.53 16.35 16.43 19.05 21.24 23.94
3.87 3.72 11.53 12.48 5.33 0.00 0.00 0.00 0.00 10.40 13.94 13.65 15.33 10.95 7.01 5.77 5.26 0.00 0.00 0.00 2.85 4.16 6.42 8.47 10.00 11.10 9.93 7.15 6.05 6.86 7.88 8.69 11.68 16.72 21.83 26.86 24.16 20.29 18.98 17.86 11.23 7.26 7.88 7.59 7.59 6.57 5.77 6.86 6.42 6.35 6.57 6.64 6.94 8.91 10.80 9.64 7.01 4.67 4.89 6.20 5.62 5.62 0.00 0.00 4.45 0.00 0.00 4.31 3.07 3.07 0.00 0.00 3.21 5.62 8.32 11.46 18.25 22.78 22.05 19.35 16.64 16.72 18.47
0.00 0.00 0.00 0.00 6.72 9.78 10.73 11.32 5.11 0.00 0.00 9.49 12.56 9.93 7.23 4.60 0.00 0.00 1.17 1.17 3.43 6.57 8.91 13.72 16.35 17.45 17.59 14.38 11.83 11.86 13.47 11.50 10.56 10.61 14.60 16.28 14.24 11.61 11.58 11.10 7.59 4.28 4.16 6.42 6.42 6.13 5.04 5.48 6.06 6.50 6.13 7.59 5.55 0.00 6.94 7.37 6.64 5.69 5.33 5.55 7.59 6.13 0.00 0.00 0.00 0.00 0.00 0.00 0.00 0.00 0.00 0.00 0.00 0.00 5.04 14.97 23.65 28.69 25.92 22.05 19.27 17.74 17.01
0.00 0.00 0.00 0.00 6.72 9.78 10.73 11.32 5.11 0.00 0.00 9.49 12.56 9.93 7.23 4.60 0.00 0.00 1.17 1.17 3.43 6.57 8.91 13.72 16.35 17.45 17.59 14.38 11.83 11.68 12.99 11.10 10.51 10.29 14.60 16.36 14.31 11.61 11.52 11.21 7.59 4.23 4.16 6.42 6.42 6.13 5.04 5.48 6.06 6.50 6.13 7.59 5.55 0.00 6.94 7.37 6.64 5.69 5.33 5.55 7.59 6.13 0.00 0.00 0.00 0.00 0.00 0.00 0.00 0.00 0.00 0.00 0.00 0.00 5.04 14.97 23.65 28.69 25.92 22.05 19.27 17.74 17.01
7.88 0.00 0.00 0.00 0.00 16.72 30.30 27.52 19.57 7.71 4.96 6.42 7.45 7.88 6.35 4.45 2.48 0.00 0.00 0.00 0.00 2.77 4.74 7.30 12.63 15.70 17.16 17.16 18.47 17.23 16.50 12.70 11.90 8.76 10.29 9.27 6.28 4.74 7.01 8.29 7.08 0.00 0.00 5.77 5.77 6.28 5.40 5.33 6.57 7.01 6.13 5.91 4.31 0.00 3.58 4.96 5.91 5.77 5.62 6.79 10.00 7.37 5.69 0.00 0.00 0.00 2.63 0.00 0.00 0.00 0.00 0.00 0.00 0.00 1.17 4.60 7.37 9.49 17.30 22.48 22.85 20.29 15.33
