Wansh/Snow_depth/snowdepth-1996/winter/1996358.txt
ncols 321
nrows 161
xllcenter 60
yllcenter 15 
cellsize  0.25 
NODATA_value -1
[rows 74 to 110 of 161, columns 84 to 167 of 321]
0.00 0.00 0.00 0.00 1.83 0.88 0.07 2.92 1.31 1.68 2.12 1.17 4.82 4.53 5.11 5.18 3.87 4.23 4.23 4.60 3.72 3.50 0.00 0.00 0.00 3.65 2.19 2.77 2.56 3.29 0.00 2.63 0.00 0.00 0.00 0.00 0.00 2.63 3.43 1.46 0.00 0.00 1.24 1.24 0.44 0.00 0.95 0.29 0.00 0.80 1.39 0.00 0.00 0.00 0.00 0.00 0.00 1.39 0.00 0.00 0.00 0.00 0.00 0.00 0.00 0.00 0.00 0.00 0.00 1.61 0.00 1.17 0.00 0.00 0.00 0.00 0.00 0.00 0.00 0.00 0.00 0.00 0.15 0.07
0.44 0.00 0.00 2.34 3.94 2.56 2.34 4.89 5.33 1.68 4.96 4.23 4.45 5.04 4.60 5.11 4.82 4.23 4.23 4.45 3.72 3.50 3.43 0.00 2.85 3.80 4.02 2.85 3.43 3.36 3.36 0.00 0.00 0.00 0.00 0.00 0.00 2.70 3.80 3.87 0.66 2.19 0.80 0.80 1.83 0.22 0.66 0.51 0.00 0.88 0.58 0.29 0.73 0.00 0.66 1.61 2.19 1.31 0.37 0.29 0.95 0.88 0.66 0.88 0.00 0.00 0.00 0.07 0.07 1.91 2.70 0.88 1.31 0.00 0.00 0.00 0.00 0.00 0.00 0.00 0.00 0.37 0.15 0.59
0.95 2.04 2.19 3.94 3.72 5.55 5.11 6.42 4.96 5.84 6.13 5.11 5.33 4.89 4.23 4.96 5.04 5.04 5.04 4.02 3.72 3.36 3.43 0.00 0.00 0.00 3.14 3.80 3.50 0.00 0.00 0.00 0.00 0.00 3.36 0.00 2.77 2.99 3.72 4.60 4.74 2.41 2.48 2.48 0.73 1.02 0.44 0.00 1.10 0.00 0.88 0.00 0.66 1.17 0.80 0.29 0.51 0.15 0.88 0.66 0.95 1.31 1.39 1.39 0.73 0.44 0.00 0.58 0.58 2.04 2.41 1.46 0.29 0.00 0.00 0.00 0.00 0.00 0.00 0.00 0.00 0.15 0.00 0.23
5.77 2.99 4.96 3.29 3.50 3.80 5.69 5.18 6.64 5.69 6.57 6.64 5.91 5.33 5.18 4.89 4.82 4.53 4.53 3.65 3.14 3.43 3.72 2.63 3.07 0.00 2.56 3.29 0.00 0.00 0.00 0.00 2.85 3.43 3.29 4.23 3.36 3.21 4.16 4.38 4.82 4.96 2.48 2.48 3.36 2.12 3.07 4.09 3.14 0.95 2.19 1.39 0.44 0.00 0.80 0.00 0.00 0.22 0.37 0.22 1.61 0.88 1.31 1.83 1.97 0.80 1.24 1.10 1.10 2.26 2.77 2.34 0.66 0.07 0.00 0.00 0.00 0.00 0.00 0.00 0.00 0.00 0.00 0.22
6.13 5.55 6.86 5.26 4.53 5.40 3.72 3.65 6.13 6.13 6.57 6.20 6.94 5.69 4.67 5.26 4.31 4.16 4.16 4.09 4.67 4.89 3.58 3.65 3.72 3.65 3.36 0.00 0.00 0.00 0.00 0.00 0.00 2.85 2.26 2.56 0.00 2.85 4.02 4.09 4.89 5.04 3.87 3.87 0.00 0.00 3.07 3.36 0.00 2.56 3.14 0.00 0.00 1.75 1.10 0.80 1.24 1.61 1.68 2.99 3.29 1.61 2.19 2.85 3.80 2.85 2.92 3.14 3.14 3.87 1.97 2.56 1.90 1.83 0.80 0.00 0.00 0.07 0.00 0.00 0.00 0.59 0.66 0.37
8.10 6.64 4.60 4.96 5.62 2.99 3.87 4.74 5.11 5.04 6.20 6.28 6.57 4.89 4.38 5.33 4.74 5.04 5.04 5.33 5.04 4.53 4.45 3.72 4.45 0.00 0.00 0.00 0.00 0.00 0.00 0.00 0.00 0.00 0.00 0.00 0.00 0.00 2.92 3.07 4.09 4.53 0.00 0.00 0.00 0.00 0.00 0.00 0.00 0.00 0.00 0.00 0.00 0.00 0.00 1.24 1.61 1.17 2.85 4.31 3.65 3.21 3.58 3.65 3.65 4.60 3.94 4.02 4.02 4.38 2.70 4.96 8.47 7.37 3.96 1.83 0.00 0.66 0.22 0.00 0.00 0.00 0.95 0.00
6.64 0.00 3.50 4.02 3.07 2.92 3.87 4.82 4.16 4.67 5.55 5.48 4.89 3.72 5.18 4.89 4.89 4.96 4.96 5.26 5.26 4.74 3.94 4.45 2.63 0.00 3.07 0.00 0.00 0.00 0.00 2.63 0.00 0.00 0.00 0.00 0.00 0.00 0.00 3.07 3.36 0.00 0.00 0.00 0.00 0.00 0.00 0.00 0.00 0.00 0.00 0.00 0.00 0.00 0.00 0.00 0.00 1.02 2.48 3.43 2.77 3.43 3.43 2.99 0.66 5.48 2.41 2.41 2.41 2.70 3.58 6.94 11.61 11.90 8.54 4.26 1.65 0.46 0.15 0.29 0.00 0.00 0.00 0.22
0.00 0.00 0.00 0.00 2.85 2.99 3.72 4.23 3.29 3.80 5.40 4.60 4.53 4.74 4.31 5.18 4.74 4.74 4.74 4.53 4.02 3.87 3.94 2.56 1.75 2.19 0.00 3.14 0.00 0.00 0.00 0.00 0.00 0.00 2.26 0.00 0.00 0.00 0.00 2.70 3.14 2.56 0.00 0.00 0.00 0.00 0.00 0.00 0.00 0.00 0.00 0.00 0.00 0.00 0.22 1.17 1.75 1.02 1.83 2.92 2.26 3.14 2.77 2.12 0.00 0.00 0.00 0.00 0.00 1.24 2.85 5.48 9.86 13.72 11.39 5.65 1.84 0.46 1.06 0.00 0.00 0.00 0.00 0.00
2.85 2.41 0.00 0.00 3.21 2.99 2.70 2.85 2.48 3.36 4.23 5.26 4.89 4.53 5.18 4.60 3.36 4.16 4.16 3.29 0.00 1.90 1.24 0.00 3.21 1.83 0.00 2.41 0.00 0.00 0.00 0.00 0.00 0.00 1.97 2.12 0.00 0.00 0.00 0.00 0.00 0.00 0.00 0.00 0.00 0.00 0.00 0.00 0.00 0.00 0.00 0.00 0.00 0.07 0.80 0.00 0.37 1.31 2.48 2.63 2.04 2.63 1.90 1.53 0.44 0.00 0.00 0.58 0.58 2.56 4.45 2.99 5.33 8.54 10.80 6.86 2.63 0.95 0.66 0.44 0.00 0.00 0.00 0.00
2.63 2.34 2.04 0.00 0.00 0.00 3.07 2.48 3.36 3.80 5.33 4.67 4.89 4.16 4.67 4.53 3.58 3.14 3.14 3.43 2.41 1.24 0.00 2.19 0.00 0.00 0.00 0.00 0.00 2.77 2.19 0.00 0.00 0.00 0.00 0.00 0.00 0.00 0.00 0.00 0.00 0.00 0.00 0.00 0.00 0.00 0.00 0.00 0.00 0.00 0.00 0.00 0.44 0.00 0.95 0.37 0.37 0.51 1.39 1.17 0.95 1.46 1.61 1.61 1.46 0.00 0.00 1.31 1.31 2.04 1.68 2.63 5.33 7.01 5.26 2.41 2.63 1.31 0.44 0.07 0.66 0.22 1.17 0.00
2.26 1.24 1.83 0.00 0.00 0.00 0.00 3.65 3.21 4.38 4.23 4.02 3.72 4.45 4.96 3.58 0.00 4.16 4.16 3.58 3.36 0.00 0.00 0.00 2.48 0.00 0.00 2.41 0.00 2.70 2.85 0.00 0.00 0.00 0.00 0.00 0.00 0.00 0.37 0.00 0.00 0.00 0.00 0.00 0.00 0.00 0.00 0.00 0.00 0.00 0.66 0.73 0.44 0.07 1.02 0.22 0.66 1.17 0.66 0.37 0.37 1.39 1.31 1.17 1.10 0.95 0.80 1.02 1.02 1.83 1.61 1.61 1.39 3.72 3.65 2.70 1.39 1.10 0.73 0.66 0.66 1.68 0.07 0.00
1.97 0.00 1.46 0.00 0.00 0.00 0.00 3.36 4.16 3.14 3.94 3.80 3.94 4.16 3.87 3.43 4.09 3.72 3.72 4.38 4.16 3.21 4.31 0.00 3.50 0.00 0.00 0.00 2.70 0.00 3.29 2.48 3.50 3.07 1.83 0.00 0.00 0.00 0.00 0.00 0.00 0.00 0.00 0.00 0.00 0.00 0.00 0.00 0.00 0.80 0.66 0.44 0.15 0.88 4.38 2.56 3.43 3.87 0.51 0.15 0.95 1.19 2.18 1.39 1.46 1.68 0.88 0.88 0.88 1.46 2.41 2.26 1.53 0.73 2.26 1.24 1.24 1.17 1.10 0.73 1.10 1.97 0.58 0.22
2.77 2.26 3.14 2.77 2.92 2.77 2.70 3.29 2.85 4.31 3.94 3.07 3.14 2.77 2.85 3.29 4.23 4.74 4.74 5.62 5.48 5.77 5.04 4.16 4.23 3.72 3.65 4.23 3.58 4.45 3.29 3.72 3.50 1.10 0.00 0.00 0.00 0.00 2.26 5.04 5.69 2.56 3.43 3.43 1.83 2.04 2.99 3.29 1.68 1.83 0.73 0.73 1.17 1.24 5.11 9.34 8.69 9.71 6.28 5.04 3.14 2.70 2.46 2.77 3.07 3.07 1.97 1.68 1.68 1.83 3.21 5.18 4.53 1.83 0.22 0.44 0.58 0.58 2.70 2.04 2.04 2.12 0.88 0.51
2.04 2.56 0.00 0.00 0.00 3.21 2.26 2.99 0.00 0.00 3.58 3.21 2.41 3.14 3.65 4.02 4.67 4.38 4.38 5.99 4.96 5.33 4.53 3.87 0.00 3.36 4.67 4.45 4.53 0.00 0.00 0.00 3.43 3.14 2.70 0.00 0.00 0.00 5.77 5.55 5.69 4.67 3.29 3.29 3.14 3.29 2.26 2.63 1.83 1.90 1.46 1.46 1.10 1.10 3.87 7.52 7.52 10.00 10.29 7.52 3.80 2.99 3.29 3.72 4.74 4.53 2.63 2.41 2.41 1.61 4.82 7.88 6.64 3.50 1.68 1.24 0.66 1.68 1.46 1.75 2.48 1.10 0.88 0.73
2.85 0.00 0.00 0.00 2.12 0.00 2.99 0.00 0.00 2.48 3.29 3.87 4.31 3.94 3.43 4.96 4.45 5.33 5.33 4.60 4.67 5.26 4.82 3.72 3.29 3.80 4.60 4.45 4.02 3.58 3.50 0.00 3.43 3.72 0.00 2.85 3.14 4.23 5.11 4.09 4.60 2.92 3.43 3.43 3.58 4.53 3.36 5.11 2.77 5.04 2.12 2.41 2.56 5.62 5.84 6.13 6.42 7.88 10.37 8.10 4.23 2.77 3.72 5.69 7.82 9.97 8.69 3.58 3.58 2.77 4.23 7.01 8.69 6.86 3.14 1.83 1.53 1.31 1.83 1.46 2.70 1.83 1.17 0.88
2.77 0.00 0.00 0.00 0.00 0.00 0.00 0.00 0.00 0.00 3.36 3.36 3.65 4.02 4.96 3.94 4.16 4.16 4.16 5.04 4.31 4.67 3.87 3.72 4.74 4.45 4.38 4.45 4.09 3.72 3.58 3.87 4.67 1.90 3.43 3.14 3.21 2.99 0.00 0.00 0.00 2.99 2.99 2.99 3.72 5.62 5.62 6.72 5.84 7.30 4.31 5.48 4.82 9.05 6.79 7.23 8.54 8.54 8.45 7.30 4.09 3.72 2.83 7.23 11.19 14.60 14.06 6.13 6.13 5.48 5.55 7.45 7.23 7.08 4.16 2.85 3.07 2.34 3.14 1.99 1.16 2.56 1.39 0.44
1.17 0.00 0.00 0.00 0.00 0.00 0.00 0.00 0.00 0.00 3.21 3.50 0.00 3.29 4.53 4.02 3.87 3.58 3.58 3.43 4.45 3.36 3.36 3.50 4.16 4.45 3.50 3.50 0.00 3.94 4.53 4.16 3.87 3.29 2.77 3.29 0.00 1.39 0.00 0.00 3.36 0.00 2.77 2.77 1.68 4.89 6.64 5.69 7.59 8.25 6.94 8.83 8.98 13.80 10.37 11.68 12.78 7.01 6.50 5.55 3.99 2.41 3.61 6.64 11.32 16.35 19.47 12.70 12.29 8.36 6.28 7.74 7.96 6.79 6.94 4.74 2.85 3.94 3.06 1.30 2.23 2.77 2.22 1.59
0.88 0.66 1.75 0.00 0.00 0.00 0.00 0.00 0.00 0.00 0.00 0.00 0.00 0.00 0.00 0.00 2.56 3.94 3.94 2.70 2.99 2.77 2.63 2.70 2.99 2.41 0.00 3.14 0.00 2.99 3.87 2.63 2.70 1.46 2.34 2.77 2.34 0.00 0.00 0.00 0.00 0.37 0.80 0.80 0.00 2.12 5.04 3.29 8.10 6.35 7.96 9.20 12.12 16.72 14.24 18.10 19.42 9.34 8.77 9.22 8.18 4.53 8.04 12.55 10.95 16.61 19.49 16.72 16.80 14.85 8.22 8.47 8.98 8.54 8.95 7.45 4.38 3.87 4.84 3.30 2.16 4.60 3.41 2.55
0.66 1.17 1.61 0.00 0.00 2.12 2.12 2.04 0.00 0.00 0.00 0.00 0.00 0.00 0.00 0.00 0.00 0.00 0.00 2.56 3.07 0.00 0.00 0.00 1.46 0.00 0.00 0.00 0.00 0.00 2.48 0.00 0.00 2.56 0.00 2.41 2.12 0.00 0.00 0.00 0.00 0.00 0.00 0.00 0.22 1.75 2.19 4.60 4.67 7.08 9.13 8.32 13.14 16.21 18.76 22.56 24.97 16.35 15.55 16.77 15.12 7.26 7.57 11.16 19.01 19.44 14.08 9.86 9.86 14.98 10.25 9.71 10.56 11.86 8.73 9.88 8.25 5.78 5.04 7.15 6.08 7.22 5.18 5.66
0.66 0.88 0.66 0.88 1.83 2.41 2.26 2.34 0.00 0.00 0.00 0.00 0.00 0.00 0.00 0.00 0.00 0.00 0.00 2.19 2.70 2.70 2.41 2.04 0.00 0.00 0.00 0.00 0.00 0.00 0.00 0.00 0.00 0.00 0.00 0.00 0.00 0.00 0.00 0.15 0.00 0.00 0.00 0.00 0.00 0.22 1.68 2.77 4.74 6.57 8.10 11.68 14.67 17.01 23.29 26.50 26.35 25.04 24.16 26.65 23.51 12.38 9.42 9.07 15.01 15.42 11.59 7.52 7.52 6.34 7.83 10.89 12.30 13.35 12.30 10.86 7.59 6.08 6.67 6.92 7.64 8.47 7.25 6.58
0.73 0.22 1.02 1.24 0.88 1.46 2.41 0.00 0.00 0.00 1.61 0.00 0.00 0.00 0.00 1.75 2.77 2.34 2.34 1.97 0.00 2.34 0.00 0.00 0.00 0.00 0.00 0.00 0.00 0.00 0.00 0.00 0.00 0.00 0.00 0.00 0.00 0.00 0.00 0.00 0.00 0.00 0.00 0.00 0.00 0.07 1.02 2.12 5.26 7.37 9.93 11.39 13.93 15.35 21.56 25.49 26.42 30.73 31.17 26.13 27.38 16.43 12.45 10.32 11.15 12.74 11.90 6.72 6.75 5.05 6.60 6.89 9.36 11.89 13.21 11.24 11.17 7.87 7.10 5.20 6.30 8.56 8.13 6.86
1.61 0.95 2.19 1.31 0.88 1.02 0.00 0.00 0.00 0.00 0.00 0.00 0.00 0.00 0.00 1.17 0.00 0.00 0.00 0.00 0.00 2.99 0.00 0.00 0.00 0.00 0.00 1.83 0.22 0.00 0.00 0.00 0.00 0.00 0.00 0.00 1.46 0.00 0.00 0.00 0.00 0.00 0.00 0.00 0.00 0.00 2.34 2.34 7.01 9.34 16.72 13.07 14.67 16.66 20.81 23.63 23.39 32.59 29.05 23.23 19.74 13.65 10.50 8.54 8.89 9.27 10.78 8.22 8.22 3.61 4.13 4.46 5.31 7.42 9.02 9.32 9.39 8.78 6.14 4.21 4.56 6.81 6.60 3.83
1.53 1.46 1.83 1.83 2.19 3.14 2.77 2.63 1.97 1.61 0.00 0.00 0.00 0.00 0.00 0.00 0.00 0.00 0.00 0.00 0.00 0.00 0.00 0.00 0.00 0.00 2.41 1.39 1.17 0.00 0.00 0.00 0.00 0.00 0.00 0.88 0.00 0.00 0.00 0.00 0.00 0.00 1.90 1.90 1.10 5.26 5.55 15.04 14.16 15.77 22.05 16.86 16.86 18.19 18.77 23.36 18.94 24.92 24.31 19.33 19.81 17.19 12.79 9.66 9.19 9.73 6.84 3.19 3.14 2.37 3.30 4.06 6.80 5.40 6.28 7.34 7.26 7.54 3.40 2.58 5.95 6.32 6.89 5.46
2.48 0.00 0.00 1.68 3.07 3.14 6.20 3.72 4.96 4.16 5.77 0.00 0.00 0.00 0.00 0.00 0.00 0.00 0.00 0.00 0.00 0.00 0.00 0.00 0.00 0.00 2.70 2.70 1.83 0.00 0.00 0.00 0.00 0.00 0.00 1.61 0.00 0.00 0.00 0.00 0.00 5.55 5.26 5.26 11.97 9.20 19.78 22.19 23.94 23.14 21.15 18.68 22.17 23.42 21.41 19.30 16.79 18.10 17.94 14.60 16.29 18.44 17.50 12.56 8.75 7.78 5.48 3.31 3.23 1.17 1.53 2.71 4.25 6.61 4.77 4.60 4.59 2.50 3.05 2.38 4.69 3.85 5.26 6.57
4.31 3.07 2.04 1.97 8.18 7.01 8.32 15.55 12.70 14.53 12.70 9.42 6.79 10.73 6.57 2.41 4.53 0.00 0.00 0.00 0.00 0.00 0.00 0.66 1.39 1.68 1.39 1.61 1.90 2.04 1.24 1.17 1.83 1.68 1.31 2.56 4.02 0.00 0.00 4.02 2.77 6.64 11.61 11.61 11.97 16.79 16.72 21.97 21.46 19.42 16.78 20.05 15.29 18.82 13.62 9.81 16.19 15.34 16.97 17.97 15.85 16.42 16.95 16.33 13.80 10.12 6.61 4.72 4.65 1.10 0.15 0.83 2.80 4.63 7.11 4.82 2.80 1.24 0.83 1.27 1.35 1.51 3.20 4.03
9.05 7.52 6.20 6.28 13.72 14.09 14.97 13.58 17.52 13.36 14.67 16.43 12.26 16.86 11.75 6.57 3.50 3.07 3.07 3.58 2.41 0.00 0.15 1.10 1.02 1.02 1.68 2.12 1.61 1.46 1.10 1.31 1.83 1.46 2.12 4.23 6.35 2.41 1.17 1.68 4.53 2.92 7.96 7.96 7.88 14.53 9.56 13.51 17.08 14.30 12.64 15.75 11.11 13.76 13.09 9.33 14.42 14.44 16.12 17.77 15.93 14.52 14.22 11.89 8.98 7.15 5.06 1.39 1.37 0.00 0.51 1.44 3.17 2.88 4.66 5.77 1.62 0.52 0.00 1.94 0.63 1.40 1.42 2.21
7.23 10.51 10.66 13.72 19.56 21.75 22.48 22.34 12.99 11.24 12.92 16.43 17.52 14.75 10.22 7.74 4.67 3.07 3.07 2.56 1.46 0.07 0.44 1.02 0.95 0.15 0.58 1.10 0.66 2.34 0.95 1.02 1.53 1.39 2.85 4.31 3.87 0.00 0.00 0.00 0.80 0.37 4.96 4.96 6.86 7.66 6.50 5.97 11.27 10.83 12.15 14.14 10.54 10.29 9.90 9.89 10.63 10.67 12.76 14.43 19.55 18.10 15.26 11.10 8.10 7.00 4.84 2.20 2.45 0.00 0.07 1.23 1.51 3.85 5.77 4.28 2.41 0.44 0.00 0.00 0.00 0.00 2.47 2.55
8.25 6.28 9.20 6.72 16.79 13.80 24.75 15.55 15.62 14.75 12.41 13.14 12.48 14.09 11.46 5.33 4.23 3.36 3.36 1.53 1.39 0.58 1.24 0.95 0.00 0.00 0.00 0.00 0.95 1.02 0.95 0.29 0.73 1.46 1.31 3.14 1.75 0.00 0.00 0.00 0.00 0.22 0.00 0.00 2.04 0.37 3.14 6.09 7.52 7.78 8.92 9.37 10.16 11.78 7.73 9.13 6.97 7.51 6.14 9.68 18.72 19.92 19.88 15.11 11.68 6.49 4.65 2.83 2.72 1.08 0.00 0.00 0.84 1.38 4.97 5.24 2.59 0.61 0.70 0.00 0.00 1.18 1.51 3.01
0.00 3.94 0.00 0.00 8.32 8.91 16.35 15.04 20.81 18.76 11.39 7.15 7.81 7.81 9.56 2.85 3.94 3.80 3.80 1.75 1.75 1.46 0.66 0.15 0.00 0.00 0.00 0.00 1.02 1.02 0.00 0.37 0.00 0.00 0.15 1.39 0.37 0.00 0.00 0.00 0.00 0.00 0.00 0.00 0.00 0.07 2.92 4.60 7.15 6.13 7.19 7.03 6.64 8.85 8.85 7.06 5.00 6.88 11.88 12.23 13.16 16.99 20.97 21.16 17.97 12.72 8.04 5.11 5.14 3.59 0.81 0.32 0.00 0.91 2.63 1.31 1.56 0.59 0.81 0.48 0.00 0.46 1.62 2.51
0.00 0.00 0.00 0.00 0.00 5.40 15.70 20.95 20.66 15.91 10.07 7.37 5.18 4.53 2.77 0.00 1.83 1.46 1.46 2.19 2.04 0.37 0.15 0.00 0.00 0.00 0.00 0.00 0.00 0.00 0.00 0.37 0.00 0.00 0.00 0.00 0.00 0.00 0.00 0.00 0.00 0.00 0.00 0.00 0.00 0.29 1.76 2.41 5.48 3.46 7.62 6.21 9.66 8.61 7.18 7.08 6.19 7.02 8.76 10.08 16.29 20.62 21.86 20.55 16.02 12.56 8.06 4.55 5.33 4.13 0.91 0.00 0.00 0.00 1.15 0.58 1.30 0.88 0.39 0.72 0.00 1.15 1.78 1.83
0.00 0.00 0.00 0.00 0.00 9.05 12.99 17.01 19.93 15.40 10.95 8.32 6.42 4.38 3.14 1.46 3.50 0.00 0.00 1.68 0.00 0.00 0.00 0.00 0.51 0.00 0.00 0.00 0.00 0.00 0.00 0.00 0.00 0.00 0.00 0.00 0.15 0.00 0.00 0.00 0.00 0.00 0.00 0.00 0.00 0.00 1.17 2.81 2.60 2.26 3.91 6.28 5.76 8.11 8.17 9.35 7.87 0.00 0.00 9.19 19.04 16.87 20.66 23.36 20.18 17.25 13.05 7.22 8.08 6.69 2.96 1.13 0.26 0.71 0.00 0.00 0.75 1.02 0.71 0.19 0.00 0.74 0.77 0.16
0.00 0.00 0.00 0.00 0.00 3.94 9.56 13.43 11.02 12.92 10.95 9.56 7.45 4.67 8.03 5.34 7.30 0.00 0.00 0.00 0.00 1.24 0.29 0.00 0.00 0.00 0.00 0.00 0.00 0.00 0.00 0.00 0.00 0.00 0.00 0.00 1.17 0.00 0.00 0.00 0.00 0.00 0.00 0.00 0.00 0.07 0.00 1.27 3.59 5.35 8.42 7.80 7.66 9.20 5.69 8.82 0.00 0.00 0.00 11.71 14.86 18.28 15.47 18.15 20.46 19.31 20.87 10.40 10.62 8.96 6.59 2.72 0.62 0.00 0.00 0.00 0.00 0.54 0.00 0.00 0.00 0.00 1.25 0.71
0.00 0.00 0.00 0.00 0.00 0.00 0.00 1.75 4.96 6.79 8.91 12.56 9.05 9.86 8.40 9.39 6.86 4.60 4.29 1.39 1.02 2.41 0.00 0.37 0.00 0.00 0.00 0.07 0.22 0.00 0.22 0.00 0.00 0.07 0.00 1.17 1.61 0.00 0.00 0.51 0.00 4.16 0.80 0.80 3.58 0.00 0.51 1.93 5.55 9.51 12.20 6.12 7.30 0.00 0.00 0.00 0.00 0.00 0.00 0.00 8.34 11.26 14.60 13.04 16.38 17.69 16.30 16.47 20.13 13.18 8.40 4.26 3.33 0.75 0.00 0.92 0.88 0.00 0.00 0.00 0.00 0.00 0.00 0.00
0.00 0.00 0.00 0.00 0.00 0.00 0.00 0.00 0.00 0.00 0.00 0.00 0.00 6.28 0.00 5.18 6.50 9.40 9.55 5.69 7.37 7.81 4.74 2.63 3.21 2.04 1.83 1.39 2.70 0.00 0.00 0.00 0.95 0.37 1.02 1.39 6.20 2.70 8.83 9.46 10.08 12.54 10.80 10.80 12.92 6.28 5.55 2.57 5.96 7.35 0.00 0.00 0.00 0.00 0.00 0.00 0.00 0.00 0.00 0.00 0.00 7.62 8.86 9.77 14.24 14.51 11.64 11.08 12.39 8.99 6.50 3.16 1.68 1.14 0.00 0.00 1.31 0.00 0.00 0.00 0.00 0.00 0.00 0.00
0.00 0.00 0.00 0.00 0.00 0.00 0.00 0.00 0.00 0.00 0.00 0.00 0.00 0.00 0.00 0.00 4.96 4.60 4.60 7.30 6.13 5.60 8.91 4.89 4.02 3.26 3.97 3.43 3.21 1.39 0.00 2.56 1.24 1.39 1.02 8.25 6.94 9.05 8.03 10.95 12.17 12.72 14.24 15.91 13.43 11.83 8.83 5.02 6.06 4.50 0.00 0.00 0.00 0.00 0.00 0.00 0.00 0.00 0.00 0.00 0.00 0.00 0.00 5.73 11.83 10.19 5.60 7.30 7.30 6.52 5.05 4.59 3.25 1.22 0.00 0.00 0.00 0.00 0.00 0.00 0.00 0.00 0.00 0.00
0.00 0.00 0.00 0.00 0.00 0.00 0.00 0.00 0.00 0.00 0.00 0.00 0.00 0.00 0.00 0.00 0.00 0.00 0.00 0.00 0.00 3.94 3.80 4.82 2.92 2.71 2.76 6.94 4.53 4.53 3.43 2.34 1.11 1.68 2.63 2.04 8.69 8.76 5.11 5.77 9.95 10.66 11.57 14.70 14.08 7.61 7.42 2.82 0.00 0.00 0.00 0.00 0.00 0.00 0.00 0.00 0.00 0.00 0.00 0.00 0.00 0.00 0.00 0.00 0.00 0.00 0.00 0.00 0.00 0.00 0.00 0.00 0.00 0.00 0.00 0.00 0.00 0.00 0.00 0.00 0.00 0.00 0.00 0.00
0.00 0.00 0.00 0.00 0.00 0.00 0.00 0.00 0.00 0.00 0.00 0.00 0.00 0.00 0.00 0.00 0.00 0.00 0.00 0.00 0.00 0.00 0.00 0.00 0.58 2.63 0.00 2.77 6.06 2.04 3.14 3.16 0.00 0.00 0.00 0.00 0.00 6.20 0.00 0.00 0.00 0.00 0.00 0.00 12.11 3.79 3.65 0.00 0.00 0.00 0.00 0.00 0.00 0.00 0.00 0.00 0.00 0.00 0.00 0.00 0.00 0.00 0.00 0.00 0.00 0.00 0.00 0.00 0.00 0.00 0.00 0.00 0.00 0.00 0.00 0.00 0.00 0.00 0.00 0.00 0.00 0.00 0.00 0.00
