Wansh/Snow_depth/snowdepth-1996/winter/1996344.txt
ncols 321
nrows 161
xllcenter 60
yllcenter 15 
cellsize  0.25 
NODATA_value -1
[rows 0 to 36 of 161, columns 0 to 83 of 321]
0.00 0.00 0.00 0.00 1.10 0.00 0.00 0.07 0.00 0.73 0.44 0.73 0.51 0.15 0.15 0.00 0.00 0.00 0.00 0.00 0.00 0.00 0.00 0.00 0.00 0.00 0.00 0.00 0.00 0.00 0.00 0.00 0.00 0.00 0.00 0.00 0.00 0.95 0.29 1.75 2.77 3.36 3.43 3.87 3.72 3.58 3.58 3.50 2.92 4.16 4.31 4.31 4.31 4.45 4.67 4.67 4.67 4.60 4.96 5.55 6.42 6.50 6.57 6.35 6.86 6.42 6.42 6.20 6.06 6.06 4.89 4.89 5.62 5.33 7.30 9.13 9.13 8.61 8.76 10.66 10.66 9.05 11.10 10.95
2.56 2.56 0.00 1.97 1.68 2.04 1.90 2.04 2.70 1.68 0.58 0.66 0.73 0.15 0.00 0.00 0.00 0.00 0.00 0.00 0.00 0.00 0.00 0.00 0.00 0.00 0.00 0.00 0.00 0.00 0.00 0.00 0.00 0.00 0.00 0.00 0.00 0.58 0.22 1.31 2.19 2.70 1.83 2.19 2.70 1.46 2.99 2.26 2.92 3.36 3.29 3.29 4.09 3.87 3.87 3.43 4.67 5.40 5.33 5.40 5.91 6.94 5.91 6.20 6.13 6.28 6.20 6.57 4.74 0.00 0.00 0.00 6.13 7.88 7.30 9.20 9.20 10.22 10.07 10.73 10.22 10.00 11.24 10.44
3.72 3.72 3.43 3.65 2.99 3.21 2.12 2.56 2.48 2.26 1.24 1.75 1.17 0.00 0.00 0.00 0.00 0.00 0.00 0.00 0.00 0.00 0.00 0.00 0.00 0.00 0.00 0.00 0.00 0.00 0.00 0.00 0.29 0.00 0.00 0.00 0.00 0.73 0.66 1.39 0.29 0.15 0.73 1.02 1.97 1.31 1.53 1.24 0.00 0.00 0.00 0.00 3.72 1.75 2.99 4.67 3.87 4.74 5.55 5.55 5.48 4.82 5.40 5.69 5.40 5.26 6.42 5.55 5.55 5.62 4.89 6.79 6.13 8.69 8.98 9.20 9.20 9.93 10.00 9.78 9.56 7.30 7.81 7.59
3.72 3.72 3.43 3.65 2.99 3.21 2.12 2.56 2.48 2.26 1.24 1.75 1.17 0.00 0.00 0.00 0.00 0.00 0.00 0.00 0.00 0.00 0.00 0.00 0.00 0.00 0.00 0.00 0.00 0.00 0.00 0.00 0.29 0.00 0.00 0.00 0.00 0.73 0.66 1.39 0.29 0.15 0.73 1.02 1.97 1.31 1.53 1.24 0.00 0.00 0.00 0.00 3.72 1.75 2.99 4.67 3.87 4.74 5.55 5.55 5.48 4.82 5.40 5.69 5.40 5.26 6.42 5.55 5.55 5.62 4.89 6.79 6.13 8.69 8.98 9.20 9.20 9.93 10.00 9.78 9.56 7.30 7.81 7.59
4.16 4.16 3.29 3.87 3.72 3.94 3.14 3.50 2.77 2.77 2.56 1.75 1.83 0.51 0.00 0.00 0.00 0.00 0.00 0.00 0.00 0.00 0.00 0.00 0.00 0.00 0.00 0.00 0.00 0.00 0.29 1.17 1.68 1.46 0.00 0.00 0.00 0.00 0.00 0.00 0.00 0.00 0.00 1.17 0.44 0.00 0.15 1.02 0.80 1.39 1.31 1.31 1.02 1.17 1.39 3.50 2.85 4.53 5.18 5.04 4.82 4.60 4.67 5.33 6.79 6.35 6.06 7.45 6.35 6.50 5.77 7.66 7.74 7.74 9.49 11.10 11.10 11.02 9.78 9.56 9.86 7.59 6.35 5.77
3.94 3.94 4.60 4.23 5.62 5.18 3.80 2.99 3.50 2.04 2.63 2.77 2.77 1.61 2.34 1.02 1.24 0.88 0.00 0.58 0.22 0.37 0.51 0.44 0.22 2.70 2.70 0.22 2.34 1.17 1.17 1.10 1.31 4.09 2.56 3.14 1.02 3.50 0.66 3.80 1.31 0.00 1.24 0.00 1.83 5.40 2.85 2.99 2.99 2.48 2.77 2.77 3.07 2.41 1.75 4.89 3.80 2.99 4.45 4.89 4.96 4.96 5.11 5.26 8.47 8.25 8.69 8.40 10.07 8.32 8.83 8.03 8.54 8.47 8.83 10.37 10.37 9.49 9.42 10.29 8.76 8.47 6.64 7.52
4.31 4.31 4.16 5.77 5.33 6.50 5.18 5.40 4.82 3.07 2.41 2.04 1.75 2.70 2.04 2.12 2.26 4.53 1.61 2.41 5.77 4.96 5.40 4.60 4.60 4.45 4.45 4.45 7.81 6.57 6.42 4.74 4.74 7.08 7.23 6.50 5.77 7.59 5.55 6.28 0.00 7.01 6.94 7.30 7.23 7.30 6.42 5.62 6.28 4.67 5.04 5.04 3.29 0.00 0.00 3.07 2.99 5.48 4.67 5.18 5.33 6.79 7.96 8.83 8.18 10.29 11.83 11.17 11.75 10.73 10.00 7.88 8.18 7.96 8.32 8.10 8.10 7.96 9.13 8.54 7.81 7.15 6.86 7.23
4.31 4.31 4.16 5.77 5.33 6.50 5.18 5.40 4.82 3.07 2.41 2.04 1.75 2.70 2.04 2.12 2.26 4.53 1.61 2.41 5.77 4.96 5.40 4.60 4.60 4.45 4.45 4.45 7.81 6.57 6.42 4.74 4.74 7.08 7.23 6.50 5.77 7.59 5.55 6.28 0.00 7.01 6.94 7.30 7.23 7.30 6.42 5.62 6.28 4.67 5.04 5.04 3.29 0.00 0.00 3.07 2.99 5.48 4.67 5.18 5.33 6.79 7.96 8.83 8.18 10.29 11.83 11.17 11.75 10.73 10.00 7.88 8.18 7.96 8.32 8.10 8.10 7.96 9.13 8.54 7.81 7.15 6.86 7.23
5.77 5.77 4.74 5.77 6.35 6.35 5.91 5.69 5.84 4.02 2.19 2.41 2.34 3.80 3.36 5.55 5.62 5.84 6.64 7.66 7.59 7.66 6.20 8.61 6.57 9.56 9.56 9.86 9.78 9.71 9.71 8.10 6.72 6.42 8.25 8.32 9.27 11.02 7.23 7.45 0.00 7.37 7.45 7.74 7.59 8.54 7.08 7.88 6.72 5.18 3.94 3.94 2.41 2.77 0.00 1.68 4.96 4.96 5.91 6.50 7.88 7.52 7.81 9.34 10.29 10.15 11.32 8.03 10.59 9.78 9.86 6.79 7.88 7.66 7.96 7.59 7.59 6.42 6.79 4.31 4.16 5.84 2.70 2.56
5.91 5.91 6.50 6.28 7.15 7.23 6.94 6.94 6.28 4.89 3.72 5.26 4.23 5.33 7.37 8.32 8.18 8.10 9.49 9.05 10.88 8.83 9.20 9.27 9.56 10.66 10.66 11.46 10.80 10.29 9.05 9.93 8.32 8.69 8.32 9.93 11.46 12.34 0.00 0.00 0.00 6.72 0.00 0.00 8.10 7.30 8.03 9.27 8.40 8.98 6.64 6.64 5.18 4.45 3.94 3.21 3.50 3.50 4.96 6.79 5.18 7.45 7.08 8.40 8.47 4.16 5.55 5.33 4.67 2.63 5.26 5.99 3.50 6.57 5.62 3.94 3.94 3.07 3.65 0.00 2.77 0.00 1.61 0.00
5.48 5.48 5.69 6.64 7.15 7.30 7.59 8.32 8.61 7.81 7.01 7.23 7.59 8.47 8.69 8.61 8.54 8.61 8.76 11.46 12.85 11.32 10.73 10.07 11.53 11.32 11.32 11.61 13.14 12.63 11.83 9.78 11.02 9.93 10.51 11.02 12.19 0.00 0.00 0.00 0.00 9.05 0.00 8.61 8.40 9.78 10.22 9.49 8.76 7.15 7.30 7.30 5.18 5.55 1.83 1.68 3.14 1.68 2.26 1.90 2.19 4.53 1.24 3.21 2.56 2.04 1.75 0.95 1.02 2.56 3.29 3.58 3.50 3.80 3.29 3.87 3.87 5.48 5.91 4.67 0.00 5.04 5.40 0.95
5.48 5.48 5.69 6.64 7.15 7.30 7.59 8.32 8.61 7.81 7.01 7.23 7.59 8.47 8.69 8.61 8.54 8.61 8.76 11.46 12.85 11.32 10.73 10.07 11.53 11.32 11.32 11.61 13.14 12.63 11.83 9.78 11.02 9.93 10.51 11.02 12.19 0.00 0.00 0.00 0.00 9.05 0.00 8.61 8.40 9.78 10.22 9.49 8.76 7.15 7.30 7.30 5.18 5.55 1.83 1.68 3.14 1.68 2.26 1.90 2.19 4.53 1.24 3.21 2.56 2.04 1.75 0.95 1.02 2.56 3.29 3.58 3.50 3.80 3.29 3.87 3.87 5.48 5.91 4.67 0.00 5.04 5.40 0.95
5.48 5.48 6.28 6.42 7.30 8.98 7.59 10.37 10.44 9.20 9.42 10.44 9.78 9.93 10.22 9.05 9.42 8.83 9.64 12.85 11.83 13.14 11.61 11.97 12.12 13.07 13.07 13.87 13.58 13.07 13.14 12.34 10.44 9.05 10.07 11.39 0.00 0.00 0.00 0.00 10.37 8.76 10.29 10.59 10.95 10.95 10.44 10.29 5.91 4.67 5.04 5.04 3.29 3.80 0.00 0.00 0.00 0.00 0.00 0.00 1.83 2.12 1.75 1.83 4.09 2.85 3.50 1.90 2.26 3.43 3.21 3.50 4.09 4.38 3.72 3.21 3.21 2.56 2.85 3.50 3.65 5.91 1.61 2.56
6.86 6.86 7.08 8.03 8.03 8.47 9.78 10.37 10.44 10.29 10.29 10.29 10.37 10.07 9.86 9.86 8.69 8.61 9.27 9.42 12.92 14.53 15.40 13.43 10.88 11.24 11.24 13.07 12.99 13.14 10.37 10.29 7.74 7.23 7.74 5.11 7.08 5.26 6.50 6.79 5.69 7.96 9.56 10.00 6.13 6.13 4.74 5.04 4.89 2.92 4.31 4.31 1.17 1.10 1.10 0.51 0.73 1.68 2.92 3.72 4.31 4.23 2.41 3.87 3.43 4.31 4.60 1.75 2.26 2.41 3.14 2.70 4.09 2.34 2.19 1.68 1.68 3.14 2.92 2.77 1.46 1.02 1.39 1.68
6.28 6.28 8.18 7.96 7.96 8.10 9.49 7.23 7.88 9.64 9.64 8.47 8.40 8.61 7.66 7.66 8.40 7.96 7.96 10.66 9.86 12.12 12.70 11.32 9.64 9.64 9.64 10.59 9.56 9.27 5.26 7.01 3.58 4.60 4.38 1.68 1.53 2.34 2.26 0.00 3.07 6.06 2.26 1.75 3.07 4.16 3.80 3.87 3.58 3.65 3.14 3.14 1.61 2.04 1.46 2.04 2.19 2.26 2.48 3.87 2.41 3.87 3.14 3.65 2.77 1.17 0.73 0.80 1.68 1.83 1.61 1.68 1.68 1.39 1.53 1.24 1.24 2.26 0.00 0.66 0.58 1.02 1.31 1.24
5.33 5.33 8.18 8.25 8.40 7.45 6.28 7.15 6.79 8.32 8.25 8.18 8.54 7.52 7.74 6.28 8.10 5.11 4.45 4.45 7.66 10.00 4.96 5.77 5.62 5.40 5.40 6.13 2.85 3.50 1.31 2.26 2.34 0.00 2.92 0.00 0.00 0.00 0.00 0.00 0.00 0.00 0.00 0.00 0.37 0.51 2.41 3.36 4.60 5.33 6.86 6.86 4.53 4.02 1.75 0.51 1.75 2.77 1.97 2.48 1.97 2.41 2.04 1.68 1.68 1.02 0.88 1.68 1.83 1.75 1.02 0.80 1.02 0.51 1.17 0.73 0.73 1.53 0.00 1.31 1.10 0.95 3.14 2.63
5.33 5.33 8.18 8.25 8.40 7.45 6.28 7.15 6.79 8.32 8.25 8.18 8.54 7.52 7.74 6.28 8.10 5.11 4.45 4.45 7.66 10.00 4.96 5.77 5.62 5.40 5.40 6.13 2.85 3.50 1.31 2.26 2.34 0.00 2.92 0.00 0.00 0.00 0.00 0.00 0.00 0.00 0.00 0.00 0.37 0.51 2.41 3.36 4.60 5.33 6.86 6.86 4.53 4.02 1.75 0.51 1.75 2.77 1.97 2.48 1.97 2.41 2.04 1.68 1.68 1.02 0.88 1.68 1.83 1.75 1.02 0.80 1.02 0.51 1.17 0.73 0.73 1.53 0.00 1.31 1.10 0.95 3.14 2.63
9.93 9.93 8.98 8.47 6.57 7.08 5.69 6.20 8.18 7.81 8.03 6.79 5.26 5.33 4.96 4.09 4.45 4.67 2.77 3.72 0.51 0.00 1.31 3.36 0.00 0.58 0.58 1.02 0.00 0.00 1.17 0.07 0.29 0.00 0.00 0.00 0.00 0.00 0.00 0.00 0.00 0.00 1.17 1.02 1.39 1.97 1.61 4.02 4.09 6.57 7.01 7.01 5.40 5.55 3.58 2.19 3.50 2.77 3.50 3.14 1.83 2.19 1.97 0.80 1.24 1.39 1.24 1.02 1.10 0.95 1.10 0.73 1.39 0.95 1.02 0.44 0.44 1.61 1.61 1.68 2.12 2.77 2.85 2.19
10.95 10.95 10.37 9.49 9.78 8.91 8.76 8.76 8.91 8.03 6.50 6.57 4.23 3.72 3.50 3.36 2.26 0.00 0.00 0.00 0.00 0.00 0.00 0.00 0.00 0.00 0.00 0.00 0.00 0.00 0.00 0.00 0.00 0.00 0.00 0.00 0.00 0.00 0.73 0.00 0.22 1.83 2.12 0.88 0.95 2.63 3.21 3.65 3.58 5.77 4.02 4.02 1.31 2.92 4.09 3.72 4.09 4.45 4.38 2.26 2.34 1.39 2.56 2.56 1.61 0.88 1.10 1.17 0.95 1.31 0.95 1.17 0.44 0.88 0.95 0.88 0.88 1.53 1.46 1.39 1.53 2.34 1.83 1.83
11.32 11.32 11.39 10.73 9.56 9.56 9.71 8.40 7.15 7.52 5.55 0.22 0.00 0.00 0.00 0.00 0.00 0.00 0.00 0.00 0.00 0.00 0.00 0.00 0.00 0.00 0.00 0.00 0.00 0.00 0.00 0.00 0.58 0.00 0.00 0.00 0.00 0.00 0.00 3.36 3.21 3.50 2.77 4.53 4.67 4.31 4.67 3.94 2.70 1.90 3.14 3.14 1.31 2.41 3.07 3.07 4.45 3.94 4.23 3.29 3.21 3.50 3.21 3.21 2.92 3.14 1.61 2.85 1.61 1.90 1.46 0.88 0.95 0.15 0.66 0.51 0.51 0.37 1.75 1.83 1.68 3.14 1.83 1.61
5.77 5.77 5.04 4.53 4.74 3.36 2.48 2.77 0.51 0.37 0.00 0.00 0.00 0.00 0.00 0.00 0.00 0.00 0.00 0.00 0.00 0.00 0.00 0.00 0.00 0.00 0.00 0.00 0.00 0.00 0.22 0.22 0.73 0.66 0.22 0.95 0.73 1.39 0.07 3.58 2.48 2.99 5.26 5.84 5.40 5.48 5.48 4.74 2.70 2.26 1.53 1.53 1.53 1.02 1.31 1.90 2.63 3.94 3.43 4.60 4.67 4.53 5.40 4.74 2.85 3.07 2.85 2.85 1.39 1.46 1.75 1.02 1.83 0.80 0.66 2.41 2.41 2.70 2.41 4.74 3.87 3.87 3.43 2.56
4.45 4.45 2.56 2.41 0.37 0.66 0.00 0.00 0.00 0.00 0.00 0.00 0.00 0.00 0.00 0.00 0.00 0.00 0.00 0.00 0.00 0.00 0.00 0.00 0.00 0.00 0.00 0.00 0.00 0.66 0.29 0.00 0.58 0.73 0.73 0.80 0.88 0.73 2.04 1.53 0.44 1.46 2.70 0.07 0.66 3.21 3.21 3.87 1.61 1.83 0.51 0.51 0.51 0.44 0.95 1.53 1.17 1.02 3.07 4.16 2.63 3.50 3.36 3.72 1.61 2.26 1.90 3.50 2.92 2.77 2.85 2.77 2.26 2.92 2.85 2.34 2.34 4.38 4.53 4.38 4.16 3.72 2.77 3.21
4.45 4.45 2.56 2.41 0.37 0.66 0.00 0.00 0.00 0.00 0.00 0.00 0.00 0.00 0.00 0.00 0.00 0.00 0.00 0.00 0.00 0.00 0.00 0.00 0.00 0.00 0.00 0.00 0.00 0.66 0.29 0.00 0.58 0.73 0.73 0.80 0.88 0.73 2.04 1.53 0.44 1.46 2.70 0.07 0.66 3.21 3.21 3.87 1.61 1.83 0.51 0.51 0.51 0.44 0.95 1.53 1.17 1.02 3.07 4.16 2.63 3.50 3.36 3.72 1.61 2.26 1.90 3.50 2.92 2.77 2.85 2.77 2.26 2.92 2.85 2.34 2.34 4.38 4.53 4.38 4.16 3.72 2.77 3.21
0.00 0.00 0.00 0.00 0.00 0.00 0.00 0.00 0.00 0.00 0.00 0.00 0.00 0.00 0.00 0.00 0.00 0.00 0.00 0.00 0.00 0.00 0.00 0.00 0.00 0.00 0.00 0.00 0.00 0.00 0.00 0.00 0.00 1.31 1.02 0.44 0.58 0.73 0.00 0.66 0.00 0.00 0.00 0.00 0.22 0.15 0.00 0.80 0.73 0.22 0.00 0.00 0.44 0.58 0.37 1.46 1.31 1.39 2.56 1.97 1.75 1.97 1.68 1.61 1.61 2.26 3.94 3.65 3.50 3.94 3.07 2.56 2.48 3.80 4.02 4.45 4.45 4.23 4.31 3.94 4.02 4.67 3.36 3.43
0.00 0.00 0.00 0.00 0.00 0.00 0.00 0.00 0.00 0.00 0.00 0.00 0.00 0.00 0.00 0.00 0.00 0.00 0.00 0.00 0.00 0.00 0.00 0.00 0.00 0.00 0.00 0.00 0.00 0.00 0.00 0.00 0.22 0.00 0.00 0.00 0.00 0.00 0.00 0.00 0.00 0.00 0.00 0.00 0.00 0.00 0.07 0.00 0.00 0.00 0.00 0.00 0.00 0.15 0.66 0.07 1.46 1.61 2.26 2.12 1.39 2.48 1.68 2.56 3.58 3.29 3.94 4.67 3.43 3.72 3.43 4.60 5.55 5.11 6.13 4.02 4.02 3.94 4.31 4.67 5.77 5.48 5.99 4.02
0.00 0.00 0.00 0.00 0.00 0.00 0.00 0.00 0.00 0.00 0.00 0.00 0.00 0.00 0.00 0.00 0.00 0.00 0.00 0.00 0.00 0.00 0.00 0.00 0.00 0.00 0.00 0.00 0.15 0.22 0.58 0.00 0.58 0.44 0.00 0.00 0.00 0.00 0.00 0.00 0.00 0.00 0.00 0.00 0.00 0.00 0.00 0.00 0.00 0.00 0.00 0.00 0.00 0.07 0.37 0.37 0.58 1.53 2.77 3.50 2.77 2.85 2.56 1.61 1.90 1.97 3.65 2.77 2.85 3.14 4.02 4.09 2.63 4.09 4.45 3.50 3.50 5.26 4.45 4.02 5.77 5.84 5.77 5.48
0.00 0.00 0.00 0.00 0.00 0.00 0.00 0.00 0.00 0.00 0.00 0.00 0.00 0.00 0.00 0.00 0.00 0.00 0.00 0.00 0.00 0.00 0.00 0.00 0.00 0.00 0.00 0.00 0.22 0.95 0.22 0.29 0.37 0.15 0.22 0.15 0.51 0.00 0.00 0.00 0.00 0.00 0.00 0.00 0.00 0.58 0.00 0.07 0.00 0.37 0.00 0.00 0.66 0.22 0.07 0.07 0.37 1.31 1.31 2.04 1.83 0.22 0.51 0.58 0.95 0.95 1.02 1.39 0.66 2.04 2.26 2.04 2.19 1.10 2.70 2.04 2.04 3.87 2.77 3.07 2.85 5.04 5.26 5.40
0.00 0.00 0.00 0.00 0.00 0.00 0.00 0.00 0.00 0.00 0.00 0.00 0.00 0.00 0.00 0.00 0.00 0.00 0.00 0.00 0.00 0.00 0.00 0.00 0.00 1.17 1.17 0.29 0.51 0.88 0.00 0.00 0.00 0.66 0.66 0.51 0.00 0.00 0.00 0.00 0.00 0.00 0.00 0.00 0.07 1.02 0.00 0.37 0.29 0.37 0.73 0.73 0.95 0.66 0.07 0.37 0.22 0.22 0.29 0.73 0.00 0.00 0.07 0.07 0.00 0.15 0.51 0.73 0.07 1.39 2.26 2.26 1.10 1.46 0.95 1.02 1.02 0.95 1.90 2.77 1.83 1.61 4.09 3.94
0.00 0.00 0.00 0.00 0.00 0.00 0.00 0.00 0.00 0.00 0.00 0.00 0.00 0.00 0.00 0.00 0.00 0.00 0.00 0.00 0.00 0.00 0.00 0.00 0.00 1.17 1.17 0.29 0.51 0.88 0.00 0.00 0.00 0.66 0.66 0.51 0.00 0.00 0.00 0.00 0.00 0.00 0.00 0.00 0.07 1.02 0.00 0.37 0.29 0.37 0.73 0.73 0.95 0.66 0.07 0.37 0.22 0.22 0.29 0.73 0.00 0.00 0.07 0.07 0.00 0.15 0.51 0.73 0.07 1.39 2.26 2.26 1.10 1.46 0.95 1.02 1.02 0.95 1.90 2.77 1.83 1.61 4.09 3.94
0.00 0.00 0.00 0.00 0.00 0.00 0.00 0.00 0.00 0.00 0.00 0.00 0.00 0.00 0.00 0.00 0.00 0.00 0.00 0.00 0.00 0.00 0.00 0.00 0.00 0.58 0.58 1.46 1.10 0.00 0.00 0.00 0.00 0.00 0.00 0.15 0.00 0.00 0.00 0.00 0.00 0.00 0.00 0.51 0.29 0.00 1.02 0.15 0.37 0.00 0.00 0.00 0.88 0.37 0.58 1.39 0.15 0.51 0.00 0.00 0.00 0.00 0.00 0.00 0.15 0.22 0.00 0.00 0.88 1.90 1.75 1.53 2.19 2.04 2.19 0.29 0.29 0.00 0.00 0.51 0.51 1.53 1.39 3.07
0.00 0.00 0.00 0.00 0.00 0.00 0.00 0.00 0.00 0.00 0.00 0.00 0.00 0.00 0.00 0.00 0.00 0.00 0.00 0.00 0.00 0.00 0.00 0.44 0.22 1.10 1.10 0.44 0.00 0.37 0.00 0.00 0.00 0.00 0.00 0.00 0.00 0.00 0.00 0.00 0.00 0.15 0.22 0.37 0.07 0.29 0.37 0.00 0.44 0.07 0.22 0.22 0.88 0.44 0.66 1.24 0.73 0.29 0.37 0.15 0.07 0.00 0.00 0.22 0.37 0.00 0.00 0.00 1.39 1.31 0.88 1.10 2.04 1.31 0.29 0.58 0.58 0.44 0.00 0.00 0.00 0.07 0.88 3.14
0.00 0.00 0.00 0.00 0.00 0.00 0.00 0.00 0.00 0.00 0.00 0.00 0.00 0.00 0.00 0.00 0.00 0.00 0.00 0.00 0.00 0.00 0.00 0.00 0.07 0.15 0.15 0.37 0.00 0.00 0.00 0.00 0.00 0.00 0.00 0.00 0.00 0.00 0.00 0.00 0.00 0.00 0.66 0.00 0.00 0.37 0.73 1.17 0.88 0.88 0.44 0.44 0.22 1.10 0.37 0.73 0.88 0.00 0.58 0.00 0.00 0.00 0.00 0.00 0.15 0.00 0.00 0.00 0.00 0.00 1.10 0.66 0.44 0.58 0.22 0.00 0.00 0.00 0.00 0.00 0.00 0.00 0.07 0.22
0.00 0.00 0.00 0.00 0.00 0.00 0.00 0.00 0.00 0.00 0.00 0.00 0.00 0.00 0.00 0.00 0.00 0.00 0.00 0.00 0.00 0.00 0.00 0.00 0.00 0.00 0.00 0.00 0.00 0.00 0.00 0.00 0.00 0.00 0.00 0.00 0.00 0.00 0.00 0.00 0.00 0.15 0.00 0.22 0.44 0.07 0.44 0.66 0.95 0.88 1.24 1.24 0.95 0.44 0.51 0.00 0.51 0.58 0.00 0.00 0.00 0.00 0.00 0.00 0.00 0.00 0.00 0.00 0.00 0.00 0.00 0.00 0.00 0.00 0.00 0.00 0.00 0.00 0.00 0.00 0.00 0.00 0.00 0.00
0.00 0.00 0.00 0.00 0.00 0.00 0.00 0.00 0.00 0.00 0.00 0.00 0.00 0.00 0.00 0.00 0.00 0.00 0.00 0.00 0.00 0.00 0.00 0.00 0.00 0.00 0.00 0.00 0.00 0.00 0.00 0.00 0.00 0.00 0.00 0.00 0.00 0.00 0.00 0.00 0.00 0.00 0.15 0.00 0.00 0.22 0.37 0.73 0.51 0.80 1.31 1.31 0.29 0.22 0.37 0.00 0.00 0.00 0.00 0.00 0.00 0.00 0.00 0.00 0.00 0.00 0.00 0.00 0.00 0.00 0.00 0.00 0.00 0.00 0.00 0.00 0.00 0.00 0.00 0.00 0.00 0.00 0.00 0.00
0.00 0.00 0.00 0.00 0.00 0.00 0.00 0.00 0.00 0.00 0.00 0.00 0.00 0.00 0.00 0.00 0.00 0.00 0.00 0.00 0.00 0.00 0.00 0.00 0.00 0.00 0.00 0.00 0.00 0.00 0.00 0.00 0.00 0.00 0.00 0.00 0.00 0.00 0.00 0.00 0.00 0.00 0.00 0.00 0.00 0.00 0.22 0.37 0.37 0.51 0.00 0.00 0.29 0.00 0.00 0.00 0.00 0.00 0.00 0.00 0.00 0.00 0.00 0.00 0.00 0.00 0.00 0.00 0.00 0.00 0.00 0.00 0.00 0.00 0.00 0.00 0.00 0.00 0.00 0.00 0.00 0.00 0.00 0.00
0.00 0.00 0.00 0.00 0.00 0.00 0.00 0.00 0.00 0.00 0.00 0.00 0.00 0.00 0.00 0.00 0.00 0.00 0.00 0.00 0.00 0.00 0.00 0.00 0.00 0.00 0.00 0.00 0.00 0.00 0.00 0.00 0.00 0.00 0.00 0.00 0.00 0.00 0.00 0.00 0.00 0.00 0.00 0.00 0.00 0.00 0.22 0.37 0.37 0.51 0.00 0.00 0.29 0.00 0.00 0.00 0.00 0.00 0.00 0.00 0.00 0.00 0.00 0.00 0.00 0.00 0.00 0.00 0.00 0.00 0.00 0.00 0.00 0.00 0.00 0.00 0.00 0.00 0.00 0.00 0.00 0.00 0.00 0.00
0.00 0.00 0.00 0.00 0.00 0.00 0.00 0.00 0.00 0.00 0.00 0.00 0.00 0.00 0.00 0.00 0.00 0.00 0.00 0.00 0.00 0.00 0.00 0.00 0.00 0.00 0.00 0.00 0.00 0.00 0.00 0.00 0.00 0.00 0.00 0.00 0.00 0.00 0.00 0.00 0.00 0.00 0.00 0.00 0.00 0.00 0.00 0.00 0.22 0.44 0.29 0.29 0.00 0.00 0.00 0.00 0.00 0.00 0.00 0.00 0.00 0.00 0.00 0.00 0.00 0.00 0.00 0.00 0.00 0.00 0.00 0.00 0.00 0.00 0.00 0.00 0.00 0.00 0.00 0.00 0.00 0.00 0.00 2.12
