Wansh/Snow_depth/snowdepth-1996/winter/1996352.txt
ncols 321
nrows 161
xllcenter 60
yllcenter 15 
cellsize  0.25 
NODATA_value -1
[rows 0 to 36 of 161, columns 84 to 167 of 321]
14.60 14.09 13.94 14.02 12.92 10.07 11.46 5.55 6.06 5.99 7.45 7.01 8.91 8.98 8.69 9.05 10.44 11.39 11.39 10.29 10.88 7.66 8.47 3.72 0.00 0.00 0.00 0.00 0.15 1.10 0.88 2.92 3.29 3.14 3.94 4.67 4.16 5.26 5.55 4.45 2.48 2.63 2.04 2.04 0.88 0.00 0.00 0.00 1.39 0.80 1.97 2.19 3.21 3.07 4.02 3.87 3.87 2.48 1.17 2.41 2.85 2.85 0.51 1.39 1.24 1.90 4.67 4.67 4.67 4.67 4.67 2.92 5.77 5.26 4.45 4.09 3.80 5.62 6.42 3.65 3.65 3.80 3.80 1.90
13.87 14.24 12.05 12.26 12.63 7.66 6.13 5.26 7.23 6.13 10.15 8.03 7.01 7.81 7.81 7.66 8.10 7.52 7.52 10.80 9.20 9.86 4.96 5.77 1.75 0.00 0.00 0.00 0.15 0.07 0.80 2.34 2.19 2.48 3.36 3.29 4.89 5.84 5.62 0.00 1.61 1.75 1.39 1.39 1.31 0.80 2.19 1.39 1.17 0.73 2.12 2.19 1.68 1.68 2.04 1.97 2.56 2.26 3.80 1.02 3.50 1.83 2.48 2.26 1.68 4.53 2.70 3.94 3.94 2.56 5.11 3.14 5.69 6.79 7.66 6.50 7.01 6.64 7.37 6.42 5.55 4.23 4.38 3.29
10.88 11.32 8.76 9.42 7.37 8.25 8.25 13.07 12.41 11.46 8.98 9.49 6.42 6.94 5.18 5.69 5.33 7.37 7.37 7.66 7.74 7.66 7.45 6.57 2.77 1.39 0.00 0.00 0.00 0.44 0.07 1.53 2.56 2.56 2.99 4.82 4.67 6.13 6.57 4.31 5.04 3.07 4.89 4.89 4.53 4.02 5.33 1.97 3.14 0.00 1.02 0.51 0.58 1.17 1.75 2.48 3.50 4.38 4.89 4.53 4.09 5.69 8.40 6.13 6.20 5.48 6.06 8.91 8.91 5.40 5.40 5.84 6.72 6.57 7.37 7.15 9.20 7.81 8.40 7.45 9.93 9.20 6.86 7.08
10.88 11.32 8.76 9.42 7.37 8.25 8.25 13.07 12.41 11.46 8.98 9.49 6.42 6.94 5.18 5.69 5.33 7.37 7.37 7.66 7.74 7.66 7.45 6.57 2.77 1.39 0.00 0.00 0.00 0.44 0.07 1.53 2.56 2.56 2.99 4.82 4.67 6.13 6.57 4.31 5.04 3.07 4.89 4.89 4.53 4.02 5.33 1.97 3.14 0.00 1.02 0.51 0.58 1.17 1.75 2.48 3.50 4.38 4.89 4.53 4.09 5.69 8.40 6.13 6.20 5.48 6.06 8.91 8.91 5.40 5.40 5.84 6.72 6.57 7.37 7.15 9.20 7.81 8.40 7.45 9.93 9.20 6.86 7.08
9.20 9.71 7.88 9.20 8.69 9.71 9.64 12.34 11.46 10.88 10.07 9.05 7.88 6.72 6.72 5.91 4.89 5.11 5.11 3.72 3.65 5.84 7.01 4.02 4.82 1.75 2.19 0.00 0.00 0.00 0.00 1.02 0.58 2.41 4.53 4.02 5.69 6.86 7.08 6.20 5.18 0.00 0.00 0.00 5.99 6.72 6.94 5.84 4.02 1.10 1.53 0.88 0.51 0.88 1.02 1.83 2.70 4.45 4.82 6.42 8.47 7.88 8.69 9.64 13.51 13.29 13.65 9.78 9.78 6.64 5.04 5.77 6.20 6.57 7.66 7.59 8.98 6.35 8.32 9.20 10.22 9.42 9.78 8.10
9.64 9.78 9.64 9.49 7.88 8.32 7.15 7.52 8.91 8.54 8.69 8.40 8.83 8.61 7.37 6.64 6.86 5.11 5.11 5.48 3.58 3.50 3.65 3.29 2.70 2.63 0.73 0.00 0.00 0.00 0.00 0.00 1.46 2.48 2.63 4.02 5.40 4.67 6.06 5.91 6.28 4.09 4.09 4.09 5.18 6.42 7.30 6.13 4.09 0.80 1.75 0.00 0.73 0.66 1.90 2.12 2.12 1.46 2.77 5.91 7.15 9.27 12.99 12.12 13.94 14.16 12.26 11.53 11.53 7.74 6.86 7.15 6.72 5.04 5.62 4.82 4.23 4.67 5.62 5.18 4.82 4.96 6.72 6.42
7.74 8.83 8.83 8.10 8.40 7.74 7.74 7.15 7.45 7.59 5.55 6.79 7.45 8.10 7.74 8.61 8.54 8.40 8.40 8.61 6.50 4.67 2.56 2.63 2.48 0.73 1.02 0.00 0.15 0.00 0.29 1.17 1.02 1.46 3.21 2.77 4.16 5.18 4.38 4.67 5.40 4.45 4.23 4.23 4.23 4.09 4.82 4.82 2.34 0.00 0.44 0.22 0.00 1.46 2.77 1.61 3.80 1.46 5.48 4.74 6.42 9.27 12.19 11.46 11.97 11.75 12.70 11.02 11.02 9.78 8.25 9.20 8.32 9.05 7.59 4.89 6.86 4.74 4.74 4.96 3.94 4.60 4.67 4.38
7.74 8.83 8.83 8.10 8.40 7.74 7.74 7.15 7.45 7.59 5.55 6.79 7.45 8.10 7.74 8.61 8.54 8.40 8.40 8.61 6.50 4.67 2.56 2.63 2.48 0.73 1.02 0.00 0.15 0.00 0.29 1.17 1.02 1.46 3.21 2.77 4.16 5.18 4.38 4.67 5.40 4.45 4.23 4.23 4.23 4.09 4.82 4.82 2.34 0.00 0.44 0.22 0.00 1.46 2.77 1.61 3.80 1.46 5.48 4.74 6.42 9.27 12.19 11.46 11.97 11.75 12.70 11.02 11.02 9.78 8.25 9.20 8.32 9.05 7.59 4.89 6.86 4.74 4.74 4.96 3.94 4.60 4.67 4.38
5.69 5.04 7.01 7.96 7.59 8.03 7.96 7.81 8.10 5.69 6.35 3.36 4.23 5.48 7.88 7.52 8.40 8.61 8.61 8.83 7.30 5.18 5.84 1.46 0.00 0.00 0.00 0.00 0.00 0.00 0.22 0.58 0.58 1.90 3.50 2.92 5.04 4.45 4.82 4.23 2.12 3.29 2.56 2.56 3.87 3.72 1.83 1.53 1.61 0.95 0.44 0.44 0.73 1.46 2.48 2.92 2.70 3.50 4.38 3.94 5.99 4.89 6.64 7.96 10.15 8.91 7.37 9.13 9.13 9.86 8.03 9.27 9.20 9.56 7.52 8.61 7.74 5.99 8.54 2.77 3.29 2.70 2.92 3.94
3.87 4.89 4.02 5.04 7.23 6.94 7.45 6.42 6.57 5.04 3.14 3.50 2.92 5.11 4.60 7.81 8.91 8.61 8.61 7.96 8.32 6.57 2.04 3.21 0.00 0.00 0.00 0.00 0.22 0.00 0.00 0.22 1.31 0.95 3.29 3.65 3.94 3.87 3.21 2.34 0.80 1.46 1.10 1.10 1.02 1.46 0.95 0.88 1.02 1.53 1.53 1.68 2.99 3.14 3.43 3.07 2.70 2.85 4.38 4.45 4.38 4.89 5.26 3.36 4.38 4.96 6.57 5.62 5.62 6.35 6.79 8.32 8.18 8.47 8.40 9.86 9.93 10.07 10.29 7.01 4.82 3.65 4.38 3.21
3.87 4.09 4.38 4.02 4.38 4.16 5.99 5.69 3.94 4.09 4.23 5.04 3.50 6.06 8.91 8.54 9.49 9.13 9.13 9.42 7.01 3.43 4.31 0.51 0.00 0.00 0.00 0.15 0.00 0.00 0.00 1.02 1.02 1.24 2.92 2.70 3.36 3.21 1.90 1.17 1.24 1.39 1.90 1.90 1.31 1.39 1.17 1.39 2.19 3.58 3.87 4.02 3.50 4.09 3.87 4.53 5.18 5.18 5.04 4.23 5.84 4.53 3.87 3.80 4.09 4.74 5.55 7.88 7.88 9.27 9.34 9.13 9.34 8.18 9.49 10.07 11.46 10.95 10.88 10.00 9.42 6.35 4.96 3.72
3.87 4.09 4.38 4.02 4.38 4.16 5.99 5.69 3.94 4.09 4.23 5.04 3.50 6.06 8.91 8.54 9.49 9.13 9.13 9.42 7.01 3.43 4.31 0.51 0.00 0.00 0.00 0.15 0.00 0.00 0.00 1.02 1.02 1.24 2.92 2.70 3.36 3.21 1.90 1.17 1.24 1.39 1.90 1.90 1.31 1.39 1.17 1.39 2.19 3.58 3.87 4.02 3.50 4.09 3.87 4.53 5.18 5.18 5.04 4.23 5.84 4.53 3.87 3.80 4.09 4.74 5.55 7.88 7.88 9.27 9.34 9.13 9.34 8.18 9.49 10.07 11.46 10.95 10.88 10.00 9.42 6.35 4.96 3.72
3.72 3.72 3.80 4.45 3.58 3.65 3.14 3.94 3.80 4.82 4.74 5.48 9.05 10.80 10.51 10.00 10.07 9.20 9.20 7.30 7.96 4.74 1.10 1.46 0.51 0.22 0.58 0.37 0.58 0.37 0.51 0.73 2.56 2.34 2.41 2.56 3.07 3.21 2.63 3.65 3.21 2.12 2.19 2.19 2.04 2.26 2.41 2.70 2.99 4.09 4.82 4.74 4.96 4.74 4.74 5.84 6.79 7.15 7.96 6.13 6.86 5.04 5.11 4.53 5.33 5.04 5.48 5.99 5.99 8.25 8.83 9.93 10.07 10.29 10.07 10.29 11.17 10.59 8.98 9.05 9.93 6.94 6.64 7.37
2.99 2.99 3.80 3.87 3.94 2.56 2.92 3.29 6.72 5.84 7.15 9.56 8.91 11.39 10.44 10.80 10.07 8.98 8.98 9.42 5.18 3.21 3.43 2.41 2.19 0.88 0.66 1.17 2.19 2.04 3.87 4.23 4.09 4.02 3.72 5.33 5.11 5.11 3.58 3.21 2.41 2.48 3.21 3.21 2.48 1.90 2.77 3.29 3.65 3.87 4.23 4.16 4.38 3.87 5.18 5.04 5.04 5.91 5.99 5.99 6.06 5.55 5.62 5.99 6.42 6.64 6.79 7.96 7.96 7.66 8.61 9.86 9.86 8.10 8.91 9.71 10.15 10.59 10.22 2.26 5.69 7.08 6.28 7.30
3.72 3.80 4.16 3.72 4.02 3.50 3.29 2.56 6.94 9.56 9.42 8.69 9.71 11.32 11.46 10.51 10.37 10.22 10.22 6.72 7.45 4.02 3.29 3.21 3.36 1.97 1.75 1.46 2.77 4.74 4.09 5.91 9.20 7.52 6.28 6.72 4.60 2.12 1.97 2.48 2.19 1.75 1.61 1.61 1.83 2.92 2.26 3.36 3.50 3.43 3.80 4.45 3.87 4.45 4.74 4.38 5.26 4.74 4.67 4.38 5.18 6.28 6.06 5.48 5.62 6.42 5.69 7.37 7.37 8.76 7.52 7.08 6.94 5.99 6.20 2.99 2.99 2.85 0.37 0.00 0.44 4.09 5.77 6.86
3.87 4.89 4.89 4.31 4.16 4.31 4.09 4.23 5.04 9.05 8.03 8.54 8.25 10.29 9.93 10.37 11.24 10.15 10.15 10.51 7.74 5.91 6.06 6.42 5.99 5.48 5.84 4.67 5.40 5.26 7.81 9.42 9.27 9.13 7.96 3.43 1.53 1.97 1.39 1.46 1.83 1.90 1.97 1.97 2.56 3.07 2.92 2.77 4.45 3.72 3.94 3.87 3.94 4.67 5.04 5.69 4.60 4.23 4.23 3.80 4.09 4.53 3.80 4.38 4.60 4.82 5.40 5.84 5.84 6.94 7.59 5.55 3.50 2.19 2.12 3.43 0.00 0.00 0.00 0.00 0.00 2.99 5.84 8.10
3.87 4.89 4.89 4.31 4.16 4.31 4.09 4.23 5.04 9.05 8.03 8.54 8.25 10.29 9.93 10.37 11.24 10.15 10.15 10.51 7.74 5.91 6.06 6.42 5.99 5.48 5.84 4.67 5.40 5.26 7.81 9.42 9.27 9.13 7.96 3.43 1.53 1.97 1.39 1.46 1.83 1.90 1.97 1.97 2.56 3.07 2.92 2.77 4.45 3.72 3.94 3.87 3.94 4.67 5.04 5.69 4.60 4.23 4.23 3.80 4.09 4.53 3.80 4.38 4.60 4.82 5.40 5.84 5.84 6.94 7.59 5.55 3.50 2.19 2.12 3.43 0.00 0.00 0.00 0.00 0.00 2.99 5.84 8.10
3.80 5.26 4.67 4.60 4.60 4.89 5.04 4.02 5.11 4.74 6.50 8.03 7.23 8.76 9.42 10.73 10.37 10.15 10.15 7.88 8.54 6.06 5.91 5.84 6.64 5.77 5.04 5.18 5.33 7.15 8.54 10.59 10.88 8.54 3.87 2.77 0.95 0.66 1.61 2.48 3.21 2.56 3.07 3.07 3.50 2.99 2.77 4.31 3.94 4.31 5.11 4.89 5.33 5.18 4.82 5.26 4.23 3.87 4.31 4.16 4.89 4.53 4.16 5.99 3.65 5.26 3.72 5.91 5.91 6.64 7.74 6.57 3.87 2.85 2.85 2.34 1.31 0.00 0.00 2.12 2.48 3.07 5.18 3.21
2.63 4.23 4.38 5.62 5.04 6.28 5.84 4.31 4.23 6.42 8.32 7.96 11.53 13.14 13.21 11.46 11.97 11.61 11.61 11.24 10.00 7.23 6.13 5.62 7.23 9.05 8.76 8.91 7.59 8.03 7.52 9.93 11.61 11.24 11.97 7.45 1.02 0.95 1.46 0.95 2.99 3.50 2.92 2.92 4.31 0.00 2.85 2.19 0.00 3.65 3.14 5.26 4.96 6.94 5.69 5.84 6.06 4.82 4.38 5.84 7.66 8.40 8.32 7.52 4.53 6.06 7.01 9.27 9.27 9.05 9.64 8.03 5.77 3.36 2.63 0.00 2.99 0.00 0.00 0.44 1.61 2.26 2.41 4.02
1.90 1.39 2.92 4.31 6.35 6.06 5.91 6.13 7.37 6.13 9.05 11.10 10.44 13.14 11.53 12.05 11.75 12.92 12.92 11.97 12.19 8.83 6.50 6.86 6.20 8.91 10.29 10.22 9.86 7.59 6.94 8.47 8.91 10.22 7.88 5.77 2.63 3.65 0.95 0.88 0.95 1.10 0.00 0.00 3.36 0.00 0.00 0.00 0.00 3.36 5.48 6.13 5.91 9.05 7.23 6.35 6.72 6.28 7.01 7.37 7.37 9.86 8.61 8.76 8.10 10.22 11.10 10.66 10.66 9.20 6.28 2.26 2.41 2.26 1.39 0.00 0.00 0.00 0.00 0.00 0.95 1.75 2.26 2.48
2.34 1.68 4.16 5.11 4.67 5.84 6.42 6.35 9.13 11.10 11.02 11.97 14.75 12.05 10.59 10.66 10.59 11.75 11.75 12.34 10.59 11.24 8.76 11.10 11.53 12.48 12.48 10.22 7.37 8.18 5.77 6.79 5.77 6.72 4.89 5.55 0.00 1.46 0.95 0.00 0.51 1.10 3.43 3.43 0.00 2.48 0.00 0.00 2.85 5.99 6.86 8.32 7.15 9.86 10.29 9.64 10.07 8.32 7.88 7.88 7.88 7.96 7.96 10.15 10.07 8.83 11.68 10.22 10.22 6.06 2.99 1.90 1.31 0.00 0.00 0.00 0.00 0.00 0.07 0.00 0.58 0.58 0.66 1.31
2.63 2.48 4.02 6.20 8.18 7.96 10.07 10.37 10.00 11.53 12.05 12.05 14.31 18.25 15.99 16.94 14.16 13.36 13.36 13.72 13.58 13.51 12.99 12.63 13.94 15.26 14.38 15.04 11.97 10.73 5.91 4.89 4.82 4.60 4.31 3.50 0.00 0.00 0.00 0.00 2.12 0.80 2.41 2.41 0.00 0.00 0.00 2.77 0.00 3.87 4.67 5.55 8.03 9.20 11.17 11.39 10.59 9.20 7.23 5.40 7.66 7.08 8.69 8.91 10.15 9.05 9.05 9.56 9.56 6.94 4.31 1.17 1.83 0.00 0.00 0.00 0.00 0.00 0.00 0.00 0.00 0.00 0.00 0.00
2.63 2.48 4.02 6.20 8.18 7.96 10.07 10.37 10.00 11.53 12.05 12.05 14.31 18.25 15.99 16.94 14.16 13.36 13.36 13.72 13.58 13.51 12.99 12.63 13.94 15.26 14.38 15.04 11.97 10.73 5.91 4.89 4.82 4.60 4.31 3.50 0.00 0.00 0.00 0.00 2.12 0.80 2.41 2.41 0.00 0.00 0.00 2.77 0.00 3.87 4.67 5.55 8.03 9.20 11.17 11.39 10.59 9.20 7.23 5.40 7.66 7.08 8.69 8.91 10.15 9.05 9.05 9.56 9.56 6.94 4.31 1.17 1.83 0.00 0.00 0.00 0.00 0.00 0.00 0.00 0.00 0.00 0.00 0.00
3.43 4.31 4.38 6.42 9.34 11.90 11.61 14.97 14.53 11.46 11.90 14.16 18.61 17.37 19.35 16.28 16.57 15.18 15.18 14.53 15.33 15.33 14.67 15.77 17.52 18.98 18.76 17.45 13.51 8.25 9.49 4.89 4.67 3.50 0.00 0.00 0.00 0.15 0.22 0.00 0.44 1.90 1.75 1.75 0.00 0.00 0.00 0.00 0.00 0.00 2.99 5.55 4.67 6.50 8.54 8.25 7.74 4.67 3.80 4.96 6.06 5.91 7.30 7.23 7.66 7.96 7.81 7.52 7.52 8.40 6.42 7.15 4.67 1.17 1.46 0.00 0.00 0.00 0.00 0.00 0.00 0.00 0.00 0.07
3.80 5.04 8.32 11.53 10.37 12.48 15.26 14.45 15.33 10.95 10.51 10.22 12.34 14.89 17.16 16.79 15.99 13.72 13.72 14.60 12.85 16.50 17.59 17.73 17.68 19.04 17.25 16.86 14.24 15.55 8.18 5.18 4.45 2.85 2.63 1.10 0.00 1.17 1.31 1.83 0.00 0.00 0.00 0.00 0.00 0.00 0.00 0.00 0.00 0.00 0.00 0.00 3.80 4.96 4.23 2.99 4.31 2.77 3.58 3.50 3.72 5.69 6.20 6.94 6.86 7.66 6.50 7.45 7.45 8.18 8.61 5.91 3.94 2.12 2.92 0.58 0.00 0.00 0.00 0.00 0.00 0.00 0.00 0.00
6.13 9.27 8.61 10.07 8.10 8.54 12.48 12.56 12.48 10.88 9.64 12.78 12.19 13.65 14.89 14.60 14.82 12.92 12.92 11.39 16.35 15.26 18.76 19.08 22.12 18.25 19.36 18.44 17.37 17.74 11.68 6.94 8.25 4.60 4.02 1.68 1.90 0.95 1.17 2.12 1.61 0.00 2.26 2.26 0.00 0.00 0.00 0.00 0.00 0.00 0.00 0.00 0.00 3.80 4.45 3.50 3.36 3.80 3.94 4.53 4.53 4.82 6.13 7.23 6.50 5.18 4.89 6.13 6.13 7.30 7.74 5.91 4.67 3.07 4.45 0.00 0.15 2.19 1.53 0.00 0.51 0.00 0.00 0.00
5.40 7.59 8.54 8.61 5.84 4.53 4.96 4.96 3.36 0.00 5.33 11.17 12.85 12.99 12.12 13.43 14.16 14.24 14.24 12.56 12.48 16.23 18.74 19.94 20.12 20.12 20.70 21.09 21.82 21.83 16.94 11.75 14.53 6.42 7.88 3.72 1.83 2.85 1.97 2.99 1.83 0.00 0.00 0.00 0.00 0.00 0.00 0.00 0.00 0.00 0.00 2.70 4.31 4.23 4.89 4.67 5.69 5.48 4.89 6.64 8.47 9.64 7.01 6.86 5.48 4.67 5.04 8.10 8.10 8.47 8.54 7.01 5.55 6.57 5.48 4.67 3.65 2.70 1.17 0.58 1.02 0.15 0.00 0.00
3.58 3.29 4.53 4.53 4.74 4.16 5.26 3.94 4.67 0.00 0.00 0.00 0.00 0.00 6.13 8.91 8.25 10.88 10.88 11.92 12.83 12.30 16.03 18.25 13.71 16.72 16.03 21.58 23.04 22.12 20.18 18.03 19.27 17.37 15.55 9.20 7.81 2.63 4.38 2.99 2.34 0.00 0.00 0.00 0.00 0.00 0.00 0.00 0.00 0.00 0.00 2.63 4.23 5.55 5.77 6.64 6.20 5.99 7.52 8.91 12.12 11.39 9.34 10.37 8.03 14.16 12.92 11.32 11.32 9.78 9.27 7.66 8.10 6.57 5.55 5.18 4.96 2.48 2.04 2.70 1.90 1.68 1.17 0.88
3.58 3.29 4.53 4.53 4.74 4.16 5.26 3.94 4.67 0.00 0.00 0.00 0.00 0.00 6.13 8.91 8.25 10.88 10.93 12.31 13.03 13.17 15.63 18.72 13.51 16.72 15.55 20.06 21.53 22.46 20.38 18.78 21.65 18.39 15.95 9.20 7.81 2.63 4.38 2.99 2.34 0.00 0.00 0.00 0.00 0.00 0.00 0.00 0.00 0.00 0.00 2.63 4.23 5.55 5.77 6.64 6.20 5.99 7.52 8.91 12.12 11.39 9.34 10.37 8.03 14.16 12.92 11.32 11.32 9.78 9.27 7.66 8.10 6.57 5.55 5.18 4.96 2.48 2.04 2.70 1.90 1.68 1.17 0.88
3.72 4.60 4.74 4.89 5.62 4.31 5.91 6.50 3.58 4.53 0.00 0.00 0.00 0.00 0.00 8.25 9.64 9.34 9.34 8.47 8.18 5.33 6.09 6.15 8.69 12.83 17.62 13.72 19.71 18.34 22.27 18.31 21.56 23.14 19.34 17.32 14.89 8.54 2.85 3.21 2.12 0.00 0.00 0.00 0.00 0.00 0.00 0.00 0.00 3.21 0.00 3.65 3.72 4.60 4.96 5.18 4.89 7.01 9.42 8.76 11.61 10.73 11.75 11.02 14.45 15.99 14.16 12.56 12.56 11.53 11.39 7.59 5.48 5.84 5.26 4.31 4.38 2.26 2.85 2.48 1.46 1.83 0.22 0.00
3.65 6.79 6.28 6.64 6.64 8.18 10.44 9.93 11.83 6.79 10.15 4.53 0.00 6.42 9.42 7.45 11.53 11.61 11.61 8.66 6.35 5.80 4.45 4.38 0.00 0.00 4.53 7.04 11.77 10.99 17.89 17.08 16.64 18.96 19.66 19.26 12.60 7.19 9.20 5.48 5.26 2.41 3.14 3.14 0.80 0.00 0.00 3.58 3.14 3.58 3.65 3.72 3.58 3.29 2.70 2.56 4.82 5.26 7.59 7.81 9.49 9.78 14.67 17.16 16.64 16.79 15.26 14.16 14.16 14.45 11.46 9.93 6.86 7.01 6.13 4.96 4.09 4.09 2.41 4.38 1.68 0.37 0.95 0.00
4.67 4.23 8.18 7.30 7.37 8.47 10.15 12.12 11.39 12.26 11.10 9.13 9.05 9.05 10.95 11.97 11.53 11.46 11.46 11.24 7.74 8.61 6.06 4.02 0.00 0.00 0.00 5.09 8.96 15.29 12.48 16.43 16.43 18.61 19.67 16.48 16.04 17.08 11.75 10.66 14.82 10.00 6.13 6.13 2.04 1.17 1.61 2.04 3.94 3.58 5.48 4.23 4.23 0.00 2.41 2.04 3.87 5.04 6.79 7.01 9.27 10.07 15.18 16.57 16.35 14.82 12.34 12.26 12.26 12.41 12.78 7.59 5.40 4.38 5.18 5.91 6.86 5.04 7.96 7.08 4.53 2.26 5.40 1.90
0.37 0.29 0.15 5.91 7.37 8.91 8.69 10.59 11.83 10.51 10.95 8.25 8.83 10.80 10.00 11.53 9.78 5.18 5.18 6.86 9.34 9.49 9.64 5.99 0.00 0.00 5.62 4.55 7.52 10.44 9.56 10.66 10.51 14.89 18.69 19.27 18.75 15.96 18.32 15.93 16.79 12.92 7.08 7.08 4.09 4.53 0.00 1.53 0.00 4.53 2.92 2.99 0.00 2.85 3.36 4.16 5.77 6.35 6.13 7.45 7.30 9.49 12.12 7.74 9.42 9.93 11.17 11.10 11.10 4.38 2.92 2.63 3.43 2.34 2.70 3.58 7.81 8.25 10.59 8.47 8.32 6.42 6.28 4.02
0.00 0.00 0.00 0.00 0.00 0.00 5.11 7.08 8.77 9.86 7.66 7.81 8.32 9.20 5.62 3.07 2.63 2.70 2.70 4.60 7.66 10.29 9.78 10.59 10.80 7.45 5.04 8.11 10.80 10.59 9.78 8.40 7.37 13.94 22.19 22.27 20.88 20.37 19.71 17.37 13.94 15.40 10.59 10.59 6.94 7.81 4.16 4.82 3.65 0.00 0.00 0.00 3.14 2.77 2.26 0.00 3.43 4.53 3.80 5.18 4.82 8.76 6.72 4.38 4.74 7.23 7.88 3.58 3.58 2.34 0.00 0.00 0.58 2.19 2.41 3.65 6.72 6.06 7.23 7.15 5.48 6.50 5.69 5.18
0.00 0.00 0.00 0.00 0.00 0.00 7.45 6.86 4.19 4.74 4.45 7.08 6.28 3.72 4.31 2.19 0.00 2.70 2.70 2.19 4.60 3.29 6.72 9.64 9.05 7.23 7.30 7.01 10.01 11.04 10.89 9.61 8.43 17.59 11.39 15.55 20.08 20.79 19.86 19.20 16.52 15.77 14.16 14.16 11.02 13.21 7.88 5.33 4.96 3.87 3.07 0.00 0.00 0.00 1.97 0.00 0.00 0.00 2.99 4.60 5.40 3.80 3.72 3.43 5.69 4.02 0.00 2.63 2.63 0.00 0.00 0.00 0.00 0.44 0.66 1.17 2.92 0.00 0.00 4.67 7.30 5.91 2.92 3.80
0.00 0.00 0.00 0.00 0.00 0.00 7.45 6.86 4.09 4.74 4.45 7.08 6.28 3.72 4.31 2.19 0.00 2.71 2.70 2.19 4.60 3.29 6.72 9.64 9.05 7.23 7.30 7.01 9.86 10.66 10.51 9.56 8.18 17.59 11.45 15.63 20.08 20.69 20.06 19.20 16.35 15.77 14.16 14.16 11.02 13.21 7.88 5.33 4.96 3.87 3.07 0.00 0.00 0.00 1.97 0.00 0.00 0.00 2.99 4.60 5.40 3.80 3.72 3.43 5.69 4.02 0.00 2.63 2.63 0.00 0.00 0.00 0.00 0.44 0.66 1.17 2.92 0.00 0.00 4.67 7.30 5.91 2.92 3.80
4.45 0.00 0.00 0.00 0.00 9.78 7.66 10.15 6.15 4.74 6.64 6.42 5.33 2.48 0.00 0.00 0.00 0.00 0.00 0.00 0.00 2.26 0.00 2.34 3.29 5.99 6.42 4.38 7.37 6.42 10.29 10.37 9.56 9.86 9.20 11.83 16.28 18.25 19.96 13.51 12.78 14.38 14.09 14.09 13.07 15.48 12.19 13.87 11.17 9.93 7.74 4.96 2.92 0.00 0.00 1.31 0.00 0.00 0.00 4.31 4.09 6.42 5.84 3.43 3.80 3.14 0.00 0.00 0.00 0.00 0.00 0.00 0.00 0.00 0.00 0.00 0.00 0.00 0.00 2.63 3.58 0.00 1.46 0.00
