Wansh/Snow_depth/snowdepth-1996/winter/1996343.txt
ncols 321
nrows 161
xllcenter 60
yllcenter 15 
cellsize  0.25 
NODATA_value -1
[rows 74 to 110 of 161, columns 84 to 167 of 321]
0.00 0.00 0.00 0.73 0.00 2.19 1.83 0.00 1.31 1.97 1.75 2.56 2.99 3.43 5.11 4.74 5.11 4.82 4.82 3.43 0.00 3.43 0.00 0.00 0.00 2.77 0.00 0.00 2.12 0.00 0.00 0.00 3.43 0.00 0.00 0.00 0.00 0.00 0.00 2.04 1.97 0.07 1.61 1.61 0.29 0.95 1.10 1.31 1.46 1.46 2.56 0.00 0.00 0.00 0.00 0.00 0.00 0.00 0.00 0.00 1.02 0.00 0.00 0.00 0.00 0.00 0.00 0.00 0.00 0.37 1.47 1.10 0.00 0.00 0.00 0.00 0.00 0.00 0.00 0.00 1.10 1.32 1.10 1.02
0.00 1.46 0.95 1.97 2.63 0.80 0.73 1.90 1.17 2.70 3.58 4.82 4.02 3.87 3.65 4.31 3.72 0.00 0.00 3.50 3.58 3.14 3.43 0.00 5.62 2.85 0.00 0.00 0.00 0.00 0.00 0.00 0.00 0.00 0.00 3.21 0.00 0.00 2.48 4.60 2.92 1.68 2.04 2.04 0.29 0.37 0.80 1.31 1.68 1.46 1.39 1.68 0.66 2.34 2.19 2.92 0.00 0.00 1.61 0.88 2.26 0.00 0.95 0.95 0.44 0.00 0.00 0.00 0.00 2.20 2.92 1.02 0.15 0.00 0.00 0.00 0.00 0.00 0.00 0.00 0.00 0.73 0.07 0.30
1.83 2.63 2.63 1.83 1.53 3.21 5.04 3.58 2.85 5.04 5.99 5.40 4.45 4.53 3.72 3.58 0.00 0.00 0.00 0.00 3.58 3.14 0.00 3.80 0.00 4.89 0.00 0.00 0.00 0.00 0.00 0.00 0.00 2.77 0.00 3.50 0.00 0.00 3.65 4.45 4.53 3.72 2.19 2.19 1.24 0.22 0.58 3.07 0.58 1.31 1.02 0.73 1.17 0.95 1.24 0.58 1.75 2.04 0.51 1.02 1.24 1.90 1.46 1.17 0.37 0.00 0.80 0.95 0.95 1.83 2.77 2.26 1.10 0.15 0.37 0.00 0.00 0.00 0.00 0.00 0.00 0.00 0.00 0.38
5.26 6.06 2.41 1.97 2.99 5.69 4.38 4.31 4.02 5.04 4.45 5.26 5.26 5.04 4.09 3.21 0.00 2.04 2.04 0.00 0.00 0.00 0.00 0.00 0.00 0.00 0.00 0.00 0.00 0.00 3.43 0.00 0.00 0.00 0.00 0.00 0.00 0.00 3.50 3.72 5.33 4.89 3.43 3.43 2.19 2.34 4.45 0.00 0.00 0.00 3.07 1.17 1.10 1.97 1.10 0.66 1.24 1.90 1.97 1.90 1.24 1.75 2.41 2.19 1.90 2.41 2.26 0.95 0.95 3.29 2.70 2.70 1.75 0.00 0.44 0.00 0.00 0.00 0.00 0.00 0.00 0.00 0.00 0.22
5.33 7.01 5.77 2.77 5.04 4.09 5.26 0.00 3.65 3.58 4.31 4.82 4.82 4.74 4.31 2.70 3.07 2.77 2.77 0.00 3.80 4.16 0.00 3.07 0.00 0.00 0.00 0.00 0.00 0.00 0.00 0.00 0.00 2.48 0.00 0.00 0.00 0.00 2.92 4.74 4.96 5.18 4.53 4.53 2.56 0.00 0.00 3.94 3.58 4.38 4.31 2.04 0.00 0.00 2.41 2.04 1.10 2.92 3.58 3.29 2.99 3.50 3.58 3.87 5.55 3.87 4.38 4.74 4.74 3.43 4.02 1.61 1.75 0.80 2.56 0.00 0.00 0.15 0.00 0.00 0.00 1.03 1.32 1.26
7.23 7.01 6.57 6.06 5.26 4.53 3.43 0.00 0.00 3.21 3.58 3.50 3.65 3.36 0.00 2.70 3.14 3.50 3.50 3.72 0.00 0.00 0.00 0.00 0.00 0.00 0.00 0.00 0.00 0.00 0.00 0.00 0.00 0.00 0.00 0.00 0.00 0.00 0.00 3.50 3.87 4.74 4.89 4.89 3.87 0.00 0.00 0.00 0.00 2.26 2.41 1.90 0.00 0.00 0.00 3.07 0.00 2.85 3.72 4.38 4.89 4.96 4.74 4.89 5.91 7.23 0.00 3.87 3.87 4.23 3.50 3.50 9.56 5.26 6.02 1.17 1.17 1.24 0.51 0.00 0.00 1.31 1.39 0.07
3.87 7.08 0.00 4.82 3.87 2.92 0.00 0.00 0.00 0.00 2.99 2.63 0.00 0.00 1.68 2.56 3.94 3.58 3.58 4.67 3.65 0.00 3.80 2.04 0.00 0.00 0.00 0.00 0.00 0.00 0.00 0.00 0.00 0.00 0.00 0.00 0.00 0.00 0.00 3.14 3.07 0.00 0.00 0.00 0.00 0.00 0.00 0.00 0.00 0.00 0.00 0.00 0.00 0.00 0.00 0.00 1.31 2.34 3.58 3.72 3.58 5.04 5.33 2.99 3.07 2.92 0.00 2.70 2.70 4.02 4.45 7.23 12.92 9.49 10.15 2.49 1.72 1.53 1.68 0.66 0.00 0.15 0.37 0.15
0.00 0.00 0.00 0.00 0.00 2.85 0.00 2.70 0.00 3.72 0.00 3.14 2.04 2.56 2.85 2.41 3.21 2.63 2.63 2.77 2.56 3.14 0.00 0.00 0.00 0.00 0.00 0.00 0.00 0.00 0.00 0.00 0.00 0.00 0.00 0.00 0.00 0.00 0.00 0.00 0.00 0.00 0.00 0.00 0.00 0.00 0.00 0.00 0.00 0.00 0.00 0.00 0.00 0.00 0.66 0.00 0.00 3.36 3.36 3.36 3.50 3.94 4.89 2.04 1.24 0.44 0.00 0.00 0.00 2.63 4.31 7.59 12.12 13.51 11.97 5.50 3.17 1.22 0.61 0.07 0.00 0.00 0.00 0.00
1.90 2.04 0.00 0.00 0.00 0.00 2.12 0.00 2.41 0.00 2.77 3.80 2.77 0.00 3.94 3.58 2.56 3.14 3.14 2.63 1.68 0.00 2.34 1.75 0.00 0.00 0.00 0.00 0.00 0.00 0.00 0.00 0.00 0.00 0.00 0.00 0.00 0.00 0.00 0.00 0.00 0.00 0.00 0.00 2.04 0.00 0.00 0.00 0.00 0.00 0.00 0.00 0.00 0.00 0.37 0.00 1.75 2.41 2.70 2.04 2.70 3.80 3.14 1.39 1.17 0.00 0.00 0.00 0.00 4.02 2.92 7.15 8.40 13.58 10.88 6.64 3.07 1.75 1.53 1.17 0.80 0.00 0.58 0.44
2.92 2.04 0.00 0.00 0.00 0.00 0.00 0.00 2.99 2.34 3.14 0.00 0.00 4.16 4.09 0.00 0.00 0.00 0.00 2.92 0.00 0.00 0.00 2.48 0.00 0.00 0.00 0.00 0.00 2.04 0.00 0.00 0.00 0.00 0.00 0.00 0.00 0.00 0.00 0.00 0.00 0.00 0.00 0.00 0.00 0.00 0.00 0.00 0.00 0.00 0.00 0.00 0.00 0.07 0.73 0.80 0.95 0.95 1.61 1.53 1.61 1.31 2.12 0.73 2.77 1.24 1.39 1.68 1.68 1.31 1.02 4.31 2.56 6.94 6.28 6.42 3.65 1.39 1.46 1.24 1.68 0.44 0.66 0.07
3.07 2.85 0.00 0.00 0.00 0.00 0.00 2.99 0.00 3.07 0.00 0.00 3.21 4.09 4.16 0.00 0.00 0.00 0.00 2.63 2.04 0.00 0.00 0.00 0.00 0.00 0.00 0.00 0.00 0.00 0.00 0.00 0.00 2.77 0.00 0.00 0.00 0.00 0.44 0.80 0.00 0.00 0.00 0.00 0.00 0.00 0.00 0.00 0.00 0.00 0.29 0.00 0.07 0.80 0.58 1.17 0.37 0.51 0.58 0.95 0.44 1.83 1.02 1.97 0.88 0.51 1.46 1.02 1.02 1.75 1.90 0.66 3.80 3.43 1.97 2.34 1.53 1.31 1.31 1.53 2.48 1.61 1.24 0.73
2.70 2.77 0.00 1.90 0.00 0.00 0.00 0.00 3.21 0.00 3.36 0.00 3.36 3.07 3.87 0.00 0.00 3.50 3.50 0.00 4.09 3.80 3.72 0.00 1.97 0.00 0.00 0.00 2.56 0.00 0.00 2.63 2.34 2.12 2.04 0.00 0.00 1.61 0.00 0.00 0.00 0.00 0.00 0.00 0.00 0.00 0.00 0.00 0.00 1.10 0.29 0.00 0.22 1.61 1.61 4.31 2.34 0.66 1.39 0.00 0.95 2.09 2.56 0.66 1.68 1.90 0.95 1.68 1.68 0.51 1.46 2.04 1.68 0.80 1.75 1.31 1.24 1.61 2.34 2.70 2.41 2.34 1.10 1.10
2.63 1.90 1.46 1.90 3.29 2.56 3.14 2.63 3.14 2.26 3.29 0.00 2.48 0.00 1.90 3.43 3.72 4.89 4.89 4.60 5.33 5.18 4.53 4.16 2.85 0.00 2.63 3.58 4.38 3.72 0.00 2.99 2.41 0.00 0.00 0.00 0.00 0.00 0.00 5.55 4.67 0.00 0.66 0.66 0.00 0.95 1.83 1.46 1.24 0.66 0.95 0.22 0.00 1.17 4.82 6.35 11.10 11.32 10.73 4.53 3.72 4.16 4.10 3.94 3.36 3.43 2.70 2.41 2.41 4.67 4.89 4.23 4.60 4.53 2.85 0.66 1.68 2.19 2.12 3.50 3.14 1.53 0.00 0.00
3.65 1.83 2.56 2.56 0.00 2.85 2.34 0.00 0.00 2.26 1.68 2.04 2.34 1.39 2.34 4.16 3.80 4.45 4.45 5.04 4.53 5.77 4.31 0.00 2.85 2.77 3.65 3.50 3.07 4.38 0.00 0.00 0.00 0.00 0.00 0.00 0.00 0.00 4.16 5.69 5.77 2.34 3.29 3.29 3.80 2.41 2.41 1.24 1.02 1.02 1.17 0.29 2.26 1.68 3.43 8.69 9.56 12.63 12.63 10.66 4.31 3.50 3.87 4.53 4.22 6.72 3.80 2.77 2.77 4.96 7.96 10.44 6.72 3.72 4.53 2.19 1.97 2.26 1.75 2.99 2.56 2.19 0.00 0.00
2.41 1.53 0.00 0.00 0.00 0.00 0.00 0.00 0.00 0.00 3.14 3.43 2.99 3.21 3.50 2.70 4.16 4.60 4.60 3.72 4.67 3.80 3.14 3.21 3.14 4.02 3.21 3.36 2.99 2.85 3.07 3.21 3.87 0.00 0.00 2.48 2.04 0.00 4.89 3.50 4.31 2.85 3.07 3.07 5.26 5.62 4.02 2.63 2.41 1.68 2.04 3.14 3.14 9.34 7.45 8.54 8.32 9.49 11.61 6.79 4.53 4.16 4.23 6.94 6.12 11.90 8.18 4.74 4.74 7.59 8.25 9.78 8.18 5.77 2.63 2.12 2.70 2.70 2.41 2.34 3.07 2.70 1.90 0.51
1.61 0.00 0.00 0.00 0.00 0.00 0.00 0.00 0.00 0.00 0.00 2.48 3.50 0.00 3.21 3.65 2.56 3.58 3.58 3.87 3.87 3.80 3.14 3.87 3.72 3.58 3.87 3.07 3.14 3.14 0.00 4.16 4.82 4.60 3.65 2.19 2.48 2.48 0.00 3.07 0.00 2.92 3.58 3.58 5.55 6.86 7.74 7.08 7.15 4.45 2.48 5.40 7.15 5.99 9.78 8.47 7.88 8.69 9.12 6.12 3.94 4.45 5.07 8.47 9.26 15.20 13.60 9.05 9.05 10.80 7.30 9.78 8.69 7.45 4.38 3.58 4.89 2.77 2.12 3.36 3.38 2.86 2.42 1.17
0.44 0.00 1.10 0.00 0.00 0.00 0.00 0.00 0.00 0.00 0.00 0.00 0.00 0.00 2.70 3.36 3.58 3.36 3.36 4.16 3.87 3.94 3.14 3.29 3.29 4.09 3.65 2.99 0.00 2.92 3.07 2.92 4.23 4.89 0.00 0.00 1.83 0.00 0.00 0.00 0.00 3.14 3.87 3.87 3.80 5.62 9.42 8.83 10.15 8.69 11.24 11.97 10.00 10.66 9.05 10.22 11.83 6.86 6.72 6.57 4.67 3.14 5.60 8.69 12.41 16.35 17.95 13.73 13.29 14.31 8.83 10.37 9.34 9.56 6.20 5.91 5.48 4.60 4.28 4.28 2.53 1.77 1.96 1.74
0.66 0.58 0.58 0.00 0.00 0.00 1.75 0.88 0.00 0.00 0.00 0.00 0.00 0.00 0.00 0.00 3.36 0.00 0.00 0.00 2.56 2.99 0.00 2.70 2.77 0.00 0.00 0.00 0.00 2.70 0.00 0.00 0.00 0.00 0.00 0.00 0.00 0.00 0.00 0.00 0.00 0.44 0.00 0.00 2.19 5.55 7.08 6.13 9.34 10.22 10.80 13.29 15.91 16.72 14.38 21.02 15.48 13.29 7.30 12.09 7.08 5.84 8.64 13.61 17.49 17.88 17.16 14.60 14.67 10.72 10.12 9.86 10.88 10.95 7.92 8.10 6.06 4.74 4.99 5.97 3.09 3.21 2.68 3.40
0.44 0.88 0.88 0.00 0.00 1.75 2.34 1.97 1.53 0.00 0.00 0.00 0.00 0.00 0.00 0.00 0.00 0.00 0.00 0.00 2.34 0.00 0.00 0.00 0.00 0.00 0.00 0.00 0.00 0.00 0.00 0.00 0.00 0.00 0.00 0.00 0.00 0.00 0.00 0.00 0.00 0.00 0.00 0.00 1.24 1.02 4.60 3.21 5.69 8.83 12.48 12.19 19.42 18.91 22.56 24.02 23.07 17.37 14.89 11.23 7.82 10.93 9.66 12.57 16.72 19.44 13.55 12.19 12.19 8.48 9.79 11.70 12.47 10.97 8.58 7.01 7.52 5.71 6.70 6.85 5.68 5.12 5.18 5.38
0.51 0.95 0.00 0.51 1.10 1.75 1.31 0.00 0.00 0.00 0.00 0.00 0.00 0.00 0.00 0.00 0.00 2.56 2.56 2.12 1.68 0.00 0.00 0.00 0.00 0.00 0.00 0.00 0.00 0.00 0.00 0.00 0.00 0.00 0.00 0.00 0.00 0.00 0.00 0.00 0.00 0.00 0.00 0.00 0.00 1.46 0.95 2.85 4.45 11.83 12.34 14.09 16.86 17.08 18.18 21.24 25.16 25.84 23.73 19.56 13.07 15.00 10.45 11.37 13.69 15.57 10.86 9.05 9.05 7.30 8.58 9.38 12.67 10.78 10.23 9.10 8.76 7.34 7.06 6.62 6.65 8.47 8.21 7.16
0.44 0.22 1.10 0.44 1.39 1.46 0.00 0.00 0.00 0.00 0.00 0.00 0.00 0.00 0.00 0.00 1.97 1.97 1.97 0.00 0.00 0.00 0.00 0.00 0.00 0.00 0.00 0.00 0.00 0.00 0.00 0.00 0.00 0.00 0.00 0.00 0.00 0.00 0.00 0.00 0.00 0.00 0.00 0.00 0.00 0.00 3.80 5.99 9.27 14.67 12.26 14.89 17.36 15.88 19.03 19.12 22.58 25.26 27.08 23.87 17.67 15.41 11.99 10.57 9.81 14.20 11.59 8.69 8.73 6.99 8.09 6.57 11.21 9.68 11.82 10.37 8.79 7.26 5.70 5.43 8.15 7.38 5.29 3.27
1.31 0.95 0.95 1.46 1.97 2.26 0.00 0.00 0.00 0.00 0.00 0.00 0.00 0.00 0.00 0.00 0.00 0.00 0.00 0.00 0.00 0.00 0.00 0.00 0.00 0.00 0.00 0.00 0.00 0.00 0.00 0.00 0.00 0.00 0.00 0.00 0.00 0.00 0.00 0.00 0.00 0.00 0.00 0.00 0.44 6.42 5.18 8.25 11.10 21.97 16.86 15.70 15.77 17.05 19.84 21.37 26.22 19.36 20.53 23.30 20.03 15.77 12.71 8.31 8.97 10.20 8.39 8.88 8.88 4.79 5.72 3.89 7.13 6.77 10.42 9.90 8.19 7.50 4.64 3.41 6.41 6.73 5.59 2.79
1.39 1.46 1.46 0.95 1.46 3.07 0.00 0.00 4.23 2.19 0.00 0.00 0.00 0.00 0.00 0.00 0.00 0.00 0.00 0.00 0.00 0.00 0.00 0.00 0.00 0.00 0.00 3.29 0.00 0.00 0.00 0.00 0.00 0.00 0.00 0.00 0.00 0.00 0.00 0.00 0.00 0.00 1.46 1.46 3.72 13.14 11.32 14.24 15.18 27.38 22.78 20.95 15.77 17.02 16.31 18.90 18.27 15.44 16.53 20.05 16.10 13.16 14.15 8.73 9.92 11.05 7.83 4.15 4.09 3.85 3.04 4.60 6.53 9.44 8.10 7.41 6.30 7.06 3.71 2.89 4.14 6.77 5.39 3.49
1.90 1.97 0.00 1.31 2.85 4.09 3.94 2.70 8.40 6.50 6.50 0.00 0.00 0.00 0.00 0.00 0.00 0.00 0.00 0.00 0.00 0.00 0.00 0.00 0.00 0.00 2.63 2.26 1.46 0.00 0.00 0.00 0.00 2.77 0.00 2.19 2.85 0.00 0.00 0.00 0.00 6.86 8.69 8.69 11.53 17.89 18.10 20.15 25.99 24.56 24.99 18.23 17.89 18.05 15.87 14.23 14.38 12.12 13.05 12.38 13.57 14.60 16.13 12.05 8.60 8.09 7.11 3.01 2.93 2.19 1.53 3.36 5.09 6.69 5.58 4.60 4.28 3.95 2.38 2.68 3.74 5.10 4.92 2.74
3.14 4.60 3.07 7.88 11.10 10.37 11.90 20.08 17.23 13.29 15.99 14.09 7.96 14.09 7.30 7.52 4.74 4.23 4.23 4.09 5.04 0.00 0.00 0.66 1.68 2.12 2.48 1.97 2.12 1.97 1.31 1.68 1.97 4.16 4.74 7.01 0.00 4.09 4.23 4.16 5.77 9.86 13.36 13.36 16.06 22.56 25.19 15.04 16.94 18.54 12.72 14.68 7.47 8.27 8.40 10.69 8.62 12.23 14.45 13.94 14.60 15.21 14.44 15.13 12.05 9.61 7.22 5.47 5.38 2.19 0.29 2.19 3.40 5.98 4.72 3.87 2.65 2.06 1.00 0.00 1.80 2.10 1.27 1.68
8.91 10.07 3.14 13.07 15.84 18.18 24.38 21.53 18.03 16.43 15.55 16.86 15.62 14.38 13.07 10.15 4.09 4.82 4.82 3.14 3.58 2.77 0.00 1.39 1.46 1.17 1.17 1.97 1.90 1.39 1.61 1.17 3.14 2.56 2.12 4.45 10.07 3.72 1.39 2.04 2.26 5.04 10.29 10.29 12.05 14.02 17.89 7.59 9.56 14.30 10.39 10.17 5.98 5.58 6.85 6.22 5.93 10.42 12.53 16.66 12.54 13.84 14.06 13.92 8.91 9.64 4.11 0.62 0.61 0.29 1.83 1.99 2.02 5.41 5.28 4.23 1.33 0.45 0.23 0.00 0.00 1.57 2.16 2.13
8.91 8.54 9.78 9.78 11.97 23.29 19.64 18.03 17.89 14.02 18.10 17.23 20.00 17.59 15.48 8.54 5.84 4.82 4.82 3.80 1.90 1.68 0.44 0.73 0.88 0.00 0.00 0.80 0.80 1.31 1.61 1.10 0.66 2.56 1.83 3.94 4.82 0.58 0.88 0.00 0.07 1.10 2.48 2.48 1.97 6.42 7.45 4.87 6.89 11.23 8.52 6.23 7.48 5.98 6.63 4.42 4.77 4.87 11.11 13.23 15.62 14.45 11.53 10.95 7.52 7.30 3.58 0.00 0.00 0.00 0.74 0.79 3.20 3.92 4.34 2.73 0.22 0.37 0.00 0.00 0.00 0.40 0.82 1.72
6.72 8.10 6.20 8.91 13.14 20.66 13.43 16.65 14.75 15.91 15.99 18.83 13.51 16.21 9.42 7.52 5.91 5.18 5.18 1.97 1.90 1.39 1.02 0.73 0.29 0.00 0.00 0.29 0.73 0.73 1.17 0.22 0.58 0.44 0.51 1.75 3.07 0.00 0.00 0.00 0.00 0.00 0.00 0.00 0.00 2.12 3.43 7.34 7.01 6.43 6.81 4.68 7.00 5.45 5.13 4.38 3.15 4.11 7.63 11.57 14.94 14.28 13.94 10.66 8.98 5.25 3.45 0.94 0.91 0.66 0.00 0.00 2.06 3.53 3.36 2.62 0.67 0.00 0.00 0.00 0.39 0.08 1.11 1.62
0.00 3.58 3.65 0.00 7.15 9.93 9.27 16.86 17.16 19.27 13.87 13.43 8.18 9.56 4.45 3.29 4.89 4.82 4.82 1.10 0.95 0.66 0.15 0.37 0.00 0.00 0.00 0.00 0.00 0.51 0.00 0.00 0.07 0.51 0.00 0.00 0.73 0.00 0.00 0.00 0.00 0.00 0.00 0.00 0.00 0.51 2.19 7.08 6.13 5.18 6.15 4.13 4.06 4.81 4.62 4.93 2.54 6.14 8.60 8.39 12.10 11.12 15.07 15.54 13.79 6.10 6.07 1.81 1.83 2.39 0.10 0.00 1.51 3.30 1.83 2.78 0.60 0.00 0.00 0.00 0.00 0.65 2.34 2.51
0.00 0.00 0.00 0.00 4.31 7.74 13.80 20.51 21.02 18.91 14.67 10.37 7.37 6.06 0.00 0.00 1.39 0.73 0.73 0.00 0.00 0.51 0.00 0.00 0.00 0.00 0.00 0.00 0.00 0.15 0.00 0.00 0.00 0.00 0.00 0.00 0.00 0.00 0.00 0.00 0.00 0.00 0.00 0.00 0.00 0.29 2.13 4.16 5.56 2.78 4.90 3.67 3.99 3.67 3.63 2.36 0.00 0.00 4.87 8.95 10.59 11.68 12.83 15.73 12.95 10.61 9.10 5.02 5.88 3.41 1.64 0.45 0.00 0.00 0.74 1.17 0.57 0.29 0.00 0.00 0.00 0.00 1.05 1.91
0.00 0.00 0.00 0.00 0.00 5.77 11.68 15.18 21.75 15.77 13.80 9.93 8.69 4.89 3.65 3.07 2.19 0.00 0.00 0.00 0.00 0.00 0.00 0.00 0.00 0.00 0.00 0.00 0.00 0.07 0.00 0.00 0.00 0.00 0.00 0.00 0.00 0.00 0.00 0.00 0.00 0.00 0.00 0.00 0.37 1.10 0.29 1.22 3.94 2.34 1.99 3.01 3.39 3.97 0.00 0.00 0.00 0.00 0.00 7.16 14.83 12.76 13.41 14.13 12.37 11.53 7.57 5.41 6.06 7.35 1.85 1.98 0.00 0.00 0.00 0.94 0.50 0.29 0.00 0.00 0.00 0.56 0.87 1.15
0.00 0.00 0.00 0.00 0.00 0.00 3.65 13.72 15.91 11.39 9.93 11.39 6.57 8.83 4.53 5.63 2.95 2.92 2.92 0.00 0.00 0.15 0.00 0.07 0.00 0.00 0.15 0.00 0.00 0.00 0.00 0.00 0.00 0.00 0.00 0.37 0.22 0.00 0.00 0.00 0.00 0.00 0.88 0.88 0.00 0.15 0.22 0.90 1.91 3.33 2.33 4.65 4.20 3.81 0.00 0.00 0.00 0.00 0.00 0.00 8.47 15.19 12.24 12.23 15.73 13.56 13.16 7.64 7.81 4.53 3.35 2.72 0.00 0.00 0.00 0.36 0.39 0.00 0.00 0.00 0.00 0.00 0.09 0.00
0.00 0.00 0.00 0.00 0.00 0.00 0.00 5.26 7.08 5.69 8.25 7.30 6.35 7.88 8.61 9.39 6.06 6.61 6.17 1.90 1.10 2.41 0.00 0.00 0.00 0.00 0.22 0.00 0.00 0.00 0.00 0.00 0.00 0.00 0.29 0.29 1.31 0.00 0.00 0.00 0.73 5.91 5.04 5.04 2.70 0.00 2.93 1.24 4.87 7.30 5.50 7.30 0.00 0.00 0.00 0.00 0.00 0.00 0.00 0.00 0.00 8.34 10.13 8.86 15.31 16.62 12.82 10.54 12.88 7.20 5.36 3.81 1.35 0.58 0.00 0.46 1.52 0.00 0.00 0.00 0.00 0.00 0.00 0.00
0.00 0.00 0.00 0.00 0.00 0.00 0.00 0.00 0.00 0.00 0.00 0.00 0.00 0.00 0.00 4.96 2.12 7.11 7.22 6.35 5.84 6.50 5.55 2.85 4.31 0.07 1.83 1.68 1.83 2.34 1.83 0.00 0.00 1.39 0.88 4.67 4.16 3.07 1.02 8.00 9.71 11.80 13.21 13.21 11.68 4.38 3.87 2.64 3.27 2.66 0.00 0.00 0.00 0.00 0.00 0.00 0.00 0.00 0.00 0.00 0.00 0.00 8.47 0.00 9.61 10.70 11.19 6.46 7.22 8.70 6.01 4.65 2.74 0.00 0.00 0.00 0.82 0.00 0.00 0.00 0.00 0.00 0.00 0.00
0.00 0.00 0.00 0.00 0.00 0.00 0.00 0.00 0.00 0.00 0.00 0.00 0.00 0.00 0.00 0.00 0.00 0.00 0.00 3.87 8.07 5.67 6.42 6.06 4.23 0.00 1.65 3.72 3.43 4.82 3.80 3.80 1.17 1.31 5.26 5.77 7.45 7.01 8.91 9.27 11.75 8.71 12.19 13.62 11.32 8.76 6.72 5.62 2.70 0.00 0.00 0.00 0.00 0.00 0.00 0.00 0.00 0.00 0.00 0.00 0.00 0.00 0.00 0.00 8.56 7.62 0.00 4.67 4.67 0.00 0.00 0.00 0.00 0.00 0.00 0.00 0.00 0.00 0.00 0.00 0.00 0.00 0.00 0.00
0.00 0.00 0.00 0.00 0.00 0.00 0.00 0.00 0.00 0.00 0.00 0.00 0.00 0.00 0.00 0.00 0.00 0.00 0.00 0.00 2.77 7.15 5.04 3.36 3.29 4.92 6.78 3.58 6.50 2.77 3.94 2.99 0.52 1.90 1.90 2.19 8.32 5.48 4.09 5.77 7.67 5.11 12.41 15.75 12.44 6.76 5.74 8.59 0.00 0.00 0.00 0.00 0.00 0.00 0.00 0.00 0.00 0.00 0.00 0.00 0.00 0.00 0.00 0.00 0.00 0.00 0.00 0.00 0.00 0.00 0.00 0.00 0.00 0.00 0.00 0.00 0.00 0.00 0.00 0.00 0.00 0.00 0.00 0.00
0.00 0.00 0.00 0.00 0.00 0.00 0.00 0.00 0.00 0.00 0.00 0.00 0.00 0.00 0.00 0.00 0.00 0.00 0.00 0.00 0.00 0.00 5.48 0.00 0.88 0.00 0.00 5.69 2.85 1.31 3.29 0.00 0.00 0.80 2.04 0.00 1.24 0.00 0.00 0.00 0.00 0.00 3.56 4.06 9.15 3.14 5.34 3.36 0.00 0.00 0.00 0.00 0.00 0.00 0.00 0.00 0.00 0.00 0.00 0.00 0.00 0.00 0.00 0.00 0.00 0.00 0.00 0.00 0.00 0.00 0.00 0.00 0.00 0.00 0.00 0.00 0.00 0.00 0.00 0.00 0.00 0.00 0.00 0.00
