Wansh/Snow_depth/snowdepth-1996/winter/1996364.txt
ncols 321
nrows 161
xllcenter 60
yllcenter 15 
cellsize  0.25 
NODATA_value -1
[rows 0 to 36 of 161, columns 84 to 167 of 321]
15.26 14.02 15.11 15.11 13.87 13.87 11.24 8.47 7.88 7.96 11.53 11.53 11.53 11.39 13.14 14.24 13.72 14.82 14.82 15.18 13.72 9.20 10.29 4.02 4.23 0.00 0.80 0.37 0.44 2.77 2.41 6.13 7.96 7.15 10.73 10.73 10.80 11.39 9.64 9.71 6.06 3.50 4.38 4.38 0.00 1.24 0.66 2.92 2.19 4.31 7.01 6.72 7.45 6.42 6.72 9.20 9.49 7.01 4.16 4.60 2.85 3.21 2.26 1.97 1.83 2.56 3.21 3.21 3.21 5.04 5.77 10.15 9.42 11.10 9.05 9.64 8.69 11.68 10.80 12.41 9.86 10.66 7.88 6.35
14.67 15.62 14.38 14.02 12.99 13.51 10.59 8.10 11.24 9.86 10.29 8.83 10.59 10.37 7.96 8.83 12.92 14.16 14.16 13.58 15.11 12.56 8.69 5.48 6.06 1.46 1.24 0.00 0.00 1.39 3.43 2.70 6.64 8.03 7.23 9.86 11.17 11.24 9.20 8.18 6.13 4.74 6.50 6.50 1.83 2.85 3.21 4.09 2.70 2.70 3.58 2.92 4.60 4.82 5.26 5.26 4.67 5.99 4.09 3.50 3.58 4.23 5.84 5.84 6.13 3.29 3.94 5.11 5.11 5.04 7.74 6.72 13.21 14.16 14.45 13.72 12.99 12.99 13.21 11.75 12.34 10.07 9.93 9.27
14.53 15.11 13.94 13.72 10.51 12.12 14.09 13.65 13.29 14.16 11.02 11.17 8.40 6.28 7.15 7.66 6.35 6.94 6.94 11.24 12.05 12.26 11.75 9.34 3.21 5.33 2.04 0.44 1.17 0.73 2.04 3.65 3.72 5.62 7.59 7.15 11.02 11.24 11.10 10.15 8.91 9.42 7.15 7.15 8.47 8.69 5.84 3.65 4.53 2.19 2.19 1.61 1.39 1.02 1.75 3.87 3.80 4.67 4.02 5.91 7.08 5.69 7.23 8.54 8.32 9.13 10.29 10.07 10.07 9.86 7.01 9.64 11.02 13.72 14.75 14.97 14.09 13.65 14.60 13.21 13.65 13.36 11.32 11.75
14.53 15.11 13.94 13.72 10.51 12.12 14.09 13.65 13.29 14.16 11.02 11.17 8.40 6.28 7.15 7.66 6.35 6.94 6.94 11.24 12.05 12.26 11.75 9.34 3.21 5.33 2.04 0.44 1.17 0.73 2.04 3.65 3.72 5.62 7.59 7.15 11.02 11.24 11.10 10.15 8.91 9.42 7.15 7.15 8.47 8.69 5.84 3.65 4.53 2.19 2.19 1.61 1.39 1.02 1.75 3.87 3.80 4.67 4.02 5.91 7.08 5.69 7.23 8.54 8.32 9.13 10.29 10.07 10.07 9.86 7.01 9.64 11.02 13.72 14.75 14.97 14.09 13.65 14.60 13.21 13.65 13.36 11.32 11.75
11.90 10.37 9.42 10.15 9.34 12.63 9.71 12.48 12.19 13.29 9.71 12.85 6.64 9.20 7.96 5.84 7.08 5.40 5.40 6.94 5.33 9.05 8.40 9.42 5.99 4.31 4.31 0.37 1.10 0.00 0.00 2.34 3.58 2.63 6.86 7.45 10.66 10.66 10.88 10.66 9.49 7.88 8.10 8.10 10.59 9.71 9.56 5.33 2.92 3.21 1.53 1.68 0.44 1.10 0.95 1.83 2.19 3.29 5.04 6.79 6.42 9.27 11.75 11.75 15.04 12.26 12.99 12.05 12.05 12.41 10.59 10.88 10.37 11.90 11.61 13.87 15.04 14.82 14.60 13.72 13.87 13.07 13.07 13.36
12.78 10.66 10.51 10.51 9.64 9.86 8.03 8.40 8.83 8.83 10.88 10.59 9.78 11.24 8.61 9.93 6.72 5.48 5.48 5.84 3.43 5.33 6.57 6.64 6.79 2.85 0.95 0.88 0.73 0.80 1.17 0.88 2.63 3.43 3.14 6.79 8.61 10.95 11.24 7.59 7.45 7.45 7.66 7.66 7.45 8.69 8.18 7.81 5.69 1.75 2.19 0.66 0.58 0.58 1.46 1.46 1.83 3.14 2.77 5.26 9.05 8.91 11.61 15.40 14.82 16.72 16.28 15.33 15.33 13.07 13.58 12.34 11.39 10.37 10.00 8.03 8.54 8.54 8.25 9.13 9.13 11.10 11.46 11.24
10.95 11.10 12.12 11.32 8.91 10.37 9.71 9.64 8.76 9.71 9.93 10.22 8.54 9.78 9.20 9.71 7.88 6.57 6.57 7.45 6.86 6.79 4.23 3.72 1.97 2.19 2.48 1.31 0.00 0.51 0.22 0.95 0.66 2.63 4.23 7.59 7.37 5.91 6.64 7.15 5.91 5.84 7.23 7.23 6.94 6.50 7.59 5.40 6.13 1.17 0.51 0.37 0.73 1.46 1.24 2.48 2.41 3.36 4.96 4.74 6.13 8.32 7.88 10.66 11.53 14.97 14.89 13.80 13.80 14.09 12.34 12.41 12.48 11.46 9.42 10.29 7.59 7.59 8.03 7.37 7.45 8.40 8.25 9.56
10.95 11.10 12.12 11.32 8.91 10.37 9.71 9.64 8.76 9.71 9.93 10.22 8.54 9.78 9.20 9.71 7.88 6.57 6.57 7.45 6.86 6.79 4.23 3.72 1.97 2.19 2.48 1.31 0.00 0.51 0.22 0.95 0.66 2.63 4.23 7.59 7.37 5.91 6.64 7.15 5.91 5.84 7.23 7.23 6.94 6.50 7.59 5.40 6.13 1.17 0.51 0.37 0.73 1.46 1.24 2.48 2.41 3.36 4.96 4.74 6.13 8.32 7.88 10.66 11.53 14.97 14.89 13.80 13.80 14.09 12.34 12.41 12.48 11.46 9.42 10.29 7.59 7.59 8.03 7.37 7.45 8.40 8.25 9.56
9.56 9.42 9.42 10.66 10.44 10.07 9.34 9.42 8.61 8.91 7.88 6.42 7.59 8.03 8.32 9.71 10.37 10.07 10.07 10.29 9.78 5.40 7.01 4.23 2.26 2.92 1.10 1.02 0.95 0.88 0.29 1.75 1.39 1.31 3.58 5.99 5.55 5.84 4.89 5.69 5.62 4.16 4.38 4.38 5.99 3.58 3.36 3.50 0.95 1.24 1.46 2.77 2.56 1.61 2.48 2.19 3.14 3.36 3.36 5.77 5.55 6.86 8.32 8.10 9.13 9.78 8.61 8.61 8.61 9.13 9.78 9.78 10.29 10.88 11.10 10.07 10.15 10.00 10.22 8.25 8.40 7.37 8.32 8.03
8.03 8.47 8.83 8.91 8.54 8.98 8.91 8.25 8.76 6.50 6.20 7.96 4.82 6.13 8.32 9.78 10.88 11.17 11.17 10.80 10.37 7.52 4.09 3.07 3.58 2.41 1.53 1.02 0.66 0.58 0.00 0.22 1.24 3.14 5.55 5.33 4.53 4.53 4.96 2.04 2.99 3.21 1.46 1.46 1.24 2.04 1.31 2.48 2.70 2.26 2.19 3.50 5.18 5.04 5.04 3.80 3.50 4.45 4.89 4.67 6.35 5.69 5.84 6.86 7.37 7.23 7.01 7.59 7.59 7.45 8.83 8.98 9.05 9.34 9.05 8.98 10.37 11.46 11.46 13.51 10.51 8.47 8.03 6.94
9.13 8.69 8.32 8.03 7.66 6.86 7.52 7.66 6.79 6.35 5.69 5.33 6.13 5.48 7.81 10.88 12.41 10.66 10.66 9.71 8.40 8.91 3.87 3.36 2.19 1.90 1.83 0.58 1.61 1.24 1.02 1.90 1.90 2.12 3.50 4.16 4.09 3.72 1.75 1.83 3.21 1.17 1.17 1.17 2.04 2.19 1.75 3.50 3.72 3.65 5.11 5.55 5.33 5.84 5.84 5.84 6.94 5.48 5.99 6.86 6.72 6.13 5.04 5.11 5.62 5.91 5.99 7.30 7.30 8.98 10.07 9.86 9.86 9.78 9.71 11.32 13.29 13.21 13.72 11.39 11.97 9.93 9.78 8.40
9.13 8.69 8.32 8.03 7.66 6.86 7.52 7.66 6.79 6.35 5.69 5.33 6.13 5.48 7.81 10.88 12.41 10.66 10.66 9.71 8.40 8.91 3.87 3.36 2.19 1.90 1.83 0.58 1.61 1.24 1.02 1.90 1.90 2.12 3.50 4.16 4.09 3.72 1.75 1.83 3.21 1.17 1.17 1.17 2.04 2.19 1.75 3.50 3.72 3.65 5.11 5.55 5.33 5.84 5.84 5.84 6.94 5.48 5.99 6.86 6.72 6.13 5.04 5.11 5.62 5.91 5.99 7.30 7.30 8.98 10.07 9.86 9.86 9.78 9.71 11.32 13.29 13.21 13.72 11.39 11.97 9.93 9.78 8.40
8.98 8.40 8.54 7.96 7.01 3.43 3.80 4.16 4.74 6.42 4.53 6.86 8.91 12.56 12.41 12.63 13.43 12.92 12.92 12.92 8.91 10.00 5.99 2.99 1.97 1.17 1.61 0.95 1.39 1.90 1.97 1.90 3.50 3.58 3.36 5.18 3.80 4.02 4.09 4.09 3.72 4.02 2.77 2.77 3.65 2.19 3.72 3.43 3.43 6.13 5.40 7.59 6.64 6.64 5.33 7.30 6.94 8.61 8.10 8.25 7.15 5.84 6.06 5.48 5.18 6.13 6.20 8.54 8.54 8.10 9.86 10.44 10.66 9.64 10.95 10.44 12.70 11.17 11.83 12.56 11.83 10.07 10.22 10.51
6.64 8.03 5.62 3.65 4.31 2.77 2.77 4.31 5.84 9.20 3.50 10.37 10.59 12.78 12.99 12.99 13.43 13.65 13.65 12.34 8.69 5.84 4.45 4.31 4.60 2.12 1.17 0.80 1.68 2.63 5.84 2.41 4.96 7.66 6.13 5.77 6.57 4.82 4.96 3.65 3.65 3.94 2.41 2.41 2.70 2.48 3.87 4.82 4.67 5.11 7.30 7.37 6.86 7.01 6.86 7.15 8.98 8.76 7.37 6.64 6.86 6.13 5.99 5.69 6.86 5.18 5.40 6.72 6.72 8.40 10.73 10.37 10.29 8.76 8.98 9.93 8.83 9.34 8.69 11.24 9.42 8.98 9.49 10.22
7.66 6.94 6.42 4.16 4.53 3.21 3.43 4.31 4.96 10.80 11.97 10.29 12.63 12.12 12.63 13.14 13.65 11.61 11.61 9.86 10.07 7.01 6.50 4.96 5.26 3.36 3.29 2.70 2.12 5.33 7.59 10.15 7.15 8.61 6.42 5.04 5.77 1.75 2.70 2.77 1.75 1.90 2.12 2.12 2.85 2.92 2.85 4.09 4.67 4.31 5.26 5.99 6.57 7.15 7.96 7.88 7.74 6.79 6.94 4.96 3.43 5.55 5.91 6.86 6.79 5.91 5.69 7.74 7.74 7.37 9.49 9.34 9.56 7.59 2.70 4.45 0.00 1.31 0.00 5.99 4.02 8.25 8.18 9.20
8.10 7.88 7.59 6.35 5.18 5.69 5.99 8.18 7.96 5.55 6.64 8.83 9.34 10.29 9.93 11.02 10.66 11.46 11.46 9.86 8.32 7.23 7.30 6.13 6.57 4.96 4.74 5.40 6.13 5.77 8.03 9.34 8.83 9.34 6.35 2.99 1.02 1.17 1.53 1.83 1.68 3.72 3.43 3.43 3.43 3.07 3.87 3.80 3.94 5.04 4.74 5.48 6.06 5.84 7.45 7.23 7.15 6.64 4.60 3.07 2.85 3.50 3.21 3.14 3.72 5.40 5.18 6.64 6.64 8.10 7.96 8.03 5.18 2.26 2.85 1.61 0.15 0.00 0.00 0.00 5.48 7.15 6.06 8.40
8.10 7.88 7.59 6.35 5.18 5.69 5.99 8.18 7.96 5.55 6.64 8.83 9.34 10.29 9.93 11.02 10.66 11.46 11.46 9.86 8.32 7.23 7.30 6.13 6.57 4.96 4.74 5.40 6.13 5.77 8.03 9.34 8.83 9.34 6.35 2.99 1.02 1.17 1.53 1.83 1.68 3.72 3.43 3.43 3.43 3.07 3.87 3.80 3.94 5.04 4.74 5.48 6.06 5.84 7.45 7.23 7.15 6.64 4.60 3.07 2.85 3.50 3.21 3.14 3.72 5.40 5.18 6.64 6.64 8.10 7.96 8.03 5.18 2.26 2.85 1.61 0.15 0.00 0.00 0.00 5.48 7.15 6.06 8.40
6.57 6.42 6.06 5.99 4.09 6.35 4.53 4.67 4.67 5.62 5.84 7.15 7.01 8.40 9.42 9.64 9.71 8.98 8.98 8.10 7.37 6.72 6.13 6.42 6.86 6.94 6.28 6.42 5.91 6.72 8.76 8.69 10.07 6.72 7.37 4.23 0.80 1.68 1.24 3.72 4.67 4.45 4.67 4.67 4.16 4.38 4.23 5.11 4.31 4.89 5.40 5.26 6.06 6.35 6.13 6.28 5.48 5.18 4.53 3.07 4.31 4.16 3.50 3.43 3.50 4.60 6.57 8.61 8.61 8.10 8.32 6.50 7.37 2.92 2.63 1.61 0.00 0.00 0.00 2.04 4.60 5.11 4.82 5.62
6.57 7.30 5.91 7.30 8.98 8.47 5.77 2.85 4.89 6.06 6.50 6.64 7.45 8.18 8.76 8.10 8.61 7.15 7.15 7.45 6.57 6.86 5.91 5.99 7.74 7.52 7.59 8.32 8.54 7.88 10.37 11.24 10.66 10.66 5.91 6.57 4.89 1.83 3.29 3.36 3.58 4.89 5.11 5.11 4.38 3.21 3.72 2.34 3.65 2.41 5.99 7.74 7.45 7.66 6.13 5.84 5.84 5.62 6.35 6.20 6.72 8.32 7.66 8.10 7.30 7.88 6.79 9.05 9.05 10.07 7.81 8.61 5.99 3.94 4.60 2.48 1.10 0.00 0.00 0.00 1.10 3.21 2.04 3.94
4.89 4.89 4.60 7.74 9.27 9.93 8.83 9.27 7.96 5.55 6.64 8.47 7.37 6.42 6.86 7.23 7.81 8.32 8.32 9.13 7.66 7.96 6.35 6.50 8.69 8.18 9.56 9.42 8.91 9.78 10.07 8.32 10.15 10.59 8.32 5.04 5.62 2.34 2.26 1.90 1.53 2.48 5.11 5.11 4.82 3.36 0.44 0.95 0.95 6.50 8.25 8.18 10.59 12.99 8.83 8.03 7.88 7.96 7.01 7.08 7.15 7.74 8.61 7.96 8.18 8.91 9.71 10.44 10.44 10.51 7.96 5.18 1.68 4.02 1.61 1.39 0.00 0.00 0.00 0.07 1.31 1.97 0.95 2.34
6.86 5.18 4.23 9.64 10.29 10.51 9.71 10.44 9.56 6.94 8.69 7.66 5.48 5.91 7.45 4.89 6.42 7.01 7.01 7.37 7.08 6.94 6.94 6.42 8.47 9.56 9.42 10.22 7.45 7.08 6.64 6.57 7.96 8.32 8.47 3.87 1.10 0.00 0.00 0.07 1.61 1.17 2.63 2.63 3.29 3.94 2.04 4.74 7.88 7.45 9.42 11.46 10.95 14.24 15.77 15.77 14.53 11.97 8.83 8.18 8.03 8.32 9.20 8.83 10.00 11.24 11.24 10.80 10.80 6.57 1.39 2.26 0.37 0.58 0.51 0.51 0.07 0.00 0.29 1.02 0.07 0.88 0.95 0.88
10.07 10.07 10.07 9.20 9.13 9.42 11.97 10.80 11.68 10.29 10.51 9.86 8.83 13.72 8.32 6.94 4.38 6.20 6.20 6.72 7.15 7.66 7.74 9.20 8.83 11.97 12.63 12.92 9.05 9.71 6.64 7.52 6.86 6.64 2.12 3.14 0.95 0.00 0.00 0.00 0.58 1.68 1.68 1.68 1.75 0.00 3.29 4.16 6.06 5.62 5.48 7.01 13.36 12.70 15.55 14.82 11.97 12.92 7.74 6.72 6.79 7.08 8.69 9.71 9.64 11.24 10.88 7.88 7.88 9.20 1.83 0.00 0.00 0.00 0.00 0.00 0.00 0.00 0.00 0.00 0.00 0.37 0.07 0.58
10.07 10.07 10.07 9.20 9.13 9.42 11.97 10.80 11.68 10.29 10.51 9.86 8.83 13.72 8.32 6.94 4.38 6.20 6.20 6.72 7.15 7.66 7.74 9.20 8.83 11.97 12.63 12.92 9.05 9.71 6.64 7.52 6.86 6.64 2.12 3.14 0.95 0.00 0.00 0.00 0.58 1.68 1.68 1.68 1.75 0.00 3.29 4.16 6.06 5.62 5.48 7.01 13.36 12.70 15.55 14.82 11.97 12.92 7.74 6.72 6.79 7.08 8.69 9.71 9.64 11.24 10.88 7.88 7.88 9.20 1.83 0.00 0.00 0.00 0.00 0.00 0.00 0.00 0.00 0.00 0.00 0.37 0.07 0.58
10.37 10.51 10.37 10.44 11.17 12.05 10.80 12.41 11.83 11.97 11.75 14.60 12.41 13.36 12.56 7.66 7.81 6.72 6.72 6.50 6.64 7.52 9.42 9.20 11.68 11.17 15.04 13.87 10.73 11.83 7.96 5.77 3.50 3.72 2.77 0.44 0.58 0.00 0.00 0.00 0.00 0.58 1.02 1.02 0.95 0.00 0.00 0.00 2.48 2.92 4.02 3.50 4.96 6.42 6.13 11.75 9.42 6.20 6.72 5.33 6.28 5.84 7.37 9.56 10.22 10.00 10.29 8.69 8.69 9.20 7.23 7.01 2.48 0.00 0.00 0.00 0.00 0.00 0.00 0.00 0.00 0.00 0.15 0.66
9.93 10.29 9.64 9.71 8.61 8.25 10.22 10.37 11.02 7.45 7.74 8.10 9.86 9.64 8.32 8.61 8.18 7.01 7.01 3.58 5.77 5.48 7.96 7.15 10.27 8.79 7.45 10.29 9.34 8.32 8.69 6.86 2.56 1.24 1.46 0.00 0.00 0.00 0.00 0.00 0.00 0.00 0.00 0.00 0.00 0.00 0.00 0.00 0.00 0.00 0.00 2.63 0.00 4.09 3.94 3.43 3.58 2.85 3.72 4.60 4.45 4.38 6.13 7.74 7.74 7.96 8.25 8.83 8.83 8.83 9.78 5.84 5.40 2.34 2.48 0.80 0.00 0.29 0.00 0.00 0.00 0.00 0.00 0.00
13.14 12.63 12.48 9.42 8.54 6.64 9.13 8.03 4.45 5.33 6.86 9.86 11.02 10.59 7.88 5.55 2.56 3.21 3.21 1.46 2.85 5.62 6.64 7.18 6.74 5.14 6.79 11.14 9.86 8.98 8.03 8.18 4.31 2.41 1.31 1.83 0.00 0.00 1.24 0.00 0.37 0.00 0.00 0.00 0.00 0.00 0.00 0.00 0.00 0.00 0.00 0.00 3.80 4.38 4.38 3.50 3.14 2.99 3.21 4.96 5.40 5.40 5.18 6.94 7.08 7.08 7.74 8.69 8.69 8.18 7.23 6.06 6.86 3.65 3.58 2.12 0.44 0.80 1.10 0.95 0.00 0.00 0.00 0.00
13.80 12.78 10.59 8.47 5.91 2.99 2.19 2.77 2.56 3.80 5.55 4.45 7.45 8.83 3.14 4.02 2.77 2.41 2.41 1.31 1.97 4.82 4.06 4.74 5.07 4.84 6.72 9.88 8.50 8.19 8.32 9.27 9.27 5.91 2.63 4.45 4.23 1.10 1.02 0.29 0.29 0.00 0.00 0.00 0.00 0.00 0.00 0.00 0.00 0.00 0.00 0.00 0.00 3.21 5.11 4.16 3.36 5.18 7.74 4.60 7.66 7.15 11.53 8.47 9.78 5.77 7.74 8.69 8.69 8.54 7.52 6.64 6.50 5.04 5.18 4.16 3.14 2.56 1.75 1.97 0.00 0.00 0.00 0.00
10.37 7.08 7.88 7.66 4.09 3.21 2.12 0.95 1.10 0.00 0.00 0.00 0.00 0.00 0.00 1.83 1.17 0.00 0.00 1.53 0.66 1.33 3.24 4.53 4.67 6.13 5.95 5.95 6.55 8.33 7.56 10.88 10.29 7.30 7.08 7.74 6.06 1.46 1.61 0.44 0.22 1.24 0.80 0.80 0.00 0.00 0.00 0.00 0.00 0.00 0.00 1.39 0.00 0.00 4.53 5.84 5.77 5.84 8.18 11.53 12.56 12.34 13.07 12.99 8.40 9.20 8.54 9.86 9.86 12.12 9.34 6.86 7.08 5.69 4.31 4.82 2.63 1.53 2.12 1.83 0.73 0.80 1.02 0.15
10.37 7.08 7.88 7.66 4.09 3.21 2.12 0.95 1.10 0.00 0.00 0.00 0.00 0.00 0.00 1.83 1.17 0.00 0.00 1.58 0.67 1.43 3.15 4.64 4.60 6.13 5.77 5.53 6.12 8.46 7.63 11.33 11.57 7.72 7.26 7.74 6.06 1.46 1.61 0.44 0.22 1.24 0.80 0.80 0.00 0.00 0.00 0.00 0.00 0.00 0.00 1.39 0.00 0.00 4.53 5.84 5.77 5.84 8.18 11.53 12.56 12.34 13.07 12.99 8.40 9.20 8.54 9.86 9.86 12.12 9.34 6.86 7.08 5.69 4.31 4.82 2.63 1.53 2.12 1.83 0.73 0.80 1.02 0.15
5.55 4.82 4.60 3.14 2.41 4.23 7.01 7.88 5.26 1.61 0.00 0.00 0.00 0.00 0.00 0.00 0.00 0.00 0.00 0.00 0.00 2.77 2.49 2.96 4.42 3.54 4.57 4.77 5.99 7.48 8.70 10.21 11.03 11.95 11.21 11.57 8.63 5.91 0.73 1.39 0.00 1.17 1.24 1.24 0.00 0.00 0.00 0.00 0.00 3.50 3.87 2.77 0.00 2.92 0.00 4.31 5.48 7.37 6.72 9.93 12.26 13.65 13.36 14.89 15.48 15.91 14.24 12.48 12.48 12.99 11.10 7.15 6.28 3.87 3.65 4.23 2.12 2.12 2.48 2.19 1.46 0.88 1.24 0.00
5.33 4.16 3.50 4.74 4.02 2.77 3.43 8.91 10.15 7.66 9.20 7.23 1.39 3.43 1.83 1.68 1.17 3.72 3.72 4.70 1.24 4.26 0.00 0.00 3.52 0.00 3.65 4.69 4.10 6.71 8.10 8.10 8.18 10.16 13.46 11.84 11.49 10.93 8.69 2.12 1.75 2.48 0.95 0.95 0.00 0.00 0.00 2.19 1.68 3.50 4.16 2.41 2.92 0.00 0.00 0.00 3.43 5.26 6.13 8.76 9.86 9.05 11.46 17.08 17.45 17.59 15.62 14.24 14.24 12.85 10.44 7.37 7.88 6.28 5.62 5.11 4.31 2.34 2.56 2.26 1.97 1.83 0.07 0.00
0.00 1.97 2.04 0.00 3.21 8.18 5.55 5.11 8.32 9.86 7.45 8.18 4.31 4.60 3.80 3.80 7.59 7.74 7.74 7.52 4.82 6.50 3.43 0.00 0.00 0.00 0.00 4.94 7.72 6.99 7.45 7.52 8.83 8.32 12.45 16.93 13.72 13.36 13.14 15.40 5.99 6.50 3.65 3.65 0.29 0.00 0.00 0.22 2.56 0.00 4.31 2.12 0.00 0.00 0.00 0.00 3.14 5.48 4.89 7.74 8.47 9.78 8.98 14.31 17.81 14.31 12.85 11.61 11.61 13.29 11.24 9.20 3.65 4.96 5.48 6.28 4.23 6.42 3.94 6.20 1.83 0.66 1.10 0.00
0.00 0.00 0.00 0.00 3.36 0.00 0.00 0.00 4.53 6.64 3.65 5.26 4.60 4.89 4.09 6.57 7.81 7.59 7.59 6.64 7.74 7.52 7.88 5.04 5.11 0.00 0.00 3.01 7.15 6.94 6.50 6.57 8.10 14.16 18.25 17.89 15.64 16.34 16.09 17.62 15.70 5.26 6.86 6.86 1.75 1.31 0.44 0.73 0.00 0.73 0.00 0.00 0.00 0.00 0.00 0.00 0.00 4.67 6.35 6.06 6.94 7.30 7.45 10.29 9.86 12.85 10.95 10.73 10.73 5.48 3.21 1.83 2.12 0.51 4.60 3.50 8.54 8.91 9.56 9.13 5.91 5.48 1.68 3.94
0.00 0.00 0.00 0.00 0.00 0.00 0.00 0.00 0.00 0.00 0.00 0.00 4.74 4.09 4.09 4.60 5.18 1.97 1.97 4.45 7.08 7.30 7.15 8.18 7.01 2.48 3.58 3.32 6.28 5.99 5.62 6.13 5.48 6.94 17.45 20.51 18.83 20.66 18.90 17.07 17.17 14.89 11.68 11.68 2.99 3.07 1.68 0.44 0.00 0.00 0.51 0.00 0.00 0.00 0.00 0.00 0.00 3.21 5.33 4.16 4.53 3.07 3.87 5.11 6.94 7.66 3.94 2.77 2.77 3.87 2.34 0.00 0.00 0.00 1.61 2.04 6.79 4.96 8.76 8.54 7.08 5.33 4.23 4.16
0.00 0.00 0.00 0.00 0.00 0.00 0.00 0.00 0.00 0.00 0.00 0.00 0.00 2.63 2.12 0.51 1.17 1.17 1.17 3.36 3.50 6.42 4.31 5.91 5.91 4.38 3.43 3.21 5.56 5.52 6.43 4.92 5.19 4.96 10.59 15.33 17.74 16.30 17.96 19.05 16.81 17.45 14.09 14.09 14.24 5.40 6.20 3.50 3.21 1.53 1.97 0.58 0.00 0.00 0.00 0.00 0.00 0.00 2.99 2.41 3.58 0.00 0.00 2.85 3.07 2.85 2.41 2.70 2.70 0.00 0.00 0.00 0.00 0.00 0.00 0.00 0.95 0.00 7.37 4.82 5.26 6.50 3.72 2.26
0.00 0.00 0.00 0.00 0.00 0.00 0.00 0.00 0.00 0.00 0.00 0.00 0.00 2.63 2.12 0.51 1.17 1.17 1.17 3.36 3.50 6.42 4.31 5.91 5.91 4.38 3.43 3.21 5.48 5.33 6.20 4.89 5.04 4.96 10.64 15.41 17.74 16.21 18.14 19.05 16.64 17.45 14.09 14.09 14.24 5.40 6.20 3.50 3.21 1.53 1.97 0.58 0.00 0.00 0.00 0.00 0.00 0.00 2.99 2.41 3.58 0.00 0.00 2.85 3.07 2.85 2.41 2.70 2.70 0.00 0.00 0.00 0.00 0.00 0.00 0.00 0.95 0.00 7.37 4.82 5.26 6.50 3.72 2.26
0.00 0.00 0.00 0.00 0.00 0.73 3.65 2.89 0.74 0.00 0.00 1.83 1.17 1.90 1.24 0.00 0.00 0.00 0.00 0.00 0.00 3.50 0.44 4.16 2.12 1.83 2.56 2.12 5.18 6.64 6.35 5.99 6.42 6.64 6.94 9.56 12.41 14.09 12.25 17.81 14.60 12.70 12.70 12.70 13.07 13.65 11.83 8.98 8.54 6.42 2.70 3.43 0.00 0.00 0.00 0.00 0.00 0.00 0.00 4.09 5.11 3.65 4.16 0.00 0.00 0.00 0.00 0.00 0.00 0.00 0.00 0.00 0.00 0.00 0.00 0.00 0.00 0.00 0.00 0.00 3.65 5.55 7.15 0.00
