Wansh/Snow_depth/snowdepth-1996/winter/1996336.txt
ncols 321
nrows 161
xllcenter 60
yllcenter 15 
cellsize  0.25 
NODATA_value -1
[rows 74 to 110 of 161, columns 84 to 167 of 321]
0.00 0.00 0.00 0.00 0.00 0.00 0.00 2.04 0.80 1.90 2.19 1.39 4.09 4.45 4.60 4.89 4.89 5.55 5.55 5.11 3.87 3.07 0.00 0.00 0.00 0.00 3.29 3.29 0.00 2.99 0.00 0.00 0.00 0.00 0.00 0.95 0.00 0.00 4.82 2.41 3.07 1.24 0.07 0.07 1.24 0.51 0.00 1.24 1.83 0.00 0.00 1.97 0.00 0.00 0.00 0.00 1.17 0.00 0.00 1.31 0.00 0.00 0.00 0.00 0.00 0.00 0.00 0.00 0.00 0.15 0.81 0.22 0.00 0.00 0.00 0.00 0.00 0.00 0.00 0.00 0.00 0.00 0.15 0.00
1.75 0.00 0.00 1.90 0.80 3.14 1.90 3.21 1.97 0.07 3.07 3.72 4.38 4.67 4.60 3.94 4.31 4.23 4.23 4.60 3.72 3.36 0.00 0.00 4.38 0.00 2.77 3.87 0.00 3.50 0.00 0.00 0.00 0.00 0.00 0.00 0.00 4.02 4.45 5.04 1.83 2.12 2.41 2.41 2.19 1.31 0.88 0.88 1.83 1.24 1.83 0.95 1.61 1.46 2.63 2.34 1.39 1.02 2.34 0.29 1.10 0.58 0.73 0.51 0.51 0.00 0.00 0.00 0.00 0.81 1.39 0.88 0.00 0.00 0.29 0.29 0.00 0.00 0.00 0.00 0.00 0.37 0.37 0.30
3.50 0.51 2.41 1.46 2.92 3.07 4.82 3.43 5.62 5.62 4.96 4.09 4.09 4.38 4.31 5.11 4.23 4.16 4.16 0.00 4.38 3.80 0.00 0.00 3.80 5.11 0.00 3.50 3.94 0.00 2.56 0.00 0.00 0.00 0.00 0.00 4.02 0.00 5.40 5.11 5.11 2.26 2.04 2.04 3.07 1.46 2.26 1.97 2.26 0.15 0.73 0.88 1.31 0.80 1.46 0.66 1.46 1.53 0.37 0.73 1.24 1.24 1.39 1.46 1.24 0.00 0.58 0.00 0.00 1.02 1.53 1.90 1.39 0.00 0.00 0.15 0.00 0.00 0.00 0.00 0.00 0.00 0.51 0.38
3.80 3.72 3.14 1.75 3.36 4.31 4.74 4.09 4.60 6.06 5.91 4.89 4.96 5.77 4.82 4.53 3.87 0.00 0.00 3.50 0.00 0.00 2.70 3.80 3.07 2.70 0.00 3.87 3.65 2.92 0.00 0.00 0.00 3.14 0.00 3.65 0.00 0.00 4.16 4.45 4.16 4.67 4.67 4.67 1.46 3.65 3.72 4.38 2.48 1.53 1.17 1.75 0.15 0.66 2.26 2.19 1.10 1.97 1.17 1.68 2.85 1.10 2.77 1.31 2.70 2.12 2.99 1.75 1.75 2.99 1.61 1.61 2.04 0.29 0.07 0.73 0.66 0.00 0.00 0.00 0.00 0.00 0.00 0.44
3.58 6.64 7.74 4.60 3.36 5.40 4.74 4.74 5.26 5.69 6.06 5.77 4.82 4.60 4.67 4.31 3.14 4.16 4.16 3.72 3.43 3.50 3.58 3.50 2.48 2.12 0.00 0.00 0.00 0.00 0.00 0.00 0.00 0.00 3.87 4.09 0.00 0.00 3.50 4.60 5.26 6.20 4.31 4.31 3.87 0.00 4.53 4.16 0.00 3.36 3.87 0.00 1.90 3.65 4.53 2.26 2.12 3.07 2.41 2.04 4.31 3.14 4.09 3.14 6.06 2.70 4.74 3.43 3.43 3.65 2.56 1.90 2.12 1.17 1.68 2.19 1.68 0.75 0.00 0.00 0.00 1.76 0.51 0.59
7.37 6.50 5.04 5.91 5.33 5.11 4.31 4.16 4.31 4.60 4.96 4.09 3.29 4.23 4.23 3.87 3.72 4.45 4.45 0.00 3.94 4.23 0.00 3.80 0.00 0.00 0.00 0.00 0.00 0.00 0.00 0.00 0.00 0.00 0.00 4.53 0.00 0.00 2.92 5.04 4.23 4.82 5.62 5.62 0.00 0.00 3.72 4.60 0.00 0.00 2.85 0.00 3.21 0.00 4.16 4.89 4.16 4.16 3.94 5.62 5.77 5.99 5.77 4.89 6.64 6.86 4.60 3.94 3.94 4.60 3.29 3.87 7.88 4.09 4.11 5.40 3.15 0.66 1.02 0.37 0.00 1.17 1.39 0.66
5.26 6.79 0.00 5.91 4.23 4.31 4.09 4.16 4.23 2.77 3.72 3.87 3.36 3.21 3.43 3.94 4.31 3.87 3.87 3.36 3.72 0.00 0.00 3.87 3.14 0.00 0.00 0.00 0.00 0.00 0.00 0.00 0.00 0.00 0.00 0.00 0.00 0.00 0.00 0.00 0.00 3.80 0.00 0.00 0.00 0.00 0.00 0.00 0.00 0.00 0.00 0.00 0.00 0.00 0.00 0.00 0.00 4.09 4.67 6.42 5.69 5.77 6.42 5.48 5.48 0.00 0.00 0.00 0.00 4.23 0.00 5.99 10.51 8.83 7.52 4.99 2.85 1.61 1.02 0.51 0.07 0.15 0.58 0.51
0.00 0.00 0.00 0.00 0.00 0.00 3.14 0.00 3.58 2.63 3.21 3.43 3.72 2.99 4.09 3.29 3.50 3.29 3.29 3.50 3.50 0.00 0.00 3.65 0.00 0.00 0.00 0.00 0.00 0.00 0.00 0.00 0.00 0.00 0.00 0.00 0.00 0.00 0.00 0.00 0.00 0.00 0.00 0.00 0.00 0.00 0.00 0.00 0.00 0.00 0.00 0.00 0.00 0.00 0.00 1.02 2.99 3.72 3.72 4.82 6.28 5.26 4.96 2.26 2.26 0.00 0.88 4.02 4.02 0.00 5.55 7.74 10.80 11.83 11.02 5.80 2.80 1.76 1.59 1.72 0.44 0.07 0.00 0.22
0.00 0.00 0.00 0.00 0.00 4.16 3.80 2.41 2.92 0.00 0.00 3.80 3.87 3.36 4.82 3.94 0.00 3.80 3.80 3.72 3.50 2.99 0.00 0.00 0.00 0.00 0.00 0.00 0.00 0.00 0.00 0.00 0.00 0.00 0.00 0.00 0.00 0.00 0.00 0.00 0.00 0.00 0.00 0.00 0.00 0.00 0.00 0.00 0.00 0.00 0.00 0.00 0.80 1.17 1.24 1.90 1.97 3.36 2.56 3.87 3.29 3.50 3.50 1.83 0.44 0.44 1.90 2.26 2.26 2.63 7.01 9.05 7.15 12.78 12.78 7.23 3.14 1.68 0.73 0.00 0.00 0.00 0.00 0.00
2.04 2.63 1.53 3.07 0.00 3.29 0.00 1.83 2.41 0.00 3.87 3.87 3.94 4.31 4.38 0.00 3.50 3.72 3.72 3.29 3.50 0.00 0.00 0.00 0.00 0.00 0.00 0.00 0.00 0.00 0.00 0.00 0.00 0.00 0.00 0.00 0.00 0.00 0.00 0.00 0.00 0.00 0.00 0.00 0.00 0.00 0.00 0.00 0.00 0.00 0.00 0.44 0.15 0.29 1.53 1.53 2.34 1.61 1.39 2.70 1.46 3.07 1.75 1.17 1.53 1.02 1.53 2.77 2.77 2.41 3.29 4.02 4.16 9.49 10.00 6.28 3.21 1.46 1.46 1.24 1.02 1.10 0.37 0.66
2.48 2.70 0.00 0.00 0.00 0.00 0.00 0.00 3.21 3.58 3.87 0.00 4.16 3.80 3.43 0.00 3.87 0.00 0.00 3.65 3.21 0.00 0.00 0.00 0.00 0.00 0.00 0.00 0.00 0.00 0.00 0.00 3.14 0.00 0.00 0.00 0.00 1.24 1.97 0.00 0.00 0.00 0.00 0.00 0.00 0.00 0.00 0.00 0.00 0.00 0.58 0.73 1.02 0.80 2.77 1.83 4.45 1.46 1.75 0.66 1.53 2.34 1.90 1.68 0.95 1.02 1.39 1.68 1.68 1.83 1.46 1.90 1.31 5.11 4.09 2.04 1.61 2.12 1.39 0.95 2.56 2.34 1.46 0.37
2.12 2.34 2.77 2.12 0.00 0.00 4.23 4.16 4.31 3.58 3.14 0.00 0.00 3.07 2.56 3.80 0.00 0.00 0.00 4.02 4.09 3.58 0.00 0.00 0.00 0.00 0.00 0.00 0.00 0.00 0.00 0.00 4.09 3.80 0.00 0.00 0.00 0.00 0.00 1.90 0.00 0.00 0.00 0.00 0.00 0.00 0.00 0.00 0.00 0.58 1.46 0.15 0.80 3.94 5.62 5.55 8.40 2.99 1.17 2.12 2.13 2.61 2.86 2.70 0.58 2.12 1.39 1.61 1.61 1.46 1.10 1.46 1.75 1.46 1.97 1.39 1.61 2.56 1.61 1.61 2.48 2.63 2.19 0.00
2.48 2.99 3.58 3.65 2.41 2.85 3.43 2.99 2.63 3.07 4.31 2.85 2.63 2.41 0.00 3.43 3.43 4.67 4.67 5.11 5.26 4.60 4.96 0.00 0.00 2.92 2.85 3.50 4.67 0.00 4.23 0.00 3.29 0.00 0.00 0.00 0.00 0.00 4.60 7.08 4.82 4.96 1.75 1.75 2.77 3.14 1.90 2.04 1.68 1.39 1.46 1.68 2.26 4.67 8.40 11.61 13.14 11.02 7.23 10.37 4.74 5.26 3.95 5.11 4.09 4.45 2.41 2.56 2.56 4.89 4.67 7.08 6.94 3.29 1.68 1.24 1.02 1.61 3.29 2.70 2.56 2.26 0.00 0.00
2.19 2.41 3.50 0.00 0.00 2.12 2.92 2.56 0.00 1.75 2.92 3.29 2.99 2.48 2.48 2.85 3.94 4.74 4.74 4.96 4.53 4.16 4.96 0.00 3.43 3.43 3.36 3.94 3.36 3.94 3.43 2.85 0.00 3.14 0.00 0.00 0.00 5.18 7.23 5.33 5.48 4.38 3.72 3.72 4.09 3.50 3.43 1.68 1.53 1.68 2.63 2.92 3.58 5.04 7.01 12.34 11.97 13.72 12.99 13.72 5.84 6.50 4.96 6.28 3.93 5.69 3.36 2.92 2.92 5.91 6.42 9.20 8.83 3.21 1.68 1.24 1.31 1.97 2.77 2.34 2.48 2.70 0.00 0.00
2.34 1.53 2.77 0.00 0.00 0.00 0.00 0.00 0.00 2.48 2.85 3.14 3.43 3.43 3.65 5.11 4.23 3.87 3.87 3.87 4.74 4.89 3.43 3.50 3.21 3.94 4.09 4.31 3.50 3.21 3.72 3.50 0.00 3.14 0.00 2.41 0.00 3.50 5.69 3.50 3.72 4.67 2.85 2.85 6.79 6.72 3.50 8.25 6.57 3.21 2.04 2.77 8.10 8.40 12.78 10.44 12.92 11.61 12.41 8.40 5.91 5.69 7.45 8.47 8.41 8.96 6.06 6.72 6.72 8.25 6.28 10.00 8.98 4.16 2.85 2.85 4.09 3.94 3.21 2.34 3.14 2.92 1.68 1.31
2.04 2.48 0.00 0.00 0.00 0.00 0.00 0.00 0.00 0.00 2.48 0.00 3.87 4.31 3.94 2.92 4.02 4.23 4.23 3.65 3.80 4.02 4.38 4.02 4.02 3.87 3.94 3.87 4.02 3.43 3.50 4.38 0.00 3.50 2.85 3.07 2.26 2.48 2.70 2.92 3.07 4.53 9.13 9.13 9.93 11.24 7.59 13.58 12.85 10.37 8.32 9.71 12.19 12.34 15.33 12.19 10.44 10.88 10.52 8.33 5.26 5.48 7.45 10.07 12.23 15.28 11.68 10.22 10.22 11.68 7.74 8.47 9.13 7.37 5.33 5.40 5.77 5.48 4.16 3.52 2.94 0.98 1.10 1.25
1.75 2.34 1.17 0.00 0.00 0.00 0.00 0.00 0.00 0.00 0.00 0.00 2.92 3.36 0.00 2.41 3.14 4.38 4.38 2.92 4.38 3.80 4.16 3.87 4.16 3.65 3.87 3.72 0.00 0.00 4.38 4.02 4.60 4.74 0.00 0.00 0.00 1.39 0.00 2.92 4.96 3.50 7.59 7.59 10.88 10.37 13.14 12.78 14.89 14.67 10.73 16.79 17.52 17.23 19.64 15.70 12.99 13.21 9.42 9.34 5.49 5.11 7.37 9.78 13.43 17.01 15.96 15.39 14.91 11.30 9.93 10.15 10.07 9.05 8.10 6.42 6.42 6.13 5.43 3.06 2.31 2.15 2.05 2.27
1.83 1.83 1.83 0.00 0.00 0.00 0.00 0.00 0.00 0.00 0.00 0.00 0.00 0.00 0.00 0.00 0.00 3.50 3.50 0.00 4.23 3.29 0.00 3.29 3.94 3.87 4.09 0.00 3.50 0.00 0.00 0.00 0.00 0.00 0.00 0.00 0.00 0.00 0.00 0.00 2.41 1.24 3.50 3.50 8.47 11.02 12.41 9.13 14.31 14.24 15.18 17.96 21.32 19.93 21.90 22.12 17.37 17.89 10.91 13.13 6.64 5.62 7.30 8.90 13.38 17.43 17.01 14.60 14.67 11.96 10.56 9.93 10.95 9.34 8.00 6.42 6.86 5.91 4.77 4.24 2.86 3.14 2.92 2.38
1.68 1.24 1.17 1.75 0.00 1.31 1.17 1.68 0.00 0.00 0.00 0.00 0.00 0.00 0.00 0.00 3.65 3.65 3.65 4.09 3.50 3.21 0.00 0.00 0.00 0.00 0.00 0.00 0.00 0.00 0.00 0.00 2.99 0.00 0.00 0.00 0.00 0.00 0.00 0.00 0.58 0.00 1.46 1.46 3.65 6.20 10.80 9.86 11.53 14.38 13.80 15.55 19.20 22.27 23.29 23.07 20.88 17.89 16.43 9.73 11.50 8.48 9.19 13.51 13.50 15.79 17.30 14.24 14.24 10.47 9.79 10.09 11.01 10.38 8.51 6.93 6.86 6.52 6.02 6.03 5.76 5.19 3.77 4.84
0.73 1.10 1.46 1.02 1.10 1.24 1.68 0.00 1.97 0.00 0.00 1.75 0.00 0.00 0.00 3.21 2.99 3.14 3.14 3.72 3.72 0.00 0.00 0.00 0.00 0.00 0.00 0.00 0.00 0.00 0.00 0.00 0.00 0.00 0.00 0.00 0.00 0.00 0.00 0.00 0.00 0.00 0.00 0.00 2.34 3.36 6.72 8.83 11.75 12.99 13.58 14.02 16.72 20.29 21.46 20.37 22.84 19.93 21.90 17.16 15.33 11.03 10.37 10.68 13.94 16.02 11.52 11.68 11.68 8.18 8.81 8.32 9.86 10.56 9.56 7.56 8.03 6.45 5.42 6.32 6.57 5.79 6.68 5.06
1.31 1.31 1.17 0.51 1.39 1.10 0.00 0.00 0.00 0.00 0.00 0.00 0.00 0.00 2.34 1.90 1.24 2.63 2.63 2.77 0.00 3.14 3.29 0.00 0.00 0.00 0.00 0.00 0.00 0.00 0.00 0.00 0.00 0.00 0.00 0.00 0.00 0.00 0.00 0.00 0.00 0.15 0.73 0.73 1.83 4.16 7.23 8.76 10.29 13.29 15.77 15.91 16.24 16.03 19.19 18.68 21.52 23.43 21.68 20.37 15.70 12.40 9.61 8.95 9.73 13.47 10.66 6.94 6.97 6.83 8.83 6.49 7.26 11.32 10.04 8.69 8.57 6.51 5.47 6.27 6.69 5.81 4.34 2.55
1.17 1.90 1.17 0.00 1.24 1.17 0.00 0.00 0.00 0.00 0.00 0.00 0.00 0.00 1.46 1.61 0.00 0.00 0.00 0.00 0.00 0.00 0.00 0.00 0.00 0.00 0.00 0.00 0.00 0.00 0.00 0.00 0.00 0.00 0.00 0.00 0.00 0.00 0.00 0.00 0.00 0.00 2.26 2.26 2.85 8.98 10.00 7.52 10.80 23.73 18.54 16.79 16.13 15.67 17.58 17.16 19.28 23.07 18.08 20.13 15.48 13.43 10.97 7.77 7.30 11.43 10.78 6.68 6.68 4.94 5.10 3.73 5.39 9.05 8.29 8.44 7.67 6.46 4.19 4.76 5.64 5.82 4.81 2.39
0.66 0.00 1.31 1.02 1.39 0.88 1.68 0.00 0.00 0.00 0.00 0.00 0.00 0.00 0.00 0.00 0.00 0.00 0.00 0.00 0.00 0.00 0.00 0.00 0.00 0.00 0.00 3.29 0.00 0.00 0.00 0.00 0.00 0.00 2.63 2.41 0.00 0.00 0.00 0.00 0.00 0.00 7.66 7.66 2.77 16.21 14.45 16.13 22.05 25.33 21.75 18.61 17.45 15.77 16.02 16.63 13.93 17.58 14.52 17.01 13.97 14.22 12.27 8.19 8.69 9.98 10.34 6.23 6.13 4.08 3.39 3.15 5.17 7.50 7.37 6.24 4.00 3.49 3.40 3.44 4.36 5.42 5.81 4.80
0.00 0.00 2.92 0.00 2.41 2.41 6.57 0.00 7.81 5.33 0.00 0.00 0.00 0.00 0.00 0.00 0.00 0.00 0.00 0.00 0.00 0.00 0.00 0.00 0.00 3.80 4.60 4.31 3.21 0.00 3.43 2.34 1.83 3.14 4.02 5.40 0.00 0.00 0.00 2.56 2.77 3.21 11.24 11.24 13.14 10.37 20.37 27.74 25.33 23.06 21.98 19.12 16.74 17.01 13.10 12.69 12.41 10.44 11.18 11.70 12.69 14.06 11.85 9.71 11.04 7.93 7.56 6.17 6.02 3.87 2.12 2.79 4.76 6.36 6.38 5.33 4.05 3.23 3.50 1.64 2.26 3.45 4.09 3.19
4.67 0.00 8.10 9.27 9.86 18.25 18.18 18.76 17.81 15.40 12.78 12.56 12.05 7.66 12.56 7.96 4.16 7.30 7.30 6.42 6.13 5.91 3.50 1.97 2.04 2.99 3.43 3.87 4.53 5.18 2.04 1.31 1.68 7.66 7.45 2.92 7.66 0.00 0.00 6.64 8.98 9.34 15.84 15.84 17.89 21.32 23.73 21.61 15.91 14.38 14.22 8.81 9.79 10.55 6.43 7.52 10.82 8.97 11.26 11.89 12.69 12.48 15.70 14.30 10.59 7.48 5.84 3.14 3.10 0.51 1.46 2.80 3.14 6.46 5.69 5.84 3.63 1.24 0.58 0.71 0.00 2.77 1.79 2.10
7.08 5.62 10.37 11.46 14.09 17.96 21.68 20.44 17.59 15.62 16.06 20.37 19.20 15.55 18.03 12.05 7.81 6.57 6.57 4.96 6.57 2.41 1.53 0.80 1.46 1.61 2.56 2.70 3.43 2.04 1.97 3.21 3.72 3.87 4.16 3.58 4.53 7.37 2.26 3.36 6.57 4.60 10.80 10.80 12.63 13.94 15.62 18.76 10.16 10.42 9.26 5.35 6.06 5.89 5.96 8.10 7.70 6.55 11.41 10.00 13.20 12.18 13.61 12.49 11.68 8.61 6.09 2.94 2.89 0.80 1.24 1.52 4.13 5.50 5.28 2.85 0.66 0.07 0.00 0.00 0.00 0.99 1.86 2.74
6.72 9.20 11.97 8.76 13.21 13.29 22.27 17.74 17.37 15.33 16.79 18.91 21.61 20.88 13.72 15.11 10.44 4.96 4.96 4.67 1.61 0.51 0.44 0.73 0.80 0.51 0.00 1.10 1.90 1.53 1.68 0.51 1.10 1.75 3.21 4.82 2.63 1.90 0.00 1.68 2.48 0.66 7.52 7.52 3.07 4.38 9.13 6.19 7.14 8.66 6.50 5.77 5.50 5.11 6.21 4.13 5.16 4.12 9.00 7.04 11.54 11.62 12.70 12.34 9.27 7.23 5.66 3.74 4.16 0.48 0.52 0.09 1.87 4.16 5.91 3.83 1.31 0.15 0.00 0.00 0.00 1.36 2.55 1.72
6.86 8.40 9.64 3.43 8.83 15.99 17.81 20.03 15.77 15.55 17.37 15.91 16.06 19.56 12.05 8.76 5.84 4.82 4.82 1.83 1.61 0.15 1.17 0.00 0.00 0.00 0.00 0.22 1.46 1.02 0.22 0.00 0.66 1.31 1.68 1.39 0.80 0.22 0.00 0.00 0.07 0.00 2.19 2.19 1.02 1.90 2.92 7.63 6.50 5.40 6.08 5.69 5.92 6.23 3.95 4.01 3.24 5.86 5.81 9.43 12.97 12.50 12.33 12.41 7.59 5.41 5.45 3.22 3.10 1.24 0.00 0.00 1.03 1.92 4.82 2.92 0.82 0.15 0.00 0.00 0.00 1.18 1.71 2.70
4.96 4.45 0.00 2.70 3.72 10.00 14.89 15.84 17.59 16.64 16.43 10.51 10.73 4.74 5.55 6.94 2.63 3.72 3.72 0.95 1.24 0.88 0.73 0.00 0.00 0.00 0.00 0.15 0.58 0.51 0.00 0.00 0.00 0.00 0.73 0.07 0.37 0.00 0.00 0.00 0.00 0.00 0.00 0.00 0.00 1.24 7.37 5.84 6.35 6.35 4.67 4.97 5.07 4.21 4.43 4.06 4.02 4.76 6.90 8.67 9.38 10.58 14.29 14.05 8.36 5.42 6.23 2.97 2.99 0.85 0.81 0.00 0.00 2.31 2.23 2.55 1.42 0.59 0.00 0.00 0.00 0.74 1.71 2.84
0.00 0.00 0.00 0.00 0.00 6.64 13.58 18.40 18.83 19.64 9.71 7.15 7.37 0.00 0.00 2.56 1.46 1.53 1.53 1.02 0.73 0.37 0.00 0.00 0.00 0.00 0.00 0.00 0.07 0.00 0.00 0.00 0.00 0.00 0.00 0.07 0.00 0.00 0.00 0.00 0.00 0.00 0.00 0.00 0.81 4.09 4.62 2.99 4.08 5.12 3.17 4.11 6.20 4.54 3.95 3.50 2.22 5.48 5.06 7.56 9.17 13.32 13.71 11.82 10.78 9.85 8.46 4.08 4.77 2.78 2.01 0.22 0.18 1.23 1.07 1.00 0.65 0.00 0.00 0.00 0.00 0.38 1.38 2.22
0.00 0.00 0.00 0.00 0.00 4.23 8.69 10.80 19.27 17.89 8.98 7.96 5.40 5.26 2.48 0.66 4.16 2.04 2.04 0.00 0.00 0.00 0.00 0.00 0.00 0.00 0.00 0.00 0.00 0.00 0.00 0.00 0.00 0.00 0.00 0.00 0.00 0.00 0.00 0.00 0.00 0.00 0.00 0.00 0.58 1.24 3.23 2.21 2.69 3.71 3.35 3.45 3.31 4.06 5.99 7.56 0.00 0.00 4.47 10.95 7.48 11.02 12.49 11.11 13.48 12.36 11.77 5.25 5.88 5.56 3.97 2.26 0.00 0.00 0.00 0.00 0.17 0.00 0.00 0.00 0.00 0.56 1.55 0.41
0.00 0.00 0.00 0.00 0.00 3.07 4.16 8.83 10.22 6.13 7.15 8.25 8.03 7.52 6.94 4.67 3.91 0.00 0.00 0.00 0.00 0.00 0.37 0.00 0.00 0.00 0.00 0.00 0.00 0.00 0.00 0.00 0.00 0.00 0.00 0.29 0.22 0.00 0.00 0.00 0.00 0.00 1.24 1.24 0.00 0.07 2.19 1.20 1.53 3.49 5.62 4.40 4.47 3.81 3.46 0.00 0.00 0.00 0.00 7.02 6.13 12.11 8.74 8.98 13.98 11.77 14.39 7.26 7.42 7.67 6.29 3.06 0.88 0.00 0.00 0.09 0.39 0.00 0.00 0.00 0.00 0.00 0.00 0.00
0.00 0.00 0.00 0.00 0.00 0.00 0.00 3.21 7.74 1.75 4.31 8.61 8.54 9.13 8.32 7.34 7.45 0.00 0.00 1.90 0.37 0.51 1.97 0.37 0.00 0.00 0.00 0.00 0.00 0.00 0.00 0.00 0.00 0.15 0.00 1.10 0.73 0.00 0.00 0.00 2.92 0.66 2.99 2.99 3.94 1.39 2.13 2.70 3.24 4.61 5.80 6.23 0.00 0.00 0.00 0.00 0.00 0.00 0.00 0.00 6.91 10.22 6.75 9.04 14.01 16.31 10.66 7.81 9.54 5.88 6.83 3.26 2.88 0.50 0.00 0.00 1.20 0.84 0.00 0.00 0.00 0.00 0.00 0.00
0.00 0.00 0.00 0.00 0.00 0.00 0.00 0.00 0.00 0.00 0.00 0.00 0.00 0.00 2.41 0.00 6.13 3.97 4.04 6.13 8.54 5.84 6.72 2.70 1.97 2.34 1.61 1.10 2.26 0.00 2.04 1.17 1.68 1.02 2.26 3.07 2.63 4.23 4.45 8.88 11.21 10.03 10.22 10.22 8.91 9.20 6.64 5.72 4.70 0.00 0.00 0.00 0.00 0.00 0.00 0.00 0.00 0.00 0.00 0.00 0.00 4.66 0.00 6.24 11.16 9.16 9.34 7.04 7.87 4.93 3.19 4.37 1.50 0.00 0.00 0.41 0.24 0.00 0.00 0.00 0.00 0.00 0.00 0.00
0.00 0.00 0.00 0.00 0.00 0.00 0.00 0.00 0.00 0.00 0.00 0.00 0.00 0.00 0.00 0.00 2.34 4.45 4.45 3.43 3.39 5.45 6.06 5.55 3.58 3.81 3.14 4.74 3.14 1.83 0.00 3.14 1.02 2.63 2.41 5.33 8.54 8.54 8.61 7.81 12.25 10.76 12.12 13.54 11.32 9.05 8.10 6.36 0.00 0.00 0.00 0.00 0.00 0.00 0.00 0.00 0.00 0.00 0.00 0.00 0.00 0.00 0.00 0.00 7.55 5.88 4.50 4.09 4.09 0.00 0.00 2.86 0.56 0.00 0.00 0.00 0.00 0.00 0.00 0.00 0.00 0.00 0.00 0.00
0.00 0.00 0.00 0.00 0.00 0.00 0.00 0.00 0.00 0.00 0.00 0.00 0.00 0.00 0.00 0.00 0.00 0.00 0.00 0.00 0.00 0.00 2.63 4.89 1.02 4.33 4.10 5.11 4.16 3.58 3.65 1.90 2.52 0.80 2.77 3.33 5.33 7.52 7.23 2.12 5.83 5.99 9.53 12.10 13.04 10.83 3.91 1.35 0.00 0.00 0.00 0.00 0.00 0.00 0.00 0.00 0.00 0.00 0.00 0.00 0.00 0.00 0.00 0.00 0.00 0.00 0.00 0.00 0.00 0.00 0.00 0.00 0.00 0.00 0.00 0.00 0.00 0.00 0.00 0.00 0.00 0.00 0.00 0.00
0.00 0.00 0.00 0.00 0.00 0.00 0.00 0.00 0.00 0.00 0.00 0.00 0.00 0.00 0.00 0.00 0.00 0.00 0.00 0.00 0.00 0.00 0.00 0.51 0.00 0.00 3.94 0.00 3.80 3.29 0.80 2.56 1.48 0.00 0.00 2.46 0.00 1.68 4.74 0.00 0.00 0.00 3.40 3.89 7.76 3.57 0.00 0.00 0.00 0.00 0.00 0.00 0.00 0.00 0.00 0.00 0.00 0.00 0.00 0.00 0.00 0.00 0.00 0.00 0.00 0.00 0.00 0.00 0.00 0.00 0.00 0.00 0.00 0.00 0.00 0.00 0.00 0.00 0.00 0.00 0.00 0.00 0.00 0.00
