Wansh/Snow_depth/snowdepth-1996/winter/1996355.txt
ncols 321
nrows 161
xllcenter 60
yllcenter 15 
cellsize  0.25 
NODATA_value -1
[rows 0 to 36 of 161, columns 0 to 83 of 321]
0.00 0.00 0.80 0.66 0.73 0.00 0.00 1.24 1.39 1.39 0.58 1.46 1.61 1.24 1.10 1.02 1.46 1.68 1.53 1.90 2.56 2.48 2.26 1.68 1.68 1.90 1.90 2.04 0.00 0.00 0.00 0.00 0.00 0.00 0.00 4.02 5.26 5.26 5.91 7.23 7.08 6.72 5.91 6.20 6.86 7.08 6.13 7.30 7.01 8.47 8.32 8.32 8.47 7.30 7.52 7.96 7.74 7.74 7.15 7.59 7.59 7.66 8.32 8.10 8.61 7.45 6.42 6.64 5.69 4.60 4.74 4.96 7.37 8.61 10.07 10.07 10.07 11.97 12.19 10.95 10.95 10.95 14.45 13.58
2.04 2.04 1.61 2.04 3.58 3.21 2.04 3.14 3.65 2.19 2.92 1.39 1.39 1.02 0.51 1.53 1.17 1.68 1.97 1.83 2.34 2.04 2.26 1.31 1.61 0.00 0.00 0.00 0.00 2.77 2.63 0.00 0.00 0.00 0.00 5.62 5.55 6.72 6.42 7.66 6.06 6.28 5.69 5.33 5.40 6.06 7.01 6.86 7.74 9.93 9.93 9.93 10.29 10.15 10.29 10.22 10.44 10.00 9.71 9.93 9.05 8.47 8.61 8.47 7.66 7.96 7.96 6.57 5.04 4.45 4.09 3.94 7.66 8.32 10.51 9.78 9.78 12.78 13.65 12.63 13.29 13.07 13.80 11.75
4.02 4.02 4.89 4.53 3.87 3.80 4.45 3.80 3.21 3.36 0.00 0.00 0.00 0.00 0.00 0.37 0.44 0.58 1.31 2.04 2.19 0.00 0.00 1.61 2.34 2.63 2.63 3.14 2.56 2.70 2.77 3.72 3.58 0.00 0.00 4.74 6.20 5.77 7.37 5.40 5.91 4.16 4.60 4.16 5.33 5.18 6.72 7.08 7.23 8.83 9.71 9.71 9.42 10.73 10.29 11.02 11.10 12.41 12.05 11.61 9.71 9.86 7.66 7.59 8.03 7.52 8.32 8.03 5.55 5.84 7.01 7.08 8.32 9.86 12.41 11.90 11.90 11.61 11.83 12.41 11.83 10.00 9.93 10.07
4.02 4.02 4.89 4.53 3.87 3.80 4.45 3.80 3.21 3.36 0.00 0.00 0.00 0.00 0.00 0.37 0.44 0.58 1.31 2.04 2.19 0.00 0.00 1.61 2.34 2.63 2.63 3.14 2.56 2.70 2.77 3.72 3.58 0.00 0.00 4.74 6.20 5.77 7.37 5.40 5.91 4.16 4.60 4.16 5.33 5.18 6.72 7.08 7.23 8.83 9.71 9.71 9.42 10.73 10.29 11.02 11.10 12.41 12.05 11.61 9.71 9.86 7.66 7.59 8.03 7.52 8.32 8.03 5.55 5.84 7.01 7.08 8.32 9.86 12.41 11.90 11.90 11.61 11.83 12.41 11.83 10.00 9.93 10.07
3.80 3.80 4.23 4.31 4.23 4.74 5.04 5.04 3.58 4.31 0.00 0.00 3.14 0.00 0.00 0.00 0.00 1.61 1.61 0.00 0.00 0.00 0.00 3.36 2.41 2.41 2.41 1.83 2.12 2.63 2.70 4.23 4.31 4.02 4.60 0.00 0.00 0.00 0.00 0.00 0.00 4.89 0.00 3.72 0.00 4.82 5.62 4.89 6.42 5.69 6.57 6.57 7.23 9.71 9.42 11.32 12.56 12.41 12.05 10.80 10.44 9.34 9.71 8.69 8.76 8.69 10.51 9.93 9.05 6.94 8.47 9.13 9.56 12.92 10.66 11.97 11.97 11.32 12.48 12.56 12.05 10.00 9.20 10.29
3.72 3.72 5.04 5.40 6.28 6.64 5.18 4.45 4.67 4.16 3.94 2.92 0.00 3.87 0.00 0.00 3.94 0.00 0.00 0.00 5.48 3.43 3.50 5.18 6.06 6.42 6.42 2.70 3.36 3.21 4.60 7.59 6.79 5.55 5.33 5.18 5.33 0.00 6.20 7.74 7.66 7.66 7.30 7.52 7.96 5.77 5.18 5.84 5.91 5.18 5.69 5.69 6.06 5.26 8.47 9.56 9.56 12.70 12.26 12.99 9.78 9.05 10.59 10.15 10.51 11.32 13.07 13.14 11.75 10.29 12.34 10.80 10.44 10.88 12.19 11.97 11.97 12.34 12.34 12.34 12.05 12.48 11.61 11.10
5.48 5.48 4.53 5.91 7.23 5.91 6.13 5.33 5.91 4.53 4.23 0.00 4.16 4.45 5.55 2.85 4.89 7.74 7.88 7.66 8.40 8.91 9.20 7.45 7.15 7.96 7.96 8.69 9.93 11.24 6.64 9.34 10.15 9.86 10.15 9.93 9.78 8.03 7.81 9.13 9.49 9.56 9.34 9.42 9.42 9.64 8.61 9.05 6.57 5.33 5.69 5.69 4.09 6.64 5.77 8.47 9.13 12.12 11.53 13.51 10.37 11.24 9.56 10.88 12.26 12.41 12.26 13.07 14.53 12.99 12.56 10.51 10.51 10.59 10.95 11.83 11.83 12.48 9.78 9.86 9.49 11.32 11.53 7.45
5.48 5.48 4.53 5.91 7.23 5.91 6.13 5.33 5.91 4.53 4.23 0.00 4.16 4.45 5.55 2.85 4.89 7.74 7.88 7.66 8.40 8.91 9.20 7.45 7.15 7.96 7.96 8.69 9.93 11.24 6.64 9.34 10.15 9.86 10.15 9.93 9.78 8.03 7.81 9.13 9.49 9.56 9.34 9.42 9.42 9.64 8.61 9.05 6.57 5.33 5.69 5.69 4.09 6.64 5.77 8.47 9.13 12.12 11.53 13.51 10.37 11.24 9.56 10.88 12.26 12.41 12.26 13.07 14.53 12.99 12.56 10.51 10.51 10.59 10.95 11.83 11.83 12.48 9.78 9.86 9.49 11.32 11.53 7.45
6.28 6.28 6.72 6.35 7.45 6.57 6.50 6.72 5.33 3.72 4.60 3.21 4.02 3.58 5.91 8.25 8.25 9.05 10.07 10.51 9.05 9.56 9.64 10.29 10.22 10.29 10.29 11.17 10.73 12.12 13.21 12.41 11.32 11.39 11.32 11.61 12.12 11.90 12.92 11.83 12.26 10.22 11.97 11.46 12.78 12.05 10.73 11.02 9.34 9.86 7.88 7.88 5.33 5.91 5.04 9.05 8.61 10.59 13.36 13.51 12.63 12.48 10.37 12.05 9.93 10.37 10.51 11.68 10.73 12.56 10.07 9.49 7.37 8.83 7.15 7.15 7.15 6.79 6.64 7.81 4.02 4.02 3.80 4.02
6.72 6.72 7.15 7.45 7.59 7.45 7.37 5.40 5.11 4.74 5.04 3.36 4.82 8.83 5.99 8.91 9.86 10.22 10.80 10.44 10.51 11.10 10.80 10.66 11.83 12.34 12.34 12.26 12.12 11.97 12.78 13.80 13.80 12.99 12.70 12.12 13.07 13.43 13.51 12.34 10.37 10.73 11.83 13.29 13.36 12.99 12.05 12.63 11.02 9.05 9.42 9.42 7.81 5.18 4.09 5.77 5.77 6.35 11.32 9.78 12.99 9.34 7.45 8.32 8.91 6.13 7.15 8.32 5.18 8.54 4.31 3.29 7.23 6.72 6.06 4.74 4.74 5.99 0.00 5.62 4.60 4.16 5.48 4.09
6.50 6.50 6.57 6.42 7.23 7.01 7.08 6.42 7.74 5.48 6.72 9.13 6.06 8.98 9.42 9.78 10.44 9.71 9.71 10.15 10.88 10.88 11.83 11.53 11.32 12.05 12.05 13.65 13.36 15.11 14.38 13.94 13.87 13.87 12.70 11.97 13.36 13.21 14.02 13.07 13.36 12.70 13.94 13.80 14.82 15.55 15.84 13.72 10.73 11.46 7.37 7.37 5.91 4.16 4.38 4.23 2.70 3.36 2.92 6.64 8.69 5.40 5.18 5.33 4.82 4.31 4.23 3.36 4.38 0.00 0.00 0.00 6.72 6.94 0.00 6.57 6.57 7.08 0.00 6.79 6.28 6.79 5.91 4.45
6.50 6.50 6.57 6.42 7.23 7.01 7.08 6.42 7.74 5.48 6.72 9.13 6.06 8.98 9.42 9.78 10.44 9.71 9.71 10.15 10.88 10.88 11.83 11.53 11.32 12.05 12.05 13.65 13.36 15.11 14.38 13.94 13.87 13.87 12.70 11.97 13.36 13.21 14.02 13.07 13.36 12.70 13.94 13.80 14.82 15.55 15.84 13.72 10.73 11.46 7.37 7.37 5.91 4.16 4.38 4.23 2.70 3.36 2.92 6.64 8.69 5.40 5.18 5.33 4.82 4.31 4.23 3.36 4.38 0.00 0.00 0.00 6.72 6.94 0.00 6.57 6.57 7.08 0.00 6.79 6.28 6.79 5.91 4.45
6.50 6.50 6.79 6.72 7.74 7.66 7.74 8.61 8.47 9.20 8.54 9.56 9.34 9.78 9.64 10.73 10.80 9.13 11.02 11.17 12.85 12.41 12.70 12.19 13.87 12.34 12.34 14.97 15.77 15.70 14.31 14.02 14.09 13.21 13.29 12.26 13.65 13.80 13.87 13.43 12.92 13.14 13.14 14.45 14.31 15.33 14.45 14.97 12.05 7.45 5.26 5.26 5.11 3.87 2.34 0.00 0.00 2.99 0.00 3.72 4.60 4.23 4.96 5.18 4.02 5.33 3.94 4.38 0.00 5.91 0.00 0.00 4.89 6.20 5.91 6.79 6.79 3.65 3.94 4.67 7.30 0.00 3.36 3.50
6.42 6.42 7.59 8.10 8.25 8.18 9.20 8.98 8.32 8.91 8.47 9.56 8.54 7.88 9.42 10.88 10.59 10.80 12.12 13.21 12.92 15.62 13.94 14.09 13.72 15.55 15.55 14.89 15.18 14.82 14.89 14.24 13.51 13.51 13.58 13.21 12.85 12.26 11.39 11.46 11.46 11.10 10.95 13.36 11.75 11.17 11.39 9.86 7.66 5.55 5.69 5.69 5.11 3.14 3.36 0.00 2.56 3.58 4.53 4.09 4.74 5.33 5.55 4.96 7.23 5.77 4.23 0.00 0.00 0.00 0.00 0.00 4.67 3.29 2.56 4.02 4.02 4.82 4.53 4.74 2.99 1.24 2.56 3.29
7.15 7.15 7.01 8.91 7.74 7.59 8.18 7.23 8.47 8.47 7.08 7.30 7.81 7.23 7.23 9.78 10.29 10.80 10.88 13.14 15.48 15.33 14.53 14.02 14.53 15.18 15.18 14.16 14.24 11.32 8.69 8.83 12.56 11.24 11.17 11.10 10.88 8.69 8.76 9.05 9.56 9.42 8.91 9.78 9.78 9.71 8.83 9.34 7.66 6.28 8.69 8.69 7.66 7.96 3.87 2.12 1.46 1.75 1.83 4.38 2.77 3.94 4.31 2.85 5.04 3.72 0.00 4.31 0.00 0.00 0.00 0.00 4.38 5.18 1.75 3.58 3.58 2.56 2.70 1.83 2.04 1.68 2.34 3.50
5.77 5.77 6.28 6.50 6.06 4.82 5.18 5.84 4.53 5.91 6.13 5.48 6.72 6.86 6.64 7.59 7.66 9.64 9.49 8.83 8.47 12.63 12.63 11.97 8.61 6.42 6.42 11.39 8.69 6.72 6.79 6.28 6.20 5.48 4.67 4.09 4.23 4.09 4.82 6.94 7.74 6.13 5.62 7.23 5.33 5.48 6.13 5.99 7.81 9.34 9.13 9.13 9.78 7.30 3.14 0.88 0.88 1.17 2.48 2.26 2.85 1.83 2.19 2.70 3.43 2.04 1.24 1.39 1.83 1.53 1.68 1.17 5.18 0.00 2.34 2.12 2.12 2.56 2.41 2.85 2.41 3.50 3.21 3.50
5.77 5.77 6.28 6.50 6.06 4.82 5.18 5.84 4.53 5.91 6.13 5.48 6.72 6.86 6.64 7.59 7.66 9.64 9.49 8.83 8.47 12.63 12.63 11.97 8.61 6.42 6.42 11.39 8.69 6.72 6.79 6.28 6.20 5.48 4.67 4.09 4.23 4.09 4.82 6.94 7.74 6.13 5.62 7.23 5.33 5.48 6.13 5.99 7.81 9.34 9.13 9.13 9.78 7.30 3.14 0.88 0.88 1.17 2.48 2.26 2.85 1.83 2.19 2.70 3.43 2.04 1.24 1.39 1.83 1.53 1.68 1.17 5.18 0.00 2.34 2.12 2.12 2.56 2.41 2.85 2.41 3.50 3.21 3.50
6.79 6.79 6.50 6.28 6.28 4.53 4.53 5.04 4.45 5.77 5.69 5.77 6.06 4.53 5.84 6.35 4.45 8.61 6.79 5.84 0.00 0.00 7.30 5.84 6.13 4.02 4.02 0.00 0.00 2.92 0.00 4.82 4.09 3.50 3.50 0.00 2.63 2.19 3.21 4.23 5.84 5.48 6.06 5.40 5.62 4.89 5.84 4.82 7.01 6.20 10.00 10.00 9.20 10.07 4.96 2.63 3.65 3.29 3.58 2.70 3.29 2.56 1.68 1.24 0.66 0.44 0.00 1.17 0.00 0.51 0.44 0.00 2.56 3.50 2.63 3.65 3.65 2.12 2.04 1.90 1.90 3.07 2.34 3.80
7.52 7.52 6.94 6.13 4.89 5.18 5.04 5.04 5.55 5.91 4.74 5.99 6.42 2.77 0.00 4.31 0.00 0.66 0.00 0.00 0.00 0.00 0.00 0.00 0.00 0.00 0.00 0.00 0.00 0.00 2.41 2.99 2.99 0.00 0.80 0.00 0.00 0.00 2.56 2.26 4.89 5.84 6.42 6.50 5.48 5.04 4.96 5.11 5.48 8.47 7.88 7.88 9.34 5.18 4.96 5.40 6.72 4.82 4.60 3.50 3.29 1.83 2.19 1.02 1.53 0.00 0.00 0.80 0.00 0.00 0.58 1.75 2.77 1.53 1.10 1.39 1.39 1.02 0.29 0.80 1.83 1.46 2.12 3.14
5.40 5.40 5.48 3.72 4.31 1.53 2.56 3.14 1.17 3.50 3.50 1.83 1.46 1.83 0.00 0.00 0.00 0.00 0.00 0.00 0.00 0.00 0.00 0.00 0.00 0.00 0.00 0.00 0.00 0.00 0.00 2.99 2.63 0.00 0.00 0.00 0.00 0.00 0.00 5.04 6.50 6.06 6.86 6.20 6.35 5.84 5.55 5.04 2.63 2.77 3.21 3.21 3.87 1.90 3.43 5.11 6.50 7.01 5.33 3.29 2.99 2.70 4.02 2.77 3.29 2.19 0.29 0.73 0.44 0.95 0.58 0.29 0.00 0.00 0.37 1.17 1.17 0.80 1.97 1.10 1.24 1.39 1.46 1.53
3.58 3.58 0.22 0.00 2.12 0.00 0.00 0.00 0.00 1.83 0.00 0.00 0.00 0.00 0.00 0.00 0.00 0.00 0.00 0.00 0.00 0.00 0.00 0.00 0.00 0.00 0.00 1.39 0.00 0.00 2.63 1.46 0.00 1.31 0.00 0.07 0.00 0.00 0.00 4.31 6.57 6.20 6.50 7.37 6.42 7.37 6.42 6.72 4.45 2.99 1.68 1.68 1.17 0.95 1.46 3.43 3.07 4.45 2.92 4.31 4.02 5.84 5.55 5.04 3.87 2.04 1.46 1.39 1.02 1.17 1.68 0.80 0.00 0.07 0.95 1.97 1.97 1.61 2.77 2.48 3.87 3.80 2.04 1.83
0.00 0.00 0.00 0.00 0.00 0.00 0.00 0.00 0.00 0.00 0.00 0.00 0.00 0.00 0.00 0.00 0.00 0.00 0.00 0.00 0.00 0.00 0.00 0.00 0.00 0.00 0.00 1.68 1.68 1.97 1.90 1.31 0.37 0.29 0.00 0.73 0.80 0.80 1.83 4.02 4.23 5.04 5.99 6.06 5.99 5.99 6.50 3.43 2.56 1.97 1.90 1.90 1.68 0.66 1.39 1.24 1.61 1.75 2.19 3.72 2.34 2.34 3.58 3.14 2.41 2.04 1.46 1.75 2.12 1.68 1.31 0.73 2.41 2.26 2.04 2.77 2.77 3.72 3.94 3.72 3.80 2.99 1.90 1.61
0.00 0.00 0.00 0.00 0.00 0.00 0.00 0.00 0.00 0.00 0.00 0.00 0.00 0.00 0.00 0.00 0.00 0.00 0.00 0.00 0.00 0.00 0.00 0.00 0.00 0.00 0.00 1.68 1.68 1.97 1.90 1.31 0.37 0.29 0.00 0.73 0.80 0.80 1.83 4.02 4.23 5.04 5.99 6.06 5.99 5.99 6.50 3.43 2.56 1.97 1.90 1.90 1.68 0.66 1.39 1.24 1.61 1.75 2.19 3.72 2.34 2.34 3.58 3.14 2.41 2.04 1.46 1.75 2.12 1.68 1.31 0.73 2.41 2.26 2.04 2.77 2.77 3.72 3.94 3.72 3.80 2.99 1.90 1.61
0.00 0.00 0.00 0.00 0.00 0.00 0.00 0.00 0.00 0.00 0.00 0.00 0.00 0.00 0.00 0.00 0.00 0.00 0.00 0.00 0.00 0.00 0.00 0.00 0.00 0.07 0.07 1.68 1.46 2.19 1.46 1.90 0.00 0.00 0.00 0.00 0.58 1.10 1.02 2.77 3.43 3.14 3.72 4.02 3.14 2.99 2.34 2.19 1.90 1.17 0.58 0.58 0.73 0.88 0.73 0.73 1.39 1.31 1.10 0.37 1.46 1.17 0.66 1.68 2.04 1.24 1.61 1.68 3.29 1.83 2.19 1.24 2.70 2.48 3.50 4.23 4.23 4.38 2.77 3.07 3.07 2.70 3.07 1.02
0.00 0.00 0.00 0.00 0.00 0.00 0.00 0.00 0.00 0.00 0.00 0.00 0.00 0.00 0.00 0.00 0.00 0.00 0.00 0.00 0.00 0.00 0.00 0.00 0.00 0.00 0.00 1.31 1.53 1.75 0.66 0.44 0.00 0.00 0.00 0.73 0.00 0.51 1.39 2.12 2.92 2.56 3.94 3.14 2.70 2.63 2.56 2.04 1.31 0.51 0.80 0.80 0.88 0.80 0.44 0.88 0.95 1.17 1.10 1.10 0.51 1.39 2.19 2.26 2.41 2.99 4.67 3.80 4.16 3.43 3.94 3.87 4.60 5.26 4.16 4.53 4.53 4.31 3.87 5.26 4.38 4.09 3.07 2.04
0.00 0.00 0.00 0.00 0.00 0.00 0.00 0.00 0.00 0.00 0.00 0.00 0.00 0.00 0.00 0.00 0.00 0.00 0.00 0.00 0.00 0.00 0.00 0.00 0.00 0.29 0.29 0.00 1.39 1.02 1.17 1.10 0.00 0.15 0.00 1.39 1.17 0.00 0.00 1.46 2.19 4.02 3.87 3.65 2.63 2.48 2.48 2.56 1.24 0.15 0.95 0.95 0.95 0.73 0.37 0.66 1.17 2.04 2.56 2.63 1.90 1.75 1.75 2.56 2.56 2.26 3.29 3.50 3.21 4.09 4.82 3.50 4.53 4.60 4.53 4.45 4.45 4.96 4.38 4.60 5.69 4.96 3.36 4.31
0.00 0.00 0.00 0.00 0.00 0.00 0.00 0.00 0.00 0.00 0.00 0.00 0.00 0.00 0.00 0.00 0.00 0.00 0.00 0.00 0.00 0.00 0.00 0.00 0.00 0.00 0.00 0.80 1.39 1.83 0.22 0.00 0.00 0.37 1.46 1.24 1.75 1.17 0.00 0.00 0.00 0.00 2.99 2.56 2.56 2.19 2.56 0.95 0.29 0.15 0.29 0.29 0.73 0.15 0.29 0.44 0.37 2.48 0.88 0.58 1.17 1.10 0.88 0.73 1.10 0.88 1.97 1.97 2.99 2.04 2.34 3.21 3.65 2.77 2.04 2.04 2.04 2.41 3.29 4.23 4.53 4.38 4.02 3.80
0.00 0.00 0.00 0.00 0.00 0.00 0.00 0.00 0.00 0.00 0.00 0.00 0.00 0.00 0.00 0.00 0.00 0.00 0.00 0.00 0.00 0.00 0.00 0.00 0.00 0.00 0.00 0.22 0.00 0.00 0.00 0.00 0.00 0.00 0.00 0.73 0.00 0.00 0.00 0.00 0.00 1.31 0.88 1.97 1.31 1.61 1.53 0.66 0.22 0.00 0.00 0.00 0.44 0.22 0.29 1.10 0.73 0.00 0.51 0.00 0.00 0.00 0.00 0.00 0.58 0.95 2.56 2.04 3.07 2.04 2.70 3.43 3.21 1.53 1.97 1.68 1.68 1.39 1.39 3.21 4.53 3.72 3.58 2.48
0.00 0.00 0.00 0.00 0.00 0.00 0.00 0.00 0.00 0.00 0.00 0.00 0.00 0.00 0.00 0.00 0.00 0.00 0.00 0.00 0.00 0.00 0.00 0.00 0.00 0.00 0.00 0.22 0.00 0.00 0.00 0.00 0.00 0.00 0.00 0.73 0.00 0.00 0.00 0.00 0.00 1.31 0.88 1.97 1.31 1.61 1.53 0.66 0.22 0.00 0.00 0.00 0.44 0.22 0.29 1.10 0.73 0.00 0.51 0.00 0.00 0.00 0.00 0.00 0.58 0.95 2.56 2.04 3.07 2.04 2.70 3.43 3.21 1.53 1.97 1.68 1.68 1.39 1.39 3.21 4.53 3.72 3.58 2.48
0.00 0.00 0.00 0.00 0.00 0.00 0.00 0.00 0.00 0.00 0.00 0.00 0.00 0.00 0.00 0.00 0.00 0.00 0.00 0.00 0.00 0.00 0.00 0.00 0.00 0.00 0.00 0.00 0.00 0.00 0.00 0.00 0.00 0.00 0.00 0.00 0.00 0.00 0.00 0.00 0.00 0.00 0.73 1.02 0.66 0.00 0.00 0.15 0.00 0.07 0.37 0.37 0.29 0.37 0.80 0.29 0.15 0.00 0.00 0.00 0.00 0.00 0.22 0.00 0.15 1.46 1.83 1.02 3.29 3.58 2.19 2.26 2.34 2.26 2.34 1.24 1.24 1.24 1.02 1.02 0.00 2.26 0.73 0.00
0.00 0.00 0.00 0.00 0.00 0.00 0.00 0.00 0.00 0.00 0.00 0.00 0.00 0.00 0.00 0.00 0.00 0.00 0.00 0.00 0.00 0.00 0.00 0.00 0.00 0.00 0.00 0.00 0.00 0.00 0.00 0.00 0.00 0.00 0.00 0.00 0.00 0.00 0.00 0.00 0.00 0.00 0.00 0.00 0.00 0.00 0.00 0.44 0.00 0.00 0.44 0.44 1.02 0.37 0.15 0.00 0.00 0.00 0.00 0.00 0.00 0.00 0.00 0.00 0.07 0.00 0.00 0.00 1.53 0.88 1.83 2.12 2.26 0.15 0.00 1.10 1.10 0.95 0.22 0.00 0.00 0.00 0.00 0.00
0.00 0.00 0.00 0.00 0.00 0.00 0.00 0.00 0.00 0.00 0.00 0.00 0.00 0.00 0.00 0.00 0.00 0.00 0.00 0.00 0.00 0.00 0.00 0.00 0.00 0.00 0.00 0.00 0.00 0.00 0.00 0.00 0.00 0.00 0.00 0.00 0.00 0.00 0.00 0.00 0.00 0.00 0.00 0.00 0.00 0.00 0.07 0.00 0.00 0.51 0.00 0.00 0.07 0.00 0.00 0.00 0.00 0.00 0.00 0.00 0.00 0.00 0.00 0.00 0.00 0.00 0.00 0.00 0.66 0.95 0.51 1.31 0.00 0.00 0.00 0.00 0.00 0.00 0.00 0.00 0.00 0.00 0.00 0.00
0.00 0.00 0.00 0.00 0.00 0.00 0.00 0.00 0.00 0.00 0.00 0.00 0.00 0.00 0.00 0.00 0.00 0.00 0.00 0.00 0.00 0.00 0.00 0.00 0.00 0.00 0.00 0.00 0.00 0.00 0.00 0.00 0.00 0.00 0.00 0.00 0.00 0.00 0.00 0.00 0.00 0.00 0.00 0.00 0.00 0.00 0.00 0.00 0.00 0.00 0.00 0.00 0.00 0.00 0.00 0.00 0.00 0.00 0.00 0.00 0.00 0.00 0.00 0.00 0.00 0.00 0.00 0.00 0.00 0.00 0.00 0.00 0.00 0.00 0.00 0.00 0.00 0.00 0.00 0.00 0.00 0.00 0.00 0.00
0.00 0.00 0.00 0.00 0.00 0.00 0.00 0.00 0.00 0.00 0.00 0.00 0.00 0.00 0.00 0.00 0.00 0.00 0.00 0.00 0.00 0.00 0.00 0.00 0.00 0.00 0.00 0.00 0.00 0.00 0.00 0.00 0.00 0.00 0.00 0.00 0.00 0.00 0.00 0.00 0.00 0.00 0.00 0.00 0.00 0.00 0.00 0.00 0.00 0.00 0.00 0.00 0.00 0.00 0.00 0.00 0.00 0.00 0.00 0.00 0.00 0.00 0.00 0.00 0.00 0.00 0.00 0.00 0.00 0.00 0.00 0.00 0.00 0.00 0.00 0.00 0.00 0.00 0.00 0.00 0.00 0.00 0.00 0.00
0.00 0.00 0.00 0.00 0.00 0.00 0.00 0.00 0.00 0.00 0.00 0.00 0.00 0.00 0.00 0.00 0.00 0.00 0.00 0.00 0.00 0.00 0.00 0.00 0.00 0.00 0.00 0.00 0.00 0.00 0.00 0.00 0.00 0.00 0.00 0.00 0.00 0.00 0.00 0.00 0.00 0.00 0.00 0.00 0.00 0.00 0.00 0.00 0.00 0.00 0.00 0.00 0.00 0.00 0.00 0.00 0.00 0.00 0.00 0.00 0.00 0.00 0.00 0.00 0.00 0.00 0.00 0.00 0.00 0.00 0.00 0.00 0.00 0.00 0.00 0.00 0.00 0.00 0.00 0.00 0.00 0.00 0.00 0.00
0.00 0.00 0.00 0.00 0.00 0.00 0.00 0.00 0.00 0.00 0.00 0.00 0.00 0.00 0.00 0.00 0.00 0.00 0.00 0.00 0.00 0.00 0.00 0.00 0.00 0.00 0.00 0.00 0.00 0.00 0.00 0.00 0.00 0.00 0.00 0.00 0.00 0.00 0.00 0.00 0.00 0.00 0.00 0.00 0.00 0.00 0.00 0.00 0.00 0.00 0.00 0.00 0.00 0.00 0.00 0.00 0.00 0.00 0.00 0.00 0.00 0.00 0.00 0.00 0.00 0.00 0.00 0.00 0.00 0.00 0.00 0.00 0.00 0.00 0.00 0.00 0.00 0.00 0.00 0.00 0.00 0.00 0.00 0.00
0.00 0.00 0.00 0.00 0.00 0.00 0.00 0.00 0.00 0.00 0.00 0.00 0.00 0.00 0.00 0.00 0.00 0.00 0.00 0.00 0.00 0.00 0.00 0.00 0.00 0.00 0.00 0.00 0.00 0.00 0.00 0.00 0.00 0.00 0.00 0.00 0.00 0.00 0.00 0.00 0.00 0.00 0.00 0.00 0.00 0.00 0.00 0.00 0.00 0.00 0.00 0.00 0.00 0.00 0.00 0.00 0.00 0.00 0.00 0.00 0.00 0.00 0.00 0.00 0.00 0.00 0.00 0.00 0.00 0.00 0.00 0.00 0.00 0.00 0.00 0.00 0.00 0.00 0.00 0.07 0.00 0.00 0.00 0.66
