Wansh/Snow_depth/snowdepth-1996/winter/1996348.txt
ncols 321
nrows 161
xllcenter 60
yllcenter 15 
cellsize  0.25 
NODATA_value -1
[rows 74 to 110 of 161, columns 84 to 167 of 321]
0.00 0.00 0.00 0.00 1.39 0.00 0.00 1.46 1.61 1.61 1.90 2.19 3.29 5.04 4.89 3.65 3.80 4.16 4.16 3.94 2.99 3.21 0.00 0.00 0.00 2.48 2.77 2.56 0.00 2.26 0.00 0.00 0.00 0.00 0.00 0.00 0.00 0.00 0.00 0.00 0.00 0.95 0.44 0.44 0.29 0.22 0.66 0.00 0.80 0.95 1.31 0.00 0.00 1.10 2.01 1.61 0.00 0.00 1.61 1.17 0.88 1.31 0.00 0.00 0.00 0.00 0.00 0.00 0.00 1.10 0.88 0.22 0.00 0.00 0.00 0.00 0.00 0.00 0.00 0.00 0.00 0.00 0.66 1.02
0.00 0.07 1.46 0.00 3.43 2.12 4.74 4.16 2.85 4.53 5.04 3.94 3.72 4.74 4.23 3.72 3.65 2.70 2.70 3.87 4.23 2.92 3.21 3.58 4.02 4.16 3.94 4.02 2.41 2.34 2.85 0.00 0.00 0.00 0.00 0.00 0.00 2.41 1.97 0.00 2.56 2.41 0.44 0.44 0.88 0.29 0.88 0.73 0.29 0.22 1.39 1.61 0.73 1.17 1.83 1.46 0.80 1.31 1.17 1.61 1.46 1.90 1.90 0.00 1.39 0.66 0.00 0.00 0.00 0.95 2.19 1.17 0.15 0.29 0.00 0.00 0.00 0.00 0.00 0.00 1.02 0.00 0.37 0.82
1.90 4.16 2.41 2.85 1.75 5.55 4.74 6.35 6.20 6.06 5.91 6.35 5.62 5.33 4.53 5.04 4.82 3.58 3.58 4.31 3.87 2.77 3.14 4.23 0.00 3.58 3.94 3.65 4.31 3.72 0.00 0.00 0.00 0.00 0.00 0.00 0.00 0.00 4.74 4.16 4.09 3.43 1.97 1.97 1.90 0.88 1.68 0.00 0.37 0.58 0.51 1.10 0.58 0.88 0.95 1.46 0.29 0.58 1.02 1.24 1.10 1.24 1.75 1.46 0.88 1.39 0.73 0.66 0.66 1.24 1.61 2.34 0.73 0.00 0.00 0.00 0.00 0.00 0.00 0.00 0.00 0.00 0.73 0.00
7.96 2.63 4.45 4.09 5.69 5.40 5.48 4.74 5.33 5.55 6.28 6.20 6.13 6.35 5.77 5.33 4.82 3.87 3.87 3.65 3.36 3.80 2.70 3.43 0.00 3.87 3.43 3.43 3.58 3.36 0.00 0.00 0.00 0.00 0.00 3.21 0.00 0.00 4.74 4.82 4.31 5.18 4.89 4.89 3.21 2.04 2.70 3.14 0.00 0.00 0.95 0.66 0.88 0.66 1.10 1.17 1.39 0.80 0.58 1.39 1.10 1.02 1.46 2.26 2.26 1.53 0.80 2.34 2.34 2.77 1.46 1.17 1.61 0.73 0.88 0.00 0.00 0.00 0.00 0.00 0.00 0.00 0.00 0.37
7.96 8.40 3.36 3.43 5.69 4.89 4.16 4.60 4.60 5.04 5.11 6.06 6.28 6.42 5.55 5.26 4.89 4.02 4.02 4.16 3.65 4.16 0.00 4.02 3.87 3.14 0.00 2.92 0.00 0.00 0.00 0.00 0.00 0.00 2.92 0.00 0.00 0.00 5.26 5.33 4.82 5.18 4.53 4.53 3.07 2.99 0.00 0.00 0.00 2.77 3.14 0.00 1.75 1.90 1.83 1.83 2.34 1.53 2.41 1.90 1.68 1.53 3.36 3.58 4.02 3.29 2.12 3.29 3.29 3.21 3.14 3.07 3.21 3.21 1.90 0.88 0.00 0.75 1.17 0.00 0.00 0.00 1.39 0.44
6.72 7.59 5.40 4.60 3.58 3.58 3.72 3.50 4.67 4.74 5.26 4.53 4.96 5.69 4.23 4.96 5.55 4.96 4.96 5.11 4.82 4.74 3.65 3.80 3.50 0.00 0.00 3.21 0.00 0.00 2.34 0.00 2.48 0.00 0.00 0.00 0.00 0.00 3.58 4.53 4.16 4.16 0.00 0.00 0.00 0.00 0.00 0.00 0.00 0.00 3.80 0.00 0.00 0.00 0.00 2.92 2.41 2.56 2.48 3.29 4.02 3.87 3.94 3.80 4.53 5.40 4.38 2.48 2.48 3.94 2.92 4.38 4.31 8.18 5.94 1.90 1.39 0.95 0.22 0.00 0.00 0.51 0.29 1.03
4.60 0.00 5.40 2.34 3.14 2.99 3.07 4.09 4.23 4.53 4.02 4.09 4.09 3.50 4.02 5.62 4.89 5.55 5.55 4.67 4.89 3.36 3.65 3.07 0.00 0.00 2.85 3.29 0.00 0.00 2.34 0.00 0.00 0.00 0.00 0.00 0.00 0.00 0.00 3.87 3.87 3.80 3.65 3.65 0.00 0.00 0.00 0.00 0.00 0.00 0.00 0.00 0.00 0.00 0.00 0.00 2.34 3.29 4.16 4.67 3.80 4.31 4.09 3.80 1.90 2.92 0.00 5.40 5.40 3.80 5.62 7.96 8.18 13.65 9.78 5.58 2.62 1.83 0.66 0.00 0.00 0.07 0.07 0.66
0.00 0.00 2.41 2.77 3.65 2.99 2.34 0.00 3.72 3.94 5.04 4.60 4.31 3.65 3.58 4.74 3.50 4.60 4.60 3.43 4.09 2.99 2.19 0.00 0.00 2.92 0.00 0.00 2.99 2.12 0.00 0.00 0.00 0.00 2.48 0.00 0.00 0.00 0.00 0.00 2.77 0.00 0.00 0.00 0.00 0.00 0.00 0.00 0.00 0.00 0.00 0.00 0.00 0.00 0.00 0.00 1.17 2.63 3.07 3.21 3.65 3.94 3.21 2.70 1.24 0.44 0.00 0.00 0.00 4.89 7.88 10.80 11.97 14.16 14.09 7.85 2.73 1.38 0.53 0.75 0.66 0.00 0.00 0.29
0.00 2.70 0.00 0.00 2.63 2.92 2.63 0.00 0.00 3.94 4.67 4.38 3.80 3.87 3.94 3.58 3.50 3.14 3.14 3.14 3.72 0.00 1.46 2.19 0.00 0.00 0.00 0.00 0.00 0.00 0.00 0.00 0.00 0.00 0.00 0.00 0.00 0.00 0.00 0.00 0.00 0.00 0.00 0.00 0.00 0.00 0.00 0.00 0.00 0.00 0.00 0.00 1.61 1.17 0.88 0.88 0.29 1.61 1.90 3.87 2.56 2.70 2.04 0.88 1.90 0.00 0.00 1.68 1.68 3.43 5.62 8.83 10.44 10.00 10.29 4.89 1.24 1.61 1.17 0.73 0.44 0.51 0.29 0.00
3.21 2.26 0.00 2.34 0.00 2.41 0.00 3.07 0.00 2.70 4.31 4.53 0.00 5.04 4.89 3.80 4.16 3.36 3.36 0.00 0.00 0.00 0.00 1.39 2.48 2.41 0.00 0.00 0.00 2.63 0.00 0.00 0.00 0.00 0.00 0.00 0.00 0.44 0.51 0.00 0.00 0.00 0.00 0.00 0.00 0.00 0.00 0.00 0.00 0.00 0.00 0.00 0.73 1.46 1.02 0.51 1.17 0.66 1.31 1.61 1.53 1.53 1.31 1.46 2.77 1.24 0.00 1.39 1.39 1.68 3.21 5.91 4.67 6.50 5.11 3.14 2.92 1.10 0.95 1.10 1.02 0.66 0.37 0.15
1.90 1.68 0.00 0.00 2.70 0.00 3.21 3.14 3.29 0.00 0.00 0.00 3.80 4.31 4.74 4.23 0.00 0.00 0.00 2.85 0.00 2.85 0.00 0.00 1.17 2.26 2.26 0.00 0.00 1.75 0.00 0.00 0.00 0.00 0.00 0.00 0.00 0.00 0.58 2.04 0.00 0.00 0.00 0.00 0.00 0.00 0.00 0.00 0.00 0.00 0.88 0.44 0.44 0.22 1.97 0.58 1.24 2.04 0.66 0.66 0.80 1.24 1.75 1.97 0.88 0.51 0.44 0.88 0.88 1.61 1.83 0.88 1.83 2.92 4.09 1.39 1.53 1.17 1.53 0.88 1.68 0.88 1.31 0.00
2.12 0.00 1.46 0.00 0.00 0.00 3.50 3.80 4.16 3.80 4.02 0.00 3.58 4.45 3.80 0.00 3.80 0.00 0.00 3.29 3.87 3.72 2.34 0.00 0.00 0.00 0.00 0.00 0.00 0.00 0.00 3.21 2.34 2.12 0.00 0.00 0.00 1.17 0.00 1.97 0.00 0.00 1.53 1.53 0.00 0.00 0.00 0.00 0.00 1.83 1.39 0.95 0.58 1.24 2.12 2.99 3.72 1.83 1.75 0.44 1.03 1.42 1.81 1.68 1.68 1.90 1.24 0.80 0.80 0.80 1.61 1.68 1.31 1.75 0.88 0.37 0.37 0.73 1.97 1.83 2.41 2.34 0.95 0.66
1.68 1.83 1.61 2.56 2.77 2.77 2.92 2.99 3.21 2.34 2.56 2.34 2.77 2.48 2.70 3.14 4.45 4.23 4.23 5.48 5.40 5.11 4.53 4.23 3.65 2.85 3.21 3.36 3.87 3.80 3.43 0.00 4.16 3.14 0.00 0.00 0.00 0.00 3.43 5.91 5.62 3.29 3.29 3.29 1.97 2.56 2.04 2.12 1.39 1.46 1.46 1.10 0.66 1.24 4.89 6.64 10.44 8.69 5.26 6.86 2.77 2.04 4.10 3.94 3.36 3.43 2.19 2.56 2.56 3.58 4.96 6.42 6.42 2.70 1.68 1.17 1.90 2.34 2.48 2.56 2.34 2.04 0.00 0.00
2.04 1.90 2.41 0.00 2.70 2.19 2.85 0.00 2.70 3.07 3.14 3.29 1.90 2.63 2.85 3.07 4.60 4.60 4.60 4.82 4.31 4.67 3.07 3.65 3.07 2.92 3.72 3.43 3.72 3.58 0.00 0.00 3.29 3.14 3.21 0.00 0.00 0.00 3.36 4.82 6.06 3.58 3.36 3.36 3.36 2.77 2.85 2.41 2.48 2.04 1.53 1.31 2.04 1.39 1.68 6.20 7.45 10.00 11.61 12.19 5.48 3.65 3.94 4.53 4.22 3.80 2.48 2.48 2.48 3.58 6.13 9.05 6.57 3.94 1.97 2.04 1.75 1.39 1.75 2.34 2.85 1.02 0.00 0.00
2.04 0.00 0.00 0.00 0.00 0.00 0.00 2.41 0.00 0.00 3.21 3.21 3.80 3.36 3.21 3.65 4.16 4.31 4.31 5.11 4.31 4.38 2.63 3.36 4.16 4.02 3.94 3.80 3.65 3.50 2.92 3.80 3.50 3.50 0.00 0.00 0.00 3.94 3.80 3.50 4.74 4.23 3.36 3.36 3.72 4.60 2.99 2.77 5.11 3.58 2.56 2.41 3.50 2.70 7.15 5.62 6.06 6.64 9.64 9.05 9.05 4.16 4.23 6.94 6.12 4.63 5.84 3.29 3.29 7.23 7.01 9.20 8.32 6.57 3.36 1.83 2.41 1.83 0.80 1.61 1.68 1.53 0.00 0.00
2.92 0.00 0.00 0.00 0.00 0.00 0.00 0.00 0.00 0.00 0.00 3.72 3.29 3.87 3.87 3.87 4.31 4.16 4.16 3.21 4.38 4.31 2.48 3.36 4.09 4.09 3.94 3.72 3.87 3.29 3.50 4.16 4.53 3.87 3.94 3.43 3.07 3.50 0.00 3.36 3.50 4.38 4.82 4.82 6.86 6.50 5.77 7.81 8.40 5.04 7.30 6.35 3.94 6.50 10.66 8.10 7.96 6.86 7.93 8.70 3.58 4.45 5.07 8.47 9.26 7.75 5.46 10.29 10.29 8.76 7.59 8.18 8.98 8.40 5.18 3.14 4.82 3.29 2.77 1.76 1.51 1.81 1.32 0.00
2.63 3.07 0.00 0.00 0.00 0.00 0.00 0.00 0.00 2.48 0.00 0.00 3.50 0.00 4.38 3.29 4.09 2.48 2.48 4.09 4.45 4.16 3.14 3.36 3.72 4.02 2.77 3.80 0.00 3.29 3.29 2.92 4.45 3.94 4.23 3.29 3.50 0.00 0.00 0.00 3.43 2.70 3.72 3.72 5.55 7.37 5.48 7.37 9.49 8.40 8.91 9.64 8.76 8.03 13.36 16.79 9.05 10.73 6.79 5.48 5.79 3.14 5.60 8.69 12.41 11.17 14.68 13.73 13.29 11.30 8.98 9.05 8.98 8.98 7.88 6.42 4.31 4.16 3.97 2.68 3.28 2.46 1.96 0.83
2.19 1.46 0.00 0.00 0.00 0.00 0.00 0.00 0.00 0.00 0.00 0.00 1.90 0.00 0.00 0.00 0.00 0.00 0.00 3.14 2.56 3.21 2.99 2.41 3.94 2.48 0.00 0.00 0.00 2.04 1.53 0.00 0.00 2.77 2.77 0.00 0.00 0.00 0.00 0.00 0.00 1.68 1.24 1.24 3.58 4.60 1.90 4.02 8.40 8.83 8.32 9.78 12.92 19.27 16.50 22.56 19.93 8.76 12.46 8.04 6.94 5.84 8.64 13.61 17.49 15.12 16.72 14.75 14.82 14.44 11.23 10.66 10.66 9.34 8.58 5.69 4.74 6.13 4.70 3.92 5.72 5.26 2.27 4.16
1.39 0.73 1.46 1.61 0.00 0.00 1.68 1.17 0.00 0.00 0.00 0.00 0.00 0.00 0.00 0.00 0.00 0.00 0.00 0.00 0.00 2.04 2.12 0.00 0.00 0.00 0.00 0.00 0.00 0.00 0.00 0.00 0.00 0.00 0.00 2.92 0.00 0.00 0.00 0.00 0.00 0.00 0.00 0.00 0.00 0.80 2.19 2.48 4.45 7.96 7.74 12.92 13.87 19.27 21.17 22.78 26.79 19.13 22.12 9.96 7.82 10.93 9.66 12.57 16.72 20.31 12.80 11.75 11.75 10.55 9.40 12.38 12.84 10.01 9.39 7.23 5.84 4.74 6.55 5.81 6.23 5.72 3.61 5.84
0.80 0.22 0.58 1.17 1.02 1.61 0.00 0.00 0.00 0.00 0.00 0.00 0.00 0.00 0.00 0.00 0.00 1.83 1.83 3.50 0.00 2.04 0.00 0.00 0.00 0.00 0.00 0.00 0.00 0.00 0.00 0.00 0.00 0.00 0.00 0.00 0.00 0.00 0.00 0.00 0.07 0.00 0.00 0.00 0.00 0.37 1.75 3.36 6.06 8.98 8.25 9.71 11.68 14.75 19.71 25.77 26.80 27.45 29.64 27.81 13.07 15.00 10.45 11.37 16.00 14.08 11.96 8.76 8.76 8.48 10.16 10.21 11.78 11.67 10.60 9.98 7.30 6.45 5.97 6.55 7.26 6.74 7.16 6.78
0.51 0.66 0.80 0.66 1.24 0.00 0.00 0.00 0.00 0.00 1.61 0.00 0.00 0.00 0.00 0.00 0.00 1.17 1.17 0.00 0.00 0.00 0.00 0.00 0.00 0.00 0.00 0.00 0.00 0.00 0.00 0.00 0.00 0.00 0.00 0.00 0.00 0.00 0.00 0.00 0.00 0.00 0.00 0.00 0.15 0.22 1.83 2.41 3.87 9.20 11.39 10.29 13.86 14.60 17.66 20.90 23.48 26.06 29.42 23.87 17.67 15.41 11.99 10.57 13.58 15.57 9.89 6.42 6.46 8.23 10.97 7.62 10.89 11.98 12.05 10.95 8.04 6.96 7.34 5.96 6.84 6.91 6.63 5.50
1.10 1.39 1.02 0.95 1.10 1.39 0.00 0.00 0.00 0.00 0.00 0.00 0.00 0.00 0.00 2.12 2.41 0.00 0.00 0.00 0.00 0.00 0.00 0.00 0.00 0.00 2.56 0.00 0.00 0.00 0.00 0.00 0.00 0.00 0.00 0.00 0.00 0.00 0.00 0.00 0.00 0.00 0.00 0.00 1.68 0.58 1.39 3.36 15.40 14.60 14.67 17.37 14.75 16.89 16.13 19.49 26.86 25.33 29.72 23.30 20.03 15.77 12.71 8.31 11.03 12.98 9.06 6.46 6.46 5.38 8.80 4.87 6.30 9.71 9.54 9.54 7.67 7.50 3.67 4.13 6.03 6.73 4.19 3.83
1.31 1.83 0.29 1.02 1.53 1.39 1.90 2.34 1.97 2.12 0.00 0.00 0.00 0.00 0.00 0.00 0.00 0.00 0.00 0.00 0.00 0.00 0.00 0.00 0.00 0.00 0.00 2.56 1.83 0.00 0.00 1.02 2.04 0.00 0.00 0.00 0.00 0.00 0.00 0.00 2.26 3.58 5.18 5.18 4.89 5.18 6.94 16.13 20.15 20.73 18.25 19.93 16.94 17.97 17.58 19.63 19.54 15.21 25.91 21.74 16.10 13.16 14.15 8.73 8.28 9.82 8.44 5.78 5.69 4.97 3.30 5.23 7.89 7.50 6.86 7.78 5.85 2.62 2.57 3.75 4.74 5.19 3.90 3.01
1.90 0.00 0.00 0.00 2.56 2.56 2.99 6.35 5.18 8.40 0.00 0.00 1.75 0.00 0.00 0.00 0.00 0.00 0.00 0.00 0.00 0.00 0.00 0.00 0.00 0.00 0.00 2.92 3.14 1.83 0.00 0.00 1.83 2.34 2.70 1.46 0.00 0.00 0.00 0.00 2.99 6.50 8.91 8.91 9.56 9.56 10.88 21.75 22.63 24.48 24.16 22.83 19.26 20.54 17.97 16.36 15.26 14.67 13.05 12.38 13.57 14.60 16.13 12.05 9.78 7.62 4.52 5.12 4.99 3.50 2.99 4.10 6.51 7.10 6.24 5.69 2.98 3.47 2.61 2.31 3.74 2.98 2.25 2.92
4.31 3.21 0.00 10.44 9.34 10.15 20.81 18.25 14.89 15.70 13.58 9.13 12.85 5.91 10.22 3.87 4.45 0.00 0.00 2.26 0.00 0.00 0.00 0.00 1.75 2.12 1.39 2.19 2.04 2.99 1.97 1.02 2.41 2.26 2.77 2.70 2.63 0.00 0.00 0.00 2.85 3.43 7.15 7.15 12.05 16.50 18.76 23.58 21.53 15.99 18.21 20.56 17.61 10.63 13.62 8.70 10.44 14.38 14.23 13.94 14.60 15.21 14.44 15.13 10.51 8.73 6.99 1.65 1.62 0.15 1.46 2.65 4.84 4.07 5.02 2.92 2.19 0.00 0.00 0.87 1.71 0.84 1.42 2.18
6.72 6.13 8.40 14.02 17.89 18.98 17.59 22.27 17.89 13.87 13.72 17.45 17.16 14.16 7.37 5.99 7.59 3.50 3.50 3.58 3.36 2.34 2.41 0.00 0.66 1.17 0.15 1.83 1.75 1.90 1.10 0.51 1.02 2.04 2.04 2.56 4.23 4.45 3.29 1.97 2.04 4.67 8.54 8.54 13.58 8.69 11.61 16.86 17.46 10.11 14.07 11.01 11.73 8.87 9.61 11.02 7.52 10.42 12.53 16.66 12.54 13.84 14.06 12.19 12.56 6.28 4.55 0.85 0.84 0.29 0.44 1.83 3.17 6.31 4.97 2.48 2.36 0.00 0.00 0.00 0.42 1.81 1.79 1.06
7.45 10.88 13.58 10.15 14.45 22.19 23.29 17.45 12.63 12.48 15.33 18.54 18.91 15.91 12.34 8.40 4.67 3.29 3.29 2.04 2.99 1.24 1.46 0.37 2.04 0.66 0.44 0.73 1.24 2.19 1.68 0.37 0.22 1.17 1.53 2.70 4.96 2.19 0.37 0.00 0.00 1.10 3.65 3.65 7.30 10.44 4.96 9.07 11.19 9.55 8.95 9.67 11.00 8.78 9.06 7.40 6.16 4.87 11.11 13.23 15.62 14.45 11.53 12.34 6.13 5.66 3.58 2.20 2.45 1.04 0.37 1.14 2.76 3.53 4.49 3.47 1.10 0.15 0.00 0.00 0.00 1.60 1.50 2.62
9.13 8.10 8.40 2.77 8.03 15.91 19.35 16.14 16.13 13.51 14.09 13.72 17.30 11.97 12.92 6.13 5.99 4.02 4.02 2.70 2.19 0.80 0.51 1.97 0.51 0.00 0.29 1.10 0.73 1.75 1.68 0.29 0.29 0.88 1.83 2.04 3.43 2.77 0.00 0.00 0.00 0.00 0.00 0.00 1.75 1.83 2.34 4.48 6.72 8.89 9.00 9.83 8.88 10.32 7.81 7.39 3.40 6.07 7.63 11.57 14.94 14.28 13.94 11.02 7.08 3.24 2.97 1.02 0.98 0.00 0.00 0.00 1.12 3.23 2.14 3.07 0.30 0.23 0.00 0.00 0.29 0.39 2.82 2.55
0.00 4.89 4.60 0.00 11.97 9.49 15.18 16.06 20.29 17.16 14.45 11.17 11.68 7.45 9.86 3.80 4.82 3.21 3.21 2.26 1.46 1.46 1.90 0.95 0.00 0.00 0.00 0.00 0.73 0.66 0.00 0.00 0.00 0.00 0.00 0.58 1.75 0.00 0.00 0.00 0.00 0.00 0.00 0.00 0.00 0.22 3.14 5.55 6.20 7.37 6.15 6.57 6.25 7.13 6.41 8.51 2.54 6.14 8.60 8.39 12.10 11.12 15.07 13.82 10.42 6.55 2.46 1.57 1.58 0.94 0.00 0.16 0.00 2.14 0.64 0.77 0.37 0.00 0.00 0.00 0.00 1.30 0.99 3.65
0.00 0.00 0.00 0.00 3.58 7.08 12.34 17.01 21.02 21.53 15.11 10.15 8.83 4.74 4.82 0.00 2.34 1.75 1.75 1.90 0.44 1.17 1.31 0.15 0.00 0.00 0.00 0.00 0.00 0.00 0.00 0.00 0.00 0.00 0.00 0.15 0.00 0.00 0.00 0.00 0.00 0.00 0.00 0.00 0.00 0.00 2.05 3.58 4.82 6.10 7.07 7.78 7.25 7.35 6.45 6.47 0.00 0.00 4.87 8.95 10.59 11.68 16.86 11.82 11.75 10.78 7.98 5.02 5.88 1.51 1.55 1.67 0.00 0.70 0.00 0.00 0.49 0.00 0.00 0.00 0.00 0.08 2.03 0.38
0.00 0.00 0.00 0.00 0.00 0.00 8.25 17.01 20.81 20.37 9.27 10.59 5.84 0.00 2.70 2.99 2.04 2.70 2.70 0.37 0.37 0.00 0.00 0.00 0.00 0.00 0.00 0.00 0.00 0.00 0.00 0.00 0.00 0.00 0.00 0.00 0.00 0.00 0.00 0.00 0.00 0.00 0.00 0.00 0.00 0.00 0.07 1.14 3.86 3.95 4.07 4.60 6.23 6.58 8.28 0.00 5.58 0.00 0.00 7.16 14.83 12.76 11.39 16.30 11.08 9.62 11.04 7.55 8.45 4.43 2.77 0.57 0.00 0.00 0.00 0.00 0.00 0.00 0.00 0.00 0.00 0.00 0.00 0.00
0.00 0.00 0.00 0.00 0.00 0.00 0.00 11.39 15.40 14.09 9.27 8.54 8.61 5.48 7.45 4.89 5.60 2.77 2.77 0.00 0.00 0.00 0.00 0.00 0.00 0.00 0.00 0.00 0.00 0.00 0.00 0.00 0.00 0.00 0.00 0.00 0.15 0.22 0.00 0.00 0.00 0.00 0.00 0.00 0.66 0.00 0.07 0.90 2.29 4.54 5.29 6.80 6.30 5.92 0.00 0.00 0.00 0.00 0.00 0.00 8.47 15.19 7.61 10.65 12.13 12.72 15.11 9.17 9.37 8.50 4.06 2.55 0.44 0.00 0.00 1.44 0.00 0.00 0.00 0.00 0.00 1.38 0.00 0.00
0.00 0.00 0.00 0.00 0.00 0.00 7.01 3.94 9.05 8.61 5.55 11.53 7.66 8.54 9.20 6.90 7.37 5.65 5.27 1.24 1.68 2.85 0.00 0.00 0.07 0.73 0.00 0.00 0.00 0.00 0.00 0.00 0.00 0.00 0.00 0.66 0.51 0.00 0.00 0.66 1.46 6.20 3.65 3.65 1.46 0.00 0.44 0.54 2.31 7.59 8.90 9.77 5.30 0.00 0.00 0.00 0.00 0.00 0.00 0.00 0.00 8.34 10.13 6.95 14.01 14.60 11.74 6.56 8.02 5.88 3.99 2.45 1.26 0.00 0.00 0.28 0.56 0.00 0.00 0.00 0.00 0.00 0.00 0.00
0.00 0.00 0.00 0.00 0.00 0.00 0.00 0.00 0.00 0.00 0.00 4.31 0.00 3.43 0.00 4.53 3.80 7.34 7.46 7.74 6.20 6.28 5.91 5.55 2.85 1.61 1.39 1.61 0.00 0.00 2.56 2.41 1.24 1.24 2.41 4.53 6.57 7.15 5.69 6.90 9.41 10.25 13.36 13.36 12.12 7.52 3.21 3.01 4.78 5.75 0.00 0.00 0.00 0.00 0.00 0.00 0.00 0.00 0.00 0.00 0.00 0.00 0.00 0.00 10.33 10.61 4.15 3.74 4.18 4.35 0.00 0.00 0.00 0.00 0.00 0.00 0.00 0.00 0.00 0.00 0.00 0.00 0.00 0.00
0.00 0.00 0.00 0.00 0.00 0.00 0.00 0.00 0.00 0.00 0.00 0.00 0.00 0.00 0.00 0.00 0.00 4.38 4.38 4.45 4.76 7.26 7.15 7.45 5.04 3.26 2.85 3.72 4.16 4.60 4.09 4.31 2.92 1.61 1.90 3.72 5.99 9.78 9.56 9.13 9.82 13.32 14.82 16.56 13.58 12.56 6.20 5.39 8.31 0.00 0.00 0.00 0.00 0.00 0.00 0.00 0.00 0.00 0.00 0.00 0.00 0.00 0.00 0.00 5.16 0.00 0.00 0.00 0.00 0.00 0.00 0.00 0.00 0.00 0.00 0.00 0.00 0.00 0.00 0.00 0.00 0.00 0.00 0.00
0.00 0.00 0.00 0.00 0.00 0.00 0.00 0.00 0.00 0.00 0.00 0.00 0.00 0.00 0.00 0.00 0.00 0.00 0.00 0.00 0.00 5.55 6.42 3.58 2.41 3.08 5.07 5.84 6.57 4.23 4.45 2.77 2.15 1.83 1.97 4.24 7.23 6.86 8.98 7.15 0.00 5.84 10.52 13.35 16.93 10.45 12.13 4.66 5.30 0.00 0.00 0.00 0.00 0.00 0.00 0.00 0.00 0.00 0.00 0.00 0.00 0.00 0.00 0.00 0.00 0.00 0.00 0.00 0.00 0.00 0.00 0.00 0.00 0.00 0.00 0.00 0.00 0.00 0.00 0.00 0.00 0.00 0.00 0.00
0.00 0.00 0.00 0.00 0.00 0.00 0.00 0.00 0.00 0.00 0.00 0.00 0.00 0.00 0.00 0.00 0.00 0.00 0.00 0.00 0.00 0.00 0.00 0.00 3.43 0.00 2.63 3.80 4.45 2.41 0.00 2.03 0.00 0.00 0.00 0.00 0.00 5.26 5.33 0.00 0.00 0.00 0.00 0.00 9.79 8.44 8.99 0.00 0.00 0.00 0.00 0.00 0.00 0.00 0.00 0.00 0.00 0.00 0.00 0.00 0.00 0.00 0.00 0.00 0.00 0.00 0.00 0.00 0.00 0.00 0.00 0.00 0.00 0.00 0.00 0.00 0.00 0.00 0.00 0.00 0.00 0.00 0.00 0.00
