Wansh/Snow_depth/snowdepth-1996/winter/1996356.txt
ncols 321
nrows 161
xllcenter 60
yllcenter 15 
cellsize  0.25 
NODATA_value -1
[rows 0 to 36 of 161, columns 168 to 251 of 321]
2.85 1.24 1.39 1.10 1.39 1.24 1.24 2.04 2.04 2.04 1.61 2.34 2.34 2.04 1.68 1.75 2.26 2.41 4.38 4.74 4.96 4.60 4.31 4.53 3.94 3.94 0.00 0.00 0.00 0.00 0.00 0.00 0.00 7.08 10.22 10.22 8.32 9.34 9.34 9.34 10.88 11.68 12.85 21.83 23.51 21.61 22.19 22.19 21.10 20.08 15.70 12.70 11.17 11.61 11.39 14.97 16.50 19.64 18.76 20.37 20.37 22.19 25.99 25.19 28.11 28.69 28.32 28.11 23.00 24.24 20.15 20.44 20.15 17.08 17.37 18.03 17.89 17.45 18.91 18.25 17.67 14.75 15.04 15.40
4.31 4.67 2.48 1.39 0.88 1.17 1.46 1.17 1.68 1.68 1.39 2.34 1.90 2.41 1.75 2.48 2.12 3.36 4.31 4.09 4.16 4.31 4.09 4.23 4.16 0.00 0.00 0.00 0.00 0.00 0.00 0.00 3.65 6.79 6.57 6.57 8.25 7.30 8.76 15.26 17.01 21.39 20.37 22.63 22.56 22.63 24.75 18.83 17.52 17.81 16.28 14.31 14.89 14.82 14.97 14.97 17.01 18.76 20.15 19.93 19.93 21.75 22.56 25.99 25.26 26.28 24.24 23.80 22.63 19.35 20.00 17.45 14.53 17.16 15.04 14.97 15.99 16.13 15.33 12.63 12.92 13.72 8.69 11.10
5.55 3.14 3.80 1.61 1.10 1.31 1.39 1.90 1.90 1.90 1.90 2.26 2.34 1.83 2.19 2.19 2.92 4.45 4.31 4.45 4.74 3.80 3.43 3.21 0.00 0.00 0.00 0.00 0.00 0.00 0.00 0.00 2.56 4.82 6.79 6.79 9.27 12.56 16.64 15.18 18.98 22.12 19.27 17.96 18.18 16.06 23.00 22.34 14.45 15.91 16.79 16.50 16.13 15.04 16.50 17.37 17.08 18.10 19.35 19.13 19.13 18.69 20.66 16.79 17.81 17.52 21.17 19.64 19.35 17.89 12.19 17.45 12.26 9.05 12.85 10.07 7.81 12.78 10.51 10.80 8.18 7.45 8.18 5.33
5.55 3.14 3.80 1.61 1.10 1.31 1.39 1.90 1.90 1.90 1.90 2.26 2.34 1.83 2.19 2.19 2.92 4.45 4.31 4.45 4.74 3.80 3.43 3.21 0.00 0.00 0.00 0.00 0.00 0.00 0.00 0.00 2.56 4.82 6.79 6.79 9.27 12.56 16.64 15.18 18.98 22.12 19.27 17.96 18.18 16.06 23.00 22.34 14.45 15.91 16.79 16.50 16.13 15.04 16.50 17.37 17.08 18.10 19.35 19.13 19.13 18.69 20.66 16.79 17.81 17.52 21.17 19.64 19.35 17.89 12.19 17.45 12.26 9.05 12.85 10.07 7.81 12.78 10.51 10.80 8.18 7.45 8.18 5.33
6.28 6.50 5.62 2.85 2.12 1.17 2.56 2.41 1.75 1.75 2.19 2.04 3.07 4.31 4.23 4.67 4.96 5.11 4.23 4.23 3.14 4.38 0.00 0.00 0.00 0.00 0.00 0.00 0.00 0.00 1.17 0.66 3.36 4.89 4.74 4.74 8.83 13.36 13.07 14.75 14.89 14.75 14.09 9.56 10.88 12.12 14.38 11.90 14.82 15.55 13.80 13.94 14.75 14.60 15.99 16.28 16.43 16.50 16.50 16.94 16.94 15.62 15.70 16.13 15.91 15.11 14.60 15.11 8.83 9.71 10.29 7.08 7.52 7.88 4.82 5.11 6.20 6.13 5.99 6.57 5.40 5.62 5.62 5.55
6.94 6.86 7.15 5.55 1.83 2.34 2.12 3.29 3.36 3.36 2.63 3.87 3.72 4.74 4.74 6.28 5.40 5.26 2.85 3.80 2.34 0.00 0.00 0.00 0.00 0.00 0.00 0.00 0.00 0.00 0.00 2.19 4.74 8.47 10.00 10.00 11.53 11.24 12.05 11.90 10.66 10.07 10.44 9.42 10.73 11.17 14.31 12.12 13.21 14.09 13.51 14.02 16.28 14.75 15.55 15.11 14.38 10.51 11.97 11.46 11.46 13.58 11.53 11.61 11.68 10.44 6.64 6.50 6.72 5.40 7.81 5.91 5.11 5.18 4.60 4.82 4.96 5.99 6.50 6.50 6.28 7.81 7.52 9.49
8.32 7.88 8.98 7.74 8.25 5.33 6.13 6.13 6.13 6.13 4.67 5.99 5.62 6.50 6.20 6.13 5.69 2.48 0.00 0.00 0.00 0.00 0.00 0.00 0.00 0.00 0.00 0.00 0.00 4.74 2.63 5.48 5.84 9.93 12.34 12.34 13.65 13.14 11.83 12.19 9.20 8.76 7.88 9.27 8.69 10.80 10.95 11.61 12.34 12.92 14.09 13.87 13.80 13.65 10.22 10.37 10.29 9.56 10.73 10.07 10.07 10.00 10.15 9.42 6.20 6.20 5.62 5.33 5.26 5.18 3.94 4.16 4.09 4.67 5.40 5.18 5.18 5.18 7.01 9.35 9.41 11.14 12.14 13.19
8.32 7.88 8.98 7.74 8.25 5.33 6.13 6.13 6.13 6.13 4.67 5.99 5.62 6.50 6.20 6.13 5.69 2.48 0.00 0.00 0.00 0.00 0.00 0.00 0.00 0.00 0.00 0.00 0.00 4.74 2.63 5.48 5.84 9.93 12.34 12.34 13.65 13.14 11.83 12.19 9.20 8.76 7.88 9.27 8.69 10.80 10.95 11.61 12.34 12.92 14.09 13.87 13.80 13.65 10.22 10.37 10.29 9.56 10.73 10.07 10.07 10.00 10.15 9.42 6.20 6.20 5.62 5.33 5.26 5.18 3.94 4.16 4.09 4.67 5.40 5.99 7.15 7.46 9.60 15.89 15.54 14.82 15.62 13.69
6.86 9.64 9.56 8.83 6.42 7.08 6.06 6.72 5.62 5.62 5.91 5.99 7.37 6.20 6.28 4.67 1.02 2.48 0.00 0.00 0.00 0.00 0.00 0.00 0.00 0.00 0.00 1.17 0.00 3.36 3.94 4.31 5.18 6.50 12.70 12.70 13.65 12.92 10.37 10.44 8.98 8.47 9.56 10.15 10.66 10.37 10.73 12.63 12.48 12.85 12.63 12.26 9.64 9.56 8.69 7.74 8.40 8.98 8.91 9.13 9.13 7.59 6.57 6.79 5.18 5.04 5.11 4.96 4.09 5.04 4.45 5.11 5.26 5.27 7.06 7.47 8.38 10.62 8.67 14.01 15.76 12.72 14.52 14.95
4.31 3.87 6.35 6.35 7.08 7.08 6.35 5.40 4.53 4.53 7.01 7.45 7.08 5.99 0.22 0.00 0.00 0.00 0.00 0.00 0.00 0.00 0.00 0.00 0.00 0.00 0.00 4.09 3.21 4.67 5.62 6.64 10.51 11.32 11.24 11.24 12.92 7.66 6.72 7.59 9.93 9.34 10.88 11.02 11.10 11.90 13.72 13.51 13.43 13.36 10.29 8.10 8.47 7.23 6.64 6.64 7.59 8.10 7.59 7.74 7.74 7.74 6.57 6.42 7.15 5.62 5.40 5.62 4.53 5.91 5.26 5.77 6.98 7.25 9.31 10.06 9.73 10.19 14.09 12.83 14.92 14.99 16.32 16.00
3.94 4.60 5.26 5.11 6.86 7.59 7.66 6.50 4.45 4.45 3.80 3.43 2.41 0.00 0.00 0.00 0.00 0.00 0.00 0.00 0.00 0.00 0.00 0.00 3.87 3.80 3.58 4.96 4.09 5.26 5.33 6.72 6.72 6.20 7.45 7.45 6.94 6.94 6.72 7.81 9.49 10.29 9.20 10.00 10.51 10.07 10.07 9.13 10.51 9.05 9.86 8.32 8.10 6.57 7.08 6.79 6.86 8.69 8.54 8.40 8.40 8.03 9.56 8.25 7.74 8.03 6.13 7.23 5.11 6.42 7.01 6.42 6.81 6.74 6.40 9.29 11.51 11.33 11.56 13.54 12.92 14.28 13.69 14.28
3.94 4.60 5.26 5.11 6.86 7.59 7.66 6.50 4.45 4.45 3.80 3.43 2.41 0.00 0.00 0.00 0.00 0.00 0.00 0.00 0.00 0.00 0.00 0.00 3.87 3.80 3.58 4.96 4.09 5.26 5.33 6.72 6.72 6.20 7.45 7.45 6.94 6.94 6.72 7.81 9.49 10.29 9.20 10.00 10.51 10.07 10.07 9.13 10.51 9.05 9.86 8.32 8.10 6.57 7.08 6.79 6.86 8.69 8.54 8.40 8.40 8.03 9.56 8.25 7.74 8.03 6.13 7.23 5.11 6.42 7.01 6.42 6.64 6.64 6.20 8.63 10.26 10.49 12.33 14.05 12.92 13.97 15.04 15.28
6.57 7.01 4.02 2.99 3.50 3.87 2.48 0.00 0.00 0.00 0.00 0.00 0.00 0.00 0.00 0.00 0.00 0.00 0.00 2.19 1.68 4.31 5.48 5.04 5.11 5.48 5.33 6.86 5.55 4.45 3.94 4.45 4.31 6.20 7.81 7.81 8.25 7.45 8.76 8.47 8.98 8.10 6.64 7.15 5.55 6.57 6.06 9.20 10.88 11.39 10.29 8.54 8.98 7.59 8.61 8.40 9.27 8.83 10.88 11.68 11.68 10.51 10.66 11.68 8.83 9.71 9.13 8.47 9.42 7.52 8.10 8.47 7.08 7.01 7.04 9.28 11.27 11.74 11.40 12.64 13.08 13.74 14.82 14.25
7.88 5.33 3.65 3.80 3.21 2.99 2.99 1.46 0.00 0.00 0.00 0.00 0.00 0.00 0.00 0.00 0.00 0.00 4.09 3.72 4.67 4.45 4.67 6.13 6.35 6.57 6.94 6.35 6.20 4.82 5.99 5.55 5.91 6.42 4.89 4.89 5.55 6.57 7.30 7.96 8.47 8.32 7.01 7.01 6.13 7.23 9.93 10.80 10.59 10.80 10.29 9.13 9.05 9.56 9.34 8.83 10.37 10.44 10.37 10.59 10.59 12.99 12.48 12.41 12.70 11.39 11.68 9.93 10.07 10.29 9.42 8.69 7.96 9.40 10.58 10.04 8.68 11.06 14.04 10.59 12.56 11.87 12.80 14.13
8.47 7.30 7.59 6.06 5.18 5.55 3.72 0.00 0.00 0.00 0.00 0.00 0.00 0.00 0.00 0.00 1.24 1.46 3.36 1.97 5.77 5.11 5.91 7.23 7.30 7.66 7.01 6.79 6.94 5.18 5.55 4.23 4.96 4.89 4.82 4.82 5.18 7.23 6.79 7.59 7.30 4.60 6.28 7.37 8.47 8.76 10.15 9.71 9.20 7.96 8.91 8.61 9.27 9.20 11.39 11.90 11.46 11.39 12.34 13.51 13.51 13.14 12.48 13.14 12.99 13.29 11.02 10.80 10.66 10.88 9.42 9.56 9.11 9.97 10.40 10.84 10.74 10.60 10.14 11.51 12.35 11.85 12.86 12.12
8.10 7.59 5.84 6.06 6.20 6.94 5.91 6.13 4.67 4.67 0.00 0.00 0.00 0.00 4.53 3.43 2.56 2.12 2.70 3.36 4.89 5.77 7.15 7.15 6.28 7.08 6.06 5.18 5.26 5.26 5.04 4.16 4.67 5.04 4.89 4.89 5.55 5.11 5.33 5.55 3.72 4.45 5.48 5.40 6.57 8.54 9.20 6.64 6.79 7.08 7.23 7.37 6.42 8.18 11.75 12.63 12.85 13.07 12.56 11.10 11.10 11.46 11.24 12.48 11.97 11.97 11.61 8.91 10.44 10.29 10.29 9.41 11.48 10.03 11.17 9.50 9.63 10.60 10.52 12.61 12.79 13.09 11.56 10.93
8.10 7.59 5.84 6.06 6.20 6.94 5.91 6.13 4.67 4.67 0.00 0.00 0.00 0.00 4.53 3.43 2.56 2.12 2.70 3.36 4.89 5.77 7.15 7.15 6.28 7.08 6.06 5.18 5.26 5.26 5.04 4.16 4.67 5.04 4.89 4.89 5.55 5.11 5.33 5.55 3.72 4.45 5.48 5.40 6.57 8.54 9.20 6.64 6.79 7.08 7.23 7.37 6.42 8.18 11.75 12.63 12.85 13.07 12.56 11.10 11.10 11.46 11.24 12.48 11.97 11.97 11.61 8.91 10.44 10.29 10.29 11.55 10.76 10.90 10.03 11.75 9.77 11.72 10.73 11.38 12.36 11.25 12.58 12.40
6.06 6.79 6.64 6.42 5.48 6.13 6.13 6.50 5.62 5.62 5.62 5.04 3.50 3.80 4.45 4.02 3.87 3.87 3.07 3.50 4.82 4.74 4.74 5.99 5.33 5.48 5.40 5.11 4.67 4.31 3.80 4.60 5.18 4.67 5.33 5.33 5.62 4.89 4.16 4.02 3.87 4.67 6.13 5.48 4.09 5.04 5.55 5.33 6.50 6.42 4.82 4.82 6.42 6.42 5.69 9.93 11.10 10.37 9.86 10.15 10.15 11.10 11.02 10.59 10.66 7.37 7.52 7.37 9.05 10.44 10.59 11.29 10.42 10.93 11.93 15.32 12.96 10.78 10.32 12.56 11.44 10.90 11.74 10.29
4.53 7.15 6.20 6.50 5.55 5.99 4.96 5.62 5.55 5.55 5.04 5.40 3.14 3.21 2.70 5.18 4.16 2.70 3.65 2.34 4.31 4.02 5.69 4.82 5.18 4.74 4.74 4.60 4.74 5.26 6.35 5.48 5.33 5.11 4.82 4.82 5.33 4.60 4.82 4.96 5.48 5.04 6.42 3.21 2.92 3.43 3.65 3.80 3.29 3.36 4.60 3.50 2.56 4.96 4.16 6.64 7.30 8.91 9.05 9.20 9.20 9.34 8.83 8.61 8.91 7.81 6.86 9.42 8.61 10.64 11.72 11.65 13.10 11.73 13.11 14.14 13.51 11.81 12.04 12.17 9.58 10.67 11.02 12.24
2.85 4.74 4.45 6.35 6.79 7.01 6.42 4.96 5.11 5.11 5.26 4.89 5.77 7.66 7.15 7.59 5.77 5.33 5.18 9.20 6.72 6.42 6.42 5.18 4.60 6.20 4.60 4.38 3.29 4.96 5.33 5.11 5.18 4.96 5.26 5.26 4.60 4.60 5.04 4.53 5.26 3.58 6.28 5.11 2.34 2.56 3.80 3.14 3.58 0.00 1.68 1.75 1.83 0.00 0.00 6.20 5.26 7.30 8.03 8.40 8.40 8.54 8.91 8.61 7.15 7.37 6.86 8.61 9.34 9.05 10.95 12.78 12.41 15.33 13.21 13.48 15.40 16.11 14.13 11.97 11.03 9.60 8.65 10.71
0.95 2.04 2.41 4.31 5.33 6.42 6.94 7.15 6.20 6.20 6.64 8.18 7.74 7.81 8.10 8.25 7.52 8.76 9.64 10.88 10.15 8.69 9.86 7.88 6.13 6.50 4.96 3.58 3.87 5.04 4.23 5.26 5.26 5.18 6.20 6.20 5.48 4.53 3.65 3.94 1.75 1.17 2.48 1.90 2.77 2.26 3.80 3.72 2.34 0.00 0.00 0.00 0.00 0.00 0.00 4.45 6.50 6.06 7.59 7.23 7.23 8.76 8.54 8.03 6.72 7.52 8.47 8.32 9.78 10.66 10.15 12.05 15.48 15.26 15.85 15.94 16.92 16.59 14.94 12.06 12.39 9.03 10.23 8.43
0.00 0.66 0.95 3.07 5.40 5.40 6.28 5.69 5.69 5.69 6.13 7.08 6.13 8.40 8.10 8.69 6.94 8.40 8.54 11.61 11.68 10.80 7.74 5.62 4.89 4.31 4.02 4.09 3.14 5.69 6.50 5.91 5.55 5.55 5.84 5.84 5.40 2.04 0.73 0.66 1.24 1.83 1.83 2.34 2.56 1.17 1.68 1.61 1.46 0.00 0.00 0.00 0.00 0.00 3.87 3.36 5.69 6.72 7.30 7.30 7.30 7.59 4.04 5.99 6.06 5.62 8.47 10.22 9.42 10.07 10.51 10.00 9.86 13.36 13.23 12.56 16.50 13.51 17.00 12.65 8.54 9.09 8.90 8.80
0.00 0.66 0.95 3.07 5.40 5.40 6.28 5.69 5.69 5.69 6.13 7.08 6.13 8.40 8.10 8.69 6.94 8.40 8.54 11.61 11.68 10.80 7.74 5.62 4.89 4.31 4.02 4.09 3.14 5.69 6.50 5.91 5.55 5.55 5.84 5.84 5.40 2.04 0.73 0.66 1.24 1.83 1.83 2.34 2.56 1.17 1.68 1.61 1.46 0.00 0.00 0.00 0.00 0.00 3.87 3.36 5.69 6.72 7.30 7.30 7.30 7.59 4.04 5.99 6.06 5.62 8.47 10.22 9.42 10.07 10.51 10.00 9.86 13.36 12.70 12.63 12.81 11.89 14.24 14.72 10.44 9.28 6.97 8.12
0.00 0.29 1.90 2.99 4.89 6.28 5.62 5.62 4.53 4.53 4.96 4.96 5.04 7.15 6.57 5.84 5.33 7.01 8.98 8.10 8.32 7.81 6.35 5.48 5.84 5.69 4.96 6.86 4.23 5.33 4.38 4.16 3.50 3.07 2.99 2.99 1.68 0.80 0.80 0.37 0.88 1.39 0.95 1.39 1.02 0.95 0.58 0.15 0.73 0.00 0.00 0.00 0.00 0.00 3.14 0.00 4.31 6.20 6.86 0.00 0.00 1.90 0.00 0.00 3.94 3.14 5.48 7.74 8.40 7.74 8.83 8.40 7.74 8.54 9.93 11.23 11.30 16.43 13.92 14.83 10.40 7.03 7.74 7.62
0.00 0.00 0.00 2.26 4.53 5.84 5.84 4.67 6.13 6.13 5.99 5.33 5.33 4.82 4.09 4.23 5.33 5.55 7.74 6.28 7.30 6.20 6.20 5.99 6.13 6.50 6.50 7.37 5.18 5.48 3.50 2.04 1.24 0.44 0.51 0.51 0.15 0.44 0.44 1.10 1.17 1.83 1.61 1.68 1.24 0.44 0.00 0.00 0.58 1.31 0.00 0.00 0.00 0.00 0.00 3.87 5.40 5.91 0.00 0.00 0.00 0.00 0.00 0.00 0.00 4.60 4.38 4.38 6.72 6.72 6.94 6.94 8.98 8.25 9.51 12.49 13.09 14.60 13.88 10.50 12.53 7.17 7.14 9.61
0.00 0.00 0.00 0.29 1.24 5.84 6.50 8.32 6.13 6.13 5.69 6.42 5.33 5.84 5.33 3.94 4.89 5.40 5.91 6.72 6.64 6.50 6.57 7.08 6.79 5.77 6.06 6.57 6.06 5.62 2.26 1.10 0.80 0.73 0.37 0.37 0.66 0.95 1.31 0.51 2.12 1.90 1.02 1.53 0.00 0.00 0.00 0.00 0.00 0.07 0.00 0.00 1.68 0.00 0.00 0.00 0.00 0.00 0.00 0.00 0.00 0.00 0.00 0.00 0.00 3.80 4.60 4.45 6.64 6.42 8.32 7.66 10.01 12.98 12.90 15.37 15.34 10.61 12.96 8.98 7.14 8.91 7.09 6.83
0.29 0.00 0.51 3.29 1.39 3.87 6.79 7.15 7.59 7.59 6.42 5.77 4.67 4.74 4.23 4.38 5.55 6.13 5.84 6.64 5.69 6.94 6.50 6.20 6.13 5.55 4.09 5.33 3.14 1.46 1.46 0.22 0.95 0.44 0.73 0.73 0.66 1.68 1.75 2.19 2.19 1.39 0.73 0.00 0.00 0.00 0.00 0.00 0.00 0.00 0.80 1.10 1.31 0.00 0.00 0.00 0.00 0.00 0.00 0.00 0.00 0.00 0.00 0.00 3.14 1.75 4.96 5.40 5.26 6.57 9.13 11.32 10.84 14.30 14.76 13.02 16.41 13.36 8.29 8.74 6.67 5.19 4.16 5.35
0.00 0.00 0.22 1.10 0.95 2.12 4.53 2.34 4.09 4.09 4.67 6.28 5.18 4.53 3.80 4.67 5.33 5.04 4.82 3.58 4.53 3.36 4.16 4.60 4.53 2.99 3.29 4.38 2.56 3.21 1.46 1.90 5.55 4.38 2.77 2.77 3.87 2.26 2.41 2.41 1.17 2.92 0.00 0.00 0.00 4.02 2.26 0.00 0.00 0.00 0.00 0.00 0.00 2.19 0.00 0.00 0.00 0.00 0.00 0.00 0.00 0.00 0.00 0.00 1.53 5.62 4.96 5.48 7.30 6.72 9.43 13.66 17.86 13.93 15.60 13.14 7.75 9.25 8.86 6.29 6.06 4.68 3.44 2.79
0.00 0.00 0.22 1.10 0.95 2.12 4.53 2.34 4.09 4.09 4.67 6.28 5.18 4.53 3.80 4.67 5.33 5.04 4.82 3.58 4.53 3.36 4.16 4.60 4.53 2.99 3.29 4.38 2.56 3.21 1.46 1.90 5.55 4.38 2.77 2.77 3.87 2.26 2.41 2.41 1.17 2.92 0.00 0.00 0.00 4.02 2.26 0.00 0.00 0.00 0.00 0.00 0.00 2.19 0.00 0.00 0.00 0.00 0.00 0.00 0.00 0.00 0.00 0.00 1.53 5.62 4.96 5.48 7.30 6.72 9.48 13.51 16.15 15.52 16.65 15.33 8.99 8.95 9.26 6.11 6.41 5.55 3.14 2.37
0.15 0.00 0.00 0.15 0.00 0.00 1.46 0.00 2.34 2.34 4.45 3.80 3.87 4.67 4.45 4.96 4.82 3.72 3.65 3.07 1.39 2.26 0.00 1.31 1.90 1.68 3.58 4.67 2.77 2.85 4.16 5.40 6.06 4.89 5.62 5.62 4.31 1.90 2.34 1.97 0.00 3.21 4.45 2.63 6.64 6.13 5.04 2.19 5.48 0.00 0.00 0.00 2.04 2.04 0.00 0.00 0.00 0.00 0.00 0.00 0.00 0.00 0.00 0.00 1.53 6.72 7.08 6.35 7.48 12.98 15.48 14.82 18.62 15.78 19.32 15.23 7.74 4.31 4.38 4.33 3.90 3.92 3.65 1.54
0.00 0.00 0.00 0.00 0.00 0.00 0.15 2.04 0.00 0.00 2.34 0.00 0.00 3.87 3.80 5.40 5.18 4.67 4.45 3.07 2.70 3.29 0.00 0.00 0.00 4.82 4.67 3.21 4.31 3.43 3.65 4.16 4.60 4.82 5.18 5.18 3.36 4.82 8.47 4.82 5.69 9.49 8.83 10.29 8.47 9.49 6.28 5.99 6.13 3.36 0.00 1.90 1.53 0.00 0.00 0.00 0.00 1.97 0.00 0.00 0.00 0.00 0.00 2.34 1.75 5.84 7.74 9.71 7.81 11.97 15.33 15.65 19.44 16.61 8.90 4.44 6.73 3.41 3.96 3.46 3.56 1.78 0.63 0.83
0.37 0.22 0.66 0.00 0.00 0.00 0.00 0.00 0.00 0.00 0.00 0.00 0.00 3.65 4.60 4.82 4.96 4.67 5.18 3.21 2.92 3.07 3.21 3.21 4.89 4.74 5.11 6.35 4.38 3.21 4.09 4.67 4.45 5.84 5.40 5.40 6.35 9.05 9.93 11.24 9.78 10.22 11.53 10.73 9.64 8.03 6.20 4.53 5.77 4.60 4.53 2.56 5.62 3.29 1.61 0.00 2.19 2.41 0.44 0.00 0.00 1.75 2.12 3.43 4.53 7.66 7.30 10.51 13.72 12.56 14.89 15.67 13.21 16.29 9.11 4.36 4.04 3.23 3.19 3.52 1.77 2.05 0.15 0.00
4.38 1.31 1.97 1.17 0.00 0.00 0.00 0.00 0.00 0.00 0.00 0.00 0.00 2.19 3.43 4.16 5.04 4.74 4.89 4.53 4.45 4.60 5.04 5.33 5.99 5.11 6.13 7.23 5.69 3.80 6.20 5.62 6.50 7.15 7.66 7.66 8.91 8.54 10.22 11.02 11.24 9.20 10.59 8.61 9.56 8.91 7.74 8.32 7.45 5.99 6.57 6.06 6.50 4.38 2.92 1.97 2.12 0.80 0.51 1.61 1.61 3.07 2.77 3.14 5.40 8.03 10.88 10.15 13.07 14.60 15.26 15.48 13.22 7.09 9.21 3.28 2.88 2.37 2.88 2.38 1.33 0.38 0.45 0.07
3.58 3.58 1.10 0.00 0.00 0.00 0.00 0.00 0.00 0.00 0.00 0.00 0.00 0.00 0.00 2.85 0.00 2.85 4.53 4.96 5.18 5.26 6.50 6.13 7.45 8.91 7.88 7.66 6.35 6.35 6.72 7.01 6.79 7.74 8.25 8.25 7.66 7.96 7.15 9.13 8.40 10.07 10.29 10.15 10.22 10.07 10.66 10.15 9.71 8.98 9.27 5.26 6.50 4.16 3.43 3.43 3.80 1.61 1.31 3.65 3.65 4.09 4.67 5.55 4.96 5.26 8.98 11.46 10.80 12.85 14.97 9.86 12.33 3.86 1.67 1.56 1.67 0.79 0.09 0.00 1.00 0.37 0.37 0.37
1.24 2.12 0.29 0.00 0.00 0.00 0.00 0.00 0.00 0.00 0.00 0.00 0.00 0.00 0.00 0.00 0.00 0.00 3.29 2.85 3.94 4.89 5.62 5.55 7.01 6.72 5.91 5.69 5.26 5.48 5.18 6.64 7.59 7.37 7.45 7.45 8.32 8.10 7.88 10.80 11.02 10.44 11.53 11.46 13.65 12.78 13.58 13.29 12.12 14.16 10.73 7.15 7.74 5.18 4.45 8.25 5.69 6.06 5.18 5.18 5.18 5.11 4.60 4.31 4.16 3.94 4.96 8.98 10.95 10.07 13.07 9.24 3.58 4.39 1.40 1.95 1.32 1.73 0.00 0.00 0.00 0.00 0.00 0.00
1.24 2.12 0.29 0.00 0.00 0.00 0.00 0.00 0.00 0.00 0.00 0.00 0.00 0.00 0.00 0.00 0.00 0.00 3.29 2.85 3.94 4.89 5.62 5.55 7.01 6.72 5.91 5.69 5.26 5.48 5.18 6.64 7.59 7.37 7.45 7.45 8.32 8.10 7.88 10.80 11.02 10.44 11.53 11.46 13.65 12.78 13.58 13.29 12.12 14.16 10.73 7.15 7.74 5.18 4.45 8.25 5.69 6.06 5.18 5.18 5.18 5.11 4.60 4.31 4.16 3.94 4.96 8.98 10.95 10.07 13.07 9.20 3.52 4.33 1.40 2.04 1.17 1.66 0.00 0.00 0.00 0.00 0.00 0.00
0.00 0.88 0.37 0.00 0.00 0.00 0.00 0.00 0.00 0.00 0.00 0.00 0.00 0.00 0.00 0.00 0.00 2.48 2.19 2.99 2.56 4.16 2.85 4.60 5.69 6.13 5.69 4.09 4.96 7.01 6.79 7.59 8.32 8.69 10.07 10.07 10.07 9.27 10.07 11.90 12.56 13.43 12.48 14.38 14.45 14.89 14.24 14.67 13.94 14.24 11.61 13.51 11.24 10.37 9.20 9.78 7.59 6.28 5.77 7.59 7.59 4.53 4.60 5.62 4.53 4.45 4.16 5.99 8.61 8.54 8.18 6.94 3.14 1.70 1.54 0.76 1.13 0.00 0.17 0.00 0.00 0.00 0.00 0.00
