Wansh/Snow_depth/snowdepth-1996/winter/1996349.txt
ncols 321
nrows 161
xllcenter 60
yllcenter 15 
cellsize  0.25 
NODATA_value -1
[rows 0 to 36 of 161, columns 84 to 167 of 321]
12.70 12.48 12.78 11.32 10.59 8.83 5.84 5.69 4.67 4.38 5.33 7.59 7.01 8.10 8.54 10.00 9.78 10.66 10.66 11.10 10.59 10.15 0.00 6.28 4.89 1.61 1.61 0.00 0.00 0.00 0.00 2.56 0.00 5.04 4.45 5.69 6.79 7.01 5.99 0.00 0.00 0.00 0.00 0.00 0.37 0.37 0.37 1.61 1.17 2.19 3.14 3.43 5.04 4.82 5.18 4.96 2.85 2.26 2.26 1.46 1.17 1.39 1.10 0.44 0.37 1.39 1.90 1.83 1.83 2.56 5.77 4.74 7.15 7.23 7.81 5.69 7.52 7.15 8.25 8.32 6.35 5.55 5.40 4.38
11.10 10.07 10.66 9.49 7.74 8.10 6.06 6.35 8.18 7.30 6.86 7.01 7.08 7.15 5.55 8.40 8.10 9.27 9.27 10.00 9.86 7.52 0.00 0.00 1.83 0.00 0.00 0.00 0.00 0.00 0.00 0.00 0.00 4.16 4.53 6.13 5.48 6.06 0.00 0.00 2.92 3.21 3.14 3.14 1.83 0.00 2.41 2.04 2.04 1.75 1.83 2.92 2.85 2.26 3.29 3.14 2.99 1.90 2.63 3.14 1.68 3.94 0.95 2.92 1.75 1.53 4.38 3.43 3.43 3.58 5.33 8.10 7.66 8.91 8.32 9.05 7.45 8.40 8.32 7.37 5.77 5.77 5.69 5.55
9.27 10.22 8.69 7.30 7.52 7.37 8.40 8.47 8.40 11.32 9.05 9.05 7.01 5.55 3.50 4.31 3.80 5.91 5.91 7.52 8.54 0.00 0.00 0.00 0.00 0.00 0.00 0.00 0.44 0.37 0.22 0.66 2.19 3.14 4.38 4.96 5.84 5.69 5.69 5.48 4.23 0.00 5.04 5.04 3.29 4.23 3.43 2.04 2.70 1.83 1.02 1.90 1.61 2.63 2.99 3.29 3.14 3.36 4.67 4.89 4.74 5.69 4.23 3.65 8.18 6.06 5.69 8.40 8.40 6.20 6.57 7.59 8.40 8.25 8.98 10.07 10.00 10.37 8.54 8.32 9.71 9.86 7.08 6.20
9.27 10.22 8.69 7.30 7.52 7.37 8.40 8.47 8.40 11.32 9.05 9.05 7.01 5.55 3.50 4.31 3.80 5.91 5.91 7.52 8.54 0.00 0.00 0.00 0.00 0.00 0.00 0.00 0.44 0.37 0.22 0.66 2.19 3.14 4.38 4.96 5.84 5.69 5.69 5.48 4.23 0.00 5.04 5.04 3.29 4.23 3.43 2.04 2.70 1.83 1.02 1.90 1.61 2.63 2.99 3.29 3.14 3.36 4.67 4.89 4.74 5.69 4.23 3.65 8.18 6.06 5.69 8.40 8.40 6.20 6.57 7.59 8.40 8.25 8.98 10.07 10.00 10.37 8.54 8.32 9.71 9.86 7.08 6.20
8.61 7.52 7.37 7.96 7.81 8.10 9.71 9.56 11.61 9.86 9.49 9.71 7.15 7.45 6.64 6.28 4.60 4.96 4.96 5.99 5.69 0.00 0.00 4.09 1.83 0.58 0.80 0.00 0.00 0.37 0.22 1.61 0.88 2.41 3.58 4.16 5.91 5.69 5.77 5.84 5.33 4.23 0.00 0.00 3.29 4.89 4.96 3.50 3.87 2.04 0.29 1.39 1.31 1.17 1.17 2.48 2.12 3.94 3.50 6.20 6.86 6.35 9.34 10.80 10.22 14.02 10.37 11.68 11.68 10.66 7.96 7.96 7.15 8.61 7.96 8.03 10.15 10.29 8.40 9.42 9.64 8.47 7.23 7.30
8.32 7.74 7.88 8.03 8.18 7.66 6.57 5.77 7.23 6.42 8.61 7.45 7.66 7.37 7.23 7.37 7.37 7.88 7.88 0.00 0.00 0.00 0.00 0.00 0.00 0.58 0.00 0.00 0.00 0.00 0.22 1.24 2.12 3.80 4.23 3.94 5.62 5.69 6.28 5.26 5.33 4.82 3.50 3.50 4.09 4.74 5.18 3.87 1.83 1.24 1.53 0.22 0.73 1.31 1.75 1.46 2.41 3.87 3.65 3.87 5.77 9.78 9.05 12.48 14.09 14.16 13.72 11.97 11.97 12.12 9.78 7.81 7.88 8.61 6.28 6.35 5.40 5.91 6.35 5.04 5.77 6.86 7.08 7.81
6.64 6.79 6.50 7.66 7.66 7.01 7.74 6.42 7.15 5.40 5.62 4.74 6.72 6.20 7.30 7.45 7.96 4.60 4.60 0.00 0.00 0.00 0.00 0.00 0.00 0.00 0.00 0.00 0.00 0.00 0.00 0.44 1.31 1.46 2.63 4.45 5.69 5.04 5.69 4.60 4.45 3.80 3.50 3.50 4.16 4.31 3.72 1.68 0.58 0.29 0.22 1.68 1.46 0.51 2.77 1.83 3.21 3.87 4.31 4.31 5.40 8.91 11.24 11.24 10.07 13.29 12.70 11.02 11.02 10.66 10.80 9.86 9.20 9.56 9.20 5.99 6.06 5.84 4.38 4.31 5.04 5.62 5.62 7.52
6.64 6.79 6.50 7.66 7.66 7.01 7.74 6.42 7.15 5.40 5.62 4.74 6.72 6.20 7.30 7.45 7.96 4.60 4.60 0.00 0.00 0.00 0.00 0.00 0.00 0.00 0.00 0.00 0.00 0.00 0.00 0.44 1.31 1.46 2.63 4.45 5.69 5.04 5.69 4.60 4.45 3.80 3.50 3.50 4.16 4.31 3.72 1.68 0.58 0.29 0.22 1.68 1.46 0.51 2.77 1.83 3.21 3.87 4.31 4.31 5.40 8.91 11.24 11.24 10.07 13.29 12.70 11.02 11.02 10.66 10.80 9.86 9.20 9.56 9.20 5.99 6.06 5.84 4.38 4.31 5.04 5.62 5.62 7.52
5.62 5.91 5.69 6.42 5.99 7.59 7.01 8.18 6.64 6.13 4.60 3.43 3.14 4.53 5.91 6.28 7.15 6.79 6.79 0.00 0.00 0.00 0.00 0.00 0.00 0.00 0.00 0.00 0.00 0.00 0.00 1.31 0.66 2.12 2.85 4.45 4.45 3.94 4.74 4.74 4.60 1.53 2.92 2.92 0.95 1.46 1.17 1.31 0.22 0.88 0.58 1.31 1.24 1.46 2.48 2.26 3.36 3.29 3.07 4.67 6.20 6.06 6.28 8.03 8.47 6.72 9.27 8.69 8.69 6.79 9.42 8.61 8.61 9.71 9.78 9.05 6.57 6.79 8.03 5.55 5.40 4.96 4.89 4.67
3.72 3.80 4.09 5.33 5.04 5.77 6.42 5.91 4.45 0.00 3.36 3.58 3.36 2.77 3.50 6.64 6.57 6.57 6.57 0.00 0.00 0.00 0.00 0.00 0.00 0.00 0.00 0.00 0.00 0.00 0.00 0.58 1.10 2.77 3.43 3.21 3.58 3.21 1.46 2.12 2.04 0.88 1.83 1.83 0.00 1.53 0.66 2.41 2.99 2.99 2.19 3.58 2.99 3.14 3.43 2.85 3.87 3.36 3.36 4.09 3.87 5.18 5.33 3.94 5.26 4.89 5.33 5.91 5.91 5.91 7.01 8.03 8.10 8.54 8.40 9.42 8.69 9.86 9.49 9.42 7.96 5.33 4.74 4.96
3.21 3.07 3.29 4.38 3.94 4.82 4.45 4.67 0.00 5.04 0.00 3.65 5.40 4.67 6.64 0.00 6.13 0.00 0.00 0.00 1.17 0.15 1.39 0.00 0.00 0.00 0.00 0.00 0.00 0.00 0.37 0.07 1.10 0.88 1.68 2.34 3.07 2.85 1.68 2.26 2.63 0.51 1.68 1.68 0.66 1.61 2.19 2.63 2.70 3.50 4.38 4.02 3.50 4.09 3.87 3.65 4.60 5.84 4.38 4.67 3.65 3.72 3.36 3.58 3.65 5.11 4.74 6.57 6.57 8.40 8.25 9.49 8.83 9.13 8.98 8.83 11.61 11.17 10.37 8.18 8.69 7.37 7.37 4.89
3.21 3.07 3.29 4.38 3.94 4.82 4.45 4.67 0.00 5.04 0.00 3.65 5.40 4.67 6.64 0.00 6.13 0.00 0.00 0.00 1.17 0.15 1.39 0.00 0.00 0.00 0.00 0.00 0.00 0.00 0.37 0.07 1.10 0.88 1.68 2.34 3.07 2.85 1.68 2.26 2.63 0.51 1.68 1.68 0.66 1.61 2.19 2.63 2.70 3.50 4.38 4.02 3.50 4.09 3.87 3.65 4.60 5.84 4.38 4.67 3.65 3.72 3.36 3.58 3.65 5.11 4.74 6.57 6.57 8.40 8.25 9.49 8.83 9.13 8.98 8.83 11.61 11.17 10.37 8.18 8.69 7.37 7.37 4.89
0.00 3.87 0.00 0.00 0.00 0.00 2.85 3.14 3.50 3.94 4.60 5.04 7.15 8.18 6.79 6.94 6.86 0.00 0.00 0.00 2.12 0.00 0.00 0.00 0.00 0.00 0.00 0.00 0.00 0.37 1.39 0.73 1.68 3.21 3.58 2.99 2.92 4.45 2.99 3.36 3.65 2.41 2.99 2.99 2.26 2.12 2.26 2.48 2.48 4.09 4.82 4.74 4.96 4.74 4.45 5.48 6.72 6.13 7.01 6.64 4.31 4.45 4.60 4.02 4.09 5.04 7.45 6.79 6.79 8.83 9.78 9.64 9.13 9.42 9.93 9.64 11.24 10.29 10.15 10.07 8.98 8.91 8.83 7.59
3.80 3.29 4.45 3.65 2.92 2.56 2.48 4.02 4.23 4.96 6.50 8.98 8.32 8.18 8.18 7.59 5.33 0.00 0.00 0.00 0.00 0.00 0.00 0.00 0.00 0.00 0.00 0.00 1.02 1.39 4.38 4.96 5.40 5.33 4.82 4.02 6.50 5.18 4.53 4.53 3.14 2.99 2.19 2.19 2.26 2.63 2.63 2.48 3.80 3.87 4.23 4.16 4.38 3.87 4.23 5.26 4.96 5.33 5.62 5.84 4.89 5.55 5.33 5.26 6.13 5.99 6.13 6.86 6.86 6.86 9.49 10.37 7.81 10.22 8.91 9.05 9.05 9.20 6.13 6.72 5.84 7.88 8.76 7.88
3.50 3.72 3.36 3.21 2.92 3.14 1.90 2.04 4.96 8.03 8.32 8.18 6.72 7.66 7.37 7.81 5.55 0.00 0.00 0.00 0.00 0.00 0.00 0.00 0.00 2.77 1.68 3.36 2.85 2.12 6.64 7.45 8.61 7.88 6.42 5.04 5.99 4.60 1.39 1.53 2.19 2.77 2.85 2.85 1.75 2.34 2.04 3.07 3.50 3.43 3.80 4.45 3.87 5.18 4.02 4.23 4.38 4.67 3.65 4.53 4.53 3.43 4.82 4.60 5.40 5.11 5.11 6.79 6.79 8.47 7.74 9.56 6.06 3.21 3.58 5.55 1.61 2.63 0.00 0.00 0.00 7.96 7.52 7.81
3.72 5.04 5.18 4.67 3.80 4.45 3.50 4.02 4.60 8.40 6.79 5.18 5.77 7.08 7.52 7.74 7.30 6.57 6.57 5.18 0.00 0.00 3.14 3.50 4.16 3.72 3.58 3.94 5.11 3.94 8.10 7.88 7.96 7.45 4.45 2.41 0.58 1.02 0.88 0.88 1.75 4.31 2.92 2.92 3.72 3.65 2.92 2.77 4.45 3.72 3.94 3.87 3.94 4.23 3.58 4.60 4.38 4.67 3.07 3.29 2.70 2.63 3.65 4.02 3.94 5.04 6.20 5.69 5.69 7.23 7.74 5.33 6.64 2.56 1.83 2.99 0.00 0.00 0.00 0.00 7.66 5.18 7.74 7.45
3.72 5.04 5.18 4.67 3.80 4.45 3.50 4.02 4.60 8.40 6.79 5.18 5.77 7.08 7.52 7.74 7.30 6.57 6.57 5.18 0.00 0.00 3.14 3.50 4.16 3.72 3.58 3.94 5.11 3.94 8.10 7.88 7.96 7.45 4.45 2.41 0.58 1.02 0.88 0.88 1.75 4.31 2.92 2.92 3.72 3.65 2.92 2.77 4.45 3.72 3.94 3.87 3.94 4.23 3.58 4.60 4.38 4.67 3.07 3.29 2.70 2.63 3.65 4.02 3.94 5.04 6.20 5.69 5.69 7.23 7.74 5.33 6.64 2.56 1.83 2.99 0.00 0.00 0.00 0.00 7.66 5.18 7.74 7.45
4.53 4.16 5.11 4.16 5.11 5.69 4.96 3.36 5.55 4.82 5.77 5.33 5.99 8.40 8.18 5.55 5.18 6.64 6.64 5.33 5.18 3.87 2.85 3.36 4.09 3.87 5.04 4.53 4.60 7.23 7.15 7.08 7.81 4.96 6.13 2.92 0.44 2.92 2.12 2.77 3.87 5.48 5.48 5.48 4.45 2.99 2.77 4.31 3.94 4.31 5.11 4.89 5.33 5.04 4.38 4.60 2.70 3.72 3.21 3.80 3.72 5.48 5.48 3.87 5.69 5.18 5.91 7.52 7.52 7.88 7.96 5.91 4.02 2.41 2.41 3.72 4.31 0.00 0.00 0.00 3.65 3.65 5.33 6.06
2.92 2.19 4.16 3.72 5.99 5.69 5.84 5.48 4.53 6.42 6.72 8.83 9.49 9.56 8.47 7.01 7.15 8.54 8.54 5.69 5.48 5.40 2.77 3.36 4.60 4.96 6.35 5.77 5.77 8.98 9.42 10.44 9.71 8.25 8.83 4.38 5.11 2.34 4.23 2.70 4.09 5.33 5.62 5.62 2.41 1.53 0.00 2.19 0.00 3.65 3.14 5.26 4.96 5.40 4.60 4.45 5.84 4.89 3.80 3.36 6.72 6.57 6.86 8.25 7.37 7.66 7.37 7.81 7.81 9.64 7.08 7.66 4.31 3.21 3.43 3.65 0.00 0.00 0.00 2.41 1.02 2.63 2.41 3.07
1.90 1.83 2.12 1.46 4.74 4.89 5.91 5.48 7.01 6.64 8.47 9.20 9.64 8.61 8.40 8.98 8.25 8.18 8.18 8.32 5.62 4.67 5.11 4.45 4.74 5.69 9.20 8.83 7.59 9.86 7.59 8.76 8.76 6.50 6.28 4.45 4.96 3.21 1.83 0.00 0.00 0.00 0.00 0.00 2.12 0.00 0.00 0.00 0.00 3.36 5.48 6.13 6.28 7.37 9.42 6.57 7.15 5.26 6.50 7.23 6.64 8.32 9.27 9.64 7.52 8.69 11.68 9.64 9.64 10.00 5.62 3.87 4.53 2.92 1.53 2.99 0.00 0.00 0.00 1.10 1.90 1.83 1.46 2.34
2.48 2.56 3.43 3.29 3.36 3.80 4.60 5.55 7.96 10.59 9.78 10.88 11.61 10.66 9.86 9.56 8.18 7.81 7.81 9.34 9.49 9.13 6.50 10.59 10.44 10.37 10.00 10.59 11.83 8.98 6.20 5.33 5.77 5.62 6.64 2.92 1.31 0.00 0.00 0.00 2.41 2.34 3.65 3.65 0.00 2.48 0.00 0.00 2.85 5.99 6.86 8.32 7.59 10.44 10.59 8.91 8.91 7.74 7.74 6.64 7.37 7.30 8.83 9.56 11.39 10.15 12.05 8.76 8.76 4.60 5.69 2.26 1.46 1.61 1.02 0.00 0.37 0.00 1.10 0.58 1.10 1.02 0.80 1.68
2.19 3.36 4.38 6.28 5.77 7.01 6.57 6.79 10.00 10.37 10.66 14.89 13.21 13.80 16.64 11.97 11.46 12.05 12.05 12.12 11.10 10.29 12.85 12.56 13.29 12.99 16.13 11.17 13.87 10.44 6.79 6.42 6.35 6.13 0.00 0.00 0.00 0.00 0.00 0.00 2.04 2.56 2.41 2.41 0.00 0.00 0.00 2.77 0.00 3.87 4.67 5.55 8.61 7.59 11.46 10.22 8.76 6.72 5.26 5.77 6.72 7.74 6.94 9.13 10.59 11.10 11.39 8.47 8.47 6.64 2.77 2.99 1.83 0.51 0.66 0.00 0.22 0.15 0.44 0.51 0.80 0.80 0.58 0.22
2.19 3.36 4.38 6.28 5.77 7.01 6.57 6.79 10.00 10.37 10.66 14.89 13.21 13.80 16.64 11.97 11.46 12.05 12.05 12.12 11.10 10.29 12.85 12.56 13.29 12.99 16.13 11.17 13.87 10.44 6.79 6.42 6.35 6.13 0.00 0.00 0.00 0.00 0.00 0.00 2.04 2.56 2.41 2.41 0.00 0.00 0.00 2.77 0.00 3.87 4.67 5.55 8.61 7.59 11.46 10.22 8.76 6.72 5.26 5.77 6.72 7.74 6.94 9.13 10.59 11.10 11.39 8.47 8.47 6.64 2.77 2.99 1.83 0.51 0.66 0.00 0.22 0.15 0.44 0.51 0.80 0.80 0.58 0.22
3.43 4.16 4.96 7.23 8.54 7.74 9.27 12.78 12.99 11.61 10.51 8.54 12.70 16.94 14.02 15.99 14.53 14.45 14.45 13.36 14.09 13.58 13.87 13.80 16.43 17.89 18.03 18.54 17.30 10.07 7.23 5.33 3.43 2.63 0.00 0.00 0.00 0.00 0.00 0.00 0.00 1.90 1.75 1.75 0.00 0.00 0.00 0.00 0.00 0.00 2.99 0.58 5.77 5.91 5.77 6.28 8.61 4.23 4.60 5.48 5.18 6.57 6.28 8.98 8.98 8.32 8.40 8.69 8.69 7.45 4.89 3.50 3.72 2.63 0.44 0.58 0.00 0.29 0.22 0.00 0.73 0.07 0.07 0.07
4.60 7.23 6.50 11.32 9.13 9.78 11.61 12.34 12.26 12.26 7.45 7.37 10.44 12.99 14.31 14.97 14.02 12.34 12.34 12.34 12.85 13.87 16.94 15.57 15.70 18.39 16.30 16.43 17.01 9.86 10.29 6.94 4.02 0.00 1.53 0.00 0.00 0.00 0.00 1.61 0.00 0.00 0.00 0.00 0.00 0.00 0.00 0.00 0.00 0.00 0.00 2.19 0.00 4.31 4.96 4.38 2.77 2.85 3.21 4.74 4.02 6.42 6.72 6.94 7.59 7.66 6.50 7.01 7.01 6.79 7.96 6.28 3.72 4.23 2.12 1.90 0.15 0.80 0.58 0.95 0.80 0.00 0.00 0.00
5.99 6.42 6.79 9.27 6.13 5.99 6.50 3.94 5.26 6.57 8.10 7.74 9.78 11.83 12.70 12.78 12.70 11.83 11.83 10.44 11.39 16.13 17.30 17.23 20.65 16.39 17.72 17.99 16.28 12.05 8.76 9.93 5.04 6.57 3.58 1.46 0.80 1.46 0.95 2.85 2.26 0.00 2.26 2.26 0.00 0.00 0.00 0.00 0.00 0.00 0.00 0.00 0.00 3.43 4.96 3.65 3.50 3.58 3.14 4.16 5.40 5.91 5.91 5.84 6.72 5.84 5.69 6.86 6.86 8.10 8.03 7.08 4.16 2.99 3.07 3.87 3.43 1.68 1.46 1.68 0.73 0.88 0.44 0.00
5.69 6.86 5.40 7.08 3.29 2.70 1.39 2.41 4.02 3.87 0.00 6.94 10.29 11.39 10.29 11.46 11.75 12.56 12.56 13.58 15.70 15.34 17.54 16.71 17.55 18.84 19.23 18.58 17.23 15.72 16.43 11.46 9.93 5.18 5.33 3.50 4.82 3.21 2.70 2.99 1.83 0.00 0.00 0.00 0.00 0.00 0.00 0.00 0.00 0.00 0.00 1.68 3.72 5.11 4.96 4.74 5.18 3.87 6.86 6.57 7.81 10.44 7.96 7.37 8.83 5.18 7.23 7.01 7.01 10.00 7.30 7.01 7.45 5.18 5.62 5.55 4.45 2.85 2.85 1.31 0.58 0.73 0.37 1.75
4.31 3.94 3.72 2.41 2.26 2.41 2.26 2.26 1.97 0.07 0.00 0.00 3.50 6.50 5.69 8.69 5.99 8.83 8.83 11.62 13.49 9.71 13.70 12.70 15.56 14.75 17.38 19.76 20.12 19.17 17.46 17.59 12.99 15.77 11.90 7.74 8.98 4.31 4.38 2.99 2.34 0.00 0.00 0.00 0.00 0.00 0.00 0.00 0.00 0.00 1.39 1.10 3.14 5.26 5.77 5.62 5.55 6.13 8.61 10.88 12.34 11.83 13.36 11.17 12.19 12.48 10.15 11.97 11.97 12.41 8.61 8.32 7.15 7.74 6.06 4.23 4.60 3.21 3.50 3.14 2.77 1.53 1.97 1.75
4.31 3.94 3.72 2.41 2.26 2.41 2.26 2.26 1.97 0.07 0.00 0.00 3.50 6.50 5.69 8.69 5.99 8.83 8.88 12.00 13.70 10.39 13.35 13.03 15.33 14.75 16.86 18.36 18.80 19.47 17.64 18.33 14.60 16.69 12.20 7.74 8.98 4.31 4.38 2.99 2.34 0.00 0.00 0.00 0.00 0.00 0.00 0.00 0.00 0.00 1.39 1.10 3.14 5.26 5.77 5.62 5.55 6.13 8.61 10.88 12.34 11.83 13.36 11.17 12.19 12.48 10.15 11.97 11.97 12.41 8.61 8.32 7.15 7.74 6.06 4.23 4.60 3.21 3.50 3.14 2.77 1.53 1.97 1.75
3.87 1.46 4.31 3.87 3.87 4.23 7.08 7.23 3.72 4.23 0.88 2.19 0.00 0.00 0.00 0.00 5.11 6.64 6.64 6.35 5.26 6.20 8.29 5.11 8.61 8.48 15.93 14.01 16.50 15.41 17.62 17.17 18.00 19.30 15.43 11.50 9.36 4.96 5.04 3.21 2.12 0.00 0.00 0.00 0.00 0.00 0.00 0.00 0.00 3.21 2.85 2.85 4.02 3.65 5.33 3.43 5.77 5.11 8.03 9.42 11.68 12.48 11.75 14.53 15.62 15.84 15.40 13.21 13.21 12.48 13.21 10.00 7.15 6.57 6.57 6.50 3.72 3.94 3.80 2.99 2.34 2.48 2.12 1.53
3.14 4.09 3.87 5.18 4.09 5.99 8.40 9.42 7.59 8.18 5.48 2.56 0.00 0.00 0.00 5.26 6.28 7.88 7.88 8.14 6.50 5.36 4.60 2.70 3.59 5.93 4.38 9.15 12.14 12.31 15.40 14.67 14.97 17.26 17.05 16.89 13.64 13.94 9.20 5.48 5.26 2.41 3.14 3.14 0.80 0.00 0.00 3.58 3.14 3.58 4.38 4.23 2.56 3.07 3.65 0.00 4.67 6.50 5.55 8.54 8.61 11.10 14.82 13.58 16.28 15.04 14.53 14.45 14.45 14.09 11.10 11.90 8.83 7.30 6.86 6.50 6.57 3.94 4.09 3.94 3.21 2.63 1.97 2.19
4.74 5.04 5.04 5.62 8.10 7.01 8.69 9.56 9.56 8.76 7.74 5.11 4.53 8.10 9.05 9.93 10.59 9.71 9.71 8.18 8.83 5.26 5.91 3.80 0.00 0.00 0.00 6.19 8.57 12.60 12.99 14.89 14.45 15.62 17.60 16.78 16.04 17.08 11.75 10.66 14.82 10.00 6.13 6.13 2.04 1.17 1.61 2.04 3.94 3.58 3.87 3.87 2.56 0.00 2.12 0.00 3.36 4.89 6.86 8.91 8.69 8.91 14.31 15.26 15.33 14.89 13.58 12.19 12.19 14.09 9.86 5.33 2.41 6.79 5.48 7.66 7.37 8.47 9.64 5.62 5.77 4.89 4.09 2.41
0.00 0.00 1.02 4.38 6.13 8.83 5.26 7.30 6.72 8.40 8.76 7.08 6.79 8.98 9.56 8.69 8.69 8.40 8.40 4.89 6.79 7.88 7.74 6.06 7.08 0.00 0.00 5.72 7.81 10.37 12.34 12.12 11.46 15.77 17.23 19.27 17.94 15.96 18.32 15.93 16.79 12.92 7.08 7.08 4.09 4.53 0.00 1.53 0.00 0.00 0.00 3.07 0.00 1.68 2.41 3.36 2.77 5.40 6.06 7.74 7.30 7.37 11.02 12.12 8.47 14.16 11.17 9.05 9.05 8.54 9.56 3.43 0.66 2.26 3.14 7.52 9.34 11.24 10.73 9.78 8.18 7.45 6.20 5.11
0.00 0.00 0.00 0.00 0.00 0.00 1.83 3.58 3.91 6.06 6.06 6.13 6.57 7.45 7.15 6.86 5.26 1.90 1.90 4.02 6.57 9.42 7.37 8.40 8.61 6.35 7.88 7.37 8.98 9.27 9.20 9.05 10.07 12.41 14.89 18.98 20.88 20.37 19.71 17.37 13.94 15.40 10.59 10.59 6.94 7.81 4.16 4.82 3.65 0.00 0.00 2.77 2.85 2.56 2.56 3.50 2.77 4.38 4.45 4.38 6.06 5.04 5.26 8.10 5.48 4.74 7.74 6.57 6.57 2.77 0.00 2.26 0.00 1.24 2.04 4.60 6.20 9.56 9.20 9.64 7.37 7.30 5.62 5.77
0.00 0.00 0.00 0.00 0.00 0.00 0.00 3.50 4.42 3.94 4.02 5.40 5.55 6.50 4.89 1.68 1.68 1.90 1.90 3.58 6.13 3.21 4.74 7.74 5.48 8.03 8.25 7.52 8.60 8.85 8.85 9.02 9.63 12.34 11.39 15.55 20.08 20.79 19.86 19.20 16.52 15.77 14.16 14.16 11.02 13.21 7.88 5.33 4.96 8.47 5.33 2.85 0.00 0.00 0.00 0.00 0.00 2.63 3.94 2.77 4.60 4.74 4.53 4.74 4.89 4.31 4.60 0.00 0.00 1.97 0.00 0.00 0.00 0.00 0.66 0.00 0.00 4.82 6.35 6.64 6.35 7.23 4.96 2.19
0.00 0.00 0.00 0.00 0.00 0.00 0.00 3.50 4.31 3.94 4.02 5.40 5.55 6.50 4.89 1.68 1.68 1.91 1.90 3.58 6.13 3.21 4.74 7.74 5.48 8.03 8.25 7.52 8.47 8.54 8.54 8.98 9.34 12.34 11.45 15.63 20.08 20.69 20.06 19.20 16.35 15.77 14.16 14.16 11.02 13.21 7.88 5.33 4.96 8.47 5.33 2.85 0.00 0.00 0.00 0.00 0.00 2.63 3.94 2.77 4.60 4.74 4.53 4.74 4.89 4.31 4.60 0.00 0.00 1.97 0.00 0.00 0.00 0.00 0.66 0.00 0.00 4.82 6.35 6.64 6.35 7.23 4.96 2.19
0.00 0.00 0.00 0.00 0.00 0.00 7.30 6.89 6.00 3.94 4.38 4.89 4.16 2.26 0.44 0.00 1.68 0.00 0.00 0.00 0.00 0.00 2.56 0.15 3.43 5.69 3.72 4.67 8.25 8.25 8.47 8.98 9.34 9.86 10.44 11.83 16.28 18.25 19.96 13.51 12.78 14.38 14.09 14.09 13.07 15.48 12.19 13.87 11.17 7.30 7.15 8.61 3.94 1.90 0.00 0.00 0.00 0.00 2.48 4.38 4.09 5.33 5.26 4.16 3.94 4.31 0.00 0.00 0.00 0.00 0.00 0.00 0.00 0.00 0.00 0.00 0.00 0.00 0.00 3.50 5.62 4.02 4.67 1.39
