Wansh/Snow_depth/snowdepth-1996/winter/1997013.txt
ncols 321
nrows 161
xllcenter 60
yllcenter 15 
cellsize  0.25 
NODATA_value -1
[rows 0 to 36 of 161, columns 0 to 83 of 321]
4.38 4.38 6.94 6.28 7.96 8.61 8.83 8.10 8.61 8.61 8.83 8.40 8.69 8.25 8.25 8.47 7.74 8.10 8.10 8.25 9.20 9.13 9.13 8.47 8.69 7.01 7.01 6.86 6.94 6.35 6.13 7.01 6.79 6.86 7.96 7.74 7.66 8.40 9.05 9.05 10.29 9.86 10.07 9.49 9.49 9.34 9.20 9.13 9.71 8.83 9.56 9.56 9.56 9.05 9.71 9.27 10.37 11.10 10.29 10.66 10.29 12.70 12.41 12.41 14.02 13.43 12.99 12.99 12.99 11.17 11.90 10.15 12.48 13.94 13.87 13.87 13.87 14.53 14.97 14.60 15.40 16.79 17.01 18.25
7.96 7.96 7.30 9.71 9.56 9.86 9.64 10.15 10.29 9.05 9.13 9.13 9.34 8.18 7.66 8.10 6.86 7.52 8.47 8.32 8.32 8.32 6.72 7.23 6.50 6.06 6.06 6.20 5.69 5.84 6.13 5.77 6.42 5.18 5.11 5.11 6.72 8.03 7.96 8.32 6.50 6.64 6.79 6.20 6.20 6.13 6.64 6.06 7.88 7.45 8.98 8.98 7.74 8.76 8.76 8.47 9.78 10.15 11.53 11.90 13.07 14.02 14.60 13.29 13.21 12.78 13.14 10.00 10.80 9.56 10.22 10.15 11.46 13.72 14.67 15.33 15.33 15.62 15.48 17.52 17.23 17.23 17.59 17.37
10.29 10.29 10.15 10.51 11.97 12.05 10.66 10.29 10.37 10.07 9.20 9.71 7.81 6.94 7.37 6.35 6.64 6.79 6.57 6.64 6.13 5.69 6.06 4.74 4.74 5.84 5.84 5.40 5.84 5.33 5.55 5.91 3.80 4.09 3.87 5.91 5.40 7.74 7.81 7.52 5.91 5.77 5.48 5.77 3.80 3.58 3.21 4.82 5.26 5.40 6.79 6.79 5.26 6.50 6.20 7.59 8.98 8.91 9.64 10.37 11.90 12.56 12.99 12.92 13.36 12.78 12.41 12.12 11.97 9.64 12.63 13.58 14.89 14.09 15.55 15.55 15.55 14.97 15.33 15.70 15.55 17.01 16.13 15.84
10.29 10.29 10.15 10.51 11.97 12.05 10.66 10.29 10.37 10.07 9.20 9.71 7.81 6.94 7.37 6.35 6.64 6.79 6.57 6.64 6.13 5.69 6.06 4.74 4.74 5.84 5.84 5.40 5.84 5.33 5.55 5.91 3.80 4.09 3.87 5.91 5.40 7.74 7.81 7.52 5.91 5.77 5.48 5.77 3.80 3.58 3.21 4.82 5.26 5.40 6.79 6.79 5.26 6.50 6.20 7.59 8.98 8.91 9.64 10.37 11.90 12.56 12.99 12.92 13.36 12.78 12.41 12.12 11.97 9.64 12.63 13.58 14.89 14.09 15.55 15.55 15.55 14.97 15.33 15.70 15.55 17.01 16.13 15.84
10.22 10.22 9.86 10.00 11.39 10.44 10.73 9.49 9.34 9.78 7.81 8.10 7.96 6.94 6.42 7.30 5.91 6.57 5.69 5.69 5.84 4.89 4.53 5.18 5.18 5.91 5.91 5.55 5.55 5.62 5.18 5.18 5.48 4.60 4.02 4.53 4.89 5.55 5.33 5.11 3.58 3.94 3.58 3.72 3.80 2.70 3.94 4.96 5.69 5.69 4.67 4.67 4.96 5.26 6.57 6.57 8.03 9.64 9.56 8.91 9.71 11.46 12.85 13.80 12.26 13.14 15.04 13.94 12.85 13.65 13.43 14.82 17.37 16.94 16.79 16.28 16.28 15.84 15.91 15.11 15.91 14.89 13.80 13.29
10.29 10.29 10.00 11.53 12.41 12.63 9.71 10.29 8.76 8.47 8.54 8.69 8.25 8.32 7.37 6.42 6.64 7.59 7.96 8.18 5.11 5.26 5.55 5.91 6.20 6.50 6.50 6.86 7.15 6.94 7.96 5.55 8.10 7.52 5.77 4.74 5.69 4.74 6.13 7.37 5.62 6.35 5.62 5.99 4.82 5.04 4.23 4.31 5.26 6.06 6.28 6.28 5.40 5.84 7.08 8.54 9.27 8.69 9.93 10.07 10.15 11.90 14.02 14.53 15.70 14.67 15.33 14.45 13.80 16.35 16.06 16.21 17.08 17.01 17.81 16.35 16.35 15.40 15.70 15.04 15.62 13.87 13.65 14.45
10.29 10.29 11.83 11.61 12.63 10.66 11.32 9.42 9.20 9.78 8.54 7.96 8.10 7.96 8.32 8.47 8.25 8.10 9.56 8.69 9.49 9.56 9.78 7.37 7.30 7.37 7.37 8.32 8.18 8.18 9.34 9.13 9.27 8.25 9.20 8.76 7.88 7.66 7.37 9.34 9.42 9.78 8.32 7.45 11.10 10.59 10.95 7.45 5.62 5.77 5.55 5.55 5.33 6.13 7.15 8.32 8.25 9.34 9.34 10.80 12.05 11.02 13.51 13.51 15.84 17.30 17.89 16.79 17.37 16.64 17.16 16.50 15.70 17.01 16.86 16.79 16.79 15.04 14.02 12.26 12.99 12.56 12.56 11.83
10.29 10.29 11.83 11.61 12.63 10.66 11.32 9.42 9.20 9.78 8.54 7.96 8.10 7.96 8.32 8.47 8.25 8.10 9.56 8.69 9.49 9.56 9.78 7.37 7.30 7.37 7.37 8.32 8.18 8.18 9.34 9.13 9.27 8.25 9.20 8.76 7.88 7.66 7.37 9.34 9.42 9.78 8.32 7.45 11.10 10.59 10.95 7.45 5.62 5.77 5.55 5.55 5.33 6.13 7.15 8.32 8.25 9.34 9.34 10.80 12.05 11.02 13.51 13.51 15.84 17.30 17.89 16.79 17.37 16.64 17.16 16.50 15.70 17.01 16.86 16.79 16.79 15.04 14.02 12.26 12.99 12.56 12.56 11.83
10.44 10.44 12.70 12.85 13.29 11.32 10.59 11.39 9.42 8.10 8.54 7.37 8.03 8.10 9.56 9.49 10.66 11.61 11.75 10.22 10.73 10.51 11.24 9.49 9.78 10.37 10.37 11.61 11.10 12.70 12.99 11.46 12.41 11.46 9.78 12.99 13.14 11.02 13.94 13.43 12.78 11.83 12.05 11.68 11.68 11.75 11.10 10.00 9.64 8.10 5.77 5.77 6.42 4.16 3.80 7.37 8.18 8.18 9.13 10.44 14.53 15.18 14.82 16.43 15.62 17.16 17.16 17.45 14.89 15.26 15.33 15.18 12.70 16.43 12.05 12.05 12.05 10.66 10.80 10.95 9.56 7.88 7.37 8.83
12.26 12.26 13.07 12.48 11.68 12.05 11.02 9.71 10.22 8.69 8.10 8.18 8.83 10.73 10.51 11.46 12.26 12.41 11.61 12.34 12.12 12.34 11.97 10.88 11.02 11.02 11.02 11.24 12.92 12.56 13.43 14.45 14.16 12.85 13.51 13.51 13.21 14.82 14.82 14.75 13.80 13.65 13.07 12.78 13.51 12.26 12.48 10.95 11.90 10.22 8.76 8.76 9.34 5.77 6.28 6.20 8.91 9.20 10.73 12.34 15.55 15.70 16.72 16.13 16.72 14.53 13.43 13.65 13.51 13.51 11.97 12.63 12.34 11.75 11.53 10.51 10.51 9.20 8.40 8.03 8.10 7.52 6.79 7.52
11.75 11.75 11.24 11.83 10.95 11.17 11.10 10.59 9.27 9.27 10.59 10.29 9.93 10.66 10.29 10.29 10.07 10.29 11.61 12.63 12.05 12.34 11.10 10.44 10.44 11.97 11.97 14.38 13.80 15.77 16.50 15.33 15.91 14.89 13.65 13.65 13.51 13.80 13.80 13.94 13.14 13.36 11.97 13.21 13.87 13.51 13.87 12.63 12.05 10.73 9.93 9.93 10.15 8.32 8.69 7.88 9.13 10.37 12.12 11.02 12.34 15.84 11.24 11.68 12.78 12.12 12.56 11.97 10.88 11.24 12.05 11.83 12.19 11.39 11.53 10.00 10.00 8.10 8.98 8.25 9.71 9.64 9.64 8.10
11.75 11.75 11.24 11.83 10.95 11.17 11.10 10.59 9.27 9.27 10.59 10.29 9.93 10.66 10.29 10.29 10.07 10.29 11.61 12.63 12.05 12.34 11.10 10.44 10.44 11.97 11.97 14.38 13.80 15.77 16.50 15.33 15.91 14.89 13.65 13.65 13.51 13.80 13.80 13.94 13.14 13.36 11.97 13.21 13.87 13.51 13.87 12.63 12.05 10.73 9.93 9.93 10.15 8.32 8.69 7.88 9.13 10.37 12.12 11.02 12.34 15.84 11.24 11.68 12.78 12.12 12.56 11.97 10.88 11.24 12.05 11.83 12.19 11.39 11.53 10.00 10.00 8.10 8.98 8.25 9.71 9.64 9.64 8.10
11.32 11.32 11.32 11.75 12.05 11.39 11.17 10.80 10.80 11.39 11.46 10.22 10.00 10.07 9.93 9.56 9.64 10.00 11.10 10.95 10.88 10.07 10.44 10.07 11.10 10.59 10.59 14.02 15.84 15.40 15.84 15.11 15.33 14.16 11.97 11.90 11.90 12.78 12.56 11.90 12.56 10.88 10.29 13.07 13.14 13.07 14.16 13.21 13.65 10.29 10.51 10.51 9.78 9.86 8.76 11.02 9.27 10.51 9.13 10.29 11.53 10.15 11.68 11.46 12.56 11.68 13.14 12.34 13.72 13.07 13.80 13.80 10.59 7.37 7.52 7.15 7.15 6.50 9.71 8.10 9.71 8.40 3.58 6.42
12.12 12.12 11.97 12.41 12.34 12.41 11.53 11.90 11.61 11.83 10.44 10.80 9.71 9.27 9.34 8.32 9.49 9.34 10.44 11.02 11.24 9.93 8.10 8.69 8.61 10.44 10.44 12.48 14.89 12.26 10.73 14.02 9.20 8.61 9.05 9.05 10.37 9.93 9.93 10.88 9.64 10.95 10.95 11.10 12.70 12.78 11.90 11.61 11.61 11.53 10.88 10.88 10.29 8.18 6.86 6.50 8.25 8.83 8.54 11.10 10.88 9.20 4.89 8.03 9.64 8.76 12.56 12.34 10.22 12.48 11.90 14.53 11.24 6.72 6.42 5.26 5.26 8.03 6.35 7.23 7.96 2.34 4.02 5.77
11.32 11.32 10.80 12.78 12.26 10.66 10.88 11.32 11.53 11.46 9.56 8.03 8.91 8.18 7.88 7.96 7.45 8.69 7.81 10.73 8.54 7.52 7.81 8.32 9.05 8.76 8.76 10.07 9.78 10.15 8.25 7.81 7.74 7.66 9.27 10.22 9.93 11.17 8.61 8.98 9.42 9.49 10.29 9.93 10.29 11.75 11.53 11.97 11.10 10.22 10.22 10.22 9.71 5.48 7.59 6.86 7.01 4.82 5.18 3.87 4.53 3.72 2.77 5.33 2.19 5.69 5.26 5.04 9.27 11.32 8.32 10.59 10.07 9.27 7.15 6.35 6.35 6.42 6.64 3.87 3.58 3.65 3.72 6.42
9.49 9.49 10.80 9.78 10.66 10.80 9.05 8.76 9.93 7.66 7.66 7.81 7.45 6.13 6.94 7.08 7.52 7.59 6.50 5.69 5.48 4.02 4.16 6.64 5.26 4.96 4.96 4.96 7.45 5.11 5.40 5.99 6.20 6.79 7.01 7.15 9.20 9.20 9.20 9.13 9.34 9.05 8.76 8.61 9.27 9.86 9.64 10.80 10.80 11.02 11.02 11.02 7.15 7.52 9.42 4.23 5.18 4.96 3.29 3.94 3.65 3.58 3.07 2.26 1.31 3.14 5.33 2.99 2.99 3.21 6.20 6.35 7.37 6.42 7.23 8.61 8.61 7.66 8.61 7.52 6.57 7.30 6.28 6.50
9.49 9.49 10.80 9.78 10.66 10.80 9.05 8.76 9.93 7.66 7.66 7.81 7.45 6.13 6.94 7.08 7.52 7.59 6.50 5.69 5.48 4.02 4.16 6.64 5.26 4.96 4.96 4.96 7.45 5.11 5.40 5.99 6.20 6.79 7.01 7.15 9.20 9.20 9.20 9.13 9.34 9.05 8.76 8.61 9.27 9.86 9.64 10.80 10.80 11.02 11.02 11.02 7.15 7.52 9.42 4.23 5.18 4.96 3.29 3.94 3.65 3.58 3.07 2.26 1.31 3.14 5.33 2.99 2.99 3.21 6.20 6.35 7.37 6.42 7.23 8.61 8.61 7.66 8.61 7.52 6.57 7.30 6.28 6.50
11.53 11.53 11.68 10.73 9.86 8.98 7.88 7.96 8.10 8.40 7.96 6.86 7.30 5.55 4.74 5.11 5.77 4.96 5.33 3.94 3.07 3.58 2.63 3.43 4.23 4.02 4.02 4.82 5.33 5.11 6.13 7.01 7.45 7.59 7.88 8.40 8.54 8.40 8.47 8.18 9.27 9.05 9.20 8.69 7.66 7.88 8.61 9.78 8.98 10.37 9.93 9.93 10.44 9.05 7.30 5.40 6.64 2.77 5.33 3.65 1.75 1.53 1.17 1.46 1.31 1.10 0.80 1.83 3.14 1.17 2.77 3.43 2.19 2.63 7.23 7.23 7.23 7.23 8.18 7.59 6.57 7.59 6.57 7.08
12.92 12.92 12.05 12.19 10.88 8.54 8.18 8.25 8.18 4.82 5.69 2.70 4.31 4.45 4.23 3.72 3.65 3.80 3.21 3.29 3.50 2.56 3.72 2.56 4.09 4.74 4.74 4.82 5.11 6.86 8.03 8.98 8.91 9.20 7.88 8.10 6.94 7.59 7.45 8.10 8.25 8.47 8.47 8.10 7.23 7.81 8.91 9.05 9.05 9.78 9.56 9.56 9.42 9.56 6.86 9.05 7.52 5.91 6.35 1.97 2.48 0.00 2.63 0.00 0.44 0.15 0.73 1.61 0.66 1.24 1.46 0.00 0.66 2.48 2.77 0.44 0.44 3.21 5.11 5.77 5.77 5.04 4.67 6.06
12.63 12.63 10.44 11.17 11.83 8.54 7.08 5.04 7.37 4.67 2.12 2.70 1.39 2.70 3.21 3.36 2.70 3.50 3.36 3.72 4.16 4.09 4.67 4.82 4.31 4.53 4.53 4.23 5.91 5.62 6.28 8.69 8.98 8.83 8.18 4.74 4.82 6.13 6.28 7.37 8.18 6.86 7.96 7.81 8.54 8.61 9.05 9.05 9.56 9.34 9.42 9.42 8.25 8.32 9.05 8.69 8.69 5.48 6.57 2.34 0.44 4.60 4.89 3.29 0.58 1.61 1.02 0.80 0.95 1.02 0.95 0.00 0.15 0.58 0.07 0.58 0.58 1.46 3.43 0.00 5.62 5.11 4.82 4.60
8.10 8.10 8.76 5.18 2.77 5.33 5.77 3.58 1.83 3.80 1.31 1.46 1.24 2.19 2.85 3.72 3.87 4.53 5.04 4.82 4.45 4.82 5.11 4.09 4.89 4.53 4.53 4.60 4.45 5.91 7.01 6.86 7.37 6.13 4.89 4.31 3.94 5.55 5.48 6.57 5.84 6.06 5.40 5.91 7.23 7.59 10.29 9.86 9.78 9.64 8.18 8.18 7.08 7.81 8.47 7.15 7.66 7.52 7.01 6.64 6.13 6.42 5.77 4.96 2.99 1.97 1.31 2.70 2.12 1.31 0.00 0.00 0.22 0.29 0.29 1.24 1.24 5.11 0.00 4.89 8.10 8.69 5.55 4.67
2.04 2.04 3.43 4.16 0.88 1.17 2.26 2.26 0.00 0.00 0.00 0.00 0.00 2.85 2.63 4.31 4.60 4.45 5.99 5.99 5.99 6.06 4.67 4.74 5.84 5.91 5.91 6.13 6.35 6.13 6.64 7.01 6.06 6.06 5.77 5.55 4.38 4.67 4.45 5.18 4.60 4.89 5.11 5.11 7.01 6.86 9.27 9.27 8.83 7.45 7.81 7.81 7.30 7.15 6.20 6.94 6.06 4.67 7.08 3.80 3.94 2.41 2.34 2.77 2.85 0.00 2.63 2.92 2.26 1.83 0.00 0.00 0.00 1.10 1.68 4.16 4.16 5.62 5.26 8.83 7.37 8.18 7.08 7.23
2.04 2.04 3.43 4.16 0.88 1.17 2.26 2.26 0.00 0.00 0.00 0.00 0.00 2.85 2.63 4.31 4.60 4.45 5.99 5.99 5.99 6.06 4.67 4.74 5.84 5.91 5.91 6.13 6.35 6.13 6.64 7.01 6.06 6.06 5.77 5.55 4.38 4.67 4.45 5.18 4.60 4.89 5.11 5.11 7.01 6.86 9.27 9.27 8.83 7.45 7.81 7.81 7.30 7.15 6.20 6.94 6.06 4.67 7.08 3.80 3.94 2.41 2.34 2.77 2.85 0.00 2.63 2.92 2.26 1.83 0.00 0.00 0.00 1.10 1.68 4.16 4.16 5.62 5.26 8.83 7.37 8.18 7.08 7.23
1.75 1.75 0.00 0.00 0.00 0.00 0.00 0.00 0.00 0.00 2.70 0.00 3.87 3.72 3.94 4.31 5.26 6.35 6.42 5.91 5.48 4.31 4.74 4.16 5.99 6.20 6.20 5.99 7.01 6.94 7.23 7.30 7.08 6.94 5.99 5.33 5.62 4.31 4.16 4.53 4.09 5.99 6.13 6.86 6.57 7.08 8.47 9.64 8.61 7.74 7.81 7.81 7.23 6.20 6.50 6.20 5.18 5.11 2.56 2.99 3.21 3.21 0.00 2.92 4.02 3.72 3.65 0.00 3.72 4.09 0.00 0.00 1.68 1.46 1.17 3.21 3.21 0.00 5.91 5.26 7.23 7.74 6.20 7.23
0.00 0.00 0.00 0.00 0.07 0.44 0.44 0.51 1.10 0.00 3.21 4.16 3.43 3.72 3.07 3.72 4.23 4.02 3.94 4.53 5.18 4.23 2.70 4.38 4.67 5.77 5.77 6.13 7.37 7.15 7.08 7.59 7.81 7.81 7.59 8.98 6.50 4.82 6.06 5.77 7.01 7.23 7.37 7.30 8.18 7.30 8.76 7.96 10.37 9.34 8.98 8.98 6.79 7.08 5.91 6.20 6.13 4.60 3.65 4.45 4.89 4.53 5.84 6.57 6.28 5.84 7.88 8.32 4.45 0.00 0.00 2.85 2.92 3.43 2.92 4.16 4.16 3.50 0.00 6.64 7.96 7.08 7.37 7.01
0.00 0.00 0.00 0.00 0.00 0.22 0.22 0.15 1.39 2.92 2.92 3.07 3.21 3.07 3.36 2.77 3.87 3.65 3.87 3.36 4.67 3.43 3.87 3.87 4.96 5.04 5.04 4.89 6.64 7.81 8.18 8.76 8.61 8.69 9.05 7.81 6.64 5.77 6.86 5.91 4.82 6.72 7.23 8.10 9.13 9.05 9.34 8.83 8.69 8.91 8.54 8.54 7.96 5.69 6.06 6.64 7.37 4.31 6.94 5.62 7.74 6.86 7.23 7.15 7.66 5.84 7.23 7.08 6.35 3.72 4.09 4.45 5.62 5.55 5.91 3.50 3.50 4.67 5.62 4.89 7.15 8.32 9.56 9.49
0.00 0.00 0.00 0.44 1.10 1.75 0.44 2.63 1.97 3.36 2.63 2.04 2.19 2.04 1.97 2.41 4.16 3.07 2.56 2.70 3.29 4.60 3.36 3.50 4.09 4.74 4.74 6.06 7.81 7.81 8.69 8.03 8.40 7.30 7.01 7.59 6.57 5.62 2.70 3.94 5.48 4.16 6.50 5.77 7.74 7.66 7.01 6.86 6.72 5.48 5.62 5.62 5.40 5.40 5.84 5.69 7.15 6.35 6.20 6.28 5.11 6.06 6.35 4.38 5.11 4.89 6.42 7.01 4.31 2.19 3.43 3.43 3.36 4.31 4.53 4.31 4.31 4.82 4.38 4.67 9.42 8.54 10.80 11.17
0.00 0.00 0.00 1.46 3.14 3.21 3.29 3.43 4.23 4.31 3.50 2.41 2.41 2.34 2.48 2.34 1.31 0.00 0.00 0.00 0.88 1.17 1.17 2.04 4.23 5.99 5.99 5.77 6.42 7.37 4.89 4.82 5.18 5.48 6.13 5.99 1.97 1.31 0.66 0.00 3.07 1.39 4.45 3.80 7.59 6.06 5.69 5.04 5.04 5.18 4.96 4.96 4.82 5.18 5.04 5.04 7.01 5.77 6.72 5.69 4.82 2.99 2.26 3.58 4.31 3.58 5.77 5.40 5.40 0.00 3.43 0.00 2.63 1.83 3.21 3.94 3.94 4.23 5.26 6.13 8.76 8.32 10.66 9.78
0.00 0.00 0.00 1.46 3.14 3.21 3.29 3.43 4.23 4.31 3.50 2.41 2.41 2.34 2.48 2.34 1.31 0.00 0.00 0.00 0.88 1.17 1.17 2.04 4.23 5.99 5.99 5.77 6.42 7.37 4.89 4.82 5.18 5.48 6.13 5.99 1.97 1.31 0.66 0.00 3.07 1.39 4.45 3.80 7.59 6.06 5.69 5.04 5.04 5.18 4.96 4.96 4.82 5.18 5.04 5.04 7.01 5.77 6.72 5.69 4.82 2.99 2.26 3.58 4.31 3.58 5.77 5.40 5.40 0.00 3.43 0.00 2.63 1.83 3.21 3.94 3.94 4.23 5.26 6.13 8.76 8.32 10.66 9.78
0.00 0.00 2.99 3.29 3.58 3.07 1.75 1.83 1.68 2.04 1.97 3.21 2.41 1.83 1.83 1.90 1.53 0.15 0.15 0.00 0.15 0.51 1.68 1.31 2.70 6.50 6.50 7.30 4.16 2.70 2.92 3.94 4.45 0.51 0.00 1.31 1.10 0.00 0.00 0.00 0.00 0.00 2.63 1.90 6.57 6.79 5.48 6.06 5.91 5.04 4.45 4.45 4.38 5.33 5.55 4.96 4.31 4.45 4.60 0.00 1.75 1.68 0.00 2.19 0.00 0.00 5.48 5.62 4.53 0.00 0.00 0.00 2.77 3.72 4.02 4.16 4.16 4.60 4.38 5.04 8.03 6.86 8.47 8.18
0.00 0.00 2.92 2.48 1.68 3.43 0.15 1.02 0.66 0.66 0.00 0.00 0.00 0.58 0.29 0.22 0.00 0.66 0.07 0.00 0.00 0.00 0.00 0.15 2.48 4.38 4.38 4.23 3.50 1.90 1.17 0.00 0.00 0.00 0.00 0.00 0.00 0.00 0.00 0.00 0.00 0.00 0.00 2.63 5.69 5.04 4.82 4.60 5.69 3.58 3.36 3.36 3.80 4.38 1.97 3.07 3.29 0.00 0.00 0.00 0.00 0.00 0.00 0.00 0.00 0.00 0.00 3.14 0.00 0.00 3.72 4.16 4.38 5.77 7.74 5.11 5.11 2.77 3.50 4.96 2.41 4.53 6.94 6.86
2.77 2.77 2.63 2.34 0.37 0.00 0.00 0.00 0.00 0.00 0.00 0.00 0.00 0.00 0.00 0.00 0.00 0.00 0.00 0.00 0.00 0.00 0.00 0.00 1.46 3.72 3.72 3.43 1.39 0.00 0.00 0.00 0.00 0.00 0.00 0.00 0.00 0.00 0.00 0.00 0.00 0.00 3.80 2.99 2.48 2.70 3.29 1.02 1.53 2.26 2.99 2.99 3.36 0.88 0.00 1.75 1.17 0.00 0.00 0.00 0.00 0.00 1.75 0.00 3.94 3.36 3.65 3.80 3.07 0.00 4.38 4.82 5.40 9.05 8.47 5.84 5.84 3.87 2.04 0.00 1.46 0.00 0.00 5.11
0.00 0.00 0.00 0.00 0.00 0.00 0.00 0.00 0.00 0.00 0.00 0.00 0.00 0.00 0.00 0.00 0.00 0.00 0.00 0.00 0.00 0.00 0.00 0.00 0.00 1.90 1.90 0.51 1.53 0.00 0.00 0.00 0.00 0.00 0.00 0.00 0.00 0.00 2.77 0.00 0.00 0.00 2.48 2.48 1.24 0.00 1.90 0.00 0.00 0.00 0.00 0.00 0.00 0.00 0.00 1.46 1.46 0.00 0.00 0.00 2.12 4.02 3.87 6.64 5.69 4.09 4.53 7.15 3.87 4.23 7.66 9.13 9.05 9.05 7.81 7.01 7.01 3.94 2.48 1.53 1.68 0.00 0.00 0.00
0.00 0.00 0.00 0.00 0.00 0.00 0.00 0.00 0.00 0.00 0.00 0.00 0.00 0.00 0.00 0.00 0.00 0.00 0.00 0.00 0.00 0.00 0.00 0.00 0.00 0.00 0.00 0.00 0.00 0.00 0.00 0.00 0.00 0.00 0.00 0.00 1.83 2.48 2.04 1.90 0.80 0.00 2.92 2.70 2.77 3.50 2.77 0.00 0.00 0.00 0.00 0.00 3.58 3.58 3.21 1.75 1.31 0.00 0.00 0.00 0.00 4.16 6.94 7.96 5.26 5.55 7.52 5.55 7.74 3.80 6.20 5.18 6.42 6.50 4.89 4.02 4.02 4.02 3.94 4.09 2.12 1.75 2.04 0.00
0.00 0.00 0.00 0.00 0.00 0.00 0.00 0.00 0.00 0.00 0.00 0.00 0.00 0.00 0.00 0.00 0.00 0.00 0.00 0.00 0.00 0.00 0.00 0.00 0.00 0.00 0.00 0.00 0.00 0.00 0.00 0.00 0.00 0.00 0.00 0.00 0.00 0.51 0.80 0.00 0.00 4.31 4.45 4.45 3.43 4.02 4.16 3.87 3.72 4.16 4.16 4.16 4.82 5.40 3.07 3.94 0.00 0.00 0.00 0.00 2.04 3.72 5.48 4.89 7.30 6.35 6.94 2.85 0.66 0.80 2.04 2.04 1.68 1.97 2.77 4.53 4.53 6.72 5.99 6.42 4.23 8.10 4.96 0.44
0.00 0.00 0.00 0.00 0.00 0.00 0.00 0.00 0.00 0.00 0.00 0.00 0.00 0.00 0.00 0.00 0.00 0.00 0.00 0.00 0.00 0.00 0.00 0.00 0.00 0.00 0.00 0.00 0.00 0.00 0.00 0.00 0.00 0.00 0.00 0.00 0.00 0.51 0.80 0.00 0.00 4.31 4.45 4.45 3.43 4.02 4.16 3.87 3.72 4.16 4.16 4.16 4.82 5.40 3.07 3.94 0.00 0.00 0.00 0.00 2.04 3.72 5.48 4.89 7.30 6.35 6.94 2.85 0.66 0.80 2.04 2.04 1.68 1.97 2.77 4.53 4.53 6.72 5.99 6.42 4.23 8.10 4.96 0.44
0.00 0.00 0.00 0.00 0.00 0.00 0.00 0.00 0.00 0.00 0.00 0.00 0.00 0.00 0.00 0.00 0.00 0.00 0.00 0.00 0.00 0.00 0.00 0.00 0.00 0.00 0.00 0.00 0.00 0.00 0.00 0.00 0.00 0.00 0.00 0.00 0.00 0.00 0.00 3.80 3.21 5.26 5.99 4.89 5.77 5.69 4.45 4.67 5.33 5.69 6.06 6.06 5.62 5.99 5.26 2.04 0.00 0.00 0.00 0.00 2.48 3.65 3.36 2.56 3.21 3.43 0.58 0.00 1.39 0.22 1.31 1.39 2.12 2.92 4.31 7.88 7.88 7.96 9.71 10.73 11.61 11.68 9.13 10.80
