Wansh/Snow_depth/snowdepth-1996/winter/1997056.txt
ncols 321
nrows 161
xllcenter 60
yllcenter 15 
cellsize  0.25 
NODATA_value -1
[rows 0 to 36 of 161, columns 84 to 167 of 321]
16.50 16.86 16.50 17.52 16.13 16.50 9.71 9.71 9.71 10.15 9.42 10.73 10.95 12.92 12.56 14.60 16.35 17.37 17.37 15.40 16.06 9.05 3.50 3.65 2.04 0.00 0.00 0.29 1.17 0.73 6.06 8.18 16.79 15.91 16.79 20.73 20.73 18.91 19.20 18.32 13.21 14.16 7.74 7.74 5.26 6.06 6.06 3.14 6.06 8.18 7.52 7.74 11.39 11.39 11.32 10.00 9.34 7.66 10.51 5.33 5.69 4.16 3.21 3.72 3.65 5.26 4.67 6.28 6.28 5.99 10.51 14.82 14.53 15.84 17.45 13.94 13.51 17.96 16.64 19.71 16.35 17.45 13.80 13.51
16.06 15.70 16.13 16.43 15.04 12.48 13.36 11.10 10.51 10.59 12.41 10.00 9.20 10.80 7.96 11.61 11.17 16.94 16.94 16.64 17.23 14.60 9.64 3.07 3.72 2.34 0.00 0.07 0.22 1.97 1.02 5.69 9.56 15.40 15.48 16.13 15.70 17.96 19.20 18.69 14.67 14.38 15.26 15.26 15.84 7.59 7.96 6.50 6.86 6.28 5.69 6.06 3.94 4.23 7.15 7.37 7.30 7.52 7.88 7.74 8.40 8.61 4.60 4.60 4.53 5.91 7.23 6.64 6.64 9.86 13.51 12.48 18.32 19.27 19.35 19.42 18.69 18.61 19.86 20.00 18.61 15.18 18.25 13.72
15.04 15.70 14.31 14.60 14.09 14.75 16.50 15.91 15.91 13.72 14.38 10.37 8.61 6.57 5.26 7.23 6.64 4.53 4.53 7.37 13.43 12.26 12.56 8.32 3.65 3.94 0.44 0.00 0.07 0.00 2.63 8.03 7.66 9.20 15.91 15.26 18.98 21.53 21.02 21.75 22.41 18.83 18.61 18.61 18.32 20.08 9.93 10.80 5.26 3.94 4.16 2.70 2.70 3.29 4.31 3.65 5.04 6.42 8.10 9.64 9.56 10.59 11.17 11.10 14.16 15.18 15.48 15.84 15.84 16.35 16.79 14.38 15.91 15.33 19.56 22.41 22.05 22.78 22.56 22.63 21.46 20.73 21.39 18.83
15.04 15.70 14.31 14.60 14.09 14.75 16.50 15.91 15.91 13.72 14.38 10.37 8.61 6.57 5.26 7.23 6.64 4.53 4.53 7.37 13.43 12.26 12.56 8.32 3.65 3.94 0.44 0.00 0.07 0.00 2.63 8.03 7.66 9.20 15.91 15.26 18.98 21.53 21.02 21.75 22.41 18.83 18.61 18.61 18.32 20.08 9.93 10.80 5.26 3.94 4.16 2.70 2.70 3.29 4.31 3.65 5.04 6.42 8.10 9.64 9.56 10.59 11.17 11.10 14.16 15.18 15.48 15.84 15.84 16.35 16.79 14.38 15.91 15.33 19.56 22.41 22.05 22.78 22.56 22.63 21.46 20.73 21.39 18.83
13.51 14.09 11.24 11.75 13.51 13.72 15.99 17.81 18.18 8.25 8.18 7.30 4.67 4.96 5.91 3.50 3.29 2.92 2.92 3.87 3.80 7.96 7.01 9.42 5.69 1.75 2.99 0.00 0.00 0.00 1.39 2.63 7.15 6.20 10.51 18.25 18.03 19.49 20.51 22.70 19.64 20.22 18.47 18.47 20.88 20.95 18.47 14.97 10.80 5.69 3.29 3.07 2.34 2.48 2.99 3.65 3.50 4.74 6.06 5.77 8.32 11.17 12.34 14.60 13.94 17.59 17.59 17.89 17.89 17.16 15.48 15.99 14.97 16.57 15.99 20.08 22.19 21.90 22.27 19.42 20.51 19.93 22.27 21.39
12.34 10.51 11.75 11.53 8.98 8.18 8.54 7.45 8.40 7.23 7.15 7.66 6.28 5.91 6.13 4.74 6.64 3.14 3.14 3.29 2.77 3.72 3.21 4.60 4.82 2.19 0.73 0.80 0.00 0.95 2.34 2.12 3.43 8.10 7.88 10.15 17.96 17.59 18.54 17.16 20.29 17.74 17.89 17.89 15.55 18.61 18.47 16.21 9.78 11.32 2.77 2.85 2.56 2.41 3.29 2.92 3.58 3.58 5.04 7.30 7.01 10.07 13.65 12.92 16.50 17.67 17.59 16.79 16.79 15.70 15.62 14.97 15.48 15.40 14.38 13.21 13.07 14.09 15.91 15.26 17.81 17.23 20.51 22.78
9.13 7.96 10.07 9.78 9.42 7.88 7.59 8.91 9.13 8.32 8.03 8.10 6.86 4.53 6.35 6.50 6.20 7.45 7.45 8.18 4.82 6.13 3.58 2.41 1.46 1.83 0.37 0.00 0.00 1.17 3.21 3.36 2.99 4.45 9.27 8.32 14.38 14.31 16.28 15.33 12.56 12.70 14.31 14.31 14.45 12.99 11.02 15.62 8.98 3.65 4.16 2.70 2.99 2.04 3.50 5.33 5.11 6.35 8.83 8.47 10.66 12.05 12.26 15.84 15.70 16.43 16.43 16.50 16.50 15.55 14.75 14.97 14.67 14.75 14.82 13.43 13.43 12.05 11.39 10.88 13.87 18.61 17.81 14.82
9.13 7.96 10.07 9.78 9.42 7.88 7.59 8.91 9.13 8.32 8.03 8.10 6.86 4.53 6.35 6.50 6.20 7.45 7.45 8.18 4.82 6.13 3.58 2.41 1.46 1.83 0.37 0.00 0.00 1.17 3.21 3.36 2.99 4.45 9.27 8.32 14.38 14.31 16.28 15.33 12.56 12.70 14.31 14.31 14.45 12.99 11.02 15.62 8.98 3.65 4.16 2.70 2.99 2.04 3.50 5.33 5.11 6.35 8.83 8.47 10.66 12.05 12.26 15.84 15.70 16.43 16.43 16.50 16.50 15.55 14.75 14.97 14.67 14.75 14.82 13.43 13.43 12.05 11.39 10.88 13.87 18.61 17.81 14.82
5.91 7.15 7.96 8.76 8.18 8.25 9.56 9.49 7.66 7.37 4.45 4.38 5.11 4.74 4.23 5.99 7.81 7.66 7.66 7.66 6.79 4.38 1.39 1.61 0.51 0.95 0.51 0.88 2.70 2.99 2.63 3.50 5.18 4.74 11.10 15.55 14.82 14.53 10.44 12.99 10.51 8.32 8.61 8.61 10.51 8.18 8.69 4.31 3.87 3.87 3.14 2.85 4.31 6.13 6.06 4.67 8.32 6.72 8.69 10.51 10.29 11.83 12.78 12.56 14.38 14.89 14.82 13.21 13.21 13.14 13.29 13.80 14.38 13.87 14.02 13.51 12.78 12.99 12.26 14.53 11.75 11.46 11.97 18.03
8.98 9.42 9.05 9.05 8.32 8.25 7.23 6.20 4.89 5.40 3.36 4.02 3.72 4.67 7.23 6.20 7.52 9.56 9.56 7.74 8.18 4.02 2.34 0.44 0.22 1.97 2.99 2.41 2.99 3.29 3.29 3.65 3.87 10.07 8.61 11.24 9.78 14.16 8.18 5.55 8.61 6.06 3.94 3.94 4.23 4.53 3.80 3.72 4.96 7.66 7.45 10.59 8.03 8.10 8.47 9.42 9.27 10.88 11.53 11.68 12.92 11.39 12.19 12.99 12.63 14.24 12.63 13.14 13.14 11.75 12.12 12.12 11.97 13.51 14.02 16.21 14.82 16.43 15.77 15.99 14.60 11.68 10.44 12.63
9.78 9.71 8.98 8.03 8.32 7.15 5.33 4.89 4.45 2.70 3.58 3.29 4.02 6.28 10.44 10.80 10.59 10.88 10.88 9.56 8.32 9.42 4.23 1.97 2.85 2.85 2.77 2.99 3.14 3.21 2.99 3.72 3.36 5.84 8.98 8.76 9.13 8.54 7.08 5.62 7.30 6.72 5.33 5.33 5.55 5.77 6.35 9.56 6.79 10.07 13.14 12.26 15.91 12.26 10.51 11.02 12.63 12.26 13.29 13.80 13.36 13.94 12.12 12.41 12.56 12.99 13.07 12.41 12.41 13.87 12.48 12.70 13.43 14.89 14.75 15.18 18.83 20.81 19.20 18.10 12.85 13.43 12.63 12.70
9.78 9.71 8.98 8.03 8.32 7.15 5.33 4.89 4.45 2.70 3.58 3.29 4.02 6.28 10.44 10.80 10.59 10.88 10.88 9.56 8.32 9.42 4.23 1.97 2.85 2.85 2.77 2.99 3.14 3.21 2.99 3.72 3.36 5.84 8.98 8.76 9.13 8.54 7.08 5.62 7.30 6.72 5.33 5.33 5.55 5.77 6.35 9.56 6.79 10.07 13.14 12.26 15.91 12.26 10.51 11.02 12.63 12.26 13.29 13.80 13.36 13.94 12.12 12.41 12.56 12.99 13.07 12.41 12.41 13.87 12.48 12.70 13.43 14.89 14.75 15.18 18.83 20.81 19.20 18.10 12.85 13.43 12.63 12.70
9.56 8.32 7.08 5.91 6.86 6.86 5.62 2.48 2.77 3.29 3.87 5.04 9.34 8.76 11.83 13.29 16.64 15.33 15.33 15.84 11.75 8.54 5.11 5.18 4.38 3.43 3.58 2.99 3.29 2.92 2.70 5.77 5.69 5.26 9.27 8.54 8.03 10.29 10.80 7.08 8.98 9.42 10.00 10.00 6.50 7.30 7.15 11.02 14.60 14.24 17.23 18.83 19.64 14.24 14.24 15.26 17.59 17.89 16.28 14.97 13.94 15.18 13.14 12.48 12.19 12.70 13.29 14.02 14.02 14.38 16.72 16.35 15.91 15.77 16.06 18.32 17.52 20.81 17.89 17.59 14.82 15.48 13.51 13.51
7.23 7.59 7.74 3.36 2.77 2.19 2.63 2.56 3.21 3.80 8.47 11.02 12.85 12.19 12.48 16.86 18.18 18.03 18.03 15.84 16.50 10.37 6.86 6.94 7.52 4.31 4.96 3.72 3.29 8.69 8.32 7.59 12.85 11.24 10.73 14.16 13.14 12.99 12.48 12.41 11.32 11.02 10.07 10.07 10.88 12.26 13.07 12.19 15.40 16.79 18.32 18.32 19.42 18.03 18.18 19.27 19.20 19.49 15.99 13.51 13.80 14.24 15.70 15.26 15.33 13.58 14.02 13.65 13.65 16.21 18.03 18.25 17.30 15.48 15.33 14.31 14.89 13.43 15.99 12.41 14.89 14.75 13.36 13.07
6.79 5.69 5.77 4.02 2.85 2.19 2.77 5.91 7.96 9.86 8.98 11.61 12.41 15.91 19.35 18.10 19.35 18.32 18.32 16.28 14.38 10.80 11.39 8.47 8.18 9.20 7.23 9.93 11.17 10.51 15.55 14.89 14.53 15.18 14.24 14.31 11.97 13.21 12.41 12.48 12.85 13.65 12.19 12.19 14.53 15.48 14.97 15.04 15.84 16.28 18.03 20.29 19.93 23.29 25.99 25.62 25.26 20.08 18.32 12.99 12.41 12.19 13.51 14.45 14.31 14.60 14.24 14.89 14.89 15.77 15.26 16.43 14.38 14.82 13.58 13.80 8.54 0.00 1.61 4.02 14.53 14.09 12.63 14.89
6.50 6.50 5.48 3.94 2.85 3.65 2.56 3.94 6.06 8.03 6.28 10.80 9.49 14.75 17.01 17.01 18.18 18.40 18.40 17.23 14.45 12.05 12.12 12.05 10.88 11.53 10.80 10.51 13.43 16.13 15.70 16.64 14.75 15.11 12.85 10.73 11.17 9.93 11.97 14.16 13.94 14.60 14.38 14.38 14.38 13.36 13.72 13.72 15.04 17.67 17.67 18.69 20.51 19.78 24.24 24.53 24.53 20.37 13.21 10.22 10.22 11.02 10.88 11.10 12.12 14.38 16.06 15.91 15.91 15.70 15.99 16.28 15.04 11.32 9.20 9.42 10.22 6.06 0.00 5.48 14.53 12.70 15.04 14.02
6.50 6.50 5.48 3.94 2.85 3.65 2.56 3.94 6.06 8.03 6.28 10.80 9.49 14.75 17.01 17.01 18.18 18.40 18.40 17.23 14.45 12.05 12.12 12.05 10.88 11.53 10.80 10.51 13.43 16.13 15.70 16.64 14.75 15.11 12.85 10.73 11.17 9.93 11.97 14.16 13.94 14.60 14.38 14.38 14.38 13.36 13.72 13.72 15.04 17.67 17.67 18.69 20.51 19.78 24.24 24.53 24.53 20.37 13.21 10.22 10.22 11.02 10.88 11.10 12.12 14.38 16.06 15.91 15.91 15.70 15.99 16.28 15.04 11.32 9.20 9.42 10.22 6.06 0.00 5.48 14.53 12.70 15.04 14.02
7.59 7.08 5.84 3.50 3.65 3.07 1.24 1.68 0.80 1.83 4.53 7.01 8.98 12.41 11.46 15.26 15.91 14.97 14.97 15.40 13.94 12.05 11.17 11.61 10.88 12.34 12.56 12.48 13.51 15.33 16.79 17.01 15.40 13.65 14.38 10.59 9.13 8.69 10.07 11.53 15.04 15.33 13.94 13.94 14.82 14.60 13.87 16.94 16.28 19.13 20.22 20.37 21.97 23.94 22.34 22.05 18.54 19.71 13.94 11.17 12.05 11.68 12.12 11.46 15.84 12.48 15.99 18.25 18.25 18.25 18.54 15.48 12.34 10.07 10.59 9.86 7.15 0.73 4.09 8.10 12.99 12.99 9.49 10.00
5.84 5.91 6.57 3.72 1.31 2.77 2.34 0.44 1.53 1.10 3.36 6.13 9.49 13.43 11.61 14.89 14.38 13.94 13.94 13.80 12.19 12.63 11.32 12.26 12.19 13.29 16.35 15.11 16.43 16.94 17.81 19.49 18.91 16.35 12.85 13.72 10.44 8.69 9.71 9.34 9.71 10.88 13.36 13.36 15.55 19.20 18.83 23.29 25.70 22.27 22.41 23.58 25.99 25.84 24.24 22.70 23.43 20.44 19.35 19.93 20.08 20.51 18.10 19.20 16.64 17.08 18.40 18.25 18.25 19.64 17.81 14.53 11.53 12.05 9.93 6.86 3.21 2.99 3.58 4.82 6.13 9.20 9.42 9.13
6.28 5.11 6.28 3.36 4.96 4.38 2.41 3.14 6.35 4.67 5.69 5.40 8.25 6.86 8.54 10.95 10.88 9.78 9.78 14.02 14.16 12.56 12.48 12.63 14.24 16.79 16.64 15.70 15.77 13.72 12.99 17.59 17.23 16.72 13.65 8.98 10.15 4.89 5.99 6.57 6.57 9.05 14.53 14.53 15.26 20.59 23.00 22.63 23.87 25.11 24.09 25.04 26.72 27.52 27.89 26.50 24.60 25.11 23.07 22.19 22.41 22.19 22.19 18.03 20.59 18.40 20.22 22.63 22.63 17.96 19.86 13.87 10.15 5.26 5.33 3.14 4.31 1.90 2.63 5.33 5.04 6.57 8.61 9.34
7.15 7.15 8.47 5.69 4.23 5.40 6.86 9.27 8.10 7.30 13.36 9.56 6.13 7.66 6.06 6.79 7.52 7.59 7.59 11.53 9.93 11.24 11.68 11.75 13.36 15.84 14.97 15.33 13.72 10.22 10.95 11.02 14.97 12.63 13.36 8.98 2.92 0.00 0.00 0.00 7.74 7.01 11.17 11.17 11.83 11.53 19.78 21.90 23.29 23.43 23.29 26.13 24.53 27.81 31.17 32.34 32.27 29.27 26.28 27.01 24.67 24.82 24.24 24.60 23.58 22.48 21.83 21.75 21.75 20.37 10.07 4.82 4.53 4.82 3.50 3.80 1.31 1.53 1.90 3.87 5.84 5.33 7.52 5.69
9.05 10.80 10.44 7.66 8.32 9.71 9.56 10.95 12.70 16.13 17.67 15.18 12.78 14.24 8.03 7.52 8.54 10.95 10.95 9.64 9.27 12.78 12.63 16.35 17.52 17.52 16.79 16.64 17.74 12.19 10.44 9.34 9.05 11.61 5.48 6.20 2.34 0.00 0.00 0.00 3.87 6.13 6.20 6.20 6.79 6.28 5.18 5.04 17.01 17.96 17.74 21.02 23.94 23.07 27.01 29.93 27.45 28.25 23.73 22.41 23.14 22.78 23.58 23.94 23.73 23.73 22.85 18.98 18.98 13.07 6.50 7.96 4.45 5.62 2.92 1.90 1.97 1.83 1.90 2.04 2.12 4.45 3.21 4.16
9.05 10.80 10.44 7.66 8.32 9.71 9.56 10.95 12.70 16.13 17.67 15.18 12.78 14.24 8.03 7.52 8.54 10.95 10.95 9.64 9.27 12.78 12.63 16.35 17.52 17.52 16.79 16.64 17.74 12.19 10.44 9.34 9.05 11.61 5.48 6.20 2.34 0.00 0.00 0.00 3.87 6.13 6.20 6.20 6.79 6.28 5.18 5.04 17.01 17.96 17.74 21.02 23.94 23.07 27.01 29.93 27.45 28.25 23.73 22.41 23.14 22.78 23.58 23.94 23.73 23.73 22.85 18.98 18.98 13.07 6.50 7.96 4.45 5.62 2.92 1.90 1.97 1.83 1.90 2.04 2.12 4.45 3.21 4.16
8.32 9.34 8.40 7.88 7.66 10.07 12.85 14.60 16.72 15.91 17.59 18.32 17.08 15.91 17.59 16.43 16.35 14.16 14.16 16.43 15.40 15.62 14.82 16.86 19.71 19.64 19.42 19.05 14.67 15.40 11.10 8.10 5.55 6.06 3.87 0.88 0.00 0.15 0.00 0.00 0.00 2.26 1.31 1.31 3.36 0.00 2.56 2.70 1.97 2.56 4.09 6.72 14.82 20.08 11.32 22.12 20.66 17.52 11.02 16.35 18.98 15.77 19.05 17.89 21.17 21.61 18.83 19.20 19.20 17.96 15.99 17.37 7.66 5.26 4.74 2.41 3.07 2.12 1.68 1.90 1.90 1.83 2.63 2.99
7.74 10.07 7.88 7.23 9.13 11.68 13.80 12.99 14.24 13.94 14.09 15.33 15.18 17.37 15.99 16.21 14.89 15.04 15.04 15.04 15.99 16.57 16.64 17.06 16.73 18.39 14.97 14.82 14.89 13.07 13.58 7.81 5.33 3.21 3.80 0.95 0.15 1.53 1.17 2.41 2.48 2.63 1.31 1.31 0.00 0.00 0.00 0.00 0.00 0.37 0.00 3.43 4.82 4.09 6.79 6.79 7.15 7.23 8.61 12.85 14.09 14.16 14.82 20.29 21.83 21.61 20.81 17.81 17.81 18.32 20.15 16.35 11.39 12.05 6.86 5.04 2.26 1.61 1.97 2.41 1.68 1.68 0.58 0.80
11.32 11.10 9.34 12.12 11.83 12.05 13.07 13.87 13.14 12.92 14.82 11.90 12.34 12.78 13.72 11.32 14.67 14.16 14.16 15.48 15.99 17.08 17.59 18.08 20.30 17.28 14.99 17.76 16.35 16.35 14.82 8.69 8.91 5.40 3.43 0.88 0.58 2.19 2.85 2.99 2.12 0.73 1.02 1.02 0.29 0.00 0.00 0.00 0.00 0.00 0.00 0.00 2.48 4.74 4.45 4.74 5.18 6.64 5.99 10.00 13.14 14.24 12.56 14.82 12.34 14.16 16.94 16.13 16.13 17.89 18.47 16.72 12.41 12.19 10.51 4.53 7.37 3.50 4.09 1.31 1.31 0.00 0.00 0.00
11.75 11.02 12.26 13.14 14.02 12.34 11.61 10.80 11.17 11.10 6.42 4.96 8.61 3.87 10.73 9.56 13.65 14.31 14.31 16.57 13.51 16.90 17.08 18.51 17.02 17.47 15.14 17.77 18.06 18.55 16.86 17.59 9.78 10.73 6.72 8.47 6.28 3.07 2.92 1.31 1.53 0.80 0.00 0.00 0.00 0.00 0.00 0.00 0.00 0.00 0.00 0.00 0.00 0.00 2.70 5.11 3.72 5.40 9.42 15.33 17.89 17.16 14.60 12.56 9.56 9.78 12.26 17.30 17.30 19.86 17.08 15.99 12.41 13.07 11.68 10.22 11.02 6.28 5.77 3.14 2.41 0.22 0.00 1.61
12.78 10.37 12.78 14.16 14.67 13.87 12.34 11.61 13.58 7.88 9.13 4.38 3.07 1.24 7.08 11.39 13.87 13.51 13.51 13.15 10.03 13.64 14.00 11.46 16.16 17.08 16.56 19.44 19.97 18.66 19.00 18.98 18.03 12.92 12.92 12.41 9.78 6.42 4.02 1.46 0.95 1.61 1.46 1.46 0.00 0.00 0.00 0.00 0.00 2.19 1.53 2.85 0.00 0.00 0.00 4.67 6.57 8.40 7.59 12.85 19.35 19.27 21.97 23.14 23.43 16.21 18.54 22.85 22.85 20.29 17.08 17.37 13.94 10.66 10.73 11.17 10.22 8.32 5.11 1.53 2.56 2.56 2.56 2.63
12.78 10.37 12.78 14.16 14.67 13.87 12.34 11.61 13.58 7.88 9.13 4.38 3.07 1.24 7.08 11.39 13.87 13.51 13.57 13.57 10.18 14.60 13.65 11.75 15.91 17.08 16.06 18.07 18.66 18.94 19.19 19.77 20.26 13.67 13.25 12.41 9.78 6.42 4.02 1.46 0.95 1.61 1.46 1.46 0.00 0.00 0.00 0.00 0.00 2.19 1.53 2.85 0.00 0.00 0.00 4.67 6.57 8.40 7.59 12.85 19.35 19.27 21.97 23.14 23.43 16.21 18.54 22.85 22.85 20.29 17.08 17.37 13.94 10.66 10.73 11.17 10.22 8.32 5.11 1.53 2.56 2.56 2.56 2.63
11.83 10.00 10.44 12.99 14.24 15.91 15.70 19.20 18.10 13.51 15.77 7.96 3.87 2.77 11.61 14.31 14.75 12.92 12.92 14.45 9.34 6.72 8.07 7.11 6.66 12.83 11.95 18.78 18.10 19.96 18.29 18.99 20.97 23.74 17.54 18.08 14.75 10.29 7.37 3.36 1.46 1.75 0.00 0.00 0.00 0.00 0.00 0.00 0.00 3.29 5.11 5.48 2.56 0.00 2.99 2.34 4.67 7.59 7.66 11.97 14.02 13.43 19.56 24.82 22.85 23.80 22.05 21.61 21.61 21.39 17.37 15.70 10.66 10.37 9.86 9.13 8.10 5.11 4.02 2.48 1.53 1.39 1.10 0.00
9.71 11.75 12.34 11.90 13.94 14.60 17.45 16.35 19.42 18.03 15.33 13.29 11.75 14.89 14.16 15.55 18.54 15.48 15.48 11.45 7.37 7.85 5.11 4.09 0.00 7.71 7.66 13.16 20.34 19.17 23.07 20.81 21.53 24.20 25.53 18.94 14.16 15.19 12.78 13.36 10.73 3.72 1.17 1.17 0.00 0.00 0.00 0.58 2.85 0.00 5.62 5.11 3.72 2.04 2.63 0.00 3.94 5.55 5.18 8.98 11.83 15.33 14.09 21.02 24.97 24.60 21.90 20.66 20.66 19.20 16.28 16.79 10.22 11.83 10.80 9.05 5.55 4.67 4.23 2.92 2.19 0.95 3.65 1.75
9.71 10.00 10.22 9.71 10.66 11.68 13.14 14.45 13.65 13.94 14.09 12.92 9.71 11.10 12.99 17.52 16.43 17.16 17.16 11.61 8.47 7.52 8.69 4.09 4.38 4.16 3.72 9.59 21.17 23.97 22.63 22.48 23.58 24.38 25.43 26.26 20.30 17.16 17.37 19.13 18.69 9.49 4.53 4.53 0.73 0.00 0.00 0.00 1.97 5.04 4.60 5.04 3.58 3.43 0.00 0.00 3.21 4.89 7.23 6.20 9.64 7.81 12.26 23.87 24.67 18.25 17.59 18.98 18.98 19.42 17.74 11.46 9.78 4.67 6.64 5.11 10.15 8.25 7.08 3.50 3.94 8.47 7.66 4.96
9.71 6.35 7.15 8.54 10.07 12.26 15.48 15.99 14.67 12.63 11.53 8.83 9.13 9.34 11.83 12.92 7.52 9.93 9.93 10.51 10.51 11.17 15.26 7.30 8.61 11.97 10.88 9.54 16.13 20.73 19.71 19.56 23.21 24.60 27.89 26.86 31.28 24.66 24.36 24.11 23.21 15.11 9.49 9.49 10.80 6.79 4.67 2.99 1.46 2.41 3.14 2.70 0.00 3.72 3.21 0.00 0.00 4.96 4.16 7.96 7.15 8.91 7.81 14.89 11.32 14.97 14.89 9.93 9.93 8.69 7.81 3.29 2.92 0.80 2.99 9.64 10.07 12.56 11.46 11.90 8.98 8.40 8.76 8.61
6.28 7.23 4.96 7.59 9.27 10.66 14.09 16.50 14.16 11.39 11.68 10.29 9.05 7.88 10.66 9.78 5.69 8.03 8.03 11.02 10.29 12.41 18.47 15.91 15.48 18.54 12.78 17.33 16.94 18.54 17.45 16.28 15.91 15.48 28.11 31.17 30.59 30.59 31.50 26.80 26.78 23.29 15.62 15.62 11.46 9.20 12.26 7.81 5.26 2.34 3.14 1.31 0.00 3.87 3.43 3.80 0.00 2.92 6.28 5.40 6.94 6.20 4.16 4.74 7.74 2.85 3.65 6.28 6.28 6.50 0.00 0.00 0.00 1.24 2.41 2.77 7.96 11.61 8.98 8.03 8.91 7.45 8.18 7.30
4.31 3.94 5.18 7.66 11.68 14.16 13.43 11.02 11.90 9.71 7.74 5.69 6.13 7.74 4.02 4.45 5.04 6.64 6.64 10.37 12.56 18.47 17.74 19.56 21.68 20.51 21.02 19.05 20.23 21.41 18.16 15.19 14.60 15.91 15.26 24.09 26.65 29.94 27.67 28.25 25.51 23.07 24.24 24.24 20.44 17.74 13.87 14.97 11.17 6.20 2.26 1.24 1.61 0.00 2.34 0.00 0.00 0.00 1.97 3.07 6.86 4.60 5.18 3.80 3.36 2.63 0.00 3.58 3.58 0.00 0.00 0.00 0.00 0.00 0.07 0.80 4.09 5.77 9.20 7.30 7.45 7.30 7.15 5.11
4.31 3.94 5.18 7.66 11.68 14.16 13.43 11.02 11.61 9.71 7.74 5.69 6.13 7.74 4.02 4.45 5.04 6.68 6.64 10.37 12.56 18.47 17.74 19.56 21.68 20.51 21.02 19.05 19.93 20.66 17.52 15.11 14.16 15.91 15.33 24.21 26.65 29.79 27.95 28.25 25.26 23.07 24.24 24.24 20.44 17.74 13.87 14.97 11.17 6.20 2.26 1.24 1.61 0.00 2.34 0.00 0.00 0.00 1.97 3.07 6.86 4.60 5.18 3.80 3.36 2.63 0.00 3.58 3.58 0.00 0.00 0.00 0.00 0.00 0.07 0.80 4.09 5.77 9.20 7.30 7.45 7.30 7.15 5.11
6.50 7.52 6.79 7.15 12.56 15.84 13.72 13.49 9.78 10.29 7.30 7.45 6.28 4.16 2.77 3.29 4.45 4.16 4.16 8.18 8.54 14.97 15.91 13.72 21.32 20.88 21.17 21.24 22.05 22.41 21.39 18.54 16.35 16.72 15.70 16.50 18.61 23.73 24.06 24.24 19.71 16.94 19.35 19.35 25.04 26.06 24.24 21.90 15.62 17.23 10.44 3.65 0.00 0.00 0.00 0.00 0.00 0.00 0.00 0.00 4.67 7.45 6.57 3.50 4.02 0.00 0.00 0.00 0.00 0.00 0.00 0.00 0.00 0.00 0.00 0.00 0.00 0.00 3.50 2.77 2.99 3.87 2.63 2.19
