Wansh/Snow_depth/snowdepth-1996/winter/1997015.txt
ncols 321
nrows 161
xllcenter 60
yllcenter 15 
cellsize  0.25 
NODATA_value -1
[rows 0 to 36 of 161, columns 168 to 251 of 321]
9.86 6.72 4.31 4.74 4.45 4.02 4.02 4.53 5.11 5.11 4.96 5.11 5.18 5.18 4.45 5.11 5.11 6.57 7.30 7.15 7.15 7.23 7.01 7.15 6.79 3.07 4.53 0.00 0.00 0.00 0.00 2.41 7.01 11.97 10.95 10.95 12.41 12.41 12.41 13.65 16.13 15.26 17.45 21.61 29.27 23.36 23.36 23.36 26.35 20.29 16.21 15.04 12.70 13.43 13.14 14.45 18.91 20.15 19.71 20.81 20.81 22.85 27.08 25.92 30.73 29.71 33.00 29.78 25.99 27.38 22.34 21.75 22.27 19.56 19.35 19.35 19.27 21.02 20.81 21.46 21.02 20.44 18.47 17.89
11.90 9.05 6.28 4.60 4.31 4.53 4.31 4.38 4.53 4.53 5.62 5.48 5.62 4.96 5.40 4.96 6.35 5.84 7.23 7.88 7.23 6.86 6.64 6.57 6.64 4.96 0.00 0.00 0.00 0.00 0.00 4.38 8.03 9.71 9.93 9.93 10.22 9.86 11.61 15.62 23.65 26.43 28.03 27.52 29.49 22.70 26.86 17.96 19.35 18.10 18.40 16.21 15.55 17.30 17.23 17.16 18.98 20.22 20.81 22.63 22.63 22.41 26.21 26.35 25.70 26.79 24.09 29.20 24.67 22.78 23.07 20.59 18.83 19.56 15.70 17.59 17.52 16.43 18.76 19.35 15.99 15.84 11.61 13.14
14.24 10.88 8.32 8.76 7.96 6.20 6.64 5.40 5.26 5.26 5.40 5.26 5.26 5.11 5.26 5.91 5.62 7.59 7.96 7.88 7.88 8.03 7.30 7.66 5.04 0.00 0.00 0.00 0.00 0.00 0.00 6.35 8.83 7.81 9.05 9.05 10.95 16.13 20.59 18.98 22.92 25.84 20.00 20.22 20.29 19.20 20.95 21.32 17.52 17.67 18.47 18.76 18.76 17.96 17.96 19.13 19.20 19.20 19.86 19.20 19.20 20.59 20.08 21.32 18.98 18.91 22.41 19.78 24.38 19.35 19.05 20.00 14.67 14.60 15.18 10.37 13.80 14.31 11.61 10.29 13.72 9.13 8.18 8.10
14.24 10.88 8.32 8.76 7.96 6.20 6.64 5.40 5.26 5.26 5.40 5.26 5.26 5.11 5.26 5.91 5.62 7.59 7.96 7.88 7.88 8.03 7.30 7.66 5.04 0.00 0.00 0.00 0.00 0.00 0.00 6.35 8.83 7.81 9.05 9.05 10.95 16.13 20.59 18.98 22.92 25.84 20.00 20.22 20.29 19.20 20.95 21.32 17.52 17.67 18.47 18.76 18.76 17.96 17.96 19.13 19.20 19.20 19.86 19.20 19.20 20.59 20.08 21.32 18.98 18.91 22.41 19.78 24.38 19.35 19.05 20.00 14.67 14.60 15.18 10.37 13.80 14.31 11.61 10.29 13.72 9.13 8.18 8.10
14.67 13.51 10.73 8.76 8.61 7.52 5.99 6.13 5.84 5.84 5.55 7.37 5.69 7.59 8.25 8.25 9.56 9.20 9.34 8.69 7.01 4.38 0.00 2.19 0.00 0.00 0.00 0.00 0.00 0.00 1.61 9.27 8.61 8.98 8.83 8.83 12.41 16.21 18.47 17.23 18.32 18.03 18.18 16.64 16.13 17.67 17.96 19.20 18.76 19.49 17.96 17.16 18.83 18.40 18.61 18.61 19.27 17.96 17.81 17.74 17.74 17.74 17.37 17.16 18.32 14.67 19.20 16.57 15.99 17.37 11.39 12.92 13.80 8.18 8.32 8.69 7.59 7.66 8.76 9.20 9.34 8.98 8.32 9.42
15.62 14.97 13.36 13.87 10.00 9.05 8.69 9.42 6.86 6.86 7.01 7.30 9.27 9.34 9.42 10.07 11.39 8.32 8.54 5.33 2.99 3.43 0.80 0.00 0.00 0.00 0.00 0.00 0.00 1.24 7.37 9.20 9.64 11.68 9.64 9.64 12.26 16.43 17.74 16.86 17.45 15.70 15.18 14.97 16.86 15.70 17.81 17.52 17.08 18.69 17.74 19.13 19.93 19.05 17.16 17.01 16.79 15.26 13.14 15.33 15.33 14.82 16.43 13.21 14.09 11.68 6.94 8.54 8.54 9.78 10.29 7.23 7.37 7.81 6.64 7.59 7.37 7.74 8.32 7.88 9.71 12.05 11.61 11.39
14.60 16.50 15.33 15.91 13.65 10.37 12.78 13.43 11.46 11.46 11.46 10.29 12.19 11.61 12.78 12.34 12.48 8.47 4.45 0.00 0.00 0.00 0.00 0.00 0.00 0.00 0.00 0.00 0.80 6.79 6.94 8.61 10.44 15.11 17.59 17.59 18.54 18.40 18.32 17.45 14.97 14.53 14.45 14.38 15.77 15.40 14.89 15.77 17.08 16.64 16.64 18.61 17.81 16.50 15.91 14.31 11.53 11.32 12.26 13.87 13.87 13.07 12.85 11.83 8.69 9.20 6.20 6.86 6.86 6.72 6.79 6.35 6.13 6.57 6.64 6.50 7.01 8.25 8.25 11.56 11.84 14.76 16.50 18.65
14.60 16.50 15.33 15.91 13.65 10.37 12.78 13.43 11.46 11.46 11.46 10.29 12.19 11.61 12.78 12.34 12.48 8.47 4.45 0.00 0.00 0.00 0.00 0.00 0.00 0.00 0.00 0.00 0.80 6.79 6.94 8.61 10.44 15.11 17.59 17.59 18.54 18.40 18.32 17.45 14.97 14.53 14.45 14.38 15.77 15.40 14.89 15.77 17.08 16.64 16.64 18.61 17.81 16.50 15.91 14.31 11.53 11.32 12.26 13.87 13.87 13.07 12.85 11.83 8.69 9.20 6.20 6.86 6.86 6.72 6.79 6.35 6.13 6.57 6.64 7.51 9.67 11.87 11.30 19.64 19.56 19.65 21.24 19.35
12.05 15.40 16.43 14.67 14.97 13.14 13.80 13.72 12.63 12.63 11.39 11.32 12.63 13.51 12.85 12.85 9.71 4.09 5.48 0.00 0.00 0.00 0.00 0.00 0.00 0.00 0.00 2.04 5.48 7.30 9.64 8.83 9.27 11.46 17.59 17.59 16.94 16.43 13.80 13.51 13.72 13.43 16.94 16.43 15.77 16.79 15.84 16.13 17.30 17.96 16.72 15.70 15.91 15.99 12.63 10.66 10.95 10.88 11.90 12.70 12.70 12.19 12.48 11.53 8.98 8.54 7.01 8.03 6.35 6.64 6.50 5.99 6.42 6.85 7.72 11.03 11.25 12.83 13.38 15.90 19.57 16.12 19.52 21.94
8.98 10.51 14.31 12.92 12.12 12.19 12.05 10.59 11.68 11.68 10.95 12.85 12.63 12.70 11.02 6.50 0.00 0.00 0.00 0.00 0.00 0.00 0.00 0.00 0.00 0.00 0.00 5.77 6.79 7.52 11.17 11.02 14.09 14.53 14.38 14.38 14.60 14.31 12.34 13.65 15.40 15.04 16.94 15.40 16.72 16.28 16.06 17.08 16.72 16.43 16.28 13.07 11.17 11.10 10.88 11.17 11.68 11.90 12.05 11.53 11.53 12.34 11.75 12.05 10.15 9.20 8.47 8.76 7.81 7.74 8.91 9.05 7.62 10.66 11.73 12.22 12.70 13.02 17.90 20.37 17.99 17.93 20.29 20.08
9.78 9.27 9.05 10.73 10.37 11.53 11.68 11.83 11.17 11.17 8.76 7.15 7.37 3.50 0.00 0.00 0.00 0.00 0.00 0.00 0.00 4.74 2.63 4.23 3.50 5.91 6.86 10.59 10.88 10.66 10.22 10.80 9.56 11.02 11.02 11.02 11.10 12.48 12.12 13.43 15.70 14.24 13.72 14.02 14.75 14.89 13.65 13.36 14.38 13.94 12.99 13.36 11.97 12.05 11.24 12.26 11.53 13.29 16.50 14.24 14.24 13.58 15.99 12.12 12.92 10.80 9.56 8.54 8.32 10.51 9.27 8.54 9.13 8.23 9.26 12.25 14.96 16.12 13.89 16.29 16.07 17.41 17.32 16.29
9.78 9.27 9.05 10.73 10.37 11.53 11.68 11.83 11.17 11.17 8.76 7.15 7.37 3.50 0.00 0.00 0.00 0.00 0.00 0.00 0.00 4.74 2.63 4.23 3.50 5.91 6.86 10.59 10.88 10.66 10.22 10.80 9.56 11.02 11.02 11.02 11.10 12.48 12.12 13.43 15.70 14.24 13.72 14.02 14.75 14.89 13.65 13.36 14.38 13.94 12.99 13.36 11.97 12.05 11.24 12.26 11.53 13.29 16.50 14.24 14.24 13.58 15.99 12.12 12.92 10.80 9.56 8.54 8.32 10.51 9.27 8.54 8.91 8.10 8.98 11.38 13.33 14.92 14.82 16.91 16.07 17.03 19.02 17.43
11.61 9.71 8.10 8.18 7.74 7.23 7.45 5.40 4.74 4.74 5.26 2.92 0.00 0.00 0.00 0.00 0.00 0.00 4.16 5.99 5.48 5.40 6.57 8.54 8.98 8.83 10.37 8.83 8.98 10.15 9.20 8.32 9.56 10.07 11.46 11.46 12.63 14.09 12.12 14.02 13.58 13.58 12.19 10.07 11.97 12.70 12.48 11.53 14.53 14.31 13.72 13.29 11.83 12.26 12.78 14.82 16.64 16.13 17.81 15.70 15.70 15.48 15.48 13.80 12.70 10.66 10.51 13.29 11.61 11.53 11.68 9.42 9.86 10.15 8.91 10.73 12.88 13.12 16.73 17.00 15.61 16.32 17.30 16.11
10.44 10.51 8.83 7.08 7.45 5.77 3.14 4.31 0.22 0.22 0.00 0.00 0.00 0.00 0.00 0.00 0.00 2.04 0.29 4.31 5.26 7.15 10.73 11.39 10.80 10.22 10.15 10.29 11.68 10.29 8.83 9.05 9.27 9.64 10.95 10.95 10.07 11.39 12.12 12.78 12.99 11.53 11.97 10.22 8.98 10.88 11.97 11.90 13.21 13.51 12.92 12.34 12.41 13.65 14.02 13.94 15.18 13.87 14.38 14.45 14.45 15.40 16.94 17.01 14.75 16.57 14.67 14.75 14.38 12.41 11.61 12.19 10.22 9.98 13.54 11.41 11.74 12.35 15.84 13.96 15.93 13.94 14.90 17.54
12.70 12.70 11.46 11.61 11.17 8.98 9.78 3.80 0.00 0.00 0.00 0.00 0.00 0.00 0.00 0.00 0.00 0.51 1.17 4.31 10.15 10.66 10.37 10.44 11.39 12.41 12.05 12.05 12.26 10.51 9.78 8.25 8.47 9.56 10.37 10.37 10.07 11.32 11.83 10.22 9.34 10.29 8.47 9.64 9.93 11.61 11.39 12.26 12.56 12.19 12.78 11.97 12.85 14.24 14.60 16.86 16.35 15.84 16.21 17.23 17.23 16.64 16.72 16.79 17.23 17.16 15.26 15.48 15.48 15.48 13.58 12.41 13.74 12.99 12.08 12.83 13.63 16.11 13.39 14.04 14.31 14.22 14.91 14.50
10.95 10.66 10.37 9.56 9.27 9.49 9.86 9.34 8.69 8.69 5.18 5.62 1.31 5.33 5.48 6.35 7.08 6.94 7.52 7.74 8.32 9.05 9.71 11.53 12.56 12.41 12.85 10.95 9.42 8.69 8.54 8.47 8.32 8.76 10.29 10.29 9.27 9.34 9.05 9.78 8.47 8.40 8.91 10.22 7.59 10.15 10.66 10.80 9.64 9.49 9.93 9.78 11.24 11.61 15.55 17.45 15.84 16.21 15.70 15.91 15.91 17.08 16.72 16.79 16.43 13.87 14.75 12.99 16.13 15.40 16.13 13.25 13.18 14.99 13.27 12.90 13.97 13.95 13.37 14.60 14.60 16.76 15.58 13.63
10.95 10.66 10.37 9.56 9.27 9.49 9.86 9.34 8.69 8.69 5.18 5.62 1.31 5.33 5.48 6.35 7.08 6.94 7.52 7.74 8.32 9.05 9.71 11.53 12.56 12.41 12.85 10.95 9.42 8.69 8.54 8.47 8.32 8.76 10.29 10.29 9.27 9.34 9.05 9.78 8.47 8.40 8.91 10.22 7.59 10.15 10.66 10.80 9.64 9.49 9.93 9.78 11.24 11.61 15.55 17.45 15.84 16.21 15.70 15.91 15.91 17.08 16.72 16.79 16.43 13.87 14.75 12.99 16.13 15.40 16.13 16.26 12.35 16.29 11.92 15.96 14.17 15.42 13.63 13.17 14.11 14.41 16.94 15.48
9.78 10.73 11.53 8.98 8.91 7.88 8.40 9.49 8.40 8.40 8.40 5.26 7.15 7.08 7.23 6.64 5.55 5.84 5.77 6.94 7.52 8.91 9.05 10.00 11.10 10.73 10.29 10.66 8.83 9.13 7.88 7.52 8.61 9.93 9.93 9.93 9.71 9.20 8.91 8.76 8.69 9.71 8.54 8.76 8.40 7.88 7.08 6.50 8.10 8.83 9.49 7.15 10.07 9.27 12.99 11.24 14.97 15.18 15.11 14.60 14.60 15.40 15.26 15.84 16.50 13.29 13.36 13.36 15.26 14.97 15.96 15.28 14.69 14.42 17.58 17.25 17.52 14.89 14.69 16.32 14.60 15.50 15.13 14.04
7.88 11.83 11.10 10.51 9.78 9.13 7.81 7.15 8.10 8.10 6.64 8.69 7.08 7.52 7.30 6.28 8.83 6.79 7.15 8.98 8.54 9.20 9.34 8.10 8.18 8.47 9.20 8.47 9.13 9.13 8.61 9.78 9.56 9.64 9.78 9.78 10.22 8.47 8.69 9.93 8.83 8.76 9.20 5.69 3.36 4.53 5.99 7.37 7.23 6.94 6.79 6.57 6.94 6.72 10.51 9.49 12.34 11.97 13.14 12.78 12.78 14.97 15.40 14.16 13.51 14.09 14.02 15.11 14.75 15.99 16.59 17.77 17.67 15.45 17.05 19.44 15.23 15.56 16.28 15.76 12.46 15.53 14.41 15.83
3.80 2.85 7.96 10.73 10.80 9.93 10.37 7.52 10.59 10.59 10.59 9.78 9.93 13.36 12.48 10.73 11.10 7.88 9.20 9.20 12.92 11.61 10.00 10.80 8.03 8.69 8.83 8.32 8.47 8.32 7.66 8.40 9.05 9.05 8.61 8.61 8.25 8.40 8.10 7.30 6.86 6.57 7.08 5.77 3.65 3.50 7.15 7.23 6.86 6.13 6.35 6.28 6.13 5.18 7.30 7.88 7.08 11.39 11.90 13.51 13.51 13.58 14.45 13.51 13.21 14.24 13.51 15.11 15.77 15.48 16.57 18.10 19.49 19.05 18.10 19.39 21.68 18.39 18.04 16.49 14.93 12.93 11.09 15.13
2.26 2.12 5.84 8.76 7.81 10.22 10.15 11.46 11.24 11.24 11.39 12.70 13.51 13.36 12.99 12.19 10.44 9.93 13.94 15.18 15.99 14.97 13.94 10.07 8.61 8.91 8.47 6.94 7.30 6.94 7.52 8.76 8.76 8.83 7.23 7.23 8.03 5.18 5.11 5.18 6.13 4.89 4.67 3.87 4.96 6.64 5.99 7.01 6.42 3.72 4.45 4.67 4.60 5.04 3.72 7.01 8.47 10.07 9.86 12.56 12.56 11.83 12.85 13.29 11.02 12.26 12.56 12.05 14.67 16.06 15.77 18.83 19.86 19.42 20.85 21.65 22.66 22.47 22.35 15.71 15.95 14.18 12.99 12.74
1.61 1.83 3.87 5.11 5.33 10.00 10.80 11.17 10.37 10.37 11.10 12.99 13.65 13.80 11.10 11.39 10.00 10.95 11.68 15.77 17.45 17.52 10.22 8.69 7.15 7.81 7.74 7.37 7.01 8.76 9.78 8.61 8.98 8.83 7.52 7.52 6.06 3.58 3.43 2.19 3.43 2.77 3.14 4.09 5.33 5.18 0.00 3.94 2.99 2.99 3.50 4.53 4.74 5.04 4.74 6.13 8.18 9.64 9.64 9.71 9.71 10.37 3.37 7.59 6.42 6.79 11.90 12.05 12.12 14.82 14.24 14.45 17.81 18.03 17.64 20.88 24.40 18.14 22.99 17.99 11.39 12.15 13.89 13.49
1.61 1.83 3.87 5.11 5.33 10.00 10.80 11.17 10.37 10.37 11.10 12.99 13.65 13.80 11.10 11.39 10.00 10.95 11.68 15.77 17.45 17.52 10.22 8.69 7.15 7.81 7.74 7.37 7.01 8.76 9.78 8.61 8.98 8.83 7.52 7.52 6.06 3.58 3.43 2.19 3.43 2.77 3.14 4.09 5.33 5.18 0.00 3.94 2.99 2.99 3.50 4.53 4.74 5.04 4.74 6.13 8.18 9.64 9.64 9.71 9.71 10.37 3.37 7.59 6.42 6.79 11.90 12.05 12.12 14.82 14.24 14.45 17.81 18.03 16.94 20.99 18.95 15.96 19.25 20.94 13.93 12.41 10.88 12.44
1.31 0.58 2.48 2.70 5.26 7.01 8.18 9.34 9.20 9.20 9.64 10.29 9.42 9.71 8.32 8.10 8.83 11.90 10.07 11.68 10.88 11.10 9.64 7.96 9.05 9.86 9.27 9.20 8.18 9.34 8.91 5.40 5.91 3.87 3.21 3.21 3.21 2.70 2.19 2.04 2.26 3.50 2.41 3.58 3.07 0.00 0.00 0.00 0.00 3.43 4.45 4.09 4.45 4.67 6.79 6.28 7.66 8.40 7.37 0.00 0.00 0.00 0.00 2.12 5.99 3.94 9.86 9.86 9.42 13.07 12.78 10.95 15.26 14.97 15.26 16.36 16.52 22.87 20.49 16.98 16.92 11.63 10.54 11.70
0.00 1.24 2.63 3.72 8.25 8.40 9.27 8.98 9.64 9.64 9.56 9.86 9.13 7.59 6.50 6.20 7.81 7.59 10.22 11.32 10.51 9.42 9.64 9.86 9.86 10.22 10.80 11.10 9.64 9.27 6.79 4.16 3.58 2.56 2.41 2.41 2.41 2.92 2.85 2.63 3.29 4.31 3.07 3.29 3.36 0.00 0.00 0.00 0.00 3.58 3.58 3.50 5.11 4.67 6.79 5.84 6.06 6.20 5.48 0.00 0.00 0.00 0.00 0.00 3.43 5.40 5.18 7.52 8.76 8.40 9.93 9.42 14.09 15.33 15.12 18.11 18.57 20.44 20.67 16.81 16.18 12.36 11.42 14.23
0.44 0.73 0.95 4.09 5.77 7.45 8.98 11.61 11.75 11.75 10.88 11.17 8.32 8.76 7.23 6.20 5.91 5.91 9.34 11.02 10.22 10.15 9.86 10.29 9.20 10.00 9.86 10.73 7.74 5.18 5.91 4.31 3.58 2.99 2.99 2.99 2.85 2.85 4.16 3.36 3.94 3.80 0.00 0.00 0.00 0.00 0.00 0.00 0.00 0.00 0.00 3.14 5.04 4.53 4.38 4.82 3.65 0.00 0.00 0.00 0.00 0.00 0.00 2.92 2.63 5.18 7.59 8.10 8.10 8.83 10.95 13.58 12.52 17.92 17.27 19.89 20.61 14.35 11.70 18.08 12.92 11.16 11.05 11.08
2.19 1.53 1.68 1.61 4.60 4.45 8.10 10.66 11.83 11.83 12.19 9.42 8.32 6.86 7.30 6.06 5.04 6.28 9.86 9.34 9.64 9.64 10.00 8.32 8.54 8.54 6.86 8.61 6.35 5.40 3.94 3.07 3.07 3.29 3.14 3.14 2.56 4.31 4.38 4.82 4.23 3.36 0.00 0.00 1.97 0.00 0.00 0.00 0.00 0.00 0.00 0.00 1.61 4.23 2.92 3.43 0.00 0.00 0.00 0.00 0.00 0.00 0.00 2.26 4.60 3.80 7.23 7.37 9.93 9.20 12.34 13.58 18.44 17.21 20.23 17.58 23.55 19.67 11.68 9.66 8.55 10.09 11.23 11.59
2.12 1.83 0.00 1.17 3.87 5.18 4.74 7.45 8.40 8.40 7.66 8.98 8.32 7.08 6.06 7.45 6.13 6.64 6.20 8.40 7.96 5.26 5.99 5.69 7.96 7.15 5.26 7.45 5.40 5.91 4.74 4.82 5.48 8.91 6.79 6.79 5.84 6.13 4.23 4.67 5.11 4.60 4.89 5.04 4.82 2.92 2.04 4.67 3.21 0.00 2.12 2.26 1.97 3.21 0.00 0.00 0.00 0.00 0.00 1.24 1.24 2.12 2.41 2.41 4.67 6.86 6.57 8.18 10.00 12.78 12.05 18.05 21.90 18.94 21.44 19.08 11.90 10.83 11.85 7.46 6.75 6.39 6.12 6.72
2.12 1.83 0.00 1.17 3.87 5.18 4.74 7.45 8.40 8.40 7.66 8.98 8.32 7.08 6.06 7.45 6.13 6.64 6.20 8.40 7.96 5.26 5.99 5.69 7.96 7.15 5.26 7.45 5.40 5.91 4.74 4.82 5.48 8.91 6.79 6.79 5.84 6.13 4.23 4.67 5.11 4.60 4.89 5.04 4.82 2.92 2.04 4.67 3.21 0.00 2.12 2.26 1.97 3.21 0.00 0.00 0.00 0.00 0.00 1.24 1.24 2.12 2.41 2.41 4.67 6.86 6.57 8.18 10.00 12.78 12.12 17.86 19.80 21.11 22.88 22.26 13.82 10.48 12.38 7.25 7.14 7.58 5.59 5.71
0.00 0.00 0.00 0.29 1.46 1.24 2.63 3.94 6.13 6.13 5.40 8.10 5.33 5.62 6.86 6.50 5.40 4.09 3.50 4.53 2.99 4.31 3.87 2.99 2.70 0.00 4.67 5.84 4.74 6.28 5.99 6.79 7.30 7.52 7.88 7.88 5.91 5.84 4.45 4.60 6.28 7.23 7.81 7.59 7.01 9.27 9.64 6.94 4.96 5.26 2.77 2.63 1.90 1.97 0.00 0.00 0.00 2.48 2.12 3.43 3.45 2.20 1.98 4.67 3.43 10.22 10.51 10.95 10.78 13.57 19.61 18.14 25.27 25.16 19.09 24.29 11.81 7.66 8.64 7.35 5.80 5.77 2.19 2.16
0.00 0.37 0.00 0.00 0.00 0.00 0.58 2.04 4.23 4.23 2.56 3.80 4.89 5.11 5.33 6.86 6.20 4.16 4.96 4.96 3.50 2.85 3.36 3.21 0.00 2.70 5.26 4.82 5.62 5.69 4.09 5.18 4.67 6.35 6.72 6.72 6.64 7.30 6.86 5.26 10.51 9.13 11.10 15.11 15.62 12.41 13.94 11.24 8.76 6.35 3.50 4.38 0.00 0.00 0.00 3.72 3.21 4.67 3.50 3.72 3.72 3.21 3.50 7.66 11.17 10.37 12.12 12.05 16.13 15.55 20.44 20.85 19.35 25.19 16.54 8.88 11.05 5.54 5.74 5.08 5.33 4.36 1.35 0.45
2.19 1.90 0.00 0.00 0.00 0.00 0.00 2.26 0.00 0.00 0.00 0.00 3.21 4.31 5.48 5.18 5.91 6.13 5.26 5.69 4.53 5.69 5.48 3.50 5.40 8.32 5.18 5.99 7.81 4.67 4.09 4.38 7.45 8.03 9.34 9.34 9.13 8.25 12.19 10.59 11.90 13.72 13.14 14.45 13.21 13.14 10.22 8.32 5.91 6.79 7.01 6.79 4.67 7.37 4.02 4.82 4.16 5.11 4.02 4.31 4.31 5.18 4.82 7.59 10.80 12.48 12.05 14.16 17.89 19.78 19.13 20.94 19.90 12.59 14.29 7.18 3.82 5.35 4.73 3.52 1.95 0.98 1.38 0.39
3.29 3.87 0.00 0.00 0.00 0.00 0.00 0.00 0.00 0.00 0.00 0.00 0.00 3.36 4.60 3.65 5.55 6.64 5.84 6.64 6.64 6.94 7.15 9.42 8.91 9.13 11.24 10.88 10.22 6.64 5.69 9.78 9.86 9.71 10.59 10.59 11.17 11.75 11.61 13.72 13.07 9.78 10.88 12.34 11.97 12.48 10.88 10.15 11.97 12.19 8.47 9.56 8.18 7.23 4.53 5.77 6.13 5.77 5.48 3.72 3.72 6.20 7.66 7.23 9.27 12.56 13.72 12.85 17.37 19.35 20.29 20.06 22.13 11.64 4.72 4.37 3.97 4.34 2.25 2.46 0.91 0.76 0.00 0.00
4.09 5.18 0.00 0.00 0.00 0.00 0.00 0.00 0.00 0.00 0.00 0.00 0.00 3.07 3.72 2.99 3.94 3.07 4.74 6.50 7.15 8.61 9.56 9.71 11.39 12.63 12.41 13.07 9.78 9.93 9.05 10.29 10.00 11.39 11.90 11.90 10.00 10.22 11.39 9.34 10.44 10.15 11.83 13.87 14.53 14.31 12.92 11.32 15.11 14.24 12.05 10.00 5.48 5.99 7.37 6.42 6.86 6.86 7.45 5.04 5.04 6.50 7.74 8.54 7.74 12.05 10.95 12.70 12.19 17.45 18.98 13.36 16.22 9.04 2.30 1.74 0.44 0.56 1.95 0.58 0.70 0.15 0.00 0.00
0.00 4.60 0.00 0.00 0.00 0.00 0.00 0.00 0.00 0.00 0.00 0.00 0.00 0.00 3.14 1.97 0.00 0.00 3.07 4.89 6.42 5.99 7.88 9.93 7.96 9.64 10.66 10.88 7.45 7.01 8.69 8.03 10.15 11.83 11.90 11.90 11.83 9.64 10.15 13.72 14.24 17.81 17.01 17.08 16.43 19.27 18.40 19.86 19.56 17.30 16.21 11.75 15.11 11.24 8.40 7.59 11.53 9.56 8.54 6.50 6.50 6.72 5.84 5.99 5.26 5.33 7.45 10.51 11.61 16.06 16.06 11.52 3.58 0.82 1.40 1.09 0.00 0.00 0.00 0.00 0.00 0.00 0.00 0.00
0.00 4.60 0.00 0.00 0.00 0.00 0.00 0.00 0.00 0.00 0.00 0.00 0.00 0.00 3.14 1.97 0.00 0.00 3.07 4.89 6.42 5.99 7.88 9.93 7.96 9.64 10.66 10.88 7.45 7.01 8.69 8.03 10.15 11.83 11.90 11.90 11.83 9.64 10.15 13.72 14.24 17.81 17.01 17.08 16.43 19.27 18.40 19.86 19.56 17.30 16.21 11.75 15.11 11.24 8.40 7.59 11.53 9.56 8.54 6.50 6.50 6.72 5.84 5.99 5.26 5.33 7.45 10.51 11.61 16.06 16.06 11.46 3.52 0.81 1.40 1.14 0.00 0.00 0.00 0.00 0.00 0.00 0.00 0.00
0.00 0.00 0.00 0.00 0.00 0.00 0.00 0.00 0.00 0.00 0.00 0.00 0.00 0.00 0.00 0.00 0.00 0.00 3.14 3.36 4.45 4.09 6.06 4.89 6.72 9.20 7.08 6.28 5.84 7.15 8.47 12.99 12.92 12.78 13.36 13.36 12.34 12.34 11.90 15.33 18.61 18.91 19.27 17.81 19.13 18.91 20.37 20.44 19.93 16.79 17.59 14.53 18.54 15.70 13.65 11.39 11.90 10.00 9.05 6.64 6.64 6.42 6.86 7.23 5.26 6.28 8.98 8.40 9.86 8.76 8.69 9.56 3.43 0.81 0.59 1.06 0.73 0.00 0.00 0.00 0.00 0.00 0.00 0.00
