Wansh/Snow_depth/snowdepth-1996/winter/1997019.txt
ncols 321
nrows 161
xllcenter 60
yllcenter 15 
cellsize  0.25 
NODATA_value -1
[rows 0 to 36 of 161, columns 84 to 167 of 321]
15.84 15.04 14.31 14.09 13.07 13.51 9.27 7.23 7.23 8.61 8.69 8.54 8.83 9.42 12.48 12.12 13.14 13.72 13.72 13.80 12.41 9.34 4.09 4.45 1.46 0.37 0.00 0.29 1.31 1.10 3.65 6.72 6.35 9.42 9.86 11.24 10.88 13.14 11.32 11.68 9.42 6.06 7.37 7.37 3.94 1.39 0.73 0.44 1.53 0.00 4.67 6.57 5.99 5.84 6.50 7.23 8.25 11.39 7.01 2.70 1.97 2.12 2.70 2.70 2.70 2.70 2.63 3.80 3.80 6.57 5.40 8.69 11.61 13.07 11.24 13.58 13.58 13.58 13.80 12.41 12.85 10.66 9.27 8.25
14.60 14.97 14.24 14.09 13.14 10.00 10.80 10.15 11.17 8.83 8.32 8.61 7.01 6.86 6.86 7.08 9.56 14.09 14.09 13.87 14.24 12.41 8.03 9.20 1.90 0.37 0.00 0.66 0.37 0.22 1.68 5.11 4.31 8.47 7.88 9.71 12.26 13.29 11.83 10.80 8.91 7.23 7.74 7.74 3.80 6.28 3.29 1.83 0.00 1.46 1.68 1.83 2.92 2.41 4.89 3.14 3.58 3.50 3.50 2.92 2.34 5.11 4.09 4.38 1.46 2.12 1.83 3.80 3.80 8.10 9.56 12.12 11.61 13.58 16.21 16.21 15.26 13.14 12.85 11.39 11.61 13.29 12.63 9.13
13.58 13.94 14.02 10.88 11.02 11.24 12.34 11.83 12.85 10.37 11.39 7.88 7.96 5.69 4.16 4.16 5.55 8.61 8.61 6.64 10.07 9.93 10.15 8.25 2.41 3.36 0.73 0.73 0.37 0.80 0.66 0.44 3.14 5.40 5.84 9.93 13.21 12.26 14.09 14.24 11.53 12.26 11.75 11.75 10.59 12.78 9.71 6.28 2.41 1.61 1.10 1.02 0.95 1.61 1.24 3.07 4.16 4.02 5.62 6.57 6.28 5.99 10.37 9.34 8.61 10.73 9.20 9.49 9.49 8.76 9.20 10.73 12.78 16.06 15.04 16.94 17.96 14.97 17.16 15.99 15.91 15.11 14.67 15.18
13.58 13.94 14.02 10.88 11.02 11.24 12.34 11.83 12.85 10.37 11.39 7.88 7.96 5.69 4.16 4.16 5.55 8.61 8.61 6.64 10.07 9.93 10.15 8.25 2.41 3.36 0.73 0.73 0.37 0.80 0.66 0.44 3.14 5.40 5.84 9.93 13.21 12.26 14.09 14.24 11.53 12.26 11.75 11.75 10.59 12.78 9.71 6.28 2.41 1.61 1.10 1.02 0.95 1.61 1.24 3.07 4.16 4.02 5.62 6.57 6.28 5.99 10.37 9.34 8.61 10.73 9.20 9.49 9.49 8.76 9.20 10.73 12.78 16.06 15.04 16.94 17.96 14.97 17.16 15.99 15.91 15.11 14.67 15.18
11.97 9.56 8.69 9.13 10.44 10.95 10.37 8.54 14.67 10.59 7.88 8.47 5.84 4.31 4.67 3.21 2.19 2.70 2.70 5.84 5.33 8.54 8.47 8.83 4.09 0.58 0.58 0.00 0.58 0.58 0.37 1.53 0.95 2.85 4.96 8.47 7.66 12.19 14.67 14.31 14.45 12.85 11.61 11.61 15.40 15.62 14.09 10.15 3.65 3.36 0.73 1.61 1.24 1.53 0.80 2.41 3.21 2.92 4.60 8.25 8.83 10.37 10.15 11.75 9.71 9.27 14.60 14.67 14.67 12.48 10.88 11.39 11.83 11.97 14.09 17.96 15.70 15.26 16.35 17.45 13.58 15.26 14.82 12.63
9.42 9.93 8.98 8.76 8.91 6.28 4.89 5.18 5.18 6.28 6.28 5.62 5.84 5.26 4.38 4.38 4.09 2.56 2.56 3.21 1.10 1.90 1.53 4.09 4.09 4.45 2.34 1.75 1.24 0.95 0.66 0.29 2.41 3.72 3.14 6.06 6.28 9.20 11.24 12.12 12.70 10.37 10.29 10.29 10.29 12.12 11.61 12.48 6.28 1.46 1.39 2.04 0.88 1.31 1.24 1.31 3.36 4.23 6.20 5.55 8.18 10.22 13.21 13.80 15.62 14.67 15.84 14.67 14.67 11.53 11.32 10.80 9.93 10.22 11.53 9.42 8.54 8.61 8.83 11.02 10.07 14.45 14.09 15.55
7.23 8.10 9.13 8.54 5.69 6.94 5.91 6.35 4.82 6.94 6.72 6.86 6.13 5.62 5.91 5.04 6.13 5.11 5.11 2.19 2.48 0.51 1.97 1.24 4.60 3.36 3.65 1.39 1.17 1.17 0.58 0.00 0.00 2.92 3.65 4.67 4.16 6.79 7.66 8.47 9.86 9.86 8.98 8.98 10.66 9.78 7.52 9.42 2.41 3.14 1.75 0.29 0.00 1.97 2.92 2.56 3.65 5.40 7.37 8.76 8.47 10.22 13.65 14.16 14.97 13.29 13.58 13.36 13.36 13.58 12.56 10.95 13.14 11.68 11.83 9.49 6.94 7.66 7.30 8.91 10.66 12.41 11.97 15.48
7.23 8.10 9.13 8.54 5.69 6.94 5.91 6.35 4.82 6.94 6.72 6.86 6.13 5.62 5.91 5.04 6.13 5.11 5.11 2.19 2.48 0.51 1.97 1.24 4.60 3.36 3.65 1.39 1.17 1.17 0.58 0.00 0.00 2.92 3.65 4.67 4.16 6.79 7.66 8.47 9.86 9.86 8.98 8.98 10.66 9.78 7.52 9.42 2.41 3.14 1.75 0.29 0.00 1.97 2.92 2.56 3.65 5.40 7.37 8.76 8.47 10.22 13.65 14.16 14.97 13.29 13.58 13.36 13.36 13.58 12.56 10.95 13.14 11.68 11.83 9.49 6.94 7.66 7.30 8.91 10.66 12.41 11.97 15.48
6.79 6.42 7.23 6.94 8.25 7.15 7.37 7.15 8.18 7.45 5.62 4.74 4.67 5.55 5.33 5.55 5.33 6.57 6.57 6.42 5.48 2.70 2.99 1.17 1.75 1.97 2.04 1.46 0.66 1.68 0.00 0.00 0.00 1.97 4.74 7.59 7.52 7.88 7.81 5.04 5.99 5.84 6.72 6.72 5.18 6.64 3.50 2.41 1.46 1.68 1.68 1.97 2.92 2.12 4.02 4.82 5.48 5.33 6.50 8.32 8.10 9.42 9.34 11.83 11.53 11.61 12.85 13.51 13.51 12.26 11.83 11.75 13.65 12.05 11.97 11.24 10.44 8.98 10.00 10.07 8.32 8.83 9.64 12.85
5.48 7.45 7.15 6.42 6.57 6.06 7.23 7.23 7.08 5.69 2.56 2.92 2.41 4.67 4.16 6.20 6.72 5.69 5.69 6.42 6.50 4.82 2.26 2.56 1.02 1.97 1.53 0.80 0.00 1.02 0.00 0.00 0.00 3.65 2.70 6.06 6.79 6.50 5.04 5.55 2.48 2.63 2.92 2.92 2.04 2.41 2.26 2.63 4.16 3.80 3.21 2.56 1.83 7.15 8.03 6.42 6.28 6.72 8.25 8.18 7.96 8.40 8.25 7.96 9.64 9.34 8.25 9.20 9.20 9.49 10.95 12.34 11.61 12.12 11.90 10.51 12.85 13.72 14.24 10.15 11.90 9.27 8.03 8.47
7.37 6.13 5.62 6.57 5.91 6.57 5.77 4.74 4.31 5.48 2.70 2.34 1.90 4.96 7.23 7.15 8.32 8.91 8.91 8.98 8.18 5.33 5.77 2.63 1.97 1.10 0.95 1.53 0.00 0.00 0.00 0.95 1.31 0.95 2.19 5.04 4.60 4.67 4.82 2.85 4.09 3.21 2.70 2.70 3.50 2.04 4.38 2.99 7.30 7.74 6.72 10.59 9.20 10.07 7.96 7.88 10.07 10.29 9.93 10.22 9.71 11.02 7.96 7.66 9.20 9.56 9.34 10.00 10.00 12.56 12.99 12.99 13.29 13.07 14.38 12.56 14.75 15.62 13.36 11.75 12.41 7.37 9.20 8.25
7.37 6.13 5.62 6.57 5.91 6.57 5.77 4.74 4.31 5.48 2.70 2.34 1.90 4.96 7.23 7.15 8.32 8.91 8.91 8.98 8.18 5.33 5.77 2.63 1.97 1.10 0.95 1.53 0.00 0.00 0.00 0.95 1.31 0.95 2.19 5.04 4.60 4.67 4.82 2.85 4.09 3.21 2.70 2.70 3.50 2.04 4.38 2.99 7.30 7.74 6.72 10.59 9.20 10.07 7.96 7.88 10.07 10.29 9.93 10.22 9.71 11.02 7.96 7.66 9.20 9.56 9.34 10.00 10.00 12.56 12.99 12.99 13.29 13.07 14.38 12.56 14.75 15.62 13.36 11.75 12.41 7.37 9.20 8.25
5.84 5.62 5.40 4.02 4.45 4.09 3.36 3.07 3.80 2.85 3.36 3.72 7.59 4.02 7.59 11.10 9.86 10.80 10.80 10.15 10.29 7.15 2.34 3.58 1.02 2.70 0.80 1.10 0.73 0.66 1.31 1.31 1.02 4.09 4.16 4.60 4.31 4.89 5.99 4.74 5.55 5.18 4.02 4.02 4.82 5.91 7.88 8.61 8.32 8.54 8.98 13.87 12.48 10.51 10.66 10.66 11.46 11.39 12.63 12.26 11.10 11.53 8.47 8.03 8.98 9.13 9.93 12.05 12.05 12.85 12.63 13.87 13.29 13.87 14.24 12.19 13.21 15.84 14.97 13.43 11.10 11.39 10.15 9.64
4.74 5.26 5.40 4.16 2.70 2.34 0.00 3.80 0.00 5.04 4.89 4.89 7.30 12.41 12.34 12.26 13.36 12.56 12.56 12.78 9.71 5.04 5.18 3.72 3.21 1.68 2.04 0.80 2.92 4.82 6.35 5.77 5.62 4.96 7.23 7.66 6.94 6.57 7.23 6.20 5.77 6.20 5.18 5.18 7.01 6.72 7.74 9.34 10.37 12.26 11.61 12.63 11.68 11.02 11.53 14.09 12.48 11.61 12.41 10.88 10.15 10.44 9.78 10.51 10.00 10.22 10.59 12.56 12.56 13.80 14.53 14.38 13.51 14.45 12.92 13.58 11.61 10.80 10.66 10.44 12.70 11.17 8.91 9.78
4.38 4.53 5.48 4.89 2.04 2.92 3.80 3.21 6.06 7.74 7.45 7.74 9.27 11.02 12.34 13.14 12.92 13.14 13.14 10.88 11.39 8.10 5.04 6.13 4.60 4.96 3.72 3.65 3.29 5.18 7.15 10.88 10.88 9.86 8.54 7.81 5.99 6.06 4.67 5.55 6.50 5.62 5.91 5.91 7.30 8.47 8.91 8.98 9.27 9.27 8.91 10.37 11.90 12.41 13.80 15.77 13.58 11.97 10.07 9.34 9.20 8.54 8.47 9.34 8.47 9.20 10.44 9.78 9.78 12.41 13.29 11.39 10.66 10.88 10.29 5.69 4.38 2.34 0.00 2.19 7.37 6.28 9.05 10.44
4.89 5.77 5.99 5.40 5.11 4.16 4.09 5.26 4.53 7.23 7.23 7.23 7.45 8.47 10.80 10.22 12.63 12.19 12.19 12.70 9.20 7.74 7.66 7.66 6.28 4.96 5.11 4.96 6.50 8.61 10.80 10.00 11.97 10.80 7.30 5.69 3.80 3.65 3.87 3.94 5.11 4.89 5.62 5.62 8.91 8.03 8.25 9.34 9.93 10.29 11.10 11.53 12.19 13.87 13.29 14.24 13.14 10.66 8.83 7.01 6.79 6.35 6.79 7.01 7.23 8.40 9.86 9.49 9.49 11.97 11.68 11.32 7.30 5.04 8.54 8.61 2.04 0.00 0.00 0.00 8.10 9.20 10.80 10.22
4.89 5.77 5.99 5.40 5.11 4.16 4.09 5.26 4.53 7.23 7.23 7.23 7.45 8.47 10.80 10.22 12.63 12.19 12.19 12.70 9.20 7.74 7.66 7.66 6.28 4.96 5.11 4.96 6.50 8.61 10.80 10.00 11.97 10.80 7.30 5.69 3.80 3.65 3.87 3.94 5.11 4.89 5.62 5.62 8.91 8.03 8.25 9.34 9.93 10.29 11.10 11.53 12.19 13.87 13.29 14.24 13.14 10.66 8.83 7.01 6.79 6.35 6.79 7.01 7.23 8.40 9.86 9.49 9.49 11.97 11.68 11.32 7.30 5.04 8.54 8.61 2.04 0.00 0.00 0.00 8.10 9.20 10.80 10.22
4.53 6.28 5.33 5.62 4.60 3.29 3.58 2.41 2.26 4.09 4.74 5.55 4.96 7.08 9.86 11.68 11.17 11.53 11.53 8.91 9.05 8.10 6.72 5.77 7.08 6.50 7.81 7.01 8.40 8.10 9.20 11.39 11.90 8.76 7.66 3.50 3.58 2.99 2.85 4.23 5.48 5.91 9.86 9.86 9.71 8.10 9.71 9.86 12.34 9.93 10.80 12.26 13.07 15.33 14.02 11.02 12.19 9.71 8.25 8.40 5.91 6.72 6.20 7.88 7.52 10.22 11.90 11.46 11.46 11.75 12.05 8.54 9.34 5.26 4.89 1.97 0.00 0.00 0.00 1.90 5.84 6.64 8.54 7.81
4.89 4.31 4.60 5.26 5.84 4.23 1.90 1.90 1.17 2.77 4.31 4.09 5.33 7.52 7.23 7.37 8.69 9.49 9.49 9.27 8.61 6.35 5.04 4.89 6.50 8.03 9.56 9.42 9.64 9.05 10.37 12.63 13.58 14.16 13.36 11.17 5.18 2.34 2.56 2.56 4.23 9.78 8.10 8.10 9.56 9.56 9.78 11.24 12.48 12.78 11.68 15.18 16.94 16.94 14.67 12.63 13.80 10.66 11.61 9.42 8.69 11.17 9.05 12.34 11.32 11.83 11.83 13.29 13.29 17.45 13.58 10.00 11.10 6.57 5.04 1.24 0.95 1.02 2.92 4.09 4.38 4.53 4.16 5.69
2.85 3.29 3.29 4.23 5.62 6.06 2.85 2.19 3.14 2.70 4.38 4.82 4.74 5.69 6.20 6.64 6.35 8.61 8.61 9.71 9.86 8.69 5.91 6.57 8.03 7.15 9.34 10.15 9.71 7.74 9.56 8.91 11.68 11.97 10.88 7.01 4.53 1.46 2.85 3.80 5.26 4.38 7.30 7.30 11.24 10.00 11.02 11.24 12.26 15.40 15.62 17.08 16.64 17.37 18.69 19.05 16.28 15.33 18.76 16.43 14.89 15.48 14.89 12.78 11.97 16.79 16.50 16.72 16.72 17.08 14.24 4.96 3.80 6.94 5.77 1.24 0.95 1.68 2.41 2.99 3.80 3.36 3.72 4.74
3.72 3.36 4.53 4.16 5.84 6.64 7.59 7.52 7.59 7.52 6.42 6.42 6.94 4.96 4.67 2.92 3.94 5.48 5.48 5.33 7.30 7.52 7.30 7.45 7.74 9.71 11.32 10.80 9.49 7.30 6.50 6.13 10.00 9.56 7.37 4.38 1.24 1.39 0.00 0.00 4.31 3.29 7.08 7.08 6.72 7.30 11.75 13.94 14.02 15.77 17.01 17.08 20.15 22.12 22.56 23.00 22.78 23.36 20.08 18.32 16.13 17.74 14.97 13.72 17.23 17.08 16.35 13.51 13.51 6.57 3.07 3.72 1.97 0.00 0.00 0.00 0.95 0.37 1.39 1.68 2.77 2.92 2.63 3.87
4.82 6.94 6.35 7.08 7.96 7.74 8.83 9.20 9.20 8.54 7.66 9.20 8.98 9.20 5.11 4.31 4.23 5.26 5.26 5.77 5.62 6.64 7.37 9.20 12.48 15.70 13.72 13.07 14.97 8.83 5.91 5.62 7.52 7.01 5.18 6.20 0.00 0.00 0.00 0.00 3.43 3.29 5.18 5.18 4.45 6.86 4.60 5.48 13.29 15.11 8.40 12.26 17.16 20.66 17.37 21.61 20.88 21.02 20.51 13.36 17.52 17.74 14.31 14.31 15.55 16.21 15.40 10.66 10.66 6.72 0.00 0.00 0.00 0.00 0.00 0.00 0.00 1.02 0.58 0.88 1.39 1.83 2.12 1.90
4.82 6.94 6.35 7.08 7.96 7.74 8.83 9.20 9.20 8.54 7.66 9.20 8.98 9.20 5.11 4.31 4.23 5.26 5.26 5.77 5.62 6.64 7.37 9.20 12.48 15.70 13.72 13.07 14.97 8.83 5.91 5.62 7.52 7.01 5.18 6.20 0.00 0.00 0.00 0.00 3.43 3.29 5.18 5.18 4.45 6.86 4.60 5.48 13.29 15.11 8.40 12.26 17.16 20.66 17.37 21.61 20.88 21.02 20.51 13.36 17.52 17.74 14.31 14.31 15.55 16.21 15.40 10.66 10.66 6.72 0.00 0.00 0.00 0.00 0.00 0.00 0.00 1.02 0.58 0.88 1.39 1.83 2.12 1.90
6.13 6.79 7.74 7.30 9.64 10.51 11.83 10.80 9.93 9.64 9.49 9.56 11.02 10.66 10.73 7.30 10.59 9.42 9.42 9.78 9.05 10.44 10.95 10.95 12.26 14.60 15.84 16.35 12.92 10.37 5.40 6.06 5.11 0.00 0.00 0.00 2.48 0.00 0.00 0.00 2.26 2.48 0.00 0.00 0.00 0.00 0.00 4.31 1.97 3.87 3.14 7.45 10.00 8.40 11.75 14.97 8.47 9.20 9.27 9.49 10.73 11.10 12.48 13.72 13.94 12.48 12.85 11.10 11.10 8.83 12.48 7.30 0.00 4.60 3.14 1.02 0.73 1.17 1.61 1.39 1.46 1.17 1.61 1.68
6.42 6.20 6.94 8.47 7.96 8.98 9.86 9.71 9.86 9.13 8.83 10.37 10.22 11.46 12.85 11.32 11.83 9.42 9.42 8.69 8.54 10.22 11.46 12.37 11.96 15.57 11.28 12.19 13.07 11.75 10.00 5.33 2.99 2.63 0.00 0.66 0.00 1.83 0.00 2.26 1.90 2.70 0.00 0.00 0.00 0.00 0.00 0.00 0.00 0.00 0.00 3.65 5.69 8.69 9.05 6.86 7.15 6.57 8.03 7.66 8.10 9.56 11.61 11.68 13.14 12.05 10.73 12.26 12.26 13.43 13.58 11.10 10.44 7.52 4.16 1.53 1.61 1.39 1.68 1.61 1.39 1.39 1.83 1.90
7.66 7.74 7.96 6.64 7.52 7.23 7.30 7.59 8.40 8.83 8.76 10.95 10.95 10.95 11.32 11.46 9.64 7.23 7.23 7.88 6.28 10.95 12.12 12.36 14.17 12.37 12.02 11.82 12.63 13.07 8.54 10.73 4.74 5.40 0.44 2.56 1.68 1.90 2.34 2.48 2.26 1.90 2.04 2.04 0.00 0.00 0.00 0.00 0.00 0.00 0.00 0.00 5.62 5.62 5.62 5.77 5.69 7.74 7.66 6.94 7.15 8.98 9.05 9.93 11.02 11.24 9.42 12.34 12.34 12.48 10.44 8.32 11.46 8.76 4.31 4.67 4.82 3.94 2.92 3.50 1.61 1.61 0.73 0.15
8.32 8.25 7.08 7.15 6.28 4.60 4.23 4.23 2.92 0.80 2.56 9.49 9.86 4.45 6.64 8.69 8.25 8.69 8.69 7.59 9.86 9.41 12.72 13.02 12.78 11.88 12.13 12.09 12.12 14.60 13.87 14.31 14.60 12.26 9.49 3.21 3.50 4.02 3.94 3.07 2.41 2.19 0.00 0.00 0.00 0.00 0.00 0.00 0.00 0.00 0.00 0.00 2.63 4.16 6.20 7.08 7.15 8.98 7.81 12.12 12.78 11.17 12.12 10.29 8.32 8.83 8.54 10.95 10.95 15.33 11.46 10.66 10.29 9.49 9.13 7.45 5.18 3.80 3.07 3.50 2.70 1.61 1.75 1.17
8.69 8.91 7.88 6.50 5.91 5.55 6.06 4.38 1.24 1.97 0.00 0.00 0.00 0.00 2.99 7.23 9.13 8.61 8.61 10.01 7.01 8.75 12.12 9.13 10.89 12.05 12.57 12.70 13.50 13.72 14.67 15.77 16.06 16.35 9.27 6.06 7.30 8.18 4.74 3.58 2.41 1.75 0.00 0.00 0.00 0.00 0.00 0.00 0.00 3.87 3.07 4.23 4.09 3.87 5.18 6.20 8.32 9.27 9.71 15.18 15.91 17.45 17.89 15.11 12.26 19.27 19.05 16.64 16.64 17.81 14.09 12.70 11.46 8.25 8.54 5.91 4.23 2.92 2.85 3.50 2.63 3.07 2.70 2.92
8.69 8.91 7.88 6.50 5.91 5.55 6.06 4.38 1.24 1.97 0.00 0.00 0.00 0.00 2.99 7.23 9.13 8.61 8.66 10.34 7.11 9.36 11.81 9.36 10.73 12.05 12.19 11.80 12.61 13.93 14.82 16.43 18.04 17.30 9.51 6.06 7.30 8.18 4.74 3.58 2.41 1.75 0.00 0.00 0.00 0.00 0.00 0.00 0.00 3.87 3.07 4.23 4.09 3.87 5.18 6.20 8.32 9.27 9.71 15.18 15.91 17.45 17.89 15.11 12.26 19.27 19.05 16.64 16.64 17.81 14.09 12.70 11.46 8.25 8.54 5.91 4.23 2.92 2.85 3.50 2.63 3.07 2.70 2.92
8.03 9.05 7.66 6.57 5.40 7.08 6.64 6.94 5.77 0.00 2.77 0.00 0.00 0.00 6.13 9.34 8.91 8.10 8.10 6.28 5.77 5.84 4.62 5.11 8.09 11.21 8.92 12.25 12.56 12.40 13.27 12.78 18.59 16.99 13.62 13.09 10.03 6.06 6.28 2.99 1.75 2.26 0.00 0.00 0.37 0.00 0.00 0.00 4.38 5.84 5.91 5.26 4.96 5.18 5.04 5.04 6.57 7.15 10.51 11.68 12.19 14.31 17.45 19.35 20.00 21.17 18.25 17.37 17.37 14.82 11.24 12.85 11.02 7.45 6.94 8.10 4.74 4.23 4.23 2.92 3.29 1.39 0.80 0.95
8.03 9.13 8.61 6.35 6.50 6.28 7.74 9.93 10.07 10.07 10.37 8.83 5.40 6.13 4.96 10.95 12.26 12.41 12.41 8.95 8.69 5.14 3.43 0.00 0.00 4.22 4.23 8.32 8.64 15.56 13.51 13.14 15.11 15.49 17.62 16.26 12.75 13.06 9.86 5.62 3.72 3.50 1.90 1.90 2.77 0.44 2.56 0.00 0.00 5.40 5.77 5.69 4.89 4.60 0.00 5.04 6.50 6.13 9.56 10.51 10.00 11.61 14.97 23.00 22.41 21.75 18.76 17.45 17.45 15.40 11.97 10.51 8.98 8.18 7.96 7.30 4.23 3.58 4.16 3.50 3.72 2.85 0.51 2.19
7.74 7.23 7.74 6.57 6.64 7.37 7.15 8.61 9.20 9.27 9.27 9.05 8.54 7.01 6.86 9.27 10.22 11.68 11.68 10.37 7.01 7.37 5.55 3.65 0.00 0.00 0.00 4.65 10.04 13.60 17.23 16.94 15.55 14.53 15.21 16.03 19.97 16.57 13.51 14.53 16.64 9.13 3.43 3.43 3.07 1.83 1.90 2.19 0.00 5.11 4.96 5.11 4.45 4.74 0.00 0.00 5.55 6.06 8.69 10.59 11.83 14.45 20.08 22.27 22.12 16.79 16.94 16.13 16.13 15.62 12.92 6.86 6.06 6.86 5.69 7.81 7.81 6.42 9.20 6.28 7.37 5.26 7.30 4.31
0.00 0.00 0.58 4.09 6.06 6.72 8.61 8.61 9.49 9.05 9.20 7.30 6.94 6.79 9.05 9.56 9.27 9.05 9.05 9.42 9.64 9.42 8.47 10.44 7.15 0.00 5.26 9.39 12.78 14.53 14.38 16.35 16.79 16.79 21.90 22.56 22.75 22.85 19.67 22.34 19.93 12.85 4.96 4.96 6.28 1.02 0.73 2.41 0.00 0.00 0.00 0.00 4.74 3.94 4.31 0.00 4.60 5.33 8.69 6.72 9.05 13.29 17.01 19.78 10.15 13.51 14.09 14.82 14.82 5.55 11.10 10.37 0.00 0.00 0.00 7.59 8.61 10.44 10.59 9.49 7.66 7.37 8.40 7.81
0.00 0.00 0.00 0.00 2.04 1.68 3.94 4.53 6.93 8.18 7.88 7.52 6.28 7.52 7.01 8.47 7.52 4.67 4.67 6.72 8.32 10.59 13.65 11.02 11.46 11.24 8.98 12.09 10.29 13.36 13.36 13.43 13.21 18.83 24.53 24.53 24.38 26.06 22.60 20.29 21.50 14.97 17.01 17.01 9.71 8.69 7.23 3.07 0.00 0.00 3.80 0.00 4.53 5.40 4.02 3.94 3.87 4.60 5.77 5.04 6.57 9.13 11.68 4.23 5.69 8.10 4.45 3.21 3.21 0.00 8.83 0.00 0.00 0.00 0.00 5.40 8.54 7.74 10.66 8.91 7.37 8.61 6.94 5.55
0.00 0.00 0.00 0.00 0.66 3.43 4.02 3.94 3.67 4.96 6.50 6.28 5.04 4.74 2.99 2.26 4.23 4.16 4.16 5.18 8.32 8.98 12.05 14.45 14.82 14.67 14.75 13.72 13.56 14.83 15.51 12.62 12.04 14.38 18.83 15.11 19.13 23.74 25.19 22.27 22.86 20.08 15.77 15.77 17.16 13.58 10.37 7.66 3.94 10.29 6.13 0.00 0.00 0.00 0.00 0.00 0.00 2.12 3.72 3.36 4.74 4.60 0.00 3.72 3.65 5.18 3.94 0.00 0.00 0.00 0.00 0.00 0.00 0.00 0.00 0.00 3.72 2.99 4.23 3.43 6.35 6.94 4.82 3.94
0.00 0.00 0.00 0.00 0.66 3.43 4.02 3.94 3.58 4.96 6.50 6.28 5.04 4.74 2.99 2.26 4.23 4.18 4.16 5.18 8.32 8.98 12.05 14.45 14.82 14.67 14.75 13.72 13.36 14.31 14.97 12.56 11.68 14.38 18.93 15.19 19.13 23.62 25.44 22.27 22.63 20.08 15.77 15.77 17.16 13.58 10.37 7.66 3.94 10.29 6.13 0.00 0.00 0.00 0.00 0.00 0.00 2.12 3.72 3.36 4.74 4.60 0.00 3.72 3.65 5.18 3.94 0.00 0.00 0.00 0.00 0.00 0.00 0.00 0.00 0.00 3.72 2.99 4.23 3.43 6.35 6.94 4.82 3.94
1.83 0.00 0.00 0.00 0.00 3.21 6.64 4.22 4.74 2.92 3.65 3.87 3.50 2.26 2.63 1.02 2.48 2.63 2.63 0.00 6.86 4.96 7.15 13.51 10.22 14.38 11.61 14.97 15.62 14.97 12.56 12.12 12.05 12.12 13.29 12.41 15.04 19.27 23.55 17.01 18.03 18.61 16.64 16.64 21.39 19.78 15.11 19.20 15.26 16.79 10.95 4.74 6.42 0.00 0.00 0.00 0.00 0.00 3.58 6.28 7.30 6.64 5.77 3.43 0.00 0.00 0.00 0.00 0.00 0.00 0.00 0.00 0.00 0.00 0.00 0.00 0.00 0.00 0.00 4.16 0.00 0.00 0.00 0.00
