Wansh/Snow_depth/snowdepth-1996/winter/1997059.txt
ncols 321
nrows 161
xllcenter 60
yllcenter 15 
cellsize  0.25 
NODATA_value -1
[rows 0 to 36 of 161, columns 84 to 167 of 321]
14.82 13.94 14.02 13.72 13.14 13.36 10.44 5.55 6.72 4.60 4.96 4.82 7.15 9.13 8.83 10.80 13.14 13.29 13.29 13.14 11.39 5.40 6.94 0.00 0.00 0.00 0.00 0.00 0.00 1.02 1.39 5.48 6.72 20.08 14.89 19.20 19.20 21.17 16.94 14.67 11.97 5.33 5.33 5.33 5.33 5.18 6.13 6.20 7.52 7.15 10.37 12.48 8.47 11.68 3.43 3.43 3.87 3.87 7.37 2.63 1.02 1.10 1.02 0.07 1.53 2.56 3.58 3.50 3.50 4.60 9.71 13.21 12.41 11.83 12.41 13.65 12.56 18.32 17.74 18.32 15.62 15.04 14.82 12.78
14.97 14.67 14.45 14.67 14.60 13.43 11.97 12.12 11.02 7.30 7.59 5.99 4.96 5.40 6.50 10.88 9.34 14.16 14.16 12.48 13.14 12.78 8.25 1.10 2.56 0.00 0.00 0.00 0.00 1.02 1.31 2.92 4.67 13.43 16.06 15.55 17.01 16.94 17.23 15.04 18.76 14.24 15.26 15.26 11.32 9.05 5.69 4.67 5.40 4.74 4.74 4.82 6.64 4.23 5.69 7.74 4.96 4.09 4.02 2.99 2.85 6.06 4.82 4.09 4.45 3.21 7.66 7.45 7.45 7.23 9.13 12.48 14.53 14.38 15.04 15.99 19.13 18.54 19.35 17.96 18.40 15.62 16.21 16.64
15.70 13.07 10.95 13.58 11.68 11.97 12.48 13.51 11.24 11.39 8.18 5.84 5.04 3.14 1.17 0.73 1.75 7.88 7.88 6.20 10.00 9.42 9.49 2.92 4.31 1.31 0.00 0.00 0.00 0.66 0.73 1.90 7.81 6.35 10.29 15.62 18.91 21.75 22.85 22.70 21.75 19.20 19.56 19.56 19.49 16.43 11.68 14.16 7.96 3.80 4.38 2.85 2.92 2.99 4.45 4.74 4.16 4.82 6.28 7.45 7.01 6.57 7.59 11.02 10.00 10.15 8.83 11.53 11.53 12.99 11.61 11.39 13.43 14.02 13.58 15.33 16.86 20.00 19.93 20.51 22.34 21.46 20.29 18.32
15.70 13.07 10.95 13.58 11.68 11.97 12.48 13.51 11.24 11.39 8.18 5.84 5.04 3.14 1.17 0.73 1.75 7.88 7.88 6.20 10.00 9.42 9.49 2.92 4.31 1.31 0.00 0.00 0.00 0.66 0.73 1.90 7.81 6.35 10.29 15.62 18.91 21.75 22.85 22.70 21.75 19.20 19.56 19.56 19.49 16.43 11.68 14.16 7.96 3.80 4.38 2.85 2.92 2.99 4.45 4.74 4.16 4.82 6.28 7.45 7.01 6.57 7.59 11.02 10.00 10.15 8.83 11.53 11.53 12.99 11.61 11.39 13.43 14.02 13.58 15.33 16.86 20.00 19.93 20.51 22.34 21.46 20.29 18.32
10.59 9.27 9.34 8.25 9.56 9.20 9.93 9.86 9.56 7.45 5.26 5.48 3.72 1.75 1.68 2.04 0.07 0.37 0.37 0.00 4.82 2.04 6.28 5.69 6.20 0.00 0.00 0.00 0.00 1.83 0.51 2.26 6.86 7.74 12.92 11.39 16.21 20.88 22.56 21.02 20.08 20.15 21.10 21.10 20.44 19.71 17.30 15.48 8.47 11.24 6.13 2.85 2.70 3.50 3.14 4.53 3.29 3.94 5.11 5.33 8.61 10.37 9.93 11.83 13.43 16.64 16.43 16.35 16.35 14.31 14.53 12.99 13.29 12.56 10.29 14.02 14.24 12.78 18.98 17.45 21.02 21.02 20.59 20.08
7.88 7.88 7.88 7.30 7.30 4.82 3.36 3.94 3.94 4.23 4.60 3.72 2.19 2.56 2.56 2.70 4.53 4.02 4.02 0.15 0.00 0.00 1.61 0.00 3.80 1.61 0.44 0.00 0.15 0.22 1.17 2.12 2.77 6.35 9.56 13.72 14.24 18.03 16.50 18.83 19.05 16.35 19.05 19.05 17.01 18.54 16.64 14.09 11.02 5.48 2.12 3.43 2.12 2.63 3.29 2.92 3.72 4.67 4.31 4.74 7.81 11.24 13.51 15.11 14.89 17.08 15.84 13.43 13.43 13.87 14.02 12.99 12.05 12.56 9.34 9.27 9.78 10.07 12.34 14.45 13.65 19.86 21.83 21.02
7.37 7.96 7.88 7.37 5.99 6.28 4.82 3.80 3.94 4.45 3.58 2.85 2.77 1.97 1.97 1.46 3.87 5.48 5.48 5.91 4.09 2.56 0.00 0.00 0.00 0.00 0.00 0.00 0.00 0.95 1.53 0.44 2.34 4.02 5.69 11.39 15.04 15.33 14.24 14.31 12.48 13.21 14.82 14.82 14.02 14.38 10.95 7.88 8.47 4.38 3.29 2.77 2.63 2.77 3.43 3.43 4.60 6.20 7.96 10.15 11.46 10.66 12.70 15.91 16.28 15.18 15.70 14.97 14.97 14.24 13.65 13.94 12.99 12.99 11.61 11.39 11.17 8.98 9.86 12.34 13.65 12.92 18.54 20.66
7.37 7.96 7.88 7.37 5.99 6.28 4.82 3.80 3.94 4.45 3.58 2.85 2.77 1.97 1.97 1.46 3.87 5.48 5.48 5.91 4.09 2.56 0.00 0.00 0.00 0.00 0.00 0.00 0.00 0.95 1.53 0.44 2.34 4.02 5.69 11.39 15.04 15.33 14.24 14.31 12.48 13.21 14.82 14.82 14.02 14.38 10.95 7.88 8.47 4.38 3.29 2.77 2.63 2.77 3.43 3.43 4.60 6.20 7.96 10.15 11.46 10.66 12.70 15.91 16.28 15.18 15.70 14.97 14.97 14.24 13.65 13.94 12.99 12.99 11.61 11.39 11.17 8.98 9.86 12.34 13.65 12.92 18.54 20.66
5.26 4.74 5.62 5.33 5.40 5.77 5.55 5.62 4.45 4.16 4.16 3.21 2.77 1.31 2.12 2.48 4.89 5.99 5.99 5.62 6.06 4.02 0.00 0.00 0.00 0.00 0.66 0.22 1.68 2.41 3.21 3.50 5.40 9.71 7.88 11.39 13.80 12.41 12.70 12.48 12.12 7.81 8.61 8.61 5.55 6.20 5.91 4.60 5.91 3.72 3.43 4.02 4.02 8.91 7.23 3.14 3.07 6.06 8.03 10.22 11.90 11.17 13.07 12.41 13.65 15.84 13.07 12.85 12.85 13.14 14.31 13.36 12.78 13.36 13.72 11.32 11.17 11.97 12.70 13.07 10.80 10.73 10.80 17.67
5.40 5.91 5.77 5.62 5.18 5.04 5.33 3.94 0.88 2.70 0.44 0.15 0.37 0.07 2.70 4.31 5.84 5.55 5.55 4.82 4.45 3.43 1.10 0.00 0.00 0.00 1.83 1.83 2.19 2.41 2.41 4.02 6.50 6.42 9.20 10.88 10.29 11.39 6.20 5.18 5.18 4.89 5.99 5.99 7.08 4.60 4.96 5.84 6.50 6.64 6.64 6.42 11.53 11.17 5.69 7.74 5.84 6.57 7.88 9.49 11.17 11.10 10.73 10.80 11.17 11.10 10.88 11.53 11.53 11.90 11.61 11.75 12.70 12.48 13.87 16.13 18.69 18.10 15.55 12.41 14.31 10.51 11.68 10.73
5.62 5.18 4.82 4.53 4.23 3.87 3.14 3.43 1.75 0.00 0.00 0.00 0.95 2.12 4.60 4.16 6.06 8.54 8.54 6.72 4.89 3.72 0.95 1.90 0.80 0.00 2.56 2.26 2.48 3.21 2.85 2.41 3.58 4.82 6.20 6.64 7.23 6.06 6.64 4.82 7.37 6.86 7.96 7.96 6.94 6.42 6.50 6.20 7.23 14.02 15.04 15.04 13.87 13.43 9.49 11.53 11.75 11.24 11.61 11.61 11.61 12.63 10.73 11.75 11.39 11.32 11.24 12.85 12.85 12.63 13.80 14.09 14.38 15.99 16.94 16.35 19.42 18.83 19.35 15.26 12.78 13.07 9.34 10.29
5.62 5.18 4.82 4.53 4.23 3.87 3.14 3.43 1.75 0.00 0.00 0.00 0.95 2.12 4.60 4.16 6.06 8.54 8.54 6.72 4.89 3.72 0.95 1.90 0.80 0.00 2.56 2.26 2.48 3.21 2.85 2.41 3.58 4.82 6.20 6.64 7.23 6.06 6.64 4.82 7.37 6.86 7.96 7.96 6.94 6.42 6.50 6.20 7.23 14.02 15.04 15.04 13.87 13.43 9.49 11.53 11.75 11.24 11.61 11.61 11.61 12.63 10.73 11.75 11.39 11.32 11.24 12.85 12.85 12.63 13.80 14.09 14.38 15.99 16.94 16.35 19.42 18.83 19.35 15.26 12.78 13.07 9.34 10.29
5.11 5.26 5.04 4.09 3.14 0.00 2.26 0.00 0.00 0.00 0.00 0.00 2.48 6.13 7.74 7.08 9.64 11.17 11.17 9.27 5.77 4.60 4.82 2.19 3.94 1.39 2.04 2.56 2.26 2.26 4.09 4.23 5.62 7.66 7.37 8.91 7.37 11.75 10.00 10.15 10.37 8.54 10.00 10.00 8.03 8.61 11.02 13.65 12.92 15.84 18.10 19.20 18.32 18.69 13.43 11.46 12.56 14.82 14.97 12.99 11.10 11.39 10.51 11.68 10.22 10.59 10.22 11.68 11.68 14.38 15.99 15.40 15.33 15.40 16.79 19.20 18.25 20.08 16.64 16.64 13.58 13.29 13.21 12.41
4.89 4.74 2.41 2.12 2.77 0.00 0.00 0.00 0.00 0.00 3.87 4.38 4.23 6.72 7.52 10.66 11.02 10.88 10.88 10.51 11.61 7.37 4.74 3.94 3.21 2.70 3.29 4.45 5.55 3.21 10.59 12.19 11.61 10.95 12.70 13.51 13.94 13.94 12.41 12.48 10.88 9.78 9.42 9.42 11.32 14.31 14.82 15.62 17.30 17.30 17.23 17.96 17.59 15.70 16.86 14.24 17.81 18.76 15.99 12.78 11.32 12.78 12.48 12.63 12.34 12.85 12.26 15.33 15.33 14.67 17.16 18.03 18.40 16.94 15.62 15.84 16.50 12.70 12.26 10.29 8.47 12.85 12.85 13.07
5.55 2.85 4.09 2.63 2.48 0.00 2.34 2.70 3.65 5.48 5.33 4.96 5.91 9.56 13.14 13.72 14.09 13.87 13.87 12.56 11.75 9.27 8.76 5.26 7.88 6.06 9.05 7.81 9.49 8.18 8.32 13.80 13.65 15.04 14.53 14.53 12.56 13.21 11.68 12.26 12.26 13.58 14.38 14.38 14.02 15.18 15.99 15.99 16.50 18.32 19.64 22.19 21.83 22.27 24.75 23.43 20.08 22.05 13.14 9.78 10.22 10.88 12.26 11.10 11.61 11.10 12.41 13.65 13.65 15.77 15.62 17.96 14.75 12.56 13.58 9.56 8.25 0.00 0.00 6.13 13.94 13.36 13.58 15.99
5.84 6.06 4.74 3.14 0.00 0.00 2.04 1.31 2.34 3.29 4.23 6.20 6.57 8.98 12.41 11.39 13.65 13.94 13.94 11.97 10.80 7.81 11.17 11.46 10.95 10.80 10.66 9.71 12.99 16.35 15.62 15.55 14.09 14.31 12.99 12.41 10.66 11.53 12.56 12.19 13.07 15.77 14.75 14.75 13.51 12.70 12.05 12.34 14.45 17.23 17.45 19.13 19.20 22.48 22.63 24.67 17.01 14.38 9.64 7.52 8.18 8.76 8.69 9.34 9.78 13.29 13.14 13.80 13.80 15.48 15.48 15.48 13.21 10.59 9.64 9.20 9.20 0.00 6.35 0.00 15.48 12.26 12.85 16.43
5.84 6.06 4.74 3.14 0.00 0.00 2.04 1.31 2.34 3.29 4.23 6.20 6.57 8.98 12.41 11.39 13.65 13.94 13.94 11.97 10.80 7.81 11.17 11.46 10.95 10.80 10.66 9.71 12.99 16.35 15.62 15.55 14.09 14.31 12.99 12.41 10.66 11.53 12.56 12.19 13.07 15.77 14.75 14.75 13.51 12.70 12.05 12.34 14.45 17.23 17.45 19.13 19.20 22.48 22.63 24.67 17.01 14.38 9.64 7.52 8.18 8.76 8.69 9.34 9.78 13.29 13.14 13.80 13.80 15.48 15.48 15.48 13.21 10.59 9.64 9.20 9.20 0.00 6.35 0.00 15.48 12.26 12.85 16.43
5.69 5.69 6.13 4.16 4.89 2.92 0.37 0.58 0.80 1.83 2.85 5.91 5.18 7.37 9.20 11.39 12.56 12.05 12.05 9.86 9.27 10.15 10.59 10.73 11.17 12.48 11.75 12.99 12.63 14.75 14.67 14.67 13.80 13.36 10.66 11.24 9.34 10.29 9.93 13.43 12.92 14.38 14.67 14.67 14.31 13.36 20.00 20.08 20.51 20.51 18.10 21.90 21.32 20.15 18.25 19.20 16.35 12.92 8.91 13.07 10.73 10.66 10.07 12.85 13.36 14.45 17.01 16.50 16.50 16.64 15.04 15.33 11.83 11.83 11.32 7.01 9.34 0.29 7.30 9.34 14.02 10.80 11.02 10.80
4.89 4.67 5.55 5.18 4.31 4.96 2.85 2.92 1.24 2.63 2.04 3.50 4.16 9.42 9.56 10.95 12.34 11.90 11.90 8.10 11.10 10.37 10.66 9.93 11.90 13.14 14.60 15.11 13.65 12.78 16.13 18.47 18.91 16.79 12.34 11.32 9.42 9.42 8.40 10.95 12.78 12.78 13.65 13.65 19.71 18.47 21.75 23.65 23.43 25.19 24.89 25.04 23.58 23.73 21.53 17.81 18.69 16.57 18.25 16.94 14.97 21.75 16.79 16.64 15.84 17.16 17.74 19.86 19.86 20.37 21.17 16.06 11.39 9.93 10.15 6.57 1.90 1.83 4.23 6.72 7.15 8.83 9.93 10.44
4.23 5.04 7.66 5.62 7.74 7.88 5.48 5.99 2.92 5.11 4.09 4.31 4.89 6.79 9.49 6.86 10.88 12.48 12.48 13.07 13.51 11.75 11.97 12.92 14.82 14.16 15.04 15.70 12.78 14.45 15.84 15.70 18.10 17.59 14.82 10.51 6.20 2.92 4.82 8.91 7.37 11.90 16.94 16.94 19.78 19.13 22.63 25.84 25.77 26.50 25.33 25.84 25.04 26.72 28.76 29.42 25.19 24.82 27.59 25.40 26.35 24.31 21.68 21.68 18.47 19.35 18.98 24.16 24.16 19.05 9.05 16.43 8.54 7.59 3.29 3.87 1.75 3.14 2.56 5.18 6.20 7.23 8.32 9.34
7.66 7.59 7.59 8.83 7.96 7.81 8.18 11.61 8.69 7.01 11.61 5.99 6.57 7.88 5.99 4.67 5.18 6.79 6.79 9.42 8.98 10.29 11.83 12.78 13.36 14.53 14.24 15.77 10.66 9.93 11.97 11.53 12.85 12.26 12.56 9.78 0.00 0.00 0.00 2.34 5.77 9.49 13.65 13.65 8.47 12.70 18.98 22.48 23.51 24.97 20.37 24.67 24.24 25.92 30.00 31.17 31.17 29.64 27.74 27.89 25.92 25.11 24.97 23.73 22.27 24.24 22.19 22.92 22.92 18.98 6.28 5.18 5.55 3.87 2.19 0.80 0.66 2.12 3.07 4.74 4.45 6.57 6.64 8.83
8.32 9.49 10.29 11.75 11.39 11.83 12.70 14.89 15.40 16.21 15.33 14.82 15.18 13.58 18.10 10.37 13.80 8.76 8.76 10.22 10.22 14.02 13.80 13.72 13.80 15.99 20.29 15.26 14.75 14.16 11.24 10.00 10.95 10.07 3.94 0.95 1.68 0.00 0.00 0.00 3.21 7.81 4.02 4.02 4.23 8.18 10.07 4.67 9.42 14.97 12.99 24.16 24.31 29.57 21.32 25.62 25.92 25.55 26.28 23.36 19.64 23.73 24.31 23.29 22.70 23.65 20.08 14.24 14.24 15.55 8.76 9.71 3.65 4.74 2.41 1.10 1.46 2.70 2.70 2.34 5.11 4.96 4.82 4.38
8.32 9.49 10.29 11.75 11.39 11.83 12.70 14.89 15.40 16.21 15.33 14.82 15.18 13.58 18.10 10.37 13.80 8.76 8.76 10.22 10.22 14.02 13.80 13.72 13.80 15.99 20.29 15.26 14.75 14.16 11.24 10.00 10.95 10.07 3.94 0.95 1.68 0.00 0.00 0.00 3.21 7.81 4.02 4.02 4.23 8.18 10.07 4.67 9.42 14.97 12.99 24.16 24.31 29.57 21.32 25.62 25.92 25.55 26.28 23.36 19.64 23.73 24.31 23.29 22.70 23.65 20.08 14.24 14.24 15.55 8.76 9.71 3.65 4.74 2.41 1.10 1.46 2.70 2.70 2.34 5.11 4.96 4.82 4.38
8.61 9.56 9.49 10.95 12.26 12.92 14.31 14.38 15.11 15.91 17.37 18.83 17.74 20.22 20.22 13.07 15.48 15.91 15.91 15.33 16.50 15.84 16.13 15.99 19.78 18.98 20.88 15.18 12.85 13.21 10.51 9.56 7.08 5.04 2.48 1.61 0.00 0.00 0.00 1.24 1.97 1.75 1.83 1.83 0.00 0.00 0.00 0.00 3.65 1.17 5.77 15.62 6.06 8.91 13.80 16.06 16.21 9.42 14.09 12.78 16.94 20.95 18.40 23.07 22.19 23.00 19.20 14.75 14.75 18.83 13.94 13.87 6.94 5.99 7.01 2.41 1.39 0.80 1.75 1.53 1.97 2.56 2.63 2.99
8.54 9.42 11.02 11.02 12.19 11.75 13.07 14.53 15.62 15.62 16.43 17.16 16.50 16.43 17.89 18.40 17.16 14.24 14.24 14.16 15.04 16.13 17.23 17.06 15.55 17.58 14.01 13.51 12.70 14.60 9.27 5.69 7.45 4.23 0.00 0.95 0.00 0.37 0.00 1.46 1.53 1.24 0.00 0.00 0.00 0.00 0.00 0.00 0.00 0.00 1.31 2.26 4.02 5.62 7.59 7.81 5.04 7.88 11.10 11.61 14.38 13.72 16.06 21.10 18.40 18.47 18.18 16.64 16.64 19.71 18.69 13.80 14.53 8.83 3.43 1.17 1.17 1.61 1.24 2.04 2.04 0.95 1.75 1.90
11.02 12.41 12.26 11.97 12.19 12.63 12.92 12.48 14.45 16.35 16.35 14.97 16.13 15.48 14.24 13.65 15.48 14.31 14.31 14.67 16.64 17.30 17.23 18.46 19.70 15.64 15.93 17.38 18.40 16.72 13.36 10.00 11.32 4.67 1.68 2.63 0.37 3.29 0.66 0.00 2.12 1.24 0.00 0.00 0.00 0.00 0.00 0.00 0.00 0.00 0.00 0.00 0.00 3.65 3.14 2.92 3.50 5.40 8.40 12.34 13.94 13.51 12.19 12.48 14.09 10.44 14.16 18.54 18.54 18.32 17.30 12.85 12.05 12.41 6.64 9.13 3.80 3.21 4.60 1.83 0.51 0.95 0.00 0.37
10.73 12.85 14.97 15.40 14.09 14.16 13.72 13.29 11.32 10.59 9.71 10.88 10.44 11.02 12.34 12.70 14.97 13.58 13.58 14.09 15.18 16.53 16.03 16.71 16.95 16.64 17.23 15.93 19.42 18.62 16.35 18.47 16.13 9.27 5.55 7.37 4.82 6.06 2.85 0.66 1.17 0.95 0.80 0.80 0.00 0.00 0.00 0.00 0.00 0.00 0.00 0.00 1.31 1.31 2.99 2.26 6.28 8.61 7.66 11.97 14.53 18.10 14.97 15.91 10.07 11.32 14.45 22.41 22.41 18.40 19.35 17.74 13.29 12.70 11.68 11.53 8.47 4.67 5.04 3.80 0.66 0.37 0.66 1.75
12.99 14.75 13.94 15.77 16.64 16.50 15.70 18.98 12.48 6.42 6.35 4.02 4.74 3.87 6.64 8.40 9.42 12.12 12.12 12.08 12.39 8.82 12.49 14.60 14.23 17.23 20.85 19.68 21.23 19.10 19.08 19.05 18.18 14.82 17.16 12.92 7.74 5.18 3.07 1.53 0.58 1.53 0.00 0.00 0.00 0.00 0.00 0.00 0.00 0.00 0.00 3.65 0.00 1.53 3.29 4.45 7.15 10.88 13.14 18.18 17.30 20.73 18.40 19.64 18.40 18.18 17.08 23.73 23.73 19.78 16.28 17.89 14.02 9.93 11.68 7.96 8.91 3.87 4.16 4.02 2.63 1.61 1.75 1.61
12.99 14.75 13.94 15.77 16.64 16.50 15.70 18.98 12.48 6.42 6.35 4.02 4.74 3.87 6.64 8.40 9.42 12.12 12.18 12.47 12.58 9.44 12.18 14.97 14.02 17.23 20.22 18.29 19.84 19.39 19.27 19.85 20.42 15.68 17.59 12.92 7.74 5.18 3.07 1.53 0.58 1.53 0.00 0.00 0.00 0.00 0.00 0.00 0.00 0.00 0.00 3.65 0.00 1.53 3.29 4.45 7.15 10.88 13.14 18.18 17.30 20.73 18.40 19.64 18.40 18.18 17.08 23.73 23.73 19.78 16.28 17.89 14.02 9.93 11.68 7.96 8.91 3.87 4.16 4.02 2.63 1.61 1.75 1.61
13.58 14.97 15.33 16.43 18.61 17.45 20.37 21.10 22.27 13.14 17.81 0.00 3.87 0.00 12.41 15.99 14.02 15.04 15.04 11.46 7.01 7.45 8.22 10.45 7.86 17.70 18.51 17.46 20.66 21.64 19.47 21.11 23.51 20.66 19.34 17.47 14.82 9.05 4.82 2.26 3.87 1.90 0.00 0.00 0.00 0.00 0.00 2.63 2.70 3.07 4.09 2.19 3.43 2.48 0.00 3.65 5.04 6.20 10.37 14.60 18.47 18.61 16.79 22.85 27.52 24.53 22.92 23.43 23.43 21.24 16.43 13.72 9.64 9.64 12.85 8.18 5.26 5.91 4.67 2.26 1.83 1.97 1.02 0.00
12.70 14.60 14.16 15.18 12.56 13.65 16.21 17.23 21.83 19.64 21.46 13.29 7.88 14.75 16.79 17.74 17.45 14.89 14.89 11.45 7.37 8.51 5.33 4.23 4.92 6.45 8.40 14.83 20.93 22.34 25.77 24.75 21.90 22.18 22.27 18.94 19.34 12.25 13.58 12.70 9.64 3.43 1.46 1.46 1.10 0.51 1.68 0.00 3.65 5.55 6.42 4.38 0.00 0.00 0.00 0.00 5.04 4.38 6.72 10.51 10.00 14.82 13.36 27.30 26.86 26.43 21.53 21.46 21.46 21.90 17.59 13.21 9.49 12.26 11.24 8.32 5.91 6.50 6.20 3.29 3.36 3.65 0.58 0.58
10.29 11.32 9.86 12.05 12.48 11.61 13.21 14.97 17.45 18.25 17.59 17.74 13.72 12.19 14.24 14.67 15.55 15.18 15.18 11.83 9.20 6.94 5.18 5.84 3.50 4.89 4.67 12.24 20.08 23.21 25.62 25.77 24.97 25.84 27.05 21.90 22.54 21.39 19.71 15.84 15.62 8.61 2.04 2.04 3.87 0.29 0.88 0.44 2.70 4.82 4.16 2.56 2.70 0.00 3.29 2.85 3.80 3.29 8.61 8.10 8.98 12.99 18.40 25.26 24.38 24.82 19.56 20.88 20.88 14.97 12.05 13.65 4.82 7.66 7.37 6.50 7.15 8.10 9.20 8.76 6.13 6.94 7.37 1.90
8.10 9.13 10.44 10.37 12.41 12.05 15.77 15.26 19.13 13.21 11.53 8.83 12.48 11.68 13.36 13.72 12.48 12.26 12.26 11.53 9.78 9.86 8.69 13.87 8.25 5.48 15.91 18.56 21.61 23.14 22.85 25.04 21.90 25.19 27.08 31.39 25.94 27.69 25.33 26.77 19.86 12.85 5.99 5.99 9.42 2.34 0.37 1.10 1.97 2.19 1.61 1.90 5.11 5.40 4.38 2.85 4.38 6.20 7.08 7.96 8.18 8.25 14.31 19.20 10.66 15.91 16.72 10.66 10.66 8.83 1.68 2.56 3.21 1.68 5.84 6.79 6.86 10.15 11.83 9.34 9.27 9.34 8.47 8.61
6.86 7.01 5.69 9.86 11.61 12.99 13.87 16.13 16.59 18.32 11.68 10.29 12.70 11.90 10.37 10.80 6.50 9.78 9.78 10.95 10.80 10.73 17.16 19.35 15.62 20.15 18.91 18.51 19.56 19.71 20.29 19.64 23.21 21.02 31.32 30.08 30.81 31.83 32.09 31.15 24.58 19.78 22.70 22.70 14.67 8.61 3.50 5.40 1.31 2.34 0.00 4.45 4.09 4.67 5.48 3.80 3.29 4.38 6.28 5.84 6.79 6.72 9.34 3.94 6.57 3.36 5.40 4.96 4.96 6.06 0.00 0.00 0.00 0.00 2.41 4.31 5.62 11.02 11.39 6.79 7.74 8.69 8.47 7.66
8.69 4.74 7.01 7.59 14.53 18.03 17.23 18.83 16.10 10.88 7.74 12.48 9.05 8.32 6.64 3.58 6.72 9.42 9.42 11.61 14.02 18.32 16.72 20.95 21.61 21.17 20.29 19.78 22.38 24.43 22.54 19.08 18.14 18.32 23.65 22.19 27.89 30.31 30.59 32.78 30.08 24.89 25.84 25.84 21.53 17.37 23.14 13.80 7.08 6.42 3.80 2.04 2.56 0.00 0.00 0.00 0.00 2.26 0.00 3.50 4.96 6.20 3.14 3.94 3.43 3.58 0.00 0.00 0.00 0.00 0.00 0.00 0.00 0.37 0.95 0.88 0.00 0.00 5.11 5.11 7.08 6.72 6.06 6.64
8.69 4.74 7.01 7.59 14.53 18.03 17.23 18.83 15.70 10.88 7.74 12.48 9.05 8.32 6.64 3.58 6.72 9.46 9.42 11.61 14.02 18.32 16.72 20.95 21.61 21.17 20.29 19.78 22.05 23.58 21.75 18.98 17.59 18.32 23.77 22.30 27.89 30.15 30.90 32.78 29.78 24.89 25.84 25.84 21.53 17.37 23.14 13.80 7.08 6.42 3.80 2.04 2.56 0.00 0.00 0.00 0.00 2.26 0.00 3.50 4.96 6.20 3.14 3.94 3.43 3.58 0.00 0.00 0.00 0.00 0.00 0.00 0.00 0.37 0.95 0.88 0.00 0.00 5.11 5.11 7.08 6.72 6.06 6.64
14.67 9.27 5.99 4.16 12.34 13.14 20.51 21.27 9.78 10.29 7.30 9.27 9.42 6.13 3.58 2.70 3.65 6.57 6.57 5.77 8.91 13.43 11.75 18.25 17.16 21.32 21.75 23.07 22.70 23.87 23.51 22.85 20.88 18.76 17.45 20.81 21.24 25.40 22.52 23.36 22.05 25.26 23.94 23.94 26.65 25.62 27.45 23.51 19.05 17.08 8.76 4.96 8.03 0.00 0.00 0.00 0.00 0.00 3.29 2.77 5.91 6.94 5.62 4.23 2.56 2.92 0.00 0.00 0.00 0.00 0.00 0.00 0.00 0.00 0.00 0.00 0.00 0.00 2.92 5.26 4.53 3.94 2.04 1.10
