Wansh/Snow_depth/snowdepth-1996/winter/1997035.txt
ncols 321
nrows 161
xllcenter 60
yllcenter 15 
cellsize  0.25 
NODATA_value -1
[rows 0 to 36 of 161, columns 0 to 83 of 321]
5.26 5.26 9.05 12.26 12.19 11.24 11.61 10.95 12.26 12.41 11.97 12.05 11.68 12.34 12.05 11.75 11.75 11.97 11.02 11.24 11.68 11.46 11.90 12.26 11.61 11.83 11.83 9.86 9.49 9.56 10.88 10.88 10.80 10.95 10.29 10.37 14.60 14.67 14.67 14.53 14.60 14.82 15.04 14.09 14.53 14.82 15.18 15.33 15.33 15.84 15.04 15.04 13.65 14.75 14.31 15.84 15.18 15.11 15.77 16.35 16.13 17.59 17.23 17.16 17.96 17.59 17.81 16.43 14.97 15.84 12.12 14.60 14.75 14.67 14.60 14.97 14.97 14.45 14.75 14.24 15.33 15.04 16.13 16.13
11.83 11.83 12.56 12.12 14.24 14.24 14.60 14.02 13.87 13.07 11.83 11.61 11.68 11.39 10.29 10.22 10.15 10.07 10.80 10.07 9.86 11.24 11.24 10.29 10.37 10.51 10.51 10.66 8.32 9.49 9.71 10.37 10.00 10.15 9.49 10.15 11.17 10.80 13.21 12.48 14.31 14.60 14.16 12.99 12.99 12.92 12.70 13.36 13.14 14.31 14.02 14.02 13.36 13.87 13.07 13.36 14.89 16.21 16.35 16.79 16.94 17.08 16.94 17.37 17.52 16.57 15.33 15.99 12.12 11.10 10.95 13.07 14.02 14.09 13.43 14.24 14.24 13.87 14.09 13.94 14.67 15.26 14.60 16.43
13.36 13.36 12.26 14.24 13.80 14.67 13.72 13.80 13.51 13.36 11.24 11.17 10.37 10.00 10.15 9.56 7.96 8.54 8.54 8.91 8.69 9.56 9.42 9.27 9.05 11.46 11.46 10.59 10.00 9.27 9.13 8.91 8.76 8.40 9.56 9.42 10.95 10.88 12.85 12.05 12.56 12.78 12.56 12.48 12.05 11.24 11.75 11.75 13.29 13.87 14.24 14.24 14.24 14.02 13.72 14.97 14.53 15.40 16.21 16.57 17.08 16.72 16.86 16.50 15.99 16.06 16.13 12.63 13.14 13.43 14.53 12.48 14.38 15.33 15.55 14.38 14.38 13.72 14.16 14.82 13.14 15.91 17.08 16.72
13.36 13.36 12.26 14.24 13.80 14.67 13.72 13.80 13.51 13.36 11.24 11.17 10.37 10.00 10.15 9.56 7.96 8.54 8.54 8.91 8.69 9.56 9.42 9.27 9.05 11.46 11.46 10.59 10.00 9.27 9.13 8.91 8.76 8.40 9.56 9.42 10.95 10.88 12.85 12.05 12.56 12.78 12.56 12.48 12.05 11.24 11.75 11.75 13.29 13.87 14.24 14.24 14.24 14.02 13.72 14.97 14.53 15.40 16.21 16.57 17.08 16.72 16.86 16.50 15.99 16.06 16.13 12.63 13.14 13.43 14.53 12.48 14.38 15.33 15.55 14.38 14.38 13.72 14.16 14.82 13.14 15.91 17.08 16.72
14.38 14.38 13.36 13.80 14.16 14.45 14.38 14.09 12.85 12.99 11.83 9.78 10.80 10.29 9.34 8.40 7.96 8.25 8.10 7.59 8.40 8.40 8.10 9.42 7.81 10.51 10.51 10.22 9.49 9.64 8.03 7.08 7.96 8.10 8.18 9.27 8.76 10.22 10.37 11.32 11.17 11.90 10.07 9.78 9.78 10.37 10.95 10.88 12.63 12.12 13.51 13.51 11.83 13.21 12.99 15.11 15.04 15.26 16.28 15.40 16.28 17.16 16.57 16.72 17.37 16.35 16.64 15.40 14.75 14.67 15.55 16.79 15.33 16.06 16.06 16.28 16.28 15.04 15.77 15.33 16.28 16.28 16.43 15.11
15.18 15.18 14.89 15.04 14.31 14.53 12.48 10.59 10.95 10.15 9.42 9.56 10.73 10.88 9.86 8.18 8.54 9.13 8.47 8.25 9.34 8.83 8.69 11.10 7.66 11.46 11.46 10.22 8.69 7.01 7.45 7.96 7.08 10.07 10.00 9.42 10.15 9.13 9.78 10.29 11.17 11.46 11.24 11.32 13.58 11.61 11.97 11.68 12.26 12.05 12.41 12.41 11.32 13.36 14.67 13.94 14.75 15.77 15.18 14.60 16.35 16.28 16.28 17.37 17.67 17.16 16.13 16.50 17.01 15.70 15.48 16.79 16.21 16.28 15.99 15.11 15.11 15.11 14.53 15.91 16.21 14.09 13.87 13.65
14.82 14.82 14.82 14.67 14.82 12.70 11.24 11.32 10.29 9.27 9.20 8.83 10.29 11.02 11.46 8.03 8.25 8.32 11.61 10.73 11.46 10.00 13.58 13.65 12.63 13.51 13.51 11.17 10.29 9.56 13.43 11.97 12.56 12.70 10.66 13.36 13.43 11.17 13.72 14.60 14.45 13.36 14.97 15.33 15.48 14.67 14.24 14.67 13.14 12.34 9.05 9.05 11.83 9.64 12.34 12.63 12.26 15.33 15.33 16.28 15.26 15.55 16.79 16.64 17.08 18.10 18.40 17.37 17.23 17.37 15.26 16.13 16.35 14.67 14.97 14.53 14.53 13.14 13.29 11.90 10.88 13.07 12.34 11.39
14.82 14.82 14.82 14.67 14.82 12.70 11.24 11.32 10.29 9.27 9.20 8.83 10.29 11.02 11.46 8.03 8.25 8.32 11.61 10.73 11.46 10.00 13.58 13.65 12.63 13.51 13.51 11.17 10.29 9.56 13.43 11.97 12.56 12.70 10.66 13.36 13.43 11.17 13.72 14.60 14.45 13.36 14.97 15.33 15.48 14.67 14.24 14.67 13.14 12.34 9.05 9.05 11.83 9.64 12.34 12.63 12.26 15.33 15.33 16.28 15.26 15.55 16.79 16.64 17.08 18.10 18.40 17.37 17.23 17.37 15.26 16.13 16.35 14.67 14.97 14.53 14.53 13.14 13.29 11.90 10.88 13.07 12.34 11.39
13.51 13.51 13.43 13.72 13.29 11.90 12.63 10.37 9.49 8.40 8.83 9.34 10.44 10.15 11.97 11.68 10.80 11.02 11.68 12.12 12.34 14.67 14.09 15.62 13.72 13.51 13.51 12.48 12.70 12.99 14.24 13.51 13.80 14.02 14.82 14.09 14.89 14.31 17.30 16.43 14.09 14.97 14.38 15.70 17.30 15.55 14.02 14.38 13.21 12.19 8.91 8.91 8.91 9.05 10.37 12.63 12.05 14.53 14.60 15.33 15.55 15.70 16.72 16.21 16.13 17.52 16.43 16.06 16.13 14.24 14.53 13.36 13.43 13.94 12.41 12.12 12.12 10.73 9.42 9.93 8.98 7.81 8.03 7.37
12.99 12.99 12.56 12.48 11.97 12.70 11.10 10.88 11.61 9.42 7.96 9.56 11.02 10.44 12.78 13.07 13.58 11.68 11.90 12.34 15.55 14.60 15.11 14.89 14.53 13.58 13.58 14.45 14.02 15.55 14.67 15.70 14.75 14.53 16.28 17.59 16.94 16.86 18.25 17.16 16.64 16.43 16.79 16.57 16.35 15.84 16.43 14.02 13.51 13.94 11.61 11.61 11.75 10.00 10.51 10.15 11.10 12.78 13.80 14.45 15.91 14.97 14.97 15.04 12.99 12.63 13.65 11.68 11.17 10.59 12.05 12.19 11.61 11.24 11.39 10.22 10.22 7.66 8.47 8.69 8.40 7.88 7.30 7.88
10.95 10.95 10.73 11.39 12.05 10.88 10.95 10.73 10.95 10.29 10.07 10.22 10.44 12.92 12.99 12.56 12.41 12.56 11.97 14.60 14.89 14.24 15.84 15.77 14.60 13.87 13.87 16.28 17.01 17.37 17.81 19.71 18.25 18.98 17.37 16.72 17.67 17.74 17.67 16.50 16.13 15.77 16.06 16.64 17.89 17.37 17.81 16.21 15.40 14.02 14.60 14.60 12.63 10.80 10.37 10.59 11.61 11.46 13.43 13.58 11.83 12.85 10.80 10.15 10.51 8.91 8.91 9.42 10.15 9.27 10.44 11.75 11.75 11.17 9.86 11.39 11.39 10.37 9.86 10.00 10.15 11.02 9.05 9.86
10.95 10.95 10.73 11.39 12.05 10.88 10.95 10.73 10.95 10.29 10.07 10.22 10.44 12.92 12.99 12.56 12.41 12.56 11.97 14.60 14.89 14.24 15.84 15.77 14.60 13.87 13.87 16.28 17.01 17.37 17.81 19.71 18.25 18.98 17.37 16.72 17.67 17.74 17.67 16.50 16.13 15.77 16.06 16.64 17.89 17.37 17.81 16.21 15.40 14.02 14.60 14.60 12.63 10.80 10.37 10.59 11.61 11.46 13.43 13.58 11.83 12.85 10.80 10.15 10.51 8.91 8.91 9.42 10.15 9.27 10.44 11.75 11.75 11.17 9.86 11.39 11.39 10.37 9.86 10.00 10.15 11.02 9.05 9.86
9.93 9.93 10.22 12.34 11.75 11.10 11.53 11.46 11.83 12.19 11.68 12.56 12.78 13.14 13.07 12.34 12.12 11.75 14.67 11.68 15.84 15.62 16.21 15.11 15.77 17.23 17.23 16.72 18.10 18.40 19.93 19.20 18.76 15.04 15.04 15.77 15.77 14.53 15.26 13.87 14.38 15.99 15.70 16.21 16.35 17.45 16.35 14.45 15.04 12.48 10.29 10.29 10.15 10.22 10.15 10.07 10.95 10.88 8.91 10.07 10.44 8.32 8.32 8.83 7.52 9.27 9.49 8.98 9.20 10.88 10.66 10.80 11.02 10.95 8.98 6.72 6.72 6.57 9.56 10.66 10.15 10.51 7.59 8.25
10.15 10.15 11.75 11.24 12.78 11.32 12.19 12.05 12.05 12.26 13.21 12.56 12.63 12.70 13.21 13.43 10.88 12.78 14.97 14.53 16.21 15.77 16.13 15.55 15.11 12.41 12.41 14.60 16.57 17.59 17.37 17.89 14.16 12.41 14.16 12.63 14.75 14.16 14.24 10.88 11.90 11.10 13.21 13.14 13.87 13.65 13.87 12.41 10.73 10.80 10.37 10.37 9.93 8.69 9.13 9.34 7.52 7.66 8.03 6.13 6.72 7.81 3.07 7.01 5.91 6.20 7.81 7.74 7.15 7.59 10.51 10.37 10.29 9.20 9.20 6.42 6.42 7.66 7.23 7.15 6.13 8.91 5.69 6.20
10.80 10.80 10.95 10.80 12.19 12.05 11.90 11.97 11.97 12.99 12.41 12.41 13.14 13.14 12.70 12.85 13.58 10.51 13.21 13.51 12.78 12.92 13.21 14.16 13.94 11.02 11.02 12.05 13.72 10.59 10.51 11.10 10.88 12.48 10.73 11.90 10.88 10.07 10.22 10.07 10.29 8.40 9.20 9.86 11.68 11.97 10.88 11.02 9.93 10.51 9.13 9.13 9.42 7.15 6.79 6.79 6.50 4.67 5.04 4.38 0.00 0.00 0.00 0.00 3.87 0.00 0.00 5.62 6.13 5.04 5.55 9.34 9.27 9.13 8.83 8.69 8.69 8.10 7.23 7.23 6.86 5.91 5.40 4.89
10.29 10.29 10.95 11.32 11.32 11.24 12.26 11.68 12.12 11.97 12.26 12.19 12.63 12.48 10.88 11.17 12.63 12.85 11.24 11.61 11.68 12.05 12.63 9.49 11.17 10.37 10.37 8.40 8.10 8.69 9.49 10.66 10.66 10.22 10.29 10.29 8.98 8.54 8.61 8.61 8.32 8.54 8.69 9.49 8.32 9.93 10.22 10.51 9.93 10.80 9.93 9.93 9.34 10.00 6.94 5.69 4.53 4.45 3.72 0.00 0.00 0.00 2.56 0.00 3.14 0.00 3.21 2.26 3.50 4.31 4.23 3.65 7.96 7.45 8.83 8.47 8.47 8.83 8.54 7.88 5.99 6.20 5.62 5.69
10.29 10.29 10.95 11.32 11.32 11.24 12.26 11.68 12.12 11.97 12.26 12.19 12.63 12.48 10.88 11.17 12.63 12.85 11.24 11.61 11.68 12.05 12.63 9.49 11.17 10.37 10.37 8.40 8.10 8.69 9.49 10.66 10.66 10.22 10.29 10.29 8.98 8.54 8.61 8.61 8.32 8.54 8.69 9.49 8.32 9.93 10.22 10.51 9.93 10.80 9.93 9.93 9.34 10.00 6.94 5.69 4.53 4.45 3.72 0.00 0.00 0.00 2.56 0.00 3.14 0.00 3.21 2.26 3.50 4.31 4.23 3.65 7.96 7.45 8.83 8.47 8.47 8.83 8.54 7.88 5.99 6.20 5.62 5.69
11.53 11.53 11.97 11.53 11.61 11.90 11.10 12.41 12.19 12.70 12.48 11.97 10.88 10.00 9.42 8.98 11.24 10.51 9.93 9.56 8.18 7.66 8.91 6.35 6.13 7.30 7.30 8.25 7.96 10.22 11.32 11.02 10.73 11.02 9.93 8.47 8.03 7.96 9.20 10.22 9.13 7.30 7.15 6.94 7.23 8.69 6.86 9.05 8.69 9.56 9.78 9.78 10.29 8.91 8.98 6.42 6.50 3.94 4.82 0.00 1.75 0.00 0.00 1.31 0.73 0.58 0.58 0.95 1.02 2.99 2.26 2.19 4.02 5.69 8.61 8.47 8.47 8.98 7.30 7.23 6.79 6.35 6.42 5.84
12.05 12.05 12.26 12.99 11.83 11.75 12.78 13.29 12.85 13.51 12.56 11.53 10.88 8.83 8.61 9.27 9.86 9.78 10.07 8.83 7.30 6.72 7.30 7.45 5.77 5.62 5.62 5.77 7.74 9.71 11.02 11.17 11.02 11.10 8.54 5.77 8.69 6.20 8.76 9.56 8.25 8.10 7.01 6.28 5.77 5.69 5.91 7.66 8.40 9.49 9.56 9.56 9.49 9.27 8.91 6.79 7.74 6.72 3.58 3.50 0.00 2.19 2.63 1.68 0.58 0.37 0.51 0.29 0.37 0.07 2.04 3.58 4.31 4.09 4.74 0.00 0.00 6.79 5.91 6.06 6.20 5.11 4.53 4.45
11.75 11.75 13.36 12.19 12.41 12.34 11.90 12.85 12.63 11.83 10.73 11.32 10.22 10.29 10.07 10.22 11.10 10.37 8.61 9.20 7.01 6.94 6.28 6.64 4.96 5.48 5.48 5.40 6.28 8.83 9.78 10.80 10.66 10.95 7.96 4.60 5.40 6.20 7.52 8.25 7.74 8.18 7.96 7.30 6.13 8.18 7.88 7.96 7.45 7.96 8.76 8.76 8.47 8.69 9.27 9.56 9.27 9.20 5.04 6.57 7.30 4.53 7.01 6.35 3.21 1.31 0.66 0.29 0.29 0.73 0.80 1.83 3.87 3.80 3.87 3.65 3.65 0.00 0.00 0.00 3.72 3.87 3.72 3.65
9.56 9.56 10.29 10.80 11.39 12.19 10.88 11.24 10.44 9.71 10.00 10.59 9.56 10.37 11.02 10.88 11.32 10.22 8.76 7.96 6.20 6.72 7.23 6.06 6.06 5.18 5.18 6.13 7.23 6.72 9.20 8.76 7.08 4.96 5.11 5.18 5.40 5.77 6.50 5.69 6.50 7.37 6.50 7.30 8.10 8.61 8.98 9.27 8.40 8.47 7.88 7.88 6.42 9.05 8.69 8.83 9.27 9.20 7.59 8.32 6.79 8.40 7.59 6.57 3.43 2.99 1.68 2.92 2.41 1.46 1.61 2.04 2.04 2.99 3.29 3.21 3.21 4.02 0.00 0.00 5.69 6.57 5.33 4.45
8.83 8.83 9.20 7.96 7.52 9.64 7.96 9.56 8.83 9.86 10.15 10.73 10.51 10.66 10.59 10.59 10.73 9.64 8.91 6.94 6.86 7.01 6.64 6.42 5.91 6.20 6.20 6.35 7.08 7.59 7.08 7.01 6.79 6.50 5.62 5.11 5.62 5.33 4.96 5.26 5.99 5.48 6.79 8.10 7.45 8.76 8.91 9.27 8.76 9.05 6.86 6.86 5.91 7.37 8.32 8.10 7.45 5.91 5.99 7.37 6.35 4.89 5.84 5.99 4.02 3.07 2.70 4.02 4.02 3.94 2.77 2.92 3.58 3.87 3.43 4.31 4.31 3.36 4.02 6.50 6.86 7.37 5.91 6.13
8.83 8.83 9.20 7.96 7.52 9.64 7.96 9.56 8.83 9.86 10.15 10.73 10.51 10.66 10.59 10.59 10.73 9.64 8.91 6.94 6.86 7.01 6.64 6.42 5.91 6.20 6.20 6.35 7.08 7.59 7.08 7.01 6.79 6.50 5.62 5.11 5.62 5.33 4.96 5.26 5.99 5.48 6.79 8.10 7.45 8.76 8.91 9.27 8.76 9.05 6.86 6.86 5.91 7.37 8.32 8.10 7.45 5.91 5.99 7.37 6.35 4.89 5.84 5.99 4.02 3.07 2.70 4.02 4.02 3.94 2.77 2.92 3.58 3.87 3.43 4.31 4.31 3.36 4.02 6.50 6.86 7.37 5.91 6.13
7.59 7.59 7.37 7.52 7.45 8.18 7.88 8.18 8.69 9.78 10.51 10.00 9.93 10.37 10.29 9.20 8.83 8.54 8.76 7.59 7.30 7.66 5.55 5.69 5.55 6.20 6.20 6.57 7.96 8.69 8.47 8.03 8.03 6.06 6.86 6.20 5.99 6.28 6.06 5.84 6.50 8.61 7.45 7.30 7.74 8.76 8.25 8.54 7.37 7.08 6.94 6.94 5.77 7.37 7.59 7.08 7.81 6.50 5.77 4.74 4.96 4.53 6.20 4.60 4.60 5.99 4.96 4.74 5.11 5.69 6.64 3.87 4.16 3.36 3.43 4.67 4.67 5.04 5.77 5.48 6.06 6.42 6.57 6.79
6.86 6.86 7.15 7.01 7.88 7.45 7.74 8.25 8.40 9.56 9.20 9.20 9.49 8.76 7.96 8.54 8.76 6.94 7.52 6.94 6.86 4.82 5.33 5.55 5.69 6.28 6.28 8.18 7.59 8.76 9.93 9.86 8.18 7.15 8.03 7.52 7.74 7.23 8.03 8.25 8.32 8.32 8.47 8.98 8.83 8.47 7.88 7.52 7.45 7.01 7.08 7.08 8.32 8.03 7.59 8.54 8.61 7.74 6.57 8.47 5.69 5.18 6.86 8.25 6.72 6.64 8.76 9.93 6.94 6.79 7.15 8.18 6.20 5.48 4.96 5.11 5.11 4.74 5.33 6.79 6.50 8.25 7.88 6.72
7.23 7.23 7.30 6.94 6.64 7.45 8.18 8.10 7.59 8.47 8.76 7.37 6.20 5.84 5.77 6.57 4.96 6.42 7.01 5.91 5.77 5.69 4.67 4.16 4.96 5.62 5.62 7.74 9.64 9.93 9.93 10.29 8.47 8.03 7.08 9.20 9.05 7.88 7.37 7.52 7.74 8.69 9.86 9.49 9.64 8.98 7.81 7.23 7.88 7.45 8.25 8.25 8.03 8.54 7.96 7.37 9.42 11.10 10.95 10.73 10.66 8.03 7.74 9.13 10.51 9.56 9.20 9.86 8.32 8.32 8.40 8.83 9.78 10.07 7.96 5.18 5.18 5.18 5.26 5.99 7.88 8.18 8.83 8.61
8.18 8.18 7.59 7.52 7.88 7.52 7.08 7.74 8.76 9.05 7.74 5.26 4.02 3.58 3.36 5.77 5.40 5.99 6.57 4.67 5.04 6.06 2.26 3.07 4.45 6.42 6.42 9.64 10.73 10.95 10.59 9.56 9.86 9.05 9.05 8.10 7.96 7.08 6.57 6.72 5.40 8.32 9.49 7.74 8.25 8.10 7.08 5.62 6.64 7.23 8.10 8.10 7.96 8.18 10.00 9.49 10.51 11.90 11.83 11.68 11.61 11.24 10.22 10.73 11.02 10.00 8.98 9.20 8.47 8.47 9.42 8.91 10.29 7.37 6.50 6.64 6.64 6.42 5.26 5.11 6.94 8.83 8.76 9.05
7.96 7.96 8.25 8.61 8.76 8.69 8.61 9.20 9.42 9.05 8.83 6.13 5.69 3.29 3.07 4.74 3.94 2.92 2.12 3.14 1.10 1.75 1.68 2.34 7.96 7.37 7.37 9.49 10.88 9.56 8.83 9.34 9.20 5.99 4.74 4.89 4.67 4.16 4.60 5.69 5.26 7.01 5.48 6.86 6.20 5.11 5.77 5.40 5.69 7.15 6.79 6.79 6.64 6.42 8.98 10.07 12.12 11.75 11.61 11.39 10.80 10.59 11.10 11.10 9.20 9.49 8.76 8.10 8.83 8.54 9.56 9.78 10.00 9.05 7.15 6.64 6.64 7.15 6.35 6.35 8.91 9.05 9.49 8.76
7.96 7.96 8.25 8.61 8.76 8.69 8.61 9.20 9.42 9.05 8.83 6.13 5.69 3.29 3.07 4.74 3.94 2.92 2.12 3.14 1.10 1.75 1.68 2.34 7.96 7.37 7.37 9.49 10.88 9.56 8.83 9.34 9.20 5.99 4.74 4.89 4.67 4.16 4.60 5.69 5.26 7.01 5.48 6.86 6.20 5.11 5.77 5.40 5.69 7.15 6.79 6.79 6.64 6.42 8.98 10.07 12.12 11.75 11.61 11.39 10.80 10.59 11.10 11.10 9.20 9.49 8.76 8.10 8.83 8.54 9.56 9.78 10.00 9.05 7.15 6.64 6.64 7.15 6.35 6.35 8.91 9.05 9.49 8.76
8.18 8.18 8.91 9.13 9.64 8.91 8.91 9.42 7.96 9.27 8.03 6.72 6.79 5.04 3.80 4.82 4.38 2.34 0.66 1.10 0.88 1.68 3.21 5.62 7.88 8.83 8.83 8.25 7.45 7.23 7.52 6.79 5.62 2.41 2.56 3.07 3.14 4.45 4.09 0.00 0.00 3.80 3.58 5.33 4.38 5.33 6.50 7.66 7.23 7.59 7.74 7.74 7.15 8.61 8.18 9.42 9.64 9.93 10.44 7.74 10.07 10.29 10.15 9.20 8.69 9.49 9.64 8.32 8.61 8.47 8.40 8.25 9.49 9.71 7.66 7.37 7.37 5.99 6.06 5.62 7.74 8.69 8.91 9.20
8.91 8.91 7.96 8.61 8.18 8.47 8.10 8.10 6.42 7.59 7.59 6.72 5.69 4.02 4.53 4.67 5.04 2.70 0.80 0.00 1.02 1.46 2.99 5.48 5.84 4.09 4.09 4.96 4.89 4.89 5.33 4.96 2.99 2.77 2.70 2.77 3.21 3.50 4.60 0.00 0.00 2.70 2.99 5.91 5.11 6.06 6.94 7.23 8.03 8.61 8.83 8.83 8.03 8.47 9.20 9.05 9.86 8.40 6.94 6.94 7.81 8.69 7.88 7.66 9.05 9.20 8.61 9.05 7.96 6.79 6.64 6.50 8.10 9.34 9.05 7.96 7.96 6.06 5.77 6.20 5.99 7.30 8.18 9.20
8.76 8.76 7.96 6.86 7.01 7.45 6.86 6.35 4.45 4.74 4.53 3.50 3.80 4.02 4.67 2.99 2.48 0.15 0.80 0.00 0.66 0.95 2.41 3.36 2.48 2.99 2.99 3.29 4.31 4.09 4.45 5.55 2.99 3.50 3.58 3.50 3.58 3.36 3.07 2.92 0.00 1.83 3.72 5.77 7.37 7.23 7.23 7.30 7.37 9.13 9.05 9.05 8.76 8.32 8.61 9.93 7.37 8.10 6.06 5.91 4.74 7.08 6.35 8.54 8.91 9.13 9.27 6.86 5.33 5.99 4.82 5.26 4.96 7.15 8.25 7.30 7.30 4.74 5.11 3.94 3.07 4.23 6.42 4.82
7.08 7.08 6.79 5.99 5.40 3.94 4.53 4.89 5.99 3.43 3.43 4.45 4.96 5.18 3.14 0.80 1.53 1.46 0.07 0.88 1.10 0.80 1.83 2.04 1.97 2.19 2.19 2.99 3.65 4.09 4.45 2.48 4.23 4.45 3.29 3.14 3.21 2.92 2.34 2.26 2.34 2.34 3.50 6.50 8.03 7.96 7.15 7.52 7.23 8.91 9.13 9.13 9.05 8.32 8.69 7.37 6.57 3.14 4.16 3.36 4.53 8.18 6.57 8.83 9.93 11.02 10.29 8.76 7.01 4.16 4.96 2.19 5.91 7.66 7.15 8.03 8.03 5.40 3.07 3.14 1.83 2.34 4.23 4.16
6.28 6.28 0.00 0.00 0.00 3.43 3.87 3.21 4.74 4.38 4.74 4.53 4.96 0.00 0.00 0.00 0.66 0.73 0.44 0.44 0.00 1.97 2.04 2.77 2.56 3.87 3.87 5.04 4.53 5.11 6.06 3.87 5.91 5.33 1.83 0.88 1.90 2.85 4.89 4.23 4.09 4.09 5.55 5.84 7.15 5.69 7.08 7.88 7.96 8.91 8.69 8.69 7.08 7.88 5.26 4.96 4.82 1.97 0.58 1.97 3.43 7.96 9.05 8.98 9.93 10.44 10.73 10.95 8.03 4.74 2.04 1.90 0.66 2.85 3.80 6.50 6.50 6.35 3.80 1.31 1.68 0.95 4.02 2.12
0.00 0.00 0.00 0.00 0.00 0.00 0.00 0.00 0.00 0.00 3.80 2.48 0.00 0.00 0.00 0.37 1.02 0.80 0.00 0.00 0.00 2.41 2.99 3.14 3.43 4.74 4.74 5.26 6.79 6.86 7.59 5.55 1.24 1.17 0.51 0.00 0.58 2.41 4.45 5.33 2.48 2.85 5.55 5.62 5.99 6.72 5.55 7.59 7.37 4.67 5.62 5.62 6.42 1.31 0.44 0.00 0.00 0.00 0.00 3.14 3.21 6.50 5.62 6.57 8.47 9.20 10.07 7.37 4.89 5.77 1.97 1.02 2.34 2.26 4.96 7.88 7.88 8.10 5.77 4.45 6.86 7.88 4.96 3.50
0.00 0.00 0.00 0.00 0.00 0.00 0.00 0.00 0.00 0.00 3.80 2.48 0.00 0.00 0.00 0.37 1.02 0.80 0.00 0.00 0.00 2.41 2.99 3.14 3.43 4.74 4.74 5.26 6.79 6.86 7.59 5.55 1.24 1.17 0.51 0.00 0.58 2.41 4.45 5.33 2.48 2.85 5.55 5.62 5.99 6.72 5.55 7.59 7.37 4.67 5.62 5.62 6.42 1.31 0.44 0.00 0.00 0.00 0.00 3.14 3.21 6.50 5.62 6.57 8.47 9.20 10.07 7.37 4.89 5.77 1.97 1.02 2.34 2.26 4.96 7.88 7.88 8.10 5.77 4.45 6.86 7.88 4.96 3.50
0.00 0.00 0.00 0.00 0.00 0.00 0.00 0.00 0.00 0.00 0.00 0.00 2.41 1.53 2.41 2.99 1.97 0.00 0.00 0.00 0.00 3.87 3.50 3.58 2.70 3.94 3.94 0.00 6.13 7.96 6.64 1.39 0.00 0.00 0.00 2.63 5.11 6.06 6.35 4.31 5.18 4.23 2.41 6.42 7.23 6.42 8.18 7.96 4.67 3.43 2.48 2.48 0.29 0.88 0.00 0.00 0.00 0.00 0.00 3.50 5.18 4.45 4.60 4.31 5.26 8.03 7.88 7.23 5.40 4.67 3.58 3.21 4.89 7.01 6.28 9.27 9.27 11.39 10.07 10.95 10.37 11.39 10.80 8.32
