Wansh/Snow_depth/snowdepth-1996/winter/1997039.txt
ncols 321
nrows 161
xllcenter 60
yllcenter 15 
cellsize  0.25 
NODATA_value -1
[rows 0 to 36 of 161, columns 0 to 83 of 321]
7.96 7.96 10.44 9.78 10.37 12.70 12.63 12.19 13.21 13.21 13.07 14.31 15.11 14.89 14.24 13.51 13.80 13.14 12.41 12.70 11.90 12.12 13.65 13.36 13.43 11.97 11.97 12.70 12.99 11.97 11.75 12.19 10.95 12.78 12.48 12.56 12.85 12.19 12.78 13.07 14.02 14.02 14.31 14.45 13.94 14.02 13.80 15.33 16.57 15.77 15.84 15.84 13.72 14.24 14.24 16.43 16.72 18.25 17.45 17.74 16.72 16.86 16.21 17.89 18.25 18.83 19.64 16.21 16.50 16.13 13.21 13.80 13.14 13.94 13.87 14.31 14.31 14.38 14.31 14.31 13.94 13.87 15.26 14.60
9.49 9.49 12.70 13.36 13.29 13.80 15.04 14.31 14.16 14.16 13.51 13.80 13.21 13.07 13.36 11.10 12.05 12.34 10.73 11.75 11.83 12.19 11.97 12.92 11.97 12.34 12.34 11.10 11.02 11.17 11.61 11.83 10.44 9.78 10.00 11.83 11.61 11.75 12.05 11.90 12.92 13.87 13.65 14.02 13.65 13.65 12.48 13.07 14.02 15.70 15.62 15.62 15.18 14.09 14.02 13.72 15.48 15.77 15.77 17.16 17.16 17.16 16.64 16.86 16.79 16.13 16.13 14.24 15.18 12.78 10.22 11.24 12.26 13.80 12.78 12.63 12.63 13.21 13.51 14.45 14.31 13.29 15.04 15.26
13.58 13.58 13.51 13.21 15.18 14.82 15.11 14.02 13.14 13.58 13.36 12.92 12.99 11.61 10.37 10.88 9.27 9.71 9.56 10.37 10.07 11.24 10.95 11.39 11.61 11.46 11.46 11.53 11.02 9.49 10.22 8.18 9.42 9.56 9.56 9.49 11.02 11.90 11.68 11.39 11.32 12.70 13.51 13.51 13.29 11.83 11.97 12.19 13.87 13.51 13.72 13.72 13.87 13.65 14.02 14.75 14.31 15.48 14.89 16.43 15.84 17.16 15.18 15.40 15.18 14.60 15.40 14.31 15.33 12.19 12.85 11.75 14.02 13.80 13.21 15.40 15.40 15.04 14.02 15.62 14.89 15.91 15.48 15.26
13.58 13.58 13.51 13.21 15.18 14.82 15.11 14.02 13.14 13.58 13.36 12.92 12.99 11.61 10.37 10.88 9.27 9.71 9.56 10.37 10.07 11.24 10.95 11.39 11.61 11.46 11.46 11.53 11.02 9.49 10.22 8.18 9.42 9.56 9.56 9.49 11.02 11.90 11.68 11.39 11.32 12.70 13.51 13.51 13.29 11.83 11.97 12.19 13.87 13.51 13.72 13.72 13.87 13.65 14.02 14.75 14.31 15.48 14.89 16.43 15.84 17.16 15.18 15.40 15.18 14.60 15.40 14.31 15.33 12.19 12.85 11.75 14.02 13.80 13.21 15.40 15.40 15.04 14.02 15.62 14.89 15.91 15.48 15.26
13.29 13.29 13.29 13.14 13.87 13.07 13.29 13.43 12.05 12.70 13.07 11.90 11.53 11.61 10.80 8.69 8.76 9.56 10.07 9.56 9.56 10.80 10.29 11.61 11.75 11.97 11.97 10.37 11.39 8.83 7.52 7.81 8.54 10.07 9.64 11.02 10.80 11.24 10.95 11.02 11.17 11.46 11.32 11.61 11.90 11.90 11.24 11.53 11.83 13.07 12.56 12.56 12.70 12.34 14.67 15.26 14.89 14.53 14.67 14.24 16.64 16.57 17.01 16.50 16.06 14.75 16.50 17.01 14.67 13.58 14.53 14.24 16.13 16.50 14.53 15.70 15.70 15.26 15.40 15.40 15.70 14.09 13.21 13.51
13.36 13.36 14.24 12.70 13.72 13.72 11.97 11.46 11.53 12.19 12.05 12.12 12.26 11.24 11.53 11.17 10.73 10.44 11.83 12.05 9.56 10.80 12.78 12.99 12.48 10.15 10.15 10.59 7.96 7.52 7.15 8.83 8.10 10.66 10.80 11.53 11.53 12.63 12.19 13.36 11.75 11.61 12.34 12.41 12.70 12.41 12.63 11.17 12.63 12.41 12.56 12.56 11.97 11.97 12.48 14.67 13.36 15.33 15.26 13.65 14.75 14.31 15.84 17.59 17.89 17.45 17.45 18.18 15.77 14.82 15.11 16.43 15.99 16.43 16.50 15.48 15.48 14.97 13.65 13.07 12.63 12.78 13.29 12.34
13.43 13.43 13.36 13.87 13.94 11.68 11.90 12.92 12.05 12.26 11.53 12.19 12.26 11.39 11.10 11.39 12.19 12.05 11.75 12.48 12.99 11.97 13.51 12.99 13.43 12.48 12.48 8.98 9.49 8.76 12.05 11.75 13.65 14.31 13.21 13.14 13.07 13.80 15.77 15.33 15.26 14.24 14.24 15.99 16.94 16.21 16.21 13.58 12.70 12.56 9.78 9.78 8.40 8.61 12.41 12.78 12.41 14.45 14.67 14.89 14.16 12.48 15.40 15.55 16.94 18.03 17.81 16.35 16.21 15.11 14.31 15.48 15.26 14.38 13.36 14.82 14.82 12.19 12.34 12.26 8.83 10.00 9.71 9.93
13.43 13.43 13.36 13.87 13.94 11.68 11.90 12.92 12.05 12.26 11.53 12.19 12.26 11.39 11.10 11.39 12.19 12.05 11.75 12.48 12.99 11.97 13.51 12.99 13.43 12.48 12.48 8.98 9.49 8.76 12.05 11.75 13.65 14.31 13.21 13.14 13.07 13.80 15.77 15.33 15.26 14.24 14.24 15.99 16.94 16.21 16.21 13.58 12.70 12.56 9.78 9.78 8.40 8.61 12.41 12.78 12.41 14.45 14.67 14.89 14.16 12.48 15.40 15.55 16.94 18.03 17.81 16.35 16.21 15.11 14.31 15.48 15.26 14.38 13.36 14.82 14.82 12.19 12.34 12.26 8.83 10.00 9.71 9.93
15.04 15.04 14.60 14.75 14.67 14.02 13.51 13.51 11.97 10.88 11.17 10.22 10.88 10.80 11.83 13.43 14.67 14.53 14.53 14.09 14.24 14.38 14.38 13.80 13.36 13.72 13.72 12.05 12.85 12.34 13.65 14.60 14.45 15.40 17.30 16.57 17.96 19.27 17.30 16.86 15.48 14.38 16.43 17.37 17.37 16.06 14.53 15.40 12.70 11.32 12.26 12.26 9.78 8.83 10.44 9.93 12.70 15.26 14.82 15.40 15.26 14.97 14.53 14.31 15.04 15.48 15.84 14.09 14.16 12.34 13.29 12.34 12.48 13.51 10.73 10.73 10.73 7.66 6.64 7.01 7.45 6.94 4.89 7.01
14.82 14.82 15.77 14.67 14.09 14.45 12.70 11.32 11.53 10.73 10.51 11.97 11.68 12.56 13.58 13.21 14.82 14.53 15.18 13.51 14.31 14.31 13.80 13.87 13.94 12.78 12.78 12.70 13.43 15.70 15.26 17.45 17.89 15.26 17.01 17.96 17.74 18.91 19.35 19.49 16.64 16.35 16.43 16.64 17.45 15.99 16.64 14.82 14.24 14.24 13.65 13.65 11.17 12.05 10.07 10.29 11.17 12.05 12.26 14.53 15.77 13.94 12.85 14.09 14.16 12.41 12.41 9.93 11.32 10.07 10.15 10.29 10.15 9.64 10.29 10.22 10.22 7.23 6.64 6.79 6.13 6.50 4.82 5.69
12.78 12.78 13.14 12.41 12.41 12.05 12.48 11.68 11.46 11.39 12.48 12.48 12.70 12.85 12.05 13.65 13.14 14.09 13.80 13.58 14.82 13.94 13.80 13.51 12.99 12.99 12.99 15.84 18.83 16.28 18.54 18.83 18.61 18.25 16.43 16.64 16.50 16.64 18.40 17.59 18.10 16.28 16.72 17.74 17.89 17.23 17.45 16.06 15.33 14.38 12.26 12.26 12.85 12.19 10.80 11.32 11.17 11.68 11.10 12.41 12.34 12.78 9.78 11.32 12.19 10.80 10.37 8.98 9.05 8.69 9.93 9.93 9.93 9.13 10.15 10.15 10.15 9.34 8.03 8.32 7.59 7.45 8.54 8.69
12.78 12.78 13.14 12.41 12.41 12.05 12.48 11.68 11.46 11.39 12.48 12.48 12.70 12.85 12.05 13.65 13.14 14.09 13.80 13.58 14.82 13.94 13.80 13.51 12.99 12.99 12.99 15.84 18.83 16.28 18.54 18.83 18.61 18.25 16.43 16.64 16.50 16.64 18.40 17.59 18.10 16.28 16.72 17.74 17.89 17.23 17.45 16.06 15.33 14.38 12.26 12.26 12.85 12.19 10.80 11.32 11.17 11.68 11.10 12.41 12.34 12.78 9.78 11.32 12.19 10.80 10.37 8.98 9.05 8.69 9.93 9.93 9.93 9.13 10.15 10.15 10.15 9.34 8.03 8.32 7.59 7.45 8.54 8.69
12.34 12.34 12.26 12.63 12.92 12.05 12.12 11.97 12.99 13.72 13.43 14.45 12.85 13.21 13.07 13.29 14.02 14.24 14.89 14.82 15.11 14.97 13.72 14.38 13.58 15.99 15.99 15.33 18.40 18.98 18.98 18.76 17.37 17.74 14.82 14.89 14.75 15.62 15.18 15.40 14.67 13.58 14.82 14.53 16.86 16.79 17.01 15.55 14.09 14.67 12.70 12.70 11.61 10.80 9.34 9.27 9.56 10.22 8.10 8.40 10.07 9.64 5.99 8.18 10.59 9.86 8.83 9.13 8.76 9.05 10.51 8.98 8.32 5.77 6.64 5.04 5.04 5.62 8.40 8.32 7.59 7.01 7.74 7.15
11.75 11.75 12.78 12.05 12.05 11.97 12.63 13.65 13.29 14.60 14.82 15.04 13.14 14.31 14.82 14.89 14.38 14.75 14.82 14.16 15.84 16.13 13.51 11.68 12.19 11.24 11.24 16.50 16.06 17.08 15.48 15.04 12.34 11.10 11.68 14.38 14.45 14.67 14.45 12.26 13.14 11.61 12.41 13.65 13.58 13.80 13.14 12.78 13.58 11.97 11.32 11.32 11.02 11.39 9.27 7.01 7.59 7.45 7.52 7.66 5.84 6.13 0.00 0.00 7.74 7.74 5.91 8.10 9.34 7.52 8.69 8.83 8.40 6.50 5.26 6.42 6.42 7.37 5.69 5.11 5.04 5.40 5.18 4.67
11.02 11.02 11.83 11.68 11.68 12.92 12.78 14.02 13.94 13.72 14.53 14.16 15.26 15.18 15.70 14.09 14.16 13.80 13.29 13.51 12.34 11.02 14.02 11.39 10.22 10.59 10.59 9.20 10.44 13.87 12.34 11.24 11.02 10.88 11.68 10.44 10.59 10.00 10.29 10.00 9.13 9.42 9.42 8.98 11.32 12.34 12.34 12.34 11.90 11.75 11.61 11.61 10.73 8.69 6.50 6.64 6.79 7.81 5.48 4.96 0.00 0.00 0.00 0.00 0.00 4.74 6.06 5.40 4.82 6.06 9.20 5.55 8.32 7.88 7.23 7.74 7.74 7.15 4.74 4.45 5.48 5.55 5.55 6.42
11.53 11.53 12.63 11.32 11.39 12.99 12.92 12.63 13.14 13.29 13.14 14.24 14.45 13.51 14.02 13.36 12.63 13.07 11.46 11.53 11.97 9.27 6.79 6.35 8.47 7.59 7.59 8.61 8.18 9.13 9.56 9.27 9.78 9.27 9.64 8.98 9.20 9.13 9.05 9.49 9.56 8.61 8.47 9.42 9.20 10.22 8.83 9.20 10.22 10.59 10.95 10.95 9.71 10.15 7.96 8.25 5.69 5.99 5.26 0.00 4.38 2.48 0.00 3.43 2.41 0.00 2.77 0.00 2.34 5.33 0.00 5.62 6.13 6.57 5.69 8.18 8.18 6.79 8.18 7.45 6.13 6.57 5.99 5.26
11.53 11.53 12.63 11.32 11.39 12.99 12.92 12.63 13.14 13.29 13.14 14.24 14.45 13.51 14.02 13.36 12.63 13.07 11.46 11.53 11.97 9.27 6.79 6.35 8.47 7.59 7.59 8.61 8.18 9.13 9.56 9.27 9.78 9.27 9.64 8.98 9.20 9.13 9.05 9.49 9.56 8.61 8.47 9.42 9.20 10.22 8.83 9.20 10.22 10.59 10.95 10.95 9.71 10.15 7.96 8.25 5.69 5.99 5.26 0.00 4.38 2.48 0.00 3.43 2.41 0.00 2.77 0.00 2.34 5.33 0.00 5.62 6.13 6.57 5.69 8.18 8.18 6.79 8.18 7.45 6.13 6.57 5.99 5.26
12.12 12.12 13.36 12.78 12.70 12.99 12.85 14.82 14.67 14.02 14.53 13.51 13.80 11.97 9.78 10.22 11.75 11.61 11.53 10.22 7.81 8.83 5.62 4.89 5.77 5.40 5.40 8.18 9.27 9.20 9.56 10.37 10.37 9.78 9.42 8.76 8.69 8.91 9.20 8.91 8.98 9.05 7.45 7.01 7.01 7.52 7.08 8.76 9.27 9.34 10.66 10.66 10.80 10.59 8.25 8.47 6.13 5.11 5.11 0.00 0.00 2.85 2.99 2.19 2.77 1.17 1.90 1.39 1.75 2.12 1.90 0.00 5.55 7.08 5.55 6.57 6.57 7.30 6.64 7.30 5.91 6.35 5.62 5.69
13.51 13.51 13.58 13.65 14.45 15.26 15.18 15.84 16.35 16.64 14.89 13.43 11.17 11.83 9.93 10.29 10.29 11.83 8.76 9.42 7.08 3.80 3.50 3.43 4.82 6.64 6.64 6.13 7.01 7.59 8.76 9.86 10.80 10.59 10.51 8.61 7.88 7.74 8.25 8.83 8.54 8.91 8.98 7.23 7.45 7.30 8.10 8.18 8.69 8.54 9.93 9.93 10.37 9.93 9.56 9.78 8.32 10.07 6.50 5.40 4.09 0.00 2.19 0.07 2.63 0.73 0.15 0.58 0.88 0.80 2.26 3.36 2.19 3.14 4.09 5.84 5.84 4.89 0.00 4.96 4.60 6.64 4.45 4.96
12.85 12.85 13.94 13.65 14.75 15.33 14.16 14.67 15.26 13.14 12.34 12.78 11.53 11.02 10.07 10.88 10.59 10.80 9.27 5.99 3.72 3.94 3.87 5.11 4.16 6.06 6.06 6.06 6.06 6.79 8.91 9.49 9.27 9.20 7.96 5.84 5.84 7.30 7.52 8.10 8.83 9.93 10.88 11.02 8.47 9.27 9.20 8.98 8.25 8.61 9.05 9.05 10.07 9.93 9.93 8.98 10.29 10.29 8.83 6.57 7.81 4.23 1.68 5.62 3.87 0.00 1.46 0.66 1.10 0.95 0.44 1.61 1.31 1.46 2.63 2.41 2.41 2.41 0.00 0.00 5.18 5.11 5.18 6.35
12.34 12.34 11.90 14.45 14.16 14.60 12.78 12.85 13.43 13.21 13.65 11.75 12.12 10.66 10.88 10.95 10.29 9.78 7.08 7.96 3.87 4.38 4.23 5.11 6.13 5.99 5.99 5.40 7.15 6.50 8.98 8.83 8.76 8.83 7.52 6.42 7.08 6.50 7.59 8.18 7.96 8.54 10.44 10.80 10.15 10.44 10.51 8.69 8.10 7.96 9.13 9.13 8.25 8.18 8.98 8.83 10.15 10.88 9.56 10.29 8.25 6.86 7.01 7.08 4.67 3.07 3.21 1.75 1.02 1.46 0.88 1.24 1.61 1.83 1.97 2.85 2.85 2.63 0.00 4.53 6.64 6.42 5.48 5.55
10.66 10.66 10.37 12.19 10.80 11.02 12.12 12.56 14.53 14.38 14.67 13.58 9.93 10.07 10.00 9.05 10.22 9.05 7.37 5.84 6.20 5.18 5.55 5.26 6.20 6.35 6.35 7.15 6.94 7.81 8.83 8.61 7.88 7.23 7.30 5.99 6.13 6.28 6.13 7.01 7.01 7.66 7.66 7.74 9.34 10.29 9.93 10.15 9.86 9.64 7.88 7.88 7.96 8.69 8.69 8.47 9.86 9.49 8.69 8.40 9.27 5.62 4.89 3.94 3.80 3.87 2.92 3.80 2.85 2.04 1.17 1.97 2.41 1.75 2.19 2.41 2.41 0.00 5.33 4.38 6.13 5.40 5.62 7.74
10.66 10.66 10.37 12.19 10.80 11.02 12.12 12.56 14.53 14.38 14.67 13.58 9.93 10.07 10.00 9.05 10.22 9.05 7.37 5.84 6.20 5.18 5.55 5.26 6.20 6.35 6.35 7.15 6.94 7.81 8.83 8.61 7.88 7.23 7.30 5.99 6.13 6.28 6.13 7.01 7.01 7.66 7.66 7.74 9.34 10.29 9.93 10.15 9.86 9.64 7.88 7.88 7.96 8.69 8.69 8.47 9.86 9.49 8.69 8.40 9.27 5.62 4.89 3.94 3.80 3.87 2.92 3.80 2.85 2.04 1.17 1.97 2.41 1.75 2.19 2.41 2.41 0.00 5.33 4.38 6.13 5.40 5.62 7.74
9.86 9.86 8.98 9.34 10.22 10.37 11.39 11.02 13.72 16.35 14.16 15.33 9.64 8.98 9.13 9.20 9.05 7.96 7.66 5.99 3.50 4.23 2.41 3.87 5.77 5.77 5.77 7.15 7.96 7.52 9.20 9.93 8.98 9.34 8.18 7.96 7.52 7.30 6.64 7.59 7.88 7.81 8.25 7.96 8.76 9.13 9.20 9.13 9.49 9.05 8.03 8.03 7.08 7.59 10.29 9.86 11.68 10.88 9.56 9.34 7.23 6.28 5.69 4.74 4.60 6.57 6.42 6.42 3.36 2.04 2.56 2.19 1.83 2.63 2.92 3.14 3.14 2.92 3.94 4.31 5.26 4.89 7.52 7.52
9.27 9.27 8.32 8.32 9.78 10.07 9.05 12.92 11.83 13.94 13.07 8.98 9.86 7.23 8.40 8.61 8.54 7.88 6.13 6.06 3.94 2.19 2.63 1.83 4.45 5.84 5.84 6.64 7.74 9.34 9.42 9.05 10.07 9.05 9.20 8.98 8.25 7.96 8.10 8.54 9.56 9.64 9.56 9.78 9.05 9.78 9.27 8.69 8.76 8.83 9.64 9.64 7.96 8.61 10.22 10.15 11.32 11.17 8.03 9.86 8.47 8.18 6.06 5.91 8.83 8.91 7.74 9.71 7.74 4.23 4.60 6.28 5.62 4.16 5.04 3.72 3.72 2.41 5.33 5.26 6.20 8.83 6.64 7.08
8.03 8.03 8.47 7.15 7.15 8.54 8.03 10.29 11.02 11.17 9.78 7.96 5.77 6.28 4.02 7.59 7.81 7.81 5.99 3.43 4.38 2.77 2.56 3.50 2.99 4.74 4.74 7.30 10.22 9.71 11.17 11.61 11.83 11.90 11.75 11.39 10.00 10.15 9.34 8.69 8.32 9.27 9.34 10.29 9.93 8.83 9.05 8.76 8.47 7.74 9.27 9.27 9.49 9.78 10.44 11.39 11.61 12.34 11.46 10.66 9.86 10.73 11.10 10.22 10.80 9.27 10.44 9.93 8.91 9.64 9.86 9.05 8.40 6.72 7.81 6.13 6.13 6.72 6.57 6.72 7.66 9.13 8.25 8.83
7.45 7.45 6.50 6.50 8.98 8.98 9.34 9.34 9.13 8.91 8.91 8.18 3.87 2.12 2.48 4.23 7.08 5.99 7.01 2.34 2.19 2.41 2.19 2.92 4.82 4.31 4.31 7.52 10.37 11.61 11.46 11.68 11.83 11.32 11.24 11.32 9.64 8.83 8.98 8.91 7.81 6.35 7.66 7.66 8.61 8.69 7.96 7.45 8.10 8.10 8.69 8.69 9.56 9.20 12.41 12.26 12.19 11.68 11.53 11.46 10.95 11.24 10.07 10.59 8.18 8.47 8.32 9.20 9.42 9.34 9.42 9.78 10.88 9.86 8.47 8.69 8.69 7.96 6.94 8.10 7.74 9.13 10.00 9.56
8.18 8.18 10.66 10.73 10.37 9.05 7.52 7.88 7.23 8.83 7.23 3.65 4.60 1.10 3.72 3.14 5.77 6.50 2.85 3.58 1.17 1.31 2.34 1.83 4.82 7.59 7.59 9.13 10.66 10.80 10.73 10.88 10.07 9.56 9.20 8.98 9.13 6.79 7.01 5.55 4.60 5.18 5.48 6.72 5.55 6.86 7.45 7.59 7.30 8.25 8.40 8.40 8.18 8.32 11.90 11.75 12.34 12.12 11.90 9.42 9.56 10.66 10.80 9.34 7.88 7.66 9.78 9.78 9.64 9.78 10.80 9.93 10.00 9.49 9.64 9.05 9.05 8.98 7.30 8.03 8.83 11.90 11.83 11.61
8.18 8.18 10.66 10.73 10.37 9.05 7.52 7.88 7.23 8.83 7.23 3.65 4.60 1.10 3.72 3.14 5.77 6.50 2.85 3.58 1.17 1.31 2.34 1.83 4.82 7.59 7.59 9.13 10.66 10.80 10.73 10.88 10.07 9.56 9.20 8.98 9.13 6.79 7.01 5.55 4.60 5.18 5.48 6.72 5.55 6.86 7.45 7.59 7.30 8.25 8.40 8.40 8.18 8.32 11.90 11.75 12.34 12.12 11.90 9.42 9.56 10.66 10.80 9.34 7.88 7.66 9.78 9.78 9.64 9.78 10.80 9.93 10.00 9.49 9.64 9.05 9.05 8.98 7.30 8.03 8.83 11.90 11.83 11.61
8.98 8.98 11.02 9.27 8.54 8.91 7.88 8.32 8.69 8.61 7.45 4.53 3.21 3.80 3.58 5.48 4.45 4.53 2.34 1.24 1.90 1.24 2.63 5.33 4.74 6.64 6.64 7.66 7.23 7.37 5.91 5.84 5.55 5.48 5.48 5.55 7.23 6.72 6.79 6.13 4.38 2.85 3.65 5.18 5.33 5.91 6.35 7.52 8.18 8.76 9.13 9.13 8.03 9.93 11.10 11.53 10.22 8.83 8.54 8.40 8.83 10.80 10.73 9.71 8.25 10.73 10.29 9.93 10.37 8.25 8.69 8.61 8.91 9.78 10.73 9.05 9.05 10.07 7.59 6.72 7.37 7.96 10.07 11.97
9.78 9.78 10.00 7.96 8.10 8.32 8.25 8.61 6.72 4.67 5.11 6.13 3.50 2.56 2.70 3.94 3.29 0.73 1.02 0.29 1.02 1.75 1.97 4.60 4.89 6.20 6.20 6.06 5.62 4.89 5.18 4.74 5.40 5.11 4.60 4.60 4.96 6.13 3.94 3.43 1.68 1.39 2.48 5.04 6.06 5.99 7.37 6.94 7.74 7.59 10.15 10.15 10.51 10.15 10.73 9.71 9.27 9.56 9.49 9.49 9.49 9.78 9.56 12.70 11.90 12.34 10.80 9.27 10.15 8.47 7.74 9.34 10.44 11.68 10.37 9.64 9.64 7.01 5.33 6.06 5.48 5.26 7.88 11.17
6.50 6.50 6.86 7.01 7.37 8.54 6.57 7.37 6.79 3.29 1.97 2.04 3.29 2.04 1.61 1.53 2.12 0.00 0.00 0.00 0.44 1.46 1.90 1.75 1.61 2.70 2.70 4.82 4.67 4.60 4.82 4.74 4.60 4.23 4.60 4.96 4.38 4.31 4.53 2.77 2.26 1.68 2.77 5.40 5.55 5.99 6.20 7.37 7.45 7.37 8.69 8.69 9.56 10.73 9.49 10.66 10.80 8.10 5.84 5.99 7.74 8.03 11.90 12.70 12.92 12.12 11.61 10.07 9.71 8.54 7.96 8.54 10.00 9.78 11.24 10.07 10.07 8.03 6.13 4.09 4.38 4.96 7.96 8.61
6.20 6.20 6.72 7.23 6.42 7.81 4.60 2.04 2.19 2.63 1.97 2.63 1.02 1.97 1.24 0.07 0.00 0.00 0.00 0.00 0.80 0.44 1.83 1.24 2.04 1.46 1.46 3.58 5.48 5.33 5.33 4.96 5.62 5.33 5.11 5.04 5.04 4.60 3.14 2.70 1.75 1.61 2.41 4.09 6.06 5.99 6.57 6.86 7.52 7.74 8.76 8.76 10.15 10.15 9.20 9.05 8.61 9.42 5.26 4.02 5.33 7.01 11.61 13.72 14.38 14.82 12.92 10.15 8.69 8.18 6.35 7.15 8.18 8.18 7.88 8.47 8.47 8.69 6.64 3.87 6.35 5.69 5.84 7.30
5.91 5.91 0.00 0.00 0.00 0.00 4.02 2.12 0.00 2.34 1.97 3.14 1.02 0.00 1.24 0.00 0.00 0.00 0.00 0.00 0.00 2.19 1.75 2.77 2.41 4.09 4.09 3.43 5.33 6.64 6.13 6.50 6.57 5.40 4.53 5.26 4.45 4.02 4.31 3.80 1.90 2.34 4.23 5.04 5.33 6.28 5.48 5.40 6.06 5.99 7.30 7.30 9.13 8.47 7.37 9.27 4.67 2.70 2.92 5.40 8.69 11.75 10.88 14.45 12.70 14.60 13.87 13.51 8.91 6.57 4.89 0.88 2.77 4.82 5.62 6.50 6.50 6.28 6.86 4.60 5.77 4.60 5.40 4.53
0.00 0.00 0.00 0.00 0.00 0.00 0.00 0.00 0.00 0.00 0.00 0.00 1.97 0.00 0.00 0.00 0.00 0.00 0.00 0.00 0.00 3.21 3.80 3.43 4.16 4.53 4.53 5.91 7.23 6.72 7.01 6.50 4.60 3.80 2.77 3.07 3.58 3.94 3.29 4.45 1.53 2.12 2.92 4.38 4.45 4.09 4.96 6.57 5.84 5.04 5.33 5.33 3.94 5.11 1.61 7.30 0.15 0.00 0.00 3.50 7.01 9.42 10.59 11.32 11.17 13.58 12.05 13.51 5.33 5.33 2.56 2.19 1.02 1.53 6.94 7.96 7.96 9.20 8.69 5.40 5.69 4.82 5.40 9.05
0.00 0.00 0.00 0.00 0.00 0.00 0.00 0.00 0.00 0.00 0.00 0.00 1.97 0.00 0.00 0.00 0.00 0.00 0.00 0.00 0.00 3.21 3.80 3.43 4.16 4.53 4.53 5.91 7.23 6.72 7.01 6.50 4.60 3.80 2.77 3.07 3.58 3.94 3.29 4.45 1.53 2.12 2.92 4.38 4.45 4.09 4.96 6.57 5.84 5.04 5.33 5.33 3.94 5.11 1.61 7.30 0.15 0.00 0.00 3.50 7.01 9.42 10.59 11.32 11.17 13.58 12.05 13.51 5.33 5.33 2.56 2.19 1.02 1.53 6.94 7.96 7.96 9.20 8.69 5.40 5.69 4.82 5.40 9.05
0.00 0.00 0.00 0.00 0.00 0.00 0.00 0.00 0.00 0.00 3.29 0.95 0.66 0.80 0.66 1.10 0.80 0.00 0.00 2.26 3.36 3.14 3.87 3.36 2.19 3.43 3.43 3.14 5.69 5.62 4.23 3.21 3.80 3.58 3.80 3.87 3.87 4.38 5.77 6.06 2.85 1.10 3.43 4.09 3.72 3.94 5.99 5.99 6.42 6.06 4.23 4.23 4.09 0.00 0.00 0.00 0.00 0.00 0.00 2.41 5.62 4.82 7.52 9.78 6.57 9.05 7.74 12.34 6.64 6.57 5.77 4.16 3.21 7.66 9.56 10.88 10.88 11.17 11.75 9.42 14.89 14.31 12.78 8.83
