Wansh/Snow_depth/snowdepth-1996/winter/1997028.txt
ncols 321
nrows 161
xllcenter 60
yllcenter 15 
cellsize  0.25 
NODATA_value -1
[rows 74 to 110 of 161, columns 84 to 167 of 321]
0.00 0.00 0.00 0.00 0.00 0.80 0.00 0.00 0.00 0.00 0.00 0.00 0.00 0.00 1.39 0.00 1.90 4.53 4.53 4.74 4.53 0.00 3.21 0.00 3.65 3.36 2.63 3.07 0.00 2.99 0.00 3.72 2.99 1.97 1.83 3.43 3.29 4.02 3.29 3.43 4.16 3.87 1.46 1.46 1.75 1.02 1.68 1.24 1.17 2.04 2.99 1.83 0.00 1.69 1.42 3.14 1.97 0.00 1.68 0.51 1.68 1.68 0.00 0.00 0.00 0.00 0.00 0.00 0.00 0.00 2.27 1.46 0.00 0.00 0.00 0.00 0.00 0.00 0.00 0.00 0.00 0.00 0.51 0.00
0.80 0.00 0.00 0.00 1.97 1.46 1.10 0.00 0.00 0.58 0.00 0.00 0.00 0.00 0.00 0.00 0.00 5.04 5.04 4.60 4.38 3.72 3.58 4.09 4.96 5.18 3.65 3.94 3.50 0.00 0.00 0.00 3.50 3.43 2.77 4.67 4.82 5.18 5.11 5.11 2.12 1.90 2.77 2.77 1.83 1.02 1.17 1.90 1.17 1.75 2.19 1.39 1.90 1.53 1.68 1.31 2.56 2.26 2.12 1.31 2.04 2.48 0.00 1.83 1.10 0.37 0.00 0.00 0.00 3.74 3.29 2.34 0.95 0.88 0.00 0.00 0.00 0.00 0.00 0.00 0.00 0.00 0.00 0.00
1.17 0.88 2.41 1.68 1.97 1.97 0.00 0.00 0.00 0.00 0.00 0.00 0.00 0.00 0.00 0.00 5.55 5.84 5.84 0.00 3.80 3.58 3.43 3.29 4.02 0.00 0.00 3.50 0.00 0.00 0.00 0.00 4.02 3.72 5.48 4.23 4.82 4.31 5.84 5.69 3.72 5.04 2.41 2.41 1.97 1.90 2.41 2.99 3.43 0.44 1.68 1.75 1.31 1.90 1.46 1.61 1.61 0.95 0.58 1.53 1.97 1.97 2.19 1.24 1.53 0.15 0.37 1.39 1.39 5.18 4.60 3.29 1.68 0.00 0.00 0.00 0.00 0.00 0.00 0.00 0.00 0.00 0.00 0.00
1.10 1.83 2.77 1.90 1.68 1.75 2.70 0.00 0.00 0.00 0.00 0.00 0.00 0.00 0.00 0.00 0.00 5.91 5.91 3.87 3.07 2.85 3.58 3.72 4.02 0.00 4.16 3.94 0.00 0.00 0.00 0.00 0.00 5.40 4.53 3.80 3.72 0.00 4.53 5.04 3.94 4.23 4.38 4.38 3.29 2.26 4.09 4.53 3.80 3.58 1.02 3.58 2.19 1.24 2.70 1.31 1.61 1.46 1.75 2.19 2.19 1.83 2.48 1.17 0.95 2.12 2.34 1.83 1.83 3.87 4.53 3.80 1.24 0.00 0.00 0.00 0.00 0.00 0.00 0.00 0.00 0.00 0.00 0.00
3.87 3.43 4.16 1.10 1.31 2.99 0.00 0.00 0.00 0.00 0.00 0.00 0.00 0.00 0.00 7.59 7.01 6.72 6.72 4.60 4.31 4.02 4.60 4.74 3.87 3.50 3.94 0.00 0.00 0.00 0.00 0.00 0.00 0.00 3.36 0.00 0.00 0.00 2.85 4.09 3.94 4.09 3.87 3.87 3.29 4.16 0.00 3.58 5.04 4.09 4.67 3.36 3.87 2.99 3.43 2.34 3.14 2.48 1.97 3.21 3.50 3.43 3.36 3.14 2.48 5.69 3.29 3.14 3.14 3.29 4.09 2.63 2.41 1.68 0.00 0.88 0.00 0.00 0.37 0.00 0.00 0.00 0.44 0.22
6.13 5.48 4.53 3.43 3.58 0.00 0.00 0.00 0.00 0.00 0.00 0.00 0.00 0.00 0.00 6.57 7.59 6.72 6.72 5.77 4.60 0.00 4.38 4.89 3.14 2.70 3.50 0.00 0.00 0.00 0.00 0.00 0.00 0.00 0.00 0.00 0.00 1.61 0.00 3.58 4.31 3.07 0.00 0.00 0.00 0.00 0.00 0.00 0.00 0.00 0.00 0.00 0.00 4.16 3.50 3.36 2.85 2.77 3.14 4.23 3.94 3.14 3.80 3.87 3.72 5.40 5.69 4.38 4.38 4.45 3.50 4.53 4.38 3.07 2.20 2.85 1.25 1.10 0.58 0.00 0.22 0.00 0.15 0.00
4.45 4.53 4.53 0.00 0.00 0.00 0.00 0.00 0.00 0.00 0.00 0.00 2.85 0.00 0.00 0.00 6.50 5.62 5.62 6.57 4.60 4.38 4.60 3.94 3.14 3.14 3.50 0.00 0.00 0.00 0.00 0.00 0.00 0.00 0.00 0.00 0.00 0.00 2.85 3.14 3.29 3.07 0.00 0.00 0.00 0.00 0.00 0.00 0.00 0.00 0.00 0.00 0.00 0.00 3.14 0.00 3.14 1.90 2.41 2.56 3.43 3.21 2.92 3.14 4.02 0.00 3.29 2.56 2.56 2.63 4.89 7.30 7.74 6.28 3.14 5.43 2.25 0.00 0.15 0.29 0.00 0.00 0.00 0.00
2.92 2.92 0.00 0.00 0.00 0.00 0.00 0.00 0.00 0.00 2.04 2.41 2.48 1.61 2.12 5.26 5.40 5.62 5.62 4.45 4.16 0.00 4.31 0.00 0.00 0.00 0.00 0.00 0.00 0.00 0.00 0.00 0.00 0.00 0.00 0.00 0.00 0.00 0.00 0.00 2.56 2.77 0.00 0.00 0.00 0.00 0.00 0.00 0.00 0.00 0.00 0.00 0.00 0.00 0.00 0.00 1.68 2.19 2.63 3.14 2.92 2.92 2.41 3.29 0.00 0.00 0.58 0.73 0.73 2.77 3.87 6.64 9.20 10.51 6.50 1.98 1.40 0.15 0.15 0.00 0.07 0.07 0.15 0.00
0.00 0.00 0.00 0.00 0.00 0.00 0.00 0.00 0.00 0.37 2.85 3.07 2.56 1.68 4.96 5.69 5.26 5.62 5.62 2.70 2.56 3.36 0.00 0.00 0.00 0.00 4.09 0.00 0.00 0.00 0.00 0.00 0.00 0.00 2.19 2.34 0.00 0.00 0.00 0.00 0.00 0.00 0.00 0.00 0.00 0.00 0.00 0.00 0.00 0.00 0.00 0.00 1.68 0.00 1.53 0.00 0.80 1.83 2.19 2.34 2.56 1.90 1.24 1.53 1.10 0.00 0.00 1.53 1.53 2.12 0.73 4.38 11.90 7.37 5.69 3.29 1.61 0.88 0.29 0.44 0.00 0.29 0.00 0.22
1.90 0.00 1.97 2.56 0.00 0.00 0.00 0.00 0.88 2.26 1.31 1.97 2.34 2.48 5.91 5.33 5.26 4.16 4.16 3.14 3.14 2.77 3.07 0.00 0.00 3.65 3.80 4.02 0.00 0.00 0.00 0.00 0.00 0.00 0.00 2.41 0.00 0.00 0.00 0.00 0.00 0.00 2.77 2.77 0.00 0.00 0.00 0.00 0.00 0.00 0.00 1.10 0.80 1.02 1.97 0.73 0.73 1.17 1.46 0.66 1.02 2.04 1.61 2.19 1.97 1.31 0.00 0.15 0.15 0.66 1.31 5.11 7.52 3.65 5.04 2.85 1.83 0.73 0.51 1.17 1.24 0.58 0.00 0.37
3.07 2.56 1.83 1.75 1.83 1.39 0.00 0.00 0.00 0.80 0.58 1.17 0.00 4.67 5.77 0.00 4.60 5.18 5.18 4.45 2.77 3.94 2.63 2.85 3.29 2.92 3.14 3.72 0.00 0.00 0.00 0.00 0.00 0.00 3.36 0.00 0.00 0.80 0.07 0.00 0.00 0.00 0.00 0.00 0.00 0.00 0.00 0.00 0.00 0.00 1.46 1.02 0.73 0.73 0.80 1.97 1.17 0.80 0.66 0.66 0.44 1.02 1.39 2.12 2.63 1.02 1.53 0.88 0.88 1.24 1.10 1.68 3.50 1.83 2.99 3.65 1.02 1.10 1.46 1.61 1.68 0.66 0.44 0.00
1.31 1.97 2.48 2.12 1.61 1.10 0.00 0.00 0.00 1.24 0.00 0.00 1.75 0.00 0.00 4.02 3.94 3.72 3.72 3.65 4.09 5.33 3.94 2.99 2.85 3.29 4.16 4.23 0.00 0.00 0.00 4.45 3.36 3.43 0.00 0.00 0.00 0.58 1.83 0.00 0.00 0.00 0.00 0.00 2.12 0.00 1.53 1.46 0.00 0.00 1.75 1.24 0.66 0.95 0.29 0.80 0.80 0.07 0.29 1.24 0.95 1.79 2.56 2.26 2.19 1.90 1.53 1.24 1.24 1.31 2.04 1.61 1.75 0.51 1.02 0.95 1.75 2.34 1.97 1.46 2.26 1.83 0.58 0.00
1.10 1.17 1.83 1.75 1.53 1.90 0.00 0.00 1.53 1.53 1.10 0.00 0.00 0.00 0.00 2.56 4.45 4.31 4.31 4.45 5.48 5.77 5.48 4.45 3.21 4.02 4.53 5.40 5.04 5.55 5.11 4.23 3.94 3.14 0.00 0.00 0.00 0.00 0.00 4.89 5.26 2.77 1.17 1.17 1.61 1.68 2.70 2.26 1.61 1.90 0.66 0.80 1.75 4.45 6.79 7.59 6.64 4.74 4.82 1.02 2.48 2.48 2.68 3.50 2.04 2.19 2.19 1.46 1.46 2.04 3.21 5.62 4.96 2.48 1.24 0.51 1.75 2.12 2.56 3.14 2.63 2.26 1.46 0.80
1.90 2.56 2.26 2.41 1.61 0.00 0.00 0.00 0.00 0.00 0.00 0.00 0.00 0.00 0.00 0.00 5.26 4.23 4.23 4.53 4.31 5.48 4.38 4.53 0.00 3.43 3.72 5.11 5.26 5.04 4.45 0.00 3.36 0.00 0.00 0.00 0.00 0.00 5.40 6.35 6.06 1.97 2.92 2.92 2.04 3.36 2.92 2.56 2.26 2.41 1.68 1.75 1.02 4.02 4.31 5.69 6.50 7.88 5.18 4.16 2.04 0.73 2.48 2.70 2.52 3.21 3.65 2.34 2.34 2.48 5.91 7.01 5.62 2.70 2.48 0.66 1.17 1.39 1.75 2.12 3.36 1.46 2.34 1.68
1.53 2.63 1.61 2.04 2.04 0.00 0.00 0.00 0.00 0.00 0.00 0.00 1.61 0.00 0.00 4.02 4.96 5.11 5.11 5.33 5.11 4.89 4.53 0.00 4.38 4.38 4.09 3.43 0.00 3.72 2.63 3.50 3.80 4.31 0.00 3.36 2.85 4.96 2.70 4.09 3.87 0.00 0.00 0.00 3.94 3.87 2.48 2.41 4.53 2.26 1.53 2.41 2.26 1.53 3.21 3.07 5.77 6.94 5.62 4.02 1.61 0.58 1.46 2.04 4.42 5.56 3.94 4.23 4.23 4.89 4.38 5.11 5.55 4.09 1.90 1.90 1.75 1.39 2.92 3.50 3.29 2.70 2.63 0.95
2.26 0.51 0.88 0.80 0.00 0.00 0.00 0.00 0.00 0.00 0.00 0.00 0.00 3.14 2.63 3.36 4.38 4.67 4.67 5.33 4.60 5.26 3.80 3.72 4.38 4.67 3.80 3.80 3.07 3.07 3.29 4.16 4.82 4.82 4.96 2.04 2.99 2.19 0.00 2.92 0.00 0.00 0.00 0.00 3.07 5.62 6.06 4.53 6.50 5.62 3.14 4.82 3.50 3.21 2.85 4.31 7.08 4.82 4.97 3.91 2.19 1.24 2.23 7.74 6.97 11.06 8.53 6.50 6.50 4.45 5.18 4.67 5.11 2.85 1.83 1.24 2.04 2.19 2.56 2.22 2.58 2.48 2.27 1.32
1.39 1.24 0.58 0.00 0.88 0.00 0.00 0.00 0.00 0.00 0.00 2.99 0.00 1.68 2.56 0.00 5.18 5.40 5.40 4.60 4.60 4.45 3.65 3.72 4.02 3.72 3.94 3.36 2.34 3.21 3.50 4.60 4.31 4.09 2.34 0.00 0.00 2.26 0.00 0.00 0.00 0.00 0.00 0.00 3.94 5.48 6.28 6.86 7.01 6.94 5.69 7.52 7.23 5.77 5.33 7.23 10.29 6.50 3.87 2.92 1.28 3.50 5.24 7.88 10.88 13.29 13.40 9.20 8.91 6.75 5.84 5.48 5.91 4.23 2.77 2.70 2.56 2.77 2.68 2.29 3.28 2.15 2.73 1.82
0.73 0.88 0.88 0.58 0.66 0.00 0.00 0.00 0.00 0.00 0.00 0.00 0.00 0.88 1.75 0.00 0.00 4.09 4.09 4.09 4.02 0.00 0.00 0.00 3.43 0.00 3.36 2.34 2.26 2.77 3.50 3.36 0.00 2.48 0.00 1.90 0.00 0.00 0.00 0.00 0.00 0.00 0.00 0.00 1.17 2.63 4.45 5.77 4.45 5.77 7.74 10.15 13.07 11.75 13.43 10.51 14.89 11.17 8.11 2.29 3.43 3.94 5.14 7.38 11.56 14.75 13.72 12.41 12.47 6.68 5.80 5.99 8.47 6.79 4.40 2.92 3.21 2.19 3.01 2.98 4.25 3.14 4.54 2.46
0.37 0.66 0.58 0.58 0.00 0.80 0.80 0.00 0.51 0.07 0.00 0.15 0.44 0.00 0.00 0.00 3.58 3.50 3.50 3.80 3.14 0.00 0.00 0.00 0.00 0.00 0.00 2.92 0.00 1.02 0.00 0.00 0.00 0.00 0.00 0.00 0.00 0.00 0.00 0.00 0.00 0.00 0.00 0.00 0.29 1.02 1.61 2.56 3.94 5.62 6.57 9.86 10.95 15.11 17.08 17.59 19.13 13.36 9.56 14.90 6.19 5.20 6.88 6.95 12.22 12.77 11.98 10.22 10.22 5.35 6.91 7.72 9.39 8.45 5.14 4.50 4.60 2.37 3.99 3.80 5.29 5.27 4.00 4.84
0.58 0.37 0.88 0.80 0.88 0.07 0.58 0.73 0.00 0.00 0.51 0.00 0.44 0.66 0.00 1.53 2.63 2.92 2.92 3.21 2.34 0.00 0.00 0.00 0.00 0.00 0.00 0.00 0.00 0.80 0.00 0.00 0.00 0.00 0.00 0.00 0.00 0.00 0.00 0.00 0.00 0.00 0.37 0.37 0.22 0.66 1.24 1.90 3.80 4.60 5.99 7.23 9.86 13.36 16.21 18.32 22.76 22.05 15.48 23.00 14.45 7.70 9.85 6.92 8.99 10.63 7.85 3.80 3.80 4.94 5.95 9.15 8.75 8.66 8.75 6.60 5.18 5.34 4.71 4.06 5.96 7.26 6.30 6.39
0.88 1.02 1.17 0.44 0.00 0.95 0.80 0.00 0.00 0.00 0.15 0.00 0.00 0.00 1.46 1.97 2.63 2.26 2.26 2.48 2.48 2.85 2.04 0.00 0.00 1.83 1.31 0.00 0.00 0.00 0.00 0.00 0.00 0.00 0.00 0.00 0.00 0.00 0.00 0.00 0.00 0.00 0.29 0.29 0.00 0.44 1.83 2.77 3.72 4.67 7.81 6.86 7.75 10.76 13.22 19.86 25.21 26.13 25.84 25.04 20.44 13.35 6.38 7.18 7.14 8.55 4.87 3.65 3.67 3.42 6.23 7.95 9.36 9.51 8.57 8.76 6.41 5.90 4.76 4.43 5.07 6.59 4.89 4.31
1.39 1.97 0.22 1.17 0.44 0.00 0.73 0.00 0.00 0.00 0.73 0.00 0.00 0.00 0.00 1.83 2.48 0.00 0.00 0.00 2.77 1.68 0.00 0.00 0.00 2.34 1.46 1.10 0.73 0.00 0.00 0.00 0.00 0.00 0.00 0.00 3.43 0.00 0.00 0.00 0.00 0.00 0.07 0.07 0.22 1.02 2.85 3.36 4.67 12.26 12.85 12.41 9.05 8.87 13.71 18.06 23.71 28.39 27.27 17.33 18.05 10.71 7.66 7.14 5.87 5.64 5.02 3.67 3.67 2.51 2.64 4.95 6.39 8.73 5.58 6.60 6.78 4.63 4.72 3.33 5.18 5.67 5.20 3.83
2.04 0.88 1.90 1.31 1.24 1.90 1.75 2.04 0.00 0.00 1.75 0.00 0.00 0.00 1.39 1.61 2.04 0.00 0.00 0.00 0.00 0.00 0.00 0.00 0.00 2.19 1.83 2.12 0.22 0.00 0.44 0.00 0.00 2.85 0.00 2.92 0.00 0.00 0.00 0.00 0.00 0.73 1.46 1.46 2.12 1.39 5.18 5.91 10.37 16.79 14.60 14.97 10.15 15.41 16.16 15.74 15.42 18.57 16.36 17.17 15.15 13.00 9.63 10.27 4.51 5.69 5.09 1.48 1.46 0.52 2.00 2.07 4.81 6.70 4.23 4.40 5.78 2.94 2.65 2.03 3.54 4.29 6.64 4.90
1.46 0.00 0.00 1.31 2.26 1.61 4.96 5.91 2.92 2.56 3.65 0.58 0.00 0.95 2.26 0.00 0.00 0.00 0.00 0.00 0.00 0.00 0.00 0.00 0.00 0.00 2.19 2.19 0.00 0.80 1.39 0.00 0.00 2.04 2.12 0.00 0.00 0.00 0.00 0.00 0.00 5.11 5.84 5.84 3.65 3.94 12.19 15.70 17.59 17.74 17.99 18.01 18.57 18.45 16.62 15.26 13.51 12.78 13.12 12.92 13.35 13.37 12.31 6.64 5.63 3.97 2.96 1.43 1.39 0.00 0.88 1.56 3.42 5.14 3.67 3.65 1.53 1.13 1.64 2.83 4.35 5.42 3.09 3.65
3.94 0.29 3.21 2.19 3.94 8.54 6.72 7.15 9.05 10.80 8.47 9.20 6.86 3.29 5.84 2.92 2.41 2.41 2.41 1.68 0.00 0.00 0.00 0.95 1.97 1.46 1.10 0.88 1.39 1.53 1.10 0.66 1.75 2.26 1.97 1.39 0.00 0.00 1.68 4.02 4.53 2.99 5.69 5.69 11.17 12.34 16.50 17.08 11.97 13.58 17.31 17.87 15.46 17.30 10.59 13.13 14.37 14.67 16.82 16.29 14.09 11.27 12.79 9.41 9.20 3.08 2.77 0.00 0.00 0.00 0.51 1.89 4.92 5.03 4.27 1.90 2.19 1.24 0.00 0.56 0.54 2.10 2.09 3.10
5.55 4.31 5.91 8.91 9.71 14.02 14.89 12.99 13.51 10.80 12.34 10.37 12.41 7.66 9.64 3.94 3.87 3.29 3.29 2.12 1.90 1.39 0.00 0.73 1.97 0.37 1.02 1.10 0.95 0.80 0.95 0.66 2.04 1.90 1.90 1.17 2.85 1.68 1.68 1.68 3.07 4.09 8.32 8.32 10.44 6.57 11.75 13.51 11.97 10.72 11.21 14.06 15.45 9.25 11.13 12.53 16.10 10.58 15.72 18.57 16.07 13.01 13.61 10.69 9.13 3.43 2.49 1.24 1.22 0.00 0.00 1.68 2.99 3.79 3.65 2.92 1.62 0.22 0.00 0.00 0.00 0.99 1.12 2.28
5.62 8.25 8.98 6.20 9.86 15.04 15.99 14.97 11.32 9.86 11.46 14.38 12.56 11.17 6.64 5.77 3.50 2.34 2.34 1.61 1.97 1.68 1.75 1.10 1.24 1.31 0.00 0.95 0.80 0.80 0.95 0.00 0.44 1.83 1.46 2.19 3.43 0.00 0.51 2.12 0.29 2.41 3.80 3.80 7.01 2.41 3.80 4.42 9.08 12.03 9.96 14.04 11.36 9.10 9.48 11.14 12.02 11.70 19.10 15.97 18.05 17.36 14.89 11.46 2.99 4.10 2.38 1.47 1.63 0.00 0.00 0.00 2.05 1.88 3.74 3.69 2.26 0.22 0.00 0.00 0.00 1.28 1.42 2.40
9.05 5.40 7.66 7.30 4.16 9.71 15.33 14.16 8.69 10.37 10.29 11.61 8.91 11.61 8.61 5.99 4.60 2.92 2.92 1.75 1.75 2.26 1.53 0.95 0.37 0.00 0.00 0.66 0.73 1.02 0.15 0.00 0.00 0.37 1.24 2.70 0.66 0.07 0.00 0.00 0.00 0.00 1.39 1.39 2.26 1.61 2.85 4.11 6.06 7.46 7.06 8.82 12.04 9.44 7.89 8.58 6.72 10.59 12.03 11.89 17.52 18.96 16.80 9.56 5.62 2.70 1.20 0.00 0.00 1.08 0.31 0.00 0.28 1.38 3.75 1.87 2.00 0.38 0.00 0.00 1.17 1.74 4.73 3.32
0.00 3.50 2.77 2.56 1.83 6.13 8.69 11.53 11.75 14.45 10.07 8.40 4.60 5.77 3.36 3.29 2.99 2.70 2.70 1.61 1.46 1.83 1.17 1.31 0.88 0.00 0.22 0.95 0.07 0.88 0.22 0.00 0.00 0.00 0.29 0.80 0.22 0.00 0.00 0.00 0.00 0.00 0.00 0.00 0.22 2.04 3.94 3.72 5.62 6.28 5.41 7.26 8.35 6.78 7.35 8.22 3.69 7.09 12.90 14.24 13.16 17.23 15.84 15.46 10.93 6.47 2.54 1.24 1.24 2.39 1.93 0.24 1.60 1.48 1.20 1.16 0.37 0.29 0.00 0.00 0.82 2.79 4.60 3.08
0.00 0.00 0.00 0.00 2.34 2.77 11.46 13.07 14.89 15.91 11.83 3.07 3.94 0.00 0.80 1.17 1.61 1.83 1.83 1.97 1.39 1.61 0.88 0.58 0.51 0.00 0.00 0.00 0.00 0.00 0.00 0.00 0.00 0.00 0.00 0.00 0.00 0.00 0.07 0.00 0.00 0.00 0.00 0.00 0.00 1.97 3.01 2.41 4.30 5.34 4.90 6.91 9.66 7.83 6.78 6.64 0.00 0.00 7.88 14.69 13.71 18.98 18.39 17.69 14.82 11.80 8.70 2.90 3.40 1.83 2.46 1.67 0.00 1.23 0.08 0.42 1.14 0.88 0.31 0.00 0.43 1.92 3.41 3.36
0.00 0.00 0.00 0.00 0.00 0.00 5.99 14.16 15.77 10.59 6.13 5.48 3.29 4.31 1.46 3.21 2.04 1.24 1.24 1.68 0.51 0.29 0.51 0.00 0.00 0.15 0.00 0.00 0.00 0.00 0.00 0.00 0.00 0.00 0.00 0.00 0.00 0.00 0.00 0.00 0.00 0.00 0.00 0.00 0.00 0.22 1.17 0.00 1.76 3.71 4.15 5.22 5.52 7.75 8.72 7.56 0.00 0.00 8.01 17.30 22.43 13.81 19.37 21.10 15.12 14.43 12.50 7.55 8.45 4.43 2.96 0.85 0.70 0.00 0.00 0.56 0.66 0.22 0.48 0.00 1.00 2.42 1.64 3.28
0.00 0.00 0.00 0.00 0.00 6.42 4.96 6.13 11.75 8.69 5.84 5.69 6.42 6.57 5.11 2.52 4.94 1.10 1.10 0.00 0.73 0.00 0.00 0.00 0.00 0.00 0.00 0.00 0.00 0.00 0.00 0.00 0.00 0.00 0.00 0.00 0.00 0.00 0.00 0.00 0.00 0.15 0.00 0.00 0.80 0.00 0.00 1.05 4.89 6.08 2.81 3.82 8.21 6.03 0.00 0.00 0.00 0.00 0.00 11.57 14.86 13.18 13.46 17.66 14.19 15.73 17.27 10.17 10.38 8.13 3.75 1.70 2.55 0.93 0.00 0.45 1.02 0.54 0.00 0.00 0.30 0.39 2.94 3.47
0.00 0.00 0.00 0.00 0.00 0.00 5.33 7.45 3.50 7.37 6.20 6.20 7.66 7.30 7.37 5.94 8.25 3.55 3.31 3.80 1.02 1.02 0.51 0.07 0.29 0.95 0.07 0.00 0.00 0.00 0.00 0.00 0.00 0.07 0.00 0.58 0.00 0.00 0.00 0.29 1.97 0.00 0.00 0.00 1.83 1.02 1.47 2.09 5.21 10.28 5.30 8.70 0.00 0.00 0.00 0.00 0.00 0.00 0.00 0.00 11.99 10.22 12.78 11.38 12.34 15.99 12.28 10.46 12.79 8.52 6.20 2.45 4.33 0.92 0.81 2.02 0.96 0.00 0.00 0.00 0.00 0.37 1.51 0.00
0.00 0.00 0.00 0.00 0.00 0.00 0.00 0.00 0.00 0.00 0.00 0.00 0.00 0.00 0.00 3.21 4.53 5.05 5.13 4.09 5.62 5.18 2.56 4.38 2.26 2.41 2.04 1.90 0.00 0.00 1.02 1.31 1.39 0.44 1.61 4.82 3.72 0.00 8.03 9.17 9.18 7.89 10.07 10.07 7.59 2.92 3.21 2.35 5.20 6.07 0.00 0.00 0.00 0.00 0.00 0.00 0.00 0.00 0.00 0.00 0.00 10.90 0.00 8.36 15.07 11.88 9.78 5.65 6.32 8.61 8.71 3.07 2.48 0.00 0.00 1.42 0.90 0.37 0.00 0.00 0.00 0.00 0.00 0.00
0.00 0.00 0.00 0.00 0.00 0.00 0.00 0.00 0.00 0.00 0.00 0.00 0.00 0.00 0.00 0.00 2.70 3.29 3.29 1.83 4.36 4.46 5.69 3.58 3.80 3.26 3.97 4.31 2.92 0.00 3.43 3.29 2.26 1.68 2.56 3.94 6.20 3.65 7.23 9.27 10.99 9.73 13.29 14.84 10.73 7.30 7.08 6.21 2.25 0.00 0.00 0.00 0.00 0.00 0.00 0.00 0.00 0.00 0.00 0.00 0.00 0.00 0.00 6.29 7.30 6.98 6.19 0.00 0.00 4.95 5.15 0.00 0.28 0.00 0.00 0.18 0.26 0.00 0.00 0.00 0.00 0.00 0.00 0.00
0.00 0.00 0.00 0.00 0.00 0.00 0.00 0.00 0.00 0.00 0.00 0.00 0.00 0.00 0.00 0.00 0.00 0.00 0.00 0.00 3.36 0.00 5.91 5.18 3.29 2.05 3.65 4.67 5.40 3.58 4.02 4.16 3.19 1.90 2.92 5.14 9.64 8.54 5.48 3.80 8.48 10.07 6.35 8.07 15.12 9.76 6.30 0.00 0.00 0.00 0.00 0.00 0.00 0.00 0.00 0.00 0.00 0.00 0.00 0.00 0.00 0.00 0.00 0.00 0.00 0.00 0.00 0.00 0.00 0.00 0.00 0.00 0.00 0.00 0.00 0.00 0.00 0.00 0.00 0.00 0.00 0.00 0.00 0.00
0.00 0.00 0.00 0.00 0.00 0.00 0.00 0.00 0.00 0.00 0.00 0.00 0.00 0.00 0.00 0.00 0.00 0.00 0.00 0.00 0.00 0.00 4.09 2.04 0.00 0.00 0.00 1.53 3.94 0.00 3.50 3.46 3.23 1.83 0.00 3.77 5.33 8.32 0.00 0.00 0.00 5.91 0.00 0.00 6.38 5.73 1.69 0.00 0.00 0.00 0.00 0.00 0.00 0.00 0.00 0.00 0.00 0.00 0.00 0.00 0.00 0.00 0.00 0.00 0.00 0.00 0.00 0.00 0.00 0.00 0.00 0.00 0.00 0.00 0.00 0.00 0.00 0.00 0.00 0.00 0.00 0.00 0.00 0.00
