Wansh/Snow_depth/snowdepth-1996/winter/1997033.txt
ncols 321
nrows 161
xllcenter 60
yllcenter 15 
cellsize  0.25 
NODATA_value -1
[rows 0 to 36 of 161, columns 0 to 83 of 321]
6.57 6.57 8.47 11.46 10.59 10.88 10.73 11.83 11.53 11.97 13.14 12.26 11.90 11.68 11.68 12.19 12.85 11.32 11.53 10.95 11.97 12.63 12.12 12.56 13.94 13.51 13.51 13.36 11.10 11.02 10.88 11.75 11.32 12.63 12.85 11.68 12.19 12.34 12.70 14.31 13.94 14.67 14.82 14.75 13.94 13.72 13.72 13.80 15.62 15.55 14.24 14.24 14.75 14.67 14.67 13.43 14.67 16.35 16.57 16.64 16.21 16.86 16.64 16.79 17.81 17.89 16.72 15.04 15.40 12.48 11.24 13.07 14.02 13.87 14.02 14.09 14.09 14.38 12.85 13.65 13.36 14.24 14.82 15.11
8.98 8.98 12.12 10.80 12.05 12.12 13.58 13.94 13.36 13.21 13.07 13.14 12.63 11.53 12.78 10.37 11.46 11.24 10.95 10.88 11.46 11.39 11.46 11.53 11.02 11.02 11.02 10.88 11.17 9.71 10.59 10.59 10.66 9.93 10.66 10.95 11.39 13.94 13.29 14.53 14.09 14.16 14.67 14.16 14.02 13.51 12.56 12.63 12.78 13.87 14.24 14.24 12.63 12.85 11.90 13.43 13.21 14.89 16.06 15.55 16.72 16.50 16.43 15.55 16.06 16.21 15.04 14.38 11.17 12.12 10.29 11.90 11.61 12.92 13.58 13.87 13.87 13.29 13.51 13.65 14.45 15.11 14.75 15.99
11.24 11.24 14.31 13.29 13.29 13.87 13.87 13.87 14.45 13.58 13.43 13.51 12.05 10.22 10.15 9.56 10.29 9.56 10.07 10.15 10.88 10.00 10.29 10.80 10.44 11.46 11.46 10.88 10.15 9.93 10.07 9.34 9.13 9.42 9.93 10.88 10.59 11.39 12.34 12.12 13.43 13.07 12.70 12.99 11.75 11.68 10.95 12.12 12.12 12.78 12.99 12.99 13.14 12.41 12.48 13.51 15.18 14.89 15.70 16.35 16.21 16.57 16.57 16.28 15.70 15.91 15.18 14.16 14.82 12.92 13.94 13.07 14.60 14.75 14.38 13.43 13.43 14.09 13.07 13.72 13.43 14.09 15.26 15.62
11.24 11.24 14.31 13.29 13.29 13.87 13.87 13.87 14.45 13.58 13.43 13.51 12.05 10.22 10.15 9.56 10.29 9.56 10.07 10.15 10.88 10.00 10.29 10.80 10.44 11.46 11.46 10.88 10.15 9.93 10.07 9.34 9.13 9.42 9.93 10.88 10.59 11.39 12.34 12.12 13.43 13.07 12.70 12.99 11.75 11.68 10.95 12.12 12.12 12.78 12.99 12.99 13.14 12.41 12.48 13.51 15.18 14.89 15.70 16.35 16.21 16.57 16.57 16.28 15.70 15.91 15.18 14.16 14.82 12.92 13.94 13.07 14.60 14.75 14.38 13.43 13.43 14.09 13.07 13.72 13.43 14.09 15.26 15.62
13.36 13.36 14.53 13.36 12.92 14.89 13.65 13.43 13.43 13.36 11.17 11.02 10.80 11.17 11.53 10.51 9.42 9.42 9.34 9.42 9.34 9.42 9.86 11.17 10.80 11.17 11.17 10.29 9.56 9.05 8.91 8.10 8.61 9.56 9.13 9.64 10.66 10.22 11.32 10.73 10.73 11.53 10.88 11.02 10.80 10.29 10.37 10.66 12.19 12.26 11.97 11.97 11.02 12.78 13.51 14.97 14.67 15.11 14.38 15.62 16.50 16.50 16.86 16.94 16.86 17.23 15.70 14.97 14.45 14.60 15.33 16.06 16.21 16.06 15.33 15.77 15.77 14.89 14.89 14.97 15.18 14.16 14.24 13.87
14.97 14.97 14.60 15.33 15.04 15.77 12.48 11.97 11.17 11.32 11.32 11.24 12.05 11.83 11.10 10.66 10.66 10.73 9.05 10.88 11.83 11.61 11.97 11.10 12.70 11.46 11.46 9.93 10.22 9.49 7.96 9.34 8.69 10.66 9.49 9.34 11.68 10.59 10.80 12.12 11.24 11.68 11.83 11.17 11.24 12.92 10.95 10.66 12.05 11.53 11.83 11.83 10.22 12.19 11.53 14.02 14.53 14.38 15.26 14.89 15.11 16.13 16.57 16.64 16.64 17.01 16.06 17.30 17.45 16.57 16.35 16.50 16.21 15.70 16.13 14.75 14.75 13.80 14.75 13.80 12.85 14.67 12.26 12.05
14.16 14.16 13.51 14.82 14.31 13.58 14.02 12.56 11.61 12.63 11.97 12.12 11.97 11.97 11.39 12.26 14.16 13.21 14.53 14.38 12.19 14.24 13.58 13.65 13.72 12.26 12.26 13.21 10.66 11.02 10.51 13.87 11.68 11.39 13.58 13.29 12.78 12.19 14.82 14.89 13.51 14.31 14.38 13.14 15.04 14.97 15.11 12.12 11.10 11.32 8.83 8.83 10.22 9.78 11.46 11.17 12.78 15.18 16.50 15.33 15.11 15.26 15.55 17.01 16.86 17.45 18.10 18.25 16.64 17.08 15.99 15.91 16.06 15.40 14.09 14.53 14.53 13.65 12.26 12.41 11.24 10.80 8.91 11.17
14.16 14.16 13.51 14.82 14.31 13.58 14.02 12.56 11.61 12.63 11.97 12.12 11.97 11.97 11.39 12.26 14.16 13.21 14.53 14.38 12.19 14.24 13.58 13.65 13.72 12.26 12.26 13.21 10.66 11.02 10.51 13.87 11.68 11.39 13.58 13.29 12.78 12.19 14.82 14.89 13.51 14.31 14.38 13.14 15.04 14.97 15.11 12.12 11.10 11.32 8.83 8.83 10.22 9.78 11.46 11.17 12.78 15.18 16.50 15.33 15.11 15.26 15.55 17.01 16.86 17.45 18.10 18.25 16.64 17.08 15.99 15.91 16.06 15.40 14.09 14.53 14.53 13.65 12.26 12.41 11.24 10.80 8.91 11.17
12.85 12.85 13.80 15.48 14.60 14.24 13.72 12.19 12.99 12.05 11.90 10.80 11.90 13.36 13.87 13.65 14.31 14.75 15.11 14.75 14.97 14.67 14.09 15.62 14.09 14.38 14.38 14.31 14.60 14.53 14.82 14.09 15.18 15.26 14.67 17.01 17.37 17.30 17.16 17.16 17.81 14.97 16.06 17.01 17.01 15.77 13.51 14.02 10.95 9.27 9.86 9.86 8.47 9.71 10.22 12.12 11.97 13.87 14.97 14.89 15.26 15.33 15.33 16.06 16.28 16.28 15.62 15.04 15.33 13.65 13.29 13.29 13.51 12.26 13.65 12.26 12.26 9.71 7.30 7.30 7.59 7.59 7.37 7.45
15.33 15.33 15.70 15.33 14.24 13.94 12.78 12.92 11.17 10.66 11.02 10.73 11.61 14.67 15.04 14.38 15.11 14.60 14.45 15.26 15.55 14.60 15.11 14.89 15.04 15.77 15.77 14.75 15.18 15.99 17.37 16.13 15.99 17.37 16.79 16.79 18.40 18.69 18.25 18.40 15.99 16.72 16.35 17.45 16.43 16.86 13.80 13.43 14.53 14.45 10.95 10.95 11.53 9.71 10.51 10.44 11.17 12.05 13.36 15.18 14.75 15.26 13.43 12.78 14.75 13.58 13.72 13.29 12.05 12.26 11.83 12.12 11.83 12.26 11.39 10.37 10.37 10.80 7.37 8.10 7.81 7.96 7.59 7.37
12.85 12.85 12.70 13.14 12.99 13.65 11.97 12.41 11.39 12.05 14.38 14.82 11.68 12.99 14.60 14.67 13.72 14.09 15.62 14.60 14.89 14.24 15.84 15.77 15.55 15.55 15.55 17.52 18.91 18.25 17.74 19.56 18.25 18.10 16.86 16.43 16.06 17.74 18.18 18.32 17.16 16.06 17.01 16.72 16.86 16.57 17.59 15.40 15.11 15.48 12.63 12.63 11.17 11.61 10.15 10.66 10.37 11.39 11.46 14.09 13.72 12.19 12.70 11.32 11.10 10.51 9.71 8.76 8.76 9.64 10.59 10.80 11.32 11.02 9.86 10.07 10.07 9.20 9.34 9.71 8.98 9.34 9.27 8.69
12.85 12.85 12.70 13.14 12.99 13.65 11.97 12.41 11.39 12.05 14.38 14.82 11.68 12.99 14.60 14.67 13.72 14.09 15.62 14.60 14.89 14.24 15.84 15.77 15.55 15.55 15.55 17.52 18.91 18.25 17.74 19.56 18.25 18.10 16.86 16.43 16.06 17.74 18.18 18.32 17.16 16.06 17.01 16.72 16.86 16.57 17.59 15.40 15.11 15.48 12.63 12.63 11.17 11.61 10.15 10.66 10.37 11.39 11.46 14.09 13.72 12.19 12.70 11.32 11.10 10.51 9.71 8.76 8.76 9.64 10.59 10.80 11.32 11.02 9.86 10.07 10.07 9.20 9.34 9.71 8.98 9.34 9.27 8.69
13.51 13.51 12.19 13.58 12.99 12.34 12.26 12.12 12.99 13.36 14.67 14.60 14.16 14.38 15.04 14.53 14.53 15.04 14.67 15.04 15.84 15.62 16.21 15.77 15.99 17.96 17.96 17.23 18.98 19.71 19.05 19.27 16.72 16.94 16.79 15.33 15.18 16.28 17.08 15.11 13.65 14.97 16.64 15.99 16.35 17.37 15.99 16.06 13.43 11.90 12.34 12.34 11.17 10.44 10.66 10.59 10.80 10.66 10.15 9.05 8.91 7.37 6.28 10.15 10.44 10.15 10.29 8.69 9.13 8.69 9.93 11.32 11.32 10.80 8.69 8.18 8.18 7.81 8.69 8.69 8.54 8.10 9.49 6.86
14.24 14.24 14.02 14.16 12.70 12.92 13.87 13.43 14.67 14.24 14.67 13.87 14.31 14.31 14.60 14.67 14.75 14.16 14.97 14.53 16.21 15.77 16.13 15.11 14.67 16.21 16.21 16.13 15.18 18.32 14.31 14.82 15.40 13.51 11.97 12.12 15.55 14.24 13.87 13.65 12.48 11.90 14.16 14.02 12.85 12.92 14.53 12.56 13.21 10.73 11.02 11.02 10.59 10.59 8.32 8.18 8.40 8.69 8.69 8.10 6.50 6.94 5.18 5.33 7.15 6.57 7.30 6.94 6.72 7.45 8.91 10.44 9.64 10.15 7.81 8.25 8.25 7.01 6.79 6.57 6.57 6.20 4.31 4.89
14.02 14.02 13.65 12.78 12.92 12.92 13.51 13.72 13.29 13.14 13.36 13.51 14.45 15.04 14.60 13.29 13.58 13.29 13.21 13.51 12.78 12.92 13.21 13.21 13.58 10.80 10.80 12.26 10.80 14.45 11.02 12.12 11.83 11.46 12.41 11.53 11.39 12.48 10.88 10.88 11.02 10.59 9.42 12.12 11.02 11.17 11.24 11.83 11.02 11.02 11.61 11.61 10.59 10.66 7.37 7.23 6.79 6.28 5.26 0.00 6.64 0.00 0.00 0.00 4.53 5.69 5.40 6.20 6.42 6.28 6.50 9.05 10.29 9.86 9.71 8.54 8.54 8.47 7.23 7.52 4.96 4.67 4.82 4.31
12.70 12.70 12.41 12.41 12.99 12.48 12.34 12.34 12.70 12.56 12.78 13.80 13.51 15.11 12.85 11.97 12.63 12.85 11.24 11.61 11.68 12.05 8.54 9.27 9.27 9.71 9.71 8.10 9.42 9.27 9.42 10.29 11.24 10.00 10.44 10.07 9.93 9.86 10.80 9.71 9.86 9.86 8.69 8.47 9.93 10.37 10.07 10.07 10.29 11.61 10.66 10.66 11.02 9.13 7.52 6.64 5.11 4.60 4.45 4.02 0.00 0.00 2.63 2.04 1.90 1.61 2.41 0.00 5.40 0.00 0.00 5.84 4.89 8.32 8.76 8.54 8.54 8.61 8.32 8.10 7.59 5.33 5.62 5.77
12.70 12.70 12.41 12.41 12.99 12.48 12.34 12.34 12.70 12.56 12.78 13.80 13.51 15.11 12.85 11.97 12.63 12.85 11.24 11.61 11.68 12.05 8.54 9.27 9.27 9.71 9.71 8.10 9.42 9.27 9.42 10.29 11.24 10.00 10.44 10.07 9.93 9.86 10.80 9.71 9.86 9.86 8.69 8.47 9.93 10.37 10.07 10.07 10.29 11.61 10.66 10.66 11.02 9.13 7.52 6.64 5.11 4.60 4.45 4.02 0.00 0.00 2.63 2.04 1.90 1.61 2.41 0.00 5.40 0.00 0.00 5.84 4.89 8.32 8.76 8.54 8.54 8.61 8.32 8.10 7.59 5.33 5.62 5.77
13.07 13.07 13.14 12.92 13.21 12.34 12.12 14.45 13.43 13.72 13.58 12.85 12.05 11.68 11.68 11.61 11.24 10.51 9.93 9.56 8.18 7.66 7.74 7.88 6.20 7.08 7.08 6.86 8.18 10.00 10.88 10.88 11.32 10.15 10.66 10.80 10.29 9.34 9.71 9.93 8.91 8.03 8.18 8.03 7.66 9.42 8.98 9.86 9.78 9.93 11.02 11.02 9.86 9.78 7.96 6.35 6.28 6.64 4.67 3.65 0.00 2.34 2.41 1.90 1.24 1.46 1.46 1.90 2.85 2.77 3.36 5.11 7.59 6.94 8.69 8.54 8.54 6.79 6.57 7.37 6.94 6.13 5.40 5.04
13.72 13.72 14.60 14.24 14.38 12.85 14.89 15.62 14.60 14.89 14.38 13.07 11.61 9.93 8.61 9.27 9.86 9.78 10.07 8.83 7.30 6.72 5.84 5.69 5.69 6.64 6.64 7.15 8.91 9.13 9.71 11.97 11.46 11.61 10.37 5.62 8.32 8.32 6.72 8.61 8.76 8.03 8.03 7.45 7.30 7.37 7.23 8.83 9.34 9.56 9.20 9.20 10.22 9.13 10.07 8.32 7.59 7.45 6.13 3.43 3.43 2.92 4.96 3.72 1.68 1.53 1.10 0.58 0.88 1.31 1.68 2.70 2.26 3.94 5.33 5.18 5.18 5.40 6.20 0.00 4.31 5.55 5.91 4.82
13.21 13.21 13.58 14.82 13.21 14.45 14.31 15.40 13.65 11.39 14.60 14.02 10.15 10.29 10.07 10.22 11.10 10.37 8.61 9.20 7.01 6.94 5.26 5.77 5.26 5.33 5.33 5.77 7.15 9.49 8.83 10.80 11.53 6.57 10.80 4.96 5.40 5.55 5.55 7.74 8.18 8.25 8.18 7.52 7.66 7.59 9.34 9.49 9.42 9.78 9.93 9.93 9.78 8.98 9.49 9.78 9.49 8.10 8.40 6.20 4.74 5.91 5.48 6.86 3.50 1.24 1.31 1.02 1.75 1.53 1.75 2.19 2.41 2.41 3.21 3.14 3.14 0.00 0.00 0.00 0.00 4.02 3.72 2.41
12.63 12.63 10.07 10.59 11.90 12.41 9.56 10.00 10.15 10.66 9.27 9.78 9.56 10.37 11.02 10.88 11.32 10.22 8.76 7.96 6.20 6.57 5.99 6.57 5.40 5.91 5.91 5.48 6.57 8.47 9.34 8.98 9.34 6.20 4.60 4.45 5.91 6.06 7.15 7.23 6.79 8.10 8.61 7.88 9.49 10.22 10.07 10.15 9.34 9.42 9.05 9.05 8.69 8.61 9.05 9.49 9.20 9.05 9.49 9.78 8.91 7.66 8.69 8.03 8.03 2.99 2.26 2.34 1.53 2.19 1.90 1.68 1.97 1.39 2.92 0.00 0.00 0.00 0.00 4.38 4.67 4.38 4.53 4.96
8.61 8.61 8.47 9.71 10.51 8.18 8.61 8.32 10.00 8.54 10.15 10.73 10.29 10.66 10.59 10.59 10.73 9.64 8.91 6.94 6.86 6.57 5.91 5.91 5.77 6.13 6.13 5.84 5.69 7.96 8.40 7.96 6.50 6.42 6.35 6.35 6.50 5.26 5.77 6.20 6.13 7.96 8.18 8.03 9.20 9.71 10.51 10.44 9.49 7.88 8.03 8.03 7.23 9.05 8.61 9.34 9.20 8.91 8.61 8.98 6.06 4.96 4.53 6.35 4.67 4.53 4.23 5.04 3.50 3.50 2.26 1.61 1.02 1.02 1.17 0.00 0.00 0.00 3.94 4.02 5.62 5.11 5.99 5.77
8.61 8.61 8.47 9.71 10.51 8.18 8.61 8.32 10.00 8.54 10.15 10.73 10.29 10.66 10.59 10.59 10.73 9.64 8.91 6.94 6.86 6.57 5.91 5.91 5.77 6.13 6.13 5.84 5.69 7.96 8.40 7.96 6.50 6.42 6.35 6.35 6.50 5.26 5.77 6.20 6.13 7.96 8.18 8.03 9.20 9.71 10.51 10.44 9.49 7.88 8.03 8.03 7.23 9.05 8.61 9.34 9.20 8.91 8.61 8.98 6.06 4.96 4.53 6.35 4.67 4.53 4.23 5.04 3.50 3.50 2.26 1.61 1.02 1.02 1.17 0.00 0.00 0.00 3.94 4.02 5.62 5.11 5.99 5.77
8.83 8.83 8.03 7.45 8.25 7.88 8.47 8.76 10.51 9.64 10.07 10.00 9.93 10.37 10.29 9.20 8.83 8.54 8.76 7.59 7.30 6.13 5.33 5.99 5.84 5.55 5.55 7.45 8.69 8.18 9.05 8.98 8.76 6.86 6.57 7.45 5.69 5.84 6.79 6.72 8.47 8.32 8.47 8.40 8.40 8.76 10.00 9.20 9.86 7.81 7.15 7.15 7.23 7.66 10.00 10.29 9.13 7.66 7.08 6.94 5.55 4.31 5.48 4.82 5.26 5.04 5.26 5.26 4.82 2.63 4.74 4.60 4.67 2.63 0.00 0.00 0.00 0.00 3.72 3.72 4.09 5.55 5.26 5.91
7.88 7.88 7.37 8.10 7.74 7.15 8.61 8.18 9.34 8.98 10.15 9.20 9.49 8.76 7.96 8.54 8.76 6.94 7.52 6.94 7.15 5.69 5.62 5.40 6.64 7.66 7.66 7.66 8.32 9.56 9.42 9.64 8.98 8.25 7.59 7.74 6.86 8.83 8.61 8.76 8.69 9.05 8.83 8.69 9.56 9.13 9.34 7.66 7.66 8.54 8.54 8.54 7.30 9.34 8.69 9.71 10.22 10.29 10.22 9.20 8.32 5.91 8.61 8.03 8.69 6.06 8.47 8.91 7.81 6.86 5.84 5.04 4.23 7.01 3.21 5.91 5.91 3.50 3.80 4.82 6.06 5.62 7.01 6.57
7.66 7.66 7.45 7.08 6.64 6.86 8.32 8.61 8.47 8.47 8.76 7.37 6.20 5.84 5.77 6.57 4.96 6.42 7.01 5.91 5.62 5.69 5.69 4.09 5.84 6.86 6.86 8.18 7.66 9.42 10.59 9.42 9.34 9.64 8.32 9.20 8.98 9.05 8.47 7.30 7.15 8.61 8.76 8.54 8.91 8.47 7.23 7.30 7.45 7.59 8.18 8.18 7.30 8.91 9.42 9.42 9.71 11.02 9.93 10.07 9.20 8.69 8.10 7.96 9.05 8.54 8.54 8.54 8.25 7.52 7.37 7.81 7.59 7.88 6.50 4.31 4.31 5.84 4.09 4.45 5.11 5.62 8.18 7.66
7.52 7.52 7.23 6.79 6.86 5.91 8.83 9.27 8.76 9.05 7.74 5.26 4.02 3.58 3.36 5.77 5.40 5.99 6.57 4.67 5.11 2.34 3.07 2.92 4.23 6.72 6.72 9.20 11.32 10.66 10.88 9.78 9.42 9.56 8.32 8.98 8.25 8.03 8.18 6.42 6.13 6.13 9.13 8.03 7.66 7.66 7.30 6.64 6.57 6.86 7.81 7.81 7.74 7.37 9.49 10.73 9.78 9.71 11.10 10.59 10.59 10.59 9.34 10.00 9.64 10.00 8.32 6.13 6.50 6.72 6.57 7.88 9.13 9.05 8.25 7.01 7.01 7.45 5.91 5.04 5.84 8.10 8.47 8.47
8.47 8.47 9.05 7.88 8.54 8.98 8.69 9.34 9.05 9.05 8.83 6.13 5.69 3.29 3.07 4.74 3.94 2.92 2.12 2.70 0.37 1.10 3.07 4.53 7.15 6.57 6.57 9.86 10.80 10.88 8.98 9.13 8.40 7.59 7.23 8.18 7.74 6.86 6.64 6.28 5.18 5.11 4.82 7.59 6.94 6.72 6.50 5.99 6.35 6.42 6.64 6.64 6.50 8.03 7.52 8.91 11.10 10.59 9.71 9.86 9.42 9.49 9.42 9.20 8.47 7.23 6.50 6.57 6.94 7.01 6.86 7.08 8.32 7.74 8.10 8.10 8.10 7.74 5.91 6.50 6.50 9.64 9.49 10.59
8.47 8.47 9.05 7.88 8.54 8.98 8.69 9.34 9.05 9.05 8.83 6.13 5.69 3.29 3.07 4.74 3.94 2.92 2.12 2.70 0.37 1.10 3.07 4.53 7.15 6.57 6.57 9.86 10.80 10.88 8.98 9.13 8.40 7.59 7.23 8.18 7.74 6.86 6.64 6.28 5.18 5.11 4.82 7.59 6.94 6.72 6.50 5.99 6.35 6.42 6.64 6.64 6.50 8.03 7.52 8.91 11.10 10.59 9.71 9.86 9.42 9.49 9.42 9.20 8.47 7.23 6.50 6.57 6.94 7.01 6.86 7.08 8.32 7.74 8.10 8.10 8.10 7.74 5.91 6.50 6.50 9.64 9.49 10.59
9.13 9.13 9.49 9.27 9.93 8.32 8.91 9.42 7.96 9.27 8.03 6.72 6.79 5.04 3.80 4.82 4.38 2.34 0.66 0.00 0.44 0.22 1.10 4.82 7.59 8.83 8.83 8.40 10.15 6.28 7.74 6.64 6.35 6.64 6.57 6.79 6.79 6.06 5.62 0.00 4.45 4.23 3.65 3.36 5.11 6.20 5.69 5.84 6.64 7.01 7.81 7.81 7.08 6.79 7.59 10.29 9.78 10.00 9.05 8.47 8.40 8.18 8.18 8.03 8.25 6.64 6.13 7.15 6.94 5.77 6.50 6.28 8.18 9.13 7.88 7.15 7.15 7.01 6.64 7.45 6.35 7.52 8.47 11.17
9.13 9.13 8.98 8.98 8.32 7.88 8.10 8.10 6.42 7.59 7.59 6.72 5.69 4.02 4.53 4.67 5.04 2.70 0.80 0.51 1.17 2.12 1.68 4.02 4.82 6.35 6.35 4.53 5.26 5.40 4.74 5.84 5.55 5.40 6.72 5.77 5.26 6.57 5.33 0.00 0.00 0.00 1.53 4.23 5.62 5.77 6.86 6.79 7.08 6.86 8.18 8.18 8.10 7.23 7.23 8.69 8.91 9.34 6.86 7.23 7.08 6.94 7.15 6.86 7.66 7.37 7.30 7.37 6.28 4.89 4.53 4.31 6.28 7.96 9.42 7.96 7.96 7.23 6.42 4.82 5.69 7.30 6.57 7.45
7.08 7.08 7.96 7.23 7.45 7.23 6.86 6.35 4.45 4.74 4.53 3.50 3.80 4.02 4.67 2.99 2.48 0.15 0.80 0.00 1.17 2.12 2.04 3.87 3.36 4.09 4.09 3.58 4.45 4.31 3.94 5.11 5.40 4.74 5.69 5.33 4.45 4.53 4.82 2.92 0.00 0.66 0.37 2.99 5.04 5.84 5.62 5.84 7.08 7.96 7.81 7.81 8.18 7.59 7.52 7.23 6.79 4.23 3.14 3.36 3.21 4.31 6.50 7.59 7.81 7.15 6.94 6.06 5.33 3.72 3.87 2.70 4.23 6.79 8.40 8.18 8.18 7.23 5.11 3.14 0.00 0.00 5.48 6.50
7.15 7.15 5.33 6.35 6.06 4.31 4.53 4.89 5.99 3.43 3.43 4.45 4.96 5.18 3.14 0.80 1.53 1.46 1.31 1.53 1.31 1.53 1.75 2.19 2.41 2.12 2.12 3.36 5.11 4.67 4.96 5.11 4.74 4.53 4.89 4.89 4.53 4.23 0.00 0.00 0.00 1.83 4.89 2.56 5.18 5.69 6.50 6.28 7.23 8.40 8.61 8.61 8.47 8.54 6.50 5.62 6.06 3.72 2.04 3.14 4.82 4.31 6.94 8.47 9.42 10.66 9.64 10.00 7.45 3.72 3.50 2.99 3.65 3.50 7.01 6.86 6.86 7.23 6.57 2.70 1.68 0.00 0.00 1.97
3.58 3.58 3.36 4.60 0.00 3.43 3.87 3.21 4.74 4.38 4.74 4.53 4.96 0.00 0.00 0.00 0.66 0.73 1.24 0.00 0.00 2.56 2.26 2.77 3.21 3.50 3.50 5.48 4.82 5.69 6.13 6.64 5.33 5.18 4.31 4.23 4.31 3.94 5.04 2.70 1.97 1.90 4.60 5.62 5.04 5.04 5.99 7.23 7.59 7.81 7.23 7.23 6.35 3.43 6.86 5.18 3.43 1.61 1.83 1.83 5.04 7.59 8.25 9.05 8.69 10.73 10.80 8.91 6.42 3.65 4.02 3.21 3.07 3.07 5.11 6.28 6.28 5.84 4.60 4.31 1.17 3.80 3.58 0.66
0.00 0.00 0.00 0.00 0.00 0.00 0.00 0.00 0.00 0.00 3.80 2.48 0.00 0.00 0.00 0.37 1.02 0.80 0.44 0.00 0.00 3.87 2.63 3.07 2.77 3.94 3.94 5.62 7.08 6.64 7.45 6.72 6.28 3.14 4.02 1.46 3.07 4.45 4.67 4.96 1.46 3.36 2.85 5.18 4.53 5.33 5.55 6.57 6.13 5.11 5.55 5.55 4.09 1.17 0.00 0.00 0.00 0.00 0.00 2.92 6.57 5.84 7.81 8.32 9.71 9.20 11.39 9.20 8.03 4.16 2.41 2.70 3.21 3.94 6.64 5.91 5.91 8.25 7.52 4.60 2.92 4.09 1.31 2.70
0.00 0.00 0.00 0.00 0.00 0.00 0.00 0.00 0.00 0.00 3.80 2.48 0.00 0.00 0.00 0.37 1.02 0.80 0.44 0.00 0.00 3.87 2.63 3.07 2.77 3.94 3.94 5.62 7.08 6.64 7.45 6.72 6.28 3.14 4.02 1.46 3.07 4.45 4.67 4.96 1.46 3.36 2.85 5.18 4.53 5.33 5.55 6.57 6.13 5.11 5.55 5.55 4.09 1.17 0.00 0.00 0.00 0.00 0.00 2.92 6.57 5.84 7.81 8.32 9.71 9.20 11.39 9.20 8.03 4.16 2.41 2.70 3.21 3.94 6.64 5.91 5.91 8.25 7.52 4.60 2.92 4.09 1.31 2.70
0.00 0.00 0.00 0.00 0.00 0.00 0.00 0.00 0.00 0.00 0.00 0.00 2.41 1.53 2.41 2.99 1.97 0.00 3.36 2.92 3.72 4.53 3.87 2.85 3.72 3.50 3.50 4.67 5.77 6.42 5.62 6.57 1.90 1.61 0.88 0.51 2.92 5.99 6.50 6.79 7.08 3.72 5.69 5.62 5.69 5.26 5.77 6.42 5.69 4.60 2.70 2.70 1.31 1.97 0.00 0.00 0.00 0.00 0.00 3.94 5.40 5.99 5.91 6.28 7.30 6.57 8.61 8.32 8.25 5.55 6.13 4.89 4.23 7.37 9.34 9.49 9.49 10.73 9.42 11.24 6.20 7.74 4.82 4.45
