Wansh/Snow_depth/snowdepth-1996/winter/1997053.txt
ncols 321
nrows 161
xllcenter 60
yllcenter 15 
cellsize  0.25 
NODATA_value -1
[rows 0 to 36 of 161, columns 168 to 251 of 321]
6.13 6.13 6.13 6.28 6.35 6.06 5.40 5.04 5.18 5.18 5.11 4.23 5.62 5.26 5.04 4.89 5.91 7.37 7.23 8.98 7.81 6.35 6.72 7.15 7.15 6.94 4.74 0.00 0.00 0.00 0.00 5.33 13.65 12.12 12.99 12.99 11.10 12.70 14.67 13.72 15.70 19.64 18.61 25.92 30.15 29.71 29.27 29.42 25.70 20.22 21.17 18.40 17.23 17.01 18.40 17.89 21.39 22.27 22.63 22.48 22.48 23.87 23.36 27.74 28.69 30.44 28.25 30.08 26.86 22.92 24.24 21.17 19.93 21.24 19.71 20.37 20.15 22.12 22.56 22.63 22.19 18.91 18.47 19.35
8.47 8.32 10.66 9.05 6.72 5.40 5.91 4.74 5.48 5.48 6.13 7.01 6.86 5.77 5.62 5.91 5.62 7.59 8.69 8.03 7.96 7.96 7.23 7.30 6.79 2.70 4.38 0.00 0.00 0.00 4.53 2.41 10.73 12.05 12.63 12.63 10.73 15.11 12.78 18.47 24.45 24.16 28.84 27.38 30.37 27.01 27.23 22.56 21.61 22.70 19.20 19.05 20.88 21.02 21.24 21.17 22.34 23.07 23.00 23.36 23.36 23.73 26.65 25.92 27.01 27.30 27.23 27.08 24.31 25.26 21.68 20.66 20.95 19.71 17.16 19.78 17.45 18.98 18.98 20.08 18.18 14.82 13.51 13.65
13.51 14.67 11.97 10.59 9.27 10.88 7.15 5.84 6.42 6.42 6.13 5.18 5.11 5.11 5.33 9.42 9.42 9.20 9.78 10.22 8.18 8.40 8.10 6.86 7.88 0.07 0.00 0.00 0.00 2.99 0.88 10.51 12.26 12.12 11.17 11.17 11.46 15.26 21.75 20.73 25.92 27.23 27.23 23.36 24.31 24.82 21.32 21.53 21.17 21.90 21.90 21.83 21.75 22.05 21.61 21.75 21.97 22.48 22.41 22.48 22.48 22.92 22.70 22.19 21.39 21.17 22.48 23.00 22.48 21.61 19.20 19.78 18.32 15.99 16.13 15.70 17.30 16.94 13.07 14.53 14.31 14.60 13.51 13.07
13.51 14.67 11.97 10.59 9.27 10.88 7.15 5.84 6.42 6.42 6.13 5.18 5.11 5.11 5.33 9.42 9.42 9.20 9.78 10.22 8.18 8.40 8.10 6.86 7.88 0.07 0.00 0.00 0.00 2.99 0.88 10.51 12.26 12.12 11.17 11.17 11.46 15.26 21.75 20.73 25.92 27.23 27.23 23.36 24.31 24.82 21.32 21.53 21.17 21.90 21.90 21.83 21.75 22.05 21.61 21.75 21.97 22.48 22.41 22.48 22.48 22.92 22.70 22.19 21.39 21.17 22.48 23.00 22.48 21.61 19.20 19.78 18.32 15.99 16.13 15.70 17.30 16.94 13.07 14.53 14.31 14.60 13.51 13.07
16.35 18.10 15.84 13.87 15.04 12.19 7.96 8.18 5.55 5.55 6.57 5.48 7.45 11.17 11.24 10.29 12.26 13.29 14.31 11.02 8.10 9.13 8.91 5.91 0.00 0.00 0.00 0.00 0.00 3.87 10.29 8.61 11.83 11.75 11.75 11.75 16.13 20.73 20.22 21.97 21.24 22.41 21.32 22.27 19.35 21.46 20.66 22.48 21.68 22.19 21.10 21.39 21.46 21.46 21.53 21.02 20.95 22.34 21.90 21.97 21.97 21.97 21.90 21.97 21.02 21.53 21.46 20.81 20.81 21.17 19.49 14.67 13.21 13.43 11.39 11.24 11.24 11.46 12.48 12.41 13.58 13.36 13.51 15.18
18.76 19.49 18.40 16.43 15.62 12.48 14.16 9.71 8.32 8.32 12.78 11.97 12.12 12.48 15.99 16.21 16.28 12.34 8.32 7.52 7.96 0.88 0.00 0.00 0.00 0.00 0.00 0.00 5.62 3.50 10.15 11.24 11.68 13.43 16.72 16.72 15.55 20.59 20.81 20.15 22.19 21.61 21.68 19.93 19.78 21.02 21.75 21.90 21.10 22.05 21.83 22.12 21.97 22.12 20.73 20.95 19.78 17.89 18.25 17.81 17.81 20.29 18.83 20.15 17.30 17.89 14.31 14.60 14.24 14.53 14.60 14.60 12.92 11.75 10.44 10.51 10.80 12.70 12.78 12.78 12.92 14.16 15.18 17.16
20.29 20.51 20.81 20.66 18.69 17.08 18.61 15.55 16.86 16.86 13.72 13.80 16.57 17.45 16.50 16.64 11.68 13.65 8.25 2.92 0.00 0.88 0.00 0.00 0.00 0.00 0.00 0.00 5.48 8.69 7.96 10.80 14.89 14.24 20.59 20.59 21.53 21.39 20.29 19.27 19.27 20.88 21.17 20.37 22.41 22.34 21.90 20.88 20.81 21.61 22.48 22.27 22.27 20.00 20.44 17.45 15.91 17.37 16.64 17.08 17.08 17.37 19.71 19.42 17.96 14.02 11.90 12.48 11.53 11.46 10.22 10.22 10.44 10.44 10.66 9.93 9.93 10.44 10.73 14.07 17.03 19.71 19.76 24.89
20.29 20.51 20.81 20.66 18.69 17.08 18.61 15.55 16.86 16.86 13.72 13.80 16.57 17.45 16.50 16.64 11.68 13.65 8.25 2.92 0.00 0.88 0.00 0.00 0.00 0.00 0.00 0.00 5.48 8.69 7.96 10.80 14.89 14.24 20.59 20.59 21.53 21.39 20.29 19.27 19.27 20.88 21.17 20.37 22.41 22.34 21.90 20.88 20.81 21.61 22.48 22.27 22.27 20.00 20.44 17.45 15.91 17.37 16.64 17.08 17.08 17.37 19.71 19.42 17.96 14.02 11.90 12.48 11.53 11.46 10.22 10.22 10.44 10.44 10.66 11.48 13.69 15.02 14.70 23.90 28.13 26.24 25.42 25.82
18.10 21.83 19.27 21.68 19.27 18.25 17.08 15.91 14.31 14.31 16.86 15.99 18.98 18.40 16.13 16.79 12.41 5.33 0.00 2.77 0.00 0.00 0.00 0.00 0.00 0.00 1.02 6.28 5.69 7.81 10.37 10.15 14.31 21.32 19.56 19.56 23.29 18.83 21.17 18.91 20.37 20.15 23.21 23.36 23.43 22.85 23.51 23.21 22.63 21.90 21.97 21.83 21.97 19.42 16.72 17.30 16.06 16.28 16.13 17.45 17.45 19.42 19.27 19.13 16.43 13.58 14.02 12.19 11.32 11.39 10.73 11.17 9.64 10.16 11.49 14.71 17.11 16.04 13.09 22.84 21.90 22.39 25.36 26.90
14.16 10.29 13.07 15.99 15.70 16.57 14.60 14.38 15.26 15.26 18.10 16.13 16.79 14.38 12.99 5.77 6.86 0.44 0.00 0.00 0.00 0.00 0.00 0.00 1.97 5.84 5.69 7.59 10.15 10.00 10.95 13.43 13.21 15.33 20.81 20.81 21.02 18.18 17.52 17.08 21.61 23.29 23.14 22.48 21.75 23.07 23.36 22.27 22.92 19.71 18.40 18.61 16.50 16.13 16.86 15.99 20.88 17.23 18.54 23.14 23.14 19.27 18.76 17.52 17.37 15.26 13.14 11.75 11.90 11.53 12.34 12.63 11.71 14.49 14.49 15.57 14.49 17.20 21.96 22.49 20.21 20.48 23.83 28.56
9.64 8.76 10.44 10.15 11.24 14.38 15.04 15.04 14.02 14.02 13.07 11.68 5.48 11.53 5.33 0.00 0.00 0.00 0.00 0.00 5.04 4.60 4.96 8.40 8.69 7.45 10.44 10.44 10.22 10.51 10.66 10.22 13.58 13.36 14.45 14.45 16.35 17.67 18.32 21.68 20.81 21.90 21.10 21.24 20.00 17.01 17.59 16.35 17.96 18.47 18.18 15.99 16.43 16.28 17.16 17.23 21.61 27.16 26.57 26.06 26.06 23.73 18.91 20.00 16.06 14.24 15.11 12.12 13.80 13.29 13.58 13.29 11.38 9.71 10.01 13.78 18.16 20.09 17.95 19.04 18.49 20.44 19.84 21.16
9.64 8.76 10.44 10.15 11.24 14.38 15.04 15.04 14.02 14.02 13.07 11.68 5.48 11.53 5.33 0.00 0.00 0.00 0.00 0.00 5.04 4.60 4.96 8.40 8.69 7.45 10.44 10.44 10.22 10.51 10.66 10.22 13.58 13.36 14.45 14.45 16.35 17.67 18.32 21.68 20.81 21.90 21.10 21.24 20.00 17.01 17.59 16.35 17.96 18.47 18.18 15.99 16.43 16.28 17.16 17.23 21.61 27.16 26.57 26.06 26.06 23.73 18.91 20.00 16.06 14.24 15.11 12.12 13.80 13.29 13.58 13.29 11.10 9.56 9.71 12.80 16.19 18.60 19.14 19.76 18.49 20.00 21.79 22.64
11.90 10.15 9.64 9.64 9.93 11.39 8.47 9.42 9.49 9.49 10.44 0.51 0.00 0.00 0.00 0.00 0.00 4.60 0.00 8.61 8.32 10.15 10.00 9.34 11.61 11.53 11.61 10.29 10.37 10.51 10.73 10.66 11.61 13.65 13.07 13.07 14.89 15.91 17.74 20.44 19.56 19.56 17.23 14.67 16.21 14.89 14.31 13.87 16.86 17.37 15.77 16.06 16.86 18.69 18.10 20.59 22.78 26.65 28.11 22.85 22.85 25.62 23.14 19.71 16.72 17.01 14.67 14.24 14.24 14.89 13.36 13.72 13.14 12.70 11.08 14.12 15.98 16.93 15.99 21.36 19.26 21.15 21.90 21.32
12.19 11.90 9.78 9.13 8.54 8.76 7.45 2.99 0.00 0.00 0.00 0.00 0.00 0.00 0.00 0.00 0.00 4.09 7.52 7.45 9.56 11.39 11.97 12.70 11.39 11.32 10.80 10.73 11.39 11.32 10.88 11.24 11.10 11.24 13.87 13.87 14.75 14.60 14.97 15.77 18.18 16.35 13.80 14.45 13.07 14.82 12.56 16.06 17.16 17.16 16.06 16.35 15.99 18.98 20.66 20.37 20.88 21.24 21.17 21.32 21.32 22.70 22.41 23.21 18.25 17.96 20.15 16.94 18.32 18.76 15.55 16.28 14.24 15.01 15.34 15.74 15.59 18.89 19.20 16.88 19.81 18.09 20.30 24.61
12.78 15.70 14.24 12.78 10.66 12.26 6.35 7.96 1.68 1.68 0.00 1.97 0.00 0.00 5.84 3.94 5.33 4.45 9.20 11.46 10.73 12.26 12.78 12.78 12.12 11.75 12.99 12.99 11.17 10.73 10.88 10.66 10.66 11.68 11.39 11.39 12.12 14.38 13.94 13.80 11.83 12.26 12.48 12.99 12.48 15.55 15.40 15.33 15.62 15.70 15.84 16.43 17.30 18.18 21.24 22.12 22.48 20.15 19.42 20.00 20.00 22.92 22.27 22.63 23.21 23.14 21.75 19.56 20.66 20.51 23.87 20.08 16.25 17.92 16.70 17.59 15.67 17.95 17.20 18.44 18.62 20.67 21.34 20.36
15.99 15.48 14.53 14.38 14.02 13.14 11.39 12.41 10.07 10.07 10.44 7.23 9.56 7.96 8.18 7.08 8.54 9.49 9.05 10.59 12.78 11.97 12.70 13.21 12.41 13.80 12.85 11.68 11.68 10.37 10.66 10.66 10.37 11.32 12.48 12.48 12.63 11.68 12.41 12.48 11.17 11.02 11.24 11.90 11.24 13.14 14.45 14.75 14.53 15.55 14.89 15.70 15.04 20.00 23.87 23.00 25.33 21.32 20.44 20.37 20.37 22.05 23.07 23.29 22.48 22.05 19.64 20.66 20.44 24.89 22.85 22.28 20.39 21.80 19.36 17.10 17.67 17.11 18.39 19.27 21.75 22.82 20.48 20.21
15.99 15.48 14.53 14.38 14.02 13.14 11.39 12.41 10.07 10.07 10.44 7.23 9.56 7.96 8.18 7.08 8.54 9.49 9.05 10.59 12.78 11.97 12.70 13.21 12.41 13.80 12.85 11.68 11.68 10.37 10.66 10.66 10.37 11.32 12.48 12.48 12.63 11.68 12.41 12.48 11.17 11.02 11.24 11.90 11.24 13.14 14.45 14.75 14.53 15.55 14.89 15.70 15.04 20.00 23.87 23.00 25.33 21.32 20.44 20.37 20.37 22.05 23.07 23.29 22.48 22.05 19.64 20.66 20.44 24.89 22.85 27.35 19.11 23.70 17.38 21.16 17.93 18.92 18.76 17.38 21.02 19.62 22.27 22.94
13.07 13.94 14.31 13.07 13.58 12.63 12.34 12.70 12.48 12.48 10.51 10.51 9.86 10.51 11.61 8.98 9.05 10.66 10.80 10.44 11.02 11.32 10.80 11.61 11.61 11.46 11.75 12.12 10.44 10.73 10.51 10.95 12.48 12.41 12.78 12.78 12.34 12.48 10.95 10.51 10.29 12.19 12.26 12.34 9.56 8.32 11.02 10.44 12.34 12.63 14.75 14.38 16.64 16.06 19.78 23.58 23.00 23.36 21.17 22.92 22.92 23.87 23.65 23.00 22.56 20.73 21.17 20.66 23.73 25.40 24.06 25.21 25.28 22.04 17.48 22.20 20.79 18.03 17.48 23.73 21.01 21.20 21.48 20.40
11.02 14.45 16.06 14.75 13.51 11.90 12.41 11.39 11.46 11.46 10.15 11.61 10.80 14.02 13.51 15.91 12.12 12.70 10.29 11.61 11.75 11.90 9.71 9.71 9.56 10.73 11.32 11.90 10.95 11.24 12.12 11.83 12.56 11.83 11.32 11.32 12.05 10.80 11.17 10.37 10.73 10.44 11.39 8.76 9.56 7.37 9.78 11.39 11.17 12.05 12.41 12.41 12.48 13.51 16.50 15.77 18.98 21.83 22.56 22.70 22.70 22.70 22.70 23.07 23.00 22.34 23.65 23.36 23.29 24.36 24.04 24.04 22.16 23.76 19.76 24.18 19.50 17.39 21.51 21.48 19.81 21.02 19.53 22.93
9.56 12.70 11.17 13.58 15.40 14.09 13.87 12.48 12.78 12.78 12.41 16.50 17.16 17.08 17.08 18.03 14.38 13.87 14.89 14.38 15.91 16.57 12.19 13.14 10.66 10.07 10.59 8.61 9.64 9.71 10.73 11.90 11.97 10.88 10.80 10.80 11.17 9.42 9.78 9.86 9.56 8.69 5.91 6.28 6.64 9.56 9.34 11.32 11.61 11.68 12.05 12.56 12.05 12.34 13.94 17.23 16.72 18.69 23.21 22.19 22.19 23.43 23.36 23.29 21.24 22.78 22.19 23.00 23.36 23.87 24.38 24.82 24.24 24.67 23.29 24.41 18.05 27.90 28.96 21.32 22.18 19.50 17.93 19.96
7.59 10.00 9.05 12.19 11.39 13.14 14.09 14.31 15.33 15.33 15.26 16.57 20.88 21.53 18.98 19.27 15.77 16.35 20.29 18.91 19.42 20.59 15.70 16.13 9.86 9.20 9.42 7.74 8.83 10.59 9.86 12.34 11.32 11.97 10.88 10.88 9.49 10.00 7.23 4.53 6.42 6.94 5.33 6.64 6.42 9.13 11.68 11.68 12.05 11.32 12.26 12.19 12.48 11.46 12.85 11.97 16.06 18.69 18.98 20.66 20.66 22.48 22.92 18.32 18.54 18.54 20.15 22.41 21.02 21.10 24.16 23.73 24.82 24.97 26.78 28.78 32.22 23.61 31.78 24.22 23.80 18.28 20.58 18.91
6.42 8.40 8.32 11.24 12.85 12.63 13.65 14.97 16.21 16.21 16.50 18.61 18.25 20.22 15.70 14.97 15.77 15.26 21.68 19.64 21.75 18.83 11.53 8.91 9.42 9.20 8.32 8.10 9.71 12.12 12.12 12.41 10.59 10.22 10.29 10.29 9.20 5.18 5.91 4.09 4.16 5.18 4.02 6.06 8.10 7.88 10.15 10.51 9.93 10.15 11.39 12.05 12.41 12.34 13.29 16.21 15.91 16.72 17.59 12.92 12.92 11.17 14.23 13.65 16.79 12.78 15.04 19.27 18.47 20.44 17.89 20.37 21.75 23.87 25.78 26.45 32.20 29.38 31.49 20.56 19.10 18.68 22.20 22.07
6.42 8.40 8.32 11.24 12.85 12.63 13.65 14.97 16.21 16.21 16.50 18.61 18.25 20.22 15.70 14.97 15.77 15.26 21.68 19.64 21.75 18.83 11.53 8.91 9.42 9.20 8.32 8.10 9.71 12.12 12.12 12.41 10.59 10.22 10.29 10.29 9.20 5.18 5.91 4.09 4.16 5.18 4.02 6.06 8.10 7.88 10.15 10.51 9.93 10.15 11.39 12.05 12.41 12.34 13.29 16.21 15.91 16.72 17.59 12.92 12.92 11.17 14.23 13.65 16.79 12.78 15.04 19.27 18.47 20.44 17.89 20.37 21.75 23.87 24.75 26.60 25.01 25.85 26.37 23.93 23.36 19.08 17.39 20.36
2.48 3.72 7.01 9.71 11.75 13.87 14.53 14.53 14.53 14.53 15.04 15.77 16.50 14.75 15.77 13.36 14.31 13.07 19.78 17.89 13.80 16.28 11.24 9.71 10.73 10.29 13.72 12.12 12.05 13.07 11.24 10.15 10.66 8.18 4.96 4.96 5.62 3.72 4.38 4.82 4.74 5.26 5.77 5.77 7.45 7.74 6.72 9.86 9.05 9.27 10.22 11.32 11.17 11.90 15.04 14.16 16.06 13.21 10.66 11.39 11.39 8.18 6.64 0.00 7.66 8.76 11.39 13.51 13.87 17.01 14.89 15.99 19.78 19.86 24.67 22.74 23.21 31.99 29.31 22.98 24.44 18.02 18.66 19.86
2.92 1.97 3.87 5.91 9.49 12.99 12.70 15.18 14.60 14.60 15.11 18.76 16.86 15.70 13.87 14.45 12.56 14.09 15.91 15.77 13.72 10.29 10.59 11.90 12.63 14.09 13.58 14.97 13.43 10.88 11.24 7.30 5.48 6.13 3.87 3.87 4.60 6.64 6.13 7.88 5.18 5.33 5.84 7.45 7.30 7.74 5.18 5.69 7.23 6.64 9.34 9.34 12.26 11.61 14.45 15.40 15.40 13.43 8.18 2.34 2.34 0.00 0.00 0.00 4.02 7.52 9.93 12.26 12.48 13.51 13.94 16.50 19.64 21.61 19.99 24.05 25.79 27.78 28.48 25.21 22.87 15.50 19.98 22.59
0.22 0.88 3.80 2.77 6.79 4.89 10.22 16.21 19.64 19.64 19.71 19.86 18.61 15.70 13.36 13.87 13.07 14.09 15.84 14.09 14.60 12.70 12.63 12.78 12.99 12.78 13.94 13.43 13.29 10.29 6.06 6.86 4.16 4.16 3.87 3.87 4.60 7.74 9.64 10.44 8.91 6.86 5.04 5.99 5.48 3.87 4.38 3.21 4.38 6.28 5.77 7.88 9.64 9.86 12.92 13.36 7.59 4.38 2.70 3.14 3.14 0.00 0.00 5.69 7.45 9.42 8.83 13.14 13.14 13.29 14.67 14.89 18.01 21.90 25.42 25.96 29.57 25.72 18.18 21.68 18.91 17.82 15.23 17.81
1.90 0.95 0.95 1.68 5.26 10.44 9.27 10.15 18.32 18.32 19.93 14.89 14.82 15.55 11.32 12.34 12.05 13.36 14.16 11.68 12.78 12.63 13.07 11.97 10.37 10.51 11.83 11.97 8.47 9.56 4.96 4.09 4.23 6.28 8.32 8.32 9.49 8.03 11.53 10.00 10.66 8.25 6.57 7.23 7.01 7.59 6.50 5.91 5.69 5.40 4.31 5.91 6.94 6.64 9.13 6.79 7.66 4.45 3.80 5.40 5.40 5.77 6.06 5.77 6.72 8.32 9.64 10.51 12.92 15.70 18.18 18.61 20.62 25.62 25.86 25.67 21.10 19.05 16.70 16.78 15.33 10.85 14.04 14.71
2.41 1.31 0.37 0.80 3.29 0.58 5.69 4.02 11.90 11.90 10.44 12.78 12.48 10.15 10.07 10.73 7.74 10.44 10.95 7.74 11.61 9.64 9.64 11.17 8.03 5.91 5.40 10.15 7.37 5.33 6.06 4.82 7.88 7.23 9.71 9.71 9.49 8.98 11.24 9.93 8.61 7.96 8.18 8.10 9.27 9.42 9.78 8.83 7.81 5.26 5.91 5.40 6.13 7.01 6.64 6.28 5.04 5.11 6.20 5.84 5.84 6.94 7.23 6.57 7.88 10.29 14.09 12.26 14.53 17.81 22.16 24.96 26.71 24.56 25.95 23.46 19.54 15.94 13.60 7.89 8.04 8.49 10.20 5.09
2.41 1.31 0.37 0.80 3.29 0.58 5.69 4.02 11.90 11.90 10.44 12.78 12.48 10.15 10.07 10.73 7.74 10.44 10.95 7.74 11.61 9.64 9.64 11.17 8.03 5.91 5.40 10.15 7.37 5.33 6.06 4.82 7.88 7.23 9.71 9.71 9.49 8.98 11.24 9.93 8.61 7.96 8.18 8.10 9.27 9.42 9.78 8.83 7.81 5.26 5.91 5.40 6.13 7.01 6.64 6.28 5.04 5.11 6.20 5.84 5.84 6.94 7.23 6.57 7.88 10.29 14.09 12.26 14.53 17.81 22.28 24.70 24.15 27.36 27.69 27.38 22.68 15.42 14.21 7.66 8.51 10.07 9.31 4.32
0.00 0.00 0.00 0.00 0.00 0.00 1.97 3.87 8.83 8.83 7.52 10.44 5.77 8.76 6.79 6.79 7.08 5.91 5.33 5.26 5.55 6.13 3.87 3.94 5.69 4.02 5.91 5.55 7.45 6.50 7.08 6.42 10.15 11.39 9.64 9.64 10.22 8.83 10.59 12.56 12.26 12.85 15.26 11.32 12.26 13.58 13.14 13.36 12.05 7.15 6.72 3.50 4.45 1.68 1.83 5.26 6.42 6.35 7.23 10.59 10.64 10.12 7.26 10.15 12.99 16.21 16.21 18.61 17.39 22.49 20.94 25.44 30.25 36.20 30.44 26.81 19.68 11.61 9.25 7.25 6.62 3.16 2.10 1.70
0.00 0.00 0.44 0.00 0.00 0.00 0.00 0.00 4.45 4.45 0.00 4.38 4.53 6.86 6.64 6.50 6.42 6.35 6.57 6.28 6.64 4.16 2.56 2.77 2.85 2.48 5.48 6.79 6.79 6.06 4.60 5.84 5.11 7.08 9.64 9.64 10.00 9.78 13.21 15.40 14.02 15.55 16.13 19.93 18.76 19.42 18.47 16.35 11.83 8.40 8.91 3.80 1.17 0.66 0.58 1.90 5.77 10.73 11.68 10.95 10.95 11.17 12.05 11.10 12.19 13.29 18.40 19.71 21.68 22.27 24.97 27.32 24.55 24.96 27.72 8.29 7.11 6.71 6.36 8.54 4.40 2.49 0.71 1.73
2.26 4.82 1.90 0.07 0.00 0.00 0.00 0.00 2.12 2.12 0.00 2.77 0.00 0.00 5.40 6.13 7.59 7.88 8.03 6.64 4.96 6.42 3.94 4.82 8.61 7.23 6.64 9.34 8.18 6.13 4.31 4.23 7.23 11.17 10.66 10.66 13.21 15.77 14.60 18.40 16.28 16.13 15.91 17.96 18.47 16.94 15.55 15.99 12.34 9.13 7.23 8.03 4.31 3.14 4.45 3.14 9.34 8.25 11.32 11.32 11.32 10.29 11.68 13.07 16.64 18.32 20.73 22.92 24.53 26.28 24.67 26.60 24.64 17.24 10.35 6.83 5.28 5.24 3.91 3.41 3.27 1.42 0.38 0.00
5.77 6.64 3.80 1.75 2.04 0.00 0.00 2.34 2.70 2.70 0.00 0.00 0.00 2.48 5.04 4.82 5.48 7.81 5.11 5.48 6.13 7.74 9.56 7.81 10.66 14.82 12.99 12.41 12.05 9.78 10.07 6.13 8.69 12.78 13.58 13.58 14.24 14.16 13.87 12.85 15.40 13.36 16.13 16.57 16.94 15.62 15.04 13.51 13.72 12.99 15.55 14.53 9.20 5.55 6.13 3.14 7.52 11.68 11.24 9.71 9.71 10.15 12.48 12.34 15.84 20.22 19.93 22.48 27.01 25.77 25.04 24.11 31.13 17.24 11.79 3.48 4.77 2.76 2.25 1.43 0.08 0.00 0.00 0.00
5.62 1.90 2.77 1.83 2.04 0.00 0.00 0.00 0.00 0.00 0.00 0.00 0.00 1.68 3.07 0.00 0.00 4.89 4.31 5.33 7.01 8.10 9.42 11.75 11.32 14.09 14.24 14.09 14.82 11.68 10.59 12.19 11.68 14.09 14.75 14.75 14.53 14.67 13.80 13.29 14.38 17.08 16.50 19.20 20.22 18.91 19.42 19.13 20.66 18.10 16.43 16.50 13.65 8.61 10.29 10.44 12.26 11.68 13.94 14.53 14.53 11.75 12.48 12.70 15.33 18.47 16.72 19.71 20.51 23.65 17.16 23.87 26.85 10.35 5.08 2.09 1.76 1.59 1.59 0.00 0.00 0.00 0.00 0.00
2.12 0.29 0.58 0.00 0.00 0.00 0.00 0.00 0.00 0.00 0.00 0.00 0.00 0.00 0.00 0.00 0.00 0.00 2.77 3.43 7.15 8.76 8.69 7.96 12.99 11.39 11.68 8.40 8.91 8.91 8.83 10.88 14.45 15.77 14.67 14.67 15.18 14.45 15.11 14.89 16.64 17.96 20.66 20.37 22.05 21.83 21.17 22.63 22.41 22.41 17.52 18.54 16.72 15.99 14.09 13.65 13.94 14.45 15.04 13.21 13.21 10.95 10.51 12.26 10.22 12.41 10.80 23.00 17.96 20.66 21.75 9.10 5.29 0.52 0.07 0.39 0.57 0.00 0.00 0.00 0.00 0.00 0.00 0.00
2.12 0.29 0.58 0.00 0.00 0.00 0.00 0.00 0.00 0.00 0.00 0.00 0.00 0.00 0.00 0.00 0.00 0.00 2.77 3.43 7.15 8.76 8.69 7.96 12.99 11.39 11.68 8.40 8.91 8.91 8.83 10.88 14.45 15.77 14.67 14.67 15.18 14.45 15.11 14.89 16.64 17.96 20.66 20.37 22.05 21.83 21.17 22.63 22.41 22.41 17.52 18.54 16.72 15.99 14.09 13.65 13.94 14.45 15.04 13.21 13.21 10.95 10.51 12.26 10.22 12.41 10.80 23.00 17.96 20.66 21.75 9.05 5.21 0.51 0.07 0.41 0.50 0.00 0.00 0.00 0.00 0.00 0.00 0.00
0.00 0.00 0.00 0.00 0.00 0.00 0.00 0.00 0.00 0.00 0.00 0.00 0.00 0.00 0.00 0.00 0.00 0.00 2.48 2.77 1.39 5.62 5.77 4.74 8.91 8.61 7.23 7.96 6.42 7.23 11.83 10.95 15.62 16.94 16.28 16.28 16.35 17.23 17.96 19.56 18.91 21.10 21.97 23.51 23.36 24.16 23.14 22.85 25.26 22.27 19.13 19.71 19.56 17.89 16.79 15.40 12.78 13.07 13.14 12.56 12.56 12.63 11.02 9.27 9.05 10.07 10.29 11.46 11.97 11.61 16.79 4.60 2.63 0.37 0.22 0.15 0.00 0.00 0.00 0.00 0.00 0.00 0.00 0.00
