Wansh/Snow_depth/snowdepth-1996/winter/1997026.txt
ncols 321
nrows 161
xllcenter 60
yllcenter 15 
cellsize  0.25 
NODATA_value -1
[rows 74 to 110 of 161, columns 84 to 167 of 321]
0.00 0.00 0.00 0.00 2.70 0.44 0.51 0.00 0.00 0.29 1.02 2.56 3.21 4.38 4.16 5.33 4.53 4.53 4.53 4.74 4.53 0.00 3.21 0.00 3.65 3.36 2.63 3.07 0.00 2.99 0.00 3.72 2.99 1.97 1.83 3.43 3.29 4.02 3.29 3.43 4.16 3.87 1.46 1.46 1.75 1.02 1.68 1.24 1.17 2.04 2.99 1.83 0.00 1.69 1.42 3.14 0.00 1.83 1.02 1.24 0.00 0.00 0.00 0.00 0.00 0.00 0.00 0.00 0.00 1.47 3.15 0.07 0.00 0.00 0.00 0.00 0.00 0.00 0.00 0.00 0.00 0.15 0.00 0.00
1.68 0.29 0.22 1.97 4.38 2.99 2.04 2.41 0.37 3.72 4.02 3.36 4.67 4.96 4.74 4.60 5.18 5.04 5.04 4.60 4.38 3.72 3.58 4.09 4.96 5.18 3.65 3.94 3.50 0.00 0.00 0.00 3.50 3.43 2.77 4.67 4.82 5.18 5.11 5.11 2.12 1.90 2.77 2.77 1.83 1.02 1.17 1.90 1.17 1.75 2.19 1.39 1.90 1.53 1.68 1.31 2.63 1.75 1.10 1.39 1.46 1.53 1.02 0.44 0.00 0.00 0.00 0.00 0.00 0.73 4.45 2.12 0.44 0.00 0.00 0.00 0.00 0.00 0.00 0.00 0.00 0.00 0.00 0.59
4.09 4.60 2.99 2.34 4.60 4.23 6.28 3.72 6.42 5.26 4.96 5.18 4.82 6.06 5.55 4.89 5.55 5.84 5.84 0.00 3.80 3.58 3.43 3.29 4.02 0.00 0.00 3.50 0.00 0.00 0.00 0.00 4.02 3.72 5.48 4.23 4.82 4.31 5.84 5.69 3.72 5.04 2.41 2.41 1.97 1.90 2.41 2.99 3.43 0.44 1.68 1.75 1.31 1.90 1.46 1.61 1.46 1.24 0.88 2.19 1.90 1.46 1.02 2.19 0.22 0.00 1.53 2.34 2.34 1.61 5.18 4.02 1.31 0.22 0.15 0.00 0.00 0.00 0.00 0.00 0.00 0.00 0.37 0.08
4.96 5.48 4.45 4.09 4.82 5.48 6.20 5.77 6.35 7.15 6.64 5.40 6.50 6.94 6.79 6.35 6.28 5.91 5.91 3.87 3.07 2.85 3.58 3.72 4.02 0.00 4.16 3.94 0.00 0.00 0.00 0.00 0.00 5.40 4.53 3.80 3.72 0.00 4.53 5.04 3.94 4.23 4.38 4.38 3.29 2.26 4.09 4.53 3.80 3.58 1.02 3.58 2.19 1.24 2.70 1.31 1.75 2.41 0.58 2.63 1.97 1.90 1.17 1.68 1.68 1.75 3.14 3.07 3.07 4.96 4.38 4.82 2.70 1.31 0.80 0.07 0.00 0.00 0.00 0.00 0.00 0.00 0.00 0.00
9.27 8.25 6.20 6.79 6.20 5.84 5.62 5.04 6.13 6.13 5.69 7.52 6.20 6.13 6.64 7.59 7.01 6.72 6.72 4.60 4.31 4.02 4.60 4.74 3.87 3.50 3.94 0.00 0.00 0.00 0.00 0.00 0.00 0.00 3.36 0.00 0.00 0.00 2.85 4.09 3.94 4.09 3.87 3.87 3.29 4.16 0.00 3.58 5.04 4.09 4.67 3.36 3.87 2.99 3.43 3.43 2.92 3.72 2.99 3.14 2.99 3.29 2.19 2.70 1.24 2.63 4.53 4.38 4.38 5.04 4.02 3.43 2.19 1.97 3.36 1.83 0.80 0.00 0.44 0.00 0.00 0.22 0.59 0.00
10.15 5.48 7.15 6.94 7.37 5.26 4.74 4.96 4.96 5.55 4.60 5.26 6.64 6.64 5.62 6.57 7.59 6.72 6.72 5.77 4.60 0.00 4.38 4.89 3.14 2.70 3.50 0.00 0.00 0.00 0.00 0.00 0.00 0.00 0.00 0.00 0.00 1.61 0.00 3.58 4.31 3.07 0.00 0.00 0.00 0.00 0.00 0.00 0.00 0.00 0.00 0.00 0.00 4.16 3.50 2.77 3.14 2.41 3.87 4.31 4.16 3.58 2.63 3.50 5.40 5.11 4.53 4.53 4.53 6.28 3.50 5.18 5.40 5.84 4.55 1.97 1.61 0.00 0.22 0.15 0.00 0.44 0.07 0.00
5.04 3.43 4.96 6.28 5.26 6.13 4.45 5.04 4.67 4.96 4.89 4.89 5.77 6.28 5.33 5.69 6.50 5.62 5.62 6.57 4.60 4.38 4.60 3.94 3.14 3.14 3.50 0.00 0.00 0.00 0.00 0.00 0.00 0.00 0.00 0.00 0.00 0.00 2.85 3.14 3.29 3.07 0.00 0.00 0.00 0.00 0.00 0.00 0.00 0.00 0.00 0.00 0.00 0.00 3.14 0.00 2.56 1.83 3.65 3.58 3.72 3.58 2.92 2.77 4.74 1.53 0.00 4.23 4.23 4.31 3.58 6.06 8.10 8.32 7.01 3.82 1.87 1.61 1.02 0.88 0.37 0.00 1.10 0.00
2.56 3.43 4.53 0.00 6.57 6.79 5.99 4.38 4.23 4.82 4.74 5.11 4.89 5.11 5.62 5.26 5.40 5.62 5.62 4.45 4.16 0.00 4.31 0.00 0.00 0.00 0.00 0.00 0.00 0.00 0.00 0.00 0.00 0.00 0.00 0.00 0.00 0.00 0.00 0.00 2.56 2.77 0.00 0.00 0.00 0.00 0.00 0.00 0.00 0.00 0.00 0.00 0.00 0.00 0.00 0.00 0.88 2.04 3.21 2.12 4.38 3.43 2.48 1.90 1.68 0.00 0.00 2.77 2.77 3.87 3.50 5.48 9.56 12.19 11.46 5.06 1.92 1.61 0.83 0.22 0.00 0.00 0.00 0.00
3.14 4.31 4.45 5.55 4.60 5.04 4.16 0.00 0.00 4.31 4.60 5.18 5.62 5.48 4.96 5.69 5.26 5.62 5.62 2.70 2.56 3.36 0.00 0.00 0.00 0.00 4.09 0.00 0.00 0.00 0.00 0.00 0.00 0.00 2.19 2.34 0.00 0.00 0.00 0.00 0.00 0.00 0.00 0.00 0.00 0.00 0.00 0.00 0.00 0.00 0.00 0.00 1.68 0.00 1.53 2.41 2.19 1.83 1.90 2.85 2.92 2.77 2.92 2.41 0.66 0.66 1.46 2.70 2.70 3.50 3.87 5.48 14.02 13.29 12.85 6.42 2.85 2.12 1.46 0.66 0.44 0.58 0.58 1.31
4.74 3.21 4.23 4.74 4.60 4.82 0.00 0.00 0.00 4.02 4.60 5.69 4.16 5.26 5.91 5.33 5.26 4.16 4.16 3.14 3.14 2.77 3.07 0.00 0.00 3.65 3.80 4.02 0.00 0.00 0.00 0.00 0.00 0.00 0.00 2.41 0.00 0.00 0.00 0.00 0.00 0.00 2.77 2.77 0.00 0.00 0.00 0.00 0.00 0.00 0.00 1.10 0.80 1.02 1.97 1.61 2.12 1.75 1.53 2.56 2.26 1.83 2.70 2.48 2.19 1.97 2.04 2.63 2.63 3.07 2.85 2.85 10.07 9.71 5.77 3.58 2.48 2.19 1.17 0.66 0.58 0.29 0.51 0.37
3.58 3.58 3.07 4.31 3.72 3.50 0.00 0.00 0.00 4.09 3.72 0.00 3.72 4.67 5.77 0.00 4.60 5.18 5.18 4.45 2.77 3.94 2.63 2.85 3.29 2.92 3.14 3.72 0.00 0.00 0.00 0.00 0.00 0.00 3.36 0.00 0.00 0.80 0.07 0.00 0.00 0.00 0.00 0.00 0.00 0.00 0.00 0.00 0.00 0.00 1.46 1.02 0.73 0.73 0.88 1.75 1.97 1.97 1.02 1.53 1.10 1.02 2.19 2.41 1.97 1.97 1.90 2.12 2.12 2.41 1.97 2.56 4.31 5.48 4.82 2.85 2.19 3.14 2.77 2.48 2.41 1.39 1.31 0.44
1.97 3.07 3.65 4.16 3.21 3.07 0.00 0.00 3.87 0.00 0.00 0.00 0.00 0.00 0.00 4.02 3.94 3.72 3.72 3.65 4.09 5.33 3.94 2.99 2.85 3.29 4.16 4.23 0.00 0.00 0.00 4.45 3.36 3.43 0.00 0.00 0.00 0.58 1.83 0.00 0.00 0.00 0.00 0.00 2.12 0.00 1.53 1.46 0.00 0.00 1.75 1.24 0.66 0.95 1.61 1.46 1.97 1.39 1.61 0.73 1.10 2.31 2.71 3.36 1.97 1.83 1.83 2.19 2.19 2.70 2.77 2.48 2.12 2.92 3.65 2.26 3.07 3.65 3.36 3.21 2.77 2.56 1.53 0.51
2.04 2.85 3.65 3.07 3.43 2.04 0.00 0.00 0.00 2.63 3.43 0.00 0.00 0.00 0.00 2.56 4.45 4.31 4.31 4.45 5.48 5.77 5.48 4.45 3.21 4.02 4.53 5.40 5.04 5.55 5.11 4.23 3.94 3.14 0.00 0.00 0.00 0.00 0.00 4.89 5.26 2.77 1.17 1.17 1.61 1.68 2.70 2.26 1.61 1.90 0.66 0.80 1.75 4.45 7.08 9.20 7.52 5.91 6.94 2.19 1.90 2.99 2.91 3.29 3.65 2.99 3.07 1.97 1.97 2.92 4.60 7.45 3.72 1.90 1.61 1.83 2.56 2.12 2.41 2.99 2.92 3.72 2.70 1.17
3.29 2.77 2.85 3.65 3.50 1.68 0.00 0.00 0.00 0.00 0.00 0.00 0.00 0.00 0.00 0.00 5.26 4.23 4.23 4.53 4.31 5.48 4.38 4.53 0.00 3.43 3.72 5.11 5.26 5.04 4.45 0.00 3.36 0.00 0.00 0.00 0.00 0.00 5.40 6.35 6.06 1.97 2.92 2.92 2.04 3.36 2.92 2.56 2.26 2.41 1.68 1.75 1.02 4.02 5.33 7.01 6.35 9.20 7.52 4.60 2.70 1.97 3.14 3.29 4.00 3.65 4.53 2.34 2.34 3.43 5.04 7.23 6.06 3.80 2.70 2.63 2.19 1.90 2.63 4.02 3.94 2.92 2.12 1.61
3.36 2.19 2.99 3.21 2.34 0.00 1.83 0.00 0.00 0.00 0.00 0.00 1.61 0.00 0.00 4.02 4.96 5.11 5.11 5.33 5.11 4.89 4.53 0.00 4.38 4.38 4.09 3.43 0.00 3.72 2.63 3.50 3.80 4.31 0.00 3.36 2.85 4.96 2.70 4.09 3.87 0.00 0.00 0.00 3.94 3.87 2.48 2.41 4.53 2.26 1.53 2.41 2.26 2.48 4.45 6.50 5.55 7.45 6.72 5.62 2.12 2.19 2.63 5.04 5.09 6.80 7.74 3.80 3.80 4.02 3.58 5.91 7.81 6.20 3.80 2.48 2.70 2.26 2.19 3.29 4.09 3.14 3.14 2.77
2.85 2.19 2.04 0.00 0.00 0.00 0.00 0.00 0.00 0.00 0.00 0.00 0.00 3.14 2.63 3.36 4.38 4.67 4.67 5.33 4.60 5.26 3.80 3.72 4.38 4.67 3.80 3.80 3.07 3.07 3.29 4.16 4.82 4.82 4.96 2.04 2.99 2.19 0.00 2.92 0.00 0.00 0.00 0.00 3.07 5.62 6.06 4.53 6.50 5.62 3.14 4.82 3.50 2.70 7.08 5.04 6.79 5.62 5.41 6.05 1.90 1.75 3.20 6.42 7.86 10.46 12.68 6.35 6.35 5.33 5.62 5.99 5.69 5.91 4.09 2.85 2.63 2.92 2.70 2.75 3.47 3.24 2.57 2.20
2.85 1.83 1.39 0.00 0.00 0.00 0.00 0.00 0.00 0.00 0.15 0.00 0.00 1.68 2.56 0.00 5.18 5.40 5.40 4.60 4.60 4.45 3.65 3.72 4.02 3.72 3.94 3.36 2.34 3.21 3.50 4.60 4.31 4.09 2.34 0.00 0.00 2.26 0.00 0.00 0.00 0.00 0.00 0.00 3.94 5.48 6.28 6.86 7.01 6.94 5.69 7.52 7.23 9.86 7.45 10.22 5.48 6.79 3.07 3.65 2.86 1.97 2.58 6.06 9.05 12.92 15.56 10.79 10.45 7.26 6.06 6.57 7.08 4.31 3.29 3.36 3.29 3.50 2.37 3.52 2.61 2.92 3.16 3.25
1.17 1.53 2.56 1.83 0.80 0.73 0.80 0.00 0.00 0.00 0.00 0.00 0.00 0.88 1.75 0.00 0.00 4.09 4.09 4.09 4.02 0.00 0.00 0.00 3.43 0.00 3.36 2.34 2.26 2.77 3.50 3.36 0.00 2.48 0.00 1.90 0.00 0.00 0.00 0.00 0.00 0.00 0.00 0.00 1.17 2.63 4.45 5.77 4.45 5.77 7.74 10.15 13.07 12.99 12.41 14.97 9.64 10.07 4.65 4.06 6.13 3.87 5.59 10.42 9.58 13.41 15.04 14.31 14.38 12.70 7.04 7.66 8.83 6.94 4.18 3.14 4.09 3.50 4.62 4.63 3.86 3.14 3.89 3.99
1.97 2.26 2.26 1.68 0.80 1.24 1.24 0.80 0.00 0.00 0.00 0.15 0.44 0.00 0.00 0.00 3.58 3.50 3.50 3.80 3.14 0.00 0.00 0.00 0.00 0.00 0.00 2.92 0.00 1.02 0.00 0.00 0.00 0.00 0.00 0.00 0.00 0.00 0.00 0.00 0.00 0.00 0.00 0.00 0.29 1.02 1.61 2.56 3.94 5.62 6.57 9.86 10.95 15.18 17.08 20.00 15.99 20.08 8.98 8.46 12.02 6.42 5.79 9.37 15.36 14.12 9.28 8.54 8.54 10.17 6.29 7.57 10.12 8.23 7.19 5.09 4.38 4.22 5.27 6.48 6.16 4.74 4.63 5.57
1.75 2.04 1.53 2.04 0.51 0.80 1.10 0.58 0.00 0.00 0.51 0.00 0.44 0.66 0.00 1.53 2.63 2.92 2.92 3.21 2.34 0.00 0.00 0.00 0.00 0.00 0.00 0.00 0.00 0.80 0.00 0.00 0.00 0.00 0.00 0.00 0.00 0.00 0.00 0.00 0.00 0.00 0.37 0.37 0.22 0.66 1.24 1.90 3.80 4.60 5.99 7.23 9.42 12.92 17.23 19.20 21.49 24.31 17.74 18.83 17.96 9.36 8.21 8.15 12.79 10.41 7.19 5.84 5.84 5.24 6.92 9.91 10.23 10.86 9.49 7.34 6.79 5.41 5.89 5.42 5.96 8.21 6.97 6.87
2.41 1.61 1.97 1.02 0.66 0.80 0.00 0.00 0.00 0.00 0.15 0.00 0.00 0.00 1.46 1.97 2.63 2.26 2.26 2.48 2.48 2.85 2.04 0.00 0.00 1.83 1.31 0.00 0.00 0.00 0.00 0.00 0.00 0.00 0.00 0.00 0.00 0.00 0.00 0.00 0.00 0.00 0.29 0.29 0.00 0.44 1.83 2.77 3.72 4.67 7.81 6.86 11.10 11.29 15.67 17.49 22.95 25.48 24.67 25.62 17.37 12.40 9.45 7.10 8.79 9.36 7.96 4.45 4.48 4.35 6.42 6.57 7.99 9.84 10.12 8.98 7.00 7.41 6.09 5.27 6.07 6.52 7.10 5.90
2.63 2.92 1.53 0.22 0.88 1.02 0.00 0.00 0.00 0.00 0.73 0.00 0.00 0.00 0.00 1.83 2.48 0.00 0.00 0.00 2.77 1.68 0.00 0.00 0.00 2.34 1.46 1.10 0.73 0.00 0.00 0.00 0.00 0.00 0.00 0.00 3.43 0.00 0.00 0.00 0.00 0.00 0.07 0.07 0.22 1.02 2.85 3.36 4.67 12.26 12.85 12.41 10.07 16.82 19.84 17.84 25.01 21.78 25.05 18.21 13.72 10.42 12.31 7.77 7.30 6.57 7.26 4.26 4.26 2.14 4.93 4.06 4.89 10.68 9.61 8.58 7.45 7.10 4.42 4.60 6.10 7.19 6.45 3.75
2.77 1.90 1.83 0.00 1.46 1.83 1.90 0.00 1.53 1.39 1.75 0.00 0.00 0.00 1.39 1.61 2.04 0.00 0.00 0.00 0.00 0.00 0.00 0.00 0.00 2.19 1.83 2.12 0.22 0.00 0.44 0.00 0.00 2.85 0.00 2.92 0.00 0.00 0.00 0.00 0.00 0.73 1.46 1.46 2.12 1.39 5.18 5.91 10.37 16.79 14.60 14.97 13.72 18.71 17.80 20.68 17.74 15.98 20.46 16.28 17.13 13.69 12.94 6.26 6.40 7.26 7.98 4.52 4.45 2.08 2.43 2.52 3.26 6.78 7.23 6.38 5.85 5.32 3.86 3.20 4.36 5.64 6.39 4.99
2.63 0.80 1.02 1.10 1.90 2.12 2.19 4.53 3.80 2.56 3.65 0.58 0.00 0.95 2.26 0.00 0.00 0.00 0.00 0.00 0.00 0.00 0.00 0.00 0.00 0.00 2.19 2.19 0.00 0.80 1.39 0.00 0.00 2.04 2.12 0.00 0.00 0.00 0.00 0.00 0.00 5.11 5.84 5.84 3.65 3.94 12.19 15.70 17.59 17.74 17.99 18.01 17.05 20.78 18.79 15.99 14.24 14.38 14.29 14.14 14.23 14.29 14.68 8.91 6.60 5.87 3.71 1.88 1.83 1.17 1.31 2.87 4.84 5.14 5.50 3.94 4.28 2.66 3.65 2.98 3.30 4.47 6.42 4.74
2.63 2.48 0.80 7.30 6.57 6.28 14.02 13.51 11.46 10.80 8.47 9.20 6.86 3.29 5.84 2.92 2.41 2.41 2.41 1.68 0.00 0.00 0.00 0.95 1.97 1.46 1.10 0.88 1.39 1.53 1.10 0.66 1.75 2.26 1.97 1.39 0.00 0.00 1.68 4.02 4.53 2.99 5.69 5.69 11.17 12.34 16.50 17.08 11.97 13.58 17.31 16.95 18.98 16.12 14.68 14.45 13.92 17.05 16.75 17.97 15.85 14.83 13.27 12.49 8.83 6.75 3.53 2.62 2.58 0.37 0.58 1.59 2.04 6.06 5.09 3.14 1.13 0.99 2.00 0.63 0.72 2.27 2.76 2.60
7.15 5.33 4.89 3.21 12.99 13.29 16.64 15.04 13.51 10.80 12.34 10.37 12.41 7.66 9.64 3.94 3.87 3.29 3.29 2.12 1.90 1.39 0.00 0.73 1.97 0.37 1.02 1.10 0.95 0.80 0.95 0.66 2.04 1.90 1.90 1.17 2.85 1.68 1.68 1.68 3.07 4.09 8.32 8.32 10.44 6.57 11.75 13.51 11.97 10.72 11.21 12.46 9.71 12.31 12.37 14.88 12.48 17.44 17.47 21.27 16.15 16.26 11.54 7.38 6.35 6.35 4.84 2.24 2.21 0.07 0.00 0.56 0.62 4.78 5.51 3.29 0.96 0.22 0.38 0.55 0.21 0.49 1.56 2.51
6.57 8.40 8.18 9.56 14.02 16.94 15.33 14.97 11.32 9.86 11.46 14.38 12.56 11.17 6.64 5.77 3.50 2.34 2.34 1.61 1.97 1.68 1.75 1.10 1.24 1.31 0.00 0.95 0.80 0.80 0.95 0.00 0.44 1.83 1.46 2.19 3.43 0.00 0.51 2.12 0.29 2.41 3.80 3.80 7.01 2.41 3.80 4.42 9.08 12.03 9.96 11.53 10.18 10.85 10.57 11.72 8.84 14.79 14.14 21.81 19.55 18.62 12.12 8.03 6.86 4.39 3.05 0.37 0.41 0.00 0.52 0.00 1.16 1.96 4.12 5.09 1.75 1.31 0.00 0.33 0.10 0.08 2.32 2.32
6.57 6.42 4.23 6.72 10.15 14.02 12.56 9.61 8.69 10.37 10.29 11.61 8.91 11.61 8.61 5.99 4.60 2.92 2.92 1.75 1.75 2.26 1.53 0.95 0.37 0.00 0.00 0.66 0.73 1.02 0.15 0.00 0.00 0.37 1.24 2.70 0.66 0.07 0.00 0.00 0.00 0.00 1.39 1.39 2.26 1.61 2.85 4.11 6.06 7.46 7.06 10.47 9.96 13.43 8.37 9.58 6.97 9.46 8.38 18.70 20.35 19.52 14.75 12.63 11.17 6.41 2.89 1.49 1.44 1.24 0.00 0.00 0.28 2.31 2.60 2.32 1.33 0.69 0.00 0.00 0.49 1.97 3.02 3.79
2.34 5.84 0.00 0.00 6.79 9.86 10.07 11.53 11.75 14.45 10.07 8.40 4.60 5.77 3.36 3.29 2.99 2.70 2.70 1.61 1.46 1.83 1.17 1.31 0.88 0.00 0.22 0.95 0.07 0.88 0.22 0.00 0.00 0.00 0.29 0.80 0.22 0.00 0.00 0.00 0.00 0.00 0.00 0.00 0.22 2.04 3.94 3.72 5.62 6.28 5.41 7.49 7.42 10.31 9.51 9.28 7.38 7.62 8.49 14.42 14.30 15.99 19.34 18.35 17.68 5.64 4.02 3.22 3.24 2.22 0.61 0.00 0.00 0.99 1.36 2.24 1.56 0.66 0.29 0.00 0.00 1.39 2.07 3.65
0.00 2.26 0.00 0.00 0.00 6.35 11.46 13.07 14.89 15.91 11.83 3.07 3.94 0.00 0.80 1.17 1.61 1.83 1.83 1.97 1.39 1.61 0.88 0.58 0.51 0.00 0.00 0.00 0.00 0.00 0.00 0.00 0.00 0.00 0.00 0.00 0.00 0.00 0.07 0.00 0.00 0.00 0.00 0.00 0.00 1.97 3.01 2.41 4.30 5.34 4.90 7.17 10.61 10.06 8.79 4.72 5.49 12.78 7.01 14.25 14.78 16.24 19.12 19.57 19.77 12.73 8.06 5.34 6.24 3.89 3.92 2.90 0.00 1.50 1.72 2.17 2.76 0.29 0.78 0.08 0.00 0.54 2.11 3.52
0.00 0.00 0.00 0.00 0.00 3.21 5.99 14.16 15.77 10.59 6.13 5.48 3.29 4.31 1.46 3.21 2.04 1.24 1.24 1.68 0.51 0.29 0.51 0.00 0.00 0.15 0.00 0.00 0.00 0.00 0.00 0.00 0.00 0.00 0.00 0.00 0.00 0.00 0.00 0.00 0.00 0.00 0.00 0.00 0.00 0.22 1.17 0.00 1.76 3.71 4.87 9.73 7.42 8.65 10.02 0.00 0.00 7.84 15.42 17.98 16.82 18.88 21.21 21.19 17.18 12.77 9.40 9.27 10.38 6.03 6.38 3.96 0.35 0.27 0.09 1.31 1.49 1.10 0.00 0.10 0.41 1.95 2.03 2.21
0.00 0.00 0.00 0.00 0.00 0.00 0.00 6.13 11.75 8.69 5.84 5.69 6.42 6.57 5.11 2.52 4.94 1.10 1.10 0.00 0.73 0.00 0.00 0.00 0.00 0.00 0.00 0.00 0.00 0.00 0.00 0.00 0.00 0.00 0.00 0.00 0.00 0.00 0.00 0.00 0.00 0.15 0.00 0.00 0.80 0.00 0.00 1.05 4.89 6.08 6.74 10.37 11.22 6.24 8.17 0.00 0.00 0.00 10.25 10.88 13.82 20.42 16.35 16.77 16.35 18.18 16.35 8.03 8.20 7.21 5.07 3.57 1.50 0.42 0.52 0.81 1.41 0.54 0.00 0.00 0.00 1.09 1.96 1.33
0.00 0.00 0.00 0.00 0.00 0.00 5.33 7.45 3.50 7.37 6.20 6.20 7.66 7.30 7.37 5.94 8.25 3.55 3.31 3.80 1.02 1.02 0.51 0.07 0.29 0.95 0.07 0.00 0.00 0.00 0.00 0.00 0.00 0.07 0.00 0.58 0.00 0.00 0.00 0.29 1.97 0.00 0.00 0.00 1.83 1.02 1.47 2.09 5.21 10.28 12.90 8.70 10.01 0.00 0.00 0.00 0.00 0.00 0.00 0.00 0.00 15.54 15.42 11.12 14.48 20.78 16.38 11.16 13.65 10.75 6.51 4.62 3.15 0.67 0.81 1.29 1.28 0.94 0.55 0.39 0.00 1.02 1.68 1.70
0.00 0.00 0.00 0.00 0.00 0.00 0.00 0.00 0.00 0.00 0.00 0.00 0.00 0.00 0.00 3.21 4.53 5.05 5.13 4.09 5.62 5.18 2.56 4.38 2.26 2.41 2.04 1.90 0.00 0.00 1.02 1.31 1.39 0.44 1.61 4.82 3.72 0.00 8.03 9.17 9.18 7.89 10.07 10.07 7.59 2.92 3.21 2.35 5.20 6.07 7.13 0.00 0.00 0.00 0.00 0.00 0.00 0.00 0.00 0.00 7.51 7.72 7.82 8.12 11.40 13.87 13.49 10.78 12.06 10.73 9.57 5.11 4.42 1.93 0.46 1.22 1.22 0.00 0.00 0.00 0.00 0.00 0.00 0.00
0.00 0.00 0.00 0.00 0.00 0.00 0.00 0.00 0.00 0.00 0.00 0.00 0.00 0.00 0.00 0.00 2.70 3.29 3.29 1.83 4.36 4.46 5.69 3.58 3.80 3.26 3.97 4.31 2.92 0.00 3.43 3.29 2.26 1.68 2.56 3.94 6.20 3.65 7.23 9.27 10.99 9.73 13.29 14.84 10.73 7.30 7.08 6.21 2.25 0.00 0.00 0.00 0.00 0.00 0.00 0.00 0.00 0.00 0.00 0.00 0.00 0.00 0.00 5.05 17.49 10.65 7.01 5.91 5.91 4.61 3.97 2.45 1.58 0.00 0.00 0.83 0.09 0.00 0.00 0.00 0.00 0.00 0.00 0.00
0.00 0.00 0.00 0.00 0.00 0.00 0.00 0.00 0.00 0.00 0.00 0.00 0.00 0.00 0.00 0.00 0.00 0.00 0.00 0.00 3.36 0.00 5.91 5.18 3.29 2.05 3.65 4.67 5.40 3.58 4.02 4.16 3.19 1.90 2.92 5.14 9.64 8.54 5.48 3.80 8.48 10.07 6.35 8.07 15.12 9.76 6.30 0.00 0.00 0.00 0.00 0.00 0.00 0.00 0.00 0.00 0.00 0.00 0.00 0.00 0.00 0.00 0.00 0.00 7.01 3.65 0.00 0.00 0.00 0.00 0.00 0.00 0.00 0.00 0.00 0.00 0.00 0.00 0.00 0.00 0.00 0.00 0.00 0.00
0.00 0.00 0.00 0.00 0.00 0.00 0.00 0.00 0.00 0.00 0.00 0.00 0.00 0.00 0.00 0.00 0.00 0.00 0.00 0.00 0.00 0.00 4.09 2.04 0.00 0.00 0.00 1.53 3.94 0.00 3.50 3.46 3.23 1.83 0.00 3.77 5.33 8.32 0.00 0.00 0.00 5.91 0.00 0.00 6.38 5.73 1.69 0.00 0.00 0.00 0.00 0.00 0.00 0.00 0.00 0.00 0.00 0.00 0.00 0.00 0.00 0.00 0.00 0.00 0.00 0.00 0.00 0.00 0.00 0.00 0.00 0.00 0.00 0.00 0.00 0.00 0.00 0.00 0.00 0.00 0.00 0.00 0.00 0.00
