Wansh/Snow_depth/snowdepth-1996/winter/1997012.txt
ncols 321
nrows 161
xllcenter 60
yllcenter 15 
cellsize  0.25 
NODATA_value -1
[rows 0 to 36 of 161, columns 0 to 83 of 321]
3.94 3.94 3.43 7.15 4.96 5.77 6.94 6.42 8.03 8.18 6.57 7.15 7.15 7.08 6.50 6.79 6.57 6.72 6.64 6.94 7.08 6.64 6.72 6.42 7.23 7.23 7.23 6.72 7.23 7.37 6.79 6.72 6.72 7.30 8.61 8.69 8.76 8.32 8.98 9.05 9.71 9.71 9.05 9.71 9.42 8.91 8.69 9.49 10.44 10.07 10.29 10.29 9.49 8.83 8.69 9.05 9.05 10.15 10.15 11.68 10.66 13.58 13.58 13.51 13.51 11.90 12.85 12.85 12.70 11.17 11.90 10.15 12.48 15.84 15.11 15.04 15.04 13.87 15.33 14.38 13.87 17.37 17.81 17.59
6.86 6.86 7.59 6.94 9.13 9.13 8.10 8.18 8.25 7.08 6.50 6.57 5.48 5.48 6.28 5.99 6.20 6.06 6.57 6.42 7.59 7.81 6.79 7.08 6.94 7.52 7.52 6.79 7.01 7.23 7.15 7.59 6.06 6.86 6.94 7.30 8.40 8.40 8.61 8.61 8.03 8.83 8.91 9.78 8.10 8.03 8.18 9.20 8.98 9.93 9.34 9.34 12.99 8.61 10.15 10.80 12.56 13.43 12.85 12.41 13.94 13.07 12.92 13.43 13.21 12.78 13.14 10.00 10.80 9.56 10.22 10.15 11.46 13.72 14.67 15.48 15.48 15.26 15.84 15.11 15.84 17.23 18.25 17.52
8.40 8.40 8.18 8.61 9.13 9.20 8.32 8.54 7.08 7.30 5.84 5.62 5.91 4.82 4.67 5.04 4.60 4.74 6.94 6.50 7.23 7.15 5.84 6.57 8.10 7.81 7.81 7.74 7.15 6.20 7.37 5.48 4.89 5.26 5.55 5.84 5.91 7.08 7.23 5.77 4.96 5.26 6.86 5.69 6.42 6.35 7.96 8.76 9.49 9.20 12.78 12.78 11.83 11.97 12.05 11.90 12.63 12.85 12.63 14.02 13.36 13.80 15.55 12.92 13.36 12.78 12.41 12.12 11.97 9.64 12.63 13.58 14.89 14.09 15.55 16.28 16.28 14.97 14.97 16.35 16.79 16.35 16.21 15.26
8.40 8.40 8.18 8.61 9.13 9.20 8.32 8.54 7.08 7.30 5.84 5.62 5.91 4.82 4.67 5.04 4.60 4.74 6.94 6.50 7.23 7.15 5.84 6.57 8.10 7.81 7.81 7.74 7.15 6.20 7.37 5.48 4.89 5.26 5.55 5.84 5.91 7.08 7.23 5.77 4.96 5.26 6.86 5.69 6.42 6.35 7.96 8.76 9.49 9.20 12.78 12.78 11.83 11.97 12.05 11.90 12.63 12.85 12.63 14.02 13.36 13.80 15.55 12.92 13.36 12.78 12.41 12.12 11.97 9.64 12.63 13.58 14.89 14.09 15.55 16.28 16.28 14.97 14.97 16.35 16.79 16.35 16.21 15.26
7.96 7.96 8.40 8.18 9.71 9.71 7.74 6.72 7.08 6.06 6.64 5.99 5.62 5.40 4.74 4.89 5.04 5.04 5.40 5.40 5.91 6.42 6.28 6.42 7.01 7.01 7.01 6.72 6.06 6.35 5.84 6.13 5.55 4.74 5.04 5.04 4.53 4.89 4.89 4.67 5.04 4.82 5.48 5.11 5.55 6.28 7.66 6.94 7.45 7.08 11.97 11.97 12.48 10.07 11.39 12.05 11.97 12.05 12.85 14.38 14.67 15.33 12.85 13.80 12.26 13.14 15.04 13.94 12.85 13.65 13.43 14.82 17.37 16.94 17.08 17.23 17.23 16.28 15.40 15.55 15.48 14.89 15.04 15.40
6.79 6.79 6.79 7.96 9.49 8.10 8.83 5.77 5.91 6.86 6.13 6.28 6.42 6.72 6.79 7.66 7.88 8.32 8.32 8.32 5.33 8.18 9.34 7.08 8.83 7.74 7.74 7.01 7.30 5.69 6.79 6.06 7.37 5.91 5.91 5.26 6.64 6.28 5.62 6.50 5.69 7.37 7.01 5.69 6.72 7.81 6.57 7.15 7.30 9.93 10.15 10.15 11.39 10.88 11.24 12.41 10.88 12.05 11.97 12.12 14.16 11.90 14.02 14.53 15.70 14.67 15.33 14.45 13.80 16.35 16.06 16.21 17.08 17.01 16.94 16.28 16.28 16.28 15.40 14.97 15.11 15.11 14.16 11.02
6.79 6.79 6.64 7.74 5.77 8.18 5.55 6.06 5.62 6.72 6.57 7.59 7.74 7.96 8.76 9.05 9.20 10.00 9.93 10.22 9.78 10.80 10.95 10.22 9.20 9.56 9.56 8.54 7.81 8.25 7.52 10.51 10.44 10.44 10.37 8.98 8.98 8.69 11.10 10.80 10.00 10.44 11.10 10.44 9.78 11.10 7.52 9.27 8.61 10.73 9.64 9.64 10.44 9.05 8.98 8.54 10.00 11.02 11.24 11.90 12.05 11.02 13.51 13.51 15.84 17.30 17.89 16.79 17.37 16.64 17.16 16.50 15.70 16.28 16.64 14.60 14.60 15.26 15.18 14.24 12.41 13.14 13.36 10.66
6.79 6.79 6.64 7.74 5.77 8.18 5.55 6.06 5.62 6.72 6.57 7.59 7.74 7.96 8.76 9.05 9.20 10.00 9.93 10.22 9.78 10.80 10.95 10.22 9.20 9.56 9.56 8.54 7.81 8.25 7.52 10.51 10.44 10.44 10.37 8.98 8.98 8.69 11.10 10.80 10.00 10.44 11.10 10.44 9.78 11.10 7.52 9.27 8.61 10.73 9.64 9.64 10.44 9.05 8.98 8.54 10.00 11.02 11.24 11.90 12.05 11.02 13.51 13.51 15.84 17.30 17.89 16.79 17.37 16.64 17.16 16.50 15.70 16.28 16.64 14.60 14.60 15.26 15.18 14.24 12.41 13.14 13.36 10.66
8.32 8.32 7.74 8.10 5.26 4.16 4.53 3.87 4.67 5.84 6.42 6.42 7.01 8.10 8.25 9.93 11.17 11.75 11.75 12.26 12.05 12.26 12.26 11.68 11.68 11.53 11.53 11.53 11.61 11.46 12.12 11.90 11.90 12.26 13.29 14.09 13.36 12.78 15.33 14.24 13.94 11.97 11.17 12.41 11.83 10.73 11.10 9.71 10.07 7.96 9.34 9.34 8.18 7.81 8.10 7.66 10.29 9.56 10.44 12.41 14.53 15.18 14.82 16.43 15.62 17.16 17.16 17.45 14.89 15.26 15.33 15.18 12.70 13.72 13.65 14.09 14.09 10.07 9.93 10.15 11.46 9.20 9.20 9.71
7.66 7.66 4.82 2.70 5.40 3.94 3.43 3.80 2.63 4.02 3.65 6.64 9.20 8.54 10.88 12.34 12.05 12.41 12.70 12.78 13.14 12.12 12.19 11.68 12.41 12.41 12.41 12.56 14.02 14.31 14.02 15.33 15.26 14.31 14.16 14.38 14.45 15.18 14.97 14.31 13.87 13.14 12.19 12.34 10.88 12.78 12.34 11.90 12.34 13.21 11.53 11.53 8.83 9.49 8.03 7.52 8.47 10.15 13.14 12.34 15.55 15.70 16.72 16.13 16.72 14.53 13.43 13.65 13.51 13.51 11.97 12.63 12.34 11.68 11.75 9.71 9.71 10.59 8.47 7.45 7.88 8.03 7.37 7.15
2.63 2.63 3.36 2.41 3.58 3.72 3.43 3.36 3.58 4.67 7.66 6.94 9.71 10.88 11.68 11.68 11.02 12.34 12.34 12.78 12.92 13.07 11.68 11.32 11.17 13.29 13.29 14.09 13.80 14.60 15.48 16.28 15.84 15.62 14.45 14.24 13.58 13.43 14.45 13.80 13.14 12.26 12.63 13.07 14.60 14.38 13.87 15.26 15.48 12.63 10.88 10.88 8.61 9.34 7.15 7.88 8.83 10.37 12.12 11.02 12.34 15.84 11.24 11.68 12.78 12.12 12.56 11.97 10.88 11.24 12.05 11.83 12.19 11.90 11.24 10.44 10.44 9.27 8.40 8.03 8.69 8.54 8.61 8.25
2.63 2.63 3.36 2.41 3.58 3.72 3.43 3.36 3.58 4.67 7.66 6.94 9.71 10.88 11.68 11.68 11.02 12.34 12.34 12.78 12.92 13.07 11.68 11.32 11.17 13.29 13.29 14.09 13.80 14.60 15.48 16.28 15.84 15.62 14.45 14.24 13.58 13.43 14.45 13.80 13.14 12.26 12.63 13.07 14.60 14.38 13.87 15.26 15.48 12.63 10.88 10.88 8.61 9.34 7.15 7.88 8.83 10.37 12.12 11.02 12.34 15.84 11.24 11.68 12.78 12.12 12.56 11.97 10.88 11.24 12.05 11.83 12.19 11.90 11.24 10.44 10.44 9.27 8.40 8.03 8.69 8.54 8.61 8.25
2.70 2.70 3.07 3.65 3.94 4.96 8.61 7.88 10.59 11.61 8.47 10.66 10.51 10.80 11.32 10.66 10.95 11.90 12.12 12.12 12.85 12.12 12.70 11.02 12.48 13.72 13.72 14.31 16.43 16.79 15.99 16.13 15.77 12.34 12.19 12.63 13.07 12.26 12.78 12.63 12.19 10.88 13.58 13.51 14.24 15.70 13.94 14.82 16.13 14.45 9.34 9.34 10.88 9.42 9.49 8.91 9.27 10.51 9.13 10.29 11.53 10.15 11.68 11.46 12.56 11.68 13.14 12.34 13.72 13.07 13.80 13.80 11.53 9.34 8.18 7.88 7.88 7.15 8.10 8.76 8.54 5.55 7.08 6.57
5.40 5.40 4.89 7.01 8.10 5.84 9.05 11.39 11.02 11.97 11.61 11.61 10.07 10.44 10.37 10.29 10.51 11.46 11.17 12.12 12.85 12.70 11.83 10.80 10.88 11.83 11.83 15.11 13.51 12.34 12.63 12.05 10.59 9.20 9.71 9.64 11.53 11.02 9.93 12.05 11.02 11.39 10.80 12.63 12.41 14.24 11.39 10.88 16.13 10.51 10.88 10.88 10.80 9.71 7.66 6.50 8.25 8.83 8.54 11.10 10.88 9.20 4.89 8.03 9.64 8.76 12.56 12.34 10.22 12.48 11.90 14.53 11.75 10.07 6.20 7.96 7.96 7.66 8.54 5.18 3.87 4.31 4.31 5.84
5.55 5.55 7.30 7.08 8.40 8.76 8.69 9.64 10.29 12.48 11.02 10.88 11.02 10.15 9.93 9.93 9.78 10.44 11.68 11.32 11.97 12.05 12.48 10.95 9.05 8.61 8.61 11.24 10.66 10.51 10.22 7.23 7.30 7.08 7.37 8.98 9.78 9.78 9.78 10.15 10.59 8.91 9.86 10.44 10.66 11.46 11.32 12.12 11.17 11.02 9.13 9.13 8.32 7.45 7.59 6.86 7.01 4.82 5.18 3.87 4.53 3.72 2.77 5.33 2.19 5.69 5.26 5.04 9.27 11.32 8.32 10.59 10.07 11.32 8.98 8.54 8.54 8.69 7.45 6.35 4.31 5.04 4.82 6.42
6.13 6.13 8.69 8.10 8.10 8.18 8.10 7.96 8.61 9.49 9.05 9.05 8.69 8.03 8.18 6.86 6.94 7.45 7.52 6.64 6.79 7.01 8.47 8.18 7.45 7.59 7.59 7.15 5.55 5.55 6.13 5.69 6.94 7.88 7.96 8.76 9.05 9.56 9.20 9.86 7.81 9.13 8.98 8.91 9.71 10.29 9.49 11.61 10.66 11.46 10.66 10.66 10.51 7.52 9.42 4.23 5.18 4.96 3.29 3.94 3.65 3.58 3.07 2.26 1.31 3.14 5.33 2.99 2.99 3.21 6.20 8.61 9.20 8.91 9.20 8.83 8.83 9.34 8.76 8.61 6.94 6.64 6.79 7.23
6.13 6.13 8.69 8.10 8.10 8.18 8.10 7.96 8.61 9.49 9.05 9.05 8.69 8.03 8.18 6.86 6.94 7.45 7.52 6.64 6.79 7.01 8.47 8.18 7.45 7.59 7.59 7.15 5.55 5.55 6.13 5.69 6.94 7.88 7.96 8.76 9.05 9.56 9.20 9.86 7.81 9.13 8.98 8.91 9.71 10.29 9.49 11.61 10.66 11.46 10.66 10.66 10.51 7.52 9.42 4.23 5.18 4.96 3.29 3.94 3.65 3.58 3.07 2.26 1.31 3.14 5.33 2.99 2.99 3.21 6.20 8.61 9.20 8.91 9.20 8.83 8.83 9.34 8.76 8.61 6.94 6.64 6.79 7.23
9.78 9.78 9.71 10.15 9.34 9.05 8.03 8.98 9.34 9.13 9.42 8.03 8.32 7.30 6.64 5.99 5.99 6.06 5.91 6.13 5.55 5.11 3.94 4.89 4.38 6.06 6.06 6.13 6.06 6.13 6.28 7.30 7.96 8.91 9.13 9.05 8.61 8.61 10.22 10.29 10.07 8.83 9.27 9.27 8.61 9.05 11.17 11.53 10.88 11.17 11.32 11.32 10.44 9.05 7.30 5.40 6.64 2.77 5.33 3.65 1.75 1.53 1.17 1.46 1.31 1.10 0.80 1.83 3.14 1.17 2.77 2.26 4.67 3.94 8.69 7.15 7.15 8.83 6.20 7.52 7.74 7.15 7.01 7.08
10.66 10.66 11.39 10.51 10.88 9.71 9.86 9.93 9.78 8.25 8.91 6.94 4.96 4.16 5.40 4.82 3.14 3.80 3.94 3.58 4.23 3.80 3.87 4.09 5.18 5.33 5.33 5.04 5.40 6.28 7.59 8.10 9.27 9.20 7.45 8.47 8.25 6.50 8.54 9.42 8.98 9.20 9.05 8.10 8.69 8.61 10.44 9.93 10.15 9.20 9.42 9.42 9.42 9.56 6.86 9.05 7.52 5.91 6.35 1.97 2.48 0.00 2.63 0.00 0.44 0.15 0.73 1.61 0.66 1.24 1.46 1.75 1.53 3.21 3.87 1.90 1.90 5.18 5.48 4.74 7.45 6.94 7.15 6.64
9.42 9.42 9.71 10.88 9.64 9.71 9.71 9.20 9.34 8.10 5.77 3.87 4.02 3.58 2.92 1.90 2.19 3.21 3.65 3.72 4.09 4.67 5.62 4.67 5.11 4.82 4.82 4.31 4.60 5.33 5.55 7.15 8.32 8.32 7.59 5.04 6.13 7.59 8.83 6.64 10.15 9.05 10.00 8.83 9.71 9.27 8.76 10.66 9.86 9.34 9.05 9.05 8.25 8.32 9.05 8.69 8.69 5.48 6.57 2.34 0.44 4.60 4.89 3.29 0.58 1.61 1.02 0.80 0.95 1.02 0.95 1.24 1.24 1.17 1.24 0.88 0.88 0.00 0.00 0.00 5.84 7.37 7.45 6.13
7.88 7.88 6.79 6.86 6.57 5.77 4.74 6.86 5.84 2.92 4.60 3.14 2.85 2.85 2.77 2.56 4.82 6.28 6.06 6.42 6.50 5.91 5.99 6.28 4.96 5.55 5.55 4.89 4.96 5.11 5.77 6.79 7.08 5.48 5.18 4.74 7.23 5.11 3.87 6.64 7.74 7.37 9.49 8.69 10.66 10.15 11.32 12.05 10.73 10.07 8.18 8.18 7.08 7.81 8.47 7.15 7.66 7.52 7.01 6.64 6.13 6.42 5.77 4.96 2.99 1.97 1.31 2.70 2.12 1.31 1.61 1.17 1.39 1.02 1.10 0.88 0.88 3.07 4.89 9.86 9.34 9.34 7.45 6.28
5.33 5.33 4.96 4.89 5.04 4.45 3.50 2.77 2.77 3.21 3.14 2.77 3.07 2.70 3.87 5.40 5.26 7.01 7.52 7.74 7.30 6.72 6.13 6.50 6.35 6.28 6.28 6.50 7.01 6.64 7.88 6.57 5.69 5.18 4.31 4.53 2.92 3.72 3.21 4.74 5.69 5.84 7.52 6.94 7.74 8.25 11.10 12.41 8.83 7.45 7.81 7.81 7.30 7.15 6.20 6.94 6.06 4.67 7.08 3.80 3.94 2.41 2.34 2.77 2.85 0.00 2.63 2.92 2.26 1.83 1.10 1.39 1.75 1.31 1.90 3.65 3.65 3.36 5.62 9.05 8.18 8.47 8.61 7.15
5.33 5.33 4.96 4.89 5.04 4.45 3.50 2.77 2.77 3.21 3.14 2.77 3.07 2.70 3.87 5.40 5.26 7.01 7.52 7.74 7.30 6.72 6.13 6.50 6.35 6.28 6.28 6.50 7.01 6.64 7.88 6.57 5.69 5.18 4.31 4.53 2.92 3.72 3.21 4.74 5.69 5.84 7.52 6.94 7.74 8.25 11.10 12.41 8.83 7.45 7.81 7.81 7.30 7.15 6.20 6.94 6.06 4.67 7.08 3.80 3.94 2.41 2.34 2.77 2.85 0.00 2.63 2.92 2.26 1.83 1.10 1.39 1.75 1.31 1.90 3.65 3.65 3.36 5.62 9.05 8.18 8.47 8.61 7.15
2.63 2.63 2.26 3.80 2.85 2.34 2.48 2.63 2.85 2.56 3.80 3.94 4.09 4.02 4.60 5.33 5.69 6.79 8.40 7.59 7.52 5.69 6.28 5.62 6.20 7.81 7.81 7.74 8.25 8.40 8.10 7.81 7.88 6.79 5.99 5.55 3.29 3.43 5.40 6.06 6.35 8.10 7.66 7.88 8.32 8.40 9.13 9.64 8.61 7.74 7.81 7.81 7.23 6.20 6.50 6.20 5.18 5.11 2.56 2.99 3.21 3.21 0.00 2.92 4.02 3.72 3.65 0.00 3.72 4.09 2.04 0.00 1.53 0.00 2.48 3.36 3.36 4.74 5.04 5.26 7.66 7.74 7.96 7.66
2.99 2.99 1.68 1.83 1.83 1.31 2.04 2.70 2.77 3.36 5.77 3.94 6.06 5.04 4.60 5.91 5.84 7.23 7.01 7.30 7.23 6.64 4.67 6.35 7.66 8.25 8.25 9.05 8.98 9.05 9.64 8.61 8.98 8.83 8.40 6.50 6.13 7.45 8.10 8.03 8.18 8.40 8.25 8.32 9.42 8.32 8.76 9.93 10.37 9.34 8.98 8.98 6.79 7.08 5.91 6.20 6.13 4.60 3.65 4.45 4.89 4.53 5.84 6.57 6.28 5.84 7.88 8.32 4.45 5.91 3.72 4.96 5.26 6.42 2.63 2.63 2.63 4.16 4.74 4.38 6.20 8.54 7.96 7.37
2.63 2.63 2.04 1.61 1.10 1.17 1.83 3.50 4.38 4.09 6.13 5.18 4.38 4.31 4.96 6.06 6.72 6.35 7.37 6.57 7.01 5.62 6.13 6.13 5.69 7.23 7.23 8.69 8.47 9.27 9.42 8.98 9.34 8.83 5.62 7.52 7.45 7.23 7.88 6.72 7.66 8.69 8.25 9.49 9.71 8.47 10.29 8.83 8.69 8.91 8.54 8.54 7.96 5.69 6.06 6.64 7.37 4.31 6.94 5.62 7.74 6.86 7.23 7.15 7.66 5.84 7.23 7.08 6.35 5.26 5.04 5.91 5.99 5.77 5.91 5.91 5.91 5.33 4.16 6.20 8.40 8.47 9.05 8.32
3.36 3.36 3.29 2.41 1.31 2.92 2.26 4.60 6.50 7.37 7.37 6.28 4.53 6.35 7.59 9.13 8.91 8.98 7.52 7.08 6.79 7.45 6.35 5.26 6.42 7.15 7.15 8.47 8.83 9.56 9.20 9.05 9.34 6.94 7.52 7.88 7.96 7.52 6.64 6.42 7.08 6.86 9.49 8.03 10.00 7.66 7.01 6.86 6.72 5.48 5.62 5.62 5.40 5.40 5.84 5.69 7.15 6.35 6.20 6.28 5.11 6.06 6.35 4.38 5.11 4.89 6.42 7.01 4.31 4.96 4.74 4.60 4.89 5.77 4.60 4.45 4.45 4.96 5.26 5.77 7.81 10.29 10.00 11.10
2.77 2.77 3.29 3.29 5.40 4.82 8.61 9.71 8.61 8.61 7.59 6.20 6.50 6.20 7.66 9.20 9.05 9.20 7.96 5.11 4.67 5.11 4.02 5.18 7.08 6.64 6.64 7.96 7.66 8.40 8.25 8.32 7.88 7.52 6.64 3.29 4.60 5.69 5.33 6.86 6.20 6.13 7.45 7.23 7.59 6.06 5.69 5.04 5.04 5.18 4.96 4.96 4.82 5.18 5.04 5.04 7.01 5.77 6.72 5.69 4.82 2.99 2.26 3.58 4.31 3.58 5.77 5.40 5.40 4.96 2.99 4.16 3.29 4.38 4.23 4.23 4.23 5.04 4.96 5.04 7.74 11.02 11.24 10.95
2.77 2.77 3.29 3.29 5.40 4.82 8.61 9.71 8.61 8.61 7.59 6.20 6.50 6.20 7.66 9.20 9.05 9.20 7.96 5.11 4.67 5.11 4.02 5.18 7.08 6.64 6.64 7.96 7.66 8.40 8.25 8.32 7.88 7.52 6.64 3.29 4.60 5.69 5.33 6.86 6.20 6.13 7.45 7.23 7.59 6.06 5.69 5.04 5.04 5.18 4.96 4.96 4.82 5.18 5.04 5.04 7.01 5.77 6.72 5.69 4.82 2.99 2.26 3.58 4.31 3.58 5.77 5.40 5.40 4.96 2.99 4.16 3.29 4.38 4.23 4.23 4.23 5.04 4.96 5.04 7.74 11.02 11.24 10.95
3.29 3.29 3.29 3.72 6.57 7.88 7.81 7.96 7.52 6.86 7.01 6.50 5.69 6.35 4.74 7.08 4.82 5.69 4.60 4.45 3.94 3.36 3.43 4.45 6.50 8.69 8.69 8.25 6.20 6.86 4.16 5.91 4.96 4.74 1.39 2.56 2.63 4.74 4.60 4.38 4.82 4.31 5.18 4.02 6.57 6.79 5.48 6.06 5.91 5.04 4.45 4.45 4.38 5.33 5.55 4.96 4.31 4.45 4.60 0.00 1.75 1.68 0.00 2.19 0.00 0.00 5.48 5.62 3.72 3.87 3.07 0.00 3.87 4.38 3.80 4.45 4.45 4.02 4.09 7.15 7.01 7.01 9.56 9.71
3.58 3.58 5.26 4.60 6.06 6.94 5.11 4.89 5.62 4.53 1.68 1.75 2.41 2.48 2.48 4.09 4.67 4.45 5.04 3.43 3.80 3.65 3.14 4.89 8.47 7.66 7.66 7.23 4.74 3.65 2.04 3.58 3.14 4.31 1.53 1.46 2.41 4.96 5.84 4.02 2.77 1.90 4.16 3.29 5.69 5.04 4.82 4.60 5.69 3.58 3.36 3.36 3.80 4.38 1.97 3.07 3.29 0.00 0.00 0.00 0.00 0.00 0.00 0.00 0.00 0.00 0.00 3.14 2.85 4.02 3.50 4.02 3.80 7.81 5.91 5.69 5.69 3.36 3.87 2.56 5.55 4.38 3.29 7.59
2.34 2.34 4.38 3.50 2.99 3.14 2.92 3.58 1.53 0.22 0.51 0.00 1.24 1.68 1.53 2.77 1.46 1.24 2.48 2.63 2.19 2.85 3.21 3.87 5.77 7.23 7.23 5.55 5.33 0.95 3.50 1.68 4.02 2.99 1.90 6.35 7.81 7.52 7.08 4.38 0.00 2.63 3.80 2.99 2.48 2.70 3.29 1.02 1.53 2.26 2.99 2.99 3.36 0.88 0.00 1.75 1.17 0.00 0.00 0.00 0.00 0.00 1.75 0.00 3.94 3.36 3.65 3.80 3.07 5.99 5.69 10.66 10.00 10.80 7.66 5.91 5.91 3.29 2.12 1.61 0.00 0.00 0.00 5.18
3.72 3.72 3.36 3.65 2.26 1.68 2.56 2.48 1.24 0.00 0.00 0.00 0.00 0.37 0.22 0.58 0.44 0.44 0.80 0.00 0.00 1.83 1.90 3.72 5.33 6.06 6.06 6.20 5.91 4.60 2.26 2.04 3.65 4.74 6.28 8.03 7.59 5.84 5.91 0.00 0.00 0.00 2.48 2.48 1.24 0.00 1.90 0.00 0.00 0.00 0.00 0.00 0.00 0.00 0.00 1.46 1.46 0.00 0.00 0.00 2.12 4.02 3.87 6.64 5.69 4.09 4.53 7.15 8.47 7.66 7.45 11.39 11.39 9.64 9.34 7.45 7.45 4.53 2.12 2.63 2.77 0.00 0.00 0.00
2.63 2.63 2.77 0.00 2.19 1.61 0.95 0.80 0.00 0.00 0.00 0.00 0.00 0.00 0.00 0.00 0.00 0.00 0.00 0.00 0.00 1.61 2.34 1.46 4.23 4.16 4.16 6.20 5.18 5.84 5.69 4.53 5.84 4.96 4.82 5.40 0.00 4.09 4.09 0.00 0.00 2.63 2.92 2.70 2.77 3.50 2.77 0.00 0.00 0.00 0.00 0.00 3.58 3.58 3.21 1.75 1.31 0.00 0.00 0.00 0.00 4.16 6.94 7.96 5.26 5.55 7.52 8.76 9.34 8.47 8.69 10.29 4.67 6.28 2.99 4.38 4.38 4.02 3.87 3.58 4.60 1.83 1.97 0.66
0.00 0.00 0.00 0.00 0.00 0.00 0.00 0.00 0.00 0.00 0.00 0.00 0.00 0.00 0.00 0.00 0.00 0.00 0.00 0.00 0.00 0.00 0.00 0.00 2.48 3.21 3.21 5.91 4.60 5.69 0.00 4.82 5.77 5.40 4.02 0.00 0.00 2.77 3.58 0.00 0.00 4.31 4.45 4.45 3.43 4.02 4.16 3.87 3.72 4.16 4.16 4.16 4.82 5.40 3.07 3.94 0.00 0.00 0.00 0.00 2.04 3.72 5.48 4.89 7.30 6.35 6.94 7.59 2.92 4.38 4.89 2.99 2.19 3.50 3.80 4.16 4.16 6.28 6.42 6.06 7.37 4.23 4.16 3.94
0.00 0.00 0.00 0.00 0.00 0.00 0.00 0.00 0.00 0.00 0.00 0.00 0.00 0.00 0.00 0.00 0.00 0.00 0.00 0.00 0.00 0.00 0.00 0.00 2.48 3.21 3.21 5.91 4.60 5.69 0.00 4.82 5.77 5.40 4.02 0.00 0.00 2.77 3.58 0.00 0.00 4.31 4.45 4.45 3.43 4.02 4.16 3.87 3.72 4.16 4.16 4.16 4.82 5.40 3.07 3.94 0.00 0.00 0.00 0.00 2.04 3.72 5.48 4.89 7.30 6.35 6.94 7.59 2.92 4.38 4.89 2.99 2.19 3.50 3.80 4.16 4.16 6.28 6.42 6.06 7.37 4.23 4.16 3.94
0.00 0.00 0.00 0.00 0.00 0.00 0.00 0.00 0.00 0.00 0.00 0.00 0.00 0.00 0.00 0.00 0.00 0.00 0.00 0.00 0.00 0.00 0.00 0.00 0.00 0.00 0.00 0.00 0.00 0.00 4.60 7.45 8.03 0.00 0.00 0.00 0.00 0.00 3.65 3.80 3.21 5.26 5.99 4.89 5.77 5.69 4.45 4.67 5.33 5.69 6.06 6.06 5.62 5.99 5.26 2.04 0.00 0.00 0.00 0.00 2.48 3.65 3.36 2.56 3.21 3.43 0.58 1.39 0.58 2.48 1.68 1.31 2.26 5.99 5.18 7.88 7.88 8.91 10.29 10.07 9.86 12.05 8.25 6.94
