Wansh/Snow_depth/snowdepth-1996/winter/1997010.txt
ncols 321
nrows 161
xllcenter 60
yllcenter 15 
cellsize  0.25 
NODATA_value -1
[rows 0 to 36 of 161, columns 84 to 167 of 321]
18.54 17.16 17.59 16.35 14.67 14.02 9.78 10.88 8.47 10.29 10.29 10.59 11.97 13.21 13.14 13.36 13.94 13.65 13.65 13.21 10.22 10.66 5.69 2.19 2.70 0.73 0.44 0.44 1.90 2.04 4.23 4.23 7.96 11.24 10.44 11.75 12.26 11.68 11.46 9.71 8.18 7.23 8.10 8.10 5.33 2.48 2.34 0.95 1.39 1.39 0.00 0.00 0.00 0.00 4.31 4.31 4.31 4.74 3.80 2.77 1.46 1.61 2.04 1.75 2.19 2.26 11.02 11.02 11.02 10.66 10.66 6.64 12.70 11.46 9.93 10.44 10.07 11.97 15.33 13.21 14.02 11.02 9.34 8.69
18.61 17.67 16.35 16.35 14.89 14.82 11.90 13.58 10.00 11.53 10.80 11.17 9.20 9.56 9.20 12.05 11.24 14.16 14.16 13.14 13.29 12.85 9.64 10.73 4.02 1.75 1.83 0.37 1.24 0.88 2.77 3.29 6.20 5.99 9.78 11.53 10.80 12.70 12.19 8.54 9.05 8.91 8.47 8.47 6.50 3.65 0.00 2.77 0.00 0.00 0.00 0.00 0.00 0.00 0.00 0.00 0.00 6.79 5.62 3.29 5.40 3.65 2.85 3.21 2.77 5.77 4.45 5.33 5.33 5.77 11.39 7.15 12.85 13.21 15.18 15.40 14.31 14.67 14.82 12.26 11.46 11.53 9.71 11.39
15.91 16.13 13.36 11.97 14.02 12.05 15.11 14.45 15.48 12.99 12.99 10.59 9.27 8.03 5.84 7.08 4.16 5.99 5.99 12.19 12.85 10.66 11.97 8.98 5.04 2.04 2.56 0.80 1.53 0.95 2.34 2.04 3.50 4.53 8.76 8.18 10.80 12.34 14.24 10.80 11.61 10.07 10.00 10.00 10.73 6.79 6.20 6.06 0.95 0.00 0.00 0.00 0.00 0.00 0.00 2.77 4.31 4.82 5.91 5.48 6.28 7.01 9.56 9.78 7.96 8.25 6.72 11.02 11.02 10.73 10.80 11.39 12.92 12.48 14.89 15.11 15.91 15.18 14.09 13.51 15.33 14.60 13.07 13.07
15.91 16.13 13.36 11.97 14.02 12.05 15.11 14.45 15.48 12.99 12.99 10.59 9.27 8.03 5.84 7.08 4.16 5.99 5.99 12.19 12.85 10.66 11.97 8.98 5.04 2.04 2.56 0.80 1.53 0.95 2.34 2.04 3.50 4.53 8.76 8.18 10.80 12.34 14.24 10.80 11.61 10.07 10.00 10.00 10.73 6.79 6.20 6.06 0.95 0.00 0.00 0.00 0.00 0.00 0.00 2.77 4.31 4.82 5.91 5.48 6.28 7.01 9.56 9.78 7.96 8.25 6.72 11.02 11.02 10.73 10.80 11.39 12.92 12.48 14.89 15.11 15.91 15.18 14.09 13.51 15.33 14.60 13.07 13.07
14.38 10.88 10.15 9.64 11.97 10.66 10.66 9.78 14.82 12.12 10.22 10.80 8.10 6.94 7.59 3.72 2.85 2.85 2.85 4.45 4.09 6.57 9.42 9.56 6.35 2.99 2.48 1.39 0.80 0.80 1.46 1.31 3.29 4.23 7.52 6.94 10.73 10.88 13.14 13.43 13.87 12.78 10.59 10.59 13.80 9.86 8.47 3.94 5.91 2.34 0.00 0.00 0.00 0.00 0.00 2.19 3.87 4.09 5.69 6.86 8.61 8.03 9.49 10.95 15.55 15.33 15.55 12.41 12.41 12.85 11.39 11.39 11.90 12.85 13.80 13.36 15.70 16.50 12.63 13.87 13.51 14.67 12.78 11.39
10.95 11.02 11.10 10.95 10.95 7.66 6.13 6.57 6.86 8.10 8.10 9.27 10.07 10.07 8.91 7.96 7.96 5.84 5.84 2.77 3.43 2.04 3.94 3.50 4.74 2.70 2.77 1.61 1.10 1.39 1.46 0.95 3.14 2.56 4.45 5.62 9.42 8.76 10.15 11.46 12.05 10.22 10.51 10.51 9.56 7.37 6.35 5.55 3.72 0.00 0.00 0.00 0.00 0.58 0.95 1.31 3.07 1.46 2.77 6.13 7.45 10.07 12.85 12.05 15.26 15.91 14.31 15.33 15.33 13.51 12.12 12.78 11.53 11.32 10.88 9.13 8.98 8.98 10.66 9.13 11.90 13.21 13.07 13.87
10.73 10.51 10.44 10.59 10.37 10.66 9.20 8.98 6.57 8.10 9.27 9.05 10.07 9.05 9.49 8.47 7.45 7.88 7.88 5.33 2.19 2.56 2.19 2.41 3.36 3.21 2.19 2.56 2.12 1.83 1.46 1.83 2.56 2.63 4.96 6.94 7.88 7.59 7.59 8.10 9.05 8.91 8.18 8.18 5.62 8.32 5.91 5.26 3.14 2.12 0.95 0.22 0.44 0.73 1.61 1.02 3.36 1.97 6.28 5.77 7.37 10.51 13.21 12.63 14.02 14.09 13.65 14.89 14.89 13.36 13.51 13.94 14.45 11.90 12.99 10.15 8.32 9.05 8.54 8.83 9.93 10.37 13.36 12.85
10.73 10.51 10.44 10.59 10.37 10.66 9.20 8.98 6.57 8.10 9.27 9.05 10.07 9.05 9.49 8.47 7.45 7.88 7.88 5.33 2.19 2.56 2.19 2.41 3.36 3.21 2.19 2.56 2.12 1.83 1.46 1.83 2.56 2.63 4.96 6.94 7.88 7.59 7.59 8.10 9.05 8.91 8.18 8.18 5.62 8.32 5.91 5.26 3.14 2.12 0.95 0.22 0.44 0.73 1.61 1.02 3.36 1.97 6.28 5.77 7.37 10.51 13.21 12.63 14.02 14.09 13.65 14.89 14.89 13.36 13.51 13.94 14.45 11.90 12.99 10.15 8.32 9.05 8.54 8.83 9.93 10.37 13.36 12.85
6.94 6.42 9.86 9.42 10.59 9.64 9.64 10.15 10.29 8.32 8.54 5.77 5.77 5.33 8.10 9.20 9.20 9.56 9.56 9.20 9.42 5.84 2.77 2.85 3.21 3.58 1.75 2.70 1.75 1.24 1.61 1.24 1.39 3.07 6.72 8.10 8.54 8.18 5.62 6.57 7.74 4.53 4.31 4.31 2.34 2.26 1.97 3.29 2.41 0.73 0.29 0.88 0.66 0.44 2.85 2.04 3.58 4.02 5.33 7.74 7.59 8.76 8.40 10.00 12.05 11.46 10.07 14.53 14.53 14.53 11.83 12.99 13.14 13.43 11.97 10.51 11.24 9.64 12.56 9.93 10.51 9.05 10.88 11.32
7.66 8.47 7.66 8.69 8.76 8.32 10.66 11.17 11.17 8.76 6.20 6.57 4.67 7.23 6.35 9.13 9.56 9.56 9.56 9.34 8.10 7.01 6.94 3.50 3.80 3.50 3.50 2.12 1.61 1.53 0.80 1.02 2.41 3.21 7.74 7.52 7.23 8.03 2.48 3.65 1.75 2.04 1.17 1.17 0.00 0.73 2.56 1.90 2.63 2.41 2.34 5.26 5.04 4.09 4.38 3.36 2.85 3.87 6.42 6.72 6.79 7.37 7.30 8.69 6.94 8.03 10.37 9.71 9.71 10.88 10.59 11.02 11.68 11.32 11.02 12.56 13.72 13.72 14.82 11.61 10.66 8.47 8.61 9.20
8.32 8.25 8.25 7.96 8.40 10.00 9.49 9.64 8.47 7.01 7.37 5.26 7.30 6.50 9.34 11.53 11.61 11.90 11.90 11.24 11.10 9.27 5.62 3.80 3.72 3.43 2.77 2.41 2.41 1.90 2.12 1.24 2.04 2.99 5.26 4.60 4.89 5.40 2.56 3.65 2.63 1.46 3.65 3.65 1.46 2.48 2.12 3.36 5.55 5.26 6.64 6.50 6.13 8.32 6.50 8.10 7.52 7.81 7.45 6.94 7.59 8.10 6.94 7.52 7.15 7.74 9.71 10.80 10.80 11.83 12.63 12.70 12.56 12.05 13.29 14.02 15.11 14.97 15.77 15.04 11.53 8.69 9.05 9.93
8.32 8.25 8.25 7.96 8.40 10.00 9.49 9.64 8.47 7.01 7.37 5.26 7.30 6.50 9.34 11.53 11.61 11.90 11.90 11.24 11.10 9.27 5.62 3.80 3.72 3.43 2.77 2.41 2.41 1.90 2.12 1.24 2.04 2.99 5.26 4.60 4.89 5.40 2.56 3.65 2.63 1.46 3.65 3.65 1.46 2.48 2.12 3.36 5.55 5.26 6.64 6.50 6.13 8.32 6.50 8.10 7.52 7.81 7.45 6.94 7.59 8.10 6.94 7.52 7.15 7.74 9.71 10.80 10.80 11.83 12.63 12.70 12.56 12.05 13.29 14.02 15.11 14.97 15.77 15.04 11.53 8.69 9.05 9.93
8.10 8.25 7.96 8.25 7.08 8.10 8.69 8.40 7.15 6.86 5.91 5.91 8.03 10.51 10.44 12.63 13.87 14.02 14.02 14.16 12.70 8.25 5.33 5.69 3.43 2.63 1.31 1.83 2.41 2.56 2.85 2.48 1.90 3.80 2.85 3.72 5.84 4.67 4.96 5.11 4.23 3.36 4.09 4.09 3.87 4.31 5.26 4.96 5.99 7.59 10.73 11.17 8.40 9.34 6.94 8.25 9.71 10.88 10.51 9.20 9.34 7.96 6.79 8.18 7.96 7.88 8.32 9.86 9.86 11.75 12.05 12.85 12.63 12.41 12.34 13.21 14.24 14.67 13.87 14.09 13.14 12.85 12.05 12.26
5.69 8.40 7.37 7.74 6.13 4.23 4.23 5.33 8.98 8.18 10.22 9.56 14.24 12.99 15.18 15.26 15.33 16.21 16.21 12.99 14.09 9.13 5.33 5.69 3.87 3.94 2.04 1.39 3.36 3.80 6.28 7.01 5.99 5.18 6.79 5.62 7.30 8.10 6.06 6.28 5.11 5.48 4.74 4.74 4.45 4.82 6.20 6.79 8.69 8.10 9.13 10.07 9.56 9.64 8.83 9.05 10.44 10.22 9.64 8.18 8.40 8.76 8.54 8.61 8.10 8.03 8.76 11.97 11.97 12.56 12.05 13.36 13.29 13.29 12.12 12.56 12.41 13.80 5.04 9.56 8.98 12.48 9.49 9.93
7.66 7.45 8.25 8.18 6.20 4.96 5.48 4.96 8.03 11.83 10.80 11.53 12.92 15.77 15.70 14.97 16.35 15.40 15.40 13.51 13.14 8.03 6.86 6.79 5.91 5.55 4.23 3.80 5.18 7.01 5.77 7.30 8.69 8.25 8.32 7.23 8.32 4.82 3.72 3.65 3.65 5.91 5.33 5.33 4.60 4.74 6.28 6.86 7.96 8.03 9.93 9.27 10.66 9.93 12.12 12.41 12.63 10.88 10.15 8.18 7.45 7.81 6.28 7.37 7.37 8.69 8.61 10.29 10.29 10.44 9.93 10.66 8.32 8.83 7.52 8.25 3.14 0.00 0.00 1.24 6.42 8.83 8.25 9.71
7.52 8.40 8.18 8.32 7.74 6.57 6.86 5.77 7.45 8.40 8.40 8.83 9.13 8.54 12.56 14.53 13.80 15.04 15.04 13.72 11.75 9.42 9.93 7.66 6.28 6.94 6.20 6.42 6.06 6.42 8.83 10.37 10.29 7.23 6.20 4.16 2.99 2.56 2.85 2.34 4.74 6.57 5.62 5.62 5.91 5.91 6.13 6.35 7.08 7.59 9.49 9.27 9.20 11.32 11.61 11.24 9.93 8.69 6.06 6.57 6.13 4.89 5.40 5.62 5.55 7.30 8.40 9.93 9.93 10.59 10.66 9.05 5.77 7.15 3.65 4.09 0.88 0.00 0.00 0.00 5.40 7.59 10.15 9.13
7.52 8.40 8.18 8.32 7.74 6.57 6.86 5.77 7.45 8.40 8.40 8.83 9.13 8.54 12.56 14.53 13.80 15.04 15.04 13.72 11.75 9.42 9.93 7.66 6.28 6.94 6.20 6.42 6.06 6.42 8.83 10.37 10.29 7.23 6.20 4.16 2.99 2.56 2.85 2.34 4.74 6.57 5.62 5.62 5.91 5.91 6.13 6.35 7.08 7.59 9.49 9.27 9.20 11.32 11.61 11.24 9.93 8.69 6.06 6.57 6.13 4.89 5.40 5.62 5.55 7.30 8.40 9.93 9.93 10.59 10.66 9.05 5.77 7.15 3.65 4.09 0.88 0.00 0.00 0.00 5.40 7.59 10.15 9.13
7.52 8.10 7.96 7.88 7.74 6.35 4.16 4.16 4.60 6.13 7.23 6.72 8.54 10.07 9.49 11.68 11.17 12.05 12.05 10.07 10.22 9.49 8.03 6.64 7.01 7.08 6.94 8.40 7.08 8.03 9.20 11.02 8.76 8.10 8.76 4.53 1.97 3.43 4.82 6.06 4.89 7.74 8.18 8.18 7.08 8.40 8.69 8.47 8.76 7.96 10.88 10.80 11.17 11.24 9.93 10.44 8.98 6.20 6.06 5.40 5.77 5.77 5.84 7.52 6.42 9.42 9.27 9.42 9.42 10.15 10.66 7.01 7.23 4.67 4.60 4.82 1.24 0.00 0.00 3.50 6.13 5.48 7.66 7.01
6.50 6.57 6.50 7.52 8.91 7.74 8.10 5.40 4.16 3.14 4.45 5.69 8.18 7.59 9.56 9.93 11.61 11.39 11.39 11.32 8.98 6.94 6.20 6.20 6.35 8.69 9.05 9.93 8.69 9.20 10.80 11.32 13.43 10.00 12.34 6.20 6.50 3.72 4.38 5.55 5.48 6.20 8.83 8.83 7.81 7.74 7.81 9.20 8.91 11.97 10.95 11.10 12.99 12.78 12.41 10.66 11.68 9.20 7.30 8.47 12.34 10.44 9.71 10.07 8.32 10.29 11.39 10.80 10.80 13.58 11.24 12.26 8.61 6.50 3.21 0.37 0.00 0.00 0.00 2.85 3.36 3.80 3.43 6.13
5.84 5.33 5.91 8.18 7.81 9.05 7.23 7.59 5.18 5.11 5.48 5.26 6.35 8.47 5.91 6.72 6.42 10.07 10.07 9.71 9.93 8.69 7.81 6.28 8.03 8.98 9.71 9.56 8.76 8.83 12.05 11.83 12.85 10.37 9.71 5.99 7.45 4.38 1.68 3.80 5.55 6.28 6.06 6.06 6.86 7.30 7.66 8.03 10.22 11.83 13.07 14.16 14.38 17.37 15.04 14.45 13.58 14.16 10.29 14.38 13.94 13.14 11.32 10.51 10.07 12.85 16.64 16.50 16.50 13.14 9.13 2.92 2.26 2.41 2.92 0.00 0.00 0.58 0.22 1.61 2.04 3.14 2.12 3.43
5.33 7.59 5.91 7.88 9.86 9.34 10.22 7.66 9.13 6.72 7.66 6.94 6.72 6.94 3.87 4.67 6.13 5.55 5.55 7.30 7.74 7.59 6.94 8.18 8.91 8.40 11.46 9.86 8.69 7.96 6.20 9.56 8.47 9.64 8.98 3.65 2.48 0.00 0.00 1.24 2.85 5.91 4.45 4.45 8.25 7.37 9.27 8.47 10.51 10.80 13.43 16.21 14.82 19.56 19.49 18.91 20.51 17.67 15.99 14.09 14.24 13.87 13.29 13.43 13.14 12.99 16.50 15.18 15.18 12.19 4.89 2.26 1.61 1.02 0.15 0.51 0.00 0.00 0.00 0.80 0.00 2.48 1.68 2.92
5.69 7.74 9.78 9.13 10.51 11.97 12.48 12.05 10.95 8.83 8.83 8.61 9.49 7.30 10.07 7.23 7.81 5.26 5.26 6.57 7.74 7.96 7.59 7.23 12.48 11.32 12.12 14.97 11.97 12.63 5.18 8.40 8.69 5.77 2.56 3.14 1.46 0.00 1.02 0.00 3.58 3.14 2.92 2.92 4.67 6.20 0.00 4.23 7.01 6.13 11.10 10.15 13.94 17.23 20.15 17.89 18.61 17.08 13.87 9.78 12.56 14.02 13.80 14.24 14.53 14.89 11.53 8.98 8.98 9.64 6.50 3.50 4.53 1.90 0.29 0.00 0.00 0.00 0.00 0.00 0.00 0.00 1.24 0.00
5.69 7.74 9.78 9.13 10.51 11.97 12.48 12.05 10.95 8.83 8.83 8.61 9.49 7.30 10.07 7.23 7.81 5.26 5.26 6.57 7.74 7.96 7.59 7.23 12.48 11.32 12.12 14.97 11.97 12.63 5.18 8.40 8.69 5.77 2.56 3.14 1.46 0.00 1.02 0.00 3.58 3.14 2.92 2.92 4.67 6.20 0.00 4.23 7.01 6.13 11.10 10.15 13.94 17.23 20.15 17.89 18.61 17.08 13.87 9.78 12.56 14.02 13.80 14.24 14.53 14.89 11.53 8.98 8.98 9.64 6.50 3.50 4.53 1.90 0.29 0.00 0.00 0.00 0.00 0.00 0.00 0.00 1.24 0.00
8.76 8.61 8.69 10.88 11.32 11.02 12.48 12.26 11.61 10.59 10.07 10.07 11.97 14.97 15.18 11.17 8.69 10.44 10.44 10.44 10.00 8.98 11.61 10.51 12.70 14.31 16.35 14.97 9.42 10.95 7.23 5.33 4.02 3.07 2.41 1.39 0.58 0.51 0.80 0.00 0.00 2.85 2.99 2.99 3.29 0.00 0.00 0.00 3.14 1.83 5.62 5.04 9.42 9.42 12.63 11.61 14.24 7.15 6.72 8.25 10.44 10.00 12.26 13.58 13.36 11.75 10.95 9.20 9.20 8.47 11.39 6.42 7.88 3.43 1.10 0.00 0.00 0.00 0.00 0.00 0.15 0.00 0.00 0.00
8.10 8.76 8.83 8.47 9.20 9.05 8.98 8.91 11.39 9.56 8.76 8.32 10.51 14.53 12.78 13.58 13.94 11.75 11.75 10.44 9.78 12.12 11.68 11.47 12.03 12.66 14.08 11.46 17.52 9.56 11.24 7.23 4.02 0.00 2.19 1.61 1.75 1.61 0.00 2.56 2.34 2.19 2.48 2.48 0.00 2.26 0.00 0.00 0.00 0.00 2.34 2.77 3.94 6.28 6.42 4.45 6.06 5.48 5.84 6.64 6.94 8.76 11.97 10.29 12.34 11.90 11.02 11.68 11.68 12.92 12.26 9.34 6.50 3.43 4.31 0.66 0.07 0.15 0.00 0.00 0.00 0.00 0.00 0.00
9.42 9.42 8.47 8.25 8.25 6.86 5.26 8.18 7.45 9.42 9.78 11.39 11.46 11.10 10.88 11.68 10.29 8.32 8.32 7.08 8.10 11.46 11.90 13.83 13.74 11.69 11.32 10.08 13.87 12.63 9.49 11.02 5.99 2.63 3.87 1.83 3.80 3.80 2.34 2.92 2.48 2.70 2.48 2.48 2.56 1.97 0.00 0.00 0.00 0.00 0.00 0.00 2.04 3.14 3.58 3.94 3.43 5.48 6.72 7.30 9.42 8.98 9.49 10.51 11.97 11.17 8.83 10.15 10.15 12.34 11.83 9.20 6.79 4.53 6.94 4.09 4.60 1.39 3.36 1.17 1.31 0.44 0.00 0.00
10.51 10.29 10.07 9.49 6.50 4.60 2.99 2.92 2.85 3.43 8.54 7.59 9.93 9.86 6.86 9.05 9.34 9.56 9.56 8.47 8.54 8.97 10.61 11.89 12.41 12.03 11.97 11.87 15.65 13.71 15.18 14.24 11.32 6.35 5.40 5.69 5.99 4.60 3.94 3.21 2.92 2.85 2.63 2.63 1.90 0.00 0.00 0.00 0.00 0.00 0.00 1.46 3.07 2.77 4.02 4.45 6.28 6.50 8.10 10.22 13.72 12.05 10.95 11.75 7.74 7.37 9.86 9.34 9.34 11.32 10.66 11.24 8.10 7.52 9.34 7.08 4.74 3.65 3.72 1.17 1.17 0.29 0.00 1.83
9.93 9.56 8.32 6.20 6.42 5.55 5.62 4.38 4.67 2.04 0.95 0.00 0.00 1.31 2.12 5.69 6.20 7.81 7.81 8.41 7.45 9.93 11.97 10.44 12.01 11.46 10.46 13.25 15.55 14.16 15.26 15.48 13.87 14.31 13.80 9.56 11.02 4.23 4.60 3.65 2.19 2.19 2.19 2.19 1.61 0.00 0.00 0.00 0.00 0.00 0.00 2.04 3.43 4.67 6.50 6.86 8.25 7.52 9.86 12.34 15.26 15.91 16.57 14.31 14.09 11.97 19.27 16.43 16.43 15.40 12.56 10.15 7.74 8.47 8.32 6.79 4.45 2.48 3.14 4.16 2.26 2.19 2.70 2.77
9.93 9.56 8.32 6.20 6.42 5.55 5.62 4.38 4.67 2.04 0.95 0.00 0.00 1.31 2.12 5.69 6.20 7.81 7.85 8.68 7.56 10.63 11.67 10.71 11.83 11.46 10.15 12.31 14.53 14.38 15.42 16.12 15.58 15.14 14.15 9.56 11.02 4.23 4.60 3.65 2.19 2.19 2.19 2.19 1.61 0.00 0.00 0.00 0.00 0.00 0.00 2.04 3.43 4.67 6.50 6.86 8.25 7.52 9.86 12.34 15.26 15.91 16.57 14.31 14.09 11.97 19.27 16.43 16.43 15.40 12.56 10.15 7.74 8.47 8.32 6.79 4.45 2.48 3.14 4.16 2.26 2.19 2.70 2.77
8.32 8.32 7.08 5.77 5.26 7.15 6.35 7.59 9.86 6.28 0.00 0.00 0.00 0.00 0.00 6.64 6.06 7.52 7.52 6.13 6.42 4.45 8.14 5.56 11.68 10.03 10.84 12.47 12.85 12.77 13.57 14.90 15.45 17.08 15.20 13.24 11.13 5.55 5.99 3.72 2.41 1.10 0.00 0.00 0.00 0.00 0.00 0.00 0.00 4.38 0.00 4.16 0.00 0.00 5.33 6.42 7.59 8.40 11.90 11.02 15.18 13.07 18.10 16.43 17.45 20.29 19.35 18.32 18.32 14.82 14.82 10.88 7.45 8.54 7.59 8.03 5.91 4.67 4.16 2.70 2.99 2.41 2.63 1.46
4.82 7.66 5.40 3.80 3.58 5.69 7.88 10.15 10.37 10.00 10.29 11.39 6.57 3.14 2.48 11.75 12.92 12.26 12.26 9.24 8.10 5.36 4.96 2.85 5.06 6.89 6.64 10.44 13.78 15.71 14.67 15.18 13.94 15.25 16.72 16.26 12.30 12.18 9.93 6.64 3.80 2.34 3.07 3.07 0.51 0.58 1.31 2.19 3.65 3.07 4.74 3.65 5.69 0.00 0.00 5.18 5.04 7.66 9.93 10.37 12.12 11.68 15.26 21.90 20.81 21.46 19.35 17.59 17.59 15.40 16.28 11.24 9.56 8.18 7.96 6.86 5.18 5.91 4.31 5.40 3.65 4.31 3.94 1.53
3.58 0.00 4.38 3.29 4.31 3.65 5.69 7.96 10.51 10.29 9.27 10.22 9.56 7.96 8.10 10.80 13.43 12.05 12.05 11.39 10.07 5.26 6.20 0.00 0.00 0.00 0.00 9.29 12.75 15.06 16.50 14.75 16.06 18.18 17.52 18.14 17.17 14.89 12.41 11.46 9.64 11.90 5.69 5.69 1.68 1.31 0.88 1.68 2.99 3.58 5.99 0.00 0.00 0.00 0.00 4.16 3.94 6.13 7.59 10.59 11.61 13.14 18.76 21.61 20.81 15.84 16.86 15.40 15.40 12.85 13.21 6.79 6.57 6.64 5.91 7.45 7.96 7.88 5.69 5.91 5.55 5.91 6.42 3.80
0.00 0.00 0.00 0.00 1.24 2.04 7.37 10.29 10.15 12.05 9.34 7.52 7.15 8.61 8.32 8.47 9.05 8.76 8.76 7.66 8.76 9.71 9.27 7.08 8.18 0.00 10.59 9.83 12.34 13.58 14.53 13.21 14.67 17.52 19.35 22.85 20.53 19.59 20.86 19.02 13.29 15.18 9.78 9.78 2.99 4.31 1.75 1.02 1.97 4.09 3.80 4.89 4.96 4.45 0.00 4.38 5.55 8.03 7.30 9.86 10.66 12.12 16.86 16.43 9.05 10.66 12.63 11.83 11.83 5.11 0.00 0.00 0.00 4.45 0.00 7.52 7.74 10.66 10.22 9.93 9.13 7.66 7.45 4.96
0.00 0.00 0.00 0.00 0.80 0.00 4.45 8.83 12.76 10.00 13.14 8.47 9.34 7.88 7.81 7.30 7.52 5.26 5.26 5.48 6.50 8.03 9.71 11.17 11.39 11.83 12.41 13.64 13.51 13.07 11.02 11.75 12.12 17.45 17.52 24.53 23.65 24.31 23.05 21.26 16.14 19.05 12.12 12.12 8.18 4.09 3.72 2.70 3.50 1.53 3.87 3.72 5.04 5.26 4.60 3.80 4.82 6.13 5.04 7.23 9.05 10.66 12.56 3.72 4.16 5.91 8.91 9.64 9.64 0.00 0.00 2.12 0.00 2.56 1.97 5.69 4.53 9.93 7.74 8.25 8.32 7.66 7.15 6.42
0.00 0.00 0.00 0.00 0.00 5.91 9.78 6.64 4.57 4.60 9.42 11.32 8.83 6.50 6.35 4.16 5.04 4.53 4.53 6.72 0.00 11.75 10.73 11.39 10.51 12.26 12.92 13.36 14.16 12.78 12.25 10.64 10.84 13.72 12.92 20.95 22.05 22.34 24.67 23.14 20.65 19.93 17.01 17.01 13.43 17.16 10.95 6.86 8.03 5.48 4.02 3.72 4.31 4.67 2.41 0.00 0.00 0.00 3.29 5.11 6.72 4.45 3.50 4.38 4.02 4.89 0.00 0.00 0.00 0.00 0.00 0.00 0.00 1.68 0.00 0.00 0.00 6.64 0.00 7.23 7.66 7.08 7.37 4.67
0.00 0.00 0.00 0.00 0.00 5.91 9.78 6.64 4.45 4.60 9.42 11.32 8.83 6.50 6.35 4.16 5.04 4.55 4.53 6.72 0.00 11.75 10.73 11.39 10.51 12.26 12.92 13.36 13.94 12.34 11.83 10.59 10.51 13.72 12.99 21.06 22.05 22.23 24.92 23.14 20.44 19.93 17.01 17.01 13.43 17.16 10.95 6.86 8.03 5.48 4.02 3.72 4.31 4.67 2.41 0.00 0.00 0.00 3.29 5.11 6.72 4.45 3.50 4.38 4.02 4.89 0.00 0.00 0.00 0.00 0.00 0.00 0.00 1.68 0.00 0.00 0.00 6.64 0.00 7.23 7.66 7.08 7.37 4.67
2.99 0.00 0.00 0.00 3.07 11.53 10.37 10.15 5.85 5.55 7.15 8.54 8.83 3.58 3.72 3.80 2.99 4.16 4.16 0.00 0.00 0.00 5.62 4.45 8.76 10.15 7.96 10.29 13.14 13.43 11.90 11.46 10.44 12.12 11.32 12.19 18.18 21.75 21.13 14.82 15.55 16.64 18.40 18.40 15.99 18.61 17.67 13.87 14.82 11.32 10.15 7.15 1.97 2.34 0.00 0.00 0.00 0.00 0.00 4.38 5.18 7.37 5.77 5.26 0.00 0.00 0.00 0.00 0.00 0.00 0.00 0.00 0.00 0.00 0.00 0.00 0.00 0.00 0.00 0.00 5.69 0.00 0.00 0.00
