Wansh/Snow_depth/snowdepth-1996/winter/1997016.txt
ncols 321
nrows 161
xllcenter 60
yllcenter 15 
cellsize  0.25 
NODATA_value -1
[rows 74 to 110 of 161, columns 84 to 167 of 321]
0.00 0.00 0.00 0.00 0.00 1.39 0.00 0.44 3.29 1.97 0.44 1.61 0.95 3.29 5.62 4.96 4.96 4.45 4.45 3.65 3.29 0.00 0.00 0.00 0.00 0.00 0.00 3.43 0.00 0.00 0.00 0.00 0.00 0.00 0.00 0.00 0.00 0.00 0.00 3.58 2.19 2.04 0.80 0.80 1.10 0.51 0.51 0.44 1.10 1.10 2.04 0.00 0.00 0.00 2.01 2.04 0.00 0.00 0.95 0.95 0.66 1.61 0.88 0.00 0.00 0.00 0.00 0.00 0.00 1.69 1.17 2.26 0.22 0.00 0.00 0.00 0.00 0.00 0.00 0.00 0.00 0.15 0.37 0.15
0.00 0.88 0.66 1.97 2.04 4.09 3.14 1.97 4.96 2.34 3.07 1.97 3.14 5.04 4.02 4.31 4.67 5.18 5.18 3.80 3.87 0.00 0.00 0.00 4.60 3.58 4.02 0.00 3.43 2.70 1.90 0.00 0.00 0.00 0.00 0.00 0.00 0.00 0.00 4.23 4.16 2.85 0.95 0.95 1.83 0.51 0.15 1.02 0.58 1.02 1.02 1.75 1.68 1.10 1.75 0.95 0.95 1.53 1.61 1.24 1.24 1.31 1.46 1.39 1.10 0.00 0.00 0.29 0.29 2.13 3.21 1.53 0.95 0.00 0.00 0.00 0.00 0.00 0.00 0.00 0.00 0.00 0.00 0.00
0.00 4.02 1.90 3.58 4.23 5.26 3.80 4.31 4.74 4.53 3.29 4.09 6.06 5.55 4.96 4.02 4.23 5.91 5.91 5.18 3.65 2.85 2.92 4.82 3.43 3.58 0.00 0.00 4.23 4.38 0.00 0.00 0.00 0.00 0.00 0.00 0.00 0.00 6.06 4.09 3.58 3.94 1.90 1.90 2.56 1.10 1.31 2.99 1.02 1.02 1.61 0.66 0.00 0.00 0.58 0.73 0.73 1.17 0.37 0.15 0.37 0.73 0.88 1.31 0.73 0.66 0.44 0.07 0.07 2.56 3.80 3.36 1.97 0.73 0.00 0.00 0.00 0.00 0.00 0.00 0.00 0.00 0.00 0.00
3.94 3.14 3.58 3.14 4.23 5.33 5.04 5.04 5.04 5.04 6.35 5.55 5.91 5.91 6.28 5.48 6.13 0.00 0.00 0.00 2.99 3.14 2.92 3.07 0.00 0.00 0.00 3.80 4.53 0.00 0.00 0.00 0.00 0.00 0.00 0.00 0.00 0.00 4.82 5.40 4.53 4.23 3.14 3.14 2.63 2.48 2.19 3.80 0.00 0.00 0.00 0.00 0.00 1.10 1.24 0.95 0.00 0.00 0.15 0.07 1.02 0.58 1.17 1.24 0.88 0.44 1.24 1.10 1.10 1.97 2.70 2.26 2.56 2.12 0.80 0.00 0.00 0.00 0.15 0.00 0.00 0.00 0.00 0.22
8.69 5.69 3.21 3.50 5.33 6.20 4.23 5.48 5.69 5.99 5.33 5.55 4.96 5.84 6.35 7.23 6.86 6.57 6.57 0.00 3.80 4.09 4.02 3.07 0.00 4.09 0.00 0.00 0.00 0.00 0.00 0.00 0.00 0.00 3.29 2.70 0.00 0.00 2.77 4.45 4.16 3.50 3.65 3.65 0.00 3.07 0.00 0.00 0.00 2.99 0.00 0.00 0.95 1.10 1.61 1.53 1.02 1.31 0.00 0.58 1.46 1.90 1.31 1.17 1.90 2.26 2.48 3.29 3.29 4.31 2.63 2.34 2.63 2.12 3.65 0.95 0.15 0.67 0.00 0.00 0.00 0.00 0.22 0.15
5.91 8.03 6.79 4.89 4.31 2.99 5.04 5.18 5.18 4.60 5.69 5.40 5.26 6.06 6.86 5.62 7.08 5.69 5.69 4.60 4.45 3.94 0.00 3.21 3.80 3.21 0.00 0.00 0.00 0.00 0.00 0.00 0.00 0.00 0.00 0.00 0.00 0.00 0.00 2.70 3.36 0.00 0.00 0.00 0.00 0.00 0.00 0.00 0.00 0.00 0.00 0.00 0.00 0.00 1.31 0.00 0.58 1.17 2.26 2.77 2.56 2.99 1.97 1.83 2.63 3.21 3.43 3.43 3.43 3.50 3.50 2.92 4.16 4.89 7.12 3.21 0.95 0.44 0.73 0.00 0.00 0.00 0.15 1.32
0.00 2.63 3.65 3.50 3.94 3.87 4.09 5.11 4.82 4.53 4.02 4.16 3.94 4.23 3.43 4.23 4.96 5.55 5.55 0.00 0.00 0.00 2.04 4.09 0.00 2.85 3.58 3.36 0.00 0.00 2.56 0.00 0.00 0.00 0.00 0.00 0.00 0.00 0.00 2.63 2.77 0.00 0.00 0.00 0.00 0.00 0.00 0.00 0.00 0.00 0.00 0.00 0.00 0.00 0.00 0.00 0.00 0.66 2.70 3.07 3.43 2.99 2.56 2.04 1.90 2.56 2.04 2.19 2.19 2.41 2.92 4.09 5.55 10.73 6.06 7.19 1.42 0.99 0.15 0.51 0.51 0.00 0.00 0.66
0.00 0.00 0.00 3.72 4.60 4.23 0.00 3.72 4.82 4.02 4.38 3.94 3.58 3.80 4.31 4.16 3.87 3.36 3.36 0.00 3.21 0.00 2.34 1.97 2.56 0.00 2.34 3.21 2.77 0.00 0.00 0.00 0.00 0.00 2.77 0.00 0.00 0.00 2.19 0.00 0.00 0.00 0.00 0.00 0.00 0.00 0.00 0.00 0.00 0.00 0.00 0.00 0.00 0.00 0.29 0.44 0.22 0.88 1.68 2.19 2.70 2.41 1.61 1.31 0.29 0.00 0.00 0.00 0.00 1.97 3.58 8.18 10.37 12.63 9.20 3.96 1.99 0.92 1.29 1.35 0.37 0.00 0.00 0.00
0.00 2.12 0.00 0.00 4.67 0.00 0.00 0.00 0.00 4.23 4.09 0.00 4.02 4.53 4.31 2.77 0.00 0.00 0.00 3.14 2.19 0.00 0.00 1.83 2.77 2.04 2.77 0.00 1.68 0.00 2.19 0.00 0.00 0.00 3.29 3.07 1.75 2.34 1.68 1.02 0.00 0.00 0.00 0.00 0.00 0.00 0.00 0.00 0.00 0.00 0.00 0.00 0.00 0.15 0.00 0.37 0.80 0.00 0.80 1.24 2.19 2.48 2.12 1.83 0.88 0.51 0.00 0.88 0.88 1.46 2.34 5.33 4.96 10.59 11.39 8.54 3.36 1.10 0.15 0.81 0.15 0.07 0.00 0.00
3.50 3.07 2.12 0.00 0.00 0.00 0.00 2.92 0.00 2.63 0.00 3.80 0.00 4.09 4.53 4.02 0.00 0.00 0.00 2.63 2.34 0.00 0.00 0.00 1.53 1.97 0.00 0.00 1.83 0.00 1.83 0.00 0.00 0.00 1.10 2.63 1.24 0.58 0.88 0.00 0.00 0.00 0.00 0.00 0.00 0.00 0.00 0.00 0.00 0.00 0.00 0.00 0.00 0.00 0.00 0.00 0.22 0.00 0.00 0.15 0.80 0.29 1.24 1.31 1.10 1.17 1.10 0.51 0.51 1.90 1.10 1.17 0.95 5.18 9.27 3.65 1.17 0.80 0.44 0.51 1.02 0.07 0.37 0.29
4.09 2.56 2.26 0.00 0.00 0.00 0.00 3.58 2.85 2.04 2.99 0.00 0.00 3.21 3.21 0.00 0.00 3.43 3.43 0.00 2.99 0.00 2.77 2.12 2.63 0.00 0.00 0.00 0.00 2.04 0.00 0.00 0.00 1.97 0.00 0.00 0.00 0.07 0.00 0.00 0.00 0.00 0.00 0.00 0.00 0.00 0.00 0.00 0.00 0.00 0.29 0.00 0.00 0.07 0.00 1.02 1.53 1.31 0.22 0.00 0.22 0.44 1.24 1.10 0.95 0.80 0.73 1.83 1.83 2.26 1.17 1.31 0.29 2.99 1.83 4.23 3.36 1.75 1.31 0.88 0.95 0.58 0.00 0.51
1.17 1.53 2.04 0.00 1.97 0.00 0.00 3.58 3.21 3.07 0.00 0.00 2.70 0.00 3.07 0.00 0.00 3.72 3.72 0.00 3.14 3.65 2.34 0.00 2.63 0.00 2.85 0.00 1.90 0.00 0.00 3.21 2.85 2.77 0.00 0.00 0.00 0.58 0.00 0.00 0.00 0.00 0.00 0.00 0.00 0.00 0.00 0.00 0.00 0.44 0.29 0.22 0.44 1.17 2.85 3.29 3.36 3.21 1.75 0.44 0.00 0.37 1.58 1.24 0.95 1.24 0.37 0.66 0.66 1.68 1.39 1.31 0.95 0.95 0.51 1.10 1.31 1.90 1.90 0.51 0.44 1.39 1.24 0.00
2.63 2.12 2.85 2.99 2.63 2.63 2.63 2.56 2.56 3.07 3.80 0.00 2.56 2.77 0.00 3.50 4.82 3.72 3.72 4.31 4.60 5.55 4.74 4.89 4.45 0.00 3.58 3.43 3.50 3.07 3.87 0.00 3.21 0.00 3.07 0.00 0.00 0.00 3.94 4.60 5.84 3.50 2.63 2.63 2.41 1.61 2.77 2.34 1.31 2.12 2.19 1.17 0.58 0.51 3.72 8.10 8.18 7.15 6.06 4.02 1.02 1.31 2.38 2.26 1.39 1.97 2.04 1.53 1.53 1.46 3.29 3.50 4.45 2.41 0.00 0.44 0.22 1.02 1.83 2.19 1.31 1.17 0.00 0.58
1.61 1.53 2.41 0.00 3.29 0.00 2.63 2.56 2.04 2.70 2.77 3.14 2.56 2.34 3.58 3.80 3.58 4.60 4.60 3.65 4.74 5.91 4.53 4.45 3.36 2.92 3.43 3.36 3.72 3.07 0.00 2.56 2.99 3.29 3.50 0.00 0.00 0.00 4.53 5.11 5.84 4.09 2.34 2.34 3.21 3.14 3.07 2.92 1.53 1.53 1.53 1.10 0.95 0.44 2.56 5.77 7.37 8.10 8.47 5.99 2.41 1.02 2.26 2.85 2.52 2.56 3.58 2.04 2.04 1.53 2.77 5.69 6.35 3.80 2.04 0.80 1.17 1.24 0.95 0.66 1.90 2.19 0.44 0.66
2.63 2.34 0.00 0.00 0.00 0.00 0.00 2.92 0.00 0.00 3.29 4.16 3.65 3.58 3.50 3.36 3.21 3.94 3.94 3.43 3.43 5.40 5.40 3.87 4.45 4.02 3.50 3.94 2.77 0.00 2.70 4.23 3.72 3.94 2.63 3.14 0.00 3.43 4.74 4.02 4.02 3.94 2.77 2.77 2.85 3.50 3.21 4.96 2.26 2.04 2.12 1.97 1.83 2.41 4.53 4.96 6.28 5.77 7.52 7.15 4.38 1.31 1.39 2.56 3.17 4.02 2.99 5.33 5.33 2.63 2.19 4.38 4.96 5.40 2.12 1.39 1.39 0.80 1.02 1.61 1.53 1.83 0.80 0.66
2.04 0.00 0.00 0.00 0.00 0.00 0.00 0.00 0.00 0.00 4.02 3.43 3.80 3.43 3.43 2.99 4.02 2.63 2.63 2.63 4.02 4.96 3.80 3.87 4.31 4.38 4.67 2.99 3.14 2.77 3.87 4.09 4.23 4.02 3.80 2.41 3.50 0.00 3.58 3.43 0.00 2.92 3.07 3.07 4.23 5.55 4.74 6.28 5.26 4.74 4.67 4.45 5.26 3.80 5.48 5.40 4.38 5.33 5.71 3.98 1.61 2.26 1.86 3.72 5.19 11.59 9.68 8.10 8.10 2.70 4.38 4.53 4.53 3.72 3.72 2.26 2.34 2.04 1.61 0.69 1.69 1.81 1.17 1.61
1.39 1.17 1.02 0.00 0.00 0.00 0.00 0.00 2.56 0.00 0.00 2.48 0.00 4.09 0.00 0.00 0.00 0.00 0.00 3.07 0.00 4.09 3.29 2.77 3.43 3.21 3.72 2.85 2.77 3.87 3.50 4.38 3.21 3.87 3.21 2.19 2.99 0.00 0.00 0.00 0.00 2.77 1.17 1.17 4.09 5.18 4.60 5.04 7.30 7.08 6.50 6.57 8.32 6.64 7.81 8.25 6.79 4.31 3.87 2.70 1.20 2.26 3.91 7.15 10.95 13.94 14.20 11.35 10.99 5.94 5.40 4.89 3.87 5.18 4.45 2.70 2.41 1.61 2.22 1.07 0.67 2.07 1.96 0.98
0.58 1.17 1.17 2.04 0.00 0.00 1.39 1.24 0.00 0.00 0.00 0.00 0.00 0.00 0.00 0.00 0.00 0.00 0.00 0.00 2.04 2.99 2.99 0.00 0.00 3.14 0.00 0.00 0.00 0.00 0.00 3.65 2.12 2.48 2.56 2.41 2.34 0.00 0.00 0.00 0.00 1.75 0.00 0.00 2.12 2.85 2.34 2.85 6.79 5.99 5.77 9.71 13.87 11.75 12.19 12.48 14.53 9.86 7.52 5.16 2.56 2.56 3.35 6.46 8.52 12.96 14.16 13.51 13.57 11.96 7.41 6.28 8.61 5.91 3.96 4.02 2.56 1.46 2.93 2.75 2.01 3.80 2.43 2.38
1.02 1.53 1.02 1.17 2.04 0.88 2.04 2.12 1.31 0.00 0.00 0.00 0.00 0.00 0.00 0.00 0.00 0.00 0.00 0.00 1.83 0.00 2.63 0.00 0.00 0.00 0.00 0.00 0.00 0.00 0.00 0.00 0.00 0.00 0.00 0.00 0.00 0.00 0.00 0.00 0.00 0.44 0.00 0.00 0.29 0.95 0.58 1.68 4.09 4.31 4.82 7.37 11.39 13.72 17.37 20.00 20.22 17.67 15.04 9.51 6.05 5.05 4.87 5.00 13.24 10.87 12.50 12.26 12.26 6.27 7.22 8.94 10.56 8.45 6.97 6.19 4.60 3.34 3.31 3.58 4.18 4.67 4.79 3.65
1.46 1.39 1.17 0.80 0.88 2.12 1.90 2.19 0.00 0.00 1.97 1.31 0.00 0.00 0.00 0.00 1.97 2.56 2.56 0.00 0.00 2.26 0.00 1.75 0.00 0.00 0.00 0.00 0.00 0.00 0.00 0.00 0.00 0.00 0.00 0.00 0.00 0.00 0.00 0.00 0.00 0.00 0.00 0.00 0.00 0.00 0.00 1.02 2.41 3.36 6.06 6.13 9.34 14.60 18.47 22.41 23.66 23.94 19.93 14.82 9.78 11.58 8.12 6.30 9.40 11.38 8.73 4.31 4.31 3.76 5.49 6.51 8.08 10.64 9.93 6.31 7.01 5.19 4.00 3.39 4.20 6.65 6.11 5.25
1.10 1.02 1.53 1.61 0.58 1.39 1.68 0.00 0.00 1.90 0.00 0.00 0.00 0.00 0.00 2.48 2.04 2.19 2.19 0.00 0.00 0.00 0.00 0.00 0.00 0.00 0.00 0.00 0.00 0.00 0.00 0.00 0.00 0.00 0.00 0.00 0.00 0.00 0.00 0.00 0.15 0.00 0.00 0.00 0.00 0.44 1.53 2.92 1.10 3.65 8.76 8.76 10.35 11.74 15.36 20.75 24.68 27.30 27.16 23.58 15.04 9.76 9.14 6.37 7.30 10.08 7.34 5.33 5.36 3.26 3.91 5.52 10.41 7.46 10.58 9.34 8.79 6.66 2.81 4.66 4.99 6.36 4.89 4.71
1.24 1.02 1.97 1.02 1.17 1.39 0.00 0.00 0.00 1.31 1.83 0.00 0.00 0.00 0.00 1.10 0.00 0.00 0.00 0.00 0.00 2.70 0.00 0.00 0.00 3.21 1.97 0.66 1.10 0.00 0.00 0.00 0.00 0.00 0.00 1.39 1.46 0.00 0.00 0.00 0.00 0.00 0.73 0.73 0.00 0.29 2.92 2.48 7.96 12.92 12.70 12.99 12.41 10.63 13.47 18.14 22.99 27.18 26.83 26.84 22.45 14.01 9.55 9.01 5.79 6.33 7.94 1.83 1.83 3.02 3.17 2.68 5.39 4.16 6.90 5.21 7.97 7.10 2.55 2.70 3.40 5.75 4.58 3.59
1.46 1.97 1.97 1.53 1.53 2.92 2.26 0.00 1.24 2.48 0.00 0.00 0.00 0.00 0.00 0.00 0.00 0.00 0.00 0.00 0.00 0.00 0.00 0.00 0.00 0.00 0.00 1.97 1.83 0.07 0.00 0.07 0.00 0.00 0.00 0.00 0.29 0.00 0.00 0.00 0.00 0.00 2.56 2.56 0.22 1.68 5.18 4.53 11.83 17.16 16.57 15.84 15.70 13.72 17.28 19.79 18.49 19.42 22.46 23.66 16.65 15.06 12.34 6.41 4.84 7.09 4.87 1.85 1.83 1.85 2.78 1.80 2.90 3.39 2.48 3.30 3.41 3.02 3.10 3.28 3.24 4.82 5.64 3.30
0.95 1.10 0.00 1.02 2.04 3.43 4.45 7.01 6.28 4.89 3.14 0.00 0.58 0.00 0.00 0.00 0.00 0.00 0.00 0.00 0.00 0.00 0.00 0.00 0.00 2.41 2.04 3.07 1.10 0.51 1.53 0.00 1.90 1.46 1.02 0.00 0.00 0.00 0.00 0.00 0.00 1.61 4.45 4.45 3.72 6.64 8.40 7.59 15.33 20.14 17.99 17.86 18.19 18.37 17.00 15.92 14.53 15.70 16.46 15.52 13.50 14.37 15.75 9.64 4.30 4.13 3.34 3.16 3.08 0.66 1.31 0.25 2.84 3.34 4.11 1.61 2.52 1.45 1.27 1.86 2.61 3.06 2.00 2.83
4.02 0.00 3.87 4.38 4.23 11.53 4.96 17.23 15.48 11.75 8.10 11.10 8.54 4.53 3.65 2.12 1.83 2.70 2.70 0.00 0.00 0.00 0.00 0.00 2.19 1.83 1.83 1.61 1.68 2.04 1.61 1.83 1.61 1.90 1.75 0.73 2.92 0.00 1.46 2.41 3.65 3.58 9.20 9.20 11.39 11.97 12.99 18.25 14.38 15.33 17.38 15.61 14.34 18.31 16.79 14.53 14.52 16.75 17.86 18.42 20.98 17.55 12.40 12.57 11.61 5.87 2.61 1.35 1.33 0.00 0.00 0.08 1.36 3.35 5.09 4.82 1.82 0.66 0.00 0.32 1.08 0.76 2.16 3.94
8.61 4.96 9.56 10.15 18.47 19.20 10.95 17.52 11.61 12.05 11.83 13.07 14.09 9.78 6.50 4.53 3.87 2.41 2.41 0.00 1.39 1.10 0.00 0.00 2.26 0.88 1.53 1.17 2.26 1.90 1.61 0.95 0.66 1.68 1.17 2.63 4.45 2.85 2.12 1.10 1.39 1.61 7.15 7.15 8.40 7.52 6.64 12.63 10.91 12.47 13.62 11.31 10.25 10.93 11.93 9.33 10.62 11.76 15.64 21.74 20.35 14.07 11.24 10.08 7.01 5.69 3.96 0.93 0.91 0.73 0.00 0.40 0.88 1.80 4.50 3.36 2.58 0.00 0.15 0.00 0.00 1.98 1.86 2.51
7.01 11.10 13.51 13.36 16.86 24.45 14.75 13.51 10.95 9.56 11.68 14.60 14.45 11.10 10.15 5.84 3.36 2.70 2.70 2.19 1.10 0.73 0.00 0.00 0.44 0.00 0.58 0.07 1.61 2.19 0.95 0.15 0.37 0.73 2.63 2.34 3.43 5.48 0.95 0.22 0.00 0.00 3.65 3.65 4.45 3.50 3.29 6.05 6.41 9.23 10.63 10.42 10.09 10.85 11.58 9.70 7.25 7.96 10.93 17.00 19.78 20.19 14.67 8.40 6.79 5.96 4.47 3.45 3.83 0.16 0.00 0.00 0.36 2.67 3.52 4.94 0.51 1.31 0.00 0.00 0.00 0.56 1.72 0.82
4.89 6.13 6.94 12.41 8.76 19.64 15.40 13.06 10.95 10.22 8.91 10.00 11.39 7.01 6.28 7.15 3.21 2.77 2.77 1.31 1.39 1.31 0.58 0.00 0.15 0.00 0.00 0.00 1.68 0.37 0.51 0.00 0.80 0.95 2.70 2.56 1.68 0.37 0.00 0.00 0.00 0.00 1.02 1.02 1.02 0.44 1.24 2.64 3.72 6.98 7.54 9.00 8.48 10.32 8.76 9.67 6.80 5.45 7.22 10.99 15.63 20.09 20.10 14.53 11.46 9.73 4.01 3.06 2.95 0.08 0.16 0.00 0.00 1.31 1.45 2.62 2.59 0.00 0.08 0.00 0.00 2.45 2.52 2.32
0.00 0.00 2.41 2.92 3.14 13.87 13.36 16.28 14.24 12.70 8.03 6.35 6.57 3.43 2.92 3.94 1.39 2.48 2.48 1.39 1.53 0.73 0.37 0.37 0.00 0.00 0.51 0.51 0.00 0.07 0.00 0.00 0.00 0.00 0.80 0.37 0.22 0.00 0.00 0.00 0.00 0.00 0.00 0.00 0.00 0.44 1.75 4.31 4.82 5.48 5.71 6.27 7.65 8.24 8.57 10.64 5.82 5.40 4.98 8.76 11.80 15.14 20.50 21.78 17.61 5.72 4.02 4.54 4.56 2.82 0.00 0.00 0.00 0.00 2.87 2.32 0.60 0.88 0.00 0.00 0.66 1.58 2.88 1.05
0.00 0.00 0.00 0.00 0.00 6.20 11.97 15.48 20.08 14.45 8.54 4.09 4.23 0.00 0.00 0.88 1.46 0.80 0.80 2.26 0.00 0.73 0.00 0.00 0.00 0.00 0.00 0.00 0.00 0.00 0.00 0.00 0.00 0.00 0.00 0.00 0.00 0.00 0.00 0.00 0.00 0.00 0.00 0.00 0.00 0.00 1.76 3.36 3.93 3.76 4.72 6.64 10.08 8.70 6.53 5.42 5.02 7.58 8.27 11.65 16.02 21.44 21.38 18.66 20.51 21.14 9.41 6.75 7.90 4.92 1.00 0.56 0.00 0.00 1.23 0.42 0.73 0.80 0.08 0.00 0.17 2.07 2.60 0.23
0.00 0.00 0.00 0.00 6.42 3.87 7.66 12.78 21.24 10.95 9.64 6.13 4.31 2.70 1.61 3.50 3.36 1.24 1.24 0.15 0.00 0.00 0.00 0.00 0.00 0.00 0.00 0.00 0.00 0.00 0.00 0.00 0.00 0.00 0.00 0.00 0.00 0.00 0.00 0.00 0.00 0.00 0.00 0.00 0.00 0.00 0.95 1.29 1.85 3.31 4.63 7.88 7.89 6.94 6.54 0.00 0.00 0.00 0.00 11.36 19.39 16.52 19.01 17.33 21.38 21.65 16.42 4.76 5.33 6.97 6.65 2.73 0.26 0.00 0.00 0.56 0.91 0.00 0.00 0.00 0.00 0.46 2.71 0.00
0.00 0.00 0.00 0.00 0.00 0.00 2.99 13.87 13.51 9.86 6.86 6.72 9.20 7.23 4.96 7.63 6.27 2.04 2.04 0.00 0.00 0.00 0.00 0.00 0.00 0.00 0.00 0.00 0.00 0.00 0.00 0.00 0.00 0.00 0.00 0.00 0.00 0.00 0.00 0.00 0.00 0.00 0.00 0.00 0.00 0.00 0.00 0.00 1.38 4.06 6.74 8.05 8.76 5.92 0.00 0.00 0.00 0.00 0.00 0.00 12.12 17.09 15.74 15.29 21.59 18.93 23.13 9.40 9.60 13.31 7.50 4.07 2.73 1.35 0.00 0.90 0.24 0.00 0.00 0.00 0.00 0.30 0.45 0.00
0.00 0.00 0.00 0.00 0.00 0.00 4.38 6.79 11.83 4.60 8.69 12.34 7.45 8.10 9.64 7.41 8.69 3.95 3.69 3.65 2.19 0.66 0.88 0.00 0.00 0.00 0.00 0.00 0.00 0.00 0.00 0.00 0.00 0.00 0.00 0.58 0.00 0.00 0.00 0.37 4.60 0.73 0.44 0.44 1.90 0.73 0.00 0.00 0.60 6.34 8.60 9.77 7.77 0.00 0.00 0.00 0.00 0.00 0.00 0.00 0.00 12.62 12.87 11.56 21.01 18.65 16.38 16.79 20.52 9.33 6.72 4.08 3.24 0.33 0.41 0.64 0.56 0.28 0.00 0.00 0.00 0.00 0.00 0.00
0.00 0.00 0.00 0.00 0.00 0.00 0.00 0.00 0.00 0.00 0.00 3.94 0.00 0.00 0.00 4.89 6.64 3.36 3.42 4.82 6.79 6.57 5.77 4.82 2.77 1.68 1.97 3.43 0.00 0.00 2.26 0.88 1.83 0.00 1.46 3.36 4.09 1.46 3.87 8.44 8.28 9.36 10.88 10.88 11.97 2.85 1.46 4.26 5.79 0.00 0.00 0.00 0.00 0.00 0.00 0.00 0.00 0.00 0.00 0.00 0.00 0.00 0.00 9.07 12.70 12.70 13.04 7.70 8.61 14.99 6.50 4.37 2.83 0.35 0.37 0.81 0.57 0.00 0.00 0.00 0.00 0.00 0.00 0.00
0.00 0.00 0.00 0.00 0.00 0.00 0.00 0.00 0.00 0.00 0.00 0.00 0.00 0.00 0.00 0.00 5.62 5.33 5.33 3.58 7.74 6.28 5.48 5.69 3.07 3.73 4.42 4.31 4.82 0.00 4.02 3.72 2.26 1.83 1.83 4.74 5.91 6.06 7.15 8.47 11.33 14.26 11.17 12.48 12.85 9.27 5.99 5.84 7.08 0.00 0.00 0.00 0.00 0.00 0.00 0.00 0.00 0.00 0.00 0.00 0.00 0.00 0.00 7.64 6.42 10.01 7.74 8.69 8.69 0.00 5.80 2.55 0.00 1.66 0.00 0.00 0.52 0.00 0.00 0.00 0.00 0.00 0.00 0.00
0.00 0.00 0.00 0.00 0.00 0.00 0.00 0.00 0.00 0.00 0.00 0.00 0.00 0.00 0.00 0.00 0.00 0.00 0.00 0.00 0.00 6.50 3.58 4.89 0.44 1.69 4.10 4.02 4.60 5.33 4.09 4.02 0.89 1.31 1.17 5.75 3.80 8.47 6.28 5.18 8.70 8.54 7.79 9.89 9.93 13.29 9.25 9.08 4.72 0.00 0.00 0.00 0.00 0.00 0.00 0.00 0.00 0.00 0.00 0.00 0.00 0.00 0.00 0.00 0.00 0.00 0.00 0.00 0.00 5.86 0.00 0.00 1.22 0.00 0.00 0.00 0.00 0.00 0.00 0.00 0.00 0.00 0.00 0.00
0.00 0.00 0.00 0.00 0.00 0.00 0.00 0.00 0.00 0.00 0.00 0.00 0.00 0.00 0.00 0.00 0.00 0.00 0.00 0.00 0.00 0.00 2.04 2.48 0.00 0.00 4.09 3.72 3.29 1.10 4.02 1.96 2.13 1.02 0.00 0.00 0.00 3.29 1.68 0.00 4.09 0.00 0.00 0.00 4.71 10.60 5.87 0.00 0.00 0.00 0.00 0.00 0.00 0.00 0.00 0.00 0.00 0.00 0.00 0.00 0.00 0.00 0.00 0.00 0.00 0.00 0.00 0.00 0.00 0.00 0.00 0.00 0.00 0.00 0.00 0.00 0.00 0.00 0.00 0.00 0.00 0.00 0.00 0.00
