Wansh/Snow_depth/snowdepth-1996/winter/1997032.txt
ncols 321
nrows 161
xllcenter 60
yllcenter 15 
cellsize  0.25 
NODATA_value -1
[rows 0 to 36 of 161, columns 168 to 251 of 321]
10.88 7.01 8.03 5.69 5.84 5.18 5.48 5.33 6.06 6.06 5.62 5.91 4.89 5.62 5.69 4.82 6.50 5.99 8.10 9.27 9.13 8.32 8.54 8.54 7.59 4.31 0.00 1.24 0.00 0.00 0.00 0.00 11.10 13.87 12.34 12.34 12.19 12.48 15.55 17.16 16.72 16.13 16.13 26.72 28.98 27.30 29.71 27.08 22.85 16.21 15.77 15.77 18.25 16.06 17.23 19.42 21.02 20.73 21.68 23.14 23.14 23.87 27.74 26.94 29.86 30.81 30.66 31.17 26.35 23.51 24.09 22.12 19.86 20.22 20.22 19.56 21.68 21.68 21.97 22.34 21.10 18.69 21.39 20.73
8.83 9.78 6.28 6.42 6.72 5.11 5.77 4.23 5.18 5.18 4.53 6.20 6.20 6.06 5.69 6.20 5.77 7.81 8.47 8.40 7.66 7.15 7.15 7.37 4.38 5.69 1.53 0.00 0.00 0.00 0.00 4.02 10.44 12.05 11.61 11.61 11.97 11.53 18.76 21.02 24.53 23.29 25.77 29.42 30.08 28.32 28.98 26.65 20.29 20.22 20.51 19.56 19.35 18.69 17.74 20.08 21.17 22.78 23.36 23.00 23.00 24.31 25.62 27.96 27.52 29.71 25.77 25.92 26.28 23.29 21.75 22.05 20.44 18.32 18.98 19.05 17.89 20.95 20.95 16.50 17.45 16.28 13.80 13.51
16.06 13.07 13.80 11.61 10.73 7.81 4.82 5.11 4.31 4.31 6.42 6.50 5.48 6.06 6.35 5.48 8.32 7.81 8.61 9.34 8.83 8.83 8.03 6.64 7.15 1.39 0.00 0.00 0.00 0.00 1.31 6.35 10.80 10.95 12.12 12.12 12.05 11.97 17.08 23.80 25.19 25.99 26.94 26.57 26.13 18.25 18.18 19.35 18.69 19.86 20.81 20.00 20.44 20.08 20.73 21.10 20.66 22.12 23.07 24.16 24.16 24.31 24.60 20.95 21.68 21.32 23.73 23.00 22.63 22.70 21.24 18.18 18.03 17.52 12.48 15.18 15.40 12.34 14.09 14.67 11.24 11.68 11.24 9.93
16.06 13.07 13.80 11.61 10.73 7.81 4.82 5.11 4.31 4.31 6.42 6.50 5.48 6.06 6.35 5.48 8.32 7.81 8.61 9.34 8.83 8.83 8.03 6.64 7.15 1.39 0.00 0.00 0.00 0.00 1.31 6.35 10.80 10.95 12.12 12.12 12.05 11.97 17.08 23.80 25.19 25.99 26.94 26.57 26.13 18.25 18.18 19.35 18.69 19.86 20.81 20.00 20.44 20.08 20.73 21.10 20.66 22.12 23.07 24.16 24.16 24.31 24.60 20.95 21.68 21.32 23.73 23.00 22.63 22.70 21.24 18.18 18.03 17.52 12.48 15.18 15.40 12.34 14.09 14.67 11.24 11.68 11.24 9.93
14.97 15.26 14.24 12.34 12.92 9.34 10.07 6.50 5.40 5.40 5.40 7.01 8.91 8.54 9.42 10.95 10.44 12.19 9.93 10.22 9.13 7.59 2.48 0.00 0.00 0.00 0.00 0.00 0.00 0.00 4.67 9.05 10.95 10.73 12.48 12.48 12.78 17.81 17.89 20.95 23.00 21.24 18.47 17.30 17.74 17.52 17.67 20.51 21.17 22.12 20.44 20.29 20.08 20.37 20.88 20.95 21.68 22.78 22.92 21.02 21.02 20.44 20.73 20.73 20.95 18.69 20.88 21.53 20.00 15.70 15.26 15.84 12.05 10.37 11.17 8.69 10.59 10.66 10.29 10.88 10.95 11.02 10.80 10.22
17.96 19.56 19.71 13.94 14.24 11.46 8.98 12.41 6.79 6.79 7.15 6.57 9.56 11.75 14.16 12.05 15.40 12.05 7.66 8.47 4.96 0.73 2.48 0.00 0.00 0.00 0.00 0.00 0.00 4.38 8.83 7.74 12.26 11.02 12.56 12.56 16.43 17.74 20.44 20.29 19.35 19.71 19.05 17.96 18.03 19.93 19.64 20.15 20.51 21.61 21.53 23.14 22.70 21.75 21.83 21.02 20.08 16.79 18.83 18.32 18.32 19.78 19.13 18.98 18.98 18.03 11.46 13.36 12.85 12.26 10.29 10.59 11.24 9.56 9.20 9.05 9.64 10.44 10.15 11.83 13.43 11.68 13.51 13.65
16.79 19.27 18.91 19.35 17.81 15.48 15.26 15.33 12.48 12.48 11.10 10.73 13.87 15.55 15.62 15.91 12.78 14.02 7.30 1.31 0.00 0.00 0.00 0.00 0.00 0.00 0.00 0.00 4.31 7.52 10.15 10.00 17.59 13.43 16.21 16.21 19.78 21.02 19.93 19.56 18.25 17.08 17.01 17.01 17.59 18.83 20.08 19.27 20.00 19.49 20.73 22.85 21.83 18.83 17.67 15.84 16.06 15.70 15.04 16.35 16.35 17.81 17.52 16.64 13.51 10.95 11.32 11.02 11.02 10.95 10.59 9.34 8.76 9.13 7.45 8.91 8.61 9.27 11.75 11.94 15.49 20.29 16.19 19.88
16.79 19.27 18.91 19.35 17.81 15.48 15.26 15.33 12.48 12.48 11.10 10.73 13.87 15.55 15.62 15.91 12.78 14.02 7.30 1.31 0.00 0.00 0.00 0.00 0.00 0.00 0.00 0.00 4.31 7.52 10.15 10.00 17.59 13.43 16.21 16.21 19.78 21.02 19.93 19.56 18.25 17.08 17.01 17.01 17.59 18.83 20.08 19.27 20.00 19.49 20.73 22.85 21.83 18.83 17.67 15.84 16.06 15.70 15.04 16.35 16.35 17.81 17.52 16.64 13.51 10.95 11.32 11.02 11.02 10.95 10.59 9.34 8.76 9.13 7.45 10.30 11.88 13.34 16.10 20.28 25.58 27.00 20.83 20.62
14.24 17.89 20.44 18.69 16.72 17.30 16.86 14.38 16.50 16.50 13.21 16.35 16.21 16.35 15.99 13.21 14.16 7.01 0.07 1.68 0.00 0.00 0.00 0.00 0.00 0.00 0.00 3.07 6.28 8.18 11.10 9.71 12.34 18.83 20.95 20.95 20.22 22.27 20.95 18.54 17.89 19.13 20.08 21.32 20.59 21.02 20.44 20.81 19.42 19.78 19.42 18.25 18.69 18.10 14.82 14.31 15.11 15.26 15.18 16.43 16.43 16.06 16.21 16.21 14.53 13.87 10.80 11.39 10.51 10.00 9.86 9.42 9.13 8.35 10.27 13.26 14.24 13.05 14.03 24.14 20.52 23.11 22.53 22.83
10.80 14.24 17.23 17.08 16.64 15.40 12.99 13.07 14.45 14.45 17.16 16.35 16.72 14.67 14.60 13.65 0.00 0.00 0.00 0.00 0.00 0.00 0.00 0.00 0.00 2.26 6.42 8.03 7.52 8.54 9.34 9.86 14.53 15.48 19.05 19.05 21.46 15.04 15.84 15.26 17.67 19.05 21.10 20.59 20.95 21.10 22.41 22.48 22.92 18.83 17.45 15.99 16.06 14.53 14.89 13.80 14.60 16.43 15.99 15.99 15.99 15.99 16.13 15.40 16.35 14.45 12.12 10.22 10.95 9.56 11.46 10.22 11.39 13.43 13.91 12.76 15.76 17.66 18.79 22.14 21.69 21.17 26.41 24.05
8.91 8.91 11.90 9.64 11.97 14.67 14.97 13.36 12.63 12.63 12.56 12.12 8.18 9.20 3.72 0.00 0.00 0.00 0.00 0.00 1.68 0.00 1.61 3.72 7.59 7.74 10.29 10.66 10.59 10.37 10.95 11.02 14.02 13.21 15.77 15.77 17.23 15.18 17.81 18.54 19.20 18.91 20.08 19.56 15.33 17.52 18.40 19.49 21.68 20.73 16.06 15.62 14.60 15.11 14.53 14.38 16.43 18.03 19.27 23.58 23.58 20.15 20.95 17.37 15.99 12.63 13.58 10.51 11.83 11.90 11.68 11.39 9.73 9.86 10.54 15.31 17.21 18.69 18.45 19.15 20.48 21.31 22.86 20.52
8.91 8.91 11.90 9.64 11.97 14.67 14.97 13.36 12.63 12.63 12.56 12.12 8.18 9.20 3.72 0.00 0.00 0.00 0.00 0.00 1.68 0.00 1.61 3.72 7.59 7.74 10.29 10.66 10.59 10.37 10.95 11.02 14.02 13.21 15.77 15.77 17.23 15.18 17.81 18.54 19.20 18.91 20.08 19.56 15.33 17.52 18.40 19.49 21.68 20.73 16.06 15.62 14.60 15.11 14.53 14.38 16.43 18.03 19.27 23.58 23.58 20.15 20.95 17.37 15.99 12.63 13.58 10.51 11.83 11.90 11.68 11.39 9.49 9.71 10.22 14.22 15.34 17.30 19.68 19.87 20.48 20.84 25.11 21.96
11.02 9.20 8.18 8.10 9.20 11.83 10.51 10.59 9.64 9.64 7.01 7.45 5.33 0.00 0.00 0.00 0.00 0.00 3.94 3.80 3.65 8.83 9.13 8.91 11.10 10.07 10.15 10.51 11.02 10.37 9.93 10.37 11.83 14.24 13.07 13.07 13.51 14.53 17.37 17.96 16.72 15.04 13.80 13.72 14.31 14.45 12.56 15.26 17.23 16.94 17.01 15.99 15.18 15.11 15.99 18.40 17.52 19.13 21.17 22.92 22.92 21.68 20.15 20.37 16.13 13.51 14.67 14.75 13.07 13.51 11.83 11.83 12.92 11.10 11.23 12.96 17.13 15.76 18.12 22.23 20.48 21.15 20.78 21.44
12.05 12.41 9.86 8.03 8.69 8.25 6.79 0.80 0.00 0.00 0.00 0.00 0.00 0.00 0.00 0.00 0.00 3.72 7.96 7.15 9.27 10.44 12.19 11.17 11.17 11.97 11.90 11.75 12.70 10.66 10.95 11.68 11.32 13.14 14.24 14.24 13.36 13.36 15.33 14.82 15.77 15.48 14.09 10.95 10.88 10.59 12.41 14.09 16.79 16.35 15.48 16.50 14.89 15.40 15.62 17.30 18.03 17.89 17.96 19.49 19.49 22.85 22.05 20.73 19.20 18.83 16.94 16.35 17.01 14.89 16.50 13.80 13.87 13.28 13.65 15.28 14.60 18.79 18.87 18.16 19.81 18.27 18.70 20.60
12.19 13.51 11.83 12.26 10.80 8.69 3.72 5.48 0.00 0.00 0.00 0.00 0.00 0.00 1.61 3.50 0.00 1.53 7.45 9.05 10.07 9.71 11.90 12.92 12.19 12.34 12.78 12.63 11.53 11.61 10.37 10.88 10.73 11.75 11.10 11.10 12.85 14.24 14.02 14.38 10.66 10.00 9.93 10.73 11.53 14.02 14.31 14.45 15.55 15.62 15.55 15.62 15.99 17.23 19.20 18.61 18.25 19.78 19.93 22.41 22.41 22.05 22.48 21.68 20.81 20.59 19.20 17.74 18.91 17.89 17.74 17.08 12.95 17.42 15.65 17.14 16.21 20.12 18.69 18.62 18.42 17.63 19.60 17.18
13.94 13.51 13.07 11.75 12.26 11.61 11.17 10.07 8.32 8.32 9.20 6.64 5.26 5.69 5.33 5.62 6.72 6.50 8.76 8.10 9.78 11.17 12.12 11.39 13.43 13.58 13.14 12.26 12.19 11.32 11.02 10.66 11.24 12.19 10.66 10.66 11.97 12.92 10.80 9.93 9.93 9.71 9.71 12.19 12.41 13.07 14.75 14.60 15.18 15.48 15.55 12.99 14.53 17.52 19.42 20.44 19.93 20.08 18.83 21.24 21.24 23.00 22.48 22.34 20.51 17.45 18.25 16.86 19.35 19.78 19.56 19.12 18.16 14.99 18.03 16.80 19.36 16.55 17.54 18.37 18.43 20.44 17.34 17.21
13.94 13.51 13.07 11.75 12.26 11.61 11.17 10.07 8.32 8.32 9.20 6.64 5.26 5.69 5.33 5.62 6.72 6.50 8.76 8.10 9.78 11.17 12.12 11.39 13.43 13.58 13.14 12.26 12.19 11.32 11.02 10.66 11.24 12.19 10.66 10.66 11.97 12.92 10.80 9.93 9.93 9.71 9.71 12.19 12.41 13.07 14.75 14.60 15.18 15.48 15.55 12.99 14.53 17.52 19.42 20.44 19.93 20.08 18.83 21.24 21.24 23.00 22.48 22.34 20.51 17.45 18.25 16.86 19.35 19.78 19.56 23.47 17.02 16.29 16.19 20.79 19.65 18.30 17.89 16.57 17.81 17.58 18.86 19.54
11.32 13.07 13.14 11.68 11.75 11.02 10.73 11.10 10.95 10.95 8.47 9.78 8.54 8.98 8.32 6.20 7.66 7.59 7.81 8.03 9.27 10.22 11.17 10.59 11.83 12.05 12.48 11.90 10.22 11.24 10.88 11.53 12.34 12.26 10.88 10.88 11.02 10.29 10.51 10.29 10.51 12.70 12.26 11.53 11.68 9.49 12.99 12.34 10.73 11.83 12.05 11.83 13.36 15.18 13.94 18.54 19.27 18.54 21.24 20.44 20.44 23.65 22.12 19.64 20.66 16.94 16.57 16.35 18.54 20.29 19.06 16.93 21.28 16.71 18.82 23.05 23.24 18.03 17.30 20.61 18.74 17.90 19.15 16.94
11.53 10.51 14.24 12.78 13.51 11.24 10.88 10.80 10.37 10.37 9.86 9.93 9.34 9.20 12.34 11.46 10.29 8.83 8.25 9.93 10.29 10.44 9.56 8.91 10.59 10.59 9.64 10.73 10.37 10.51 11.17 11.68 11.53 11.75 11.75 11.75 11.24 11.10 10.66 11.17 11.39 11.46 11.75 6.72 5.69 7.23 7.59 8.83 9.86 10.00 10.37 9.56 10.00 12.85 11.97 15.11 15.04 18.25 20.44 19.71 19.71 20.00 19.71 19.27 17.45 18.18 16.57 19.05 19.64 19.59 21.90 20.87 21.41 22.99 18.71 21.02 21.58 22.48 19.93 21.48 17.67 18.33 17.69 18.20
6.06 8.47 11.97 12.99 13.94 13.94 11.97 12.41 11.97 11.97 11.39 14.97 15.26 14.38 13.94 13.65 15.04 12.26 11.61 13.72 12.19 12.63 13.14 11.61 11.32 10.07 10.80 10.37 10.51 8.54 10.15 10.66 11.53 11.68 12.05 12.05 10.37 9.42 9.93 9.93 9.56 7.23 5.99 6.06 6.20 6.79 7.66 7.52 10.22 11.61 11.61 10.00 9.27 7.15 9.78 14.31 12.78 16.57 18.83 19.78 19.78 20.44 20.22 20.73 17.52 17.89 17.74 18.76 19.20 22.63 21.97 23.43 23.29 24.38 24.31 22.66 21.77 28.66 26.83 19.22 18.39 16.46 14.51 19.22
6.57 6.35 8.10 11.39 9.93 12.92 14.02 13.87 13.94 13.94 15.11 14.67 16.50 17.96 15.84 15.04 14.97 17.23 16.72 16.28 15.40 17.01 16.79 15.77 11.02 9.20 7.59 7.81 8.10 7.74 9.71 11.68 11.24 10.66 9.93 9.93 10.29 9.56 8.91 6.64 5.18 4.89 4.89 6.28 7.74 7.23 8.40 10.00 9.78 9.86 9.56 9.78 6.79 6.28 7.88 12.92 16.35 18.54 18.61 17.89 17.89 19.05 17.67 18.83 14.16 16.43 16.13 19.42 18.69 20.00 23.36 22.85 23.51 25.11 25.69 27.77 29.00 24.18 30.32 21.68 20.37 16.07 17.82 15.19
2.19 3.50 5.62 8.18 7.52 11.61 13.07 12.48 13.94 13.94 13.87 14.24 17.74 17.52 15.77 12.85 13.65 14.31 16.79 19.27 18.25 17.23 12.19 11.46 7.52 7.81 7.52 7.45 10.51 11.02 11.83 11.61 10.80 10.66 9.93 9.93 9.64 4.74 3.94 3.87 3.94 4.74 5.62 6.72 6.64 8.25 6.72 7.52 8.10 6.79 7.15 8.25 7.74 6.72 8.98 12.99 15.48 16.64 16.28 16.50 16.50 16.94 7.41 10.88 10.07 13.72 15.77 18.54 18.47 17.96 21.83 21.02 19.86 24.02 23.95 23.39 30.00 25.03 24.73 18.92 17.45 15.52 18.04 16.49
2.19 3.50 5.62 8.18 7.52 11.61 13.07 12.48 13.94 13.94 13.87 14.24 17.74 17.52 15.77 12.85 13.65 14.31 16.79 19.27 18.25 17.23 12.19 11.46 7.52 7.81 7.52 7.45 10.51 11.02 11.83 11.61 10.80 10.66 9.93 9.93 9.64 4.74 3.94 3.87 3.94 4.74 5.62 6.72 6.64 8.25 6.72 7.52 8.10 6.79 7.15 8.25 7.74 6.72 8.98 12.99 15.48 16.64 16.28 16.50 16.50 16.94 7.41 10.88 10.07 13.72 15.77 18.54 18.47 17.96 21.83 21.02 19.86 24.02 23.00 23.52 23.30 22.02 20.71 22.02 21.34 15.85 14.14 15.22
2.70 2.26 4.09 7.66 11.46 11.90 12.41 12.05 12.78 12.78 13.07 13.43 13.51 13.21 15.11 12.85 10.29 15.18 14.60 16.43 16.13 11.39 9.42 9.13 10.07 9.78 8.83 11.46 11.90 12.05 11.10 8.25 11.02 6.72 3.94 3.94 4.02 3.94 4.96 4.82 6.13 5.69 5.91 5.77 5.77 6.79 7.96 5.91 4.89 7.37 9.05 8.03 8.47 10.44 13.80 12.41 16.21 13.94 13.21 3.58 3.58 2.19 2.48 5.33 9.20 14.97 14.60 14.45 16.13 14.16 13.94 16.43 17.89 18.98 21.53 20.54 21.59 30.27 28.63 22.30 19.47 16.13 15.37 17.39
1.97 1.46 3.50 7.01 5.99 10.59 11.53 12.19 11.83 11.83 12.63 11.97 12.26 13.51 13.36 10.95 9.49 10.59 11.24 13.87 10.88 10.66 9.93 10.51 11.53 12.19 13.07 12.78 12.78 8.03 8.61 7.45 5.55 5.69 4.09 4.09 3.80 4.38 6.13 6.13 6.13 6.72 6.72 6.13 6.28 4.16 3.58 5.91 5.04 7.23 6.64 5.91 9.42 11.32 12.34 13.36 11.39 12.85 5.26 0.00 0.00 0.00 0.00 0.00 5.62 10.51 12.92 13.14 13.07 12.92 12.99 12.41 16.13 19.56 22.09 21.55 22.22 22.03 26.22 22.58 21.29 13.44 16.03 18.84
0.44 0.29 1.68 4.38 7.88 7.74 11.75 10.80 14.53 14.53 13.94 14.60 12.05 12.63 12.41 10.80 10.95 9.56 10.88 12.48 12.85 11.17 10.44 11.46 11.68 11.46 12.12 9.86 10.44 7.23 8.10 6.20 4.23 4.96 4.53 4.53 4.96 5.04 6.13 6.20 6.20 7.74 5.84 4.96 5.62 1.61 1.46 3.21 0.00 4.09 5.55 5.11 7.37 6.94 9.13 9.05 4.23 0.00 2.63 0.00 0.00 0.00 0.00 8.91 10.44 10.15 11.90 13.07 13.07 13.07 14.16 18.83 22.83 21.75 23.05 22.71 25.97 19.69 16.34 15.27 17.65 14.71 14.50 13.56
1.02 0.95 0.95 1.46 1.39 4.16 10.15 13.87 12.99 12.99 14.24 14.24 13.87 11.75 11.10 10.80 8.91 10.66 10.07 11.61 12.34 11.17 10.37 10.59 10.44 10.22 8.54 8.40 9.20 7.37 6.13 5.48 4.53 6.64 5.33 5.33 5.69 7.30 8.10 7.88 7.96 7.08 5.04 3.50 4.09 1.97 0.00 4.53 2.19 3.58 4.23 4.60 5.99 5.62 6.42 7.15 3.72 0.00 4.38 3.36 3.36 0.00 3.65 8.83 10.00 11.32 11.24 12.05 13.72 12.85 15.18 19.64 23.63 23.91 26.67 23.62 21.85 26.97 18.45 13.11 11.58 12.58 13.03 12.26
1.24 1.97 0.58 0.80 1.53 1.10 4.02 3.36 8.32 8.32 11.75 10.00 11.32 9.86 8.61 7.96 6.79 7.66 8.10 11.17 8.18 8.03 8.98 8.76 6.86 6.79 7.45 7.66 8.03 7.37 6.57 7.30 11.17 10.51 8.47 8.47 7.88 7.37 6.13 4.82 3.94 4.45 5.26 5.04 4.23 5.40 7.74 7.30 5.84 4.60 6.42 4.96 5.69 4.96 4.89 4.60 4.45 5.55 5.33 6.64 6.64 6.50 6.86 7.81 9.42 12.12 12.12 12.19 13.51 18.25 20.51 20.96 26.80 22.61 20.61 27.84 17.18 13.26 17.10 11.08 9.14 6.58 11.38 9.13
1.24 1.97 0.58 0.80 1.53 1.10 4.02 3.36 8.32 8.32 11.75 10.00 11.32 9.86 8.61 7.96 6.79 7.66 8.10 11.17 8.18 8.03 8.98 8.76 6.86 6.79 7.45 7.66 8.03 7.37 6.57 7.30 11.17 10.51 8.47 8.47 7.88 7.37 6.13 4.82 3.94 4.45 5.26 5.04 4.23 5.40 7.74 7.30 5.84 4.60 6.42 4.96 5.69 4.96 4.89 4.60 4.45 5.55 5.33 6.64 6.64 6.50 6.86 7.81 9.42 12.12 12.12 12.19 13.51 18.25 20.62 20.74 24.23 25.20 21.99 32.49 19.94 12.83 17.86 10.77 9.66 7.81 10.39 7.75
1.02 0.07 0.00 0.00 0.00 0.00 1.39 4.74 4.96 4.96 7.96 7.52 7.96 8.25 8.61 6.28 6.57 5.62 5.04 6.57 4.53 5.18 2.41 3.14 3.94 4.45 5.69 7.52 8.40 8.32 7.74 7.96 8.32 11.83 11.39 11.39 8.18 7.52 5.55 5.99 9.86 7.59 8.32 8.69 11.46 11.53 11.68 11.32 8.76 6.57 7.37 4.67 4.60 3.80 5.33 5.48 6.94 6.64 6.35 9.71 9.76 7.26 6.24 9.71 8.18 13.07 13.21 14.45 13.79 17.18 23.82 23.45 27.36 29.10 22.01 17.37 18.79 10.77 8.52 7.75 7.07 6.21 2.55 1.00
0.58 0.95 0.00 0.00 0.00 0.22 0.00 0.00 0.00 0.00 4.38 0.00 3.87 6.35 6.57 6.42 6.35 6.06 5.55 5.26 5.26 2.48 2.77 2.63 2.77 3.80 5.84 6.86 7.01 5.48 5.55 8.10 6.86 7.08 7.66 7.66 7.45 9.13 15.11 15.04 12.41 11.24 16.50 12.48 17.30 18.76 16.64 14.82 10.59 6.86 6.13 4.45 4.60 2.77 4.45 6.42 7.74 10.15 9.20 9.78 9.78 7.88 7.66 11.10 14.82 14.31 15.48 15.18 18.25 16.72 22.92 25.59 25.37 32.32 22.81 13.08 8.63 7.67 5.84 6.38 4.02 4.36 1.11 0.38
2.19 0.51 0.73 0.00 0.00 0.00 0.00 0.00 0.00 0.00 0.00 0.00 0.00 5.33 4.53 6.50 7.08 7.59 7.74 4.67 4.31 3.80 4.16 5.62 7.15 6.20 6.79 6.86 8.83 5.11 3.72 5.55 6.06 7.37 10.80 10.80 14.24 16.43 18.40 17.74 16.43 17.16 16.79 16.94 18.40 16.13 15.84 13.80 10.73 11.75 8.91 5.48 11.32 8.40 7.23 7.01 8.47 10.29 9.86 7.37 7.37 8.76 7.96 10.51 12.78 14.45 16.50 15.26 21.17 24.09 25.19 25.76 26.22 17.35 19.47 9.77 5.84 5.68 4.83 5.01 2.21 0.36 0.77 0.16
5.84 3.58 4.09 0.00 0.00 0.00 0.00 2.19 0.00 0.00 0.00 0.00 0.00 0.00 0.00 6.86 6.64 8.03 8.10 6.20 5.40 7.66 8.40 8.98 9.20 9.93 13.21 10.37 11.53 6.79 5.04 5.11 7.08 8.91 12.78 12.78 13.07 14.82 16.28 12.05 13.65 15.04 15.18 17.67 17.16 14.53 14.67 15.33 15.26 15.18 11.83 15.04 12.12 8.47 7.66 9.56 8.69 10.51 9.56 6.28 6.28 9.42 9.93 9.86 12.12 14.97 15.62 21.24 20.37 23.29 25.11 20.35 27.46 15.76 6.96 3.18 3.18 3.65 2.52 0.79 0.83 0.00 0.00 0.00
6.13 4.02 0.00 0.00 0.00 0.00 0.00 0.00 0.00 0.00 0.00 0.00 0.00 0.00 0.00 1.68 4.96 3.36 7.30 6.79 7.15 7.15 8.54 9.42 10.88 12.78 13.65 11.39 10.00 10.37 7.52 6.72 12.99 12.34 12.34 12.34 12.26 12.19 11.24 10.95 12.12 16.35 14.31 16.50 16.21 18.47 17.23 18.32 18.18 18.25 15.48 16.57 11.61 9.05 10.15 10.51 13.14 10.73 11.39 8.32 8.32 11.10 11.83 10.44 10.44 14.16 11.97 19.64 21.53 20.44 25.19 18.61 8.84 9.97 4.76 2.26 1.67 1.27 1.24 0.00 0.00 0.00 0.00 0.00
4.53 2.85 0.44 0.00 0.00 0.00 0.00 0.00 0.00 0.00 0.00 0.00 0.00 0.00 0.00 0.00 0.00 3.72 6.42 5.77 5.11 6.72 8.03 9.20 8.32 9.71 11.61 7.15 7.96 8.32 7.52 9.93 10.88 11.83 12.41 12.41 13.58 13.29 13.36 11.32 13.36 18.61 16.21 20.08 23.07 21.53 22.27 22.56 24.53 21.10 17.16 12.41 15.11 13.14 11.97 11.83 15.04 13.94 12.05 10.80 10.80 11.39 8.47 8.25 7.66 10.07 9.42 13.14 19.42 18.47 17.37 17.09 6.11 1.12 3.10 1.17 0.57 0.00 0.00 0.00 0.00 0.00 0.00 0.00
4.53 2.85 0.44 0.00 0.00 0.00 0.00 0.00 0.00 0.00 0.00 0.00 0.00 0.00 0.00 0.00 0.00 3.72 6.42 5.77 5.11 6.72 8.03 9.20 8.32 9.71 11.61 7.15 7.96 8.32 7.52 9.93 10.88 11.83 12.41 12.41 13.58 13.29 13.36 11.32 13.36 18.61 16.21 20.08 23.07 21.53 22.27 22.56 24.53 21.10 17.16 12.41 15.11 13.14 11.97 11.83 15.04 13.94 12.05 10.80 10.80 11.39 8.47 8.25 7.66 10.07 9.42 13.14 19.42 18.47 17.37 17.01 6.02 1.10 3.10 1.22 0.50 0.00 0.00 0.00 0.00 0.00 0.00 0.00
0.00 0.00 0.00 0.00 0.00 0.00 0.00 0.00 0.00 0.00 0.00 0.00 0.00 0.00 0.00 0.00 0.00 2.04 3.21 4.31 5.99 2.85 5.11 6.57 7.74 6.79 5.91 5.91 6.35 5.62 9.64 10.15 12.26 13.65 14.60 14.60 14.82 14.45 16.43 20.22 20.95 21.17 22.34 21.90 23.58 24.24 24.16 25.70 25.62 22.70 18.76 21.17 19.64 18.76 17.16 17.67 14.97 13.94 11.39 9.42 9.42 9.42 9.78 6.86 9.05 10.00 11.68 10.88 15.84 13.87 9.86 10.66 6.13 0.59 0.44 0.61 0.81 0.00 0.00 0.00 0.00 0.00 0.00 0.00
