Wansh/Snow_depth/snowdepth-1996/winter/1997005.txt
ncols 321
nrows 161
xllcenter 60
yllcenter 15 
cellsize  0.25 
NODATA_value -1
[rows 74 to 110 of 161, columns 84 to 167 of 321]
0.00 0.00 0.00 0.00 0.00 0.00 1.75 0.00 0.00 1.02 1.31 1.24 0.73 1.17 2.34 3.43 2.92 2.99 2.99 3.14 3.36 0.00 0.00 0.00 0.00 0.00 0.00 0.00 0.00 0.00 0.00 0.00 0.00 0.00 0.00 0.29 0.22 0.00 0.00 0.00 2.41 0.00 1.39 1.39 0.00 0.00 0.00 0.44 1.17 1.31 2.77 0.00 0.00 0.00 1.71 1.46 0.00 0.00 0.00 0.00 0.00 0.00 0.00 0.00 0.00 0.00 0.00 0.00 0.00 0.00 0.00 0.51 0.00 0.00 0.00 0.00 0.00 0.00 0.00 0.00 0.00 0.00 0.00 0.00
0.80 0.00 0.44 1.75 2.41 2.48 3.29 3.43 1.83 2.04 0.00 3.21 4.23 2.63 3.50 3.65 3.94 4.38 4.38 3.36 3.36 2.77 0.00 0.00 0.00 0.00 0.00 0.00 0.00 0.00 0.00 0.00 0.00 0.00 0.00 0.00 0.00 0.00 2.92 0.00 3.29 1.61 0.51 0.51 0.80 0.44 0.00 0.00 0.80 1.24 0.88 1.97 0.44 1.83 1.39 1.10 0.00 0.00 0.00 0.00 0.00 0.00 0.00 0.00 0.00 0.00 0.00 0.00 0.00 0.00 2.70 1.24 0.51 0.00 0.00 0.00 0.00 0.00 0.00 0.00 0.00 0.00 0.00 0.07
3.29 0.29 1.24 2.48 2.34 3.07 3.72 3.65 4.45 3.94 4.23 3.94 5.04 4.53 4.09 3.80 4.09 4.02 4.02 3.43 2.92 3.21 0.00 0.00 0.00 0.00 0.00 0.00 0.00 0.00 0.00 0.00 0.00 0.00 0.00 0.00 0.00 0.00 2.92 3.50 4.23 2.85 1.90 1.90 0.66 0.73 2.04 1.10 0.00 1.97 0.00 0.44 0.07 0.37 0.95 0.29 0.00 0.00 0.07 0.00 0.00 0.00 0.00 0.00 0.51 0.51 0.00 0.00 0.00 0.00 2.70 2.48 1.02 0.44 0.29 0.37 0.00 0.00 0.00 0.00 0.00 0.00 0.00 0.00
4.74 2.63 3.29 3.07 2.85 3.65 3.43 3.21 3.80 4.60 4.89 4.89 5.48 4.82 4.31 4.96 0.00 0.00 0.00 0.00 0.00 0.00 0.00 0.00 0.00 0.00 0.00 0.00 0.00 0.00 0.00 0.00 0.00 0.00 0.00 0.00 0.00 0.00 0.00 4.45 4.45 3.50 2.19 2.19 2.41 3.14 0.00 0.00 3.36 0.00 1.97 0.00 0.73 0.29 0.15 1.39 0.00 0.29 0.15 0.51 0.88 1.10 0.22 1.46 0.80 1.10 0.66 1.10 1.10 3.87 3.14 2.41 1.68 0.29 0.00 0.00 0.00 0.00 0.00 0.00 0.00 0.00 0.00 0.00
7.66 4.60 3.58 4.23 3.29 4.60 3.21 3.50 3.94 4.23 5.11 5.33 4.89 4.89 5.26 5.04 4.60 0.00 0.00 0.00 0.00 3.21 0.00 2.92 2.56 0.00 0.00 0.00 0.00 0.00 0.00 0.00 0.00 0.00 3.07 3.14 0.00 0.00 0.00 4.53 4.89 0.00 3.94 3.94 0.00 0.00 0.00 0.00 0.00 3.87 3.21 0.00 0.66 1.39 1.75 0.73 1.17 0.88 1.17 0.88 2.19 2.12 2.85 1.31 2.04 2.48 3.14 2.77 2.77 4.60 4.74 2.70 1.75 3.58 0.66 0.00 0.29 0.30 0.00 0.00 0.00 0.00 0.00 0.00
6.86 6.79 5.77 4.74 4.31 0.00 0.00 3.50 3.65 4.23 3.94 4.60 4.82 4.09 0.00 4.31 4.67 4.67 4.67 0.00 0.00 0.00 0.00 0.00 3.21 0.00 0.00 0.00 0.00 0.00 0.00 0.00 0.00 0.00 0.00 0.00 0.00 0.00 0.00 4.67 0.00 0.00 0.00 0.00 0.00 0.00 0.00 0.00 0.00 0.00 0.00 0.00 0.00 0.00 0.00 0.88 0.58 1.39 1.61 3.43 3.50 3.43 2.99 3.65 4.38 3.21 2.04 4.96 4.96 4.02 2.63 2.63 6.86 6.64 3.30 1.53 1.76 0.29 0.00 0.00 0.00 0.00 0.00 0.44
0.00 5.62 4.89 0.00 3.65 2.56 3.65 0.00 3.94 4.45 3.50 3.87 4.60 4.16 4.09 4.16 3.87 4.31 4.31 3.94 3.14 2.92 3.07 3.29 0.00 0.00 0.00 0.00 0.00 0.00 0.00 0.00 0.00 0.00 0.00 0.00 0.00 0.00 0.00 0.00 0.00 0.00 0.00 0.00 0.00 0.00 0.00 0.00 0.00 0.00 0.00 0.00 0.00 0.00 0.00 0.00 0.51 0.58 3.14 3.21 3.07 4.02 2.12 3.36 4.31 0.15 0.00 2.63 2.63 2.04 3.65 6.86 11.02 9.86 6.64 3.23 3.14 1.76 0.00 0.00 0.00 0.00 0.00 0.00
0.00 0.00 0.00 0.00 0.00 0.00 0.00 0.00 3.50 3.80 3.72 3.94 4.31 0.00 3.80 3.94 3.43 2.92 2.92 2.85 0.00 0.00 2.19 0.00 0.00 0.00 0.00 0.00 0.00 0.00 0.00 0.00 0.00 0.00 0.00 0.00 0.00 0.00 0.00 0.00 0.00 0.00 0.00 0.00 0.00 0.00 0.00 0.00 0.00 0.00 0.00 0.00 0.00 0.00 0.00 0.00 0.44 1.97 1.17 2.34 2.77 3.21 1.61 0.58 1.68 0.00 0.00 1.61 1.61 3.43 6.13 6.35 9.86 13.07 9.34 2.35 1.18 0.69 0.61 0.00 0.00 0.00 0.00 0.00
1.75 0.00 0.00 0.00 0.00 0.00 0.00 0.00 3.14 4.23 4.31 4.53 4.02 3.87 3.72 3.94 3.72 2.34 2.34 0.00 1.17 0.00 0.00 0.00 0.00 0.00 0.00 0.00 0.00 0.00 0.00 0.00 0.00 0.00 0.00 0.00 0.00 0.00 0.00 0.00 0.00 0.00 0.00 0.00 0.00 0.00 0.00 0.00 0.00 0.00 0.00 0.00 0.00 0.00 0.00 0.00 0.80 1.39 1.02 1.31 2.26 1.46 0.29 0.00 0.00 0.00 0.00 2.26 2.26 2.56 4.02 7.74 9.71 10.95 4.16 2.26 0.51 0.58 0.66 0.51 0.51 0.00 0.00 0.00
1.97 1.90 1.61 0.00 0.00 0.00 0.00 0.00 0.00 3.58 4.45 0.00 0.00 3.87 4.38 3.80 0.00 0.00 0.00 0.00 0.00 1.17 0.00 0.00 0.00 0.00 0.00 0.00 0.00 0.00 0.00 0.00 0.00 0.00 0.00 0.00 0.00 0.00 0.00 0.00 0.00 0.00 0.00 0.00 0.00 0.00 0.00 0.00 0.00 0.00 0.00 0.00 0.00 0.66 0.80 0.88 0.66 0.22 0.80 1.02 0.22 1.02 1.46 0.80 1.02 0.00 0.00 0.80 0.80 2.04 1.83 2.56 4.67 5.77 2.56 3.21 1.83 0.22 0.58 0.73 0.66 0.22 0.37 0.00
1.53 1.17 1.10 1.90 0.00 0.00 0.00 3.14 0.00 0.00 0.00 0.00 0.00 3.50 4.16 4.16 0.00 0.00 0.00 0.00 0.00 0.00 0.00 0.00 0.00 0.00 0.00 0.00 0.00 0.00 0.00 0.00 0.00 0.00 0.00 0.00 0.00 0.00 0.00 0.00 0.00 0.00 0.00 0.00 0.00 0.00 0.00 0.00 0.00 0.00 0.22 0.00 0.00 0.00 0.07 0.66 0.51 0.88 0.29 0.80 0.37 0.66 0.73 1.39 0.15 0.51 0.00 0.73 0.73 1.46 0.66 1.39 1.83 2.19 1.53 1.75 1.68 0.44 0.29 0.37 0.73 0.44 0.44 0.00
0.00 1.31 1.46 1.53 0.00 0.00 0.00 3.80 3.29 3.36 0.00 0.00 0.00 0.00 4.02 4.31 3.36 0.00 0.00 0.00 3.50 0.00 0.00 0.00 0.00 0.00 0.00 0.00 2.04 0.00 0.00 0.00 0.00 0.00 0.00 0.00 0.00 0.51 0.51 0.00 0.00 1.61 0.00 0.00 0.00 0.00 0.00 1.24 0.66 0.95 0.73 0.00 0.07 0.00 0.88 0.44 1.68 0.95 0.07 0.73 0.59 1.04 1.43 1.24 0.95 0.66 0.58 0.15 0.15 1.46 1.61 1.31 1.31 1.31 0.44 0.44 1.02 1.68 1.97 2.34 1.83 1.02 0.80 0.37
1.39 1.46 1.83 2.70 0.00 0.00 2.26 1.68 2.04 0.00 0.00 0.00 0.00 0.00 0.00 0.00 4.23 4.09 4.09 3.94 5.40 4.74 3.87 0.00 0.00 0.00 0.00 2.56 2.41 3.14 3.07 0.00 0.00 0.00 0.00 0.00 0.00 0.00 4.31 3.58 3.94 0.00 2.04 2.04 0.80 2.12 2.26 2.41 1.53 1.17 1.17 0.22 0.00 4.16 1.61 6.94 7.23 6.94 4.45 4.09 1.83 2.56 2.53 2.63 2.48 1.68 1.68 1.17 1.17 1.97 2.63 4.16 4.60 3.58 1.17 2.12 1.24 1.61 1.97 1.68 1.75 0.51 0.66 0.00
1.39 2.19 2.19 2.41 2.34 0.00 0.00 0.00 0.00 0.00 0.00 2.56 1.61 0.00 0.00 0.00 4.16 4.02 4.02 4.02 4.31 4.09 3.80 0.00 0.00 2.26 2.70 0.00 0.00 0.00 0.00 0.00 0.00 0.00 0.00 0.00 0.00 0.00 4.67 5.40 4.53 0.66 1.83 1.83 2.56 2.19 2.92 1.90 2.12 1.46 0.73 1.24 1.31 3.65 3.07 5.11 7.15 8.18 9.34 4.09 2.19 1.75 2.77 3.14 2.67 2.70 2.12 2.26 2.26 2.77 5.91 7.74 5.33 4.02 2.34 2.41 1.68 0.88 1.68 1.61 1.75 2.19 1.39 0.07
1.83 1.39 1.83 0.00 0.00 1.97 2.26 0.00 0.00 0.00 0.00 2.19 2.85 2.12 2.77 3.07 2.77 4.02 4.02 3.14 3.87 3.21 4.38 3.29 0.00 0.00 0.00 0.00 0.00 0.00 0.00 0.00 0.00 0.00 0.00 0.00 2.85 0.00 3.72 5.04 3.87 3.43 2.48 2.48 2.26 3.07 3.72 2.56 2.04 4.16 1.75 0.37 2.19 3.58 6.20 5.62 5.69 7.37 5.84 4.89 2.04 2.19 3.29 3.21 6.71 3.01 3.14 5.04 5.04 4.74 6.06 6.79 5.11 4.60 3.21 2.19 1.61 1.90 1.17 1.10 1.68 1.39 1.10 0.58
1.90 2.19 0.00 0.00 0.00 0.00 0.00 0.00 0.00 0.00 0.00 3.36 2.99 3.36 3.21 3.29 2.77 3.07 3.07 3.43 2.99 2.63 2.99 2.41 2.48 0.00 0.00 0.00 2.41 0.00 0.00 2.41 3.29 2.48 3.36 0.00 3.14 2.99 2.77 3.50 3.14 2.34 2.85 2.85 2.63 2.77 6.94 5.69 4.60 7.15 4.45 1.97 4.74 3.36 9.13 7.52 5.26 5.84 5.71 3.91 3.14 1.97 3.43 4.31 10.97 5.79 10.37 8.18 8.18 6.50 5.11 5.33 6.28 5.33 2.85 2.70 3.29 2.41 2.26 2.98 2.76 2.18 1.32 1.25
1.31 1.02 0.00 1.31 0.00 0.00 0.00 0.00 0.00 0.00 0.00 2.48 0.00 0.00 3.36 3.29 0.00 0.00 0.00 0.00 3.07 0.00 2.19 2.99 2.77 3.43 3.21 0.00 2.26 0.00 3.36 2.77 3.80 3.43 3.14 3.50 3.07 0.00 0.00 0.00 0.00 1.31 1.83 1.83 2.85 2.99 5.69 7.59 8.61 8.32 6.94 5.04 9.05 5.26 8.98 9.64 6.42 5.62 5.62 4.09 2.48 4.82 4.28 10.88 13.65 8.10 16.91 12.62 12.22 8.66 6.35 6.35 5.77 7.23 4.53 3.80 2.77 2.19 1.68 2.98 2.98 2.31 2.22 1.21
0.73 0.80 1.46 0.73 0.00 0.00 0.00 0.00 1.17 0.00 0.00 0.00 0.00 0.00 0.00 0.00 0.00 0.00 0.00 0.00 0.00 0.00 2.56 2.56 0.00 0.00 0.00 0.00 0.00 0.00 0.00 0.00 2.12 0.00 2.77 0.00 0.00 0.00 0.00 0.00 0.00 0.00 0.00 0.00 2.56 0.95 2.41 5.40 8.03 5.91 7.37 13.14 14.31 8.25 18.25 15.62 12.63 6.72 11.21 6.64 4.82 4.89 7.45 9.35 15.44 16.16 16.21 14.02 14.09 12.87 8.00 7.81 8.10 9.34 7.34 3.72 3.72 3.50 2.42 4.08 3.94 2.19 3.89 3.90
1.31 0.29 0.73 0.37 0.00 1.02 1.02 1.61 0.66 0.44 0.00 0.00 0.00 0.00 0.00 0.00 0.00 0.00 0.00 0.00 0.00 0.00 0.00 0.00 0.00 0.00 0.00 0.00 0.00 0.00 0.00 0.00 0.00 0.00 2.70 2.77 0.00 0.00 0.00 0.00 0.44 0.00 0.00 0.00 0.00 0.00 0.29 1.83 4.45 5.99 7.59 11.24 15.99 18.47 21.53 21.32 17.37 19.64 11.10 7.34 13.35 7.64 6.03 9.84 16.30 13.33 13.78 11.75 11.75 9.71 8.70 11.08 10.93 10.45 8.88 5.16 6.50 2.67 5.34 5.81 5.21 4.06 5.97 5.57
0.58 0.29 0.15 0.15 0.00 1.17 0.58 0.00 0.00 0.00 0.66 0.00 0.00 0.00 0.00 0.00 0.80 0.00 0.00 0.00 0.00 0.00 0.00 0.00 0.00 0.00 0.00 0.00 0.00 0.00 0.00 0.00 0.00 0.00 0.00 0.00 0.00 0.00 0.00 0.00 0.00 0.00 0.00 0.00 0.00 0.00 0.00 2.63 4.16 6.42 7.81 9.64 13.43 16.06 18.83 21.46 24.03 25.11 23.00 14.67 19.86 11.66 8.73 9.22 12.54 9.66 9.17 5.77 5.77 5.53 7.38 10.36 12.38 9.98 10.52 7.26 6.64 4.74 5.89 5.42 6.42 7.00 7.06 6.97
0.29 0.00 0.00 0.00 0.15 0.80 0.58 0.00 0.00 0.00 0.88 0.00 0.00 0.00 0.00 1.17 1.24 0.15 0.15 0.00 1.97 0.00 0.00 0.00 0.00 0.00 0.00 0.00 0.00 0.00 0.00 0.00 0.00 0.00 0.00 0.00 0.00 0.00 0.00 0.00 0.00 0.00 0.00 0.00 0.00 0.73 1.39 2.70 4.96 6.20 7.23 10.51 11.02 12.87 14.75 18.45 27.32 30.88 28.76 25.55 21.97 15.77 9.61 9.84 9.73 11.05 6.80 5.18 5.21 4.81 7.35 8.11 11.05 11.73 12.36 9.20 8.12 6.73 5.00 5.05 5.69 5.73 4.89 5.11
0.29 0.51 0.15 0.44 0.37 0.73 0.00 0.00 0.00 0.00 1.24 0.95 0.00 0.00 0.00 0.00 0.66 0.95 0.95 0.00 0.00 2.04 0.00 0.00 0.00 0.00 0.00 1.31 0.00 0.00 0.00 0.00 0.00 0.00 0.00 0.00 0.00 0.00 0.00 0.00 0.00 0.00 0.00 0.00 0.95 1.46 1.90 5.69 6.86 8.54 9.42 15.48 12.41 12.15 17.10 19.64 23.15 27.02 30.76 26.91 15.63 16.51 10.18 8.31 8.65 8.50 6.81 4.48 4.48 4.87 4.40 5.60 7.22 10.28 9.39 5.58 8.04 3.67 3.22 3.57 5.25 6.13 4.43 4.95
0.58 0.44 0.00 0.58 0.66 1.31 1.61 1.31 2.04 1.75 1.31 0.00 0.00 0.00 0.00 0.00 0.00 0.00 0.00 0.00 0.00 0.00 0.00 0.00 0.00 0.00 2.04 1.68 0.80 0.00 0.00 0.00 0.00 0.00 1.61 1.02 1.39 0.00 0.00 0.00 0.00 0.00 0.58 0.58 2.85 3.58 2.26 10.15 14.45 16.21 17.81 15.26 12.99 17.46 18.92 21.58 16.40 18.19 23.10 18.05 17.84 16.58 11.89 9.19 7.22 7.42 6.08 5.63 5.55 1.93 2.61 4.87 5.89 6.37 6.79 3.30 5.63 2.06 2.27 2.11 3.61 4.21 5.31 4.43
0.58 0.29 0.00 0.00 0.80 1.46 2.77 4.23 5.11 5.26 2.77 1.97 0.00 1.31 1.02 0.00 0.00 0.00 0.00 0.00 0.00 0.00 0.00 0.00 0.00 0.00 1.24 1.46 0.80 0.29 0.00 0.00 0.44 0.00 1.68 1.61 1.10 0.00 0.00 0.00 0.00 2.92 8.76 8.76 9.05 7.74 6.42 22.19 22.05 19.24 19.42 17.42 17.20 21.50 18.79 17.09 15.26 15.48 14.68 14.45 15.55 17.14 16.89 11.68 7.93 5.08 5.19 4.14 4.04 0.88 1.02 3.69 4.34 4.98 4.84 3.21 2.83 1.37 1.71 1.79 3.22 2.67 3.09 4.29
2.41 1.68 4.53 3.87 4.60 4.60 7.08 11.53 12.78 13.72 12.34 11.61 11.83 8.10 3.80 2.34 1.61 0.00 0.00 0.00 1.10 0.00 0.00 0.22 1.46 1.53 1.17 2.19 0.73 0.51 1.39 0.51 0.29 1.90 2.04 1.31 0.00 4.60 0.00 3.21 4.60 6.64 6.57 6.57 14.24 17.81 15.77 18.40 17.37 14.53 18.96 18.38 16.06 16.63 15.43 12.83 16.11 16.23 16.97 17.83 17.02 13.09 14.21 12.87 10.95 8.14 2.00 1.50 1.47 0.51 0.58 2.80 5.52 4.55 5.17 2.26 1.13 0.82 0.08 0.16 0.00 0.50 1.71 2.18
5.18 5.69 8.54 8.61 10.37 14.97 18.18 16.43 13.07 12.05 13.87 16.64 14.02 7.45 5.55 3.07 3.72 2.04 2.04 1.68 1.24 2.19 0.80 0.44 0.29 2.19 2.26 0.29 0.95 1.17 1.17 0.58 0.95 1.61 1.83 3.87 5.91 3.72 1.02 1.31 2.63 5.40 7.15 7.15 11.68 14.82 7.96 12.41 14.75 9.73 13.70 13.68 13.44 11.16 10.15 11.87 14.16 16.49 13.32 17.22 17.84 15.28 12.92 12.87 11.68 5.04 3.82 2.24 2.21 0.58 0.29 1.52 3.43 3.24 3.96 3.43 0.15 0.00 0.00 0.00 0.11 2.56 2.31 1.52
7.74 9.27 10.00 11.97 14.67 20.22 23.73 18.91 12.19 10.00 11.39 15.26 16.21 12.78 9.34 5.40 2.34 3.07 3.07 1.75 1.24 1.10 1.90 0.66 0.73 0.00 0.00 0.00 0.00 1.61 1.10 0.15 1.10 1.83 1.53 2.19 4.16 4.82 0.15 0.22 1.31 1.24 2.99 2.99 4.53 7.15 2.19 3.91 8.35 10.43 7.51 11.44 13.16 9.65 9.15 8.74 9.73 13.85 16.80 21.38 19.15 18.10 14.16 12.63 5.69 4.69 2.76 2.27 2.53 0.00 0.00 0.18 1.42 3.38 4.49 3.54 1.61 0.00 0.00 0.00 0.61 1.04 2.47 2.25
5.33 7.15 7.52 10.22 11.68 17.67 22.41 20.47 12.99 10.51 9.20 10.29 13.36 13.29 10.59 7.59 5.62 3.29 3.29 3.21 1.24 1.17 0.15 0.88 0.00 0.00 0.07 0.00 0.00 1.31 0.88 0.66 0.66 0.44 0.80 1.75 2.85 2.41 0.00 0.22 0.00 0.15 0.00 0.00 3.21 2.63 2.77 5.80 6.28 7.70 7.06 7.71 10.75 10.80 7.10 7.76 6.55 9.15 12.61 16.90 18.38 21.62 16.43 12.92 7.15 5.10 2.65 1.33 1.29 0.50 0.31 0.28 0.84 2.23 3.67 2.77 0.07 0.54 0.62 0.00 0.00 1.03 2.32 1.54
4.16 0.00 0.00 5.99 4.96 11.02 16.50 18.03 17.59 15.77 13.80 8.10 7.88 8.54 8.03 6.57 4.45 2.70 2.70 1.17 1.02 0.58 0.00 1.10 1.02 0.00 0.00 0.00 0.00 0.37 0.66 0.07 0.00 0.07 1.53 0.66 0.00 0.00 0.22 0.00 0.00 0.00 0.00 0.00 0.00 2.19 3.21 5.84 4.67 6.35 6.60 6.65 7.57 8.59 7.54 7.74 6.32 7.30 11.09 15.51 13.77 17.61 18.41 16.86 13.65 6.85 5.33 2.56 2.57 0.43 2.53 0.81 0.09 1.81 2.07 1.47 1.19 0.81 0.00 0.00 0.00 0.00 1.26 0.00
0.00 0.00 0.00 0.00 4.89 10.00 15.18 19.35 20.81 15.91 8.32 5.04 4.23 0.00 3.14 3.43 0.00 0.00 0.00 0.88 0.22 0.58 0.07 0.00 0.00 0.00 0.00 0.00 0.73 0.15 0.00 0.00 0.00 0.00 0.00 0.29 0.00 0.00 0.00 0.00 0.00 0.00 0.00 0.00 0.00 0.66 2.64 4.09 2.45 4.89 7.62 5.94 7.77 8.70 8.15 6.38 6.42 0.00 9.93 12.17 13.18 17.15 19.52 17.84 16.77 13.75 7.98 3.69 4.32 2.06 4.01 2.67 0.27 0.00 1.31 1.42 1.46 0.15 0.00 0.00 0.00 0.31 0.89 0.00
0.00 0.00 0.00 0.00 0.00 6.35 10.44 16.35 20.66 17.01 9.27 4.96 4.67 0.00 1.75 0.00 1.83 0.00 0.00 0.00 0.00 0.00 0.00 0.00 0.00 0.00 0.00 0.00 0.00 0.00 0.00 0.00 0.00 0.00 0.00 0.00 0.00 0.00 0.00 0.00 0.00 0.00 0.00 0.00 0.07 0.00 0.66 2.05 1.09 2.66 3.43 4.60 5.45 7.57 7.41 5.38 5.01 0.00 8.95 19.47 17.99 19.15 18.55 21.19 17.26 14.93 13.14 8.61 9.64 3.96 3.23 0.94 1.32 0.00 0.19 0.94 0.75 0.58 0.00 0.00 0.83 0.28 0.00 0.00
0.00 0.00 0.00 0.00 0.00 0.00 5.11 10.00 15.77 14.82 10.15 6.79 8.32 6.42 5.04 3.63 7.01 4.02 4.02 0.00 0.00 0.00 0.00 0.00 0.00 0.00 0.00 0.00 0.00 0.00 0.00 0.00 0.00 0.07 0.00 0.07 0.22 0.00 0.00 0.00 0.44 0.00 0.00 0.00 1.10 0.15 0.00 1.12 2.83 8.19 2.33 2.65 10.31 0.00 0.00 0.00 0.00 0.00 8.07 7.02 19.55 19.94 12.33 16.77 20.36 16.48 17.99 11.62 11.87 8.22 4.16 2.46 2.90 0.34 0.09 0.72 1.02 0.00 0.00 0.00 0.40 0.49 0.00 0.00
0.00 0.00 0.00 0.00 0.00 0.00 0.00 4.23 8.47 10.37 9.86 7.52 9.78 9.56 8.54 9.24 7.66 5.89 5.49 0.00 3.14 0.66 0.00 0.07 0.00 0.15 0.00 0.00 0.00 0.00 0.00 0.00 0.00 0.00 0.00 0.00 0.29 0.00 0.00 0.00 3.07 1.97 0.80 0.80 0.51 1.46 0.29 2.09 5.29 10.85 9.10 9.77 6.59 0.00 0.00 0.00 0.00 0.00 0.00 0.00 10.56 16.37 12.41 11.65 17.69 19.82 14.29 10.38 12.69 9.94 6.41 3.90 3.24 1.08 0.89 1.19 0.80 0.00 0.00 0.00 0.00 0.00 0.00 0.00
0.00 0.00 0.00 0.00 0.00 0.00 0.00 0.00 0.00 0.00 0.00 4.89 5.26 6.06 7.08 0.00 4.09 7.57 7.69 9.56 6.64 5.62 6.72 2.70 1.46 3.07 2.26 0.66 0.44 1.90 3.21 1.83 1.83 0.95 2.99 5.77 3.87 0.66 0.00 9.83 10.61 10.40 11.02 11.02 9.56 4.23 1.31 5.58 5.29 3.94 0.00 0.00 0.00 0.00 0.00 0.00 0.00 0.00 0.00 0.00 0.00 8.36 0.00 8.71 12.82 12.60 9.63 9.83 10.99 8.32 7.73 4.65 1.33 0.35 0.00 1.12 0.65 0.00 0.00 0.00 0.00 0.00 0.00 0.00
0.00 0.00 0.00 0.00 0.00 0.00 0.00 0.00 0.00 0.00 0.00 0.00 0.00 0.00 0.00 0.00 0.00 0.00 0.00 2.85 4.76 8.78 4.67 6.64 5.91 3.18 2.92 4.16 2.77 3.43 4.67 4.74 2.70 2.04 4.23 4.53 7.88 3.65 9.64 5.11 10.24 16.65 10.15 11.34 13.29 8.61 4.23 7.11 7.52 0.00 0.00 0.00 0.00 0.00 0.00 0.00 0.00 0.00 0.00 0.00 0.00 0.00 0.00 0.00 0.00 0.00 4.13 7.59 7.59 0.00 3.54 0.00 0.00 0.00 0.00 0.00 0.00 0.00 0.00 0.00 0.00 0.00 0.00 0.00
0.00 0.00 0.00 0.00 0.00 0.00 0.00 0.00 0.00 0.00 0.00 0.00 0.00 0.00 0.00 0.00 0.00 0.00 0.00 0.00 0.00 2.92 3.94 3.21 5.33 5.28 4.32 3.07 6.50 4.82 4.31 4.89 2.22 1.46 1.97 2.35 6.50 8.54 8.03 2.99 8.33 9.34 6.66 8.45 11.06 13.52 9.25 4.05 4.29 0.00 0.00 0.00 0.00 0.00 0.00 0.00 0.00 0.00 0.00 0.00 0.00 0.00 0.00 0.00 0.00 0.00 0.00 0.00 0.00 0.00 0.00 0.00 0.00 0.00 0.00 0.00 0.00 0.00 0.00 0.00 0.00 0.00 0.00 0.00
0.00 0.00 0.00 0.00 0.00 0.00 0.00 0.00 0.00 0.00 0.00 0.00 0.00 0.00 0.00 0.00 0.00 0.00 0.00 0.00 0.00 0.00 2.41 3.94 3.29 0.00 0.00 0.00 7.15 3.36 3.07 0.15 3.51 1.75 0.00 4.38 6.28 0.00 5.33 0.00 0.00 0.00 8.70 9.93 6.75 8.00 0.00 0.00 0.00 0.00 0.00 0.00 0.00 0.00 0.00 0.00 0.00 0.00 0.00 0.00 0.00 0.00 0.00 0.00 0.00 0.00 0.00 0.00 0.00 0.00 0.00 0.00 0.00 0.00 0.00 0.00 0.00 0.00 0.00 0.00 0.00 0.00 0.00 0.00
