Wansh/Snow_depth/snowdepth-1996/winter/1997023.txt
ncols 321
nrows 161
xllcenter 60
yllcenter 15 
cellsize  0.25 
NODATA_value -1
[rows 0 to 36 of 161, columns 84 to 167 of 321]
13.58 13.80 12.63 12.63 12.34 11.53 5.55 3.21 2.34 2.34 8.91 8.91 9.20 9.71 10.66 12.12 12.85 12.26 12.26 10.00 8.83 9.42 2.99 5.18 0.00 0.00 0.15 0.00 1.68 1.53 5.62 5.62 9.34 8.83 11.24 13.14 13.07 14.02 13.29 14.16 8.40 5.62 6.64 6.64 3.14 0.00 0.00 1.68 1.61 3.87 5.62 4.96 5.18 8.18 8.18 7.45 6.79 4.09 2.92 4.45 0.00 1.17 1.31 1.39 2.48 2.34 2.92 2.99 2.99 4.74 9.93 8.61 12.70 12.70 10.80 9.71 10.73 12.19 15.33 15.04 12.63 9.86 10.44 8.98
13.65 12.85 11.32 12.12 10.07 6.13 7.52 4.09 3.29 6.64 6.13 6.79 7.08 7.52 8.25 11.83 9.05 12.34 12.34 13.72 12.78 10.15 8.69 4.60 5.33 0.95 0.00 0.37 1.10 1.75 2.77 2.99 5.69 10.29 10.37 9.78 13.65 13.58 13.29 8.83 8.98 10.51 5.77 5.77 5.26 6.79 1.97 2.12 1.39 2.04 3.14 3.87 4.02 2.70 3.07 4.23 3.43 3.21 3.36 3.50 3.43 4.38 2.04 1.90 3.07 3.65 3.65 5.69 5.69 5.69 8.03 11.17 12.92 15.26 15.62 12.99 13.43 15.11 14.75 15.26 13.94 11.68 13.29 11.24
13.43 12.34 12.99 10.95 8.25 8.91 11.97 11.46 11.75 9.71 8.98 7.66 5.33 4.23 4.23 3.65 5.33 9.27 9.27 6.57 10.66 9.78 11.39 4.82 3.58 0.07 0.58 1.75 2.41 2.19 2.41 4.53 5.99 4.82 9.13 8.91 11.61 14.89 14.82 15.62 13.14 13.07 13.07 13.07 10.44 10.07 8.69 7.30 2.77 1.90 1.10 1.39 0.73 1.75 2.77 3.50 3.58 3.65 4.96 4.96 6.64 7.52 8.03 9.27 9.27 10.73 12.48 7.30 7.30 8.40 10.07 9.64 13.21 12.63 15.11 17.67 17.37 17.59 16.13 16.13 16.21 15.33 15.84 13.65
13.43 12.34 12.99 10.95 8.25 8.91 11.97 11.46 11.75 9.71 8.98 7.66 5.33 4.23 4.23 3.65 5.33 9.27 9.27 6.57 10.66 9.78 11.39 4.82 3.58 0.07 0.58 1.75 2.41 2.19 2.41 4.53 5.99 4.82 9.13 8.91 11.61 14.89 14.82 15.62 13.14 13.07 13.07 13.07 10.44 10.07 8.69 7.30 2.77 1.90 1.10 1.39 0.73 1.75 2.77 3.50 3.58 3.65 4.96 4.96 6.64 7.52 8.03 9.27 9.27 10.73 12.48 7.30 7.30 8.40 10.07 9.64 13.21 12.63 15.11 17.67 17.37 17.59 16.13 16.13 16.21 15.33 15.84 13.65
8.69 8.32 7.74 7.37 7.74 8.03 9.27 10.51 6.86 6.64 7.45 8.91 4.53 4.31 2.99 4.09 1.39 2.26 2.26 2.77 6.57 5.48 6.28 5.99 5.04 1.68 0.00 0.73 0.73 1.02 2.04 2.12 3.87 6.86 5.99 11.97 13.36 12.19 16.50 15.70 16.28 14.16 14.97 14.97 14.45 14.24 12.99 9.71 6.20 6.86 1.75 0.88 0.95 1.24 2.56 2.63 2.85 2.85 4.89 7.08 6.94 9.13 10.44 10.37 12.41 13.80 13.65 13.87 13.87 11.61 11.61 10.88 10.07 10.07 11.17 13.94 13.94 14.38 15.62 15.62 16.06 17.08 17.23 15.62
10.80 8.47 6.86 6.28 6.35 3.07 2.26 2.70 4.82 4.96 6.42 7.66 7.59 5.99 5.77 3.94 3.50 4.96 4.96 1.17 2.63 4.38 4.53 3.80 1.31 1.31 0.58 0.80 0.37 1.31 1.46 2.12 1.90 5.33 7.01 5.91 12.19 13.94 13.58 15.11 12.48 11.90 13.94 13.94 12.48 12.56 12.26 7.66 7.66 3.07 3.65 0.66 1.02 1.02 1.39 2.85 2.85 4.09 3.87 5.99 8.03 7.88 11.32 14.02 13.58 15.55 14.45 14.97 14.97 12.41 10.95 10.95 10.44 9.34 9.42 9.49 10.95 10.73 12.19 14.60 14.02 11.75 15.70 16.35
10.00 5.77 7.59 4.53 4.96 2.34 3.29 3.43 4.60 4.38 5.91 6.28 6.79 6.50 6.06 5.91 5.48 4.45 4.45 4.74 4.23 1.97 3.36 3.14 0.58 1.17 1.10 0.66 1.10 0.51 1.61 2.19 2.77 2.34 5.26 8.61 8.18 11.39 11.02 10.73 10.51 9.42 9.20 9.20 8.61 10.80 10.66 5.91 2.04 3.87 0.44 0.37 1.31 1.75 1.46 3.14 4.45 4.53 6.35 7.81 8.10 11.32 14.45 14.09 15.70 14.97 15.11 13.87 13.87 11.90 12.12 12.26 12.41 12.48 10.95 9.56 9.13 7.45 7.52 7.37 10.73 14.24 13.58 15.11
10.00 5.77 7.59 4.53 4.96 2.34 3.29 3.43 4.60 4.38 5.91 6.28 6.79 6.50 6.06 5.91 5.48 4.45 4.45 4.74 4.23 1.97 3.36 3.14 0.58 1.17 1.10 0.66 1.10 0.51 1.61 2.19 2.77 2.34 5.26 8.61 8.18 11.39 11.02 10.73 10.51 9.42 9.20 9.20 8.61 10.80 10.66 5.91 2.04 3.87 0.44 0.37 1.31 1.75 1.46 3.14 4.45 4.53 6.35 7.81 8.10 11.32 14.45 14.09 15.70 14.97 15.11 13.87 13.87 11.90 12.12 12.26 12.41 12.48 10.95 9.56 9.13 7.45 7.52 7.37 10.73 14.24 13.58 15.11
1.39 2.85 2.85 3.58 4.74 4.82 5.11 4.82 5.26 5.40 4.74 4.09 3.72 4.09 7.59 6.20 6.13 6.35 6.35 6.20 2.56 3.58 4.02 1.10 0.22 0.37 0.73 0.73 0.58 1.17 1.53 1.75 1.90 5.77 4.67 10.22 10.07 10.51 8.69 6.42 6.28 8.47 6.79 6.79 7.08 3.80 3.87 4.31 1.24 2.48 0.37 1.75 2.48 2.70 4.31 5.84 5.11 6.50 6.42 8.03 9.64 9.13 10.15 11.17 13.21 14.53 11.32 12.99 12.99 11.61 11.39 11.24 12.19 11.24 11.75 10.51 12.56 12.78 9.05 11.17 8.47 8.32 8.69 13.87
2.63 4.89 5.18 5.77 5.18 5.40 5.48 5.55 4.82 4.89 2.41 5.11 2.99 4.60 5.40 5.55 7.45 6.79 6.79 6.72 5.91 3.43 0.00 1.10 0.58 0.95 1.10 0.88 0.95 1.68 1.39 1.53 1.53 5.99 8.25 7.81 8.18 5.40 5.84 5.48 3.58 3.21 3.58 3.58 1.97 1.97 2.85 1.61 1.68 3.87 6.57 6.13 4.89 6.42 6.42 6.35 7.45 7.23 8.76 7.23 8.47 9.42 9.42 10.00 10.44 10.80 11.10 9.20 9.20 9.86 9.78 10.44 11.39 10.88 10.95 12.56 11.83 13.87 14.09 14.53 11.17 10.00 7.59 7.15
4.96 5.40 5.77 5.84 4.67 5.33 5.11 5.48 4.09 2.19 2.04 2.70 4.09 5.99 4.96 6.50 7.45 10.07 10.07 6.42 7.01 3.43 4.02 1.90 1.46 1.10 1.46 1.90 1.75 1.97 1.53 1.97 1.83 2.85 5.11 5.18 5.04 4.74 3.07 3.50 2.56 2.99 3.80 3.80 4.96 3.43 3.58 5.04 7.52 5.18 7.52 10.22 10.73 10.29 9.27 7.52 8.76 10.22 10.22 10.88 11.97 11.97 9.93 8.83 8.91 10.15 10.51 10.73 10.73 11.32 11.02 11.17 11.39 12.99 13.65 12.78 15.48 16.86 15.33 15.40 10.73 8.98 9.56 7.88
4.96 5.40 5.77 5.84 4.67 5.33 5.11 5.48 4.09 2.19 2.04 2.70 4.09 5.99 4.96 6.50 7.45 10.07 10.07 6.42 7.01 3.43 4.02 1.90 1.46 1.10 1.46 1.90 1.75 1.97 1.53 1.97 1.83 2.85 5.11 5.18 5.04 4.74 3.07 3.50 2.56 2.99 3.80 3.80 4.96 3.43 3.58 5.04 7.52 5.18 7.52 10.22 10.73 10.29 9.27 7.52 8.76 10.22 10.22 10.88 11.97 11.97 9.93 8.83 8.91 10.15 10.51 10.73 10.73 11.32 11.02 11.17 11.39 12.99 13.65 12.78 15.48 16.86 15.33 15.40 10.73 8.98 9.56 7.88
7.15 7.01 4.96 5.69 3.80 3.21 0.00 1.90 1.46 1.83 2.34 4.02 7.08 8.03 10.07 10.66 10.51 12.56 12.56 10.29 7.59 3.94 4.23 1.97 2.56 1.83 1.68 2.04 1.17 1.46 1.31 3.07 3.07 2.85 4.96 5.69 6.57 6.94 4.16 6.20 6.57 5.99 5.91 5.91 6.57 5.48 5.69 5.18 7.74 11.46 10.44 13.07 11.32 11.97 9.93 11.39 10.80 12.26 12.34 12.19 12.26 10.44 10.88 9.42 9.49 9.27 9.78 12.26 12.26 13.80 13.58 14.16 13.51 13.72 13.72 14.67 14.24 16.21 15.70 14.16 12.48 12.92 11.53 9.78
4.09 2.99 3.50 2.92 3.29 1.31 0.00 0.00 4.67 0.00 0.00 5.04 7.96 10.15 12.78 12.48 14.38 10.59 10.59 11.46 8.91 4.53 3.80 2.99 3.07 2.92 1.75 1.97 1.61 4.53 5.26 4.38 8.03 6.72 10.37 9.78 8.47 8.18 8.76 8.18 7.59 7.45 6.35 6.35 5.69 5.77 7.52 8.91 8.76 11.32 11.53 11.68 11.75 11.46 11.61 11.53 13.87 13.21 13.65 10.29 10.15 10.15 10.51 11.61 10.51 9.86 11.17 10.66 10.66 14.38 15.04 14.97 15.18 13.21 12.05 11.53 11.68 10.00 11.90 11.02 12.85 11.32 10.88 11.61
3.50 4.02 5.04 4.16 2.04 2.41 1.46 4.23 3.07 6.72 7.15 9.71 8.61 10.80 12.19 12.85 14.60 12.99 12.99 10.66 7.96 8.25 5.77 6.57 4.09 4.89 2.63 5.40 6.20 5.40 10.59 10.07 10.44 11.53 10.66 7.37 8.03 7.37 5.40 5.48 6.13 5.91 5.84 5.84 6.28 7.66 7.37 8.61 9.64 10.66 10.29 12.56 14.02 13.36 15.77 15.77 14.09 13.36 10.29 10.88 9.27 8.83 8.61 10.44 11.10 10.51 11.17 11.24 11.24 13.07 13.72 14.16 12.48 13.14 10.59 10.44 3.94 0.00 0.00 1.39 10.51 9.49 10.66 10.59
4.53 4.45 4.60 4.60 2.77 2.26 3.29 3.21 4.16 5.04 6.50 7.66 7.81 10.07 12.70 11.53 13.36 12.85 12.85 12.34 9.20 8.32 9.27 7.37 7.08 7.30 7.01 6.72 8.98 11.17 10.51 12.56 11.53 11.83 10.22 6.06 4.09 5.62 4.53 6.28 5.91 6.13 7.37 7.37 7.66 8.61 8.61 9.05 8.98 11.46 12.48 11.90 12.56 15.18 14.67 15.84 14.31 14.60 10.07 8.10 7.74 8.03 8.76 8.69 9.20 10.66 11.68 11.68 11.68 12.56 12.99 10.37 11.68 7.01 5.62 5.11 5.62 0.00 0.00 4.60 9.42 9.78 10.66 12.63
4.53 4.45 4.60 4.60 2.77 2.26 3.29 3.21 4.16 5.04 6.50 7.66 7.81 10.07 12.70 11.53 13.36 12.85 12.85 12.34 9.20 8.32 9.27 7.37 7.08 7.30 7.01 6.72 8.98 11.17 10.51 12.56 11.53 11.83 10.22 6.06 4.09 5.62 4.53 6.28 5.91 6.13 7.37 7.37 7.66 8.61 8.61 9.05 8.98 11.46 12.48 11.90 12.56 15.18 14.67 15.84 14.31 14.60 10.07 8.10 7.74 8.03 8.76 8.69 9.20 10.66 11.68 11.68 11.68 12.56 12.99 10.37 11.68 7.01 5.62 5.11 5.62 0.00 0.00 4.60 9.42 9.78 10.66 12.63
5.33 4.23 4.31 3.94 3.94 1.31 0.73 0.51 1.75 4.02 2.19 3.65 6.50 9.05 9.93 11.61 11.97 12.05 12.05 11.61 8.61 8.98 8.76 8.18 8.69 7.81 9.71 9.86 9.42 10.59 11.97 12.26 11.75 9.93 11.61 6.42 3.65 4.67 4.09 6.64 8.98 8.76 8.76 8.76 8.83 9.27 9.49 10.59 12.99 12.70 13.58 15.48 15.33 16.43 14.45 14.53 12.99 10.44 11.32 8.10 10.59 11.24 11.53 10.29 10.95 10.44 12.41 13.94 13.94 14.67 14.45 11.53 7.96 8.76 6.13 5.91 2.63 0.00 2.56 0.29 9.05 7.37 6.86 11.83
4.09 4.53 5.26 2.63 1.75 2.41 1.83 0.00 1.17 2.77 2.85 3.29 4.96 8.40 9.71 10.59 8.98 10.51 10.51 9.49 9.71 7.96 8.40 8.61 8.32 8.83 11.17 10.37 11.97 12.41 13.72 15.33 14.89 13.80 9.64 4.82 4.67 4.31 4.60 5.99 7.96 7.66 10.29 10.29 10.59 10.95 12.85 12.48 14.60 16.13 15.91 17.01 18.10 18.32 18.69 16.50 15.11 11.46 10.37 11.83 11.17 13.29 11.90 12.48 11.46 12.99 13.80 13.80 13.80 15.33 14.53 10.29 10.59 7.66 5.33 3.58 4.23 1.31 1.46 3.50 6.64 5.99 5.40 5.55
2.41 2.99 3.36 3.07 4.60 1.46 3.07 1.46 1.61 3.80 4.23 5.77 6.64 6.50 8.54 5.26 7.37 9.93 9.93 10.66 9.86 10.22 8.83 10.22 10.88 11.02 11.61 13.14 12.48 10.07 10.15 14.02 12.70 12.92 12.41 7.01 3.72 4.09 3.36 0.00 6.64 6.35 10.44 10.44 12.34 12.12 11.83 13.29 12.19 17.37 17.30 18.61 18.76 20.29 20.08 20.29 19.13 18.03 19.42 17.45 18.32 17.67 18.25 15.11 15.33 15.70 15.26 18.40 18.40 13.72 15.18 9.05 6.57 5.40 5.69 4.67 1.68 2.41 3.43 2.92 3.07 3.43 4.82 4.38
2.92 4.53 3.72 3.50 3.58 4.31 4.82 1.83 4.67 6.50 4.67 5.04 5.48 7.01 3.21 5.04 5.62 8.54 8.54 7.37 8.18 8.98 9.86 9.71 11.10 13.21 11.97 12.34 11.17 8.18 9.05 11.90 11.46 10.44 6.42 7.52 2.19 0.00 0.00 0.00 4.02 8.18 7.23 7.23 10.00 9.13 9.42 13.43 16.57 16.35 16.43 18.40 21.46 21.90 23.07 23.07 23.21 21.61 18.76 19.27 18.10 18.03 16.43 16.86 16.86 16.57 17.52 17.08 17.08 13.87 6.50 0.00 2.34 2.41 0.00 1.46 0.00 1.17 0.88 1.61 2.70 3.07 3.36 2.48
3.94 4.09 4.89 5.18 6.13 5.91 7.45 7.15 8.47 9.71 8.25 12.05 12.63 8.32 8.25 11.10 6.13 6.20 6.20 5.99 9.13 9.05 9.20 12.92 12.12 14.45 18.61 14.53 15.77 10.00 9.13 8.18 9.20 9.34 4.45 1.39 2.19 0.00 0.00 0.00 0.00 3.07 0.00 0.00 6.28 7.08 4.96 5.04 6.13 12.34 12.41 14.31 18.25 21.17 19.05 21.17 19.13 15.84 20.44 12.70 13.29 17.30 17.01 15.62 16.86 17.52 15.18 13.58 13.58 9.71 9.93 4.60 1.90 0.00 0.00 0.00 0.00 0.00 1.24 0.95 1.83 1.83 2.12 2.04
3.94 4.09 4.89 5.18 6.13 5.91 7.45 7.15 8.47 9.71 8.25 12.05 12.63 8.32 8.25 11.10 6.13 6.20 6.20 5.99 9.13 9.05 9.20 12.92 12.12 14.45 18.61 14.53 15.77 10.00 9.13 8.18 9.20 9.34 4.45 1.39 2.19 0.00 0.00 0.00 0.00 3.07 0.00 0.00 6.28 7.08 4.96 5.04 6.13 12.34 12.41 14.31 18.25 21.17 19.05 21.17 19.13 15.84 20.44 12.70 13.29 17.30 17.01 15.62 16.86 17.52 15.18 13.58 13.58 9.71 9.93 4.60 1.90 0.00 0.00 0.00 0.00 0.00 1.24 0.95 1.83 1.83 2.12 2.04
4.45 3.43 4.45 5.18 6.72 9.27 8.10 12.19 13.58 13.07 13.58 14.02 13.21 13.72 14.82 12.92 12.05 13.43 13.43 12.26 12.41 10.59 13.94 14.16 15.62 16.43 18.76 17.96 13.58 14.24 9.71 6.86 7.15 7.96 4.23 0.00 0.00 0.00 0.00 3.07 0.00 3.29 0.00 0.00 0.00 4.02 2.19 2.70 0.00 1.68 2.48 12.48 11.61 14.53 15.77 15.26 15.84 12.70 10.66 10.80 11.61 12.99 12.85 13.94 16.50 14.45 13.21 13.51 13.51 12.05 9.42 10.51 4.96 5.04 3.07 1.02 1.17 1.17 1.10 1.24 1.53 2.04 1.46 0.88
3.29 2.70 3.58 5.04 7.59 9.56 10.66 12.26 12.78 11.68 10.66 11.61 11.10 14.09 13.43 15.70 12.99 12.92 12.92 12.70 11.02 13.51 13.43 15.57 13.28 17.02 12.17 11.97 12.63 11.90 6.28 6.86 5.84 0.00 0.00 0.00 1.17 1.31 1.02 2.41 2.63 2.12 2.12 2.12 0.00 0.00 0.00 0.00 0.00 0.00 0.00 0.00 5.04 6.79 10.22 11.17 8.83 9.27 8.10 8.69 8.32 9.86 11.61 14.82 12.78 15.26 12.78 12.26 12.26 14.31 13.80 14.82 7.81 3.94 4.23 1.97 2.48 1.02 2.34 2.19 1.83 0.58 1.24 0.51
5.62 7.30 6.50 6.64 6.13 8.40 8.91 10.29 11.24 10.66 11.97 11.97 13.51 12.78 9.78 10.66 10.29 11.02 11.02 9.42 10.15 13.51 14.31 14.29 15.81 13.33 12.88 12.72 13.07 14.38 13.36 8.18 8.32 7.88 1.39 1.97 2.41 2.26 2.63 2.70 2.63 1.31 0.00 0.00 1.75 0.00 0.00 0.00 0.00 0.00 0.00 0.00 4.38 6.86 5.91 5.84 5.69 6.94 9.42 8.69 12.34 11.53 10.88 10.59 10.66 11.17 13.29 13.07 13.07 13.65 14.75 12.19 10.59 10.66 6.86 4.89 6.50 3.07 2.48 3.07 1.17 0.44 0.29 0.95
9.27 7.81 7.08 7.66 7.23 6.28 5.91 5.55 5.33 6.79 6.28 9.93 9.86 4.53 7.96 10.07 10.22 10.66 10.66 10.73 11.32 11.86 14.98 14.22 12.86 13.77 14.37 15.63 15.65 15.87 15.40 12.63 11.39 12.48 9.27 4.89 5.04 5.84 2.70 2.56 1.10 0.95 1.46 1.46 0.00 0.00 0.00 0.00 0.00 0.00 0.00 2.48 0.00 5.11 5.40 5.77 5.40 7.08 9.78 13.43 12.70 14.24 12.99 10.59 11.68 8.76 12.19 16.94 16.94 15.91 12.41 12.85 11.39 9.86 9.64 9.27 7.81 4.60 3.50 3.87 1.83 2.12 0.95 0.22
9.13 8.54 8.10 6.72 7.15 5.69 7.96 5.69 3.87 1.75 0.00 0.00 0.00 0.00 3.43 4.45 8.61 11.10 11.10 9.63 8.92 9.56 13.32 9.49 12.97 14.60 13.55 16.74 15.78 16.81 16.29 16.72 14.02 12.92 14.02 14.45 7.30 4.82 5.18 1.61 1.24 0.00 1.68 1.68 0.00 0.00 0.00 0.00 0.00 0.00 0.00 4.31 3.87 4.31 5.48 6.28 7.74 8.91 9.49 14.38 16.94 17.96 21.24 20.59 19.20 16.13 17.59 16.79 16.79 18.10 14.89 12.70 9.49 8.83 8.98 7.59 8.61 5.77 4.45 4.45 3.58 1.90 2.70 2.34
9.13 8.54 8.10 6.72 7.15 5.69 7.96 5.69 3.87 1.75 0.00 0.00 0.00 0.00 3.43 4.45 8.61 11.10 11.15 9.94 9.06 10.24 12.99 9.73 12.78 14.60 13.14 15.56 14.75 17.07 16.45 17.41 15.75 13.67 14.38 14.45 7.30 4.82 5.18 1.61 1.24 0.00 1.68 1.68 0.00 0.00 0.00 0.00 0.00 0.00 0.00 4.31 3.87 4.31 5.48 6.28 7.74 8.91 9.49 14.38 16.94 17.96 21.24 20.59 19.20 16.13 17.59 16.79 16.79 18.10 14.89 12.70 9.49 8.83 8.98 7.59 8.61 5.77 4.45 4.45 3.58 1.90 2.70 2.34
7.88 8.69 8.47 7.66 8.10 7.37 6.20 9.27 8.32 11.17 7.74 0.00 0.00 5.11 6.50 5.91 8.10 10.66 10.66 7.74 7.74 6.50 7.12 7.26 7.04 9.95 8.70 13.94 13.51 15.04 14.75 15.73 17.91 19.72 17.16 17.63 10.40 7.23 4.53 5.77 2.19 1.83 0.00 0.00 0.00 0.00 0.00 2.85 0.00 3.50 5.11 5.11 4.16 3.72 4.31 5.91 5.62 7.66 10.15 13.43 12.63 16.43 19.71 22.27 22.19 19.71 18.61 19.64 19.64 16.72 13.87 14.24 11.24 8.69 8.25 7.59 6.64 4.53 4.09 3.87 2.56 1.75 2.12 0.00
7.52 9.13 8.91 7.45 8.98 7.37 9.56 12.05 11.61 12.41 12.05 6.64 8.98 8.54 9.78 12.78 12.26 12.63 12.63 10.20 10.22 5.58 4.45 3.94 3.67 6.52 4.31 11.20 15.20 14.38 16.13 16.50 17.59 17.75 17.62 17.05 17.34 11.45 8.25 7.59 9.42 8.69 0.00 0.00 0.00 0.00 0.00 0.00 4.09 4.23 6.35 4.45 4.31 4.38 3.50 4.89 6.72 6.28 8.40 11.68 13.43 13.07 15.55 19.42 24.16 20.15 19.27 19.13 19.13 18.83 15.55 12.19 9.56 8.83 9.20 8.40 8.10 5.77 4.45 4.74 0.73 2.85 1.10 2.26
6.64 8.03 6.06 8.40 7.96 9.13 9.56 10.73 12.05 11.10 9.56 9.42 9.56 8.98 9.56 13.14 14.09 11.24 11.24 10.07 10.66 7.96 5.99 2.41 0.00 0.00 0.00 9.88 16.53 18.29 17.30 17.59 18.18 21.24 17.37 18.89 20.70 18.76 13.43 14.89 13.29 8.10 9.93 9.93 1.46 0.88 1.17 1.17 2.77 4.53 3.87 4.45 3.58 4.82 4.02 0.00 5.55 6.50 8.83 9.34 10.00 11.75 17.30 21.61 23.07 21.83 17.16 15.70 15.70 13.87 11.10 11.83 9.78 5.04 5.99 8.69 8.69 7.01 10.07 7.08 7.37 5.26 7.30 2.70
2.70 1.90 4.31 5.62 9.05 8.69 9.64 11.83 11.83 12.99 11.24 9.93 10.37 10.29 10.59 12.70 8.98 8.47 8.47 8.25 9.13 8.18 7.88 10.88 6.28 3.94 10.07 9.39 16.06 17.08 14.60 17.59 16.86 21.10 25.48 21.17 22.75 24.21 24.06 19.10 19.93 11.83 8.03 8.03 9.05 5.48 1.17 1.68 1.31 2.92 0.00 3.21 3.14 4.53 5.18 0.00 5.11 4.45 8.10 9.71 10.00 9.78 12.26 19.13 19.42 11.90 12.70 13.80 13.80 12.99 11.17 4.45 4.02 3.58 0.00 8.40 7.74 10.80 8.47 10.15 9.27 7.37 7.30 6.72
0.00 0.51 0.58 5.18 5.26 8.40 8.98 7.23 8.77 11.90 11.75 8.83 9.42 10.66 5.33 4.67 5.18 4.96 4.96 5.40 9.64 10.66 13.80 13.72 11.46 12.85 12.85 16.00 15.04 16.64 14.24 12.99 14.82 17.74 23.14 27.08 26.94 26.57 26.16 25.46 17.46 18.76 12.85 12.85 9.56 9.05 9.78 1.83 2.48 2.41 0.00 0.00 4.60 4.82 4.74 4.45 3.72 5.77 5.18 7.88 8.25 8.91 5.55 6.06 7.08 7.45 9.20 8.91 8.91 0.00 3.80 0.00 0.00 0.00 0.00 0.00 4.31 6.13 9.13 8.91 7.37 7.88 6.13 5.40
0.00 1.90 0.51 2.41 4.96 6.28 7.08 7.15 6.74 7.74 6.35 6.20 8.40 8.25 3.21 0.00 2.77 5.99 5.99 5.18 8.83 10.00 13.80 13.80 14.38 14.53 13.36 14.75 16.53 15.96 16.19 13.06 12.87 18.54 17.81 19.05 26.86 26.47 26.28 24.24 21.61 18.47 19.42 19.42 16.21 14.67 14.16 14.53 12.78 8.91 5.11 2.12 0.00 3.58 0.00 3.43 0.00 2.04 0.00 5.77 7.15 7.01 4.53 5.18 4.89 4.53 0.00 0.00 0.00 0.00 0.00 0.00 0.00 0.00 0.00 0.00 0.00 0.00 4.23 3.43 6.35 7.30 3.80 2.19
0.00 1.90 0.51 2.41 4.96 6.28 7.08 7.15 6.57 7.74 6.35 6.20 8.40 8.25 3.21 0.00 2.77 6.02 5.99 5.18 8.83 10.00 13.80 13.80 14.38 14.53 13.36 14.75 16.28 15.40 15.62 12.99 12.48 18.54 17.90 19.15 26.86 26.34 26.55 24.24 21.39 18.47 19.42 19.42 16.21 14.67 14.16 14.53 12.78 8.91 5.11 2.12 0.00 3.58 0.00 3.43 0.00 2.04 0.00 5.77 7.15 7.01 4.53 5.18 4.89 4.53 0.00 0.00 0.00 0.00 0.00 0.00 0.00 0.00 0.00 0.00 0.00 0.00 4.23 3.43 6.35 7.30 3.80 2.19
9.27 5.62 0.00 0.00 6.50 8.83 10.29 10.67 8.75 7.88 6.94 6.79 4.67 5.18 3.72 0.00 0.00 3.94 3.94 4.09 7.37 6.79 11.17 11.46 13.65 11.97 11.17 14.75 16.50 16.06 14.02 14.67 14.45 14.89 15.48 15.70 13.36 22.41 21.72 22.05 17.74 14.89 16.72 16.72 20.51 21.39 19.49 18.98 19.35 15.70 12.05 7.01 2.63 3.58 1.24 0.00 0.00 0.00 0.00 3.43 7.74 6.13 5.11 4.45 3.14 3.72 0.00 0.00 0.00 0.00 0.00 0.00 0.00 0.00 0.00 0.00 0.00 0.00 0.00 4.16 0.00 5.99 5.91 0.00
