Wansh/Snow_depth/snowdepth-1996/winter/1997006.txt
ncols 321
nrows 161
xllcenter 60
yllcenter 15 
cellsize  0.25 
NODATA_value -1
[rows 0 to 36 of 161, columns 0 to 83 of 321]
2.92 2.92 3.94 4.74 4.31 6.35 4.89 5.11 4.89 6.57 5.69 5.69 5.91 6.28 6.42 6.50 5.99 6.28 7.37 7.88 7.88 7.01 6.42 6.42 5.62 5.69 5.69 5.26 6.35 6.35 6.86 6.28 7.52 7.66 7.74 7.96 8.83 7.88 8.54 8.03 9.93 9.13 9.20 9.64 9.49 9.27 9.71 9.56 11.10 10.80 11.02 11.02 9.34 9.05 9.05 10.07 10.00 10.29 10.00 10.37 9.56 10.66 10.59 10.66 10.73 10.80 10.29 9.34 9.49 7.30 6.64 8.83 8.47 9.71 12.12 13.72 13.72 13.21 14.24 15.04 13.72 14.89 13.94 13.94
5.91 5.91 5.62 6.64 7.74 7.59 8.03 6.57 6.94 6.86 6.42 5.91 6.06 5.26 5.26 5.26 6.50 7.23 7.01 7.52 7.59 7.66 5.77 6.13 6.13 7.15 7.15 6.86 6.50 6.86 7.08 7.01 6.06 7.01 7.01 7.15 7.08 8.40 8.10 9.05 8.69 8.76 8.25 8.10 8.25 8.83 8.61 9.42 10.15 11.17 9.64 9.64 10.15 8.54 9.71 9.34 9.42 10.22 10.59 10.51 10.73 10.51 10.51 10.73 11.02 10.07 10.37 10.00 7.30 7.30 6.20 8.61 8.98 11.39 12.12 12.48 12.48 12.78 14.02 14.31 14.67 12.34 12.48 12.78
7.74 7.74 8.69 7.59 9.78 8.47 8.91 7.96 7.96 6.72 6.86 7.74 5.18 5.18 6.50 6.50 6.57 5.84 6.94 6.94 6.72 5.91 6.20 6.20 6.13 6.57 6.57 6.50 7.52 6.86 6.50 7.15 5.48 5.48 5.40 6.79 6.50 7.81 7.08 6.64 5.99 5.55 7.15 7.08 7.01 7.96 8.83 8.76 9.34 8.54 8.98 8.98 8.54 9.20 9.13 9.34 9.56 9.42 10.66 9.93 10.15 9.86 9.78 10.44 9.78 10.07 10.22 10.00 8.18 7.23 7.74 7.01 9.64 11.68 12.99 13.36 13.36 13.21 13.43 13.58 13.14 13.29 11.39 12.56
7.74 7.74 8.69 7.59 9.78 8.47 8.91 7.96 7.96 6.72 6.86 7.74 5.18 5.18 6.50 6.50 6.57 5.84 6.94 6.94 6.72 5.91 6.20 6.20 6.13 6.57 6.57 6.50 7.52 6.86 6.50 7.15 5.48 5.48 5.40 6.79 6.50 7.81 7.08 6.64 5.99 5.55 7.15 7.08 7.01 7.96 8.83 8.76 9.34 8.54 8.98 8.98 8.54 9.20 9.13 9.34 9.56 9.42 10.66 9.93 10.15 9.86 9.78 10.44 9.78 10.07 10.22 10.00 8.18 7.23 7.74 7.01 9.64 11.68 12.99 13.36 13.36 13.21 13.43 13.58 13.14 13.29 11.39 12.56
8.10 8.10 7.88 9.93 9.64 10.07 9.20 9.64 7.45 8.18 7.96 8.32 8.03 7.66 7.52 7.01 5.18 4.96 6.42 5.99 6.35 5.55 6.50 6.20 7.45 7.88 7.88 8.54 6.94 7.23 6.06 5.91 5.69 5.11 4.23 3.94 5.11 4.45 5.77 5.18 5.48 4.60 5.40 5.33 5.11 5.55 5.62 6.13 6.79 8.32 6.64 6.64 6.86 8.76 8.18 9.34 10.29 10.44 10.00 10.07 9.42 10.15 9.93 10.66 10.59 10.66 10.51 11.61 9.71 9.93 9.56 10.95 12.12 12.63 12.34 14.97 14.97 13.51 14.24 14.60 11.24 9.78 10.44 11.53
8.18 8.18 8.61 10.95 11.39 10.95 12.05 9.93 8.32 8.69 9.05 8.47 8.25 9.42 7.30 7.37 9.05 7.74 7.52 8.18 6.35 5.99 9.34 9.93 8.03 7.96 7.96 7.81 7.88 5.55 6.35 5.84 7.88 7.59 5.04 5.18 4.74 5.26 6.50 6.28 7.23 7.52 5.84 5.69 5.48 6.79 5.69 5.69 6.50 6.72 6.57 6.57 6.20 7.96 7.74 8.40 10.44 10.15 10.29 9.34 9.20 9.56 10.80 12.85 12.05 12.34 12.48 14.24 13.36 13.14 11.32 12.85 11.97 12.56 13.36 13.36 13.36 14.16 14.97 14.60 12.99 10.29 10.88 8.18
9.64 9.64 9.49 10.88 12.41 11.32 11.68 10.80 10.80 9.20 9.56 9.42 9.56 9.56 10.07 10.22 10.15 11.75 9.71 9.49 10.88 9.49 9.27 10.59 10.51 9.20 9.20 9.05 8.18 8.76 10.66 9.20 8.83 8.83 10.22 9.78 11.02 7.01 9.20 9.20 9.13 9.34 9.71 9.42 11.68 10.37 10.80 8.61 7.37 7.37 6.42 6.42 4.67 4.96 6.57 8.03 8.10 10.37 11.68 11.53 10.51 10.07 11.02 11.68 12.99 13.65 14.67 14.38 14.53 13.65 12.92 13.14 12.56 12.56 13.14 12.41 12.41 13.58 13.21 10.66 12.63 9.86 9.56 8.18
9.64 9.64 9.49 10.88 12.41 11.32 11.68 10.80 10.80 9.20 9.56 9.42 9.56 9.56 10.07 10.22 10.15 11.75 9.71 9.49 10.88 9.49 9.27 10.59 10.51 9.20 9.20 9.05 8.18 8.76 10.66 9.20 8.83 8.83 10.22 9.78 11.02 7.01 9.20 9.20 9.13 9.34 9.71 9.42 11.68 10.37 10.80 8.61 7.37 7.37 6.42 6.42 4.67 4.96 6.57 8.03 8.10 10.37 11.68 11.53 10.51 10.07 11.02 11.68 12.99 13.65 14.67 14.38 14.53 13.65 12.92 13.14 12.56 12.56 13.14 12.41 12.41 13.58 13.21 10.66 12.63 9.86 9.56 8.18
10.15 10.15 12.70 12.41 12.56 13.14 11.39 10.29 10.51 9.13 9.34 9.56 8.83 10.44 10.22 11.83 12.56 12.63 12.92 11.75 11.83 12.26 11.90 12.41 11.68 11.83 11.83 11.53 11.32 11.90 11.75 12.56 12.41 9.86 11.17 12.41 11.97 13.21 13.14 12.99 11.53 11.17 11.39 12.41 12.12 11.39 9.86 10.00 8.47 7.08 7.66 7.66 5.04 5.04 4.45 7.74 8.83 8.03 11.02 10.88 11.90 10.59 10.59 12.78 11.61 12.05 11.46 12.78 14.24 12.05 12.85 13.14 12.19 12.19 12.34 12.05 12.05 12.19 11.97 8.69 7.74 6.57 6.20 6.50
11.97 11.97 13.29 12.41 12.19 12.48 12.05 10.51 8.69 9.05 8.91 9.13 8.54 11.61 12.41 12.34 12.70 13.72 14.24 12.05 12.85 11.83 12.12 11.46 11.39 11.53 11.53 11.97 11.68 13.36 13.72 13.14 13.43 12.70 12.63 12.78 13.80 13.65 13.29 12.41 12.56 11.39 12.41 12.41 12.19 11.46 12.19 10.51 10.15 10.59 9.27 9.27 7.52 8.47 5.69 6.50 7.08 7.15 9.64 12.05 11.90 11.68 9.71 10.66 10.15 10.66 9.42 9.56 10.07 9.71 10.00 11.17 11.53 11.53 12.41 10.22 10.22 10.95 9.05 8.76 8.18 6.50 4.38 3.87
11.61 11.61 12.05 12.41 11.17 11.61 11.61 10.66 10.95 10.07 9.56 11.17 11.68 11.46 11.10 11.46 11.53 11.32 11.90 12.48 12.56 11.83 11.53 11.68 11.53 11.24 11.24 12.41 13.94 13.43 14.67 15.26 14.16 13.14 12.19 11.83 12.85 11.75 12.26 11.61 10.37 11.68 11.39 12.41 12.63 12.26 10.88 11.39 10.88 9.05 9.71 9.71 8.69 6.06 7.23 6.42 7.08 7.30 7.74 8.10 9.05 9.42 7.59 9.13 9.49 10.37 9.71 7.74 9.34 9.20 9.34 9.64 9.86 11.46 10.95 10.73 10.73 9.71 9.27 8.69 8.69 8.32 6.72 4.60
11.61 11.61 12.05 12.41 11.17 11.61 11.61 10.66 10.95 10.07 9.56 11.17 11.68 11.46 11.10 11.46 11.53 11.32 11.90 12.48 12.56 11.83 11.53 11.68 11.53 11.24 11.24 12.41 13.94 13.43 14.67 15.26 14.16 13.14 12.19 11.83 12.85 11.75 12.26 11.61 10.37 11.68 11.39 12.41 12.63 12.26 10.88 11.39 10.88 9.05 9.71 9.71 8.69 6.06 7.23 6.42 7.08 7.30 7.74 8.10 9.05 9.42 7.59 9.13 9.49 10.37 9.71 7.74 9.34 9.20 9.34 9.64 9.86 11.46 10.95 10.73 10.73 9.71 9.27 8.69 8.69 8.32 6.72 4.60
11.53 11.53 11.97 11.24 11.46 10.29 10.80 11.17 11.02 12.05 11.32 11.39 10.59 10.51 10.59 10.29 10.59 10.51 11.46 12.63 12.19 12.63 11.68 11.17 11.24 12.78 12.78 15.18 14.53 15.62 14.75 14.89 12.70 9.93 11.32 11.32 11.17 11.61 10.66 9.78 10.37 8.54 10.59 10.37 12.56 12.78 13.21 12.41 10.51 11.10 8.25 8.25 8.03 7.23 7.01 7.37 7.66 7.52 7.66 7.52 7.74 7.37 7.37 8.47 8.54 11.68 9.71 8.61 8.76 9.42 8.69 9.34 9.93 9.86 9.42 6.50 6.50 4.67 10.80 9.64 8.03 8.18 6.86 4.67
11.61 11.61 12.34 11.68 11.46 11.39 11.39 11.32 12.63 12.48 11.97 10.15 10.44 10.80 10.88 10.59 10.66 11.32 11.97 11.83 13.29 12.19 12.70 10.44 12.78 12.34 12.34 13.58 12.85 13.14 13.51 11.39 12.05 8.54 7.96 8.18 8.91 8.76 10.88 10.15 8.47 9.20 9.20 10.95 10.88 11.46 11.02 11.17 10.44 8.83 7.66 7.66 8.32 7.52 5.62 6.20 6.06 7.08 7.59 7.08 8.47 5.33 0.00 6.28 0.00 5.69 8.54 9.49 5.48 7.66 5.33 9.13 8.03 6.79 6.20 6.13 6.13 5.33 6.72 5.91 2.04 1.02 0.00 3.50
9.78 9.78 11.24 10.73 11.32 10.00 10.51 10.66 10.07 11.39 11.10 10.37 9.42 9.49 9.93 9.34 8.98 9.34 10.66 10.88 10.37 11.53 10.22 10.51 9.20 8.32 8.32 10.95 10.80 7.74 7.59 5.40 6.79 8.32 8.25 8.91 8.91 8.69 8.32 7.88 6.86 6.86 7.37 7.08 6.79 7.81 7.52 6.94 7.37 7.81 7.30 7.30 7.52 5.99 6.42 5.33 5.55 2.92 2.48 3.80 5.11 1.39 1.46 1.97 1.83 2.48 2.99 3.87 1.53 8.18 5.18 8.03 6.28 6.79 7.30 7.74 7.74 4.02 4.89 3.29 3.21 0.00 0.00 1.31
9.42 9.42 9.56 9.78 8.91 9.34 8.10 8.83 8.54 8.69 8.40 8.47 9.13 7.37 7.52 8.25 7.59 4.74 5.62 7.45 6.64 6.13 4.89 8.10 8.47 6.50 6.50 4.38 8.40 4.82 4.60 4.45 6.20 6.28 6.13 5.99 6.72 8.18 7.66 6.64 6.06 6.13 6.13 5.99 6.13 6.20 6.42 6.64 6.28 7.81 9.42 9.42 8.10 9.34 6.64 4.09 4.53 0.00 1.90 1.02 1.10 1.24 0.88 1.39 1.31 1.02 0.80 1.24 1.39 2.04 5.26 5.18 5.11 7.37 6.20 5.26 5.26 5.84 5.69 5.77 2.77 0.00 0.00 1.61
9.42 9.42 9.56 9.78 8.91 9.34 8.10 8.83 8.54 8.69 8.40 8.47 9.13 7.37 7.52 8.25 7.59 4.74 5.62 7.45 6.64 6.13 4.89 8.10 8.47 6.50 6.50 4.38 8.40 4.82 4.60 4.45 6.20 6.28 6.13 5.99 6.72 8.18 7.66 6.64 6.06 6.13 6.13 5.99 6.13 6.20 6.42 6.64 6.28 7.81 9.42 9.42 8.10 9.34 6.64 4.09 4.53 0.00 1.90 1.02 1.10 1.24 0.88 1.39 1.31 1.02 0.80 1.24 1.39 2.04 5.26 5.18 5.11 7.37 6.20 5.26 5.26 5.84 5.69 5.77 2.77 0.00 0.00 1.61
8.40 8.40 10.80 9.93 9.93 9.27 8.32 8.10 8.69 8.83 8.91 6.57 6.86 6.13 4.23 4.09 5.91 2.12 1.39 1.31 4.02 2.70 2.26 1.90 4.45 4.67 4.67 4.02 4.31 4.31 5.04 6.06 5.91 5.91 5.55 5.62 5.26 5.40 4.60 4.60 4.60 4.67 3.65 3.72 2.77 3.65 3.07 6.06 7.08 9.13 8.76 8.76 10.00 8.03 8.91 5.04 4.74 2.77 1.90 2.34 0.37 0.73 0.88 1.68 1.97 1.39 0.80 1.83 1.17 1.75 1.53 2.04 4.09 4.96 5.55 4.45 4.45 3.80 0.80 2.04 0.00 2.12 1.10 0.00
11.10 11.10 10.73 10.88 10.29 10.00 9.78 10.29 8.47 6.64 7.15 5.69 2.63 3.21 3.43 0.95 0.00 1.24 0.00 0.66 0.66 1.02 1.17 1.17 1.02 2.12 2.12 3.58 4.60 4.74 4.09 3.94 4.67 4.53 5.04 4.45 3.87 3.65 4.02 4.23 3.87 4.89 4.23 3.21 3.43 3.65 6.13 5.62 6.94 8.40 8.25 8.25 7.52 7.74 6.86 6.57 5.11 5.69 3.50 0.80 0.00 0.00 0.00 0.44 0.88 1.10 1.97 0.51 0.80 0.88 0.80 2.26 0.88 0.58 3.07 0.00 0.00 1.75 0.00 0.66 2.19 0.00 0.00 0.00
10.51 10.51 10.73 10.37 10.88 9.05 9.42 10.00 9.27 5.11 2.34 2.41 1.46 0.00 0.00 0.00 0.00 0.22 0.00 0.66 0.00 0.15 0.29 0.51 0.29 0.95 0.95 2.56 3.58 4.09 3.65 4.45 4.23 4.02 2.12 2.34 0.00 0.00 4.16 3.94 5.40 7.01 6.50 5.48 7.15 7.37 7.59 7.01 7.23 7.96 7.88 7.88 7.15 6.94 8.18 8.83 8.61 9.05 5.62 6.86 1.75 5.91 6.28 5.48 2.48 1.90 1.02 0.80 0.66 1.02 1.83 1.10 1.46 0.44 0.00 0.00 0.00 0.00 0.00 0.00 0.00 0.00 0.00 0.00
5.99 5.99 6.64 3.36 5.99 6.72 2.56 2.63 2.70 2.63 1.31 0.00 1.90 0.00 0.00 0.00 0.00 0.95 2.19 0.80 0.58 0.66 0.51 0.44 0.22 0.00 0.00 1.83 3.43 4.02 4.09 3.80 2.63 2.41 1.61 0.00 0.00 0.00 2.77 4.09 3.87 5.26 6.94 7.37 7.08 8.40 7.81 7.30 7.37 7.59 6.50 6.50 6.28 7.15 6.64 8.18 8.69 8.83 9.49 9.34 7.37 8.03 6.20 7.01 7.88 5.26 1.39 1.10 1.02 2.92 1.02 0.37 1.53 1.02 0.00 0.00 0.00 0.00 0.00 0.00 0.00 0.00 0.00 0.00
3.65 3.65 4.45 2.41 0.37 1.10 0.88 0.88 0.00 0.00 0.00 0.00 0.00 0.00 0.00 2.70 2.56 2.34 2.19 1.97 1.46 0.95 1.17 1.75 1.61 2.63 2.63 3.43 3.36 4.02 4.82 4.60 4.45 2.63 1.31 0.80 0.00 0.00 0.00 1.83 2.99 2.99 4.60 4.82 4.89 6.57 7.45 7.08 7.52 6.64 6.72 6.72 6.94 7.23 7.96 8.69 8.83 8.25 5.99 7.15 7.30 5.18 6.13 4.53 5.40 3.14 3.07 2.99 1.83 2.41 1.53 1.83 1.46 1.39 0.00 0.00 0.00 0.00 0.00 0.00 0.00 0.44 0.00 0.00
3.65 3.65 4.45 2.41 0.37 1.10 0.88 0.88 0.00 0.00 0.00 0.00 0.00 0.00 0.00 2.70 2.56 2.34 2.19 1.97 1.46 0.95 1.17 1.75 1.61 2.63 2.63 3.43 3.36 4.02 4.82 4.60 4.45 2.63 1.31 0.80 0.00 0.00 0.00 1.83 2.99 2.99 4.60 4.82 4.89 6.57 7.45 7.08 7.52 6.64 6.72 6.72 6.94 7.23 7.96 8.69 8.83 8.25 5.99 7.15 7.30 5.18 6.13 4.53 5.40 3.14 3.07 2.99 1.83 2.41 1.53 1.83 1.46 1.39 0.00 0.00 0.00 0.00 0.00 0.00 0.00 0.44 0.00 0.00
1.61 1.61 1.61 0.95 0.00 0.00 0.00 0.00 0.00 0.00 0.00 0.00 2.19 1.24 0.88 3.07 3.50 2.04 1.97 2.56 3.29 3.07 2.99 2.56 3.14 2.77 2.77 4.16 5.04 4.16 5.26 5.26 5.33 4.16 2.77 1.75 1.90 0.00 1.90 3.07 2.77 4.60 4.31 3.72 3.72 5.84 6.72 7.08 7.08 6.94 6.94 6.94 5.62 7.23 6.72 8.54 7.88 7.52 5.91 5.48 4.09 0.00 3.80 4.31 2.85 4.31 4.02 3.43 2.85 2.34 1.02 1.75 1.68 2.12 0.00 0.00 0.00 0.00 0.00 0.00 0.00 0.15 0.73 0.00
0.22 0.22 0.00 0.00 0.00 0.00 0.00 0.00 0.00 0.00 1.97 3.36 2.99 3.07 2.85 2.77 3.65 3.87 3.58 3.43 3.80 2.04 2.04 2.26 3.36 3.58 3.58 3.80 4.38 6.94 7.01 6.79 5.62 4.45 4.67 2.92 2.56 2.41 2.63 3.43 6.06 5.69 6.79 6.06 7.23 7.23 7.30 7.23 7.45 7.52 7.37 7.37 6.06 5.84 5.69 7.74 7.08 8.10 7.01 7.52 4.60 5.99 5.18 5.55 5.69 5.40 5.33 7.59 6.94 3.87 4.16 5.91 3.43 0.00 0.00 0.00 0.00 0.00 0.00 0.00 2.12 2.26 1.97 0.44
0.00 0.00 0.00 0.00 0.00 0.00 0.00 0.00 0.00 0.00 2.04 2.92 2.48 2.70 2.34 3.21 4.23 3.94 3.58 2.99 3.29 2.04 0.00 0.00 0.00 3.14 3.14 4.60 4.31 6.20 7.30 5.48 5.84 2.92 3.29 3.07 2.04 2.70 2.19 2.70 4.31 4.31 6.28 6.79 6.20 6.79 6.94 7.01 7.08 6.50 5.99 5.99 6.64 6.28 5.84 5.69 6.72 7.45 6.86 8.03 8.47 7.01 5.84 7.15 5.55 6.94 6.57 6.42 6.50 5.62 5.84 6.20 6.57 0.00 0.00 0.00 0.00 0.00 0.00 0.00 4.16 2.85 2.85 3.87
0.00 0.00 0.00 0.00 0.00 1.46 0.00 0.00 2.56 2.48 2.41 2.85 2.19 2.04 2.34 0.00 3.94 3.58 3.72 2.48 1.02 2.56 1.02 0.00 4.09 3.58 3.58 5.69 7.01 6.79 7.08 4.96 3.36 3.58 2.92 3.65 2.77 2.99 1.46 0.00 2.70 2.26 4.02 5.69 5.26 5.48 4.82 0.00 3.14 4.74 4.31 4.31 4.31 4.96 5.84 5.99 4.89 6.42 7.23 7.23 7.45 7.01 5.99 4.31 0.00 5.04 4.38 4.02 4.02 4.09 4.23 5.55 3.87 0.00 0.00 0.00 0.00 0.00 0.00 0.00 0.00 2.77 4.31 4.45
0.00 0.00 0.00 0.00 1.46 1.24 0.00 0.00 0.00 0.00 0.00 0.00 0.00 0.00 0.00 0.00 3.14 3.65 2.48 2.92 0.00 0.00 0.00 0.00 4.74 5.84 5.84 5.91 5.26 3.36 1.97 4.23 3.14 4.31 4.02 3.43 2.34 0.00 0.00 0.00 0.00 0.00 0.58 1.53 1.61 1.17 1.31 2.04 1.53 3.29 4.38 4.38 3.65 4.31 4.96 5.40 4.31 4.74 5.91 4.23 5.77 3.58 3.58 2.92 3.94 4.09 3.72 5.04 4.74 4.23 0.00 0.00 0.00 0.00 0.00 0.00 0.00 0.00 0.00 2.19 0.00 2.48 4.38 2.92
0.00 0.00 0.00 0.00 1.46 1.24 0.00 0.00 0.00 0.00 0.00 0.00 0.00 0.00 0.00 0.00 3.14 3.65 2.48 2.92 0.00 0.00 0.00 0.00 4.74 5.84 5.84 5.91 5.26 3.36 1.97 4.23 3.14 4.31 4.02 3.43 2.34 0.00 0.00 0.00 0.00 0.00 0.58 1.53 1.61 1.17 1.31 2.04 1.53 3.29 4.38 4.38 3.65 4.31 4.96 5.40 4.31 4.74 5.91 4.23 5.77 3.58 3.58 2.92 3.94 4.09 3.72 5.04 4.74 4.23 0.00 0.00 0.00 0.00 0.00 0.00 0.00 0.00 0.00 2.19 0.00 2.48 4.38 2.92
0.00 0.00 2.34 1.68 2.12 1.46 0.00 0.00 0.22 0.07 0.00 0.00 0.00 0.00 0.00 0.00 1.53 1.46 2.34 0.00 0.00 0.00 0.00 2.99 4.45 6.42 6.42 4.74 1.97 2.26 0.00 0.00 0.00 0.00 0.00 0.00 0.00 0.00 0.00 0.00 0.00 0.00 0.00 0.00 0.80 0.66 1.31 2.19 3.29 4.67 3.94 3.94 3.87 4.16 3.94 2.70 3.80 4.45 3.50 1.97 2.56 1.97 2.63 0.51 2.34 3.14 2.70 4.74 4.96 2.48 0.00 0.00 0.00 0.00 0.00 0.00 0.00 0.00 0.00 0.00 0.00 0.00 0.00 0.00
0.00 0.00 0.00 0.00 0.00 0.00 0.00 0.00 0.00 0.00 0.00 0.00 0.00 0.00 0.00 0.00 0.00 0.00 0.00 0.00 0.00 0.00 0.00 0.00 0.00 5.33 5.33 5.40 0.95 0.00 0.00 0.00 0.00 0.00 0.00 0.00 0.00 0.00 0.00 0.00 0.00 0.00 0.00 0.00 0.00 0.00 0.00 3.14 3.14 3.21 3.58 3.58 3.94 3.94 2.99 2.85 0.00 0.00 1.17 0.66 1.31 0.15 0.00 0.00 1.10 1.90 2.99 1.53 0.00 1.31 1.61 0.00 0.00 0.00 0.00 0.00 0.00 0.00 0.00 0.00 0.00 0.00 0.00 0.00
0.00 0.00 0.00 0.00 0.00 0.00 0.00 0.00 0.00 0.00 0.00 0.00 0.00 0.00 0.00 0.00 0.00 0.00 0.00 0.00 0.00 0.00 0.00 0.00 0.00 0.00 0.00 0.00 0.00 0.00 0.00 0.00 0.00 0.00 0.00 0.00 0.00 0.00 0.00 0.00 0.00 0.00 0.00 0.00 0.00 0.00 0.00 0.00 0.00 0.00 0.00 0.00 0.00 0.00 0.00 0.00 0.00 0.00 0.00 0.00 0.00 0.00 0.00 0.00 0.00 0.00 0.00 0.00 0.00 0.00 0.00 0.00 0.00 0.00 0.00 0.00 0.00 0.00 0.00 0.00 0.00 0.00 0.00 0.00
0.00 0.00 0.00 0.00 0.00 0.00 0.00 0.00 0.00 0.00 0.00 0.00 0.00 0.00 0.00 0.00 0.00 0.00 0.00 0.00 0.00 0.00 0.00 0.00 0.00 0.00 0.00 0.00 0.00 0.00 0.00 0.00 0.00 0.00 0.00 0.00 0.00 0.00 0.00 1.17 0.00 0.00 0.00 0.00 0.00 0.00 0.00 0.00 0.00 0.00 0.00 0.00 0.00 0.00 0.00 0.00 0.00 0.00 0.00 0.00 0.00 0.00 0.00 0.00 0.00 0.00 0.00 0.00 0.00 0.00 0.00 0.00 0.00 0.00 0.00 0.00 0.00 0.00 0.00 0.00 0.00 0.00 0.00 0.00
0.00 0.00 0.00 0.00 0.00 0.00 0.00 0.00 0.00 0.00 0.00 0.00 0.00 0.00 0.00 0.00 0.00 0.00 0.00 0.00 0.00 0.00 0.00 0.00 0.00 0.00 0.00 0.00 0.00 0.00 0.00 0.00 0.00 0.00 0.00 0.00 0.00 1.24 1.10 1.17 0.00 0.00 0.00 0.00 0.00 0.00 0.00 0.00 0.95 0.00 0.00 0.00 0.00 0.00 0.00 0.00 0.00 0.00 0.00 0.00 0.00 0.00 0.00 0.00 0.00 0.00 0.00 0.00 0.00 0.00 0.00 0.00 0.00 0.00 0.00 0.00 0.00 0.00 0.00 0.00 0.00 0.00 0.00 0.00
0.00 0.00 0.00 0.00 0.00 0.00 0.00 0.00 0.00 0.00 0.00 0.00 0.00 0.00 0.00 0.00 0.00 0.00 0.00 0.00 0.00 0.00 0.00 0.00 0.00 0.00 0.00 3.07 0.00 0.00 0.00 0.00 0.00 0.00 0.00 0.00 0.00 0.80 0.00 0.00 0.00 0.00 0.00 0.00 0.00 0.00 0.00 0.00 0.00 0.00 0.00 0.00 0.00 0.00 0.00 0.00 0.00 0.00 0.00 0.00 0.00 0.00 0.00 0.00 0.00 0.00 0.00 0.00 0.00 0.00 0.00 0.00 0.00 0.00 0.00 0.00 0.00 0.00 0.00 1.46 0.29 0.00 0.00 0.00
0.00 0.00 0.00 0.00 0.00 0.00 0.00 0.00 0.00 0.00 0.00 0.00 0.00 0.00 0.00 0.00 0.00 0.00 0.00 0.00 0.00 0.00 0.00 0.00 0.00 0.00 0.00 3.07 0.00 0.00 0.00 0.00 0.00 0.00 0.00 0.00 0.00 0.80 0.00 0.00 0.00 0.00 0.00 0.00 0.00 0.00 0.00 0.00 0.00 0.00 0.00 0.00 0.00 0.00 0.00 0.00 0.00 0.00 0.00 0.00 0.00 0.00 0.00 0.00 0.00 0.00 0.00 0.00 0.00 0.00 0.00 0.00 0.00 0.00 0.00 0.00 0.00 0.00 0.00 1.46 0.29 0.00 0.00 0.00
0.00 0.00 0.00 0.00 0.00 0.00 0.00 0.00 0.00 0.00 0.00 0.00 0.00 0.00 0.00 0.00 0.00 0.00 0.00 0.00 0.00 0.00 0.00 0.00 0.00 0.00 0.00 0.00 0.00 0.00 0.00 0.00 0.00 0.00 0.00 0.00 0.00 0.00 0.00 0.00 0.00 1.61 2.48 1.10 0.00 0.00 0.00 0.00 0.00 0.00 0.00 0.00 0.00 0.00 0.00 0.00 0.00 0.00 0.00 0.00 0.00 0.00 0.00 0.00 0.00 0.00 0.00 0.00 0.00 0.00 0.00 0.00 0.00 0.00 0.00 0.00 0.00 2.70 2.92 2.99 3.21 5.91 3.50 0.00
