Wansh/Snow_depth/snowdepth-1996/winter/1997041.txt
ncols 321
nrows 161
xllcenter 60
yllcenter 15 
cellsize  0.25 
NODATA_value -1
[rows 0 to 36 of 161, columns 168 to 251 of 321]
11.32 6.72 6.13 5.69 6.72 6.57 6.13 6.79 7.01 7.01 5.33 5.55 5.69 6.28 6.42 5.99 6.94 6.42 8.83 7.88 9.86 7.23 7.37 8.25 8.32 7.37 4.53 0.00 0.00 0.00 0.00 10.37 7.96 14.16 13.72 13.72 13.65 12.05 15.55 17.23 16.72 18.54 22.56 24.24 23.80 25.04 29.71 23.58 29.35 29.05 27.01 17.30 16.35 15.99 15.91 17.89 19.27 22.56 22.56 22.56 22.56 24.38 23.73 26.94 30.30 29.42 29.64 27.38 27.89 24.97 21.46 20.37 20.73 20.08 19.86 21.53 21.10 22.12 22.56 22.92 21.32 17.89 18.47 19.49
13.43 14.24 10.44 7.66 7.37 6.35 6.94 5.04 5.69 5.69 5.26 7.15 6.57 6.86 6.20 6.50 6.72 8.40 7.88 9.71 8.10 8.32 7.74 8.10 7.96 4.16 0.00 0.00 0.00 0.00 0.00 0.80 11.97 12.63 12.05 12.05 12.41 13.58 17.89 16.72 19.71 23.58 26.72 28.25 28.76 28.91 27.38 22.85 19.64 19.20 19.35 19.13 18.40 19.35 20.73 21.32 21.39 22.85 23.29 23.58 23.58 23.65 25.26 26.21 26.21 27.59 26.94 25.40 24.60 25.04 22.05 21.17 20.22 20.22 19.05 16.79 19.05 18.47 20.95 16.86 16.43 15.91 11.61 16.35
17.16 12.34 13.14 13.36 12.78 12.99 6.06 6.50 5.84 5.84 6.86 6.35 7.08 6.50 6.57 8.18 10.66 10.07 11.39 10.15 9.20 8.98 8.83 8.69 5.18 0.00 0.00 0.00 0.00 0.00 0.00 10.37 12.92 13.21 12.99 12.99 12.92 12.34 16.28 19.27 24.02 26.50 24.75 26.06 26.06 20.59 21.90 21.39 19.78 20.37 20.81 20.66 20.51 20.44 20.51 20.59 21.46 21.10 22.27 21.24 21.24 22.85 23.65 22.27 20.81 22.34 21.61 24.60 24.16 21.68 19.27 19.42 18.25 14.53 14.82 15.48 15.18 13.94 13.29 13.58 10.66 11.02 10.51 11.32
17.16 12.34 13.14 13.36 12.78 12.99 6.06 6.50 5.84 5.84 6.86 6.35 7.08 6.50 6.57 8.18 10.66 10.07 11.39 10.15 9.20 8.98 8.83 8.69 5.18 0.00 0.00 0.00 0.00 0.00 0.00 10.37 12.92 13.21 12.99 12.99 12.92 12.34 16.28 19.27 24.02 26.50 24.75 26.06 26.06 20.59 21.90 21.39 19.78 20.37 20.81 20.66 20.51 20.44 20.51 20.59 21.46 21.10 22.27 21.24 21.24 22.85 23.65 22.27 20.81 22.34 21.61 24.60 24.16 21.68 19.27 19.42 18.25 14.53 14.82 15.48 15.18 13.94 13.29 13.58 10.66 11.02 10.51 11.32
18.76 18.91 15.33 15.33 14.53 11.02 12.70 9.56 7.59 7.59 7.74 8.61 10.51 7.52 9.20 8.91 11.46 12.41 12.85 10.51 9.34 9.56 8.25 4.09 5.77 0.00 0.00 0.00 0.00 0.00 7.01 11.83 10.37 13.72 13.72 13.72 15.04 14.38 16.64 19.56 23.36 24.09 21.10 21.46 20.00 18.25 18.10 18.98 21.46 21.02 20.59 20.00 20.08 20.66 20.66 20.59 21.46 21.53 21.39 19.71 19.71 21.02 20.15 20.51 21.02 21.39 15.91 17.08 16.86 15.91 12.63 13.36 13.07 12.19 10.37 10.22 10.07 11.61 11.17 11.02 11.68 12.92 12.48 12.85
19.56 20.73 20.81 19.56 17.30 14.53 12.41 12.85 10.22 10.22 9.86 9.42 12.05 14.67 14.67 16.50 15.99 16.57 11.32 7.15 2.92 4.82 0.00 0.00 0.00 0.00 0.00 0.00 0.00 5.62 10.88 9.93 12.41 13.43 16.35 16.35 18.98 17.96 18.83 19.27 19.93 20.81 18.83 21.17 17.89 19.42 19.56 20.81 20.81 20.73 23.14 22.70 22.85 21.53 20.81 18.76 19.20 20.37 16.64 18.76 18.76 18.83 20.44 17.45 15.18 15.70 13.80 13.43 11.39 11.32 11.75 11.24 10.51 10.29 10.59 11.24 11.75 11.10 12.19 12.85 12.92 13.72 14.97 14.97
20.44 21.10 21.10 21.39 19.27 17.96 18.32 19.64 16.86 16.86 17.96 13.87 18.47 15.84 17.37 17.01 17.81 11.02 6.06 7.37 1.10 0.00 0.00 0.00 0.00 0.00 0.00 0.73 6.86 5.84 8.32 11.61 14.09 17.45 16.72 16.72 18.54 22.05 20.22 20.08 19.64 19.71 19.20 20.08 20.08 19.93 20.08 19.78 21.68 21.46 22.34 21.97 23.36 21.24 19.20 17.67 17.81 17.08 18.69 16.35 16.35 17.16 16.79 15.70 13.14 11.83 12.34 10.51 11.10 10.15 9.64 9.64 8.54 8.18 9.34 8.76 10.66 10.88 10.51 14.07 18.49 17.82 17.62 23.40
20.44 21.10 21.10 21.39 19.27 17.96 18.32 19.64 16.86 16.86 17.96 13.87 18.47 15.84 17.37 17.01 17.81 11.02 6.06 7.37 1.10 0.00 0.00 0.00 0.00 0.00 0.00 0.73 6.86 5.84 8.32 11.61 14.09 17.45 16.72 16.72 18.54 22.05 20.22 20.08 19.64 19.71 19.20 20.08 20.08 19.93 20.08 19.78 21.68 21.46 22.34 21.97 23.36 21.24 19.20 17.67 17.81 17.08 18.69 16.35 16.35 17.16 16.79 15.70 13.14 11.83 12.34 10.51 11.10 10.15 9.64 9.64 8.54 8.18 9.34 10.13 14.70 15.65 14.40 23.90 30.54 23.71 22.67 24.27
18.32 21.39 19.93 20.95 21.90 19.49 20.08 19.78 18.10 18.10 16.21 15.99 19.93 19.86 17.74 18.18 11.97 3.07 5.33 0.00 0.00 0.00 0.00 0.00 0.00 0.00 2.70 7.08 9.27 8.18 10.44 12.26 15.91 14.38 20.29 20.29 23.36 21.39 19.56 18.47 19.49 20.15 22.92 22.78 21.90 22.70 23.43 23.14 22.70 22.48 20.66 20.00 17.89 19.05 17.59 14.67 14.45 15.70 17.08 16.86 16.86 17.45 17.01 17.45 15.40 12.63 11.10 10.66 10.95 10.51 9.05 9.05 9.71 8.88 10.55 14.04 15.32 14.27 16.20 19.31 24.76 23.74 21.44 26.10
13.29 17.01 18.61 18.61 18.47 17.16 17.52 16.35 16.94 16.94 16.21 19.64 15.77 20.00 16.21 10.00 11.32 2.56 0.00 0.00 0.00 0.00 0.00 0.00 1.24 4.89 3.72 6.79 9.49 11.02 11.61 11.39 12.70 14.02 18.69 18.69 20.51 17.74 17.30 20.22 21.46 21.24 22.27 23.36 22.12 24.31 20.51 21.17 20.22 20.44 19.49 18.54 15.62 15.26 14.75 14.97 14.53 14.45 18.03 20.08 20.08 19.13 16.86 17.96 16.13 14.89 12.85 11.02 11.61 10.22 11.61 10.73 10.91 12.36 13.45 14.06 15.87 16.86 21.71 22.49 21.58 23.61 24.58 24.80
10.00 10.22 12.92 14.60 14.31 16.28 16.35 16.28 16.79 16.79 15.18 15.40 12.92 7.81 0.00 0.88 0.00 0.00 0.00 0.00 0.00 0.00 0.58 5.26 10.66 10.80 10.15 10.00 10.95 11.24 10.44 10.80 12.05 12.05 14.53 14.53 17.01 17.30 18.91 19.71 20.73 18.98 18.25 19.49 19.78 19.93 17.37 17.23 17.52 16.86 15.84 16.13 15.18 15.04 15.62 18.40 21.75 24.09 23.73 22.34 22.34 22.12 21.02 18.03 14.97 15.91 12.99 13.43 12.34 12.63 12.19 12.99 10.03 9.78 9.63 15.52 19.35 20.09 17.24 19.57 20.59 20.98 20.94 19.04
10.00 10.22 12.92 14.60 14.31 16.28 16.35 16.28 16.79 16.79 15.18 15.40 12.92 7.81 0.00 0.88 0.00 0.00 0.00 0.00 0.00 0.00 0.58 5.26 10.66 10.80 10.15 10.00 10.95 11.24 10.44 10.80 12.05 12.05 14.53 14.53 17.01 17.30 18.91 19.71 20.73 18.98 18.25 19.49 19.78 19.93 17.37 17.23 17.52 16.86 15.84 16.13 15.18 15.04 15.62 18.40 21.75 24.09 23.73 22.34 22.34 22.12 21.02 18.03 14.97 15.91 12.99 13.43 12.34 12.63 12.19 12.99 9.78 9.64 9.34 14.41 17.24 18.60 18.39 20.31 20.59 20.52 23.01 20.37
11.83 9.71 9.71 10.00 9.34 9.86 10.00 6.94 2.85 2.85 12.12 7.37 0.00 3.94 0.00 0.00 0.00 0.00 7.66 10.29 9.71 10.00 11.46 11.61 11.39 11.39 11.90 12.48 11.90 11.10 10.44 10.66 12.12 12.92 13.72 13.72 14.24 17.37 16.06 19.27 17.45 17.67 16.94 15.91 15.84 15.18 14.09 14.02 16.50 17.74 17.08 15.99 15.40 15.40 15.26 17.89 23.36 25.92 20.81 21.24 21.24 21.53 20.29 18.32 18.83 15.40 15.04 15.26 13.72 14.97 13.58 13.94 11.39 12.85 10.93 14.41 16.67 18.41 20.25 20.27 20.18 21.15 19.77 20.39
13.87 11.90 11.10 9.05 9.34 7.81 4.45 5.69 0.00 0.00 0.00 0.00 0.00 0.00 0.00 0.00 0.00 5.84 3.65 8.61 11.02 12.92 11.61 13.58 12.99 12.85 12.70 12.92 13.58 12.26 11.32 10.95 12.05 11.90 12.56 12.56 13.43 14.97 15.04 17.16 17.59 15.04 15.26 13.80 12.63 13.07 14.16 13.58 16.72 16.06 16.06 16.13 15.99 18.10 18.69 18.61 18.91 18.25 18.69 20.44 20.44 24.60 23.00 21.10 21.75 18.76 20.37 17.59 16.28 15.77 17.96 14.97 12.99 15.26 16.40 17.00 14.60 18.04 21.90 18.61 20.22 18.18 18.40 21.90
14.75 14.60 15.04 13.51 12.70 10.51 5.26 0.37 1.83 1.83 0.00 0.00 0.00 0.00 0.00 5.69 5.48 3.36 8.61 11.61 13.51 13.21 13.87 13.58 14.67 14.60 14.45 13.51 12.78 11.97 11.39 11.46 10.88 11.02 11.24 11.24 12.41 14.45 15.55 13.72 12.26 12.48 12.63 12.70 12.56 15.18 14.82 15.11 15.77 16.57 16.21 16.21 16.35 18.76 18.98 19.05 18.91 20.08 19.86 20.73 20.73 23.14 23.36 22.70 22.85 23.29 21.46 18.47 19.93 19.93 20.15 18.18 17.27 15.91 17.33 19.02 19.54 18.71 17.85 19.00 19.01 18.49 19.40 17.88
15.04 15.70 14.45 14.82 13.51 12.41 10.95 11.53 8.40 8.40 8.47 8.69 7.96 6.94 7.74 7.52 7.01 8.25 7.45 10.59 12.34 12.12 13.43 13.58 14.09 15.04 14.53 12.99 13.21 12.63 11.39 11.10 10.95 11.61 11.32 11.32 11.53 12.56 11.61 12.05 11.10 12.34 13.29 11.39 13.07 12.92 12.99 14.82 15.26 14.38 14.53 15.26 14.82 17.74 20.95 22.48 21.24 21.75 20.59 21.24 21.24 22.34 22.85 24.60 22.85 19.93 18.91 18.76 21.17 23.51 21.75 23.78 20.83 20.25 20.79 18.60 18.94 17.85 18.87 20.06 20.14 20.87 19.11 17.79
15.04 15.70 14.45 14.82 13.51 12.41 10.95 11.53 8.40 8.40 8.47 8.69 7.96 6.94 7.74 7.52 7.01 8.25 7.45 10.59 12.34 12.12 13.43 13.58 14.09 15.04 14.53 12.99 13.21 12.63 11.39 11.10 10.95 11.61 11.32 11.32 11.53 12.56 11.61 12.05 11.10 12.34 13.29 11.39 13.07 12.92 12.99 14.82 15.26 14.38 14.53 15.26 14.82 17.74 20.95 22.48 21.24 21.75 20.59 21.24 21.24 22.34 22.85 24.60 22.85 19.93 18.91 18.76 21.17 23.51 21.75 29.20 19.52 22.01 18.67 23.01 19.22 19.74 19.24 18.09 19.47 17.95 20.78 20.20
11.97 15.55 15.04 13.80 13.07 13.29 11.75 11.97 12.12 12.12 11.10 9.71 10.15 8.61 8.91 10.44 8.91 7.30 8.98 10.37 11.17 10.66 12.56 11.46 12.48 14.24 14.16 13.58 12.85 11.90 11.39 12.26 12.05 11.83 13.58 13.58 13.87 12.34 11.32 12.12 13.07 13.07 12.56 11.24 10.88 10.73 11.32 11.46 10.66 12.48 13.29 12.12 14.45 17.08 17.52 18.10 21.46 21.46 22.48 24.24 24.24 23.80 24.16 24.09 23.29 21.39 20.44 20.44 21.90 24.24 22.69 22.13 21.45 23.23 18.40 24.49 25.11 18.81 19.44 21.69 19.53 18.90 19.57 17.69
8.69 14.75 15.70 15.99 14.67 13.87 12.41 12.48 11.75 11.75 11.90 11.61 12.78 12.34 11.75 11.90 10.07 9.20 12.12 10.66 12.99 12.85 10.73 11.53 10.73 11.24 11.32 11.90 11.02 11.39 11.83 12.48 13.07 13.51 13.43 13.43 13.94 13.36 12.19 13.07 13.36 10.66 13.14 7.23 6.72 7.08 8.40 9.56 10.66 11.32 11.17 11.17 11.83 12.05 14.67 17.08 19.35 19.20 21.32 22.48 22.48 22.19 25.04 23.80 24.24 22.05 23.80 23.58 24.38 24.43 23.01 24.33 21.41 22.60 27.28 23.34 24.76 20.56 21.31 22.11 17.11 19.16 18.37 19.95
8.18 10.73 14.97 15.11 15.04 15.62 13.21 12.78 12.99 12.99 12.63 14.53 14.97 15.04 15.33 14.89 15.84 15.04 13.51 13.80 14.02 16.72 14.75 13.94 11.53 11.24 10.44 11.02 9.71 10.22 11.32 12.41 13.14 13.07 12.12 12.12 11.53 12.56 12.12 12.92 9.27 9.05 7.45 8.32 7.01 7.08 8.25 11.39 11.90 11.97 11.68 11.39 11.75 11.10 13.21 16.57 20.44 19.13 20.08 21.75 21.75 22.78 25.33 23.07 22.34 23.07 22.92 23.07 22.92 24.97 25.55 25.04 27.30 26.06 25.62 28.32 25.57 29.20 24.33 22.16 20.28 17.54 16.04 18.28
6.72 7.96 9.86 9.42 12.56 14.38 14.75 14.67 14.82 14.82 16.64 19.27 18.69 19.13 17.59 17.74 16.57 16.35 19.42 20.15 19.05 18.98 18.10 14.75 11.68 10.51 9.71 8.98 9.20 11.02 10.15 12.85 13.43 12.48 12.05 12.05 11.61 7.96 6.57 6.79 6.42 7.45 6.06 7.30 6.35 9.78 10.15 9.93 10.29 12.05 9.27 10.29 9.34 9.64 12.78 15.77 18.25 18.18 19.64 22.05 22.05 21.53 23.36 18.61 20.44 20.37 18.69 22.05 21.39 23.87 25.33 27.08 27.08 26.50 28.03 26.43 32.12 28.35 27.74 20.35 23.43 17.54 18.74 15.87
6.28 5.69 8.91 11.10 10.51 13.07 14.82 15.48 15.40 15.40 15.26 18.47 19.42 19.64 18.10 14.09 14.09 20.29 19.35 21.02 19.42 17.08 15.18 11.17 12.12 10.80 10.44 10.07 10.22 10.59 12.26 12.19 12.99 13.21 13.80 13.80 8.47 6.64 5.55 5.18 5.48 6.28 6.50 7.81 7.96 8.76 8.25 6.64 6.64 6.42 7.88 10.29 10.73 10.15 9.78 13.29 16.06 16.79 17.08 17.81 17.81 13.94 12.91 12.63 15.55 11.90 17.52 21.10 21.53 20.88 23.94 25.19 23.80 22.70 26.61 24.41 30.40 28.11 29.96 19.95 15.61 18.17 18.87 19.28
6.28 5.69 8.91 11.10 10.51 13.07 14.82 15.48 15.40 15.40 15.26 18.47 19.42 19.64 18.10 14.09 14.09 20.29 19.35 21.02 19.42 17.08 15.18 11.17 12.12 10.80 10.44 10.07 10.22 10.59 12.26 12.19 12.99 13.21 13.80 13.80 8.47 6.64 5.55 5.18 5.48 6.28 6.50 7.81 7.96 8.76 8.25 6.64 6.64 6.42 7.88 10.29 10.73 10.15 9.78 13.29 16.06 16.79 17.08 17.81 17.81 13.94 12.91 12.63 15.55 11.90 17.52 21.10 21.53 20.88 23.94 25.19 23.80 22.70 25.55 24.54 23.61 24.73 25.09 23.22 19.09 18.56 14.79 17.79
3.58 4.89 6.86 9.64 12.70 13.36 14.02 14.75 15.48 15.48 14.67 14.75 14.16 15.40 14.16 14.82 11.68 17.37 16.64 18.54 16.06 16.72 14.38 12.41 11.39 10.73 13.21 12.48 13.72 12.78 12.63 11.02 6.72 5.99 4.96 4.96 5.18 5.48 5.11 6.13 5.99 7.52 5.55 8.18 7.81 7.01 6.64 6.28 6.72 9.20 9.86 10.00 10.22 12.78 14.09 13.72 14.60 15.77 9.42 7.52 7.52 5.77 6.64 3.80 10.59 9.20 14.16 12.34 17.59 19.13 20.22 15.77 18.91 19.64 21.46 21.42 23.05 29.09 31.46 27.73 20.46 16.85 18.08 17.82
1.90 2.77 5.33 8.54 7.96 10.95 12.78 15.40 14.60 14.60 15.48 14.16 14.82 14.75 14.67 12.34 10.88 13.21 13.07 16.43 17.52 13.43 12.19 12.99 13.80 13.14 14.53 15.70 12.05 14.02 11.10 8.54 5.99 4.96 4.96 4.96 6.42 7.15 7.74 7.66 6.79 7.52 6.72 8.83 7.52 7.59 6.20 6.06 4.67 5.84 8.76 9.49 9.78 13.29 14.16 9.27 8.83 5.77 3.14 3.80 3.80 0.00 0.00 3.29 8.03 9.05 10.88 10.29 13.07 14.24 14.31 14.45 15.62 20.22 24.71 24.28 24.52 25.40 25.70 19.96 24.33 16.21 17.67 19.47
1.31 1.10 2.19 5.62 8.10 7.45 10.59 15.33 17.37 17.37 17.67 17.37 15.91 13.51 12.78 11.10 11.39 11.61 13.14 14.75 14.16 13.51 12.85 13.07 13.14 11.53 12.41 13.29 11.24 9.13 7.45 7.88 6.42 4.89 5.99 5.99 6.64 7.81 10.37 9.86 8.25 9.27 8.25 5.62 4.45 4.74 3.21 0.00 0.00 4.09 6.28 5.77 10.37 10.15 7.37 5.99 4.89 3.72 0.00 0.00 0.00 0.00 0.00 0.00 7.30 9.20 10.66 13.21 12.85 14.09 15.40 17.81 17.12 20.94 26.01 26.81 23.93 22.75 22.24 19.09 14.07 14.60 15.33 16.15
0.66 1.39 1.75 2.19 2.04 4.23 9.20 12.70 11.75 11.75 16.28 15.77 14.16 15.04 12.12 11.39 10.29 12.12 13.94 11.97 13.07 13.94 12.92 12.05 13.36 13.07 9.56 12.34 12.12 8.18 7.45 7.08 7.08 7.88 7.59 7.59 7.23 10.51 10.44 11.39 11.53 8.25 7.52 5.77 2.48 5.11 2.92 3.29 5.48 3.94 4.23 4.74 6.20 5.77 6.79 6.13 3.80 2.63 3.14 3.43 3.43 4.96 7.81 7.59 7.66 8.10 10.51 12.34 13.51 17.08 16.50 19.35 26.11 26.52 29.12 28.64 23.76 18.81 17.87 16.55 12.41 9.70 15.05 14.04
1.83 2.12 1.83 1.53 2.41 2.04 4.31 9.20 13.58 13.58 12.48 14.75 14.38 10.15 8.98 8.54 8.40 9.56 7.45 8.47 11.61 8.25 9.78 6.28 9.27 8.83 9.49 10.66 8.40 8.32 9.34 9.86 11.10 11.32 12.63 12.63 11.39 10.15 10.51 10.59 10.29 9.20 7.88 9.64 8.61 8.03 6.06 10.51 7.08 5.04 4.09 4.09 6.35 5.26 6.42 3.21 3.50 3.43 3.50 4.67 4.67 8.54 8.47 8.18 10.07 10.73 10.59 11.24 14.31 17.67 24.63 24.10 29.20 26.95 22.78 31.08 21.79 15.69 10.86 10.44 9.83 7.92 4.94 5.76
1.83 2.12 1.83 1.53 2.41 2.04 4.31 9.20 13.58 13.58 12.48 14.75 14.38 10.15 8.98 8.54 8.40 9.56 7.45 8.47 11.61 8.25 9.78 6.28 9.27 8.83 9.49 10.66 8.40 8.32 9.34 9.86 11.10 11.32 12.63 12.63 11.39 10.15 10.51 10.59 10.29 9.20 7.88 9.64 8.61 8.03 6.06 10.51 7.08 5.04 4.09 4.09 6.35 5.26 6.42 3.21 3.50 3.43 3.50 4.67 4.67 8.54 8.47 8.18 10.07 10.73 10.59 11.24 14.31 17.67 24.76 23.84 26.40 30.03 24.30 36.26 25.29 15.19 11.34 10.15 10.40 9.39 4.51 4.89
0.88 0.15 0.07 0.00 0.00 1.24 0.80 3.72 2.34 2.34 6.64 8.47 8.76 8.47 8.54 8.03 5.84 5.91 6.28 5.04 5.40 3.80 3.58 4.67 3.72 8.18 4.45 9.20 8.98 9.20 9.13 10.51 12.12 10.66 11.46 11.46 9.93 10.07 8.98 10.07 8.32 11.61 11.97 12.12 11.90 9.71 13.80 14.82 10.15 6.06 6.50 4.45 5.18 4.02 4.31 4.02 4.74 5.48 8.54 9.20 9.24 9.24 9.10 7.96 11.68 13.51 15.77 15.48 14.60 23.52 26.10 28.02 30.16 34.92 29.76 18.75 20.82 13.88 9.73 7.45 5.89 8.06 2.46 0.70
1.31 1.39 0.00 0.00 0.00 0.00 0.51 1.46 4.31 4.31 3.87 4.96 5.48 4.53 6.57 5.91 6.72 6.50 6.20 5.91 5.11 4.89 3.50 4.67 2.99 3.29 7.01 7.52 7.08 7.23 6.50 6.72 8.61 8.03 9.64 9.64 11.02 13.94 13.51 13.72 15.62 15.04 16.28 15.77 18.91 19.20 17.08 18.25 9.56 10.59 7.88 6.13 4.60 3.94 4.16 5.26 7.15 8.69 8.47 8.03 8.03 7.59 9.34 8.69 11.97 16.13 17.08 18.69 24.82 23.73 26.28 28.45 28.47 22.29 25.66 13.90 7.62 7.14 6.57 7.46 2.81 1.60 1.67 0.00
3.14 1.10 1.90 0.00 0.00 0.00 0.00 0.00 0.00 0.00 0.00 0.00 2.77 2.48 4.89 6.13 7.30 7.59 6.42 6.86 6.13 6.94 5.84 8.69 7.37 7.74 6.72 7.45 6.72 6.79 5.11 6.86 8.76 13.07 13.72 13.72 15.11 14.75 17.67 17.30 16.13 16.50 18.10 17.01 18.25 16.35 16.28 13.14 10.95 7.74 8.98 8.32 6.13 5.33 5.91 6.94 6.94 8.32 8.83 7.15 7.15 7.74 9.71 12.26 15.55 14.67 18.18 22.70 24.38 27.38 27.16 28.44 29.29 19.68 6.73 12.25 6.06 4.01 4.52 4.90 2.30 0.09 0.00 0.00
8.03 5.48 1.90 0.00 1.46 0.00 0.00 3.21 0.00 0.00 2.85 0.00 0.00 2.41 4.23 6.64 5.55 6.72 7.15 7.37 7.23 8.83 8.83 11.75 12.85 12.63 9.93 6.94 13.14 9.86 8.03 9.64 13.87 14.09 14.45 14.45 15.33 14.97 15.11 18.91 18.25 13.94 13.29 14.89 15.48 15.48 15.77 13.87 12.63 16.35 14.09 11.17 9.20 7.45 6.42 8.25 7.66 8.47 6.35 7.01 7.01 6.28 8.83 13.94 17.37 19.86 21.53 20.81 24.97 27.38 27.67 20.87 28.56 16.82 5.39 2.28 3.58 2.86 1.26 1.59 1.91 0.48 0.00 0.00
6.13 4.53 5.18 3.07 0.00 0.00 0.00 0.00 3.07 3.07 0.00 0.00 0.00 0.00 2.56 0.00 2.85 5.04 3.94 6.42 7.08 8.18 10.29 9.86 13.87 12.78 15.18 15.99 12.92 11.97 11.68 13.51 13.21 14.24 13.94 13.94 13.94 14.16 13.29 12.48 13.65 14.89 15.77 19.64 17.30 16.13 16.35 15.99 19.56 19.05 18.03 13.94 11.10 8.40 8.47 9.56 12.48 9.49 9.56 10.95 10.95 10.59 10.51 13.80 10.00 14.02 19.13 20.51 18.69 24.38 22.27 19.20 6.41 8.27 4.36 1.04 0.79 0.95 0.44 0.58 0.00 0.00 0.00 0.00
4.60 3.80 0.00 0.00 0.00 0.00 0.00 0.00 0.00 0.00 0.00 0.00 0.00 0.00 0.00 0.00 0.00 2.92 4.31 4.09 6.79 5.77 8.47 10.15 12.41 13.21 10.15 10.37 10.22 7.52 8.54 11.10 9.93 13.80 13.80 13.80 14.53 13.58 13.58 16.13 17.23 17.96 21.02 20.88 20.15 18.69 23.80 23.36 21.75 21.53 21.10 17.96 13.65 11.97 17.01 16.72 15.55 13.94 10.95 10.00 10.00 9.71 7.45 7.15 7.23 9.56 10.51 16.72 15.48 19.20 18.25 14.01 3.80 0.89 0.66 0.62 0.00 0.26 0.00 0.00 0.00 0.00 0.00 0.00
4.60 3.80 0.00 0.00 0.00 0.00 0.00 0.00 0.00 0.00 0.00 0.00 0.00 0.00 0.00 0.00 0.00 2.92 4.31 4.09 6.79 5.77 8.47 10.15 12.41 13.21 10.15 10.37 10.22 7.52 8.54 11.10 9.93 13.80 13.80 13.80 14.53 13.58 13.58 16.13 17.23 17.96 21.02 20.88 20.15 18.69 23.80 23.36 21.75 21.53 21.10 17.96 13.65 11.97 17.01 16.72 15.55 13.94 10.95 10.00 10.00 9.71 7.45 7.15 7.23 9.56 10.51 16.72 15.48 19.20 18.25 13.94 3.74 0.88 0.66 0.65 0.00 0.25 0.00 0.00 0.00 0.00 0.00 0.00
2.41 2.34 0.00 0.00 0.00 0.00 0.00 0.00 0.00 0.00 0.00 0.00 0.00 0.00 0.00 0.00 0.00 0.00 3.21 2.70 2.19 4.60 4.38 7.30 5.99 10.00 6.86 7.88 7.30 6.86 8.03 9.64 16.64 16.06 16.13 16.13 16.13 16.79 15.55 14.82 18.47 22.05 22.63 22.48 22.19 24.97 25.62 25.70 25.04 20.81 22.27 19.71 17.08 18.54 19.13 17.23 14.89 13.72 10.44 9.56 9.56 7.66 10.29 8.25 8.03 9.64 8.91 13.87 11.68 13.72 8.18 9.05 4.96 0.74 0.29 0.00 0.00 0.00 0.00 0.00 0.00 0.00 0.00 0.00
