Wansh/Snow_depth/snowdepth-1996/winter/1997046.txt
ncols 321
nrows 161
xllcenter 60
yllcenter 15 
cellsize  0.25 
NODATA_value -1
[rows 0 to 36 of 161, columns 168 to 251 of 321]
8.18 9.05 7.15 6.72 6.72 7.01 6.50 7.08 7.15 7.15 7.01 6.35 6.79 7.81 7.52 7.52 9.71 9.71 9.71 9.56 9.20 9.49 9.42 9.27 8.69 8.18 3.36 0.00 0.00 0.00 2.48 11.90 9.56 15.62 13.58 13.58 14.02 14.97 16.28 16.94 18.47 20.66 19.35 28.84 30.08 28.84 31.76 28.03 29.05 22.41 18.54 18.54 18.10 18.69 19.49 21.61 20.59 23.94 23.51 23.80 23.80 25.19 24.67 29.49 31.39 32.78 33.07 29.93 30.88 25.19 25.99 22.56 21.75 22.78 22.12 21.90 23.29 23.80 23.58 24.16 21.75 22.05 21.46 20.22
10.73 12.56 8.47 9.27 7.74 7.74 6.35 6.13 7.74 7.74 8.61 8.25 9.13 8.47 9.05 8.69 8.10 7.74 7.52 8.83 9.49 8.83 9.78 8.40 6.50 7.23 3.14 0.00 0.00 0.00 3.14 8.18 12.92 12.34 13.29 13.29 15.48 15.04 17.96 24.38 19.49 28.03 30.30 29.42 30.88 30.44 31.32 24.67 22.48 23.14 21.39 22.85 20.22 21.10 21.32 22.63 23.80 23.80 24.09 25.33 25.33 25.11 29.13 29.78 29.93 28.98 27.67 28.11 25.55 26.28 23.29 23.65 21.90 20.44 20.51 18.61 19.78 19.35 20.08 17.89 18.03 15.99 13.87 14.02
18.03 14.45 11.32 11.02 13.58 8.91 8.25 8.47 7.88 7.88 8.18 7.59 7.30 8.54 7.88 9.64 14.09 9.64 11.68 10.15 10.29 10.29 10.15 9.05 4.16 0.00 0.00 0.00 0.00 0.66 0.00 6.13 12.48 13.58 14.24 14.24 15.18 20.44 25.92 25.92 28.47 28.03 27.96 27.74 29.05 21.75 22.92 23.43 22.05 23.07 22.48 23.14 22.34 22.56 22.19 22.34 22.34 23.80 23.51 24.82 24.82 25.77 25.19 24.24 23.29 24.75 26.79 26.13 25.62 21.90 22.34 19.71 17.52 20.15 16.43 16.64 16.79 17.37 17.45 15.99 15.33 15.48 13.29 12.63
18.03 14.45 11.32 11.02 13.58 8.91 8.25 8.47 7.88 7.88 8.18 7.59 7.30 8.54 7.88 9.64 14.09 9.64 11.68 10.15 10.29 10.29 10.15 9.05 4.16 0.00 0.00 0.00 0.00 0.66 0.00 6.13 12.48 13.58 14.24 14.24 15.18 20.44 25.92 25.92 28.47 28.03 27.96 27.74 29.05 21.75 22.92 23.43 22.05 23.07 22.48 23.14 22.34 22.56 22.19 22.34 22.34 23.80 23.51 24.82 24.82 25.77 25.19 24.24 23.29 24.75 26.79 26.13 25.62 21.90 22.34 19.71 17.52 20.15 16.43 16.64 16.79 17.37 17.45 15.99 15.33 15.48 13.29 12.63
18.10 18.25 18.18 15.11 14.53 11.39 8.61 8.69 8.10 8.10 8.40 8.10 9.49 14.82 14.38 14.67 16.64 13.29 12.26 11.10 10.66 10.22 7.59 8.32 4.53 0.00 0.00 0.00 0.00 1.75 10.88 12.92 12.70 14.09 16.13 16.13 15.48 19.49 20.81 22.48 22.48 24.97 21.90 22.12 21.10 21.24 22.41 23.00 22.56 23.29 22.92 23.73 22.34 23.29 23.36 23.00 23.94 23.73 22.12 22.63 22.63 24.09 23.51 23.65 22.34 19.71 20.22 17.30 16.13 20.95 18.61 19.05 16.13 13.87 14.45 11.68 12.34 11.97 12.85 13.72 13.43 14.89 15.40 15.04
20.22 19.35 19.05 19.05 16.43 16.94 15.33 12.19 10.15 10.15 12.41 14.67 14.60 15.77 17.30 18.76 15.55 16.28 9.56 9.93 8.54 7.15 0.58 0.00 0.00 0.00 0.00 0.00 6.64 4.53 11.68 14.09 14.16 13.87 16.35 16.35 21.17 20.59 20.59 22.05 22.92 22.85 21.24 21.17 20.81 22.27 21.90 21.97 22.78 23.80 23.21 24.75 24.67 24.38 23.07 23.07 20.08 20.73 21.17 20.44 20.44 20.51 20.00 20.29 21.46 17.96 14.97 15.11 14.89 13.43 13.36 12.99 11.32 12.63 11.24 11.24 11.39 12.92 12.56 13.87 14.53 16.50 14.89 16.57
17.23 21.02 20.51 19.13 19.35 18.61 17.67 19.86 18.47 18.47 16.64 16.57 16.57 16.72 20.59 19.64 17.23 11.46 9.71 9.78 8.18 0.00 0.00 0.00 0.00 0.00 0.00 1.39 7.45 10.80 12.78 12.85 16.06 20.81 19.78 19.78 22.92 22.92 21.75 21.46 22.12 20.88 21.02 20.95 21.68 22.12 21.83 22.56 22.56 22.92 25.04 25.04 23.07 23.36 22.12 18.91 19.71 17.16 17.81 18.40 18.40 19.35 19.35 19.56 16.21 13.21 13.58 12.26 12.48 12.63 12.26 12.34 11.17 10.66 10.73 10.37 11.24 11.02 12.99 16.50 19.63 19.80 20.47 22.60
17.23 21.02 20.51 19.13 19.35 18.61 17.67 19.86 18.47 18.47 16.64 16.57 16.57 16.72 20.59 19.64 17.23 11.46 9.71 9.78 8.18 0.00 0.00 0.00 0.00 0.00 0.00 1.39 7.45 10.80 12.78 12.85 16.06 20.81 19.78 19.78 22.92 22.92 21.75 21.46 22.12 20.88 21.02 20.95 21.68 22.12 21.83 22.56 22.56 22.92 25.04 25.04 23.07 23.36 22.12 18.91 19.71 17.16 17.81 18.40 18.40 19.35 19.35 19.56 16.21 13.21 13.58 12.26 12.48 12.63 12.26 12.34 11.17 10.66 10.73 11.98 15.51 15.86 17.80 28.04 32.41 26.35 26.34 23.45
14.38 19.56 18.69 21.53 18.03 18.61 18.69 18.69 18.54 18.54 17.45 20.66 21.83 21.83 21.46 21.24 17.67 7.52 1.24 0.00 0.00 0.00 0.00 0.00 0.00 0.00 0.00 1.17 8.25 10.88 13.14 17.01 16.06 21.46 23.00 23.00 24.38 22.78 20.59 20.00 19.71 21.75 23.51 23.29 23.43 23.65 23.58 25.55 23.36 23.43 22.05 22.05 22.19 19.42 16.13 16.57 17.74 17.52 18.54 19.42 19.42 19.27 19.78 16.94 17.45 14.31 12.70 12.78 11.90 11.61 11.39 12.34 10.29 11.21 13.19 16.27 15.68 17.48 16.95 21.66 22.32 23.74 24.28 25.31
12.85 14.31 14.09 19.56 16.79 16.21 17.45 17.01 18.69 18.69 18.25 20.29 21.83 13.65 14.02 14.60 14.31 13.07 0.00 0.00 0.00 0.00 0.00 0.00 0.00 7.66 9.34 10.66 10.15 11.32 13.43 15.77 15.62 15.33 19.86 19.86 16.28 21.10 17.16 20.29 22.48 21.90 24.09 23.07 23.00 24.02 25.19 25.33 21.32 20.88 21.75 17.81 16.79 18.54 16.43 17.67 17.23 22.27 19.05 19.27 19.27 20.15 20.08 19.56 16.64 14.75 14.82 12.12 12.48 12.34 13.36 13.29 13.24 15.24 16.67 15.90 17.24 20.49 21.84 23.67 25.50 22.54 29.41 30.06
10.37 10.29 11.46 15.33 15.62 14.60 16.72 17.96 18.54 18.54 12.05 12.26 12.78 12.56 7.15 10.80 9.71 0.00 0.00 0.00 0.00 0.00 7.15 9.71 10.37 10.00 10.22 12.78 12.78 13.07 12.70 10.73 13.21 12.48 15.84 15.84 15.62 17.89 17.23 20.00 22.34 20.37 20.51 20.81 20.00 19.35 16.06 19.56 19.64 18.98 17.59 17.89 16.94 17.67 17.74 18.98 23.87 22.85 26.65 25.55 25.55 22.56 20.29 16.72 17.23 14.97 13.29 13.87 14.02 14.60 12.85 13.43 12.13 10.75 10.69 15.93 19.59 21.96 20.28 21.90 21.53 23.68 22.05 23.17
10.37 10.29 11.46 15.33 15.62 14.60 16.72 17.96 18.54 18.54 12.05 12.26 12.78 12.56 7.15 10.80 9.71 0.00 0.00 0.00 0.00 0.00 7.15 9.71 10.37 10.00 10.22 12.78 12.78 13.07 12.70 10.73 13.21 12.48 15.84 15.84 15.62 17.89 17.23 20.00 22.34 20.37 20.51 20.81 20.00 19.35 16.06 19.56 19.64 18.98 17.59 17.89 16.94 17.67 17.74 18.98 23.87 22.85 26.65 25.55 25.55 22.56 20.29 16.72 17.23 14.97 13.29 13.87 14.02 14.60 12.85 13.43 11.83 10.59 10.37 14.79 17.46 20.33 21.63 22.72 21.53 23.17 24.22 24.79
12.85 11.39 9.49 10.29 11.61 11.10 13.94 9.34 9.49 9.49 9.71 6.79 0.00 0.00 0.00 0.00 0.00 0.00 6.72 8.54 9.56 10.88 10.07 11.02 13.36 13.14 12.12 12.63 12.41 11.17 10.44 10.44 11.83 14.09 13.36 13.36 15.62 16.64 19.42 19.35 18.18 18.91 16.79 17.08 15.18 14.16 13.80 16.86 19.13 18.98 18.40 16.72 17.23 17.30 19.78 19.13 24.16 26.43 26.21 24.82 24.82 22.19 22.41 20.95 18.69 16.64 14.97 15.40 15.33 15.62 14.82 15.26 13.14 11.97 11.38 14.60 19.20 20.63 20.04 22.99 22.41 23.30 25.27 22.25
12.26 13.14 10.80 10.29 11.02 8.32 5.69 2.77 2.63 2.63 2.19 0.00 0.00 0.00 0.00 0.00 0.00 0.00 5.77 8.40 10.66 11.10 13.07 13.21 13.21 12.85 14.31 12.99 13.29 11.83 11.53 12.56 12.05 13.21 12.56 12.56 15.33 15.26 15.62 17.30 17.23 16.57 15.62 13.58 13.65 14.24 16.86 16.35 17.37 18.54 18.91 16.50 17.67 17.08 19.86 22.12 21.90 21.17 20.29 22.27 22.27 22.48 22.70 22.85 21.75 21.39 19.78 20.29 19.05 18.98 16.57 17.45 14.67 15.34 15.98 18.02 15.39 19.00 23.81 19.71 22.56 20.63 20.20 24.61
15.33 14.75 15.70 14.60 12.78 10.00 5.33 6.94 1.83 1.83 0.00 0.37 0.00 2.48 0.00 4.96 7.23 6.86 8.32 9.93 12.99 12.92 13.43 12.41 14.16 14.89 15.04 14.16 12.41 11.61 11.90 11.24 11.68 11.68 12.26 12.26 13.51 15.18 15.04 14.38 13.87 11.97 11.61 13.21 16.21 15.55 16.72 17.30 17.23 16.79 17.01 17.01 18.03 19.71 18.98 22.19 21.61 21.83 21.17 21.97 21.97 23.80 24.24 23.51 23.58 23.36 20.66 19.93 19.78 21.24 20.00 20.44 17.90 17.42 17.23 17.81 20.29 23.14 19.44 21.15 20.58 19.44 19.91 19.47
16.43 16.35 14.82 14.02 13.43 12.41 12.85 11.24 7.52 7.52 12.70 10.22 8.83 9.42 6.13 9.71 10.07 9.56 10.73 12.56 12.12 13.07 12.92 14.75 16.06 14.24 13.51 13.65 12.12 11.68 12.05 11.83 12.56 13.65 13.58 13.58 13.51 13.21 12.56 13.21 11.17 11.61 14.09 14.02 14.45 13.80 13.43 16.50 15.99 16.13 14.75 14.45 15.91 18.32 21.24 23.73 23.51 22.34 21.90 21.83 21.83 23.94 25.26 25.33 23.80 20.88 21.97 19.86 23.29 22.48 23.51 18.96 23.86 19.27 18.03 17.90 21.16 18.04 19.34 20.36 21.04 22.49 19.40 18.66
16.43 16.35 14.82 14.02 13.43 12.41 12.85 11.24 7.52 7.52 12.70 10.22 8.83 9.42 6.13 9.71 10.07 9.56 10.73 12.56 12.12 13.07 12.92 14.75 16.06 14.24 13.51 13.65 12.12 11.68 12.05 11.83 12.56 13.65 13.58 13.58 13.51 13.21 12.56 13.21 11.17 11.61 14.09 14.02 14.45 13.80 13.43 16.50 15.99 16.13 14.75 14.45 15.91 18.32 21.24 23.73 23.51 22.34 21.90 21.83 21.83 23.94 25.26 25.33 23.80 20.88 21.97 19.86 23.29 22.48 23.51 23.29 22.36 20.95 16.19 22.15 21.47 19.95 19.72 18.36 20.34 19.34 21.10 21.19
13.65 13.07 15.26 14.67 13.29 12.70 12.70 13.51 12.19 12.19 12.48 12.19 11.24 11.17 8.91 10.15 9.49 9.71 10.44 11.17 11.90 12.41 12.05 13.29 13.87 11.83 13.51 13.14 12.92 11.53 12.63 12.48 12.56 13.43 13.80 13.80 13.07 13.36 12.12 11.83 11.68 13.14 14.67 11.24 12.48 11.17 11.53 10.66 14.97 13.65 14.16 13.07 13.14 18.32 17.74 21.90 22.27 21.97 22.19 23.36 23.36 23.21 24.75 23.43 23.80 21.61 20.51 23.14 22.19 25.55 24.66 25.14 25.64 20.66 20.05 24.13 22.66 19.70 19.16 20.29 20.52 19.50 20.31 18.25
13.29 12.85 13.87 15.77 14.38 13.94 12.26 11.24 11.02 11.02 12.19 12.56 12.63 11.39 12.56 11.53 11.75 10.51 12.99 12.63 13.51 12.48 12.41 10.80 10.66 10.80 12.41 11.68 11.68 11.53 11.90 12.34 13.14 13.65 13.58 13.58 13.21 12.63 12.41 12.48 13.65 13.14 14.31 9.56 7.15 7.52 9.49 10.73 10.44 11.68 11.97 11.97 12.34 11.97 14.09 17.96 20.29 21.10 20.81 22.19 22.19 22.78 22.78 23.07 21.68 22.05 20.81 21.83 23.80 23.62 24.41 23.52 24.41 22.37 19.15 24.64 21.85 20.46 20.03 20.95 18.97 21.23 18.47 19.95
9.05 10.51 14.09 14.75 14.45 14.97 14.02 12.85 15.40 15.40 14.89 15.26 18.91 14.09 17.01 18.91 16.64 15.26 14.97 15.99 14.09 16.72 15.48 11.68 13.43 12.05 12.41 11.61 8.91 10.95 10.51 12.41 12.70 12.78 12.41 12.41 12.41 11.75 11.17 11.24 12.19 9.86 6.28 8.25 7.37 10.29 10.07 10.66 11.90 12.26 12.56 12.41 11.68 12.26 11.53 14.60 13.72 20.00 21.39 21.46 21.46 21.83 23.36 21.24 21.53 21.32 21.75 21.53 22.19 23.94 25.26 24.89 25.26 23.21 21.61 24.01 24.16 24.33 26.23 21.11 21.06 17.25 17.21 20.06
7.74 8.83 11.39 13.07 14.24 13.07 14.60 14.16 15.48 15.48 17.01 19.35 19.78 21.53 20.00 18.54 17.45 17.52 20.29 21.39 20.66 21.46 18.10 16.50 11.32 10.66 9.71 8.61 8.83 10.66 14.16 12.85 12.99 12.70 12.05 12.05 9.93 10.95 8.32 6.50 6.28 8.40 6.06 7.66 7.52 10.59 10.37 10.73 11.83 11.24 11.39 10.59 10.95 9.86 9.93 13.14 16.72 17.52 17.52 17.81 17.81 17.16 22.27 20.00 20.22 20.00 20.37 21.90 23.43 23.00 24.97 25.77 25.62 25.11 26.47 28.61 32.02 31.38 29.87 21.79 21.23 17.96 19.20 16.56
6.86 7.59 9.56 10.37 12.12 14.89 15.48 15.62 16.79 16.79 16.64 17.81 20.44 21.10 21.02 18.10 16.35 16.79 20.44 22.92 21.83 14.53 11.97 12.78 10.73 10.59 10.80 10.15 12.70 12.48 13.43 11.83 12.12 12.34 12.34 12.34 8.18 4.82 4.96 6.20 6.20 5.62 5.62 7.45 8.83 9.64 9.13 7.45 8.10 9.27 9.86 10.66 10.37 10.73 12.05 11.46 14.97 16.79 15.62 15.70 15.70 11.39 8.51 10.51 9.49 13.29 15.77 18.32 18.54 19.71 18.47 18.83 20.15 22.34 23.12 24.88 33.80 25.84 28.00 21.28 19.65 18.68 20.18 18.84
6.86 7.59 9.56 10.37 12.12 14.89 15.48 15.62 16.79 16.79 16.64 17.81 20.44 21.10 21.02 18.10 16.35 16.79 20.44 22.92 21.83 14.53 11.97 12.78 10.73 10.59 10.80 10.15 12.70 12.48 13.43 11.83 12.12 12.34 12.34 12.34 8.18 4.82 4.96 6.20 6.20 5.62 5.62 7.45 8.83 9.64 9.13 7.45 8.10 9.27 9.86 10.66 10.37 10.73 12.05 11.46 14.97 16.79 15.62 15.70 15.70 11.39 8.51 10.51 9.49 13.29 15.77 18.32 18.54 19.71 18.47 18.83 20.15 22.34 22.19 25.02 26.25 22.74 23.45 24.77 24.03 19.08 15.81 17.38
5.62 7.37 9.71 8.83 11.83 13.80 14.02 14.38 15.55 15.55 14.53 15.18 18.32 16.06 13.51 12.92 15.77 14.75 19.20 21.39 16.57 13.58 11.24 13.51 13.21 13.29 12.63 15.04 14.09 12.99 14.24 11.83 10.37 6.35 6.57 6.57 6.64 5.26 7.37 4.74 6.86 7.88 8.54 8.32 8.61 7.37 8.61 6.79 7.08 8.40 9.20 10.22 10.73 10.88 12.05 13.87 12.19 16.06 11.97 7.88 7.88 8.91 3.72 6.86 11.24 10.44 13.21 15.40 17.74 17.30 16.86 17.01 16.35 20.00 21.61 21.50 24.28 29.52 32.26 24.79 21.24 16.04 16.63 18.25
2.99 5.40 8.25 7.15 11.75 13.21 12.70 14.67 14.89 14.89 17.16 15.40 15.84 15.48 14.24 13.87 14.53 14.38 15.99 15.99 16.06 14.89 13.14 14.16 14.24 15.04 15.62 15.55 14.75 12.48 10.22 10.95 6.64 4.89 5.26 5.26 5.04 5.55 8.25 7.37 7.45 7.96 8.76 8.18 8.32 6.35 4.38 6.06 5.99 7.15 6.42 6.20 9.42 12.05 11.39 13.07 9.20 5.69 6.42 0.00 0.00 0.00 0.00 0.00 8.83 9.64 9.34 11.61 14.31 13.80 14.09 14.31 18.10 23.80 22.84 24.44 23.96 25.75 26.73 21.95 21.66 16.48 18.66 18.84
1.97 3.07 1.90 4.74 6.86 11.17 13.51 17.16 16.64 16.64 18.40 17.45 17.08 15.62 14.02 14.02 13.36 14.38 15.70 15.18 14.60 13.87 13.87 14.38 14.09 14.09 12.78 13.29 13.36 12.92 7.96 5.91 6.20 5.40 5.55 5.55 8.32 9.34 9.20 11.53 9.49 9.49 9.05 6.42 4.96 5.69 3.50 3.14 4.53 4.82 4.96 6.20 5.99 7.74 11.97 7.08 8.32 3.94 0.00 0.00 0.00 0.00 0.00 5.84 7.81 7.30 10.88 11.97 13.72 13.51 14.67 18.47 17.27 23.52 26.16 26.72 23.19 18.42 23.98 23.70 19.96 15.78 15.43 13.67
1.02 2.41 2.26 2.34 5.91 6.94 12.85 17.01 13.80 13.80 16.86 16.50 18.54 13.72 12.99 13.29 13.14 14.31 15.70 13.94 13.94 14.16 12.70 13.14 13.43 13.14 10.51 12.92 10.07 7.52 8.18 6.28 5.99 10.22 6.35 6.35 8.83 10.73 12.19 12.05 10.07 8.32 6.72 7.81 5.91 3.65 3.72 3.58 4.96 4.16 3.87 4.67 7.15 7.66 7.37 4.09 2.56 3.14 2.26 1.46 1.46 3.29 2.77 4.89 7.01 10.07 9.05 11.68 13.21 16.43 16.13 16.50 24.61 26.82 26.51 31.90 28.45 27.47 16.12 13.80 13.97 9.89 11.23 13.04
1.61 1.90 2.41 1.90 1.39 2.92 8.40 5.40 10.00 10.00 13.94 13.51 11.24 11.02 11.10 11.61 9.78 8.91 10.88 10.07 12.56 9.34 8.98 10.80 6.79 8.32 8.61 10.59 8.98 7.74 7.30 7.74 7.52 12.41 9.93 9.93 9.93 10.15 10.95 9.56 9.86 10.44 9.20 8.10 8.98 10.88 7.23 7.30 7.52 6.06 4.74 3.72 5.26 6.28 4.67 5.26 3.14 3.80 4.89 4.60 4.60 7.23 6.13 6.50 7.30 13.07 14.02 13.58 13.87 15.62 22.61 25.12 29.89 25.53 28.03 25.24 17.74 16.79 18.09 12.58 8.04 8.78 8.80 4.03
1.61 1.90 2.41 1.90 1.39 2.92 8.40 5.40 10.00 10.00 13.94 13.51 11.24 11.02 11.10 11.61 9.78 8.91 10.88 10.07 12.56 9.34 8.98 10.80 6.79 8.32 8.61 10.59 8.98 7.74 7.30 7.74 7.52 12.41 9.93 9.93 9.93 10.15 10.95 9.56 9.86 10.44 9.20 8.10 8.98 10.88 7.23 7.30 7.52 6.06 4.74 3.72 5.26 6.28 4.67 5.26 3.14 3.80 4.89 4.60 4.60 7.23 6.13 6.50 7.30 13.07 14.02 13.58 13.87 15.62 22.73 24.85 27.03 28.45 29.91 29.44 20.60 16.25 18.90 12.22 8.51 10.41 8.03 3.43
0.29 0.00 0.00 0.00 0.58 0.51 3.94 2.77 7.81 7.81 11.39 11.75 8.03 8.47 7.45 7.52 7.30 6.13 6.79 5.11 5.91 5.62 5.62 4.09 4.31 5.62 6.86 6.06 8.18 7.66 8.18 8.10 10.15 11.61 9.56 9.56 9.64 9.86 9.42 9.42 11.75 12.48 13.29 11.68 13.36 14.24 16.94 11.24 8.03 8.76 5.99 4.31 4.16 5.84 4.45 3.94 4.38 4.23 6.28 8.03 8.07 7.85 8.29 7.52 13.58 17.37 16.86 16.21 17.75 23.37 22.12 25.59 29.72 29.79 24.71 18.12 20.06 14.72 9.00 7.25 6.62 3.92 2.46 0.00
1.97 0.95 0.00 0.00 0.00 0.44 2.26 2.48 4.31 4.31 4.16 9.56 9.71 6.20 5.99 6.50 6.20 6.42 8.40 7.01 4.23 4.16 3.29 2.77 2.56 6.57 6.20 7.96 6.28 6.42 6.35 5.77 7.59 8.98 8.91 8.91 12.12 11.75 17.30 16.28 14.31 14.16 14.45 14.38 17.59 18.32 18.47 16.43 10.37 6.94 7.52 4.89 4.60 4.96 3.58 4.09 5.55 5.11 7.96 8.25 8.25 8.32 9.05 8.76 12.12 17.52 18.61 18.69 18.40 23.80 27.59 27.92 27.38 35.78 26.35 15.07 6.86 6.50 6.99 5.73 2.81 3.12 0.00 0.00
5.11 2.70 0.66 2.48 0.73 0.00 0.00 0.00 0.00 0.00 0.00 4.02 3.58 5.48 4.74 7.52 8.91 8.76 8.98 7.15 6.13 6.13 4.53 8.03 8.18 8.10 8.47 11.17 6.28 4.74 6.13 4.02 8.47 10.07 13.65 13.65 13.36 15.40 18.69 15.70 17.01 15.62 18.76 17.89 19.20 17.37 15.26 13.80 14.16 12.78 7.59 8.10 6.13 6.79 4.67 6.50 5.77 9.86 8.32 6.57 6.57 7.59 8.25 12.12 17.01 15.70 19.71 21.68 25.11 27.01 26.50 29.05 28.83 20.84 11.91 5.53 6.63 3.34 2.98 4.16 3.80 1.25 0.77 0.00
7.15 4.60 2.85 1.61 1.90 0.00 0.00 2.92 2.92 2.92 3.36 0.00 0.00 4.09 5.18 7.15 8.61 7.96 6.35 7.15 6.72 6.72 9.49 11.02 10.59 15.55 14.16 13.29 13.21 8.10 11.83 10.59 9.56 14.53 13.21 13.21 14.31 13.94 16.43 13.65 13.14 14.38 15.84 16.72 17.16 17.01 15.11 14.89 15.62 16.21 16.57 11.90 9.56 10.00 6.42 6.13 9.49 8.98 9.78 6.94 6.94 8.10 7.45 11.02 16.06 19.49 20.88 20.29 24.45 27.16 27.52 24.70 17.72 24.33 14.49 5.76 2.68 2.27 1.98 0.87 0.25 0.00 0.00 0.00
6.13 5.33 3.72 1.75 0.00 0.00 0.00 0.00 0.00 0.00 1.97 0.00 0.00 1.97 3.07 4.38 4.96 2.63 5.26 7.23 7.45 10.15 9.56 10.66 13.51 16.64 13.21 13.14 13.87 11.75 11.68 13.58 14.16 14.09 14.02 14.02 14.38 14.09 14.31 12.78 14.53 17.59 14.31 17.01 18.91 19.27 16.28 16.13 19.05 18.91 19.13 17.01 12.78 10.44 6.86 6.79 10.22 10.80 10.88 10.44 10.44 9.34 11.68 14.60 13.94 15.70 17.37 16.13 21.83 23.21 25.40 25.62 16.30 5.48 2.46 2.09 2.55 0.00 0.35 0.25 0.00 0.00 0.00 0.00
4.02 3.07 0.95 0.00 0.00 0.00 0.00 0.00 0.00 0.00 0.00 0.00 0.00 0.00 0.00 0.00 0.00 0.00 3.50 4.23 5.62 8.40 7.23 11.68 10.44 13.72 10.00 11.68 6.72 8.98 9.20 10.59 13.58 16.35 15.99 15.99 14.60 15.18 16.79 16.72 15.70 20.29 21.83 19.13 21.17 21.61 23.73 24.82 22.48 21.39 17.01 15.33 16.43 15.77 15.91 15.26 15.77 12.26 12.63 10.51 10.51 8.18 8.91 7.37 7.74 7.74 10.44 10.66 18.25 20.44 20.88 11.74 4.62 7.23 1.62 1.25 0.00 0.00 0.00 0.00 0.00 0.00 0.00 0.00
4.02 3.07 0.95 0.00 0.00 0.00 0.00 0.00 0.00 0.00 0.00 0.00 0.00 0.00 0.00 0.00 0.00 0.00 3.50 4.23 5.62 8.40 7.23 11.68 10.44 13.72 10.00 11.68 6.72 8.98 9.20 10.59 13.58 16.35 15.99 15.99 14.60 15.18 16.79 16.72 15.70 20.29 21.83 19.13 21.17 21.61 23.73 24.82 22.48 21.39 17.01 15.33 16.43 15.77 15.91 15.26 15.77 12.26 12.63 10.51 10.51 8.18 8.91 7.37 7.74 7.74 10.44 10.66 18.25 20.44 20.88 11.68 4.55 7.12 1.62 1.31 0.00 0.00 0.00 0.00 0.00 0.00 0.00 0.00
1.31 0.00 0.00 0.00 0.00 0.00 0.00 0.00 0.00 0.00 0.00 0.00 0.00 0.00 0.00 0.00 0.00 0.00 3.36 2.99 4.23 5.77 5.11 7.66 6.86 9.20 9.27 9.20 6.50 7.81 12.12 11.90 12.78 16.72 16.06 16.06 16.64 17.67 17.89 20.00 22.05 21.83 23.73 24.60 24.31 24.31 24.89 25.70 25.55 24.02 19.64 18.76 19.64 19.64 17.89 15.33 11.53 11.90 11.53 11.61 11.61 9.49 8.47 8.25 7.23 7.96 9.34 14.24 11.10 11.61 11.68 11.24 4.23 0.81 0.59 0.08 0.00 0.00 0.00 0.00 0.00 0.00 0.00 0.00
