Wansh/Snow_depth/snowdepth-1996/winter/1997037.txt
ncols 321
nrows 161
xllcenter 60
yllcenter 15 
cellsize  0.25 
NODATA_value -1
[rows 74 to 110 of 161, columns 84 to 167 of 321]
0.00 0.00 0.00 0.00 0.00 0.00 0.00 1.02 0.80 0.00 0.00 0.00 1.53 1.68 1.61 2.99 4.09 3.87 3.87 5.11 5.18 4.96 4.45 4.45 3.87 2.85 3.50 2.99 0.00 0.00 4.23 0.00 3.87 3.87 3.29 1.90 0.00 0.00 0.00 0.00 1.97 1.46 1.61 1.61 2.41 1.75 0.95 1.39 1.31 1.75 1.97 0.00 0.00 0.00 0.00 2.12 1.10 0.80 0.00 1.39 0.00 0.00 0.00 0.00 0.00 0.00 0.00 0.00 0.00 0.59 1.61 0.95 1.61 0.00 0.00 0.00 0.00 0.00 0.00 0.00 0.00 0.37 0.00 0.07
0.00 0.00 0.00 1.10 1.83 1.90 1.83 1.39 0.73 3.65 3.07 2.70 3.07 2.99 3.87 4.16 4.60 5.26 5.26 5.11 4.96 5.04 4.23 5.40 5.40 3.36 3.80 3.21 0.00 0.00 0.00 0.00 0.00 3.94 3.87 3.80 3.72 0.00 5.33 0.00 2.85 1.10 1.53 1.53 1.83 0.58 1.61 1.39 1.75 1.02 0.88 1.68 0.00 0.00 0.88 1.31 1.83 1.61 0.66 0.66 1.17 0.00 1.02 0.00 0.00 0.00 0.00 0.58 0.58 3.37 2.99 2.56 3.14 0.73 0.00 0.00 0.00 0.00 0.00 0.00 0.00 0.00 0.00 0.00
0.80 0.95 0.73 1.24 2.56 2.85 2.70 3.58 3.58 4.45 4.53 3.14 2.99 0.00 4.60 4.74 5.04 6.20 6.20 0.00 4.53 4.74 0.00 4.31 4.53 0.00 4.02 0.00 0.00 0.00 0.00 0.00 0.00 0.00 5.55 5.11 0.00 0.00 6.28 4.89 4.02 4.02 2.85 2.85 1.31 1.24 3.14 3.07 1.61 2.26 1.10 0.95 2.26 1.24 1.24 0.07 1.17 1.83 1.02 0.73 0.29 1.53 1.31 1.24 0.58 0.00 1.46 1.97 1.97 4.67 5.33 3.65 1.17 0.66 0.00 0.00 0.00 0.00 0.00 0.00 0.00 0.00 0.00 0.00
2.85 3.36 2.77 3.58 3.72 4.45 5.11 4.45 4.53 5.62 5.77 5.48 5.91 5.33 5.91 5.26 6.42 0.00 0.00 4.60 0.00 0.00 4.96 4.02 4.74 6.86 4.09 0.00 0.00 0.00 0.00 0.00 0.00 0.00 6.06 3.43 0.00 0.00 0.00 5.40 3.29 4.02 3.87 3.87 2.63 3.80 3.72 4.09 4.02 4.16 2.63 2.34 1.90 3.43 3.29 1.83 0.15 1.46 0.80 1.17 2.34 1.90 1.61 1.97 1.61 0.58 3.65 4.53 4.53 5.04 5.91 3.94 2.26 1.83 0.00 0.00 0.00 0.00 0.00 0.00 0.00 0.00 0.00 0.00
5.04 4.67 3.29 2.56 3.72 4.74 4.60 4.74 5.11 5.26 5.99 5.62 6.28 6.28 5.69 5.69 6.86 5.69 5.69 5.77 4.82 3.94 4.45 5.26 3.72 3.65 4.23 0.00 0.00 0.00 0.00 0.00 0.00 0.00 0.00 0.00 0.00 0.00 0.00 5.26 4.89 4.16 3.43 3.43 3.29 3.14 3.07 4.23 4.02 4.74 0.00 4.02 3.94 5.18 4.53 3.50 3.07 1.83 2.19 1.90 3.94 3.50 3.29 2.70 2.48 5.26 5.11 4.82 4.82 5.62 4.89 3.72 2.12 3.94 1.61 0.00 0.00 0.45 0.37 0.00 0.00 0.00 0.95 0.00
7.23 7.52 5.91 4.60 5.18 5.69 4.82 5.26 4.23 4.45 5.77 5.62 5.69 5.91 5.48 5.91 5.99 5.55 5.55 4.67 4.45 0.00 0.00 4.89 5.18 3.94 4.09 0.00 0.00 0.00 0.00 0.00 0.00 0.00 0.00 0.00 0.00 0.00 0.00 0.00 0.00 3.58 0.00 0.00 0.00 0.00 3.36 2.70 3.72 5.11 0.00 0.00 0.00 0.00 3.65 3.07 1.31 2.19 3.07 3.14 3.94 3.72 4.16 2.48 2.92 5.77 5.77 6.35 6.35 4.16 3.94 3.29 3.29 7.23 3.89 1.24 1.32 0.29 0.29 0.00 0.00 0.00 0.73 0.51
3.07 4.60 6.35 5.48 6.20 6.57 5.18 4.89 5.33 4.45 5.18 4.31 5.11 5.11 5.33 5.55 4.89 5.26 5.26 4.82 4.60 3.94 4.09 3.87 0.00 4.02 4.23 0.00 0.00 0.00 0.00 0.00 0.00 0.00 0.00 0.00 0.00 0.00 0.00 1.75 2.48 3.21 0.00 0.00 0.00 0.00 2.85 2.48 3.14 0.00 0.00 0.00 0.00 0.00 1.83 0.66 1.39 1.31 2.48 2.26 3.07 4.60 3.94 4.53 2.92 1.61 2.19 4.02 4.02 2.70 3.94 4.09 11.10 7.81 8.98 2.27 0.67 0.99 0.00 0.07 0.88 0.66 0.00 0.37
1.46 2.77 3.87 6.06 7.01 4.96 3.58 4.09 4.38 4.53 4.74 4.96 4.53 4.02 4.89 4.60 3.80 4.16 4.16 3.29 3.80 2.99 3.80 0.00 0.00 3.50 3.80 0.00 0.00 0.00 0.00 0.00 0.00 0.00 0.00 0.00 0.00 0.00 0.00 0.00 2.26 2.92 2.34 2.34 2.26 2.04 1.75 2.04 3.07 2.99 2.41 0.00 0.80 0.07 0.15 0.29 1.31 1.83 1.68 3.29 2.99 2.70 2.63 0.88 0.00 0.00 0.00 0.95 0.95 5.11 8.25 10.44 14.82 11.90 8.91 4.62 1.92 2.06 1.51 2.10 0.73 0.44 0.44 1.68
3.43 3.14 4.23 5.48 6.72 5.11 3.36 3.65 4.96 3.80 4.45 4.60 4.23 4.53 4.31 4.74 4.31 3.94 3.94 2.70 3.14 2.63 3.58 3.80 0.00 0.00 2.70 0.00 0.00 0.00 0.00 0.00 0.00 0.00 0.00 0.00 0.00 0.00 0.00 2.19 2.70 1.83 2.04 2.04 1.90 1.46 1.68 1.61 1.24 1.97 1.68 0.95 0.29 0.88 0.80 1.46 2.48 2.04 3.29 2.85 2.85 2.12 1.53 3.43 2.41 0.88 0.07 3.36 3.36 4.31 7.59 7.01 12.48 14.09 7.88 4.31 3.21 2.34 1.53 2.05 1.83 1.24 1.53 1.90
4.45 4.53 4.53 4.09 5.48 5.84 0.00 0.00 3.43 0.00 3.07 4.45 3.80 4.60 4.82 4.09 4.31 3.87 3.87 3.80 2.41 2.70 0.00 0.00 0.00 0.00 1.90 0.00 0.00 3.50 0.00 0.00 0.00 0.00 0.00 0.00 0.00 0.00 1.61 1.61 1.61 0.44 1.24 1.24 0.73 0.80 1.10 0.95 0.00 0.51 1.83 0.51 0.58 0.00 0.66 1.68 2.41 1.02 1.75 2.12 1.90 0.73 2.56 2.85 3.65 2.92 3.21 2.99 2.99 3.80 4.38 4.23 7.52 11.24 6.64 5.62 2.41 2.77 2.26 2.41 2.34 2.41 2.70 1.90
4.16 4.53 3.50 4.16 4.16 0.00 0.00 4.02 3.50 3.50 3.50 3.29 3.65 4.31 4.74 4.45 4.60 4.38 4.38 3.94 4.45 4.74 0.00 2.41 2.41 0.00 0.00 1.75 2.04 2.77 2.92 0.00 2.12 1.61 2.12 0.00 0.00 0.58 0.80 0.73 1.46 0.58 0.44 0.44 0.95 1.53 1.53 0.58 0.00 0.00 0.95 2.04 1.02 0.73 1.61 2.04 1.17 1.10 1.02 0.80 0.88 0.73 1.75 2.63 3.65 3.50 4.16 4.02 4.02 4.45 4.31 4.31 4.53 5.48 4.82 5.18 3.14 3.29 3.21 3.43 3.14 3.50 3.43 2.56
3.87 4.53 3.94 3.94 4.02 3.14 0.00 4.31 4.60 3.50 3.58 4.16 3.65 4.60 4.74 4.74 4.82 4.60 4.60 4.96 5.55 2.19 2.63 3.50 3.72 0.00 2.77 1.68 2.70 2.26 2.19 1.75 1.75 1.24 0.00 0.00 0.00 0.58 1.68 0.66 0.66 0.00 1.02 1.02 1.83 0.88 0.00 0.15 0.00 0.00 1.46 1.90 1.97 3.50 4.02 3.14 1.83 3.07 1.83 0.44 1.76 1.56 1.81 4.38 4.23 4.60 4.96 4.45 4.45 4.38 4.31 4.23 2.99 3.36 3.65 3.72 4.16 4.53 3.80 4.16 3.58 3.80 3.07 3.29
2.99 3.94 3.58 4.23 3.50 3.50 3.58 3.72 3.94 4.02 3.87 4.60 4.23 0.00 4.23 4.53 5.11 5.48 5.48 5.69 5.99 6.64 4.82 4.23 4.16 3.50 2.85 3.80 3.07 2.99 0.00 0.00 0.00 0.00 0.00 0.00 0.00 0.00 0.00 5.55 5.33 1.97 2.34 2.34 1.75 2.04 0.95 1.61 0.58 1.24 2.04 2.19 2.92 2.70 6.20 7.81 7.01 6.28 3.94 5.18 2.85 2.56 4.02 4.23 5.11 2.92 4.45 4.23 4.23 4.89 5.99 6.13 7.59 4.16 2.41 3.29 4.23 4.23 4.38 4.60 4.45 4.16 2.85 1.97
2.70 2.92 3.50 3.29 0.00 3.07 3.50 3.72 3.36 0.00 3.72 4.23 4.31 4.74 4.16 4.02 5.48 5.40 5.40 5.26 5.62 5.84 5.11 4.38 0.00 4.16 3.72 2.77 0.00 0.00 0.00 0.00 0.00 0.00 0.00 0.00 0.00 0.00 0.00 4.23 3.87 3.87 1.39 1.39 2.85 1.75 2.48 0.22 1.02 0.80 1.68 1.83 1.46 2.04 5.77 5.84 7.37 8.47 7.37 5.84 3.36 2.99 3.58 3.43 4.30 4.82 4.53 4.02 4.02 5.26 6.28 7.96 8.03 5.48 3.29 2.99 3.43 3.21 4.23 4.53 5.04 4.38 3.65 3.07
3.07 2.63 3.21 3.50 0.00 0.00 3.58 3.43 3.29 0.00 0.00 4.31 5.04 4.16 4.67 4.53 5.55 5.62 5.62 6.28 5.04 5.40 0.00 3.72 3.94 3.43 4.60 0.00 0.00 0.00 0.00 0.00 0.00 2.99 0.00 0.00 2.34 3.87 3.72 2.92 2.77 2.99 3.36 3.36 2.63 2.70 3.87 2.41 0.00 1.31 1.39 1.83 3.36 3.50 5.04 5.40 5.91 7.74 8.03 5.91 3.94 2.99 3.29 3.29 4.87 6.41 5.91 4.38 4.38 6.06 5.55 6.06 5.11 5.18 2.77 2.70 2.77 3.21 4.67 4.96 4.67 4.53 4.31 4.09
3.14 2.56 0.00 0.00 0.00 0.00 0.00 0.00 0.00 0.00 4.74 4.60 5.18 5.18 4.82 5.48 5.84 5.11 5.11 4.60 4.60 4.45 3.36 3.94 4.60 2.48 1.39 0.00 0.00 0.00 4.02 3.36 3.80 3.94 2.92 0.00 0.00 2.04 3.29 0.00 0.00 3.29 0.00 0.00 4.45 3.80 5.26 4.82 3.21 1.10 1.17 1.46 4.67 5.26 5.26 6.79 5.69 5.69 4.67 4.94 3.87 2.19 3.28 8.47 9.78 8.81 8.38 6.86 6.86 4.02 5.55 5.99 5.33 4.31 2.70 2.48 3.72 3.50 3.58 4.13 4.72 3.24 3.52 4.18
2.63 2.04 0.00 0.00 1.90 0.00 0.00 1.61 2.12 0.00 0.00 0.00 4.38 0.00 5.11 4.67 5.33 4.96 4.96 4.16 3.36 3.65 3.50 4.09 4.02 2.04 1.10 0.58 0.95 2.04 2.63 3.58 3.65 3.80 3.21 0.00 0.88 2.48 0.00 0.00 0.00 0.00 1.39 1.39 4.02 4.67 4.89 6.13 6.35 4.02 3.36 8.03 10.51 9.86 7.96 10.95 9.20 6.42 3.94 2.77 2.48 3.43 7.15 7.08 9.49 11.24 11.57 8.73 8.45 5.72 4.67 5.33 5.77 6.13 4.31 3.72 3.87 3.58 3.59 3.75 3.65 4.07 4.18 4.77
2.34 2.12 1.83 1.90 0.00 1.24 0.00 1.75 0.00 0.00 0.00 0.00 0.00 0.00 0.00 0.00 3.58 3.87 3.87 3.80 0.00 3.65 3.21 0.00 3.87 1.17 0.00 0.00 0.00 0.00 0.00 2.70 3.50 0.00 2.85 0.00 0.00 1.31 0.00 0.00 0.00 2.41 0.00 0.00 0.66 3.07 4.82 4.45 5.77 7.01 6.50 10.07 11.90 12.63 11.32 12.41 8.83 12.92 4.13 3.54 4.89 3.87 5.66 5.55 8.90 13.78 12.05 10.73 10.78 7.75 5.94 5.84 5.69 7.74 6.31 4.53 3.87 4.16 3.89 3.14 3.86 5.48 4.79 6.28
1.53 1.53 1.31 2.04 2.26 0.00 1.39 1.83 0.00 2.04 1.39 0.00 0.95 0.00 0.00 0.00 0.00 3.87 3.87 3.14 2.56 0.00 0.00 0.00 0.00 1.53 0.00 0.00 0.00 0.00 0.00 0.00 0.00 0.00 0.00 0.00 0.00 0.00 0.00 0.00 0.00 0.00 0.00 0.00 0.00 0.66 2.85 0.95 3.43 5.84 5.99 7.59 9.64 12.05 17.52 17.45 14.45 18.83 12.48 4.72 2.29 5.12 4.17 9.60 13.24 14.52 8.76 6.20 6.20 7.80 6.14 7.80 7.78 6.52 6.75 4.28 4.82 5.26 5.57 4.62 5.37 6.70 5.42 6.93
1.31 0.88 1.46 1.61 1.90 2.12 2.19 0.00 1.90 1.68 2.63 0.73 1.83 0.00 0.00 2.19 2.34 2.34 2.34 0.00 2.26 2.04 0.00 0.00 0.00 0.00 0.00 0.00 0.00 0.00 0.00 0.00 0.00 0.00 0.00 0.00 0.00 0.00 0.00 0.00 0.00 0.00 0.07 0.07 0.44 0.51 0.88 0.66 1.75 4.96 4.23 6.42 8.10 14.75 14.09 19.05 22.09 22.85 20.15 12.99 5.40 4.36 7.17 7.61 10.97 10.93 7.04 5.11 5.11 4.65 8.13 7.34 9.86 8.73 8.75 6.82 6.94 5.71 4.79 6.10 6.96 6.22 6.87 7.44
2.19 1.31 1.46 0.80 1.31 1.83 2.34 0.00 0.00 1.61 1.39 0.00 0.00 0.00 1.31 2.34 1.68 1.75 1.75 0.00 0.00 0.00 0.00 0.00 0.00 0.00 0.00 0.00 0.00 0.00 0.00 0.00 0.00 0.00 0.00 0.00 0.66 0.22 0.00 0.00 0.00 0.00 0.00 0.00 0.58 0.00 0.44 1.39 3.07 2.99 7.66 8.25 9.83 12.42 12.08 17.79 21.45 27.01 26.72 19.05 14.31 8.51 7.15 7.58 8.87 9.60 4.71 4.60 4.62 3.81 7.53 8.84 7.90 10.99 8.42 8.25 7.37 5.82 3.98 4.97 6.30 7.06 6.31 4.63
1.75 1.53 1.75 1.61 0.95 1.53 1.83 0.00 0.00 1.46 1.02 0.00 0.00 0.00 0.00 1.31 1.17 1.83 1.83 0.00 0.00 2.63 0.00 0.00 0.00 0.00 0.00 0.00 0.00 0.00 0.00 0.00 0.00 0.00 0.00 0.00 0.00 0.00 0.00 0.00 0.00 0.00 0.00 0.00 0.00 0.00 1.61 3.58 3.72 3.58 12.63 10.15 9.42 10.55 14.68 17.16 24.20 27.02 17.64 18.43 19.15 10.20 8.76 5.59 6.74 5.87 3.74 3.67 3.67 2.14 4.05 6.81 4.81 7.59 6.09 7.56 5.59 6.38 3.59 4.44 5.18 7.11 6.29 4.39
2.56 1.39 0.95 2.12 2.19 1.97 2.77 0.00 2.34 0.00 1.31 0.66 0.00 0.00 0.00 0.00 0.00 0.00 0.00 0.00 0.00 0.00 0.00 0.00 0.00 0.00 0.00 1.31 0.00 0.00 0.00 0.00 0.00 0.00 0.00 0.37 0.51 0.00 0.00 0.00 0.00 0.00 0.37 0.37 1.10 2.04 6.72 9.13 3.94 16.57 14.24 12.63 11.32 16.14 16.69 16.06 15.12 18.42 14.92 16.28 16.42 12.09 10.69 9.50 7.71 4.95 3.88 2.89 2.85 1.41 2.26 3.97 3.99 5.32 4.82 5.36 3.41 4.92 2.42 3.36 3.24 5.95 6.14 5.27
1.53 0.37 1.83 2.92 3.29 2.48 3.21 3.21 5.77 3.58 2.34 0.15 0.29 0.00 0.00 0.51 0.00 0.00 0.00 0.00 0.00 0.00 0.00 0.00 0.00 0.00 1.39 0.95 0.51 0.00 0.00 0.66 0.51 0.00 0.00 0.80 0.00 0.00 0.00 0.00 0.00 2.70 6.50 6.50 5.18 4.23 12.05 14.24 7.01 15.57 16.71 15.12 14.83 19.01 15.57 15.04 14.16 13.36 13.75 13.38 12.11 12.53 13.91 10.95 5.11 4.68 3.04 2.63 2.57 0.95 1.17 2.46 3.34 4.73 3.45 3.58 1.91 1.94 2.09 2.31 1.82 5.49 5.01 4.38
5.77 2.41 0.95 1.97 8.10 6.13 12.85 12.41 10.73 12.85 11.90 9.49 3.14 4.16 3.21 0.00 0.00 2.26 2.26 1.61 1.24 0.00 0.00 0.00 1.31 1.90 1.17 1.61 1.02 1.10 1.17 0.73 0.88 0.73 0.44 0.00 0.66 0.00 0.00 2.19 3.72 5.48 6.57 6.57 9.13 10.66 13.43 16.64 9.86 12.19 13.62 16.53 11.85 11.65 13.47 13.64 11.04 15.42 17.86 11.89 9.98 9.83 9.81 8.81 5.84 5.43 3.77 1.27 1.25 0.73 1.31 1.89 4.58 5.58 5.84 3.07 0.98 1.07 1.08 0.71 2.07 1.76 2.31 4.11
6.28 5.04 7.37 9.71 10.73 10.15 16.94 16.21 13.58 11.53 12.05 13.87 11.90 4.53 4.09 6.28 4.31 2.19 2.19 1.46 2.34 1.31 0.00 0.73 0.73 0.37 1.61 0.66 1.31 1.39 1.31 0.29 0.58 1.24 1.46 3.50 3.58 2.92 0.00 0.37 1.61 4.23 3.72 3.72 7.23 8.54 11.97 14.02 11.89 11.03 11.06 10.85 8.46 8.94 10.42 11.40 15.84 11.13 17.71 14.92 13.79 14.07 10.93 8.81 4.02 3.58 2.27 0.77 0.76 0.22 0.80 0.88 3.96 3.42 5.44 3.50 1.40 0.75 0.38 0.00 2.00 1.32 1.34 2.66
8.54 7.96 7.59 7.66 11.53 13.80 15.48 18.69 12.48 9.86 12.05 9.93 13.72 9.27 10.88 4.82 3.21 2.56 2.56 1.97 1.61 1.61 0.29 0.15 0.00 0.00 0.00 0.58 1.61 1.68 0.80 0.95 0.95 0.80 1.46 1.61 2.85 0.51 0.00 0.00 0.80 2.19 3.58 3.58 6.57 4.38 5.26 8.55 6.89 7.54 8.69 10.23 10.27 8.46 8.89 8.93 10.43 6.74 16.34 17.43 16.72 15.64 13.58 8.69 4.45 2.53 2.46 0.59 0.65 0.00 0.07 0.18 1.25 1.73 4.27 3.91 1.68 0.88 0.59 0.00 0.00 1.20 1.50 2.47
6.20 7.37 6.79 5.48 7.66 13.07 16.35 16.14 14.16 10.66 5.33 11.39 9.49 9.86 7.15 5.33 2.56 2.77 2.77 1.61 1.46 1.39 1.10 0.00 0.00 0.00 0.00 0.29 1.53 1.10 0.51 0.37 0.00 1.10 0.73 1.68 1.02 0.00 0.00 0.00 0.00 0.00 0.51 0.51 2.12 1.53 2.56 4.62 5.84 6.67 6.57 8.82 10.95 11.29 6.63 7.12 6.06 6.37 7.13 11.48 15.54 16.21 14.53 12.99 7.37 2.94 2.41 1.18 1.13 0.00 0.00 0.00 2.25 3.53 2.90 2.25 0.96 0.00 0.00 0.62 1.85 1.97 2.32 3.32
3.80 6.13 3.07 2.04 7.01 6.64 11.97 14.89 14.45 13.51 6.57 5.69 3.94 6.35 2.41 2.85 0.80 2.04 2.04 2.04 0.95 1.10 0.44 0.00 0.00 0.00 0.00 0.00 1.39 0.00 0.00 0.00 0.00 0.00 0.58 0.07 0.00 0.00 0.00 0.00 0.00 0.00 0.00 0.00 1.24 1.17 2.12 4.02 4.82 5.69 6.15 6.96 8.12 8.33 6.97 6.77 4.76 5.50 7.81 10.04 10.52 13.60 15.53 16.71 11.81 7.00 2.21 4.62 4.65 2.31 0.20 0.00 0.62 3.22 1.44 1.16 0.52 1.10 0.59 0.08 0.90 2.51 4.87 4.06
0.00 0.00 0.00 0.00 4.23 2.56 7.52 12.05 16.50 16.06 12.34 4.67 3.36 0.00 0.00 0.00 1.31 1.39 1.39 0.00 0.00 0.07 0.00 0.00 0.00 0.00 0.00 0.00 0.00 0.00 0.07 0.00 0.00 0.00 0.29 0.00 0.00 0.00 0.00 0.00 0.00 0.00 0.15 0.15 0.59 0.44 1.69 1.46 3.04 4.29 5.99 5.33 7.98 8.32 6.29 6.47 6.19 11.09 7.69 10.43 15.05 17.98 17.58 14.98 14.00 11.12 6.94 2.59 3.03 4.21 2.01 0.78 0.00 0.88 0.41 1.92 0.89 1.02 0.23 1.04 0.35 2.84 3.81 3.59
0.00 0.00 0.00 0.00 0.00 3.94 10.51 10.22 15.91 16.94 10.15 5.33 5.91 0.00 0.00 2.92 1.53 0.00 0.00 0.00 0.07 0.29 0.00 0.00 0.00 0.00 0.00 0.00 0.00 0.00 0.00 0.15 0.00 0.00 0.00 0.00 0.00 0.00 0.00 0.00 0.00 0.00 0.00 0.00 0.44 0.37 0.51 0.76 1.26 3.79 5.90 6.81 5.45 6.13 5.67 3.33 0.00 6.54 9.30 12.98 13.32 14.16 17.26 14.60 13.14 12.77 10.86 5.58 6.24 6.97 3.23 1.51 0.70 0.35 0.09 1.12 1.49 0.80 0.32 0.67 0.00 2.42 4.16 4.02
0.00 0.00 0.00 0.00 0.00 0.00 6.42 4.31 11.83 12.78 9.05 8.76 6.94 8.10 5.84 7.93 4.06 0.00 0.00 0.00 0.00 0.29 0.00 0.00 0.00 0.00 0.00 0.00 0.00 0.00 0.00 0.00 0.00 0.00 0.00 0.15 0.37 0.00 0.00 0.00 0.00 0.00 0.00 0.00 0.00 0.15 0.00 0.00 2.52 3.97 6.34 8.38 8.39 0.00 0.00 0.00 0.00 0.00 9.48 7.99 13.30 13.06 12.33 13.81 16.35 14.03 15.83 7.26 7.42 8.69 4.87 1.78 3.25 1.18 0.00 0.72 1.65 1.15 0.37 0.00 0.20 1.18 3.03 3.88
0.00 0.00 0.00 0.00 0.00 0.00 0.00 6.79 4.67 9.71 6.79 6.86 9.34 7.81 8.69 6.75 8.32 4.60 4.29 3.43 0.80 0.00 0.00 0.00 0.00 0.00 0.00 0.00 0.00 0.00 0.00 0.00 0.00 0.00 0.00 0.00 0.00 0.00 0.00 0.00 2.12 0.95 0.80 0.80 1.02 0.00 0.44 2.32 5.81 8.16 8.90 6.76 5.65 0.00 0.00 0.00 0.00 0.00 0.00 0.00 6.13 8.76 7.30 8.86 15.55 14.17 13.67 11.32 13.84 4.26 5.46 2.90 0.36 0.00 1.22 2.20 1.68 0.56 0.00 0.10 1.43 0.93 2.01 0.00
0.00 0.00 0.00 0.00 0.00 0.00 0.00 0.00 0.00 0.00 0.00 3.50 0.00 0.00 5.55 0.00 5.55 3.82 3.88 6.86 5.18 4.53 3.65 2.41 0.00 1.24 1.02 0.58 0.00 0.00 3.29 1.10 0.00 0.00 1.83 3.87 1.97 5.48 5.77 6.31 9.33 8.04 6.28 6.28 9.64 4.96 4.16 2.86 3.44 3.94 0.00 0.00 0.00 0.00 0.00 0.00 0.00 0.00 0.00 0.00 0.00 4.13 0.00 5.89 11.87 9.34 8.15 4.48 5.00 5.41 5.28 3.63 1.50 0.00 1.30 1.01 1.55 0.09 0.00 0.00 0.00 0.64 0.00 0.00
0.00 0.00 0.00 0.00 0.00 0.00 0.00 0.00 0.00 0.00 0.00 0.00 0.00 0.00 0.00 0.00 3.21 0.00 0.00 2.41 8.71 6.58 6.28 4.31 2.85 2.64 4.57 4.53 2.92 2.26 1.97 3.65 1.17 1.90 5.18 3.65 6.28 9.34 8.61 9.42 7.89 11.61 10.95 12.23 10.00 7.37 5.40 3.97 3.03 0.00 0.00 0.00 0.00 0.00 0.00 0.00 0.00 0.00 0.00 0.00 0.00 0.00 0.00 0.00 7.68 5.05 4.42 0.00 0.00 4.00 4.94 3.57 2.51 0.00 0.00 0.28 1.49 0.00 0.00 0.00 0.00 0.00 0.00 0.00
0.00 0.00 0.00 0.00 0.00 0.00 0.00 0.00 0.00 0.00 0.00 0.00 0.00 0.00 0.00 0.00 0.00 0.00 0.00 0.00 2.19 5.04 4.45 4.67 3.43 3.01 4.69 2.48 3.29 2.99 3.65 2.48 2.82 1.17 1.75 4.39 5.33 3.87 7.08 7.59 3.47 5.91 11.80 14.98 10.89 8.22 9.25 2.82 0.00 0.00 0.00 0.00 0.00 0.00 0.00 0.00 0.00 0.00 0.00 0.00 0.00 0.00 0.00 0.00 0.00 0.00 0.00 0.00 0.00 0.00 0.00 0.00 1.75 0.00 0.00 0.00 0.00 0.00 0.00 0.00 0.00 0.00 0.00 0.00
0.00 0.00 0.00 0.00 0.00 0.00 0.00 0.00 0.00 0.00 0.00 0.00 0.00 0.00 0.00 0.00 0.00 0.00 0.00 0.00 0.00 0.00 2.12 3.07 0.00 0.00 3.29 2.70 2.41 2.48 2.34 1.13 2.59 0.00 0.00 0.00 0.00 0.00 2.63 4.45 0.00 4.82 3.86 4.41 10.90 12.22 0.00 0.00 0.00 0.00 0.00 0.00 0.00 0.00 0.00 0.00 0.00 0.00 0.00 0.00 0.00 0.00 0.00 0.00 0.00 0.00 0.00 0.00 0.00 0.00 0.00 0.00 0.00 0.00 0.00 0.00 0.00 0.00 0.00 0.00 0.00 0.00 0.00 0.00
