Wansh/Snow_depth/snowdepth-1996/winter/1997057.txt
ncols 321
nrows 161
xllcenter 60
yllcenter 15 
cellsize  0.25 
NODATA_value -1
[rows 74 to 110 of 161, columns 84 to 167 of 321]
0.00 0.00 0.00 0.00 0.00 0.66 0.00 2.19 0.37 0.80 0.00 1.10 1.53 2.19 0.00 1.83 0.00 0.00 0.00 3.94 0.00 2.99 2.77 3.36 2.85 3.80 2.92 2.34 1.39 2.63 2.99 0.00 0.00 2.34 0.95 1.10 0.66 1.68 0.00 0.00 3.43 0.07 0.51 0.51 0.22 0.15 0.00 0.44 0.51 0.15 0.88 0.95 0.00 0.00 1.19 1.53 1.68 0.00 0.95 1.10 0.51 0.00 1.10 0.00 0.22 0.00 0.00 0.00 0.00 1.25 2.35 1.31 1.97 0.00 0.00 0.00 0.00 0.00 0.00 0.00 0.00 0.00 0.00 0.00
0.00 0.00 0.00 0.00 2.12 1.61 3.43 3.87 2.92 1.24 1.68 0.00 0.00 2.34 2.77 0.00 0.00 0.00 0.00 3.29 2.04 0.00 3.36 2.77 4.53 3.50 1.17 1.90 1.97 0.00 3.65 0.00 0.00 0.00 1.83 2.04 0.00 2.19 0.00 0.00 4.67 0.80 1.75 1.75 0.95 0.00 0.00 0.15 0.22 0.00 0.00 0.95 1.31 1.17 1.10 1.17 1.24 1.24 0.29 0.73 1.10 1.83 1.68 1.39 0.95 0.00 0.00 0.00 0.00 4.26 5.48 2.99 4.31 1.83 0.00 0.00 0.00 0.00 0.00 0.00 0.00 0.00 0.00 0.07
0.07 1.31 2.77 3.07 3.14 2.99 3.58 3.29 3.21 0.00 2.48 3.65 4.74 4.02 2.85 2.77 0.00 3.58 3.58 0.00 0.00 0.00 0.00 0.00 3.43 0.00 0.00 0.00 0.00 0.00 0.00 0.00 0.00 0.00 0.00 0.00 0.00 0.00 4.31 4.45 4.89 1.83 1.83 1.83 1.46 0.15 0.22 0.80 0.00 0.00 0.37 0.66 0.58 0.73 0.66 0.66 0.07 1.17 0.51 0.29 1.02 0.51 0.07 0.88 0.66 0.59 0.44 0.15 0.15 6.35 7.01 6.13 1.24 0.00 0.00 0.00 0.00 0.00 0.00 0.00 0.00 0.00 0.00 0.00
1.61 1.61 2.56 2.63 2.34 2.56 4.23 3.14 4.23 4.45 4.09 4.16 4.89 4.74 3.87 4.67 3.21 4.23 4.23 0.00 2.70 0.00 0.00 1.97 0.00 0.00 0.00 0.00 0.00 0.00 3.50 0.00 0.00 0.00 0.00 0.00 0.00 2.63 4.23 4.67 2.70 2.70 2.56 2.56 2.77 0.00 0.51 1.90 2.19 0.00 0.00 0.37 2.41 2.56 2.41 1.53 0.95 0.29 0.66 0.95 1.24 0.44 1.17 0.00 0.07 0.44 2.04 2.56 2.56 2.92 6.28 3.07 1.68 0.00 0.95 0.00 0.00 0.00 0.00 0.00 0.00 0.00 1.03 0.81
5.84 2.26 1.68 3.94 4.02 3.07 3.58 4.82 4.23 4.23 4.89 4.74 4.60 4.67 4.09 4.96 5.33 5.11 5.11 2.85 3.43 0.00 2.56 2.63 0.00 0.00 0.00 0.00 0.00 0.00 3.14 2.70 0.00 0.00 3.29 5.33 2.12 0.00 3.07 4.53 3.07 2.92 0.00 0.00 0.00 0.73 1.39 0.00 0.00 0.00 0.00 0.00 5.33 4.89 4.02 2.19 0.95 1.46 1.75 1.31 1.75 1.31 0.73 1.75 1.24 4.02 4.89 3.21 3.21 4.31 3.94 2.63 1.97 1.46 3.29 1.68 0.00 0.00 0.37 0.00 0.00 0.81 0.88 1.33
2.99 4.38 3.21 2.70 2.63 3.29 2.99 3.87 3.50 3.72 3.87 4.89 4.02 4.60 3.58 4.23 5.62 4.74 4.74 4.02 3.58 3.58 2.99 2.77 0.00 0.00 0.00 3.50 0.00 0.00 0.00 2.92 0.00 0.00 0.00 0.00 0.00 0.00 0.00 3.80 3.07 1.75 0.00 0.00 0.00 0.00 0.73 1.31 0.00 0.00 0.00 0.00 5.33 5.69 3.14 2.41 1.75 0.88 1.68 1.68 2.56 2.56 1.53 2.04 4.02 5.99 6.35 5.26 5.26 3.94 4.45 4.82 3.80 2.85 6.68 3.50 0.07 1.02 0.73 0.00 0.66 0.80 0.29 0.07
0.00 0.00 1.68 3.58 3.14 3.07 3.72 4.02 3.21 3.94 4.38 3.72 3.21 4.02 4.02 3.87 3.87 3.43 3.43 4.82 3.36 3.07 2.48 0.00 0.00 0.00 0.00 0.00 2.99 0.00 0.00 0.00 1.68 0.00 0.00 1.68 0.00 0.00 1.46 2.56 2.34 1.68 0.00 0.00 0.00 0.00 0.00 0.58 0.00 0.00 0.29 1.39 3.14 4.23 1.02 1.24 0.80 1.31 1.10 1.53 1.97 1.90 0.66 0.00 0.00 4.67 3.36 0.00 0.00 0.00 6.42 7.74 7.88 10.73 4.23 2.57 1.57 0.23 0.00 0.00 0.73 0.66 0.37 0.73
0.00 0.00 0.00 0.00 0.00 0.00 3.29 0.00 2.99 4.16 3.87 0.00 0.00 3.72 3.43 3.36 0.00 0.00 0.00 0.00 0.00 1.90 0.00 0.00 0.00 0.00 0.00 0.00 0.00 0.00 0.00 0.00 0.00 0.00 0.00 0.00 0.00 0.15 0.88 2.41 2.26 1.46 1.02 1.02 1.24 1.10 0.73 0.37 0.00 0.00 0.00 1.02 1.83 0.00 0.44 0.29 0.07 1.39 1.75 1.46 1.46 1.39 0.58 0.73 1.39 1.53 0.00 0.00 0.00 3.50 5.40 8.47 14.02 13.65 9.20 3.01 3.39 1.76 1.89 0.90 0.37 1.10 0.07 1.17
1.10 0.00 0.00 0.88 0.00 1.39 1.17 1.68 2.70 2.77 3.29 4.02 4.02 2.70 3.07 3.14 2.48 1.75 1.75 1.24 0.88 0.00 0.00 0.00 0.00 0.00 0.00 0.00 0.00 0.00 0.00 0.00 0.00 0.00 0.00 0.66 1.68 0.51 0.00 0.37 1.53 1.02 1.02 1.02 0.80 0.37 0.00 0.00 0.00 0.00 0.00 0.07 0.15 0.37 0.58 0.00 0.66 0.58 0.95 1.24 1.31 1.17 1.46 2.41 1.68 5.04 0.00 0.00 0.00 3.58 7.74 10.73 9.78 12.12 8.83 6.35 4.23 2.41 2.26 2.27 2.34 2.48 1.90 1.17
1.61 0.88 1.24 0.58 0.51 0.88 1.83 1.61 2.48 3.21 2.63 2.85 2.34 2.26 3.94 0.00 1.75 2.12 2.12 1.46 0.88 0.22 0.00 0.00 0.00 0.00 0.00 0.00 0.00 0.00 0.00 0.00 0.00 0.00 2.34 1.24 0.51 0.51 0.22 0.00 0.66 0.73 0.88 0.88 1.53 0.80 0.80 0.00 0.00 0.00 0.00 0.44 0.07 0.00 0.00 0.00 0.00 0.00 0.73 0.88 1.31 1.10 1.61 3.21 3.65 6.28 0.00 4.74 4.74 5.11 5.26 5.26 6.42 8.54 9.56 4.67 5.40 3.29 3.80 1.83 3.87 3.58 2.92 2.41
0.00 0.95 1.31 0.00 1.02 0.66 0.00 1.61 1.75 2.26 0.00 2.04 0.00 0.00 0.00 0.00 0.00 2.56 2.56 2.34 2.04 0.15 0.66 0.00 0.00 0.00 0.00 0.00 0.00 0.00 0.00 0.00 0.00 0.00 1.10 0.00 0.15 0.00 0.07 0.00 0.15 0.07 0.07 0.07 0.00 0.58 0.29 0.51 0.37 0.22 0.15 0.00 0.07 0.51 1.17 0.00 0.66 0.00 0.29 0.66 1.17 1.02 1.68 4.09 5.11 6.57 5.55 5.18 5.18 6.13 5.48 5.62 5.48 6.28 4.67 4.53 4.31 5.40 3.65 6.50 5.69 5.69 4.31 2.85
0.29 1.02 1.02 1.31 0.37 1.46 0.00 2.99 0.00 0.00 0.00 0.00 0.00 0.00 0.00 0.00 0.00 2.92 2.92 0.00 2.92 0.00 1.90 0.22 0.00 1.31 0.58 0.44 0.80 0.58 0.00 2.19 1.61 2.63 0.00 0.00 0.00 0.00 0.00 0.15 0.15 0.00 0.00 0.00 0.00 0.00 0.37 0.00 0.00 0.00 0.00 0.00 0.22 0.22 2.77 2.41 5.99 1.61 0.73 0.51 1.10 2.16 6.62 9.71 8.61 7.37 5.84 5.91 5.91 5.77 6.35 4.45 5.55 4.02 3.36 4.09 4.96 5.99 5.77 7.08 7.01 6.86 4.38 2.56
0.37 1.61 1.68 1.46 1.24 1.75 0.00 0.00 0.00 2.04 0.00 2.12 0.00 0.00 2.56 0.00 3.07 3.43 3.43 3.72 3.21 2.56 0.00 0.00 0.00 0.00 1.31 1.24 1.61 0.00 0.73 1.75 1.10 0.00 0.00 0.00 0.00 0.00 2.19 4.38 2.48 1.24 1.39 1.39 0.73 0.44 0.00 0.00 0.58 0.00 0.00 0.00 0.00 1.68 6.86 7.37 9.49 9.20 6.79 2.77 5.40 4.45 6.78 5.84 8.40 9.05 8.10 6.50 6.50 7.45 10.07 10.15 9.05 8.61 6.06 4.16 4.96 5.33 5.48 7.37 7.30 7.30 6.28 5.04
0.44 1.31 0.00 1.61 0.00 0.00 0.00 0.00 0.00 0.00 1.90 0.00 2.63 2.63 2.56 0.00 2.77 3.94 3.94 3.43 3.43 2.56 2.19 0.00 0.00 0.00 0.00 0.00 0.00 0.00 0.00 0.00 0.00 0.00 0.00 0.00 0.00 0.88 1.90 3.58 4.02 2.41 1.97 1.97 2.34 0.80 0.66 0.66 0.44 0.15 0.07 0.07 0.00 0.29 1.46 5.33 7.66 9.86 9.13 9.56 3.07 3.43 5.11 4.45 7.26 8.32 7.81 7.37 7.37 8.69 10.00 11.97 11.39 9.05 7.45 5.18 4.89 4.82 6.42 7.45 7.59 6.57 6.35 6.06
1.97 1.61 0.00 0.00 0.00 0.00 0.00 0.00 0.00 0.00 3.07 0.00 2.99 2.99 0.00 2.77 2.77 3.07 3.07 3.07 2.77 3.36 1.83 0.00 0.00 0.00 0.00 0.00 0.00 0.00 0.00 0.00 0.00 0.00 0.00 0.00 0.00 0.88 1.31 2.41 2.70 2.41 2.70 2.70 3.50 2.77 1.39 3.65 2.56 0.22 0.00 0.00 0.00 1.17 4.96 5.62 5.40 6.28 6.20 6.57 6.94 3.87 3.14 5.69 5.60 8.73 8.98 8.32 8.32 7.74 7.59 9.27 11.53 7.23 5.55 6.57 6.42 5.62 6.57 6.79 6.94 6.42 6.28 6.79
2.26 2.12 0.00 0.00 0.00 0.00 0.00 0.00 0.00 0.00 0.00 3.36 0.00 0.00 0.00 3.36 1.97 2.41 2.41 2.77 1.39 1.61 1.39 1.68 0.00 0.00 0.00 0.00 0.00 0.00 0.00 0.00 0.00 0.00 0.00 0.00 0.00 0.66 0.58 0.73 1.68 2.19 1.68 1.68 2.34 3.65 2.85 3.29 5.04 4.09 1.31 3.43 1.31 5.91 5.04 5.55 6.86 3.14 6.00 5.24 2.63 2.92 6.03 8.61 11.78 12.19 11.68 9.64 9.64 8.76 7.88 8.10 8.18 7.88 7.30 7.52 6.35 6.50 5.84 6.57 7.83 6.25 6.60 8.22
1.75 0.51 0.00 0.00 0.00 0.00 0.00 0.00 0.00 0.00 0.00 0.00 0.00 0.00 0.00 2.48 0.00 0.00 0.00 0.00 2.41 0.00 0.00 0.00 0.00 0.00 0.00 0.00 0.00 0.00 0.00 0.00 0.00 0.00 0.00 0.00 0.88 0.95 0.66 0.95 1.24 1.31 2.12 2.12 1.97 2.63 4.16 5.77 5.99 5.33 6.50 6.35 5.18 10.00 7.74 10.66 11.02 3.50 3.21 2.92 3.24 3.72 5.97 9.56 11.10 14.31 14.04 11.19 10.83 8.29 8.83 7.74 7.74 8.40 7.08 7.74 7.52 6.72 6.96 5.81 6.78 7.38 8.20 8.40
0.44 0.88 1.10 0.37 0.00 0.00 0.80 0.00 0.00 0.00 0.00 0.00 0.00 0.00 0.00 0.00 0.00 0.00 0.00 0.00 0.00 0.00 0.00 0.00 0.00 0.00 0.00 0.00 0.00 0.00 0.00 0.00 0.00 0.00 0.00 0.00 1.31 1.61 1.02 1.02 1.02 0.22 1.31 1.31 1.68 0.58 1.68 3.65 5.91 5.55 5.33 7.45 8.47 10.59 14.02 12.48 11.83 11.61 4.13 7.96 2.34 4.45 4.99 7.00 11.71 14.60 14.38 10.51 10.56 9.16 7.41 9.42 9.64 8.91 8.66 7.45 7.15 6.50 6.68 7.46 9.27 8.47 8.68 8.91
0.29 1.31 0.00 0.00 0.51 0.00 1.17 0.00 0.00 0.00 0.00 0.00 0.00 0.00 0.00 0.00 0.00 0.00 0.00 0.00 0.00 0.00 0.00 0.00 0.00 0.00 0.00 0.00 0.00 0.00 0.00 0.00 0.00 0.00 0.00 0.00 0.00 1.83 0.00 0.51 0.44 0.00 0.00 0.00 0.88 1.10 0.44 1.39 2.48 4.53 5.04 5.77 9.71 12.70 13.43 15.18 17.16 20.22 13.65 8.09 6.27 4.43 6.49 6.56 12.39 12.77 14.45 7.30 7.30 8.10 8.31 9.40 10.34 10.08 8.22 7.59 9.27 6.52 7.90 7.67 9.23 8.73 7.77 8.30
0.80 0.58 0.15 0.00 0.73 0.95 0.00 0.00 0.00 0.73 0.66 0.00 0.00 0.00 0.00 1.17 0.00 0.00 0.00 0.00 0.00 0.00 0.00 0.00 0.00 0.00 0.00 0.00 0.00 0.00 0.00 0.00 0.00 0.00 0.00 0.00 0.00 0.00 0.00 0.88 0.58 0.00 0.00 0.00 0.66 1.02 0.51 0.22 1.10 6.06 4.96 6.20 8.61 9.93 13.51 16.72 19.69 19.13 16.64 9.20 10.29 7.38 8.55 7.30 9.90 10.11 7.34 5.84 5.84 6.05 7.22 9.53 10.30 9.76 10.01 10.05 8.83 7.19 7.30 6.40 7.72 10.37 10.88 7.54
0.95 1.10 0.51 0.37 0.44 0.73 0.00 0.00 0.00 0.73 0.00 0.00 0.00 0.00 0.00 0.44 0.66 0.00 0.00 0.00 0.00 1.10 0.00 0.00 0.00 0.00 0.00 0.00 0.00 0.00 0.00 0.00 0.00 0.00 0.73 0.51 0.88 0.00 0.00 0.29 0.00 0.00 0.00 0.00 0.22 1.02 0.58 0.58 4.60 7.23 6.64 5.84 7.82 9.71 13.22 12.97 17.69 21.97 19.71 21.39 12.26 7.12 6.22 6.53 6.99 9.92 5.72 4.96 4.99 4.43 8.00 8.27 9.76 12.96 10.74 10.15 8.49 6.13 5.78 6.42 8.91 9.42 9.47 6.86
1.02 1.31 1.02 0.51 0.73 0.00 0.00 0.00 0.00 0.66 0.00 0.00 0.00 0.00 0.00 0.00 0.00 0.00 0.00 0.00 0.00 0.00 0.00 0.00 0.00 0.00 0.00 0.00 0.22 0.00 0.00 0.00 0.00 0.00 1.02 0.37 0.88 0.00 0.00 0.00 0.00 0.00 0.00 0.00 0.66 0.73 1.83 2.19 6.86 8.10 9.34 10.22 8.76 11.24 10.57 17.46 15.65 18.79 18.38 14.67 12.69 10.27 6.39 6.76 5.79 6.41 4.79 3.89 3.89 3.61 1.67 3.81 6.89 10.28 8.88 10.27 7.60 5.11 5.69 6.35 8.42 9.68 7.84 6.62
1.75 0.44 0.73 0.80 1.75 1.68 1.46 0.00 3.07 1.17 1.61 0.00 0.00 0.00 0.00 0.00 0.00 0.00 0.00 0.00 0.00 0.00 0.00 0.00 0.00 0.00 0.95 0.51 0.00 0.00 0.00 0.00 0.00 0.00 0.51 0.15 0.00 0.00 0.00 0.00 0.00 0.29 3.80 3.80 2.56 1.31 1.90 10.37 13.72 14.02 15.40 12.63 11.83 13.94 13.11 14.68 12.43 16.05 16.45 15.88 12.94 11.25 10.24 4.94 5.41 6.19 3.88 2.74 2.70 1.70 2.87 2.79 4.81 8.87 7.15 8.00 7.34 7.46 4.46 5.86 7.07 9.03 7.05 5.84
0.95 0.00 0.00 1.31 2.34 2.12 3.14 1.83 4.60 2.92 0.00 1.17 0.00 0.07 0.00 0.00 0.00 0.00 0.00 0.00 0.00 0.00 0.00 0.00 0.00 0.00 1.68 1.53 0.51 0.00 0.37 0.00 0.22 0.29 0.00 0.00 0.00 0.00 0.00 0.00 0.00 5.04 4.74 4.74 5.62 5.18 9.64 13.36 14.02 15.72 16.41 17.05 15.52 15.64 16.62 14.09 9.71 8.98 10.17 11.39 10.42 12.22 10.78 6.20 5.56 3.25 2.15 1.96 1.91 2.04 2.04 4.35 5.09 6.85 6.09 4.09 5.58 5.32 4.10 4.62 6.60 7.22 4.25 4.29
4.53 3.07 3.50 3.14 8.25 7.59 9.56 13.14 11.61 10.66 8.40 8.18 5.04 1.97 2.04 2.77 1.24 1.02 1.02 0.00 0.58 0.00 0.00 1.39 0.95 1.39 1.39 1.53 0.51 0.73 1.24 0.73 0.80 1.46 0.88 0.44 0.15 0.00 0.00 0.00 1.68 2.41 6.13 6.13 7.96 10.22 10.51 12.12 14.89 12.34 14.83 13.68 15.54 10.80 12.71 10.40 12.94 10.97 11.78 13.87 11.30 10.82 9.42 6.62 4.96 3.89 2.38 1.35 1.33 1.39 1.61 3.18 3.23 6.86 5.77 3.29 2.50 2.47 1.17 1.03 3.88 4.11 4.99 4.95
7.08 8.32 7.15 7.08 12.92 14.24 16.86 15.11 12.34 6.86 7.59 7.08 8.25 5.48 4.38 2.12 1.90 1.31 1.31 0.95 1.17 0.88 0.22 0.88 0.73 0.51 0.29 0.00 0.73 0.73 1.02 1.46 0.37 1.46 1.17 0.95 1.02 1.90 0.95 1.24 1.90 0.15 0.95 0.95 4.02 7.74 8.25 12.26 12.72 9.43 11.89 10.09 8.78 10.01 11.75 7.06 8.23 12.15 13.80 12.70 12.46 13.24 11.08 9.86 4.31 3.07 3.37 1.85 1.83 0.73 0.88 3.11 1.67 4.69 5.98 3.14 0.88 1.57 0.00 1.48 4.73 1.98 2.91 4.56
7.37 7.88 9.13 9.20 10.88 16.86 12.63 12.70 10.66 5.62 6.50 4.96 7.23 7.66 6.28 3.80 2.56 1.97 1.97 0.73 0.73 0.95 0.15 0.95 0.44 0.51 0.00 0.44 1.02 1.31 0.88 0.37 0.73 0.80 0.66 1.75 1.24 2.92 0.00 0.00 0.00 0.00 2.56 2.56 4.67 1.75 3.72 7.74 9.81 8.82 8.61 10.97 8.74 8.78 10.32 9.70 6.16 7.11 12.21 10.56 13.19 12.22 13.21 5.04 7.30 4.39 2.98 1.54 1.71 0.16 0.15 1.14 0.80 1.88 4.42 3.54 2.77 0.80 0.59 0.08 1.32 0.96 2.55 2.85
0.00 5.18 6.72 0.00 8.10 10.80 16.43 9.68 8.91 8.32 5.18 5.62 5.11 5.18 5.11 1.90 1.83 1.24 1.24 1.46 0.58 1.10 0.58 0.37 0.29 0.00 0.00 0.00 0.80 0.58 0.00 0.22 0.00 0.29 0.29 1.31 1.75 0.00 0.00 0.00 0.00 0.00 0.22 0.22 0.66 0.37 2.34 4.11 7.37 8.25 7.95 9.09 10.26 8.57 9.55 5.38 4.40 5.96 6.72 7.63 13.05 15.25 12.03 9.34 10.15 1.78 0.96 2.35 2.27 1.83 0.00 0.19 2.25 1.69 4.20 4.42 3.26 0.69 0.23 0.00 0.78 3.47 3.62 4.02
0.00 0.00 0.00 0.00 4.09 10.22 10.95 11.10 13.14 6.64 5.11 3.21 2.48 0.00 0.00 1.53 1.02 1.02 1.02 0.88 0.22 0.22 0.00 0.00 0.44 0.00 0.00 0.00 0.00 0.00 0.29 0.00 0.00 0.00 0.00 0.51 0.58 0.00 0.00 0.00 0.00 0.00 0.00 0.00 0.00 0.22 3.21 3.43 6.64 7.66 8.52 8.26 9.45 9.96 7.91 7.35 6.64 3.39 9.28 6.30 8.62 12.82 14.29 11.95 6.97 5.72 3.12 1.90 1.91 2.82 1.82 0.00 2.85 1.48 1.99 4.09 1.27 0.73 0.15 0.32 1.97 4.46 6.13 4.22
0.00 0.00 0.00 0.00 0.00 6.50 13.14 13.51 14.60 10.44 6.06 3.58 2.70 0.00 0.00 0.51 1.39 0.80 0.80 0.37 0.00 0.00 0.00 0.00 0.00 0.00 0.00 0.00 0.00 0.00 0.00 0.00 0.00 0.00 0.00 0.00 0.00 0.00 0.00 0.00 0.00 0.00 0.00 0.00 0.00 0.00 2.35 1.61 3.63 7.60 8.52 9.00 11.03 7.45 5.97 3.41 2.22 4.21 7.69 8.00 7.30 13.23 14.76 10.61 9.81 9.08 8.06 3.45 4.04 2.22 1.55 2.12 0.18 2.20 0.41 2.09 1.62 0.80 0.78 0.48 3.30 4.30 5.84 4.36
0.00 0.00 0.00 0.00 6.13 0.00 8.40 15.26 11.46 10.37 6.57 4.16 6.20 1.46 3.07 1.31 2.70 1.24 1.24 0.00 0.00 0.00 0.00 0.00 0.00 0.00 0.00 0.00 0.00 0.00 0.00 0.00 0.00 0.00 0.00 0.00 0.00 0.00 0.00 0.00 0.00 0.00 0.00 0.00 0.00 0.00 0.00 1.29 1.59 6.37 7.26 8.14 5.45 7.03 8.72 0.00 0.00 0.00 8.48 8.92 9.69 9.27 13.50 10.46 11.77 11.61 10.22 6.40 7.16 4.90 2.77 3.77 1.14 0.44 0.00 1.03 1.33 0.95 0.63 0.38 2.16 3.63 5.90 4.43
0.00 0.00 0.00 0.00 0.00 0.00 6.28 9.05 8.91 11.17 5.40 6.42 4.67 6.13 2.85 4.22 4.72 2.04 2.04 0.00 0.58 0.00 0.00 0.00 0.00 0.00 0.00 0.00 0.00 0.00 0.00 0.00 0.00 0.00 0.00 0.00 0.00 0.00 0.00 0.00 0.00 0.00 0.00 0.00 0.00 0.00 0.00 0.75 3.67 5.19 7.94 6.72 5.93 7.72 5.82 0.00 0.00 0.00 0.00 9.23 7.56 11.04 8.13 8.78 10.38 11.49 15.83 7.80 7.96 6.19 4.36 3.73 3.17 0.59 0.52 1.44 1.81 0.61 0.56 0.57 1.71 2.47 4.72 3.88
0.00 0.00 0.00 0.00 0.00 0.00 0.00 7.81 5.18 5.91 6.35 4.89 8.40 5.91 6.64 6.31 4.23 3.79 3.54 4.02 0.22 0.29 0.66 0.66 0.00 0.00 0.00 0.00 0.00 0.00 0.00 0.00 0.00 0.00 0.00 0.00 0.00 0.00 0.00 0.00 0.00 0.22 0.00 0.00 0.00 0.00 0.00 0.62 2.05 5.96 8.00 9.98 5.30 0.00 0.00 0.00 0.00 0.00 0.00 0.00 0.00 8.03 5.20 5.91 9.73 15.99 10.81 8.59 10.50 8.11 4.73 3.26 3.79 1.08 0.81 1.47 2.07 1.40 0.00 0.39 0.81 1.21 0.00 0.00
0.00 0.00 0.00 0.00 0.00 0.00 0.00 0.00 0.00 0.00 0.00 0.00 0.00 0.00 0.00 0.00 4.74 5.81 5.90 4.67 5.26 6.50 4.89 3.80 1.97 2.34 2.77 2.41 1.97 2.12 2.41 1.68 0.00 0.22 3.58 5.18 5.33 4.96 6.28 7.34 7.68 5.60 8.47 8.47 7.30 3.21 2.77 3.37 3.61 6.18 0.00 0.00 0.00 0.00 0.00 0.00 0.00 0.00 0.00 0.00 0.00 9.31 6.13 8.60 14.96 12.06 5.34 4.33 4.84 2.51 3.68 2.51 2.21 0.53 1.77 2.03 1.55 1.64 0.64 0.00 0.00 0.00 0.00 0.00
0.00 0.00 0.00 0.00 0.00 0.00 0.00 0.00 0.00 0.00 0.00 0.00 0.00 0.00 0.00 0.00 0.00 0.00 0.00 0.00 5.49 6.05 5.18 3.65 3.29 2.64 4.04 4.96 4.31 1.97 2.04 0.66 0.73 1.46 4.16 4.31 6.72 8.32 7.23 6.72 7.89 10.42 7.88 8.81 10.59 9.20 3.80 4.57 5.05 0.00 0.00 0.00 0.00 0.00 0.00 0.00 0.00 0.00 0.00 0.00 0.00 0.00 0.00 7.52 9.31 8.82 0.00 0.00 0.00 3.39 0.00 1.94 2.70 1.33 0.38 1.48 1.22 0.41 0.00 0.00 0.00 0.00 0.00 0.00
0.00 0.00 0.00 0.00 0.00 0.00 0.00 0.00 0.00 0.00 0.00 0.00 0.00 0.00 0.00 0.00 0.00 0.00 0.00 0.00 0.00 0.00 3.14 5.11 5.91 4.40 1.94 4.09 4.31 4.31 3.72 4.74 2.96 3.14 3.14 1.82 3.36 6.20 8.83 9.20 6.27 4.31 9.38 11.91 14.08 9.84 8.70 0.00 5.30 0.00 0.00 0.00 0.00 0.00 0.00 0.00 0.00 0.00 0.00 0.00 0.00 0.00 0.00 0.00 0.00 0.00 0.00 0.00 0.00 0.00 0.00 0.00 0.00 0.00 1.44 0.00 0.00 0.00 0.00 0.00 0.00 0.00 0.00 0.00
0.00 0.00 0.00 0.00 0.00 0.00 0.00 0.00 0.00 0.00 0.00 0.00 0.00 0.00 0.00 0.00 0.00 0.00 0.00 0.00 0.00 0.00 0.00 4.02 3.36 1.10 0.00 0.00 0.00 4.53 2.77 3.24 2.77 2.12 1.97 0.00 0.00 0.00 3.72 2.70 0.00 0.00 4.99 5.70 12.01 6.49 12.51 0.00 0.00 0.00 0.00 0.00 0.00 0.00 0.00 0.00 0.00 0.00 0.00 0.00 0.00 0.00 0.00 0.00 0.00 0.00 0.00 0.00 0.00 0.00 0.00 0.00 0.00 0.00 0.00 0.00 0.00 0.00 0.00 0.00 0.00 0.00 0.00 0.00
