Wansh/Snow_depth/snowdepth-1996/winter/1997011.txt
ncols 321
nrows 161
xllcenter 60
yllcenter 15 
cellsize  0.25 
NODATA_value -1
[rows 0 to 36 of 161, columns 84 to 167 of 321]
17.30 17.45 16.72 15.91 15.91 13.51 14.60 9.20 10.00 9.42 11.46 11.61 11.61 11.97 11.68 14.09 14.60 14.67 14.67 13.36 14.24 12.12 8.76 9.42 4.74 1.68 0.73 1.53 0.95 3.50 6.28 5.48 8.32 9.42 8.91 10.80 10.44 11.53 10.66 10.95 9.86 6.72 4.82 4.82 5.55 2.70 2.70 2.70 2.77 4.23 6.13 5.69 8.18 10.15 7.74 9.05 11.32 10.22 8.18 8.18 8.25 8.25 2.04 1.75 2.19 2.26 11.02 11.02 11.02 10.66 10.66 6.64 12.70 11.46 9.93 10.44 10.07 11.97 15.33 9.13 9.13 9.13 9.05 9.42
16.64 15.55 15.70 15.04 12.70 13.21 11.17 9.49 11.32 12.56 13.36 11.68 10.51 10.37 10.15 10.37 10.51 12.85 12.85 15.11 14.45 14.60 12.78 6.86 8.03 2.70 1.53 1.46 0.29 2.19 1.68 4.02 7.01 6.28 8.18 9.93 9.27 12.48 9.71 10.51 7.23 7.88 6.42 6.42 4.16 7.59 5.04 4.09 3.65 5.11 3.50 3.07 5.33 5.33 4.23 7.01 6.28 5.77 4.89 3.29 5.40 3.65 2.85 3.21 2.77 5.77 4.45 5.33 5.33 5.77 11.39 7.15 12.85 13.21 15.18 15.40 14.31 14.67 14.82 12.26 11.46 9.86 10.29 8.61
16.28 14.53 12.78 12.92 11.97 12.70 12.05 16.64 16.43 15.26 12.48 13.43 9.78 7.37 8.25 7.08 7.15 8.83 8.83 11.24 11.02 11.97 12.26 12.56 7.74 3.43 1.61 0.95 1.02 1.02 3.50 2.99 5.04 7.66 7.23 9.64 11.39 11.68 13.14 14.02 9.86 10.59 11.24 11.24 10.51 11.17 8.98 8.18 4.02 3.80 2.92 2.12 2.34 2.99 2.63 2.77 4.31 6.20 5.91 5.48 6.28 7.01 9.56 9.78 7.96 8.25 6.72 11.02 11.02 10.73 10.80 11.39 12.92 12.48 14.89 15.11 15.91 15.18 14.09 13.51 15.33 10.66 13.14 13.21
16.28 14.53 12.78 12.92 11.97 12.70 12.05 16.64 16.43 15.26 12.48 13.43 9.78 7.37 8.25 7.08 7.15 8.83 8.83 11.24 11.02 11.97 12.26 12.56 7.74 3.43 1.61 0.95 1.02 1.02 3.50 2.99 5.04 7.66 7.23 9.64 11.39 11.68 13.14 14.02 9.86 10.59 11.24 11.24 10.51 11.17 8.98 8.18 4.02 3.80 2.92 2.12 2.34 2.99 2.63 2.77 4.31 6.20 5.91 5.48 6.28 7.01 9.56 9.78 7.96 8.25 6.72 11.02 11.02 10.73 10.80 11.39 12.92 12.48 14.89 15.11 15.91 15.18 14.09 13.51 15.33 10.66 13.14 13.21
12.12 12.41 10.44 11.32 11.39 11.83 14.38 14.75 12.48 10.51 11.24 10.15 10.66 7.96 5.26 6.72 5.04 3.65 3.65 6.28 9.13 8.76 11.02 8.25 9.34 3.50 1.97 2.04 0.95 0.80 0.66 1.53 3.87 3.21 8.10 10.51 10.07 11.61 14.53 14.16 14.60 10.95 10.59 10.59 11.61 14.53 11.83 11.75 6.42 5.91 2.99 2.34 1.17 1.02 2.99 1.90 3.87 4.09 5.69 6.86 8.61 8.03 9.49 10.95 15.55 15.33 15.55 12.41 12.41 12.85 11.39 11.39 11.90 12.85 13.80 13.36 15.70 16.50 12.63 13.87 15.40 13.72 15.99 14.02
11.90 10.73 10.95 11.83 10.51 11.17 7.30 7.59 9.20 9.64 9.78 9.56 10.80 8.76 8.61 6.35 6.64 4.38 4.38 2.70 2.85 3.07 3.65 8.10 4.60 3.36 3.72 2.56 1.97 1.02 0.66 1.39 1.83 3.21 6.13 8.83 8.32 10.95 10.29 12.26 11.61 9.05 9.86 9.86 9.49 12.63 13.43 10.73 7.52 7.23 2.99 1.68 1.53 1.90 0.95 2.70 3.07 1.46 2.77 6.13 7.45 10.07 12.85 12.05 15.26 15.91 14.31 15.33 15.33 13.51 12.12 12.78 11.53 11.32 10.88 9.13 8.98 8.98 10.66 9.13 13.43 13.14 13.58 13.87
11.02 10.95 11.83 11.32 11.32 8.03 8.61 8.03 9.56 9.56 9.56 10.73 10.88 8.76 8.03 7.96 8.83 8.69 8.69 5.55 3.36 3.58 2.26 3.65 3.29 4.23 2.85 2.41 2.70 1.53 1.46 0.58 2.99 2.34 4.23 7.52 7.74 6.94 7.08 7.23 8.54 8.69 8.54 8.54 8.32 7.74 9.20 10.15 6.06 3.80 1.46 0.88 1.24 0.73 1.61 1.02 3.36 1.97 6.28 5.77 7.37 10.51 13.21 12.63 14.02 14.09 13.65 14.89 14.89 13.36 13.51 13.94 14.45 11.90 12.99 10.15 8.32 9.05 8.54 8.83 9.05 10.80 12.41 13.80
11.02 10.95 11.83 11.32 11.32 8.03 8.61 8.03 9.56 9.56 9.56 10.73 10.88 8.76 8.03 7.96 8.83 8.69 8.69 5.55 3.36 3.58 2.26 3.65 3.29 4.23 2.85 2.41 2.70 1.53 1.46 0.58 2.99 2.34 4.23 7.52 7.74 6.94 7.08 7.23 8.54 8.69 8.54 8.54 8.32 7.74 9.20 10.15 6.06 3.80 1.46 0.88 1.24 0.73 1.61 1.02 3.36 1.97 6.28 5.77 7.37 10.51 13.21 12.63 14.02 14.09 13.65 14.89 14.89 13.36 13.51 13.94 14.45 11.90 12.99 10.15 8.32 9.05 8.54 8.83 9.05 10.80 12.41 13.80
6.86 7.45 9.42 10.29 9.56 9.49 9.56 10.51 10.15 9.27 9.56 7.23 5.69 7.96 8.32 9.20 8.98 9.56 9.56 8.98 9.27 7.23 4.16 4.60 3.50 3.72 2.77 2.70 2.12 2.04 2.04 1.83 2.70 2.56 6.35 8.69 8.76 7.23 6.50 4.31 4.96 5.99 7.59 7.59 4.31 4.89 6.20 4.67 2.77 2.26 1.46 1.97 0.66 0.44 2.85 2.04 3.58 4.02 5.33 7.74 7.59 8.76 8.40 10.00 12.05 11.46 10.07 14.53 14.53 14.53 11.83 12.99 13.14 13.43 11.97 10.51 11.24 9.64 12.56 9.93 8.98 9.49 9.49 10.00
6.50 7.59 8.18 7.96 8.91 9.64 9.34 10.29 9.56 10.07 7.08 4.96 5.18 6.13 8.98 8.69 10.15 10.00 10.00 9.34 8.18 8.32 5.11 3.43 3.07 3.07 3.07 2.99 1.68 1.75 1.46 1.24 2.48 3.14 6.35 5.40 7.37 5.55 5.48 5.55 3.36 2.85 1.68 1.68 2.56 3.21 2.34 3.36 3.58 3.50 5.04 5.26 5.04 4.09 4.38 3.36 2.85 3.87 6.42 6.72 6.79 7.37 7.30 8.69 6.94 8.03 10.37 9.71 9.71 10.88 10.59 11.02 11.68 11.32 11.02 12.56 13.72 13.72 14.82 12.63 10.73 8.54 8.47 8.32
7.52 8.83 8.32 8.40 7.66 10.00 10.37 10.15 9.71 6.35 6.72 4.89 6.94 6.50 9.49 11.61 11.61 11.61 11.61 10.66 10.51 8.32 4.74 4.74 3.50 2.26 2.77 1.97 2.12 2.12 1.90 1.61 2.77 2.56 4.09 6.28 5.62 6.13 4.53 2.77 3.14 2.92 3.36 3.36 2.34 2.56 3.43 3.43 5.40 6.94 6.13 6.50 6.13 8.32 6.50 8.10 7.52 7.81 7.45 6.94 7.59 8.10 6.94 7.52 7.15 7.74 9.71 10.80 10.80 11.83 12.63 12.70 12.56 12.05 13.29 14.02 15.11 14.97 15.77 14.24 13.94 10.44 10.88 7.96
7.52 8.83 8.32 8.40 7.66 10.00 10.37 10.15 9.71 6.35 6.72 4.89 6.94 6.50 9.49 11.61 11.61 11.61 11.61 10.66 10.51 8.32 4.74 4.74 3.50 2.26 2.77 1.97 2.12 2.12 1.90 1.61 2.77 2.56 4.09 6.28 5.62 6.13 4.53 2.77 3.14 2.92 3.36 3.36 2.34 2.56 3.43 3.43 5.40 6.94 6.13 6.50 6.13 8.32 6.50 8.10 7.52 7.81 7.45 6.94 7.59 8.10 6.94 7.52 7.15 7.74 9.71 10.80 10.80 11.83 12.63 12.70 12.56 12.05 13.29 14.02 15.11 14.97 15.77 14.24 13.94 10.44 10.88 7.96
7.08 8.69 8.18 7.96 7.08 6.94 4.82 5.33 6.79 5.99 5.40 5.40 8.83 12.41 12.05 11.90 13.14 13.07 13.07 12.85 9.78 10.29 5.77 4.89 4.16 2.92 2.19 2.26 1.90 2.19 1.97 1.97 1.90 4.09 4.89 4.67 5.18 4.74 5.91 5.99 5.77 4.96 4.31 4.31 4.23 3.50 5.04 5.48 4.96 7.59 9.27 11.17 8.40 9.34 6.94 8.25 9.71 10.88 10.51 9.20 9.34 7.96 6.79 8.18 7.96 7.88 8.32 9.86 9.86 11.75 12.05 12.85 12.63 12.41 12.34 13.21 14.24 14.67 15.62 14.31 14.67 12.85 11.68 11.24
5.91 8.32 7.15 7.23 5.91 3.80 3.87 4.23 7.88 10.66 7.30 9.78 8.69 13.87 14.24 14.82 14.31 15.91 15.91 12.56 13.21 7.74 6.50 5.91 5.55 3.14 2.41 2.12 3.65 5.04 3.65 4.82 5.04 4.89 5.48 8.25 7.81 6.79 7.30 6.20 5.99 5.99 4.89 4.89 4.89 5.26 6.06 7.45 6.64 8.10 9.13 10.07 9.56 9.64 8.83 9.05 10.44 10.22 9.64 8.18 8.40 8.76 8.54 8.61 8.10 8.03 8.76 11.97 11.97 12.56 12.05 13.36 13.29 13.29 12.12 12.56 12.41 13.80 14.09 12.12 12.70 10.80 9.71 10.22
7.66 7.30 7.59 7.37 7.81 3.29 5.26 8.25 7.08 12.05 11.32 11.39 11.90 14.45 15.77 15.70 17.01 16.50 16.50 14.89 10.15 11.02 7.52 6.86 6.79 5.77 3.43 4.16 3.80 5.77 8.83 11.02 10.22 9.64 8.98 7.74 5.62 4.45 5.26 5.40 4.16 3.94 4.60 4.60 4.74 5.04 5.48 6.86 7.15 8.03 9.93 9.27 10.66 9.93 12.12 12.41 12.63 10.88 10.15 8.18 7.45 7.81 6.28 7.37 7.37 8.69 8.61 10.29 10.29 10.44 9.93 10.66 8.32 8.83 7.52 8.25 3.14 0.00 1.90 0.00 6.28 9.20 10.22 11.83
7.30 8.25 8.10 8.18 7.15 6.06 6.35 5.62 10.80 10.29 10.37 10.22 10.07 11.39 12.70 12.05 14.38 14.60 14.60 12.12 12.41 10.44 8.69 7.66 7.88 7.52 7.01 7.30 7.52 9.86 9.49 10.44 11.10 9.93 7.08 7.66 4.67 4.31 3.43 4.82 4.53 5.11 4.09 4.09 4.60 6.42 4.96 6.72 7.08 7.59 9.49 9.27 9.20 11.32 11.61 11.24 9.93 8.69 6.06 6.57 6.13 4.89 5.40 5.62 5.55 7.30 8.40 9.93 9.93 10.59 10.66 9.05 5.77 7.15 3.65 4.09 0.88 0.00 0.00 0.00 4.74 8.76 9.56 12.48
7.30 8.25 8.10 8.18 7.15 6.06 6.35 5.62 10.80 10.29 10.37 10.22 10.07 11.39 12.70 12.05 14.38 14.60 14.60 12.12 12.41 10.44 8.69 7.66 7.88 7.52 7.01 7.30 7.52 9.86 9.49 10.44 11.10 9.93 7.08 7.66 4.67 4.31 3.43 4.82 4.53 5.11 4.09 4.09 4.60 6.42 4.96 6.72 7.08 7.59 9.49 9.27 9.20 11.32 11.61 11.24 9.93 8.69 6.06 6.57 6.13 4.89 5.40 5.62 5.55 7.30 8.40 9.93 9.93 10.59 10.66 9.05 5.77 7.15 3.65 4.09 0.88 0.00 0.00 0.00 4.74 8.76 9.56 12.48
8.10 8.03 7.96 8.40 7.88 6.28 4.16 4.16 3.94 3.80 7.15 8.25 9.93 9.56 10.44 12.85 13.43 13.43 13.43 10.95 10.07 10.07 8.10 7.96 7.88 7.96 7.45 6.86 6.79 7.23 10.22 12.63 12.26 11.61 9.71 5.40 2.56 3.14 3.58 4.89 4.67 5.84 7.59 7.59 7.37 8.61 7.23 8.47 8.76 7.96 10.88 10.80 11.17 11.24 9.93 10.44 8.98 6.20 6.06 5.40 5.77 5.77 5.84 7.52 6.42 9.42 9.27 9.42 9.42 10.15 10.66 7.01 7.23 4.67 4.60 4.82 1.24 0.00 1.17 5.18 6.50 5.99 7.37 9.56
5.69 7.66 7.88 7.74 8.83 8.76 4.16 3.58 3.50 3.50 5.40 7.15 6.35 9.86 9.49 10.29 10.22 11.02 11.02 11.53 9.13 8.10 7.52 6.57 8.40 9.56 10.44 10.66 10.07 10.51 11.53 11.02 12.92 13.87 8.98 3.29 3.07 2.12 2.12 3.29 4.89 7.74 8.25 8.25 8.69 7.74 7.81 9.20 8.91 11.97 10.95 11.10 12.99 12.78 12.41 10.66 11.68 9.20 7.30 8.47 12.34 10.44 9.71 10.07 8.32 10.29 11.39 10.80 10.80 13.58 11.24 12.26 8.61 6.50 3.21 0.37 0.00 0.00 1.53 2.77 3.65 3.43 4.74 6.94
4.09 4.74 6.57 6.57 8.54 9.20 8.69 7.81 4.67 4.02 5.04 6.28 8.03 7.52 8.03 8.32 8.03 9.71 9.71 10.80 9.20 9.64 7.01 8.32 9.86 9.78 10.44 10.51 9.71 7.88 8.83 12.70 13.72 10.73 8.10 9.56 5.33 2.77 1.61 2.26 1.97 6.64 9.64 9.64 6.86 7.30 7.66 8.03 10.22 11.83 13.07 14.16 14.38 17.37 15.04 14.45 13.58 14.16 10.29 14.38 13.94 13.14 11.32 10.51 10.07 12.85 16.64 16.50 16.50 13.14 9.13 2.92 2.26 2.41 2.92 0.00 0.00 0.00 0.00 1.31 2.41 2.77 3.72 5.18
5.18 4.74 7.52 9.56 7.66 9.05 9.56 9.49 9.20 8.32 7.45 7.30 6.42 5.69 6.13 4.89 6.57 6.20 6.20 8.40 8.98 7.96 8.18 8.10 9.78 11.39 11.39 10.66 10.15 6.79 6.57 7.01 10.51 10.44 8.10 4.60 2.12 0.00 0.00 1.61 2.85 7.66 4.45 4.45 8.25 7.37 9.27 8.47 10.51 10.80 13.43 16.21 14.82 19.56 19.49 18.91 20.51 17.67 15.99 14.09 14.24 13.87 13.29 13.43 13.14 12.99 16.50 15.18 15.18 12.19 4.89 2.26 1.61 1.02 0.15 0.51 0.00 0.44 0.73 0.80 0.95 1.90 2.12 1.68
7.01 8.54 7.96 10.22 11.53 12.12 10.73 11.32 10.22 10.44 9.20 9.93 10.29 10.88 9.42 8.18 7.96 7.37 7.37 7.52 8.54 7.88 7.88 9.27 11.83 11.32 12.41 16.06 13.07 9.27 9.42 6.20 8.18 6.79 5.11 6.13 0.00 0.00 0.22 2.19 2.85 3.14 2.56 2.56 4.67 6.20 0.00 4.23 7.01 6.13 11.10 10.15 13.94 17.23 20.15 17.89 18.61 17.08 13.87 9.78 12.56 14.02 13.80 14.24 14.53 14.89 11.53 8.98 8.98 9.64 6.50 3.50 4.53 1.90 0.29 0.00 0.00 0.00 0.00 0.66 1.39 1.68 1.31 1.31
7.01 8.54 7.96 10.22 11.53 12.12 10.73 11.32 10.22 10.44 9.20 9.93 10.29 10.88 9.42 8.18 7.96 7.37 7.37 7.52 8.54 7.88 7.88 9.27 11.83 11.32 12.41 16.06 13.07 9.27 9.42 6.20 8.18 6.79 5.11 6.13 0.00 0.00 0.22 2.19 2.85 3.14 2.56 2.56 4.67 6.20 0.00 4.23 7.01 6.13 11.10 10.15 13.94 17.23 20.15 17.89 18.61 17.08 13.87 9.78 12.56 14.02 13.80 14.24 14.53 14.89 11.53 8.98 8.98 9.64 6.50 3.50 4.53 1.90 0.29 0.00 0.00 0.00 0.00 0.66 1.39 1.68 1.31 1.31
7.81 8.18 9.86 9.13 10.51 12.05 12.70 12.56 12.63 10.51 10.07 10.37 12.78 13.94 14.31 11.46 10.66 11.02 11.02 9.34 9.42 10.37 10.37 10.73 11.97 14.97 15.77 16.72 15.18 10.80 8.47 5.18 5.48 5.33 6.13 3.43 1.53 0.29 0.00 0.00 1.31 1.10 2.99 2.99 3.29 0.00 0.00 0.00 3.14 1.83 5.62 5.04 9.42 9.42 12.63 11.61 14.24 7.15 6.72 8.25 10.44 10.00 12.26 13.58 13.36 11.75 10.95 9.20 9.20 8.47 11.39 6.42 7.88 3.43 1.10 0.00 0.00 0.00 0.00 0.00 0.00 0.51 1.10 0.22
8.10 7.88 9.13 10.44 10.95 10.37 10.95 11.24 10.59 10.66 9.93 11.02 11.10 12.78 13.65 12.70 12.92 10.15 10.15 9.42 11.46 10.88 12.70 12.14 13.43 14.20 14.82 11.68 12.99 9.27 10.15 6.42 4.60 3.50 1.97 0.88 0.00 0.37 0.58 2.26 2.34 2.19 2.48 2.48 0.00 2.26 0.00 0.00 0.00 0.00 2.34 2.77 3.94 6.28 6.42 4.45 6.06 5.48 5.84 6.64 6.94 8.76 11.97 10.29 12.34 11.90 11.02 11.68 11.68 12.92 12.26 9.34 6.50 3.43 4.31 0.66 0.07 0.00 0.15 0.00 0.00 0.95 0.22 0.66
8.18 9.49 9.27 8.91 7.30 7.45 7.88 7.96 9.78 9.93 10.07 12.26 12.19 11.90 11.83 11.39 9.71 10.00 10.00 8.18 10.00 12.70 12.12 13.75 14.51 10.95 10.54 12.57 11.39 12.56 12.41 7.37 3.50 4.60 0.80 0.88 0.29 0.66 1.39 2.92 2.48 2.70 2.48 2.48 2.56 1.97 0.00 0.00 0.00 0.00 0.00 0.00 2.04 3.14 3.58 3.94 3.43 5.48 6.72 7.30 9.42 8.98 9.49 10.51 11.97 11.17 8.83 10.15 10.15 12.34 11.83 9.20 6.79 4.53 6.94 1.17 2.92 2.26 2.85 1.39 0.66 0.95 0.15 0.00
10.07 10.66 9.49 7.15 7.59 4.82 4.23 4.82 7.74 8.83 10.66 10.29 9.93 9.34 9.05 8.69 9.42 8.25 8.25 8.61 9.34 9.56 11.89 12.34 12.03 12.33 10.97 10.77 11.82 13.56 12.12 13.80 8.76 10.51 6.06 4.45 1.17 1.90 3.94 3.21 2.92 2.85 2.63 2.63 1.90 0.00 0.00 0.00 0.00 0.00 0.00 1.46 3.07 2.77 4.02 4.45 6.28 6.50 8.10 10.22 13.72 12.05 10.95 11.75 7.74 7.37 9.86 9.34 9.34 11.32 10.66 11.24 8.10 7.52 9.34 5.11 6.06 4.53 2.70 2.34 0.51 1.68 0.80 0.95
10.88 9.93 10.66 7.74 7.01 6.79 6.86 6.72 4.23 5.84 0.00 0.00 0.00 0.00 2.99 5.69 7.15 6.86 6.86 7.41 8.33 9.86 9.33 11.46 11.64 10.29 11.44 11.58 11.76 12.46 12.91 13.43 14.38 15.26 11.32 11.24 7.08 6.20 2.12 3.65 2.19 2.19 2.19 2.19 1.61 0.00 0.00 0.00 0.00 0.00 0.00 2.04 3.43 4.67 6.50 6.86 8.25 7.52 9.86 12.34 15.26 15.91 16.57 14.31 14.09 11.97 19.27 16.43 16.43 15.40 12.56 10.15 7.74 8.47 8.32 6.79 8.03 3.80 3.50 2.70 3.29 2.77 3.07 3.36
10.88 9.93 10.66 7.74 7.01 6.79 6.86 6.72 4.23 5.84 0.00 0.00 0.00 0.00 2.99 5.69 7.15 6.86 6.90 7.66 8.46 10.55 9.10 11.75 11.46 10.29 11.10 10.77 10.99 12.65 13.04 13.99 16.16 16.14 11.61 11.24 7.08 6.20 2.12 3.65 2.19 2.19 2.19 2.19 1.61 0.00 0.00 0.00 0.00 0.00 0.00 2.04 3.43 4.67 6.50 6.86 8.25 7.52 9.86 12.34 15.26 15.91 16.57 14.31 14.09 11.97 19.27 16.43 16.43 15.40 12.56 10.15 7.74 8.47 8.32 6.79 8.03 3.80 3.50 2.70 3.29 2.77 3.07 3.36
10.59 10.95 8.47 8.91 6.86 8.40 7.81 9.20 9.05 5.40 6.28 0.00 0.00 0.00 0.00 5.69 7.01 7.08 7.08 7.15 6.94 6.57 4.84 5.48 7.94 7.08 9.88 7.04 9.93 11.74 12.17 12.10 16.55 15.54 14.52 14.60 3.69 5.55 5.99 3.72 2.41 1.10 0.00 0.00 0.00 0.00 0.00 0.00 0.00 4.38 0.00 4.16 0.00 0.00 5.33 6.42 7.59 8.40 11.90 11.02 15.18 13.07 18.10 16.43 17.45 20.29 19.35 18.32 18.32 14.82 14.82 10.88 7.45 8.54 7.59 5.69 5.55 4.02 3.07 3.43 2.99 2.70 2.85 0.00
9.13 10.66 8.47 6.50 7.08 7.45 9.49 11.75 12.48 10.29 7.15 9.78 3.07 0.00 6.94 11.39 12.48 12.34 12.34 10.56 7.08 4.77 4.74 3.80 3.74 0.00 4.82 8.62 8.64 11.80 12.12 12.85 12.12 13.15 14.84 13.34 12.30 12.18 9.93 6.64 3.80 2.34 3.07 3.07 0.51 0.58 1.31 2.19 3.65 3.07 4.74 3.65 5.69 0.00 0.00 5.18 5.04 7.66 9.93 10.37 12.12 11.68 15.26 21.90 20.81 21.46 19.35 17.59 17.59 15.40 16.28 11.24 9.56 8.18 7.74 5.55 6.13 4.89 3.07 2.34 4.23 1.83 0.00 0.00
4.89 10.00 8.83 7.30 7.08 7.66 7.30 10.15 10.80 10.95 11.17 9.05 8.76 7.74 7.52 9.64 12.41 11.83 11.83 12.19 9.93 7.37 6.28 4.38 0.00 0.00 0.00 5.97 5.64 8.30 10.07 13.43 14.24 15.40 14.45 15.43 17.17 14.89 12.41 11.46 9.64 11.90 5.69 5.69 1.68 1.31 0.88 1.68 2.99 3.58 5.99 0.00 0.00 0.00 0.00 4.16 3.94 6.13 7.59 10.59 11.61 13.14 18.76 21.61 20.81 15.84 16.86 15.40 15.40 12.85 13.21 6.79 6.57 6.64 5.91 7.23 9.05 6.20 6.28 8.83 7.74 4.67 3.14 3.21
0.00 0.00 0.00 5.99 6.64 8.18 9.78 9.56 10.95 11.10 8.76 9.64 7.81 8.25 10.29 9.71 10.66 11.02 11.02 7.45 8.76 8.18 6.86 7.37 4.09 6.35 0.00 6.16 9.71 9.78 10.88 9.05 15.40 16.13 15.18 19.13 20.53 19.59 20.86 19.02 13.29 15.18 9.78 9.78 2.99 4.31 1.75 1.02 1.97 4.09 3.80 4.89 4.96 4.45 0.00 4.38 5.55 8.03 7.30 9.86 10.66 12.12 16.86 16.43 9.05 10.66 12.63 11.83 11.83 5.11 0.00 0.00 0.00 4.45 4.45 5.04 8.10 9.56 11.61 11.46 9.20 7.52 7.81 5.91
0.00 0.00 0.00 0.00 2.92 2.04 5.91 8.83 8.55 11.24 10.80 7.45 6.79 6.86 8.69 6.20 5.11 5.18 5.18 7.88 7.66 8.61 9.64 10.80 8.91 5.18 8.10 9.00 8.61 10.29 9.93 8.47 6.57 19.49 17.52 24.53 23.65 24.31 23.05 21.26 16.14 19.05 12.12 12.12 8.18 4.09 3.72 2.70 3.50 1.53 3.87 3.72 5.04 5.26 4.60 3.80 4.82 6.13 5.04 7.23 9.05 10.66 12.56 3.72 4.16 5.91 8.91 9.64 9.64 0.00 0.00 2.12 0.00 2.56 0.00 4.16 7.74 8.47 10.15 8.32 6.64 7.37 6.94 7.45
0.00 0.00 0.00 0.00 1.53 6.57 5.11 7.37 6.44 6.79 7.15 6.86 6.79 4.89 4.23 4.16 4.02 4.23 4.23 6.72 6.72 7.66 10.80 10.51 10.88 10.07 9.78 8.98 10.60 10.82 9.46 6.60 6.25 5.91 12.92 20.95 22.05 22.34 24.67 23.14 20.65 19.93 17.01 17.01 13.43 17.16 10.95 6.86 8.03 5.48 4.02 3.72 4.31 4.67 2.41 0.00 0.00 0.00 3.29 5.11 6.72 4.45 3.50 4.38 4.02 4.89 0.00 0.00 0.00 0.00 0.00 0.00 0.00 0.00 0.00 0.00 0.00 4.96 0.00 4.53 7.23 7.01 7.59 0.00
0.00 0.00 0.00 0.00 1.53 6.57 5.11 7.37 6.28 6.79 7.15 6.86 6.79 4.89 4.23 4.16 4.02 4.26 4.23 6.72 6.72 7.66 10.80 10.51 10.88 10.07 9.78 8.98 10.44 10.44 9.13 6.57 6.06 5.91 12.99 21.06 22.05 22.23 24.92 23.14 20.44 19.93 17.01 17.01 13.43 17.16 10.95 6.86 8.03 5.48 4.02 3.72 4.31 4.67 2.41 0.00 0.00 0.00 3.29 5.11 6.72 4.45 3.50 4.38 4.02 4.89 0.00 0.00 0.00 0.00 0.00 0.00 0.00 0.00 0.00 0.00 0.00 4.96 0.00 4.53 7.23 7.01 7.59 0.00
7.45 0.00 0.00 0.00 0.00 7.23 10.44 7.93 8.75 6.42 6.42 6.20 6.13 4.96 2.12 2.77 1.97 1.31 1.31 0.00 0.00 5.99 8.40 6.50 8.61 9.93 8.03 9.93 10.29 10.37 8.76 9.42 7.52 8.32 11.32 12.19 18.18 21.75 21.13 14.82 15.55 16.64 18.40 18.40 15.99 18.61 17.67 13.87 14.82 11.32 10.15 7.15 1.97 2.34 0.00 0.00 0.00 0.00 0.00 4.38 5.18 7.37 5.77 5.26 0.00 0.00 0.00 0.00 0.00 0.00 0.00 0.00 0.00 0.00 0.00 0.00 0.00 0.00 0.00 0.00 4.31 0.00 0.00 0.00
