Wansh/Snow_depth/snowdepth-1996/winter/1997048.txt
ncols 321
nrows 161
xllcenter 60
yllcenter 15 
cellsize  0.25 
NODATA_value -1
[rows 37 to 73 of 161, columns 0 to 83 of 321]
0.00 0.00 0.00 0.00 0.00 2.77 3.43 4.53 5.33 5.69 4.38 3.94 3.43 2.77 2.85 3.14 4.31 2.48 2.70 2.56 5.77 6.06 6.06 5.69 2.85 1.97 1.97 5.18 4.67 5.69 4.60 4.60 5.04 5.04 5.69 6.06 6.35 5.77 7.15 8.47 9.56 8.54 7.74 7.74 8.10 7.08 6.35 5.55 6.28 5.26 5.11 5.11 4.89 5.84 0.00 0.58 0.00 1.39 6.20 6.20 5.91 3.65 5.69 2.77 4.67 4.23 6.13 6.72 7.52 8.61 8.91 8.83 9.49 12.34 12.56 16.35 16.35 17.37 20.29 20.88 19.93 19.35 16.35 13.14
0.00 0.00 0.00 0.00 0.00 3.14 2.70 3.65 6.28 6.06 4.45 4.74 4.74 5.26 4.74 4.38 6.06 6.79 4.82 6.42 6.72 6.42 5.26 2.63 3.14 2.92 2.92 4.82 6.28 5.77 5.26 5.55 6.57 7.37 7.30 7.30 7.08 6.86 7.52 7.30 9.64 10.00 8.40 8.18 7.59 6.79 7.15 6.06 5.55 4.82 5.26 5.26 5.04 5.40 3.14 0.00 0.00 0.00 2.77 4.67 3.21 3.07 2.63 2.63 4.16 5.62 6.64 6.35 7.52 9.20 8.91 10.00 10.00 12.34 15.18 15.91 15.91 17.52 18.98 21.24 21.61 19.20 15.77 14.45
0.00 0.00 0.00 0.00 0.00 0.00 2.48 1.53 5.55 7.45 8.47 5.84 5.69 7.59 5.77 7.01 7.15 7.30 7.88 7.74 7.88 8.25 6.94 3.58 2.70 2.85 2.85 3.65 5.33 5.91 6.57 6.35 6.94 8.10 8.40 7.96 7.88 7.96 8.47 9.49 9.42 9.56 8.98 8.40 8.83 8.03 7.01 6.79 6.13 5.55 5.33 5.33 5.55 5.69 6.57 0.00 0.00 3.80 4.45 2.56 0.00 0.00 0.00 0.00 4.23 6.20 6.57 10.07 10.51 9.93 9.56 11.83 12.85 14.24 13.94 14.67 14.67 13.65 15.77 17.89 17.37 17.45 16.06 14.82
0.00 0.00 0.00 0.00 0.00 0.00 1.24 6.57 8.61 8.32 9.05 8.54 7.96 7.30 7.30 7.52 7.81 7.81 7.30 8.54 8.54 7.81 4.45 5.69 2.92 3.07 3.07 4.16 4.74 5.99 5.69 4.45 5.55 5.11 5.91 8.03 9.05 8.54 9.42 9.86 8.76 7.30 6.94 6.50 6.50 5.99 7.45 7.88 7.30 7.81 6.64 6.64 6.28 6.57 7.81 7.45 8.10 4.09 0.00 2.63 0.44 0.00 1.83 1.61 7.01 5.62 8.47 13.07 12.56 14.16 14.82 12.70 13.14 13.29 12.70 12.63 12.63 13.51 15.62 16.43 14.97 15.55 10.22 11.02
0.00 0.00 0.00 0.00 0.00 0.00 0.44 7.74 6.57 8.40 8.47 6.64 6.86 6.79 4.45 7.15 5.91 5.99 5.69 6.42 7.96 7.59 5.62 3.80 4.02 3.36 3.36 4.60 5.26 4.89 5.26 3.50 3.94 2.77 3.94 6.57 8.03 7.45 7.88 7.37 6.13 7.45 5.84 6.13 3.65 5.55 7.23 9.13 9.56 8.83 9.71 9.71 7.30 7.37 7.74 8.25 7.37 5.55 0.00 2.48 1.39 0.51 0.00 5.11 6.94 11.90 11.17 14.31 14.24 13.94 11.24 11.68 11.53 13.94 14.02 14.89 14.89 13.43 14.09 14.60 13.43 16.57 11.97 9.71
0.00 0.00 0.00 0.00 0.00 1.83 6.50 6.72 3.21 6.28 4.96 4.60 6.13 4.23 4.96 5.77 4.31 4.38 4.96 5.48 4.09 6.64 4.23 2.92 2.70 2.56 2.56 3.50 4.67 4.53 3.43 2.63 2.92 2.48 3.36 4.60 5.33 6.28 7.30 7.15 5.62 4.09 3.36 4.38 3.58 3.87 8.54 7.88 10.00 10.22 11.17 11.17 10.44 8.32 6.57 4.89 6.06 5.91 3.58 2.92 3.21 0.00 4.53 6.35 8.54 10.88 13.80 12.63 12.05 12.85 10.29 11.46 12.56 14.09 11.90 11.39 11.39 13.14 13.43 14.75 14.97 17.01 16.37 14.82
0.00 0.00 0.00 0.00 0.00 0.00 0.00 0.00 0.00 3.65 2.41 2.26 3.80 3.87 5.69 8.76 7.88 5.62 5.69 5.04 2.70 0.00 0.00 1.31 2.19 2.92 2.92 3.50 3.29 4.02 3.14 3.72 2.99 2.99 3.58 3.80 4.67 4.89 3.94 4.02 5.11 4.31 4.02 4.38 6.13 7.96 8.47 10.22 7.88 9.49 7.66 7.66 8.61 7.45 6.57 5.55 5.26 7.37 7.59 5.40 7.88 6.06 6.28 6.20 6.72 9.20 9.42 10.88 10.44 12.12 9.20 4.09 9.42 6.06 11.46 6.86 6.86 8.25 8.76 10.15 8.98 14.24 15.84 14.31
0.00 0.00 0.00 0.00 0.00 0.00 0.00 0.00 0.00 0.00 0.00 0.00 6.28 8.10 6.94 10.44 7.08 3.80 4.09 4.53 0.00 0.00 0.00 0.00 0.00 1.46 1.46 1.83 2.26 2.70 2.63 4.31 5.62 5.77 5.69 5.77 5.40 4.53 3.21 3.72 3.72 4.16 4.89 6.28 7.52 8.10 8.03 6.86 6.20 3.50 5.11 5.11 1.97 5.26 5.62 4.16 5.99 9.27 8.47 8.25 10.37 7.45 8.98 7.37 7.30 8.32 9.78 9.86 6.28 5.33 6.64 0.00 3.72 1.02 1.97 1.39 1.39 0.07 1.10 4.16 8.47 10.51 11.90 14.60
0.00 0.00 0.00 0.00 0.00 0.00 0.00 0.00 0.00 0.00 0.00 0.00 6.57 10.80 10.07 4.82 5.99 0.95 2.56 0.00 0.00 0.00 0.00 0.00 0.00 0.00 0.00 0.00 0.00 0.58 0.00 4.31 6.06 6.28 8.54 10.88 9.13 4.67 5.62 3.43 3.94 4.16 4.53 6.13 7.08 7.74 6.64 4.74 2.41 1.75 0.22 0.22 0.88 3.87 1.68 8.61 8.25 9.71 10.15 10.22 10.73 9.78 10.44 9.93 11.75 11.32 11.61 11.24 6.86 6.50 3.65 8.40 0.00 2.99 1.90 3.43 3.43 1.10 1.97 4.02 11.68 11.24 12.12 16.50
0.00 0.00 0.00 0.00 0.00 0.00 0.00 0.00 0.00 0.00 0.00 0.00 6.57 10.80 10.07 4.82 5.99 0.95 2.56 0.00 0.00 0.00 0.00 0.00 0.00 0.00 0.00 0.00 0.00 0.58 0.00 4.31 6.06 6.28 8.54 10.88 9.13 4.67 5.62 3.43 3.94 4.16 4.53 6.13 7.08 7.74 6.64 4.74 2.41 1.75 0.22 0.22 0.88 3.87 1.68 8.61 8.25 9.71 10.15 10.22 10.73 9.78 10.44 9.93 11.75 11.32 11.61 11.24 6.86 6.50 3.65 8.40 0.00 2.99 1.90 3.43 3.43 1.10 1.97 4.02 11.68 11.24 12.12 16.66
0.00 0.00 0.00 0.00 0.00 0.00 0.00 0.00 0.00 0.00 5.18 8.40 7.37 7.74 1.17 1.31 0.00 0.00 0.00 0.00 0.00 0.00 0.00 0.00 0.00 0.00 0.00 0.00 0.00 0.00 0.00 2.04 4.31 7.74 12.12 10.51 12.05 7.74 5.26 7.81 5.18 3.87 3.80 5.04 6.86 7.45 7.01 3.07 3.21 2.19 0.73 0.73 3.50 3.94 5.91 11.90 11.32 10.22 8.47 8.83 9.56 9.34 10.37 11.75 12.41 12.78 11.46 7.66 8.32 8.61 8.54 11.83 5.11 7.23 8.47 6.28 6.28 3.87 4.23 6.50 16.43 14.67 14.38 22.50
0.00 0.00 0.00 0.00 0.00 0.00 0.00 0.00 0.00 0.00 0.00 7.15 0.00 0.00 0.00 0.00 0.00 0.00 0.00 0.00 0.00 0.00 0.00 0.00 0.00 0.00 0.00 0.00 0.00 0.00 0.00 0.00 1.68 5.91 11.97 14.24 14.31 13.29 9.93 10.37 7.30 3.87 4.16 3.72 5.84 3.43 4.67 3.58 4.89 2.92 2.77 2.77 4.82 10.73 12.48 13.29 11.68 10.07 8.40 8.54 8.83 10.37 10.22 12.12 13.72 13.07 13.29 9.64 9.27 10.88 11.46 13.51 15.40 13.36 11.39 12.85 12.85 10.73 23.07 22.19 22.92 20.95 27.74 27.38
0.00 0.00 0.00 0.00 0.00 0.00 0.00 0.00 0.00 0.00 0.00 0.00 0.00 0.00 0.00 0.00 0.00 0.00 0.00 0.00 0.00 0.00 0.00 0.00 0.00 0.00 0.00 0.00 0.00 0.00 0.00 0.00 0.00 2.56 7.01 11.17 12.34 12.63 11.75 9.93 10.29 7.30 3.36 3.80 3.72 3.21 3.87 6.94 6.42 9.05 6.06 6.06 8.54 9.34 10.88 12.78 10.44 10.07 8.25 9.64 7.74 9.34 10.88 11.97 12.19 11.17 13.36 3.87 7.37 0.00 4.60 5.26 9.86 12.70 18.76 25.92 25.92 27.74 27.23 26.57 26.94 28.17 31.11 31.07
0.00 0.00 0.00 0.00 0.00 0.00 0.00 0.00 0.00 0.00 0.00 0.00 0.00 0.00 0.00 0.00 0.00 0.00 0.00 0.00 0.00 0.00 0.00 0.00 0.00 0.00 0.00 0.00 0.00 0.00 0.00 0.00 6.64 8.18 11.24 13.87 13.43 13.36 14.31 12.19 11.68 9.49 6.28 7.88 4.02 3.58 5.99 6.42 6.79 9.05 7.88 7.88 8.61 8.54 9.64 10.37 11.10 9.64 9.49 13.65 8.69 9.78 8.54 4.60 6.50 6.72 0.00 0.00 0.00 0.00 0.00 0.00 3.21 10.07 21.24 26.35 26.35 29.42 29.05 27.38 22.27 24.98 26.49 18.73
0.00 0.00 0.00 0.00 0.00 0.00 0.00 0.00 0.00 0.00 0.00 0.00 0.00 0.00 0.00 0.00 0.00 0.00 0.00 0.00 0.00 0.00 0.00 0.00 0.00 0.00 0.00 0.00 0.00 1.61 4.67 3.94 7.88 9.78 11.68 13.94 14.60 15.04 13.94 11.46 12.78 10.80 9.64 9.05 7.96 9.64 7.45 8.25 9.20 11.90 11.53 11.53 10.22 17.01 17.37 16.64 16.06 21.90 17.81 19.13 13.87 10.88 6.50 5.33 3.50 0.00 0.00 0.00 0.00 0.00 0.00 0.00 8.32 18.32 19.20 22.63 22.63 26.35 27.52 18.40 17.52 18.54 10.59 13.94
0.00 0.00 0.00 0.00 0.00 0.00 0.00 0.00 0.00 0.00 0.00 0.00 0.00 0.00 0.00 0.00 0.00 0.00 0.00 0.00 0.00 0.00 0.00 0.00 0.00 0.00 0.00 0.00 0.00 3.43 6.06 8.91 12.12 11.39 13.72 14.82 14.53 14.02 14.24 11.17 9.56 9.42 9.78 12.48 13.14 11.97 12.99 10.95 11.32 12.19 14.67 14.67 10.44 12.78 18.25 20.73 19.42 20.37 19.27 15.55 11.61 12.78 7.66 10.22 6.35 10.29 0.00 12.34 0.00 8.54 10.15 0.00 0.00 17.59 14.67 14.16 14.16 18.32 11.17 9.64 11.02 12.99 8.03 10.80
0.00 0.00 0.00 0.00 0.00 0.00 0.00 0.00 0.00 0.00 0.00 0.00 0.00 0.00 0.00 0.00 0.00 0.00 0.00 0.00 0.00 0.00 0.00 0.00 0.00 0.00 0.00 0.00 3.80 3.29 4.96 6.86 10.22 14.97 15.26 14.75 12.19 13.58 11.97 11.39 9.42 9.71 10.44 13.29 13.94 13.29 14.24 9.78 12.92 11.68 9.71 9.71 7.88 10.00 14.16 19.27 16.57 16.79 15.40 17.45 17.59 17.08 16.06 16.64 17.52 18.40 10.15 17.96 25.77 17.67 16.50 7.52 11.75 8.32 9.42 1.53 1.53 1.61 3.50 6.72 1.68 6.13 7.96 8.64
0.00 0.00 0.00 0.00 0.00 0.00 0.00 0.00 0.00 0.00 0.00 0.00 0.00 0.00 0.00 0.00 0.00 0.00 0.00 0.00 0.00 0.00 0.00 0.00 0.00 0.00 0.00 0.00 1.61 3.87 3.14 4.45 4.45 2.56 9.78 15.33 11.32 10.07 6.06 9.78 10.44 11.10 13.14 14.45 9.86 12.34 6.86 8.61 11.97 9.42 8.25 8.25 9.78 10.59 14.67 15.84 16.06 14.67 16.57 16.06 17.59 14.45 17.59 17.30 20.88 25.99 26.57 25.40 29.20 20.59 17.67 8.98 7.37 5.62 3.50 0.00 0.00 0.00 0.88 0.00 0.00 0.80 3.65 2.64
0.00 0.00 0.00 0.00 0.00 0.00 0.00 0.00 0.00 0.00 0.00 0.00 0.00 0.00 0.00 0.00 0.00 0.00 0.00 0.00 0.00 0.00 0.00 0.00 0.00 0.00 0.00 0.00 0.00 0.00 0.00 0.00 0.00 6.35 9.34 9.05 8.03 0.22 1.53 7.88 10.22 10.00 10.95 12.41 8.91 2.12 5.11 1.31 3.72 8.03 10.59 10.59 11.68 10.37 14.67 16.79 17.52 13.72 12.78 13.43 14.24 14.75 14.82 16.43 20.37 28.91 31.54 28.47 29.35 22.56 12.63 5.26 3.80 2.34 0.00 0.00 0.00 0.00 0.00 0.00 0.00 0.00 0.00 0.00
0.00 0.00 0.00 0.00 0.00 0.00 0.00 0.00 0.00 0.00 0.00 0.00 0.00 0.00 0.00 0.00 0.00 0.00 0.00 0.00 0.00 0.00 0.00 0.00 0.00 0.00 0.00 0.00 0.00 0.00 0.00 0.00 0.00 0.00 2.56 0.00 0.00 0.00 4.23 4.02 7.66 9.13 3.80 3.43 0.00 0.00 0.07 0.00 1.75 4.09 6.06 6.06 8.54 9.27 12.85 15.99 17.08 16.28 13.80 20.44 18.83 19.64 17.16 16.35 20.22 28.84 21.32 21.61 8.40 7.08 9.13 1.53 2.41 0.00 0.00 0.00 0.00 0.00 0.00 0.00 0.00 0.00 0.00 0.00
0.00 0.00 0.00 0.00 0.00 0.00 0.00 0.00 0.00 0.00 0.00 0.00 0.00 0.00 0.00 0.00 0.00 0.00 0.00 0.00 0.00 0.00 0.00 0.00 0.00 7.30 7.30 0.00 0.00 0.00 0.00 0.00 0.00 0.00 0.00 0.00 0.00 0.00 0.37 1.17 1.46 3.50 0.00 1.17 0.00 0.00 0.00 0.00 0.00 0.00 2.99 2.99 3.21 8.10 11.46 14.75 18.76 19.86 26.35 26.28 21.61 17.16 18.40 17.96 23.73 24.67 12.56 11.10 1.61 3.07 3.87 4.31 0.00 0.00 0.00 0.00 0.00 0.00 0.00 0.00 0.00 0.00 0.00 0.00
0.00 0.00 0.00 0.00 0.00 0.00 0.00 0.00 0.00 0.00 0.00 0.00 0.00 0.00 0.00 0.00 0.00 0.00 0.00 0.00 0.00 0.00 0.00 4.67 8.69 8.91 8.91 6.20 0.00 0.00 0.00 0.00 0.00 0.00 0.00 0.00 0.00 0.00 0.51 0.66 0.00 0.00 0.00 0.00 0.00 0.00 0.00 0.00 0.00 0.00 7.30 7.30 6.86 9.05 10.80 21.39 20.73 23.29 27.23 27.74 24.89 14.09 14.97 9.71 12.99 4.16 3.87 4.31 0.00 0.51 1.39 0.00 0.00 0.00 0.00 0.00 0.00 0.00 0.00 0.00 0.00 0.00 0.00 0.00
0.00 0.00 0.00 0.00 0.00 0.00 0.00 0.00 0.00 0.00 0.00 0.00 0.00 0.00 0.00 0.00 0.00 0.00 0.00 0.00 0.00 0.00 0.00 0.15 0.00 0.00 0.00 4.60 5.69 5.55 0.00 3.29 0.07 0.00 0.00 0.00 0.00 0.00 0.00 1.53 0.00 0.00 0.00 0.00 2.34 3.29 0.00 0.00 0.95 9.71 12.05 12.05 13.51 18.98 19.35 22.92 22.12 22.92 22.41 26.13 8.18 9.93 2.19 3.72 4.45 0.00 0.00 0.00 0.00 0.00 0.00 0.00 0.00 0.00 0.00 0.00 0.00 0.00 0.00 0.00 0.00 0.00 0.00 0.00
0.00 0.00 0.00 0.00 0.00 0.00 0.00 0.00 0.00 0.00 0.00 0.00 0.00 0.00 0.00 0.00 0.00 0.00 0.00 0.00 0.00 0.00 0.00 0.00 0.00 0.37 0.37 1.97 7.23 6.06 7.52 4.89 2.04 1.90 1.61 5.18 5.26 2.85 5.62 2.85 2.99 3.50 0.07 4.45 2.99 5.77 2.34 7.52 16.21 15.70 16.21 16.21 16.28 20.22 20.66 20.73 12.41 14.60 15.70 4.31 3.29 4.89 0.00 1.02 0.00 0.00 0.00 0.00 0.00 0.00 0.00 0.00 0.00 0.00 0.00 0.00 0.00 0.00 0.00 0.00 0.00 0.00 0.00 0.00
0.00 0.00 0.00 0.00 0.00 0.00 0.00 0.00 0.00 0.00 0.00 0.00 0.00 0.00 0.00 0.00 0.00 0.00 0.00 0.00 0.00 0.00 0.00 0.00 0.00 0.00 0.00 0.00 0.00 0.95 7.30 7.59 6.20 7.88 7.08 7.30 5.62 7.59 7.81 6.50 8.69 6.57 7.59 6.42 7.96 12.41 8.98 16.79 16.43 14.97 17.01 17.01 18.10 21.61 19.42 15.48 8.69 6.50 3.87 1.68 0.66 0.00 0.00 0.00 0.00 0.00 0.00 0.00 0.00 0.00 0.00 0.00 0.00 0.00 0.00 0.00 0.00 0.00 0.00 0.00 0.00 0.00 0.00 0.00
0.00 0.00 0.00 0.00 0.00 0.00 0.00 0.00 0.00 0.00 0.00 0.00 0.00 0.00 0.00 0.00 0.00 0.00 0.00 0.00 0.00 0.00 0.00 0.00 0.00 0.00 0.00 0.00 0.73 4.38 3.07 7.74 7.45 7.74 7.37 7.15 8.54 8.61 8.61 10.73 10.07 10.44 8.10 10.66 9.34 10.73 16.35 18.18 17.16 15.55 16.43 16.43 20.44 18.61 18.98 7.01 8.47 5.40 4.31 2.56 3.07 0.00 0.00 0.00 0.00 0.00 0.00 0.00 0.00 0.00 0.00 0.00 0.00 0.00 0.00 0.00 0.00 0.00 0.00 0.00 0.00 0.00 0.00 0.00
0.00 0.00 0.00 0.00 0.00 0.00 0.00 0.00 0.00 0.00 0.00 0.00 0.00 0.00 0.00 0.00 0.00 0.00 0.00 0.00 0.00 0.00 0.00 0.00 0.00 0.00 0.00 0.00 2.70 4.67 7.45 7.59 8.03 9.13 8.32 8.61 9.78 10.29 11.83 11.61 10.80 11.53 11.10 12.34 14.82 16.28 18.32 17.23 16.57 17.81 16.86 16.86 13.36 14.31 5.69 6.20 5.91 4.38 4.74 3.94 4.09 1.53 0.22 0.00 0.00 0.00 0.00 0.00 0.00 0.00 0.00 0.00 0.00 0.00 0.00 0.00 0.00 0.00 0.00 0.00 0.00 0.00 0.00 0.00
0.00 0.00 0.00 0.00 0.00 0.00 0.00 0.00 0.00 0.00 0.00 0.00 0.00 0.00 0.00 0.00 0.00 0.00 0.00 0.00 0.00 0.00 0.00 0.00 0.00 0.00 0.00 0.00 0.73 6.06 9.13 9.13 8.54 9.27 8.54 7.81 9.49 10.00 10.88 12.19 13.36 13.58 15.48 16.50 15.04 16.28 15.70 14.24 14.53 16.28 14.60 14.60 11.68 8.25 6.42 4.60 4.60 4.53 5.40 4.09 1.46 1.61 1.17 0.00 0.29 0.00 0.00 0.00 0.00 0.00 0.00 0.00 0.00 0.00 0.00 0.00 0.00 0.00 0.00 0.00 0.00 0.00 0.00 0.00
0.00 0.00 0.00 0.00 0.00 0.00 0.00 0.00 0.00 0.00 0.00 0.00 0.00 0.00 0.00 0.00 0.00 0.00 0.00 0.00 0.00 0.00 0.00 0.00 0.00 0.00 0.00 0.88 6.42 8.25 8.10 9.56 6.28 4.60 4.53 6.42 6.06 7.52 11.32 10.00 11.97 11.39 15.18 17.23 17.96 16.64 14.82 15.33 14.09 14.67 14.31 14.31 11.39 9.93 8.54 5.84 5.77 4.53 4.96 1.83 2.70 2.34 0.00 0.73 1.39 0.58 0.00 0.00 0.00 0.00 0.00 0.00 0.00 0.00 0.00 0.00 0.00 0.00 0.00 0.00 0.00 0.00 0.00 0.00
0.00 0.00 0.00 0.00 0.00 0.00 0.00 0.00 0.00 0.00 0.00 0.00 0.00 0.00 0.00 0.00 0.00 0.00 0.00 0.00 0.00 0.00 0.00 0.00 0.00 0.00 0.00 0.00 3.87 6.86 6.64 4.45 0.00 0.73 2.70 5.11 2.99 6.20 7.45 6.86 9.56 15.11 15.91 16.28 17.30 13.36 14.38 13.51 12.34 11.90 12.78 12.78 12.78 10.95 11.02 8.40 6.42 4.74 2.63 2.63 4.45 2.19 2.34 1.17 0.80 0.66 0.80 0.00 0.00 0.00 0.00 0.00 0.00 0.00 0.00 0.00 0.00 0.00 0.00 0.00 0.00 0.00 0.00 0.00
0.00 0.00 0.00 0.00 0.00 0.00 0.00 0.00 0.00 0.00 0.00 0.00 0.00 0.00 0.00 0.00 0.00 0.00 0.00 0.00 0.00 0.00 0.00 0.00 0.00 0.00 0.00 1.61 2.12 2.85 3.14 1.68 0.00 0.00 0.07 0.00 0.51 2.26 5.11 4.09 7.96 8.91 13.58 15.48 12.63 11.39 12.63 11.61 11.75 11.10 11.90 11.90 11.39 9.86 7.66 4.82 5.40 3.21 2.70 2.77 4.60 4.02 2.77 0.44 0.73 1.31 0.95 0.00 0.00 0.00 0.00 0.00 0.00 0.00 0.00 0.00 0.00 0.00 0.00 0.00 0.00 0.00 0.00 0.00
0.00 0.00 0.00 0.00 0.00 0.00 0.00 0.00 0.00 0.00 0.00 0.00 0.00 0.00 0.00 0.00 0.00 0.00 0.00 0.00 0.00 0.00 0.00 0.00 0.00 0.00 0.00 0.51 0.00 0.15 0.00 0.00 0.00 0.00 0.00 0.00 0.00 0.00 1.46 1.53 5.33 14.60 18.03 17.52 12.92 12.48 12.12 12.99 14.16 13.72 13.14 13.14 9.78 9.27 10.51 6.35 3.36 4.31 3.21 6.28 4.67 4.74 2.63 0.58 0.29 1.17 1.31 0.00 0.00 0.00 0.00 0.00 0.00 0.00 0.00 0.00 0.00 0.00 0.00 0.00 0.00 0.00 0.00 0.00
0.00 0.00 0.00 0.00 0.00 0.00 0.00 0.00 0.00 0.00 0.00 0.00 0.00 0.00 0.00 0.00 0.00 0.00 0.00 0.00 0.00 0.00 0.00 0.00 0.00 0.00 0.00 0.00 0.00 0.00 0.00 0.00 0.00 0.00 0.00 0.00 0.00 0.00 0.00 3.72 4.23 6.72 13.72 19.13 16.94 14.45 14.16 16.06 16.06 16.13 12.92 12.92 9.56 9.64 17.01 11.39 14.31 7.81 7.01 9.93 5.33 2.85 0.22 1.39 2.19 0.66 0.88 1.53 0.73 0.00 0.00 0.00 0.00 0.00 0.00 0.00 0.00 0.00 0.00 0.00 0.00 0.00 0.00 0.00
0.00 0.00 0.00 0.00 0.00 0.00 0.00 0.00 0.00 0.00 0.00 0.00 0.00 0.00 0.00 0.00 0.00 0.00 0.00 0.00 0.00 0.00 0.00 0.00 0.00 0.00 0.00 0.00 0.00 0.00 0.00 0.00 0.00 0.00 0.00 0.00 0.00 0.00 0.00 0.00 2.48 18.25 15.91 19.78 17.52 16.21 16.79 18.40 17.45 18.32 17.01 17.01 12.92 22.48 22.92 17.59 20.73 13.65 21.17 16.50 11.83 7.37 7.23 3.29 1.17 1.46 1.17 1.17 0.88 0.00 0.00 0.00 0.00 0.00 0.00 0.00 0.00 0.00 0.00 0.00 0.00 0.00 0.00 0.00
0.00 0.00 0.00 0.00 0.00 0.00 0.00 0.00 0.00 0.00 0.00 0.00 0.00 0.00 0.00 0.00 0.00 0.00 0.00 0.00 0.00 0.00 0.00 0.00 0.00 0.00 0.00 0.00 0.00 0.00 0.00 0.00 0.00 0.00 0.00 0.00 0.00 0.00 0.07 2.19 2.41 3.07 14.53 16.35 15.84 16.79 19.78 18.47 18.76 18.32 19.20 19.20 24.82 25.55 25.19 25.33 25.99 21.46 23.73 22.56 20.00 11.68 10.88 3.65 1.75 1.24 0.37 0.95 0.58 1.24 1.02 0.15 0.00 0.80 0.00 0.00 0.00 0.00 0.00 0.00 0.00 0.00 0.00 0.00
0.00 0.00 0.00 0.00 0.00 0.00 0.00 0.00 0.00 0.00 0.00 0.00 0.00 0.00 0.00 0.00 0.00 0.00 0.00 0.00 0.00 0.00 0.00 0.00 0.00 0.00 0.00 0.00 0.00 0.00 0.00 0.00 0.00 0.00 0.00 0.00 0.00 0.00 0.00 0.00 2.34 4.67 9.05 11.90 13.65 15.48 17.16 18.32 16.43 18.54 17.52 17.52 21.75 22.85 22.78 25.19 24.82 22.48 21.75 22.48 14.97 14.89 14.16 6.64 3.07 0.37 0.37 1.46 0.58 1.39 0.95 1.10 1.02 1.83 0.80 1.53 1.53 1.46 1.02 0.00 0.00 0.00 0.00 0.00
0.00 0.00 0.00 0.00 0.00 0.00 0.00 0.00 0.00 0.00 0.00 0.00 0.00 0.00 0.00 0.00 0.00 0.00 0.00 0.00 0.00 0.00 0.00 0.00 0.00 0.00 0.00 0.00 0.00 0.00 0.00 0.00 0.00 0.00 0.00 0.00 0.00 0.00 0.58 4.60 6.57 6.35 11.02 13.07 12.70 13.58 14.09 12.78 13.80 16.06 14.75 14.75 17.30 21.17 17.67 20.44 20.44 15.48 17.23 12.85 15.55 14.67 14.53 10.66 4.89 2.04 2.85 1.97 6.35 3.72 4.23 2.41 1.10 3.14 1.83 0.66 0.66 0.37 0.58 0.00 1.68 1.10 1.75 0.00
