Wansh/Snow_depth/snowdepth-1996/winter/1997017.txt
ncols 321
nrows 161
xllcenter 60
yllcenter 15 
cellsize  0.25 
NODATA_value -1
[rows 0 to 36 of 161, columns 84 to 167 of 321]
16.94 16.72 15.84 14.60 14.09 13.14 8.76 9.86 7.96 9.20 8.91 10.07 10.95 10.44 12.99 13.36 12.99 13.29 13.29 13.58 10.07 10.80 4.23 6.35 1.46 1.24 0.58 0.07 0.80 2.56 1.75 1.75 2.41 11.46 12.70 12.19 13.36 15.70 12.26 3.58 3.58 3.58 11.61 11.61 2.56 0.00 3.14 3.14 4.38 3.87 5.77 5.55 7.37 7.37 7.37 7.96 7.52 8.83 7.01 2.70 1.97 2.12 2.26 1.75 2.48 2.04 1.97 4.45 4.45 6.86 10.73 9.78 13.43 12.78 13.43 10.73 14.97 14.09 16.79 14.38 15.18 11.68 11.17 11.10
16.50 16.06 16.43 14.60 13.07 13.36 11.24 9.05 9.05 9.56 11.46 9.13 9.86 7.88 8.61 7.81 12.99 14.89 14.89 13.72 13.51 13.51 9.13 8.83 3.72 3.58 0.73 0.66 1.24 1.17 3.36 6.94 5.77 10.15 11.61 11.90 13.14 12.70 12.05 12.85 7.96 12.26 11.17 11.17 6.06 4.74 5.11 3.14 4.74 3.87 4.53 4.96 3.87 6.94 7.66 3.14 3.58 3.50 3.50 2.92 2.34 5.11 4.09 4.38 3.14 6.94 5.99 5.99 5.99 6.42 10.80 13.36 12.78 15.33 16.72 16.79 16.28 16.94 17.16 14.31 14.24 14.02 12.26 12.19
14.53 13.36 13.36 12.34 11.32 11.46 13.58 14.97 14.97 11.97 12.56 10.88 7.15 6.20 5.62 4.60 5.84 11.83 11.83 10.73 12.92 11.10 10.00 10.95 4.60 4.45 2.34 1.75 0.15 1.97 0.88 0.95 1.10 8.91 8.25 11.97 13.65 15.33 14.97 12.34 13.29 11.97 11.90 11.90 12.92 13.72 8.83 5.55 6.79 3.50 2.99 2.48 0.95 2.41 1.24 3.07 4.16 4.02 5.62 6.57 6.28 5.99 10.37 9.34 9.42 9.42 8.98 11.46 11.46 11.46 11.17 11.97 14.60 13.80 17.52 18.25 17.59 17.52 17.52 17.59 15.77 17.16 17.08 14.45
14.53 13.36 13.36 12.34 11.32 11.46 13.58 14.97 14.97 11.97 12.56 10.88 7.15 6.20 5.62 4.60 5.84 11.83 11.83 10.73 12.92 11.10 10.00 10.95 4.60 4.45 2.34 1.75 0.15 1.97 0.88 0.95 1.10 8.91 8.25 11.97 13.65 15.33 14.97 12.34 13.29 11.97 11.90 11.90 12.92 13.72 8.83 5.55 6.79 3.50 2.99 2.48 0.95 2.41 1.24 3.07 4.16 4.02 5.62 6.57 6.28 5.99 10.37 9.34 9.42 9.42 8.98 11.46 11.46 11.46 11.17 11.97 14.60 13.80 17.52 18.25 17.59 17.52 17.52 17.59 15.77 17.16 17.08 14.45
12.92 11.83 10.29 10.88 10.73 8.98 12.34 9.05 9.78 10.00 10.80 9.34 7.59 8.25 6.57 5.18 3.72 1.53 1.53 2.99 8.54 5.91 8.83 9.13 7.30 6.20 1.53 1.02 0.37 0.66 0.66 2.48 3.14 8.18 7.74 12.70 12.12 15.48 15.48 15.48 13.87 14.97 14.53 14.53 15.04 13.58 12.34 11.24 5.99 7.96 3.14 1.61 1.24 1.53 0.80 2.41 3.21 2.92 4.60 8.25 8.83 10.37 10.15 11.75 15.99 15.11 15.77 15.26 15.26 13.29 11.90 12.26 12.99 14.24 13.65 16.64 15.26 15.55 18.18 16.64 16.21 17.16 16.06 16.21
11.83 10.22 10.00 11.10 8.32 9.34 5.84 6.50 6.50 7.59 7.23 8.25 7.88 8.18 7.81 8.03 6.35 7.30 7.30 0.15 3.21 1.75 2.77 4.96 4.53 6.06 5.48 0.00 0.73 1.61 1.61 2.63 2.34 5.04 5.48 5.40 5.91 12.34 10.88 15.18 12.99 12.41 9.93 9.93 12.41 12.70 12.99 11.75 8.18 4.23 1.39 2.04 0.88 1.31 1.24 1.31 3.36 4.23 6.20 5.55 8.18 10.22 13.21 15.55 14.89 17.52 15.99 15.84 15.84 12.99 12.63 12.05 11.90 11.53 10.51 10.88 11.68 9.20 9.42 12.78 13.65 12.78 16.06 16.43
9.42 8.83 7.30 8.61 8.10 8.69 7.59 7.52 6.79 7.01 7.15 7.66 7.23 7.96 8.03 7.74 8.61 8.25 8.25 5.11 6.35 4.09 3.94 1.75 2.70 5.48 1.61 0.58 1.02 0.29 1.24 2.63 3.50 5.55 4.67 8.40 10.88 10.37 9.56 14.31 11.17 8.83 9.34 9.34 9.86 10.95 6.86 5.55 6.42 3.14 1.75 0.29 0.00 1.97 2.92 2.56 3.65 5.40 7.37 8.76 8.47 10.22 13.65 13.43 15.62 15.11 14.16 13.43 13.43 13.65 13.14 12.56 13.51 13.87 11.24 10.88 11.02 9.20 9.78 9.34 12.12 12.26 12.48 15.40
9.42 8.83 7.30 8.61 8.10 8.69 7.59 7.52 6.79 7.01 7.15 7.66 7.23 7.96 8.03 7.74 8.61 8.25 8.25 5.11 6.35 4.09 3.94 1.75 2.70 5.48 1.61 0.58 1.02 0.29 1.24 2.63 3.50 5.55 4.67 8.40 10.88 10.37 9.56 14.31 11.17 8.83 9.34 9.34 9.86 10.95 6.86 5.55 6.42 3.14 1.75 0.29 0.00 1.97 2.92 2.56 3.65 5.40 7.37 8.76 8.47 10.22 13.65 13.43 15.62 15.11 14.16 13.43 13.43 13.65 13.14 12.56 13.51 13.87 11.24 10.88 11.02 9.20 9.78 9.34 12.12 12.26 12.48 15.40
5.11 5.84 5.40 7.08 8.61 8.61 8.25 8.54 8.61 7.45 8.25 6.50 3.80 5.48 4.53 6.64 7.15 7.59 7.59 7.30 7.59 6.57 6.50 3.50 5.91 1.10 0.80 0.00 0.29 1.46 1.46 1.97 3.65 6.28 5.18 9.20 11.10 9.34 10.07 7.45 7.59 6.42 7.81 7.81 4.38 3.29 4.23 3.58 1.46 1.68 1.68 1.97 2.92 2.12 4.02 4.82 5.48 5.33 6.50 8.32 8.10 9.42 9.34 11.83 13.21 12.34 12.05 13.14 13.14 10.59 12.78 12.12 14.31 13.14 12.85 11.75 12.34 12.05 10.44 11.61 11.39 10.80 10.80 10.22
6.35 6.13 6.20 6.72 6.42 7.23 9.13 9.27 8.69 7.37 6.64 3.58 4.09 2.63 6.64 7.66 7.81 8.25 8.25 7.74 7.08 8.18 7.08 4.38 1.90 2.12 0.00 1.17 2.41 1.97 2.41 2.19 2.63 5.26 8.25 9.34 9.93 10.07 4.53 3.87 2.41 2.41 2.48 2.48 2.26 2.19 2.77 2.63 4.16 3.80 3.21 2.56 1.83 7.15 8.03 6.42 6.28 6.72 8.25 8.18 7.96 8.40 8.25 8.47 8.47 10.00 10.07 10.80 10.80 10.59 11.68 12.63 12.63 11.46 11.83 11.97 12.26 16.21 15.48 13.51 10.66 11.24 8.61 9.20
7.88 6.72 6.86 6.42 7.37 6.64 6.13 6.42 7.52 7.15 4.74 5.99 4.31 5.62 7.30 9.71 10.22 10.44 10.44 9.27 10.66 9.34 6.86 2.70 2.19 2.26 0.66 2.12 2.04 2.34 2.26 2.19 2.34 3.80 5.26 5.55 6.06 5.48 6.28 5.18 2.99 3.72 6.64 6.64 4.89 4.23 4.38 2.99 7.30 7.74 6.72 10.59 9.20 10.07 7.96 7.88 10.07 10.29 9.93 10.22 9.71 11.02 8.18 7.81 9.34 9.20 10.51 12.48 12.48 13.29 13.29 12.63 13.14 13.43 12.99 14.97 14.45 16.79 15.84 11.10 11.61 9.86 10.51 8.32
7.88 6.72 6.86 6.42 7.37 6.64 6.13 6.42 7.52 7.15 4.74 5.99 4.31 5.62 7.30 9.71 10.22 10.44 10.44 9.27 10.66 9.34 6.86 2.70 2.19 2.26 0.66 2.12 2.04 2.34 2.26 2.19 2.34 3.80 5.26 5.55 6.06 5.48 6.28 5.18 2.99 3.72 6.64 6.64 4.89 4.23 4.38 2.99 7.30 7.74 6.72 10.59 9.20 10.07 7.96 7.88 10.07 10.29 9.93 10.22 9.71 11.02 8.18 7.81 9.34 9.20 10.51 12.48 12.48 13.29 13.29 12.63 13.14 13.43 12.99 14.97 14.45 16.79 15.84 11.10 11.61 9.86 10.51 8.32
6.57 5.55 7.15 6.86 6.72 6.79 5.99 3.72 4.74 5.48 5.33 5.26 7.88 10.51 8.98 10.07 12.63 15.33 15.33 14.75 12.41 8.69 4.53 3.14 2.85 1.61 0.00 2.34 2.12 2.56 2.41 3.43 6.50 4.96 5.40 5.11 7.37 5.69 6.50 9.13 7.01 7.45 7.15 7.15 5.55 5.91 7.88 8.61 8.32 8.54 8.98 13.87 12.48 10.51 10.66 10.66 11.46 11.39 12.63 12.26 11.10 11.53 9.56 10.00 9.34 9.71 9.49 11.90 11.90 12.70 13.58 13.72 14.09 14.02 13.94 14.75 15.11 15.62 16.06 13.14 12.12 11.75 11.83 10.66
4.09 6.64 5.33 4.74 5.11 3.58 0.00 0.00 4.96 6.13 7.52 8.54 7.74 14.38 14.09 13.72 13.51 16.72 16.72 10.07 8.91 7.23 6.06 6.20 4.96 2.34 2.70 1.75 2.12 2.12 7.74 7.37 7.59 8.40 11.02 10.66 11.10 9.71 8.40 8.83 8.25 5.62 6.06 6.06 7.01 6.72 7.74 9.34 10.37 12.26 11.61 12.63 11.68 11.02 11.53 14.09 12.48 11.61 12.41 10.88 10.15 10.44 10.95 10.59 10.22 10.95 11.83 11.39 11.39 12.48 14.60 15.04 14.75 13.72 10.66 11.46 13.29 6.86 11.32 11.68 10.00 10.88 10.95 10.44
6.28 5.48 5.91 5.11 4.45 4.45 3.43 4.45 6.94 8.91 8.47 8.47 8.32 11.17 12.12 14.38 14.60 13.36 13.36 13.58 12.92 8.61 7.08 5.62 5.91 3.72 3.72 7.01 8.18 9.05 9.64 10.37 10.51 13.43 10.88 10.66 5.55 10.15 9.93 7.37 4.67 4.45 6.06 6.06 7.30 8.47 8.91 8.98 9.27 9.27 8.91 10.37 11.90 12.41 13.80 15.77 13.58 11.97 10.07 9.34 9.20 9.93 7.59 9.27 9.13 10.29 9.93 11.97 11.97 11.75 12.48 12.78 9.27 13.65 8.47 5.11 2.26 4.16 0.00 6.57 5.26 10.66 10.37 10.15
5.99 6.28 6.13 5.77 5.77 4.67 4.67 3.80 4.67 5.69 8.32 8.83 6.94 10.00 8.98 13.65 13.94 14.67 14.67 12.63 13.29 10.15 9.93 8.83 7.81 8.69 7.45 8.40 8.61 11.39 11.75 12.56 11.32 11.83 10.73 7.01 4.09 2.99 4.23 3.87 4.53 4.89 8.40 8.40 8.91 8.03 8.25 9.34 9.93 10.29 11.10 11.53 12.19 13.87 13.29 14.24 13.14 10.66 8.83 7.01 6.79 6.64 7.01 7.52 7.74 7.81 9.27 11.83 11.83 11.97 11.97 11.97 7.96 6.13 6.06 4.74 0.00 0.00 0.00 4.23 10.73 10.15 9.20 13.72
5.99 6.28 6.13 5.77 5.77 4.67 4.67 3.80 4.67 5.69 8.32 8.83 6.94 10.00 8.98 13.65 13.94 14.67 14.67 12.63 13.29 10.15 9.93 8.83 7.81 8.69 7.45 8.40 8.61 11.39 11.75 12.56 11.32 11.83 10.73 7.01 4.09 2.99 4.23 3.87 4.53 4.89 8.40 8.40 8.91 8.03 8.25 9.34 9.93 10.29 11.10 11.53 12.19 13.87 13.29 14.24 13.14 10.66 8.83 7.01 6.79 6.64 7.01 7.52 7.74 7.81 9.27 11.83 11.83 11.97 11.97 11.97 7.96 6.13 6.06 4.74 0.00 0.00 0.00 4.23 10.73 10.15 9.20 13.72
5.84 6.50 6.57 5.69 5.26 4.45 2.63 2.56 3.43 2.34 4.53 6.57 6.35 8.18 9.05 13.14 13.87 13.14 13.14 11.39 9.56 9.34 9.64 9.05 9.49 10.00 9.49 10.66 10.59 10.51 10.95 12.05 13.72 10.88 5.04 7.08 4.02 3.58 4.89 8.25 9.86 9.78 9.86 9.86 9.71 8.10 9.71 9.86 12.34 9.93 10.80 12.26 13.07 15.33 14.02 11.02 12.19 9.71 8.25 8.40 8.10 11.10 8.25 8.98 9.20 11.97 12.12 12.05 12.05 12.26 11.61 12.12 8.83 6.94 5.55 5.99 0.80 0.00 4.16 1.97 6.20 7.96 7.45 8.32
4.02 3.80 4.89 5.69 5.33 5.99 4.09 3.29 1.90 2.92 4.67 5.55 5.99 9.27 9.56 10.80 11.61 10.00 10.00 10.51 9.56 8.69 8.54 8.69 9.93 12.63 12.70 12.85 12.26 12.99 15.48 15.84 15.99 13.36 11.17 8.32 4.45 3.14 4.89 6.86 7.96 9.78 8.10 8.10 9.56 9.56 9.78 11.24 12.48 12.78 11.68 15.18 16.94 16.94 14.67 12.63 13.80 10.66 11.61 9.42 12.63 12.92 11.75 11.97 12.48 11.53 12.78 16.28 16.28 15.77 13.65 10.80 7.08 7.37 5.40 1.75 2.92 0.00 3.14 4.74 4.60 4.09 5.91 5.91
3.43 3.65 3.87 4.09 4.96 6.64 5.48 6.79 4.16 3.14 4.89 5.26 5.26 6.64 7.15 8.18 8.83 9.64 9.64 9.42 10.66 9.27 9.42 9.64 10.88 11.10 13.87 14.16 11.68 12.26 12.63 14.82 13.07 11.68 12.48 7.23 4.16 7.30 3.21 3.80 5.26 4.38 7.30 7.30 11.24 10.00 11.02 11.24 12.26 15.40 15.62 17.08 16.64 17.37 18.69 19.05 16.28 15.33 18.76 16.43 17.23 14.67 15.99 13.14 12.34 12.34 15.40 17.74 17.74 12.12 13.72 10.59 3.58 4.16 4.67 1.39 0.15 2.04 1.61 3.43 3.36 3.36 3.21 6.06
5.55 5.48 5.18 5.84 6.79 7.96 9.64 8.40 8.40 6.50 4.96 7.01 5.62 7.37 5.55 4.96 7.59 6.50 6.50 7.59 8.40 8.10 9.34 8.54 11.10 12.56 12.19 12.41 11.10 8.83 8.98 9.27 10.51 10.80 11.53 7.52 3.14 0.00 0.00 0.00 4.31 3.29 7.08 7.08 6.72 7.30 11.75 13.94 14.02 15.77 17.01 17.08 20.15 22.12 22.56 23.00 22.78 23.36 20.08 18.32 15.84 15.84 15.99 14.16 17.16 17.74 17.16 15.18 15.18 9.56 3.65 2.26 2.41 0.00 1.39 1.31 0.73 1.17 1.46 1.31 2.63 2.70 2.48 2.34
6.50 6.57 7.74 8.98 9.13 8.54 9.20 11.39 9.64 10.51 7.66 9.93 7.74 10.37 8.18 5.91 9.20 7.37 7.37 6.28 9.93 8.69 9.20 10.66 13.21 16.35 15.40 13.14 13.65 10.80 11.61 8.98 10.15 7.30 4.67 5.48 0.00 0.00 0.00 0.00 3.43 3.29 5.18 5.18 4.45 6.86 4.60 5.48 13.29 15.11 8.40 12.26 17.16 20.66 17.37 21.61 20.88 21.02 20.51 13.36 14.75 15.40 14.75 14.60 16.86 14.97 13.07 13.72 13.72 10.22 4.82 6.20 0.00 0.00 2.41 0.00 0.00 0.80 1.75 0.88 0.51 1.97 1.68 1.75
6.50 6.57 7.74 8.98 9.13 8.54 9.20 11.39 9.64 10.51 7.66 9.93 7.74 10.37 8.18 5.91 9.20 7.37 7.37 6.28 9.93 8.69 9.20 10.66 13.21 16.35 15.40 13.14 13.65 10.80 11.61 8.98 10.15 7.30 4.67 5.48 0.00 0.00 0.00 0.00 3.43 3.29 5.18 5.18 4.45 6.86 4.60 5.48 13.29 15.11 8.40 12.26 17.16 20.66 17.37 21.61 20.88 21.02 20.51 13.36 14.75 15.40 14.75 14.60 16.86 14.97 13.07 13.72 13.72 10.22 4.82 6.20 0.00 0.00 2.41 0.00 0.00 0.80 1.75 0.88 0.51 1.97 1.68 1.75
6.64 7.59 7.52 8.10 9.49 10.37 11.90 12.19 10.59 9.93 9.05 12.41 12.70 13.58 13.14 12.19 12.56 10.29 10.29 12.70 12.85 11.61 12.34 11.97 17.59 18.91 19.71 15.11 15.04 10.37 8.25 6.06 6.28 5.84 4.89 4.02 0.00 0.00 0.00 0.00 2.26 2.48 0.00 0.00 0.00 0.00 0.00 4.31 1.97 3.87 3.14 7.45 10.00 8.40 11.75 14.97 8.47 9.20 9.27 9.27 11.46 10.37 13.36 14.02 14.02 14.60 11.90 8.83 8.83 7.88 7.45 10.44 0.00 0.00 0.00 1.53 1.39 1.31 0.73 0.58 1.39 1.39 0.95 1.83
6.35 6.79 8.10 7.96 9.42 7.81 11.17 10.73 11.02 10.66 10.15 9.13 10.51 11.68 13.43 13.51 11.17 11.61 11.61 12.19 12.85 13.51 12.34 13.86 14.23 13.15 12.54 13.29 12.56 10.22 9.49 6.35 4.45 0.00 4.02 0.00 0.00 1.83 0.00 2.26 1.90 2.70 0.00 0.00 0.00 0.00 0.00 0.00 0.00 0.00 0.00 3.65 5.69 8.69 9.05 6.86 7.15 6.57 8.03 7.88 8.83 8.98 11.02 11.61 13.43 11.61 11.17 10.73 10.73 13.72 12.63 13.21 8.25 4.67 2.41 2.92 1.02 1.39 1.46 1.83 1.61 1.17 1.10 0.29
8.40 8.69 8.40 7.52 7.15 5.55 5.62 6.13 8.40 8.18 9.64 12.05 11.68 12.26 10.73 10.66 10.66 8.25 8.25 9.49 10.22 12.63 12.41 15.30 15.12 12.07 12.80 14.60 14.75 14.75 11.68 9.05 9.49 4.45 2.26 2.56 1.68 1.90 2.34 2.48 2.26 1.90 2.04 2.04 0.00 0.00 0.00 0.00 0.00 0.00 0.00 0.00 5.62 5.62 5.62 5.77 5.69 7.74 7.66 7.37 11.46 9.78 9.71 10.44 10.44 9.34 10.51 13.36 13.36 12.85 12.48 8.91 9.64 8.61 3.94 6.20 5.62 2.92 2.19 1.90 1.24 0.51 0.29 0.15
9.27 9.13 9.78 8.47 6.50 4.89 2.63 4.38 6.06 6.28 10.80 9.86 5.11 5.99 9.13 8.32 9.20 10.00 10.00 10.15 12.48 13.19 14.37 14.37 13.24 13.84 13.60 13.79 15.88 15.27 15.70 15.55 12.19 8.32 9.49 3.21 3.50 4.02 3.94 3.07 2.41 2.19 0.00 0.00 0.00 0.00 0.00 0.00 0.00 0.00 0.00 0.00 2.63 4.16 6.20 7.08 7.15 8.98 8.47 9.42 13.94 11.02 15.91 10.80 12.05 8.83 11.53 13.43 13.43 12.70 13.94 9.93 9.64 10.29 7.01 8.54 5.40 6.50 2.99 2.26 0.95 1.10 0.51 1.31
9.49 9.34 8.47 7.37 6.28 6.57 5.69 7.59 1.83 4.82 0.00 0.00 0.00 1.24 4.53 5.69 9.64 8.40 8.40 10.55 10.62 8.89 14.30 13.65 12.08 11.90 14.60 15.87 14.05 15.04 16.07 16.13 15.77 12.92 9.27 6.06 7.30 8.18 4.74 3.58 2.41 1.75 0.00 0.00 0.00 0.00 0.00 0.00 0.00 3.87 3.07 4.23 4.09 3.87 5.18 6.20 8.32 9.27 12.34 15.11 14.67 16.50 17.52 13.80 14.97 15.40 13.36 18.18 18.18 15.62 12.70 13.36 9.13 8.18 8.03 8.83 4.89 3.21 2.99 2.92 1.68 2.19 2.04 2.04
9.49 9.34 8.47 7.37 6.28 6.57 5.69 7.59 1.83 4.82 0.00 0.00 0.00 1.24 4.53 5.69 9.64 8.40 8.44 10.89 10.78 9.52 13.94 14.00 11.90 11.90 14.16 14.75 13.13 15.27 16.23 16.81 17.72 13.67 9.51 6.06 7.30 8.18 4.74 3.58 2.41 1.75 0.00 0.00 0.00 0.00 0.00 0.00 0.00 3.87 3.07 4.23 4.09 3.87 5.18 6.20 8.32 9.27 12.34 15.11 14.67 16.50 17.52 13.80 14.97 15.40 13.36 18.18 18.18 15.62 12.70 13.36 9.13 8.18 8.03 8.83 4.89 3.21 2.99 2.92 1.68 2.19 2.04 2.04
8.18 8.83 8.47 8.40 6.94 6.79 9.20 8.98 6.72 7.15 2.99 0.00 0.00 0.00 5.48 6.86 7.23 9.34 9.34 6.72 6.28 6.20 5.94 7.71 7.86 10.40 11.95 8.51 10.59 12.03 14.31 14.52 16.89 16.99 13.62 13.09 10.03 6.06 6.28 2.99 1.75 2.26 0.00 0.00 0.37 0.00 0.00 0.00 4.38 5.84 5.91 5.26 4.96 5.18 5.04 5.04 6.57 7.15 11.53 11.39 14.38 17.23 17.01 18.32 20.00 20.95 18.69 19.05 19.05 17.01 12.05 10.15 10.88 7.23 8.69 6.86 5.48 3.43 4.31 2.19 2.41 1.75 0.29 0.66
7.59 9.42 8.47 7.01 6.64 6.94 7.37 9.27 13.58 12.34 10.00 6.50 8.03 8.10 8.10 8.54 12.56 12.26 12.26 8.80 5.99 5.87 4.23 4.31 0.00 3.04 5.91 8.93 8.19 14.23 13.29 13.65 15.11 15.49 17.62 16.26 12.75 13.06 9.86 5.62 3.72 3.50 1.90 1.90 2.77 0.44 2.56 0.00 0.00 5.40 5.77 5.69 4.89 4.60 0.00 5.04 6.50 6.13 8.32 9.20 12.41 13.94 19.78 18.10 21.97 20.59 18.25 17.08 17.08 17.89 14.16 10.95 7.59 7.37 9.20 6.94 4.67 4.60 4.89 4.45 1.61 1.75 0.29 1.02
4.16 7.96 6.42 7.37 5.91 8.03 10.00 10.29 10.59 10.66 9.86 9.27 8.91 8.83 11.39 14.09 13.43 13.72 13.72 11.32 9.56 6.79 4.53 5.11 0.00 0.00 4.23 8.77 14.45 15.14 14.60 15.33 15.55 14.53 15.21 16.03 19.97 16.57 13.51 14.53 16.64 9.13 3.43 3.43 3.07 1.83 1.90 2.19 0.00 5.11 4.96 5.11 4.45 4.74 0.00 0.00 5.55 7.15 10.37 9.49 11.68 13.07 20.37 22.12 20.51 21.61 15.70 16.72 16.72 11.46 12.56 10.29 4.31 7.08 7.15 7.08 8.10 6.94 6.79 6.28 7.52 3.72 3.72 3.50
0.00 1.83 0.88 3.94 6.28 8.54 8.18 9.05 10.80 12.48 10.95 10.07 8.25 11.46 11.90 12.63 5.62 6.72 6.72 8.18 7.81 7.81 8.03 8.47 5.33 3.50 6.57 9.46 13.29 16.28 13.80 14.38 16.79 16.79 21.90 22.56 22.75 22.85 19.67 22.34 19.93 12.85 4.96 4.96 6.28 1.02 0.73 2.41 0.00 0.00 0.00 0.00 4.74 3.94 4.31 0.00 4.60 7.37 8.69 8.18 12.05 11.53 12.19 16.79 9.56 13.14 12.48 14.89 14.89 8.91 0.00 2.85 3.36 0.00 7.15 8.03 7.37 10.29 9.49 8.40 8.54 8.18 8.10 5.99
0.00 0.00 0.00 1.90 2.04 4.67 4.60 9.34 11.06 11.97 13.21 11.24 8.83 9.93 11.17 7.01 0.00 4.74 4.74 7.23 9.78 7.59 8.76 11.32 11.68 11.68 11.83 12.39 13.58 15.18 13.36 13.43 13.21 18.83 24.53 24.53 24.38 26.06 22.60 20.29 21.50 14.97 17.01 17.01 9.71 8.69 7.23 3.07 0.00 0.00 3.80 0.00 4.53 5.40 4.02 3.94 3.87 5.91 4.09 7.23 8.69 7.37 7.01 10.80 4.96 8.61 5.99 6.06 6.06 6.20 0.00 0.00 0.00 0.00 2.41 6.35 8.32 6.20 7.81 8.76 8.32 8.03 7.59 5.18
2.04 0.00 0.00 0.00 5.48 4.60 7.15 6.42 9.21 10.37 5.91 7.74 7.37 6.94 0.00 0.00 0.00 4.02 4.02 3.80 7.59 11.53 13.36 12.41 14.16 14.45 14.24 14.60 15.04 15.43 15.51 12.62 12.04 14.38 18.83 15.11 19.13 23.74 25.19 22.27 22.86 20.08 15.77 15.77 17.16 13.58 10.37 7.66 3.94 10.29 6.13 0.00 0.00 0.00 0.00 0.00 0.00 1.83 0.00 5.04 6.20 5.18 5.48 5.11 4.82 5.69 4.09 0.00 0.00 0.00 0.00 0.00 0.00 2.04 1.75 0.00 3.43 5.04 0.00 0.00 8.25 6.94 7.15 4.45
2.04 0.00 0.00 0.00 5.48 4.60 7.15 6.42 8.98 10.37 5.91 7.74 7.37 6.94 0.00 0.00 0.00 4.04 4.02 3.80 7.59 11.53 13.36 12.41 14.16 14.45 14.24 14.60 14.82 14.89 14.97 12.56 11.68 14.38 18.93 15.19 19.13 23.62 25.44 22.27 22.63 20.08 15.77 15.77 17.16 13.58 10.37 7.66 3.94 10.29 6.13 0.00 0.00 0.00 0.00 0.00 0.00 1.83 0.00 5.04 6.20 5.18 5.48 5.11 4.82 5.69 4.09 0.00 0.00 0.00 0.00 0.00 0.00 2.04 1.75 0.00 3.43 5.04 0.00 0.00 8.25 6.94 7.15 4.45
6.79 3.58 2.85 0.00 0.00 4.45 8.98 9.49 9.71 8.25 7.30 6.79 4.45 0.00 0.00 0.00 0.00 0.00 0.00 0.00 6.94 0.00 5.99 9.78 12.19 12.78 10.37 13.43 15.91 13.58 12.56 12.12 12.05 12.12 13.29 12.41 15.04 19.27 23.55 17.01 18.03 18.61 16.64 16.64 21.39 19.78 15.11 19.20 15.26 16.79 10.95 4.74 6.42 0.00 0.00 0.00 0.00 0.00 4.74 6.86 6.50 7.01 6.42 5.48 4.23 4.45 3.50 0.00 0.00 0.00 0.00 0.00 0.00 0.00 0.00 0.00 0.00 0.00 0.00 0.00 0.00 5.18 2.12 2.77
