Wansh/Snow_depth/snowdepth-1996/winter/1997054.txt
ncols 321
nrows 161
xllcenter 60
yllcenter 15 
cellsize  0.25 
NODATA_value -1
[rows 0 to 36 of 161, columns 0 to 83 of 321]
8.83 8.83 11.24 10.59 14.38 15.40 13.72 15.99 16.79 16.94 16.79 17.01 16.35 15.99 16.06 15.40 14.60 14.45 14.16 14.38 14.09 15.55 15.18 16.50 16.72 15.18 15.18 13.65 13.94 13.72 15.18 14.97 14.53 14.24 14.24 13.80 14.24 14.53 14.89 16.57 16.06 16.21 16.13 15.91 16.43 15.70 16.72 16.28 18.61 17.01 17.89 17.89 17.81 17.52 15.55 18.25 18.76 18.91 19.20 19.20 19.78 21.68 21.97 21.53 17.96 15.62 15.62 15.62 15.62 18.61 15.40 14.24 17.01 16.35 17.01 16.50 16.50 16.13 17.37 16.43 16.50 16.79 17.23 17.16
13.36 13.36 14.09 14.89 14.67 15.62 15.55 16.06 16.35 16.21 16.13 16.50 15.48 15.48 14.97 15.26 13.65 13.72 13.94 12.99 13.94 13.94 14.09 15.77 14.89 13.21 13.21 13.94 13.36 13.21 13.94 13.72 13.87 12.99 11.90 13.21 13.36 14.53 15.26 14.97 15.91 15.62 15.55 15.84 16.13 15.18 15.48 15.18 15.77 15.33 15.55 15.55 15.26 14.67 15.04 17.74 18.83 20.37 19.71 20.66 21.46 20.81 20.44 18.25 19.20 16.86 16.94 16.21 16.35 16.43 17.30 16.86 17.67 18.98 17.08 17.08 17.08 17.30 17.16 14.75 16.28 16.43 16.43 16.50
13.87 13.87 14.02 13.51 15.40 15.11 15.70 15.40 15.55 14.89 14.67 15.84 15.33 13.29 13.80 10.95 10.59 10.59 10.88 11.32 13.29 13.80 13.58 13.94 12.92 13.21 13.21 11.53 11.90 11.68 11.53 11.90 11.02 10.95 10.80 11.83 14.45 14.24 15.04 14.24 13.87 14.02 14.45 15.84 15.62 15.48 13.87 15.33 15.99 15.55 15.33 15.33 14.89 15.48 15.99 17.74 18.47 18.91 19.13 19.86 19.49 20.37 19.93 17.67 18.03 17.74 17.45 17.37 16.57 17.52 16.57 17.16 16.86 16.28 16.64 15.33 15.33 15.48 14.89 14.82 15.99 16.35 16.79 16.94
13.87 13.87 14.02 13.51 15.40 15.11 15.70 15.40 15.55 14.89 14.67 15.84 15.33 13.29 13.80 10.95 10.59 10.59 10.88 11.32 13.29 13.80 13.58 13.94 12.92 13.21 13.21 11.53 11.90 11.68 11.53 11.90 11.02 10.95 10.80 11.83 14.45 14.24 15.04 14.24 13.87 14.02 14.45 15.84 15.62 15.48 13.87 15.33 15.99 15.55 15.33 15.33 14.89 15.48 15.99 17.74 18.47 18.91 19.13 19.86 19.49 20.37 19.93 17.67 18.03 17.74 17.45 17.37 16.57 17.52 16.57 17.16 16.86 16.28 16.64 15.33 15.33 15.48 14.89 14.82 15.99 16.35 16.79 16.94
14.38 14.38 12.85 14.53 14.38 14.31 12.99 15.18 13.43 13.58 13.51 14.89 14.60 13.72 10.73 11.46 10.00 10.80 10.80 11.32 12.05 12.05 12.41 12.34 12.34 11.39 11.39 11.61 10.37 10.00 10.07 9.56 10.59 10.22 10.22 10.59 13.14 12.48 13.80 13.72 13.72 13.14 12.48 14.38 14.16 14.02 13.21 13.80 15.48 14.97 14.82 14.82 14.53 13.21 16.57 18.03 16.86 18.10 18.54 17.89 17.45 18.98 18.83 17.81 18.10 18.40 18.03 16.94 16.94 15.62 16.28 16.35 16.35 16.43 15.62 15.70 15.70 15.70 14.97 15.77 15.99 15.18 12.78 13.07
14.38 14.38 14.60 15.18 14.09 14.60 12.19 11.68 11.61 12.48 14.38 13.94 13.80 13.94 12.70 11.10 11.32 11.24 12.05 11.83 12.63 12.34 12.34 12.34 11.75 12.12 12.12 10.80 10.07 10.44 9.49 11.32 11.02 11.39 11.83 11.10 11.24 12.48 13.58 13.07 13.58 13.07 14.53 15.40 14.60 14.60 15.55 14.31 13.43 13.94 14.89 14.89 14.89 14.67 15.55 17.81 16.86 16.06 16.43 16.21 16.50 17.45 17.37 19.13 18.69 18.47 18.10 17.74 17.23 16.43 16.21 15.77 16.28 16.21 14.31 13.94 13.94 13.58 13.72 13.65 11.75 12.41 12.63 11.68
15.11 15.11 14.89 15.33 13.65 12.70 12.70 11.75 12.56 12.12 13.43 12.99 13.72 11.83 10.95 11.10 11.75 12.78 12.48 13.94 14.31 14.45 14.45 14.89 14.97 14.09 14.09 13.58 13.72 13.07 13.58 13.43 14.16 12.85 13.14 12.92 13.14 12.99 13.65 17.30 15.84 15.62 15.55 16.21 18.47 17.16 17.23 16.28 15.18 12.63 13.07 13.07 11.97 11.24 12.05 14.97 14.75 15.62 15.33 14.97 15.91 15.26 16.79 17.59 18.10 19.05 18.32 18.40 17.59 15.84 15.04 13.58 14.24 13.51 14.02 12.56 12.56 9.42 10.15 9.86 11.39 6.79 7.88 7.96
15.11 15.11 14.89 15.33 13.65 12.70 12.70 11.75 12.56 12.12 13.43 12.99 13.72 11.83 10.95 11.10 11.75 12.78 12.48 13.94 14.31 14.45 14.45 14.89 14.97 14.09 14.09 13.58 13.72 13.07 13.58 13.43 14.16 12.85 13.14 12.92 13.14 12.99 13.65 17.30 15.84 15.62 15.55 16.21 18.47 17.16 17.23 16.28 15.18 12.63 13.07 13.07 11.97 11.24 12.05 14.97 14.75 15.62 15.33 14.97 15.91 15.26 16.79 17.59 18.10 19.05 18.32 18.40 17.59 15.84 15.04 13.58 14.24 13.51 14.02 12.56 12.56 9.42 10.15 9.86 11.39 6.79 7.88 7.96
15.04 15.04 15.18 13.58 12.85 13.43 11.90 11.17 11.17 12.26 12.12 12.26 12.05 11.83 13.65 14.45 13.51 14.60 14.82 15.18 14.82 14.75 15.04 15.04 14.97 15.26 15.26 14.02 14.09 14.09 14.38 14.97 15.99 14.75 15.91 16.86 16.94 17.74 18.61 19.13 16.35 17.01 16.50 18.25 18.54 17.16 17.16 16.79 14.97 13.58 9.78 9.78 9.86 11.68 11.61 11.83 14.67 13.43 13.72 15.18 15.40 16.72 17.01 17.08 16.86 17.45 15.91 15.18 16.13 12.63 12.41 13.43 11.61 10.22 9.93 10.00 10.00 9.34 6.13 5.40 4.82 5.33 5.84 6.72
14.75 14.75 14.16 14.24 12.56 12.41 12.70 11.24 10.73 10.59 10.66 10.66 11.24 14.24 13.87 14.82 15.77 15.18 15.33 15.40 16.13 15.84 15.33 16.50 16.21 17.01 17.01 17.23 16.94 17.74 18.83 17.89 17.89 16.43 17.45 15.99 16.57 18.83 19.78 19.86 18.98 18.10 17.08 17.52 18.40 18.10 16.72 15.84 15.33 12.99 14.38 14.38 14.16 14.02 11.97 11.68 12.19 11.90 13.36 14.67 15.62 16.13 15.62 16.28 13.07 14.60 9.56 9.42 9.78 10.59 9.86 9.56 9.05 9.86 9.20 8.69 8.69 7.74 7.88 6.50 7.15 5.48 5.69 5.18
13.14 13.14 12.63 12.19 12.41 12.12 11.83 11.61 10.73 11.68 11.46 13.14 14.31 14.24 14.67 15.33 15.26 15.55 15.91 15.91 16.28 15.84 16.28 16.28 17.37 17.37 17.37 17.52 19.20 18.98 19.27 21.02 20.88 19.64 18.83 16.57 17.81 18.40 18.98 19.13 18.32 17.67 17.23 17.23 19.05 19.78 18.32 19.56 14.75 16.35 13.80 13.80 14.75 14.09 11.46 11.97 10.80 12.12 12.56 12.34 14.24 14.75 10.29 11.10 11.10 10.80 11.17 8.69 8.69 7.45 8.76 7.74 7.81 8.54 8.10 8.47 8.47 8.98 8.18 7.81 8.47 7.52 8.91 8.91
13.14 13.14 12.63 12.19 12.41 12.12 11.83 11.61 10.73 11.68 11.46 13.14 14.31 14.24 14.67 15.33 15.26 15.55 15.91 15.91 16.28 15.84 16.28 16.28 17.37 17.37 17.37 17.52 19.20 18.98 19.27 21.02 20.88 19.64 18.83 16.57 17.81 18.40 18.98 19.13 18.32 17.67 17.23 17.23 19.05 19.78 18.32 19.56 14.75 16.35 13.80 13.80 14.75 14.09 11.46 11.97 10.80 12.12 12.56 12.34 14.24 14.75 10.29 11.10 11.10 10.80 11.17 8.69 8.69 7.45 8.76 7.74 7.81 8.54 8.10 8.47 8.47 8.98 8.18 7.81 8.47 7.52 8.91 8.91
12.92 12.92 12.70 12.92 12.12 12.48 11.68 12.48 12.19 13.87 14.02 13.51 15.18 15.26 14.97 16.21 15.99 16.21 15.04 16.06 17.81 17.81 16.64 17.16 17.08 17.30 17.30 19.71 18.91 21.53 20.51 20.95 20.88 19.05 16.35 17.37 16.35 16.86 18.10 17.01 17.16 17.59 16.50 16.79 18.91 17.52 18.54 17.01 17.37 14.89 12.92 12.92 11.32 10.66 9.86 10.22 9.56 10.22 10.59 8.54 9.71 9.64 9.64 5.33 9.78 6.64 7.30 8.03 7.52 7.23 8.47 8.10 7.96 7.15 7.23 7.23 7.23 6.28 8.03 7.88 8.54 7.37 7.52 5.84
12.48 12.48 13.07 13.21 12.70 13.65 12.48 13.21 14.24 13.94 14.67 16.50 17.01 16.72 17.30 16.86 16.72 14.89 15.40 15.04 17.01 17.23 17.74 16.28 16.50 16.35 16.35 17.45 20.37 16.94 16.43 16.35 16.50 15.70 15.55 16.06 14.89 14.75 14.89 13.87 13.07 14.24 15.18 14.24 15.70 15.77 15.70 13.51 13.14 13.14 13.29 13.29 11.46 9.27 7.59 7.59 6.42 6.06 6.72 7.52 7.23 2.56 3.80 3.07 4.60 5.40 5.84 6.57 4.96 7.59 7.81 7.66 8.69 7.30 7.23 7.15 7.15 6.64 8.10 6.64 5.62 6.20 5.69 5.62
10.95 10.95 12.85 12.63 13.72 13.43 14.16 14.67 13.80 14.89 16.86 16.13 17.96 17.89 17.59 17.96 16.35 16.79 13.58 13.65 14.45 14.31 14.24 14.31 14.31 14.02 14.02 14.60 15.11 15.26 14.60 13.14 12.05 12.26 12.85 14.97 13.21 13.43 12.56 12.48 12.34 11.90 13.58 12.34 14.38 13.72 12.41 13.43 12.85 12.41 10.51 10.51 11.83 9.05 8.25 5.33 4.89 4.45 3.80 2.41 2.85 0.00 0.00 0.00 3.43 4.89 0.00 3.21 4.02 5.55 7.37 7.15 7.23 7.08 7.74 8.47 8.47 7.96 8.03 6.57 7.30 6.50 6.94 6.94
12.92 12.92 14.45 13.36 13.80 14.53 14.24 15.48 15.33 15.04 16.21 17.37 17.67 18.03 17.08 17.08 16.94 15.40 14.09 14.24 14.16 13.14 13.14 13.14 12.85 10.37 10.37 12.78 11.10 11.97 12.41 11.90 12.78 11.90 11.75 13.29 12.92 13.36 12.26 12.26 11.90 11.39 11.61 11.39 10.80 11.17 11.02 12.63 11.61 11.39 11.90 11.90 12.05 10.51 8.91 7.30 5.40 4.89 3.87 2.48 2.85 0.00 0.00 0.00 0.00 0.00 0.00 3.14 4.82 0.00 3.80 4.89 7.37 8.18 8.83 8.61 8.61 9.20 9.20 7.23 7.81 7.66 6.35 6.13
12.92 12.92 14.45 13.36 13.80 14.53 14.24 15.48 15.33 15.04 16.21 17.37 17.67 18.03 17.08 17.08 16.94 15.40 14.09 14.24 14.16 13.14 13.14 13.14 12.85 10.37 10.37 12.78 11.10 11.97 12.41 11.90 12.78 11.90 11.75 13.29 12.92 13.36 12.26 12.26 11.90 11.39 11.61 11.39 10.80 11.17 11.02 12.63 11.61 11.39 11.90 11.90 12.05 10.51 8.91 7.30 5.40 4.89 3.87 2.48 2.85 0.00 0.00 0.00 0.00 0.00 0.00 3.14 4.82 0.00 3.80 4.89 7.37 8.18 8.83 8.61 8.61 9.20 9.20 7.23 7.81 7.66 6.35 6.13
13.51 13.51 15.40 16.06 16.21 17.16 16.43 16.28 16.72 17.52 17.30 17.74 17.45 15.11 15.26 15.33 15.48 15.40 15.55 13.80 11.90 12.41 10.29 9.27 10.07 10.15 10.15 10.29 12.05 11.46 12.26 12.19 12.78 12.48 12.70 12.26 11.97 12.56 10.51 11.61 11.39 10.15 10.37 10.51 9.86 10.37 8.98 10.37 9.93 10.73 10.80 10.80 10.51 10.80 6.20 6.13 6.28 5.62 3.36 2.63 0.95 1.75 0.00 0.00 0.73 0.00 1.17 2.26 2.04 1.97 3.58 2.48 4.74 6.42 9.05 8.32 8.32 7.74 8.47 6.50 6.64 6.64 7.08 4.89
18.40 18.40 16.28 17.89 19.05 18.91 20.22 20.88 19.35 18.47 17.96 17.74 17.89 15.62 15.33 15.18 15.33 15.70 13.87 14.53 11.61 9.71 10.22 8.76 8.25 7.45 7.45 7.45 7.37 10.22 11.53 11.17 12.34 12.70 12.12 10.22 8.10 9.56 8.10 10.22 9.56 9.56 9.64 9.78 8.40 8.18 8.91 8.98 9.93 9.71 8.40 8.40 9.27 8.83 8.91 7.96 8.18 4.38 3.72 3.87 1.83 4.82 1.46 0.00 0.00 0.00 1.02 1.10 1.53 1.61 2.19 1.83 4.31 5.77 5.48 6.35 6.35 4.53 5.18 4.89 6.13 4.45 4.74 4.67
19.05 19.05 20.59 20.29 20.22 20.15 20.22 20.22 18.91 17.30 17.30 17.52 17.59 16.86 17.37 15.11 14.24 15.55 14.53 11.90 10.66 11.17 9.27 8.32 8.18 8.32 8.32 6.86 7.59 8.61 10.44 10.73 12.05 12.19 9.56 6.50 6.64 7.96 7.45 8.54 10.00 9.78 9.86 9.27 9.05 8.91 9.93 9.78 9.42 9.56 8.76 8.76 8.98 8.83 9.05 8.83 9.34 7.30 4.89 7.45 6.79 7.01 3.07 4.02 3.58 4.31 0.00 1.97 1.61 1.83 1.46 1.68 3.43 2.92 4.53 4.09 4.09 4.02 4.31 4.38 5.55 6.06 6.28 4.74
18.69 18.69 18.98 18.83 18.76 17.52 18.25 17.96 18.18 16.79 17.01 16.72 17.37 16.86 15.40 15.84 13.94 13.43 13.29 12.85 11.17 10.07 10.22 9.56 8.61 8.18 8.18 6.72 6.94 7.74 10.07 9.71 10.22 9.49 9.42 8.18 7.74 7.37 7.81 8.40 8.91 10.22 9.34 9.56 9.93 10.15 10.29 10.15 9.56 9.20 9.34 9.34 7.23 8.76 8.25 9.05 9.27 8.47 8.18 8.32 8.10 6.20 6.64 5.91 4.82 2.77 4.02 2.92 4.53 2.92 2.48 2.34 3.14 3.72 3.94 3.87 3.87 4.02 7.01 7.81 7.59 7.01 7.37 6.42
13.80 13.80 16.21 16.86 15.18 13.72 13.72 14.97 15.18 17.01 16.43 16.94 16.79 16.43 15.62 14.16 14.53 13.36 12.56 11.75 10.59 10.95 9.05 9.20 8.91 9.27 9.27 7.66 7.30 8.83 9.34 9.34 9.56 9.78 9.49 8.91 9.49 8.25 8.54 8.10 8.91 8.83 9.49 9.34 9.42 10.80 10.29 9.78 8.98 8.10 6.72 6.72 8.03 9.13 9.20 8.83 8.18 8.25 7.66 7.52 5.77 5.26 4.89 5.62 5.18 5.26 4.67 5.26 3.43 2.41 3.07 3.36 3.58 3.65 4.16 5.40 5.40 7.15 6.86 7.88 7.45 8.10 8.32 7.15
13.80 13.80 16.21 16.86 15.18 13.72 13.72 14.97 15.18 17.01 16.43 16.94 16.79 16.43 15.62 14.16 14.53 13.36 12.56 11.75 10.59 10.95 9.05 9.20 8.91 9.27 9.27 7.66 7.30 8.83 9.34 9.34 9.56 9.78 9.49 8.91 9.49 8.25 8.54 8.10 8.91 8.83 9.49 9.34 9.42 10.80 10.29 9.78 8.98 8.10 6.72 6.72 8.03 9.13 9.20 8.83 8.18 8.25 7.66 7.52 5.77 5.26 4.89 5.62 5.18 5.26 4.67 5.26 3.43 2.41 3.07 3.36 3.58 3.65 4.16 5.40 5.40 7.15 6.86 7.88 7.45 8.10 8.32 7.15
11.68 11.68 10.29 10.88 12.99 12.48 13.51 12.99 14.53 15.04 14.31 14.16 14.02 12.85 13.07 13.07 12.05 12.34 12.34 12.41 10.80 8.69 9.34 7.96 8.40 8.18 8.18 8.32 8.98 8.76 9.34 9.27 10.37 10.15 10.80 9.78 10.15 9.42 9.86 9.20 10.51 10.73 9.71 9.20 9.13 10.15 10.66 9.93 9.13 8.61 8.54 8.54 8.03 9.20 10.29 10.73 8.25 10.44 8.40 8.47 7.30 6.64 5.84 5.62 5.55 6.64 8.40 8.18 4.89 4.74 7.59 5.40 6.13 4.09 5.91 5.18 5.18 6.06 6.64 6.64 7.15 7.52 7.37 7.45
12.34 12.34 9.93 9.13 9.93 11.90 11.75 12.56 11.97 13.87 13.14 12.92 13.07 12.19 11.46 11.53 11.68 11.32 11.17 9.78 10.22 8.98 6.28 6.06 7.74 7.37 7.37 8.54 8.32 9.56 9.93 11.75 11.90 11.39 11.90 12.05 11.46 11.24 10.59 11.02 10.80 10.51 10.22 10.88 10.66 10.15 10.29 9.13 8.83 8.69 8.76 8.76 8.54 9.05 10.15 10.37 11.39 12.12 9.93 9.49 11.10 7.74 8.25 10.66 11.68 10.66 11.32 9.93 9.34 11.17 9.27 7.52 10.29 8.69 8.76 6.20 6.20 7.15 6.64 9.20 8.18 8.10 7.66 7.96
9.27 9.27 8.83 8.61 9.49 10.59 12.05 11.02 12.41 10.51 12.12 9.56 8.69 7.59 10.37 10.37 8.76 8.54 8.47 8.98 8.03 7.23 7.74 5.55 5.91 7.01 7.01 8.32 9.71 11.53 11.90 11.61 11.75 12.26 12.48 12.19 11.75 10.59 11.39 10.37 10.44 8.69 9.20 10.95 10.44 7.96 8.40 8.10 8.61 8.47 9.78 9.78 10.51 10.73 11.39 12.34 11.90 12.41 13.65 13.94 14.09 13.29 13.36 13.87 13.43 13.21 12.63 12.41 11.61 11.97 12.05 14.09 11.68 8.98 8.98 7.96 7.96 7.88 7.45 9.13 9.93 10.07 10.07 9.56
11.83 11.83 13.14 10.59 10.37 10.80 12.05 12.99 12.92 10.80 9.49 7.37 7.96 5.91 5.99 8.25 7.96 7.96 8.10 7.88 8.18 7.08 4.67 4.60 6.35 5.91 5.91 7.37 10.51 12.26 12.34 11.39 11.46 12.48 11.10 11.53 11.46 9.05 7.15 7.59 7.74 8.18 7.96 9.42 7.15 7.37 7.59 6.57 8.18 9.49 10.73 10.73 9.13 10.73 11.90 12.34 14.24 13.36 13.43 13.43 13.80 14.16 13.58 13.36 13.58 12.99 12.05 12.70 13.80 13.87 12.99 13.58 12.26 12.48 12.48 9.71 9.71 8.91 9.71 8.18 10.51 11.10 10.88 10.59
13.14 13.14 12.26 12.63 11.97 11.53 12.56 13.21 12.26 12.41 10.22 7.59 4.96 5.48 5.26 7.37 7.01 5.18 6.72 4.31 3.29 4.16 4.96 4.53 5.62 7.01 7.01 9.34 11.32 11.02 10.80 9.13 9.20 9.71 7.74 10.51 6.72 5.04 5.11 5.99 6.28 3.65 4.67 5.91 6.57 6.86 6.86 6.64 7.15 7.01 9.49 9.49 9.05 10.00 13.80 14.16 14.24 12.92 11.39 12.70 12.05 14.16 13.14 13.36 12.92 13.29 12.48 12.70 14.02 14.02 13.87 12.34 12.56 12.56 11.90 11.68 11.68 9.64 10.00 10.29 10.51 11.90 11.24 11.68
13.14 13.14 12.26 12.63 11.97 11.53 12.56 13.21 12.26 12.41 10.22 7.59 4.96 5.48 5.26 7.37 7.01 5.18 6.72 4.31 3.29 4.16 4.96 4.53 5.62 7.01 7.01 9.34 11.32 11.02 10.80 9.13 9.20 9.71 7.74 10.51 6.72 5.04 5.11 5.99 6.28 3.65 4.67 5.91 6.57 6.86 6.86 6.64 7.15 7.01 9.49 9.49 9.05 10.00 13.80 14.16 14.24 12.92 11.39 12.70 12.05 14.16 13.14 13.36 12.92 13.29 12.48 12.70 14.02 14.02 13.87 12.34 12.56 12.56 11.90 11.68 11.68 9.64 10.00 10.29 10.51 11.90 11.24 11.68
11.53 11.53 11.97 11.75 11.90 11.02 10.95 10.66 11.90 10.80 9.71 10.00 8.03 4.53 5.26 5.48 5.33 5.04 3.36 2.77 2.85 2.99 2.92 4.38 6.79 6.64 6.64 8.76 10.29 10.00 7.96 8.40 8.10 6.64 6.72 4.74 4.74 5.55 4.38 4.67 2.99 2.77 3.94 5.33 5.99 6.72 8.32 7.66 10.15 9.71 9.71 9.71 10.15 13.36 13.87 13.72 14.02 12.85 11.90 12.26 12.70 13.21 14.31 14.16 14.89 16.28 13.94 13.43 13.36 13.29 11.53 11.02 12.48 13.58 12.48 13.21 13.21 10.37 8.83 9.34 9.20 8.83 10.51 10.88
9.93 9.93 11.32 10.44 10.88 9.42 10.66 11.32 9.78 10.29 8.10 6.86 4.31 5.11 4.45 5.11 4.53 4.96 2.56 1.31 1.31 2.12 3.80 3.36 5.04 5.26 5.26 7.15 8.18 7.01 7.59 6.50 6.13 5.55 5.26 2.48 2.26 1.75 2.12 1.75 1.68 2.12 3.21 5.04 5.99 7.66 8.83 7.59 11.24 12.26 12.34 12.34 13.51 14.60 14.16 14.53 12.48 13.14 12.05 11.90 13.72 13.72 14.45 14.97 15.48 15.11 15.11 12.05 10.51 11.53 11.10 11.10 12.70 13.14 13.07 10.07 10.07 8.98 9.13 7.88 7.66 7.30 10.29 9.86
8.03 8.03 8.25 7.37 7.45 5.99 8.32 9.42 8.32 6.28 6.79 5.62 3.72 2.85 3.29 4.31 3.58 3.07 1.68 1.39 1.39 1.46 1.53 2.77 4.45 4.16 4.16 6.13 6.94 6.13 6.50 6.06 5.48 5.04 2.56 2.77 3.65 2.48 2.34 1.97 2.12 3.58 5.33 4.53 6.57 7.81 8.69 10.07 11.17 10.59 11.61 11.61 12.63 13.94 14.24 12.78 12.48 12.63 10.07 10.51 13.65 13.36 12.92 12.78 14.09 15.33 14.67 14.09 12.48 10.29 9.34 10.80 10.29 13.87 11.68 11.61 11.61 10.44 7.23 7.81 7.15 7.37 8.83 11.32
7.08 7.08 6.72 7.01 6.28 4.82 4.67 4.89 5.04 3.80 4.16 3.72 3.43 3.36 2.70 2.92 2.85 2.99 2.56 1.10 1.02 1.31 1.90 2.92 2.99 3.29 3.29 4.96 6.50 6.42 6.35 6.86 6.50 5.91 4.23 5.18 5.04 4.02 2.99 2.92 4.16 4.74 4.96 7.15 8.61 8.25 8.47 8.61 10.73 10.95 11.90 11.90 12.85 13.43 13.51 12.70 9.93 8.47 8.10 7.59 8.98 11.24 13.29 12.99 13.72 15.04 15.11 14.89 12.63 11.97 9.93 9.78 7.30 10.29 9.20 12.12 12.12 10.37 9.42 7.66 7.88 6.20 8.69 10.29
5.04 5.04 4.82 5.11 4.53 4.60 4.31 4.38 3.87 3.72 3.80 3.65 3.14 2.85 2.92 2.99 2.48 2.41 1.90 0.00 0.66 0.73 2.41 2.92 2.99 4.02 4.02 5.33 6.64 7.45 7.45 7.81 8.32 6.28 5.18 6.72 5.55 4.60 4.23 4.67 4.45 4.53 5.91 6.64 6.94 8.10 10.80 10.59 10.88 12.99 13.58 13.58 12.41 11.61 11.90 11.75 7.23 6.57 5.62 6.28 6.06 8.76 12.70 13.07 14.82 16.21 15.04 12.41 8.98 9.64 9.42 5.48 6.42 7.66 7.23 10.29 10.29 9.93 11.97 7.96 7.52 10.00 9.05 8.54
0.00 0.00 0.00 0.00 0.00 3.65 3.58 3.94 4.09 4.60 3.87 3.94 3.50 3.65 2.56 2.56 1.90 1.53 2.19 0.58 1.90 2.26 3.58 4.02 3.58 5.33 5.33 5.62 6.42 7.01 7.59 7.81 6.28 5.77 4.74 5.91 4.23 4.02 3.87 3.87 3.58 3.80 4.09 5.69 7.08 8.40 11.24 12.85 9.86 11.02 9.93 9.93 9.78 9.56 5.62 2.12 3.07 2.12 0.29 1.17 5.69 9.27 10.29 11.97 14.82 14.75 10.51 9.78 7.59 7.01 5.18 5.04 4.53 7.30 8.40 10.80 10.80 12.99 13.07 11.46 13.72 10.88 11.17 12.63
0.00 0.00 0.00 0.00 0.00 3.65 3.58 3.94 4.09 4.60 3.87 3.94 3.50 3.65 2.56 2.56 1.90 1.53 2.19 0.58 1.90 2.26 3.58 4.02 3.58 5.33 5.33 5.62 6.42 7.01 7.59 7.81 6.28 5.77 4.74 5.91 4.23 4.02 3.87 3.87 3.58 3.80 4.09 5.69 7.08 8.40 11.24 12.85 9.86 11.02 9.93 9.93 9.78 9.56 5.62 2.12 3.07 2.12 0.29 1.17 5.69 9.27 10.29 11.97 14.82 14.75 10.51 9.78 7.59 7.01 5.18 5.04 4.53 7.30 8.40 10.80 10.80 12.99 13.07 11.46 13.72 10.88 11.17 12.63
0.00 0.00 0.00 0.00 0.00 0.00 2.26 2.85 4.45 4.02 5.26 4.45 4.16 3.50 3.50 4.02 2.56 3.65 3.36 3.07 2.63 3.65 5.77 4.96 3.58 2.12 2.12 4.09 5.69 5.84 6.86 4.74 6.06 6.28 3.94 4.67 5.11 5.91 4.67 4.74 4.16 5.18 5.55 6.42 6.86 6.86 8.47 7.52 7.74 7.74 6.79 6.79 5.40 3.14 1.02 0.00 0.00 0.00 2.26 0.00 8.83 8.25 8.76 10.95 11.90 7.30 7.81 8.25 8.10 8.03 6.28 9.49 10.80 10.15 11.24 16.57 16.57 15.62 19.13 17.01 15.99 21.83 17.08 15.26
