Wansh/Snow_depth/snowdepth-1996/winter/1997008.txt
ncols 321
nrows 161
xllcenter 60
yllcenter 15 
cellsize  0.25 
NODATA_value -1
[rows 0 to 36 of 161, columns 168 to 251 of 321]
4.09 4.74 3.36 2.70 2.77 2.12 2.12 3.21 3.87 3.87 3.65 3.14 2.99 2.99 3.29 3.29 3.29 4.67 4.67 6.13 6.20 5.11 5.40 5.26 4.89 4.02 4.67 0.00 0.00 0.00 0.00 0.00 4.45 12.12 9.71 9.71 11.97 8.76 12.78 12.56 14.09 16.28 20.81 17.74 22.78 25.77 24.97 26.35 25.48 19.20 17.89 13.94 14.89 14.82 14.67 16.06 19.64 20.08 19.86 20.95 20.95 23.36 30.00 30.00 29.20 30.22 29.42 29.78 28.40 22.85 19.93 20.08 19.93 18.54 17.74 18.61 18.47 19.27 18.54 18.61 18.61 17.74 16.35 15.99
9.71 4.31 4.89 3.14 3.50 2.70 2.04 2.12 3.14 3.14 3.58 3.72 4.16 3.72 3.36 3.14 3.07 4.60 5.33 5.33 5.40 5.55 5.55 5.40 2.77 4.23 0.00 0.00 0.00 0.00 0.00 0.00 8.47 7.08 8.54 8.54 7.96 9.86 10.29 14.67 17.37 16.35 20.08 24.82 25.62 25.92 26.06 25.40 21.90 20.51 16.28 16.21 18.47 16.50 17.52 17.30 20.08 21.75 21.02 23.00 23.00 22.34 25.70 24.82 27.01 26.72 24.02 23.94 22.56 22.85 20.51 17.67 16.50 16.72 17.08 17.16 16.57 15.26 16.72 15.55 12.12 12.34 11.68 7.88
8.40 9.86 7.23 4.60 4.23 3.07 3.72 3.50 3.29 3.29 4.09 4.09 4.31 3.58 3.87 3.87 5.77 6.42 6.13 6.13 5.69 5.48 5.40 4.82 2.85 0.00 0.00 0.00 0.00 0.00 0.00 3.87 7.15 7.23 7.66 7.66 10.00 9.05 12.26 18.10 20.44 20.81 22.41 19.20 19.49 19.71 19.78 19.71 17.30 18.83 18.83 18.47 18.76 18.18 18.83 18.40 19.42 19.05 20.81 20.22 20.22 20.73 21.68 19.42 19.56 18.83 22.05 23.21 16.94 16.64 15.48 16.79 14.60 10.51 10.88 10.59 11.97 8.54 10.22 9.93 10.00 6.64 6.28 6.94
8.40 9.86 7.23 4.60 4.23 3.07 3.72 3.50 3.29 3.29 4.09 4.09 4.31 3.58 3.87 3.87 5.77 6.42 6.13 6.13 5.69 5.48 5.40 4.82 2.85 0.00 0.00 0.00 0.00 0.00 0.00 3.87 7.15 7.23 7.66 7.66 10.00 9.05 12.26 18.10 20.44 20.81 22.41 19.20 19.49 19.71 19.78 19.71 17.30 18.83 18.83 18.47 18.76 18.18 18.83 18.40 19.42 19.05 20.81 20.22 20.22 20.73 21.68 19.42 19.56 18.83 22.05 23.21 16.94 16.64 15.48 16.79 14.60 10.51 10.88 10.59 11.97 8.54 10.22 9.93 10.00 6.64 6.28 6.94
10.51 9.49 9.71 8.10 5.11 4.23 4.38 4.38 3.43 3.43 3.50 3.65 4.53 7.15 4.89 7.08 6.50 7.96 6.42 6.50 6.35 4.82 5.18 1.31 0.00 0.00 0.00 0.00 0.00 0.00 2.77 0.29 5.18 7.96 9.34 9.34 8.83 12.19 16.94 15.99 18.32 17.23 17.96 14.53 13.72 14.82 15.55 15.62 17.59 18.18 17.89 17.81 17.30 17.45 18.40 18.98 19.27 17.81 18.18 18.10 18.10 18.03 18.91 16.72 17.16 15.18 14.31 14.38 13.58 13.36 8.91 9.05 9.05 8.76 7.74 6.57 6.35 6.57 7.81 7.15 7.23 6.35 8.18 8.40
12.78 13.51 9.78 10.59 6.64 6.06 6.20 7.08 4.31 4.31 4.31 5.26 4.82 7.88 9.13 9.05 10.80 8.03 8.47 4.31 0.66 1.39 0.00 0.00 0.00 0.00 0.00 0.00 0.00 3.29 1.31 6.35 7.66 7.15 8.76 8.76 12.63 14.82 14.67 14.67 15.33 14.53 14.45 14.89 13.29 13.51 14.89 14.38 15.48 16.72 17.59 18.32 18.40 18.18 16.94 17.16 16.57 15.91 13.51 14.89 14.89 14.82 15.48 15.48 11.61 10.66 10.59 8.18 8.10 7.96 8.10 7.01 6.35 6.35 6.35 6.64 6.72 6.50 7.15 7.52 9.42 9.20 9.86 11.46
14.31 14.38 14.45 13.94 10.07 8.25 9.20 8.76 8.76 8.76 7.45 7.52 8.61 11.17 9.64 11.02 10.88 8.47 3.80 4.89 0.00 0.00 0.00 0.00 0.00 0.00 0.00 0.00 2.34 1.68 5.99 8.40 10.15 9.56 13.21 13.21 17.08 16.35 16.64 14.75 13.58 12.85 13.07 12.92 13.36 14.31 14.24 14.16 15.18 15.62 16.57 15.91 16.13 16.06 15.48 14.67 14.97 11.17 12.26 13.43 13.43 13.94 13.58 14.53 10.15 7.45 6.28 5.91 6.28 5.69 5.40 5.33 5.62 6.50 5.33 5.18 6.64 7.15 8.32 8.21 11.44 14.93 14.20 15.39
14.31 14.38 14.45 13.94 10.07 8.25 9.20 8.76 8.76 8.76 7.45 7.52 8.61 11.17 9.64 11.02 10.88 8.47 3.80 4.89 0.00 0.00 0.00 0.00 0.00 0.00 0.00 0.00 2.34 1.68 5.99 8.40 10.15 9.56 13.21 13.21 17.08 16.35 16.64 14.75 13.58 12.85 13.07 12.92 13.36 14.31 14.24 14.16 15.18 15.62 16.57 15.91 16.13 16.06 15.48 14.67 14.97 11.17 12.26 13.43 13.43 13.94 13.58 14.53 10.15 7.45 6.28 5.91 6.28 5.69 5.40 5.33 5.62 6.50 5.33 5.99 9.16 10.29 11.40 13.95 18.89 19.87 18.28 15.97
9.78 15.11 14.97 15.26 11.02 11.90 10.07 9.56 10.00 10.00 8.32 10.00 9.49 11.46 11.10 11.02 7.45 1.10 3.07 0.00 0.00 0.00 0.00 0.00 0.00 0.00 0.00 3.58 2.77 4.96 7.08 6.20 8.32 13.07 17.16 17.16 16.13 17.23 13.29 12.48 13.07 14.82 14.97 13.21 13.07 13.72 14.53 15.26 14.45 15.26 15.91 15.77 15.26 14.97 10.59 10.29 10.95 10.59 11.39 11.02 11.02 11.53 9.64 10.07 8.03 8.98 6.86 6.86 6.20 5.62 5.26 5.26 5.55 5.95 6.88 7.69 11.13 11.06 11.02 13.07 15.76 17.20 17.35 18.14
9.05 8.91 9.34 11.61 12.12 10.15 8.83 8.91 9.64 9.64 11.68 11.10 10.95 11.83 9.78 5.18 7.23 0.00 0.00 0.00 0.00 0.00 0.00 0.00 0.00 3.14 0.00 4.45 7.59 7.74 6.79 8.83 11.32 11.53 13.14 13.14 13.94 12.34 10.66 11.32 14.53 13.80 14.24 15.04 14.45 14.38 15.11 16.57 16.06 14.89 11.83 11.02 11.17 10.88 10.73 9.93 10.44 10.66 10.88 10.88 10.88 11.10 11.10 8.91 9.64 8.54 7.81 8.25 6.57 6.35 7.74 6.57 7.70 8.95 10.58 10.38 9.94 10.53 15.36 17.07 15.13 14.21 19.75 17.93
6.79 6.94 7.01 6.64 8.25 7.96 9.20 9.34 8.83 8.83 10.00 8.10 8.47 2.12 0.00 0.00 0.00 0.00 0.00 0.00 0.00 4.67 3.80 5.55 6.57 3.72 6.13 7.52 6.86 8.69 8.32 7.59 9.49 8.83 11.02 11.02 11.24 11.32 11.75 12.41 12.34 12.78 11.97 12.63 11.02 10.29 11.97 12.92 13.87 13.14 12.19 11.39 10.37 10.80 11.02 10.66 11.02 12.78 15.55 14.31 14.31 12.92 11.32 12.12 10.73 8.61 7.37 8.25 8.32 8.47 7.52 8.91 7.94 7.56 7.30 11.13 14.13 14.37 12.07 14.49 15.13 15.36 15.81 16.29
6.79 6.94 7.01 6.64 8.25 7.96 9.20 9.34 8.83 8.83 10.00 8.10 8.47 2.12 0.00 0.00 0.00 0.00 0.00 0.00 0.00 4.67 3.80 5.55 6.57 3.72 6.13 7.52 6.86 8.69 8.32 7.59 9.49 8.83 11.02 11.02 11.24 11.32 11.75 12.41 12.34 12.78 11.97 12.63 11.02 10.29 11.97 12.92 13.87 13.14 12.19 11.39 10.37 10.80 11.02 10.66 11.02 12.78 15.55 14.31 14.31 12.92 11.32 12.12 10.73 8.61 7.37 8.25 8.32 8.47 7.52 8.91 7.74 7.45 7.08 10.33 12.59 13.30 12.87 15.04 15.13 15.02 17.37 17.43
9.56 5.69 4.89 4.82 6.20 6.06 6.28 3.50 0.00 0.00 6.64 1.83 0.00 0.00 0.00 0.00 0.00 0.00 0.00 0.00 2.19 4.38 8.83 5.33 6.79 8.47 8.83 8.54 8.83 8.83 8.98 8.03 7.01 8.83 11.10 11.10 10.66 11.02 11.24 11.75 11.61 12.19 11.90 9.71 9.42 9.34 10.00 11.90 14.38 12.26 13.72 13.07 11.83 11.32 11.39 13.36 15.26 14.82 15.99 16.28 16.28 14.82 12.56 13.14 9.64 10.66 9.78 8.40 9.42 10.37 9.71 10.00 9.13 9.05 7.56 10.15 12.65 13.12 14.49 14.60 14.70 15.89 16.85 17.27
8.47 8.40 8.40 6.13 4.45 4.74 2.48 3.94 0.00 0.00 0.00 0.00 0.00 0.00 0.00 0.00 0.00 1.17 0.00 5.91 6.86 7.88 6.86 9.78 9.42 9.64 10.00 10.88 10.15 8.76 9.49 7.74 7.59 9.05 10.00 10.00 9.86 10.22 9.93 10.88 10.29 9.64 10.15 8.69 9.20 8.76 11.53 11.53 12.34 13.07 12.63 11.83 11.97 11.32 11.97 13.29 14.82 14.16 14.24 15.40 15.40 14.02 16.43 14.45 13.36 12.41 13.29 11.61 11.90 10.95 10.29 11.24 9.27 11.14 11.11 11.98 12.04 12.67 15.84 13.32 15.21 14.60 13.80 15.90
9.71 9.64 7.52 7.88 7.23 6.57 7.15 4.53 0.00 0.00 0.00 0.00 0.00 0.00 0.00 0.00 0.00 0.00 5.18 7.15 6.50 8.54 9.64 10.07 10.29 10.66 10.73 10.44 10.80 9.42 8.10 7.15 8.10 7.59 7.45 7.45 8.47 10.00 8.91 9.64 8.32 9.05 9.71 7.66 10.73 11.83 11.68 11.53 12.34 11.46 11.75 10.73 11.68 12.78 12.19 13.29 16.43 15.62 13.87 13.80 13.80 14.53 16.50 15.91 15.99 14.60 14.09 13.07 12.78 12.56 12.78 10.95 11.22 11.18 11.97 11.61 14.71 15.36 13.30 14.60 14.89 13.94 14.19 12.81
10.22 10.37 8.61 8.40 8.18 8.47 7.37 7.74 6.64 6.64 6.20 5.18 5.55 4.82 5.55 4.96 5.18 4.89 6.28 6.35 7.96 8.76 9.20 9.93 10.59 10.73 11.75 10.51 9.42 8.47 7.08 7.15 6.79 6.94 7.88 7.88 8.47 8.61 7.59 7.59 6.94 8.91 9.27 8.69 10.44 11.68 9.56 11.97 10.00 9.56 9.78 10.37 11.68 12.34 15.62 17.52 17.01 17.67 15.11 14.60 14.60 14.89 15.48 15.55 15.84 14.53 14.38 11.90 13.58 13.21 13.51 12.72 14.15 11.29 13.49 12.10 13.86 13.58 12.42 13.31 12.99 14.49 12.74 12.67
10.22 10.37 8.61 8.40 8.18 8.47 7.37 7.74 6.64 6.64 6.20 5.18 5.55 4.82 5.55 4.96 5.18 4.89 6.28 6.35 7.96 8.76 9.20 9.93 10.59 10.73 11.75 10.51 9.42 8.47 7.08 7.15 6.79 6.94 7.88 7.88 8.47 8.61 7.59 7.59 6.94 8.91 9.27 8.69 10.44 11.68 9.56 11.97 10.00 9.56 9.78 10.37 11.68 12.34 15.62 17.52 17.01 17.67 15.11 14.60 14.60 14.89 15.48 15.55 15.84 14.53 14.38 11.90 13.58 13.21 13.51 15.62 13.27 12.27 12.12 14.97 14.06 15.01 12.67 12.00 12.56 12.46 13.85 14.38
8.47 8.69 8.76 8.69 7.37 8.18 7.30 7.30 7.81 7.81 6.57 5.48 4.96 4.89 5.69 5.40 5.62 4.89 5.55 7.30 7.08 7.96 8.32 8.61 9.56 9.20 10.37 8.98 8.10 7.66 7.52 7.30 8.25 7.59 8.18 8.18 7.96 7.37 6.50 7.15 7.81 9.86 9.64 7.96 7.30 7.23 8.47 7.74 8.54 8.54 8.83 8.10 7.45 9.27 12.34 11.24 13.07 13.65 13.58 13.14 13.14 14.02 14.53 15.04 12.48 11.53 11.68 11.46 12.70 14.45 14.15 14.15 15.05 16.34 13.78 16.41 15.30 13.91 11.81 14.92 13.32 13.90 13.44 12.17
6.57 9.78 9.71 9.78 8.69 6.79 7.08 7.01 6.57 6.57 6.94 6.72 7.23 8.76 8.76 6.06 8.25 6.28 8.10 7.66 8.25 9.20 9.34 8.69 8.61 7.88 8.83 9.05 8.47 7.96 7.96 8.40 8.25 8.25 8.10 8.10 8.18 8.25 8.10 8.03 8.83 9.34 7.74 6.28 4.74 3.80 5.91 5.91 6.86 6.72 6.86 6.35 7.15 7.74 7.23 8.47 11.97 12.19 12.41 13.21 13.21 12.48 12.34 13.14 12.70 11.10 12.41 12.70 12.41 14.16 14.45 17.99 16.47 17.55 16.00 18.78 14.51 15.08 15.88 14.49 11.90 13.15 12.18 14.50
4.53 6.13 10.15 8.98 8.69 8.61 8.03 7.66 7.66 7.66 7.37 8.83 9.78 9.27 11.02 10.07 10.44 8.91 8.69 10.15 10.07 10.59 11.83 8.61 8.32 8.18 8.47 7.37 6.72 7.59 7.74 7.88 8.25 8.47 7.66 7.66 8.69 6.64 7.01 6.79 6.57 4.96 5.40 4.74 3.43 4.67 6.50 4.23 6.94 7.37 6.20 5.99 5.62 6.42 7.66 7.59 9.56 12.19 11.68 12.34 12.34 12.85 12.56 13.14 12.34 11.32 12.05 12.12 14.53 16.28 15.99 18.18 18.76 20.51 17.67 18.99 21.24 18.49 21.84 14.49 14.49 11.46 11.63 13.55
2.63 4.09 5.33 4.67 6.86 9.05 10.00 8.61 9.42 9.42 9.71 9.20 11.39 12.12 12.19 11.46 10.66 12.26 14.53 14.24 14.24 14.45 14.60 12.41 9.05 7.66 6.86 5.84 5.84 7.01 6.50 7.30 7.45 8.18 7.59 7.59 7.52 5.26 5.40 5.55 4.60 2.41 2.48 2.70 2.56 4.60 6.13 6.57 6.13 4.82 4.67 4.45 4.96 4.67 5.84 7.81 10.00 9.64 9.27 12.26 12.26 12.48 10.59 9.86 9.78 9.78 9.78 10.66 14.97 18.18 20.37 22.63 22.34 21.90 21.86 21.40 26.48 18.30 17.52 14.16 15.83 12.08 13.45 11.86
2.41 1.97 4.09 5.48 5.04 8.32 9.71 9.20 9.20 9.20 8.91 10.88 11.75 11.90 11.39 9.93 10.29 11.53 15.48 15.70 14.53 11.75 13.07 9.78 7.23 7.08 6.86 5.84 6.28 6.50 7.81 7.88 7.30 7.45 5.99 5.99 4.31 3.29 3.29 3.50 1.90 2.26 2.85 3.21 2.85 4.74 4.60 3.21 0.00 0.00 3.94 3.65 5.18 4.45 5.62 7.01 7.23 8.10 7.88 12.78 12.78 11.61 9.54 7.15 7.23 7.37 11.17 10.22 13.87 17.37 18.18 20.08 20.51 17.23 19.62 19.94 21.80 19.77 21.14 15.32 10.47 12.15 11.75 11.03
2.41 1.97 4.09 5.48 5.04 8.32 9.71 9.20 9.20 9.20 8.91 10.88 11.75 11.90 11.39 9.93 10.29 11.53 15.48 15.70 14.53 11.75 13.07 9.78 7.23 7.08 6.86 5.84 6.28 6.50 7.81 7.88 7.30 7.45 5.99 5.99 4.31 3.29 3.29 3.50 1.90 2.26 2.85 3.21 2.85 4.74 4.60 3.21 0.00 0.00 3.94 3.65 5.18 4.45 5.62 7.01 7.23 8.10 7.88 12.78 12.78 11.61 9.54 7.15 7.23 7.37 11.17 10.22 13.87 17.37 18.18 20.08 20.51 17.23 18.83 20.05 16.93 17.39 17.70 17.83 12.80 12.41 9.21 10.18
0.00 1.02 0.66 3.50 7.74 6.79 9.42 7.74 7.45 7.45 7.52 7.52 9.93 9.64 9.93 9.05 5.84 9.42 12.70 13.80 13.58 11.39 7.66 7.52 7.59 8.32 7.88 9.64 7.08 7.88 7.45 6.57 3.87 5.40 3.21 3.21 1.97 2.04 1.75 1.97 2.48 2.26 2.70 2.19 2.34 2.41 3.14 2.41 2.70 3.72 3.87 3.58 4.09 3.80 5.62 5.55 6.86 6.86 5.26 3.36 3.36 4.16 4.23 5.48 2.34 6.13 9.42 9.64 13.21 12.63 15.11 11.46 13.94 16.13 16.57 15.04 15.68 21.79 17.43 18.00 14.27 9.46 10.44 9.98
0.00 0.00 2.48 5.77 4.74 6.64 7.30 8.25 8.03 8.03 8.18 7.30 6.86 6.79 6.13 6.20 6.20 6.50 11.46 11.75 10.66 8.47 8.54 7.81 8.32 8.83 9.49 10.51 8.61 7.15 7.30 3.87 4.09 6.57 1.83 1.83 1.97 2.48 2.56 2.77 2.77 2.04 1.90 1.97 2.99 2.12 2.70 1.83 0.00 0.00 0.00 3.14 3.80 3.94 6.20 7.52 7.66 4.38 2.19 0.00 0.00 0.00 0.00 2.99 4.67 4.09 5.91 9.05 10.73 10.15 10.29 10.22 12.56 15.48 16.10 16.86 17.46 19.29 17.07 13.44 16.42 8.87 9.99 10.61
0.00 0.00 0.15 3.94 5.69 5.48 7.15 9.05 9.42 9.42 9.86 8.10 7.01 6.94 7.30 6.20 6.94 8.18 10.15 9.27 10.59 8.91 8.25 9.78 8.91 9.42 7.96 8.10 10.37 8.03 6.06 4.96 3.21 2.85 2.48 2.48 2.41 2.19 3.14 2.85 3.29 2.26 0.00 0.00 2.12 0.00 0.00 0.00 0.00 0.00 0.00 0.00 0.00 3.65 5.11 2.92 6.42 0.00 0.00 0.00 0.00 0.00 0.00 3.14 0.00 5.77 9.20 8.61 10.00 9.78 10.37 13.51 13.49 16.07 17.71 20.32 22.36 18.33 13.54 13.81 9.87 9.88 8.03 9.84
1.75 1.02 0.66 0.73 3.29 3.50 5.84 8.69 10.44 10.44 9.71 8.83 9.34 7.96 6.50 6.86 6.50 7.23 9.42 10.88 9.05 8.83 8.83 8.61 9.13 6.64 7.45 6.64 7.23 5.55 4.16 2.04 1.75 3.14 3.14 3.14 4.96 4.31 2.92 3.80 3.94 3.58 0.00 0.00 0.00 0.00 0.00 0.00 0.00 0.00 0.00 0.00 0.00 0.00 0.00 0.00 0.00 0.00 0.00 0.00 0.00 0.00 0.15 2.19 5.40 4.45 8.91 10.29 10.80 10.44 13.07 15.62 18.81 19.37 21.37 19.81 15.35 14.35 14.83 8.74 8.34 7.01 8.31 9.47
1.97 2.19 0.88 0.88 1.83 1.39 2.77 4.82 7.01 7.01 6.35 8.69 8.03 7.08 7.30 6.72 6.94 5.55 6.35 5.99 6.86 8.18 5.40 6.28 6.20 4.74 5.77 5.11 5.91 4.45 4.89 3.94 6.86 7.08 8.47 8.47 5.77 5.11 4.96 4.96 3.65 4.09 3.36 0.00 0.00 0.00 0.00 3.87 3.43 1.53 0.00 0.00 0.00 0.00 0.00 0.00 0.00 0.00 0.00 0.15 0.15 0.37 0.07 0.80 3.94 8.18 8.54 8.47 11.24 14.16 17.22 17.03 23.53 18.87 15.52 22.00 16.62 12.04 8.36 6.82 7.05 6.39 4.08 7.40
1.97 2.19 0.88 0.88 1.83 1.39 2.77 4.82 7.01 7.01 6.35 8.69 8.03 7.08 7.30 6.72 6.94 5.55 6.35 5.99 6.86 8.18 5.40 6.28 6.20 4.74 5.77 5.11 5.91 4.45 4.89 3.94 6.86 7.08 8.47 8.47 5.77 5.11 4.96 4.96 3.65 4.09 3.36 0.00 0.00 0.00 0.00 3.87 3.43 1.53 0.00 0.00 0.00 0.00 0.00 0.00 0.00 0.00 0.00 0.15 0.15 0.37 0.07 0.80 3.94 8.18 8.54 8.47 11.24 14.16 17.31 16.85 21.28 21.02 16.56 25.67 19.29 11.66 8.73 6.63 7.46 7.58 3.72 6.28
2.26 1.68 1.97 0.66 0.58 1.46 1.31 2.26 5.18 5.18 7.08 6.94 7.01 7.45 6.57 5.69 5.33 5.33 5.18 4.74 3.36 3.50 4.23 3.29 2.92 3.21 3.87 4.96 4.74 4.23 6.13 4.67 8.25 8.32 8.18 8.18 7.15 5.11 5.84 5.04 6.42 9.13 8.32 8.54 6.42 9.42 8.10 5.91 6.86 4.09 1.90 2.56 0.00 0.00 0.00 0.00 0.00 1.90 1.31 1.61 1.61 0.29 0.00 4.23 8.91 7.74 11.32 12.26 10.71 16.81 19.84 20.06 23.17 26.14 19.09 12.46 14.73 7.18 6.69 4.43 4.17 4.79 2.10 0.93
3.50 2.34 1.31 0.95 0.00 0.73 0.80 1.24 1.97 1.97 1.90 0.00 4.53 6.20 6.28 5.69 5.48 5.18 4.89 4.09 4.45 3.80 3.21 2.85 2.56 3.29 4.89 6.72 4.89 4.82 3.87 5.18 6.86 6.35 7.45 7.45 7.08 8.18 7.96 7.23 12.41 11.90 12.12 11.24 15.33 12.99 11.68 9.05 7.81 4.23 3.07 3.21 1.83 2.70 0.00 0.00 3.36 2.48 2.77 2.12 2.12 1.53 3.07 6.50 10.29 10.29 11.83 11.53 14.24 19.71 20.73 21.15 20.26 25.86 14.71 5.37 7.62 6.82 4.28 5.30 2.90 0.80 1.03 0.38
3.36 3.65 2.92 1.24 1.46 0.00 0.00 0.00 1.61 1.61 0.00 0.00 0.00 5.40 4.38 5.91 5.91 6.06 4.67 3.94 4.23 3.80 4.23 6.13 4.60 7.15 7.74 8.40 4.82 5.84 4.82 5.33 6.42 8.10 8.98 8.98 10.15 11.02 13.07 12.05 12.48 12.78 13.43 15.18 14.16 11.68 9.86 9.05 7.15 6.35 4.45 5.33 4.31 3.72 3.21 3.50 2.63 4.53 3.43 3.14 3.14 1.83 3.21 5.40 7.15 9.56 12.70 17.08 19.78 19.27 20.81 21.10 21.30 10.47 14.39 5.77 6.74 4.79 4.22 4.58 2.83 0.80 0.46 0.62
5.77 3.07 3.87 1.83 0.00 0.00 0.00 0.00 0.00 0.00 0.00 0.00 0.00 2.41 2.04 4.53 5.91 5.62 5.62 4.31 4.60 3.87 5.18 5.99 8.98 8.10 8.32 11.17 6.20 7.01 4.16 4.74 7.37 8.83 9.13 9.13 10.00 9.93 11.10 10.88 10.66 11.24 12.99 15.40 15.62 9.86 10.22 9.64 8.03 6.86 10.80 9.27 6.94 5.77 4.38 4.45 4.74 4.23 3.58 2.12 2.12 2.63 2.92 8.47 7.81 9.64 13.29 15.99 19.86 20.08 20.08 20.94 17.91 9.31 3.59 4.07 1.99 0.89 0.63 1.98 1.66 0.57 0.07 0.00
6.79 5.11 2.77 0.00 0.00 0.00 0.00 0.00 0.00 0.00 0.00 1.39 0.00 0.00 3.58 0.00 2.99 3.36 4.74 5.62 6.13 6.06 7.30 7.66 8.76 9.20 10.44 9.71 8.32 7.81 7.23 7.30 8.61 8.69 8.83 8.83 10.15 10.29 9.20 9.42 10.95 11.61 11.97 12.41 12.05 11.24 9.78 12.63 13.43 12.41 12.92 10.07 9.20 6.79 4.89 8.40 8.76 5.99 4.31 4.09 4.09 6.35 6.79 9.42 8.47 8.54 8.18 12.92 14.60 18.32 18.61 11.46 13.87 7.11 1.75 1.30 1.41 0.87 0.00 0.00 0.00 0.00 0.00 0.00
0.00 0.00 0.00 0.00 0.00 0.00 0.00 0.00 0.00 0.00 0.00 0.00 0.00 0.00 0.00 0.00 0.00 0.00 4.09 5.69 5.26 6.50 7.74 7.96 8.32 7.81 8.83 8.10 7.01 8.32 7.66 8.18 10.29 10.59 10.22 10.22 10.51 10.51 11.75 11.53 12.48 12.63 13.14 14.82 13.80 14.31 17.52 17.67 16.43 14.02 13.65 11.24 8.83 8.25 8.98 7.66 9.86 8.32 7.37 5.91 5.91 5.11 5.55 4.82 5.04 6.94 6.20 12.85 11.68 16.28 11.75 8.22 2.38 1.12 1.03 0.86 1.22 0.00 0.87 0.00 0.00 0.00 0.00 0.00
0.00 0.00 0.00 0.00 0.00 0.00 0.00 0.00 0.00 0.00 0.00 0.00 0.00 0.00 0.00 0.00 0.00 0.00 4.09 5.69 5.26 6.50 7.74 7.96 8.32 7.81 8.83 8.10 7.01 8.32 7.66 8.18 10.29 10.59 10.22 10.22 10.51 10.51 11.75 11.53 12.48 12.63 13.14 14.82 13.80 14.31 17.52 17.67 16.43 14.02 13.65 11.24 8.83 8.25 8.98 7.66 9.86 8.32 7.37 5.91 5.91 5.11 5.55 4.82 5.04 6.94 6.20 12.85 11.68 16.28 11.75 8.18 2.35 1.10 1.03 0.90 1.09 0.00 0.85 0.00 0.00 0.00 0.00 0.00
0.00 0.00 0.00 0.00 0.00 0.00 0.00 0.00 0.00 0.00 0.00 0.00 0.00 0.00 0.00 0.00 0.00 0.00 0.00 4.23 3.72 5.11 4.38 6.94 7.66 8.25 7.66 6.86 6.28 5.33 8.10 12.12 12.78 10.95 11.02 11.02 10.37 11.97 12.41 14.89 16.94 16.43 14.67 14.45 16.35 17.52 18.32 18.61 18.40 18.47 15.70 14.24 16.64 14.97 12.70 12.12 11.68 7.66 8.10 7.01 7.01 5.99 4.02 6.94 5.40 6.64 7.15 10.07 9.49 9.05 8.98 7.15 2.48 0.59 1.03 0.38 0.16 0.00 0.00 0.00 0.00 0.00 0.00 0.00
