Wansh/Snow_depth/snowdepth-1996/winter/1997020.txt
ncols 321
nrows 161
xllcenter 60
yllcenter 15 
cellsize  0.25 
NODATA_value -1
[rows 74 to 110 of 161, columns 84 to 167 of 321]
0.00 0.00 0.00 0.00 0.51 0.66 0.00 0.00 0.00 0.00 0.00 0.00 0.00 0.07 0.51 0.00 0.00 1.75 1.75 1.97 1.97 0.00 0.00 0.00 0.00 0.00 0.00 3.43 0.00 0.00 0.00 0.00 0.00 0.00 0.00 0.00 0.00 0.00 0.00 3.36 3.36 2.12 0.58 0.58 0.66 0.95 0.88 1.61 0.00 1.68 2.19 0.00 0.00 3.45 2.23 2.63 1.83 1.75 0.00 1.10 0.00 0.00 0.00 0.00 0.00 0.00 0.00 0.00 0.00 1.10 1.98 0.37 0.73 0.00 0.00 0.00 0.00 0.00 0.00 0.00 0.00 0.00 0.00 0.51
0.44 0.37 0.51 1.68 2.56 1.46 1.39 0.58 1.02 0.00 0.00 0.00 0.00 0.00 0.00 0.00 0.00 0.00 0.00 2.12 2.34 0.00 0.00 0.00 4.60 3.58 4.02 0.00 3.43 2.70 1.90 0.00 0.00 0.00 0.00 0.00 0.00 3.58 0.00 4.89 2.56 1.10 2.92 2.92 1.02 0.22 0.73 0.95 1.10 1.02 1.17 1.39 1.61 1.31 3.43 1.53 1.75 2.26 2.41 1.02 1.10 0.73 0.66 0.22 0.37 0.00 0.00 0.00 0.00 1.03 2.04 2.48 1.83 0.15 0.00 0.00 0.00 0.00 0.00 0.00 0.00 0.00 0.00 0.00
1.90 1.53 0.95 0.73 2.48 1.61 0.95 0.00 0.00 0.00 0.00 0.00 0.00 0.00 0.00 0.00 0.00 0.00 0.00 0.00 0.00 2.85 2.92 4.82 3.43 3.58 0.00 0.00 4.23 4.38 0.00 0.00 0.00 0.00 0.00 0.00 3.94 3.36 3.87 5.18 2.56 3.58 3.21 3.21 1.53 0.29 3.14 2.34 2.77 1.53 0.00 1.24 0.00 1.10 0.80 0.44 0.66 1.97 0.44 0.37 0.00 0.00 0.00 1.02 0.95 0.22 0.00 2.19 2.19 3.72 3.43 2.19 0.73 0.00 0.00 0.00 0.00 0.00 0.00 0.00 0.00 0.00 0.00 0.00
3.29 2.48 1.46 0.15 0.58 0.80 1.90 1.90 0.00 2.34 0.00 0.00 0.00 0.00 0.00 0.00 0.00 0.00 0.00 0.00 0.00 0.00 2.92 3.07 0.00 0.00 0.00 3.80 4.53 0.00 0.00 0.00 0.00 0.00 0.00 4.67 0.00 0.00 5.04 4.45 5.18 4.89 4.02 4.02 2.56 2.48 4.23 3.07 2.99 1.46 0.44 0.00 1.31 0.00 0.44 1.61 1.68 0.73 1.17 0.00 1.02 0.95 0.51 0.80 0.88 0.95 3.29 3.29 3.29 4.16 3.07 1.90 2.41 0.29 0.00 0.00 0.00 0.00 0.00 0.00 0.00 0.00 0.00 0.00
5.11 3.87 2.63 2.77 2.99 2.99 0.00 0.00 0.00 0.00 0.00 0.00 0.00 0.00 0.00 0.00 0.00 2.56 2.56 3.21 0.00 4.09 4.02 3.07 0.00 4.09 0.00 0.00 0.00 0.00 0.00 0.00 0.00 0.00 3.29 4.96 3.87 0.00 2.99 5.04 4.82 4.31 4.60 4.60 0.00 3.58 0.00 0.00 4.16 3.43 2.77 3.07 0.00 1.68 2.41 2.48 1.39 1.97 3.14 1.31 1.97 1.83 2.56 1.61 2.48 2.92 4.02 3.36 3.36 4.67 2.56 2.19 2.12 1.39 1.61 0.88 0.00 0.00 0.00 0.00 0.00 0.00 0.00 0.00
6.20 5.18 3.36 2.70 3.80 0.00 0.00 0.00 0.00 0.00 0.00 0.00 0.00 0.00 0.00 3.87 4.23 4.02 4.02 3.65 4.45 3.94 0.00 3.21 3.80 3.21 0.00 0.00 0.00 0.00 0.00 0.00 0.00 0.00 0.00 3.36 0.00 0.00 0.00 4.09 5.26 0.00 3.21 3.21 0.00 0.00 0.00 0.00 0.00 3.29 0.00 0.00 0.00 0.00 0.00 1.68 1.97 1.83 2.77 1.68 2.63 2.70 2.99 4.02 4.96 4.23 1.61 4.02 4.02 4.02 2.48 2.77 2.04 3.29 1.76 2.77 1.39 0.44 0.00 0.00 0.00 0.00 0.00 0.00
4.53 4.45 4.38 3.36 0.00 0.00 0.00 0.00 0.00 0.00 0.00 0.00 0.00 0.00 0.00 0.00 0.00 2.85 2.85 0.00 0.00 0.00 2.04 4.09 0.00 2.85 3.58 3.36 0.00 0.00 2.56 0.00 0.00 0.00 0.00 0.00 0.00 0.00 0.00 0.00 0.00 3.07 0.00 0.00 0.00 0.00 0.00 0.00 0.00 0.00 0.00 0.00 0.00 0.00 0.00 1.10 1.31 0.80 2.34 1.53 2.85 2.19 2.34 3.21 4.23 3.87 0.00 0.00 0.00 3.21 1.61 3.29 8.25 7.01 3.65 5.58 2.92 0.15 0.00 0.00 0.00 0.00 0.00 0.00
1.61 0.00 0.00 0.00 3.87 0.00 0.00 0.00 2.85 0.00 0.00 0.00 0.00 0.00 0.00 0.00 0.00 0.00 0.00 0.00 3.21 0.00 2.34 1.97 2.56 0.00 2.34 3.21 2.77 0.00 0.00 0.00 0.00 0.00 0.00 0.00 0.00 0.00 0.00 0.00 0.00 0.00 3.07 3.07 0.00 0.00 0.00 0.00 0.00 0.00 0.00 0.00 0.00 0.00 0.00 0.00 0.00 1.02 1.68 2.04 1.46 1.61 1.68 1.61 1.75 0.00 0.00 0.00 0.00 2.77 5.77 5.99 12.26 10.15 8.10 6.31 2.73 0.46 0.00 0.00 0.00 0.00 0.00 0.22
1.10 1.53 0.00 0.00 0.00 3.65 2.19 1.75 1.61 2.92 0.00 0.00 0.00 0.00 3.72 2.70 1.83 0.51 0.51 3.14 2.19 0.00 0.00 1.83 2.77 2.04 2.77 0.00 1.68 0.00 2.19 0.00 0.00 0.00 0.00 0.00 0.00 0.00 0.00 0.00 0.00 0.00 0.00 0.00 0.00 0.00 0.00 0.00 0.00 0.00 0.00 0.00 0.00 0.15 0.00 0.22 0.88 0.66 1.24 2.19 1.75 1.02 1.39 1.10 0.00 0.00 0.00 1.75 1.75 2.48 5.18 6.42 9.34 12.48 3.65 2.34 0.88 0.15 0.22 0.00 0.00 0.00 0.00 0.37
1.02 2.12 1.97 1.75 2.92 3.36 2.77 2.48 1.97 0.00 0.00 0.00 0.00 4.53 3.36 3.29 1.02 0.58 0.58 2.63 2.34 0.00 0.00 0.00 1.53 1.97 0.00 0.00 1.83 0.00 1.83 0.00 0.00 0.00 0.00 0.00 0.37 0.00 0.00 1.31 0.00 0.00 0.00 0.00 0.00 0.00 0.00 0.00 0.00 0.00 0.00 0.00 0.00 0.44 0.66 0.15 0.22 0.66 0.29 0.58 1.61 0.88 0.80 0.44 0.00 0.00 1.39 1.53 1.53 1.83 1.97 3.72 7.66 6.28 3.36 2.19 1.10 0.15 0.73 0.15 0.00 0.37 0.00 0.29
1.68 1.83 1.75 1.83 2.34 1.97 0.00 0.00 0.00 0.00 0.00 2.56 2.99 2.77 3.14 0.00 0.00 3.43 3.43 0.00 2.99 0.00 2.77 2.12 2.63 0.00 0.00 0.00 0.00 2.04 0.00 0.00 0.00 1.97 0.00 0.00 0.00 0.00 1.53 0.00 0.00 0.00 0.00 0.00 0.00 0.00 0.00 0.00 0.00 0.00 0.00 0.00 0.00 0.80 1.17 1.39 0.15 1.46 0.88 0.22 0.73 0.51 0.66 0.44 0.44 0.44 0.58 1.24 1.24 1.68 1.17 2.04 2.41 2.56 2.41 2.48 1.61 0.80 0.88 0.95 1.02 1.39 0.15 0.00
0.95 1.24 1.39 1.46 1.17 1.75 0.00 0.00 0.00 0.00 0.00 2.77 1.97 0.00 0.00 0.00 0.00 2.04 2.04 0.00 3.14 3.65 2.34 0.00 2.63 0.00 2.85 0.00 1.90 0.00 0.00 3.21 2.85 2.77 2.77 0.00 0.00 0.00 1.10 0.00 0.00 2.19 0.00 0.00 0.00 0.00 0.00 0.00 1.61 1.10 1.17 0.00 1.31 0.00 3.21 2.92 2.26 3.50 0.44 0.22 0.07 0.67 0.30 1.10 1.17 0.37 1.02 1.53 1.53 1.02 1.24 1.31 0.95 0.80 0.37 0.95 0.88 1.61 1.39 1.97 1.90 1.02 0.80 0.00
0.22 0.73 0.95 2.04 1.68 2.48 2.12 0.00 0.00 2.41 1.90 2.19 0.00 0.00 0.00 0.00 4.82 3.72 3.72 4.31 4.60 5.55 4.74 4.89 4.45 0.00 3.58 3.43 3.50 3.07 3.87 0.00 3.21 3.14 2.63 0.00 0.00 3.50 4.53 4.67 2.92 4.60 2.77 2.77 2.12 1.83 1.68 1.83 1.75 0.88 0.80 0.73 0.88 4.02 6.86 9.13 7.30 5.77 6.06 3.14 1.97 0.66 1.94 2.56 2.56 2.48 1.61 1.17 1.17 2.19 4.38 4.16 5.99 4.53 1.53 1.02 1.46 1.61 2.41 1.97 2.04 1.68 1.31 0.29
1.53 2.04 1.31 1.90 0.00 0.00 1.10 0.00 0.00 0.00 0.00 0.00 0.00 0.00 0.00 2.56 2.19 4.60 4.60 3.65 4.74 5.91 4.53 4.45 3.36 2.92 3.43 3.36 3.72 3.07 0.00 2.56 2.99 3.50 3.07 0.00 3.21 4.82 5.40 5.91 3.29 3.50 3.21 3.21 2.70 2.41 1.75 1.75 2.56 1.02 1.83 0.15 0.22 2.12 6.13 6.86 6.72 8.76 5.55 4.89 3.50 1.97 1.83 2.56 1.93 4.23 2.99 1.75 1.75 2.70 2.70 3.14 5.77 2.19 1.17 1.75 1.10 2.19 1.75 1.97 2.19 1.17 1.39 0.73
1.10 1.10 0.00 1.83 0.00 0.00 0.00 0.00 0.00 0.00 0.00 0.00 0.00 0.00 1.53 3.36 3.21 3.94 3.94 3.43 3.43 5.40 5.40 3.87 4.45 4.02 3.50 3.94 2.77 0.00 2.70 4.23 3.72 2.77 3.80 3.72 2.70 3.87 4.16 3.29 3.50 2.56 2.70 2.70 4.16 2.99 3.14 4.16 2.70 1.90 1.68 0.95 2.77 3.36 4.53 5.33 5.62 6.42 4.74 4.67 3.43 1.68 2.19 3.50 4.06 7.03 5.18 2.26 2.26 5.62 5.40 4.74 5.18 3.80 2.04 2.04 1.24 1.53 1.90 2.12 1.83 0.88 0.66 0.00
1.90 1.02 1.10 0.00 0.00 0.00 0.00 0.00 0.00 0.00 0.00 0.00 0.00 1.97 0.00 2.99 4.02 2.63 2.63 2.63 4.02 4.96 3.80 3.87 4.31 4.38 4.67 2.99 3.14 2.77 3.87 4.09 4.23 4.89 3.87 3.07 3.07 2.99 3.80 3.36 3.43 3.65 2.34 2.34 2.70 2.70 6.13 5.62 4.60 5.99 4.02 3.07 6.57 5.18 4.23 4.89 6.72 4.82 4.30 4.06 1.83 2.48 4.17 4.53 6.08 7.83 9.14 8.61 8.61 5.18 4.53 5.48 5.26 4.16 3.14 2.04 2.04 2.34 1.39 2.22 2.05 0.83 0.66 1.17
1.75 0.95 0.95 1.17 0.00 0.44 0.00 0.00 0.00 0.00 0.00 0.00 0.00 0.00 1.83 2.12 0.00 0.00 0.00 3.07 0.00 4.09 3.29 2.77 3.43 3.21 3.72 2.85 2.77 3.87 3.50 4.38 5.33 4.23 4.23 3.72 2.99 0.00 3.14 0.00 3.29 2.92 1.24 1.24 3.21 3.65 5.26 5.77 5.99 6.86 7.23 5.33 10.29 11.02 8.03 10.22 11.24 5.69 2.70 1.61 1.58 2.41 4.72 7.15 12.34 13.51 11.49 12.22 11.83 7.26 6.13 6.13 5.40 4.67 3.50 3.14 2.70 2.04 2.14 0.99 2.31 1.23 1.28 1.44
1.02 0.37 1.17 1.39 0.66 0.51 0.15 0.29 0.00 0.00 0.00 0.00 0.00 0.00 0.00 0.00 0.00 0.00 0.00 0.00 2.04 2.99 2.99 0.00 0.00 3.14 0.00 0.00 0.00 0.00 0.00 3.65 3.72 3.58 3.80 2.99 0.00 0.00 0.00 0.00 0.00 1.97 0.00 0.00 0.00 1.10 3.29 5.40 3.50 4.74 6.35 7.74 14.75 13.29 18.10 15.70 9.05 8.98 4.28 4.20 1.90 6.13 6.85 8.82 13.54 15.57 15.77 12.78 12.84 8.74 6.24 7.37 6.64 6.20 4.40 3.36 2.85 3.21 2.42 2.35 3.86 1.46 1.38 2.97
0.88 0.37 0.15 0.66 0.58 0.73 0.44 1.10 0.00 0.44 0.00 0.00 0.00 0.00 0.00 0.00 0.00 0.00 0.00 0.00 1.83 0.00 2.63 0.00 0.00 0.00 0.00 0.00 0.00 0.00 0.00 0.00 2.48 2.70 0.00 2.56 0.00 0.00 0.00 0.00 0.00 0.00 0.00 0.00 0.22 0.00 2.19 3.50 2.19 2.92 4.31 10.59 12.34 15.77 18.91 19.86 13.43 16.79 12.92 6.06 5.90 6.50 6.64 8.12 13.33 16.90 16.55 9.13 9.13 6.80 6.83 8.41 9.17 9.12 6.90 3.83 3.14 5.26 4.97 3.87 5.45 4.06 4.40 5.47
0.66 0.00 0.00 0.66 1.10 1.10 1.10 1.31 0.80 0.66 1.10 0.00 0.00 0.00 0.00 0.00 1.97 2.56 2.56 0.00 0.00 2.26 0.00 1.75 0.00 0.00 0.00 0.00 0.00 0.00 0.00 0.00 0.00 0.00 0.00 0.00 0.00 0.00 0.00 0.00 0.00 0.00 0.00 0.00 0.00 0.37 1.31 1.90 2.26 4.53 5.55 8.10 11.32 14.53 16.06 21.24 21.26 24.82 22.63 17.23 12.92 9.36 8.21 8.68 10.97 13.40 5.80 6.50 6.50 3.83 5.27 9.76 9.86 9.24 9.34 6.90 4.82 5.85 6.12 5.49 6.04 6.48 6.49 4.87
0.44 0.58 0.00 1.17 0.80 1.17 1.17 0.58 0.00 1.46 1.10 0.22 0.00 0.00 0.00 2.48 2.04 2.19 2.19 0.00 0.00 0.00 0.00 0.00 0.00 0.00 0.00 0.00 0.00 0.00 0.00 0.00 0.00 0.00 0.00 0.00 0.00 0.00 0.00 0.00 0.22 0.00 0.00 0.00 0.00 0.51 0.80 1.90 5.26 6.20 6.35 11.24 9.53 13.32 13.45 19.34 23.78 23.07 28.47 19.13 16.72 10.20 8.68 8.95 9.03 11.13 5.79 3.72 3.74 4.19 7.07 8.60 9.28 8.20 9.42 9.42 6.78 4.99 3.51 4.82 6.07 6.04 5.21 3.75
0.66 0.80 1.02 0.73 1.31 0.51 1.10 0.00 0.00 0.00 0.58 0.00 0.00 0.00 0.00 1.10 0.00 0.00 0.00 0.00 0.00 2.70 0.00 0.00 0.00 3.21 1.97 0.66 1.10 0.00 0.00 0.00 0.00 0.00 0.00 1.17 0.00 0.00 0.00 0.00 0.00 0.00 0.15 0.15 0.00 1.17 1.10 6.57 9.13 11.17 9.20 13.80 12.26 10.32 21.46 19.42 22.99 26.22 24.23 16.30 14.97 13.50 10.18 6.29 6.98 7.11 5.09 3.82 3.82 2.80 3.25 4.54 8.13 7.18 7.56 4.48 4.54 5.11 1.95 2.38 4.87 5.07 4.97 4.31
1.39 1.10 0.37 1.31 0.66 1.02 0.88 1.31 1.02 1.02 0.88 0.66 0.00 0.00 0.00 0.00 0.00 0.00 0.00 0.00 0.00 0.00 0.00 0.00 0.00 0.00 0.00 1.97 1.83 0.07 0.00 0.00 0.00 0.00 0.00 0.00 0.00 0.00 0.00 0.00 0.00 0.00 2.41 2.41 0.37 0.29 2.41 10.07 15.84 15.84 15.18 16.64 14.82 19.37 19.81 18.09 17.67 17.50 19.65 14.28 15.94 15.21 11.29 7.96 7.30 6.43 5.17 1.93 1.90 1.70 1.48 3.15 3.90 5.24 4.38 2.79 2.08 3.02 1.13 1.17 3.24 3.31 5.89 4.14
0.00 0.00 0.00 1.10 1.24 1.97 1.83 4.82 1.10 2.63 2.48 0.00 0.00 0.00 0.00 0.00 0.00 0.00 0.00 0.00 0.00 0.00 0.00 0.00 0.00 2.41 2.04 3.07 1.10 0.51 1.53 0.44 0.00 1.90 1.46 0.00 1.02 0.00 0.00 0.00 3.58 2.99 7.23 7.23 1.02 1.68 14.97 17.96 19.49 20.22 17.54 17.42 18.88 22.62 18.42 16.80 13.58 12.78 14.91 12.77 13.94 14.60 14.91 10.22 7.19 6.51 4.30 1.51 1.47 0.95 1.39 1.15 3.50 2.69 2.93 2.41 1.30 1.45 1.27 1.19 3.48 4.40 2.42 4.01
1.68 0.00 1.90 2.04 7.59 3.50 9.78 8.91 10.37 9.42 11.61 2.04 2.99 4.53 3.65 2.12 1.83 2.70 2.70 0.00 0.00 0.00 0.00 0.00 2.19 1.83 1.83 1.61 1.68 2.04 1.61 2.12 1.10 1.02 1.46 1.46 1.97 0.00 0.00 1.97 3.36 5.18 6.42 6.42 11.02 15.70 12.85 14.38 15.62 12.34 15.58 20.14 20.35 14.35 15.21 13.72 15.21 16.97 19.27 18.49 15.41 13.92 12.79 11.14 7.37 4.18 3.61 1.20 1.18 0.00 0.44 0.91 2.63 4.15 3.89 1.61 0.30 0.16 0.00 0.16 0.63 1.17 2.16 3.27
4.45 6.79 4.89 6.42 10.95 9.93 15.33 14.31 9.56 9.05 9.42 12.63 14.09 9.78 6.50 4.53 3.87 2.41 2.41 0.00 1.39 1.10 0.00 0.00 2.26 0.88 1.53 1.17 2.26 1.90 1.61 1.83 1.17 0.73 1.10 1.53 4.82 3.36 2.77 0.37 1.24 3.29 6.57 6.57 9.56 12.26 8.18 10.00 11.06 9.20 11.36 14.60 9.94 9.10 11.31 13.28 14.51 13.42 18.11 20.55 17.25 13.92 11.24 8.28 5.26 5.26 3.45 1.93 1.90 0.00 0.00 0.00 1.32 2.25 3.42 1.61 0.37 0.15 0.00 0.00 0.00 0.74 1.49 3.12
6.35 9.93 8.40 8.61 8.25 16.06 17.23 16.64 12.26 5.62 4.89 14.60 14.45 11.10 10.15 5.84 3.36 2.70 2.70 2.19 1.10 0.73 0.00 0.00 0.44 0.00 0.58 0.07 1.61 2.19 0.95 0.80 1.24 1.31 2.26 4.82 1.90 2.70 1.68 0.44 0.22 1.61 5.18 5.18 6.50 7.66 2.85 4.20 8.92 7.62 8.86 10.79 11.81 11.17 10.40 9.51 10.03 9.17 13.68 17.26 18.60 17.06 12.41 6.35 7.15 4.10 2.61 0.37 0.41 0.00 0.00 0.00 2.14 3.06 3.44 3.10 0.73 0.00 0.00 0.00 0.00 0.88 1.42 2.10
0.00 5.26 7.01 2.70 12.34 9.05 15.48 14.38 13.14 8.03 11.46 10.59 11.39 7.01 6.28 7.15 3.21 2.77 2.77 1.31 1.39 1.31 0.58 0.00 0.15 0.00 0.00 0.00 1.68 0.37 1.10 1.31 0.51 1.24 2.34 2.48 1.31 0.66 0.00 0.29 0.00 0.00 1.68 1.68 1.46 1.17 2.34 3.15 4.82 7.70 7.95 8.91 12.33 12.46 8.29 9.86 7.71 7.40 8.13 12.55 18.55 19.60 14.75 11.46 12.05 4.71 1.12 0.55 0.53 0.00 0.16 0.28 0.66 3.84 1.83 2.47 0.96 0.31 0.00 0.00 0.68 1.34 3.93 2.24
0.00 5.91 0.00 0.00 0.00 2.85 9.56 13.72 13.14 11.83 8.69 4.31 6.57 3.43 2.92 3.94 1.39 2.48 2.48 1.39 1.53 0.73 0.37 0.37 0.00 0.00 0.51 0.51 0.00 0.07 0.22 0.58 0.22 0.37 1.10 1.90 0.29 0.29 0.00 0.00 0.00 0.00 0.00 0.00 0.95 0.95 1.97 3.43 5.18 6.20 7.49 6.12 7.89 10.31 8.76 8.03 5.99 8.68 14.83 18.43 14.75 17.92 19.49 16.55 17.31 10.46 2.54 1.73 1.74 0.34 0.00 0.00 0.89 1.24 0.72 1.31 0.89 0.81 0.00 0.00 0.16 1.12 3.42 2.60
0.00 0.00 0.00 0.00 0.00 6.06 6.50 11.24 15.70 14.38 8.54 4.09 4.23 0.00 0.00 0.88 1.46 0.80 0.80 2.26 0.00 0.73 0.00 0.00 0.00 0.00 0.00 0.00 0.00 0.00 0.07 0.07 0.29 0.00 0.44 0.00 0.00 0.00 0.00 0.00 0.00 0.00 0.00 0.00 0.00 0.73 1.25 3.87 2.30 4.29 6.17 8.04 8.72 9.09 6.05 6.99 8.53 15.30 13.04 14.60 13.26 19.16 19.28 20.39 13.33 15.62 5.19 5.10 5.97 2.62 2.65 0.33 0.00 0.26 0.08 1.17 0.24 0.73 0.00 0.00 0.00 1.23 3.33 1.30
0.00 0.00 0.00 0.00 0.00 2.63 6.06 7.59 14.53 8.47 9.64 6.13 4.31 2.70 1.61 3.50 3.36 1.24 1.24 0.15 0.00 0.00 0.00 0.00 0.00 0.00 0.00 0.00 0.00 0.00 0.44 0.00 0.00 0.00 0.00 0.37 0.51 0.00 0.00 0.00 0.00 0.00 0.00 0.00 0.22 0.00 0.22 0.99 1.26 2.02 3.35 8.32 7.42 9.46 9.37 12.04 6.87 9.04 13.78 19.60 20.21 13.38 18.36 20.53 19.24 16.42 12.41 9.60 10.74 3.30 4.16 2.17 1.23 0.00 0.00 0.37 0.25 0.15 0.08 0.00 0.25 1.02 2.71 1.15
0.00 0.00 0.00 0.00 0.00 0.00 5.26 1.97 8.10 11.61 8.91 6.72 9.20 7.23 4.96 7.63 6.27 2.04 2.04 0.00 0.00 0.00 0.00 0.00 0.00 0.00 0.00 0.00 0.00 0.00 0.22 0.00 0.00 0.00 0.00 1.31 0.73 0.00 0.00 0.00 0.51 0.00 0.00 0.00 0.00 0.00 0.22 0.07 2.60 4.14 4.09 11.03 10.40 5.40 7.67 10.12 0.00 0.00 7.56 11.43 17.99 18.99 17.40 17.86 21.49 16.48 17.07 6.73 6.87 5.91 6.69 3.48 0.53 0.08 0.00 0.36 0.55 0.00 0.00 0.00 0.00 0.00 1.69 1.43
0.00 0.00 0.00 0.00 0.00 0.00 0.00 0.00 3.14 4.60 8.69 12.34 7.45 8.10 9.64 7.41 8.69 3.95 3.69 3.65 2.19 0.66 0.88 0.00 0.00 0.00 0.00 0.00 0.00 0.00 0.00 0.00 0.37 0.00 0.29 0.58 0.95 0.15 0.00 3.87 3.50 0.00 0.00 0.00 1.31 0.00 0.00 0.85 7.85 10.47 10.00 11.06 9.30 0.00 2.22 3.86 0.00 0.00 0.00 0.00 12.78 16.16 14.87 11.99 19.11 16.52 13.06 10.15 12.41 9.02 5.99 2.99 1.80 0.67 0.00 0.00 0.80 0.00 0.00 0.00 0.00 0.00 0.00 0.00
0.00 0.00 0.00 0.00 0.00 0.00 0.00 0.00 2.34 0.00 0.00 3.94 0.00 0.00 0.00 4.89 6.64 3.36 3.42 4.82 6.79 6.57 5.77 4.82 2.77 1.68 1.97 3.43 0.00 0.00 0.00 2.77 1.17 0.07 0.73 5.91 3.21 7.59 6.79 7.04 10.76 6.78 7.23 7.23 11.17 7.81 4.45 5.80 4.95 5.75 0.00 0.00 0.00 0.00 0.00 0.00 0.00 0.00 0.00 0.00 0.00 7.19 7.82 13.30 14.96 16.78 14.75 9.68 10.83 8.03 7.36 4.00 2.48 0.44 0.00 0.00 0.33 0.00 0.00 0.00 0.00 0.00 0.00 0.00
0.00 0.00 0.00 0.00 0.00 0.00 0.00 0.00 0.00 0.00 0.00 0.00 0.00 0.00 0.00 0.00 5.62 5.33 5.33 3.58 7.74 6.28 5.48 5.69 3.07 3.73 4.42 4.31 4.82 0.00 3.72 4.38 2.70 1.61 5.91 5.11 8.47 8.54 9.20 9.56 11.58 16.91 12.70 14.19 13.21 10.66 6.13 3.67 4.49 2.87 0.00 0.00 0.00 0.00 0.00 0.00 0.00 0.00 0.00 0.00 0.00 0.00 0.00 7.86 9.44 12.21 9.66 6.42 6.42 0.00 3.97 4.39 0.00 0.00 0.00 0.00 0.00 0.00 0.00 0.00 0.00 0.00 0.00 0.00
0.00 0.00 0.00 0.00 0.00 0.00 0.00 0.00 0.00 0.00 0.00 0.00 0.00 0.00 0.00 0.00 0.00 0.00 0.00 0.00 0.00 6.50 3.58 4.89 0.44 1.69 4.10 4.02 4.60 3.87 2.77 2.77 2.37 0.07 1.75 7.49 6.72 6.64 6.94 5.33 9.14 15.55 14.45 18.35 12.01 8.91 8.14 2.09 0.14 0.00 0.00 0.00 0.00 0.00 0.00 0.00 0.00 0.00 0.00 0.00 0.00 0.00 0.00 0.00 0.00 5.28 0.00 0.00 0.00 0.00 0.00 0.00 0.00 0.00 0.96 0.00 0.00 0.00 0.00 0.00 0.00 0.00 0.00 0.00
0.00 0.00 0.00 0.00 0.00 0.00 0.00 0.00 0.00 0.00 0.00 0.00 0.00 0.00 0.00 0.00 0.00 0.00 0.00 0.00 0.00 0.00 2.04 2.48 0.00 0.00 4.09 3.72 3.29 3.65 0.00 1.81 2.03 0.58 0.00 0.92 6.57 3.87 3.07 0.00 4.45 11.90 5.14 5.87 6.28 7.35 8.21 0.00 0.00 0.00 0.00 0.00 0.00 0.00 0.00 0.00 0.00 0.00 0.00 0.00 0.00 0.00 0.00 0.00 0.00 0.00 0.00 0.00 0.00 0.00 0.00 0.00 0.00 0.00 0.00 0.00 0.00 0.00 0.00 0.00 0.00 0.00 0.00 0.00
