Wansh/Snow_depth/snowdepth-1981/spring/1981070.txt
ncols 321
nrows 161
xllcenter 60
yllcenter 15 
cellsize  0.25 
NODATA_value -1
[rows 0 to 36 of 161, columns 0 to 83 of 321]
16.43 16.43 23.80 27.74 27.59 25.84 25.40 27.59 29.35 26.94 24.38 24.31 23.14 22.85 22.05 21.53 20.00 19.86 20.29 19.78 18.61 18.47 17.74 17.89 18.25 17.30 17.30 16.86 17.96 17.96 17.01 17.45 17.52 18.54 18.61 17.23 16.79 19.27 23.00 24.60 25.19 23.43 22.63 21.61 20.88 24.53 25.77 24.16 23.58 23.14 22.27 22.27 20.88 21.02 23.51 26.06 27.67 28.32 28.03 28.25 28.69 30.15 32.12 31.76 27.67 29.71 28.32 28.32 27.01 24.53 24.89 24.09 24.31 24.53 24.67 26.21 26.21 25.92 24.97 24.53 23.80 24.45 24.31 26.94
21.68 21.68 23.65 26.28 28.25 26.86 25.62 25.77 23.58 21.68 20.81 20.66 20.08 20.22 20.29 19.86 19.64 19.42 19.05 17.08 17.59 18.47 18.47 15.40 16.35 17.16 17.16 17.37 17.52 18.03 18.25 17.37 16.72 17.23 18.61 18.03 17.81 21.10 21.02 20.08 18.69 17.89 17.59 17.45 19.71 17.23 17.45 18.91 21.17 22.41 22.56 22.56 20.81 20.29 21.39 25.04 24.60 25.26 25.77 26.13 25.62 25.99 26.06 20.66 21.61 23.43 21.46 20.00 18.10 14.38 16.79 20.44 21.39 21.02 23.43 24.97 24.97 26.50 26.43 27.38 27.59 27.38 25.55 24.60
23.29 23.29 24.16 24.24 26.13 24.97 25.92 22.34 21.75 20.95 18.91 18.18 18.18 18.18 18.18 18.61 17.81 18.47 19.49 20.15 19.93 21.24 20.59 19.05 18.25 18.10 18.10 19.27 19.27 19.13 18.76 18.03 17.81 17.52 19.20 21.10 21.46 20.81 19.35 19.78 17.45 15.48 15.04 15.91 13.58 15.84 16.28 18.18 19.49 20.66 20.44 20.44 18.98 18.69 18.18 18.69 20.51 20.95 21.02 23.80 24.53 25.11 24.45 21.97 18.76 21.53 23.51 23.21 23.29 21.90 21.83 21.75 21.17 22.85 23.80 24.38 24.38 25.11 25.92 24.38 23.65 23.58 23.00 21.75
23.29 23.29 24.16 24.24 26.13 24.97 25.92 22.34 21.75 20.95 18.91 18.18 18.18 18.18 18.18 18.61 17.81 18.47 19.49 20.15 19.93 21.24 20.59 19.05 18.25 18.10 18.10 19.27 19.27 19.13 18.76 18.03 17.81 17.52 19.20 21.10 21.46 20.81 19.35 19.78 17.45 15.48 15.04 15.91 13.58 15.84 16.28 18.18 19.49 20.66 20.44 20.44 18.98 18.69 18.18 18.69 20.51 20.95 21.02 23.80 24.53 25.11 24.45 21.97 18.76 21.53 23.51 23.21 23.29 21.90 21.83 21.75 21.17 22.85 23.80 24.38 24.38 25.11 25.92 24.38 23.65 23.58 23.00 21.75
20.37 20.37 19.64 20.95 22.34 22.92 21.39 20.88 19.64 18.69 16.86 15.84 15.33 15.55 16.79 17.08 16.35 16.35 17.59 21.02 20.29 19.05 19.35 19.56 19.64 19.13 19.13 18.69 17.30 16.94 17.96 18.83 18.69 18.32 18.10 18.47 17.52 16.79 17.59 19.13 17.23 17.81 17.01 18.18 18.03 17.96 18.40 19.27 18.98 19.13 19.05 19.05 19.56 18.18 18.47 18.54 19.27 19.86 19.56 21.75 23.43 24.31 22.63 22.78 21.46 20.95 20.66 20.66 21.24 22.41 21.75 22.78 24.89 24.24 24.38 23.29 23.29 23.94 23.65 22.05 19.78 19.64 18.47 17.96
19.49 19.49 21.46 22.34 23.29 22.70 20.15 18.18 16.64 16.28 17.30 15.55 14.02 14.53 14.75 14.67 14.60 14.38 15.11 16.35 16.79 16.72 16.06 14.89 14.97 15.33 15.33 15.55 14.67 15.55 17.23 19.64 20.88 19.86 18.32 17.37 15.77 16.13 16.79 18.40 18.47 18.98 17.45 15.70 15.33 14.97 15.91 15.99 15.26 14.02 14.82 14.82 16.13 16.43 16.21 17.30 19.20 19.20 18.98 19.64 21.68 18.91 21.24 22.12 22.63 22.85 22.05 20.37 19.56 20.51 20.51 21.10 23.80 23.73 23.00 22.27 22.27 22.12 21.10 20.51 18.83 17.89 15.91 15.99
21.02 21.02 20.95 21.10 21.75 21.61 21.39 20.08 18.47 15.48 13.72 13.43 13.21 12.78 12.85 12.34 13.58 14.24 14.31 13.65 15.99 15.04 14.67 14.53 13.87 14.38 14.38 15.18 14.89 16.28 18.69 20.15 20.22 19.05 17.59 16.79 15.77 16.06 16.79 19.05 19.93 19.71 12.41 11.32 13.07 14.89 14.16 12.56 11.90 10.80 9.78 9.78 10.80 14.89 18.91 19.78 19.42 18.91 19.56 19.05 19.93 16.86 18.76 20.08 20.73 19.64 19.93 21.61 20.95 19.86 18.40 18.91 18.83 17.52 16.57 17.01 17.01 17.67 17.74 17.37 16.43 19.27 18.69 17.59
21.02 21.02 20.95 21.10 21.75 21.61 21.39 20.08 18.47 15.48 13.72 13.43 13.21 12.78 12.85 12.34 13.58 14.24 14.31 13.65 15.99 15.04 14.67 14.53 13.87 14.38 14.38 15.18 14.89 16.28 18.69 20.15 20.22 19.05 17.59 16.79 15.77 16.06 16.79 19.05 19.93 19.71 12.41 11.32 13.07 14.89 14.16 12.56 11.90 10.80 9.78 9.78 10.80 14.89 18.91 19.78 19.42 18.91 19.56 19.05 19.93 16.86 18.76 20.08 20.73 19.64 19.93 21.61 20.95 19.86 18.40 18.91 18.83 17.52 16.57 17.01 17.01 17.67 17.74 17.37 16.43 19.27 18.69 17.59
19.42 19.42 19.64 19.78 17.81 18.10 16.79 17.08 17.96 16.72 14.82 15.04 15.33 14.31 14.31 14.24 14.24 16.50 17.45 15.40 16.06 16.64 16.21 14.97 14.97 14.60 14.60 15.18 16.13 17.37 18.69 18.91 17.52 14.53 14.09 14.97 15.40 14.82 14.97 14.09 19.49 10.88 10.80 9.86 9.86 10.44 11.61 12.19 11.75 11.97 10.66 10.66 11.46 13.43 16.64 18.91 18.25 18.25 19.35 19.49 16.86 19.27 16.28 15.48 15.40 17.45 18.40 18.69 20.08 19.86 19.42 17.59 15.99 15.77 16.06 15.62 15.62 15.04 12.05 10.95 13.21 14.97 16.43 15.70
17.08 17.08 17.89 15.33 16.94 16.35 15.18 14.09 14.82 14.02 14.45 14.75 15.18 14.82 14.67 13.65 15.70 15.62 14.97 13.21 13.87 16.72 15.99 15.40 15.33 15.99 15.99 17.67 18.69 17.23 17.23 16.94 16.21 16.50 16.50 16.50 14.16 13.07 13.58 12.92 14.53 15.11 13.07 11.68 10.59 9.20 7.96 9.64 11.97 13.94 13.51 13.51 11.39 12.78 11.75 13.65 14.89 16.13 17.81 19.13 13.87 14.75 13.07 13.58 11.24 12.56 11.39 12.34 14.75 15.33 14.31 14.31 14.31 13.65 16.43 17.96 17.96 13.21 10.51 10.15 11.61 11.68 11.75 12.12
14.82 14.82 12.05 12.92 15.26 14.82 15.04 13.65 14.24 14.45 14.60 14.89 14.38 14.60 14.02 13.36 13.65 14.60 17.01 15.11 13.94 12.70 11.75 12.70 13.29 16.50 16.50 15.55 12.05 11.53 12.12 13.58 14.24 17.52 18.18 17.96 16.64 13.87 14.09 17.16 16.79 15.26 16.06 16.28 15.33 13.80 11.68 10.29 11.02 12.41 15.18 15.18 14.45 11.75 8.25 5.84 6.50 11.90 15.11 6.94 7.45 9.86 8.54 10.37 12.26 16.50 11.32 6.94 10.15 13.43 13.87 13.80 15.40 15.40 15.40 14.67 14.67 14.31 13.58 12.99 11.53 11.10 11.17 11.75
14.82 14.82 12.05 12.92 15.26 14.82 15.04 13.65 14.24 14.45 14.60 14.89 14.38 14.60 14.02 13.36 13.65 14.60 17.01 15.11 13.94 12.70 11.75 12.70 13.29 16.50 16.50 15.55 12.05 11.53 12.12 13.58 14.24 17.52 18.18 17.96 16.64 13.87 14.09 17.16 16.79 15.26 16.06 16.28 15.33 13.80 11.68 10.29 11.02 12.41 15.18 15.18 14.45 11.75 8.25 5.84 6.50 11.90 15.11 6.94 7.45 9.86 8.54 10.37 12.26 16.50 11.32 6.94 10.15 13.43 13.87 13.80 15.40 15.40 15.40 14.67 14.67 14.31 13.58 12.99 11.53 11.10 11.17 11.75
10.66 10.66 10.44 11.53 13.94 14.45 14.53 15.91 14.97 15.11 15.11 15.18 15.26 15.18 15.18 15.84 13.94 15.18 16.64 16.21 13.94 12.92 12.56 12.63 13.07 12.92 12.92 11.75 10.80 10.37 10.44 11.53 12.48 15.62 18.32 19.35 17.96 16.79 17.89 18.47 19.56 20.00 19.20 18.32 17.45 16.79 15.84 14.45 12.85 12.56 13.94 13.94 17.01 14.31 7.15 0.00 2.99 6.72 11.75 6.86 4.09 5.55 7.23 11.17 13.07 17.37 11.90 3.72 4.31 12.85 15.18 15.62 15.18 14.09 10.66 6.64 6.64 11.10 14.09 13.72 12.70 12.85 9.86 0.00
15.99 15.99 16.06 15.84 14.97 13.43 12.34 14.53 15.84 15.84 15.33 15.33 15.99 17.59 17.89 17.45 16.72 15.91 13.14 12.41 12.92 12.41 11.68 11.02 11.68 11.24 11.24 10.00 8.40 7.30 12.19 14.16 15.26 18.47 20.00 19.35 18.91 18.25 19.86 19.93 20.66 21.61 21.61 21.24 18.83 15.62 13.51 13.72 14.89 12.85 14.45 14.45 16.28 13.65 10.07 7.23 9.13 11.24 13.72 11.90 10.95 0.00 4.74 10.88 14.53 14.75 13.29 9.49 6.86 8.83 12.48 12.63 14.09 12.99 9.86 7.08 7.08 8.98 10.51 11.68 11.83 10.29 0.00 0.00
15.77 15.77 15.84 16.21 16.35 14.67 13.29 14.97 18.83 20.00 19.93 19.49 18.18 18.98 20.22 18.61 18.40 16.57 15.26 13.72 13.07 12.92 12.56 11.10 10.80 13.14 13.14 15.04 13.94 13.21 14.45 17.01 17.52 17.01 14.97 16.13 17.01 17.52 16.57 19.35 20.00 20.37 19.78 19.27 18.03 16.06 14.89 14.31 12.85 12.63 13.36 13.36 14.02 9.78 8.91 12.63 14.02 14.60 14.89 13.65 12.26 12.05 10.88 10.80 10.88 11.17 10.73 10.80 11.02 11.02 10.44 11.97 13.14 13.21 12.78 15.84 15.84 13.87 11.90 11.46 10.29 10.51 0.00 13.58
16.57 16.57 16.50 17.37 17.96 18.32 18.18 19.56 22.85 24.09 24.24 22.12 18.98 16.28 15.99 16.64 17.01 17.30 17.30 16.28 14.09 13.07 12.56 12.92 13.21 14.60 14.60 15.55 15.11 14.09 13.94 14.60 16.28 16.79 15.91 14.60 18.32 18.69 18.76 20.81 21.83 21.17 19.86 17.96 17.59 17.45 16.57 15.77 15.62 14.09 15.11 15.11 14.97 13.36 12.12 13.21 15.55 16.28 15.91 16.28 14.67 13.72 10.66 11.24 9.49 10.37 11.97 13.72 12.48 12.70 12.78 12.63 13.43 13.07 12.12 12.85 12.85 14.60 14.97 16.06 13.51 12.70 13.58 13.65
16.57 16.57 16.50 17.37 17.96 18.32 18.18 19.56 22.85 24.09 24.24 22.12 18.98 16.28 15.99 16.64 17.01 17.30 17.30 16.28 14.09 13.07 12.56 12.92 13.21 14.60 14.60 15.55 15.11 14.09 13.94 14.60 16.28 16.79 15.91 14.60 18.32 18.69 18.76 20.81 21.83 21.17 19.86 17.96 17.59 17.45 16.57 15.77 15.62 14.09 15.11 15.11 14.97 13.36 12.12 13.21 15.55 16.28 15.91 16.28 14.67 13.72 10.66 11.24 9.49 10.37 11.97 13.72 12.48 12.70 12.78 12.63 13.43 13.07 12.12 12.85 12.85 14.60 14.97 16.06 13.51 12.70 13.58 13.65
17.74 17.74 17.59 18.54 19.13 19.71 19.27 19.71 23.21 24.31 23.14 21.61 20.37 18.91 17.96 19.27 18.54 18.40 18.32 17.08 14.67 13.94 13.29 14.02 14.53 14.09 14.09 12.41 13.87 13.51 12.56 14.02 17.52 19.49 18.54 18.83 19.64 21.75 21.24 20.73 22.63 20.73 19.13 16.86 15.26 15.04 17.01 15.55 17.08 18.32 17.89 17.89 16.06 14.82 14.97 14.16 14.45 17.45 17.01 14.16 13.65 10.66 7.88 7.52 10.44 10.29 11.53 12.63 11.97 14.16 16.06 17.45 16.64 15.91 12.99 11.46 11.46 12.41 10.44 8.98 9.27 11.83 10.22 9.49
22.41 22.41 21.61 21.61 21.97 21.10 23.65 23.43 23.51 23.94 23.51 21.90 19.78 19.86 18.32 17.67 17.37 18.18 17.81 17.08 16.86 17.30 16.06 16.50 17.52 17.16 17.16 15.26 15.11 13.51 12.78 13.21 14.45 17.30 19.86 16.13 19.20 23.21 22.48 21.46 20.59 18.69 18.54 15.55 15.77 17.52 19.86 19.13 17.30 16.13 16.06 16.06 14.89 14.45 14.24 14.75 15.40 16.72 15.04 13.87 13.36 15.77 16.28 12.05 8.69 7.96 11.46 13.80 15.33 18.47 20.37 22.85 22.85 20.88 18.54 16.64 16.64 15.62 12.70 5.11 2.92 4.53 6.72 7.96
23.87 23.87 25.19 24.16 23.65 23.21 24.02 24.45 24.82 26.86 27.38 26.28 24.67 23.43 21.17 19.64 16.28 17.45 18.76 19.71 19.13 18.61 19.42 20.51 20.44 18.91 18.91 15.91 13.87 13.87 12.56 11.90 13.43 13.94 13.72 11.68 14.02 18.83 20.73 21.32 20.73 19.49 18.61 17.08 15.40 16.57 17.89 17.45 16.06 14.45 13.80 13.80 15.62 16.43 16.28 16.06 15.84 15.77 15.70 13.94 13.72 17.30 17.45 17.01 13.80 14.97 14.02 14.38 16.64 19.86 20.88 20.88 19.20 21.10 21.24 16.64 16.64 13.58 10.44 8.76 8.40 8.40 11.90 11.83
22.56 22.56 26.13 27.08 26.86 24.82 24.24 25.19 25.40 26.06 26.35 23.43 21.83 19.35 17.89 18.25 18.47 19.13 19.49 19.49 19.71 19.56 19.49 20.15 20.66 19.93 19.93 17.16 16.72 15.48 13.36 9.93 11.39 16.35 15.62 17.67 19.64 22.05 22.92 22.85 21.53 20.51 21.17 19.56 17.96 16.50 15.77 15.84 15.77 17.81 19.78 19.78 18.10 16.28 14.89 15.62 17.52 17.08 19.56 17.81 17.96 18.76 19.42 20.51 19.78 18.10 16.86 16.79 17.89 18.18 18.61 14.45 15.55 16.72 15.33 13.58 13.58 11.53 8.91 9.20 13.07 14.67 14.16 12.78
22.34 22.34 25.77 27.74 28.62 28.47 25.70 25.55 24.16 23.80 23.80 24.02 22.27 19.78 18.03 18.47 19.35 20.29 20.59 20.37 21.32 21.83 21.97 19.56 17.59 16.86 16.86 15.99 15.70 14.53 11.53 10.00 15.55 16.50 19.20 21.46 20.81 21.10 20.73 20.08 19.49 19.71 22.05 20.88 21.68 19.35 17.37 17.89 18.69 20.15 21.10 21.10 19.27 15.40 15.04 15.11 15.55 18.76 20.59 17.89 15.40 17.67 19.49 21.10 21.97 20.44 20.08 20.59 21.90 22.19 20.88 17.74 17.30 16.64 12.26 8.98 8.98 11.24 15.48 17.59 17.59 14.16 8.91 10.59
22.34 22.34 25.77 27.74 28.62 28.47 25.70 25.55 24.16 23.80 23.80 24.02 22.27 19.78 18.03 18.47 19.35 20.29 20.59 20.37 21.32 21.83 21.97 19.56 17.59 16.86 16.86 15.99 15.70 14.53 11.53 10.00 15.55 16.50 19.20 21.46 20.81 21.10 20.73 20.08 19.49 19.71 22.05 20.88 21.68 19.35 17.37 17.89 18.69 20.15 21.10 21.10 19.27 15.40 15.04 15.11 15.55 18.76 20.59 17.89 15.40 17.67 19.49 21.10 21.97 20.44 20.08 20.59 21.90 22.19 20.88 17.74 17.30 16.64 12.26 8.98 8.98 11.24 15.48 17.59 17.59 14.16 8.91 10.59
21.68 21.68 23.36 26.28 24.16 23.21 22.27 20.95 21.39 22.56 22.34 22.12 20.88 19.71 21.53 21.17 20.29 20.37 20.73 20.15 20.73 20.22 21.17 20.15 16.64 15.77 15.77 14.31 12.19 15.55 16.50 12.41 18.98 19.71 21.83 22.12 20.95 21.39 21.24 19.05 19.27 19.49 20.22 21.10 21.24 20.29 19.42 19.49 17.96 17.74 17.96 17.96 18.18 17.67 18.83 16.94 18.32 18.91 18.03 17.67 17.01 14.53 18.61 18.98 19.78 20.51 24.38 23.51 21.17 18.76 19.78 19.86 16.79 13.14 10.37 11.53 11.53 16.43 21.97 23.58 23.07 16.43 8.47 5.99
19.49 19.49 21.10 22.05 21.02 19.42 18.91 20.37 18.69 17.81 16.86 17.23 17.52 18.03 18.18 17.37 16.35 18.47 20.00 21.02 20.29 19.35 20.95 20.44 19.49 17.45 17.45 15.48 15.18 17.23 18.76 23.58 24.09 25.40 22.85 23.29 23.07 23.51 23.51 22.34 22.34 21.53 20.29 20.22 20.15 21.10 19.86 20.44 20.00 19.49 18.83 18.83 17.16 16.79 19.20 18.10 18.32 19.64 19.27 19.78 21.32 21.75 20.88 19.56 18.69 23.00 24.97 24.97 23.87 23.65 23.87 23.36 20.51 17.16 12.70 13.14 13.14 17.96 21.97 23.65 22.27 17.37 10.44 4.82
11.75 11.75 11.17 13.07 14.60 16.72 17.74 16.94 14.38 12.26 14.82 15.33 14.45 14.45 14.82 15.26 16.35 16.86 17.89 20.81 22.05 18.83 17.89 19.56 18.76 15.70 15.70 12.26 16.28 17.08 19.86 21.46 22.48 23.73 24.24 21.68 22.63 23.07 23.73 23.80 21.46 19.64 19.20 18.76 19.13 19.93 21.17 21.39 21.10 21.75 20.59 20.59 20.44 21.02 20.95 20.51 19.20 20.44 21.10 25.70 26.65 26.35 24.89 23.00 22.63 22.63 25.55 27.96 27.30 27.52 25.26 22.48 20.44 18.98 16.13 12.48 12.48 12.99 17.74 24.02 24.67 18.32 11.97 7.30
12.78 12.78 10.15 8.40 8.25 9.86 14.97 17.16 14.31 12.63 13.80 14.31 13.65 12.99 13.14 13.51 15.18 14.31 15.62 19.56 20.81 19.05 16.13 14.45 12.19 11.32 11.32 12.19 17.37 19.78 19.05 21.17 20.29 19.71 18.10 20.73 19.71 19.64 20.00 20.22 19.93 17.96 20.81 19.42 22.63 23.43 22.05 20.29 18.98 20.00 21.46 21.46 22.41 23.87 21.10 21.90 21.39 22.34 25.99 28.84 27.96 25.62 25.04 25.99 24.75 23.87 23.73 25.84 27.67 27.96 25.77 21.39 18.25 13.72 10.51 9.56 9.56 12.12 14.67 17.01 18.69 16.28 13.94 10.44
10.37 10.37 9.56 8.40 7.96 7.81 8.40 9.20 9.56 8.61 10.80 10.88 9.42 10.51 12.19 16.50 18.61 19.35 18.76 18.47 17.74 16.50 12.26 11.46 9.27 13.80 13.80 15.70 16.35 19.56 17.16 16.06 16.79 16.86 17.52 15.91 14.09 15.55 16.50 15.55 15.84 17.59 19.05 19.27 19.78 19.20 19.35 16.13 15.91 20.08 22.05 22.05 21.68 29.57 25.77 28.03 25.70 26.50 24.97 25.92 27.38 25.48 25.62 25.40 22.92 21.53 21.10 22.34 23.80 23.51 17.16 9.20 6.86 5.84 5.84 8.32 8.32 11.02 13.29 16.86 18.69 14.45 6.79 5.55
10.37 10.37 9.56 8.40 7.96 7.81 8.40 9.20 9.56 8.61 10.80 10.88 9.42 10.51 12.19 16.50 18.61 19.35 18.76 18.47 17.74 16.50 12.26 11.46 9.27 13.80 13.80 15.70 16.35 19.56 17.16 16.06 16.79 16.86 17.52 15.91 14.09 15.55 16.50 15.55 15.84 17.59 19.05 19.27 19.78 19.20 19.35 16.13 15.91 20.08 22.05 22.05 21.68 29.57 25.77 28.03 25.70 26.50 24.97 25.92 27.38 25.48 25.62 25.40 22.92 21.53 21.10 22.34 23.80 23.51 17.16 9.20 6.86 5.84 5.84 8.32 8.32 11.02 13.29 16.86 18.69 14.45 6.79 5.55
7.08 7.08 7.30 7.08 6.13 7.96 9.86 10.66 8.98 9.71 10.88 11.90 12.19 11.24 8.83 7.88 10.59 15.84 18.18 15.40 13.14 12.78 13.07 12.85 13.43 15.40 15.40 15.99 12.85 14.31 12.63 12.48 11.46 10.22 7.74 7.37 9.20 10.88 10.95 11.97 11.68 12.85 14.16 14.31 13.58 13.51 15.91 17.23 17.52 18.54 18.10 18.10 19.13 27.81 28.69 28.84 26.13 24.24 22.19 21.68 23.29 23.43 19.20 19.05 18.47 16.94 14.60 15.04 17.37 15.77 7.66 0.00 0.00 0.00 1.68 2.48 2.48 3.87 3.87 4.45 5.84 6.13 2.70 6.42
7.88 7.88 7.15 6.42 7.30 8.98 7.52 4.53 4.02 10.00 14.09 13.21 11.61 6.64 4.45 4.60 7.59 12.34 13.58 8.98 7.15 9.64 10.22 11.83 15.40 17.59 17.59 15.55 6.13 7.15 6.94 3.87 2.41 4.60 5.84 8.25 10.07 10.37 11.17 12.48 12.99 12.92 14.38 15.77 15.26 14.75 14.89 17.08 16.94 19.05 18.76 18.76 20.08 23.80 25.40 23.58 22.85 21.75 19.64 18.25 17.89 15.70 13.29 11.17 4.09 0.51 0.22 0.66 0.29 0.00 0.00 0.00 0.00 0.00 0.00 0.00 0.00 0.00 0.00 0.00 0.00 0.00 0.73 9.20
6.79 6.79 5.77 5.77 8.61 8.83 1.83 0.00 1.46 6.06 10.59 9.93 6.06 4.16 5.62 6.64 7.37 8.47 7.88 5.04 2.85 2.34 5.04 8.10 13.29 15.55 15.55 3.14 3.29 2.26 3.72 3.43 3.07 5.33 6.86 8.47 10.29 11.32 11.83 15.48 16.28 13.07 13.14 13.51 13.80 14.53 15.70 16.06 16.79 17.52 18.91 18.91 18.83 18.61 18.61 19.56 17.59 14.31 8.69 10.07 9.78 5.62 0.00 0.00 0.00 0.00 0.00 0.00 0.00 0.00 0.00 0.00 0.00 0.00 0.00 0.00 0.00 0.00 0.00 0.00 0.00 0.00 0.00 0.00
8.47 8.47 7.01 7.37 7.88 6.13 1.17 0.00 1.17 1.17 2.34 0.00 0.00 0.00 0.00 0.15 0.00 2.63 4.60 2.92 0.00 0.00 1.17 2.48 5.26 8.18 8.18 2.92 3.29 4.16 5.11 4.45 6.13 6.13 7.74 10.66 12.92 13.87 14.67 15.70 16.28 14.89 13.58 14.45 16.79 17.37 18.18 17.59 15.11 12.70 17.81 17.81 18.54 18.25 18.25 18.54 10.80 4.38 0.00 0.00 0.00 0.00 0.00 0.00 0.00 0.00 0.00 0.00 0.00 0.00 0.00 0.00 0.00 0.00 0.00 0.00 0.00 0.00 0.00 0.00 0.00 0.00 0.00 0.00
6.20 6.20 4.45 5.33 4.89 4.67 1.10 0.00 0.00 0.00 0.00 0.00 0.00 0.00 0.00 0.00 0.00 0.00 0.00 0.00 0.00 0.00 0.00 0.00 0.00 6.57 6.57 6.79 7.45 6.86 7.52 9.49 12.63 12.63 14.82 14.02 15.77 16.13 17.08 16.06 14.82 14.67 16.13 18.03 16.86 14.60 14.75 14.97 14.24 14.02 16.35 16.35 16.64 14.31 7.52 4.60 0.00 0.00 0.00 0.00 0.00 0.00 0.00 0.00 0.00 0.00 0.00 0.00 0.00 0.00 0.00 0.00 0.00 0.00 0.00 0.00 0.00 0.00 0.00 0.00 0.00 0.00 0.00 0.00
0.00 0.00 1.53 2.70 4.02 2.34 0.00 0.00 0.00 0.00 0.00 0.00 0.00 0.00 0.00 0.00 0.00 0.00 0.00 0.00 0.00 0.00 0.00 0.00 1.46 3.80 3.80 7.66 11.53 12.85 14.31 15.99 18.18 18.03 14.09 11.46 11.61 13.21 14.53 14.97 13.65 14.38 17.81 19.42 17.08 14.97 15.26 14.45 13.51 14.67 0.00 0.00 3.72 0.00 0.00 0.00 0.00 0.00 0.00 0.00 0.00 0.00 0.00 0.00 0.00 0.00 0.00 0.00 0.00 0.00 0.00 0.00 0.00 0.00 0.00 0.00 0.00 0.00 0.00 0.00 0.00 0.00 0.00 0.00
0.00 0.00 1.53 2.70 4.02 2.34 0.00 0.00 0.00 0.00 0.00 0.00 0.00 0.00 0.00 0.00 0.00 0.00 0.00 0.00 0.00 0.00 0.00 0.00 1.46 3.80 3.80 7.66 11.53 12.85 14.31 15.99 18.18 18.03 14.09 11.46 11.61 13.21 14.53 14.97 13.65 14.38 17.81 19.42 17.08 14.97 15.26 14.45 13.51 14.67 0.00 0.00 3.72 0.00 0.00 0.00 0.00 0.00 0.00 0.00 0.00 0.00 0.00 0.00 0.00 0.00 0.00 0.00 0.00 0.00 0.00 0.00 0.00 0.00 0.00 0.00 0.00 0.00 0.00 0.00 0.00 0.00 0.00 0.00
0.00 0.00 0.00 0.00 0.00 0.00 0.00 0.00 0.00 0.00 0.00 0.00 0.00 0.00 0.00 0.00 0.00 0.00 0.00 0.00 0.00 0.00 0.00 0.00 0.00 0.00 0.00 6.28 13.21 15.33 16.13 15.70 13.21 12.78 8.32 3.94 4.09 6.86 11.32 14.24 15.18 16.86 17.37 16.86 14.82 12.34 11.32 12.63 14.31 13.65 0.00 0.00 0.00 0.00 0.00 0.00 0.00 0.00 0.00 0.00 0.00 0.00 0.00 0.00 0.00 0.00 0.00 0.00 0.00 0.00 0.00 0.00 0.00 0.00 0.00 0.00 0.00 0.00 0.00 0.00 0.00 0.00 0.00 0.00
