Wansh/Snow_depth/snowdepth-1981/spring/1981080.txt
ncols 321
nrows 161
xllcenter 60
yllcenter 15 
cellsize  0.25 
NODATA_value -1
[rows 0 to 36 of 161, columns 168 to 251 of 321]
13.87 8.98 8.47 9.13 9.05 8.76 7.81 6.79 6.57 6.57 7.66 8.54 8.83 8.83 8.03 8.10 8.47 9.27 12.78 13.36 11.24 10.73 11.39 13.80 13.36 12.48 11.24 6.94 0.00 6.13 8.83 12.19 17.45 20.95 21.24 21.24 16.28 15.91 22.63 23.94 22.92 22.34 22.34 19.86 19.27 18.47 20.00 21.61 16.64 13.51 12.05 11.61 11.83 10.37 9.20 7.96 9.27 10.00 9.64 11.32 11.32 14.60 19.42 22.92 25.40 25.11 25.33 25.04 22.19 21.53 20.73 20.81 20.81 19.86 18.91 20.00 21.53 22.78 23.51 25.04 25.62 26.13 26.35 27.30
13.58 9.78 8.10 10.59 11.32 9.20 6.94 8.54 8.61 8.61 9.71 10.66 12.05 10.44 9.13 8.03 7.15 10.51 13.21 12.99 15.11 13.65 12.78 12.48 11.32 8.40 8.25 7.59 5.99 5.69 8.25 14.38 19.27 17.96 12.99 12.99 10.37 15.11 21.61 24.89 24.53 25.11 25.92 26.06 24.75 21.90 17.74 17.81 17.08 15.18 17.23 16.64 14.97 12.99 14.09 15.18 14.97 15.26 13.94 12.92 12.92 15.48 21.17 23.36 24.31 23.51 24.75 24.75 21.97 21.02 25.04 25.40 24.31 21.32 20.08 19.56 22.70 24.60 23.87 23.43 22.19 21.61 22.27 21.90
20.15 14.53 13.87 18.54 19.20 13.29 8.18 6.86 7.52 7.52 9.42 9.49 8.98 8.40 7.74 9.78 11.53 11.90 13.14 12.63 14.89 13.21 13.21 12.41 9.93 6.06 6.94 6.57 7.15 4.60 6.64 12.99 15.04 13.21 10.95 10.95 12.26 18.83 29.78 30.30 27.16 26.35 25.55 22.70 18.54 16.21 12.41 11.61 14.82 19.27 21.39 22.34 22.41 20.95 19.71 17.67 16.72 16.79 16.35 17.67 17.67 18.98 21.02 22.63 21.02 22.41 25.26 26.06 24.82 24.45 24.75 24.53 24.89 23.21 23.73 25.04 24.16 25.33 25.70 23.58 20.22 19.27 17.52 16.21
20.15 14.53 13.87 18.54 19.20 13.29 8.18 6.86 7.52 7.52 9.42 9.49 8.98 8.40 7.74 9.78 11.53 11.90 13.14 12.63 14.89 13.21 13.21 12.41 9.93 6.06 6.94 6.57 7.15 4.60 6.64 12.99 15.04 13.21 10.95 10.95 12.26 18.83 29.78 30.30 27.16 26.35 25.55 22.70 18.54 16.21 12.41 11.61 14.82 19.27 21.39 22.34 22.41 20.95 19.71 17.67 16.72 16.79 16.35 17.67 17.67 18.98 21.02 22.63 21.02 22.41 25.26 26.06 24.82 24.45 24.75 24.53 24.89 23.21 23.73 25.04 24.16 25.33 25.70 23.58 20.22 19.27 17.52 16.21
26.06 21.24 22.27 26.06 24.60 18.18 10.51 5.77 6.57 6.57 8.98 10.59 9.86 10.51 12.99 16.21 19.13 20.15 14.24 11.32 14.82 14.09 11.97 12.19 6.86 0.00 0.00 3.80 11.53 10.15 9.78 12.78 12.41 12.63 10.80 10.80 18.91 24.31 25.55 24.82 21.24 19.78 18.83 18.10 15.99 14.97 17.01 19.56 21.32 23.21 25.70 23.65 21.68 20.66 19.86 18.03 16.28 16.57 19.64 21.17 21.17 21.53 22.12 21.53 24.16 25.26 25.26 26.28 23.80 21.75 22.19 22.05 22.41 19.20 18.32 18.40 18.10 17.37 19.13 19.78 19.78 20.66 22.05 24.16
24.24 26.06 26.13 29.27 28.91 22.27 15.99 8.83 4.16 4.16 8.03 12.41 13.80 13.87 13.87 18.10 22.41 17.08 11.68 9.27 11.61 10.88 6.28 0.00 0.00 0.00 0.00 4.16 9.56 11.61 11.83 10.66 10.29 13.21 16.57 16.57 18.91 19.27 14.31 14.82 20.81 22.19 21.90 20.15 20.59 20.00 20.88 23.07 26.28 26.86 25.55 24.67 22.19 17.81 16.43 16.13 15.48 15.04 16.28 20.73 20.73 24.31 23.94 24.02 23.29 20.81 20.00 19.49 18.47 18.54 21.61 21.53 20.66 18.61 18.18 17.23 16.64 17.52 19.05 21.53 21.02 21.02 21.90 23.00
25.99 26.79 25.84 26.50 27.81 28.84 25.77 21.68 14.82 14.82 10.88 13.07 16.06 16.21 19.64 20.88 17.52 12.12 9.27 8.61 9.20 0.00 0.00 0.00 0.00 0.00 0.00 10.66 11.17 12.12 13.36 14.16 16.06 18.54 20.81 20.81 17.89 15.62 15.70 18.03 22.78 23.65 22.05 23.00 22.63 22.19 21.39 21.75 23.21 24.67 25.92 26.65 24.97 23.00 20.44 16.79 15.62 15.77 16.21 17.67 17.67 22.34 26.06 26.43 19.78 18.83 17.16 16.79 16.28 14.89 15.70 15.77 15.48 15.11 14.82 15.33 15.84 18.10 17.96 18.48 21.49 22.68 22.14 22.96
25.99 26.79 25.84 26.50 27.81 28.84 25.77 21.68 14.82 14.82 10.88 13.07 16.06 16.21 19.64 20.88 17.52 12.12 9.27 8.61 9.20 0.00 0.00 0.00 0.00 0.00 0.00 10.66 11.17 12.12 13.36 14.16 16.06 18.54 20.81 20.81 17.89 15.62 15.70 18.03 22.78 23.65 22.05 23.00 22.63 22.19 21.39 21.75 23.21 24.67 25.92 26.65 24.97 23.00 20.44 16.79 15.62 15.77 16.21 17.67 17.67 22.34 26.06 26.43 19.78 18.83 17.16 16.79 16.28 14.89 15.70 15.77 15.48 15.11 14.82 17.72 21.85 26.05 24.60 31.40 35.50 30.19 28.49 23.82
20.95 26.06 29.49 29.35 30.30 26.43 23.00 21.39 18.91 18.91 15.18 19.71 23.80 22.78 21.32 18.98 10.66 8.91 0.00 0.00 0.00 0.00 0.00 0.00 0.00 0.00 0.95 7.01 9.56 11.75 12.78 15.04 17.45 21.24 23.73 23.73 21.90 18.03 16.86 21.32 24.60 27.45 28.47 28.62 28.84 27.67 26.79 27.23 26.50 25.55 24.31 22.34 19.86 19.42 19.20 16.79 15.55 15.55 15.62 17.01 17.01 20.51 20.88 20.08 16.79 18.40 15.40 14.82 14.38 15.04 16.21 17.16 15.84 14.83 16.86 21.62 23.46 22.78 20.25 25.43 24.12 21.05 20.44 21.50
11.83 13.58 16.57 18.47 18.98 18.03 14.97 13.14 16.50 16.50 20.00 20.88 22.12 17.89 10.88 6.50 3.43 0.00 0.00 0.00 0.00 0.00 0.00 0.00 3.29 3.50 9.13 10.44 12.41 14.09 16.21 14.97 16.13 17.30 20.00 20.00 21.24 21.75 23.07 25.11 26.79 29.27 28.98 28.76 29.05 28.32 27.67 28.18 24.38 22.63 20.73 18.25 16.21 15.99 15.26 12.70 15.04 16.79 18.10 18.03 18.03 18.83 19.78 21.46 19.05 18.98 17.89 16.86 15.04 15.99 18.03 19.35 16.53 19.50 20.92 22.39 24.76 28.07 29.58 24.61 23.38 21.95 24.91 25.12
10.44 9.86 10.44 13.07 14.38 14.45 13.07 14.60 16.35 16.35 18.54 10.22 6.72 6.06 2.77 0.00 0.00 0.00 0.00 0.00 0.00 0.00 3.14 10.37 10.07 9.86 12.78 14.31 14.89 13.65 11.39 10.80 11.53 10.95 15.04 15.04 18.10 21.75 24.89 30.22 27.89 25.92 25.84 27.74 30.08 25.19 19.42 18.91 19.71 20.00 18.61 16.64 15.99 14.75 14.24 17.23 21.02 22.34 22.92 22.41 22.41 21.10 18.98 17.45 17.30 18.25 15.40 14.75 15.40 16.79 16.06 15.84 14.23 12.90 13.55 21.03 29.20 27.56 23.62 24.76 24.26 24.98 24.47 26.77
10.44 9.86 10.44 13.07 14.38 14.45 13.07 14.60 16.35 16.35 18.54 10.22 6.72 6.06 2.77 0.00 0.00 0.00 0.00 0.00 0.00 0.00 3.14 10.37 10.07 9.86 12.78 14.31 14.89 13.65 11.39 10.80 11.53 10.95 15.04 15.04 18.10 21.75 24.89 30.22 27.89 25.92 25.84 27.74 30.08 25.19 19.42 18.91 19.71 20.00 18.61 16.64 15.99 14.75 14.24 17.23 21.02 22.34 22.92 22.41 22.41 21.10 18.98 17.45 17.30 18.25 15.40 14.75 15.40 16.79 16.06 15.84 13.87 12.70 13.14 19.53 26.03 25.52 25.20 25.69 24.26 24.44 26.88 28.63
15.99 12.05 10.73 9.49 9.13 9.64 7.66 8.61 7.96 7.96 4.89 1.53 0.00 0.00 0.00 0.00 5.26 8.03 16.06 10.44 8.83 9.42 11.10 10.37 7.88 8.25 10.51 12.05 10.88 9.56 7.88 8.32 9.86 10.29 13.65 13.65 17.01 18.98 21.17 22.41 21.68 19.93 18.76 17.81 14.09 13.29 12.78 14.24 16.43 14.45 13.65 12.99 12.78 13.65 14.82 17.74 17.74 17.59 18.69 17.16 17.16 16.21 18.61 14.82 15.48 16.13 15.84 17.01 17.37 16.86 15.48 14.82 13.80 14.24 13.93 17.02 22.42 22.11 23.34 25.28 25.25 26.84 26.39 26.07
12.26 13.21 12.48 13.58 9.49 7.45 8.18 6.94 4.82 4.82 1.97 0.00 0.00 0.00 0.00 0.00 0.00 2.77 1.31 7.01 8.91 11.32 11.24 9.56 9.05 10.22 12.92 14.97 13.94 10.44 7.30 6.64 11.24 15.18 15.18 15.18 15.33 16.86 16.28 13.87 14.16 13.87 10.15 7.52 6.06 7.52 7.15 6.94 9.27 8.76 8.98 8.83 8.61 9.49 11.53 12.56 13.43 11.90 12.70 14.60 14.60 10.95 20.00 20.81 19.20 19.49 17.89 17.23 17.89 18.40 17.45 16.35 14.97 15.84 19.15 19.50 16.87 19.65 25.16 22.45 25.52 23.55 26.10 27.43
16.50 18.54 18.61 17.74 16.21 13.14 9.71 7.52 5.18 5.18 4.16 3.07 0.29 0.00 0.00 0.00 5.18 5.91 10.15 23.73 23.21 23.51 20.51 13.14 10.80 12.34 14.02 15.48 15.40 12.12 10.59 9.93 11.39 13.87 15.04 15.04 10.95 12.99 14.02 12.26 10.37 10.37 5.84 3.58 9.27 9.64 7.74 6.72 6.72 7.59 8.18 6.13 4.67 6.50 11.24 14.67 15.33 12.05 14.09 15.99 15.99 21.10 21.83 21.68 21.90 24.02 21.61 19.71 21.24 21.32 19.93 18.40 18.68 19.53 18.38 20.90 22.33 22.93 21.85 23.02 22.83 21.99 23.38 19.57
23.65 22.41 20.81 19.49 21.02 17.59 15.55 13.58 11.02 11.02 8.76 7.01 9.64 6.94 5.55 8.10 7.74 4.82 12.34 18.98 15.70 17.16 21.24 22.41 21.32 20.51 13.14 11.68 11.17 11.97 12.05 10.37 11.10 12.78 14.31 14.31 14.09 12.70 11.68 8.47 6.64 6.72 8.69 10.07 10.66 9.05 8.10 10.51 9.93 8.03 6.64 4.82 4.60 5.48 10.29 18.25 20.81 15.91 14.67 14.97 14.97 20.51 22.41 22.27 21.83 22.27 17.74 17.08 20.95 27.52 27.23 23.25 22.26 20.44 22.78 21.80 26.98 22.13 21.33 20.06 18.73 18.82 16.56 15.28
23.65 22.41 20.81 19.49 21.02 17.59 15.55 13.58 11.02 11.02 8.76 7.01 9.64 6.94 5.55 8.10 7.74 4.82 12.34 18.98 15.70 17.16 21.24 22.41 21.32 20.51 13.14 11.68 11.17 11.97 12.05 10.37 11.10 12.78 14.31 14.31 14.09 12.70 11.68 8.47 6.64 6.72 8.69 10.07 10.66 9.05 8.10 10.51 9.93 8.03 6.64 4.82 4.60 5.48 10.29 18.25 20.81 15.91 14.67 14.97 14.97 20.51 22.41 22.27 21.83 22.27 17.74 17.08 20.95 27.52 27.23 28.55 20.86 22.22 20.46 26.97 27.38 24.47 21.75 18.09 18.10 16.18 18.01 17.34
15.70 16.64 14.82 16.21 16.79 15.18 13.94 16.86 21.46 21.46 19.86 15.33 13.14 10.95 8.47 5.40 4.38 7.01 14.02 15.84 15.11 12.19 12.48 11.68 14.31 13.43 11.90 11.53 11.46 12.41 13.29 13.36 13.14 11.90 13.14 13.14 15.70 10.88 8.10 9.05 11.68 15.18 15.91 13.21 9.49 6.57 7.01 7.30 5.40 3.14 2.77 1.75 1.10 2.56 5.62 9.56 14.60 17.52 15.77 18.10 18.10 20.44 23.29 22.78 19.56 17.67 16.57 19.93 23.58 26.65 27.61 23.71 23.77 21.58 22.93 25.94 25.35 20.48 17.48 18.36 18.05 16.50 15.98 13.10
12.48 16.79 16.13 11.90 8.32 6.86 8.18 9.42 10.44 10.44 9.49 10.88 16.57 18.32 18.61 14.38 10.88 14.67 16.72 17.30 20.00 13.58 9.13 8.98 10.29 10.44 10.51 10.88 11.75 11.53 14.02 13.14 12.48 11.10 12.12 12.12 12.92 12.05 11.53 13.07 14.45 14.45 11.83 7.15 3.36 2.26 2.19 1.97 1.68 0.00 0.00 0.44 3.07 2.85 4.45 5.48 5.69 10.59 14.75 18.47 18.47 16.13 14.82 13.43 14.75 18.32 20.44 19.13 22.63 25.53 27.50 28.91 29.13 28.35 28.15 24.64 25.21 23.82 22.00 21.37 15.06 15.64 15.47 17.58
7.88 9.49 12.26 12.92 12.56 10.80 7.66 6.57 6.35 6.35 7.96 12.26 17.89 20.00 19.42 18.54 14.38 12.26 14.16 16.57 17.89 14.60 13.14 10.88 10.73 10.51 11.61 11.97 9.56 10.15 12.26 13.29 13.14 12.19 12.48 12.48 12.34 12.34 13.87 15.18 15.48 12.92 8.61 4.02 1.61 0.00 0.00 0.00 0.00 0.00 0.00 2.92 5.33 5.69 6.42 9.27 6.64 16.21 17.96 19.13 19.13 19.64 19.05 13.14 10.07 14.45 19.56 21.46 21.24 23.87 27.81 31.24 33.58 32.12 30.37 27.29 24.86 26.71 27.66 22.69 17.83 15.68 15.32 17.65
0.00 0.00 8.91 9.49 10.95 11.53 10.07 7.74 0.00 0.00 0.00 8.69 13.65 27.67 22.27 20.66 16.50 14.38 12.12 13.65 16.35 19.78 19.71 17.59 12.70 10.37 9.13 7.15 7.45 9.86 13.29 15.91 13.80 12.99 14.16 14.16 13.94 12.34 11.17 10.66 8.69 7.74 3.72 4.23 5.91 0.00 0.00 0.00 0.00 0.00 0.00 0.00 3.50 5.99 6.86 9.93 10.44 23.21 18.61 13.29 13.29 13.80 13.65 10.00 7.15 8.83 15.18 19.71 22.92 24.38 27.23 28.69 29.78 29.57 29.51 27.27 28.70 25.88 27.52 24.67 25.64 18.59 18.97 15.48
0.00 0.00 0.00 0.00 0.00 0.00 0.00 0.00 0.00 0.00 5.33 9.20 15.18 19.20 18.91 10.51 9.71 17.81 16.35 17.30 14.82 12.92 10.66 8.69 8.76 13.07 12.99 9.05 9.27 12.99 15.33 15.70 14.89 15.70 16.94 16.94 13.80 5.33 1.10 0.00 0.00 0.00 0.00 0.00 0.00 0.00 0.00 0.00 0.00 0.00 0.00 0.00 5.91 15.04 19.20 17.37 26.79 31.17 26.79 19.93 19.93 11.24 4.26 6.50 10.15 11.61 14.67 18.10 20.51 22.27 24.31 26.65 26.79 27.16 27.53 27.24 34.30 28.47 29.09 23.85 18.73 16.85 16.62 17.16
0.00 0.00 0.00 0.00 0.00 0.00 0.00 0.00 0.00 0.00 5.33 9.20 15.18 19.20 18.91 10.51 9.71 17.81 16.35 17.30 14.82 12.92 10.66 8.69 8.76 13.07 12.99 9.05 9.27 12.99 15.33 15.70 14.89 15.70 16.94 16.94 13.80 5.33 1.10 0.00 0.00 0.00 0.00 0.00 0.00 0.00 0.00 0.00 0.00 0.00 0.00 0.00 5.91 15.04 19.20 17.37 26.79 31.17 26.79 19.93 19.93 11.24 4.26 6.50 10.15 11.61 14.67 18.10 20.51 22.27 24.31 26.65 26.79 27.16 26.43 27.38 26.64 25.05 24.36 27.76 22.91 17.21 13.02 15.83
0.00 0.00 0.00 0.00 0.00 0.00 0.00 0.00 0.00 0.00 0.00 6.79 9.86 8.69 0.00 6.28 10.66 16.57 16.57 13.87 10.88 8.40 8.47 10.07 10.29 11.10 12.19 12.56 11.90 15.84 16.57 14.53 12.70 11.75 9.42 9.42 5.55 0.00 0.00 0.00 0.00 0.00 0.00 0.00 0.00 0.00 0.00 0.00 0.00 0.00 0.00 4.96 8.03 15.04 21.90 28.11 27.59 24.53 20.29 16.28 16.28 9.71 2.56 4.60 8.83 12.48 14.38 15.70 16.86 21.61 22.78 22.34 23.58 25.19 26.65 27.51 26.82 30.70 26.71 21.96 16.92 13.43 15.95 19.22
0.00 0.00 0.00 0.00 0.00 0.00 0.00 0.00 0.00 0.00 0.00 0.00 0.00 0.00 0.00 3.65 6.42 12.92 14.82 14.60 11.17 8.98 8.83 10.15 8.91 9.13 14.97 18.61 15.48 12.12 9.20 7.30 4.53 0.00 0.00 0.00 0.00 0.00 0.00 0.00 0.00 0.00 0.00 0.00 0.00 0.00 0.00 0.00 0.00 0.00 0.00 0.00 2.34 10.80 19.71 27.74 19.78 16.28 10.88 5.40 5.40 0.58 0.00 4.38 7.30 8.83 10.73 12.78 14.16 15.70 17.59 20.22 21.68 24.75 28.68 29.36 27.69 26.55 26.32 22.90 23.12 14.33 16.03 18.22
0.00 0.00 0.00 0.00 0.00 0.00 0.00 0.00 0.00 0.00 0.00 0.00 0.00 0.00 0.00 0.00 0.00 0.00 0.00 14.97 13.29 10.07 10.51 12.85 12.05 11.17 13.36 17.45 15.48 10.15 0.00 0.00 0.00 0.00 0.00 0.00 0.00 0.00 0.00 0.00 0.00 0.00 0.00 0.00 0.00 0.00 0.00 0.00 0.00 0.00 0.00 0.00 1.83 9.49 17.37 16.86 10.07 8.03 8.54 5.99 5.99 3.43 4.31 7.96 9.42 8.83 10.59 12.19 14.67 16.06 17.45 20.95 25.05 26.32 26.09 26.81 26.06 18.42 15.76 16.06 14.71 13.53 13.24 12.53
0.00 0.00 0.00 0.00 0.00 0.00 0.00 0.00 0.00 0.00 0.00 0.00 0.00 0.00 0.00 0.00 0.00 0.00 0.00 10.51 13.21 17.23 16.06 15.11 13.14 9.05 7.52 9.78 10.00 0.00 0.00 0.00 0.00 0.00 0.00 0.00 0.00 0.00 0.00 0.00 0.00 0.00 0.00 0.00 0.00 0.00 0.00 0.00 0.00 0.00 0.00 0.00 0.00 7.96 13.43 8.32 4.60 8.10 8.40 14.31 14.31 17.08 11.53 10.73 11.02 11.17 11.90 13.94 16.06 17.30 18.32 22.41 26.94 26.89 24.88 22.32 17.37 14.60 9.34 0.00 0.00 0.00 0.00 0.00
0.00 0.00 0.00 0.00 0.00 0.00 0.00 0.00 0.00 0.00 0.00 0.00 0.00 0.00 0.00 0.00 0.00 0.00 0.00 0.00 14.97 14.38 9.34 9.20 0.00 0.00 0.00 0.00 0.00 0.00 0.00 0.00 0.00 0.00 0.00 0.00 0.00 0.00 0.00 0.00 0.00 0.00 0.00 0.00 0.00 0.00 0.00 0.00 0.00 0.00 0.00 0.00 0.00 5.62 7.15 5.26 4.96 3.72 5.62 8.61 8.61 5.91 7.01 10.22 10.51 13.51 14.38 17.16 21.83 24.16 24.86 23.39 25.34 21.41 20.52 18.04 11.57 0.00 0.00 0.00 0.00 0.00 0.00 0.00
0.00 0.00 0.00 0.00 0.00 0.00 0.00 0.00 0.00 0.00 0.00 0.00 0.00 0.00 0.00 0.00 0.00 0.00 0.00 0.00 14.97 14.38 9.34 9.20 0.00 0.00 0.00 0.00 0.00 0.00 0.00 0.00 0.00 0.00 0.00 0.00 0.00 0.00 0.00 0.00 0.00 0.00 0.00 0.00 0.00 0.00 0.00 0.00 0.00 0.00 0.00 0.00 0.00 5.62 7.15 5.26 4.96 3.72 5.62 8.61 8.61 5.91 7.01 10.22 10.51 13.51 14.38 17.16 21.83 24.16 24.99 23.14 22.91 23.86 21.90 21.05 13.43 0.00 0.00 0.00 0.00 0.00 0.00 0.00
0.00 0.00 0.00 0.00 0.00 0.00 0.00 0.00 0.00 0.00 0.00 0.00 0.00 0.00 0.00 0.00 0.00 0.00 0.00 0.00 0.00 0.00 0.00 0.00 0.00 0.00 0.00 0.00 0.00 0.00 0.00 0.00 0.00 0.00 0.00 0.00 0.00 0.00 0.00 0.00 0.00 0.00 0.00 0.00 0.00 0.00 0.00 0.00 0.00 0.00 0.00 0.00 0.00 0.00 0.00 0.00 0.00 0.00 0.00 0.00 0.00 0.00 3.37 12.12 19.20 26.13 27.45 27.16 27.73 27.87 27.43 26.99 28.15 27.13 20.89 13.59 0.00 0.00 0.00 0.00 0.00 0.00 0.00 0.00
0.00 0.00 0.00 0.00 0.00 0.00 0.00 0.00 0.00 0.00 0.00 0.00 0.00 0.00 0.00 0.00 0.00 0.00 0.00 0.00 0.00 0.00 0.00 0.00 0.00 0.00 0.00 0.00 0.00 0.00 0.00 0.00 0.00 0.00 0.00 0.00 0.00 0.00 0.00 0.00 0.00 0.00 0.00 0.00 0.00 0.00 0.00 0.00 0.00 0.00 0.00 0.00 0.00 0.00 0.00 0.00 0.00 0.00 0.00 0.00 0.00 0.00 0.00 10.22 23.58 29.64 30.44 31.76 30.15 29.57 27.52 24.61 23.72 22.62 15.97 0.00 0.00 0.00 0.00 0.00 0.00 0.00 0.00 0.00
0.00 0.00 0.00 0.00 0.00 0.00 0.00 0.00 0.00 0.00 0.00 0.00 0.00 0.00 0.00 0.00 0.00 0.00 0.00 0.00 0.00 0.00 0.00 0.00 0.00 0.00 0.00 0.00 0.00 0.00 0.00 0.00 0.00 0.00 0.00 0.00 0.00 0.00 0.00 0.00 0.00 0.00 0.00 0.00 0.00 0.00 0.00 0.00 0.00 0.00 0.00 0.00 0.00 0.00 0.00 0.00 0.00 0.00 0.00 0.00 0.00 0.00 0.00 2.70 15.70 22.85 25.77 30.88 32.27 30.51 26.50 24.54 23.06 17.03 0.00 0.00 0.00 0.00 0.00 0.00 0.00 0.00 0.00 0.00
0.00 0.00 0.00 0.00 0.00 0.00 0.00 0.00 0.00 0.00 0.00 0.00 0.00 0.00 0.00 0.00 0.00 0.00 0.00 0.00 0.00 0.00 0.00 0.00 0.00 0.00 0.00 0.00 0.00 0.00 0.00 0.00 0.00 0.00 0.00 0.00 0.00 0.00 0.00 0.00 0.00 0.00 0.00 0.00 0.00 0.00 0.00 0.00 0.00 0.00 0.00 0.00 0.00 0.00 0.00 0.00 0.00 0.00 0.00 0.00 0.00 0.00 0.00 0.00 12.85 24.53 26.79 28.62 29.20 27.67 26.72 23.37 18.64 0.00 0.00 0.00 0.00 0.00 0.00 0.00 0.00 0.00 0.00 0.00
0.00 0.00 0.00 0.00 0.00 0.00 0.00 0.00 0.00 0.00 0.00 0.00 0.00 0.00 0.00 0.00 0.00 0.00 0.00 0.00 0.00 0.00 0.00 0.00 0.00 0.00 0.00 0.00 0.00 0.00 0.00 0.00 0.00 0.00 0.00 0.00 0.00 0.00 0.00 0.00 0.00 0.00 0.00 0.00 0.00 0.00 0.00 0.00 0.00 0.00 0.00 0.00 0.00 0.00 0.00 0.00 0.00 0.00 0.00 0.00 0.00 0.00 0.00 0.00 11.68 19.78 21.46 22.63 24.82 25.84 26.13 20.44 8.19 0.00 0.00 0.00 0.00 0.00 0.00 0.00 0.00 0.00 0.00 0.00
0.00 0.00 0.00 0.00 2.63 3.36 3.29 2.85 0.00 0.00 0.00 0.00 0.00 0.00 0.00 0.00 0.00 0.00 0.00 0.00 0.00 0.00 0.00 0.00 0.00 0.00 0.00 0.00 0.00 0.00 0.00 0.00 0.00 0.00 0.00 0.00 0.00 0.00 0.00 0.00 0.00 0.00 0.00 0.00 0.00 0.00 0.00 0.00 0.00 0.00 0.00 0.00 0.00 0.00 0.00 0.00 0.00 0.00 0.00 0.00 0.00 0.00 0.00 0.00 0.00 0.00 10.44 17.30 22.27 24.53 24.45 17.09 0.00 0.00 0.00 0.00 0.00 0.00 0.00 0.00 0.00 0.00 0.00 0.00
0.00 0.00 0.00 0.00 2.63 3.36 3.29 2.85 0.00 0.00 0.00 0.00 0.00 0.00 0.00 0.00 0.00 0.00 0.00 0.00 0.00 0.00 0.00 0.00 0.00 0.00 0.00 0.00 0.00 0.00 0.00 0.00 0.00 0.00 0.00 0.00 0.00 0.00 0.00 0.00 0.00 0.00 0.00 0.00 0.00 0.00 0.00 0.00 0.00 0.00 0.00 0.00 0.00 0.00 0.00 0.00 0.00 0.00 0.00 0.00 0.00 0.00 0.00 0.00 0.00 0.00 10.44 17.30 22.27 24.53 24.45 17.01 0.00 0.00 0.00 0.00 0.00 0.00 0.00 0.00 0.00 0.00 0.00 0.00
0.00 0.00 0.00 2.26 3.80 2.77 1.83 0.00 0.00 0.00 0.00 0.00 0.00 0.00 0.00 0.00 0.00 0.00 0.00 0.00 0.00 0.00 0.00 0.00 0.00 0.00 0.00 0.00 0.00 0.00 0.00 0.00 0.00 0.00 0.00 0.00 0.00 0.00 0.00 0.00 0.00 0.00 0.00 0.00 0.00 0.00 0.00 0.00 0.00 0.00 0.00 0.00 0.00 0.00 0.00 0.00 0.00 0.00 0.00 0.00 0.00 0.00 0.00 0.00 0.00 0.00 3.58 11.39 11.68 12.05 10.44 0.00 0.00 0.00 0.00 0.00 0.00 0.00 0.00 0.00 0.00 0.00 0.00 0.00
