Wansh/Snow_depth/snowdepth-1981/spring/1981065.txt
ncols 321
nrows 161
xllcenter 60
yllcenter 15 
cellsize  0.25 
NODATA_value -1
[rows 0 to 36 of 161, columns 0 to 83 of 321]
14.82 14.82 22.27 24.24 23.14 20.66 21.68 23.58 23.58 22.92 21.46 20.59 21.02 21.17 20.29 19.71 19.20 19.35 18.91 17.81 17.37 17.89 17.59 17.45 17.45 14.53 14.53 14.09 14.02 14.82 16.13 15.40 16.13 18.47 19.49 17.08 18.03 18.98 22.63 24.09 23.87 24.31 23.87 23.00 22.85 24.97 25.77 24.16 23.58 23.14 22.27 22.27 20.88 21.02 23.51 26.06 27.67 28.32 28.03 28.25 28.69 30.15 32.12 31.76 31.68 30.81 29.71 29.78 28.25 26.50 26.65 27.16 28.18 27.59 28.98 30.37 30.37 30.88 29.05 27.96 29.57 28.84 27.38 29.27
21.53 21.53 22.48 24.75 25.77 23.36 21.75 21.68 20.51 18.40 18.10 18.54 18.83 19.35 19.13 18.69 18.76 18.47 18.69 18.10 19.35 20.22 18.32 18.03 14.45 15.70 15.70 15.26 15.33 16.35 16.57 15.99 14.24 15.70 16.28 16.43 16.50 17.08 20.59 19.93 18.47 16.79 16.94 16.94 16.50 17.23 17.45 18.91 21.17 22.41 22.56 22.56 20.81 20.29 21.39 25.04 24.60 25.26 25.77 26.13 25.62 25.99 26.06 26.43 26.50 25.84 23.87 18.91 18.40 18.40 19.27 26.13 25.55 24.45 26.28 28.98 28.98 29.86 29.35 29.05 29.05 28.84 27.89 28.54
21.75 21.75 21.02 22.92 23.36 23.51 22.56 21.02 20.22 19.64 17.67 16.50 16.06 16.28 16.57 17.52 17.96 18.69 20.51 22.05 23.00 23.00 21.17 16.57 16.43 17.59 17.59 18.25 18.61 18.03 18.10 17.81 17.08 17.96 18.10 21.32 20.08 20.95 19.71 18.69 18.83 16.21 15.91 13.94 13.58 15.84 16.28 18.18 19.49 20.66 20.44 20.44 18.98 18.69 18.18 18.69 20.51 20.95 21.02 23.80 24.53 25.11 25.11 24.38 23.00 23.51 23.43 22.70 22.78 23.36 23.14 23.80 24.24 24.75 24.89 25.19 25.19 25.62 25.55 27.08 25.40 25.77 26.06 23.07
21.75 21.75 21.02 22.92 23.36 23.51 22.56 21.02 20.22 19.64 17.67 16.50 16.06 16.28 16.57 17.52 17.96 18.69 20.51 22.05 23.00 23.00 21.17 16.57 16.43 17.59 17.59 18.25 18.61 18.03 18.10 17.81 17.08 17.96 18.10 21.32 20.08 20.95 19.71 18.69 18.83 16.21 15.91 13.94 13.58 15.84 16.28 18.18 19.49 20.66 20.44 20.44 18.98 18.69 18.18 18.69 20.51 20.95 21.02 23.80 24.53 25.11 25.11 24.38 23.00 23.51 23.43 22.70 22.78 23.36 23.14 23.80 24.24 24.75 24.89 25.19 25.19 25.62 25.55 27.08 25.40 25.77 26.06 23.07
17.08 17.08 17.52 18.76 20.29 20.08 19.93 18.10 16.94 15.77 15.04 13.65 13.87 14.67 15.91 17.45 18.32 17.16 18.61 23.36 24.45 23.80 19.78 19.86 20.37 19.20 19.20 19.20 18.18 17.01 17.01 17.37 17.59 15.77 16.28 16.79 15.62 15.99 16.72 18.47 17.30 18.03 18.61 18.18 18.03 17.96 18.40 19.27 18.98 19.13 19.05 19.05 19.56 18.18 18.47 18.54 19.27 19.86 19.56 21.75 23.43 24.31 26.57 26.35 23.94 23.73 22.70 22.27 20.88 19.71 20.29 21.46 21.90 22.92 22.19 22.27 22.27 22.48 22.19 22.27 21.53 23.29 22.41 21.90
18.32 18.32 18.54 19.93 21.17 21.24 19.49 16.06 13.72 13.58 15.11 14.02 14.24 15.26 15.18 14.89 15.40 15.26 15.77 18.32 20.29 16.28 15.11 15.55 15.84 16.50 16.50 16.35 15.48 15.04 15.99 18.10 17.59 15.33 15.62 13.72 13.07 12.99 14.82 15.70 15.33 13.94 15.40 15.70 15.33 14.97 15.91 15.99 15.26 14.02 14.82 14.82 16.13 16.43 16.21 17.30 19.20 19.20 18.98 19.64 21.68 23.58 24.45 25.26 24.89 24.31 23.87 22.70 19.64 17.89 19.27 20.73 22.56 22.63 22.34 22.27 22.27 20.44 20.88 20.81 22.05 23.07 22.12 19.13
19.78 19.78 19.13 19.78 20.66 20.73 19.56 18.18 16.50 15.33 14.02 14.16 13.51 12.70 11.24 14.09 15.48 16.06 14.60 14.89 13.21 14.75 14.53 14.67 14.82 15.62 15.62 17.16 15.99 17.16 18.61 19.71 18.40 17.45 16.50 13.80 12.92 11.75 11.02 12.05 10.73 12.34 12.41 11.32 13.07 14.89 14.16 12.56 11.90 10.80 9.78 9.78 10.80 14.89 18.91 19.78 19.42 18.91 19.56 19.05 19.93 20.59 22.05 23.00 23.00 22.70 22.63 21.83 19.86 18.10 17.89 20.59 21.17 19.35 18.76 19.20 19.20 19.35 19.49 19.93 20.66 21.90 22.12 19.27
19.78 19.78 19.13 19.78 20.66 20.73 19.56 18.18 16.50 15.33 14.02 14.16 13.51 12.70 11.24 14.09 15.48 16.06 14.60 14.89 13.21 14.75 14.53 14.67 14.82 15.62 15.62 17.16 15.99 17.16 18.61 19.71 18.40 17.45 16.50 13.80 12.92 11.75 11.02 12.05 10.73 12.34 12.41 11.32 13.07 14.89 14.16 12.56 11.90 10.80 9.78 9.78 10.80 14.89 18.91 19.78 19.42 18.91 19.56 19.05 19.93 20.59 22.05 23.00 23.00 22.70 22.63 21.83 19.86 18.10 17.89 20.59 21.17 19.35 18.76 19.20 19.20 19.35 19.49 19.93 20.66 21.90 22.12 19.27
19.27 19.27 18.32 17.89 17.89 17.16 15.84 15.48 15.55 15.33 15.48 16.43 15.11 14.02 12.19 12.63 13.87 15.33 15.18 12.99 14.89 16.13 16.06 16.72 15.04 13.72 13.72 14.02 14.31 15.33 15.91 15.91 16.86 14.82 14.60 12.85 12.92 13.80 11.53 11.02 10.80 10.88 10.80 9.86 9.86 10.44 11.61 12.19 11.75 11.97 10.66 10.66 11.46 13.43 16.64 18.91 18.25 18.25 19.35 19.49 21.02 20.88 19.78 18.98 19.35 19.56 19.20 19.71 19.71 18.61 18.18 17.67 16.57 16.43 15.91 20.08 20.08 17.59 19.35 13.72 16.06 18.98 17.67 18.25
17.16 17.16 17.37 17.08 17.01 16.21 15.33 14.09 14.16 13.43 15.04 15.40 16.06 15.40 14.38 12.85 13.80 15.48 16.06 10.80 13.43 15.04 15.04 15.04 14.67 15.04 15.04 15.70 17.23 18.18 18.76 16.94 16.94 19.27 17.89 14.89 14.75 14.82 15.62 14.97 14.53 15.11 13.07 11.68 10.59 9.20 7.96 9.64 11.97 13.94 13.51 13.51 11.39 12.78 11.75 13.65 14.89 16.13 17.81 19.13 19.20 18.32 17.30 16.35 14.31 13.80 14.09 15.55 15.99 15.84 14.75 13.65 14.16 15.26 16.72 19.35 19.35 17.81 14.82 15.84 13.80 13.58 14.31 13.58
11.24 11.24 10.37 13.14 15.62 16.72 15.11 15.62 14.75 14.45 14.16 14.67 16.35 15.91 15.33 14.89 14.82 14.82 12.78 13.72 12.85 10.95 10.80 12.78 14.82 14.67 14.67 14.53 15.91 17.30 17.74 15.26 16.86 19.20 19.86 18.98 18.03 16.64 17.16 17.16 16.79 15.26 16.06 16.28 15.33 13.80 11.68 10.29 11.02 12.41 15.18 15.18 14.45 11.75 8.25 5.84 6.50 11.90 15.11 16.06 16.43 16.57 17.01 17.01 17.16 17.81 16.64 15.48 15.62 15.48 16.06 15.91 16.06 16.28 16.86 17.74 17.74 16.43 16.06 15.48 12.56 13.07 14.24 14.97
11.24 11.24 10.37 13.14 15.62 16.72 15.11 15.62 14.75 14.45 14.16 14.67 16.35 15.91 15.33 14.89 14.82 14.82 12.78 13.72 12.85 10.95 10.80 12.78 14.82 14.67 14.67 14.53 15.91 17.30 17.74 15.26 16.86 19.20 19.86 18.98 18.03 16.64 17.16 17.16 16.79 15.26 16.06 16.28 15.33 13.80 11.68 10.29 11.02 12.41 15.18 15.18 14.45 11.75 8.25 5.84 6.50 11.90 15.11 16.06 16.43 16.57 17.01 17.01 17.16 17.81 16.64 15.48 15.62 15.48 16.06 15.91 16.06 16.28 16.86 17.74 17.74 16.43 16.06 15.48 12.56 13.07 14.24 14.97
9.56 9.56 9.05 11.68 14.60 14.75 14.89 17.01 16.35 16.06 16.50 16.06 16.13 16.86 17.59 16.43 15.84 16.50 18.61 16.79 14.24 13.65 12.26 13.29 14.38 14.67 14.67 15.26 16.86 15.99 14.45 14.24 15.40 18.03 20.88 20.88 20.44 18.32 17.89 18.47 19.56 20.00 19.20 18.32 17.45 16.79 15.84 14.45 12.85 12.56 13.94 13.94 17.01 14.31 7.15 0.00 2.99 6.72 11.75 13.94 14.45 14.38 16.21 17.81 18.61 18.98 19.20 16.94 16.28 16.64 16.35 16.72 17.37 16.57 15.26 16.43 16.43 17.45 17.74 14.97 14.60 16.50 14.31 12.99
15.04 15.04 16.06 15.77 15.91 14.45 14.24 16.28 17.08 16.21 17.81 18.32 17.81 19.20 18.91 17.52 16.35 17.08 17.16 15.99 14.31 14.53 12.78 12.19 12.63 13.94 13.94 13.94 13.87 14.38 15.84 17.08 16.79 16.43 17.16 19.78 21.10 20.15 19.86 19.93 20.66 21.61 21.61 21.24 18.83 15.62 13.51 13.72 14.89 12.85 14.45 14.45 16.28 13.65 10.07 7.23 9.13 11.24 14.67 15.33 12.56 11.39 12.41 15.62 15.18 17.37 17.30 15.84 14.53 14.82 15.33 17.96 19.13 17.74 16.28 16.64 16.64 16.50 15.33 15.40 16.21 16.13 14.97 13.58
15.48 15.48 15.84 15.99 14.97 12.78 13.94 17.52 20.37 21.10 21.61 21.75 22.34 23.43 22.19 21.46 20.37 20.37 19.64 19.20 18.69 16.50 14.02 12.85 12.41 14.60 14.60 15.99 14.38 13.29 13.94 16.57 17.16 16.28 17.08 21.83 19.42 17.52 16.57 19.35 20.00 20.37 19.78 19.27 18.03 16.06 14.89 14.31 12.85 12.63 13.36 13.36 14.02 9.78 8.91 12.63 14.02 14.60 14.02 13.80 12.26 12.56 12.92 14.24 13.87 13.58 13.58 13.87 14.02 12.85 11.83 15.18 16.21 16.57 17.67 18.25 18.25 16.86 17.67 13.72 15.26 16.64 15.04 15.26
17.23 17.23 18.40 18.47 17.89 16.43 15.99 18.18 23.00 24.53 23.65 22.27 20.15 19.86 23.51 20.95 22.27 23.21 23.00 22.12 20.44 18.54 15.18 14.97 13.07 13.80 13.80 13.29 12.26 12.34 12.34 15.99 19.56 19.20 16.86 17.81 18.32 18.69 18.76 20.81 21.83 21.17 19.86 17.96 17.59 17.45 16.57 15.77 15.62 14.09 15.11 15.11 14.97 13.36 12.12 13.21 15.55 16.28 16.28 15.04 14.38 13.29 12.78 13.43 13.72 12.85 14.09 15.11 15.11 14.82 12.78 11.90 13.87 18.03 18.32 17.30 17.30 15.11 14.60 15.62 14.89 14.09 12.63 12.70
17.23 17.23 18.40 18.47 17.89 16.43 15.99 18.18 23.00 24.53 23.65 22.27 20.15 19.86 23.51 20.95 22.27 23.21 23.00 22.12 20.44 18.54 15.18 14.97 13.07 13.80 13.80 13.29 12.26 12.34 12.34 15.99 19.56 19.20 16.86 17.81 18.32 18.69 18.76 20.81 21.83 21.17 19.86 17.96 17.59 17.45 16.57 15.77 15.62 14.09 15.11 15.11 14.97 13.36 12.12 13.21 15.55 16.28 16.28 15.04 14.38 13.29 12.78 13.43 13.72 12.85 14.09 15.11 15.11 14.82 12.78 11.90 13.87 18.03 18.32 17.30 17.30 15.11 14.60 15.62 14.89 14.09 12.63 12.70
16.57 16.57 16.79 19.35 20.37 19.64 19.27 20.44 23.58 26.06 26.43 24.97 23.14 22.05 23.80 22.78 22.85 22.05 22.12 21.46 19.93 16.86 15.55 15.11 15.11 14.97 14.97 13.87 15.91 15.18 15.26 16.28 18.61 19.20 18.83 18.83 19.64 21.75 21.24 20.73 22.63 20.73 19.13 16.86 15.26 15.04 17.01 15.55 17.08 18.32 17.89 17.89 16.06 14.82 14.97 14.16 14.45 15.55 16.43 15.33 14.67 12.48 11.17 12.92 15.11 15.77 16.43 17.96 18.83 19.05 19.64 14.82 16.94 21.24 21.53 20.59 20.59 21.83 17.96 15.26 13.72 11.68 12.19 12.48
22.12 22.12 20.81 21.61 21.90 23.14 24.53 25.33 25.40 25.84 26.13 27.74 25.55 26.57 25.62 24.82 22.41 20.51 20.37 20.66 20.15 18.40 18.91 19.20 17.23 16.06 16.06 13.87 14.31 14.09 15.04 17.59 17.81 20.81 19.86 16.13 19.20 23.21 22.48 21.46 20.59 18.69 18.54 15.55 15.77 17.52 19.86 19.13 17.30 16.13 16.06 16.06 14.89 14.45 14.24 14.75 15.40 17.59 16.35 14.82 14.97 14.97 14.60 13.43 13.65 16.28 18.18 19.42 20.37 22.12 21.32 22.70 22.63 24.60 23.65 22.63 22.63 20.37 17.67 16.06 15.18 12.48 12.85 13.65
26.21 26.21 26.57 25.84 24.75 24.45 25.26 25.99 26.65 27.23 27.16 27.38 26.43 26.35 22.48 20.37 16.57 16.72 18.47 19.71 18.98 19.20 19.71 19.86 20.51 18.69 18.69 16.35 15.48 15.77 16.72 12.63 13.94 16.13 13.72 11.68 14.02 18.83 20.73 21.32 20.73 19.49 18.61 17.08 15.40 16.57 17.89 17.45 16.06 14.45 13.80 13.80 15.62 16.43 16.28 16.06 16.06 16.43 17.01 16.57 16.72 18.10 18.54 17.45 17.59 18.61 18.25 17.01 18.40 21.02 23.29 21.53 22.56 24.53 27.45 24.60 24.60 19.86 15.91 15.84 15.18 12.99 13.94 14.53
25.99 25.99 27.96 27.74 27.30 25.99 24.67 23.07 21.61 21.53 27.01 25.55 25.11 23.80 21.17 18.69 18.18 18.25 18.03 18.40 19.13 21.24 19.71 18.83 20.51 19.49 19.49 18.83 18.10 15.91 15.55 13.87 14.97 16.35 15.62 17.67 19.64 22.05 22.92 22.85 21.53 20.51 21.17 19.56 17.96 16.50 15.77 15.84 15.77 17.81 19.78 19.78 18.10 16.28 14.89 15.62 18.10 19.71 20.59 21.53 20.66 20.15 20.88 20.44 19.71 19.64 19.56 18.10 19.93 18.98 20.59 18.03 20.73 21.46 23.43 21.75 21.75 20.08 18.10 17.59 16.35 15.99 16.79 14.89
22.48 22.48 25.48 26.94 27.45 25.77 22.70 20.81 21.46 23.21 25.04 25.77 26.65 22.78 19.64 18.47 18.61 19.42 20.08 20.88 21.97 22.92 23.14 20.44 19.71 20.15 20.15 19.56 19.64 18.54 15.55 16.06 15.55 16.50 19.20 21.46 20.81 21.10 20.73 20.08 19.49 19.71 22.05 20.88 21.68 19.35 17.37 17.89 18.69 20.15 21.10 21.10 19.27 15.40 15.04 16.64 18.47 21.24 21.90 19.86 18.25 19.93 20.81 20.00 18.76 20.00 20.88 21.17 21.90 25.26 24.53 22.70 23.07 22.19 22.12 21.90 21.90 23.00 20.88 21.17 20.00 18.83 17.01 15.26
22.48 22.48 25.48 26.94 27.45 25.77 22.70 20.81 21.46 23.21 25.04 25.77 26.65 22.78 19.64 18.47 18.61 19.42 20.08 20.88 21.97 22.92 23.14 20.44 19.71 20.15 20.15 19.56 19.64 18.54 15.55 16.06 15.55 16.50 19.20 21.46 20.81 21.10 20.73 20.08 19.49 19.71 22.05 20.88 21.68 19.35 17.37 17.89 18.69 20.15 21.10 21.10 19.27 15.40 15.04 16.64 18.47 21.24 21.90 19.86 18.25 19.93 20.81 20.00 18.76 20.00 20.88 21.17 21.90 25.26 24.53 22.70 23.07 22.19 22.12 21.90 21.90 23.00 20.88 21.17 20.00 18.83 17.01 15.26
20.29 20.29 21.83 24.31 24.89 24.53 23.58 22.34 20.44 21.53 18.83 18.98 16.13 18.61 19.42 20.59 21.39 21.97 22.34 21.61 21.39 20.44 21.61 20.95 19.13 18.40 18.40 17.96 15.33 17.16 16.50 19.05 18.98 19.71 21.83 22.12 20.95 21.39 21.24 19.05 19.27 19.49 20.22 21.10 21.24 20.29 19.42 19.49 17.96 17.74 17.96 17.96 18.18 17.67 18.83 19.27 19.27 20.29 20.81 19.05 17.67 17.67 19.71 20.08 20.08 22.63 24.16 25.04 24.60 23.58 23.73 23.94 23.00 20.88 18.47 21.90 21.90 23.29 22.92 23.07 21.53 19.05 15.77 13.07
17.01 17.01 19.78 20.37 21.83 22.63 22.19 19.35 17.81 20.29 15.84 15.99 17.37 18.18 16.64 17.23 17.81 18.32 19.13 20.51 19.20 18.40 19.86 20.88 20.66 17.89 17.89 16.79 16.79 19.64 21.97 23.58 24.09 25.40 22.85 23.29 23.07 23.51 23.51 22.34 22.34 21.53 20.29 20.22 20.15 21.10 19.86 20.44 20.00 19.49 18.83 18.83 17.16 16.79 19.20 19.56 20.15 21.17 22.70 21.61 21.61 20.29 20.22 17.23 18.54 21.46 27.08 26.13 26.86 26.86 27.01 26.28 24.24 20.95 19.93 18.32 18.32 19.93 20.95 22.19 20.73 17.16 13.43 12.12
7.37 7.37 8.83 11.32 12.78 15.55 17.08 16.57 16.06 11.68 13.29 16.06 14.67 13.80 14.24 15.48 17.59 17.81 17.96 19.78 21.75 17.67 17.96 17.89 17.16 16.35 16.35 14.67 15.26 19.20 19.86 21.46 22.48 23.73 24.24 21.68 22.63 23.07 23.73 23.80 21.46 19.64 19.20 18.76 19.13 19.93 21.17 21.39 21.10 21.75 20.59 20.59 20.44 21.02 21.32 22.48 23.07 22.92 24.31 24.53 23.80 23.73 22.12 19.93 19.49 21.10 22.85 28.40 29.42 29.64 28.54 28.32 27.45 26.86 25.33 21.17 21.17 18.18 18.69 19.64 18.61 16.13 14.89 14.82
10.66 10.66 7.01 7.74 7.52 8.76 9.64 14.60 13.65 9.64 11.97 12.85 12.19 12.48 12.92 14.24 15.77 14.02 15.33 17.45 19.71 18.40 15.48 14.24 12.78 13.21 13.21 13.72 20.29 21.32 19.05 21.17 20.29 19.71 18.10 20.73 19.71 19.64 20.00 20.22 19.93 17.96 20.81 19.42 22.63 23.43 22.05 20.29 18.98 20.00 21.46 21.46 22.41 23.87 23.43 22.63 21.39 21.90 23.29 24.45 23.65 21.53 22.41 22.56 20.66 19.13 20.00 28.69 30.73 29.64 27.01 25.40 24.82 26.06 24.45 22.41 22.41 20.95 19.64 18.98 18.32 18.10 18.10 17.96
8.61 8.61 6.28 5.04 3.80 4.23 4.60 7.37 4.38 4.67 8.76 10.29 9.20 6.86 8.54 12.34 16.13 17.67 17.08 15.33 16.13 13.07 12.05 13.21 11.17 16.86 16.86 19.35 19.05 19.56 17.16 16.06 16.79 16.86 17.52 15.91 14.09 15.55 16.50 15.55 15.84 17.59 19.05 19.27 19.78 19.20 19.35 16.13 15.91 20.08 22.05 22.05 21.68 23.36 24.24 24.09 22.05 21.10 21.46 22.85 21.46 16.86 17.96 19.49 16.72 17.30 22.70 23.80 26.35 26.72 25.92 21.53 19.93 19.64 18.76 20.37 20.37 20.59 20.00 20.95 21.61 21.68 21.75 20.81
8.61 8.61 6.28 5.04 3.80 4.23 4.60 7.37 4.38 4.67 8.76 10.29 9.20 6.86 8.54 12.34 16.13 17.67 17.08 15.33 16.13 13.07 12.05 13.21 11.17 16.86 16.86 19.35 19.05 19.56 17.16 16.06 16.79 16.86 17.52 15.91 14.09 15.55 16.50 15.55 15.84 17.59 19.05 19.27 19.78 19.20 19.35 16.13 15.91 20.08 22.05 22.05 21.68 23.36 24.24 24.09 22.05 21.10 21.46 22.85 21.46 16.86 17.96 19.49 16.72 17.30 22.70 23.80 26.35 26.72 25.92 21.53 19.93 19.64 18.76 20.37 20.37 20.59 20.00 20.95 21.61 21.68 21.75 20.81
6.42 6.42 5.33 2.63 5.11 6.42 5.62 4.96 3.80 1.97 0.95 2.04 4.16 4.89 5.69 8.40 12.41 15.33 15.77 13.65 11.90 10.88 10.73 11.53 12.56 13.87 13.87 13.72 12.85 14.31 12.63 12.48 11.46 10.22 7.74 7.37 9.20 10.88 10.95 11.97 11.68 12.85 14.16 14.31 13.58 13.51 15.91 17.23 17.52 18.54 18.10 18.10 19.13 22.12 23.87 22.78 21.83 19.20 17.23 17.67 17.81 17.23 15.33 18.61 18.47 18.61 18.54 21.39 23.73 23.43 24.75 19.42 15.18 13.72 13.21 14.97 14.97 16.64 16.13 16.06 18.25 20.29 21.39 22.41
4.02 4.02 3.43 0.73 5.04 5.33 6.64 2.04 1.24 2.04 2.70 2.70 3.43 4.31 4.16 7.15 9.71 11.53 13.51 10.95 8.91 9.42 10.59 8.69 9.86 11.32 11.32 7.45 6.13 7.15 6.94 3.87 2.41 4.60 5.84 8.25 10.07 10.37 11.17 12.48 12.99 12.92 14.38 15.77 15.26 14.75 14.89 17.08 16.94 19.05 18.76 18.76 20.08 20.66 18.98 17.96 16.79 16.13 13.87 13.36 14.45 15.55 13.87 16.50 19.42 14.16 12.63 14.53 14.16 17.01 16.79 16.35 14.09 12.70 10.80 9.71 9.71 8.76 8.40 10.37 11.02 14.89 18.25 20.37
0.73 0.73 0.00 3.65 5.33 5.69 2.70 0.00 0.00 0.00 4.09 4.96 4.82 4.96 6.28 7.45 7.66 8.76 10.51 9.71 7.30 6.06 3.94 4.09 5.77 7.01 7.01 3.14 3.29 2.26 3.72 3.43 3.07 5.33 6.86 8.47 10.29 11.32 11.83 15.48 16.28 13.07 13.14 13.51 13.80 14.53 15.70 16.06 16.79 17.52 18.91 18.91 19.64 17.08 15.62 15.55 15.04 13.07 12.78 14.16 14.67 15.11 15.18 16.94 12.12 11.75 11.97 11.90 13.29 13.14 11.02 10.80 13.07 12.34 11.75 9.64 9.64 5.84 4.23 4.67 6.28 8.40 8.69 13.21
3.87 3.87 2.34 4.23 5.40 4.60 0.00 0.00 3.94 0.00 5.40 3.72 2.77 4.31 2.92 0.00 0.00 6.28 7.15 7.01 6.64 6.13 5.91 3.87 1.68 3.07 3.07 2.92 3.29 4.16 5.11 4.45 6.13 6.13 7.74 10.66 12.92 13.87 14.67 15.70 16.28 14.89 13.58 14.45 16.79 17.37 18.18 17.59 15.11 12.70 17.81 17.81 20.59 17.96 15.55 14.60 14.24 11.39 10.95 12.26 13.51 13.14 11.75 14.45 9.42 10.73 11.24 10.44 9.71 9.93 5.18 4.82 7.23 7.81 6.86 6.06 6.06 3.43 0.00 3.14 3.58 5.18 7.23 9.78
0.00 0.00 0.00 3.07 4.38 5.55 5.91 0.00 3.14 3.94 3.14 0.00 0.00 3.29 3.50 2.77 0.00 0.00 0.00 0.00 2.34 4.02 2.56 4.02 3.58 6.57 6.57 6.79 7.45 6.86 7.52 9.49 12.63 12.63 14.82 14.02 15.77 16.13 17.08 16.06 14.82 14.67 16.13 18.03 16.86 14.60 14.75 14.97 14.24 14.02 16.35 16.35 18.61 16.43 14.75 13.07 10.22 7.37 6.06 8.40 8.98 8.25 8.03 5.33 4.38 4.96 6.28 4.23 4.60 4.53 4.38 4.23 3.58 4.31 3.58 5.62 5.62 4.82 5.33 6.06 5.55 7.01 5.26 3.43
0.00 0.00 0.00 0.00 0.00 0.00 0.00 0.00 0.00 0.00 0.00 0.00 0.00 0.00 2.12 3.58 4.23 2.70 0.00 0.00 0.00 0.00 0.00 0.00 1.46 3.80 3.80 7.66 11.53 12.85 14.31 15.99 18.18 18.03 14.09 11.46 11.61 13.21 14.53 14.97 13.65 14.38 17.81 19.42 17.08 14.97 15.26 14.45 13.51 14.67 14.60 14.60 11.24 6.42 3.80 3.21 0.00 0.00 0.00 0.00 6.50 4.89 5.40 0.00 0.00 0.00 0.00 0.00 0.00 0.29 0.00 0.00 1.90 5.33 7.45 9.71 9.71 12.19 10.88 10.22 10.88 12.41 11.17 8.10
0.00 0.00 0.00 0.00 0.00 0.00 0.00 0.00 0.00 0.00 0.00 0.00 0.00 0.00 2.12 3.58 4.23 2.70 0.00 0.00 0.00 0.00 0.00 0.00 1.46 3.80 3.80 7.66 11.53 12.85 14.31 15.99 18.18 18.03 14.09 11.46 11.61 13.21 14.53 14.97 13.65 14.38 17.81 19.42 17.08 14.97 15.26 14.45 13.51 14.67 14.60 14.60 11.24 6.42 3.80 3.21 0.00 0.00 0.00 0.00 6.50 4.89 5.40 0.00 0.00 0.00 0.00 0.00 0.00 0.29 0.00 0.00 1.90 5.33 7.45 9.71 9.71 12.19 10.88 10.22 10.88 12.41 11.17 8.10
0.00 0.00 0.00 0.00 0.00 0.00 0.00 0.00 0.00 0.00 0.00 0.00 0.00 0.00 0.00 0.00 0.00 0.00 0.00 0.00 0.00 0.00 0.00 0.00 0.00 0.00 0.00 6.28 13.21 15.33 16.13 15.70 13.21 12.78 8.32 3.94 4.09 6.86 11.32 14.24 15.18 16.86 17.37 16.86 14.82 12.34 11.32 12.63 14.31 13.65 12.78 12.78 7.01 0.22 0.00 0.00 0.00 0.00 0.00 0.00 0.00 1.68 1.39 0.00 0.00 0.00 0.00 0.00 0.00 0.00 0.00 1.97 1.53 3.94 11.02 12.85 12.85 13.14 12.05 11.02 10.66 10.80 11.10 10.15
