Wansh/Snow_depth/snowdepth-1981/spring/1981087.txt
ncols 321
nrows 161
xllcenter 60
yllcenter 15 
cellsize  0.25 
NODATA_value -1
[rows 0 to 36 of 161, columns 84 to 167 of 321]
0.00 0.00 0.00 0.00 24.24 0.00 0.00 0.00 0.00 0.00 0.00 0.00 0.00 0.00 0.00 0.00 0.00 0.00 0.00 0.00 0.00 0.00 0.00 0.00 4.67 0.00 0.00 0.00 0.00 0.00 6.20 9.93 7.88 4.53 4.16 6.35 8.98 7.81 7.30 6.06 5.48 10.29 8.10 8.10 7.96 5.99 3.36 0.00 5.48 9.71 14.02 13.80 7.88 5.69 6.20 8.25 10.44 9.13 7.23 0.00 1.31 2.77 0.95 0.29 0.07 2.77 3.87 5.84 5.84 5.77 10.44 12.92 14.02 12.26 9.56 7.96 12.70 18.83 21.32 20.22 13.65 9.71 11.39 13.94
0.00 20.44 19.42 0.00 0.00 0.00 0.00 0.00 0.00 0.00 0.00 0.00 0.00 0.00 0.00 0.00 0.00 0.00 0.00 0.00 0.00 0.00 0.00 0.00 0.00 0.00 0.00 3.29 3.87 3.29 5.18 6.28 3.72 0.00 0.00 0.00 0.00 0.00 0.00 0.00 4.02 11.02 11.53 11.53 5.99 3.07 2.12 0.00 0.00 0.00 5.33 6.64 6.79 5.11 4.31 5.18 6.06 5.69 8.76 0.80 3.72 4.96 2.12 1.97 3.36 1.68 2.92 7.01 7.01 6.94 11.02 15.18 15.91 14.97 17.08 19.35 19.56 22.27 22.34 18.18 17.45 14.67 13.51 13.58
0.00 0.00 0.00 0.00 0.00 0.00 0.00 0.00 0.00 0.00 6.06 6.86 5.77 4.02 4.09 2.56 0.00 0.00 0.00 0.00 0.00 0.00 0.00 0.00 0.00 0.00 0.00 0.00 3.29 3.65 3.72 2.34 2.92 2.92 0.00 0.00 0.00 0.00 3.65 4.82 8.91 14.89 19.05 19.05 20.66 17.74 9.93 1.68 0.88 2.70 3.43 2.77 3.21 5.11 7.15 9.05 11.02 13.65 13.94 13.14 14.89 12.92 11.97 12.48 11.24 10.00 12.41 15.99 15.99 14.67 11.61 10.88 13.14 16.50 20.15 23.80 23.21 25.19 25.26 25.40 27.59 30.22 28.76 22.85
0.00 0.00 0.00 0.00 0.00 0.00 0.00 0.00 0.00 0.00 6.06 6.86 5.77 4.02 4.09 2.56 0.00 0.00 0.00 0.00 0.00 0.00 0.00 0.00 0.00 0.00 0.00 0.00 3.29 3.65 3.72 2.34 2.92 2.92 0.00 0.00 0.00 0.00 3.65 4.82 8.91 14.89 19.05 19.05 20.66 17.74 9.93 1.68 0.88 2.70 3.43 2.77 3.21 5.11 7.15 9.05 11.02 13.65 13.94 13.14 14.89 12.92 11.97 12.48 11.24 10.00 12.41 15.99 15.99 14.67 11.61 10.88 13.14 16.50 20.15 23.80 23.21 25.19 25.26 25.40 27.59 30.22 28.76 22.85
0.00 0.00 0.00 0.00 0.00 0.00 0.00 0.00 0.00 0.00 0.00 0.00 0.00 0.00 0.00 0.00 0.00 0.00 0.00 0.00 0.00 0.00 0.00 0.00 0.00 0.00 0.00 0.00 0.00 5.33 2.85 3.21 4.60 7.45 8.54 9.34 8.76 9.56 7.15 0.00 0.00 0.00 5.99 5.99 15.40 22.27 22.12 16.35 10.66 6.64 4.38 4.89 4.16 4.09 4.96 5.69 7.45 12.63 13.43 15.04 16.28 17.16 15.84 15.62 18.25 19.42 18.25 18.25 18.25 16.86 15.70 16.86 13.51 16.35 19.27 23.80 25.70 25.70 21.90 20.00 22.70 25.40 28.47 26.50
0.00 0.00 0.00 0.00 0.00 0.00 0.00 0.00 0.00 0.00 0.00 0.00 0.00 0.00 0.00 0.00 11.61 9.49 9.49 7.23 5.48 0.00 0.00 0.00 0.00 0.00 0.00 0.00 0.00 2.99 3.07 3.87 5.84 9.27 12.78 10.29 0.00 9.34 0.00 0.00 0.00 0.00 0.00 0.00 0.37 3.29 7.81 16.28 18.47 11.02 7.08 5.04 4.09 4.60 3.50 3.58 3.80 7.96 12.05 14.38 14.09 15.33 19.71 21.24 21.68 23.00 21.17 17.37 17.37 14.75 15.04 15.99 14.82 12.92 12.34 12.92 13.87 12.78 15.33 17.30 17.96 19.78 21.02 23.36
0.00 0.00 0.00 0.00 0.00 0.00 0.00 0.00 0.00 0.00 0.00 0.00 0.00 0.00 15.11 14.60 14.24 13.58 13.58 12.63 0.00 0.00 0.00 0.00 0.00 0.00 0.00 0.00 0.00 0.00 3.43 2.56 5.55 6.94 9.13 8.76 0.00 0.00 0.00 0.00 0.00 0.00 0.00 0.00 0.00 5.48 10.15 12.41 12.34 9.71 7.96 6.28 4.45 3.94 4.96 6.57 13.14 11.83 12.19 12.92 16.64 19.86 22.78 24.38 23.73 22.34 20.95 20.22 20.22 17.52 16.35 16.94 17.37 17.45 15.18 13.36 11.90 8.91 8.18 11.61 17.96 19.35 21.32 23.07
0.00 0.00 0.00 0.00 0.00 0.00 0.00 0.00 0.00 0.00 0.00 0.00 0.00 0.00 15.11 14.60 14.24 13.58 13.58 12.63 0.00 0.00 0.00 0.00 0.00 0.00 0.00 0.00 0.00 0.00 3.43 2.56 5.55 6.94 9.13 8.76 0.00 0.00 0.00 0.00 0.00 0.00 0.00 0.00 0.00 5.48 10.15 12.41 12.34 9.71 7.96 6.28 4.45 3.94 4.96 6.57 13.14 11.83 12.19 12.92 16.64 19.86 22.78 24.38 23.73 22.34 20.95 20.22 20.22 17.52 16.35 16.94 17.37 17.45 15.18 13.36 11.90 8.91 8.18 11.61 17.96 19.35 21.32 23.07
0.00 0.00 0.00 0.00 0.00 0.00 0.00 0.00 0.00 0.00 0.00 0.00 0.00 15.55 17.67 17.45 14.09 11.02 11.02 12.12 13.72 13.36 0.00 0.00 8.25 8.76 7.59 5.26 3.87 3.50 4.31 5.04 5.48 7.88 11.17 7.74 0.00 0.00 0.00 0.00 0.00 0.00 0.00 0.00 0.00 6.28 8.83 11.97 10.66 6.94 6.57 6.13 5.40 3.50 5.55 8.18 9.78 11.90 10.51 14.02 15.55 19.56 21.68 22.19 22.34 23.21 25.19 21.68 21.68 20.08 20.73 20.88 20.44 20.22 19.27 17.89 15.77 14.97 13.87 11.24 11.61 13.80 15.91 20.44
0.00 0.00 0.00 0.00 0.00 0.00 0.00 16.50 16.43 12.12 10.29 9.34 11.53 14.02 15.70 13.87 12.34 11.10 11.10 11.39 14.02 17.52 13.29 9.56 8.32 8.32 7.59 5.77 5.40 5.18 5.11 4.31 5.40 13.14 15.33 12.34 7.37 0.00 0.00 0.00 0.00 0.00 5.55 5.55 5.48 4.38 4.96 6.42 7.15 7.23 10.66 16.43 14.31 12.70 11.02 12.34 11.61 9.13 11.17 11.75 12.85 13.65 12.34 14.31 16.35 15.18 13.58 14.53 14.53 14.97 16.50 18.10 20.08 19.27 15.55 17.74 20.81 21.61 20.22 15.99 12.92 11.97 11.68 12.85
7.88 9.34 0.00 0.00 0.00 14.53 12.56 12.34 10.80 8.91 7.88 11.39 11.10 10.00 8.18 5.69 5.40 8.54 8.54 15.91 20.81 18.25 12.48 6.86 6.42 5.04 4.96 4.74 4.31 4.16 3.14 2.41 3.07 5.26 10.29 11.61 12.56 10.59 6.57 4.60 5.33 5.40 6.57 6.57 6.72 5.91 7.74 10.66 11.53 10.66 14.31 17.59 16.50 14.02 12.05 13.94 13.94 13.43 11.97 11.97 17.23 15.40 12.85 13.51 14.75 17.30 18.25 17.89 17.89 19.71 17.16 17.81 20.51 20.15 18.98 19.71 25.70 28.84 23.58 17.59 13.72 12.05 11.32 8.69
7.88 9.34 0.00 0.00 0.00 14.53 12.56 12.34 10.80 8.91 7.88 11.39 11.10 10.00 8.18 5.69 5.40 8.54 8.54 15.91 20.81 18.25 12.48 6.86 6.42 5.04 4.96 4.74 4.31 4.16 3.14 2.41 3.07 5.26 10.29 11.61 12.56 10.59 6.57 4.60 5.33 5.40 6.57 6.57 6.72 5.91 7.74 10.66 11.53 10.66 14.31 17.59 16.50 14.02 12.05 13.94 13.94 13.43 11.97 11.97 17.23 15.40 12.85 13.51 14.75 17.30 18.25 17.89 17.89 19.71 17.16 17.81 20.51 20.15 18.98 19.71 25.70 28.84 23.58 17.59 13.72 12.05 11.32 8.69
12.56 14.82 15.26 11.61 10.29 8.69 7.66 7.59 0.00 0.00 5.33 6.28 7.23 7.96 11.46 15.26 18.40 22.05 22.05 26.35 26.57 18.03 8.69 6.42 7.59 6.64 5.55 2.99 1.97 2.56 2.19 1.17 1.46 2.48 5.84 7.52 11.17 9.42 7.59 8.18 10.80 11.90 13.43 13.43 12.05 8.91 9.34 13.21 16.06 18.54 22.63 27.89 23.21 16.43 16.28 16.13 18.32 22.92 20.29 17.45 17.16 14.24 13.14 13.72 14.75 15.77 17.08 19.56 19.56 21.24 21.83 21.97 23.00 25.19 27.01 27.45 27.30 27.08 24.97 19.86 18.18 18.25 16.57 14.67
15.91 17.74 12.05 6.06 3.80 3.87 4.96 7.45 8.54 9.13 9.49 11.83 14.97 17.52 18.69 19.78 23.51 25.33 25.33 21.68 16.79 12.26 9.86 8.47 8.10 6.50 5.99 4.45 5.11 7.30 7.74 9.49 9.34 15.62 14.09 16.35 20.37 18.47 14.02 15.11 16.06 13.72 12.70 12.70 12.70 13.14 13.80 15.62 17.45 20.81 22.56 22.78 22.63 22.34 18.10 15.04 17.67 18.98 17.16 16.21 15.84 15.84 14.38 18.54 17.30 16.72 18.61 21.46 21.46 23.87 25.33 25.48 25.92 25.77 26.43 28.25 27.38 25.40 24.60 20.59 17.89 16.28 16.13 14.53
16.43 9.78 8.83 8.03 6.64 5.77 5.62 8.98 12.63 15.33 15.18 16.06 19.42 23.73 24.53 25.04 23.14 20.15 20.15 16.50 13.43 10.88 9.93 9.93 6.86 7.74 11.46 12.41 13.29 15.26 18.98 18.03 24.97 22.63 23.00 20.73 19.35 18.25 16.72 19.56 21.02 20.59 19.93 19.93 18.91 21.83 24.45 23.14 20.15 20.00 20.95 23.29 24.02 27.30 34.60 34.89 26.94 19.78 12.41 10.51 15.18 17.45 18.76 22.70 23.21 20.81 19.71 19.64 19.64 22.19 24.02 23.51 24.45 21.90 21.24 16.94 10.95 6.50 6.06 9.56 12.92 12.85 13.43 15.26
8.54 9.13 11.83 15.33 12.70 8.61 9.05 9.71 10.22 11.17 12.70 13.29 14.67 14.45 15.55 17.01 18.47 18.69 18.69 16.64 13.72 12.05 13.65 14.67 13.36 12.26 10.95 13.58 18.98 21.02 23.51 23.43 20.95 18.25 18.18 14.45 14.82 16.94 20.95 23.94 24.89 22.78 17.37 17.37 15.26 16.06 16.35 15.55 13.36 15.11 18.10 18.10 19.86 23.73 29.71 33.43 29.42 19.27 9.13 5.69 5.77 6.94 8.69 11.02 13.21 17.52 19.78 18.69 18.69 21.17 23.65 22.12 14.60 12.05 13.87 16.57 11.39 0.00 0.00 13.43 16.72 16.79 17.74 24.02
8.54 9.13 11.83 15.33 12.70 8.61 9.05 9.71 10.22 11.17 12.70 13.29 14.67 14.45 15.55 17.01 18.47 18.69 18.69 16.64 13.72 12.05 13.65 14.67 13.36 12.26 10.95 13.58 18.98 21.02 23.51 23.43 20.95 18.25 18.18 14.45 14.82 16.94 20.95 23.94 24.89 22.78 17.37 17.37 15.26 16.06 16.35 15.55 13.36 15.11 18.10 18.10 19.86 23.73 29.71 33.43 29.42 19.27 9.13 5.69 5.77 6.94 8.69 11.02 13.21 17.52 19.78 18.69 18.69 21.17 23.65 22.12 14.60 12.05 13.87 16.57 11.39 0.00 0.00 13.43 16.72 16.79 17.74 24.02
9.71 10.44 12.48 13.51 14.45 13.65 8.98 7.74 8.83 10.51 11.61 13.29 14.82 14.38 12.34 13.14 19.20 19.20 19.20 17.23 15.26 12.56 11.02 12.34 14.24 14.60 12.19 14.16 14.89 13.58 19.05 19.42 18.18 17.59 12.78 12.05 14.16 14.97 16.28 16.79 17.01 16.94 14.31 14.31 12.70 16.06 18.98 20.08 17.01 15.84 16.94 17.16 18.03 18.91 19.93 19.49 17.96 11.24 8.10 8.47 11.97 12.56 10.07 8.98 12.78 16.72 17.81 21.46 21.46 24.09 23.00 18.69 12.19 9.49 14.97 15.33 7.81 0.00 0.00 13.51 13.21 7.37 12.41 15.70
14.67 20.29 25.84 25.26 26.86 23.65 17.23 13.21 11.02 10.66 10.44 11.61 18.18 20.66 19.42 18.98 19.86 17.45 17.45 16.28 15.11 12.12 10.88 11.24 14.09 16.50 16.57 18.03 17.52 16.06 19.35 20.08 23.80 24.16 19.35 13.51 11.32 11.32 10.73 14.75 17.30 18.61 23.21 23.21 26.21 25.92 25.33 23.58 20.81 17.37 17.67 21.10 19.93 19.71 20.22 20.66 16.50 13.21 16.35 18.25 21.97 23.00 20.00 16.57 15.77 18.10 19.05 22.78 22.78 27.01 26.21 21.75 14.60 12.12 11.32 9.56 4.74 0.00 5.48 5.26 6.64 8.25 9.13 11.39
0.00 4.96 10.22 15.70 21.68 27.30 26.21 17.81 10.80 12.48 14.24 13.58 14.60 16.64 16.57 17.52 20.22 23.58 23.58 26.13 23.43 17.74 14.24 11.90 14.89 17.23 18.91 21.02 20.29 17.67 22.78 22.56 22.27 21.17 22.56 17.37 11.10 7.74 8.32 10.22 13.80 19.35 27.30 27.30 34.24 34.75 27.74 24.82 26.43 27.96 27.45 26.21 24.97 22.63 21.75 23.80 25.40 25.55 21.97 21.75 27.01 32.78 26.57 21.83 18.10 19.35 25.77 28.84 28.84 25.11 20.66 19.86 17.52 13.87 10.07 3.58 3.21 4.02 4.89 4.60 6.06 8.25 8.10 7.74
0.00 0.00 0.00 0.00 9.64 12.99 16.35 17.01 16.06 16.13 17.37 19.20 18.61 15.99 12.85 12.85 15.18 15.77 15.77 15.70 17.74 16.35 15.55 14.53 15.99 19.27 17.59 16.43 19.49 13.58 17.45 18.91 20.44 18.32 13.65 10.15 8.83 10.88 10.00 9.93 11.39 15.99 23.94 23.94 35.11 36.87 34.31 31.90 34.46 35.62 33.22 29.78 26.65 27.81 26.13 30.15 30.00 27.23 26.65 24.53 23.14 24.89 24.89 23.29 23.07 25.62 29.13 28.69 28.69 16.35 8.61 7.37 9.13 9.78 8.25 4.96 4.53 5.84 6.64 6.42 6.20 7.88 9.20 8.69
0.00 0.00 7.08 9.56 6.94 6.50 11.10 18.47 24.09 28.69 30.66 31.10 30.22 25.19 19.13 15.04 16.28 17.23 17.23 17.30 18.69 19.13 18.47 19.71 21.90 24.31 23.51 19.35 17.01 13.65 9.93 8.47 10.95 14.53 9.86 6.42 2.77 5.99 10.80 13.72 12.63 11.53 11.68 11.68 20.00 24.09 22.85 25.84 27.01 25.77 26.06 25.19 32.27 36.94 36.87 34.46 29.64 27.38 28.40 28.40 24.60 25.48 25.77 25.70 24.67 26.13 26.79 20.59 20.59 12.48 7.23 0.00 3.50 2.85 2.12 2.48 4.02 5.04 4.60 3.29 4.09 6.94 6.57 6.72
0.00 0.00 7.08 9.56 6.94 6.50 11.10 18.47 24.09 28.69 30.66 31.10 30.22 25.19 19.13 15.04 16.28 17.23 17.23 17.30 18.69 19.13 18.47 19.71 21.90 24.31 23.51 19.35 17.01 13.65 9.93 8.47 10.95 14.53 9.86 6.42 2.77 5.99 10.80 13.72 12.63 11.53 11.68 11.68 20.00 24.09 22.85 25.84 27.01 25.77 26.06 25.19 32.27 36.94 36.87 34.46 29.64 27.38 28.40 28.40 24.60 25.48 25.77 25.70 24.67 26.13 26.79 20.59 20.59 12.48 7.23 0.00 3.50 2.85 2.12 2.48 4.02 5.04 4.60 3.29 4.09 6.94 6.57 6.72
0.00 0.00 0.00 12.12 13.80 12.19 14.31 17.81 21.90 27.23 31.17 32.92 33.14 32.63 28.18 22.92 22.34 20.29 20.29 17.08 18.54 19.78 19.93 22.12 26.72 27.16 28.32 22.78 18.18 12.48 8.40 6.57 5.55 5.33 4.16 0.00 0.00 3.65 5.04 6.20 8.25 4.89 5.33 5.33 7.15 7.37 7.45 9.78 13.65 12.70 11.24 9.34 16.79 20.51 24.31 26.79 25.04 22.78 23.36 25.55 23.94 22.56 25.62 28.18 26.35 23.94 23.51 22.27 22.27 22.92 20.44 13.36 10.22 7.66 5.77 4.60 4.60 3.65 2.99 3.07 3.43 2.19 1.68 2.04
4.45 7.37 8.61 12.34 16.13 18.03 23.00 28.03 31.39 30.37 31.68 32.19 30.37 27.52 24.75 22.56 20.88 18.47 18.47 16.86 19.05 21.46 21.17 18.70 19.52 21.21 23.30 18.83 15.18 8.10 7.01 4.23 2.70 0.00 0.00 0.00 0.00 0.00 3.14 2.56 1.83 0.00 0.00 0.00 0.00 1.17 2.48 4.16 5.55 6.35 2.77 2.99 3.50 5.40 10.29 16.86 18.25 18.98 21.83 23.36 22.56 21.75 25.84 28.40 27.38 25.04 21.10 20.81 20.81 23.94 25.55 21.46 15.70 11.90 6.94 3.65 3.72 2.92 2.26 4.82 7.81 0.00 0.00 0.00
18.18 24.60 24.31 25.04 25.77 27.74 31.24 33.51 33.73 26.21 17.81 18.10 18.54 15.99 18.03 23.07 24.89 25.99 25.99 26.50 26.65 30.00 28.47 23.87 27.13 22.12 21.86 23.56 23.29 22.56 14.02 7.37 4.02 0.00 0.00 0.00 0.00 1.90 4.16 3.43 0.00 0.00 2.04 2.04 2.19 1.61 1.75 2.34 0.00 0.00 0.00 0.00 0.00 0.00 1.75 8.40 12.70 17.89 22.85 25.33 21.83 17.74 20.00 19.05 19.42 20.51 18.91 20.15 20.15 20.66 19.93 17.01 13.14 9.20 5.77 4.23 4.45 3.58 4.53 5.55 0.00 0.00 0.00 0.00
22.70 24.53 27.74 29.42 26.50 24.97 27.59 22.34 7.52 1.90 0.00 0.44 0.00 3.14 11.97 22.19 27.59 26.86 26.86 22.92 23.14 22.60 27.24 26.49 25.42 21.33 22.94 23.37 21.67 20.48 13.29 12.34 11.68 4.89 0.00 4.09 3.72 3.14 3.14 3.36 2.85 1.90 0.00 0.00 0.00 0.00 0.00 1.02 1.31 0.00 0.00 0.00 0.00 0.00 0.00 0.00 6.06 9.13 9.93 18.18 19.05 13.87 16.21 12.92 9.71 15.33 19.93 21.53 21.53 20.00 20.51 18.83 16.21 12.70 11.68 12.41 9.78 7.81 8.91 6.42 1.53 0.00 0.00 0.00
20.66 19.35 25.99 24.82 24.67 23.21 16.64 7.66 0.00 0.00 0.00 0.00 0.00 0.00 3.29 5.62 3.80 2.99 2.99 0.00 0.00 8.00 13.92 21.24 24.23 17.67 22.58 23.65 25.33 24.70 22.45 22.19 19.93 14.45 12.34 11.46 7.08 3.07 2.63 2.63 0.00 0.00 0.00 0.00 0.00 0.00 0.00 0.00 0.00 0.00 0.00 0.00 0.00 0.00 0.00 0.00 0.00 0.00 5.99 14.82 19.35 19.20 20.29 17.08 11.02 19.13 26.94 26.13 26.13 23.14 20.29 17.96 16.79 15.70 14.89 13.65 7.88 3.36 5.55 5.84 2.85 2.92 3.50 6.06
20.66 19.35 25.99 24.82 24.67 23.21 16.64 7.66 0.00 0.00 0.00 0.00 0.00 0.00 3.29 5.62 3.80 2.99 3.01 0.00 0.00 8.57 13.57 21.79 23.87 17.67 21.90 21.97 23.67 25.08 22.68 23.12 22.39 15.30 12.65 11.46 7.08 3.07 2.63 2.63 0.00 0.00 0.00 0.00 0.00 0.00 0.00 0.00 0.00 0.00 0.00 0.00 0.00 0.00 0.00 0.00 0.00 0.00 5.99 14.82 19.35 19.20 20.29 17.08 11.02 19.13 26.94 26.13 26.13 23.14 20.29 17.96 16.79 15.70 14.89 13.65 7.88 3.36 5.55 5.84 2.85 2.92 3.50 6.06
18.25 20.29 23.51 23.73 30.08 32.12 23.21 8.83 2.41 0.00 0.00 0.00 0.00 0.00 0.00 0.00 0.00 0.00 0.00 0.00 0.00 0.00 0.00 0.00 0.00 8.33 18.80 20.47 20.29 24.80 25.29 21.79 24.79 28.77 23.25 18.23 11.95 6.20 4.31 3.07 1.10 0.00 1.39 1.39 0.00 0.00 0.00 2.34 0.00 0.00 0.00 0.00 0.00 0.00 0.00 0.00 0.00 0.00 3.80 7.66 12.56 14.75 19.05 23.14 23.00 22.78 24.02 23.43 23.43 19.05 13.21 13.94 13.94 13.72 14.60 9.20 3.43 1.68 3.07 3.14 2.12 2.34 0.00 0.00
20.88 19.42 15.11 14.02 13.65 18.03 24.38 28.11 25.92 18.54 9.86 0.00 0.00 0.00 0.00 0.00 0.00 0.00 0.00 0.00 0.00 0.00 0.00 0.00 0.00 0.00 0.00 0.00 5.14 13.57 22.34 21.53 19.64 24.84 28.71 27.54 20.23 11.15 5.55 4.74 3.29 2.70 0.00 0.00 0.00 0.00 1.24 0.73 0.00 0.00 0.00 0.00 0.00 0.00 0.00 0.00 0.00 0.00 0.00 0.00 2.85 0.00 12.85 21.97 25.40 21.83 19.78 20.66 20.66 17.74 15.77 14.53 13.43 15.62 15.84 10.15 3.07 1.83 2.41 2.34 0.51 0.00 0.00 0.00
17.16 21.17 20.29 17.59 12.56 6.86 9.86 14.24 13.29 10.66 6.50 3.07 0.00 0.00 0.00 7.45 7.08 7.59 7.59 4.60 0.00 0.00 0.00 0.00 0.00 0.00 0.00 0.00 0.00 0.00 5.33 14.24 20.66 23.36 25.97 26.42 25.99 18.91 14.16 11.75 9.64 5.55 1.90 1.90 0.00 0.00 0.00 0.00 0.00 0.00 0.00 0.00 0.00 0.00 0.00 0.00 0.00 0.00 0.00 0.00 0.00 0.00 12.92 21.02 22.92 19.35 16.50 16.43 16.43 14.16 10.95 11.17 9.71 9.05 8.32 7.96 6.72 7.66 6.50 4.74 5.33 5.04 0.00 0.00
0.00 3.94 6.57 10.44 14.38 18.25 20.73 21.90 20.66 16.21 10.88 7.23 8.83 11.02 12.48 15.77 11.10 6.50 6.50 3.29 0.00 0.00 0.00 0.00 0.00 0.00 0.00 0.00 0.00 0.00 0.00 1.24 5.62 12.19 20.29 29.93 30.61 26.93 21.38 16.66 12.78 8.25 3.58 3.58 2.12 0.00 0.00 0.22 0.00 0.00 0.00 0.00 0.00 0.00 0.00 0.00 0.00 0.00 0.00 0.00 0.00 0.00 7.88 13.87 13.21 10.37 11.17 9.78 9.78 6.42 3.43 2.34 0.00 0.00 3.50 7.37 10.29 11.53 11.90 10.59 11.68 9.27 5.99 4.45
0.00 0.00 0.00 0.00 0.00 0.00 4.09 6.06 10.18 12.85 9.05 5.84 10.15 15.84 15.40 10.95 4.38 1.68 1.68 0.00 0.00 0.00 0.00 0.00 0.00 0.00 0.00 0.00 0.00 0.00 0.00 0.00 0.00 0.00 5.11 16.86 24.75 25.19 26.01 22.76 13.50 9.42 8.47 8.47 4.82 0.00 4.45 0.00 0.00 0.00 0.00 0.00 0.00 0.00 0.00 0.00 0.00 3.65 4.53 4.45 3.21 0.00 0.58 2.56 2.56 1.39 5.33 5.04 5.04 2.04 0.00 0.00 0.00 2.19 0.00 2.48 5.18 8.69 10.59 8.91 9.42 6.79 5.55 5.62
0.00 0.00 0.00 0.00 0.00 0.00 0.00 0.00 0.00 0.00 0.00 4.67 11.10 10.59 5.55 2.26 0.00 0.00 0.00 0.00 0.00 0.00 0.00 0.00 0.00 0.00 0.00 0.00 0.00 0.00 0.00 0.00 0.00 0.00 0.00 4.02 7.74 9.36 14.24 16.43 14.31 12.78 12.41 12.41 10.59 7.66 6.28 6.86 5.84 4.02 3.94 0.00 0.00 0.00 0.00 0.00 0.00 0.00 3.80 4.09 4.60 3.58 0.00 0.00 0.00 0.00 0.00 2.48 2.48 0.00 0.00 0.00 1.61 1.97 1.46 0.00 0.00 1.46 3.72 3.65 7.01 7.01 6.42 6.06
0.00 0.00 0.00 0.00 0.00 0.00 0.00 0.00 0.00 0.00 0.00 4.67 11.10 10.59 5.55 2.26 0.00 0.00 0.00 0.00 0.00 0.00 0.00 0.00 0.00 0.00 0.00 0.00 0.00 0.00 0.00 0.00 0.00 0.00 0.00 4.04 7.74 9.32 14.38 16.43 14.16 12.78 12.41 12.41 10.59 7.66 6.28 6.86 5.84 4.02 3.94 0.00 0.00 0.00 0.00 0.00 0.00 0.00 3.80 4.09 4.60 3.58 0.00 0.00 0.00 0.00 0.00 2.48 2.48 0.00 0.00 0.00 1.61 1.97 1.46 0.00 0.00 1.46 3.72 3.65 7.01 7.01 6.42 6.06
0.00 0.00 0.00 0.00 0.00 0.00 5.11 4.30 0.00 0.00 0.00 5.04 7.66 0.00 0.00 0.00 0.00 0.00 0.00 0.00 1.53 0.00 0.00 0.00 0.00 0.00 0.00 0.00 0.00 0.00 0.00 0.00 0.00 0.00 0.00 2.04 3.58 3.36 3.15 4.82 4.89 4.23 3.29 3.29 3.65 5.33 7.52 9.34 13.58 9.49 5.40 3.80 0.00 0.00 0.00 0.00 0.00 0.00 0.00 0.00 0.00 3.58 3.80 4.96 4.31 2.85 0.00 0.00 0.00 0.00 0.00 0.00 0.29 2.04 0.00 0.66 0.00 0.00 0.00 0.00 4.23 4.67 0.00 0.00
