Wansh/Snow_depth/snowdepth-1981/spring/1981091.txt
ncols 321
nrows 161
xllcenter 60
yllcenter 15 
cellsize  0.25 
NODATA_value -1
[rows 0 to 36 of 161, columns 168 to 251 of 321]
14.16 8.83 8.10 9.13 0.00 0.00 0.00 0.00 0.00 0.00 0.00 0.00 0.00 0.00 0.00 0.00 0.00 0.00 0.00 0.00 0.00 0.00 0.00 0.00 0.00 9.71 10.22 8.61 5.99 6.13 7.66 11.10 15.70 20.08 15.26 15.26 10.00 13.29 18.76 22.56 19.71 17.16 15.77 14.89 13.14 11.61 14.67 16.50 12.92 8.47 8.47 10.44 8.98 11.02 6.79 7.30 7.37 7.15 7.88 9.86 9.86 13.43 17.89 22.12 23.87 24.67 24.16 21.61 21.83 21.10 19.71 18.83 18.83 18.69 18.98 19.35 20.08 20.81 22.12 23.07 24.45 26.06 27.59 27.45
10.66 7.59 8.25 9.71 0.00 0.00 0.00 0.00 0.00 0.00 0.00 0.00 0.00 0.00 0.00 0.00 0.00 0.00 0.00 0.00 0.00 0.00 0.00 7.74 4.82 6.06 8.54 10.59 6.86 5.55 8.32 13.43 17.30 12.19 7.45 7.45 4.67 12.05 20.95 22.34 20.44 19.71 20.29 21.24 19.64 16.21 14.02 12.63 10.88 8.32 8.98 10.66 8.03 9.78 8.32 9.27 11.10 11.17 10.95 10.59 10.59 14.60 19.35 22.34 22.92 21.75 22.63 22.70 21.68 21.24 22.05 21.46 21.10 20.51 20.08 20.00 22.78 23.80 23.80 22.56 22.70 22.41 21.53 20.73
18.54 12.19 12.78 0.00 0.00 0.00 0.00 0.00 0.00 0.00 0.00 0.00 0.00 0.00 0.00 0.00 0.00 0.00 0.00 0.00 0.00 0.00 8.25 7.45 5.84 6.86 8.83 9.05 8.54 5.84 7.37 10.88 12.05 8.61 4.89 4.89 7.30 19.42 26.86 28.25 25.55 22.19 21.46 19.64 13.58 7.59 5.48 5.33 7.59 11.75 15.91 16.72 19.35 17.59 16.50 13.51 12.48 12.78 13.80 15.40 15.40 16.72 19.71 20.37 19.49 21.17 22.41 24.67 23.94 23.43 23.51 24.53 23.00 23.14 24.24 23.80 24.75 26.13 24.53 22.19 19.42 15.62 15.33 15.04
18.54 12.19 12.78 0.00 0.00 0.00 0.00 0.00 0.00 0.00 0.00 0.00 0.00 0.00 0.00 0.00 0.00 0.00 0.00 0.00 0.00 0.00 8.25 7.45 5.84 6.86 8.83 9.05 8.54 5.84 7.37 10.88 12.05 8.61 4.89 4.89 7.30 19.42 26.86 28.25 25.55 22.19 21.46 19.64 13.58 7.59 5.48 5.33 7.59 11.75 15.91 16.72 19.35 17.59 16.50 13.51 12.48 12.78 13.80 15.40 15.40 16.72 19.71 20.37 19.49 21.17 22.41 24.67 23.94 23.43 23.51 24.53 23.00 23.14 24.24 23.80 24.75 26.13 24.53 22.19 19.42 15.62 15.33 15.04
20.73 20.08 0.00 0.00 0.00 0.00 0.00 0.00 0.00 0.00 0.00 0.00 0.00 0.00 0.00 0.00 0.00 0.00 0.00 0.00 0.00 7.66 7.96 6.79 5.77 5.55 6.64 7.01 14.31 11.53 9.56 9.49 8.76 6.35 10.44 10.44 16.06 20.37 21.68 17.89 13.72 11.61 10.07 8.76 6.50 0.00 8.61 9.93 12.12 16.43 17.81 21.68 20.15 19.27 19.05 16.28 13.94 14.75 17.01 19.27 19.27 20.88 21.10 21.46 21.53 24.02 21.75 22.34 21.83 20.95 19.13 21.32 20.73 18.98 17.67 16.64 16.21 15.77 14.82 15.55 17.67 18.69 20.15 22.92
24.82 27.23 0.00 0.00 0.00 0.00 0.00 0.00 0.00 0.00 0.00 0.00 0.00 0.00 0.00 0.00 0.00 0.00 0.00 0.00 3.65 6.28 0.00 1.97 0.00 1.17 0.00 8.18 10.88 10.29 7.66 2.70 4.38 9.13 13.87 13.87 17.67 13.51 7.74 6.28 9.56 13.07 11.68 9.20 9.93 11.39 11.10 13.29 16.64 19.20 23.51 22.92 20.08 14.67 14.89 13.80 14.09 14.16 14.38 19.35 19.35 23.07 24.16 23.58 20.00 17.74 16.21 16.64 17.16 16.79 16.86 15.62 15.33 14.53 12.34 11.83 12.26 13.65 15.77 17.01 18.91 19.05 19.64 21.68
28.76 20.73 23.29 27.52 30.51 25.77 0.00 0.00 0.00 0.00 8.32 12.12 14.45 14.02 0.00 0.00 0.00 0.00 0.00 5.69 3.80 1.90 0.00 0.00 0.00 0.00 3.50 9.78 8.91 0.00 0.00 9.42 11.68 17.37 17.23 17.23 10.44 7.81 8.32 10.73 12.99 12.70 13.36 14.67 15.48 13.72 16.79 17.52 17.23 18.76 22.41 21.02 19.93 18.40 18.10 15.84 13.80 13.21 13.65 16.57 16.57 21.97 24.45 20.29 17.01 14.24 13.07 11.97 11.97 12.99 12.12 11.61 12.12 11.10 11.02 10.80 12.34 12.85 14.75 15.74 18.17 20.62 19.44 20.14
28.76 20.73 23.29 27.52 30.51 25.77 0.00 0.00 0.00 0.00 8.32 12.12 14.45 14.02 0.00 0.00 0.00 0.00 0.00 5.69 3.80 1.90 0.00 0.00 0.00 0.00 3.50 9.78 8.91 0.00 0.00 9.42 11.68 17.37 17.23 17.23 10.44 7.81 8.32 10.73 12.99 12.70 13.36 14.67 15.48 13.72 16.79 17.52 17.23 18.76 22.41 21.02 19.93 18.40 18.10 15.84 13.80 13.21 13.65 16.57 16.57 21.97 24.45 20.29 17.01 14.24 13.07 11.97 11.97 12.99 12.12 11.61 12.12 11.10 11.02 12.49 17.02 18.49 20.20 26.75 30.00 27.44 25.01 20.90
26.43 0.00 26.72 24.67 22.41 23.21 0.00 0.00 0.00 0.00 8.83 16.72 21.02 20.59 0.00 0.00 0.00 5.77 3.36 0.00 0.00 0.00 0.00 0.00 0.00 0.00 0.00 5.77 8.54 9.71 11.90 11.90 14.97 19.78 19.20 19.20 12.78 8.91 9.05 12.26 14.89 16.13 17.96 21.83 23.00 24.02 26.06 26.65 21.75 22.12 22.63 19.56 17.08 16.13 14.02 13.36 13.80 15.18 15.26 15.84 15.84 15.99 16.13 14.45 11.46 11.17 10.37 11.24 12.19 13.43 13.43 13.72 12.85 12.27 16.58 19.50 19.63 18.80 16.01 22.02 21.79 19.17 17.44 18.58
0.00 0.00 0.00 14.31 11.90 10.37 10.88 10.66 14.38 14.38 20.15 25.62 23.14 13.80 11.68 7.45 4.09 3.29 0.00 0.00 0.00 0.00 0.00 0.00 2.77 2.34 0.00 0.00 0.00 0.00 0.00 11.10 11.61 12.70 13.36 13.36 11.10 10.29 12.41 14.31 16.35 19.42 19.93 22.56 25.40 28.11 28.98 30.08 24.97 22.19 19.35 15.62 12.99 12.92 11.75 11.53 12.99 14.60 13.87 13.51 13.51 14.53 16.43 15.18 14.45 13.72 12.99 13.29 11.97 13.21 13.58 11.90 11.71 14.81 18.74 20.01 20.21 24.11 25.77 22.96 20.63 18.42 21.90 25.76
0.00 0.00 0.00 0.00 0.00 15.11 11.68 11.02 15.77 15.77 15.40 15.40 6.35 5.33 4.45 0.00 0.00 0.00 0.00 0.00 0.00 0.00 1.90 0.00 0.00 0.00 0.00 0.00 0.00 0.00 0.00 0.00 0.00 0.00 0.00 0.00 0.00 14.97 20.73 22.48 20.15 18.54 19.71 22.27 23.58 22.85 26.94 19.64 17.59 18.25 16.06 12.19 11.97 11.97 12.12 15.91 20.44 22.05 19.05 17.16 17.16 14.97 14.02 14.16 13.87 13.36 11.32 12.12 12.70 13.07 10.66 8.91 8.69 8.82 10.76 18.48 27.30 27.21 19.87 20.52 21.53 23.36 21.65 21.90
0.00 0.00 0.00 0.00 0.00 15.11 11.68 11.02 15.77 15.77 15.40 15.40 6.35 5.33 4.45 0.00 0.00 0.00 0.00 0.00 0.00 0.00 1.90 0.00 0.00 0.00 0.00 0.00 0.00 0.00 0.00 0.00 0.00 0.00 0.00 0.00 0.00 14.97 20.73 22.48 20.15 18.54 19.71 22.27 23.58 22.85 26.94 19.64 17.59 18.25 16.06 12.19 11.97 11.97 12.12 15.91 20.44 22.05 19.05 17.16 17.16 14.97 14.02 14.16 13.87 13.36 11.32 12.12 12.70 13.07 10.66 8.91 8.47 8.69 10.44 17.16 24.33 25.20 21.20 21.30 21.53 22.85 23.78 23.43
0.00 0.00 0.00 0.00 0.00 0.00 0.00 7.52 8.40 8.40 5.26 1.24 0.15 0.00 0.00 0.00 0.00 10.88 14.60 7.81 0.00 0.00 0.00 0.00 0.00 0.00 0.00 0.00 0.00 0.00 0.00 0.00 0.00 0.00 0.00 0.00 0.00 10.22 15.18 17.52 17.30 12.70 13.87 15.84 16.50 16.06 11.24 12.99 14.09 15.04 14.09 11.97 11.02 10.73 12.19 18.10 19.71 20.95 19.49 17.37 17.37 14.16 11.32 10.66 11.10 12.26 12.12 12.19 13.21 12.05 10.88 9.56 9.64 9.64 9.66 14.60 20.12 18.09 18.54 21.36 22.20 24.69 26.62 24.10
10.51 6.28 0.00 0.00 0.00 0.00 6.64 8.18 7.15 7.15 4.67 0.00 0.00 0.00 0.00 0.00 0.00 0.00 5.69 0.00 0.00 0.00 0.00 0.00 0.00 0.00 0.00 0.00 0.00 0.00 0.00 0.00 0.00 0.00 0.00 0.00 11.10 11.61 10.80 8.32 8.47 8.32 5.77 0.00 0.00 6.28 6.57 5.99 7.96 9.42 6.20 6.13 6.13 7.15 7.74 10.22 11.24 11.83 10.22 9.86 9.86 12.70 13.72 13.65 12.41 12.85 13.21 13.21 13.21 12.92 11.75 11.83 11.39 11.05 13.33 17.45 14.21 16.85 18.87 17.98 22.56 23.08 24.70 22.49
10.66 12.70 12.99 13.14 12.26 8.91 11.02 14.53 13.80 13.80 10.44 10.00 0.00 0.00 0.00 0.00 0.00 0.00 0.00 0.00 0.00 0.00 0.00 0.00 0.00 0.00 0.00 0.00 0.00 0.00 0.00 0.00 0.00 0.00 0.00 0.00 9.64 10.51 10.73 0.00 0.00 0.00 0.00 0.00 0.00 8.18 6.42 4.82 4.53 8.10 7.08 5.48 4.16 3.80 6.86 11.46 11.10 9.34 9.93 11.97 11.97 15.48 17.81 16.57 17.67 17.81 16.28 14.82 15.33 15.99 16.13 16.64 15.78 15.71 14.07 15.93 17.82 21.31 19.90 20.22 21.36 21.43 23.48 17.68
23.29 20.44 19.78 20.44 20.29 17.08 13.36 10.15 8.83 8.83 8.91 6.94 8.47 0.00 0.00 0.00 0.00 0.00 0.00 0.00 0.00 0.00 0.00 0.00 0.00 0.00 0.00 0.00 0.00 0.00 0.00 0.00 0.00 7.08 8.61 8.61 9.05 8.83 0.00 0.00 0.00 0.00 0.00 0.00 11.02 8.40 8.76 9.27 9.93 7.08 5.69 0.00 0.00 1.02 3.87 8.61 13.07 13.36 10.07 11.97 11.97 13.87 15.40 15.99 16.86 17.45 13.07 10.95 16.21 23.21 22.41 18.51 15.85 14.99 20.02 17.90 23.28 22.13 21.81 18.77 18.63 19.03 14.99 11.31
23.29 20.44 19.78 20.44 20.29 17.08 13.36 10.15 8.83 8.83 8.91 6.94 8.47 0.00 0.00 0.00 0.00 0.00 0.00 0.00 0.00 0.00 0.00 0.00 0.00 0.00 0.00 0.00 0.00 0.00 0.00 0.00 0.00 7.08 8.61 8.61 9.05 8.83 0.00 0.00 0.00 0.00 0.00 0.00 11.02 8.40 8.76 9.27 9.93 7.08 5.69 0.00 0.00 1.02 3.87 8.61 13.07 13.36 10.07 11.97 11.97 13.87 15.40 15.99 16.86 17.45 13.07 10.95 16.21 23.21 22.41 22.73 14.85 16.29 17.98 22.15 23.62 24.47 22.24 16.93 18.01 16.37 16.31 12.84
13.94 15.18 12.48 14.60 16.28 11.75 11.24 14.02 17.23 17.23 18.61 14.24 0.00 0.00 0.00 0.00 0.00 0.00 0.00 0.00 0.00 0.00 0.00 0.00 0.00 0.00 0.00 0.00 0.00 0.00 9.56 0.00 0.00 0.00 0.00 0.00 10.66 7.08 4.45 0.00 10.88 13.43 11.32 14.02 10.07 8.10 8.47 8.03 5.04 3.36 0.00 0.00 0.00 0.00 2.26 4.16 6.06 10.07 9.93 11.10 11.10 13.36 14.82 13.80 12.92 9.05 9.78 15.84 23.43 24.67 20.65 16.41 15.85 16.90 17.99 23.89 24.29 16.07 14.04 19.11 16.18 11.30 11.85 9.83
13.43 12.85 8.54 0.00 0.00 0.00 0.00 0.00 0.00 0.00 0.00 0.00 0.00 0.00 0.00 0.00 0.00 0.00 0.00 0.00 0.00 0.00 0.00 0.00 0.00 0.00 0.00 0.00 0.00 0.00 0.00 10.51 10.22 10.37 11.75 11.75 10.80 9.56 9.20 10.15 10.95 13.65 14.67 8.47 5.26 4.74 3.72 3.50 0.00 0.00 0.00 0.00 0.00 0.00 0.00 0.00 1.17 4.45 5.26 7.30 7.30 8.03 7.01 6.79 7.59 7.88 8.83 11.90 15.62 17.31 17.77 21.02 25.46 24.07 20.37 18.13 19.04 16.14 13.91 17.88 13.21 12.22 10.44 12.13
0.00 0.00 0.00 0.00 0.00 0.00 0.00 0.00 0.00 0.00 0.00 0.00 0.00 0.00 0.00 0.00 0.00 0.00 0.00 0.00 0.00 0.00 0.00 0.00 0.00 0.00 0.00 0.00 0.00 0.00 0.00 10.88 9.78 9.20 10.29 10.29 9.78 9.27 11.32 12.63 12.34 11.32 6.72 3.80 1.31 2.12 1.68 0.00 0.00 0.00 0.00 0.00 0.00 0.00 0.00 0.00 0.29 2.48 3.21 3.58 3.58 3.07 3.50 3.21 2.70 3.14 5.91 7.59 9.56 9.20 11.97 19.93 26.06 27.96 25.33 22.26 17.79 19.36 21.01 16.28 9.14 8.52 9.37 12.18
0.00 0.00 0.00 0.00 0.00 0.00 0.00 0.00 0.00 0.00 0.00 0.00 0.00 0.00 0.00 0.00 0.00 0.00 0.00 0.00 0.00 0.00 0.00 0.00 0.00 0.00 0.00 0.00 7.66 9.78 12.41 13.07 11.83 10.29 10.66 10.66 11.90 9.42 8.91 8.18 10.95 8.25 2.70 1.83 0.00 0.00 0.00 0.00 0.00 0.00 0.00 0.00 0.00 0.00 0.00 0.00 0.00 2.04 0.00 0.00 0.00 0.00 0.00 0.00 0.44 0.00 6.13 10.59 14.89 16.13 14.24 17.52 21.39 23.36 22.64 20.22 21.45 15.93 22.69 19.58 18.89 12.60 14.49 10.97
0.00 0.00 0.00 0.00 0.00 0.00 0.00 0.00 0.00 0.00 0.00 0.00 0.00 0.00 0.00 0.00 0.00 0.00 0.00 0.00 0.00 0.00 0.00 0.00 0.00 0.00 0.00 8.40 9.49 12.63 13.43 12.70 12.92 13.43 15.77 15.77 12.92 6.50 0.00 0.00 4.31 4.09 0.00 0.00 0.00 0.00 0.00 0.00 0.00 0.00 0.00 0.00 0.00 0.00 0.00 0.00 5.84 5.48 4.23 1.90 1.90 0.00 0.00 0.00 4.16 8.03 8.47 9.86 14.60 18.76 19.27 20.29 22.19 23.73 22.89 23.55 26.80 25.21 24.19 18.10 14.32 10.82 12.70 11.93
0.00 0.00 0.00 0.00 0.00 0.00 0.00 0.00 0.00 0.00 0.00 0.00 0.00 0.00 0.00 0.00 0.00 0.00 0.00 0.00 0.00 0.00 0.00 0.00 0.00 0.00 0.00 8.40 9.49 12.63 13.43 12.70 12.92 13.43 15.77 15.77 12.92 6.50 0.00 0.00 4.31 4.09 0.00 0.00 0.00 0.00 0.00 0.00 0.00 0.00 0.00 0.00 0.00 0.00 0.00 0.00 5.84 5.48 4.23 1.90 1.90 0.00 0.00 0.00 4.16 8.03 8.47 9.86 14.60 18.76 19.27 20.29 22.19 23.73 21.97 23.68 20.81 22.18 20.26 21.06 17.52 11.05 9.95 11.00
0.00 0.00 0.00 0.00 0.00 0.00 0.00 0.00 0.00 0.00 0.00 0.00 0.00 0.00 0.00 0.00 0.00 0.00 0.00 0.00 0.00 0.00 0.00 6.50 6.79 7.96 10.15 10.51 10.66 13.94 15.26 11.90 9.93 12.26 9.71 9.71 4.02 0.00 0.00 0.00 0.00 0.00 0.00 0.00 0.00 0.00 0.00 0.00 0.00 0.00 0.00 0.00 0.00 0.00 5.84 7.01 6.57 6.94 9.93 5.55 5.55 0.00 0.00 4.96 10.51 13.29 15.77 15.18 16.06 17.89 16.79 16.64 22.12 25.48 26.79 28.39 26.66 31.67 23.99 17.77 10.40 9.46 10.06 11.38
0.00 0.00 0.00 0.00 0.00 0.00 0.00 0.00 0.00 0.00 0.00 0.00 0.00 0.00 0.00 0.00 0.00 0.00 0.00 0.00 0.00 0.00 8.25 8.83 7.81 7.59 12.78 16.50 11.53 10.66 8.83 7.30 3.43 0.00 0.00 0.00 0.00 0.00 0.00 0.00 0.00 0.00 0.00 0.00 0.00 0.00 0.00 0.00 0.00 0.00 0.00 0.00 0.00 2.04 12.12 17.08 14.24 12.19 6.64 0.88 0.88 0.00 1.68 5.62 9.42 12.99 14.45 15.70 16.21 16.57 16.06 16.35 19.86 23.58 26.43 30.84 25.47 25.22 28.17 20.69 19.71 10.75 11.97 11.36
0.00 0.00 0.00 0.00 0.00 0.00 0.00 0.00 0.00 0.00 0.00 0.00 0.00 0.00 0.00 0.00 0.00 0.00 0.00 0.00 0.00 7.59 9.56 11.61 9.42 9.42 15.84 17.52 13.29 8.47 0.00 0.00 0.00 0.00 0.00 0.00 0.00 0.00 0.00 0.00 0.00 0.00 0.00 0.00 0.00 0.00 0.00 0.00 0.00 0.00 0.00 0.00 0.00 4.60 9.27 11.17 9.71 8.32 6.20 3.43 3.43 7.23 13.29 17.08 16.28 16.21 14.75 14.45 15.91 17.45 18.10 22.85 24.98 26.77 28.16 25.36 21.90 18.67 18.56 17.52 14.81 11.16 7.30 0.00
0.00 0.00 0.00 0.00 0.00 0.00 0.00 0.00 0.00 0.00 0.00 0.00 0.00 0.00 0.00 0.00 0.00 0.00 0.00 8.40 12.48 13.29 14.02 14.60 12.92 9.93 9.56 11.24 10.44 4.74 0.00 0.00 0.00 0.00 0.00 0.00 0.00 0.00 0.00 0.00 0.00 0.00 0.00 0.00 0.00 0.00 0.00 0.00 0.00 0.00 0.00 0.00 0.00 0.00 2.34 3.43 2.56 3.65 4.74 7.01 7.01 11.32 13.14 11.90 13.65 15.04 13.72 14.89 18.61 19.93 18.76 20.73 26.49 27.11 29.85 24.74 18.22 15.84 12.03 8.39 9.07 7.40 8.65 0.00
0.00 0.00 0.00 0.00 0.00 0.00 0.00 0.00 0.00 0.00 0.00 0.00 0.00 0.00 0.00 0.00 0.00 0.00 0.00 7.08 13.21 13.43 10.07 7.59 4.60 0.00 0.00 0.00 0.00 0.00 0.00 0.00 0.00 0.00 0.00 0.00 0.00 0.00 0.00 0.00 0.00 0.00 0.00 0.00 0.00 0.00 0.00 0.00 0.00 0.00 0.00 0.00 0.00 0.00 2.26 4.38 3.72 3.21 4.09 6.35 6.35 3.80 2.77 3.65 7.74 16.28 17.67 18.18 21.83 25.26 26.88 25.90 27.40 25.98 23.28 23.78 15.72 10.22 8.86 9.06 7.15 0.00 0.00 0.00
0.00 0.00 0.00 0.00 0.00 0.00 0.00 0.00 0.00 0.00 0.00 0.00 0.00 0.00 0.00 0.00 0.00 0.00 0.00 7.08 13.21 13.43 10.07 7.59 4.60 0.00 0.00 0.00 0.00 0.00 0.00 0.00 0.00 0.00 0.00 0.00 0.00 0.00 0.00 0.00 0.00 0.00 0.00 0.00 0.00 0.00 0.00 0.00 0.00 0.00 0.00 0.00 0.00 0.00 2.26 4.38 3.72 3.21 4.09 6.35 6.35 3.80 2.77 3.65 7.74 16.28 17.67 18.18 21.83 25.26 27.02 25.63 24.77 28.95 24.84 27.74 18.25 9.89 9.26 8.80 7.56 0.00 0.00 0.00
0.00 0.00 0.00 0.00 0.00 0.00 0.00 0.00 0.00 0.00 0.00 0.00 0.00 0.00 0.00 0.00 0.00 0.00 0.00 0.00 0.00 0.00 0.00 0.00 0.00 0.00 0.00 0.00 0.00 0.00 0.00 0.00 0.00 0.00 0.00 0.00 0.00 0.00 0.00 0.00 0.00 0.00 0.00 0.00 0.00 0.00 0.00 0.00 0.00 0.00 0.00 0.00 0.00 0.00 0.00 3.94 1.46 0.00 0.00 0.00 0.00 0.00 0.00 0.00 3.58 12.56 15.77 21.68 23.40 27.36 30.75 30.45 32.78 31.07 24.60 17.62 12.19 9.69 8.76 7.35 0.00 0.00 0.00 0.00
0.00 0.00 0.00 0.00 0.00 0.00 0.00 0.00 0.00 0.00 0.00 0.00 0.00 0.00 0.00 0.00 0.00 0.00 0.00 0.00 0.00 0.00 0.00 0.00 0.00 0.00 0.00 0.00 0.00 0.00 0.00 0.00 0.00 0.00 0.00 0.00 0.00 0.00 0.00 0.00 0.00 0.00 0.00 0.00 0.00 0.00 0.00 0.00 0.00 0.00 0.00 0.00 0.00 0.00 5.62 2.99 4.02 8.47 6.06 4.74 4.74 3.94 0.00 0.00 3.50 11.68 13.07 19.20 27.08 29.64 31.17 29.12 32.03 26.97 15.97 9.11 6.60 8.31 7.82 0.00 0.00 0.00 0.00 0.00
0.00 0.00 0.00 0.00 0.00 0.00 0.00 0.00 0.00 0.00 0.00 0.00 0.00 0.00 0.00 0.00 0.00 0.00 0.00 0.00 0.00 0.00 0.00 0.00 0.00 0.00 0.00 0.00 0.00 0.00 0.00 0.00 0.00 0.00 0.00 0.00 0.00 0.00 0.00 0.00 0.00 0.00 0.00 0.00 0.00 0.00 0.00 0.00 0.00 0.00 0.00 0.00 0.00 8.61 8.83 8.54 9.64 12.05 12.48 11.24 11.24 9.49 8.61 10.66 12.19 12.12 14.82 22.19 29.20 30.00 30.73 31.80 28.08 20.42 14.19 8.36 7.52 5.91 0.00 0.00 0.00 0.00 0.00 0.00
0.00 0.00 0.00 0.00 0.00 0.00 0.00 0.00 0.00 0.00 0.00 0.00 0.00 0.00 0.00 0.00 0.00 0.00 0.00 0.00 0.00 0.00 0.00 0.00 0.00 0.00 0.00 0.00 0.00 0.00 0.00 0.00 0.00 0.00 0.00 0.00 0.00 0.00 0.00 0.00 0.00 0.00 0.00 0.00 0.00 0.00 0.00 0.00 0.00 0.00 0.00 0.00 0.00 0.00 7.37 6.50 7.45 7.45 7.01 7.74 7.74 10.07 11.10 12.56 13.80 17.96 20.22 24.67 28.32 27.89 29.57 29.42 18.36 11.21 10.67 7.45 8.14 0.00 0.00 0.00 0.00 0.00 0.00 0.00
0.00 0.00 0.00 0.00 0.00 0.00 0.00 0.00 0.00 0.00 0.00 0.00 0.00 0.00 0.00 0.00 0.00 0.00 0.00 0.00 0.00 0.00 0.00 0.00 0.00 0.00 0.00 0.00 0.00 0.00 0.00 0.00 0.00 0.00 0.00 0.00 0.00 0.00 0.00 0.00 0.00 0.00 0.00 0.00 0.00 0.00 0.00 0.00 0.00 0.00 0.00 0.00 0.00 0.00 6.28 5.77 4.67 5.33 8.25 10.80 10.80 14.02 14.24 11.02 13.65 17.67 16.86 20.22 25.84 28.32 28.18 20.73 12.25 7.57 7.78 7.13 0.00 0.00 0.00 0.00 0.00 0.00 0.00 0.00
0.00 0.00 0.00 0.00 0.00 0.00 0.00 0.00 0.00 0.00 0.00 0.00 0.00 0.00 2.92 0.00 0.00 0.00 0.00 0.00 0.00 0.00 0.00 0.00 0.00 0.00 0.00 0.00 0.00 0.00 0.00 0.00 0.00 0.00 0.00 0.00 0.00 0.00 0.00 0.00 0.00 0.00 0.00 0.00 0.00 0.00 8.40 8.98 6.94 0.00 0.00 0.00 0.00 0.00 0.00 0.00 5.04 6.20 7.96 8.98 8.98 12.12 9.20 6.06 10.00 12.99 14.09 21.17 25.48 29.71 23.00 16.95 12.14 9.31 7.59 0.00 0.00 0.00 0.00 0.00 0.00 0.00 0.00 0.00
0.00 0.00 0.00 0.00 0.00 0.00 0.00 0.00 0.00 0.00 0.00 0.00 0.00 0.00 2.92 0.00 0.00 0.00 0.00 0.00 0.00 0.00 0.00 0.00 0.00 0.00 0.00 0.00 0.00 0.00 0.00 0.00 0.00 0.00 0.00 0.00 0.00 0.00 0.00 0.00 0.00 0.00 0.00 0.00 0.00 0.00 8.40 8.98 6.94 0.00 0.00 0.00 0.00 0.00 0.00 0.00 5.04 6.20 7.96 8.98 8.98 12.12 9.20 6.06 10.00 12.99 14.09 21.17 25.48 29.71 23.00 16.86 11.96 9.17 7.59 0.00 0.00 0.00 0.00 0.00 0.00 0.00 0.00 0.00
0.00 0.00 0.00 0.00 0.00 0.00 0.00 0.00 0.00 0.00 0.00 0.00 0.00 0.00 0.00 0.00 0.00 0.00 0.00 0.00 0.00 0.00 0.00 0.00 0.00 0.00 0.00 0.00 0.00 0.00 0.00 0.00 0.00 0.00 0.00 0.00 0.00 0.00 0.00 0.00 0.00 0.00 0.00 0.00 0.00 5.77 6.50 4.67 0.00 0.00 0.00 0.00 0.00 0.00 0.00 0.00 9.05 10.22 8.25 6.79 6.79 6.42 5.04 5.55 7.30 9.34 13.29 18.69 17.96 20.95 10.73 9.13 11.10 10.62 7.92 0.00 0.00 0.00 0.00 0.00 0.00 0.00 0.00 0.00
