Wansh/Snow_depth/snowdepth-1981/spring/1981067.txt
ncols 321
nrows 161
xllcenter 60
yllcenter 15 
cellsize  0.25 
NODATA_value -1
[rows 0 to 36 of 161, columns 168 to 251 of 321]
13.14 10.59 8.40 9.05 11.24 10.15 7.66 7.01 8.83 8.83 10.66 11.32 11.46 11.90 11.53 11.02 11.46 14.31 17.01 19.42 17.30 14.16 14.67 15.11 14.67 11.53 9.78 4.53 0.00 0.00 4.23 10.29 16.43 20.22 20.44 20.44 16.35 17.52 22.05 23.36 22.12 21.61 21.97 19.78 18.54 19.27 20.73 21.53 19.64 13.94 13.07 13.80 13.72 12.12 10.29 11.46 11.53 11.46 11.53 13.14 13.14 14.16 18.76 23.00 27.08 26.06 24.75 24.97 24.45 22.92 22.41 22.70 22.27 20.37 20.81 22.12 23.36 23.65 24.75 25.92 24.38 25.55 27.96 29.05
13.21 9.71 8.91 11.46 12.19 10.00 8.03 8.98 9.64 9.64 11.53 13.14 13.65 12.92 11.68 9.71 11.10 12.85 15.77 17.37 14.60 14.45 14.82 14.45 11.61 7.45 3.65 0.00 0.00 0.00 3.65 11.02 17.52 15.91 12.92 12.92 12.26 23.14 23.14 26.35 24.82 23.07 26.43 25.77 25.84 24.38 19.93 19.27 16.43 14.31 14.53 16.86 16.86 15.18 14.97 14.82 15.33 15.99 14.53 14.31 14.31 14.60 18.32 24.89 25.84 25.40 24.75 25.99 24.82 24.82 25.33 26.72 25.33 23.14 22.48 23.29 26.21 26.57 26.35 24.97 23.43 23.21 22.12 21.97
20.00 15.55 14.38 16.72 17.67 12.41 8.40 8.18 10.80 10.80 12.78 12.26 11.24 11.68 11.24 12.85 15.04 14.75 14.82 17.23 15.18 14.89 14.67 13.94 9.05 3.14 0.00 0.00 0.00 0.00 3.58 10.22 12.78 13.43 12.34 12.34 12.78 24.75 27.81 32.41 29.20 24.67 24.31 24.09 20.88 17.45 15.18 14.97 16.72 18.47 24.02 24.09 22.56 21.39 20.08 18.54 17.81 16.86 16.50 18.61 18.61 20.00 23.00 24.02 23.87 22.56 25.04 26.86 28.11 27.67 26.79 25.77 24.60 24.75 25.11 25.48 25.70 26.72 24.82 22.12 20.59 19.20 19.13 18.25
20.00 15.55 14.38 16.72 17.67 12.41 8.40 8.18 10.80 10.80 12.78 12.26 11.24 11.68 11.24 12.85 15.04 14.75 14.82 17.23 15.18 14.89 14.67 13.94 9.05 3.14 0.00 0.00 0.00 0.00 3.58 10.22 12.78 13.43 12.34 12.34 12.78 24.75 27.81 32.41 29.20 24.67 24.31 24.09 20.88 17.45 15.18 14.97 16.72 18.47 24.02 24.09 22.56 21.39 20.08 18.54 17.81 16.86 16.50 18.61 18.61 20.00 23.00 24.02 23.87 22.56 25.04 26.86 28.11 27.67 26.79 25.77 24.60 24.75 25.11 25.48 25.70 26.72 24.82 22.12 20.59 19.20 19.13 18.25
22.63 20.37 23.21 27.01 24.02 18.18 10.44 7.45 10.15 10.15 10.80 11.97 12.19 13.80 16.28 18.83 21.61 16.72 18.40 15.33 16.35 15.18 13.72 10.29 3.80 0.00 0.00 0.00 0.00 3.21 7.30 10.29 11.46 11.24 14.89 14.89 23.80 24.97 26.86 22.41 21.24 20.51 20.44 18.61 18.18 18.32 18.54 20.95 22.56 23.00 24.67 23.21 22.05 21.53 20.51 19.49 17.89 17.96 18.54 20.59 20.59 23.80 25.11 24.82 27.52 25.11 24.75 24.89 25.77 23.80 23.21 24.02 24.38 22.85 20.00 19.78 20.95 18.98 18.32 18.61 19.86 22.19 23.51 21.83
26.72 27.52 27.01 28.98 28.84 26.65 19.93 13.94 11.24 11.24 12.78 16.06 17.37 18.03 18.91 20.00 23.87 18.32 14.38 11.68 12.19 10.44 6.06 0.00 0.00 0.00 0.00 0.00 4.23 8.54 11.97 11.75 11.90 13.94 16.35 16.35 20.08 19.49 16.50 16.94 20.66 24.02 22.19 19.27 19.35 21.17 21.24 21.10 25.11 27.23 26.43 24.45 22.85 21.24 17.96 19.27 18.54 17.23 17.89 19.78 19.78 25.70 27.08 26.06 23.87 22.19 20.51 20.15 20.15 19.93 20.59 20.37 19.93 18.98 18.10 16.86 16.50 17.23 19.49 21.17 21.97 22.12 21.75 24.02
27.81 29.42 28.03 27.38 27.30 27.81 26.13 22.27 16.06 16.06 14.02 16.94 21.17 22.19 22.19 20.51 21.39 14.53 10.73 9.13 7.23 0.00 0.00 0.00 0.00 0.00 0.00 4.82 10.66 13.87 15.26 16.13 16.79 19.27 22.27 22.27 18.76 17.89 18.03 20.08 21.68 22.92 21.97 22.92 24.45 23.94 23.87 25.11 24.38 24.31 24.45 24.67 25.77 24.53 21.53 19.49 18.69 18.18 17.30 19.27 19.27 23.58 26.65 27.45 22.78 18.54 18.03 17.59 17.23 17.37 17.81 18.03 17.45 17.52 16.72 15.99 16.06 16.79 18.03 20.46 24.09 26.23 22.22 25.42
27.81 29.42 28.03 27.38 27.30 27.81 26.13 22.27 16.06 16.06 14.02 16.94 21.17 22.19 22.19 20.51 21.39 14.53 10.73 9.13 7.23 0.00 0.00 0.00 0.00 0.00 0.00 4.82 10.66 13.87 15.26 16.13 16.79 19.27 22.27 22.27 18.76 17.89 18.03 20.08 21.68 22.92 21.97 22.92 24.45 23.94 23.87 25.11 24.38 24.31 24.45 24.67 25.77 24.53 21.53 19.49 18.69 18.18 17.30 19.27 19.27 23.58 26.65 27.45 22.78 18.54 18.03 17.59 17.23 17.37 17.81 18.03 17.45 17.52 16.72 18.48 22.15 24.16 24.70 34.76 39.78 34.91 28.59 26.37
25.19 32.05 30.08 27.74 26.94 26.21 23.73 23.00 22.27 22.27 19.86 22.63 24.82 25.33 26.21 21.39 16.06 11.83 8.47 2.56 0.00 0.00 0.00 0.00 0.00 0.00 0.00 5.55 8.61 11.83 12.48 16.28 18.61 21.83 25.40 25.40 24.53 21.10 20.88 22.12 23.36 25.55 26.72 27.74 28.47 27.45 27.81 28.76 28.18 25.55 24.09 22.27 20.59 20.51 19.71 18.91 17.01 17.16 18.47 19.20 19.20 20.37 21.97 21.39 20.66 18.40 17.08 14.75 14.24 14.89 16.86 18.18 17.74 17.69 21.19 25.41 27.05 24.22 21.01 28.85 28.46 23.29 22.69 24.78
16.50 21.39 22.27 21.24 20.22 20.37 18.18 16.50 20.15 20.15 24.45 24.45 23.65 24.24 17.59 13.80 8.83 3.87 0.00 0.00 0.00 0.00 0.00 0.00 4.02 5.33 7.88 11.24 14.75 15.91 15.70 16.43 16.57 18.40 20.73 20.73 21.90 20.95 23.21 25.26 25.33 27.16 27.16 28.11 28.98 28.98 27.59 27.16 23.36 22.12 21.32 18.69 18.40 17.67 14.75 15.55 17.08 18.32 19.42 19.20 19.20 19.64 20.08 20.73 20.66 19.35 17.81 17.45 15.84 16.43 17.96 18.54 17.57 20.14 23.11 25.52 27.19 29.65 28.95 27.43 25.29 25.67 28.99 29.41
9.71 11.75 14.89 18.10 20.81 21.83 21.02 21.02 21.97 21.97 20.00 17.01 16.86 11.10 8.69 1.68 0.00 0.00 0.00 0.00 0.00 0.00 4.96 11.32 10.44 11.97 14.53 15.33 15.04 13.94 13.51 14.38 14.82 15.55 17.01 17.01 19.13 20.51 22.92 26.43 28.69 27.08 24.97 25.92 26.94 24.09 20.15 18.83 16.50 19.35 17.96 15.40 15.55 15.48 15.18 15.77 19.49 20.44 20.51 20.00 20.00 19.42 18.47 18.83 20.29 19.27 17.96 16.94 16.35 16.21 16.35 16.06 15.50 15.04 16.11 25.42 31.57 28.73 24.84 26.13 26.47 27.69 27.29 28.57
9.71 11.75 14.89 18.10 20.81 21.83 21.02 21.02 21.97 21.97 20.00 17.01 16.86 11.10 8.69 1.68 0.00 0.00 0.00 0.00 0.00 0.00 4.96 11.32 10.44 11.97 14.53 15.33 15.04 13.94 13.51 14.38 14.82 15.55 17.01 17.01 19.13 20.51 22.92 26.43 28.69 27.08 24.97 25.92 26.94 24.09 20.15 18.83 16.50 19.35 17.96 15.40 15.55 15.48 15.18 15.77 19.49 20.44 20.51 20.00 20.00 19.42 18.47 18.83 20.29 19.27 17.96 16.94 16.35 16.21 16.35 16.06 15.11 14.82 15.62 23.61 28.14 26.60 26.50 27.11 26.47 27.08 29.97 30.56
14.53 12.41 11.97 11.32 11.75 13.94 14.45 15.11 13.80 13.80 10.66 10.37 1.31 1.97 0.00 0.00 0.00 2.41 14.02 12.78 10.15 13.07 13.87 13.87 13.65 14.31 14.97 14.75 12.63 12.92 12.99 13.87 15.48 14.82 14.82 14.82 15.40 18.25 20.66 23.51 23.07 21.53 18.83 18.69 21.68 17.67 15.55 13.72 14.38 14.24 14.53 13.36 13.72 14.38 14.09 14.89 15.84 16.06 16.50 15.18 15.18 14.24 15.18 16.72 17.52 17.74 17.67 18.47 18.91 17.01 16.35 15.91 15.48 14.45 12.88 19.14 22.88 20.95 23.23 26.37 26.67 30.06 30.66 28.39
16.21 17.01 16.06 14.24 12.48 11.61 11.97 10.07 5.33 5.33 3.50 0.00 0.00 0.00 0.00 0.00 0.00 0.00 8.03 9.86 14.38 16.72 17.30 16.21 16.35 16.28 16.86 16.86 15.55 14.60 14.38 13.51 14.97 15.84 17.30 17.30 17.52 16.64 17.30 16.94 16.94 16.94 14.53 9.86 10.88 12.99 12.56 12.41 11.61 11.46 9.86 9.34 9.20 10.59 11.24 12.26 11.68 10.59 10.88 14.24 14.24 16.28 17.81 19.49 18.47 19.42 20.08 19.86 19.05 18.61 18.40 17.59 16.13 16.99 19.68 22.01 20.22 23.30 26.73 23.36 27.57 25.62 27.00 26.85
20.88 22.34 21.90 21.32 21.10 15.84 12.12 9.42 7.45 7.45 0.00 0.00 0.00 0.00 0.00 1.61 4.02 7.08 15.04 19.42 25.33 24.53 19.13 17.01 16.21 16.21 15.70 17.16 17.74 14.97 13.87 13.14 14.38 16.21 16.50 16.50 15.62 16.64 17.96 16.13 11.97 10.44 9.05 7.81 12.85 14.16 12.05 11.61 11.32 12.12 10.51 8.98 7.59 9.27 12.78 15.48 15.91 14.53 14.67 17.37 17.37 20.15 23.43 21.46 21.68 21.83 21.24 20.44 20.29 20.22 19.49 18.47 18.37 19.74 19.85 20.57 21.26 27.25 24.27 23.58 24.10 23.70 25.63 20.66
28.32 26.57 24.67 23.58 25.55 22.85 20.88 16.50 13.43 13.43 20.08 14.16 12.63 12.99 10.73 11.90 11.32 12.26 18.83 23.43 21.61 21.53 21.97 21.46 21.68 19.71 17.23 16.72 16.28 15.33 14.97 13.65 15.26 16.06 14.38 14.38 15.70 14.67 13.87 11.32 9.20 9.64 12.92 14.82 14.89 12.99 12.26 12.85 13.87 12.48 11.10 10.29 10.95 10.07 11.53 14.67 18.18 16.28 15.33 17.81 17.81 20.51 22.27 21.75 22.56 20.81 17.45 18.32 22.78 25.11 24.53 22.28 21.54 19.47 24.11 21.30 28.88 25.39 24.55 24.23 23.56 24.87 21.07 19.24
28.32 26.57 24.67 23.58 25.55 22.85 20.88 16.50 13.43 13.43 20.08 14.16 12.63 12.99 10.73 11.90 11.32 12.26 18.83 23.43 21.61 21.53 21.97 21.46 21.68 19.71 17.23 16.72 16.28 15.33 14.97 13.65 15.26 16.06 14.38 14.38 15.70 14.67 13.87 11.32 9.20 9.64 12.92 14.82 14.89 12.99 12.26 12.85 13.87 12.48 11.10 10.29 10.95 10.07 11.53 14.67 18.18 16.28 15.33 17.81 17.81 20.51 22.27 21.75 22.56 20.81 17.45 18.32 22.78 25.11 24.53 27.35 20.19 21.16 21.65 26.35 29.31 28.07 25.04 21.86 22.78 21.39 22.91 21.85
18.18 21.24 19.13 17.23 17.45 16.28 16.06 18.54 26.79 26.79 19.49 19.64 18.69 17.01 16.43 14.97 15.40 17.30 24.31 26.72 23.21 20.44 18.10 19.49 19.35 19.27 16.86 16.13 16.28 16.13 14.09 14.53 15.91 15.40 15.40 15.40 15.11 14.16 11.53 11.53 13.43 17.37 18.03 16.57 13.43 10.95 11.61 11.68 10.66 9.20 9.86 10.59 11.32 10.44 11.97 13.51 15.33 17.08 17.45 17.45 17.45 18.83 21.53 19.71 20.22 19.49 17.16 20.08 25.04 27.45 25.57 21.75 23.59 21.76 22.41 29.32 28.73 21.85 19.53 23.94 22.10 20.10 19.47 16.57
17.52 20.29 17.96 13.14 12.92 12.41 12.78 18.18 15.91 15.91 17.81 21.39 22.78 22.48 24.38 23.29 24.97 26.72 28.47 29.86 27.16 22.78 17.96 15.99 14.67 14.53 14.38 14.89 15.18 15.62 14.38 14.60 15.11 13.94 14.45 14.45 15.84 14.02 14.53 16.86 16.57 16.86 15.11 10.37 8.25 7.37 7.01 7.81 6.86 3.94 5.91 8.69 10.88 10.51 11.02 12.26 14.02 15.70 15.40 15.40 15.40 15.91 12.48 12.70 16.35 18.61 19.42 20.66 22.12 23.99 26.03 28.17 30.62 29.59 25.35 24.74 24.39 23.53 22.59 22.53 18.51 20.50 18.76 21.49
11.46 12.56 17.16 16.50 15.48 13.43 11.32 14.24 15.40 15.40 15.11 18.03 22.56 26.65 26.21 28.03 27.45 26.21 25.48 27.08 25.55 22.70 18.61 16.72 15.91 15.91 17.45 14.60 12.99 14.60 13.94 14.38 14.89 15.11 15.84 15.84 14.38 13.72 15.84 14.89 16.28 14.67 10.44 7.66 7.23 6.86 6.72 8.47 8.25 9.13 10.15 10.95 12.56 10.59 10.51 13.58 16.79 17.96 18.83 18.98 18.98 18.25 17.45 15.77 15.40 17.16 19.64 18.98 20.95 23.43 26.43 29.93 29.27 29.57 28.76 28.88 26.55 30.82 32.88 25.00 22.96 20.38 20.01 22.27
7.96 10.29 12.78 12.41 12.34 17.37 16.86 15.33 13.80 13.80 14.60 17.08 22.05 24.53 28.69 27.59 27.23 25.62 23.29 23.29 23.51 25.48 23.87 19.64 15.48 14.60 13.87 12.85 13.14 17.23 16.94 17.08 17.81 16.57 16.57 16.57 15.99 15.18 13.58 12.78 13.43 11.10 7.96 8.25 10.29 10.07 9.20 8.98 9.20 9.93 13.07 15.62 15.77 13.72 12.34 14.45 18.91 18.98 16.79 16.35 16.35 17.23 15.11 12.99 12.34 12.92 14.53 17.96 20.15 23.21 24.53 27.16 27.67 28.54 28.89 28.03 31.82 26.92 30.21 27.10 26.62 21.22 22.19 18.91
7.30 7.74 9.49 7.30 7.01 14.89 15.40 8.40 7.96 7.96 12.34 17.74 21.97 25.70 24.38 22.34 24.09 27.74 26.13 23.36 21.83 18.54 16.72 14.97 14.24 16.06 15.55 13.58 15.26 20.44 19.86 17.30 17.81 19.56 20.37 20.37 16.94 10.37 7.15 6.13 6.57 6.64 6.79 7.45 9.34 9.05 10.22 11.32 13.29 15.33 16.35 17.52 19.49 19.78 20.95 21.46 23.36 22.12 19.93 16.79 16.79 12.19 8.07 6.79 8.91 10.29 11.75 13.58 15.70 21.17 22.63 23.73 25.84 26.79 27.45 27.32 33.30 27.39 28.66 25.91 20.84 20.52 23.38 22.40
7.30 7.74 9.49 7.30 7.01 14.89 15.40 8.40 7.96 7.96 12.34 17.74 21.97 25.70 24.38 22.34 24.09 27.74 26.13 23.36 21.83 18.54 16.72 14.97 14.24 16.06 15.55 13.58 15.26 20.44 19.86 17.30 17.81 19.56 20.37 20.37 16.94 10.37 7.15 6.13 6.57 6.64 6.79 7.45 9.34 9.05 10.22 11.32 13.29 15.33 16.35 17.52 19.49 19.78 20.95 21.46 23.36 22.12 19.93 16.79 16.79 12.19 8.07 6.79 8.91 10.29 11.75 13.58 15.70 21.17 22.63 23.73 25.84 26.79 26.35 27.46 25.86 24.09 24.00 30.16 25.49 20.96 18.32 20.67
5.91 7.15 7.45 7.30 6.86 11.90 12.70 14.31 13.72 13.72 14.97 14.09 15.33 17.45 19.35 18.10 22.12 26.35 23.43 19.93 16.35 13.72 13.51 16.43 15.62 15.99 18.10 18.10 20.22 20.44 20.73 18.32 14.89 15.84 12.41 12.41 8.47 6.50 6.35 6.35 5.55 4.23 4.89 6.13 9.27 13.07 14.67 15.11 19.42 23.00 22.70 23.80 23.87 22.41 21.83 21.24 19.93 15.48 12.92 11.61 11.61 7.52 0.00 3.21 7.52 11.61 13.29 13.21 13.29 17.89 18.83 21.39 21.61 24.45 26.13 29.13 29.66 35.00 30.78 25.35 23.56 18.84 21.37 23.73
9.05 12.26 11.46 8.47 13.21 14.16 15.33 16.50 16.21 16.21 12.92 15.04 17.23 17.89 16.43 15.62 17.01 20.73 21.61 19.35 16.13 13.65 14.31 17.37 16.35 13.87 20.15 20.88 17.59 17.89 14.67 12.41 10.22 8.54 4.67 4.67 5.55 6.57 7.88 7.37 6.13 5.84 4.09 7.81 11.68 13.65 13.29 14.38 15.18 17.45 17.96 18.32 20.59 21.32 22.05 20.00 13.36 9.86 6.94 3.50 3.50 0.00 0.00 2.48 5.26 8.32 10.15 11.46 12.12 13.58 15.62 14.97 18.98 24.31 28.60 29.75 29.76 32.56 33.21 30.15 35.28 22.57 23.60 22.84
9.71 11.39 12.92 11.97 11.17 10.88 13.80 13.07 12.99 12.99 13.80 16.64 19.35 19.93 17.08 14.89 13.21 14.02 17.23 20.29 19.20 15.62 16.86 18.83 15.77 15.55 17.81 17.52 15.77 13.72 8.76 4.67 4.96 4.60 4.31 4.31 4.53 5.40 6.50 4.89 6.06 6.35 5.62 5.33 7.59 9.27 7.30 7.37 6.94 7.59 11.75 14.67 14.67 16.86 16.43 11.39 6.42 4.31 1.83 0.00 0.00 0.00 1.39 5.04 7.59 8.25 9.34 11.10 13.14 15.26 13.65 16.28 26.16 27.80 28.76 31.59 27.44 23.43 26.11 23.02 20.27 22.11 19.81 17.40
10.29 10.29 10.37 7.96 7.81 9.86 16.13 15.84 15.48 15.48 16.21 18.47 17.67 16.06 16.64 15.04 15.84 17.16 17.67 18.10 18.83 18.76 19.13 19.20 17.52 14.31 12.41 8.76 10.44 7.37 6.35 4.45 3.94 2.34 1.53 1.53 2.48 3.94 7.37 6.72 6.20 4.96 4.38 4.09 5.77 6.94 9.86 12.05 11.68 9.93 10.15 10.44 10.44 11.83 12.05 5.55 4.09 2.04 1.46 2.41 2.41 3.65 4.23 4.60 7.30 9.86 9.42 8.98 12.19 13.58 17.74 22.19 28.00 30.54 32.38 29.85 25.15 23.01 18.80 16.55 13.66 13.83 14.38 12.59
7.81 9.20 7.81 9.27 9.13 7.81 12.05 12.12 14.45 14.45 14.38 13.72 12.56 13.21 17.59 13.94 13.72 15.40 13.21 14.89 18.76 16.13 12.63 11.90 9.71 6.28 5.84 5.33 3.94 2.56 2.19 3.43 4.16 5.11 2.70 2.70 3.29 5.33 5.04 3.65 2.70 1.75 0.00 2.92 5.99 8.47 10.73 12.19 12.63 9.86 8.10 9.05 9.20 9.42 8.61 5.69 3.94 4.67 5.26 5.62 5.62 5.91 5.26 4.16 7.81 10.66 11.02 11.97 15.26 19.20 22.91 27.71 33.15 29.42 30.70 30.24 20.78 16.18 14.60 11.83 9.63 8.21 8.70 6.92
7.81 9.20 7.81 9.27 9.13 7.81 12.05 12.12 14.45 14.45 14.38 13.72 12.56 13.21 17.59 13.94 13.72 15.40 13.21 14.89 18.76 16.13 12.63 11.90 9.71 6.28 5.84 5.33 3.94 2.56 2.19 3.43 4.16 5.11 2.70 2.70 3.29 5.33 5.04 3.65 2.70 1.75 0.00 2.92 5.99 8.47 10.73 12.19 12.63 9.86 8.10 9.05 9.20 9.42 8.61 5.69 3.94 4.67 5.26 5.62 5.62 5.91 5.26 4.16 7.81 10.66 11.02 11.97 15.26 19.20 23.03 27.41 29.98 32.79 32.76 35.28 24.12 15.66 15.25 11.49 10.19 9.73 7.94 5.87
5.69 8.25 5.91 0.00 5.04 5.18 6.20 12.19 12.34 12.34 12.85 11.75 11.61 9.93 10.15 9.56 8.03 8.47 8.54 10.15 10.51 8.40 5.48 4.60 4.02 2.92 2.56 3.94 3.07 3.50 0.95 2.34 4.31 4.67 3.58 3.58 2.70 3.36 3.21 1.83 0.80 0.00 0.00 4.82 6.64 5.99 5.69 7.08 8.18 7.96 7.59 8.03 7.23 5.55 2.48 3.36 4.53 4.02 7.23 8.18 8.22 3.74 3.37 6.86 12.92 17.59 19.05 20.59 17.61 23.45 32.89 32.37 37.86 39.36 37.29 33.35 20.44 16.63 13.51 8.76 6.89 6.76 5.11 2.09
4.09 6.57 5.91 4.23 3.72 3.87 5.18 9.13 11.17 11.17 10.59 9.42 10.88 10.22 8.91 7.66 7.59 7.88 7.96 8.98 6.06 3.50 0.00 0.00 0.00 0.00 0.00 1.31 2.70 2.85 3.72 2.70 0.00 0.00 3.21 3.21 2.41 1.90 2.19 3.94 4.16 3.07 2.34 4.89 6.13 5.48 6.50 5.62 4.16 3.36 4.60 5.18 4.82 4.60 4.67 6.13 8.40 12.56 13.65 9.78 9.78 7.37 8.32 11.90 15.70 18.18 23.36 24.24 27.74 28.98 31.83 34.09 36.50 37.11 25.89 19.04 16.38 12.68 11.99 9.95 5.90 4.18 3.17 1.96
9.05 8.18 6.13 5.04 5.40 4.60 5.18 6.57 8.91 8.91 8.47 6.42 7.15 6.20 6.13 5.84 5.84 8.18 7.74 6.50 3.14 0.00 0.00 0.00 0.00 0.00 0.00 0.00 0.00 0.00 0.00 0.00 0.00 2.48 2.56 2.56 2.92 2.12 2.70 3.29 3.50 3.14 5.99 3.72 2.77 3.50 4.53 4.53 2.92 2.19 2.92 2.77 4.16 6.35 7.30 4.67 7.23 10.80 11.90 10.95 10.95 9.93 10.51 14.82 18.03 21.17 24.24 24.89 33.22 32.41 31.97 33.86 34.22 32.80 22.06 15.07 12.58 11.26 9.66 9.16 6.81 4.27 1.23 0.78
9.64 7.88 6.35 5.84 0.00 0.00 7.30 7.30 5.55 5.55 4.89 5.33 5.33 5.84 5.26 5.33 6.50 5.33 3.21 3.80 3.36 2.77 1.90 0.00 0.88 0.00 0.00 0.00 0.00 0.00 0.00 0.00 0.00 0.00 3.50 3.50 3.94 2.70 3.29 0.00 1.61 0.00 3.72 0.00 1.75 0.00 5.91 8.10 7.88 6.57 8.25 9.64 7.52 5.62 3.94 2.63 6.20 9.78 10.51 10.88 10.88 11.46 13.36 18.54 22.27 24.38 25.48 27.96 31.54 31.90 33.36 30.67 28.74 22.43 14.71 9.83 9.14 8.48 6.67 5.40 4.81 3.82 1.42 0.74
8.10 6.42 5.91 5.69 0.00 0.00 4.31 4.60 0.00 0.00 0.00 4.23 6.64 6.64 5.04 4.89 5.33 4.31 4.16 5.18 5.18 5.91 3.80 2.19 2.41 0.00 2.19 0.00 0.00 0.00 0.00 0.00 0.00 0.00 0.00 0.00 2.19 0.00 2.92 0.00 0.00 0.00 0.00 0.51 1.75 3.94 5.69 6.94 7.96 8.40 7.59 7.30 4.02 2.26 2.63 1.90 5.33 10.22 12.34 11.83 11.83 12.99 13.07 15.33 19.35 20.51 17.16 19.56 27.52 31.24 30.37 26.21 17.28 9.19 6.98 6.60 7.12 6.27 6.55 6.27 4.56 3.02 0.00 0.00
5.40 4.45 4.31 0.00 3.14 3.36 0.00 0.00 0.00 0.00 0.00 1.53 1.90 4.96 5.91 4.02 3.65 3.29 2.77 3.80 6.13 7.66 5.91 4.02 3.87 6.79 7.37 5.04 4.67 3.07 0.00 0.00 1.46 2.92 2.92 2.92 4.38 1.46 0.00 0.00 0.00 0.00 0.00 0.00 2.77 7.23 12.41 13.80 13.21 11.24 7.52 4.96 6.72 6.79 5.48 6.64 6.94 10.88 14.60 14.67 14.67 13.07 8.54 7.01 9.20 10.66 13.87 19.56 26.06 28.25 27.45 23.92 11.55 7.90 6.71 3.98 3.67 3.46 4.00 0.00 4.39 4.74 4.52 2.76
5.40 4.45 4.31 0.00 3.14 3.36 0.00 0.00 0.00 0.00 0.00 1.53 1.90 4.96 5.91 4.02 3.65 3.29 2.77 3.80 6.13 7.66 5.91 4.02 3.87 6.79 7.37 5.04 4.67 3.07 0.00 0.00 1.46 2.92 2.92 2.92 4.38 1.46 0.00 0.00 0.00 0.00 0.00 0.00 2.77 7.23 12.41 13.80 13.21 11.24 7.52 4.96 6.72 6.79 5.48 6.64 6.94 10.88 14.60 14.67 14.67 13.07 8.54 7.01 9.20 10.66 13.87 19.56 26.06 28.25 27.45 23.80 11.37 7.78 6.71 4.16 3.27 3.32 3.90 0.00 4.30 4.99 4.52 2.70
4.38 4.74 0.00 2.41 0.00 3.43 3.80 0.00 0.00 0.00 0.00 2.70 3.07 5.69 4.82 3.29 0.00 0.00 2.48 2.56 5.11 5.62 3.72 1.46 0.00 0.00 1.97 0.00 1.83 2.19 0.00 0.00 0.00 0.80 2.26 2.26 4.38 3.94 3.07 3.29 2.92 2.41 3.50 7.37 11.61 14.24 17.52 17.59 14.53 8.54 3.87 6.64 10.80 10.59 9.20 9.93 7.23 6.28 9.93 10.29 10.29 10.29 9.93 9.64 10.29 13.14 16.79 19.64 21.90 20.37 17.16 11.75 5.55 3.24 3.01 3.12 2.26 3.70 3.04 0.00 0.00 0.00 0.00 0.00
