Wansh/Snow_depth/snowdepth-1981/spring/1981072.txt
ncols 321
nrows 161
xllcenter 60
yllcenter 15 
cellsize  0.25 
NODATA_value -1
[rows 0 to 36 of 161, columns 0 to 83 of 321]
16.43 16.43 23.80 27.74 27.59 25.84 25.40 27.59 29.35 26.94 24.38 24.31 23.14 22.85 22.05 21.53 20.00 19.86 20.29 19.78 18.61 18.47 17.74 17.89 18.25 17.30 17.30 12.70 10.95 11.02 11.24 10.88 8.03 6.72 5.04 3.80 4.74 4.09 3.36 3.07 3.14 3.36 0.00 2.77 0.00 0.00 0.00 0.00 0.00 0.00 0.00 0.00 0.00 0.00 0.00 0.00 0.00 0.00 0.00 0.00 0.00 0.00 5.77 15.40 22.56 24.31 23.58 22.41 22.41 24.82 24.09 23.51 23.80 21.75 24.60 26.21 26.21 25.92 24.97 24.53 23.80 24.45 24.31 26.94
21.68 21.68 23.65 26.28 28.25 26.86 25.62 25.77 23.58 21.68 20.81 20.66 20.08 20.22 20.29 19.86 19.64 19.42 19.05 17.08 17.59 18.47 18.47 15.40 16.35 15.11 15.11 14.02 13.07 12.26 10.59 11.39 10.88 7.96 7.30 7.88 7.52 6.79 7.08 6.20 6.72 7.74 6.50 5.91 5.33 3.87 0.00 0.00 0.80 0.00 0.00 0.00 0.00 0.00 0.00 0.00 0.00 0.00 0.00 0.00 0.00 0.00 0.44 11.24 16.50 18.40 17.52 17.37 15.26 14.89 15.70 19.42 21.02 20.22 23.43 24.97 24.97 26.50 26.43 27.38 27.59 27.38 25.55 24.60
23.29 23.29 24.16 24.24 26.13 24.97 25.92 22.34 21.75 20.95 18.91 18.18 18.18 18.18 18.18 18.61 17.81 18.47 19.49 20.15 19.93 21.24 20.59 19.05 16.64 17.45 17.45 16.35 14.89 12.41 10.80 11.02 11.53 11.53 11.39 11.32 10.80 10.29 10.29 10.95 11.68 10.00 9.27 8.40 6.94 5.55 4.16 3.72 3.80 0.00 0.00 0.00 0.00 0.00 0.00 0.00 0.00 0.00 0.00 0.00 0.00 0.00 0.00 6.13 13.29 17.45 19.20 19.56 19.42 17.67 18.98 20.15 21.32 22.85 23.80 24.38 24.38 25.11 25.92 24.38 23.65 23.58 23.00 21.75
23.29 23.29 24.16 24.24 26.13 24.97 25.92 22.34 21.75 20.95 18.91 18.18 18.18 18.18 18.18 18.61 17.81 18.47 19.49 20.15 19.93 21.24 20.59 19.05 16.64 17.45 17.45 16.35 14.89 12.41 10.80 11.02 11.53 11.53 11.39 11.32 10.80 10.29 10.29 10.95 11.68 10.00 9.27 8.40 6.94 5.55 4.16 3.72 3.80 0.00 0.00 0.00 0.00 0.00 0.00 0.00 0.00 0.00 0.00 0.00 0.00 0.00 0.00 6.13 13.29 17.45 19.20 19.56 19.42 17.67 18.98 20.15 21.32 22.85 23.80 24.38 24.38 25.11 25.92 24.38 23.65 23.58 23.00 21.75
20.37 20.37 19.64 20.95 22.34 22.92 21.39 20.88 19.64 18.69 16.86 15.84 15.33 15.55 16.79 17.08 16.35 16.35 17.59 21.02 20.29 19.05 19.35 19.56 18.32 18.98 18.98 17.23 14.09 12.34 11.24 10.88 13.21 12.41 12.48 14.09 14.38 13.14 11.97 11.68 11.61 11.75 11.02 9.64 10.44 9.42 8.18 6.94 7.37 7.59 7.01 7.01 3.50 0.00 0.00 0.00 0.00 0.00 0.00 0.00 0.00 0.00 0.00 4.89 14.02 19.05 21.02 18.83 17.52 18.32 20.88 21.32 20.59 24.24 24.38 23.29 23.29 23.94 23.65 22.05 19.78 19.64 18.47 17.96
19.49 19.49 21.46 22.34 23.29 22.70 20.15 18.18 16.64 16.28 17.30 15.55 14.02 14.53 14.75 14.67 14.60 14.38 15.11 16.35 16.79 16.72 16.06 17.52 17.52 18.18 18.18 15.04 12.63 11.17 11.32 11.46 13.72 13.07 11.75 11.02 12.26 12.70 12.05 10.66 11.39 12.92 12.19 10.22 8.98 8.47 8.32 6.57 5.26 4.23 5.99 5.99 0.00 0.00 0.00 0.00 0.00 0.00 0.00 0.00 0.00 0.00 0.00 3.94 13.65 18.47 19.56 17.30 15.33 16.50 19.86 22.12 23.80 23.73 23.00 22.27 22.27 22.12 21.10 20.51 18.83 17.89 15.91 15.99
21.02 21.02 20.95 21.10 21.75 21.61 21.39 20.08 18.47 15.48 13.72 13.43 13.21 12.78 12.85 12.34 13.58 14.24 14.31 13.65 15.99 15.04 14.67 17.16 16.50 14.24 14.24 13.72 12.56 11.32 10.07 10.15 11.53 12.12 10.66 9.93 11.24 11.68 10.88 10.88 10.44 10.73 11.39 11.32 11.90 10.44 9.05 7.66 5.55 0.00 0.00 0.00 0.00 0.00 0.00 0.00 0.00 0.00 0.00 0.00 0.00 0.00 0.58 6.72 13.14 15.84 15.70 14.45 17.37 18.32 17.23 18.91 18.83 17.52 16.57 17.01 17.01 17.67 17.74 17.37 16.43 19.27 18.69 17.59
21.02 21.02 20.95 21.10 21.75 21.61 21.39 20.08 18.47 15.48 13.72 13.43 13.21 12.78 12.85 12.34 13.58 14.24 14.31 13.65 15.99 15.04 14.67 17.16 16.50 14.24 14.24 13.72 12.56 11.32 10.07 10.15 11.53 12.12 10.66 9.93 11.24 11.68 10.88 10.88 10.44 10.73 11.39 11.32 11.90 10.44 9.05 7.66 5.55 0.00 0.00 0.00 0.00 0.00 0.00 0.00 0.00 0.00 0.00 0.00 0.00 0.00 0.58 6.72 13.14 15.84 15.70 14.45 17.37 18.32 17.23 18.91 18.83 17.52 16.57 17.01 17.01 17.67 17.74 17.37 16.43 19.27 18.69 17.59
19.42 19.42 19.64 19.78 17.81 18.10 16.79 17.08 17.96 16.72 14.82 15.04 15.33 14.31 14.31 14.24 14.24 16.50 17.45 15.40 16.06 16.64 17.08 16.57 16.13 12.85 12.85 13.14 11.46 12.05 11.61 11.53 11.61 9.20 8.83 9.49 9.93 11.17 11.90 10.73 6.57 3.72 6.72 9.05 9.78 8.32 6.20 5.04 5.04 0.00 0.00 0.00 0.00 0.00 0.00 0.00 0.00 0.00 0.00 0.00 0.00 3.14 6.50 9.49 11.46 10.59 11.02 14.24 17.08 18.83 19.42 17.59 15.99 15.77 16.06 15.62 15.62 15.04 12.05 10.95 13.21 14.97 16.43 15.70
17.08 17.08 17.89 15.33 16.94 16.35 15.18 14.09 14.82 14.02 14.45 14.75 15.18 14.82 14.67 13.65 15.70 15.62 14.97 13.21 13.87 16.72 16.50 15.84 15.33 13.94 13.94 13.14 12.56 13.21 13.21 13.65 12.85 11.75 8.76 7.59 8.10 10.37 12.92 12.78 9.56 6.50 7.08 10.59 11.46 7.15 6.20 5.48 6.06 4.53 0.00 0.00 0.00 0.00 0.00 0.00 0.00 0.00 0.00 0.00 0.00 2.99 9.64 10.80 9.93 6.72 7.08 14.31 15.33 15.33 14.31 14.31 14.31 13.65 16.43 17.96 17.96 13.21 10.51 10.15 11.61 11.68 11.75 12.12
14.82 14.82 12.05 12.92 15.26 14.82 15.04 13.65 14.24 14.45 14.60 14.89 14.38 14.60 14.02 13.36 13.65 14.60 17.01 15.11 13.94 13.72 14.02 14.97 14.31 13.80 13.80 12.63 11.83 12.56 13.14 14.02 13.58 14.75 12.41 10.29 9.49 12.34 15.04 15.84 12.78 5.69 7.96 10.15 10.80 9.64 7.08 2.77 0.00 0.00 0.00 0.00 0.00 0.00 0.00 0.00 0.00 0.00 0.00 0.00 0.00 0.00 5.62 7.23 9.05 11.02 7.88 9.93 10.15 13.43 13.87 13.80 15.40 15.40 15.40 14.67 14.67 14.31 13.58 12.99 11.53 11.10 11.17 11.75
14.82 14.82 12.05 12.92 15.26 14.82 15.04 13.65 14.24 14.45 14.60 14.89 14.38 14.60 14.02 13.36 13.65 14.60 17.01 15.11 13.94 13.72 14.02 14.97 14.31 13.80 13.80 12.63 11.83 12.56 13.14 14.02 13.58 14.75 12.41 10.29 9.49 12.34 15.04 15.84 12.78 5.69 7.96 10.15 10.80 9.64 7.08 2.77 0.00 0.00 0.00 0.00 0.00 0.00 0.00 0.00 0.00 0.00 0.00 0.00 0.00 0.00 5.62 7.23 9.05 11.02 7.88 9.93 10.15 13.43 13.87 13.80 15.40 15.40 15.40 14.67 14.67 14.31 13.58 12.99 11.53 11.10 11.17 11.75
10.66 10.66 10.44 11.53 13.94 14.45 14.53 15.91 14.97 15.11 15.11 15.18 15.26 15.18 15.18 15.84 13.94 15.18 16.64 16.21 13.94 14.38 13.65 13.58 12.70 12.63 12.63 11.90 11.68 11.90 11.02 10.15 10.37 10.80 12.05 12.63 12.78 13.65 13.87 11.83 9.71 7.30 6.64 6.79 8.32 10.37 7.23 2.56 0.00 0.00 0.00 0.00 0.00 0.00 0.00 0.00 0.00 0.00 0.00 0.00 0.00 0.00 0.00 1.10 10.51 16.86 14.09 3.72 4.31 12.85 15.18 15.62 15.18 14.09 10.66 6.64 6.64 11.10 14.09 13.72 12.70 12.85 9.86 0.00
15.99 15.99 16.06 15.84 14.97 13.43 12.34 14.53 15.84 15.84 15.33 15.33 15.99 17.59 17.89 17.45 16.72 15.91 13.14 12.41 12.92 12.92 11.90 11.68 12.05 12.12 12.12 11.10 9.71 10.37 8.69 6.64 7.52 9.93 11.68 14.38 12.48 12.48 11.83 10.29 8.47 8.91 7.96 9.71 11.02 10.22 6.13 0.00 0.00 0.00 0.00 0.00 0.00 0.00 0.00 0.00 0.00 0.00 0.00 0.00 0.00 0.00 0.00 0.00 10.51 16.64 18.40 9.49 6.86 8.83 12.48 12.63 14.09 12.99 9.86 7.08 7.08 8.98 10.51 11.68 11.83 10.29 0.00 0.00
15.77 15.77 15.84 16.21 16.35 14.67 13.29 14.97 18.83 20.00 19.93 19.49 18.18 18.98 20.22 18.61 18.40 16.57 15.26 13.72 12.56 10.73 11.61 11.68 12.26 11.46 11.46 10.95 11.53 11.75 11.17 11.97 13.36 13.36 15.11 16.06 13.65 9.64 9.05 10.66 11.32 11.10 10.29 10.66 11.68 0.00 0.00 0.00 0.00 0.00 0.00 0.00 0.00 0.00 0.00 0.00 0.00 0.00 0.00 0.00 0.00 0.00 0.00 0.00 8.61 11.83 10.73 10.80 11.02 11.02 10.44 11.97 13.14 13.21 12.78 15.84 15.84 13.87 11.90 11.46 10.29 10.51 0.00 13.58
16.57 16.57 16.50 17.37 17.96 18.32 18.18 19.56 22.85 24.09 24.24 22.12 18.98 16.28 15.99 16.64 17.01 17.30 17.30 16.28 14.38 12.63 11.68 12.63 11.39 11.90 11.90 12.34 12.34 12.63 13.87 16.43 18.25 17.81 16.86 16.50 14.89 12.41 10.88 10.44 10.29 0.00 0.00 0.00 0.00 0.00 0.00 0.00 0.00 0.00 0.00 0.00 0.00 0.00 0.00 0.00 0.00 0.00 0.00 0.00 0.00 0.00 0.00 0.00 7.23 10.37 11.97 13.72 12.48 12.70 12.78 12.63 13.43 13.07 12.12 12.85 12.85 14.60 14.97 16.06 13.51 12.70 13.58 13.65
16.57 16.57 16.50 17.37 17.96 18.32 18.18 19.56 22.85 24.09 24.24 22.12 18.98 16.28 15.99 16.64 17.01 17.30 17.30 16.28 14.38 12.63 11.68 12.63 11.39 11.90 11.90 12.34 12.34 12.63 13.87 16.43 18.25 17.81 16.86 16.50 14.89 12.41 10.88 10.44 10.29 0.00 0.00 0.00 0.00 0.00 0.00 0.00 0.00 0.00 0.00 0.00 0.00 0.00 0.00 0.00 0.00 0.00 0.00 0.00 0.00 0.00 0.00 0.00 7.23 10.37 11.97 13.72 12.48 12.70 12.78 12.63 13.43 13.07 12.12 12.85 12.85 14.60 14.97 16.06 13.51 12.70 13.58 13.65
17.74 17.74 17.59 18.54 19.13 19.71 19.27 19.71 23.21 24.31 23.14 21.61 20.37 18.91 17.96 19.27 18.54 18.40 18.32 16.57 16.13 14.82 12.19 12.34 11.32 12.99 12.99 13.21 13.58 13.72 13.87 14.67 15.99 16.79 16.64 16.35 12.70 11.24 9.86 8.54 0.00 0.00 0.00 0.00 0.00 0.00 0.00 0.00 0.00 0.00 0.00 0.00 0.00 0.00 0.00 0.00 0.00 0.00 0.00 0.00 0.00 0.00 0.00 0.00 10.44 10.29 11.53 12.63 11.97 14.16 16.06 17.45 16.64 15.91 12.99 11.46 11.46 12.41 10.44 8.98 9.27 11.83 10.22 9.49
22.41 22.41 21.61 21.61 21.97 21.10 23.65 23.43 23.51 23.94 23.51 21.90 19.78 19.86 18.32 17.67 17.37 18.18 17.81 18.40 18.03 15.99 14.89 14.60 14.16 14.16 14.16 14.24 14.31 13.21 13.14 13.14 13.80 15.04 15.18 12.63 12.41 12.05 11.02 7.59 0.00 0.00 0.00 0.00 0.00 0.00 0.00 0.00 0.00 0.00 0.00 0.00 0.00 0.00 0.00 0.00 0.00 0.00 0.00 0.00 3.36 9.34 8.61 12.05 8.69 7.96 11.46 13.80 15.33 18.47 20.37 22.85 22.85 20.88 18.54 16.64 16.64 15.62 12.70 5.11 2.92 4.53 6.72 7.96
23.87 23.87 25.19 24.16 23.65 23.21 24.02 24.45 24.82 26.86 27.38 26.28 24.67 23.43 21.17 19.64 16.28 17.45 18.83 18.54 17.52 17.67 17.37 18.47 18.18 16.13 16.13 13.87 14.02 13.72 13.14 12.85 14.24 15.18 14.16 10.88 11.32 10.22 0.00 0.00 0.00 0.00 0.00 0.00 0.00 0.00 0.00 0.00 0.00 0.00 0.00 0.00 0.00 0.00 0.00 0.00 10.22 12.12 11.97 13.14 12.34 16.28 14.16 17.01 13.80 14.97 14.02 14.38 16.64 19.86 20.88 20.88 19.20 21.10 21.24 16.64 16.64 13.58 10.44 8.76 8.40 8.40 11.90 11.83
22.56 22.56 26.13 27.08 26.86 24.82 24.24 25.19 25.40 26.06 26.35 23.43 21.83 19.35 17.89 18.25 18.47 19.13 20.81 19.71 18.98 21.10 20.95 15.84 16.72 16.50 16.50 15.99 16.50 15.91 14.16 13.36 12.19 12.34 11.68 12.34 13.14 0.00 0.00 0.00 0.00 0.00 0.00 0.00 0.00 0.00 0.00 0.00 0.00 0.00 0.00 0.00 0.00 0.00 0.00 0.00 6.94 16.64 19.49 18.83 19.20 18.10 19.42 20.51 19.78 18.10 16.86 16.79 17.89 18.18 18.61 14.45 15.55 16.72 15.33 13.58 13.58 11.53 8.91 9.20 13.07 14.67 14.16 12.78
22.34 22.34 25.77 27.74 28.62 28.47 25.70 25.55 24.16 23.80 23.80 24.02 22.27 19.78 18.03 18.47 19.35 20.29 23.80 23.43 23.29 22.92 23.87 19.64 16.21 17.08 17.08 17.23 17.16 14.60 15.18 14.38 13.87 14.16 13.43 0.00 0.00 0.00 0.00 0.00 0.00 0.00 0.00 0.00 0.00 0.00 0.00 0.00 0.00 0.00 0.00 0.00 0.00 0.00 5.18 3.94 9.20 16.50 18.61 19.27 19.49 17.67 19.49 21.10 21.97 20.44 20.08 20.59 21.90 22.19 20.88 17.74 17.30 16.64 12.26 8.98 8.98 11.24 15.48 17.59 17.59 14.16 8.91 10.59
22.34 22.34 25.77 27.74 28.62 28.47 25.70 25.55 24.16 23.80 23.80 24.02 22.27 19.78 18.03 18.47 19.35 20.29 23.80 23.43 23.29 22.92 23.87 19.64 16.21 17.08 17.08 17.23 17.16 14.60 15.18 14.38 13.87 14.16 13.43 0.00 0.00 0.00 0.00 0.00 0.00 0.00 0.00 0.00 0.00 0.00 0.00 0.00 0.00 0.00 0.00 0.00 0.00 0.00 5.18 3.94 9.20 16.50 18.61 19.27 19.49 17.67 19.49 21.10 21.97 20.44 20.08 20.59 21.90 22.19 20.88 17.74 17.30 16.64 12.26 8.98 8.98 11.24 15.48 17.59 17.59 14.16 8.91 10.59
21.68 21.68 23.36 26.28 24.16 23.21 22.27 20.95 21.39 22.56 22.34 22.12 20.88 19.71 21.53 21.17 20.29 24.67 24.60 23.65 22.34 24.24 25.77 21.39 16.79 17.37 17.37 18.54 16.79 14.75 16.86 19.35 18.76 17.52 15.11 0.00 0.00 0.00 0.00 0.00 0.00 0.00 0.00 0.00 0.00 0.00 0.00 0.00 0.00 0.00 0.00 0.00 0.00 10.07 15.77 14.45 14.60 18.69 18.47 18.47 18.40 14.53 18.61 18.98 19.78 20.51 24.38 23.51 21.17 18.76 19.78 19.86 16.79 13.14 10.37 11.53 11.53 16.43 21.97 23.58 23.07 16.43 8.47 5.99
19.49 19.49 21.10 22.05 21.02 19.42 18.91 20.37 18.69 17.81 16.86 17.23 17.52 18.03 18.18 17.37 16.35 22.27 23.65 22.63 18.54 18.10 24.09 22.56 18.69 15.70 15.70 14.75 15.55 16.72 17.89 18.83 18.18 15.77 12.85 0.00 0.00 0.00 0.00 0.00 0.00 0.00 0.00 0.00 0.00 0.00 0.00 0.00 0.00 0.00 6.20 6.20 5.69 13.80 18.61 17.81 18.54 19.64 20.15 18.83 21.32 21.75 20.88 19.56 18.69 23.00 24.97 24.97 23.87 23.65 23.87 23.36 20.51 17.16 12.70 13.14 13.14 17.96 21.97 23.65 22.27 17.37 10.44 4.82
11.75 11.75 11.17 13.07 14.60 16.72 17.74 16.94 14.38 12.26 14.82 15.33 14.45 14.45 14.82 15.26 20.15 20.51 20.44 22.63 21.90 17.81 14.31 15.40 16.72 13.58 13.58 9.05 13.29 17.52 16.72 13.80 13.14 12.34 0.00 0.00 0.00 0.00 0.00 0.00 0.00 0.00 0.00 0.00 0.00 0.00 0.00 0.00 0.00 12.12 13.58 13.58 15.62 19.42 20.81 20.44 20.88 21.90 22.78 25.70 26.65 26.35 24.89 23.00 22.63 22.63 25.55 27.96 27.30 27.52 25.26 22.48 20.44 18.98 16.13 12.48 12.48 12.99 17.74 24.02 24.67 18.32 11.97 7.30
12.78 12.78 10.15 8.40 8.25 9.86 14.97 17.16 14.31 12.63 13.80 14.31 13.65 12.99 13.14 13.51 18.40 16.28 17.01 22.27 23.80 19.35 11.68 5.91 7.08 10.37 10.37 12.48 13.87 15.33 14.02 13.14 11.68 0.00 0.00 0.00 0.00 0.00 0.00 0.00 0.00 0.00 0.00 0.00 0.00 0.00 0.00 0.00 0.00 0.00 15.40 15.40 20.59 21.75 21.68 23.65 21.17 21.61 22.48 28.84 27.96 25.62 25.04 25.99 24.75 23.87 23.73 25.84 27.67 27.96 25.77 21.39 18.25 13.72 10.51 9.56 9.56 12.12 14.67 17.01 18.69 16.28 13.94 10.44
10.37 10.37 9.56 8.40 7.96 7.81 8.40 9.20 9.56 8.61 10.80 10.88 9.42 10.51 12.19 10.66 14.89 17.45 19.35 16.64 13.72 8.03 5.26 4.74 6.42 11.02 11.02 14.24 12.56 13.94 13.58 12.56 11.24 0.00 0.00 0.00 0.00 0.00 0.00 0.00 0.00 0.00 0.00 0.00 0.00 0.00 0.00 0.00 0.00 9.13 16.72 16.72 19.71 22.34 24.38 25.11 24.75 23.65 24.97 25.92 27.38 25.48 25.62 25.40 22.92 21.53 21.10 22.34 23.80 23.51 17.16 9.20 6.86 5.84 5.84 8.32 8.32 11.02 13.29 16.86 18.69 14.45 6.79 5.55
10.37 10.37 9.56 8.40 7.96 7.81 8.40 9.20 9.56 8.61 10.80 10.88 9.42 10.51 12.19 10.66 14.89 17.45 19.35 16.64 13.72 8.03 5.26 4.74 6.42 11.02 11.02 14.24 12.56 13.94 13.58 12.56 11.24 0.00 0.00 0.00 0.00 0.00 0.00 0.00 0.00 0.00 0.00 0.00 0.00 0.00 0.00 0.00 0.00 9.13 16.72 16.72 19.71 22.34 24.38 25.11 24.75 23.65 24.97 25.92 27.38 25.48 25.62 25.40 22.92 21.53 21.10 22.34 23.80 23.51 17.16 9.20 6.86 5.84 5.84 8.32 8.32 11.02 13.29 16.86 18.69 14.45 6.79 5.55
7.08 7.08 7.30 7.08 6.13 7.96 9.86 10.66 8.98 9.71 10.88 11.90 12.19 11.24 8.83 0.00 3.65 12.85 10.88 6.64 0.95 0.00 3.94 10.29 12.48 14.67 14.67 14.45 15.55 14.45 13.21 14.53 12.34 11.39 0.00 0.00 0.00 0.00 0.00 0.00 0.00 0.00 0.00 0.00 0.00 0.00 0.00 0.00 14.24 17.37 16.64 16.64 18.40 21.83 25.40 26.43 27.23 24.24 22.19 21.68 23.29 23.43 19.20 19.05 18.47 16.94 14.60 15.04 17.37 15.77 7.66 0.00 0.00 0.00 1.68 2.48 2.48 3.87 3.87 4.45 5.84 6.13 2.70 6.42
7.88 7.88 7.15 6.42 7.30 8.98 7.52 4.53 4.02 10.00 14.09 13.21 11.61 6.64 4.45 0.00 0.00 0.00 2.56 0.00 0.00 0.00 2.85 8.98 11.61 13.29 13.29 15.04 14.67 11.97 10.22 7.66 6.72 7.59 8.83 0.00 0.00 0.00 0.00 0.00 0.00 0.00 0.00 0.00 0.00 0.00 0.00 0.00 10.73 17.81 21.02 21.02 18.83 21.68 23.73 23.29 24.60 21.75 19.64 18.25 17.89 15.70 13.29 11.17 4.09 0.51 0.22 0.66 0.29 0.00 0.00 0.00 0.00 0.00 0.00 0.00 0.00 0.00 0.00 0.00 0.00 0.00 0.73 9.20
6.79 6.79 5.77 5.77 8.61 8.83 1.83 0.00 1.46 6.06 10.59 9.93 6.06 4.16 0.00 0.00 0.00 0.00 0.00 0.00 0.00 0.00 0.00 1.97 5.62 9.20 9.20 10.88 10.80 5.62 7.66 5.33 5.04 6.35 5.91 0.00 0.00 0.00 0.00 0.00 0.00 0.00 0.00 0.00 0.00 0.00 0.00 0.00 0.00 9.78 20.15 20.15 22.56 20.81 23.94 25.04 17.59 14.31 8.69 10.07 9.78 5.62 0.00 0.00 0.00 0.00 0.00 0.00 0.00 0.00 0.00 0.00 0.00 0.00 0.00 0.00 0.00 0.00 0.00 0.00 0.00 0.00 0.00 0.00
8.47 8.47 7.01 7.37 7.88 6.13 1.17 0.00 1.17 1.17 2.34 0.00 0.00 0.00 0.00 0.00 0.00 0.00 0.00 0.00 0.00 0.00 0.00 0.00 0.00 0.00 0.00 3.72 4.96 4.16 3.07 0.00 1.02 0.00 0.00 2.70 0.00 0.00 0.00 0.00 0.00 0.00 0.00 0.00 0.00 0.00 0.00 0.00 0.00 9.34 19.35 19.35 22.56 20.29 20.15 22.85 10.80 4.38 0.00 0.00 0.00 0.00 0.00 0.00 0.00 0.00 0.00 0.00 0.00 0.00 0.00 0.00 0.00 0.00 0.00 0.00 0.00 0.00 0.00 0.00 0.00 0.00 0.00 0.00
6.20 6.20 4.45 5.33 4.89 4.67 1.10 0.00 0.00 0.00 0.00 0.00 0.00 0.00 0.00 0.00 0.00 0.00 0.00 0.00 0.00 0.00 0.00 0.00 0.00 0.00 0.00 2.26 4.02 0.00 0.00 0.00 0.00 0.00 0.00 0.00 0.00 0.00 0.00 0.00 0.00 0.00 0.00 0.00 0.00 0.00 0.00 0.00 0.00 7.66 9.42 9.42 6.86 2.99 7.59 4.60 0.00 0.00 0.00 0.00 0.00 0.00 0.00 0.00 0.00 0.00 0.00 0.00 0.00 0.00 0.00 0.00 0.00 0.00 0.00 0.00 0.00 0.00 0.00 0.00 0.00 0.00 0.00 0.00
0.00 0.00 1.53 2.70 4.02 2.34 0.00 0.00 0.00 0.00 0.00 0.00 0.00 0.00 0.00 0.00 0.00 0.00 0.00 0.00 0.00 0.00 0.00 0.00 0.00 0.00 0.00 0.00 0.00 0.00 0.00 0.00 0.00 0.00 0.00 0.00 0.00 0.00 0.00 0.00 0.00 0.00 0.00 0.00 0.00 0.00 0.00 0.00 0.00 0.00 0.00 0.00 0.00 0.00 0.00 0.00 0.00 0.00 0.00 0.00 0.00 0.00 0.00 0.00 0.00 0.00 0.00 0.00 0.00 0.00 0.00 0.00 0.00 0.00 0.00 0.00 0.00 0.00 0.00 0.00 0.00 0.00 0.00 0.00
0.00 0.00 1.53 2.70 4.02 2.34 0.00 0.00 0.00 0.00 0.00 0.00 0.00 0.00 0.00 0.00 0.00 0.00 0.00 0.00 0.00 0.00 0.00 0.00 0.00 0.00 0.00 0.00 0.00 0.00 0.00 0.00 0.00 0.00 0.00 0.00 0.00 0.00 0.00 0.00 0.00 0.00 0.00 0.00 0.00 0.00 0.00 0.00 0.00 0.00 0.00 0.00 0.00 0.00 0.00 0.00 0.00 0.00 0.00 0.00 0.00 0.00 0.00 0.00 0.00 0.00 0.00 0.00 0.00 0.00 0.00 0.00 0.00 0.00 0.00 0.00 0.00 0.00 0.00 0.00 0.00 0.00 0.00 0.00
0.00 0.00 0.00 0.00 0.00 0.00 0.00 0.00 0.00 0.00 0.00 0.00 0.00 0.00 0.00 0.00 0.00 0.00 0.00 0.00 0.00 0.00 0.00 0.00 0.00 0.00 0.00 0.00 0.00 0.00 0.00 0.00 0.00 0.00 0.00 0.00 0.00 0.00 0.00 0.00 0.00 0.00 0.00 0.00 0.00 0.00 0.00 0.00 0.00 0.00 0.00 0.00 0.00 0.00 0.00 0.00 0.00 0.00 0.00 0.00 0.00 0.00 0.00 0.00 0.00 0.00 0.00 0.00 0.00 0.00 0.00 0.00 0.00 0.00 0.00 0.00 0.00 0.00 0.00 0.00 0.00 0.00 0.00 0.00
