Wansh/Snow_depth/snowdepth-1981/spring/1981084.txt
ncols 321
nrows 161
xllcenter 60
yllcenter 15 
cellsize  0.25 
NODATA_value -1
[rows 74 to 110 of 161, columns 84 to 167 of 321]
0.00 0.00 0.00 0.00 0.00 0.00 0.00 0.00 0.00 0.00 0.00 0.58 4.16 5.62 8.47 6.94 5.91 6.86 6.86 0.00 0.00 0.00 0.00 0.00 0.00 6.20 4.82 0.00 2.92 0.00 3.50 4.60 5.04 5.48 3.50 2.04 1.90 0.00 1.39 2.92 6.94 0.00 0.00 0.00 0.00 0.00 0.00 0.00 0.00 0.00 0.00 0.00 0.00 0.00 0.00 0.00 0.00 0.00 0.00 0.00 0.00 0.00 0.00 0.00 0.00 0.00 0.00 0.00 0.00 0.00 0.00 0.00 0.00 0.00 0.00 0.00 0.00 0.00 0.00 0.00 0.00 0.00 0.00 0.00
0.00 0.00 0.00 0.00 0.00 7.37 3.65 7.59 6.13 6.86 8.25 8.18 7.30 6.35 5.48 5.99 5.84 5.33 5.33 5.40 5.55 6.06 4.31 5.62 6.72 10.88 8.03 5.18 5.77 6.28 4.60 3.94 4.74 3.29 3.80 4.67 4.89 4.45 4.38 0.00 6.42 4.67 5.40 5.40 4.45 0.00 0.00 0.00 0.00 0.00 0.00 0.00 0.00 0.00 0.00 0.00 0.00 0.00 1.61 0.07 0.00 0.00 0.00 0.00 0.00 0.00 0.00 0.00 0.00 0.00 0.00 3.65 0.00 0.00 0.00 0.00 0.00 0.00 0.00 0.00 0.00 0.00 0.00 0.00
0.00 0.00 0.44 2.34 6.28 8.61 9.71 10.15 10.07 8.76 8.32 7.81 7.74 7.08 5.04 8.25 6.94 5.91 5.91 6.28 5.69 4.53 4.09 3.80 5.11 5.26 4.67 3.87 4.38 4.60 3.80 0.00 0.00 3.43 4.02 5.11 5.99 5.77 0.00 12.56 8.18 5.48 0.00 0.00 4.09 1.68 3.14 3.14 5.11 0.00 0.44 1.75 0.00 0.00 0.00 0.00 0.00 0.00 0.00 0.00 0.00 0.00 0.00 0.00 0.00 0.00 0.00 0.00 0.00 0.00 0.22 4.23 3.14 1.02 0.00 0.00 0.00 0.00 0.00 0.00 0.00 0.00 0.00 0.00
7.74 8.03 5.62 3.21 0.00 7.81 6.79 7.15 7.74 9.34 9.27 7.96 7.30 5.99 7.23 7.66 5.91 6.86 6.86 6.28 5.26 4.16 3.43 4.45 5.33 4.96 4.31 4.89 4.60 5.26 4.23 0.00 0.00 3.07 4.09 4.74 0.00 6.64 8.32 6.64 4.23 4.67 0.00 0.00 4.45 0.00 5.11 0.00 0.00 0.00 2.56 0.00 2.26 1.24 0.00 0.00 0.00 1.90 2.26 2.19 3.43 1.61 0.00 0.00 0.00 0.00 0.00 0.00 0.00 0.00 0.00 1.90 1.68 2.26 0.00 0.00 0.00 0.00 0.00 0.00 0.00 0.00 0.00 0.00
7.45 5.11 0.00 3.36 12.92 9.71 4.74 5.99 6.28 6.13 7.88 7.88 6.94 7.52 6.13 6.28 7.15 7.01 7.01 7.59 7.01 6.50 6.57 6.79 5.91 6.50 6.64 6.35 7.01 0.00 6.20 4.60 2.48 2.48 6.79 5.26 0.00 0.00 5.04 0.00 0.00 0.00 0.00 0.00 0.00 0.00 0.00 0.00 0.00 0.00 0.00 2.77 0.00 5.48 5.11 2.85 2.56 3.29 0.00 1.68 3.94 3.21 2.56 2.26 0.00 0.00 0.00 0.15 0.15 1.10 0.51 0.00 1.39 2.12 0.00 0.00 0.00 0.00 0.00 0.00 0.00 0.00 0.00 0.00
20.37 16.35 9.42 8.03 2.56 6.13 0.00 5.48 4.96 5.62 6.28 6.94 7.23 8.18 6.72 6.64 6.50 6.57 6.57 7.23 6.20 5.69 6.64 6.64 4.23 4.38 5.33 3.87 4.02 5.40 4.38 0.00 7.74 0.00 5.11 0.00 0.00 0.00 2.48 4.45 4.38 0.00 0.00 0.00 0.00 0.00 0.00 0.00 0.00 0.00 0.00 0.00 0.00 0.00 0.00 0.00 0.00 0.00 0.00 0.00 0.00 0.00 0.00 0.00 0.00 0.00 0.00 1.83 1.83 2.34 2.70 1.75 1.46 2.41 0.00 0.00 0.00 0.00 0.00 0.00 0.00 0.00 0.00 0.00
5.33 5.33 5.18 5.04 4.09 5.48 3.65 5.04 7.15 7.66 7.37 7.37 6.50 6.28 6.28 6.42 5.55 5.91 5.91 4.89 5.11 5.04 6.50 7.74 4.45 2.99 4.38 4.16 0.00 6.13 4.60 0.00 0.00 0.00 0.00 0.00 6.94 9.93 0.00 3.07 4.96 0.00 0.00 0.00 0.00 0.00 0.00 0.00 0.00 0.00 0.00 0.00 0.00 0.00 0.00 0.00 0.00 3.72 0.00 0.00 0.00 0.00 0.00 0.00 0.00 0.00 0.00 0.00 0.00 0.00 1.24 0.00 0.00 0.00 0.00 0.00 0.00 0.00 0.00 0.00 0.00 0.00 0.00 0.00
0.00 0.00 0.00 2.04 6.35 6.35 4.67 4.67 7.52 8.18 9.20 8.03 6.28 5.04 6.42 6.42 0.00 5.55 5.55 4.45 4.31 5.26 5.91 4.53 4.31 4.60 4.74 4.23 4.23 4.89 2.19 0.00 0.00 3.50 4.31 4.31 0.00 0.00 0.00 5.18 6.42 1.97 0.00 0.00 0.00 0.00 0.00 0.00 0.00 0.00 0.00 0.00 0.00 0.00 0.00 0.00 3.50 3.87 0.00 0.00 0.00 0.00 0.00 0.00 0.00 0.00 0.00 0.00 0.00 0.00 0.00 1.97 5.99 5.33 5.33 4.62 0.00 0.00 0.00 0.00 0.00 0.00 0.00 0.00
0.00 3.65 2.04 5.33 6.13 8.69 5.33 5.18 4.60 5.04 0.00 5.18 5.69 4.96 4.96 5.62 7.15 7.23 7.23 5.99 4.16 4.45 4.60 3.58 4.45 4.45 6.57 5.69 4.45 0.00 0.00 0.00 0.00 2.56 5.91 4.16 1.61 0.00 0.00 0.00 0.00 0.00 0.00 0.00 0.00 0.00 0.00 0.00 0.00 0.00 0.00 0.00 0.00 0.00 0.00 0.00 0.00 3.36 2.63 2.77 4.45 2.77 1.53 0.58 0.00 0.00 0.00 0.00 0.00 0.00 0.00 0.00 4.60 11.02 11.24 1.75 0.00 0.00 0.00 0.00 0.00 0.00 0.00 0.00
5.84 4.89 5.62 4.09 3.72 0.00 0.00 5.62 5.11 3.50 3.65 0.00 6.79 6.06 5.55 5.69 7.01 9.13 9.13 10.29 7.23 4.31 3.58 4.38 4.89 3.94 5.18 4.74 0.00 0.00 0.00 4.82 3.65 0.00 6.79 6.35 4.38 4.38 0.00 0.00 0.00 0.00 0.00 0.00 0.00 0.00 0.00 0.00 0.00 0.00 0.00 0.00 0.00 0.00 0.00 0.00 2.19 2.12 2.34 6.13 5.69 4.96 3.80 3.14 1.61 0.00 0.00 0.00 0.00 0.00 0.00 0.00 0.00 6.35 10.73 4.23 0.00 0.00 0.00 0.00 0.00 0.00 0.00 0.00
4.23 2.41 0.00 5.91 3.29 0.00 0.00 1.75 3.87 4.74 3.87 4.38 5.99 7.66 5.69 0.00 4.60 5.99 5.99 7.15 7.37 5.62 5.18 4.96 4.82 4.74 5.04 3.58 5.18 5.04 0.00 0.88 0.00 3.29 4.89 5.69 6.94 7.23 1.68 0.00 0.00 0.00 0.00 0.00 0.00 0.00 0.00 0.00 0.00 0.00 0.00 0.00 3.72 2.99 3.36 2.48 2.85 2.56 1.10 3.36 5.62 5.62 6.28 5.04 2.41 4.23 4.53 0.00 0.00 0.00 0.00 0.00 0.00 2.77 3.58 6.57 0.00 0.00 0.00 0.00 0.00 0.00 0.00 0.00
0.00 0.80 0.00 0.00 5.26 0.00 0.00 2.99 4.38 4.45 4.60 4.89 6.13 6.35 6.35 5.91 5.33 4.82 4.82 7.88 7.88 6.94 5.33 5.26 4.82 4.89 5.55 5.26 5.33 5.91 3.94 5.40 9.34 4.89 3.80 0.00 0.00 5.04 6.06 1.61 0.00 0.00 0.00 0.00 0.00 0.00 0.00 0.00 0.00 0.00 0.00 1.75 3.50 8.83 15.99 14.82 11.75 7.74 3.80 2.99 7.63 9.09 8.20 6.94 3.94 4.31 6.79 4.16 4.16 2.26 2.26 0.00 0.00 0.00 0.00 0.00 0.00 0.00 0.00 0.00 0.00 0.00 0.00 0.00
3.58 3.87 6.72 6.13 6.42 6.28 6.13 5.40 5.62 4.53 4.45 1.68 2.56 4.16 4.16 3.43 4.82 5.91 5.91 0.00 3.43 4.67 6.13 5.69 0.00 3.58 3.80 3.94 5.62 5.11 4.53 4.89 5.91 5.11 0.00 0.00 0.00 0.00 7.15 18.10 15.11 8.83 6.28 6.28 0.00 0.00 0.00 0.00 0.00 0.00 0.00 0.00 4.53 5.77 10.15 19.49 21.53 21.10 20.44 11.24 5.77 6.28 7.23 10.37 7.52 5.33 4.60 0.00 0.00 11.53 13.72 13.21 10.51 8.10 0.00 0.00 0.00 0.00 0.00 0.00 0.00 0.00 0.00 0.00
0.00 0.00 1.97 3.80 5.55 6.06 7.23 5.11 6.79 8.03 5.55 6.28 5.18 4.16 3.72 5.33 6.79 5.77 5.77 3.87 3.21 0.00 4.31 4.45 0.00 5.11 5.91 3.65 0.00 0.00 0.00 0.00 5.84 3.72 0.00 0.00 0.00 0.00 10.59 16.43 13.65 9.64 7.66 7.66 8.40 5.55 2.48 1.75 0.88 1.17 0.00 5.55 5.91 5.69 6.50 11.90 15.70 22.41 24.75 17.30 6.57 4.09 6.20 5.99 4.67 3.80 0.00 0.00 0.00 1.68 7.08 14.60 16.64 0.00 0.00 0.00 0.00 0.00 0.00 0.00 0.00 0.00 0.00 0.00
0.00 0.00 0.00 0.00 0.00 4.96 5.04 4.09 0.00 4.89 5.33 6.28 5.18 5.04 5.26 5.77 5.40 5.62 5.62 4.67 4.89 4.60 5.91 6.28 5.48 7.01 5.69 3.36 4.53 3.72 4.96 4.74 4.67 3.58 3.50 0.00 1.61 3.21 5.18 2.85 0.73 0.00 0.00 0.00 10.59 10.59 5.18 3.14 0.00 0.00 0.00 0.00 0.00 5.84 6.42 7.88 6.64 11.61 16.79 14.24 7.45 5.04 5.62 5.55 5.38 8.03 3.65 0.00 0.00 0.07 3.43 10.66 14.02 0.00 0.00 0.00 0.00 0.00 0.00 0.00 0.00 0.00 0.00 0.00
4.67 0.00 0.00 0.00 0.00 4.16 2.85 3.58 0.00 0.00 4.82 5.55 5.04 5.69 5.62 6.94 5.11 5.18 5.18 7.45 6.94 5.77 6.28 7.37 6.28 6.57 6.06 5.40 6.20 5.84 6.57 6.72 6.06 6.86 5.77 5.62 3.58 3.94 3.07 0.00 0.00 4.31 0.00 0.00 9.64 12.56 12.56 13.21 11.90 7.37 2.34 0.00 0.00 8.25 11.83 7.88 4.53 7.74 11.34 11.87 6.42 6.06 10.35 13.36 11.41 10.61 14.60 0.00 0.00 0.00 0.00 0.00 8.10 0.00 0.00 0.00 0.00 0.00 0.00 0.00 0.00 0.00 0.00 0.00
4.09 5.40 0.00 0.00 0.00 0.00 0.00 3.43 4.45 4.09 3.94 4.16 3.43 3.36 3.29 6.28 6.13 6.06 6.06 6.94 6.42 5.11 4.89 5.18 5.26 5.04 5.26 5.11 5.04 5.55 5.26 6.13 5.48 5.84 5.04 4.60 7.37 4.82 0.00 3.58 3.36 0.00 0.00 0.00 0.00 6.79 13.07 15.04 17.16 15.33 13.65 12.99 16.28 14.09 11.17 10.95 5.48 3.43 5.33 6.06 4.59 3.14 6.78 14.89 19.64 16.64 11.01 9.05 8.76 7.26 0.00 0.00 0.00 0.00 0.00 0.00 0.00 0.00 0.00 0.00 0.00 0.00 0.00 0.00
0.00 0.00 5.77 4.31 0.00 0.00 2.41 0.00 4.96 0.00 0.00 0.00 0.00 0.00 0.00 4.74 4.53 4.67 4.67 4.74 4.16 3.36 3.87 4.31 5.18 5.69 5.18 3.65 0.00 6.42 5.04 5.40 4.82 4.60 3.87 4.53 3.07 3.50 0.00 0.00 0.00 0.00 0.00 0.00 0.00 0.00 6.42 8.83 11.24 10.44 11.24 15.04 22.63 23.36 21.97 21.68 15.91 8.40 6.71 6.42 6.28 0.00 0.00 7.91 12.39 15.27 15.91 13.65 13.72 6.10 0.00 0.00 0.00 0.00 0.00 0.00 0.00 0.00 0.00 0.00 0.00 0.00 0.00 0.00
1.61 0.00 4.45 2.12 0.00 4.96 5.04 5.99 5.62 4.31 0.00 0.00 0.00 0.00 0.00 0.00 0.00 3.65 3.65 3.80 3.21 2.41 0.00 0.00 0.00 0.00 0.00 0.00 0.00 4.45 3.50 0.00 0.00 4.82 4.16 4.38 0.00 0.00 0.00 0.00 0.00 0.00 0.00 0.00 7.45 3.29 0.00 0.00 7.23 10.00 6.79 9.71 17.37 23.58 27.45 25.70 22.27 19.64 12.34 5.69 5.68 0.00 0.00 0.00 7.55 9.20 10.78 12.92 12.92 8.79 0.00 0.00 0.00 0.00 0.00 0.00 0.00 0.00 0.00 0.00 0.00 0.00 0.00 0.00
1.24 0.00 0.00 0.00 0.00 4.31 4.38 0.00 0.00 3.87 2.26 0.00 2.77 0.00 0.00 3.58 3.36 3.87 3.87 5.26 5.26 3.80 2.85 4.02 0.00 0.00 0.00 0.00 0.00 0.00 0.00 0.00 0.00 0.00 2.34 0.00 1.53 0.00 0.00 0.00 0.00 0.00 3.94 3.94 10.22 8.03 6.64 4.23 10.37 17.96 11.83 8.32 14.09 17.01 19.64 19.78 22.01 23.87 22.27 17.81 9.13 5.40 0.00 0.00 0.00 13.78 4.40 0.00 0.00 0.00 0.00 11.65 13.49 0.00 0.00 0.00 0.00 0.00 0.00 0.00 0.00 0.00 0.00 0.00
0.00 0.00 2.48 2.48 0.00 0.00 0.00 0.00 0.00 7.81 2.99 0.00 0.00 0.00 0.66 5.33 4.96 5.69 5.69 5.84 5.55 5.99 5.33 0.00 0.00 0.00 0.00 0.00 0.00 0.00 0.00 0.00 0.00 0.00 3.29 0.00 0.00 0.00 0.00 0.00 0.00 0.00 0.00 0.00 0.00 6.64 11.97 9.64 12.26 19.71 18.25 15.11 16.76 15.43 15.14 16.60 17.46 19.20 23.51 25.48 18.10 9.54 0.00 0.00 0.00 10.00 0.00 0.00 0.00 0.00 0.00 0.00 12.02 14.52 0.00 0.00 0.00 0.00 0.00 0.00 0.00 0.00 0.00 0.00
5.55 5.18 0.00 0.00 2.92 0.00 0.00 0.00 0.00 2.63 0.00 0.00 0.00 0.00 0.00 0.00 0.00 4.02 4.02 4.38 3.43 3.07 4.16 4.60 3.43 0.00 3.21 0.00 0.00 0.00 0.00 0.00 0.00 0.00 0.00 2.04 1.31 0.00 0.00 0.00 0.00 0.00 0.00 0.00 0.00 0.00 9.13 11.61 13.21 17.30 19.13 20.44 16.57 11.01 12.91 17.69 17.99 17.67 13.78 17.18 18.05 10.49 6.16 0.00 0.00 0.00 0.00 0.00 0.00 0.00 0.00 0.00 0.00 8.56 12.62 13.06 12.22 0.00 0.00 0.00 0.00 0.00 0.00 0.00
5.11 6.57 7.66 6.06 0.00 5.40 0.00 0.00 0.00 0.00 0.00 0.00 0.00 0.00 0.00 0.00 0.00 0.00 0.00 0.00 0.00 0.00 0.00 0.00 3.72 3.65 0.00 1.97 1.53 0.00 0.00 0.00 0.00 3.94 0.00 2.12 0.00 0.00 0.00 4.74 12.05 7.81 2.63 2.63 2.34 0.00 12.41 15.04 21.02 21.68 20.66 19.71 15.40 11.01 10.13 10.38 6.81 10.09 16.04 14.44 15.15 13.38 10.76 0.00 0.00 0.00 0.00 0.00 0.00 0.00 0.00 0.00 0.00 8.31 8.25 15.11 0.00 0.00 0.00 0.00 0.00 0.00 0.00 0.00
3.21 3.14 0.00 7.59 0.00 6.42 7.23 5.55 3.80 5.91 0.00 0.00 0.00 0.00 0.00 0.00 0.00 0.00 0.00 0.00 0.00 0.00 0.00 0.00 0.00 0.00 0.00 0.00 0.00 0.00 0.00 0.00 0.00 2.70 0.00 0.00 0.00 0.00 0.00 12.05 25.11 20.15 15.77 15.77 14.16 14.16 13.72 15.26 18.76 19.09 19.04 19.79 17.43 17.01 12.05 10.42 10.00 7.88 6.76 9.94 10.71 13.83 21.40 12.92 0.00 0.00 0.00 0.00 0.00 0.00 0.00 0.00 0.00 0.00 4.04 12.05 0.00 0.00 0.00 0.00 0.00 0.00 0.00 0.00
4.53 0.00 0.00 5.99 7.96 10.15 11.17 7.96 6.28 3.87 0.00 4.53 0.00 0.00 0.00 1.53 0.95 0.00 0.00 0.00 0.00 2.99 3.72 2.19 0.00 3.50 3.94 3.72 2.19 3.07 0.00 0.00 2.41 4.16 0.00 0.00 0.00 7.37 10.80 6.35 4.82 9.05 16.43 16.43 19.13 18.98 19.56 21.90 17.08 14.31 13.09 9.06 5.58 5.23 4.08 5.01 9.00 10.89 12.60 13.87 10.78 5.45 11.46 18.06 9.05 0.00 0.00 0.00 0.00 0.00 0.00 0.00 0.00 12.29 12.73 11.83 0.00 0.00 0.00 0.00 0.00 0.00 0.00 0.00
6.72 7.96 10.88 12.78 11.97 14.97 13.14 5.77 0.00 0.00 0.00 4.23 0.00 1.90 2.85 0.00 1.17 0.00 0.00 0.00 0.00 4.38 0.00 0.00 3.14 5.18 5.77 4.09 2.56 3.07 2.70 1.83 2.92 8.18 6.57 0.00 11.46 8.83 3.87 2.12 4.09 8.61 11.83 11.83 17.81 17.16 18.32 17.23 10.69 10.27 9.41 7.19 5.51 3.97 0.62 0.00 3.80 4.66 6.78 9.68 10.84 10.36 10.93 5.79 1.75 6.57 0.00 0.00 0.00 0.00 0.00 0.00 0.00 7.21 12.97 8.61 0.00 0.00 0.00 0.00 0.00 0.00 0.00 0.00
10.00 9.71 8.47 3.50 8.83 11.53 12.78 6.42 0.00 0.00 0.00 0.00 2.85 3.65 2.70 2.77 1.68 2.70 2.70 2.99 3.29 3.36 1.83 2.12 2.26 1.46 1.10 1.31 2.34 2.63 2.70 1.68 2.56 5.77 7.23 7.30 4.31 0.00 1.17 1.24 2.41 2.26 5.33 5.33 8.83 11.97 12.56 10.99 11.52 9.15 5.15 3.25 8.38 9.73 7.38 3.27 1.09 2.62 2.02 3.52 8.40 12.81 11.24 4.45 0.37 2.83 10.58 0.00 0.00 0.00 0.00 0.00 0.00 0.00 13.10 12.31 0.00 0.00 0.00 0.00 0.00 0.00 0.00 0.00
0.00 5.48 9.27 0.00 2.04 6.28 8.47 8.95 0.00 0.00 0.00 0.00 0.00 0.00 4.45 0.00 2.56 2.48 2.48 1.97 2.77 1.02 0.15 0.66 0.66 0.15 0.00 0.22 1.53 2.34 3.21 0.51 0.00 3.21 5.62 5.77 0.00 0.00 1.68 0.00 0.00 0.00 0.00 0.00 3.50 6.20 7.88 13.13 14.31 9.36 7.22 6.06 6.21 10.80 9.94 5.75 0.00 0.00 2.16 5.00 6.78 9.92 11.81 14.53 10.66 0.62 5.94 7.85 7.56 0.00 0.00 0.00 0.00 0.00 11.01 0.00 0.00 0.00 0.00 0.00 0.00 0.00 0.00 0.00
0.00 0.00 0.00 0.00 0.00 6.50 6.79 7.66 6.28 1.68 0.00 0.00 0.00 0.00 0.00 0.00 1.68 1.31 1.31 1.83 1.61 0.44 0.66 1.61 0.00 0.00 0.00 0.00 0.88 0.66 2.70 0.00 0.00 0.51 0.29 0.66 0.22 3.50 2.26 0.00 0.00 0.00 0.00 0.00 2.04 1.46 8.69 14.31 14.75 12.99 11.56 11.01 11.16 8.42 7.06 0.00 0.00 0.00 0.00 9.31 7.19 7.72 11.03 15.46 15.04 1.43 5.50 11.30 11.36 0.00 0.00 0.00 0.00 0.00 0.00 0.00 0.00 0.00 0.00 0.00 0.00 0.00 0.00 0.00
0.00 0.00 0.00 0.00 0.00 6.50 10.15 9.93 9.56 6.57 6.50 3.43 0.00 0.00 0.00 0.00 0.00 0.51 0.51 1.10 0.51 0.95 1.68 0.95 0.00 0.15 0.00 0.00 0.00 0.00 0.00 0.80 1.03 1.10 0.07 0.00 0.00 0.22 0.00 0.00 0.00 0.00 0.00 0.00 0.00 1.24 5.80 7.74 9.78 12.19 10.07 10.67 10.40 5.70 0.00 0.00 0.00 0.00 0.00 9.65 8.81 7.21 11.21 12.87 11.46 12.99 9.97 10.28 12.03 0.00 0.00 0.00 0.00 0.00 0.00 0.00 0.00 0.00 0.00 0.00 0.00 0.00 14.44 0.00
0.00 0.00 0.00 0.00 0.00 0.00 6.42 7.66 8.69 9.71 7.66 0.00 3.72 0.00 0.00 0.00 0.00 0.00 0.00 0.00 0.00 0.37 0.00 0.00 0.00 0.00 0.00 0.00 0.00 0.00 0.00 0.00 0.00 0.00 0.00 0.00 0.00 0.00 0.00 0.00 0.00 0.37 0.37 0.37 0.88 2.56 0.66 0.00 1.26 3.95 6.22 7.43 0.00 0.00 0.00 0.00 0.00 0.00 0.00 0.00 9.46 6.47 4.77 9.42 9.45 10.45 14.87 1.48 1.65 10.08 0.00 0.00 0.00 0.00 0.00 0.00 0.00 0.00 0.00 0.00 0.00 0.00 0.00 0.00
0.00 0.00 0.00 0.00 0.00 0.00 0.00 4.53 8.32 8.76 5.99 3.50 7.01 8.03 7.59 6.97 5.75 0.00 0.00 0.00 0.00 0.00 0.00 0.00 0.00 0.44 0.00 0.00 0.00 0.00 0.00 0.00 0.00 0.00 0.00 0.00 0.00 0.00 0.00 0.00 0.00 0.00 1.24 1.24 0.73 0.95 0.00 0.00 1.68 7.30 10.35 0.00 0.00 0.00 0.00 0.00 0.00 0.00 0.00 0.00 0.00 11.04 5.51 5.03 11.41 6.97 7.92 3.21 3.28 6.10 0.00 0.00 0.00 0.00 0.00 0.00 0.00 0.00 0.00 0.00 0.00 0.00 0.00 0.00
0.00 0.00 0.00 0.00 0.00 0.00 0.00 0.00 8.69 7.96 5.69 9.34 8.25 9.13 8.32 8.80 7.30 6.13 5.72 0.00 0.00 0.22 0.00 0.00 0.00 0.00 0.00 0.00 0.00 0.88 0.00 0.00 0.00 0.00 0.00 0.00 0.00 0.00 0.00 0.00 0.73 0.00 3.07 3.07 2.85 0.73 0.37 2.09 7.26 10.37 0.00 0.00 0.00 0.00 0.00 0.00 0.00 0.00 0.00 0.00 0.00 0.00 10.13 3.04 8.19 7.78 13.52 10.62 12.98 5.58 0.00 0.00 0.00 0.00 0.00 0.00 0.00 0.00 0.00 0.00 0.00 0.00 0.00 0.00
0.00 0.00 0.00 0.00 0.00 0.00 0.00 0.00 0.00 0.00 0.00 0.00 0.00 0.00 0.00 3.80 5.26 9.33 9.47 12.99 8.98 10.37 7.52 5.77 1.75 2.19 5.18 0.00 0.00 0.00 0.00 0.00 0.00 0.00 5.04 5.69 4.74 5.26 5.48 4.33 4.36 5.75 5.04 5.04 6.28 1.24 2.41 6.09 0.00 0.00 0.00 0.00 0.00 0.00 0.00 0.00 0.00 0.00 0.00 0.00 0.00 0.00 0.00 0.00 15.55 15.33 4.00 5.58 6.23 0.00 0.00 0.00 0.00 0.00 0.00 0.00 0.00 0.00 0.00 0.00 0.00 0.00 0.00 0.00
0.00 0.00 0.00 0.00 0.00 0.00 0.00 0.00 0.00 0.00 0.00 0.00 0.00 0.00 0.00 0.00 0.00 0.00 0.00 5.62 7.42 8.02 10.66 11.39 9.86 6.76 9.13 7.30 4.09 5.77 6.35 6.42 5.40 0.00 3.43 7.66 8.25 13.80 11.32 6.35 4.53 10.25 8.10 9.05 9.13 7.15 9.49 12.35 0.00 0.00 0.00 0.00 0.00 0.00 0.00 0.00 0.00 0.00 0.00 0.00 0.00 0.00 0.00 0.00 0.00 0.00 0.00 0.00 0.00 0.00 0.00 0.00 0.00 0.00 0.00 0.00 0.00 0.00 0.00 0.00 0.00 0.00 0.00 0.00
0.00 0.00 0.00 0.00 0.00 0.00 0.00 0.00 0.00 0.00 0.00 0.00 0.00 0.00 0.00 0.00 0.00 0.00 0.00 0.00 0.00 3.29 9.42 8.40 12.41 1.17 9.16 11.68 14.09 10.73 9.49 11.75 8.08 6.79 0.00 0.00 0.00 8.91 0.00 0.00 0.00 0.00 0.00 0.00 10.45 10.91 10.05 0.00 0.00 0.00 0.00 0.00 0.00 0.00 0.00 0.00 0.00 0.00 0.00 0.00 0.00 0.00 0.00 0.00 0.00 0.00 0.00 0.00 0.00 0.00 0.00 0.00 0.00 0.00 0.00 0.00 0.00 0.00 0.00 0.00 0.00 0.00 0.00 0.00
0.00 0.00 0.00 0.00 0.00 0.00 0.00 0.00 0.00 0.00 0.00 0.00 0.00 0.00 0.00 0.00 0.00 0.00 0.00 0.00 0.00 0.00 1.31 2.04 3.43 0.00 8.25 9.42 10.15 5.26 4.23 10.01 9.52 0.00 0.00 0.00 0.00 0.00 0.00 0.00 0.00 0.00 0.00 0.00 0.00 0.00 0.00 0.00 0.00 0.00 0.00 0.00 0.00 0.00 0.00 0.00 0.00 0.00 0.00 0.00 0.00 0.00 0.00 0.00 0.00 0.00 0.00 0.00 0.00 0.00 0.00 0.00 0.00 0.00 0.00 0.00 0.00 0.00 0.00 0.00 0.00 0.00 0.00 0.00
