Wansh/Snow_depth/snowdepth-1981/spring/1981090.txt
ncols 321
nrows 161
xllcenter 60
yllcenter 15 
cellsize  0.25 
NODATA_value -1
[rows 0 to 36 of 161, columns 84 to 167 of 321]
0.00 0.00 0.00 0.00 24.24 0.00 0.00 0.00 0.00 0.00 0.00 0.00 0.00 0.00 0.00 0.00 0.00 0.00 0.00 0.00 0.00 0.00 0.00 0.00 0.00 0.00 0.00 0.00 0.00 0.00 0.00 0.00 0.00 0.00 0.00 0.00 0.00 0.00 0.00 5.48 7.81 8.18 8.10 8.10 6.28 0.00 0.00 0.00 0.00 0.00 0.00 0.00 0.00 0.00 0.00 0.00 0.00 0.00 0.00 0.00 0.00 0.00 0.00 0.00 0.00 0.00 0.00 0.00 0.00 0.00 0.00 0.00 14.02 12.26 9.56 7.96 12.70 18.83 21.32 20.22 13.65 9.71 11.39 13.94
0.00 20.44 19.42 0.00 0.00 0.00 0.00 0.00 0.00 0.00 0.00 0.00 0.00 0.00 0.00 0.00 0.00 0.00 0.00 0.00 0.00 0.00 0.00 0.00 0.00 0.00 0.00 0.00 0.00 0.00 0.00 0.00 0.00 0.00 0.00 0.00 0.00 0.00 0.00 2.41 7.88 11.24 10.44 10.44 0.00 0.00 0.00 0.00 0.00 0.00 0.00 0.00 0.00 0.00 0.00 0.00 0.00 0.00 0.00 0.00 0.00 0.00 0.00 0.00 0.00 0.00 4.23 6.06 6.06 0.00 0.00 15.18 15.91 14.97 17.08 19.35 19.56 22.27 22.34 18.18 17.45 14.67 13.51 13.58
0.00 0.00 0.00 0.00 0.00 0.00 0.00 0.00 0.00 0.00 6.06 6.86 5.77 4.02 4.09 2.56 0.00 0.00 0.00 0.00 0.00 0.00 0.00 0.00 0.00 0.00 0.00 0.00 0.00 0.00 0.00 0.00 0.00 0.00 0.00 0.00 0.00 0.00 0.00 0.00 0.00 10.80 13.51 13.51 16.50 17.30 0.00 0.00 0.00 0.00 0.00 0.00 0.00 0.00 0.00 0.00 0.00 0.00 0.00 0.00 0.00 0.00 13.36 11.10 9.78 8.61 11.61 14.60 14.60 12.12 11.61 10.88 13.14 16.50 20.15 23.80 23.21 25.19 25.26 25.40 27.59 30.22 28.76 22.85
0.00 0.00 0.00 0.00 0.00 0.00 0.00 0.00 0.00 0.00 6.06 6.86 5.77 4.02 4.09 2.56 0.00 0.00 0.00 0.00 0.00 0.00 0.00 0.00 0.00 0.00 0.00 0.00 0.00 0.00 0.00 0.00 0.00 0.00 0.00 0.00 0.00 0.00 0.00 0.00 0.00 10.80 13.51 13.51 16.50 17.30 0.00 0.00 0.00 0.00 0.00 0.00 0.00 0.00 0.00 0.00 0.00 0.00 0.00 0.00 0.00 0.00 13.36 11.10 9.78 8.61 11.61 14.60 14.60 12.12 11.61 10.88 13.14 16.50 20.15 23.80 23.21 25.19 25.26 25.40 27.59 30.22 28.76 22.85
0.00 0.00 0.00 0.00 0.00 0.00 0.00 0.00 0.00 0.00 0.00 0.00 0.00 0.00 0.00 0.00 0.00 0.00 0.00 0.00 0.00 0.00 0.00 0.00 13.07 0.00 0.00 0.00 0.00 0.00 0.00 7.52 0.00 0.00 0.00 0.00 0.00 0.00 0.00 0.00 0.00 0.00 3.21 3.21 6.20 11.61 11.83 0.00 0.00 0.00 0.00 0.00 0.00 0.00 0.00 0.00 0.00 10.15 11.75 13.36 15.26 16.50 16.06 14.16 15.62 16.64 16.35 15.26 15.26 16.86 15.70 16.86 13.51 16.35 19.27 23.80 25.70 25.70 21.90 20.00 22.70 25.40 28.47 26.50
0.00 0.00 0.00 0.00 0.00 0.00 0.00 0.00 0.00 0.00 0.00 0.00 0.00 0.00 0.00 0.00 11.61 9.49 9.49 7.23 0.00 0.00 0.00 0.00 0.00 0.00 0.00 0.00 0.00 0.00 0.00 0.00 0.00 0.00 0.00 0.00 0.00 0.00 0.00 0.00 0.00 0.00 0.00 0.00 0.00 0.00 0.00 0.00 0.00 0.00 0.00 0.00 0.00 0.00 0.00 0.00 0.00 6.94 9.93 12.56 15.48 16.21 19.35 21.61 21.02 20.59 21.32 17.37 17.37 14.75 15.04 15.99 14.82 12.92 12.34 12.92 13.87 12.78 15.33 17.30 17.96 19.78 21.02 23.36
0.00 0.00 0.00 0.00 0.00 0.00 0.00 0.00 0.00 0.00 0.00 0.00 0.00 0.00 15.11 14.60 14.24 13.58 13.58 12.78 0.00 0.00 0.00 0.00 0.00 0.00 0.00 0.00 0.00 0.00 0.00 0.00 0.00 0.00 0.00 0.00 0.00 0.00 0.00 0.00 0.00 0.00 0.00 0.00 0.00 0.00 0.00 0.00 0.00 0.00 0.00 0.00 0.00 0.00 0.00 0.00 9.20 11.24 10.95 11.17 14.53 19.05 23.94 22.41 22.12 22.85 20.08 20.22 20.22 17.52 16.35 16.94 17.37 17.45 15.18 13.36 11.90 8.91 8.18 11.61 17.96 19.35 21.32 23.07
0.00 0.00 0.00 0.00 0.00 0.00 0.00 0.00 0.00 0.00 0.00 0.00 0.00 0.00 15.11 14.60 14.24 13.58 13.58 12.78 0.00 0.00 0.00 0.00 0.00 0.00 0.00 0.00 0.00 0.00 0.00 0.00 0.00 0.00 0.00 0.00 0.00 0.00 0.00 0.00 0.00 0.00 0.00 0.00 0.00 0.00 0.00 0.00 0.00 0.00 0.00 0.00 0.00 0.00 0.00 0.00 9.20 11.24 10.95 11.17 14.53 19.05 23.94 22.41 22.12 22.85 20.08 20.22 20.22 17.52 16.35 16.94 17.37 17.45 15.18 13.36 11.90 8.91 8.18 11.61 17.96 19.35 21.32 23.07
0.00 0.00 0.00 0.00 0.00 0.00 0.00 0.00 0.00 0.00 0.00 0.00 0.00 15.55 17.67 17.45 14.09 11.02 11.02 5.77 0.00 0.00 0.00 0.00 0.00 0.00 0.00 0.00 0.00 0.00 0.00 0.00 0.00 0.00 0.00 0.00 0.00 0.00 0.00 0.00 0.00 0.00 0.00 0.00 0.00 0.00 0.00 0.00 0.00 0.00 0.00 0.00 0.00 0.00 0.00 0.00 6.79 9.20 11.32 13.51 14.60 16.72 19.71 18.98 20.44 22.05 25.19 21.68 21.68 20.08 20.73 20.88 20.44 20.22 19.27 17.89 15.77 14.97 13.87 11.24 11.61 13.80 15.91 20.44
0.00 0.00 0.00 0.00 0.00 0.00 0.00 16.50 16.43 12.12 10.29 9.34 11.53 14.02 15.70 13.87 12.34 0.00 0.00 4.60 8.83 0.00 0.00 0.00 0.00 0.00 0.00 0.00 0.00 0.00 0.00 0.00 0.00 0.00 0.00 0.00 0.00 0.00 0.00 0.00 0.00 0.00 0.00 0.00 0.00 0.00 0.00 0.00 0.00 0.00 0.00 0.00 0.00 0.00 0.00 0.00 8.32 7.81 11.02 11.39 12.56 12.19 12.26 13.80 16.86 15.18 13.58 14.53 14.53 14.97 16.50 18.10 20.08 19.27 15.55 17.74 20.81 21.61 20.22 15.99 12.92 11.97 11.68 12.85
7.88 9.34 0.00 0.00 0.00 14.53 12.56 12.34 10.80 8.91 7.88 11.39 11.10 10.00 8.18 5.69 5.40 0.00 0.00 5.11 14.38 0.00 0.00 0.00 0.00 0.00 0.00 0.00 0.00 0.00 0.00 0.00 0.00 0.00 0.00 0.00 0.00 0.00 0.00 0.00 0.00 0.00 0.00 0.00 0.00 0.00 0.00 0.00 0.00 10.29 10.29 12.70 13.65 10.51 8.91 11.24 14.53 13.58 10.51 12.85 16.94 17.30 13.51 13.21 14.75 17.30 18.25 17.89 17.89 19.71 17.16 17.81 20.51 20.15 18.98 19.71 25.70 28.84 23.58 17.59 13.72 12.05 11.32 8.69
7.88 9.34 0.00 0.00 0.00 14.53 12.56 12.34 10.80 8.91 7.88 11.39 11.10 10.00 8.18 5.69 5.40 0.00 0.00 5.11 14.38 0.00 0.00 0.00 0.00 0.00 0.00 0.00 0.00 0.00 0.00 0.00 0.00 0.00 0.00 0.00 0.00 0.00 0.00 0.00 0.00 0.00 0.00 0.00 0.00 0.00 0.00 0.00 0.00 10.29 10.29 12.70 13.65 10.51 8.91 11.24 14.53 13.58 10.51 12.85 16.94 17.30 13.51 13.21 14.75 17.30 18.25 17.89 17.89 19.71 17.16 17.81 20.51 20.15 18.98 19.71 25.70 28.84 23.58 17.59 13.72 12.05 11.32 8.69
12.56 14.82 15.26 11.61 10.29 8.69 7.66 7.59 0.00 0.00 5.33 6.28 7.23 7.96 11.46 15.26 0.00 4.89 4.89 15.55 0.00 0.00 0.00 0.00 0.00 0.00 0.00 0.00 0.00 0.00 0.00 0.00 0.00 0.00 0.00 0.00 9.71 6.94 7.45 0.00 10.22 12.92 10.29 10.29 7.15 6.42 0.00 0.00 12.41 16.06 24.53 25.77 18.18 10.29 9.86 13.21 18.25 20.95 21.53 16.72 16.13 14.31 13.72 13.72 14.75 15.77 17.08 19.56 19.56 21.24 21.83 21.97 23.00 25.19 27.01 27.45 27.30 27.08 24.97 19.86 18.18 18.25 16.57 14.67
15.91 17.74 12.05 6.06 3.80 3.87 4.96 7.45 8.54 9.13 9.49 11.83 14.97 17.52 18.69 19.78 0.00 0.00 0.00 0.00 0.00 0.00 0.00 0.00 0.00 0.00 0.00 0.00 0.00 7.08 5.18 10.44 13.29 10.88 11.39 15.11 16.79 12.92 10.80 13.80 12.99 11.68 9.05 9.05 7.88 9.05 11.39 14.38 13.07 14.89 17.89 16.21 13.29 11.24 10.95 13.36 14.97 15.33 15.84 15.84 15.84 12.56 14.38 18.54 17.30 16.72 18.61 21.46 21.46 23.87 25.33 25.48 25.92 25.77 26.43 28.25 27.38 25.40 24.60 20.59 17.89 16.28 16.13 14.53
16.43 9.78 8.83 8.03 6.64 5.77 5.62 8.98 12.63 15.33 15.18 16.06 19.42 23.73 24.53 25.04 0.00 0.00 0.00 0.00 0.00 0.00 0.00 0.00 0.00 0.00 9.93 11.75 12.99 17.08 21.10 23.07 22.48 20.81 19.13 19.78 17.08 15.99 14.16 14.53 15.40 18.18 17.89 17.89 12.85 13.36 15.40 16.43 14.09 12.78 12.05 13.07 15.11 20.00 27.67 30.30 26.43 18.98 8.61 8.98 12.26 18.47 18.76 22.70 23.21 20.81 19.71 19.64 19.64 22.19 24.02 23.51 24.45 21.90 21.24 16.94 10.95 6.50 6.06 9.56 12.92 12.85 13.43 15.26
8.54 9.13 11.83 15.33 12.70 8.61 9.05 9.71 10.22 11.17 12.70 13.29 14.67 14.45 15.55 0.00 0.00 0.00 0.00 0.00 0.00 0.00 0.00 0.00 13.21 13.65 12.26 14.09 17.59 20.00 23.94 26.94 22.41 19.35 17.30 14.67 13.80 14.97 18.25 23.73 26.43 22.78 17.37 17.37 13.87 12.85 11.53 11.10 12.12 16.13 18.91 17.89 20.08 27.23 34.24 34.24 27.89 16.94 8.03 5.55 7.66 6.94 8.69 11.02 13.21 17.52 19.78 18.69 18.69 21.17 23.65 22.12 14.60 12.05 13.87 16.57 11.39 0.00 0.00 13.43 16.72 16.79 17.74 24.02
8.54 9.13 11.83 15.33 12.70 8.61 9.05 9.71 10.22 11.17 12.70 13.29 14.67 14.45 15.55 0.00 0.00 0.00 0.00 0.00 0.00 0.00 0.00 0.00 13.21 13.65 12.26 14.09 17.59 20.00 23.94 26.94 22.41 19.35 17.30 14.67 13.80 14.97 18.25 23.73 26.43 22.78 17.37 17.37 13.87 12.85 11.53 11.10 12.12 16.13 18.91 17.89 20.08 27.23 34.24 34.24 27.89 16.94 8.03 5.55 7.66 6.94 8.69 11.02 13.21 17.52 19.78 18.69 18.69 21.17 23.65 22.12 14.60 12.05 13.87 16.57 11.39 0.00 0.00 13.43 16.72 16.79 17.74 24.02
9.71 10.44 12.48 13.51 14.45 13.65 8.98 7.74 8.83 10.51 11.61 13.29 14.82 14.38 12.34 0.00 0.00 16.72 16.72 16.06 0.00 0.00 0.00 0.00 14.97 14.31 11.32 13.07 13.87 16.94 19.35 20.88 20.37 17.16 13.87 11.24 14.89 16.94 16.94 17.08 15.11 13.80 11.46 11.46 13.72 18.40 20.88 17.81 15.48 15.40 15.84 13.43 13.36 16.43 19.78 21.24 17.08 10.07 6.72 4.74 11.97 12.56 10.07 8.98 12.78 16.72 17.81 21.46 21.46 24.09 23.00 18.69 12.19 9.49 14.97 15.33 7.81 0.00 0.00 13.51 13.21 7.37 12.41 15.70
14.67 20.29 25.84 25.26 26.86 23.65 17.23 13.21 11.02 10.66 10.44 11.61 18.18 20.66 16.57 0.00 0.00 15.84 15.84 16.86 15.40 11.02 8.32 11.17 13.80 16.72 16.64 17.89 16.72 16.57 18.40 21.53 27.16 24.38 17.81 14.16 13.72 13.94 13.07 15.84 16.64 18.76 22.05 22.05 23.58 27.52 27.89 25.33 21.46 20.44 21.39 21.75 21.61 19.42 19.86 19.27 11.83 10.37 10.07 18.25 21.97 23.00 20.00 16.57 15.77 18.10 19.05 22.78 22.78 27.01 26.21 21.75 14.60 12.12 11.32 9.56 4.74 0.00 5.48 5.26 6.64 8.25 9.13 11.39
0.00 4.96 10.22 15.70 21.68 27.30 26.21 17.81 10.80 12.48 14.24 13.58 14.60 16.64 17.16 17.23 19.05 23.58 23.58 23.14 20.59 15.04 11.17 10.37 13.65 18.32 20.88 21.17 19.05 19.42 22.12 25.40 26.28 25.33 23.73 18.69 12.34 9.34 9.13 10.73 14.82 23.21 32.92 32.92 35.62 37.08 30.00 25.26 24.09 26.65 28.25 27.16 24.67 22.34 23.00 24.09 24.09 21.02 18.18 21.75 27.01 32.78 26.57 21.83 18.10 19.35 25.77 28.84 28.84 25.11 20.66 19.86 17.52 13.87 10.07 3.58 3.21 4.02 4.89 4.60 6.06 8.25 8.10 7.74
0.00 0.00 0.00 0.00 9.64 12.99 16.35 17.01 16.06 16.13 17.37 19.20 18.61 16.64 16.64 17.16 17.30 18.76 18.76 19.93 18.76 16.43 15.26 13.29 16.79 20.29 20.08 19.56 14.97 12.85 15.77 19.42 21.83 19.20 14.38 10.66 9.20 8.32 9.49 9.71 12.56 18.32 30.66 30.66 42.78 42.12 36.57 35.99 37.23 34.82 31.39 27.01 26.43 27.38 29.93 30.95 29.20 27.01 26.65 24.53 23.14 24.89 24.89 23.29 23.07 25.62 29.13 28.69 28.69 16.35 8.61 7.37 9.13 9.78 8.25 4.96 4.53 5.84 6.64 6.42 6.20 7.88 9.20 8.69
0.00 0.00 7.08 9.56 6.94 6.50 11.10 18.47 24.09 28.69 30.66 31.10 30.22 29.35 23.94 18.83 20.95 20.51 20.51 20.29 22.12 20.95 20.44 22.12 23.00 26.28 25.19 21.39 16.86 12.92 11.75 13.14 16.64 17.52 12.78 5.84 0.00 0.00 7.96 12.12 12.70 11.02 13.29 13.29 21.90 24.02 23.80 28.03 31.97 29.35 31.03 31.10 31.10 37.16 37.60 33.80 32.05 27.38 28.40 28.40 24.60 25.48 25.77 25.70 24.67 26.13 26.79 20.59 20.59 12.48 7.23 0.00 3.50 2.85 2.12 2.48 4.02 5.04 4.60 3.29 4.09 6.94 6.57 6.72
0.00 0.00 7.08 9.56 6.94 6.50 11.10 18.47 24.09 28.69 30.66 31.10 30.22 29.35 23.94 18.83 20.95 20.51 20.51 20.29 22.12 20.95 20.44 22.12 23.00 26.28 25.19 21.39 16.86 12.92 11.75 13.14 16.64 17.52 12.78 5.84 0.00 0.00 7.96 12.12 12.70 11.02 13.29 13.29 21.90 24.02 23.80 28.03 31.97 29.35 31.03 31.10 31.10 37.16 37.60 33.80 32.05 27.38 28.40 28.40 24.60 25.48 25.77 25.70 24.67 26.13 26.79 20.59 20.59 12.48 7.23 0.00 3.50 2.85 2.12 2.48 4.02 5.04 4.60 3.29 4.09 6.94 6.57 6.72
0.00 0.00 0.00 12.12 13.80 12.19 14.31 17.81 21.90 27.23 31.17 32.92 33.14 30.66 28.32 22.92 23.14 18.61 18.61 17.45 19.20 17.96 21.75 24.75 26.35 26.72 26.57 26.21 24.38 16.43 10.37 6.57 6.35 6.72 7.96 5.40 4.45 6.35 0.00 8.76 8.25 5.55 4.53 4.53 6.06 4.96 4.60 8.10 12.92 12.78 11.53 12.78 15.55 21.97 22.63 26.35 31.46 22.78 23.36 25.55 23.94 22.56 25.62 28.18 26.35 23.94 23.51 22.27 22.27 22.92 20.44 13.36 10.22 7.66 5.77 4.60 4.60 3.65 2.99 3.07 3.43 2.19 1.68 2.04
4.45 7.37 8.61 12.34 16.13 18.03 23.00 28.03 31.39 30.37 31.68 32.19 0.00 22.78 22.05 22.85 20.88 21.68 21.68 18.61 17.89 24.89 24.38 22.05 21.20 20.73 19.17 18.40 17.01 13.51 9.13 6.79 4.02 3.65 0.00 0.00 3.29 0.00 0.00 0.00 0.00 0.00 0.00 0.00 0.00 0.00 0.00 0.00 10.22 14.09 10.66 4.02 4.16 5.77 6.79 14.89 18.25 18.98 21.83 23.36 22.56 21.75 25.84 28.40 27.38 25.04 21.10 20.81 20.81 23.94 25.55 21.46 15.70 11.90 6.94 3.65 3.72 2.92 2.26 4.82 7.81 0.00 0.00 0.00
18.18 24.60 24.31 25.04 25.77 27.74 31.24 33.51 33.73 26.21 17.81 18.10 0.00 0.00 0.00 19.86 24.97 27.23 27.23 28.47 27.38 28.18 27.45 26.19 25.40 22.05 21.86 23.78 25.40 23.36 16.13 10.22 6.86 4.82 0.00 0.00 2.99 2.48 3.14 2.56 0.00 2.92 2.19 2.19 0.00 0.00 2.34 0.00 0.00 0.00 0.00 0.00 0.00 0.00 0.00 8.40 12.70 17.89 22.85 25.33 21.83 17.74 20.00 19.05 19.42 20.51 18.91 20.15 20.15 20.66 19.93 17.01 13.14 9.20 5.77 4.23 4.45 3.58 4.53 5.55 0.00 0.00 0.00 0.00
22.70 24.53 27.74 29.42 26.50 24.97 27.59 22.34 7.52 1.90 0.00 0.44 0.00 0.00 0.00 0.00 0.00 0.00 0.00 0.00 13.65 17.71 21.22 22.13 22.16 21.03 24.72 24.11 24.99 21.75 16.79 12.85 11.68 6.42 4.74 5.33 5.04 5.18 4.60 3.80 2.77 0.00 1.90 1.90 0.00 0.00 2.77 2.99 3.07 0.00 0.00 0.00 0.00 0.00 0.00 0.00 6.06 9.13 9.93 18.18 19.05 13.87 16.21 12.92 9.71 15.33 19.93 21.53 21.53 20.00 20.51 18.83 16.21 12.70 11.68 12.41 9.78 7.81 8.91 6.42 1.53 0.00 0.00 0.00
20.66 19.35 25.99 24.82 24.67 23.21 16.64 7.66 0.00 0.00 0.00 0.00 0.00 0.00 0.00 0.00 0.00 0.00 0.00 0.00 0.00 0.00 0.00 0.00 11.56 12.85 19.87 21.90 25.57 25.96 23.26 22.05 20.29 17.08 12.99 11.10 8.54 5.77 4.96 0.00 0.00 2.70 0.00 0.00 0.00 0.00 0.00 0.00 0.00 0.00 0.00 0.00 0.00 0.00 0.00 0.00 0.00 0.00 5.99 14.82 19.35 19.20 20.29 17.08 11.02 19.13 26.94 26.13 26.13 23.14 20.29 17.96 16.79 15.70 14.89 13.65 7.88 3.36 5.55 5.84 2.85 2.92 3.50 6.06
20.66 19.35 25.99 24.82 24.67 23.21 16.64 7.66 0.00 0.00 0.00 0.00 0.00 0.00 0.00 0.00 0.00 0.00 0.00 0.00 0.00 0.00 0.00 0.00 11.39 12.85 19.27 20.35 23.89 26.35 23.49 22.96 22.80 18.08 13.33 11.10 8.54 5.77 4.96 0.00 0.00 2.70 0.00 0.00 0.00 0.00 0.00 0.00 0.00 0.00 0.00 0.00 0.00 0.00 0.00 0.00 0.00 0.00 5.99 14.82 19.35 19.20 20.29 17.08 11.02 19.13 26.94 26.13 26.13 23.14 20.29 17.96 16.79 15.70 14.89 13.65 7.88 3.36 5.55 5.84 2.85 2.92 3.50 6.06
18.25 20.29 23.51 23.73 30.08 32.12 23.21 8.83 2.41 0.00 0.00 0.00 0.00 0.00 0.00 0.00 0.00 0.00 0.00 0.00 0.00 0.00 0.00 0.00 0.00 0.00 0.00 8.51 11.17 17.24 20.35 18.53 22.32 28.26 24.23 19.82 12.76 6.50 4.02 3.07 0.00 0.00 2.85 2.85 0.00 0.00 3.29 0.00 0.00 0.00 0.00 0.00 0.00 0.00 0.00 0.00 0.00 0.00 3.80 7.66 12.56 14.75 19.05 23.14 23.00 22.78 24.02 23.43 23.43 19.05 13.21 13.94 13.94 13.72 14.60 9.20 3.43 1.68 3.07 3.14 2.12 2.34 0.00 0.00
20.88 19.42 15.11 14.02 13.65 18.03 24.38 28.11 25.92 18.54 0.00 0.00 0.00 0.00 0.00 0.00 0.00 0.00 0.00 0.00 0.00 0.00 0.00 0.00 0.00 0.00 0.00 0.00 0.00 0.00 7.66 10.88 14.16 21.46 26.35 25.73 20.68 12.69 4.60 3.94 3.50 3.58 3.43 3.43 0.00 0.00 3.07 2.26 1.46 0.00 0.00 0.00 0.00 0.00 0.00 0.00 0.00 0.00 0.00 0.00 2.85 0.00 12.85 21.97 25.40 21.83 19.78 20.66 20.66 17.74 15.77 14.53 13.43 15.62 15.84 10.15 3.07 1.83 2.41 2.34 0.51 0.00 0.00 0.00
17.16 21.17 20.29 17.59 12.56 6.86 9.86 14.24 13.29 10.66 0.00 0.00 0.00 0.00 0.00 0.00 0.00 0.00 0.00 0.00 0.00 0.00 0.00 0.00 0.00 0.00 0.00 0.00 0.00 0.00 0.00 0.00 10.00 15.26 20.67 23.41 27.27 21.32 15.91 12.05 11.32 7.52 3.14 3.14 0.00 2.85 0.00 0.00 0.00 0.00 4.53 0.00 0.00 0.00 0.00 0.00 0.00 0.00 0.00 0.00 0.00 0.00 12.92 21.02 22.92 19.35 16.50 16.43 16.43 14.16 10.95 11.17 9.71 9.05 8.32 7.96 6.72 7.66 6.50 4.74 5.33 5.04 0.00 0.00
0.00 3.94 6.57 10.44 14.38 18.25 20.73 21.90 20.66 16.21 0.00 0.00 0.00 0.00 0.00 15.04 13.36 8.91 8.91 0.00 0.00 0.00 0.00 0.00 0.00 0.00 0.00 0.00 0.00 0.00 0.00 0.00 0.00 0.00 11.75 20.00 26.31 26.63 23.32 16.52 12.85 10.22 5.40 5.40 3.94 3.65 0.00 0.00 0.00 0.00 0.00 0.00 0.00 0.00 0.00 0.00 0.00 0.00 0.00 0.00 0.00 0.00 7.88 13.87 13.21 10.37 11.17 9.78 9.78 6.42 3.43 2.34 0.00 0.00 3.50 7.37 10.29 11.53 11.90 10.59 11.68 9.27 5.99 4.45
0.00 0.00 0.00 0.00 0.00 0.00 4.09 6.06 10.18 0.00 0.00 0.00 0.00 10.88 12.19 9.64 4.89 0.00 0.00 0.00 0.00 0.00 0.00 0.00 0.00 0.00 0.00 0.00 0.00 0.00 0.00 0.00 0.00 0.00 0.00 12.92 15.18 17.74 22.83 19.09 11.81 10.15 7.88 7.88 5.04 4.31 0.00 0.00 0.00 0.00 0.00 0.00 0.00 0.00 0.00 0.00 0.00 3.65 4.53 4.45 3.21 0.00 0.58 2.56 2.56 1.39 5.33 5.04 5.04 2.04 0.00 0.00 0.00 2.19 0.00 2.48 5.18 8.69 10.59 8.91 9.42 6.79 5.55 5.62
0.00 0.00 0.00 0.00 0.00 0.00 0.00 0.00 0.00 0.00 0.00 0.00 0.00 9.27 3.72 0.00 0.00 0.00 0.00 0.00 0.00 0.00 0.00 0.00 0.00 0.00 0.00 0.00 0.00 0.00 0.00 0.00 0.00 0.00 0.00 0.00 2.26 2.95 7.08 11.53 9.73 10.59 10.80 10.80 5.62 0.00 5.55 6.13 4.53 0.00 3.94 0.00 0.00 0.00 0.00 0.00 0.00 0.00 3.80 4.09 4.60 3.58 0.00 0.00 0.00 0.00 0.00 2.48 2.48 0.00 0.00 0.00 1.61 1.97 1.46 0.00 0.00 1.46 3.72 3.65 7.01 7.01 6.42 6.06
0.00 0.00 0.00 0.00 0.00 0.00 0.00 0.00 0.00 0.00 0.00 0.00 0.00 9.27 3.72 0.00 0.00 0.00 0.00 0.00 0.00 0.00 0.00 0.00 0.00 0.00 0.00 0.00 0.00 0.00 0.00 0.00 0.00 0.00 0.00 0.00 2.26 2.93 7.15 11.53 9.64 10.59 10.80 10.80 5.62 0.00 5.55 6.13 4.53 0.00 3.94 0.00 0.00 0.00 0.00 0.00 0.00 0.00 3.80 4.09 4.60 3.58 0.00 0.00 0.00 0.00 0.00 2.48 2.48 0.00 0.00 0.00 1.61 1.97 1.46 0.00 0.00 1.46 3.72 3.65 7.01 7.01 6.42 6.06
0.00 0.00 0.00 0.00 0.00 0.00 5.11 4.30 0.00 0.00 0.00 0.00 0.00 0.00 0.00 0.00 0.00 0.00 0.00 0.00 0.00 0.00 0.00 0.00 0.00 0.00 0.00 0.00 0.00 0.00 0.00 0.00 0.00 0.00 0.00 0.00 0.00 0.00 0.00 1.97 1.61 0.00 0.00 0.00 0.00 0.00 5.26 8.10 11.46 7.59 5.40 3.80 0.00 0.00 0.00 0.00 0.00 0.00 0.00 0.00 0.00 3.58 3.80 4.96 4.31 2.85 0.00 0.00 0.00 0.00 0.00 0.00 0.29 2.04 0.00 0.66 0.00 0.00 0.00 0.00 4.23 4.67 0.00 0.00
