Wansh/Snow_depth/snowdepth-1992/spring/1992084.txt
ncols 321
nrows 161
xllcenter 60
yllcenter 15 
cellsize  0.25 
NODATA_value -1
[rows 0 to 36 of 161, columns 0 to 83 of 321]
15.70 15.70 14.53 19.35 19.56 20.00 19.64 20.59 20.81 20.51 20.66 19.86 20.22 20.37 19.49 18.83 18.98 19.27 19.13 20.15 20.15 22.85 22.12 22.41 20.81 17.30 17.30 17.52 17.30 18.76 18.69 18.54 17.30 16.79 16.94 16.94 17.74 18.61 19.56 20.95 17.23 17.23 18.54 18.18 17.08 18.76 21.02 20.08 22.12 22.78 21.46 21.46 21.24 21.17 20.37 20.51 21.39 21.32 22.85 22.56 23.36 21.75 21.61 22.05 19.71 22.12 21.97 23.07 23.07 21.02 22.70 23.14 23.29 23.65 23.58 24.31 24.31 24.45 25.70 24.45 24.31 25.99 26.50 26.35
18.40 18.40 17.81 19.35 20.15 21.17 20.29 20.29 21.10 20.44 20.08 20.15 20.00 20.15 18.69 19.20 17.52 17.45 17.37 18.25 17.89 19.13 19.13 18.69 14.09 12.78 12.78 13.51 13.21 13.94 16.50 17.37 15.70 15.33 16.86 17.89 18.54 18.54 18.47 19.49 18.76 16.64 16.21 16.94 16.35 17.23 15.70 17.74 18.83 18.32 20.22 20.22 20.73 17.89 17.81 18.69 20.37 20.29 19.78 21.75 21.32 21.46 18.18 18.47 18.54 17.23 18.61 18.25 20.37 22.56 22.56 23.51 23.65 24.97 25.70 25.04 25.04 26.50 26.79 26.72 26.28 26.21 26.50 24.60
17.08 17.08 17.45 18.83 20.44 20.44 19.27 20.00 19.71 19.49 20.00 19.93 19.56 16.94 16.21 16.21 15.70 15.40 15.33 16.21 14.31 12.78 13.21 13.21 9.78 9.20 9.20 10.29 9.86 9.20 14.09 13.21 13.65 13.94 15.04 14.45 16.50 16.50 16.43 17.52 13.43 15.62 11.17 12.05 12.19 11.97 13.94 14.97 16.57 14.45 14.09 14.09 15.04 15.77 14.82 16.43 16.35 18.40 18.61 19.56 19.13 18.98 18.69 17.81 17.01 16.94 18.47 20.22 19.86 19.49 21.32 21.39 22.05 24.09 25.11 25.04 25.04 24.89 25.99 25.11 25.26 22.92 25.04 23.00
17.08 17.08 17.45 18.83 20.44 20.44 19.27 20.00 19.71 19.49 20.00 19.93 19.56 16.94 16.21 16.21 15.70 15.40 15.33 16.21 14.31 12.78 13.21 13.21 9.78 9.20 9.20 10.29 9.86 9.20 14.09 13.21 13.65 13.94 15.04 14.45 16.50 16.50 16.43 17.52 13.43 15.62 11.17 12.05 12.19 11.97 13.94 14.97 16.57 14.45 14.09 14.09 15.04 15.77 14.82 16.43 16.35 18.40 18.61 19.56 19.13 18.98 18.69 17.81 17.01 16.94 18.47 20.22 19.86 19.49 21.32 21.39 22.05 24.09 25.11 25.04 25.04 24.89 25.99 25.11 25.26 22.92 25.04 23.00
17.74 17.74 16.72 18.61 17.96 21.10 20.66 21.46 18.40 16.43 16.86 16.13 15.91 15.70 15.70 13.94 15.77 15.55 15.26 14.38 14.60 13.36 10.95 8.91 7.74 6.42 6.42 6.50 6.94 6.79 11.17 8.54 10.22 12.12 12.34 11.97 13.72 10.37 10.22 11.53 11.83 10.66 9.27 9.78 10.22 9.78 10.15 9.93 10.66 11.97 11.61 11.61 13.21 10.37 12.70 14.89 14.97 13.65 16.35 15.48 19.27 19.71 19.20 19.20 20.15 19.56 19.42 19.71 18.32 18.25 19.27 20.51 20.51 21.17 21.10 23.73 23.73 23.80 23.51 24.09 21.75 22.27 20.51 20.81
17.81 17.81 18.18 18.25 21.46 21.17 21.97 18.10 17.23 16.72 14.82 14.24 14.02 14.09 14.24 14.09 14.97 15.99 15.48 13.51 13.94 11.61 10.80 9.27 9.86 5.69 5.69 6.20 5.77 7.66 8.47 8.25 9.78 12.41 13.36 12.48 11.17 11.17 11.32 10.59 10.51 9.13 9.86 8.83 10.07 9.42 8.32 8.54 9.05 8.18 9.93 9.93 9.71 9.71 10.88 12.48 12.78 12.99 13.29 14.67 14.53 18.83 20.22 21.46 21.46 21.02 20.73 20.66 19.93 19.93 19.93 18.83 20.15 20.29 19.20 19.27 19.27 21.90 20.88 20.08 20.37 20.81 21.17 19.42
19.20 19.20 19.49 21.68 21.39 21.90 19.93 20.37 18.83 15.77 16.13 14.16 14.97 15.62 15.48 15.48 16.28 16.50 15.77 15.62 13.07 11.90 10.73 8.61 8.76 8.25 8.25 7.52 7.74 8.83 7.88 13.07 13.65 13.72 13.80 13.94 13.87 12.26 12.78 11.90 10.37 10.07 10.00 9.86 10.51 10.15 9.71 8.98 9.93 9.13 10.37 10.37 13.94 12.19 12.63 11.90 13.21 13.21 13.21 14.60 15.70 14.67 18.32 18.10 20.88 20.95 19.78 19.42 20.00 15.40 16.79 17.45 14.67 17.16 17.52 15.62 15.62 14.97 17.67 18.25 18.03 18.69 19.71 20.95
19.20 19.20 19.49 21.68 21.39 21.90 19.93 20.37 18.83 15.77 16.13 14.16 14.97 15.62 15.48 15.48 16.28 16.50 15.77 15.62 13.07 11.90 10.73 8.61 8.76 8.25 8.25 7.52 7.74 8.83 7.88 13.07 13.65 13.72 13.80 13.94 13.87 12.26 12.78 11.90 10.37 10.07 10.00 9.86 10.51 10.15 9.71 8.98 9.93 9.13 10.37 10.37 13.94 12.19 12.63 11.90 13.21 13.21 13.21 14.60 15.70 14.67 18.32 18.10 20.88 20.95 19.78 19.42 20.00 15.40 16.79 17.45 14.67 17.16 17.52 15.62 15.62 14.97 17.67 18.25 18.03 18.69 19.71 20.95
19.64 19.64 20.29 20.44 21.24 19.27 20.73 17.59 15.48 14.67 15.18 14.16 14.89 14.53 15.40 17.08 16.57 16.43 16.50 13.58 14.02 12.78 13.65 14.53 14.38 13.43 13.43 10.51 10.95 9.49 11.97 14.38 15.91 15.18 14.97 15.26 14.24 15.26 13.72 12.05 10.80 9.27 13.07 12.99 12.70 12.99 11.10 10.80 15.99 16.72 16.43 16.43 15.77 14.16 14.24 14.09 13.72 13.36 12.26 12.41 13.14 13.72 16.21 15.84 16.64 18.03 18.83 13.58 12.78 13.65 11.61 12.85 13.07 12.63 13.65 13.43 13.43 12.34 12.85 11.24 17.01 16.06 18.98 18.40
19.86 19.86 19.78 19.71 18.83 19.20 17.16 15.33 15.91 14.24 14.82 14.82 15.04 15.33 16.57 16.86 14.16 14.24 11.32 11.17 12.05 11.53 13.43 13.94 14.16 13.51 13.51 12.48 14.45 14.60 15.99 16.06 15.91 15.62 16.21 15.40 15.18 15.18 15.18 12.48 13.43 11.32 14.24 16.86 17.74 16.06 15.91 15.84 16.35 19.71 20.00 20.00 17.52 18.25 15.26 14.45 13.65 13.72 12.99 15.04 15.26 14.02 13.80 14.60 14.89 13.80 12.85 13.43 12.85 11.32 11.46 11.83 12.34 12.05 13.43 14.24 14.24 12.99 12.19 12.78 12.56 14.09 16.21 17.37
18.03 18.03 16.72 15.11 15.99 15.62 13.29 11.46 11.39 11.90 14.38 11.61 12.12 13.65 11.75 12.48 11.75 12.26 12.34 12.85 11.53 11.10 12.19 12.05 13.21 14.38 14.38 13.07 12.70 13.51 14.75 12.05 12.92 12.41 12.41 13.72 14.38 13.65 14.45 12.92 13.94 15.84 17.45 17.08 18.10 18.03 18.32 20.81 21.68 21.39 20.37 20.37 17.16 16.35 16.94 15.33 20.15 18.32 18.54 16.57 15.84 13.87 14.02 13.29 13.43 13.07 16.72 14.53 14.82 14.16 12.41 12.26 11.97 13.29 12.63 14.16 14.16 14.53 14.24 13.58 15.04 14.89 17.08 16.94
18.03 18.03 16.72 15.11 15.99 15.62 13.29 11.46 11.39 11.90 14.38 11.61 12.12 13.65 11.75 12.48 11.75 12.26 12.34 12.85 11.53 11.10 12.19 12.05 13.21 14.38 14.38 13.07 12.70 13.51 14.75 12.05 12.92 12.41 12.41 13.72 14.38 13.65 14.45 12.92 13.94 15.84 17.45 17.08 18.10 18.03 18.32 20.81 21.68 21.39 20.37 20.37 17.16 16.35 16.94 15.33 20.15 18.32 18.54 16.57 15.84 13.87 14.02 13.29 13.43 13.07 16.72 14.53 14.82 14.16 12.41 12.26 11.97 13.29 12.63 14.16 14.16 14.53 14.24 13.58 15.04 14.89 17.08 16.94
16.21 16.21 16.28 15.77 13.72 13.21 12.19 12.56 11.32 11.32 12.48 12.56 13.65 12.85 13.51 12.48 12.12 12.48 12.78 12.63 12.92 11.97 10.59 11.83 10.66 9.42 9.42 13.29 13.14 12.78 11.24 11.53 12.41 12.34 12.70 12.63 13.14 13.14 13.51 11.90 15.33 15.84 18.54 17.67 19.78 19.56 19.64 20.00 20.29 20.37 20.37 20.37 20.59 20.00 21.39 22.41 22.27 20.66 20.88 21.39 17.67 19.71 14.89 15.99 20.15 18.32 18.69 16.64 15.70 16.35 14.31 12.26 12.12 14.31 14.67 14.09 14.09 15.55 17.81 17.01 17.52 17.59 17.96 16.06
14.60 14.60 14.31 14.53 14.75 13.21 11.75 12.12 11.24 11.90 13.87 14.82 14.38 13.72 14.75 14.60 13.29 13.43 12.92 12.78 12.99 12.56 9.13 10.22 10.51 10.44 10.44 9.71 10.44 10.07 11.75 12.78 15.33 14.38 13.29 14.31 13.80 15.04 16.43 12.78 12.56 16.06 14.75 15.62 17.08 18.61 17.89 20.81 20.51 21.46 21.10 21.10 19.56 19.64 21.10 23.51 25.70 25.77 23.51 26.21 21.97 22.48 19.13 23.21 23.14 21.10 22.27 23.00 17.96 15.77 16.06 15.55 14.75 14.09 17.89 18.83 18.83 17.08 18.76 19.27 19.35 17.45 16.57 16.57
14.45 14.45 14.60 14.82 13.87 13.29 12.78 11.75 12.92 13.94 13.36 14.97 16.06 15.55 15.48 14.97 14.75 14.24 13.72 13.36 10.59 12.92 11.68 9.93 10.73 9.86 9.86 10.66 12.05 15.33 16.72 16.35 16.64 15.04 14.02 14.09 14.67 14.45 14.60 13.80 13.43 13.87 13.72 14.38 16.64 20.37 21.53 21.61 21.32 21.61 19.56 19.56 18.91 19.05 20.73 26.43 27.16 28.84 28.84 27.38 28.62 26.35 26.86 25.77 25.99 25.70 24.31 22.70 23.36 21.02 17.16 17.45 17.16 17.59 17.23 18.10 18.10 18.61 18.61 18.76 18.03 18.40 16.94 16.43
14.82 14.82 15.40 15.62 15.55 14.38 12.41 12.85 12.48 15.18 15.40 15.48 16.35 15.91 15.11 14.75 14.82 15.40 16.06 12.63 13.43 12.34 11.39 11.68 11.10 12.48 12.48 11.75 14.02 14.75 16.72 16.50 15.26 14.09 14.75 14.02 13.87 14.38 14.09 13.87 13.36 14.38 15.55 19.42 18.25 20.73 22.92 21.53 20.81 18.98 19.20 19.20 21.17 24.38 27.59 26.72 29.05 28.47 27.89 28.54 28.69 26.79 27.23 23.80 23.87 22.70 22.48 23.29 21.46 21.53 19.20 16.79 17.37 15.62 18.32 18.18 18.18 18.54 18.32 18.25 19.05 16.79 17.52 14.97
14.82 14.82 15.40 15.62 15.55 14.38 12.41 12.85 12.48 15.18 15.40 15.48 16.35 15.91 15.11 14.75 14.82 15.40 16.06 12.63 13.43 12.34 11.39 11.68 11.10 12.48 12.48 11.75 14.02 14.75 16.72 16.50 15.26 14.09 14.75 14.02 13.87 14.38 14.09 13.87 13.36 14.38 15.55 19.42 18.25 20.73 22.92 21.53 20.81 18.98 19.20 19.20 21.17 24.38 27.59 26.72 29.05 28.47 27.89 28.54 28.69 26.79 27.23 23.80 23.87 22.70 22.48 23.29 21.46 21.53 19.20 16.79 17.37 15.62 18.32 18.18 18.18 18.54 18.32 18.25 19.05 16.79 17.52 14.97
14.89 14.89 14.75 15.26 14.89 14.09 15.55 14.75 15.48 17.16 16.28 16.94 16.35 17.01 17.59 15.18 16.64 16.64 16.35 14.67 15.11 13.29 11.75 13.87 13.58 13.72 13.72 12.78 13.07 14.45 12.34 12.99 12.92 13.72 14.45 13.72 14.31 14.24 14.75 14.02 14.45 15.55 16.72 18.76 17.30 19.71 19.20 20.66 19.56 20.00 21.61 21.61 20.81 23.58 25.99 27.96 27.81 27.74 27.16 28.25 28.18 24.31 21.53 22.19 21.02 20.22 19.20 19.42 20.44 18.54 18.91 16.43 15.33 15.48 15.70 15.77 15.77 16.72 16.94 16.79 16.50 16.06 15.11 15.77
14.16 14.16 14.45 15.26 15.04 14.89 15.91 16.72 16.13 16.79 17.23 17.16 19.78 18.98 19.71 17.37 18.98 17.37 17.37 16.43 16.35 14.24 16.43 15.84 14.53 14.75 14.75 14.97 11.75 10.37 11.24 10.44 11.90 13.80 13.94 12.05 11.24 10.59 14.89 11.90 15.84 16.35 16.72 15.84 16.50 17.67 19.20 20.22 20.00 20.44 20.73 20.73 21.68 24.75 24.60 25.55 23.80 24.02 25.19 23.36 23.65 24.16 22.56 21.24 20.29 20.88 17.96 16.86 16.94 17.59 16.43 16.72 12.99 15.33 15.40 15.26 15.26 14.60 16.06 15.84 16.50 16.06 16.06 16.94
14.38 14.38 14.24 14.60 15.33 15.48 16.21 15.91 15.77 17.08 18.54 19.78 20.22 19.86 19.71 19.93 19.49 18.40 18.69 17.59 17.23 17.89 17.81 17.67 19.42 19.42 19.42 15.33 12.12 10.51 11.97 14.24 14.75 14.60 13.87 14.89 14.02 8.47 17.16 20.29 18.54 17.74 16.43 16.72 16.28 17.45 18.98 20.15 20.00 20.81 21.39 21.39 21.97 20.81 21.39 21.39 21.68 20.29 22.12 22.48 20.29 20.73 21.02 20.15 20.81 18.40 19.13 15.84 15.48 15.40 14.89 12.70 12.99 12.70 15.55 15.26 15.26 15.18 15.62 17.37 16.35 17.67 17.59 17.74
14.45 14.45 13.87 14.82 16.21 15.91 16.13 16.57 18.03 18.10 18.32 19.71 19.42 19.20 19.42 20.37 19.49 18.47 18.61 18.03 17.08 17.30 17.01 15.48 18.83 17.67 17.67 14.38 12.70 12.05 12.05 14.31 15.91 16.72 16.94 17.23 16.64 19.35 18.25 18.10 18.10 17.08 15.11 17.81 18.40 17.96 19.13 18.76 20.22 20.95 21.02 21.02 22.12 17.89 18.69 15.62 15.55 18.69 18.61 18.91 18.69 20.29 19.20 18.54 20.51 18.69 17.37 17.45 15.48 13.07 13.65 12.26 11.90 11.97 12.26 15.70 15.70 15.91 15.70 17.16 18.03 17.30 17.23 15.11
14.24 14.24 14.67 15.48 15.40 17.37 17.74 17.67 16.79 17.01 17.67 16.35 18.40 18.91 20.51 20.29 20.37 18.91 18.69 18.69 19.05 18.10 17.45 16.79 16.13 15.26 15.26 14.60 13.72 14.31 13.14 14.16 15.18 16.43 18.91 17.59 15.84 20.08 20.15 16.43 15.99 13.65 14.60 15.62 17.23 16.86 18.03 17.67 19.27 20.51 18.10 18.10 16.21 16.94 14.60 15.62 17.37 17.08 18.03 17.74 16.50 17.01 18.18 18.76 18.10 18.10 16.64 14.97 15.99 12.12 10.37 10.22 10.80 10.80 11.24 10.44 10.44 12.70 16.35 16.06 17.45 16.94 17.23 13.29
14.24 14.24 14.67 15.48 15.40 17.37 17.74 17.67 16.79 17.01 17.67 16.35 18.40 18.91 20.51 20.29 20.37 18.91 18.69 18.69 19.05 18.10 17.45 16.79 16.13 15.26 15.26 14.60 13.72 14.31 13.14 14.16 15.18 16.43 18.91 17.59 15.84 20.08 20.15 16.43 15.99 13.65 14.60 15.62 17.23 16.86 18.03 17.67 19.27 20.51 18.10 18.10 16.21 16.94 14.60 15.62 17.37 17.08 18.03 17.74 16.50 17.01 18.18 18.76 18.10 18.10 16.64 14.97 15.99 12.12 10.37 10.22 10.80 10.80 11.24 10.44 10.44 12.70 16.35 16.06 17.45 16.94 17.23 13.29
14.16 14.16 14.97 15.40 17.08 16.94 17.89 17.96 17.30 14.82 15.99 16.43 18.40 19.71 20.29 19.20 18.98 19.71 18.40 18.10 17.96 18.18 17.37 17.08 16.64 16.21 16.21 15.55 15.70 15.11 14.60 14.67 14.60 15.70 15.77 16.06 14.97 14.82 16.21 15.18 14.60 14.89 14.67 15.04 17.81 16.94 17.16 17.45 16.94 17.23 16.06 16.06 13.65 14.60 14.60 15.55 18.03 18.32 18.25 18.10 17.16 16.13 16.72 17.30 17.08 17.37 16.06 14.75 14.67 12.56 9.86 10.37 10.80 9.05 8.83 10.37 10.37 9.93 12.26 15.04 15.55 16.79 13.43 14.24
15.04 15.04 14.75 16.35 15.99 16.94 16.86 15.62 14.24 13.36 14.97 17.74 16.35 19.42 16.43 17.96 16.43 16.21 16.94 17.59 17.52 17.89 16.86 17.08 17.08 17.74 17.74 17.67 17.16 15.40 15.11 16.50 16.06 16.13 16.13 15.33 17.01 18.18 17.74 17.96 17.67 19.20 17.67 17.81 17.67 17.08 18.40 17.45 16.28 13.94 14.16 14.16 12.85 14.89 16.43 15.70 17.81 19.20 17.30 18.32 16.72 18.25 20.66 17.59 18.40 21.32 18.32 18.18 17.30 17.89 12.34 12.85 12.70 13.80 13.43 9.20 9.20 10.37 10.00 13.51 15.99 15.62 15.62 11.17
14.31 14.31 15.26 15.04 15.04 16.79 15.62 15.91 14.38 13.36 11.61 13.14 14.82 13.07 11.75 12.85 14.75 14.09 18.18 17.96 18.25 18.03 17.30 17.89 18.25 17.59 17.59 17.96 17.16 16.35 15.84 17.08 16.50 18.03 17.89 17.59 18.69 17.37 18.76 19.27 18.10 17.16 17.96 17.67 16.94 18.10 17.96 18.10 13.94 13.29 12.78 12.78 12.70 15.62 18.18 18.91 17.96 18.47 18.32 19.35 18.76 17.45 21.32 26.79 22.12 24.09 23.29 20.66 20.73 21.02 21.17 16.79 16.57 16.50 16.57 16.79 16.79 10.07 11.97 11.39 14.31 16.21 17.08 17.23
14.31 14.31 15.62 14.24 14.53 15.11 16.21 17.08 16.28 14.16 12.41 12.26 10.59 12.41 10.51 12.05 14.24 17.96 18.91 18.98 18.40 18.10 16.79 17.59 17.45 16.57 16.57 15.40 15.91 16.86 16.64 17.45 16.72 17.59 17.96 18.25 19.49 18.98 17.23 17.81 16.64 16.35 15.91 15.11 15.33 16.13 14.02 13.58 13.80 13.21 15.62 15.62 17.89 17.23 19.05 19.20 17.96 21.02 20.81 20.59 22.27 23.94 23.00 27.89 26.94 24.09 24.89 21.46 21.68 21.39 22.70 23.65 23.58 20.73 19.35 17.89 17.89 18.69 16.72 14.60 11.53 13.94 17.37 17.89
14.89 14.89 14.89 14.09 13.94 13.14 15.77 15.91 17.01 17.23 13.29 11.17 13.29 12.56 10.80 15.11 17.59 18.25 18.76 17.96 17.74 18.40 17.52 17.45 17.08 15.55 15.55 15.04 15.18 15.91 16.35 16.43 16.13 16.43 17.23 19.56 16.50 15.33 15.11 14.16 13.21 11.75 13.36 12.99 14.53 12.78 12.92 12.63 14.24 13.58 15.33 15.33 17.16 18.61 20.59 20.00 26.28 24.89 23.87 24.75 23.36 24.38 27.45 27.16 26.94 24.75 21.97 22.63 21.75 23.07 22.56 23.29 21.24 20.15 22.78 21.10 21.10 19.93 20.22 18.76 17.01 16.94 16.64 17.67
14.89 14.89 14.89 14.09 13.94 13.14 15.77 15.91 17.01 17.23 13.29 11.17 13.29 12.56 10.80 15.11 17.59 18.25 18.76 17.96 17.74 18.40 17.52 17.45 17.08 15.55 15.55 15.04 15.18 15.91 16.35 16.43 16.13 16.43 17.23 19.56 16.50 15.33 15.11 14.16 13.21 11.75 13.36 12.99 14.53 12.78 12.92 12.63 14.24 13.58 15.33 15.33 17.16 18.61 20.59 20.00 26.28 24.89 23.87 24.75 23.36 24.38 27.45 27.16 26.94 24.75 21.97 22.63 21.75 23.07 22.56 23.29 21.24 20.15 22.78 21.10 21.10 19.93 20.22 18.76 17.01 16.94 16.64 17.67
16.64 16.64 13.51 13.58 11.90 12.63 14.82 17.96 17.59 18.83 14.89 16.35 20.22 18.47 20.81 21.68 21.53 21.61 21.53 19.13 19.49 20.00 18.25 16.35 17.01 15.55 15.55 14.82 14.53 16.50 16.94 16.06 15.04 14.53 14.31 17.37 13.94 13.07 9.86 10.00 10.66 11.32 11.61 11.97 11.46 11.75 12.70 12.99 13.58 15.48 15.11 15.11 16.13 19.20 24.67 29.05 28.62 27.45 22.56 18.61 21.90 22.41 26.13 26.35 26.06 27.01 23.36 22.34 22.41 21.53 21.46 21.68 19.78 15.91 16.43 21.68 21.68 22.27 21.02 19.05 19.49 17.23 16.79 16.43
12.56 12.56 12.99 13.29 13.14 12.19 17.01 16.43 18.10 19.05 20.08 19.71 19.05 19.93 21.17 23.36 21.61 19.93 20.81 19.20 19.49 19.71 18.18 17.08 15.77 15.62 15.62 16.50 17.59 17.16 17.89 15.99 15.18 14.16 13.36 16.94 15.18 10.00 9.71 10.00 10.80 11.53 12.34 11.61 11.90 12.41 12.70 12.70 14.16 14.97 16.64 16.64 16.43 18.32 21.39 28.32 22.56 24.16 20.88 16.72 20.81 20.29 20.73 24.82 26.28 25.62 24.97 23.21 19.71 20.22 13.36 14.09 12.12 12.48 10.88 10.73 10.73 10.15 20.95 20.00 18.61 18.69 17.67 17.52
11.32 11.32 11.75 13.72 12.85 11.75 16.57 16.50 19.20 19.27 19.71 17.89 18.32 18.98 19.49 19.56 18.76 19.78 17.74 19.13 19.35 19.86 18.47 16.72 15.33 15.04 15.04 16.13 17.16 16.43 15.99 16.21 15.40 15.04 15.11 11.68 11.61 11.68 11.75 11.17 13.51 13.65 12.41 11.53 12.12 12.78 13.43 13.87 14.09 14.09 15.33 15.33 14.60 19.35 18.91 18.25 19.42 15.62 16.28 16.28 17.01 19.42 18.69 20.88 23.87 21.39 19.49 14.82 14.09 9.20 10.07 4.23 7.45 5.26 5.62 5.26 5.26 7.74 10.07 9.20 16.13 18.98 19.64 19.93
11.90 11.90 10.44 11.75 11.24 10.88 14.53 14.45 18.69 16.72 17.59 17.74 21.61 21.10 18.47 19.42 17.96 17.23 16.43 17.01 14.60 18.69 18.25 14.97 15.33 14.53 14.53 16.28 16.57 16.21 16.43 15.48 14.53 13.29 14.89 13.58 13.58 13.21 15.70 14.97 14.16 12.85 12.48 12.63 12.63 13.80 13.29 12.99 12.78 13.14 12.85 12.85 14.24 15.11 15.91 15.48 17.45 14.67 15.40 16.35 15.40 18.47 19.42 10.51 12.19 13.14 7.52 6.64 0.00 4.09 1.24 1.46 0.66 0.00 0.00 0.00 0.00 0.00 5.18 11.39 8.76 14.45 16.86 19.49
6.64 6.64 7.81 8.98 8.76 9.93 10.73 13.80 14.31 17.23 19.86 21.24 22.27 21.53 18.98 19.35 17.08 17.89 16.13 15.11 14.45 14.45 15.70 14.67 15.48 17.52 17.52 16.86 17.45 16.57 16.64 17.81 16.35 16.06 14.24 16.72 16.72 16.79 17.30 16.79 15.62 15.33 13.72 14.16 13.87 13.80 14.16 13.36 12.85 13.51 14.24 14.24 13.80 15.26 14.82 14.97 14.67 14.45 9.64 11.61 7.81 6.28 12.34 5.48 0.00 0.00 0.00 0.00 0.00 0.00 0.00 0.73 0.00 0.00 5.69 9.86 9.86 4.31 3.29 6.57 10.44 9.64 13.14 15.48
5.91 5.91 4.82 6.64 6.72 10.15 13.43 15.11 17.74 16.57 17.81 20.08 22.56 22.85 19.56 20.08 19.13 16.43 14.82 12.56 13.07 14.16 16.06 20.00 19.93 19.42 19.42 18.32 18.76 20.00 19.93 19.64 17.67 15.33 15.48 13.65 12.85 14.24 17.23 17.81 18.18 16.86 15.55 17.16 16.94 15.26 15.55 14.02 13.80 14.09 14.31 14.31 15.11 15.11 14.89 14.97 7.96 5.11 5.33 0.00 1.83 0.00 0.00 0.00 0.00 0.00 0.00 0.00 0.00 0.00 0.00 1.31 0.00 7.15 6.13 12.41 12.41 14.67 15.04 7.15 9.42 11.68 11.17 11.39
5.91 5.91 4.82 6.64 6.72 10.15 13.43 15.11 17.74 16.57 17.81 20.08 22.56 22.85 19.56 20.08 19.13 16.43 14.82 12.56 13.07 14.16 16.06 20.00 19.93 19.42 19.42 18.32 18.76 20.00 19.93 19.64 17.67 15.33 15.48 13.65 12.85 14.24 17.23 17.81 18.18 16.86 15.55 17.16 16.94 15.26 15.55 14.02 13.80 14.09 14.31 14.31 15.11 15.11 14.89 14.97 7.96 5.11 5.33 0.00 1.83 0.00 0.00 0.00 0.00 0.00 0.00 0.00 0.00 0.00 0.00 1.31 0.00 7.15 6.13 12.41 12.41 14.67 15.04 7.15 9.42 11.68 11.17 11.39
0.00 0.00 1.02 1.39 9.93 6.50 15.77 9.49 13.43 15.70 13.80 18.61 15.70 14.09 15.04 17.30 16.79 13.87 15.26 14.38 12.99 18.61 20.08 20.44 19.42 18.47 18.47 18.10 19.05 20.81 19.27 15.33 13.21 16.13 8.83 11.02 14.45 22.34 19.93 19.05 19.35 17.74 17.08 18.91 17.96 16.72 16.06 14.67 14.89 14.31 13.21 13.21 14.75 16.57 13.21 14.24 4.31 1.39 0.00 0.00 0.00 0.00 0.00 0.00 0.00 0.00 0.00 0.00 0.00 0.00 0.00 0.00 3.58 7.37 13.07 11.97 11.97 16.72 20.29 21.68 21.24 24.38 23.21 19.13
