Wansh/Snow_depth/snowdepth-1992/spring/1992081.txt
ncols 321
nrows 161
xllcenter 60
yllcenter 15 
cellsize  0.25 
NODATA_value -1
[rows 0 to 36 of 161, columns 0 to 83 of 321]
17.74 17.74 17.74 17.74 17.74 17.96 18.18 17.89 18.10 16.64 17.45 15.99 14.97 14.97 15.33 14.67 14.67 14.67 15.26 15.11 17.23 16.86 19.64 16.64 17.74 16.28 16.28 16.43 17.96 14.97 15.40 16.94 15.99 15.77 17.59 17.45 17.16 18.83 20.37 19.56 19.78 21.75 20.88 19.05 19.20 21.90 22.05 21.61 21.17 21.17 22.05 22.05 22.34 20.95 20.29 19.71 21.32 22.48 24.53 24.60 24.45 24.89 23.58 23.73 23.36 23.36 22.27 20.81 20.59 19.71 20.15 19.93 21.53 23.29 22.63 25.48 25.48 25.04 26.28 25.84 26.13 25.84 26.50 25.40
16.43 16.43 17.59 17.74 17.52 17.08 18.91 19.86 18.83 17.37 17.96 16.64 15.91 14.31 14.38 14.45 14.09 12.78 13.07 13.65 14.75 13.87 13.36 14.38 14.38 14.67 14.67 12.70 12.48 13.36 13.21 12.85 14.02 13.29 12.48 15.99 16.72 15.99 15.26 18.32 18.69 15.18 15.70 17.08 17.74 17.59 16.57 19.42 19.49 20.15 19.93 19.93 17.89 15.99 18.83 19.56 19.05 21.17 21.17 21.10 19.71 17.30 17.30 17.08 20.44 18.18 18.83 19.71 18.54 19.71 18.98 21.75 22.27 21.46 24.24 26.13 26.13 25.70 26.79 26.57 26.72 26.50 26.79 25.48
17.45 17.45 17.59 17.59 19.27 19.86 19.49 20.00 19.20 17.59 15.48 15.48 15.77 14.53 13.51 11.83 12.34 11.24 9.05 10.51 10.07 10.66 9.49 9.64 9.56 9.27 9.27 11.02 9.93 8.98 11.24 9.93 9.71 10.73 11.02 10.29 14.02 13.21 13.51 11.53 14.02 14.38 12.48 12.26 12.63 15.26 15.26 14.24 13.51 13.65 15.91 15.91 16.35 14.31 14.31 13.43 14.09 14.82 14.53 16.28 18.54 17.01 16.06 16.06 17.81 18.69 18.47 19.49 19.35 20.15 21.10 20.51 22.27 23.58 23.43 24.45 24.45 26.13 25.04 25.40 24.75 23.14 23.58 22.85
17.45 17.45 17.59 17.59 19.27 19.86 19.49 20.00 19.20 17.59 15.48 15.48 15.77 14.53 13.51 11.83 12.34 11.24 9.05 10.51 10.07 10.66 9.49 9.64 9.56 9.27 9.27 11.02 9.93 8.98 11.24 9.93 9.71 10.73 11.02 10.29 14.02 13.21 13.51 11.53 14.02 14.38 12.48 12.26 12.63 15.26 15.26 14.24 13.51 13.65 15.91 15.91 16.35 14.31 14.31 13.43 14.09 14.82 14.53 16.28 18.54 17.01 16.06 16.06 17.81 18.69 18.47 19.49 19.35 20.15 21.10 20.51 22.27 23.58 23.43 24.45 24.45 26.13 25.04 25.40 24.75 23.14 23.58 22.85
17.67 17.67 17.59 18.25 18.54 19.71 20.44 18.47 19.20 18.03 16.28 14.31 13.87 13.94 13.43 10.73 11.53 12.19 9.56 9.20 9.20 9.78 8.47 7.59 7.66 6.42 6.42 6.50 7.74 7.88 7.66 8.47 9.13 9.05 8.69 9.20 8.76 7.30 9.42 9.42 9.64 8.25 11.10 11.53 12.26 11.75 12.92 13.21 11.24 10.51 10.88 10.88 8.47 8.76 11.61 12.19 12.05 13.29 14.97 14.60 16.21 17.23 17.23 17.37 19.42 19.42 20.59 20.44 20.44 21.02 20.88 20.81 20.73 20.59 22.85 24.45 24.45 24.02 24.75 23.87 22.19 20.44 19.64 18.10
17.74 17.74 17.37 18.40 17.30 19.71 19.86 18.91 17.96 15.33 15.84 14.31 12.78 13.80 13.58 13.87 14.16 14.09 11.32 12.05 10.51 10.88 11.24 8.40 9.78 6.79 6.79 6.13 6.64 6.20 7.30 11.17 9.42 9.93 9.64 8.25 7.37 7.66 7.37 8.83 8.98 7.74 8.69 8.10 11.32 10.22 10.59 7.52 8.18 8.54 7.52 7.52 7.74 7.96 9.71 9.42 10.00 10.73 10.59 14.67 14.02 17.52 17.45 17.81 17.67 20.08 19.56 20.66 20.95 20.66 21.46 19.27 20.81 18.76 19.42 18.98 18.98 19.71 22.05 22.56 22.70 20.73 19.78 18.76
19.42 19.42 17.89 20.00 22.92 22.12 22.41 21.24 18.40 16.43 16.35 15.62 15.77 14.82 14.82 15.04 15.04 14.53 13.36 13.80 13.94 12.41 12.12 13.14 11.32 11.39 11.39 7.88 7.52 12.05 7.15 11.68 12.41 10.95 9.78 10.37 10.22 8.61 8.54 8.83 8.54 8.47 8.76 11.53 11.10 10.51 8.18 8.76 7.15 8.47 8.98 8.98 9.93 7.81 9.86 9.78 9.86 9.78 10.66 10.29 12.78 13.94 13.80 13.21 13.43 12.99 15.70 14.97 17.16 17.16 17.30 17.23 17.67 17.16 17.23 17.74 17.74 13.29 13.94 16.21 20.59 20.73 19.05 18.83
19.42 19.42 17.89 20.00 22.92 22.12 22.41 21.24 18.40 16.43 16.35 15.62 15.77 14.82 14.82 15.04 15.04 14.53 13.36 13.80 13.94 12.41 12.12 13.14 11.32 11.39 11.39 7.88 7.52 12.05 7.15 11.68 12.41 10.95 9.78 10.37 10.22 8.61 8.54 8.83 8.54 8.47 8.76 11.53 11.10 10.51 8.18 8.76 7.15 8.47 8.98 8.98 9.93 7.81 9.86 9.78 9.86 9.78 10.66 10.29 12.78 13.94 13.80 13.21 13.43 12.99 15.70 14.97 17.16 17.16 17.30 17.23 17.67 17.16 17.23 17.74 17.74 13.29 13.94 16.21 20.59 20.73 19.05 18.83
21.53 21.53 19.71 20.88 21.90 21.61 18.25 18.10 16.43 16.64 15.26 14.89 14.38 13.80 14.45 15.33 15.55 15.55 14.82 14.24 13.87 13.51 15.26 14.75 13.21 14.09 14.09 14.16 10.07 14.09 16.13 13.51 13.72 12.26 10.73 11.39 10.22 10.80 9.78 9.20 9.13 12.34 11.68 12.41 12.70 12.92 11.61 12.63 9.93 11.68 12.12 12.12 12.34 11.10 11.46 11.24 11.61 10.73 10.80 11.61 11.24 12.41 11.83 11.90 11.75 13.51 13.21 13.21 9.34 12.41 13.21 10.95 11.75 12.41 12.70 12.48 12.48 12.92 11.46 10.59 14.53 19.05 18.76 18.98
19.13 19.13 19.20 20.88 20.08 17.52 16.50 15.40 13.87 12.34 12.26 12.12 12.56 14.24 13.94 14.97 15.33 14.97 15.18 12.05 13.14 12.78 13.51 14.45 14.31 14.89 14.89 14.53 15.33 15.18 16.06 13.29 15.18 12.05 11.10 11.02 11.68 10.66 10.80 11.10 13.29 12.70 14.89 14.67 14.02 12.63 13.14 13.58 16.72 15.99 16.28 16.28 14.67 12.92 11.17 11.75 11.97 11.32 12.78 12.70 12.12 10.29 10.73 9.56 9.86 9.71 10.22 8.25 8.91 8.25 9.71 9.34 11.24 11.83 12.48 13.58 13.58 13.80 9.78 10.80 12.34 11.75 14.67 15.40
16.94 16.94 17.16 16.86 15.40 15.84 14.97 12.41 11.83 11.46 11.68 11.61 12.12 13.65 14.60 14.45 13.72 12.05 11.53 11.68 12.56 12.56 12.78 13.29 13.72 12.56 12.56 14.16 14.02 12.05 15.26 11.83 10.59 11.39 10.66 10.07 10.00 10.73 11.10 10.88 12.19 14.09 13.72 15.18 14.16 14.67 13.87 12.92 14.82 16.13 16.35 16.35 15.40 15.26 15.40 15.26 15.91 11.97 14.53 16.64 13.65 12.12 9.93 10.44 9.42 13.43 13.07 11.61 11.61 11.75 11.61 10.37 11.02 10.59 12.63 13.58 13.58 13.80 11.61 12.19 11.02 12.70 14.45 14.02
16.94 16.94 17.16 16.86 15.40 15.84 14.97 12.41 11.83 11.46 11.68 11.61 12.12 13.65 14.60 14.45 13.72 12.05 11.53 11.68 12.56 12.56 12.78 13.29 13.72 12.56 12.56 14.16 14.02 12.05 15.26 11.83 10.59 11.39 10.66 10.07 10.00 10.73 11.10 10.88 12.19 14.09 13.72 15.18 14.16 14.67 13.87 12.92 14.82 16.13 16.35 16.35 15.40 15.26 15.40 15.26 15.91 11.97 14.53 16.64 13.65 12.12 9.93 10.44 9.42 13.43 13.07 11.61 11.61 11.75 11.61 10.37 11.02 10.59 12.63 13.58 13.58 13.80 11.61 12.19 11.02 12.70 14.45 14.02
16.94 16.94 15.91 14.31 13.51 12.56 13.29 13.07 12.34 11.75 11.24 11.61 11.61 12.92 12.78 12.26 12.48 12.05 13.43 12.99 13.29 12.78 12.12 11.97 12.63 11.17 11.17 12.19 12.34 11.17 10.88 10.95 10.73 10.59 10.51 9.93 10.95 10.66 10.80 12.05 11.90 13.51 14.75 15.26 14.97 14.31 14.67 14.45 16.21 16.13 16.06 16.06 17.37 17.23 17.89 18.25 18.10 19.42 18.61 18.98 17.16 17.37 16.57 15.33 16.28 16.28 15.62 13.29 14.02 12.34 13.14 11.68 12.99 12.56 14.16 14.09 14.09 15.62 15.48 15.26 15.62 15.40 13.21 13.43
14.16 14.16 14.97 14.24 13.80 13.14 12.48 11.46 10.80 10.88 10.88 11.97 13.14 13.43 13.36 13.43 14.53 13.72 13.51 13.72 13.21 13.21 11.75 11.10 10.00 10.15 10.15 10.59 11.10 10.88 12.26 13.21 11.53 11.10 11.90 11.97 11.10 12.78 12.63 12.56 12.99 12.85 13.21 13.72 13.43 16.06 15.04 14.97 16.57 17.37 17.96 17.96 16.35 18.54 17.89 21.24 23.94 22.12 22.63 24.09 21.46 18.54 22.34 18.76 20.37 23.00 21.10 21.90 18.61 13.94 12.92 13.21 13.14 15.62 16.28 16.57 16.57 17.16 15.91 16.72 16.64 14.97 15.11 13.94
14.53 14.53 14.24 14.82 14.02 14.24 13.36 11.39 10.59 12.56 12.48 12.34 13.51 15.77 16.21 16.28 15.33 14.60 14.16 14.09 12.78 12.78 13.21 11.32 11.46 10.80 10.80 10.73 11.90 13.21 12.63 14.60 14.45 12.48 12.05 12.12 11.97 12.05 12.63 12.63 12.34 12.78 12.70 14.24 16.79 16.35 19.42 18.69 18.25 18.10 16.79 16.79 17.23 17.74 22.27 21.53 24.16 25.48 25.04 25.48 25.11 23.80 24.31 24.24 24.97 25.26 24.38 21.46 22.19 18.91 19.42 16.06 14.60 14.24 16.06 17.81 17.81 17.96 17.52 17.45 15.48 16.21 14.31 14.02
15.18 15.18 14.53 15.04 14.16 13.29 13.58 12.05 12.05 13.80 14.53 15.99 15.62 15.62 15.04 14.97 15.11 14.89 14.02 14.31 14.75 13.72 12.85 12.05 11.90 12.92 12.92 12.05 11.75 12.99 14.97 14.75 14.82 13.80 12.99 12.41 13.58 13.72 13.36 12.19 12.41 12.41 15.70 18.25 17.08 20.08 19.78 19.56 17.89 17.23 17.23 17.23 19.35 23.80 22.63 25.40 25.70 25.84 25.77 26.13 26.06 24.82 21.39 19.49 23.14 21.02 22.19 21.90 21.83 19.71 16.94 16.35 16.35 14.97 16.43 16.64 16.64 16.79 17.08 17.08 15.62 17.08 16.57 14.60
15.18 15.18 14.53 15.04 14.16 13.29 13.58 12.05 12.05 13.80 14.53 15.99 15.62 15.62 15.04 14.97 15.11 14.89 14.02 14.31 14.75 13.72 12.85 12.05 11.90 12.92 12.92 12.05 11.75 12.99 14.97 14.75 14.82 13.80 12.99 12.41 13.58 13.72 13.36 12.19 12.41 12.41 15.70 18.25 17.08 20.08 19.78 19.56 17.89 17.23 17.23 17.23 19.35 23.80 22.63 25.40 25.70 25.84 25.77 26.13 26.06 24.82 21.39 19.49 23.14 21.02 22.19 21.90 21.83 19.71 16.94 16.35 16.35 14.97 16.43 16.64 16.64 16.79 17.08 17.08 15.62 17.08 16.57 14.60
15.26 15.26 14.75 14.89 13.94 13.72 13.21 14.45 13.58 14.67 17.52 17.08 16.13 15.99 17.89 16.35 15.26 16.13 16.72 16.21 15.84 13.58 13.29 15.55 13.21 13.51 13.51 12.26 11.83 12.05 11.90 13.29 13.58 13.21 14.02 13.65 13.87 13.07 12.56 13.21 13.80 15.99 15.77 16.79 17.37 17.16 19.05 17.96 18.47 17.23 18.40 18.40 18.25 21.75 24.75 24.38 24.97 23.80 23.73 23.43 23.73 21.97 22.78 18.69 17.89 17.52 19.35 21.17 19.20 18.18 18.76 17.30 16.57 15.33 14.89 13.94 13.94 15.99 15.99 15.18 15.77 16.21 14.67 14.97
15.55 15.55 14.24 14.45 14.24 14.16 14.75 16.72 17.59 17.23 17.45 17.45 19.05 19.13 19.35 18.03 19.27 19.05 19.27 19.35 16.50 17.16 16.86 16.50 18.18 14.02 14.02 14.60 11.24 10.73 10.66 11.75 13.51 13.14 13.65 11.83 11.17 10.88 14.45 17.59 17.67 16.06 15.18 15.55 15.62 17.30 17.08 18.69 18.91 18.61 19.35 19.35 19.78 19.35 22.34 24.24 24.38 23.51 22.41 22.05 22.41 20.95 21.02 20.44 17.52 16.79 16.28 17.08 16.86 18.76 15.18 14.82 15.33 14.89 15.62 13.65 13.65 14.67 14.97 14.97 14.97 15.40 15.33 15.55
13.87 13.87 14.02 14.97 16.21 16.28 16.13 16.50 16.57 16.94 18.03 19.35 18.91 18.40 18.91 19.13 19.35 19.35 19.05 19.42 17.45 17.23 18.03 17.89 17.96 15.33 15.33 11.61 12.34 10.73 12.63 11.75 15.18 14.89 14.60 13.51 15.26 18.83 15.26 18.83 16.79 17.52 15.18 15.48 15.33 17.08 18.32 17.81 19.27 18.98 17.30 17.30 17.81 17.01 18.10 18.25 18.18 19.13 18.98 18.98 19.42 19.35 19.49 19.78 18.03 17.89 16.13 15.77 13.43 13.72 13.80 13.36 11.17 13.43 15.40 15.77 15.77 16.06 15.11 15.77 15.18 15.18 14.75 15.91
14.82 14.82 14.75 15.55 16.64 17.37 16.94 17.81 17.89 17.67 17.59 16.79 17.08 17.23 17.16 16.94 18.61 18.25 19.35 16.50 16.79 16.57 17.45 15.99 14.53 14.67 14.67 12.12 11.46 12.05 13.58 14.97 14.82 15.91 17.89 17.30 16.94 18.32 16.72 19.71 16.79 15.26 15.55 14.82 16.13 16.21 16.21 16.64 17.74 17.74 16.86 16.86 15.18 15.40 15.91 16.79 16.79 16.79 18.40 19.13 18.76 19.86 19.78 17.37 16.50 17.52 15.77 14.38 14.67 10.59 10.73 11.61 12.92 11.90 14.89 15.62 15.62 16.72 16.64 15.11 16.94 15.55 14.38 13.43
14.97 14.97 15.33 15.04 15.77 16.43 16.50 17.59 17.08 17.52 17.52 15.26 16.79 17.96 17.23 17.59 18.54 19.35 19.42 18.03 18.25 17.30 17.30 16.79 15.11 15.48 15.48 15.33 13.72 13.43 13.65 13.51 16.06 17.89 17.23 17.01 16.79 17.08 14.75 13.94 13.87 14.67 14.38 14.45 14.82 15.04 15.18 15.40 15.62 14.31 16.43 16.43 13.72 13.43 13.80 13.43 15.62 15.99 15.04 15.04 14.31 14.60 14.38 14.89 16.28 14.24 14.38 12.05 12.85 9.93 8.83 9.27 11.02 10.44 11.17 12.48 12.48 15.26 14.89 15.11 16.43 15.33 11.83 12.56
14.97 14.97 15.33 15.04 15.77 16.43 16.50 17.59 17.08 17.52 17.52 15.26 16.79 17.96 17.23 17.59 18.54 19.35 19.42 18.03 18.25 17.30 17.30 16.79 15.11 15.48 15.48 15.33 13.72 13.43 13.65 13.51 16.06 17.89 17.23 17.01 16.79 17.08 14.75 13.94 13.87 14.67 14.38 14.45 14.82 15.04 15.18 15.40 15.62 14.31 16.43 16.43 13.72 13.43 13.80 13.43 15.62 15.99 15.04 15.04 14.31 14.60 14.38 14.89 16.28 14.24 14.38 12.05 12.85 9.93 8.83 9.27 11.02 10.44 11.17 12.48 12.48 15.26 14.89 15.11 16.43 15.33 11.83 12.56
14.75 14.75 14.38 15.62 15.40 15.40 16.35 17.59 15.18 15.11 14.89 14.97 15.99 18.69 19.49 18.25 18.18 19.20 18.18 18.10 18.18 17.74 17.67 17.74 17.45 16.50 16.50 16.06 16.50 13.80 13.58 13.72 14.38 16.50 16.35 16.43 15.26 13.80 13.80 14.09 14.45 15.18 15.70 15.77 14.82 15.33 15.40 15.77 16.06 14.24 13.14 13.14 13.36 13.80 14.09 15.62 15.26 16.28 15.18 14.09 14.16 15.18 16.28 16.28 15.04 13.72 13.07 12.05 12.63 8.54 9.34 9.13 10.73 8.54 8.18 10.51 10.51 14.45 13.07 15.99 15.91 16.06 12.56 10.88
13.72 13.72 13.51 14.31 15.70 15.11 15.40 15.40 15.33 14.24 14.16 16.50 15.84 18.47 15.26 15.77 15.84 15.77 17.52 17.81 18.03 17.37 17.45 17.89 17.74 17.89 17.89 17.16 14.75 15.26 13.72 14.89 14.97 15.33 16.06 15.26 15.33 16.28 16.57 15.26 15.77 16.21 16.28 16.57 15.48 15.84 16.13 15.18 13.65 14.60 12.19 12.19 12.85 15.33 13.80 16.79 17.89 18.18 17.30 16.21 15.99 16.50 16.28 16.79 15.99 19.71 18.69 15.11 16.21 12.70 16.64 11.53 13.29 12.34 9.13 10.15 10.15 15.26 10.59 12.63 15.55 13.43 10.73 11.32
14.31 14.31 14.45 14.45 13.51 14.16 14.31 14.24 14.60 14.24 13.65 13.72 12.26 13.14 12.99 14.53 15.84 17.89 17.45 19.56 17.81 17.59 17.67 18.25 18.98 18.69 18.69 18.03 14.60 15.62 15.48 15.84 15.40 16.64 16.86 15.77 16.79 16.86 16.79 15.91 16.35 16.06 15.40 14.38 14.67 15.04 14.53 15.33 13.72 12.85 13.72 13.72 13.51 15.62 17.23 16.35 16.64 18.76 18.47 18.10 17.96 18.69 22.27 24.24 23.87 23.07 21.83 20.66 20.44 17.96 20.88 16.35 14.24 17.08 13.65 11.24 11.24 11.39 11.39 11.61 12.48 14.82 14.24 14.24
16.64 16.64 14.24 13.07 13.36 13.14 13.51 14.31 14.97 13.65 14.16 12.56 10.88 11.17 12.34 11.39 13.72 20.15 19.86 19.93 18.25 17.81 18.03 17.96 17.16 15.26 15.26 14.82 14.89 15.40 15.48 15.77 16.13 15.84 16.50 16.50 17.67 16.72 17.16 15.04 13.14 12.78 12.99 12.85 13.21 14.75 15.55 13.36 13.65 13.72 14.31 14.31 15.62 15.33 17.23 16.35 16.86 20.88 18.69 19.13 22.63 23.51 25.77 25.11 25.92 25.48 22.12 20.59 21.32 22.05 22.92 21.46 22.12 20.08 18.98 17.81 17.81 14.09 15.48 12.63 13.14 13.94 16.86 17.08
15.26 15.26 14.24 12.63 13.21 10.88 10.59 12.92 15.04 15.70 14.67 14.82 12.34 13.94 12.99 19.86 20.88 20.29 18.98 18.32 18.32 17.74 17.89 16.64 17.52 15.55 15.55 14.09 14.67 14.75 15.18 14.67 15.18 14.67 16.13 14.31 14.97 12.63 13.36 13.72 12.63 12.26 11.97 11.83 12.48 12.70 12.34 12.92 12.92 15.40 15.33 15.33 15.55 17.01 21.02 22.34 22.19 22.41 22.12 23.36 22.63 24.67 26.28 26.65 26.94 26.94 24.82 21.90 21.39 21.53 21.10 21.61 20.00 22.27 19.86 18.83 18.83 19.35 14.31 13.94 15.91 16.06 16.50 15.62
15.26 15.26 14.24 12.63 13.21 10.88 10.59 12.92 15.04 15.70 14.67 14.82 12.34 13.94 12.99 19.86 20.88 20.29 18.98 18.32 18.32 17.74 17.89 16.64 17.52 15.55 15.55 14.09 14.67 14.75 15.18 14.67 15.18 14.67 16.13 14.31 14.97 12.63 13.36 13.72 12.63 12.26 11.97 11.83 12.48 12.70 12.34 12.92 12.92 15.40 15.33 15.33 15.55 17.01 21.02 22.34 22.19 22.41 22.12 23.36 22.63 24.67 26.28 26.65 26.94 26.94 24.82 21.90 21.39 21.53 21.10 21.61 20.00 22.27 19.86 18.83 18.83 19.35 14.31 13.94 15.91 16.06 16.50 15.62
14.16 14.16 12.56 10.37 9.56 10.44 10.00 11.39 14.38 17.01 16.57 19.93 17.23 17.81 15.40 21.97 23.07 21.17 22.27 18.76 19.86 19.93 19.20 17.74 15.84 14.89 14.89 14.09 15.70 15.84 15.99 14.45 13.58 13.94 14.75 12.99 11.32 11.46 10.07 11.02 10.95 10.66 12.12 12.05 12.12 12.05 12.70 12.78 12.34 14.60 15.40 15.40 15.91 16.43 20.22 23.43 22.92 23.43 21.46 21.02 20.59 23.51 25.48 25.19 25.77 25.55 24.75 22.34 20.66 20.22 17.16 15.26 13.07 22.27 18.69 18.03 18.03 21.17 20.00 16.13 16.79 17.74 15.04 15.84
13.14 13.14 10.00 9.34 10.95 11.02 12.26 15.62 14.60 17.30 18.91 20.00 18.83 20.00 19.42 21.75 21.32 21.02 20.00 19.86 20.88 19.71 18.18 18.54 16.43 15.33 15.33 15.84 15.62 17.16 14.31 15.04 13.58 14.02 12.70 12.85 10.44 9.86 9.86 11.02 13.21 12.56 11.75 12.34 12.26 13.29 13.21 13.51 14.75 14.38 15.26 15.26 15.55 18.61 20.08 23.07 21.02 18.18 16.50 18.47 17.67 21.32 23.29 22.56 24.75 24.38 21.39 20.81 21.17 13.94 16.43 9.78 11.02 17.74 16.06 17.23 17.23 12.48 18.54 16.35 17.16 15.62 15.40 17.16
9.34 9.34 9.93 9.78 10.59 11.61 11.61 15.26 14.75 17.01 16.72 18.47 18.18 19.49 19.71 20.00 19.42 20.73 19.78 18.61 20.00 19.27 17.08 16.21 16.72 15.77 15.77 16.21 17.08 17.30 15.91 13.80 14.16 14.24 13.72 13.87 11.75 10.95 12.92 13.87 13.72 12.85 12.12 12.78 12.41 13.51 13.43 13.51 13.51 12.48 12.92 12.92 14.75 14.38 16.35 17.45 16.57 16.86 15.70 15.70 16.13 18.91 21.97 21.68 16.86 17.74 18.98 18.25 12.48 12.85 7.15 8.91 4.96 6.57 4.89 7.66 7.66 6.06 10.88 14.09 16.43 16.21 15.84 15.84
9.56 9.56 9.93 10.29 10.44 10.22 10.73 11.24 14.02 15.84 18.91 20.15 20.00 20.59 19.71 17.96 18.25 18.18 17.01 16.43 18.03 18.32 15.48 15.77 15.99 15.84 15.84 16.57 16.43 16.35 16.72 16.43 13.87 14.60 14.16 15.99 16.35 16.06 14.16 15.33 13.43 13.72 12.70 13.36 13.72 13.72 13.29 12.99 12.85 12.99 12.70 12.70 14.75 15.04 14.97 15.40 15.70 13.14 12.56 14.38 13.94 16.72 18.32 17.16 14.89 15.04 5.69 5.99 1.53 3.72 0.88 5.18 1.17 1.10 2.19 3.14 3.14 3.21 7.37 12.12 10.51 15.33 14.45 17.59
8.91 8.91 6.28 7.15 9.42 8.69 12.05 10.88 13.43 17.08 19.78 22.41 21.83 22.27 20.37 19.64 17.89 17.37 16.50 16.21 12.70 13.94 13.51 17.67 17.37 17.23 17.23 17.74 17.81 17.89 17.96 18.32 17.67 16.86 18.10 17.96 17.81 18.25 18.18 18.47 16.21 15.04 13.21 13.80 15.33 13.87 14.24 13.36 12.92 13.29 14.09 14.09 14.02 14.75 13.72 12.70 11.10 12.26 10.15 9.27 2.92 5.04 7.59 0.00 0.00 3.29 3.72 0.00 0.00 0.00 0.00 0.00 0.00 0.00 0.00 3.07 3.07 5.48 7.30 10.29 12.26 14.31 13.29 15.18
4.74 4.74 4.60 5.77 6.42 9.49 13.21 14.45 17.59 16.79 19.56 18.91 23.14 19.93 19.93 20.22 19.71 17.96 14.89 15.55 13.65 15.11 20.15 19.56 21.46 18.54 18.54 18.32 18.25 20.15 19.56 18.47 18.54 17.74 14.89 16.57 16.64 17.30 18.98 17.01 18.03 16.79 17.74 17.37 15.84 16.79 14.97 12.99 13.43 13.21 13.72 13.72 14.60 14.89 14.97 12.92 10.22 1.24 0.00 0.00 0.00 0.00 2.63 0.00 0.00 0.00 0.00 0.00 0.00 0.00 0.00 0.00 0.00 0.00 4.45 5.91 5.91 6.86 9.42 15.77 14.53 15.48 14.16 14.89
4.74 4.74 4.60 5.77 6.42 9.49 13.21 14.45 17.59 16.79 19.56 18.91 23.14 19.93 19.93 20.22 19.71 17.96 14.89 15.55 13.65 15.11 20.15 19.56 21.46 18.54 18.54 18.32 18.25 20.15 19.56 18.47 18.54 17.74 14.89 16.57 16.64 17.30 18.98 17.01 18.03 16.79 17.74 17.37 15.84 16.79 14.97 12.99 13.43 13.21 13.72 13.72 14.60 14.89 14.97 12.92 10.22 1.24 0.00 0.00 0.00 0.00 2.63 0.00 0.00 0.00 0.00 0.00 0.00 0.00 0.00 0.00 0.00 0.00 4.45 5.91 5.91 6.86 9.42 15.77 14.53 15.48 14.16 14.89
0.80 0.80 0.73 2.77 2.04 8.03 12.56 9.49 12.85 7.52 16.21 13.87 19.71 13.29 17.45 11.46 11.97 16.86 14.75 15.48 15.04 18.54 20.81 21.24 21.46 16.50 16.50 18.32 22.34 19.64 20.81 18.10 16.35 16.79 15.40 15.62 19.42 16.50 19.93 18.40 18.40 18.25 19.05 18.83 17.89 16.06 16.64 13.51 12.85 13.29 13.36 13.36 14.24 14.09 10.44 2.85 0.00 1.39 0.00 0.00 0.00 0.00 0.00 0.00 0.00 0.00 0.00 0.00 0.00 0.00 0.00 2.26 5.04 7.66 6.94 9.78 9.78 11.61 18.91 18.83 18.32 19.42 24.09 19.42
