Wansh/Snow_depth/snowdepth-1992/spring/1992070.txt
ncols 321
nrows 161
xllcenter 60
yllcenter 15 
cellsize  0.25 
NODATA_value -1
[rows 74 to 110 of 161, columns 84 to 167 of 321]
0.00 0.00 0.00 0.00 0.51 0.00 0.00 0.44 0.00 1.24 0.00 0.73 1.61 0.00 0.00 0.00 0.00 2.77 2.77 2.77 3.14 3.29 0.00 0.00 0.00 0.00 0.00 0.00 0.00 0.00 0.00 0.00 0.00 0.00 0.00 0.00 0.00 0.00 0.00 3.14 3.58 2.04 0.22 0.22 0.80 0.15 0.29 1.24 1.39 1.17 0.66 0.00 0.00 0.00 0.00 0.00 1.75 1.39 1.39 1.31 0.58 1.39 2.04 0.00 0.00 0.00 0.00 0.00 0.00 0.00 0.81 2.04 0.00 0.00 0.00 0.00 0.00 0.00 0.00 0.00 0.00 0.00 0.00 0.00
0.00 0.07 0.00 0.00 0.51 0.95 0.66 0.80 2.34 2.48 3.29 0.00 2.99 3.43 3.50 0.00 0.00 0.00 0.00 2.85 3.36 2.92 2.48 0.00 0.00 3.72 3.07 0.00 0.00 0.00 0.00 0.00 0.00 0.00 0.00 0.00 0.00 0.00 0.00 4.53 4.96 2.04 1.46 1.46 0.95 0.00 1.02 1.46 1.39 0.58 0.29 0.51 0.44 0.22 1.68 1.68 1.90 1.39 1.17 1.61 1.39 1.61 1.68 2.26 0.00 0.80 0.00 0.00 0.00 0.00 3.94 3.50 2.12 0.51 0.00 0.00 0.00 0.00 0.00 0.00 0.00 0.00 0.00 0.00
0.00 2.48 0.44 0.66 1.97 1.97 1.90 3.21 3.36 3.29 3.72 2.85 3.36 3.21 3.36 3.29 3.36 0.00 0.00 0.00 0.00 0.00 0.00 0.00 0.00 0.00 0.00 0.00 0.00 0.00 0.00 0.00 0.00 0.00 0.00 0.00 0.00 0.00 0.00 4.60 2.12 2.56 0.80 0.80 0.88 0.58 0.58 1.39 1.46 0.88 0.73 0.44 0.00 1.10 1.02 0.29 0.73 1.39 0.80 0.73 1.39 1.02 1.10 0.51 1.31 1.32 0.44 0.51 0.51 2.63 3.29 3.65 3.21 1.83 0.07 0.00 0.00 0.00 0.00 0.00 0.00 0.00 0.00 0.00
1.02 3.29 1.17 1.24 2.19 3.14 2.85 2.77 3.72 3.36 3.43 4.23 4.60 3.80 3.14 3.43 3.43 3.36 3.36 0.00 2.41 0.00 0.00 0.00 0.00 0.00 0.00 0.00 0.00 0.00 0.00 0.00 0.00 0.00 0.00 0.00 0.00 0.00 0.00 0.00 2.56 0.00 1.24 1.24 0.00 0.22 0.00 2.34 0.00 0.00 0.00 0.00 0.00 0.66 0.37 0.29 1.61 1.10 0.51 1.90 1.24 1.46 0.51 1.24 1.10 1.17 0.29 0.95 0.95 1.31 1.75 2.34 2.26 1.75 0.22 0.00 0.00 0.00 0.00 0.00 0.00 0.00 0.00 0.00
4.53 4.60 3.58 1.97 2.77 0.00 3.58 3.94 3.50 3.50 3.58 3.87 4.53 4.09 3.58 3.94 3.65 0.00 0.00 2.56 2.48 2.85 0.00 2.34 2.26 0.00 0.00 0.00 0.00 0.00 0.00 0.00 0.00 0.00 0.00 0.00 0.00 0.00 0.00 0.00 0.00 0.00 0.00 0.00 0.00 0.00 0.00 1.61 0.00 0.00 0.00 0.00 0.88 0.22 0.15 1.24 1.46 1.46 1.46 1.75 2.77 2.04 1.68 1.83 1.17 0.80 0.44 0.95 0.95 1.10 0.80 0.37 0.80 0.15 0.00 0.00 0.00 0.00 0.00 0.00 0.00 0.00 0.00 0.00
4.74 2.26 3.29 3.07 3.29 2.77 2.85 3.58 3.94 3.21 3.29 3.43 3.50 3.87 4.23 4.02 4.09 3.72 3.72 3.58 2.56 0.00 2.26 2.48 0.00 0.00 0.00 0.00 0.00 0.00 0.00 0.00 0.00 0.00 0.00 0.00 0.00 0.00 0.00 0.00 0.00 0.00 0.00 0.00 0.00 0.00 0.00 0.73 0.00 0.00 0.00 0.00 0.00 0.00 1.39 0.00 0.00 1.17 1.46 1.46 2.19 2.19 2.19 2.19 1.46 0.88 0.51 0.51 0.51 0.00 0.00 0.29 1.61 0.95 0.00 0.00 0.37 0.00 0.15 0.00 0.00 0.00 0.00 0.00
0.00 0.00 2.92 3.80 3.36 3.21 3.14 3.43 3.72 2.70 3.87 3.87 3.36 3.65 3.14 3.43 3.80 3.80 3.80 3.43 3.29 2.77 2.77 2.41 0.00 0.00 0.00 0.00 0.00 0.00 0.00 0.00 0.00 0.00 0.00 0.00 0.00 0.00 0.00 0.00 0.00 0.00 0.00 0.00 0.00 0.00 0.00 0.00 0.00 0.00 0.00 0.00 0.00 0.00 0.00 0.00 0.00 0.00 1.17 0.80 2.04 2.41 2.70 2.77 2.04 1.31 1.17 0.00 0.00 0.00 0.22 0.66 3.94 4.09 2.26 0.29 2.10 0.00 0.00 0.00 0.00 0.00 0.00 0.00
0.00 0.00 3.21 3.29 3.72 3.07 2.70 2.70 2.92 2.77 3.07 4.45 3.50 3.36 3.94 3.72 3.36 3.29 3.29 3.07 2.48 0.00 0.00 2.04 2.41 1.90 0.00 1.68 0.00 1.90 0.00 0.00 0.00 0.00 0.00 0.00 0.00 0.00 0.00 0.00 0.00 0.00 0.00 0.00 0.00 0.00 0.00 0.00 0.00 0.00 0.00 0.00 0.00 0.00 0.00 0.00 0.00 0.00 0.80 2.04 2.34 1.83 2.77 0.66 0.00 0.22 0.00 0.00 0.00 0.00 0.80 2.77 4.16 7.88 6.64 2.57 4.13 1.22 0.00 0.22 1.10 0.00 0.00 0.00
0.00 0.00 2.77 2.77 0.00 0.00 0.00 0.00 0.00 3.21 0.00 3.94 4.16 3.36 4.31 4.09 3.43 2.63 2.63 0.00 0.00 0.00 0.00 1.17 1.02 1.68 0.00 0.00 0.00 0.00 0.00 0.00 0.00 0.00 0.00 0.00 0.00 0.00 0.00 0.00 0.00 0.00 0.00 0.00 0.00 0.00 0.00 0.00 0.00 0.00 0.00 0.00 0.00 0.00 0.00 0.00 0.00 0.15 0.15 1.24 1.61 2.19 1.10 1.83 0.95 0.00 0.00 0.07 0.07 0.29 1.31 5.18 3.72 8.32 9.49 6.57 7.15 3.07 0.66 1.61 1.10 0.00 0.00 1.24
2.63 2.04 2.26 2.41 3.29 3.29 0.00 0.00 0.00 3.21 3.94 3.58 3.14 3.14 3.65 4.53 3.72 0.00 0.00 0.00 2.63 0.00 0.00 0.00 1.68 1.39 2.26 0.00 2.19 0.00 0.00 0.00 0.00 0.00 0.00 0.00 0.00 0.00 0.00 0.00 0.00 0.00 0.00 0.00 0.00 0.00 0.00 0.00 0.00 0.00 0.00 0.00 0.00 0.00 0.00 0.29 0.00 0.88 0.80 1.39 1.68 1.83 1.39 2.48 2.26 0.44 0.80 1.17 1.17 1.39 0.88 3.50 6.86 8.03 10.44 9.13 7.74 6.50 2.77 4.09 2.04 1.46 0.00 2.34
0.00 0.00 2.92 0.00 2.63 2.70 0.00 0.00 3.29 0.00 3.36 3.43 2.99 3.21 3.72 4.09 0.00 0.00 0.00 3.29 2.77 2.85 0.00 0.00 0.00 0.00 0.00 0.00 0.00 0.00 2.48 0.00 0.00 0.00 0.00 0.00 0.00 0.00 0.44 0.58 0.00 0.00 0.00 0.00 0.00 0.00 0.00 0.00 0.00 0.00 0.00 0.00 0.00 0.15 0.58 0.44 4.45 3.58 1.31 1.10 1.17 1.17 1.24 2.70 1.90 1.97 1.61 2.04 2.04 2.63 5.91 4.74 4.67 6.79 8.10 9.34 7.88 8.25 6.86 5.69 5.11 3.50 3.21 0.00
0.00 0.00 2.41 0.00 2.99 2.85 2.77 0.00 3.50 3.87 3.94 3.50 3.21 3.65 3.07 3.87 0.00 3.72 3.72 4.09 4.82 3.21 0.00 0.00 0.00 0.00 0.00 0.00 0.00 0.00 0.00 1.83 2.48 2.04 0.00 0.00 0.00 0.00 0.00 0.00 0.00 0.00 0.66 0.66 0.00 0.00 0.00 0.00 0.00 0.29 0.51 0.00 0.51 1.24 2.04 4.45 6.94 7.08 4.09 1.02 1.47 2.91 4.36 4.38 2.26 1.53 3.58 3.21 3.21 8.32 11.61 8.69 5.99 7.23 6.42 6.94 6.86 7.74 9.71 9.71 6.94 5.99 3.58 0.00
1.46 1.46 2.04 2.63 2.77 2.19 2.56 3.14 3.29 2.70 2.12 2.34 2.19 2.26 0.00 2.77 3.65 4.09 4.09 3.80 4.45 4.02 4.02 3.43 0.00 0.00 0.00 2.34 0.00 3.29 0.00 0.00 0.00 0.00 2.41 0.00 0.00 0.00 0.00 3.58 3.36 2.26 0.80 0.80 1.24 1.24 0.44 1.24 1.02 0.58 0.44 0.07 0.07 1.02 4.38 14.31 15.77 13.80 8.98 10.88 4.74 2.92 5.36 7.45 7.52 7.08 7.08 8.10 8.10 11.24 14.67 17.30 17.08 10.51 6.50 7.45 9.27 8.32 8.98 11.17 10.66 10.51 7.81 3.21
1.17 1.39 3.07 0.00 0.00 0.00 0.00 2.77 2.12 0.00 0.00 2.63 3.14 3.07 2.48 2.92 3.43 3.58 3.58 3.14 4.23 4.60 4.38 2.70 2.63 2.63 2.19 0.00 0.00 0.00 0.00 0.00 0.00 0.00 0.00 0.00 0.00 0.00 0.00 3.72 2.26 1.46 1.97 1.97 0.37 0.95 1.61 1.10 0.73 0.80 1.24 0.66 0.66 1.46 4.45 12.99 17.08 17.52 14.67 13.43 8.40 4.31 4.74 7.23 8.15 8.91 8.76 8.40 8.40 14.16 17.08 15.33 18.10 14.31 15.11 10.66 9.56 8.91 11.39 11.61 11.32 11.90 9.78 6.42
1.90 1.39 0.00 0.00 0.00 0.00 0.00 2.56 0.00 0.00 0.00 2.85 3.80 3.14 2.92 2.92 3.87 3.72 3.72 4.23 3.65 2.48 1.90 0.00 1.97 2.85 2.63 2.34 0.00 0.00 0.00 2.77 2.77 2.26 2.41 0.00 0.00 0.00 0.00 0.00 0.00 0.00 1.97 1.97 1.02 1.39 1.61 2.56 1.61 2.48 2.48 2.12 1.53 3.94 10.59 11.53 14.60 16.35 11.46 12.05 9.93 6.57 6.06 5.77 9.66 10.81 11.75 16.06 16.06 13.58 13.43 13.65 15.62 17.74 17.01 14.02 11.90 13.29 14.16 13.07 12.56 11.90 11.17 9.34
1.97 1.10 0.00 0.00 0.00 0.00 0.00 0.00 0.00 0.00 0.00 0.00 2.04 3.36 2.63 3.65 2.63 2.34 2.34 2.77 2.56 2.12 1.97 2.19 2.41 0.00 0.00 2.04 0.00 0.00 2.19 3.07 2.56 2.70 0.00 0.00 0.00 0.00 0.00 0.00 0.00 0.00 2.48 2.48 0.95 1.31 2.41 2.34 2.63 3.87 6.13 2.34 7.96 9.20 12.48 10.73 10.51 11.53 7.93 7.82 4.31 7.01 9.46 7.59 8.00 16.18 18.83 15.18 15.18 12.70 12.26 14.53 15.18 17.30 17.23 15.91 11.61 14.60 13.87 13.84 13.26 10.69 10.27 10.12
0.29 0.66 0.00 0.00 0.00 0.00 0.00 0.00 0.00 0.00 0.00 0.00 0.00 0.00 0.00 0.00 2.63 2.77 2.77 0.00 0.00 0.00 0.00 0.00 0.00 0.00 0.00 0.00 0.00 2.12 0.00 2.70 2.56 0.00 0.00 0.00 0.00 0.00 0.00 0.00 0.00 0.00 0.00 0.00 0.44 0.15 1.90 1.68 3.07 4.31 6.13 9.86 12.12 13.43 15.77 13.94 11.68 7.30 5.48 4.67 3.54 5.55 9.66 9.93 10.95 17.74 19.79 17.62 17.06 14.38 12.99 14.45 13.87 16.50 15.26 15.91 14.16 13.72 14.52 13.07 10.88 11.45 11.61 10.67
0.80 0.51 1.83 1.61 0.00 0.00 0.00 1.17 0.00 0.00 0.00 0.00 0.00 0.00 0.00 0.00 0.00 0.00 0.00 0.00 0.00 0.00 0.00 0.00 0.00 0.00 0.00 0.00 0.00 0.00 0.00 0.00 0.00 0.00 0.00 0.00 0.00 0.00 0.00 0.00 0.00 0.00 0.00 0.00 0.00 1.17 1.10 0.88 2.63 3.29 6.28 11.83 15.55 15.48 17.23 13.80 16.35 13.07 7.67 3.54 5.91 4.16 7.60 8.59 16.88 16.83 18.40 17.96 18.05 18.81 13.43 13.07 15.77 17.16 15.70 15.33 14.02 14.53 13.13 12.87 12.82 12.19 12.33 11.54
0.80 0.66 1.53 0.00 0.00 1.17 1.53 0.95 0.00 0.00 0.00 0.00 0.00 0.00 0.00 0.00 0.00 0.00 0.00 0.00 0.00 0.00 0.00 0.00 0.00 0.00 0.00 0.00 0.00 0.00 0.00 0.00 0.00 0.00 0.00 0.00 0.00 0.00 0.00 0.00 0.00 0.00 0.00 0.00 0.00 0.15 0.51 1.46 2.70 2.34 4.96 11.39 14.60 18.18 18.91 17.74 19.78 19.05 12.19 8.46 10.40 4.28 5.95 9.92 14.85 14.76 16.17 15.33 15.33 14.37 13.51 15.59 16.73 17.05 16.21 16.30 13.87 13.86 12.27 11.40 13.57 12.79 12.95 9.95
1.46 1.17 0.80 0.88 0.88 0.95 0.00 0.00 0.00 0.00 0.00 0.00 0.00 0.00 0.00 0.00 0.00 0.00 0.00 0.00 1.83 0.00 0.00 0.00 0.00 0.00 0.00 0.00 0.00 0.00 0.00 0.00 0.00 0.00 0.00 0.00 0.00 0.00 0.00 0.00 0.00 0.00 0.00 0.00 0.00 0.00 1.02 2.92 3.50 8.69 5.26 6.72 14.60 16.72 17.52 19.13 20.37 20.81 20.66 13.14 17.16 12.38 3.80 6.99 12.62 10.41 12.69 10.88 10.88 6.78 9.18 15.13 17.19 13.72 17.71 16.29 15.18 13.56 11.85 11.06 12.23 14.69 11.36 8.49
2.34 1.90 1.10 1.10 0.73 0.88 0.00 0.00 0.00 0.00 0.00 0.00 0.00 0.00 0.00 0.51 0.00 0.00 0.00 0.00 2.70 0.00 0.00 0.00 0.00 0.00 0.00 0.00 0.00 0.00 0.00 0.00 0.00 0.00 0.00 0.00 0.00 0.00 0.00 0.00 0.00 0.00 0.00 0.00 0.00 0.00 1.68 4.60 6.13 12.26 6.94 9.34 13.33 14.52 16.36 18.31 21.82 20.73 22.34 19.20 13.80 7.92 2.69 5.89 8.16 9.36 9.35 7.52 7.56 4.81 9.02 11.68 15.49 11.40 15.53 18.40 13.33 11.73 12.49 12.08 13.14 14.99 12.23 8.62
2.26 2.41 2.85 2.92 2.19 1.75 1.61 2.04 0.00 0.00 0.00 0.00 0.00 0.00 0.00 0.00 0.00 0.00 0.00 0.00 0.00 0.00 0.00 0.00 0.00 0.00 0.00 0.00 0.00 0.00 0.00 0.00 0.00 0.00 0.00 0.00 0.00 0.00 0.00 0.00 0.00 0.00 2.04 2.04 2.34 0.88 2.70 5.91 6.86 14.67 12.56 14.75 13.87 13.91 14.52 17.23 18.71 20.00 21.34 16.44 12.91 6.68 5.45 4.58 4.36 6.41 6.81 4.99 4.99 3.83 6.07 7.22 11.45 16.80 20.69 16.43 16.24 13.40 12.73 12.93 12.36 13.69 14.06 9.10
3.21 0.00 2.92 3.36 2.56 2.56 2.63 3.14 0.00 0.00 0.00 0.00 0.00 0.00 0.00 0.00 0.00 0.00 0.00 0.00 0.00 0.00 0.00 0.00 0.00 0.00 0.00 0.00 0.00 0.00 0.00 0.00 0.00 0.00 0.00 0.00 0.00 0.00 0.00 0.00 0.00 0.00 4.23 4.23 6.20 4.16 6.86 10.51 9.27 15.55 14.53 16.21 15.11 14.75 14.60 9.65 9.06 12.84 15.32 8.10 10.50 5.93 5.34 5.95 3.69 3.38 4.79 4.15 4.09 3.78 5.56 7.66 12.33 18.07 19.64 20.03 17.34 15.79 11.27 11.79 12.42 10.76 12.86 11.68
3.94 0.00 0.00 3.36 3.21 3.29 4.09 3.72 3.94 3.87 1.68 0.29 0.00 0.00 0.00 0.00 0.00 0.00 0.00 0.00 0.00 0.00 0.00 0.00 0.00 1.46 2.12 1.83 1.39 0.00 0.07 0.29 0.00 0.00 0.00 1.02 0.00 0.00 0.00 0.00 4.60 6.79 6.35 6.35 5.84 6.79 7.23 11.17 16.35 17.30 16.03 16.68 16.51 15.88 12.50 8.14 7.15 8.03 10.10 6.12 5.72 5.99 6.04 3.94 2.89 1.98 2.22 3.46 3.37 2.77 3.87 5.91 10.85 16.80 15.77 20.73 20.10 9.92 8.12 8.34 12.08 9.97 11.93 9.49
8.40 7.81 5.18 4.74 5.84 4.60 4.89 3.07 3.43 3.43 0.00 0.73 1.39 0.29 0.22 0.22 0.07 0.22 0.22 0.80 0.00 0.22 0.66 0.00 1.83 2.26 0.80 1.46 1.02 0.15 1.61 1.02 1.10 1.17 1.02 1.46 1.61 0.00 0.51 2.99 1.75 4.60 3.07 3.07 6.28 7.45 8.10 11.46 15.77 14.75 15.50 14.26 13.05 11.39 10.44 7.74 6.96 8.45 10.08 9.46 9.68 5.22 5.57 6.77 3.87 3.15 3.30 2.40 2.36 0.15 1.68 4.61 6.79 10.05 15.12 13.72 9.08 6.35 5.26 4.28 9.28 9.65 7.82 9.15
8.61 8.32 8.83 9.93 9.78 9.05 7.15 3.36 0.00 0.00 3.43 0.00 0.00 1.53 1.68 0.29 0.80 1.17 1.17 1.24 1.31 0.95 0.29 0.58 1.02 0.00 0.29 0.66 0.88 1.46 0.22 0.29 0.58 0.29 1.68 2.41 3.36 2.92 0.51 0.00 0.00 1.39 1.83 1.83 5.18 8.98 7.52 11.61 13.25 14.68 11.44 10.85 10.17 9.71 10.24 7.25 8.67 6.16 8.94 10.79 10.62 7.04 4.59 4.06 2.34 2.34 2.57 2.94 2.89 1.24 0.88 4.87 4.75 13.34 13.98 11.17 9.51 7.19 4.33 3.79 6.30 7.75 8.57 7.60
5.91 9.56 10.07 10.88 10.66 6.72 6.20 6.06 4.31 0.00 0.00 0.00 0.00 0.00 1.83 1.53 1.46 1.31 1.31 1.10 0.80 1.24 1.02 0.29 0.58 0.00 0.00 0.22 0.58 1.39 1.68 0.00 0.00 0.80 0.88 2.92 1.53 0.95 0.80 0.00 0.00 0.00 0.29 0.29 4.02 5.62 5.77 10.10 13.71 10.91 11.65 11.53 11.27 9.97 10.40 7.97 5.56 5.05 7.53 10.48 9.81 10.88 7.81 5.55 3.87 1.94 1.94 3.15 3.51 2.01 1.34 3.52 6.05 9.65 11.08 11.06 9.71 3.87 1.77 3.05 5.98 6.78 8.98 9.51
0.00 7.96 8.25 5.84 5.69 7.59 7.66 7.04 5.62 2.41 0.00 0.00 0.00 0.00 1.83 1.31 1.75 1.61 1.61 1.02 1.31 1.46 1.61 0.51 0.22 0.29 0.00 0.00 0.15 0.44 0.29 0.00 0.00 0.29 0.22 1.90 0.58 0.51 0.37 0.00 0.00 0.00 0.00 0.00 2.77 3.29 4.38 9.17 11.90 12.54 12.90 13.59 14.01 14.99 9.00 7.30 5.14 5.55 3.90 7.63 8.24 14.76 10.78 10.37 7.30 4.94 4.89 3.38 3.25 1.58 1.02 2.34 6.64 6.99 13.84 12.73 5.71 5.43 2.86 2.56 4.67 7.10 12.89 8.73
0.00 5.91 5.11 0.00 0.00 6.35 7.45 8.76 8.47 5.11 2.19 0.95 0.00 0.00 0.00 0.00 0.80 1.31 1.31 1.46 1.39 0.80 0.00 1.83 0.29 0.00 0.00 0.00 0.80 0.00 0.00 0.00 0.00 0.00 0.00 0.88 0.00 0.37 0.00 0.00 0.00 0.00 0.00 0.00 0.58 1.31 4.89 8.54 8.69 10.66 12.52 13.68 13.12 9.70 7.63 7.93 5.25 0.00 0.00 8.03 9.15 10.27 10.10 12.41 11.23 9.78 7.46 5.36 5.39 2.73 4.16 0.97 3.12 3.63 12.05 4.56 4.62 3.82 3.61 2.81 7.38 13.39 14.42 10.30
0.00 0.00 0.00 0.00 0.00 0.00 7.66 8.54 9.49 8.69 4.31 2.48 0.95 0.00 0.00 0.00 0.00 0.95 0.95 0.51 0.73 0.00 0.00 0.00 0.00 0.00 0.00 0.00 0.00 0.00 0.00 0.00 0.00 0.00 0.00 0.00 0.00 0.00 0.00 0.00 0.00 0.00 0.00 0.00 0.00 0.00 2.57 5.40 9.12 10.54 13.97 13.81 15.65 14.41 4.36 4.46 0.00 0.00 0.00 5.04 7.75 6.21 8.39 10.16 10.86 11.12 9.57 6.99 8.17 4.36 5.66 4.68 2.34 8.18 8.61 0.75 2.11 2.26 2.10 2.15 7.21 10.22 12.49 11.31
0.00 0.00 0.00 0.00 0.00 0.00 5.62 8.10 8.03 4.96 3.58 2.41 2.77 3.14 0.00 1.61 1.68 0.00 0.00 0.00 0.00 0.00 0.44 0.00 0.00 0.00 0.00 0.00 0.00 0.00 0.00 0.00 0.00 0.00 0.00 0.00 0.00 0.00 0.00 0.00 0.00 0.00 0.00 0.00 0.00 0.00 2.05 3.35 9.73 6.86 7.90 9.64 8.29 2.43 0.00 0.00 0.00 0.00 0.00 0.00 8.53 4.11 6.24 10.93 12.02 10.37 11.59 9.19 10.28 7.06 3.79 4.90 1.50 1.33 1.40 0.00 1.24 0.95 0.79 1.43 4.65 12.28 10.93 11.24
0.00 0.00 0.00 0.00 0.00 0.00 0.00 5.40 6.06 4.31 4.23 3.72 5.84 5.04 4.60 3.04 6.93 3.65 3.65 0.00 0.00 0.51 0.00 0.00 0.00 0.00 0.07 0.00 0.07 0.00 0.00 0.00 0.00 0.00 0.00 0.07 0.00 0.00 0.00 0.00 0.00 0.00 0.00 0.00 0.00 0.00 0.00 1.05 3.59 8.44 9.15 8.38 8.76 0.00 0.00 0.00 0.00 0.00 0.00 0.00 3.91 6.77 6.99 10.26 12.95 13.38 13.26 10.24 10.46 8.22 5.17 2.29 3.08 0.84 0.00 0.00 0.94 0.46 0.74 0.00 3.83 7.00 6.41 8.47
0.00 0.00 0.00 0.00 0.00 0.00 0.00 0.00 6.28 7.59 2.19 5.18 6.57 4.74 7.15 5.43 7.66 7.02 6.55 4.82 1.53 2.56 0.44 0.00 0.00 0.00 0.00 0.00 0.00 0.00 0.00 0.00 0.00 0.00 0.00 0.95 0.00 0.00 0.00 0.95 0.37 0.44 0.00 0.00 0.00 0.00 0.00 0.46 4.70 6.34 9.00 9.02 0.00 0.00 0.00 0.00 0.00 0.00 0.00 0.00 0.00 5.11 6.66 7.30 12.70 17.37 12.90 10.54 12.88 7.10 4.52 3.45 3.79 1.84 1.38 1.29 2.39 1.31 0.46 0.89 0.00 5.21 0.00 0.00
0.00 0.00 0.00 0.00 0.00 0.00 0.00 0.00 0.00 0.00 0.00 0.00 0.00 0.00 0.00 3.94 7.15 6.50 6.60 4.60 5.62 6.86 4.67 3.80 2.99 2.41 5.40 4.16 1.97 0.00 2.63 0.00 0.00 1.24 0.44 5.04 5.18 4.60 6.06 3.96 3.76 2.51 2.12 2.12 3.50 1.53 1.31 0.00 0.76 0.00 0.00 0.00 0.00 0.00 0.00 0.00 0.00 0.00 0.00 0.00 0.00 0.00 0.00 0.00 4.27 6.44 4.82 6.82 7.63 0.00 5.89 4.09 2.21 3.69 0.00 0.00 0.00 3.65 0.00 0.00 0.00 0.00 0.00 0.00
0.00 0.00 0.00 0.00 0.00 0.00 0.00 0.00 0.00 0.00 0.00 0.00 0.00 0.00 0.00 0.00 0.00 0.00 0.00 4.60 0.00 4.24 2.41 4.09 4.38 6.21 5.62 5.33 4.82 3.14 5.77 5.33 2.56 2.12 4.02 7.08 5.91 6.64 5.62 5.91 1.93 5.64 5.33 5.95 6.64 6.20 4.53 1.35 0.00 0.00 0.00 0.00 0.00 0.00 0.00 0.00 0.00 0.00 0.00 0.00 0.00 0.00 0.00 0.00 0.00 0.00 0.00 2.85 2.85 0.00 0.00 0.00 0.00 2.77 0.00 0.00 0.00 0.00 0.00 0.00 0.00 0.00 0.00 0.00
0.00 0.00 0.00 0.00 0.00 0.00 0.00 0.00 0.00 0.00 0.00 0.00 0.00 0.00 0.00 0.00 0.00 0.00 0.00 0.00 0.00 4.53 2.85 4.67 4.45 6.75 3.28 4.53 5.26 6.06 5.91 6.79 4.30 3.14 0.00 3.40 0.00 6.72 0.00 2.77 0.00 3.94 3.25 4.13 4.75 8.30 3.75 2.21 0.00 0.00 0.00 0.00 0.00 0.00 0.00 0.00 0.00 0.00 0.00 0.00 0.00 0.00 0.00 0.00 0.00 0.00 0.00 0.00 0.00 0.00 0.00 0.00 0.00 0.00 0.00 0.00 0.00 0.00 0.00 0.00 0.00 0.00 0.00 0.00
0.00 0.00 0.00 0.00 0.00 0.00 0.00 0.00 0.00 0.00 0.00 0.00 0.00 0.00 0.00 0.00 0.00 0.00 0.00 0.00 0.00 0.00 0.00 0.00 0.00 0.00 4.96 4.53 4.96 0.00 4.74 5.04 0.00 0.00 0.00 0.00 0.00 0.00 0.00 0.00 0.00 0.00 0.00 0.00 0.00 7.46 0.00 5.69 0.00 0.00 0.00 0.00 0.00 0.00 0.00 0.00 0.00 0.00 0.00 0.00 0.00 0.00 0.00 0.00 0.00 0.00 0.00 0.00 0.00 0.00 0.00 0.00 0.00 0.00 0.00 0.00 0.00 0.00 0.00 0.00 0.00 0.00 0.00 0.00
