Wansh/Snow_depth/snowdepth-1992/spring/1992074.txt
ncols 321
nrows 161
xllcenter 60
yllcenter 15 
cellsize  0.25 
NODATA_value -1
[rows 0 to 36 of 161, columns 84 to 167 of 321]
24.97 24.53 23.29 23.65 22.27 19.71 17.37 18.03 14.82 14.38 14.89 16.94 15.11 19.49 17.96 21.61 21.75 21.68 21.68 21.46 20.66 16.28 16.94 4.45 9.49 9.49 4.16 3.50 3.14 6.06 4.89 15.26 15.26 15.26 15.26 15.33 14.89 17.08 15.04 9.20 10.66 11.97 11.53 11.53 7.37 7.37 7.59 7.59 5.84 8.47 10.80 12.26 11.68 14.60 9.93 10.51 12.26 11.46 13.51 9.13 7.08 7.37 5.91 6.94 5.55 5.55 6.06 5.91 5.91 8.83 11.02 10.29 14.53 14.02 14.31 14.82 15.26 14.24 18.76 16.94 17.59 15.84 15.91 15.11
23.80 22.19 20.29 20.73 19.35 19.71 18.91 19.35 17.67 15.04 15.70 13.65 14.24 13.51 10.88 11.02 13.72 18.03 18.03 15.48 19.93 19.35 12.85 19.64 13.36 6.64 3.21 4.60 2.04 2.85 4.89 4.09 7.66 11.90 10.80 8.69 8.69 8.91 8.54 9.27 12.56 19.64 19.20 19.20 19.56 16.21 10.66 8.25 9.05 7.37 7.74 4.82 5.55 6.64 6.20 8.54 8.83 11.17 10.59 11.02 13.80 11.90 12.56 9.78 13.87 10.88 10.88 10.73 10.73 9.78 16.21 15.18 14.89 15.55 16.94 16.13 21.24 19.35 19.42 19.78 19.71 17.08 17.52 17.52
18.18 16.79 16.94 15.77 16.94 16.43 18.91 18.91 19.35 16.79 16.79 14.16 14.97 11.53 11.10 8.40 7.88 9.27 9.27 9.64 18.54 20.22 17.52 16.64 15.33 14.53 9.27 4.02 2.77 2.85 3.65 3.87 7.74 9.05 7.23 9.49 11.24 12.05 18.25 18.69 18.40 18.61 18.61 18.61 18.76 18.03 19.78 17.23 12.92 7.74 5.04 5.26 4.09 4.45 5.40 7.96 7.74 11.53 10.22 13.94 13.94 15.33 16.94 16.86 15.91 18.98 18.03 19.13 19.13 17.74 17.52 17.59 15.62 15.55 18.32 22.56 21.97 23.58 22.27 22.34 21.10 21.39 18.98 18.76
18.18 16.79 16.94 15.77 16.94 16.43 18.91 18.91 19.35 16.79 16.79 14.16 14.97 11.53 11.10 8.40 7.88 9.27 9.27 9.64 18.54 20.22 17.52 16.64 15.33 14.53 9.27 4.02 2.77 2.85 3.65 3.87 7.74 9.05 7.23 9.49 11.24 12.05 18.25 18.69 18.40 18.61 18.61 18.61 18.76 18.03 19.78 17.23 12.92 7.74 5.04 5.26 4.09 4.45 5.40 7.96 7.74 11.53 10.22 13.94 13.94 15.33 16.94 16.86 15.91 18.98 18.03 19.13 19.13 17.74 17.52 17.59 15.62 15.55 18.32 22.56 21.97 23.58 22.27 22.34 21.10 21.39 18.98 18.76
16.94 14.97 15.99 16.72 17.01 14.53 13.21 14.24 16.06 16.35 15.55 15.70 14.09 12.85 13.58 12.78 12.12 6.94 6.94 7.23 18.25 12.41 10.66 14.97 15.26 15.55 11.61 4.82 4.89 2.41 3.07 2.48 4.53 9.71 11.46 15.55 14.02 17.01 18.91 19.05 16.94 15.48 15.70 15.70 16.94 19.56 18.18 19.56 16.21 18.32 11.53 6.94 4.96 5.04 4.53 4.16 5.55 5.04 8.03 9.34 13.87 12.92 16.64 18.91 20.44 20.44 20.44 19.35 19.35 19.71 18.18 18.40 17.74 18.10 17.81 17.52 22.41 22.34 19.86 17.67 21.10 20.22 20.66 19.56
15.99 16.57 16.43 17.74 15.70 16.06 13.87 12.78 12.05 11.90 13.65 14.45 15.77 13.72 13.94 14.38 16.43 12.78 12.78 8.18 10.80 9.05 9.64 9.86 8.69 10.66 7.66 8.83 5.69 3.58 3.58 4.38 3.29 6.50 10.59 13.14 11.75 17.37 16.64 18.54 17.81 16.43 15.77 15.77 15.70 14.82 18.40 20.22 18.25 19.42 14.60 6.50 5.04 4.53 4.82 3.87 5.18 6.72 9.13 8.40 11.97 15.62 15.04 19.64 22.12 20.81 21.32 17.67 17.67 16.64 17.01 18.32 18.83 18.69 16.21 16.21 16.57 16.57 17.30 15.62 17.37 18.98 21.24 21.17
17.89 16.21 16.06 16.94 16.94 17.67 14.75 14.53 13.80 12.56 14.45 13.58 13.80 14.82 14.82 14.97 18.25 13.72 13.72 14.60 18.32 12.85 10.29 11.39 8.47 7.74 6.86 4.38 4.09 4.23 4.09 5.69 4.09 4.38 8.18 12.26 15.91 18.61 18.03 18.54 16.86 16.64 16.57 16.57 16.50 15.33 19.49 19.42 13.51 12.19 8.18 9.13 5.33 4.96 4.31 5.99 5.48 7.74 11.17 13.36 12.92 16.35 17.89 21.83 21.83 20.95 19.49 19.93 19.93 19.05 19.05 18.54 19.64 19.35 19.64 17.45 17.59 17.16 17.08 14.82 16.28 16.28 16.35 20.66
17.89 16.21 16.06 16.94 16.94 17.67 14.75 14.53 13.80 12.56 14.45 13.58 13.80 14.82 14.82 14.97 18.25 13.72 13.72 14.60 18.32 12.85 10.29 11.39 8.47 7.74 6.86 4.38 4.09 4.23 4.09 5.69 4.09 4.38 8.18 12.26 15.91 18.61 18.03 18.54 16.86 16.64 16.57 16.57 16.50 15.33 19.49 19.42 13.51 12.19 8.18 9.13 5.33 4.96 4.31 5.99 5.48 7.74 11.17 13.36 12.92 16.35 17.89 21.83 21.83 20.95 19.49 19.93 19.93 19.05 19.05 18.54 19.64 19.35 19.64 17.45 17.59 17.16 17.08 14.82 16.28 16.28 16.35 20.66
17.67 16.79 15.18 15.26 14.38 16.13 14.82 14.97 14.97 12.78 13.36 11.53 10.07 10.29 15.04 15.04 18.83 18.25 18.25 18.98 18.40 16.13 12.34 9.93 6.72 7.96 6.06 4.53 5.69 5.62 5.62 5.69 7.30 9.20 13.80 12.19 17.01 16.06 14.16 14.45 14.24 14.67 8.54 8.54 15.99 11.46 15.48 9.13 11.17 8.03 7.15 7.37 6.86 7.23 7.08 6.20 9.34 9.42 10.59 12.63 14.38 13.87 16.79 16.35 19.13 19.13 20.15 18.10 18.10 18.10 17.81 18.18 18.03 20.00 19.71 19.93 18.32 18.98 18.40 19.78 15.18 15.18 14.82 14.53
16.94 15.77 16.21 14.45 12.78 12.41 12.12 14.38 12.63 11.68 11.17 11.46 10.44 10.37 11.90 16.79 16.43 14.82 14.82 18.98 18.98 15.84 13.87 8.32 6.28 5.33 5.18 5.55 6.06 5.99 4.74 6.57 6.20 7.15 9.64 12.41 13.21 12.78 13.21 8.76 7.88 7.08 7.01 7.01 9.56 6.79 6.57 6.57 9.86 9.05 10.66 11.46 11.68 13.29 14.31 12.63 10.73 13.07 11.97 12.12 12.99 14.53 14.75 15.04 16.86 16.72 17.59 17.16 17.16 18.47 18.69 18.03 19.71 19.42 18.76 18.32 18.54 23.00 20.81 21.24 17.23 17.01 13.72 14.02
14.53 15.77 13.80 11.32 11.53 10.66 10.51 11.97 12.92 13.14 15.11 14.16 13.58 14.16 15.26 16.35 16.13 15.91 15.91 17.59 15.62 16.86 14.24 8.69 8.61 6.06 5.84 5.77 5.33 4.23 4.53 5.04 3.94 5.99 7.66 9.20 11.39 11.39 9.56 10.15 7.88 12.48 10.29 10.29 10.07 11.10 9.56 8.61 10.51 10.22 11.24 16.72 19.93 15.84 12.34 12.56 15.55 15.04 13.51 13.29 16.72 14.89 15.11 14.45 16.06 18.32 18.18 19.27 19.27 20.08 21.17 21.46 21.39 22.56 23.07 20.88 22.78 22.63 21.17 17.96 18.40 18.61 18.18 15.18
14.53 15.77 13.80 11.32 11.53 10.66 10.51 11.97 12.92 13.14 15.11 14.16 13.58 14.16 15.26 16.35 16.13 15.91 15.91 17.59 15.62 16.86 14.24 8.69 8.61 6.06 5.84 5.77 5.33 4.23 4.53 5.04 3.94 5.99 7.66 9.20 11.39 11.39 9.56 10.15 7.88 12.48 10.29 10.29 10.07 11.10 9.56 8.61 10.51 10.22 11.24 16.72 19.93 15.84 12.34 12.56 15.55 15.04 13.51 13.29 16.72 14.89 15.11 14.45 16.06 18.32 18.18 19.27 19.27 20.08 21.17 21.46 21.39 22.56 23.07 20.88 22.78 22.63 21.17 17.96 18.40 18.61 18.18 15.18
13.65 14.16 12.85 12.19 10.88 9.71 10.95 14.60 15.70 15.26 16.28 17.89 17.74 17.96 17.45 17.96 19.86 17.81 17.81 20.00 16.94 13.51 9.86 7.15 7.88 6.57 5.26 4.53 4.09 4.09 4.31 5.40 6.72 11.39 12.12 12.70 13.14 13.51 16.79 14.09 14.89 14.89 13.14 13.14 13.72 12.19 9.93 10.00 15.33 17.30 21.61 20.59 22.12 22.05 20.66 18.83 19.56 16.86 20.22 18.10 18.61 15.84 15.55 16.28 15.62 18.32 18.54 18.69 18.69 20.44 23.14 25.33 25.33 24.16 24.45 24.75 23.36 21.17 21.68 18.40 19.49 19.42 18.47 17.23
15.55 13.94 14.24 13.29 14.16 15.11 15.55 16.86 18.03 18.61 18.47 17.23 19.42 19.42 20.59 20.22 17.08 18.98 18.98 18.25 17.01 14.45 9.42 9.42 6.57 5.62 6.06 4.67 8.40 9.13 8.47 16.28 17.81 16.06 17.08 17.67 19.93 20.44 19.20 17.59 16.72 15.18 13.72 13.72 18.32 16.72 17.74 18.03 17.89 17.89 20.88 21.39 23.29 22.70 22.05 26.13 23.07 20.51 21.02 17.45 14.89 15.11 16.57 17.52 19.42 19.42 19.56 21.68 21.68 21.24 23.07 25.77 25.19 25.92 25.40 22.34 22.34 19.64 14.09 14.82 12.78 15.70 17.30 16.43
15.11 16.86 16.13 15.26 15.99 15.26 15.48 17.52 15.33 16.94 18.76 16.57 14.16 17.45 19.86 19.13 20.44 19.49 19.49 17.96 15.11 12.41 13.36 10.88 9.05 10.51 9.86 10.59 10.44 13.36 10.73 12.26 18.83 19.35 19.93 19.42 17.96 18.18 18.61 17.45 18.76 17.96 17.08 17.08 21.24 21.68 22.05 19.56 21.39 21.39 20.95 22.56 24.89 25.55 27.81 26.94 27.45 25.04 17.23 19.20 13.94 10.44 14.82 14.89 13.94 18.47 17.67 19.71 19.71 21.90 21.53 23.36 23.51 18.61 19.42 20.29 13.80 16.13 7.15 10.15 7.96 16.94 16.35 15.55
15.48 15.99 16.64 16.13 16.28 11.68 8.61 10.59 7.81 9.20 12.05 11.83 13.58 14.31 13.65 14.89 16.57 15.70 15.70 15.70 14.75 13.21 13.51 11.75 11.97 11.32 12.05 12.85 15.33 14.67 18.32 19.78 18.83 18.69 18.10 18.10 17.16 18.61 19.27 19.05 19.78 19.13 18.61 18.61 18.91 21.68 16.50 16.06 16.28 18.61 19.05 19.42 18.76 23.36 26.72 25.33 25.04 24.67 15.62 10.59 11.10 9.34 14.45 12.70 12.48 17.08 19.78 19.35 19.35 21.90 24.16 24.16 22.85 17.81 19.93 19.64 13.36 0.00 3.94 4.96 16.94 16.06 15.99 18.32
15.48 15.99 16.64 16.13 16.28 11.68 8.61 10.59 7.81 9.20 12.05 11.83 13.58 14.31 13.65 14.89 16.57 15.70 15.70 15.70 14.75 13.21 13.51 11.75 11.97 11.32 12.05 12.85 15.33 14.67 18.32 19.78 18.83 18.69 18.10 18.10 17.16 18.61 19.27 19.05 19.78 19.13 18.61 18.61 18.91 21.68 16.50 16.06 16.28 18.61 19.05 19.42 18.76 23.36 26.72 25.33 25.04 24.67 15.62 10.59 11.10 9.34 14.45 12.70 12.48 17.08 19.78 19.35 19.35 21.90 24.16 24.16 22.85 17.81 19.93 19.64 13.36 0.00 3.94 4.96 16.94 16.06 15.99 18.32
14.60 15.18 16.64 16.43 16.72 9.71 8.69 5.69 6.64 8.83 6.06 10.00 10.37 13.36 12.41 13.87 14.38 14.31 14.31 14.53 12.12 10.15 9.86 10.15 12.12 11.61 12.78 14.97 15.70 16.06 17.37 18.25 18.32 20.81 17.81 16.64 17.23 17.67 17.59 14.31 16.43 18.25 15.70 15.70 15.62 15.62 15.70 15.33 15.11 14.38 16.79 17.81 17.81 17.08 20.59 22.78 20.95 15.84 17.16 12.70 20.44 17.37 16.57 20.22 17.89 17.89 19.56 21.83 21.83 21.53 23.94 21.53 20.00 20.44 20.44 12.70 14.38 0.00 3.87 0.00 10.07 13.87 13.87 15.99
14.38 14.24 17.01 17.30 18.32 11.75 13.72 8.25 8.18 4.67 9.05 9.42 14.45 14.45 16.13 15.48 15.18 13.72 13.72 12.78 12.99 11.97 9.42 9.86 12.12 14.02 16.64 15.77 16.43 16.86 16.50 18.91 22.05 22.56 20.00 17.16 14.53 11.61 12.05 11.24 12.85 15.99 14.75 14.75 15.70 18.32 15.48 13.43 14.16 13.51 14.24 16.86 17.96 21.02 20.29 22.27 23.14 20.15 26.43 25.55 24.38 27.52 23.36 24.45 19.64 21.10 21.61 23.43 23.43 28.18 28.40 24.82 18.61 11.17 11.75 10.07 3.50 4.16 3.29 7.52 6.79 7.88 9.93 12.70
12.70 14.16 13.21 17.74 16.50 18.76 18.61 13.07 11.46 9.64 7.96 10.73 11.10 11.02 15.99 12.19 11.39 13.36 13.36 13.72 13.43 12.48 11.68 11.75 12.41 14.75 16.94 17.30 18.98 17.16 16.43 15.91 17.45 21.24 20.73 12.63 10.00 7.37 1.83 5.84 4.53 13.21 9.93 9.93 16.79 19.93 18.91 15.55 20.22 19.78 19.71 17.89 19.27 24.09 23.58 23.58 24.97 29.49 28.54 27.89 27.30 28.91 25.62 23.73 24.67 22.70 26.65 25.62 25.62 28.84 16.06 19.49 13.65 7.96 4.16 7.88 2.63 2.41 1.97 2.48 5.77 5.69 7.74 9.42
11.53 11.68 12.34 12.92 13.21 14.82 18.61 10.07 12.78 12.92 19.86 16.13 19.05 12.56 13.94 10.44 10.59 11.53 11.53 11.75 12.41 12.85 12.85 15.04 15.70 15.40 17.08 15.70 17.45 11.02 9.93 7.52 8.98 9.86 9.56 9.78 7.81 0.00 0.00 2.48 4.74 11.83 14.67 14.67 14.02 19.05 19.64 17.52 22.12 25.55 22.48 25.99 25.11 26.57 27.67 31.54 29.71 30.51 28.69 26.06 28.03 28.25 27.38 26.65 26.50 26.43 27.38 21.24 21.24 11.83 14.82 4.45 3.65 3.94 2.48 1.53 2.26 0.95 1.46 1.17 2.04 4.53 3.80 6.72
10.66 11.17 13.43 12.56 12.85 13.51 19.93 13.87 20.59 19.71 23.58 23.94 28.18 25.19 22.48 18.69 15.99 17.74 17.74 14.67 12.56 12.92 17.45 16.79 18.54 18.18 18.25 22.05 16.28 14.38 11.97 7.96 6.35 6.72 5.18 0.80 0.00 0.00 0.00 0.00 4.16 8.40 11.02 11.02 7.88 8.40 10.95 9.64 17.81 9.71 12.48 20.00 26.50 23.94 21.97 28.03 28.32 21.02 20.81 22.63 20.66 25.55 24.82 27.38 26.94 25.62 26.21 20.00 20.00 15.84 6.94 7.01 9.20 2.77 2.56 2.56 2.19 2.34 1.31 1.17 1.10 1.31 1.31 4.38
10.66 11.17 13.43 12.56 12.85 13.51 19.93 13.87 20.59 19.71 23.58 23.94 28.18 25.19 22.48 18.69 15.99 17.74 17.74 14.67 12.56 12.92 17.45 16.79 18.54 18.18 18.25 22.05 16.28 14.38 11.97 7.96 6.35 6.72 5.18 0.80 0.00 0.00 0.00 0.00 4.16 8.40 11.02 11.02 7.88 8.40 10.95 9.64 17.81 9.71 12.48 20.00 26.50 23.94 21.97 28.03 28.32 21.02 20.81 22.63 20.66 25.55 24.82 27.38 26.94 25.62 26.21 20.00 20.00 15.84 6.94 7.01 9.20 2.77 2.56 2.56 2.19 2.34 1.31 1.17 1.10 1.31 1.31 4.38
9.56 9.86 11.32 13.65 14.02 17.30 14.60 17.67 21.24 24.45 23.65 26.79 27.23 26.79 24.60 22.63 20.59 18.61 18.61 17.81 18.10 18.91 18.69 18.47 21.61 19.86 20.81 22.48 14.75 21.83 11.83 8.25 5.69 3.65 1.17 0.00 0.00 0.00 0.00 0.00 0.00 0.66 1.02 1.02 2.48 0.00 4.02 0.00 3.43 2.56 7.52 11.53 5.18 12.78 11.02 19.71 10.00 13.65 10.07 18.18 17.59 21.02 20.88 19.56 25.70 25.48 20.08 21.32 21.32 19.13 22.41 14.31 14.60 11.24 4.89 5.18 2.85 1.17 1.10 0.15 0.95 0.51 0.37 0.88
11.83 10.37 10.59 12.05 12.99 18.47 17.96 18.18 23.21 28.03 25.04 23.80 24.82 24.02 22.48 18.61 18.10 17.08 17.08 17.23 18.61 19.56 21.17 21.38 21.50 21.21 17.99 19.05 14.89 11.75 14.31 7.66 3.87 5.26 1.68 0.00 0.22 0.15 0.00 1.31 0.37 1.02 0.80 0.80 1.17 0.00 0.00 0.00 0.00 0.00 0.00 0.00 2.19 4.45 0.00 3.07 2.48 7.23 9.27 15.70 17.08 17.37 17.37 18.98 18.83 24.24 19.42 19.93 19.93 19.35 21.61 18.69 11.90 13.36 6.86 4.45 2.92 0.88 1.17 1.39 0.00 0.58 0.88 0.80
14.82 15.62 15.55 18.47 18.40 25.11 21.68 28.47 28.40 27.52 24.82 19.64 19.27 16.72 18.32 17.81 13.87 16.72 16.72 18.40 21.39 24.24 23.43 24.33 27.21 22.20 23.97 18.59 23.51 21.24 17.16 12.05 6.94 9.20 3.58 5.04 1.61 0.37 3.87 0.66 2.04 0.44 0.37 0.37 0.00 0.00 0.00 0.00 0.00 0.00 0.00 0.00 0.00 0.00 0.00 0.00 2.48 0.00 6.86 10.95 16.28 14.89 15.04 16.21 15.11 17.08 17.81 18.61 18.61 20.66 20.22 18.32 13.80 8.18 8.47 8.91 8.32 2.99 2.99 2.70 0.80 1.02 0.00 0.07
16.64 16.43 18.76 24.09 20.73 24.31 27.38 28.11 28.18 25.92 18.98 15.33 12.92 14.09 9.93 14.16 12.56 17.01 17.01 22.63 22.41 22.01 23.78 20.24 25.19 25.49 26.11 23.08 23.86 23.39 19.49 15.40 19.71 15.33 8.76 4.53 6.57 4.67 5.33 2.48 1.68 0.29 0.37 0.37 0.00 0.00 0.00 0.00 0.00 0.00 0.00 0.00 0.00 0.00 0.00 0.00 0.00 2.48 8.83 7.88 14.24 15.62 18.76 15.33 15.91 17.74 20.51 18.47 18.47 24.82 18.40 18.98 17.89 11.83 12.41 11.90 10.73 5.11 3.21 3.21 1.68 0.00 0.22 0.51
15.18 14.67 21.53 15.40 17.96 22.70 27.01 27.08 23.07 17.30 11.24 12.34 10.80 8.18 8.76 12.63 17.89 18.61 18.61 18.42 15.48 12.52 14.68 13.14 19.71 23.94 24.53 27.06 27.62 26.25 26.85 27.59 25.26 19.35 16.28 18.40 11.68 6.35 3.80 4.02 2.41 0.51 0.22 0.22 0.00 0.00 0.00 0.00 0.00 0.00 0.00 0.00 0.00 0.00 0.00 0.00 0.00 0.00 6.79 12.05 10.07 16.79 19.35 19.56 19.64 21.46 23.43 25.77 25.77 25.77 23.21 18.32 13.87 14.31 12.99 10.88 11.61 5.40 4.02 3.21 2.04 0.58 0.37 0.29
15.18 14.67 21.53 15.40 17.96 22.70 27.01 27.08 23.07 17.30 11.24 12.34 10.80 8.18 8.76 12.63 17.89 18.61 18.71 19.02 15.72 13.41 14.31 13.48 19.42 23.94 23.80 25.14 25.81 26.65 27.12 28.74 28.38 20.47 16.70 18.40 11.68 6.35 3.80 4.02 2.41 0.51 0.22 0.22 0.00 0.00 0.00 0.00 0.00 0.00 0.00 0.00 0.00 0.00 0.00 0.00 0.00 0.00 6.79 12.05 10.07 16.79 19.35 19.56 19.64 21.46 23.43 25.77 25.77 25.77 23.21 18.32 13.87 14.31 12.99 10.88 11.61 5.40 4.02 3.21 2.04 0.58 0.37 0.29
15.70 14.38 12.99 15.91 13.21 18.10 15.48 20.88 25.11 21.24 23.43 18.32 12.99 10.44 8.47 18.18 20.15 19.78 19.78 14.67 11.61 7.08 6.68 6.37 11.08 9.00 23.08 18.71 24.31 29.57 29.27 27.61 32.26 28.18 25.96 22.39 17.18 17.37 7.88 6.64 3.50 1.10 1.97 1.97 0.66 0.37 0.00 0.22 0.00 0.00 0.00 0.00 0.00 0.00 0.00 0.00 0.00 0.00 0.00 9.27 10.95 18.32 18.18 20.59 25.04 24.45 25.84 24.97 24.97 23.21 23.36 18.25 13.07 12.92 11.68 13.87 6.94 8.10 4.53 4.31 3.58 1.31 0.29 0.00
15.26 15.62 12.63 11.53 11.17 12.48 17.01 15.55 23.00 23.07 24.60 23.94 14.82 16.50 15.84 17.08 21.97 19.20 19.20 18.64 13.29 6.46 4.53 4.74 6.38 5.71 9.42 12.18 20.11 26.03 28.76 29.78 29.49 31.38 32.22 27.62 21.27 23.04 12.92 9.27 6.79 4.45 1.97 1.97 3.94 0.00 0.00 0.00 0.95 0.00 0.00 0.00 0.00 0.00 0.00 0.00 0.00 0.00 0.00 5.33 8.32 8.40 19.35 17.16 27.01 24.82 25.77 21.75 21.75 22.27 17.23 17.67 14.82 11.68 11.90 11.17 8.47 5.99 5.55 5.18 5.33 5.26 5.33 1.75
16.50 17.67 22.48 21.39 17.16 13.14 14.31 21.53 21.39 21.46 21.75 21.02 17.59 9.56 11.39 12.56 15.40 13.80 13.80 14.45 12.12 7.74 6.72 4.89 4.23 7.23 5.99 8.55 16.22 20.98 25.33 28.69 30.51 30.15 32.89 31.01 28.24 25.70 19.20 16.94 13.36 9.64 7.30 7.30 2.48 0.00 0.07 0.58 0.29 0.37 0.00 0.00 0.00 0.00 0.00 0.00 0.00 0.00 0.00 0.00 5.55 6.20 15.70 21.17 18.91 22.41 18.54 17.81 17.81 15.84 13.87 7.74 8.32 9.49 8.98 8.10 8.03 8.03 7.66 8.25 8.10 8.03 8.83 9.27
16.43 20.37 21.68 23.29 20.59 18.54 22.92 25.70 25.19 22.41 20.00 13.43 14.67 17.37 13.51 12.56 11.02 8.83 8.83 4.16 7.23 8.91 8.40 7.88 11.83 10.73 7.66 18.78 21.24 24.16 23.29 25.40 26.94 25.62 29.93 32.34 32.61 31.62 25.48 21.16 17.67 15.62 10.22 10.22 6.06 2.26 3.87 1.24 0.51 0.15 0.29 0.15 0.00 0.00 0.00 0.00 0.00 0.00 3.36 4.09 4.96 5.40 4.96 14.02 8.40 9.56 13.87 11.46 11.46 4.60 11.17 5.91 5.84 6.28 6.64 7.88 9.64 8.83 10.51 9.20 10.51 10.44 9.64 9.34
14.82 17.30 16.06 20.51 21.97 23.58 22.92 25.62 25.96 19.49 22.19 21.61 19.78 20.44 14.31 11.83 9.05 0.00 0.00 0.37 4.02 7.66 9.34 11.90 11.02 14.38 20.51 19.76 19.42 20.59 13.58 17.67 21.10 19.64 27.23 22.41 26.35 30.15 25.20 21.64 17.90 18.98 16.35 16.35 9.78 6.13 6.64 2.99 1.39 3.80 1.31 1.75 0.00 0.66 0.00 0.00 0.00 0.00 0.00 3.58 4.09 3.29 3.29 6.94 4.67 2.92 7.74 6.86 6.86 2.70 4.60 4.45 4.67 4.74 5.48 7.08 9.20 9.42 7.52 6.86 6.94 8.91 10.37 8.83
13.72 13.94 12.78 15.62 20.22 23.21 25.99 21.17 22.76 18.76 18.98 14.60 21.68 20.37 10.95 0.00 0.29 0.00 0.00 0.00 0.66 0.00 2.34 7.37 9.05 15.26 17.59 20.88 18.68 9.23 6.88 9.17 13.40 6.35 13.43 18.10 16.21 24.41 21.17 20.37 17.77 9.86 11.02 11.02 9.56 8.54 8.69 7.01 9.56 7.15 3.36 3.36 0.51 0.88 0.00 0.00 0.00 0.00 2.63 2.56 0.00 0.00 0.00 0.00 0.00 0.00 0.00 3.58 3.58 2.56 0.00 0.00 0.00 0.00 3.36 2.41 6.72 5.99 4.45 4.82 4.31 6.50 8.10 6.35
13.72 13.94 12.78 15.62 20.22 23.21 25.99 21.17 22.19 18.76 18.98 14.60 21.68 20.37 10.95 0.00 0.29 0.00 0.00 0.00 0.66 0.00 2.34 7.37 9.05 15.26 17.59 20.88 18.40 8.91 6.64 9.13 12.99 6.35 13.50 18.19 16.21 24.28 21.38 20.37 17.59 9.86 11.02 11.02 9.56 8.54 8.69 7.01 9.56 7.15 3.36 3.36 0.51 0.88 0.00 0.00 0.00 0.00 2.63 2.56 0.00 0.00 0.00 0.00 0.00 0.00 0.00 3.58 3.58 2.56 0.00 0.00 0.00 0.00 3.36 2.41 6.72 5.99 4.45 4.82 4.31 6.50 8.10 6.35
19.05 14.82 11.97 14.02 17.81 19.20 26.79 23.72 18.45 13.72 13.29 12.85 8.40 4.82 1.83 0.00 0.00 0.00 0.00 0.00 0.00 0.00 0.00 0.00 3.87 12.26 17.52 8.47 6.28 3.07 1.39 4.09 0.00 1.68 6.50 9.42 7.81 15.18 13.65 12.05 6.28 5.04 5.69 5.69 6.57 8.32 7.15 8.18 8.40 8.54 7.37 5.77 1.39 2.99 0.00 0.00 0.88 0.00 0.00 0.00 0.00 2.70 2.63 2.26 0.00 0.00 0.73 0.00 0.00 0.00 0.00 0.00 0.00 0.00 0.88 0.00 0.00 0.00 0.00 2.41 4.82 4.16 6.57 6.86
