Wansh/Snow_depth/snowdepth-1992/spring/1992103.txt
ncols 321
nrows 161
xllcenter 60
yllcenter 15 
cellsize  0.25 
NODATA_value -1
[rows 0 to 36 of 161, columns 84 to 167 of 321]
21.10 19.42 21.83 21.83 21.39 21.02 19.05 21.10 17.30 15.04 0.00 0.00 0.00 0.00 0.00 0.00 0.00 0.00 0.00 0.00 0.00 0.00 0.00 0.00 0.00 0.00 0.00 0.00 0.00 0.00 0.00 0.00 0.00 5.40 5.77 5.99 8.76 4.67 7.52 7.52 5.33 4.96 7.88 7.88 5.84 5.77 3.29 2.92 3.21 4.45 5.99 6.57 4.53 4.96 6.57 6.20 6.20 6.20 6.06 5.26 3.21 3.21 2.77 3.58 2.92 3.72 2.99 4.67 4.67 4.60 6.64 7.66 7.59 7.01 8.25 7.81 10.22 10.44 10.44 11.46 11.53 11.90 12.48 13.21
25.62 24.24 23.43 27.08 26.65 24.82 23.36 23.58 20.44 21.61 18.32 18.69 0.00 0.00 0.00 0.00 0.00 0.00 0.00 0.00 0.00 0.00 0.00 0.00 0.00 0.00 0.00 0.00 0.00 0.00 0.00 0.00 2.70 0.00 4.31 0.00 2.56 3.14 2.04 1.46 5.18 8.40 8.25 8.25 7.66 7.45 7.66 3.94 3.65 3.58 3.29 4.74 2.70 2.63 2.63 4.02 5.91 5.62 7.08 7.01 8.10 8.69 5.26 4.96 5.04 5.55 6.28 6.13 6.13 9.34 9.49 9.86 7.88 8.61 7.15 12.63 11.24 9.42 9.05 9.56 10.22 9.13 10.73 9.05
28.47 27.96 27.01 27.08 25.55 21.02 26.94 27.38 27.52 25.19 27.52 0.00 0.00 0.00 0.00 0.00 0.00 0.00 0.00 0.00 0.00 0.00 0.00 0.00 0.00 0.00 0.00 0.00 0.00 0.00 0.00 0.00 0.00 0.00 0.00 0.00 3.21 2.12 1.90 4.23 4.60 6.50 3.50 3.50 3.72 10.37 12.78 12.41 11.90 4.38 4.31 3.94 2.70 2.48 3.29 2.99 4.09 5.62 7.88 9.42 9.49 10.37 11.90 12.05 11.61 12.85 8.83 11.61 11.61 11.24 11.90 9.20 9.78 9.34 13.43 12.48 15.77 12.05 13.36 9.49 8.98 9.20 7.74 9.49
28.47 27.96 27.01 27.08 25.55 21.02 26.94 27.38 27.52 25.19 27.52 0.00 0.00 0.00 0.00 0.00 0.00 0.00 0.00 0.00 0.00 0.00 0.00 0.00 0.00 0.00 0.00 0.00 0.00 0.00 0.00 0.00 0.00 0.00 0.00 0.00 3.21 2.12 1.90 4.23 4.60 6.50 3.50 3.50 3.72 10.37 12.78 12.41 11.90 4.38 4.31 3.94 2.70 2.48 3.29 2.99 4.09 5.62 7.88 9.42 9.49 10.37 11.90 12.05 11.61 12.85 8.83 11.61 11.61 11.24 11.90 9.20 9.78 9.34 13.43 12.48 15.77 12.05 13.36 9.49 8.98 9.20 7.74 9.49
31.32 24.67 15.48 19.86 25.33 23.58 27.23 17.89 23.43 26.72 25.33 0.00 0.00 0.00 0.00 0.00 0.00 0.00 0.00 0.00 0.00 0.00 0.00 0.00 0.00 0.00 0.00 0.00 0.00 0.00 0.00 0.00 0.00 0.00 6.13 5.69 5.04 3.29 3.80 4.89 0.00 0.00 1.75 1.75 4.02 2.85 12.92 14.38 13.80 13.80 5.55 5.77 3.72 2.85 3.14 3.14 2.85 4.74 6.35 5.69 7.59 10.88 12.48 12.92 13.07 13.87 14.02 14.16 14.16 12.70 12.41 12.26 12.78 12.34 12.34 13.07 14.60 14.38 13.43 12.34 12.56 11.10 6.35 6.86
16.43 17.81 14.89 16.43 11.68 12.12 14.24 13.36 17.59 13.51 16.50 16.35 0.00 0.00 0.00 0.00 0.00 0.00 0.00 0.00 0.00 0.00 0.00 0.00 0.00 0.00 0.00 0.00 0.00 0.00 0.00 0.00 0.00 0.00 6.20 5.91 3.50 3.72 0.00 0.00 0.00 0.00 0.00 0.00 0.66 5.55 3.29 10.66 14.97 15.70 9.05 0.00 5.26 3.58 2.77 2.99 3.36 4.38 4.45 6.64 6.57 9.86 13.65 13.14 15.70 15.70 15.26 12.41 12.41 13.07 11.10 12.99 12.48 13.14 12.63 12.48 12.26 12.41 12.34 12.78 12.85 13.21 11.75 9.42
15.70 11.39 13.36 13.07 13.29 13.14 13.51 11.10 11.90 10.37 0.00 0.00 0.00 0.00 0.00 0.00 0.00 0.00 0.00 0.00 0.00 0.00 0.00 0.00 0.00 0.00 0.00 0.00 0.00 0.00 0.00 0.00 0.00 0.00 5.55 5.62 4.31 0.00 0.00 0.00 0.00 0.00 0.00 0.00 3.36 2.19 10.95 11.24 11.68 10.00 11.68 0.00 3.29 3.43 2.77 3.29 3.36 4.31 6.79 6.72 7.96 8.54 12.70 15.04 14.97 15.91 15.40 15.55 15.55 13.87 13.94 13.80 14.53 15.62 15.70 14.82 13.80 13.94 10.88 11.53 10.80 12.34 11.75 12.48
15.70 11.39 13.36 13.07 13.29 13.14 13.51 11.10 11.90 10.37 0.00 0.00 0.00 0.00 0.00 0.00 0.00 0.00 0.00 0.00 0.00 0.00 0.00 0.00 0.00 0.00 0.00 0.00 0.00 0.00 0.00 0.00 0.00 0.00 5.55 5.62 4.31 0.00 0.00 0.00 0.00 0.00 0.00 0.00 3.36 2.19 10.95 11.24 11.68 10.00 11.68 0.00 3.29 3.43 2.77 3.29 3.36 4.31 6.79 6.72 7.96 8.54 12.70 15.04 14.97 15.91 15.40 15.55 15.55 13.87 13.94 13.80 14.53 15.62 15.70 14.82 13.80 13.94 10.88 11.53 10.80 12.34 11.75 12.48
4.82 8.61 11.39 9.49 13.87 13.21 14.09 10.22 4.45 5.26 0.00 0.00 0.00 0.00 0.00 0.00 0.00 0.00 0.00 0.00 0.00 0.00 0.00 0.00 0.00 0.00 0.00 0.00 0.00 0.00 0.00 0.00 0.00 0.00 0.00 5.84 6.42 0.00 0.00 0.00 0.00 0.00 0.00 0.00 0.00 0.00 0.00 7.96 5.18 5.33 5.77 4.23 4.38 3.87 4.82 4.23 4.74 4.82 6.13 7.37 7.01 9.93 11.02 10.80 12.41 13.65 14.97 12.85 12.85 13.14 12.78 14.60 14.09 15.84 15.70 15.84 14.97 14.53 15.70 13.14 13.58 10.37 11.39 11.24
0.00 0.00 0.00 5.77 9.13 0.00 0.00 0.00 0.00 0.00 0.00 0.00 0.00 0.00 0.00 0.00 0.00 0.00 0.00 0.00 0.00 0.00 0.00 0.00 0.00 0.00 0.00 0.00 0.00 0.00 0.00 0.00 0.00 0.00 0.00 0.00 0.00 0.00 0.00 0.00 0.00 0.00 5.40 5.40 0.00 0.00 3.72 4.09 4.67 6.28 6.20 8.40 9.20 6.35 4.82 5.48 5.26 7.01 6.72 7.08 7.96 7.96 9.78 11.90 11.61 13.36 12.78 12.92 12.92 12.99 13.65 13.58 16.13 16.57 16.50 14.38 16.13 17.08 17.16 14.89 11.53 12.56 10.22 10.37
0.00 0.00 0.00 0.00 0.00 0.00 0.00 0.00 0.00 0.00 0.00 0.00 0.00 0.00 0.00 0.00 0.00 0.00 0.00 0.00 0.00 0.00 0.00 0.00 0.00 0.00 0.00 0.00 0.00 0.00 0.00 0.00 0.00 0.00 0.00 0.00 5.91 5.99 0.00 5.33 8.32 0.00 7.08 7.08 6.57 7.30 4.16 4.67 4.23 7.15 9.13 8.18 11.75 8.18 9.34 7.96 8.83 8.32 9.20 7.88 9.20 7.52 9.56 9.20 11.39 12.78 13.87 14.60 14.60 14.38 14.82 16.06 18.91 17.89 14.89 16.35 13.65 14.38 15.26 14.02 14.53 12.34 11.32 11.39
0.00 0.00 0.00 0.00 0.00 0.00 0.00 0.00 0.00 0.00 0.00 0.00 0.00 0.00 0.00 0.00 0.00 0.00 0.00 0.00 0.00 0.00 0.00 0.00 0.00 0.00 0.00 0.00 0.00 0.00 0.00 0.00 0.00 0.00 0.00 0.00 5.91 5.99 0.00 5.33 8.32 0.00 7.08 7.08 6.57 7.30 4.16 4.67 4.23 7.15 9.13 8.18 11.75 8.18 9.34 7.96 8.83 8.32 9.20 7.88 9.20 7.52 9.56 9.20 11.39 12.78 13.87 14.60 14.60 14.38 14.82 16.06 18.91 17.89 14.89 16.35 13.65 14.38 15.26 14.02 14.53 12.34 11.32 11.39
0.00 0.00 0.00 0.00 0.00 0.00 0.00 0.00 0.00 0.00 0.00 0.00 0.00 0.00 0.00 0.00 0.00 0.00 0.00 0.00 0.00 0.00 0.00 0.00 0.00 0.00 0.00 0.00 0.00 0.00 0.00 0.00 0.00 0.00 8.03 7.96 6.50 12.19 6.13 5.91 9.49 7.88 8.61 8.61 5.48 4.09 4.16 4.74 7.23 7.30 8.40 13.14 13.51 8.69 7.81 7.59 8.03 10.07 12.34 10.80 8.61 8.91 9.86 11.46 11.32 12.48 14.02 13.87 13.87 16.86 18.83 18.83 19.05 19.71 18.47 19.27 14.60 15.04 14.82 15.48 14.60 13.58 12.99 14.82
0.00 0.00 0.00 0.00 0.00 0.00 0.00 0.00 0.00 0.00 0.00 0.00 0.00 0.00 0.00 0.00 0.00 0.00 0.00 0.00 0.00 0.00 0.00 0.00 0.00 0.00 0.00 0.00 0.00 5.18 5.77 5.48 12.85 11.75 11.10 15.26 14.02 13.87 9.49 9.71 9.78 6.28 0.00 0.00 5.11 3.80 3.58 3.36 5.84 5.18 5.04 4.74 1.90 2.85 3.58 4.02 3.50 6.28 7.52 6.28 7.01 8.76 10.51 12.78 12.92 13.36 14.53 16.50 16.50 15.91 18.98 20.22 18.91 20.37 17.37 18.03 12.12 14.09 8.40 11.75 11.10 12.12 9.78 9.64
0.00 0.00 0.00 0.00 0.00 13.94 8.91 0.00 0.00 0.00 0.00 0.00 0.00 0.00 0.00 0.00 0.00 0.00 0.00 0.00 0.00 0.00 0.00 0.00 0.00 0.00 0.00 6.20 6.28 10.00 15.77 15.70 15.40 16.79 15.11 14.82 9.93 6.86 8.10 0.00 2.63 3.50 0.00 0.00 2.85 0.00 2.99 3.43 4.09 4.38 2.48 2.48 1.17 0.00 0.00 0.00 2.04 0.95 4.16 4.82 6.13 5.62 7.52 10.22 9.49 13.87 14.45 14.45 14.45 16.21 18.18 17.59 18.10 14.67 15.48 14.53 14.45 4.09 0.00 2.19 1.17 7.66 9.05 11.17
0.00 0.00 7.88 12.92 11.53 14.97 14.31 11.61 0.00 0.00 0.00 0.00 0.00 0.00 0.00 0.00 0.00 0.00 0.00 0.00 0.00 0.00 0.00 5.99 7.45 8.40 8.10 8.18 11.32 10.88 15.04 15.40 16.13 16.50 13.29 7.08 8.69 2.12 0.00 0.00 2.70 4.82 3.94 3.94 3.58 7.23 7.01 5.91 4.96 4.09 4.16 4.96 2.48 2.56 1.97 0.95 1.24 1.39 2.99 2.48 6.28 5.40 5.18 6.86 10.73 9.49 14.31 16.06 16.06 15.77 17.23 16.86 9.49 5.04 10.66 8.47 5.91 7.59 0.15 0.80 1.46 2.56 3.65 7.52
0.00 0.00 7.88 12.92 11.53 14.97 14.31 11.61 0.00 0.00 0.00 0.00 0.00 0.00 0.00 0.00 0.00 0.00 0.00 0.00 0.00 0.00 0.00 5.99 7.45 8.40 8.10 8.18 11.32 10.88 15.04 15.40 16.13 16.50 13.29 7.08 8.69 2.12 0.00 0.00 2.70 4.82 3.94 3.94 3.58 7.23 7.01 5.91 4.96 4.09 4.16 4.96 2.48 2.56 1.97 0.95 1.24 1.39 2.99 2.48 6.28 5.40 5.18 6.86 10.73 9.49 14.31 16.06 16.06 15.77 17.23 16.86 9.49 5.04 10.66 8.47 5.91 7.59 0.15 0.80 1.46 2.56 3.65 7.52
0.00 0.00 11.32 15.77 18.18 19.13 20.37 15.62 0.00 0.00 0.00 0.00 0.00 0.00 0.00 0.00 0.00 0.00 0.00 0.00 0.00 0.00 0.00 0.00 0.00 8.03 8.32 8.83 10.66 12.41 15.18 15.18 17.89 14.97 15.40 12.26 3.07 2.63 6.50 4.60 4.02 6.94 6.35 6.35 7.08 7.37 7.52 10.29 5.77 3.65 3.65 3.65 2.56 3.29 5.11 3.94 3.29 3.36 5.40 9.78 9.13 13.58 12.26 10.73 11.02 10.15 13.80 13.07 13.07 19.13 18.91 11.24 13.58 5.26 6.64 5.77 7.88 1.31 0.00 1.02 0.29 1.53 0.00 2.12
0.00 0.00 11.46 9.05 14.53 20.95 20.00 20.00 0.00 0.00 0.00 0.00 0.00 0.00 0.00 0.00 0.00 0.00 0.00 0.00 0.00 3.58 0.00 0.00 0.00 8.98 11.39 11.17 12.63 12.63 15.77 18.98 18.61 18.03 15.18 16.43 9.93 7.96 8.40 4.82 6.79 6.86 5.48 5.48 5.40 10.07 8.91 14.75 11.46 13.58 1.61 0.00 0.00 0.00 0.00 0.00 2.99 6.64 12.48 11.53 16.21 16.06 17.08 12.85 11.75 12.41 12.85 20.08 20.08 19.05 21.53 12.41 5.48 3.58 2.92 2.48 0.44 0.00 0.00 0.00 0.00 0.00 0.00 0.00
0.00 0.00 0.00 0.00 9.05 15.18 11.24 0.00 0.00 0.00 0.00 0.00 0.00 0.00 0.00 0.00 0.00 4.31 4.31 4.53 5.33 3.87 3.94 7.52 9.34 8.03 14.16 11.83 12.56 12.26 9.49 16.72 15.33 13.21 17.01 10.22 11.02 5.84 2.63 2.56 2.48 3.65 4.60 4.60 4.74 6.57 18.32 16.94 15.26 5.18 8.54 0.00 0.00 0.00 0.00 1.17 4.23 3.58 8.76 13.36 11.90 18.18 18.03 16.57 16.86 16.21 20.15 18.54 18.54 18.47 9.56 3.87 4.60 1.75 1.02 0.00 0.00 0.00 0.00 0.00 0.00 0.00 0.00 0.00
0.00 0.00 0.00 0.00 0.00 0.00 7.08 0.00 0.00 0.00 0.00 0.00 0.00 0.00 0.00 0.00 0.00 7.15 7.15 8.47 8.61 12.05 12.34 10.07 12.56 15.11 14.97 12.41 10.07 6.79 7.08 5.33 8.83 8.91 8.40 7.01 1.39 1.68 0.00 2.41 0.00 3.72 3.21 3.21 4.16 3.87 7.23 11.75 16.43 11.61 5.55 6.35 5.99 9.86 11.97 4.89 4.23 3.94 3.94 8.54 13.72 12.99 15.48 16.28 16.79 16.21 17.23 16.43 16.43 17.67 11.02 2.85 0.00 0.00 0.00 0.00 0.00 0.00 0.00 0.00 0.00 0.00 0.00 0.00
0.00 0.00 0.00 0.00 0.00 9.64 11.90 0.00 0.00 0.00 0.00 0.00 0.00 0.00 0.00 0.00 0.00 0.00 0.00 9.34 12.56 14.82 14.38 13.80 16.06 17.37 19.27 19.27 14.60 11.39 4.82 5.62 3.43 5.48 1.68 2.63 0.88 0.00 0.00 0.00 4.53 2.63 2.85 2.85 0.73 3.94 4.02 4.60 7.52 7.23 7.23 7.15 10.37 9.49 12.48 10.59 10.95 5.84 1.68 4.09 7.01 6.79 7.23 12.19 14.16 13.36 9.93 10.73 10.73 7.45 4.60 0.66 0.88 0.00 0.00 0.00 0.00 0.00 0.00 0.00 0.00 0.00 0.00 0.00
0.00 0.00 0.00 0.00 0.00 9.64 11.90 0.00 0.00 0.00 0.00 0.00 0.00 0.00 0.00 0.00 0.00 0.00 0.00 9.34 12.56 14.82 14.38 13.80 16.06 17.37 19.27 19.27 14.60 11.39 4.82 5.62 3.43 5.48 1.68 2.63 0.88 0.00 0.00 0.00 4.53 2.63 2.85 2.85 0.73 3.94 4.02 4.60 7.52 7.23 7.23 7.15 10.37 9.49 12.48 10.59 10.95 5.84 1.68 4.09 7.01 6.79 7.23 12.19 14.16 13.36 9.93 10.73 10.73 7.45 4.60 0.66 0.88 0.00 0.00 0.00 0.00 0.00 0.00 0.00 0.00 0.00 0.00 0.00
0.00 0.00 0.00 0.00 9.78 13.87 15.62 0.00 0.00 0.00 0.00 0.00 0.00 0.00 0.00 0.00 8.18 9.27 9.27 8.91 11.17 15.91 16.06 17.81 17.16 20.08 18.54 14.38 11.61 12.12 8.40 3.07 4.09 2.70 0.73 0.00 0.00 0.00 0.00 0.00 0.00 1.39 0.00 0.00 0.00 0.00 0.00 0.00 0.00 0.00 0.00 0.00 5.48 7.52 7.23 8.03 5.55 6.35 2.26 3.29 6.13 5.91 5.69 10.66 15.48 15.55 10.15 7.52 7.52 7.88 7.88 6.72 5.91 2.12 0.00 0.07 0.00 0.00 0.00 0.00 0.00 0.00 0.00 0.00
0.00 0.00 8.32 14.53 13.29 15.62 0.00 0.00 0.00 0.00 0.00 0.00 0.00 0.00 0.00 0.00 8.47 11.75 11.75 18.18 20.29 20.08 19.42 23.02 19.22 22.10 18.43 15.26 12.19 11.32 12.26 5.91 3.72 4.82 0.00 0.00 0.80 0.51 1.17 1.61 1.24 1.39 0.00 0.00 0.00 0.00 0.00 0.00 0.00 0.00 0.00 0.00 0.00 0.00 0.00 0.00 0.00 0.00 2.56 3.36 7.52 5.62 6.28 8.40 16.50 13.94 11.02 9.93 9.93 9.64 11.24 8.10 9.64 4.23 1.97 0.58 0.00 0.00 0.00 0.00 0.00 0.00 0.00 0.00
0.00 5.91 11.39 17.37 13.94 23.00 0.00 0.00 0.00 0.00 0.00 0.00 0.00 0.00 0.00 0.00 0.00 11.39 11.39 15.18 22.34 14.09 19.71 20.63 22.46 19.07 19.13 18.36 18.83 15.26 11.39 12.78 6.42 6.28 6.42 1.46 1.75 3.36 3.29 2.19 1.02 0.00 0.00 0.00 0.00 0.00 0.00 0.00 0.00 0.00 0.00 0.00 0.00 0.00 0.00 0.00 0.00 0.00 0.00 7.52 10.73 11.10 8.76 10.15 10.44 10.95 10.00 9.34 9.34 9.34 8.83 9.20 4.96 3.50 1.46 3.72 1.90 2.04 0.00 0.00 0.00 0.00 0.00 0.00
0.00 0.00 7.66 3.07 5.84 8.61 0.00 0.00 0.00 0.00 0.00 0.00 0.00 0.00 0.00 0.00 0.00 0.00 0.00 0.00 0.00 0.00 11.97 9.93 7.87 15.89 10.89 17.62 17.23 15.49 15.11 15.11 14.97 9.78 9.13 4.45 3.87 4.38 2.63 1.75 0.44 0.29 0.00 0.00 0.00 0.00 0.00 0.00 0.00 0.00 0.00 0.00 0.00 0.00 0.00 0.00 0.00 0.00 0.00 0.00 10.59 11.39 11.61 11.24 8.40 7.88 15.26 11.02 11.02 17.01 11.39 7.74 5.69 5.99 5.84 4.45 3.50 2.63 0.15 0.00 0.00 0.00 0.00 0.00
0.00 0.00 0.00 0.00 2.12 0.00 0.00 0.00 0.00 0.00 0.00 0.00 0.00 0.00 0.00 0.00 0.00 0.00 0.00 0.00 0.00 0.00 0.00 0.00 0.00 8.10 0.00 13.73 14.52 11.36 16.36 15.99 14.53 14.45 13.14 12.99 6.28 6.94 3.94 2.48 0.22 0.22 0.00 0.00 1.83 1.46 0.00 0.00 0.00 0.00 0.00 0.00 0.00 0.00 0.00 0.00 0.00 0.00 0.00 0.00 6.20 12.63 12.34 17.08 16.13 16.79 16.79 18.91 18.91 14.97 16.43 11.90 11.68 7.23 6.72 6.13 2.56 0.66 0.00 0.00 0.00 0.00 0.00 0.00
0.00 0.00 0.00 0.00 2.12 0.00 0.00 0.00 0.00 0.00 0.00 0.00 0.00 0.00 0.00 0.00 0.00 0.00 0.00 0.00 0.00 0.00 0.00 0.00 0.00 8.10 0.00 12.76 13.57 11.53 16.53 16.65 16.32 15.30 13.48 12.99 6.28 6.94 3.94 2.48 0.22 0.22 0.00 0.00 1.83 1.46 0.00 0.00 0.00 0.00 0.00 0.00 0.00 0.00 0.00 0.00 0.00 0.00 0.00 0.00 6.20 12.63 12.34 17.08 16.13 16.79 16.79 18.91 18.91 14.97 16.43 11.90 11.68 7.23 6.72 6.13 2.56 0.66 0.00 0.00 0.00 0.00 0.00 0.00
0.00 0.00 0.00 2.56 0.00 0.00 0.00 0.00 0.00 0.00 0.00 0.00 0.00 0.00 0.00 0.00 0.00 0.00 0.00 0.00 0.00 0.00 0.00 0.00 0.00 0.00 0.00 0.00 5.11 4.48 4.06 14.30 12.90 18.02 15.73 16.42 15.63 6.13 6.64 3.65 3.80 0.29 0.00 0.00 1.68 1.61 1.83 0.73 0.00 0.00 0.00 0.00 0.00 0.00 0.00 0.00 0.00 0.00 0.00 0.00 0.00 8.10 7.45 13.65 18.32 17.81 17.52 19.64 19.64 20.81 14.75 11.24 6.06 6.79 7.74 7.59 4.89 2.92 0.00 0.00 0.00 0.00 0.00 0.00
0.00 0.00 6.42 4.31 0.88 2.85 0.00 0.00 0.00 0.00 0.00 0.00 0.00 0.00 0.00 0.00 0.00 0.00 0.00 0.00 0.00 0.00 0.00 0.00 0.00 0.00 0.00 0.00 0.00 0.00 0.00 6.79 6.57 10.81 20.39 18.15 17.71 15.70 6.86 7.08 6.86 6.28 1.53 1.53 1.46 0.88 0.00 0.00 0.00 0.07 0.00 0.00 0.00 0.00 0.00 0.00 0.00 0.00 0.00 0.00 0.00 0.00 10.15 14.82 19.13 20.37 19.49 20.22 20.22 15.62 17.23 12.63 8.54 6.86 7.81 7.01 2.63 2.56 1.02 0.00 0.51 0.00 0.00 0.00
0.00 0.00 0.00 5.04 0.00 0.00 0.00 0.00 0.00 0.00 0.00 0.00 0.00 0.00 0.00 0.00 2.70 0.88 0.88 1.24 0.00 0.00 0.00 0.00 0.00 0.00 0.00 0.00 0.00 0.00 0.00 0.00 6.13 5.26 7.61 15.95 19.49 17.45 16.28 12.26 12.19 10.00 5.33 5.33 2.04 0.00 0.00 0.00 0.00 0.00 0.00 0.00 0.00 0.00 0.00 0.00 0.00 0.00 0.00 0.00 0.00 0.00 0.00 10.37 19.05 17.96 18.69 17.52 17.52 11.17 7.23 6.13 5.18 2.41 2.70 4.16 3.94 4.09 4.23 3.58 2.04 2.56 1.02 2.19
0.00 0.00 0.00 0.00 0.00 0.00 0.00 0.00 0.00 0.00 0.00 0.00 0.00 0.00 0.00 0.00 2.92 1.61 1.61 0.00 0.00 0.00 0.00 0.00 0.00 0.00 0.00 0.00 0.00 0.00 0.00 0.00 0.00 0.00 0.00 3.65 16.45 16.26 15.27 14.89 11.90 7.88 8.61 8.61 5.18 2.77 2.70 0.15 0.00 0.00 0.00 0.00 0.00 0.00 0.00 0.00 0.00 0.00 0.80 0.00 0.00 0.00 0.00 0.00 9.34 14.16 6.64 8.25 8.25 5.69 0.00 0.00 0.00 0.37 0.66 0.00 1.90 1.83 5.04 4.82 3.94 4.60 3.94 3.07
0.00 0.00 0.00 0.00 0.00 0.00 0.00 0.00 0.00 0.00 0.00 0.00 0.00 0.00 1.39 0.00 2.19 0.58 0.58 0.00 0.00 0.00 0.00 0.00 0.00 0.00 0.00 0.00 0.00 0.00 0.00 0.00 0.00 0.00 0.00 0.00 10.66 10.07 11.34 9.73 9.61 10.00 8.18 8.18 8.91 5.48 5.11 5.11 1.46 0.66 0.51 0.00 0.00 0.00 0.00 0.00 0.00 0.00 0.00 1.02 0.95 0.00 0.00 0.00 0.00 3.21 0.00 3.50 3.50 2.92 0.00 0.00 0.00 0.00 0.00 0.00 0.44 2.92 2.63 4.53 3.58 3.80 3.72 3.87
0.00 0.00 0.00 0.00 0.00 0.00 0.00 0.00 0.00 0.00 0.00 0.00 0.00 0.00 0.00 0.00 0.00 0.00 0.00 0.00 0.00 0.00 0.00 0.00 0.00 0.00 0.00 0.00 0.00 0.00 0.00 0.00 0.00 0.00 0.00 0.00 0.44 3.61 5.48 5.48 4.28 3.94 3.50 3.50 5.33 5.77 6.13 6.42 6.57 4.96 5.48 2.26 0.00 0.00 0.00 0.00 0.00 0.00 0.00 0.00 0.00 1.02 0.00 0.00 0.00 0.00 0.00 0.00 0.00 0.00 0.00 0.00 0.00 0.00 0.00 0.00 0.00 0.00 0.00 0.88 2.19 1.31 1.46 2.12
0.00 0.00 0.00 0.00 0.00 0.00 0.00 0.00 0.00 0.00 0.00 0.00 0.00 0.00 0.00 0.00 0.00 0.00 0.00 0.00 0.00 0.00 0.00 0.00 0.00 0.00 0.00 0.00 0.00 0.00 0.00 0.00 0.00 0.00 0.00 0.00 0.44 3.59 5.53 5.48 4.23 3.94 3.50 3.50 5.33 5.77 6.13 6.42 6.57 4.96 5.48 2.26 0.00 0.00 0.00 0.00 0.00 0.00 0.00 0.00 0.00 1.02 0.00 0.00 0.00 0.00 0.00 0.00 0.00 0.00 0.00 0.00 0.00 0.00 0.00 0.00 0.00 0.00 0.00 0.88 2.19 1.31 1.46 2.12
0.00 0.00 0.00 0.00 0.00 0.00 0.00 0.00 0.00 0.00 0.00 0.00 0.00 0.00 0.00 0.00 0.00 0.00 0.00 0.00 0.00 0.00 0.00 0.00 0.00 0.00 0.00 0.00 0.00 0.00 0.00 0.00 0.00 0.00 0.00 0.00 0.58 0.07 0.44 1.46 1.46 0.00 0.00 0.00 0.00 5.04 5.26 5.11 6.35 6.13 4.09 4.60 3.14 0.00 0.00 0.00 0.00 0.00 0.00 0.00 0.00 0.00 0.29 0.00 0.00 0.00 0.00 0.00 0.00 0.00 0.00 0.00 0.00 0.00 0.00 0.00 0.00 0.00 0.00 0.00 0.00 0.00 0.00 0.00
