Wansh/Snow_depth/snowdepth-1992/spring/1992099.txt
ncols 321
nrows 161
xllcenter 60
yllcenter 15 
cellsize  0.25 
NODATA_value -1
[rows 0 to 36 of 161, columns 0 to 83 of 321]
0.07 0.07 0.00 0.29 0.00 0.58 1.31 0.73 10.88 20.88 18.76 24.45 25.84 27.96 28.54 29.78 28.69 28.25 28.84 29.27 29.64 30.30 31.32 30.73 26.65 0.00 0.00 0.00 0.00 0.00 27.89 27.89 27.89 27.45 28.54 28.69 28.54 29.05 26.72 28.11 28.11 28.62 28.11 23.80 27.38 26.50 28.91 27.67 28.69 28.40 28.32 28.32 28.76 24.97 22.78 22.78 28.40 28.98 29.20 30.30 25.84 25.33 27.01 23.00 22.70 23.36 19.93 20.22 16.57 21.10 17.89 17.37 17.30 18.18 17.67 17.67 17.67 17.96 17.45 20.22 18.10 17.89 17.37 17.52
0.00 0.00 0.00 0.44 0.58 1.02 1.61 4.09 7.88 8.10 14.53 22.56 21.10 24.31 25.62 28.25 23.80 23.87 26.13 27.59 27.89 0.00 0.00 0.00 0.00 0.00 0.00 0.00 0.00 0.00 0.00 0.00 27.96 28.69 25.40 23.43 25.99 27.08 26.65 27.59 19.64 20.22 19.86 21.53 24.31 25.84 25.04 27.38 28.47 29.42 29.05 29.05 25.70 27.30 25.33 26.13 25.62 27.08 22.85 22.85 22.12 18.76 18.61 19.64 17.96 17.89 18.32 15.99 15.99 19.05 18.18 18.18 19.93 19.49 22.70 24.31 24.31 18.83 22.41 21.90 23.80 25.04 24.38 18.40
0.00 0.00 0.00 0.37 0.66 0.29 2.77 0.00 3.72 3.07 12.63 18.03 16.86 17.81 21.53 21.39 17.30 20.37 19.20 0.00 26.35 0.00 0.00 0.00 0.00 0.00 0.00 0.00 0.00 0.00 0.00 24.38 21.24 20.66 20.73 22.63 21.39 10.44 14.16 13.80 17.89 15.11 9.42 19.20 16.35 25.55 21.83 27.96 27.01 29.13 25.26 25.26 25.04 24.38 24.09 23.58 22.48 25.33 21.24 22.41 23.29 19.71 21.39 21.75 22.78 20.00 19.64 22.05 21.53 20.59 24.89 24.60 26.94 25.26 24.67 26.57 26.57 28.25 27.96 25.62 25.33 26.72 25.55 26.06
0.00 0.00 0.00 0.37 0.66 0.29 2.77 0.00 3.72 3.07 12.63 18.03 16.86 17.81 21.53 21.39 17.30 20.37 19.20 0.00 26.35 0.00 0.00 0.00 0.00 0.00 0.00 0.00 0.00 0.00 0.00 24.38 21.24 20.66 20.73 22.63 21.39 10.44 14.16 13.80 17.89 15.11 9.42 19.20 16.35 25.55 21.83 27.96 27.01 29.13 25.26 25.26 25.04 24.38 24.09 23.58 22.48 25.33 21.24 22.41 23.29 19.71 21.39 21.75 22.78 20.00 19.64 22.05 21.53 20.59 24.89 24.60 26.94 25.26 24.67 26.57 26.57 28.25 27.96 25.62 25.33 26.72 25.55 26.06
0.00 0.00 0.00 0.00 0.00 0.00 0.00 0.00 0.00 9.20 13.80 12.85 17.23 19.35 17.59 16.57 14.82 21.97 12.70 0.00 0.00 0.00 0.00 0.00 0.00 0.00 0.00 10.22 9.05 9.71 9.93 22.78 16.21 12.19 8.47 3.80 5.18 4.96 4.09 0.00 0.00 0.00 4.31 10.00 8.18 5.62 14.89 14.38 25.70 22.56 24.38 24.38 22.78 23.29 23.73 22.92 23.73 26.94 27.08 26.06 26.86 27.08 24.31 24.31 24.09 24.31 22.92 22.70 25.48 27.67 25.84 27.74 28.98 28.69 31.10 28.54 28.54 30.51 31.10 30.66 30.59 26.43 26.13 21.75
0.00 0.00 0.00 0.00 0.00 7.45 11.46 6.06 9.64 18.32 19.78 18.98 19.42 19.27 16.79 14.67 13.72 15.11 12.48 0.00 0.00 0.00 0.00 12.70 14.16 15.55 15.55 15.70 15.26 18.40 18.54 18.83 17.81 14.31 8.32 8.69 0.80 0.00 0.00 0.00 0.00 0.00 0.00 0.00 0.00 2.56 1.02 13.43 20.08 21.61 22.34 22.34 24.67 26.65 26.13 27.96 25.40 27.74 26.86 27.52 27.52 28.11 25.55 26.06 24.82 24.89 27.01 27.67 26.65 28.40 27.16 26.86 29.42 29.71 29.49 28.62 28.62 30.44 30.44 32.27 32.85 28.47 25.26 25.92
6.94 6.94 6.64 0.00 0.00 7.74 10.00 14.38 18.40 17.59 19.56 21.75 19.49 16.64 14.75 17.23 25.40 15.55 0.00 0.00 1.75 10.07 7.74 13.58 15.91 16.94 16.94 17.89 17.59 17.67 19.27 20.15 19.42 16.64 18.25 12.05 6.13 0.95 1.83 0.00 0.88 0.00 3.29 0.00 0.51 3.36 13.58 17.30 17.08 23.00 26.65 26.65 26.13 27.08 26.06 27.30 25.77 25.99 25.70 26.94 26.43 27.45 24.82 25.33 24.75 29.20 28.76 27.81 22.48 28.62 25.92 21.97 21.17 12.41 23.58 23.43 23.43 25.40 28.11 24.82 23.94 21.10 27.52 20.08
6.94 6.94 6.64 0.00 0.00 7.74 10.00 14.38 18.40 17.59 19.56 21.75 19.49 16.64 14.75 17.23 25.40 15.55 0.00 0.00 1.75 10.07 7.74 13.58 15.91 16.94 16.94 17.89 17.59 17.67 19.27 20.15 19.42 16.64 18.25 12.05 6.13 0.95 1.83 0.00 0.88 0.00 3.29 0.00 0.51 3.36 13.58 17.30 17.08 23.00 26.65 26.65 26.13 27.08 26.06 27.30 25.77 25.99 25.70 26.94 26.43 27.45 24.82 25.33 24.75 29.20 28.76 27.81 22.48 28.62 25.92 21.97 21.17 12.41 23.58 23.43 23.43 25.40 28.11 24.82 23.94 21.10 27.52 20.08
8.03 8.03 8.10 6.79 7.30 8.98 13.51 11.68 12.05 15.26 18.03 15.33 16.21 16.72 17.96 24.38 0.00 0.00 0.00 0.00 6.20 12.12 16.35 15.99 15.99 16.57 16.57 17.37 21.39 22.92 21.02 23.00 22.48 19.93 21.61 15.62 18.32 15.40 9.86 6.42 12.05 13.14 11.97 7.45 15.48 17.96 17.16 19.35 18.10 25.84 28.40 28.40 28.62 27.81 26.28 23.58 26.28 26.72 26.86 26.86 27.52 26.79 26.79 24.67 21.24 20.22 23.21 16.57 17.89 7.88 8.83 16.06 7.15 8.18 2.85 3.58 3.58 3.29 17.37 16.79 17.16 16.06 14.53 12.78
0.00 0.00 0.00 0.00 0.00 0.00 8.61 0.00 0.00 6.42 10.29 5.40 15.40 17.81 24.89 24.24 0.00 2.92 14.24 16.21 15.99 18.18 18.25 18.32 19.27 19.13 19.13 19.42 20.88 22.56 21.68 22.85 23.43 23.07 22.19 21.46 20.00 18.91 22.05 21.32 18.61 19.71 15.77 20.66 23.80 23.43 22.05 23.36 24.60 24.75 20.22 20.22 23.29 16.79 23.87 21.53 20.08 25.19 26.94 24.53 29.13 26.06 15.55 17.45 14.24 5.69 5.11 0.00 0.00 2.41 0.00 0.00 0.00 0.00 0.00 0.22 0.22 0.00 0.00 0.00 0.00 5.91 8.83 6.79
0.00 0.00 0.00 0.00 0.00 0.00 0.00 0.00 0.00 0.00 0.00 0.00 14.24 19.56 21.02 17.96 0.00 11.90 15.70 18.47 20.29 20.44 20.81 20.81 19.71 19.71 19.71 20.15 23.58 17.89 20.73 22.85 21.53 23.14 23.43 20.44 21.61 22.63 22.19 21.39 19.56 17.89 20.37 19.42 22.34 25.70 21.39 22.63 17.96 17.16 16.64 16.64 18.40 15.55 13.80 17.37 15.70 14.02 23.14 19.13 6.35 20.37 8.98 0.00 0.00 0.00 0.00 0.00 0.00 0.00 0.00 0.00 0.00 0.00 0.95 1.83 1.83 0.00 0.00 0.00 0.00 2.04 4.31 4.38
0.00 0.00 0.00 0.00 0.00 0.00 0.00 0.00 0.00 0.00 0.00 0.00 14.24 19.56 21.02 17.96 0.00 11.90 15.70 18.47 20.29 20.44 20.81 20.81 19.71 19.71 19.71 20.15 23.58 17.89 20.73 22.85 21.53 23.14 23.43 20.44 21.61 22.63 22.19 21.39 19.56 17.89 20.37 19.42 22.34 25.70 21.39 22.63 17.96 17.16 16.64 16.64 18.40 15.55 13.80 17.37 15.70 14.02 23.14 19.13 6.35 20.37 8.98 0.00 0.00 0.00 0.00 0.00 0.00 0.00 0.00 0.00 0.00 0.00 0.95 1.83 1.83 0.00 0.00 0.00 0.00 2.04 4.31 4.38
0.00 0.00 0.00 0.00 0.00 0.00 0.00 0.00 0.00 0.00 0.00 0.00 0.00 17.08 17.16 18.10 3.87 4.53 15.33 19.05 20.44 21.02 21.10 21.02 17.16 17.59 17.59 18.69 21.39 14.53 15.91 17.96 0.00 15.33 18.10 16.64 20.95 17.23 21.32 20.37 20.29 19.35 19.20 23.29 21.75 24.97 23.51 20.29 20.44 18.91 16.28 16.28 16.21 15.40 13.07 8.32 11.68 11.02 5.84 11.39 1.61 0.00 0.00 0.00 0.00 0.00 0.00 0.00 0.00 0.00 0.00 0.00 0.00 3.43 2.63 4.67 4.67 5.33 5.62 4.45 7.08 3.14 5.33 4.09
0.00 0.00 0.00 0.00 0.00 0.00 0.00 0.00 0.00 0.00 0.00 17.45 0.00 19.64 20.59 20.95 18.69 18.32 19.13 18.61 20.37 21.53 23.94 21.68 18.47 18.69 18.69 16.72 21.90 23.21 0.00 0.00 0.00 0.00 0.00 0.00 0.00 0.00 17.45 15.62 18.47 19.56 19.71 21.46 19.27 19.71 21.24 14.02 15.55 15.40 14.82 14.82 11.90 9.93 11.61 6.86 9.20 8.76 5.18 0.29 0.66 0.00 0.00 0.00 0.00 0.00 0.00 0.00 0.00 0.00 0.00 2.77 1.17 9.78 9.93 9.86 9.86 9.64 7.52 8.10 7.96 8.83 8.76 9.20
0.00 0.00 0.00 0.00 0.00 0.00 0.00 0.00 0.00 0.00 0.00 18.69 19.42 20.37 19.86 21.02 17.52 17.08 18.83 22.12 23.94 23.43 24.67 23.73 24.60 22.41 22.41 23.51 0.00 0.00 0.00 0.00 0.00 0.00 0.00 0.00 0.00 0.00 0.00 0.00 0.00 0.00 15.40 14.82 16.79 11.90 12.34 11.90 13.80 13.14 13.36 13.36 11.10 6.94 7.66 6.42 9.64 5.62 6.86 1.68 0.00 0.00 0.00 0.00 0.00 0.00 0.00 0.00 0.00 0.00 0.00 0.00 8.61 6.72 12.99 15.48 15.48 14.75 11.68 8.98 8.76 8.83 7.74 7.37
0.00 0.00 0.00 0.00 0.00 0.00 0.00 0.00 0.00 0.00 0.00 20.88 20.81 20.95 19.86 21.61 18.98 17.81 20.88 22.48 23.73 23.21 24.31 24.16 25.19 23.80 23.80 22.85 0.00 0.00 0.00 0.00 0.00 0.00 0.00 0.00 0.00 0.00 0.00 0.00 0.00 0.00 13.14 12.12 12.19 12.41 12.34 14.67 14.97 11.75 11.39 11.39 9.27 8.91 12.41 8.25 8.83 4.31 2.26 2.41 0.00 0.00 0.00 0.00 0.00 0.00 0.00 0.00 0.00 0.00 0.00 0.00 1.61 10.44 12.63 12.56 12.56 11.24 6.64 7.08 3.36 3.43 3.80 3.43
0.00 0.00 0.00 0.00 0.00 0.00 0.00 0.00 0.00 0.00 0.00 20.88 20.81 20.95 19.86 21.61 18.98 17.81 20.88 22.48 23.73 23.21 24.31 24.16 25.19 23.80 23.80 22.85 0.00 0.00 0.00 0.00 0.00 0.00 0.00 0.00 0.00 0.00 0.00 0.00 0.00 0.00 13.14 12.12 12.19 12.41 12.34 14.67 14.97 11.75 11.39 11.39 9.27 8.91 12.41 8.25 8.83 4.31 2.26 2.41 0.00 0.00 0.00 0.00 0.00 0.00 0.00 0.00 0.00 0.00 0.00 0.00 1.61 10.44 12.63 12.56 12.56 11.24 6.64 7.08 3.36 3.43 3.80 3.43
0.00 0.00 0.00 0.00 0.00 0.00 0.00 0.00 0.00 0.00 23.87 22.56 24.31 22.27 20.44 21.61 21.02 21.32 21.83 23.58 23.58 24.09 24.82 26.28 24.31 25.04 25.04 23.58 0.00 0.00 0.00 0.00 0.00 0.00 0.00 0.00 0.00 0.00 0.00 0.00 0.00 0.00 0.00 0.00 11.97 14.60 15.04 15.04 15.04 15.77 12.99 12.99 18.32 13.72 13.58 7.96 3.58 3.65 1.97 0.00 0.00 0.00 0.88 0.00 0.00 0.00 0.00 0.00 0.00 0.00 0.00 0.00 0.00 0.00 0.00 5.48 5.48 5.69 2.19 0.00 0.00 2.92 5.11 5.11
0.00 0.00 0.00 0.00 0.00 0.00 0.00 0.00 25.84 25.26 25.84 25.70 25.33 23.58 21.46 22.12 21.97 23.80 24.16 24.45 24.24 24.60 25.99 25.99 24.24 22.92 22.92 21.17 0.00 0.00 0.00 0.00 0.00 0.00 0.00 0.00 0.00 0.00 0.00 0.00 0.00 0.00 0.00 0.00 18.10 17.81 19.93 20.00 18.18 19.35 18.91 18.91 18.47 8.98 7.74 8.47 6.86 3.43 3.50 5.99 0.44 0.00 1.53 3.87 2.34 0.00 0.00 0.00 0.00 0.00 0.00 0.00 0.00 0.00 0.00 0.00 0.00 0.00 0.15 0.07 0.44 0.00 3.14 4.53
0.00 0.00 0.00 0.00 0.00 0.00 0.00 25.70 27.23 26.79 26.13 26.06 26.65 27.30 25.62 23.00 20.15 22.63 22.92 19.56 20.81 23.94 23.21 24.75 21.17 19.78 19.78 0.00 0.00 0.00 0.00 0.00 0.00 0.00 0.00 0.00 0.00 0.00 0.00 0.00 0.00 12.19 17.96 19.42 19.05 18.40 20.73 20.22 20.37 19.56 7.59 7.59 4.53 6.86 1.61 7.01 5.91 11.32 11.83 11.10 13.29 6.57 7.37 6.50 5.18 0.00 0.00 0.00 0.00 0.00 0.00 0.00 0.00 0.00 0.00 0.00 0.00 0.00 1.46 0.51 1.83 0.00 0.00 0.00
0.00 0.00 0.00 0.00 0.00 0.00 28.40 28.25 28.11 26.94 26.28 24.38 25.84 25.55 22.48 22.48 18.47 18.76 17.30 18.47 19.05 20.00 20.81 19.42 19.64 18.54 18.54 0.00 0.00 0.00 0.00 0.00 0.00 0.00 0.00 0.00 0.00 0.00 0.00 0.00 0.00 0.00 11.39 8.32 15.48 13.43 19.20 17.45 16.06 17.59 3.29 3.29 0.00 1.90 1.02 8.03 9.13 9.71 6.86 13.36 13.51 9.78 3.36 4.60 5.40 0.00 0.00 0.00 0.00 0.00 0.00 0.00 0.00 0.00 0.00 0.00 0.00 0.00 0.00 1.61 0.00 0.00 0.00 0.00
0.00 0.00 0.00 0.00 0.00 0.00 28.69 28.40 23.51 22.05 22.41 23.14 23.36 20.51 18.25 22.41 22.41 21.53 22.12 20.22 20.44 22.41 21.39 20.37 24.45 24.45 24.45 0.00 0.00 0.00 0.00 0.00 0.00 0.00 0.00 0.00 0.00 0.00 0.00 0.00 0.00 0.00 1.97 6.28 8.83 6.35 6.28 11.02 4.02 3.36 4.16 4.16 6.28 5.84 9.71 9.34 5.69 4.02 4.60 2.70 4.67 0.51 0.15 0.00 0.00 0.00 0.00 0.00 0.00 0.00 0.00 0.00 0.00 0.00 0.00 0.00 0.00 0.00 0.00 0.00 0.00 0.00 0.00 0.00
0.00 0.00 0.00 0.00 0.00 0.00 28.69 28.40 23.51 22.05 22.41 23.14 23.36 20.51 18.25 22.41 22.41 21.53 22.12 20.22 20.44 22.41 21.39 20.37 24.45 24.45 24.45 0.00 0.00 0.00 0.00 0.00 0.00 0.00 0.00 0.00 0.00 0.00 0.00 0.00 0.00 0.00 1.97 6.28 8.83 6.35 6.28 11.02 4.02 3.36 4.16 4.16 6.28 5.84 9.71 9.34 5.69 4.02 4.60 2.70 4.67 0.51 0.15 0.00 0.00 0.00 0.00 0.00 0.00 0.00 0.00 0.00 0.00 0.00 0.00 0.00 0.00 0.00 0.00 0.00 0.00 0.00 0.00 0.00
0.00 0.00 0.00 0.00 0.00 0.00 28.69 23.94 19.93 17.52 10.22 16.06 14.38 14.24 20.37 24.09 25.19 25.55 26.13 24.97 22.19 22.85 21.53 25.11 27.01 0.00 0.00 0.00 0.00 0.00 0.00 0.00 0.00 0.00 0.00 0.00 0.00 0.00 0.00 0.00 4.45 7.59 8.25 7.23 10.51 5.33 6.57 4.16 3.36 11.46 11.02 11.02 10.15 13.58 11.17 10.44 11.83 5.40 3.29 4.60 3.43 0.00 0.37 0.15 3.07 0.00 0.00 0.00 1.61 1.31 4.82 5.11 5.55 0.00 0.00 0.00 0.00 0.00 0.00 0.00 0.00 0.00 0.00 0.00
0.00 0.00 0.00 0.00 0.00 22.92 23.21 19.56 16.57 5.99 8.98 14.45 12.48 11.46 15.48 21.53 20.15 22.34 25.92 26.43 27.08 26.43 25.40 25.77 26.50 0.00 0.00 0.00 0.00 0.00 0.00 0.00 0.00 0.00 0.00 0.00 0.00 0.00 1.17 6.06 4.89 8.98 9.93 14.24 13.58 14.89 10.07 9.78 14.02 12.63 14.31 14.31 15.62 15.33 15.18 13.58 13.65 13.94 8.40 8.10 10.37 10.15 3.21 6.79 6.13 11.24 14.02 4.16 8.10 9.86 10.15 10.44 11.10 12.34 12.12 11.75 11.75 6.28 1.31 0.00 0.00 0.00 0.00 0.00
8.98 8.98 0.00 17.16 16.35 13.72 9.71 3.80 5.11 3.72 7.52 14.45 19.20 17.08 17.08 17.96 17.59 19.93 23.94 26.35 24.09 26.65 24.75 18.32 20.81 0.00 0.00 0.00 0.00 0.00 0.00 0.00 0.00 0.00 0.00 0.00 0.00 0.22 0.00 3.21 1.31 0.73 6.13 4.96 10.80 10.22 11.24 4.67 11.75 10.37 8.69 8.69 15.77 17.67 16.94 16.06 16.64 21.17 21.46 15.84 16.21 15.11 16.50 12.12 16.06 15.55 19.20 20.59 17.08 15.99 14.31 13.21 13.21 15.33 14.97 11.24 11.24 12.05 5.40 0.00 0.00 0.00 3.29 6.64
0.00 0.00 21.75 16.50 11.97 2.12 0.00 0.00 0.00 0.00 6.50 4.67 11.61 5.84 7.23 10.15 14.60 12.85 15.26 19.56 20.66 23.07 13.14 15.91 0.00 0.00 0.00 0.00 0.00 0.00 0.00 0.00 0.00 0.00 2.63 3.43 1.02 1.75 0.00 0.00 0.00 0.00 0.95 0.00 2.99 0.00 0.00 0.00 2.63 4.60 7.74 7.74 7.52 13.51 14.89 18.25 19.49 26.43 27.59 27.59 23.80 18.03 17.16 15.70 20.88 22.19 22.12 20.66 15.26 7.59 8.40 3.58 3.80 11.90 13.72 13.36 13.36 11.10 11.90 6.28 0.00 1.39 0.00 4.38
8.69 8.69 21.39 16.21 0.00 0.00 0.00 0.00 0.00 0.00 0.00 0.00 4.45 7.37 0.00 0.00 0.00 3.87 7.23 0.00 3.14 6.79 5.04 11.46 0.00 0.00 0.00 0.00 0.00 0.00 0.00 0.00 0.00 0.00 0.00 1.24 0.00 0.00 0.00 0.00 0.00 0.00 0.00 1.68 1.97 0.00 3.29 4.45 4.16 10.37 8.61 8.61 8.83 9.13 11.75 13.58 10.59 23.00 23.43 16.79 17.45 18.18 12.70 13.29 10.29 7.96 4.31 10.66 10.73 5.40 1.17 1.46 0.00 0.00 0.44 0.15 0.15 2.56 4.67 5.26 5.55 1.83 0.00 2.04
8.69 8.69 21.39 16.21 0.00 0.00 0.00 0.00 0.00 0.00 0.00 0.00 4.45 7.37 0.00 0.00 0.00 3.87 7.23 0.00 3.14 6.79 5.04 11.46 0.00 0.00 0.00 0.00 0.00 0.00 0.00 0.00 0.00 0.00 0.00 1.24 0.00 0.00 0.00 0.00 0.00 0.00 0.00 1.68 1.97 0.00 3.29 4.45 4.16 10.37 8.61 8.61 8.83 9.13 11.75 13.58 10.59 23.00 23.43 16.79 17.45 18.18 12.70 13.29 10.29 7.96 4.31 10.66 10.73 5.40 1.17 1.46 0.00 0.00 0.44 0.15 0.15 2.56 4.67 5.26 5.55 1.83 0.00 2.04
0.00 0.00 7.59 0.00 0.00 0.00 0.00 0.00 0.00 0.00 2.12 2.19 0.00 0.00 0.00 0.00 0.00 0.00 0.00 0.00 0.00 1.61 0.00 9.05 0.00 0.00 0.00 0.00 0.00 0.00 0.00 0.00 0.00 0.00 0.00 0.00 0.00 0.00 0.00 0.00 0.00 0.00 1.61 4.60 4.74 3.14 4.82 8.47 13.51 12.56 12.34 12.34 10.51 5.26 8.61 7.15 2.04 12.26 12.63 10.73 6.28 0.00 6.28 5.11 2.70 3.29 0.00 0.00 0.00 3.14 0.00 0.00 0.00 0.00 0.00 0.00 0.00 0.44 0.00 2.41 0.73 0.00 0.00 1.75
5.40 5.40 1.17 0.00 0.00 0.00 0.00 0.00 0.00 0.73 0.51 0.00 0.00 0.00 0.00 0.00 0.00 0.00 0.00 0.00 0.00 0.00 0.00 2.70 0.00 0.00 0.00 0.00 0.00 0.00 0.00 0.00 0.00 0.00 0.00 0.00 0.00 0.00 0.00 0.00 0.00 0.51 0.00 3.65 2.41 4.96 5.04 5.62 11.61 9.42 10.95 10.95 12.26 3.36 0.00 0.00 0.00 0.00 0.00 2.19 1.61 0.00 0.00 0.00 0.00 0.00 0.00 0.00 0.00 0.00 0.00 0.00 0.00 0.00 0.00 0.00 0.00 0.00 0.00 0.00 0.00 0.00 0.00 2.63
1.61 1.61 0.00 0.00 0.00 0.00 0.00 0.00 0.00 0.00 0.00 0.00 0.00 0.00 0.00 0.00 0.00 0.00 0.00 0.00 0.00 0.00 0.00 0.00 0.00 0.00 0.00 0.00 0.00 0.00 0.00 0.00 0.00 0.00 0.00 0.00 0.00 0.00 0.00 0.00 0.00 0.00 0.00 0.15 0.37 2.56 2.41 1.75 7.15 5.18 1.68 1.68 1.31 2.70 0.00 0.00 0.00 0.00 0.00 0.00 0.00 0.00 0.00 0.00 0.00 0.00 0.00 0.00 0.00 0.00 0.00 0.00 0.00 0.00 0.00 0.00 0.00 0.00 0.00 0.00 0.00 0.00 0.00 0.00
0.00 0.00 0.00 0.00 0.00 0.00 0.00 0.00 0.00 0.00 0.00 0.00 0.00 0.00 0.00 0.00 0.00 0.00 0.00 0.00 0.00 0.00 0.00 0.00 0.00 0.00 0.00 0.00 0.00 0.00 0.00 0.00 0.00 0.00 0.00 0.00 0.00 0.00 0.00 0.00 0.00 0.00 0.00 0.00 0.00 0.00 0.00 0.00 0.00 0.00 0.00 0.00 0.00 0.00 0.00 0.00 0.00 0.00 0.00 0.80 1.75 0.00 0.00 0.00 0.00 0.00 0.00 0.00 0.00 0.00 0.00 0.00 0.00 0.00 0.00 0.00 0.00 0.00 0.00 0.00 0.00 0.00 0.00 0.00
0.00 0.00 0.00 0.00 0.00 0.00 0.00 0.00 0.00 0.00 0.00 0.00 0.00 0.00 0.00 0.00 0.00 0.00 0.00 0.00 0.00 0.00 0.00 0.00 0.00 0.00 0.00 0.00 0.00 0.00 0.00 0.00 0.00 0.00 0.00 0.00 0.00 0.00 0.00 0.00 0.00 0.00 0.00 0.00 0.00 0.00 0.00 0.00 0.00 0.00 0.00 0.00 0.00 0.00 0.00 0.00 0.00 0.00 0.00 0.00 0.00 0.00 0.00 0.00 0.00 0.00 0.00 0.00 0.00 0.00 0.00 0.00 0.00 0.00 0.00 0.00 0.00 0.00 0.00 0.00 0.00 0.00 0.00 0.00
0.00 0.00 0.00 0.00 0.00 0.00 0.00 0.00 0.00 0.00 0.00 0.00 0.00 0.00 0.00 0.00 0.00 0.00 0.00 0.00 0.00 0.00 0.00 0.00 0.00 0.00 0.00 0.00 0.00 0.00 0.00 0.00 0.00 0.00 0.00 0.00 0.00 0.00 0.00 0.00 0.00 0.00 0.00 0.00 0.00 0.00 0.00 0.00 0.00 0.00 0.00 0.00 0.00 0.00 0.00 0.00 0.00 0.00 0.00 0.00 0.00 0.00 0.00 0.00 0.00 0.00 0.00 0.00 0.00 0.00 0.00 0.00 0.00 0.00 0.00 0.00 0.00 0.00 0.00 0.00 0.00 0.00 0.00 0.00
0.00 0.00 0.00 0.00 0.00 0.00 0.00 0.00 0.00 0.00 0.00 0.00 0.00 0.00 0.00 0.00 0.00 0.00 0.00 0.00 0.00 0.00 0.00 0.00 0.00 0.00 0.00 0.00 0.00 0.00 0.00 0.00 0.00 0.00 0.00 0.00 0.00 0.00 0.00 0.00 0.00 0.00 0.00 0.00 0.00 0.00 0.00 0.00 0.00 0.00 0.00 0.00 0.00 0.00 0.00 0.00 0.00 0.00 0.00 0.00 0.00 0.00 0.00 0.00 0.00 0.00 0.00 0.00 0.00 0.00 0.00 0.00 0.00 0.00 0.00 0.00 0.00 0.00 0.00 0.00 0.00 0.00 0.00 0.00
0.00 0.00 0.00 0.00 0.00 0.00 0.00 0.00 0.00 0.00 0.00 0.00 0.00 0.00 0.00 0.00 0.00 0.00 0.00 0.00 0.00 0.00 0.00 0.00 0.00 0.00 0.00 0.00 0.00 0.00 0.00 0.00 0.00 0.00 0.00 0.00 0.00 0.00 0.00 0.00 0.00 0.00 0.00 0.00 0.00 0.00 0.00 0.00 0.00 0.00 0.00 0.00 0.00 0.00 0.00 0.00 0.00 0.00 0.00 0.00 0.00 0.00 0.00 0.00 0.00 0.00 0.00 0.00 0.00 0.00 0.00 0.00 0.00 0.00 0.00 0.00 0.00 0.00 0.00 0.00 0.00 0.00 0.00 0.00
