Wansh/Snow_depth/snowdepth-1992/spring/1992105.txt
ncols 321
nrows 161
xllcenter 60
yllcenter 15 
cellsize  0.25 
NODATA_value -1
[rows 0 to 36 of 161, columns 168 to 251 of 321]
11.10 5.99 7.08 5.04 5.91 5.55 5.26 4.67 4.67 4.67 5.33 5.77 5.84 5.84 5.84 4.60 5.69 5.26 7.74 10.29 11.02 10.15 8.32 7.74 7.74 6.72 4.60 5.62 5.84 5.84 7.01 10.29 11.90 11.39 11.39 11.39 11.39 14.24 13.51 15.48 15.99 20.29 20.29 20.29 20.29 15.91 19.86 18.32 15.91 12.99 11.46 11.61 11.17 20.29 20.29 20.29 20.29 20.29 20.51 18.98 18.98 17.96 19.35 19.05 20.88 21.75 20.73 20.88 20.00 16.94 17.67 16.72 17.16 16.50 16.50 17.89 20.37 19.86 20.81 18.91 19.56 15.77 12.70 13.07
8.03 8.10 5.40 5.40 5.33 4.45 4.82 4.45 4.89 4.89 4.74 5.11 5.77 5.91 5.69 6.42 8.54 7.52 11.32 11.53 11.75 9.13 8.54 7.23 7.59 3.94 1.61 5.91 5.48 6.72 9.56 9.27 9.49 11.17 14.02 14.02 13.51 15.26 14.60 17.89 18.98 17.81 22.63 21.39 19.49 17.89 15.99 16.43 15.62 12.34 11.39 12.48 12.12 13.72 14.53 16.50 16.50 18.32 17.96 19.64 19.64 19.64 19.78 19.64 19.49 19.20 20.44 20.00 20.44 19.64 18.91 18.98 18.40 19.42 18.83 19.20 19.71 18.61 17.96 18.10 14.09 15.11 12.19 11.17
5.69 7.96 7.81 5.18 3.29 3.29 3.94 4.09 3.87 3.87 5.55 5.33 5.33 5.18 6.28 5.84 7.15 9.71 10.66 11.10 12.34 9.42 7.30 4.23 5.77 0.00 0.00 0.00 0.51 4.23 7.74 8.76 8.18 9.56 9.93 9.93 12.34 15.77 14.67 18.47 20.59 22.41 22.05 20.22 21.17 13.07 10.37 10.00 10.66 10.22 11.10 11.83 12.05 13.07 12.70 16.94 16.57 17.59 17.16 18.25 18.25 19.49 19.20 18.61 18.32 18.69 18.61 19.13 18.83 18.98 18.98 18.91 17.89 18.76 15.11 15.26 15.18 15.91 14.45 14.24 13.21 12.05 12.34 11.75
5.69 7.96 7.81 5.18 3.29 3.29 3.94 4.09 3.87 3.87 5.55 5.33 5.33 5.18 6.28 5.84 7.15 9.71 10.66 11.10 12.34 9.42 7.30 4.23 5.77 0.00 0.00 0.00 0.51 4.23 7.74 8.76 8.18 9.56 9.93 9.93 12.34 15.77 14.67 18.47 20.59 22.41 22.05 20.22 21.17 13.07 10.37 10.00 10.66 10.22 11.10 11.83 12.05 13.07 12.70 16.94 16.57 17.59 17.16 18.25 18.25 19.49 19.20 18.61 18.32 18.69 18.61 19.13 18.83 18.98 18.98 18.91 17.89 18.76 15.11 15.26 15.18 15.91 14.45 14.24 13.21 12.05 12.34 11.75
3.65 3.72 2.26 0.07 2.19 1.39 4.67 5.18 5.26 5.26 6.50 6.06 8.40 7.01 7.23 6.57 8.47 7.88 9.42 10.00 10.00 6.86 7.66 2.34 0.00 0.00 0.00 0.00 0.00 0.00 7.45 7.81 8.54 8.47 9.20 9.20 10.15 15.48 17.89 17.23 19.35 16.94 16.79 14.16 12.70 13.51 10.95 10.66 11.68 10.51 11.17 10.95 11.39 12.85 11.97 14.89 16.06 16.64 17.52 18.40 18.40 17.67 18.54 17.37 18.69 17.59 18.18 18.18 13.87 15.18 14.67 16.50 14.24 14.09 14.31 13.80 13.36 13.29 13.72 13.58 13.94 13.07 13.94 13.87
4.74 1.31 0.00 0.00 0.22 0.00 1.90 5.91 5.77 5.77 6.13 8.91 10.15 9.05 9.05 6.13 6.13 5.69 7.88 6.20 3.94 5.69 2.48 0.00 0.00 0.00 0.00 0.00 2.70 7.59 0.00 6.57 9.86 10.95 14.02 14.02 13.14 15.40 17.81 14.89 15.11 14.75 15.18 15.40 14.38 12.48 11.61 11.75 11.53 10.88 14.53 14.75 14.67 13.43 15.55 15.99 15.77 15.77 16.35 13.29 13.29 16.43 18.40 17.81 18.25 15.77 12.85 12.12 12.70 11.32 12.12 13.14 13.43 11.46 12.05 12.12 12.78 12.05 11.24 13.21 11.46 11.68 13.43 14.38
7.45 8.47 1.17 0.00 0.00 0.00 0.51 3.72 4.31 4.31 7.74 9.13 8.91 9.71 6.94 5.48 5.62 6.50 5.11 5.91 3.72 0.00 0.00 0.00 0.00 0.00 6.94 0.00 8.03 9.64 10.88 10.59 11.39 13.43 17.89 17.89 18.61 16.72 17.74 14.89 7.81 10.07 11.83 12.48 11.39 12.92 12.26 15.18 15.33 15.62 15.26 14.89 13.65 10.73 16.13 9.20 10.51 11.68 11.02 12.92 12.92 15.62 16.79 17.01 14.89 16.13 12.70 10.80 10.95 10.88 11.83 8.47 9.20 9.64 6.35 7.08 6.72 8.32 7.23 7.60 11.11 14.02 12.46 17.24
7.45 8.47 1.17 0.00 0.00 0.00 0.51 3.72 4.31 4.31 7.74 9.13 8.91 9.71 6.94 5.48 5.62 6.50 5.11 5.91 3.72 0.00 0.00 0.00 0.00 0.00 6.94 0.00 8.03 9.64 10.88 10.59 11.39 13.43 17.89 17.89 18.61 16.72 17.74 14.89 7.81 10.07 11.83 12.48 11.39 12.92 12.26 15.18 15.33 15.62 15.26 14.89 13.65 10.73 16.13 9.20 10.51 11.68 11.02 12.92 12.92 15.62 16.79 17.01 14.89 16.13 12.70 10.80 10.95 10.88 11.83 8.47 9.20 9.64 6.35 8.19 9.26 11.97 9.90 12.92 18.35 18.66 16.03 17.89
10.15 4.60 0.00 0.00 0.00 0.00 0.00 2.77 2.04 2.04 2.12 2.34 2.26 4.45 3.72 5.40 3.21 0.29 0.00 0.00 0.00 0.00 0.00 0.00 0.00 0.00 8.54 6.06 3.29 10.51 11.10 12.19 14.24 15.99 15.48 15.48 17.52 7.15 6.35 5.62 5.55 6.79 8.69 6.64 11.02 10.95 11.97 16.72 19.13 18.47 17.23 17.81 12.92 8.69 12.63 13.29 8.25 10.07 7.88 12.48 12.48 14.38 13.80 14.75 12.26 11.68 12.05 11.10 7.01 7.59 7.23 7.66 5.48 5.95 6.88 9.81 9.57 8.52 9.04 13.07 11.00 13.08 13.01 15.66
7.74 8.25 8.03 7.08 3.50 1.17 0.00 0.00 0.00 0.00 1.10 0.73 2.77 3.36 2.85 1.10 0.00 0.00 0.00 0.00 0.00 0.00 0.00 3.14 7.52 5.77 9.64 9.49 8.54 9.42 10.37 11.39 11.75 5.62 5.99 5.99 4.89 4.67 3.80 7.15 9.27 4.96 8.69 7.52 7.74 7.45 10.07 14.97 13.36 14.82 14.60 14.53 12.70 6.06 9.78 5.55 5.62 5.55 6.64 8.32 8.32 4.09 7.88 6.57 10.51 10.07 5.26 6.20 5.84 6.57 5.11 4.45 5.62 5.65 6.44 5.95 8.36 11.09 12.57 12.01 12.06 13.33 14.17 14.49
9.05 7.52 8.47 8.32 5.77 6.72 3.72 4.60 0.07 0.07 0.00 0.00 1.68 3.21 0.00 0.00 0.00 0.00 0.00 0.00 0.00 1.83 2.41 1.97 7.96 8.47 7.37 9.42 6.64 9.49 8.18 3.21 2.70 2.92 2.77 2.77 6.20 8.47 7.52 9.42 13.21 7.59 7.88 5.77 5.04 3.87 5.77 8.32 7.15 11.32 6.64 6.94 5.77 5.33 5.04 4.53 4.31 2.04 1.17 1.24 1.24 2.19 3.43 1.31 2.63 2.04 4.16 4.45 4.89 4.82 4.74 3.72 3.59 3.48 3.91 5.72 5.93 10.75 9.23 12.06 11.45 14.92 13.19 14.07
9.05 7.52 8.47 8.32 5.77 6.72 3.72 4.60 0.07 0.07 0.00 0.00 1.68 3.21 0.00 0.00 0.00 0.00 0.00 0.00 0.00 1.83 2.41 1.97 7.96 8.47 7.37 9.42 6.64 9.49 8.18 3.21 2.70 2.92 2.77 2.77 6.20 8.47 7.52 9.42 13.21 7.59 7.88 5.77 5.04 3.87 5.77 8.32 7.15 11.32 6.64 6.94 5.77 5.33 5.04 4.53 4.31 2.04 1.17 1.24 1.24 2.19 3.43 1.31 2.63 2.04 4.16 4.45 4.89 4.82 4.74 3.72 3.50 3.43 3.80 5.31 5.29 9.95 9.84 12.51 11.45 14.60 14.49 15.05
10.15 5.99 6.28 5.69 6.79 6.50 6.42 1.31 0.51 0.51 0.00 0.00 0.00 0.00 0.00 0.00 0.00 0.00 0.07 1.17 3.80 3.29 2.12 1.90 4.96 4.60 0.73 1.46 1.24 1.83 1.90 1.24 1.68 1.68 3.50 3.50 8.03 10.88 10.15 10.80 10.88 4.45 4.02 3.72 3.43 2.92 3.29 2.04 3.80 4.96 4.38 5.40 1.17 4.23 1.75 0.73 1.17 0.95 1.24 1.10 1.10 1.17 1.31 1.53 2.56 3.50 3.80 3.80 3.87 3.87 3.65 3.80 3.65 3.21 3.52 3.58 5.98 5.29 8.21 12.20 13.99 14.49 17.41 13.79
9.71 7.59 9.27 9.64 5.77 8.76 5.26 1.24 2.70 2.70 0.00 4.45 2.63 3.14 0.58 0.00 1.31 0.66 0.88 0.66 1.46 1.68 0.00 0.29 1.83 0.88 1.02 0.58 0.37 2.26 2.56 3.72 3.65 4.53 4.16 4.16 6.06 6.86 7.96 6.42 7.37 3.94 3.29 1.83 2.19 1.31 1.53 1.24 1.46 0.15 0.51 0.29 0.80 0.07 0.29 0.00 0.29 2.26 3.36 3.36 3.36 1.53 2.12 1.83 3.21 3.43 3.87 3.80 4.23 3.14 2.92 2.48 2.12 3.55 4.97 5.70 5.33 10.84 13.36 10.59 15.21 15.17 16.10 16.25
10.88 12.12 11.97 11.75 12.19 12.56 10.73 10.22 7.59 7.59 7.15 7.30 6.79 8.03 3.65 2.56 1.90 2.12 2.48 0.66 0.00 0.00 0.00 0.58 1.31 1.61 3.36 3.50 4.16 3.87 3.72 4.16 4.16 5.62 4.82 4.82 5.48 5.33 5.84 6.42 5.26 3.36 1.75 1.17 1.61 0.58 0.58 0.07 0.44 0.22 0.73 0.66 0.37 0.00 0.00 1.46 3.07 2.41 3.50 3.21 3.21 5.26 3.94 3.87 3.94 3.43 2.85 3.43 3.36 2.77 0.51 1.46 2.20 2.11 6.51 7.96 6.44 11.79 12.00 13.66 14.50 14.03 14.50 14.90
9.93 11.39 6.79 7.66 7.81 9.93 9.78 7.88 8.32 8.32 7.96 7.30 9.49 5.91 1.39 0.95 0.80 1.39 0.00 0.00 0.00 0.00 0.00 1.17 1.24 1.97 2.12 2.92 3.36 4.09 8.40 7.23 6.86 6.94 5.55 5.55 7.59 7.01 5.18 5.55 2.63 4.09 3.14 3.07 2.41 2.70 0.58 0.15 0.22 0.22 0.15 0.00 0.00 0.00 0.00 3.36 4.16 4.45 5.18 4.74 4.74 5.26 3.43 1.61 1.90 2.34 2.48 0.00 0.00 0.00 0.00 0.00 2.76 3.02 3.54 7.50 7.19 9.76 10.62 9.44 14.60 15.25 10.68 9.19
9.93 11.39 6.79 7.66 7.81 9.93 9.78 7.88 8.32 8.32 7.96 7.30 9.49 5.91 1.39 0.95 0.80 1.39 0.00 0.00 0.00 0.00 0.00 1.17 1.24 1.97 2.12 2.92 3.36 4.09 8.40 7.23 6.86 6.94 5.55 5.55 7.59 7.01 5.18 5.55 2.63 4.09 3.14 3.07 2.41 2.70 0.58 0.15 0.22 0.22 0.15 0.00 0.00 0.00 0.00 3.36 4.16 4.45 5.18 4.74 4.74 5.26 3.43 1.61 1.90 2.34 2.48 0.00 0.00 0.00 0.00 0.00 2.59 3.28 3.18 9.28 7.30 10.80 10.83 8.51 14.11 13.11 11.62 10.43
3.80 4.74 4.74 4.09 5.55 0.51 0.51 0.58 2.70 2.70 3.87 1.31 1.90 3.07 1.17 0.00 0.00 0.00 0.00 0.00 0.00 0.00 0.00 0.58 2.41 2.04 1.68 1.97 4.16 6.28 7.52 7.66 7.01 7.23 8.25 8.25 7.81 7.23 4.89 3.43 5.91 6.64 7.08 3.72 5.11 2.12 0.51 0.00 0.00 0.00 0.00 0.00 0.00 0.00 0.00 0.00 3.14 3.87 3.29 2.63 2.63 0.29 0.00 0.58 0.58 0.00 0.00 0.00 0.00 0.00 0.00 0.00 0.00 1.65 0.00 5.79 4.09 2.65 7.44 6.98 11.74 9.50 11.21 4.49
0.00 2.34 0.37 1.24 0.37 0.44 0.58 0.80 0.00 0.00 0.00 0.00 0.00 0.00 0.00 0.00 0.00 0.00 0.00 0.00 0.00 0.37 1.53 1.02 4.16 4.23 4.45 4.16 3.94 4.96 5.69 7.23 7.23 7.96 8.10 8.10 7.74 9.13 9.05 7.66 8.10 7.30 4.74 2.41 0.00 0.00 0.00 0.00 0.00 0.00 0.00 0.00 0.00 0.00 3.58 0.00 3.29 2.04 0.00 0.00 0.00 0.00 0.00 0.00 0.00 0.00 0.00 0.00 0.00 0.00 0.00 0.00 0.00 0.00 0.00 1.21 1.27 2.21 4.93 6.03 4.93 2.49 3.48 4.11
0.00 0.00 0.00 0.00 0.95 1.02 1.02 0.00 0.22 0.22 0.00 0.00 0.00 0.00 0.00 0.00 0.00 0.00 0.00 0.00 0.44 0.15 2.85 3.87 3.58 4.60 3.65 3.58 7.01 7.30 9.93 9.27 8.91 9.64 9.56 9.56 9.49 9.86 9.56 7.96 8.83 7.15 5.11 1.31 0.00 0.00 0.00 0.00 0.00 0.00 0.00 0.00 0.00 0.00 0.00 0.00 0.00 0.00 0.00 0.00 0.00 0.00 0.00 0.00 0.00 0.00 0.00 0.00 0.00 0.00 0.00 0.00 0.00 0.00 0.00 0.00 1.77 1.84 3.56 3.78 2.23 2.06 0.90 1.58
0.00 0.00 0.00 0.00 0.66 0.00 1.39 0.95 0.37 0.37 0.00 0.00 0.00 0.00 0.00 0.00 0.00 0.00 0.00 0.00 1.17 2.19 2.04 3.43 5.33 3.80 7.37 6.72 6.79 8.47 11.46 12.63 10.07 11.32 9.78 9.78 11.39 8.18 9.27 8.61 0.00 0.00 0.00 0.00 0.00 0.00 0.00 0.00 0.00 0.00 0.00 0.00 0.00 0.00 0.00 0.00 0.00 0.00 0.00 0.00 0.00 0.00 0.00 0.00 0.00 0.00 0.00 0.00 0.00 0.00 0.00 0.00 0.00 0.00 0.00 0.00 0.00 2.09 2.36 2.21 2.09 1.26 1.26 0.29
0.00 0.00 0.00 0.00 0.00 0.00 0.00 0.00 0.00 0.00 0.00 0.00 0.00 0.00 0.00 0.00 0.00 0.00 0.00 0.00 1.90 3.43 5.77 5.77 6.94 7.30 6.13 6.72 6.42 8.03 12.41 11.90 10.95 10.22 7.37 7.37 7.23 5.18 2.34 0.07 0.00 0.00 0.00 0.00 0.00 0.00 0.00 0.00 0.00 0.00 0.00 0.00 0.00 0.00 0.00 0.00 0.00 0.00 0.00 0.00 0.00 0.00 0.00 0.00 0.00 0.00 0.00 0.00 0.00 0.00 0.00 0.00 0.00 0.00 0.00 0.00 0.00 0.00 2.61 1.85 2.39 0.61 0.00 0.00
0.00 0.00 0.00 0.00 0.00 0.00 0.00 0.00 0.00 0.00 0.00 0.00 0.00 0.00 0.00 0.00 0.00 0.00 0.00 0.00 1.90 3.43 5.77 5.77 6.94 7.30 6.13 6.72 6.42 8.03 12.41 11.90 10.95 10.22 7.37 7.37 7.23 5.18 2.34 0.07 0.00 0.00 0.00 0.00 0.00 0.00 0.00 0.00 0.00 0.00 0.00 0.00 0.00 0.00 0.00 0.00 0.00 0.00 0.00 0.00 0.00 0.00 0.00 0.00 0.00 0.00 0.00 0.00 0.00 0.00 0.00 0.00 0.00 0.00 0.00 0.00 0.00 0.00 2.19 2.15 2.92 0.63 0.00 0.00
0.00 0.00 0.00 0.00 0.00 0.00 0.00 0.00 0.00 0.00 0.00 0.00 0.00 0.00 0.00 0.00 0.00 0.00 0.58 2.85 2.26 5.55 7.08 10.37 8.61 7.01 6.13 10.15 11.53 11.53 11.10 11.02 5.26 1.75 2.04 2.04 1.39 1.02 0.44 1.10 0.00 0.37 0.00 0.00 0.00 0.00 0.00 0.00 0.00 0.00 0.00 0.00 0.00 0.00 0.00 0.00 0.00 0.00 0.00 0.00 0.00 0.00 0.00 0.00 0.00 0.00 0.00 0.00 0.00 0.00 0.00 0.00 0.00 0.00 0.00 0.00 0.00 0.00 2.60 2.26 0.00 0.00 0.00 0.00
0.00 0.00 0.00 0.00 0.00 0.00 0.00 0.00 0.00 0.00 0.00 0.00 0.00 0.00 0.00 0.00 0.00 0.00 0.29 3.50 6.28 5.62 7.88 10.22 8.47 9.20 10.66 11.10 10.44 7.74 2.92 1.53 1.90 1.10 0.22 0.22 0.00 0.15 0.00 0.00 0.00 0.00 0.00 0.00 0.00 0.00 0.00 0.00 0.00 0.00 0.00 0.00 0.00 0.00 0.00 0.00 0.00 0.00 0.00 0.00 0.00 0.00 0.00 0.00 0.00 0.00 0.00 0.00 0.00 0.00 0.00 0.00 0.00 0.00 0.00 0.00 0.00 0.97 1.34 1.68 0.00 0.00 0.00 0.00
0.00 0.00 0.00 0.00 0.00 0.00 0.00 0.00 0.00 0.00 0.00 0.00 0.00 0.00 0.00 0.00 0.00 0.80 3.87 3.36 6.20 9.13 8.98 9.93 7.96 8.69 10.22 10.29 3.94 3.14 1.39 0.00 0.00 0.00 0.00 0.00 0.00 0.22 0.88 0.22 0.29 0.00 0.00 0.00 0.00 0.00 0.00 0.00 0.00 0.00 0.00 0.00 0.00 0.00 0.00 0.00 0.00 0.00 0.00 0.00 0.00 0.00 0.00 0.00 0.00 0.00 0.00 0.00 0.00 0.00 0.00 0.00 0.00 0.00 0.00 0.00 2.31 1.78 0.77 0.79 0.00 0.00 0.00 0.00
0.00 0.00 0.00 0.00 0.00 0.00 0.00 0.00 0.00 0.00 0.00 0.00 0.00 0.00 0.00 0.00 0.00 1.02 2.63 4.38 3.80 9.56 8.03 10.22 9.05 10.07 2.04 2.04 1.46 1.75 1.24 0.22 0.00 0.15 1.17 1.17 1.97 0.29 1.39 1.39 0.00 0.00 0.00 0.00 0.00 0.00 0.00 0.00 0.00 0.00 0.00 0.00 0.00 0.00 0.00 0.00 0.00 0.00 0.00 0.00 0.00 0.00 0.00 0.00 0.00 0.00 0.00 0.00 0.00 0.00 0.00 0.00 0.00 0.00 0.00 2.60 1.17 1.98 0.00 0.00 0.00 0.00 0.00 0.00
0.00 0.00 0.00 0.00 0.00 0.00 0.00 0.00 0.00 0.00 0.00 0.00 0.00 0.00 0.00 0.00 0.73 0.58 0.58 2.85 2.34 6.06 4.67 1.24 0.00 0.00 0.44 0.44 0.22 0.00 0.00 0.00 0.00 1.10 1.17 1.17 0.58 1.97 0.00 0.00 0.00 0.00 0.00 0.00 0.00 0.00 0.00 0.00 0.00 0.00 0.00 0.00 0.00 0.00 0.00 0.00 0.00 0.00 0.00 0.00 0.00 0.00 0.00 0.00 0.00 0.00 0.00 0.00 0.00 0.00 0.00 0.00 0.00 2.47 2.50 3.13 1.01 0.00 0.00 0.00 0.00 0.00 0.00 0.00
0.00 0.00 0.00 0.00 0.00 0.00 0.00 0.00 0.00 0.00 0.00 0.00 0.00 0.00 0.00 0.00 0.73 0.58 0.58 2.85 2.34 6.06 4.67 1.24 0.00 0.00 0.44 0.44 0.22 0.00 0.00 0.00 0.00 1.10 1.17 1.17 0.58 1.97 0.00 0.00 0.00 0.00 0.00 0.00 0.00 0.00 0.00 0.00 0.00 0.00 0.00 0.00 0.00 0.00 0.00 0.00 0.00 0.00 0.00 0.00 0.00 0.00 0.00 0.00 0.00 0.00 0.00 0.00 0.00 0.00 0.00 0.00 0.00 2.75 2.67 3.65 1.17 0.00 0.00 0.00 0.00 0.00 0.00 0.00
0.00 0.00 0.00 0.00 0.00 0.00 0.00 0.00 0.00 0.00 0.00 0.00 0.00 0.00 0.00 0.00 0.00 0.00 0.00 0.37 0.22 0.00 2.12 0.00 0.00 0.00 0.00 0.07 0.37 0.00 0.07 0.00 0.00 0.00 0.66 0.66 0.00 0.00 0.00 0.00 0.00 0.00 0.00 0.00 0.00 0.00 0.00 0.00 0.00 0.00 0.00 0.00 0.00 0.00 0.00 0.00 0.00 0.00 0.00 0.00 0.00 0.00 0.00 0.00 0.00 0.00 0.00 0.00 0.00 0.00 0.00 0.00 2.80 3.85 3.59 5.03 2.03 0.00 0.00 0.00 0.00 0.00 0.00 0.00
0.00 0.00 0.00 0.00 0.00 0.00 0.00 0.00 0.00 0.00 0.00 0.00 0.00 0.00 0.00 0.00 0.00 0.00 0.00 0.00 0.00 0.00 0.00 0.00 0.00 0.00 0.00 0.00 0.22 0.00 0.00 0.00 0.00 0.00 0.00 0.00 0.00 0.00 0.00 0.00 0.00 0.00 0.00 0.00 0.00 0.00 0.00 0.00 0.00 0.00 0.00 0.00 0.00 0.00 0.00 0.00 0.00 0.00 0.00 0.00 0.00 0.00 0.00 0.00 0.00 0.00 0.00 0.00 0.00 0.00 0.00 2.56 2.55 5.13 3.42 0.82 0.00 0.00 0.00 0.00 0.00 0.00 0.00 0.00
0.00 0.00 0.00 0.00 0.00 0.00 0.00 0.00 0.00 0.00 0.00 0.00 0.00 0.00 0.00 0.00 0.00 0.00 0.00 0.15 0.37 0.29 0.58 0.00 0.00 0.00 0.22 0.00 0.00 0.00 0.00 0.00 0.00 0.00 0.00 0.00 0.00 0.00 0.00 0.00 0.00 0.00 0.00 0.00 0.00 0.00 0.00 0.00 0.00 0.00 0.00 0.00 0.00 0.00 0.00 0.00 0.00 0.00 0.00 0.00 0.00 0.00 0.00 0.00 0.00 0.00 0.00 0.00 0.00 0.00 0.00 2.52 4.65 5.71 4.35 0.00 0.00 0.00 0.00 0.00 0.00 0.00 0.00 0.00
0.44 0.00 0.00 0.00 0.00 0.00 0.00 0.00 0.00 0.00 0.00 0.00 0.00 0.00 0.00 0.00 0.00 0.00 0.00 0.00 0.07 0.07 0.00 0.00 0.00 0.00 0.00 0.00 0.00 0.00 0.00 0.00 0.00 0.00 0.00 0.00 0.00 0.00 0.00 0.00 0.00 0.00 0.00 0.00 0.00 0.00 0.00 0.00 0.00 0.00 0.00 0.00 0.00 0.00 0.00 0.00 0.00 0.00 0.00 0.00 0.00 0.00 0.00 0.00 0.00 0.00 0.00 0.00 0.00 0.00 0.00 3.10 5.14 0.00 0.00 0.00 0.00 0.00 0.00 0.00 0.00 0.00 0.00 0.00
2.41 0.00 0.00 0.00 0.00 0.00 0.00 0.00 0.00 0.00 0.00 0.00 0.00 0.00 0.00 0.00 0.00 0.00 0.00 0.00 0.00 0.00 0.00 0.00 0.00 0.00 0.00 0.00 0.00 0.00 0.00 0.00 0.00 0.00 0.00 0.00 0.00 0.00 0.00 0.00 0.00 0.00 0.00 0.00 0.00 0.00 0.00 0.00 0.00 0.00 0.00 0.00 0.00 0.00 0.00 0.00 0.00 0.00 0.00 0.00 0.00 0.00 0.00 0.00 0.00 0.00 0.00 0.00 0.00 3.50 4.31 0.00 3.65 0.00 0.00 0.00 0.00 0.00 0.00 0.00 0.00 0.00 0.00 0.00
0.00 0.00 0.00 0.00 0.00 0.00 0.00 0.00 0.00 0.00 0.00 0.00 0.00 0.00 0.00 0.00 0.00 0.00 0.00 0.00 0.00 0.00 0.00 0.00 0.00 0.00 0.00 0.00 0.00 0.00 0.00 0.00 0.00 0.00 0.00 0.00 0.00 0.00 0.00 0.00 0.00 0.00 0.00 0.00 0.00 0.00 0.00 0.00 0.00 0.00 0.00 0.00 0.00 0.00 0.00 0.00 0.00 0.00 0.00 0.00 0.00 0.00 0.00 0.00 0.00 0.00 0.00 0.00 0.00 0.00 0.00 0.00 0.00 0.00 0.00 0.00 0.00 0.00 0.00 0.00 0.00 0.00 0.00 0.00
0.00 0.00 0.00 0.00 0.00 0.00 0.00 0.00 0.00 0.00 0.00 0.00 0.00 0.00 0.00 0.00 0.00 0.00 0.00 0.00 0.00 0.00 0.00 0.00 0.00 0.00 0.00 0.00 0.00 0.00 0.00 0.00 0.00 0.00 0.00 0.00 0.00 0.00 0.00 0.00 0.00 0.00 0.00 0.00 0.00 0.00 0.00 0.00 0.00 0.00 0.00 0.00 0.00 0.00 0.00 0.00 0.00 0.00 0.00 0.00 0.00 0.00 0.00 0.00 0.00 0.00 0.00 0.00 0.00 0.00 0.00 0.00 0.00 0.00 0.00 0.00 0.00 0.00 0.00 0.00 0.00 0.00 0.00 0.00
0.00 0.00 0.00 0.00 0.00 0.00 0.00 0.00 0.00 0.00 0.00 0.00 0.00 0.00 0.00 0.00 0.00 0.00 0.00 0.00 0.00 0.00 0.00 0.00 0.00 0.00 0.00 0.00 0.00 0.00 0.00 0.00 0.00 0.00 0.00 0.00 0.00 0.00 0.00 0.00 0.00 0.00 0.00 0.00 0.00 0.00 0.00 0.00 0.00 0.00 0.00 0.00 0.00 0.00 0.00 0.00 0.00 0.00 0.00 0.00 0.00 0.00 0.00 0.00 0.00 0.00 0.00 0.00 0.00 0.00 0.00 0.00 0.00 0.00 0.00 0.00 0.00 0.00 0.00 0.00 0.00 0.00 0.00 0.00
