Wansh/Snow_depth/snowdepth-1992/spring/1992085.txt
ncols 321
nrows 161
xllcenter 60
yllcenter 15 
cellsize  0.25 
NODATA_value -1
[rows 0 to 36 of 161, columns 168 to 251 of 321]
7.74 7.74 7.74 9.64 7.96 7.45 7.23 6.94 6.06 6.06 6.13 6.35 6.64 6.50 7.74 7.59 7.81 7.15 10.51 12.78 12.26 11.24 10.00 8.18 8.18 7.66 8.10 5.40 3.29 4.31 1.31 10.15 8.03 15.91 14.45 14.45 17.96 16.86 16.43 19.56 19.93 19.42 24.82 24.24 24.16 27.89 27.45 25.40 26.21 19.56 17.59 17.52 18.32 18.10 19.78 22.56 21.83 23.94 23.73 23.21 23.21 20.37 20.51 22.70 24.16 23.51 24.75 21.90 22.34 19.27 19.93 17.67 17.74 17.59 18.47 21.46 20.81 23.07 22.56 22.70 21.97 19.86 19.35 20.73
16.43 10.44 9.42 11.90 9.49 10.07 7.08 6.50 6.50 6.50 6.13 7.96 9.13 8.47 8.76 7.74 8.25 10.88 10.00 12.99 12.99 13.36 10.22 9.64 7.81 7.81 4.38 6.13 0.00 0.00 0.00 7.74 14.97 13.72 15.48 15.48 15.99 16.35 20.22 19.78 24.16 26.28 25.55 27.89 27.45 24.67 24.09 25.04 21.17 19.13 19.20 18.54 18.54 19.56 21.53 21.10 23.07 22.78 23.21 22.70 22.70 22.85 22.41 22.19 23.07 22.12 23.43 22.48 21.39 20.95 18.98 21.17 19.35 19.71 19.20 19.27 21.32 22.41 22.34 21.75 18.98 15.91 16.64 15.04
18.83 17.52 14.89 13.51 11.17 12.56 9.27 10.15 8.40 8.40 7.59 7.66 8.61 8.32 8.32 9.34 8.47 14.82 14.89 15.11 12.78 12.05 12.34 9.78 6.64 0.00 0.00 0.00 0.00 0.00 5.77 3.87 12.99 14.89 15.99 15.99 14.97 20.44 19.05 24.45 23.73 25.19 23.29 26.35 22.27 23.00 18.76 17.67 17.59 18.54 18.10 18.18 18.25 18.03 19.78 20.73 21.02 22.41 23.43 23.14 23.14 22.85 23.07 21.90 21.53 21.46 22.19 21.17 21.24 19.64 20.73 20.29 19.86 17.08 19.35 18.98 16.64 17.81 17.96 17.96 18.10 17.01 16.57 14.82
18.83 17.52 14.89 13.51 11.17 12.56 9.27 10.15 8.40 8.40 7.59 7.66 8.61 8.32 8.32 9.34 8.47 14.82 14.89 15.11 12.78 12.05 12.34 9.78 6.64 0.00 0.00 0.00 0.00 0.00 5.77 3.87 12.99 14.89 15.99 15.99 14.97 20.44 19.05 24.45 23.73 25.19 23.29 26.35 22.27 23.00 18.76 17.67 17.59 18.54 18.10 18.18 18.25 18.03 19.78 20.73 21.02 22.41 23.43 23.14 23.14 22.85 23.07 21.90 21.53 21.46 22.19 21.17 21.24 19.64 20.73 20.29 19.86 17.08 19.35 18.98 16.64 17.81 17.96 17.96 18.10 17.01 16.57 14.82
16.50 18.69 16.94 15.48 12.92 11.46 9.20 10.44 8.32 8.32 9.05 8.32 9.86 9.49 9.42 14.75 15.62 15.04 15.77 13.65 14.02 12.26 9.27 3.87 7.15 0.00 0.00 0.00 0.00 0.00 6.06 13.65 11.97 14.75 15.70 15.70 15.18 19.71 21.53 21.97 23.43 23.58 22.92 20.51 21.39 18.25 18.03 17.89 18.47 18.76 19.05 20.29 17.81 19.35 20.22 20.15 20.51 20.51 21.53 22.19 22.19 22.05 21.75 22.41 21.83 20.66 17.59 17.96 17.37 17.08 17.01 17.30 17.16 17.52 15.84 15.70 15.55 16.21 17.52 17.89 17.89 17.45 16.43 18.69
20.59 17.45 15.11 15.91 13.36 11.46 13.36 11.97 10.37 10.37 11.24 9.64 15.18 15.91 15.77 15.18 17.45 15.11 15.99 11.24 8.83 9.20 6.35 0.00 0.00 0.00 0.00 0.00 0.00 10.37 12.85 12.85 13.87 14.24 16.57 16.57 20.73 20.00 20.59 21.02 20.66 21.75 21.61 21.83 21.53 21.90 21.17 20.22 19.05 19.49 19.20 22.19 23.36 24.09 22.63 19.93 20.59 19.86 18.47 20.22 20.22 21.61 21.61 21.46 21.02 21.68 17.89 16.50 16.50 15.48 16.57 14.53 16.79 13.80 13.51 14.24 14.89 16.43 14.97 17.74 17.67 18.10 18.10 19.71
21.83 20.66 21.24 18.76 14.38 15.84 13.36 13.65 16.28 16.28 16.13 16.35 15.33 16.35 18.47 17.96 17.89 14.31 10.37 11.02 6.94 0.00 0.00 0.00 0.00 0.00 0.00 4.96 10.44 9.20 11.90 11.97 14.24 19.13 18.10 18.10 21.97 20.00 20.73 15.04 19.27 19.20 21.68 20.81 23.00 22.34 22.41 22.27 23.73 23.58 25.70 25.04 25.26 22.70 23.58 19.93 18.18 18.69 18.03 20.44 20.44 20.59 22.92 22.63 23.36 18.61 15.99 16.13 15.33 14.45 14.89 13.43 12.41 10.73 12.26 10.29 10.29 13.07 12.48 16.43 19.39 22.85 20.95 23.83
21.83 20.66 21.24 18.76 14.38 15.84 13.36 13.65 16.28 16.28 16.13 16.35 15.33 16.35 18.47 17.96 17.89 14.31 10.37 11.02 6.94 0.00 0.00 0.00 0.00 0.00 0.00 4.96 10.44 9.20 11.90 11.97 14.24 19.13 18.10 18.10 21.97 20.00 20.73 15.04 19.27 19.20 21.68 20.81 23.00 22.34 22.41 22.27 23.73 23.58 25.70 25.04 25.26 22.70 23.58 19.93 18.18 18.69 18.03 20.44 20.44 20.59 22.92 22.63 23.36 18.61 15.99 16.13 15.33 14.45 14.89 13.43 12.41 10.73 12.26 11.90 14.20 18.80 17.10 27.91 32.01 30.41 26.95 24.73
17.16 18.40 20.29 19.35 15.11 14.09 13.80 13.58 15.33 15.33 16.13 16.50 17.96 17.67 19.64 14.89 12.85 13.43 8.32 0.00 0.00 0.00 0.00 0.00 0.00 5.33 7.15 5.18 10.51 11.10 11.39 13.36 18.32 18.32 17.81 17.81 18.10 17.81 13.87 14.38 17.01 21.39 20.59 24.24 25.48 25.26 26.65 25.70 26.79 27.01 26.86 25.11 21.10 21.83 18.61 17.23 17.67 18.61 21.68 20.51 20.51 21.97 21.53 23.21 20.15 17.16 17.67 15.33 12.92 14.67 12.63 11.53 9.56 10.16 11.96 13.93 16.40 14.60 13.66 24.61 22.11 22.84 23.19 26.37
15.99 13.21 15.84 14.82 15.48 15.18 14.31 14.89 14.09 14.09 14.02 16.64 17.52 13.72 13.72 12.99 9.56 0.00 0.00 0.00 0.00 0.00 0.00 0.00 8.54 6.79 10.22 11.39 11.24 11.68 13.51 13.58 11.10 14.97 15.11 15.11 12.99 13.36 12.12 17.52 15.91 23.80 22.63 24.09 23.94 25.40 24.89 23.73 23.29 22.92 23.07 25.11 21.90 19.13 19.49 17.96 21.17 20.22 24.82 23.94 23.94 24.60 21.75 19.35 16.43 17.16 13.94 11.97 12.05 12.41 11.97 12.34 11.79 13.32 13.80 12.98 13.33 17.43 19.04 19.55 16.72 18.91 24.26 27.70
15.62 12.85 12.99 14.31 14.75 15.55 15.26 14.89 15.04 15.04 12.99 10.73 11.10 10.80 1.24 0.00 0.00 0.00 0.00 0.00 2.70 8.54 8.69 8.18 10.29 9.05 8.76 10.59 9.93 9.27 6.86 8.91 9.05 9.64 13.07 13.07 12.78 18.25 17.37 22.41 24.97 24.60 22.34 18.25 18.61 14.24 19.56 19.71 20.95 22.41 22.19 18.83 16.35 16.79 15.91 21.61 21.61 27.52 29.05 27.59 27.59 23.29 19.35 19.56 15.70 12.92 13.65 12.34 12.12 11.39 11.39 10.80 9.43 9.86 8.88 11.84 17.21 17.64 15.51 15.66 17.86 18.28 16.31 18.30
15.62 12.85 12.99 14.31 14.75 15.55 15.26 14.89 15.04 15.04 12.99 10.73 11.10 10.80 1.24 0.00 0.00 0.00 0.00 0.00 2.70 8.54 8.69 8.18 10.29 9.05 8.76 10.59 9.93 9.27 6.86 8.91 9.05 9.64 13.07 13.07 12.78 18.25 17.37 22.41 24.97 24.60 22.34 18.25 18.61 14.24 19.56 19.71 20.95 22.41 22.19 18.83 16.35 16.79 15.91 21.61 21.61 27.52 29.05 27.59 27.59 23.29 19.35 19.56 15.70 12.92 13.65 12.34 12.12 11.39 11.39 10.80 9.20 9.71 8.61 11.00 15.34 16.33 16.55 16.25 17.86 17.88 17.92 19.58
15.55 14.82 14.31 12.99 11.68 12.34 12.12 13.58 11.02 11.02 10.22 7.59 8.91 3.72 0.00 0.00 0.00 0.00 7.15 7.66 7.66 7.96 7.88 5.69 5.55 6.13 5.04 4.60 6.94 5.84 6.28 5.77 9.93 9.05 15.04 15.04 17.23 18.83 21.39 20.88 20.15 18.47 22.56 17.52 11.68 12.63 8.10 10.80 15.40 18.47 16.50 17.01 14.24 13.29 13.14 17.67 25.26 23.51 26.35 21.17 21.17 20.00 20.37 15.62 13.65 13.65 12.78 13.29 13.14 12.99 13.36 11.83 11.46 10.59 9.28 11.12 13.80 11.96 13.75 18.30 18.55 18.46 18.98 18.31
14.97 14.89 15.33 14.16 11.24 14.24 12.12 12.92 11.97 11.97 11.83 13.65 5.11 7.23 0.00 0.37 1.31 0.15 4.74 5.40 5.69 6.28 4.67 4.89 4.53 5.04 5.33 8.25 8.32 6.64 5.99 5.91 9.05 13.14 12.85 12.85 14.38 15.04 14.75 18.32 16.72 17.23 10.88 8.03 10.37 8.10 8.54 8.32 8.54 8.69 7.81 6.50 4.74 9.05 4.38 8.98 14.82 19.20 13.58 18.54 18.54 18.18 18.25 17.01 16.86 17.89 16.79 16.79 15.84 15.18 15.77 13.94 14.67 12.70 13.33 14.94 11.84 13.85 18.19 16.79 18.79 17.05 15.70 19.90
16.13 20.51 19.42 17.89 18.91 16.64 16.28 16.50 17.08 17.08 13.87 15.18 11.24 7.52 3.58 2.92 5.84 5.26 5.04 4.96 3.14 5.33 4.31 7.23 6.64 9.20 8.91 9.49 8.47 8.76 8.69 8.83 8.18 10.88 12.41 12.41 12.56 13.58 13.65 13.51 12.56 9.27 10.07 6.86 8.10 7.66 7.23 5.69 6.20 6.20 4.38 4.82 2.92 2.48 2.92 5.18 10.44 10.00 10.44 13.07 13.07 16.72 15.77 16.86 17.08 16.57 17.74 14.45 16.86 20.44 20.22 17.08 14.13 16.41 18.07 16.59 17.39 19.25 16.09 17.69 18.72 18.20 19.60 16.39
17.59 18.61 19.13 18.69 15.91 16.86 16.86 16.13 14.45 14.45 15.62 14.53 14.45 10.73 5.77 5.11 5.04 3.87 1.53 3.72 3.43 5.69 7.37 7.15 8.91 9.34 9.78 10.15 8.69 9.49 9.49 11.53 10.95 10.80 11.97 11.97 12.41 12.19 11.32 7.81 8.61 9.42 11.83 7.96 8.83 6.50 7.01 4.67 3.43 3.65 0.88 0.00 1.53 1.68 3.07 2.26 7.08 9.13 5.77 9.78 9.78 11.61 8.76 9.64 9.27 10.22 12.34 12.19 13.21 19.20 20.08 19.12 22.26 17.71 17.03 17.20 19.78 17.58 18.39 19.37 19.74 20.98 19.50 18.56
17.59 18.61 19.13 18.69 15.91 16.86 16.86 16.13 14.45 14.45 15.62 14.53 14.45 10.73 5.77 5.11 5.04 3.87 1.53 3.72 3.43 5.69 7.37 7.15 8.91 9.34 9.78 10.15 8.69 9.49 9.49 11.53 10.95 10.80 11.97 11.97 12.41 12.19 11.32 7.81 8.61 9.42 11.83 7.96 8.83 6.50 7.01 4.67 3.43 3.65 0.88 0.00 1.53 1.68 3.07 2.26 7.08 9.13 5.77 9.78 9.78 11.61 8.76 9.64 9.27 10.22 12.34 12.19 13.21 19.20 20.08 23.47 20.86 19.26 15.30 21.28 20.08 19.43 18.76 17.47 19.08 18.04 21.21 21.08
13.36 16.86 17.23 15.77 14.60 13.51 10.88 11.61 11.53 11.53 15.11 12.56 5.55 5.77 4.96 2.19 0.58 0.80 1.10 4.02 6.64 6.13 8.76 9.93 9.49 9.78 10.44 9.93 10.29 10.07 12.12 11.68 11.97 12.41 12.48 12.48 12.41 11.61 11.61 8.91 10.88 10.15 12.78 9.34 10.51 6.06 3.80 4.02 2.56 0.80 1.24 0.00 0.00 0.00 0.00 0.07 1.46 1.31 3.87 3.65 3.65 5.33 4.74 6.20 7.15 6.72 5.99 1.97 7.81 17.59 16.34 19.87 22.26 17.72 17.27 23.65 22.31 19.11 17.67 20.40 19.83 17.70 19.57 17.50
12.92 14.24 16.64 15.70 15.99 13.51 9.86 9.27 9.27 9.27 8.76 5.99 4.09 4.53 2.41 2.77 0.66 1.02 3.58 3.14 6.94 8.91 8.54 9.71 9.05 9.56 9.34 10.51 10.22 9.86 11.53 11.97 11.68 12.26 12.48 12.48 12.41 11.83 11.68 11.75 12.63 12.56 12.78 9.34 2.63 1.61 1.31 1.24 0.66 0.80 0.07 0.00 0.00 0.00 0.00 0.00 0.00 0.95 0.00 2.12 2.12 2.77 0.58 0.29 0.44 0.29 0.51 3.29 1.53 1.61 13.27 18.95 20.22 23.22 23.34 21.76 23.21 18.83 17.95 20.00 17.67 20.09 19.82 21.49
9.05 11.75 8.18 10.22 12.70 12.34 11.75 10.73 9.78 9.78 6.86 7.74 5.55 5.33 3.21 2.63 3.07 1.17 3.94 7.45 6.50 9.05 10.00 9.93 10.15 9.27 9.20 9.27 9.13 10.66 10.07 11.83 12.85 12.92 12.56 12.56 12.70 12.26 11.83 10.29 7.08 7.37 4.16 7.59 2.85 1.68 1.61 1.61 0.51 0.00 0.00 0.00 0.00 0.00 0.00 0.00 0.00 0.00 0.00 0.00 0.00 0.00 0.00 0.00 0.00 0.00 0.00 0.00 0.73 6.64 7.23 15.55 15.55 20.81 22.41 23.85 18.76 21.95 23.38 21.85 20.84 19.40 17.66 21.85
6.57 4.16 5.84 8.47 11.10 9.78 10.37 10.07 10.37 10.37 7.59 7.45 5.77 6.06 6.42 2.63 0.29 1.46 2.85 5.84 8.91 8.54 11.02 10.59 11.02 9.49 9.27 9.27 9.42 11.02 15.33 14.97 14.31 13.21 13.36 13.36 13.29 8.32 11.75 8.03 4.74 3.07 2.56 1.39 1.17 1.61 1.61 0.00 0.37 0.00 0.00 0.00 0.00 0.00 0.00 0.00 0.00 0.00 0.00 0.00 0.00 0.00 0.00 0.00 0.00 0.00 0.00 0.00 0.00 3.58 1.61 8.18 12.12 21.97 22.88 24.84 27.69 19.15 29.09 24.33 24.05 21.22 21.73 16.07
2.99 2.56 4.60 5.91 4.74 6.35 8.40 6.86 6.94 6.94 7.01 6.79 6.64 6.42 6.50 4.67 0.07 2.41 1.68 6.64 10.22 10.88 11.24 9.71 11.24 10.44 10.00 10.07 14.31 11.39 15.48 14.67 15.04 10.73 12.41 12.41 12.92 7.45 1.68 0.80 2.26 1.10 0.66 0.51 1.17 0.22 0.29 0.00 0.00 0.00 0.00 0.00 0.00 0.00 0.00 0.00 0.00 0.00 0.00 0.00 0.00 0.00 0.00 0.00 0.00 0.00 0.00 0.00 0.00 0.00 0.00 6.20 4.23 15.40 13.38 19.78 24.90 27.02 29.96 23.85 17.45 16.44 18.99 17.50
2.99 2.56 4.60 5.91 4.74 6.35 8.40 6.86 6.94 6.94 7.01 6.79 6.64 6.42 6.50 4.67 0.07 2.41 1.68 6.64 10.22 10.88 11.24 9.71 11.24 10.44 10.00 10.07 14.31 11.39 15.48 14.67 15.04 10.73 12.41 12.41 12.92 7.45 1.68 0.80 2.26 1.10 0.66 0.51 1.17 0.22 0.29 0.00 0.00 0.00 0.00 0.00 0.00 0.00 0.00 0.00 0.00 0.00 0.00 0.00 0.00 0.00 0.00 0.00 0.00 0.00 0.00 0.00 0.00 0.00 0.00 6.20 4.23 15.40 12.85 19.89 19.34 23.77 25.09 27.76 21.34 16.79 14.88 16.14
1.39 0.00 2.04 3.36 2.92 5.33 5.04 7.08 8.40 8.40 6.57 6.28 5.62 4.16 0.00 0.07 0.00 1.83 8.03 6.94 10.29 10.95 11.90 11.53 12.56 13.14 13.29 11.83 15.70 15.18 15.84 12.63 7.88 7.23 3.21 3.21 3.36 1.10 1.46 0.07 1.39 1.10 1.31 0.73 1.02 0.00 0.00 0.00 0.00 0.00 0.00 0.00 0.00 0.00 0.00 0.00 0.00 0.00 0.00 0.00 0.00 0.00 0.00 0.00 0.00 0.00 0.00 0.00 0.00 0.00 0.00 1.17 0.00 9.56 9.56 13.35 17.21 25.87 28.41 21.96 23.01 15.41 16.92 18.68
0.00 0.00 1.10 1.24 3.36 4.16 3.94 6.06 3.43 3.43 3.87 1.75 2.70 0.00 0.00 0.15 1.24 0.73 7.08 10.29 9.49 11.61 12.56 15.11 13.14 14.24 16.13 18.25 17.74 14.16 6.50 7.74 3.80 1.17 0.00 0.00 0.00 0.07 0.73 0.51 1.02 0.80 0.51 0.00 0.00 0.00 0.00 0.00 0.00 0.00 0.00 0.07 0.00 0.00 0.00 0.00 0.00 0.00 0.00 0.00 0.00 0.00 0.00 0.00 0.00 0.00 0.00 0.00 0.00 0.00 0.00 0.00 1.68 5.04 14.15 15.69 19.44 23.18 24.78 22.06 26.77 17.11 18.44 20.34
0.00 0.00 0.29 0.00 1.75 1.97 1.75 2.63 2.34 2.34 2.77 0.66 0.22 0.15 0.07 1.02 2.04 5.18 4.96 10.07 12.70 12.12 12.85 15.77 14.97 15.11 15.11 12.56 12.12 13.72 4.82 0.73 0.95 0.00 0.00 0.00 0.00 0.00 0.15 0.22 1.02 0.00 0.00 0.00 0.00 0.00 0.00 0.00 0.00 0.00 0.00 0.00 0.00 0.00 0.00 0.00 0.00 0.00 0.00 0.00 0.00 0.00 0.00 0.00 0.00 0.00 0.00 0.00 0.00 0.00 0.22 4.89 10.60 15.78 17.49 26.38 26.24 20.97 19.53 13.48 13.97 13.85 13.45 15.22
0.00 0.73 0.00 0.00 0.29 0.88 1.53 2.12 0.29 0.29 0.29 0.73 0.07 0.88 2.41 1.53 6.06 6.72 7.45 8.10 10.51 13.58 15.91 15.84 10.73 5.55 12.19 8.54 4.82 3.29 4.23 0.37 0.00 0.00 0.00 0.00 0.00 0.00 0.00 0.22 0.00 0.00 0.00 0.00 0.00 0.00 0.00 0.00 0.00 0.00 0.00 0.00 0.00 0.00 0.00 0.00 0.00 0.00 0.00 0.00 0.00 0.00 0.00 0.00 0.00 0.00 0.00 0.00 0.00 0.00 4.38 9.86 15.73 19.37 24.39 22.23 27.71 26.35 11.68 11.96 10.74 9.41 5.73 5.02
0.80 0.29 0.00 0.15 0.58 0.51 0.66 0.00 0.00 0.00 0.00 0.00 0.00 0.66 1.31 4.67 4.38 5.91 5.33 3.94 7.81 10.73 4.16 6.72 7.45 1.46 3.58 2.77 2.92 0.51 0.00 0.07 0.15 0.00 0.00 0.00 0.00 0.00 0.22 0.29 0.00 0.00 0.00 0.00 0.00 0.00 0.00 0.00 0.00 0.00 0.00 0.00 0.00 0.00 0.00 0.00 0.00 0.00 0.00 0.00 0.00 0.00 0.00 0.00 0.00 0.00 0.00 0.00 1.97 0.00 1.65 17.90 18.55 23.06 23.61 20.86 14.60 10.71 10.23 8.53 8.24 5.44 4.19 1.15
0.80 0.29 0.00 0.15 0.58 0.51 0.66 0.00 0.00 0.00 0.00 0.00 0.00 0.66 1.31 4.67 4.38 5.91 5.33 3.94 7.81 10.73 4.16 6.72 7.45 1.46 3.58 2.77 2.92 0.51 0.00 0.07 0.15 0.00 0.00 0.00 0.00 0.00 0.22 0.29 0.00 0.00 0.00 0.00 0.00 0.00 0.00 0.00 0.00 0.00 0.00 0.00 0.00 0.00 0.00 0.00 0.00 0.00 0.00 0.00 0.00 0.00 0.00 0.00 0.00 0.00 0.00 0.00 1.97 0.00 1.66 17.71 16.77 25.70 25.19 24.33 16.95 10.36 10.69 8.28 8.72 6.45 3.82 0.98
0.80 0.80 0.58 0.00 0.00 0.00 0.00 0.00 0.00 0.00 0.00 0.00 0.00 0.00 0.00 1.17 1.10 0.88 3.07 1.97 3.87 4.45 1.46 0.00 0.00 0.15 0.00 1.31 0.37 0.51 0.07 0.00 0.00 0.00 0.00 0.00 0.00 0.00 0.00 0.00 0.00 0.00 0.00 0.00 0.00 0.00 0.00 0.00 0.00 0.00 0.00 0.00 0.00 0.00 0.00 0.00 0.00 0.00 0.00 0.00 0.00 0.00 0.00 0.00 0.00 0.00 0.00 0.00 0.00 5.24 11.80 16.74 23.87 27.03 30.77 24.92 13.71 9.57 4.74 3.62 3.63 4.25 2.28 0.00
4.74 5.04 2.34 0.73 1.46 0.00 0.00 0.00 0.00 0.00 0.00 0.00 0.00 0.00 0.00 0.00 0.00 0.00 1.10 0.73 1.68 0.66 0.95 0.44 0.00 0.00 0.00 0.00 0.44 0.00 0.15 0.00 0.00 0.00 0.07 0.07 0.00 0.00 0.00 0.00 0.00 0.00 0.00 0.00 0.00 0.00 0.00 0.00 0.00 0.00 0.00 0.00 0.00 0.00 0.00 0.00 0.00 0.00 0.00 0.00 0.00 0.00 0.00 0.00 0.00 0.00 0.00 0.00 3.58 13.43 16.94 20.92 26.83 25.86 29.31 20.44 12.95 6.61 3.23 2.70 1.78 0.00 0.00 0.00
9.13 9.49 7.15 3.87 4.60 1.24 3.72 1.02 0.44 0.44 0.00 0.58 0.00 0.00 0.00 0.00 0.00 0.00 0.07 0.66 0.66 0.07 0.95 0.44 0.73 0.00 0.00 0.00 0.15 0.00 0.00 0.00 0.00 0.00 0.00 0.00 0.00 0.00 0.00 0.00 0.00 0.00 0.00 0.00 0.00 0.00 0.00 0.00 0.00 0.00 0.00 0.00 0.00 0.00 0.00 0.00 0.00 0.00 0.00 0.00 0.00 0.00 0.00 0.00 0.00 0.00 0.00 0.00 7.74 6.57 22.56 23.24 26.13 22.53 8.70 6.00 2.36 1.34 1.34 1.60 0.00 0.00 0.00 0.00
10.15 8.25 8.83 7.88 9.20 5.91 6.79 2.99 3.07 3.07 0.00 0.00 0.00 0.00 0.00 0.00 0.00 0.00 0.00 0.00 0.29 0.44 0.80 0.80 0.00 0.00 0.07 0.00 0.00 0.00 0.00 0.00 0.00 0.00 0.00 0.00 0.00 0.00 0.00 0.00 0.00 0.00 0.00 0.00 0.00 0.00 0.00 0.00 0.00 0.00 0.00 0.00 0.00 0.00 0.00 0.00 0.00 0.00 0.00 0.00 0.00 0.00 0.00 0.00 0.00 0.00 0.00 1.10 2.99 12.70 17.74 21.68 20.66 11.53 4.49 2.09 0.60 0.30 0.00 0.00 0.00 0.00 0.00 0.00
8.25 7.23 8.61 5.77 7.52 5.33 3.72 1.97 2.48 2.48 0.00 0.00 0.00 0.00 0.00 0.00 0.00 0.00 0.00 0.00 0.22 0.00 0.00 0.00 0.00 0.22 0.22 0.00 0.00 0.00 0.00 0.00 0.00 0.00 0.00 0.00 0.00 0.00 0.00 0.00 0.00 0.00 0.00 0.00 0.95 1.83 1.68 1.39 0.00 0.00 0.00 0.00 0.00 0.00 0.00 0.00 0.00 0.00 0.00 0.00 0.00 0.00 0.00 0.00 0.00 0.00 0.22 1.83 12.05 21.24 21.83 22.78 15.17 7.34 2.78 1.22 0.35 0.00 0.00 0.00 0.00 0.00 0.00 0.00
6.20 5.69 3.21 0.00 4.45 0.00 0.00 0.00 0.00 0.00 0.00 0.00 0.00 0.00 0.00 0.00 0.00 0.00 0.00 0.00 0.00 0.22 0.07 0.07 0.00 0.00 0.00 0.00 0.00 0.00 0.00 0.15 0.00 0.00 0.00 0.00 0.00 0.00 0.00 0.00 0.00 0.00 0.00 3.29 12.19 10.51 15.26 9.56 2.85 4.16 0.00 0.00 0.00 0.00 0.00 0.00 0.00 0.00 0.00 0.00 0.00 0.00 0.00 0.00 0.00 0.00 0.00 0.00 14.89 16.43 12.48 7.92 3.35 4.62 1.18 0.00 0.00 0.00 0.00 0.00 0.00 0.00 0.00 0.00
6.20 5.69 3.21 0.00 4.45 0.00 0.00 0.00 0.00 0.00 0.00 0.00 0.00 0.00 0.00 0.00 0.00 0.00 0.00 0.00 0.00 0.22 0.07 0.07 0.00 0.00 0.00 0.00 0.00 0.00 0.00 0.15 0.00 0.00 0.00 0.00 0.00 0.00 0.00 0.00 0.00 0.00 0.00 3.29 12.19 10.51 15.26 9.56 2.85 4.16 0.00 0.00 0.00 0.00 0.00 0.00 0.00 0.00 0.00 0.00 0.00 0.00 0.00 0.00 0.00 0.00 0.00 0.00 14.89 16.43 12.48 7.88 3.30 4.55 1.18 0.00 0.00 0.00 0.00 0.00 0.00 0.00 0.00 0.00
6.28 2.92 0.00 0.00 0.00 0.00 0.00 0.00 1.31 1.31 0.00 0.00 0.00 0.00 0.00 0.00 0.00 0.00 0.00 0.00 0.00 0.00 0.00 0.00 0.29 0.22 0.51 0.00 0.00 0.00 0.51 0.00 0.00 0.00 0.00 0.00 0.00 0.00 0.00 0.00 0.00 0.00 0.00 1.46 9.71 15.70 15.04 12.48 4.60 1.10 1.53 0.00 0.00 0.00 0.00 0.00 0.00 0.00 0.00 0.00 0.00 0.00 0.00 0.00 0.00 0.00 0.00 0.00 0.29 8.10 4.16 2.48 1.02 0.00 0.00 0.00 0.00 0.00 0.00 0.00 0.00 0.00 0.00 0.00
