Wansh/Snow_depth/snowdepth-1992/spring/1992086.txt
ncols 321
nrows 161
xllcenter 60
yllcenter 15 
cellsize  0.25 
NODATA_value -1
[rows 0 to 36 of 161, columns 84 to 167 of 321]
24.24 24.31 24.60 23.65 21.53 19.35 19.86 16.43 15.33 15.55 15.70 17.01 20.22 19.71 20.22 23.14 23.00 23.43 23.43 22.41 22.19 17.96 16.28 16.35 9.05 6.72 6.94 2.70 3.29 3.43 7.15 6.86 9.13 12.34 12.92 10.07 5.04 6.13 7.96 9.20 7.45 12.12 11.46 11.46 7.59 8.03 5.55 4.74 4.89 5.48 9.05 11.75 10.88 11.32 10.07 9.71 9.71 8.91 8.98 6.86 5.40 5.69 4.38 4.23 4.31 4.38 6.42 6.35 6.35 8.25 7.59 12.63 13.07 13.51 10.80 10.66 10.51 11.32 16.86 17.01 17.89 13.51 13.21 12.63
21.39 21.61 21.68 21.97 21.68 20.59 19.56 19.13 18.98 17.96 17.96 16.06 16.28 15.70 16.72 13.07 16.50 15.77 15.77 21.32 20.59 20.00 18.91 16.21 16.35 7.23 6.79 6.86 3.21 3.80 3.29 7.23 6.42 7.96 5.04 6.20 2.56 3.29 3.58 10.66 4.96 13.94 15.33 15.33 16.06 15.18 12.63 5.18 4.23 3.94 5.26 4.96 4.53 4.31 4.31 5.77 8.32 8.18 7.74 7.96 7.37 6.20 6.50 5.40 5.40 5.69 6.79 13.21 13.21 8.83 13.21 12.19 14.09 14.31 17.37 14.89 16.28 16.21 18.69 17.30 16.43 14.24 17.08 15.26
21.02 20.66 21.02 17.01 17.08 16.28 19.78 21.32 22.05 21.97 19.64 20.15 17.67 15.91 12.85 13.58 12.92 12.78 12.78 12.41 17.30 14.02 13.58 17.52 15.26 16.28 8.47 5.84 5.62 3.50 3.65 3.72 4.74 6.06 6.06 9.34 9.42 6.28 13.65 12.19 16.43 17.37 16.28 16.28 17.67 17.23 17.23 14.16 15.04 8.76 4.89 3.50 3.58 3.43 5.26 7.45 7.01 9.64 9.05 11.53 12.56 12.26 13.43 12.05 12.48 12.56 14.67 14.60 14.60 15.04 13.36 14.09 12.85 15.11 19.56 20.59 22.78 21.02 21.24 22.34 18.76 18.18 19.71 17.59
21.02 20.66 21.02 17.01 17.08 16.28 19.78 21.32 22.05 21.97 19.64 20.15 17.67 15.91 12.85 13.58 12.92 12.78 12.78 12.41 17.30 14.02 13.58 17.52 15.26 16.28 8.47 5.84 5.62 3.50 3.65 3.72 4.74 6.06 6.06 9.34 9.42 6.28 13.65 12.19 16.43 17.37 16.28 16.28 17.67 17.23 17.23 14.16 15.04 8.76 4.89 3.50 3.58 3.43 5.26 7.45 7.01 9.64 9.05 11.53 12.56 12.26 13.43 12.05 12.48 12.56 14.67 14.60 14.60 15.04 13.36 14.09 12.85 15.11 19.56 20.59 22.78 21.02 21.24 22.34 18.76 18.18 19.71 17.59
16.86 17.59 15.04 14.45 18.91 17.16 17.74 17.74 19.35 18.03 17.01 18.47 16.35 16.79 16.35 13.21 13.80 11.24 11.24 10.73 11.53 11.97 15.26 13.87 17.89 14.53 15.48 7.30 5.77 5.91 3.80 4.38 4.16 7.52 11.53 11.24 12.92 13.14 14.38 15.33 16.79 11.83 14.75 14.75 13.14 17.01 20.59 18.54 12.48 13.43 7.08 3.94 4.53 3.65 3.65 3.65 4.38 6.50 7.52 10.88 12.56 13.94 17.74 16.64 18.47 18.03 18.32 16.57 16.57 15.99 16.21 15.99 14.75 15.04 15.04 14.89 23.43 22.70 23.29 18.98 18.54 18.69 18.25 18.98
18.61 19.86 20.08 20.59 19.20 15.62 16.94 14.16 16.28 16.50 16.50 16.43 17.96 17.74 17.52 19.93 19.13 19.42 19.42 14.53 15.77 15.91 11.17 13.51 12.56 15.84 11.02 12.05 7.08 5.33 5.55 5.62 6.72 5.91 9.13 11.53 12.78 13.43 13.36 12.99 11.32 10.59 11.90 11.90 14.89 14.02 19.49 20.22 20.22 12.19 11.02 5.26 4.23 4.31 4.31 4.67 4.74 6.86 10.07 9.20 13.80 13.07 17.01 20.44 20.44 20.15 16.64 15.84 15.84 14.24 13.58 16.21 16.35 17.23 12.92 13.80 12.85 13.21 16.13 12.85 17.30 18.83 20.00 20.22
22.05 21.90 21.46 21.83 20.08 19.49 18.61 17.96 17.45 19.78 18.61 18.03 18.32 16.21 20.08 18.61 21.17 21.53 21.53 21.61 18.69 15.55 16.72 11.46 11.90 12.05 11.53 6.50 6.64 5.99 6.50 6.35 7.23 8.76 8.54 12.12 15.91 15.84 13.65 13.94 13.07 13.58 12.92 12.92 14.53 18.10 16.79 19.78 13.36 14.97 7.23 8.25 4.53 4.23 5.40 5.40 7.15 10.07 10.07 12.34 15.40 15.40 18.69 20.15 20.37 21.17 18.47 19.42 19.42 14.38 17.23 14.38 18.76 19.42 17.23 18.32 15.48 14.82 11.39 12.92 12.70 14.60 18.98 18.18
22.05 21.90 21.46 21.83 20.08 19.49 18.61 17.96 17.45 19.78 18.61 18.03 18.32 16.21 20.08 18.61 21.17 21.53 21.53 21.61 18.69 15.55 16.72 11.46 11.90 12.05 11.53 6.50 6.64 5.99 6.50 6.35 7.23 8.76 8.54 12.12 15.91 15.84 13.65 13.94 13.07 13.58 12.92 12.92 14.53 18.10 16.79 19.78 13.36 14.97 7.23 8.25 4.53 4.23 5.40 5.40 7.15 10.07 10.07 12.34 15.40 15.40 18.69 20.15 20.37 21.17 18.47 19.42 19.42 14.38 17.23 14.38 18.76 19.42 17.23 18.32 15.48 14.82 11.39 12.92 12.70 14.60 18.98 18.18
21.90 21.46 20.00 21.10 20.15 20.00 20.00 21.24 20.29 20.51 19.13 14.60 14.82 15.11 15.55 20.59 19.56 21.75 21.75 22.12 21.97 17.96 15.11 17.16 11.39 8.61 8.32 6.94 7.52 7.23 7.74 7.52 7.66 8.40 13.51 11.97 17.45 14.16 14.67 11.02 8.10 11.75 13.14 13.14 12.78 11.90 9.05 9.20 7.74 8.54 9.20 5.69 5.11 5.33 5.48 7.01 6.72 9.13 11.97 11.39 14.02 16.35 15.55 19.05 17.59 18.54 18.47 17.89 17.89 16.64 16.72 17.01 19.05 18.83 18.91 18.83 16.57 18.40 16.21 17.08 12.41 12.34 13.43 18.18
19.35 19.86 19.64 20.66 21.24 21.46 21.53 21.46 17.08 16.35 16.50 14.38 12.70 14.16 13.29 18.47 19.71 19.78 19.78 20.51 20.73 20.22 18.18 11.68 7.96 7.81 7.74 7.08 7.52 6.94 6.94 5.84 7.59 7.30 11.68 12.48 12.41 12.85 10.29 10.73 7.30 7.30 7.15 7.15 7.23 7.45 6.42 6.57 6.28 8.25 10.66 13.87 13.43 12.41 10.66 10.88 11.32 10.51 10.80 11.17 13.14 13.07 13.80 15.55 15.04 17.96 17.52 19.42 19.42 16.72 18.54 17.96 17.45 19.13 19.93 16.79 18.83 20.95 19.42 19.20 11.75 13.51 12.05 14.16
20.08 19.20 21.10 20.44 21.24 19.13 16.64 16.21 16.43 14.60 15.26 14.60 14.60 13.43 17.96 17.89 19.64 23.36 23.36 22.85 21.46 19.27 11.24 12.05 8.18 7.15 6.57 6.64 5.04 6.06 5.26 5.77 5.84 7.74 8.54 9.78 11.17 11.46 11.68 10.80 7.81 8.40 8.69 8.69 9.20 8.18 7.45 7.45 10.66 14.60 11.75 15.99 14.53 15.55 11.97 13.65 13.51 13.65 12.05 12.70 13.14 14.53 13.58 13.65 15.99 18.40 17.74 19.27 19.27 21.17 22.34 22.27 20.08 21.02 22.63 20.66 19.86 20.73 19.35 19.05 18.61 14.02 18.69 14.75
20.08 19.20 21.10 20.44 21.24 19.13 16.64 16.21 16.43 14.60 15.26 14.60 14.60 13.43 17.96 17.89 19.64 23.36 23.36 22.85 21.46 19.27 11.24 12.05 8.18 7.15 6.57 6.64 5.04 6.06 5.26 5.77 5.84 7.74 8.54 9.78 11.17 11.46 11.68 10.80 7.81 8.40 8.69 8.69 9.20 8.18 7.45 7.45 10.66 14.60 11.75 15.99 14.53 15.55 11.97 13.65 13.51 13.65 12.05 12.70 13.14 14.53 13.58 13.65 15.99 18.40 17.74 19.27 19.27 21.17 22.34 22.27 20.08 21.02 22.63 20.66 19.86 20.73 19.35 19.05 18.61 14.02 18.69 14.75
17.08 18.69 20.59 18.32 16.86 17.30 16.35 16.72 16.50 16.35 17.01 20.00 20.66 20.15 20.08 20.88 21.10 23.14 23.14 23.80 18.91 20.29 11.68 8.40 8.32 7.37 5.62 5.77 4.82 7.52 5.26 6.64 9.20 8.91 13.07 12.78 12.19 13.80 12.85 13.80 13.80 13.14 10.22 10.22 9.13 9.71 7.81 10.51 9.78 14.82 20.22 19.64 21.90 20.08 18.25 18.47 18.40 19.27 19.64 16.35 14.97 15.18 14.89 15.84 18.03 16.64 18.18 21.83 21.83 24.16 24.09 24.16 24.75 23.87 23.94 22.70 22.63 20.22 19.56 20.88 18.76 19.93 19.86 16.57
20.66 20.29 20.95 17.67 16.13 16.13 17.74 17.59 18.32 20.44 20.81 20.22 21.75 22.70 22.27 21.32 22.27 23.58 23.58 23.87 16.79 12.05 12.63 10.22 7.59 8.10 6.42 8.91 5.18 9.42 14.97 15.18 13.58 16.21 16.13 19.05 19.13 19.56 14.97 14.97 15.04 14.82 17.30 17.30 17.23 19.05 20.51 13.80 16.50 16.13 19.35 20.73 21.68 22.27 19.93 19.20 19.35 18.61 15.91 17.23 15.77 14.24 17.01 17.01 18.98 18.54 19.78 21.17 21.17 20.51 25.40 25.92 24.75 23.36 24.09 23.65 21.46 18.25 9.93 18.54 14.67 13.65 16.72 13.36
19.93 19.64 19.71 17.74 17.52 15.70 16.64 17.16 15.91 21.46 19.93 17.08 16.50 20.44 19.56 19.64 21.97 19.64 19.64 17.37 17.89 14.38 11.24 11.24 11.10 8.25 8.10 10.51 15.26 12.48 19.20 21.90 22.19 20.44 19.71 19.93 18.32 16.28 17.08 17.16 18.83 18.40 20.44 20.44 21.32 21.24 21.61 18.98 20.00 18.18 20.29 19.78 22.48 27.38 30.15 30.00 27.96 19.13 21.68 10.73 11.32 10.73 13.07 11.46 15.55 18.40 18.47 18.91 18.91 20.00 22.05 23.58 23.73 18.54 19.20 20.00 16.28 11.24 10.00 6.28 9.93 15.33 12.70 14.89
20.37 17.16 17.45 16.79 17.16 16.21 11.02 11.97 11.83 16.21 9.64 13.72 12.99 11.97 17.08 14.97 18.18 18.18 18.18 15.18 13.94 14.75 11.17 11.90 11.53 12.92 12.41 12.34 15.33 17.37 17.01 21.75 19.78 20.29 18.32 16.79 18.03 17.89 18.03 17.59 19.64 18.61 19.05 19.05 16.64 15.18 18.61 17.74 16.43 16.28 18.10 19.93 23.87 22.41 28.32 28.11 28.40 22.63 13.87 10.15 11.24 10.00 10.51 11.97 10.95 14.82 18.40 20.44 20.44 20.81 20.59 21.97 19.78 18.98 17.67 15.48 0.00 7.30 0.00 9.56 7.01 14.45 12.34 15.26
20.37 17.16 17.45 16.79 17.16 16.21 11.02 11.97 11.83 16.21 9.64 13.72 12.99 11.97 17.08 14.97 18.18 18.18 18.18 15.18 13.94 14.75 11.17 11.90 11.53 12.92 12.41 12.34 15.33 17.37 17.01 21.75 19.78 20.29 18.32 16.79 18.03 17.89 18.03 17.59 19.64 18.61 19.05 19.05 16.64 15.18 18.61 17.74 16.43 16.28 18.10 19.93 23.87 22.41 28.32 28.11 28.40 22.63 13.87 10.15 11.24 10.00 10.51 11.97 10.95 14.82 18.40 20.44 20.44 20.81 20.59 21.97 19.78 18.98 17.67 15.48 0.00 7.30 0.00 9.56 7.01 14.45 12.34 15.26
16.35 15.99 16.57 17.01 16.21 9.64 10.44 9.78 6.64 7.15 7.01 8.54 10.88 15.55 13.87 14.75 15.55 16.13 16.13 14.45 10.95 9.71 10.22 9.49 12.78 12.48 14.75 14.97 14.75 16.86 19.35 19.20 20.08 18.83 19.35 17.16 15.84 15.84 17.67 17.74 17.67 16.72 15.62 15.62 15.18 15.55 16.35 15.48 15.91 14.31 15.26 15.11 16.79 21.32 23.94 23.65 20.95 14.89 16.13 11.97 12.05 19.78 16.21 17.23 15.33 18.03 20.22 23.21 23.21 22.05 23.58 23.21 18.10 17.74 14.75 5.18 16.86 6.50 2.92 6.79 6.64 10.44 11.97 14.45
19.13 17.96 18.32 18.10 16.64 16.64 12.99 13.36 6.64 9.93 9.42 9.42 10.59 15.26 15.77 15.91 14.82 14.02 14.02 13.36 13.58 9.27 9.34 9.56 11.46 15.18 14.53 18.32 17.45 17.45 18.76 21.24 20.37 21.24 18.69 19.27 16.06 11.61 8.91 9.05 10.00 14.67 15.70 15.70 17.59 18.03 18.25 16.21 14.09 14.53 13.80 16.35 15.84 19.35 24.45 24.60 25.48 20.37 24.24 23.14 21.75 21.97 18.83 21.90 19.27 21.17 21.17 22.05 22.05 25.55 23.07 16.72 12.78 14.67 6.35 7.96 2.99 4.53 1.46 2.77 4.96 7.01 9.34 8.25
17.30 16.86 17.08 17.37 16.50 18.76 15.62 14.60 11.39 10.95 10.80 11.39 11.83 12.56 13.36 13.58 13.80 13.36 13.36 15.11 13.43 14.38 10.15 12.19 11.61 15.77 18.10 18.18 16.64 12.12 17.45 18.18 18.25 16.57 15.77 11.39 15.91 10.29 6.42 7.01 6.50 12.26 18.40 18.40 16.79 22.41 20.22 21.61 20.59 22.92 23.00 18.10 25.40 25.92 28.11 27.30 30.00 27.45 27.96 25.77 26.79 27.38 25.48 24.67 20.51 19.13 23.73 26.79 26.79 19.86 13.14 10.51 4.60 8.91 7.01 4.09 0.73 1.46 2.48 1.97 3.50 3.07 4.38 6.42
16.64 14.31 16.06 17.37 18.83 19.05 15.91 16.21 15.55 18.91 19.13 15.04 17.16 14.53 13.94 16.72 12.26 11.83 11.83 14.16 14.53 14.09 14.24 13.21 16.35 15.70 20.22 15.48 16.35 10.95 7.96 8.76 11.90 12.63 9.05 10.00 4.16 0.00 0.00 5.26 8.98 7.81 14.24 14.24 18.91 17.96 19.93 21.17 24.89 24.45 24.75 27.23 26.86 29.05 29.27 30.59 27.01 29.35 24.02 25.26 27.30 27.01 27.01 26.43 23.58 22.19 22.48 19.42 19.42 20.37 17.08 4.74 2.48 1.61 2.19 1.31 0.37 0.22 0.44 1.10 2.26 1.83 1.83 5.11
13.80 13.72 15.84 17.08 15.26 14.89 14.67 16.06 20.15 23.07 25.99 25.99 25.04 27.74 21.17 20.81 21.32 16.13 16.13 15.77 17.23 16.06 17.89 18.40 18.25 22.19 21.83 21.97 14.89 15.99 10.22 6.06 5.69 5.55 6.20 3.14 3.80 0.00 0.00 0.00 4.45 5.40 4.82 4.82 11.32 13.14 5.77 13.07 19.78 21.32 12.12 23.43 16.94 22.41 25.19 24.60 26.06 21.68 22.19 21.61 23.29 23.51 25.70 26.28 26.43 23.07 23.87 21.83 21.83 17.96 5.99 8.61 3.72 3.36 2.04 3.14 0.80 1.97 0.88 0.51 0.22 0.00 0.22 1.75
13.80 13.72 15.84 17.08 15.26 14.89 14.67 16.06 20.15 23.07 25.99 25.99 25.04 27.74 21.17 20.81 21.32 16.13 16.13 15.77 17.23 16.06 17.89 18.40 18.25 22.19 21.83 21.97 14.89 15.99 10.22 6.06 5.69 5.55 6.20 3.14 3.80 0.00 0.00 0.00 4.45 5.40 4.82 4.82 11.32 13.14 5.77 13.07 19.78 21.32 12.12 23.43 16.94 22.41 25.19 24.60 26.06 21.68 22.19 21.61 23.29 23.51 25.70 26.28 26.43 23.07 23.87 21.83 21.83 17.96 5.99 8.61 3.72 3.36 2.04 3.14 0.80 1.97 0.88 0.51 0.22 0.00 0.22 1.75
13.07 12.05 13.36 12.99 14.38 15.33 16.28 20.15 19.05 26.28 26.94 27.01 27.45 26.43 26.79 23.00 23.36 19.56 19.56 18.32 18.98 18.61 19.05 20.00 20.15 22.85 21.61 22.19 17.52 13.72 6.72 7.30 4.67 0.00 0.00 0.00 1.10 1.39 0.00 3.21 2.63 3.65 2.70 2.70 0.00 0.00 0.00 0.00 4.31 5.11 7.01 9.27 8.10 12.92 18.47 19.64 10.66 11.24 11.46 16.50 20.08 16.64 19.78 20.95 26.79 26.50 21.75 20.29 20.29 20.95 15.33 10.37 18.03 9.78 7.23 5.99 2.19 3.14 0.95 0.66 0.00 0.00 0.00 0.22
14.02 12.70 12.70 18.54 17.67 17.89 21.10 28.32 27.96 28.69 27.96 26.21 24.89 24.97 22.41 21.17 19.05 18.76 18.76 19.13 19.93 20.00 21.83 21.16 19.66 22.18 19.02 17.37 17.37 17.23 13.14 5.26 5.77 0.00 0.00 2.63 1.31 1.83 2.92 1.17 2.04 2.04 2.04 2.04 0.00 0.00 0.00 0.00 0.00 0.00 0.00 0.00 0.00 0.00 0.00 0.00 6.20 10.15 13.65 15.18 15.48 15.48 15.91 17.30 23.21 22.56 19.78 20.15 20.15 18.91 14.97 22.41 19.64 9.13 10.37 6.57 2.04 1.53 0.66 0.22 0.00 0.00 0.15 0.00
16.28 15.48 17.67 21.17 24.09 23.07 27.59 29.35 29.64 26.13 26.79 25.99 21.53 19.64 21.17 14.38 19.20 23.29 23.29 22.63 21.75 24.45 24.16 24.02 24.62 20.04 22.72 21.82 19.27 15.91 17.16 13.36 12.05 6.86 3.36 1.90 1.97 2.41 3.43 2.85 2.99 0.80 1.10 1.10 0.66 0.95 0.00 0.00 0.00 0.00 0.00 0.00 0.00 0.00 0.00 0.00 2.77 7.81 8.03 14.09 15.77 15.40 15.33 14.97 15.18 19.20 19.05 19.64 19.64 18.83 19.42 15.11 11.24 7.30 8.76 4.82 6.79 5.18 2.19 3.58 1.53 0.00 0.00 0.00
18.91 20.15 19.93 21.10 23.94 29.42 31.17 30.66 29.86 24.02 17.67 17.16 17.52 15.33 12.85 11.39 18.54 24.24 24.24 23.58 24.89 23.49 23.25 22.58 24.66 25.12 24.87 24.33 24.53 19.14 15.77 15.99 15.70 13.07 13.80 4.96 5.18 5.33 4.09 2.56 1.61 1.83 0.51 0.51 0.00 0.00 0.00 0.00 0.00 0.00 0.00 0.00 0.00 0.00 0.00 0.00 0.00 4.23 5.11 13.07 16.64 16.64 15.84 17.59 15.70 16.13 17.23 19.20 19.20 21.39 21.90 17.45 13.94 11.02 13.29 11.24 12.05 8.10 4.96 3.14 0.58 0.00 0.00 0.44
18.40 18.91 18.10 23.43 21.68 27.96 28.32 30.08 29.93 23.65 16.64 14.38 11.83 12.41 10.95 18.54 17.45 23.21 23.21 22.24 12.24 14.16 16.03 16.28 14.82 23.51 26.04 29.04 28.41 26.25 20.10 19.42 19.78 17.01 15.70 14.97 15.77 8.83 5.33 3.72 1.90 0.73 0.51 0.51 0.00 0.00 0.00 0.00 0.00 0.00 0.00 0.00 0.00 0.00 0.00 0.00 0.00 0.00 1.75 8.10 14.02 18.10 19.56 22.41 19.64 19.42 21.32 20.59 20.59 24.60 23.36 20.00 17.74 14.82 11.97 11.68 9.05 4.96 5.84 1.61 2.99 0.00 0.88 0.88
18.40 18.91 18.10 23.43 21.68 27.96 28.32 30.08 29.93 23.65 16.64 14.38 11.83 12.41 10.95 18.54 17.45 23.21 23.33 22.97 12.43 15.16 15.63 16.70 14.60 23.51 25.26 26.99 26.55 26.65 20.31 20.23 22.23 18.00 16.10 14.97 15.77 8.83 5.33 3.72 1.90 0.73 0.51 0.51 0.00 0.00 0.00 0.00 0.00 0.00 0.00 0.00 0.00 0.00 0.00 0.00 0.00 0.00 1.75 8.10 14.02 18.10 19.56 22.41 19.64 19.42 21.32 20.59 20.59 24.60 23.36 20.00 17.74 14.82 11.97 11.68 9.05 4.96 5.84 1.61 2.99 0.00 0.88 0.88
18.61 18.76 17.67 18.61 15.70 24.75 22.34 28.25 26.86 21.61 21.53 23.51 15.91 19.49 18.83 23.07 27.81 22.05 22.05 23.43 12.78 5.18 7.12 7.04 8.46 8.11 7.82 24.21 27.52 29.64 30.23 29.43 24.28 24.33 21.22 19.37 12.90 14.38 7.30 5.18 2.63 3.07 1.10 1.10 0.22 0.00 0.00 1.46 0.00 0.00 0.00 0.00 0.00 0.00 0.00 0.00 0.00 0.00 0.00 5.77 14.97 13.72 20.73 23.94 25.70 23.07 23.58 23.21 23.21 22.41 20.37 16.13 13.36 14.31 11.68 14.38 10.51 6.35 5.77 2.19 1.46 2.19 1.17 0.80
20.51 21.17 18.32 18.03 13.51 16.86 16.86 17.16 25.26 25.62 25.55 25.77 21.32 18.69 17.37 24.24 27.74 22.34 22.34 14.53 16.79 6.09 2.99 0.00 0.00 0.00 5.48 6.13 21.53 31.71 32.27 33.65 30.88 31.46 26.67 24.23 19.27 12.55 14.16 8.83 5.26 1.97 2.56 2.56 0.58 0.22 1.17 0.88 1.97 0.00 0.00 0.00 0.00 0.00 0.00 0.00 0.00 0.00 2.19 0.00 4.16 6.94 12.99 17.08 25.19 24.97 23.29 21.24 21.24 20.51 20.29 16.43 13.80 12.70 12.99 13.14 11.39 7.37 4.45 3.80 2.92 2.63 3.50 4.23
24.67 28.25 23.73 24.97 18.10 22.27 17.81 17.96 21.83 24.82 21.75 14.75 16.13 13.51 12.85 21.61 21.32 18.98 18.98 10.15 7.59 8.25 5.84 2.12 0.00 0.00 0.00 6.49 18.77 27.13 34.53 34.16 34.60 31.97 30.89 30.18 32.09 26.79 13.43 16.57 11.61 8.47 6.13 6.13 2.34 1.17 1.46 0.73 0.66 1.68 2.19 0.00 0.00 0.00 0.00 0.00 0.00 0.00 0.00 0.00 3.14 3.65 14.67 15.11 23.07 17.74 20.00 18.91 18.91 19.49 18.69 11.97 8.25 9.20 8.83 8.32 8.98 8.25 4.89 6.86 5.55 10.44 9.78 10.00
28.11 27.23 31.97 31.03 25.48 27.81 23.73 25.04 24.75 25.55 22.12 20.51 22.78 23.51 13.36 11.39 11.53 12.78 12.78 6.42 5.26 6.20 6.94 2.41 0.00 0.00 0.00 2.64 7.08 13.43 12.56 30.88 31.03 30.95 30.81 31.32 30.09 26.63 27.41 20.50 14.89 11.02 11.83 11.83 5.40 3.07 2.41 2.85 0.95 1.02 2.34 0.00 0.00 0.00 0.00 0.00 0.00 0.00 0.00 2.92 0.00 0.00 5.40 6.94 17.59 13.14 14.89 12.48 12.48 8.10 6.13 6.13 5.91 6.79 6.57 8.40 9.20 11.32 8.10 6.94 10.95 10.22 10.73 10.80
11.10 22.34 30.22 29.64 28.54 29.35 24.75 18.98 15.48 18.91 17.52 25.99 24.82 13.87 9.34 10.66 1.97 2.56 2.56 2.63 1.75 4.60 0.37 1.24 0.00 0.00 0.00 0.00 0.00 5.84 3.87 3.94 21.97 26.35 27.23 27.23 28.03 27.16 23.12 24.33 18.34 13.36 8.83 8.83 10.66 4.96 2.99 6.64 4.23 3.07 3.07 2.12 0.00 0.00 0.00 0.00 0.00 0.00 0.00 4.67 3.36 2.92 0.00 1.46 11.10 7.15 3.07 3.43 3.43 3.65 4.96 5.69 4.82 6.06 5.48 7.88 9.78 10.07 7.88 8.32 7.96 8.91 9.42 7.88
6.06 14.38 11.83 22.85 28.54 27.59 25.99 21.24 22.69 15.62 16.13 15.33 21.17 9.93 5.69 0.51 0.95 0.00 0.00 0.00 0.00 0.00 0.00 0.00 0.00 0.00 0.00 0.00 0.00 0.00 0.00 0.00 0.00 2.70 3.72 5.26 11.46 22.49 22.56 12.92 9.59 13.29 12.05 12.05 8.18 8.61 9.56 9.34 7.23 4.31 2.92 0.00 0.00 0.00 0.00 0.00 0.00 0.00 0.00 2.41 4.02 2.63 0.00 0.00 0.00 0.00 0.00 0.00 0.00 0.00 0.00 0.00 0.00 3.58 3.07 5.18 6.72 9.42 4.60 5.04 6.86 6.86 7.01 5.84
6.06 14.38 11.83 22.85 28.54 27.59 25.99 21.24 22.12 15.62 16.13 15.33 21.17 9.93 5.69 0.51 0.95 0.00 0.00 0.00 0.00 0.00 0.00 0.00 0.00 0.00 0.00 0.00 0.00 0.00 0.00 0.00 0.00 2.70 3.74 5.28 11.46 22.38 22.78 12.92 9.49 13.29 12.05 12.05 8.18 8.61 9.56 9.34 7.23 4.31 2.92 0.00 0.00 0.00 0.00 0.00 0.00 0.00 0.00 2.41 4.02 2.63 0.00 0.00 0.00 0.00 0.00 0.00 0.00 0.00 0.00 0.00 0.00 3.58 3.07 5.18 6.72 9.42 4.60 5.04 6.86 6.86 7.01 5.84
15.62 11.17 11.39 17.52 14.75 25.77 24.45 24.16 25.72 16.35 15.18 12.12 8.83 10.51 2.04 0.37 0.00 0.00 0.00 0.00 0.00 0.00 0.00 0.00 0.00 0.00 0.00 0.00 0.00 0.00 0.00 0.00 0.22 0.00 0.00 0.00 3.94 8.03 7.41 7.88 5.48 3.87 4.31 4.31 5.33 6.28 8.98 10.51 9.86 9.64 10.29 5.40 0.00 0.00 0.00 0.00 0.00 0.00 0.00 0.00 0.80 1.83 0.00 2.41 0.00 0.00 0.00 2.63 2.63 0.00 0.00 0.00 0.00 0.00 0.00 0.00 0.00 4.53 0.00 0.00 0.00 4.31 6.35 5.11
