Wansh/Snow_depth/snowdepth-1992/spring/1992104.txt
ncols 321
nrows 161
xllcenter 60
yllcenter 15 
cellsize  0.25 
NODATA_value -1
[rows 0 to 36 of 161, columns 168 to 251 of 321]
11.10 5.99 7.08 5.04 5.91 5.55 5.26 4.67 4.67 4.67 5.33 5.77 5.84 5.84 5.84 4.60 5.69 5.26 7.74 10.29 11.02 10.15 8.32 7.74 7.74 6.72 4.60 5.62 5.84 5.84 7.01 10.29 11.90 11.39 11.39 11.39 11.39 14.24 13.51 15.48 15.99 20.29 20.29 20.29 20.29 15.91 19.86 18.32 15.91 12.99 11.46 11.61 11.17 13.14 14.53 13.72 17.23 18.54 18.61 18.91 18.91 17.01 17.45 16.64 18.76 19.35 19.86 16.43 14.60 15.18 12.48 12.99 13.07 13.65 14.02 14.02 15.26 14.97 16.43 16.35 16.43 13.43 14.31 12.92
8.03 8.10 5.40 5.40 5.33 4.45 4.82 4.45 4.89 4.89 4.74 5.11 5.77 5.91 5.69 6.42 8.54 7.52 11.32 11.53 11.75 9.13 8.54 7.23 7.59 3.94 1.61 5.91 5.48 6.72 9.56 9.27 9.49 11.17 14.02 14.02 13.51 15.26 14.60 17.89 18.98 17.81 22.63 21.39 19.49 17.89 15.99 16.43 15.62 12.34 11.39 12.48 12.12 13.72 14.53 16.50 16.35 17.52 17.45 17.16 17.16 16.79 17.52 17.08 17.37 16.57 15.91 16.21 13.94 13.07 12.99 14.45 14.97 14.82 13.94 14.45 14.60 14.24 13.65 12.70 12.63 13.14 10.37 9.56
5.69 7.96 7.81 5.18 3.29 3.29 3.94 4.09 3.87 3.87 5.55 5.33 5.33 5.18 6.28 5.84 7.15 9.71 10.66 11.10 12.34 9.42 7.30 4.23 5.77 0.00 0.00 0.00 0.51 4.23 7.74 8.76 8.18 9.56 9.93 9.93 12.34 15.77 14.67 18.47 20.59 22.41 22.05 20.22 21.17 13.07 10.37 10.00 10.66 10.22 11.10 11.83 12.05 13.07 12.70 14.89 13.21 14.67 14.16 17.01 17.01 15.99 16.21 15.62 13.72 15.11 13.36 14.02 13.80 13.72 13.87 13.87 12.92 12.92 13.72 11.10 11.02 12.34 12.26 12.05 12.56 10.44 10.73 9.78
5.69 7.96 7.81 5.18 3.29 3.29 3.94 4.09 3.87 3.87 5.55 5.33 5.33 5.18 6.28 5.84 7.15 9.71 10.66 11.10 12.34 9.42 7.30 4.23 5.77 0.00 0.00 0.00 0.51 4.23 7.74 8.76 8.18 9.56 9.93 9.93 12.34 15.77 14.67 18.47 20.59 22.41 22.05 20.22 21.17 13.07 10.37 10.00 10.66 10.22 11.10 11.83 12.05 13.07 12.70 14.89 13.21 14.67 14.16 17.01 17.01 15.99 16.21 15.62 13.72 15.11 13.36 14.02 13.80 13.72 13.87 13.87 12.92 12.92 13.72 11.10 11.02 12.34 12.26 12.05 12.56 10.44 10.73 9.78
3.65 3.72 2.26 0.07 2.19 1.39 4.67 5.18 5.26 5.26 6.50 6.06 8.40 7.01 7.23 6.57 8.47 7.88 9.42 10.00 10.00 6.86 7.66 2.34 0.00 0.00 0.00 0.00 0.00 0.00 7.45 7.81 8.54 8.47 9.20 9.20 10.15 15.48 17.89 17.23 19.35 16.94 16.79 14.16 12.70 13.51 10.95 10.66 11.68 10.51 11.17 10.95 11.39 12.85 11.97 12.41 12.70 13.14 14.89 14.38 14.38 15.33 14.60 14.60 14.53 13.51 13.43 11.61 12.78 13.14 9.49 10.88 11.10 10.59 10.44 10.80 10.59 11.90 11.75 12.92 12.99 12.41 12.26 11.39
4.74 1.31 0.00 0.00 0.22 0.00 1.90 5.91 5.77 5.77 6.13 8.91 10.15 9.05 9.05 6.13 6.13 5.69 7.88 6.20 3.94 5.69 2.48 0.00 0.00 0.00 0.00 0.00 2.70 7.59 0.00 6.57 9.86 10.95 14.02 14.02 13.14 15.40 17.81 14.89 15.11 14.75 15.18 15.40 14.38 12.48 11.61 11.75 11.53 10.88 14.53 14.75 14.67 13.43 13.14 12.05 12.05 12.41 13.36 13.80 13.80 13.07 15.40 16.64 14.75 12.92 10.15 10.80 8.69 8.18 8.61 8.10 10.44 10.15 10.22 7.74 10.29 10.66 9.93 10.15 12.34 12.41 12.26 13.36
7.45 8.47 1.17 0.00 0.00 0.00 0.51 3.72 4.31 4.31 7.74 9.13 8.91 9.71 6.94 5.48 5.62 6.50 5.11 5.91 3.72 0.00 0.00 0.00 0.00 0.00 6.94 0.00 8.03 9.64 10.88 10.59 11.39 13.43 17.89 17.89 18.61 16.72 17.74 14.89 7.81 10.07 11.83 12.48 11.39 12.92 12.26 15.18 15.33 15.62 15.26 14.89 13.65 10.73 11.39 10.07 7.88 11.10 10.29 13.94 13.94 15.55 15.48 15.91 12.56 13.43 9.93 8.83 8.61 8.40 7.81 7.88 6.35 5.69 7.88 5.91 4.74 5.04 7.88 9.28 9.33 12.37 14.84 16.53
7.45 8.47 1.17 0.00 0.00 0.00 0.51 3.72 4.31 4.31 7.74 9.13 8.91 9.71 6.94 5.48 5.62 6.50 5.11 5.91 3.72 0.00 0.00 0.00 0.00 0.00 6.94 0.00 8.03 9.64 10.88 10.59 11.39 13.43 17.89 17.89 18.61 16.72 17.74 14.89 7.81 10.07 11.83 12.48 11.39 12.92 12.26 15.18 15.33 15.62 15.26 14.89 13.65 10.73 11.39 10.07 7.88 11.10 10.29 13.94 13.94 15.55 15.48 15.91 12.56 13.43 9.93 8.83 8.61 8.40 7.81 7.88 6.35 5.69 7.88 6.84 6.54 7.25 10.80 15.76 15.40 16.47 19.09 17.15
10.15 4.60 0.00 0.00 0.00 0.00 0.00 2.77 2.04 2.04 2.12 2.34 2.26 4.45 3.72 5.40 3.21 0.29 0.00 0.00 0.00 0.00 0.00 0.00 0.00 0.00 8.54 6.06 3.29 10.51 11.10 12.19 14.24 15.99 15.48 15.48 17.52 7.15 6.35 5.62 5.55 6.79 8.69 6.64 11.02 10.95 11.97 16.72 19.13 18.47 17.23 17.81 12.92 8.69 9.78 5.84 6.72 9.34 9.64 8.83 8.83 13.36 10.88 15.33 12.78 10.22 10.51 8.47 7.66 7.81 7.01 5.84 5.91 4.97 4.62 8.02 6.94 8.30 6.97 11.77 14.71 12.18 12.68 14.16
7.74 8.25 8.03 7.08 3.50 1.17 0.00 0.00 0.00 0.00 1.10 0.73 2.77 3.36 2.85 1.10 0.00 0.00 0.00 0.00 0.00 0.00 0.00 3.14 7.52 5.77 9.64 9.49 8.54 9.42 10.37 11.39 11.75 5.62 5.99 5.99 4.89 4.67 3.80 7.15 9.27 4.96 8.69 7.52 7.74 7.45 10.07 14.97 13.36 14.82 14.60 14.53 12.70 6.06 5.62 5.77 5.55 4.67 6.72 3.72 3.72 4.23 8.03 9.93 10.59 5.99 7.45 8.18 4.31 6.50 6.28 4.45 3.53 5.01 5.40 6.27 5.82 10.53 12.19 11.89 11.00 12.64 13.85 14.28
9.05 7.52 8.47 8.32 5.77 6.72 3.72 4.60 0.07 0.07 0.00 0.00 1.68 3.21 0.00 0.00 0.00 0.00 0.00 0.00 0.00 1.83 2.41 1.97 7.96 8.47 7.37 9.42 6.64 9.49 8.18 3.21 2.70 2.92 2.77 2.77 6.20 8.47 7.52 9.42 13.21 7.59 7.88 5.77 5.04 3.87 5.77 8.32 7.15 11.32 6.64 6.94 5.77 5.91 3.87 3.14 3.94 3.94 2.77 1.97 1.97 1.97 4.60 2.92 4.16 4.23 3.80 4.02 3.87 4.67 3.72 2.99 2.99 2.82 3.76 4.80 7.83 7.59 10.85 11.96 11.97 14.92 15.10 13.22
9.05 7.52 8.47 8.32 5.77 6.72 3.72 4.60 0.07 0.07 0.00 0.00 1.68 3.21 0.00 0.00 0.00 0.00 0.00 0.00 0.00 1.83 2.41 1.97 7.96 8.47 7.37 9.42 6.64 9.49 8.18 3.21 2.70 2.92 2.77 2.77 6.20 8.47 7.52 9.42 13.21 7.59 7.88 5.77 5.04 3.87 5.77 8.32 7.15 11.32 6.64 6.94 5.77 5.91 3.87 3.14 3.94 3.94 2.77 1.97 1.97 1.97 4.60 2.92 4.16 4.23 3.80 4.02 3.87 4.67 3.72 2.99 2.92 2.77 3.65 4.46 6.98 7.03 11.57 12.40 11.97 14.60 16.59 14.15
10.15 5.99 6.28 5.69 6.79 6.50 6.42 1.31 0.51 0.51 0.00 0.00 0.00 0.00 0.00 0.00 0.00 0.00 0.07 1.17 3.80 3.29 2.12 1.90 4.96 4.60 0.73 1.46 1.24 1.83 1.90 1.24 1.68 1.68 3.50 3.50 8.03 10.88 10.15 10.80 10.88 4.45 4.02 3.72 3.43 2.92 3.29 2.04 3.80 4.96 4.38 5.40 1.17 1.75 1.39 2.04 1.46 2.19 2.41 1.68 1.68 1.61 2.19 2.12 2.48 3.58 3.43 2.70 3.65 2.99 3.07 3.07 2.85 2.85 2.62 5.32 5.98 8.78 12.36 12.42 15.41 17.50 18.31 16.45
9.71 7.59 9.27 9.64 5.77 8.76 5.26 1.24 2.70 2.70 0.00 4.45 2.63 3.14 0.58 0.00 1.31 0.66 0.88 0.66 1.46 1.68 0.00 0.29 1.83 0.88 1.02 0.58 0.37 2.26 2.56 3.72 3.65 4.53 4.16 4.16 6.06 6.86 7.96 6.42 7.37 3.94 3.29 1.83 2.19 1.31 1.53 1.24 1.46 0.15 0.51 0.29 1.10 1.53 1.39 1.24 1.02 2.85 2.85 3.14 3.14 1.90 2.34 2.63 2.19 3.43 2.26 2.48 2.85 3.14 2.04 1.97 2.56 2.89 3.39 4.79 6.31 6.12 12.69 12.96 14.60 16.11 14.70 18.60
10.88 12.12 11.97 11.75 12.19 12.56 10.73 10.22 7.59 7.59 7.15 7.30 6.79 8.03 3.65 2.56 1.90 2.12 2.48 0.66 0.00 0.00 0.00 0.58 1.31 1.61 3.36 3.50 4.16 3.87 3.72 4.16 4.16 5.62 4.82 4.82 5.48 5.33 5.84 6.42 5.26 3.36 1.75 1.17 1.61 0.58 0.58 0.07 0.44 0.22 0.73 0.66 1.68 1.53 1.31 4.09 4.89 4.67 3.87 3.21 3.21 2.56 2.56 2.34 2.99 3.14 2.77 2.70 2.77 1.02 1.10 0.29 0.00 2.01 4.52 4.87 6.76 10.71 10.14 13.10 13.03 12.42 12.76 9.83
9.93 11.39 6.79 7.66 7.81 9.93 9.78 7.88 8.32 8.32 7.96 7.30 9.49 5.91 1.39 0.95 0.80 1.39 0.00 0.00 0.00 0.00 0.00 1.17 1.24 1.97 2.12 2.92 3.36 4.09 8.40 7.23 6.86 6.94 5.55 5.55 7.59 7.01 5.18 5.55 2.63 4.09 3.14 3.07 2.41 2.70 0.58 0.15 0.22 0.22 0.15 0.00 1.68 2.34 1.83 3.87 4.96 4.09 4.60 2.92 2.92 2.63 1.68 1.83 1.61 2.63 2.70 0.00 0.00 0.00 0.00 0.00 0.00 0.00 2.77 5.70 5.61 7.07 5.88 11.32 11.98 11.46 10.78 8.12
9.93 11.39 6.79 7.66 7.81 9.93 9.78 7.88 8.32 8.32 7.96 7.30 9.49 5.91 1.39 0.95 0.80 1.39 0.00 0.00 0.00 0.00 0.00 1.17 1.24 1.97 2.12 2.92 3.36 4.09 8.40 7.23 6.86 6.94 5.55 5.55 7.59 7.01 5.18 5.55 2.63 4.09 3.14 3.07 2.41 2.70 0.58 0.15 0.22 0.22 0.15 0.00 1.68 2.34 1.83 3.87 4.96 4.09 4.60 2.92 2.92 2.63 1.68 1.83 1.61 2.63 2.70 0.00 0.00 0.00 0.00 0.00 0.00 0.00 2.48 7.05 5.69 7.81 5.99 10.21 11.58 9.86 11.72 9.22
3.80 4.74 4.74 4.09 5.55 0.51 0.51 0.58 2.70 2.70 3.87 1.31 1.90 3.07 1.17 0.00 0.00 0.00 0.00 0.00 0.00 0.00 0.00 0.58 2.41 2.04 1.68 1.97 4.16 6.28 7.52 7.66 7.01 7.23 8.25 8.25 7.81 7.23 4.89 3.43 5.91 6.64 7.08 3.72 5.11 2.12 0.51 0.00 0.00 0.00 0.00 0.00 0.00 2.56 4.31 5.48 5.18 4.31 0.00 0.00 0.00 0.00 0.00 0.00 0.00 0.00 0.00 0.00 0.00 0.00 0.00 0.00 0.00 0.00 0.00 1.33 4.20 3.92 2.98 6.66 5.23 9.60 7.30 7.02
0.00 2.34 0.37 1.24 0.37 0.44 0.58 0.80 0.00 0.00 0.00 0.00 0.00 0.00 0.00 0.00 0.00 0.00 0.00 0.00 0.00 0.37 1.53 1.02 4.16 4.23 4.45 4.16 3.94 4.96 5.69 7.23 7.23 7.96 8.10 8.10 7.74 9.13 9.05 7.66 8.10 7.30 4.74 2.41 0.00 0.00 0.00 0.00 0.00 0.00 0.00 0.00 0.00 2.26 3.72 3.58 4.09 0.00 0.00 0.00 0.00 0.00 0.00 0.00 0.00 0.00 0.00 0.00 0.00 0.00 0.00 0.00 0.00 0.00 0.00 0.00 0.00 1.54 2.66 4.97 4.09 4.66 1.93 0.00
0.00 0.00 0.00 0.00 0.95 1.02 1.02 0.00 0.22 0.22 0.00 0.00 0.00 0.00 0.00 0.00 0.00 0.00 0.00 0.00 0.44 0.15 2.85 3.87 3.58 4.60 3.65 3.58 7.01 7.30 9.93 9.27 8.91 9.64 9.56 9.56 9.49 9.86 9.56 7.96 8.83 7.15 5.11 1.31 0.00 0.00 0.00 0.00 0.00 0.00 0.00 0.00 0.00 0.00 0.00 0.00 0.00 0.00 0.00 0.00 0.00 0.00 0.00 0.00 0.00 0.00 0.00 0.00 0.00 0.00 0.00 0.00 0.00 0.00 0.00 0.00 0.00 2.05 2.02 3.36 4.12 0.00 0.00 0.00
0.00 0.00 0.00 0.00 0.66 0.00 1.39 0.95 0.37 0.37 0.00 0.00 0.00 0.00 0.00 0.00 0.00 0.00 0.00 0.00 1.17 2.19 2.04 3.43 5.33 3.80 7.37 6.72 6.79 8.47 11.46 12.63 10.07 11.32 9.78 9.78 11.39 8.18 9.27 8.61 0.00 0.00 0.00 0.00 0.00 0.00 0.00 0.00 0.00 0.00 0.00 0.00 0.00 0.00 0.00 0.00 0.00 0.00 0.00 0.00 0.00 0.00 0.00 0.00 0.00 0.00 0.00 0.00 0.00 0.00 0.00 0.00 0.00 0.00 0.00 0.00 1.71 0.00 1.80 1.99 0.00 1.37 0.00 0.00
0.00 0.00 0.00 0.00 0.00 0.00 0.00 0.00 0.00 0.00 0.00 0.00 0.00 0.00 0.00 0.00 0.00 0.00 0.00 0.00 1.90 3.43 5.77 5.77 6.94 7.30 6.13 6.72 6.42 8.03 12.41 11.90 10.95 10.22 7.37 7.37 7.23 5.18 2.34 0.07 0.00 0.00 0.00 0.00 0.00 0.00 0.00 0.00 0.00 0.00 0.00 0.00 0.00 0.00 0.00 0.00 0.00 0.00 0.00 0.00 0.00 0.00 0.00 0.00 0.00 0.00 0.00 0.00 0.00 0.00 0.00 0.00 0.00 0.00 0.00 0.00 0.00 0.00 0.00 1.44 0.00 0.00 0.00 0.00
0.00 0.00 0.00 0.00 0.00 0.00 0.00 0.00 0.00 0.00 0.00 0.00 0.00 0.00 0.00 0.00 0.00 0.00 0.00 0.00 1.90 3.43 5.77 5.77 6.94 7.30 6.13 6.72 6.42 8.03 12.41 11.90 10.95 10.22 7.37 7.37 7.23 5.18 2.34 0.07 0.00 0.00 0.00 0.00 0.00 0.00 0.00 0.00 0.00 0.00 0.00 0.00 0.00 0.00 0.00 0.00 0.00 0.00 0.00 0.00 0.00 0.00 0.00 0.00 0.00 0.00 0.00 0.00 0.00 0.00 0.00 0.00 0.00 0.00 0.00 0.00 0.00 0.00 0.00 1.68 0.00 0.00 0.00 0.00
0.00 0.00 0.00 0.00 0.00 0.00 0.00 0.00 0.00 0.00 0.00 0.00 0.00 0.00 0.00 0.00 0.00 0.00 0.58 2.85 2.26 5.55 7.08 10.37 8.61 7.01 6.13 10.15 11.53 11.53 11.10 11.02 5.26 1.75 2.04 2.04 1.39 1.02 0.44 1.10 0.00 0.37 0.00 0.00 0.00 0.00 0.00 0.00 0.00 0.00 0.00 0.00 0.00 0.00 0.00 0.00 0.00 0.00 0.00 0.00 0.00 0.00 0.00 0.00 0.00 0.00 0.00 0.00 0.00 0.00 0.00 0.00 0.00 0.00 0.00 0.00 0.00 0.00 0.00 0.00 0.00 0.00 0.00 0.00
0.00 0.00 0.00 0.00 0.00 0.00 0.00 0.00 0.00 0.00 0.00 0.00 0.00 0.00 0.00 0.00 0.00 0.00 0.29 3.50 6.28 5.62 7.88 10.22 8.47 9.20 10.66 11.10 10.44 7.74 2.92 1.53 1.90 1.10 0.22 0.22 0.00 0.15 0.00 0.00 0.00 0.00 0.00 0.00 0.00 0.00 0.00 0.00 0.00 0.00 0.00 0.00 0.00 0.00 0.00 0.00 0.00 0.00 0.00 0.00 0.00 0.00 0.00 0.00 0.00 0.00 0.00 0.00 0.00 0.00 0.00 0.00 0.00 0.00 0.00 0.00 0.00 0.00 0.00 0.00 0.00 0.00 0.00 0.00
0.00 0.00 0.00 0.00 0.00 0.00 0.00 0.00 0.00 0.00 0.00 0.00 0.00 0.00 0.00 0.00 0.00 0.80 3.87 3.36 6.20 9.13 8.98 9.93 7.96 8.69 10.22 10.29 3.94 3.14 1.39 0.00 0.00 0.00 0.00 0.00 0.00 0.22 0.88 0.22 0.29 0.00 0.00 0.00 0.00 0.00 0.00 0.00 0.00 0.00 0.00 0.00 0.00 0.00 0.00 0.00 0.00 0.00 0.00 0.00 0.00 0.00 0.00 0.00 0.00 0.00 0.00 0.00 0.00 0.00 0.00 0.00 0.00 0.00 1.19 0.00 0.00 0.00 0.00 0.00 0.00 0.00 0.00 0.00
0.00 0.00 0.00 0.00 0.00 0.00 0.00 0.00 0.00 0.00 0.00 0.00 0.00 0.00 0.00 0.00 0.00 1.02 2.63 4.38 3.80 9.56 8.03 10.22 9.05 10.07 2.04 2.04 1.46 1.75 1.24 0.22 0.00 0.15 1.17 1.17 1.97 0.29 1.39 1.39 0.00 0.00 0.00 0.00 0.00 0.00 0.00 0.00 0.00 0.00 0.00 0.00 0.00 0.00 0.00 0.00 0.00 0.00 0.00 0.00 0.00 0.00 0.00 0.00 0.00 0.00 0.00 0.00 0.00 0.00 0.00 0.00 0.00 0.00 0.90 1.21 0.00 0.00 0.00 0.00 0.00 0.00 0.00 0.00
0.00 0.00 0.00 0.00 0.00 0.00 0.00 0.00 0.00 0.00 0.00 0.00 0.00 0.00 0.00 0.00 0.73 0.58 0.58 2.85 2.34 6.06 4.67 1.24 0.00 0.00 0.44 0.44 0.22 0.00 0.00 0.00 0.00 1.10 1.17 1.17 0.58 1.97 0.00 0.00 0.00 0.00 0.00 0.00 0.00 0.00 0.00 0.00 0.00 0.00 0.00 0.00 0.00 0.00 0.00 0.00 0.00 0.00 0.00 0.00 0.00 0.00 0.00 0.00 0.00 0.00 0.00 0.00 0.00 0.00 0.00 0.00 1.20 2.99 0.67 2.19 0.00 0.00 0.00 0.00 0.00 0.00 0.00 0.00
0.00 0.00 0.00 0.00 0.00 0.00 0.00 0.00 0.00 0.00 0.00 0.00 0.00 0.00 0.00 0.00 0.73 0.58 0.58 2.85 2.34 6.06 4.67 1.24 0.00 0.00 0.44 0.44 0.22 0.00 0.00 0.00 0.00 1.10 1.17 1.17 0.58 1.97 0.00 0.00 0.00 0.00 0.00 0.00 0.00 0.00 0.00 0.00 0.00 0.00 0.00 0.00 0.00 0.00 0.00 0.00 0.00 0.00 0.00 0.00 0.00 0.00 0.00 0.00 0.00 0.00 0.00 0.00 0.00 0.00 0.00 0.00 1.09 3.34 0.71 2.55 0.00 0.00 0.00 0.00 0.00 0.00 0.00 0.00
0.00 0.00 0.00 0.00 0.00 0.00 0.00 0.00 0.00 0.00 0.00 0.00 0.00 0.00 0.00 0.00 0.00 0.00 0.00 0.37 0.22 0.00 2.12 0.00 0.00 0.00 0.00 0.07 0.37 0.00 0.07 0.00 0.00 0.00 0.66 0.66 0.00 0.00 0.00 0.00 0.00 0.00 0.00 0.00 0.00 0.00 0.00 0.00 0.00 0.00 0.00 0.00 0.00 0.00 0.00 0.00 0.00 0.00 0.00 0.00 0.00 0.00 0.00 0.00 0.00 0.00 0.00 0.00 0.00 0.00 0.00 1.92 1.75 5.23 3.48 0.00 0.13 0.00 0.00 0.00 0.00 0.00 0.00 0.00
0.00 0.00 0.00 0.00 0.00 0.00 0.00 0.00 0.00 0.00 0.00 0.00 0.00 0.00 0.00 0.00 0.00 0.00 0.00 0.00 0.00 0.00 0.00 0.00 0.00 0.00 0.00 0.00 0.22 0.00 0.00 0.00 0.00 0.00 0.00 0.00 0.00 0.00 0.00 0.00 0.00 0.00 0.00 0.00 0.00 0.00 0.00 0.00 0.00 0.00 0.00 0.00 0.00 0.00 0.00 0.00 0.00 0.00 0.00 0.00 0.00 0.00 0.00 0.00 0.00 0.00 0.00 0.00 0.00 0.00 0.00 3.84 5.38 6.02 5.59 0.00 0.00 0.00 0.00 0.00 0.00 0.00 0.00 0.00
0.00 0.00 0.00 0.00 0.00 0.00 0.00 0.00 0.00 0.00 0.00 0.00 0.00 0.00 0.00 0.00 0.00 0.00 0.00 0.15 0.37 0.29 0.58 0.00 0.00 0.00 0.22 0.00 0.00 0.00 0.00 0.00 0.00 0.00 0.00 0.00 0.00 0.00 0.00 0.00 0.00 0.00 0.00 0.00 0.00 0.00 0.00 0.00 0.00 0.00 0.00 0.00 0.00 0.00 0.00 0.00 0.00 0.00 0.00 0.00 0.00 0.00 0.00 0.00 0.00 0.00 0.00 0.00 0.00 0.95 4.60 4.28 7.16 4.55 5.28 1.06 0.00 0.00 0.00 0.00 0.00 0.00 0.00 0.00
0.44 0.00 0.00 0.00 0.00 0.00 0.00 0.00 0.00 0.00 0.00 0.00 0.00 0.00 0.00 0.00 0.00 0.00 0.00 0.00 0.07 0.07 0.00 0.00 0.00 0.00 0.00 0.00 0.00 0.00 0.00 0.00 0.00 0.00 0.00 0.00 0.00 0.00 0.00 0.00 0.00 0.00 0.00 0.00 0.00 0.00 0.00 0.00 0.00 0.00 0.00 0.00 0.00 0.00 0.00 0.00 0.00 0.00 0.00 0.00 0.00 0.00 0.00 0.00 0.00 0.00 0.00 1.68 0.66 3.29 5.69 6.19 7.81 4.02 0.00 0.00 0.00 0.00 0.00 0.00 0.00 0.00 0.00 0.00
2.41 0.00 0.00 0.00 0.00 0.00 0.00 0.00 0.00 0.00 0.00 0.00 0.00 0.00 0.00 0.00 0.00 0.00 0.00 0.00 0.00 0.00 0.00 0.00 0.00 0.00 0.00 0.00 0.00 0.00 0.00 0.00 0.00 0.00 0.00 0.00 0.00 0.00 0.00 0.00 0.00 0.00 0.00 0.00 0.00 0.00 0.00 0.00 0.00 0.00 0.00 0.00 0.00 0.00 0.00 0.00 0.00 0.00 0.00 0.00 0.00 0.00 0.00 0.00 0.00 0.00 0.00 1.68 5.99 5.55 6.86 5.40 2.76 2.39 0.00 0.00 0.00 0.00 0.00 0.00 0.00 0.00 0.00 0.00
0.00 0.00 0.00 0.00 0.00 0.00 0.00 0.00 0.00 0.00 0.00 0.00 0.00 0.00 0.00 0.00 0.00 0.00 0.00 0.00 0.00 0.00 0.00 0.00 0.00 0.00 0.00 0.00 0.00 0.00 0.00 0.00 0.00 0.00 0.00 0.00 0.00 0.00 0.00 0.00 0.00 0.00 0.00 0.00 0.00 0.00 0.00 0.00 0.00 0.00 0.00 0.00 0.00 0.00 0.00 0.00 0.00 0.00 0.00 0.00 0.00 0.00 0.00 0.00 0.00 0.00 0.00 0.00 4.67 3.87 2.04 3.82 0.00 0.00 0.00 0.00 0.00 0.00 0.00 0.00 0.00 0.00 0.00 0.00
0.00 0.00 0.00 0.00 0.00 0.00 0.00 0.00 0.00 0.00 0.00 0.00 0.00 0.00 0.00 0.00 0.00 0.00 0.00 0.00 0.00 0.00 0.00 0.00 0.00 0.00 0.00 0.00 0.00 0.00 0.00 0.00 0.00 0.00 0.00 0.00 0.00 0.00 0.00 0.00 0.00 0.00 0.00 0.00 0.00 0.00 0.00 0.00 0.00 0.00 0.00 0.00 0.00 0.00 0.00 0.00 0.00 0.00 0.00 0.00 0.00 0.00 0.00 0.00 0.00 0.00 0.00 0.00 4.67 3.87 2.04 3.80 0.00 0.00 0.00 0.00 0.00 0.00 0.00 0.00 0.00 0.00 0.00 0.00
0.00 0.00 0.00 0.00 0.00 0.00 0.00 0.00 0.00 0.00 0.00 0.00 0.00 0.00 0.00 0.00 0.00 0.00 0.00 0.00 0.00 0.00 0.00 0.00 0.00 0.00 0.00 0.00 0.00 0.00 0.00 0.00 0.00 0.00 0.00 0.00 0.00 0.00 0.00 0.00 0.00 0.00 0.00 0.00 0.00 0.00 0.00 0.00 0.00 0.00 0.00 0.00 0.00 0.00 0.00 0.00 0.00 0.00 0.00 0.00 0.00 0.00 0.00 0.00 0.00 0.00 0.00 0.00 0.00 0.00 0.00 0.00 0.00 0.00 0.00 0.00 0.00 0.00 0.00 0.00 0.00 0.00 0.00 0.00
