Wansh/Snow_depth/snowdepth-1992/spring/1992098.txt
ncols 321
nrows 161
xllcenter 60
yllcenter 15 
cellsize  0.25 
NODATA_value -1
[rows 0 to 36 of 161, columns 84 to 167 of 321]
14.24 14.67 12.78 14.09 13.94 14.16 10.51 11.75 7.23 7.15 10.00 16.64 13.87 20.88 18.32 20.95 20.59 20.81 20.81 17.59 20.00 18.03 19.78 10.22 9.93 5.77 4.60 6.13 4.45 4.45 4.45 7.45 6.86 8.91 6.35 1.02 1.61 4.67 12.70 7.59 4.02 8.10 10.00 10.00 9.20 9.93 8.69 5.91 5.55 6.35 8.10 7.59 4.23 5.91 4.89 4.60 5.69 7.30 4.67 4.31 4.53 3.58 2.41 2.63 3.43 3.07 2.99 4.09 4.09 6.06 8.25 7.96 8.40 7.30 7.96 8.03 11.97 11.46 15.26 13.51 13.51 13.65 13.72 13.43
17.67 21.75 19.71 16.35 20.73 21.46 21.61 21.39 18.61 15.18 11.24 10.95 11.32 13.87 8.40 8.76 12.34 17.08 17.08 11.97 11.75 12.26 16.13 16.64 10.51 6.50 7.52 5.11 5.04 4.82 4.74 5.40 5.91 4.67 5.77 1.24 1.10 0.00 1.83 0.73 3.94 8.32 13.51 13.51 13.51 10.88 10.88 8.18 9.56 4.38 4.31 4.09 3.14 3.43 3.43 4.89 6.06 5.77 5.99 6.28 7.96 7.96 6.57 5.48 4.89 8.54 7.66 7.88 7.88 6.79 11.90 8.54 8.83 8.69 10.66 9.78 14.75 11.02 11.68 11.02 10.66 10.66 9.78 11.32
24.60 25.19 22.19 21.17 21.10 22.92 25.04 27.67 24.75 26.50 22.19 21.90 11.53 8.32 11.97 7.52 7.81 11.39 11.39 7.15 9.27 9.27 13.65 14.67 7.01 11.10 9.78 9.42 5.84 5.26 5.48 5.40 5.04 6.13 4.89 5.26 1.61 3.36 6.86 7.01 7.74 7.59 10.66 10.66 12.78 13.87 16.28 16.28 12.78 4.60 3.72 3.14 3.72 3.80 3.50 5.04 6.86 7.23 6.57 9.05 9.64 12.12 9.64 12.41 10.80 11.39 10.07 13.51 13.51 13.29 13.14 13.14 10.22 10.15 13.72 16.64 15.84 18.03 13.29 13.21 12.70 8.91 9.42 8.03
24.60 25.19 22.19 21.17 21.10 22.92 25.04 27.67 24.75 26.50 22.19 21.90 11.53 8.32 11.97 7.52 7.81 11.39 11.39 7.15 9.27 9.27 13.65 14.67 7.01 11.10 9.78 9.42 5.84 5.26 5.48 5.40 5.04 6.13 4.89 5.26 1.61 3.36 6.86 7.01 7.74 7.59 10.66 10.66 12.78 13.87 16.28 16.28 12.78 4.60 3.72 3.14 3.72 3.80 3.50 5.04 6.86 7.23 6.57 9.05 9.64 12.12 9.64 12.41 10.80 11.39 10.07 13.51 13.51 13.29 13.14 13.14 10.22 10.15 13.72 16.64 15.84 18.03 13.29 13.21 12.70 8.91 9.42 8.03
25.70 24.97 21.75 22.12 22.41 22.05 21.83 23.14 26.72 25.92 25.84 24.45 21.61 18.10 18.76 12.56 17.37 5.99 5.99 6.64 7.01 6.35 12.70 15.18 13.80 12.26 9.27 10.59 6.50 5.62 4.89 4.74 4.60 6.35 8.69 7.81 7.96 7.52 7.52 3.14 0.00 1.46 4.53 4.53 2.85 10.80 15.77 15.99 15.11 13.65 10.73 6.64 4.31 4.82 4.31 4.31 3.94 5.11 5.91 8.91 7.96 11.83 12.85 12.70 15.26 14.60 14.97 15.11 15.11 12.85 13.29 13.51 13.58 14.09 13.80 15.40 18.25 18.32 14.75 13.87 14.31 12.56 8.18 8.61
27.23 29.20 24.45 21.68 23.65 19.64 20.51 17.37 19.42 18.40 22.34 19.64 26.06 25.04 26.86 25.55 27.08 15.91 15.91 18.61 10.73 8.83 15.70 11.02 13.14 12.85 10.15 7.59 5.62 6.06 4.96 4.53 6.50 8.10 7.52 9.64 6.06 4.09 0.00 1.10 0.00 0.00 0.00 0.00 1.61 8.98 6.35 16.13 17.81 15.48 14.89 9.34 6.64 4.89 4.31 4.67 3.58 4.89 5.84 7.81 7.37 9.93 12.92 15.48 15.18 15.55 14.60 11.53 11.53 12.05 12.12 13.36 12.85 14.31 13.72 13.87 13.58 12.99 13.51 12.56 13.51 13.43 13.14 7.30
31.03 31.39 27.89 25.55 25.92 22.48 24.89 21.10 21.97 16.57 14.97 14.16 21.02 21.68 27.96 29.42 29.27 29.42 29.42 27.59 28.62 9.78 14.24 12.78 9.86 11.39 9.20 5.04 4.31 4.09 4.38 4.16 5.26 5.77 7.96 8.83 8.25 4.60 0.58 0.00 0.00 0.00 0.00 0.00 1.68 9.13 14.60 13.29 16.50 11.97 8.69 9.42 7.08 5.18 4.45 4.38 5.91 4.96 6.57 8.40 10.29 9.42 12.78 13.65 16.06 15.70 15.55 14.02 14.02 13.29 13.14 13.94 14.75 14.53 14.97 14.31 14.31 14.09 11.83 11.90 13.21 13.80 14.02 12.78
31.03 31.39 27.89 25.55 25.92 22.48 24.89 21.10 21.97 16.57 14.97 14.16 21.02 21.68 27.96 29.42 29.27 29.42 29.42 27.59 28.62 9.78 14.24 12.78 9.86 11.39 9.20 5.04 4.31 4.09 4.38 4.16 5.26 5.77 7.96 8.83 8.25 4.60 0.58 0.00 0.00 0.00 0.00 0.00 1.68 9.13 14.60 13.29 16.50 11.97 8.69 9.42 7.08 5.18 4.45 4.38 5.91 4.96 6.57 8.40 10.29 9.42 12.78 13.65 16.06 15.70 15.55 14.02 14.02 13.29 13.14 13.94 14.75 14.53 14.97 14.31 14.31 14.09 11.83 11.90 13.21 13.80 14.02 12.78
30.37 25.99 26.94 26.65 28.18 25.92 26.50 22.85 15.40 12.78 12.92 13.58 18.47 15.91 23.29 24.89 28.69 27.30 27.30 29.13 29.20 24.97 20.66 14.45 8.83 4.38 3.72 3.72 3.87 3.94 3.29 3.65 3.58 5.04 7.96 8.47 8.69 8.18 4.53 2.34 2.41 2.41 6.28 6.28 6.20 7.52 10.15 6.20 13.72 6.86 7.52 6.06 5.69 5.99 4.67 4.23 6.28 6.50 7.88 7.74 9.64 11.10 12.12 12.26 12.48 14.53 13.87 14.97 14.97 12.19 13.21 13.29 13.58 14.75 14.53 14.75 15.18 15.26 16.35 13.80 13.80 13.21 12.99 13.14
22.41 22.05 23.36 25.40 19.64 24.60 16.72 14.60 11.32 11.90 11.10 13.65 13.29 16.06 17.74 18.40 21.75 22.92 22.92 26.65 22.48 19.78 11.61 23.07 8.47 3.65 2.48 2.41 2.77 2.63 2.41 2.41 3.58 7.66 8.40 9.20 8.40 7.66 7.08 6.20 8.10 6.57 6.20 6.20 6.13 6.13 7.15 5.69 6.28 5.18 8.47 8.54 12.05 10.07 7.08 8.03 5.99 6.86 8.18 7.96 7.96 9.20 9.86 12.19 11.39 13.29 12.92 12.05 12.05 12.05 15.04 14.02 13.43 16.79 14.97 15.33 15.18 17.23 16.28 17.08 13.51 14.02 12.12 12.19
16.57 16.35 16.28 16.13 16.13 13.65 8.47 7.52 7.74 8.32 12.41 15.99 16.50 15.99 17.01 23.29 22.05 30.51 30.51 22.78 23.00 23.43 22.70 23.65 9.42 4.82 2.92 2.12 2.04 1.97 2.19 2.12 3.50 5.77 8.25 9.34 8.47 10.73 8.91 7.66 8.25 7.01 10.73 10.73 9.86 8.32 8.98 6.13 8.47 9.86 12.56 11.61 13.87 11.46 7.59 11.17 10.37 10.73 9.86 8.61 8.83 9.86 8.76 10.29 12.99 12.63 14.16 14.82 14.82 16.79 16.43 17.96 18.18 18.03 19.86 15.70 16.86 17.08 16.64 17.37 14.31 12.12 11.68 13.43
16.57 16.35 16.28 16.13 16.13 13.65 8.47 7.52 7.74 8.32 12.41 15.99 16.50 15.99 17.01 23.29 22.05 30.51 30.51 22.78 23.00 23.43 22.70 23.65 9.42 4.82 2.92 2.12 2.04 1.97 2.19 2.12 3.50 5.77 8.25 9.34 8.47 10.73 8.91 7.66 8.25 7.01 10.73 10.73 9.86 8.32 8.98 6.13 8.47 9.86 12.56 11.61 13.87 11.46 7.59 11.17 10.37 10.73 9.86 8.61 8.83 9.86 8.76 10.29 12.99 12.63 14.16 14.82 14.82 16.79 16.43 17.96 18.18 18.03 19.86 15.70 16.86 17.08 16.64 17.37 14.31 12.12 11.68 13.43
16.43 16.43 11.90 13.21 8.25 7.37 7.45 7.66 12.12 13.58 16.86 20.08 24.16 23.00 24.75 27.16 32.78 21.83 21.83 22.78 12.92 25.40 9.49 5.77 3.58 4.23 2.63 1.90 1.53 3.36 4.09 4.16 3.43 6.72 11.46 7.30 11.90 12.05 11.68 14.16 12.48 11.39 11.97 11.97 10.66 6.64 7.66 8.32 7.96 11.10 15.62 16.94 14.31 11.75 11.68 11.68 13.72 12.26 13.72 14.16 11.17 11.39 11.68 11.39 13.14 13.65 14.38 14.24 14.24 17.89 18.98 18.98 21.24 20.73 21.10 19.35 17.59 18.47 15.84 15.77 15.26 14.60 15.18 15.26
16.79 17.67 11.46 8.76 12.63 13.07 10.29 13.14 15.48 19.35 18.32 17.59 18.25 25.77 25.77 25.19 20.51 14.82 14.82 15.70 0.00 20.95 18.98 4.89 2.99 4.53 2.99 4.38 3.72 4.38 12.85 13.14 14.24 9.78 14.31 15.48 17.16 14.97 16.13 13.72 12.34 5.84 6.06 6.06 6.57 6.06 6.79 5.91 6.86 9.27 3.72 4.53 6.28 5.84 0.00 2.48 1.31 7.45 9.71 8.10 7.66 11.17 13.29 14.24 13.29 14.89 16.21 18.54 18.54 18.40 20.81 21.68 21.68 22.56 21.02 20.66 19.71 13.43 14.75 6.94 11.24 11.68 9.56 9.42
13.36 16.50 21.02 17.96 17.89 12.85 12.56 11.68 13.36 15.91 13.29 16.06 20.29 18.76 17.37 16.86 14.82 12.78 12.78 0.00 0.00 15.48 7.30 7.52 7.52 5.62 6.50 7.15 12.56 15.33 14.45 16.21 20.08 19.78 16.86 15.40 13.72 11.75 10.95 4.67 3.72 3.50 5.04 5.04 8.25 7.59 7.45 4.82 4.45 4.02 4.53 3.50 3.14 1.46 0.00 1.02 0.22 2.99 4.67 5.48 4.38 8.54 7.30 10.66 10.88 15.40 15.48 17.08 17.08 18.32 17.96 21.32 17.89 18.83 18.32 15.70 14.31 12.12 2.77 3.94 2.41 9.42 10.00 9.86
13.65 12.99 18.76 25.11 24.67 14.67 17.01 12.12 11.02 12.19 9.49 12.19 11.32 13.58 11.39 12.78 12.63 12.34 12.34 13.51 12.63 10.07 9.49 9.71 9.71 10.80 10.88 11.68 13.65 16.13 17.30 19.35 18.69 20.37 19.56 14.31 11.46 5.04 3.72 4.23 5.91 4.82 9.93 9.93 10.73 10.15 7.96 8.61 7.66 11.32 5.91 6.94 5.77 6.35 2.85 9.56 3.80 2.56 2.77 3.87 4.74 5.99 5.48 9.86 10.07 13.51 12.92 15.26 15.26 18.83 19.93 19.71 14.89 9.42 9.34 13.07 10.00 11.39 3.07 3.65 5.26 5.40 9.20 12.92
13.65 12.99 18.76 25.11 24.67 14.67 17.01 12.12 11.02 12.19 9.49 12.19 11.32 13.58 11.39 12.78 12.63 12.34 12.34 13.51 12.63 10.07 9.49 9.71 9.71 10.80 10.88 11.68 13.65 16.13 17.30 19.35 18.69 20.37 19.56 14.31 11.46 5.04 3.72 4.23 5.91 4.82 9.93 9.93 10.73 10.15 7.96 8.61 7.66 11.32 5.91 6.94 5.77 6.35 2.85 9.56 3.80 2.56 2.77 3.87 4.74 5.99 5.48 9.86 10.07 13.51 12.92 15.26 15.26 18.83 19.93 19.71 14.89 9.42 9.34 13.07 10.00 11.39 3.07 3.65 5.26 5.40 9.20 12.92
16.21 18.83 23.87 26.79 27.89 28.62 19.71 9.20 8.69 7.88 9.05 10.66 12.41 7.81 7.15 11.24 12.26 10.95 10.95 11.17 12.05 6.72 7.74 7.66 10.15 11.90 12.41 12.19 15.33 16.35 16.72 17.23 18.40 19.56 14.24 10.88 12.56 8.76 5.69 6.86 10.95 12.56 13.14 13.14 12.34 17.08 11.24 9.93 21.83 18.18 11.24 10.37 11.39 13.72 13.29 13.72 8.25 11.83 7.59 8.25 6.57 16.94 11.83 13.87 10.51 12.99 14.82 14.67 14.67 18.18 20.44 14.53 17.96 7.81 9.05 7.96 10.59 1.46 2.12 0.00 2.56 1.46 0.73 1.75
19.27 15.26 18.83 22.70 27.16 25.26 23.21 11.10 10.73 10.51 9.27 13.51 10.88 6.13 7.08 6.35 11.75 11.61 11.61 11.10 9.64 8.54 8.98 7.08 10.07 12.78 16.28 17.89 17.81 17.96 17.01 19.27 19.35 20.59 17.81 14.82 12.12 10.15 8.54 8.69 9.56 13.58 18.40 18.40 25.92 21.46 34.38 29.13 32.19 22.56 14.53 14.09 11.32 15.18 15.99 15.84 16.35 15.62 13.51 18.98 19.56 19.56 18.10 17.52 13.58 13.51 17.67 21.97 21.97 23.73 24.45 16.50 5.77 6.86 7.08 2.34 2.48 0.95 0.00 0.00 0.00 0.00 0.00 0.00
1.68 6.20 14.16 9.13 17.96 24.38 17.96 13.51 15.26 11.02 11.90 3.29 13.72 4.38 6.79 0.00 2.63 4.09 4.09 12.19 11.53 9.86 10.29 10.73 10.95 12.63 15.48 16.94 13.80 14.31 16.86 17.52 18.98 20.95 18.83 11.39 8.25 6.86 5.33 0.00 8.47 6.57 15.18 15.18 29.93 30.51 38.03 36.65 33.87 27.16 18.25 21.39 13.87 19.20 17.01 17.01 17.08 15.70 16.86 17.96 21.90 21.53 21.46 18.98 17.96 19.71 18.69 22.48 22.48 20.73 5.84 8.47 2.85 0.00 3.72 0.44 0.00 0.00 0.00 0.00 0.00 0.00 0.00 0.00
0.00 2.19 6.94 6.28 7.88 7.15 10.88 10.22 16.06 16.64 20.44 18.18 0.00 0.00 0.00 0.00 0.00 3.72 3.72 11.90 12.63 13.65 12.70 12.99 13.94 14.16 15.99 16.50 13.58 9.78 8.25 7.81 8.32 8.91 8.61 8.76 7.01 4.38 0.00 0.00 5.84 7.52 16.35 16.35 14.09 19.20 27.38 25.26 32.70 31.54 22.78 24.38 24.89 24.60 20.73 24.82 19.64 14.38 15.84 14.45 14.31 19.78 18.47 19.35 19.27 20.44 19.93 19.71 19.71 17.89 3.36 2.26 0.80 0.00 0.22 0.00 0.00 0.00 0.00 0.00 0.00 0.00 0.00 0.00
1.46 2.41 6.72 7.59 9.71 12.26 9.42 17.30 17.89 23.51 0.00 0.00 0.00 0.00 0.00 0.00 0.00 0.00 0.00 11.46 11.17 15.04 15.70 16.06 19.13 19.35 19.86 19.93 16.28 16.21 9.34 6.72 5.62 5.84 4.96 1.46 0.37 0.00 0.00 0.00 0.00 5.04 8.69 8.69 7.15 11.02 15.91 18.25 22.56 8.03 11.17 18.25 21.75 12.56 20.00 18.61 19.86 13.94 9.34 12.34 12.48 16.13 16.64 17.74 19.42 19.35 16.79 10.95 10.95 12.70 5.69 5.84 0.66 0.51 0.66 0.58 0.00 0.00 0.00 0.00 0.00 0.00 0.00 0.00
1.46 2.41 6.72 7.59 9.71 12.26 9.42 17.30 17.89 23.51 0.00 0.00 0.00 0.00 0.00 0.00 0.00 0.00 0.00 11.46 11.17 15.04 15.70 16.06 19.13 19.35 19.86 19.93 16.28 16.21 9.34 6.72 5.62 5.84 4.96 1.46 0.37 0.00 0.00 0.00 0.00 5.04 8.69 8.69 7.15 11.02 15.91 18.25 22.56 8.03 11.17 18.25 21.75 12.56 20.00 18.61 19.86 13.94 9.34 12.34 12.48 16.13 16.64 17.74 19.42 19.35 16.79 10.95 10.95 12.70 5.69 5.84 0.66 0.51 0.66 0.58 0.00 0.00 0.00 0.00 0.00 0.00 0.00 0.00
0.80 0.29 4.23 10.88 15.55 21.97 24.89 20.73 25.84 0.00 0.00 0.00 0.00 0.00 0.00 0.00 0.00 7.52 7.52 14.67 14.75 16.50 17.30 17.16 18.54 20.29 21.32 16.43 15.18 15.77 10.95 7.59 4.02 0.00 0.00 0.00 0.00 0.00 0.00 0.00 0.00 2.48 0.00 0.00 5.55 1.97 0.00 0.00 0.00 0.00 4.16 7.23 0.00 6.28 8.69 2.41 5.48 4.96 6.50 7.45 13.21 12.12 16.06 18.61 21.17 19.42 20.44 11.53 11.53 14.97 13.21 10.88 9.56 4.02 4.16 1.61 0.00 0.00 0.00 0.00 0.00 0.00 0.00 0.00
4.31 9.93 11.61 23.80 29.05 25.84 38.98 35.70 0.00 0.00 0.00 0.00 0.00 0.00 0.00 0.00 2.56 18.03 18.03 21.32 19.13 19.86 19.05 19.81 18.64 18.15 16.59 15.26 13.43 14.24 9.34 7.30 7.59 5.18 0.00 0.00 0.73 1.24 0.00 1.24 1.61 0.00 0.00 0.00 0.00 0.00 0.00 0.00 0.00 0.00 0.00 0.00 0.00 0.00 0.00 0.00 0.00 0.00 8.40 6.57 13.65 14.38 18.54 17.37 20.22 20.66 15.99 16.35 16.35 16.28 13.72 10.80 11.83 5.33 2.12 2.63 0.00 0.88 0.00 0.00 0.00 0.00 0.00 0.00
10.59 9.49 16.35 18.61 25.33 32.34 37.96 41.83 35.70 0.00 0.00 0.00 0.00 0.00 0.00 0.00 0.00 17.59 17.59 21.83 23.51 21.61 15.70 18.54 22.03 17.95 18.74 19.87 18.40 16.64 13.87 10.59 7.59 8.10 3.36 2.34 2.77 2.48 2.12 3.14 1.39 0.00 0.00 0.00 0.00 0.00 0.00 0.00 0.00 0.00 0.00 0.00 0.00 0.00 0.00 0.00 0.00 0.00 7.96 11.02 8.91 13.87 14.02 16.64 16.06 18.83 14.67 17.01 17.01 16.13 12.48 10.37 4.67 5.18 5.62 1.90 1.53 3.14 1.10 0.00 0.00 0.00 0.00 0.00
5.91 9.64 12.05 7.96 21.39 12.48 40.88 32.05 0.00 0.00 0.00 0.00 0.00 0.00 0.00 0.00 0.00 16.94 16.94 19.71 19.05 4.74 8.65 14.60 18.23 11.50 18.15 18.80 18.51 19.52 17.52 13.80 16.43 10.95 7.74 5.84 4.45 4.89 2.56 3.29 1.83 1.02 0.00 0.00 0.15 0.00 0.00 0.00 0.00 0.00 0.00 0.00 0.00 0.00 0.00 0.00 0.00 0.00 0.00 6.79 5.48 12.34 13.80 15.04 12.63 13.65 12.85 19.93 19.93 14.24 14.67 14.67 8.18 7.81 7.66 8.69 4.45 1.10 1.46 0.51 0.00 0.00 0.00 0.00
7.66 5.55 5.84 2.99 4.38 11.97 0.00 2.04 0.00 1.02 0.00 0.00 0.00 0.00 0.00 0.00 0.00 0.00 0.00 0.00 0.00 1.48 0.00 6.57 5.11 3.80 11.36 18.81 13.81 16.89 16.43 18.69 18.61 16.06 13.72 16.28 12.70 6.64 2.99 3.58 0.88 1.61 0.00 0.00 0.00 0.00 0.00 0.00 0.00 0.00 0.00 0.00 0.00 0.00 0.00 0.00 0.00 0.00 0.00 4.23 8.32 16.35 15.26 16.43 17.01 21.46 20.73 20.22 20.22 21.02 17.23 17.59 14.02 8.47 8.47 7.88 7.23 1.46 0.29 0.15 0.00 0.00 0.00 0.00
7.66 5.55 5.84 2.99 4.38 11.97 0.00 2.04 0.00 1.02 0.00 0.00 0.00 0.00 0.00 0.00 0.00 0.00 0.00 0.00 0.00 1.59 0.00 6.74 5.04 3.80 11.02 17.48 12.90 17.15 16.60 19.47 20.92 16.99 14.08 16.28 12.70 6.64 2.99 3.58 0.88 1.61 0.00 0.00 0.00 0.00 0.00 0.00 0.00 0.00 0.00 0.00 0.00 0.00 0.00 0.00 0.00 0.00 0.00 4.23 8.32 16.35 15.26 16.43 17.01 21.46 20.73 20.22 20.22 21.02 17.23 17.59 14.02 8.47 8.47 7.88 7.23 1.46 0.29 0.15 0.00 0.00 0.00 0.00
5.11 5.55 5.99 4.31 0.66 0.00 0.00 0.00 0.07 0.00 0.00 0.00 0.00 0.00 0.00 0.00 2.19 0.00 0.00 0.00 0.00 0.00 0.00 0.00 0.75 0.00 4.94 2.35 7.59 11.89 14.38 17.40 16.04 21.43 17.46 18.76 16.44 10.00 10.51 4.23 2.19 3.14 0.00 0.00 1.68 0.00 1.75 0.00 0.00 0.00 0.00 0.00 0.00 0.00 0.00 0.00 0.00 0.00 0.00 0.00 4.31 4.31 13.07 10.88 18.91 23.07 22.92 22.05 22.05 22.41 17.08 13.58 14.45 9.71 9.64 9.05 10.00 4.82 1.31 0.37 0.44 0.51 0.00 0.00
6.86 13.07 7.23 9.93 4.67 0.73 0.00 0.00 0.00 0.00 0.00 0.00 0.00 0.00 0.00 0.00 1.02 1.17 1.17 3.45 3.72 0.88 0.00 0.00 0.00 0.00 0.00 0.00 0.74 7.01 6.13 3.14 9.56 17.75 21.37 19.57 17.05 13.35 14.38 7.88 11.61 4.89 0.37 0.37 1.10 0.37 0.58 0.00 0.00 0.00 0.00 0.00 0.00 0.00 0.00 0.00 0.00 0.00 0.00 0.00 0.00 0.00 7.81 16.13 23.14 23.51 21.68 21.90 21.90 18.40 18.61 13.43 9.71 9.13 7.81 9.56 4.60 5.33 3.72 2.12 1.53 1.61 0.80 0.80
14.38 11.10 14.24 10.07 0.00 0.00 0.00 0.00 0.00 0.00 0.00 0.00 0.00 0.00 0.00 0.00 1.83 7.23 7.23 4.09 5.33 2.92 0.66 0.07 0.00 0.00 0.00 0.00 0.00 0.00 0.00 0.00 5.26 11.39 8.84 14.98 21.10 17.89 17.59 14.53 15.40 7.66 4.53 4.53 1.97 0.07 0.66 0.00 0.58 0.37 1.17 0.00 0.00 0.00 0.00 0.00 0.00 0.00 0.00 0.00 0.00 0.00 0.00 12.85 14.67 20.22 21.32 15.11 15.11 15.91 8.25 8.32 7.45 5.48 3.94 3.72 5.26 5.69 5.69 5.91 4.38 4.02 4.09 2.77
0.00 2.41 9.05 0.00 0.00 0.00 0.00 0.00 0.00 0.00 0.00 0.00 0.00 0.00 0.00 5.62 7.59 6.35 6.35 4.74 3.80 0.73 0.15 0.00 0.00 0.00 0.00 0.00 0.00 0.00 0.00 0.00 0.80 0.00 2.63 8.69 18.53 16.19 18.92 16.96 12.70 11.53 6.64 6.64 3.94 1.83 3.36 1.39 0.51 0.00 1.31 0.00 0.00 0.00 0.00 0.00 0.00 0.00 0.00 0.00 0.00 0.00 0.00 6.50 7.52 13.58 9.64 8.61 8.61 12.70 3.72 0.00 0.00 2.41 2.41 2.63 2.63 5.84 6.94 6.35 6.42 6.06 4.09 2.92
0.00 0.00 0.00 0.00 0.00 0.00 0.00 0.00 0.00 0.00 0.00 0.00 0.00 0.00 0.37 7.15 3.72 2.41 2.41 0.00 0.00 0.00 0.00 0.00 0.00 0.00 0.00 0.00 0.00 0.00 0.00 0.00 0.00 0.00 0.00 5.11 3.94 7.96 14.23 15.65 12.40 12.41 9.56 9.56 7.96 8.18 5.62 3.43 2.04 4.31 1.53 0.00 0.00 0.00 0.00 0.00 0.00 0.00 0.00 0.00 0.00 0.00 0.00 3.14 3.50 0.00 4.53 0.00 0.00 0.00 0.00 0.00 0.00 1.31 0.95 1.61 1.46 1.24 5.91 4.02 4.45 3.43 3.94 3.72
0.00 0.00 0.00 0.00 0.00 0.00 0.00 0.00 0.00 0.00 0.00 0.00 0.00 0.00 0.00 6.13 6.20 0.00 0.00 0.00 0.00 0.00 0.00 0.00 0.00 0.00 0.00 0.00 0.00 0.00 0.00 0.00 0.00 0.00 0.00 0.00 2.56 1.77 6.57 3.07 8.11 13.07 5.77 5.77 5.55 6.13 6.50 6.13 7.15 6.79 3.65 1.61 2.19 0.00 0.00 0.00 0.00 0.00 0.00 0.00 0.00 0.00 1.53 1.02 0.00 0.00 0.00 0.00 0.00 0.00 0.00 0.00 0.00 0.00 0.44 0.58 0.00 0.00 0.00 1.31 1.68 3.14 2.77 2.56
0.00 0.00 0.00 0.00 0.00 0.00 0.00 0.00 0.00 0.00 0.00 0.00 0.00 0.00 0.00 6.13 6.20 0.00 0.00 0.00 0.00 0.00 0.00 0.00 0.00 0.00 0.00 0.00 0.00 0.00 0.00 0.00 0.00 0.00 0.00 0.00 2.56 1.76 6.64 3.07 8.03 13.07 5.77 5.77 5.55 6.13 6.50 6.13 7.15 6.79 3.65 1.61 2.19 0.00 0.00 0.00 0.00 0.00 0.00 0.00 0.00 0.00 1.53 1.02 0.00 0.00 0.00 0.00 0.00 0.00 0.00 0.00 0.00 0.00 0.44 0.58 0.00 0.00 0.00 1.31 1.68 3.14 2.77 2.56
1.97 0.00 0.00 0.00 0.00 0.00 0.00 0.00 0.00 0.00 0.00 0.00 0.00 0.00 0.00 0.00 0.00 0.00 0.00 0.00 0.00 0.00 0.00 0.00 0.00 0.00 0.00 0.00 0.00 0.00 0.00 0.00 0.00 0.00 0.00 0.00 0.22 0.00 0.95 0.58 3.36 0.88 1.68 1.68 2.99 0.00 4.53 5.77 6.79 7.30 5.18 5.33 3.87 0.00 0.00 0.00 0.00 0.00 0.00 0.00 0.00 1.46 1.61 0.00 0.00 0.00 0.00 0.00 0.00 0.00 0.00 0.00 0.00 0.00 0.00 0.00 0.00 0.00 0.00 0.00 0.00 0.44 0.88 0.22
