Wansh/Snow_depth/snowdepth-1992/spring/1992078.txt
ncols 321
nrows 161
xllcenter 60
yllcenter 15 
cellsize  0.25 
NODATA_value -1
[rows 74 to 110 of 161, columns 84 to 167 of 321]
0.00 0.00 0.00 0.00 0.00 0.66 0.07 0.00 0.00 0.00 0.00 0.00 0.07 0.00 0.00 0.00 0.00 0.00 0.00 0.00 0.00 0.00 0.00 0.00 0.00 0.00 2.04 0.00 0.00 0.00 0.00 0.00 0.00 0.00 0.95 0.73 1.02 0.51 0.00 0.00 0.15 0.00 0.00 0.00 0.88 0.66 0.00 0.07 0.66 1.10 0.15 0.00 0.00 0.15 0.30 0.00 1.61 1.46 1.53 1.39 0.00 1.39 0.00 0.00 0.00 0.00 0.00 0.00 0.00 0.00 0.44 1.53 0.22 0.00 0.00 0.00 0.00 0.00 0.00 0.00 0.00 0.00 0.00 0.00
0.00 0.00 0.00 0.00 1.53 1.46 0.44 0.00 0.00 0.00 0.00 0.00 0.00 0.00 0.00 0.00 0.00 0.00 0.00 0.00 0.00 0.00 0.00 0.00 0.00 0.00 0.00 0.00 0.00 0.00 0.00 0.00 0.00 0.00 0.00 1.68 2.26 0.00 0.00 2.26 1.68 0.00 0.00 0.00 1.24 0.58 0.37 0.07 0.44 0.00 0.00 0.00 0.00 0.00 0.58 0.29 0.58 0.73 1.46 1.75 1.68 1.46 1.46 1.53 0.29 0.73 0.00 0.00 0.00 0.00 3.72 3.94 1.83 0.29 0.00 0.00 0.00 0.00 0.00 0.00 0.00 0.00 0.00 0.00
0.00 0.00 0.00 0.07 0.58 1.83 0.00 0.80 0.00 0.00 0.00 0.00 0.00 0.00 0.00 0.00 0.00 0.00 0.00 0.00 0.00 0.00 0.00 0.00 0.00 0.00 0.00 0.00 0.00 0.00 0.00 0.00 0.00 0.00 0.00 0.00 0.00 0.00 0.00 0.00 0.00 0.00 1.83 1.83 0.80 1.10 0.58 1.39 0.22 0.00 0.58 0.07 0.00 0.44 0.51 0.58 0.95 1.02 1.02 0.80 0.88 1.46 1.31 0.80 1.17 1.25 0.00 0.00 0.00 1.53 2.48 3.58 2.92 1.61 0.00 0.00 0.00 0.00 0.00 0.00 0.00 0.00 0.00 0.00
0.00 0.00 0.07 1.61 1.31 1.83 0.00 0.00 0.00 0.00 0.00 0.00 1.68 0.00 0.00 0.00 0.00 0.00 0.00 0.00 0.00 0.00 0.00 0.00 0.00 0.00 0.00 0.00 0.00 0.00 0.00 0.00 0.00 0.00 0.00 0.00 0.00 0.00 0.00 0.00 0.00 0.00 0.00 0.00 1.17 0.00 0.00 0.00 0.00 0.00 0.00 0.00 0.29 0.22 0.29 0.07 1.17 1.10 0.88 1.24 0.95 0.80 1.61 1.46 1.02 1.61 1.53 0.44 0.44 0.95 1.46 1.90 2.41 0.15 0.00 0.00 0.00 0.00 0.00 0.00 0.00 0.00 0.00 0.00
2.77 2.70 2.41 1.10 0.44 2.41 0.00 0.00 0.00 0.00 0.00 0.00 2.77 0.00 0.00 0.00 0.00 0.00 0.00 0.00 0.00 0.00 0.00 0.00 0.00 0.00 0.00 0.00 0.00 0.00 0.00 0.00 0.00 0.00 0.00 0.00 0.00 0.00 0.00 0.00 0.00 0.00 0.00 0.00 0.00 0.00 0.00 0.00 0.00 0.00 0.00 0.00 0.00 0.00 0.66 0.88 1.02 0.73 1.53 1.75 1.53 0.95 2.12 1.97 1.53 1.75 0.73 0.37 0.37 0.66 0.66 0.88 0.37 0.51 0.00 0.00 0.00 0.00 0.00 0.00 0.00 0.00 0.00 0.00
0.00 0.00 2.77 0.00 1.90 1.61 0.00 0.00 0.00 0.00 0.00 0.00 0.00 2.63 2.19 1.75 0.00 0.00 0.00 0.00 0.00 0.00 0.00 0.00 0.00 0.00 0.00 0.00 0.00 0.00 0.00 0.00 0.00 0.00 0.00 0.00 0.00 0.00 0.00 0.00 0.00 0.00 0.00 0.00 0.00 0.00 0.00 0.00 0.00 0.00 0.00 0.00 0.00 0.00 0.00 0.37 0.37 1.46 0.73 1.53 2.26 2.56 2.70 2.99 1.97 1.68 0.51 0.22 0.22 0.00 0.00 0.00 0.80 0.88 0.22 0.00 1.03 0.00 0.00 0.00 0.00 0.00 0.00 0.00
0.00 0.00 0.00 0.00 0.00 0.00 0.00 0.00 1.97 3.07 2.85 2.56 0.00 0.00 0.00 0.00 0.00 0.00 0.00 0.00 0.00 0.00 0.00 0.00 0.00 0.00 0.00 0.00 0.00 0.00 0.00 0.00 0.00 0.00 0.00 0.00 0.00 0.00 0.00 0.00 0.00 0.00 0.00 0.00 0.00 0.00 0.00 0.00 0.00 0.00 0.00 0.00 0.00 0.00 0.00 0.00 0.29 0.00 0.07 0.66 1.46 2.41 2.12 2.04 0.00 0.00 0.00 0.00 0.00 0.00 0.00 0.00 2.99 3.58 1.31 0.37 2.70 0.00 0.15 0.00 0.00 0.00 0.00 0.00
0.00 0.00 0.00 0.00 0.00 2.77 2.56 0.00 0.00 0.00 2.70 2.70 0.00 0.00 0.00 0.00 0.00 0.00 0.00 0.00 0.00 0.00 0.00 0.00 0.00 0.00 0.00 0.00 0.00 0.00 0.00 0.00 0.00 0.00 0.00 0.00 0.00 0.00 0.00 0.00 0.00 0.00 0.00 0.00 0.00 0.00 0.00 0.73 0.00 0.00 0.00 0.00 0.00 0.00 0.00 0.00 0.00 0.29 0.95 1.68 1.46 2.41 2.63 2.04 0.00 0.00 0.00 0.00 0.00 0.00 0.29 0.37 3.58 6.86 7.66 3.82 1.62 1.99 1.59 0.00 0.00 0.00 0.00 0.00
0.00 2.56 0.00 0.00 0.00 0.00 0.00 0.00 0.00 0.00 0.00 0.00 0.00 3.72 3.58 2.99 2.63 1.53 1.53 1.83 0.00 0.15 0.00 0.00 0.00 0.00 0.00 0.00 0.00 0.00 0.00 0.00 0.00 0.00 0.00 0.00 0.00 0.15 0.00 0.00 0.00 0.00 0.00 0.00 0.00 0.00 0.00 0.00 0.00 0.00 0.00 0.00 0.00 0.00 0.00 0.00 0.15 0.07 0.58 1.61 1.83 2.12 2.56 2.04 1.17 0.00 0.00 0.51 0.51 0.51 0.29 4.74 8.25 7.45 9.71 7.01 5.48 5.40 1.75 0.00 0.00 0.00 0.00 0.00
0.00 2.34 2.26 0.00 0.00 0.00 0.00 0.00 0.00 0.00 0.00 3.50 0.00 0.00 4.09 4.02 2.48 1.97 1.97 2.19 0.51 0.00 0.00 0.00 0.00 0.00 0.00 0.00 0.00 0.00 0.00 0.00 0.00 0.00 0.00 1.24 0.66 0.29 0.00 0.00 0.00 0.00 0.00 0.00 0.00 0.00 0.00 0.00 0.00 0.00 0.00 0.73 0.00 0.00 0.00 0.80 0.51 0.37 0.95 0.80 1.83 2.04 1.61 2.12 2.12 0.37 0.88 0.80 0.80 1.02 0.66 2.19 6.42 8.91 8.69 8.83 7.52 6.79 4.60 2.26 1.53 0.00 0.00 0.00
1.97 1.39 0.00 0.00 0.00 0.00 0.00 0.00 0.00 0.00 0.00 0.00 0.00 2.85 3.50 3.72 2.85 2.56 2.56 2.34 1.97 1.31 1.61 1.39 0.00 0.00 0.00 0.00 0.00 0.00 0.00 0.00 0.00 0.00 0.00 0.00 0.00 0.07 0.00 0.51 0.00 0.00 0.00 0.00 0.00 0.00 0.00 0.00 0.00 0.00 0.44 0.00 0.00 0.00 0.88 2.63 1.46 0.66 1.17 1.02 1.10 1.24 2.77 2.56 2.70 0.88 0.44 0.73 0.73 1.68 2.99 3.07 3.07 4.31 6.13 8.18 8.18 7.45 6.06 6.72 5.91 3.50 3.50 0.00
0.00 0.00 0.00 1.24 1.90 2.99 0.00 3.07 0.00 2.77 2.92 0.00 0.00 0.00 0.00 3.14 3.65 3.14 3.14 3.58 2.99 1.24 2.92 2.92 2.34 1.75 1.68 0.00 2.12 0.00 0.00 0.00 0.00 0.00 0.00 0.00 0.00 0.00 0.00 0.00 0.00 0.00 0.22 0.22 0.44 0.00 0.00 0.00 0.00 0.00 0.00 0.00 0.00 0.66 3.07 6.35 5.99 5.18 1.39 0.58 0.66 2.31 3.76 3.29 4.96 1.90 1.17 2.04 2.04 6.64 8.91 6.94 4.09 6.79 5.18 5.18 8.18 7.66 7.52 7.88 7.15 7.15 4.45 0.00
1.46 1.68 0.00 2.63 2.63 0.00 0.00 1.83 2.77 2.77 1.97 0.00 0.00 2.34 2.19 0.00 0.00 0.00 0.00 0.00 4.23 5.33 5.69 0.00 0.00 0.00 2.70 2.56 0.00 0.00 0.00 0.00 0.00 0.00 0.00 0.00 0.00 0.00 0.00 2.70 2.12 1.68 0.58 0.58 0.07 0.58 1.02 0.58 0.73 0.44 0.51 0.37 0.00 0.00 2.34 11.17 11.68 10.59 12.48 6.57 3.29 3.80 3.28 5.48 5.69 5.77 5.84 8.10 8.10 9.05 13.65 17.08 16.79 10.73 5.62 9.42 8.40 10.00 9.78 10.29 9.13 6.79 5.91 3.58
0.80 2.12 0.00 0.00 0.00 0.00 0.00 0.00 0.00 0.00 0.00 1.97 2.04 0.00 0.00 0.00 0.00 0.00 0.00 4.02 4.38 4.02 0.00 0.00 0.00 0.00 0.00 0.00 0.00 0.00 0.00 0.00 0.00 0.00 0.00 0.00 0.00 0.00 0.00 2.70 1.83 1.31 0.88 0.88 0.00 0.73 0.66 0.88 0.44 0.80 1.24 1.02 0.00 0.00 5.26 8.76 12.12 12.92 12.41 10.37 5.91 4.09 2.70 4.31 5.93 7.30 7.88 11.68 11.68 11.24 15.77 13.94 15.77 14.53 11.17 12.56 9.93 10.88 10.59 9.64 9.78 7.74 8.25 5.91
1.90 2.12 1.68 0.00 0.00 0.00 0.00 0.00 0.00 0.00 0.00 0.00 2.19 2.70 2.85 2.77 3.14 0.00 0.00 0.00 3.72 0.00 2.41 0.00 0.00 0.00 0.00 0.00 0.00 0.00 0.00 0.00 0.00 0.00 0.00 0.00 0.00 0.00 0.00 0.00 1.17 1.61 0.80 0.80 0.58 0.73 1.02 1.61 1.90 1.02 2.26 1.10 0.22 4.16 6.06 7.37 9.56 12.26 8.83 9.64 3.94 3.72 3.50 8.83 6.12 6.26 9.78 14.31 14.31 12.12 10.80 12.34 15.04 15.99 15.26 14.67 11.97 10.07 11.90 11.32 9.78 9.71 6.50 5.48
1.24 1.24 0.00 0.00 0.00 0.00 0.00 0.00 0.00 0.00 0.00 0.00 0.00 0.00 0.00 2.77 2.19 2.92 2.92 2.77 3.14 2.85 0.00 0.00 0.00 0.00 0.00 0.00 0.00 0.00 0.00 0.00 0.00 0.00 0.00 0.00 0.00 0.00 0.00 0.00 0.00 0.00 0.00 0.00 0.22 1.24 1.75 1.31 1.97 1.68 2.85 2.19 5.33 8.76 7.37 7.37 8.03 5.84 6.67 2.21 2.34 4.23 7.37 10.95 7.34 7.53 17.44 13.94 13.94 11.97 10.29 12.85 14.09 16.13 15.04 15.33 14.09 12.26 12.63 11.70 12.11 7.07 5.50 5.58
1.02 0.88 1.31 0.00 0.00 0.00 0.00 0.00 0.00 0.00 0.00 0.00 0.00 0.00 0.00 0.00 0.00 2.48 2.48 0.00 0.00 0.00 0.00 0.00 0.00 0.00 0.00 0.00 0.00 0.00 0.00 0.00 0.00 0.00 0.66 1.39 0.00 0.00 0.00 0.00 0.00 0.00 0.00 0.00 0.00 0.88 1.53 0.22 1.24 2.34 2.85 4.38 12.12 13.21 11.68 7.81 7.15 4.74 3.21 2.77 0.98 4.09 4.50 10.51 10.66 14.82 17.63 15.87 15.37 12.40 11.46 13.07 12.63 13.43 14.67 14.75 14.38 13.14 13.91 12.69 9.46 8.38 7.77 4.84
1.17 0.73 0.80 0.00 0.00 0.00 0.00 0.00 0.00 0.00 0.00 0.00 0.00 0.00 0.00 0.00 0.00 0.00 0.00 0.00 0.00 0.00 0.00 0.00 0.00 0.00 0.00 0.00 0.00 0.00 0.00 0.00 0.00 0.00 0.66 0.00 0.00 0.00 0.00 0.00 0.00 0.00 0.00 0.00 0.00 0.00 0.00 0.95 0.22 2.56 5.33 6.64 12.26 14.97 14.31 14.53 11.83 6.20 5.01 6.86 2.85 1.90 3.35 5.55 11.10 13.48 15.11 14.82 14.89 14.85 11.23 12.05 13.87 14.16 14.38 13.58 14.60 12.05 12.47 14.68 13.60 11.17 9.17 7.13
1.68 0.44 0.73 0.00 0.00 0.00 0.00 0.00 0.00 0.00 0.00 0.00 0.00 0.00 0.00 0.00 0.00 0.00 0.00 0.00 0.00 0.00 0.00 0.00 0.00 0.00 0.00 0.00 0.00 0.00 0.00 0.00 0.00 0.00 0.00 0.00 0.00 0.00 0.00 0.00 0.00 0.00 0.00 0.00 0.00 0.00 0.00 0.00 1.68 2.56 5.33 5.77 7.96 12.48 15.33 15.18 16.13 12.41 8.32 12.50 7.30 1.68 4.87 4.84 13.41 11.58 13.33 12.85 12.85 10.55 10.64 13.15 14.60 13.71 14.82 13.57 15.18 12.45 14.75 12.96 14.60 13.32 11.93 8.58
2.34 0.73 1.10 0.80 0.51 1.10 0.00 0.00 0.00 0.00 0.29 0.00 0.00 0.00 0.00 0.00 0.00 0.00 0.00 0.00 0.00 0.00 0.00 0.00 0.00 0.00 0.00 0.00 0.00 0.00 0.00 0.00 0.00 0.00 0.00 0.00 0.00 0.00 0.00 0.00 0.00 0.00 0.00 0.00 0.00 0.00 0.07 0.88 2.85 4.82 6.64 9.27 10.51 13.51 14.60 14.75 17.52 18.32 16.28 11.61 6.57 5.79 4.23 4.23 9.82 8.46 9.46 7.81 7.81 8.48 7.83 11.12 14.23 11.23 13.12 14.82 15.33 14.01 13.11 11.97 12.92 15.90 16.13 9.83
1.53 1.61 1.68 1.24 0.80 0.88 0.44 0.00 0.00 0.00 0.00 0.00 0.00 0.00 0.00 0.00 0.73 0.00 0.00 0.00 0.00 0.00 0.00 0.00 0.00 0.00 0.00 0.00 0.00 0.00 0.00 0.00 0.00 0.00 0.00 0.00 0.00 0.00 0.00 0.00 0.00 0.00 0.00 0.00 0.00 0.00 0.95 0.88 3.80 6.13 8.32 9.64 10.50 11.06 13.76 13.56 17.16 18.40 19.49 16.50 12.19 7.70 5.07 3.15 6.28 7.82 7.42 6.50 6.53 5.36 6.88 9.73 11.45 13.70 11.82 14.89 14.38 10.06 11.63 11.77 14.91 15.23 17.05 12.21
3.58 2.70 1.10 0.88 0.37 0.00 0.00 0.00 0.00 0.00 0.00 0.00 0.00 0.00 0.00 0.00 0.00 0.00 0.00 0.00 0.00 0.00 0.00 0.00 0.00 0.00 0.00 0.00 0.00 0.00 0.00 0.00 0.00 0.00 0.00 0.00 0.00 0.00 0.00 0.00 0.00 0.00 0.00 0.00 0.00 0.37 1.68 2.26 5.48 9.13 10.00 10.59 9.93 10.01 11.86 13.92 17.83 19.44 11.71 15.12 11.67 7.41 5.84 1.32 3.73 5.64 5.99 4.70 4.70 5.53 6.24 5.92 9.54 14.52 17.09 16.95 13.86 12.21 9.36 13.89 14.45 16.57 14.83 11.25
2.77 1.24 2.70 0.88 0.37 0.00 0.00 0.00 0.00 0.00 0.00 0.00 0.00 0.00 0.00 0.00 0.00 0.00 0.00 0.00 0.00 0.00 0.00 0.00 0.00 0.00 0.00 0.00 0.15 0.00 0.00 0.00 0.00 0.00 0.00 0.00 0.00 0.00 0.00 0.00 0.00 0.00 0.00 0.00 0.37 3.14 3.29 7.30 11.53 13.43 13.94 12.63 10.29 10.56 11.62 9.73 9.96 13.61 7.94 10.35 12.15 6.16 6.40 2.94 2.87 4.21 5.25 4.97 4.89 4.52 6.26 7.12 10.70 15.25 15.91 16.80 14.82 14.28 9.53 10.77 12.94 15.43 12.03 12.25
4.09 0.00 1.68 4.02 3.50 2.92 2.85 3.72 3.43 2.63 0.80 0.66 0.07 0.00 0.00 0.00 0.00 0.00 0.00 0.00 0.00 0.00 0.00 0.00 0.00 1.68 1.10 1.17 1.46 0.00 0.00 0.73 0.44 0.00 0.00 0.00 0.00 0.00 0.00 0.00 0.58 2.77 4.38 4.38 5.26 4.23 4.09 6.13 10.88 14.38 14.45 13.41 15.36 12.35 10.48 8.22 6.86 7.81 6.76 6.50 4.99 5.53 5.35 3.80 3.26 2.46 3.93 2.86 2.79 3.43 4.45 6.48 9.34 15.17 13.72 14.31 14.45 15.97 8.49 8.79 11.12 12.25 7.93 6.11
7.45 6.57 7.08 5.99 5.77 5.84 6.13 5.55 0.00 0.00 0.00 0.37 0.58 0.95 0.37 0.00 0.66 0.66 0.66 0.66 0.00 0.00 0.44 0.51 0.22 1.53 0.07 1.24 0.95 0.66 0.66 1.10 1.02 0.95 0.44 1.46 0.00 0.00 0.00 0.51 0.58 1.31 0.80 0.80 1.75 2.85 3.29 6.86 10.88 13.21 12.87 12.17 11.51 9.79 8.93 7.96 7.87 8.82 9.04 7.78 8.00 5.37 5.18 4.59 5.11 3.15 3.00 2.77 2.73 2.34 3.36 6.35 6.28 9.25 13.18 10.73 8.02 5.28 4.17 3.17 5.95 7.97 8.12 8.56
7.81 8.25 6.42 7.74 7.52 8.10 6.50 0.00 0.00 0.00 0.00 0.00 1.02 1.02 1.24 1.10 0.51 0.44 0.44 0.73 0.00 0.44 0.73 0.73 0.15 0.37 0.07 0.00 0.29 0.73 0.88 1.31 0.07 0.44 0.44 1.24 0.00 1.61 0.88 0.00 0.00 0.29 0.00 0.00 0.88 2.99 4.02 5.48 8.65 11.94 11.14 10.47 9.71 10.24 9.26 7.44 5.57 7.89 7.82 7.46 8.55 7.41 6.80 6.77 1.90 2.34 2.93 3.17 3.12 1.97 2.70 4.39 7.30 10.63 13.75 11.24 6.71 6.66 3.65 3.70 7.25 6.60 8.72 7.91
7.52 6.79 9.27 8.32 7.15 8.47 7.45 5.26 3.14 0.00 0.00 0.00 0.00 1.31 1.75 1.39 0.51 0.73 0.73 1.02 0.73 0.66 0.00 0.80 0.44 0.37 0.00 0.07 0.15 0.44 0.80 1.24 0.00 0.00 1.02 0.95 1.83 1.83 0.00 0.00 0.00 0.00 0.00 0.00 0.00 1.53 3.65 6.34 10.06 11.87 11.06 11.07 11.72 11.01 11.24 8.64 6.75 5.24 7.35 5.93 8.08 9.68 8.61 5.04 2.26 1.86 2.38 1.69 1.88 2.09 1.42 3.87 6.41 8.71 11.90 13.05 11.68 2.99 0.37 0.00 5.88 5.66 7.41 8.69
0.00 0.00 5.04 7.45 5.84 7.74 7.45 6.46 5.18 3.29 1.17 0.00 0.00 0.00 0.88 0.51 1.46 0.95 0.95 0.88 1.10 0.73 2.04 0.73 1.17 0.00 0.00 0.00 0.37 0.51 1.10 0.00 0.00 0.00 0.22 0.00 0.88 2.48 0.00 0.00 0.00 0.00 0.00 0.00 1.17 2.26 2.41 5.80 8.47 10.79 10.63 11.48 15.19 14.60 9.63 9.13 6.06 6.58 3.98 7.05 6.61 8.23 8.58 6.64 6.06 3.48 3.05 2.75 2.65 1.91 1.57 1.59 3.56 4.69 11.08 10.11 10.97 3.29 2.32 1.63 4.57 6.23 10.17 8.19
0.00 0.00 0.00 0.00 0.00 4.67 7.88 8.61 8.32 6.79 3.07 1.97 0.80 0.00 0.00 0.44 0.00 1.24 1.24 1.24 0.58 0.66 0.15 0.00 0.00 0.00 0.00 0.00 0.00 0.58 0.58 0.00 0.00 0.00 0.00 0.00 0.07 0.00 0.00 0.00 0.00 0.00 0.00 0.00 0.00 1.39 2.26 6.13 6.28 9.34 9.93 12.38 11.24 11.51 11.96 8.22 3.69 5.40 7.13 8.03 7.41 8.65 8.85 8.28 6.97 6.40 6.23 4.21 4.23 2.99 3.75 1.05 2.76 2.31 4.63 9.42 2.61 2.57 1.92 2.01 5.99 11.07 12.62 9.81
0.00 0.00 0.00 0.00 0.00 8.32 7.30 8.69 7.23 3.50 2.12 1.10 0.80 0.88 0.00 0.00 0.37 1.24 1.24 0.66 0.44 0.00 0.00 0.00 0.00 0.00 0.00 0.00 0.00 0.00 0.00 0.00 0.00 0.00 0.00 0.00 0.00 0.00 0.00 0.00 0.00 0.00 0.00 0.00 0.00 0.15 0.59 3.94 3.26 8.43 12.60 14.69 9.98 8.99 5.89 4.11 0.00 0.00 4.48 6.08 7.75 8.30 5.49 6.40 7.41 7.89 6.78 5.81 6.79 3.41 5.20 3.57 0.99 2.11 2.13 2.67 1.14 0.22 0.54 1.12 5.13 8.38 11.36 9.25
0.00 0.00 0.00 0.00 0.00 0.00 5.11 7.37 7.66 4.96 3.07 1.97 2.70 1.39 1.39 1.39 1.24 1.10 1.10 0.00 0.00 0.00 0.00 0.00 0.00 0.00 0.00 0.00 0.00 0.00 0.00 0.00 0.00 0.00 0.00 0.00 0.00 0.00 0.00 0.00 0.00 0.00 0.00 0.00 0.00 0.00 0.15 1.22 6.46 5.97 9.49 9.29 8.68 8.29 7.63 0.00 0.00 0.00 0.00 5.54 7.48 4.90 6.34 6.50 7.90 7.30 8.39 6.40 7.16 5.93 3.60 1.88 1.67 0.00 0.00 0.00 1.16 0.58 0.00 0.00 0.00 7.25 11.70 8.78
0.00 0.00 0.00 0.00 0.00 0.00 0.00 0.00 5.55 4.09 3.43 2.77 4.16 4.16 3.14 3.26 2.88 3.36 3.36 0.73 0.00 0.00 0.00 0.00 0.00 0.00 0.00 0.00 0.00 0.00 0.00 0.00 0.00 0.00 0.00 0.00 0.00 0.00 0.00 0.00 0.00 0.00 0.00 0.00 0.00 0.00 0.00 1.72 5.27 8.44 9.63 10.04 6.48 4.44 0.00 0.00 0.00 0.00 0.00 0.00 6.39 6.88 6.73 7.10 9.15 7.16 9.66 7.64 7.81 5.91 3.45 2.80 2.99 0.25 0.00 0.99 1.81 0.38 0.00 0.00 0.00 4.44 8.28 6.33
0.00 0.00 0.00 0.00 0.00 0.00 0.00 0.00 0.00 2.04 1.97 0.00 3.29 5.18 6.64 7.04 6.13 4.76 4.44 3.65 1.90 1.75 0.22 0.00 0.00 0.00 0.00 0.00 0.00 0.00 0.00 0.00 0.00 0.00 0.00 0.00 0.00 0.00 0.00 0.00 0.00 0.00 0.00 0.00 0.73 0.00 0.15 2.01 3.59 12.10 14.10 15.24 0.00 0.00 0.00 0.00 0.00 0.00 0.00 0.00 6.65 0.00 5.93 6.26 9.02 11.40 8.27 7.10 8.68 7.10 4.31 2.54 3.79 1.92 0.24 0.00 2.79 0.94 0.00 0.00 0.00 0.00 0.00 0.00
0.00 0.00 0.00 0.00 0.00 0.00 0.00 0.00 0.00 0.00 0.00 0.00 0.00 0.00 0.00 0.00 0.00 0.00 0.00 4.67 5.18 7.66 7.15 1.46 0.00 2.56 2.26 3.65 2.77 0.00 0.00 1.39 2.04 1.17 0.73 0.00 5.55 5.04 4.16 3.67 4.06 3.91 3.07 3.07 2.12 3.65 1.68 4.26 2.60 4.80 0.00 0.00 0.00 0.00 0.00 0.00 0.00 0.00 0.00 0.00 0.00 0.00 0.00 0.00 8.07 5.08 4.89 5.14 5.74 0.00 3.80 3.63 1.95 2.20 0.00 0.00 0.00 3.56 0.00 0.00 0.00 0.00 0.00 0.00
0.00 0.00 0.00 0.00 0.00 0.00 0.00 0.00 0.00 0.00 0.00 0.00 0.00 0.00 0.00 0.00 0.00 0.00 0.00 0.00 9.28 9.38 7.15 5.48 5.69 5.98 4.19 4.45 4.74 4.38 4.96 4.67 1.31 0.51 3.72 5.48 3.87 5.48 5.62 5.18 3.69 5.38 5.55 6.20 4.82 6.86 4.45 4.79 4.16 9.01 0.00 0.00 0.00 0.00 0.00 0.00 0.00 0.00 0.00 0.00 0.00 0.00 0.00 0.00 0.00 0.00 0.00 3.43 3.43 0.00 0.00 0.00 0.00 0.00 0.00 0.00 0.00 0.00 0.00 0.00 0.00 0.00 0.00 0.00
0.00 0.00 0.00 0.00 0.00 0.00 0.00 0.00 0.00 0.00 0.00 0.00 0.00 0.00 0.00 0.00 0.00 0.00 0.00 0.00 0.00 0.00 3.80 4.45 4.60 4.92 6.48 4.38 5.40 5.11 3.72 3.72 2.96 0.00 2.19 4.08 5.91 5.18 4.74 5.11 0.00 0.00 4.92 6.24 8.55 7.38 1.99 4.17 5.44 0.00 0.00 0.00 0.00 0.00 0.00 0.00 0.00 0.00 0.00 0.00 0.00 0.00 0.00 0.00 0.00 0.00 0.00 0.00 0.00 0.00 0.00 0.00 0.00 0.00 0.00 0.00 0.00 0.00 0.00 0.00 0.00 0.00 0.00 0.00
0.00 0.00 0.00 0.00 0.00 0.00 0.00 0.00 0.00 0.00 0.00 0.00 0.00 0.00 0.00 0.00 0.00 0.00 0.00 0.00 0.00 0.00 3.87 0.00 0.00 0.00 0.00 0.00 3.14 3.87 0.00 0.00 2.49 0.00 1.68 4.53 0.00 0.00 0.00 0.00 0.00 0.00 0.00 0.00 4.71 7.89 0.00 0.00 0.00 0.00 0.00 0.00 0.00 0.00 0.00 0.00 0.00 0.00 0.00 0.00 0.00 0.00 0.00 0.00 0.00 0.00 0.00 0.00 0.00 0.00 0.00 0.00 0.00 0.00 0.00 0.00 0.00 0.00 0.00 0.00 0.00 0.00 0.00 0.00
