Wansh/Snow_depth/snowdepth-1992/spring/1992096.txt
ncols 321
nrows 161
xllcenter 60
yllcenter 15 
cellsize  0.25 
NODATA_value -1
[rows 74 to 110 of 161, columns 84 to 167 of 321]
0.00 0.00 0.00 0.00 0.00 0.00 0.22 0.00 1.53 1.39 0.15 0.58 0.58 3.43 0.00 3.21 0.00 0.00 0.00 0.00 0.00 0.00 0.00 0.00 1.97 0.00 0.00 0.00 0.00 0.00 2.56 0.00 0.00 2.12 2.04 1.75 2.19 0.00 0.00 0.00 0.00 0.00 0.66 0.66 1.10 0.66 0.29 0.44 0.88 0.51 0.00 0.00 0.00 0.00 0.00 0.00 0.00 1.02 1.46 1.53 0.00 0.00 0.00 0.00 0.00 0.00 0.00 0.00 0.00 0.00 0.00 0.80 0.15 0.00 0.00 0.00 0.00 0.00 0.00 0.00 0.00 0.00 0.00 0.00
0.00 0.00 0.00 0.00 1.10 0.44 1.39 1.31 3.65 2.85 2.77 1.61 0.00 0.00 0.00 2.99 0.00 2.92 2.92 3.29 0.00 0.00 0.00 0.00 0.00 0.00 0.00 0.00 0.00 2.48 3.07 2.04 2.70 2.19 2.04 1.90 2.26 2.85 0.00 0.00 0.00 1.31 1.39 1.39 1.02 0.95 0.51 1.10 0.73 0.29 0.29 0.00 0.00 0.95 0.73 0.58 0.80 0.44 0.73 0.00 0.58 0.88 1.46 0.58 0.00 0.00 0.00 0.00 0.00 0.00 0.80 1.17 0.00 0.00 0.00 0.00 0.00 0.00 0.00 0.00 0.00 0.00 0.00 0.00
0.00 0.00 0.00 1.61 1.61 1.10 2.48 3.14 3.21 3.58 0.00 5.26 4.16 3.14 2.77 3.14 0.00 0.00 0.00 0.00 0.00 0.00 0.00 0.00 0.00 0.00 0.00 0.00 0.00 0.00 2.48 2.63 2.48 1.97 2.04 1.90 1.90 2.56 2.99 3.58 3.07 2.34 2.26 2.26 1.46 0.51 0.51 1.10 1.75 0.00 0.00 0.66 0.73 1.17 0.51 0.88 0.95 0.95 0.37 0.00 0.07 0.88 0.80 1.02 0.44 0.00 0.29 0.00 0.00 0.37 3.07 2.77 0.44 0.00 0.00 0.00 0.00 0.00 0.00 0.00 0.00 0.00 0.00 0.00
2.12 1.31 1.97 1.02 2.19 0.00 2.56 3.14 3.72 3.87 4.16 4.82 4.96 4.45 4.53 3.58 2.41 0.00 0.00 0.00 0.00 0.00 0.00 0.00 0.00 0.00 0.00 0.00 0.00 0.00 0.00 0.00 2.26 0.00 0.00 0.00 0.00 0.00 2.34 2.19 2.19 2.92 2.48 2.48 1.83 1.46 2.56 3.14 2.77 3.21 0.00 1.75 1.83 0.51 0.95 1.31 1.31 1.31 1.02 0.00 0.07 1.02 0.58 0.95 0.95 0.29 0.73 0.51 0.51 0.73 1.46 1.83 1.61 0.00 0.00 0.00 0.00 0.00 0.00 0.00 0.00 0.00 0.00 0.00
3.72 2.99 2.19 2.12 0.00 0.00 3.14 3.65 4.02 3.36 4.02 3.72 4.53 4.31 3.43 3.36 3.36 0.00 0.00 0.00 0.00 2.77 0.00 0.00 0.00 0.00 0.00 0.00 0.00 0.00 0.00 0.00 0.00 0.00 0.00 0.00 0.00 0.00 0.00 1.97 2.34 2.77 2.26 2.26 1.46 1.17 2.04 2.34 0.00 0.00 0.00 1.46 1.02 0.58 1.02 0.58 0.73 1.17 1.10 1.17 1.46 1.53 1.17 1.17 0.73 0.73 1.17 0.80 0.80 1.39 1.46 1.10 1.02 0.66 0.00 0.00 0.00 0.00 0.00 0.00 0.00 0.00 0.00 0.00
2.70 0.00 0.00 0.00 2.92 2.48 3.21 3.43 3.50 4.02 3.29 3.58 3.87 3.14 2.99 4.09 3.58 0.00 0.00 3.80 2.92 3.07 2.04 1.90 0.00 0.00 0.00 0.00 0.00 0.00 0.00 0.00 0.00 0.00 0.00 0.00 0.00 0.00 0.00 1.24 2.34 1.61 0.00 0.00 0.00 0.00 1.17 1.53 0.00 0.00 0.00 0.58 0.37 0.66 0.80 1.68 0.15 0.44 1.75 1.61 1.75 2.04 1.24 1.17 0.00 0.00 0.00 1.24 1.24 0.73 0.07 0.51 0.80 1.24 0.44 0.00 0.29 0.00 0.00 0.00 0.00 0.00 0.00 0.00
0.00 0.00 0.00 0.00 2.70 0.00 2.99 3.43 3.50 2.92 3.65 3.80 3.58 2.85 3.65 3.80 2.92 3.58 3.58 0.00 3.29 2.85 0.00 2.56 0.00 0.00 0.00 0.00 0.00 0.00 0.00 0.00 0.00 0.00 0.00 0.00 0.00 0.00 0.00 0.00 1.61 1.24 0.00 0.00 0.00 0.00 0.00 0.22 0.73 1.17 0.00 0.00 0.00 0.00 0.15 1.24 0.00 0.00 0.58 1.17 1.97 0.80 1.02 0.58 0.00 0.00 0.00 1.31 1.31 0.00 0.80 0.00 3.43 3.72 0.80 1.47 1.87 0.00 0.00 0.00 0.00 0.00 0.00 0.00
0.00 0.00 0.00 0.00 0.00 0.00 0.00 0.00 2.41 2.99 3.43 3.43 0.00 3.29 3.21 4.02 3.87 3.21 3.21 0.00 0.00 0.00 2.12 0.00 0.00 0.00 0.00 0.00 0.00 0.00 0.00 0.00 0.00 0.00 0.00 0.00 0.00 0.00 0.00 0.00 0.00 0.00 0.00 0.00 0.00 0.00 0.00 0.00 0.00 0.00 0.00 0.00 0.00 0.00 0.00 0.00 0.51 1.61 0.29 0.44 1.02 0.29 0.58 0.29 0.51 0.00 0.00 0.00 0.00 0.00 0.00 3.87 5.69 8.03 6.72 7.48 4.13 0.61 0.00 0.67 0.66 0.00 0.00 0.00
0.00 0.00 0.00 0.00 0.00 0.00 0.00 0.00 0.00 0.00 2.92 0.00 0.00 0.00 3.36 4.53 4.09 2.85 2.85 2.63 0.00 0.00 0.00 0.00 0.00 0.00 0.00 0.00 0.00 0.00 0.00 0.00 0.00 0.00 0.00 0.00 0.00 0.00 0.00 0.00 0.00 0.00 0.00 0.00 0.00 0.00 0.00 0.00 0.00 0.00 0.00 0.00 0.00 0.00 0.00 0.00 0.00 0.00 0.00 0.37 0.44 0.80 0.15 0.51 0.51 0.00 0.00 0.00 0.00 0.00 1.31 1.83 6.64 8.47 9.05 5.99 6.57 2.26 2.34 0.00 0.00 0.00 0.00 0.00
4.16 2.92 2.56 0.00 0.00 0.00 0.00 0.00 0.00 2.77 2.63 3.43 3.21 3.50 0.00 3.87 4.31 0.00 0.00 0.00 0.00 0.00 0.00 0.00 0.00 0.00 0.00 0.00 0.00 0.00 0.00 0.00 0.00 0.00 0.00 0.00 0.00 0.00 0.00 0.00 0.00 0.00 0.00 0.00 0.00 0.00 0.00 0.00 0.00 0.00 0.00 0.00 0.00 0.07 0.15 0.00 0.00 0.00 0.00 0.00 0.15 0.37 0.58 0.00 0.00 0.00 0.00 0.00 0.00 1.10 1.53 1.02 2.56 5.62 10.00 6.72 5.55 5.48 3.50 0.00 0.00 0.00 0.00 0.22
2.92 2.48 0.00 0.00 0.00 0.00 0.00 0.00 3.58 3.58 3.36 0.00 2.92 3.65 3.87 4.38 0.00 0.00 0.00 0.00 0.00 0.00 0.00 0.00 0.00 0.00 0.00 0.00 2.48 0.00 0.00 0.00 0.00 0.00 0.00 0.00 0.00 0.00 0.00 0.00 0.00 0.00 0.00 0.00 0.00 0.00 0.00 0.00 0.00 0.00 0.00 0.00 0.00 0.22 0.00 0.00 0.07 0.00 0.00 0.00 0.00 0.29 0.88 0.00 0.00 0.00 0.29 1.75 1.75 1.61 1.97 1.97 2.19 4.23 7.37 7.37 5.91 6.72 5.62 3.21 3.94 0.00 2.12 1.53
0.00 0.00 1.90 2.12 0.00 0.00 0.00 3.07 3.58 3.65 0.00 0.00 0.00 2.85 2.99 3.14 0.00 0.00 0.00 0.00 4.38 0.00 3.58 0.00 0.00 0.00 2.77 2.85 2.77 0.00 0.00 2.41 0.00 1.83 0.00 0.00 0.00 0.00 0.66 0.66 0.00 0.00 0.00 0.00 0.00 0.00 0.00 0.00 0.00 0.00 0.00 0.00 0.00 0.22 0.00 0.00 4.74 0.51 0.00 0.37 0.00 0.97 0.00 0.66 0.37 0.29 0.00 2.48 2.48 1.46 6.28 4.31 3.80 4.96 3.50 4.31 6.06 6.42 6.13 5.40 5.91 3.14 1.53 0.66
1.39 1.68 2.92 2.48 0.00 2.41 0.00 1.61 0.00 0.00 0.00 0.00 0.00 0.00 0.00 0.00 0.00 0.00 0.00 3.87 4.23 4.23 4.31 4.67 0.00 0.00 2.56 3.36 0.00 0.00 0.00 0.00 3.21 0.00 2.92 0.00 0.00 0.00 0.00 0.00 2.19 0.88 0.80 0.80 0.73 0.95 1.10 1.10 0.66 0.66 0.00 0.07 0.00 0.00 0.00 6.86 8.76 9.05 8.25 1.68 3.07 0.00 2.76 2.85 3.29 5.18 4.53 4.60 4.60 9.86 11.61 13.07 10.88 12.05 8.40 3.07 5.26 6.13 7.74 6.86 6.35 5.99 4.09 2.63
1.83 2.12 2.41 0.00 1.68 2.63 0.00 0.00 0.00 0.00 0.00 0.00 0.00 0.00 0.00 0.00 0.00 3.14 3.14 3.80 3.43 4.02 4.16 0.00 0.00 0.00 2.77 3.29 3.58 0.00 0.00 0.00 0.00 0.00 0.00 0.00 0.00 0.00 0.00 0.00 3.21 1.97 1.24 1.24 0.80 1.10 1.39 0.66 0.15 0.88 1.31 0.44 0.29 0.29 1.17 4.02 8.40 9.05 9.71 8.10 1.53 1.75 0.88 3.14 3.48 1.75 5.62 5.69 5.69 6.13 9.42 12.34 14.45 10.22 7.96 9.05 6.86 5.99 9.49 8.25 5.77 5.99 6.06 1.75
1.97 2.04 2.19 0.00 0.00 0.00 0.00 0.00 0.00 0.00 0.00 0.00 0.00 0.00 0.00 0.00 2.63 0.00 0.00 2.63 3.21 3.43 2.63 0.00 3.14 3.36 3.50 3.58 3.43 0.00 0.00 3.14 0.00 3.29 2.99 0.00 0.00 0.00 2.34 2.48 2.26 2.12 1.68 1.68 0.95 1.10 0.44 1.68 0.95 1.39 1.83 1.24 0.00 0.15 0.88 2.12 3.21 5.48 9.20 6.42 4.23 2.77 3.36 1.61 1.55 7.96 7.88 9.49 9.49 8.03 6.64 9.93 12.92 13.36 11.46 10.73 10.00 8.83 11.90 9.71 5.55 6.28 4.53 3.14
1.90 1.53 1.97 0.00 0.00 0.00 0.00 0.00 0.00 0.00 0.00 0.00 0.00 0.00 0.00 0.00 0.00 0.00 0.00 0.00 0.00 3.14 0.00 0.00 3.14 3.80 3.87 0.00 0.00 0.00 0.00 2.92 3.14 3.43 2.77 0.00 0.00 0.00 0.00 0.00 2.41 1.97 0.95 0.95 0.80 0.80 1.10 1.97 1.46 2.34 2.12 2.63 1.90 3.50 1.46 2.56 3.21 4.31 7.78 3.61 2.19 2.77 3.50 6.20 10.60 12.79 11.22 10.59 10.59 8.98 7.59 9.93 12.34 13.58 12.70 12.56 12.48 11.75 12.41 11.70 8.28 6.10 5.65 4.70
1.39 1.46 0.00 0.00 0.00 0.00 0.00 0.00 0.00 0.00 0.00 0.00 0.00 0.00 0.00 0.00 0.00 0.00 0.00 0.00 0.00 0.00 0.00 0.00 0.00 3.94 0.00 0.00 0.00 0.00 0.00 0.00 2.56 2.70 0.00 0.00 0.00 0.00 0.00 0.00 0.00 0.00 1.68 1.68 2.04 0.95 0.66 1.02 0.95 1.83 3.07 3.72 7.52 7.74 4.60 3.80 5.40 2.56 1.68 3.36 0.45 0.73 1.55 8.03 9.13 12.63 13.24 14.04 13.60 10.20 9.27 9.20 10.59 12.70 12.85 13.14 12.56 11.17 12.15 7.95 7.52 6.69 7.17 7.04
1.46 1.17 1.24 0.44 0.00 0.00 0.66 0.95 0.58 0.00 0.00 0.00 0.00 0.00 0.00 0.00 0.00 0.00 0.00 0.00 0.00 0.00 0.00 0.00 0.00 0.00 0.00 0.00 0.00 0.00 0.00 0.00 0.00 0.00 0.00 0.00 0.00 0.00 0.00 0.00 0.00 0.00 0.00 0.00 0.44 0.80 0.29 0.73 0.15 0.58 2.04 5.11 6.57 8.83 7.74 5.26 2.12 5.26 1.62 0.81 0.95 0.66 1.27 1.75 6.39 10.50 12.70 10.44 10.49 9.24 8.66 9.05 10.07 11.75 11.52 11.10 11.97 11.97 11.96 10.83 10.43 7.96 8.92 9.08
1.10 1.53 0.95 1.31 0.58 0.00 0.80 0.95 0.73 0.00 0.00 0.00 0.00 0.00 0.00 0.00 0.00 0.00 0.00 0.00 0.00 0.00 0.00 0.00 0.00 0.00 0.00 0.00 0.00 0.00 0.00 0.00 0.00 0.00 0.00 0.00 0.00 0.00 0.00 0.00 0.00 0.00 0.00 0.00 0.00 0.66 0.44 0.07 0.58 0.07 1.39 2.12 7.88 7.96 11.17 10.59 8.40 11.32 3.50 1.80 1.70 1.15 2.94 2.58 3.90 7.86 9.06 8.18 8.18 8.71 7.46 9.33 10.86 12.08 11.67 11.50 11.83 12.60 12.79 10.58 11.29 12.12 9.26 9.58
1.97 1.75 0.80 1.10 0.51 1.02 0.88 0.00 0.00 0.00 0.00 0.00 0.00 0.00 0.00 0.00 0.22 0.00 0.00 0.00 0.00 0.00 0.00 0.00 0.00 0.00 0.00 0.00 0.00 0.00 0.00 0.00 0.00 0.00 0.00 0.00 0.00 0.00 0.00 0.00 0.00 0.00 0.00 0.00 0.00 0.00 0.51 0.07 0.95 2.04 2.56 3.94 6.86 10.15 8.69 10.95 11.83 13.65 12.26 3.80 10.07 2.62 2.16 0.69 6.35 11.16 8.51 6.28 6.28 6.49 8.96 10.67 12.38 9.83 11.19 12.84 11.83 11.19 12.87 10.46 10.63 12.53 13.36 11.07
2.41 1.39 1.46 0.95 0.73 0.00 0.66 0.00 0.00 0.00 0.00 0.00 0.00 0.00 0.00 0.51 0.00 0.22 0.22 0.00 0.00 0.00 0.00 0.00 0.00 0.00 0.00 0.00 0.00 0.00 0.00 0.00 0.00 0.00 0.00 0.00 0.00 0.00 0.00 0.00 0.00 0.00 0.00 0.00 0.00 0.00 0.88 0.66 1.46 3.21 2.92 5.69 4.69 5.64 6.04 10.15 12.04 13.58 12.19 12.34 4.53 4.04 2.00 2.42 5.73 9.92 7.18 7.01 7.04 5.44 8.28 8.92 10.24 9.92 11.20 12.26 12.22 11.04 10.31 8.18 10.91 13.89 14.68 12.69
3.29 2.48 1.75 2.26 2.34 1.17 1.17 0.00 0.00 0.00 0.00 0.00 0.00 0.00 0.00 0.00 0.00 0.00 0.00 0.00 0.00 0.00 0.00 0.00 0.00 0.00 1.68 1.24 0.00 0.00 0.00 0.00 0.00 0.00 0.00 0.00 0.00 0.00 0.00 0.00 0.00 0.00 0.44 0.44 0.58 0.00 1.24 1.31 2.99 5.62 7.08 6.28 4.67 5.35 10.16 8.43 9.52 11.21 12.01 7.74 7.78 6.97 1.97 2.41 2.14 6.10 6.66 5.72 5.72 3.98 5.72 6.00 7.80 9.54 12.33 12.91 10.35 11.81 9.88 9.76 11.12 11.80 14.44 8.62
3.87 2.85 2.04 3.29 3.43 2.34 1.17 1.83 1.39 0.00 1.24 0.00 0.00 0.00 0.00 0.00 0.00 0.00 0.00 0.00 0.00 0.00 0.00 0.00 0.00 0.00 0.00 2.04 0.58 0.00 0.00 0.00 0.00 0.00 0.00 0.00 0.00 0.00 0.00 0.00 0.73 1.83 1.39 1.39 0.80 0.80 1.61 1.68 2.77 9.56 9.78 9.34 6.57 7.26 5.81 8.27 6.74 5.73 8.10 8.50 6.39 1.90 4.29 4.87 1.97 3.88 5.25 5.19 5.11 4.22 4.61 5.05 7.16 14.60 14.60 12.18 10.30 9.20 5.37 9.29 9.56 11.44 10.20 8.10
6.35 2.99 0.00 2.12 2.48 2.04 2.77 2.41 2.04 1.24 1.10 1.39 0.00 0.00 0.00 0.00 0.00 0.00 0.00 0.00 0.00 0.00 0.00 0.00 0.00 0.00 0.00 1.90 2.34 0.88 0.73 0.00 0.37 0.95 1.31 0.00 0.00 0.00 0.00 0.00 1.02 2.70 1.75 1.75 2.34 1.61 2.41 3.87 7.52 9.36 10.24 10.45 9.86 11.71 8.31 6.09 4.23 4.31 4.74 5.96 5.65 5.99 4.36 6.79 4.37 2.86 4.82 3.31 3.23 2.85 3.43 4.10 10.68 14.03 13.72 11.46 8.94 7.66 4.02 6.93 9.73 9.11 8.26 6.48
8.98 6.57 5.18 5.18 4.82 3.29 5.11 4.09 0.00 0.00 0.00 0.00 0.37 1.17 0.51 0.00 0.66 0.00 0.00 0.73 1.46 0.29 0.00 0.00 1.24 0.88 0.51 1.83 1.24 1.10 1.02 0.73 1.39 1.31 1.31 1.46 1.39 1.31 0.51 0.00 0.00 0.00 0.44 0.44 2.41 2.99 3.36 4.82 7.96 10.22 11.14 11.58 10.05 9.45 6.51 4.79 6.20 6.82 7.41 8.36 6.16 5.90 8.40 7.53 5.84 3.59 4.30 2.77 2.73 1.24 3.80 6.66 6.20 9.25 11.68 11.24 9.23 6.60 3.25 4.28 4.51 5.96 6.70 7.55
8.98 9.42 8.10 8.18 6.64 8.69 6.79 4.60 0.00 0.00 0.00 0.00 0.00 0.66 0.95 1.02 0.37 0.51 0.51 0.95 0.73 0.44 0.22 0.00 0.00 0.66 0.00 0.22 1.02 0.73 0.88 0.73 0.58 0.88 1.10 1.39 2.26 1.10 0.00 0.00 0.00 0.00 0.80 0.80 2.70 3.94 3.80 6.94 8.73 10.49 10.84 9.71 10.48 9.25 6.77 7.54 5.57 6.23 8.06 8.81 8.63 8.62 8.71 6.25 7.45 3.43 3.74 2.24 2.21 1.02 3.21 4.95 4.22 7.21 12.11 9.86 10.40 2.10 1.75 2.31 3.57 4.95 6.26 8.52
9.78 9.42 8.91 8.54 9.13 8.47 7.81 5.55 3.87 0.00 0.00 0.00 0.00 0.00 1.24 0.29 0.95 0.58 0.58 0.51 0.37 0.44 0.00 0.00 1.31 0.00 0.00 0.00 0.22 0.29 0.66 0.15 0.00 0.00 0.15 1.24 1.46 0.44 0.00 0.00 0.00 0.00 0.00 0.00 1.90 3.14 5.26 5.68 7.95 10.11 11.06 9.67 9.82 10.53 8.06 8.36 5.16 3.93 5.51 6.96 6.99 8.12 8.69 6.42 4.23 4.39 3.58 2.93 3.26 1.76 1.56 3.78 7.21 5.73 11.16 9.36 5.99 3.50 0.00 0.91 2.53 7.18 7.86 9.06
6.72 8.69 8.83 0.00 0.00 5.91 8.10 6.75 6.06 4.16 1.97 0.00 0.00 0.00 1.53 0.00 0.44 0.51 0.51 0.80 0.44 0.51 0.37 0.44 0.00 0.00 0.00 0.00 0.07 0.00 0.15 0.29 0.00 0.00 0.00 0.00 0.73 0.00 0.00 0.00 0.00 0.00 0.00 0.00 1.24 2.56 3.50 4.70 6.42 10.08 9.57 11.75 12.13 11.78 10.58 8.67 4.56 0.00 5.89 7.96 7.39 6.70 7.56 6.42 4.23 4.40 6.42 4.55 4.39 3.73 1.57 2.34 7.39 10.91 7.34 8.61 6.60 2.22 1.54 0.47 6.81 7.02 13.19 10.35
0.00 0.00 0.00 0.00 0.00 0.00 6.50 7.88 6.42 3.14 2.77 0.22 0.00 0.00 0.00 0.00 0.15 0.58 0.58 0.66 0.15 0.95 0.51 0.44 0.00 0.00 0.00 0.00 0.00 0.00 0.00 0.00 0.00 0.00 0.00 0.00 0.29 0.00 0.00 0.00 0.00 0.00 0.00 0.00 0.00 1.39 3.58 5.33 8.98 9.71 8.60 10.24 10.93 11.25 9.70 11.41 5.00 0.00 0.00 7.30 4.92 6.95 5.67 8.51 9.24 5.87 9.51 7.75 7.80 5.55 3.45 0.89 4.81 7.92 4.23 7.96 4.17 4.33 2.58 3.77 5.66 9.49 12.17 11.11
0.00 0.00 0.00 0.00 0.00 0.00 7.23 8.83 9.42 5.69 3.80 1.31 0.00 0.00 0.00 0.00 0.00 0.37 0.37 0.44 0.00 0.22 0.00 0.00 0.00 0.00 0.00 0.00 0.00 0.00 0.00 0.00 0.00 0.00 0.00 0.00 0.00 0.00 0.00 0.00 0.00 0.00 0.00 0.00 0.00 0.00 1.10 3.43 5.93 8.20 8.34 9.88 9.98 12.96 7.74 6.56 0.00 0.00 0.00 0.00 4.36 4.65 7.99 5.49 9.81 9.93 10.85 9.03 10.56 3.25 6.30 3.68 2.25 4.31 1.56 3.34 4.30 4.89 4.04 1.28 5.30 6.84 10.71 7.11
0.00 0.00 0.00 0.00 0.00 0.00 8.40 6.06 8.47 7.66 3.50 2.63 0.66 1.83 0.00 1.83 1.46 0.00 0.00 0.00 0.00 0.00 0.00 0.00 0.00 0.00 0.00 0.00 0.00 0.00 0.00 0.00 0.00 0.00 0.00 0.00 0.00 0.00 0.00 0.00 0.00 0.00 0.00 0.00 0.00 0.00 0.00 2.13 3.94 6.45 6.54 7.61 7.34 8.02 0.00 0.00 0.00 0.00 0.00 0.00 0.00 5.16 5.23 14.22 13.48 12.03 11.50 8.53 9.55 7.72 8.96 5.65 2.99 1.59 1.12 3.18 2.41 4.02 0.08 0.86 2.74 7.81 12.18 8.37
0.00 0.00 0.00 0.00 0.00 0.00 0.00 0.00 5.84 6.28 3.21 2.70 4.96 2.63 4.38 3.78 4.79 1.83 1.83 0.66 0.00 0.00 0.00 0.00 0.00 0.00 0.00 0.00 0.00 0.00 0.00 0.00 0.00 0.00 0.00 0.00 0.00 0.00 0.00 0.00 0.00 0.00 0.00 0.00 0.00 0.00 0.00 0.00 1.30 6.89 7.38 7.63 7.66 0.00 0.00 0.00 0.00 0.00 0.00 0.00 0.00 0.00 5.42 14.21 14.09 14.88 17.58 11.92 12.18 11.46 12.27 5.60 3.61 0.68 0.86 3.70 3.06 2.77 0.56 0.00 0.00 3.85 7.03 8.17
0.00 0.00 0.00 0.00 0.00 0.00 0.00 0.00 0.00 4.89 3.36 3.80 3.21 5.40 4.74 4.70 5.69 5.00 4.67 2.92 0.37 0.51 1.31 0.00 0.00 0.00 0.00 0.00 0.00 0.00 0.00 0.00 0.00 0.00 0.00 0.00 0.00 0.00 0.00 0.00 0.51 0.00 0.00 0.00 0.00 0.00 0.00 1.00 3.76 6.82 8.50 8.91 0.00 0.00 0.00 0.00 0.00 0.00 0.00 0.00 0.00 0.00 0.00 13.12 16.14 19.50 16.99 16.40 20.04 18.05 6.93 4.53 3.70 2.34 1.70 4.13 4.15 1.40 2.46 0.99 0.00 5.30 0.00 0.00
0.00 0.00 0.00 0.00 0.00 0.00 0.00 0.00 0.00 0.00 0.00 0.00 0.00 0.00 0.00 0.00 5.84 0.00 0.00 0.00 5.11 4.53 3.80 1.39 1.61 0.80 2.41 2.56 1.90 0.00 0.00 0.80 0.95 0.00 1.31 4.02 4.45 4.02 4.16 3.30 3.69 2.80 2.48 2.48 4.60 3.65 0.80 1.83 0.00 0.00 0.00 0.00 0.00 0.00 0.00 0.00 0.00 0.00 0.00 0.00 0.00 0.00 0.00 0.00 15.67 10.43 10.89 11.59 12.96 0.00 9.45 5.95 5.13 4.75 4.18 5.78 4.32 5.47 0.00 0.00 0.00 0.00 0.00 0.00
0.00 0.00 0.00 0.00 0.00 0.00 0.00 0.00 0.00 0.00 0.00 0.00 0.00 0.00 0.00 0.00 0.00 0.00 0.00 0.00 0.00 0.00 3.94 4.53 1.68 3.73 3.82 4.60 3.50 2.70 3.43 3.80 2.41 0.44 1.02 2.12 2.56 3.72 2.48 2.12 2.10 3.42 4.74 5.30 6.79 6.50 3.14 1.35 0.00 0.00 0.00 0.00 0.00 0.00 0.00 0.00 0.00 0.00 0.00 0.00 0.00 0.00 0.00 0.00 14.35 0.00 0.00 0.00 0.00 0.00 0.00 0.00 5.77 0.00 0.00 5.73 5.16 0.00 0.00 0.00 0.00 0.00 0.00 0.00
0.00 0.00 0.00 0.00 0.00 0.00 0.00 0.00 0.00 0.00 0.00 0.00 0.00 0.00 0.00 0.00 0.00 0.00 0.00 0.00 0.00 0.00 2.19 2.26 0.00 0.00 4.02 3.80 3.29 4.23 4.23 4.23 3.19 0.00 0.00 0.00 0.00 0.00 3.72 0.00 0.00 0.00 0.00 0.00 4.84 3.77 5.43 0.00 0.00 0.00 0.00 0.00 0.00 0.00 0.00 0.00 0.00 0.00 0.00 0.00 0.00 0.00 0.00 0.00 0.00 0.00 0.00 0.00 0.00 0.00 0.00 0.00 0.00 0.00 0.00 3.85 6.23 0.00 0.00 0.00 0.00 0.00 0.00 0.00
0.00 0.00 0.00 0.00 0.00 0.00 0.00 0.00 0.00 0.00 0.00 0.00 0.00 0.00 0.00 0.00 0.00 0.00 0.00 0.00 0.00 0.00 0.00 0.00 0.00 0.00 0.00 0.00 0.00 3.58 0.00 0.00 0.00 0.00 0.00 0.00 0.00 0.00 0.00 0.00 0.00 0.00 0.00 0.00 0.00 0.00 0.00 0.00 0.00 0.00 0.00 0.00 0.00 0.00 0.00 0.00 0.00 0.00 0.00 0.00 0.00 0.00 0.00 0.00 0.00 0.00 0.00 0.00 0.00 0.00 0.00 0.00 0.00 0.00 0.00 0.00 0.00 0.00 0.00 0.00 0.00 0.00 0.00 0.00
