Wansh/Snow_depth/snowdepth-1992/spring/1992062.txt
ncols 321
nrows 161
xllcenter 60
yllcenter 15 
cellsize  0.25 
NODATA_value -1
[rows 74 to 110 of 161, columns 84 to 167 of 321]
0.00 0.00 0.00 0.22 1.31 1.17 0.00 0.95 0.73 0.00 0.00 1.31 2.41 2.77 2.99 0.00 0.00 0.00 0.00 2.85 2.63 0.00 0.00 0.00 0.00 2.85 0.00 0.00 0.00 0.00 0.00 0.00 0.00 2.48 1.46 1.31 1.53 1.53 0.00 3.14 0.00 1.46 0.95 0.95 0.51 0.22 0.44 1.31 0.66 1.17 0.95 0.00 0.00 0.00 0.00 0.95 1.39 1.24 1.02 1.24 1.24 1.39 1.90 0.00 0.00 0.00 0.00 0.00 0.00 2.79 1.69 2.19 2.63 0.00 0.00 0.00 0.00 0.00 0.00 0.00 0.00 0.00 0.00 0.00
0.00 0.51 0.00 0.22 1.39 1.90 1.53 0.00 0.00 0.00 0.00 0.00 0.00 1.39 1.53 3.36 2.85 3.21 3.21 2.70 2.85 3.58 2.56 0.00 3.14 0.00 4.60 0.00 0.00 0.00 0.00 0.00 0.00 2.56 0.00 0.00 0.00 0.00 0.00 0.00 0.00 0.73 1.97 1.97 1.10 0.00 0.00 0.07 1.10 0.58 0.66 0.00 0.00 0.00 0.00 0.88 0.95 1.17 1.46 0.73 0.66 1.75 0.88 1.39 0.66 0.37 0.00 0.00 0.00 0.95 3.72 3.43 1.46 0.00 0.00 0.00 0.00 0.00 0.00 0.00 0.00 0.00 0.00 0.00
0.29 0.22 0.88 1.61 1.24 1.61 0.00 2.77 3.72 3.80 4.60 4.45 3.94 4.16 3.72 2.85 3.07 0.00 0.00 0.00 2.41 2.34 0.00 0.00 0.00 0.00 0.00 0.00 0.00 0.00 0.00 0.00 0.00 0.00 0.00 0.00 0.00 0.00 0.00 4.16 2.70 2.26 1.46 1.46 1.17 0.37 0.00 1.83 0.73 1.31 1.53 0.00 0.29 0.44 0.00 0.00 0.51 0.73 0.15 0.44 0.88 0.95 0.29 0.58 1.02 0.59 0.00 0.51 0.51 1.83 2.41 3.72 1.53 0.00 0.00 0.00 0.00 0.00 0.00 0.00 0.00 0.00 0.00 0.00
2.85 3.36 2.12 1.31 1.75 1.53 0.00 3.29 3.07 3.14 3.14 3.65 4.23 4.23 4.31 3.80 3.87 3.43 3.43 0.00 2.70 0.00 2.92 0.00 3.07 0.00 0.00 0.00 0.00 0.00 0.00 0.00 0.00 0.00 0.00 0.00 0.00 0.00 0.00 0.00 0.00 1.31 1.75 1.75 0.00 1.17 0.00 0.00 2.12 1.68 0.00 1.46 0.00 0.00 0.22 0.15 0.37 0.22 0.44 0.58 0.15 0.73 0.80 0.51 0.51 0.29 0.29 0.73 0.73 0.80 1.17 2.04 1.17 0.88 0.58 0.00 0.00 0.00 0.00 0.00 0.00 0.00 0.00 0.00
3.14 3.43 2.04 0.00 0.00 2.63 2.85 2.92 3.36 3.72 3.65 4.23 3.94 4.23 4.23 4.53 4.53 3.58 3.58 3.43 3.21 3.43 3.07 2.99 3.07 2.99 0.00 0.00 0.00 0.00 0.00 0.00 0.00 0.00 0.00 0.00 0.00 0.00 0.00 0.00 0.00 0.00 0.00 0.00 0.00 0.00 0.00 0.00 0.00 0.00 0.00 0.00 0.00 0.00 1.02 0.66 0.22 0.29 1.39 1.17 1.68 2.19 1.46 1.75 0.07 0.22 0.15 0.00 0.00 0.80 1.17 0.66 0.66 1.02 0.58 0.00 0.00 0.00 0.00 0.00 0.00 0.00 0.00 0.00
4.89 4.53 3.87 0.00 0.00 2.99 3.21 3.43 3.50 3.72 3.72 3.65 3.36 4.31 3.80 4.45 4.16 3.94 3.94 3.94 3.36 2.85 3.14 2.99 2.77 0.00 0.00 0.00 0.00 0.00 0.00 0.00 0.00 0.00 0.00 0.00 0.00 0.00 0.00 0.00 0.00 0.00 0.00 0.00 0.00 0.00 0.00 0.00 0.00 0.00 0.00 0.00 0.00 0.00 0.00 0.44 0.00 0.00 0.80 0.80 1.53 2.04 1.68 1.46 1.39 0.15 0.00 0.66 0.66 0.44 0.51 2.04 1.31 0.73 1.98 0.00 0.00 0.66 0.00 0.00 0.00 0.00 0.00 0.00
0.00 0.00 0.00 0.00 0.00 0.00 2.99 3.43 3.94 3.29 3.80 3.58 3.07 3.58 3.72 3.87 3.72 3.07 3.07 3.29 3.50 2.19 2.85 3.21 2.99 0.00 0.00 0.00 0.00 0.00 0.00 0.00 0.00 0.00 0.00 0.00 0.00 0.00 0.00 0.00 0.00 0.00 0.00 0.00 0.00 0.00 0.00 0.00 0.00 0.00 0.00 0.00 0.00 0.00 0.00 0.00 0.00 0.00 0.07 1.17 1.75 2.04 2.41 1.46 1.10 0.66 0.00 0.00 0.00 0.00 0.22 1.75 6.42 5.77 7.96 1.10 1.20 2.06 0.00 0.00 0.00 0.00 0.00 0.00
0.00 0.00 0.00 0.00 0.00 0.00 3.21 0.00 0.00 2.34 3.80 4.31 3.72 3.72 3.80 4.23 3.50 3.36 3.36 0.00 0.00 2.04 0.00 2.92 0.00 0.00 0.00 0.00 0.00 0.00 0.00 0.00 0.00 0.00 0.00 0.00 0.00 0.00 0.00 0.00 0.00 0.00 0.00 0.00 0.00 0.00 0.00 0.66 0.00 0.00 0.00 0.00 0.00 0.00 0.00 0.00 0.00 0.00 0.00 0.00 1.10 1.39 1.83 1.83 0.00 0.00 0.00 0.00 0.00 0.44 0.07 3.07 6.35 9.86 10.80 3.96 3.54 3.97 2.35 1.57 0.00 0.00 0.00 0.00
0.00 0.00 0.00 0.00 0.00 0.00 0.00 0.00 0.00 0.00 4.82 4.82 3.65 3.72 4.23 3.07 2.70 3.43 3.43 0.00 0.00 0.00 0.00 0.00 0.00 0.00 0.00 0.00 0.00 0.00 0.00 0.00 0.00 0.00 0.00 0.00 0.00 0.00 0.00 0.00 0.00 0.00 0.00 0.00 0.00 0.00 0.00 0.00 0.00 0.00 0.00 0.00 0.00 0.00 0.00 0.00 0.00 0.00 0.00 0.73 1.46 1.17 1.10 1.10 0.95 0.00 0.00 1.97 1.97 2.26 1.68 1.68 3.80 11.39 11.90 6.86 5.40 3.14 3.80 2.49 1.61 0.00 0.00 0.00
0.00 0.00 0.00 0.00 0.00 0.00 0.00 0.00 0.00 0.00 0.00 0.00 3.29 3.43 4.23 3.58 3.07 2.77 2.77 3.07 0.00 0.00 0.00 0.00 2.26 0.00 0.00 0.00 0.00 0.00 0.00 0.00 0.00 0.00 0.00 0.00 0.00 0.00 0.00 0.00 0.00 0.00 0.00 0.00 0.00 0.00 0.00 0.00 0.00 0.00 0.00 0.00 0.00 0.00 0.00 0.00 0.00 0.00 1.24 1.17 2.41 1.68 1.90 1.46 2.04 1.83 3.58 3.14 3.14 3.29 2.41 2.34 4.23 7.96 9.78 9.78 7.74 6.06 4.16 4.38 1.61 3.80 2.63 0.00
0.00 0.00 0.00 0.00 0.00 0.00 0.00 0.00 0.00 0.00 3.72 0.00 0.00 4.02 3.87 3.58 3.80 0.00 0.00 2.70 3.50 0.00 0.00 0.00 0.00 0.00 0.00 0.00 0.00 0.00 0.00 0.00 0.00 0.00 0.00 0.00 0.00 0.00 0.00 0.22 0.00 0.00 0.00 0.00 0.00 0.00 0.00 0.00 0.00 0.00 0.00 0.00 0.00 0.00 1.90 1.53 1.02 4.23 2.34 1.24 1.39 1.83 2.34 2.41 3.58 1.39 3.94 3.21 3.21 5.33 3.94 6.94 6.13 7.74 6.94 9.13 7.88 8.18 6.86 5.62 3.50 6.13 4.31 0.00
0.00 0.00 2.19 2.34 0.00 0.00 2.56 3.94 3.36 3.50 3.14 0.00 3.07 3.72 3.72 3.65 3.14 3.80 3.80 0.00 3.50 3.65 3.29 3.14 0.00 0.00 0.00 0.00 0.00 0.00 0.00 3.14 2.92 0.00 0.00 0.00 0.00 0.00 0.00 0.00 0.00 1.90 0.58 0.58 0.44 0.00 0.88 0.00 0.00 0.00 0.00 0.00 0.00 2.85 3.94 6.86 5.11 8.61 4.53 1.68 1.03 2.31 2.41 3.21 5.69 2.48 4.96 4.09 4.09 7.08 8.91 13.80 5.26 6.13 5.84 7.08 8.76 9.71 10.07 7.96 6.86 7.74 5.69 0.00
1.46 1.24 2.04 0.00 0.00 2.77 2.92 2.85 3.65 2.99 0.00 2.48 3.14 3.14 2.19 0.00 4.02 2.92 2.92 3.80 3.80 4.67 3.94 3.65 0.00 0.00 0.00 0.00 3.72 3.50 0.00 0.00 0.00 0.00 0.00 0.00 0.00 0.00 0.00 3.87 3.72 1.31 0.51 0.51 0.15 0.80 1.31 1.17 0.95 0.15 0.00 0.00 2.34 3.50 7.88 11.39 13.80 14.24 15.26 10.88 5.18 2.99 5.21 7.45 7.96 8.54 8.54 10.66 10.66 10.66 20.22 19.64 17.45 15.84 12.41 6.86 6.35 8.10 10.00 10.29 9.56 7.45 4.60 5.99
0.95 2.04 0.00 0.00 0.00 0.00 2.70 3.14 2.48 0.00 2.85 2.85 3.07 3.07 2.92 2.19 3.58 4.09 4.09 3.94 3.36 4.16 3.43 0.00 0.00 0.00 3.43 3.07 2.70 0.00 0.00 0.00 0.00 0.00 0.00 0.00 0.00 0.00 3.94 4.31 1.83 1.90 0.88 0.88 0.66 1.31 1.75 1.75 1.61 1.17 0.51 1.68 0.00 4.23 5.84 9.78 16.21 16.94 14.75 11.97 7.15 4.53 5.69 6.42 9.19 10.66 16.28 13.58 13.58 14.31 17.37 16.28 17.52 18.25 17.23 9.49 6.86 7.66 8.98 11.61 11.61 10.44 7.74 8.98
1.46 1.39 0.00 0.00 0.00 0.00 0.00 0.00 0.00 0.00 2.77 2.99 2.70 3.14 2.63 3.36 3.14 3.43 3.43 3.36 3.29 1.83 0.00 0.00 2.56 2.63 0.00 0.00 0.00 0.00 0.00 0.00 2.26 2.56 0.00 0.00 0.00 0.00 0.00 3.29 1.90 0.00 1.39 1.39 0.80 2.26 2.34 2.19 2.70 2.77 0.95 5.40 5.11 7.37 8.32 10.44 12.63 13.72 13.94 9.20 7.30 4.96 6.64 7.08 11.72 14.29 18.69 17.37 17.37 15.18 13.07 14.67 17.96 19.20 16.28 12.19 10.51 9.34 11.53 12.12 11.24 11.24 9.86 10.29
2.19 1.53 0.00 0.00 0.00 0.00 0.00 0.00 0.00 0.00 0.00 0.00 0.00 0.00 0.00 2.99 3.14 2.92 2.92 2.04 3.07 2.12 0.00 0.00 2.19 2.77 0.00 0.00 0.00 0.00 0.00 2.41 0.00 3.07 0.00 0.00 0.00 0.00 0.00 0.00 0.00 0.00 0.00 0.00 1.83 1.39 2.34 3.36 4.09 5.55 2.99 4.09 8.18 10.29 10.29 10.73 10.51 9.34 11.71 7.01 6.79 5.99 7.00 9.49 14.67 17.54 21.29 17.59 17.59 17.01 13.65 15.77 17.45 18.47 16.43 14.31 11.53 13.65 12.85 13.22 14.15 10.91 10.12 9.83
1.24 1.46 1.10 0.00 0.00 0.00 0.00 0.00 0.00 0.00 0.00 0.00 0.00 0.00 0.00 0.00 0.00 2.56 2.56 2.77 0.00 0.00 0.00 0.00 1.75 0.00 0.00 0.00 0.00 0.00 0.00 0.00 0.00 0.00 0.00 0.00 0.00 0.00 0.00 0.00 0.00 0.00 0.00 0.00 0.37 1.97 2.77 3.14 4.23 4.53 4.89 13.14 14.75 14.02 11.46 13.29 11.53 9.05 5.18 4.53 5.12 7.37 11.36 14.53 19.71 18.47 21.14 21.11 20.44 18.42 14.97 15.26 16.28 17.37 16.64 14.89 14.16 13.51 14.91 14.22 12.74 11.91 12.38 11.20
0.95 0.73 0.00 0.00 0.00 0.00 0.00 0.00 0.00 0.00 0.00 0.00 0.00 0.00 0.00 0.00 0.00 0.00 0.00 0.00 0.00 0.00 0.00 0.00 0.00 0.00 0.00 0.00 0.00 0.00 0.00 0.00 0.00 0.00 0.00 0.00 0.00 0.00 0.00 0.00 0.00 0.00 0.00 0.00 0.00 0.51 2.19 1.97 3.07 4.31 10.51 13.07 17.30 18.47 15.84 17.52 14.38 11.97 8.11 5.01 7.66 5.77 9.61 10.57 18.93 20.86 20.66 17.59 17.68 17.90 15.11 15.91 15.48 17.30 18.12 14.45 14.02 13.51 15.55 14.13 12.67 12.85 13.95 12.22
1.46 1.39 1.68 1.24 1.75 1.24 1.02 0.00 0.00 0.00 1.68 0.15 0.00 0.00 0.00 0.00 0.00 0.00 0.00 0.00 0.00 0.00 0.00 0.00 0.00 0.00 0.00 0.00 0.00 0.00 0.00 0.00 0.00 0.00 0.00 0.00 0.00 0.00 0.00 0.00 0.00 0.00 0.00 0.00 0.00 0.00 0.29 1.97 2.56 4.67 10.22 12.05 14.75 18.98 19.20 17.96 15.55 20.37 16.21 9.96 13.20 5.73 6.49 7.96 18.25 19.36 21.41 15.18 15.18 15.75 14.91 17.35 18.42 17.86 16.87 14.89 13.21 15.64 13.47 13.48 14.21 13.55 13.97 14.05
1.39 1.31 0.73 0.58 0.66 0.58 1.02 0.00 0.00 0.00 0.00 0.00 0.00 0.00 0.00 0.00 0.00 0.00 0.00 0.00 0.00 0.00 0.00 0.00 0.00 0.00 0.00 0.00 0.00 0.00 0.00 0.00 0.00 0.00 0.00 0.00 0.00 0.00 0.00 0.00 0.00 0.00 0.00 0.00 0.00 0.00 3.14 3.14 3.29 5.62 12.41 13.43 13.87 16.50 18.25 19.56 21.26 22.56 21.75 15.26 18.18 12.46 7.17 7.22 12.21 13.03 18.49 10.73 10.73 12.76 10.61 15.73 16.68 15.77 18.16 16.73 15.84 13.04 12.17 11.06 13.30 15.55 17.46 15.08
2.19 1.17 1.39 2.41 1.10 1.17 0.00 0.00 0.00 0.00 0.00 0.00 0.00 0.00 0.00 0.00 0.00 0.00 0.00 0.00 0.00 0.00 0.00 0.00 0.00 0.00 0.00 0.00 0.00 0.00 0.00 0.00 0.00 0.00 0.00 0.00 0.00 0.00 0.00 0.00 0.00 0.00 0.00 0.00 0.00 0.00 4.38 5.33 10.73 9.78 15.40 14.82 15.72 15.50 17.66 19.49 23.10 20.44 22.41 21.39 19.05 14.60 9.61 6.37 8.79 7.99 13.06 8.25 8.29 10.10 9.11 13.22 13.47 14.03 19.23 17.67 17.28 14.98 12.10 11.85 12.76 17.11 14.76 15.80
2.48 2.12 1.90 4.02 2.48 1.46 1.53 0.00 1.17 0.00 0.80 0.00 0.00 0.00 0.00 0.88 0.00 0.00 0.00 0.00 0.00 0.00 0.00 0.00 0.00 0.00 0.00 0.66 0.00 0.00 0.00 0.00 0.00 0.00 0.00 0.00 0.00 0.00 0.00 0.00 0.00 0.00 0.00 0.00 0.00 4.82 5.18 7.23 13.43 12.63 12.99 15.18 15.04 16.82 17.83 17.91 21.38 20.09 16.97 14.67 12.55 12.91 5.37 4.81 4.44 9.27 5.62 5.65 5.65 5.90 6.42 8.11 8.79 11.26 17.46 17.97 17.28 15.88 13.25 13.57 15.84 17.78 17.16 9.25
3.21 1.83 1.97 3.43 4.16 2.12 2.19 2.26 2.26 1.46 0.00 0.00 0.00 0.00 0.00 0.00 0.00 0.00 0.00 0.00 0.00 0.00 0.00 0.00 0.00 0.00 0.00 1.17 0.00 0.00 0.00 0.00 0.00 0.00 0.00 0.80 0.00 0.00 0.00 0.00 0.00 6.86 6.06 6.06 0.00 7.15 6.72 8.47 14.09 13.80 17.52 17.45 16.21 17.53 16.76 16.14 9.96 11.47 15.08 8.10 10.26 7.38 6.02 3.48 2.71 5.77 3.88 4.37 4.31 4.45 4.00 7.66 13.78 10.97 17.08 19.88 13.86 13.25 11.35 12.26 11.21 13.55 14.77 9.80
5.18 0.00 0.00 3.94 3.72 3.50 3.65 3.14 4.09 1.97 2.19 0.07 0.00 0.00 0.00 0.00 0.00 0.00 0.00 0.00 0.00 0.00 0.00 0.00 0.00 0.00 1.68 2.12 1.24 0.00 0.29 0.51 0.66 1.46 0.00 0.22 0.00 0.00 0.00 0.00 7.15 9.27 8.98 8.98 8.03 8.83 8.40 9.56 13.58 19.32 20.17 19.27 19.03 17.09 12.13 7.56 8.03 8.54 8.39 7.26 5.65 5.84 6.12 3.65 3.63 2.78 3.26 4.06 3.96 2.70 3.07 7.05 10.93 15.17 20.62 16.57 15.14 11.45 9.98 9.83 10.34 12.72 13.35 10.77
7.23 6.50 6.50 6.50 5.77 5.77 6.13 6.94 5.33 4.67 0.00 2.19 2.04 1.17 1.31 0.58 0.51 0.66 0.66 0.95 1.68 0.29 0.73 0.00 1.46 1.17 1.31 1.61 1.17 0.95 0.66 0.37 0.51 1.39 0.95 0.80 1.83 0.95 1.10 3.07 2.63 3.94 5.33 5.33 8.98 11.46 12.85 14.53 15.99 14.97 17.16 18.63 10.91 9.37 7.49 6.93 6.96 8.75 9.56 9.98 10.20 6.88 7.93 6.40 6.86 3.67 3.07 3.59 3.54 1.75 2.56 5.14 7.47 8.78 16.32 12.78 9.61 7.26 5.34 5.71 4.78 8.47 10.65 9.90
5.40 6.79 7.81 9.27 9.64 8.61 8.83 4.16 4.45 0.00 0.00 2.34 2.26 1.90 0.95 1.68 1.02 1.39 1.39 1.17 1.17 0.73 0.80 0.88 1.46 0.95 0.00 0.44 0.73 0.73 0.73 0.58 0.07 0.73 1.02 1.97 4.09 2.63 1.31 2.26 2.26 3.80 3.14 3.14 6.86 10.73 10.88 13.29 15.20 15.82 13.77 8.56 8.31 7.80 8.90 8.48 7.08 7.18 9.10 11.82 10.99 10.67 11.01 5.12 2.70 2.85 4.70 3.24 3.19 1.68 3.87 3.75 6.33 10.54 13.59 13.21 10.03 7.49 3.80 3.79 7.77 10.89 10.50 10.57
5.84 7.23 7.23 6.06 5.55 8.25 7.52 5.99 0.00 0.00 0.00 0.00 0.00 2.56 2.34 2.26 1.61 1.39 1.39 1.02 1.02 0.37 0.44 0.95 1.39 0.00 0.00 0.15 0.73 1.24 0.95 0.29 0.00 0.00 1.90 3.07 1.24 0.88 1.39 0.15 0.58 1.83 4.02 4.02 5.11 9.86 7.15 8.77 12.41 13.64 12.15 12.28 10.45 9.10 9.15 7.40 6.85 4.96 7.53 10.31 10.68 12.74 11.32 7.23 2.92 4.32 5.21 2.13 2.37 2.49 2.53 3.69 6.32 13.89 10.71 11.06 9.93 6.57 4.42 3.05 6.59 8.62 11.83 11.61
0.00 4.38 7.52 6.50 7.96 6.20 7.37 6.97 5.99 4.89 0.00 0.00 0.00 0.00 2.34 2.04 1.61 1.68 1.68 0.95 1.17 1.24 0.66 1.02 0.73 0.00 0.00 0.00 0.95 0.88 1.10 0.00 0.00 0.00 0.58 0.95 0.95 0.80 0.37 0.00 0.00 0.15 2.85 2.85 3.21 7.08 9.34 7.12 8.54 13.17 12.00 15.15 14.21 13.72 6.47 7.03 5.06 4.94 4.48 9.02 9.45 13.79 11.08 10.44 6.79 7.03 6.90 4.16 4.01 4.40 1.10 1.97 4.87 11.83 5.89 8.31 8.60 7.49 3.86 4.12 6.91 7.73 15.51 13.67
0.00 0.00 0.00 0.00 0.00 4.89 8.47 8.03 8.10 1.97 3.36 1.46 0.00 0.00 0.00 1.53 2.19 1.83 1.83 1.39 1.10 1.24 1.31 1.31 0.00 0.00 0.00 0.00 0.00 0.15 0.00 0.00 0.00 0.00 0.00 0.29 0.66 0.44 0.00 0.00 0.00 0.00 1.02 1.02 1.31 4.09 7.96 12.34 12.92 13.51 13.27 11.85 10.31 10.31 6.50 6.19 4.59 5.61 5.32 6.57 7.19 11.28 9.63 12.34 10.64 10.01 9.60 6.02 6.06 5.98 3.14 1.94 2.31 8.41 2.71 4.17 6.48 5.80 2.21 3.29 5.17 10.32 16.22 13.79
0.00 0.00 0.00 0.00 0.00 6.57 7.96 8.32 8.98 5.62 4.02 3.65 2.70 0.00 0.00 0.95 0.80 1.68 1.68 0.88 0.51 0.29 1.02 0.73 0.00 0.00 0.00 0.00 0.00 0.00 0.00 0.00 0.00 0.00 0.00 0.00 0.00 0.00 0.00 0.00 0.00 0.00 0.00 0.00 1.32 0.80 4.40 10.00 9.41 12.87 15.78 8.31 10.08 6.67 5.24 5.86 5.26 6.46 0.00 6.69 8.81 8.58 12.02 9.78 10.71 12.14 8.54 8.63 10.10 6.59 4.74 4.12 1.53 4.05 1.80 2.92 4.38 2.99 2.49 1.28 2.61 11.07 12.82 8.64
0.00 0.00 0.00 0.00 0.00 0.00 7.08 8.61 9.05 8.10 4.82 3.07 3.72 2.04 0.00 2.48 3.80 2.26 2.26 0.00 0.00 0.00 0.00 0.00 0.00 0.00 0.00 0.00 0.00 0.00 0.00 0.00 0.00 0.00 0.00 0.00 0.37 0.00 0.00 0.00 0.00 0.00 0.00 0.00 0.00 0.00 1.25 5.40 5.62 7.42 7.26 8.14 6.39 6.85 5.88 0.00 0.00 0.00 4.95 0.00 9.81 5.60 9.73 9.04 11.34 10.62 10.86 9.76 10.93 6.41 4.34 3.67 0.79 2.04 0.56 1.68 2.07 2.77 0.79 2.77 6.80 7.63 14.12 8.78
0.00 0.00 0.00 0.00 0.00 0.00 0.00 6.64 7.23 4.67 5.69 4.67 5.26 7.45 5.48 3.56 5.46 2.41 2.41 2.48 0.00 0.00 0.00 0.00 0.00 0.00 0.00 0.22 0.00 0.00 0.00 0.00 0.00 0.00 0.44 0.07 0.00 0.00 0.00 0.00 0.00 1.02 0.00 0.00 0.00 0.00 0.00 1.20 1.76 5.11 7.78 7.05 7.39 7.51 0.00 0.00 0.00 0.00 0.00 0.00 5.74 6.88 8.39 10.26 9.66 10.83 15.32 11.54 11.79 8.41 5.17 4.16 2.29 1.69 1.20 1.98 2.51 2.07 0.74 0.00 4.43 0.00 8.46 10.21
0.00 0.00 0.00 0.00 0.00 0.00 0.00 0.00 7.23 0.00 2.34 4.89 3.80 7.30 8.69 6.16 6.86 6.05 5.64 4.23 2.19 0.00 0.51 0.00 0.00 0.00 0.00 0.88 0.37 0.00 0.00 0.00 0.00 0.00 0.00 0.00 0.22 0.00 0.00 0.00 0.51 2.48 0.80 0.80 0.00 0.44 0.00 0.00 6.49 9.03 5.40 6.01 5.53 0.00 0.00 0.00 0.00 0.00 0.00 0.00 0.00 0.00 6.66 7.82 9.26 11.62 12.82 11.71 14.31 10.24 4.83 4.17 3.15 3.09 2.11 3.31 3.67 3.65 2.01 0.00 0.00 0.00 0.00 0.00
0.00 0.00 0.00 0.00 0.00 0.00 0.00 0.00 0.00 0.00 0.00 0.00 0.00 0.00 0.00 0.00 0.00 6.42 6.52 3.29 4.96 2.48 4.38 3.80 3.87 3.65 2.48 4.23 1.97 0.00 3.58 2.63 3.94 0.07 0.00 3.94 5.04 8.03 8.10 6.90 5.49 5.01 5.04 5.04 8.10 5.77 2.41 2.27 2.60 3.09 0.00 0.00 0.00 0.00 0.00 0.00 0.00 0.00 0.00 0.00 0.00 0.00 0.00 4.47 6.88 10.16 5.04 3.96 4.43 8.51 7.61 3.35 4.42 4.13 0.00 5.47 4.08 0.00 0.00 0.00 0.00 0.00 0.00 0.00
0.00 0.00 0.00 0.00 0.00 0.00 0.00 0.00 0.00 0.00 0.00 0.00 0.00 0.00 0.00 0.00 0.00 0.00 0.00 3.65 0.00 3.56 5.33 3.50 4.45 5.28 3.82 6.42 4.74 3.87 5.48 5.11 5.69 1.68 1.61 6.94 6.86 9.78 7.74 7.88 2.85 7.00 6.86 7.67 8.32 10.37 3.94 3.59 5.28 2.59 0.00 0.00 0.00 0.00 0.00 0.00 0.00 0.00 0.00 0.00 0.00 0.00 0.00 0.00 0.00 4.68 0.00 0.00 0.00 0.00 0.00 4.19 4.28 0.00 0.00 0.00 4.81 0.00 0.00 0.00 0.00 0.00 0.00 0.00
0.00 0.00 0.00 0.00 0.00 0.00 0.00 0.00 0.00 0.00 0.00 0.00 0.00 0.00 0.00 0.00 0.00 0.00 0.00 0.00 0.00 2.56 3.94 1.53 2.92 4.99 0.00 3.58 5.77 5.33 4.23 5.55 5.04 4.02 3.29 4.01 6.72 7.37 4.16 3.29 0.00 0.00 5.98 7.59 4.75 8.45 9.41 12.76 2.29 0.00 0.00 0.00 0.00 0.00 0.00 0.00 0.00 0.00 0.00 0.00 0.00 0.00 0.00 0.00 0.00 0.00 0.00 0.00 0.00 0.00 0.00 0.00 0.00 0.00 0.00 0.00 0.00 0.00 0.00 0.00 0.00 0.00 0.00 0.00
0.00 0.00 0.00 0.00 0.00 0.00 0.00 0.00 0.00 0.00 0.00 0.00 0.00 0.00 0.00 0.00 0.00 0.00 0.00 0.00 0.00 0.00 0.00 0.00 0.00 0.00 0.00 0.00 0.00 0.00 3.87 0.00 2.40 0.00 0.00 0.00 0.00 0.00 0.00 0.00 0.00 0.00 0.00 0.00 0.00 4.97 12.12 10.80 0.00 0.00 0.00 0.00 0.00 0.00 0.00 0.00 0.00 0.00 0.00 0.00 0.00 0.00 0.00 0.00 0.00 0.00 0.00 0.00 0.00 0.00 0.00 0.00 0.00 0.00 0.00 0.00 0.00 0.00 0.00 0.00 0.00 0.00 0.00 0.00
