Wansh/Snow_depth/snowdepth-1992/spring/1992094.txt
ncols 321
nrows 161
xllcenter 60
yllcenter 15 
cellsize  0.25 
NODATA_value -1
[rows 0 to 36 of 161, columns 168 to 251 of 321]
13.72 14.97 12.56 9.64 10.07 8.47 8.91 9.27 9.27 9.27 5.26 4.82 5.48 5.77 10.44 10.29 10.29 10.15 12.70 13.07 13.07 12.78 11.46 10.73 9.13 9.64 8.40 8.83 8.69 9.34 8.76 10.07 9.34 13.36 15.18 15.18 14.67 17.23 16.79 16.86 16.86 21.75 18.40 23.73 27.23 26.94 27.89 28.03 24.09 20.29 21.10 19.86 19.35 18.91 22.70 22.12 23.94 27.23 27.16 25.55 25.55 23.94 24.38 25.55 25.19 26.57 26.50 26.57 24.60 24.31 21.24 20.73 20.81 20.44 22.12 22.12 24.24 23.73 25.77 24.38 24.67 22.27 19.86 20.15
15.04 13.94 12.56 9.93 9.05 6.13 4.74 3.43 4.23 4.23 5.62 5.04 6.50 5.62 4.67 4.60 9.34 10.44 12.70 13.94 14.02 11.83 12.56 10.29 9.27 9.56 9.64 10.15 10.59 10.51 10.29 9.64 13.29 12.85 14.60 14.60 17.16 17.16 17.30 21.75 20.73 24.02 27.08 26.86 26.94 22.48 23.87 23.00 19.93 20.22 20.22 20.22 20.51 21.39 22.56 25.26 25.19 24.45 25.84 26.35 26.35 24.75 25.40 25.04 24.09 25.40 26.13 24.75 25.19 22.56 22.48 22.12 22.85 21.83 22.12 20.66 23.00 24.24 24.09 24.16 21.39 22.27 18.10 17.67
11.24 14.60 13.43 9.34 4.89 4.31 4.31 3.65 4.67 4.67 5.40 4.53 4.16 4.09 4.45 6.64 13.36 14.97 14.45 16.43 14.75 13.21 11.75 12.48 10.51 9.20 9.64 9.27 3.50 7.52 6.50 8.83 11.90 14.60 14.02 14.02 16.28 18.91 17.52 23.07 25.62 25.84 26.57 22.34 23.51 19.64 17.30 17.30 18.98 19.49 19.64 19.86 19.86 20.37 21.17 20.95 22.92 23.94 23.87 24.09 24.09 23.43 24.31 22.41 22.70 22.70 22.41 22.56 20.73 22.48 21.68 22.48 22.48 20.95 19.56 19.64 19.64 19.56 18.76 19.56 19.20 17.52 16.35 16.57
11.24 14.60 13.43 9.34 4.89 4.31 4.31 3.65 4.67 4.67 5.40 4.53 4.16 4.09 4.45 6.64 13.36 14.97 14.45 16.43 14.75 13.21 11.75 12.48 10.51 9.20 9.64 9.27 3.50 7.52 6.50 8.83 11.90 14.60 14.02 14.02 16.28 18.91 17.52 23.07 25.62 25.84 26.57 22.34 23.51 19.64 17.30 17.30 18.98 19.49 19.64 19.86 19.86 20.37 21.17 20.95 22.92 23.94 23.87 24.09 24.09 23.43 24.31 22.41 22.70 22.70 22.41 22.56 20.73 22.48 21.68 22.48 22.48 20.95 19.56 19.64 19.64 19.56 18.76 19.56 19.20 17.52 16.35 16.57
7.81 9.42 9.56 7.08 3.43 4.23 3.14 0.00 3.94 3.94 0.00 3.87 6.86 6.50 6.57 10.59 12.12 14.45 12.99 15.77 14.09 13.21 11.68 10.07 10.66 5.84 0.00 0.00 0.00 4.74 10.29 10.15 10.44 11.83 14.31 14.31 13.36 18.18 21.10 20.73 23.58 21.02 21.02 21.53 18.61 19.20 17.08 18.76 18.32 20.51 20.59 20.66 23.58 21.53 21.61 21.90 21.75 22.41 23.29 23.07 23.07 22.63 21.97 21.75 21.68 22.12 20.44 19.42 19.56 18.98 19.05 18.32 17.59 16.79 16.79 15.99 17.96 18.18 18.25 18.32 19.20 19.05 17.67 18.61
7.52 5.40 4.23 0.00 0.00 0.00 3.65 4.74 4.60 4.60 7.30 6.94 8.61 8.54 9.05 7.15 11.53 11.02 12.92 12.26 12.41 12.26 9.71 5.40 0.00 0.00 0.00 6.57 10.95 9.78 11.53 10.00 11.46 10.73 15.48 15.48 18.83 18.54 19.35 17.30 18.25 19.20 18.25 18.54 20.08 19.27 19.56 18.61 19.93 19.71 22.12 25.77 25.26 25.55 23.21 22.63 21.46 21.83 19.27 20.08 20.08 21.39 22.34 21.61 22.19 17.52 15.48 15.48 15.26 16.35 16.94 17.16 17.30 16.13 16.21 16.13 15.48 17.23 16.79 18.61 18.40 18.47 18.91 18.47
13.36 5.48 3.72 0.29 0.00 0.00 0.00 3.29 8.10 8.10 8.47 8.61 9.05 9.05 13.58 13.87 12.85 10.80 11.24 10.88 9.13 5.99 7.01 4.09 0.00 0.00 7.30 5.69 11.97 12.70 12.05 11.61 15.11 18.83 17.81 17.81 20.81 18.54 19.42 16.28 9.64 10.44 15.70 16.50 15.26 20.08 19.49 19.20 21.75 26.13 25.62 27.59 25.11 25.40 21.46 16.57 16.94 18.83 18.83 19.93 19.93 22.27 21.61 23.14 17.37 18.47 15.18 14.82 14.60 14.53 13.87 13.94 12.78 11.90 11.90 11.10 11.32 14.31 12.85 15.28 15.82 19.30 20.31 21.99
13.36 5.48 3.72 0.29 0.00 0.00 0.00 3.29 8.10 8.10 8.47 8.61 9.05 9.05 13.58 13.87 12.85 10.80 11.24 10.88 9.13 5.99 7.01 4.09 0.00 0.00 7.30 5.69 11.97 12.70 12.05 11.61 15.11 18.83 17.81 17.81 20.81 18.54 19.42 16.28 9.64 10.44 15.70 16.50 15.26 20.08 19.49 19.20 21.75 26.13 25.62 27.59 25.11 25.40 21.46 16.57 16.94 18.83 18.83 19.93 19.93 22.27 21.61 23.14 17.37 18.47 15.18 14.82 14.60 14.53 13.87 13.94 12.78 11.90 11.90 12.83 15.61 20.59 17.60 25.97 26.12 25.69 26.14 22.81
11.24 9.64 7.52 5.48 1.75 1.31 3.21 2.26 6.28 6.28 4.09 4.82 5.55 6.28 8.18 10.07 11.53 10.95 11.24 10.44 7.45 0.00 0.00 0.00 0.00 4.31 10.66 11.90 11.75 12.56 12.34 15.18 14.60 18.69 17.59 17.59 16.86 14.67 5.91 7.01 7.59 9.86 8.54 14.38 15.84 17.16 19.27 25.84 24.02 27.67 28.03 28.11 21.90 14.45 20.08 15.26 15.48 15.04 15.84 21.10 21.10 20.66 22.48 22.48 19.86 17.52 17.89 14.67 13.65 15.11 13.21 12.26 12.34 11.89 13.94 16.72 17.23 16.92 14.03 21.08 22.32 18.18 20.19 19.91
9.49 7.88 9.34 7.81 4.89 6.64 4.38 2.26 1.39 1.39 2.12 2.41 2.19 4.60 5.62 10.59 10.22 8.03 0.00 0.00 0.00 0.00 4.09 9.42 10.80 10.66 11.24 11.83 11.17 11.17 12.26 11.10 12.63 12.12 11.46 11.46 5.18 5.40 5.18 9.49 12.12 10.66 13.87 12.78 14.24 12.92 11.39 22.78 23.73 22.34 19.93 19.42 21.02 13.36 10.95 11.32 13.80 14.24 14.38 11.97 11.97 13.14 12.48 19.13 16.72 17.16 14.38 12.63 12.70 12.41 11.53 11.90 10.99 12.36 13.91 14.49 16.72 17.77 21.20 19.43 17.77 17.05 20.83 20.50
8.76 8.18 9.64 8.40 7.52 8.25 6.28 2.99 2.85 2.85 1.61 0.00 2.41 4.53 5.84 6.79 6.72 5.91 0.00 0.00 5.69 7.88 7.23 9.27 11.10 8.25 7.74 8.32 9.78 5.11 7.23 7.15 6.35 3.80 3.65 3.65 4.67 11.10 14.09 14.09 19.27 14.09 15.26 8.54 10.29 9.93 10.88 10.95 17.37 15.55 12.41 12.12 12.70 12.85 9.93 5.91 6.35 5.99 9.05 9.49 9.49 9.05 8.76 8.76 8.61 10.29 11.68 11.83 12.05 11.90 11.02 9.34 9.81 8.75 8.50 10.72 17.80 18.69 15.92 18.51 18.59 20.76 18.63 17.99
8.76 8.18 9.64 8.40 7.52 8.25 6.28 2.99 2.85 2.85 1.61 0.00 2.41 4.53 5.84 6.79 6.72 5.91 0.00 0.00 5.69 7.88 7.23 9.27 11.10 8.25 7.74 8.32 9.78 5.11 7.23 7.15 6.35 3.80 3.65 3.65 4.67 11.10 14.09 14.09 19.27 14.09 15.26 8.54 10.29 9.93 10.88 10.95 17.37 15.55 12.41 12.12 12.70 12.85 9.93 5.91 6.35 5.99 9.05 9.49 9.49 9.05 8.76 8.76 8.61 10.29 11.68 11.83 12.05 11.90 11.02 9.34 9.56 8.61 8.25 9.95 15.87 17.30 16.98 19.21 18.59 20.31 20.46 19.24
13.87 13.65 9.34 7.96 8.10 6.06 0.00 0.00 0.00 0.00 0.00 7.96 0.00 7.45 6.86 7.01 7.01 0.00 5.11 3.80 5.33 6.57 3.07 5.33 4.82 4.02 3.87 2.99 2.04 2.70 2.92 1.53 1.24 3.29 8.25 8.25 6.50 14.16 15.91 17.59 18.61 8.98 7.45 8.03 4.09 5.99 5.62 7.81 5.33 11.61 9.93 6.64 5.99 2.56 3.72 4.31 3.72 3.21 4.96 4.67 4.67 5.91 7.15 7.52 7.15 9.78 10.37 10.22 10.59 9.56 8.98 9.27 9.34 8.32 8.69 10.83 15.17 13.54 16.94 19.83 17.44 21.79 20.33 21.67
13.72 14.38 8.54 7.08 7.45 5.84 6.86 14.16 15.99 15.99 15.40 15.18 14.09 7.08 10.66 8.47 6.06 4.38 4.16 3.94 5.04 1.83 1.39 1.83 1.10 2.70 1.46 1.97 3.14 2.19 2.48 1.75 5.55 4.89 7.52 7.52 9.86 13.36 13.94 9.20 7.37 8.10 4.38 3.80 3.80 3.72 1.97 4.96 2.92 1.46 1.53 2.99 1.46 1.75 0.00 0.80 1.46 4.82 4.82 4.89 4.89 5.04 5.84 5.26 7.45 7.88 9.86 10.66 10.80 9.27 9.13 8.69 8.47 10.39 12.70 14.03 12.43 17.07 17.07 16.52 20.42 19.59 18.20 22.25
14.53 13.65 12.85 13.51 9.93 9.64 13.87 14.82 17.08 17.08 11.97 14.45 16.28 15.62 15.33 7.23 5.77 3.80 1.17 0.44 0.00 0.00 0.80 0.88 2.48 2.56 2.70 2.77 3.36 3.43 3.21 4.67 5.48 7.88 8.10 8.10 8.18 8.69 8.83 8.76 6.13 4.23 4.67 4.45 2.85 2.99 2.19 0.00 1.31 0.00 0.00 0.00 0.07 0.00 0.00 0.00 1.17 0.66 3.36 5.11 5.11 5.11 5.91 6.64 6.79 6.20 7.01 6.50 5.04 3.50 5.26 5.26 8.16 13.49 13.65 17.03 19.65 18.60 18.78 18.81 19.89 19.15 20.32 17.28
15.18 16.35 9.34 12.85 13.07 13.65 13.43 13.87 8.03 8.03 9.93 11.39 11.97 8.32 6.13 2.99 1.02 1.53 0.00 0.00 0.00 0.00 0.66 0.51 1.61 1.75 2.85 2.63 3.07 6.28 7.23 6.35 9.56 7.96 8.69 8.69 7.23 9.64 7.45 5.48 6.13 8.25 6.06 5.48 5.84 2.41 3.14 0.00 0.00 0.00 0.00 0.00 0.00 0.00 0.00 0.00 0.00 1.83 1.10 2.56 2.56 2.26 2.26 4.02 4.09 3.87 4.45 3.29 4.02 0.95 3.07 6.55 6.85 12.46 16.15 13.80 18.94 18.97 15.93 19.86 19.63 20.44 17.34 17.40
15.18 16.35 9.34 12.85 13.07 13.65 13.43 13.87 8.03 8.03 9.93 11.39 11.97 8.32 6.13 2.99 1.02 1.53 0.00 0.00 0.00 0.00 0.66 0.51 1.61 1.75 2.85 2.63 3.07 6.28 7.23 6.35 9.56 7.96 8.69 8.69 7.23 9.64 7.45 5.48 6.13 8.25 6.06 5.48 5.84 2.41 3.14 0.00 0.00 0.00 0.00 0.00 0.00 0.00 0.00 0.00 0.00 1.83 1.10 2.56 2.56 2.26 2.26 4.02 4.09 3.87 4.45 3.29 4.02 0.95 3.07 8.04 6.42 13.54 14.50 17.07 19.22 20.97 16.24 17.91 18.98 17.58 18.86 19.76
7.15 5.48 6.57 7.74 7.81 3.29 3.87 5.40 4.96 4.96 9.20 0.00 7.37 0.00 0.00 0.00 0.00 0.00 0.00 0.00 0.00 0.00 0.00 1.68 2.12 1.75 3.50 5.62 7.23 6.72 7.74 9.42 9.13 8.83 9.42 9.42 10.59 10.51 8.32 6.35 9.86 9.34 10.15 6.35 7.37 1.02 0.37 0.44 0.00 0.00 0.00 0.00 0.00 0.00 0.00 0.00 0.00 0.51 1.46 1.53 1.53 0.80 0.88 0.51 0.44 0.15 0.00 0.00 0.00 0.00 0.00 1.13 3.29 6.15 6.27 9.65 10.28 10.97 13.11 20.29 14.30 13.20 14.39 11.79
4.60 3.65 6.64 5.84 5.69 3.87 0.00 0.00 0.00 0.00 0.00 0.00 2.19 2.04 0.00 0.00 0.00 0.00 0.00 0.00 0.00 0.00 0.15 2.26 4.45 4.82 5.04 5.11 4.16 6.42 5.77 7.74 8.25 9.34 8.98 8.98 9.64 9.20 9.42 9.56 10.51 10.07 10.07 2.48 0.51 0.88 0.00 0.00 0.00 0.00 0.00 0.00 0.00 0.00 0.00 0.00 0.00 0.00 0.00 0.00 0.00 0.00 0.00 0.00 0.00 0.00 0.00 0.00 0.00 0.00 0.00 1.11 0.82 3.18 4.72 4.65 6.62 7.30 9.17 15.23 13.11 12.94 10.44 6.07
3.14 0.00 3.94 0.00 3.87 3.65 4.23 0.00 0.00 0.00 0.00 0.00 0.00 0.00 0.00 0.00 0.00 0.00 0.00 0.00 0.00 1.39 0.95 2.56 3.14 4.09 3.21 4.38 4.31 5.26 9.34 8.54 9.71 10.00 9.05 9.05 9.20 10.29 9.49 9.56 7.37 7.30 1.53 2.26 0.00 0.00 0.00 0.00 0.00 0.00 0.00 0.00 0.00 0.00 0.00 0.00 0.00 0.00 0.00 0.00 0.00 0.00 0.00 0.00 0.00 0.00 0.00 0.00 0.00 0.00 0.00 0.00 0.00 0.29 0.00 3.35 6.37 8.87 9.97 7.98 7.69 4.12 3.97 4.31
0.00 0.00 0.00 0.00 0.00 0.00 0.00 0.00 0.00 0.00 0.00 0.00 0.00 0.00 0.00 0.00 0.00 0.00 0.00 0.00 0.00 0.00 1.31 0.00 2.19 3.14 5.04 5.40 5.48 5.62 10.59 11.83 10.00 10.88 10.22 10.22 10.73 10.51 4.45 4.45 1.53 1.02 1.17 0.00 0.00 0.00 0.00 0.00 0.00 0.00 0.00 0.00 0.00 0.00 0.00 0.00 0.00 0.00 0.00 0.00 0.00 0.00 0.00 0.00 0.00 0.00 0.00 0.00 0.00 0.00 0.00 0.00 0.00 0.37 2.50 1.76 6.24 2.84 5.73 6.42 7.48 5.25 2.30 1.08
0.00 0.00 0.00 0.00 0.00 0.00 0.00 0.00 0.00 0.00 0.00 0.00 0.00 0.00 0.00 0.00 0.00 0.00 0.00 0.00 0.00 0.00 0.00 4.31 4.74 4.45 5.26 5.11 7.37 6.50 11.10 12.05 10.07 9.93 9.93 9.93 3.14 2.04 2.26 1.61 0.00 0.00 0.00 0.00 0.00 0.00 0.00 0.00 0.00 0.00 0.00 0.00 0.00 0.00 0.00 0.00 0.00 0.00 0.00 0.00 0.00 0.00 0.00 0.00 0.00 0.00 0.00 0.00 0.00 0.00 0.00 0.00 0.00 0.00 0.00 0.47 2.50 4.08 4.36 5.65 3.21 1.53 0.71 0.00
0.00 0.00 0.00 0.00 0.00 0.00 0.00 0.00 0.00 0.00 0.00 0.00 0.00 0.00 0.00 0.00 0.00 0.00 0.00 0.00 0.00 0.00 0.00 4.31 4.74 4.45 5.26 5.11 7.37 6.50 11.10 12.05 10.07 9.93 9.93 9.93 3.14 2.04 2.26 1.61 0.00 0.00 0.00 0.00 0.00 0.00 0.00 0.00 0.00 0.00 0.00 0.00 0.00 0.00 0.00 0.00 0.00 0.00 0.00 0.00 0.00 0.00 0.00 0.00 0.00 0.00 0.00 0.00 0.00 0.00 0.00 0.00 0.00 0.00 0.00 0.47 1.94 3.59 3.65 6.58 3.93 1.56 0.56 0.00
0.00 0.00 0.00 0.00 0.00 0.00 0.00 0.00 0.00 0.00 0.00 0.00 0.00 0.00 0.00 0.00 0.00 0.00 0.00 2.41 0.00 4.23 4.02 5.91 7.08 6.57 6.42 5.91 12.05 10.15 10.80 11.46 4.60 5.26 0.15 0.15 0.22 0.00 0.00 0.00 0.00 0.00 0.00 0.00 0.00 0.00 0.00 0.00 0.00 0.00 0.00 0.00 0.00 0.00 0.00 0.00 0.00 0.00 0.00 0.00 0.00 0.00 0.00 0.00 0.00 0.00 0.00 0.00 0.00 0.00 0.00 0.00 0.00 0.00 0.00 0.00 1.38 1.29 4.30 3.40 0.00 0.00 0.00 0.00
0.00 0.00 0.00 0.00 0.00 0.00 0.00 0.00 0.00 0.00 0.00 0.00 0.00 0.00 0.00 0.00 0.00 0.00 0.00 2.26 3.65 5.69 5.18 6.50 8.10 7.08 10.29 12.05 12.05 9.05 3.14 1.75 2.70 0.00 0.00 0.00 0.00 0.00 0.00 0.00 0.00 0.00 0.00 0.00 0.00 0.00 0.00 0.00 0.00 0.00 0.00 0.00 0.00 0.00 0.00 0.00 0.00 0.00 0.00 0.00 0.00 0.00 0.00 0.00 0.00 0.00 0.00 0.00 0.00 0.00 0.00 0.00 0.00 0.00 0.00 0.00 1.35 3.27 2.67 0.00 0.00 0.00 0.00 0.00
0.00 0.00 0.00 0.00 0.00 0.00 0.00 0.00 0.00 0.00 0.00 0.00 0.00 0.00 0.00 0.00 0.00 0.00 0.00 0.00 3.36 6.35 8.91 8.54 8.98 7.88 8.76 10.15 4.89 5.04 2.77 0.00 0.00 0.00 0.00 0.00 0.00 0.00 0.00 0.00 0.00 0.00 0.00 0.00 0.00 0.00 0.00 0.00 0.00 0.00 0.00 0.00 0.00 0.00 0.00 0.00 0.00 0.00 0.00 0.00 0.00 0.00 0.00 0.00 0.00 0.00 0.00 0.00 0.00 0.00 0.00 0.00 0.00 0.00 0.00 4.95 2.77 3.31 1.84 0.00 0.00 0.00 0.00 0.00
0.00 0.00 0.00 0.00 0.00 0.00 0.00 0.00 0.00 0.00 0.00 0.00 0.00 0.00 0.00 0.00 0.00 0.00 0.00 0.00 7.23 5.77 9.13 9.93 7.23 5.84 7.01 1.39 1.75 0.00 0.00 0.00 0.00 0.00 0.00 0.00 0.00 0.00 0.00 0.00 0.00 0.00 0.00 0.00 0.00 0.00 0.00 0.00 0.00 0.00 0.00 0.00 0.00 0.00 0.00 0.00 0.00 0.00 0.00 0.00 0.00 0.00 0.00 0.00 0.00 0.00 0.00 0.00 0.00 0.00 0.00 0.00 0.00 3.13 4.00 4.09 4.05 0.00 0.00 0.00 0.00 0.00 0.00 0.00
0.00 0.00 0.00 0.00 0.00 0.00 0.00 0.00 0.00 0.00 0.00 0.00 0.00 0.00 0.00 0.00 0.00 0.00 0.00 0.66 4.16 3.29 7.59 1.97 2.19 1.10 0.00 0.00 0.00 0.00 0.00 0.00 0.00 0.00 0.00 0.00 0.00 0.00 0.00 0.00 0.00 0.00 0.00 0.00 0.00 0.00 0.00 0.00 0.00 0.00 0.00 0.00 0.00 0.00 0.00 0.00 0.00 0.00 0.00 0.00 0.00 0.00 0.00 0.00 0.00 0.00 0.00 0.00 0.00 0.00 0.00 0.00 0.00 0.00 4.67 4.17 0.00 0.00 0.00 0.00 0.00 0.00 0.00 0.00
0.00 0.00 0.00 0.00 0.00 0.00 0.00 0.00 0.00 0.00 0.00 0.00 0.00 0.00 0.00 0.00 0.00 0.00 0.00 0.66 4.16 3.29 7.59 1.97 2.19 1.10 0.00 0.00 0.00 0.00 0.00 0.00 0.00 0.00 0.00 0.00 0.00 0.00 0.00 0.00 0.00 0.00 0.00 0.00 0.00 0.00 0.00 0.00 0.00 0.00 0.00 0.00 0.00 0.00 0.00 0.00 0.00 0.00 0.00 0.00 0.00 0.00 0.00 0.00 0.00 0.00 0.00 0.00 0.00 0.00 0.00 0.00 0.00 0.00 4.99 4.87 0.00 0.00 0.00 0.00 0.00 0.00 0.00 0.00
0.00 0.00 0.00 0.00 0.00 0.00 0.00 0.00 0.00 0.00 0.00 0.00 0.00 0.00 0.00 0.00 0.00 0.00 0.00 0.00 0.07 0.00 0.00 0.00 0.00 0.00 0.00 0.00 0.00 0.00 0.00 0.00 0.00 0.00 0.00 0.00 0.00 0.00 0.00 0.00 0.00 0.00 0.00 0.00 0.00 0.00 0.00 0.00 0.00 0.00 0.00 0.00 0.00 0.00 0.00 0.00 0.00 0.00 0.00 0.00 0.00 0.00 0.00 0.00 0.00 0.00 0.00 0.00 0.00 0.00 0.00 0.00 6.12 6.71 5.17 7.43 0.00 0.00 0.00 0.00 0.00 0.00 0.00 0.00
0.00 0.00 0.00 0.00 0.00 0.00 0.00 0.00 0.00 0.00 0.00 0.00 0.00 0.00 0.00 0.00 0.00 0.00 0.00 0.00 0.00 0.00 0.00 0.00 0.00 0.00 0.00 0.00 0.00 0.00 0.00 0.00 0.00 0.00 0.00 0.00 0.00 0.00 0.00 0.00 0.00 0.00 0.00 0.00 0.00 0.00 0.00 0.00 0.00 0.00 0.00 0.00 0.00 0.00 0.00 0.00 0.00 0.00 0.00 0.00 0.00 0.00 0.00 0.00 0.00 0.00 0.00 0.00 0.00 0.00 0.00 4.82 4.38 9.03 5.02 0.00 0.00 0.00 0.00 0.00 0.00 0.00 0.00 0.00
7.08 4.31 0.00 0.00 0.00 0.00 0.00 0.00 0.00 0.00 0.00 0.00 0.00 0.00 0.00 0.00 0.00 0.00 0.00 0.00 0.00 0.00 0.00 0.00 0.00 0.00 0.00 0.00 0.00 0.00 0.00 0.00 0.00 0.00 0.00 0.00 0.00 0.00 0.00 0.00 0.00 0.00 0.00 0.00 0.00 0.00 0.00 0.00 0.00 0.00 0.00 0.00 0.00 0.00 0.00 0.00 0.00 0.00 0.00 0.00 0.00 0.00 0.00 0.00 0.00 0.00 0.00 0.00 0.00 0.00 0.00 4.89 7.25 0.00 0.00 0.00 0.00 0.00 0.00 0.00 0.00 0.00 0.00 0.00
5.84 4.82 3.29 6.57 3.29 4.45 0.00 0.00 0.00 0.00 0.00 0.00 0.00 0.00 0.00 0.00 0.00 0.00 0.00 0.00 0.00 0.00 0.00 0.00 0.00 0.00 0.00 0.00 0.00 0.00 0.00 0.00 0.00 0.00 0.00 0.00 0.00 0.00 0.00 0.00 0.00 0.00 0.00 0.00 0.00 0.00 0.00 0.00 0.00 0.00 0.00 0.00 0.00 0.00 0.00 0.00 0.00 0.00 0.00 0.00 0.00 0.00 0.00 0.00 0.00 0.00 0.00 0.00 0.00 0.00 0.00 4.20 5.05 0.00 0.00 0.00 0.00 0.00 0.00 0.00 0.00 0.00 0.00 0.00
4.96 4.74 4.96 6.64 4.60 0.00 0.29 0.00 0.00 0.00 0.00 0.00 0.00 0.00 0.00 0.00 0.00 0.00 0.00 0.00 0.00 0.00 0.00 0.00 0.00 0.00 0.00 0.00 0.00 0.00 0.00 0.00 0.00 0.00 0.00 0.00 0.00 0.00 0.00 0.00 0.00 0.00 0.00 0.00 0.00 0.00 0.00 0.00 0.00 0.00 0.00 0.00 0.00 0.00 0.00 0.00 0.00 0.00 0.00 0.00 0.00 0.00 0.00 0.00 0.00 0.00 0.00 0.00 0.00 0.00 0.00 0.00 0.00 0.00 0.00 0.00 0.00 0.00 0.00 0.00 0.00 0.00 0.00 0.00
2.34 2.34 1.97 3.80 0.00 0.00 0.00 0.66 0.00 0.00 0.00 0.00 0.00 0.00 0.00 0.00 0.00 0.00 0.00 0.00 0.00 0.00 0.00 0.00 0.00 0.00 0.00 0.00 0.00 0.00 0.00 0.00 0.00 0.00 0.00 0.00 0.00 0.00 0.00 0.00 0.00 0.00 0.00 0.00 0.00 0.00 0.00 0.00 0.00 0.00 0.00 0.00 0.00 0.00 0.00 0.00 0.00 0.00 0.00 0.00 0.00 0.00 0.00 0.00 0.00 0.00 0.00 0.00 0.00 0.00 0.00 0.00 0.00 0.00 0.00 0.00 0.00 0.00 0.00 0.00 0.00 0.00 0.00 0.00
2.34 2.34 1.97 3.80 0.00 0.00 0.00 0.66 0.00 0.00 0.00 0.00 0.00 0.00 0.00 0.00 0.00 0.00 0.00 0.00 0.00 0.00 0.00 0.00 0.00 0.00 0.00 0.00 0.00 0.00 0.00 0.00 0.00 0.00 0.00 0.00 0.00 0.00 0.00 0.00 0.00 0.00 0.00 0.00 0.00 0.00 0.00 0.00 0.00 0.00 0.00 0.00 0.00 0.00 0.00 0.00 0.00 0.00 0.00 0.00 0.00 0.00 0.00 0.00 0.00 0.00 0.00 0.00 0.00 0.00 0.00 0.00 0.00 0.00 0.00 0.00 0.00 0.00 0.00 0.00 0.00 0.00 0.00 0.00
0.44 1.02 0.58 0.00 0.00 0.00 0.00 0.00 0.00 0.00 0.00 0.00 0.00 0.00 0.00 0.00 0.00 0.00 0.00 0.00 0.00 0.00 0.00 0.00 0.00 0.00 0.00 0.00 0.00 0.00 0.00 0.00 0.00 0.00 0.00 0.00 0.00 0.00 0.00 0.00 0.00 0.00 0.00 0.00 0.00 0.00 0.00 0.00 0.00 0.00 0.00 0.00 0.00 0.00 0.00 0.00 0.00 0.00 0.00 0.00 0.00 0.00 0.00 0.00 0.00 0.00 0.00 0.00 0.00 0.00 0.00 0.00 0.00 0.00 0.00 0.00 0.00 0.00 0.00 0.00 0.00 0.00 0.00 0.00
