Wansh/Snow_depth/snowdepth-1992/spring/1992080.txt
ncols 321
nrows 161
xllcenter 60
yllcenter 15 
cellsize  0.25 
NODATA_value -1
[rows 0 to 36 of 161, columns 84 to 167 of 321]
25.48 25.62 24.67 23.65 22.34 22.78 16.21 16.21 16.21 16.43 16.94 16.72 19.27 21.83 24.02 23.07 21.75 22.78 22.78 15.11 15.11 13.58 13.58 12.48 12.41 6.64 4.23 5.40 3.36 5.48 4.89 9.78 8.18 13.14 14.97 15.55 10.80 12.34 11.68 15.18 7.88 11.39 11.61 11.61 12.56 7.74 8.54 6.57 7.81 7.81 11.97 11.90 9.49 12.78 13.43 11.53 9.71 14.02 9.93 10.37 8.18 5.48 5.55 5.18 6.28 6.20 6.06 5.77 5.77 9.49 13.29 12.70 15.18 15.55 14.31 14.67 14.45 18.03 17.37 19.64 17.30 17.59 16.06 16.21
23.58 24.24 23.94 22.48 21.90 20.37 21.02 18.83 17.96 17.23 16.57 16.21 15.55 15.84 14.53 16.35 13.43 18.83 18.83 17.08 21.24 21.83 17.89 21.24 15.18 9.42 4.23 5.11 2.92 3.65 4.45 7.23 8.91 7.59 7.45 6.79 7.66 6.28 6.35 8.98 7.30 17.01 16.79 16.79 15.91 12.05 10.66 12.99 6.20 5.99 6.28 6.50 5.91 5.55 5.62 8.54 8.83 10.80 10.51 10.59 10.37 12.70 13.43 7.74 8.91 10.15 11.39 15.11 15.11 10.22 13.21 14.24 14.02 16.79 20.08 20.08 23.65 19.27 19.27 18.32 18.69 17.23 17.59 17.01
20.51 20.88 19.35 19.78 20.08 17.67 20.73 20.08 20.37 21.32 21.10 18.54 15.40 15.91 12.92 12.34 11.46 14.31 14.31 14.67 12.41 20.44 18.32 17.23 14.45 15.55 11.68 5.18 3.14 4.16 4.23 4.02 5.99 7.01 7.01 9.71 10.00 9.93 8.47 17.37 17.08 17.23 14.75 14.75 18.03 17.52 17.16 14.89 15.91 6.64 5.11 6.72 3.87 4.74 4.53 5.26 7.66 10.44 11.24 11.24 14.53 15.62 15.55 16.72 16.94 14.60 17.23 16.64 16.64 18.18 17.23 17.23 15.91 15.26 20.59 24.82 24.09 25.40 25.92 22.70 21.75 21.90 20.81 20.00
20.51 20.88 19.35 19.78 20.08 17.67 20.73 20.08 20.37 21.32 21.10 18.54 15.40 15.91 12.92 12.34 11.46 14.31 14.31 14.67 12.41 20.44 18.32 17.23 14.45 15.55 11.68 5.18 3.14 4.16 4.23 4.02 5.99 7.01 7.01 9.71 10.00 9.93 8.47 17.37 17.08 17.23 14.75 14.75 18.03 17.52 17.16 14.89 15.91 6.64 5.11 6.72 3.87 4.74 4.53 5.26 7.66 10.44 11.24 11.24 14.53 15.62 15.55 16.72 16.94 14.60 17.23 16.64 16.64 18.18 17.23 17.23 15.91 15.26 20.59 24.82 24.09 25.40 25.92 22.70 21.75 21.90 20.81 20.00
19.86 15.84 15.91 15.91 15.99 17.01 19.05 22.05 19.71 21.97 20.22 17.16 17.30 14.75 12.99 13.07 10.66 13.07 13.07 9.78 10.15 11.75 14.31 16.13 16.57 14.38 10.29 5.99 7.74 3.14 2.99 4.89 4.45 8.03 12.85 11.97 14.09 16.86 17.81 17.96 15.04 13.21 13.51 13.51 13.21 19.20 17.45 18.69 16.43 18.40 9.20 6.06 6.50 4.53 4.09 4.09 4.67 4.60 9.42 12.12 11.02 14.89 18.18 18.18 20.37 20.08 20.95 18.10 18.10 18.98 18.03 17.59 17.59 17.67 17.81 17.81 19.13 24.60 23.51 21.83 22.27 20.88 20.95 20.22
17.37 17.96 16.50 17.45 17.30 14.53 15.55 13.72 14.75 14.89 15.99 15.99 16.94 17.52 17.89 16.79 17.37 15.77 15.77 18.83 9.42 11.10 11.68 11.32 11.83 13.21 10.95 7.59 5.91 6.06 4.89 5.26 5.04 6.57 9.20 13.07 12.48 16.13 15.91 15.70 16.21 13.43 12.56 12.56 12.26 15.33 19.20 17.30 19.71 12.78 14.60 5.91 4.60 4.60 4.60 4.96 4.67 7.59 7.15 10.59 13.80 13.43 18.10 21.90 20.73 21.75 18.69 19.49 19.49 16.94 17.01 18.40 20.44 18.61 17.01 16.35 16.43 15.99 15.91 16.94 19.13 18.10 21.39 21.83
18.83 18.10 18.10 18.32 17.01 15.99 17.01 14.82 13.87 17.59 17.74 16.79 16.13 16.57 17.30 18.61 21.24 20.81 20.81 21.17 18.69 15.04 11.46 10.66 10.95 10.80 7.88 6.57 5.84 6.35 5.04 6.35 7.23 8.91 8.40 11.90 17.08 16.06 16.21 14.38 13.07 13.72 12.34 12.34 15.91 14.53 18.83 18.03 17.67 13.51 7.08 7.66 5.91 4.31 4.23 6.06 7.88 7.23 11.17 10.95 13.43 18.10 17.08 21.17 21.53 20.81 21.53 18.10 18.10 18.40 19.27 18.83 20.73 21.17 20.95 20.81 17.96 15.48 14.97 15.70 15.55 20.29 19.86 20.95
18.83 18.10 18.10 18.32 17.01 15.99 17.01 14.82 13.87 17.59 17.74 16.79 16.13 16.57 17.30 18.61 21.24 20.81 20.81 21.17 18.69 15.04 11.46 10.66 10.95 10.80 7.88 6.57 5.84 6.35 5.04 6.35 7.23 8.91 8.40 11.90 17.08 16.06 16.21 14.38 13.07 13.72 12.34 12.34 15.91 14.53 18.83 18.03 17.67 13.51 7.08 7.66 5.91 4.31 4.23 6.06 7.88 7.23 11.17 10.95 13.43 18.10 17.08 21.17 21.53 20.81 21.53 18.10 18.10 18.40 19.27 18.83 20.73 21.17 20.95 20.81 17.96 15.48 14.97 15.70 15.55 20.29 19.86 20.95
17.67 17.16 17.74 18.25 18.18 18.25 18.69 18.10 17.16 17.52 17.16 13.87 12.70 13.80 17.67 16.50 21.10 20.22 20.22 20.59 20.59 18.40 16.13 13.21 8.69 7.45 8.03 6.64 7.08 6.94 6.94 6.94 6.86 8.54 13.87 12.12 17.52 15.84 13.21 14.31 9.78 11.10 9.86 9.86 13.80 10.66 10.29 13.72 8.40 8.18 7.08 7.74 7.52 10.29 7.23 6.79 9.27 10.51 10.51 12.99 15.11 14.02 15.70 19.05 19.35 20.66 20.73 18.32 18.32 17.89 18.83 20.37 20.08 20.81 21.17 21.46 19.27 18.98 18.83 18.32 14.60 15.18 14.45 17.30
15.48 16.72 16.50 17.59 18.25 17.81 18.40 17.45 16.21 13.43 12.63 13.21 12.34 12.56 14.53 16.86 18.47 18.18 18.18 21.10 17.81 16.13 17.45 13.36 8.40 7.08 7.30 7.08 7.37 7.30 5.26 5.84 5.77 7.81 9.56 13.80 13.36 15.11 10.80 8.76 9.42 6.86 6.50 6.50 6.50 7.30 6.13 6.64 7.45 9.93 9.49 13.29 12.05 12.12 12.78 10.15 10.07 11.24 12.92 12.99 13.14 14.24 14.16 14.97 17.37 16.79 17.96 18.18 18.18 18.61 18.98 19.20 20.37 21.10 21.53 19.64 21.17 20.44 21.02 19.78 17.89 13.65 14.75 13.80
14.97 16.35 16.28 16.57 16.57 16.28 16.43 17.16 13.21 13.36 13.29 15.55 14.97 15.70 15.91 17.08 21.46 22.19 22.19 17.30 18.91 18.03 12.19 8.32 9.64 7.74 6.79 6.13 5.18 5.48 4.38 5.69 6.28 7.81 7.59 11.02 11.68 10.59 10.95 9.93 7.96 8.25 7.81 7.81 8.61 9.64 7.01 8.10 7.66 10.37 14.38 13.36 20.29 14.67 15.40 14.24 17.23 12.78 15.04 15.33 15.70 14.31 15.04 14.97 17.16 19.05 18.83 20.22 20.22 22.34 20.88 20.81 20.73 22.56 21.02 21.53 20.66 22.48 22.34 21.39 17.52 16.13 16.06 14.60
14.97 16.35 16.28 16.57 16.57 16.28 16.43 17.16 13.21 13.36 13.29 15.55 14.97 15.70 15.91 17.08 21.46 22.19 22.19 17.30 18.91 18.03 12.19 8.32 9.64 7.74 6.79 6.13 5.18 5.48 4.38 5.69 6.28 7.81 7.59 11.02 11.68 10.59 10.95 9.93 7.96 8.25 7.81 7.81 8.61 9.64 7.01 8.10 7.66 10.37 14.38 13.36 20.29 14.67 15.40 14.24 17.23 12.78 15.04 15.33 15.70 14.31 15.04 14.97 17.16 19.05 18.83 20.22 20.22 22.34 20.88 20.81 20.73 22.56 21.02 21.53 20.66 22.48 22.34 21.39 17.52 16.13 16.06 14.60
14.09 15.91 16.28 16.13 16.43 15.70 13.07 15.33 13.29 14.09 16.57 17.01 18.54 19.42 21.46 21.61 21.75 23.73 23.73 20.59 23.29 15.99 12.63 9.20 8.25 6.79 7.23 5.99 5.18 6.64 6.20 6.35 7.59 12.85 11.46 12.19 13.51 16.64 12.92 12.05 12.41 13.43 14.16 14.16 10.95 10.07 10.51 9.27 12.78 13.51 17.30 21.53 21.68 19.78 16.35 16.21 18.47 21.32 20.88 17.23 15.84 16.21 15.84 17.52 16.13 18.32 20.08 19.71 19.71 23.36 25.04 25.33 25.99 25.55 23.58 24.67 22.27 22.12 21.46 18.03 19.49 19.42 17.23 17.01
15.55 16.35 14.89 14.60 14.16 14.67 15.48 16.79 17.74 18.91 18.25 18.25 20.88 20.73 22.85 21.90 21.83 20.88 20.88 19.49 21.90 16.79 14.31 11.46 8.83 7.37 8.61 7.96 7.74 8.69 11.10 18.61 15.70 16.79 16.57 21.10 20.44 18.98 16.86 15.40 15.91 14.09 15.04 15.04 15.40 12.99 16.50 17.37 15.62 19.42 19.13 21.10 21.10 20.66 24.38 20.95 20.22 22.19 17.45 18.91 15.18 16.43 15.91 18.25 19.20 19.20 19.78 21.46 21.46 22.56 25.99 26.21 26.28 25.77 24.38 24.53 21.46 15.77 10.44 14.24 17.08 16.43 16.50 16.50
16.72 16.35 16.64 14.82 14.67 14.60 14.67 15.40 19.13 16.35 17.81 18.69 17.59 20.59 17.96 21.17 22.41 21.17 21.17 18.54 17.08 14.02 15.11 11.97 9.93 10.95 10.15 10.73 10.59 10.95 17.16 20.08 20.73 20.51 20.88 20.66 17.45 16.94 16.94 16.64 18.40 18.40 18.54 18.54 20.08 20.29 20.37 18.76 18.83 19.64 21.10 20.66 20.81 26.13 28.18 27.45 27.08 24.67 20.44 10.73 11.10 9.27 11.10 15.18 16.72 19.05 18.69 20.51 20.51 21.83 23.43 23.07 21.24 18.47 21.90 20.66 12.41 14.45 6.42 8.61 11.83 16.28 15.91 18.47
15.62 15.70 15.40 14.75 14.89 14.45 14.89 8.91 9.20 11.97 12.85 14.38 12.92 15.77 14.67 19.05 16.28 19.93 19.93 17.74 16.21 14.60 12.56 12.41 12.19 11.97 12.19 13.72 15.48 18.32 17.52 20.29 18.83 19.05 18.76 19.20 17.37 18.10 17.81 18.61 20.15 18.69 18.32 18.32 19.35 15.48 15.77 16.13 15.70 15.26 18.54 18.40 17.81 17.81 26.57 24.75 25.11 17.74 10.73 11.24 8.76 10.88 10.29 12.70 15.11 16.21 20.00 21.46 21.46 21.17 23.00 20.44 21.75 17.96 19.05 18.69 13.87 0.00 5.91 0.00 15.77 15.70 15.62 18.47
15.62 15.70 15.40 14.75 14.89 14.45 14.89 8.91 9.20 11.97 12.85 14.38 12.92 15.77 14.67 19.05 16.28 19.93 19.93 17.74 16.21 14.60 12.56 12.41 12.19 11.97 12.19 13.72 15.48 18.32 17.52 20.29 18.83 19.05 18.76 19.20 17.37 18.10 17.81 18.61 20.15 18.69 18.32 18.32 19.35 15.48 15.77 16.13 15.70 15.26 18.54 18.40 17.81 17.81 26.57 24.75 25.11 17.74 10.73 11.24 8.76 10.88 10.29 12.70 15.11 16.21 20.00 21.46 21.46 21.17 23.00 20.44 21.75 17.96 19.05 18.69 13.87 0.00 5.91 0.00 15.77 15.70 15.62 18.47
14.45 14.53 15.40 15.62 15.55 11.61 7.88 7.01 7.23 6.86 6.57 7.37 9.78 13.51 15.18 15.55 15.48 17.45 17.45 11.83 12.12 10.73 10.07 11.02 12.19 13.29 14.02 13.65 14.75 16.57 17.01 18.25 18.10 20.88 18.25 16.72 16.64 15.70 17.01 14.75 14.45 15.77 14.97 14.97 14.89 14.67 15.70 15.18 15.18 14.75 14.75 15.99 16.50 19.93 19.35 22.34 17.59 19.13 14.09 17.59 16.57 14.38 14.53 14.89 15.99 18.61 18.61 21.61 21.61 26.06 23.00 20.95 17.30 17.67 18.25 14.02 15.70 6.20 1.61 6.06 9.34 8.61 10.88 13.72
15.99 15.99 15.62 16.64 16.21 15.18 12.92 13.14 7.23 7.37 8.76 7.66 9.93 13.29 15.33 16.21 13.65 14.53 14.53 12.92 11.24 12.26 10.07 10.66 10.29 13.21 15.70 16.94 17.52 17.37 18.25 19.71 22.19 21.90 19.86 17.08 14.02 14.82 9.34 11.68 10.22 10.37 15.55 15.55 18.83 15.62 17.16 15.33 15.84 14.24 14.45 15.04 15.70 20.08 23.51 23.14 26.13 18.40 18.54 21.02 23.73 24.02 24.09 17.30 17.30 18.83 21.83 20.95 20.95 26.43 22.70 15.91 17.37 12.05 8.76 9.34 4.38 1.68 2.99 1.97 6.64 9.42 8.76 10.51
14.09 14.38 15.62 15.04 16.50 16.35 16.64 14.97 11.53 9.71 11.75 10.15 11.10 11.24 13.07 11.68 14.97 15.40 15.40 15.55 15.62 12.85 11.90 11.17 10.66 13.58 16.13 17.52 16.79 13.94 13.94 17.30 20.37 14.89 15.40 16.79 7.96 7.15 7.01 8.54 8.25 6.64 13.80 13.80 19.35 19.13 19.27 16.43 20.00 18.83 17.59 21.10 25.19 24.82 24.45 28.18 27.89 28.25 25.40 24.31 26.06 25.84 26.43 23.07 22.34 22.92 22.12 27.45 27.45 21.24 23.36 13.07 9.42 9.42 7.08 3.72 4.16 2.19 3.21 2.04 3.80 5.18 5.77 7.81
12.78 12.05 13.43 13.36 15.40 15.70 14.89 14.53 16.57 16.43 16.13 13.58 20.88 14.16 12.63 12.26 11.68 12.78 12.78 12.34 12.26 13.07 12.78 14.09 15.26 16.64 15.99 16.57 15.62 10.22 11.46 7.88 7.66 11.02 7.15 5.91 6.28 4.38 2.85 2.70 4.82 10.37 16.57 16.57 15.84 15.26 13.07 18.69 20.00 22.41 24.67 24.31 27.45 27.89 27.74 29.49 28.62 29.27 23.87 22.85 22.63 26.86 24.82 25.40 24.24 23.51 23.29 22.78 22.78 16.35 6.57 8.18 2.85 2.26 1.75 1.97 0.44 0.37 1.02 0.73 2.04 3.65 3.07 5.40
13.14 12.85 13.14 13.14 13.07 13.58 14.09 16.86 20.73 19.71 21.02 25.55 25.55 24.02 17.81 20.88 22.34 15.04 15.04 18.61 15.70 13.51 15.48 14.67 17.52 22.27 20.73 18.54 19.27 13.72 10.07 6.72 6.79 8.32 4.89 3.07 1.53 1.46 2.63 4.45 3.65 8.32 5.48 5.48 11.32 11.68 8.40 6.13 15.84 17.67 12.48 12.34 23.51 24.97 25.33 23.29 27.16 22.12 23.14 20.15 20.51 21.53 21.53 24.31 26.43 25.26 22.12 17.52 17.52 18.91 9.64 4.82 3.21 3.21 2.48 0.80 1.10 0.00 0.15 0.00 0.80 0.44 0.66 2.04
13.14 12.85 13.14 13.14 13.07 13.58 14.09 16.86 20.73 19.71 21.02 25.55 25.55 24.02 17.81 20.88 22.34 15.04 15.04 18.61 15.70 13.51 15.48 14.67 17.52 22.27 20.73 18.54 19.27 13.72 10.07 6.72 6.79 8.32 4.89 3.07 1.53 1.46 2.63 4.45 3.65 8.32 5.48 5.48 11.32 11.68 8.40 6.13 15.84 17.67 12.48 12.34 23.51 24.97 25.33 23.29 27.16 22.12 23.14 20.15 20.51 21.53 21.53 24.31 26.43 25.26 22.12 17.52 17.52 18.91 9.64 4.82 3.21 3.21 2.48 0.80 1.10 0.00 0.15 0.00 0.80 0.44 0.66 2.04
8.83 9.27 14.38 14.60 13.36 12.92 14.75 18.61 23.43 25.84 27.45 28.32 27.89 25.19 25.62 23.00 20.44 19.93 19.93 20.00 18.18 19.49 19.13 19.78 22.27 21.68 21.17 20.00 14.89 15.48 11.61 7.45 4.45 3.36 4.02 1.02 1.39 1.02 0.58 2.99 2.77 2.77 3.36 3.36 1.10 3.58 3.94 1.68 1.97 6.86 7.23 4.82 5.11 15.91 15.55 12.41 10.59 8.40 9.93 14.67 17.16 18.32 21.53 19.20 25.04 23.36 24.53 19.35 19.35 20.51 21.32 12.92 14.89 8.83 3.94 5.04 1.02 0.66 0.00 0.00 0.00 0.29 0.00 0.29
10.29 12.12 11.02 11.17 11.32 13.21 24.31 23.73 26.28 26.50 27.16 24.02 22.48 22.19 22.41 19.42 22.70 18.32 18.32 21.02 20.15 19.93 22.85 22.72 22.01 21.86 21.09 15.91 14.75 15.70 9.13 10.66 5.40 4.82 1.10 1.17 1.39 1.31 2.70 1.46 1.90 1.68 1.24 1.24 1.31 0.00 0.37 0.29 0.95 0.00 0.00 0.00 1.31 1.17 6.86 5.11 4.96 5.04 6.50 13.80 15.04 16.86 17.08 22.05 20.95 22.34 19.13 19.05 19.05 18.47 21.46 17.08 18.47 11.53 4.53 1.17 1.61 0.80 0.00 0.29 0.00 0.00 0.00 0.15
14.60 14.16 12.34 20.51 23.14 27.01 27.01 28.62 28.84 28.76 25.55 23.80 22.70 14.09 15.77 18.83 18.61 18.25 18.25 19.56 24.24 22.12 23.80 22.94 25.05 21.53 18.97 17.69 16.57 18.10 13.29 11.61 6.42 6.72 2.12 2.48 3.07 1.90 3.65 2.34 2.34 1.83 0.66 0.66 0.00 0.07 0.00 0.51 0.22 0.00 0.00 0.00 0.00 0.00 0.00 1.83 0.00 6.20 11.97 10.59 14.82 14.02 14.38 14.89 14.16 17.96 17.89 18.40 18.40 18.91 18.69 17.52 11.61 10.73 7.37 4.02 6.28 2.92 2.99 2.56 0.00 0.00 0.00 0.00
14.60 18.47 17.37 19.05 22.85 26.57 28.47 27.16 24.75 20.44 21.83 20.44 12.41 9.34 16.28 16.21 18.25 23.58 23.58 25.19 24.89 24.09 23.25 20.77 23.53 24.13 23.87 18.29 18.66 15.72 14.24 12.70 11.46 11.17 12.41 6.57 8.10 3.87 3.80 3.29 1.17 1.17 0.95 0.95 0.00 0.00 0.00 0.00 0.00 0.00 0.00 0.00 0.00 0.00 0.00 0.00 0.00 0.00 8.61 13.36 12.63 14.60 15.99 15.18 16.79 14.97 19.78 18.54 18.54 21.75 18.54 15.26 16.21 12.63 11.24 8.61 9.20 5.84 3.14 2.77 0.29 0.00 0.00 0.00
16.64 16.72 16.50 17.16 20.59 23.43 23.29 26.43 24.02 19.27 16.13 9.78 8.18 8.54 7.37 14.75 17.81 20.66 20.66 21.40 14.53 13.12 15.88 14.82 20.31 19.35 25.66 28.72 28.33 21.46 20.69 20.37 21.75 15.40 16.50 17.01 10.29 8.98 3.87 4.09 2.63 0.15 0.29 0.29 0.44 0.00 0.00 0.00 0.00 0.00 0.00 0.00 0.00 0.00 0.00 0.00 0.00 0.00 0.00 7.01 15.40 14.89 17.52 18.91 17.23 17.67 20.00 21.39 21.39 18.98 19.71 16.28 11.97 11.24 11.02 11.10 6.42 4.45 3.50 2.63 1.39 0.00 0.73 0.66
16.64 16.72 16.50 17.16 20.59 23.43 23.29 26.43 24.02 19.27 16.13 9.78 8.18 8.54 7.37 14.75 17.81 20.66 20.76 22.10 14.75 14.04 15.48 15.20 20.00 19.35 24.89 26.69 26.47 21.79 20.90 21.22 24.44 16.30 16.92 17.01 10.29 8.98 3.87 4.09 2.63 0.15 0.29 0.29 0.44 0.00 0.00 0.00 0.00 0.00 0.00 0.00 0.00 0.00 0.00 0.00 0.00 0.00 0.00 7.01 15.40 14.89 17.52 18.91 17.23 17.67 20.00 21.39 21.39 18.98 19.71 16.28 11.97 11.24 11.02 11.10 6.42 4.45 3.50 2.63 1.39 0.00 0.73 0.66
15.91 15.11 15.26 15.33 15.91 21.10 18.91 24.82 26.35 24.60 20.73 16.13 20.15 17.59 8.69 9.42 20.29 21.46 21.46 22.70 15.33 9.34 9.02 4.97 10.63 14.60 14.75 26.85 29.86 28.98 25.88 24.96 30.22 18.27 16.93 14.68 14.97 11.24 5.04 3.21 3.94 1.75 1.39 1.39 1.83 1.31 0.00 0.88 0.88 1.97 0.00 0.00 0.00 0.00 0.00 0.00 0.00 0.00 3.29 0.00 7.59 11.32 16.94 19.49 21.32 22.19 21.17 22.70 22.70 21.24 17.89 18.83 14.89 11.32 12.78 10.22 10.95 6.06 4.16 4.23 2.70 2.63 0.80 0.51
16.86 16.06 15.62 12.78 11.83 13.94 14.24 19.93 24.24 23.07 25.11 23.00 18.61 18.54 15.48 22.48 24.31 22.48 22.48 23.26 18.18 10.56 6.28 4.09 6.90 4.08 11.39 9.53 27.56 31.71 30.15 30.15 28.84 31.70 25.12 22.81 18.60 20.32 16.79 5.77 6.72 6.50 2.85 2.85 1.10 1.17 0.00 1.83 1.53 1.31 1.39 0.00 0.00 0.00 0.00 0.00 0.00 0.00 0.00 4.38 3.72 7.23 13.51 21.10 19.49 22.70 19.35 19.49 19.49 19.27 17.08 13.94 10.88 11.17 11.61 11.53 6.50 7.52 6.64 6.42 5.40 3.80 6.28 6.57
17.59 16.94 16.21 15.26 13.58 18.76 18.10 18.47 20.88 22.27 17.45 13.72 15.62 13.14 11.32 14.02 17.96 17.59 17.59 9.34 9.05 7.30 7.66 5.40 5.48 4.16 7.66 15.04 25.72 32.27 34.02 33.58 34.75 31.90 32.81 26.19 25.59 20.15 17.67 5.62 5.77 3.50 4.31 4.31 0.88 0.80 0.66 0.51 0.66 1.46 1.10 1.24 0.00 0.00 0.00 0.00 0.00 0.00 0.00 0.00 3.80 8.76 7.15 18.10 20.44 18.10 18.69 17.96 17.96 15.26 11.68 12.12 9.78 9.13 7.15 8.47 8.25 8.40 7.81 7.23 9.86 8.76 9.13 8.03
18.47 18.83 19.20 23.36 22.92 22.56 20.81 21.97 25.33 23.73 21.10 15.55 18.69 11.24 13.21 13.07 11.39 5.18 5.18 6.28 8.25 9.34 8.98 8.76 8.83 5.84 6.94 15.63 22.48 22.34 30.51 29.20 35.26 33.80 33.43 30.73 31.65 26.93 21.68 17.18 18.61 13.36 9.34 9.34 5.04 2.12 1.02 1.10 0.00 1.24 0.80 0.88 0.88 0.00 0.00 0.00 0.00 0.00 3.21 3.50 3.72 0.00 4.02 9.27 14.45 6.72 8.25 7.81 7.81 12.12 5.84 5.84 6.57 6.50 6.57 8.32 9.56 11.02 10.15 10.15 9.49 10.44 9.34 9.13
18.61 16.79 18.91 21.68 23.58 22.56 20.44 18.18 19.02 20.95 22.63 22.78 23.00 16.35 15.70 12.63 5.40 1.97 1.97 3.43 5.91 1.97 5.99 7.81 10.00 13.87 12.12 14.89 18.47 12.41 20.66 15.62 13.07 26.21 20.81 27.01 22.63 22.48 26.16 20.59 15.11 15.91 11.97 11.97 8.25 6.42 2.77 1.83 1.24 1.10 0.88 0.88 1.39 1.17 0.00 0.00 0.00 0.00 2.85 4.02 3.21 3.72 0.00 0.00 1.83 1.46 3.80 5.69 5.69 4.67 5.48 4.96 6.50 6.94 6.57 8.32 9.93 10.37 9.71 10.37 9.20 10.22 10.37 8.83
13.43 14.02 17.89 19.49 18.98 22.48 21.61 17.37 18.19 15.18 14.89 17.16 20.29 8.91 4.31 1.10 0.00 0.00 0.00 0.00 0.00 0.00 0.00 4.31 5.62 12.41 14.60 5.77 5.63 7.41 0.00 4.84 3.61 14.97 10.00 18.54 16.72 14.08 14.38 21.32 13.86 10.51 10.73 10.73 8.10 7.37 8.47 9.13 9.05 7.66 4.45 1.90 0.73 0.22 0.00 0.00 0.00 0.07 0.00 2.85 0.00 2.48 0.00 0.00 0.00 0.00 0.00 0.00 0.00 0.00 0.00 0.00 0.00 1.02 5.04 5.55 7.59 4.16 4.31 2.41 5.04 7.15 7.23 7.52
13.43 14.02 17.89 19.49 18.98 22.48 21.61 17.37 17.74 15.18 14.89 17.16 20.29 8.91 4.31 1.10 0.00 0.00 0.00 0.00 0.00 0.00 0.00 4.31 5.62 12.41 14.60 5.77 5.55 7.15 0.00 4.82 3.50 14.97 10.05 18.64 16.72 14.01 14.53 21.32 13.72 10.51 10.73 10.73 8.10 7.37 8.47 9.13 9.05 7.66 4.45 1.90 0.73 0.22 0.00 0.00 0.00 0.07 0.00 2.85 0.00 2.48 0.00 0.00 0.00 0.00 0.00 0.00 0.00 0.00 0.00 0.00 0.00 1.02 5.04 5.55 7.59 4.16 4.31 2.41 5.04 7.15 7.23 7.52
14.67 12.99 14.89 15.04 16.57 20.95 26.43 20.16 18.90 14.75 15.91 12.48 13.51 6.20 2.99 0.58 0.00 0.00 0.00 0.00 0.00 0.00 0.00 0.00 0.00 8.03 0.00 0.00 0.00 0.00 0.00 0.00 0.00 3.94 4.23 2.77 8.40 8.18 12.99 14.24 5.99 3.07 5.11 5.11 5.55 5.26 6.79 8.10 8.47 8.18 7.30 4.67 2.04 2.48 0.58 0.00 0.07 0.00 0.00 0.00 0.00 1.75 1.24 0.00 0.00 0.07 0.07 0.00 0.00 0.95 0.00 0.00 0.00 0.00 0.00 0.00 4.67 0.00 0.00 0.00 3.21 4.74 6.79 6.72
