Wansh/Snow_depth/snowdepth-1992/spring/1992064.txt
ncols 321
nrows 161
xllcenter 60
yllcenter 15 
cellsize  0.25 
NODATA_value -1
[rows 0 to 36 of 161, columns 84 to 167 of 321]
23.94 23.94 23.94 22.05 16.35 16.35 16.35 16.28 15.55 15.70 16.28 17.67 17.37 19.71 22.70 19.20 21.32 20.29 20.29 19.05 19.05 19.71 14.89 11.97 13.51 6.20 3.43 2.99 2.85 2.63 5.33 9.56 9.34 10.07 13.29 14.38 14.75 9.56 10.95 10.80 10.88 11.83 11.24 11.24 9.49 11.32 11.02 6.72 7.01 6.86 9.20 8.32 8.10 9.78 10.22 8.83 11.39 11.68 9.05 9.34 8.54 5.33 5.26 4.82 5.91 3.94 5.62 5.33 5.33 7.96 10.95 10.66 12.26 12.05 11.24 11.61 11.53 13.65 12.92 14.97 14.02 14.45 12.26 13.07
23.07 21.39 23.00 20.95 20.15 20.73 20.22 20.73 18.32 16.21 16.50 17.23 14.09 12.70 13.07 13.58 12.05 15.55 15.55 14.75 20.08 19.13 18.54 16.43 11.02 13.21 8.40 3.14 2.34 3.07 3.07 5.04 9.05 8.03 10.95 8.40 8.10 8.25 10.88 11.24 10.59 15.11 17.16 17.16 16.86 14.60 15.26 15.18 7.37 5.91 6.72 5.55 4.89 4.74 7.37 7.15 9.05 10.73 9.78 11.02 11.17 11.83 13.43 7.37 8.61 9.56 10.59 12.63 12.63 8.54 11.32 11.90 12.12 13.14 16.57 16.06 18.91 18.83 18.54 17.37 15.11 13.94 14.60 12.48
21.75 19.93 19.13 20.08 16.13 17.59 16.64 18.76 20.29 19.49 19.86 18.61 14.31 14.09 10.66 11.53 10.44 11.90 11.90 10.29 13.94 14.89 14.89 17.59 14.75 9.49 7.01 9.34 4.89 3.21 3.29 4.31 4.02 7.59 6.86 9.05 13.80 13.58 13.51 15.26 16.06 16.72 15.40 15.40 16.94 15.70 18.54 16.35 17.81 8.32 7.37 7.74 3.72 4.16 4.02 4.89 7.01 9.42 10.66 10.51 13.72 15.62 15.40 16.64 16.79 13.36 14.60 14.09 14.09 16.06 14.89 15.40 13.72 12.92 16.79 20.59 20.08 20.95 19.42 20.15 17.59 17.74 17.52 16.06
21.75 19.93 19.13 20.08 16.13 17.59 16.64 18.76 20.29 19.49 19.86 18.61 14.31 14.09 10.66 11.53 10.44 11.90 11.90 10.29 13.94 14.89 14.89 17.59 14.75 9.49 7.01 9.34 4.89 3.21 3.29 4.31 4.02 7.59 6.86 9.05 13.80 13.58 13.51 15.26 16.06 16.72 15.40 15.40 16.94 15.70 18.54 16.35 17.81 8.32 7.37 7.74 3.72 4.16 4.02 4.89 7.01 9.42 10.66 10.51 13.72 15.62 15.40 16.64 16.79 13.36 14.60 14.09 14.09 16.06 14.89 15.40 13.72 12.92 16.79 20.59 20.08 20.95 19.42 20.15 17.59 17.74 17.52 16.06
17.74 18.47 15.62 16.21 15.33 18.40 17.08 15.62 16.43 17.67 16.35 15.77 15.91 14.16 13.07 14.24 10.59 11.97 11.97 10.51 9.56 12.70 12.78 14.31 14.02 14.16 9.34 10.95 5.99 4.53 3.07 3.72 3.21 5.40 11.46 15.26 14.67 15.40 17.08 16.94 14.89 12.63 12.70 12.70 15.70 17.30 16.06 19.64 17.74 18.83 9.05 5.69 6.35 4.60 4.09 4.16 4.53 6.57 8.10 11.97 10.88 14.24 17.52 17.52 19.13 19.56 20.08 16.43 16.43 17.74 15.48 14.67 14.75 14.82 15.62 14.89 16.13 16.13 16.13 15.40 17.74 17.16 17.45 17.74
18.98 21.75 17.89 21.02 18.69 19.05 17.01 12.41 12.92 13.07 13.51 13.87 14.97 14.75 14.89 14.89 14.97 15.26 15.26 16.64 14.97 12.19 10.07 11.10 10.15 12.92 9.86 6.86 4.89 5.33 3.72 4.16 5.40 4.82 9.27 11.53 14.53 14.60 16.06 15.77 16.06 13.36 12.78 12.78 12.70 14.97 18.98 17.08 19.42 12.78 14.45 5.91 4.45 4.60 3.94 5.04 4.96 7.37 10.66 10.29 13.36 13.07 17.37 21.10 20.15 21.02 17.52 18.32 18.32 15.40 15.48 16.28 17.59 14.82 14.16 13.65 13.65 13.43 13.36 13.51 15.77 17.67 17.52 18.83
20.73 21.83 21.46 21.75 19.64 16.35 15.11 15.33 15.55 14.16 15.26 14.09 13.80 14.24 15.33 13.58 16.64 17.59 17.59 18.25 17.23 14.60 15.26 11.90 8.91 7.37 8.10 6.35 5.48 5.62 5.04 4.74 7.01 8.69 8.25 10.51 17.01 16.79 17.16 14.97 13.72 14.09 13.80 13.80 14.75 13.87 17.67 16.57 15.48 12.92 6.64 7.45 4.09 3.72 3.58 5.91 7.96 7.23 10.80 11.83 11.61 17.16 16.13 20.00 20.08 19.20 19.71 16.94 16.94 17.45 16.72 17.89 17.59 18.03 18.25 18.03 17.01 17.37 14.60 12.99 13.29 12.26 14.09 17.96
20.73 21.83 21.46 21.75 19.64 16.35 15.11 15.33 15.55 14.16 15.26 14.09 13.80 14.24 15.33 13.58 16.64 17.59 17.59 18.25 17.23 14.60 15.26 11.90 8.91 7.37 8.10 6.35 5.48 5.62 5.04 4.74 7.01 8.69 8.25 10.51 17.01 16.79 17.16 14.97 13.72 14.09 13.80 13.80 14.75 13.87 17.67 16.57 15.48 12.92 6.64 7.45 4.09 3.72 3.58 5.91 7.96 7.23 10.80 11.83 11.61 17.16 16.13 20.00 20.08 19.20 19.71 16.94 16.94 17.45 16.72 17.89 17.59 18.03 18.25 18.03 17.01 17.37 14.60 12.99 13.29 12.26 14.09 17.96
20.59 21.10 17.96 19.42 19.20 16.64 16.21 15.84 15.18 13.94 14.53 12.92 12.41 8.69 12.12 11.02 15.91 19.05 19.05 17.01 16.72 14.02 15.62 12.85 9.05 6.06 5.33 5.84 5.77 5.62 6.72 6.64 6.64 7.59 13.14 17.89 17.30 14.89 13.14 13.51 13.21 8.91 9.42 9.42 12.26 8.91 9.20 11.39 7.66 7.96 7.23 7.23 8.10 10.88 7.37 7.08 8.91 9.34 9.20 10.95 12.63 11.90 12.56 13.58 16.79 17.74 17.74 16.28 16.28 16.13 16.13 17.01 18.91 19.27 19.20 18.18 18.40 17.37 15.26 15.62 12.78 12.48 12.34 15.33
15.55 16.79 17.01 14.97 15.26 14.60 15.48 15.77 15.26 12.05 9.49 7.66 8.47 7.59 10.59 12.48 15.55 18.47 18.47 15.55 14.82 15.33 11.75 7.52 9.71 5.40 5.84 6.57 7.08 7.37 6.86 4.96 6.79 6.28 11.46 11.24 12.92 12.85 11.97 8.76 9.34 7.37 6.94 6.94 6.57 7.23 7.01 7.30 7.15 10.15 10.37 10.80 12.99 13.51 13.65 9.78 9.86 9.86 11.53 11.46 10.66 11.75 11.68 12.19 14.53 14.02 15.91 15.99 15.99 16.64 17.52 17.52 18.83 19.86 20.00 18.40 19.27 21.39 21.39 17.89 14.82 15.40 12.63 10.59
14.16 14.24 15.04 15.11 14.09 13.80 12.19 12.48 12.48 11.75 10.07 9.49 12.78 11.32 12.19 13.29 19.49 16.86 16.86 19.35 20.22 18.25 12.19 7.96 7.96 7.66 7.66 6.13 5.99 5.04 4.74 4.89 6.42 7.81 9.20 8.98 11.10 12.05 12.63 8.61 10.88 10.95 8.61 8.61 11.39 11.46 8.25 9.93 9.42 11.46 15.26 14.45 15.70 14.97 15.84 14.16 16.35 12.26 14.38 13.94 14.97 13.36 11.90 11.83 13.94 16.57 16.06 19.13 19.13 21.90 21.75 22.78 20.51 20.51 19.64 19.20 18.83 21.24 18.83 19.64 16.50 15.33 15.62 12.85
14.16 14.24 15.04 15.11 14.09 13.80 12.19 12.48 12.48 11.75 10.07 9.49 12.78 11.32 12.19 13.29 19.49 16.86 16.86 19.35 20.22 18.25 12.19 7.96 7.96 7.66 7.66 6.13 5.99 5.04 4.74 4.89 6.42 7.81 9.20 8.98 11.10 12.05 12.63 8.61 10.88 10.95 8.61 8.61 11.39 11.46 8.25 9.93 9.42 11.46 15.26 14.45 15.70 14.97 15.84 14.16 16.35 12.26 14.38 13.94 14.97 13.36 11.90 11.83 13.94 16.57 16.06 19.13 19.13 21.90 21.75 22.78 20.51 20.51 19.64 19.20 18.83 21.24 18.83 19.64 16.50 15.33 15.62 12.85
14.09 13.80 15.26 13.65 14.82 12.26 11.75 12.12 13.94 13.51 15.18 15.18 15.26 16.86 19.42 19.35 18.03 21.17 21.17 20.59 21.10 18.76 14.45 10.95 8.83 7.30 6.72 5.33 5.69 4.96 5.99 9.13 8.83 9.71 10.51 14.67 14.82 14.09 14.97 15.55 14.02 14.67 15.04 15.04 12.41 11.83 10.73 10.07 14.82 14.31 15.77 20.95 20.00 18.69 16.13 17.23 16.64 20.00 16.72 17.16 14.16 14.82 13.87 15.70 12.99 15.48 17.81 17.23 17.23 21.68 23.51 23.36 24.97 23.94 24.45 23.14 21.75 17.67 18.54 16.94 16.86 16.86 17.23 16.43
15.48 15.33 15.62 15.48 15.04 13.14 12.70 15.04 15.55 16.06 16.79 17.67 18.76 18.69 20.44 19.78 19.71 21.46 21.46 20.37 17.74 13.36 11.17 12.12 9.56 8.69 6.94 6.64 10.80 6.42 11.53 13.80 18.98 13.36 18.40 18.32 20.15 20.51 17.67 17.45 17.81 15.18 16.86 16.86 14.45 14.02 18.32 16.06 15.48 18.32 19.78 20.22 20.66 23.07 22.63 20.59 21.32 20.81 17.30 11.32 14.02 14.97 16.43 16.06 17.23 18.25 18.03 18.61 18.61 21.53 23.29 25.62 25.26 25.40 23.07 21.75 22.27 15.62 13.72 13.29 14.89 14.75 14.67 15.33
15.33 15.55 15.84 14.09 13.72 13.51 13.29 13.72 16.35 14.45 14.45 16.13 18.18 17.16 15.33 21.10 21.17 21.97 21.97 20.81 18.91 14.89 13.65 11.39 10.00 10.29 8.61 12.41 13.21 15.33 14.02 19.49 20.08 19.71 19.56 19.42 18.98 17.45 17.23 17.30 20.22 18.98 18.54 18.54 19.86 19.42 19.42 17.16 18.03 18.25 19.27 19.71 21.10 23.73 26.43 25.19 26.50 18.25 19.86 10.22 8.54 7.81 9.64 15.55 15.33 17.52 18.69 18.91 18.91 19.42 22.27 21.90 19.86 17.89 18.54 17.67 12.56 0.00 3.21 6.35 14.82 15.04 14.97 16.72
15.77 15.91 16.21 14.24 12.85 10.51 7.74 7.59 8.40 8.25 12.70 13.29 9.20 13.36 17.16 20.29 19.13 20.81 20.81 17.67 15.40 16.06 14.02 13.43 11.97 12.63 13.36 12.99 14.24 17.16 19.71 19.05 20.81 17.74 16.72 17.59 16.64 17.52 17.89 18.61 20.51 17.08 18.10 18.10 19.13 14.75 15.48 15.70 14.82 17.59 17.16 17.89 16.94 16.64 24.24 24.53 24.67 18.54 11.61 11.53 8.47 9.64 9.20 10.80 12.70 12.05 16.50 19.27 19.27 19.13 21.53 19.05 20.22 17.59 17.30 14.09 16.06 0.00 3.58 0.00 12.41 14.75 14.02 16.50
15.77 15.91 16.21 14.24 12.85 10.51 7.74 7.59 8.40 8.25 12.70 13.29 9.20 13.36 17.16 20.29 19.13 20.81 20.81 17.67 15.40 16.06 14.02 13.43 11.97 12.63 13.36 12.99 14.24 17.16 19.71 19.05 20.81 17.74 16.72 17.59 16.64 17.52 17.89 18.61 20.51 17.08 18.10 18.10 19.13 14.75 15.48 15.70 14.82 17.59 17.16 17.89 16.94 16.64 24.24 24.53 24.67 18.54 11.61 11.53 8.47 9.64 9.20 10.80 12.70 12.05 16.50 19.27 19.27 19.13 21.53 19.05 20.22 17.59 17.30 14.09 16.06 0.00 3.58 0.00 12.41 14.75 14.02 16.50
15.26 15.48 15.11 14.02 14.45 12.92 9.56 6.35 5.11 5.84 6.35 6.28 8.18 10.59 13.87 14.09 15.91 15.04 15.04 14.38 12.85 10.88 11.17 11.02 11.68 13.43 15.70 16.35 17.01 16.79 17.89 19.42 18.03 17.81 20.15 16.79 17.30 16.43 14.60 16.94 17.45 14.67 15.11 15.11 14.38 13.87 14.89 14.45 14.53 12.34 14.89 15.48 15.33 18.91 18.25 21.97 18.61 20.00 13.80 17.16 16.21 13.87 12.78 13.36 13.51 16.13 18.76 18.83 18.83 23.94 22.56 23.36 17.96 16.06 16.21 12.63 7.23 1.61 1.83 5.77 9.42 9.71 10.88 14.38
15.33 15.77 14.09 14.53 14.09 14.31 11.97 13.58 9.93 6.13 7.23 9.27 11.75 11.10 13.87 15.62 15.26 15.40 15.40 14.02 14.09 11.75 10.66 11.83 13.43 13.29 15.91 18.47 18.83 19.20 19.49 20.95 20.73 20.88 21.24 17.74 13.72 14.60 12.85 7.96 12.12 12.48 12.19 12.19 14.60 15.84 15.70 13.51 11.53 11.61 12.92 16.57 14.53 18.40 21.24 21.02 20.59 18.98 19.20 20.88 24.24 24.60 25.77 21.75 19.71 17.45 20.29 25.19 25.19 24.38 23.07 17.96 19.35 14.82 11.02 11.90 7.74 3.58 5.18 4.31 7.74 6.28 9.56 11.39
13.65 13.14 13.51 14.16 13.72 14.38 13.36 10.95 11.90 8.03 10.66 8.32 9.64 11.53 9.42 14.53 12.19 13.07 13.07 12.85 14.31 14.02 11.97 12.41 14.60 17.08 16.43 17.74 16.79 17.45 15.62 13.21 17.89 18.91 14.82 14.75 13.21 4.09 5.04 5.69 3.94 11.61 10.29 10.29 16.13 18.54 14.16 14.82 17.01 15.33 14.82 20.08 23.07 19.35 21.83 25.99 25.48 27.89 26.13 25.70 26.06 27.01 23.94 24.67 22.19 22.34 21.75 25.40 25.40 18.83 8.76 10.80 5.26 5.33 9.93 3.14 1.24 2.41 2.12 2.70 4.96 4.38 7.01 10.29
11.97 12.63 12.05 10.22 12.19 13.87 12.56 13.51 15.04 14.09 14.75 11.32 19.49 17.81 12.92 12.41 11.24 11.97 11.97 12.41 12.19 13.43 13.14 12.48 15.62 17.89 17.01 17.45 15.91 14.31 9.34 10.51 11.32 8.69 10.29 3.21 2.04 2.92 0.00 0.00 0.00 7.45 14.02 14.02 13.43 12.70 14.16 17.45 16.06 19.56 22.19 22.27 24.45 26.13 25.70 27.01 28.03 25.19 25.77 23.29 24.02 26.72 26.13 24.45 24.67 23.51 23.94 23.43 23.43 20.29 7.81 2.85 2.85 3.07 2.34 0.58 0.73 1.02 1.39 1.02 2.34 2.26 4.16 5.18
10.66 9.64 9.64 10.29 11.75 12.34 11.83 13.43 17.37 19.93 23.94 24.60 24.45 22.78 15.84 13.36 14.31 18.54 18.54 16.72 14.53 14.97 17.96 18.32 18.03 18.40 20.00 21.53 17.16 18.40 11.97 7.45 6.72 6.86 4.82 2.19 0.07 0.00 0.00 0.00 5.62 4.53 8.83 8.83 7.96 6.06 5.33 13.43 14.24 11.68 10.07 21.32 20.88 22.48 20.59 19.05 27.59 22.12 20.59 20.51 21.02 21.97 22.05 24.75 27.16 26.13 23.29 18.03 18.03 17.59 11.53 4.82 3.14 3.07 2.63 2.92 0.95 0.58 0.80 1.17 0.80 2.92 2.77 3.36
10.66 9.64 9.64 10.29 11.75 12.34 11.83 13.43 17.37 19.93 23.94 24.60 24.45 22.78 15.84 13.36 14.31 18.54 18.54 16.72 14.53 14.97 17.96 18.32 18.03 18.40 20.00 21.53 17.16 18.40 11.97 7.45 6.72 6.86 4.82 2.19 0.07 0.00 0.00 0.00 5.62 4.53 8.83 8.83 7.96 6.06 5.33 13.43 14.24 11.68 10.07 21.32 20.88 22.48 20.59 19.05 27.59 22.12 20.59 20.51 21.02 21.97 22.05 24.75 27.16 26.13 23.29 18.03 18.03 17.59 11.53 4.82 3.14 3.07 2.63 2.92 0.95 0.58 0.80 1.17 0.80 2.92 2.77 3.36
11.02 9.71 8.61 9.93 10.88 11.02 11.24 12.85 16.43 19.93 24.38 25.55 22.34 24.38 24.09 22.34 22.48 20.81 20.81 18.25 17.08 18.47 19.42 20.29 19.93 20.08 20.29 20.29 17.01 11.17 7.08 8.03 5.55 3.07 3.58 2.56 0.00 0.00 0.00 0.00 0.00 1.10 1.39 1.39 0.00 0.00 0.00 0.00 5.55 4.89 4.82 4.31 13.43 13.07 13.80 12.78 9.27 9.93 9.56 18.40 17.30 19.56 21.68 20.59 25.33 23.00 18.98 19.71 19.71 18.91 21.53 15.77 17.59 10.00 4.60 1.46 2.04 0.29 0.15 0.66 0.95 0.51 0.29 1.46
13.21 7.96 11.61 11.53 11.61 15.04 22.92 22.63 23.65 23.94 24.09 21.61 19.35 22.34 18.10 17.30 17.81 16.94 16.94 18.18 19.27 18.91 19.42 23.02 20.76 20.33 18.88 17.96 17.08 13.87 13.43 7.08 8.40 3.36 2.56 0.22 0.22 1.17 0.00 1.46 1.83 0.73 0.00 0.00 0.00 0.00 0.00 0.00 0.00 0.95 1.90 1.61 0.00 0.00 4.67 5.55 5.62 7.88 6.79 13.29 15.70 16.94 17.37 21.97 21.53 22.05 18.83 18.18 18.18 17.96 19.71 18.91 12.12 13.36 8.10 2.63 2.63 1.90 1.97 1.02 0.44 0.00 0.00 0.00
16.13 10.15 8.98 13.80 18.40 22.63 24.45 26.28 25.92 22.56 19.42 20.73 18.40 19.78 15.48 14.67 15.18 19.13 19.13 20.88 22.34 23.43 23.65 24.72 27.04 20.11 23.50 21.07 20.37 17.67 16.35 10.29 9.64 10.88 3.72 4.89 2.26 1.90 3.58 2.04 1.10 1.17 0.00 0.00 0.00 0.00 0.00 0.00 0.00 0.00 0.00 0.00 0.00 0.00 0.00 0.00 2.12 6.72 11.90 10.73 14.67 14.53 14.67 14.09 14.82 13.72 18.18 16.72 16.72 19.64 17.16 13.51 14.24 11.10 8.10 4.82 5.18 3.29 2.63 2.19 0.00 0.29 0.00 0.00
18.76 15.55 17.45 18.83 22.27 20.81 24.89 26.65 24.31 18.40 14.60 7.08 5.77 6.57 10.66 8.91 12.85 18.03 18.03 24.02 18.69 19.49 22.28 19.34 23.75 23.30 25.03 23.15 24.46 19.29 19.35 20.73 15.48 15.62 8.61 9.71 4.89 4.31 5.26 2.12 0.95 0.07 0.00 0.00 0.00 0.00 0.00 0.00 0.00 0.00 0.00 0.00 0.00 0.00 0.00 0.00 2.19 3.14 8.40 13.29 12.26 15.40 15.77 15.40 15.99 13.51 17.96 21.39 21.39 21.61 19.05 15.70 12.85 13.36 11.32 9.13 8.03 3.21 3.72 2.99 0.29 0.00 0.00 0.00
14.31 13.29 13.80 16.50 18.91 17.45 24.24 23.65 23.94 19.42 14.60 6.79 7.37 5.77 8.54 7.66 11.39 18.76 18.76 20.18 16.74 14.38 8.58 12.78 18.82 16.86 22.95 25.15 29.04 28.46 25.53 26.21 20.08 20.66 14.53 14.16 15.26 6.86 4.09 5.11 0.80 0.15 0.15 0.15 0.00 0.00 0.00 1.68 0.00 0.15 0.00 0.00 0.00 0.00 0.00 0.00 0.00 3.21 7.88 6.64 13.58 15.84 17.45 18.76 16.35 17.08 17.16 22.56 22.56 20.66 21.61 18.25 14.24 11.10 11.97 10.07 10.37 3.50 3.07 2.77 0.15 0.22 0.00 0.00
14.31 13.29 13.80 16.50 18.91 17.45 24.24 23.65 23.94 19.42 14.60 6.79 7.37 5.77 8.54 7.66 11.39 18.76 18.86 20.83 17.00 15.39 8.36 13.10 18.54 16.86 22.27 23.37 27.14 28.90 25.79 27.30 22.56 21.86 14.90 14.16 15.26 6.86 4.09 5.11 0.80 0.15 0.15 0.15 0.00 0.00 0.00 1.68 0.00 0.15 0.00 0.00 0.00 0.00 0.00 0.00 0.00 3.21 7.88 6.64 13.58 15.84 17.45 18.76 16.35 17.08 17.16 22.56 22.56 20.66 21.61 18.25 14.24 11.10 11.97 10.07 10.37 3.50 3.07 2.77 0.15 0.22 0.00 0.00
14.45 14.02 13.43 10.88 9.93 14.67 19.56 18.98 23.65 20.81 21.32 13.29 8.03 11.46 12.70 21.53 23.21 21.17 21.17 14.89 10.07 5.62 6.53 6.89 10.93 10.54 19.84 17.83 25.99 26.56 28.91 28.37 27.16 27.15 25.74 19.14 17.03 19.13 7.15 5.77 0.29 0.22 0.80 0.80 0.80 0.00 0.00 0.00 2.04 2.48 1.24 0.00 0.95 0.00 0.00 0.00 0.00 0.00 5.48 10.66 9.42 11.90 15.40 23.51 21.97 23.36 21.46 21.90 21.90 21.90 18.47 15.84 11.97 12.63 11.75 10.59 7.23 4.96 3.72 3.21 2.63 1.83 1.31 0.00
14.24 12.85 11.75 12.41 10.15 10.51 13.72 15.11 21.68 23.43 21.32 20.08 23.00 20.95 15.55 19.20 23.51 21.83 21.83 15.70 10.51 5.50 6.42 5.11 4.77 7.49 12.56 15.81 25.33 24.04 26.21 28.76 30.44 30.73 31.57 25.41 22.75 20.62 13.21 9.34 11.39 3.29 3.43 3.43 1.46 0.00 0.00 0.00 0.80 0.00 2.04 2.04 0.22 0.00 0.73 0.00 0.00 0.00 0.00 5.91 8.47 8.40 10.80 21.83 24.24 24.53 21.32 21.02 21.02 18.61 19.64 15.04 11.61 8.76 10.29 9.05 10.07 6.20 4.60 6.64 5.55 3.29 3.43 3.07
17.01 16.57 14.53 13.58 15.04 13.80 15.55 14.97 18.32 22.92 18.83 14.31 20.00 17.37 9.27 13.29 17.37 13.58 13.58 12.85 8.98 7.81 6.94 4.60 5.26 4.96 6.42 12.39 22.56 27.13 23.87 30.51 29.42 29.93 31.58 31.01 30.64 27.23 15.70 15.91 14.97 12.12 2.41 2.41 3.14 1.90 0.88 0.00 0.00 0.00 0.00 1.83 1.31 2.92 0.44 1.39 0.00 0.00 0.00 0.00 4.16 7.74 9.34 14.89 21.46 18.98 12.70 16.94 16.94 17.08 7.66 5.99 5.48 5.26 6.64 8.61 8.32 10.29 9.56 8.32 7.81 9.56 7.88 7.81
14.89 16.06 11.53 15.55 17.67 18.47 21.53 24.89 23.07 23.65 21.83 15.99 14.24 11.02 13.07 11.24 8.76 9.49 9.49 8.69 8.40 6.64 8.69 8.47 11.02 9.27 9.71 10.56 16.43 23.07 20.88 26.13 26.50 29.78 30.37 30.51 31.05 31.92 27.34 19.17 19.64 15.70 6.13 6.13 3.58 4.02 2.99 2.85 0.00 0.00 0.22 1.17 1.97 2.85 1.97 0.00 0.00 0.00 3.94 4.23 5.18 3.29 4.82 7.59 8.18 8.47 8.25 8.54 8.54 5.69 6.42 3.50 4.67 5.62 6.20 7.59 7.37 9.93 10.07 8.32 9.34 8.83 8.76 8.54
15.26 5.55 7.74 11.39 16.64 19.56 18.03 17.08 18.21 14.82 21.17 20.81 15.62 13.36 11.24 7.66 4.74 3.58 3.58 0.44 3.58 2.34 7.59 7.23 11.32 13.51 15.70 16.81 16.13 19.49 17.52 20.59 18.10 16.79 25.92 25.33 29.57 30.22 25.79 22.31 16.43 17.16 14.45 14.45 7.01 5.11 5.26 6.20 5.48 1.24 1.10 1.61 0.00 0.00 0.00 0.00 0.00 3.21 0.00 5.40 4.02 0.00 0.00 4.16 5.40 5.18 4.74 6.57 6.57 0.00 0.00 0.00 3.72 3.43 5.69 7.45 8.03 6.86 6.50 7.88 8.40 9.34 9.34 7.96
5.84 6.86 5.91 9.34 16.06 13.87 18.69 17.67 18.04 12.48 14.38 14.31 19.05 10.66 8.47 5.33 1.24 0.00 0.00 0.00 0.00 0.00 2.85 8.18 7.59 10.29 16.28 15.18 14.90 14.45 15.43 9.24 13.09 9.05 15.04 16.06 11.02 21.38 21.10 19.20 17.62 13.58 8.54 8.54 9.34 7.81 8.83 8.40 8.98 7.88 2.41 2.56 1.02 0.00 0.00 0.00 0.00 0.00 4.16 3.43 4.38 2.99 0.00 0.00 0.00 0.00 2.77 3.07 3.07 0.00 0.00 0.00 2.77 4.23 3.58 4.16 4.09 5.55 5.40 0.00 7.45 8.98 8.61 6.20
5.84 6.86 5.91 9.34 16.06 13.87 18.69 17.67 17.59 12.48 14.38 14.31 19.05 10.66 8.47 5.33 1.24 0.00 0.00 0.00 0.00 0.00 2.85 8.18 7.59 10.29 16.28 15.18 14.67 13.94 14.89 9.20 12.70 9.05 15.11 16.14 11.02 21.28 21.31 19.20 17.45 13.58 8.54 8.54 9.34 7.81 8.83 8.40 8.98 7.88 2.41 2.56 1.02 0.00 0.00 0.00 0.00 0.00 4.16 3.43 4.38 2.99 0.00 0.00 0.00 0.00 2.77 3.07 3.07 0.00 0.00 0.00 2.77 4.23 3.58 4.16 4.09 5.55 5.40 0.00 7.45 8.98 8.61 6.20
8.54 6.06 9.20 8.25 12.56 19.64 16.64 17.71 17.79 13.94 12.19 9.42 12.56 9.42 1.10 0.00 0.00 0.00 0.00 0.00 0.00 0.00 0.00 0.00 8.32 5.91 14.53 12.99 11.97 6.28 7.59 7.08 8.40 6.72 2.77 6.64 5.84 14.97 14.38 9.56 9.34 9.49 5.84 5.84 3.58 3.72 8.54 8.69 8.03 8.25 6.94 5.69 0.44 0.95 0.00 0.00 1.46 1.24 4.09 4.74 3.14 3.50 3.14 0.00 1.10 1.68 1.46 2.77 2.77 0.00 0.00 0.00 0.00 2.19 2.41 3.21 0.00 0.00 0.00 4.74 5.62 8.47 7.88 7.88
