Wansh/Snow_depth/snowdepth-1992/spring/1992068.txt
ncols 321
nrows 161
xllcenter 60
yllcenter 15 
cellsize  0.25 
NODATA_value -1
[rows 74 to 110 of 161, columns 84 to 167 of 321]
0.00 0.00 0.00 0.00 0.29 0.44 0.07 0.00 1.02 1.46 0.00 2.77 2.41 2.34 0.00 3.65 0.00 0.00 0.00 0.00 0.00 0.00 0.00 0.00 0.00 0.00 1.53 0.00 0.00 0.00 0.00 0.00 0.00 0.00 0.00 0.66 0.00 0.00 0.00 0.00 2.85 2.04 0.22 0.22 0.80 0.15 0.29 1.24 1.39 1.17 0.66 0.00 0.00 0.00 0.00 0.00 1.75 1.39 1.39 1.31 0.58 1.39 2.04 0.00 0.00 0.00 0.00 0.00 0.00 0.29 1.69 2.70 0.15 0.00 0.00 0.00 0.00 0.00 0.00 0.00 0.00 0.00 0.00 0.00
0.80 0.00 0.00 1.39 2.19 1.24 1.68 2.41 0.00 0.00 0.00 2.70 3.58 3.58 2.77 0.00 0.00 0.00 0.00 0.00 0.00 0.00 0.00 0.00 0.00 3.36 2.56 0.00 0.00 0.00 0.00 0.00 0.00 0.00 0.00 0.00 0.00 0.00 0.00 3.72 3.36 2.04 1.46 1.46 0.95 0.00 1.02 1.46 1.39 0.58 0.29 0.51 0.44 0.22 1.68 1.68 1.90 1.39 1.17 1.61 1.39 1.61 1.68 2.26 0.00 0.80 0.00 0.00 0.00 0.00 1.97 3.87 1.61 0.00 0.00 0.00 0.00 0.00 0.00 0.00 0.00 0.00 0.00 0.15
2.63 2.19 0.00 0.00 2.34 2.56 0.00 0.00 3.07 4.16 3.65 4.45 3.58 4.31 2.85 0.00 0.00 0.00 0.00 0.00 0.00 0.00 0.00 0.00 0.00 0.00 0.00 0.00 0.00 2.70 0.00 0.00 0.00 0.00 0.00 0.00 0.00 0.00 0.00 0.00 3.87 0.00 0.80 0.80 0.88 0.58 0.58 1.39 1.46 0.88 0.73 0.44 0.00 1.10 1.02 0.29 0.73 1.39 0.80 0.73 1.39 1.02 1.10 0.51 1.31 1.32 0.22 0.37 0.37 0.00 2.12 4.74 2.99 0.37 0.22 0.00 0.00 0.00 0.00 0.00 0.00 0.00 0.00 0.00
0.66 2.56 3.72 3.07 2.34 0.00 2.92 3.43 3.50 4.74 4.53 4.45 4.89 4.60 3.87 3.36 0.00 0.00 0.00 0.00 0.00 0.00 0.00 0.00 0.00 0.00 0.00 0.00 0.00 0.00 0.00 0.00 0.00 0.00 0.00 0.00 0.00 0.00 0.00 0.00 2.56 0.00 1.24 1.24 0.00 0.22 0.00 2.34 0.00 0.00 0.00 0.00 0.00 0.66 0.37 0.29 1.61 1.10 0.51 1.90 1.24 1.46 0.51 1.24 1.10 1.17 1.68 0.95 0.95 1.46 3.36 3.07 0.88 0.80 1.02 0.00 0.00 0.00 0.00 0.00 0.00 0.00 0.00 0.00
3.58 2.92 3.94 1.31 2.41 2.99 2.92 2.92 3.65 4.38 4.31 4.31 4.23 4.23 3.94 3.72 0.00 2.34 2.34 0.00 0.00 0.00 0.00 0.00 0.00 0.00 0.00 0.00 0.00 0.00 0.00 0.00 0.00 0.00 0.00 0.00 0.00 0.00 0.00 0.00 0.00 0.00 0.00 0.00 0.00 0.00 0.00 1.61 0.00 0.00 0.00 0.00 0.88 0.22 0.15 1.24 1.46 1.46 1.46 1.75 2.77 2.04 1.68 1.83 1.17 1.46 1.31 1.24 1.24 1.24 1.68 0.80 2.12 1.31 1.46 0.00 0.00 0.00 0.00 0.00 0.00 0.00 0.51 0.59
5.62 5.33 3.29 3.43 3.14 2.85 2.85 3.29 3.58 4.16 3.94 3.43 4.02 3.80 3.21 3.50 0.00 0.00 0.00 0.00 0.00 0.00 0.00 0.00 0.00 0.00 0.00 0.00 0.00 0.00 0.00 0.00 0.00 0.00 0.00 0.00 0.00 0.00 0.00 0.00 0.00 0.00 0.00 0.00 0.00 0.00 0.00 0.73 0.00 0.00 0.00 0.00 0.00 0.00 1.39 0.00 0.00 1.17 1.46 1.46 2.19 2.19 2.19 2.19 1.46 0.73 0.00 0.44 0.44 0.22 0.95 0.73 1.75 1.83 0.07 0.51 1.10 0.00 0.07 0.29 0.00 0.00 0.22 0.37
0.00 2.63 0.00 0.00 0.00 2.99 3.21 2.99 3.58 3.58 4.45 3.94 3.72 3.29 2.34 2.48 0.00 0.00 0.00 0.00 0.00 0.00 0.00 0.00 0.00 0.00 0.00 0.00 0.00 0.00 0.00 0.00 0.00 0.00 0.00 0.00 0.00 0.00 0.00 0.00 0.00 0.00 0.00 0.00 0.00 0.00 0.00 0.00 0.00 0.00 0.00 0.00 0.00 0.00 0.00 0.00 0.00 0.00 1.17 0.80 2.04 2.41 2.70 2.77 2.04 0.00 0.00 0.00 0.00 0.00 0.29 0.88 1.97 5.77 8.40 1.69 2.47 0.84 1.31 1.68 0.95 0.51 0.00 0.07
0.00 2.56 0.00 0.00 2.92 3.43 2.99 0.00 0.00 3.65 3.80 4.09 3.43 3.36 0.00 3.36 2.48 1.24 1.24 0.80 0.73 0.00 0.00 0.00 0.00 0.00 0.00 0.00 0.00 0.00 0.00 0.00 0.00 0.00 0.00 0.00 0.00 0.00 0.00 0.00 0.00 0.00 0.00 0.00 0.00 0.00 0.00 0.00 0.00 0.00 0.00 0.00 0.00 0.00 0.00 0.00 0.00 0.00 0.80 2.04 2.34 1.83 2.77 0.66 0.00 0.00 0.00 0.44 0.44 0.00 1.46 1.39 3.21 8.18 11.90 4.77 5.01 1.76 2.35 2.47 1.61 1.24 0.00 0.07
0.00 0.00 0.00 0.00 0.00 0.00 0.00 0.00 0.00 2.85 3.80 3.58 4.09 0.00 3.50 3.65 3.50 2.41 2.41 1.68 1.46 0.00 0.00 0.00 0.00 0.00 0.00 0.00 0.00 0.00 0.00 0.00 0.00 0.00 0.00 0.00 0.00 0.00 0.00 0.00 0.00 0.00 0.00 0.00 0.00 0.00 0.00 0.00 0.00 0.00 0.00 0.00 0.00 0.00 0.00 0.00 0.00 0.15 0.15 1.24 1.61 2.19 1.10 1.83 0.95 0.00 0.51 0.37 0.37 1.61 1.68 3.14 9.78 8.40 11.46 10.07 7.52 3.72 3.50 3.82 3.43 0.58 0.80 1.90
0.00 0.00 2.77 2.41 2.85 0.00 0.00 0.00 0.00 0.00 0.00 0.00 0.00 3.21 3.07 3.36 0.00 2.56 2.56 3.14 0.95 0.00 0.00 0.00 0.00 0.00 0.00 0.00 0.00 0.00 0.00 0.00 0.00 0.00 2.99 0.00 0.00 0.00 0.00 0.00 0.00 0.00 0.00 0.00 0.00 0.00 0.00 0.00 0.00 0.00 0.00 0.00 0.00 0.00 0.00 0.29 0.00 0.88 0.80 1.39 1.68 1.83 1.39 2.48 2.26 0.73 1.90 2.12 2.12 2.26 1.75 3.94 7.01 9.71 10.80 9.05 9.56 6.42 4.96 5.62 5.69 2.85 1.97 2.56
3.80 0.00 0.00 0.00 2.26 3.36 0.00 0.00 0.00 0.00 2.99 0.00 3.58 3.36 2.92 3.36 0.00 0.00 0.00 0.00 0.00 0.00 0.00 0.00 0.00 0.00 0.00 0.00 0.00 0.00 0.00 0.00 0.00 0.00 1.75 0.00 0.00 0.00 0.00 0.58 0.00 0.00 0.00 0.00 0.00 0.00 0.00 0.00 0.00 0.00 0.00 0.00 0.00 0.15 0.58 0.44 4.45 3.58 1.31 1.10 1.17 1.17 1.24 2.70 2.34 0.88 2.56 2.41 2.41 3.21 2.41 7.88 4.67 8.03 11.53 9.64 9.34 7.74 7.52 8.61 7.37 4.89 3.50 2.19
0.00 1.61 0.00 0.00 0.00 0.00 2.70 3.21 3.43 3.65 0.00 3.21 2.63 0.00 3.36 0.00 0.00 0.00 0.00 0.00 3.65 3.72 3.50 0.00 0.00 0.00 2.41 0.00 3.07 0.00 0.00 0.00 2.19 2.70 0.00 0.00 0.00 0.00 0.00 0.00 0.00 0.00 0.66 0.66 0.00 0.00 0.00 0.00 0.00 0.29 0.51 0.00 0.51 1.24 2.04 4.45 6.94 7.08 4.09 1.02 1.47 2.91 4.36 4.38 4.53 3.87 4.45 4.74 4.74 5.04 5.26 12.70 6.50 7.52 9.34 7.88 8.10 10.29 10.59 9.78 9.93 6.06 6.20 3.65
1.24 1.17 2.70 2.77 0.00 2.34 2.56 2.48 0.00 0.00 2.99 2.19 0.00 0.00 2.85 0.00 3.29 3.72 3.72 4.67 5.04 4.31 4.82 4.23 0.00 0.00 2.77 3.58 4.09 3.50 0.00 0.00 0.00 2.56 0.00 0.00 0.00 0.00 0.00 3.58 3.36 2.26 0.80 0.80 1.24 1.24 0.44 1.24 1.02 0.58 0.44 0.07 0.07 1.02 4.38 14.31 15.77 13.80 8.98 10.88 4.74 2.92 5.36 7.45 7.15 8.69 6.57 8.32 8.32 13.21 18.83 19.93 16.64 13.58 6.64 6.42 8.10 10.15 12.85 13.29 12.85 9.27 6.13 0.00
1.31 1.24 0.00 0.00 0.00 0.00 2.77 2.63 0.00 0.00 0.00 1.97 2.34 2.77 2.70 2.56 3.58 3.94 3.94 4.23 3.65 3.07 4.23 3.87 0.00 0.00 3.07 3.50 3.72 3.14 0.00 0.00 2.92 3.14 0.00 0.00 0.00 0.00 0.00 3.72 2.26 1.46 1.97 1.97 0.37 0.95 1.61 1.10 0.73 0.80 1.24 0.66 0.66 1.46 4.45 12.99 17.08 17.52 14.67 13.43 8.40 4.31 4.74 5.62 7.49 9.13 9.71 12.34 12.34 12.41 15.99 15.99 18.98 17.01 11.10 10.66 11.90 11.53 10.88 13.43 13.36 11.61 9.34 7.23
1.31 1.61 0.00 0.00 0.00 0.00 0.00 0.00 0.00 0.00 0.00 0.00 1.53 2.26 3.29 2.85 3.14 3.36 3.36 3.07 3.65 2.41 3.21 2.92 0.00 2.19 3.50 3.80 3.58 0.00 0.00 0.00 3.43 3.36 3.07 0.00 0.00 0.00 0.00 0.00 0.00 0.00 1.97 1.97 1.02 1.39 1.61 2.56 1.61 2.48 2.48 2.12 1.53 3.94 10.59 11.53 14.60 16.35 11.46 12.05 9.93 6.57 6.06 6.57 11.87 11.05 17.74 18.47 18.47 14.45 13.14 13.14 17.74 18.32 15.18 12.92 14.16 12.99 14.02 13.43 12.05 13.14 11.53 10.22
0.95 1.68 0.00 0.00 0.00 0.00 0.00 0.00 0.00 0.00 0.00 0.00 1.68 3.14 2.99 0.00 2.77 3.07 3.07 2.85 2.34 0.00 0.00 0.00 2.34 2.56 2.99 3.36 0.00 0.00 0.00 3.14 2.99 3.50 2.70 0.00 0.00 0.00 0.00 0.00 0.00 0.00 2.48 2.48 0.95 1.31 2.41 2.34 2.63 3.87 6.13 2.34 7.96 9.20 12.48 10.73 10.51 11.53 7.93 7.82 4.31 7.01 9.46 12.92 17.27 19.57 20.06 16.86 16.86 13.07 13.36 14.45 16.94 17.01 18.54 16.28 15.55 15.84 14.53 13.68 14.07 12.04 10.93 11.23
0.95 0.80 0.00 0.00 0.00 0.00 0.00 0.00 0.00 0.00 0.00 0.00 0.00 0.00 0.00 0.00 0.00 0.00 0.00 0.00 0.00 0.00 0.00 0.00 0.00 2.63 3.50 0.00 0.00 0.00 0.00 4.23 1.75 0.00 2.99 0.00 0.00 0.00 0.00 0.00 0.00 0.00 0.00 0.00 0.44 0.15 1.90 1.68 3.07 4.31 6.13 9.86 12.12 13.43 15.77 13.94 11.68 7.30 5.48 4.67 3.54 5.55 9.66 11.68 17.67 18.40 21.30 18.88 18.29 15.11 15.04 16.06 16.28 15.77 18.18 16.13 15.70 15.70 16.82 15.29 12.59 11.68 11.95 11.57
0.51 0.29 0.58 0.00 0.00 0.00 0.00 0.22 0.00 0.00 0.00 0.00 0.00 0.00 0.00 0.00 0.00 0.00 0.00 0.00 0.00 0.00 0.00 0.00 0.00 0.00 0.00 0.00 0.00 0.00 0.00 0.00 0.00 0.00 0.00 0.00 0.00 0.00 0.00 0.00 0.00 0.00 0.00 0.00 0.00 1.17 1.10 0.88 2.63 3.29 6.28 11.83 15.55 15.48 17.23 13.80 16.35 13.07 7.67 3.54 5.91 4.16 7.60 7.68 17.49 17.28 18.18 16.72 16.80 17.49 13.35 15.55 16.94 17.81 16.51 16.21 16.13 16.28 16.73 17.27 13.90 12.05 11.60 12.90
0.73 0.00 0.00 0.00 0.00 0.00 0.66 0.66 0.00 0.00 0.00 0.00 0.00 0.00 0.00 0.00 0.00 0.00 0.00 0.00 0.00 0.00 0.00 0.00 0.00 0.00 0.00 0.00 0.00 0.00 0.00 0.00 0.00 0.00 0.00 0.00 0.00 0.00 0.00 0.00 0.00 0.00 0.00 0.00 0.00 0.15 0.51 1.46 2.70 2.34 4.96 11.39 14.60 18.18 18.91 17.74 19.78 19.05 12.19 8.46 10.40 4.28 5.95 5.54 12.73 14.84 20.07 14.53 14.53 14.37 12.66 15.59 17.46 18.16 17.68 18.36 17.59 16.30 15.43 14.08 14.60 13.62 12.87 13.14
0.00 0.00 0.00 0.00 0.00 0.37 0.00 0.00 0.00 0.00 0.73 0.00 0.00 0.00 0.00 0.00 0.00 0.00 0.00 1.10 0.00 0.00 0.00 0.00 0.00 0.00 0.00 0.00 0.00 0.00 0.00 0.00 0.00 0.00 0.00 0.00 0.00 0.00 0.00 0.00 0.00 0.00 0.00 0.00 0.00 0.00 1.02 2.92 3.50 8.69 5.26 6.72 14.60 16.72 17.52 19.13 20.37 20.81 20.66 13.14 17.16 12.38 5.27 5.23 13.86 10.33 16.14 10.73 10.73 10.99 9.48 13.69 14.97 14.89 18.60 18.49 18.10 15.12 14.60 13.92 16.05 14.77 17.08 12.69
1.10 1.10 0.66 0.95 0.00 0.07 0.00 0.00 0.00 0.00 0.00 0.00 1.31 0.00 0.00 0.51 0.58 0.95 0.95 0.00 0.00 0.00 0.00 0.00 0.00 0.00 0.00 0.00 0.00 0.00 0.00 0.00 0.00 0.00 0.00 0.00 0.00 0.00 0.00 0.00 0.00 0.00 0.00 0.00 0.00 0.00 1.68 4.60 6.13 12.26 6.94 9.34 13.33 14.52 16.36 18.31 21.82 20.73 22.34 19.20 13.80 7.92 4.92 6.21 6.75 12.83 7.34 6.72 6.75 6.99 6.79 12.09 11.37 11.73 17.77 18.32 18.32 14.98 14.05 13.45 15.98 15.15 12.94 9.81
1.90 1.46 1.75 0.58 0.88 1.31 0.00 0.00 0.00 0.00 0.00 0.00 0.00 0.00 0.00 0.00 0.00 0.00 0.00 0.00 0.00 0.00 0.00 0.00 0.00 0.00 0.00 0.00 0.00 0.00 0.00 0.00 0.00 0.00 0.00 0.00 0.00 0.00 0.00 0.00 0.00 0.00 2.04 2.04 2.34 0.88 2.70 5.91 6.86 14.67 12.56 14.75 13.87 13.91 14.52 17.23 18.71 20.00 21.34 16.44 12.91 6.68 5.21 4.50 3.57 7.11 4.64 3.74 3.74 4.06 9.15 8.27 10.54 17.54 20.69 20.47 19.52 17.15 13.55 13.49 13.67 16.87 15.76 10.77
2.48 2.19 0.00 2.04 2.19 1.90 1.61 1.17 1.83 1.24 0.00 0.00 0.00 0.00 0.00 0.00 0.00 0.00 0.00 0.00 0.00 0.00 0.00 0.00 0.00 0.00 0.00 1.39 0.00 0.00 0.00 0.00 0.00 0.00 0.00 0.00 0.00 0.00 0.00 0.00 0.00 0.00 4.23 4.23 6.20 4.16 6.86 10.51 9.27 15.55 14.53 16.21 15.11 14.75 14.60 9.65 9.06 12.84 15.32 8.10 10.50 5.93 5.19 3.24 3.44 3.79 3.27 2.82 2.77 3.19 5.91 7.12 11.15 18.15 21.68 18.78 15.34 13.65 12.56 12.88 10.99 15.80 17.59 14.41
3.72 0.00 0.00 0.00 2.26 2.12 2.12 2.99 2.77 4.02 1.10 0.00 0.00 0.07 0.00 0.00 0.00 0.00 0.00 0.00 0.00 0.00 0.00 0.00 0.00 1.46 2.12 1.83 1.39 0.00 0.51 0.00 0.00 0.00 0.00 1.02 0.00 0.00 0.00 0.00 4.60 6.79 6.35 6.35 5.84 6.79 7.23 11.17 16.35 17.30 16.03 16.68 16.51 15.88 12.50 8.14 7.15 8.03 10.10 6.12 5.72 5.99 5.89 4.16 3.63 2.38 2.67 2.71 2.64 2.48 3.36 6.15 9.68 16.97 19.30 16.94 13.84 11.13 12.14 7.67 12.34 13.74 16.27 11.77
7.01 5.33 4.53 6.50 6.79 6.20 5.33 5.84 4.31 0.00 3.50 2.41 1.10 1.24 0.58 0.15 0.66 0.95 0.95 1.39 0.44 0.22 0.66 0.00 1.83 2.26 1.31 1.46 1.24 1.53 1.10 1.10 1.10 1.17 1.02 1.46 1.61 0.00 0.51 2.99 1.75 4.60 3.07 3.07 6.28 7.45 8.10 11.46 15.77 14.75 15.50 14.26 13.05 11.39 10.44 7.74 6.96 8.45 10.08 9.46 9.68 6.13 9.11 5.34 2.92 3.15 3.30 1.50 1.47 0.00 4.31 6.51 6.62 14.52 12.88 14.89 13.62 8.50 5.42 3.57 5.86 10.32 9.16 8.89
6.86 7.08 8.03 8.69 8.10 9.42 7.45 6.86 4.67 0.00 4.02 0.00 0.00 1.53 0.80 0.44 1.46 1.02 1.02 1.02 1.31 0.95 0.29 0.22 0.00 0.66 0.80 0.15 1.31 1.10 1.53 1.10 0.73 0.29 1.68 2.41 3.36 2.92 0.51 0.00 0.00 1.39 1.83 1.83 5.18 8.98 7.52 11.61 13.25 14.68 11.44 10.85 10.17 9.71 10.24 7.25 8.67 6.16 8.94 10.79 10.62 9.91 10.78 6.40 2.34 1.75 3.23 2.47 2.43 0.73 2.12 3.99 6.07 13.88 15.53 12.05 7.37 8.61 3.42 2.03 3.57 10.56 10.21 10.42
7.66 7.81 9.64 5.62 6.94 7.88 9.64 6.06 4.31 0.00 0.00 0.00 0.00 0.00 1.83 1.53 1.46 1.31 1.31 1.02 1.39 1.24 0.58 0.88 0.95 0.00 0.00 0.00 0.80 0.80 1.10 0.00 0.00 0.80 0.88 2.92 1.53 0.95 0.80 0.00 0.00 0.00 0.29 0.29 4.02 5.62 5.77 10.10 13.71 10.91 11.65 11.53 11.27 9.97 10.40 7.97 5.56 5.05 7.53 10.48 9.81 11.47 11.46 7.30 3.36 3.80 2.16 2.71 3.02 2.65 0.82 2.64 6.32 10.28 12.95 10.54 8.69 3.94 2.51 3.46 8.11 6.46 11.31 11.75
0.00 6.57 7.88 0.00 0.00 4.96 5.99 4.84 5.84 2.34 0.00 1.24 0.00 0.00 1.46 0.95 0.88 1.46 1.46 0.88 0.80 1.02 1.17 0.00 0.00 0.00 0.00 0.00 1.10 0.95 0.66 0.00 0.00 0.29 0.22 1.90 0.58 0.51 0.37 0.00 0.00 0.00 0.00 0.00 2.77 3.29 4.38 9.17 11.90 12.54 12.90 13.59 14.01 14.99 9.00 7.30 5.14 5.55 3.90 7.63 8.24 12.18 10.12 10.29 5.33 7.18 3.61 3.85 3.71 4.56 1.02 1.68 6.18 7.53 10.01 7.26 8.60 5.58 3.32 3.57 7.40 11.60 16.51 8.88
0.00 0.00 0.00 0.00 0.00 6.35 7.88 7.01 9.20 2.70 1.97 2.56 0.00 0.00 0.00 0.00 0.66 1.31 1.31 1.24 1.24 0.22 0.66 1.61 0.00 0.00 0.00 0.00 0.80 0.00 0.00 0.00 0.00 0.00 0.00 0.88 0.00 0.37 0.00 0.00 0.00 0.00 0.00 0.00 0.58 1.31 4.89 8.54 8.69 10.66 12.52 13.68 13.12 9.70 7.63 7.93 5.25 0.00 0.00 8.03 9.15 7.57 12.04 10.77 9.39 8.73 6.15 5.94 5.97 2.73 2.03 2.26 3.29 3.88 5.43 4.17 7.67 5.87 2.51 2.25 5.17 14.14 16.31 11.36
0.00 0.00 0.00 0.00 0.00 0.00 6.86 8.98 9.13 6.94 4.23 2.34 1.53 0.00 0.00 0.00 0.00 0.88 0.88 0.95 0.44 0.00 0.00 0.00 0.00 0.00 0.00 0.00 0.00 0.00 0.00 0.00 0.00 0.00 0.00 0.00 0.00 0.00 0.00 0.00 0.00 0.00 0.00 0.00 0.00 0.00 2.57 5.40 9.12 10.54 13.97 13.81 15.65 14.41 4.36 4.46 0.00 0.00 0.00 5.04 7.75 7.03 9.76 8.28 10.48 10.53 8.14 6.75 7.90 3.89 3.47 2.90 1.80 2.55 1.07 5.26 4.30 3.87 1.24 0.56 3.13 9.37 14.28 13.68
0.00 0.00 0.00 0.00 0.00 0.00 0.00 7.37 8.25 9.27 3.43 3.07 2.92 1.39 0.00 1.17 0.95 1.75 1.75 0.00 0.00 0.00 0.44 0.00 0.00 0.00 0.00 0.00 0.00 0.00 0.00 0.00 0.00 0.00 0.00 0.00 0.00 0.00 0.00 0.00 0.00 0.00 0.00 0.00 0.00 0.00 2.05 3.35 9.73 6.86 7.90 9.64 8.29 2.43 0.00 0.00 0.00 0.00 0.00 0.00 5.61 4.37 10.19 8.76 10.13 9.46 10.77 9.10 10.19 6.78 4.16 3.11 1.23 0.53 0.19 2.15 2.82 0.07 0.32 1.62 4.48 8.37 14.50 14.85
0.00 0.00 0.00 0.00 0.00 0.00 0.00 0.00 7.59 9.78 3.29 4.96 4.02 3.80 4.82 3.71 3.76 4.60 4.60 1.61 0.00 0.51 0.00 0.00 0.00 0.00 0.07 0.00 0.07 0.00 0.00 0.00 0.00 0.00 0.00 0.07 0.00 0.00 0.00 0.00 0.00 0.00 0.00 0.00 0.00 0.00 0.00 1.05 3.59 8.44 9.15 8.38 8.76 0.00 0.00 0.00 0.00 0.00 0.00 0.00 0.00 0.00 5.16 7.79 12.54 8.38 12.44 11.24 11.48 8.32 6.29 2.72 3.25 1.86 0.60 1.62 2.67 1.31 0.37 0.00 0.00 12.43 11.84 8.58
0.00 0.00 0.00 0.00 0.00 0.00 0.00 0.00 4.60 4.74 1.90 4.02 5.62 5.40 7.45 6.68 6.64 7.02 6.55 4.82 1.53 2.56 0.44 0.00 0.00 0.00 0.00 0.00 0.00 0.00 0.00 0.00 0.00 0.00 0.00 0.95 0.00 0.00 0.00 0.95 0.37 0.44 0.00 0.00 0.00 0.00 0.00 0.46 4.70 6.34 9.00 9.02 0.00 0.00 0.00 0.00 0.00 0.00 0.00 0.00 0.00 8.13 6.02 5.30 7.12 15.03 9.97 11.40 13.93 11.96 6.62 3.17 3.51 3.25 1.22 2.20 3.03 2.81 2.10 0.00 0.00 7.25 6.54 0.00
0.00 0.00 0.00 0.00 0.00 0.00 0.00 0.00 0.00 0.00 0.00 0.00 0.00 0.00 0.00 0.00 5.18 6.50 6.60 4.60 5.62 6.86 4.67 3.80 2.99 2.41 5.40 4.16 1.97 0.00 2.63 0.00 0.00 1.24 0.44 5.04 5.18 4.60 6.06 3.96 3.76 2.51 2.12 2.12 3.50 1.53 1.31 0.00 0.76 0.00 0.00 0.00 0.00 0.00 0.00 0.00 0.00 0.00 0.00 0.00 0.00 0.00 0.00 0.00 3.68 8.71 0.00 5.80 6.48 4.54 3.07 3.81 0.00 0.00 0.00 4.06 0.00 0.00 0.00 0.00 0.00 0.00 0.00 0.00
0.00 0.00 0.00 0.00 0.00 0.00 0.00 0.00 0.00 0.00 0.00 0.00 0.00 0.00 0.00 0.00 0.00 0.00 0.00 4.60 0.00 4.24 2.41 4.09 4.38 6.21 5.62 5.33 4.82 3.14 5.77 5.33 2.56 2.12 4.02 7.08 5.91 6.64 5.62 5.91 1.93 5.64 5.33 5.95 6.64 6.20 4.53 1.35 0.00 0.00 0.00 0.00 0.00 0.00 0.00 0.00 0.00 0.00 0.00 0.00 0.00 0.00 0.00 0.00 0.00 3.76 0.00 0.00 0.00 0.00 0.00 3.17 0.00 0.00 0.00 0.00 0.00 0.00 0.00 0.00 0.00 0.00 0.00 0.00
0.00 0.00 0.00 0.00 0.00 0.00 0.00 0.00 0.00 0.00 0.00 0.00 0.00 0.00 0.00 0.00 0.00 0.00 0.00 0.00 0.00 4.53 2.85 4.67 4.45 6.75 3.28 4.53 5.26 6.06 5.91 6.79 4.30 3.14 0.00 3.40 0.00 6.72 0.00 2.77 0.00 3.94 3.25 4.13 4.75 8.30 3.75 2.21 0.00 0.00 0.00 0.00 0.00 0.00 0.00 0.00 0.00 0.00 0.00 0.00 0.00 0.00 0.00 0.00 0.00 0.00 0.00 0.00 0.00 0.00 0.00 0.00 0.00 0.00 0.00 0.00 0.00 0.00 0.00 0.00 0.00 0.00 0.00 0.00
0.00 0.00 0.00 0.00 0.00 0.00 0.00 0.00 0.00 0.00 0.00 0.00 0.00 0.00 0.00 0.00 0.00 0.00 0.00 0.00 0.00 0.00 0.00 0.00 0.00 0.00 4.96 4.53 4.96 0.00 4.74 5.04 0.00 0.00 0.00 0.00 0.00 0.00 0.00 0.00 0.00 0.00 0.00 0.00 0.00 7.46 0.00 5.69 0.00 0.00 0.00 0.00 0.00 0.00 0.00 0.00 0.00 0.00 0.00 0.00 0.00 0.00 0.00 0.00 0.00 0.00 0.00 0.00 0.00 0.00 0.00 0.00 0.00 0.00 0.00 0.00 0.00 0.00 0.00 0.00 0.00 0.00 0.00 0.00
