Wansh/Snow_depth/snowdepth-1992/spring/1992061.txt
ncols 321
nrows 161
xllcenter 60
yllcenter 15 
cellsize  0.25 
NODATA_value -1
[rows 0 to 36 of 161, columns 84 to 167 of 321]
25.55 25.33 24.82 22.92 23.51 21.10 20.95 16.50 16.50 16.13 17.81 18.76 18.98 18.83 18.76 17.89 22.12 22.27 22.27 21.68 21.90 20.73 17.81 18.54 10.95 7.15 3.14 2.41 2.26 4.38 8.69 7.66 12.85 12.26 12.56 13.07 13.21 12.48 11.02 11.02 13.65 14.38 14.75 14.75 10.00 10.73 7.01 6.86 6.94 10.51 9.42 13.51 9.56 12.48 9.20 12.41 10.88 10.73 11.32 10.88 9.27 9.13 9.13 9.13 7.81 7.15 7.30 10.37 10.37 14.16 14.16 14.16 14.16 14.60 15.33 15.11 14.97 15.48 17.45 17.37 16.50 16.94 15.91 14.82
24.24 22.63 22.70 21.17 21.10 21.68 18.69 18.76 17.16 18.61 18.10 18.40 16.43 16.57 14.38 14.89 13.65 14.82 14.82 14.24 20.81 20.73 20.08 14.60 16.06 7.59 4.09 4.53 2.48 3.21 3.21 5.40 8.47 8.91 9.34 9.05 9.34 11.39 10.95 12.70 14.67 13.87 17.96 17.96 15.26 16.06 9.78 11.53 6.42 7.08 5.77 7.52 7.15 8.18 7.59 9.56 10.07 11.83 12.05 11.90 8.47 13.80 11.83 11.02 9.93 13.51 13.65 13.14 13.14 14.31 12.41 15.18 12.92 15.18 16.64 17.89 22.19 20.59 20.95 18.47 17.08 16.86 18.25 17.52
20.66 18.76 18.83 19.71 16.35 18.76 18.47 20.29 19.86 20.37 19.20 19.49 16.50 14.89 15.33 12.56 10.29 10.95 10.95 13.21 12.85 14.53 17.89 17.01 17.52 12.99 5.69 3.07 3.50 2.48 3.29 2.85 7.15 10.22 9.78 10.95 11.10 11.61 14.16 13.87 13.80 11.90 14.82 14.82 13.51 20.15 17.59 19.20 11.02 10.44 5.69 3.94 4.23 5.40 4.45 8.10 7.37 13.65 11.02 13.14 15.11 16.86 17.74 17.37 17.37 16.50 17.67 15.91 15.91 20.73 15.33 16.06 17.52 18.25 18.03 20.00 23.73 23.80 24.02 24.53 22.70 20.66 20.88 18.83
20.66 18.76 18.83 19.71 16.35 18.76 18.47 20.29 19.86 20.37 19.20 19.49 16.50 14.89 15.33 12.56 10.29 10.95 10.95 13.21 12.85 14.53 17.89 17.01 17.52 12.99 5.69 3.07 3.50 2.48 3.29 2.85 7.15 10.22 9.78 10.95 11.10 11.61 14.16 13.87 13.80 11.90 14.82 14.82 13.51 20.15 17.59 19.20 11.02 10.44 5.69 3.94 4.23 5.40 4.45 8.10 7.37 13.65 11.02 13.14 15.11 16.86 17.74 17.37 17.37 16.50 17.67 15.91 15.91 20.73 15.33 16.06 17.52 18.25 18.03 20.00 23.73 23.80 24.02 24.53 22.70 20.66 20.88 18.83
17.16 17.52 17.67 16.43 15.70 18.18 15.26 18.69 18.40 17.74 17.52 16.64 17.96 15.77 14.53 14.53 14.82 12.12 12.12 9.42 10.66 10.37 14.38 17.96 17.74 13.58 7.81 8.91 4.53 3.14 3.36 3.21 5.99 4.96 11.83 14.97 14.82 14.97 16.72 16.79 12.99 14.38 11.61 11.61 17.52 18.10 21.68 22.27 15.77 13.87 8.25 8.47 6.20 4.89 4.45 5.40 7.88 7.23 12.12 8.25 11.90 15.84 17.37 16.50 18.54 21.53 22.34 20.37 20.37 20.81 18.40 16.64 17.59 18.47 17.96 20.29 18.40 21.75 22.48 22.70 23.58 19.49 20.00 18.98
21.02 19.27 20.22 20.44 18.54 18.91 15.77 15.99 15.77 16.13 16.64 16.43 16.86 16.21 16.21 16.43 16.28 15.70 15.70 12.41 13.14 11.02 9.13 9.05 11.10 14.67 11.24 6.50 6.42 4.02 2.99 3.14 5.11 7.88 8.47 13.58 14.38 15.18 15.48 14.97 13.14 14.16 12.12 12.12 15.18 13.94 17.81 20.37 16.64 18.47 12.85 7.81 4.96 4.96 5.11 5.04 4.89 7.15 8.47 7.96 10.73 12.70 17.52 20.44 22.05 21.61 21.75 19.56 19.56 17.81 17.30 17.74 16.43 18.40 17.45 16.72 16.72 17.74 15.91 16.64 18.98 18.40 21.17 21.32
22.19 21.83 21.02 20.00 19.71 19.64 18.40 17.37 17.81 17.96 16.72 16.21 16.50 15.84 17.45 15.99 18.69 18.32 18.32 18.10 14.02 14.89 9.34 9.20 8.61 9.20 6.35 6.72 5.99 6.50 6.13 6.06 8.32 8.10 10.80 14.24 13.58 15.40 14.75 14.97 14.89 13.51 14.31 14.31 15.55 16.64 19.20 15.26 14.09 14.97 10.07 6.35 3.87 5.18 6.64 4.60 6.06 9.64 10.80 12.85 15.40 14.38 17.30 19.78 20.00 21.46 21.17 21.02 21.02 19.42 19.05 19.78 19.42 18.98 18.91 20.00 19.20 17.23 17.81 16.43 16.86 18.10 20.73 21.02
22.19 21.83 21.02 20.00 19.71 19.64 18.40 17.37 17.81 17.96 16.72 16.21 16.50 15.84 17.45 15.99 18.69 18.32 18.32 18.10 14.02 14.89 9.34 9.20 8.61 9.20 6.35 6.72 5.99 6.50 6.13 6.06 8.32 8.10 10.80 14.24 13.58 15.40 14.75 14.97 14.89 13.51 14.31 14.31 15.55 16.64 19.20 15.26 14.09 14.97 10.07 6.35 3.87 5.18 6.64 4.60 6.06 9.64 10.80 12.85 15.40 14.38 17.30 19.78 20.00 21.46 21.17 21.02 21.02 19.42 19.05 19.78 19.42 18.98 18.91 20.00 19.20 17.23 17.81 16.43 16.86 18.10 20.73 21.02
20.66 18.54 18.18 19.05 19.13 19.20 17.81 18.32 17.52 15.99 15.91 13.21 10.37 10.66 15.11 17.59 17.59 17.23 17.23 17.45 16.94 16.50 12.05 9.34 7.96 9.05 6.86 6.13 5.55 6.50 6.28 6.86 7.45 8.40 14.82 15.26 15.91 13.21 14.89 12.99 11.97 8.54 9.34 9.34 9.93 12.85 12.85 12.78 8.98 10.07 7.96 10.15 6.79 7.74 8.25 7.23 7.74 7.30 9.64 11.83 12.99 14.24 16.64 15.84 18.40 16.64 18.61 18.54 18.54 19.78 18.10 19.27 18.69 20.15 20.08 20.29 19.27 19.93 19.56 17.81 18.61 16.86 15.84 18.32
14.38 16.43 16.35 15.99 15.70 16.64 17.23 14.97 14.24 14.31 12.70 13.14 10.51 11.10 10.51 14.31 16.79 16.35 16.35 15.62 15.55 15.33 12.78 8.25 8.91 7.15 6.28 6.06 7.01 6.28 6.64 6.28 7.52 7.15 10.95 15.55 13.72 14.16 11.90 8.91 7.23 7.52 7.52 7.52 7.96 8.32 7.88 8.25 9.56 9.93 10.80 13.43 10.59 13.87 14.75 10.37 11.53 13.58 12.78 12.78 12.85 13.51 14.60 14.97 16.28 15.77 17.37 16.72 16.72 18.03 16.57 18.25 17.89 19.49 20.59 18.91 20.73 20.29 20.88 20.51 16.28 17.52 15.26 15.18
14.38 14.38 14.60 14.89 14.97 14.02 14.16 14.53 14.24 14.31 14.53 15.11 16.86 11.61 15.04 14.38 17.81 20.73 20.73 20.00 20.08 15.77 10.07 10.73 8.10 7.01 6.86 6.42 5.84 5.99 5.91 6.28 6.20 7.30 10.22 12.12 11.83 11.97 9.71 10.29 11.46 10.51 9.42 9.42 9.71 8.69 9.20 9.13 13.43 15.70 14.53 16.35 17.01 16.21 17.81 14.97 14.97 15.70 15.70 19.64 16.79 15.62 16.28 15.04 16.35 17.96 19.64 18.32 18.32 21.53 21.46 22.12 23.14 23.07 21.75 21.53 23.36 22.19 22.85 20.59 17.23 18.61 16.06 17.16
14.38 14.38 14.60 14.89 14.97 14.02 14.16 14.53 14.24 14.31 14.53 15.11 16.86 11.61 15.04 14.38 17.81 20.73 20.73 20.00 20.08 15.77 10.07 10.73 8.10 7.01 6.86 6.42 5.84 5.99 5.91 6.28 6.20 7.30 10.22 12.12 11.83 11.97 9.71 10.29 11.46 10.51 9.42 9.42 9.71 8.69 9.20 9.13 13.43 15.70 14.53 16.35 17.01 16.21 17.81 14.97 14.97 15.70 15.70 19.64 16.79 15.62 16.28 15.04 16.35 17.96 19.64 18.32 18.32 21.53 21.46 22.12 23.14 23.07 21.75 21.53 23.36 22.19 22.85 20.59 17.23 18.61 16.06 17.16
14.16 14.82 14.75 13.80 13.58 13.80 14.38 15.99 14.45 16.28 17.16 16.86 19.71 21.24 20.81 20.22 22.41 21.61 21.61 21.83 16.57 17.67 11.10 9.05 8.61 7.74 6.06 6.28 5.99 6.35 6.57 6.42 7.59 7.52 8.40 15.18 17.23 16.43 15.26 13.07 12.56 15.33 13.21 13.21 13.07 11.90 12.12 11.83 15.70 17.23 16.64 20.66 20.44 21.24 19.78 15.77 14.60 18.10 20.88 19.42 17.89 16.06 16.79 17.81 17.81 17.89 18.69 17.67 17.67 22.27 23.51 24.53 24.24 24.97 24.89 25.55 23.73 22.63 19.35 19.71 19.42 19.27 16.57 18.47
14.09 14.82 14.89 15.55 15.70 14.97 14.60 16.86 20.15 19.13 20.37 20.08 19.56 21.97 21.61 21.83 22.27 22.41 22.41 22.27 18.83 14.45 12.85 9.64 10.07 8.40 7.08 8.76 11.83 8.69 14.60 16.35 17.67 15.26 16.06 17.74 17.30 18.40 18.18 16.13 15.55 16.13 14.82 14.82 17.37 15.33 17.67 17.67 16.79 19.49 17.59 20.08 21.32 21.24 21.90 22.92 21.39 20.37 21.32 18.03 17.08 15.84 18.98 19.64 19.27 19.42 20.29 17.81 17.81 19.27 23.94 25.55 25.62 26.35 25.04 25.33 18.91 19.27 15.84 15.40 11.02 15.26 15.11 15.62
15.48 15.55 16.06 15.77 15.40 15.11 13.21 15.77 18.98 19.71 19.71 16.21 14.82 18.98 21.32 22.92 22.63 22.41 22.41 20.00 15.70 16.64 12.12 10.44 10.44 10.44 9.64 9.42 12.12 16.79 16.06 18.54 18.83 17.67 17.67 17.96 17.16 18.32 18.10 18.47 18.40 18.32 18.98 18.98 18.98 19.05 18.98 17.67 17.89 19.56 20.81 20.59 21.90 25.04 24.38 27.59 26.28 23.58 18.61 14.09 15.33 13.94 15.62 12.92 16.13 15.33 19.71 19.78 19.78 21.32 23.07 22.41 24.45 24.09 17.08 17.45 14.45 15.62 12.05 2.99 9.71 15.70 14.67 16.64
15.70 15.99 15.84 15.91 15.26 11.53 12.34 8.69 8.03 14.38 12.92 12.34 11.90 15.33 15.77 15.55 17.16 16.86 16.86 19.42 16.50 12.70 13.07 11.46 11.39 11.24 11.53 13.36 14.53 15.55 16.94 19.56 17.89 18.76 16.94 17.01 16.86 17.45 17.37 18.61 19.20 18.18 17.16 17.16 15.18 14.67 14.97 15.84 15.04 20.37 17.96 19.20 18.69 22.70 25.84 23.94 24.16 23.58 16.50 12.56 13.43 12.34 12.19 12.56 14.24 17.74 16.13 20.44 20.44 21.90 23.29 21.61 18.18 17.01 17.08 17.59 14.97 6.79 0.00 0.00 7.15 13.80 16.72 16.06
15.70 15.99 15.84 15.91 15.26 11.53 12.34 8.69 8.03 14.38 12.92 12.34 11.90 15.33 15.77 15.55 17.16 16.86 16.86 19.42 16.50 12.70 13.07 11.46 11.39 11.24 11.53 13.36 14.53 15.55 16.94 19.56 17.89 18.76 16.94 17.01 16.86 17.45 17.37 18.61 19.20 18.18 17.16 17.16 15.18 14.67 14.97 15.84 15.04 20.37 17.96 19.20 18.69 22.70 25.84 23.94 24.16 23.58 16.50 12.56 13.43 12.34 12.19 12.56 14.24 17.74 16.13 20.44 20.44 21.90 23.29 21.61 18.18 17.01 17.08 17.59 14.97 6.79 0.00 0.00 7.15 13.80 16.72 16.06
15.70 15.70 16.43 18.03 17.23 12.99 8.18 8.47 6.28 6.94 6.42 9.78 13.36 12.34 15.04 16.06 15.55 16.28 16.28 13.36 13.80 12.26 10.88 11.02 11.10 13.43 14.02 13.94 14.75 15.40 17.81 17.08 19.13 20.22 16.57 14.67 14.02 16.13 12.92 16.79 13.58 14.45 13.51 13.51 13.51 14.09 14.53 14.82 13.65 13.87 15.40 16.79 17.08 19.35 21.46 21.61 21.61 20.29 19.35 16.72 16.94 16.79 22.12 18.10 18.76 17.23 15.77 17.45 17.45 21.97 23.94 22.34 19.93 18.61 17.89 13.21 14.67 7.88 0.00 7.88 6.86 11.61 11.02 15.26
14.60 15.11 14.89 18.18 18.91 18.54 17.37 8.47 8.61 7.52 8.91 8.91 10.44 13.29 12.85 15.26 16.06 16.35 16.35 14.09 12.19 10.66 10.95 10.59 13.51 12.70 15.70 17.16 16.06 16.21 16.06 20.44 20.59 20.66 18.98 16.86 11.10 10.00 10.07 7.45 9.56 12.63 12.99 12.99 14.75 15.40 14.38 13.51 11.10 11.61 10.59 12.70 15.62 17.45 21.24 24.16 24.16 24.31 23.00 24.75 20.73 27.08 25.70 21.46 22.85 18.18 22.56 26.35 26.35 27.52 27.59 25.40 22.12 15.99 13.87 10.15 5.04 4.67 4.31 6.50 7.15 10.15 9.20 12.85
14.24 12.85 14.24 15.99 18.18 18.10 18.18 15.55 14.09 9.42 9.49 9.05 8.91 10.37 10.37 11.24 10.66 12.48 12.48 13.58 13.43 12.70 12.41 12.48 12.19 15.99 16.94 17.08 15.62 14.45 9.49 12.48 11.53 15.91 15.40 10.73 5.04 3.50 4.74 4.31 4.96 12.34 12.78 12.78 17.37 15.11 14.97 11.61 16.72 16.79 15.70 14.45 15.91 17.81 18.76 23.87 27.23 28.62 29.42 28.98 29.20 29.27 27.67 26.57 24.16 20.66 25.11 27.52 27.52 20.95 16.21 11.02 12.05 10.80 10.59 3.87 3.72 4.31 3.36 2.19 5.84 7.74 8.61 8.10
11.83 11.68 13.80 14.60 16.13 16.50 15.99 15.91 17.67 20.37 21.75 21.90 21.75 21.53 12.63 10.66 11.17 10.88 10.88 11.97 12.70 12.92 12.92 12.99 15.04 14.53 16.28 17.67 13.29 9.05 9.42 7.81 11.97 7.96 6.64 8.61 3.58 0.00 0.00 4.96 5.62 6.13 7.08 7.08 15.99 14.67 15.11 14.53 18.10 22.48 21.02 24.67 21.02 20.66 22.48 26.21 29.35 29.78 28.62 27.16 28.54 26.79 27.30 27.16 25.11 21.90 24.82 23.80 23.80 17.01 10.44 6.57 3.72 2.48 2.63 2.63 1.83 1.17 1.31 2.48 2.48 3.07 7.15 4.60
9.78 13.14 12.41 14.16 14.24 14.16 14.53 19.05 18.40 21.61 25.62 26.57 27.52 27.52 24.67 19.05 20.22 15.48 15.48 14.16 14.38 15.26 16.94 18.03 18.03 20.59 19.93 20.44 17.74 10.59 8.32 4.31 3.80 4.38 5.55 2.48 0.73 0.00 0.00 2.34 3.14 3.80 4.38 4.38 4.60 9.93 9.49 8.03 9.78 8.61 15.99 19.78 24.89 17.23 26.43 26.43 26.06 25.99 26.94 21.53 20.15 23.94 26.21 24.67 26.50 25.04 21.46 23.07 23.07 17.59 11.61 12.05 8.18 4.23 8.18 4.45 2.12 2.92 1.61 0.51 2.26 1.75 4.31 2.85
9.78 13.14 12.41 14.16 14.24 14.16 14.53 19.05 18.40 21.61 25.62 26.57 27.52 27.52 24.67 19.05 20.22 15.48 15.48 14.16 14.38 15.26 16.94 18.03 18.03 20.59 19.93 20.44 17.74 10.59 8.32 4.31 3.80 4.38 5.55 2.48 0.73 0.00 0.00 2.34 3.14 3.80 4.38 4.38 4.60 9.93 9.49 8.03 9.78 8.61 15.99 19.78 24.89 17.23 26.43 26.43 26.06 25.99 26.94 21.53 20.15 23.94 26.21 24.67 26.50 25.04 21.46 23.07 23.07 17.59 11.61 12.05 8.18 4.23 8.18 4.45 2.12 2.92 1.61 0.51 2.26 1.75 4.31 2.85
9.86 9.78 12.78 12.41 14.31 15.04 15.70 17.89 23.43 26.43 26.06 27.96 27.30 27.38 26.57 22.19 17.67 18.25 18.25 15.70 16.50 16.21 18.03 18.61 19.78 19.05 20.95 17.45 15.70 9.27 10.51 5.91 3.43 1.75 1.83 0.66 0.00 0.00 0.00 0.00 0.00 2.34 0.00 0.00 2.85 2.99 0.00 0.00 2.92 2.48 6.42 3.43 8.25 8.47 13.87 16.28 7.81 9.05 13.43 17.30 17.16 21.97 19.27 22.92 25.77 25.40 21.32 19.78 19.78 19.05 18.47 19.20 14.31 16.21 11.10 6.06 3.07 0.66 0.66 0.07 0.95 1.10 1.83 1.90
11.32 10.88 14.89 16.94 14.82 16.86 20.51 24.67 24.67 27.08 24.82 25.33 22.78 22.92 23.00 21.17 18.69 18.91 18.91 17.59 17.74 21.32 22.48 20.11 20.62 20.41 17.11 16.43 16.64 13.43 12.63 7.96 2.99 3.72 1.39 1.17 0.44 0.51 1.61 0.00 0.44 0.80 0.00 0.00 0.00 0.00 0.00 0.00 1.17 0.29 1.46 1.24 4.16 7.52 7.08 2.34 4.45 6.94 11.02 14.16 16.64 17.52 17.23 20.44 21.02 17.74 16.72 19.13 19.13 20.44 21.46 17.01 14.16 15.33 11.68 7.15 2.04 0.95 3.43 2.26 2.26 1.83 0.00 0.44
14.89 17.16 17.08 18.54 22.63 26.21 24.16 27.08 27.08 27.67 23.29 20.51 15.70 15.62 11.46 14.75 19.49 18.61 18.61 21.83 21.90 21.75 23.07 23.56 23.67 20.71 20.46 21.22 20.37 16.28 17.74 11.68 9.05 8.40 2.48 3.80 1.83 1.97 2.56 0.95 0.15 1.02 0.80 0.80 0.00 0.00 0.00 0.00 0.00 0.00 0.80 0.00 2.04 1.97 2.04 2.04 2.12 5.26 6.79 11.53 16.50 17.01 15.55 15.48 18.10 18.18 13.94 15.84 15.84 16.28 18.25 14.97 12.34 12.41 7.88 4.38 5.55 2.99 5.33 3.36 4.02 2.41 0.00 0.00
18.25 17.81 17.96 17.89 21.02 25.55 28.54 27.59 26.35 17.45 20.51 15.99 11.17 9.05 8.76 12.19 18.69 21.39 21.39 21.32 20.08 21.20 17.84 24.01 23.07 24.21 23.95 22.12 22.80 21.45 23.14 17.23 12.48 15.62 10.37 8.69 5.11 2.85 2.92 0.07 2.48 1.31 0.44 0.44 0.00 0.00 0.00 0.00 0.00 0.95 1.10 0.44 1.31 1.46 1.46 0.00 3.36 6.06 9.49 9.13 13.65 14.38 16.50 15.11 13.14 14.60 19.20 22.27 22.27 22.12 21.46 17.74 19.71 15.62 13.14 11.75 9.34 10.51 5.33 3.94 1.83 0.44 0.44 1.02
15.62 15.77 14.02 17.89 17.52 21.17 27.45 28.11 28.25 23.00 14.82 11.97 9.93 10.22 14.24 19.20 15.55 21.53 21.53 16.51 9.51 10.52 10.61 16.86 21.12 20.00 24.68 28.01 31.49 26.62 21.72 24.02 22.34 21.83 17.52 16.64 11.46 11.02 4.82 2.70 0.95 2.04 0.51 0.51 0.73 0.00 0.00 0.00 3.07 1.68 1.68 0.22 1.10 0.00 0.00 0.00 0.00 4.53 5.69 11.46 15.70 14.75 17.37 19.35 21.53 24.09 23.36 24.75 24.75 24.45 21.90 18.10 19.64 16.43 13.87 12.05 8.69 6.94 4.89 4.96 2.77 2.70 1.83 1.75
15.62 15.77 14.02 17.89 17.52 21.17 27.45 28.11 28.25 23.00 14.82 11.97 9.93 10.22 14.24 19.20 15.55 21.53 21.64 17.05 9.66 11.27 10.34 17.30 20.81 20.00 23.94 26.03 29.42 27.03 21.94 25.02 25.10 23.10 17.97 16.64 11.46 11.02 4.82 2.70 0.95 2.04 0.51 0.51 0.73 0.00 0.00 0.00 3.07 1.68 1.68 0.22 1.10 0.00 0.00 0.00 0.00 4.53 5.69 11.46 15.70 14.75 17.37 19.35 21.53 24.09 23.36 24.75 24.75 24.45 21.90 18.10 19.64 16.43 13.87 12.05 8.69 6.94 4.89 4.96 2.77 2.70 1.83 1.75
16.06 14.38 15.18 13.43 11.02 21.83 20.22 27.38 25.48 20.73 21.53 17.16 13.87 16.35 14.75 22.12 24.31 17.96 17.96 20.00 9.93 5.91 7.48 6.45 10.63 9.95 20.72 28.39 27.16 30.74 32.59 28.67 27.16 29.37 22.80 25.12 14.01 6.72 2.85 2.41 4.45 2.19 1.61 1.61 1.10 1.02 1.68 1.39 3.65 3.72 4.74 2.41 0.00 0.00 0.00 0.00 0.00 0.00 3.07 8.25 13.65 13.21 17.89 18.47 20.15 24.89 25.04 24.24 24.24 22.56 20.73 17.59 13.80 13.29 13.43 13.36 11.17 6.79 4.60 3.87 4.02 3.07 1.75 1.46
16.94 16.35 14.09 12.19 14.38 12.34 15.55 20.08 26.50 27.23 24.16 25.19 19.05 15.55 21.02 19.20 24.31 22.05 22.05 15.33 9.20 7.70 5.48 4.53 5.65 4.89 9.34 16.72 21.97 31.12 30.81 31.76 27.67 32.67 31.81 28.81 25.12 5.28 18.32 13.87 7.88 5.77 3.07 3.07 2.04 0.22 0.29 0.07 2.12 1.83 4.02 4.45 2.99 1.68 3.21 0.00 0.00 0.00 0.00 5.26 4.82 7.81 15.33 13.72 16.86 24.38 22.85 23.21 23.21 21.83 21.24 14.67 10.66 12.41 13.94 8.61 8.98 6.86 5.11 4.89 3.43 3.21 5.26 3.21
19.13 19.64 18.69 17.45 15.84 16.35 17.30 24.53 25.84 26.43 22.85 18.03 13.87 14.60 10.59 11.75 11.68 11.97 11.97 11.39 10.22 7.37 7.88 5.18 5.04 6.42 9.13 18.07 22.48 28.82 26.94 30.73 31.46 33.14 32.97 33.34 33.77 28.25 23.73 20.00 13.72 10.37 9.42 9.42 4.67 0.73 0.15 0.00 0.22 0.00 3.07 1.97 3.43 4.82 3.80 1.31 0.00 0.00 0.00 3.87 3.43 5.26 8.61 15.18 20.08 19.49 18.69 18.54 18.54 11.17 9.64 10.07 9.05 9.20 4.96 5.99 7.15 8.54 8.54 7.15 10.44 8.61 9.20 5.69
15.99 13.94 17.23 20.44 19.42 21.61 20.73 24.31 25.77 24.45 24.97 23.36 16.35 11.17 12.12 9.71 7.74 6.64 6.64 8.76 8.25 10.07 10.37 11.61 8.91 8.83 8.32 11.08 16.50 24.09 28.84 25.62 31.39 30.30 33.00 32.56 34.98 29.58 24.58 27.06 15.99 10.80 12.78 12.78 7.66 2.70 3.94 0.73 0.00 0.51 2.26 0.00 2.48 4.16 4.31 2.34 0.00 0.00 2.99 3.87 4.89 6.86 6.42 8.54 12.63 13.07 6.57 7.37 7.37 7.96 5.84 3.80 4.53 4.53 4.38 6.79 8.10 8.98 9.34 9.49 10.07 10.51 10.07 10.29
10.37 8.91 13.07 15.55 14.75 20.88 24.31 22.34 20.35 22.48 26.57 21.32 23.58 12.78 7.81 2.04 5.18 2.92 2.92 0.00 0.00 4.38 11.90 11.10 13.51 17.96 14.24 15.71 16.57 17.37 20.88 16.06 25.04 22.78 25.11 29.27 32.85 28.40 24.09 23.43 18.78 15.04 11.10 11.10 9.49 6.13 6.86 3.50 0.73 0.00 2.41 2.77 2.63 2.77 0.00 0.00 0.00 0.00 2.85 3.07 4.31 4.89 6.13 8.10 6.86 0.00 0.00 4.16 4.16 3.65 3.72 3.07 3.72 4.53 5.40 4.60 7.30 9.05 6.79 8.32 8.61 7.74 10.51 8.98
6.06 6.28 7.15 11.97 20.73 16.94 26.57 24.60 16.77 13.21 12.56 16.28 11.10 4.31 8.47 1.53 0.00 0.00 0.00 0.00 0.00 0.00 7.37 6.20 14.45 17.59 17.74 15.99 16.30 16.72 16.87 13.79 14.07 11.97 16.94 15.70 17.96 14.38 18.98 21.10 18.07 12.41 11.75 11.75 10.37 7.88 9.20 8.76 9.20 4.02 4.38 1.61 2.19 0.00 0.37 0.00 0.00 0.00 3.07 2.92 4.53 4.60 4.23 3.94 0.00 0.00 0.00 0.00 0.00 0.00 1.68 2.41 2.19 1.31 3.43 5.26 0.00 0.00 4.67 5.91 6.72 9.27 9.27 7.81
6.06 6.28 7.15 11.97 20.73 16.94 26.57 24.60 16.35 13.21 12.56 16.28 11.10 4.31 8.47 1.53 0.00 0.00 0.00 0.00 0.00 0.00 7.37 6.20 14.45 17.59 17.74 15.99 16.06 16.13 16.28 13.72 13.65 11.97 17.02 15.77 17.96 14.31 19.17 21.10 17.89 12.41 11.75 11.75 10.37 7.88 9.20 8.76 9.20 4.02 4.38 1.61 2.19 0.00 0.37 0.00 0.00 0.00 3.07 2.92 4.53 4.60 4.23 3.94 0.00 0.00 0.00 0.00 0.00 0.00 1.68 2.41 2.19 1.31 3.43 5.26 0.00 0.00 4.67 5.91 6.72 9.27 9.27 7.81
16.94 13.94 7.01 7.30 15.84 26.72 26.21 27.50 18.68 12.48 13.29 12.56 11.90 4.45 0.44 0.95 0.00 0.00 0.00 0.00 0.00 0.00 0.00 0.00 8.47 15.33 17.45 16.21 12.78 12.63 11.90 9.05 9.42 8.10 13.58 9.64 12.26 13.43 12.55 17.01 9.13 9.56 9.05 9.05 8.83 4.23 5.69 8.47 6.57 7.96 7.01 6.50 4.53 2.34 0.00 0.00 0.00 3.72 5.18 4.45 4.02 4.31 2.77 1.97 0.00 0.00 0.00 0.00 0.00 0.00 0.00 0.00 0.00 0.00 0.00 0.00 0.00 1.90 2.12 0.00 0.00 5.04 6.94 6.86
