Wansh/Snow_depth/snowdepth-1988/spring/1988076.txt
ncols 321
nrows 161
xllcenter 60
yllcenter 15 
cellsize  0.25 
NODATA_value -1
[rows 0 to 36 of 161, columns 84 to 167 of 321]
21.53 21.97 22.63 22.48 22.70 20.51 18.47 16.35 15.33 15.26 15.77 16.94 18.10 19.56 20.95 20.95 19.86 20.73 20.73 20.59 19.35 17.67 15.99 11.90 7.74 5.69 2.92 2.12 1.68 2.19 4.02 6.50 10.73 14.09 12.41 11.75 11.61 10.66 10.88 11.24 11.68 13.43 12.70 12.70 9.93 8.32 5.69 4.74 4.31 5.04 8.10 9.64 9.78 9.20 9.78 11.53 12.26 11.17 9.49 7.01 6.13 4.67 3.65 3.36 3.14 2.99 3.72 5.91 5.91 7.59 9.27 12.70 14.16 14.24 12.85 12.63 13.14 14.89 16.86 17.37 17.08 15.11 12.99 11.39
21.61 21.02 20.95 20.73 18.69 19.93 17.01 17.16 18.03 18.25 17.89 17.45 16.57 15.04 14.02 13.36 13.58 15.91 15.91 17.16 17.67 17.81 17.08 16.06 12.12 7.52 4.23 2.63 1.83 1.53 2.92 5.77 8.47 11.17 10.51 7.37 6.28 6.86 7.37 7.96 9.93 12.26 13.51 13.51 13.94 10.80 9.13 6.94 4.53 4.45 4.67 4.82 5.26 5.55 6.72 7.52 9.49 10.44 10.51 9.86 8.83 9.05 8.40 7.66 7.23 8.18 8.47 9.27 9.27 9.86 10.66 11.75 13.14 15.84 17.01 17.52 18.47 19.35 19.93 19.42 19.49 17.96 17.01 15.70
20.88 19.56 18.91 17.23 16.13 16.13 17.01 16.50 20.95 20.73 20.29 18.76 17.23 15.62 13.43 10.95 9.56 9.56 9.56 11.39 12.85 13.65 16.13 16.28 14.31 11.90 7.30 4.82 3.14 2.63 3.14 4.16 5.40 9.34 11.75 11.83 11.68 11.10 10.51 10.00 8.83 6.94 7.74 7.74 10.07 13.80 14.31 11.97 9.86 5.55 3.65 2.85 3.07 3.43 3.80 5.84 6.64 8.83 10.59 12.48 12.48 12.85 12.99 12.56 12.70 12.99 12.99 13.51 13.51 14.09 13.51 12.05 12.41 13.51 16.43 19.42 20.59 20.29 20.15 20.59 20.81 21.61 21.17 20.00
20.88 19.56 18.91 17.23 16.13 16.13 17.01 16.50 20.95 20.73 20.29 18.76 17.23 15.62 13.43 10.95 9.56 9.56 9.56 11.39 12.85 13.65 16.13 16.28 14.31 11.90 7.30 4.82 3.14 2.63 3.14 4.16 5.40 9.34 11.75 11.83 11.68 11.10 10.51 10.00 8.83 6.94 7.74 7.74 10.07 13.80 14.31 11.97 9.86 5.55 3.65 2.85 3.07 3.43 3.80 5.84 6.64 8.83 10.59 12.48 12.48 12.85 12.99 12.56 12.70 12.99 12.99 13.51 13.51 14.09 13.51 12.05 12.41 13.51 16.43 19.42 20.59 20.29 20.15 20.59 20.81 21.61 21.17 20.00
19.64 19.35 18.10 17.59 17.74 18.40 17.89 18.10 17.01 17.23 17.67 17.59 17.37 16.35 15.48 13.87 12.92 10.22 10.22 8.40 7.45 7.52 9.56 12.19 13.72 12.78 9.20 6.28 4.09 2.48 2.12 2.85 4.45 7.96 11.17 14.38 14.16 11.90 10.73 7.45 4.89 3.80 3.58 3.58 4.89 9.27 12.05 14.82 15.18 10.80 7.15 4.60 4.38 3.87 3.29 3.21 3.87 5.77 7.37 10.00 11.83 12.85 13.58 13.87 14.24 15.04 15.91 15.70 15.70 15.62 15.48 14.75 14.24 13.43 13.72 14.09 17.01 18.18 17.81 16.86 16.72 17.37 17.23 17.59
21.02 20.51 20.51 20.95 20.59 18.25 16.21 14.45 13.29 12.56 13.65 13.51 13.72 13.87 14.31 14.97 14.89 13.80 13.80 11.46 9.64 7.74 7.81 9.27 10.66 11.68 10.00 6.28 4.31 4.02 3.43 2.77 3.94 5.33 8.83 11.39 11.10 7.81 4.38 3.07 0.00 0.00 3.80 3.80 5.55 7.59 10.95 14.89 15.77 11.90 7.37 5.99 3.80 3.87 4.16 4.67 5.62 6.50 7.74 9.20 10.88 13.29 15.11 17.08 16.64 16.28 15.18 14.67 14.67 13.80 13.87 14.45 14.75 14.31 13.65 12.48 11.17 11.10 10.73 13.14 15.62 16.94 17.16 17.74
22.41 21.17 21.02 20.15 19.20 18.83 17.23 14.97 13.58 13.94 13.72 10.29 9.78 9.93 12.48 14.02 13.80 13.14 13.14 12.34 12.05 11.90 9.78 8.25 8.61 8.76 6.20 4.60 4.45 4.53 4.02 3.58 4.09 5.84 7.81 9.71 9.49 5.33 2.48 1.97 2.99 4.16 6.20 6.20 8.10 9.93 11.53 12.85 12.34 10.37 7.01 4.45 2.92 2.92 3.94 5.91 7.01 9.27 10.37 12.12 13.36 14.60 17.23 18.03 18.54 18.47 17.52 15.99 15.99 15.26 15.62 15.70 15.55 15.91 16.06 15.11 14.09 12.78 11.61 10.37 10.73 13.07 15.55 17.52
22.41 21.17 21.02 20.15 19.20 18.83 17.23 14.97 13.58 13.94 13.72 10.29 9.78 9.93 12.48 14.02 13.80 13.14 13.14 12.34 12.05 11.90 9.78 8.25 8.61 8.76 6.20 4.60 4.45 4.53 4.02 3.58 4.09 5.84 7.81 9.71 9.49 5.33 2.48 1.97 2.99 4.16 6.20 6.20 8.10 9.93 11.53 12.85 12.34 10.37 7.01 4.45 2.92 2.92 3.94 5.91 7.01 9.27 10.37 12.12 13.36 14.60 17.23 18.03 18.54 18.47 17.52 15.99 15.99 15.26 15.62 15.70 15.55 15.91 16.06 15.11 14.09 12.78 11.61 10.37 10.73 13.07 15.55 17.52
20.22 19.64 18.40 17.01 16.13 15.77 15.26 12.70 11.46 10.15 11.17 10.15 7.23 7.88 9.49 12.34 13.65 13.87 13.87 14.02 14.82 16.21 14.60 11.39 8.32 6.50 5.11 4.02 4.67 4.60 4.23 4.38 4.16 5.33 8.69 10.37 8.83 5.18 4.23 4.02 4.23 4.74 6.06 6.06 7.01 7.45 7.08 6.79 7.52 7.45 7.08 7.15 6.86 7.30 7.96 8.25 8.76 9.13 10.37 11.68 13.14 13.65 14.24 15.18 16.06 16.43 16.57 15.99 15.99 14.97 15.11 16.28 16.21 15.55 15.77 15.55 16.35 16.50 15.33 14.09 12.19 10.59 11.68 13.14
16.35 14.97 14.38 13.14 12.70 10.88 9.27 8.40 7.59 7.37 7.88 7.01 7.66 8.32 10.15 13.14 17.23 18.10 18.10 18.47 17.81 17.52 15.91 9.71 6.94 5.77 5.26 5.33 5.77 5.62 4.89 4.09 4.60 7.01 8.61 10.37 10.37 9.93 8.54 7.01 6.28 6.20 6.72 6.72 6.64 6.13 6.79 7.37 7.88 8.32 9.78 11.24 12.78 12.63 12.05 12.41 13.14 12.99 12.05 11.75 13.07 14.02 14.16 14.38 14.82 15.26 15.77 16.35 16.35 16.06 15.70 15.18 16.13 17.67 17.89 18.76 19.93 21.02 20.22 18.40 15.77 13.58 11.32 9.78
12.85 12.26 11.39 9.86 8.98 8.18 7.66 6.86 6.50 6.79 7.88 8.32 7.15 8.83 13.21 17.01 20.29 21.97 21.97 22.34 22.85 20.51 14.24 9.20 7.15 6.79 5.84 5.55 5.04 4.60 4.45 4.38 4.45 5.33 7.45 9.05 10.59 10.80 9.71 8.69 8.61 8.83 8.83 8.83 8.18 8.83 8.18 8.91 10.88 12.48 13.36 14.89 15.40 13.87 13.87 14.53 15.33 16.86 16.21 14.67 14.16 14.75 15.04 14.38 14.38 14.97 15.91 17.01 17.01 18.03 18.98 18.47 18.83 20.73 22.12 24.09 24.97 24.82 23.14 20.08 16.94 14.89 13.43 12.70
12.85 12.26 11.39 9.86 8.98 8.18 7.66 6.86 6.50 6.79 7.88 8.32 7.15 8.83 13.21 17.01 20.29 21.97 21.97 22.34 22.85 20.51 14.24 9.20 7.15 6.79 5.84 5.55 5.04 4.60 4.45 4.38 4.45 5.33 7.45 9.05 10.59 10.80 9.71 8.69 8.61 8.83 8.83 8.83 8.18 8.83 8.18 8.91 10.88 12.48 13.36 14.89 15.40 13.87 13.87 14.53 15.33 16.86 16.21 14.67 14.16 14.75 15.04 14.38 14.38 14.97 15.91 17.01 17.01 18.03 18.98 18.47 18.83 20.73 22.12 24.09 24.97 24.82 23.14 20.08 16.94 14.89 13.43 12.70
10.73 10.88 10.73 9.56 8.54 7.96 7.37 7.23 7.59 8.54 9.71 10.37 12.34 10.00 13.21 19.35 20.59 22.27 22.27 23.14 22.70 19.05 12.85 10.44 9.13 8.25 7.01 5.69 5.18 6.06 7.52 7.74 7.88 9.27 10.07 11.39 13.80 14.53 13.07 12.56 12.48 12.12 11.53 11.53 11.02 10.59 11.61 12.92 13.94 14.53 15.33 16.43 16.50 15.62 14.45 15.11 16.94 18.47 18.54 17.16 16.35 15.62 15.04 14.89 15.11 14.67 14.53 15.84 15.84 17.67 18.32 19.42 20.29 21.39 23.36 25.04 24.82 24.82 24.45 22.05 19.13 16.35 14.82 14.67
9.93 11.32 11.39 9.86 8.61 7.23 6.79 7.81 8.10 9.71 11.24 12.26 14.45 16.64 15.99 20.73 20.15 20.88 20.88 21.02 18.61 14.60 12.85 11.32 10.73 8.76 7.08 6.79 8.25 10.07 11.90 14.16 14.97 15.99 15.11 15.70 16.35 15.70 15.26 15.33 14.16 14.89 15.70 15.70 15.40 15.91 16.94 17.89 17.59 16.57 16.72 15.77 15.40 15.55 15.84 17.37 19.35 19.42 16.57 14.38 14.09 15.18 15.70 16.72 16.50 15.91 15.55 15.70 15.70 17.45 19.20 20.44 21.02 21.39 21.46 21.02 17.59 16.57 16.21 18.91 19.64 17.08 14.89 14.45
11.24 12.05 10.37 9.13 8.32 7.96 8.18 8.91 10.00 11.97 14.02 14.45 14.67 16.35 18.25 19.05 18.98 17.52 17.52 16.64 15.40 13.65 12.48 11.68 11.83 10.51 10.00 9.56 11.24 15.18 16.21 18.47 18.91 18.54 18.18 16.72 15.11 13.14 13.21 15.11 17.52 19.71 19.93 19.93 19.35 18.32 17.81 18.25 17.96 18.10 18.91 18.54 17.89 18.61 19.49 21.53 23.07 23.00 17.74 11.83 10.07 10.37 11.32 12.92 14.16 16.21 16.50 16.43 16.43 16.86 18.03 18.91 19.27 17.81 17.96 17.81 13.36 9.27 6.79 12.85 19.13 20.73 19.56 18.40
11.46 11.61 10.80 10.59 10.95 10.15 7.52 7.59 7.96 9.34 9.71 11.24 12.05 13.65 14.75 14.82 15.48 16.35 16.35 16.79 15.62 13.80 13.65 13.14 13.21 12.70 12.63 12.70 13.43 15.33 17.08 20.22 19.49 18.32 17.16 13.65 11.97 12.12 14.45 17.37 19.20 19.93 18.83 18.83 17.45 15.11 14.67 15.40 15.99 16.43 17.45 17.67 16.79 17.89 20.22 21.17 21.68 18.47 16.35 12.41 10.80 11.68 11.10 10.44 11.75 13.87 17.52 19.35 19.35 19.05 18.40 18.25 18.40 19.13 19.42 19.05 13.43 8.32 5.48 9.05 14.38 16.64 16.86 18.69
11.46 11.61 10.80 10.59 10.95 10.15 7.52 7.59 7.96 9.34 9.71 11.24 12.05 13.65 14.75 14.82 15.48 16.35 16.35 16.79 15.62 13.80 13.65 13.14 13.21 12.70 12.63 12.70 13.43 15.33 17.08 20.22 19.49 18.32 17.16 13.65 11.97 12.12 14.45 17.37 19.20 19.93 18.83 18.83 17.45 15.11 14.67 15.40 15.99 16.43 17.45 17.67 16.79 17.89 20.22 21.17 21.68 18.47 16.35 12.41 10.80 11.68 11.10 10.44 11.75 13.87 17.52 19.35 19.35 19.05 18.40 18.25 18.40 19.13 19.42 19.05 13.43 8.32 5.48 9.05 14.38 16.64 16.86 18.69
11.68 11.97 11.24 11.02 11.68 11.90 8.47 5.55 5.69 6.06 7.37 8.54 9.34 12.92 14.45 14.31 15.26 14.75 14.75 16.13 14.24 12.99 11.68 10.66 12.12 13.51 14.31 15.55 16.28 16.57 17.67 19.42 19.86 20.15 18.69 15.62 13.29 12.99 13.80 15.33 16.43 16.13 14.24 14.24 12.78 13.29 15.26 18.91 19.13 17.81 17.37 16.57 15.70 16.06 16.86 17.45 17.59 16.50 14.75 13.14 14.31 16.72 16.13 15.04 14.24 15.04 17.52 19.49 19.49 20.81 21.46 20.59 19.93 20.15 20.44 19.86 15.84 9.64 8.10 9.56 11.10 11.10 11.17 13.14
12.99 13.58 14.16 14.16 13.72 13.58 13.29 8.76 7.45 7.88 9.34 10.80 10.88 14.02 15.33 15.18 15.84 15.77 15.77 17.30 14.89 14.09 11.39 10.37 11.02 13.58 16.21 18.10 19.20 18.61 18.54 20.08 21.39 21.10 18.98 16.64 13.58 11.10 9.20 9.05 10.00 11.17 11.46 11.46 12.05 14.89 19.86 22.34 22.27 20.59 19.56 18.54 18.10 16.79 16.06 15.48 15.26 15.48 16.13 18.03 19.86 21.24 21.61 20.08 17.45 19.13 20.81 21.90 21.90 21.83 21.90 21.46 20.22 18.18 18.47 18.54 16.72 12.92 10.29 9.34 9.78 8.83 8.25 8.61
14.97 14.82 14.53 14.75 15.70 16.21 15.04 15.84 12.85 11.39 11.68 11.53 11.46 11.68 12.70 12.34 12.41 12.92 12.92 14.89 16.35 14.82 13.43 12.41 12.85 14.82 17.23 17.67 16.35 14.75 13.51 15.04 17.81 18.83 17.16 13.65 9.64 5.48 4.53 4.53 5.62 8.76 13.07 13.07 15.26 20.29 23.51 22.92 21.68 21.97 24.09 24.45 23.80 22.41 19.42 16.79 15.40 15.33 16.06 18.18 20.51 23.07 23.73 22.78 21.90 21.32 21.02 22.27 22.27 19.93 15.40 13.07 12.34 11.75 13.65 14.67 15.33 15.55 12.99 11.61 10.37 9.49 10.00 8.98
14.09 13.43 13.58 14.67 15.33 16.35 16.86 17.16 16.50 17.67 17.59 18.25 17.81 17.01 15.91 13.36 11.83 13.07 13.07 13.29 14.16 14.89 14.45 14.38 14.97 17.16 18.69 17.08 15.55 13.07 9.64 9.49 10.66 14.16 13.72 8.25 4.53 0.00 0.00 4.16 7.30 9.78 10.59 10.59 12.92 16.43 19.20 18.61 17.16 18.91 22.78 26.57 28.03 27.74 24.89 21.97 19.56 15.55 13.72 14.31 16.72 19.27 22.34 22.78 23.21 23.58 22.41 21.17 21.17 18.03 11.32 6.13 4.96 4.09 4.53 4.60 5.77 8.32 8.10 8.40 7.74 7.45 7.08 7.15
13.51 13.51 14.60 15.18 14.82 14.60 15.11 16.35 18.61 22.12 24.31 25.55 25.62 24.82 23.29 21.17 18.61 17.89 17.89 16.28 16.13 13.94 16.94 17.30 19.42 20.88 22.85 22.05 20.51 17.01 14.09 11.02 9.64 10.73 9.86 5.40 2.56 0.00 0.00 0.00 7.15 9.49 7.23 7.23 5.77 6.20 6.50 8.25 9.49 11.10 11.32 14.97 18.54 19.27 21.46 21.90 19.86 16.35 12.70 12.19 13.58 15.04 17.16 20.00 21.68 21.53 21.17 20.81 20.81 19.35 14.82 8.83 5.84 4.09 4.09 3.36 2.92 3.72 4.60 3.72 2.48 3.50 3.14 2.70
13.51 13.51 14.60 15.18 14.82 14.60 15.11 16.35 18.61 22.12 24.31 25.55 25.62 24.82 23.29 21.17 18.61 17.89 17.89 16.28 16.13 13.94 16.94 17.30 19.42 20.88 22.85 22.05 20.51 17.01 14.09 11.02 9.64 10.73 9.86 5.40 2.56 0.00 0.00 0.00 7.15 9.49 7.23 7.23 5.77 6.20 6.50 8.25 9.49 11.10 11.32 14.97 18.54 19.27 21.46 21.90 19.86 16.35 12.70 12.19 13.58 15.04 17.16 20.00 21.68 21.53 21.17 20.81 20.81 19.35 14.82 8.83 5.84 4.09 4.09 3.36 2.92 3.72 4.60 3.72 2.48 3.50 3.14 2.70
12.41 12.78 14.16 14.16 14.24 14.45 14.38 15.70 18.47 19.86 23.58 24.24 25.40 25.92 25.11 24.24 22.41 20.88 20.88 19.78 18.98 18.98 18.10 19.64 20.08 21.46 22.48 21.97 19.78 18.03 15.48 12.26 8.76 6.64 4.96 2.77 1.68 0.66 0.00 0.00 3.29 4.23 3.36 3.36 1.97 0.00 0.00 0.00 1.46 2.99 4.96 6.86 7.74 9.78 12.34 14.16 13.87 12.85 11.61 13.14 14.60 14.97 15.99 19.05 20.66 20.66 18.83 18.61 18.61 21.02 21.61 19.56 14.09 9.42 6.72 4.89 3.50 2.48 1.97 1.90 1.97 1.61 1.39 0.73
12.63 11.46 11.53 11.90 13.51 13.72 12.99 15.40 18.91 21.39 21.17 23.80 23.51 21.53 20.44 20.81 20.37 20.00 20.00 21.39 20.66 20.66 21.61 20.86 19.96 21.13 18.14 16.72 17.16 17.74 16.72 12.78 9.71 6.06 3.29 2.04 1.90 1.53 0.00 2.12 2.56 2.19 2.12 2.12 1.31 0.00 0.00 0.00 0.00 0.95 2.77 4.23 5.11 6.64 7.74 8.25 8.32 7.52 9.20 13.36 15.77 15.11 15.33 16.64 18.32 18.91 18.98 19.13 19.13 20.00 22.41 22.48 19.27 13.94 8.98 6.42 5.62 3.72 2.77 2.34 2.26 1.83 1.10 0.88
14.45 13.72 14.89 14.67 14.89 14.67 15.77 17.59 19.56 21.46 21.61 24.53 20.66 16.94 14.75 16.72 19.27 21.75 21.75 23.58 23.94 23.43 22.92 23.95 27.21 20.48 19.83 17.46 18.47 19.49 18.10 15.18 12.99 10.07 5.69 3.58 3.43 3.21 3.43 4.16 3.29 1.90 1.10 1.10 0.58 0.44 0.00 0.00 0.00 1.61 3.80 4.96 5.26 6.42 7.15 6.79 6.57 6.72 8.18 10.73 15.33 15.62 15.11 14.53 14.53 16.43 18.83 20.73 20.73 21.10 21.46 20.95 18.18 15.40 12.41 9.49 8.32 6.50 6.20 4.82 2.85 1.31 0.66 0.51
17.08 15.55 15.77 16.13 16.50 16.50 16.28 15.91 15.62 16.50 14.82 18.76 16.57 10.29 11.97 15.77 17.89 20.81 20.81 22.70 21.46 20.53 21.82 23.71 24.96 23.22 21.63 20.50 20.39 20.34 19.20 18.25 18.03 15.40 10.44 10.07 9.49 7.88 5.62 3.72 2.12 0.95 0.22 0.22 0.00 0.00 0.00 0.00 0.00 1.17 2.99 3.43 3.36 4.45 5.84 6.06 5.69 5.99 8.76 13.07 18.25 19.35 19.71 19.42 15.99 15.84 20.00 22.92 22.92 22.48 20.73 18.91 18.03 16.86 15.55 14.38 11.75 9.71 8.69 7.30 6.20 4.60 3.94 3.36
15.70 15.77 16.28 16.35 16.13 16.57 14.82 14.09 12.48 10.15 7.59 5.18 7.15 4.89 9.86 13.58 16.86 20.22 20.22 20.79 17.92 15.64 17.23 18.47 20.90 24.31 23.93 25.79 25.25 22.42 20.91 20.22 19.78 18.91 17.52 16.21 15.18 11.39 7.52 5.26 2.63 0.58 0.29 0.29 0.00 0.00 0.00 0.00 0.00 0.00 0.00 1.17 0.00 0.00 2.63 4.74 5.91 6.64 10.66 13.43 18.69 23.21 24.16 25.55 23.36 19.56 21.46 23.14 23.14 21.83 20.00 18.03 16.72 15.84 16.13 16.13 14.75 12.92 12.26 10.29 7.96 6.79 5.62 4.74
15.70 15.77 16.28 16.35 16.13 16.57 14.82 14.09 12.48 10.15 7.59 5.18 7.15 4.89 9.86 13.58 16.86 20.22 20.32 21.47 18.19 16.74 16.80 18.94 20.59 24.31 23.21 23.96 23.60 22.76 21.12 21.06 22.23 20.01 17.97 16.21 15.18 11.39 7.52 5.26 2.63 0.58 0.29 0.29 0.00 0.00 0.00 0.00 0.00 0.00 0.00 1.17 0.00 0.00 2.63 4.74 5.91 6.64 10.66 13.43 18.69 23.21 24.16 25.55 23.36 19.56 21.46 23.14 23.14 21.83 20.00 18.03 16.72 15.84 16.13 16.13 14.75 12.92 12.26 10.29 7.96 6.79 5.62 4.74
11.75 16.13 15.70 15.62 15.11 16.06 14.38 14.24 15.40 13.29 8.69 6.13 3.72 4.67 14.16 17.96 20.73 23.00 23.00 19.93 16.64 12.85 10.20 9.19 12.95 14.89 19.54 20.10 22.70 25.16 25.44 25.27 24.96 23.99 20.02 19.52 17.11 13.07 10.59 8.61 5.33 3.07 2.04 2.04 1.02 0.00 0.00 0.00 0.00 0.00 1.83 1.31 0.00 0.00 0.00 3.07 5.40 6.86 8.18 11.39 16.57 20.00 24.67 28.18 27.89 25.19 22.34 21.97 21.97 20.73 19.05 17.45 16.50 16.86 17.52 16.94 15.91 14.89 14.53 12.12 8.25 6.28 6.13 5.40
11.17 11.97 15.62 15.33 16.21 15.04 12.99 12.92 14.09 14.09 13.72 11.53 8.61 11.75 12.19 19.05 22.05 20.66 20.66 19.00 15.48 9.76 6.64 6.42 7.63 9.19 12.26 13.92 18.47 21.83 27.59 30.37 28.18 26.62 24.39 22.57 19.86 17.02 14.53 13.58 13.29 8.32 3.80 3.80 2.12 0.95 0.58 0.80 1.39 2.26 3.43 2.85 0.00 0.00 0.00 2.70 4.96 5.84 6.94 8.83 10.37 11.90 18.54 25.11 27.81 25.11 22.19 21.24 21.24 20.22 18.69 18.10 17.96 18.18 18.40 17.45 15.84 15.11 15.26 13.87 11.90 10.51 8.32 8.69
10.51 11.53 15.48 17.96 17.16 14.53 12.19 11.32 13.51 13.58 12.92 11.90 11.24 9.86 12.41 15.11 16.35 15.62 15.62 14.53 11.61 9.64 8.61 8.61 7.88 7.81 8.83 8.41 16.14 22.36 27.59 30.00 30.88 30.44 31.58 27.17 26.63 21.68 20.15 20.73 21.53 15.77 9.42 9.42 4.16 2.48 1.31 0.95 0.37 0.51 0.00 1.83 1.02 0.00 0.00 1.02 2.41 5.33 7.45 7.88 6.72 8.47 14.67 21.90 25.26 23.94 22.12 20.81 20.81 18.76 17.67 16.79 17.08 17.89 18.54 20.88 21.61 18.83 16.43 16.35 16.21 15.18 14.60 13.65
0.00 0.00 0.00 18.40 20.08 17.23 14.75 12.70 10.37 10.07 11.39 11.83 10.22 9.71 10.88 12.41 12.34 10.37 10.37 9.13 10.29 13.29 16.06 16.79 13.80 10.37 9.64 10.34 10.88 18.83 22.27 25.19 27.16 30.59 34.02 34.02 32.09 29.58 26.07 25.66 24.67 20.88 14.09 14.09 8.98 5.84 5.04 3.14 1.68 1.39 2.12 1.53 1.31 0.00 0.00 0.00 1.75 5.11 8.40 8.91 7.45 6.50 9.86 14.67 17.74 17.89 17.89 17.96 17.96 16.79 16.72 17.30 18.03 18.10 18.83 21.61 24.02 24.75 23.36 20.00 16.79 14.45 14.09 13.87
0.00 0.00 0.00 0.00 21.97 0.00 0.00 0.00 0.00 0.00 9.78 11.02 11.61 11.83 11.75 14.16 13.94 5.33 5.33 7.81 10.44 14.89 20.08 21.83 19.71 16.28 11.68 10.54 11.02 14.60 15.62 17.16 18.32 23.14 28.18 29.71 27.74 30.08 31.65 30.70 28.25 25.70 22.48 22.48 17.45 15.11 10.66 7.88 4.82 2.70 3.07 2.34 1.46 0.00 1.83 1.90 1.39 2.48 5.26 8.47 8.98 6.86 5.69 7.01 9.64 10.44 11.75 12.05 12.05 11.75 14.02 16.35 16.79 15.26 16.13 18.47 21.68 23.51 23.43 20.66 17.96 15.18 11.97 9.86
0.00 12.19 14.09 15.33 18.91 0.00 0.00 0.00 0.00 5.77 4.96 6.86 10.29 11.24 9.42 5.84 6.64 2.99 2.99 6.35 10.00 14.82 17.96 19.78 19.42 18.18 13.72 12.99 11.78 11.88 11.95 9.02 8.96 10.00 15.99 15.91 17.59 25.07 29.35 30.08 28.61 27.16 26.72 26.72 25.55 24.24 23.43 20.59 14.89 9.64 7.01 4.45 2.04 0.00 0.00 0.00 0.00 0.00 0.00 6.64 9.86 8.03 5.48 4.82 5.77 5.77 6.50 6.72 6.72 7.15 8.10 10.29 10.37 8.91 9.49 12.56 15.48 16.94 19.49 19.64 17.37 14.67 11.53 8.98
0.00 12.19 14.09 15.33 18.91 0.00 0.00 0.00 0.00 5.77 4.96 6.86 10.29 11.24 9.42 5.84 6.64 3.01 2.99 6.35 10.00 14.82 17.96 19.78 19.42 18.18 13.72 12.99 11.61 11.46 11.53 8.98 8.69 10.00 16.07 15.99 17.59 24.94 29.64 30.08 28.32 27.16 26.72 26.72 25.55 24.24 23.43 20.59 14.89 9.64 7.01 4.45 2.04 0.00 0.00 0.00 0.00 0.00 0.00 6.64 9.86 8.03 5.48 4.82 5.77 5.77 6.50 6.72 6.72 7.15 8.10 10.29 10.37 8.91 9.49 12.56 15.48 16.94 19.49 19.64 17.37 14.67 11.53 8.98
14.89 14.60 15.04 15.04 14.89 0.00 0.00 0.00 11.41 8.91 7.45 9.13 11.32 10.15 5.26 2.63 1.75 0.00 0.00 2.92 7.15 11.97 13.51 15.26 17.01 16.57 12.85 10.66 7.52 7.30 10.95 5.69 4.02 3.07 4.53 6.35 8.69 14.38 23.04 23.73 22.19 22.19 24.67 24.67 28.84 30.30 30.15 28.11 25.11 21.32 16.64 11.90 5.18 0.00 0.00 0.00 0.00 0.00 0.00 0.00 6.20 8.47 6.50 4.38 4.45 4.53 3.07 0.00 0.00 3.14 2.99 3.50 3.87 3.65 4.09 5.26 8.25 12.34 14.82 16.79 17.59 15.70 13.21 8.91
