Wansh/Snow_depth/snowdepth-1988/spring/1988100.txt
ncols 321
nrows 161
xllcenter 60
yllcenter 15 
cellsize  0.25 
NODATA_value -1
[rows 0 to 36 of 161, columns 84 to 167 of 321]
0.00 0.00 8.10 16.79 20.59 21.02 16.06 10.59 9.34 11.46 18.91 20.59 21.17 21.24 20.08 17.89 14.09 12.26 12.26 11.39 11.17 10.44 9.78 8.03 6.06 0.00 0.00 0.00 0.00 0.00 2.34 3.87 6.79 7.23 4.67 2.41 0.00 0.00 0.00 0.00 4.82 6.28 6.13 6.13 5.33 0.00 0.00 0.00 0.00 0.00 0.00 0.00 0.00 0.00 0.00 0.00 0.00 0.00 0.00 0.00 0.00 0.00 0.00 0.00 0.00 0.00 0.00 0.00 0.00 0.00 0.00 0.00 0.00 0.00 0.00 0.00 0.00 0.00 0.00 0.00 0.00 0.00 0.00 0.00
0.00 0.00 6.50 12.19 14.89 14.89 12.56 11.61 11.83 13.14 14.97 18.47 18.91 16.35 12.48 10.15 7.81 6.42 6.42 7.66 6.42 6.06 7.37 8.76 8.54 0.00 0.00 0.00 0.00 0.00 2.34 3.50 5.99 6.72 4.23 1.75 0.00 0.00 0.00 0.00 1.61 4.02 5.99 5.99 6.42 0.00 0.00 0.00 0.00 0.00 0.00 0.00 0.00 0.00 0.00 2.34 3.80 4.45 4.31 0.00 0.00 0.00 0.00 0.00 0.00 0.00 0.00 0.00 0.00 0.00 0.00 0.00 0.00 0.00 0.00 0.00 0.00 0.00 0.00 0.00 0.00 0.00 0.00 0.00
0.00 2.99 5.91 9.05 9.20 10.29 13.21 16.13 17.08 17.96 18.54 20.08 19.13 17.08 14.24 0.00 7.74 0.00 0.00 6.20 5.91 4.23 4.67 7.08 8.69 7.08 0.00 0.00 0.00 0.00 2.85 3.21 4.53 5.91 7.08 6.94 5.33 2.99 1.39 0.22 0.00 0.00 1.31 1.31 0.00 3.87 6.57 5.84 0.00 0.00 0.00 0.00 0.00 0.00 0.00 5.04 5.99 6.72 7.30 7.88 8.03 7.30 7.66 6.72 6.64 6.57 0.00 4.60 4.60 0.00 0.00 0.00 0.00 0.00 0.00 0.00 0.00 0.00 0.00 0.00 0.00 0.00 0.00 0.00
0.00 2.99 5.91 9.05 9.20 10.29 13.21 16.13 17.08 17.96 18.54 20.08 19.13 17.08 14.24 0.00 7.74 0.00 0.00 6.20 5.91 4.23 4.67 7.08 8.69 7.08 0.00 0.00 0.00 0.00 2.85 3.21 4.53 5.91 7.08 6.94 5.33 2.99 1.39 0.22 0.00 0.00 1.31 1.31 0.00 3.87 6.57 5.84 0.00 0.00 0.00 0.00 0.00 0.00 0.00 5.04 5.99 6.72 7.30 7.88 8.03 7.30 7.66 6.72 6.64 6.57 0.00 4.60 4.60 0.00 0.00 0.00 0.00 0.00 0.00 0.00 0.00 0.00 0.00 0.00 0.00 0.00 0.00 0.00
0.00 0.73 1.46 4.60 8.98 11.75 14.16 15.26 17.01 18.69 19.35 18.83 18.61 17.89 15.77 14.45 11.53 8.98 8.98 7.15 5.69 5.11 6.28 6.79 6.13 5.77 4.53 3.87 0.00 0.00 0.00 2.70 3.21 5.26 8.69 10.22 9.05 7.59 4.23 0.88 0.00 0.00 0.00 0.00 0.00 0.00 0.95 5.55 6.94 0.00 0.00 0.00 0.00 0.00 0.00 0.00 0.00 4.31 5.18 6.94 9.20 9.64 10.07 10.88 9.86 9.78 10.07 9.13 9.13 7.81 6.57 5.33 0.00 0.00 0.00 0.00 0.00 0.00 0.00 0.00 0.00 0.00 0.00 0.00
20.81 0.00 1.31 4.96 7.52 8.69 8.76 8.98 9.13 9.71 10.37 11.68 14.89 16.86 16.57 15.99 15.33 14.38 14.38 10.80 8.98 8.61 8.18 7.74 7.81 8.25 5.99 3.72 0.00 0.00 0.00 0.00 4.16 4.82 7.37 8.61 7.66 3.58 0.00 0.00 0.00 0.00 0.00 0.00 0.00 0.00 0.44 2.63 5.55 6.42 0.00 0.00 0.00 0.00 0.00 0.00 2.41 2.92 3.80 5.55 7.74 10.29 11.75 13.29 13.87 12.56 10.44 9.49 9.49 8.54 8.10 7.88 7.01 6.20 4.82 0.00 0.00 0.00 0.00 0.00 0.00 0.00 0.00 0.00
13.36 14.89 0.66 8.98 10.29 9.27 8.25 6.06 5.33 4.82 2.99 4.31 6.79 10.73 13.58 15.48 16.13 13.43 13.43 10.37 10.88 12.34 12.26 10.80 0.00 8.83 0.00 0.00 0.00 0.00 0.00 0.00 3.87 5.18 5.91 6.50 5.55 0.00 0.00 0.00 0.00 0.00 0.00 0.00 0.00 0.00 3.07 5.26 6.72 5.48 0.00 0.00 0.00 0.00 0.00 1.75 3.58 5.11 5.91 5.77 6.94 9.13 12.92 15.11 15.99 15.55 14.97 12.92 12.92 11.24 10.51 10.66 10.95 11.24 10.80 10.44 8.83 8.10 6.28 0.00 0.00 0.00 0.00 6.42
13.36 14.89 0.66 8.98 10.29 9.27 8.25 6.06 5.33 4.82 2.99 4.31 6.79 10.73 13.58 15.48 16.13 13.43 13.43 10.37 10.88 12.34 12.26 10.80 0.00 8.83 0.00 0.00 0.00 0.00 0.00 0.00 3.87 5.18 5.91 6.50 5.55 0.00 0.00 0.00 0.00 0.00 0.00 0.00 0.00 0.00 3.07 5.26 6.72 5.48 0.00 0.00 0.00 0.00 0.00 1.75 3.58 5.11 5.91 5.77 6.94 9.13 12.92 15.11 15.99 15.55 14.97 12.92 12.92 11.24 10.51 10.66 10.95 11.24 10.80 10.44 8.83 8.10 6.28 0.00 0.00 0.00 0.00 6.42
0.00 9.20 14.45 9.27 11.61 9.86 7.23 3.94 2.56 1.68 0.37 1.31 3.87 6.57 9.64 13.72 14.02 13.21 13.21 11.97 12.70 16.72 16.94 13.94 0.00 0.00 0.00 0.00 0.00 0.00 0.00 0.00 3.87 4.16 5.99 6.06 4.16 1.46 0.00 0.00 0.00 0.00 0.58 0.58 1.02 2.19 3.50 4.09 4.82 4.45 3.94 4.31 3.65 2.99 2.26 2.41 2.70 3.14 4.60 5.84 7.30 8.40 10.07 11.46 12.56 12.41 12.70 11.39 11.39 10.88 11.39 11.90 12.12 11.90 12.12 11.46 11.90 12.05 10.88 9.34 7.52 0.00 0.00 0.00
3.43 9.42 12.26 12.41 11.32 7.23 4.53 1.46 0.00 0.00 0.00 0.37 2.99 0.00 5.04 6.20 7.59 10.51 10.51 13.72 16.86 17.89 17.30 13.29 8.83 0.00 0.00 0.00 0.00 0.00 0.00 0.00 2.92 4.02 6.06 5.99 5.04 3.87 3.72 3.29 3.14 3.43 3.72 3.72 3.36 3.36 3.07 3.72 4.74 5.26 5.18 7.30 8.69 7.45 5.99 5.84 5.77 4.89 4.67 5.62 7.08 8.47 8.98 8.98 8.98 9.64 9.71 9.42 9.42 10.00 10.66 11.68 13.43 13.29 13.58 14.75 15.99 16.06 16.06 14.38 10.59 8.10 6.42 0.00
8.03 7.45 5.18 3.21 0.00 6.79 0.00 0.00 0.00 0.00 0.00 0.00 0.07 0.88 2.12 3.87 6.20 9.64 9.64 14.02 17.01 18.03 16.35 11.10 0.00 0.00 0.00 0.00 0.00 0.00 0.00 1.90 2.92 3.87 5.26 5.69 6.20 6.35 5.40 5.40 5.69 5.99 5.48 5.48 5.91 5.18 4.38 4.53 5.55 6.06 5.11 5.26 7.96 8.76 8.91 9.20 9.78 9.20 7.88 7.08 7.08 7.30 8.83 9.27 9.64 9.13 9.34 11.32 11.32 12.48 13.58 15.11 16.79 17.52 17.74 17.52 18.54 19.35 18.18 16.06 12.41 10.51 9.78 7.52
8.03 7.45 5.18 3.21 0.00 6.79 0.00 0.00 0.00 0.00 0.00 0.00 0.07 0.88 2.12 3.87 6.20 9.64 9.64 14.02 17.01 18.03 16.35 11.10 0.00 0.00 0.00 0.00 0.00 0.00 0.00 1.90 2.92 3.87 5.26 5.69 6.20 6.35 5.40 5.40 5.69 5.99 5.48 5.48 5.91 5.18 4.38 4.53 5.55 6.06 5.11 5.26 7.96 8.76 8.91 9.20 9.78 9.20 7.88 7.08 7.08 7.30 8.83 9.27 9.64 9.13 9.34 11.32 11.32 12.48 13.58 15.11 16.79 17.52 17.74 17.52 18.54 19.35 18.18 16.06 12.41 10.51 9.78 7.52
5.91 1.10 0.00 0.00 0.00 0.00 0.00 0.00 0.00 0.00 0.00 0.00 0.00 2.19 4.67 8.32 10.22 11.75 11.75 12.92 14.09 14.82 12.12 9.34 7.59 6.20 4.60 3.65 3.29 4.02 4.74 4.96 5.18 5.77 7.08 8.32 9.64 10.51 9.56 9.13 8.83 8.61 8.10 8.10 7.52 7.88 7.81 6.79 7.01 6.50 4.74 4.16 3.87 4.23 6.20 7.45 10.73 13.29 14.02 12.99 10.66 8.61 7.88 7.88 8.32 8.76 10.15 11.61 11.61 13.51 15.40 17.01 16.43 17.67 20.44 21.75 22.48 21.53 20.37 19.20 17.08 15.40 12.70 11.10
0.58 0.00 0.00 0.00 0.00 0.00 0.00 0.00 0.00 0.00 0.00 0.00 0.00 7.45 11.83 13.87 14.31 14.09 14.09 13.21 12.26 11.32 10.51 9.64 7.81 6.94 5.55 4.96 7.30 9.13 10.73 12.48 12.99 13.72 13.43 13.36 13.14 12.34 11.17 10.07 9.49 8.25 7.59 7.59 6.50 6.06 6.06 6.20 6.28 5.40 3.58 2.34 0.00 0.00 0.00 3.50 5.40 7.23 8.03 9.49 9.42 9.78 11.32 11.97 11.97 11.02 11.10 12.19 12.19 14.45 16.13 17.96 18.98 19.93 18.98 18.47 16.57 14.67 14.89 15.99 15.48 13.21 10.66 9.93
0.00 0.00 0.00 0.00 0.00 0.00 0.00 0.00 0.00 0.00 0.00 6.72 8.61 10.44 13.43 14.45 14.45 13.65 13.65 12.41 11.39 10.66 10.22 10.15 11.10 9.49 7.96 8.69 10.73 13.65 15.84 16.72 16.72 15.91 15.33 14.53 10.88 7.45 6.64 5.55 4.96 3.87 4.67 4.67 5.62 6.13 5.04 4.60 5.18 5.26 4.53 3.72 1.90 0.00 0.00 1.83 5.04 6.20 5.04 0.00 4.09 4.60 6.42 8.18 9.49 12.26 12.99 12.63 12.63 13.21 15.11 16.28 16.21 15.55 15.91 15.11 11.39 7.01 5.62 9.78 14.45 14.67 13.94 13.36
0.00 0.00 0.00 0.00 0.00 0.00 0.00 0.00 0.00 0.00 6.28 7.52 9.13 10.66 12.26 12.26 11.90 13.65 13.65 13.65 12.19 10.88 11.61 12.34 12.56 12.78 12.48 10.95 11.68 14.45 16.57 18.40 18.83 16.72 14.45 11.39 8.32 4.74 3.87 4.96 7.15 6.86 6.79 6.79 8.10 8.83 9.20 9.56 8.61 8.40 7.59 6.79 5.77 7.01 5.69 5.99 6.28 6.64 5.11 2.56 2.48 4.09 4.31 4.38 6.50 10.00 12.63 14.31 14.31 14.82 14.97 14.53 13.65 12.99 14.02 13.58 10.95 6.57 5.33 6.79 10.29 11.39 12.70 14.02
0.00 0.00 0.00 0.00 0.00 0.00 0.00 0.00 0.00 0.00 6.28 7.52 9.13 10.66 12.26 12.26 11.90 13.65 13.65 13.65 12.19 10.88 11.61 12.34 12.56 12.78 12.48 10.95 11.68 14.45 16.57 18.40 18.83 16.72 14.45 11.39 8.32 4.74 3.87 4.96 7.15 6.86 6.79 6.79 8.10 8.83 9.20 9.56 8.61 8.40 7.59 6.79 5.77 7.01 5.69 5.99 6.28 6.64 5.11 2.56 2.48 4.09 4.31 4.38 6.50 10.00 12.63 14.31 14.31 14.82 14.97 14.53 13.65 12.99 14.02 13.58 10.95 6.57 5.33 6.79 10.29 11.39 12.70 14.02
0.22 0.00 0.00 0.00 0.00 0.00 0.00 0.00 0.00 0.00 0.00 7.01 8.83 11.97 14.09 13.36 13.51 15.77 15.77 14.60 13.21 11.90 10.59 10.00 12.26 14.02 13.14 12.63 13.43 14.82 16.64 17.67 18.32 17.45 14.67 12.63 8.83 6.64 7.52 9.20 10.15 10.73 9.34 9.34 8.47 10.73 13.58 17.37 16.43 13.43 11.02 10.88 12.48 13.87 14.09 11.39 8.76 7.37 6.28 6.64 8.32 9.64 9.71 8.98 8.47 9.78 10.44 13.65 13.65 16.72 18.47 17.67 14.82 13.21 12.92 13.36 12.41 8.98 7.52 6.50 6.42 6.42 5.55 6.13
0.00 0.00 0.00 0.00 0.00 0.00 0.00 0.00 0.00 0.00 0.00 8.18 11.53 14.16 16.21 16.21 15.99 16.50 16.50 15.55 14.31 12.85 9.49 8.03 10.66 12.48 14.82 15.91 15.99 16.06 16.94 18.54 20.22 19.27 17.30 14.24 10.29 8.83 7.96 7.74 8.10 8.76 8.83 8.83 8.32 13.07 25.40 28.91 29.78 23.14 18.76 19.42 18.91 19.49 19.56 16.35 11.61 10.15 10.88 13.14 15.48 16.86 16.06 15.26 13.80 12.99 14.97 16.86 16.86 18.61 18.03 17.89 17.30 14.89 13.29 12.63 11.53 8.76 5.84 5.18 4.23 2.26 1.39 1.61
0.00 0.00 0.00 0.00 0.00 0.00 0.00 0.00 0.00 0.00 0.00 7.66 11.90 13.58 14.24 14.16 13.65 14.24 14.24 15.18 15.18 13.51 11.46 10.73 10.95 13.43 15.77 15.77 15.55 13.58 11.75 14.38 16.43 17.16 15.77 11.68 7.30 5.48 4.38 4.02 4.53 7.01 10.59 10.59 11.53 16.86 28.98 34.46 31.46 28.11 27.89 28.76 28.11 25.04 21.83 18.98 15.99 12.78 11.75 15.18 18.83 20.59 21.83 20.66 18.69 17.16 17.74 18.69 18.69 16.79 13.07 8.83 8.83 7.23 7.01 9.27 11.02 10.80 8.03 5.77 4.02 3.80 3.80 0.00
0.00 0.00 0.00 0.00 0.00 0.00 0.00 0.00 0.00 0.00 0.00 0.00 12.19 18.40 18.32 16.28 13.80 13.94 13.94 14.82 15.55 14.89 14.24 14.31 14.89 16.64 18.18 16.57 14.60 10.73 8.18 7.88 9.42 13.14 12.99 9.34 4.38 2.48 2.56 3.65 5.91 7.66 9.05 9.05 11.39 15.18 23.00 23.73 20.44 21.53 25.26 30.44 31.10 29.49 25.19 20.88 16.79 12.41 10.29 11.61 15.91 19.13 21.75 21.83 21.02 20.81 19.86 17.67 17.67 13.21 6.50 3.36 1.53 0.00 0.66 2.63 3.94 5.11 4.96 4.02 3.65 2.85 0.00 0.00
13.58 0.00 0.00 0.00 0.00 0.00 0.00 0.00 0.00 0.00 0.00 0.00 0.00 21.02 25.40 20.66 18.76 17.45 17.45 16.43 17.01 18.10 17.96 17.89 17.81 19.35 20.66 20.00 19.35 14.09 10.51 8.76 7.96 9.34 8.54 5.69 2.12 0.07 0.00 2.85 7.52 8.40 6.13 6.13 4.16 5.55 6.72 10.00 9.27 10.73 11.10 16.43 19.71 21.75 22.92 22.05 17.81 13.14 8.76 8.18 12.34 15.04 17.45 19.13 20.08 19.71 20.15 19.42 19.42 16.94 12.19 6.06 2.34 1.24 0.00 0.00 0.00 0.00 0.00 0.00 0.00 0.00 0.00 0.00
13.58 0.00 0.00 0.00 0.00 0.00 0.00 0.00 0.00 0.00 0.00 0.00 0.00 21.02 25.40 20.66 18.76 17.45 17.45 16.43 17.01 18.10 17.96 17.89 17.81 19.35 20.66 20.00 19.35 14.09 10.51 8.76 7.96 9.34 8.54 5.69 2.12 0.07 0.00 2.85 7.52 8.40 6.13 6.13 4.16 5.55 6.72 10.00 9.27 10.73 11.10 16.43 19.71 21.75 22.92 22.05 17.81 13.14 8.76 8.18 12.34 15.04 17.45 19.13 20.08 19.71 20.15 19.42 19.42 16.94 12.19 6.06 2.34 1.24 0.00 0.00 0.00 0.00 0.00 0.00 0.00 0.00 0.00 0.00
10.80 0.00 0.00 0.00 0.00 0.00 0.00 0.00 0.00 0.00 0.00 0.00 0.00 25.40 26.94 23.87 21.61 19.56 19.56 17.67 17.08 17.16 18.83 19.64 19.42 20.22 20.66 20.51 19.05 17.16 13.51 10.73 7.81 6.06 4.60 3.21 1.53 0.73 0.00 0.00 3.87 4.96 3.14 3.14 0.00 0.00 0.00 0.00 0.00 0.00 0.00 0.00 5.48 6.28 8.10 9.20 11.24 9.93 8.83 9.93 11.97 13.51 15.04 17.37 18.40 17.89 17.52 18.10 18.10 19.56 18.83 14.82 9.20 5.26 4.31 1.68 0.00 0.00 0.00 0.00 0.00 0.00 0.00 0.00
11.75 11.53 0.00 0.00 0.00 0.00 0.00 0.00 0.00 0.00 0.00 0.00 0.00 0.00 25.70 20.37 20.29 19.64 19.64 18.18 18.47 19.56 21.75 22.50 21.20 21.38 18.51 16.94 16.50 17.30 14.53 11.53 8.25 5.40 2.92 1.02 0.66 1.17 0.80 0.00 0.00 0.00 0.00 0.00 0.00 0.00 0.00 0.00 0.00 0.00 0.00 0.00 0.00 0.00 0.00 0.00 3.21 4.38 7.74 11.02 14.45 15.18 14.60 15.99 17.96 18.32 18.54 18.61 18.61 20.08 21.61 20.88 16.79 11.02 5.99 3.80 2.12 0.00 0.00 0.00 0.00 0.00 0.00 0.00
16.72 18.32 18.83 0.00 0.00 0.00 0.00 10.59 12.41 0.00 0.00 0.00 0.00 0.00 0.00 16.13 18.69 21.75 21.75 24.02 24.75 24.38 24.82 26.03 27.99 21.23 21.08 18.74 17.96 18.40 17.16 14.31 11.53 8.83 5.33 3.29 2.34 2.70 3.07 3.07 1.61 0.95 0.00 0.00 0.00 0.00 0.00 0.00 0.00 0.00 0.00 0.00 0.00 0.00 0.00 0.00 0.00 0.00 4.53 10.29 14.38 14.82 13.51 13.21 14.02 15.70 18.54 20.08 20.08 20.15 19.56 18.54 16.94 12.26 8.61 5.48 3.72 2.48 2.19 0.00 0.00 0.00 0.00 0.00
19.93 20.37 18.91 19.64 0.00 0.00 3.21 5.69 8.10 9.93 8.10 0.00 0.00 0.00 0.00 0.00 9.93 19.71 19.71 20.81 18.69 17.34 19.19 21.52 24.43 23.60 23.56 21.61 21.98 20.86 19.71 18.83 17.30 15.40 10.22 8.83 8.47 5.62 4.89 3.07 2.04 1.24 0.95 0.95 0.00 0.00 0.00 0.00 0.00 0.00 0.00 0.00 0.00 0.00 0.00 0.00 0.00 0.00 4.09 10.66 15.91 17.16 17.74 17.01 14.45 14.16 18.54 21.10 21.10 20.59 18.98 17.16 14.82 13.58 11.46 9.34 7.01 5.04 3.72 2.85 0.00 0.00 0.00 0.00
19.71 17.96 19.20 20.66 0.00 0.00 1.24 0.44 2.63 4.23 5.77 4.09 1.75 0.37 0.00 0.00 5.48 9.78 9.78 7.49 5.31 5.19 7.98 11.46 16.01 16.79 20.17 23.09 24.23 22.93 21.13 21.24 19.86 18.03 15.26 15.70 13.43 9.93 6.64 5.26 3.29 1.24 0.29 0.29 0.00 0.00 0.00 0.00 0.00 0.00 0.00 0.00 0.00 0.00 0.00 0.00 0.00 0.00 4.31 10.37 17.08 21.24 22.34 23.00 21.17 18.25 19.71 21.39 21.39 20.66 17.81 15.11 13.14 13.21 13.65 12.12 10.15 8.47 7.52 4.67 2.70 0.00 0.00 0.00
19.71 17.96 19.20 20.66 0.00 0.00 1.24 0.44 2.63 4.23 5.77 4.09 1.75 0.37 0.00 0.00 5.48 9.78 9.83 7.73 5.39 5.55 7.78 11.75 15.77 16.79 19.56 21.46 22.64 23.29 21.34 22.13 22.31 19.08 15.65 15.70 13.43 9.93 6.64 5.26 3.29 1.24 0.29 0.29 0.00 0.00 0.00 0.00 0.00 0.00 0.00 0.00 0.00 0.00 0.00 0.00 0.00 0.00 4.31 10.37 17.08 21.24 22.34 23.00 21.17 18.25 19.71 21.39 21.39 20.66 17.81 15.11 13.14 13.21 13.65 12.12 10.15 8.47 7.52 4.67 2.70 0.00 0.00 0.00
15.91 15.33 16.21 16.86 16.43 0.00 1.90 1.31 3.14 4.82 5.48 5.77 3.58 3.36 2.70 2.56 5.11 3.50 3.50 4.82 1.75 0.00 0.00 0.00 5.09 6.42 9.29 14.67 20.51 25.02 25.66 24.81 24.36 22.63 20.02 18.84 16.59 12.63 9.05 6.50 4.23 2.41 1.39 1.39 0.00 0.00 0.00 0.00 0.00 0.00 0.00 0.00 0.00 0.00 0.00 0.00 0.00 0.00 2.56 6.64 13.36 18.40 22.48 25.40 25.33 22.19 20.22 20.15 20.15 18.47 16.79 15.40 14.38 14.02 13.87 12.78 10.44 9.13 8.10 6.72 3.50 0.00 0.00 0.00
9.20 11.75 12.70 12.56 11.83 10.44 0.00 3.72 9.49 10.37 8.47 6.86 4.96 3.43 2.85 5.99 12.70 15.55 15.55 14.67 5.62 2.05 1.39 0.00 0.00 0.00 0.00 0.00 8.12 14.08 22.34 24.82 23.58 24.12 23.16 22.33 19.27 16.07 13.94 12.41 10.73 5.77 2.41 2.41 0.58 0.29 0.80 0.51 1.17 0.00 0.00 0.00 0.00 0.00 0.00 0.00 0.00 0.00 0.00 0.00 5.26 8.98 16.94 23.29 24.97 22.92 20.88 20.22 20.22 19.05 16.43 14.82 15.11 14.67 14.38 13.72 10.80 9.49 8.03 7.59 5.69 4.45 0.00 0.00
4.67 8.25 10.37 9.71 8.25 8.91 0.00 1.83 6.79 7.59 7.15 5.69 3.43 0.00 0.00 7.88 12.56 12.78 12.78 15.91 6.57 5.04 2.63 0.88 0.00 0.00 0.00 0.00 0.00 3.53 15.62 22.85 24.31 24.24 24.59 23.78 24.07 20.37 17.59 18.10 17.52 13.94 7.74 7.74 3.58 0.80 0.95 0.22 0.66 0.80 0.00 0.00 0.00 0.00 0.00 0.00 0.00 0.00 0.00 0.00 0.00 3.43 10.88 18.98 22.12 22.48 20.44 19.49 19.49 17.45 15.70 14.09 13.80 14.53 15.55 16.21 15.48 13.58 12.34 11.24 10.80 10.00 9.56 8.47
0.00 1.61 2.34 0.51 1.97 3.80 6.57 0.00 0.00 1.83 3.21 3.36 0.00 0.00 0.00 8.18 9.64 8.18 8.18 5.33 8.18 5.04 3.21 0.44 0.00 0.00 0.00 0.00 0.00 0.00 7.66 11.61 13.72 15.91 19.71 23.00 25.57 24.28 23.02 22.12 21.83 19.42 12.85 12.85 5.91 3.65 2.92 1.68 0.58 0.37 1.10 0.95 0.00 0.00 0.00 0.00 0.00 2.41 5.62 5.48 2.92 2.41 7.23 13.94 17.30 17.16 18.40 17.59 17.59 16.06 14.67 14.02 13.14 13.87 16.72 18.25 19.49 20.22 18.98 16.13 13.36 12.48 11.90 10.07
0.00 0.00 0.00 0.00 0.00 0.00 0.00 0.00 0.00 0.00 0.00 0.00 0.00 3.36 7.37 8.18 5.18 3.14 3.14 2.19 1.31 4.09 0.00 0.00 0.00 0.00 0.00 0.00 0.00 0.00 0.00 0.00 0.00 3.72 6.72 10.80 19.64 22.56 22.38 23.14 23.92 21.24 18.40 18.40 14.67 12.41 8.61 6.35 3.58 2.77 2.34 1.68 0.00 0.00 0.00 0.00 0.00 1.97 5.26 7.30 6.42 3.36 2.56 4.67 7.45 9.56 12.26 11.53 11.53 10.95 11.97 14.24 14.82 13.65 15.18 18.61 20.37 20.95 20.37 18.61 15.99 12.85 10.07 7.45
0.00 0.00 0.00 0.00 0.00 0.00 0.00 0.00 0.00 0.00 0.00 0.00 1.02 4.53 4.16 2.63 0.66 0.00 0.00 0.00 0.00 0.00 0.00 0.00 0.00 0.00 0.00 0.00 0.00 0.00 0.00 0.00 0.00 0.00 0.00 0.88 5.62 11.13 16.21 18.47 21.53 19.78 18.03 18.03 17.89 18.98 17.74 14.31 10.66 7.23 5.26 2.99 0.00 0.00 0.00 0.00 0.00 0.00 0.00 3.72 5.91 5.62 1.83 1.02 1.61 2.56 3.72 5.55 5.55 4.38 4.82 7.59 7.88 7.59 8.18 10.00 14.09 16.57 17.67 16.57 15.04 13.36 10.22 7.15
0.00 0.00 0.00 0.00 0.00 0.00 0.00 0.00 0.00 0.00 0.00 0.00 1.02 4.53 4.16 2.63 0.66 0.00 0.00 0.00 0.00 0.00 0.00 0.00 0.00 0.00 0.00 0.00 0.00 0.00 0.00 0.00 0.00 0.00 0.00 0.88 5.62 11.08 16.37 18.47 21.32 19.78 18.03 18.03 17.89 18.98 17.74 14.31 10.66 7.23 5.26 2.99 0.00 0.00 0.00 0.00 0.00 0.00 0.00 3.72 5.91 5.62 1.83 1.02 1.61 2.56 3.72 5.55 5.55 4.38 4.82 7.59 7.88 7.59 8.18 10.00 14.09 16.57 17.67 16.57 15.04 13.36 10.22 7.15
4.23 2.85 0.00 2.04 0.00 2.48 8.18 11.93 6.74 2.26 0.00 0.00 2.12 2.70 0.51 0.00 0.00 0.00 0.00 0.00 0.00 0.00 0.00 0.00 0.00 0.00 0.00 0.00 0.00 0.00 0.00 0.00 0.00 0.00 0.00 0.00 2.19 5.04 6.60 9.05 9.13 10.95 10.51 10.51 12.92 16.06 16.72 15.70 15.33 13.43 10.15 7.23 3.07 0.00 0.00 0.00 0.00 0.00 0.00 0.00 3.65 6.13 4.74 2.12 1.24 0.88 0.58 0.00 0.00 0.00 0.00 0.00 0.00 0.00 0.00 0.00 4.09 7.52 8.61 11.24 11.75 11.39 10.73 9.20
