Wansh/Snow_depth/snowdepth-1988/spring/1988071.txt
ncols 321
nrows 161
xllcenter 60
yllcenter 15 
cellsize  0.25 
NODATA_value -1
[rows 0 to 36 of 161, columns 84 to 167 of 321]
18.32 18.54 18.54 17.96 17.16 16.13 14.89 14.02 13.29 13.36 14.24 15.33 17.01 18.47 19.13 19.05 19.27 17.96 17.96 17.52 16.50 7.96 7.08 7.96 7.96 4.96 2.26 1.39 0.88 4.09 4.09 4.45 4.53 10.59 12.92 12.56 12.12 11.83 11.53 11.10 10.80 14.02 13.14 13.14 12.26 10.80 4.74 3.14 2.99 4.02 5.99 8.76 10.29 10.66 10.37 11.10 13.43 13.07 9.49 7.66 4.82 3.21 2.99 2.26 2.12 2.99 3.50 4.89 4.89 5.91 6.94 10.00 11.97 12.99 12.12 11.02 11.02 12.05 14.45 16.28 16.50 13.80 11.68 10.22
17.45 17.37 17.01 15.84 15.62 16.06 16.64 15.77 15.70 15.40 14.75 13.21 11.83 11.10 10.66 12.85 14.02 14.24 14.24 15.91 15.84 15.99 12.56 12.78 9.78 6.64 3.14 1.83 1.31 1.39 1.97 3.50 2.41 5.04 11.10 9.64 7.96 6.86 6.50 6.64 7.23 8.47 8.83 8.83 8.91 9.71 8.47 5.55 4.60 3.72 4.09 4.96 5.11 5.26 6.42 7.30 8.25 8.54 7.96 7.88 7.15 7.15 6.79 5.91 5.26 5.26 5.69 7.15 7.15 7.96 9.05 10.15 12.26 14.09 14.38 14.02 15.40 16.86 17.30 17.52 16.72 15.62 14.89 13.72
16.79 16.57 15.84 15.11 13.87 13.87 15.62 17.01 17.37 17.30 16.50 15.99 13.87 11.97 8.54 7.52 7.52 9.05 9.05 11.17 13.29 14.67 14.24 15.40 12.99 9.56 5.91 3.80 1.90 1.53 1.31 2.77 4.23 6.42 5.77 8.32 8.40 8.91 8.91 8.61 8.61 8.32 8.10 8.10 8.25 9.71 10.66 11.10 8.69 5.62 3.72 2.56 2.56 3.29 4.38 5.04 6.42 7.74 9.13 10.22 10.51 11.17 11.46 11.10 10.59 11.17 11.75 12.41 12.41 13.36 12.63 12.78 12.12 12.78 14.45 17.30 18.76 19.27 19.35 19.20 18.40 18.98 19.64 19.27
16.79 16.57 15.84 15.11 13.87 13.87 15.62 17.01 17.37 17.30 16.50 15.99 13.87 11.97 8.54 7.52 7.52 9.05 9.05 11.17 13.29 14.67 14.24 15.40 12.99 9.56 5.91 3.80 1.90 1.53 1.31 2.77 4.23 6.42 5.77 8.32 8.40 8.91 8.91 8.61 8.61 8.32 8.10 8.10 8.25 9.71 10.66 11.10 8.69 5.62 3.72 2.56 2.56 3.29 4.38 5.04 6.42 7.74 9.13 10.22 10.51 11.17 11.46 11.10 10.59 11.17 11.75 12.41 12.41 13.36 12.63 12.78 12.12 12.78 14.45 17.30 18.76 19.27 19.35 19.20 18.40 18.98 19.64 19.27
15.77 15.18 14.45 13.87 13.21 13.65 13.58 14.02 15.18 16.57 17.23 16.21 14.53 12.56 11.17 9.86 7.45 5.62 5.62 5.55 6.94 10.37 15.26 11.02 13.94 14.02 10.22 6.57 3.80 2.92 2.04 1.97 2.85 5.48 8.76 5.77 12.41 12.05 11.39 9.93 7.59 4.23 4.31 4.31 6.42 7.30 8.98 11.24 13.07 11.17 8.25 4.82 2.92 2.70 2.63 3.14 3.43 4.38 6.79 8.91 10.51 11.61 12.34 12.78 13.43 13.65 14.97 16.43 16.43 15.55 15.04 14.09 13.58 13.51 13.43 14.02 16.28 17.96 18.47 17.52 16.21 16.28 17.59 17.59
16.79 17.16 17.08 17.01 16.13 14.02 11.32 10.59 10.95 10.73 11.24 12.99 12.99 12.26 12.26 13.36 12.56 11.75 11.75 9.71 6.28 5.40 5.84 13.29 7.15 12.26 10.80 6.35 4.31 3.43 2.85 2.56 2.77 4.89 7.01 9.49 8.61 7.74 6.86 3.65 0.00 0.00 4.67 4.67 5.62 5.99 8.25 11.68 14.24 14.09 8.54 5.11 3.80 3.43 3.36 3.72 4.31 4.53 5.84 7.15 9.71 11.75 12.63 13.87 15.48 15.77 15.55 15.55 15.55 15.33 14.24 14.45 15.11 14.89 13.80 12.92 12.19 11.75 11.61 12.34 12.99 14.89 16.21 16.50
17.01 16.35 16.28 16.13 16.06 15.11 13.72 11.61 10.66 11.02 10.66 8.83 9.05 9.86 10.73 11.02 11.53 12.48 12.48 13.21 11.10 9.20 6.79 7.15 8.25 6.42 6.86 4.31 3.36 3.65 3.58 3.50 3.14 5.04 5.77 7.52 8.18 8.18 2.48 0.73 1.31 0.00 5.91 5.91 7.88 8.69 9.78 11.39 12.12 8.83 13.43 4.38 3.29 2.70 2.99 3.65 4.89 6.06 8.03 9.42 11.02 12.70 14.24 17.23 18.10 17.59 16.72 16.28 16.28 15.48 14.67 14.75 15.18 15.26 15.33 14.31 13.87 13.07 12.41 10.07 10.88 12.34 14.24 15.26
17.01 16.35 16.28 16.13 16.06 15.11 13.72 11.61 10.66 11.02 10.66 8.83 9.05 9.86 10.73 11.02 11.53 12.48 12.48 13.21 11.10 9.20 6.79 7.15 8.25 6.42 6.86 4.31 3.36 3.65 3.58 3.50 3.14 5.04 5.77 7.52 8.18 8.18 2.48 0.73 1.31 0.00 5.91 5.91 7.88 8.69 9.78 11.39 12.12 8.83 13.43 4.38 3.29 2.70 2.99 3.65 4.89 6.06 8.03 9.42 11.02 12.70 14.24 17.23 18.10 17.59 16.72 16.28 16.28 15.48 14.67 14.75 15.18 15.26 15.33 14.31 13.87 13.07 12.41 10.07 10.88 12.34 14.24 15.26
16.06 15.70 14.53 13.87 13.43 12.78 11.68 11.02 9.42 9.56 8.61 6.28 5.69 6.86 9.13 10.80 11.97 12.19 12.19 12.56 12.78 12.05 8.54 4.89 7.74 5.84 5.69 4.02 3.80 3.50 4.23 4.23 3.29 4.38 6.79 9.56 9.78 7.30 6.86 2.77 3.65 4.60 5.26 5.26 6.28 7.59 7.52 7.08 6.42 4.89 4.38 5.91 4.53 4.09 4.31 5.40 6.35 6.86 7.96 9.34 10.15 11.24 12.70 14.16 14.97 15.84 15.91 15.62 15.62 15.77 15.33 15.33 15.70 15.33 15.18 15.11 14.67 15.55 15.77 14.16 13.14 11.90 11.32 11.17
13.43 13.29 12.12 10.80 10.66 9.78 9.20 8.69 8.54 8.69 7.37 6.86 5.48 5.40 7.88 10.22 11.39 12.78 12.78 13.43 13.94 11.10 9.86 7.23 4.16 4.60 4.60 4.02 4.96 4.31 4.02 3.36 3.14 4.74 7.52 8.61 8.54 7.74 6.86 6.28 5.26 3.94 3.43 3.43 3.43 4.16 4.23 4.09 5.18 7.15 6.72 7.74 6.64 10.15 10.15 10.15 9.64 9.78 9.71 9.49 10.00 10.44 11.53 11.24 11.61 13.43 14.16 13.72 13.72 13.72 14.75 14.60 15.40 15.99 16.13 15.99 18.03 20.00 20.73 18.91 16.43 12.99 10.88 9.71
10.44 9.27 9.13 8.47 8.54 8.47 8.32 7.15 6.94 5.84 5.77 5.18 5.84 6.72 8.54 10.80 13.87 15.26 15.26 15.40 14.45 11.32 7.88 5.48 3.50 5.40 5.11 5.11 5.04 3.72 2.77 3.07 3.21 4.16 5.26 7.15 8.47 9.71 7.45 6.06 6.79 4.96 6.42 6.42 6.72 7.15 6.64 6.42 7.23 9.20 9.56 11.02 13.58 11.97 12.19 11.02 11.61 12.78 13.43 12.19 12.34 13.51 12.56 11.24 12.12 13.43 14.38 15.33 15.33 16.35 17.37 16.72 16.64 17.30 19.05 20.88 21.39 23.94 24.53 21.53 19.20 15.70 13.43 11.75
10.44 9.27 9.13 8.47 8.54 8.47 8.32 7.15 6.94 5.84 5.77 5.18 5.84 6.72 8.54 10.80 13.87 15.26 15.26 15.40 14.45 11.32 7.88 5.48 3.50 5.40 5.11 5.11 5.04 3.72 2.77 3.07 3.21 4.16 5.26 7.15 8.47 9.71 7.45 6.06 6.79 4.96 6.42 6.42 6.72 7.15 6.64 6.42 7.23 9.20 9.56 11.02 13.58 11.97 12.19 11.02 11.61 12.78 13.43 12.19 12.34 13.51 12.56 11.24 12.12 13.43 14.38 15.33 15.33 16.35 17.37 16.72 16.64 17.30 19.05 20.88 21.39 23.94 24.53 21.53 19.20 15.70 13.43 11.75
9.13 8.47 8.03 7.74 7.08 5.99 6.50 7.37 6.94 6.72 6.72 6.94 7.66 10.29 11.90 14.02 16.50 17.45 17.45 15.99 14.45 11.39 9.71 6.35 4.09 6.42 5.84 4.96 3.87 3.58 4.09 5.55 5.62 5.77 7.08 8.54 9.49 11.32 10.95 9.49 10.15 8.18 11.24 11.24 10.51 9.27 8.54 8.98 9.78 11.24 12.99 14.67 15.84 14.24 15.48 13.14 14.16 16.13 17.23 16.86 15.11 13.58 12.34 11.83 12.63 13.51 13.94 15.18 15.18 16.79 18.61 19.42 19.20 19.64 21.24 23.51 25.55 26.94 25.48 22.34 19.71 17.89 15.70 14.82
8.69 8.47 7.15 6.94 6.28 6.86 5.91 6.57 7.15 7.74 8.54 9.78 12.26 15.33 16.13 16.13 15.48 15.77 15.77 15.40 12.12 10.59 9.49 8.03 4.82 4.82 5.69 5.26 6.79 8.69 6.57 11.24 12.19 12.56 13.14 14.31 14.82 14.53 13.65 12.48 12.63 12.41 13.29 13.29 10.88 11.46 13.14 14.53 16.13 15.77 15.70 15.48 14.53 14.24 15.33 13.43 16.21 18.03 18.54 15.99 13.65 13.51 13.72 14.53 15.33 15.33 15.18 15.70 15.70 16.21 18.10 19.64 20.22 21.24 21.46 21.61 22.63 21.17 17.74 18.61 18.69 17.74 14.82 13.58
10.37 9.49 7.66 6.20 5.77 5.11 6.35 7.15 8.18 9.34 10.59 10.29 10.51 12.56 15.48 15.91 15.84 14.53 14.53 13.29 12.12 11.17 9.78 9.42 7.96 5.11 8.32 7.96 10.51 13.21 14.67 13.43 17.59 18.18 17.74 16.28 14.09 12.41 12.85 13.14 14.82 15.48 17.16 17.16 13.72 17.08 17.45 17.89 17.45 15.70 15.99 16.72 16.06 17.01 19.56 16.64 16.79 22.19 19.71 14.97 11.97 10.80 11.75 12.48 13.58 14.45 15.26 15.26 15.26 15.26 16.72 18.54 18.76 18.91 17.52 18.25 19.20 14.45 6.50 8.91 16.43 19.05 17.74 16.35
9.34 9.49 8.61 8.40 8.47 6.13 5.11 5.11 5.77 6.72 7.37 8.69 9.86 10.44 11.10 12.92 13.87 13.72 13.72 12.70 11.75 10.95 10.95 11.39 11.32 8.25 10.66 10.15 11.39 13.43 15.70 17.96 17.96 16.57 15.18 13.87 11.90 10.66 12.26 15.40 17.52 18.98 18.25 18.25 19.20 19.42 14.60 14.02 14.02 14.16 16.28 17.37 16.35 17.67 20.29 21.61 20.81 23.14 16.79 11.61 8.25 7.59 8.47 8.83 9.20 10.95 14.31 15.91 15.91 16.94 17.59 17.96 17.59 16.86 17.08 19.93 20.00 11.97 0.00 6.94 13.14 17.01 15.70 16.50
9.34 9.49 8.61 8.40 8.47 6.13 5.11 5.11 5.77 6.72 7.37 8.69 9.86 10.44 11.10 12.92 13.87 13.72 13.72 12.70 11.75 10.95 10.95 11.39 11.32 8.25 10.66 10.15 11.39 13.43 15.70 17.96 17.96 16.57 15.18 13.87 11.90 10.66 12.26 15.40 17.52 18.98 18.25 18.25 19.20 19.42 14.60 14.02 14.02 14.16 16.28 17.37 16.35 17.67 20.29 21.61 20.81 23.14 16.79 11.61 8.25 7.59 8.47 8.83 9.20 10.95 14.31 15.91 15.91 16.94 17.59 17.96 17.59 16.86 17.08 19.93 20.00 11.97 0.00 6.94 13.14 17.01 15.70 16.50
9.78 10.15 9.78 9.64 9.05 7.30 5.18 3.50 3.65 4.23 4.67 7.01 9.13 11.24 11.90 12.12 13.14 12.34 12.34 11.68 10.66 9.20 8.69 9.56 11.24 10.80 12.41 12.56 13.72 13.72 14.82 17.89 18.32 18.10 17.08 14.67 12.26 11.75 13.58 14.82 16.13 14.24 13.29 13.29 12.12 16.79 13.80 14.09 16.21 17.01 17.01 16.43 15.33 15.18 17.08 17.16 17.01 18.61 16.86 9.78 11.46 12.92 13.36 11.90 10.95 12.26 14.75 16.57 16.57 19.20 20.00 20.08 18.98 18.54 19.78 21.10 18.91 10.59 0.00 7.81 12.56 10.95 9.93 11.10
12.19 12.12 11.97 12.05 11.61 9.49 6.28 4.53 4.82 5.69 6.28 7.37 9.56 12.05 13.80 14.89 14.82 14.24 14.24 12.48 11.24 8.98 9.42 9.05 11.68 13.87 13.80 16.06 16.13 16.28 16.72 18.25 19.42 18.40 20.00 16.72 14.31 11.39 9.86 9.13 8.83 9.05 10.22 10.22 9.93 12.99 10.00 19.35 21.83 20.81 18.54 17.59 17.08 16.72 16.21 16.13 14.60 13.72 13.51 13.94 17.23 18.76 19.56 17.23 15.55 16.43 17.16 19.71 19.71 21.83 23.58 22.63 20.51 18.98 19.56 18.25 16.57 12.63 10.15 9.64 9.13 8.03 8.10 8.32
12.19 11.17 11.53 11.97 11.97 11.61 10.37 9.20 7.59 6.50 8.47 8.98 9.27 10.15 10.44 10.80 12.63 14.02 14.02 14.82 14.97 13.87 12.12 11.83 12.34 13.87 16.13 16.64 16.06 14.75 12.78 14.67 16.72 17.59 19.42 15.99 9.49 7.01 5.11 4.60 4.53 7.96 11.39 11.39 13.58 17.89 21.90 17.45 22.12 20.29 20.95 22.27 22.63 21.10 18.25 16.57 15.40 14.97 15.70 14.38 19.71 22.48 23.73 22.27 21.83 20.66 19.49 21.90 21.90 23.65 20.95 17.67 14.09 13.36 13.94 13.80 14.16 14.53 12.48 10.51 9.13 8.98 8.98 8.83
10.80 9.78 9.78 9.49 10.07 12.19 14.09 15.26 15.91 15.40 13.43 13.94 13.29 12.26 10.73 9.86 9.49 10.80 10.80 12.05 13.43 13.29 13.07 13.07 14.67 15.40 14.53 16.06 14.53 11.75 9.27 8.98 10.73 14.02 13.14 16.13 4.89 0.00 0.00 2.56 6.20 9.05 11.32 11.32 12.70 16.06 18.32 18.40 22.63 20.44 23.36 25.70 28.32 27.01 23.94 20.66 19.42 17.16 14.89 14.60 14.45 19.49 21.39 22.19 23.14 23.14 23.29 23.14 23.14 20.66 14.38 6.79 5.18 5.40 6.06 6.64 7.74 8.54 8.91 7.81 7.15 7.23 8.32 8.18
11.90 9.78 8.47 9.27 10.37 11.10 13.87 17.59 19.13 20.81 22.63 23.80 22.92 22.27 20.08 17.52 15.26 14.31 14.31 14.16 15.18 15.91 16.28 16.28 18.18 20.29 21.53 13.87 19.64 16.21 12.56 9.34 8.98 9.78 8.61 4.45 8.25 0.00 0.00 0.00 7.52 9.13 7.59 7.59 5.48 6.50 7.08 7.52 9.78 14.53 15.18 17.23 20.22 19.93 22.48 23.00 21.32 19.56 14.53 12.12 14.31 13.80 18.03 19.35 21.32 22.63 22.70 21.02 21.02 18.69 12.85 9.34 6.57 4.74 3.58 2.04 2.41 3.80 4.45 4.96 4.09 4.23 4.82 4.38
11.90 9.78 8.47 9.27 10.37 11.10 13.87 17.59 19.13 20.81 22.63 23.80 22.92 22.27 20.08 17.52 15.26 14.31 14.31 14.16 15.18 15.91 16.28 16.28 18.18 20.29 21.53 13.87 19.64 16.21 12.56 9.34 8.98 9.78 8.61 4.45 8.25 0.00 0.00 0.00 7.52 9.13 7.59 7.59 5.48 6.50 7.08 7.52 9.78 14.53 15.18 17.23 20.22 19.93 22.48 23.00 21.32 19.56 14.53 12.12 14.31 13.80 18.03 19.35 21.32 22.63 22.70 21.02 21.02 18.69 12.85 9.34 6.57 4.74 3.58 2.04 2.41 3.80 4.45 4.96 4.09 4.23 4.82 4.38
8.61 8.32 8.83 9.56 10.80 11.46 13.14 16.06 18.61 20.08 21.46 23.14 24.60 25.70 26.86 24.38 22.78 21.46 21.46 19.78 18.32 19.05 18.98 19.64 19.56 21.10 22.19 20.88 19.27 16.94 14.45 11.02 8.91 6.42 4.23 2.56 1.17 3.14 0.00 0.00 3.72 4.45 3.21 3.21 1.83 0.00 0.00 0.00 0.00 5.48 5.69 6.79 8.32 11.53 13.51 15.55 15.33 13.51 10.44 11.02 13.72 13.21 15.48 17.37 20.81 22.12 21.10 18.40 18.40 18.32 18.91 18.40 14.89 10.00 7.08 5.33 3.94 3.80 3.14 2.63 1.97 2.04 1.31 0.95
8.76 9.34 9.34 10.44 12.56 13.58 15.26 17.45 20.81 21.75 21.46 20.81 19.64 18.76 20.51 21.68 21.24 20.51 20.51 20.95 21.17 20.88 21.10 19.74 17.83 18.79 17.40 18.69 17.08 17.59 15.33 12.34 7.96 4.45 0.00 0.95 0.58 0.00 0.00 0.00 2.41 2.85 0.00 0.00 0.00 0.00 0.00 0.00 0.00 0.00 0.00 4.23 5.77 7.88 8.03 9.42 10.59 8.47 8.40 12.48 16.13 16.43 16.21 17.01 19.13 20.37 19.64 18.83 18.83 19.93 23.21 23.36 19.49 15.11 9.86 6.20 4.60 4.60 3.65 2.19 1.61 1.39 0.58 0.73
11.53 11.83 13.80 14.67 14.67 15.48 17.16 18.83 19.64 20.73 20.22 19.05 17.01 15.62 16.79 18.47 20.15 22.48 22.48 23.51 23.80 24.24 24.82 24.95 25.49 20.19 19.52 19.12 18.98 19.71 18.40 14.38 11.75 9.34 6.28 2.92 2.04 2.99 1.46 3.43 3.43 3.36 0.00 0.00 0.00 0.00 0.00 0.00 0.00 2.34 3.36 2.41 6.20 7.01 7.45 7.37 6.64 6.42 8.32 11.97 15.62 16.86 15.40 15.33 15.18 15.84 17.45 19.93 19.93 22.12 23.58 21.53 19.42 16.13 12.26 9.56 8.40 7.74 5.55 4.53 3.80 2.63 1.31 1.24
14.53 14.82 15.40 15.48 14.45 13.80 13.65 13.80 12.41 11.02 12.85 13.43 12.26 11.32 11.53 16.06 19.35 20.66 20.66 21.10 21.90 22.97 24.46 24.16 23.75 22.62 22.48 20.65 19.12 20.93 19.56 18.83 18.32 14.82 10.59 8.83 8.40 6.72 4.74 5.11 2.12 1.97 2.34 2.34 0.00 0.00 0.00 0.00 0.00 0.00 3.80 5.84 5.33 5.62 5.84 5.48 5.91 5.99 6.86 11.75 16.06 18.32 17.96 17.37 14.60 14.45 17.59 21.68 21.68 23.73 22.12 20.44 18.61 16.43 14.53 14.09 13.21 10.88 8.69 7.66 6.28 3.65 3.72 3.80
16.06 15.18 14.82 15.40 15.40 14.24 12.48 11.75 9.34 5.91 3.14 1.24 3.87 7.52 10.51 12.63 14.97 15.91 15.91 15.98 13.35 14.08 16.93 20.95 23.94 25.04 25.21 26.90 21.47 23.74 22.67 20.95 20.66 19.42 18.25 18.25 14.09 11.02 7.15 5.26 5.04 2.63 2.41 2.41 2.12 0.00 0.00 0.00 0.00 0.00 0.00 0.00 4.31 5.62 3.43 4.53 5.77 5.69 8.32 12.19 17.45 23.14 24.16 24.60 19.93 21.61 20.44 24.02 24.02 24.09 20.73 19.13 16.21 14.45 14.97 16.06 14.16 11.83 11.32 11.46 8.69 6.42 6.57 6.28
16.06 15.18 14.82 15.40 15.40 14.24 12.48 11.75 9.34 5.91 3.14 1.24 3.87 7.52 10.51 12.63 14.97 15.91 15.99 16.49 13.55 15.08 16.51 21.49 23.58 25.04 24.45 25.00 20.06 24.11 22.90 21.82 23.21 20.55 18.72 18.25 14.09 11.02 7.15 5.26 5.04 2.63 2.41 2.41 2.12 0.00 0.00 0.00 0.00 0.00 0.00 0.00 4.31 5.62 3.43 4.53 5.77 5.69 8.32 12.19 17.45 23.14 24.16 24.60 19.93 21.61 20.44 24.02 24.02 24.09 20.73 19.13 16.21 14.45 14.97 16.06 14.16 11.83 11.32 11.46 8.69 6.42 6.57 6.28
15.99 14.89 14.45 13.72 13.80 13.65 14.60 16.13 14.09 11.32 9.20 4.60 2.77 6.86 10.95 15.77 17.30 16.43 16.43 13.87 11.32 8.47 8.44 10.67 15.65 17.11 22.19 28.10 24.16 23.84 27.43 26.48 26.31 24.93 21.52 21.11 18.36 14.82 10.15 7.81 6.57 3.58 2.41 2.41 2.34 0.00 0.00 0.00 0.00 0.00 0.00 0.00 0.00 0.00 0.00 4.45 6.72 7.37 8.91 12.12 14.82 19.05 22.85 26.21 28.54 27.52 24.16 22.56 22.56 21.53 19.27 17.74 15.62 14.89 16.28 17.08 15.11 13.94 14.45 12.99 9.56 7.37 6.57 5.99
15.77 15.26 13.80 12.70 11.97 11.53 11.90 14.75 16.43 16.57 16.06 13.87 12.12 12.56 15.55 17.96 19.64 18.10 18.10 14.89 10.88 7.85 5.55 5.55 6.90 9.19 10.29 15.89 32.70 21.31 27.67 29.35 28.32 29.12 27.49 25.10 22.31 18.49 15.04 13.07 10.29 8.40 2.70 2.70 1.61 1.31 1.17 1.17 1.75 0.00 2.85 3.58 0.00 0.00 0.00 5.62 7.74 8.40 8.10 8.91 10.51 12.34 16.64 24.24 29.64 28.03 28.62 21.90 21.90 21.75 18.83 16.64 16.64 17.59 18.54 17.96 15.55 14.67 14.97 13.43 11.39 8.69 8.10 7.45
14.75 14.02 14.82 15.40 14.75 13.36 13.51 15.04 16.94 14.82 13.51 12.78 12.12 11.97 12.63 13.58 14.60 14.45 14.45 12.70 10.07 6.72 5.55 4.45 5.11 6.94 8.91 11.06 16.84 33.35 20.15 28.76 30.66 31.76 32.12 29.65 28.48 23.94 21.68 21.32 21.24 16.28 14.16 14.16 4.60 2.41 2.12 0.58 0.73 1.31 0.00 0.00 0.00 0.00 5.04 3.87 6.50 6.28 6.64 7.88 7.88 8.25 12.34 19.20 26.50 26.06 26.79 24.09 24.09 21.39 17.96 16.35 16.94 16.43 17.30 17.59 18.40 18.03 16.86 15.55 14.82 14.02 13.72 13.43
13.36 12.92 13.29 14.53 16.21 19.27 21.53 24.31 25.11 24.97 22.19 17.23 14.97 13.51 11.39 10.95 10.95 10.07 10.07 10.95 13.14 12.70 12.05 7.30 7.30 7.59 9.34 12.25 13.87 23.73 18.18 19.49 23.87 28.47 30.66 32.41 32.61 30.64 28.23 26.47 25.55 22.27 21.02 21.02 7.74 5.26 4.23 1.83 1.90 1.46 2.56 0.00 0.00 0.00 4.16 4.67 3.65 3.87 6.42 8.18 7.30 7.08 10.51 15.18 18.47 18.10 18.61 21.39 21.39 18.76 15.77 15.33 15.70 16.21 18.25 19.56 22.56 23.14 22.27 20.81 18.76 17.74 15.99 14.45
11.39 10.95 11.39 12.63 15.26 18.10 19.49 19.93 20.06 24.24 27.38 24.97 19.86 14.45 11.68 9.78 9.42 9.71 9.71 10.80 13.58 17.30 19.20 17.52 12.34 9.05 9.13 10.40 11.24 18.32 13.94 15.18 17.16 20.29 25.48 27.81 29.71 30.73 31.20 30.77 28.54 26.57 23.21 23.21 18.91 13.58 11.02 9.05 4.96 3.72 3.14 2.92 0.00 0.00 0.00 0.00 0.00 3.94 5.77 7.81 8.69 7.37 6.35 7.66 9.93 11.32 12.19 12.92 12.92 16.94 13.80 14.97 16.94 17.37 16.43 19.64 22.19 22.92 23.87 21.83 18.54 16.86 14.53 12.70
11.32 10.88 9.93 12.41 15.99 19.35 21.24 18.83 14.60 12.41 14.24 16.72 16.06 11.53 7.74 5.69 6.20 9.78 9.78 12.92 16.06 17.45 18.98 19.35 17.89 14.16 12.34 11.68 12.30 12.71 13.01 12.91 13.70 13.36 15.18 17.16 17.67 22.27 28.32 30.22 28.24 27.67 27.08 27.08 26.50 23.14 21.97 19.20 15.04 9.49 6.72 4.23 1.61 0.00 0.00 2.12 0.00 2.77 3.29 5.04 7.96 7.96 5.69 5.26 6.13 6.79 6.64 6.86 6.86 11.17 9.56 12.70 13.72 11.17 10.15 13.29 15.55 17.74 19.05 19.64 19.71 17.08 12.92 10.80
11.32 10.88 9.93 12.41 15.99 19.35 21.24 18.83 14.24 12.41 14.24 16.72 16.06 11.53 7.74 5.69 6.20 9.83 9.78 12.92 16.06 17.45 18.98 19.35 17.89 14.16 12.34 11.68 12.12 12.26 12.56 12.85 13.29 13.36 15.26 17.24 17.67 22.16 28.61 30.22 27.96 27.67 27.08 27.08 26.50 23.14 21.97 19.20 15.04 9.49 6.72 4.23 1.61 0.00 0.00 2.12 0.00 2.77 3.29 5.04 7.96 7.96 5.69 5.26 6.13 6.79 6.64 6.86 6.86 11.17 9.56 12.70 13.72 11.17 10.15 13.29 15.55 17.74 19.05 19.64 19.71 17.08 12.92 10.80
12.85 12.48 9.05 7.66 13.36 20.51 22.48 21.12 18.82 14.31 13.43 11.83 9.64 6.35 3.58 4.02 5.04 7.59 7.59 10.95 14.09 16.06 17.23 18.18 17.45 17.01 16.57 16.43 16.86 15.77 12.48 13.51 12.99 12.63 11.32 11.68 12.05 16.06 22.16 23.80 22.78 22.34 25.11 25.11 27.38 28.84 30.08 27.23 24.02 20.88 15.33 10.37 5.62 2.77 0.00 0.00 0.00 0.00 0.00 3.58 6.64 7.45 6.42 5.33 4.82 4.89 4.67 4.60 4.60 4.38 5.55 5.91 4.89 5.04 4.96 6.79 7.88 10.00 13.94 17.30 18.03 16.06 13.14 11.53
