Wansh/Snow_depth/snowdepth-1988/spring/1988078.txt
ncols 321
nrows 161
xllcenter 60
yllcenter 15 
cellsize  0.25 
NODATA_value -1
[rows 0 to 36 of 161, columns 84 to 167 of 321]
22.34 22.70 22.05 21.61 20.29 17.67 17.37 17.37 17.37 17.37 15.77 16.94 18.10 19.56 23.43 23.51 23.36 20.88 20.88 20.66 20.22 17.59 15.77 12.26 8.61 5.55 3.50 1.90 1.53 1.68 3.94 6.42 10.73 13.94 14.31 13.14 12.34 12.41 11.17 11.02 11.68 12.48 11.90 11.90 10.51 7.66 5.69 4.96 4.74 6.35 8.69 10.29 10.66 10.66 10.00 12.05 11.24 11.17 10.15 8.40 6.28 5.48 4.53 4.02 3.43 4.16 5.11 6.13 6.13 8.54 10.37 13.21 16.21 16.21 15.91 15.33 16.43 17.96 19.93 20.73 20.66 18.32 16.35 15.55
22.05 20.95 19.93 19.13 18.61 18.83 17.30 17.16 18.03 18.25 17.89 17.45 16.57 15.04 14.02 13.36 13.58 15.55 15.55 17.37 18.40 17.45 17.37 16.50 11.90 7.30 4.60 1.97 1.17 1.97 1.10 4.74 8.69 10.95 10.07 8.32 6.94 6.20 6.50 7.96 10.80 12.63 12.85 12.85 12.48 11.10 10.29 7.45 4.82 4.09 4.38 5.11 5.69 6.06 6.50 8.03 9.20 9.86 10.00 10.00 8.61 8.40 8.76 8.69 8.25 8.40 8.54 9.20 9.20 11.10 11.83 12.56 14.53 16.57 18.18 18.69 20.22 21.68 22.05 21.97 22.05 21.61 20.22 18.83
20.29 20.08 18.47 18.18 18.54 17.96 19.86 16.50 20.95 20.73 20.29 18.76 17.23 15.62 13.43 10.95 9.56 9.56 9.56 10.15 12.70 13.07 14.60 16.13 14.38 9.49 5.48 3.94 2.12 1.75 2.92 2.70 5.99 7.23 9.71 10.80 10.88 9.78 11.39 11.02 10.15 9.27 9.27 9.27 10.07 12.05 13.58 12.05 10.22 7.23 4.96 4.23 4.23 4.23 4.89 5.91 7.45 8.76 10.22 11.97 11.97 12.48 12.63 12.34 12.78 12.92 13.14 14.45 14.45 14.45 14.16 13.36 13.36 14.89 17.01 20.51 21.83 23.07 22.78 22.19 22.19 22.92 23.07 22.34
20.29 20.08 18.47 18.18 18.54 17.96 19.86 16.50 20.95 20.73 20.29 18.76 17.23 15.62 13.43 10.95 9.56 9.56 9.56 10.15 12.70 13.07 14.60 16.13 14.38 9.49 5.48 3.94 2.12 1.75 2.92 2.70 5.99 7.23 9.71 10.80 10.88 9.78 11.39 11.02 10.15 9.27 9.27 9.27 10.07 12.05 13.58 12.05 10.22 7.23 4.96 4.23 4.23 4.23 4.89 5.91 7.45 8.76 10.22 11.97 11.97 12.48 12.63 12.34 12.78 12.92 13.14 14.45 14.45 14.45 14.16 13.36 13.36 14.89 17.01 20.51 21.83 23.07 22.78 22.19 22.19 22.92 23.07 22.34
19.05 17.59 16.94 16.06 15.48 15.77 19.71 20.51 17.01 17.23 17.67 17.59 17.37 16.35 15.48 13.87 12.92 10.22 10.22 8.40 6.28 8.83 10.15 12.12 13.36 12.70 9.86 6.35 4.23 3.07 2.92 3.21 2.99 7.08 9.56 13.72 14.89 13.14 11.61 8.83 5.91 3.72 3.80 3.80 5.33 7.52 10.95 13.87 14.75 13.43 9.05 5.77 4.74 4.02 4.09 4.09 4.31 5.84 7.66 9.13 11.32 12.56 13.21 14.45 14.02 14.82 15.62 15.77 15.77 15.77 15.26 15.04 14.82 14.67 14.24 15.33 16.94 19.49 18.69 18.91 18.76 19.86 20.95 21.68
21.02 21.17 20.81 19.49 17.89 14.67 12.70 13.72 13.29 12.56 13.65 13.51 13.72 13.87 14.31 14.97 14.89 13.80 13.80 11.46 9.64 6.64 6.86 8.25 10.59 11.46 9.34 6.79 4.31 4.53 3.29 2.70 3.50 4.45 9.49 10.73 11.83 8.91 5.40 3.72 2.48 0.00 0.00 0.00 4.09 5.40 10.15 13.07 15.62 12.41 6.79 4.74 4.45 3.72 3.58 4.09 4.89 5.91 7.59 9.13 11.02 13.14 14.67 16.79 17.08 16.86 15.77 15.40 15.40 14.82 14.82 15.33 15.26 15.18 14.45 13.29 12.78 12.41 11.83 13.21 16.72 18.03 19.71 20.95
21.53 20.15 19.27 19.49 18.98 17.23 15.55 12.19 13.58 13.94 13.72 10.29 9.78 9.93 12.48 14.02 13.80 13.14 13.14 12.34 12.05 11.90 10.44 8.83 8.54 7.81 5.91 4.60 4.31 4.23 4.16 3.94 4.02 5.99 5.18 6.35 9.05 6.72 1.90 0.95 0.00 3.14 4.89 4.89 7.52 9.71 10.95 13.29 13.43 9.86 7.30 4.67 3.58 3.07 3.72 4.67 6.35 7.96 10.88 11.39 12.26 15.26 16.79 18.25 18.83 18.91 18.40 17.89 17.89 16.57 15.84 15.84 16.35 16.13 16.06 15.70 14.02 13.36 12.34 12.41 12.34 13.65 15.62 19.42
21.53 20.15 19.27 19.49 18.98 17.23 15.55 12.19 13.58 13.94 13.72 10.29 9.78 9.93 12.48 14.02 13.80 13.14 13.14 12.34 12.05 11.90 10.44 8.83 8.54 7.81 5.91 4.60 4.31 4.23 4.16 3.94 4.02 5.99 5.18 6.35 9.05 6.72 1.90 0.95 0.00 3.14 4.89 4.89 7.52 9.71 10.95 13.29 13.43 9.86 7.30 4.67 3.58 3.07 3.72 4.67 6.35 7.96 10.88 11.39 12.26 15.26 16.79 18.25 18.83 18.91 18.40 17.89 17.89 16.57 15.84 15.84 16.35 16.13 16.06 15.70 14.02 13.36 12.34 12.41 12.34 13.65 15.62 19.42
19.42 17.96 16.72 16.79 16.13 13.80 12.63 11.68 12.56 10.15 11.17 10.15 7.23 7.88 9.49 12.34 13.65 13.87 13.87 14.02 14.82 16.21 14.60 11.02 10.37 6.72 5.04 4.16 4.82 5.11 4.67 4.16 4.02 5.62 9.27 7.23 8.32 5.84 3.29 3.58 4.31 4.45 6.28 6.28 7.74 7.74 7.52 7.45 6.86 5.84 5.91 6.42 6.42 7.15 6.72 7.52 8.25 9.05 10.59 11.17 12.63 13.80 14.67 15.62 16.94 17.37 16.72 16.28 16.28 15.99 15.91 16.21 16.50 16.28 16.28 16.50 16.86 16.94 17.30 16.28 13.43 12.34 12.05 12.92
15.48 14.16 13.29 12.56 11.83 11.17 9.71 9.42 10.29 7.37 7.88 7.01 7.66 8.32 10.15 13.14 17.23 18.10 18.10 18.47 17.81 17.52 15.91 9.71 9.71 9.78 4.89 5.26 5.48 4.89 4.23 4.16 4.31 6.79 9.13 10.00 11.68 10.29 7.88 6.50 5.84 5.62 4.89 4.89 4.74 5.48 5.48 5.55 6.94 8.10 9.49 10.37 11.02 12.19 12.19 11.46 11.75 12.12 12.48 11.83 12.48 14.02 13.80 14.02 14.24 14.75 15.40 15.33 15.33 15.62 16.21 16.06 17.08 18.40 18.10 19.13 20.00 21.90 21.32 19.93 16.86 14.16 12.41 11.02
12.63 11.68 10.88 10.51 9.93 8.98 9.27 8.03 8.76 6.79 7.88 8.32 7.15 8.83 13.21 17.01 20.29 21.97 21.97 22.34 22.85 20.51 14.24 9.20 7.15 5.91 5.77 6.57 4.82 3.94 4.23 4.60 4.16 6.28 7.23 8.83 10.73 10.15 8.69 7.15 7.81 8.54 7.88 7.88 8.40 8.18 7.30 8.32 10.15 10.80 11.68 13.87 15.18 14.97 13.07 13.14 14.31 14.97 14.82 14.31 14.16 14.60 14.02 13.80 13.94 14.60 15.48 16.35 16.35 17.45 18.54 17.81 18.10 19.93 21.53 23.07 25.40 26.21 24.24 21.61 19.35 15.70 14.16 13.94
12.63 11.68 10.88 10.51 9.93 8.98 9.27 8.03 8.76 6.79 7.88 8.32 7.15 8.83 13.21 17.01 20.29 21.97 21.97 22.34 22.85 20.51 14.24 9.20 7.15 5.91 5.77 6.57 4.82 3.94 4.23 4.60 4.16 6.28 7.23 8.83 10.73 10.15 8.69 7.15 7.81 8.54 7.88 7.88 8.40 8.18 7.30 8.32 10.15 10.80 11.68 13.87 15.18 14.97 13.07 13.14 14.31 14.97 14.82 14.31 14.16 14.60 14.02 13.80 13.94 14.60 15.48 16.35 16.35 17.45 18.54 17.81 18.10 19.93 21.53 23.07 25.40 26.21 24.24 21.61 19.35 15.70 14.16 13.94
11.97 11.61 10.95 10.88 9.42 8.25 7.66 7.23 8.61 8.54 9.71 10.37 12.34 10.00 13.21 19.35 20.59 22.27 22.27 23.14 22.70 19.05 12.85 10.44 9.13 8.25 7.23 5.91 5.48 5.26 6.50 6.79 6.94 7.74 9.27 11.24 12.99 13.43 11.24 10.66 11.24 11.75 11.02 11.02 10.51 10.22 11.10 11.83 12.92 13.36 14.97 16.21 16.79 15.33 13.94 13.65 15.62 17.01 17.45 16.72 15.40 14.53 13.80 13.87 14.16 14.24 14.02 14.97 14.97 16.79 18.69 19.42 19.49 20.81 22.85 24.31 26.13 26.13 24.97 23.73 20.73 18.83 16.86 15.26
12.26 11.97 11.02 9.27 8.54 8.18 7.74 8.18 9.78 9.56 11.24 12.26 14.45 16.64 15.99 20.73 20.15 20.88 20.88 21.02 18.61 14.60 12.85 11.32 10.73 8.76 7.08 7.30 8.03 10.07 11.90 13.65 15.11 14.67 15.77 15.84 15.62 15.40 14.53 14.31 13.87 12.63 13.14 13.14 13.21 14.89 15.84 16.57 17.23 16.57 16.35 16.21 15.40 15.18 15.33 16.72 19.20 20.00 18.91 16.50 14.38 14.09 14.53 15.40 16.21 16.21 15.40 15.70 15.70 17.52 19.49 20.95 21.53 21.97 21.90 21.83 21.46 17.45 17.08 17.30 20.22 18.47 16.50 14.97
12.99 12.34 10.80 9.93 9.78 9.05 9.78 10.66 11.97 12.56 14.02 14.45 14.67 16.35 18.25 19.05 18.98 17.52 17.52 16.64 15.40 13.65 12.48 11.68 11.83 10.51 10.00 9.56 9.49 14.82 16.50 17.89 18.69 18.61 18.03 17.52 15.70 13.21 13.58 14.53 13.29 17.59 19.35 19.35 19.78 18.91 18.03 18.40 17.52 16.72 17.08 18.03 16.57 16.64 18.10 19.78 21.97 24.45 18.91 14.45 10.51 10.44 11.17 12.56 13.87 15.33 16.06 16.13 16.13 16.72 18.10 19.13 19.49 18.76 18.03 19.71 17.45 12.48 5.91 11.17 19.27 20.59 19.71 19.35
11.97 11.75 11.75 11.39 10.59 9.78 7.74 7.45 7.74 12.63 9.71 11.24 12.05 13.65 14.75 14.82 15.48 16.35 16.35 16.79 15.62 13.80 13.65 13.14 13.21 12.70 12.63 12.70 13.43 12.78 17.89 19.35 20.00 18.03 16.94 14.75 12.26 11.53 13.58 16.72 19.42 16.79 20.00 20.00 18.25 16.21 15.26 15.26 15.04 15.99 17.45 17.89 16.43 17.74 19.71 21.53 22.41 21.02 15.33 11.90 9.93 10.88 11.17 10.22 11.75 14.53 15.91 17.52 17.52 19.20 18.18 18.54 18.54 18.54 19.64 20.88 18.54 7.52 0.00 8.83 15.91 17.08 16.13 18.25
11.97 11.75 11.75 11.39 10.59 9.78 7.74 7.45 7.74 12.63 9.71 11.24 12.05 13.65 14.75 14.82 15.48 16.35 16.35 16.79 15.62 13.80 13.65 13.14 13.21 12.70 12.63 12.70 13.43 12.78 17.89 19.35 20.00 18.03 16.94 14.75 12.26 11.53 13.58 16.72 19.42 16.79 20.00 20.00 18.25 16.21 15.26 15.26 15.04 15.99 17.45 17.89 16.43 17.74 19.71 21.53 22.41 21.02 15.33 11.90 9.93 10.88 11.17 10.22 11.75 14.53 15.91 17.52 17.52 19.20 18.18 18.54 18.54 18.54 19.64 20.88 18.54 7.52 0.00 8.83 15.91 17.08 16.13 18.25
13.07 13.65 12.92 12.70 11.90 10.15 8.61 6.72 6.35 7.23 9.78 8.54 9.34 12.92 14.45 14.31 15.26 14.75 14.75 16.13 14.24 12.99 11.68 10.66 12.12 13.51 14.31 15.55 16.28 16.57 16.13 18.61 19.27 19.27 17.96 14.97 13.80 14.02 15.33 16.35 16.50 17.08 18.40 18.40 13.21 12.34 12.78 15.70 18.25 18.25 17.52 16.43 16.06 15.84 17.08 17.89 17.45 15.11 13.58 12.48 12.92 14.67 15.04 13.36 13.29 14.67 16.43 18.10 18.10 20.08 21.17 21.02 20.88 20.22 20.88 20.81 17.89 9.78 5.77 9.56 12.12 11.90 10.95 12.26
16.06 15.18 15.04 14.75 14.45 12.78 11.97 10.22 8.83 9.78 9.78 10.80 10.88 14.02 15.33 15.18 15.84 15.77 15.77 17.30 14.89 14.09 11.39 10.37 11.02 13.58 16.21 18.10 19.20 18.61 18.54 17.81 21.53 21.83 20.00 17.16 14.82 12.70 10.59 10.37 10.51 11.53 11.10 11.10 12.99 14.24 18.03 21.61 22.85 21.10 18.98 18.61 17.96 17.23 16.64 15.99 15.18 15.18 16.06 17.30 18.18 20.95 21.02 20.37 18.61 18.47 19.64 21.39 21.39 23.07 23.07 21.53 20.00 17.96 17.67 18.18 16.64 14.16 10.59 9.78 9.20 9.20 8.91 9.27
15.77 14.97 14.31 14.45 16.43 16.72 15.99 13.87 12.70 11.53 11.75 11.53 11.46 11.68 12.70 12.34 12.41 12.92 12.92 14.89 16.35 14.82 13.43 12.41 12.85 14.82 17.23 17.67 16.35 14.75 13.51 15.04 17.59 18.61 17.81 14.02 9.71 6.64 5.69 4.96 5.77 8.40 13.14 13.14 11.90 12.85 22.78 23.36 22.70 22.19 22.78 24.16 23.36 23.14 20.29 18.25 16.94 15.70 15.99 17.16 20.00 22.78 23.51 22.85 22.05 21.17 21.97 23.73 23.73 23.21 17.37 12.78 11.24 11.32 11.68 13.36 14.24 15.04 12.92 9.93 9.05 9.34 9.64 9.34
14.89 14.38 14.67 14.38 15.04 16.43 18.83 19.05 19.05 17.81 17.59 15.18 17.81 17.01 15.91 13.36 11.83 13.07 13.07 13.29 14.16 14.89 14.45 14.38 14.97 17.16 18.69 17.08 15.55 13.07 9.64 9.49 10.29 14.16 14.60 9.71 4.82 2.41 0.00 3.07 6.72 10.07 11.68 11.68 13.36 16.64 20.44 20.22 19.71 20.95 23.07 26.94 28.32 26.94 25.26 22.63 19.05 17.30 14.89 15.18 17.01 19.05 21.24 23.51 23.58 23.36 23.51 23.14 23.14 19.13 13.72 7.37 5.33 5.48 5.18 5.69 7.59 8.18 8.91 8.10 8.03 8.25 8.83 7.88
14.82 15.04 15.48 15.84 14.97 14.67 17.08 19.35 21.32 23.21 25.19 23.87 25.62 24.82 23.29 21.17 18.61 17.89 17.89 16.28 16.13 13.94 16.94 17.30 19.42 20.88 22.85 22.05 20.51 17.01 14.09 11.02 9.64 10.07 9.42 6.42 2.70 1.31 0.00 3.14 7.74 9.64 7.74 7.74 7.23 8.18 10.95 8.98 9.34 11.75 12.92 17.37 20.66 20.15 22.63 21.46 20.37 17.45 12.70 12.70 14.16 15.40 16.72 20.95 22.56 22.78 22.41 20.81 20.81 18.54 14.45 10.80 6.79 5.04 4.31 3.21 3.58 5.04 4.67 4.23 3.72 4.82 5.91 4.60
14.82 15.04 15.48 15.84 14.97 14.67 17.08 19.35 21.32 23.21 25.19 23.87 25.62 24.82 23.29 21.17 18.61 17.89 17.89 16.28 16.13 13.94 16.94 17.30 19.42 20.88 22.85 22.05 20.51 17.01 14.09 11.02 9.64 10.07 9.42 6.42 2.70 1.31 0.00 3.14 7.74 9.64 7.74 7.74 7.23 8.18 10.95 8.98 9.34 11.75 12.92 17.37 20.66 20.15 22.63 21.46 20.37 17.45 12.70 12.70 14.16 15.40 16.72 20.95 22.56 22.78 22.41 20.81 20.81 18.54 14.45 10.80 6.79 5.04 4.31 3.21 3.58 5.04 4.67 4.23 3.72 4.82 5.91 4.60
12.63 13.80 14.38 14.67 15.77 15.48 16.21 18.18 19.20 21.61 23.21 27.89 25.40 25.92 25.11 24.24 22.41 20.88 20.88 19.78 18.98 18.98 18.10 19.64 20.08 21.46 22.48 21.97 19.78 18.03 15.48 12.26 8.76 6.64 8.54 4.02 2.70 0.00 0.00 0.00 4.02 4.74 2.99 2.99 1.97 0.00 0.00 3.65 2.56 2.92 3.94 5.99 7.30 10.88 12.99 13.43 13.29 12.34 10.00 11.46 14.24 15.11 15.33 18.47 21.17 21.75 20.00 17.89 17.89 19.78 21.53 18.91 14.02 9.20 7.81 5.04 4.09 4.38 3.14 2.04 2.12 2.92 3.14 3.07
12.85 12.92 13.87 14.16 15.62 16.79 19.27 21.61 23.73 23.58 21.97 24.02 23.51 21.53 20.44 20.81 20.37 20.00 20.00 21.39 20.66 20.66 21.61 20.86 19.96 21.13 18.14 16.72 17.16 17.74 16.72 12.78 9.71 6.06 3.29 3.36 1.24 1.24 1.53 2.19 2.26 2.12 1.46 1.46 0.00 0.00 0.00 0.00 0.00 0.66 1.97 3.07 3.94 5.04 5.62 7.01 8.32 7.52 7.96 11.46 14.89 15.33 14.97 17.59 19.49 19.42 18.76 19.13 19.13 20.95 23.36 23.73 19.78 14.38 9.71 6.35 5.77 4.96 3.87 3.07 2.63 3.07 3.36 3.36
15.91 15.11 15.48 15.26 16.43 18.18 19.78 21.17 23.14 24.67 23.65 21.75 19.86 16.94 14.75 16.72 19.27 21.75 21.75 23.58 23.94 23.43 22.92 23.95 27.21 20.48 19.83 17.46 18.47 19.49 18.10 15.18 12.99 10.07 5.69 3.72 2.85 2.92 4.16 4.23 3.50 2.48 2.12 2.12 2.12 1.68 0.00 0.00 0.00 0.88 2.63 3.58 3.87 4.82 6.13 6.94 6.86 6.94 7.88 10.95 15.26 15.84 15.18 15.62 15.84 15.77 17.96 21.17 21.17 22.78 22.70 21.83 19.20 16.06 12.56 9.86 9.05 7.37 5.84 5.69 4.31 1.90 2.04 3.43
16.35 16.06 15.91 15.55 16.06 15.70 14.53 14.53 13.51 13.43 14.67 13.14 16.72 10.29 11.97 15.77 17.89 20.81 20.81 22.70 21.46 20.53 21.82 23.71 24.96 23.22 21.63 20.50 20.39 20.34 19.20 18.25 18.03 15.40 10.44 10.07 6.72 8.54 6.13 4.60 2.92 1.31 0.80 0.80 0.15 0.00 0.00 0.00 0.00 0.00 2.92 3.14 2.99 2.70 4.16 5.69 6.64 7.01 8.61 11.83 17.59 19.35 20.59 19.78 17.74 16.64 20.08 23.51 23.51 24.31 21.97 20.00 18.18 16.43 15.11 14.31 13.36 10.37 9.34 9.20 5.99 3.80 4.67 5.99
16.21 16.13 15.77 15.33 14.45 13.65 13.58 12.48 9.49 6.13 2.56 3.21 12.05 4.89 9.86 13.58 16.86 20.22 20.22 20.79 17.92 15.64 17.23 18.47 20.90 24.31 23.93 25.79 25.25 22.42 20.91 20.22 19.78 18.91 17.52 16.21 15.18 13.36 7.66 5.91 4.16 1.46 0.66 0.66 0.00 0.00 0.00 0.00 0.00 0.00 0.00 0.00 0.00 0.00 0.00 4.60 6.06 7.37 9.27 13.87 19.35 23.65 24.89 25.19 23.36 21.53 22.05 23.87 23.87 23.36 21.17 18.98 16.94 15.26 16.86 17.45 14.67 12.48 12.56 11.97 8.47 6.50 7.30 7.52
16.21 16.13 15.77 15.33 14.45 13.65 13.58 12.48 9.49 6.13 2.56 3.21 12.05 4.89 9.86 13.58 16.86 20.22 20.32 21.47 18.19 16.74 16.80 18.94 20.59 24.31 23.21 23.96 23.60 22.76 21.12 21.06 22.23 20.01 17.97 16.21 15.18 13.36 7.66 5.91 4.16 1.46 0.66 0.66 0.00 0.00 0.00 0.00 0.00 0.00 0.00 0.00 0.00 0.00 0.00 4.60 6.06 7.37 9.27 13.87 19.35 23.65 24.89 25.19 23.36 21.53 22.05 23.87 23.87 23.36 21.17 18.98 16.94 15.26 16.86 17.45 14.67 12.48 12.56 11.97 8.47 6.50 7.30 7.52
15.77 15.11 14.97 14.38 14.16 14.31 15.40 16.94 16.06 14.60 12.99 5.91 7.37 4.67 14.16 17.96 20.73 23.00 23.00 19.93 16.64 12.85 10.20 9.19 12.95 14.89 19.54 20.10 22.70 25.16 25.44 25.27 24.96 23.99 20.02 19.52 17.11 13.07 13.72 7.59 4.67 2.56 1.17 1.17 0.95 0.00 0.00 0.00 0.00 0.00 0.00 0.00 0.00 0.00 0.00 2.99 5.33 7.08 8.61 11.32 16.86 19.71 23.65 26.94 30.30 27.45 24.09 22.48 22.48 21.90 18.83 17.74 16.72 16.21 17.45 17.96 15.99 14.89 14.53 13.07 9.34 7.59 7.37 6.42
16.79 16.28 14.82 13.07 11.83 10.59 11.61 15.11 17.52 16.21 15.91 15.33 14.53 14.38 12.19 19.05 22.05 20.66 20.66 19.00 15.48 9.76 6.64 6.42 7.63 9.19 12.26 13.92 18.47 21.83 27.59 30.37 28.18 26.62 24.39 22.57 19.86 17.02 14.97 14.09 12.41 9.05 4.89 4.89 1.90 0.58 1.10 1.39 1.68 0.00 2.41 2.41 0.00 0.00 0.00 2.56 3.94 5.26 6.42 8.54 11.46 14.16 17.96 24.67 29.64 27.81 23.65 21.97 21.97 21.39 18.32 17.59 18.32 18.47 19.35 19.05 17.08 16.28 16.43 15.48 12.92 12.48 11.10 10.73
17.67 21.32 22.34 21.90 18.69 17.96 18.47 19.27 16.57 13.80 12.34 10.51 10.00 15.91 12.41 15.11 16.35 15.62 15.62 14.53 11.61 9.64 8.61 8.61 7.88 7.81 8.83 8.41 16.14 22.36 27.59 30.00 30.88 30.44 31.58 27.17 26.63 21.68 20.15 16.57 20.00 16.35 10.66 10.66 4.31 2.12 1.68 1.10 0.80 1.39 0.00 2.26 2.34 0.00 0.00 1.17 2.19 4.31 6.28 8.25 8.40 8.83 15.18 21.75 26.13 26.21 23.07 22.05 22.05 20.66 17.81 16.43 16.43 17.52 19.20 20.15 20.73 20.29 19.27 16.86 17.08 17.08 16.13 15.84
20.37 23.07 24.89 25.11 24.82 25.55 26.06 29.05 30.08 29.93 24.97 19.86 16.57 10.66 10.88 12.41 12.34 10.37 10.37 9.13 10.29 13.29 16.06 16.79 13.80 10.37 9.64 10.34 10.88 18.83 22.27 25.19 27.16 30.59 34.02 34.02 32.09 29.58 26.07 25.66 21.68 19.93 14.09 14.09 8.91 7.01 4.02 3.21 1.53 1.17 1.46 1.75 0.00 0.00 0.00 0.00 0.00 2.99 6.50 9.13 8.40 7.81 11.68 14.89 17.59 18.03 17.30 18.10 18.10 17.30 15.91 16.21 17.01 17.30 18.40 21.24 23.58 24.02 24.02 21.02 18.61 16.94 16.28 15.26
18.25 22.41 24.38 24.60 23.21 21.32 17.67 15.62 18.36 21.83 24.53 23.36 18.76 12.85 11.75 14.16 13.94 5.33 5.33 7.81 10.44 14.89 20.08 21.83 19.71 16.28 11.68 10.54 11.02 14.60 15.62 17.16 18.32 23.14 28.18 29.71 27.74 30.08 31.65 30.70 27.07 24.67 21.68 21.68 17.59 13.65 12.19 7.23 4.67 3.58 3.07 2.92 0.00 1.39 0.00 0.00 2.12 2.56 5.26 7.88 9.49 8.25 6.94 7.30 9.20 10.73 11.68 12.92 12.92 11.53 12.63 15.55 16.35 15.77 15.33 18.69 21.53 23.29 24.09 21.46 18.69 16.06 14.24 11.61
15.62 15.99 19.27 22.92 26.50 27.52 22.63 15.62 9.13 7.74 9.05 11.75 10.73 7.08 8.10 5.84 6.64 2.99 2.99 6.35 10.00 14.82 17.96 19.78 19.42 18.18 13.72 12.99 11.78 11.88 11.95 9.02 8.96 10.00 15.99 15.91 17.59 25.07 29.35 30.08 28.61 29.49 26.13 26.13 25.40 24.97 22.78 18.69 16.13 11.75 8.25 5.26 0.00 0.00 0.00 2.04 0.00 0.00 0.00 5.18 8.69 8.03 6.28 6.13 6.79 6.79 6.86 7.45 7.45 6.79 8.76 10.66 11.17 9.42 9.56 11.97 13.72 16.43 18.83 20.59 19.56 16.43 12.85 10.37
15.62 15.99 19.27 22.92 26.50 27.52 22.63 15.62 8.91 7.74 9.05 11.75 10.73 7.08 8.10 5.84 6.64 3.01 2.99 6.35 10.00 14.82 17.96 19.78 19.42 18.18 13.72 12.99 11.61 11.46 11.53 8.98 8.69 10.00 16.07 15.99 17.59 24.94 29.64 30.08 28.32 29.49 26.13 26.13 25.40 24.97 22.78 18.69 16.13 11.75 8.25 5.26 0.00 0.00 0.00 2.04 0.00 0.00 0.00 5.18 8.69 8.03 6.28 6.13 6.79 6.79 6.86 7.45 7.45 6.79 8.76 10.66 11.17 9.42 9.56 11.97 13.72 16.43 18.83 20.59 19.56 16.43 12.85 10.37
20.22 16.50 13.21 13.43 19.64 25.62 25.62 22.75 18.53 14.09 11.61 10.66 8.32 3.21 0.80 2.63 1.75 0.00 0.00 2.92 7.15 11.97 13.51 15.26 17.01 16.57 12.85 10.66 7.52 7.30 10.95 5.69 4.02 3.07 4.53 6.35 8.69 14.38 23.04 23.73 22.19 22.19 24.60 24.60 27.23 30.15 30.30 28.47 25.62 21.17 17.67 11.83 7.01 3.87 0.00 0.00 0.00 0.00 0.00 0.00 7.01 7.59 6.57 5.11 4.31 4.02 3.94 3.21 3.21 2.70 3.43 3.36 3.21 3.50 3.07 4.02 6.94 10.22 15.26 18.10 18.25 16.28 14.24 11.75
