Wansh/Snow_depth/snowdepth-1988/spring/1988089.txt
ncols 321
nrows 161
xllcenter 60
yllcenter 15 
cellsize  0.25 
NODATA_value -1
[rows 0 to 36 of 161, columns 168 to 251 of 321]
12.48 10.73 7.96 6.72 6.57 7.15 6.94 6.13 6.28 6.28 6.20 7.45 8.32 7.81 7.74 7.23 7.01 8.54 10.15 11.68 12.41 11.46 10.29 10.00 9.20 7.74 4.60 2.77 0.00 0.00 0.00 5.40 11.61 13.87 14.09 14.09 13.94 14.02 15.33 16.79 16.72 16.06 15.33 16.64 19.42 22.05 22.63 23.36 23.21 22.34 20.29 18.32 18.47 18.91 20.08 23.43 26.06 27.23 27.59 26.21 26.21 25.55 25.62 25.70 26.86 27.30 26.79 25.70 22.85 20.22 18.98 19.13 19.13 18.98 18.61 18.54 19.86 20.73 18.40 18.98 19.64 20.37 17.81 17.45
15.62 12.85 10.51 9.42 9.20 8.76 6.79 5.91 5.55 5.55 7.08 8.54 8.83 8.69 8.32 7.66 8.10 9.86 11.32 12.48 13.21 12.05 11.02 9.93 8.76 4.53 1.17 0.00 0.00 0.00 1.17 5.69 11.68 13.51 14.31 14.31 14.60 16.21 19.05 20.08 20.59 20.29 20.44 21.75 22.34 22.48 21.53 20.73 20.73 21.46 22.12 22.34 22.78 23.00 23.80 24.16 25.70 26.50 27.52 27.52 27.52 25.92 25.55 26.35 26.94 27.23 26.57 26.28 25.26 23.58 19.27 20.66 20.88 20.51 19.20 19.56 20.22 20.44 20.66 20.00 19.27 18.91 17.89 15.18
19.05 16.57 13.87 13.87 14.02 12.48 9.13 7.52 6.72 6.72 7.30 8.47 8.32 8.32 8.40 10.00 11.39 12.41 13.65 13.72 13.58 12.41 11.32 9.71 7.23 0.00 0.00 0.00 0.00 0.00 1.83 7.66 9.64 12.34 13.51 13.51 15.70 17.52 19.78 22.70 23.07 22.34 21.02 20.51 21.17 21.97 21.90 21.83 21.90 21.02 21.46 22.63 22.85 23.51 24.24 24.24 24.16 24.45 25.11 26.06 26.06 26.28 25.99 25.77 26.35 26.43 26.79 26.35 25.48 24.02 23.00 21.83 22.19 20.66 19.20 17.89 17.52 17.16 17.67 18.18 18.40 18.32 17.45 15.62
19.05 16.57 13.87 13.87 14.02 12.48 9.13 7.52 6.72 6.72 7.30 8.47 8.32 8.32 8.40 10.00 11.39 12.41 13.65 13.72 13.58 12.41 11.32 9.71 7.23 0.00 0.00 0.00 0.00 0.00 1.83 7.66 9.64 12.34 13.51 13.51 15.70 17.52 19.78 22.70 23.07 22.34 21.02 20.51 21.17 21.97 21.90 21.83 21.90 21.02 21.46 22.63 22.85 23.51 24.24 24.24 24.16 24.45 25.11 26.06 26.06 26.28 25.99 25.77 26.35 26.43 26.79 26.35 25.48 24.02 23.00 21.83 22.19 20.66 19.20 17.89 17.52 17.16 17.67 18.18 18.40 18.32 17.45 15.62
19.05 18.03 16.86 17.59 17.37 14.31 12.41 9.71 7.66 7.66 7.74 9.05 10.07 10.59 11.90 13.65 15.84 17.30 16.43 13.80 12.12 11.17 8.76 5.55 0.00 0.00 0.00 0.00 0.00 0.80 5.99 7.88 9.05 10.37 13.51 13.51 14.45 16.50 19.64 21.10 22.05 21.53 20.15 18.83 19.20 19.93 21.24 23.00 23.29 23.73 23.73 23.58 22.41 22.41 23.14 24.24 24.67 24.38 24.82 25.48 25.48 25.55 26.06 26.50 26.21 25.84 25.99 25.55 24.97 23.87 22.41 21.53 19.86 19.78 17.08 16.50 16.57 16.43 17.74 19.27 20.22 19.56 19.42 19.35
19.78 20.59 20.15 19.35 17.37 15.04 13.94 13.29 10.95 10.95 9.64 10.95 13.21 14.97 15.18 15.62 17.16 16.28 12.92 9.71 8.91 6.50 0.00 0.00 0.00 0.00 0.00 0.00 3.87 8.61 10.44 10.22 9.93 11.39 13.29 13.29 16.35 17.23 17.08 18.32 19.64 20.95 20.51 20.59 20.59 20.51 20.59 21.24 22.27 23.43 25.04 25.70 25.70 25.04 23.36 22.85 22.63 22.48 22.19 23.65 23.65 24.45 25.48 25.55 24.53 22.70 21.17 20.88 21.10 20.51 20.08 19.20 20.29 17.96 16.57 15.99 14.75 14.31 15.18 17.30 17.89 17.67 18.98 20.22
19.56 22.27 21.83 20.73 19.56 17.08 16.94 16.86 16.35 16.35 14.02 11.90 13.58 16.35 16.72 17.52 17.45 13.87 9.93 6.42 3.29 0.00 0.00 0.00 0.00 0.00 0.00 3.21 6.35 9.42 10.95 12.12 13.58 14.97 18.83 18.83 20.00 19.35 17.74 16.57 17.30 18.54 19.71 20.88 22.56 24.38 25.11 24.60 25.40 24.75 25.77 25.99 25.84 24.53 22.78 21.75 21.02 20.88 21.10 21.90 21.90 22.92 24.09 24.38 23.00 20.59 19.20 18.03 17.59 16.43 15.18 15.33 16.86 15.04 14.45 13.65 10.66 10.51 11.39 13.61 17.28 19.96 22.61 26.56
19.56 22.27 21.83 20.73 19.56 17.08 16.94 16.86 16.35 16.35 14.02 11.90 13.58 16.35 16.72 17.52 17.45 13.87 9.93 6.42 3.29 0.00 0.00 0.00 0.00 0.00 0.00 3.21 6.35 9.42 10.95 12.12 13.58 14.97 18.83 18.83 20.00 19.35 17.74 16.57 17.30 18.54 19.71 20.88 22.56 24.38 25.11 24.60 25.40 24.75 25.77 25.99 25.84 24.53 22.78 21.75 21.02 20.88 21.10 21.90 21.90 22.92 24.09 24.38 23.00 20.59 19.20 18.03 17.59 16.43 15.18 15.33 16.86 15.04 14.45 15.78 14.70 15.13 15.60 23.13 28.53 26.57 29.10 27.56
13.80 17.67 21.10 21.53 19.56 18.18 16.94 15.55 15.40 15.40 15.40 14.09 14.75 16.21 16.21 16.06 13.80 9.20 4.09 0.00 0.00 0.00 0.00 0.00 0.00 2.34 3.58 6.50 7.88 9.56 10.66 12.05 14.16 17.74 20.08 20.08 21.24 19.56 15.77 14.24 15.26 18.54 21.32 22.70 24.75 26.50 27.81 28.76 28.25 28.03 27.08 26.21 25.40 23.14 21.46 20.44 19.20 19.13 20.44 21.97 21.97 23.58 23.36 23.14 21.68 20.37 17.16 15.77 15.18 14.97 14.67 13.36 11.90 14.07 16.86 14.04 16.16 15.26 14.51 20.13 20.10 20.69 21.44 24.42
10.80 12.85 15.18 16.06 18.32 17.89 16.72 15.18 13.72 13.72 14.82 15.91 15.91 13.94 11.17 9.93 7.23 0.00 0.00 0.00 0.00 0.00 0.00 2.92 5.91 7.01 7.81 8.61 10.07 10.73 10.95 11.75 12.92 14.02 17.01 17.01 17.96 17.23 15.77 16.06 18.47 21.39 22.19 22.19 22.70 23.87 24.75 26.28 26.50 25.04 24.45 24.09 23.36 21.46 20.44 19.93 19.93 20.22 20.29 20.88 20.88 20.81 19.93 19.78 18.98 16.94 16.43 14.89 14.09 14.45 13.72 12.85 11.79 19.82 20.23 18.71 13.75 14.71 20.44 18.49 17.67 18.32 20.40 22.22
10.15 9.05 9.13 10.00 11.83 14.38 14.82 13.07 12.56 12.56 12.99 12.41 10.07 7.96 5.48 0.00 0.00 0.00 0.00 4.45 4.45 4.38 6.50 8.10 8.47 7.96 8.25 8.91 9.13 8.91 8.10 8.69 9.56 10.59 12.92 12.92 16.28 17.52 18.91 19.78 20.88 21.39 19.35 18.98 18.91 19.05 18.47 19.78 22.56 22.92 22.48 20.95 20.66 20.59 20.22 20.88 21.46 22.48 22.70 21.68 21.68 20.29 18.47 17.08 15.99 14.53 14.53 14.16 13.65 13.58 13.29 12.26 11.31 9.71 12.79 17.15 21.25 16.82 14.90 16.29 16.81 19.57 18.53 19.04
10.15 9.05 9.13 10.00 11.83 14.38 14.82 13.07 12.56 12.56 12.99 12.41 10.07 7.96 5.48 0.00 0.00 0.00 0.00 4.45 4.45 4.38 6.50 8.10 8.47 7.96 8.25 8.91 9.13 8.91 8.10 8.69 9.56 10.59 12.92 12.92 16.28 17.52 18.91 19.78 20.88 21.39 19.35 18.98 18.91 19.05 18.47 19.78 22.56 22.92 22.48 20.95 20.66 20.59 20.22 20.88 21.46 22.48 22.70 21.68 21.68 20.29 18.47 17.08 15.99 14.53 14.53 14.16 13.65 13.58 13.29 12.26 11.02 9.56 12.41 15.93 18.94 15.57 15.90 16.91 16.81 19.15 20.35 20.37
12.48 11.61 11.10 9.93 9.34 9.13 9.71 10.29 9.71 9.71 8.91 7.37 4.38 2.12 0.00 0.00 0.00 0.00 7.08 8.76 8.25 6.79 6.64 7.45 7.23 6.79 7.23 8.25 9.34 9.05 7.45 6.50 7.81 11.24 13.43 13.43 14.89 17.52 18.54 18.76 18.98 17.37 15.11 12.26 11.68 10.37 10.29 13.58 16.06 17.96 17.89 16.72 17.23 17.74 18.54 18.76 19.71 20.44 20.22 19.05 19.05 18.69 17.81 16.06 15.26 15.11 15.18 15.04 15.18 14.82 14.45 13.51 12.41 9.78 13.78 16.53 18.74 17.35 16.09 15.36 18.15 20.29 20.78 20.16
14.82 15.55 15.18 13.07 10.73 9.86 9.56 10.22 10.66 10.66 9.78 8.03 5.40 0.00 0.00 0.00 0.44 2.63 4.31 6.20 6.20 4.67 5.77 6.86 6.86 6.57 8.18 10.37 11.97 11.39 10.44 8.69 9.20 10.66 12.48 12.48 14.45 15.62 16.50 15.48 14.02 13.29 11.32 8.98 8.18 8.25 7.81 8.40 10.37 11.32 12.78 13.29 14.82 15.62 16.79 17.16 16.72 16.28 16.94 17.74 17.74 18.40 19.20 19.13 18.10 17.30 16.64 17.59 17.16 16.86 16.43 14.53 12.48 11.80 19.26 19.05 16.38 18.79 22.24 14.51 17.56 17.80 19.10 20.84
17.74 18.98 18.32 16.13 14.89 13.65 12.41 11.39 11.32 11.32 11.10 10.00 8.25 5.91 4.67 2.63 2.56 2.92 2.85 2.77 3.07 4.74 5.99 7.15 7.74 9.05 10.00 10.73 11.90 11.75 10.44 9.71 9.93 11.39 12.48 12.48 12.56 13.43 14.09 13.36 11.46 9.13 7.88 7.45 7.37 9.05 10.29 10.00 8.76 8.18 8.25 8.40 11.32 15.04 19.05 21.17 20.00 18.25 16.72 18.54 18.54 20.08 20.15 19.64 19.13 18.40 18.03 17.59 19.20 20.08 19.27 17.01 16.80 18.53 14.71 17.92 17.61 21.09 19.81 19.19 18.72 16.88 18.79 16.29
19.05 19.56 19.35 17.74 15.33 15.11 13.36 12.63 11.97 11.97 11.32 10.44 8.83 7.08 5.33 2.92 2.56 1.90 0.22 0.58 2.12 2.12 3.72 6.13 7.59 8.69 10.22 10.44 10.73 10.80 11.24 11.90 12.26 12.26 12.26 12.26 12.05 11.24 10.15 9.78 9.13 9.56 9.56 8.54 8.25 7.52 7.59 7.81 7.45 6.28 4.89 4.31 5.40 9.56 14.24 18.03 21.46 21.75 19.93 19.35 19.35 20.00 20.00 18.98 17.01 16.06 15.48 16.94 19.20 20.37 20.51 19.87 20.03 18.10 17.03 18.10 19.78 18.69 19.34 18.37 18.12 18.93 17.15 15.57
19.05 19.56 19.35 17.74 15.33 15.11 13.36 12.63 11.97 11.97 11.32 10.44 8.83 7.08 5.33 2.92 2.56 1.90 0.22 0.58 2.12 2.12 3.72 6.13 7.59 8.69 10.22 10.44 10.73 10.80 11.24 11.90 12.26 12.26 12.26 12.26 12.05 11.24 10.15 9.78 9.13 9.56 9.56 8.54 8.25 7.52 7.59 7.81 7.45 6.28 4.89 4.31 5.40 9.56 14.24 18.03 21.46 21.75 19.93 19.35 19.35 20.00 20.00 18.98 17.01 16.06 15.48 16.94 19.20 20.37 20.51 24.39 18.77 19.68 15.30 22.39 20.08 20.67 19.72 16.57 17.52 16.27 18.65 17.67
13.80 15.48 17.08 16.43 14.67 13.65 11.17 10.44 11.61 11.61 10.51 8.91 7.08 5.48 3.87 1.31 0.58 0.15 0.51 0.44 0.88 2.70 4.09 5.48 7.15 8.76 9.42 8.69 9.20 10.07 10.66 11.53 12.34 12.34 12.19 12.19 12.63 12.05 10.00 9.27 9.42 11.02 11.75 9.78 7.59 5.26 4.74 4.89 4.74 3.43 1.53 1.39 2.77 6.64 10.59 13.43 17.08 19.05 19.71 19.64 19.64 18.98 17.59 17.16 15.84 14.16 15.11 16.79 19.64 22.48 23.68 22.20 22.26 20.57 16.96 26.18 24.53 20.87 19.44 20.93 18.74 17.80 18.09 15.26
8.40 10.80 14.82 15.40 14.60 13.43 11.61 9.49 8.18 8.18 7.15 6.13 4.96 4.45 3.72 2.63 0.15 0.00 0.58 0.44 2.12 3.65 5.33 6.64 6.64 7.74 8.03 8.10 8.10 8.54 10.00 10.73 11.17 11.32 11.75 11.75 11.97 11.32 10.29 10.29 10.80 9.93 9.05 6.64 3.87 2.56 1.90 1.90 2.04 1.53 0.66 0.73 2.70 5.11 9.42 14.24 14.09 13.94 15.11 17.08 17.08 17.89 16.28 13.87 13.87 14.38 14.02 14.89 18.61 24.43 27.28 28.76 28.38 26.09 18.80 31.90 26.30 22.38 22.99 21.69 19.34 19.26 17.98 16.76
7.74 8.69 9.93 11.32 13.07 13.14 11.97 9.93 8.25 8.25 7.01 6.50 5.69 5.33 3.72 2.99 1.83 1.46 1.75 3.21 5.40 7.08 8.83 9.05 8.47 7.88 7.30 7.23 7.45 9.13 10.59 11.97 12.92 11.61 11.02 11.02 11.02 10.66 10.15 9.34 8.47 7.88 6.28 3.65 1.31 0.95 1.39 0.88 1.10 0.73 0.00 1.10 3.72 6.64 12.63 16.57 17.74 18.10 18.61 19.49 19.49 20.51 18.98 15.70 10.44 9.93 13.29 17.01 19.13 23.65 27.23 29.35 30.22 29.57 27.52 21.30 29.55 29.42 29.44 21.85 23.40 19.60 16.31 18.07
6.06 5.55 6.42 6.28 7.74 9.13 9.78 9.78 8.54 8.54 7.37 7.01 6.94 7.01 6.28 4.45 2.63 1.31 2.77 5.40 9.20 10.51 10.88 10.07 8.47 7.96 7.96 8.32 8.18 9.34 11.83 13.72 14.16 13.72 12.70 12.70 11.97 10.00 8.61 7.01 6.20 4.67 3.14 2.63 2.41 1.68 0.58 0.22 0.00 0.00 0.00 1.10 4.02 9.20 17.52 20.22 23.87 25.19 23.21 18.32 18.32 17.89 16.13 14.31 10.00 9.20 10.80 16.72 21.10 24.67 27.52 28.62 29.86 29.64 29.98 26.60 37.76 32.23 33.58 27.43 27.48 21.43 19.89 16.66
2.56 2.34 2.99 3.72 4.09 5.04 6.42 6.79 7.15 7.15 7.52 7.30 7.96 8.32 7.30 4.38 0.22 1.53 5.62 8.69 11.39 12.26 11.39 9.78 8.69 9.93 9.71 9.56 9.93 11.68 13.80 14.97 14.02 13.36 13.21 13.21 11.90 8.32 5.99 4.82 3.36 2.77 2.48 2.12 1.24 0.22 0.00 0.00 0.00 0.00 0.00 0.00 0.00 1.68 9.05 17.52 20.81 23.73 22.92 18.91 18.91 11.02 6.31 4.89 6.28 9.71 12.99 17.16 21.39 23.21 24.09 26.21 27.30 28.98 30.57 28.49 38.80 32.10 31.81 23.65 19.28 20.62 20.42 17.61
2.56 2.34 2.99 3.72 4.09 5.04 6.42 6.79 7.15 7.15 7.52 7.30 7.96 8.32 7.30 4.38 0.22 1.53 5.62 8.69 11.39 12.26 11.39 9.78 8.69 9.93 9.71 9.56 9.93 11.68 13.80 14.97 14.02 13.36 13.21 13.21 11.90 8.32 5.99 4.82 3.36 2.77 2.48 2.12 1.24 0.22 0.00 0.00 0.00 0.00 0.00 0.00 0.00 1.68 9.05 17.52 20.81 23.73 22.92 18.91 18.91 11.02 6.31 4.89 6.28 9.71 12.99 17.16 21.39 23.21 24.09 26.21 27.30 28.98 29.35 28.65 30.13 28.24 26.65 27.52 23.58 21.07 15.99 16.25
1.31 1.68 1.83 2.41 3.29 4.74 5.91 6.50 8.03 8.03 9.05 8.76 6.94 4.09 3.87 1.83 0.00 3.94 8.91 11.39 12.19 11.75 10.88 10.22 10.95 11.39 12.05 14.09 14.16 14.38 14.82 13.43 11.39 10.80 10.22 10.22 8.47 5.77 4.74 4.53 4.02 3.21 1.97 0.88 0.37 0.00 0.00 0.00 0.00 0.00 0.00 0.00 0.00 0.00 2.26 6.35 7.66 9.64 9.27 8.25 8.25 7.30 3.94 2.99 5.04 8.40 11.90 14.45 16.72 18.40 19.49 20.95 22.48 25.55 25.92 25.53 26.97 34.46 32.26 26.14 23.78 18.20 17.11 17.71
1.02 1.24 1.31 1.97 3.14 3.72 4.16 6.79 10.07 10.07 12.05 11.61 6.50 3.43 2.99 2.48 2.70 5.40 8.83 11.17 12.63 11.90 11.53 12.48 12.92 12.26 12.99 16.50 17.30 16.28 14.31 12.63 10.29 8.61 7.81 7.81 7.52 6.06 5.55 5.33 5.26 3.94 2.63 0.29 0.00 0.00 0.00 0.00 0.00 0.00 0.00 0.00 0.00 0.00 0.00 1.68 2.63 0.00 0.00 0.00 0.00 0.00 0.00 4.02 5.62 10.15 14.67 15.70 15.70 15.99 16.50 19.27 22.70 25.04 25.46 24.75 23.72 26.55 28.48 23.63 25.06 17.02 18.66 18.22
0.00 1.17 1.24 2.41 2.12 2.04 3.80 7.01 10.22 10.22 13.72 14.16 11.68 6.72 4.89 6.50 7.81 9.13 12.12 14.31 14.89 13.87 13.80 15.33 16.21 15.77 16.57 19.49 20.59 17.96 15.18 13.51 10.95 7.52 6.35 6.35 6.20 6.42 6.50 7.59 7.15 5.40 2.26 0.44 0.00 0.00 0.00 0.00 0.00 0.00 0.00 0.00 0.00 0.00 0.00 0.00 0.00 0.00 0.00 0.00 0.00 4.09 5.69 5.55 5.99 8.61 14.24 16.50 18.54 18.61 19.35 21.17 25.42 25.44 23.79 24.76 23.84 20.37 18.76 19.20 17.02 17.07 15.33 13.15
3.07 2.92 3.29 5.04 4.31 3.65 5.18 10.37 12.26 12.26 13.72 13.94 11.24 8.03 7.45 9.78 10.66 12.05 13.72 14.60 14.82 15.62 15.91 16.79 18.18 18.61 18.69 20.59 21.10 18.47 14.38 10.51 9.20 6.42 5.11 5.11 5.26 5.77 5.55 4.89 4.38 3.72 1.31 0.00 0.00 0.00 0.00 0.00 0.00 0.00 0.00 0.00 0.00 0.00 0.00 0.00 0.00 0.00 0.00 0.00 0.00 3.65 6.50 6.50 7.59 9.86 13.14 17.16 19.64 23.07 24.02 24.67 26.11 25.03 24.96 21.39 22.38 30.44 21.26 17.47 15.23 13.83 13.93 8.25
5.55 6.28 7.08 7.30 6.42 4.45 6.86 8.54 11.10 11.10 12.12 11.17 8.76 8.83 9.78 10.15 9.42 10.66 11.02 10.00 11.75 12.70 13.80 14.97 16.43 17.96 19.56 19.71 17.59 14.60 11.32 9.71 9.27 7.74 6.64 6.64 5.62 3.80 3.21 1.75 1.39 0.66 0.00 1.24 2.04 2.12 0.51 0.00 0.00 0.00 0.00 0.00 0.00 0.00 0.00 0.00 0.00 0.00 0.00 0.00 0.00 1.75 4.38 8.47 11.90 14.31 16.06 18.18 21.39 24.97 27.10 28.81 27.65 22.24 22.36 22.32 19.77 16.55 19.47 16.31 14.80 12.31 7.62 3.84
5.55 6.28 7.08 7.30 6.42 4.45 6.86 8.54 11.10 11.10 12.12 11.17 8.76 8.83 9.78 10.15 9.42 10.66 11.02 10.00 11.75 12.70 13.80 14.97 16.43 17.96 19.56 19.71 17.59 14.60 11.32 9.71 9.27 7.74 6.64 6.64 5.62 3.80 3.21 1.75 1.39 0.66 0.00 1.24 2.04 2.12 0.51 0.00 0.00 0.00 0.00 0.00 0.00 0.00 0.00 0.00 0.00 0.00 0.00 0.00 0.00 1.75 4.38 8.47 11.90 14.31 16.06 18.18 21.39 24.97 27.24 28.50 25.01 24.78 23.86 26.04 22.94 16.01 20.34 15.84 15.65 14.60 6.96 3.26
4.82 6.64 7.01 8.61 7.15 4.82 5.91 8.25 11.90 11.90 14.02 11.97 10.15 9.49 11.02 11.02 8.69 8.18 8.03 7.88 9.93 11.32 11.97 12.34 11.75 13.07 16.21 17.67 14.97 11.68 8.98 7.66 7.08 6.28 5.33 5.33 3.80 2.56 1.97 3.43 4.67 3.29 5.26 8.54 10.88 11.39 10.07 7.30 4.16 1.02 0.00 0.00 0.00 0.00 0.00 0.00 0.00 1.24 0.00 0.00 0.00 0.00 6.31 10.15 13.07 16.50 19.42 23.51 25.53 27.65 27.50 26.62 27.36 25.25 22.69 21.52 18.92 14.96 18.61 15.91 11.97 9.81 2.55 0.00
13.87 5.40 5.04 11.39 9.20 7.45 7.37 8.76 11.61 11.61 14.16 13.36 10.80 10.15 11.90 10.95 9.20 9.05 10.59 11.10 13.21 14.24 14.38 13.21 12.56 13.29 12.34 13.07 13.36 11.75 8.40 5.40 4.16 4.09 4.09 4.09 4.02 5.33 6.35 7.37 8.98 7.88 10.22 15.55 17.96 16.79 15.40 12.41 9.20 5.62 3.21 1.61 0.00 0.00 0.00 0.00 0.00 2.19 0.00 0.00 0.00 2.04 7.88 16.43 18.91 19.27 20.22 22.70 27.23 29.86 29.86 28.15 28.20 26.75 19.96 15.77 13.97 12.68 12.51 13.19 9.27 4.01 0.40 0.00
14.31 14.02 13.29 11.17 10.29 9.42 8.54 9.42 10.88 10.88 11.32 10.44 8.40 8.25 9.42 9.64 9.20 9.93 10.59 11.97 12.78 15.18 18.40 18.61 19.93 19.49 16.86 17.16 18.61 16.28 12.78 9.34 7.23 6.50 8.32 8.32 8.76 10.66 11.53 11.17 9.27 8.18 8.47 12.19 13.21 11.75 10.73 9.27 7.52 5.04 3.21 2.85 1.68 0.51 0.00 0.00 0.00 0.00 1.17 0.00 0.00 0.00 7.30 15.04 20.44 24.16 24.16 26.72 28.25 29.05 27.96 25.99 28.46 23.38 16.36 11.42 8.09 6.80 6.79 9.06 3.80 1.69 0.00 0.00
13.65 12.05 10.37 12.63 9.42 8.83 8.32 9.71 10.00 10.00 9.20 6.50 5.77 7.52 7.59 7.74 8.40 9.64 12.26 14.60 17.23 18.25 22.05 24.31 26.28 27.81 26.94 26.65 25.99 24.31 22.41 17.16 14.02 13.07 12.05 12.05 11.53 10.59 10.07 7.96 5.91 2.92 0.00 3.87 6.50 8.10 7.01 5.99 3.29 0.00 0.00 0.51 1.10 0.51 0.00 0.00 0.00 0.00 0.00 0.00 0.00 1.83 6.20 13.80 19.27 23.94 25.92 27.52 28.84 29.49 27.59 22.19 20.48 15.55 10.67 5.76 4.87 1.58 1.35 1.51 3.07 0.00 0.00 0.00
9.34 8.76 8.54 10.73 9.78 7.23 6.64 7.01 5.99 5.99 5.11 4.31 5.18 7.96 9.13 10.95 12.56 15.48 20.00 24.16 26.79 27.52 31.24 31.10 31.46 31.68 31.03 29.93 27.81 23.94 21.32 18.54 14.97 10.73 9.78 9.78 8.83 5.77 4.38 0.00 0.00 0.00 0.00 0.00 0.00 2.34 2.70 3.07 2.77 1.75 0.00 0.00 0.00 0.00 0.00 0.00 0.00 0.00 1.39 4.23 4.23 5.91 7.23 10.44 13.43 15.77 18.83 21.97 25.84 25.55 24.53 18.76 15.82 5.95 2.94 1.91 0.18 0.24 0.00 0.33 0.00 0.00 0.00 0.00
7.52 5.91 6.79 6.13 7.37 4.96 4.82 3.87 3.72 3.72 3.65 3.07 6.28 13.14 17.16 17.37 19.13 22.05 27.08 30.22 31.17 32.63 31.90 29.13 26.86 25.11 21.68 20.15 17.81 13.51 11.02 9.34 5.91 4.82 4.60 4.60 4.74 3.21 0.00 0.00 0.00 0.00 0.00 0.00 2.56 4.31 6.06 6.20 6.79 5.55 1.97 0.00 0.00 0.00 0.00 0.00 0.00 0.00 0.00 2.63 2.63 2.92 2.63 5.69 6.86 10.07 14.02 18.03 20.51 20.81 19.49 13.87 8.34 4.25 0.81 0.00 0.00 0.00 0.00 0.00 0.00 0.00 0.00 0.00
7.52 5.91 6.79 6.13 7.37 4.96 4.82 3.87 3.72 3.72 3.65 3.07 6.28 13.14 17.16 17.37 19.13 22.05 27.08 30.22 31.17 32.63 31.90 29.13 26.86 25.11 21.68 20.15 17.81 13.51 11.02 9.34 5.91 4.82 4.60 4.60 4.74 3.21 0.00 0.00 0.00 0.00 0.00 0.00 2.56 4.31 6.06 6.20 6.79 5.55 1.97 0.00 0.00 0.00 0.00 0.00 0.00 0.00 0.00 2.63 2.63 2.92 2.63 5.69 6.86 10.07 14.02 18.03 20.51 20.81 19.49 13.80 8.22 4.18 0.81 0.00 0.00 0.00 0.00 0.00 0.00 0.00 0.00 0.00
9.93 8.10 7.96 7.81 8.10 6.28 6.86 7.37 7.37 7.37 6.35 10.07 13.14 17.59 19.35 18.91 18.47 20.22 24.67 28.54 27.74 27.52 22.85 20.81 18.40 15.04 12.19 9.78 8.25 3.58 2.19 0.00 0.00 0.00 0.00 0.00 0.00 0.00 0.00 0.00 0.00 0.00 0.00 0.00 1.61 5.77 9.20 10.66 10.15 7.96 6.20 4.45 2.99 1.61 0.44 0.73 0.51 0.00 0.00 2.12 2.12 2.48 1.97 3.94 4.82 6.64 9.71 11.83 14.24 14.97 14.09 8.98 4.89 0.66 0.00 0.00 0.00 0.00 0.00 0.00 0.00 0.00 0.00 0.00
