Wansh/Snow_depth/snowdepth-1988/spring/1988062.txt
ncols 321
nrows 161
xllcenter 60
yllcenter 15 
cellsize  0.25 
NODATA_value -1
[rows 74 to 110 of 161, columns 84 to 167 of 321]
0.00 0.00 0.00 0.51 0.37 0.22 0.51 0.73 1.10 1.02 2.19 2.19 1.75 0.00 0.00 0.00 0.00 0.00 0.00 0.00 0.00 1.53 0.00 0.00 0.00 0.00 0.00 0.00 0.00 0.00 0.00 0.00 0.00 0.00 0.00 0.00 0.00 0.00 0.00 0.00 0.00 0.00 0.66 0.66 1.61 1.17 0.58 1.24 0.44 1.17 1.46 1.90 0.00 0.00 2.83 0.00 1.53 2.41 2.34 2.12 2.19 1.68 0.00 0.00 0.00 0.00 0.00 0.00 0.00 1.32 4.11 4.67 1.75 0.00 0.00 0.00 0.00 0.00 0.00 0.00 0.00 0.59 1.17 0.58
0.15 0.66 0.29 0.44 1.46 1.83 1.31 1.10 0.00 3.58 2.99 0.00 0.00 0.00 1.83 0.00 0.00 0.00 0.00 0.00 0.00 0.00 0.00 0.00 0.00 0.00 0.00 0.00 0.00 0.00 0.00 0.00 0.00 0.00 0.00 0.00 0.00 0.00 0.00 0.00 0.00 0.00 0.00 0.00 0.73 0.15 0.66 1.10 0.44 0.95 0.00 0.51 0.95 1.61 2.34 2.56 2.34 2.48 1.97 1.68 1.53 1.75 1.24 1.53 1.17 1.02 0.00 0.00 0.00 2.20 6.64 8.32 4.74 0.73 0.00 0.00 0.00 0.00 0.00 0.00 0.00 0.00 0.00 0.74
0.00 1.75 2.04 1.17 0.29 1.24 2.04 0.00 0.00 2.19 2.70 3.36 3.43 3.58 3.14 2.56 2.48 0.00 0.00 0.00 0.00 0.00 0.00 0.00 0.00 0.00 0.00 0.00 0.00 0.00 0.00 0.00 0.00 0.00 0.00 0.00 0.00 0.00 0.00 0.00 0.00 0.00 0.07 0.07 0.07 0.00 0.07 0.37 0.00 0.00 0.00 1.46 1.10 1.61 1.46 1.39 0.73 0.80 1.10 0.88 1.97 2.12 1.90 0.80 1.02 0.51 0.44 1.24 1.24 3.50 7.01 8.98 6.13 1.61 0.22 0.00 0.00 0.00 0.00 0.00 0.00 0.00 0.00 0.00
1.68 1.90 1.24 0.80 0.88 1.39 0.00 2.41 2.41 2.85 3.14 3.36 3.87 3.72 3.36 0.00 0.00 0.00 0.00 0.00 0.00 0.00 0.00 0.00 0.00 0.00 0.00 0.00 0.00 0.00 0.00 0.00 0.00 0.00 0.00 1.53 0.00 0.00 0.00 0.00 0.00 0.00 0.66 0.66 0.00 0.00 0.00 0.00 0.00 0.00 0.00 0.00 0.00 0.73 0.80 0.73 0.00 1.24 0.22 0.73 1.53 2.04 1.68 1.53 1.68 2.12 1.90 1.39 1.39 1.39 4.23 5.55 2.92 1.53 0.73 0.00 0.00 0.00 0.00 0.00 0.00 0.00 0.00 0.07
1.83 2.63 2.63 1.46 1.10 1.68 0.00 0.00 2.34 0.00 0.00 0.00 2.85 2.70 0.00 0.00 0.00 0.00 0.00 0.00 0.00 0.00 0.00 0.00 0.00 0.00 0.00 0.00 0.00 0.00 0.00 0.00 0.00 0.00 0.00 0.00 0.00 0.00 0.00 0.00 0.44 0.00 0.15 0.15 0.00 0.00 0.00 0.00 0.00 0.00 0.00 0.00 0.00 0.73 1.24 1.39 0.00 1.53 1.61 1.61 1.46 2.04 1.17 1.39 1.31 1.39 1.39 1.68 1.68 1.61 1.83 1.68 0.00 1.75 1.02 0.58 0.00 0.00 0.00 0.00 0.00 0.00 0.95 1.04
2.70 3.21 2.48 0.00 0.00 0.00 0.00 3.50 0.00 0.00 0.00 0.00 0.00 0.00 0.00 0.00 0.00 0.00 0.00 0.00 0.00 0.00 0.00 0.00 0.00 0.00 0.00 0.00 0.00 0.00 0.00 0.00 0.00 0.00 0.00 0.00 0.00 0.00 0.00 0.44 1.10 1.17 1.24 1.24 0.00 0.00 0.00 0.00 0.00 0.00 0.00 0.00 0.00 0.00 0.00 1.10 1.75 1.10 1.46 0.88 1.17 1.83 1.61 1.75 0.73 0.00 0.00 0.00 0.00 1.39 0.37 0.00 0.00 2.48 2.13 1.61 0.88 1.39 0.22 0.00 0.37 0.29 0.88 1.03
0.00 0.00 0.00 0.00 0.00 0.00 0.00 0.00 2.77 2.19 1.75 0.00 0.00 0.00 0.00 0.00 2.92 0.00 0.00 2.26 0.00 0.00 0.00 0.00 0.00 0.00 0.00 0.00 0.00 0.00 0.00 0.00 0.00 0.00 0.00 0.00 0.00 0.00 0.00 0.00 0.44 0.80 0.00 0.00 0.80 0.00 0.00 0.00 0.00 0.00 0.00 0.00 0.00 0.00 0.00 0.73 1.24 0.00 1.97 1.46 1.97 1.46 2.12 1.61 0.15 0.00 0.00 0.00 0.00 0.73 0.29 0.00 2.56 3.29 3.07 2.86 2.10 2.29 1.31 2.04 2.19 3.21 0.51 1.61
0.00 0.00 0.00 0.00 0.00 0.00 0.00 2.85 2.70 3.21 3.14 0.00 2.12 3.36 3.72 3.29 3.21 3.14 3.14 2.56 1.10 0.00 0.00 0.00 0.00 0.00 0.00 0.00 0.00 0.00 0.00 0.00 0.00 0.00 0.00 0.00 0.00 0.00 0.00 0.00 1.10 1.31 1.83 1.83 1.46 1.53 0.00 0.00 0.00 0.00 0.00 0.00 0.00 0.00 0.00 0.80 0.58 0.58 1.46 1.53 1.68 1.90 1.83 1.17 0.00 0.00 0.00 0.00 0.00 0.00 0.00 1.68 3.43 3.94 3.87 2.79 2.80 3.29 3.78 3.82 5.28 6.42 3.58 4.31
1.75 2.04 0.00 0.00 0.00 0.00 0.00 0.00 0.00 3.14 0.00 0.00 3.21 3.72 0.00 0.00 3.65 1.97 1.97 1.17 0.07 0.00 0.00 0.00 0.00 0.00 0.00 0.66 0.00 0.00 0.00 0.00 0.00 0.00 0.00 0.00 0.00 0.00 0.00 0.00 0.00 0.37 1.17 1.17 0.80 1.24 0.00 0.58 0.29 0.00 0.00 0.00 0.00 0.00 0.00 0.51 0.07 0.22 1.24 1.90 2.77 2.77 2.19 1.39 1.17 0.00 0.00 0.00 0.00 0.00 0.00 0.00 0.00 2.63 3.36 2.48 2.41 2.70 4.23 5.06 7.66 7.88 7.45 7.74
0.00 1.75 2.99 3.21 0.00 0.00 0.00 0.00 0.00 0.00 0.00 0.00 0.00 0.00 3.65 0.00 0.00 0.00 0.00 0.00 0.00 0.00 0.00 0.00 0.00 0.00 0.00 0.00 0.29 0.88 0.00 0.00 0.00 0.00 0.00 0.00 0.00 0.00 0.00 0.00 0.00 0.00 0.00 0.00 0.00 0.00 0.00 0.00 0.00 0.00 0.00 0.00 0.00 0.58 0.73 0.37 0.88 1.17 1.24 2.04 3.07 2.56 1.90 2.26 3.07 0.00 0.00 0.00 0.00 2.41 0.00 0.00 0.00 0.44 2.19 1.61 2.34 4.16 5.91 7.59 8.61 8.10 7.59 7.37
0.00 2.04 2.41 3.43 0.00 0.00 0.00 0.00 0.00 0.00 0.00 3.50 0.00 0.00 4.09 3.58 3.36 2.77 2.77 0.00 0.00 0.00 0.00 0.00 0.00 0.00 0.15 0.00 0.00 0.00 0.00 0.00 0.00 0.00 0.00 0.00 0.00 0.00 0.88 0.00 0.00 0.00 0.00 0.00 0.00 0.00 0.00 0.00 0.00 0.00 0.00 0.29 0.58 1.75 2.41 3.80 3.36 2.48 2.63 1.61 2.77 3.80 3.87 4.60 3.94 0.00 3.21 2.92 2.92 3.36 0.00 1.31 0.88 0.66 1.39 1.53 2.04 4.02 5.18 6.64 7.74 7.37 6.06 6.57
0.00 2.26 1.90 2.19 2.92 0.00 0.00 0.00 4.23 0.00 0.00 0.00 0.00 0.00 3.87 3.43 2.99 3.07 3.07 3.58 3.80 3.58 0.00 0.00 0.00 2.56 0.00 0.73 0.00 0.00 0.00 0.00 0.00 0.00 0.00 0.00 0.00 0.00 0.00 0.00 0.00 0.00 0.00 0.00 0.00 0.00 0.00 0.00 0.00 0.00 0.00 0.51 0.73 3.65 6.72 7.08 4.74 3.94 4.16 1.97 3.01 3.80 4.14 4.23 4.02 4.31 3.65 3.29 3.29 3.07 3.21 3.36 2.56 1.10 1.61 1.83 2.56 4.09 4.74 6.50 6.86 6.06 6.13 6.28
1.24 2.34 2.99 3.29 0.00 0.00 0.00 0.00 3.72 3.21 3.29 3.50 3.43 3.87 3.80 3.21 3.65 4.38 4.38 4.74 3.50 4.45 3.87 0.00 0.00 0.00 2.99 0.00 0.00 2.92 0.00 0.00 0.00 0.00 0.00 0.00 0.00 0.00 0.00 4.02 5.48 3.65 2.56 2.56 0.80 1.02 0.95 0.88 0.73 0.51 0.29 0.58 1.24 2.77 4.23 5.33 6.13 7.74 8.32 6.28 5.55 1.10 0.82 1.90 2.70 2.19 1.17 1.75 1.75 1.83 2.99 4.16 4.38 3.65 3.72 2.99 2.85 3.29 4.09 4.09 4.96 4.09 3.87 0.00
1.46 2.41 2.26 2.48 3.14 0.00 2.63 0.00 0.00 0.00 0.00 3.43 2.99 4.67 4.74 3.50 5.04 4.60 4.60 4.60 5.33 5.40 3.87 2.99 0.00 2.63 2.92 3.29 0.00 0.00 0.00 2.70 0.00 0.00 0.00 0.00 0.00 0.00 0.00 3.72 4.16 2.85 2.41 2.41 1.83 1.75 1.75 1.02 0.51 0.29 0.29 0.00 0.00 0.29 1.10 1.83 3.58 6.13 6.86 5.55 5.40 2.34 1.10 1.75 0.74 1.97 2.48 1.61 1.61 1.53 2.48 3.72 4.45 4.96 4.02 3.21 2.34 2.34 2.63 4.02 4.67 4.23 3.50 0.00
2.04 2.19 1.90 0.00 0.00 0.00 0.00 0.00 0.00 0.00 0.00 2.92 3.29 4.16 4.74 4.53 4.67 4.31 4.31 5.84 4.96 4.23 4.67 3.80 3.07 3.43 3.72 3.29 0.00 0.00 0.00 0.00 0.00 0.00 0.00 0.00 0.00 0.00 0.00 2.04 2.19 2.19 2.04 2.04 1.90 2.48 2.63 2.34 0.22 0.44 0.73 0.58 0.00 0.00 0.00 0.29 1.46 2.85 4.23 4.89 5.04 1.53 1.46 3.36 2.43 3.55 3.65 3.14 3.14 2.70 2.41 2.77 3.72 4.89 3.94 3.43 2.85 3.07 2.92 3.07 3.21 3.65 0.00 0.00
1.83 1.68 1.39 0.00 0.00 0.00 0.00 0.00 0.00 0.00 0.00 2.04 0.00 0.00 3.36 4.16 3.72 3.58 3.58 4.02 3.87 3.58 4.09 3.29 0.00 3.80 2.77 0.00 0.00 0.00 0.00 0.00 0.00 0.00 0.00 0.00 0.00 0.00 0.00 0.00 0.00 0.00 0.00 0.00 1.97 2.41 2.99 2.63 2.04 1.39 0.80 0.73 0.58 0.22 0.00 0.44 0.58 1.68 2.30 2.73 1.90 2.04 2.68 3.65 4.97 5.87 6.53 4.31 4.31 3.65 2.77 3.29 3.50 2.85 4.60 4.38 3.94 4.23 3.80 3.29 0.00 0.00 0.00 0.00
1.83 1.68 1.10 0.00 0.00 0.00 0.00 0.00 0.00 0.00 0.00 0.00 0.00 0.00 0.00 0.00 2.26 0.00 0.00 0.00 3.43 0.00 0.00 0.00 3.29 3.21 2.48 1.46 1.02 1.24 2.48 0.00 0.00 0.00 0.00 0.00 0.00 0.00 0.00 0.00 0.00 0.00 0.00 0.00 0.00 1.10 2.41 2.04 0.95 1.90 0.29 0.88 1.90 2.04 2.12 1.75 2.56 2.04 2.19 2.26 1.51 0.51 2.36 4.38 6.42 7.08 8.22 6.35 6.15 4.70 3.50 3.87 3.94 3.80 4.60 4.82 4.82 3.94 3.97 0.00 0.00 0.00 0.00 0.00
2.04 1.24 1.31 1.46 0.00 0.00 0.00 0.88 0.00 0.00 0.00 0.00 0.00 0.00 0.00 0.00 0.00 0.00 0.00 0.00 0.00 1.90 0.00 0.00 0.00 1.68 1.68 0.51 0.00 1.02 0.00 0.00 0.00 0.00 0.00 0.00 0.00 0.00 0.00 0.00 0.00 0.00 0.00 0.00 0.00 0.51 0.88 0.66 0.00 0.07 0.07 0.44 3.29 4.38 3.94 4.09 4.96 4.38 4.57 2.51 1.24 0.58 2.76 3.88 5.86 7.23 7.30 6.06 6.09 5.28 3.89 4.09 4.31 4.67 4.40 4.23 4.38 3.80 3.82 2.59 0.00 0.00 0.00 0.00
1.53 0.95 1.17 0.88 1.02 1.24 0.95 0.00 0.00 0.44 0.22 0.00 0.00 0.00 0.00 0.00 0.00 0.00 0.00 1.90 0.00 0.00 0.00 0.00 0.00 0.00 0.00 0.00 0.00 0.00 0.00 0.00 0.00 0.00 0.00 0.00 0.00 0.00 0.00 0.00 0.00 0.00 0.00 0.00 0.00 0.00 0.07 0.00 0.00 0.15 0.15 1.02 2.92 4.31 4.82 6.64 8.18 8.83 7.88 5.02 3.47 2.14 2.32 3.59 4.75 7.54 8.01 5.77 5.77 4.89 3.26 4.36 6.60 6.45 4.62 3.83 4.16 3.78 3.01 0.00 3.08 0.00 0.00 0.00
2.70 1.53 1.02 0.66 0.66 0.00 1.53 0.00 0.00 0.00 0.00 0.00 0.00 0.00 0.29 1.02 0.58 0.58 0.58 1.17 0.00 0.00 0.00 0.00 0.00 0.00 0.00 0.00 0.00 0.00 0.00 0.00 0.00 0.00 0.00 0.00 0.00 0.00 0.00 0.00 0.00 0.00 0.00 0.00 0.00 0.00 0.00 0.29 0.00 1.31 0.51 1.24 2.56 3.87 5.11 8.18 10.71 11.02 9.86 8.03 7.52 5.71 3.54 3.53 4.70 6.96 8.14 5.55 5.55 3.61 3.09 5.07 6.52 6.24 6.08 5.58 4.67 3.48 2.43 0.00 0.00 0.00 0.00 0.00
5.04 3.21 2.56 1.39 1.83 1.24 1.02 0.00 0.00 0.00 0.00 0.00 0.00 0.00 0.00 0.22 0.15 0.00 0.00 0.00 2.04 0.00 0.00 0.00 0.00 0.00 1.46 0.00 0.00 0.00 0.00 0.00 0.00 0.00 0.00 0.00 0.00 0.00 0.00 0.00 0.00 0.00 0.00 0.00 0.00 0.00 0.44 1.10 0.00 1.75 3.43 2.77 3.95 3.99 7.11 10.08 10.91 11.24 11.10 10.66 11.39 8.66 3.38 3.79 4.47 7.34 8.42 5.04 5.06 2.87 3.44 4.46 5.97 8.04 9.42 8.25 6.18 3.93 3.28 0.00 0.00 0.00 2.05 0.00
6.06 4.02 3.87 4.23 3.72 2.19 2.19 2.19 0.00 0.00 0.00 0.00 0.00 0.00 0.00 0.00 0.00 0.00 0.00 0.00 0.00 0.00 0.00 0.00 0.00 0.00 1.68 0.00 0.00 0.00 0.00 0.00 0.00 0.00 0.00 0.00 0.00 0.00 0.00 0.00 0.00 0.00 0.00 0.00 0.00 0.00 0.00 0.44 1.46 2.85 4.09 3.65 4.45 5.27 6.78 7.98 10.00 11.29 11.41 12.02 12.40 11.15 9.23 6.06 4.21 5.79 8.16 5.06 5.06 2.58 0.00 0.00 0.00 6.61 8.44 7.34 7.37 4.55 3.29 0.00 0.00 2.57 2.41 0.00
6.28 3.07 2.85 6.64 6.72 4.74 4.53 4.82 3.43 1.90 1.24 0.00 0.00 0.00 0.00 0.00 0.00 0.00 0.00 0.00 0.00 0.00 0.00 0.00 0.00 0.00 0.00 0.80 0.00 0.00 0.00 0.00 0.00 0.00 0.00 0.00 0.00 0.00 0.00 0.00 0.00 0.00 0.44 0.44 0.29 0.00 0.00 0.88 2.19 3.14 4.82 4.53 6.35 7.04 9.39 9.33 8.46 9.55 11.39 11.79 13.34 12.32 10.91 7.96 4.76 4.45 4.94 3.04 2.99 1.19 0.00 0.00 0.00 6.61 7.59 6.60 7.19 3.65 2.12 0.00 0.00 2.56 2.41 0.00
6.42 0.00 0.00 4.89 6.28 6.86 8.18 9.05 7.88 5.84 4.23 2.12 0.73 1.10 0.73 0.00 0.00 0.00 0.00 0.00 0.00 0.00 0.00 0.00 1.24 1.68 0.95 1.61 1.53 0.00 0.00 0.00 0.00 0.00 0.00 0.00 0.00 0.00 0.00 0.00 0.00 1.10 1.24 1.24 0.29 0.37 1.10 2.04 3.36 4.27 5.34 7.78 9.02 10.99 9.58 8.44 8.69 9.42 8.93 9.33 9.46 10.22 10.93 10.07 5.34 2.22 2.59 1.88 1.83 0.00 0.00 0.00 2.92 5.95 7.41 6.13 6.04 1.77 1.04 0.00 0.00 1.73 0.00 0.00
8.18 7.23 6.79 7.59 8.10 10.44 16.57 22.56 18.61 14.60 11.02 7.52 5.77 3.80 2.19 1.46 1.17 0.88 0.88 1.02 0.88 1.02 0.00 0.29 1.10 1.17 1.53 0.80 0.44 1.02 0.44 0.44 0.00 0.37 0.58 0.44 0.15 1.02 0.00 0.00 1.46 0.80 0.00 0.00 0.44 1.46 2.19 2.48 3.50 4.82 7.07 8.64 10.74 7.09 4.77 3.54 4.99 6.37 6.45 7.85 9.24 8.62 7.22 7.00 5.84 2.71 1.15 0.60 0.59 0.00 0.00 0.00 1.19 3.19 4.34 3.94 1.89 2.14 0.00 0.00 0.00 0.00 0.00 2.10
7.52 8.54 8.10 8.03 7.96 9.93 15.18 20.88 20.59 13.36 8.69 6.57 5.69 5.04 2.85 2.41 2.41 1.90 1.90 1.24 1.17 1.17 0.66 0.00 0.15 0.07 0.29 0.37 0.51 0.88 0.07 0.00 0.66 0.58 0.95 0.58 1.53 3.65 1.83 0.80 0.00 0.00 0.00 0.00 1.10 1.53 2.12 2.12 2.56 4.11 6.62 6.19 7.46 5.50 6.32 4.71 3.98 4.81 5.11 6.43 8.04 9.53 8.71 6.40 5.26 1.46 1.91 1.47 1.44 0.00 0.00 0.00 0.00 0.99 3.73 4.31 1.99 0.00 0.00 0.00 0.00 0.00 0.00 1.98
4.96 7.08 6.28 5.77 6.72 6.94 9.71 14.45 17.30 13.07 5.40 3.58 3.36 3.07 3.29 2.41 3.21 2.85 2.85 1.97 1.53 0.66 1.61 1.17 0.29 0.00 0.00 0.51 0.37 0.66 0.37 0.07 0.00 0.00 0.44 0.44 2.56 2.77 0.22 0.00 0.00 0.00 0.00 0.00 0.00 0.58 1.46 1.33 2.27 4.81 6.84 6.97 7.84 5.82 7.72 6.44 4.77 2.15 2.75 4.04 6.99 9.39 9.20 6.57 4.38 1.49 1.19 1.03 1.14 0.56 0.00 0.00 0.00 2.20 4.49 4.35 2.19 0.51 0.00 0.00 0.00 0.00 0.00 1.50
1.53 4.38 3.87 2.85 3.29 5.04 7.45 10.42 12.85 12.05 5.48 2.70 0.00 0.00 1.68 2.04 2.41 2.48 2.48 2.04 1.97 1.97 1.17 0.73 0.73 0.00 0.00 0.00 0.00 0.15 0.37 0.00 0.00 0.00 0.07 0.00 1.53 1.02 0.00 0.00 0.00 0.00 0.00 0.00 0.00 0.66 1.10 2.93 4.31 6.82 8.44 9.73 9.77 7.30 7.50 6.66 3.65 1.44 1.91 2.62 4.12 7.26 8.51 7.01 6.64 3.48 2.33 2.12 2.04 2.49 0.24 0.00 0.56 1.54 3.82 3.29 1.56 0.61 0.00 0.00 0.00 0.00 0.00 2.63
0.00 0.00 0.00 0.00 3.21 5.11 6.20 6.57 9.34 9.64 7.23 3.36 2.19 0.00 0.00 0.88 1.31 1.31 1.31 2.26 2.48 1.61 0.51 0.00 0.00 0.00 0.00 0.00 0.00 0.07 0.00 0.00 0.00 0.00 0.00 0.00 0.00 0.00 0.00 0.00 0.00 0.00 0.00 0.00 0.00 0.66 1.68 3.94 4.74 7.52 8.45 8.41 8.74 7.64 6.22 5.22 1.56 0.00 1.58 3.19 4.01 5.10 7.07 7.89 7.56 5.95 4.02 3.71 3.73 3.67 1.93 0.00 0.00 1.07 2.47 2.39 1.42 1.10 0.00 0.00 0.00 0.00 1.89 3.08
0.00 0.00 0.00 0.00 0.00 4.60 5.84 6.13 7.74 8.98 8.03 5.55 3.80 0.00 0.00 4.53 3.07 2.04 2.04 2.63 2.34 1.10 0.22 0.00 0.00 0.00 0.00 0.00 0.00 0.00 0.00 0.00 0.00 0.00 0.22 0.00 0.00 0.00 0.00 0.00 0.00 0.00 0.00 0.00 0.00 0.00 0.37 2.19 3.11 6.17 8.61 8.04 9.77 6.19 2.18 1.49 0.12 0.00 0.00 2.26 2.05 2.55 4.52 7.22 7.19 7.89 5.82 4.32 5.05 4.05 4.29 3.23 0.00 0.35 0.90 0.00 0.89 1.46 0.00 0.00 0.00 0.00 3.24 2.83
0.00 0.00 0.00 0.00 0.00 0.00 4.23 4.53 6.13 7.08 6.94 5.91 6.06 5.84 8.32 9.34 9.34 7.66 7.66 6.13 4.16 2.19 1.39 0.22 0.00 0.00 0.00 0.00 0.00 0.00 0.00 0.00 0.00 0.00 0.00 0.00 0.00 0.00 0.00 0.00 0.00 0.00 0.00 0.00 0.00 0.00 0.00 0.30 2.52 4.60 5.27 6.64 5.52 2.88 5.34 1.54 0.00 0.00 0.00 0.00 0.23 3.15 4.13 5.93 6.70 7.80 7.57 5.91 6.61 3.77 4.07 2.64 1.67 0.97 0.00 0.00 0.91 0.15 0.00 0.00 0.00 0.00 2.80 2.30
0.00 0.00 0.00 0.00 0.00 0.00 0.00 3.65 5.48 5.69 4.74 4.89 6.20 7.96 10.37 13.41 13.20 11.97 11.97 13.14 10.95 6.28 1.02 0.51 0.66 0.00 0.44 0.29 0.00 0.00 0.00 0.00 0.00 0.00 0.00 0.00 0.00 0.00 0.00 0.00 0.00 0.00 0.00 0.00 0.00 0.00 0.00 0.00 0.23 3.81 6.18 5.97 5.57 2.01 1.36 0.00 0.00 0.00 0.00 0.00 0.00 0.71 1.31 4.04 8.02 7.82 7.71 5.58 5.70 5.27 4.97 3.06 2.73 0.00 0.00 0.00 1.26 0.61 0.00 0.00 0.00 0.00 0.00 0.00
0.00 0.00 0.00 0.00 0.00 0.00 0.00 0.00 2.92 2.85 2.04 3.36 5.26 7.01 6.28 9.68 10.59 13.15 12.27 16.50 18.91 13.58 5.18 1.10 1.10 1.46 1.31 0.00 0.00 0.00 0.00 0.00 0.00 0.00 0.00 0.00 0.00 0.00 0.00 0.00 0.00 0.44 0.00 0.00 0.00 0.00 0.00 0.00 2.05 4.23 6.50 5.37 2.71 0.96 0.00 0.00 0.00 0.00 0.00 0.00 0.00 2.09 3.01 2.09 3.68 5.65 7.03 7.65 9.35 7.30 4.52 2.54 3.24 0.00 0.00 0.00 1.12 1.03 0.00 0.00 0.00 0.00 0.00 0.00
0.00 0.00 0.00 0.00 0.00 0.00 0.00 0.00 0.00 0.00 0.00 0.00 0.00 0.00 0.00 0.00 0.00 2.90 2.95 5.91 9.64 13.94 12.78 9.64 8.91 7.66 9.27 7.30 5.04 4.02 4.60 4.60 3.36 2.56 3.58 1.75 4.09 5.48 3.87 3.59 2.18 2.06 2.56 2.56 2.99 1.68 0.51 0.95 2.35 2.56 0.00 0.00 0.00 0.00 0.00 0.00 0.00 0.00 0.00 0.00 0.00 0.00 0.00 0.00 1.90 3.81 2.22 4.84 5.41 5.61 0.00 1.02 0.00 0.00 0.00 0.00 0.00 0.00 0.00 0.00 0.00 0.00 0.00 0.00
0.00 0.00 0.00 0.00 0.00 0.00 0.00 0.00 0.00 0.00 0.00 0.00 0.00 0.00 0.00 0.00 0.00 0.00 0.00 0.00 3.79 5.52 8.76 10.51 7.23 8.39 10.71 10.22 8.76 7.23 7.74 8.54 8.69 5.84 5.77 5.11 4.60 5.69 4.74 4.31 2.52 3.50 3.07 3.43 4.96 2.85 2.85 2.70 2.92 0.00 0.00 0.00 0.00 0.00 0.00 0.00 0.00 0.00 0.00 0.00 0.00 0.00 0.00 0.00 0.00 0.00 0.00 0.95 0.95 0.00 0.00 0.00 0.00 0.00 0.00 0.00 0.00 0.00 0.00 0.00 0.00 0.00 0.00 0.00
0.00 0.00 0.00 0.00 0.00 0.00 0.00 0.00 0.00 0.00 0.00 0.00 0.00 0.00 0.00 0.00 0.00 0.00 0.00 0.00 0.00 0.00 3.14 3.50 6.28 4.18 4.69 7.15 6.79 6.28 7.59 8.91 7.34 7.15 3.50 0.00 3.50 4.60 4.38 1.75 0.00 0.00 1.97 2.50 5.27 5.53 3.83 2.45 0.00 0.00 0.00 0.00 0.00 0.00 0.00 0.00 0.00 0.00 0.00 0.00 0.00 0.00 0.00 0.00 0.00 0.00 0.00 0.00 0.00 0.00 0.00 0.00 0.00 0.00 0.00 0.00 0.00 0.00 0.00 0.00 0.00 0.00 0.00 0.00
0.00 0.00 0.00 0.00 0.00 0.00 0.00 0.00 0.00 0.00 0.00 0.00 0.00 0.00 0.00 0.00 0.00 0.00 0.00 0.00 0.00 0.00 0.00 0.00 0.00 0.00 0.00 0.00 2.70 3.36 3.87 5.04 6.38 3.72 0.00 0.00 3.72 0.00 0.00 0.00 0.00 0.00 0.00 0.00 4.81 2.05 0.00 0.00 0.00 0.00 0.00 0.00 0.00 0.00 0.00 0.00 0.00 0.00 0.00 0.00 0.00 0.00 0.00 0.00 0.00 0.00 0.00 0.00 0.00 0.00 0.00 0.00 0.00 0.00 0.00 0.00 0.00 0.00 0.00 0.00 0.00 0.00 0.00 0.00
