Wansh/Snow_depth/snowdepth-1988/spring/1988103.txt
ncols 321
nrows 161
xllcenter 60
yllcenter 15 
cellsize  0.25 
NODATA_value -1
[rows 0 to 36 of 161, columns 84 to 167 of 321]
0.00 0.00 0.00 0.00 0.00 0.00 0.00 0.00 0.00 0.00 0.00 0.00 0.00 0.00 0.00 0.00 0.00 0.00 0.00 0.00 0.00 0.00 0.00 0.00 0.00 0.00 0.00 0.00 0.00 0.00 0.00 0.00 0.00 0.00 0.00 0.00 0.00 0.00 0.00 0.00 0.00 0.00 0.00 0.00 0.00 0.00 0.00 0.00 0.00 0.00 0.00 0.00 0.00 0.00 0.00 0.00 0.00 0.00 0.00 0.00 0.00 0.00 0.00 0.00 0.00 0.00 0.00 0.00 0.00 0.00 0.00 0.00 0.00 0.00 0.00 0.00 0.00 0.00 0.00 0.00 0.00 0.00 0.00 0.00
3.72 0.00 0.00 0.00 0.00 0.00 0.00 0.00 0.00 0.00 0.00 0.00 0.00 0.00 0.00 0.00 0.00 0.00 0.00 0.00 0.00 0.00 0.00 0.00 0.00 0.00 0.00 0.00 0.00 0.00 0.00 0.00 0.00 0.00 0.00 0.00 0.00 0.00 0.00 0.00 0.00 0.00 0.00 0.00 0.00 0.00 0.00 0.00 0.00 0.00 0.00 0.00 0.00 0.00 0.00 0.00 0.00 0.00 0.00 0.00 0.00 0.00 0.00 0.00 0.00 0.00 0.00 0.00 0.00 0.00 0.00 0.00 0.00 0.00 0.00 0.00 0.00 6.64 5.84 7.37 9.34 10.22 10.07 9.20
5.26 5.48 5.04 0.00 0.00 3.50 3.36 2.85 4.74 5.11 18.54 0.00 0.00 0.00 0.00 0.00 0.00 0.00 0.00 0.00 0.00 0.00 0.00 0.00 0.00 0.00 0.00 0.00 0.00 0.00 0.00 0.00 0.00 0.00 0.00 0.00 0.00 0.00 0.00 0.00 0.00 0.00 0.00 0.00 0.00 0.00 0.00 0.00 0.00 0.00 0.00 0.00 0.00 0.00 0.00 0.00 0.00 0.00 5.40 5.62 6.13 6.35 6.79 6.86 6.06 5.91 0.00 0.00 0.00 0.00 0.00 0.00 0.00 0.00 0.00 0.00 0.00 7.96 7.23 6.72 7.74 8.69 8.69 8.76
5.26 5.48 5.04 0.00 0.00 3.50 3.36 2.85 4.74 5.11 18.54 0.00 0.00 0.00 0.00 0.00 0.00 0.00 0.00 0.00 0.00 0.00 0.00 0.00 0.00 0.00 0.00 0.00 0.00 0.00 0.00 0.00 0.00 0.00 0.00 0.00 0.00 0.00 0.00 0.00 0.00 0.00 0.00 0.00 0.00 0.00 0.00 0.00 0.00 0.00 0.00 0.00 0.00 0.00 0.00 0.00 0.00 0.00 5.40 5.62 6.13 6.35 6.79 6.86 6.06 5.91 0.00 0.00 0.00 0.00 0.00 0.00 0.00 0.00 0.00 0.00 0.00 7.96 7.23 6.72 7.74 8.69 8.69 8.76
3.29 5.26 0.00 0.00 0.00 0.00 0.00 0.00 0.00 8.98 0.00 18.83 0.00 0.00 0.00 0.00 0.00 0.00 0.00 0.00 0.00 0.00 0.00 0.00 0.00 0.07 0.00 0.00 0.00 0.00 0.00 0.00 0.00 0.00 0.00 0.00 0.00 0.00 0.00 0.00 0.00 0.00 0.00 0.00 0.00 0.00 0.00 0.00 0.00 0.00 0.00 0.00 0.00 0.00 0.00 0.00 0.00 0.00 3.65 5.26 6.28 8.40 8.32 9.27 10.00 9.93 10.00 9.34 9.34 7.59 0.00 0.00 0.00 0.00 0.00 0.00 0.00 0.00 0.00 0.00 9.64 8.03 6.35 4.82
3.14 0.00 0.00 1.24 2.77 0.00 0.00 0.00 0.00 0.00 11.83 11.68 14.89 0.00 0.00 0.00 0.00 0.00 0.00 0.00 0.00 0.00 0.00 0.00 0.00 0.00 2.85 0.00 0.00 0.00 0.00 0.00 0.00 0.00 0.00 0.00 0.00 0.00 0.00 0.00 0.00 0.00 0.00 0.00 0.00 0.00 0.00 0.00 0.00 0.00 0.00 0.00 0.00 0.00 0.00 0.00 0.00 0.00 5.33 6.06 7.08 8.69 10.80 12.41 13.51 13.51 12.63 10.37 10.37 8.32 7.52 7.15 7.30 7.59 6.50 5.84 0.00 0.00 0.00 0.00 0.00 9.34 7.81 4.09
4.67 3.43 0.00 0.00 0.00 0.00 0.00 0.00 0.00 0.00 4.67 4.31 6.79 10.73 0.00 0.00 0.00 0.00 0.00 0.00 0.00 0.00 0.00 0.00 0.00 0.00 0.00 0.00 0.00 0.00 0.00 0.00 0.00 0.00 0.00 0.00 0.00 0.00 0.00 0.00 0.00 0.00 0.00 0.00 0.00 0.00 0.00 0.00 0.00 0.00 0.00 0.00 0.00 0.00 0.00 0.00 0.00 0.00 4.89 5.99 6.42 8.47 10.80 12.48 12.78 13.87 13.80 11.83 11.83 10.29 10.29 9.78 9.64 10.80 11.10 9.20 9.49 7.81 7.15 0.00 0.00 0.00 0.00 0.00
4.67 3.43 0.00 0.00 0.00 0.00 0.00 0.00 0.00 0.00 4.67 4.31 6.79 10.73 0.00 0.00 0.00 0.00 0.00 0.00 0.00 0.00 0.00 0.00 0.00 0.00 0.00 0.00 0.00 0.00 0.00 0.00 0.00 0.00 0.00 0.00 0.00 0.00 0.00 0.00 0.00 0.00 0.00 0.00 0.00 0.00 0.00 0.00 0.00 0.00 0.00 0.00 0.00 0.00 0.00 0.00 0.00 0.00 4.89 5.99 6.42 8.47 10.80 12.48 12.78 13.87 13.80 11.83 11.83 10.29 10.29 9.78 9.64 10.80 11.10 9.20 9.49 7.81 7.15 0.00 0.00 0.00 0.00 0.00
0.00 0.00 2.56 2.70 2.12 0.00 0.00 0.00 0.00 0.00 1.83 3.50 3.87 6.57 9.64 0.00 0.00 0.00 0.00 0.00 0.00 0.00 0.00 0.00 0.00 0.00 0.00 0.00 0.00 0.00 0.00 0.00 0.00 0.00 0.00 0.00 0.00 0.00 0.00 0.00 0.00 0.00 0.00 0.00 0.00 0.00 0.00 0.00 0.00 0.00 0.00 0.00 0.00 0.00 0.00 0.00 0.00 0.00 0.00 5.48 6.72 7.45 8.54 9.20 9.93 11.46 11.53 10.15 10.15 10.15 9.93 10.66 11.68 11.90 12.19 11.83 12.34 13.21 13.36 11.10 7.74 0.00 0.00 0.00
0.00 0.00 0.00 0.00 0.00 0.00 0.00 0.00 0.00 0.00 0.29 0.00 2.99 0.00 5.04 6.20 0.00 0.00 0.00 0.00 0.00 0.00 0.00 0.00 0.00 0.00 0.00 0.00 0.00 0.00 0.00 0.00 0.00 0.00 0.00 0.00 0.00 0.00 0.00 0.00 0.00 0.00 0.00 0.00 0.00 0.00 0.00 0.00 0.00 0.00 0.00 4.60 5.48 6.20 5.04 0.00 0.00 5.18 4.74 5.04 0.00 8.03 9.20 8.83 9.56 9.93 8.83 8.03 8.03 8.83 9.20 10.15 12.19 14.16 14.09 12.99 15.26 18.10 17.45 16.13 12.34 7.81 6.86 0.00
0.00 0.00 0.00 0.00 0.00 0.00 0.00 0.00 0.00 0.00 0.00 0.58 0.07 0.88 2.12 3.87 6.20 0.00 0.00 0.00 0.00 0.00 0.00 0.00 0.00 0.00 0.00 0.00 0.00 0.00 0.00 0.00 0.00 0.00 0.00 0.00 0.00 0.00 0.00 0.00 0.00 0.00 0.00 0.00 0.00 0.00 0.00 0.00 0.00 0.00 0.00 4.31 5.40 6.06 5.40 6.86 8.54 10.07 10.07 8.76 7.59 7.52 7.66 7.59 7.59 7.52 8.32 8.32 8.32 8.83 10.73 12.26 13.29 15.55 17.30 19.42 19.71 20.29 20.66 18.18 16.13 12.78 10.80 9.20
0.00 0.00 0.00 0.00 0.00 0.00 0.00 0.00 0.00 0.00 0.00 0.58 0.07 0.88 2.12 3.87 6.20 0.00 0.00 0.00 0.00 0.00 0.00 0.00 0.00 0.00 0.00 0.00 0.00 0.00 0.00 0.00 0.00 0.00 0.00 0.00 0.00 0.00 0.00 0.00 0.00 0.00 0.00 0.00 0.00 0.00 0.00 0.00 0.00 0.00 0.00 4.31 5.40 6.06 5.40 6.86 8.54 10.07 10.07 8.76 7.59 7.52 7.66 7.59 7.59 7.52 8.32 8.32 8.32 8.83 10.73 12.26 13.29 15.55 17.30 19.42 19.71 20.29 20.66 18.18 16.13 12.78 10.80 9.20
0.00 0.00 0.00 0.00 0.00 0.00 0.00 0.00 0.00 0.00 0.00 0.00 0.00 2.19 4.67 8.32 10.22 11.75 11.75 0.00 0.00 0.00 0.00 0.00 0.00 0.00 0.00 0.00 0.00 0.00 0.00 0.00 4.16 4.16 4.74 6.72 7.96 8.69 9.05 8.18 8.18 7.81 5.69 5.69 7.30 0.00 0.00 0.00 0.00 0.00 0.00 0.00 0.00 0.00 0.00 5.77 8.76 11.46 12.70 11.32 10.07 9.13 8.54 8.47 8.91 8.10 8.03 9.56 9.56 11.61 13.80 15.11 16.43 18.25 19.93 21.90 22.70 22.27 21.61 20.66 17.89 14.97 12.05 10.80
0.00 0.00 0.00 0.00 0.00 0.00 0.00 0.00 0.00 0.00 0.00 0.00 0.00 7.45 11.83 13.87 14.31 14.09 14.09 13.21 0.00 0.00 0.00 0.00 0.00 0.00 0.00 0.00 0.00 3.94 5.11 8.03 8.40 12.05 12.63 13.14 13.07 11.68 9.49 8.18 6.86 5.48 3.65 3.65 6.13 4.53 0.00 0.00 0.00 0.00 0.00 0.00 0.00 0.00 0.00 0.00 2.70 5.33 7.96 6.72 7.23 8.32 9.78 11.24 11.83 10.95 10.73 11.90 11.90 13.51 14.82 16.64 18.10 18.98 18.69 19.42 19.27 16.94 15.33 15.48 16.50 14.24 11.75 9.86
0.00 0.00 0.95 3.87 0.00 0.00 0.00 0.00 0.00 0.00 0.00 0.00 0.00 10.44 13.43 14.45 14.45 13.65 13.65 12.41 0.00 0.00 0.00 5.77 6.28 5.48 3.43 4.45 6.42 8.10 9.56 10.80 14.97 15.70 15.55 12.99 9.64 6.28 4.09 3.50 2.19 1.75 1.83 1.83 3.43 0.00 0.00 2.70 0.00 0.00 0.00 0.00 0.00 0.00 0.00 0.00 0.00 5.18 5.33 3.72 4.16 5.04 6.20 7.52 8.47 9.86 11.39 12.70 12.70 13.65 15.11 16.79 17.37 15.55 14.09 15.26 16.43 13.14 10.15 10.66 14.31 14.97 12.34 12.48
0.00 0.00 2.77 6.20 10.07 0.00 0.00 0.00 0.00 7.30 7.74 8.25 8.91 9.49 12.26 12.26 11.90 13.65 13.65 13.65 12.19 7.52 6.86 9.49 10.22 9.78 9.78 8.61 8.61 10.15 11.46 13.72 15.11 18.69 17.37 10.29 5.91 2.04 1.10 2.48 3.94 4.60 5.33 5.33 6.35 7.23 5.69 6.42 5.48 4.82 4.45 4.67 4.09 4.45 4.53 4.67 4.60 5.48 0.00 0.00 0.00 4.67 5.18 5.18 6.06 8.83 11.68 13.58 13.58 14.24 16.06 16.06 14.75 13.21 14.97 18.18 17.30 13.94 11.83 10.88 10.88 9.49 9.13 10.73
0.00 0.00 2.77 6.20 10.07 0.00 0.00 0.00 0.00 7.30 7.74 8.25 8.91 9.49 12.26 12.26 11.90 13.65 13.65 13.65 12.19 7.52 6.86 9.49 10.22 9.78 9.78 8.61 8.61 10.15 11.46 13.72 15.11 18.69 17.37 10.29 5.91 2.04 1.10 2.48 3.94 4.60 5.33 5.33 6.35 7.23 5.69 6.42 5.48 4.82 4.45 4.67 4.09 4.45 4.53 4.67 4.60 5.48 0.00 0.00 0.00 4.67 5.18 5.18 6.06 8.83 11.68 13.58 13.58 14.24 16.06 16.06 14.75 13.21 14.97 18.18 17.30 13.94 11.83 10.88 10.88 9.49 9.13 10.73
6.06 6.06 9.93 11.61 14.09 0.00 0.00 0.00 0.00 8.18 9.71 12.05 13.80 8.03 14.09 13.36 13.51 15.77 15.77 14.60 13.21 11.90 8.40 7.74 9.34 11.24 11.17 9.78 10.15 11.02 12.70 14.38 15.26 14.67 16.94 10.73 7.59 5.18 6.06 8.47 9.49 9.56 7.81 7.81 5.77 5.18 7.15 6.42 8.61 6.06 4.09 3.21 3.29 5.40 7.59 6.94 5.99 5.26 5.48 7.23 8.83 11.39 11.46 10.29 8.69 10.22 12.34 14.24 14.24 16.50 18.18 18.61 16.28 14.67 16.43 17.81 15.77 12.63 10.73 8.25 6.06 4.53 2.99 4.09
8.40 10.59 14.24 18.10 20.66 21.53 0.00 0.00 12.05 11.02 11.97 13.43 15.11 15.11 16.21 16.21 15.99 16.50 16.50 15.55 14.31 12.85 9.49 6.79 7.52 10.22 12.85 12.92 13.29 13.43 13.65 15.26 16.79 16.79 16.21 16.50 12.63 9.20 7.81 6.94 6.06 6.42 3.58 3.58 1.31 4.67 12.48 19.20 8.98 8.91 1.31 0.00 0.00 0.00 5.11 5.11 4.67 5.33 7.08 10.73 13.72 16.79 16.35 15.77 12.48 12.34 13.29 16.79 16.79 18.98 19.20 18.03 15.40 12.26 11.83 12.12 11.02 9.86 7.96 5.69 3.87 2.41 1.31 0.80
3.72 5.48 7.23 11.39 16.06 19.78 20.81 19.78 17.81 17.96 17.89 17.37 16.64 16.06 14.24 14.16 13.65 14.24 14.24 15.18 15.18 13.51 11.46 10.73 7.66 12.41 14.31 14.97 14.45 12.70 11.39 11.90 13.94 14.82 14.60 12.05 15.26 5.26 3.50 2.92 3.29 3.29 4.02 4.02 3.36 7.01 14.97 21.83 17.89 16.50 0.00 0.00 0.00 0.00 0.00 0.00 0.00 5.40 7.01 12.26 17.37 20.22 20.88 19.93 18.69 18.03 18.54 20.08 20.08 20.15 14.09 9.49 7.30 5.77 3.72 3.87 5.40 6.72 6.28 4.16 3.14 2.63 2.26 1.90
2.92 6.20 9.27 9.86 8.76 10.88 15.48 18.10 20.22 22.12 25.92 27.01 25.62 20.73 15.62 16.28 13.80 13.94 13.94 14.82 15.55 14.89 14.24 14.31 14.89 12.34 14.53 15.04 13.07 10.59 7.59 6.94 8.40 11.75 12.63 8.76 3.65 6.35 0.00 0.00 5.55 7.15 6.13 6.13 4.23 5.62 10.15 9.71 6.94 4.67 1.61 0.00 5.33 0.00 0.00 0.00 5.40 5.55 4.60 7.37 12.56 17.16 19.35 20.15 21.10 21.10 20.51 20.66 20.66 17.52 8.47 3.21 1.46 1.02 0.80 0.73 1.46 2.34 2.70 2.34 2.19 1.75 1.61 0.95
3.72 5.11 6.94 8.83 9.49 10.00 13.21 14.82 17.08 19.35 22.27 27.08 30.88 32.34 19.05 20.66 18.76 17.45 17.45 16.43 17.01 18.10 17.96 17.89 17.81 19.35 16.64 19.35 17.89 15.48 11.24 8.32 7.01 8.10 8.10 4.96 1.90 0.95 0.80 0.00 5.77 7.23 4.67 4.67 1.68 2.12 3.72 3.36 3.50 4.09 1.17 1.97 5.77 5.33 5.91 7.74 9.27 7.37 4.74 4.74 9.34 12.56 13.65 16.21 19.56 20.66 20.08 18.61 18.61 15.84 9.42 5.18 2.56 1.02 0.00 0.00 0.00 0.00 0.00 0.00 0.00 0.00 0.00 0.00
3.72 5.11 6.94 8.83 9.49 10.00 13.21 14.82 17.08 19.35 22.27 27.08 30.88 32.34 19.05 20.66 18.76 17.45 17.45 16.43 17.01 18.10 17.96 17.89 17.81 19.35 16.64 19.35 17.89 15.48 11.24 8.32 7.01 8.10 8.10 4.96 1.90 0.95 0.80 0.00 5.77 7.23 4.67 4.67 1.68 2.12 3.72 3.36 3.50 4.09 1.17 1.97 5.77 5.33 5.91 7.74 9.27 7.37 4.74 4.74 9.34 12.56 13.65 16.21 19.56 20.66 20.08 18.61 18.61 15.84 9.42 5.18 2.56 1.02 0.00 0.00 0.00 0.00 0.00 0.00 0.00 0.00 0.00 0.00
2.19 2.77 5.26 7.15 10.59 16.50 18.25 21.17 22.63 21.39 21.46 21.46 24.02 26.50 28.03 23.87 21.61 19.56 19.56 17.67 17.08 17.16 18.83 19.64 19.42 20.22 20.22 20.00 18.61 15.62 12.05 9.78 7.74 6.06 3.29 1.83 0.51 0.44 0.29 0.00 3.87 3.29 1.39 1.39 0.00 0.00 0.00 0.00 0.00 0.00 0.00 2.48 1.39 2.63 4.45 6.28 7.88 5.62 3.87 7.66 11.32 13.94 14.31 18.25 20.88 20.88 18.47 15.18 15.18 16.50 18.98 15.77 10.51 6.42 4.31 1.90 1.31 0.73 0.00 0.00 0.00 0.00 0.00 0.00
6.06 9.13 12.92 12.92 16.57 20.00 23.94 26.94 27.59 24.31 22.12 21.46 20.37 20.44 21.32 20.37 20.29 19.64 19.64 18.18 18.47 19.56 21.75 22.50 21.20 21.38 18.51 19.05 16.50 15.77 14.97 10.88 8.03 4.89 1.68 0.00 0.15 0.66 0.22 0.00 1.31 0.66 1.02 1.02 0.00 0.00 0.00 0.00 0.00 0.00 0.00 0.00 0.00 0.00 0.00 0.00 0.00 0.00 3.58 8.83 15.62 16.72 16.79 18.47 20.00 19.93 18.98 18.10 18.10 19.78 22.12 20.51 16.06 10.80 6.42 3.43 2.63 1.39 1.31 0.00 0.00 0.00 0.00 0.00
10.37 13.51 16.43 17.16 17.37 15.33 15.04 14.60 15.70 14.09 10.44 9.56 10.80 10.51 16.35 21.10 18.69 21.75 21.75 24.02 24.75 24.38 24.82 26.03 27.99 21.23 21.08 18.74 17.74 19.56 18.32 14.38 12.41 8.47 5.11 2.70 1.68 2.04 1.90 2.12 1.39 0.73 1.02 1.02 0.00 0.00 0.00 0.00 0.00 0.00 0.00 0.00 0.00 0.00 0.00 0.00 0.00 0.00 0.00 9.78 15.48 16.64 15.55 16.79 17.30 17.59 19.27 20.81 20.81 20.88 20.00 18.18 14.89 11.17 7.30 4.53 4.23 3.14 2.12 1.61 0.00 0.00 0.00 0.00
8.10 9.20 10.29 8.61 7.15 5.40 2.04 2.63 4.74 4.09 2.41 0.00 0.00 1.68 6.13 21.39 9.93 19.71 19.71 20.81 18.69 17.34 19.19 21.52 24.43 23.60 23.56 21.61 21.98 20.34 18.83 17.59 16.21 14.67 10.07 7.88 7.81 6.86 4.16 3.65 2.26 1.68 0.29 0.29 0.00 0.00 0.00 0.00 0.00 0.00 0.00 0.00 0.00 0.00 0.00 0.00 0.00 0.00 0.00 6.42 15.40 18.10 18.03 17.59 16.57 15.99 19.49 22.48 22.48 21.75 19.86 17.16 14.09 11.46 10.37 10.00 8.54 5.40 4.02 4.31 2.85 0.00 0.00 0.00
6.42 6.28 6.20 4.67 2.77 0.00 0.00 0.00 0.00 0.00 5.04 0.00 0.00 0.00 0.00 0.00 5.48 9.78 9.78 7.49 5.31 5.19 7.98 11.46 16.01 16.79 20.17 23.09 24.23 22.64 20.84 20.95 19.86 18.47 16.64 14.97 14.16 10.59 6.57 5.26 2.56 1.46 0.07 0.07 1.02 0.00 0.00 0.00 0.00 0.00 0.00 0.00 0.00 0.00 0.00 0.00 0.00 0.00 0.00 4.89 16.13 21.90 23.43 23.07 21.75 20.22 21.90 22.56 22.56 21.46 19.05 15.99 14.16 12.99 13.51 13.36 10.29 7.08 6.20 5.55 3.21 0.00 0.00 0.00
6.42 6.28 6.20 4.67 2.77 0.00 0.00 0.00 0.00 0.00 5.04 0.00 0.00 0.00 0.00 0.00 5.48 9.78 9.83 7.73 5.39 5.55 7.78 11.75 15.77 16.79 19.56 21.46 22.64 22.99 21.05 21.82 22.31 19.54 17.07 14.97 14.16 10.59 6.57 5.26 2.56 1.46 0.07 0.07 1.02 0.00 0.00 0.00 0.00 0.00 0.00 0.00 0.00 0.00 0.00 0.00 0.00 0.00 0.00 4.89 16.13 21.90 23.43 23.07 21.75 20.22 21.90 22.56 22.56 21.46 19.05 15.99 14.16 12.99 13.51 13.36 10.29 7.08 6.20 5.55 3.21 0.00 0.00 0.00
6.79 6.57 5.99 4.16 1.24 0.00 0.00 0.00 0.00 0.00 0.00 1.17 3.14 2.26 2.70 2.56 5.11 3.50 3.50 4.82 1.75 0.00 0.00 0.00 5.09 6.42 9.29 14.67 20.51 25.02 25.66 24.81 24.02 22.11 19.72 19.14 17.11 12.56 9.34 6.86 4.60 1.61 0.37 0.37 1.61 0.00 2.56 1.24 0.00 0.00 0.00 0.00 0.00 0.00 0.00 0.00 0.00 0.00 0.00 0.00 8.61 15.99 19.56 23.07 25.11 24.09 21.46 20.66 20.66 19.86 17.37 15.99 15.26 14.82 15.70 15.18 12.48 9.78 8.83 7.66 4.82 3.21 0.00 0.00
7.52 9.49 9.13 7.66 6.13 3.43 1.02 1.61 0.00 0.00 0.00 0.07 4.96 3.43 2.85 11.24 8.76 15.55 15.55 14.67 5.62 2.05 1.39 0.00 0.00 0.00 0.00 0.00 8.12 14.08 22.34 17.23 23.58 24.12 23.16 22.33 18.31 15.26 13.14 11.90 10.59 6.06 3.58 3.58 0.00 0.22 0.88 0.37 0.00 0.00 0.00 0.00 0.00 0.00 0.00 0.00 0.00 0.00 0.00 0.00 0.00 4.16 11.75 20.66 24.31 23.58 20.73 20.22 20.22 20.29 17.16 15.91 15.77 14.97 15.70 15.70 13.36 11.24 10.44 8.69 6.72 4.96 3.21 0.00
0.00 4.02 4.74 5.91 9.42 10.95 11.53 11.75 11.02 7.81 3.14 5.69 3.43 0.00 9.86 10.22 12.05 12.78 12.78 15.91 6.57 5.04 2.63 0.88 0.00 0.00 0.00 0.00 0.00 3.53 15.62 15.40 21.10 25.40 26.36 23.78 24.07 20.37 17.59 18.10 17.52 14.89 9.27 9.27 4.02 0.88 0.29 0.00 0.00 0.37 0.00 0.00 0.00 0.00 0.00 0.00 0.00 0.00 0.00 0.00 0.00 0.00 7.01 17.74 22.56 20.81 19.86 20.66 20.66 18.83 16.06 13.72 11.90 12.12 13.87 15.40 16.43 16.43 14.97 12.56 11.90 11.02 8.25 6.20
0.00 0.00 0.00 0.00 0.00 2.70 4.60 5.48 6.94 1.83 3.21 3.36 9.20 9.93 9.93 6.79 7.81 8.18 8.18 5.33 8.18 5.04 3.21 0.44 0.00 0.00 0.00 0.00 0.00 0.00 7.66 11.61 15.55 17.81 20.22 24.89 26.98 28.14 26.52 26.03 21.83 19.42 12.85 12.85 5.91 4.38 2.04 1.68 1.61 0.80 0.66 0.37 0.00 0.00 0.00 0.00 0.00 0.00 2.34 3.43 0.00 0.00 6.20 11.24 12.41 12.92 15.77 16.72 16.72 14.38 11.46 12.63 12.19 11.83 13.58 17.45 19.78 19.35 19.20 17.30 14.82 12.92 10.95 7.37
0.00 0.00 0.00 0.00 0.00 0.00 0.00 0.00 0.00 0.00 0.00 0.00 6.06 6.72 6.28 3.80 2.26 2.92 2.92 2.19 1.31 4.09 0.00 0.00 0.00 0.00 0.00 0.00 0.00 0.00 0.00 0.00 0.00 4.60 6.57 11.02 17.67 23.80 24.83 26.80 25.02 24.31 23.14 23.14 14.67 12.41 9.93 8.61 5.48 3.07 1.31 1.83 1.24 0.00 0.00 0.00 0.00 1.68 0.00 3.58 4.96 3.65 2.99 3.80 4.96 5.62 7.88 10.44 10.44 7.96 7.88 10.29 11.32 9.64 11.32 14.89 18.61 18.91 20.00 17.89 14.60 13.21 10.66 8.18
0.00 0.00 0.00 0.00 0.00 0.00 0.00 0.00 0.00 0.00 0.00 1.83 2.34 2.92 1.68 0.00 0.00 0.00 0.00 0.00 0.00 0.00 0.00 0.00 0.00 0.00 0.00 0.00 0.00 0.00 0.00 0.00 0.00 0.00 0.00 0.95 6.13 12.39 17.67 21.97 22.56 21.68 19.20 19.20 20.22 21.24 17.45 15.99 11.53 9.20 7.15 4.45 2.48 0.00 0.00 0.00 0.00 0.00 0.00 0.00 4.31 4.89 3.50 0.00 0.00 0.00 3.36 3.72 3.72 2.41 3.07 4.89 5.91 4.31 5.40 8.18 11.90 11.68 12.34 12.78 12.12 11.97 10.44 6.79
0.00 0.00 0.00 0.00 0.00 0.00 0.00 0.00 0.00 0.00 0.00 1.83 2.34 2.92 1.68 0.00 0.00 0.00 0.00 0.00 0.00 0.00 0.00 0.00 0.00 0.00 0.00 0.00 0.00 0.00 0.00 0.00 0.00 0.00 0.00 0.95 6.13 12.33 17.84 21.97 22.34 21.68 19.20 19.20 20.22 21.24 17.45 15.99 11.53 9.20 7.15 4.45 2.48 0.00 0.00 0.00 0.00 0.00 0.00 0.00 4.31 4.89 3.50 0.00 0.00 0.00 3.36 3.72 3.72 2.41 3.07 4.89 5.91 4.31 5.40 8.18 11.90 11.68 12.34 12.78 12.12 11.97 10.44 6.79
1.61 0.37 0.00 0.00 0.00 0.00 8.18 11.93 7.19 3.58 1.68 2.26 2.41 1.24 0.00 0.00 0.00 0.00 0.00 0.00 0.00 0.00 0.00 0.00 0.00 0.00 0.00 0.00 0.00 0.00 0.00 0.00 0.00 0.00 0.00 0.00 0.00 3.65 5.72 9.71 10.44 9.93 8.91 8.91 11.90 16.35 17.23 19.78 14.89 13.65 12.70 9.78 5.26 2.48 0.00 0.00 0.00 0.00 0.00 0.00 3.50 5.33 3.87 1.97 0.00 0.00 0.00 0.00 0.00 0.00 0.00 0.00 0.00 0.00 0.00 0.00 0.00 0.00 4.67 4.96 5.99 6.86 6.79 6.94
