Wansh/Snow_depth/snowdepth-1988/spring/1988104.txt
ncols 321
nrows 161
xllcenter 60
yllcenter 15 
cellsize  0.25 
NODATA_value -1
[rows 0 to 36 of 161, columns 84 to 167 of 321]
0.00 0.00 0.00 0.00 0.00 0.00 0.00 0.00 0.00 0.00 0.00 0.00 0.00 0.00 0.00 0.00 0.00 0.00 0.00 0.00 0.00 0.00 0.00 0.00 0.00 0.00 0.00 0.00 0.00 0.00 0.00 0.00 0.00 0.00 0.00 0.00 0.00 0.00 0.00 0.00 0.00 0.00 0.00 0.00 0.00 0.00 0.00 0.00 0.00 0.00 0.00 0.00 0.00 0.00 0.00 0.00 0.00 0.00 0.00 0.00 0.00 0.00 0.00 0.00 0.00 0.00 0.00 0.00 0.00 0.00 0.00 0.00 0.00 0.00 0.00 0.00 0.00 0.00 0.00 0.00 0.00 0.00 0.00 0.00
0.00 0.00 0.00 0.00 0.00 0.00 0.00 0.00 0.00 0.00 0.00 0.00 0.00 0.00 0.00 0.00 0.00 0.00 0.00 0.00 0.00 0.00 0.00 0.00 0.00 0.00 0.00 0.00 0.00 0.00 0.00 0.00 0.00 0.00 0.00 0.00 0.00 0.00 0.00 0.00 0.00 0.00 0.00 0.00 0.00 0.00 0.00 0.00 0.00 0.00 0.00 0.00 0.00 0.00 0.00 0.00 0.00 0.00 0.00 0.00 0.00 0.00 0.00 0.00 0.00 0.00 0.00 0.00 0.00 0.00 0.00 0.00 0.00 0.00 0.00 0.00 0.00 0.00 0.00 0.00 0.00 0.00 0.00 0.00
0.00 0.00 0.80 1.24 0.95 0.66 0.00 0.00 0.00 0.44 3.14 0.00 0.00 0.00 0.00 0.00 0.00 0.00 0.00 0.00 0.00 0.00 4.23 0.00 0.00 0.00 0.00 0.00 0.00 0.00 0.00 0.00 0.00 0.00 0.00 0.00 0.00 0.00 0.00 0.00 0.00 0.00 0.00 0.00 0.00 0.00 0.00 0.00 0.00 0.00 0.00 0.00 0.00 0.00 0.00 0.00 0.00 0.00 0.00 0.00 0.00 4.67 5.40 4.67 0.00 0.00 0.00 0.00 0.00 0.00 0.00 0.00 0.00 0.00 0.00 0.00 0.00 3.21 2.77 3.07 0.00 4.16 4.02 4.31
0.00 0.00 0.80 1.24 0.95 0.66 0.00 0.00 0.00 0.44 3.14 0.00 0.00 0.00 0.00 0.00 0.00 0.00 0.00 0.00 0.00 0.00 4.23 0.00 0.00 0.00 0.00 0.00 0.00 0.00 0.00 0.00 0.00 0.00 0.00 0.00 0.00 0.00 0.00 0.00 0.00 0.00 0.00 0.00 0.00 0.00 0.00 0.00 0.00 0.00 0.00 0.00 0.00 0.00 0.00 0.00 0.00 0.00 0.00 0.00 0.00 4.67 5.40 4.67 0.00 0.00 0.00 0.00 0.00 0.00 0.00 0.00 0.00 0.00 0.00 0.00 0.00 3.21 2.77 3.07 0.00 4.16 4.02 4.31
0.00 0.00 1.10 2.26 0.00 0.00 0.00 0.00 1.68 3.07 4.82 0.00 0.00 0.00 0.00 0.00 0.00 0.00 0.00 0.00 0.00 0.00 0.00 2.63 0.00 0.07 0.00 0.00 0.00 0.00 0.00 0.00 0.00 0.00 0.00 0.00 0.00 0.00 0.00 0.00 0.00 0.00 0.00 0.00 0.00 0.00 0.00 0.00 0.00 0.00 0.00 0.00 0.00 0.00 0.00 0.00 0.00 0.00 0.00 6.57 7.52 8.69 8.76 8.83 8.69 8.83 8.69 0.00 0.00 0.00 0.00 0.00 0.00 0.00 0.00 0.00 0.00 0.00 0.00 0.00 0.00 0.00 0.00 1.83
0.00 0.00 0.00 0.00 0.00 0.00 0.00 0.00 0.00 0.00 0.00 2.19 4.60 5.40 5.04 5.77 7.15 8.40 8.40 0.00 0.00 0.00 0.00 2.04 0.00 0.00 2.85 0.00 0.00 0.00 0.00 0.00 0.00 0.00 0.00 0.00 0.00 0.00 0.00 0.00 0.00 0.00 0.00 0.00 0.00 0.00 0.00 0.00 0.00 0.00 0.00 0.00 0.00 0.00 0.00 0.00 0.00 0.00 0.00 6.35 7.52 8.76 10.44 12.34 13.72 13.51 11.24 9.64 9.64 7.74 6.72 6.72 6.86 6.64 0.00 0.00 0.00 0.00 0.00 0.00 0.00 0.00 0.00 1.97
0.00 0.00 0.00 0.00 0.00 0.00 0.00 0.00 0.00 0.00 0.00 0.22 3.14 5.62 6.20 5.04 1.75 0.58 0.58 2.85 7.66 0.00 0.00 0.00 0.00 0.00 0.00 0.00 0.00 0.00 0.00 0.00 0.00 0.00 0.00 0.00 0.00 0.00 0.00 0.00 0.00 0.00 0.00 0.00 0.00 0.00 0.00 0.00 0.00 0.00 0.00 0.00 0.00 0.00 0.00 0.00 0.00 0.00 0.00 5.69 6.57 8.61 11.17 12.48 12.92 13.29 13.29 11.17 11.17 9.93 9.34 9.56 9.78 10.00 10.44 9.34 9.05 8.25 6.57 0.00 0.00 0.00 0.00 0.00
0.00 0.00 0.00 0.00 0.00 0.00 0.00 0.00 0.00 0.00 0.00 0.22 3.14 5.62 6.20 5.04 1.75 0.58 0.58 2.85 7.66 0.00 0.00 0.00 0.00 0.00 0.00 0.00 0.00 0.00 0.00 0.00 0.00 0.00 0.00 0.00 0.00 0.00 0.00 0.00 0.00 0.00 0.00 0.00 0.00 0.00 0.00 0.00 0.00 0.00 0.00 0.00 0.00 0.00 0.00 0.00 0.00 0.00 0.00 5.69 6.57 8.61 11.17 12.48 12.92 13.29 13.29 11.17 11.17 9.93 9.34 9.56 9.78 10.00 10.44 9.34 9.05 8.25 6.57 0.00 0.00 0.00 0.00 0.00
0.00 0.00 0.00 0.00 0.00 0.00 0.00 0.00 0.00 0.00 0.00 2.34 0.00 0.00 6.94 7.23 6.13 5.26 5.26 5.62 7.74 9.93 0.00 0.00 0.00 0.00 0.00 0.00 0.00 0.00 0.00 0.00 0.00 0.00 0.00 0.00 0.00 0.00 0.00 0.00 0.00 0.00 0.00 0.00 0.00 0.00 0.00 0.00 0.00 0.00 0.00 0.00 0.00 0.00 0.00 0.00 0.00 0.00 0.00 0.00 0.00 7.23 8.54 9.56 10.44 11.17 11.32 9.64 9.64 8.98 8.40 9.42 11.02 11.68 11.61 11.32 10.73 11.83 11.83 9.71 8.32 0.00 0.00 0.00
0.00 0.00 0.00 0.00 0.00 0.00 0.00 0.00 0.00 0.00 0.00 0.37 0.00 1.68 0.66 1.24 0.00 5.40 5.40 8.40 10.80 12.85 0.00 0.00 0.00 0.00 0.00 0.00 0.00 0.00 0.00 0.00 0.00 0.00 0.00 0.00 0.00 0.00 0.00 0.00 0.00 0.00 0.00 0.00 0.00 0.00 0.00 0.00 0.00 0.00 0.00 4.60 5.48 6.20 0.00 0.00 0.00 0.00 0.00 0.00 0.00 6.64 7.74 8.69 9.20 9.34 9.13 8.18 8.18 8.83 9.93 10.88 11.97 13.51 13.87 13.43 14.60 18.32 16.64 16.28 12.85 7.81 0.00 0.00
0.00 0.00 0.00 0.00 0.00 0.00 0.00 0.00 0.00 0.00 0.00 0.00 0.00 0.00 0.00 0.00 0.00 0.80 0.80 5.77 7.88 9.42 0.00 0.00 0.00 0.00 0.00 0.00 0.00 0.00 0.00 0.00 0.00 0.00 0.00 0.00 0.00 0.00 0.00 0.00 0.00 0.00 0.00 0.00 0.00 0.00 0.00 0.00 0.00 0.00 0.00 4.31 5.40 6.06 0.00 0.00 7.23 8.83 9.78 8.10 5.55 0.00 0.00 0.00 7.52 7.45 7.23 8.40 8.40 10.07 11.97 12.92 14.24 16.57 18.69 18.69 18.76 19.86 20.88 18.91 15.04 11.53 9.93 8.32
0.00 0.00 0.00 0.00 0.00 0.00 0.00 0.00 0.00 0.00 0.00 0.00 0.00 0.00 0.00 0.00 0.00 0.80 0.80 5.77 7.88 9.42 0.00 0.00 0.00 0.00 0.00 0.00 0.00 0.00 0.00 0.00 0.00 0.00 0.00 0.00 0.00 0.00 0.00 0.00 0.00 0.00 0.00 0.00 0.00 0.00 0.00 0.00 0.00 0.00 0.00 4.31 5.40 6.06 0.00 0.00 7.23 8.83 9.78 8.10 5.55 0.00 0.00 0.00 7.52 7.45 7.23 8.40 8.40 10.07 11.97 12.92 14.24 16.57 18.69 18.69 18.76 19.86 20.88 18.91 15.04 11.53 9.93 8.32
0.00 0.00 0.00 0.00 0.00 0.00 0.00 0.00 0.00 0.00 0.00 0.00 0.00 0.22 0.51 0.88 0.66 0.73 0.73 2.26 0.00 0.00 0.00 0.00 0.00 0.00 0.00 0.00 0.00 0.00 0.00 0.00 4.16 4.16 4.74 6.72 7.96 8.69 9.05 8.18 8.18 7.81 5.69 5.69 7.30 0.00 0.00 0.00 0.00 0.00 0.00 0.00 0.00 0.00 0.00 0.00 0.00 10.15 11.61 9.71 8.32 7.37 7.96 8.54 8.98 8.18 7.96 8.91 8.91 11.32 13.58 15.33 16.72 19.05 19.42 21.53 22.05 21.53 20.81 20.44 18.54 14.75 12.48 10.95
0.00 0.00 0.00 0.00 0.00 0.00 0.00 0.00 0.00 0.00 0.00 0.00 0.00 0.00 8.32 8.03 0.00 0.00 0.00 0.00 0.00 0.00 0.00 0.00 0.00 0.00 0.00 0.00 0.00 3.94 5.11 8.03 8.40 12.05 12.63 13.14 13.07 11.68 9.49 8.18 6.86 5.48 3.65 3.65 6.13 4.53 0.00 0.00 0.00 0.00 0.00 0.00 0.00 0.00 0.00 0.00 0.00 0.00 4.96 6.28 6.50 7.74 8.61 9.13 10.29 10.51 11.32 11.32 11.32 12.34 14.53 16.35 18.61 19.93 19.42 20.00 19.42 17.30 13.72 12.78 14.67 13.72 10.07 8.47
0.00 0.00 0.00 0.00 0.95 0.00 0.00 0.00 0.00 0.00 0.00 0.00 0.00 0.00 8.32 10.00 9.34 8.76 8.76 0.00 0.00 0.00 8.98 8.40 0.00 0.00 3.43 4.45 6.42 8.10 9.56 10.80 14.97 15.70 15.55 12.99 9.64 6.28 4.09 3.50 2.19 1.75 1.83 1.83 3.43 0.00 0.00 2.70 0.00 0.00 0.00 0.00 0.00 0.00 0.00 0.00 0.00 0.00 0.00 0.00 0.00 0.00 5.26 6.42 7.59 9.71 11.53 11.68 11.68 13.21 15.11 16.94 17.81 16.43 12.99 14.75 16.21 14.09 10.37 9.56 11.68 12.12 11.39 11.32
0.00 0.00 0.00 1.61 6.35 0.00 0.00 0.00 0.00 0.00 0.00 7.59 7.59 8.40 8.40 8.83 9.71 9.93 9.93 9.13 0.00 0.00 9.56 11.83 13.07 7.88 9.78 8.61 8.61 10.15 11.46 13.72 15.11 18.69 17.37 10.29 5.91 2.04 1.10 2.48 3.94 4.60 5.33 5.33 6.35 7.23 5.69 6.42 5.48 4.82 4.45 4.67 4.09 4.45 4.53 4.67 4.60 5.48 0.00 0.00 0.00 0.00 0.00 4.23 4.45 7.30 10.59 12.63 12.63 13.65 15.55 16.28 14.75 10.73 10.80 15.91 17.81 15.40 12.26 11.02 9.64 8.54 8.32 10.15
0.00 0.00 0.00 1.61 6.35 0.00 0.00 0.00 0.00 0.00 0.00 7.59 7.59 8.40 8.40 8.83 9.71 9.93 9.93 9.13 0.00 0.00 9.56 11.83 13.07 7.88 9.78 8.61 8.61 10.15 11.46 13.72 15.11 18.69 17.37 10.29 5.91 2.04 1.10 2.48 3.94 4.60 5.33 5.33 6.35 7.23 5.69 6.42 5.48 4.82 4.45 4.67 4.09 4.45 4.53 4.67 4.60 5.48 0.00 0.00 0.00 0.00 0.00 4.23 4.45 7.30 10.59 12.63 12.63 13.65 15.55 16.28 14.75 10.73 10.80 15.91 17.81 15.40 12.26 11.02 9.64 8.54 8.32 10.15
0.95 0.00 5.18 7.37 0.00 0.00 0.00 0.00 0.00 0.00 10.59 12.78 14.38 13.29 11.90 11.61 11.68 10.00 10.00 9.20 7.52 0.00 0.00 8.18 10.80 11.02 9.27 9.78 10.15 11.02 12.70 14.38 15.26 14.67 16.94 10.73 7.59 5.18 6.06 8.47 9.49 9.56 7.81 7.81 5.77 5.18 7.15 6.42 8.61 6.06 4.09 3.21 3.29 5.40 7.59 6.94 5.99 5.26 5.48 0.00 6.28 8.61 9.49 7.30 6.72 7.81 10.00 11.75 11.75 15.84 18.54 18.32 15.04 12.12 13.72 16.57 14.89 13.72 11.02 7.23 4.82 3.21 2.12 3.07
0.00 5.40 7.01 11.10 16.13 17.89 0.00 0.00 0.00 0.00 12.12 13.36 15.40 16.79 16.72 16.43 16.50 15.99 15.99 13.72 10.80 9.13 6.13 4.96 9.49 10.95 11.39 12.92 13.29 13.43 13.65 15.26 16.79 16.79 16.21 16.50 12.63 9.20 7.81 6.94 6.06 6.42 3.58 3.58 1.31 4.67 12.48 19.20 8.98 8.91 1.31 0.00 0.00 0.00 5.11 5.11 4.67 5.33 7.08 10.73 8.83 16.21 17.30 14.97 13.36 12.34 11.97 15.04 15.04 19.93 20.29 17.74 14.45 10.51 10.51 10.88 9.20 8.83 6.79 3.29 2.41 0.00 0.00 0.00
0.00 2.19 3.58 6.72 9.64 13.65 17.01 0.00 0.00 15.91 17.30 17.96 17.37 16.79 16.13 15.18 14.67 14.89 14.89 14.24 13.14 12.05 9.78 9.49 9.42 12.12 14.24 14.97 14.45 12.70 11.39 11.90 13.94 14.82 14.60 12.05 15.26 5.26 3.50 2.92 3.29 3.29 4.02 4.02 3.36 7.01 14.97 21.83 17.89 16.50 0.00 0.00 0.00 0.00 0.00 0.00 0.00 5.40 7.01 12.26 17.37 13.43 20.15 19.35 17.67 16.28 17.45 20.95 20.95 19.93 15.11 7.74 5.62 3.50 3.58 2.56 2.99 3.80 3.65 2.26 0.00 0.00 0.00 0.00
0.00 1.83 4.16 0.00 0.00 6.86 9.78 12.85 15.62 19.27 22.63 25.04 25.26 21.32 18.10 17.08 17.59 17.08 17.08 17.01 16.06 14.97 13.58 12.41 15.70 15.48 15.77 12.12 13.07 10.59 7.59 6.94 8.40 11.75 12.63 8.76 3.65 6.35 0.00 0.00 5.55 7.15 6.13 6.13 4.23 5.62 10.15 9.71 6.94 4.67 1.61 0.00 5.33 0.00 0.00 0.00 5.40 5.55 4.60 7.37 12.56 17.16 16.50 17.37 19.64 20.00 20.51 19.64 19.64 14.45 7.59 1.39 0.00 0.00 0.00 0.00 0.00 0.00 1.24 1.10 0.00 0.00 0.00 0.00
0.00 0.00 2.99 0.00 0.00 0.00 8.91 12.05 0.00 15.33 17.59 23.29 27.45 29.27 26.94 22.70 20.73 20.66 20.66 20.22 20.44 20.81 21.24 20.59 20.51 22.41 21.97 15.26 17.89 15.48 11.24 8.32 7.01 8.10 8.10 4.96 1.90 0.95 0.80 0.00 5.77 7.23 4.67 4.67 1.68 2.12 3.72 3.36 3.50 4.09 1.17 1.97 5.77 5.33 5.91 7.74 9.27 7.37 4.74 4.74 9.34 12.56 11.97 12.34 17.01 18.47 17.59 16.06 16.06 12.48 9.56 6.86 4.38 0.00 0.00 0.00 0.00 0.00 0.00 0.00 0.00 0.00 0.00 0.00
0.00 0.00 2.99 0.00 0.00 0.00 8.91 12.05 0.00 15.33 17.59 23.29 27.45 29.27 26.94 22.70 20.73 20.66 20.66 20.22 20.44 20.81 21.24 20.59 20.51 22.41 21.97 15.26 17.89 15.48 11.24 8.32 7.01 8.10 8.10 4.96 1.90 0.95 0.80 0.00 5.77 7.23 4.67 4.67 1.68 2.12 3.72 3.36 3.50 4.09 1.17 1.97 5.77 5.33 5.91 7.74 9.27 7.37 4.74 4.74 9.34 12.56 11.97 12.34 17.01 18.47 17.59 16.06 16.06 12.48 9.56 6.86 4.38 0.00 0.00 0.00 0.00 0.00 0.00 0.00 0.00 0.00 0.00 0.00
0.00 0.00 1.75 0.00 0.00 0.00 0.00 19.35 19.78 16.79 15.84 16.43 19.13 21.83 24.45 24.31 20.59 17.37 17.37 17.45 17.37 18.40 19.71 20.51 19.86 20.15 20.59 19.71 18.61 15.62 12.05 9.78 7.74 6.06 3.29 1.83 0.51 0.44 0.29 0.00 3.87 3.29 1.39 1.39 0.00 0.00 0.00 0.00 0.00 0.00 0.00 2.48 1.39 2.63 4.45 6.28 7.88 5.62 3.87 7.66 11.32 13.94 14.31 9.34 18.03 19.20 18.10 13.07 13.07 12.34 16.35 16.13 10.00 6.57 3.80 0.00 0.00 0.00 0.00 0.00 0.00 0.00 0.00 0.00
3.36 5.62 7.30 10.37 12.05 15.33 19.27 21.10 21.46 18.83 15.04 14.16 15.26 16.94 19.13 20.66 22.56 23.51 23.51 21.83 22.12 24.82 25.19 23.76 21.79 21.05 17.40 16.72 16.50 15.77 14.97 10.88 8.03 4.89 1.68 0.00 0.15 0.66 0.22 0.00 1.31 0.66 1.02 1.02 0.00 0.00 0.00 0.00 0.00 0.00 0.00 0.00 0.00 0.00 0.00 0.00 0.00 0.00 3.58 8.83 15.62 16.72 16.79 18.47 16.35 20.22 18.47 15.26 15.26 18.03 21.68 19.78 14.38 9.20 4.89 2.92 1.68 0.00 0.00 0.00 0.00 0.00 0.00 0.00
4.23 7.66 11.10 12.99 12.26 10.95 8.76 10.29 11.68 8.69 5.84 6.35 0.00 9.13 12.99 16.43 22.63 24.24 24.24 25.92 26.50 27.45 27.81 28.20 28.77 22.05 24.13 20.17 19.27 19.56 18.32 14.38 12.41 8.47 5.11 2.70 1.68 2.04 1.90 2.12 1.39 0.73 1.02 1.02 0.00 0.00 0.00 0.00 0.00 0.00 0.00 0.00 0.00 0.00 0.00 0.00 0.00 0.00 0.00 9.78 15.48 16.64 15.55 16.79 17.30 17.23 16.86 20.08 20.08 20.51 19.78 15.91 12.19 8.47 6.06 4.74 4.45 3.29 1.61 0.00 0.00 0.00 0.00 0.00
4.82 6.13 7.37 7.23 3.87 2.77 2.19 0.00 0.00 0.00 0.00 0.00 0.00 0.00 0.00 6.06 10.44 11.17 11.17 11.32 10.44 12.90 21.52 23.25 25.87 26.48 24.95 22.19 18.51 20.34 18.83 17.59 16.21 14.67 10.07 7.88 7.81 6.86 4.16 3.65 2.26 1.68 0.29 0.29 0.00 0.00 0.00 0.00 0.00 0.00 0.00 0.00 0.00 0.00 0.00 0.00 0.00 0.00 0.00 6.42 15.40 18.10 18.03 17.59 16.57 14.38 18.98 22.41 22.41 21.61 19.93 16.50 12.48 10.73 9.34 8.83 7.81 5.84 2.99 3.21 0.00 0.00 0.00 0.00
3.36 4.09 4.38 2.99 0.73 0.00 0.00 0.00 0.00 0.00 4.53 4.16 2.41 0.00 0.00 0.00 0.00 0.00 0.00 0.00 0.00 0.00 0.00 8.32 16.01 19.13 25.06 26.34 22.49 22.64 20.84 20.95 19.86 18.47 16.64 14.97 14.16 10.59 6.57 5.26 2.56 1.46 0.07 0.07 1.02 0.00 0.00 0.00 0.00 0.00 0.00 0.00 0.00 0.00 0.00 0.00 0.00 0.00 0.00 4.89 16.13 21.90 23.43 23.07 21.75 20.22 16.72 22.34 22.34 21.17 18.61 16.13 12.78 11.46 12.48 13.43 10.15 6.50 4.82 5.04 0.00 0.00 0.00 0.00
3.36 4.09 4.38 2.99 0.73 0.00 0.00 0.00 0.00 0.00 4.53 4.16 2.41 0.00 0.00 0.00 0.00 0.00 0.00 0.00 0.00 0.00 0.00 8.54 15.77 19.13 24.31 24.48 21.02 22.99 21.05 21.82 22.31 19.54 17.07 14.97 14.16 10.59 6.57 5.26 2.56 1.46 0.07 0.07 1.02 0.00 0.00 0.00 0.00 0.00 0.00 0.00 0.00 0.00 0.00 0.00 0.00 0.00 0.00 4.89 16.13 21.90 23.43 23.07 21.75 20.22 16.72 22.34 22.34 21.17 18.61 16.13 12.78 11.46 12.48 13.43 10.15 6.50 4.82 5.04 0.00 0.00 0.00 0.00
4.82 4.16 3.65 2.70 0.58 0.00 0.00 0.00 0.00 0.00 0.00 0.00 2.92 1.53 0.15 0.00 0.00 0.00 0.00 0.00 0.00 0.00 0.00 0.00 0.00 2.51 9.29 13.28 23.21 25.02 25.66 24.81 24.02 22.11 19.72 19.14 17.11 12.56 9.34 6.86 4.60 1.61 0.37 0.37 1.61 0.00 2.56 1.24 0.00 0.00 0.00 0.00 0.00 0.00 0.00 0.00 0.00 0.00 0.00 0.00 8.61 15.99 19.56 23.07 25.11 24.09 21.46 21.68 21.68 18.69 15.70 14.02 13.43 13.07 14.67 14.09 11.39 8.03 6.64 5.55 0.00 0.00 0.00 0.00
0.00 0.00 6.72 5.55 2.77 1.53 1.90 0.29 0.00 0.00 0.00 0.00 0.00 0.00 0.00 5.48 8.61 8.10 8.10 0.00 0.00 0.00 0.00 0.00 0.00 0.00 0.00 0.00 2.91 19.61 22.34 17.23 23.58 24.12 23.16 22.33 18.31 15.26 13.14 11.90 10.59 6.06 3.58 3.58 0.00 0.22 0.88 0.37 0.00 0.00 0.00 0.00 0.00 0.00 0.00 0.00 0.00 0.00 0.00 0.00 0.00 4.16 11.75 20.66 24.31 23.58 20.73 18.18 18.18 18.98 15.99 15.33 14.38 14.60 14.97 13.65 11.90 10.07 8.61 7.59 5.04 4.31 0.00 0.00
0.00 0.00 0.00 3.21 4.23 6.94 8.10 8.69 9.05 6.28 3.58 2.34 0.00 0.00 0.00 5.11 7.01 6.94 6.94 5.40 1.39 0.00 0.00 0.00 0.00 0.00 0.00 0.00 0.00 6.99 15.62 15.40 21.10 25.40 26.36 23.78 24.07 20.37 17.59 18.10 17.52 14.89 9.27 9.27 4.02 0.88 0.29 0.00 0.00 0.37 0.00 0.00 0.00 0.00 0.00 0.00 0.00 0.00 0.00 0.00 0.00 0.00 7.01 17.74 22.56 20.81 19.86 20.66 20.66 19.13 15.55 12.26 11.46 10.15 10.59 13.65 15.84 15.55 13.58 11.17 10.73 10.73 7.37 5.40
0.00 0.00 0.00 0.00 0.00 0.00 0.00 0.00 5.40 5.33 4.82 5.18 5.26 6.64 7.23 6.57 5.62 4.96 4.96 3.07 2.34 0.22 0.00 0.00 0.00 0.00 0.00 0.00 0.00 0.00 7.66 11.61 15.55 17.81 20.22 24.89 26.98 28.14 26.52 26.03 21.83 19.42 12.85 12.85 5.91 4.38 2.04 1.68 1.61 0.80 0.66 0.37 0.00 0.00 0.00 0.00 0.00 0.00 2.34 3.43 0.00 0.00 6.20 11.24 12.41 12.92 15.77 16.72 16.72 14.38 16.13 9.05 9.56 8.32 9.27 15.84 17.37 17.81 18.54 16.21 15.04 11.90 8.47 6.35
0.00 0.00 0.00 0.00 0.00 0.00 0.00 0.00 0.00 0.00 0.00 1.46 4.09 5.33 5.48 3.36 2.04 0.51 0.51 0.00 0.00 0.00 0.00 0.00 0.00 0.00 0.00 0.00 0.00 0.00 0.00 0.00 0.00 4.60 6.57 11.02 17.67 23.80 24.83 26.80 25.02 24.31 23.14 23.14 14.67 12.41 9.93 8.61 5.48 3.07 1.31 1.83 1.24 0.00 0.00 0.00 0.00 1.68 0.00 3.58 4.96 3.65 2.99 3.80 4.96 5.62 7.88 10.44 10.44 7.96 8.98 6.28 9.64 7.96 8.98 12.99 16.43 17.30 17.81 14.09 14.31 12.70 9.20 7.30
0.00 0.00 0.00 0.00 0.00 0.00 0.00 0.00 0.00 0.00 0.00 0.00 2.12 2.92 2.56 0.44 0.00 0.00 0.00 0.00 0.00 0.00 0.00 0.00 0.00 0.00 0.00 0.00 0.00 0.00 0.00 0.00 0.00 0.00 0.00 0.95 6.13 12.39 17.67 21.97 22.56 21.68 19.20 19.20 20.22 21.24 17.45 15.99 11.53 9.20 7.15 4.45 2.48 0.00 0.00 0.00 0.00 0.00 0.00 0.00 4.31 4.89 3.50 0.00 0.00 0.00 3.36 3.72 3.72 2.41 3.07 2.99 4.16 2.77 3.29 6.94 8.32 8.18 7.88 8.47 9.34 10.37 8.76 5.84
0.00 0.00 0.00 0.00 0.00 0.00 0.00 0.00 0.00 0.00 0.00 0.00 2.12 2.92 2.56 0.44 0.00 0.00 0.00 0.00 0.00 0.00 0.00 0.00 0.00 0.00 0.00 0.00 0.00 0.00 0.00 0.00 0.00 0.00 0.00 0.95 6.13 12.33 17.84 21.97 22.34 21.68 19.20 19.20 20.22 21.24 17.45 15.99 11.53 9.20 7.15 4.45 2.48 0.00 0.00 0.00 0.00 0.00 0.00 0.00 4.31 4.89 3.50 0.00 0.00 0.00 3.36 3.72 3.72 2.41 3.07 2.99 4.16 2.77 3.29 6.94 8.32 8.18 7.88 8.47 9.34 10.37 8.76 5.84
1.83 1.90 1.61 0.00 0.00 0.58 0.00 0.00 3.04 0.00 0.00 1.90 1.97 0.95 0.00 0.00 0.00 0.00 0.00 0.00 0.00 0.00 0.00 0.00 0.00 0.00 0.00 0.00 0.00 0.00 0.00 0.00 0.00 0.00 0.00 0.00 0.00 3.65 5.72 9.71 10.44 9.93 8.91 8.91 11.90 16.35 17.23 19.78 14.89 13.65 12.70 9.78 5.26 2.48 0.00 0.00 0.00 0.00 0.00 0.00 3.50 5.33 3.87 1.97 0.00 0.00 0.00 0.00 0.00 0.00 0.00 0.00 0.00 0.00 0.00 0.00 0.00 0.00 0.00 0.00 3.07 4.60 5.11 4.38
