Wansh/Snow_depth/snowdepth-1988/spring/1988075.txt
ncols 321
nrows 161
xllcenter 60
yllcenter 15 
cellsize  0.25 
NODATA_value -1
[rows 0 to 36 of 161, columns 84 to 167 of 321]
21.53 21.97 21.97 21.75 20.73 19.42 17.59 15.77 14.24 14.31 16.21 16.94 18.32 19.49 19.71 20.22 20.29 19.64 19.64 18.32 17.74 15.91 12.99 10.51 5.77 3.94 0.88 0.80 0.80 1.75 2.85 7.01 10.29 12.41 12.19 11.39 11.53 12.34 12.78 13.80 14.16 13.51 10.73 10.73 9.13 6.86 4.82 4.38 4.45 5.77 8.10 9.27 9.49 8.54 9.64 11.10 12.34 11.24 8.69 6.64 4.82 3.43 2.04 1.83 1.83 2.85 3.94 5.69 5.69 6.79 10.15 11.39 11.17 11.17 11.10 14.31 13.51 15.77 18.98 16.43 19.13 19.71 15.26 13.72
21.61 21.02 20.95 20.73 18.69 17.30 16.21 16.06 16.86 17.23 16.72 16.06 15.40 15.18 13.58 13.58 15.04 15.62 15.62 17.45 16.72 15.91 14.97 13.58 9.78 6.35 2.77 1.02 1.17 1.53 3.36 5.26 9.20 11.02 9.27 7.01 6.72 6.94 7.74 8.25 10.22 12.26 12.41 12.41 11.75 9.49 5.77 3.65 2.85 2.77 3.87 4.23 5.84 5.84 5.69 6.79 7.74 8.47 8.10 6.94 6.06 5.26 4.96 5.62 4.96 4.38 4.74 6.50 6.50 8.03 9.27 13.29 15.26 16.43 16.43 17.96 19.05 20.44 21.90 22.34 20.81 19.42 17.74 15.99
20.88 19.56 18.91 17.23 16.13 16.13 16.57 17.59 19.13 19.49 18.91 17.74 15.77 13.58 11.83 10.22 8.40 8.98 8.98 11.53 11.97 13.87 14.67 14.89 13.21 8.98 5.62 3.07 2.77 2.26 2.70 4.16 6.06 9.34 10.59 10.37 9.27 8.47 8.03 7.52 7.59 7.23 9.93 9.93 12.41 14.82 13.43 9.86 5.69 3.07 2.34 2.26 2.34 3.07 4.60 6.20 7.66 9.20 10.80 10.88 11.17 11.10 10.66 10.59 10.15 11.53 11.90 11.97 11.97 11.90 11.90 12.12 13.21 15.33 16.79 19.20 21.83 22.78 23.65 23.21 22.34 23.21 23.14 17.37
20.88 19.56 18.91 17.23 16.13 16.13 16.57 17.59 19.13 19.49 18.91 17.74 15.77 13.58 11.83 10.22 8.40 8.98 8.98 11.53 11.97 13.87 14.67 14.89 13.21 8.98 5.62 3.07 2.77 2.26 2.70 4.16 6.06 9.34 10.59 10.37 9.27 8.47 8.03 7.52 7.59 7.23 9.93 9.93 12.41 14.82 13.43 9.86 5.69 3.07 2.34 2.26 2.34 3.07 4.60 6.20 7.66 9.20 10.80 10.88 11.17 11.10 10.66 10.59 10.15 11.53 11.90 11.97 11.97 11.90 11.90 12.12 13.21 15.33 16.79 19.20 21.83 22.78 23.65 23.21 22.34 23.21 23.14 17.37
19.64 19.35 18.10 17.59 17.74 18.40 17.89 17.52 18.03 18.18 18.40 18.25 16.94 14.16 13.58 12.41 11.68 8.40 8.40 6.13 7.23 9.05 10.29 13.51 14.45 12.78 10.00 5.33 2.92 2.56 2.41 3.43 4.09 7.01 12.05 13.58 12.63 10.95 8.98 7.45 4.74 3.80 4.09 4.09 6.72 10.51 12.92 14.09 11.02 7.81 4.31 3.07 2.56 1.61 1.46 2.77 4.23 6.57 8.91 9.71 10.80 12.78 12.63 12.26 12.26 14.16 14.82 14.60 14.60 14.67 13.72 13.36 11.53 15.48 17.08 17.89 20.51 22.41 22.48 21.61 21.02 21.17 21.39 18.25
21.02 20.51 20.51 20.95 20.59 18.25 16.21 14.45 13.65 12.85 13.58 13.80 13.43 12.41 12.48 13.29 13.65 11.90 11.90 9.42 7.74 6.13 5.91 9.13 11.17 13.29 10.00 7.37 4.53 3.29 2.56 2.92 4.23 5.33 7.88 10.15 9.34 6.35 4.23 1.68 0.00 0.00 2.70 2.70 4.82 7.30 10.59 11.83 13.07 9.86 6.06 4.09 3.29 3.29 2.92 3.21 3.87 4.09 5.11 7.66 10.88 11.90 14.16 15.70 14.82 13.87 13.87 12.99 12.99 12.48 13.14 13.80 12.34 16.57 16.06 15.55 15.33 15.18 14.67 14.38 16.43 17.08 17.59 18.32
22.41 21.17 21.02 20.15 19.20 18.83 17.23 14.97 13.58 12.34 12.05 11.32 9.93 9.64 10.22 11.39 12.48 12.26 12.26 12.85 11.61 10.88 7.88 7.08 8.40 8.47 7.66 5.77 4.45 4.31 4.09 3.94 4.16 5.77 7.08 8.32 6.57 3.87 0.51 0.00 0.51 0.00 4.38 4.38 6.35 7.88 9.42 11.61 12.70 9.34 5.33 3.36 2.99 2.99 3.80 4.74 6.13 7.88 8.91 9.05 11.46 13.72 15.55 16.57 17.45 16.72 16.06 14.45 14.45 13.58 13.58 13.65 13.43 13.87 16.94 16.72 15.40 14.24 13.58 13.14 13.51 13.29 15.84 18.47
22.41 21.17 21.02 20.15 19.20 18.83 17.23 14.97 13.58 12.34 12.05 11.32 9.93 9.64 10.22 11.39 12.48 12.26 12.26 12.85 11.61 10.88 7.88 7.08 8.40 8.47 7.66 5.77 4.45 4.31 4.09 3.94 4.16 5.77 7.08 8.32 6.57 3.87 0.51 0.00 0.51 0.00 4.38 4.38 6.35 7.88 9.42 11.61 12.70 9.34 5.33 3.36 2.99 2.99 3.80 4.74 6.13 7.88 8.91 9.05 11.46 13.72 15.55 16.57 17.45 16.72 16.06 14.45 14.45 13.58 13.58 13.65 13.43 13.87 16.94 16.72 15.40 14.24 13.58 13.14 13.51 13.29 15.84 18.47
20.22 19.64 18.40 17.01 16.13 15.77 15.26 12.70 11.46 10.15 10.15 9.20 8.40 7.96 8.83 10.73 12.78 13.51 13.51 13.65 14.38 14.16 12.41 10.51 7.23 5.77 5.48 4.09 4.02 4.31 3.72 3.36 4.09 5.40 8.10 9.34 7.81 4.74 3.36 2.26 2.34 3.36 5.62 5.62 6.94 6.86 6.79 7.08 6.72 7.08 6.35 5.04 3.58 2.85 3.58 4.60 5.48 6.50 7.81 8.83 10.07 11.39 12.63 14.09 15.48 14.89 15.26 15.99 15.99 15.84 15.91 15.18 15.11 15.33 16.72 16.43 16.72 14.89 15.99 13.87 11.83 11.10 11.39 13.65
16.35 14.97 14.38 13.14 12.70 10.88 9.27 8.40 7.59 7.37 7.88 8.47 8.32 9.20 9.49 11.68 15.48 16.72 16.72 17.01 16.57 16.21 13.65 9.42 7.15 5.18 4.38 4.53 5.11 4.89 4.16 3.50 4.23 6.28 7.96 10.15 9.49 8.18 6.20 5.55 4.23 3.94 4.31 4.31 4.60 4.96 5.11 5.48 5.84 5.84 7.37 8.47 10.00 9.78 8.54 8.10 8.32 8.32 8.69 9.42 9.78 10.00 10.29 10.29 11.83 13.07 13.14 12.12 12.12 12.92 12.85 14.24 15.04 14.89 17.23 16.79 18.98 20.00 18.76 16.35 14.75 12.26 10.37 9.56
12.85 12.26 11.39 9.86 8.98 8.18 7.66 6.86 6.50 6.79 7.88 8.32 9.71 11.17 13.51 15.70 18.61 20.29 20.29 21.24 20.00 17.01 12.85 8.47 6.50 5.62 5.40 5.11 4.82 4.31 3.65 3.65 3.94 4.82 6.79 7.96 9.05 8.69 8.18 6.86 7.30 7.45 6.20 6.20 6.28 5.77 5.55 6.28 7.08 8.32 9.27 10.80 11.32 11.10 10.51 10.59 11.90 11.68 11.32 10.88 10.88 11.39 11.61 11.75 11.97 13.21 14.75 16.43 16.43 17.16 17.74 17.45 18.25 19.56 21.39 21.75 22.48 22.41 21.32 18.18 16.86 15.26 13.21 11.17
12.85 12.26 11.39 9.86 8.98 8.18 7.66 6.86 6.50 6.79 7.88 8.32 9.71 11.17 13.51 15.70 18.61 20.29 20.29 21.24 20.00 17.01 12.85 8.47 6.50 5.62 5.40 5.11 4.82 4.31 3.65 3.65 3.94 4.82 6.79 7.96 9.05 8.69 8.18 6.86 7.30 7.45 6.20 6.20 6.28 5.77 5.55 6.28 7.08 8.32 9.27 10.80 11.32 11.10 10.51 10.59 11.90 11.68 11.32 10.88 10.88 11.39 11.61 11.75 11.97 13.21 14.75 16.43 16.43 17.16 17.74 17.45 18.25 19.56 21.39 21.75 22.48 22.41 21.32 18.18 16.86 15.26 13.21 11.17
10.73 10.88 10.73 9.56 8.54 7.96 7.37 7.23 7.59 8.54 9.71 10.37 12.34 14.16 16.50 17.96 20.73 22.85 22.85 23.58 21.97 17.96 14.53 8.83 6.50 6.20 5.55 5.33 5.26 5.11 4.45 5.48 6.35 7.30 8.03 9.56 11.24 11.24 9.78 9.49 10.66 10.29 9.78 9.78 9.13 8.10 8.18 8.69 9.78 11.10 12.19 13.94 14.24 13.14 11.46 12.41 13.87 15.99 15.70 14.09 13.29 11.68 10.88 10.73 11.17 11.68 13.14 15.26 15.26 16.64 17.96 18.54 18.76 20.00 21.90 24.24 24.67 24.45 23.58 22.27 18.47 15.84 14.82 14.31
9.93 11.32 11.39 9.86 8.61 7.23 6.79 7.81 8.10 9.71 11.24 12.26 14.45 16.64 18.91 20.00 19.78 20.81 20.81 20.29 18.40 15.99 11.24 10.00 9.20 7.45 6.94 6.28 7.52 8.32 10.07 10.88 11.83 12.12 12.99 13.58 14.09 13.94 13.51 12.26 11.17 10.88 10.51 10.51 11.39 12.26 12.85 13.21 13.80 12.92 12.41 12.63 11.75 12.99 14.75 14.97 14.82 13.51 12.48 12.41 12.05 11.68 11.83 12.70 13.58 13.43 14.38 15.26 15.26 17.30 18.61 19.35 20.15 20.73 20.81 19.78 17.45 16.21 17.08 18.40 17.59 15.18 13.51 13.14
11.24 12.05 10.37 9.13 8.32 7.96 8.18 8.91 10.00 11.97 14.02 14.45 14.67 16.35 18.25 18.47 19.20 18.91 18.91 17.08 15.91 13.65 12.19 11.53 10.80 10.07 8.61 8.18 10.00 13.72 14.53 16.13 17.01 16.79 15.99 14.82 12.48 12.48 12.99 13.80 14.82 14.89 15.40 15.40 15.11 15.04 15.70 16.64 16.43 16.57 17.16 17.08 15.70 16.86 17.59 18.03 20.22 18.32 14.31 8.69 7.23 7.37 8.98 10.15 11.97 14.16 16.28 15.55 15.55 15.40 17.01 18.03 17.45 16.86 17.52 17.08 12.85 7.59 8.40 12.63 18.32 19.35 18.40 17.52
11.46 11.61 10.80 10.59 10.95 10.15 7.52 7.59 7.96 9.34 9.71 11.24 12.05 13.65 14.75 14.82 15.62 17.23 17.23 16.72 15.26 14.38 12.48 12.41 13.14 12.78 11.75 10.95 12.05 14.67 16.35 17.67 18.03 16.64 15.11 13.72 11.17 10.88 13.21 14.97 17.08 17.74 17.16 17.16 16.28 15.40 14.53 14.31 14.75 15.40 16.79 16.64 16.72 18.69 20.59 21.46 20.29 17.30 13.51 10.00 9.27 8.91 9.05 9.20 11.02 13.72 16.28 17.16 17.16 17.52 17.08 17.74 18.47 18.61 18.03 17.37 13.43 8.03 7.23 9.56 13.80 14.60 16.21 18.32
11.46 11.61 10.80 10.59 10.95 10.15 7.52 7.59 7.96 9.34 9.71 11.24 12.05 13.65 14.75 14.82 15.62 17.23 17.23 16.72 15.26 14.38 12.48 12.41 13.14 12.78 11.75 10.95 12.05 14.67 16.35 17.67 18.03 16.64 15.11 13.72 11.17 10.88 13.21 14.97 17.08 17.74 17.16 17.16 16.28 15.40 14.53 14.31 14.75 15.40 16.79 16.64 16.72 18.69 20.59 21.46 20.29 17.30 13.51 10.00 9.27 8.91 9.05 9.20 11.02 13.72 16.28 17.16 17.16 17.52 17.08 17.74 18.47 18.61 18.03 17.37 13.43 8.03 7.23 9.56 13.80 14.60 16.21 18.32
11.68 11.97 11.24 11.02 11.68 11.90 8.47 5.55 5.69 6.06 7.37 8.54 9.34 12.92 14.45 14.31 15.26 17.08 17.08 15.99 14.02 13.51 11.97 11.02 11.61 12.56 12.70 13.72 13.43 14.31 15.40 17.16 17.59 16.86 14.53 11.53 10.66 11.17 12.99 14.16 14.75 13.94 13.07 13.07 13.07 13.36 14.31 16.13 15.11 14.45 14.60 14.38 13.94 13.87 14.67 15.99 15.84 14.31 12.34 9.78 14.09 14.45 14.09 12.78 12.99 13.58 15.18 17.37 17.37 19.86 21.10 19.27 18.54 19.20 19.42 17.16 14.02 8.91 6.42 8.18 9.49 10.15 9.05 10.51
12.99 13.58 14.16 14.16 13.72 13.58 13.29 8.76 7.45 7.88 9.34 10.80 10.88 14.02 15.33 15.18 15.84 15.77 15.77 15.62 14.67 12.99 10.51 9.64 10.37 12.63 14.60 15.77 15.99 15.18 16.64 17.81 19.13 19.05 16.57 14.09 10.37 8.91 8.83 8.69 9.49 10.22 11.10 11.10 11.68 14.31 18.32 21.61 20.51 17.52 18.91 18.10 17.52 16.28 14.60 14.24 14.53 15.11 15.91 17.59 18.98 19.20 20.08 18.10 17.16 16.94 18.40 20.00 20.00 21.10 20.81 20.37 19.93 17.89 17.16 16.57 15.40 12.63 8.83 7.15 6.79 6.50 6.42 6.79
14.97 14.82 14.53 14.75 15.70 16.21 15.04 15.84 12.85 11.39 11.68 11.53 11.46 11.68 12.70 12.34 12.41 12.92 12.92 14.89 15.55 14.16 12.12 10.88 10.66 12.70 15.04 15.62 15.62 14.24 12.56 14.53 17.30 17.16 16.06 12.26 7.81 6.06 4.74 3.80 4.67 8.40 10.29 10.29 13.87 17.81 20.95 22.41 22.27 22.70 24.60 24.67 22.85 20.44 18.40 16.06 14.89 13.80 15.40 18.18 21.02 22.63 23.43 22.63 21.24 20.66 20.37 20.66 20.66 19.05 13.51 11.02 9.93 11.32 11.83 13.51 14.16 14.09 12.48 9.27 7.23 7.23 7.81 7.52
14.09 13.43 13.58 14.67 15.33 16.35 16.86 17.16 16.50 17.67 17.59 18.25 17.81 17.01 15.91 13.36 11.83 13.07 13.07 13.29 13.87 14.45 13.87 13.94 15.18 17.67 18.61 17.30 14.97 11.24 8.54 8.98 10.44 14.16 13.94 8.40 3.65 0.00 0.00 4.02 6.50 7.81 9.56 9.56 11.83 14.09 17.67 17.01 17.89 20.29 22.70 26.43 27.23 25.92 24.09 21.83 18.98 14.38 12.34 14.31 17.23 18.69 20.37 22.05 22.48 21.90 21.90 19.93 19.93 15.33 9.64 6.06 3.29 3.50 3.21 3.80 5.84 7.01 6.72 6.72 7.01 5.62 4.96 4.96
13.51 13.51 14.60 15.18 14.82 14.60 15.11 16.35 18.61 22.12 24.31 25.55 25.62 24.82 23.29 21.17 18.61 17.89 17.89 16.28 16.13 16.57 16.72 17.45 19.13 20.44 22.12 21.68 19.71 16.13 12.26 10.15 9.42 10.00 8.76 5.55 2.26 0.00 0.00 3.80 6.13 7.52 5.48 5.48 4.60 4.67 7.01 6.28 8.69 9.78 11.83 14.16 15.26 20.73 22.92 21.90 18.40 14.53 12.48 11.46 12.56 13.94 15.62 19.35 20.81 20.08 19.49 19.78 19.78 17.52 12.56 8.54 3.94 2.85 2.26 1.24 1.31 2.85 3.43 2.41 1.97 2.77 1.90 1.75
13.51 13.51 14.60 15.18 14.82 14.60 15.11 16.35 18.61 22.12 24.31 25.55 25.62 24.82 23.29 21.17 18.61 17.89 17.89 16.28 16.13 16.57 16.72 17.45 19.13 20.44 22.12 21.68 19.71 16.13 12.26 10.15 9.42 10.00 8.76 5.55 2.26 0.00 0.00 3.80 6.13 7.52 5.48 5.48 4.60 4.67 7.01 6.28 8.69 9.78 11.83 14.16 15.26 20.73 22.92 21.90 18.40 14.53 12.48 11.46 12.56 13.94 15.62 19.35 20.81 20.08 19.49 19.78 19.78 17.52 12.56 8.54 3.94 2.85 2.26 1.24 1.31 2.85 3.43 2.41 1.97 2.77 1.90 1.75
12.41 12.78 14.16 14.16 14.24 14.45 14.38 15.70 18.47 19.86 23.58 24.24 25.40 25.92 25.11 24.24 22.41 20.88 20.88 19.78 18.98 18.98 19.49 20.08 19.86 20.88 20.66 20.00 19.93 17.67 14.38 11.68 8.40 6.50 4.45 2.56 1.31 0.00 0.00 0.00 3.43 3.72 2.34 2.34 0.66 0.00 0.00 0.00 0.00 3.07 4.74 5.62 6.64 8.76 12.70 13.87 13.29 11.46 11.39 12.56 14.02 15.11 15.77 17.59 19.13 18.98 17.52 17.23 17.23 19.49 21.10 18.54 12.12 8.83 6.06 4.38 3.14 1.46 0.80 0.00 0.29 0.00 0.00 0.00
12.63 11.46 11.53 11.90 13.51 13.72 12.99 15.40 18.91 21.39 21.17 23.80 23.51 21.53 20.44 20.81 20.37 20.00 20.00 21.39 20.66 20.66 21.61 21.53 19.52 20.33 17.84 16.79 17.37 17.67 15.62 12.19 8.91 5.91 3.21 1.83 1.17 1.31 1.46 1.90 1.68 1.61 1.53 1.53 0.00 0.00 0.00 0.00 0.00 1.02 3.29 4.60 5.69 6.86 7.01 7.45 7.66 7.15 8.76 12.56 14.45 14.09 13.87 15.18 17.30 18.18 18.40 18.03 18.03 18.98 21.02 20.88 17.23 11.24 8.25 6.20 4.67 2.56 1.31 0.66 0.44 0.44 0.00 0.00
14.45 13.72 14.89 14.67 14.89 14.67 15.77 17.59 19.56 21.46 21.61 24.53 20.66 16.94 14.75 16.72 19.27 21.75 21.75 23.58 23.94 23.43 22.92 24.87 25.49 19.67 18.66 17.99 18.40 19.05 17.89 14.82 12.70 9.86 5.99 4.38 2.92 3.07 3.87 2.85 1.90 1.24 0.51 0.51 0.00 0.00 0.00 0.00 0.00 2.19 3.94 4.96 6.28 7.81 7.37 6.20 5.99 5.62 7.59 12.19 14.53 14.16 13.07 13.43 13.29 14.82 18.25 19.35 19.35 18.98 18.10 17.89 16.94 14.53 10.59 8.61 6.28 5.04 4.23 2.56 0.80 0.00 0.00 0.00
17.08 15.55 15.77 16.13 16.50 16.50 16.28 15.91 15.62 16.50 14.82 18.76 16.57 10.29 11.97 15.77 17.89 20.81 20.81 22.70 21.46 20.53 21.82 23.71 23.15 22.16 22.32 20.79 19.87 19.37 18.40 17.81 17.59 15.91 11.02 9.93 9.13 6.94 5.99 4.09 3.07 1.02 0.00 0.00 0.00 0.00 0.00 0.00 0.00 0.00 3.50 3.94 3.21 3.65 4.96 4.38 4.53 5.84 8.47 13.21 17.52 18.40 17.52 17.59 15.84 15.91 18.69 20.73 20.73 20.51 18.98 17.16 15.11 13.80 12.78 11.24 9.86 7.74 6.64 4.74 2.92 2.77 1.46 1.61
15.70 15.77 16.28 16.35 16.13 16.57 14.82 14.09 12.48 10.15 7.59 5.18 7.15 4.89 9.86 13.58 16.86 20.22 20.22 20.79 17.92 15.64 17.23 18.47 20.90 21.53 23.03 23.88 22.18 19.84 18.49 18.54 18.61 17.30 16.28 16.43 14.09 9.42 7.08 4.96 2.04 0.22 0.44 0.44 0.00 0.00 0.00 0.00 0.00 0.00 0.00 0.00 0.00 0.00 0.00 4.53 4.89 6.28 9.20 14.67 20.66 22.92 23.51 23.51 21.75 18.91 19.42 20.81 20.81 19.93 18.54 16.21 14.38 14.09 13.94 13.80 12.26 11.53 9.78 7.37 5.69 5.04 4.16 4.74
15.70 15.77 16.28 16.35 16.13 16.57 14.82 14.09 12.48 10.15 7.59 5.18 7.15 4.89 9.86 13.58 16.86 20.22 20.32 21.47 18.19 16.74 16.80 18.94 20.59 21.53 22.34 22.19 20.72 20.14 18.68 19.31 20.92 18.31 16.70 16.43 14.09 9.42 7.08 4.96 2.04 0.22 0.44 0.44 0.00 0.00 0.00 0.00 0.00 0.00 0.00 0.00 0.00 0.00 0.00 4.53 4.89 6.28 9.20 14.67 20.66 22.92 23.51 23.51 21.75 18.91 19.42 20.81 20.81 19.93 18.54 16.21 14.38 14.09 13.94 13.80 12.26 11.53 9.78 7.37 5.69 5.04 4.16 4.74
11.75 16.13 15.70 15.62 15.11 16.06 14.38 14.24 15.40 13.29 8.69 6.13 3.72 4.67 14.16 17.96 20.73 23.00 23.00 19.93 16.64 12.85 10.20 9.19 12.95 14.89 16.37 17.24 16.50 17.83 19.17 20.27 21.22 20.75 18.66 18.91 16.74 13.21 10.59 7.01 4.16 1.90 0.95 0.95 0.07 0.00 0.00 0.00 0.00 0.00 0.00 0.00 0.00 0.00 0.00 3.94 5.62 6.42 8.18 12.48 16.06 20.00 23.36 25.33 25.19 23.29 20.66 19.93 19.93 19.20 17.01 16.35 15.18 14.53 15.18 14.60 13.07 12.56 11.97 9.20 6.20 4.60 3.94 2.56
11.17 11.97 15.62 15.33 16.21 15.04 12.99 12.92 14.09 14.09 13.72 11.53 8.61 11.75 12.19 19.05 22.05 20.66 20.66 19.00 15.48 9.76 6.64 6.42 7.63 9.19 9.71 11.20 13.63 16.81 21.53 22.85 20.81 21.94 21.37 20.44 17.86 15.99 14.24 13.51 13.14 8.47 3.58 3.58 1.02 0.29 0.00 0.15 0.51 0.00 1.61 1.90 0.00 0.00 0.00 2.56 4.31 4.96 5.62 7.08 7.74 12.34 16.86 21.90 24.09 23.65 21.02 20.08 20.08 19.64 17.37 16.57 16.79 17.45 17.59 16.50 13.80 13.21 12.92 11.61 10.37 8.69 8.03 6.06
10.51 11.53 15.48 17.96 17.16 14.53 12.19 11.32 13.51 13.58 12.92 11.90 11.24 9.86 12.41 15.11 16.35 15.62 15.62 14.53 11.61 9.64 8.61 8.61 7.88 7.81 8.83 10.40 13.98 18.60 22.27 23.65 23.80 24.67 26.82 25.81 24.31 19.35 19.13 20.88 19.56 14.75 7.59 7.59 2.99 0.73 0.44 0.07 0.00 0.37 0.00 0.00 0.00 0.00 0.00 0.00 0.00 3.65 5.33 5.26 5.48 6.79 12.63 19.20 22.63 21.68 19.93 19.27 19.27 17.67 16.13 15.62 16.06 16.43 17.59 19.42 18.10 16.57 15.11 14.67 13.94 14.53 13.43 12.70
0.00 0.00 0.00 18.40 20.08 17.23 14.75 12.70 10.37 10.07 11.39 11.83 10.22 9.71 10.88 12.41 12.34 10.37 10.37 9.13 10.29 13.29 16.06 16.79 13.80 10.37 9.64 10.34 13.65 17.45 18.98 20.81 21.53 26.28 29.35 29.57 27.94 26.93 24.66 23.37 23.29 20.81 14.24 14.24 9.13 5.33 3.43 1.53 1.02 0.88 1.17 0.00 0.00 0.00 0.00 0.00 0.00 2.48 5.91 6.94 5.26 4.38 7.59 12.78 15.70 17.23 16.50 17.16 17.16 17.16 15.91 15.84 15.62 16.28 18.54 21.61 23.80 23.80 21.97 18.47 14.45 13.87 13.07 12.05
0.00 0.00 0.00 0.00 21.97 0.00 0.00 0.00 0.00 0.00 9.78 11.02 11.61 11.83 11.75 14.16 13.94 5.33 5.33 7.81 10.44 14.89 20.08 21.83 19.71 16.28 11.68 10.54 11.68 12.48 13.72 13.65 13.43 18.54 24.38 25.84 25.04 28.54 29.27 27.70 26.34 24.45 20.95 20.95 16.35 13.80 9.86 6.28 4.53 3.14 2.56 1.10 0.00 0.00 0.00 0.00 0.37 1.46 4.31 7.96 6.64 3.21 3.14 4.74 7.52 8.18 10.00 10.59 10.59 11.97 13.07 15.26 15.55 14.09 15.62 19.64 21.46 21.68 22.19 19.27 16.28 13.80 10.73 8.47
0.00 12.19 14.09 15.33 18.91 0.00 0.00 0.00 0.00 5.77 4.96 6.86 10.29 11.24 9.42 5.84 6.64 2.99 2.99 6.35 10.00 14.82 17.96 19.78 19.42 18.18 13.72 12.99 11.78 10.82 9.61 9.17 8.28 9.78 12.99 13.65 15.91 21.97 26.86 27.08 26.55 26.50 26.13 26.13 24.02 22.34 19.93 19.42 12.41 7.59 5.26 2.48 0.00 0.00 0.00 0.00 0.00 0.00 0.00 4.23 8.18 5.11 2.41 0.00 3.36 3.36 2.99 4.82 4.82 5.55 7.15 7.88 9.27 8.18 8.18 10.15 13.14 17.01 18.91 19.42 16.64 13.51 9.56 6.79
0.00 12.19 14.09 15.33 18.91 0.00 0.00 0.00 0.00 5.77 4.96 6.86 10.29 11.24 9.42 5.84 6.64 3.01 2.99 6.35 10.00 14.82 17.96 19.78 19.42 18.18 13.72 12.99 11.61 10.44 9.27 9.13 8.03 9.78 13.06 13.72 15.91 21.86 27.14 27.08 26.28 26.50 26.13 26.13 24.02 22.34 19.93 19.42 12.41 7.59 5.26 2.48 0.00 0.00 0.00 0.00 0.00 0.00 0.00 4.23 8.18 5.11 2.41 0.00 3.36 3.36 2.99 4.82 4.82 5.55 7.15 7.88 9.27 8.18 8.18 10.15 13.14 17.01 18.91 19.42 16.64 13.51 9.56 6.79
14.89 14.60 15.04 15.04 14.89 0.00 0.00 0.00 11.41 8.91 7.45 9.13 11.32 10.15 5.26 2.63 1.75 0.00 0.00 2.92 7.15 11.97 13.51 15.26 17.01 16.57 12.85 10.66 7.52 7.30 5.62 3.58 3.72 3.87 5.69 6.06 7.52 13.36 19.96 21.39 19.49 20.37 23.87 23.87 26.13 26.72 25.77 23.36 21.24 17.81 14.16 7.88 4.23 0.00 0.00 0.00 0.00 0.00 0.00 0.00 4.53 6.13 4.60 3.29 0.00 2.04 1.90 0.00 0.00 1.61 1.31 1.68 2.19 1.97 0.00 4.31 7.37 10.95 15.26 16.79 17.16 15.26 12.12 8.83
