Wansh/Snow_depth/snowdepth-1988/spring/1988106.txt
ncols 321
nrows 161
xllcenter 60
yllcenter 15 
cellsize  0.25 
NODATA_value -1
[rows 0 to 36 of 161, columns 84 to 167 of 321]
7.15 7.74 7.37 5.99 2.56 0.00 0.00 0.29 2.77 8.69 12.12 12.99 11.75 6.72 4.02 1.68 1.90 3.43 3.43 3.58 4.89 5.26 8.61 11.97 12.56 10.95 10.22 9.42 8.61 7.23 6.50 6.57 6.42 4.16 0.73 0.00 0.00 0.00 0.00 1.17 2.92 5.99 7.23 7.23 6.50 5.84 5.69 5.48 5.33 6.13 7.23 7.30 7.37 6.28 4.89 4.16 3.58 4.02 6.86 7.15 7.15 7.15 2.99 2.26 1.17 2.34 2.70 4.09 4.09 7.52 7.08 6.86 8.40 6.50 6.57 8.03 10.22 10.51 9.05 8.18 8.40 9.05 9.13 8.54
3.21 5.40 5.84 4.16 1.31 0.00 0.00 0.00 0.00 4.16 9.56 16.35 17.30 15.99 12.05 8.32 3.87 1.39 1.39 0.00 0.00 0.80 3.87 8.98 11.46 12.92 12.12 11.90 12.63 11.90 8.69 7.30 5.91 3.50 1.39 0.00 0.00 0.00 0.00 0.00 2.85 6.72 8.69 8.69 9.64 8.61 7.15 5.84 4.74 3.94 4.02 5.11 5.62 6.13 6.57 6.20 7.01 8.18 5.55 4.23 5.04 4.89 5.18 5.18 4.67 5.26 4.89 5.99 5.99 7.59 7.66 6.94 8.18 4.09 2.70 4.09 4.96 4.23 3.14 2.99 5.11 6.72 6.86 4.96
1.46 2.19 4.16 5.40 5.91 4.45 3.36 2.34 1.17 1.75 7.01 11.83 16.35 17.74 17.67 15.70 11.02 9.20 9.20 5.69 2.92 1.61 1.17 2.92 7.23 9.20 11.02 11.53 13.43 14.16 13.43 10.29 7.66 7.23 7.15 4.31 1.97 0.15 0.00 0.00 0.00 0.00 0.00 0.00 0.00 1.61 4.16 6.28 6.20 6.20 6.35 5.69 5.69 6.57 8.03 10.15 10.80 11.97 12.48 9.64 9.05 8.03 8.69 8.18 7.96 7.96 8.76 9.49 9.49 9.86 9.34 7.88 4.53 7.15 5.11 2.77 2.34 1.24 0.95 1.61 2.26 2.70 0.80 0.58
1.46 2.19 4.16 5.40 5.91 4.45 3.36 2.34 1.17 1.75 7.01 11.83 16.35 17.74 17.67 15.70 11.02 9.20 9.20 5.69 2.92 1.61 1.17 2.92 7.23 9.20 11.02 11.53 13.43 14.16 13.43 10.29 7.66 7.23 7.15 4.31 1.97 0.15 0.00 0.00 0.00 0.00 0.00 0.00 0.00 1.61 4.16 6.28 6.20 6.20 6.35 5.69 5.69 6.57 8.03 10.15 10.80 11.97 12.48 9.64 9.05 8.03 8.69 8.18 7.96 7.96 8.76 9.49 9.49 9.86 9.34 7.88 4.53 7.15 5.11 2.77 2.34 1.24 0.95 1.61 2.26 2.70 0.80 0.58
0.00 0.00 1.68 5.62 7.01 6.72 5.99 4.96 3.14 2.04 3.36 5.48 8.69 10.07 12.56 12.56 12.85 11.68 11.68 10.73 9.71 8.91 5.18 2.99 1.90 4.67 6.50 8.61 11.24 12.78 13.72 12.41 11.39 10.80 10.29 9.56 5.91 1.46 0.00 0.00 0.00 0.00 0.00 0.00 0.00 0.00 0.00 1.75 4.82 6.64 6.28 5.91 5.84 5.91 5.84 5.84 8.25 10.29 10.95 12.70 7.52 9.56 9.71 10.07 10.66 10.95 11.32 10.22 10.22 10.07 8.91 6.79 5.69 5.62 8.03 6.86 4.53 5.18 5.69 6.94 7.15 3.72 1.83 0.73
0.00 0.00 0.00 0.00 0.51 1.10 1.17 1.46 1.46 0.95 0.00 0.66 3.14 6.94 8.18 6.72 5.55 7.23 7.23 9.42 11.02 11.39 11.24 9.27 7.01 6.64 6.79 8.03 9.05 10.37 11.17 11.46 11.75 11.46 11.61 9.56 7.01 3.14 0.00 0.00 0.00 0.00 0.00 0.00 0.00 0.00 0.00 0.00 3.50 6.20 7.52 7.59 7.45 6.64 7.45 7.59 7.23 7.74 8.40 12.85 7.52 8.76 10.73 11.32 14.16 13.80 13.43 12.05 12.05 9.34 8.25 7.08 7.01 7.15 7.15 9.05 8.32 8.03 8.03 7.74 8.18 6.94 4.60 1.31
0.00 0.00 0.00 0.00 0.00 0.00 0.00 0.00 0.00 0.00 0.00 0.58 3.29 6.13 8.03 6.79 2.99 1.68 1.68 2.48 3.87 9.20 13.21 13.14 12.70 11.83 10.73 9.86 10.44 10.80 11.17 11.39 11.53 10.88 9.93 8.61 5.40 3.43 1.24 0.00 0.00 0.00 0.00 0.00 0.00 0.00 0.58 2.77 4.16 5.55 6.64 7.23 7.52 7.23 7.66 8.25 8.83 10.59 11.68 12.70 12.34 8.61 11.17 12.78 13.72 15.70 15.77 13.94 13.94 12.41 11.17 10.59 10.37 10.44 10.29 9.78 11.02 10.51 9.34 8.54 8.47 8.18 7.08 4.53
0.00 0.00 0.00 0.00 0.00 0.00 0.00 0.00 0.00 0.00 0.00 0.58 3.29 6.13 8.03 6.79 2.99 1.68 1.68 2.48 3.87 9.20 13.21 13.14 12.70 11.83 10.73 9.86 10.44 10.80 11.17 11.39 11.53 10.88 9.93 8.61 5.40 3.43 1.24 0.00 0.00 0.00 0.00 0.00 0.00 0.00 0.58 2.77 4.16 5.55 6.64 7.23 7.52 7.23 7.66 8.25 8.83 10.59 11.68 12.70 12.34 8.61 11.17 12.78 13.72 15.70 15.77 13.94 13.94 12.41 11.17 10.59 10.37 10.44 10.29 9.78 11.02 10.51 9.34 8.54 8.47 8.18 7.08 4.53
0.00 0.00 0.00 0.00 0.00 0.00 0.00 0.00 0.00 0.00 0.00 0.00 2.77 5.33 5.33 4.16 3.07 2.19 2.19 2.85 4.89 8.18 12.70 14.53 14.38 13.43 12.63 12.12 12.05 11.46 10.95 10.37 9.93 9.78 8.91 5.91 4.53 4.23 4.67 3.72 2.41 1.83 1.68 1.68 2.56 2.99 3.65 4.23 5.84 7.74 8.40 8.54 7.52 6.72 6.42 7.01 7.81 8.40 9.64 11.32 14.31 7.23 8.54 9.56 10.44 12.26 14.38 11.39 11.39 10.29 9.86 10.15 11.32 12.41 11.53 11.32 11.75 12.48 12.70 12.12 11.10 9.64 8.83 7.52
0.00 0.00 0.00 0.00 0.00 0.00 0.00 0.00 0.00 0.00 0.00 0.00 1.10 2.70 1.68 0.58 0.00 0.22 0.22 2.77 5.84 10.44 12.26 12.05 11.02 11.17 11.61 11.61 10.51 9.71 9.05 8.47 8.69 8.98 8.61 7.23 5.91 6.06 6.64 6.06 5.40 5.11 5.04 5.04 5.69 5.55 6.28 7.30 7.59 7.81 9.78 11.61 11.90 10.37 8.76 8.32 9.34 9.86 9.49 9.86 12.12 12.19 7.74 8.69 9.20 9.71 11.39 8.25 8.25 8.32 8.98 9.34 12.26 13.43 13.29 12.26 13.65 14.45 15.33 17.67 14.45 10.51 8.98 7.96
0.00 0.00 0.00 0.00 0.00 0.00 0.00 0.00 0.00 0.00 0.00 0.00 0.00 0.00 0.07 0.00 0.00 0.00 0.00 2.26 5.33 7.81 9.78 10.44 10.37 9.71 9.20 9.56 9.20 8.25 7.01 6.50 6.57 7.01 8.18 8.61 8.03 7.81 7.52 8.25 8.76 9.34 8.54 8.54 8.03 6.79 5.04 5.04 5.69 5.69 6.28 7.52 8.61 11.24 11.17 12.41 14.31 13.94 11.17 9.93 8.40 10.22 0.00 0.00 7.52 7.45 10.51 9.56 9.56 10.29 11.24 12.48 13.80 15.40 16.06 17.16 17.23 18.25 18.91 17.89 18.10 12.85 11.97 10.29
0.00 0.00 0.00 0.00 0.00 0.00 0.00 0.00 0.00 0.00 0.00 0.00 0.00 0.00 0.07 0.00 0.00 0.00 0.00 2.26 5.33 7.81 9.78 10.44 10.37 9.71 9.20 9.56 9.20 8.25 7.01 6.50 6.57 7.01 8.18 8.61 8.03 7.81 7.52 8.25 8.76 9.34 8.54 8.54 8.03 6.79 5.04 5.04 5.69 5.69 6.28 7.52 8.61 11.24 11.17 12.41 14.31 13.94 11.17 9.93 8.40 10.22 0.00 0.00 7.52 7.45 10.51 9.56 9.56 10.29 11.24 12.48 13.80 15.40 16.06 17.16 17.23 18.25 18.91 17.89 18.10 12.85 11.97 10.29
0.00 0.00 0.00 0.00 0.00 0.00 0.00 0.00 0.00 0.00 0.00 0.00 0.00 1.83 2.85 4.74 3.87 3.87 3.87 2.70 4.38 7.30 8.69 9.78 9.34 8.25 7.66 8.03 8.18 8.61 8.47 8.69 8.91 8.83 10.37 11.17 11.61 11.90 11.39 10.37 9.78 9.34 8.10 8.10 7.52 7.23 8.40 7.23 6.28 4.96 3.94 2.48 2.26 3.50 6.50 11.17 14.97 17.67 17.81 16.28 13.72 10.29 7.96 8.54 8.98 8.18 7.96 9.93 9.93 9.05 12.85 14.02 15.62 17.37 18.47 20.88 21.02 19.64 18.47 18.03 17.45 16.64 13.58 12.34
0.00 0.00 0.00 0.00 0.00 0.00 0.00 0.00 0.00 1.17 3.07 4.67 5.40 6.86 10.07 10.88 10.73 8.83 8.83 7.37 7.01 8.10 8.61 8.03 8.10 7.08 5.91 6.94 9.64 11.90 13.14 13.72 14.38 14.82 14.53 13.58 12.34 10.80 9.86 8.25 7.88 6.28 4.82 4.82 4.31 3.65 4.38 5.62 5.62 3.87 2.34 1.39 0.29 0.15 0.29 1.39 4.60 7.96 10.88 11.68 13.36 12.70 8.61 9.13 10.29 10.51 11.32 11.32 11.32 10.59 15.18 16.50 17.81 18.40 17.08 16.94 17.37 15.70 13.58 12.92 12.78 15.91 14.97 9.56
0.00 0.00 0.00 0.07 2.85 4.38 0.00 0.00 4.74 4.38 5.04 7.30 8.91 10.37 10.44 10.80 11.61 11.39 11.39 9.71 8.03 8.54 10.29 11.53 9.78 9.13 7.66 9.13 12.92 14.89 16.94 17.96 16.28 15.18 13.87 10.59 7.08 5.18 3.94 3.58 3.14 2.63 3.58 3.58 3.94 3.87 3.21 3.29 2.85 1.31 0.80 0.22 0.15 0.00 0.00 0.00 1.31 2.99 4.23 5.77 6.72 8.32 12.92 6.42 7.59 9.71 11.53 11.68 11.68 13.21 13.14 15.84 15.84 14.16 7.59 9.05 12.34 11.90 10.29 9.93 9.86 9.20 10.66 10.80
0.00 0.00 0.00 0.00 4.45 6.86 7.23 7.15 7.81 8.18 9.78 10.15 11.32 12.26 11.61 10.29 12.19 12.34 12.34 11.61 10.66 9.13 10.59 12.41 13.94 13.43 11.61 10.95 12.12 14.97 18.10 19.13 18.47 15.70 12.05 8.54 5.33 3.50 3.80 4.38 4.67 5.55 4.89 4.89 6.35 7.59 7.08 7.01 6.94 6.50 6.28 6.57 6.35 6.06 4.23 1.97 2.26 2.70 4.96 5.55 6.28 7.37 8.76 4.23 4.45 7.30 10.59 12.63 12.63 13.65 15.55 14.75 13.14 8.76 5.04 9.20 14.02 12.05 9.49 9.71 8.03 7.01 5.69 8.69
0.00 0.00 0.00 0.00 4.45 6.86 7.23 7.15 7.81 8.18 9.78 10.15 11.32 12.26 11.61 10.29 12.19 12.34 12.34 11.61 10.66 9.13 10.59 12.41 13.94 13.43 11.61 10.95 12.12 14.97 18.10 19.13 18.47 15.70 12.05 8.54 5.33 3.50 3.80 4.38 4.67 5.55 4.89 4.89 6.35 7.59 7.08 7.01 6.94 6.50 6.28 6.57 6.35 6.06 4.23 1.97 2.26 2.70 4.96 5.55 6.28 7.37 8.76 4.23 4.45 7.30 10.59 12.63 12.63 13.65 15.55 14.75 13.14 8.76 5.04 9.20 14.02 12.05 9.49 9.71 8.03 7.01 5.69 8.69
0.00 0.00 0.00 2.41 7.30 11.83 12.34 10.73 9.86 10.44 12.48 13.80 15.77 17.52 15.48 14.16 14.53 15.77 15.77 12.48 11.10 8.54 7.88 9.86 13.21 14.45 14.24 12.48 12.85 15.62 17.30 19.05 19.56 17.67 13.80 9.93 6.94 6.50 6.86 8.32 8.91 7.30 4.60 4.60 2.92 3.58 3.50 2.19 2.99 2.34 2.92 3.58 5.48 7.52 8.18 8.32 7.74 6.57 6.79 8.18 10.22 10.80 8.54 7.30 6.72 7.81 10.00 11.75 11.75 15.84 18.54 18.32 14.97 7.52 8.32 11.90 14.38 9.13 6.28 6.13 3.50 1.68 0.00 0.00
0.95 0.73 1.17 3.65 8.83 15.91 18.32 16.35 13.29 13.43 16.06 17.01 18.10 20.15 19.78 17.59 17.96 17.45 17.45 14.89 12.26 10.44 8.10 8.18 11.02 14.09 14.75 13.58 13.36 14.31 17.01 19.13 19.49 18.25 16.50 12.78 9.42 7.23 5.26 4.74 4.96 3.58 1.97 1.97 0.58 0.00 0.00 0.00 0.00 0.00 0.00 0.00 0.00 0.00 0.00 1.10 3.87 7.23 10.15 13.51 15.55 15.77 14.82 10.22 13.36 12.34 11.97 15.04 15.04 19.93 20.29 17.74 14.45 12.92 8.61 9.93 6.42 3.72 2.48 0.00 0.00 0.00 0.00 0.00
0.00 0.00 0.88 2.99 5.99 9.20 14.16 15.18 15.70 17.59 20.66 20.95 21.39 20.66 20.00 18.83 17.08 15.99 15.99 15.77 14.45 12.85 11.02 9.86 10.88 13.94 14.24 13.72 11.75 10.00 9.78 10.59 14.16 15.11 12.26 7.81 6.06 4.45 3.80 3.65 3.58 2.41 1.24 1.24 0.00 0.00 0.00 0.00 0.00 0.00 0.00 0.00 0.00 0.00 0.00 0.00 0.00 2.56 6.72 11.90 17.37 19.56 18.61 12.85 17.67 16.28 17.45 20.95 20.95 19.93 15.11 7.74 5.62 3.50 5.69 1.90 0.00 1.17 1.31 0.00 0.00 0.00 0.00 0.00
0.00 0.51 1.68 3.87 4.02 4.16 5.91 10.07 14.60 18.54 21.83 23.43 24.45 24.24 24.31 21.68 19.71 19.05 19.05 18.54 18.54 16.94 15.62 14.53 15.48 17.81 18.47 15.99 13.51 9.20 5.77 4.09 5.99 10.07 10.07 6.20 2.48 1.53 0.00 4.67 5.26 4.23 2.04 2.04 0.29 1.02 0.00 0.00 1.83 1.68 0.00 0.00 0.00 0.00 0.00 0.66 1.17 1.10 2.04 4.67 8.32 11.83 14.75 17.45 19.64 20.00 20.51 19.64 19.64 14.45 7.59 1.39 0.00 0.00 0.00 0.00 0.00 0.00 0.00 0.00 0.00 0.00 0.00 0.00
0.00 0.44 2.12 3.72 5.55 6.57 8.25 12.48 15.84 15.62 14.53 16.13 20.88 25.40 26.13 24.38 23.07 22.34 22.34 21.24 20.59 20.73 20.37 20.37 20.00 21.02 22.56 20.95 18.25 14.09 9.56 5.69 4.23 4.60 5.55 3.87 1.46 0.37 0.00 0.00 5.84 5.18 1.97 1.97 0.00 0.00 0.00 0.00 0.00 0.00 0.37 0.66 1.02 1.53 2.41 3.21 2.77 2.34 2.04 2.26 3.07 2.92 5.55 15.99 15.48 18.47 17.59 16.06 16.06 12.48 9.56 6.86 4.38 0.00 0.00 0.00 0.00 0.00 0.00 0.00 0.00 0.00 0.00 0.00
0.00 0.44 2.12 3.72 5.55 6.57 8.25 12.48 15.84 15.62 14.53 16.13 20.88 25.40 26.13 24.38 23.07 22.34 22.34 21.24 20.59 20.73 20.37 20.37 20.00 21.02 22.56 20.95 18.25 14.09 9.56 5.69 4.23 4.60 5.55 3.87 1.46 0.37 0.00 0.00 5.84 5.18 1.97 1.97 0.00 0.00 0.00 0.00 0.00 0.00 0.37 0.66 1.02 1.53 2.41 3.21 2.77 2.34 2.04 2.26 3.07 2.92 5.55 15.99 15.48 18.47 17.59 16.06 16.06 12.48 9.56 6.86 4.38 0.00 0.00 0.00 0.00 0.00 0.00 0.00 0.00 0.00 0.00 0.00
0.00 0.29 1.53 3.50 6.50 8.98 13.36 18.83 19.49 15.55 11.32 11.02 13.58 17.59 21.17 22.34 22.48 21.32 21.32 20.44 20.08 20.73 22.41 23.36 21.46 19.93 19.49 18.40 17.59 15.55 12.34 8.54 5.11 2.77 2.04 1.39 0.80 1.02 0.00 1.10 2.12 2.85 1.83 1.83 0.00 0.00 0.00 0.00 0.00 0.00 0.00 0.00 0.00 2.19 2.26 3.50 4.45 3.65 3.58 3.50 4.16 6.64 8.47 10.73 13.14 19.20 18.10 13.07 13.07 12.34 16.35 16.13 10.00 6.57 3.80 0.00 0.00 0.00 0.00 0.00 0.00 0.00 0.00 0.00
0.29 2.41 4.16 6.64 8.32 10.66 12.41 16.28 15.04 10.22 7.01 7.08 9.78 12.56 15.11 18.69 22.78 24.09 24.09 24.60 24.67 25.99 28.32 26.67 22.96 23.15 19.91 18.69 17.52 17.01 14.02 10.07 5.91 3.43 1.83 1.17 0.80 0.44 1.75 2.26 1.31 1.10 0.00 0.00 0.00 0.00 0.00 0.00 0.00 0.00 0.00 0.00 0.00 0.00 0.00 0.00 0.00 0.00 3.87 6.57 7.96 7.88 10.73 14.16 17.52 20.22 18.47 15.26 15.26 18.03 21.68 19.78 14.38 9.20 4.89 2.92 1.68 0.00 0.00 0.00 0.00 0.00 0.00 0.00
2.12 5.04 6.28 7.15 7.30 6.35 3.87 4.31 2.77 0.80 1.53 2.85 4.60 6.28 9.49 15.26 20.95 23.80 23.80 23.87 24.75 26.06 27.08 31.29 32.14 25.25 24.98 22.35 20.37 19.20 17.52 14.16 10.07 8.47 4.89 3.21 2.92 2.77 2.56 2.04 1.24 0.66 0.00 0.00 0.00 0.00 0.00 0.00 0.00 0.00 0.00 0.00 0.00 0.00 0.00 0.00 0.00 0.00 3.58 6.64 10.15 10.59 10.80 11.39 18.32 17.23 16.86 20.08 20.08 20.51 19.78 15.91 12.19 8.47 6.06 4.74 4.45 3.29 0.00 0.00 0.00 0.00 0.00 0.00
1.61 3.87 4.74 4.53 2.63 0.80 0.00 0.00 0.00 0.00 0.00 0.00 0.00 0.00 1.02 5.55 10.66 10.66 10.66 10.07 9.34 11.41 15.13 20.85 22.85 25.57 28.20 25.96 24.23 21.68 19.93 19.35 17.96 14.09 10.80 8.54 6.57 4.74 3.50 2.70 2.04 1.10 0.00 0.00 0.00 0.00 0.00 0.00 0.00 0.00 0.00 0.00 0.00 0.00 0.00 0.00 0.00 0.00 0.00 7.01 12.56 14.02 14.24 12.12 11.61 16.35 18.98 22.41 22.41 21.61 19.93 16.50 12.48 10.73 9.34 8.83 7.81 5.84 3.29 0.00 0.00 0.00 0.00 0.00
0.51 1.83 2.70 2.41 0.66 0.00 0.00 0.00 0.00 0.15 0.00 2.63 2.70 1.39 0.00 0.00 0.58 0.66 0.66 0.00 0.00 0.00 0.00 4.53 8.60 13.07 21.52 23.88 22.10 22.56 22.74 21.17 20.73 19.27 16.86 14.82 11.75 7.01 4.53 3.36 1.31 0.66 0.51 0.51 0.00 0.00 0.00 0.00 0.00 0.00 0.00 0.00 0.00 0.00 0.00 0.00 0.00 0.00 3.87 7.23 14.67 19.42 20.22 21.39 18.61 15.26 16.72 22.34 22.34 21.17 18.61 16.13 12.78 11.46 12.48 13.43 10.15 6.50 4.82 1.97 0.00 0.00 0.00 0.00
0.51 1.83 2.70 2.41 0.66 0.00 0.00 0.00 0.00 0.15 0.00 2.63 2.70 1.39 0.00 0.00 0.58 0.66 0.66 0.00 0.00 0.00 0.00 4.64 8.47 13.07 20.88 22.19 20.65 22.91 22.97 22.05 23.29 20.39 17.30 14.82 11.75 7.01 4.53 3.36 1.31 0.66 0.51 0.51 0.00 0.00 0.00 0.00 0.00 0.00 0.00 0.00 0.00 0.00 0.00 0.00 0.00 0.00 3.87 7.23 14.67 19.42 20.22 21.39 18.61 15.26 16.72 22.34 22.34 21.17 18.61 16.13 12.78 11.46 12.48 13.43 10.15 6.50 4.82 1.97 0.00 0.00 0.00 0.00
1.53 2.99 2.92 2.99 1.02 0.00 0.00 0.00 0.00 0.00 0.00 1.02 2.19 1.68 0.00 0.00 0.22 0.00 0.00 0.00 0.00 0.00 0.00 0.00 0.00 0.00 6.64 9.02 8.61 14.16 18.80 22.47 25.04 25.02 22.28 20.80 15.56 10.80 7.52 5.26 2.99 2.04 1.83 1.83 1.17 0.29 0.73 1.53 0.00 0.00 0.00 0.00 0.00 0.00 0.00 0.00 0.00 0.00 0.00 0.00 6.06 13.21 16.13 20.15 22.27 18.54 21.46 21.68 21.68 18.69 15.70 14.02 13.43 13.07 14.67 14.09 11.39 8.03 6.64 5.55 3.94 0.00 0.00 0.00
2.56 5.33 6.72 5.84 4.38 3.72 1.97 1.97 1.75 2.41 1.17 0.00 0.29 1.10 0.80 2.26 4.31 4.96 4.96 2.27 0.51 0.00 0.00 0.00 0.00 0.00 0.00 0.00 0.00 0.81 4.74 11.90 19.42 25.97 27.89 25.41 20.23 17.24 14.82 12.70 11.02 5.99 2.85 2.85 1.61 0.58 0.00 0.29 1.10 0.00 0.00 0.00 0.00 0.00 0.00 0.00 0.00 0.00 0.00 0.00 0.00 5.48 9.49 17.89 20.81 20.59 20.73 18.18 18.18 18.98 15.99 15.33 14.38 14.60 14.97 13.65 11.90 10.07 8.61 7.59 3.21 1.97 0.00 0.00
0.00 1.17 2.85 2.34 4.23 4.82 6.13 6.64 8.10 7.37 5.04 2.48 2.12 3.36 4.67 6.86 8.76 7.59 7.59 3.80 1.90 0.58 0.37 0.00 0.00 0.00 0.00 0.00 0.00 0.00 0.00 1.53 8.76 18.18 25.82 27.47 27.68 21.53 19.05 19.27 18.40 13.94 7.30 7.30 2.85 1.83 1.02 0.00 0.07 0.29 0.00 0.00 0.00 0.00 0.00 0.00 0.00 0.00 0.00 0.00 0.00 3.50 9.78 15.84 20.59 20.37 17.67 20.66 20.66 19.13 15.55 12.26 11.46 10.15 10.59 13.65 15.84 15.55 13.58 11.17 10.73 4.89 6.94 0.00
0.00 0.00 0.00 0.00 0.00 0.00 3.21 4.45 3.87 5.33 4.31 3.07 3.87 6.79 8.25 7.59 6.42 3.87 3.87 2.04 1.75 0.88 0.00 0.00 0.00 0.00 0.00 0.00 0.00 0.00 0.00 0.00 0.00 3.50 12.12 22.63 27.79 26.48 23.84 21.90 20.88 17.37 12.41 12.41 7.30 5.55 3.43 1.68 1.17 0.37 0.22 0.00 0.00 0.00 0.00 0.00 0.00 0.00 3.50 0.00 0.00 0.00 2.48 8.61 13.87 15.77 16.57 16.72 16.72 14.38 16.13 9.05 9.56 8.32 9.27 15.84 17.37 17.81 18.54 16.21 15.04 11.90 11.10 5.33
0.00 0.00 0.00 0.00 0.00 0.00 0.00 0.00 0.00 0.00 0.00 0.15 3.65 7.59 7.66 5.55 3.29 0.00 0.00 0.00 0.00 0.00 0.00 0.00 0.00 0.00 0.00 0.00 0.00 0.00 0.00 0.00 0.00 0.00 0.00 5.26 13.07 19.13 21.86 22.99 21.64 19.86 18.10 18.10 15.04 11.32 8.47 5.40 2.70 2.26 2.12 0.00 0.00 0.00 0.00 0.00 0.00 0.00 3.07 5.11 3.72 0.00 0.00 0.00 3.43 3.43 9.71 10.44 10.44 7.96 8.98 6.28 9.64 7.96 8.98 12.99 16.43 17.30 17.81 14.09 14.31 12.70 11.83 9.71
0.00 0.00 0.00 0.00 0.00 0.00 0.00 0.00 0.00 0.00 0.00 0.29 3.80 5.48 3.21 1.61 0.00 0.00 0.00 0.00 0.00 0.00 0.00 0.00 0.00 0.00 0.00 0.00 0.00 0.00 0.00 0.00 0.00 0.00 0.00 0.00 2.41 4.72 6.86 11.61 16.00 13.43 15.62 15.62 17.67 17.96 17.08 15.48 10.15 6.50 3.43 0.00 0.00 0.00 0.00 0.00 0.00 0.00 0.00 0.00 4.23 2.99 1.75 0.00 0.00 0.00 0.00 3.72 3.72 2.41 3.07 2.99 4.16 2.77 3.29 6.94 8.32 8.18 7.88 8.47 9.34 10.37 8.76 8.18
0.00 0.00 0.00 0.00 0.00 0.00 0.00 0.00 0.00 0.00 0.00 0.29 3.80 5.48 3.21 1.61 0.00 0.00 0.00 0.00 0.00 0.00 0.00 0.00 0.00 0.00 0.00 0.00 0.00 0.00 0.00 0.00 0.00 0.00 0.00 0.00 2.41 4.70 6.93 11.61 15.84 13.43 15.62 15.62 17.67 17.96 17.08 15.48 10.15 6.50 3.43 0.00 0.00 0.00 0.00 0.00 0.00 0.00 0.00 0.00 4.23 2.99 1.75 0.00 0.00 0.00 0.00 3.72 3.72 2.41 3.07 2.99 4.16 2.77 3.29 6.94 8.32 8.18 7.88 8.47 9.34 10.37 8.76 8.18
0.00 2.12 2.19 0.00 0.00 0.00 0.00 6.30 3.78 1.68 0.00 1.31 3.43 1.90 0.15 0.00 0.00 0.00 0.00 0.00 0.00 0.00 0.00 0.00 0.00 0.00 0.00 0.00 0.00 0.00 0.00 0.00 0.00 0.00 0.00 0.00 0.00 0.44 0.51 0.00 3.87 4.02 4.89 4.89 8.91 9.27 11.75 13.51 14.24 14.31 10.73 5.40 3.21 0.00 0.00 0.00 0.00 0.00 0.00 0.00 0.00 2.92 2.56 1.90 0.00 0.00 0.00 0.00 0.00 0.00 0.00 0.00 0.00 0.00 0.00 0.00 0.00 0.00 0.00 0.00 3.07 4.60 5.11 4.38
