Wansh/Snow_depth/snowdepth-1988/spring/1988081.txt
ncols 321
nrows 161
xllcenter 60
yllcenter 15 
cellsize  0.25 
NODATA_value -1
[rows 0 to 36 of 161, columns 84 to 167 of 321]
20.95 20.73 19.93 19.35 18.03 17.45 15.48 13.80 13.14 12.78 13.21 13.80 14.89 15.84 18.10 18.10 18.40 18.61 18.61 16.94 16.21 14.31 12.26 7.59 4.16 1.39 0.15 0.00 0.00 0.88 2.92 4.82 8.83 10.15 9.64 8.47 7.37 7.37 7.45 7.52 8.32 8.10 7.01 7.01 5.55 3.65 3.50 3.58 4.31 5.48 6.64 9.27 8.10 9.05 9.42 13.72 14.02 13.07 5.77 6.28 8.18 8.10 5.18 3.94 1.02 1.17 1.68 3.72 3.72 5.62 7.37 9.34 12.48 13.72 12.78 12.78 13.14 14.67 17.67 19.27 18.40 16.79 14.60 13.65
20.29 19.56 18.61 18.18 17.59 17.16 17.08 17.16 17.59 17.67 15.62 14.89 12.85 10.80 9.86 10.88 13.07 15.33 15.33 15.18 15.04 14.09 13.43 11.10 7.45 4.74 0.73 0.00 0.00 0.00 0.80 3.80 6.06 7.59 5.99 4.38 3.80 3.87 4.45 6.64 9.86 11.90 12.70 12.70 12.34 10.00 6.42 3.50 2.48 2.92 3.07 3.58 5.04 4.89 5.62 7.01 7.59 8.32 8.40 8.61 9.20 8.61 9.13 8.98 9.49 10.22 11.10 4.16 4.16 8.54 10.37 11.32 12.26 12.99 14.24 15.77 17.59 18.47 20.66 20.15 19.35 19.05 19.20 17.74
19.56 18.25 17.08 15.55 15.04 16.21 16.79 18.47 19.64 19.71 18.32 16.13 14.75 12.34 10.15 7.23 5.91 7.08 7.08 9.71 12.05 11.83 11.75 10.88 9.64 5.48 3.72 1.75 1.10 0.88 1.46 2.26 4.23 7.59 9.42 9.93 8.47 8.32 7.15 6.13 5.18 6.79 9.49 9.49 12.56 14.53 14.45 11.02 6.72 3.58 2.34 2.34 2.19 3.07 3.94 5.84 7.96 8.25 9.71 10.44 10.44 11.39 11.68 10.73 10.29 11.02 12.19 13.29 13.29 10.59 14.31 12.92 12.12 12.70 14.45 17.01 20.29 21.83 21.68 20.73 20.37 21.17 22.27 22.34
19.56 18.25 17.08 15.55 15.04 16.21 16.79 18.47 19.64 19.71 18.32 16.13 14.75 12.34 10.15 7.23 5.91 7.08 7.08 9.71 12.05 11.83 11.75 10.88 9.64 5.48 3.72 1.75 1.10 0.88 1.46 2.26 4.23 7.59 9.42 9.93 8.47 8.32 7.15 6.13 5.18 6.79 9.49 9.49 12.56 14.53 14.45 11.02 6.72 3.58 2.34 2.34 2.19 3.07 3.94 5.84 7.96 8.25 9.71 10.44 10.44 11.39 11.68 10.73 10.29 11.02 12.19 13.29 13.29 10.59 14.31 12.92 12.12 12.70 14.45 17.01 20.29 21.83 21.68 20.73 20.37 21.17 22.27 22.34
18.76 18.18 17.16 15.77 15.18 14.38 14.16 13.80 13.80 15.91 16.13 16.43 15.40 13.21 10.88 10.44 8.25 5.84 5.84 4.60 5.11 6.72 8.10 9.71 10.07 8.83 5.99 4.60 3.07 1.24 1.46 2.34 4.60 6.64 10.22 11.68 10.51 9.64 8.32 5.77 3.14 1.97 3.14 3.14 5.77 9.20 12.92 14.89 13.07 9.13 6.50 4.45 3.80 3.36 2.77 3.29 6.79 4.60 6.64 9.20 10.73 12.05 12.48 12.63 13.07 15.04 15.11 15.26 15.26 14.60 15.18 13.72 13.58 13.58 13.58 14.53 16.13 18.91 18.69 17.67 18.10 19.05 20.81 21.17
21.17 21.24 20.37 19.49 18.25 15.62 13.65 11.10 10.29 10.22 11.61 12.34 12.19 12.19 12.19 12.63 12.48 11.97 11.97 10.15 7.81 6.13 5.11 5.99 8.91 8.69 7.01 4.96 3.65 3.36 2.19 2.56 4.16 5.84 7.30 7.81 7.30 4.89 2.04 0.00 0.00 0.00 3.58 3.58 5.40 6.86 10.80 12.56 12.12 9.71 6.72 4.74 3.72 3.36 3.29 3.50 4.74 5.84 4.16 8.54 9.86 11.53 14.16 16.43 16.79 16.72 16.21 15.40 15.40 14.09 13.51 13.72 13.94 13.43 12.70 12.05 11.97 12.48 11.83 12.70 14.38 17.45 19.64 20.66
19.93 19.64 18.76 17.23 17.45 17.01 15.40 14.02 11.53 10.59 9.93 9.56 9.42 10.59 11.83 12.48 12.34 13.43 13.43 13.29 13.58 11.17 8.91 6.42 6.06 6.94 5.91 5.11 3.50 3.07 2.70 2.77 3.43 5.62 6.28 6.13 4.67 2.63 1.10 0.00 0.95 2.77 5.48 5.48 7.74 10.15 10.29 11.53 11.61 8.61 6.50 3.36 2.48 2.99 3.80 4.82 6.35 7.45 10.29 7.88 11.17 14.45 16.13 17.30 18.03 18.54 16.79 15.91 15.91 14.82 13.87 13.94 13.65 15.77 15.40 14.97 14.24 13.43 12.34 11.83 11.83 13.21 15.33 17.96
19.93 19.64 18.76 17.23 17.45 17.01 15.40 14.02 11.53 10.59 9.93 9.56 9.42 10.59 11.83 12.48 12.34 13.43 13.43 13.29 13.58 11.17 8.91 6.42 6.06 6.94 5.91 5.11 3.50 3.07 2.70 2.77 3.43 5.62 6.28 6.13 4.67 2.63 1.10 0.00 0.95 2.77 5.48 5.48 7.74 10.15 10.29 11.53 11.61 8.61 6.50 3.36 2.48 2.99 3.80 4.82 6.35 7.45 10.29 7.88 11.17 14.45 16.13 17.30 18.03 18.54 16.79 15.91 15.91 14.82 13.87 13.94 13.65 15.77 15.40 14.97 14.24 13.43 12.34 11.83 11.83 13.21 15.33 17.96
16.64 16.13 15.33 14.16 13.72 12.56 10.95 10.07 8.69 9.42 9.27 8.83 7.45 7.23 10.29 12.19 13.80 14.31 14.31 15.26 14.45 14.82 12.26 8.69 6.13 5.48 4.16 3.94 3.94 4.67 4.38 3.58 3.94 6.06 7.59 6.86 4.96 2.92 1.83 2.04 2.77 4.02 4.96 4.96 5.18 5.91 6.94 7.01 5.91 6.50 5.62 6.42 5.77 5.11 5.40 5.77 6.64 9.42 10.29 11.53 10.15 12.92 14.53 15.11 14.82 16.43 16.64 15.26 15.26 14.82 14.45 14.75 14.82 15.99 15.77 15.55 15.84 15.84 16.21 13.65 13.29 12.92 12.19 12.99
13.21 12.05 10.88 10.00 9.78 8.54 7.66 7.37 7.37 7.15 8.10 8.98 8.98 8.54 11.46 15.84 17.01 17.01 17.01 17.30 17.08 15.18 12.26 8.54 5.84 4.53 4.82 4.60 3.65 3.43 3.43 3.14 3.87 6.20 8.61 8.40 7.81 7.45 6.50 5.26 4.38 3.65 3.50 3.50 4.96 5.84 5.55 5.62 7.45 8.03 8.98 10.51 11.39 11.17 11.02 10.29 10.29 9.34 12.26 12.05 11.97 11.17 12.99 13.58 13.14 14.60 14.60 14.24 14.24 14.60 14.82 15.40 15.70 16.50 15.77 17.37 18.61 20.81 21.83 19.71 17.01 14.24 12.92 11.83
11.46 10.37 9.56 8.61 7.81 7.37 7.23 7.15 7.01 7.15 7.81 8.61 9.71 11.68 13.72 17.74 20.51 21.75 21.75 21.32 19.42 16.35 10.88 7.30 5.69 4.96 3.58 3.21 4.02 3.80 3.07 3.14 3.65 3.94 6.06 8.18 8.91 8.18 7.37 7.52 7.30 7.15 7.23 7.23 7.01 6.13 7.08 8.76 10.07 10.95 11.90 12.05 11.97 11.68 11.97 12.56 12.78 12.99 11.24 14.24 13.72 14.60 13.80 13.14 13.07 13.94 14.16 14.75 14.75 16.21 16.79 16.94 17.16 19.05 20.37 19.49 23.87 25.26 25.26 22.78 18.69 16.43 14.97 13.58
11.46 10.37 9.56 8.61 7.81 7.37 7.23 7.15 7.01 7.15 7.81 8.61 9.71 11.68 13.72 17.74 20.51 21.75 21.75 21.32 19.42 16.35 10.88 7.30 5.69 4.96 3.58 3.21 4.02 3.80 3.07 3.14 3.65 3.94 6.06 8.18 8.91 8.18 7.37 7.52 7.30 7.15 7.23 7.23 7.01 6.13 7.08 8.76 10.07 10.95 11.90 12.05 11.97 11.68 11.97 12.56 12.78 12.99 11.24 14.24 13.72 14.60 13.80 13.14 13.07 13.94 14.16 14.75 14.75 16.21 16.79 16.94 17.16 19.05 20.37 19.49 23.87 25.26 25.26 22.78 18.69 16.43 14.97 13.58
8.47 9.34 9.05 8.76 8.40 7.81 7.08 7.59 7.59 7.74 8.40 9.86 11.90 14.24 16.79 18.32 20.37 21.17 21.17 20.15 18.10 15.99 12.63 8.03 6.57 6.13 5.55 5.11 5.33 4.96 5.99 7.08 6.86 7.30 7.88 9.27 11.90 11.90 11.32 10.44 10.59 10.51 9.20 9.20 9.56 10.07 10.37 10.22 12.92 13.36 13.80 15.26 15.84 15.55 14.38 14.89 16.06 17.81 13.58 16.79 15.77 14.75 13.87 13.80 13.87 13.65 13.87 14.16 14.16 16.13 17.96 18.76 18.54 20.37 21.68 23.87 23.87 27.08 25.26 23.14 21.10 19.64 16.94 14.97
9.34 9.64 9.13 8.10 7.30 6.57 7.23 7.74 8.91 10.00 10.44 11.53 13.58 17.08 18.03 18.03 18.10 18.83 18.83 17.89 16.57 13.87 11.10 9.71 8.98 7.59 6.79 7.37 8.69 10.88 12.34 13.51 14.45 14.60 15.84 14.31 13.65 13.80 13.94 12.92 12.78 12.41 12.99 12.99 12.63 13.43 14.89 16.21 14.89 15.33 14.31 12.63 12.85 13.07 15.33 17.30 17.74 16.06 16.43 15.77 14.02 13.87 14.60 15.33 15.33 16.21 15.84 14.89 14.89 16.50 17.96 19.13 19.71 21.83 21.90 22.41 21.53 24.67 18.32 17.16 17.30 18.03 15.84 14.89
9.64 9.56 7.88 7.23 6.86 6.57 7.01 8.40 9.64 11.02 12.56 12.85 13.21 14.89 15.55 16.79 17.30 16.72 16.72 15.70 13.94 12.78 12.63 12.05 11.17 10.59 10.44 10.80 13.07 15.26 17.30 18.32 18.18 17.52 16.57 15.11 13.07 12.92 13.43 15.04 16.06 16.94 17.30 17.30 17.01 16.57 16.94 18.03 18.54 18.61 18.61 18.18 18.18 17.81 19.93 21.02 21.46 20.15 15.40 11.39 11.17 11.02 11.68 12.12 13.36 15.55 15.11 15.99 15.99 16.64 17.30 19.42 19.71 18.54 17.16 18.54 18.32 13.80 18.25 8.18 13.51 19.93 18.54 17.74
8.32 9.13 8.18 8.03 8.40 8.40 6.86 6.86 8.18 8.25 8.98 10.51 11.68 12.34 12.78 12.92 14.82 16.50 16.50 15.62 14.53 12.85 11.90 12.56 13.36 13.51 12.56 12.34 13.14 15.84 18.18 18.98 18.98 17.30 15.04 13.21 11.61 11.90 13.87 16.06 17.23 18.10 16.94 16.94 15.91 15.33 14.75 14.38 15.26 15.99 16.50 16.28 16.50 18.18 19.86 20.37 19.42 16.79 12.26 9.34 10.51 11.02 11.46 10.88 10.59 12.99 12.70 16.79 16.79 17.52 18.10 18.98 18.03 17.81 17.89 20.88 19.56 12.48 0.00 5.55 16.06 18.40 16.50 17.59
8.32 9.13 8.18 8.03 8.40 8.40 6.86 6.86 8.18 8.25 8.98 10.51 11.68 12.34 12.78 12.92 14.82 16.50 16.50 15.62 14.53 12.85 11.90 12.56 13.36 13.51 12.56 12.34 13.14 15.84 18.18 18.98 18.98 17.30 15.04 13.21 11.61 11.90 13.87 16.06 17.23 18.10 16.94 16.94 15.91 15.33 14.75 14.38 15.26 15.99 16.50 16.28 16.50 18.18 19.86 20.37 19.42 16.79 12.26 9.34 10.51 11.02 11.46 10.88 10.59 12.99 12.70 16.79 16.79 17.52 18.10 18.98 18.03 17.81 17.89 20.88 19.56 12.48 0.00 5.55 16.06 18.40 16.50 17.59
9.93 10.51 10.59 11.32 10.66 10.88 8.76 5.99 6.13 6.50 7.81 9.20 11.02 13.36 14.60 14.31 15.48 16.21 16.21 14.75 12.12 11.53 10.73 10.44 11.90 14.24 15.04 15.55 15.04 16.35 17.81 18.98 19.78 18.69 15.48 12.12 11.46 11.83 12.41 14.24 14.53 13.80 12.78 12.78 13.94 14.97 16.43 17.01 16.35 15.77 16.28 16.06 15.26 15.62 15.70 15.99 14.67 13.07 11.75 9.56 13.51 15.18 15.77 13.65 13.07 14.38 17.23 15.77 15.77 18.83 20.29 20.66 20.15 20.22 21.17 22.05 18.98 9.56 5.91 0.00 7.45 11.75 10.88 12.05
12.34 12.63 12.34 13.58 14.16 12.99 9.78 9.05 7.88 7.37 10.00 10.88 11.10 13.94 15.77 15.70 15.84 16.43 16.43 16.28 14.97 12.78 10.22 9.56 10.73 14.31 16.72 17.89 17.01 17.16 18.18 20.00 20.66 19.71 18.32 14.97 11.02 8.83 7.59 7.88 8.98 10.22 11.53 11.53 13.72 17.52 20.15 20.88 20.51 18.98 17.45 18.10 17.16 15.84 14.24 14.09 14.60 14.75 15.33 13.72 14.02 20.37 20.44 19.56 18.61 18.61 18.76 17.08 17.08 18.69 24.02 22.48 21.17 21.02 18.54 18.03 16.86 14.02 12.34 11.39 8.32 9.42 9.20 9.13
13.36 13.21 13.43 14.09 14.02 13.80 13.65 12.05 11.61 11.75 12.63 12.63 12.41 12.41 12.85 12.56 12.85 14.02 14.02 15.62 16.13 15.11 13.29 12.26 12.56 14.53 15.04 15.77 15.04 12.63 12.92 16.06 18.54 17.30 14.53 10.95 7.74 6.06 4.74 4.67 5.77 9.93 14.24 14.24 16.94 20.08 21.83 21.83 22.19 23.80 24.31 23.58 21.68 19.78 17.96 16.57 14.31 15.18 16.57 19.13 20.15 22.78 23.51 23.29 22.78 21.97 22.19 24.16 24.16 21.46 19.86 15.48 13.07 12.05 12.26 13.87 14.16 14.67 13.51 12.34 9.78 9.13 8.69 9.64
13.65 14.24 14.60 14.89 14.82 15.99 16.35 17.89 17.74 16.94 17.96 17.81 17.59 16.64 15.18 14.24 12.85 12.99 12.99 13.72 14.60 15.11 14.89 14.60 16.28 17.59 18.32 16.94 14.24 9.71 6.79 7.23 10.66 12.56 11.39 7.30 2.48 0.00 3.65 6.20 7.23 6.79 10.88 10.88 14.75 17.96 20.29 19.93 19.56 20.66 25.55 28.84 29.42 27.38 23.21 20.08 15.84 13.36 12.63 14.38 22.19 20.00 20.66 22.92 23.58 23.36 23.73 23.80 23.80 20.29 21.75 7.45 5.11 4.16 4.67 4.38 6.20 8.03 8.98 8.54 7.88 8.47 8.61 8.83
13.51 14.24 14.82 14.67 15.11 14.45 14.89 17.23 19.49 21.02 22.34 23.00 24.02 24.97 23.80 20.59 17.81 17.45 17.45 15.48 16.43 17.45 17.16 17.74 18.83 20.81 22.12 21.32 19.35 16.79 12.05 8.25 7.81 8.54 7.45 5.04 1.46 0.00 0.00 3.65 7.74 7.37 4.89 4.89 4.53 5.04 5.69 7.15 8.10 9.34 10.59 13.87 17.52 23.80 22.92 22.05 18.25 14.60 12.05 11.02 18.54 15.18 17.16 18.83 21.02 22.34 22.48 21.32 21.32 18.10 14.09 14.82 6.72 5.04 4.02 2.85 2.70 4.60 4.82 3.94 3.87 5.77 5.11 7.08
13.51 14.24 14.82 14.67 15.11 14.45 14.89 17.23 19.49 21.02 22.34 23.00 24.02 24.97 23.80 20.59 17.81 17.45 17.45 15.48 16.43 17.45 17.16 17.74 18.83 20.81 22.12 21.32 19.35 16.79 12.05 8.25 7.81 8.54 7.45 5.04 1.46 0.00 0.00 3.65 7.74 7.37 4.89 4.89 4.53 5.04 5.69 7.15 8.10 9.34 10.59 13.87 17.52 23.80 22.92 22.05 18.25 14.60 12.05 11.02 18.54 15.18 17.16 18.83 21.02 22.34 22.48 21.32 21.32 18.10 14.09 14.82 6.72 5.04 4.02 2.85 2.70 4.60 4.82 3.94 3.87 5.77 5.11 7.08
13.72 13.58 13.72 13.80 14.53 14.24 14.16 16.50 19.27 21.32 23.36 23.87 23.94 23.87 25.04 24.09 22.41 20.88 20.88 19.13 18.61 19.56 20.29 19.78 19.56 20.29 20.59 20.37 19.49 16.64 13.07 10.22 7.15 4.60 3.58 2.56 1.46 0.66 0.00 0.88 2.34 3.58 2.26 2.26 0.00 0.00 0.00 0.00 0.00 0.00 4.09 4.45 5.62 9.13 11.46 10.66 11.39 12.26 12.41 11.90 13.51 14.67 14.75 17.45 20.22 21.61 20.00 18.25 18.25 18.83 19.35 18.91 16.13 9.93 8.40 5.69 4.74 4.53 3.36 1.97 1.90 3.50 3.14 2.63
14.38 13.87 14.97 15.26 14.97 15.04 16.94 19.13 21.83 23.65 23.43 22.27 21.75 20.15 20.81 21.53 21.24 21.68 21.68 21.39 21.61 21.68 22.19 21.08 18.86 19.76 17.11 17.37 18.47 17.96 14.75 11.97 7.52 3.87 1.75 1.24 1.68 2.19 1.61 2.26 2.19 1.68 0.00 0.00 0.00 0.00 0.00 0.00 0.00 0.00 2.41 2.85 3.07 3.29 4.23 5.77 6.35 7.45 7.96 11.46 10.15 14.75 15.40 17.08 18.61 19.71 18.76 18.18 18.18 20.95 23.43 22.48 22.85 20.08 11.97 7.15 4.82 4.67 3.94 3.50 3.80 3.50 3.07 3.07
16.28 16.35 16.86 17.67 16.72 16.43 18.40 19.86 21.46 22.70 22.34 20.08 17.96 15.26 13.87 17.74 21.53 23.43 23.43 23.80 23.65 24.09 24.31 25.41 25.66 19.44 19.21 17.69 17.74 18.40 18.40 16.21 12.78 8.10 4.74 3.80 3.29 3.21 2.85 2.41 1.46 0.58 0.51 0.51 0.80 0.00 0.00 0.00 0.00 1.61 2.34 3.07 3.43 3.50 4.02 4.96 6.86 6.94 7.88 10.95 15.99 15.99 15.26 15.26 15.11 15.18 16.57 20.29 20.29 23.36 23.80 23.36 20.29 19.56 12.12 9.27 9.64 8.69 6.79 6.20 5.18 2.85 2.63 3.50
16.57 16.57 16.72 17.52 17.01 15.84 15.84 15.70 15.26 13.29 11.83 11.83 11.39 10.37 10.88 15.11 19.56 21.75 21.75 22.05 19.05 21.12 23.25 24.53 23.75 22.47 22.87 21.09 20.09 19.81 18.32 17.96 17.45 14.16 11.10 9.56 6.86 5.84 4.16 2.48 1.39 0.29 0.00 0.00 0.00 0.00 0.00 0.00 0.00 0.00 1.31 1.02 2.34 3.72 4.96 5.69 6.64 7.01 8.61 11.83 24.16 17.16 17.59 19.27 17.08 15.62 18.98 23.65 23.65 24.60 23.36 21.68 19.56 16.79 17.16 14.53 13.58 11.32 8.47 8.25 5.91 3.58 4.67 5.48
16.13 15.70 15.70 16.35 15.62 15.18 14.45 14.09 12.26 10.07 6.57 3.80 2.41 4.96 9.56 14.02 17.01 19.20 19.20 18.96 14.16 13.12 14.90 16.72 21.34 22.19 24.08 26.98 26.36 22.78 20.62 19.56 19.27 18.54 17.16 16.35 13.80 9.34 6.72 4.45 1.75 0.37 0.07 0.07 0.00 0.00 0.00 0.00 0.00 0.00 0.00 0.00 0.00 0.00 0.00 4.60 6.06 7.37 15.11 15.11 21.75 24.60 19.71 25.19 24.31 23.51 23.58 25.33 25.33 23.36 21.32 18.91 17.08 15.91 16.50 15.40 14.45 12.12 11.61 12.12 9.42 7.08 7.59 7.37
16.13 15.70 15.70 16.35 15.62 15.18 14.45 14.09 12.26 10.07 6.57 3.80 2.41 4.96 9.56 14.02 17.01 19.20 19.30 19.57 14.38 14.04 14.53 17.15 21.02 22.19 23.36 25.07 24.63 23.14 20.83 20.38 21.65 19.62 17.59 16.35 13.80 9.34 6.72 4.45 1.75 0.37 0.07 0.07 0.00 0.00 0.00 0.00 0.00 0.00 0.00 0.00 0.00 0.00 0.00 4.60 6.06 7.37 15.11 15.11 21.75 24.60 19.71 25.19 24.31 23.51 23.58 25.33 25.33 23.36 21.32 18.91 17.08 15.91 16.50 15.40 14.45 12.12 11.61 12.12 9.42 7.08 7.59 7.37
15.70 15.04 15.26 15.11 14.24 13.65 13.07 14.53 15.70 14.31 11.61 8.61 5.69 7.23 13.21 17.96 20.37 20.15 20.15 17.37 13.21 8.83 6.90 8.08 12.73 14.16 16.52 22.01 28.11 29.93 26.77 25.27 23.94 21.69 19.12 19.52 16.89 12.78 9.05 6.79 4.74 2.34 0.73 0.73 0.00 0.00 0.00 0.00 1.61 0.00 0.00 0.00 0.00 0.00 0.00 2.99 5.33 7.08 9.93 12.70 16.57 22.48 27.16 24.45 28.18 27.81 24.45 23.00 23.00 21.61 18.91 17.23 16.79 17.08 17.81 15.91 17.23 15.18 15.18 14.09 9.27 7.74 7.01 5.84
16.94 17.23 16.94 17.81 15.26 12.99 11.83 13.87 16.21 16.28 15.33 13.36 10.95 9.56 13.29 17.96 20.73 19.93 19.93 15.48 11.10 7.12 4.38 3.72 5.50 7.19 7.52 10.67 19.07 28.32 32.41 31.61 29.13 26.05 24.31 22.41 18.82 16.87 16.06 13.94 10.59 5.84 2.19 2.19 0.66 0.00 0.80 1.31 2.04 1.61 0.00 2.41 0.00 0.00 0.00 2.56 3.43 4.74 6.35 8.18 10.51 14.24 25.99 20.51 28.98 27.01 23.73 22.48 22.48 22.63 19.49 18.40 17.96 18.18 18.32 18.40 17.74 15.55 16.06 13.29 11.02 10.00 9.27 9.42
20.08 22.85 24.53 25.92 22.05 16.50 15.55 17.81 20.37 19.64 16.57 13.65 10.00 9.71 10.29 13.43 15.55 13.65 13.65 11.97 9.86 9.49 8.47 5.84 4.31 5.55 7.74 11.80 16.61 22.67 27.67 32.12 33.22 31.83 30.89 28.00 25.75 19.64 19.56 21.02 20.29 13.21 6.94 6.94 3.29 0.58 0.51 0.15 0.00 1.02 0.00 0.00 2.34 0.00 0.00 1.17 2.92 5.55 6.06 6.57 6.64 10.51 16.57 21.75 23.58 24.45 22.70 22.05 22.05 20.29 18.18 16.50 15.77 16.43 17.67 18.98 20.29 17.67 17.52 16.94 16.79 16.35 15.77 15.26
23.43 27.38 29.78 30.81 25.99 22.27 21.24 21.83 23.21 23.51 21.83 20.00 17.08 14.31 12.19 11.68 9.86 8.32 8.32 7.88 9.78 13.58 15.48 14.89 9.93 8.40 8.76 12.03 15.33 18.54 21.53 24.67 28.84 31.90 32.49 32.19 31.13 28.52 25.33 23.52 23.43 19.64 11.39 11.39 7.30 3.58 2.12 1.17 0.73 0.73 0.80 0.00 1.97 0.00 0.00 0.00 2.12 5.69 7.30 8.40 6.94 8.25 10.51 21.97 20.37 21.10 17.81 19.35 19.35 18.32 14.75 14.97 16.72 16.86 17.96 20.88 23.14 21.32 21.75 21.61 19.35 18.25 16.86 15.40
20.66 23.65 25.62 27.81 25.40 21.97 19.56 15.48 15.41 15.84 18.47 21.97 20.15 15.99 12.63 8.61 6.72 6.06 6.06 7.88 11.02 17.08 22.70 23.21 18.69 13.87 11.68 10.40 10.29 11.97 12.63 12.26 14.38 19.05 23.58 25.62 28.11 31.54 31.20 29.35 27.29 24.45 17.81 17.81 16.94 11.17 6.20 4.82 2.92 3.07 2.04 0.00 2.48 1.90 1.68 1.75 0.88 2.34 6.72 9.27 7.37 5.26 5.55 12.92 9.20 12.48 11.53 13.80 13.80 11.39 12.56 15.11 16.21 15.33 15.40 19.05 21.61 23.58 24.89 21.46 19.20 16.50 15.18 12.41
19.13 18.25 20.15 22.92 22.41 23.43 22.48 17.08 11.23 8.25 10.37 16.06 16.21 11.46 7.23 4.31 0.00 2.41 2.41 6.13 9.71 14.09 18.61 21.24 22.27 18.54 14.38 12.26 9.19 6.35 4.77 3.52 3.01 5.33 8.47 11.24 20.15 23.96 30.88 29.93 29.05 28.62 27.81 27.81 25.33 23.36 25.99 26.86 20.59 14.45 7.45 2.92 0.00 0.00 0.00 0.00 0.00 0.00 0.00 6.94 9.27 7.01 4.60 6.06 6.79 6.79 7.88 7.74 7.74 7.23 8.47 10.00 11.24 9.20 9.93 12.05 13.65 15.91 18.54 20.73 19.13 16.43 13.36 11.17
19.13 18.25 20.15 22.92 22.41 23.43 22.48 17.08 10.95 8.25 10.37 16.06 16.21 11.46 7.23 4.31 0.00 2.42 2.41 6.13 9.71 14.09 18.61 21.24 22.27 18.54 14.38 12.26 9.05 6.13 4.60 3.50 2.92 5.33 8.51 11.30 20.15 23.84 31.19 29.93 28.76 28.62 27.81 27.81 25.33 23.36 25.99 26.86 20.59 14.45 7.45 2.92 0.00 0.00 0.00 0.00 0.00 0.00 0.00 6.94 9.27 7.01 4.60 6.06 6.79 6.79 7.88 7.74 7.74 7.23 8.47 10.00 11.24 9.20 9.93 12.05 13.65 15.91 18.54 20.73 19.13 16.43 13.36 11.17
22.41 18.76 18.25 17.37 18.69 23.65 26.50 23.49 17.12 11.61 12.63 14.53 12.05 7.08 2.99 0.00 0.00 0.00 0.00 1.68 4.74 6.28 8.76 10.73 12.99 9.56 10.22 8.03 5.18 2.04 0.00 0.00 0.00 0.80 2.99 4.89 8.91 15.40 19.00 18.76 19.64 20.88 26.65 26.65 28.47 29.93 24.31 25.99 26.50 22.19 14.67 6.57 3.87 0.00 0.00 0.00 0.00 0.00 0.00 3.65 6.06 7.37 5.91 5.62 4.31 4.02 5.99 4.96 4.96 2.92 3.14 4.45 3.94 3.29 3.72 4.53 6.79 10.37 13.65 15.84 17.81 15.99 14.75 12.63
