Wansh/Snow_depth/snowdepth-1988/spring/1988097.txt
ncols 321
nrows 161
xllcenter 60
yllcenter 15 
cellsize  0.25 
NODATA_value -1
[rows 0 to 36 of 161, columns 84 to 167 of 321]
24.89 23.36 22.41 22.27 22.41 23.36 18.32 14.45 12.12 13.72 16.86 18.10 19.78 22.12 22.05 22.19 22.27 22.85 22.85 22.56 22.19 20.88 15.04 8.40 2.85 0.73 0.00 0.00 0.00 0.15 2.19 5.40 7.45 8.03 7.59 8.40 12.63 1.10 3.21 5.99 8.47 8.69 6.86 6.86 0.00 0.00 0.00 0.00 0.00 5.84 5.48 5.48 7.15 8.54 8.61 9.93 9.93 8.10 0.00 0.00 0.00 0.00 0.00 0.00 0.00 0.00 0.00 0.00 0.00 0.00 0.00 0.00 8.69 0.00 0.00 0.00 0.00 0.00 0.00 0.00 0.00 0.00 0.00 0.00
23.58 22.70 22.05 22.19 23.87 24.75 24.89 23.94 21.17 17.81 17.59 16.50 15.33 13.87 12.70 14.09 16.94 21.90 21.90 21.68 18.83 19.42 18.83 14.53 8.47 3.29 0.00 0.00 0.00 0.00 1.46 3.72 5.18 3.87 1.53 0.00 0.00 0.00 0.00 3.72 7.52 10.07 10.51 10.51 9.71 6.28 4.31 0.00 0.00 0.00 1.24 2.70 3.36 3.58 4.02 4.82 5.11 5.40 5.99 4.89 4.38 4.74 0.00 0.00 0.00 0.00 0.00 4.89 4.89 6.64 7.66 7.88 8.91 10.15 9.20 9.13 11.17 11.39 12.99 12.56 11.17 12.34 12.78 12.92
23.43 22.70 21.53 20.51 21.17 22.78 24.53 26.94 26.86 25.55 23.29 22.12 20.15 16.50 14.24 11.46 9.78 10.66 10.66 13.29 13.87 11.68 12.70 14.45 11.68 6.94 3.87 1.39 0.00 0.07 0.95 1.90 3.43 5.84 5.55 4.67 3.14 0.66 3.36 2.63 4.31 6.28 8.47 8.47 10.00 11.97 10.80 7.59 3.94 2.41 0.00 0.95 1.75 2.34 3.43 3.65 5.04 6.20 7.15 8.10 8.25 7.59 7.96 6.72 7.30 8.03 8.03 9.78 9.78 10.44 10.29 9.71 9.86 9.49 10.95 13.29 15.26 16.57 17.74 16.86 16.86 17.52 18.32 18.32
23.43 22.70 21.53 20.51 21.17 22.78 24.53 26.94 26.86 25.55 23.29 22.12 20.15 16.50 14.24 11.46 9.78 10.66 10.66 13.29 13.87 11.68 12.70 14.45 11.68 6.94 3.87 1.39 0.00 0.07 0.95 1.90 3.43 5.84 5.55 4.67 3.14 0.66 3.36 2.63 4.31 6.28 8.47 8.47 10.00 11.97 10.80 7.59 3.94 2.41 0.00 0.95 1.75 2.34 3.43 3.65 5.04 6.20 7.15 8.10 8.25 7.59 7.96 6.72 7.30 8.03 8.03 9.78 9.78 10.44 10.29 9.71 9.86 9.49 10.95 13.29 15.26 16.57 17.74 16.86 16.86 17.52 18.32 18.32
21.61 20.00 19.56 18.98 18.25 18.32 19.35 19.93 22.05 25.84 26.43 25.26 24.09 23.14 21.46 16.43 12.63 9.27 9.27 6.94 6.94 9.13 8.91 9.20 9.78 8.76 5.84 3.58 2.26 1.46 1.46 1.83 3.80 5.77 7.74 8.76 8.47 5.62 9.27 1.97 0.00 0.00 0.00 0.00 0.00 3.87 9.20 10.59 9.78 6.50 2.12 3.94 2.41 2.77 2.12 1.97 2.70 3.14 4.31 6.57 8.76 9.86 10.29 10.15 9.71 10.88 12.41 13.07 13.07 12.26 11.53 10.95 10.44 10.22 10.44 11.97 13.07 14.82 15.11 15.18 14.45 15.84 16.28 16.86
24.09 23.36 22.34 22.70 22.34 18.32 16.43 16.57 16.43 17.37 18.76 23.14 24.89 26.57 26.65 25.55 22.63 17.67 17.67 13.29 9.78 7.08 7.01 8.91 9.13 7.74 6.13 4.74 2.77 2.04 1.31 1.53 2.04 4.38 6.20 6.64 4.38 1.17 1.39 0.00 0.00 0.00 0.00 0.00 0.00 1.68 4.96 7.88 8.61 8.18 3.14 3.21 3.43 2.85 2.12 1.61 2.04 3.50 4.96 5.62 7.52 9.42 11.53 13.80 14.82 12.85 13.29 11.68 11.68 11.02 9.78 10.44 10.44 10.66 10.73 10.59 8.91 8.40 8.76 8.83 10.22 11.75 14.09 15.91
27.23 25.70 25.70 25.70 24.82 24.53 23.07 21.53 20.08 18.10 15.11 14.67 18.32 22.05 23.73 24.16 22.41 20.37 20.37 19.71 18.47 15.04 10.15 7.81 7.23 6.86 5.04 3.87 3.36 3.21 3.36 2.99 3.36 4.38 4.67 4.31 2.70 0.37 0.00 0.00 0.00 0.00 0.00 0.00 2.77 6.13 8.98 11.32 11.39 8.25 6.28 3.07 3.43 2.92 2.70 3.58 4.16 5.18 7.01 8.18 9.42 11.39 13.21 14.82 15.70 15.84 15.18 12.85 12.85 12.26 11.83 12.41 12.12 12.12 12.26 11.83 11.02 10.88 10.00 8.83 7.74 8.91 11.53 12.99
27.23 25.70 25.70 25.70 24.82 24.53 23.07 21.53 20.08 18.10 15.11 14.67 18.32 22.05 23.73 24.16 22.41 20.37 20.37 19.71 18.47 15.04 10.15 7.81 7.23 6.86 5.04 3.87 3.36 3.21 3.36 2.99 3.36 4.38 4.67 4.31 2.70 0.37 0.00 0.00 0.00 0.00 0.00 0.00 2.77 6.13 8.98 11.32 11.39 8.25 6.28 3.07 3.43 2.92 2.70 3.58 4.16 5.18 7.01 8.18 9.42 11.39 13.21 14.82 15.70 15.84 15.18 12.85 12.85 12.26 11.83 12.41 12.12 12.12 12.26 11.83 11.02 10.88 10.00 8.83 7.74 8.91 11.53 12.99
28.40 27.74 26.65 25.92 26.35 26.21 24.67 20.08 17.23 14.75 13.72 12.26 12.63 15.04 19.78 22.63 22.34 21.02 21.02 20.95 20.73 20.66 15.77 10.29 7.15 5.84 4.96 4.38 4.02 3.94 3.50 3.36 4.23 5.40 5.18 4.38 2.34 0.51 0.00 0.00 0.00 0.73 2.26 2.26 3.80 5.40 6.28 7.01 5.99 5.40 5.04 2.92 5.91 5.91 5.33 2.41 4.60 6.42 7.15 8.69 10.07 11.24 12.19 12.78 13.58 14.16 15.55 15.40 15.40 12.34 12.26 11.53 12.05 12.34 12.56 12.92 12.92 13.21 12.41 11.75 10.44 8.47 8.69 10.07
29.05 28.76 27.01 25.11 23.21 20.22 16.50 13.65 11.32 10.66 10.95 11.39 11.75 13.58 16.64 18.76 22.19 23.87 23.87 22.12 20.51 19.13 15.77 11.75 8.47 5.26 4.82 4.38 4.23 4.02 3.58 3.50 3.87 4.89 5.77 6.28 5.62 4.82 4.09 4.45 3.72 2.99 3.72 3.72 3.94 3.80 4.09 4.23 5.04 5.55 6.86 6.79 10.51 10.66 10.29 10.29 6.06 8.40 9.71 9.27 9.71 10.51 11.68 12.41 12.56 13.58 13.58 12.85 12.85 12.78 11.46 11.90 12.56 13.87 14.02 14.09 16.35 17.67 18.98 17.74 14.67 11.32 9.20 7.96
24.60 24.82 22.05 18.83 15.70 12.05 8.83 6.20 6.13 6.35 7.66 8.76 12.34 16.72 18.91 19.20 21.46 23.21 23.21 23.58 22.34 17.74 11.97 8.03 6.42 5.33 4.53 3.80 2.99 2.85 2.41 2.85 3.29 3.43 5.04 5.62 6.20 5.55 5.77 4.16 7.30 6.57 6.42 6.42 5.91 5.26 5.77 6.94 7.15 8.25 9.27 8.91 9.42 12.56 11.90 12.12 12.63 9.86 12.12 11.97 12.19 12.19 12.85 12.63 12.19 13.21 12.70 12.85 12.85 14.16 12.63 13.72 14.75 15.77 17.67 19.20 21.46 22.92 22.92 21.24 17.89 14.24 12.34 10.80
24.60 24.82 22.05 18.83 15.70 12.05 8.83 6.20 6.13 6.35 7.66 8.76 12.34 16.72 18.91 19.20 21.46 23.21 23.21 23.58 22.34 17.74 11.97 8.03 6.42 5.33 4.53 3.80 2.99 2.85 2.41 2.85 3.29 3.43 5.04 5.62 6.20 5.55 5.77 4.16 7.30 6.57 6.42 6.42 5.91 5.26 5.77 6.94 7.15 8.25 9.27 8.91 9.42 12.56 11.90 12.12 12.63 9.86 12.12 11.97 12.19 12.19 12.85 12.63 12.19 13.21 12.70 12.85 12.85 14.16 12.63 13.72 14.75 15.77 17.67 19.20 21.46 22.92 22.92 21.24 17.89 14.24 12.34 10.80
19.49 18.40 14.24 10.59 6.35 4.02 2.99 2.85 2.41 3.87 5.11 6.28 8.40 13.21 17.89 20.81 22.41 21.75 21.75 20.08 17.81 17.16 13.72 8.69 6.50 5.55 4.67 4.31 3.87 4.23 3.07 3.58 5.18 4.89 6.72 8.25 8.32 8.54 8.03 5.91 10.73 7.88 7.88 7.88 7.52 7.30 8.25 7.96 7.81 8.47 8.18 8.47 9.34 10.44 9.56 11.32 15.26 17.45 14.09 15.04 14.60 13.65 12.19 12.05 12.70 13.72 12.41 12.78 12.78 14.31 16.35 14.38 16.21 17.37 21.02 23.07 24.75 24.97 22.92 21.68 19.27 16.64 14.02 13.21
17.67 14.16 9.42 6.28 3.29 0.00 1.97 1.68 3.50 6.35 7.45 8.61 10.44 14.67 17.37 17.81 16.64 16.13 16.13 15.18 13.07 11.61 9.86 8.18 6.86 5.69 4.31 6.06 6.57 8.76 11.17 11.39 11.24 11.61 13.21 13.21 12.78 11.68 11.24 10.15 9.86 8.47 7.45 7.45 7.45 7.37 7.59 8.03 7.81 7.15 6.13 3.50 7.15 13.65 17.74 18.47 21.97 19.64 16.64 15.70 12.63 12.41 13.29 14.67 14.97 14.89 13.14 13.21 13.21 14.38 17.37 18.83 17.67 20.15 20.81 22.19 21.97 21.10 18.10 16.64 16.86 15.91 13.80 11.97
14.45 12.12 9.56 7.81 7.96 7.52 5.84 5.04 4.89 5.77 8.10 9.49 10.00 11.61 14.09 14.60 14.67 13.51 13.51 12.63 10.80 9.78 10.37 9.93 8.47 7.37 7.81 9.71 11.90 13.36 16.06 16.94 17.08 16.43 14.82 12.34 9.71 8.32 7.37 6.06 8.25 6.50 7.45 7.45 7.23 7.66 7.88 7.52 8.18 8.69 7.88 6.13 6.57 0.88 17.74 19.49 22.41 19.64 9.34 5.33 12.05 9.93 10.73 11.97 11.90 13.80 14.60 14.97 14.97 16.21 17.16 18.54 19.93 18.61 17.23 17.45 18.10 13.58 7.52 5.99 10.95 16.13 15.18 14.16
12.05 10.07 9.71 11.02 13.87 12.19 9.05 7.96 7.01 7.45 7.88 8.98 9.71 8.98 8.76 11.24 12.85 12.85 12.85 11.53 10.80 10.00 10.29 11.97 12.41 11.53 10.29 10.29 13.14 15.48 16.94 18.54 17.67 15.40 13.36 8.98 7.15 6.42 6.79 9.13 7.45 9.42 10.59 10.59 10.95 11.10 10.88 10.15 9.78 10.29 10.07 9.64 11.39 9.34 16.35 18.47 20.29 17.74 12.12 7.08 6.06 7.96 8.47 9.42 9.27 11.90 14.31 16.13 16.13 16.79 17.37 18.47 17.89 16.94 17.23 18.91 19.27 11.24 3.65 4.02 14.38 15.70 13.87 14.89
12.05 10.07 9.71 11.02 13.87 12.19 9.05 7.96 7.01 7.45 7.88 8.98 9.71 8.98 8.76 11.24 12.85 12.85 12.85 11.53 10.80 10.00 10.29 11.97 12.41 11.53 10.29 10.29 13.14 15.48 16.94 18.54 17.67 15.40 13.36 8.98 7.15 6.42 6.79 9.13 7.45 9.42 10.59 10.59 10.95 11.10 10.88 10.15 9.78 10.29 10.07 9.64 11.39 9.34 16.35 18.47 20.29 17.74 12.12 7.08 6.06 7.96 8.47 9.42 9.27 11.90 14.31 16.13 16.13 16.79 17.37 18.47 17.89 16.94 17.23 18.91 19.27 11.24 3.65 4.02 14.38 15.70 13.87 14.89
15.99 15.04 14.82 17.37 18.32 17.23 12.99 8.76 7.74 8.25 8.54 9.34 11.83 12.78 11.53 11.39 11.90 12.85 12.85 11.32 9.49 9.05 8.54 9.20 11.61 13.29 13.72 13.21 11.90 13.58 16.06 17.59 17.52 16.50 13.80 10.80 9.49 9.20 10.15 11.68 12.34 12.19 11.39 11.39 12.05 13.43 14.89 14.31 15.11 13.65 12.63 13.43 13.94 15.48 17.30 17.74 16.79 14.24 11.24 9.71 9.71 12.05 9.78 12.78 10.15 12.63 14.67 16.06 16.06 17.74 19.20 20.15 19.20 18.76 20.95 17.81 17.74 9.93 5.18 7.59 11.24 9.13 7.66 9.71
20.22 19.64 20.81 23.21 26.06 26.06 19.78 16.35 11.97 10.51 11.61 11.39 12.85 14.97 16.43 16.50 16.06 15.11 15.11 14.16 12.99 9.64 7.74 7.81 9.93 12.99 14.53 15.77 16.21 16.43 16.86 19.49 19.71 19.42 17.23 12.92 10.59 8.98 8.61 8.10 8.18 10.07 9.78 9.78 15.77 20.59 26.28 28.47 24.89 20.88 19.35 17.59 18.03 18.98 18.18 16.35 16.57 14.82 12.19 13.72 15.48 17.67 16.35 17.30 15.99 16.79 16.86 19.27 19.27 21.53 22.34 22.27 20.66 18.10 17.81 18.76 19.05 10.59 9.71 8.61 6.20 5.69 5.69 5.48
21.90 22.34 22.41 23.65 25.19 27.89 27.59 22.27 15.70 14.24 14.67 14.38 14.16 14.16 14.45 13.58 13.21 15.26 15.26 15.62 14.53 12.78 11.53 9.93 10.88 13.14 13.94 13.51 12.99 12.05 14.09 16.57 17.37 15.77 14.67 11.17 8.10 4.82 4.31 4.38 5.99 9.78 12.41 12.41 18.47 27.16 32.05 35.48 34.75 31.39 31.46 28.47 26.72 25.11 20.37 23.07 17.37 12.78 6.35 9.42 14.16 21.46 22.85 22.41 20.29 19.56 20.22 23.00 23.00 24.09 21.24 14.24 11.68 11.46 10.44 11.17 14.38 12.78 12.56 8.47 6.94 7.08 5.91 5.91
22.63 22.78 22.85 23.43 22.85 23.94 25.11 23.58 21.17 19.78 20.29 20.59 20.44 19.27 16.72 14.02 13.58 13.43 13.43 14.45 15.40 15.11 14.02 13.21 14.97 15.91 15.70 14.24 11.90 8.83 6.64 7.59 11.24 13.21 10.73 5.55 2.41 3.29 4.23 5.48 6.57 13.80 12.56 12.56 17.59 21.90 27.45 29.78 30.59 32.27 33.14 33.00 31.68 28.40 22.92 26.28 23.94 20.59 16.72 15.62 16.94 19.78 18.61 16.43 24.24 23.29 23.58 23.58 23.58 20.59 13.21 5.40 3.65 4.31 3.58 4.45 4.96 8.10 5.91 5.55 5.62 5.48 5.33 5.99
20.44 21.24 20.08 21.46 20.15 18.03 18.25 20.29 21.53 22.63 24.24 26.13 27.81 27.74 25.40 22.12 19.86 18.10 18.10 17.96 17.67 19.42 18.76 18.69 19.42 20.08 22.12 20.22 16.64 12.85 9.34 7.88 7.30 7.37 6.79 4.67 1.53 0.73 0.00 5.69 7.74 7.15 10.88 10.88 5.40 6.64 8.61 11.02 11.32 14.16 17.52 20.88 21.24 27.45 25.19 22.19 21.17 17.08 14.09 12.41 14.82 16.50 18.25 19.86 21.61 23.00 22.12 21.10 21.10 18.18 14.16 9.42 4.89 2.85 1.53 0.95 1.75 3.07 2.26 2.48 2.63 3.87 3.50 2.41
20.44 21.24 20.08 21.46 20.15 18.03 18.25 20.29 21.53 22.63 24.24 26.13 27.81 27.74 25.40 22.12 19.86 18.10 18.10 17.96 17.67 19.42 18.76 18.69 19.42 20.08 22.12 20.22 16.64 12.85 9.34 7.88 7.30 7.37 6.79 4.67 1.53 0.73 0.00 5.69 7.74 7.15 10.88 10.88 5.40 6.64 8.61 11.02 11.32 14.16 17.52 20.88 21.24 27.45 25.19 22.19 21.17 17.08 14.09 12.41 14.82 16.50 18.25 19.86 21.61 23.00 22.12 21.10 21.10 18.18 14.16 9.42 4.89 2.85 1.53 0.95 1.75 3.07 2.26 2.48 2.63 3.87 3.50 2.41
18.03 16.64 15.48 16.13 17.08 17.08 17.89 21.10 24.31 25.48 26.35 29.20 30.15 29.42 29.13 26.57 24.09 21.83 21.83 20.00 18.91 19.05 19.49 19.93 20.88 21.17 20.66 20.08 18.54 15.62 12.63 9.27 5.91 4.45 4.31 2.19 1.17 1.61 0.88 1.83 2.34 3.21 3.14 3.14 1.17 0.00 0.00 0.00 0.00 4.38 3.80 4.45 6.64 7.30 10.37 20.00 7.23 6.50 8.54 13.07 13.07 16.64 16.50 18.83 21.17 21.53 21.75 19.49 19.49 18.61 20.00 18.98 13.43 7.52 7.01 4.38 3.29 3.14 0.66 2.04 0.51 1.24 1.61 0.44
17.01 15.26 14.16 14.89 16.21 17.67 21.10 25.26 28.76 30.73 31.03 29.35 26.72 24.75 23.51 23.87 24.24 23.58 23.58 21.83 21.68 22.63 22.70 20.86 19.00 20.57 18.58 18.32 17.37 15.40 12.34 9.49 5.62 2.63 1.46 0.73 0.22 0.88 1.46 0.73 0.80 0.73 0.00 0.00 0.00 0.00 0.00 0.00 0.00 0.00 0.00 0.00 0.00 0.00 0.00 7.52 4.31 4.89 6.57 11.83 15.40 16.79 16.35 18.83 19.93 20.29 22.48 19.49 19.49 20.66 24.16 23.58 20.22 15.77 10.15 5.99 3.80 2.77 2.56 1.83 1.46 0.44 0.00 0.00
17.96 17.89 17.23 17.16 16.72 18.54 22.78 27.16 31.10 32.56 30.22 25.19 20.00 16.86 18.54 21.02 24.38 26.13 26.13 26.21 25.48 24.75 25.92 26.65 26.52 21.97 20.92 18.74 18.40 18.98 17.08 13.51 9.05 5.55 3.14 2.04 2.56 2.34 2.56 2.41 1.31 0.95 0.00 0.00 0.44 0.00 0.00 0.00 0.00 0.00 0.00 0.00 0.00 0.00 0.00 1.31 1.75 4.60 6.28 11.53 15.40 17.37 16.43 16.13 16.13 15.84 18.25 19.35 19.35 22.56 23.51 22.27 20.08 17.23 11.90 7.96 7.52 4.82 4.74 4.31 1.97 1.17 0.00 0.00
19.13 18.10 17.89 17.08 15.70 14.97 15.70 18.91 23.21 25.48 23.87 19.86 14.89 9.93 10.15 15.11 20.66 22.19 22.19 22.12 22.63 22.97 25.89 27.24 26.25 23.68 23.72 21.83 21.15 19.22 18.32 18.03 15.99 11.75 9.93 6.94 4.67 4.67 3.14 2.48 1.83 0.00 0.00 0.00 0.00 0.00 0.00 0.00 0.00 0.00 0.00 0.00 0.00 0.00 0.00 0.00 2.48 4.38 6.28 12.05 17.67 19.56 16.86 18.91 17.74 15.18 17.89 23.36 23.36 22.05 23.00 21.46 19.56 17.37 14.67 13.51 11.53 9.34 7.01 7.01 4.74 3.87 1.10 1.46
18.83 17.74 17.96 18.83 16.57 13.29 12.05 10.51 11.68 13.65 14.97 13.43 10.22 8.91 8.25 9.20 14.09 16.79 16.79 13.99 11.58 12.82 16.63 19.93 23.72 24.24 27.17 28.33 26.52 22.64 21.35 21.39 21.46 18.54 16.35 13.36 10.15 7.30 4.89 3.94 1.53 0.95 0.00 0.00 0.00 0.00 0.00 0.00 0.00 0.00 0.00 0.00 0.00 0.00 0.00 0.00 3.21 4.23 7.08 12.78 18.47 22.41 24.45 25.33 22.92 21.24 22.27 22.85 22.85 21.97 24.31 19.49 16.43 14.82 15.40 16.57 15.48 10.73 10.15 10.29 6.57 4.53 2.56 4.09
18.83 17.74 17.96 18.83 16.57 13.29 12.05 10.51 11.68 13.65 14.97 13.43 10.22 8.91 8.25 9.20 14.09 16.79 16.87 14.44 11.75 13.73 16.21 20.44 23.36 24.24 26.35 26.32 24.78 22.99 21.57 22.28 24.11 19.62 16.77 13.36 10.15 7.30 4.89 3.94 1.53 0.95 0.00 0.00 0.00 0.00 0.00 0.00 0.00 0.00 0.00 0.00 0.00 0.00 0.00 0.00 3.21 4.23 7.08 12.78 18.47 22.41 24.45 25.33 22.92 21.24 22.27 22.85 22.85 21.97 24.31 19.49 16.43 14.82 15.40 16.57 15.48 10.73 10.15 10.29 6.57 4.53 2.56 4.09
18.32 17.52 16.50 17.23 16.64 15.40 13.72 13.72 13.43 12.63 11.24 10.07 9.20 9.42 13.14 16.57 17.81 16.50 16.50 12.56 6.50 3.94 4.04 7.19 9.51 10.54 18.07 25.90 30.00 29.79 26.55 21.48 23.09 22.71 20.09 18.46 14.45 10.22 6.64 5.04 3.58 1.31 1.31 1.31 0.00 0.58 0.00 0.00 0.00 0.00 0.00 0.00 0.00 0.00 0.00 0.00 4.96 2.92 4.45 8.54 15.40 18.91 21.83 25.70 27.16 25.40 22.63 22.19 22.19 21.46 22.70 17.16 15.40 15.26 16.79 17.08 15.48 12.99 12.92 11.75 8.54 5.48 4.16 3.50
16.57 16.79 16.72 15.77 14.60 13.07 13.21 16.86 19.71 17.81 14.82 11.90 10.51 9.93 12.78 17.96 21.17 20.59 20.59 16.07 8.32 3.96 0.00 0.00 0.00 0.00 0.00 11.04 20.56 29.35 32.78 28.40 23.94 22.99 21.86 21.07 18.23 14.31 14.31 11.68 7.30 3.72 1.53 1.53 1.39 0.00 0.66 0.51 1.53 0.00 0.00 0.00 0.00 0.00 0.00 0.00 0.00 0.00 0.00 5.18 7.52 9.86 15.91 23.00 27.89 25.92 22.12 21.83 21.83 21.17 17.89 19.13 16.72 17.16 17.89 17.23 15.99 14.97 14.02 12.41 9.56 8.10 7.30 4.09
15.04 19.13 20.15 18.76 17.30 15.33 14.67 16.28 18.54 18.10 14.60 10.51 8.10 7.01 9.42 14.09 16.43 14.45 14.45 12.34 8.98 4.53 2.19 0.80 0.00 0.00 0.00 2.36 9.89 22.21 27.89 29.05 28.25 26.13 25.20 22.95 22.30 19.13 18.98 19.20 16.64 10.37 5.91 5.91 2.48 0.07 0.37 0.51 0.22 0.51 0.00 0.00 0.00 0.00 0.00 0.00 0.00 0.00 4.60 5.26 5.18 6.50 11.90 21.68 23.80 22.19 22.05 21.17 21.17 19.56 16.86 15.04 17.30 15.84 15.99 16.86 17.37 16.86 16.64 15.77 15.18 14.89 13.72 12.34
10.73 15.70 15.55 14.38 11.75 12.63 14.09 14.09 14.82 14.82 12.78 10.00 10.95 11.53 10.15 10.37 10.15 7.23 7.23 6.06 7.59 7.88 5.48 2.70 0.00 0.00 0.00 3.59 11.17 17.16 21.39 25.26 27.30 26.72 26.86 27.81 27.27 23.00 22.05 20.72 19.27 15.70 10.00 10.00 5.40 1.53 1.75 1.24 1.39 1.24 0.58 0.00 0.00 0.00 0.00 0.00 2.56 3.58 6.79 7.88 7.52 6.35 9.05 14.09 15.48 16.86 16.35 17.52 17.52 16.06 14.97 15.84 15.26 15.84 16.06 19.78 21.83 22.48 22.12 20.15 18.32 16.72 15.55 14.60
4.67 7.15 7.01 6.35 4.96 4.89 5.11 3.50 2.73 5.40 5.69 6.86 9.78 11.83 9.86 6.64 4.60 3.07 3.07 1.68 1.02 2.56 3.14 2.12 0.07 0.00 0.00 0.00 3.43 6.28 10.59 10.15 12.05 15.04 18.54 20.81 26.06 27.74 26.68 24.71 22.38 19.71 15.91 15.91 12.85 4.60 6.50 4.31 2.19 2.04 1.83 1.10 0.80 0.00 0.00 0.00 1.24 7.37 5.33 8.03 8.83 8.03 6.28 6.13 7.66 8.54 10.88 11.75 11.75 11.17 12.34 14.53 15.77 16.79 16.43 19.78 22.19 23.36 23.94 21.02 17.37 15.91 14.31 12.70
3.50 4.82 6.28 6.20 7.66 11.97 10.07 6.20 0.60 0.00 0.07 3.29 7.01 7.96 4.23 1.61 0.00 0.00 0.00 0.00 0.00 0.00 0.00 0.00 0.00 0.00 0.00 0.00 0.00 0.00 0.00 0.00 0.00 0.00 2.85 5.55 10.73 16.59 24.45 23.94 23.01 21.75 21.02 21.02 20.66 18.03 17.96 14.75 11.02 6.86 3.94 2.56 0.00 0.00 0.00 0.00 0.00 4.96 0.00 3.21 6.06 9.20 6.94 5.40 6.20 5.91 5.91 6.79 6.79 6.13 7.81 9.34 9.93 8.10 12.56 12.19 15.18 18.10 18.76 19.35 17.89 15.77 13.80 11.97
3.50 4.82 6.28 6.20 7.66 11.97 10.07 6.20 0.58 0.00 0.07 3.29 7.01 7.96 4.23 1.61 0.00 0.00 0.00 0.00 0.00 0.00 0.00 0.00 0.00 0.00 0.00 0.00 0.00 0.00 0.00 0.00 0.00 0.00 2.86 5.58 10.73 16.51 24.70 23.94 22.78 21.75 21.02 21.02 20.66 18.03 17.96 14.75 11.02 6.86 3.94 2.56 0.00 0.00 0.00 0.00 0.00 4.96 0.00 3.21 6.06 9.20 6.94 5.40 6.20 5.91 5.91 6.79 6.79 6.13 7.81 9.34 9.93 8.10 12.56 12.19 15.18 18.10 18.76 19.35 17.89 15.77 13.80 11.97
10.00 9.86 10.88 9.42 9.49 14.97 19.49 14.97 7.34 3.50 3.14 6.06 7.74 5.48 2.12 0.00 0.00 0.00 0.00 0.00 0.00 0.00 0.00 0.00 0.00 0.00 0.00 0.00 0.00 0.00 0.00 0.00 0.00 0.00 0.00 0.00 3.07 6.28 10.27 11.83 12.34 13.29 16.72 16.72 20.37 19.27 18.69 20.44 18.47 15.33 10.51 6.13 2.70 0.00 0.00 0.00 0.00 0.00 0.00 0.00 5.40 8.40 6.35 4.23 3.87 3.36 3.43 0.00 0.00 2.12 2.85 3.72 3.36 2.63 5.62 4.60 7.08 10.66 14.38 15.99 15.11 14.97 13.14 12.26
