Wansh/Snow_depth/snowdepth-1988/spring/1988070.txt
ncols 321
nrows 161
xllcenter 60
yllcenter 15 
cellsize  0.25 
NODATA_value -1
[rows 0 to 36 of 161, columns 0 to 83 of 321]
9.20 9.20 8.91 14.89 15.77 14.53 13.29 13.72 14.45 14.67 14.38 13.21 12.92 13.36 14.38 15.70 15.84 17.08 19.05 20.73 20.44 17.81 17.52 19.86 21.68 22.92 22.92 22.70 22.27 21.97 21.83 21.68 21.68 22.41 22.34 22.56 22.70 22.85 22.34 22.56 21.75 20.88 18.54 18.10 20.15 23.29 25.70 26.28 26.06 25.99 25.19 25.19 23.94 22.12 22.34 24.02 24.53 24.82 25.26 25.19 24.31 23.65 22.12 20.88 19.05 18.54 18.18 17.74 17.45 17.23 16.94 16.64 15.40 14.67 14.82 15.55 15.55 15.70 16.21 17.30 16.94 17.37 18.32 18.03
14.89 14.89 15.91 14.60 15.84 15.48 14.82 14.24 13.65 12.78 12.41 12.99 12.19 12.56 13.14 13.51 13.43 13.72 14.31 16.13 15.40 14.45 16.50 19.05 19.64 19.05 19.05 19.20 19.27 18.61 18.40 18.47 17.74 18.03 18.91 20.15 19.93 17.59 16.06 15.84 15.26 15.77 14.45 14.38 15.48 18.61 20.81 23.07 23.80 24.45 23.65 23.65 22.27 21.24 20.00 20.00 20.66 21.90 22.12 21.53 19.78 18.83 18.98 19.27 18.32 16.94 16.28 15.99 15.40 15.84 15.62 14.82 14.16 14.24 14.38 14.97 14.97 15.70 15.62 16.28 16.86 17.08 17.89 17.59
16.79 16.79 16.86 15.99 17.01 16.94 16.64 13.94 11.32 10.07 10.95 12.26 12.85 12.99 12.85 12.70 11.90 10.80 9.93 10.15 9.78 10.88 14.97 17.30 17.96 17.67 17.67 17.30 17.30 17.08 16.79 17.30 17.16 17.52 18.47 19.05 18.61 13.58 10.22 7.59 6.79 7.59 7.96 9.27 10.88 15.26 16.86 18.61 18.69 18.10 17.96 17.96 17.59 17.67 16.79 15.84 15.99 16.13 17.16 17.37 17.08 16.57 16.35 15.70 15.40 15.77 15.48 15.62 14.97 14.60 15.04 15.33 15.48 15.33 16.28 16.86 16.86 16.94 17.81 18.25 17.89 17.16 15.77 16.28
16.79 16.79 16.86 15.99 17.01 16.94 16.64 13.94 11.32 10.07 10.95 12.26 12.85 12.99 12.85 12.70 11.90 10.80 9.93 10.15 9.78 10.88 14.97 17.30 17.96 17.67 17.67 17.30 17.30 17.08 16.79 17.30 17.16 17.52 18.47 19.05 18.61 13.58 10.22 7.59 6.79 7.59 7.96 9.27 10.88 15.26 16.86 18.61 18.69 18.10 17.96 17.96 17.59 17.67 16.79 15.84 15.99 16.13 17.16 17.37 17.08 16.57 16.35 15.70 15.40 15.77 15.48 15.62 14.97 14.60 15.04 15.33 15.48 15.33 16.28 16.86 16.86 16.94 17.81 18.25 17.89 17.16 15.77 16.28
17.59 17.59 17.08 16.64 16.64 16.79 14.09 10.07 7.74 6.50 8.40 10.00 10.80 10.80 10.29 10.07 8.54 8.47 8.25 7.96 7.74 8.54 11.53 13.58 16.50 17.01 17.01 16.35 16.13 15.26 15.55 15.77 16.43 16.28 16.35 15.48 13.80 7.52 3.58 1.46 2.04 2.85 2.41 3.21 6.13 11.46 13.58 14.02 13.36 13.21 12.85 12.85 12.34 12.78 13.14 13.07 13.14 13.51 13.21 13.14 13.72 14.09 14.53 14.97 14.97 14.82 15.48 15.26 14.89 15.62 16.72 17.16 17.23 18.10 18.76 18.54 18.54 18.47 18.98 18.54 17.52 16.50 16.13 15.55
16.43 16.43 15.70 15.04 13.80 12.26 13.07 7.45 4.89 3.94 5.26 6.13 6.35 6.42 6.13 5.77 6.20 7.30 8.61 8.83 6.50 5.26 6.64 10.44 13.87 14.24 14.24 14.16 13.07 12.70 13.51 14.82 15.33 15.55 15.26 13.14 11.39 6.35 3.07 0.66 1.61 2.92 2.26 1.53 3.58 7.08 11.10 10.66 9.78 9.42 9.71 9.71 8.91 8.61 9.56 10.37 11.10 11.39 12.26 12.26 12.41 12.85 13.43 14.09 14.09 13.80 13.72 14.09 14.16 14.45 15.40 16.72 17.16 17.16 17.45 18.32 18.32 18.61 18.18 17.59 17.52 16.94 16.06 16.43
14.31 14.31 14.16 12.70 9.49 8.10 7.45 8.32 2.56 1.90 3.14 4.23 3.58 2.70 4.09 5.55 6.72 7.66 8.40 7.59 4.82 1.46 3.36 5.91 10.15 12.99 12.99 12.99 12.85 14.09 14.89 14.82 15.33 15.84 15.99 15.55 12.92 10.22 8.32 5.55 4.89 2.63 1.02 0.00 1.17 4.09 7.81 9.27 8.91 8.10 7.23 7.23 7.30 7.52 8.18 8.54 8.98 9.56 10.37 11.32 11.32 11.39 11.90 12.19 12.56 12.78 12.92 12.05 11.83 11.83 12.12 12.56 12.41 14.31 14.67 14.82 14.82 15.33 16.13 16.94 17.45 18.25 17.96 16.94
14.31 14.31 14.16 12.70 9.49 8.10 7.45 8.32 2.56 1.90 3.14 4.23 3.58 2.70 4.09 5.55 6.72 7.66 8.40 7.59 4.82 1.46 3.36 5.91 10.15 12.99 12.99 12.99 12.85 14.09 14.89 14.82 15.33 15.84 15.99 15.55 12.92 10.22 8.32 5.55 4.89 2.63 1.02 0.00 1.17 4.09 7.81 9.27 8.91 8.10 7.23 7.23 7.30 7.52 8.18 8.54 8.98 9.56 10.37 11.32 11.32 11.39 11.90 12.19 12.56 12.78 12.92 12.05 11.83 11.83 12.12 12.56 12.41 14.31 14.67 14.82 14.82 15.33 16.13 16.94 17.45 18.25 17.96 16.94
13.51 13.51 12.05 8.83 6.57 5.04 3.07 2.99 3.50 1.24 3.36 3.58 2.92 2.99 3.29 4.74 6.35 7.96 7.96 6.28 3.14 0.66 1.53 3.50 7.37 10.37 10.37 12.56 13.07 12.99 13.51 14.09 13.65 13.58 13.72 12.48 11.32 10.44 10.22 9.27 6.06 4.23 1.83 0.00 0.37 3.80 6.94 9.49 10.22 9.56 8.54 8.54 7.59 7.59 8.54 8.69 8.69 8.69 9.64 10.59 10.15 10.15 10.15 10.29 10.51 11.24 11.53 11.32 10.29 9.27 9.49 10.29 10.95 11.17 12.34 12.34 12.34 12.05 12.05 12.85 14.24 15.70 16.06 15.11
11.61 11.61 9.71 6.94 4.67 3.07 2.48 2.19 3.72 0.80 4.67 5.04 4.67 3.21 4.45 5.99 7.81 8.40 7.37 4.74 0.95 0.44 0.00 0.00 1.68 5.55 5.55 9.05 11.10 11.83 11.83 10.88 10.15 9.56 9.78 8.91 8.76 9.56 9.78 7.96 5.04 2.56 0.66 0.00 0.51 3.43 5.18 7.59 9.34 10.00 10.44 10.44 9.78 9.34 8.98 9.05 9.20 8.91 8.83 9.34 9.42 8.76 7.45 7.08 7.30 9.05 10.37 10.66 8.76 7.59 7.23 7.37 8.25 9.49 11.61 12.19 12.19 11.61 10.44 10.22 10.88 11.46 12.26 12.26
10.59 10.59 8.98 5.55 3.14 3.14 3.21 4.74 6.86 8.47 5.26 6.94 6.06 5.62 6.72 7.45 8.40 7.74 6.06 2.41 0.37 0.00 0.00 0.00 0.00 2.99 2.99 6.35 9.42 9.56 8.83 8.18 7.81 7.74 8.03 8.76 9.05 9.05 7.52 5.55 3.50 1.75 1.75 1.39 1.46 2.41 4.23 5.48 7.52 9.34 9.78 9.78 10.88 10.15 9.56 9.42 9.13 9.20 9.13 8.61 8.40 8.18 8.03 7.23 7.37 8.69 10.22 10.15 9.05 6.86 6.06 6.72 7.45 9.56 10.00 11.32 11.32 11.53 10.44 10.22 9.34 9.42 9.20 9.56
10.59 10.59 8.98 5.55 3.14 3.14 3.21 4.74 6.86 8.47 5.26 6.94 6.06 5.62 6.72 7.45 8.40 7.74 6.06 2.41 0.37 0.00 0.00 0.00 0.00 2.99 2.99 6.35 9.42 9.56 8.83 8.18 7.81 7.74 8.03 8.76 9.05 9.05 7.52 5.55 3.50 1.75 1.75 1.39 1.46 2.41 4.23 5.48 7.52 9.34 9.78 9.78 10.88 10.15 9.56 9.42 9.13 9.20 9.13 8.61 8.40 8.18 8.03 7.23 7.37 8.69 10.22 10.15 9.05 6.86 6.06 6.72 7.45 9.56 10.00 11.32 11.32 11.53 10.44 10.22 9.34 9.42 9.20 9.56
9.93 9.93 8.47 5.26 3.87 3.65 4.02 6.28 8.69 8.69 8.83 8.10 7.15 6.20 6.79 7.96 8.54 7.37 5.77 3.72 2.34 0.37 0.00 0.00 0.00 0.95 0.95 4.09 8.25 8.83 7.96 7.52 7.59 8.18 8.10 8.10 8.47 7.74 4.67 3.07 2.70 3.50 3.72 2.77 2.04 1.61 2.19 4.96 6.72 7.81 8.18 8.18 8.76 8.69 8.10 7.59 8.03 8.25 7.74 7.74 8.54 9.49 9.93 9.86 8.98 8.18 9.13 9.71 9.27 7.66 5.69 5.55 6.50 8.54 9.05 8.91 8.91 9.05 10.29 10.44 10.15 9.27 8.25 7.74
9.34 9.34 8.32 7.37 6.64 5.62 6.20 8.54 10.00 10.95 11.24 10.95 9.34 7.01 7.52 8.61 8.98 8.83 7.37 5.48 3.72 2.63 0.88 0.00 0.00 0.00 0.00 4.23 6.72 7.88 8.10 8.18 7.81 8.18 8.32 8.54 8.47 6.13 2.41 1.39 1.53 2.41 2.48 2.19 1.75 1.17 2.12 4.89 6.35 7.15 7.74 7.74 7.66 6.94 6.28 7.23 7.59 7.30 7.59 7.08 7.66 9.49 10.37 11.46 11.24 9.71 8.91 8.40 8.54 8.40 6.94 5.69 6.06 7.81 8.32 8.10 8.10 7.23 6.42 7.96 7.88 7.88 7.74 7.81
9.93 9.93 8.69 7.30 6.79 6.79 7.52 10.80 12.48 12.99 12.99 12.41 11.83 9.56 9.34 10.37 9.93 8.76 6.79 5.04 4.31 4.23 3.14 1.61 0.00 0.44 0.44 3.43 5.40 6.42 6.79 7.30 7.66 7.74 8.32 8.47 8.10 6.35 3.50 1.90 1.46 1.31 1.17 1.46 2.70 4.23 5.18 6.20 7.66 8.40 8.40 8.40 8.18 7.30 7.08 6.86 8.03 8.91 9.13 8.76 8.03 8.61 10.07 12.19 12.56 11.68 10.00 8.40 8.76 9.64 9.20 8.10 8.10 7.30 7.88 8.83 8.83 8.10 8.47 8.83 8.25 8.03 7.88 8.32
7.66 7.66 8.83 7.81 7.23 9.34 11.02 12.63 13.07 12.78 12.12 11.46 10.44 9.86 9.20 7.81 7.52 6.86 6.72 6.94 7.88 8.54 7.81 5.55 4.02 3.72 3.72 4.67 4.53 5.62 6.42 6.72 6.72 6.35 6.20 6.13 6.86 6.79 4.89 3.29 1.02 0.07 0.73 2.12 3.58 5.48 6.42 7.23 7.59 8.69 9.20 9.20 8.76 9.05 8.69 8.83 9.20 9.78 10.37 10.22 10.22 10.29 10.22 11.97 13.58 12.63 12.05 10.95 10.22 10.37 10.37 10.07 10.00 9.93 10.22 10.29 10.29 10.51 10.00 9.27 9.56 9.49 9.49 9.42
7.66 7.66 8.83 7.81 7.23 9.34 11.02 12.63 13.07 12.78 12.12 11.46 10.44 9.86 9.20 7.81 7.52 6.86 6.72 6.94 7.88 8.54 7.81 5.55 4.02 3.72 3.72 4.67 4.53 5.62 6.42 6.72 6.72 6.35 6.20 6.13 6.86 6.79 4.89 3.29 1.02 0.07 0.73 2.12 3.58 5.48 6.42 7.23 7.59 8.69 9.20 9.20 8.76 9.05 8.69 8.83 9.20 9.78 10.37 10.22 10.22 10.29 10.22 11.97 13.58 12.63 12.05 10.95 10.22 10.37 10.37 10.07 10.00 9.93 10.22 10.29 10.29 10.51 10.00 9.27 9.56 9.49 9.49 9.42
8.76 8.76 8.61 8.25 11.24 12.48 13.21 12.63 12.34 11.61 10.51 10.22 9.27 9.13 7.15 7.15 8.18 9.34 10.59 11.97 11.75 11.24 10.15 8.83 7.59 6.86 6.86 6.64 6.42 6.64 6.42 6.28 6.20 5.55 4.38 4.60 5.40 6.50 5.62 2.77 1.17 0.58 0.73 2.19 4.23 5.33 6.57 6.50 7.15 8.10 8.76 8.76 9.56 9.78 10.07 10.66 10.37 9.86 9.64 10.00 10.22 9.49 8.69 9.42 11.02 11.32 11.39 10.80 9.93 9.27 10.15 11.32 13.43 13.14 12.12 11.68 11.68 12.26 11.39 10.51 9.49 10.07 9.93 9.86
10.88 10.88 11.61 12.26 12.19 16.13 15.26 12.56 11.46 11.39 11.32 11.46 11.10 11.17 10.07 9.34 9.42 15.40 17.23 16.35 13.87 13.14 12.56 10.44 9.42 8.69 8.69 7.59 6.35 6.13 5.91 5.26 4.82 4.82 4.53 3.58 5.40 7.45 6.86 4.23 1.68 0.66 1.31 2.85 4.82 6.42 7.08 6.94 6.28 7.45 8.03 8.03 8.47 9.20 9.64 9.27 9.34 8.69 8.40 8.10 7.59 7.59 7.66 7.74 8.10 7.59 6.64 7.30 8.98 10.22 11.61 12.56 13.80 15.70 16.13 13.58 13.58 12.19 12.26 12.26 11.46 10.88 10.73 10.22
9.13 9.13 11.97 15.11 16.28 17.59 14.67 13.21 14.53 15.62 15.77 16.13 17.89 17.74 17.37 18.03 15.18 20.73 19.93 17.81 16.72 15.77 14.31 12.34 11.10 9.78 9.78 8.54 6.42 5.33 4.74 4.09 4.31 5.18 5.33 5.91 7.08 8.47 7.59 4.67 2.19 1.24 1.61 3.50 5.69 6.86 7.30 5.91 5.33 7.01 8.18 8.18 7.88 7.96 7.74 6.79 7.30 7.59 7.52 8.32 8.18 8.03 8.54 9.42 8.91 7.66 7.66 7.74 9.13 10.00 11.53 12.78 13.21 13.94 14.67 14.75 14.75 13.65 12.92 13.14 13.21 12.99 12.34 11.83
6.20 6.20 8.18 8.61 9.27 17.23 15.62 17.08 19.27 19.42 21.39 22.34 23.73 22.85 21.90 21.32 20.81 21.61 20.51 19.35 17.89 15.77 13.87 13.58 12.41 11.10 11.10 7.37 4.09 3.07 3.36 4.89 6.06 7.37 8.47 9.20 10.15 10.07 8.76 6.50 3.58 1.68 1.83 2.92 4.53 5.40 5.48 5.04 6.79 8.18 8.25 8.25 7.37 6.94 6.64 5.99 5.69 5.91 7.23 8.18 7.81 7.23 8.18 9.49 9.56 9.64 10.07 10.73 11.53 11.46 11.68 11.83 11.97 12.05 13.58 13.72 13.72 13.80 14.09 14.45 14.16 14.02 13.14 12.12
6.06 6.06 6.35 6.35 7.08 7.88 16.28 19.56 22.05 24.53 25.19 26.65 26.35 25.62 24.60 22.56 20.59 20.66 21.32 22.12 20.88 18.40 15.55 13.43 11.61 9.56 9.56 5.48 2.99 2.12 3.87 7.15 9.27 10.22 10.73 11.46 11.90 11.53 10.07 7.81 3.94 1.61 0.88 2.63 4.02 4.60 4.60 5.18 6.06 7.96 8.25 8.25 7.59 7.81 8.47 8.47 7.66 7.37 7.08 6.64 7.37 7.88 8.40 8.76 9.64 10.44 10.37 10.66 9.71 9.78 10.80 11.46 11.39 11.83 12.34 13.29 13.29 13.80 13.94 13.72 13.43 13.29 13.43 13.36
6.06 6.06 6.35 6.35 7.08 7.88 16.28 19.56 22.05 24.53 25.19 26.65 26.35 25.62 24.60 22.56 20.59 20.66 21.32 22.12 20.88 18.40 15.55 13.43 11.61 9.56 9.56 5.48 2.99 2.12 3.87 7.15 9.27 10.22 10.73 11.46 11.90 11.53 10.07 7.81 3.94 1.61 0.88 2.63 4.02 4.60 4.60 5.18 6.06 7.96 8.25 8.25 7.59 7.81 8.47 8.47 7.66 7.37 7.08 6.64 7.37 7.88 8.40 8.76 9.64 10.44 10.37 10.66 9.71 9.78 10.80 11.46 11.39 11.83 12.34 13.29 13.29 13.80 13.94 13.72 13.43 13.29 13.43 13.36
9.49 9.49 8.98 8.83 8.76 9.34 9.78 18.18 22.92 24.67 24.31 25.19 25.40 24.82 24.67 23.07 21.75 24.02 25.33 23.73 24.89 21.75 17.52 12.56 10.15 7.30 7.30 4.82 4.16 4.60 8.10 9.93 13.21 13.43 13.43 14.09 14.09 12.70 11.39 9.42 5.33 1.90 1.97 3.94 5.04 5.62 5.55 5.91 6.35 7.37 7.88 7.88 7.66 8.61 10.37 10.51 10.29 10.51 9.64 9.05 9.34 10.00 9.78 9.42 8.91 9.05 10.00 10.07 9.78 10.07 11.02 11.46 11.97 11.46 11.10 11.75 11.75 13.51 13.65 12.78 12.63 12.34 11.39 10.44
10.15 10.15 10.37 10.59 10.73 10.29 10.80 16.79 19.05 20.37 20.15 21.17 22.27 23.14 22.34 20.37 20.73 23.94 26.43 27.38 27.01 22.05 17.74 13.58 10.37 9.49 9.49 8.40 7.37 9.34 11.17 12.63 13.29 14.24 15.55 15.55 14.89 14.31 12.56 10.00 6.86 5.40 6.86 8.32 8.47 8.76 8.18 8.98 8.54 7.59 7.88 7.88 7.59 7.45 9.20 10.44 11.17 12.26 12.63 11.97 11.39 10.66 10.88 10.66 9.64 8.83 9.20 9.34 11.02 12.12 13.07 13.72 14.75 14.45 13.51 11.68 11.68 10.95 11.90 13.21 13.94 13.80 13.14 11.83
8.91 8.91 9.71 8.98 8.76 7.66 9.13 11.17 16.06 15.26 14.38 14.82 15.40 16.06 17.01 15.70 17.67 21.32 23.43 24.75 24.09 21.10 19.56 16.79 14.45 11.97 11.97 8.83 7.45 9.05 10.95 12.41 12.78 13.72 14.60 14.45 15.18 16.06 15.26 12.70 9.56 8.10 9.20 11.10 11.24 11.75 12.26 11.10 8.03 7.15 7.45 7.45 7.37 8.25 9.34 9.56 10.51 11.39 12.41 13.51 12.78 10.88 8.91 7.45 7.37 7.52 7.81 8.18 8.91 11.24 13.29 15.40 16.64 16.13 14.97 13.51 13.51 11.68 10.80 12.12 13.51 14.97 15.40 15.04
7.59 7.59 7.15 6.57 6.20 5.33 6.86 8.32 8.25 14.82 9.13 9.42 8.32 7.52 6.50 8.69 14.53 17.59 19.56 21.24 21.90 21.90 19.64 17.16 14.16 8.91 8.91 7.15 7.23 7.88 9.64 10.15 9.49 9.64 11.17 13.87 14.89 16.64 17.52 15.04 11.46 9.86 10.29 11.97 12.99 12.19 11.83 10.07 8.10 6.50 7.81 7.81 8.47 8.83 10.07 10.29 10.22 9.86 10.15 10.37 10.29 8.76 7.08 5.55 5.55 6.79 7.81 8.03 8.32 8.61 10.51 12.78 14.02 14.16 14.60 13.87 13.87 12.26 10.80 10.80 12.05 14.02 14.60 15.04
5.91 5.91 5.48 5.48 5.84 4.74 3.87 5.11 5.77 4.31 8.98 3.36 1.68 1.17 0.95 6.50 10.88 14.60 16.06 18.54 18.47 19.05 20.81 13.36 9.93 7.30 7.30 5.91 5.40 7.30 8.32 8.10 5.99 4.09 5.40 10.37 15.99 19.13 19.05 14.53 8.69 5.62 6.06 9.42 11.24 10.73 10.15 9.49 7.88 6.94 7.88 7.88 8.98 10.29 10.59 11.24 11.17 10.22 9.34 8.91 8.47 7.52 5.40 4.82 5.55 6.64 8.18 8.98 9.05 9.93 10.00 10.29 11.39 12.12 12.85 13.72 13.72 13.94 12.85 11.61 12.26 13.65 15.26 15.48
5.91 5.91 5.48 5.48 5.84 4.74 3.87 5.11 5.77 4.31 8.98 3.36 1.68 1.17 0.95 6.50 10.88 14.60 16.06 18.54 18.47 19.05 20.81 13.36 9.93 7.30 7.30 5.91 5.40 7.30 8.32 8.10 5.99 4.09 5.40 10.37 15.99 19.13 19.05 14.53 8.69 5.62 6.06 9.42 11.24 10.73 10.15 9.49 7.88 6.94 7.88 7.88 8.98 10.29 10.59 11.24 11.17 10.22 9.34 8.91 8.47 7.52 5.40 4.82 5.55 6.64 8.18 8.98 9.05 9.93 10.00 10.29 11.39 12.12 12.85 13.72 13.72 13.94 12.85 11.61 12.26 13.65 15.26 15.48
3.36 3.36 2.63 4.74 4.96 4.82 2.77 1.17 2.04 2.56 4.31 1.75 0.00 0.00 0.00 3.80 8.61 13.29 14.89 14.60 15.48 17.30 17.74 16.94 10.88 8.40 8.40 5.91 4.74 6.64 9.86 10.80 9.42 8.10 12.26 14.97 17.59 18.32 15.99 10.07 4.60 1.68 2.56 6.79 10.44 11.39 12.12 12.12 11.46 10.22 8.91 8.91 9.56 10.66 11.83 11.83 11.39 10.15 9.13 8.25 8.32 7.66 7.08 5.99 6.94 8.98 10.51 10.88 11.39 11.53 11.83 11.68 12.26 12.78 14.09 14.97 14.97 15.84 15.62 14.97 13.72 14.24 14.38 14.82
1.31 1.31 1.46 2.26 3.50 3.94 0.73 0.00 0.00 0.00 0.00 0.00 0.00 0.00 0.00 2.48 7.01 12.56 13.21 11.75 10.73 13.43 14.60 16.06 12.63 10.80 10.80 7.52 6.42 8.54 12.19 15.84 19.35 19.64 17.89 15.55 12.26 11.24 9.20 7.74 5.18 3.50 4.67 8.10 11.02 14.02 13.21 12.78 12.70 11.53 9.42 9.42 8.54 9.20 9.93 11.97 11.83 8.83 6.86 6.72 7.01 7.30 7.59 7.74 8.47 9.93 11.32 12.19 12.56 13.14 13.36 13.72 13.72 14.24 14.53 15.77 15.77 17.45 17.81 16.94 15.48 14.45 13.43 14.02
1.68 1.68 1.83 1.75 2.56 1.31 0.00 0.00 0.00 0.00 0.00 0.00 0.00 0.00 0.00 2.99 7.01 9.42 8.10 5.69 5.18 8.47 10.88 10.51 14.16 12.70 12.70 11.24 9.13 12.05 16.28 22.34 25.70 23.87 18.03 12.41 7.30 6.13 7.96 10.37 9.93 9.13 7.08 8.54 13.65 15.70 14.45 13.80 13.43 11.97 9.56 9.56 5.69 6.20 8.69 10.37 9.05 7.45 5.99 5.91 7.15 7.01 7.37 7.88 8.76 9.42 10.80 12.26 12.85 12.92 13.43 14.31 14.38 14.89 15.18 15.62 15.62 17.01 18.10 17.01 15.91 14.89 14.38 12.78
2.34 2.34 1.83 1.68 1.02 0.00 0.00 0.00 0.00 0.00 0.00 0.00 0.00 0.00 0.00 0.00 2.26 3.87 2.70 0.00 0.00 2.85 4.82 4.16 11.68 11.24 11.24 13.14 15.55 17.59 20.51 23.36 22.92 21.39 17.67 12.99 9.71 9.93 13.94 16.64 15.04 12.92 8.83 10.37 14.31 15.99 15.18 13.51 13.51 12.34 8.76 8.76 4.31 3.94 6.64 7.01 7.01 6.28 5.77 5.40 5.69 6.50 6.86 7.30 7.96 8.83 10.44 11.24 11.97 12.19 11.75 11.46 12.12 12.99 12.78 13.65 13.65 13.51 14.38 14.82 13.65 13.43 13.21 13.14
2.26 2.26 0.00 0.00 0.00 0.00 0.00 0.00 0.00 0.00 0.00 0.00 0.00 0.00 0.00 0.00 0.00 0.95 0.00 0.00 0.00 0.00 0.00 0.00 0.00 6.86 6.86 12.63 17.08 17.89 18.91 18.54 19.05 19.86 17.30 15.11 14.89 16.06 18.76 19.35 19.71 17.37 12.26 11.02 12.85 14.16 13.72 13.21 13.07 12.12 8.76 8.76 4.02 1.75 2.41 2.99 3.29 3.43 4.02 4.09 3.94 5.04 5.99 7.01 7.30 7.88 8.91 9.49 9.78 9.13 8.47 8.03 7.45 6.35 7.59 9.13 9.13 11.24 11.83 11.75 11.10 10.66 10.44 10.51
0.00 0.00 0.00 0.00 0.00 0.00 0.00 0.00 0.00 0.00 0.00 0.00 0.00 0.00 0.00 0.00 0.00 0.00 0.00 0.00 0.00 0.00 0.00 0.00 0.00 0.00 0.00 4.53 9.71 12.41 12.63 12.56 14.09 14.75 14.97 14.09 14.97 17.16 19.20 21.61 22.63 20.51 16.86 14.97 13.72 13.72 13.14 13.51 12.70 12.48 9.93 9.93 6.06 2.56 0.95 0.29 0.00 0.00 2.92 4.60 5.91 5.77 7.01 8.47 9.20 9.93 10.44 10.15 8.40 7.88 8.25 8.91 9.78 9.86 9.05 9.64 9.64 10.44 11.61 11.97 11.53 11.17 11.17 11.39
0.00 0.00 0.00 0.00 0.00 0.00 0.00 0.00 0.00 0.00 0.00 0.00 0.00 0.00 0.00 0.00 0.00 0.00 0.00 0.00 0.00 0.00 0.00 0.00 0.00 0.00 0.00 4.53 9.71 12.41 12.63 12.56 14.09 14.75 14.97 14.09 14.97 17.16 19.20 21.61 22.63 20.51 16.86 14.97 13.72 13.72 13.14 13.51 12.70 12.48 9.93 9.93 6.06 2.56 0.95 0.29 0.00 0.00 2.92 4.60 5.91 5.77 7.01 8.47 9.20 9.93 10.44 10.15 8.40 7.88 8.25 8.91 9.78 9.86 9.05 9.64 9.64 10.44 11.61 11.97 11.53 11.17 11.17 11.39
0.00 0.00 0.00 0.00 0.00 0.00 0.00 0.00 0.00 0.00 0.00 0.00 0.00 0.00 0.00 0.00 0.00 0.00 0.00 0.00 0.00 0.00 0.00 0.00 0.00 0.00 0.00 0.00 1.46 6.13 5.91 7.01 6.50 7.01 9.13 10.88 12.34 13.94 15.84 19.71 20.81 19.49 17.59 15.99 13.43 12.12 12.70 12.48 11.46 12.41 11.46 11.46 8.98 6.20 2.56 0.00 0.00 0.00 3.29 6.79 7.52 6.50 8.32 9.71 11.53 12.78 11.90 11.10 10.29 10.00 10.22 12.56 14.45 15.77 15.70 14.45 14.45 15.70 15.62 15.70 16.28 14.75 14.82 15.11
