Wansh/Snow_depth/snowdepth-1988/spring/1988063.txt
ncols 321
nrows 161
xllcenter 60
yllcenter 15 
cellsize  0.25 
NODATA_value -1
[rows 74 to 110 of 161, columns 84 to 167 of 321]
0.00 0.00 0.00 0.00 0.00 0.44 0.80 0.51 1.17 1.10 0.22 0.73 1.17 0.80 0.00 0.00 0.00 0.00 0.00 0.00 0.00 0.00 0.00 0.00 0.00 0.00 0.00 0.00 0.00 0.00 0.00 0.00 0.00 0.00 0.00 0.37 0.88 0.00 0.00 0.00 1.17 0.00 0.66 0.66 1.61 1.17 0.58 1.24 0.00 0.80 0.37 0.00 0.00 0.00 2.83 0.00 1.53 2.41 2.34 2.12 2.19 1.68 0.00 0.00 0.00 0.00 0.00 0.00 0.00 1.32 4.11 4.67 1.75 0.00 0.00 0.00 0.00 0.00 0.00 0.00 0.00 0.59 1.17 0.58
0.00 0.00 0.00 0.00 0.80 0.29 1.02 0.51 0.80 0.00 0.00 0.00 0.00 0.00 0.00 0.00 0.00 0.00 0.00 0.00 0.00 0.00 0.00 0.00 0.00 0.00 0.00 0.00 0.00 0.00 0.00 0.00 0.00 0.00 0.00 0.00 0.00 0.00 0.00 0.00 0.00 2.56 0.00 0.00 0.73 0.15 0.66 1.10 0.29 0.00 0.07 0.29 1.02 2.63 2.34 2.56 2.34 2.48 1.97 1.68 1.53 1.75 1.24 1.53 1.17 1.02 0.00 0.00 0.00 2.20 6.64 8.32 4.74 0.73 0.00 0.00 0.00 0.00 0.00 0.00 0.00 0.00 0.00 0.74
0.00 0.00 1.17 0.80 0.37 0.00 1.02 1.02 0.00 0.00 0.00 0.00 0.00 0.00 0.00 0.00 0.00 0.00 0.00 0.00 0.00 0.00 0.00 0.00 0.00 0.00 0.00 0.00 0.00 0.00 0.00 0.00 0.00 0.00 0.00 0.00 0.00 0.00 0.00 0.00 0.00 2.04 0.07 0.07 0.07 0.00 0.00 0.15 0.00 0.00 0.66 0.00 0.00 0.95 2.70 1.39 0.73 0.80 1.10 0.88 1.97 2.12 1.90 0.80 1.02 0.51 0.44 1.24 1.24 3.50 7.01 8.98 6.13 1.61 0.22 0.00 0.00 0.00 0.00 0.00 0.00 0.00 0.00 0.00
0.07 1.10 1.39 1.39 0.07 0.80 0.00 0.00 0.00 0.00 0.00 0.00 0.00 2.12 0.00 0.00 0.00 0.00 0.00 0.00 0.00 0.00 0.00 0.00 0.00 0.00 0.00 0.00 0.00 0.00 0.00 0.00 0.00 0.00 0.00 0.00 0.00 0.00 0.00 0.00 0.00 1.97 0.66 0.66 0.00 0.00 1.75 0.00 0.00 0.00 0.00 0.00 1.46 0.07 0.88 0.73 0.00 1.24 0.22 0.73 1.53 2.04 1.68 1.53 1.68 2.12 1.90 1.39 1.39 1.39 4.23 5.55 2.92 1.53 0.73 0.00 0.00 0.00 0.00 0.00 0.00 0.00 0.00 0.07
0.95 1.53 2.41 1.83 0.95 0.00 0.00 0.00 0.00 0.00 0.00 0.00 2.70 2.70 2.70 2.63 2.63 0.00 0.00 0.00 0.00 0.00 0.00 0.00 0.00 0.00 0.00 0.00 0.00 0.00 0.00 0.00 0.00 0.00 0.00 0.00 0.00 0.00 0.00 0.00 0.00 0.00 0.00 0.00 0.00 0.00 0.00 0.00 0.00 0.00 0.00 0.00 0.00 1.75 0.58 1.39 0.00 1.53 1.61 1.61 1.46 2.04 1.17 1.39 1.31 1.39 1.39 1.68 1.68 1.61 1.83 1.68 0.00 1.75 1.02 0.58 0.00 0.00 0.00 0.00 0.00 0.00 0.95 1.04
0.00 0.00 2.56 0.00 0.00 0.00 0.00 0.00 0.00 0.00 0.00 0.00 0.00 3.07 3.07 2.77 3.58 0.00 0.00 0.00 0.00 0.00 0.00 0.00 0.00 0.00 0.00 0.00 0.00 0.00 0.00 0.00 0.00 0.00 0.00 0.00 0.00 0.00 0.00 0.00 0.00 0.00 0.00 0.00 0.00 0.00 0.00 0.00 0.00 0.00 0.00 0.00 0.00 0.00 1.68 1.10 1.75 1.10 1.46 0.88 1.17 1.83 1.61 1.75 0.73 0.00 0.00 0.00 0.00 1.39 0.37 0.00 0.00 2.48 2.13 1.61 0.88 1.39 0.22 0.00 0.37 0.29 0.88 1.03
0.00 0.00 0.00 0.00 0.00 0.00 0.00 2.63 2.26 2.19 2.41 2.26 0.00 0.00 0.00 0.00 3.14 0.00 0.00 0.00 0.00 0.00 0.00 0.00 0.00 0.00 0.00 0.00 0.00 0.00 0.00 0.00 0.00 0.00 0.00 0.00 0.00 0.00 0.00 0.00 0.00 0.00 0.00 0.00 0.00 0.00 0.00 0.00 0.00 0.00 0.00 0.00 0.00 0.00 0.00 0.73 1.24 0.00 1.97 1.46 1.97 1.46 2.12 1.61 0.15 0.00 0.00 0.00 0.00 0.73 0.29 0.00 2.56 3.29 3.07 2.86 2.10 2.29 1.31 2.04 2.19 3.21 0.51 1.61
0.00 0.00 0.00 0.00 0.00 0.00 0.00 1.68 0.00 0.00 2.63 3.21 0.00 0.00 3.29 0.00 0.00 0.00 0.00 0.00 0.00 0.00 0.00 0.00 0.00 0.00 0.00 0.00 0.00 0.00 0.00 0.00 0.00 0.00 0.00 0.00 0.00 0.00 0.00 0.00 0.00 0.00 0.00 0.00 0.00 0.00 0.00 0.00 0.00 0.00 0.00 0.00 0.00 0.37 0.00 1.02 0.58 0.58 1.46 1.53 1.68 1.90 1.83 1.17 0.00 0.00 0.00 0.00 0.00 0.00 0.00 1.68 3.43 3.94 3.87 2.79 2.80 3.29 3.78 3.82 5.28 6.42 3.58 4.31
0.00 0.00 0.00 0.00 0.00 0.00 0.00 0.00 0.00 0.00 0.00 0.00 0.00 0.00 0.00 0.00 0.00 0.00 0.00 0.00 0.00 0.00 0.00 0.00 0.00 0.00 0.00 0.00 0.00 0.00 0.00 0.00 0.00 0.00 0.00 0.00 0.00 0.00 0.00 0.00 0.00 0.00 0.00 0.00 0.00 0.00 0.00 0.00 0.00 0.00 0.00 0.00 0.00 1.02 0.44 0.00 0.07 0.22 1.24 1.90 2.77 2.77 2.19 1.39 1.17 0.00 0.00 0.00 0.00 0.00 0.00 0.00 0.00 2.63 3.36 2.48 2.41 2.70 4.23 5.06 7.66 7.88 7.45 7.74
2.04 1.75 3.21 0.00 0.00 0.00 0.00 0.00 0.00 0.00 0.00 0.00 0.00 0.00 0.00 0.00 0.00 0.00 0.00 0.00 0.00 0.00 0.00 0.00 0.00 0.00 0.00 0.00 0.00 0.00 0.00 0.00 0.00 0.00 0.00 0.00 0.00 0.00 0.07 0.00 0.00 0.00 0.00 0.00 0.00 0.00 0.00 0.00 0.00 0.00 0.00 0.00 0.00 0.37 0.29 0.22 0.88 1.17 1.24 2.04 3.07 2.56 1.90 2.26 3.07 0.00 0.00 0.00 0.00 2.41 0.00 0.00 0.00 0.44 2.19 1.61 2.34 4.16 5.91 7.59 8.61 8.10 7.59 7.37
0.00 2.34 2.34 0.00 3.72 0.00 0.00 0.00 3.94 0.00 0.00 0.00 0.00 0.00 0.00 3.65 3.36 0.00 0.00 2.26 0.00 2.48 0.00 0.00 0.00 0.00 0.00 0.00 0.00 0.00 0.00 0.00 0.00 0.00 0.00 0.00 0.00 1.24 1.53 0.80 1.02 0.95 1.10 1.10 0.00 0.00 0.00 0.00 0.00 0.00 0.00 1.31 1.75 1.53 1.46 0.80 3.36 2.48 2.63 1.61 2.77 3.80 3.87 4.60 3.94 0.00 3.21 2.92 2.92 3.36 0.00 1.31 0.88 0.66 1.39 1.53 2.04 4.02 5.18 6.64 7.74 7.37 6.06 6.57
0.00 1.97 2.48 2.77 3.21 0.00 0.00 0.00 4.31 0.00 0.00 0.00 0.00 0.00 3.36 3.29 3.14 0.00 0.00 3.14 3.43 3.07 3.29 0.00 0.00 0.00 3.07 2.92 0.00 0.00 1.97 2.41 2.56 0.00 0.00 0.00 0.00 0.00 0.00 1.61 1.17 1.61 0.58 0.58 0.00 0.00 0.00 0.00 0.22 0.58 0.66 1.10 3.07 3.87 4.60 4.23 4.74 3.94 4.16 1.97 3.01 3.80 4.14 4.23 4.02 4.31 3.65 3.29 3.29 3.07 3.21 3.36 2.56 1.10 1.61 1.83 2.56 4.09 4.74 6.50 6.86 6.06 6.13 6.28
1.68 1.68 2.26 3.50 0.00 0.00 0.00 3.14 0.00 2.41 2.56 2.41 2.92 3.29 3.80 3.50 3.50 3.94 3.94 4.31 4.82 3.80 3.94 3.29 2.48 2.92 3.21 3.50 3.80 3.72 3.29 3.14 3.07 0.00 0.00 0.00 0.00 0.00 0.00 4.74 4.74 3.72 2.56 2.56 1.24 0.95 0.95 1.02 1.68 0.88 0.37 0.00 0.15 0.66 3.21 5.11 7.30 7.74 8.32 6.28 5.55 1.10 0.82 1.90 2.70 2.19 1.17 1.75 1.75 1.83 2.99 4.16 4.38 3.65 3.72 2.99 2.85 3.29 4.09 4.09 4.96 4.09 3.87 0.00
1.90 2.04 0.00 0.00 0.00 0.00 2.19 2.77 0.00 0.00 2.48 2.77 3.36 3.72 4.67 4.31 3.80 4.31 4.31 5.11 5.04 5.11 4.89 3.21 2.34 2.85 3.29 3.72 2.77 3.07 0.00 0.00 0.00 3.50 0.00 0.00 0.00 0.00 0.00 2.99 4.02 3.87 2.41 2.41 2.04 1.90 1.53 1.53 0.95 0.80 0.51 0.29 0.00 0.00 0.00 0.37 6.06 6.13 6.86 5.55 5.40 2.34 1.10 1.75 0.74 1.97 2.48 1.61 1.61 1.53 2.48 3.72 4.45 4.96 4.02 3.21 2.34 2.34 2.63 4.02 4.67 4.23 3.50 0.00
2.12 2.26 2.19 0.00 0.00 0.00 0.00 0.00 0.00 0.00 0.00 2.63 3.58 4.38 4.74 4.45 4.02 4.60 4.60 5.04 5.40 4.96 4.60 3.58 3.36 3.36 4.16 4.09 3.43 2.85 2.63 0.00 3.21 3.07 2.85 2.77 2.70 0.00 0.00 1.46 2.41 2.19 2.77 2.77 2.85 2.70 2.63 1.97 1.68 0.58 0.44 0.37 0.22 0.00 0.00 0.00 2.04 2.85 4.23 4.89 5.04 1.53 1.46 3.36 2.43 3.55 3.65 3.14 3.14 2.70 2.41 2.77 3.72 4.89 3.94 3.43 2.85 3.07 2.92 3.07 3.21 3.65 0.00 0.00
2.48 1.97 1.68 0.00 0.00 0.00 0.00 0.00 0.00 0.00 0.00 0.00 3.21 3.43 3.29 3.21 3.29 3.50 3.50 3.14 4.45 3.80 4.09 2.85 3.21 3.29 2.77 0.00 0.00 0.00 0.00 3.29 3.43 3.43 3.36 2.85 2.48 0.00 0.00 0.00 0.00 0.00 2.12 2.12 2.04 3.29 3.50 2.56 2.48 1.83 1.02 1.17 0.95 0.22 0.00 0.00 0.00 1.68 2.30 2.73 1.90 2.04 2.68 3.65 4.97 5.87 6.53 4.31 4.31 3.65 2.77 3.29 3.50 2.85 4.60 4.38 3.94 4.23 3.80 3.29 0.00 0.00 0.00 0.00
2.19 1.97 0.00 0.00 0.00 0.00 0.00 0.00 0.00 0.00 0.00 0.00 0.00 0.00 0.00 0.00 0.00 3.14 3.14 0.00 0.00 3.07 2.63 0.00 0.00 0.00 0.00 0.00 0.00 0.00 2.56 2.56 2.41 2.63 3.14 0.00 0.00 0.00 0.00 0.00 0.00 0.00 0.95 0.95 1.39 1.24 1.39 0.95 0.80 1.17 1.39 2.04 1.90 2.41 1.83 1.53 1.17 2.04 2.19 2.26 1.51 0.51 2.36 4.38 6.42 7.08 8.22 6.35 6.15 4.70 3.50 3.87 3.94 3.80 4.60 4.82 4.82 3.94 3.97 0.00 0.00 0.00 0.00 0.00
1.90 1.68 1.97 0.00 0.00 0.00 0.00 0.00 0.58 0.00 0.00 0.00 0.00 0.00 0.00 0.00 0.00 0.00 0.00 0.00 0.00 0.00 0.00 0.00 0.00 0.00 0.00 0.00 0.00 0.00 0.00 0.00 0.00 0.00 0.00 0.00 0.00 0.00 0.00 0.00 0.00 0.29 0.44 0.44 0.00 0.00 0.00 0.00 0.22 0.29 0.44 1.83 2.77 3.21 4.16 3.72 4.09 1.97 4.57 2.51 1.24 0.58 2.76 3.88 5.86 7.23 7.30 6.06 6.09 5.28 3.89 4.09 4.31 4.67 4.40 4.23 4.38 3.80 3.82 2.59 0.00 0.00 0.00 0.00
2.12 2.04 1.61 1.31 0.00 0.00 0.00 0.00 0.00 0.00 0.51 0.00 0.00 0.00 0.00 0.00 0.00 0.00 0.00 0.00 0.00 0.00 0.00 0.00 0.00 0.00 0.00 0.00 0.00 0.00 0.00 0.00 0.00 0.00 0.00 0.00 0.00 0.00 0.00 0.00 0.00 0.00 0.00 0.00 0.00 0.00 0.00 0.00 0.00 0.29 0.51 1.53 2.48 3.80 4.82 6.35 6.79 4.82 7.88 5.02 3.47 2.14 2.32 3.59 4.75 7.54 8.01 5.77 5.77 4.89 3.26 4.36 6.60 6.45 4.62 3.83 4.16 3.78 3.01 0.00 3.08 0.00 0.00 0.00
3.07 2.19 1.31 1.39 1.02 1.17 1.75 0.00 0.00 0.00 0.29 0.00 0.00 0.00 0.00 0.00 0.00 0.00 0.00 2.34 0.00 0.00 0.00 0.00 0.00 0.00 0.00 0.00 0.00 0.00 0.00 0.00 0.00 0.00 0.00 0.00 0.00 0.00 0.00 0.00 0.00 0.00 0.00 0.00 0.00 0.00 0.00 0.00 0.51 1.39 1.90 1.83 2.19 3.58 4.89 6.86 8.83 6.64 9.86 8.03 7.52 5.71 3.54 3.53 4.70 6.96 8.14 5.55 5.55 3.61 3.09 5.07 6.52 6.24 6.08 5.58 4.67 3.48 2.43 0.00 0.00 0.00 0.00 0.00
5.40 3.43 2.56 1.97 1.46 1.02 1.61 0.00 0.00 0.00 0.00 0.00 0.00 0.00 0.00 0.00 0.51 0.00 0.00 0.00 0.00 2.12 0.00 0.00 0.00 0.00 0.00 0.00 0.00 0.00 0.00 0.00 0.00 0.00 0.00 0.00 0.00 0.00 0.00 0.00 0.00 0.00 0.00 0.00 0.00 0.00 0.00 0.00 0.15 1.75 3.14 3.36 3.05 3.24 6.19 7.41 8.20 8.83 11.10 10.66 11.39 8.66 3.38 3.79 4.47 7.34 8.42 5.04 5.06 2.87 3.44 4.46 5.97 8.04 9.42 8.25 6.18 3.93 3.28 0.00 0.00 0.00 2.05 0.00
7.15 5.33 3.87 4.45 4.89 2.99 2.48 2.77 0.00 0.00 0.00 0.00 0.00 0.00 0.00 0.00 0.00 0.00 0.00 0.00 0.00 0.00 0.00 0.00 0.00 0.00 1.97 1.31 0.00 0.00 0.00 0.00 0.00 0.00 0.00 0.00 0.00 0.00 0.00 0.00 0.00 0.00 0.58 0.58 0.00 0.00 0.00 0.00 0.80 1.68 3.36 3.94 4.02 4.20 5.89 7.45 9.68 9.44 11.41 12.02 12.40 11.15 9.23 6.06 4.21 5.79 8.16 5.06 5.06 2.58 0.00 0.00 0.00 6.61 8.44 7.34 7.37 4.55 3.29 0.00 0.00 2.57 2.41 0.00
7.23 4.31 2.77 5.18 6.35 4.60 3.94 4.31 3.72 2.77 1.90 0.00 0.00 0.00 0.00 0.00 0.00 0.00 0.00 0.00 0.00 0.00 0.00 0.00 0.00 0.00 0.00 1.53 0.44 0.00 0.00 0.00 0.00 0.00 0.00 0.00 0.00 0.00 0.00 0.00 0.00 0.95 0.00 0.00 0.00 0.00 0.00 0.44 0.88 2.26 5.04 5.48 6.06 5.50 6.03 6.57 6.59 7.34 8.82 11.79 13.34 12.32 10.91 7.96 4.76 4.45 4.94 3.04 2.99 1.19 0.00 0.00 0.00 6.61 7.59 6.60 7.19 3.65 2.12 0.00 0.00 2.56 2.41 0.00
7.37 3.36 0.00 4.96 6.57 5.62 6.20 8.18 8.18 6.57 4.53 1.68 1.39 1.31 0.00 0.00 0.00 0.00 0.00 0.00 0.00 0.00 0.00 0.00 0.00 0.00 0.00 1.10 0.73 0.07 0.22 0.44 0.88 1.31 1.31 0.00 0.00 0.00 0.00 0.00 0.95 1.31 1.17 1.17 0.66 0.00 0.00 1.10 2.70 3.59 5.42 7.04 8.87 9.87 7.71 7.04 6.20 6.13 8.70 9.33 9.46 10.22 10.93 10.07 5.34 2.22 2.59 1.88 1.83 0.00 0.00 0.00 2.92 5.95 7.41 6.13 6.04 1.77 1.04 0.00 0.00 1.73 0.00 0.00
8.40 6.57 5.77 8.03 8.18 10.07 16.72 22.19 20.15 15.62 11.32 7.88 5.69 3.50 2.70 1.61 1.61 1.46 1.46 1.83 1.46 0.00 0.00 0.58 1.31 1.31 1.53 1.10 1.17 1.31 1.39 0.95 0.80 1.31 2.04 2.12 2.26 1.24 0.66 1.61 1.10 0.51 0.00 0.00 0.00 0.88 1.53 2.26 4.31 5.99 7.53 7.55 7.82 5.65 3.93 3.83 4.69 4.67 6.82 7.85 9.24 8.62 7.22 7.00 5.84 2.71 1.15 0.60 0.59 0.00 0.00 0.00 1.19 3.19 4.34 3.94 1.89 2.14 0.00 0.00 0.00 0.00 0.00 2.10
8.69 9.05 9.64 8.91 8.61 10.73 16.43 22.12 22.41 15.91 10.37 6.57 6.20 4.96 3.72 2.41 1.83 1.61 1.61 1.68 1.46 0.66 0.15 0.58 1.10 0.22 0.66 1.31 1.31 1.68 1.10 0.29 0.80 0.80 1.39 2.41 2.77 2.77 2.92 0.66 0.00 0.00 0.15 0.15 0.00 0.73 1.24 2.04 3.76 5.70 6.62 7.80 7.69 6.57 5.96 3.30 2.39 2.76 7.18 6.43 8.04 9.53 8.71 6.40 5.26 1.46 1.91 1.47 1.44 0.00 0.00 0.00 0.00 0.99 3.73 4.31 1.99 0.00 0.00 0.00 0.00 0.00 0.00 1.98
5.40 6.28 7.08 6.35 7.52 9.13 11.83 17.52 18.25 14.45 7.45 4.23 0.00 3.80 3.07 2.70 2.41 2.41 2.41 2.04 2.04 1.31 1.31 1.46 1.02 0.00 0.00 0.29 1.02 1.31 0.95 0.22 0.44 0.15 0.58 0.95 2.99 3.29 0.00 0.00 0.00 0.00 0.00 0.00 0.00 0.00 0.44 1.77 3.41 5.78 7.51 8.00 7.21 9.02 7.55 6.53 2.48 2.06 2.02 4.04 6.99 9.39 9.20 6.57 4.38 1.49 1.19 1.03 1.14 0.56 0.00 0.00 0.00 2.20 4.49 4.35 2.19 0.51 0.00 0.00 0.00 0.00 0.00 1.50
3.58 4.38 5.26 3.87 2.99 6.28 7.01 9.68 12.78 11.97 7.30 0.00 0.00 0.00 0.00 1.83 2.19 2.34 2.34 2.04 2.34 2.48 1.83 1.97 0.80 0.15 0.00 0.00 0.29 0.95 1.17 0.00 0.00 0.00 0.00 0.73 1.02 0.66 0.00 0.00 0.00 0.00 0.00 0.00 0.29 0.44 1.83 2.79 5.33 7.62 8.52 9.83 10.46 8.57 6.63 7.57 2.32 1.65 1.91 2.13 4.12 7.26 8.51 7.01 6.64 3.48 2.33 2.12 2.04 2.49 0.24 0.00 0.56 1.54 3.82 3.29 1.56 0.61 0.00 0.00 0.00 0.00 0.00 2.63
0.00 0.00 0.00 0.00 0.00 6.06 6.79 7.66 10.22 10.07 7.81 4.53 2.92 0.00 0.00 1.46 1.97 1.97 1.97 2.63 2.19 2.04 1.97 1.02 0.44 0.00 0.00 0.00 0.00 0.15 0.00 0.00 0.00 0.00 0.00 0.00 0.00 0.00 0.00 0.00 0.00 0.00 0.00 0.00 0.00 0.73 1.61 3.50 5.99 7.96 9.56 10.01 9.37 6.78 4.62 4.93 2.13 2.01 1.70 1.19 4.01 5.10 7.07 7.89 7.56 5.95 4.02 3.71 3.73 3.67 1.93 0.00 0.00 1.07 2.47 2.39 1.42 1.10 0.00 0.00 0.00 0.00 1.89 3.08
0.00 0.00 0.00 0.00 0.00 5.48 6.35 7.08 9.86 9.42 8.47 6.13 4.23 0.00 0.00 3.58 3.72 0.00 0.00 3.50 2.34 1.61 0.80 0.00 0.00 0.00 0.00 0.00 0.00 0.00 0.00 0.00 0.00 0.00 0.00 0.00 0.00 0.00 0.00 0.00 0.00 0.00 0.00 0.00 0.00 0.00 0.95 1.68 3.41 6.47 9.43 9.35 10.50 5.70 2.50 1.84 1.05 0.00 1.75 0.87 2.05 2.55 4.52 7.22 7.19 7.89 5.82 4.32 5.05 4.05 4.29 3.23 0.00 0.35 0.90 0.00 0.89 1.46 0.00 0.00 0.00 0.00 3.24 2.83
0.00 0.00 0.00 0.00 0.00 0.00 4.31 6.86 8.47 8.98 7.81 7.01 6.28 6.42 7.74 8.76 9.71 8.76 8.76 7.52 4.74 3.87 1.17 0.51 0.66 0.00 0.00 0.00 0.00 0.00 0.00 0.00 0.00 0.00 0.00 0.00 0.00 0.00 0.00 0.00 0.00 0.00 0.00 0.00 0.00 0.00 0.00 0.00 1.34 4.92 6.70 6.02 3.31 2.61 0.00 0.00 0.00 0.00 0.00 1.89 0.23 3.15 4.13 5.93 6.70 7.80 7.57 5.91 6.61 3.77 4.07 2.64 1.67 0.97 0.00 0.00 0.91 0.15 0.00 0.00 0.00 0.00 2.80 2.30
0.00 0.00 0.00 0.00 0.00 0.00 0.00 3.65 6.13 6.50 5.84 5.77 7.15 8.69 10.15 12.45 13.35 13.07 13.07 14.75 12.99 9.34 2.12 0.44 0.22 0.44 0.37 0.00 0.00 0.29 0.00 0.00 0.00 0.00 0.00 0.00 0.00 0.00 0.00 0.00 0.15 0.00 0.00 0.00 0.00 0.00 0.00 0.15 2.90 4.38 5.54 4.56 3.47 0.00 0.00 0.00 0.00 0.00 0.00 0.00 0.00 0.71 1.31 4.04 8.02 7.82 7.71 5.58 5.70 5.27 4.97 3.06 2.73 0.00 0.00 0.00 1.26 0.61 0.00 0.00 0.00 0.00 0.00 0.00
0.00 0.00 0.00 0.00 0.00 0.00 0.00 0.00 4.23 3.21 3.80 4.67 5.62 6.28 8.32 9.39 11.02 13.23 12.34 16.35 18.32 15.33 6.42 2.04 1.68 2.41 1.97 0.00 0.00 0.00 0.00 0.00 0.00 0.00 0.00 0.00 0.00 0.00 0.00 0.51 1.39 0.80 0.37 0.37 0.00 0.00 0.00 0.00 2.82 5.38 6.40 4.83 2.59 0.00 0.00 0.00 0.00 0.00 0.00 0.00 0.00 2.09 3.01 2.09 3.68 5.65 7.03 7.65 9.35 7.30 4.52 2.54 3.24 0.00 0.00 0.00 1.12 1.03 0.00 0.00 0.00 0.00 0.00 0.00
0.00 0.00 0.00 0.00 0.00 0.00 0.00 0.00 0.00 0.00 0.00 0.00 0.00 0.00 0.00 0.00 2.56 3.75 3.81 5.77 11.02 14.16 12.78 9.42 7.01 7.37 9.93 9.78 6.13 4.96 5.77 5.48 3.72 3.50 3.50 5.26 6.94 6.42 5.18 4.40 3.84 4.42 2.99 2.99 2.41 1.61 1.17 2.86 2.43 0.00 0.00 0.00 0.00 0.00 0.00 0.00 0.00 0.00 0.00 0.00 0.00 0.00 0.00 0.00 1.90 3.81 2.22 4.84 5.41 5.61 0.00 1.02 0.00 0.00 0.00 0.00 0.00 0.00 0.00 0.00 0.00 0.00 0.00 0.00
0.00 0.00 0.00 0.00 0.00 0.00 0.00 0.00 0.00 0.00 0.00 0.00 0.00 0.00 0.00 0.00 0.00 0.00 0.00 2.77 3.87 6.13 7.96 9.64 9.42 8.70 8.46 11.46 9.13 6.86 7.88 9.27 8.10 3.58 3.07 5.40 7.15 8.25 6.72 5.40 6.13 4.01 5.84 6.53 5.40 3.72 3.72 2.40 2.92 0.00 0.00 0.00 0.00 0.00 0.00 0.00 0.00 0.00 0.00 0.00 0.00 0.00 0.00 0.00 0.00 0.00 0.00 0.95 0.95 0.00 0.00 0.00 0.00 0.00 0.00 0.00 0.00 0.00 0.00 0.00 0.00 0.00 0.00 0.00
0.00 0.00 0.00 0.00 0.00 0.00 0.00 0.00 0.00 0.00 0.00 0.00 0.00 0.00 0.00 0.00 0.00 0.00 0.00 0.00 0.00 0.00 3.29 4.16 4.60 3.67 5.59 7.81 8.83 6.86 7.88 7.96 7.71 5.84 5.18 1.66 2.92 5.55 4.60 2.34 0.00 0.00 2.95 3.75 4.75 3.53 1.99 2.82 0.00 0.00 0.00 0.00 0.00 0.00 0.00 0.00 0.00 0.00 0.00 0.00 0.00 0.00 0.00 0.00 0.00 0.00 0.00 0.00 0.00 0.00 0.00 0.00 0.00 0.00 0.00 0.00 0.00 0.00 0.00 0.00 0.00 0.00 0.00 0.00
0.00 0.00 0.00 0.00 0.00 0.00 0.00 0.00 0.00 0.00 0.00 0.00 0.00 0.00 0.00 0.00 0.00 0.00 0.00 0.00 0.00 0.00 0.00 0.00 0.00 0.00 0.00 2.63 2.85 3.29 2.63 5.19 9.33 3.65 0.00 0.00 0.00 0.00 0.00 0.00 0.00 0.00 0.00 0.00 0.00 0.00 0.00 0.00 0.00 0.00 0.00 0.00 0.00 0.00 0.00 0.00 0.00 0.00 0.00 0.00 0.00 0.00 0.00 0.00 0.00 0.00 0.00 0.00 0.00 0.00 0.00 0.00 0.00 0.00 0.00 0.00 0.00 0.00 0.00 0.00 0.00 0.00 0.00 0.00
