Wansh/Snow_depth/snowdepth-1988/spring/1988099.txt
ncols 321
nrows 161
xllcenter 60
yllcenter 15 
cellsize  0.25 
NODATA_value -1
[rows 0 to 36 of 161, columns 168 to 251 of 321]
0.00 0.00 0.00 0.00 0.00 0.00 0.00 0.00 0.00 0.00 0.00 0.00 0.00 0.00 0.00 3.65 2.77 3.29 5.11 7.59 8.40 7.45 5.91 5.62 5.55 5.18 6.06 7.01 6.86 0.00 0.00 8.40 10.59 11.46 11.68 11.68 10.37 9.71 11.46 14.89 14.60 11.68 9.78 9.49 12.34 13.36 15.26 16.57 18.98 19.13 16.21 13.94 12.56 12.56 14.09 17.37 21.53 24.09 24.60 24.24 24.24 22.48 22.05 22.92 24.45 25.11 25.33 24.45 21.32 17.30 15.84 15.33 14.02 13.58 14.82 15.77 16.86 17.30 17.52 17.08 15.55 15.48 15.84 16.13
14.31 11.83 8.18 0.00 0.00 0.00 0.00 0.00 0.00 0.00 0.00 0.00 0.00 5.40 4.96 3.43 3.65 4.16 5.84 8.61 9.20 7.30 6.20 5.33 5.62 5.84 5.99 0.00 0.00 0.00 7.30 7.88 9.64 9.20 8.47 8.47 8.10 9.34 14.45 17.01 17.16 15.99 13.51 13.87 16.28 17.30 15.55 14.31 14.45 15.26 15.84 15.48 15.55 16.94 18.25 19.71 22.05 24.53 25.04 24.38 24.38 23.21 23.07 23.58 24.24 24.97 24.75 24.24 22.63 20.22 18.98 18.18 17.59 17.23 16.94 16.21 16.86 16.94 16.35 16.35 15.62 14.09 12.56 13.29
21.24 15.26 10.66 10.00 0.00 12.34 9.34 0.00 0.00 0.00 0.00 0.00 0.00 0.00 4.16 4.60 6.20 7.96 8.98 9.93 9.64 8.54 6.86 6.86 7.23 8.10 0.00 0.00 0.00 0.00 7.96 7.23 5.84 4.82 5.11 5.11 8.54 12.63 17.45 19.64 20.08 18.47 15.91 15.11 13.51 13.43 12.19 12.85 13.58 13.36 14.82 16.06 16.94 18.76 20.00 20.44 19.86 20.37 21.61 22.70 22.70 24.16 23.14 22.19 23.21 23.58 24.38 23.73 22.78 21.75 20.51 19.93 18.83 17.30 16.28 15.40 14.89 14.60 14.67 14.89 14.75 14.02 13.36 12.12
21.24 15.26 10.66 10.00 0.00 12.34 9.34 0.00 0.00 0.00 0.00 0.00 0.00 0.00 4.16 4.60 6.20 7.96 8.98 9.93 9.64 8.54 6.86 6.86 7.23 8.10 0.00 0.00 0.00 0.00 7.96 7.23 5.84 4.82 5.11 5.11 8.54 12.63 17.45 19.64 20.08 18.47 15.91 15.11 13.51 13.43 12.19 12.85 13.58 13.36 14.82 16.06 16.94 18.76 20.00 20.44 19.86 20.37 21.61 22.70 22.70 24.16 23.14 22.19 23.21 23.58 24.38 23.73 22.78 21.75 20.51 19.93 18.83 17.30 16.28 15.40 14.89 14.60 14.67 14.89 14.75 14.02 13.36 12.12
17.23 13.72 12.12 13.51 15.62 13.43 11.24 7.88 0.00 0.00 0.00 0.00 5.04 5.69 6.72 7.45 9.64 12.26 12.85 11.02 8.47 7.15 7.08 8.10 10.00 0.00 0.00 0.00 0.00 9.05 9.34 6.79 4.23 2.77 5.69 5.69 9.49 13.72 15.26 16.94 15.33 14.67 13.43 11.68 10.15 10.00 10.07 11.75 13.87 16.13 17.74 18.76 18.32 17.59 19.27 20.15 20.37 20.44 20.73 21.68 21.68 21.68 22.19 22.70 23.00 22.27 21.32 21.83 22.48 20.66 18.61 17.81 16.57 15.77 14.97 14.16 14.24 15.40 16.28 16.13 16.50 17.23 16.79 16.50
17.01 15.70 13.80 12.85 12.34 12.26 10.51 10.07 7.88 7.88 6.06 5.55 7.66 9.56 10.22 9.93 10.80 11.24 10.59 8.54 6.50 7.81 10.95 0.00 0.00 0.00 0.00 0.00 12.41 11.46 9.42 6.20 5.40 6.86 10.44 10.44 12.99 15.04 14.75 12.92 11.97 10.59 9.93 9.05 9.27 11.39 11.83 12.92 15.04 17.67 19.64 20.44 20.73 19.13 17.96 18.54 18.40 17.45 17.45 18.32 18.32 19.93 21.39 22.70 22.05 18.91 15.70 15.77 16.06 16.43 17.16 15.70 15.18 14.75 14.89 14.82 14.53 15.18 16.06 17.45 17.59 18.10 18.91 19.20
16.06 18.25 17.30 13.58 9.05 8.83 11.97 9.56 12.12 12.12 10.73 9.42 9.13 10.00 10.07 10.07 9.64 7.74 6.13 5.84 0.00 0.00 0.00 0.00 0.00 0.00 0.00 0.00 12.78 10.29 8.54 8.32 9.20 12.26 15.62 15.62 18.47 16.86 13.87 9.56 7.45 7.74 8.03 8.83 11.02 14.75 16.86 17.30 19.42 19.13 20.66 21.53 20.59 18.25 17.01 15.84 15.40 15.26 15.84 16.43 16.43 17.96 19.05 19.05 15.70 13.36 12.19 11.75 11.83 12.12 11.97 11.83 10.88 10.88 9.93 9.86 10.51 10.29 11.24 13.46 16.47 19.30 19.12 21.90
16.06 18.25 17.30 13.58 9.05 8.83 11.97 9.56 12.12 12.12 10.73 9.42 9.13 10.00 10.07 10.07 9.64 7.74 6.13 5.84 0.00 0.00 0.00 0.00 0.00 0.00 0.00 0.00 12.78 10.29 8.54 8.32 9.20 12.26 15.62 15.62 18.47 16.86 13.87 9.56 7.45 7.74 8.03 8.83 11.02 14.75 16.86 17.30 19.42 19.13 20.66 21.53 20.59 18.25 17.01 15.84 15.40 15.26 15.84 16.43 16.43 17.96 19.05 19.05 15.70 13.36 12.19 11.75 11.83 12.12 11.97 11.83 10.88 10.88 9.93 11.39 14.50 14.81 15.40 22.87 27.19 25.69 24.61 22.72
11.90 15.77 16.72 14.53 8.47 6.50 7.74 9.56 9.13 9.13 8.98 5.48 4.09 4.96 7.37 9.27 8.40 7.66 7.30 0.00 0.00 0.00 0.00 0.00 0.00 0.00 0.00 0.00 7.37 7.08 7.88 9.27 10.51 13.43 15.48 15.48 16.94 14.02 10.44 6.64 6.28 7.52 9.27 10.59 13.14 16.94 21.24 23.73 24.97 23.87 23.51 22.34 18.76 15.77 13.29 11.83 12.05 11.39 11.24 12.05 12.05 13.87 13.65 12.70 11.68 10.73 9.27 8.76 9.56 9.56 8.98 8.69 8.40 8.50 10.74 12.71 12.80 12.06 11.30 17.66 20.52 20.87 21.69 22.65
6.94 8.47 11.46 12.12 11.32 9.27 7.30 6.28 5.40 5.40 5.04 2.34 3.14 4.60 6.64 8.25 9.13 0.00 0.00 0.00 0.00 0.00 0.00 0.00 0.00 0.00 6.79 6.50 6.79 7.23 8.61 9.05 10.37 11.17 12.48 12.48 11.39 8.69 6.94 6.94 8.91 11.17 12.19 12.12 11.97 12.78 15.77 20.29 22.34 21.02 18.91 17.74 14.82 12.12 10.66 9.13 7.74 6.42 5.69 5.62 5.62 7.15 8.98 8.47 7.52 7.81 8.32 8.32 7.96 8.10 8.47 8.32 8.34 10.44 10.92 11.46 13.22 14.37 15.36 14.01 13.97 15.09 18.89 20.72
8.25 8.03 7.45 7.59 9.42 10.22 9.20 6.57 4.09 4.09 3.65 2.70 4.16 5.11 0.00 0.00 0.00 0.00 0.00 0.00 0.00 0.00 0.00 0.00 0.00 5.84 4.74 4.60 4.45 5.33 5.99 4.96 4.38 5.26 5.55 5.55 6.79 8.98 10.15 10.88 12.92 13.21 11.53 10.15 9.49 7.96 7.74 12.85 13.94 15.04 15.04 12.63 10.66 9.34 7.59 5.62 4.02 2.19 1.24 1.46 1.46 2.99 4.09 5.33 6.42 6.57 7.01 7.23 7.66 7.96 8.47 8.03 7.64 6.74 6.92 10.11 13.29 14.25 13.59 14.71 14.07 14.60 13.49 14.07
8.25 8.03 7.45 7.59 9.42 10.22 9.20 6.57 4.09 4.09 3.65 2.70 4.16 5.11 0.00 0.00 0.00 0.00 0.00 0.00 0.00 0.00 0.00 0.00 0.00 5.84 4.74 4.60 4.45 5.33 5.99 4.96 4.38 5.26 5.55 5.55 6.79 8.98 10.15 10.88 12.92 13.21 11.53 10.15 9.49 7.96 7.74 12.85 13.94 15.04 15.04 12.63 10.66 9.34 7.59 5.62 4.02 2.19 1.24 1.46 1.46 2.99 4.09 5.33 6.42 6.57 7.01 7.23 7.66 7.96 8.47 8.03 7.45 6.64 6.72 9.39 11.85 13.19 14.49 15.26 14.07 14.28 14.82 15.05
12.63 10.44 8.25 6.64 6.13 7.08 7.45 6.79 5.18 5.18 5.18 3.14 2.70 0.00 0.00 0.00 0.00 0.00 0.00 0.00 0.00 0.00 0.00 0.00 0.00 0.00 0.00 0.00 0.00 3.14 0.00 0.00 0.00 3.07 5.04 5.04 7.01 11.02 12.19 11.97 11.24 9.78 7.66 5.69 5.33 4.67 3.80 4.67 7.37 7.88 7.37 6.79 6.28 6.64 4.96 2.63 1.53 0.00 0.00 1.31 1.31 2.26 4.16 6.13 7.08 7.30 7.59 7.59 7.81 8.18 7.81 8.18 7.96 7.30 7.04 8.99 10.69 11.11 12.36 14.06 14.30 15.67 16.40 15.06
12.41 11.24 10.73 8.91 7.45 7.01 6.72 7.96 10.51 10.51 12.26 12.85 14.75 0.00 0.00 0.00 0.00 0.00 0.00 0.00 0.00 0.00 0.00 0.00 0.00 0.00 0.00 0.00 0.00 4.23 3.87 0.00 2.85 4.38 5.40 5.40 6.72 8.83 10.22 9.34 7.01 5.69 4.96 3.14 1.83 2.85 2.70 1.90 1.83 2.26 2.70 2.12 2.34 1.75 0.95 1.39 2.41 3.29 3.87 4.60 4.60 6.35 7.01 7.37 7.88 7.88 7.81 7.88 7.30 7.52 7.66 7.37 7.01 7.75 9.94 11.06 10.46 12.24 14.60 12.59 15.42 15.07 15.10 15.90
16.21 13.36 15.26 13.94 12.92 12.12 10.66 10.22 11.53 11.53 14.60 15.48 14.82 12.92 16.06 0.00 0.00 0.00 0.00 0.00 0.00 0.00 0.00 0.00 0.00 0.00 0.00 0.00 4.38 5.40 4.23 3.43 4.45 5.33 5.40 5.40 6.20 6.50 6.72 7.23 5.18 3.58 2.99 2.34 1.90 2.19 2.04 0.00 0.00 0.00 0.00 0.00 0.00 0.00 0.00 0.00 1.97 4.96 6.28 6.86 6.86 7.96 9.20 8.83 8.03 6.79 5.77 6.13 5.62 5.40 6.42 7.96 9.03 11.28 12.08 12.50 13.42 15.47 14.41 14.60 14.89 13.84 13.68 12.61
18.47 18.10 19.27 15.99 14.02 13.94 13.14 10.88 10.51 10.51 10.00 10.15 10.07 7.59 9.49 6.50 0.00 0.00 0.00 0.00 0.00 0.00 0.00 0.00 0.00 0.00 0.00 2.48 3.50 4.89 5.04 5.62 6.57 6.50 5.91 5.91 6.64 6.72 5.84 5.04 4.67 5.33 5.26 5.33 4.09 2.41 1.68 1.10 0.37 0.00 0.00 0.00 0.00 0.00 0.00 0.00 0.00 2.92 6.20 7.08 7.08 7.52 8.18 7.74 6.79 5.77 5.18 4.02 2.92 3.43 5.40 7.98 10.77 12.26 13.16 12.60 15.02 13.95 14.13 14.90 13.49 13.19 11.17 9.96
18.47 18.10 19.27 15.99 14.02 13.94 13.14 10.88 10.51 10.51 10.00 10.15 10.07 7.59 9.49 6.50 0.00 0.00 0.00 0.00 0.00 0.00 0.00 0.00 0.00 0.00 0.00 2.48 3.50 4.89 5.04 5.62 6.57 6.50 5.91 5.91 6.64 6.72 5.84 5.04 4.67 5.33 5.26 5.33 4.09 2.41 1.68 1.10 0.37 0.00 0.00 0.00 0.00 0.00 0.00 0.00 0.00 2.92 6.20 7.08 7.08 7.52 8.18 7.74 6.79 5.77 5.18 4.02 2.92 3.43 5.40 9.79 10.09 13.33 11.82 15.59 15.24 15.42 14.41 13.44 13.04 11.35 12.15 11.31
11.32 15.26 17.23 16.06 12.41 12.05 10.29 8.91 9.05 9.05 8.83 6.79 5.62 3.29 1.24 1.46 0.00 0.00 0.00 0.00 0.00 0.00 0.00 0.00 0.00 0.00 0.00 3.36 3.94 4.45 5.69 6.64 7.37 7.52 7.01 7.01 7.59 7.88 6.28 5.11 5.40 6.94 8.25 7.15 4.02 1.24 0.95 0.22 0.00 0.00 0.00 0.00 0.00 0.00 0.00 0.00 0.00 0.00 2.77 3.94 3.94 4.82 4.16 3.87 3.14 1.31 0.51 0.15 0.51 1.97 5.07 8.28 12.29 13.68 13.67 15.08 14.25 12.15 12.00 12.99 13.12 10.10 7.51 5.80
6.42 9.78 14.09 13.65 12.56 10.07 7.96 7.45 5.99 5.99 5.48 3.87 2.48 2.19 0.00 0.00 0.00 0.00 0.00 0.00 0.00 0.00 0.00 0.00 0.00 0.00 0.00 2.70 2.99 3.50 4.23 5.40 6.50 7.15 7.23 7.23 8.25 8.25 7.08 6.86 6.64 7.45 7.08 4.31 1.61 0.00 0.00 0.00 0.00 0.00 0.00 0.00 0.00 0.00 0.00 0.00 0.00 0.00 0.00 0.00 0.00 0.00 0.66 1.10 0.00 0.00 0.00 0.00 0.00 0.00 1.77 6.34 11.38 15.07 17.05 16.55 13.42 12.87 12.23 11.96 9.30 9.73 8.61 7.30
5.77 6.57 8.69 10.37 12.48 10.00 9.49 7.45 5.77 5.77 4.89 4.16 3.36 0.00 0.00 0.00 0.00 0.00 0.00 0.00 0.00 0.00 0.00 0.00 0.00 0.00 0.00 0.00 2.92 4.09 5.55 7.01 8.76 8.25 7.45 7.45 7.74 7.88 7.45 7.08 5.91 6.06 4.45 1.61 0.00 0.00 0.00 0.00 0.00 0.00 0.00 0.00 0.00 0.00 0.00 0.00 0.00 0.00 0.00 0.00 0.00 0.00 0.00 0.00 0.00 0.00 0.00 0.00 0.00 0.00 0.22 4.96 10.07 13.94 17.96 20.03 19.47 19.25 17.92 13.65 12.59 8.13 6.22 6.30
5.62 4.74 4.67 5.62 6.42 7.30 7.74 6.86 6.64 6.64 5.69 4.74 0.00 0.00 0.00 0.00 0.00 0.00 0.00 0.00 0.00 0.00 0.00 0.00 0.00 0.00 0.00 4.53 4.09 5.55 7.45 9.56 10.44 9.49 9.27 9.27 10.07 8.76 5.99 3.50 3.29 2.99 1.61 0.00 0.00 0.00 0.00 0.00 0.00 0.00 0.00 0.00 0.00 0.00 0.00 0.00 0.00 0.00 0.00 0.00 0.00 0.00 0.00 0.00 0.00 0.00 0.00 0.00 0.00 0.00 0.37 8.61 12.92 16.86 20.85 23.75 26.88 20.10 20.22 18.25 14.72 8.82 6.55 3.92
2.19 2.48 2.19 2.19 3.14 3.80 3.94 5.04 5.18 5.18 4.31 3.80 3.94 0.00 0.00 0.00 0.00 0.00 0.00 0.00 0.00 0.00 0.00 0.00 3.36 4.02 5.69 5.69 4.60 6.64 10.80 11.53 10.66 10.88 11.02 11.02 10.22 6.42 3.87 2.12 1.90 0.00 0.00 0.00 0.00 0.00 0.00 0.00 0.00 0.00 0.00 0.00 0.00 0.00 0.00 0.00 0.00 0.00 0.00 0.00 0.00 0.00 0.00 0.00 0.00 0.00 0.00 0.00 0.00 0.00 0.00 0.80 7.37 13.80 19.01 22.14 26.00 18.95 18.09 13.98 10.38 9.09 6.77 4.68
2.19 2.48 2.19 2.19 3.14 3.80 3.94 5.04 5.18 5.18 4.31 3.80 3.94 0.00 0.00 0.00 0.00 0.00 0.00 0.00 0.00 0.00 0.00 0.00 3.36 4.02 5.69 5.69 4.60 6.64 10.80 11.53 10.66 10.88 11.02 11.02 10.22 6.42 3.87 2.12 1.90 0.00 0.00 0.00 0.00 0.00 0.00 0.00 0.00 0.00 0.00 0.00 0.00 0.00 0.00 0.00 0.00 0.00 0.00 0.00 0.00 0.00 0.00 0.00 0.00 0.00 0.00 0.00 0.00 0.00 0.00 0.80 7.37 13.80 18.25 22.26 20.19 16.67 15.15 16.28 12.69 9.28 5.30 4.32
0.00 0.00 0.51 1.68 2.26 3.65 3.43 3.87 3.94 3.94 5.04 4.53 3.65 0.00 0.00 0.00 0.00 0.00 0.00 0.00 0.00 0.00 5.55 5.55 5.77 6.57 6.86 8.61 10.66 11.17 11.46 10.80 9.20 8.54 6.79 6.79 4.53 2.77 1.31 0.00 0.00 0.00 0.00 0.00 0.00 0.00 0.00 0.00 0.00 0.00 0.00 0.00 0.00 0.00 0.00 0.00 0.00 0.00 0.00 0.00 0.00 0.00 0.00 0.00 0.00 0.00 0.00 0.00 0.00 0.00 0.00 0.44 4.60 9.42 12.78 13.94 15.60 21.90 20.49 14.60 9.73 4.87 4.25 4.40
0.22 0.00 0.51 1.10 2.26 3.50 3.07 2.85 4.96 4.96 6.35 4.16 0.00 0.00 0.00 0.00 0.00 0.00 1.61 5.62 0.00 6.72 6.42 7.23 9.20 8.83 9.05 11.68 14.31 12.26 10.37 8.32 5.55 5.26 3.80 3.80 0.00 0.00 0.00 0.00 0.00 0.00 0.00 0.00 0.00 0.00 0.00 0.00 0.00 0.00 0.00 0.00 0.00 0.00 0.00 0.00 0.00 0.00 0.00 0.00 0.00 0.00 0.00 0.00 0.00 0.00 0.00 0.00 0.00 0.00 0.00 3.94 11.32 15.91 18.34 17.41 15.08 16.55 17.58 14.07 11.32 4.84 3.73 0.00
0.00 0.00 0.00 0.73 1.02 2.19 1.68 3.94 3.07 3.07 6.20 3.29 1.46 0.00 0.00 0.00 0.00 0.00 3.07 7.59 9.13 6.79 8.69 9.86 11.46 11.39 12.05 14.02 16.06 14.97 11.32 8.32 5.91 3.58 0.00 0.00 0.00 0.00 0.00 0.00 0.00 0.00 0.00 0.00 0.00 0.00 0.00 0.00 0.00 0.00 0.00 0.00 0.00 0.00 0.00 0.00 0.00 0.00 0.00 0.00 0.00 0.00 0.00 0.00 0.00 0.00 0.00 0.00 0.00 0.00 3.94 6.86 16.08 23.30 24.01 23.39 21.16 14.68 11.22 9.66 6.41 4.94 2.92 0.00
0.95 1.17 2.48 3.36 3.65 3.29 4.23 7.01 7.88 7.88 6.20 3.72 0.00 0.00 0.00 0.00 2.34 4.16 5.69 9.05 9.64 12.63 9.78 12.78 14.53 14.31 12.78 12.99 14.24 13.80 8.40 5.69 3.58 0.00 0.00 0.00 0.00 0.00 0.00 0.00 0.00 0.00 0.00 0.00 0.00 0.00 0.00 0.00 0.00 0.00 0.00 0.00 0.00 0.00 0.00 0.00 0.00 0.00 0.00 0.00 0.00 0.00 0.00 0.00 0.00 0.00 0.00 0.00 0.00 4.31 10.66 15.33 21.07 24.73 26.51 22.60 19.29 15.59 12.73 8.85 5.74 2.79 0.00 0.00
4.38 4.74 6.35 7.23 5.33 3.87 5.04 4.53 4.45 4.45 4.74 0.44 0.00 0.00 0.00 1.39 2.12 4.02 5.40 5.84 7.96 10.29 11.02 10.88 11.61 10.15 8.54 7.96 9.86 7.96 4.09 1.97 0.00 0.00 0.00 0.00 0.00 0.00 0.00 0.00 0.00 0.00 0.00 0.00 0.00 0.00 0.00 0.00 0.00 0.00 0.00 0.00 0.00 0.00 0.00 0.00 0.00 0.00 0.00 0.00 0.00 0.00 0.00 0.00 0.00 0.00 0.00 0.00 1.10 7.88 16.32 23.39 27.05 22.91 23.03 21.48 16.17 16.42 12.23 5.97 3.87 2.10 0.00 0.00
4.38 4.74 6.35 7.23 5.33 3.87 5.04 4.53 4.45 4.45 4.74 0.44 0.00 0.00 0.00 1.39 2.12 4.02 5.40 5.84 7.96 10.29 11.02 10.88 11.61 10.15 8.54 7.96 9.86 7.96 4.09 1.97 0.00 0.00 0.00 0.00 0.00 0.00 0.00 0.00 0.00 0.00 0.00 0.00 0.00 0.00 0.00 0.00 0.00 0.00 0.00 0.00 0.00 0.00 0.00 0.00 0.00 0.00 0.00 0.00 0.00 0.00 0.00 0.00 0.00 0.00 0.00 0.00 1.10 7.88 16.41 23.14 24.46 25.53 24.57 25.06 18.77 15.90 12.78 5.80 4.10 2.49 0.00 0.00
3.29 2.48 6.28 8.40 5.18 1.97 0.73 1.24 3.29 3.29 4.23 0.00 0.00 0.00 0.00 0.88 1.02 2.12 2.48 2.19 4.09 6.57 6.79 5.62 5.77 4.67 3.14 6.79 7.52 5.04 3.14 0.00 0.00 0.00 0.00 0.00 0.00 0.00 0.00 0.00 0.00 0.00 0.00 0.00 0.00 0.00 0.00 0.00 0.00 0.00 0.00 0.00 0.00 0.00 0.00 0.00 0.00 0.00 0.00 0.00 0.00 0.00 0.00 0.00 0.00 0.00 0.00 0.00 2.42 13.05 21.75 24.85 27.80 27.62 23.81 19.63 13.33 11.13 9.00 5.54 2.09 0.00 0.00 0.00
3.72 6.42 10.00 10.59 6.79 2.41 1.46 1.68 3.87 3.87 6.35 6.42 1.10 0.00 0.44 1.39 1.02 0.95 1.97 4.16 6.86 8.54 7.23 5.26 3.36 0.00 2.92 5.48 5.91 3.29 0.00 0.00 0.00 0.00 0.00 0.00 0.00 0.00 0.00 0.00 0.00 0.00 0.00 0.00 0.00 0.00 0.00 0.00 0.00 0.00 0.00 0.00 0.00 0.00 0.00 0.00 0.00 0.00 0.00 0.00 0.00 0.00 0.00 0.00 0.00 0.00 0.00 0.00 3.65 14.89 23.94 26.87 28.01 27.08 17.45 12.15 9.27 4.90 5.01 3.46 0.00 0.00 0.00 0.00
7.66 12.41 12.70 11.32 9.27 6.57 3.94 4.60 7.30 7.30 9.13 7.96 4.02 2.26 0.00 0.00 0.00 0.44 2.70 4.96 7.45 8.03 6.94 6.06 3.21 1.31 1.10 2.04 0.88 2.04 0.00 0.00 0.00 0.00 0.00 0.00 0.00 0.00 0.00 0.00 0.00 0.00 0.00 0.00 0.00 0.00 0.00 0.00 0.00 0.00 0.00 0.00 0.00 0.00 0.00 0.00 0.00 0.00 0.00 0.00 0.00 0.00 0.00 0.00 0.00 0.00 0.00 0.00 3.72 9.93 17.81 23.54 25.29 21.16 15.01 8.83 4.27 3.34 0.00 0.00 0.00 0.00 0.00 0.00
13.14 12.85 10.66 10.15 9.34 8.47 7.08 8.54 9.71 9.71 7.23 5.40 2.92 1.90 0.00 0.00 0.00 2.04 5.04 6.86 8.91 8.18 10.73 12.99 14.89 4.23 8.03 5.69 4.74 4.38 2.48 0.00 0.00 0.00 0.00 0.00 0.00 0.00 0.00 0.00 0.00 0.00 0.00 0.00 0.00 0.00 0.00 0.00 0.00 0.00 0.00 0.00 0.00 0.00 0.00 0.00 0.00 0.00 0.00 0.00 0.00 0.00 0.00 0.00 0.00 0.00 0.00 0.00 5.04 11.83 16.79 20.28 21.12 11.74 6.63 3.38 0.00 0.00 0.00 0.00 0.00 0.00 0.00 0.00
10.88 12.85 8.76 9.34 8.98 8.03 7.30 7.01 6.64 6.64 3.29 1.97 3.65 5.18 1.97 5.62 6.28 9.05 15.48 14.16 15.91 18.40 22.85 23.65 24.45 24.38 15.99 15.33 12.19 9.56 4.82 2.12 0.15 0.00 0.00 0.00 0.00 0.00 0.00 0.00 0.00 0.00 0.00 0.00 0.00 0.00 0.00 0.00 0.00 0.00 0.00 0.00 0.00 0.00 0.00 0.00 0.00 0.00 0.00 0.00 0.00 0.00 0.00 0.00 0.00 0.00 0.00 0.00 1.75 8.25 12.34 13.51 11.44 4.79 1.51 0.00 0.00 0.00 0.00 0.00 0.00 0.00 0.00 0.00
9.20 7.45 7.01 6.57 5.62 5.04 4.74 3.43 3.65 3.65 3.50 1.90 3.87 9.71 9.64 13.29 17.81 19.86 22.85 25.70 27.30 28.84 28.76 26.28 24.89 20.08 16.50 17.08 12.70 8.98 4.09 1.90 0.07 0.00 0.00 0.00 0.00 0.00 0.00 0.00 0.00 0.00 0.00 0.00 0.00 0.00 0.00 0.00 0.00 0.00 0.00 0.00 0.00 0.00 0.00 0.00 0.00 0.00 0.00 0.00 0.00 0.00 0.00 0.00 0.00 0.00 0.00 0.00 0.00 1.39 4.60 5.06 3.13 0.00 0.00 0.00 0.00 0.00 0.00 0.00 0.00 0.00 0.00 0.00
9.20 7.45 7.01 6.57 5.62 5.04 4.74 3.43 3.65 3.65 3.50 1.90 3.87 9.71 9.64 13.29 17.81 19.86 22.85 25.70 27.30 28.84 28.76 26.28 24.89 20.08 16.50 17.08 12.70 8.98 4.09 1.90 0.07 0.00 0.00 0.00 0.00 0.00 0.00 0.00 0.00 0.00 0.00 0.00 0.00 0.00 0.00 0.00 0.00 0.00 0.00 0.00 0.00 0.00 0.00 0.00 0.00 0.00 0.00 0.00 0.00 0.00 0.00 0.00 0.00 0.00 0.00 0.00 0.00 1.39 4.60 5.04 3.08 0.00 0.00 0.00 0.00 0.00 0.00 0.00 0.00 0.00 0.00 0.00
9.78 8.54 6.86 5.48 4.67 3.94 4.53 4.09 3.94 3.94 3.50 3.14 5.84 13.36 18.18 17.52 16.86 17.52 21.17 25.33 28.18 24.97 21.24 16.21 12.70 7.52 5.26 6.20 3.94 2.70 0.00 0.00 0.00 0.00 0.00 0.00 0.00 0.00 0.00 0.00 0.00 0.00 0.00 0.00 0.00 0.00 0.00 0.00 0.00 0.00 0.00 0.00 0.00 0.00 0.00 0.00 0.00 0.00 0.00 0.00 0.00 0.00 0.00 0.00 0.00 0.00 0.00 0.00 0.00 0.00 0.00 0.00 0.00 0.00 0.00 0.00 0.00 0.00 0.00 0.00 0.00 0.00 0.00 0.00
