Wansh/Snow_depth/snowdepth-1988/spring/1988109.txt
ncols 321
nrows 161
xllcenter 60
yllcenter 15 
cellsize  0.25 
NODATA_value -1
[rows 0 to 36 of 161, columns 84 to 167 of 321]
0.22 0.29 0.88 0.37 1.24 0.51 0.15 0.00 0.00 0.88 4.82 5.84 6.50 4.74 2.41 1.24 1.46 0.80 0.80 0.88 0.66 0.80 2.19 5.99 8.18 8.69 9.13 9.05 8.25 7.30 6.64 7.45 7.45 3.94 0.88 0.00 0.00 0.00 0.00 0.00 1.10 4.38 6.57 6.57 5.99 5.11 4.82 4.67 4.82 5.55 6.42 6.79 6.35 4.67 3.21 1.53 1.39 3.21 4.02 4.09 3.80 4.16 4.23 3.58 2.56 3.07 4.74 5.40 5.40 6.13 4.96 4.16 3.50 3.87 5.18 6.28 6.94 5.55 4.45 4.38 4.60 5.11 4.67 4.23
0.00 0.00 0.29 0.00 0.00 0.00 0.00 0.00 0.00 0.66 3.58 6.50 9.71 9.34 8.98 7.74 5.33 1.83 1.83 0.00 0.00 0.00 0.00 3.21 7.30 9.13 9.64 9.86 10.29 10.73 9.20 7.59 6.79 4.09 1.31 0.00 0.00 0.00 0.00 0.00 0.29 3.72 5.69 5.69 6.35 5.26 4.74 4.09 3.72 3.80 3.65 4.09 4.89 5.99 6.57 6.13 6.28 6.72 6.57 6.35 7.45 7.08 7.37 6.94 6.42 6.79 7.88 8.83 8.83 8.61 8.25 5.91 2.70 1.02 0.37 1.10 1.53 0.95 0.73 1.17 2.41 2.77 3.07 3.21
0.00 0.00 0.00 0.00 0.00 0.00 0.00 0.00 0.00 0.00 0.29 4.09 7.45 10.66 11.61 11.75 9.71 7.23 7.23 4.67 1.83 1.53 0.15 0.58 2.70 5.48 8.03 9.13 10.80 12.56 11.90 9.05 7.15 5.55 4.60 3.80 1.75 0.00 0.00 0.00 0.00 0.00 0.00 0.00 0.00 0.51 0.80 2.56 3.14 3.72 4.02 4.38 5.04 6.13 7.15 7.81 8.69 9.27 10.80 11.17 11.02 10.15 9.86 9.34 9.86 10.37 11.17 12.41 12.41 13.36 11.02 8.18 4.89 2.85 1.31 0.15 0.00 0.00 0.00 0.00 0.00 0.00 0.00 0.22
0.00 0.00 0.00 0.00 0.00 0.00 0.00 0.00 0.00 0.00 0.29 4.09 7.45 10.66 11.61 11.75 9.71 7.23 7.23 4.67 1.83 1.53 0.15 0.58 2.70 5.48 8.03 9.13 10.80 12.56 11.90 9.05 7.15 5.55 4.60 3.80 1.75 0.00 0.00 0.00 0.00 0.00 0.00 0.00 0.00 0.51 0.80 2.56 3.14 3.72 4.02 4.38 5.04 6.13 7.15 7.81 8.69 9.27 10.80 11.17 11.02 10.15 9.86 9.34 9.86 10.37 11.17 12.41 12.41 13.36 11.02 8.18 4.89 2.85 1.31 0.15 0.00 0.00 0.00 0.00 0.00 0.00 0.00 0.22
0.00 0.00 0.00 0.00 0.15 0.07 0.00 0.00 0.00 0.00 0.00 0.58 1.75 4.16 5.33 6.06 5.91 5.99 5.99 6.50 6.50 6.06 3.65 1.46 1.02 2.04 3.87 6.79 9.05 11.46 11.75 10.29 9.49 8.40 8.25 8.40 4.89 1.68 0.00 0.00 0.00 0.00 0.00 0.00 0.00 0.00 0.00 0.00 1.02 3.80 4.82 4.89 4.89 4.82 5.26 5.26 6.50 8.76 9.64 11.17 11.90 11.90 11.75 11.68 11.75 11.24 10.22 10.37 10.37 10.37 9.27 8.83 8.25 7.08 4.31 2.92 2.19 2.41 2.70 1.39 0.88 0.15 0.00 0.00
0.00 0.00 0.00 0.00 0.00 0.00 0.00 0.00 0.00 0.00 0.00 0.00 0.00 0.00 1.10 1.31 0.88 2.70 2.70 3.07 4.67 5.77 5.99 4.96 4.09 3.94 4.16 5.48 7.08 8.69 9.86 9.78 9.56 9.13 8.61 8.25 4.82 0.80 0.00 0.00 0.00 0.00 0.00 0.00 0.00 0.00 0.00 0.00 0.00 3.07 5.48 5.84 5.84 5.91 5.99 6.28 6.64 6.64 8.18 9.49 10.59 11.75 13.29 14.53 14.53 12.41 11.32 10.15 10.15 9.49 8.54 9.05 11.10 10.44 9.42 7.23 5.91 4.74 4.45 4.31 3.50 0.58 0.00 0.00
0.00 0.00 0.00 0.00 0.00 0.00 0.00 0.00 0.00 0.00 0.00 0.00 0.00 0.00 0.00 0.00 0.00 0.00 0.00 0.00 0.00 0.00 6.13 7.23 7.45 7.88 7.37 7.30 7.37 7.88 7.88 7.96 8.25 8.69 8.25 5.84 3.58 0.37 0.00 0.00 0.00 0.00 0.00 0.00 0.00 0.00 0.00 0.29 1.90 3.65 5.33 6.42 6.64 5.18 5.04 6.35 7.01 7.81 9.71 10.80 11.32 12.12 13.07 15.62 17.08 17.30 15.55 13.72 13.72 12.26 11.39 12.12 12.34 12.63 12.12 11.17 10.15 7.01 5.99 4.09 3.58 3.14 2.41 0.88
0.00 0.00 0.00 0.00 0.00 0.00 0.00 0.00 0.00 0.00 0.00 0.00 0.00 0.00 0.00 0.00 0.00 0.00 0.00 0.00 0.00 0.00 6.13 7.23 7.45 7.88 7.37 7.30 7.37 7.88 7.88 7.96 8.25 8.69 8.25 5.84 3.58 0.37 0.00 0.00 0.00 0.00 0.00 0.00 0.00 0.00 0.00 0.29 1.90 3.65 5.33 6.42 6.64 5.18 5.04 6.35 7.01 7.81 9.71 10.80 11.32 12.12 13.07 15.62 17.08 17.30 15.55 13.72 13.72 12.26 11.39 12.12 12.34 12.63 12.12 11.17 10.15 7.01 5.99 4.09 3.58 3.14 2.41 0.88
0.00 0.00 0.00 0.00 0.00 0.00 0.00 0.00 0.00 0.00 0.00 0.00 0.00 0.00 0.00 0.00 0.00 0.00 0.00 0.00 0.00 0.00 4.96 7.01 7.37 7.23 0.00 0.00 0.00 0.00 0.00 6.42 6.28 6.94 6.50 4.60 1.61 0.00 1.24 1.83 1.75 0.95 1.46 1.46 1.68 2.19 2.34 3.21 4.16 5.11 6.50 8.25 7.74 6.13 5.40 6.28 7.66 7.52 7.74 9.86 10.66 10.73 11.68 12.99 14.24 15.99 14.75 13.14 13.14 12.70 11.53 11.90 12.78 12.41 11.46 12.19 12.41 12.63 10.66 7.88 5.33 3.43 3.29 2.56
0.00 0.00 0.00 0.00 0.00 0.00 0.00 0.00 0.00 0.00 0.00 0.00 0.00 0.00 0.00 0.00 0.00 0.00 0.00 0.00 0.00 0.00 3.43 4.23 0.00 0.00 0.00 0.00 0.00 0.00 0.00 0.00 5.18 4.89 5.69 4.31 2.92 3.50 4.67 5.84 5.26 4.16 4.23 4.23 4.96 5.04 5.33 5.33 5.69 7.59 7.81 9.64 10.00 9.34 7.52 7.01 8.03 7.88 7.30 6.86 7.30 8.69 10.15 11.39 12.34 12.26 11.17 11.02 11.02 10.80 10.88 11.90 14.24 14.09 13.36 12.99 13.21 14.89 14.16 10.88 6.72 4.09 2.85 1.39
0.00 0.00 0.00 0.00 0.00 0.00 0.00 0.00 0.00 0.00 0.00 0.00 0.00 0.00 0.00 0.00 0.00 0.00 0.00 0.00 0.00 0.00 0.00 0.00 0.00 0.00 0.00 0.00 0.00 4.02 0.00 3.07 2.99 4.02 3.87 3.87 5.18 5.91 6.28 6.79 6.79 6.94 7.52 7.52 7.59 6.57 5.55 5.48 5.77 5.62 5.48 5.40 6.94 7.96 8.98 9.71 10.80 11.46 11.61 8.98 7.59 7.45 9.34 11.46 12.48 11.68 11.39 10.80 10.80 10.80 12.56 13.72 15.18 16.35 16.43 16.21 15.62 15.70 15.91 14.89 11.97 8.54 6.64 4.67
0.00 0.00 0.00 0.00 0.00 0.00 0.00 0.00 0.00 0.00 0.00 0.00 0.00 0.00 0.00 0.00 0.00 0.00 0.00 0.00 0.00 0.00 0.00 0.00 0.00 0.00 0.00 0.00 0.00 4.02 0.00 3.07 2.99 4.02 3.87 3.87 5.18 5.91 6.28 6.79 6.79 6.94 7.52 7.52 7.59 6.57 5.55 5.48 5.77 5.62 5.48 5.40 6.94 7.96 8.98 9.71 10.80 11.46 11.61 8.98 7.59 7.45 9.34 11.46 12.48 11.68 11.39 10.80 10.80 10.80 12.56 13.72 15.18 16.35 16.43 16.21 15.62 15.70 15.91 14.89 11.97 8.54 6.64 4.67
0.00 0.00 0.00 0.00 0.00 0.00 0.00 0.00 0.00 0.00 0.00 0.00 0.00 0.00 0.00 0.00 0.00 0.00 0.00 0.00 0.00 0.00 0.00 0.00 0.00 0.00 0.00 0.00 0.00 4.38 5.69 5.48 5.48 6.28 7.74 8.69 10.29 10.51 9.42 8.76 9.27 9.49 7.88 7.88 6.94 6.13 6.06 6.35 5.91 4.53 3.14 2.26 1.83 2.63 5.26 7.59 10.73 13.29 14.31 13.51 11.17 10.73 11.53 12.63 12.70 12.12 11.46 12.12 12.12 14.16 14.60 15.48 16.43 16.86 18.47 19.27 18.91 18.69 17.81 16.79 14.82 11.46 9.64 7.66
0.00 0.00 0.00 0.00 0.00 0.00 0.00 0.00 0.00 0.00 0.00 0.00 0.00 0.00 0.00 0.00 0.00 0.00 0.00 0.00 0.00 0.00 0.00 4.89 4.60 0.00 3.07 4.38 5.33 8.40 9.93 12.05 12.48 13.14 13.07 13.07 12.05 10.66 8.91 7.66 7.15 6.06 4.16 4.16 3.87 3.50 4.16 4.67 3.94 3.21 1.97 1.24 0.37 0.00 0.00 1.83 2.26 5.91 9.05 10.59 10.88 11.75 12.78 13.80 14.31 12.99 11.68 12.56 12.56 14.82 16.21 16.28 16.64 16.50 15.62 16.79 15.33 11.46 10.73 12.48 12.99 10.59 7.23 5.99
0.00 0.00 0.00 0.00 0.00 0.00 0.00 0.00 0.00 0.00 0.00 0.00 0.00 4.23 4.82 0.00 0.00 5.48 5.48 4.96 4.02 4.82 7.23 7.66 8.18 7.15 5.91 7.08 9.56 11.83 14.24 16.21 17.01 15.11 13.36 12.12 8.32 4.53 4.38 3.36 3.29 2.34 1.75 1.75 2.99 3.36 3.07 3.21 3.21 2.12 1.02 0.66 0.37 0.00 0.00 0.00 0.00 1.46 3.07 5.33 6.64 7.37 8.83 10.22 11.61 12.56 13.65 13.14 13.14 13.51 15.04 15.26 13.21 10.37 9.34 13.07 12.48 5.40 3.14 4.82 8.32 10.66 9.93 9.71
0.00 0.00 0.00 0.00 0.00 0.00 0.00 0.00 0.00 0.00 4.45 5.33 5.77 6.79 6.72 5.62 5.62 0.00 0.00 5.99 7.23 7.15 8.91 10.59 11.61 11.10 10.29 9.42 9.49 11.90 14.89 17.30 17.30 15.33 12.41 8.69 4.38 2.04 2.12 2.56 3.21 4.16 4.89 4.89 5.18 6.06 6.13 5.48 5.26 5.04 4.89 4.89 5.26 5.62 4.16 3.36 1.68 1.17 2.92 4.45 5.91 6.50 6.42 6.20 7.66 10.22 12.05 13.58 13.58 15.48 14.97 13.29 10.73 7.30 7.23 8.91 10.66 7.74 3.87 3.14 5.33 6.50 6.86 7.66
0.00 0.00 0.00 0.00 0.00 0.00 0.00 0.00 0.00 0.00 4.45 5.33 5.77 6.79 6.72 5.62 5.62 0.00 0.00 5.99 7.23 7.15 8.91 10.59 11.61 11.10 10.29 9.42 9.49 11.90 14.89 17.30 17.30 15.33 12.41 8.69 4.38 2.04 2.12 2.56 3.21 4.16 4.89 4.89 5.18 6.06 6.13 5.48 5.26 5.04 4.89 4.89 5.26 5.62 4.16 3.36 1.68 1.17 2.92 4.45 5.91 6.50 6.42 6.20 7.66 10.22 12.05 13.58 13.58 15.48 14.97 13.29 10.73 7.30 7.23 8.91 10.66 7.74 3.87 3.14 5.33 6.50 6.86 7.66
0.00 0.00 0.00 0.00 0.00 0.00 0.00 0.00 0.00 0.00 5.26 6.28 6.28 8.32 9.20 6.72 5.91 6.28 6.28 5.04 9.78 7.01 6.28 6.86 10.00 12.34 12.26 11.10 9.78 11.61 15.62 17.37 17.59 15.70 13.43 9.56 6.72 5.40 4.82 5.91 6.72 6.57 4.96 4.96 2.99 2.77 2.85 2.41 2.26 1.90 2.12 1.61 3.21 5.26 5.84 6.28 5.69 5.69 6.28 8.98 9.13 9.20 8.47 8.83 9.13 9.86 10.66 12.99 12.99 15.40 16.94 15.48 10.88 9.05 8.61 8.69 7.96 5.48 3.43 3.87 3.36 2.26 1.02 2.26
0.00 0.00 0.00 0.00 0.00 0.00 0.00 0.00 0.00 0.00 0.00 5.69 7.23 9.34 9.78 7.59 5.11 4.89 4.89 3.87 3.65 9.20 6.86 6.42 8.18 11.61 12.70 12.26 11.75 13.21 14.89 16.86 17.30 16.94 15.70 12.63 9.56 7.37 5.91 5.48 4.74 3.43 2.26 2.26 0.37 0.07 0.00 0.00 0.00 0.00 0.00 0.00 0.00 0.00 0.66 1.39 3.94 5.77 8.69 11.68 15.33 16.64 14.75 13.58 12.85 11.10 11.39 13.65 13.65 15.91 16.28 14.67 12.56 9.27 7.74 7.59 6.64 4.67 2.48 1.39 1.75 1.10 0.00 0.00
0.00 0.00 0.00 0.00 0.00 0.00 0.00 0.00 0.00 0.00 0.00 8.83 9.20 8.10 0.00 0.00 0.00 0.00 0.00 2.41 2.56 9.71 9.20 7.30 9.05 11.32 13.65 13.58 11.53 10.15 9.05 10.59 12.63 15.26 13.21 10.66 6.42 3.72 2.41 1.97 2.26 1.24 1.46 1.46 0.00 0.00 0.00 0.00 0.00 0.00 0.00 0.00 0.00 0.00 0.00 0.00 0.00 2.56 5.62 10.66 14.82 16.86 18.47 18.54 17.59 15.55 14.97 14.60 14.60 14.67 10.22 6.20 3.94 4.38 2.77 2.26 2.19 2.77 3.94 3.43 2.85 2.26 2.12 1.17
0.00 0.00 0.00 0.00 0.00 0.00 0.00 0.00 0.00 0.00 0.00 0.00 0.00 0.00 0.00 0.00 0.00 0.00 0.00 2.56 4.38 6.13 13.51 13.36 13.65 15.11 16.06 15.70 12.12 9.05 6.94 5.40 5.99 9.05 9.13 6.50 2.04 1.24 0.00 2.63 4.89 4.67 2.77 2.77 1.31 0.00 0.00 0.00 0.00 0.00 0.00 0.00 0.00 0.00 0.00 0.00 0.00 0.00 0.00 3.50 7.45 9.93 11.46 14.09 16.06 16.79 15.84 14.16 14.16 10.07 5.18 1.46 0.80 0.51 0.22 0.51 0.00 0.00 1.10 1.75 1.90 1.31 0.88 0.88
0.00 0.00 0.00 0.00 0.00 0.00 0.00 0.00 10.07 13.14 0.00 0.00 0.00 0.00 0.00 0.00 0.00 0.00 0.00 0.00 3.80 6.72 7.96 17.67 18.54 19.27 20.22 19.35 18.10 14.82 10.07 6.28 4.82 4.89 5.18 3.58 1.17 1.02 1.10 0.00 5.04 6.42 3.14 3.14 0.73 0.00 0.00 1.17 0.00 0.00 0.00 1.61 1.17 1.10 1.75 3.07 4.23 3.07 1.17 1.46 2.56 3.80 3.94 5.91 10.59 13.51 11.68 10.80 10.80 9.93 7.08 3.21 1.31 0.22 0.00 0.00 0.00 0.88 0.00 0.00 0.00 0.15 0.00 0.00
0.00 0.00 0.00 0.00 0.00 0.00 0.00 0.00 10.07 13.14 0.00 0.00 0.00 0.00 0.00 0.00 0.00 0.00 0.00 0.00 3.80 6.72 7.96 17.67 18.54 19.27 20.22 19.35 18.10 14.82 10.07 6.28 4.82 4.89 5.18 3.58 1.17 1.02 1.10 0.00 5.04 6.42 3.14 3.14 0.73 0.00 0.00 1.17 0.00 0.00 0.00 1.61 1.17 1.10 1.75 3.07 4.23 3.07 1.17 1.46 2.56 3.80 3.94 5.91 10.59 13.51 11.68 10.80 10.80 9.93 7.08 3.21 1.31 0.22 0.00 0.00 0.00 0.88 0.00 0.00 0.00 0.15 0.00 0.00
0.00 0.00 0.00 0.00 0.00 0.00 0.00 15.26 17.08 0.00 0.00 0.00 0.00 0.00 0.00 0.00 0.00 0.00 0.00 0.00 3.58 5.18 7.15 8.47 18.40 20.22 20.29 19.27 17.74 15.33 11.90 8.76 5.91 3.87 2.34 1.61 0.44 0.07 0.00 0.00 2.26 2.26 0.00 0.00 0.00 0.00 0.00 0.00 0.00 0.00 0.00 0.00 0.00 1.61 2.34 3.50 3.87 3.50 2.04 2.12 3.80 4.45 4.53 8.18 12.92 14.09 12.12 9.20 9.20 9.13 11.53 9.13 4.31 1.83 1.46 0.58 0.00 0.00 0.00 0.00 0.00 0.00 0.00 0.00
0.00 0.00 0.00 2.19 4.09 7.52 10.29 12.41 11.02 4.31 0.00 0.00 0.00 0.00 0.00 0.00 3.29 4.31 4.31 4.31 4.09 4.09 3.14 5.66 7.63 24.60 19.39 17.81 16.86 15.99 14.16 10.07 6.20 4.23 0.00 0.00 0.80 0.73 1.24 2.41 1.83 0.00 0.00 0.00 0.00 0.00 0.00 0.00 0.00 0.00 0.00 0.00 0.00 0.00 0.00 0.00 0.00 0.00 0.00 4.09 7.59 6.13 5.91 8.18 12.41 15.04 14.89 13.29 13.29 12.41 13.14 12.26 9.93 5.62 2.48 1.53 0.37 0.00 0.00 0.00 0.00 0.00 0.00 0.00
2.12 0.00 3.07 3.50 3.72 3.21 3.29 1.68 0.00 0.00 0.00 0.00 0.00 0.00 0.00 0.00 0.00 0.00 0.00 0.00 0.00 0.00 0.00 0.00 4.23 26.74 23.42 22.35 20.37 18.98 16.35 12.99 11.02 7.74 5.04 2.92 2.56 1.97 1.97 2.41 1.10 1.02 0.00 0.00 0.00 0.00 0.00 0.00 0.00 0.00 0.00 0.00 0.00 0.00 0.00 0.00 0.00 0.00 0.00 3.58 8.91 10.29 8.40 8.61 8.83 9.93 11.75 13.36 13.36 13.72 11.75 9.20 7.01 5.18 4.45 3.43 2.63 1.39 1.24 0.66 0.00 0.00 0.00 0.00
1.61 0.00 1.61 1.68 0.95 0.00 0.00 0.00 0.00 0.00 0.00 0.00 0.00 0.00 0.00 0.00 0.00 0.00 0.00 0.00 0.00 0.00 0.00 0.00 0.00 2.57 25.80 24.92 23.48 21.60 18.91 17.52 16.86 13.29 9.34 7.15 6.86 4.96 3.65 2.12 0.58 0.66 0.00 0.00 0.00 0.00 0.00 0.00 0.00 0.00 0.00 0.00 0.00 0.00 0.00 0.00 0.00 0.00 0.00 3.65 10.51 14.16 13.94 12.99 11.02 8.69 11.17 15.62 15.62 16.13 14.97 13.14 9.20 7.74 7.01 6.28 4.60 2.56 1.68 1.17 0.22 0.00 0.00 0.00
0.51 1.83 0.00 0.66 0.00 0.00 0.00 0.00 0.00 0.00 0.00 0.00 0.00 0.00 0.00 0.00 0.00 0.00 0.00 0.00 0.00 0.00 0.00 0.00 0.00 0.00 0.00 21.98 21.31 19.76 19.88 21.17 20.37 18.40 15.55 14.67 13.14 8.69 4.53 2.85 2.19 0.58 0.29 0.29 0.00 0.00 0.00 0.00 0.00 0.00 0.00 0.00 0.00 0.00 0.00 0.00 0.00 0.00 0.00 0.00 8.25 14.89 17.37 19.20 17.81 15.62 15.26 16.79 16.79 16.43 14.75 12.56 9.78 7.15 6.28 5.48 4.23 2.04 1.17 1.10 0.37 0.00 0.00 0.00
0.51 1.83 0.00 0.66 0.00 0.00 0.00 0.00 0.00 0.00 0.00 0.00 0.00 0.00 0.00 0.00 0.00 0.00 0.00 0.00 0.00 0.00 0.00 0.00 0.00 0.00 0.00 20.43 19.91 20.07 20.08 22.05 22.88 19.47 15.95 14.67 13.14 8.69 4.53 2.85 2.19 0.58 0.29 0.29 0.00 0.00 0.00 0.00 0.00 0.00 0.00 0.00 0.00 0.00 0.00 0.00 0.00 0.00 0.00 0.00 8.25 14.89 17.37 19.20 17.81 15.62 15.26 16.79 16.79 16.43 14.75 12.56 9.78 7.15 6.28 5.48 4.23 2.04 1.17 1.10 0.37 0.00 0.00 0.00
1.53 2.99 2.92 0.00 0.00 0.00 0.00 0.00 0.00 0.00 0.00 0.00 0.00 0.00 0.00 0.00 0.00 0.00 0.00 0.00 0.00 0.00 0.00 0.00 0.00 0.00 0.00 11.01 13.14 9.32 12.98 17.85 23.77 23.39 20.55 19.82 17.48 12.19 7.59 6.13 4.23 2.12 1.53 1.53 1.61 0.66 0.00 0.00 0.00 0.00 0.00 0.00 0.00 0.00 0.00 0.00 0.00 0.00 0.00 0.00 3.72 9.49 13.21 18.18 20.81 21.10 18.40 18.25 18.25 17.30 13.07 10.51 10.07 8.69 7.88 8.03 6.28 3.65 2.77 2.12 0.44 0.00 0.00 0.00
2.56 5.33 6.72 0.00 0.00 0.00 0.00 0.00 0.00 0.00 0.00 0.00 0.00 0.00 0.00 0.00 0.00 0.00 0.00 0.00 0.00 0.00 0.00 0.00 0.00 0.00 0.00 0.00 0.00 0.00 2.70 8.18 14.31 20.89 24.55 23.60 20.68 16.21 12.56 10.51 10.66 6.35 1.90 1.90 0.44 0.00 0.00 0.00 0.00 0.00 0.00 0.00 0.00 0.00 0.00 0.00 0.00 0.00 0.00 0.00 0.00 0.00 5.91 15.11 21.46 21.10 17.96 16.28 16.28 15.48 11.68 9.42 9.56 9.20 9.27 9.56 7.88 6.28 4.67 3.14 2.48 0.66 0.00 0.00
0.00 1.17 2.85 2.34 0.00 0.00 4.23 6.06 0.00 0.00 0.00 0.00 0.00 0.00 0.00 4.60 0.00 0.00 0.00 0.00 0.00 0.00 0.00 0.00 0.00 0.00 0.00 0.00 0.00 0.00 0.00 2.12 6.06 12.34 19.36 22.50 27.52 22.63 19.64 19.35 17.96 14.75 7.15 7.15 2.85 1.46 0.66 0.00 0.37 0.00 0.00 0.00 0.00 0.00 0.00 0.00 0.00 0.00 0.00 0.00 0.00 0.00 5.40 13.87 18.91 18.61 17.08 13.94 13.94 11.68 8.54 5.99 6.13 6.50 6.94 9.64 10.80 11.39 10.15 8.18 7.01 5.55 3.87 0.22
0.00 0.00 0.00 0.00 0.00 0.00 0.00 0.00 0.00 0.00 3.72 0.00 0.00 0.00 5.55 7.30 6.20 0.00 0.00 0.00 0.00 0.00 0.00 0.00 0.00 0.00 0.00 0.00 0.00 0.00 0.00 0.00 0.00 4.16 8.18 16.94 23.05 24.13 22.12 21.46 20.44 18.61 12.63 12.63 6.79 5.40 3.58 3.07 1.31 0.80 1.39 1.61 0.00 0.00 0.00 0.00 0.00 0.00 1.61 1.83 0.00 0.00 0.00 5.40 9.93 13.07 12.05 10.07 10.07 5.91 4.38 0.00 1.90 1.61 2.92 6.35 10.29 13.72 14.53 11.46 9.20 8.32 5.69 2.99
0.00 0.00 0.00 0.00 0.00 0.00 0.00 0.00 0.00 0.00 0.00 0.00 0.00 5.33 7.45 5.77 2.63 0.00 0.00 0.00 0.00 0.00 0.00 0.00 0.00 0.00 0.00 0.00 0.00 0.00 0.00 0.00 0.00 0.00 0.00 5.84 13.72 14.75 15.71 17.52 21.06 20.00 16.79 16.79 12.78 10.44 9.64 6.50 4.38 2.41 0.00 0.00 0.00 0.00 0.00 0.00 0.00 0.00 1.90 3.14 2.77 0.00 0.00 0.00 0.00 3.43 4.53 4.09 4.09 0.00 0.00 0.00 0.00 0.66 0.51 1.39 4.02 6.20 10.07 10.73 9.05 7.15 4.89 2.77
0.00 0.00 0.00 0.00 0.00 0.00 0.00 0.00 0.00 0.00 0.00 0.00 1.97 4.16 3.07 0.73 0.00 0.00 0.00 0.00 0.00 0.00 0.00 0.00 0.00 0.00 0.00 0.00 0.00 0.00 0.00 0.00 0.00 0.00 0.00 0.00 4.09 5.16 8.10 10.88 14.89 12.99 12.26 12.26 13.36 14.38 14.38 11.83 10.37 7.81 5.48 4.31 0.00 0.00 0.00 0.00 0.00 0.00 0.00 0.00 0.00 2.77 0.00 0.00 0.00 0.00 0.00 0.00 0.00 0.00 0.00 0.00 0.00 0.00 0.00 0.00 0.00 0.00 2.41 3.29 4.53 4.96 4.09 2.04
0.00 0.00 0.00 0.00 0.00 0.00 0.00 0.00 0.00 0.00 0.00 0.00 1.97 4.16 3.07 0.73 0.00 0.00 0.00 0.00 0.00 0.00 0.00 0.00 0.00 0.00 0.00 0.00 0.00 0.00 0.00 0.00 0.00 0.00 0.00 0.00 4.09 5.14 8.18 10.88 14.75 12.99 12.26 12.26 13.36 14.38 14.38 11.83 10.37 7.81 5.48 4.31 0.00 0.00 0.00 0.00 0.00 0.00 0.00 0.00 0.00 2.77 0.00 0.00 0.00 0.00 0.00 0.00 0.00 0.00 0.00 0.00 0.00 0.00 0.00 0.00 0.00 0.00 2.41 3.29 4.53 4.96 4.09 2.04
0.00 2.12 2.19 0.00 0.00 0.00 0.00 0.00 0.00 0.00 0.00 0.00 4.23 4.31 1.75 0.00 0.00 0.00 0.00 0.00 0.00 0.00 0.00 0.00 0.00 0.00 0.00 0.00 0.00 0.00 0.00 0.00 0.00 0.00 0.00 0.00 0.00 0.00 0.51 3.29 4.74 4.96 4.31 4.31 8.18 8.91 10.22 8.83 9.93 10.51 8.98 7.30 3.36 0.00 0.00 0.00 0.00 0.00 0.00 0.00 0.00 0.00 2.56 0.00 0.00 0.00 0.00 0.00 0.00 0.00 0.00 0.00 0.00 0.00 0.00 0.00 0.00 0.00 0.00 0.00 1.02 1.97 1.75 0.80
