Wansh/Snow_depth/snowdepth-1988/spring/1988084.txt
ncols 321
nrows 161
xllcenter 60
yllcenter 15 
cellsize  0.25 
NODATA_value -1
[rows 0 to 36 of 161, columns 0 to 83 of 321]
13.14 13.14 16.13 18.18 19.78 20.08 21.83 23.58 25.62 27.08 26.13 25.55 24.82 25.48 26.50 27.45 28.47 28.03 27.81 27.52 26.94 26.13 26.72 27.52 27.59 26.72 26.72 26.06 26.50 27.52 27.96 27.16 27.08 28.40 28.62 28.91 27.81 27.59 27.59 27.45 26.57 25.92 25.70 25.99 26.06 25.84 26.35 27.30 27.30 26.35 26.28 26.28 25.84 24.82 23.87 24.45 23.87 24.02 24.75 24.67 24.24 24.82 25.55 25.26 25.26 21.97 21.02 20.44 19.93 18.47 18.40 21.53 21.61 20.37 16.64 15.18 15.18 13.94 13.58 13.72 14.60 14.97 15.48 15.77
18.40 18.40 18.76 18.25 19.42 20.88 22.92 24.60 25.55 25.55 24.97 24.60 22.70 21.39 20.29 20.08 22.70 23.36 24.75 25.04 25.77 26.06 26.43 26.65 26.13 25.84 25.84 25.77 25.99 25.92 25.48 23.73 23.07 23.94 25.19 25.48 25.77 23.29 22.19 21.10 22.12 22.48 21.90 21.24 21.39 21.39 21.53 21.83 22.19 22.92 22.41 22.41 22.56 22.63 21.17 21.10 22.12 21.83 20.37 20.73 20.08 18.98 23.36 19.35 17.81 17.08 16.72 16.86 15.70 14.53 14.16 13.51 13.36 13.80 15.48 13.21 13.21 11.75 11.61 11.61 12.48 13.43 14.75 15.55
20.22 20.22 18.47 18.25 19.71 20.95 22.78 23.14 23.65 23.43 24.09 24.02 21.39 17.81 14.97 14.45 15.11 16.06 18.76 20.51 21.83 24.38 25.55 26.79 26.50 25.62 25.62 25.70 26.13 25.77 24.53 22.78 21.39 21.24 21.75 21.97 19.71 17.89 15.77 12.92 12.70 11.46 12.48 14.45 16.50 17.96 18.83 18.40 18.76 17.96 17.74 17.74 16.86 15.99 16.28 15.55 14.75 15.62 17.01 16.72 15.84 14.97 17.23 17.45 14.82 14.60 14.67 14.31 14.09 13.87 13.21 12.63 13.07 13.43 13.29 13.94 13.94 13.65 13.43 13.80 14.16 15.04 16.43 17.23
20.22 20.22 18.47 18.25 19.71 20.95 22.78 23.14 23.65 23.43 24.09 24.02 21.39 17.81 14.97 14.45 15.11 16.06 18.76 20.51 21.83 24.38 25.55 26.79 26.50 25.62 25.62 25.70 26.13 25.77 24.53 22.78 21.39 21.24 21.75 21.97 19.71 17.89 15.77 12.92 12.70 11.46 12.48 14.45 16.50 17.96 18.83 18.40 18.76 17.96 17.74 17.74 16.86 15.99 16.28 15.55 14.75 15.62 17.01 16.72 15.84 14.97 17.23 17.45 14.82 14.60 14.67 14.31 14.09 13.87 13.21 12.63 13.07 13.43 13.29 13.94 13.94 13.65 13.43 13.80 14.16 15.04 16.43 17.23
19.64 19.64 18.54 17.16 18.10 19.42 19.49 19.56 19.49 19.13 19.20 17.59 14.97 12.99 11.46 10.95 10.88 13.58 15.40 17.23 18.69 21.53 24.38 25.04 24.38 23.58 23.58 22.56 22.27 22.34 21.97 21.24 20.44 19.05 18.32 16.79 14.67 12.56 9.64 7.96 5.77 4.67 4.60 7.08 10.37 12.99 13.87 14.75 14.67 13.14 12.26 12.26 12.41 12.78 12.05 11.39 11.32 10.44 10.88 12.48 13.07 13.58 13.51 14.31 13.07 13.94 13.51 12.70 12.34 12.63 14.02 14.60 13.94 14.24 14.09 14.97 14.97 14.09 14.60 14.31 14.31 14.60 14.82 16.43
17.81 17.81 16.79 16.28 16.43 15.84 16.79 15.62 15.48 15.77 13.80 12.05 11.39 11.24 11.02 10.80 11.46 12.78 14.02 14.97 15.91 17.37 20.00 20.51 21.75 20.29 20.29 18.61 17.16 17.16 18.18 19.64 21.24 21.39 19.56 16.50 13.65 12.41 10.15 8.91 6.86 4.60 2.56 3.29 6.06 7.01 8.54 8.91 9.05 11.02 10.22 10.22 8.54 8.32 8.18 8.69 9.20 9.64 9.56 10.88 11.97 12.92 13.65 14.16 13.80 13.36 12.12 11.68 11.90 12.48 12.92 13.14 12.41 13.07 13.58 14.38 14.38 15.11 14.02 14.45 14.53 15.84 17.16 18.40
16.13 16.13 16.13 14.75 12.92 12.70 12.99 11.90 10.73 11.02 10.66 10.51 10.88 11.10 11.39 12.19 12.99 13.14 13.07 12.19 11.68 13.72 15.18 17.37 17.81 17.74 17.74 16.57 16.06 16.06 16.86 18.10 19.49 20.08 19.93 18.03 15.99 14.89 13.94 12.48 10.00 6.35 3.58 1.68 3.58 7.30 9.42 8.47 7.45 5.91 5.69 5.69 6.50 7.01 6.72 6.50 7.08 7.08 9.05 9.93 11.17 12.05 12.41 12.26 11.53 12.19 12.78 10.37 10.15 7.59 9.20 9.13 10.15 11.53 12.56 13.36 13.36 14.82 15.11 13.94 15.70 16.57 17.16 18.10
16.13 16.13 16.13 14.75 12.92 12.70 12.99 11.90 10.73 11.02 10.66 10.51 10.88 11.10 11.39 12.19 12.99 13.14 13.07 12.19 11.68 13.72 15.18 17.37 17.81 17.74 17.74 16.57 16.06 16.06 16.86 18.10 19.49 20.08 19.93 18.03 15.99 14.89 13.94 12.48 10.00 6.35 3.58 1.68 3.58 7.30 9.42 8.47 7.45 5.91 5.69 5.69 6.50 7.01 6.72 6.50 7.08 7.08 9.05 9.93 11.17 12.05 12.41 12.26 11.53 12.19 12.78 10.37 10.15 7.59 9.20 9.13 10.15 11.53 12.56 13.36 13.36 14.82 15.11 13.94 15.70 16.57 17.16 18.10
14.89 14.89 14.38 12.92 11.24 9.71 9.42 9.64 9.64 9.93 9.56 9.64 10.29 10.37 11.39 11.97 12.56 11.75 11.17 8.98 8.47 9.13 11.39 14.24 15.77 16.28 16.28 15.70 14.89 14.38 14.31 14.38 14.82 15.18 14.09 14.38 14.31 13.80 13.21 12.41 11.10 8.98 8.03 5.62 5.18 6.57 9.42 10.51 9.78 8.61 7.66 7.66 5.69 5.48 5.84 6.42 6.50 6.86 7.88 8.76 8.83 9.42 10.44 9.93 10.44 9.34 9.93 10.29 8.69 7.08 6.13 6.57 6.86 8.03 10.07 12.63 12.63 13.80 13.29 12.34 15.26 15.40 16.21 16.28
13.94 13.94 12.78 11.32 9.42 7.81 7.81 8.61 8.91 9.64 10.00 9.34 9.93 10.88 11.68 11.97 12.12 10.95 9.27 6.64 5.48 7.08 10.22 12.19 13.21 13.21 13.21 13.21 12.99 11.68 11.24 10.80 10.07 10.29 10.44 10.37 10.59 11.32 11.53 11.61 10.37 10.00 9.93 9.27 8.98 9.05 9.05 9.64 10.15 10.37 9.13 9.13 8.03 7.23 7.45 6.35 6.72 6.94 7.15 7.74 8.32 6.72 5.77 5.40 9.20 6.64 8.10 8.91 8.76 7.52 5.99 5.18 4.67 6.64 10.59 12.48 12.48 13.51 11.90 11.17 11.75 14.09 13.94 14.24
14.16 14.16 12.70 11.53 9.49 7.74 7.81 8.40 9.34 10.59 10.66 10.73 11.61 12.26 12.56 13.07 13.07 11.90 9.05 7.01 5.26 6.35 8.10 9.93 10.29 10.59 10.59 10.66 10.22 10.29 9.93 9.13 8.83 8.76 8.47 9.05 9.49 8.91 8.98 9.20 10.07 9.86 10.51 11.17 11.39 11.10 11.17 11.46 10.29 10.22 10.51 10.51 9.78 8.69 8.10 7.23 6.42 7.01 7.96 7.96 7.37 7.23 6.35 6.13 6.64 7.01 6.79 7.15 7.08 8.98 6.50 5.26 4.96 6.42 10.15 10.95 10.95 11.53 12.70 12.63 12.85 12.34 13.80 13.65
14.16 14.16 12.70 11.53 9.49 7.74 7.81 8.40 9.34 10.59 10.66 10.73 11.61 12.26 12.56 13.07 13.07 11.90 9.05 7.01 5.26 6.35 8.10 9.93 10.29 10.59 10.59 10.66 10.22 10.29 9.93 9.13 8.83 8.76 8.47 9.05 9.49 8.91 8.98 9.20 10.07 9.86 10.51 11.17 11.39 11.10 11.17 11.46 10.29 10.22 10.51 10.51 9.78 8.69 8.10 7.23 6.42 7.01 7.96 7.96 7.37 7.23 6.35 6.13 6.64 7.01 6.79 7.15 7.08 8.98 6.50 5.26 4.96 6.42 10.15 10.95 10.95 11.53 12.70 12.63 12.85 12.34 13.80 13.65
13.29 13.29 13.21 11.68 9.20 7.30 7.37 8.91 11.02 12.19 11.90 11.24 10.51 10.66 10.80 11.68 11.90 11.83 10.80 8.91 8.40 8.10 8.40 8.47 8.69 8.25 8.25 8.25 8.69 9.05 9.20 9.20 8.91 8.47 8.25 8.10 9.13 9.78 10.00 8.69 8.61 9.13 10.66 10.44 9.56 9.20 10.29 10.51 10.66 10.29 10.07 10.07 9.64 8.76 7.81 6.79 6.06 6.20 7.52 9.05 9.42 8.83 8.69 9.78 10.15 9.20 6.28 5.40 5.40 5.33 9.64 6.42 6.20 7.01 9.71 10.22 10.22 11.02 13.14 13.36 12.70 12.48 11.10 14.16
11.68 11.68 11.39 10.00 7.96 7.88 8.76 10.51 12.41 12.99 12.05 11.02 10.00 10.66 11.24 10.95 11.75 12.63 11.83 9.27 8.25 7.74 7.30 6.72 6.42 6.94 6.94 7.52 8.25 8.54 8.91 8.91 8.83 9.05 9.64 9.86 10.07 9.64 9.34 8.83 7.96 6.64 4.96 5.48 6.86 7.59 7.96 8.76 8.61 8.61 9.05 9.05 9.13 8.83 8.32 8.10 8.03 7.88 8.25 10.51 11.17 11.46 12.48 13.80 14.89 12.99 5.99 5.69 5.26 4.60 3.87 9.13 6.72 8.40 9.86 11.90 11.90 12.70 12.48 12.19 11.68 10.07 8.76 8.32
10.22 10.22 11.02 10.15 9.34 9.34 9.71 11.46 12.63 12.48 12.05 11.68 10.88 10.44 10.29 9.56 9.78 10.29 9.93 9.13 7.66 7.15 6.42 6.20 6.20 6.50 6.50 7.01 7.74 7.81 7.74 7.74 8.03 8.32 8.47 9.56 9.71 8.47 7.08 4.74 5.04 4.74 4.96 4.89 5.48 6.06 6.06 7.08 8.40 9.27 9.13 9.13 8.40 8.69 8.69 8.91 9.71 10.88 10.73 11.39 12.05 13.14 14.02 14.67 15.40 14.38 6.79 5.77 4.67 4.53 5.04 4.67 9.27 8.61 10.88 12.12 12.12 11.46 10.66 10.51 9.64 8.91 8.32 9.13
9.56 9.56 10.07 10.44 11.39 11.68 11.61 12.12 12.26 12.56 12.70 11.46 9.71 9.27 8.25 7.88 8.25 9.20 9.64 8.98 8.98 8.83 7.52 6.35 6.28 6.42 6.42 6.20 7.23 7.74 7.30 6.50 6.64 6.35 6.64 6.79 7.01 6.94 5.62 4.09 2.92 2.04 2.56 3.58 5.55 7.15 7.30 7.66 8.18 8.83 8.76 8.76 8.18 7.66 8.61 9.34 10.07 10.66 11.24 11.53 12.26 12.63 12.85 14.60 15.26 14.60 10.37 8.83 7.74 6.42 6.94 7.45 7.81 10.15 11.32 11.68 11.68 11.68 11.90 10.00 8.91 9.34 9.05 8.32
9.56 9.56 10.07 10.44 11.39 11.68 11.61 12.12 12.26 12.56 12.70 11.46 9.71 9.27 8.25 7.88 8.25 9.20 9.64 8.98 8.98 8.83 7.52 6.35 6.28 6.42 6.42 6.20 7.23 7.74 7.30 6.50 6.64 6.35 6.64 6.79 7.01 6.94 5.62 4.09 2.92 2.04 2.56 3.58 5.55 7.15 7.30 7.66 8.18 8.83 8.76 8.76 8.18 7.66 8.61 9.34 10.07 10.66 11.24 11.53 12.26 12.63 12.85 14.60 15.26 14.60 10.37 8.83 7.74 6.42 6.94 7.45 7.81 10.15 11.32 11.68 11.68 11.68 11.90 10.00 8.91 9.34 9.05 8.32
11.02 11.02 11.24 12.78 14.02 13.36 12.78 12.26 11.90 12.34 12.56 11.90 11.02 9.86 9.93 10.29 11.10 11.39 10.66 10.73 10.29 9.78 8.91 7.23 6.50 6.50 6.50 6.13 6.13 7.37 7.08 6.13 5.77 5.77 5.69 5.18 6.20 5.99 4.16 2.56 1.97 2.56 2.77 3.43 4.31 5.40 5.91 6.79 7.96 8.91 7.74 7.74 8.76 9.56 9.71 9.42 9.49 10.66 11.68 11.24 11.02 11.24 11.61 14.16 12.85 13.07 10.15 9.56 8.54 7.88 9.20 10.37 11.32 11.83 11.32 12.63 12.63 12.05 12.26 10.15 9.05 7.96 7.37 7.08
13.07 13.07 13.58 15.04 15.26 14.38 13.43 12.56 13.07 13.07 13.58 14.60 15.55 14.60 14.02 14.97 15.48 14.67 13.21 12.19 12.12 11.97 10.07 8.61 8.40 7.81 7.81 7.15 6.50 6.35 6.20 6.13 6.06 6.20 5.84 5.11 5.62 7.15 6.64 4.53 2.26 2.41 3.72 4.89 4.67 5.55 6.72 7.08 7.23 8.40 9.34 9.34 10.22 9.49 10.51 12.56 12.63 12.48 12.70 11.90 11.46 11.02 10.51 9.86 9.49 7.15 9.05 5.62 6.50 7.45 9.56 11.46 13.51 15.55 13.14 13.58 13.58 10.95 10.59 9.27 9.05 7.66 7.88 9.20
12.99 12.99 13.14 13.94 14.45 14.24 13.51 13.94 15.33 16.43 17.67 19.64 20.44 19.56 18.47 17.59 17.23 16.64 15.48 14.75 14.16 13.29 11.68 10.80 10.73 9.71 9.71 8.91 6.94 5.84 6.57 7.30 7.96 7.45 7.59 7.81 7.15 7.30 6.72 5.91 4.45 4.09 4.89 6.64 7.23 7.37 7.52 8.10 9.13 10.73 11.61 11.61 12.34 12.78 12.78 12.12 12.56 13.21 13.87 13.29 11.53 11.02 11.17 10.51 10.22 10.51 9.13 5.55 9.13 10.07 11.97 13.87 14.45 14.53 14.31 14.67 14.67 11.02 10.66 10.29 10.66 10.44 10.29 10.88
12.48 12.48 12.41 12.78 13.14 13.43 14.45 17.67 19.35 20.95 21.90 23.29 23.43 22.85 21.39 19.64 17.67 16.72 17.30 16.86 15.77 14.24 12.41 11.90 11.68 10.80 10.80 8.61 7.45 7.45 8.69 9.86 10.07 10.00 10.80 11.32 10.88 9.13 8.83 7.66 6.64 6.50 6.06 7.15 8.76 8.83 9.64 11.02 12.12 13.51 13.80 13.80 14.60 14.16 14.09 12.99 12.78 12.78 12.48 12.56 11.68 10.51 9.93 10.07 11.10 11.46 12.19 9.86 14.24 12.92 13.80 14.53 13.65 12.78 12.99 13.72 13.72 12.63 12.48 12.26 12.63 13.65 12.12 11.83
13.21 13.21 12.85 13.87 14.31 15.26 16.94 20.29 22.48 22.92 23.43 23.73 23.21 22.56 21.68 20.37 19.13 19.93 20.59 20.22 19.64 17.01 14.89 12.99 13.51 12.92 12.92 11.39 8.83 9.05 11.02 11.97 12.48 12.85 13.58 14.02 13.43 12.34 11.61 10.44 9.86 9.71 8.91 8.83 9.93 10.15 11.32 12.05 13.29 14.97 16.28 16.28 16.13 15.91 15.48 14.97 13.21 11.83 11.02 10.59 10.37 10.07 9.86 9.42 9.49 11.39 12.26 13.14 12.85 12.56 12.05 12.05 11.97 12.05 12.63 13.36 13.36 13.80 12.63 13.87 14.24 12.99 12.05 11.61
13.21 13.21 12.85 13.87 14.31 15.26 16.94 20.29 22.48 22.92 23.43 23.73 23.21 22.56 21.68 20.37 19.13 19.93 20.59 20.22 19.64 17.01 14.89 12.99 13.51 12.92 12.92 11.39 8.83 9.05 11.02 11.97 12.48 12.85 13.58 14.02 13.43 12.34 11.61 10.44 9.86 9.71 8.91 8.83 9.93 10.15 11.32 12.05 13.29 14.97 16.28 16.28 16.13 15.91 15.48 14.97 13.21 11.83 11.02 10.59 10.37 10.07 9.86 9.42 9.49 11.39 12.26 13.14 12.85 12.56 12.05 12.05 11.97 12.05 12.63 13.36 13.36 13.80 12.63 13.87 14.24 12.99 12.05 11.61
14.09 14.09 14.31 14.75 14.97 16.50 17.67 18.83 20.88 21.39 21.83 21.90 21.97 21.83 20.51 20.15 20.73 21.83 23.14 23.00 22.12 19.93 16.57 14.97 15.33 15.77 15.77 13.72 11.75 11.68 13.36 14.60 15.18 16.06 16.86 16.57 16.57 16.21 14.89 14.09 12.92 12.92 12.70 12.63 12.92 12.78 13.29 13.65 15.26 15.11 14.24 14.24 13.87 15.77 17.08 16.57 15.77 14.53 12.63 11.02 10.29 9.93 10.59 10.37 9.71 10.59 11.90 11.24 11.75 11.10 11.90 13.21 14.02 13.72 13.87 14.02 14.02 14.16 15.26 13.36 12.99 12.05 11.75 11.24
13.29 13.29 13.43 14.02 14.31 14.45 15.18 16.13 15.91 15.48 16.06 17.45 18.18 18.40 17.74 17.37 18.47 20.81 21.10 21.97 22.27 21.02 19.20 18.03 17.89 15.48 15.48 14.02 13.29 14.16 15.18 16.21 17.52 19.05 19.93 19.86 20.81 20.44 19.05 17.81 16.94 16.43 17.52 16.28 16.50 17.45 16.13 15.62 14.97 15.04 15.77 15.77 14.89 14.97 15.77 16.50 16.72 14.97 15.40 13.80 12.63 12.48 12.34 11.68 13.14 12.70 14.02 14.82 11.97 14.16 14.67 15.18 15.26 14.97 14.16 13.80 13.80 13.72 14.45 12.92 13.80 14.38 13.80 12.56
12.12 12.12 11.24 10.73 10.80 11.02 12.26 13.87 13.72 11.83 10.73 11.53 11.61 11.75 11.68 12.99 14.60 15.77 18.54 20.73 22.12 21.32 18.91 16.64 16.06 13.51 13.51 11.97 12.63 14.97 16.06 16.79 18.54 20.73 22.12 22.48 22.92 23.87 22.63 20.44 19.35 17.52 17.67 17.89 17.23 17.67 17.96 16.57 14.89 13.87 13.58 13.58 14.09 14.60 14.67 14.82 14.60 15.40 16.28 16.50 14.89 13.14 13.21 13.14 12.78 13.80 14.67 15.11 15.48 15.40 15.26 15.26 14.60 14.67 15.26 14.38 14.38 13.80 13.58 13.43 12.41 13.80 14.16 14.16
10.15 10.15 9.27 7.59 7.59 8.10 9.34 11.39 10.37 6.86 5.55 5.26 4.31 2.41 1.61 5.91 10.73 12.92 15.84 16.72 18.47 17.30 13.94 12.41 10.95 9.78 9.78 10.15 12.70 16.13 17.37 17.96 18.69 19.93 21.46 22.63 22.92 23.87 23.58 21.46 18.76 17.81 17.59 17.16 16.79 15.99 15.84 14.24 13.14 12.34 12.41 12.41 12.70 14.09 15.04 15.18 15.26 15.04 14.67 15.48 14.89 12.56 11.39 12.48 13.36 12.70 13.14 13.14 13.80 13.36 12.63 12.12 12.63 13.80 14.89 13.58 13.58 13.36 12.48 10.88 11.24 10.95 13.51 14.53
9.20 9.20 9.05 6.72 6.28 5.62 5.84 7.59 6.35 3.29 0.00 0.00 0.00 0.00 0.00 0.00 4.82 8.47 11.46 12.92 12.78 11.10 10.66 11.83 11.97 10.59 10.59 12.63 15.48 17.37 17.59 18.10 19.13 20.00 21.17 22.05 23.07 23.65 23.73 21.10 17.23 15.18 15.11 15.18 15.18 14.82 13.51 12.99 12.34 12.12 12.34 12.34 13.51 13.58 14.60 14.97 15.40 15.40 15.04 13.87 13.43 12.34 12.34 12.78 13.07 13.65 12.63 12.05 11.61 12.48 11.53 11.83 11.53 11.75 12.70 12.99 12.99 13.72 11.68 11.02 11.68 13.07 11.53 14.75
9.20 9.20 9.05 6.72 6.28 5.62 5.84 7.59 6.35 3.29 0.00 0.00 0.00 0.00 0.00 0.00 4.82 8.47 11.46 12.92 12.78 11.10 10.66 11.83 11.97 10.59 10.59 12.63 15.48 17.37 17.59 18.10 19.13 20.00 21.17 22.05 23.07 23.65 23.73 21.10 17.23 15.18 15.11 15.18 15.18 14.82 13.51 12.99 12.34 12.12 12.34 12.34 13.51 13.58 14.60 14.97 15.40 15.40 15.04 13.87 13.43 12.34 12.34 12.78 13.07 13.65 12.63 12.05 11.61 12.48 11.53 11.83 11.53 11.75 12.70 12.99 12.99 13.72 11.68 11.02 11.68 13.07 11.53 14.75
8.69 8.69 7.23 5.77 5.26 5.11 4.23 2.99 0.00 0.00 0.00 0.00 0.00 0.00 0.00 0.00 0.00 3.36 7.30 7.37 4.67 4.96 7.30 11.24 12.41 13.21 13.21 14.60 17.08 18.91 18.54 18.47 19.71 21.75 21.83 22.27 23.87 23.94 23.21 20.00 16.43 13.58 14.02 15.55 16.13 15.11 14.53 14.53 14.45 14.09 13.80 13.80 14.24 14.82 15.99 16.21 14.89 14.16 13.80 13.58 13.80 14.02 13.29 14.31 15.84 16.43 15.48 13.87 11.97 9.78 12.41 12.78 12.19 12.63 14.09 14.82 14.82 15.77 15.18 14.53 13.58 13.65 11.90 13.36
4.60 4.60 2.77 1.83 1.83 2.26 0.00 0.00 0.00 0.00 0.00 0.00 0.00 0.00 0.00 0.00 0.00 0.00 1.31 0.00 0.00 0.00 0.00 4.45 9.56 13.51 13.51 15.84 18.98 20.22 20.88 20.73 21.02 22.56 21.68 20.37 21.53 22.63 22.63 20.81 16.79 14.38 14.97 16.79 17.23 16.64 15.33 14.24 13.94 13.51 13.72 13.72 14.75 15.62 16.64 16.72 15.77 13.51 12.34 12.12 13.36 14.02 14.82 16.06 17.08 17.37 17.08 15.26 14.60 10.88 12.63 13.51 14.53 14.89 15.91 16.79 16.79 17.89 17.37 15.40 13.87 13.43 12.99 12.12
1.39 1.39 0.00 0.00 0.00 0.00 0.00 0.00 0.00 0.00 0.00 0.00 0.00 0.00 0.00 0.00 0.00 0.00 0.00 0.00 0.00 0.00 0.00 1.68 6.72 11.90 11.90 15.91 17.45 18.10 19.05 20.00 20.29 21.17 22.12 21.32 20.29 20.08 20.29 19.93 17.96 15.04 13.36 15.33 17.96 17.96 16.43 15.99 14.38 12.70 11.75 11.75 12.63 13.87 16.06 17.16 16.35 14.38 11.97 12.12 13.21 14.24 15.99 17.67 18.61 17.96 16.57 15.40 13.21 12.85 12.78 13.51 13.51 13.94 15.40 15.40 15.40 15.55 14.09 14.38 15.62 15.26 15.62 18.40
0.00 0.00 0.00 0.00 0.00 0.00 0.00 0.00 0.00 0.00 0.00 0.00 0.00 0.00 0.00 0.00 0.00 0.00 0.00 0.00 0.00 0.00 0.00 0.00 4.74 10.44 10.44 13.72 14.38 14.67 15.04 17.45 19.35 20.22 21.10 20.37 19.27 19.35 19.27 19.13 17.52 14.38 13.07 13.94 16.13 17.16 16.13 15.26 15.04 14.16 11.75 11.75 10.07 10.37 12.12 13.65 11.97 11.75 11.46 10.51 11.75 13.94 15.26 16.50 17.37 16.28 14.38 8.98 6.35 3.65 8.69 11.24 7.81 8.61 9.13 10.73 10.73 9.86 8.54 10.00 12.70 15.55 17.23 20.37
0.00 0.00 0.00 0.00 0.00 0.00 0.00 0.00 0.00 0.00 0.00 0.00 0.00 0.00 0.00 0.00 0.00 0.00 0.00 0.00 0.00 0.00 0.00 0.00 0.00 3.72 3.72 9.78 12.63 11.68 12.41 14.82 17.30 18.69 17.96 16.79 16.28 16.94 18.91 20.08 19.56 16.57 13.36 12.63 13.80 15.84 15.84 14.67 14.97 14.38 12.26 12.26 9.56 7.66 7.88 9.13 10.15 9.13 7.88 8.10 8.91 10.07 11.39 13.21 12.56 12.19 10.95 7.88 3.80 0.00 0.00 4.45 4.67 4.89 6.20 7.45 7.45 7.52 7.59 10.00 12.19 15.70 17.30 19.49
0.00 0.00 0.00 0.00 0.00 0.00 0.00 0.00 0.00 0.00 0.00 0.00 0.00 0.00 0.00 0.00 0.00 0.00 0.00 0.00 0.00 0.00 0.00 0.00 0.00 0.00 0.00 3.07 6.86 6.79 7.08 7.45 10.88 13.14 11.39 8.98 7.15 10.22 15.62 18.32 19.27 17.81 15.62 14.09 13.14 13.43 14.02 14.02 14.45 14.31 12.12 12.12 9.05 7.08 5.84 3.58 3.80 6.20 8.40 9.27 10.37 10.95 12.05 10.73 8.32 5.26 3.65 2.19 1.83 1.39 2.12 4.31 6.64 8.98 12.63 13.36 13.36 13.51 12.78 14.97 17.16 20.81 21.10 21.17
0.00 0.00 0.00 0.00 0.00 0.00 0.00 0.00 0.00 0.00 0.00 0.00 0.00 0.00 0.00 0.00 0.00 0.00 0.00 0.00 0.00 0.00 0.00 0.00 0.00 0.00 0.00 3.07 6.86 6.79 7.08 7.45 10.88 13.14 11.39 8.98 7.15 10.22 15.62 18.32 19.27 17.81 15.62 14.09 13.14 13.43 14.02 14.02 14.45 14.31 12.12 12.12 9.05 7.08 5.84 3.58 3.80 6.20 8.40 9.27 10.37 10.95 12.05 10.73 8.32 5.26 3.65 2.19 1.83 1.39 2.12 4.31 6.64 8.98 12.63 13.36 13.36 13.51 12.78 14.97 17.16 20.81 21.10 21.17
0.00 0.00 0.00 0.00 0.00 0.00 0.00 0.00 0.00 0.00 0.00 0.00 0.00 0.00 0.00 0.00 0.00 0.00 0.00 0.00 0.00 0.00 0.00 0.00 0.00 0.00 0.00 0.00 0.00 0.00 0.00 2.77 3.43 4.31 2.19 0.00 0.00 2.48 7.01 12.05 13.72 15.11 14.09 13.21 12.63 12.56 12.63 12.63 12.78 12.34 12.19 12.19 11.53 9.42 7.15 3.50 3.72 5.55 9.86 11.61 13.36 13.87 13.65 12.41 11.10 9.05 6.64 4.09 4.67 6.79 6.57 8.18 12.41 16.94 20.22 21.24 21.24 20.66 20.00 22.12 23.94 25.33 26.65 28.32
