Wansh/Snow_depth/snowdepth-1988/spring/1988077.txt
ncols 321
nrows 161
xllcenter 60
yllcenter 15 
cellsize  0.25 
NODATA_value -1
[rows 0 to 36 of 161, columns 0 to 83 of 321]
12.19 12.19 14.60 18.32 18.54 17.30 16.35 16.79 17.74 17.89 17.01 16.94 17.96 20.08 20.73 22.19 22.92 24.02 25.33 24.31 23.43 22.41 23.00 23.80 23.73 22.78 22.78 22.56 23.87 25.11 26.35 26.35 26.57 27.81 29.05 29.78 29.13 27.89 28.62 28.25 26.86 24.67 22.56 22.34 24.16 26.79 27.96 29.78 29.93 28.84 28.62 28.62 27.30 26.21 26.35 26.86 28.54 29.13 29.86 29.71 29.20 28.18 27.89 27.74 26.13 24.45 23.00 21.90 21.46 21.39 21.39 19.93 20.81 20.66 19.93 20.81 20.81 20.81 22.78 22.19 22.19 22.19 19.78 20.29
17.52 17.52 17.67 18.91 18.91 18.69 17.89 17.37 17.23 16.86 17.30 17.89 17.81 19.27 19.42 18.76 18.91 19.20 20.73 19.35 19.35 19.56 21.10 22.12 21.39 20.59 20.59 21.17 22.05 23.00 23.80 22.34 21.46 21.68 24.02 25.26 24.60 23.80 21.53 19.86 18.69 18.18 17.89 17.74 20.00 21.68 24.24 24.60 24.89 26.28 26.13 26.13 24.24 23.58 23.58 24.67 25.77 25.70 24.82 24.16 23.80 23.65 23.58 23.36 23.00 21.97 20.59 18.61 16.86 16.06 16.94 17.08 16.35 16.57 17.23 17.37 17.37 18.32 21.61 18.47 19.20 19.86 20.15 21.17
17.37 17.37 17.59 17.23 18.10 18.47 17.30 15.62 13.94 14.24 14.82 16.64 17.52 16.72 15.91 15.62 14.60 13.14 12.70 12.56 12.41 14.02 16.94 20.37 20.88 21.46 21.46 22.19 23.00 23.14 22.34 20.59 18.98 18.76 20.29 21.02 18.98 15.70 10.80 8.83 8.40 9.27 8.76 11.75 14.38 18.32 19.78 21.17 21.75 21.32 21.10 21.10 20.22 19.56 18.54 18.32 18.40 18.98 20.00 19.20 18.32 17.08 16.64 17.30 18.18 17.74 17.59 17.30 16.57 15.70 15.55 15.18 16.28 17.52 18.18 18.54 18.54 19.49 19.86 18.69 19.05 19.13 19.27 20.59
17.37 17.37 17.59 17.23 18.10 18.47 17.30 15.62 13.94 14.24 14.82 16.64 17.52 16.72 15.91 15.62 14.60 13.14 12.70 12.56 12.41 14.02 16.94 20.37 20.88 21.46 21.46 22.19 23.00 23.14 22.34 20.59 18.98 18.76 20.29 21.02 18.98 15.70 10.80 8.83 8.40 9.27 8.76 11.75 14.38 18.32 19.78 21.17 21.75 21.32 21.10 21.10 20.22 19.56 18.54 18.32 18.40 18.98 20.00 19.20 18.32 17.08 16.64 17.30 18.18 17.74 17.59 17.30 16.57 15.70 15.55 15.18 16.28 17.52 18.18 18.54 18.54 19.49 19.86 18.69 19.05 19.13 19.27 20.59
16.35 16.35 15.55 14.89 15.70 16.21 13.72 11.39 10.51 11.53 13.36 14.67 14.89 14.02 12.63 11.97 11.75 11.68 11.32 9.49 8.32 11.46 15.18 19.27 20.73 21.39 21.39 21.75 21.02 20.81 19.71 18.76 18.61 18.25 17.30 15.84 13.58 8.91 6.42 3.87 4.02 3.14 3.07 4.74 9.64 12.63 14.97 15.70 15.77 15.33 14.89 14.89 13.58 14.67 15.33 15.26 15.04 14.67 14.60 14.82 15.62 15.55 15.40 15.55 16.06 16.43 16.21 15.99 16.13 15.70 15.99 17.52 18.47 19.71 21.10 22.34 22.34 22.56 22.27 19.93 20.73 19.20 19.05 19.49
14.67 14.67 14.31 13.51 12.85 12.12 10.66 8.83 7.88 10.00 11.17 10.37 9.56 10.66 10.29 9.49 10.00 10.22 10.15 8.61 6.86 7.45 11.39 14.75 17.30 17.81 17.81 17.59 16.64 16.79 17.30 18.61 19.71 19.93 19.13 16.13 13.80 9.78 5.99 5.18 5.55 4.67 2.77 2.34 4.45 8.25 9.56 10.15 9.93 10.51 9.64 9.64 9.42 9.86 10.88 11.46 12.70 13.65 13.43 13.21 13.51 14.82 15.91 16.21 15.48 15.04 14.75 14.53 14.67 15.70 16.35 17.30 18.25 19.35 20.22 21.17 21.17 21.32 22.12 21.68 22.48 22.12 22.12 21.53
13.21 13.21 13.36 11.83 10.37 8.91 7.96 6.94 6.28 7.59 8.83 7.30 6.35 6.86 8.10 9.49 10.66 11.24 10.51 7.74 5.18 3.65 7.15 10.51 14.38 15.48 15.48 15.04 14.60 15.33 17.30 18.54 19.64 20.00 20.00 19.27 16.50 13.94 11.68 9.49 7.30 4.89 2.41 0.88 3.14 6.20 9.13 9.56 8.83 8.03 7.59 7.59 7.52 7.52 8.10 9.13 10.00 11.46 12.70 13.51 13.36 13.58 14.31 14.53 13.65 13.36 12.48 11.68 11.46 11.32 12.63 12.99 14.31 15.99 17.01 18.91 18.91 20.29 22.19 22.19 22.27 22.41 23.21 23.29
13.21 13.21 13.36 11.83 10.37 8.91 7.96 6.94 6.28 7.59 8.83 7.30 6.35 6.86 8.10 9.49 10.66 11.24 10.51 7.74 5.18 3.65 7.15 10.51 14.38 15.48 15.48 15.04 14.60 15.33 17.30 18.54 19.64 20.00 20.00 19.27 16.50 13.94 11.68 9.49 7.30 4.89 2.41 0.88 3.14 6.20 9.13 9.56 8.83 8.03 7.59 7.59 7.52 7.52 8.10 9.13 10.00 11.46 12.70 13.51 13.36 13.58 14.31 14.53 13.65 13.36 12.48 11.68 11.46 11.32 12.63 12.99 14.31 15.99 17.01 18.91 18.91 20.29 22.19 22.19 22.27 22.41 23.21 23.29
12.70 12.70 11.17 8.98 6.57 6.20 5.18 4.67 4.16 5.91 7.37 6.35 5.77 6.35 7.15 8.98 10.22 10.29 8.40 7.01 4.45 3.58 4.67 9.20 12.92 14.24 14.24 14.75 14.67 14.75 15.33 14.89 15.40 15.11 15.18 15.70 14.82 14.16 13.29 11.39 9.86 7.45 4.16 2.92 3.50 6.13 8.25 10.37 10.66 9.86 8.32 8.32 7.30 7.30 8.25 9.34 9.42 10.37 10.80 10.73 11.39 10.80 10.80 10.59 10.95 11.17 10.07 9.27 9.27 9.05 9.64 10.15 11.24 12.99 13.72 14.60 14.60 15.18 15.33 18.25 22.27 20.44 20.88 21.02
10.80 10.80 9.34 6.50 4.82 4.31 4.09 3.50 2.77 4.89 6.64 6.28 6.72 7.23 8.47 9.86 10.73 8.83 6.28 4.38 2.41 2.12 3.29 5.91 9.20 11.02 11.02 12.19 12.85 12.48 12.26 11.97 11.02 10.73 11.24 11.10 11.97 12.05 11.68 10.00 9.27 7.23 6.28 5.04 5.18 5.84 7.37 8.69 9.93 11.17 11.02 11.02 10.29 8.83 8.25 8.40 9.13 9.42 9.49 10.00 9.86 8.91 8.03 7.08 7.37 8.83 9.78 8.83 7.96 7.66 7.23 8.54 9.42 11.32 13.21 13.14 13.14 13.07 13.43 12.56 18.25 15.48 16.35 16.50
8.83 8.83 7.74 6.20 4.38 3.72 3.87 4.16 4.31 6.06 7.37 8.32 8.54 8.98 10.00 10.88 10.51 8.69 7.23 4.45 2.99 2.92 3.43 4.23 5.84 8.18 8.18 9.20 10.15 10.07 9.93 9.42 9.34 9.42 9.27 9.42 10.15 10.95 10.59 9.42 8.61 7.96 7.01 6.57 6.13 7.01 7.74 8.61 9.42 9.78 10.59 10.59 10.37 10.00 9.49 9.13 8.32 8.40 8.91 8.40 7.96 7.30 7.30 7.08 6.64 7.59 8.47 8.69 7.45 6.57 6.64 8.18 10.00 10.73 11.02 12.05 12.05 12.92 13.65 13.94 15.04 13.21 13.72 13.29
8.83 8.83 7.74 6.20 4.38 3.72 3.87 4.16 4.31 6.06 7.37 8.32 8.54 8.98 10.00 10.88 10.51 8.69 7.23 4.45 2.99 2.92 3.43 4.23 5.84 8.18 8.18 9.20 10.15 10.07 9.93 9.42 9.34 9.42 9.27 9.42 10.15 10.95 10.59 9.42 8.61 7.96 7.01 6.57 6.13 7.01 7.74 8.61 9.42 9.78 10.59 10.59 10.37 10.00 9.49 9.13 8.32 8.40 8.91 8.40 7.96 7.30 7.30 7.08 6.64 7.59 8.47 8.69 7.45 6.57 6.64 8.18 10.00 10.73 11.02 12.05 12.05 12.92 13.65 13.94 15.04 13.21 13.72 13.29
9.42 9.42 8.61 7.08 4.74 4.31 4.74 5.69 6.57 7.52 9.34 10.15 9.86 8.91 9.42 10.29 10.29 9.64 9.20 7.81 5.91 4.60 4.31 3.07 3.36 5.48 5.48 7.37 8.40 8.91 8.40 8.69 8.91 8.83 8.76 8.91 9.42 10.29 9.64 9.20 8.54 8.25 8.25 8.18 6.64 6.50 6.50 8.25 8.98 9.86 10.22 10.22 9.64 9.13 8.47 8.32 8.40 8.18 7.66 7.74 8.10 7.66 7.45 7.66 7.66 7.96 8.61 8.40 7.88 7.23 6.50 6.94 9.86 11.61 12.41 12.63 12.63 13.36 13.87 14.38 14.53 14.31 13.21 11.68
7.74 7.74 8.32 7.37 5.26 5.55 7.30 8.40 9.05 9.56 10.15 11.10 10.44 10.73 11.17 11.97 12.48 11.53 10.80 8.76 7.01 6.28 5.11 2.85 2.34 4.31 4.31 7.08 8.10 7.45 7.74 8.47 9.13 9.42 9.86 10.15 10.22 8.98 7.81 7.52 7.08 7.23 6.72 5.99 5.18 4.60 5.40 6.86 8.18 9.56 9.71 9.71 9.64 8.76 7.81 7.74 8.18 8.25 8.69 7.88 7.96 7.96 8.10 8.47 8.91 7.74 7.30 7.81 8.25 7.74 7.23 7.23 7.74 9.78 12.48 13.36 13.36 14.02 13.58 13.51 13.07 12.26 10.07 9.49
7.01 7.01 6.86 6.13 5.48 6.20 8.40 8.83 9.93 10.29 10.80 10.88 10.51 10.80 11.32 12.05 11.53 11.32 10.59 8.25 7.37 7.30 5.77 4.45 2.92 4.02 4.02 5.62 6.57 6.94 7.37 8.54 8.76 8.69 9.13 9.49 9.27 8.47 7.30 5.62 4.45 4.67 4.96 5.11 5.48 6.42 6.94 7.30 8.40 8.91 10.00 10.00 10.22 9.05 8.91 9.27 10.22 11.02 11.02 10.59 9.71 9.27 9.13 9.56 10.51 10.44 8.69 8.03 8.40 9.13 8.25 7.81 8.47 9.78 12.70 12.19 12.19 12.56 12.78 12.56 12.05 13.14 10.00 10.66
6.50 6.50 6.94 7.08 7.88 9.86 10.07 10.15 10.95 10.44 10.80 10.59 10.00 9.78 9.20 9.64 10.07 10.07 9.64 9.71 9.49 9.05 8.03 6.86 5.40 5.11 5.11 5.33 6.28 6.94 6.79 7.23 8.03 8.47 8.18 7.96 7.96 7.59 6.50 5.55 4.16 3.43 4.09 4.45 5.40 7.23 8.18 9.27 10.00 10.44 11.24 11.24 11.24 10.59 9.78 9.71 10.59 11.53 12.56 11.83 11.68 12.05 12.63 13.51 13.43 12.48 11.39 10.66 10.29 11.02 11.53 10.80 12.26 12.48 14.53 15.91 15.91 15.26 15.18 14.38 13.29 13.21 10.51 10.73
6.50 6.50 6.94 7.08 7.88 9.86 10.07 10.15 10.95 10.44 10.80 10.59 10.00 9.78 9.20 9.64 10.07 10.07 9.64 9.71 9.49 9.05 8.03 6.86 5.40 5.11 5.11 5.33 6.28 6.94 6.79 7.23 8.03 8.47 8.18 7.96 7.96 7.59 6.50 5.55 4.16 3.43 4.09 4.45 5.40 7.23 8.18 9.27 10.00 10.44 11.24 11.24 11.24 10.59 9.78 9.71 10.59 11.53 12.56 11.83 11.68 12.05 12.63 13.51 13.43 12.48 11.39 10.66 10.29 11.02 11.53 10.80 12.26 12.48 14.53 15.91 15.91 15.26 15.18 14.38 13.29 13.21 10.51 10.73
7.81 7.81 8.10 10.00 11.53 11.61 12.05 11.61 10.80 10.37 10.80 10.51 10.22 10.00 9.49 9.56 10.88 11.53 12.48 12.41 10.66 10.15 9.42 7.59 6.50 6.35 6.35 5.91 6.13 6.64 6.86 7.37 7.23 6.79 6.28 6.57 7.66 8.32 8.18 6.28 4.53 3.72 4.02 5.33 6.86 8.10 8.91 8.98 10.15 10.51 10.07 10.07 10.95 11.75 11.97 12.63 12.05 11.97 12.56 12.34 12.48 12.92 13.21 12.26 12.41 12.85 11.39 11.24 11.90 12.99 14.02 15.40 15.84 15.91 16.06 17.74 17.74 17.74 17.01 15.77 15.11 13.72 13.65 10.73
7.88 7.88 10.88 13.58 14.38 14.09 13.21 10.73 10.66 11.32 12.41 13.80 15.48 15.18 14.67 16.13 16.72 16.72 15.11 13.72 12.92 12.26 10.73 8.54 7.37 7.37 7.37 7.08 7.37 7.30 7.45 8.47 9.05 8.98 9.05 8.69 8.98 10.22 9.71 7.81 4.82 3.94 4.89 6.42 7.66 9.13 9.20 9.20 9.27 9.34 10.29 10.29 11.02 11.24 12.26 13.58 14.38 14.60 14.60 13.80 13.21 12.70 12.85 11.61 10.22 9.42 8.25 8.83 11.46 12.78 14.97 17.23 18.54 19.13 17.96 15.48 15.48 14.82 14.89 14.75 14.31 15.26 13.87 12.56
14.53 14.53 10.51 14.02 14.82 13.51 12.26 11.75 14.16 14.45 16.35 19.35 20.59 19.86 19.64 19.27 19.42 18.10 16.35 14.75 14.75 13.21 11.32 10.51 9.42 9.27 9.27 9.05 8.47 7.74 7.96 9.34 10.44 10.29 11.32 11.90 11.83 11.75 10.88 8.25 5.55 5.11 6.13 8.03 9.42 10.44 10.44 9.56 9.20 10.66 11.68 11.68 12.19 13.72 14.31 14.53 15.62 16.13 16.43 15.99 14.75 14.02 14.45 14.45 13.36 12.34 11.10 9.86 10.59 11.97 14.60 16.57 17.37 17.74 17.16 16.06 16.06 14.67 14.31 14.89 15.55 15.70 15.99 14.82
15.48 15.48 9.86 11.24 12.34 12.41 13.80 16.64 19.35 20.08 19.27 22.05 23.36 22.78 21.61 19.71 18.91 17.67 16.64 16.06 15.91 14.16 12.70 12.41 12.19 11.68 11.68 9.56 8.03 7.01 8.32 10.07 11.46 12.26 13.36 13.21 13.07 12.26 11.10 9.05 7.96 6.57 7.59 10.15 11.53 12.05 11.90 12.34 13.21 14.16 14.53 14.53 14.97 15.40 15.77 15.91 15.26 14.97 15.40 15.77 15.33 14.38 13.43 13.36 13.58 13.21 13.29 13.87 14.31 13.94 13.58 13.80 15.11 15.04 14.97 14.67 14.67 14.31 15.04 15.62 15.55 16.72 15.91 16.28
16.13 16.13 16.28 11.46 12.85 14.31 16.21 19.05 21.17 21.75 21.53 23.87 24.53 24.02 22.92 20.81 20.15 20.66 20.95 20.95 19.93 17.08 15.91 14.89 13.29 12.78 12.78 10.66 8.32 8.54 10.44 12.12 13.21 14.09 15.26 16.13 15.33 14.38 13.65 12.05 10.51 9.86 10.44 11.24 12.63 13.51 13.07 13.80 15.70 17.52 18.40 18.40 17.08 17.01 17.37 17.37 17.52 16.57 15.26 14.97 14.60 13.51 11.97 11.68 11.75 12.41 13.21 13.07 12.26 11.53 12.34 12.99 13.14 13.87 14.67 14.82 14.82 14.75 14.16 14.97 15.70 16.21 14.89 14.45
16.13 16.13 16.28 11.46 12.85 14.31 16.21 19.05 21.17 21.75 21.53 23.87 24.53 24.02 22.92 20.81 20.15 20.66 20.95 20.95 19.93 17.08 15.91 14.89 13.29 12.78 12.78 10.66 8.32 8.54 10.44 12.12 13.21 14.09 15.26 16.13 15.33 14.38 13.65 12.05 10.51 9.86 10.44 11.24 12.63 13.51 13.07 13.80 15.70 17.52 18.40 18.40 17.08 17.01 17.37 17.37 17.52 16.57 15.26 14.97 14.60 13.51 11.97 11.68 11.75 12.41 13.21 13.07 12.26 11.53 12.34 12.99 13.14 13.87 14.67 14.82 14.82 14.75 14.16 14.97 15.70 16.21 14.89 14.45
17.52 17.52 17.81 19.49 13.29 16.86 17.59 19.13 20.95 21.10 21.61 22.92 23.73 23.36 23.07 21.53 21.17 22.85 24.75 25.40 24.24 22.34 19.49 16.43 15.18 15.04 15.04 12.34 10.80 12.05 13.80 15.18 15.84 17.23 18.32 19.64 18.25 16.43 16.21 15.48 13.87 12.78 12.85 13.72 14.45 14.75 14.75 15.33 16.35 17.59 18.18 18.18 18.32 18.83 20.29 20.81 19.42 17.37 15.84 14.82 14.60 13.80 13.43 13.21 12.41 12.41 12.85 12.78 13.51 12.78 13.14 13.14 13.07 13.14 12.92 14.02 14.02 15.33 15.62 15.40 15.04 14.45 13.58 14.60
17.37 17.37 17.81 17.81 17.59 15.26 15.55 17.08 17.23 17.67 17.45 19.05 20.15 20.73 20.81 18.98 19.35 21.53 23.94 24.89 24.60 23.29 21.10 18.98 17.45 15.55 15.55 12.99 11.61 13.21 15.91 16.72 17.52 19.35 20.51 21.75 22.27 21.75 20.00 17.96 16.13 15.48 16.28 16.94 17.30 17.59 18.69 19.35 18.47 18.91 18.69 18.69 18.10 17.81 19.27 20.44 19.64 18.54 17.81 16.86 15.62 14.97 14.97 14.45 13.80 14.53 15.26 15.48 15.55 16.06 16.21 15.99 16.43 15.62 14.02 12.92 12.92 13.36 14.60 15.48 15.26 15.77 14.31 12.26
15.77 15.77 13.07 13.80 14.02 13.80 11.75 14.16 14.38 13.65 12.56 13.14 14.89 14.53 14.38 13.65 15.55 18.47 20.59 23.36 24.97 24.75 22.70 19.27 17.01 14.38 14.38 12.48 11.53 14.60 16.50 16.94 17.89 20.00 21.68 22.70 23.65 23.87 23.07 21.83 18.83 17.08 18.03 19.05 19.86 20.51 20.88 19.93 19.05 18.32 17.81 17.81 17.52 18.25 18.47 17.81 17.08 17.67 17.74 18.18 17.52 15.70 15.26 15.70 15.40 14.38 14.38 15.55 15.99 15.99 16.13 16.79 17.30 17.16 15.26 14.09 14.09 13.29 12.85 13.58 15.84 16.50 17.16 16.43
12.85 12.85 11.10 10.29 10.00 9.64 8.18 10.22 10.29 7.74 6.28 5.62 6.35 5.11 4.09 7.66 13.87 16.28 18.10 20.59 23.00 22.63 20.44 16.94 14.02 10.88 10.88 10.44 12.56 14.97 16.21 17.16 17.01 18.54 19.71 21.97 23.43 24.16 23.73 21.53 18.47 17.23 17.37 18.10 19.56 19.78 18.76 18.10 16.94 16.06 16.43 16.43 17.16 17.52 17.45 16.57 15.70 15.48 15.84 15.84 15.77 14.67 12.85 12.99 13.94 14.16 13.87 14.24 13.51 13.21 14.16 14.45 14.97 15.33 15.62 14.38 14.38 12.70 11.61 11.97 12.70 14.75 16.21 16.43
11.10 11.10 9.86 8.18 6.35 5.69 4.82 4.23 3.80 3.80 0.66 0.00 0.00 0.00 0.00 2.77 7.52 11.61 14.60 17.08 17.59 17.08 15.77 13.72 11.02 9.13 9.13 10.29 13.07 15.62 17.37 17.81 16.35 17.74 19.64 21.53 23.73 24.53 23.58 21.32 17.96 14.82 15.26 16.72 18.25 17.52 16.06 15.62 15.04 13.65 13.80 13.80 15.55 16.50 17.01 16.50 16.28 15.40 14.53 14.31 13.87 12.70 12.05 12.92 14.09 14.75 13.43 12.92 12.92 12.12 11.90 12.48 12.70 12.56 13.72 14.89 14.89 15.26 13.43 12.78 13.51 14.38 15.99 17.16
11.10 11.10 9.86 8.18 6.35 5.69 4.82 4.23 3.80 3.80 0.66 0.00 0.00 0.00 0.00 2.77 7.52 11.61 14.60 17.08 17.59 17.08 15.77 13.72 11.02 9.13 9.13 10.29 13.07 15.62 17.37 17.81 16.35 17.74 19.64 21.53 23.73 24.53 23.58 21.32 17.96 14.82 15.26 16.72 18.25 17.52 16.06 15.62 15.04 13.65 13.80 13.80 15.55 16.50 17.01 16.50 16.28 15.40 14.53 14.31 13.87 12.70 12.05 12.92 14.09 14.75 13.43 12.92 12.92 12.12 11.90 12.48 12.70 12.56 13.72 14.89 14.89 15.26 13.43 12.78 13.51 14.38 15.99 17.16
8.47 8.47 8.25 6.57 5.48 3.72 1.83 0.95 0.51 0.00 0.00 0.00 0.00 0.00 0.00 0.00 2.77 6.79 10.95 11.39 11.61 12.26 13.51 12.78 11.53 10.15 10.15 10.15 13.80 18.18 19.49 19.05 18.76 19.27 19.56 21.17 23.21 24.89 24.31 21.53 17.01 12.99 12.99 15.62 17.30 16.94 15.77 15.04 14.67 14.53 13.80 13.80 14.53 16.43 17.37 17.30 16.21 14.67 13.43 12.85 13.58 13.29 12.99 13.94 15.33 16.21 16.57 15.70 13.94 13.07 13.07 13.29 13.43 14.31 15.77 16.13 16.13 16.79 16.72 15.11 14.89 15.55 17.01 17.16
6.42 6.42 4.67 1.75 2.26 1.17 0.00 0.00 0.00 0.00 0.00 0.00 0.00 0.00 0.00 0.00 0.80 5.18 7.52 6.57 5.99 8.03 9.64 10.51 11.75 12.05 12.05 13.21 14.97 18.91 20.95 21.02 21.17 22.19 21.75 21.61 22.41 22.85 23.21 22.56 18.61 13.21 12.26 15.26 17.67 18.32 16.86 15.33 15.99 14.31 13.51 13.51 14.45 15.70 17.30 17.96 16.57 14.97 13.43 12.99 12.99 13.87 13.87 14.97 16.06 17.16 17.37 15.84 14.89 14.53 14.45 14.60 15.18 15.77 16.94 19.05 19.05 19.56 18.98 16.94 15.99 15.33 16.06 17.45
4.89 4.89 2.19 0.00 0.00 0.00 0.00 0.00 0.00 0.00 0.00 0.00 0.00 0.00 0.00 0.00 0.00 0.66 0.22 0.00 0.00 2.26 4.16 6.13 10.44 12.56 12.56 14.02 15.55 17.23 20.59 22.05 22.56 23.14 23.36 22.56 21.53 21.24 21.53 21.10 17.74 13.36 11.53 13.58 17.81 19.35 18.10 16.35 15.70 13.58 12.12 12.12 11.46 13.29 15.70 16.43 15.91 14.09 11.97 12.05 13.65 15.11 15.99 17.37 17.30 17.16 16.94 15.84 14.53 14.16 15.18 15.26 15.55 16.21 16.72 17.59 17.59 18.10 19.13 19.13 18.18 17.08 17.52 18.54
1.90 1.90 0.07 0.00 0.00 0.00 0.00 0.00 0.00 0.00 0.00 0.00 0.00 0.00 0.00 0.00 0.00 0.00 0.00 0.00 0.00 0.00 1.61 2.48 6.20 9.71 9.71 13.29 15.26 15.84 16.86 19.35 21.10 23.07 23.65 22.63 20.95 20.08 19.56 19.71 18.76 15.62 11.10 12.56 16.94 18.69 18.40 17.23 16.64 15.18 11.97 11.97 9.42 10.07 11.61 11.97 12.78 12.41 11.32 10.29 10.95 13.43 14.67 15.48 15.40 16.50 16.21 13.07 12.92 11.68 10.59 9.49 10.29 11.24 12.63 12.56 12.56 13.58 15.26 15.70 16.64 18.40 19.71 20.51
0.00 0.00 0.00 0.00 0.00 0.00 0.00 0.00 0.00 0.00 0.00 0.00 0.00 0.00 0.00 0.00 0.00 0.00 0.00 0.00 0.00 0.00 0.00 0.00 0.00 2.85 2.85 6.50 11.17 11.83 12.48 15.55 20.37 22.27 21.75 19.20 17.89 18.32 19.05 19.71 19.27 17.37 13.94 13.43 15.11 17.89 17.81 16.64 16.79 16.06 12.99 12.99 8.98 7.59 7.74 7.96 8.54 7.96 7.74 7.59 8.76 10.80 13.07 13.87 13.43 12.41 11.83 10.15 7.52 6.86 5.91 5.48 5.69 6.28 6.42 8.61 8.61 10.00 12.56 15.26 16.13 17.67 18.03 20.73
0.00 0.00 0.00 0.00 0.00 0.00 0.00 0.00 0.00 0.00 0.00 0.00 0.00 0.00 0.00 0.00 0.00 0.00 0.00 0.00 0.00 0.00 0.00 0.00 0.00 0.00 0.00 1.24 4.45 6.64 8.54 10.88 14.82 16.13 15.91 13.94 11.97 12.85 15.40 17.52 19.49 18.69 16.43 14.60 14.31 15.62 16.79 15.99 16.06 15.84 13.58 13.58 10.07 7.59 5.11 3.21 2.56 5.11 8.03 8.98 9.20 11.53 13.07 12.56 12.41 11.02 9.64 8.61 7.45 6.35 7.15 9.78 12.85 13.21 13.51 13.87 13.87 14.82 17.67 18.69 20.22 20.88 21.53 18.61
0.00 0.00 0.00 0.00 0.00 0.00 0.00 0.00 0.00 0.00 0.00 0.00 0.00 0.00 0.00 0.00 0.00 0.00 0.00 0.00 0.00 0.00 0.00 0.00 0.00 0.00 0.00 1.24 4.45 6.64 8.54 10.88 14.82 16.13 15.91 13.94 11.97 12.85 15.40 17.52 19.49 18.69 16.43 14.60 14.31 15.62 16.79 15.99 16.06 15.84 13.58 13.58 10.07 7.59 5.11 3.21 2.56 5.11 8.03 8.98 9.20 11.53 13.07 12.56 12.41 11.02 9.64 8.61 7.45 6.35 7.15 9.78 12.85 13.21 13.51 13.87 13.87 14.82 17.67 18.69 20.22 20.88 21.53 18.61
0.00 0.00 0.00 0.00 0.00 0.00 0.00 0.00 0.00 0.00 0.00 0.00 0.00 0.00 0.00 0.00 0.00 0.00 0.00 0.00 0.00 0.00 0.00 0.00 0.00 0.00 0.00 0.00 0.00 0.00 3.43 4.45 6.28 6.50 5.11 4.96 3.65 6.13 9.34 12.99 14.53 16.21 14.45 13.94 13.87 13.94 14.89 14.24 14.09 15.26 15.11 15.11 13.87 11.97 8.18 3.29 1.02 3.72 10.00 12.12 13.43 14.38 14.82 16.06 15.33 15.40 14.53 13.51 12.34 11.68 12.41 15.84 20.00 23.29 23.29 24.97 24.97 24.24 23.00 23.07 25.48 26.28 25.11 23.07
