Wansh/Snow_depth/snowdepth-1988/spring/1988086.txt
ncols 321
nrows 161
xllcenter 60
yllcenter 15 
cellsize  0.25 
NODATA_value -1
[rows 0 to 36 of 161, columns 0 to 83 of 321]
14.60 14.60 18.54 21.46 22.48 21.61 20.22 23.73 28.18 29.27 28.91 28.32 28.47 28.25 28.98 31.10 31.03 30.37 29.71 29.86 28.69 26.57 27.16 29.20 29.71 29.27 29.27 28.03 27.30 27.45 28.84 29.49 28.84 30.00 31.03 32.12 32.05 31.39 31.24 30.88 30.88 29.71 28.32 28.76 29.35 28.84 28.54 30.08 30.81 32.78 33.22 33.22 33.00 32.05 31.17 31.24 31.39 31.46 29.64 29.42 28.84 27.67 25.40 24.97 24.02 23.94 23.51 23.94 23.87 24.09 22.70 21.68 21.97 21.61 19.42 18.03 18.03 19.05 19.86 19.93 20.37 20.73 21.68 22.05
20.44 20.44 20.37 20.66 22.34 25.33 27.45 29.13 30.66 30.81 30.00 30.08 30.22 28.98 28.25 27.38 27.38 26.35 26.21 26.13 26.13 25.55 26.13 25.77 24.82 24.97 24.97 24.45 24.02 24.38 25.33 24.82 24.45 24.45 25.70 26.86 27.52 27.96 26.86 25.19 25.40 24.67 24.97 24.31 24.31 23.51 23.00 23.43 24.16 24.67 26.50 26.50 27.01 27.16 26.72 27.08 26.28 25.99 24.38 23.21 20.15 18.98 18.18 17.89 18.18 17.96 18.40 18.03 17.81 18.47 19.42 19.56 18.91 18.40 18.25 17.52 17.52 17.52 17.81 18.69 20.15 20.59 20.44 20.37
20.81 20.81 20.81 19.27 21.53 24.53 25.99 25.55 26.13 28.18 29.05 29.78 29.05 27.52 23.80 22.48 21.61 21.68 22.92 22.85 22.63 23.58 23.80 23.51 22.92 22.92 22.92 22.85 23.14 23.43 23.58 23.29 23.07 23.00 22.92 23.87 23.80 23.65 21.02 19.64 17.74 15.84 16.57 17.59 17.96 18.25 18.98 19.42 18.61 18.47 18.03 18.03 18.03 17.67 18.61 19.20 19.56 18.40 17.52 18.03 17.01 15.55 14.09 14.02 14.82 15.40 15.40 15.77 16.43 17.16 18.83 19.64 20.66 21.17 21.17 20.66 20.66 20.08 20.66 21.17 20.37 20.51 20.95 20.95
20.81 20.81 20.81 19.27 21.53 24.53 25.99 25.55 26.13 28.18 29.05 29.78 29.05 27.52 23.80 22.48 21.61 21.68 22.92 22.85 22.63 23.58 23.80 23.51 22.92 22.92 22.92 22.85 23.14 23.43 23.58 23.29 23.07 23.00 22.92 23.87 23.80 23.65 21.02 19.64 17.74 15.84 16.57 17.59 17.96 18.25 18.98 19.42 18.61 18.47 18.03 18.03 18.03 17.67 18.61 19.20 19.56 18.40 17.52 18.03 17.01 15.55 14.09 14.02 14.82 15.40 15.40 15.77 16.43 17.16 18.83 19.64 20.66 21.17 21.17 20.66 20.66 20.08 20.66 21.17 20.37 20.51 20.95 20.95
20.59 20.59 18.83 18.32 19.93 22.56 22.70 22.27 24.02 25.77 26.21 25.11 23.29 21.46 18.03 16.64 16.21 17.59 19.05 20.59 20.00 19.78 21.83 22.63 22.85 22.48 22.48 22.63 21.90 21.90 22.41 22.92 22.85 22.27 21.32 20.44 19.20 17.89 16.35 14.82 12.92 11.10 10.00 10.66 11.83 13.72 14.31 15.11 15.70 14.82 14.53 14.53 13.43 13.43 13.58 13.36 12.56 12.05 12.78 13.21 13.87 13.94 13.87 14.60 15.91 16.13 15.33 15.11 17.01 18.69 20.88 22.85 24.02 24.60 24.38 24.09 24.09 23.65 23.07 22.56 21.75 21.39 21.53 22.12
21.90 21.90 18.61 18.32 18.91 19.93 20.81 21.24 21.39 21.46 20.29 17.08 16.13 16.13 14.60 13.58 14.38 16.35 18.47 18.40 16.86 16.50 18.54 20.00 20.95 20.95 20.95 20.37 19.13 18.40 18.98 21.61 23.87 24.24 22.92 20.37 18.25 16.50 15.62 14.60 13.51 10.51 9.20 7.15 8.03 9.34 11.17 11.83 11.24 12.05 12.78 12.78 12.48 11.97 10.95 10.37 10.37 10.59 10.51 10.88 11.61 13.07 13.72 13.72 14.02 13.65 14.02 14.31 14.75 16.35 19.27 22.56 24.45 25.99 26.57 26.72 26.72 25.40 24.53 24.02 23.94 23.94 24.31 25.26
16.21 16.21 18.32 17.52 17.59 17.52 17.16 17.08 16.64 15.55 13.51 13.80 14.09 13.80 12.92 13.36 16.13 18.03 17.96 16.43 12.56 12.56 16.79 18.91 19.78 19.71 19.71 18.76 17.16 17.23 18.03 20.00 21.61 21.53 21.46 19.93 18.25 16.50 16.06 15.70 13.80 12.19 9.13 7.74 7.88 9.13 10.95 11.10 10.80 10.15 10.07 10.07 10.66 11.10 10.88 9.42 8.47 9.27 10.37 10.80 11.24 11.53 11.97 13.14 13.29 12.41 11.61 10.37 10.51 12.41 14.24 16.72 18.47 22.92 24.09 24.75 24.75 24.82 24.60 24.75 24.75 24.75 24.97 24.82
16.21 16.21 18.32 17.52 17.59 17.52 17.16 17.08 16.64 15.55 13.51 13.80 14.09 13.80 12.92 13.36 16.13 18.03 17.96 16.43 12.56 12.56 16.79 18.91 19.78 19.71 19.71 18.76 17.16 17.23 18.03 20.00 21.61 21.53 21.46 19.93 18.25 16.50 16.06 15.70 13.80 12.19 9.13 7.74 7.88 9.13 10.95 11.10 10.80 10.15 10.07 10.07 10.66 11.10 10.88 9.42 8.47 9.27 10.37 10.80 11.24 11.53 11.97 13.14 13.29 12.41 11.61 10.37 10.51 12.41 14.24 16.72 18.47 22.92 24.09 24.75 24.75 24.82 24.60 24.75 24.75 24.75 24.97 24.82
16.06 16.06 16.35 17.23 14.82 13.80 13.21 12.41 11.53 11.10 10.95 10.51 11.10 11.75 13.14 15.91 17.96 18.25 16.64 13.58 9.49 10.66 14.02 17.37 19.49 17.96 17.96 16.64 15.70 15.33 15.33 15.26 16.06 16.50 15.33 15.91 15.99 15.40 14.82 14.89 14.97 13.58 12.12 11.83 10.73 9.93 11.32 12.05 12.34 11.97 10.66 10.66 9.78 10.07 9.34 8.91 8.91 9.05 8.91 9.42 9.56 8.83 9.05 10.07 11.02 12.12 12.34 11.17 10.00 9.42 10.73 13.36 15.84 18.83 22.12 23.21 23.21 21.24 20.08 20.29 21.39 23.00 22.27 23.00
15.04 15.04 13.94 12.05 15.11 10.44 9.27 9.49 9.93 10.07 10.37 9.78 10.51 12.19 14.16 16.79 18.69 18.40 15.04 10.37 6.79 8.91 13.72 16.79 16.50 15.26 15.26 14.09 12.92 12.56 12.34 11.68 11.61 12.05 11.39 11.39 12.19 12.63 13.29 12.41 12.85 12.41 12.63 13.58 13.94 12.48 11.39 11.90 12.48 13.51 13.43 13.43 12.26 11.24 10.66 9.71 9.34 8.98 8.83 8.61 7.96 7.37 6.35 6.06 6.94 9.71 10.95 11.17 10.22 8.61 8.83 10.29 13.07 17.67 21.10 22.48 22.48 22.27 20.00 17.23 16.50 17.30 18.76 19.42
13.87 13.87 13.07 11.39 10.59 11.32 7.81 8.47 9.86 10.73 11.24 11.83 11.53 11.97 14.31 16.64 17.45 15.99 12.26 7.15 6.13 8.25 12.34 14.31 13.94 13.14 13.14 11.61 10.95 10.80 10.44 10.44 10.59 11.02 10.95 10.29 10.29 10.59 11.32 12.19 11.90 12.12 12.78 13.58 13.80 14.02 14.02 13.43 13.58 13.94 14.53 14.53 14.02 12.99 11.75 10.95 10.88 10.66 10.95 11.32 10.95 8.83 7.45 7.30 7.52 7.88 8.10 7.30 7.08 6.86 6.86 8.32 12.34 14.97 17.16 20.00 20.00 21.10 19.78 18.40 17.45 17.67 16.79 17.01
13.87 13.87 13.07 11.39 10.59 11.32 7.81 8.47 9.86 10.73 11.24 11.83 11.53 11.97 14.31 16.64 17.45 15.99 12.26 7.15 6.13 8.25 12.34 14.31 13.94 13.14 13.14 11.61 10.95 10.80 10.44 10.44 10.59 11.02 10.95 10.29 10.29 10.59 11.32 12.19 11.90 12.12 12.78 13.58 13.80 14.02 14.02 13.43 13.58 13.94 14.53 14.53 14.02 12.99 11.75 10.95 10.88 10.66 10.95 11.32 10.95 8.83 7.45 7.30 7.52 7.88 8.10 7.30 7.08 6.86 6.86 8.32 12.34 14.97 17.16 20.00 20.00 21.10 19.78 18.40 17.45 17.67 16.79 17.01
13.80 13.80 13.65 11.83 9.78 7.23 8.98 8.91 10.88 13.07 12.92 11.53 9.93 9.20 11.02 13.80 15.04 15.04 12.78 9.56 8.54 9.05 10.29 11.61 11.17 10.44 10.44 9.64 9.56 10.15 10.44 10.95 11.10 10.66 10.15 9.93 10.80 11.02 11.39 12.34 11.46 10.88 11.53 11.02 11.32 10.95 11.97 12.34 12.56 12.78 13.36 13.36 13.07 12.78 12.41 12.26 12.26 11.90 12.34 14.02 13.94 11.61 10.15 10.44 11.46 12.48 11.68 10.15 7.88 7.15 6.86 6.64 7.96 13.07 16.64 16.94 16.94 18.54 19.64 20.22 19.56 17.89 15.77 15.33
12.05 12.05 11.32 10.07 8.54 7.81 8.98 8.25 12.63 12.78 12.56 11.02 8.69 9.20 13.29 15.62 17.23 16.35 13.51 10.59 9.86 9.71 9.13 9.27 9.42 9.20 9.20 8.91 8.69 10.07 10.44 10.44 10.37 10.22 10.00 10.59 11.61 11.61 11.46 10.80 8.76 7.96 6.57 6.13 5.84 7.01 9.13 10.80 11.32 12.19 11.46 11.46 11.83 10.88 10.66 12.26 13.07 14.31 15.18 16.86 17.37 15.11 12.48 13.36 16.35 16.86 14.89 13.36 11.83 10.29 8.25 7.37 8.03 11.32 15.55 18.32 18.32 18.91 18.32 17.81 17.74 17.01 16.86 16.64
10.44 10.44 9.20 8.54 8.61 8.61 10.00 11.61 10.37 12.70 12.41 11.61 11.32 13.51 14.24 14.82 15.99 15.33 13.36 10.66 10.80 10.59 9.42 9.05 9.34 9.13 9.13 9.05 9.27 10.15 9.42 8.54 8.47 8.18 8.54 9.56 10.80 10.29 7.74 6.42 4.23 2.04 1.90 2.63 4.45 5.69 6.20 8.18 9.86 9.78 10.44 10.44 10.73 10.59 9.78 10.37 13.36 14.67 16.28 17.45 18.47 17.81 17.52 17.89 19.05 18.98 18.32 15.62 14.24 12.78 10.95 9.64 10.51 12.85 15.48 17.59 17.59 18.47 17.74 16.94 14.97 14.38 14.75 15.40
9.93 9.93 9.93 10.73 10.73 10.88 11.83 12.26 11.17 12.19 12.26 12.41 12.12 12.26 12.56 12.78 13.07 12.34 11.75 11.02 11.83 11.61 11.32 10.22 9.93 9.13 9.13 8.32 7.74 7.01 6.13 6.13 5.40 4.60 5.04 5.84 6.94 6.42 4.96 2.56 1.17 0.58 0.15 2.19 4.16 5.91 6.86 6.86 7.74 9.42 10.44 10.44 10.51 10.73 10.95 10.88 11.32 13.36 15.48 16.13 16.35 16.79 17.30 16.86 16.79 18.18 17.16 15.48 14.53 14.02 13.87 13.14 13.36 15.04 16.79 18.03 18.03 17.74 17.37 16.43 16.50 16.06 15.55 14.45
9.93 9.93 9.93 10.73 10.73 10.88 11.83 12.26 11.17 12.19 12.26 12.41 12.12 12.26 12.56 12.78 13.07 12.34 11.75 11.02 11.83 11.61 11.32 10.22 9.93 9.13 9.13 8.32 7.74 7.01 6.13 6.13 5.40 4.60 5.04 5.84 6.94 6.42 4.96 2.56 1.17 0.58 0.15 2.19 4.16 5.91 6.86 6.86 7.74 9.42 10.44 10.44 10.51 10.73 10.95 10.88 11.32 13.36 15.48 16.13 16.35 16.79 17.30 16.86 16.79 18.18 17.16 15.48 14.53 14.02 13.87 13.14 13.36 15.04 16.79 18.03 18.03 17.74 17.37 16.43 16.50 16.06 15.55 14.45
11.10 11.10 11.68 12.99 13.72 13.43 12.41 12.41 13.07 12.85 12.34 12.92 13.65 13.51 13.94 13.36 13.36 13.43 12.63 12.92 13.29 13.43 12.56 10.80 9.42 8.98 8.98 8.03 6.35 6.57 6.57 5.99 5.55 4.45 3.36 3.50 5.04 5.26 3.87 2.70 0.44 0.00 0.29 1.90 4.09 5.55 5.91 6.20 7.45 8.32 9.49 9.49 9.42 10.15 11.53 12.41 12.85 13.51 14.16 15.40 15.33 15.04 14.45 13.58 12.85 12.48 13.14 12.63 12.63 13.87 14.16 14.82 15.48 15.91 16.94 18.03 18.03 18.40 18.03 16.43 15.04 14.75 15.33 14.97
12.12 12.12 12.85 14.24 14.89 14.45 13.21 11.97 12.41 12.56 13.07 16.35 16.79 18.54 18.18 18.61 18.10 17.96 17.59 16.28 16.72 15.70 14.31 12.48 11.17 11.17 11.17 9.42 7.52 6.42 5.99 6.57 7.08 5.99 5.48 6.06 6.72 7.15 5.62 5.18 2.48 1.10 1.31 2.34 4.96 6.35 7.15 8.10 8.47 9.34 10.73 10.73 11.32 12.56 13.87 13.87 13.80 14.31 15.62 15.62 15.26 14.89 14.02 12.26 10.44 7.81 5.48 6.64 7.96 10.51 14.89 16.43 17.16 17.81 16.57 15.40 15.40 14.97 15.62 14.82 14.02 14.60 16.13 16.64
11.53 11.53 12.48 13.80 14.02 13.43 12.48 12.70 14.02 16.28 17.52 15.48 21.61 22.48 22.12 21.90 20.95 20.44 19.20 18.61 18.40 16.72 15.70 14.53 13.36 12.34 12.34 10.22 7.88 6.57 7.15 8.54 10.15 10.15 10.66 10.15 9.42 9.56 8.32 7.01 5.26 3.58 3.43 5.26 6.35 7.88 9.34 8.91 9.78 10.95 12.05 12.05 13.14 15.04 14.97 14.24 14.09 15.70 16.50 16.64 15.40 13.87 13.07 12.70 11.90 10.73 9.78 8.91 7.81 9.42 12.48 15.62 15.91 14.97 14.53 13.80 13.80 14.16 14.09 14.53 14.67 14.97 15.84 16.57
12.56 12.56 12.26 11.97 12.85 12.99 13.72 16.43 19.93 21.24 22.34 23.80 21.46 24.60 23.14 22.19 21.02 20.88 20.22 20.08 19.49 17.89 16.50 14.97 14.97 13.21 13.21 10.44 8.10 7.45 8.76 9.86 11.02 11.24 11.90 12.19 12.05 11.32 10.00 9.34 7.52 6.50 6.50 7.52 9.13 10.51 10.73 11.53 13.14 14.24 13.87 13.87 14.24 15.40 15.84 15.33 14.67 14.53 14.97 15.04 14.09 12.41 11.90 12.12 11.68 11.17 11.75 12.78 13.58 12.92 12.78 14.31 14.60 14.38 13.87 13.36 13.36 12.48 13.36 14.60 15.33 15.70 15.18 14.38
10.95 10.95 12.56 12.78 13.80 14.45 16.21 18.91 21.17 22.70 24.16 24.60 24.75 25.55 22.41 21.61 21.32 21.75 22.56 23.29 22.78 21.24 19.35 15.70 15.04 16.06 16.06 14.82 10.22 9.05 10.59 12.92 13.36 12.92 13.72 14.53 14.60 13.51 13.29 11.97 10.66 10.22 10.44 11.10 11.17 11.24 11.68 13.94 15.40 15.84 15.26 15.26 13.94 15.18 17.23 17.08 15.11 13.58 13.21 12.56 12.12 11.75 11.90 11.17 9.64 10.22 11.32 11.68 12.12 12.41 13.65 13.72 13.21 13.29 13.72 14.16 14.16 13.65 13.58 14.60 14.53 13.94 13.43 14.38
10.95 10.95 12.56 12.78 13.80 14.45 16.21 18.91 21.17 22.70 24.16 24.60 24.75 25.55 22.41 21.61 21.32 21.75 22.56 23.29 22.78 21.24 19.35 15.70 15.04 16.06 16.06 14.82 10.22 9.05 10.59 12.92 13.36 12.92 13.72 14.53 14.60 13.51 13.29 11.97 10.66 10.22 10.44 11.10 11.17 11.24 11.68 13.94 15.40 15.84 15.26 15.26 13.94 15.18 17.23 17.08 15.11 13.58 13.21 12.56 12.12 11.75 11.90 11.17 9.64 10.22 11.32 11.68 12.12 12.41 13.65 13.72 13.21 13.29 13.72 14.16 14.16 13.65 13.58 14.60 14.53 13.94 13.43 14.38
11.24 11.24 12.92 14.24 14.89 15.84 17.08 18.76 20.08 19.93 20.88 21.75 23.21 22.12 23.00 22.27 22.05 22.27 23.73 24.53 23.87 22.70 20.44 17.59 16.35 17.45 17.45 16.50 14.09 13.14 13.07 14.60 14.82 15.62 16.86 16.06 15.70 15.62 14.89 14.89 14.24 12.85 12.78 13.51 13.51 13.51 14.75 15.99 16.28 15.77 14.89 14.89 14.45 15.18 16.94 17.30 16.64 14.89 13.58 12.48 11.83 12.05 12.56 11.61 10.44 10.44 12.12 12.48 12.05 11.24 12.12 12.56 12.92 12.19 11.61 12.56 12.56 14.38 14.53 13.58 13.58 13.65 12.63 11.53
13.29 13.29 13.65 13.58 13.87 14.67 15.91 16.50 16.35 15.55 16.21 17.89 19.27 19.13 21.17 18.98 17.81 15.84 17.52 19.05 21.53 22.78 21.75 18.40 16.86 17.01 17.01 15.33 12.92 13.80 15.11 16.64 16.72 17.16 18.61 18.61 18.18 18.83 18.69 18.40 17.16 15.99 15.77 15.62 15.84 16.35 17.23 17.45 16.28 15.26 14.38 14.38 13.94 14.97 16.06 17.16 16.86 16.06 15.84 15.70 14.02 12.63 12.63 12.70 12.99 12.34 12.12 13.29 14.82 14.82 14.67 13.94 14.02 14.53 13.80 12.19 12.19 12.48 14.45 14.60 14.31 14.67 14.24 13.87
12.12 12.12 11.24 12.41 11.24 11.83 13.58 13.65 14.02 13.21 12.19 11.24 12.99 12.63 11.90 17.89 8.91 9.13 9.93 14.67 20.29 21.90 18.98 12.56 9.71 8.61 8.61 8.69 10.59 15.33 17.52 17.89 18.10 18.98 20.29 20.37 20.59 22.05 22.56 20.59 19.42 18.18 17.37 16.86 16.79 17.23 17.23 17.30 15.48 14.45 14.89 14.89 14.75 15.77 16.50 15.55 15.26 15.33 15.70 16.13 16.06 14.45 13.51 13.51 12.92 12.34 13.21 13.29 13.87 14.82 14.67 14.53 13.72 14.24 15.11 14.09 14.09 12.05 11.39 12.48 13.72 15.40 16.13 16.13
10.15 10.15 9.27 7.59 8.83 8.76 9.86 11.90 10.95 7.15 4.60 4.82 4.45 1.83 0.00 3.80 1.83 5.26 9.49 16.50 19.20 17.23 8.10 3.50 0.00 4.23 4.23 9.05 13.58 16.94 18.03 19.27 18.76 18.98 20.15 21.02 21.83 23.51 24.02 22.12 19.42 16.72 15.70 16.13 16.35 15.62 14.89 14.82 13.29 12.34 13.87 13.87 14.97 15.55 16.13 16.06 15.70 15.62 15.40 15.55 15.11 13.80 13.07 12.99 13.21 12.41 11.83 12.26 12.34 12.63 12.56 12.26 12.78 13.58 12.85 12.34 12.34 12.41 11.24 10.66 11.10 13.80 15.84 16.35
9.20 9.20 9.05 6.72 7.08 8.25 7.08 7.88 4.02 0.00 0.00 0.00 0.00 0.00 0.00 0.00 0.00 0.00 7.08 10.73 7.23 0.00 0.00 0.00 4.96 8.47 8.47 13.36 15.04 15.77 15.99 14.97 17.23 19.86 21.39 21.17 22.12 23.58 23.65 22.27 17.67 14.60 13.94 15.04 14.53 14.75 13.87 13.14 13.29 12.48 13.14 13.14 14.09 15.33 15.70 15.77 16.79 16.64 16.28 15.70 15.33 14.53 13.14 12.99 14.24 13.58 12.41 11.53 11.10 11.75 11.61 11.24 11.61 12.85 14.24 13.94 13.94 12.85 11.90 11.24 11.53 12.85 15.99 16.43
9.20 9.20 9.05 6.72 7.08 8.25 7.08 7.88 4.02 0.00 0.00 0.00 0.00 0.00 0.00 0.00 0.00 0.00 7.08 10.73 7.23 0.00 0.00 0.00 4.96 8.47 8.47 13.36 15.04 15.77 15.99 14.97 17.23 19.86 21.39 21.17 22.12 23.58 23.65 22.27 17.67 14.60 13.94 15.04 14.53 14.75 13.87 13.14 13.29 12.48 13.14 13.14 14.09 15.33 15.70 15.77 16.79 16.64 16.28 15.70 15.33 14.53 13.14 12.99 14.24 13.58 12.41 11.53 11.10 11.75 11.61 11.24 11.61 12.85 14.24 13.94 13.94 12.85 11.90 11.24 11.53 12.85 15.99 16.43
8.69 8.69 7.23 5.77 5.26 6.28 3.87 0.00 0.00 0.00 0.00 0.00 0.00 0.00 0.00 0.00 0.00 0.00 0.00 0.00 0.00 0.00 0.00 0.00 4.53 11.32 11.32 15.62 15.84 13.29 10.51 10.80 15.62 21.02 22.12 22.19 22.48 23.29 23.65 23.43 20.73 16.35 14.16 14.89 15.84 15.55 15.26 14.89 14.67 14.38 14.31 14.31 14.53 15.33 16.64 17.16 16.57 15.18 15.18 15.70 15.48 15.55 15.70 14.16 14.45 16.06 15.26 13.14 11.97 12.41 12.99 13.29 14.31 15.99 16.64 16.86 16.86 16.72 15.99 13.36 12.85 12.92 13.72 15.62
4.60 4.60 2.77 1.83 1.83 2.26 3.21 0.00 0.00 0.00 0.00 0.00 0.00 0.00 0.00 0.00 0.00 0.00 0.00 0.00 0.00 0.00 0.00 0.00 0.00 8.25 8.25 14.60 16.13 14.82 14.75 17.16 18.83 19.64 20.95 20.95 21.39 22.12 24.09 24.60 21.68 17.45 14.67 15.33 17.52 17.67 16.86 16.06 15.62 14.53 13.51 13.51 14.16 15.55 17.01 17.74 16.64 14.09 13.07 14.02 15.62 15.91 15.91 15.26 15.55 16.28 16.50 14.53 13.72 13.65 13.29 14.60 15.84 15.55 15.62 15.70 15.70 15.55 15.91 15.40 14.60 13.65 14.53 15.77
1.39 1.39 0.00 0.00 0.00 0.00 0.00 0.00 0.00 0.00 0.00 0.00 0.00 0.00 0.00 0.00 0.00 0.00 0.00 0.00 0.00 0.00 0.00 0.00 0.00 6.94 6.94 14.38 16.06 16.06 16.64 18.47 19.35 19.93 20.73 20.29 19.78 20.00 20.88 22.34 21.17 18.10 14.75 13.65 17.23 18.54 18.18 17.16 16.50 15.04 12.99 12.99 12.92 14.31 16.28 17.30 15.91 14.09 11.97 12.05 13.58 15.04 15.91 16.72 16.94 17.08 14.38 12.19 10.00 8.98 9.20 9.42 11.53 12.70 10.59 7.30 7.30 5.91 8.03 11.90 15.84 17.16 19.20 20.88
0.00 0.00 0.00 0.00 0.00 0.00 0.00 0.00 0.00 0.00 0.00 0.00 0.00 0.00 0.00 0.00 0.00 0.00 0.00 0.00 0.00 0.00 0.00 0.00 0.00 6.13 6.13 11.02 14.53 14.67 14.53 13.94 15.40 17.52 18.03 17.96 18.32 18.61 18.03 17.67 18.25 16.50 14.02 14.02 16.28 17.81 17.37 16.57 16.50 15.99 13.87 13.87 11.90 11.53 13.87 14.24 12.92 10.00 8.83 9.13 11.75 13.43 14.75 15.99 16.21 16.35 13.07 6.72 3.94 0.00 0.00 0.00 1.97 5.04 5.84 4.09 4.09 1.97 2.34 4.53 7.52 13.65 17.96 22.85
0.00 0.00 0.00 0.00 0.00 0.00 0.00 0.00 0.00 0.00 0.00 0.00 0.00 0.00 0.00 0.00 0.00 0.00 0.00 0.00 0.00 0.00 0.00 0.00 0.00 0.00 0.00 5.26 9.56 9.93 10.29 8.83 9.71 13.36 14.53 11.83 13.07 13.87 14.60 15.48 17.45 17.37 15.18 13.80 14.24 15.48 15.84 15.26 15.11 15.11 13.36 13.36 10.80 9.34 8.98 10.66 9.05 7.01 7.01 8.76 9.78 11.53 12.63 13.58 13.94 12.05 7.74 4.16 0.00 0.00 0.00 0.00 1.02 2.41 5.84 5.33 5.33 3.65 3.50 6.20 8.47 8.91 10.15 12.41
0.00 0.00 0.00 0.00 0.00 0.00 0.00 0.00 0.00 0.00 0.00 0.00 0.00 0.00 0.00 0.00 0.00 0.00 0.00 0.00 0.00 0.00 0.00 0.00 0.00 0.00 0.00 0.00 0.00 3.87 0.00 1.75 2.92 6.86 6.79 4.02 0.00 3.65 6.72 13.87 17.74 18.54 16.86 14.38 13.21 13.51 13.94 13.51 14.24 13.80 12.56 12.56 10.66 8.83 6.64 6.94 6.28 6.06 7.81 10.66 12.12 13.43 12.85 9.86 6.50 4.38 2.41 0.07 0.00 0.00 1.17 3.87 5.26 10.07 11.90 12.05 12.05 12.78 13.80 13.72 15.18 16.28 15.77 12.70
0.00 0.00 0.00 0.00 0.00 0.00 0.00 0.00 0.00 0.00 0.00 0.00 0.00 0.00 0.00 0.00 0.00 0.00 0.00 0.00 0.00 0.00 0.00 0.00 0.00 0.00 0.00 0.00 0.00 3.87 0.00 1.75 2.92 6.86 6.79 4.02 0.00 3.65 6.72 13.87 17.74 18.54 16.86 14.38 13.21 13.51 13.94 13.51 14.24 13.80 12.56 12.56 10.66 8.83 6.64 6.94 6.28 6.06 7.81 10.66 12.12 13.43 12.85 9.86 6.50 4.38 2.41 0.07 0.00 0.00 1.17 3.87 5.26 10.07 11.90 12.05 12.05 12.78 13.80 13.72 15.18 16.28 15.77 12.70
0.00 0.00 0.00 0.00 0.00 0.00 0.00 0.00 0.00 0.00 0.00 0.00 0.00 0.00 0.00 0.00 0.00 0.00 0.00 0.00 0.00 0.00 0.00 0.00 0.00 0.00 0.00 0.00 0.00 0.00 0.00 0.00 0.00 0.00 0.00 0.00 0.00 0.00 0.95 7.01 11.24 13.80 12.70 12.63 12.78 12.48 11.90 11.90 12.26 12.41 12.41 12.41 12.12 10.95 8.47 5.55 3.07 5.84 10.37 13.72 14.82 16.13 15.33 12.92 9.93 7.74 5.40 4.09 3.80 3.50 6.64 9.20 14.45 17.59 20.95 22.34 22.34 21.39 21.61 23.29 25.77 25.40 23.58 19.56
