Wansh/Snow_depth/snowdepth-1988/spring/1988098.txt
ncols 321
nrows 161
xllcenter 60
yllcenter 15 
cellsize  0.25 
NODATA_value -1
[rows 0 to 36 of 161, columns 168 to 251 of 321]
10.51 9.86 0.00 0.00 0.00 0.00 0.00 0.00 0.00 0.00 3.21 3.29 4.23 4.96 3.72 3.36 3.65 4.16 6.57 8.32 8.91 8.10 6.64 6.42 6.28 6.06 5.62 4.74 3.07 1.83 2.92 5.40 9.27 11.10 11.90 11.90 11.75 10.95 12.56 14.60 13.87 10.80 10.73 11.39 12.63 15.11 16.43 18.61 19.13 18.69 16.43 15.18 14.97 15.70 16.64 19.78 22.19 24.45 23.87 22.78 22.78 22.12 22.27 23.00 23.73 23.87 23.94 23.00 20.08 17.81 15.91 14.60 14.67 15.18 16.21 17.30 17.96 18.61 17.96 17.16 17.01 16.94 16.43 16.35
14.31 11.83 8.18 0.00 7.96 7.88 5.91 0.00 2.56 2.56 3.50 4.67 6.13 6.13 5.11 4.09 4.09 5.62 7.37 9.49 9.86 8.76 7.01 6.64 6.35 4.96 3.50 3.14 0.00 2.99 3.94 7.01 8.76 9.34 9.86 9.86 10.29 11.53 14.67 16.86 16.64 16.35 15.11 15.40 17.30 18.32 17.67 16.21 16.06 16.79 17.45 17.67 18.10 18.76 19.64 19.71 21.46 24.89 25.33 24.75 24.75 23.07 22.70 23.21 23.43 23.87 24.24 23.94 22.41 20.22 19.20 17.59 17.52 17.30 17.01 17.23 17.81 18.61 18.54 16.94 19.20 16.21 15.04 14.53
21.24 15.26 10.66 10.00 12.85 13.21 9.05 0.00 0.00 0.00 4.23 5.55 5.04 4.96 5.62 6.42 7.15 9.27 10.00 10.07 10.22 9.05 8.10 7.81 7.15 5.77 2.48 0.00 0.00 3.50 4.74 6.13 5.91 4.53 5.62 5.62 9.34 12.41 17.01 19.13 19.64 18.47 17.67 15.91 15.33 15.62 15.55 15.40 15.55 15.84 16.79 17.52 18.47 20.15 21.10 21.10 20.51 21.10 22.41 23.36 23.36 23.51 23.29 23.14 22.92 23.65 23.43 22.92 22.48 21.39 20.08 19.56 18.47 18.18 16.43 15.70 15.55 15.11 14.97 14.60 14.38 16.64 14.38 13.36
21.24 15.26 10.66 10.00 12.85 13.21 9.05 0.00 0.00 0.00 4.23 5.55 5.04 4.96 5.62 6.42 7.15 9.27 10.00 10.07 10.22 9.05 8.10 7.81 7.15 5.77 2.48 0.00 0.00 3.50 4.74 6.13 5.91 4.53 5.62 5.62 9.34 12.41 17.01 19.13 19.64 18.47 17.67 15.91 15.33 15.62 15.55 15.40 15.55 15.84 16.79 17.52 18.47 20.15 21.10 21.10 20.51 21.10 22.41 23.36 23.36 23.51 23.29 23.14 22.92 23.65 23.43 22.92 22.48 21.39 20.08 19.56 18.47 18.18 16.43 15.70 15.55 15.11 14.97 14.60 14.38 16.64 14.38 13.36
17.23 13.72 12.12 13.51 15.62 14.97 10.95 7.30 4.45 4.45 4.02 5.33 5.91 6.13 7.30 9.49 11.24 13.80 13.29 10.51 8.98 8.10 7.74 6.28 4.74 0.00 0.00 0.00 2.99 5.84 7.30 5.69 3.87 3.80 6.79 6.79 10.29 13.94 15.99 17.59 17.52 16.79 15.55 13.80 12.48 12.34 13.29 15.40 17.37 18.61 19.27 19.49 19.13 18.69 19.35 20.08 20.29 20.81 21.32 21.83 21.83 22.48 23.21 24.16 23.14 22.19 21.75 22.12 21.17 20.29 19.42 18.61 17.45 16.79 15.91 14.82 15.11 15.62 16.13 16.72 15.04 18.18 17.01 16.21
17.01 15.70 13.80 12.85 12.34 12.26 13.07 11.53 8.03 8.03 7.08 8.18 9.71 11.53 11.83 11.90 12.78 13.58 11.39 9.05 6.64 5.91 5.11 3.50 0.00 0.00 0.00 0.00 6.57 7.88 7.59 5.99 5.11 7.74 11.53 11.53 13.14 15.33 15.04 14.16 14.45 14.24 13.51 13.51 13.51 13.80 13.36 14.75 16.21 18.61 20.51 21.39 21.39 20.73 19.86 19.35 18.76 18.25 18.69 19.93 19.93 21.32 23.43 22.85 21.53 19.35 17.89 17.59 17.67 16.57 17.45 16.79 17.01 16.50 16.13 15.40 14.97 16.35 16.64 18.32 17.52 18.61 18.98 17.01
16.06 18.25 17.30 13.58 9.05 8.83 11.97 13.87 13.14 13.14 11.75 9.78 9.93 11.53 12.85 12.99 12.41 10.51 6.94 5.55 5.18 0.00 0.00 0.00 0.00 0.00 0.00 5.48 7.66 8.69 8.83 9.05 9.86 12.19 16.57 16.57 17.23 16.50 13.80 10.95 9.86 10.22 10.44 12.41 15.40 17.81 19.27 20.08 19.93 20.66 21.97 22.12 21.39 20.08 19.13 18.25 16.28 16.43 16.86 17.59 17.59 18.76 18.61 19.49 18.76 16.35 15.18 14.09 13.58 12.78 12.70 11.75 11.17 11.53 10.51 11.17 11.24 10.95 12.41 14.45 17.76 21.03 19.84 23.66
16.06 18.25 17.30 13.58 9.05 8.83 11.97 13.87 13.14 13.14 11.75 9.78 9.93 11.53 12.85 12.99 12.41 10.51 6.94 5.55 5.18 0.00 0.00 0.00 0.00 0.00 0.00 5.48 7.66 8.69 8.83 9.05 9.86 12.19 16.57 16.57 17.23 16.50 13.80 10.95 9.86 10.22 10.44 12.41 15.40 17.81 19.27 20.08 19.93 20.66 21.97 22.12 21.39 20.08 19.13 18.25 16.28 16.43 16.86 17.59 17.59 18.76 18.61 19.49 18.76 16.35 15.18 14.09 13.58 12.78 12.70 11.75 11.17 11.53 10.51 12.91 15.51 15.76 17.00 24.55 29.33 27.99 25.52 24.55
11.90 15.77 16.72 14.53 8.47 6.50 7.74 9.56 11.32 11.32 10.51 6.94 6.57 8.76 11.32 12.19 10.51 8.40 6.20 3.43 0.00 0.00 0.00 0.00 0.00 0.00 4.31 5.18 5.91 6.72 8.03 9.71 11.46 14.60 17.23 17.23 17.81 15.55 10.51 7.96 8.40 10.51 11.75 14.45 16.94 19.42 23.29 26.13 26.35 24.67 23.94 23.21 20.00 17.96 16.57 14.16 14.09 13.14 13.87 16.57 16.57 17.74 16.72 15.77 13.80 12.63 11.32 10.88 10.95 11.17 10.44 9.64 8.91 9.48 11.59 13.37 14.48 13.27 13.66 19.78 22.75 23.29 20.94 23.71
6.94 8.47 11.46 12.12 11.32 9.27 7.30 6.28 5.40 5.40 4.67 4.82 5.84 7.45 7.81 8.91 8.32 7.37 0.00 0.00 0.00 0.00 0.00 0.00 6.28 6.50 6.20 6.20 6.42 7.37 7.96 8.18 9.78 10.51 11.32 11.32 13.21 11.46 9.64 8.91 11.97 13.14 14.60 14.75 14.82 16.43 20.29 21.53 22.70 21.83 20.66 18.18 16.28 15.33 12.78 11.61 11.17 9.64 8.91 8.54 8.54 11.53 13.29 12.05 11.24 10.29 10.15 9.78 9.42 9.86 10.44 10.37 10.51 12.89 13.11 12.22 13.75 15.28 17.01 16.01 16.08 24.50 19.65 20.61
8.25 8.03 7.45 7.59 9.42 10.22 9.20 6.57 4.09 4.09 3.65 4.96 5.77 5.84 6.28 7.88 0.00 0.00 0.00 8.91 8.61 5.99 4.82 5.33 6.13 6.13 5.40 4.82 5.48 5.84 6.13 5.40 4.89 6.13 7.59 7.59 8.98 11.53 12.19 12.99 14.31 14.97 13.07 11.24 11.39 10.66 10.73 14.16 16.21 17.52 15.84 13.87 12.48 11.32 10.22 8.54 5.26 4.67 4.53 4.09 4.09 4.82 6.64 8.32 8.83 8.91 9.13 9.78 10.15 9.86 9.34 9.56 8.83 8.37 8.81 11.03 14.48 16.70 15.11 15.66 15.97 15.79 16.31 15.98
8.25 8.03 7.45 7.59 9.42 10.22 9.20 6.57 4.09 4.09 3.65 4.96 5.77 5.84 6.28 7.88 0.00 0.00 0.00 8.91 8.61 5.99 4.82 5.33 6.13 6.13 5.40 4.82 5.48 5.84 6.13 5.40 4.89 6.13 7.59 7.59 8.98 11.53 12.19 12.99 14.31 14.97 13.07 11.24 11.39 10.66 10.73 14.16 16.21 17.52 15.84 13.87 12.48 11.32 10.22 8.54 5.26 4.67 4.53 4.09 4.09 4.82 6.64 8.32 8.83 8.91 9.13 9.78 10.15 9.86 9.34 9.56 8.61 8.25 8.54 10.24 12.91 15.47 16.11 16.25 15.97 15.45 17.92 17.09
12.63 10.44 8.25 6.64 6.13 7.08 7.45 6.79 5.18 5.18 5.18 3.14 4.74 5.77 0.00 0.00 0.00 0.00 7.08 5.99 5.55 4.31 3.21 3.21 3.65 3.29 2.48 2.99 4.31 4.16 3.07 2.34 2.99 4.82 6.20 6.20 8.18 11.53 13.65 13.43 12.19 11.46 8.91 7.08 6.06 4.67 4.67 5.77 8.98 10.80 10.15 9.42 7.88 7.81 6.72 4.31 2.85 2.41 2.56 3.58 3.58 4.45 6.50 8.03 8.40 8.61 9.13 10.22 10.22 10.73 10.66 10.15 9.49 8.98 8.83 11.22 12.88 12.48 14.17 15.91 14.90 16.53 17.30 17.50
12.41 11.24 10.73 8.91 7.45 7.01 6.72 7.96 10.51 10.51 12.26 12.85 14.75 13.94 12.78 0.00 0.00 0.00 0.00 2.99 0.00 0.00 0.00 1.46 2.34 2.41 2.70 4.23 5.48 6.42 5.26 3.50 3.50 5.62 7.37 7.37 7.88 9.93 11.24 10.37 8.47 6.50 5.33 4.53 3.72 3.36 2.85 2.77 2.99 3.29 3.65 3.65 3.43 3.07 2.92 3.50 4.89 5.26 5.33 6.35 6.35 7.96 9.56 10.95 10.95 10.51 10.44 10.73 10.59 10.88 10.95 9.64 8.61 9.57 12.59 13.12 11.74 14.17 16.73 14.14 16.44 15.54 13.80 18.37
16.21 13.36 15.26 13.94 12.92 12.12 10.66 10.22 11.53 11.53 14.60 15.48 14.82 12.92 8.83 6.28 3.65 0.00 0.00 0.00 0.00 0.00 0.00 0.00 2.26 2.41 3.43 5.33 6.35 6.06 5.55 5.04 6.13 6.79 7.30 7.30 7.30 7.66 8.54 8.69 6.64 4.67 3.87 3.50 3.07 3.50 3.43 2.99 2.19 1.90 1.46 1.17 0.51 0.00 0.00 1.46 5.18 7.81 8.76 9.42 9.42 11.53 12.34 11.46 10.80 10.29 9.56 8.83 9.05 9.64 11.75 11.97 11.77 13.29 12.81 14.05 14.60 16.33 14.69 15.07 15.58 15.07 14.70 13.01
18.47 18.10 19.27 15.99 14.02 13.94 13.14 10.88 10.51 10.51 10.00 10.15 10.07 7.59 3.87 1.75 0.66 0.00 0.00 0.00 0.00 0.00 0.00 0.00 1.39 2.34 3.29 4.38 5.55 6.06 6.42 6.86 7.01 6.64 6.79 6.79 7.37 7.45 6.42 5.40 5.33 5.91 5.69 4.89 3.65 2.77 2.48 2.19 1.46 1.10 0.00 0.00 0.00 0.00 0.00 0.00 3.58 8.10 10.07 10.51 10.51 10.88 11.46 10.00 8.61 6.94 6.13 5.55 5.99 7.15 9.27 11.51 14.60 14.79 15.37 14.40 15.87 14.69 15.26 16.19 15.30 15.90 13.03 10.54
18.47 18.10 19.27 15.99 14.02 13.94 13.14 10.88 10.51 10.51 10.00 10.15 10.07 7.59 3.87 1.75 0.66 0.00 0.00 0.00 0.00 0.00 0.00 0.00 1.39 2.34 3.29 4.38 5.55 6.06 6.42 6.86 7.01 6.64 6.79 6.79 7.37 7.45 6.42 5.40 5.33 5.91 5.69 4.89 3.65 2.77 2.48 2.19 1.46 1.10 0.00 0.00 0.00 0.00 0.00 0.00 3.58 8.10 10.07 10.51 10.51 10.88 11.46 10.00 8.61 6.94 6.13 5.55 5.99 7.15 9.27 14.14 13.68 16.08 13.81 17.82 16.10 16.25 15.57 14.60 14.79 13.67 14.17 11.97
11.32 15.26 17.23 16.06 12.41 12.05 10.29 8.91 9.05 9.05 8.83 6.79 5.62 3.29 1.24 0.00 0.00 0.00 0.00 0.00 0.00 0.00 0.00 0.00 1.68 3.21 3.21 4.16 5.18 6.28 7.37 8.03 7.96 8.25 8.40 8.40 8.61 7.74 6.79 5.77 6.13 7.52 7.96 7.23 4.60 1.75 0.88 0.88 0.00 0.00 0.00 0.00 0.00 0.00 0.00 0.00 0.00 0.95 4.38 7.15 7.15 7.88 6.57 5.91 5.04 3.65 2.63 1.83 2.85 5.55 9.68 12.79 16.20 17.26 17.48 18.10 17.17 14.21 14.14 15.46 14.01 12.10 10.26 9.08
6.42 9.78 14.09 13.65 12.56 10.07 7.96 7.45 5.99 5.99 5.48 3.87 2.48 2.19 0.00 0.00 0.00 0.00 0.00 0.00 0.00 0.00 0.00 1.83 2.70 3.72 3.72 3.80 4.53 4.96 6.20 6.94 7.88 7.96 7.96 7.96 8.54 8.83 8.25 7.59 7.59 7.52 6.64 4.02 1.83 0.66 0.37 0.00 0.00 0.00 0.00 0.00 0.00 0.00 0.00 0.00 0.00 0.00 0.00 1.39 1.39 2.56 2.48 1.97 1.31 0.07 0.00 0.00 0.00 3.01 7.45 13.64 17.67 20.81 22.99 21.30 17.23 16.81 15.19 15.13 12.37 11.91 9.38 7.92
5.77 6.57 8.69 10.37 12.48 10.00 9.49 7.45 5.77 5.77 4.89 4.16 3.36 0.00 0.00 0.00 0.00 0.00 0.00 0.00 0.00 0.00 0.00 2.34 3.43 3.58 3.87 3.29 3.65 4.53 6.64 8.76 9.34 8.32 7.59 7.59 8.69 8.98 8.10 7.59 7.30 5.99 3.94 1.90 1.10 0.00 0.00 0.00 0.00 0.00 0.00 0.00 0.00 0.00 0.00 0.00 0.00 0.00 0.00 0.00 0.00 0.00 0.00 0.00 0.00 0.00 0.00 0.00 0.00 1.31 6.64 11.46 17.45 20.88 23.51 23.93 21.32 22.39 21.01 16.18 13.26 10.48 8.92 7.56
5.62 4.74 4.67 5.62 6.42 7.30 7.74 6.86 6.64 6.64 5.69 4.74 0.00 0.00 0.00 0.00 0.00 0.00 0.00 0.00 0.00 0.00 0.00 0.00 3.80 3.87 4.96 5.33 5.33 6.06 8.69 11.10 11.24 10.37 10.44 10.44 10.37 8.47 6.06 4.53 4.31 3.50 1.39 0.44 0.44 0.00 0.00 0.00 0.00 0.00 0.00 0.00 0.00 0.00 0.00 0.00 0.00 0.00 0.00 0.00 0.00 0.00 0.00 0.00 0.00 0.00 0.00 0.00 0.00 0.58 7.37 14.16 19.78 23.21 27.01 28.61 28.80 23.32 23.70 19.25 17.30 10.40 9.20 7.54
2.19 2.48 2.19 2.19 3.14 3.80 3.94 5.04 5.18 5.18 4.31 3.80 3.94 0.00 0.00 0.00 0.00 0.00 0.00 0.00 0.00 4.45 4.74 4.53 4.67 5.69 6.20 6.20 6.86 9.27 11.68 12.26 11.46 10.88 11.75 11.75 10.15 6.94 4.09 2.12 1.53 1.17 0.29 0.00 0.00 0.00 0.00 0.00 0.00 0.00 0.00 0.00 0.00 0.00 0.00 0.00 0.00 0.00 0.00 0.00 0.00 0.00 0.00 0.00 0.00 0.00 0.00 0.00 0.00 0.00 1.10 6.50 15.11 20.44 26.69 27.63 31.60 22.94 20.37 15.94 10.65 9.60 9.14 5.91
2.19 2.48 2.19 2.19 3.14 3.80 3.94 5.04 5.18 5.18 4.31 3.80 3.94 0.00 0.00 0.00 0.00 0.00 0.00 0.00 0.00 4.45 4.74 4.53 4.67 5.69 6.20 6.20 6.86 9.27 11.68 12.26 11.46 10.88 11.75 11.75 10.15 6.94 4.09 2.12 1.53 1.17 0.29 0.00 0.00 0.00 0.00 0.00 0.00 0.00 0.00 0.00 0.00 0.00 0.00 0.00 0.00 0.00 0.00 0.00 0.00 0.00 0.00 0.00 0.00 0.00 0.00 0.00 0.00 0.00 1.10 6.50 15.11 20.44 25.62 27.78 24.54 20.18 17.06 18.55 13.03 9.80 7.16 5.45
0.00 0.00 0.51 1.68 2.26 3.65 3.43 3.87 3.94 3.94 5.04 4.53 3.65 0.00 0.00 0.00 0.00 0.00 0.00 4.38 6.86 6.57 6.57 7.45 8.32 7.74 8.54 10.37 11.24 11.24 11.53 10.88 9.93 8.76 7.37 7.37 6.72 4.45 2.19 1.83 1.53 0.00 0.00 0.00 0.00 0.00 0.00 0.00 0.00 0.00 0.00 0.00 0.00 0.00 0.00 0.00 0.00 0.00 0.00 0.00 0.00 0.00 0.00 0.00 0.00 0.00 0.00 0.00 0.00 0.00 0.00 3.80 8.18 13.14 16.94 19.30 21.52 25.76 21.05 15.62 11.50 7.21 5.99 5.15
0.22 0.00 0.51 1.10 2.26 3.50 3.07 2.85 4.96 4.96 6.35 4.16 0.00 0.00 0.00 0.00 0.00 0.00 1.61 5.62 8.03 8.32 8.54 8.83 10.51 10.07 11.32 14.02 14.67 13.65 11.24 8.47 7.23 5.33 4.23 4.23 3.80 3.07 1.83 0.80 0.66 0.73 0.00 0.00 0.00 0.00 0.00 0.00 0.00 0.00 0.00 0.00 0.00 0.00 0.00 0.00 0.00 0.00 0.00 0.00 0.00 0.00 0.00 0.00 0.00 0.00 0.00 0.00 0.00 0.00 2.04 8.47 15.62 19.13 20.51 20.07 19.12 21.15 20.15 15.97 11.92 5.91 4.94 4.87
0.00 0.00 0.00 0.73 1.02 2.19 1.68 3.94 3.07 3.07 6.20 3.29 1.46 0.00 0.00 0.00 0.00 0.00 3.07 7.59 9.13 9.71 10.15 11.61 13.36 12.48 12.85 15.04 17.16 15.55 11.39 8.40 6.57 4.02 2.26 2.26 0.00 0.00 0.00 0.00 0.00 0.00 0.00 0.00 0.00 0.00 0.00 0.00 0.00 0.00 0.00 0.00 0.00 0.00 0.00 0.00 0.00 0.00 0.00 0.00 0.00 0.00 0.00 0.00 0.00 0.00 0.00 0.00 0.51 3.80 9.20 14.09 21.71 24.92 24.31 25.36 21.16 16.64 15.37 13.48 8.72 6.23 3.55 0.83
0.95 1.17 2.48 3.36 3.65 3.29 4.23 7.01 7.88 7.88 6.20 3.72 0.00 0.00 0.00 0.00 2.34 4.16 5.69 9.05 9.64 12.63 13.36 14.16 15.70 15.11 14.16 14.75 16.21 15.11 10.29 6.57 4.82 2.63 0.00 0.00 0.00 0.00 0.00 0.00 0.00 0.00 0.00 0.00 0.00 0.00 0.00 0.00 0.00 0.00 0.00 0.00 0.00 0.00 0.00 0.00 0.00 0.00 0.00 0.00 0.00 0.00 0.00 0.00 0.00 0.00 0.00 0.00 3.36 9.42 16.94 19.13 23.48 26.22 26.10 21.85 20.04 17.69 12.15 8.74 6.47 3.46 2.81 0.00
4.38 4.74 6.35 7.23 5.33 3.87 5.04 4.53 4.45 4.45 4.74 0.44 0.00 0.00 0.00 1.39 2.12 4.02 5.40 5.84 7.96 10.29 9.86 11.17 12.99 13.14 11.24 11.61 12.12 8.98 5.91 3.07 2.41 1.02 0.00 0.00 0.00 0.00 0.00 0.00 0.00 0.00 0.00 0.00 0.00 0.00 0.00 0.00 0.00 0.00 0.00 0.00 0.00 0.00 0.00 0.00 0.00 0.00 0.00 0.00 0.00 0.00 0.00 0.00 0.00 0.00 0.00 0.00 3.72 9.78 21.79 27.00 28.68 23.88 22.28 22.42 15.95 14.72 12.23 6.82 3.77 1.62 0.00 0.00
4.38 4.74 6.35 7.23 5.33 3.87 5.04 4.53 4.45 4.45 4.74 0.44 0.00 0.00 0.00 1.39 2.12 4.02 5.40 5.84 7.96 10.29 9.86 11.17 12.99 13.14 11.24 11.61 12.12 8.98 5.91 3.07 2.41 1.02 0.00 0.00 0.00 0.00 0.00 0.00 0.00 0.00 0.00 0.00 0.00 0.00 0.00 0.00 0.00 0.00 0.00 0.00 0.00 0.00 0.00 0.00 0.00 0.00 0.00 0.00 0.00 0.00 0.00 0.00 0.00 0.00 0.00 0.00 3.72 9.78 21.90 26.71 25.94 26.61 23.77 26.16 18.51 14.25 12.78 6.63 3.99 1.92 0.00 0.00
3.29 2.48 6.28 8.40 5.18 1.97 0.73 1.24 3.29 3.29 4.23 0.00 0.00 0.00 0.00 0.88 1.02 2.12 2.48 2.19 4.09 6.57 6.79 6.86 7.59 5.69 5.84 9.71 9.56 6.79 3.29 0.00 0.00 0.00 0.00 0.00 0.00 0.00 0.00 0.00 0.00 0.00 0.00 0.00 0.00 0.00 0.00 0.00 0.00 0.00 0.00 0.00 0.00 0.00 0.00 0.00 0.00 0.00 0.00 0.00 0.00 0.00 0.00 0.00 0.00 0.00 0.00 0.80 8.14 17.03 22.71 24.92 27.36 28.61 23.14 19.01 16.00 12.09 9.98 5.84 1.36 0.00 0.00 0.00
3.72 6.42 10.00 10.59 6.79 2.41 1.46 1.68 3.87 3.87 6.35 6.42 1.10 0.00 0.44 1.39 1.02 0.95 1.97 4.16 6.86 8.54 7.23 5.26 3.65 2.70 4.31 7.81 7.96 5.33 2.26 0.00 0.00 0.00 0.00 0.00 0.00 0.00 0.00 0.00 0.00 0.00 0.00 0.00 0.00 0.00 0.00 0.00 0.00 0.00 0.00 0.00 0.00 0.00 0.00 0.00 0.00 0.00 0.00 0.00 0.00 0.00 0.00 0.00 0.00 0.00 0.00 1.10 7.66 17.89 25.70 27.39 27.83 26.30 19.50 13.43 8.25 6.61 5.11 2.81 0.00 0.00 0.00 0.00
7.66 12.41 12.70 11.32 9.27 6.57 3.94 4.60 7.30 7.30 9.13 7.96 4.02 2.26 0.00 0.00 0.00 0.44 2.70 4.96 7.45 8.03 6.94 6.06 7.30 7.01 4.96 5.62 7.01 6.64 3.07 0.66 0.00 0.00 0.00 0.00 0.00 0.00 0.00 0.00 0.00 0.00 0.00 0.37 0.00 0.00 0.00 0.00 0.00 0.00 0.00 0.00 0.00 0.00 0.00 0.00 0.00 0.00 0.00 0.00 0.00 0.00 0.00 0.00 0.00 0.00 0.00 4.09 10.66 16.13 21.53 23.62 24.92 21.37 14.19 8.48 5.17 1.45 0.00 0.00 0.00 0.00 0.00 0.00
13.14 12.85 10.66 10.15 9.34 8.47 7.08 8.54 9.71 9.71 7.23 5.40 2.92 1.90 0.00 0.00 0.00 2.04 5.04 6.86 8.91 8.18 10.73 12.99 14.89 13.51 12.99 13.07 12.34 10.44 6.13 4.02 0.80 0.00 0.22 0.22 1.24 2.48 2.04 0.88 0.00 0.00 0.00 0.00 0.00 0.00 0.00 0.00 0.00 0.00 0.00 0.00 0.00 0.00 0.00 0.00 0.00 0.00 0.00 0.00 0.00 0.00 0.00 0.00 0.00 0.00 0.15 2.19 11.61 17.08 20.15 21.31 20.75 13.33 8.76 4.27 0.00 0.00 0.00 0.00 0.00 0.00 0.00 0.00
10.88 12.85 8.76 9.34 8.98 8.03 7.30 7.01 6.64 6.64 3.29 1.97 3.65 5.18 1.97 5.62 6.28 9.05 15.48 14.16 15.91 18.40 22.85 23.65 24.45 24.38 23.43 21.24 17.89 13.58 9.20 5.62 3.29 1.17 1.97 1.97 1.83 1.75 0.80 0.00 0.00 0.00 0.00 0.00 0.00 0.00 0.00 0.00 0.00 0.00 0.00 0.00 0.00 0.00 0.00 0.00 0.00 0.00 0.00 0.00 0.00 0.00 0.00 0.00 0.00 0.00 0.00 0.29 4.38 13.80 15.77 15.55 11.44 4.79 1.90 0.52 0.00 0.00 0.00 0.00 0.00 0.00 0.00 0.00
9.20 7.45 7.01 6.57 5.62 5.04 4.74 3.43 3.65 3.65 3.50 1.90 3.87 9.71 9.64 13.29 17.81 19.86 22.85 25.70 27.30 28.84 28.76 26.28 24.89 20.08 15.77 14.97 14.53 9.93 5.91 3.29 1.02 0.00 0.44 0.44 0.66 1.10 0.00 0.00 0.00 0.00 0.00 0.00 0.00 0.00 0.00 0.00 0.00 0.00 0.00 0.00 0.00 0.00 0.00 0.00 0.00 0.00 0.00 0.00 0.00 0.00 0.00 0.00 0.00 0.00 0.00 0.00 0.00 5.26 7.96 8.14 4.99 2.09 0.00 0.00 0.00 0.00 0.00 0.00 0.00 0.00 0.00 0.00
9.20 7.45 7.01 6.57 5.62 5.04 4.74 3.43 3.65 3.65 3.50 1.90 3.87 9.71 9.64 13.29 17.81 19.86 22.85 25.70 27.30 28.84 28.76 26.28 24.89 20.08 15.77 14.97 14.53 9.93 5.91 3.29 1.02 0.00 0.44 0.44 0.66 1.10 0.00 0.00 0.00 0.00 0.00 0.00 0.00 0.00 0.00 0.00 0.00 0.00 0.00 0.00 0.00 0.00 0.00 0.00 0.00 0.00 0.00 0.00 0.00 0.00 0.00 0.00 0.00 0.00 0.00 0.00 0.00 5.26 7.96 8.10 4.92 2.05 0.00 0.00 0.00 0.00 0.00 0.00 0.00 0.00 0.00 0.00
9.78 8.54 6.86 5.48 4.67 3.94 4.53 4.09 3.94 3.94 3.50 3.14 5.84 13.36 18.18 17.52 16.86 17.52 21.17 25.33 28.18 24.97 21.24 16.21 12.70 7.52 5.26 6.72 5.48 3.50 0.73 0.00 0.00 0.00 0.00 0.00 0.00 0.29 0.00 0.00 0.00 0.00 0.00 0.00 0.00 0.00 0.00 0.00 0.00 0.00 0.00 0.00 0.00 0.00 0.00 0.00 0.00 0.00 0.00 0.00 0.00 0.00 0.00 0.00 0.00 0.00 0.00 0.00 0.00 0.00 0.00 0.22 0.66 0.00 0.00 0.00 0.00 0.00 0.00 0.00 0.00 0.00 0.00 0.00
