Wansh/Snow_depth/snowdepth-1988/spring/1988087.txt
ncols 321
nrows 161
xllcenter 60
yllcenter 15 
cellsize  0.25 
NODATA_value -1
[rows 0 to 36 of 161, columns 0 to 83 of 321]
14.60 14.60 18.54 21.46 22.48 8.32 9.49 10.73 15.04 18.54 26.72 24.82 26.35 27.16 26.86 29.78 30.81 31.39 31.03 30.51 29.49 29.27 29.71 30.37 30.15 29.05 29.05 28.54 28.32 28.40 28.54 29.42 29.64 30.30 31.24 31.39 31.32 31.90 31.83 31.90 31.39 31.10 30.08 28.69 29.05 29.64 29.20 29.93 30.37 32.78 33.14 33.14 31.90 29.93 28.69 29.57 30.22 30.95 30.44 29.93 28.69 26.94 25.77 25.48 25.26 24.89 24.31 24.09 23.65 23.51 22.34 21.53 20.44 20.00 18.91 17.96 17.96 17.23 18.40 18.76 19.13 19.56 20.73 21.24
20.44 20.44 20.37 20.66 22.34 25.33 27.45 29.13 30.66 29.05 30.81 28.47 29.71 29.35 28.84 29.13 28.25 28.25 28.11 27.08 26.57 26.72 27.30 26.50 25.04 24.89 24.89 24.38 23.87 24.45 25.48 25.11 23.80 24.75 24.97 26.65 27.96 27.89 27.16 26.50 26.21 25.99 25.04 24.24 23.80 23.29 22.92 24.09 24.38 26.35 26.21 26.21 25.19 25.62 25.04 26.21 25.84 25.04 24.60 24.38 22.63 21.24 20.08 19.71 19.20 18.76 18.98 18.69 18.10 18.10 18.32 18.10 17.74 17.16 16.64 15.99 15.99 15.91 16.43 17.37 18.98 20.66 21.17 20.59
20.81 20.81 20.81 19.27 21.53 24.53 25.99 25.55 26.13 28.18 29.05 30.73 30.08 28.54 26.35 24.45 22.41 22.19 22.70 22.41 22.70 22.05 21.39 21.61 21.53 21.90 21.90 22.48 22.12 22.56 23.00 22.85 21.75 21.68 22.56 23.21 23.29 22.70 21.17 20.51 19.71 18.47 17.74 18.32 18.47 18.83 18.91 19.56 20.00 20.81 18.83 18.83 18.25 17.89 18.98 19.05 19.13 18.25 19.20 19.05 18.47 17.16 15.70 15.18 14.97 15.62 15.55 16.35 16.64 17.08 17.37 18.47 19.05 18.98 18.61 17.81 17.81 18.03 18.76 19.27 19.35 19.56 20.44 20.88
20.81 20.81 20.81 19.27 21.53 24.53 25.99 25.55 26.13 28.18 29.05 30.73 30.08 28.54 26.35 24.45 22.41 22.19 22.70 22.41 22.70 22.05 21.39 21.61 21.53 21.90 21.90 22.48 22.12 22.56 23.00 22.85 21.75 21.68 22.56 23.21 23.29 22.70 21.17 20.51 19.71 18.47 17.74 18.32 18.47 18.83 18.91 19.56 20.00 20.81 18.83 18.83 18.25 17.89 18.98 19.05 19.13 18.25 19.20 19.05 18.47 17.16 15.70 15.18 14.97 15.62 15.55 16.35 16.64 17.08 17.37 18.47 19.05 18.98 18.61 17.81 17.81 18.03 18.76 19.27 19.35 19.56 20.44 20.88
20.59 20.59 18.83 18.32 19.93 22.56 22.70 22.27 24.02 25.77 26.21 25.11 28.69 25.84 24.02 21.53 19.71 19.35 19.56 20.08 20.22 18.98 18.98 20.66 21.10 21.17 21.17 21.17 21.24 21.75 21.53 21.83 22.19 22.19 21.39 19.86 18.69 17.89 17.45 17.16 15.48 13.51 12.78 12.85 14.02 14.97 14.97 15.77 15.70 15.70 14.53 14.53 14.24 13.94 14.82 14.67 14.45 14.45 14.60 15.26 15.33 15.55 14.97 15.04 15.33 15.11 14.82 14.82 15.91 17.08 19.20 20.73 21.90 23.58 23.14 22.48 22.48 21.90 22.05 22.12 21.24 21.39 21.61 22.78
21.90 21.90 18.61 18.32 18.91 19.93 20.81 21.24 21.39 21.46 20.29 17.08 16.13 25.26 21.39 17.96 17.16 18.03 18.40 18.83 18.54 17.23 18.61 20.59 20.88 20.37 20.37 20.59 20.08 19.49 19.93 21.75 23.43 24.09 23.43 21.10 17.16 14.82 14.67 14.97 13.87 13.21 11.10 9.56 9.34 10.15 10.73 11.02 12.12 12.56 13.58 13.58 13.07 12.63 12.48 11.32 11.10 11.90 12.78 13.36 13.43 13.58 13.94 13.87 13.72 13.29 12.92 13.21 13.58 15.55 17.23 20.73 23.14 24.02 24.97 24.89 24.89 23.43 23.51 23.51 24.31 24.31 24.60 24.82
16.21 16.21 18.32 17.52 17.59 17.52 17.16 17.08 16.64 15.55 13.51 13.80 14.09 13.80 21.75 15.99 18.32 18.69 17.89 16.72 14.75 13.65 16.28 18.91 19.71 19.93 19.93 19.78 18.83 18.32 19.27 21.02 22.19 22.78 22.27 21.24 18.47 16.28 14.89 15.84 13.80 11.97 11.24 10.15 8.91 9.86 10.29 11.46 12.05 11.32 10.73 10.73 11.32 11.97 11.46 9.93 9.20 9.42 10.66 11.24 11.97 12.63 12.99 13.36 13.36 12.63 11.46 11.39 11.90 12.26 14.45 17.59 20.15 22.12 24.16 24.97 24.97 24.97 25.40 26.06 25.40 25.04 25.40 25.26
16.21 16.21 18.32 17.52 17.59 17.52 17.16 17.08 16.64 15.55 13.51 13.80 14.09 13.80 21.75 15.99 18.32 18.69 17.89 16.72 14.75 13.65 16.28 18.91 19.71 19.93 19.93 19.78 18.83 18.32 19.27 21.02 22.19 22.78 22.27 21.24 18.47 16.28 14.89 15.84 13.80 11.97 11.24 10.15 8.91 9.86 10.29 11.46 12.05 11.32 10.73 10.73 11.32 11.97 11.46 9.93 9.20 9.42 10.66 11.24 11.97 12.63 12.99 13.36 13.36 12.63 11.46 11.39 11.90 12.26 14.45 17.59 20.15 22.12 24.16 24.97 24.97 24.97 25.40 26.06 25.40 25.04 25.40 25.26
16.06 16.06 16.35 17.23 14.82 13.80 13.21 12.41 11.53 11.10 10.95 10.51 11.10 11.75 13.14 15.18 20.66 19.78 18.61 14.24 11.17 11.32 15.40 18.18 18.83 18.69 18.69 17.23 16.21 15.77 15.84 15.70 16.43 15.91 16.72 16.43 16.43 16.57 15.40 15.48 14.82 13.14 12.78 12.41 11.61 10.66 11.24 12.19 13.29 13.58 11.32 11.32 10.44 10.95 11.10 11.02 9.13 8.32 8.03 8.83 9.42 9.71 9.13 9.49 11.32 11.83 12.41 12.12 11.68 11.68 12.99 14.45 17.52 21.10 23.29 24.82 24.82 23.87 22.48 21.46 22.56 23.14 23.00 23.29
15.04 15.04 13.94 12.05 15.11 10.44 9.27 9.49 9.93 10.07 10.37 9.78 10.51 12.19 14.16 16.79 22.34 20.59 17.37 10.73 9.56 11.17 14.75 16.86 16.72 15.91 15.91 14.82 13.72 13.65 12.85 12.85 12.41 12.85 13.21 12.63 13.36 14.82 14.31 13.87 14.09 12.85 13.36 14.24 14.75 13.94 13.72 13.51 14.53 14.75 14.67 14.67 13.87 13.58 12.12 10.51 9.56 9.49 9.13 8.91 8.40 8.32 7.96 7.74 7.81 9.71 11.61 11.32 10.66 10.51 10.95 12.41 14.53 19.56 23.14 24.53 24.53 23.87 22.41 20.59 19.64 19.27 19.13 19.05
13.87 13.87 13.07 11.39 10.59 11.32 7.81 8.47 9.86 10.73 11.24 11.83 11.53 11.97 14.31 16.64 17.45 19.71 12.78 9.05 9.20 11.24 13.07 14.75 14.82 13.65 13.65 12.26 11.32 10.95 11.10 11.17 11.68 11.61 11.83 12.05 11.90 12.48 13.07 12.70 13.29 13.36 13.94 15.33 15.48 15.33 14.53 14.82 14.97 15.04 15.55 15.55 15.11 13.94 13.07 11.97 11.75 11.24 11.83 12.63 12.34 11.17 10.37 9.86 10.51 11.39 10.88 8.18 7.01 6.35 6.94 8.69 11.83 17.01 19.93 20.51 20.51 22.56 22.92 21.32 19.42 18.47 17.37 17.74
13.87 13.87 13.07 11.39 10.59 11.32 7.81 8.47 9.86 10.73 11.24 11.83 11.53 11.97 14.31 16.64 17.45 19.71 12.78 9.05 9.20 11.24 13.07 14.75 14.82 13.65 13.65 12.26 11.32 10.95 11.10 11.17 11.68 11.61 11.83 12.05 11.90 12.48 13.07 12.70 13.29 13.36 13.94 15.33 15.48 15.33 14.53 14.82 14.97 15.04 15.55 15.55 15.11 13.94 13.07 11.97 11.75 11.24 11.83 12.63 12.34 11.17 10.37 9.86 10.51 11.39 10.88 8.18 7.01 6.35 6.94 8.69 11.83 17.01 19.93 20.51 20.51 22.56 22.92 21.32 19.42 18.47 17.37 17.74
13.94 13.94 13.65 11.83 9.78 7.23 8.98 8.91 10.88 13.07 12.92 11.53 9.93 9.20 11.02 13.80 15.04 15.04 16.72 8.83 9.27 10.07 11.17 11.68 12.48 11.39 11.39 10.22 9.78 9.86 11.53 11.83 11.83 10.95 10.59 10.59 10.88 11.61 13.07 12.78 12.41 12.12 12.70 12.99 13.07 13.07 13.51 14.09 13.80 13.72 14.16 14.16 13.87 12.56 12.26 13.07 13.51 13.65 15.48 16.35 14.75 11.83 9.34 9.78 13.87 16.43 15.18 13.21 8.91 6.94 7.01 7.52 10.51 14.75 16.64 17.81 17.81 19.56 21.17 21.17 20.15 18.98 16.28 15.70
11.83 11.83 11.32 10.07 8.54 7.81 8.98 8.25 12.63 12.78 12.56 11.02 8.69 9.20 13.29 15.62 17.23 16.35 13.51 14.82 10.88 10.07 9.93 9.56 9.71 8.76 8.76 8.76 9.27 10.07 10.88 11.02 11.24 10.88 10.66 10.73 11.53 12.19 12.12 11.02 9.93 8.10 6.79 6.50 7.01 8.10 10.07 10.59 11.53 12.05 11.53 11.53 12.12 10.44 9.93 12.05 13.65 16.28 17.30 18.98 18.10 15.48 10.07 9.78 13.65 16.50 18.69 17.45 15.48 12.92 10.00 8.25 9.20 13.07 17.08 19.05 19.05 19.20 19.20 18.54 17.16 17.45 17.01 16.06
9.05 9.05 9.20 8.54 8.61 8.61 10.00 11.61 10.37 12.70 12.41 11.61 11.32 13.51 14.24 14.82 15.99 15.33 13.36 13.87 12.05 10.51 10.51 10.07 9.64 9.56 9.56 9.34 9.34 9.27 8.91 9.13 9.20 9.20 9.71 9.93 10.00 9.71 7.88 5.18 4.60 3.29 3.80 4.09 5.62 6.72 7.96 8.76 9.13 10.07 10.95 10.95 10.59 9.93 9.20 10.29 13.29 15.70 18.69 19.64 20.37 18.76 15.62 15.18 16.57 17.96 19.64 19.78 18.91 17.52 14.60 13.29 12.34 15.33 17.74 18.47 18.47 18.83 17.96 16.43 15.11 14.75 15.33 16.13
9.20 9.20 9.93 10.73 10.73 10.88 11.83 12.26 11.17 12.19 12.26 12.41 12.12 12.26 12.56 12.78 13.07 12.34 11.75 11.02 11.53 12.63 12.48 11.46 10.51 9.71 9.71 8.47 8.69 7.15 7.15 7.74 7.66 7.59 6.28 5.69 6.72 5.55 3.94 2.04 0.95 0.95 2.56 4.16 6.86 8.18 8.47 8.18 8.54 9.64 9.71 9.71 9.78 9.49 9.71 9.78 11.46 13.72 16.35 17.89 18.47 17.89 17.08 16.94 17.81 18.69 19.71 20.15 20.15 20.08 19.64 18.54 17.81 18.25 19.42 20.08 20.08 20.15 18.03 17.52 16.72 16.28 16.13 15.70
9.20 9.20 9.93 10.73 10.73 10.88 11.83 12.26 11.17 12.19 12.26 12.41 12.12 12.26 12.56 12.78 13.07 12.34 11.75 11.02 11.53 12.63 12.48 11.46 10.51 9.71 9.71 8.47 8.69 7.15 7.15 7.74 7.66 7.59 6.28 5.69 6.72 5.55 3.94 2.04 0.95 0.95 2.56 4.16 6.86 8.18 8.47 8.18 8.54 9.64 9.71 9.71 9.78 9.49 9.71 9.78 11.46 13.72 16.35 17.89 18.47 17.89 17.08 16.94 17.81 18.69 19.71 20.15 20.15 20.08 19.64 18.54 17.81 18.25 19.42 20.08 20.08 20.15 18.03 17.52 16.72 16.28 16.13 15.70
10.51 10.51 12.41 12.99 13.72 13.43 12.41 12.41 13.07 12.85 12.34 12.92 13.65 13.51 13.94 13.36 13.36 13.43 12.63 12.92 13.29 14.31 14.31 12.12 11.39 9.34 9.34 7.88 7.52 6.86 7.30 7.01 7.23 7.01 5.18 4.23 4.67 4.38 4.60 3.50 2.34 2.41 3.07 4.53 5.84 6.79 7.88 8.25 8.54 9.13 9.93 9.93 10.22 10.44 11.17 11.53 12.26 14.24 15.62 16.13 15.91 16.13 15.40 14.45 13.07 12.19 13.07 13.51 15.70 18.47 20.44 21.24 21.97 22.19 21.32 20.66 20.66 20.15 19.71 17.30 14.89 14.67 16.21 16.13
13.21 13.21 12.99 14.24 14.89 14.45 13.21 11.97 12.41 12.56 13.07 16.35 16.79 18.54 18.18 18.61 18.10 17.96 17.59 16.28 16.72 15.70 16.06 14.75 12.92 11.39 11.39 9.71 7.96 6.57 6.64 7.52 8.47 8.10 7.52 6.42 6.28 7.96 7.96 6.79 5.11 4.38 4.74 5.04 5.99 7.59 9.49 9.78 9.42 9.42 10.37 10.37 11.39 12.34 12.99 14.09 14.82 15.55 15.84 16.21 15.77 15.33 14.31 13.14 11.32 9.27 6.50 6.42 9.86 14.16 16.86 21.61 23.58 23.43 21.90 19.20 19.20 16.72 15.99 14.75 14.31 14.82 16.28 16.64
11.97 11.97 13.07 13.80 14.02 13.43 12.48 12.70 14.02 16.28 17.52 15.48 21.61 22.48 22.12 21.90 20.95 20.44 19.20 18.61 18.40 16.72 15.70 17.37 15.26 13.72 13.72 11.10 6.94 6.64 7.23 9.20 10.37 10.22 9.86 9.13 9.56 9.78 9.49 8.32 6.79 5.69 5.91 7.30 8.47 10.44 11.68 12.34 12.19 11.39 11.83 11.83 12.19 12.85 14.53 15.70 16.64 16.57 17.45 17.89 16.64 15.11 13.94 13.36 12.26 10.80 9.64 8.98 9.05 11.17 16.13 19.42 20.15 21.24 20.88 18.40 18.40 16.06 16.35 16.57 15.91 15.84 16.43 16.64
11.32 11.32 10.73 12.41 12.85 12.99 13.72 16.43 19.93 21.24 22.34 23.80 21.46 24.60 23.14 22.19 21.02 20.88 20.22 20.08 19.49 17.89 16.50 14.97 17.45 14.09 14.09 10.51 7.74 7.59 8.61 11.39 12.48 12.92 11.90 12.26 12.12 11.90 11.68 10.88 9.34 8.10 8.32 9.78 10.73 12.34 12.78 13.80 15.04 15.11 13.29 13.29 12.85 14.16 15.91 16.79 16.72 16.86 18.03 17.81 15.91 14.24 13.14 12.85 12.78 12.99 13.51 14.16 14.31 14.45 15.91 16.57 17.30 18.40 18.32 17.30 17.30 16.50 15.84 15.62 15.62 15.99 15.18 14.82
12.41 12.41 12.05 12.34 13.80 14.45 16.21 18.91 21.17 22.70 24.16 24.60 24.75 25.55 22.41 21.61 21.32 21.75 22.56 23.29 22.78 21.24 19.35 15.70 15.04 14.82 14.82 12.56 10.29 9.27 10.00 11.68 12.19 12.70 14.45 15.26 15.11 14.09 13.87 12.70 10.95 10.07 10.37 11.61 12.92 14.31 14.53 15.77 17.45 17.16 15.11 15.11 14.02 15.55 17.81 18.47 17.67 17.37 16.13 15.18 13.80 12.56 12.05 11.90 11.46 12.70 14.82 14.82 14.89 14.24 14.16 14.60 14.82 15.62 16.72 16.64 16.64 16.50 16.43 15.11 13.72 13.43 13.80 14.09
12.41 12.41 12.05 12.34 13.80 14.45 16.21 18.91 21.17 22.70 24.16 24.60 24.75 25.55 22.41 21.61 21.32 21.75 22.56 23.29 22.78 21.24 19.35 15.70 15.04 14.82 14.82 12.56 10.29 9.27 10.00 11.68 12.19 12.70 14.45 15.26 15.11 14.09 13.87 12.70 10.95 10.07 10.37 11.61 12.92 14.31 14.53 15.77 17.45 17.16 15.11 15.11 14.02 15.55 17.81 18.47 17.67 17.37 16.13 15.18 13.80 12.56 12.05 11.90 11.46 12.70 14.82 14.82 14.89 14.24 14.16 14.60 14.82 15.62 16.72 16.64 16.64 16.50 16.43 15.11 13.72 13.43 13.80 14.09
14.75 14.75 14.45 14.38 14.89 15.84 17.08 18.76 20.08 19.93 20.88 21.75 23.21 22.12 23.00 22.27 22.05 22.27 23.73 24.53 23.87 22.70 20.44 17.59 16.35 13.58 13.58 14.16 12.78 11.24 11.02 12.56 13.14 13.58 14.97 16.57 17.67 16.79 15.91 15.11 14.75 14.02 13.94 14.31 15.18 15.84 16.50 17.52 17.59 17.81 17.37 17.37 15.70 16.21 18.40 19.71 18.69 17.16 15.55 14.31 13.43 12.63 12.85 12.12 11.32 12.78 14.09 14.16 13.36 13.07 13.72 13.87 14.02 14.09 13.72 14.45 14.45 15.18 15.11 14.24 13.43 13.07 12.26 11.02
13.43 13.43 14.09 14.67 13.87 14.67 15.91 16.50 16.35 15.55 16.21 17.89 19.27 19.13 21.17 18.98 17.81 15.84 17.52 19.05 21.53 22.78 21.75 18.40 16.86 17.01 17.01 15.70 11.02 11.17 13.07 13.43 14.75 16.13 17.74 20.00 19.86 19.93 19.78 19.27 18.25 16.79 17.16 17.37 17.23 18.18 19.13 18.91 17.81 17.08 15.55 15.55 15.18 16.21 17.16 17.96 17.59 16.13 15.77 15.55 14.38 13.51 12.99 13.29 12.56 13.29 14.97 15.04 14.60 15.04 15.18 14.75 14.45 15.18 14.45 13.07 13.07 12.92 13.29 14.02 13.94 14.60 14.53 12.99
10.88 10.88 11.75 12.70 14.67 11.83 13.58 13.65 14.02 13.21 12.19 11.24 12.99 12.63 11.90 17.89 8.91 9.13 9.93 14.67 20.29 21.90 18.98 12.56 9.71 8.61 8.61 8.69 9.13 12.48 15.18 15.40 16.57 18.03 20.95 21.61 22.19 23.51 23.73 22.78 20.81 19.35 19.42 18.69 17.96 18.83 19.05 17.96 16.57 15.11 14.89 14.89 15.33 15.48 15.99 16.28 15.84 15.40 15.62 16.35 16.21 14.60 13.51 13.58 13.87 13.72 14.16 14.09 14.67 15.33 15.33 14.67 14.45 14.75 14.97 13.72 13.72 12.99 11.90 11.61 13.21 14.24 15.48 16.28
9.42 9.42 9.20 9.78 12.70 8.76 9.86 11.90 10.95 7.15 4.60 4.82 4.45 1.83 0.00 3.80 1.83 5.26 9.49 16.50 19.20 17.23 8.10 3.50 0.00 4.23 4.23 9.05 13.58 10.95 16.06 16.94 17.89 19.05 19.71 21.39 22.85 23.87 24.67 23.36 21.32 18.61 16.79 16.94 17.74 16.64 15.40 15.26 13.94 13.51 14.67 14.67 15.18 15.40 15.48 16.57 16.50 15.91 15.99 15.04 14.97 13.58 12.63 13.29 13.29 12.48 12.34 12.99 13.72 13.36 12.70 12.78 13.29 13.36 13.51 13.21 13.21 12.34 10.80 9.78 10.51 12.78 15.04 15.77
7.52 7.52 7.59 5.84 6.20 8.25 7.08 7.88 4.02 0.00 0.00 0.00 0.00 0.00 0.00 0.00 0.00 0.00 7.08 10.73 7.23 0.00 0.00 0.00 4.96 8.47 8.47 13.36 15.04 13.65 13.51 13.72 16.43 20.29 21.90 22.92 23.29 25.26 25.48 23.00 20.44 16.13 14.02 14.31 14.75 14.38 13.94 13.21 13.14 13.14 14.09 14.09 14.67 15.55 16.35 17.45 16.94 16.50 15.48 14.53 14.75 15.04 13.43 12.85 13.87 14.16 12.34 12.05 12.41 11.97 12.19 12.63 12.48 12.26 13.21 14.09 14.09 13.36 12.34 11.32 11.68 12.63 14.53 15.77
7.52 7.52 7.59 5.84 6.20 8.25 7.08 7.88 4.02 0.00 0.00 0.00 0.00 0.00 0.00 0.00 0.00 0.00 7.08 10.73 7.23 0.00 0.00 0.00 4.96 8.47 8.47 13.36 15.04 13.65 13.51 13.72 16.43 20.29 21.90 22.92 23.29 25.26 25.48 23.00 20.44 16.13 14.02 14.31 14.75 14.38 13.94 13.21 13.14 13.14 14.09 14.09 14.67 15.55 16.35 17.45 16.94 16.50 15.48 14.53 14.75 15.04 13.43 12.85 13.87 14.16 12.34 12.05 12.41 11.97 12.19 12.63 12.48 12.26 13.21 14.09 14.09 13.36 12.34 11.32 11.68 12.63 14.53 15.77
1.10 1.10 2.04 2.26 0.00 6.28 3.87 0.00 0.00 0.00 0.00 0.00 0.00 0.00 0.00 0.00 0.00 0.00 0.00 0.00 0.00 0.00 0.00 0.00 4.53 11.32 11.32 15.62 15.84 13.29 11.90 8.91 13.80 19.20 21.10 21.75 22.63 23.65 23.58 23.07 20.15 16.50 13.36 14.16 15.48 15.40 15.18 14.53 14.45 14.16 14.16 14.16 14.89 15.91 17.08 17.89 17.67 15.84 15.62 15.26 15.26 16.06 14.60 13.36 13.80 15.33 14.67 13.36 12.92 12.56 12.48 13.65 14.38 15.18 15.62 16.57 16.57 17.30 16.50 14.24 13.29 13.72 14.53 15.33
0.00 0.00 0.00 0.00 0.00 0.00 3.21 0.00 0.00 0.00 0.00 0.00 0.00 0.00 0.00 0.00 0.00 0.00 0.00 0.00 0.00 0.00 0.00 0.00 0.00 8.25 8.25 14.60 16.13 14.82 14.75 6.94 16.21 18.98 20.37 20.59 21.39 21.53 21.75 22.92 22.19 19.49 15.91 15.18 16.86 17.30 16.72 15.62 15.99 14.38 14.31 14.31 14.24 15.99 17.37 18.54 17.59 15.55 14.24 13.51 14.53 15.70 14.97 13.51 14.16 15.77 15.99 13.94 13.43 13.14 13.58 14.45 15.18 15.48 14.09 12.99 12.99 12.85 14.75 15.77 14.45 14.24 15.40 17.08
0.00 0.00 0.00 0.00 0.00 0.00 0.00 0.00 0.00 0.00 0.00 0.00 0.00 0.00 0.00 0.00 0.00 0.00 0.00 0.00 0.00 0.00 0.00 0.00 0.00 6.94 6.94 14.38 16.06 16.06 16.64 13.29 15.70 19.20 19.78 19.35 19.13 19.64 20.15 20.37 20.66 18.98 15.40 14.67 16.06 19.05 18.61 17.01 16.64 15.40 13.58 13.58 13.14 14.75 17.37 17.52 15.91 13.29 11.97 11.46 12.85 13.94 13.94 13.94 14.53 14.60 13.36 10.95 8.47 9.20 7.74 6.86 9.05 11.10 11.90 6.50 6.50 3.29 4.23 8.76 13.14 16.43 18.18 20.88
0.00 0.00 0.00 0.00 0.00 0.00 0.00 0.00 0.00 0.00 0.00 0.00 0.00 0.00 0.00 0.00 0.00 0.00 0.00 0.00 0.00 0.00 0.00 0.00 0.00 6.13 6.13 11.02 14.53 14.67 14.53 13.94 14.45 16.72 17.08 18.03 17.23 18.03 17.01 16.06 17.37 16.35 14.45 13.51 15.26 18.18 17.16 15.84 16.43 16.72 14.67 14.67 12.41 11.75 14.09 14.53 12.05 8.69 7.66 8.32 10.22 12.26 13.21 14.02 14.45 13.80 10.80 5.77 3.29 0.00 0.00 0.00 0.00 4.38 5.55 3.50 3.50 0.00 0.00 3.58 7.30 11.68 15.18 20.08
0.00 0.00 0.00 0.00 0.00 0.00 0.00 0.00 0.00 0.00 0.00 0.00 0.00 0.00 0.00 0.00 0.00 0.00 0.00 0.00 0.00 0.00 0.00 0.00 0.00 0.00 0.00 5.26 9.56 9.93 10.29 8.83 9.71 10.73 13.07 11.75 10.66 11.24 14.67 14.31 16.64 17.01 15.18 13.72 14.24 14.97 15.48 14.67 15.55 16.06 14.16 14.16 10.37 9.86 9.27 11.02 10.15 5.77 4.96 7.96 10.37 11.61 12.41 11.97 11.32 9.13 6.57 2.92 0.00 0.00 0.00 0.00 0.00 0.00 4.82 5.04 5.04 3.14 3.21 5.18 7.23 8.40 10.88 13.07
0.00 0.00 0.00 0.00 0.00 0.00 0.00 0.00 0.00 0.00 0.00 0.00 0.00 0.00 0.00 0.00 0.00 0.00 0.00 0.00 0.00 0.00 0.00 0.00 0.00 0.00 0.00 0.00 0.00 3.87 0.00 1.75 2.92 3.29 5.33 2.41 0.80 4.53 5.99 10.37 16.28 16.43 15.62 15.18 14.02 13.51 13.72 13.36 13.43 13.36 12.85 12.85 11.02 9.05 7.59 8.25 6.42 5.04 6.94 9.42 11.61 12.48 12.26 9.56 5.55 3.14 1.39 0.00 0.00 0.00 0.00 1.46 4.53 8.91 12.05 11.90 11.90 11.02 12.34 13.87 16.43 17.37 17.30 15.18
0.00 0.00 0.00 0.00 0.00 0.00 0.00 0.00 0.00 0.00 0.00 0.00 0.00 0.00 0.00 0.00 0.00 0.00 0.00 0.00 0.00 0.00 0.00 0.00 0.00 0.00 0.00 0.00 0.00 3.87 0.00 1.75 2.92 3.29 5.33 2.41 0.80 4.53 5.99 10.37 16.28 16.43 15.62 15.18 14.02 13.51 13.72 13.36 13.43 13.36 12.85 12.85 11.02 9.05 7.59 8.25 6.42 5.04 6.94 9.42 11.61 12.48 12.26 9.56 5.55 3.14 1.39 0.00 0.00 0.00 0.00 1.46 4.53 8.91 12.05 11.90 11.90 11.02 12.34 13.87 16.43 17.37 17.30 15.18
0.00 0.00 0.00 0.00 0.00 0.00 0.00 0.00 0.00 0.00 0.00 0.00 0.00 0.00 0.00 0.00 0.00 0.00 0.00 0.00 0.00 0.00 0.00 0.00 0.00 0.00 0.00 0.00 0.00 0.00 0.00 0.00 0.00 0.00 0.00 0.00 0.00 0.00 0.00 6.28 10.80 12.19 14.31 12.34 12.41 11.97 10.66 10.88 11.32 11.90 11.83 11.83 10.80 10.37 9.05 6.13 3.72 4.53 8.76 12.12 13.58 14.16 13.43 9.64 5.91 4.82 3.21 3.72 3.29 4.38 5.69 7.23 11.61 17.52 22.48 24.82 24.82 24.02 24.38 26.28 27.89 29.13 25.84 22.34
