Wansh/Snow_depth/snowdepth-1988/spring/1988096.txt
ncols 321
nrows 161
xllcenter 60
yllcenter 15 
cellsize  0.25 
NODATA_value -1
[rows 0 to 36 of 161, columns 0 to 83 of 321]
0.44 0.44 0.00 0.00 0.00 0.00 0.00 0.00 0.00 0.00 0.00 0.00 0.00 0.00 0.00 0.00 0.00 0.00 0.00 0.00 0.00 1.90 2.70 1.97 0.00 0.00 0.00 0.00 4.31 8.83 12.26 13.36 15.55 18.25 21.90 23.51 22.70 22.92 25.92 29.13 30.59 31.97 32.05 33.07 34.46 35.19 35.41 35.04 35.04 34.75 32.70 32.70 25.55 19.71 15.70 19.56 28.25 32.12 32.19 31.61 29.71 28.69 27.23 26.21 25.77 25.11 25.04 24.82 25.84 26.43 26.50 25.40 23.87 22.27 21.10 19.56 19.56 18.61 18.47 17.59 16.94 16.28 15.91 16.06
10.15 10.15 7.23 3.94 0.00 0.00 0.00 0.00 0.00 0.00 0.00 0.00 0.00 0.00 0.00 0.51 1.17 1.90 3.80 0.00 1.39 3.43 3.50 1.17 0.00 0.00 0.00 0.00 5.69 8.98 12.63 14.24 14.38 16.06 19.13 21.32 20.95 21.61 23.65 26.72 28.32 28.32 28.91 30.15 29.13 30.22 30.00 29.27 30.30 31.90 33.51 33.51 30.15 26.28 22.63 24.67 28.03 30.22 30.88 29.64 27.08 25.62 23.21 22.70 21.32 21.02 21.17 21.90 23.87 24.45 24.53 23.73 21.39 19.27 17.81 16.13 16.13 15.18 15.11 15.55 15.40 15.91 15.77 14.31
12.78 12.78 13.80 11.17 5.84 0.00 0.00 0.00 0.00 0.00 0.00 0.00 0.00 0.00 0.00 0.00 0.22 0.66 3.14 5.99 0.00 2.26 0.51 0.00 0.00 0.00 0.00 0.00 5.99 12.19 14.60 15.62 15.77 16.35 18.18 19.20 20.29 21.61 21.61 22.63 25.55 26.28 26.21 26.50 25.77 24.38 23.51 23.73 25.92 27.96 29.78 29.78 29.78 27.59 26.21 25.84 26.94 27.81 27.59 25.77 24.38 22.78 20.08 18.61 17.74 17.81 18.03 17.59 18.47 19.86 20.73 21.17 20.37 18.83 17.45 15.55 15.55 14.89 14.75 15.26 15.62 15.77 15.55 16.21
12.78 12.78 13.80 11.17 5.84 0.00 0.00 0.00 0.00 0.00 0.00 0.00 0.00 0.00 0.00 0.00 0.22 0.66 3.14 5.99 0.00 2.26 0.51 0.00 0.00 0.00 0.00 0.00 5.99 12.19 14.60 15.62 15.77 16.35 18.18 19.20 20.29 21.61 21.61 22.63 25.55 26.28 26.21 26.50 25.77 24.38 23.51 23.73 25.92 27.96 29.78 29.78 29.78 27.59 26.21 25.84 26.94 27.81 27.59 25.77 24.38 22.78 20.08 18.61 17.74 17.81 18.03 17.59 18.47 19.86 20.73 21.17 20.37 18.83 17.45 15.55 15.55 14.89 14.75 15.26 15.62 15.77 15.55 16.21
12.12 12.12 12.85 11.46 8.10 2.70 0.00 0.00 0.00 0.00 0.00 0.00 0.00 0.00 0.00 0.00 0.00 0.00 0.58 3.21 4.67 0.00 0.00 0.00 0.00 0.00 0.00 4.60 9.71 14.38 18.10 18.76 18.61 19.42 17.96 16.06 12.78 12.12 13.07 18.03 20.66 22.05 21.75 24.45 25.77 24.82 22.56 22.27 23.36 24.82 24.16 24.16 24.31 24.24 24.89 23.94 23.00 23.00 22.85 20.88 20.22 18.76 17.89 17.52 16.94 17.01 16.72 16.06 16.06 17.81 19.27 19.56 19.93 20.15 19.71 18.91 18.91 17.74 17.30 17.37 17.67 17.67 18.03 17.52
6.35 6.35 6.06 6.06 6.28 4.53 1.10 0.00 0.00 10.80 1.53 1.90 0.00 0.00 0.00 0.00 0.00 0.00 0.00 0.00 0.00 0.00 0.00 0.00 3.07 6.64 6.64 13.72 18.83 21.97 22.48 22.78 24.53 23.43 19.64 14.09 7.81 4.82 5.11 9.56 13.14 15.77 16.57 20.00 21.90 21.10 18.69 17.67 18.25 20.44 18.98 18.98 18.10 20.22 20.66 20.15 19.64 19.93 20.29 18.98 17.89 17.81 17.89 17.96 17.30 17.01 16.28 15.91 15.62 16.64 18.98 20.08 20.59 20.95 21.39 21.61 21.61 21.97 22.27 21.90 22.41 22.63 23.07 22.85
5.26 5.26 2.92 2.04 2.85 5.48 7.23 6.79 0.00 18.10 12.99 8.54 7.01 0.00 0.00 0.00 0.00 0.00 0.00 0.00 0.00 0.00 6.57 2.70 12.92 17.74 17.74 20.59 22.92 24.02 24.31 25.48 25.04 24.82 23.07 18.40 11.24 5.04 2.99 5.48 8.91 10.80 11.61 12.12 12.78 12.85 14.09 13.87 14.31 14.02 11.75 11.75 13.29 15.91 17.16 18.10 17.52 17.89 18.18 18.32 17.59 17.45 17.59 17.52 17.89 17.52 16.79 15.70 14.67 15.77 17.23 19.20 19.78 19.86 21.39 23.51 23.51 25.40 25.92 26.06 25.99 26.43 25.77 25.55
5.26 5.26 2.92 2.04 2.85 5.48 7.23 6.79 0.00 18.10 12.99 8.54 7.01 0.00 0.00 0.00 0.00 0.00 0.00 0.00 0.00 0.00 6.57 2.70 12.92 17.74 17.74 20.59 22.92 24.02 24.31 25.48 25.04 24.82 23.07 18.40 11.24 5.04 2.99 5.48 8.91 10.80 11.61 12.12 12.78 12.85 14.09 13.87 14.31 14.02 11.75 11.75 13.29 15.91 17.16 18.10 17.52 17.89 18.18 18.32 17.59 17.45 17.59 17.52 17.89 17.52 16.79 15.70 14.67 15.77 17.23 19.20 19.78 19.86 21.39 23.51 23.51 25.40 25.92 26.06 25.99 26.43 25.77 25.55
7.59 7.59 3.72 0.95 0.66 0.00 1.75 1.61 2.63 12.63 8.47 4.31 4.23 0.00 0.00 0.00 0.00 0.00 0.00 0.00 0.00 4.60 13.94 18.61 13.72 24.67 24.67 23.73 23.58 23.14 22.92 23.07 23.36 22.34 21.83 19.27 15.70 12.05 11.39 9.71 9.05 8.76 7.96 6.72 6.57 7.66 9.49 12.56 13.14 10.95 8.69 8.69 6.57 9.27 12.26 15.99 17.59 17.16 16.72 16.94 16.79 16.72 16.57 17.16 17.37 17.23 17.01 15.99 15.55 15.84 18.32 19.35 18.76 18.32 18.98 22.48 22.48 24.67 26.06 27.08 27.67 27.08 25.70 25.19
6.72 6.72 4.09 1.90 0.44 0.00 0.00 0.00 0.00 0.00 2.04 0.00 0.00 0.00 0.00 0.00 0.00 0.00 0.88 2.48 5.69 13.43 17.67 20.88 22.19 24.82 24.82 24.02 23.07 22.34 21.83 20.88 20.15 19.78 19.71 19.13 17.59 16.21 16.64 16.43 13.87 13.21 10.37 9.42 9.93 8.76 8.76 9.34 8.69 9.56 10.73 10.73 9.71 9.42 10.95 13.29 15.84 17.08 17.23 16.94 16.72 16.57 16.79 17.16 17.23 16.21 14.75 11.90 10.73 13.07 15.26 18.25 19.49 20.15 19.86 20.37 20.37 22.63 24.60 24.60 24.09 24.09 24.16 23.65
6.06 6.06 3.36 2.19 1.31 0.00 0.00 0.00 0.00 0.00 1.39 0.00 0.00 0.00 0.00 0.00 0.00 1.10 3.65 6.64 10.80 16.06 18.40 19.64 20.08 19.49 19.49 24.24 21.46 21.39 20.95 20.22 19.86 18.61 17.81 17.23 16.57 16.94 16.86 16.28 15.33 12.70 12.19 12.19 11.68 10.73 9.71 7.45 4.89 4.45 7.52 7.52 12.41 14.16 13.72 12.63 13.14 15.55 16.72 17.23 15.70 14.75 15.84 16.35 15.48 11.39 7.23 3.43 0.00 3.14 4.89 10.51 15.99 18.54 20.66 18.18 18.18 18.32 22.34 23.73 23.51 24.24 23.51 22.12
6.06 6.06 3.36 2.19 1.31 0.00 0.00 0.00 0.00 0.00 1.39 0.00 0.00 0.00 0.00 0.00 0.00 1.10 3.65 6.64 10.80 16.06 18.40 19.64 20.08 19.49 19.49 24.24 21.46 21.39 20.95 20.22 19.86 18.61 17.81 17.23 16.57 16.94 16.86 16.28 15.33 12.70 12.19 12.19 11.68 10.73 9.71 7.45 4.89 4.45 7.52 7.52 12.41 14.16 13.72 12.63 13.14 15.55 16.72 17.23 15.70 14.75 15.84 16.35 15.48 11.39 7.23 3.43 0.00 3.14 4.89 10.51 15.99 18.54 20.66 18.18 18.18 18.32 22.34 23.73 23.51 24.24 23.51 22.12
11.97 11.97 6.86 3.58 0.00 0.00 0.00 0.00 0.00 0.00 5.40 3.29 2.48 3.29 5.62 0.00 0.00 6.72 8.91 12.34 14.67 16.64 17.37 16.79 15.18 13.80 13.80 11.83 19.42 17.89 18.10 19.13 19.78 17.45 15.48 15.70 16.64 17.08 16.94 17.30 16.64 14.82 14.67 14.53 13.87 13.07 12.26 10.07 9.13 8.40 10.15 10.15 14.31 15.18 12.05 9.93 8.76 11.53 14.09 11.10 8.69 6.86 3.43 5.04 5.48 5.55 2.41 0.00 0.00 0.00 4.16 6.72 11.61 16.21 16.86 14.82 14.82 14.53 18.83 20.73 22.19 21.53 19.71 18.98
13.65 13.65 11.83 7.96 2.85 0.00 0.00 0.00 0.15 1.39 0.00 10.88 6.94 7.66 9.20 10.51 3.94 7.01 10.29 14.16 15.62 15.91 15.11 13.65 12.34 10.73 10.73 9.86 9.49 16.86 17.01 17.59 17.16 14.67 12.12 14.02 15.70 16.57 17.81 18.40 19.05 18.25 16.79 15.70 15.40 15.99 16.28 15.99 14.60 14.67 15.04 15.04 14.60 10.59 7.15 3.65 4.31 6.79 6.64 5.04 0.00 0.00 0.00 0.00 0.00 0.00 0.00 3.72 5.69 7.88 9.93 12.05 15.33 17.81 18.32 16.35 16.35 15.99 16.72 17.23 17.59 17.67 18.25 16.79
17.30 17.30 14.67 11.02 7.74 5.55 7.01 7.81 9.05 11.83 2.77 16.79 15.62 14.67 14.82 13.65 11.68 6.64 11.02 15.77 17.01 15.91 14.31 12.85 12.48 12.12 12.12 10.80 11.39 10.66 16.86 14.97 14.38 13.65 14.02 16.28 17.45 18.18 19.13 19.27 19.05 18.03 18.47 17.81 17.37 18.47 19.49 20.22 19.56 18.32 14.89 14.89 11.17 8.40 2.77 0.00 0.00 2.85 3.36 2.19 0.00 0.00 0.00 0.00 0.00 0.00 0.00 2.85 7.88 10.59 11.68 13.87 18.18 21.53 22.70 23.00 23.00 22.48 19.78 18.69 15.99 14.31 14.97 16.43
14.82 14.82 16.79 19.27 20.37 19.93 21.61 22.48 23.29 22.63 16.57 19.56 18.40 17.45 17.59 17.81 16.86 17.74 12.05 18.76 17.96 16.35 14.67 14.45 13.87 12.34 12.34 11.39 11.24 10.37 9.13 14.31 13.80 14.53 16.57 18.18 19.20 20.51 20.51 19.93 19.20 19.27 19.27 20.44 21.39 20.15 19.93 20.73 19.56 17.67 13.36 13.36 10.44 6.94 3.07 0.00 0.00 2.48 4.53 3.72 3.14 2.41 0.95 0.00 0.00 0.00 0.00 3.07 5.26 7.01 10.22 13.51 18.83 23.00 26.72 27.59 27.59 27.30 24.16 19.35 16.21 14.24 14.31 14.45
14.82 14.82 16.79 19.27 20.37 19.93 21.61 22.48 23.29 22.63 16.57 19.56 18.40 17.45 17.59 17.81 16.86 17.74 12.05 18.76 17.96 16.35 14.67 14.45 13.87 12.34 12.34 11.39 11.24 10.37 9.13 14.31 13.80 14.53 16.57 18.18 19.20 20.51 20.51 19.93 19.20 19.27 19.27 20.44 21.39 20.15 19.93 20.73 19.56 17.67 13.36 13.36 10.44 6.94 3.07 0.00 0.00 2.48 4.53 3.72 3.14 2.41 0.95 0.00 0.00 0.00 0.00 3.07 5.26 7.01 10.22 13.51 18.83 23.00 26.72 27.59 27.59 27.30 24.16 19.35 16.21 14.24 14.31 14.45
14.67 14.67 14.97 15.77 20.44 23.51 24.75 24.31 22.48 20.00 19.13 16.06 13.87 15.62 17.89 18.32 19.93 23.43 24.82 21.90 17.74 15.77 15.99 16.06 14.89 13.43 13.43 11.97 10.80 10.66 10.00 9.34 12.12 14.09 15.33 17.45 19.56 21.32 21.32 21.17 20.29 20.15 20.73 21.68 21.83 20.44 19.93 19.93 18.32 16.79 13.65 13.65 11.90 10.37 5.84 1.24 0.66 3.21 5.04 4.53 4.96 6.28 6.06 5.55 1.10 0.00 0.00 0.00 1.68 2.56 0.00 6.72 12.41 21.10 26.72 28.03 28.03 28.40 25.04 18.54 15.99 16.28 17.08 17.30
14.16 14.16 16.57 17.30 18.98 22.48 24.53 21.97 18.91 12.85 8.91 9.42 14.45 15.99 15.91 14.97 16.28 22.19 24.38 20.59 21.10 18.18 18.98 18.18 17.45 15.62 15.62 14.24 12.41 11.10 10.59 10.15 13.29 13.29 13.72 15.91 18.32 20.59 20.73 20.81 21.61 22.12 22.12 21.46 21.02 20.08 20.37 20.73 19.56 16.21 13.94 13.94 10.80 7.74 5.18 4.82 5.18 6.57 7.30 6.79 6.64 9.78 13.65 11.90 6.20 1.53 0.00 0.00 0.00 0.29 0.00 2.99 4.74 14.09 22.12 25.70 25.70 25.33 24.16 19.86 14.67 14.16 17.08 18.40
13.43 13.43 17.52 20.66 21.83 22.27 22.19 21.75 19.78 18.10 11.68 6.94 13.29 13.07 14.09 12.41 13.58 17.08 19.86 18.47 18.76 16.06 19.78 19.64 18.69 16.57 16.57 14.38 11.90 10.51 11.02 11.90 12.56 14.67 16.06 16.94 18.61 19.35 19.78 20.88 22.85 23.94 23.36 23.43 23.51 24.16 23.51 21.53 19.27 16.64 13.65 13.65 8.76 4.02 4.23 8.40 10.88 13.87 14.60 14.75 14.24 14.60 14.97 14.75 10.44 5.91 1.90 2.77 2.48 2.77 4.31 4.89 6.72 10.29 17.96 22.48 22.48 25.11 24.38 22.41 19.64 18.25 18.69 20.81
16.86 16.86 20.59 22.27 22.85 21.90 22.85 23.36 16.57 14.24 9.78 6.35 8.98 11.61 13.87 11.75 12.70 15.40 17.74 17.96 20.15 16.43 20.88 21.61 17.96 14.09 14.09 11.46 11.97 13.51 13.58 14.02 14.82 14.45 18.18 18.54 19.78 20.29 20.29 21.90 24.09 24.89 25.26 25.55 25.70 25.55 23.14 18.18 15.26 11.61 7.45 7.45 2.56 3.21 8.76 11.83 15.55 17.23 19.13 20.15 19.78 17.45 15.84 15.84 12.99 9.49 7.88 7.30 10.80 9.56 8.91 9.34 8.10 6.64 13.36 21.75 21.75 25.92 25.70 25.19 24.82 25.04 23.51 22.48
21.32 21.32 22.41 22.41 22.63 22.56 20.81 17.37 13.87 8.83 3.80 1.83 4.53 9.86 9.78 8.98 9.71 12.85 16.13 16.50 17.08 18.69 18.40 18.25 14.09 9.13 9.13 9.05 13.14 13.51 13.58 13.58 13.72 14.60 15.18 18.40 21.83 21.17 21.24 22.41 24.16 23.94 24.75 24.02 24.02 24.09 20.88 16.13 12.99 10.37 5.48 5.48 4.16 7.96 13.43 16.35 16.94 16.57 16.50 15.55 14.97 13.80 12.05 10.73 8.83 10.29 12.12 12.85 12.48 11.17 10.51 11.75 9.13 8.18 11.32 16.35 16.35 23.80 25.92 24.82 24.75 24.09 21.75 20.15
21.32 21.32 22.41 22.41 22.63 22.56 20.81 17.37 13.87 8.83 3.80 1.83 4.53 9.86 9.78 8.98 9.71 12.85 16.13 16.50 17.08 18.69 18.40 18.25 14.09 9.13 9.13 9.05 13.14 13.51 13.58 13.58 13.72 14.60 15.18 18.40 21.83 21.17 21.24 22.41 24.16 23.94 24.75 24.02 24.02 24.09 20.88 16.13 12.99 10.37 5.48 5.48 4.16 7.96 13.43 16.35 16.94 16.57 16.50 15.55 14.97 13.80 12.05 10.73 8.83 10.29 12.12 12.85 12.48 11.17 10.51 11.75 9.13 8.18 11.32 16.35 16.35 23.80 25.92 24.82 24.75 24.09 21.75 20.15
23.07 23.07 23.14 23.58 22.34 22.27 20.08 14.53 9.27 3.58 0.00 0.00 0.00 0.00 1.46 2.26 0.00 6.20 4.96 3.43 3.65 7.23 11.61 13.65 6.50 3.21 3.21 5.84 8.61 12.12 13.36 14.09 13.43 13.72 16.57 18.25 20.66 22.85 22.34 23.36 24.09 23.51 24.24 22.63 21.75 20.81 20.37 18.40 15.18 14.53 12.63 12.63 11.68 12.85 15.84 16.94 17.23 16.50 15.04 11.75 9.42 7.74 8.47 7.96 6.79 9.27 12.78 15.33 14.16 11.17 10.88 12.99 12.05 11.17 10.44 13.43 13.43 20.29 23.87 22.92 22.12 21.61 20.44 18.10
16.35 16.35 17.59 17.16 16.43 16.06 10.22 5.77 0.00 0.00 0.00 0.00 0.00 0.00 0.00 0.00 0.00 0.00 0.00 0.00 0.00 0.00 0.00 2.70 5.33 0.29 0.29 1.75 6.86 11.83 14.53 14.60 16.13 17.16 18.91 20.29 19.56 21.97 24.75 25.40 25.04 23.94 24.16 21.53 20.73 20.08 21.02 21.75 20.66 18.54 17.59 17.59 15.48 14.60 16.86 17.67 17.16 16.50 15.11 12.63 10.51 8.25 9.13 9.86 9.78 11.17 13.65 14.38 14.53 14.53 13.51 14.38 15.04 14.60 14.09 12.85 12.85 14.75 19.56 21.10 20.73 20.15 18.91 17.52
4.09 4.09 2.99 3.87 0.00 0.00 0.00 0.00 0.00 0.00 0.00 0.00 0.00 0.00 0.00 0.00 0.00 0.00 0.00 0.00 0.00 0.00 0.00 0.00 0.00 0.00 0.00 0.66 7.30 13.72 14.60 15.40 16.94 18.32 21.83 22.27 22.27 21.90 21.24 21.53 20.51 21.68 21.24 20.00 20.44 21.90 22.85 22.56 20.73 17.30 16.28 16.28 15.11 14.89 17.23 16.43 15.62 14.75 14.75 14.89 12.92 11.39 11.53 11.75 10.73 11.61 13.58 14.82 14.67 15.11 14.31 14.97 14.97 15.33 15.77 15.33 15.33 15.48 15.70 17.23 18.69 19.42 18.83 18.83
1.53 1.53 0.00 0.00 0.00 0.00 0.00 0.00 0.00 0.00 0.00 0.00 0.00 0.00 0.00 0.00 0.00 0.00 0.00 0.00 0.00 0.00 0.00 0.00 0.00 0.00 0.00 5.26 11.02 13.21 12.63 10.44 12.56 15.55 20.08 21.24 21.83 18.83 19.42 13.21 14.82 15.26 16.94 18.91 20.51 20.88 20.88 18.32 15.91 14.67 16.72 16.72 17.37 17.30 18.83 17.01 15.55 14.60 14.82 14.89 13.94 10.95 11.02 11.46 12.41 12.05 10.66 12.19 13.07 11.97 11.39 12.05 11.68 12.78 13.80 14.60 14.60 14.02 13.36 13.43 13.87 16.64 18.69 19.05
0.00 0.00 0.00 0.00 0.00 0.00 0.00 0.00 0.00 0.00 0.00 0.00 0.00 0.00 0.00 0.00 0.00 0.00 0.00 0.00 0.00 0.00 0.00 0.00 0.00 1.90 1.90 0.66 7.59 5.84 3.58 3.43 4.38 9.93 14.67 16.64 14.67 12.56 12.63 9.93 9.42 10.15 13.58 15.70 18.10 16.94 13.07 12.12 12.85 13.72 16.72 16.72 18.32 18.40 19.05 17.89 15.33 14.60 13.72 13.43 13.07 10.59 9.86 10.73 12.19 9.34 7.96 9.42 10.66 10.73 11.17 9.78 9.64 9.64 9.34 9.56 9.56 11.17 11.10 10.66 11.24 13.87 16.94 18.61
0.00 0.00 0.00 0.00 0.00 0.00 0.00 0.00 0.00 0.00 0.00 0.00 0.00 0.00 0.00 0.00 0.00 0.00 0.00 0.00 0.00 0.00 0.00 0.00 0.00 1.90 1.90 0.66 7.59 5.84 3.58 3.43 4.38 9.93 14.67 16.64 14.67 12.56 12.63 9.93 9.42 10.15 13.58 15.70 18.10 16.94 13.07 12.12 12.85 13.72 16.72 16.72 18.32 18.40 19.05 17.89 15.33 14.60 13.72 13.43 13.07 10.59 9.86 10.73 12.19 9.34 7.96 9.42 10.66 10.73 11.17 9.78 9.64 9.64 9.34 9.56 9.56 11.17 11.10 10.66 11.24 13.87 16.94 18.61
0.00 0.00 0.00 0.00 0.00 0.00 0.00 0.00 0.00 0.00 0.00 0.00 0.00 0.00 0.00 0.00 0.00 0.00 0.00 0.00 0.00 0.00 0.00 0.00 0.00 0.66 0.66 1.31 2.63 0.00 0.00 0.00 0.00 1.39 3.50 4.96 5.40 5.04 6.20 6.57 4.74 4.38 10.22 15.55 17.52 13.58 10.59 10.51 12.26 13.72 15.77 15.77 17.01 18.18 17.96 16.28 11.90 8.54 9.71 9.93 11.75 12.26 9.86 7.08 6.28 4.09 2.34 3.72 7.37 9.56 10.73 11.02 10.37 8.47 5.40 2.99 2.99 4.89 7.30 8.98 10.73 13.58 15.99 17.45
0.00 0.00 0.00 0.00 0.00 0.00 0.00 0.00 0.00 0.00 0.00 0.00 0.00 0.00 0.00 0.00 0.00 0.00 0.00 0.00 0.00 0.00 0.00 0.00 0.00 0.00 0.00 0.00 0.00 0.00 0.00 0.00 0.00 0.00 0.00 0.00 1.10 0.66 0.00 0.00 0.00 0.00 7.15 14.53 15.91 15.04 13.51 13.94 15.33 15.04 16.06 16.06 17.59 17.37 12.92 10.37 5.55 3.14 4.02 6.06 7.08 7.30 5.69 1.83 0.00 0.00 0.15 2.34 4.96 7.96 9.20 10.00 10.29 7.23 3.50 0.00 0.00 0.00 0.29 3.94 6.94 9.56 12.12 15.40
0.00 0.00 0.00 0.00 0.00 0.00 0.00 0.00 0.00 0.00 0.00 0.00 0.00 0.00 0.00 0.00 0.00 0.00 0.00 0.00 0.00 0.00 0.00 0.00 0.00 0.00 0.00 0.00 0.00 0.00 0.00 0.00 0.00 0.00 0.00 0.00 0.00 0.00 0.00 0.00 0.00 0.00 3.36 10.22 14.02 15.77 16.57 18.03 16.94 13.21 13.65 13.65 17.52 14.60 7.74 1.68 0.00 0.00 0.22 1.46 1.90 1.10 0.00 0.00 0.00 0.00 0.00 0.00 0.80 3.07 4.45 4.23 5.18 6.06 2.04 0.00 0.00 0.00 0.00 0.00 1.39 5.11 8.98 13.07
0.00 0.00 0.00 0.00 0.00 0.00 0.00 0.00 0.00 0.00 0.00 0.00 0.00 0.00 0.00 0.00 0.00 0.00 0.00 0.00 0.00 0.00 0.00 0.00 0.00 0.00 0.00 0.00 0.00 0.00 0.00 0.00 0.00 0.00 0.00 0.00 0.00 0.00 0.00 0.00 0.00 0.00 6.50 15.40 19.71 21.24 17.52 15.55 13.80 12.48 14.02 14.02 17.23 12.48 3.14 0.00 0.00 0.00 0.00 0.00 0.00 0.00 0.00 0.00 0.00 0.00 0.00 0.00 0.00 0.00 0.00 0.00 0.00 0.00 0.00 0.00 0.00 0.00 0.00 0.00 0.00 0.00 2.34 7.01
0.00 0.00 0.00 0.00 0.00 0.00 0.00 0.00 0.00 0.00 0.00 0.00 0.00 0.00 0.00 0.00 0.00 0.00 0.00 0.00 0.00 0.00 0.00 0.00 0.00 0.00 0.00 0.00 0.00 0.00 0.00 0.00 0.00 0.00 0.00 0.00 0.00 0.00 0.00 0.00 3.07 11.97 4.31 20.66 22.92 18.91 14.45 14.97 16.64 17.08 18.03 18.03 16.86 8.03 0.00 0.00 0.00 0.00 0.00 0.00 0.00 0.00 0.00 0.00 0.00 0.00 0.00 0.00 0.00 0.00 0.00 0.00 0.00 0.00 0.00 0.00 0.00 0.00 0.00 0.00 0.00 0.00 0.00 0.00
0.00 0.00 0.00 0.00 0.00 0.00 0.00 0.00 0.00 0.00 0.00 0.00 0.00 0.00 0.00 0.00 0.00 0.00 0.00 0.00 0.00 0.00 0.00 0.00 0.00 0.00 0.00 0.00 0.00 0.00 0.00 0.00 0.00 0.00 0.00 0.00 0.00 0.00 0.00 0.00 2.12 9.56 14.53 15.62 17.59 13.87 12.85 16.35 18.25 18.91 18.32 18.32 13.07 6.64 0.00 0.00 0.00 0.00 0.00 0.00 0.00 0.00 0.00 0.00 0.00 0.00 0.00 0.00 0.00 0.00 0.00 0.00 0.00 0.00 0.00 0.00 0.00 0.00 0.00 0.00 1.39 3.72 3.72 3.80
0.00 0.00 0.00 0.00 0.00 0.00 0.00 0.00 0.00 0.00 0.00 0.00 0.00 0.00 0.00 0.00 0.00 0.00 0.00 0.00 0.00 0.00 0.00 0.00 0.00 0.00 0.00 0.00 0.00 0.00 0.00 0.00 0.00 0.00 0.00 0.00 0.00 0.00 0.00 0.00 2.12 9.56 14.53 15.62 17.59 13.87 12.85 16.35 18.25 18.91 18.32 18.32 13.07 6.64 0.00 0.00 0.00 0.00 0.00 0.00 0.00 0.00 0.00 0.00 0.00 0.00 0.00 0.00 0.00 0.00 0.00 0.00 0.00 0.00 0.00 0.00 0.00 0.00 0.00 0.00 1.39 3.72 3.72 3.80
0.00 0.00 0.00 0.00 0.00 0.00 0.00 0.00 0.00 0.00 0.00 0.00 0.00 0.00 0.00 0.00 0.00 0.00 0.00 0.00 0.00 0.00 0.00 0.00 0.00 0.00 0.00 0.00 0.00 0.00 0.00 0.00 0.00 0.00 0.00 0.00 0.00 0.00 0.00 0.00 0.00 2.41 7.15 8.91 11.68 6.72 7.66 11.02 14.89 15.55 14.24 14.24 10.80 2.77 0.00 0.00 3.65 4.74 2.56 0.00 0.00 0.00 0.00 0.00 0.00 0.00 0.00 0.00 0.00 0.00 0.00 0.00 0.00 0.00 0.00 0.00 0.00 2.77 8.47 11.02 16.64 20.44 20.44 17.30
