Wansh/Snow_depth/snowdepth-1988/spring/1988091.txt
ncols 321
nrows 161
xllcenter 60
yllcenter 15 
cellsize  0.25 
NODATA_value -1
[rows 0 to 36 of 161, columns 84 to 167 of 321]
24.97 25.19 25.26 24.75 25.40 24.60 24.60 22.56 21.53 22.56 25.48 26.94 26.35 27.67 27.67 28.62 28.69 28.47 28.47 28.18 27.23 26.79 24.31 17.16 10.95 5.48 4.31 1.68 1.53 2.34 4.60 9.20 11.90 13.87 13.07 11.39 11.68 12.63 15.26 16.43 16.64 14.24 12.41 12.41 8.83 6.35 5.33 5.11 4.89 5.84 8.18 9.34 9.34 9.20 9.49 11.02 11.02 10.07 6.86 5.26 4.09 3.29 2.56 2.56 2.85 3.14 3.50 3.43 3.43 4.45 5.69 9.64 11.53 10.95 10.66 9.93 9.78 11.10 13.87 15.99 14.82 13.21 10.29 10.37
23.58 24.02 24.38 23.87 24.31 25.77 26.94 26.50 25.19 24.09 24.24 24.24 21.90 19.71 18.10 18.25 18.61 24.24 24.24 24.89 23.36 22.92 23.43 21.90 14.45 9.71 5.48 3.80 1.90 2.19 3.50 5.48 9.64 10.07 7.59 5.18 4.31 5.33 7.30 11.46 15.48 15.99 15.99 15.99 12.70 9.56 6.72 3.87 3.50 3.50 3.80 4.74 5.33 5.69 5.84 6.13 7.59 8.40 7.59 7.52 6.94 6.06 5.26 5.99 3.94 4.53 6.06 7.08 7.08 7.96 8.98 10.07 12.19 12.34 12.92 15.33 16.28 14.16 17.45 17.52 14.75 15.04 15.40 13.94
24.45 23.65 23.73 23.07 23.73 25.33 27.38 28.76 29.27 28.84 26.79 25.04 23.51 20.15 19.49 15.18 13.14 13.51 13.51 14.89 17.89 16.50 17.30 20.08 20.44 15.70 8.61 5.48 3.94 3.50 3.21 3.80 5.62 9.93 11.75 11.53 9.34 8.83 9.05 9.78 10.07 11.39 14.38 14.38 15.77 16.94 15.18 11.02 7.88 3.80 2.77 2.41 2.48 2.34 3.58 4.74 6.06 7.96 9.78 10.51 11.24 10.37 9.86 10.51 11.61 9.93 7.96 11.46 11.46 11.53 11.75 10.95 11.02 11.46 13.87 17.23 18.98 20.22 18.98 18.47 17.52 18.76 19.56 19.35
24.45 23.65 23.73 23.07 23.73 25.33 27.38 28.76 29.27 28.84 26.79 25.04 23.51 20.15 19.49 15.18 13.14 13.51 13.51 14.89 17.89 16.50 17.30 20.08 20.44 15.70 8.61 5.48 3.94 3.50 3.21 3.80 5.62 9.93 11.75 11.53 9.34 8.83 9.05 9.78 10.07 11.39 14.38 14.38 15.77 16.94 15.18 11.02 7.88 3.80 2.77 2.41 2.48 2.34 3.58 4.74 6.06 7.96 9.78 10.51 11.24 10.37 9.86 10.51 11.61 9.93 7.96 11.46 11.46 11.53 11.75 10.95 11.02 11.46 13.87 17.23 18.98 20.22 18.98 18.47 17.52 18.76 19.56 19.35
24.97 24.45 23.43 23.29 23.07 22.48 22.41 22.19 23.65 25.04 26.21 24.82 24.31 24.24 23.73 21.24 19.93 14.31 14.31 10.88 10.22 11.17 12.48 16.57 18.03 16.35 12.99 8.40 6.28 3.65 3.36 3.80 5.77 7.52 11.17 13.51 12.63 9.34 7.30 5.33 3.87 3.29 4.45 4.45 7.30 11.46 14.38 16.06 12.05 6.79 3.80 2.56 1.53 1.90 1.61 2.12 2.92 4.74 6.35 8.47 9.64 11.39 11.61 11.32 11.97 12.63 11.39 12.56 12.56 13.29 12.78 12.70 12.34 12.41 12.99 13.58 14.89 17.23 17.52 18.83 15.33 15.48 16.35 16.50
27.38 26.50 25.92 26.28 24.82 21.61 20.08 18.98 18.54 19.20 20.08 20.88 22.78 24.09 23.58 23.58 22.56 21.68 21.68 17.67 14.89 11.24 9.93 12.34 15.55 14.31 10.73 8.76 5.91 4.89 3.50 3.50 4.38 6.28 7.74 9.86 8.25 5.04 0.95 0.00 0.00 0.00 2.34 2.34 5.91 7.37 10.37 13.14 12.78 8.25 4.38 2.48 2.48 2.77 3.07 2.85 3.50 4.38 5.69 7.37 9.34 11.02 13.65 13.94 14.45 13.51 15.84 13.72 13.72 13.80 11.61 12.70 13.29 13.14 12.78 10.66 10.66 11.10 10.73 11.10 12.92 11.10 14.97 16.35
28.76 28.32 27.38 25.92 25.19 24.16 23.00 21.10 20.29 20.15 18.10 16.86 16.06 18.47 21.32 22.12 22.56 22.48 22.48 22.12 21.17 17.74 12.70 11.68 11.75 11.75 9.64 6.86 5.91 5.04 4.23 3.21 4.16 6.06 7.81 7.81 6.50 3.87 0.80 0.00 0.00 0.00 4.89 4.89 6.42 8.91 9.56 10.07 8.40 7.30 4.67 2.41 1.75 2.41 2.99 4.31 6.06 6.79 7.45 9.56 10.73 12.78 14.24 15.48 16.06 15.70 12.56 15.84 15.84 15.26 13.72 13.43 13.94 13.80 13.58 12.56 11.39 10.95 10.66 10.07 10.37 7.88 10.07 13.94
28.76 28.32 27.38 25.92 25.19 24.16 23.00 21.10 20.29 20.15 18.10 16.86 16.06 18.47 21.32 22.12 22.56 22.48 22.48 22.12 21.17 17.74 12.70 11.68 11.75 11.75 9.64 6.86 5.91 5.04 4.23 3.21 4.16 6.06 7.81 7.81 6.50 3.87 0.80 0.00 0.00 0.00 4.89 4.89 6.42 8.91 9.56 10.07 8.40 7.30 4.67 2.41 1.75 2.41 2.99 4.31 6.06 6.79 7.45 9.56 10.73 12.78 14.24 15.48 16.06 15.70 12.56 15.84 15.84 15.26 13.72 13.43 13.94 13.80 13.58 12.56 11.39 10.95 10.66 10.07 10.37 7.88 10.07 13.94
28.47 27.16 26.57 26.06 24.82 23.58 21.75 18.98 17.23 16.86 14.89 14.67 13.36 13.51 18.61 21.32 23.14 22.48 22.48 22.34 21.10 21.17 16.64 10.29 8.18 7.30 6.28 5.77 5.33 5.11 4.96 4.53 4.38 6.35 8.10 8.18 6.42 5.04 3.58 2.56 2.04 3.14 4.60 4.60 6.20 6.50 5.18 5.26 5.26 5.55 5.77 4.82 3.58 3.58 3.43 3.50 4.67 5.11 6.13 7.45 8.40 9.49 11.02 11.39 12.26 12.85 13.80 13.36 13.36 13.29 15.70 14.09 13.65 14.16 13.87 13.87 14.31 15.11 14.38 14.53 13.14 11.53 7.15 9.71
26.28 26.13 25.48 24.02 21.83 18.83 17.08 13.87 12.05 11.02 11.39 12.12 12.26 12.05 15.48 21.46 22.70 23.14 23.14 23.00 21.17 17.16 13.87 8.32 5.77 5.26 5.33 4.89 4.31 4.74 4.96 4.53 4.53 5.69 8.03 8.98 8.40 6.94 6.42 5.77 5.40 4.96 4.74 4.74 5.26 5.26 5.55 5.84 6.42 5.91 7.81 10.07 10.59 9.86 8.91 9.34 8.61 7.96 8.10 8.25 8.69 9.64 9.05 9.93 10.15 10.73 9.78 13.87 13.87 13.80 13.65 13.94 11.75 14.75 14.60 15.11 16.94 19.05 20.95 19.71 16.28 12.56 11.32 8.32
23.58 22.85 20.37 18.91 16.57 14.53 10.73 8.54 8.10 8.91 9.71 10.88 12.41 14.45 18.32 21.61 23.29 24.38 24.38 23.94 21.53 17.45 11.32 7.45 4.60 5.04 5.11 4.23 3.36 3.43 3.43 3.43 3.87 4.96 5.99 7.15 8.69 8.54 7.81 7.74 7.23 7.37 7.88 7.88 8.03 6.57 5.91 7.81 9.42 10.29 10.59 11.24 11.02 10.73 10.51 10.59 13.14 12.63 11.02 11.10 11.53 11.75 11.24 11.02 11.10 10.80 12.26 11.10 11.10 14.45 15.48 15.26 15.04 14.97 18.76 20.37 23.51 25.11 24.53 22.12 17.16 14.02 12.85 11.75
23.58 22.85 20.37 18.91 16.57 14.53 10.73 8.54 8.10 8.91 9.71 10.88 12.41 14.45 18.32 21.61 23.29 24.38 24.38 23.94 21.53 17.45 11.32 7.45 4.60 5.04 5.11 4.23 3.36 3.43 3.43 3.43 3.87 4.96 5.99 7.15 8.69 8.54 7.81 7.74 7.23 7.37 7.88 7.88 8.03 6.57 5.91 7.81 9.42 10.29 10.59 11.24 11.02 10.73 10.51 10.59 13.14 12.63 11.02 11.10 11.53 11.75 11.24 11.02 11.10 10.80 12.26 11.10 11.10 14.45 15.48 15.26 15.04 14.97 18.76 20.37 23.51 25.11 24.53 22.12 17.16 14.02 12.85 11.75
17.08 18.25 16.72 11.53 8.61 7.08 5.77 5.18 5.91 6.20 7.45 7.96 10.59 15.48 18.69 21.32 22.27 22.19 22.19 21.32 18.18 16.50 10.88 7.08 6.13 5.26 4.45 4.74 4.67 5.18 5.48 5.69 6.64 7.01 8.10 9.93 11.32 11.53 10.29 10.29 10.51 9.78 8.83 8.83 8.76 8.61 8.83 9.05 10.07 10.73 11.90 12.41 11.75 11.68 11.53 11.75 12.78 16.28 16.13 14.45 12.78 12.12 11.75 10.29 10.15 11.10 11.53 13.87 13.87 15.18 17.16 18.10 18.69 17.59 18.47 23.65 26.06 26.28 23.94 22.48 19.35 17.74 15.33 13.80
12.99 12.19 7.74 4.53 2.19 3.43 3.21 3.29 4.38 5.40 8.10 9.49 11.39 15.48 17.67 17.96 18.18 18.25 18.25 15.99 13.94 11.46 10.37 9.42 7.45 6.79 6.13 6.42 7.52 9.42 10.59 12.70 13.72 14.09 13.51 13.51 13.58 13.21 11.90 10.51 8.91 9.05 10.00 10.00 10.44 10.88 11.90 11.53 11.24 11.02 10.22 8.69 8.10 7.15 8.18 13.21 15.99 14.02 12.12 12.12 12.05 13.58 14.31 14.97 13.65 12.48 13.51 14.45 14.45 14.75 17.23 18.54 19.78 20.73 21.10 21.61 23.00 21.61 18.18 17.59 17.74 17.81 15.70 14.45
7.37 5.33 2.85 0.58 0.95 2.12 2.63 3.50 4.67 5.69 8.03 9.13 10.66 13.21 14.75 15.55 14.67 14.89 14.89 14.02 12.70 11.32 10.95 11.46 11.17 9.49 9.42 10.29 12.34 14.89 15.91 16.50 16.64 16.43 15.70 13.72 11.46 9.13 8.91 10.29 10.88 11.32 11.46 11.46 11.75 13.36 13.58 13.51 12.70 13.80 15.40 15.70 16.28 15.11 15.26 17.23 18.61 18.18 13.94 10.51 7.59 8.10 9.13 10.95 13.21 14.09 13.80 13.80 13.80 15.40 16.43 18.25 19.27 18.47 17.96 20.22 18.40 14.53 9.20 7.37 14.53 18.98 18.54 16.57
5.69 3.87 1.24 0.66 2.12 3.80 4.16 4.31 5.04 6.13 7.59 8.83 9.49 10.66 11.61 11.24 13.07 14.60 14.60 13.65 11.75 10.29 10.15 11.46 12.26 12.56 11.10 11.17 11.90 14.60 17.16 18.25 17.81 15.99 12.85 10.07 8.54 7.96 9.71 12.05 14.02 15.18 15.11 15.11 14.53 13.36 12.78 13.58 13.94 14.02 14.75 14.38 14.24 15.91 20.22 21.17 20.22 17.30 11.61 8.83 8.18 7.88 7.08 8.10 9.56 13.51 14.16 15.99 15.99 15.55 18.32 18.76 17.96 17.52 20.00 21.61 18.83 13.87 0.00 4.82 13.80 18.10 15.33 16.13
5.69 3.87 1.24 0.66 2.12 3.80 4.16 4.31 5.04 6.13 7.59 8.83 9.49 10.66 11.61 11.24 13.07 14.60 14.60 13.65 11.75 10.29 10.15 11.46 12.26 12.56 11.10 11.17 11.90 14.60 17.16 18.25 17.81 15.99 12.85 10.07 8.54 7.96 9.71 12.05 14.02 15.18 15.11 15.11 14.53 13.36 12.78 13.58 13.94 14.02 14.75 14.38 14.24 15.91 20.22 21.17 20.22 17.30 11.61 8.83 8.18 7.88 7.08 8.10 9.56 13.51 14.16 15.99 15.99 15.55 18.32 18.76 17.96 17.52 20.00 21.61 18.83 13.87 0.00 4.82 13.80 18.10 15.33 16.13
10.29 7.74 6.79 5.48 7.23 7.23 6.57 5.18 5.40 6.28 7.88 8.32 9.27 12.34 12.92 12.56 13.72 14.24 14.24 13.21 11.53 9.42 8.40 9.56 11.61 13.14 13.58 12.99 12.92 13.72 14.82 17.30 18.83 17.08 15.04 11.75 9.78 9.27 10.59 12.56 13.51 12.41 12.41 12.41 12.70 15.40 17.37 19.42 17.30 16.94 16.57 16.50 16.50 15.77 16.28 16.72 15.40 13.36 11.24 11.46 11.17 11.53 11.39 11.75 12.41 13.36 15.77 16.94 16.94 16.94 19.05 20.59 19.64 20.44 21.68 20.73 16.86 19.78 5.84 8.91 12.63 11.75 9.78 11.24
15.18 15.40 14.09 13.14 12.19 11.53 10.51 8.10 7.59 8.10 8.98 10.59 11.32 13.36 14.53 14.45 14.97 15.18 15.18 14.16 13.14 10.80 8.61 8.54 10.51 13.14 15.04 15.77 16.21 14.75 15.48 17.74 18.32 18.47 16.64 12.70 10.66 8.98 7.66 8.10 10.00 10.66 11.68 11.68 13.72 18.98 22.34 25.48 25.04 23.21 22.19 19.56 18.98 19.20 18.76 17.74 16.94 16.64 16.50 16.86 18.18 18.40 17.89 17.59 16.06 17.08 18.83 19.93 19.93 21.32 22.85 21.75 18.69 17.45 17.16 16.57 15.62 12.85 11.90 10.37 8.69 7.23 7.52 8.10
18.69 18.40 16.72 15.91 15.77 15.33 13.43 12.05 10.80 10.59 12.05 12.85 13.51 14.02 14.16 13.07 12.56 13.87 13.87 15.91 15.70 13.87 11.53 10.37 11.90 13.14 14.45 15.26 14.16 11.46 10.80 13.51 17.81 17.16 14.60 10.66 7.81 4.96 4.45 4.38 5.40 9.56 14.09 14.09 18.54 24.24 25.99 26.35 26.79 27.16 28.54 27.01 25.33 23.73 22.41 21.02 18.91 18.25 19.05 19.78 22.56 23.00 22.70 21.46 20.37 19.56 21.02 20.08 20.08 17.23 19.49 10.37 8.61 9.05 11.83 9.86 12.26 12.70 11.61 14.60 9.05 8.83 7.96 7.37
17.52 18.18 18.18 17.52 16.50 15.91 14.89 14.82 14.97 15.77 16.43 17.81 18.91 18.61 16.79 15.11 13.72 13.58 13.58 14.89 15.18 14.89 14.53 14.02 14.89 16.50 17.81 17.01 14.31 10.59 7.37 6.72 8.25 12.48 11.53 6.28 2.12 0.00 0.00 4.53 6.50 7.88 10.95 10.95 16.43 20.44 23.43 23.21 22.12 25.04 27.59 31.90 31.54 29.78 26.86 24.45 20.88 17.45 15.91 17.30 19.05 21.53 22.78 23.29 22.85 21.61 20.51 17.81 17.81 13.65 9.42 5.26 3.94 4.02 3.43 3.50 5.04 6.35 6.57 9.71 8.32 7.30 7.52 7.37
14.67 15.48 16.06 15.55 15.55 15.11 14.09 15.40 17.59 19.27 22.48 24.09 26.13 26.28 25.48 23.58 19.35 18.18 18.18 17.16 17.01 17.52 17.67 17.45 17.59 19.71 22.41 21.53 18.03 14.38 11.97 7.96 6.64 7.81 7.96 4.38 2.04 0.00 0.00 3.87 7.30 7.30 4.89 4.89 4.02 4.60 6.94 9.05 9.49 9.64 12.78 14.16 19.56 22.19 25.04 23.51 20.29 16.57 13.94 13.94 14.60 15.99 17.45 19.71 20.73 21.32 20.73 19.56 19.56 16.06 4.09 9.93 7.59 3.80 2.92 2.41 2.77 3.21 3.50 2.92 5.33 4.23 4.60 4.09
14.67 15.48 16.06 15.55 15.55 15.11 14.09 15.40 17.59 19.27 22.48 24.09 26.13 26.28 25.48 23.58 19.35 18.18 18.18 17.16 17.01 17.52 17.67 17.45 17.59 19.71 22.41 21.53 18.03 14.38 11.97 7.96 6.64 7.81 7.96 4.38 2.04 0.00 0.00 3.87 7.30 7.30 4.89 4.89 4.02 4.60 6.94 9.05 9.49 9.64 12.78 14.16 19.56 22.19 25.04 23.51 20.29 16.57 13.94 13.94 14.60 15.99 17.45 19.71 20.73 21.32 20.73 19.56 19.56 16.06 4.09 9.93 7.59 3.80 2.92 2.41 2.77 3.21 3.50 2.92 5.33 4.23 4.60 4.09
13.21 13.07 13.14 12.78 14.45 14.67 12.92 16.21 19.35 22.41 25.26 26.50 27.30 28.18 27.59 26.50 24.24 21.83 21.83 20.37 19.13 19.42 20.81 19.86 19.64 20.44 21.24 20.66 19.64 16.72 13.36 9.56 6.57 4.67 3.80 2.56 1.46 0.00 0.00 1.39 1.90 2.99 2.63 2.63 0.00 0.00 0.00 0.00 0.00 3.21 3.72 3.50 5.69 7.23 9.13 11.61 11.24 10.88 11.39 12.63 14.38 15.11 17.37 19.42 20.59 19.20 17.52 18.10 18.10 19.13 18.83 7.66 14.38 11.32 8.25 5.99 4.02 3.36 2.19 1.10 1.31 1.97 1.61 1.39
13.43 13.07 13.29 13.72 13.58 14.53 17.52 21.46 25.92 28.54 29.35 28.11 25.99 24.24 23.00 23.65 23.00 21.90 21.90 22.48 21.83 21.68 22.78 22.42 19.52 20.65 18.51 18.10 18.03 16.86 15.40 11.46 7.37 4.02 1.75 1.02 0.88 1.39 1.83 1.75 1.46 1.46 1.02 1.02 0.00 0.00 0.00 0.00 0.00 0.00 0.00 0.00 0.00 0.00 0.00 3.21 4.23 5.91 8.61 12.56 14.45 14.53 15.84 17.81 19.56 20.88 20.51 20.88 20.88 21.24 21.97 16.50 19.56 15.91 10.37 6.13 4.89 3.58 2.92 3.14 2.56 1.46 1.61 0.88
16.13 16.72 16.57 17.01 17.59 18.10 20.51 24.09 27.01 28.69 27.89 24.60 20.95 17.08 14.53 18.10 22.19 24.97 24.97 25.92 25.33 23.58 24.31 25.41 25.40 20.71 21.24 19.79 19.05 19.27 18.03 14.53 11.90 8.32 5.55 2.56 3.07 3.50 2.85 2.48 1.68 0.95 0.00 0.00 0.00 0.00 0.00 0.00 0.00 0.00 0.00 0.00 0.00 0.00 0.00 0.00 2.77 5.69 8.98 13.14 14.97 14.60 13.51 13.72 14.53 18.32 19.56 20.81 20.81 20.73 19.56 18.25 19.71 15.91 11.75 9.64 8.91 7.74 6.42 5.55 3.94 1.31 0.29 0.29
18.61 18.25 17.67 18.10 18.25 17.01 17.45 18.91 20.95 21.61 19.78 16.50 14.97 10.15 9.56 14.45 18.83 22.78 22.78 23.73 21.53 19.19 21.45 24.53 24.66 23.45 23.17 21.31 21.30 20.56 18.98 17.89 17.37 14.09 11.90 9.05 7.30 5.55 4.45 3.21 1.68 0.73 0.07 0.07 0.00 0.00 0.00 0.00 0.00 0.00 0.00 0.00 0.00 0.00 0.00 1.90 3.50 5.40 9.27 13.51 18.32 19.35 19.05 17.52 15.99 17.08 21.17 22.85 22.85 22.70 20.88 17.23 15.55 15.55 15.04 15.26 13.87 10.66 8.47 6.28 5.33 2.56 3.58 0.95
18.40 17.08 17.30 19.49 18.54 17.08 15.70 16.86 16.94 15.55 13.07 9.34 7.37 7.15 10.44 13.51 15.84 18.91 18.91 17.12 11.95 10.75 12.72 16.86 20.45 20.15 23.41 26.42 26.83 24.19 22.45 20.66 20.00 19.42 17.81 16.28 13.36 8.83 7.15 5.33 2.41 1.02 0.80 0.80 0.00 0.00 0.00 0.00 0.00 0.00 0.00 0.00 0.00 0.00 0.00 0.00 2.56 5.84 9.93 14.97 20.37 24.45 25.77 24.75 21.75 21.90 21.61 22.78 22.78 21.10 19.56 16.94 15.40 15.70 17.59 18.10 14.82 14.31 12.26 10.51 7.59 6.28 6.06 6.28
18.40 17.08 17.30 19.49 18.54 17.08 15.70 16.86 16.94 15.55 13.07 9.34 7.37 7.15 10.44 13.51 15.84 18.91 19.00 17.68 12.13 11.51 12.40 17.30 20.15 20.15 22.70 24.55 25.07 24.56 22.68 21.52 22.47 20.55 18.27 16.28 13.36 8.83 7.15 5.33 2.41 1.02 0.80 0.80 0.00 0.00 0.00 0.00 0.00 0.00 0.00 0.00 0.00 0.00 0.00 0.00 2.56 5.84 9.93 14.97 20.37 24.45 25.77 24.75 21.75 21.90 21.61 22.78 22.78 21.10 19.56 16.94 15.40 15.70 17.59 18.10 14.82 14.31 12.26 10.51 7.59 6.28 6.06 6.28
17.16 16.94 17.23 17.23 17.89 17.45 16.13 18.98 19.93 18.76 14.67 11.32 8.98 8.98 13.36 16.79 19.49 20.15 20.15 15.70 10.59 6.28 4.18 6.00 9.21 10.77 13.94 19.00 25.11 28.83 27.06 24.81 23.77 23.74 21.15 20.65 17.48 13.36 9.13 7.23 4.16 1.61 0.73 0.73 0.00 0.00 0.00 1.31 0.00 0.00 0.00 0.00 0.00 0.00 0.00 0.00 0.00 1.68 6.86 11.10 15.84 22.19 25.55 27.67 27.52 24.97 22.27 21.61 21.61 20.08 17.89 16.57 15.18 16.72 18.98 19.20 15.84 14.60 13.65 11.46 9.20 6.64 5.69 5.69
16.64 16.50 17.37 16.79 16.86 15.70 14.24 16.79 19.64 19.27 17.89 15.11 12.19 10.80 14.75 19.49 22.41 21.10 21.10 15.99 10.59 6.02 3.21 2.12 2.64 4.37 3.36 6.05 15.57 26.62 31.90 31.17 27.38 26.54 24.80 22.89 20.31 17.39 15.62 13.87 10.29 4.96 1.97 1.97 0.58 0.00 0.00 0.80 1.10 0.00 0.00 0.00 0.00 0.00 0.00 0.00 0.00 0.00 0.00 3.72 7.01 14.09 19.56 25.62 27.16 24.75 22.12 19.86 19.86 19.20 18.32 17.81 16.94 17.37 18.03 18.10 16.86 15.91 15.11 13.29 11.61 11.53 11.61 11.39
19.42 22.85 25.19 24.38 20.22 16.43 15.55 17.74 20.59 19.56 16.21 13.07 9.86 9.49 10.80 14.67 17.45 16.28 16.28 12.92 8.76 6.64 4.53 2.19 0.00 0.00 1.97 4.13 12.36 22.82 28.84 31.61 31.61 30.88 30.97 27.02 25.51 20.66 19.86 21.39 18.98 12.19 7.59 7.59 2.77 1.61 0.88 0.22 0.51 0.58 0.88 0.00 0.00 0.00 0.00 0.00 0.00 0.00 3.43 2.85 3.58 8.98 15.70 22.27 23.73 22.92 21.53 19.56 19.56 17.45 15.33 14.82 17.30 16.86 16.72 18.91 19.42 20.22 19.27 16.86 16.79 16.79 15.11 14.31
20.59 24.82 26.28 24.45 18.10 15.55 16.28 16.79 17.67 17.37 14.53 12.19 11.90 11.83 11.39 11.02 11.32 7.88 7.88 7.52 6.50 7.88 8.47 7.15 4.60 2.41 2.26 4.99 9.64 15.26 19.93 22.70 23.65 28.47 29.93 29.57 30.02 29.50 25.18 23.23 23.36 20.29 14.67 14.67 8.54 4.96 3.14 1.61 0.80 0.44 0.37 0.00 0.00 0.00 0.00 0.00 0.00 3.87 6.28 6.13 5.11 5.04 8.83 14.38 16.94 19.93 18.18 17.89 17.89 16.79 16.06 14.82 15.18 15.99 17.30 16.57 24.09 24.75 24.38 21.75 19.20 17.67 16.06 14.89
12.70 15.40 14.97 14.45 12.34 10.15 10.66 8.40 8.55 7.52 7.45 7.96 10.22 12.26 11.53 6.28 4.16 3.29 3.29 1.97 1.39 2.26 4.45 5.26 4.53 2.77 1.61 3.10 5.11 7.52 10.15 8.83 11.97 16.50 20.44 19.71 23.07 27.89 29.57 27.93 26.27 23.87 21.32 21.32 17.89 14.24 10.59 6.20 3.07 2.99 2.92 2.04 0.00 0.00 0.00 0.00 0.00 3.36 6.06 8.76 7.23 4.23 3.80 5.99 7.66 9.56 11.90 13.51 13.51 14.09 14.97 16.86 15.62 18.25 14.53 18.61 20.22 21.46 21.61 20.08 18.47 16.35 13.65 11.46
8.32 8.32 8.91 10.51 10.29 12.12 13.51 9.71 5.99 0.00 2.04 4.74 10.29 10.00 6.50 2.41 0.58 0.07 0.07 0.00 0.00 0.00 0.00 0.00 0.00 0.00 0.00 0.00 0.00 0.00 0.00 0.00 0.00 0.00 4.31 4.96 10.44 18.43 22.85 25.19 25.59 23.36 23.21 23.21 23.73 23.07 20.73 17.45 12.63 8.69 4.67 2.92 0.00 0.00 0.00 0.00 0.00 0.00 0.00 6.64 8.98 7.37 4.23 4.31 3.87 4.23 6.06 5.69 5.69 6.28 7.45 10.00 10.29 15.84 8.03 9.86 14.31 14.60 15.70 18.03 17.52 15.11 12.56 9.56
8.32 8.32 8.91 10.51 10.29 12.12 13.51 9.71 5.84 0.00 2.04 4.74 10.29 10.00 6.50 2.41 0.58 0.07 0.07 0.00 0.00 0.00 0.00 0.00 0.00 0.00 0.00 0.00 0.00 0.00 0.00 0.00 0.00 0.00 4.33 4.99 10.44 18.34 23.08 25.19 25.33 23.36 23.21 23.21 23.73 23.07 20.73 17.45 12.63 8.69 4.67 2.92 0.00 0.00 0.00 0.00 0.00 0.00 0.00 6.64 8.98 7.37 4.23 4.31 3.87 4.23 6.06 5.69 5.69 6.28 7.45 10.00 10.29 15.84 8.03 9.86 14.31 14.60 15.70 18.03 17.52 15.11 12.56 9.56
14.67 13.80 12.56 12.26 10.95 15.26 20.73 17.56 12.15 7.37 5.33 7.37 10.15 6.50 2.92 0.00 0.00 0.00 0.00 0.00 0.00 0.00 0.00 0.00 0.00 0.00 0.00 0.00 0.00 0.00 0.00 0.00 0.00 0.00 0.00 0.00 0.00 6.20 12.11 12.56 13.51 13.58 15.77 15.77 20.15 21.90 22.05 21.61 20.00 17.89 14.24 8.32 3.80 0.00 0.00 0.00 0.00 0.00 0.00 2.12 5.62 7.01 5.40 3.80 3.80 2.99 2.34 0.00 0.00 0.00 0.00 2.19 3.07 6.42 1.17 3.43 4.89 7.01 12.63 14.24 15.18 14.02 14.16 11.61
