Wansh/Snow_depth/snowdepth-1988/spring/1988094.txt
ncols 321
nrows 161
xllcenter 60
yllcenter 15 
cellsize  0.25 
NODATA_value -1
[rows 0 to 36 of 161, columns 84 to 167 of 321]
22.34 22.12 22.12 21.90 25.40 24.60 24.60 22.56 21.53 22.56 25.48 26.94 26.35 27.67 27.67 28.62 28.69 28.47 28.47 28.18 27.23 16.50 17.23 17.96 17.37 6.57 4.23 1.97 0.66 1.39 3.07 6.06 10.15 12.41 11.90 10.66 9.27 10.66 10.59 11.61 13.80 14.24 13.29 13.29 9.56 6.13 5.26 4.09 4.16 4.74 6.57 8.32 8.83 8.69 9.49 10.37 11.75 11.24 8.69 6.42 4.60 3.58 3.72 3.36 2.99 3.29 3.87 5.26 5.26 6.94 8.83 12.63 14.75 14.31 13.07 12.78 13.14 14.67 16.35 17.59 17.01 14.89 13.58 12.19
20.29 24.02 24.38 23.87 24.31 25.77 26.94 26.50 25.19 24.09 24.24 24.24 21.90 19.71 18.10 18.25 18.61 24.24 24.24 24.89 23.36 22.92 23.43 21.90 14.45 14.97 5.26 2.77 1.83 1.83 2.12 3.87 6.94 9.05 8.10 5.26 2.63 3.07 4.53 6.94 11.97 13.51 13.36 13.36 12.70 10.44 7.88 6.72 3.80 3.21 3.07 3.07 4.09 5.11 4.96 5.33 6.86 8.10 8.61 8.10 7.15 7.37 7.08 6.50 6.64 5.99 7.45 9.20 9.20 9.42 9.56 10.88 12.63 14.97 16.57 17.67 18.69 18.76 19.64 20.22 18.98 18.69 17.30 16.94
19.78 23.65 23.73 23.07 23.73 25.33 27.38 28.76 29.27 28.84 26.79 25.04 23.51 20.15 19.49 15.18 13.14 13.51 13.51 14.89 17.89 16.50 17.30 20.08 20.44 15.70 14.38 6.13 4.60 3.94 3.50 3.58 4.89 6.35 8.61 8.98 8.18 8.61 10.00 10.29 9.64 7.66 8.91 8.91 9.86 12.70 13.07 11.61 9.13 5.62 3.50 2.41 2.12 2.70 2.77 3.87 5.91 7.37 9.05 9.93 10.80 10.88 10.66 10.73 10.73 11.32 12.48 13.36 13.36 13.43 13.14 12.26 11.61 12.78 15.84 17.52 20.00 20.37 20.81 20.59 20.37 21.53 22.05 21.10
19.78 23.65 23.73 23.07 23.73 25.33 27.38 28.76 29.27 28.84 26.79 25.04 23.51 20.15 19.49 15.18 13.14 13.51 13.51 14.89 17.89 16.50 17.30 20.08 20.44 15.70 14.38 6.13 4.60 3.94 3.50 3.58 4.89 6.35 8.61 8.98 8.18 8.61 10.00 10.29 9.64 7.66 8.91 8.91 9.86 12.70 13.07 11.61 9.13 5.62 3.50 2.41 2.12 2.70 2.77 3.87 5.91 7.37 9.05 9.93 10.80 10.88 10.66 10.73 10.73 11.32 12.48 13.36 13.36 13.43 13.14 12.26 11.61 12.78 15.84 17.52 20.00 20.37 20.81 20.59 20.37 21.53 22.05 21.10
17.37 20.08 23.43 23.29 23.07 22.48 22.41 22.19 23.65 25.04 26.21 24.82 24.31 24.24 23.73 21.24 19.93 14.31 14.31 10.88 10.22 11.17 12.48 16.57 18.03 16.35 12.99 10.44 6.35 5.26 4.82 4.02 4.38 5.99 9.78 12.34 12.85 11.39 9.27 7.81 3.80 0.73 0.00 0.00 2.99 6.50 9.93 13.21 13.58 10.44 5.91 3.87 3.29 2.41 2.19 2.34 2.77 3.94 5.77 7.30 9.78 10.66 12.26 13.14 14.09 14.24 14.53 14.82 14.82 14.16 13.58 13.21 12.70 12.63 12.99 13.80 14.97 17.23 16.86 16.21 17.52 17.96 19.05 19.64
22.41 21.90 25.92 26.28 24.82 21.61 20.08 18.98 18.54 19.20 20.08 20.88 22.78 24.09 23.58 23.58 22.56 21.68 21.68 17.67 14.89 11.24 9.93 12.34 15.55 14.31 10.73 8.76 7.52 6.13 4.74 3.94 4.16 6.50 8.76 10.15 9.86 7.37 2.04 0.00 0.00 0.00 0.00 0.00 0.00 4.23 8.25 14.02 16.06 13.72 7.81 4.67 2.99 2.63 2.70 3.07 3.65 5.11 6.79 7.37 8.83 11.68 13.87 15.55 16.72 15.99 14.82 13.87 13.87 12.85 12.78 12.85 13.21 13.21 12.12 11.02 9.78 10.07 10.80 11.53 14.31 17.01 18.69 19.56
24.67 24.16 27.38 25.92 25.19 24.16 23.00 21.10 20.29 20.15 18.10 16.86 16.06 18.47 21.32 22.12 22.56 22.48 22.48 22.12 21.17 17.74 12.70 11.68 11.75 11.75 9.64 6.86 5.91 6.13 5.69 5.40 5.62 6.42 7.59 8.83 8.54 5.11 0.80 0.00 0.00 0.00 0.00 0.00 6.06 8.76 11.68 13.80 12.92 10.51 6.13 4.16 3.80 2.77 3.07 4.16 5.62 7.37 9.34 10.80 11.97 13.29 15.33 16.94 17.67 18.25 16.94 15.70 15.70 14.31 13.72 13.51 14.16 15.11 15.04 13.87 12.34 11.46 11.24 10.37 9.86 11.53 13.94 15.84
24.67 24.16 27.38 25.92 25.19 24.16 23.00 21.10 20.29 20.15 18.10 16.86 16.06 18.47 21.32 22.12 22.56 22.48 22.48 22.12 21.17 17.74 12.70 11.68 11.75 11.75 9.64 6.86 5.91 6.13 5.69 5.40 5.62 6.42 7.59 8.83 8.54 5.11 0.80 0.00 0.00 0.00 0.00 0.00 6.06 8.76 11.68 13.80 12.92 10.51 6.13 4.16 3.80 2.77 3.07 4.16 5.62 7.37 9.34 10.80 11.97 13.29 15.33 16.94 17.67 18.25 16.94 15.70 15.70 14.31 13.72 13.51 14.16 15.11 15.04 13.87 12.34 11.46 11.24 10.37 9.86 11.53 13.94 15.84
24.45 24.09 23.14 26.06 24.82 23.58 21.75 18.98 17.23 16.86 14.89 14.67 13.36 13.51 18.61 21.32 23.14 22.48 22.48 22.34 21.10 21.17 16.64 10.29 8.18 7.30 6.28 5.77 5.33 5.11 5.77 5.99 5.26 6.42 8.61 10.07 7.66 5.33 2.77 2.85 3.94 3.80 5.26 5.26 8.03 8.61 7.88 8.18 7.59 7.52 6.86 6.79 6.64 6.57 7.23 7.15 8.03 8.69 9.71 11.17 12.41 13.36 14.75 15.48 16.57 16.72 16.43 14.97 14.97 13.87 13.72 14.09 14.89 14.97 14.60 15.11 16.13 15.62 15.70 14.82 12.12 10.22 9.49 10.66
22.92 21.90 21.83 24.02 21.83 18.83 17.08 13.87 12.05 11.02 11.39 12.12 12.26 12.05 15.48 21.46 22.70 23.14 23.14 23.00 21.17 17.16 13.87 8.32 5.77 5.26 5.33 4.89 4.31 4.74 4.96 7.01 5.11 5.91 8.83 8.83 7.96 8.10 7.37 6.94 6.13 5.40 5.84 5.84 6.13 5.91 5.99 6.13 7.08 7.66 7.81 9.13 10.88 11.32 10.95 11.24 11.68 12.05 11.90 11.46 12.70 14.38 14.31 13.94 14.45 15.18 14.75 13.72 13.72 14.02 13.65 13.87 14.75 17.01 17.30 18.18 20.08 22.27 20.73 17.89 16.50 13.36 11.32 10.07
19.64 19.49 18.40 18.91 16.57 14.53 10.73 8.54 8.10 8.91 9.71 10.88 12.41 14.45 18.32 21.61 23.29 24.38 24.38 23.94 21.53 17.45 11.32 7.45 4.60 5.04 5.11 4.23 3.36 3.43 3.43 3.43 4.82 4.89 7.01 7.81 8.61 9.86 9.56 7.08 7.30 7.88 8.10 8.10 8.18 7.66 7.37 7.30 9.13 9.93 10.29 11.90 13.21 12.56 11.90 12.12 13.58 14.97 15.18 14.24 14.60 14.60 14.09 13.58 13.65 14.60 14.38 14.16 14.16 15.55 16.21 16.50 16.94 18.54 21.68 23.21 24.53 24.89 23.87 21.97 17.52 14.60 13.94 11.90
19.64 19.49 18.40 18.91 16.57 14.53 10.73 8.54 8.10 8.91 9.71 10.88 12.41 14.45 18.32 21.61 23.29 24.38 24.38 23.94 21.53 17.45 11.32 7.45 4.60 5.04 5.11 4.23 3.36 3.43 3.43 3.43 4.82 4.89 7.01 7.81 8.61 9.86 9.56 7.08 7.30 7.88 8.10 8.10 8.18 7.66 7.37 7.30 9.13 9.93 10.29 11.90 13.21 12.56 11.90 12.12 13.58 14.97 15.18 14.24 14.60 14.60 14.09 13.58 13.65 14.60 14.38 14.16 14.16 15.55 16.21 16.50 16.94 18.54 21.68 23.21 24.53 24.89 23.87 21.97 17.52 14.60 13.94 11.90
15.77 13.36 11.61 11.75 8.61 7.08 5.77 5.18 5.91 6.20 7.45 7.96 10.59 15.48 18.69 21.32 22.27 22.19 22.19 21.32 18.18 16.50 10.88 7.08 6.13 5.26 4.45 4.74 4.67 5.18 5.48 5.69 6.64 6.28 9.34 8.98 11.46 12.85 10.73 10.44 10.73 10.59 9.64 9.64 9.27 8.61 8.91 10.44 10.95 11.46 11.97 12.99 12.92 10.44 9.56 11.32 15.26 17.45 17.01 16.13 15.91 14.97 13.87 14.38 14.75 13.43 13.58 14.16 14.16 15.77 17.96 17.89 17.89 20.73 22.19 24.31 25.77 24.60 23.14 21.68 19.93 17.08 14.53 14.31
14.45 11.53 9.20 7.59 2.19 3.43 3.21 3.29 4.38 5.40 8.10 9.49 11.39 15.48 17.67 17.96 18.18 18.25 18.25 15.99 13.94 11.46 10.37 9.42 7.45 6.79 6.13 6.42 7.52 9.42 10.59 12.70 13.72 14.09 12.34 14.53 15.91 14.16 12.19 11.17 9.86 9.20 8.69 8.69 8.54 10.15 10.29 11.61 11.02 10.44 10.15 9.86 8.91 7.37 5.55 7.81 14.24 17.59 16.64 13.65 12.48 12.99 13.94 15.11 15.40 15.26 14.75 14.53 14.53 16.13 18.54 19.42 20.37 20.81 21.02 20.95 20.08 16.50 14.45 17.01 19.35 16.79 15.04 13.94
14.97 12.85 9.64 8.40 0.95 2.12 2.63 3.50 4.67 5.69 8.03 9.13 10.66 13.21 14.75 15.55 14.67 14.89 14.89 14.02 12.70 11.32 10.95 11.46 11.17 9.49 9.42 10.29 12.34 14.89 15.91 16.50 16.64 16.43 15.70 15.62 11.68 9.05 8.10 7.08 7.59 8.76 10.00 10.00 10.88 11.75 11.83 11.97 10.44 10.80 12.05 12.48 11.46 12.70 12.41 14.60 19.35 19.56 15.26 10.51 8.25 8.61 9.86 10.95 11.75 13.87 16.13 15.91 15.91 15.77 17.67 19.13 19.56 18.69 17.74 19.35 15.77 8.91 5.04 12.05 17.23 18.91 17.01 17.23
12.26 11.53 11.83 13.36 13.43 3.80 4.16 4.31 5.04 6.13 7.59 8.83 9.49 10.66 11.61 11.24 13.07 14.60 14.60 13.65 11.75 10.29 10.15 11.46 12.26 12.56 11.10 11.17 11.90 14.60 17.16 18.25 17.81 15.99 12.85 10.07 13.14 6.28 6.50 9.42 13.80 14.38 14.82 14.82 14.24 13.14 13.07 12.85 12.99 14.31 14.82 14.24 13.80 15.77 18.47 19.78 19.27 15.55 12.34 9.13 8.98 10.00 10.59 10.00 10.80 12.56 15.99 17.23 17.23 18.83 18.83 18.47 18.10 17.89 19.05 19.86 16.94 7.74 4.16 7.81 14.60 15.91 15.04 15.99
12.26 11.53 11.83 13.36 13.43 3.80 4.16 4.31 5.04 6.13 7.59 8.83 9.49 10.66 11.61 11.24 13.07 14.60 14.60 13.65 11.75 10.29 10.15 11.46 12.26 12.56 11.10 11.17 11.90 14.60 17.16 18.25 17.81 15.99 12.85 10.07 13.14 6.28 6.50 9.42 13.80 14.38 14.82 14.82 14.24 13.14 13.07 12.85 12.99 14.31 14.82 14.24 13.80 15.77 18.47 19.78 19.27 15.55 12.34 9.13 8.98 10.00 10.59 10.00 10.80 12.56 15.99 17.23 17.23 18.83 18.83 18.47 18.10 17.89 19.05 19.86 16.94 7.74 4.16 7.81 14.60 15.91 15.04 15.99
15.40 13.51 12.85 14.82 15.84 7.23 6.57 5.18 5.40 6.28 7.88 8.32 9.27 12.34 12.92 12.56 13.72 14.24 14.24 13.21 11.53 9.42 8.40 9.56 11.61 13.14 13.58 12.99 12.92 13.72 14.82 17.30 18.83 17.08 15.04 11.75 9.78 8.69 10.66 13.21 14.16 13.80 13.07 13.07 11.02 11.17 13.21 18.76 20.29 18.18 16.57 15.18 15.33 16.64 17.81 18.40 15.62 13.87 11.68 11.90 12.85 14.75 15.26 14.45 13.51 15.18 17.37 18.54 18.54 20.44 22.27 20.51 20.29 20.08 20.59 20.08 16.57 10.29 6.35 8.83 10.51 9.49 8.10 9.42
17.96 17.81 16.72 17.74 18.18 11.53 10.51 8.10 7.59 8.10 8.98 10.59 11.32 13.36 14.53 14.45 14.97 15.18 15.18 14.16 13.14 10.80 8.61 8.54 10.51 13.14 15.04 15.77 16.21 14.75 15.48 17.74 18.32 18.47 16.64 12.70 10.66 8.98 10.66 8.18 7.88 8.76 9.78 9.78 11.24 14.38 21.17 28.76 28.98 23.94 21.24 20.44 21.32 21.17 20.88 18.54 16.13 15.11 14.89 17.45 19.20 20.08 20.51 19.49 18.40 18.18 19.35 20.88 20.88 22.48 22.56 20.15 18.54 17.81 16.57 17.01 15.91 12.85 11.17 8.32 7.08 6.72 5.77 5.91
21.32 19.78 18.47 19.42 21.75 15.33 13.43 12.05 10.80 10.59 12.05 12.85 13.51 14.02 14.16 13.07 12.56 13.87 13.87 15.91 15.70 13.87 11.53 10.37 11.90 13.14 14.45 15.26 14.16 11.46 10.80 13.51 17.81 17.16 14.60 10.66 7.81 4.96 8.76 5.48 4.67 7.37 12.41 12.41 18.03 22.48 28.62 31.03 29.64 28.11 28.32 29.49 29.49 27.08 25.70 23.07 20.59 18.61 17.67 18.91 20.66 23.21 24.45 23.43 22.48 20.81 21.39 22.70 22.70 21.39 16.94 11.46 9.93 9.20 10.15 9.71 12.56 13.58 11.61 8.69 7.66 7.15 7.23 6.42
18.76 18.54 19.78 18.61 19.05 20.73 14.89 14.82 14.97 15.77 16.43 17.81 18.91 18.61 16.79 15.11 13.72 13.58 13.58 14.89 15.18 14.89 14.53 14.02 14.89 16.50 17.81 17.01 14.31 10.59 7.37 6.72 8.25 12.48 11.53 6.28 2.12 0.00 0.00 2.77 7.15 9.93 12.56 12.56 15.18 18.25 22.63 22.78 23.00 23.87 26.06 28.76 29.42 29.86 29.20 26.28 23.94 20.59 16.72 15.62 16.94 19.78 23.00 23.43 23.73 23.58 23.00 22.85 22.85 18.40 10.59 4.96 3.43 3.36 3.07 3.07 4.16 6.57 6.28 6.64 6.06 6.28 5.77 4.74
17.81 17.74 18.03 17.81 16.06 18.83 14.09 15.40 17.59 19.27 22.48 24.09 26.13 26.28 25.48 23.58 19.35 18.18 18.18 17.16 17.01 17.52 17.67 17.45 17.59 19.71 22.41 21.53 18.03 14.38 11.97 7.96 6.64 7.81 7.96 4.38 2.04 0.00 0.00 3.87 0.00 9.42 7.37 7.37 6.28 7.88 8.10 7.96 8.69 9.93 11.17 16.64 20.29 20.95 23.36 22.19 21.17 17.08 14.09 12.41 14.82 16.50 18.25 19.86 21.61 22.12 22.48 20.81 20.81 18.69 14.02 9.86 5.26 3.80 3.87 2.04 2.41 2.99 3.14 3.43 2.99 3.36 3.07 1.97
17.81 17.74 18.03 17.81 16.06 18.83 14.09 15.40 17.59 19.27 22.48 24.09 26.13 26.28 25.48 23.58 19.35 18.18 18.18 17.16 17.01 17.52 17.67 17.45 17.59 19.71 22.41 21.53 18.03 14.38 11.97 7.96 6.64 7.81 7.96 4.38 2.04 0.00 0.00 3.87 0.00 9.42 7.37 7.37 6.28 7.88 8.10 7.96 8.69 9.93 11.17 16.64 20.29 20.95 23.36 22.19 21.17 17.08 14.09 12.41 14.82 16.50 18.25 19.86 21.61 22.12 22.48 20.81 20.81 18.69 14.02 9.86 5.26 3.80 3.87 2.04 2.41 2.99 3.14 3.43 2.99 3.36 3.07 1.97
13.36 14.09 14.67 15.55 15.91 16.28 12.92 16.21 19.35 22.41 25.26 26.50 27.30 28.18 27.59 26.50 24.24 21.83 21.83 20.37 19.13 19.42 20.81 19.86 19.64 20.44 21.24 20.66 19.64 16.72 13.36 9.56 6.57 4.67 3.80 2.56 1.46 0.00 0.00 1.39 1.90 4.67 2.34 2.34 0.88 0.00 0.00 0.00 0.00 1.75 2.77 4.09 5.91 7.59 10.59 10.22 11.83 10.95 9.34 12.12 15.91 15.77 16.50 18.83 21.17 21.53 20.88 19.27 19.27 20.37 21.02 18.91 14.67 10.00 6.28 4.74 3.50 2.70 2.34 1.61 1.31 1.17 0.37 0.66
14.31 13.87 14.75 15.48 16.86 19.35 17.52 21.46 25.92 28.54 29.35 28.11 25.99 24.24 23.00 23.65 23.00 21.90 21.90 22.48 21.83 21.68 22.78 22.42 19.52 20.65 18.51 18.10 18.03 16.86 15.40 11.46 7.37 4.02 1.75 1.02 0.88 1.39 1.83 1.75 1.46 1.90 2.04 2.04 0.00 0.00 0.00 0.00 0.00 0.00 0.00 0.00 0.00 0.00 0.00 0.00 3.21 4.23 7.01 11.61 16.21 15.99 16.35 18.83 19.93 20.29 20.37 21.02 21.02 21.17 23.21 23.87 20.15 14.89 9.78 6.35 3.87 3.50 3.07 2.56 1.02 0.66 0.29 0.00
17.89 16.64 16.64 17.52 18.32 21.61 27.08 24.09 27.01 28.69 27.89 24.60 20.95 17.08 14.53 18.10 22.19 24.97 24.97 25.92 25.33 23.58 24.31 25.41 25.40 20.71 21.24 19.79 19.05 19.27 18.03 14.53 11.90 8.32 5.55 2.56 3.07 3.50 2.85 2.48 1.68 0.95 0.95 0.95 0.29 0.37 0.00 0.00 0.00 0.00 0.00 0.00 0.00 0.00 0.00 0.00 1.75 4.60 6.86 11.10 16.43 16.50 15.84 17.01 16.35 16.79 19.05 22.19 22.19 23.07 23.00 21.32 18.83 15.70 12.34 8.76 8.76 7.01 5.26 4.53 3.21 1.24 0.22 0.00
18.47 17.59 17.45 15.99 15.48 16.13 25.55 18.91 20.95 21.61 19.78 16.50 14.97 10.15 9.56 14.45 18.83 22.78 22.78 23.73 21.53 19.19 21.45 24.53 24.66 23.45 23.17 21.31 21.30 20.56 18.98 17.89 17.37 14.09 11.90 9.05 7.30 5.55 4.45 3.21 1.68 0.73 0.07 0.07 0.51 0.00 0.00 0.00 0.00 0.00 0.00 0.00 0.00 0.00 0.00 0.00 3.14 4.38 6.28 12.05 17.67 19.56 20.44 21.02 18.18 16.64 19.20 23.51 23.51 23.43 21.83 19.35 17.96 16.06 15.04 14.45 13.14 9.42 8.25 7.15 5.33 2.77 2.92 3.43
17.52 18.10 18.61 17.59 15.26 13.21 17.37 16.86 16.94 15.55 13.07 9.34 7.37 7.15 10.44 13.51 15.84 18.91 18.91 17.12 11.95 10.75 12.72 16.86 20.45 20.15 23.41 26.42 26.83 24.19 22.45 20.66 20.00 19.42 17.81 16.28 13.36 8.83 7.15 5.33 2.41 1.02 0.80 0.80 0.00 0.00 0.00 0.15 0.00 0.00 0.00 0.00 0.00 0.00 0.00 0.00 3.80 4.23 7.08 12.78 18.47 22.41 24.45 25.33 22.92 21.24 22.27 22.85 22.85 21.97 19.64 17.89 16.57 16.06 16.86 17.01 15.40 13.07 12.41 10.88 7.96 5.84 5.48 5.91
17.52 18.10 18.61 17.59 15.26 13.21 17.37 16.86 16.94 15.55 13.07 9.34 7.37 7.15 10.44 13.51 15.84 18.91 19.00 17.68 12.13 11.51 12.40 17.30 20.15 20.15 22.70 24.55 25.07 24.56 22.68 21.52 22.47 20.55 18.27 16.28 13.36 8.83 7.15 5.33 2.41 1.02 0.80 0.80 0.00 0.00 0.00 0.15 0.00 0.00 0.00 0.00 0.00 0.00 0.00 0.00 3.80 4.23 7.08 12.78 18.47 22.41 24.45 25.33 22.92 21.24 22.27 22.85 22.85 21.97 19.64 17.89 16.57 16.06 16.86 17.01 15.40 13.07 12.41 10.88 7.96 5.84 5.48 5.91
17.16 15.91 16.64 17.37 17.96 17.81 19.56 13.14 19.93 18.76 14.67 11.32 8.98 8.98 13.36 16.79 19.49 20.15 20.15 15.70 10.59 6.28 4.18 6.00 9.21 10.77 13.94 19.00 25.11 28.83 27.06 24.81 23.77 23.74 21.15 20.65 17.48 13.36 9.13 7.23 4.16 1.61 0.73 0.73 0.00 0.58 0.00 2.12 1.53 0.00 0.00 0.00 0.00 0.00 0.00 0.00 0.00 2.92 4.45 8.54 15.40 18.91 21.83 25.70 27.16 25.40 22.63 22.19 22.19 21.46 18.54 17.37 17.01 16.50 17.45 17.45 15.77 15.26 14.67 12.34 8.83 6.72 5.26 4.38
17.37 16.79 15.70 13.36 11.24 11.83 15.11 20.59 19.64 19.27 17.89 15.11 12.19 10.80 14.75 19.49 22.41 21.10 21.10 15.99 10.59 6.02 3.21 2.12 2.64 4.37 3.36 6.05 15.57 26.62 31.90 31.17 27.38 26.54 24.80 22.89 20.31 17.39 15.62 13.87 10.29 4.96 1.97 1.97 0.58 0.00 0.29 1.83 1.68 0.00 0.66 0.00 0.00 0.00 0.00 0.00 0.00 0.00 0.00 5.18 7.52 9.86 15.91 23.00 27.89 25.92 22.12 21.83 21.83 21.17 17.89 16.35 16.79 17.01 17.81 17.52 17.01 15.84 15.40 14.38 12.19 11.02 8.69 8.10
19.64 23.51 23.80 22.19 19.42 16.94 15.70 18.32 20.59 19.56 16.21 13.07 9.86 9.49 10.80 14.67 17.45 16.28 16.28 12.92 8.76 6.64 4.53 2.19 0.00 0.00 1.97 4.13 12.36 22.82 28.84 31.61 31.61 30.88 30.97 27.02 25.51 20.66 19.86 21.39 18.98 12.19 7.59 7.59 2.77 1.61 0.88 1.53 1.10 0.95 1.24 1.02 0.00 0.00 0.00 0.00 0.00 0.00 4.60 5.26 5.18 6.50 11.90 21.68 23.80 22.19 22.05 21.17 21.17 19.56 16.86 15.04 15.18 16.28 18.40 19.05 20.00 20.08 18.69 16.64 15.11 15.33 15.04 14.60
16.21 19.64 19.27 16.72 15.40 15.48 16.86 20.44 17.67 17.37 14.53 12.19 11.90 11.83 11.39 11.02 11.32 7.88 7.88 7.52 6.50 7.88 8.47 7.15 4.60 2.41 2.26 4.99 9.64 15.26 19.93 22.70 23.65 28.47 29.93 29.57 30.02 29.50 25.18 23.23 23.36 20.29 14.67 14.67 8.54 4.96 3.14 3.21 2.63 1.46 1.61 1.61 0.00 0.00 0.00 0.00 0.00 0.00 6.79 7.88 7.52 6.35 9.05 14.09 15.48 16.86 16.35 17.52 17.52 16.06 14.97 15.84 15.91 15.84 17.59 20.44 22.12 23.73 23.58 20.73 18.03 16.06 15.48 14.16
4.60 9.86 9.42 10.73 7.15 4.23 2.77 0.95 15.85 7.52 7.45 7.96 10.22 12.26 11.53 6.28 4.16 3.29 3.29 1.97 1.39 2.26 4.45 5.26 4.53 2.77 1.61 3.10 5.11 7.52 10.15 8.83 11.97 16.50 20.44 19.71 23.07 27.89 29.57 27.93 26.27 23.87 21.32 21.32 17.89 14.24 10.59 6.20 3.58 3.36 3.94 4.74 2.85 0.00 0.00 0.00 0.00 2.85 5.33 8.03 8.83 8.03 6.28 6.13 7.66 8.54 10.88 11.75 11.75 11.17 12.34 14.53 15.77 13.65 14.89 18.91 21.10 22.63 22.12 20.37 17.81 15.70 13.87 11.68
2.41 4.38 7.88 11.61 13.14 11.53 8.69 1.53 0.30 0.00 2.04 4.74 10.29 10.00 6.50 2.41 0.58 0.07 0.07 0.00 0.00 0.00 0.00 0.00 0.00 0.00 0.00 0.00 0.00 0.00 0.00 0.00 0.00 0.00 4.31 4.96 10.44 18.43 22.85 25.19 25.59 23.36 23.21 23.21 23.73 23.07 20.73 17.45 12.63 10.00 8.76 4.02 3.29 2.26 0.00 0.00 0.00 0.00 0.00 3.21 6.06 9.20 6.94 5.40 6.20 5.91 5.91 6.79 6.79 6.13 7.81 9.34 9.93 8.10 8.03 11.10 14.38 18.18 18.47 18.40 17.37 15.40 13.21 10.44
2.41 4.38 7.88 11.61 13.14 11.53 8.69 1.53 0.29 0.00 2.04 4.74 10.29 10.00 6.50 2.41 0.58 0.07 0.07 0.00 0.00 0.00 0.00 0.00 0.00 0.00 0.00 0.00 0.00 0.00 0.00 0.00 0.00 0.00 4.33 4.99 10.44 18.34 23.08 25.19 25.33 23.36 23.21 23.21 23.73 23.07 20.73 17.45 12.63 10.00 8.76 4.02 3.29 2.26 0.00 0.00 0.00 0.00 0.00 3.21 6.06 9.20 6.94 5.40 6.20 5.91 5.91 6.79 6.79 6.13 7.81 9.34 9.93 8.10 8.03 11.10 14.38 18.18 18.47 18.40 17.37 15.40 13.21 10.44
12.56 9.34 9.78 10.00 14.09 20.37 19.93 14.23 0.00 7.37 5.33 7.37 10.15 6.50 2.92 0.00 0.00 0.00 0.00 0.00 0.00 0.00 0.00 0.00 0.00 0.00 0.00 0.00 0.00 0.00 0.00 0.00 0.00 0.00 0.00 0.00 0.00 6.20 12.11 12.56 13.51 13.58 15.77 15.77 20.15 21.90 22.05 21.61 20.00 16.21 15.04 9.05 6.79 3.50 0.00 0.00 0.00 0.00 0.00 0.00 5.40 8.40 6.35 4.23 3.87 3.36 3.43 0.00 0.00 2.12 2.85 3.72 3.36 2.63 2.56 3.50 6.64 11.61 13.36 14.45 15.18 14.82 14.97 13.14
