Wansh/Snow_depth/snowdepth-1984/winter/1984340.txt
ncols 321
nrows 161
xllcenter 60
yllcenter 15 
cellsize  0.25 
NODATA_value -1
[rows 0 to 37 of 161, columns 84 to 167 of 321]
11.68 10.66 10.59 9.27 0.00 10.07 9.93 0.00 0.00 9.64 10.37 10.73 11.53 13.07 14.16 13.80 13.21 14.16 14.16 14.75 13.29 12.26 13.51 0.00 5.62 0.00 0.00 4.31 4.16 3.50 3.87 4.38 5.11 5.99 6.86 6.20 5.77 4.60 5.55 8.03 6.50 5.84 6.57 6.57 0.00 1.61 0.00 1.46 3.36 4.96 6.94 6.79 5.84 4.23 4.60 4.67 3.50 0.00 0.66 1.53 2.26 2.19 1.90 2.12 2.26 2.70 3.29 4.16 4.16 5.99 6.35 6.28 6.06 4.96 5.04 6.28 5.62 4.96 5.91 5.91 5.55 3.87 2.48 3.43
10.51 9.27 8.76 11.32 9.86 0.00 0.00 0.00 10.66 10.66 10.00 0.00 0.00 6.06 5.99 0.00 8.91 13.07 13.07 13.07 12.70 13.80 13.51 9.56 0.00 4.16 4.09 2.19 3.07 3.94 4.31 4.67 5.26 5.40 4.74 5.18 5.04 0.00 4.53 5.77 3.36 0.95 2.19 2.19 2.85 4.09 3.87 2.70 2.48 2.70 2.77 4.09 3.87 2.41 4.16 6.28 6.50 5.84 3.72 1.83 4.23 4.74 4.67 5.55 5.48 4.23 6.28 7.66 7.66 7.59 8.47 6.79 5.11 5.18 5.84 7.37 5.77 5.48 3.36 5.84 6.35 6.64 4.60 4.23
0.00 10.59 9.42 9.27 0.00 8.69 8.47 10.59 12.05 12.99 11.68 10.29 0.00 0.00 4.60 3.14 0.00 0.00 0.00 8.83 9.42 12.19 15.11 12.12 6.57 7.08 5.69 4.45 3.50 2.77 2.92 4.23 5.77 6.28 6.42 5.48 4.38 2.99 1.61 0.00 0.00 0.00 2.56 2.56 5.99 7.96 8.69 4.82 2.41 2.56 1.61 2.41 2.70 3.80 4.67 7.37 8.69 9.34 7.59 7.15 7.08 8.18 10.15 8.98 7.66 7.45 7.88 8.83 8.83 8.25 7.01 6.06 4.23 3.50 6.42 8.83 9.71 8.03 5.99 6.35 6.13 6.20 5.48 5.62
0.00 10.59 9.42 9.27 0.00 8.69 8.47 10.59 12.05 12.99 11.68 10.29 0.00 0.00 4.60 3.14 0.00 0.00 0.00 8.83 9.42 12.19 15.11 12.12 6.57 7.08 5.69 4.45 3.50 2.77 2.92 4.23 5.77 6.28 6.42 5.48 4.38 2.99 1.61 0.00 0.00 0.00 2.56 2.56 5.99 7.96 8.69 4.82 2.41 2.56 1.61 2.41 2.70 3.80 4.67 7.37 8.69 9.34 7.59 7.15 7.08 8.18 10.15 8.98 7.66 7.45 7.88 8.83 8.83 8.25 7.01 6.06 4.23 3.50 6.42 8.83 9.71 8.03 5.99 6.35 6.13 6.20 5.48 5.62
9.20 8.18 0.00 6.86 8.98 10.29 11.17 12.63 13.94 14.75 14.24 12.78 11.61 10.44 9.56 0.00 0.00 0.00 0.00 0.00 0.00 0.00 11.75 14.53 13.87 11.61 7.01 5.84 5.40 5.26 3.50 3.36 3.87 4.74 5.84 6.42 5.33 4.38 1.31 0.66 0.00 0.00 0.00 0.00 4.60 7.88 10.44 10.29 6.64 4.16 3.43 3.14 1.90 2.04 2.34 1.39 3.94 6.06 8.10 8.69 8.98 10.00 10.22 9.42 8.47 8.69 9.13 8.91 8.91 7.66 6.57 5.48 3.50 4.82 7.52 11.46 11.61 10.66 8.10 8.40 7.52 7.37 6.50 5.62
17.30 14.31 12.99 12.70 12.70 11.39 9.20 9.78 10.22 10.88 13.65 16.35 16.28 16.13 17.37 19.20 20.51 15.91 15.91 10.80 8.03 0.00 8.25 16.28 16.50 14.09 10.37 9.56 8.10 5.11 3.58 5.04 5.18 5.04 5.48 7.96 4.89 1.61 1.68 1.10 2.77 3.58 0.00 0.00 0.00 5.18 8.40 11.39 7.66 3.43 2.34 3.50 3.14 2.70 2.70 2.92 2.77 4.31 5.99 7.88 8.18 8.91 10.73 11.75 10.15 9.13 8.03 6.06 6.06 5.91 6.28 5.99 5.40 4.16 3.07 3.07 3.07 4.45 6.50 7.88 8.91 7.66 6.06 5.18
18.76 17.45 17.23 18.76 16.06 14.82 13.72 12.34 12.26 13.80 14.09 13.94 16.35 18.47 20.37 21.83 20.37 18.69 18.69 18.10 15.77 11.97 10.22 12.48 12.92 11.02 8.61 8.03 7.08 6.79 5.91 6.72 7.08 7.08 7.37 7.01 4.16 1.17 0.00 0.00 1.68 0.00 4.23 4.23 3.50 6.94 7.52 8.40 0.00 3.80 3.50 4.82 3.87 3.50 4.38 5.40 6.20 7.81 7.88 8.25 10.07 12.99 13.14 12.12 11.97 11.53 11.02 10.22 10.22 8.98 9.13 9.86 9.56 8.10 8.18 8.69 8.54 6.79 4.96 5.69 7.15 7.88 6.94 7.08
18.76 17.45 17.23 18.76 16.06 14.82 13.72 12.34 12.26 13.80 14.09 13.94 16.35 18.47 20.37 21.83 20.37 18.69 18.69 18.10 15.77 11.97 10.22 12.48 12.92 11.02 8.61 8.03 7.08 6.79 5.91 6.72 7.08 7.08 7.37 7.01 4.16 1.17 0.00 0.00 1.68 0.00 4.23 4.23 3.50 6.94 7.52 8.40 0.00 3.80 3.50 4.82 3.87 3.50 4.38 5.40 6.20 7.81 7.88 8.25 10.07 12.99 13.14 12.12 11.97 11.53 11.02 10.22 10.22 8.98 9.13 9.86 9.56 8.10 8.18 8.69 8.54 6.79 4.96 5.69 7.15 7.88 6.94 7.08
18.54 16.64 17.08 16.35 16.13 16.43 16.13 15.91 15.62 13.72 11.61 9.20 10.88 16.06 20.88 20.37 19.27 18.83 18.83 18.40 17.37 15.26 11.83 10.51 10.59 10.51 8.47 7.23 6.57 6.13 6.50 6.72 7.45 9.34 9.42 9.42 5.55 3.50 2.56 2.34 2.26 2.77 2.92 2.92 3.80 3.29 2.70 3.58 3.21 4.82 3.87 4.23 1.10 3.94 4.45 4.67 5.69 6.42 7.37 8.91 7.74 9.20 11.10 11.02 11.75 10.51 9.56 9.86 9.86 10.59 11.53 12.19 11.10 10.22 10.88 9.64 8.32 6.79 5.77 4.38 3.87 5.62 6.50 6.72
18.03 17.67 17.01 16.21 15.40 15.40 15.11 14.24 14.09 12.41 10.80 11.24 12.12 13.94 16.35 17.67 17.45 18.25 18.25 18.54 16.06 14.89 13.07 10.29 9.56 8.91 8.18 7.66 7.01 6.72 6.64 7.37 8.03 9.71 9.71 7.08 6.42 5.40 5.91 3.43 5.55 3.14 3.50 3.50 3.36 4.96 5.11 6.13 7.30 7.66 7.96 9.05 8.03 7.45 7.59 6.94 7.88 6.86 6.57 6.57 6.72 5.33 5.55 6.06 7.08 8.69 8.25 8.69 8.69 9.42 10.95 11.46 11.17 10.07 6.20 7.01 10.15 11.10 10.51 8.47 6.06 4.60 4.38 4.09
17.59 15.99 15.77 15.40 15.04 12.63 11.32 13.29 12.92 12.05 9.56 9.56 10.07 11.46 10.95 11.32 11.46 12.56 12.56 14.97 15.99 14.24 10.37 8.03 8.32 8.10 8.40 6.72 6.86 7.45 7.96 7.74 7.15 6.64 6.28 5.91 5.84 6.50 4.74 3.21 5.18 5.69 6.50 6.50 6.13 6.06 6.42 7.23 7.37 6.28 6.64 9.13 8.47 7.74 8.10 7.81 7.74 7.96 5.26 4.38 5.48 5.62 5.77 6.64 8.25 13.29 14.24 15.18 15.18 15.84 14.45 11.83 12.78 12.92 10.07 8.03 8.25 8.61 7.23 4.60 5.26 7.01 6.06 5.18
17.59 15.99 15.77 15.40 15.04 12.63 11.32 13.29 12.92 12.05 9.56 9.56 10.07 11.46 10.95 11.32 11.46 12.56 12.56 14.97 15.99 14.24 10.37 8.03 8.32 8.10 8.40 6.72 6.86 7.45 7.96 7.74 7.15 6.64 6.28 5.91 5.84 6.50 4.74 3.21 5.18 5.69 6.50 6.50 6.13 6.06 6.42 7.23 7.37 6.28 6.64 9.13 8.47 7.74 8.10 7.81 7.74 7.96 5.26 4.38 5.48 5.62 5.77 6.64 8.25 13.29 14.24 15.18 15.18 15.84 14.45 11.83 12.78 12.92 10.07 8.03 8.25 8.61 7.23 4.60 5.26 7.01 6.06 5.18
14.38 17.74 15.48 13.07 9.20 7.88 0.00 8.47 8.03 7.23 6.64 7.74 0.00 10.29 11.61 12.48 13.80 14.82 14.82 16.43 14.24 10.66 7.59 6.42 5.91 5.62 4.96 4.38 5.33 6.35 5.99 5.77 5.91 5.77 6.13 8.18 8.61 6.50 6.64 9.71 13.94 8.69 7.08 7.08 5.55 5.77 4.67 5.84 6.94 6.86 7.15 6.94 7.01 7.01 7.23 8.25 10.44 11.53 10.15 7.96 6.28 4.82 4.67 5.84 8.10 9.71 11.46 13.51 13.51 15.48 15.18 14.09 12.78 12.92 11.90 8.47 6.06 7.37 9.49 9.13 8.98 10.73 11.61 11.32
15.26 15.70 11.24 7.81 6.72 0.00 0.00 8.98 11.02 11.32 10.07 11.17 13.51 14.53 13.21 10.29 8.18 11.53 11.53 10.66 9.13 7.59 6.79 5.55 4.53 4.53 5.69 4.82 4.60 5.77 6.28 7.59 9.13 8.40 9.13 9.49 10.07 8.91 6.94 8.25 9.20 6.06 5.99 5.99 4.60 6.28 7.37 8.69 9.05 9.13 7.81 7.66 8.32 7.96 6.50 7.01 9.05 11.32 10.66 9.13 9.56 9.42 8.98 8.83 8.54 11.24 14.31 14.89 14.89 15.48 16.28 16.50 15.84 15.84 14.89 12.56 8.83 7.08 7.59 5.62 6.86 6.50 6.57 8.83
13.87 13.07 12.19 9.78 10.37 9.64 8.69 9.93 12.19 14.24 12.41 11.10 10.66 11.97 12.05 13.14 11.32 10.88 10.88 8.83 8.61 9.78 8.32 5.99 4.74 5.77 7.37 7.01 5.26 6.42 9.20 10.73 9.64 9.13 7.74 7.01 6.50 6.79 7.59 7.96 8.10 9.34 8.61 8.61 9.42 12.56 11.61 11.90 11.68 12.19 11.68 10.51 10.00 11.32 11.75 11.83 13.21 9.64 7.81 7.30 8.25 9.56 10.73 11.46 11.32 12.85 13.43 12.05 12.05 13.51 14.38 14.16 11.97 9.56 8.83 7.96 0.00 7.81 5.11 1.53 14.60 11.75 8.25 3.65
12.63 11.53 11.53 11.53 11.61 8.98 8.98 10.29 9.56 7.74 8.25 9.05 8.69 8.83 10.00 9.42 9.34 9.64 9.64 8.69 6.86 5.55 7.45 8.10 7.23 6.79 5.40 6.86 7.52 8.25 9.13 10.95 7.96 7.88 7.23 6.20 6.35 6.42 8.54 9.20 8.10 9.42 8.54 8.54 9.56 10.44 9.27 7.01 7.52 8.76 8.10 4.96 6.06 7.01 7.59 10.51 11.61 9.71 7.23 5.77 4.74 5.48 5.40 7.01 8.61 9.93 10.59 11.24 11.24 13.14 14.53 12.85 9.27 7.08 6.42 5.18 0.00 17.52 7.52 8.25 15.77 14.16 11.10 13.80
12.63 11.53 11.53 11.53 11.61 8.98 8.98 10.29 9.56 7.74 8.25 9.05 8.69 8.83 10.00 9.42 9.34 9.64 9.64 8.69 6.86 5.55 7.45 8.10 7.23 6.79 5.40 6.86 7.52 8.25 9.13 10.95 7.96 7.88 7.23 6.20 6.35 6.42 8.54 9.20 8.10 9.42 8.54 8.54 9.56 10.44 9.27 7.01 7.52 8.76 8.10 4.96 6.06 7.01 7.59 10.51 11.61 9.71 7.23 5.77 4.74 5.48 5.40 7.01 8.61 9.93 10.59 11.24 11.24 13.14 14.53 12.85 9.27 7.08 6.42 5.18 0.00 17.52 7.52 8.25 15.77 14.16 11.10 13.80
13.65 13.80 14.02 13.87 14.09 11.46 0.00 7.81 6.35 0.00 6.28 5.26 0.00 7.15 8.91 7.88 7.37 8.40 8.40 6.86 5.77 6.28 6.28 6.79 7.01 7.08 5.48 5.84 6.06 7.37 9.27 11.17 11.32 9.05 6.50 3.58 3.58 4.60 9.27 7.52 7.96 7.15 7.15 7.15 7.30 7.88 5.69 5.11 6.35 7.37 7.74 7.23 8.91 9.20 6.57 5.77 5.33 5.69 5.84 6.42 6.94 7.01 5.18 6.50 7.30 8.91 10.80 12.41 12.41 14.16 14.45 11.53 8.69 8.61 9.20 6.94 7.74 0.00 0.00 8.32 8.98 9.86 6.50 8.18
14.60 14.53 14.89 15.40 15.62 15.33 12.78 10.59 7.81 6.42 7.30 5.69 6.20 7.96 9.78 10.59 8.98 8.25 8.25 8.69 7.74 5.69 4.02 5.77 7.15 6.72 8.10 8.91 8.47 8.03 8.76 11.32 13.21 13.07 10.29 7.81 6.79 9.71 10.07 10.51 9.56 6.79 0.00 0.00 3.87 0.00 0.00 0.00 0.00 3.14 3.29 2.70 6.35 8.98 9.13 7.96 6.06 5.91 9.93 11.90 14.09 14.60 12.78 10.22 8.47 9.86 12.12 14.53 14.53 15.62 15.11 12.99 10.44 11.17 11.46 8.54 9.86 0.00 2.04 7.23 7.23 8.83 8.25 7.52
11.39 12.12 10.66 11.39 14.16 16.50 14.53 12.70 8.32 0.00 0.00 0.00 0.00 6.28 7.52 8.03 8.40 9.34 9.34 9.71 8.76 7.74 6.13 6.50 7.74 9.49 10.44 11.24 11.24 11.68 11.46 12.48 12.99 12.48 9.05 8.83 8.98 7.08 8.32 5.91 6.13 4.74 0.00 0.00 0.00 0.00 0.00 0.00 0.00 4.02 4.09 5.40 7.30 8.25 8.47 8.83 10.51 10.00 11.17 13.21 16.50 18.91 17.96 15.91 13.29 13.65 15.18 15.99 15.99 14.89 11.32 9.13 8.47 8.98 7.59 4.53 3.50 4.53 6.06 7.23 10.07 8.40 8.03 8.03
11.75 11.68 11.46 11.90 8.83 7.74 9.71 12.63 10.51 7.74 0.00 0.00 9.78 8.25 6.64 6.57 5.99 6.28 6.28 7.01 6.79 9.49 9.49 8.54 9.42 11.53 12.48 10.80 9.49 9.05 9.05 8.32 10.07 11.53 7.45 6.42 4.74 6.28 0.00 0.00 4.74 6.86 5.62 5.62 4.38 2.77 3.14 6.57 6.86 7.88 7.81 7.30 6.64 6.86 8.03 10.37 10.37 10.51 14.31 15.99 14.97 16.72 17.67 17.01 17.16 18.54 17.74 14.82 14.82 9.42 4.96 5.69 5.99 5.40 4.38 0.00 0.00 3.07 3.14 5.04 3.87 0.00 6.20 7.45
11.02 11.02 11.97 12.05 9.64 8.83 8.69 11.17 10.95 15.33 16.13 12.48 12.41 14.16 12.99 8.32 8.25 6.42 6.42 6.06 7.81 9.27 9.42 10.59 13.51 14.97 15.11 13.51 10.80 7.96 7.08 8.91 10.88 11.24 8.83 5.11 0.00 0.00 5.99 12.56 10.07 6.79 7.52 7.52 10.44 9.13 7.30 6.28 5.48 5.40 7.59 8.69 10.22 11.68 14.16 15.55 13.14 12.12 14.16 14.97 16.06 16.94 18.32 17.37 17.96 18.10 17.16 15.70 15.70 11.53 8.03 4.89 4.31 4.89 4.16 3.50 0.00 0.00 0.00 0.00 0.00 0.00 0.00 3.94
11.02 11.02 11.97 12.05 9.64 8.83 8.69 11.17 10.95 15.33 16.13 12.48 12.41 14.16 12.99 8.32 8.25 6.42 6.42 6.06 7.81 9.27 9.42 10.59 13.51 14.97 15.11 13.51 10.80 7.96 7.08 8.91 10.88 11.24 8.83 5.11 0.00 0.00 5.99 12.56 10.07 6.79 7.52 7.52 10.44 9.13 7.30 6.28 5.48 5.40 7.59 8.69 10.22 11.68 14.16 15.55 13.14 12.12 14.16 14.97 16.06 16.94 18.32 17.37 17.96 18.10 17.16 15.70 15.70 11.53 8.03 4.89 4.31 4.89 4.16 3.50 0.00 0.00 0.00 0.00 0.00 0.00 0.00 3.94
9.64 8.76 8.47 0.00 0.00 0.00 0.00 0.00 0.00 9.42 18.47 11.32 12.56 12.70 12.99 11.61 10.29 8.61 8.61 6.79 6.64 8.18 9.93 12.78 17.23 18.18 15.77 14.67 13.14 11.10 9.42 9.27 9.49 8.03 6.35 5.04 0.00 0.00 0.00 6.42 7.45 6.13 0.00 0.00 4.38 0.22 0.00 6.13 5.48 3.14 2.19 3.87 9.13 12.56 13.51 12.99 11.97 10.88 12.78 13.43 14.89 16.43 16.57 15.77 15.48 16.35 17.08 15.91 15.91 14.24 12.56 9.13 7.23 6.57 5.33 3.29 2.63 2.70 2.77 0.00 0.00 0.00 0.00 0.00
8.69 7.96 4.82 0.00 0.00 0.00 0.00 0.00 11.75 9.93 10.80 6.94 0.00 5.84 6.64 9.27 7.81 9.05 9.05 11.02 9.56 8.32 9.13 9.83 11.15 12.83 11.58 13.29 14.09 10.66 9.42 8.10 5.33 2.34 2.19 0.00 0.00 0.00 0.00 3.14 0.00 0.00 0.00 0.00 1.53 0.00 0.00 0.00 0.00 0.00 0.00 0.00 5.55 7.30 8.25 8.83 6.57 8.76 11.39 12.56 13.36 13.65 15.11 16.06 15.99 17.23 18.83 20.37 20.37 19.56 17.23 13.43 11.39 9.71 6.35 5.18 5.69 5.11 0.00 0.00 0.00 0.00 0.00 0.00
10.95 11.61 10.29 0.00 0.00 0.00 0.00 10.15 15.55 9.13 9.27 7.81 8.76 6.42 4.60 4.38 5.48 5.77 5.77 4.96 7.52 7.23 5.69 8.50 12.09 9.83 9.60 11.66 13.80 14.16 12.26 9.20 6.86 0.00 0.00 0.00 0.00 3.36 5.18 3.36 0.00 0.00 1.97 1.97 0.95 0.00 0.00 0.00 0.00 0.00 0.00 0.00 1.24 0.00 0.00 2.12 2.04 2.77 6.57 8.69 9.86 10.22 10.73 11.46 10.88 12.41 14.60 15.26 15.26 15.26 14.31 12.78 13.14 10.15 8.69 7.74 7.74 8.54 9.42 6.94 3.72 0.00 0.00 0.00
14.45 15.04 13.07 11.10 9.05 0.00 0.00 0.00 11.10 0.00 6.64 8.61 9.20 8.61 5.48 0.00 4.89 5.55 5.55 6.94 7.59 6.89 6.70 8.81 9.61 8.25 9.42 10.69 12.34 12.89 12.41 12.41 10.15 6.28 0.00 0.00 3.65 3.65 4.31 0.00 0.00 0.00 0.00 0.00 0.00 0.00 0.00 0.00 0.00 0.00 0.00 0.00 0.00 0.00 0.00 0.00 0.00 0.00 0.00 5.33 8.98 8.69 9.49 9.93 7.37 9.34 13.14 13.80 13.80 13.43 14.53 14.75 15.11 13.51 11.32 9.93 9.05 9.34 8.98 7.52 0.00 5.69 4.02 2.41
14.09 13.72 11.68 12.85 9.86 8.03 0.00 0.00 0.00 0.00 0.00 0.00 0.00 7.01 7.08 6.06 5.40 6.64 6.64 7.26 6.64 0.00 6.47 0.00 7.19 6.94 7.68 9.36 11.13 11.65 11.96 12.78 12.63 10.22 8.91 7.08 5.11 4.53 0.00 0.00 0.00 0.00 0.00 0.00 0.00 0.00 0.00 0.00 0.00 0.00 0.00 0.00 0.00 0.00 0.00 0.00 0.00 0.00 0.00 5.62 9.20 10.07 14.38 16.43 13.07 12.26 15.26 19.78 19.78 18.25 15.91 17.37 19.86 21.02 17.30 13.43 13.21 10.37 9.71 6.86 4.60 4.09 4.31 5.77
14.09 13.72 11.68 12.85 9.86 8.03 0.00 0.00 0.00 0.00 0.00 0.00 0.00 7.01 7.08 6.06 5.40 6.64 6.68 7.50 6.74 0.00 6.31 0.00 7.08 6.94 7.45 8.70 10.40 11.83 12.08 13.31 14.19 10.81 9.13 7.08 5.11 4.53 0.00 0.00 0.00 0.00 0.00 0.00 0.00 0.00 0.00 0.00 0.00 0.00 0.00 0.00 0.00 0.00 0.00 0.00 0.00 0.00 0.00 5.62 9.20 10.07 14.38 16.43 13.07 12.26 15.26 19.78 19.78 18.25 15.91 17.37 19.86 21.02 17.30 13.43 13.21 10.37 9.71 6.86 4.60 4.09 4.31 5.77
13.72 14.89 13.43 12.70 10.66 0.00 0.00 2.26 0.00 0.00 0.00 0.00 0.00 5.11 9.49 11.39 11.02 12.48 12.48 10.95 9.27 7.01 5.36 5.71 6.81 7.74 7.89 6.97 5.91 6.75 7.01 6.51 11.37 14.43 11.97 10.67 8.18 6.72 4.60 0.00 0.00 0.00 0.00 0.00 0.00 0.00 0.00 0.00 0.00 0.00 0.00 0.00 0.00 0.00 0.00 0.00 0.00 0.00 0.00 2.48 1.53 4.16 11.61 19.05 20.29 18.32 20.37 21.39 21.39 16.72 15.55 16.94 18.83 21.02 18.76 18.18 14.60 13.87 10.00 7.08 4.09 0.00 0.00 0.00
11.32 11.61 8.61 7.88 0.00 0.00 0.00 8.03 9.27 9.05 7.59 6.64 5.99 9.13 12.41 12.63 13.29 13.36 13.36 10.20 8.25 6.68 5.62 5.91 4.92 0.00 0.00 4.61 4.99 5.90 0.00 4.16 5.55 10.73 11.09 13.02 10.82 8.07 5.04 3.36 0.00 0.00 0.00 0.00 0.00 0.00 0.00 0.00 1.83 0.00 0.00 0.00 0.00 0.00 0.00 0.00 0.00 0.00 0.00 0.00 0.00 0.00 6.42 14.82 18.91 17.81 19.64 23.21 23.21 22.27 22.41 22.63 21.83 20.59 17.81 17.67 14.97 13.94 9.13 6.28 4.67 0.00 0.00 0.00
0.00 0.00 0.00 8.69 8.25 0.00 6.72 8.32 9.78 10.37 8.69 8.25 7.81 8.83 10.44 9.64 9.78 9.20 9.20 7.52 6.86 6.35 6.50 5.62 0.00 0.00 0.00 0.81 3.55 6.61 7.52 6.35 6.28 8.98 8.53 8.96 12.67 13.65 12.92 8.83 5.18 0.00 0.00 0.00 0.00 0.00 0.00 0.00 0.00 2.41 0.00 0.00 2.26 0.00 0.00 0.00 0.00 0.00 0.00 0.00 0.00 0.00 6.94 12.12 15.11 15.48 19.56 22.27 22.27 18.40 15.62 17.45 20.88 22.12 21.53 16.57 15.40 13.14 8.18 5.40 5.55 4.82 0.00 2.26
19.27 16.86 16.79 13.29 0.00 0.00 7.66 6.13 7.59 8.61 6.86 5.40 5.84 7.66 7.88 7.74 8.69 8.54 8.54 8.32 7.96 5.55 3.58 0.00 0.00 5.26 4.82 0.00 3.29 6.13 6.42 5.77 10.22 11.24 9.13 9.34 9.63 12.33 13.41 11.06 8.76 5.18 4.23 4.23 3.94 0.00 3.29 2.26 0.00 0.00 0.00 0.00 3.14 0.00 0.00 0.00 0.00 0.00 1.61 0.00 0.00 0.00 5.48 7.37 9.56 13.29 18.25 14.89 14.89 9.78 8.61 12.19 17.96 19.35 16.72 17.23 18.47 20.44 12.34 7.74 6.28 4.89 0.00 0.00
18.47 18.76 19.05 14.75 10.22 13.94 16.72 14.97 11.87 12.85 12.56 8.83 5.18 3.87 4.74 4.96 4.74 0.00 0.00 5.62 5.62 4.45 0.00 0.00 0.00 0.00 4.09 2.36 0.00 0.00 4.89 5.48 8.25 9.86 11.39 11.17 10.22 9.64 12.60 11.75 8.44 8.61 8.03 8.03 6.06 5.33 4.82 5.04 5.69 0.00 1.39 0.00 0.00 0.00 0.00 0.00 2.19 3.80 5.04 4.60 3.58 3.87 0.00 2.99 3.14 7.59 8.18 5.04 5.04 5.33 7.66 10.73 11.97 14.60 14.38 17.23 16.35 15.70 13.36 10.73 7.01 0.00 0.00 0.00
0.00 0.00 6.79 10.37 12.78 22.78 28.11 22.78 16.55 12.63 10.22 3.72 0.00 5.99 4.31 0.00 0.00 0.00 0.00 0.00 0.00 0.00 0.00 0.00 0.00 0.00 0.00 2.77 3.93 0.00 3.71 4.18 5.72 6.94 8.47 10.07 11.97 10.99 11.02 12.12 9.95 9.56 9.78 9.78 9.20 9.93 9.27 7.96 6.20 5.62 5.04 0.00 0.00 0.00 0.00 0.00 0.00 3.72 5.04 4.53 0.00 0.00 0.00 0.00 2.70 2.77 3.21 4.23 4.23 7.15 9.71 9.71 0.00 7.37 0.00 10.00 0.00 0.00 12.05 12.19 9.64 5.62 4.53 0.00
0.00 0.00 6.79 10.37 12.78 22.78 28.11 22.78 16.13 12.63 10.22 3.72 0.00 5.99 4.31 0.00 0.00 0.00 0.00 0.00 0.00 0.00 0.00 0.00 0.00 0.00 0.00 2.77 3.87 0.00 3.58 4.16 5.55 6.94 8.51 10.12 11.97 10.93 11.13 12.12 9.86 9.56 9.78 9.78 9.20 9.93 9.27 7.96 6.20 5.62 5.04 0.00 0.00 0.00 0.00 0.00 0.00 3.72 5.04 4.53 0.00 0.00 0.00 0.00 2.70 2.77 3.21 4.23 4.23 7.15 9.71 9.71 0.00 7.37 0.00 10.00 0.00 0.00 12.05 12.19 9.64 5.62 4.53 0.00
0.00 0.00 0.00 0.00 7.08 9.64 13.36 14.01 13.49 12.05 7.23 0.00 0.00 5.18 0.00 3.36 0.51 0.00 0.00 0.00 0.00 0.00 0.00 0.00 0.66 0.00 0.00 0.00 0.00 0.00 0.00 0.00 0.00 0.00 0.00 6.13 6.35 8.83 8.22 7.30 6.50 6.42 9.78 9.78 10.59 11.39 12.85 13.51 11.61 7.37 4.96 2.99 0.00 0.00 2.99 2.70 2.63 3.58 0.00 0.00 3.07 0.00 0.00 0.00 0.00 0.00 4.23 4.16 4.16 4.31 4.23 7.01 0.00 0.00 0.00 0.00 0.00 0.00 0.00 0.00 8.18 0.00 0.00 0.00
0.00 0.00 0.00 0.00 0.00 5.62 5.33 5.93 0.00 0.00 0.00 5.55 5.26 3.36 0.66 0.00 0.00 0.00 0.00 0.00 0.00 0.00 0.00 0.00 0.00 0.00 0.00 0.00 0.00 0.00 0.00 0.00 0.00 0.00 3.72 3.36 0.00 4.09 3.65 5.40 5.84 5.11 7.01 7.01 6.06 6.79 8.47 10.51 12.19 11.32 8.61 7.30 3.80 1.83 0.00 0.00 0.44 2.34 3.94 3.29 0.00 3.80 0.00 0.00 0.00 0.00 0.00 2.56 2.56 3.72 2.56 0.00 0.00 0.00 0.00 0.00 0.00 0.00 0.00 0.00 0.00 0.00 0.00 0.00
