Wansh/Snow_depth/snowdepth-1984/winter/1984359.txt
ncols 321
nrows 161
xllcenter 60
yllcenter 15 
cellsize  0.25 
NODATA_value -1
[rows 0 to 36 of 161, columns 168 to 251 of 321]
4.60 5.04 5.18 5.55 6.35 7.01 7.45 8.03 7.88 7.88 8.91 8.76 8.03 7.59 8.54 9.93 11.39 12.92 14.02 14.75 12.99 11.10 10.59 9.42 5.84 0.88 0.00 0.00 0.00 0.00 0.00 0.37 9.86 16.50 15.55 15.55 18.47 17.52 19.13 21.46 22.70 24.02 26.06 30.59 30.95 32.85 34.02 30.95 28.03 22.56 19.49 20.66 21.02 19.86 21.46 26.79 30.15 30.73 28.47 26.94 26.94 25.04 27.59 29.57 30.44 32.92 32.78 31.24 28.25 25.92 23.94 22.27 22.19 21.97 22.34 22.27 22.92 22.19 21.39 19.64 17.23 15.77 15.33 13.94
7.23 6.28 5.69 5.69 5.84 7.30 7.23 7.37 7.88 7.88 7.30 7.08 8.32 8.32 8.76 9.64 10.51 11.83 12.41 10.95 10.66 10.95 11.61 9.71 3.21 0.00 0.00 0.00 0.00 0.00 0.00 5.55 10.37 12.12 11.53 11.53 11.24 16.50 21.68 26.06 26.57 30.66 33.14 35.62 38.40 32.05 20.37 23.51 23.07 22.19 21.97 20.08 20.00 21.61 23.87 28.76 31.03 31.24 29.64 27.67 27.67 27.67 28.76 30.30 31.61 31.32 30.15 28.47 24.75 23.94 24.75 24.02 23.94 21.97 20.37 20.29 21.02 20.08 18.61 17.16 15.55 14.60 14.16 11.83
8.40 8.03 7.15 4.38 4.16 4.67 5.91 6.20 5.04 5.04 5.99 5.11 5.04 3.94 7.66 8.98 9.34 10.59 10.15 10.73 11.39 11.53 10.51 4.38 0.00 0.00 0.00 0.00 0.00 0.00 0.00 3.87 12.19 9.20 11.24 11.24 14.82 20.44 29.71 33.14 31.76 31.76 33.94 29.57 24.97 22.63 17.16 16.13 17.81 17.74 19.20 22.19 21.83 22.19 23.00 21.75 21.68 23.65 26.35 26.13 26.13 25.48 26.57 27.45 27.45 26.72 27.52 27.01 25.33 24.45 24.67 24.31 21.83 20.88 19.49 18.83 19.56 19.71 18.98 17.30 15.70 15.62 15.91 13.80
8.40 8.03 7.15 4.38 4.16 4.67 5.91 6.20 5.04 5.04 5.99 5.11 5.04 3.94 7.66 8.98 9.34 10.59 10.15 10.73 11.39 11.53 10.51 4.38 0.00 0.00 0.00 0.00 0.00 0.00 0.00 3.87 12.19 9.20 11.24 11.24 14.82 20.44 29.71 33.14 31.76 31.76 33.94 29.57 24.97 22.63 17.16 16.13 17.81 17.74 19.20 22.19 21.83 22.19 23.00 21.75 21.68 23.65 26.35 26.13 26.13 25.48 26.57 27.45 27.45 26.72 27.52 27.01 25.33 24.45 24.67 24.31 21.83 20.88 19.49 18.83 19.56 19.71 18.98 17.30 15.70 15.62 15.91 13.80
7.96 4.82 3.14 2.19 1.75 0.73 2.92 4.82 5.62 5.62 4.74 6.06 6.57 5.48 5.77 5.18 6.06 6.57 7.23 9.86 10.51 8.03 3.36 0.00 0.00 0.00 0.00 0.00 0.00 0.00 2.85 9.20 8.32 10.66 13.87 13.87 18.54 26.50 28.11 28.47 28.32 25.40 20.22 17.01 13.07 11.39 11.97 12.85 13.87 14.24 15.62 16.86 17.67 20.66 21.83 19.64 18.54 22.27 24.82 25.84 25.84 24.53 23.94 25.84 25.26 24.67 24.16 23.58 23.43 22.41 21.97 21.90 21.97 20.00 17.23 16.43 16.21 16.50 17.08 17.16 16.86 15.70 15.70 13.94
7.23 4.67 1.46 0.15 1.10 1.90 3.14 4.38 4.82 4.82 5.48 6.06 4.82 4.16 4.09 3.14 3.80 4.31 4.53 4.82 4.09 0.00 0.00 0.00 0.00 0.00 0.00 0.00 0.00 0.29 8.10 9.34 10.15 15.04 17.30 17.30 18.61 18.61 16.57 11.90 13.51 15.26 16.28 16.06 15.55 13.94 14.31 11.02 11.90 12.34 15.70 18.03 16.79 15.18 16.64 18.61 17.45 17.74 19.35 23.65 23.65 24.75 26.79 26.65 24.45 21.17 19.56 17.96 19.93 20.66 22.19 22.70 20.88 18.40 16.86 14.97 14.82 16.94 17.89 16.64 15.84 14.82 14.24 13.94
10.29 8.40 5.62 4.23 3.72 3.72 4.45 3.80 3.94 3.94 3.50 2.41 3.21 3.43 2.19 2.04 5.04 5.55 2.92 1.46 0.00 0.00 0.00 0.00 0.00 0.00 0.00 0.00 0.00 5.77 11.75 12.34 16.64 17.52 18.47 18.47 16.35 14.31 12.63 11.83 11.17 8.61 10.51 12.12 12.63 10.22 12.34 14.16 14.09 16.79 15.84 14.60 13.51 14.24 15.70 14.60 13.80 14.31 16.13 17.74 17.74 19.86 22.85 22.19 19.71 17.96 17.67 17.89 17.74 17.45 16.79 16.94 16.79 15.99 14.60 13.65 14.09 13.87 13.51 14.60 15.90 16.91 16.11 16.71
10.29 8.40 5.62 4.23 3.72 3.72 4.45 3.80 3.94 3.94 3.50 2.41 3.21 3.43 2.19 2.04 5.04 5.55 2.92 1.46 0.00 0.00 0.00 0.00 0.00 0.00 0.00 0.00 0.00 5.77 11.75 12.34 16.64 17.52 18.47 18.47 16.35 14.31 12.63 11.83 11.17 8.61 10.51 12.12 12.63 10.22 12.34 14.16 14.09 16.79 15.84 14.60 13.51 14.24 15.70 14.60 13.80 14.31 16.13 17.74 17.74 19.86 22.85 22.19 19.71 17.96 17.67 17.89 17.74 17.45 16.79 16.94 16.79 15.99 14.60 15.78 19.43 19.96 18.50 24.81 26.25 22.50 20.73 17.34
11.68 10.95 9.86 9.27 7.88 8.25 6.06 6.20 5.48 5.48 5.99 5.18 3.14 3.72 2.92 1.10 0.58 0.00 0.00 0.00 0.00 0.00 0.00 0.00 0.00 0.00 0.00 4.09 6.13 11.53 11.61 12.63 14.31 17.81 22.56 22.56 19.13 16.64 15.11 14.89 14.31 14.60 14.31 15.04 14.89 14.24 12.05 16.06 21.02 21.61 15.55 12.05 13.29 11.61 9.78 11.90 12.19 12.63 11.83 12.26 12.26 14.53 17.16 18.32 17.59 16.50 15.84 16.28 16.13 17.37 17.23 16.64 15.04 14.83 18.27 20.62 22.14 20.79 17.90 23.90 21.48 18.09 19.36 19.38
12.05 13.51 13.14 12.05 11.53 10.29 9.13 8.25 7.15 7.15 6.79 5.33 4.67 4.31 0.00 0.00 0.00 0.00 0.00 0.00 0.00 0.00 0.00 0.00 0.00 3.80 12.70 9.49 11.90 13.94 14.45 13.72 14.60 15.55 17.45 17.45 18.32 17.52 15.99 16.21 16.06 16.50 16.28 17.30 15.77 15.55 17.30 16.28 18.18 17.01 14.82 12.19 12.19 11.97 11.02 10.59 11.68 12.05 12.34 14.38 14.38 15.62 16.57 18.18 18.83 17.67 15.77 15.40 15.77 17.81 18.03 16.28 15.48 18.22 20.69 21.20 21.69 27.05 29.45 26.96 23.49 22.05 23.62 26.41
10.29 10.44 11.53 13.51 14.97 13.51 11.75 10.00 7.74 7.74 6.86 5.33 3.72 0.22 0.00 0.00 0.00 0.00 0.00 0.00 0.00 0.00 2.34 6.86 6.94 10.44 13.14 12.19 13.43 12.78 13.21 14.75 15.33 16.21 17.37 17.37 17.23 16.13 16.06 18.10 18.98 17.89 17.01 18.18 16.21 14.45 12.12 12.78 12.56 14.09 12.70 11.75 14.53 14.31 14.75 15.11 15.77 14.89 14.67 15.18 15.18 16.43 15.33 16.13 16.43 15.33 14.24 13.43 12.78 12.99 15.18 15.18 15.57 15.19 13.92 18.68 25.05 24.88 20.89 24.33 25.42 25.41 20.04 19.78
10.29 10.44 11.53 13.51 14.97 13.51 11.75 10.00 7.74 7.74 6.86 5.33 3.72 0.22 0.00 0.00 0.00 0.00 0.00 0.00 0.00 0.00 2.34 6.86 6.94 10.44 13.14 12.19 13.43 12.78 13.21 14.75 15.33 16.21 17.37 17.37 17.23 16.13 16.06 18.10 18.98 17.89 17.01 18.18 16.21 14.45 12.12 12.78 12.56 14.09 12.70 11.75 14.53 14.31 14.75 15.11 15.77 14.89 14.67 15.18 15.18 16.43 15.33 16.13 16.43 15.33 14.24 13.43 12.78 12.99 15.18 15.18 15.18 14.97 13.51 17.35 22.32 23.04 22.28 25.25 25.42 24.86 22.01 21.16
13.21 11.32 9.64 10.00 8.76 7.74 7.96 6.86 0.00 0.00 0.00 0.00 0.00 0.00 0.00 0.00 0.00 0.00 0.00 0.00 7.52 9.20 8.54 10.29 7.01 7.66 9.20 10.59 12.56 13.72 13.51 14.38 16.06 17.08 16.72 16.72 16.79 15.99 17.01 19.35 19.86 18.18 18.91 18.18 16.06 11.02 10.29 13.58 12.70 11.83 13.07 14.16 15.33 17.08 17.37 17.52 18.40 17.89 16.86 15.62 15.62 16.72 16.21 15.11 15.91 15.04 14.60 15.62 15.18 15.40 16.21 15.04 14.45 14.82 14.23 17.50 20.46 19.78 20.78 23.75 23.12 24.91 24.15 24.10
9.13 9.93 9.49 8.10 6.57 5.11 8.25 0.00 0.00 0.00 0.00 0.00 0.00 0.00 0.00 0.00 0.00 0.00 3.29 4.60 10.00 10.07 9.93 9.71 9.34 10.37 11.83 13.14 13.21 14.67 14.45 13.87 14.53 15.40 14.09 14.09 13.94 15.26 16.72 16.94 17.23 16.57 14.24 14.67 14.38 12.70 12.19 13.94 13.72 13.07 14.02 13.72 14.31 15.77 14.75 14.09 15.04 14.45 13.94 15.33 15.33 16.94 17.37 18.03 17.23 15.91 16.21 17.30 17.01 17.67 17.89 17.23 16.21 16.74 20.00 20.76 17.46 21.79 25.61 21.72 23.79 22.32 21.50 23.78
12.99 14.24 12.99 12.48 11.24 8.03 7.01 0.00 0.00 0.00 0.00 0.00 0.00 0.00 0.00 0.00 0.44 2.26 4.31 7.96 9.42 10.44 10.88 12.05 11.24 9.93 11.68 12.78 13.07 12.26 12.26 12.12 11.75 11.97 12.34 12.34 13.14 14.16 14.82 15.77 13.65 11.17 12.48 11.32 13.14 13.72 12.26 13.72 13.36 12.41 11.75 11.10 11.10 10.73 10.44 11.17 11.90 12.99 14.89 15.33 15.33 17.30 16.72 16.94 16.86 15.84 16.57 15.11 14.97 16.21 16.57 15.99 15.38 16.41 16.49 18.58 21.15 25.52 22.23 21.53 22.05 21.43 22.97 20.56
18.91 18.18 16.21 16.57 16.64 16.57 11.53 7.01 3.80 3.80 2.19 4.82 6.06 3.72 2.77 2.56 3.94 4.82 7.81 7.52 8.25 10.80 13.07 13.14 12.99 10.80 10.37 10.80 11.24 12.26 11.39 11.32 11.97 12.12 11.39 11.39 11.75 11.90 11.83 10.95 9.71 11.32 11.17 11.97 12.56 11.61 12.12 12.41 13.07 11.83 11.32 9.71 10.88 11.02 8.69 8.91 10.80 13.94 14.67 14.60 14.60 13.87 13.58 11.83 9.78 11.24 11.39 8.47 6.42 10.15 12.48 14.37 17.63 18.40 20.57 20.10 24.12 21.02 22.56 22.15 22.35 25.20 23.91 22.34
18.91 18.18 16.21 16.57 16.64 16.57 11.53 7.01 3.80 3.80 2.19 4.82 6.06 3.72 2.77 2.56 3.94 4.82 7.81 7.52 8.25 10.80 13.07 13.14 12.99 10.80 10.37 10.80 11.24 12.26 11.39 11.32 11.97 12.12 11.39 11.39 11.75 11.90 11.83 10.95 9.71 11.32 11.17 11.97 12.56 11.61 12.12 12.41 13.07 11.83 11.32 9.71 10.88 11.02 8.69 8.91 10.80 13.94 14.67 14.60 14.60 13.87 13.58 11.83 9.78 11.24 11.39 8.47 6.42 10.15 12.48 17.65 16.52 20.00 18.47 24.87 24.48 23.24 23.01 19.97 21.61 21.67 26.00 25.36
13.80 14.31 14.53 13.29 10.66 10.15 9.86 9.56 9.05 9.05 9.86 9.56 9.20 5.77 5.11 5.55 4.45 5.84 7.15 7.37 7.01 8.18 10.22 11.75 11.10 10.88 10.80 9.86 9.42 10.37 10.51 10.73 9.27 10.66 12.26 12.26 12.78 11.83 10.73 11.75 15.70 15.77 15.99 16.79 11.10 11.10 10.66 9.86 9.49 8.54 8.83 7.74 7.37 6.86 6.42 6.20 7.59 11.02 11.68 6.28 6.28 6.72 7.37 7.59 6.57 6.13 4.67 4.23 5.04 8.54 13.24 14.22 15.85 14.78 16.66 24.25 24.06 19.89 18.88 22.87 22.59 21.70 22.32 20.68
11.53 12.05 10.95 10.88 10.73 9.78 9.64 8.91 8.10 8.10 7.59 8.91 8.98 7.81 7.88 8.47 8.61 9.42 10.07 9.34 8.83 8.69 9.42 9.05 8.47 9.49 9.49 8.98 9.42 7.37 8.25 10.15 10.66 11.53 12.48 12.48 12.19 13.80 15.40 14.82 14.09 13.07 11.39 9.93 8.98 7.15 5.69 6.35 3.58 3.58 3.80 4.96 4.89 5.40 4.38 4.45 5.40 6.35 5.62 4.74 4.74 4.53 4.38 3.43 2.63 2.26 2.12 3.14 5.33 8.66 11.72 12.83 13.03 14.06 14.95 17.11 18.77 20.65 21.21 23.38 19.44 19.98 18.76 17.58
10.37 10.66 10.95 11.32 11.61 10.51 9.34 9.64 9.64 9.64 9.93 9.93 10.37 10.59 11.32 11.24 10.22 9.56 11.39 12.41 12.92 11.68 10.51 9.86 9.34 10.00 9.20 9.05 9.86 10.00 10.15 12.34 13.72 12.26 12.12 12.12 11.75 12.41 13.36 12.48 13.51 12.34 9.05 7.74 5.99 3.94 4.31 3.72 3.43 4.82 3.72 3.43 4.16 4.53 0.00 3.72 4.16 6.20 6.79 4.31 4.31 2.34 1.83 1.90 2.26 1.53 0.00 1.10 2.85 4.09 6.86 11.97 13.58 16.06 18.18 19.79 19.82 24.33 25.05 18.91 13.49 11.95 14.60 13.76
9.49 10.44 10.07 10.29 11.46 10.59 9.20 9.34 9.49 9.49 10.00 11.02 10.95 10.44 9.42 10.73 10.59 12.34 13.14 14.67 16.28 17.01 13.51 10.73 7.74 8.54 8.32 6.79 9.05 13.07 14.16 14.53 13.65 12.34 13.87 13.87 12.56 10.95 9.93 5.55 8.40 9.64 7.15 7.01 7.37 6.50 5.40 5.48 4.89 6.06 5.91 4.67 3.21 4.16 4.09 4.23 4.53 5.04 5.99 5.55 5.55 4.09 1.90 0.37 1.02 0.00 0.58 1.10 1.17 2.56 5.69 10.44 13.14 16.06 18.82 20.39 20.94 17.82 22.57 17.14 14.97 12.60 12.76 11.17
8.32 10.15 10.95 9.93 9.42 9.56 10.44 9.86 7.96 7.96 8.76 11.10 12.85 12.92 11.61 10.22 12.78 16.94 17.37 16.13 14.89 11.97 9.49 9.49 9.56 11.46 10.29 9.34 11.24 15.04 15.91 14.16 13.80 14.24 15.48 15.48 12.41 9.86 8.98 9.93 8.91 8.91 7.37 7.15 7.96 8.18 6.35 4.53 5.48 5.84 5.62 4.23 3.94 4.02 4.45 6.20 6.28 5.48 4.38 3.80 3.80 1.68 0.00 0.00 0.00 0.00 1.02 1.83 2.63 3.14 5.91 10.00 11.90 14.24 15.97 18.76 23.80 18.23 20.48 16.45 14.23 11.23 13.06 12.04
8.32 10.15 10.95 9.93 9.42 9.56 10.44 9.86 7.96 7.96 8.76 11.10 12.85 12.92 11.61 10.22 12.78 16.94 17.37 16.13 14.89 11.97 9.49 9.49 9.56 11.46 10.29 9.34 11.24 15.04 15.91 14.16 13.80 14.24 15.48 15.48 12.41 9.86 8.98 9.93 8.91 8.91 7.37 7.15 7.96 8.18 6.35 4.53 5.48 5.84 5.62 4.23 3.94 4.02 4.45 6.20 6.28 5.48 4.38 3.80 3.80 1.68 0.00 0.00 0.00 0.00 1.02 1.83 2.63 3.14 5.91 10.00 11.90 14.24 15.33 18.86 18.48 16.04 17.15 19.15 17.41 11.47 10.23 11.10
5.48 7.37 7.74 7.52 7.01 8.91 10.88 10.66 10.37 10.37 11.32 10.59 14.09 14.53 12.63 12.34 15.55 16.28 14.60 13.36 11.90 10.00 10.37 11.24 11.24 11.83 13.43 12.41 14.53 14.82 14.31 13.21 12.19 10.44 9.56 9.56 9.05 9.64 11.53 11.46 10.00 9.05 7.37 9.42 9.71 8.25 7.23 6.20 5.99 5.84 5.91 5.04 4.02 4.16 2.63 2.77 3.36 3.14 2.12 0.00 0.00 0.00 0.00 0.00 0.00 0.00 2.56 3.72 3.07 3.50 2.48 5.26 9.27 11.24 12.12 14.60 16.29 21.58 20.37 16.98 17.14 9.37 13.15 12.78
3.72 4.09 4.09 5.26 6.86 9.13 11.61 12.34 12.41 12.41 12.99 13.14 13.21 8.47 7.96 8.10 11.17 13.80 13.87 12.34 10.66 8.54 10.07 11.17 10.95 12.78 14.60 14.53 13.14 12.26 12.41 10.73 10.44 10.15 11.02 11.02 12.26 12.78 13.07 12.70 11.83 12.99 11.90 12.63 11.53 9.86 8.47 7.23 5.40 3.36 2.41 2.34 0.37 0.00 1.61 1.83 0.29 0.15 0.00 0.00 0.00 0.00 0.00 0.00 0.00 0.44 2.70 4.09 3.43 4.09 5.55 6.86 8.03 8.32 11.23 14.05 14.68 16.64 20.36 20.69 14.48 9.85 10.43 11.61
3.80 4.09 3.50 4.31 6.13 6.50 9.13 14.31 12.63 12.63 11.17 11.53 7.81 8.18 7.74 8.03 8.25 10.44 11.75 12.78 12.19 10.51 11.10 13.36 11.75 11.02 14.02 15.33 14.02 11.46 10.37 10.22 10.29 10.44 12.34 12.34 14.89 13.72 10.95 12.26 12.34 12.34 11.32 11.10 10.95 10.22 9.20 8.83 6.64 5.33 4.09 3.94 3.14 2.04 1.39 1.75 1.75 0.00 0.00 0.00 0.00 0.00 0.00 0.00 2.12 3.36 4.82 5.04 5.18 5.77 7.01 7.88 9.12 11.06 13.56 16.56 16.17 14.68 16.05 12.69 10.71 9.77 10.01 12.43
4.53 4.60 4.31 2.92 2.56 3.65 4.89 7.96 7.88 7.88 9.71 9.64 6.94 7.01 9.49 10.29 8.83 10.00 10.37 10.95 14.97 16.64 16.86 15.04 12.63 11.46 13.21 14.75 14.67 10.00 7.59 8.54 10.73 10.51 10.73 10.73 10.88 10.29 9.78 9.49 8.40 7.08 7.96 7.37 7.81 7.52 7.59 7.01 4.89 5.55 6.50 6.57 5.33 3.58 1.83 1.75 3.07 1.02 0.00 0.00 0.00 0.00 0.00 0.00 2.48 3.50 4.45 4.96 4.53 5.84 7.08 8.25 11.21 13.63 17.86 19.06 18.54 18.68 17.40 11.61 12.20 8.74 11.46 12.04
6.79 6.50 6.13 5.11 0.00 0.00 2.77 3.65 4.96 4.96 5.40 2.99 4.23 6.06 8.10 7.37 8.32 9.42 9.42 9.05 14.16 15.04 13.87 11.90 8.03 6.86 9.64 9.93 8.10 6.42 5.69 5.48 7.52 7.01 6.86 6.86 8.32 8.32 8.76 8.47 7.23 8.10 7.96 6.35 4.53 5.11 4.67 0.00 2.99 0.00 3.36 4.23 0.00 0.00 0.00 0.00 0.00 0.00 0.00 0.37 0.37 0.58 0.00 0.00 0.00 2.99 0.00 4.74 6.72 8.47 10.56 13.66 16.23 17.15 18.77 18.67 14.82 16.42 14.10 12.58 11.02 8.40 8.05 7.11
6.79 6.50 6.13 5.11 0.00 0.00 2.77 3.65 4.96 4.96 5.40 2.99 4.23 6.06 8.10 7.37 8.32 9.42 9.42 9.05 14.16 15.04 13.87 11.90 8.03 6.86 9.64 9.93 8.10 6.42 5.69 5.48 7.52 7.01 6.86 6.86 8.32 8.32 8.76 8.47 7.23 8.10 7.96 6.35 4.53 5.11 4.67 0.00 2.99 0.00 3.36 4.23 0.00 0.00 0.00 0.00 0.00 0.00 0.00 0.37 0.37 0.58 0.00 0.00 0.00 2.99 0.00 4.74 6.72 8.47 10.61 13.51 14.68 19.11 20.03 21.78 17.21 15.90 14.73 12.22 11.66 9.96 7.35 6.04
0.00 6.06 7.08 5.55 3.07 0.00 2.41 2.77 2.99 2.99 2.48 2.85 3.07 4.23 5.33 5.62 7.59 8.18 7.59 8.03 8.91 8.54 5.69 5.69 6.50 8.03 8.54 7.74 7.52 5.91 4.89 4.23 2.99 2.56 2.48 2.48 0.00 2.99 5.26 5.48 5.91 5.91 4.45 4.60 3.80 3.72 3.94 3.43 0.00 0.00 0.00 0.00 0.00 0.00 0.00 0.00 0.00 0.00 0.00 0.00 0.00 0.00 0.00 0.00 0.00 0.00 2.70 3.50 6.38 9.51 11.80 13.72 18.45 20.52 21.45 16.61 13.20 10.53 10.46 9.06 8.25 9.48 6.21 5.02
2.92 0.00 3.07 0.00 3.21 0.00 0.00 0.00 0.00 0.00 0.95 0.22 0.00 3.43 4.23 4.45 5.04 5.62 5.11 5.26 5.55 5.33 4.53 3.94 4.74 6.64 5.62 4.67 4.23 3.72 3.14 2.19 1.90 3.07 2.48 2.48 0.00 0.00 0.00 0.00 0.00 0.00 1.68 0.66 0.00 0.00 2.41 0.00 0.00 0.00 0.00 0.00 0.00 0.00 0.00 0.00 0.00 0.00 0.00 0.00 0.00 0.00 0.00 0.00 0.00 0.00 2.70 4.96 7.52 8.83 11.24 15.50 18.71 20.62 12.55 7.48 7.11 7.03 7.09 8.00 5.99 4.72 4.36 5.12
4.74 4.23 0.00 1.10 0.00 0.00 0.00 0.00 1.61 1.61 2.04 0.66 0.44 2.77 2.99 3.21 4.16 4.02 4.16 2.70 2.26 2.70 2.19 2.04 1.83 2.26 3.50 3.87 2.34 3.58 3.80 2.12 3.21 2.26 0.00 0.00 0.00 0.00 0.00 0.00 0.00 0.00 1.46 0.00 0.00 0.00 0.00 0.00 0.00 0.00 0.00 0.00 0.00 0.00 0.00 0.00 1.17 0.00 0.00 0.58 0.58 0.37 0.29 0.00 0.00 0.00 0.00 4.67 6.42 7.66 11.17 15.29 17.58 17.24 12.32 9.77 5.73 4.90 6.79 9.27 4.87 3.47 2.15 1.33
3.14 3.36 0.00 0.00 0.00 0.00 0.00 0.00 0.00 0.00 0.00 1.68 0.00 0.00 3.14 0.00 2.99 3.80 3.58 2.12 0.00 2.70 3.58 3.43 0.44 0.22 1.31 1.97 1.39 1.02 1.46 2.26 2.26 1.97 0.00 0.00 0.00 0.00 0.00 0.00 0.00 3.43 3.80 4.16 0.00 0.00 1.68 0.00 0.00 0.00 0.00 0.00 0.00 0.00 0.00 0.00 0.00 0.00 0.00 0.00 0.00 0.00 0.00 0.00 0.00 3.50 3.50 5.18 6.50 7.30 10.15 15.19 15.98 13.12 11.01 4.67 3.97 4.04 3.79 3.81 3.57 2.86 1.72 1.11
2.63 0.00 0.00 0.00 0.00 2.48 0.00 0.00 0.00 0.00 0.00 0.00 0.00 5.04 5.04 5.04 5.40 3.80 0.00 0.00 0.00 2.34 2.41 2.41 1.68 1.61 1.10 0.66 1.75 1.83 0.00 0.00 0.00 0.00 0.00 0.00 0.00 0.00 0.00 0.00 0.00 0.00 0.00 2.56 0.00 0.00 0.00 0.00 0.00 0.00 0.00 0.00 0.00 0.00 0.00 0.00 0.00 0.00 0.00 0.00 0.00 0.00 0.00 0.00 0.66 2.77 3.72 5.11 6.50 6.50 7.45 9.56 8.19 5.25 5.95 4.95 4.22 2.22 3.54 3.38 1.39 1.70 2.34 2.21
0.00 0.00 0.00 5.04 0.00 0.00 0.00 0.00 0.00 0.00 0.00 4.96 5.18 5.84 4.74 3.58 2.92 0.00 0.00 0.00 0.00 1.02 2.63 2.99 2.92 3.87 3.87 3.07 0.00 0.00 0.00 0.00 0.00 0.00 0.00 0.00 0.00 0.00 0.00 0.00 0.00 0.00 0.00 0.00 0.00 0.00 0.00 0.00 0.00 0.00 0.00 0.00 0.00 0.00 0.00 0.00 0.00 0.00 0.00 0.00 0.00 0.00 0.00 0.00 0.00 1.10 2.70 4.09 5.77 5.77 5.40 6.16 4.39 3.20 4.35 3.44 2.07 0.00 2.61 2.50 1.82 1.31 0.37 0.60
0.00 0.00 0.00 5.04 0.00 0.00 0.00 0.00 0.00 0.00 0.00 4.96 5.18 5.84 4.74 3.58 2.92 0.00 0.00 0.00 0.00 1.02 2.63 2.99 2.92 3.87 3.87 3.07 0.00 0.00 0.00 0.00 0.00 0.00 0.00 0.00 0.00 0.00 0.00 0.00 0.00 0.00 0.00 0.00 0.00 0.00 0.00 0.00 0.00 0.00 0.00 0.00 0.00 0.00 0.00 0.00 0.00 0.00 0.00 0.00 0.00 0.00 0.00 0.00 0.00 1.10 2.70 4.09 5.77 5.77 5.40 6.13 4.33 3.15 4.35 3.59 1.85 0.00 2.55 2.62 1.78 1.38 0.37 0.58
0.00 0.00 5.11 6.35 6.57 0.00 5.26 0.00 0.00 0.00 6.28 5.18 5.40 4.82 0.00 0.00 0.00 0.00 0.00 0.00 0.00 2.48 3.29 4.09 5.18 4.74 4.02 0.00 3.07 3.65 0.00 0.00 0.00 0.00 0.00 0.00 0.00 0.00 0.00 0.00 0.00 0.00 0.00 3.58 0.00 0.00 0.00 0.00 0.00 0.00 0.00 0.00 0.00 0.00 0.00 0.00 0.00 0.00 0.00 0.00 0.00 0.00 0.00 0.00 0.00 0.00 2.26 1.39 1.97 4.67 3.65 2.63 2.92 2.29 2.71 1.37 1.86 2.03 2.28 0.30 0.00 0.00 1.48 1.72
