Wansh/Snow_depth/snowdepth-1984/winter/1984362.txt
ncols 321
nrows 161
xllcenter 60
yllcenter 15 
cellsize  0.25 
NODATA_value -1
[rows 0 to 36 of 161, columns 84 to 167 of 321]
11.02 13.65 11.02 13.43 12.05 10.44 8.25 7.81 9.93 12.99 13.29 13.51 13.87 14.31 13.58 11.68 12.05 12.78 12.78 12.41 12.12 11.68 11.02 8.91 6.35 4.96 4.67 3.94 3.80 4.45 6.79 9.56 9.93 9.78 7.88 7.59 7.74 7.66 9.49 5.04 4.67 4.38 4.23 4.23 3.14 2.70 3.07 3.65 4.96 7.52 10.80 10.73 8.83 8.25 8.03 7.23 7.59 7.37 7.01 6.57 4.09 4.02 3.29 2.70 5.04 3.94 2.12 3.80 3.80 6.13 6.42 6.50 7.30 7.30 7.23 7.66 6.72 7.37 7.01 5.77 6.86 7.23 5.99 5.77
12.41 13.51 11.97 13.14 11.75 8.47 6.42 6.20 9.20 10.51 10.95 10.44 7.37 6.79 7.66 8.69 10.44 11.39 11.39 11.97 11.97 11.97 11.61 9.78 7.74 4.74 4.45 4.45 4.02 4.23 4.96 7.45 9.56 8.47 5.33 0.00 0.00 3.87 0.00 4.23 6.13 7.96 8.69 8.69 6.79 6.50 6.13 4.53 4.45 3.87 5.04 6.13 5.91 5.48 6.50 6.86 7.45 11.17 9.64 8.91 7.88 6.79 6.57 3.80 4.53 5.62 5.40 7.23 7.23 9.42 9.05 6.20 5.55 5.18 5.62 5.91 5.77 5.18 6.79 7.74 8.47 9.56 8.76 7.74
9.78 12.63 10.66 10.59 10.22 10.07 10.44 12.63 13.43 14.02 13.94 12.78 9.93 8.47 6.72 5.33 7.74 9.71 9.71 10.95 11.61 12.48 12.63 10.07 7.15 6.28 6.28 5.33 4.23 4.02 3.80 4.74 6.06 6.94 6.86 4.38 4.67 2.85 1.83 1.68 0.00 0.00 4.82 4.82 7.08 8.76 9.42 7.23 6.13 5.04 4.23 4.89 3.36 4.60 5.91 8.25 10.44 11.17 13.80 11.24 10.15 10.88 12.63 11.02 8.40 8.03 10.22 10.95 10.95 11.10 8.98 7.23 5.33 5.33 6.72 8.83 10.15 9.86 10.07 9.71 10.37 9.86 8.69 7.37
9.78 12.63 10.66 10.59 10.22 10.07 10.44 12.63 13.43 14.02 13.94 12.78 9.93 8.47 6.72 5.33 7.74 9.71 9.71 10.95 11.61 12.48 12.63 10.07 7.15 6.28 6.28 5.33 4.23 4.02 3.80 4.74 6.06 6.94 6.86 4.38 4.67 2.85 1.83 1.68 0.00 0.00 4.82 4.82 7.08 8.76 9.42 7.23 6.13 5.04 4.23 4.89 3.36 4.60 5.91 8.25 10.44 11.17 13.80 11.24 10.15 10.88 12.63 11.02 8.40 8.03 10.22 10.95 10.95 11.10 8.98 7.23 5.33 5.33 6.72 8.83 10.15 9.86 10.07 9.71 10.37 9.86 8.69 7.37
11.61 9.20 8.32 8.69 11.97 12.48 13.87 12.19 14.31 15.26 14.53 13.87 11.83 11.46 11.39 8.83 5.77 4.82 4.82 5.55 8.25 10.95 12.12 12.05 10.59 6.94 5.40 4.60 3.21 2.99 3.58 3.50 4.09 9.34 9.86 9.13 4.16 4.45 3.21 1.68 0.00 0.00 0.00 0.00 5.18 7.96 10.59 11.53 10.29 7.96 5.69 5.18 4.67 6.13 5.11 5.77 6.28 7.96 9.93 12.41 11.83 13.14 13.58 13.94 12.12 11.75 10.51 10.44 10.44 9.78 7.08 6.72 8.18 8.40 8.54 10.15 12.92 14.67 14.75 13.65 12.56 11.68 8.18 8.40
15.55 13.87 13.65 12.85 11.53 9.56 8.76 9.05 11.32 12.92 13.58 16.35 16.64 16.13 17.30 17.89 15.40 11.61 11.61 8.69 6.35 6.79 9.71 13.14 12.99 9.20 5.91 5.18 5.11 3.80 3.80 5.11 6.42 6.42 8.69 7.23 4.60 2.34 0.66 0.80 0.58 0.58 0.15 0.15 0.00 5.04 9.34 10.73 9.42 7.30 5.69 4.82 3.87 5.33 5.69 7.66 7.08 6.50 8.03 11.10 12.12 12.34 15.04 15.99 14.60 12.92 10.15 8.10 8.10 7.66 8.03 9.20 9.56 9.93 8.32 7.45 7.66 10.00 11.83 13.43 13.87 12.63 11.17 9.20
16.06 16.50 16.64 15.91 15.04 13.65 12.78 12.12 13.36 12.34 10.22 11.39 13.43 14.24 15.04 15.84 14.60 12.12 12.12 10.88 8.83 6.64 6.13 7.23 6.94 6.06 5.55 5.48 5.99 6.57 5.48 5.40 6.42 6.35 7.37 7.23 4.53 1.10 0.07 0.00 0.00 0.51 2.04 2.04 3.50 5.99 8.32 9.56 10.15 8.61 7.08 6.50 6.13 7.01 7.81 8.83 10.15 11.24 14.24 11.83 13.21 16.79 18.40 17.16 16.57 15.70 14.53 12.70 12.70 11.97 12.78 13.80 14.45 14.02 13.94 11.97 11.10 10.73 8.18 8.47 10.15 11.90 12.78 11.24
16.06 16.50 16.64 15.91 15.04 13.65 12.78 12.12 13.36 12.34 10.22 11.39 13.43 14.24 15.04 15.84 14.60 12.12 12.12 10.88 8.83 6.64 6.13 7.23 6.94 6.06 5.55 5.48 5.99 6.57 5.48 5.40 6.42 6.35 7.37 7.23 4.53 1.10 0.07 0.00 0.00 0.51 2.04 2.04 3.50 5.99 8.32 9.56 10.15 8.61 7.08 6.50 6.13 7.01 7.81 8.83 10.15 11.24 14.24 11.83 13.21 16.79 18.40 17.16 16.57 15.70 14.53 12.70 12.70 11.97 12.78 13.80 14.45 14.02 13.94 11.97 11.10 10.73 8.18 8.47 10.15 11.90 12.78 11.24
13.94 13.29 14.45 15.18 16.50 15.70 13.58 12.05 11.97 10.73 8.69 6.50 9.56 12.70 14.53 15.77 14.31 11.97 11.97 11.46 11.53 10.66 8.91 7.66 6.57 6.20 6.42 6.64 6.13 7.30 7.30 4.96 5.26 9.71 10.66 7.30 3.65 2.48 2.26 2.41 1.90 2.04 2.19 2.19 4.09 5.84 6.64 7.37 7.08 8.18 7.88 8.61 9.56 9.05 9.20 8.61 9.27 9.34 8.83 10.37 11.61 13.36 13.58 13.80 15.40 16.35 16.43 15.26 15.26 14.16 16.06 17.45 16.86 16.57 14.24 12.26 10.95 12.12 11.39 10.07 9.93 9.93 10.80 11.32
14.45 15.33 14.31 14.60 14.75 13.07 12.48 11.83 10.95 8.98 7.74 8.91 10.15 11.32 12.05 12.99 12.12 10.73 10.73 11.39 11.90 11.24 8.98 6.64 6.42 5.69 7.37 6.57 6.42 5.99 6.13 6.20 6.57 10.07 9.64 7.74 5.84 5.69 5.77 6.28 5.33 5.40 6.35 6.35 7.23 7.88 9.05 9.71 10.22 11.97 14.89 15.33 15.55 13.51 8.83 9.27 8.18 7.52 7.52 7.01 6.79 7.59 7.59 7.15 10.22 10.44 12.85 13.58 13.58 14.67 15.04 17.96 16.94 13.36 10.51 10.95 12.63 14.67 15.99 12.19 10.00 8.98 7.45 8.61
13.14 12.63 13.72 13.29 12.26 10.59 8.98 9.71 8.98 7.96 6.79 6.50 8.03 7.52 7.88 8.40 8.40 9.20 9.20 10.59 11.75 10.22 7.23 6.86 4.60 5.48 6.86 5.40 6.28 7.81 6.13 5.40 7.37 6.50 7.01 8.10 7.08 8.18 7.08 6.64 7.15 7.88 8.32 8.32 8.47 8.25 8.98 10.73 10.59 11.32 12.41 12.63 13.14 9.86 8.61 10.15 10.51 9.20 8.69 7.59 7.08 7.37 7.96 9.93 11.90 13.94 17.52 22.63 22.63 22.05 19.93 17.89 18.47 16.21 11.68 9.78 11.17 13.07 12.63 11.02 9.05 10.44 11.39 11.53
13.14 12.63 13.72 13.29 12.26 10.59 8.98 9.71 8.98 7.96 6.79 6.50 8.03 7.52 7.88 8.40 8.40 9.20 9.20 10.59 11.75 10.22 7.23 6.86 4.60 5.48 6.86 5.40 6.28 7.81 6.13 5.40 7.37 6.50 7.01 8.10 7.08 8.18 7.08 6.64 7.15 7.88 8.32 8.32 8.47 8.25 8.98 10.73 10.59 11.32 12.41 12.63 13.14 9.86 8.61 10.15 10.51 9.20 8.69 7.59 7.08 7.37 7.96 9.93 11.90 13.94 17.52 22.63 22.63 22.05 19.93 17.89 18.47 16.21 11.68 9.78 11.17 13.07 12.63 11.02 9.05 10.44 11.39 11.53
12.26 14.09 12.85 9.56 6.86 5.11 4.38 5.26 5.77 4.45 4.23 4.82 6.06 6.94 8.25 8.98 9.20 9.71 9.71 11.02 11.17 9.20 7.96 6.94 6.79 5.91 5.04 4.89 6.28 6.86 6.06 7.45 8.91 8.40 9.13 10.95 13.21 11.24 10.59 11.10 11.17 10.22 8.98 8.98 7.74 6.94 8.32 9.34 9.20 10.29 11.39 10.07 8.69 9.49 10.22 11.97 14.24 17.74 16.21 11.61 8.18 7.59 7.74 9.56 10.29 13.65 17.37 20.15 20.15 21.53 21.90 20.88 18.47 17.01 15.55 12.56 11.53 11.97 13.72 13.21 13.21 14.02 15.55 15.91
13.29 11.39 7.45 4.96 3.72 0.00 4.23 6.20 6.94 8.83 8.91 8.83 11.53 12.26 11.17 9.71 9.86 9.27 9.27 8.10 7.08 6.50 7.81 9.13 8.10 6.64 6.57 6.79 8.32 9.13 11.68 13.51 12.05 11.46 13.29 15.99 14.53 13.29 11.10 10.37 10.44 11.17 9.05 9.05 8.47 9.42 10.80 12.63 14.67 14.89 13.72 11.75 10.95 10.51 11.24 11.53 12.99 14.31 13.87 13.14 15.40 15.62 15.62 15.77 15.84 16.50 19.49 22.19 22.19 23.36 25.26 25.04 21.53 18.76 17.37 15.77 13.29 12.63 12.78 13.51 12.41 9.20 10.80 11.75
11.46 8.83 7.66 8.03 7.30 6.28 6.06 7.66 9.05 11.02 10.59 10.29 10.07 11.53 11.24 11.97 11.53 9.86 9.86 8.10 8.25 9.13 10.66 9.93 8.03 8.32 10.44 11.17 10.66 15.84 16.94 15.33 13.36 13.94 13.29 11.75 10.95 9.78 9.20 9.42 10.37 11.53 12.05 12.05 11.75 12.26 13.51 14.82 17.01 16.64 15.70 14.16 12.05 12.48 13.43 13.43 18.10 17.23 11.75 9.56 10.00 13.65 14.97 16.35 17.67 19.35 19.20 17.08 17.08 18.69 20.51 20.59 16.94 12.78 12.26 11.61 7.88 4.74 4.96 11.75 16.35 16.43 14.09 13.72
9.20 8.69 8.91 9.27 8.32 5.26 5.91 8.98 7.37 8.25 8.32 10.15 10.73 10.88 10.66 11.75 12.56 12.78 12.78 11.61 9.42 10.44 13.21 12.19 11.39 9.93 8.91 9.71 13.21 16.28 17.81 16.13 12.63 12.05 10.44 8.18 7.88 7.88 8.83 10.66 11.83 11.90 11.24 11.24 12.34 11.90 11.24 11.39 11.61 12.48 12.99 6.06 10.15 11.90 10.73 12.05 14.60 13.87 10.07 8.76 10.22 10.22 10.51 10.88 14.24 15.91 17.23 16.86 16.86 19.27 21.83 17.01 13.14 12.26 12.78 14.24 8.25 0.00 0.00 10.37 18.10 18.83 17.89 19.78
9.20 8.69 8.91 9.27 8.32 5.26 5.91 8.98 7.37 8.25 8.32 10.15 10.73 10.88 10.66 11.75 12.56 12.78 12.78 11.61 9.42 10.44 13.21 12.19 11.39 9.93 8.91 9.71 13.21 16.28 17.81 16.13 12.63 12.05 10.44 8.18 7.88 7.88 8.83 10.66 11.83 11.90 11.24 11.24 12.34 11.90 11.24 11.39 11.61 12.48 12.99 6.06 10.15 11.90 10.73 12.05 14.60 13.87 10.07 8.76 10.22 10.22 10.51 10.88 14.24 15.91 17.23 16.86 16.86 19.27 21.83 17.01 13.14 12.26 12.78 14.24 8.25 0.00 0.00 10.37 18.10 18.83 17.89 19.78
8.69 9.64 9.71 9.78 10.15 6.28 4.38 5.40 5.48 5.04 5.33 7.66 9.42 10.29 10.59 9.71 10.29 10.73 10.73 8.83 7.45 7.74 9.13 9.42 12.34 13.36 10.80 9.64 11.75 13.58 15.33 16.43 15.77 12.05 8.03 4.82 6.28 7.52 9.78 12.19 13.07 12.12 11.75 11.75 11.68 11.02 9.13 9.78 10.59 11.10 11.83 12.70 13.43 11.10 9.93 11.17 11.39 10.29 9.49 11.68 13.14 12.41 12.26 10.80 12.26 13.51 15.84 17.16 17.16 20.29 20.51 16.13 13.29 14.16 14.97 13.72 8.91 0.00 5.26 14.38 15.91 13.51 13.21 13.94
11.32 12.05 11.68 11.68 11.75 9.93 7.81 6.86 5.77 6.42 6.42 8.25 11.24 13.65 14.45 14.24 13.58 12.34 12.34 10.80 8.10 5.40 5.91 8.69 12.26 12.05 10.80 12.85 12.92 13.65 17.08 18.69 18.76 16.72 12.19 8.91 8.40 8.61 10.07 11.53 11.02 8.83 9.27 9.27 8.03 4.60 2.26 1.97 3.58 5.40 5.18 7.01 7.88 10.22 11.46 10.88 11.68 13.21 16.72 18.25 18.76 19.64 17.59 15.40 13.29 14.89 16.86 20.88 20.88 23.36 22.70 17.59 13.94 14.09 14.60 12.85 6.79 5.62 6.50 10.07 11.17 12.19 11.68 11.53
8.98 10.07 8.69 11.10 10.07 10.59 10.66 8.03 6.06 7.15 8.03 7.52 8.83 9.86 10.00 10.15 12.19 14.67 14.67 12.78 10.73 9.20 8.47 11.46 13.21 13.51 14.09 14.02 12.85 13.29 16.13 17.08 15.70 13.29 11.53 9.86 8.54 8.25 6.20 5.11 6.13 6.79 7.37 7.37 7.52 5.11 1.53 1.02 5.11 9.93 9.56 8.47 8.40 10.95 11.02 12.34 14.02 16.21 17.45 21.61 23.51 24.31 23.51 21.02 18.54 19.20 22.78 22.27 22.27 19.64 15.70 12.85 11.39 12.12 10.66 8.03 7.23 8.91 10.15 9.42 10.00 10.15 11.10 11.97
9.49 9.56 8.54 7.59 7.08 7.15 12.19 11.02 9.42 8.54 7.74 8.25 8.76 7.37 6.72 7.01 9.27 11.68 11.68 10.44 10.00 11.02 15.55 12.34 14.97 15.77 13.80 13.07 10.29 9.64 10.37 12.56 14.89 13.21 10.22 7.96 5.62 6.42 5.91 5.77 7.15 8.91 8.69 8.69 11.39 11.90 11.68 12.56 15.04 14.75 12.63 12.41 11.24 11.68 13.80 15.48 14.02 13.94 17.23 20.29 21.61 23.94 24.67 23.87 23.14 22.92 21.61 18.40 18.40 12.92 8.83 7.74 8.47 8.83 8.54 5.91 4.74 5.11 5.04 5.69 6.20 7.01 8.54 10.66
9.27 8.32 9.42 10.80 8.10 7.96 10.00 12.12 13.65 14.97 14.45 16.43 18.40 18.32 15.55 10.59 8.40 8.54 8.54 9.20 11.02 12.12 13.80 14.45 14.02 18.69 18.91 16.06 12.05 9.71 9.49 10.73 12.99 13.29 8.98 5.40 2.56 0.00 5.77 11.61 10.80 9.05 8.54 8.54 12.05 12.41 12.12 12.34 12.05 9.42 12.63 13.87 13.29 15.48 19.35 20.51 18.10 15.40 16.86 19.42 20.73 22.92 23.94 24.82 25.48 23.80 22.56 19.35 19.35 13.36 9.34 6.20 5.33 4.60 4.23 4.02 3.80 3.29 2.41 2.92 3.65 2.85 3.14 6.57
9.27 8.32 9.42 10.80 8.10 7.96 10.00 12.12 13.65 14.97 14.45 16.43 18.40 18.32 15.55 10.59 8.40 8.54 8.54 9.20 11.02 12.12 13.80 14.45 14.02 18.69 18.91 16.06 12.05 9.71 9.49 10.73 12.99 13.29 8.98 5.40 2.56 0.00 5.77 11.61 10.80 9.05 8.54 8.54 12.05 12.41 12.12 12.34 12.05 9.42 12.63 13.87 13.29 15.48 19.35 20.51 18.10 15.40 16.86 19.42 20.73 22.92 23.94 24.82 25.48 23.80 22.56 19.35 19.35 13.36 9.34 6.20 5.33 4.60 4.23 4.02 3.80 3.29 2.41 2.92 3.65 2.85 3.14 6.57
8.40 7.96 7.81 7.45 6.50 8.03 9.13 10.95 13.14 10.37 10.44 12.19 11.68 14.16 15.26 15.11 15.55 13.80 13.80 13.21 13.51 15.26 18.47 18.18 21.75 22.05 19.05 17.52 14.24 12.26 10.59 11.10 11.53 8.83 5.91 4.16 0.00 0.00 4.09 7.01 7.52 6.28 5.48 5.48 5.18 0.00 2.04 0.00 0.00 0.00 5.99 7.81 10.95 12.48 14.67 16.86 13.87 13.72 15.99 18.18 19.56 20.66 23.21 21.90 22.92 22.85 20.95 18.69 18.69 18.98 16.64 12.19 10.00 7.66 6.50 6.42 5.40 4.53 2.85 2.19 1.83 1.83 2.56 5.55
9.27 8.83 6.94 7.59 8.10 8.69 12.05 13.51 14.24 15.26 11.32 8.40 7.15 7.15 10.07 12.34 13.80 15.40 15.40 14.67 14.67 17.45 16.72 17.80 15.63 15.33 14.82 17.89 16.86 13.36 11.17 8.76 6.57 5.99 0.00 0.00 4.96 4.60 2.70 2.63 3.36 3.65 0.00 0.00 5.40 4.16 3.14 2.92 0.00 0.00 0.00 0.00 5.77 7.23 9.86 12.12 8.91 10.80 13.29 15.55 15.62 17.30 20.73 21.83 22.63 23.00 23.29 22.70 22.70 22.85 22.92 19.78 16.64 13.07 8.76 5.55 4.45 3.94 3.07 3.87 3.80 2.77 1.17 1.02
13.72 13.51 11.97 11.32 11.90 12.92 15.04 16.57 15.33 13.65 12.12 11.32 11.17 10.37 9.13 10.22 10.66 11.10 11.10 12.26 14.31 16.94 17.01 17.46 19.70 14.38 12.34 15.65 19.93 18.25 15.26 12.19 7.59 5.11 2.92 2.85 0.00 4.53 4.82 4.23 3.58 2.99 4.74 4.74 5.33 3.36 3.50 4.23 0.00 0.00 0.00 0.00 0.00 0.00 0.00 0.00 0.00 4.53 8.61 11.97 12.99 13.36 13.94 14.97 15.18 16.72 18.69 18.83 18.83 21.53 20.37 17.89 16.35 14.16 11.24 8.83 8.25 8.03 8.61 8.76 6.72 0.00 0.00 0.00
13.72 15.40 15.11 14.16 12.34 11.46 11.32 11.02 10.29 6.13 6.57 8.83 8.47 8.25 9.27 12.19 11.32 13.21 13.21 14.75 12.63 15.42 15.80 14.90 13.16 12.94 15.14 15.93 16.56 16.98 16.86 15.84 12.70 7.96 6.86 5.55 4.02 5.40 3.80 3.29 2.99 0.00 0.00 0.00 0.00 0.00 0.00 2.26 0.00 0.00 0.00 0.00 0.00 0.00 1.90 0.00 0.00 0.00 0.00 9.93 12.85 12.48 12.92 13.94 9.78 12.56 18.10 21.90 21.90 22.78 22.41 20.59 19.71 19.27 17.67 15.48 13.43 11.68 12.63 9.93 5.33 4.60 4.31 4.38
12.26 12.85 13.07 13.51 11.90 9.42 7.01 4.53 0.00 0.00 0.00 0.00 5.55 9.56 13.07 13.43 13.29 14.60 14.60 13.07 11.13 11.56 13.92 14.75 14.38 14.02 14.68 15.39 17.76 19.39 19.96 19.93 19.27 17.16 12.99 9.78 7.88 6.20 0.00 0.00 0.00 0.00 0.00 0.00 0.00 0.00 0.00 0.00 0.00 0.00 0.00 0.00 0.00 0.00 0.00 3.87 0.00 0.00 4.74 9.42 12.26 14.38 17.08 20.22 15.70 16.28 21.10 24.60 24.60 24.24 22.63 23.07 23.80 23.29 22.27 19.64 16.64 11.32 11.39 9.20 0.00 5.11 6.13 6.79
12.26 12.85 13.07 13.51 11.90 9.42 7.01 4.53 0.00 0.00 0.00 0.00 5.55 9.56 13.07 13.43 13.29 14.60 14.67 13.50 11.31 12.38 13.57 15.12 14.16 14.02 14.24 14.31 16.59 19.69 20.16 20.76 21.65 18.15 13.33 9.78 7.88 6.20 0.00 0.00 0.00 0.00 0.00 0.00 0.00 0.00 0.00 0.00 0.00 0.00 0.00 0.00 0.00 0.00 0.00 3.87 0.00 0.00 4.74 9.42 12.26 14.38 17.08 20.22 15.70 16.28 21.10 24.60 24.60 24.24 22.63 23.07 23.80 23.29 22.27 19.64 16.64 11.32 11.39 9.20 0.00 5.11 6.13 6.79
14.45 14.53 13.29 12.70 11.68 9.56 8.25 7.01 6.64 0.00 0.00 0.00 0.00 7.30 12.34 16.21 17.89 16.13 16.13 12.63 8.69 10.73 10.64 11.86 12.65 14.38 15.19 14.89 14.82 14.75 14.38 14.90 20.29 23.14 18.96 13.39 10.47 7.96 6.42 0.00 0.00 0.00 0.00 0.00 0.00 0.00 0.00 0.00 0.00 0.00 0.00 0.00 0.00 0.00 0.00 5.91 0.00 0.00 0.00 4.45 4.23 8.76 15.77 24.82 26.35 24.31 24.67 25.26 25.26 22.34 18.69 20.08 24.97 23.36 23.36 20.51 15.91 11.97 10.66 8.91 7.59 5.55 0.00 0.00
12.26 11.75 10.73 10.73 10.07 9.42 11.61 13.51 16.64 16.13 14.45 10.15 9.71 11.97 14.53 19.42 20.81 19.64 19.64 16.95 11.68 8.29 8.91 9.27 7.12 9.93 11.83 14.75 17.21 17.25 15.18 13.80 13.43 17.83 18.68 16.10 13.41 12.03 9.64 6.72 4.38 0.00 1.10 1.10 1.61 3.29 0.00 0.00 2.77 0.00 0.00 0.00 0.00 0.00 0.00 0.00 0.00 0.00 0.00 0.00 2.99 5.40 11.10 19.42 25.84 24.75 22.27 26.21 26.21 24.45 22.85 23.21 23.07 24.24 23.58 19.05 15.04 14.75 10.59 7.74 6.13 5.55 5.84 0.00
8.54 8.98 10.59 10.95 10.15 7.66 8.83 10.44 10.44 10.66 11.02 11.10 11.02 10.37 11.17 12.63 14.45 15.62 15.62 16.43 9.56 8.47 8.03 6.79 0.00 0.00 8.83 10.91 14.29 19.06 19.35 20.73 19.78 16.72 17.75 17.31 17.57 14.53 14.16 12.78 9.27 5.26 3.29 3.29 3.14 0.00 0.00 0.00 0.00 0.00 4.60 4.82 4.96 0.00 0.00 0.00 0.00 0.00 0.00 0.00 0.00 0.00 11.46 17.16 19.49 19.64 21.46 24.67 24.67 24.45 20.73 21.75 24.16 26.72 26.57 20.44 15.99 14.09 9.71 8.03 6.28 5.48 4.96 4.82
18.18 18.18 16.86 15.99 11.32 10.66 11.24 14.09 15.11 13.51 11.24 12.70 11.17 10.66 10.51 9.93 9.27 9.71 9.71 9.20 9.78 8.03 6.72 6.79 0.00 7.08 9.49 10.86 13.51 16.13 16.94 18.40 19.27 18.61 18.76 18.98 19.12 18.99 19.81 17.18 14.45 10.07 6.13 6.13 4.02 4.31 0.00 0.00 0.00 0.00 0.00 3.94 0.00 0.00 0.00 0.00 0.00 4.23 4.67 0.00 0.00 0.00 6.79 10.15 14.09 19.56 22.27 18.47 18.47 15.77 13.87 15.55 20.51 24.45 23.14 21.24 20.95 19.20 13.94 9.42 7.59 7.45 5.18 3.43
13.58 18.32 21.32 21.17 17.23 15.62 16.13 17.23 19.10 20.95 21.10 16.06 11.17 7.88 7.59 7.15 6.28 7.66 7.66 5.48 4.53 4.16 0.00 0.00 6.13 8.61 8.61 8.85 10.29 11.17 11.46 13.36 14.89 17.81 19.35 20.44 21.02 20.44 20.38 19.47 16.80 15.40 12.26 12.26 9.27 5.84 7.66 5.33 0.00 4.09 2.48 2.99 2.77 0.00 0.00 0.00 5.69 7.30 8.54 8.18 6.06 4.82 4.67 5.84 7.45 10.66 14.09 10.59 10.59 7.23 7.59 11.39 15.11 17.52 17.81 20.88 24.09 21.90 16.72 12.12 9.05 4.09 2.85 3.07
0.00 4.31 9.86 15.70 20.15 22.56 22.48 16.79 13.33 13.65 16.64 13.51 8.47 5.18 5.99 6.50 5.33 0.00 0.00 3.58 0.00 0.00 0.00 0.00 2.63 5.99 8.32 8.18 7.86 8.17 7.26 8.95 10.76 11.90 13.58 14.67 16.72 18.51 17.37 18.54 17.62 16.28 16.43 16.43 16.21 13.58 11.61 8.76 5.40 5.84 6.13 4.38 0.00 4.09 0.00 5.40 4.31 4.82 6.86 7.37 6.86 4.96 0.00 0.00 0.00 5.04 5.91 7.01 7.01 9.13 11.32 11.46 9.78 9.71 11.32 11.39 11.83 12.05 14.38 14.45 11.02 6.86 3.21 3.58
0.00 4.31 9.86 15.70 20.15 22.56 22.48 16.79 12.99 13.65 16.64 13.51 8.47 5.18 5.99 6.50 5.33 0.00 0.00 3.58 0.00 0.00 0.00 0.00 2.63 5.99 8.32 8.18 7.74 7.88 7.01 8.91 10.44 11.90 13.65 14.75 16.72 18.42 17.55 18.54 17.45 16.28 16.43 16.43 16.21 13.58 11.61 8.76 5.40 5.84 6.13 4.38 0.00 4.09 0.00 5.40 4.31 4.82 6.86 7.37 6.86 4.96 0.00 0.00 0.00 5.04 5.91 7.01 7.01 9.13 11.32 11.46 9.78 9.71 11.32 11.39 11.83 12.05 14.38 14.45 11.02 6.86 3.21 3.58
4.31 0.00 0.00 6.35 15.70 22.34 22.27 19.57 15.19 13.43 13.72 8.76 6.86 6.35 4.60 0.00 0.00 0.00 0.00 4.89 0.00 0.00 0.00 0.00 0.00 6.06 8.03 7.74 8.40 6.50 0.00 6.94 8.32 7.81 9.05 9.42 10.07 11.02 12.40 13.36 11.24 8.76 11.32 11.32 14.31 19.20 18.18 17.45 15.40 10.95 6.28 2.92 2.63 0.00 0.00 0.00 0.00 0.00 4.53 0.00 4.74 4.45 3.21 3.94 0.00 0.00 4.53 3.72 3.72 5.69 6.13 5.91 5.18 5.26 8.03 9.13 7.66 6.72 9.42 11.02 10.51 7.15 4.96 0.00
