Wansh/Snow_depth/snowdepth-1984/winter/1984360.txt
ncols 321
nrows 161
xllcenter 60
yllcenter 15 
cellsize  0.25 
NODATA_value -1
[rows 0 to 36 of 161, columns 0 to 83 of 321]
7.66 7.66 11.24 13.80 13.29 12.26 12.05 14.02 15.84 15.62 15.84 16.43 16.79 17.37 16.86 17.67 17.89 18.10 20.44 0.00 14.67 14.09 11.90 12.70 12.99 15.11 15.11 0.00 0.00 0.00 14.89 15.33 15.70 15.62 14.97 13.80 13.51 12.78 14.09 15.48 14.89 12.19 12.56 11.32 12.85 12.78 10.29 8.32 5.62 3.72 5.18 5.18 4.60 6.28 9.78 8.76 10.15 10.66 9.93 6.64 6.20 5.04 4.02 3.50 4.09 4.89 6.79 6.13 7.52 8.18 7.37 9.56 10.66 11.46 17.45 16.86 16.86 16.35 14.67 0.00 14.67 15.70 15.55 15.62
11.24 11.24 12.99 14.02 16.72 16.28 15.26 14.16 14.82 14.45 13.21 13.43 15.77 17.30 16.43 17.30 16.64 15.62 12.48 12.12 12.92 14.16 14.53 13.87 14.24 16.43 16.43 16.13 15.99 15.62 14.60 14.67 15.33 15.40 14.97 14.16 14.31 13.07 12.26 11.83 10.07 11.24 9.86 9.78 8.47 7.74 5.48 5.26 6.50 8.54 8.91 8.91 7.15 8.18 9.05 9.42 9.93 11.02 10.73 8.10 7.74 8.69 5.77 4.02 3.36 2.99 4.38 3.36 5.04 8.54 9.27 10.29 12.12 16.43 18.10 16.94 16.94 16.13 17.23 15.77 16.57 16.72 16.35 14.60
15.62 15.62 14.24 13.43 14.45 14.60 13.43 12.34 11.90 11.75 11.32 12.41 13.21 15.40 17.23 17.67 17.45 11.61 10.66 10.95 11.75 12.26 15.40 12.78 13.07 13.51 13.51 14.24 14.45 15.55 14.60 13.80 13.43 12.92 12.48 13.07 12.19 10.80 6.86 7.45 8.25 8.54 6.13 4.89 4.09 5.11 4.89 5.33 6.06 6.57 5.62 5.62 4.53 5.62 7.88 8.10 7.45 7.96 10.37 10.37 10.66 11.46 10.73 8.03 7.01 6.72 8.76 9.13 9.42 10.37 11.68 13.36 13.51 14.89 16.13 16.35 16.35 15.91 15.62 15.18 13.87 13.36 13.14 13.65
15.62 15.62 14.24 13.43 14.45 14.60 13.43 12.34 11.90 11.75 11.32 12.41 13.21 15.40 17.23 17.67 17.45 11.61 10.66 10.95 11.75 12.26 15.40 12.78 13.07 13.51 13.51 14.24 14.45 15.55 14.60 13.80 13.43 12.92 12.48 13.07 12.19 10.80 6.86 7.45 8.25 8.54 6.13 4.89 4.09 5.11 4.89 5.33 6.06 6.57 5.62 5.62 4.53 5.62 7.88 8.10 7.45 7.96 10.37 10.37 10.66 11.46 10.73 8.03 7.01 6.72 8.76 9.13 9.42 10.37 11.68 13.36 13.51 14.89 16.13 16.35 16.35 15.91 15.62 15.18 13.87 13.36 13.14 13.65
0.00 0.00 13.87 13.07 13.36 12.92 12.78 11.83 9.86 0.00 12.41 14.24 15.48 15.91 15.48 15.91 8.83 7.96 8.54 10.29 11.53 11.97 10.59 10.51 10.88 11.75 11.75 12.26 11.83 14.09 13.36 12.70 12.85 10.88 11.24 11.83 10.59 5.99 4.09 5.69 5.04 6.13 4.02 4.31 4.74 5.04 5.48 4.53 3.72 3.72 2.77 2.77 2.63 3.65 5.91 8.18 8.76 10.66 11.75 12.99 12.63 11.39 11.02 11.39 11.61 11.61 11.39 11.24 11.61 12.92 12.78 12.99 14.31 15.04 16.13 16.79 16.79 16.06 15.70 13.94 13.43 12.34 11.75 11.97
11.17 11.17 10.59 11.32 13.21 13.80 12.78 13.65 14.89 16.28 14.53 16.13 17.45 15.04 14.75 8.10 6.35 5.91 8.91 9.71 9.56 7.30 7.30 7.81 9.56 11.10 11.10 10.59 8.32 7.81 9.05 9.56 9.78 9.27 8.47 7.74 4.89 3.14 2.70 2.92 3.43 7.37 6.79 6.79 7.88 7.96 8.69 7.59 7.15 8.47 8.10 8.10 8.40 8.76 9.64 10.88 10.15 11.53 12.63 11.75 11.68 12.78 12.99 13.58 12.99 12.78 12.92 13.65 13.07 11.83 11.02 13.14 13.51 15.33 15.48 16.06 16.06 15.77 17.08 16.64 17.30 16.43 17.16 16.79
10.73 10.73 10.59 10.66 12.48 14.31 14.67 15.40 17.81 17.89 15.99 13.87 11.90 12.34 6.86 7.45 6.42 5.69 7.37 7.52 6.79 6.20 6.64 7.08 7.88 6.72 6.72 5.40 6.28 7.66 8.76 7.96 8.18 6.94 5.62 5.48 2.77 0.15 1.75 2.70 6.79 10.95 9.56 8.76 9.64 10.15 9.86 11.68 10.66 11.53 11.17 11.17 8.54 9.93 12.78 13.51 15.04 15.84 17.23 14.38 12.70 12.92 13.07 14.09 14.16 14.16 13.87 13.36 11.39 10.07 11.90 14.82 15.62 15.55 16.64 16.94 16.94 18.69 18.10 18.25 19.20 18.69 16.28 15.40
10.73 10.73 10.59 10.66 12.48 14.31 14.67 15.40 17.81 17.89 15.99 13.87 11.90 12.34 6.86 7.45 6.42 5.69 7.37 7.52 6.79 6.20 6.64 7.08 7.88 6.72 6.72 5.40 6.28 7.66 8.76 7.96 8.18 6.94 5.62 5.48 2.77 0.15 1.75 2.70 6.79 10.95 9.56 8.76 9.64 10.15 9.86 11.68 10.66 11.53 11.17 11.17 8.54 9.93 12.78 13.51 15.04 15.84 17.23 14.38 12.70 12.92 13.07 14.09 14.16 14.16 13.87 13.36 11.39 10.07 11.90 14.82 15.62 15.55 16.64 16.94 16.94 18.69 18.10 18.25 19.20 18.69 16.28 15.40
13.29 13.29 13.51 16.06 14.24 14.16 14.75 14.16 14.60 15.91 15.70 11.61 9.34 3.21 3.58 6.50 4.74 3.50 3.21 6.94 8.03 7.66 6.79 5.48 5.77 5.26 5.26 4.45 5.91 6.28 5.33 4.60 5.11 4.96 4.23 1.97 1.53 2.41 2.48 2.34 9.56 7.59 8.10 10.29 10.73 10.73 12.41 12.70 12.05 12.48 11.61 11.61 11.02 11.39 12.48 14.09 15.11 13.43 13.58 14.53 14.53 13.72 12.34 10.88 12.92 14.09 14.82 16.43 15.70 15.40 18.40 17.16 15.55 14.89 15.62 13.58 13.58 10.00 7.08 12.26 14.89 14.45 13.14 12.70
15.26 15.26 15.33 14.82 14.82 14.16 14.09 15.48 15.84 16.50 15.04 12.41 10.66 5.33 5.69 4.67 4.38 3.72 5.18 4.09 4.23 3.94 4.16 3.58 3.50 2.41 2.41 3.50 5.84 4.53 3.43 3.58 4.60 5.26 3.58 2.12 1.90 5.48 4.60 12.56 11.90 11.02 10.66 9.86 9.56 10.95 11.75 11.53 11.17 10.95 10.88 10.88 9.64 9.27 9.71 11.39 11.97 13.80 13.72 13.43 13.51 15.77 15.55 15.11 14.89 14.16 13.58 13.36 14.02 14.16 15.11 15.48 15.70 11.83 10.51 12.78 12.78 10.00 10.51 11.61 13.36 15.11 14.75 14.97
12.12 12.12 11.75 11.24 10.59 10.37 9.34 11.10 13.94 14.97 16.43 14.60 6.42 7.74 7.23 3.87 3.29 5.11 5.04 4.53 4.45 3.72 3.80 4.02 5.33 5.91 5.91 6.42 5.11 1.97 0.00 1.53 3.21 4.60 3.50 2.63 2.85 3.80 5.33 13.72 11.61 9.64 7.96 7.23 10.07 11.39 12.26 12.48 11.39 10.88 12.92 12.92 14.02 12.78 11.61 10.15 10.95 11.97 12.05 12.41 12.41 13.29 14.24 15.70 15.26 14.24 12.63 11.17 12.34 17.67 13.43 14.60 13.65 12.99 12.34 13.65 13.65 13.58 13.51 13.14 14.38 15.70 16.35 16.72
12.12 12.12 11.75 11.24 10.59 10.37 9.34 11.10 13.94 14.97 16.43 14.60 6.42 7.74 7.23 3.87 3.29 5.11 5.04 4.53 4.45 3.72 3.80 4.02 5.33 5.91 5.91 6.42 5.11 1.97 0.00 1.53 3.21 4.60 3.50 2.63 2.85 3.80 5.33 13.72 11.61 9.64 7.96 7.23 10.07 11.39 12.26 12.48 11.39 10.88 12.92 12.92 14.02 12.78 11.61 10.15 10.95 11.97 12.05 12.41 12.41 13.29 14.24 15.70 15.26 14.24 12.63 11.17 12.34 17.67 13.43 14.60 13.65 12.99 12.34 13.65 13.65 13.58 13.51 13.14 14.38 15.70 16.35 16.72
10.07 10.07 8.69 8.32 7.96 7.66 7.66 10.44 13.29 15.11 16.28 8.18 8.25 7.01 6.50 7.66 7.15 4.82 7.74 8.83 7.15 7.37 7.15 6.94 9.34 10.73 10.73 11.53 8.03 5.91 5.26 4.89 4.53 4.60 5.55 4.82 6.13 8.47 13.36 14.24 17.74 15.04 13.43 14.02 14.16 14.16 13.43 12.26 12.48 11.17 10.22 10.22 11.90 11.02 8.91 7.52 8.54 8.98 7.88 6.64 7.01 3.94 5.33 8.03 10.29 10.88 10.66 10.73 12.63 18.18 16.35 15.33 14.31 12.12 10.29 9.05 9.05 9.49 11.17 15.40 17.59 14.16 10.15 11.17
8.32 8.32 7.23 6.28 5.69 6.06 7.01 8.98 12.05 14.60 12.26 12.48 10.88 9.71 9.93 7.23 9.71 9.42 10.51 10.22 10.15 10.80 11.90 11.61 9.64 7.88 7.88 6.13 4.53 4.82 5.04 5.77 4.38 4.89 4.89 4.74 5.04 5.69 9.71 10.51 10.66 11.02 11.17 9.56 12.19 12.63 10.29 11.32 12.63 11.24 10.95 10.95 9.34 9.49 11.24 11.61 12.12 10.59 9.49 8.40 6.35 3.72 0.00 3.21 4.23 6.50 8.69 10.07 10.88 12.26 13.51 13.80 15.70 15.91 11.83 10.80 10.80 9.56 10.88 12.56 12.78 11.17 10.88 11.46
9.78 9.78 7.96 7.45 6.72 7.88 9.20 11.17 10.73 11.75 12.05 12.41 14.97 15.62 13.87 14.09 10.44 9.20 14.09 12.56 11.61 10.07 9.20 9.56 8.69 8.32 8.32 8.25 7.37 8.40 9.05 8.54 7.23 8.10 8.10 8.76 5.91 9.56 7.74 8.32 8.25 8.83 9.56 10.73 12.05 12.63 13.43 13.51 13.72 12.85 12.12 12.12 9.56 6.28 8.03 10.59 10.51 9.78 9.27 9.13 5.69 3.58 3.87 3.72 4.02 4.02 5.48 6.57 9.56 8.40 11.24 13.94 14.75 16.35 15.55 14.16 14.16 12.56 10.80 12.05 11.75 9.05 11.68 12.05
11.97 11.97 11.02 11.17 11.17 11.46 13.14 12.99 12.92 16.28 16.43 16.79 17.89 16.86 14.89 11.32 9.71 10.29 11.61 11.97 11.53 11.46 11.32 9.86 5.84 6.42 6.42 6.79 7.59 7.59 8.69 9.93 9.71 9.13 9.05 8.25 6.50 10.44 9.71 7.52 9.78 11.02 13.51 12.12 11.90 13.07 14.31 13.36 14.02 11.83 11.61 11.61 10.80 10.80 10.22 8.69 7.52 9.20 9.42 8.54 7.23 5.62 4.09 3.58 4.82 6.06 8.40 9.42 7.66 9.20 8.10 10.00 14.89 14.75 14.38 15.11 15.11 16.06 16.28 14.02 11.24 11.17 12.48 9.64
11.97 11.97 11.02 11.17 11.17 11.46 13.14 12.99 12.92 16.28 16.43 16.79 17.89 16.86 14.89 11.32 9.71 10.29 11.61 11.97 11.53 11.46 11.32 9.86 5.84 6.42 6.42 6.79 7.59 7.59 8.69 9.93 9.71 9.13 9.05 8.25 6.50 10.44 9.71 7.52 9.78 11.02 13.51 12.12 11.90 13.07 14.31 13.36 14.02 11.83 11.61 11.61 10.80 10.80 10.22 8.69 7.52 9.20 9.42 8.54 7.23 5.62 4.09 3.58 4.82 6.06 8.40 9.42 7.66 9.20 8.10 10.00 14.89 14.75 14.38 15.11 15.11 16.06 16.28 14.02 11.24 11.17 12.48 9.64
10.88 10.88 11.17 12.56 11.24 12.99 12.34 14.45 16.35 16.79 17.59 18.83 16.79 17.45 15.33 14.53 13.43 10.07 6.94 8.25 8.98 10.66 11.53 11.53 9.49 8.98 8.98 6.86 6.06 6.13 6.86 8.61 10.29 11.83 12.56 12.12 10.07 11.68 12.63 12.70 13.80 13.07 11.68 9.34 12.26 15.55 14.09 12.12 12.78 13.72 13.65 13.65 13.14 12.63 10.51 6.28 7.81 9.42 8.40 7.88 8.18 7.59 6.06 4.67 4.31 5.04 5.48 0.00 3.87 2.92 3.50 4.38 7.08 10.44 13.58 14.89 14.89 13.87 13.29 11.46 12.41 15.55 13.80 10.37
7.88 7.88 7.45 5.99 6.64 8.47 9.86 7.01 6.50 7.08 7.74 9.20 9.05 6.13 6.72 7.52 7.15 0.00 0.00 3.43 5.48 5.84 0.00 2.92 5.99 7.08 7.08 7.30 7.08 7.15 7.08 6.13 7.59 8.54 9.05 8.18 7.37 6.50 6.13 8.25 9.13 9.56 10.22 12.19 12.92 14.09 14.97 13.72 14.31 13.94 13.87 13.87 14.31 13.51 12.99 11.32 9.86 8.91 6.13 5.99 7.45 8.91 8.25 6.06 4.23 3.50 2.48 0.00 0.00 0.00 4.31 4.89 0.00 0.00 8.83 10.15 10.15 10.59 9.56 8.32 7.81 11.39 11.75 10.88
2.70 2.70 0.00 5.26 5.48 6.13 4.38 4.23 4.60 4.67 5.77 5.18 5.11 4.60 3.21 3.50 2.48 0.00 0.00 0.00 0.00 0.00 0.00 0.00 0.00 3.87 3.87 6.86 8.91 8.47 5.84 4.23 4.45 2.04 1.10 0.00 4.53 3.80 3.87 5.84 9.71 11.53 10.66 14.02 13.87 12.63 12.19 12.85 13.51 14.38 13.07 13.07 10.80 11.61 12.56 12.99 12.78 12.63 11.68 12.26 10.66 10.88 10.51 9.71 8.69 7.15 7.45 6.79 5.11 4.60 4.82 4.16 0.00 1.17 0.00 6.72 6.72 9.42 8.18 7.96 9.34 11.24 11.10 9.56
0.00 0.00 5.11 6.64 7.15 7.08 5.77 6.57 7.23 5.33 6.94 0.00 0.00 0.00 0.00 0.00 2.99 2.34 0.00 0.00 0.00 0.00 0.00 4.53 4.23 0.00 0.00 5.55 6.72 5.33 4.89 5.11 3.87 1.90 0.00 0.00 0.00 0.00 2.70 0.00 4.96 6.13 6.20 8.47 10.51 12.41 11.97 12.48 12.56 11.02 9.78 9.78 8.32 9.64 11.68 11.32 12.78 13.80 12.26 11.46 11.90 12.34 12.63 13.07 11.53 9.71 10.37 10.73 9.49 6.28 4.23 3.58 4.96 2.63 1.83 0.00 0.00 5.48 7.37 9.27 10.51 11.02 11.02 9.71
4.09 4.09 5.40 6.06 7.30 6.28 6.64 7.23 7.01 8.03 8.40 0.00 0.00 0.00 0.00 0.00 1.31 1.90 1.61 0.00 2.34 2.85 1.97 3.65 3.72 0.00 0.00 4.60 4.16 5.91 5.77 6.28 4.60 2.12 0.00 0.00 0.00 0.00 0.00 0.00 0.00 0.00 0.00 3.80 5.69 6.42 6.20 6.13 6.42 7.01 5.48 5.48 7.15 9.71 10.51 11.24 11.46 10.00 8.47 7.88 6.13 8.10 9.05 8.61 8.98 9.78 10.37 10.29 8.69 0.00 5.11 5.69 3.80 3.29 2.19 4.09 4.09 5.62 7.74 8.69 10.15 8.69 8.91 10.44
4.09 4.09 5.40 6.06 7.30 6.28 6.64 7.23 7.01 8.03 8.40 0.00 0.00 0.00 0.00 0.00 1.31 1.90 1.61 0.00 2.34 2.85 1.97 3.65 3.72 0.00 0.00 4.60 4.16 5.91 5.77 6.28 4.60 2.12 0.00 0.00 0.00 0.00 0.00 0.00 0.00 0.00 0.00 3.80 5.69 6.42 6.20 6.13 6.42 7.01 5.48 5.48 7.15 9.71 10.51 11.24 11.46 10.00 8.47 7.88 6.13 8.10 9.05 8.61 8.98 9.78 10.37 10.29 8.69 0.00 5.11 5.69 3.80 3.29 2.19 4.09 4.09 5.62 7.74 8.69 10.15 8.69 8.91 10.44
4.82 4.82 6.13 5.77 6.42 5.91 6.42 5.33 4.38 0.00 0.00 0.00 0.00 0.00 0.00 0.73 1.24 1.90 2.85 3.29 2.77 3.72 5.11 4.16 0.00 0.00 0.00 4.45 7.37 11.53 12.19 8.83 3.94 0.00 0.00 0.00 0.00 0.00 0.00 0.00 5.04 3.80 3.14 0.00 3.21 4.89 0.00 4.60 6.86 9.20 9.42 9.42 9.56 11.24 11.90 11.17 10.95 9.71 8.25 8.10 8.10 8.10 8.76 9.34 9.34 11.32 10.88 10.22 10.07 5.26 3.80 3.80 3.58 4.38 5.04 4.89 4.89 5.26 5.18 5.84 6.28 7.52 8.03 8.98
6.79 6.79 0.00 4.53 5.33 4.53 0.00 1.17 0.00 0.00 0.00 0.44 0.00 0.00 0.00 0.95 1.31 2.34 1.46 2.77 3.87 3.50 4.60 4.16 4.23 0.00 0.00 0.00 9.05 9.34 6.79 5.84 0.00 0.00 0.00 0.00 0.00 0.00 0.00 0.00 4.31 4.67 6.20 7.96 7.45 6.72 7.30 7.37 11.02 14.16 11.97 11.97 12.05 13.36 12.56 10.95 10.73 10.22 9.93 10.66 11.02 12.12 13.80 11.97 10.66 13.87 13.21 15.55 13.65 9.86 7.88 7.88 8.54 12.05 10.88 6.50 6.50 4.16 5.11 5.26 6.79 6.64 7.59 9.20
5.48 5.48 5.18 3.50 4.02 2.70 2.70 1.90 2.63 0.00 0.00 0.00 0.00 0.00 0.58 1.02 0.88 2.19 2.56 3.43 2.85 2.19 3.43 0.00 0.00 0.00 0.00 3.65 7.15 7.59 4.09 2.92 0.00 0.00 4.67 0.00 0.00 0.00 0.00 0.00 0.00 0.00 6.20 7.88 8.10 7.37 7.96 7.52 9.56 11.61 12.99 12.99 12.99 12.63 12.05 11.68 10.73 11.24 11.68 12.48 13.87 14.53 14.67 12.70 13.80 14.53 15.33 14.67 13.72 11.75 11.97 13.43 15.77 14.89 13.94 11.32 11.32 8.40 6.06 5.04 5.69 7.74 8.91 9.78
4.60 4.60 0.00 0.44 0.00 0.00 0.00 0.00 1.83 0.00 0.00 0.00 0.00 0.00 0.00 0.00 2.41 2.70 2.70 2.77 3.50 4.23 0.00 0.00 0.00 3.87 3.87 8.18 8.18 5.11 0.00 0.00 5.04 6.86 6.86 0.00 6.06 6.50 5.99 0.00 0.00 0.00 0.00 5.77 5.33 5.55 5.55 4.38 6.94 9.49 11.83 11.83 11.24 9.49 10.00 11.53 11.97 12.34 13.43 13.43 12.92 10.07 10.15 10.88 10.80 12.70 13.36 14.38 11.32 9.42 9.49 11.53 14.24 14.67 12.99 13.80 13.80 11.53 8.76 6.20 6.94 8.98 10.88 12.26
2.63 2.63 0.00 0.00 0.00 0.00 0.00 0.00 0.00 0.00 0.00 0.00 0.00 0.00 0.00 2.48 3.36 0.00 0.00 0.00 0.00 0.00 0.00 0.00 0.00 4.53 4.53 5.77 2.99 0.00 3.29 3.94 0.00 0.00 0.00 4.74 4.31 0.00 5.33 0.00 0.00 0.00 4.96 4.60 4.02 4.96 6.42 7.81 9.13 11.46 12.41 12.41 10.37 8.83 9.56 11.97 11.83 12.19 12.56 11.75 9.34 8.03 9.05 8.91 8.47 9.86 12.85 15.11 14.97 11.32 7.30 6.79 10.51 12.48 12.70 14.24 14.24 13.87 11.90 10.80 12.19 12.48 11.75 11.90
2.63 2.63 0.00 0.00 0.00 0.00 0.00 0.00 0.00 0.00 0.00 0.00 0.00 0.00 0.00 2.48 3.36 0.00 0.00 0.00 0.00 0.00 0.00 0.00 0.00 4.53 4.53 5.77 2.99 0.00 3.29 3.94 0.00 0.00 0.00 4.74 4.31 0.00 5.33 0.00 0.00 0.00 4.96 4.60 4.02 4.96 6.42 7.81 9.13 11.46 12.41 12.41 10.37 8.83 9.56 11.97 11.83 12.19 12.56 11.75 9.34 8.03 9.05 8.91 8.47 9.86 12.85 15.11 14.97 11.32 7.30 6.79 10.51 12.48 12.70 14.24 14.24 13.87 11.90 10.80 12.19 12.48 11.75 11.90
0.00 0.00 0.00 0.00 0.00 0.00 0.00 0.00 0.00 0.00 0.00 0.00 0.00 0.00 0.00 0.00 0.00 0.00 0.00 0.00 0.00 0.00 0.00 0.00 3.43 4.23 4.23 0.00 0.00 5.69 5.48 2.70 0.00 0.00 0.00 0.00 0.00 0.00 0.00 0.00 5.04 5.55 0.00 3.87 2.41 7.30 11.46 13.07 12.78 15.62 15.99 15.99 12.85 11.02 10.51 10.88 10.37 10.66 12.34 12.70 9.86 6.42 3.87 4.96 5.40 6.79 6.50 12.05 13.07 11.97 9.42 7.45 6.94 7.66 11.68 14.89 14.89 16.35 15.18 13.80 12.63 12.85 12.85 14.24
0.00 0.00 0.00 0.00 0.00 0.00 0.00 0.00 0.00 0.00 0.00 0.00 0.00 0.00 0.00 0.00 0.00 1.61 0.00 0.00 0.00 0.00 0.00 0.00 0.00 0.00 0.00 0.00 0.00 3.80 3.50 3.14 0.00 0.00 3.07 0.00 0.00 0.00 0.00 0.00 4.38 3.50 3.87 4.38 7.74 12.05 15.48 15.77 14.75 15.70 16.35 16.35 14.45 12.92 11.68 6.35 3.80 6.94 9.49 7.74 4.74 4.82 0.00 4.67 0.00 0.00 8.03 8.83 8.98 8.83 8.69 6.50 3.36 2.85 6.28 9.42 9.42 11.83 14.82 15.18 14.09 13.21 11.75 12.12
0.00 0.00 0.00 0.00 0.00 0.00 0.00 0.00 0.00 0.00 0.00 0.00 0.00 0.00 0.00 0.00 0.00 0.00 0.00 0.00 0.00 0.00 0.00 0.00 0.00 2.04 2.04 2.70 4.02 4.53 2.99 3.36 0.00 0.00 0.00 0.00 0.00 0.00 0.00 1.83 3.72 4.02 3.36 3.43 5.48 9.71 13.29 12.34 9.86 10.37 12.34 12.34 9.78 4.53 1.46 1.24 0.00 0.00 3.43 3.21 3.50 4.31 4.96 4.74 0.00 5.26 6.64 6.20 9.34 11.39 11.24 12.34 12.34 10.15 5.69 3.94 3.94 3.50 7.74 12.26 15.55 16.21 13.80 11.68
0.00 0.00 0.00 0.00 0.00 0.00 0.00 0.00 0.00 0.00 0.00 0.00 0.00 0.00 0.00 0.00 0.00 0.00 0.00 0.00 0.00 0.00 0.00 0.00 0.00 0.00 0.00 0.00 0.00 0.00 5.40 0.00 0.00 0.00 0.00 0.00 0.00 0.00 0.00 0.00 2.34 2.56 2.99 2.99 0.00 0.00 3.07 3.80 5.04 6.06 6.64 6.64 3.65 0.00 1.10 2.85 2.70 0.00 0.00 0.00 0.00 0.00 4.60 5.40 0.00 0.00 4.82 5.33 8.10 7.59 6.86 9.27 11.10 11.02 5.99 0.00 0.00 0.00 0.00 3.58 7.08 12.70 15.62 17.08
0.00 0.00 0.00 0.00 0.00 0.00 0.00 0.00 0.00 0.00 0.00 0.00 0.00 0.00 0.00 0.00 0.00 0.00 0.00 0.00 0.00 0.00 0.00 0.00 0.00 0.00 0.00 0.00 0.00 0.00 0.00 0.00 0.00 0.00 0.00 0.00 0.00 0.00 0.00 0.00 0.00 2.41 2.99 1.90 2.56 3.14 0.00 2.48 0.00 3.94 0.00 0.00 2.19 1.97 1.75 1.68 0.00 0.00 0.00 0.00 0.00 0.00 0.00 0.00 0.00 0.00 0.00 0.00 0.00 0.00 0.00 0.00 0.00 0.00 0.00 0.00 0.00 0.00 4.45 4.38 2.63 3.07 5.77 9.27
0.00 0.00 0.00 0.00 0.00 0.00 0.00 0.00 0.00 0.00 0.00 0.00 0.00 0.00 0.00 0.00 0.00 0.00 0.00 0.00 0.00 0.00 0.00 0.00 0.00 0.00 0.00 0.00 0.00 0.00 0.00 0.00 0.00 0.00 0.00 0.00 0.00 0.00 2.41 2.56 1.24 1.10 2.63 3.07 1.97 0.80 0.00 2.12 3.43 3.80 4.16 4.16 3.72 0.00 0.00 0.00 0.00 0.00 0.00 0.00 0.00 0.00 0.00 0.00 0.00 0.00 0.00 0.00 0.00 0.00 0.00 0.00 0.00 0.00 0.00 0.00 0.00 4.82 7.74 7.23 4.31 4.23 3.87 0.00
0.00 0.00 0.00 0.00 0.00 0.00 0.00 0.00 0.00 0.00 0.00 0.00 0.00 0.00 0.00 0.00 0.00 0.00 0.00 0.00 0.00 0.00 0.00 0.00 0.00 0.00 0.00 0.00 0.00 0.00 0.00 0.00 0.00 0.00 0.00 0.00 0.00 0.00 2.41 2.56 1.24 1.10 2.63 3.07 1.97 0.80 0.00 2.12 3.43 3.80 4.16 4.16 3.72 0.00 0.00 0.00 0.00 0.00 0.00 0.00 0.00 0.00 0.00 0.00 0.00 0.00 0.00 0.00 0.00 0.00 0.00 0.00 0.00 0.00 0.00 0.00 0.00 4.82 7.74 7.23 4.31 4.23 3.87 0.00
0.00 0.00 0.00 0.00 0.00 0.00 0.00 0.00 0.00 0.00 0.00 0.00 0.00 0.00 0.00 0.00 0.00 0.00 0.00 0.00 0.00 0.00 0.00 0.00 0.00 0.00 0.00 0.00 0.00 0.00 0.00 0.00 0.00 0.00 0.00 0.00 0.00 0.00 0.00 0.00 0.00 0.00 0.00 1.83 2.34 2.26 2.04 2.26 2.26 2.77 0.00 0.00 0.00 0.00 0.00 0.00 0.00 0.00 0.00 0.00 0.00 0.00 0.00 0.00 0.00 0.00 0.00 0.00 0.00 0.00 0.00 0.00 3.07 2.12 3.50 5.26 5.26 6.94 7.96 5.48 6.64 6.06 6.94 5.48
