Wansh/Snow_depth/snowdepth-1984/winter/1984349.txt
ncols 321
nrows 161
xllcenter 60
yllcenter 15 
cellsize  0.25 
NODATA_value -1
[rows 0 to 37 of 161, columns 84 to 167 of 321]
15.11 13.65 13.14 13.21 11.83 11.46 8.83 9.56 11.39 11.39 12.26 12.78 14.24 16.06 13.51 12.85 13.58 13.87 13.87 13.87 13.14 13.07 11.83 8.91 5.91 4.16 2.77 3.43 3.87 3.43 5.77 7.74 7.96 8.25 6.94 7.01 7.08 6.50 6.57 6.72 7.08 8.25 5.04 5.04 3.94 3.87 3.87 5.48 5.91 7.45 9.71 10.73 9.34 8.40 8.69 9.20 10.37 8.76 7.74 7.23 6.13 5.33 4.89 4.02 3.72 5.91 7.45 8.25 8.25 9.13 8.69 7.37 7.52 8.69 9.05 9.64 8.98 7.81 6.86 7.45 8.32 8.25 7.08 5.91
11.83 11.61 13.94 11.75 12.05 7.08 7.74 9.56 12.48 13.07 12.78 10.22 7.66 7.59 7.88 7.59 8.61 10.37 10.37 10.51 11.10 11.32 10.88 9.13 7.08 5.77 4.45 3.65 2.85 3.07 4.09 6.28 7.74 6.94 5.62 5.33 5.69 4.02 3.29 4.74 6.06 6.20 6.06 6.06 6.42 6.35 5.55 4.60 4.23 5.40 5.55 6.20 7.59 7.88 8.69 8.83 9.27 8.69 7.45 7.66 6.94 7.37 7.88 8.98 8.40 7.88 8.25 9.42 9.42 12.34 10.73 8.25 6.06 5.77 5.26 5.40 5.18 5.33 6.35 8.25 9.42 8.91 7.59 7.08
11.39 11.32 13.80 10.73 9.34 8.03 10.73 12.78 14.24 14.45 14.16 12.05 9.56 8.10 6.20 4.89 4.67 7.37 7.37 10.73 10.44 12.05 11.61 11.10 8.91 7.81 6.94 4.38 3.72 3.14 4.53 5.18 6.06 6.94 6.86 4.60 4.23 3.65 2.63 3.36 4.23 3.87 3.72 3.72 5.62 9.49 9.56 6.64 3.50 5.11 4.89 4.02 4.89 5.18 5.55 6.64 7.74 9.71 10.15 9.27 9.64 11.02 11.10 10.66 10.15 10.95 12.48 12.99 12.99 12.26 9.64 7.81 7.30 7.81 8.18 8.98 8.69 9.05 9.13 9.20 7.23 7.08 5.84 6.20
11.39 11.32 13.80 10.73 9.34 8.03 10.73 12.78 14.24 14.45 14.16 12.05 9.56 8.10 6.20 4.89 4.67 7.37 7.37 10.73 10.44 12.05 11.61 11.10 8.91 7.81 6.94 4.38 3.72 3.14 4.53 5.18 6.06 6.94 6.86 4.60 4.23 3.65 2.63 3.36 4.23 3.87 3.72 3.72 5.62 9.49 9.56 6.64 3.50 5.11 4.89 4.02 4.89 5.18 5.55 6.64 7.74 9.71 10.15 9.27 9.64 11.02 11.10 10.66 10.15 10.95 12.48 12.99 12.99 12.26 9.64 7.81 7.30 7.81 8.18 8.98 8.69 9.05 9.13 9.20 7.23 7.08 5.84 6.20
7.30 8.54 6.57 10.59 11.61 12.92 12.12 13.51 15.84 15.18 14.09 12.85 13.21 12.12 11.24 8.76 5.84 5.26 5.26 3.43 4.38 7.74 11.17 12.99 13.58 10.59 7.96 4.74 4.23 3.21 2.92 3.58 6.50 8.54 8.69 7.01 5.99 4.09 1.31 0.73 0.15 1.39 2.26 2.26 4.02 7.01 9.64 10.07 9.42 6.42 5.69 4.96 3.43 3.94 4.60 5.69 5.55 7.59 8.76 10.66 9.71 11.24 12.12 11.53 12.19 13.07 13.21 13.21 13.21 10.59 8.98 9.27 8.69 8.32 9.86 12.05 12.56 12.26 12.92 12.19 10.88 8.83 7.37 7.30
17.01 16.64 14.97 15.11 14.45 10.51 10.07 10.88 13.51 14.53 16.86 16.79 16.21 16.72 17.52 17.37 15.40 13.43 13.43 9.93 7.52 7.88 12.78 13.36 12.34 10.00 8.18 7.15 7.01 5.91 4.09 2.63 3.80 5.84 6.42 5.99 4.31 1.31 0.07 0.95 0.88 0.00 0.00 0.00 2.26 5.40 8.10 10.07 8.10 5.99 5.26 4.74 4.53 5.11 4.89 5.99 5.84 6.64 8.47 9.42 9.93 9.78 12.63 13.72 13.21 13.29 12.19 10.73 10.73 9.27 8.54 9.05 10.51 10.51 9.13 8.69 9.56 9.86 10.44 11.10 11.32 10.00 9.05 7.37
17.45 20.00 17.96 15.70 14.24 14.67 12.78 13.65 13.80 12.48 13.14 15.26 16.13 17.30 17.30 16.57 15.40 15.04 15.04 13.80 11.97 9.56 8.91 9.34 10.22 5.84 5.69 4.96 5.04 4.60 4.53 5.69 5.99 7.08 7.59 7.74 5.69 2.19 0.95 0.95 0.00 0.00 0.00 0.00 4.45 6.42 7.52 9.20 8.03 6.57 6.06 5.91 5.26 5.55 5.84 7.15 8.47 9.05 10.15 10.37 13.21 14.38 15.04 14.97 12.85 13.21 12.19 11.10 11.10 11.61 11.83 11.83 12.05 11.53 10.66 10.80 11.83 10.88 8.10 8.54 10.22 11.61 11.97 7.52
17.45 20.00 17.96 15.70 14.24 14.67 12.78 13.65 13.80 12.48 13.14 15.26 16.13 17.30 17.30 16.57 15.40 15.04 15.04 13.80 11.97 9.56 8.91 9.34 10.22 5.84 5.69 4.96 5.04 4.60 4.53 5.69 5.99 7.08 7.59 7.74 5.69 2.19 0.95 0.95 0.00 0.00 0.00 0.00 4.45 6.42 7.52 9.20 8.03 6.57 6.06 5.91 5.26 5.55 5.84 7.15 8.47 9.05 10.15 10.37 13.21 14.38 15.04 14.97 12.85 13.21 12.19 11.10 11.10 11.61 11.83 11.83 12.05 11.53 10.66 10.80 11.83 10.88 8.10 8.54 10.22 11.61 11.97 7.52
15.40 16.35 15.33 17.01 18.61 17.23 15.77 13.65 13.51 10.66 9.20 11.32 13.51 15.40 16.79 16.06 13.80 13.65 13.65 13.07 12.63 12.34 9.78 8.76 8.61 7.37 8.03 7.37 7.30 6.28 5.84 4.67 4.82 6.13 9.42 7.88 4.82 2.70 2.48 2.19 2.19 3.43 3.29 3.29 4.67 6.72 5.18 5.99 6.86 7.15 7.23 7.59 7.59 7.01 7.15 7.37 8.10 8.83 9.42 9.71 10.73 12.63 12.92 12.19 11.90 13.07 13.29 12.78 12.78 12.56 14.45 15.04 14.24 12.63 11.97 10.07 10.15 9.86 10.95 9.86 6.94 7.66 6.79 8.10
15.84 15.26 15.04 15.18 15.62 14.67 14.31 11.97 10.88 9.13 9.13 11.10 11.97 14.09 12.99 14.09 13.58 11.90 11.90 13.36 13.29 10.88 9.34 8.32 8.54 6.79 7.66 8.18 7.08 5.69 6.42 6.35 7.52 9.42 8.32 6.35 5.11 4.89 4.09 5.11 5.04 3.50 3.36 3.36 2.92 4.53 5.18 7.37 8.10 9.27 11.46 11.97 11.10 8.54 7.88 7.88 7.59 7.15 7.08 7.59 6.57 7.23 7.88 8.03 8.03 9.56 10.66 12.70 12.70 12.63 12.92 13.36 13.51 12.34 9.49 8.91 9.71 11.97 12.48 10.22 7.96 7.15 6.20 6.35
14.75 14.38 14.97 14.02 12.85 10.80 6.94 8.40 8.61 7.45 7.81 7.96 8.91 7.96 9.42 9.71 9.56 10.44 10.44 11.17 11.75 10.73 9.05 8.25 7.96 7.08 6.79 7.37 6.57 6.20 6.06 7.08 7.30 6.28 5.11 6.28 7.37 7.01 6.79 7.15 6.35 6.64 5.26 5.26 5.26 5.69 7.23 8.47 8.76 9.05 10.00 10.07 10.51 9.64 9.42 9.05 8.47 7.08 6.79 7.59 6.94 6.64 6.64 7.88 11.24 14.24 16.35 17.96 17.96 18.83 17.23 15.11 15.48 15.84 12.56 9.64 9.34 10.44 10.22 8.32 7.88 9.20 8.69 7.59
14.75 14.38 14.97 14.02 12.85 10.80 6.94 8.40 8.61 7.45 7.81 7.96 8.91 7.96 9.42 9.71 9.56 10.44 10.44 11.17 11.75 10.73 9.05 8.25 7.96 7.08 6.79 7.37 6.57 6.20 6.06 7.08 7.30 6.28 5.11 6.28 7.37 7.01 6.79 7.15 6.35 6.64 5.26 5.26 5.26 5.69 7.23 8.47 8.76 9.05 10.00 10.07 10.51 9.64 9.42 9.05 8.47 7.08 6.79 7.59 6.94 6.64 6.64 7.88 11.24 14.24 16.35 17.96 17.96 18.83 17.23 15.11 15.48 15.84 12.56 9.64 9.34 10.44 10.22 8.32 7.88 9.20 8.69 7.59
15.04 13.87 12.85 9.56 7.74 6.28 5.11 5.40 5.26 4.02 2.12 2.92 3.21 5.18 7.15 7.81 8.69 8.83 8.83 11.10 12.12 9.71 9.34 8.10 6.57 4.60 4.96 5.48 6.13 6.06 5.55 5.48 6.13 6.94 7.96 8.32 8.98 8.10 6.86 7.59 9.78 9.13 7.23 7.23 6.13 6.64 6.50 7.45 7.96 8.18 8.25 7.74 7.74 7.52 9.13 11.75 13.51 13.58 12.41 10.59 8.47 8.54 8.54 8.98 10.44 12.48 15.04 16.21 16.21 16.64 16.64 17.52 17.16 17.01 15.77 11.83 8.47 9.86 11.61 10.51 10.22 11.68 12.34 11.46
14.09 11.10 8.10 6.42 0.00 0.00 6.50 9.93 10.37 10.37 7.59 7.23 8.98 10.44 11.39 11.02 10.22 7.96 7.96 8.03 8.10 7.30 6.57 8.18 6.50 5.99 4.96 4.02 6.42 7.15 8.91 10.37 11.02 10.51 11.10 12.56 12.05 10.66 9.42 8.83 10.37 7.96 6.42 6.42 6.42 8.40 10.88 11.46 11.46 11.53 10.44 7.96 7.08 5.84 8.03 10.59 11.17 12.12 11.02 11.97 13.21 13.94 13.21 12.05 12.63 13.87 16.50 16.57 16.57 19.49 19.49 18.61 18.54 17.30 15.33 12.99 11.32 9.86 9.42 9.34 7.74 7.01 7.96 8.83
11.24 10.29 9.78 8.98 8.10 6.94 6.94 7.74 9.71 10.37 9.78 9.13 9.49 11.10 11.61 10.80 9.34 7.74 7.74 7.59 8.03 9.05 8.91 7.66 6.28 6.50 9.34 7.66 8.47 10.00 11.83 14.24 13.36 12.05 11.17 8.69 8.03 6.79 5.91 7.52 7.81 9.42 8.47 8.47 7.88 8.98 10.29 11.46 12.12 12.70 11.17 9.71 8.83 9.86 11.10 16.21 15.55 12.48 9.78 8.40 9.05 11.39 11.90 12.85 13.58 13.21 12.92 12.99 12.99 14.31 15.70 15.33 12.41 10.59 12.56 11.39 5.26 3.50 0.00 9.56 13.80 10.51 8.98 9.49
9.86 9.86 9.42 9.71 9.93 8.03 9.20 8.76 7.88 8.61 9.56 8.98 8.61 8.25 9.42 9.78 9.20 8.91 8.91 7.96 7.74 9.05 11.90 11.24 9.64 8.18 7.30 8.76 10.22 11.61 13.29 13.29 11.24 10.37 8.91 6.94 7.59 7.45 8.03 8.83 10.07 10.37 9.93 9.93 11.39 10.59 9.34 9.05 8.69 10.88 11.61 9.13 7.66 8.10 9.34 10.88 12.41 11.46 8.54 6.50 7.74 7.59 7.59 8.10 10.44 12.63 12.85 13.36 13.36 15.77 15.99 14.09 9.78 8.40 11.10 12.05 8.03 13.58 7.23 11.68 16.06 13.51 14.45 17.30
9.86 9.86 9.42 9.71 9.93 8.03 9.20 8.76 7.88 8.61 9.56 8.98 8.61 8.25 9.42 9.78 9.20 8.91 8.91 7.96 7.74 9.05 11.90 11.24 9.64 8.18 7.30 8.76 10.22 11.61 13.29 13.29 11.24 10.37 8.91 6.94 7.59 7.45 8.03 8.83 10.07 10.37 9.93 9.93 11.39 10.59 9.34 9.05 8.69 10.88 11.61 9.13 7.66 8.10 9.34 10.88 12.41 11.46 8.54 6.50 7.74 7.59 7.59 8.10 10.44 12.63 12.85 13.36 13.36 15.77 15.99 14.09 9.78 8.40 11.10 12.05 8.03 13.58 7.23 11.68 16.06 13.51 14.45 17.30
10.15 9.86 10.51 10.88 10.59 7.81 6.72 6.42 5.18 6.20 6.06 6.35 7.59 8.91 9.27 9.42 9.13 8.54 8.54 8.03 7.30 7.45 8.32 9.34 9.86 9.78 8.40 8.32 9.27 10.66 12.19 13.14 13.72 12.05 8.47 4.82 5.11 3.72 7.37 11.61 11.46 9.78 8.25 8.25 8.18 7.52 6.42 7.81 9.13 7.59 8.98 9.05 9.34 9.42 8.25 7.37 8.25 8.76 8.10 7.81 10.00 9.86 9.05 8.91 9.71 10.07 11.53 15.26 15.26 16.94 15.70 13.21 9.93 11.02 13.21 13.94 0.00 8.91 0.00 11.68 7.74 7.59 8.18 9.64
14.24 12.56 11.75 13.65 14.38 11.24 10.22 8.83 6.79 6.35 5.11 4.82 7.37 10.29 11.32 9.78 9.78 8.83 8.83 8.40 7.74 5.77 4.67 7.81 10.51 10.29 9.56 10.00 11.02 11.90 14.02 17.59 18.69 13.72 10.22 7.59 7.15 6.79 10.51 8.40 7.01 5.91 4.96 4.96 3.80 0.00 1.46 1.17 0.66 3.50 4.09 4.16 6.72 7.66 8.54 8.47 8.61 10.44 13.43 15.55 17.08 18.18 15.48 12.92 13.58 14.24 16.64 19.20 19.20 19.13 18.25 14.60 10.88 13.07 14.16 15.84 6.28 4.38 5.84 10.73 7.88 6.86 7.81 8.03
9.93 9.71 9.42 10.80 12.56 13.51 12.48 9.56 7.30 6.20 5.69 5.62 6.72 6.94 7.96 8.91 9.78 10.44 10.44 11.68 11.97 9.42 7.81 7.88 10.73 12.70 11.90 11.53 11.24 12.34 15.04 16.43 15.70 12.41 10.88 10.00 7.52 6.50 6.42 4.53 4.09 4.16 3.94 3.94 3.36 0.00 0.00 0.00 2.70 5.91 6.13 6.20 6.94 7.81 8.32 9.34 11.02 11.61 12.48 15.48 19.93 22.12 21.39 19.64 18.47 17.74 18.91 18.54 18.54 15.48 12.26 10.22 8.98 10.22 12.12 3.43 0.00 4.67 6.06 9.71 7.15 7.81 8.83 8.76
9.42 8.91 9.93 10.80 7.96 8.47 9.56 10.22 9.64 7.66 6.79 7.30 6.94 6.42 6.06 5.40 7.01 8.32 8.32 8.91 9.56 10.07 10.00 10.59 12.56 13.94 12.70 8.98 8.98 9.78 10.59 13.36 15.33 14.09 9.34 6.64 7.37 0.00 5.91 5.62 7.23 7.37 6.50 6.50 7.96 9.20 8.61 5.84 9.56 9.42 7.59 8.40 8.18 9.05 10.44 10.44 10.88 11.24 12.92 14.31 16.43 19.20 20.44 20.59 21.68 23.21 20.81 16.50 16.50 10.80 8.03 7.81 8.98 9.20 3.50 0.00 2.63 3.58 3.87 4.38 4.60 4.45 5.48 7.37
7.74 9.42 10.22 10.07 9.13 7.96 8.91 11.10 14.60 14.75 12.48 12.05 14.02 12.56 11.46 9.93 8.03 5.91 5.91 6.64 8.54 9.34 11.39 13.07 14.97 16.28 17.08 15.77 11.83 9.71 8.91 10.66 14.75 13.43 7.59 5.48 0.00 0.00 3.87 11.53 12.34 8.47 6.86 6.86 11.02 10.15 11.90 8.25 6.79 5.77 7.30 9.34 11.32 13.43 18.47 18.69 15.04 12.26 11.83 13.94 17.16 19.42 20.22 19.71 20.73 21.10 21.90 19.71 19.71 12.85 8.47 6.13 4.09 0.00 0.00 2.48 3.29 2.92 3.14 1.24 1.61 1.39 2.92 3.43
7.74 9.42 10.22 10.07 9.13 7.96 8.91 11.10 14.60 14.75 12.48 12.05 14.02 12.56 11.46 9.93 8.03 5.91 5.91 6.64 8.54 9.34 11.39 13.07 14.97 16.28 17.08 15.77 11.83 9.71 8.91 10.66 14.75 13.43 7.59 5.48 0.00 0.00 3.87 11.53 12.34 8.47 6.86 6.86 11.02 10.15 11.90 8.25 6.79 5.77 7.30 9.34 11.32 13.43 18.47 18.69 15.04 12.26 11.83 13.94 17.16 19.42 20.22 19.71 20.73 21.10 21.90 19.71 19.71 12.85 8.47 6.13 4.09 0.00 0.00 2.48 3.29 2.92 3.14 1.24 1.61 1.39 2.92 3.43
6.28 7.66 8.10 8.47 7.15 4.67 4.82 7.23 9.93 10.15 9.86 10.37 10.29 11.75 13.80 13.72 13.14 11.10 11.10 9.64 11.02 12.26 14.38 17.23 20.08 20.15 19.86 18.91 14.97 11.90 9.27 9.56 10.00 7.23 6.20 7.15 0.00 0.00 0.00 3.50 6.72 5.48 0.00 0.00 2.63 0.00 0.00 0.00 8.98 2.48 1.46 5.69 10.07 10.44 12.34 13.21 13.07 12.19 14.53 15.11 17.01 17.08 17.08 16.94 17.37 18.03 16.21 15.91 15.91 16.79 14.67 9.05 5.11 0.00 0.00 2.99 3.58 3.07 2.41 1.83 1.39 0.80 1.24 1.75
9.93 10.51 8.61 7.15 6.42 5.26 5.48 9.86 13.36 13.43 10.66 6.64 0.00 6.35 8.76 10.37 11.61 11.24 11.24 11.39 11.90 12.26 11.39 12.59 13.94 15.41 15.48 16.72 15.70 12.05 9.20 7.23 4.74 4.09 4.82 0.00 0.00 0.00 0.00 0.00 0.00 0.00 4.09 4.09 0.00 0.00 0.00 0.00 0.00 0.00 0.00 0.00 2.63 4.45 7.52 8.83 7.59 8.98 11.46 13.58 14.97 15.04 16.35 16.64 16.79 18.98 20.08 21.17 21.17 20.95 20.51 15.99 12.78 8.25 4.82 0.00 3.87 2.41 1.10 1.46 2.41 2.34 1.68 1.31
13.58 12.78 11.24 10.15 10.37 10.00 10.22 13.94 14.02 11.75 11.02 9.64 8.91 8.40 7.01 5.04 6.28 7.23 7.23 7.66 9.27 9.86 10.07 12.28 15.03 10.95 10.46 15.05 18.98 16.13 13.21 9.20 7.30 5.11 4.82 0.00 2.34 0.00 4.82 4.31 2.48 0.00 0.00 0.00 0.00 0.00 0.00 0.00 0.00 0.00 0.00 0.00 0.00 0.00 0.00 1.39 1.68 0.00 5.77 8.40 9.93 10.15 11.75 12.12 11.39 13.43 16.72 15.77 15.77 15.48 17.89 11.97 11.90 10.07 8.47 7.66 7.08 5.99 5.55 3.87 3.14 0.88 1.39 1.46
13.65 13.94 13.80 12.92 12.05 10.37 9.20 8.10 7.01 5.69 6.35 7.88 7.81 7.15 6.86 6.57 6.79 7.81 7.81 9.27 10.80 10.15 10.31 10.39 8.70 8.02 10.89 14.01 15.95 15.64 14.31 15.18 12.26 9.42 5.40 0.00 0.00 0.00 3.29 0.00 0.00 0.00 0.00 0.00 0.00 0.00 0.00 0.00 0.00 0.00 0.00 0.00 0.00 0.00 0.00 0.00 0.00 0.00 0.00 8.83 10.00 10.51 12.05 9.42 7.37 8.98 13.21 16.35 16.35 16.94 17.67 14.09 13.29 13.58 11.75 12.34 10.51 8.54 9.05 5.62 2.70 2.48 2.85 2.92
13.80 12.99 12.19 10.51 11.32 10.07 5.69 0.00 0.00 0.00 0.00 0.00 0.00 7.59 9.56 9.42 10.15 10.15 10.15 9.17 7.23 7.93 9.71 8.98 7.41 8.18 9.78 11.90 18.55 15.41 14.60 17.67 16.94 12.05 10.22 6.28 4.23 3.21 2.34 1.75 0.00 0.00 0.00 0.00 0.00 0.00 0.00 0.00 0.00 0.00 0.00 0.00 0.00 0.00 0.00 0.00 0.00 0.00 0.00 5.48 8.61 11.17 16.50 19.13 15.70 15.99 18.69 19.27 19.27 19.13 17.30 18.98 20.73 20.15 18.03 15.91 12.92 9.49 9.64 7.74 4.23 2.63 2.56 2.77
13.80 12.99 12.19 10.51 11.32 10.07 5.69 0.00 0.00 0.00 0.00 0.00 0.00 7.59 9.56 9.42 10.15 10.15 10.20 9.47 7.34 8.49 9.46 9.21 7.30 8.18 9.49 11.06 17.33 15.65 14.75 18.40 19.03 12.75 10.48 6.28 4.23 3.21 2.34 1.75 0.00 0.00 0.00 0.00 0.00 0.00 0.00 0.00 0.00 0.00 0.00 0.00 0.00 0.00 0.00 0.00 0.00 0.00 0.00 5.48 8.61 11.17 16.50 19.13 15.70 15.99 18.69 19.27 19.27 19.13 17.30 18.98 20.73 20.15 18.03 15.91 12.92 9.49 9.64 7.74 4.23 2.63 2.56 2.77
14.16 14.02 11.32 8.91 11.24 9.56 7.52 4.60 2.70 0.00 0.00 0.00 0.00 7.66 9.56 11.75 14.45 14.82 14.82 11.39 7.88 6.50 6.68 8.00 7.79 7.82 7.82 7.41 8.54 7.63 8.41 11.80 13.84 18.19 12.72 8.78 6.93 5.69 3.87 2.56 1.17 0.00 0.00 0.00 0.00 0.00 0.00 0.00 0.00 0.00 0.00 0.00 0.00 0.00 0.00 0.00 0.00 0.00 1.46 2.04 2.92 5.33 12.48 19.35 24.31 22.56 22.27 24.97 24.97 19.93 20.15 20.81 22.19 21.68 19.35 15.18 12.48 12.05 7.96 5.84 2.92 2.85 1.68 2.56
9.49 10.00 9.64 8.40 6.86 8.32 10.37 11.53 10.73 9.86 8.61 8.76 8.76 11.53 13.36 16.21 16.50 14.45 14.45 12.62 10.15 8.36 6.28 6.20 6.02 6.37 7.23 7.49 7.75 9.14 8.03 6.13 9.78 12.10 11.99 11.36 9.71 8.44 6.57 4.16 3.43 2.48 1.02 1.02 0.00 0.00 0.00 1.68 2.99 0.00 0.00 0.00 0.00 0.00 0.00 0.00 0.00 0.00 0.00 0.00 0.00 4.02 9.93 16.72 21.10 20.22 20.66 23.43 23.43 22.63 22.70 22.78 23.80 25.77 23.43 16.86 12.05 9.93 7.37 4.67 2.77 3.21 1.46 1.24
9.27 9.20 10.37 9.71 6.50 5.18 7.37 9.13 9.34 9.49 9.27 9.20 9.42 10.07 10.80 12.05 11.32 10.37 10.37 10.00 8.32 6.79 5.84 5.62 0.00 0.00 5.99 6.71 8.11 13.14 10.59 10.15 10.80 9.71 10.14 10.16 12.51 12.05 12.99 11.24 8.25 4.53 0.00 0.00 1.97 0.00 0.00 0.00 0.00 1.17 0.22 0.80 0.58 0.00 0.00 0.00 0.00 0.00 0.00 0.00 0.00 0.00 8.47 13.87 16.43 16.94 16.72 23.51 23.51 17.37 16.28 19.86 23.00 24.45 22.70 19.35 16.43 12.78 8.76 6.35 5.48 3.80 2.26 1.02
18.18 18.32 17.08 12.70 7.23 6.35 6.57 8.69 10.59 11.83 11.02 9.86 8.98 8.18 8.10 9.49 6.79 6.42 6.42 8.83 7.81 6.86 5.11 3.43 0.00 0.00 3.36 6.68 8.25 9.42 10.07 10.00 9.71 11.39 13.14 11.61 11.56 14.45 15.34 13.20 10.66 7.45 5.33 5.33 4.31 3.29 2.34 1.90 0.00 0.00 1.02 1.10 1.24 1.39 0.00 0.00 0.07 1.53 1.61 0.00 0.00 3.50 6.06 8.47 10.29 15.18 19.64 14.16 14.16 10.07 10.29 14.53 20.73 20.00 18.83 18.18 20.81 18.69 12.63 8.18 6.06 3.21 1.90 0.22
9.56 13.29 18.03 17.52 14.60 16.35 16.86 14.38 14.60 14.75 14.38 10.37 6.72 5.55 6.20 5.84 3.58 3.43 3.43 3.72 3.94 3.50 2.92 1.53 3.80 7.01 7.30 6.49 6.79 8.18 7.88 7.15 9.05 11.97 12.41 12.05 12.85 13.65 15.64 14.08 11.81 11.83 9.78 9.78 6.86 6.06 5.26 3.65 0.00 3.50 0.00 1.97 1.53 1.61 0.00 0.00 4.09 4.38 4.53 4.45 0.00 2.63 0.00 2.77 0.00 8.10 10.22 5.69 5.69 6.72 10.51 11.61 13.58 14.16 15.48 17.45 18.69 17.96 13.21 9.56 5.40 1.31 0.58 0.00
0.00 0.00 7.08 11.97 17.45 20.81 22.34 18.69 13.93 11.17 11.32 8.32 7.08 4.89 3.87 4.09 2.85 2.85 2.85 0.00 1.90 0.00 0.00 0.00 3.36 3.87 5.18 5.04 5.56 0.00 0.00 0.00 6.32 5.99 7.45 10.88 12.41 13.42 14.31 13.58 11.36 11.68 11.53 11.53 12.78 12.05 9.78 9.56 8.10 6.13 4.74 2.77 1.39 0.88 0.00 3.14 2.77 3.50 4.38 0.00 0.00 0.00 2.12 1.46 0.00 2.77 0.00 3.87 3.87 7.59 9.49 7.52 7.08 6.94 8.76 9.71 8.32 9.49 12.34 12.63 8.76 4.60 2.70 0.51
0.00 0.00 7.08 11.97 17.45 20.81 22.34 18.69 13.58 11.17 11.32 8.32 7.08 4.89 3.87 4.09 2.85 2.86 2.85 0.00 1.90 0.00 0.00 0.00 3.36 3.87 5.18 5.04 5.48 0.00 0.00 0.00 6.13 5.99 7.48 10.93 12.41 13.35 14.45 13.58 11.24 11.68 11.53 11.53 12.78 12.05 9.78 9.56 8.10 6.13 4.74 2.77 1.39 0.88 0.00 3.14 2.77 3.50 4.38 0.00 0.00 0.00 2.12 1.46 0.00 2.77 0.00 3.87 3.87 7.59 9.49 7.52 7.08 6.94 8.76 9.71 8.32 9.49 12.34 12.63 8.76 4.60 2.70 0.51
0.00 0.00 0.00 4.89 12.85 17.52 15.99 16.16 13.41 10.37 7.45 6.64 6.72 6.57 5.77 3.87 0.00 0.00 0.00 0.00 0.00 4.38 4.16 0.80 0.00 5.40 0.00 5.33 5.55 0.00 0.00 0.00 0.00 4.82 5.48 6.20 8.47 10.22 9.76 9.13 7.30 6.79 9.13 9.13 11.32 12.70 15.04 15.40 14.02 10.00 6.57 0.00 0.00 3.43 3.14 2.77 0.00 0.00 0.00 0.00 0.00 2.99 3.80 0.00 0.00 0.00 0.00 0.00 0.00 2.41 0.00 0.00 3.94 3.29 4.89 2.99 3.72 4.74 8.61 9.42 8.47 4.96 2.99 0.00
9.20 4.31 0.00 0.00 4.16 7.23 8.18 7.71 6.35 7.52 7.01 7.23 7.74 7.15 3.65 2.48 0.00 0.00 0.00 0.00 0.00 0.00 0.00 0.00 0.00 3.80 3.87 4.23 0.00 0.00 0.00 0.00 3.07 0.00 4.09 5.11 0.00 6.57 6.28 5.55 3.72 1.68 4.02 4.02 5.48 6.35 8.32 10.44 11.61 11.53 10.66 7.37 5.33 0.00 3.50 3.07 2.41 4.74 5.62 5.40 4.31 4.60 3.72 0.00 0.00 0.00 0.00 0.00 0.00 0.00 0.00 0.00 0.00 0.00 0.00 0.00 0.00 0.00 0.00 0.00 0.00 2.26 1.83 0.00
