Wansh/Snow_depth/snowdepth-1984/winter/1984336.txt
ncols 321
nrows 161
xllcenter 60
yllcenter 15 
cellsize  0.25 
NODATA_value -1
[rows 76 to 113 of 161, columns 84 to 167 of 321]
0.22 0.29 2.04 1.61 4.45 5.91 6.50 6.64 6.50 7.08 7.52 8.76 6.72 5.69 5.62 5.84 5.48 6.35 6.35 5.62 6.50 8.10 6.64 4.53 5.26 5.33 4.96 5.26 5.69 5.40 4.60 3.65 3.07 0.00 0.00 4.38 3.36 4.67 6.28 7.66 5.04 3.72 3.94 3.94 3.29 2.04 2.41 4.45 4.02 0.00 0.00 0.00 0.58 0.73 0.00 0.07 1.90 1.53 1.17 1.31 0.73 0.80 0.58 0.00 0.00 0.00 0.00 0.44 0.44 0.07 1.53 2.70 4.02 1.68 0.00 0.00 0.00 0.00 0.00 0.00 0.58 1.55 0.00 2.03
5.33 6.57 5.55 4.60 4.53 4.60 2.92 5.69 6.35 7.59 9.78 8.47 8.18 7.15 6.64 6.94 6.42 4.67 4.67 5.11 4.96 0.00 0.00 4.89 5.55 4.67 5.48 5.91 3.65 4.82 0.00 2.70 0.00 4.02 3.87 0.00 5.48 0.00 4.60 4.38 4.89 4.74 0.00 0.00 3.58 4.31 6.35 7.59 6.64 6.57 5.55 0.00 0.00 2.70 2.12 3.80 2.48 2.48 2.48 3.36 4.53 2.41 1.97 2.77 0.00 0.58 0.80 1.10 1.10 0.80 0.22 2.56 4.23 4.02 0.00 0.00 0.07 0.00 0.00 0.00 0.00 0.00 0.00 0.00
5.99 5.55 5.04 4.74 7.45 7.88 0.00 5.69 5.62 4.23 5.18 5.99 4.82 6.13 6.28 7.08 6.86 7.23 7.23 7.45 6.72 6.94 6.86 7.59 7.74 7.74 5.99 8.69 6.20 5.40 0.00 3.14 1.68 2.77 3.80 3.50 4.96 0.00 2.48 1.68 0.00 0.00 0.00 0.00 0.00 3.43 4.02 4.45 5.55 7.01 7.37 5.18 0.00 5.18 5.69 6.20 3.87 5.04 5.18 3.87 5.62 5.91 5.40 3.36 5.55 2.19 3.80 3.07 3.07 2.04 2.04 1.10 3.29 4.38 0.66 1.75 0.00 0.30 0.00 0.00 0.00 0.00 5.94 0.00
12.19 8.98 5.84 4.82 5.69 4.45 4.09 5.91 5.77 6.28 7.01 5.18 6.79 8.61 9.64 8.25 7.59 6.50 6.50 7.37 7.37 7.96 5.11 6.86 4.45 0.00 4.23 3.72 4.23 4.96 4.38 0.00 0.00 4.16 2.26 0.00 0.00 0.00 1.24 3.65 0.00 4.96 0.00 0.00 0.00 0.00 0.00 2.63 3.43 5.40 6.57 5.48 0.00 0.00 0.00 0.00 0.00 4.82 4.09 4.31 5.33 0.00 3.72 2.85 2.26 0.00 2.12 1.97 1.97 3.58 6.50 3.29 3.65 5.33 4.62 4.60 0.00 0.00 0.00 0.00 0.00 0.00 7.59 6.02
0.00 0.00 4.45 4.89 4.53 2.85 3.58 4.96 6.13 6.94 7.52 8.10 6.13 6.94 7.01 8.25 7.52 6.72 6.72 8.25 5.77 6.06 7.08 7.66 3.65 4.23 4.16 0.00 0.00 4.82 4.02 0.00 0.00 0.00 0.00 0.00 8.25 5.04 0.00 0.00 4.53 3.65 4.38 4.38 0.00 0.00 0.00 3.21 0.00 2.77 0.80 0.00 0.00 0.00 0.00 0.00 0.00 0.00 2.41 2.77 3.43 0.00 0.00 2.92 0.00 0.00 0.00 0.00 0.00 0.00 0.00 1.97 6.28 7.81 7.30 6.97 0.00 0.00 0.00 0.00 0.00 0.00 0.00 0.00
0.00 0.00 0.00 0.00 4.74 5.33 4.67 4.89 6.20 8.40 9.34 8.32 7.66 7.01 5.91 7.45 6.13 4.16 4.16 4.09 3.58 4.45 5.26 3.72 0.00 5.11 5.91 5.33 0.00 5.84 3.29 0.00 0.00 0.00 3.87 3.21 0.00 0.00 0.00 4.31 4.82 4.67 4.38 4.38 3.94 2.77 0.00 0.00 0.00 0.00 0.00 3.58 2.77 0.00 0.00 0.00 0.00 0.00 2.77 2.34 2.04 2.48 0.00 0.00 0.00 0.00 0.00 0.00 0.00 0.00 0.00 4.60 7.74 10.95 12.85 8.95 7.37 0.00 0.00 0.00 0.00 0.00 0.00 0.00
0.00 0.00 0.00 0.00 4.53 5.91 4.89 4.60 4.23 5.40 6.86 6.72 7.52 6.50 6.50 5.62 3.72 4.53 4.53 0.00 0.00 4.53 2.77 2.63 6.20 0.00 6.94 5.40 5.04 0.00 3.65 0.00 0.00 0.00 0.00 0.00 0.00 0.00 0.00 3.72 3.50 3.65 3.36 3.36 3.94 4.67 0.00 2.04 0.00 0.00 0.00 4.38 0.00 0.00 0.00 0.00 1.61 0.80 1.02 1.75 3.65 2.48 1.46 1.53 0.00 0.00 0.00 2.48 2.48 0.00 3.21 4.23 7.74 11.53 10.95 8.76 9.56 0.00 0.00 0.00 0.00 0.00 0.00 0.00
0.00 4.31 0.00 0.00 2.34 2.56 3.43 4.16 3.72 3.94 5.62 6.13 7.08 6.64 7.74 7.08 7.23 2.77 2.77 0.00 2.56 3.21 3.29 3.29 5.48 5.48 5.04 5.40 4.89 4.16 2.99 3.80 0.00 0.00 5.62 4.89 3.21 0.00 0.00 0.00 3.07 0.00 0.00 0.00 0.00 4.60 0.00 3.72 3.58 0.00 0.00 0.00 0.00 0.66 0.00 3.72 2.99 1.53 1.31 0.80 2.92 3.58 3.21 4.16 1.46 0.00 1.17 3.58 3.58 3.21 0.00 3.43 5.11 6.72 8.03 9.20 9.42 0.00 0.00 0.00 0.00 0.00 0.00 0.00
0.00 2.56 3.94 5.84 0.00 0.00 3.58 0.00 5.40 4.02 4.16 4.23 5.77 4.89 6.20 6.28 5.18 6.35 6.35 4.09 3.14 0.00 0.00 4.45 6.06 4.89 5.77 5.40 5.40 6.42 2.41 0.00 0.00 2.19 4.96 0.00 5.11 3.50 1.61 0.00 0.00 0.00 0.00 0.00 5.33 4.23 0.00 0.00 0.00 0.00 0.00 0.00 0.00 0.00 0.00 1.02 0.44 0.22 0.00 0.95 2.77 2.56 4.09 3.87 2.26 2.41 1.75 1.53 1.53 3.65 1.90 2.99 5.04 4.82 5.69 5.33 0.00 0.00 0.00 0.00 0.00 0.00 0.00 0.00
0.00 0.00 0.00 0.00 0.00 0.00 3.29 4.23 5.33 5.18 5.26 4.96 4.60 5.26 8.10 5.33 4.02 7.15 7.15 7.96 5.91 5.26 0.00 2.56 0.00 4.67 5.40 6.20 4.96 5.69 3.80 3.80 3.87 2.70 3.21 0.00 0.00 2.19 2.26 0.00 0.00 0.00 1.02 1.02 3.14 3.72 0.00 0.00 0.00 0.00 0.00 0.00 0.00 1.83 1.46 1.02 0.00 0.22 0.00 0.00 3.37 2.91 3.91 3.50 3.72 4.60 3.21 2.26 2.26 3.87 3.80 3.14 3.94 4.16 2.99 0.00 0.00 0.00 0.00 0.00 0.00 0.00 0.00 0.00
3.21 4.74 5.91 4.96 4.67 5.55 3.80 5.40 6.57 6.72 0.00 3.14 0.00 0.00 0.00 2.85 3.50 4.23 4.23 4.96 5.04 3.80 5.84 0.00 4.82 4.16 2.99 3.72 5.04 2.77 2.99 3.94 4.60 0.00 6.64 6.57 0.00 7.59 4.60 5.91 4.45 2.04 3.29 3.29 3.29 3.29 2.99 4.38 0.00 4.53 0.00 0.00 0.44 0.95 2.48 5.48 5.62 6.20 4.74 1.97 2.92 2.56 3.50 3.14 2.77 1.97 3.72 4.53 4.53 3.87 4.45 6.20 5.04 4.53 4.67 0.00 0.00 0.00 0.00 0.00 0.00 0.00 0.00 0.00
0.00 0.00 0.00 3.14 5.18 4.89 3.80 0.00 0.00 5.33 4.53 4.23 5.91 3.72 3.21 3.36 5.11 5.33 5.33 4.23 3.58 4.53 5.33 3.72 4.16 5.18 4.38 3.36 2.41 0.00 2.34 2.99 4.53 4.09 0.00 3.36 3.80 4.89 6.64 7.66 5.77 2.99 4.67 4.67 4.60 2.19 3.72 3.80 3.14 4.16 4.02 4.23 3.80 2.85 3.58 2.41 2.48 6.06 8.10 6.64 6.94 2.77 0.00 1.53 2.52 3.58 4.67 3.14 3.14 3.65 4.60 7.15 5.91 5.99 6.86 4.60 2.99 0.00 0.00 0.00 0.00 0.00 0.00 0.00
0.00 0.00 0.00 0.00 0.00 3.58 3.87 2.41 0.00 0.00 5.99 8.03 7.23 7.23 5.99 4.96 6.06 6.28 6.28 5.99 5.62 5.55 6.13 5.69 4.74 7.45 5.26 4.16 5.26 3.94 5.18 4.60 3.07 0.00 3.80 0.00 0.00 1.90 4.38 4.53 3.65 4.82 4.82 4.82 4.53 2.92 4.16 5.69 5.18 3.58 4.09 4.60 1.61 0.66 2.77 2.63 2.19 4.96 6.57 6.28 3.94 2.48 1.17 3.58 5.75 5.64 6.86 5.84 5.84 4.31 4.53 6.20 6.28 8.10 7.52 5.26 0.00 0.00 0.00 0.00 0.00 0.00 0.00 0.00
5.84 0.00 0.00 0.00 0.00 2.77 0.00 2.92 0.00 0.00 0.00 5.62 5.91 6.94 5.99 6.64 6.94 7.81 7.81 7.01 6.94 7.37 5.62 4.96 4.53 5.55 6.86 4.89 4.89 5.99 6.28 5.77 6.20 6.86 6.20 4.74 2.77 3.50 2.48 3.43 5.18 6.20 5.11 5.11 4.53 4.74 7.01 8.32 5.26 4.60 4.82 5.62 6.20 3.58 4.74 6.86 4.02 4.67 5.19 3.54 0.58 2.34 5.21 8.61 10.82 10.99 12.76 13.14 13.14 9.93 8.47 8.47 8.47 9.05 0.00 0.00 0.00 0.00 0.00 0.00 0.00 0.00 0.00 0.00
5.18 0.00 0.00 2.92 0.00 0.00 0.00 0.00 0.00 0.00 0.00 0.00 3.80 0.00 3.29 6.13 7.52 5.99 5.99 6.79 6.20 6.06 5.55 5.18 7.01 6.79 0.00 3.21 3.29 3.50 3.65 3.94 5.40 6.06 5.40 5.91 4.96 4.38 4.09 4.67 5.84 6.57 3.58 3.58 2.04 3.94 4.38 4.96 8.03 8.47 8.83 14.75 15.48 16.43 18.76 16.28 9.78 4.38 5.04 4.82 2.11 4.38 4.57 7.59 15.70 14.45 13.00 15.08 14.60 12.33 14.60 14.09 9.42 10.00 0.00 0.00 0.00 0.00 0.00 0.00 0.00 0.00 0.00 0.00
4.82 4.09 5.18 3.43 0.00 0.00 0.00 0.00 3.14 1.46 0.00 0.00 0.00 0.00 0.00 0.00 7.01 3.43 3.43 3.87 3.21 0.00 2.48 3.58 3.36 4.09 0.00 0.00 3.36 4.16 2.63 0.00 0.00 0.00 4.31 6.28 0.00 4.45 0.00 0.00 0.00 0.00 3.58 3.58 2.19 2.85 2.12 5.62 9.71 10.44 15.33 20.95 25.19 25.70 23.87 23.07 15.26 9.20 7.89 6.93 4.96 5.99 3.43 3.88 8.97 12.89 15.77 15.77 15.85 11.71 11.30 9.64 8.10 0.00 0.00 0.00 0.00 0.00 0.00 7.54 0.00 0.00 0.00 0.00
1.75 3.07 4.89 0.00 0.00 0.00 2.63 4.38 4.45 3.87 0.00 3.80 3.80 1.90 4.16 0.00 0.00 4.02 4.02 4.38 0.00 0.00 0.00 0.00 0.00 0.00 0.00 0.00 2.04 0.00 0.00 0.00 0.00 0.00 4.02 4.53 4.38 0.00 0.00 0.00 0.00 0.00 0.00 0.00 2.19 4.31 5.55 9.71 13.29 11.39 8.98 12.19 19.05 21.90 21.53 21.61 20.15 18.40 10.37 6.59 5.75 4.66 2.55 0.00 5.09 5.08 4.34 0.00 0.00 0.00 7.77 9.55 9.10 4.97 2.35 2.06 1.68 2.37 0.00 0.00 6.31 0.00 0.00 0.00
0.58 1.61 2.77 0.00 0.00 2.99 2.77 0.00 0.00 0.00 0.00 0.15 4.23 0.00 0.00 3.29 0.00 2.26 2.26 3.72 5.62 0.00 0.00 0.00 0.00 0.00 0.00 0.00 0.00 0.00 0.00 0.00 15.40 4.96 6.50 5.33 3.80 0.00 0.00 0.00 0.00 0.00 4.38 4.38 9.05 11.39 11.90 9.49 8.83 12.92 9.49 6.20 10.59 11.90 15.11 17.96 18.27 18.61 18.25 11.83 7.52 6.27 1.81 1.61 3.13 4.42 2.64 0.00 0.00 2.06 2.78 5.45 6.37 4.92 4.67 4.70 3.65 0.00 0.00 0.00 0.00 0.00 0.00 0.00
0.80 2.26 3.50 1.02 0.00 0.00 0.00 0.00 0.00 3.43 0.00 0.00 0.00 0.00 1.75 2.85 3.14 4.74 4.74 5.77 5.33 3.80 0.00 0.00 0.00 0.00 0.00 0.00 0.00 0.00 0.00 0.00 0.00 0.00 5.99 5.84 5.33 0.00 0.00 4.23 0.00 0.00 7.96 7.96 9.27 6.35 7.30 5.48 5.33 10.29 9.05 6.50 9.31 5.19 6.27 10.01 11.21 11.61 10.95 12.85 10.88 4.77 2.00 0.08 1.26 3.79 0.93 0.00 0.00 0.93 1.67 2.76 1.86 5.25 6.33 5.55 4.25 3.33 2.89 4.20 4.84 0.00 0.00 0.00
2.48 2.34 1.31 0.00 0.00 2.70 0.00 0.00 0.00 0.00 0.00 0.00 0.00 0.00 0.00 0.00 0.00 0.00 0.00 0.00 0.00 0.00 0.00 0.00 0.00 0.00 0.00 2.19 0.00 0.00 0.00 0.00 0.00 2.41 5.26 4.53 0.00 4.23 0.00 0.00 0.00 5.33 8.98 8.98 6.28 3.87 5.62 4.45 6.06 7.08 8.69 8.03 7.30 3.44 6.13 12.79 9.60 6.86 5.63 8.04 4.84 3.15 2.53 1.79 2.62 3.79 3.59 2.05 2.05 3.10 2.37 2.35 2.07 1.88 1.69 4.84 5.66 6.22 0.00 0.00 0.00 0.00 0.00 0.00
0.00 0.00 0.00 1.39 3.07 2.99 2.99 0.00 0.00 0.00 0.00 0.00 0.00 0.00 0.00 0.00 0.00 0.00 0.00 0.00 0.00 0.00 0.00 5.04 0.00 0.00 0.00 0.15 0.00 0.00 0.00 0.00 0.00 4.89 4.82 0.00 0.00 0.00 0.00 0.00 5.04 8.47 6.79 6.79 3.43 2.56 3.87 3.29 0.66 5.18 9.20 8.54 6.86 5.21 2.53 6.57 2.99 5.43 5.54 5.70 4.66 3.95 4.97 2.94 5.09 0.00 4.11 2.52 2.48 2.59 0.00 0.00 3.63 3.07 2.92 4.84 5.41 3.73 0.00 0.00 0.00 0.00 0.00 0.00
0.00 0.00 0.00 0.00 0.00 5.55 5.04 3.50 2.63 4.45 0.00 0.00 0.00 0.00 0.00 0.00 0.00 12.41 12.41 14.97 0.00 0.00 0.00 0.00 0.00 0.00 4.45 1.61 0.00 0.00 0.00 0.00 0.00 4.09 4.31 0.00 0.00 0.00 0.00 6.57 4.96 10.95 7.23 7.23 4.38 2.63 0.29 0.73 0.95 2.99 7.60 10.52 10.32 12.51 7.56 3.23 2.77 4.23 4.50 4.66 3.59 6.61 7.19 5.48 3.34 3.81 3.48 2.11 2.05 2.19 2.41 4.43 8.18 9.30 7.26 5.62 3.90 2.82 2.61 0.00 0.00 0.00 0.00 0.00
1.97 0.00 0.00 0.58 3.50 3.21 2.85 3.58 3.50 2.85 0.00 3.29 0.00 0.00 1.68 0.00 0.00 0.00 0.00 0.00 0.00 4.45 0.00 0.00 3.94 4.23 2.63 2.85 2.48 2.77 1.17 0.00 3.43 3.87 1.68 0.00 0.00 0.00 0.00 0.00 0.58 1.83 2.12 2.12 2.92 2.04 0.29 1.61 4.38 8.03 9.48 11.08 3.18 7.17 10.21 9.88 13.09 13.27 17.34 19.81 9.90 7.41 9.65 10.99 9.27 6.68 3.77 1.12 1.11 0.00 0.00 4.39 6.28 10.21 12.43 11.83 8.47 4.78 0.00 0.00 0.00 0.00 0.00 0.00
1.53 0.00 0.00 4.23 8.91 4.82 0.00 0.00 0.00 0.00 0.00 2.99 0.00 2.41 0.00 4.45 2.85 0.00 0.00 0.00 0.00 6.94 0.00 0.00 3.14 3.43 3.72 3.94 4.09 4.82 0.00 0.88 1.46 2.85 2.34 2.04 2.34 0.00 0.00 0.00 0.00 0.73 1.31 1.31 2.34 1.75 0.00 0.29 0.00 6.77 14.98 7.03 7.53 4.82 3.56 1.51 5.22 8.21 12.69 15.47 15.63 13.54 11.16 6.10 4.23 6.57 6.02 2.70 2.66 0.66 0.00 1.44 3.34 6.04 12.35 11.75 9.88 0.00 0.00 0.00 0.00 0.00 0.00 0.00
4.96 2.77 1.53 1.75 8.40 8.98 7.52 2.70 0.00 0.00 0.00 0.00 0.00 2.19 0.00 0.00 3.50 0.00 0.00 0.00 0.00 1.68 0.00 4.60 3.50 0.88 0.73 1.61 3.29 4.96 2.92 2.41 2.56 4.31 4.31 6.86 5.84 0.37 0.00 0.00 0.00 1.39 0.58 0.58 0.15 0.00 0.44 0.00 0.00 2.89 7.00 0.84 4.96 6.14 3.19 2.21 0.89 3.37 4.68 12.80 16.88 18.18 10.73 7.88 5.04 5.81 8.34 4.99 5.55 2.73 1.19 2.64 3.92 8.63 11.08 9.36 7.15 0.00 0.00 0.00 0.00 0.00 0.00 0.00
2.92 5.26 4.60 0.00 0.44 5.84 6.86 5.36 0.00 0.00 0.00 0.00 0.00 0.00 4.31 3.65 2.41 3.80 3.80 1.97 2.19 0.00 0.00 4.45 3.72 0.95 0.00 1.75 4.31 3.50 2.48 1.97 1.61 3.07 4.31 4.67 4.09 0.95 0.00 0.00 0.44 1.83 0.22 0.22 0.37 0.15 0.15 3.01 3.87 2.70 3.16 0.55 0.59 0.00 0.00 7.12 2.74 0.00 0.00 9.68 11.16 16.62 14.60 15.62 10.66 3.32 5.94 6.59 6.35 3.15 0.63 2.62 5.24 5.38 6.27 6.06 6.45 0.00 0.00 0.00 0.00 0.00 11.18 11.74
0.00 0.00 0.00 0.00 0.00 3.58 4.16 1.97 0.80 0.00 0.00 0.00 0.00 0.00 0.00 2.92 3.07 0.00 0.00 0.00 0.00 0.00 1.53 0.66 1.61 1.39 0.00 0.58 1.02 0.44 1.39 0.88 0.80 2.12 3.07 3.36 1.97 1.39 0.00 0.00 0.00 1.31 0.00 0.00 0.58 0.58 4.82 5.84 6.64 3.58 3.56 0.00 0.00 0.00 0.00 0.00 0.00 0.00 0.00 12.68 9.91 13.29 15.53 20.38 14.82 7.60 5.82 8.74 8.79 3.42 0.61 2.18 3.65 3.13 3.51 4.48 4.62 4.77 3.69 0.00 0.00 0.00 6.04 11.76
0.00 0.00 0.00 0.00 0.00 0.00 8.83 9.20 5.18 3.36 5.48 0.00 0.00 0.00 0.00 0.00 0.00 0.00 0.00 0.00 2.34 0.00 0.37 0.00 0.15 0.00 0.22 0.00 0.00 0.00 0.07 2.19 1.54 2.57 0.88 1.83 0.37 0.00 0.00 0.00 0.22 0.37 0.00 0.00 0.00 0.00 1.25 1.75 4.15 4.59 2.72 0.00 0.00 0.00 0.00 0.00 0.00 0.00 0.00 8.95 8.72 13.14 15.81 17.46 16.25 14.35 8.14 5.81 6.79 7.62 2.46 0.00 0.00 2.81 3.03 3.67 3.81 3.29 0.00 0.00 0.00 0.00 5.68 0.00
0.00 0.00 0.00 0.00 0.00 0.00 1.97 4.16 4.45 3.80 6.35 0.00 0.00 4.23 0.00 0.00 0.00 0.00 0.00 0.00 0.80 0.00 1.90 0.00 1.46 1.10 2.48 0.44 0.29 0.00 0.00 0.00 1.61 0.80 0.00 0.15 0.29 0.00 0.00 0.00 0.00 0.00 0.00 0.00 0.00 1.61 0.00 0.00 0.00 0.00 0.00 0.00 0.00 0.00 0.00 0.00 0.00 0.00 0.00 0.00 7.71 6.73 10.01 15.73 15.03 14.68 15.24 4.59 5.14 7.16 4.81 6.69 0.00 0.00 0.00 0.00 7.38 3.07 0.00 0.00 0.00 0.00 7.15 0.00
0.00 0.00 0.00 0.00 0.00 0.00 0.00 0.95 3.36 7.37 6.72 0.00 9.78 9.78 6.28 5.71 0.00 0.00 0.00 0.00 0.00 0.00 0.00 2.77 3.80 3.14 3.50 1.10 0.00 2.19 1.17 1.10 0.00 0.22 0.00 0.00 1.75 0.00 0.00 0.00 0.00 0.00 0.00 0.00 1.68 1.61 0.00 0.37 0.00 0.00 0.00 0.00 0.00 0.00 0.00 0.00 0.00 0.00 0.00 0.00 0.00 7.72 5.25 8.98 12.54 11.59 16.04 9.48 9.68 5.27 4.66 6.11 0.00 0.00 0.00 0.00 0.00 0.00 0.00 0.00 0.00 0.00 0.00 0.00
0.00 0.00 0.00 0.00 0.00 0.00 0.00 0.00 4.89 9.93 6.64 7.81 7.66 8.83 6.06 6.02 4.82 0.00 0.00 0.00 0.00 0.00 0.00 0.00 0.80 2.77 0.00 0.00 0.00 3.43 0.00 3.72 0.00 3.29 0.00 0.00 0.00 0.00 0.00 0.00 0.95 1.53 0.00 0.00 0.00 0.58 0.00 1.47 4.95 0.00 0.00 0.00 0.00 0.00 0.00 0.00 0.00 0.00 0.00 0.00 0.00 0.00 0.00 0.00 6.88 11.72 11.28 11.16 13.65 0.00 0.00 0.00 0.00 0.00 0.00 0.00 0.00 0.00 0.00 0.00 0.00 0.00 0.00 0.00
0.00 0.00 0.00 0.00 0.00 0.00 0.00 0.00 0.00 0.00 0.00 0.00 0.00 0.00 0.00 0.00 3.50 7.11 7.22 4.89 5.62 9.42 6.79 7.88 5.55 2.99 4.96 0.00 0.00 0.00 0.00 4.31 0.00 0.00 4.09 7.08 8.03 7.01 0.00 2.64 4.67 4.94 3.72 3.72 2.85 0.51 2.92 6.82 6.46 0.00 0.00 0.00 0.00 0.00 0.00 0.00 0.00 0.00 0.00 0.00 0.00 0.00 0.00 0.00 0.00 0.00 0.00 0.00 0.00 0.00 0.00 0.00 0.00 0.00 0.00 0.00 0.00 0.00 0.00 0.00 0.00 0.00 0.00 0.00
0.00 0.00 0.00 0.00 0.00 0.00 0.00 0.00 0.00 0.00 0.00 0.00 0.00 0.00 0.00 0.00 0.00 0.00 0.00 0.00 0.08 0.45 9.20 13.80 10.59 3.26 6.21 10.73 9.42 6.28 5.40 6.50 0.00 0.80 1.83 5.84 10.51 12.34 7.01 1.97 4.95 11.53 5.62 6.28 4.38 5.40 8.83 10.93 0.00 0.00 0.00 0.00 0.00 0.00 0.00 0.00 0.00 0.00 0.00 0.00 0.00 0.00 0.00 0.00 0.00 0.00 0.00 0.00 0.00 0.00 0.00 0.00 0.00 0.00 0.00 0.00 0.00 0.00 0.00 0.00 0.00 0.00 0.00 0.00
0.00 0.00 0.00 0.00 0.00 0.00 0.00 0.00 0.00 0.00 0.00 0.00 0.00 0.00 0.00 0.00 0.00 0.00 0.00 0.00 0.00 0.00 2.41 4.67 5.62 0.00 1.27 8.18 12.85 7.66 4.38 5.77 4.52 2.99 0.00 0.00 5.04 4.31 3.21 0.00 0.00 3.36 2.95 3.75 5.36 8.76 6.62 7.48 0.00 0.00 0.00 0.00 0.00 0.00 0.00 0.00 0.00 0.00 0.00 0.00 0.00 0.00 0.00 0.00 0.00 0.00 0.00 0.00 0.00 0.00 0.00 0.00 0.00 0.00 0.00 0.00 0.00 0.00 0.00 0.00 0.00 0.00 0.00 0.00
0.00 0.00 0.00 0.00 0.00 0.00 0.00 0.00 0.00 0.00 0.00 0.00 0.00 0.00 0.00 0.00 0.00 0.00 0.00 0.00 0.00 0.00 0.00 0.00 0.00 0.00 0.00 0.00 5.26 0.88 0.00 2.03 0.00 0.00 0.00 0.00 0.00 0.00 0.00 0.00 0.00 0.00 0.00 0.00 0.00 1.95 0.00 0.00 0.00 0.00 0.00 0.00 0.00 0.00 0.00 0.00 0.00 0.00 0.00 0.00 0.00 0.00 0.00 0.00 0.00 0.00 0.00 0.00 0.00 0.00 0.00 0.00 0.00 0.00 0.00 0.00 0.00 0.00 0.00 0.00 0.00 0.00 0.00 0.00
0.00 0.00 0.00 0.00 0.00 0.00 0.00 0.00 0.00 0.00 0.00 0.00 0.00 0.00 0.00 0.00 0.00 0.00 0.00 0.00 0.00 0.00 0.00 0.00 0.00 0.00 0.00 0.00 0.00 0.00 0.00 0.00 0.00 0.00 0.00 0.00 0.00 0.00 0.00 0.00 0.00 0.00 0.00 0.00 0.00 0.00 0.00 0.00 0.00 0.00 0.00 0.00 0.00 0.00 0.00 0.00 0.00 0.00 0.00 0.00 0.00 0.00 0.00 0.00 0.00 0.00 0.00 0.00 0.00 0.00 0.00 0.00 0.00 0.00 0.00 0.00 0.00 0.00 0.00 0.00 0.00 0.00 0.00 0.00
0.00 0.00 0.00 0.00 0.00 0.00 0.00 0.00 0.00 0.00 0.00 0.00 0.00 0.00 0.00 0.00 0.00 0.00 0.00 0.00 0.00 0.00 0.00 0.00 0.00 0.00 0.00 0.00 0.00 0.00 0.00 0.00 0.00 0.00 0.00 0.00 0.00 0.00 0.00 0.00 0.00 0.00 0.00 0.00 0.00 0.00 0.00 0.00 0.00 0.00 0.00 0.00 0.00 0.00 0.00 0.00 0.00 0.00 0.00 0.00 0.00 0.00 0.00 0.00 0.00 0.00 0.00 0.00 0.00 0.00 0.00 0.00 0.00 0.00 0.00 0.00 0.00 0.00 0.00 0.00 0.00 0.00 0.00 0.00
0.00 0.00 0.00 0.00 0.00 0.00 0.00 0.00 0.00 0.00 0.00 0.00 0.00 0.00 0.00 0.00 0.00 0.00 0.00 0.00 0.00 0.00 0.00 0.00 0.00 0.00 0.00 0.00 0.00 0.00 0.00 0.00 0.00 0.00 0.00 0.00 0.00 0.00 0.00 0.00 0.00 0.00 0.00 0.00 0.00 0.00 0.00 0.00 0.00 0.00 0.00 0.00 0.00 0.00 0.00 0.00 0.00 0.00 0.00 0.00 0.00 0.00 0.00 0.00 0.00 0.00 0.00 0.00 0.00 0.00 0.00 0.00 0.00 0.00 0.00 0.00 0.00 0.00 0.00 0.00 0.00 0.00 0.00 0.00
