Wansh/Snow_depth/snowdepth-1984/winter/1984354.txt
ncols 321
nrows 161
xllcenter 60
yllcenter 15 
cellsize  0.25 
NODATA_value -1
[rows 0 to 37 of 161, columns 84 to 167 of 321]
16.35 16.13 14.38 13.29 13.58 10.73 9.93 10.07 11.83 12.99 13.29 13.72 13.94 14.60 15.62 15.77 14.45 14.31 14.31 13.51 13.94 13.58 13.80 10.73 8.10 5.77 3.72 2.41 3.14 3.87 4.45 8.61 10.15 9.86 8.91 6.79 7.08 6.72 5.69 4.89 6.64 6.35 5.91 5.91 5.33 3.87 2.12 3.65 6.42 7.59 9.56 10.15 8.40 5.99 6.20 6.86 6.94 7.37 5.04 4.16 3.21 2.77 2.70 2.19 2.70 4.09 4.67 6.06 6.06 6.86 5.69 5.33 5.55 5.69 6.50 7.01 6.86 6.42 5.11 4.67 5.33 5.40 3.36 3.07
13.72 14.09 13.94 12.26 10.66 9.13 8.10 9.42 11.75 13.14 13.87 12.05 10.29 7.81 9.27 9.86 11.61 12.92 12.92 12.34 12.99 12.99 12.92 11.02 8.61 8.40 5.84 3.72 3.14 4.31 5.55 7.08 8.76 7.45 5.91 5.04 0.00 0.00 3.29 4.09 5.84 7.45 8.32 8.32 7.59 4.89 2.41 2.34 2.48 3.50 4.82 4.45 5.11 5.84 5.99 6.35 7.74 9.05 7.37 4.82 5.55 7.23 6.50 4.53 5.55 6.06 7.30 8.69 8.69 9.34 7.45 4.23 2.85 3.58 4.23 5.26 5.84 5.48 5.55 4.82 5.18 6.35 6.57 6.50
13.87 13.72 12.99 9.93 9.93 11.32 13.94 14.82 16.35 15.26 14.60 13.43 12.12 11.75 10.37 6.94 7.66 9.34 9.34 9.86 11.97 13.21 14.09 13.43 10.37 8.83 7.81 4.96 3.36 4.23 4.60 5.48 7.88 7.59 6.06 4.38 2.99 3.50 2.26 0.73 0.00 2.77 7.01 7.01 5.84 7.01 6.06 4.02 2.12 1.97 3.21 3.36 3.80 5.18 6.35 6.35 7.52 9.13 9.13 8.18 9.20 10.59 11.61 11.53 9.13 8.69 10.29 11.90 11.90 10.66 8.40 5.69 6.06 6.57 7.45 9.64 8.54 8.25 7.30 6.35 7.96 7.74 7.01 8.10
13.87 13.72 12.99 9.93 9.93 11.32 13.94 14.82 16.35 15.26 14.60 13.43 12.12 11.75 10.37 6.94 7.66 9.34 9.34 9.86 11.97 13.21 14.09 13.43 10.37 8.83 7.81 4.96 3.36 4.23 4.60 5.48 7.88 7.59 6.06 4.38 2.99 3.50 2.26 0.73 0.00 2.77 7.01 7.01 5.84 7.01 6.06 4.02 2.12 1.97 3.21 3.36 3.80 5.18 6.35 6.35 7.52 9.13 9.13 8.18 9.20 10.59 11.61 11.53 9.13 8.69 10.29 11.90 11.90 10.66 8.40 5.69 6.06 6.57 7.45 9.64 8.54 8.25 7.30 6.35 7.96 7.74 7.01 8.10
12.12 11.46 11.02 12.56 13.58 13.14 13.14 14.53 16.06 15.70 14.31 14.45 15.62 15.84 14.82 11.90 8.69 6.35 6.35 5.77 5.40 8.83 12.41 13.87 13.36 10.73 7.74 5.99 3.94 3.36 3.14 4.23 5.04 6.57 7.88 6.72 5.18 4.31 2.41 0.00 0.00 0.00 2.70 2.70 3.58 8.10 10.00 8.61 6.35 4.45 2.48 1.31 1.46 1.83 2.12 2.26 3.72 7.15 8.54 9.86 10.44 11.02 10.73 10.95 10.59 10.88 11.10 11.02 11.02 9.64 6.64 5.77 6.72 7.81 7.81 10.00 11.90 10.73 9.34 8.83 8.40 7.52 7.96 7.88
17.59 16.06 15.70 15.33 14.24 12.85 10.73 11.10 13.29 14.16 15.40 17.16 18.76 19.05 18.98 18.47 17.08 13.94 13.94 10.95 8.76 8.76 10.51 13.43 12.85 9.78 7.74 6.35 5.40 4.45 3.80 4.16 6.13 7.15 7.81 9.05 4.89 1.61 0.00 0.00 0.07 0.00 0.00 0.00 3.36 6.94 7.74 11.02 8.54 4.82 2.63 2.19 2.26 1.97 2.70 4.23 4.96 6.35 7.01 8.18 10.37 11.24 12.63 14.24 13.51 11.75 9.42 6.28 6.28 6.79 6.79 8.40 7.96 5.48 6.20 5.18 3.72 7.23 11.17 11.90 12.56 11.17 9.78 8.47
18.47 17.81 15.77 15.99 15.91 14.75 12.48 13.65 14.09 13.65 15.04 16.43 16.35 18.18 18.76 17.16 16.28 15.77 15.77 14.16 12.99 10.29 7.88 8.54 8.32 6.86 6.86 7.45 5.99 4.96 5.18 5.40 7.23 7.45 6.86 7.30 4.38 0.00 0.00 0.80 0.00 0.00 2.26 2.26 3.58 5.33 6.57 6.50 6.06 6.13 4.16 3.29 3.29 5.18 6.50 7.59 7.08 10.00 9.64 9.34 10.88 13.87 16.64 15.48 15.55 16.57 14.75 11.68 11.68 9.93 10.66 12.63 13.51 10.51 9.42 10.37 5.84 8.76 8.61 9.20 10.95 11.46 11.90 10.88
18.47 17.81 15.77 15.99 15.91 14.75 12.48 13.65 14.09 13.65 15.04 16.43 16.35 18.18 18.76 17.16 16.28 15.77 15.77 14.16 12.99 10.29 7.88 8.54 8.32 6.86 6.86 7.45 5.99 4.96 5.18 5.40 7.23 7.45 6.86 7.30 4.38 0.00 0.00 0.80 0.00 0.00 2.26 2.26 3.58 5.33 6.57 6.50 6.06 6.13 4.16 3.29 3.29 5.18 6.50 7.59 7.08 10.00 9.64 9.34 10.88 13.87 16.64 15.48 15.55 16.57 14.75 11.68 11.68 9.93 10.66 12.63 13.51 10.51 9.42 10.37 5.84 8.76 8.61 9.20 10.95 11.46 11.90 10.88
16.57 16.72 16.79 16.50 17.37 17.16 15.33 15.33 15.62 12.48 12.12 10.88 12.34 14.16 16.06 16.86 15.99 14.24 14.24 11.39 11.53 10.07 9.05 7.23 6.86 7.66 7.74 6.57 5.55 5.33 5.33 5.69 7.01 7.52 9.20 6.64 3.29 2.19 0.00 1.68 0.29 1.68 1.75 1.75 2.41 3.58 3.50 3.87 5.04 5.62 5.84 5.91 4.60 4.96 6.57 7.52 7.45 7.37 7.45 7.81 9.93 11.97 13.58 13.36 13.36 14.24 14.60 12.99 12.99 10.88 12.19 14.75 13.51 12.19 11.02 10.80 10.73 9.49 9.86 10.88 9.27 9.56 11.17 11.32
16.43 16.86 16.13 14.89 14.82 15.99 13.36 11.83 10.88 9.93 9.78 10.80 11.83 12.05 13.36 14.45 14.02 12.56 12.56 11.75 11.24 10.59 9.42 8.47 7.59 7.45 7.52 7.37 7.37 6.64 6.42 5.99 6.79 8.47 9.78 7.15 5.84 4.74 3.21 4.23 4.16 3.94 3.87 3.87 3.14 3.94 4.60 6.13 9.86 10.37 11.53 13.43 10.73 7.45 6.72 7.01 6.13 5.48 5.62 6.28 6.86 6.50 5.91 7.37 7.59 8.25 8.40 10.95 10.95 11.68 11.97 13.14 13.94 11.02 8.98 10.07 12.26 13.14 12.41 11.10 9.78 8.54 9.13 11.61
14.45 14.31 15.04 14.53 12.63 10.29 7.30 6.64 6.06 6.72 6.72 6.86 8.61 7.45 7.15 8.18 8.98 9.34 9.34 8.83 10.29 8.69 7.30 5.91 6.28 7.08 5.99 5.69 6.86 7.37 5.99 6.13 7.08 6.42 6.35 6.28 6.28 5.40 3.87 2.63 4.16 5.04 6.28 6.28 6.35 5.91 7.66 8.83 9.49 8.47 8.40 10.07 9.86 8.18 7.01 7.96 8.91 8.76 6.86 5.99 5.62 6.64 6.86 7.01 10.07 12.12 15.33 17.74 17.74 17.30 15.62 14.24 14.75 13.65 12.19 9.56 9.86 9.56 9.64 8.69 9.86 9.64 8.76 8.03
14.45 14.31 15.04 14.53 12.63 10.29 7.30 6.64 6.06 6.72 6.72 6.86 8.61 7.45 7.15 8.18 8.98 9.34 9.34 8.83 10.29 8.69 7.30 5.91 6.28 7.08 5.99 5.69 6.86 7.37 5.99 6.13 7.08 6.42 6.35 6.28 6.28 5.40 3.87 2.63 4.16 5.04 6.28 6.28 6.35 5.91 7.66 8.83 9.49 8.47 8.40 10.07 9.86 8.18 7.01 7.96 8.91 8.76 6.86 5.99 5.62 6.64 6.86 7.01 10.07 12.12 15.33 17.74 17.74 17.30 15.62 14.24 14.75 13.65 12.19 9.56 9.86 9.56 9.64 8.69 9.86 9.64 8.76 8.03
14.97 14.67 13.58 11.83 4.96 4.16 4.53 4.60 3.87 3.14 3.87 5.33 6.50 7.88 8.83 9.49 9.93 11.46 11.46 11.75 10.73 9.13 7.23 6.64 6.06 5.48 5.26 5.62 6.50 7.52 7.30 6.35 7.01 6.64 7.52 8.69 7.37 6.94 6.86 9.71 9.20 7.81 6.13 6.13 5.62 5.62 6.64 8.03 8.18 7.59 7.37 7.15 6.28 6.50 8.10 10.00 12.41 15.04 13.21 9.93 7.45 6.64 5.91 7.30 8.83 10.00 11.97 16.35 16.35 18.18 18.54 18.76 15.62 16.86 15.11 11.83 10.44 10.95 11.83 11.75 13.72 13.65 14.67 13.43
14.45 11.32 8.91 6.13 5.11 4.16 7.15 7.66 8.76 9.05 8.32 9.13 11.17 11.97 13.58 12.63 11.02 9.13 9.13 7.96 7.59 6.86 7.01 6.64 5.77 6.57 7.96 6.86 7.45 9.64 11.32 12.12 13.29 11.24 11.75 11.61 11.97 10.00 8.98 9.42 7.23 6.35 4.60 4.60 5.84 6.86 8.32 9.42 9.78 9.34 9.34 8.40 8.91 8.47 8.10 8.25 10.29 11.02 10.95 11.83 12.48 13.21 12.48 12.12 12.63 13.58 16.28 16.94 16.94 18.18 19.13 19.35 18.61 16.72 15.62 14.45 12.99 14.16 11.53 9.93 10.37 10.29 10.22 10.95
12.34 12.19 9.71 8.98 6.79 7.59 7.01 7.66 10.15 11.46 11.83 11.39 10.95 13.36 14.24 13.36 13.51 10.37 10.37 8.61 8.10 9.13 10.51 9.71 6.79 7.30 10.66 10.29 10.66 13.29 14.89 15.26 13.94 12.56 12.41 8.98 7.59 7.37 6.79 6.35 8.40 9.86 10.95 10.95 10.22 11.39 12.41 13.43 13.87 13.07 11.75 10.88 10.73 11.90 11.53 11.90 14.24 12.26 8.18 7.52 9.05 10.00 12.19 14.16 13.80 13.29 13.87 12.48 12.48 15.26 16.72 18.47 14.02 11.32 12.41 11.17 6.13 5.04 5.33 8.25 14.24 14.75 13.51 13.58
11.02 11.53 9.27 9.49 9.78 7.08 7.08 7.96 8.69 9.27 10.59 11.68 11.61 11.75 10.73 11.39 11.53 11.39 11.39 9.20 8.40 8.40 11.32 11.17 10.80 10.07 8.98 9.86 12.78 15.04 14.89 15.04 12.12 11.75 7.59 5.62 6.06 7.30 8.91 9.86 9.78 10.44 10.37 10.37 10.29 10.59 9.13 7.74 7.88 9.49 10.07 9.34 9.78 10.37 9.71 10.44 11.02 9.34 6.86 5.84 6.50 7.23 7.52 9.20 11.02 12.19 13.51 12.48 12.48 14.16 17.67 15.40 11.32 10.07 11.90 11.10 7.01 3.72 4.02 8.83 15.26 15.48 14.45 16.94
11.02 11.53 9.27 9.49 9.78 7.08 7.08 7.96 8.69 9.27 10.59 11.68 11.61 11.75 10.73 11.39 11.53 11.39 11.39 9.20 8.40 8.40 11.32 11.17 10.80 10.07 8.98 9.86 12.78 15.04 14.89 15.04 12.12 11.75 7.59 5.62 6.06 7.30 8.91 9.86 9.78 10.44 10.37 10.37 10.29 10.59 9.13 7.74 7.88 9.49 10.07 9.34 9.78 10.37 9.71 10.44 11.02 9.34 6.86 5.84 6.50 7.23 7.52 9.20 11.02 12.19 13.51 12.48 12.48 14.16 17.67 15.40 11.32 10.07 11.90 11.10 7.01 3.72 4.02 8.83 15.26 15.48 14.45 16.94
11.46 11.68 12.41 10.51 11.90 8.03 5.69 5.69 5.69 5.99 7.37 8.98 9.49 9.42 9.86 10.29 9.56 8.47 8.47 8.98 8.32 7.74 8.18 9.86 11.24 11.02 8.76 9.49 11.24 12.78 13.51 14.02 13.72 11.02 5.48 3.14 3.29 2.63 6.64 8.61 9.49 10.29 9.71 9.71 11.68 10.22 7.81 7.81 9.34 9.64 8.69 8.83 9.42 9.71 9.27 8.98 7.88 6.35 5.77 7.66 9.86 9.13 8.54 8.03 9.13 11.24 12.99 15.55 15.55 17.67 17.01 13.65 11.02 12.34 12.63 9.86 0.00 0.00 7.37 14.89 12.92 13.21 10.59 10.73
12.12 12.56 13.14 13.94 13.87 10.80 10.88 8.18 6.64 8.47 7.88 7.59 8.25 10.88 11.53 11.32 10.88 11.10 11.10 10.95 9.86 7.23 6.57 8.83 11.32 12.63 12.19 10.95 11.17 13.29 14.75 16.06 18.18 12.56 10.29 8.32 6.57 5.77 6.57 8.61 8.69 7.81 7.52 7.52 5.48 4.67 2.04 2.41 3.65 2.41 2.26 4.02 6.50 8.40 8.83 9.42 8.83 8.32 11.32 15.77 18.91 18.69 13.94 10.73 10.95 12.56 14.16 19.13 19.13 19.05 19.05 14.89 12.78 13.29 12.92 11.61 9.56 6.35 4.45 9.05 10.44 10.00 10.44 11.02
9.27 10.07 9.42 10.80 12.78 11.10 9.86 8.54 6.28 6.35 6.35 6.57 7.59 8.32 8.83 9.13 10.00 11.83 11.83 12.56 11.24 10.07 7.59 9.64 12.48 12.78 12.05 12.85 12.78 12.34 14.31 16.64 12.41 11.61 10.15 10.15 7.59 5.99 6.94 5.55 4.23 3.58 3.50 3.50 4.16 2.04 0.00 0.00 4.74 6.13 6.13 6.94 8.98 11.17 10.51 9.93 10.44 12.05 13.43 16.86 21.68 23.21 21.10 17.81 16.21 15.77 18.47 19.42 19.42 17.08 11.39 10.66 9.56 10.51 9.42 6.79 6.94 7.08 7.23 7.96 9.78 8.76 10.07 10.66
9.86 9.71 9.13 8.25 8.69 7.15 6.50 8.25 8.03 8.10 8.03 7.23 6.72 7.37 6.64 7.15 7.59 8.69 8.69 10.00 10.88 12.12 12.85 12.99 14.09 14.02 13.58 11.53 11.02 8.10 9.64 13.80 13.51 11.24 7.74 5.77 5.33 6.13 7.96 7.23 5.84 6.06 7.01 7.01 8.83 9.20 9.20 8.83 11.68 12.70 10.95 9.56 7.74 7.88 8.61 9.86 10.07 11.68 14.67 17.16 18.91 20.29 21.83 21.02 21.17 21.75 21.10 19.35 19.35 11.39 9.20 8.32 6.79 5.55 3.65 4.38 5.11 5.11 6.50 7.23 6.35 7.59 9.27 9.64
8.76 8.91 10.15 9.56 8.98 9.20 10.44 11.75 12.85 13.58 12.70 13.65 14.60 15.40 13.43 10.73 8.03 5.62 5.62 7.23 10.73 12.70 12.92 14.24 16.94 17.67 18.61 17.16 15.04 10.80 7.15 12.34 12.19 10.00 5.91 0.00 0.00 0.00 0.00 11.68 13.14 9.20 7.23 7.23 8.98 11.17 12.19 9.93 8.69 9.05 9.56 9.56 9.56 11.83 15.55 16.79 15.55 13.29 13.87 15.77 17.01 18.91 21.61 20.00 19.78 21.46 21.53 17.30 17.30 12.85 8.69 5.26 4.74 4.60 4.67 3.87 3.43 3.36 3.58 3.50 2.92 1.17 2.85 4.96
8.76 8.91 10.15 9.56 8.98 9.20 10.44 11.75 12.85 13.58 12.70 13.65 14.60 15.40 13.43 10.73 8.03 5.62 5.62 7.23 10.73 12.70 12.92 14.24 16.94 17.67 18.61 17.16 15.04 10.80 7.15 12.34 12.19 10.00 5.91 0.00 0.00 0.00 0.00 11.68 13.14 9.20 7.23 7.23 8.98 11.17 12.19 9.93 8.69 9.05 9.56 9.56 9.56 11.83 15.55 16.79 15.55 13.29 13.87 15.77 17.01 18.91 21.61 20.00 19.78 21.46 21.53 17.30 17.30 12.85 8.69 5.26 4.74 4.60 4.67 3.87 3.43 3.36 3.58 3.50 2.92 1.17 2.85 4.96
8.18 8.40 7.59 7.74 7.74 7.81 10.22 10.07 9.93 12.34 11.83 10.29 10.07 12.05 14.24 14.75 15.33 13.07 13.07 13.07 14.67 15.70 16.21 17.30 20.44 24.24 19.35 20.37 16.06 14.97 8.83 9.27 9.78 8.25 6.28 4.02 0.00 0.00 0.00 6.06 9.71 7.66 4.53 4.53 2.04 2.04 1.75 0.00 0.00 0.00 1.75 3.94 6.64 9.78 12.19 13.43 11.97 10.07 11.97 15.18 16.72 16.94 18.91 19.56 19.64 20.08 20.15 19.56 19.56 17.81 16.64 11.90 8.98 7.15 5.77 4.60 5.26 5.91 5.26 2.77 2.48 3.21 3.50 3.87
8.61 8.18 7.52 8.32 8.69 9.56 10.59 11.68 13.43 15.62 9.56 4.96 4.96 6.06 9.93 11.46 11.97 13.43 13.43 13.14 14.60 15.62 13.87 13.48 13.87 15.25 14.08 17.59 17.74 10.37 7.96 6.06 0.00 0.00 0.00 0.00 0.00 0.00 0.00 3.50 3.58 0.00 2.99 2.99 3.94 0.00 0.00 2.26 0.00 0.00 0.00 0.00 2.85 4.31 5.69 7.52 7.30 7.96 11.24 12.63 12.78 13.80 15.70 17.96 18.83 23.29 23.87 24.60 24.60 24.02 22.12 17.30 14.31 10.88 8.47 7.01 6.20 7.37 6.35 6.35 4.23 1.68 1.68 2.56
12.63 13.87 13.51 11.32 10.73 11.61 13.87 16.86 14.75 12.26 10.22 8.61 7.01 8.10 8.40 8.10 9.71 10.00 10.00 10.44 13.29 14.82 13.72 14.60 17.54 13.11 11.56 15.73 21.17 14.89 12.92 9.64 5.99 0.00 0.00 2.48 2.41 3.58 4.31 3.43 2.77 0.00 0.00 0.00 0.00 0.00 0.00 1.83 0.00 0.00 0.00 0.00 0.00 0.00 0.00 0.00 0.00 2.26 6.28 10.44 11.97 10.80 10.73 13.43 15.40 16.28 18.47 18.69 18.69 19.05 18.83 15.84 14.60 12.56 10.22 9.56 8.83 9.71 10.95 9.78 6.13 4.45 3.14 2.56
12.99 14.97 14.09 12.05 11.39 10.29 9.42 9.20 8.10 5.99 6.64 8.40 6.86 7.37 7.96 8.03 8.61 10.88 10.88 12.19 12.63 12.52 13.55 15.05 12.86 12.25 13.52 13.35 15.05 15.20 13.58 12.85 11.75 4.09 3.36 4.45 0.00 0.00 4.60 0.00 1.90 0.00 0.00 0.00 0.00 0.00 0.00 0.00 0.00 0.00 0.00 0.00 0.00 0.00 0.00 0.00 0.00 0.00 0.00 7.66 11.39 11.32 11.46 12.99 11.10 13.80 19.20 21.02 21.02 20.81 21.53 20.44 17.74 14.82 14.53 14.67 12.70 11.46 10.95 10.00 5.77 5.84 4.96 4.31
11.75 12.56 12.63 10.66 9.56 7.59 6.72 0.00 0.00 0.00 0.00 0.00 3.72 7.23 10.07 10.37 10.80 11.46 11.46 9.02 7.37 9.56 10.31 12.34 12.45 12.41 14.52 12.93 15.78 16.00 15.92 16.79 15.62 13.58 12.05 9.05 6.13 4.96 4.74 2.26 1.17 1.24 0.51 0.51 0.00 0.00 0.00 0.00 0.00 0.00 0.00 0.00 0.00 0.00 0.00 0.00 0.00 0.00 0.00 6.64 10.44 11.61 13.80 16.64 18.54 19.93 23.58 24.82 24.82 21.53 22.05 21.46 22.78 21.75 18.69 17.45 13.36 11.39 10.73 6.94 5.04 5.04 5.40 7.37
11.75 12.56 12.63 10.66 9.56 7.59 6.72 0.00 0.00 0.00 0.00 0.00 3.72 7.23 10.07 10.37 10.80 11.46 11.52 9.31 7.49 10.24 10.05 12.65 12.26 12.41 14.09 12.02 14.75 16.25 16.08 17.49 17.55 14.37 12.35 9.05 6.13 4.96 4.74 2.26 1.17 1.24 0.51 0.51 0.00 0.00 0.00 0.00 0.00 0.00 0.00 0.00 0.00 0.00 0.00 0.00 0.00 0.00 0.00 6.64 10.44 11.61 13.80 16.64 18.54 19.93 23.58 24.82 24.82 21.53 22.05 21.46 22.78 21.75 18.69 17.45 13.36 11.39 10.73 6.94 5.04 5.04 5.40 7.37
14.89 13.80 12.41 11.53 10.15 9.05 7.96 7.15 4.31 0.00 0.00 0.00 0.00 6.28 11.32 12.85 15.18 14.31 14.31 11.10 8.83 7.66 7.34 9.19 10.63 11.58 13.94 9.39 9.34 10.20 10.91 10.82 15.53 15.37 14.52 13.47 10.54 7.01 5.04 4.23 2.26 2.04 2.34 2.34 0.00 0.00 0.00 0.00 0.00 0.00 0.00 0.00 0.00 0.00 0.00 0.00 0.00 0.00 1.90 1.53 3.94 8.10 12.19 24.82 26.06 24.24 23.94 23.58 23.58 21.61 23.07 23.80 23.87 23.65 23.51 19.56 14.89 12.48 10.15 7.01 5.55 4.23 4.09 4.38
14.45 14.89 11.24 9.56 8.54 9.05 10.37 11.68 12.70 11.68 10.29 9.42 10.59 12.48 15.18 16.13 17.45 15.11 15.11 11.81 10.29 9.10 7.01 6.64 4.92 7.26 7.52 9.53 10.50 10.40 10.51 10.00 9.64 10.49 13.70 15.86 12.82 10.64 7.88 4.96 4.82 3.80 2.77 2.77 2.34 1.97 2.34 3.50 0.00 0.00 0.00 0.00 0.00 0.00 0.00 0.00 3.07 0.00 0.00 3.80 0.00 4.02 12.48 20.81 22.70 20.59 23.94 28.11 28.11 26.21 27.16 26.57 24.45 24.97 23.87 18.91 15.04 12.48 9.78 7.96 6.06 4.23 2.92 2.12
11.53 11.24 11.10 10.37 9.27 8.10 8.69 9.56 10.66 12.34 11.61 10.80 11.17 10.51 10.88 12.12 11.97 11.90 11.90 10.73 9.86 8.91 6.64 3.94 0.00 0.00 7.74 9.51 10.81 13.52 12.70 12.26 11.46 10.59 12.29 12.72 13.88 14.24 14.89 12.99 9.78 6.06 3.14 3.14 2.04 3.14 2.26 1.68 0.00 0.00 0.00 0.00 0.00 0.00 0.00 0.00 0.00 0.00 0.00 0.00 0.00 0.00 12.26 15.04 15.40 18.25 22.92 24.02 24.02 21.46 20.44 21.97 23.87 24.89 23.80 20.88 17.81 14.82 11.53 9.34 7.66 5.91 4.89 4.09
18.40 18.54 16.72 13.87 9.64 8.10 11.39 13.51 13.72 12.85 12.56 11.24 10.15 9.49 8.47 9.05 9.49 8.25 8.25 7.30 8.98 7.01 4.38 4.09 4.60 0.00 0.00 8.07 9.56 10.88 13.51 14.16 12.41 13.58 14.38 13.43 14.08 15.58 17.80 16.00 12.12 7.59 4.60 4.60 3.65 3.87 4.16 3.21 2.48 0.00 0.00 0.00 0.00 0.00 0.00 0.00 0.00 4.53 3.58 0.00 0.00 0.00 9.56 9.78 13.72 19.71 21.32 13.80 13.80 9.64 8.25 12.63 19.27 21.24 19.86 21.02 21.53 19.42 13.51 9.05 7.37 5.62 5.18 3.50
10.59 16.13 18.98 17.37 14.97 15.48 16.35 15.55 14.38 15.40 16.21 13.58 8.47 5.26 7.45 6.28 4.74 3.50 3.50 3.07 2.63 4.89 3.58 3.29 3.72 5.69 7.08 6.71 7.37 8.25 9.71 11.83 13.72 15.11 15.62 15.26 15.48 16.57 18.38 17.45 14.89 12.26 9.56 9.56 8.10 6.86 5.77 5.62 4.45 4.09 4.45 3.50 0.00 0.00 0.00 0.00 0.00 5.55 8.25 9.34 5.40 5.33 4.45 4.16 6.20 9.27 9.56 7.45 7.45 8.03 10.66 12.99 14.82 14.45 14.82 18.03 19.42 18.83 13.14 10.95 6.64 4.38 2.85 3.14
0.00 0.00 6.72 16.86 20.29 21.24 19.56 16.06 11.98 11.39 12.92 10.37 7.81 6.28 5.91 4.16 2.77 0.00 0.00 1.02 0.00 0.00 0.00 0.00 0.00 0.00 4.82 5.55 6.52 5.30 5.37 6.90 9.71 11.68 13.07 14.02 14.45 16.15 17.08 15.99 14.38 13.72 12.92 12.92 12.70 11.90 11.90 9.20 6.79 6.64 6.50 5.11 0.00 1.90 2.26 0.00 4.74 4.31 5.18 5.84 5.77 0.00 0.00 3.43 3.87 5.11 6.42 5.55 5.55 7.96 10.29 9.42 9.78 8.91 9.78 10.73 11.46 11.75 12.63 12.56 10.80 7.15 3.58 2.26
0.00 0.00 6.72 16.86 20.29 21.24 19.56 16.06 11.68 11.39 12.92 10.37 7.81 6.28 5.91 4.16 2.77 0.00 0.00 1.02 0.00 0.00 0.00 0.00 0.00 0.00 4.82 5.55 6.42 5.11 5.18 6.86 9.42 11.68 13.13 14.09 14.45 16.07 17.25 15.99 14.24 13.72 12.92 12.92 12.70 11.90 11.90 9.20 6.79 6.64 6.50 5.11 0.00 1.90 2.26 0.00 4.74 4.31 5.18 5.84 5.77 0.00 0.00 3.43 3.87 5.11 6.42 5.55 5.55 7.96 10.29 9.42 9.78 8.91 9.78 10.73 11.46 11.75 12.63 12.56 10.80 7.15 3.58 2.26
0.00 0.00 0.00 0.00 11.32 16.06 15.70 15.42 12.97 9.34 7.88 5.77 5.91 5.69 5.04 3.29 0.00 0.00 0.00 0.00 0.00 0.00 0.00 0.00 0.00 5.33 4.09 4.67 5.69 4.67 0.00 5.91 7.52 8.10 7.37 8.40 10.00 10.66 10.56 11.39 10.37 9.71 12.34 12.34 13.87 14.60 16.06 16.06 14.09 9.71 6.35 3.07 0.00 3.29 2.63 0.00 0.00 0.00 0.00 0.00 6.50 5.77 5.04 5.48 5.77 6.94 5.77 3.58 3.58 4.60 6.35 5.48 5.69 5.77 7.66 6.79 7.45 8.03 7.37 7.96 8.47 7.23 4.60 3.14
10.00 4.89 0.00 0.00 6.20 9.27 9.71 8.82 7.88 6.79 6.64 6.13 5.62 5.18 3.94 2.99 3.50 3.58 3.58 2.63 2.41 0.00 0.00 0.00 0.00 5.55 5.26 4.82 5.40 5.77 0.00 5.26 5.69 5.99 6.42 7.01 6.64 7.30 6.79 7.01 6.94 6.20 6.94 6.94 9.05 11.02 12.26 13.29 13.65 13.65 10.44 5.99 4.96 0.00 0.00 0.00 0.00 1.83 0.00 5.62 5.91 4.53 0.00 3.50 0.00 0.00 2.92 3.50 3.50 4.96 6.20 5.91 4.45 0.00 0.00 0.00 4.60 4.02 5.18 4.60 5.55 5.04 4.82 4.96
