Wansh/Snow_depth/snowdepth-1984/winter/1985056.txt
ncols 321
nrows 161
xllcenter 60
yllcenter 15 
cellsize  0.25 
NODATA_value -1
[rows 0 to 36 of 161, columns 0 to 83 of 321]
15.11 15.11 18.03 19.49 19.20 17.37 16.64 16.79 16.64 16.64 17.52 18.25 18.61 19.20 18.54 17.81 18.18 18.69 20.37 21.17 21.83 24.31 25.99 25.62 27.38 27.74 27.74 28.76 25.55 26.72 25.84 24.75 23.87 23.65 23.65 20.81 22.34 23.73 24.53 24.09 23.73 22.12 22.63 23.51 23.65 22.70 23.65 21.68 20.73 20.66 21.10 21.10 20.51 20.66 23.07 25.77 27.52 27.74 26.72 27.67 26.94 27.59 26.28 24.60 20.95 22.05 20.66 18.03 19.86 20.73 20.95 23.14 27.23 28.76 30.44 31.90 31.90 31.17 30.88 30.66 30.59 31.03 32.19 32.63
16.86 16.86 17.08 19.05 19.93 19.64 18.47 17.45 17.96 17.08 17.01 17.74 19.42 19.56 18.83 19.86 19.86 19.93 19.78 20.88 23.07 23.36 22.27 21.32 22.12 23.00 23.00 22.63 21.75 26.13 23.87 22.85 21.32 21.02 21.97 23.00 22.85 23.94 23.14 20.66 18.25 17.23 16.57 16.79 18.40 18.61 19.05 19.93 21.39 23.21 24.02 24.02 24.67 26.06 26.50 27.96 28.91 28.91 28.18 28.62 28.47 27.16 26.65 18.76 18.91 19.05 18.69 18.69 19.93 21.17 23.36 25.11 26.65 26.50 28.54 29.49 29.49 29.86 30.44 28.98 28.69 27.96 29.35 30.08
19.71 19.71 19.20 17.81 17.37 17.16 18.47 18.03 17.52 16.35 14.82 15.62 16.72 17.67 18.47 19.05 19.05 19.56 19.56 20.73 20.00 18.76 17.23 18.76 18.61 18.91 18.91 19.71 20.95 21.39 20.37 19.27 19.86 19.42 19.56 20.44 20.88 17.74 18.98 18.98 18.47 16.50 14.16 13.14 13.58 14.82 16.28 17.67 18.54 19.64 20.08 20.08 20.29 21.24 21.97 22.92 24.60 25.55 25.19 25.48 26.06 27.38 21.75 20.22 19.78 20.15 20.29 21.02 21.90 22.85 23.94 25.04 25.19 24.02 25.04 25.99 25.99 25.77 25.62 24.67 23.94 23.73 25.04 25.33
19.71 19.71 19.20 17.81 17.37 17.16 18.47 18.03 17.52 16.35 14.82 15.62 16.72 17.67 18.47 19.05 19.05 19.56 19.56 20.73 20.00 18.76 17.23 18.76 18.61 18.91 18.91 19.71 20.95 21.39 20.37 19.27 19.86 19.42 19.56 20.44 20.88 17.74 18.98 18.98 18.47 16.50 14.16 13.14 13.58 14.82 16.28 17.67 18.54 19.64 20.08 20.08 20.29 21.24 21.97 22.92 24.60 25.55 25.19 25.48 26.06 27.38 21.75 20.22 19.78 20.15 20.29 21.02 21.90 22.85 23.94 25.04 25.19 24.02 25.04 25.99 25.99 25.77 25.62 24.67 23.94 23.73 25.04 25.33
17.81 17.81 16.94 17.37 14.89 13.72 14.02 14.67 15.48 16.35 15.55 15.11 16.06 16.43 16.06 16.72 15.33 13.51 12.99 14.97 14.82 12.70 13.43 13.43 13.72 15.11 15.11 16.06 16.43 16.86 18.18 17.81 17.81 16.21 13.87 14.89 14.45 13.94 15.11 14.67 14.31 15.62 14.97 14.53 14.60 14.60 13.51 14.45 16.50 17.74 18.03 18.03 17.08 17.89 19.71 21.46 21.53 22.48 22.12 23.58 24.53 22.41 22.27 21.24 21.61 21.17 21.17 19.71 19.13 20.66 22.19 22.05 21.90 22.19 23.58 23.58 23.58 23.21 22.85 21.02 20.73 24.45 23.07 24.09
14.97 14.97 12.48 13.07 14.75 15.84 17.08 16.72 15.99 15.84 13.94 12.41 12.85 12.78 12.19 14.67 13.87 11.46 12.48 13.29 12.48 12.99 12.19 12.48 11.75 11.90 11.90 11.53 11.97 14.45 16.79 18.76 20.22 19.56 17.59 15.48 14.38 13.43 13.43 13.14 12.78 14.09 14.31 14.45 14.97 15.70 15.48 16.50 18.47 20.00 18.61 18.61 16.35 16.43 19.27 20.22 21.02 22.48 20.00 20.59 18.91 19.86 20.81 21.39 20.88 18.54 18.61 18.91 16.86 18.40 20.15 20.08 20.37 20.88 21.24 22.56 22.56 22.70 23.94 25.70 25.77 26.13 27.67 25.70
14.02 14.02 13.94 13.72 14.82 16.57 17.30 16.13 14.67 13.07 11.17 10.15 8.83 7.15 8.54 11.53 12.41 11.53 11.17 11.97 12.63 13.80 10.00 10.07 10.73 10.59 10.59 11.10 11.61 15.33 20.08 20.51 19.64 19.27 18.54 14.31 13.14 14.89 15.26 15.91 15.48 16.57 15.84 16.94 17.16 17.89 19.78 20.00 18.61 18.83 18.40 18.40 16.43 17.23 21.17 21.68 21.39 22.41 22.48 20.95 19.71 18.61 18.98 18.47 18.91 18.18 18.32 17.52 15.77 15.91 17.52 18.98 19.20 19.64 20.29 21.90 21.90 21.68 21.75 23.58 27.08 26.65 26.35 24.75
14.02 14.02 13.94 13.72 14.82 16.57 17.30 16.13 14.67 13.07 11.17 10.15 8.83 7.15 8.54 11.53 12.41 11.53 11.17 11.97 12.63 13.80 10.00 10.07 10.73 10.59 10.59 11.10 11.61 15.33 20.08 20.51 19.64 19.27 18.54 14.31 13.14 14.89 15.26 15.91 15.48 16.57 15.84 16.94 17.16 17.89 19.78 20.00 18.61 18.83 18.40 18.40 16.43 17.23 21.17 21.68 21.39 22.41 22.48 20.95 19.71 18.61 18.98 18.47 18.91 18.18 18.32 17.52 15.77 15.91 17.52 18.98 19.20 19.64 20.29 21.90 21.90 21.68 21.75 23.58 27.08 26.65 26.35 24.75
15.55 15.55 15.04 14.67 14.38 13.43 12.70 12.78 12.70 11.90 10.00 8.61 8.03 9.05 10.66 10.73 10.66 8.69 9.86 11.39 12.19 9.20 9.93 8.83 7.66 8.25 8.25 9.20 12.26 12.70 15.48 15.99 14.89 15.84 17.52 16.43 15.18 16.35 15.77 15.62 15.55 15.84 18.25 16.86 15.40 15.48 17.30 19.71 20.22 18.98 16.57 16.57 17.67 19.20 20.81 19.05 21.97 21.90 18.47 17.45 17.45 16.86 17.59 16.79 16.50 17.74 17.96 17.45 15.55 16.21 17.45 17.45 17.23 16.43 16.50 16.43 16.43 14.75 11.24 19.64 21.17 22.34 23.36 22.41
15.04 15.04 13.14 12.99 13.65 13.07 12.26 12.05 11.68 10.88 10.22 10.37 9.93 10.66 11.10 10.37 9.27 8.03 8.76 9.93 5.69 9.13 8.98 9.27 9.71 9.64 9.64 10.15 10.29 10.44 11.39 13.43 13.87 14.97 15.77 16.43 17.30 18.32 18.54 19.64 20.22 18.98 17.45 15.55 15.18 15.84 17.01 18.25 18.47 17.89 16.64 16.64 16.28 16.06 15.99 17.67 20.15 17.16 16.72 15.55 15.70 16.43 16.72 16.35 15.84 15.18 14.24 13.72 13.80 13.36 14.09 15.04 15.11 14.60 13.29 13.80 13.80 13.72 13.80 19.86 17.96 19.93 22.12 19.13
13.21 13.21 11.97 11.24 11.39 12.41 13.29 13.80 12.05 12.99 10.88 11.02 10.73 11.32 12.19 9.93 8.61 11.83 10.29 9.20 9.49 10.51 11.02 11.90 11.83 12.78 12.78 14.97 12.92 12.63 13.72 14.02 14.31 15.40 16.86 17.89 19.13 19.86 18.76 19.78 19.27 19.27 18.32 18.47 19.93 20.51 21.02 19.35 16.06 15.91 16.86 16.86 16.64 15.77 14.60 14.89 12.41 12.99 12.78 11.10 11.10 11.61 12.63 14.45 13.58 12.92 10.59 12.63 14.45 16.06 17.16 16.64 16.57 17.16 16.50 16.94 16.94 17.16 15.77 15.48 15.77 18.98 21.32 20.44
13.21 13.21 11.97 11.24 11.39 12.41 13.29 13.80 12.05 12.99 10.88 11.02 10.73 11.32 12.19 9.93 8.61 11.83 10.29 9.20 9.49 10.51 11.02 11.90 11.83 12.78 12.78 14.97 12.92 12.63 13.72 14.02 14.31 15.40 16.86 17.89 19.13 19.86 18.76 19.78 19.27 19.27 18.32 18.47 19.93 20.51 21.02 19.35 16.06 15.91 16.86 16.86 16.64 15.77 14.60 14.89 12.41 12.99 12.78 11.10 11.10 11.61 12.63 14.45 13.58 12.92 10.59 12.63 14.45 16.06 17.16 16.64 16.57 17.16 16.50 16.94 16.94 17.16 15.77 15.48 15.77 18.98 21.32 20.44
12.12 12.12 12.26 11.61 11.39 11.90 12.85 14.31 15.48 15.40 14.67 14.75 14.75 15.11 13.51 12.05 12.26 12.99 14.24 14.16 14.82 13.21 13.14 12.78 12.34 13.14 13.14 14.38 15.11 12.12 12.85 10.80 9.05 9.86 12.48 14.16 15.62 16.57 17.08 18.10 18.25 19.27 20.66 20.95 20.08 18.03 17.96 16.79 14.38 12.48 13.29 13.29 13.36 11.17 12.05 11.97 12.05 10.88 8.98 7.96 8.03 8.10 8.54 8.98 10.37 11.24 12.48 11.02 12.85 16.13 18.18 17.81 17.59 17.59 17.23 15.84 15.84 16.86 16.13 16.13 21.61 21.32 18.47 15.70
10.29 10.29 10.00 9.93 10.37 11.68 12.78 15.18 17.23 18.40 18.98 20.44 19.20 17.96 18.76 17.37 17.08 14.97 12.63 13.36 13.14 10.88 9.42 9.64 9.86 9.42 9.42 6.64 5.69 7.23 7.59 6.94 7.01 7.96 9.78 10.80 10.59 10.22 10.44 10.88 11.83 12.26 12.34 14.45 14.60 13.14 13.21 11.39 11.46 11.90 11.97 11.97 12.85 9.27 11.39 12.41 12.92 11.39 10.37 9.42 9.34 7.08 7.15 7.52 9.05 10.15 10.95 11.17 11.61 14.38 16.64 18.83 19.86 20.22 19.35 18.54 18.54 18.69 18.98 19.35 19.35 17.01 13.65 15.84
12.85 12.85 12.99 13.51 14.31 15.18 15.55 16.79 17.89 18.83 19.35 18.91 18.98 20.15 20.15 18.47 18.83 11.83 11.68 11.02 10.73 10.80 7.23 8.83 9.34 8.54 8.54 8.47 7.01 8.10 9.56 9.49 9.13 9.49 10.73 11.24 8.76 8.10 8.76 10.37 10.88 10.95 11.46 12.41 13.80 12.34 12.48 11.75 12.70 12.99 12.12 12.12 10.37 8.54 8.98 10.88 13.07 12.99 12.05 11.75 10.22 9.78 9.78 8.69 9.86 10.22 9.86 10.73 11.10 11.75 13.21 17.45 20.08 20.73 21.24 18.76 18.76 17.23 17.67 17.89 17.96 16.50 16.28 15.84
14.97 14.97 14.82 14.89 15.11 16.28 15.99 16.86 17.37 16.72 15.77 15.99 17.30 16.13 15.33 16.35 12.34 11.90 11.39 10.80 9.71 9.49 9.56 9.56 8.61 6.86 6.86 6.64 7.59 8.83 10.15 11.17 11.17 11.10 11.17 10.07 8.54 8.69 9.34 8.25 8.32 10.15 12.12 12.34 13.29 13.58 13.51 12.34 11.90 12.48 11.17 11.17 10.37 12.56 12.05 12.92 13.51 13.36 14.02 12.63 10.88 9.56 8.98 8.98 9.05 10.22 10.51 9.78 10.44 10.73 9.78 11.02 13.94 17.81 20.22 19.86 19.86 18.76 18.91 19.13 17.89 14.60 14.67 12.41
14.97 14.97 14.82 14.89 15.11 16.28 15.99 16.86 17.37 16.72 15.77 15.99 17.30 16.13 15.33 16.35 12.34 11.90 11.39 10.80 9.71 9.49 9.56 9.56 8.61 6.86 6.86 6.64 7.59 8.83 10.15 11.17 11.17 11.10 11.17 10.07 8.54 8.69 9.34 8.25 8.32 10.15 12.12 12.34 13.29 13.58 13.51 12.34 11.90 12.48 11.17 11.17 10.37 12.56 12.05 12.92 13.51 13.36 14.02 12.63 10.88 9.56 8.98 8.98 9.05 10.22 10.51 9.78 10.44 10.73 9.78 11.02 13.94 17.81 20.22 19.86 19.86 18.76 18.91 19.13 17.89 14.60 14.67 12.41
13.29 13.29 12.41 11.53 12.05 13.51 14.02 14.60 15.70 15.40 15.91 15.40 15.62 15.99 16.21 14.09 13.80 13.21 12.26 12.48 11.68 9.56 9.93 10.15 8.83 6.86 6.86 5.69 7.01 8.10 9.93 12.99 12.99 12.56 11.32 10.00 8.54 8.76 8.98 9.71 9.42 8.83 8.91 10.00 12.05 15.04 15.26 12.78 13.58 14.31 14.31 14.31 13.94 12.19 11.02 11.53 11.53 11.61 10.66 10.66 10.80 10.88 9.05 8.40 7.74 9.78 9.20 8.25 8.69 8.61 8.40 9.42 10.59 13.29 16.35 19.49 19.49 20.44 20.59 20.00 18.47 17.59 16.50 14.31
8.98 8.98 7.45 7.45 8.69 11.17 14.31 15.62 15.33 14.60 15.11 14.75 16.13 16.43 16.64 13.21 13.21 13.65 12.70 9.78 7.45 8.10 8.10 9.93 9.86 7.30 7.30 8.40 9.56 10.37 9.93 9.93 10.07 9.93 5.91 1.83 2.77 1.97 2.48 2.99 2.92 4.16 7.01 8.10 9.86 12.26 13.80 14.02 12.99 12.19 12.41 12.41 11.75 12.34 12.56 11.68 11.10 11.68 10.44 8.76 9.64 11.83 12.12 10.95 9.93 9.78 9.20 8.25 9.64 10.29 9.86 8.98 9.27 10.66 12.05 15.18 15.18 13.80 14.24 14.89 15.18 16.94 15.70 15.26
4.16 4.16 3.94 7.96 11.24 14.89 18.10 19.20 17.96 14.31 14.97 17.01 17.16 16.94 14.45 12.78 12.19 12.41 11.10 8.98 8.03 6.50 5.84 7.23 7.08 5.55 5.55 6.20 8.69 9.42 9.34 9.93 8.25 6.28 4.45 1.31 0.15 1.39 1.53 0.66 0.00 2.19 6.79 8.91 9.71 11.61 13.21 12.70 11.61 11.61 12.70 12.70 10.95 12.19 14.24 13.72 12.12 13.58 15.33 15.26 14.31 15.40 16.79 14.60 13.72 12.34 9.78 10.59 10.29 10.29 10.07 8.32 6.86 8.69 11.97 11.90 11.90 11.68 9.56 8.69 11.32 13.80 14.16 14.09
7.88 7.88 5.99 6.86 11.24 14.75 16.86 19.13 20.15 19.78 20.15 20.08 18.91 13.36 12.34 9.71 10.88 11.75 11.39 11.75 11.17 9.64 8.32 6.94 7.37 6.06 6.06 5.84 7.15 8.54 8.61 9.05 7.30 6.13 4.89 3.07 0.00 0.00 0.00 0.00 0.88 4.09 6.42 6.79 8.61 9.64 12.92 10.80 12.78 10.07 10.95 10.95 10.29 10.88 12.12 13.07 13.87 15.18 16.21 16.50 16.06 16.57 17.01 15.99 14.02 12.70 12.63 14.82 13.43 9.93 8.03 7.52 7.66 9.49 9.49 11.90 11.90 11.90 10.44 12.48 13.72 12.78 12.70 11.10
11.17 11.17 8.25 8.69 11.83 13.14 13.43 13.94 15.70 15.84 15.18 16.86 12.34 10.88 10.22 11.24 13.07 13.21 12.56 12.56 11.10 11.68 11.02 9.34 8.03 7.30 7.30 6.42 6.79 5.48 5.62 6.57 5.91 8.91 7.66 6.42 4.16 4.38 1.75 1.75 3.72 7.30 8.25 8.76 9.34 10.37 9.86 11.17 13.87 10.59 9.34 9.34 9.56 10.29 11.90 13.21 14.16 14.02 13.72 12.99 12.05 11.02 12.05 13.51 11.39 14.02 14.24 14.53 12.63 8.61 6.86 7.45 7.81 6.64 9.05 11.24 11.24 12.34 14.09 12.41 11.53 10.44 9.78 11.10
11.17 11.17 8.25 8.69 11.83 13.14 13.43 13.94 15.70 15.84 15.18 16.86 12.34 10.88 10.22 11.24 13.07 13.21 12.56 12.56 11.10 11.68 11.02 9.34 8.03 7.30 7.30 6.42 6.79 5.48 5.62 6.57 5.91 8.91 7.66 6.42 4.16 4.38 1.75 1.75 3.72 7.30 8.25 8.76 9.34 10.37 9.86 11.17 13.87 10.59 9.34 9.34 9.56 10.29 11.90 13.21 14.16 14.02 13.72 12.99 12.05 11.02 12.05 13.51 11.39 14.02 14.24 14.53 12.63 8.61 6.86 7.45 7.81 6.64 9.05 11.24 11.24 12.34 14.09 12.41 11.53 10.44 9.78 11.10
13.51 13.51 9.78 9.05 11.83 15.26 16.50 12.99 11.24 6.72 6.42 12.92 12.05 12.85 12.19 12.41 12.48 12.70 11.97 11.61 11.32 12.34 12.26 9.20 5.91 5.99 5.99 5.40 9.05 10.44 9.42 7.96 5.55 6.35 7.15 7.37 6.72 6.35 4.89 4.02 5.48 8.61 10.80 9.93 8.83 8.76 8.76 9.64 9.56 11.83 12.34 12.34 12.78 15.48 16.06 15.91 14.60 14.24 13.87 13.29 12.41 11.83 12.85 12.78 13.94 15.26 16.28 14.97 12.48 9.05 7.66 7.74 8.54 7.52 5.55 7.37 7.37 9.78 11.17 10.88 11.10 9.27 10.00 10.51
13.65 13.65 12.70 13.07 14.45 16.21 15.62 12.05 9.13 6.86 7.08 6.72 9.86 11.83 10.95 13.58 14.53 14.31 13.87 12.70 11.83 12.19 11.17 11.02 8.10 5.99 5.99 6.79 10.15 12.85 10.00 8.40 7.66 8.83 9.56 7.01 7.01 8.40 7.23 6.42 6.94 7.96 10.15 11.75 10.00 8.83 8.83 11.39 12.48 13.07 14.53 14.53 15.26 17.59 18.18 17.89 16.64 15.91 15.33 15.04 15.11 15.70 17.67 17.96 16.86 18.18 18.47 17.45 16.50 14.31 13.65 12.99 15.33 16.28 11.32 7.74 7.74 7.52 9.27 11.46 12.48 11.75 10.88 10.73
13.87 13.87 14.45 17.30 17.74 17.52 14.97 10.88 8.47 7.30 6.20 6.86 7.88 10.22 9.78 10.59 12.26 13.65 13.94 12.48 12.70 11.46 10.80 9.56 7.23 3.87 3.87 6.13 11.61 11.61 9.56 9.13 12.34 12.63 12.56 10.95 9.93 11.24 11.32 9.78 8.54 9.42 10.07 11.53 9.93 10.95 10.15 14.09 10.80 11.61 14.97 14.97 17.37 18.18 18.54 16.50 17.37 17.59 17.45 19.20 19.05 19.13 19.05 19.13 17.81 16.79 16.72 17.37 17.01 15.77 15.77 17.89 17.59 16.35 16.13 13.51 13.51 11.39 9.49 9.20 12.19 15.11 14.31 15.62
15.11 15.11 15.99 17.74 17.67 15.70 13.80 9.20 8.61 9.05 7.88 7.37 5.40 7.15 6.86 8.61 11.68 13.80 13.80 12.99 13.80 11.53 9.64 7.23 5.84 6.35 6.35 9.78 13.72 12.78 10.15 9.56 10.15 11.46 11.97 12.63 13.29 13.94 13.07 11.97 9.49 10.00 11.24 12.19 13.29 12.99 15.70 12.12 9.71 13.87 16.21 16.21 17.23 17.30 17.37 15.91 15.99 16.35 16.28 16.35 15.48 14.45 14.75 15.70 16.13 15.40 15.91 16.86 16.79 16.35 16.50 16.35 16.64 16.94 15.11 14.38 14.38 16.35 12.85 10.66 10.07 12.99 14.38 15.91
10.29 10.29 10.80 13.36 12.34 11.24 12.78 10.80 9.93 9.71 9.86 7.74 7.01 7.37 8.98 10.73 12.26 13.43 12.56 11.53 10.66 8.10 4.23 4.96 6.13 9.27 9.27 8.98 9.64 10.95 11.68 10.95 9.93 10.29 12.05 13.07 14.24 13.87 14.82 12.99 11.10 8.54 7.66 7.15 12.26 14.16 10.66 9.78 10.66 14.31 13.07 13.07 12.85 12.78 14.24 13.72 14.38 16.13 17.45 13.29 11.17 12.41 12.92 13.65 14.24 14.16 14.97 15.91 17.52 17.30 15.77 16.57 17.45 18.03 17.89 17.52 17.52 16.94 15.99 16.28 16.28 15.62 15.40 14.82
10.29 10.29 10.80 13.36 12.34 11.24 12.78 10.80 9.93 9.71 9.86 7.74 7.01 7.37 8.98 10.73 12.26 13.43 12.56 11.53 10.66 8.10 4.23 4.96 6.13 9.27 9.27 8.98 9.64 10.95 11.68 10.95 9.93 10.29 12.05 13.07 14.24 13.87 14.82 12.99 11.10 8.54 7.66 7.15 12.26 14.16 10.66 9.78 10.66 14.31 13.07 13.07 12.85 12.78 14.24 13.72 14.38 16.13 17.45 13.29 11.17 12.41 12.92 13.65 14.24 14.16 14.97 15.91 17.52 17.30 15.77 16.57 17.45 18.03 17.89 17.52 17.52 16.94 15.99 16.28 16.28 15.62 15.40 14.82
8.32 8.32 8.40 11.39 11.10 11.02 11.17 12.92 13.14 11.32 10.88 10.73 9.71 10.22 10.66 12.78 13.94 14.67 12.34 9.56 6.42 6.57 7.45 6.79 5.62 6.86 6.86 7.30 9.78 10.59 11.02 10.29 9.93 10.29 10.15 10.66 12.41 13.65 15.04 14.53 10.29 8.25 7.37 9.27 11.97 12.99 12.85 14.60 16.06 16.79 15.84 15.84 15.18 14.31 13.58 12.05 12.41 14.02 13.07 13.29 11.17 9.34 8.54 9.86 11.97 11.68 13.80 13.80 14.82 16.79 17.37 15.48 15.11 14.24 16.94 20.51 20.51 22.78 21.83 17.81 19.42 17.67 16.13 18.98
9.64 9.64 8.91 9.05 9.27 9.13 11.24 11.10 10.66 9.56 9.34 9.78 8.76 10.15 10.15 9.86 12.34 13.21 9.49 4.74 3.36 4.60 7.45 8.54 8.47 9.05 9.05 10.44 11.39 11.02 11.39 7.81 7.15 7.88 8.91 11.17 13.21 14.53 15.70 15.40 12.56 9.49 8.98 11.02 18.91 14.31 14.16 17.16 17.67 19.27 17.23 17.23 14.60 14.38 13.07 10.37 7.52 8.18 8.61 6.86 6.94 6.72 6.28 8.40 10.73 10.88 8.61 9.78 12.41 14.82 15.04 14.75 10.59 10.44 11.24 14.89 14.89 18.18 19.27 16.94 17.59 17.01 17.52 17.23
10.15 10.15 4.82 6.20 8.69 9.42 11.17 10.00 10.51 8.18 9.05 7.96 6.28 9.64 10.29 10.51 11.75 11.39 9.05 6.42 4.53 4.96 5.99 6.86 8.91 12.63 12.63 13.14 11.53 9.78 9.64 7.81 9.05 11.39 11.17 9.56 10.66 13.43 15.04 13.80 9.78 4.67 5.40 10.07 10.51 13.36 15.04 16.21 13.21 12.70 13.07 13.07 10.22 8.91 6.64 5.55 5.77 6.28 5.62 5.99 6.64 7.08 7.45 8.03 9.56 8.25 9.05 10.80 11.68 11.83 13.80 14.45 13.43 13.14 12.63 10.44 10.44 9.71 8.91 11.02 15.55 17.52 18.32 19.71
11.53 11.53 6.64 7.37 8.91 10.22 11.39 9.13 9.49 11.39 12.92 8.54 8.40 9.34 10.66 11.02 11.53 8.10 5.48 4.45 5.11 5.04 6.20 5.69 8.10 9.27 9.27 10.51 9.56 8.47 7.30 7.66 10.22 11.68 11.75 9.93 9.71 10.88 12.48 9.34 6.20 2.63 0.00 10.29 12.34 11.32 12.70 11.61 8.40 8.10 9.05 9.05 7.01 8.40 7.45 6.72 9.56 8.98 7.45 7.23 7.88 8.03 7.74 7.81 7.96 8.76 10.22 10.88 10.95 10.44 11.46 11.46 10.73 11.97 11.90 10.80 10.80 8.83 7.96 8.40 11.10 15.70 20.15 23.43
5.26 5.26 3.14 3.80 4.02 8.83 3.87 4.23 5.55 10.29 10.29 9.13 8.91 8.69 10.15 10.07 8.47 5.55 2.41 2.19 0.00 7.01 8.61 7.96 8.54 8.91 8.91 9.93 10.29 9.27 8.25 9.42 10.80 9.71 8.76 10.22 10.95 11.02 9.64 6.20 4.53 3.50 8.32 10.22 8.54 7.96 10.37 12.63 12.05 10.22 8.98 8.98 8.69 9.27 9.49 10.59 9.78 7.37 2.70 2.41 4.09 4.89 4.67 3.94 0.00 6.20 6.13 7.37 6.20 5.99 5.33 6.28 8.10 3.07 1.97 3.50 3.50 9.64 10.66 9.49 11.24 10.95 11.02 9.27
3.80 3.80 4.16 1.61 0.00 2.99 2.19 3.94 5.55 9.13 10.37 9.64 6.50 3.58 4.74 6.57 7.01 5.18 0.00 0.00 4.45 5.18 4.23 3.50 5.11 8.69 8.69 11.68 11.97 10.73 9.71 9.78 9.49 8.18 6.28 5.48 6.50 6.35 7.01 4.45 4.31 6.79 8.18 8.98 8.18 8.91 9.56 10.44 10.66 10.51 10.66 10.66 9.13 8.83 8.54 6.42 5.11 1.53 0.80 2.48 3.87 5.04 5.26 6.13 7.37 8.83 7.37 5.55 4.82 4.31 3.94 4.31 2.34 3.29 5.69 12.63 12.63 13.21 12.34 10.88 11.46 11.53 9.05 9.71
3.80 3.80 4.16 1.61 0.00 2.99 2.19 3.94 5.55 9.13 10.37 9.64 6.50 3.58 4.74 6.57 7.01 5.18 0.00 0.00 4.45 5.18 4.23 3.50 5.11 8.69 8.69 11.68 11.97 10.73 9.71 9.78 9.49 8.18 6.28 5.48 6.50 6.35 7.01 4.45 4.31 6.79 8.18 8.98 8.18 8.91 9.56 10.44 10.66 10.51 10.66 10.66 9.13 8.83 8.54 6.42 5.11 1.53 0.80 2.48 3.87 5.04 5.26 6.13 7.37 8.83 7.37 5.55 4.82 4.31 3.94 4.31 2.34 3.29 5.69 12.63 12.63 13.21 12.34 10.88 11.46 11.53 9.05 9.71
0.00 0.00 0.00 0.95 0.00 0.00 0.00 2.41 4.02 4.67 9.13 8.83 3.14 0.00 0.00 1.31 2.19 3.36 2.19 3.50 3.72 3.43 0.00 0.00 0.00 1.97 1.97 5.77 8.47 6.64 6.13 5.18 3.80 4.31 5.77 3.07 2.85 2.99 2.77 0.00 4.67 6.64 6.57 6.79 4.89 5.62 5.62 9.93 10.80 11.32 9.71 9.71 7.23 7.81 6.50 0.44 0.00 0.29 3.07 6.42 6.13 4.89 4.74 5.04 7.01 8.10 8.32 7.45 11.17 10.00 9.93 9.27 10.29 12.26 13.21 13.58 13.58 13.29 12.92 13.21 14.02 16.21 17.16 15.26
