Wansh/Snow_depth/snowdepth-1984/winter/1985041.txt
ncols 321
nrows 161
xllcenter 60
yllcenter 15 
cellsize  0.25 
NODATA_value -1
[rows 0 to 36 of 161, columns 168 to 251 of 321]
10.59 9.56 9.64 7.59 6.79 6.79 8.18 9.20 10.15 10.15 9.86 10.15 11.53 10.95 10.51 9.78 11.39 13.94 15.91 15.99 15.70 14.38 15.04 15.33 13.51 9.56 6.79 1.02 0.00 0.00 0.00 10.80 15.91 18.91 19.42 19.42 18.40 20.00 22.56 24.82 27.30 29.86 31.90 34.24 37.23 37.08 37.45 35.33 35.04 26.21 22.85 21.75 22.78 25.04 26.13 29.49 35.19 37.38 33.94 31.90 31.90 31.03 31.83 35.84 37.45 39.06 37.38 35.70 32.41 29.64 28.62 28.47 28.11 27.08 26.65 26.65 26.79 27.23 26.72 25.40 22.85 20.44 20.29 20.44
12.05 10.66 7.81 8.69 8.32 6.57 7.01 8.18 8.47 8.47 9.49 10.51 11.46 10.51 9.93 9.20 10.51 12.56 15.04 15.33 14.31 14.16 14.89 15.40 11.75 4.31 0.00 0.00 0.00 0.00 3.29 9.20 14.60 16.64 15.84 15.84 13.80 17.45 25.33 31.10 33.58 34.38 36.28 41.10 44.38 37.60 33.14 37.01 28.98 27.45 25.26 24.75 24.97 25.77 27.96 30.88 33.65 35.99 35.11 31.39 31.39 32.05 33.65 36.14 39.57 38.40 37.16 34.82 31.32 28.47 28.91 28.18 28.03 25.92 24.53 24.24 25.19 25.77 24.38 22.56 20.08 18.69 16.57 18.32
14.53 12.92 11.68 8.83 7.30 7.23 6.28 7.30 8.03 8.03 8.47 8.76 8.40 8.25 8.47 9.27 11.75 11.61 12.78 12.99 13.36 13.29 15.11 13.36 6.35 0.00 0.00 0.00 0.00 0.00 3.87 9.42 13.07 15.18 14.75 14.75 16.79 23.00 32.27 36.43 36.79 34.53 34.02 32.27 28.91 28.11 26.72 21.32 21.68 23.36 24.97 26.28 27.30 27.38 27.89 27.08 27.23 27.45 30.51 31.54 31.54 30.22 29.64 30.44 31.61 32.19 32.56 32.12 31.10 30.15 31.39 30.22 26.50 26.72 25.11 23.73 24.09 24.82 23.94 22.85 22.12 20.08 18.91 16.86
14.53 12.92 11.68 8.83 7.30 7.23 6.28 7.30 8.03 8.03 8.47 8.76 8.40 8.25 8.47 9.27 11.75 11.61 12.78 12.99 13.36 13.29 15.11 13.36 6.35 0.00 0.00 0.00 0.00 0.00 3.87 9.42 13.07 15.18 14.75 14.75 16.79 23.00 32.27 36.43 36.79 34.53 34.02 32.27 28.91 28.11 26.72 21.32 21.68 23.36 24.97 26.28 27.30 27.38 27.89 27.08 27.23 27.45 30.51 31.54 31.54 30.22 29.64 30.44 31.61 32.19 32.56 32.12 31.10 30.15 31.39 30.22 26.50 26.72 25.11 23.73 24.09 24.82 23.94 22.85 22.12 20.08 18.91 16.86
16.57 14.75 10.66 7.96 8.32 8.98 8.76 8.69 8.83 8.83 9.13 8.69 9.27 9.05 8.18 8.76 8.98 8.91 10.00 11.46 12.85 10.88 9.34 7.88 0.00 0.00 0.00 0.00 0.00 0.00 6.64 10.95 13.58 15.26 18.25 18.25 22.12 28.03 32.63 32.27 31.32 30.08 25.26 21.39 19.20 22.05 18.32 17.59 18.03 19.78 20.66 22.41 24.67 28.32 28.91 25.84 23.21 26.06 28.25 30.08 30.08 29.49 31.03 31.61 32.27 30.95 30.08 29.86 29.13 28.18 27.89 27.52 26.06 23.94 20.22 20.66 21.32 22.70 22.27 20.88 21.10 20.73 19.86 19.35
16.72 14.02 12.92 9.56 8.61 9.05 8.61 7.88 7.96 7.96 9.71 10.37 10.29 10.59 9.27 9.64 8.47 7.96 8.69 8.54 7.37 6.13 0.00 0.00 0.00 0.00 0.00 0.00 2.70 8.61 11.02 13.58 14.09 17.30 20.00 20.00 23.00 24.45 21.97 18.98 19.78 20.37 22.27 22.85 22.27 20.73 20.00 17.59 16.64 22.56 22.92 28.32 24.31 20.51 22.85 24.45 22.56 21.68 21.75 27.23 27.23 29.42 31.90 33.07 29.64 25.70 25.11 24.97 24.31 25.77 26.65 25.40 23.58 22.78 21.24 18.98 19.05 20.66 23.21 22.48 20.88 19.42 18.91 17.37
18.10 16.21 14.60 13.58 13.07 12.85 12.56 12.41 11.17 11.17 9.13 9.42 10.22 10.15 10.29 9.93 9.05 8.25 7.74 5.84 2.99 0.00 0.00 0.00 0.00 0.00 0.00 3.21 7.52 9.78 13.21 15.62 18.25 23.51 25.33 25.33 24.53 23.07 20.59 18.61 19.49 17.67 17.74 21.02 18.54 18.83 21.83 22.19 22.63 24.38 22.92 20.95 19.49 19.49 21.02 21.97 19.49 20.51 21.02 22.63 22.63 24.67 28.40 27.96 24.97 22.41 22.19 23.07 22.12 21.32 21.10 20.51 20.29 18.76 17.16 17.23 18.32 18.98 19.42 22.66 20.85 19.88 19.20 19.70
18.10 16.21 14.60 13.58 13.07 12.85 12.56 12.41 11.17 11.17 9.13 9.42 10.22 10.15 10.29 9.93 9.05 8.25 7.74 5.84 2.99 0.00 0.00 0.00 0.00 0.00 0.00 3.21 7.52 9.78 13.21 15.62 18.25 23.51 25.33 25.33 24.53 23.07 20.59 18.61 19.49 17.67 17.74 21.02 18.54 18.83 21.83 22.19 22.63 24.38 22.92 20.95 19.49 19.49 21.02 21.97 19.49 20.51 21.02 22.63 22.63 24.67 28.40 27.96 24.97 22.41 22.19 23.07 22.12 21.32 21.10 20.51 20.29 18.76 17.16 19.92 25.27 27.31 26.60 38.50 34.42 26.46 24.71 20.44
17.23 17.45 17.08 17.96 14.97 12.48 14.31 14.67 13.65 13.65 11.83 11.90 12.41 12.05 11.17 8.98 6.57 6.28 0.00 0.00 0.00 0.00 0.00 0.00 0.00 0.00 1.24 7.81 9.64 11.53 14.09 16.13 20.15 26.94 31.61 31.61 31.32 27.59 23.73 22.19 22.19 22.41 20.37 25.33 25.11 22.56 21.68 24.60 27.45 26.72 24.60 20.29 19.27 18.40 16.35 17.08 17.96 19.56 18.98 18.83 18.83 20.37 21.32 22.27 22.48 21.53 20.95 20.29 19.56 20.00 20.37 19.13 17.45 17.84 22.32 26.64 28.60 25.99 20.72 28.61 28.46 23.74 20.94 22.83
14.31 16.64 19.35 18.91 17.45 15.55 14.60 15.84 15.77 15.77 15.77 14.89 13.14 11.10 8.47 4.67 0.58 0.00 0.00 0.00 0.00 0.00 0.00 0.00 2.48 4.89 9.42 12.56 14.45 16.50 17.81 18.32 19.64 23.21 26.79 26.79 28.32 27.74 25.84 24.31 24.45 24.31 25.11 26.43 24.31 23.00 23.94 25.26 25.62 25.77 24.60 19.93 17.37 17.89 17.23 17.01 18.47 18.76 18.40 18.98 18.98 20.29 22.19 22.70 22.85 21.83 20.81 20.44 20.37 21.90 23.21 20.66 18.69 22.91 26.21 25.31 29.73 31.12 36.56 33.44 28.46 25.97 28.56 28.34
11.32 12.92 14.82 16.94 18.98 21.02 19.78 20.37 18.61 18.61 16.50 14.24 9.27 8.25 4.67 0.00 0.00 0.00 0.00 0.00 4.23 5.33 8.25 12.85 12.48 13.36 15.48 16.35 16.35 18.98 20.08 20.08 20.88 21.75 21.75 21.75 23.65 23.43 23.36 26.50 26.79 27.01 25.26 24.60 23.87 21.24 19.93 18.61 20.37 20.88 19.42 18.91 19.78 21.46 22.41 23.80 23.94 23.43 21.97 23.65 23.65 25.04 24.53 23.36 21.32 18.83 18.98 19.78 21.24 19.78 20.22 18.47 17.15 16.90 17.69 25.42 34.66 38.54 27.48 29.52 30.46 30.61 27.99 28.25
11.32 12.92 14.82 16.94 18.98 21.02 19.78 20.37 18.61 18.61 16.50 14.24 9.27 8.25 4.67 0.00 0.00 0.00 0.00 0.00 4.23 5.33 8.25 12.85 12.48 13.36 15.48 16.35 16.35 18.98 20.08 20.08 20.88 21.75 21.75 21.75 23.65 23.43 23.36 26.50 26.79 27.01 25.26 24.60 23.87 21.24 19.93 18.61 20.37 20.88 19.42 18.91 19.78 21.46 22.41 23.80 23.94 23.43 21.97 23.65 23.65 25.04 24.53 23.36 21.32 18.83 18.98 19.78 21.24 19.78 20.22 18.47 16.72 16.64 17.16 23.61 30.89 35.69 29.31 30.63 30.46 29.94 30.75 30.22
15.77 15.84 11.68 11.90 12.78 14.45 14.75 12.99 12.34 12.34 8.32 4.67 2.12 0.00 0.00 0.00 0.00 10.44 11.24 10.00 11.68 11.75 12.41 14.09 13.14 13.87 15.84 18.10 18.32 19.20 20.44 20.73 23.00 23.65 23.07 23.07 23.07 22.78 22.56 25.48 30.66 25.11 24.38 24.16 20.81 16.79 16.28 16.94 17.52 17.23 18.18 19.64 21.68 24.09 25.55 26.13 26.65 24.53 23.00 22.78 22.78 23.29 22.41 20.51 20.37 20.15 21.17 22.85 21.83 21.17 19.42 18.54 18.76 17.89 19.99 23.88 28.63 24.33 27.39 29.64 29.10 31.02 31.45 28.85
14.24 14.67 13.29 11.75 9.78 7.88 5.40 3.72 0.00 0.00 0.00 0.00 0.00 0.00 0.00 0.00 1.02 6.28 8.91 12.56 15.77 16.35 16.35 14.75 14.60 16.86 18.32 20.37 21.32 20.66 19.78 19.86 20.81 19.86 19.35 19.35 21.17 22.05 22.92 23.00 23.29 23.21 21.02 19.42 18.83 18.03 17.67 18.03 17.67 17.81 17.16 17.08 17.96 20.44 22.19 19.78 20.37 20.00 18.61 19.64 19.64 22.34 22.63 22.70 22.78 22.19 22.41 23.07 23.07 23.51 21.90 20.08 18.69 19.71 25.07 25.09 20.03 24.80 29.09 24.73 29.81 30.42 30.30 29.08
22.85 21.32 18.61 18.47 17.30 13.14 8.76 4.53 0.37 0.37 0.00 0.00 0.00 0.00 1.83 2.56 7.08 11.61 10.88 12.34 14.53 15.91 15.33 14.16 15.04 17.52 18.91 18.98 19.20 18.32 17.16 16.43 16.13 16.94 18.18 18.18 18.76 20.08 20.81 20.15 19.05 17.01 13.58 13.94 15.48 17.37 18.10 17.45 17.30 17.45 15.99 13.87 12.70 13.80 15.91 15.77 16.06 16.64 17.96 19.64 19.64 20.88 21.46 22.85 21.53 21.24 22.70 21.17 19.86 21.46 21.39 21.10 20.33 22.66 21.74 23.34 26.09 29.96 26.32 26.49 26.26 25.69 26.75 22.84
22.41 22.56 18.25 18.61 18.61 15.84 15.40 14.02 11.53 11.53 10.51 14.82 11.39 6.86 5.84 6.20 6.86 8.76 8.18 9.13 12.05 13.72 14.38 15.40 16.57 15.91 14.97 14.45 14.67 13.87 14.75 14.82 16.35 15.77 16.06 16.06 14.97 16.94 14.24 15.18 16.21 14.75 15.84 15.77 15.84 15.62 16.86 18.32 17.23 15.91 14.89 13.72 12.05 11.46 11.68 13.21 14.53 16.86 18.40 18.98 18.98 19.20 18.61 17.01 15.91 15.70 14.67 11.53 12.05 17.37 21.46 21.07 22.35 21.61 22.01 23.70 27.72 23.81 24.84 26.72 27.19 28.77 23.32 23.79
22.41 22.56 18.25 18.61 18.61 15.84 15.40 14.02 11.53 11.53 10.51 14.82 11.39 6.86 5.84 6.20 6.86 8.76 8.18 9.13 12.05 13.72 14.38 15.40 16.57 15.91 14.97 14.45 14.67 13.87 14.75 14.82 16.35 15.77 16.06 16.06 14.97 16.94 14.24 15.18 16.21 14.75 15.84 15.77 15.84 15.62 16.86 18.32 17.23 15.91 14.89 13.72 12.05 11.46 11.68 13.21 14.53 16.86 18.40 18.98 18.98 19.20 18.61 17.01 15.91 15.70 14.67 11.53 12.05 17.37 21.46 25.87 20.94 23.49 19.76 29.32 28.13 26.32 25.33 24.09 26.28 24.74 25.36 27.00
17.67 20.22 17.59 15.55 14.38 12.34 12.05 14.09 14.45 14.45 11.75 13.29 11.46 9.78 8.69 7.74 5.69 6.64 10.00 11.68 12.63 13.14 13.36 14.45 15.18 15.99 14.60 13.43 13.14 14.16 14.31 15.40 15.40 15.26 16.72 16.72 17.37 13.58 13.43 14.89 17.01 19.49 20.44 16.86 14.31 14.97 14.16 13.80 12.99 11.90 11.17 9.56 8.18 8.32 9.34 11.24 11.17 13.43 15.04 13.14 13.14 11.97 12.12 10.59 8.98 8.18 6.86 6.50 7.96 13.07 19.67 21.07 21.01 19.28 20.97 26.06 26.05 21.56 20.09 26.62 24.66 23.20 23.59 19.56
17.59 21.46 23.58 17.89 16.13 14.97 12.99 13.80 11.97 11.97 12.19 12.78 13.36 13.80 15.55 13.72 12.99 13.07 12.70 14.38 15.04 14.53 14.09 13.21 11.68 11.46 12.12 11.97 12.05 13.21 12.12 12.12 13.07 13.87 14.97 14.97 17.23 16.50 17.45 16.72 15.99 16.43 14.24 13.51 10.80 10.15 8.98 8.61 6.86 6.20 6.57 6.79 6.35 6.20 6.86 9.93 10.59 11.10 9.93 8.83 8.83 6.94 6.72 5.18 3.50 3.87 4.82 5.62 6.79 12.91 18.36 19.76 18.27 19.65 22.56 23.16 22.49 23.73 25.16 27.93 21.48 20.19 18.66 19.64
13.36 14.38 16.13 15.70 15.84 16.79 12.34 11.83 12.26 12.26 12.70 14.60 15.91 17.16 17.16 15.04 13.58 14.38 18.83 21.10 21.83 19.27 16.79 15.18 14.09 12.05 11.97 12.19 12.70 12.48 14.45 17.23 17.74 16.94 16.06 16.06 15.62 15.55 16.64 17.08 17.37 14.60 11.46 12.34 9.56 7.59 7.01 7.01 6.64 6.35 6.42 7.01 7.30 6.79 6.94 8.69 10.66 13.51 13.72 9.27 9.27 5.77 3.72 2.85 3.07 3.87 4.67 4.82 5.48 7.37 11.24 17.08 20.15 23.14 24.45 26.01 25.75 27.25 29.44 19.22 18.39 15.29 12.89 16.18
12.05 14.67 15.04 13.80 12.56 12.56 11.39 10.44 11.17 11.17 11.97 14.53 16.13 16.64 17.16 15.84 15.18 17.08 20.29 23.51 25.48 25.55 21.32 15.62 13.21 11.90 11.61 10.00 11.53 16.21 18.83 19.20 20.88 19.35 16.72 16.72 17.59 15.99 14.24 12.92 11.53 10.37 8.61 6.86 6.86 6.86 7.01 5.62 6.50 6.50 6.94 6.86 7.23 7.08 6.13 6.42 7.23 9.34 8.83 7.59 7.59 5.77 3.07 2.77 1.46 0.00 0.00 4.16 4.31 5.84 8.47 11.10 19.64 23.00 24.83 25.84 28.80 23.99 26.84 23.23 17.54 13.23 14.60 12.15
7.74 11.90 14.38 12.99 11.32 10.73 11.97 9.49 9.27 9.27 11.90 15.18 18.47 19.86 18.32 14.45 15.99 23.14 25.40 26.06 23.43 18.98 14.24 12.05 13.29 14.82 14.24 11.61 13.29 18.32 21.90 20.37 19.13 19.93 19.49 19.49 16.13 12.48 10.44 11.24 10.73 9.05 7.37 7.01 8.54 8.40 6.86 5.33 5.84 7.01 9.64 9.13 7.15 6.20 7.37 8.54 8.61 7.37 6.20 5.84 5.84 5.26 3.15 0.00 0.00 0.00 0.00 6.06 8.03 7.59 8.40 14.45 19.42 20.22 21.82 24.41 29.30 22.31 22.88 19.84 13.22 12.46 13.89 13.26
7.74 11.90 14.38 12.99 11.32 10.73 11.97 9.49 9.27 9.27 11.90 15.18 18.47 19.86 18.32 14.45 15.99 23.14 25.40 26.06 23.43 18.98 14.24 12.05 13.29 14.82 14.24 11.61 13.29 18.32 21.90 20.37 19.13 19.93 19.49 19.49 16.13 12.48 10.44 11.24 10.73 9.05 7.37 7.01 8.54 8.40 6.86 5.33 5.84 7.01 9.64 9.13 7.15 6.20 7.37 8.54 8.61 7.37 6.20 5.84 5.84 5.26 3.15 0.00 0.00 0.00 0.00 6.06 8.03 7.59 8.40 14.45 19.42 20.22 20.95 24.54 22.75 19.63 19.16 23.10 16.17 12.72 10.88 12.24
4.96 6.13 6.50 7.37 9.64 10.22 12.34 13.94 13.51 13.51 12.41 13.58 17.30 18.91 17.37 15.26 20.08 22.63 21.90 17.81 14.53 13.21 13.07 15.33 15.18 15.84 16.43 17.23 17.16 19.20 20.88 19.93 21.10 15.48 13.58 13.58 14.38 14.16 14.82 13.43 10.88 8.32 7.96 8.47 10.88 10.66 8.61 7.01 7.52 7.59 8.47 8.47 6.79 4.82 4.38 5.48 5.99 4.38 3.65 2.70 2.70 0.00 0.00 0.00 0.00 4.45 5.99 6.64 7.88 8.69 8.61 12.19 15.40 17.52 19.49 20.47 21.82 29.63 25.80 21.05 17.03 11.63 14.12 13.96
2.19 3.14 3.36 5.91 8.10 8.91 12.78 16.50 17.59 17.59 20.22 20.44 19.42 17.30 14.38 12.78 15.40 18.83 20.29 18.76 15.26 13.07 15.11 17.30 16.28 16.72 20.88 20.88 16.57 15.48 15.99 17.45 14.09 14.75 17.74 17.74 17.52 17.89 16.79 13.72 13.72 12.63 11.68 12.78 12.70 11.10 9.13 7.59 6.94 6.64 5.62 5.62 5.84 5.77 5.33 7.01 5.62 3.65 2.12 0.00 0.00 0.00 0.00 0.00 2.77 4.02 7.08 8.25 7.66 9.93 11.46 12.48 14.75 16.57 17.45 20.46 21.27 24.60 26.53 22.27 21.53 13.53 15.26 17.22
1.83 3.65 3.87 4.60 4.82 5.77 11.02 17.74 20.22 20.22 18.76 17.52 15.26 15.77 14.38 14.24 14.97 16.86 17.67 17.74 15.91 12.70 15.62 18.98 16.43 15.40 19.42 20.73 19.42 14.53 14.53 12.63 12.99 14.89 17.30 17.30 17.81 17.45 15.40 13.51 13.87 13.51 14.16 14.24 13.29 13.43 13.87 10.51 8.10 8.47 7.45 6.20 5.91 6.57 6.13 6.06 5.48 3.87 1.83 0.00 0.00 0.00 0.00 4.09 4.89 6.86 8.32 10.37 9.86 10.37 11.32 13.21 16.38 19.39 21.71 25.53 24.30 20.29 19.34 17.63 15.86 17.18 15.43 16.05
4.02 0.00 4.16 4.09 1.97 3.14 3.72 6.42 11.61 11.61 12.70 10.95 11.17 13.29 15.84 16.72 16.50 17.89 16.79 14.60 17.23 19.27 18.61 19.64 16.57 14.60 17.23 18.61 19.13 15.77 13.94 11.46 11.61 12.48 14.16 14.16 14.45 14.31 14.53 12.63 9.93 10.73 11.68 12.26 11.97 12.19 12.85 11.24 9.64 9.05 9.64 9.20 6.79 4.74 3.72 3.72 4.60 3.87 1.61 0.00 0.00 0.00 5.11 5.26 5.69 6.72 9.13 10.66 11.97 13.58 14.09 16.13 21.15 23.54 26.51 26.32 23.02 22.64 17.52 17.01 15.33 14.31 17.74 18.61
4.89 5.18 4.60 2.04 1.68 0.29 1.53 3.43 5.62 5.62 5.69 6.06 7.01 9.78 14.16 13.21 12.99 12.34 11.75 12.41 16.64 17.89 15.55 13.36 11.17 12.48 12.70 13.21 12.19 13.14 10.07 10.29 10.15 9.13 8.83 8.83 10.22 10.88 12.26 11.83 10.37 10.22 11.24 9.71 7.96 8.83 9.27 6.64 6.13 5.26 4.74 5.26 4.45 0.00 0.00 0.00 0.00 4.16 3.87 3.65 3.65 0.00 4.53 4.96 5.84 7.81 8.10 10.29 14.31 18.32 19.09 21.35 26.71 24.26 24.69 22.00 20.10 16.79 13.98 13.43 15.20 14.41 17.18 13.06
4.89 5.18 4.60 2.04 1.68 0.29 1.53 3.43 5.62 5.62 5.69 6.06 7.01 9.78 14.16 13.21 12.99 12.34 11.75 12.41 16.64 17.89 15.55 13.36 11.17 12.48 12.70 13.21 12.19 13.14 10.07 10.29 10.15 9.13 8.83 8.83 10.22 10.88 12.26 11.83 10.37 10.22 11.24 9.71 7.96 8.83 9.27 6.64 6.13 5.26 4.74 5.26 4.45 0.00 0.00 0.00 0.00 4.16 3.87 3.65 3.65 0.00 4.53 4.96 5.84 7.81 8.10 10.29 14.31 18.32 19.19 21.12 24.15 27.03 26.35 25.67 23.33 16.25 14.60 13.05 16.07 17.09 15.68 11.09
1.83 4.67 4.89 1.83 0.80 0.88 0.73 2.04 0.00 0.00 0.00 0.00 4.38 5.55 5.48 5.99 7.23 7.96 7.81 8.83 10.37 10.00 9.20 6.57 6.13 9.86 11.61 10.51 10.15 11.83 7.74 6.13 5.26 4.16 3.65 3.65 4.67 4.45 6.94 9.93 10.29 9.42 9.13 8.91 7.88 7.01 6.57 5.11 3.14 0.00 2.19 0.00 0.00 0.00 0.00 0.00 4.53 4.45 0.00 0.00 0.00 0.00 0.00 0.00 3.94 6.94 7.23 7.23 12.47 19.69 22.71 23.67 28.06 27.13 26.06 20.89 13.97 10.77 10.34 8.86 8.43 12.64 12.23 9.19
1.46 2.34 3.58 1.97 0.00 0.00 0.00 0.00 0.00 0.00 0.00 0.00 0.00 4.16 4.74 5.77 6.50 6.79 6.94 6.06 5.84 5.77 4.74 2.41 4.23 6.20 7.81 6.20 4.89 0.00 3.43 2.41 0.00 0.00 3.72 3.72 4.31 4.96 5.55 6.28 6.13 6.35 7.52 7.74 7.59 7.74 6.86 5.62 4.53 0.00 0.00 2.85 2.56 0.73 1.39 2.70 3.72 4.60 4.45 4.45 4.45 0.00 0.00 0.00 5.26 6.79 5.26 8.98 13.58 18.10 20.29 24.23 25.19 23.96 19.16 11.45 10.16 6.61 7.72 10.17 7.49 7.30 7.54 6.70
3.07 2.92 2.19 0.00 0.00 0.00 0.00 0.00 0.00 0.00 0.00 0.00 0.00 0.00 3.07 3.43 5.69 6.50 5.91 3.65 3.50 0.00 0.00 3.72 4.89 3.50 2.48 1.83 4.23 0.00 0.00 2.56 4.16 5.18 4.67 4.67 4.60 4.74 0.00 5.91 4.96 4.82 5.69 7.45 8.98 9.71 9.56 9.05 7.37 5.26 4.02 2.77 1.90 2.70 3.65 4.74 4.02 3.72 4.53 3.80 3.80 3.80 3.36 6.28 5.48 6.28 8.54 14.09 16.79 16.35 19.49 22.17 23.53 19.36 12.01 8.71 6.29 8.47 9.56 10.12 6.72 4.36 2.69 2.73
2.92 3.21 3.87 0.00 0.00 0.00 0.00 0.00 0.00 0.00 0.00 0.00 0.00 0.00 0.00 0.00 3.43 3.43 2.92 1.17 0.00 0.00 0.80 2.19 2.56 3.72 4.09 2.41 0.00 0.00 0.00 0.00 0.00 0.00 4.09 4.09 3.29 0.00 4.89 5.26 5.04 5.77 8.40 9.20 9.20 9.78 8.47 7.96 7.37 5.99 4.67 3.65 3.21 2.99 3.80 3.58 3.72 4.23 4.23 4.67 4.67 6.13 7.66 6.42 5.62 10.95 11.39 14.16 17.30 18.10 20.15 21.24 19.19 14.07 12.02 9.73 8.14 7.50 6.58 5.16 4.15 3.24 1.50 0.82
4.02 2.77 3.29 0.00 0.00 2.99 3.14 0.00 0.00 0.00 0.00 0.00 0.00 4.74 5.18 4.82 3.58 1.46 0.00 0.00 0.00 0.00 0.00 3.14 2.56 3.94 4.96 0.00 0.00 0.00 0.00 0.00 0.00 0.00 3.29 3.29 3.14 0.00 3.94 3.65 3.94 0.00 5.33 6.28 7.59 7.01 6.35 7.01 7.08 7.01 6.64 5.48 4.82 3.21 3.72 0.00 4.31 4.67 4.53 4.16 4.16 5.04 5.91 5.91 9.64 11.61 11.39 13.07 15.91 16.06 17.74 15.48 11.03 7.18 6.35 6.69 6.77 6.11 3.10 2.14 2.16 0.81 0.37 0.00
1.17 0.00 0.00 0.00 0.00 3.72 3.43 2.70 0.00 0.00 0.00 0.00 2.56 4.09 4.31 3.80 0.00 0.00 0.44 0.80 0.00 0.00 0.00 0.00 0.00 0.00 0.00 5.04 2.85 0.00 0.00 0.00 0.00 0.00 2.70 2.70 1.61 0.00 0.00 0.00 0.00 3.36 2.56 2.12 4.02 4.31 4.74 4.96 5.18 5.26 5.11 4.89 4.38 3.36 4.45 5.40 4.82 4.09 3.21 3.50 3.50 3.72 3.58 5.40 6.94 9.49 10.07 13.58 16.13 15.99 15.26 12.03 7.00 5.07 4.87 2.81 2.92 2.16 1.39 0.31 0.00 0.00 0.07 0.00
1.17 0.00 0.00 0.00 0.00 3.72 3.43 2.70 0.00 0.00 0.00 0.00 2.56 4.09 4.31 3.80 0.00 0.00 0.44 0.80 0.00 0.00 0.00 0.00 0.00 0.00 0.00 5.04 2.85 0.00 0.00 0.00 0.00 0.00 2.70 2.70 1.61 0.00 0.00 0.00 0.00 3.36 2.56 2.12 4.02 4.31 4.74 4.96 5.18 5.26 5.11 4.89 4.38 3.36 4.45 5.40 4.82 4.09 3.21 3.50 3.50 3.72 3.58 5.40 6.94 9.49 10.07 13.58 16.13 15.99 15.26 11.97 6.90 4.99 4.87 2.94 2.60 2.07 1.36 0.33 0.00 0.00 0.07 0.00
0.00 0.00 0.00 0.00 2.19 1.90 0.00 0.00 2.04 2.04 0.00 0.00 2.99 3.07 2.56 0.00 0.00 0.00 1.53 0.00 0.00 0.00 0.00 0.00 3.72 0.00 0.00 0.00 1.83 2.34 0.00 0.00 0.00 0.00 0.00 0.00 2.41 0.00 0.00 0.00 0.00 1.31 1.17 2.41 2.63 2.26 4.53 4.16 3.94 3.58 3.14 2.77 4.60 4.74 4.31 5.18 4.45 4.67 0.00 3.94 3.94 2.77 2.92 0.00 3.94 0.00 5.99 5.55 7.88 8.32 6.28 4.23 2.99 2.43 2.20 1.83 1.61 2.59 1.52 0.00 0.00 0.00 0.00 0.00
