Wansh/Snow_depth/snowdepth-1984/winter/1985030.txt
ncols 321
nrows 161
xllcenter 60
yllcenter 15 
cellsize  0.25 
NODATA_value -1
[rows 0 to 36 of 161, columns 168 to 251 of 321]
4.38 4.16 4.23 5.18 4.89 5.18 4.60 4.45 5.77 5.77 6.57 6.50 7.15 7.15 6.28 6.79 8.03 9.42 10.66 11.17 9.34 7.96 10.29 13.51 10.66 7.37 5.40 0.00 0.00 0.00 0.00 3.07 17.74 20.29 20.29 20.29 17.59 18.03 21.53 23.21 24.53 25.33 27.30 29.20 32.05 35.04 35.55 34.46 31.24 25.70 22.56 22.48 24.24 24.24 25.04 29.42 35.55 36.43 33.07 31.97 31.97 32.63 34.67 37.01 39.20 39.71 38.33 35.55 32.63 30.59 30.08 29.05 28.47 28.32 27.52 27.01 25.55 25.40 21.97 23.21 21.83 18.25 17.96 18.03
7.08 5.55 4.02 4.60 4.45 4.02 4.23 5.18 6.20 6.20 7.23 7.08 6.79 6.64 6.28 5.91 6.42 8.40 11.53 10.44 8.47 7.81 8.91 12.05 10.95 4.45 0.00 0.00 0.00 0.00 0.00 9.56 16.35 18.76 12.85 12.85 13.58 16.50 21.10 27.30 29.49 30.08 33.07 36.57 37.45 35.11 31.46 29.35 27.38 25.55 24.75 23.14 22.41 23.14 26.79 29.93 34.24 36.72 35.92 34.09 34.09 34.60 35.62 38.25 38.91 40.08 37.89 34.89 31.24 30.08 31.10 30.37 29.05 28.54 25.99 26.13 26.43 25.84 19.86 20.15 18.25 17.67 16.21 15.04
0.00 0.00 6.28 5.48 5.48 3.43 2.34 4.89 5.40 5.40 4.09 3.50 3.58 2.34 3.07 4.31 6.06 6.64 8.03 6.79 7.88 8.03 13.94 12.05 8.10 0.00 0.00 0.00 0.00 0.00 0.44 10.66 13.43 12.12 12.85 12.85 13.87 20.66 29.27 33.14 36.06 34.97 33.73 32.19 26.79 21.83 20.44 20.44 19.05 20.66 22.34 25.26 26.35 26.79 28.62 27.96 26.57 28.47 32.19 32.49 32.49 30.15 32.05 30.51 32.12 33.00 33.07 33.73 30.30 29.86 30.08 30.37 28.03 25.26 23.65 23.94 24.45 20.29 21.39 21.46 19.64 17.89 17.67 16.43
0.00 0.00 6.28 5.48 5.48 3.43 2.34 4.89 5.40 5.40 4.09 3.50 3.58 2.34 3.07 4.31 6.06 6.64 8.03 6.79 7.88 8.03 13.94 12.05 8.10 0.00 0.00 0.00 0.00 0.00 0.44 10.66 13.43 12.12 12.85 12.85 13.87 20.66 29.27 33.14 36.06 34.97 33.73 32.19 26.79 21.83 20.44 20.44 19.05 20.66 22.34 25.26 26.35 26.79 28.62 27.96 26.57 28.47 32.19 32.49 32.49 30.15 32.05 30.51 32.12 33.00 33.07 33.73 30.30 29.86 30.08 30.37 28.03 25.26 23.65 23.94 24.45 20.29 21.39 21.46 19.64 17.89 17.67 16.43
0.00 0.00 8.03 7.23 5.33 2.70 1.97 2.12 3.80 3.80 3.21 3.21 3.72 3.87 5.48 6.64 6.57 6.06 5.84 6.79 7.45 9.64 10.22 9.93 0.00 0.00 0.00 0.00 0.00 0.00 7.81 11.61 12.26 12.26 15.84 15.84 20.81 24.24 29.20 31.03 28.40 27.08 24.38 19.71 16.64 15.84 16.06 16.72 17.45 18.69 19.42 19.86 23.29 26.13 26.65 24.02 24.67 27.23 29.35 28.91 28.91 31.54 31.03 31.10 31.68 31.03 29.71 29.27 28.40 27.89 27.23 26.06 25.11 24.09 21.32 21.39 21.39 18.98 18.98 19.56 18.10 18.98 17.37 17.30
11.90 12.56 9.71 8.18 6.35 5.04 4.31 3.29 3.72 3.72 4.23 4.09 5.40 5.48 5.26 5.84 5.62 3.72 2.70 2.63 6.94 5.26 0.00 0.00 0.00 0.00 0.00 0.00 0.00 6.64 11.39 12.70 12.19 16.86 20.37 20.37 21.90 23.07 18.91 17.23 18.25 19.05 20.08 18.91 18.10 18.32 17.81 17.81 18.69 20.08 22.70 24.75 23.73 20.81 20.08 19.71 22.48 21.39 25.33 27.96 27.96 30.51 31.03 32.05 30.00 26.57 24.67 24.67 24.16 25.33 25.99 25.33 22.70 21.75 21.53 20.44 17.67 17.30 18.98 18.98 17.67 18.91 17.45 17.16
14.16 12.19 10.66 10.51 9.49 8.83 8.98 8.54 6.42 6.42 4.67 5.33 5.11 5.33 6.50 8.03 7.01 3.50 2.41 4.23 0.00 0.00 0.00 0.00 0.00 0.00 0.00 0.37 5.18 11.46 16.28 15.99 18.76 21.97 24.24 24.24 23.43 20.66 18.03 16.43 16.94 15.77 14.38 15.40 17.52 17.74 17.08 18.03 19.78 21.53 20.88 21.83 20.08 19.27 21.90 20.00 19.35 19.49 21.90 23.36 23.36 25.26 26.72 26.35 25.11 23.21 23.65 23.36 21.83 21.61 20.95 20.95 20.51 20.08 19.78 18.47 16.57 16.86 17.01 17.57 18.01 18.97 16.43 17.85
14.16 12.19 10.66 10.51 9.49 8.83 8.98 8.54 6.42 6.42 4.67 5.33 5.11 5.33 6.50 8.03 7.01 3.50 2.41 4.23 0.00 0.00 0.00 0.00 0.00 0.00 0.00 0.37 5.18 11.46 16.28 15.99 18.76 21.97 24.24 24.24 23.43 20.66 18.03 16.43 16.94 15.77 14.38 15.40 17.52 17.74 17.08 18.03 19.78 21.53 20.88 21.83 20.08 19.27 21.90 20.00 19.35 19.49 21.90 23.36 23.36 25.26 26.72 26.35 25.11 23.21 23.65 23.36 21.83 21.61 20.95 20.95 20.51 20.08 19.78 21.35 22.86 24.26 23.30 29.85 29.74 25.25 21.13 18.52
0.00 13.94 14.24 13.87 12.41 11.68 10.88 9.42 8.47 8.47 7.81 8.61 10.29 10.66 8.83 5.33 2.26 1.46 0.00 0.00 0.00 0.00 0.00 0.00 0.00 0.00 1.39 4.60 8.47 12.85 15.11 16.86 19.64 25.11 28.62 28.62 27.89 24.38 20.88 19.56 19.86 21.02 21.17 20.81 21.10 19.71 18.98 21.46 24.67 25.84 22.41 19.93 18.91 20.44 14.82 17.52 18.69 17.01 17.81 20.22 20.22 21.10 19.56 21.46 22.70 21.61 20.51 19.78 19.49 20.81 21.68 20.81 20.08 18.14 23.27 23.85 22.02 21.35 20.06 28.38 25.18 21.32 19.27 20.26
0.00 12.05 13.72 13.29 11.90 12.26 11.68 9.20 9.27 9.27 11.68 12.19 9.86 6.79 3.07 0.00 0.00 0.00 0.00 0.00 0.00 0.00 0.00 0.00 0.00 5.48 10.73 11.97 13.94 16.13 16.28 18.40 19.35 21.17 24.75 24.75 26.06 24.97 22.63 21.75 22.12 23.36 22.63 23.14 23.14 21.97 23.00 23.36 24.45 23.14 21.39 17.30 18.54 16.06 17.23 17.16 17.81 16.28 17.23 18.98 18.98 21.02 23.94 23.58 23.29 22.27 21.32 19.93 20.29 20.88 22.92 22.48 20.05 23.76 25.29 25.41 25.81 30.67 31.36 28.38 25.81 23.03 24.15 25.01
5.48 6.86 9.71 12.05 14.09 17.37 16.79 17.23 15.91 15.91 13.14 9.49 6.42 2.34 0.00 0.00 0.00 0.00 0.00 0.00 0.00 0.00 8.03 0.00 1.61 13.07 11.61 13.21 13.80 10.73 11.97 19.05 20.37 21.17 21.24 21.24 22.27 22.48 22.85 25.55 27.96 26.06 24.60 24.16 23.36 19.86 17.67 17.37 17.81 20.22 19.35 17.45 18.76 21.46 20.81 22.70 21.53 21.90 20.08 20.29 20.29 22.27 23.29 21.90 22.12 20.08 19.49 19.49 19.49 19.13 18.83 19.27 18.64 18.45 15.65 23.48 31.10 29.43 23.93 27.82 27.52 28.12 23.86 24.44
5.48 6.86 9.71 12.05 14.09 17.37 16.79 17.23 15.91 15.91 13.14 9.49 6.42 2.34 0.00 0.00 0.00 0.00 0.00 0.00 0.00 0.00 8.03 0.00 1.61 13.07 11.61 13.21 13.80 10.73 11.97 19.05 20.37 21.17 21.24 21.24 22.27 22.48 22.85 25.55 27.96 26.06 24.60 24.16 23.36 19.86 17.67 17.37 17.81 20.22 19.35 17.45 18.76 21.46 20.81 22.70 21.53 21.90 20.08 20.29 20.29 22.27 23.29 21.90 22.12 20.08 19.49 19.49 19.49 19.13 18.83 19.27 18.18 18.18 15.18 21.81 27.72 27.25 25.52 28.87 27.52 27.51 26.21 26.14
14.02 11.39 8.76 7.96 9.34 10.80 12.12 11.90 9.78 9.78 6.50 2.19 0.00 0.00 0.00 0.00 0.00 3.94 7.74 9.93 10.59 8.98 8.25 7.96 10.51 12.12 0.00 0.00 0.00 0.00 0.00 18.83 33.36 24.45 23.58 23.58 22.41 21.75 23.14 25.77 28.11 27.96 26.06 23.73 20.95 15.84 14.53 17.08 18.40 16.79 17.96 16.94 21.10 22.12 23.51 23.94 22.92 21.97 21.83 22.34 22.34 21.83 20.95 20.22 21.02 20.15 20.59 21.83 21.39 21.24 20.95 20.66 20.29 19.20 15.72 20.01 24.60 22.85 24.40 27.02 24.94 28.88 27.40 23.87
11.10 11.17 10.44 10.15 8.25 6.20 4.09 0.66 0.00 0.00 0.00 0.00 0.00 0.00 0.00 0.00 0.00 5.18 7.96 9.56 11.32 13.72 13.65 13.65 14.45 15.62 11.46 14.02 16.64 12.34 8.61 21.24 39.27 24.45 25.48 25.48 21.46 20.81 19.42 20.59 21.46 21.61 21.10 19.20 15.99 12.34 10.07 4.67 8.03 12.99 17.96 17.08 17.89 18.47 18.61 17.52 18.03 18.25 18.91 19.13 19.13 19.05 22.85 21.46 21.97 21.53 22.56 22.70 22.34 23.14 22.85 21.61 19.35 15.34 17.99 18.02 18.55 22.54 26.50 22.90 28.08 26.28 25.70 26.73
16.28 17.23 16.43 16.72 16.79 11.53 7.23 2.19 0.00 0.00 0.00 0.00 0.00 0.00 0.15 3.94 6.50 11.17 11.75 12.56 12.92 14.02 14.53 13.14 14.31 15.48 15.18 16.86 17.81 18.91 18.10 18.25 17.23 16.50 18.40 18.40 18.91 19.56 19.86 19.49 19.05 17.59 15.40 16.35 17.37 17.37 15.91 17.81 14.97 13.87 15.70 13.87 12.99 14.38 15.33 15.70 16.57 17.59 19.20 20.22 20.22 20.00 21.17 21.39 20.59 20.37 22.41 20.22 18.76 20.37 20.81 19.56 19.00 21.25 19.96 17.70 21.36 27.15 24.36 23.12 25.28 23.89 23.89 22.35
23.80 20.22 18.03 19.05 18.61 16.06 16.28 12.41 9.20 9.20 7.01 8.76 7.74 8.54 7.81 7.15 6.72 7.15 7.66 11.17 13.07 14.16 13.36 14.16 14.24 14.45 13.80 13.87 14.09 14.24 15.48 15.99 16.64 14.97 14.24 14.24 15.33 15.77 15.62 14.89 14.89 14.09 14.82 15.77 15.91 14.60 14.97 15.55 15.55 15.91 13.80 13.36 13.94 13.07 12.56 13.87 16.21 18.61 18.91 18.61 18.61 19.27 18.91 17.81 13.94 14.38 14.09 12.70 11.17 14.60 18.98 19.12 17.00 18.20 20.79 21.70 29.52 25.57 25.69 25.62 24.77 26.28 22.24 22.24
23.80 20.22 18.03 19.05 18.61 16.06 16.28 12.41 9.20 9.20 7.01 8.76 7.74 8.54 7.81 7.15 6.72 7.15 7.66 11.17 13.07 14.16 13.36 14.16 14.24 14.45 13.80 13.87 14.09 14.24 15.48 15.99 16.64 14.97 14.24 14.24 15.33 15.77 15.62 14.89 14.89 14.09 14.82 15.77 15.91 14.60 14.97 15.55 15.55 15.91 13.80 13.36 13.94 13.07 12.56 13.87 16.21 18.61 18.91 18.61 18.61 19.27 18.91 17.81 13.94 14.38 14.09 12.70 11.17 14.60 18.98 23.47 15.93 19.78 18.67 26.85 29.95 28.27 26.20 23.11 23.94 22.60 24.19 25.25
16.86 17.16 14.97 13.51 12.26 11.68 11.24 12.70 12.12 12.12 12.26 13.58 14.75 7.88 7.37 5.99 5.84 5.33 7.96 11.10 12.19 13.21 12.34 13.07 14.16 14.24 14.45 12.56 12.85 12.99 14.97 15.04 15.84 15.99 16.79 16.79 17.08 15.77 14.75 15.33 15.62 18.18 19.78 17.81 15.70 14.38 13.94 14.67 15.40 8.76 8.98 8.76 9.42 10.07 9.93 10.44 10.88 13.36 15.48 11.39 11.39 9.49 10.07 10.44 9.71 10.37 9.34 5.48 6.57 11.32 17.17 18.74 17.36 16.07 19.43 23.17 26.75 22.05 20.09 25.34 22.99 20.30 21.48 18.62
16.50 20.15 19.35 15.04 13.29 10.80 10.29 9.71 9.05 9.05 10.15 10.22 11.75 11.32 11.17 11.10 10.66 10.66 11.46 13.36 14.24 14.82 12.92 11.68 11.61 12.12 12.48 12.92 12.56 12.26 12.56 13.43 14.02 14.31 15.33 15.33 16.06 15.70 17.08 16.79 15.48 14.89 13.58 12.26 10.29 10.66 9.93 12.56 5.33 3.94 5.77 7.45 8.03 9.20 9.05 9.86 10.73 11.02 11.24 8.61 8.61 6.50 6.06 4.74 5.04 4.53 3.80 4.16 6.13 10.42 15.34 16.96 17.37 16.39 18.27 19.62 19.86 22.76 22.79 23.49 17.85 19.67 18.37 19.43
13.21 14.89 16.57 15.99 14.89 13.72 11.75 10.22 10.00 10.00 9.27 13.14 13.58 14.67 15.70 14.75 13.51 14.75 16.21 16.50 17.96 17.16 14.53 13.36 12.70 13.58 12.05 12.78 12.12 12.19 14.82 16.94 17.74 17.01 15.26 15.26 15.84 16.64 17.23 17.08 17.01 15.04 12.05 9.64 8.61 6.94 6.79 5.84 4.60 5.11 5.99 7.08 6.50 6.20 6.64 7.59 8.54 11.39 13.80 9.34 9.34 5.40 4.02 3.94 4.09 3.94 2.04 3.58 3.72 5.18 8.83 14.89 15.33 19.78 23.73 23.62 22.03 25.96 27.89 19.12 17.39 15.87 14.96 16.18
12.19 14.24 14.82 13.36 12.99 11.83 10.29 8.47 8.76 8.76 10.95 15.33 17.23 17.01 16.50 15.99 16.06 18.03 20.95 20.95 21.17 22.27 20.37 15.18 11.24 10.73 10.44 11.02 11.61 15.18 17.89 20.22 20.08 17.81 17.59 17.59 18.10 16.79 14.38 12.85 10.95 10.07 7.88 6.94 6.94 6.06 5.62 7.74 6.20 6.35 6.06 5.62 6.13 4.53 5.26 7.01 8.91 8.32 9.05 7.45 7.45 5.48 3.21 1.31 2.04 3.72 3.50 4.02 4.09 5.69 9.86 15.55 16.79 19.49 22.64 23.24 26.58 22.56 24.15 20.35 17.05 13.13 12.53 12.15
9.56 13.51 15.33 14.24 12.41 9.64 10.80 10.07 8.76 8.76 13.65 15.70 17.96 18.47 15.99 14.09 14.75 21.10 23.29 25.26 22.05 18.91 15.91 10.29 10.29 12.85 12.70 12.92 14.97 18.91 21.61 20.59 20.22 20.29 19.78 19.78 17.16 13.29 11.61 10.51 9.78 9.78 8.98 8.25 10.37 8.47 6.64 6.06 7.96 9.56 9.20 7.66 7.30 5.40 5.40 6.72 6.42 7.45 8.18 7.15 7.15 2.63 2.42 0.00 0.00 0.00 4.67 4.16 4.16 5.62 10.88 13.51 15.55 17.37 19.54 23.00 27.00 21.04 21.68 18.40 13.77 13.58 14.72 13.04
9.56 13.51 15.33 14.24 12.41 9.64 10.80 10.07 8.76 8.76 13.65 15.70 17.96 18.47 15.99 14.09 14.75 21.10 23.29 25.26 22.05 18.91 15.91 10.29 10.29 12.85 12.70 12.92 14.97 18.91 21.61 20.59 20.22 20.29 19.78 19.78 17.16 13.29 11.61 10.51 9.78 9.78 8.98 8.25 10.37 8.47 6.64 6.06 7.96 9.56 9.20 7.66 7.30 5.40 5.40 6.72 6.42 7.45 8.18 7.15 7.15 2.63 2.42 0.00 0.00 0.00 4.67 4.16 4.16 5.62 10.88 13.51 15.55 17.37 18.76 23.12 20.97 18.51 18.16 21.42 16.85 13.87 11.53 12.03
3.43 4.67 6.28 7.23 9.93 10.73 12.48 13.29 12.63 12.63 13.94 14.09 16.50 18.54 17.67 17.23 18.83 22.27 20.66 19.42 17.01 12.41 13.65 13.80 13.87 15.26 16.21 17.01 18.83 19.93 19.20 17.52 17.08 16.57 14.60 14.60 14.67 16.06 15.84 13.36 11.53 10.59 9.20 10.37 10.37 10.15 8.83 5.11 5.33 6.42 8.10 7.66 5.99 4.23 5.84 5.91 5.26 4.74 3.80 0.00 0.00 0.00 0.00 0.00 0.00 4.82 5.40 5.04 5.55 7.23 7.74 10.37 12.41 16.06 17.23 18.64 19.52 24.48 21.16 15.62 15.15 13.25 13.15 12.35
1.68 1.10 1.83 5.33 7.37 9.34 13.14 12.56 16.06 16.06 17.23 18.61 17.89 16.57 13.94 13.87 15.04 17.16 18.40 17.16 15.99 13.80 13.94 14.53 13.65 14.89 17.89 18.40 16.72 15.26 14.97 14.97 14.16 13.65 15.18 15.18 16.21 17.16 17.96 15.70 16.28 14.97 13.36 13.65 14.02 12.26 9.20 6.28 5.04 3.72 3.72 4.45 4.31 5.04 5.33 5.99 4.60 2.77 1.39 0.00 0.00 0.00 0.00 0.00 2.48 5.99 8.25 8.98 7.96 8.25 10.00 10.44 10.80 12.34 16.77 18.74 19.44 21.68 21.69 18.38 21.05 13.97 13.83 15.60
3.21 4.31 2.92 2.92 5.55 6.57 9.27 16.86 17.89 17.89 15.62 13.51 12.34 12.85 11.97 13.58 16.28 13.94 14.97 16.57 15.62 13.51 13.36 15.55 15.26 14.75 18.32 20.37 17.52 14.60 12.63 13.29 13.07 12.85 15.26 15.26 17.30 17.96 16.94 14.89 13.65 15.26 15.99 15.84 14.82 14.97 12.99 9.93 7.81 6.06 6.35 5.40 4.82 5.55 6.35 5.99 2.99 2.26 0.00 0.00 0.00 0.00 0.00 2.85 4.60 6.50 8.03 8.69 7.45 8.25 9.42 10.00 13.49 15.56 21.27 23.22 20.05 15.70 14.41 15.50 14.92 15.24 14.91 15.12
2.99 3.21 4.45 4.09 2.92 3.94 5.91 8.76 11.90 11.90 12.19 12.41 9.56 11.39 12.99 13.14 12.85 15.18 14.82 15.04 16.79 18.54 17.89 18.98 16.28 13.21 15.40 18.25 18.32 14.60 11.02 11.46 13.29 13.43 14.67 14.67 15.04 14.89 16.35 13.72 10.15 10.44 11.75 12.05 12.63 11.39 10.59 9.93 8.83 8.03 8.32 8.10 5.33 0.00 3.72 2.63 1.46 1.68 1.31 0.00 0.00 0.00 3.07 4.09 4.60 6.64 7.01 9.42 10.15 10.59 12.78 12.85 15.43 20.78 23.33 23.06 19.61 19.30 14.25 13.91 15.43 14.02 15.05 15.27
5.48 4.74 6.64 6.42 5.18 2.99 3.58 5.26 3.72 3.72 5.33 5.84 5.99 7.52 11.53 10.51 9.49 10.66 11.02 14.09 16.64 16.94 14.82 13.80 12.19 11.10 12.92 14.82 14.31 11.39 9.56 10.22 10.00 10.66 10.51 10.51 10.59 10.80 11.90 11.75 9.42 8.69 10.37 9.93 8.69 7.37 8.47 6.64 5.84 5.62 0.00 0.00 0.00 0.00 0.00 0.00 2.34 0.00 3.80 3.43 3.43 4.53 3.29 2.56 3.72 4.60 5.40 9.05 12.63 14.31 16.40 17.11 25.85 23.81 22.53 21.69 16.28 13.87 15.85 14.17 15.00 15.08 15.03 11.33
5.48 4.74 6.64 6.42 5.18 2.99 3.58 5.26 3.72 3.72 5.33 5.84 5.99 7.52 11.53 10.51 9.49 10.66 11.02 14.09 16.64 16.94 14.82 13.80 12.19 11.10 12.92 14.82 14.31 11.39 9.56 10.22 10.00 10.66 10.51 10.51 10.59 10.80 11.90 11.75 9.42 8.69 10.37 9.93 8.69 7.37 8.47 6.64 5.84 5.62 0.00 0.00 0.00 0.00 0.00 0.00 2.34 0.00 3.80 3.43 3.43 4.53 3.29 2.56 3.72 4.60 5.40 9.05 12.63 14.31 16.48 16.93 23.38 26.53 24.04 25.31 18.90 13.42 16.56 13.77 15.86 17.88 13.72 9.62
2.92 2.99 7.59 3.07 0.00 0.00 2.99 2.70 0.00 0.00 0.00 0.00 0.00 0.00 6.06 6.50 6.50 6.28 5.99 6.35 9.42 10.07 8.98 8.76 7.23 9.34 10.29 10.07 8.61 6.86 6.72 6.86 6.57 4.96 0.00 0.00 0.00 5.18 7.74 7.88 8.40 8.61 8.69 7.66 6.20 4.16 4.02 4.53 5.26 4.67 2.19 0.00 0.00 0.00 0.00 0.00 0.00 3.14 0.00 0.00 0.00 0.00 0.00 0.00 0.00 4.38 5.84 8.47 12.25 15.93 20.65 21.61 29.72 28.51 22.80 10.32 9.27 11.61 10.95 12.18 9.79 13.29 11.68 6.72
1.53 0.00 3.50 4.02 1.24 1.75 0.00 0.00 0.00 0.00 0.00 0.00 0.00 3.50 4.96 7.01 6.57 6.20 5.26 3.72 3.87 5.11 5.55 5.11 4.82 6.35 6.64 6.06 4.23 4.45 4.45 3.87 2.19 2.41 2.04 2.04 0.00 2.77 0.00 3.72 4.74 4.89 4.89 5.11 4.74 2.19 4.60 0.00 3.94 4.23 2.99 0.00 2.41 0.00 0.00 0.00 0.00 0.00 0.00 0.00 0.00 0.00 0.00 0.00 3.80 4.89 5.18 10.37 11.53 15.84 20.00 23.10 26.65 25.52 16.08 9.81 10.28 9.06 9.18 10.27 9.17 8.28 8.01 7.83
3.58 4.53 0.00 0.00 0.00 1.61 0.00 0.00 0.00 0.00 0.00 0.00 0.00 0.00 0.00 0.00 5.33 5.04 4.09 3.14 2.48 2.70 0.00 3.43 0.00 3.80 3.65 4.82 0.00 0.00 0.00 0.00 3.14 3.58 2.92 2.92 3.07 2.85 4.74 4.67 4.82 3.21 4.82 5.40 5.55 6.50 5.91 4.89 5.18 4.38 4.38 3.43 1.97 0.00 3.29 0.00 0.00 0.00 3.50 4.09 4.09 0.00 0.00 3.43 4.89 5.84 7.23 13.51 13.94 14.45 16.94 22.01 21.30 18.30 11.39 8.48 6.85 9.36 10.08 11.83 6.46 3.38 3.77 4.53
5.91 6.28 5.77 0.00 0.00 0.00 0.00 0.00 0.00 0.00 0.00 0.00 0.00 0.00 0.00 2.70 3.36 0.00 0.00 0.00 0.00 0.00 0.00 0.00 0.00 0.00 0.00 0.00 0.00 0.00 0.00 0.00 0.00 0.00 0.00 0.00 3.14 3.87 3.94 4.09 0.00 4.16 4.67 7.15 7.37 6.06 6.72 5.91 5.33 4.09 2.99 3.80 0.00 0.00 0.00 0.00 0.00 2.34 0.00 0.00 0.00 3.43 0.00 4.16 6.50 8.61 9.49 12.85 14.97 14.60 18.83 21.38 18.00 10.58 10.56 8.34 7.15 6.31 5.68 6.59 5.72 2.39 0.45 0.37
0.00 0.00 0.00 0.00 0.00 0.00 0.00 0.00 0.00 0.00 0.00 0.00 0.00 0.00 0.00 4.02 2.92 2.04 0.00 0.00 0.00 0.00 0.00 0.00 0.00 2.63 0.00 0.00 0.00 0.00 0.00 0.00 0.00 0.00 0.00 0.00 1.46 2.56 2.70 3.07 0.00 0.00 0.00 6.20 5.91 4.67 5.33 5.48 5.04 4.31 3.87 0.00 0.00 0.00 0.00 0.00 0.00 2.92 3.29 0.00 0.00 2.19 2.92 4.31 6.86 8.25 11.24 12.48 13.65 14.97 17.81 15.26 11.60 5.25 4.60 4.17 4.84 4.60 3.45 2.97 2.47 0.59 0.00 0.22
0.00 1.61 0.00 0.00 0.00 3.43 2.12 0.00 0.00 0.00 0.07 0.00 1.39 2.63 2.85 0.00 2.77 0.00 0.00 0.00 0.00 0.00 0.00 0.00 0.00 0.00 0.00 0.00 0.00 0.00 0.00 0.00 0.00 1.39 0.00 0.00 2.12 0.00 0.80 0.00 0.00 0.00 0.00 2.41 3.80 3.94 3.87 4.53 0.00 2.04 2.12 2.26 2.04 0.95 1.61 1.31 0.00 0.00 2.04 0.00 0.00 0.00 2.34 3.87 5.62 6.20 8.47 11.24 15.91 16.06 15.48 11.67 6.78 3.65 2.58 2.97 2.83 0.00 1.65 1.56 0.98 0.00 0.00 0.00
0.00 1.61 0.00 0.00 0.00 3.43 2.12 0.00 0.00 0.00 0.07 0.00 1.39 2.63 2.85 0.00 2.77 0.00 0.00 0.00 0.00 0.00 0.00 0.00 0.00 0.00 0.00 0.00 0.00 0.00 0.00 0.00 0.00 1.39 0.00 0.00 2.12 0.00 0.80 0.00 0.00 0.00 0.00 2.41 3.80 3.94 3.87 4.53 0.00 2.04 2.12 2.26 2.04 0.95 1.61 1.31 0.00 0.00 2.04 0.00 0.00 0.00 2.34 3.87 5.62 6.20 8.47 11.24 15.91 16.06 15.48 11.61 6.68 3.59 2.58 3.10 2.52 0.00 1.61 1.64 0.96 0.00 0.00 0.00
0.00 0.00 0.00 0.00 0.00 0.00 1.75 0.00 0.00 0.00 0.00 0.00 2.56 2.56 2.85 0.00 0.00 0.00 0.00 0.00 0.00 0.00 0.00 0.00 0.00 2.77 0.00 0.00 0.00 2.92 0.00 0.00 1.53 0.00 1.75 1.75 0.00 0.00 0.00 0.00 0.00 0.00 0.00 0.00 0.00 0.00 2.34 2.56 3.58 3.21 0.00 0.00 0.00 1.83 0.00 1.46 0.00 0.00 0.00 0.00 0.00 0.00 0.00 2.56 2.70 4.31 4.67 5.99 7.96 7.59 7.23 4.23 2.92 2.51 0.88 0.23 1.29 0.74 0.00 0.22 0.00 0.00 0.00 0.00
