Wansh/Snow_depth/snowdepth-1984/winter/1985035.txt
ncols 321
nrows 161
xllcenter 60
yllcenter 15 
cellsize  0.25 
NODATA_value -1
[rows 37 to 73 of 161, columns 0 to 83 of 321]
0.00 0.00 0.00 0.00 0.00 0.00 0.00 0.00 0.00 0.00 0.00 0.00 0.00 0.00 0.00 0.00 0.00 0.00 0.00 0.00 0.00 0.00 0.00 0.00 0.00 0.00 0.00 0.00 0.00 0.00 0.00 0.00 0.00 0.00 0.00 0.00 0.00 0.00 0.00 0.00 0.00 0.00 0.00 0.00 0.00 0.00 0.00 0.00 0.00 0.00 0.00 0.00 0.00 0.00 0.00 0.00 0.00 0.00 0.00 0.00 5.55 5.84 6.79 7.74 8.83 8.32 7.52 6.79 6.20 7.96 8.98 8.83 8.83 11.17 12.26 13.36 13.36 14.75 13.36 13.43 16.72 18.18 17.81 17.30
0.00 0.00 0.00 0.00 0.00 0.00 0.00 0.00 0.00 0.00 0.00 0.00 0.00 0.00 0.00 0.00 0.00 0.00 0.00 0.00 0.00 0.00 0.00 0.00 0.00 0.00 0.00 0.00 0.00 0.00 0.00 0.00 0.00 0.00 0.00 0.00 0.00 0.00 0.00 0.00 0.00 0.00 0.00 0.00 0.00 0.00 4.53 3.14 0.00 5.84 7.59 7.59 4.96 2.41 0.00 0.00 0.00 0.00 0.00 0.00 5.48 7.81 8.40 10.51 12.26 14.02 14.38 14.31 12.56 11.24 10.29 9.13 8.10 8.69 10.66 11.90 11.90 12.70 12.99 14.45 15.55 15.40 16.35 18.54
0.00 0.00 0.00 0.00 0.00 0.00 0.00 0.00 0.00 0.00 0.00 0.00 0.00 0.00 0.00 0.00 0.00 0.00 0.00 0.00 0.00 0.00 0.00 0.00 0.00 0.00 0.00 0.00 0.00 0.00 0.00 0.00 0.00 0.00 0.00 0.00 0.00 0.00 0.00 0.88 0.00 0.00 1.17 2.63 3.36 2.70 2.04 0.00 1.90 3.87 6.79 6.79 8.83 10.51 8.76 0.00 1.24 0.00 0.00 4.02 6.13 8.54 10.59 12.41 16.13 16.72 14.16 13.72 11.53 10.29 9.86 4.16 3.58 2.85 0.00 0.00 0.00 0.80 4.74 9.71 13.21 14.53 18.98 22.05
0.00 0.00 0.00 0.00 0.00 0.00 0.00 0.00 0.00 0.00 0.00 0.00 0.00 0.00 0.00 0.00 0.00 0.00 0.00 0.00 0.00 0.00 0.00 0.00 0.00 0.00 0.00 0.00 0.00 0.00 0.00 4.67 0.07 1.17 0.00 0.00 0.00 0.00 0.00 0.00 0.00 0.00 1.90 2.26 0.00 3.07 1.24 0.00 0.00 2.63 6.50 6.50 9.86 11.46 10.73 8.47 9.34 8.69 7.30 7.37 8.76 6.35 8.32 9.78 12.26 14.24 14.02 11.90 5.26 0.00 0.58 0.00 0.00 0.00 0.00 5.40 5.40 6.79 10.88 17.16 17.45 15.91 14.31 13.21
0.00 0.00 0.00 0.00 0.00 0.00 0.00 0.00 0.00 0.00 0.00 0.00 0.00 0.00 0.00 0.00 0.00 0.00 0.00 0.00 0.00 0.00 0.00 0.00 0.00 0.00 0.00 0.00 3.29 4.60 6.86 5.26 3.87 3.14 0.88 0.15 0.22 0.00 1.39 2.92 3.65 5.11 6.13 5.99 5.11 5.40 4.60 5.26 5.18 3.58 0.00 0.00 3.36 6.79 8.91 9.42 9.05 8.98 9.78 10.51 12.48 8.98 7.15 7.66 9.56 11.68 12.41 6.06 0.00 0.00 0.00 0.00 0.00 0.00 0.00 16.35 16.35 16.57 17.30 18.25 17.30 15.33 14.09 10.44
0.00 0.00 0.00 0.00 0.00 0.00 0.00 0.00 0.00 0.00 0.00 0.00 0.00 0.00 0.00 0.00 0.00 0.00 0.00 0.00 0.00 0.00 0.00 0.00 0.00 0.00 0.00 0.00 2.41 7.74 6.28 4.23 5.77 3.21 0.00 0.15 3.50 4.60 3.94 5.04 5.77 6.13 9.93 11.10 9.78 8.32 7.01 6.35 7.52 8.61 6.28 6.28 6.42 7.88 7.30 4.96 2.70 2.70 5.33 9.64 9.49 7.81 7.74 8.69 9.34 11.61 11.24 7.45 0.00 0.00 0.00 17.01 18.25 20.88 21.61 19.71 19.71 17.23 16.13 15.62 20.44 23.36 24.70 19.49
0.00 0.00 0.00 0.00 0.00 0.00 0.00 0.00 0.00 0.00 0.00 0.00 0.00 0.00 0.00 0.00 0.00 0.00 0.00 0.00 0.00 0.00 0.00 0.00 3.50 0.00 0.00 0.00 0.00 0.00 0.00 1.39 2.85 0.00 0.00 1.10 1.90 3.14 5.69 8.69 8.03 7.30 8.54 10.51 10.22 11.17 12.63 11.68 11.53 11.61 10.29 10.29 10.95 10.15 7.15 0.00 0.00 0.00 0.00 0.00 2.77 3.14 4.16 9.05 14.53 16.94 16.57 12.05 9.86 12.92 17.16 15.84 12.63 9.05 10.44 9.71 9.71 10.29 9.86 11.97 17.30 21.97 25.33 27.38
0.00 0.00 0.00 0.00 0.00 0.00 0.00 0.00 0.00 0.00 0.00 0.00 0.00 0.00 0.00 0.00 0.00 0.00 0.00 0.00 0.00 0.00 0.00 0.00 0.00 0.00 0.00 0.00 2.34 3.29 3.14 4.31 3.72 1.68 0.07 0.00 0.00 4.16 4.96 6.86 8.91 10.29 11.24 12.12 13.14 15.18 17.89 19.42 18.76 17.59 16.35 16.35 17.01 0.00 0.00 0.00 0.00 0.00 0.00 9.05 7.88 5.84 6.42 9.78 13.51 16.94 16.35 10.66 5.48 7.74 9.86 8.10 6.57 4.38 3.50 2.77 2.77 0.00 4.16 7.52 10.59 13.80 16.13 20.54
0.00 0.00 0.00 0.00 0.00 0.00 0.00 0.00 0.00 0.00 0.00 0.00 0.00 0.00 0.00 0.00 0.00 0.00 0.00 0.00 0.00 0.00 0.00 0.00 0.00 0.00 0.00 3.94 5.84 6.79 6.79 8.69 11.10 10.15 6.72 3.80 2.85 4.02 3.07 2.85 7.52 9.78 11.97 13.14 18.25 24.89 26.50 26.06 25.40 25.40 24.67 24.67 25.04 0.00 0.00 0.00 0.00 0.00 0.00 13.80 15.33 15.26 15.70 16.06 18.10 21.17 20.29 19.93 17.67 14.89 12.41 11.61 9.71 6.06 4.45 4.16 4.16 4.45 6.35 8.98 11.61 13.80 17.01 20.59
0.00 0.00 0.00 0.00 0.00 0.00 0.00 0.00 0.00 0.00 0.00 0.00 0.00 0.00 0.00 0.00 0.00 0.00 0.00 0.00 0.00 0.00 0.00 0.00 0.00 0.00 0.00 3.94 5.84 6.79 6.79 8.69 11.10 10.15 6.72 3.80 2.85 4.02 3.07 2.85 7.52 9.78 11.97 13.14 18.25 24.89 26.50 26.06 25.40 25.40 24.67 24.67 25.04 0.00 0.00 0.00 0.00 0.00 0.00 13.80 15.33 15.26 15.70 16.06 18.10 21.17 20.29 19.93 17.67 14.89 12.41 11.61 9.71 6.06 4.45 4.16 4.16 4.45 6.35 8.98 11.61 13.80 17.01 20.79
0.00 0.00 0.00 0.00 0.00 0.00 0.00 0.00 0.00 0.00 0.00 0.00 0.00 0.00 0.00 0.00 0.00 0.00 0.00 0.00 0.00 0.00 0.00 3.65 5.69 6.13 6.13 5.99 4.82 4.89 6.50 8.32 10.22 10.66 9.42 7.96 9.27 12.56 10.15 4.02 1.97 5.55 10.22 17.30 24.09 29.42 30.15 30.30 28.91 27.96 29.42 29.42 28.98 0.00 0.00 0.00 0.00 0.00 0.00 0.00 15.70 14.67 15.84 17.89 21.32 24.82 23.36 21.83 21.75 21.17 19.05 16.79 14.38 12.26 9.71 8.61 8.61 12.41 15.77 16.64 19.93 22.27 19.64 18.99
0.00 0.00 0.00 0.00 0.00 0.00 0.00 0.00 0.00 0.00 0.00 0.00 0.00 0.00 0.00 0.00 0.00 0.00 0.00 0.00 0.00 0.00 6.50 10.07 7.81 5.91 5.91 5.77 6.72 8.25 8.25 7.59 6.50 4.09 6.94 11.24 13.80 20.08 17.37 11.75 7.08 5.99 11.46 17.01 23.36 28.40 29.86 32.27 31.83 31.83 31.54 31.54 0.00 0.00 0.00 0.00 0.00 0.00 0.00 0.00 17.37 17.37 16.28 19.56 22.85 23.87 20.37 17.81 16.35 17.01 17.67 16.79 18.61 22.63 23.00 21.61 21.61 23.00 23.65 22.78 23.87 25.19 23.87 21.90
0.00 0.00 0.00 0.00 0.00 0.00 0.00 0.00 0.00 0.00 0.00 0.00 0.00 0.00 0.00 0.00 0.00 0.00 0.00 0.00 0.00 0.00 4.45 3.29 4.09 6.94 6.94 8.91 9.71 10.66 10.95 8.98 5.84 7.96 8.76 10.51 13.14 19.56 20.29 18.10 18.40 14.16 12.34 15.33 21.24 24.31 24.67 26.50 27.52 29.42 30.00 30.00 0.00 0.00 25.55 25.40 26.57 24.09 18.61 17.52 16.94 15.91 15.84 21.53 20.66 18.76 17.37 15.62 9.27 10.07 11.24 12.63 19.20 21.32 23.29 27.74 27.74 28.25 25.11 20.66 18.98 20.06 21.35 21.56
0.00 0.00 0.00 0.00 0.00 0.00 0.00 0.00 0.00 0.00 0.00 0.00 0.00 0.00 0.00 0.00 0.00 0.00 0.00 0.00 0.00 10.15 7.52 6.94 10.44 9.56 9.56 14.31 14.02 12.99 14.31 13.94 13.29 12.92 13.94 15.84 19.78 25.62 26.86 26.06 23.94 22.34 19.42 16.79 18.10 20.95 22.12 22.19 22.78 23.00 18.83 18.83 14.31 17.16 17.81 20.81 23.07 21.68 21.32 21.24 21.46 15.99 9.49 9.78 10.88 0.00 0.00 0.00 0.00 0.00 14.67 16.13 19.05 19.64 21.39 24.53 24.53 26.50 25.11 19.49 18.54 21.20 21.06 19.02
0.00 0.00 0.00 0.00 0.00 0.00 0.00 0.00 0.00 0.00 0.00 0.00 0.00 0.00 0.00 0.00 0.00 0.00 0.00 0.00 0.00 11.17 12.12 15.55 16.43 17.08 17.08 17.52 18.83 19.86 20.44 22.63 20.95 18.54 17.30 20.15 23.00 27.30 27.01 27.81 23.51 16.72 12.19 13.21 15.18 15.77 15.40 15.84 18.76 20.22 17.01 17.01 19.71 21.97 26.43 28.11 28.54 27.67 25.84 23.58 19.27 13.43 8.83 2.70 3.94 0.00 0.00 0.00 0.00 0.00 5.33 7.08 13.21 18.83 25.11 22.12 22.12 19.71 21.61 22.27 19.71 17.52 17.30 19.20
0.00 0.00 0.00 0.00 0.00 0.00 0.00 0.00 0.00 0.00 0.00 0.00 0.00 0.00 0.00 0.00 0.00 0.00 0.00 0.00 11.02 9.34 14.97 17.30 21.02 23.29 23.29 24.60 26.72 28.62 30.00 25.70 24.02 21.53 20.08 18.76 20.59 24.02 25.04 21.17 15.70 10.88 10.88 13.87 17.74 19.49 15.77 14.09 18.18 23.07 21.83 21.83 21.39 22.92 22.92 28.98 33.80 34.67 32.70 28.25 20.15 14.38 9.05 7.74 5.77 1.24 0.00 0.00 0.00 0.00 0.88 12.05 17.08 15.91 17.16 11.97 11.97 11.24 14.38 16.43 15.55 13.36 8.40 11.39
0.00 0.00 0.00 0.00 0.00 0.00 0.00 0.00 0.00 0.00 0.00 0.00 0.00 0.00 0.00 0.00 0.00 0.00 0.00 0.00 10.95 16.86 21.61 25.04 26.72 27.52 27.52 28.84 30.30 32.63 30.15 24.24 21.90 20.22 18.54 20.51 21.90 25.62 24.53 17.23 11.32 12.19 14.97 19.05 20.44 20.37 16.57 12.70 15.11 18.91 19.64 19.64 21.17 21.10 21.10 23.80 26.21 26.72 25.62 24.89 23.07 23.94 24.09 24.82 20.81 19.78 22.56 18.10 13.58 11.46 10.22 13.65 15.99 9.49 5.33 3.80 3.80 3.07 3.43 6.35 10.22 8.03 8.32 9.24
0.00 0.00 0.00 0.00 0.00 0.00 0.00 0.00 0.00 0.00 0.00 0.00 0.00 0.00 0.00 0.00 0.00 4.23 0.00 16.21 19.71 22.70 26.43 29.05 27.08 28.11 28.11 27.08 29.05 30.66 30.15 26.50 21.97 22.19 22.19 22.12 21.61 20.66 20.95 18.25 13.43 13.43 18.25 20.88 19.05 19.49 19.56 15.26 13.07 11.61 16.64 16.64 15.26 21.32 22.85 24.31 25.55 23.94 24.45 26.21 25.70 25.33 27.30 27.81 26.35 25.19 24.38 21.53 15.55 8.47 5.84 4.96 5.33 3.72 2.92 3.43 3.43 4.02 2.19 4.09 5.62 5.55 4.67 4.55
0.00 0.00 0.00 0.00 0.00 0.00 0.00 0.00 0.00 0.00 0.00 0.00 0.00 0.00 0.00 0.00 0.00 0.00 0.00 8.03 15.70 24.67 26.86 25.77 23.51 24.82 24.82 24.09 25.62 26.13 27.01 24.67 20.37 22.63 24.89 22.85 19.42 18.54 21.97 18.98 14.31 12.78 14.45 14.82 14.24 19.56 22.34 17.89 14.53 0.00 0.00 0.00 0.00 11.39 14.97 23.43 28.32 26.21 26.72 24.67 21.32 18.91 21.10 22.27 23.14 26.21 28.54 25.55 17.08 9.93 6.50 3.07 3.72 2.85 0.58 1.90 1.90 1.17 0.00 0.00 0.00 0.00 0.00 0.00
0.00 0.00 0.00 0.00 0.00 0.00 0.00 0.00 0.00 0.00 0.00 0.00 0.00 0.00 0.00 0.00 0.00 0.00 0.00 11.53 13.51 24.97 26.50 22.19 19.71 20.37 20.37 21.02 20.08 21.46 24.16 21.39 18.47 20.51 24.60 23.87 19.27 12.41 17.08 22.34 21.90 14.82 13.87 14.82 16.94 23.43 28.32 27.45 24.89 0.00 0.00 0.00 0.00 0.00 12.05 17.08 23.51 26.06 26.35 24.53 21.83 16.86 17.16 18.32 19.35 20.08 20.51 16.86 12.05 8.25 4.45 2.70 0.95 0.00 0.00 0.44 0.44 0.88 4.16 4.31 0.00 0.00 0.00 0.00
0.00 0.00 0.00 0.00 0.00 0.00 0.00 0.00 0.00 0.00 0.00 0.00 0.00 0.00 0.00 0.00 0.00 0.00 17.89 16.35 13.14 10.80 11.90 10.15 8.32 10.88 10.88 11.32 11.46 14.38 18.83 16.79 16.21 21.17 22.63 25.04 20.00 12.78 14.24 17.52 14.60 13.43 17.08 19.78 24.67 28.69 29.86 30.30 27.67 0.00 0.00 0.00 0.00 0.00 12.48 15.55 20.73 20.81 24.45 26.21 20.44 14.16 12.05 10.66 10.44 10.22 7.74 1.61 1.39 0.88 0.00 0.00 0.00 0.00 0.00 0.00 0.00 2.34 3.36 0.00 0.00 0.00 0.00 0.00
0.00 0.00 0.00 0.00 0.00 0.00 0.00 0.00 0.00 0.00 0.00 0.00 0.00 0.00 0.00 0.00 0.00 0.00 10.80 9.20 0.15 0.00 0.00 2.56 4.60 9.42 9.42 8.03 6.06 4.45 4.96 2.26 6.13 8.61 9.49 13.80 9.86 9.20 13.14 11.02 10.51 12.48 15.62 17.45 22.78 26.43 27.08 29.13 0.00 0.00 0.00 0.00 0.00 19.05 20.22 20.08 21.39 22.78 22.78 21.10 13.72 6.28 5.77 4.74 5.55 4.60 3.36 1.75 0.73 0.66 1.97 2.63 3.07 3.94 0.00 0.00 0.00 0.00 0.00 0.00 0.00 0.00 0.00 0.00
0.00 0.00 0.00 0.00 0.00 0.00 0.00 0.00 0.00 0.00 0.00 0.00 0.00 0.00 0.00 0.00 0.00 3.29 3.50 0.00 0.00 0.00 0.00 8.03 11.83 20.59 20.59 25.11 20.95 13.36 3.50 0.00 0.00 0.00 0.00 0.00 1.53 6.72 13.07 10.59 10.59 9.27 9.20 12.92 17.30 20.22 22.56 24.53 18.18 17.01 19.86 19.86 21.32 24.09 23.21 23.94 23.65 23.14 20.51 12.70 5.33 2.56 2.70 2.63 3.07 2.70 1.90 1.46 1.10 2.56 4.82 6.20 3.36 2.19 0.00 0.00 0.00 0.00 0.00 0.00 0.00 0.00 0.00 0.00
0.00 0.00 0.00 0.00 0.00 0.00 0.00 0.00 0.00 0.00 0.00 0.00 0.00 0.00 0.00 0.00 0.00 0.00 0.00 0.00 0.00 0.00 0.00 4.89 9.71 15.55 15.55 18.40 22.63 25.19 21.17 9.86 7.01 8.32 10.73 16.28 21.24 21.90 19.13 15.40 12.63 10.07 12.48 16.57 18.69 18.98 19.49 17.23 18.76 19.64 19.71 19.71 21.61 23.94 22.19 21.24 11.68 9.78 10.15 8.76 3.43 2.85 1.61 2.04 3.21 5.26 4.38 2.41 2.70 2.77 3.50 3.43 0.00 0.00 0.00 0.00 0.00 0.00 0.00 0.00 0.00 0.00 0.00 0.00
0.00 0.00 0.00 0.00 0.00 0.00 0.00 0.00 0.00 0.00 0.00 0.00 0.00 0.00 0.00 0.00 0.00 0.00 0.00 0.00 0.00 0.00 0.00 0.00 3.43 5.48 5.48 0.00 7.88 19.78 27.01 20.66 17.01 17.37 21.68 25.77 25.04 22.34 18.69 13.36 13.29 12.70 12.41 15.11 17.67 17.89 16.50 14.24 14.24 14.16 15.33 15.33 20.81 22.41 21.24 15.84 8.47 3.94 2.92 2.26 2.70 4.53 5.04 5.33 0.00 0.00 2.63 1.83 0.00 0.00 0.00 0.00 0.00 0.00 0.00 0.00 0.00 0.00 0.00 0.00 0.00 0.00 0.00 0.00
0.00 0.00 0.00 0.00 0.00 0.00 0.00 0.00 0.00 0.00 0.00 0.00 0.00 0.00 0.00 0.00 0.00 0.00 0.00 0.00 0.00 0.00 0.00 0.00 0.00 0.00 0.00 1.83 4.31 10.37 13.87 17.30 15.70 15.18 14.75 17.01 16.13 15.40 15.77 14.09 12.85 10.88 10.44 10.00 10.59 14.75 15.33 11.02 11.97 13.51 15.33 15.33 19.20 16.35 14.60 10.37 4.74 5.04 4.96 4.96 6.64 5.69 5.69 4.89 0.00 0.80 1.83 0.00 0.00 0.00 0.00 0.00 0.00 0.00 0.00 0.00 0.00 0.00 0.00 0.00 0.00 0.00 0.00 0.00
0.00 0.00 0.00 0.00 0.00 0.00 0.00 0.00 0.00 0.00 0.00 0.00 0.00 0.00 0.00 0.00 0.00 0.00 0.00 0.00 0.00 0.00 0.00 0.00 0.00 0.00 0.00 3.21 10.95 14.24 15.48 15.99 17.01 17.23 16.28 17.23 16.86 15.48 15.62 13.29 11.17 9.49 10.44 11.68 13.43 14.24 14.09 12.19 11.68 13.14 14.75 14.75 12.41 5.48 4.53 3.87 4.02 5.04 6.57 7.88 10.73 10.66 9.64 5.77 0.00 0.00 0.00 0.00 0.00 0.00 0.00 0.00 0.00 0.00 0.00 0.00 0.00 0.00 0.00 0.00 0.00 0.00 0.00 0.00
0.00 0.00 0.00 0.00 0.00 0.00 0.00 0.00 0.00 0.00 0.00 0.00 0.00 0.00 0.00 0.00 0.00 0.00 0.00 0.00 0.00 0.00 0.00 0.00 0.00 0.00 0.00 0.00 5.33 13.21 12.26 10.66 14.38 15.62 13.80 12.63 11.24 11.24 10.07 11.02 11.53 10.66 10.51 10.88 13.36 14.89 13.51 9.05 8.47 10.44 10.73 10.73 8.03 0.00 0.00 5.40 3.50 3.14 5.33 6.57 7.96 7.78 6.13 7.96 2.77 0.00 0.00 0.00 0.00 0.00 0.00 0.00 0.00 0.00 0.00 0.00 0.00 0.00 0.00 0.00 0.00 0.00 0.00 0.00
0.00 0.00 0.00 0.00 0.00 0.00 0.00 0.00 0.00 0.00 0.00 0.00 0.00 0.00 0.00 0.00 0.00 0.00 0.00 0.00 0.00 0.00 0.00 0.00 0.00 0.00 0.00 5.33 10.44 12.12 11.24 9.05 10.29 9.93 10.29 11.17 10.07 10.88 11.53 12.63 10.66 9.56 10.95 11.61 14.67 14.60 8.69 8.18 9.27 11.24 8.76 8.76 6.50 4.67 8.40 0.00 3.72 0.00 3.21 3.87 6.06 4.38 2.99 3.50 3.50 0.00 0.00 0.00 0.00 0.00 0.00 0.00 0.00 0.00 0.00 0.00 0.00 0.00 0.00 0.00 0.00 0.00 0.00 0.00
0.00 0.00 0.00 0.00 0.00 0.00 0.00 0.00 0.00 0.00 0.00 0.00 0.00 0.00 0.00 0.00 0.00 0.00 0.00 0.00 0.00 0.00 0.00 0.00 0.00 0.00 0.00 0.00 16.72 12.26 7.45 2.56 2.12 2.41 3.07 4.45 8.76 11.90 11.46 13.87 11.24 9.20 11.02 13.36 14.45 12.92 7.88 6.86 8.32 8.40 6.42 6.42 6.72 6.35 7.88 5.91 0.00 0.00 3.58 3.14 5.77 6.50 6.57 3.29 0.51 1.90 2.99 0.00 0.00 0.00 0.00 0.00 0.00 0.00 0.00 0.00 0.00 0.00 0.00 0.00 0.00 0.00 0.00 0.00
0.00 0.00 0.00 0.00 0.00 0.00 0.00 0.00 0.00 0.00 0.00 0.00 0.00 0.00 0.00 0.00 0.00 0.00 0.00 0.00 0.00 0.00 0.00 0.00 0.00 0.00 0.00 9.71 12.19 9.05 3.94 0.00 0.00 0.00 0.00 0.00 5.40 8.69 7.37 12.85 12.85 9.86 11.24 13.14 12.99 12.34 10.59 8.03 6.50 5.33 7.37 7.37 9.20 5.18 5.40 6.06 4.23 0.00 4.02 4.53 5.99 6.79 6.13 2.48 1.75 2.19 3.65 0.00 0.00 0.00 0.00 0.00 0.00 0.00 0.00 0.00 0.00 0.00 0.00 0.00 0.00 0.00 0.00 0.00
0.00 0.00 0.00 0.00 0.00 0.00 0.00 0.00 0.00 0.00 0.00 0.00 0.00 0.00 0.00 0.00 0.00 0.00 0.00 0.00 0.00 0.00 0.00 0.00 0.00 0.00 0.00 3.72 0.00 0.00 0.00 0.00 0.00 0.00 0.00 0.00 0.00 1.24 2.48 9.13 10.95 10.00 10.66 11.24 12.70 13.51 11.32 10.44 10.15 12.92 12.78 12.78 9.13 6.79 5.69 4.60 0.00 0.00 3.80 4.09 2.63 5.11 2.99 0.95 1.46 1.46 3.36 2.77 0.00 0.00 0.00 0.00 0.00 0.00 0.00 0.00 0.00 0.00 0.00 0.00 0.00 0.00 0.00 0.00
0.00 0.00 0.00 0.00 0.00 0.00 0.00 0.00 0.00 0.00 0.00 0.00 0.00 0.00 0.00 0.00 0.00 0.00 0.00 0.00 0.00 0.00 0.00 0.00 0.00 0.00 0.00 0.00 0.00 0.00 0.00 0.00 0.00 0.00 0.00 0.00 0.00 0.00 0.00 4.89 9.93 9.86 9.05 10.22 11.90 15.62 13.07 11.53 13.87 12.63 12.78 12.78 10.59 9.13 7.66 4.82 3.72 3.21 4.82 4.74 2.63 3.58 3.72 3.80 0.58 0.51 2.20 3.50 0.00 0.00 0.00 0.00 0.00 0.00 0.00 0.00 0.00 0.00 0.00 0.00 0.00 0.00 0.00 0.00
0.00 0.00 0.00 0.00 0.00 0.00 0.00 0.00 0.00 0.00 0.00 0.00 0.00 0.00 0.00 0.00 0.00 0.00 0.00 0.00 0.00 0.00 0.00 0.00 0.00 0.00 0.00 0.00 0.00 0.00 0.00 0.00 0.00 0.00 0.00 0.00 0.00 0.00 0.00 4.38 8.61 11.24 12.12 10.95 12.41 17.30 16.50 18.10 20.15 19.56 14.38 14.38 11.83 10.95 9.13 7.45 5.91 4.38 5.62 8.03 6.72 6.79 7.59 7.30 4.96 3.94 1.61 2.70 2.79 0.00 0.00 0.00 0.00 0.00 0.00 0.00 0.00 0.00 0.00 0.00 0.00 0.00 0.00 0.00
0.00 0.00 0.00 0.00 0.00 0.00 0.00 0.00 0.00 0.00 0.00 0.00 0.00 0.00 0.00 0.00 0.00 0.00 0.00 0.00 0.00 0.00 0.00 0.00 0.00 0.00 0.00 0.00 0.00 0.00 0.00 0.00 0.00 0.00 0.00 0.00 0.00 0.00 1.24 8.25 12.48 15.70 14.38 14.60 14.24 18.61 19.27 21.90 20.88 19.42 17.01 17.01 14.45 14.02 13.87 12.26 8.54 10.44 8.91 10.29 10.15 8.40 8.91 4.96 4.96 5.84 1.68 1.46 1.10 1.39 0.00 0.00 0.00 3.43 0.00 0.00 0.00 0.00 0.00 0.00 0.00 0.00 0.00 0.00
0.00 0.00 0.00 0.00 0.00 0.00 0.00 0.00 0.00 0.00 0.00 0.00 0.00 0.00 0.00 0.00 0.00 0.00 0.00 0.00 0.00 0.00 0.00 0.00 0.00 0.00 0.00 0.00 0.00 0.00 0.00 0.00 0.00 0.00 0.00 0.00 0.00 0.00 0.66 8.40 13.14 17.37 16.21 16.13 15.70 16.43 18.40 15.99 14.67 12.48 14.67 14.67 14.97 16.43 19.49 16.43 16.86 17.16 15.04 12.85 12.85 14.53 12.63 5.77 6.35 5.69 2.34 0.00 0.00 0.00 0.73 0.15 0.00 0.80 1.75 2.56 2.56 0.00 0.00 0.00 0.00 0.00 0.00 0.00
0.00 0.00 0.00 0.00 0.00 0.00 0.00 0.00 0.00 0.00 0.00 0.00 0.00 0.00 0.00 0.00 0.00 0.00 0.00 0.00 0.00 0.00 0.00 0.00 0.00 0.00 0.00 0.00 0.00 0.00 0.00 0.00 0.00 0.00 0.00 0.00 0.00 0.00 1.68 9.71 14.24 16.13 19.13 19.35 14.24 14.45 13.21 11.46 12.19 11.90 12.48 12.48 15.91 16.86 19.13 15.11 12.12 14.16 11.02 7.74 13.29 18.98 15.33 8.91 9.86 13.43 11.24 3.87 3.29 4.74 5.99 5.48 4.60 1.83 0.00 0.00 0.00 0.00 0.00 0.22 0.00 0.00 0.00 5.69
