Wansh/Snow_depth/snowdepth-1984/winter/1985021.txt
ncols 321
nrows 161
xllcenter 60
yllcenter 15 
cellsize  0.25 
NODATA_value -1
[rows 74 to 110 of 161, columns 84 to 167 of 321]
0.00 0.00 0.00 0.00 0.00 0.00 0.00 0.00 0.00 0.00 0.37 0.88 3.94 5.84 4.38 2.41 2.34 0.00 0.00 2.56 0.00 0.00 0.00 0.00 4.31 5.18 3.21 1.31 1.39 2.26 3.21 2.85 0.00 4.23 2.19 1.31 0.00 0.00 0.00 3.43 4.74 0.00 0.00 0.00 0.00 0.00 0.00 0.00 0.00 0.00 0.00 0.00 0.00 0.00 3.43 0.00 0.00 2.34 2.70 2.19 0.00 0.00 0.00 0.00 2.63 0.00 0.00 0.00 0.00 0.00 0.00 1.61 0.00 0.00 0.00 0.00 0.00 0.00 0.00 0.00 0.29 2.49 3.07 3.58
0.00 0.00 0.00 0.00 2.85 4.23 2.41 2.85 3.94 4.60 0.00 0.00 4.16 0.00 4.53 2.48 2.70 2.99 2.99 4.38 4.02 4.02 2.63 4.16 6.13 8.76 0.00 0.00 0.00 5.26 5.26 5.62 4.60 0.00 3.50 0.00 0.00 0.00 2.63 3.87 3.29 0.00 0.00 0.00 0.00 0.00 3.36 1.31 0.00 0.00 0.00 0.00 0.00 0.00 0.00 4.09 3.87 0.00 0.00 0.00 0.00 0.00 0.00 0.00 0.00 0.00 0.00 0.00 0.00 0.95 2.26 2.63 0.80 1.17 0.00 0.00 0.00 0.00 0.00 0.00 0.58 2.26 1.83 4.67
0.00 0.00 0.22 1.83 5.40 6.42 6.13 6.50 0.00 0.00 5.69 6.64 6.28 6.50 4.82 4.23 4.16 4.60 4.60 4.38 4.96 5.33 3.94 3.43 0.00 0.00 0.00 0.00 0.00 0.00 3.94 0.00 0.00 0.00 0.00 0.00 0.00 0.00 0.00 7.59 4.53 0.00 0.00 0.00 0.00 0.00 2.63 6.13 0.00 0.00 0.00 0.00 0.44 0.07 1.17 0.95 0.00 0.29 0.00 0.66 0.00 0.00 0.00 0.00 0.80 0.00 0.00 0.07 0.07 0.66 3.94 3.65 2.92 2.26 0.00 0.00 0.00 0.00 0.00 0.00 0.00 0.88 2.57 3.16
3.07 5.33 4.31 2.34 1.24 2.99 3.87 0.00 0.00 7.37 5.33 7.01 6.13 5.33 5.11 5.99 4.82 2.56 2.56 3.29 0.00 0.00 0.00 3.14 2.77 3.36 4.31 3.87 0.00 3.07 2.34 0.73 0.00 0.00 3.21 0.00 0.00 0.00 0.00 0.00 0.00 0.00 0.00 0.00 0.00 0.00 4.38 6.64 7.81 0.00 0.00 0.00 1.90 0.88 1.17 1.61 2.77 4.31 5.04 2.41 2.41 0.95 0.44 0.00 0.00 0.00 0.00 0.00 0.00 1.02 1.10 2.12 3.29 2.63 1.46 0.00 0.37 0.00 0.00 0.00 0.00 2.93 3.15 2.51
1.46 0.88 0.00 2.41 0.00 5.62 0.00 2.56 5.26 5.18 4.60 4.82 5.91 4.96 5.91 6.06 5.69 4.96 4.96 6.50 7.37 5.33 4.96 4.53 4.53 5.84 6.13 5.91 4.74 0.00 0.00 4.16 0.00 3.07 2.19 0.00 0.00 0.00 0.00 0.00 0.00 0.00 0.00 0.00 0.00 0.00 4.53 4.09 4.09 6.86 6.64 0.00 4.31 4.60 5.55 4.60 3.43 3.50 2.04 2.56 4.53 4.09 2.77 3.58 3.65 3.07 2.19 1.10 1.10 0.80 0.07 1.68 2.56 4.53 0.00 0.00 2.04 0.00 0.00 2.04 1.53 4.62 3.74 3.26
10.15 7.88 0.00 0.00 3.21 3.94 3.36 4.53 0.00 0.00 5.48 5.33 7.08 7.23 7.01 6.06 6.86 5.11 5.11 4.96 4.16 0.00 0.00 5.26 0.00 0.00 0.00 0.00 0.00 3.87 0.00 1.97 0.00 0.00 0.00 0.00 0.00 0.00 0.00 0.00 0.00 3.07 0.00 0.00 0.00 0.00 0.00 0.00 0.00 3.29 5.04 0.00 0.00 0.00 0.00 0.00 0.00 0.00 3.21 3.50 3.21 3.87 0.00 2.63 1.17 2.92 3.36 2.70 2.70 2.26 2.48 1.61 3.58 4.23 2.13 0.00 1.91 1.90 1.31 0.80 1.46 5.26 4.74 4.48
0.00 0.00 0.00 0.00 0.00 2.77 0.00 0.00 0.00 6.57 5.33 5.33 6.35 6.42 6.86 6.64 5.11 0.00 0.00 0.00 0.00 0.00 4.02 5.11 0.00 0.00 4.02 0.00 2.85 3.72 0.00 0.00 0.00 0.00 0.00 0.00 0.00 0.00 0.00 0.00 0.00 0.00 3.21 3.21 0.00 0.00 0.00 0.00 0.00 0.00 0.00 0.00 0.00 0.00 0.00 0.00 0.00 0.00 1.83 2.63 2.99 3.36 2.92 2.34 1.31 0.66 0.00 2.99 2.99 2.70 1.17 3.14 3.43 2.48 1.39 0.00 0.30 2.60 1.17 0.29 2.70 3.50 1.75 5.40
0.00 0.00 2.12 0.00 0.00 1.68 2.34 0.00 5.55 5.33 6.86 5.40 5.84 5.99 6.50 5.84 4.16 4.09 4.09 0.00 0.00 5.62 6.28 5.40 0.00 4.09 0.00 3.94 3.07 4.74 3.50 0.00 0.00 0.00 0.00 0.00 0.00 0.00 0.00 0.00 4.16 1.83 2.56 2.56 0.00 0.00 0.00 0.00 0.00 0.00 5.26 0.00 0.00 0.00 0.00 0.00 0.00 0.00 1.46 1.97 2.70 3.65 3.21 2.04 0.00 0.00 0.00 0.00 0.00 1.61 1.75 4.45 7.08 7.59 8.76 5.43 2.80 1.76 3.71 4.19 0.00 0.00 0.00 4.96
0.00 2.56 1.10 0.00 0.00 3.80 4.89 0.00 2.56 3.14 3.50 2.92 4.82 0.00 0.00 5.33 6.86 4.74 4.74 0.00 3.50 4.31 4.16 2.70 0.00 3.80 4.89 4.16 4.09 0.00 0.00 4.67 0.00 0.00 0.00 0.00 0.00 0.00 0.00 3.80 0.00 0.00 1.17 1.17 2.48 3.43 0.00 0.00 0.00 0.00 0.00 0.00 0.00 1.83 1.75 1.10 1.31 0.51 1.31 2.19 1.17 0.88 1.24 1.31 0.00 0.00 0.00 0.00 0.00 3.50 3.43 4.45 7.59 11.97 9.42 4.96 3.50 3.87 3.58 4.92 3.07 0.00 0.00 0.00
0.00 5.91 0.00 0.00 0.00 3.07 0.00 0.00 0.00 0.00 0.00 0.00 0.00 5.33 4.89 5.55 0.00 0.00 0.00 0.00 2.70 3.43 3.87 5.04 4.82 4.38 4.67 2.70 2.04 2.12 0.00 4.96 0.00 0.00 3.72 2.70 0.00 0.00 0.00 0.00 0.00 0.00 0.00 0.00 0.00 0.00 0.00 0.00 0.00 0.00 0.00 0.00 0.73 0.00 0.66 2.41 1.61 0.15 0.00 1.24 1.68 1.46 1.90 1.97 1.24 0.00 0.00 1.90 1.90 3.43 3.36 0.00 4.96 7.66 6.20 5.62 3.80 4.82 5.18 5.69 6.86 5.11 2.92 0.00
0.00 0.00 0.00 0.00 0.00 0.00 0.00 0.00 0.00 0.00 2.26 3.21 4.82 6.64 7.45 7.08 6.86 5.99 5.99 0.00 5.18 4.23 3.07 4.09 0.00 5.18 4.60 3.14 2.41 2.92 0.00 0.00 0.00 0.00 3.21 3.87 3.07 0.00 0.00 0.00 0.00 0.00 0.00 0.00 0.00 0.00 0.00 0.00 0.00 0.00 0.00 2.85 1.10 1.10 0.00 0.00 0.00 0.00 0.00 0.95 1.83 2.63 3.14 1.97 1.68 2.12 1.68 1.97 1.97 3.36 2.26 1.24 0.00 3.72 4.89 5.18 4.31 2.19 3.14 6.20 7.96 7.88 0.00 6.79
3.72 0.00 0.00 0.00 3.07 0.00 0.00 0.00 4.53 0.00 0.00 5.26 5.48 6.50 7.81 0.00 0.00 6.06 6.06 5.91 5.40 0.00 0.00 0.00 0.00 5.91 4.74 0.00 0.00 0.00 0.00 0.00 0.00 0.00 0.00 0.00 0.00 0.00 0.00 0.00 0.00 0.00 0.00 0.00 0.00 0.00 0.00 0.00 0.00 0.00 2.56 1.83 2.19 2.04 0.44 0.00 0.00 0.00 0.00 0.22 2.42 2.53 3.24 3.07 3.65 5.91 4.45 1.97 1.97 3.21 1.10 0.95 0.88 0.95 2.63 2.26 2.56 4.53 4.38 3.50 7.23 8.03 0.00 0.00
4.60 4.38 5.91 0.00 3.07 3.21 0.00 4.67 5.11 0.00 6.13 6.13 5.69 0.00 0.00 0.00 6.28 6.13 6.13 0.00 0.00 3.94 4.89 0.00 3.43 4.02 0.00 0.00 4.74 4.53 0.00 0.00 4.45 0.00 0.00 0.00 0.00 0.00 0.00 3.36 2.34 0.37 0.00 0.00 0.00 0.00 0.00 0.00 3.80 3.58 1.61 1.75 1.24 1.17 2.56 7.74 5.48 5.40 3.29 2.85 1.46 0.95 1.79 2.34 0.37 2.63 3.36 3.14 3.14 2.19 2.70 4.23 3.58 2.92 2.26 1.97 3.07 3.50 3.58 6.79 7.23 7.45 0.00 0.00
0.00 0.00 4.23 5.33 6.28 4.38 4.38 0.00 5.40 7.59 6.86 6.79 6.35 5.33 0.00 0.00 7.59 6.64 6.64 0.00 0.00 0.00 3.50 4.45 0.00 5.48 4.60 0.00 2.77 0.00 0.00 0.00 0.00 0.00 0.00 0.00 0.00 0.00 4.60 4.23 5.55 0.00 0.00 0.00 4.82 2.99 4.31 3.14 1.97 2.34 3.65 3.80 1.83 2.12 2.41 2.04 1.61 5.55 6.42 4.02 1.97 1.53 0.00 0.66 0.82 0.37 1.46 1.17 1.17 3.14 2.19 5.69 5.77 4.89 3.87 2.12 4.31 2.92 2.99 6.64 9.71 6.86 0.00 4.09
2.04 0.00 0.00 0.00 5.11 4.09 3.58 0.00 0.00 0.00 5.62 6.13 5.69 6.86 6.79 6.28 5.26 4.82 4.82 6.13 0.00 0.00 4.38 4.67 0.00 6.20 4.96 3.94 5.18 0.00 5.04 4.89 0.00 0.00 0.00 0.00 0.00 0.00 0.00 0.00 4.89 4.31 0.00 0.00 4.09 3.29 4.53 4.09 3.65 4.53 2.77 2.85 0.15 0.58 0.73 0.00 1.02 3.58 5.33 4.96 2.04 0.95 0.00 0.15 0.81 3.48 3.50 1.83 1.83 0.73 1.24 4.60 6.50 5.99 5.48 4.45 2.92 3.80 3.21 4.74 7.01 5.99 0.00 0.00
4.02 0.00 0.00 0.00 0.00 0.00 0.00 0.00 0.00 0.00 4.16 4.09 5.62 8.18 6.28 6.35 5.77 5.55 5.55 7.45 4.31 3.94 4.53 4.38 0.00 5.48 5.48 5.69 6.42 4.02 5.55 5.26 5.84 5.55 4.89 4.16 0.00 0.00 0.00 0.00 5.26 4.09 5.33 5.33 0.00 4.96 8.03 4.67 3.72 4.96 3.65 2.63 3.29 3.94 5.48 3.14 2.26 2.34 3.11 2.36 0.00 2.12 6.03 6.42 7.34 8.50 9.61 8.47 8.47 4.67 2.77 5.18 5.99 7.59 6.06 3.50 5.55 6.50 5.77 4.05 0.00 0.00 0.00 0.00
4.16 2.92 2.85 0.00 0.00 0.00 0.00 0.00 0.00 0.00 0.00 0.00 0.00 0.00 0.00 5.55 4.96 0.00 0.00 5.99 4.31 4.02 5.11 4.67 0.00 0.00 5.33 4.89 4.89 3.14 0.00 4.16 4.96 6.13 4.67 3.94 0.00 4.89 0.00 5.18 5.77 3.29 0.00 0.00 0.00 3.94 3.80 4.38 5.48 6.86 8.83 9.78 11.10 10.00 9.49 9.05 5.77 1.90 1.10 0.66 0.90 2.85 6.19 12.05 17.37 13.72 9.97 11.98 11.60 7.41 7.66 8.10 6.20 7.37 6.06 6.20 7.59 7.52 7.11 4.13 0.00 0.00 0.00 0.00
3.94 0.00 3.87 0.00 4.82 0.00 0.00 0.00 0.00 0.00 0.00 0.00 0.00 0.00 0.00 2.63 1.97 0.00 0.00 2.26 0.73 3.14 0.00 0.00 3.58 0.00 3.07 4.16 6.06 0.00 0.00 3.94 0.00 0.00 3.36 4.23 0.00 0.00 0.00 0.00 0.00 0.00 0.00 0.00 0.00 0.95 0.95 4.45 5.91 6.06 7.96 12.70 15.77 17.30 18.40 16.50 10.51 4.82 3.24 3.39 3.72 4.09 3.87 5.17 9.73 16.09 18.03 12.63 12.69 9.57 8.00 8.69 7.81 7.23 4.62 3.87 3.07 5.11 8.51 7.22 4.94 6.57 0.00 0.00
0.00 0.00 5.04 0.00 3.72 0.00 0.00 6.06 4.60 0.00 0.00 0.00 0.00 2.41 0.00 0.00 0.00 3.87 3.87 3.50 1.10 0.00 0.00 0.00 0.00 0.00 0.00 0.00 0.00 0.00 0.00 0.00 0.00 0.00 0.00 4.23 6.64 0.00 0.00 0.00 0.00 0.00 0.00 0.00 0.00 1.31 0.22 2.34 4.45 4.38 4.60 7.59 10.88 15.18 18.10 18.98 18.54 14.97 9.42 5.54 4.72 5.05 4.56 4.06 7.38 6.51 9.51 10.37 10.37 5.20 6.29 8.41 9.46 8.52 5.28 4.13 3.14 3.26 9.18 6.56 4.89 5.27 0.00 0.00
0.00 1.75 2.41 0.00 0.00 0.00 0.00 0.00 0.00 0.00 0.00 0.00 0.00 0.00 0.00 0.00 0.00 3.94 3.94 4.31 3.21 0.00 0.00 0.00 0.00 0.00 0.00 0.00 0.00 0.00 0.00 0.00 0.00 0.00 0.00 0.00 0.00 0.00 0.00 0.00 0.00 0.00 0.00 0.00 2.48 2.70 2.92 2.41 2.19 5.62 3.80 3.65 7.66 9.13 15.62 19.20 22.16 24.09 18.69 12.41 6.57 4.60 2.85 3.15 6.60 4.42 0.51 1.83 1.83 1.77 2.78 5.22 9.34 9.61 5.63 5.14 5.40 3.63 3.77 4.59 2.68 4.58 0.00 0.00
0.00 1.53 0.00 2.04 0.00 0.00 0.00 0.00 0.00 4.31 0.00 0.00 0.00 0.00 1.90 3.29 3.94 5.04 5.04 4.82 4.60 0.00 0.00 0.00 0.00 0.00 3.36 0.00 0.00 0.00 0.00 0.00 0.00 0.00 0.00 0.00 0.00 0.00 0.00 0.00 0.00 0.00 0.00 0.00 0.00 1.75 2.41 1.39 2.99 7.23 7.08 7.01 7.15 8.35 11.16 16.45 18.06 18.47 17.74 17.30 12.78 5.21 2.00 2.26 3.53 3.95 1.85 0.88 0.88 1.79 0.46 0.97 4.11 7.55 7.57 4.89 3.87 0.00 0.00 2.29 3.84 0.00 0.00 0.00
4.53 2.56 0.00 0.00 0.00 0.00 0.00 0.00 0.00 0.00 0.00 0.00 0.00 0.00 0.00 0.00 0.00 3.29 3.29 0.00 0.00 0.00 7.01 7.59 0.00 0.00 3.07 1.97 0.00 0.00 0.00 0.00 0.00 2.12 2.77 0.00 0.00 0.00 0.00 0.00 0.00 0.00 0.00 0.00 0.00 1.83 1.53 0.88 3.58 6.42 8.47 7.96 7.01 7.64 12.02 14.90 13.79 13.63 11.41 12.17 8.51 4.48 3.63 1.63 2.06 2.78 1.72 1.47 1.47 2.80 0.97 1.95 1.33 2.12 4.26 6.82 4.02 4.39 3.89 2.62 3.48 4.77 2.80 0.00
3.50 0.00 0.00 0.00 0.00 3.94 0.00 0.00 2.48 0.00 0.00 0.00 0.00 0.00 0.00 0.00 0.00 0.00 0.00 0.00 0.00 0.00 0.00 6.20 0.00 0.00 0.00 0.00 0.00 0.29 0.00 0.00 0.00 0.00 0.00 0.00 0.00 0.00 0.00 0.00 0.00 0.00 0.00 0.00 0.00 2.34 2.85 2.70 5.18 8.91 9.71 9.64 10.59 9.54 9.31 10.06 6.44 8.18 8.18 5.70 3.79 3.50 1.13 0.00 0.25 3.22 2.66 1.19 1.17 3.41 1.48 2.79 0.00 2.74 3.87 4.62 4.30 4.36 4.16 2.65 5.04 5.72 3.73 0.00
4.45 0.00 0.00 0.00 0.00 0.00 7.01 0.00 3.87 5.18 0.00 0.00 0.00 0.00 0.00 0.00 0.00 0.00 0.00 0.00 0.00 0.00 0.00 0.80 0.00 0.00 0.00 0.00 0.00 0.00 0.00 0.00 0.00 0.00 0.00 0.00 0.00 0.00 0.00 0.00 0.00 5.55 2.63 2.63 2.56 3.07 2.70 3.50 4.74 6.36 10.31 13.41 15.75 18.69 11.16 3.67 2.92 3.07 4.27 4.28 3.67 4.00 5.20 2.85 1.11 3.02 3.78 2.56 2.49 2.34 1.97 1.64 0.00 5.38 5.36 4.16 2.98 4.19 4.32 4.47 4.08 5.18 0.00 0.00
4.31 4.38 3.94 0.00 0.00 5.18 5.62 4.82 6.28 0.00 0.00 0.00 3.58 2.56 0.00 0.00 0.00 0.00 0.00 0.00 0.00 5.33 0.00 0.58 3.36 3.07 0.00 2.92 0.66 1.61 1.31 1.75 2.77 2.77 2.48 0.00 0.00 0.00 0.00 1.53 0.73 1.39 1.75 1.75 4.23 1.83 2.77 4.02 6.20 11.53 15.20 15.94 12.80 12.15 11.57 10.77 15.51 18.16 17.27 14.82 9.54 4.54 7.22 9.86 6.86 5.21 0.31 0.60 0.59 0.44 0.37 2.35 3.31 9.33 14.15 11.32 4.92 2.23 0.00 3.17 0.00 0.00 5.21 0.00
3.87 4.23 8.03 7.66 8.10 0.00 5.55 0.00 5.55 5.62 0.00 3.07 3.94 0.00 0.00 3.36 4.45 5.55 5.55 3.36 2.70 8.18 0.00 0.00 4.23 4.67 3.80 4.16 2.04 1.83 0.00 1.39 2.41 3.14 4.31 0.00 5.48 4.53 0.00 0.00 0.73 1.10 1.24 1.24 2.99 3.58 2.85 2.56 4.14 11.18 16.33 13.22 10.41 7.87 4.27 3.11 8.94 10.81 13.48 18.57 16.22 10.14 10.32 8.96 4.82 5.40 4.11 0.00 0.00 0.58 0.29 1.52 2.37 6.13 10.72 8.47 9.07 6.59 0.00 0.00 0.00 0.00 0.00 4.79
8.47 4.09 2.56 2.63 5.11 6.20 6.50 0.00 0.00 0.00 0.00 0.00 0.00 0.00 4.89 4.60 3.80 4.53 4.53 3.21 0.00 1.97 0.00 1.61 3.14 2.04 0.29 1.83 2.99 2.41 0.66 0.58 2.12 4.45 4.16 5.11 9.27 3.07 0.00 0.00 0.51 0.00 0.00 0.00 1.17 1.17 1.02 1.40 0.49 6.34 6.67 7.90 9.82 8.78 7.72 4.61 3.08 4.96 8.08 14.17 17.11 19.14 12.34 5.11 2.04 2.83 7.00 2.71 3.02 1.20 0.00 0.79 1.25 4.47 12.43 9.73 5.62 0.00 0.00 0.00 0.00 0.00 0.00 5.69
8.10 6.86 0.00 0.00 2.34 5.48 5.69 7.41 6.94 5.33 4.60 0.00 0.00 6.79 6.28 4.16 3.94 4.16 4.16 3.29 2.48 2.19 0.00 4.31 3.50 2.12 0.88 0.22 1.53 4.09 1.61 0.95 1.10 2.12 2.70 4.09 5.18 0.00 0.00 0.00 1.91 0.00 0.00 0.00 0.00 0.00 1.46 4.11 6.28 4.68 4.22 3.67 5.23 9.54 7.02 8.30 2.07 2.16 8.05 10.25 12.97 20.81 17.02 15.33 9.64 3.01 4.17 4.71 4.54 1.74 1.33 1.78 4.31 7.84 10.17 6.59 5.19 0.00 0.00 0.00 0.00 3.39 6.34 6.80
0.00 0.00 0.00 0.00 0.00 2.48 3.58 2.63 4.16 6.64 6.57 0.00 0.00 0.00 0.00 0.00 2.70 2.56 2.56 0.00 0.00 2.99 2.99 2.19 0.73 1.24 0.00 0.29 2.19 1.97 0.73 1.02 0.00 0.07 1.17 3.80 0.07 1.10 0.15 0.07 0.00 0.37 0.22 0.22 1.10 0.15 3.65 4.45 5.26 5.40 6.74 9.17 7.26 5.84 7.54 10.25 8.45 3.07 12.34 13.87 12.48 16.38 18.09 22.10 15.92 4.67 7.22 6.52 6.55 5.72 2.13 0.00 0.00 2.89 2.79 0.00 2.83 0.00 0.00 0.00 0.00 0.00 7.39 8.84
0.00 0.00 0.00 0.00 0.00 0.00 7.37 5.04 3.87 6.06 8.83 0.00 1.61 0.00 0.00 0.00 0.00 0.00 0.00 0.00 0.00 0.00 2.12 0.58 0.00 0.00 0.00 0.00 0.37 0.37 1.75 0.58 0.00 1.61 0.44 1.17 0.00 0.00 0.00 0.00 0.00 0.00 0.15 0.15 0.00 0.51 2.49 0.66 2.52 5.19 7.53 8.48 10.82 8.70 7.66 7.78 0.00 0.00 0.00 11.65 12.20 13.51 18.23 17.69 16.47 14.09 9.49 6.36 7.44 6.90 2.74 2.45 2.43 3.08 1.15 0.00 0.00 0.00 0.00 0.00 0.00 4.15 5.68 4.36
0.00 0.00 0.00 0.00 0.00 0.00 4.82 3.21 3.29 5.40 6.42 0.00 4.60 4.45 0.00 0.00 0.00 0.00 0.00 0.00 0.00 0.00 1.61 0.44 1.17 1.83 0.66 0.00 1.17 0.00 0.00 0.00 0.00 0.00 0.15 0.37 0.00 0.00 0.00 0.00 0.00 0.00 0.88 0.88 0.80 0.07 0.00 0.00 1.09 2.02 1.68 4.51 6.31 0.00 0.00 0.00 0.00 0.00 0.00 14.06 13.55 9.88 13.04 18.09 14.17 16.09 17.89 4.35 4.87 6.50 6.47 3.49 0.00 0.27 1.87 0.00 0.00 0.00 0.00 0.00 0.00 0.00 0.00 0.00
0.00 0.00 0.00 0.00 0.00 0.00 0.00 1.75 6.06 4.96 3.50 1.31 10.59 10.51 5.84 5.48 3.91 0.00 0.00 0.00 0.00 2.34 3.50 3.72 4.23 2.12 0.00 0.00 0.00 0.00 0.00 0.00 0.00 0.00 0.00 0.00 2.04 0.00 0.00 0.00 1.68 1.83 2.34 2.34 2.26 1.10 0.00 0.00 2.45 5.35 7.14 6.97 0.00 0.00 0.00 0.00 0.00 0.00 0.00 0.00 11.08 13.29 6.47 11.15 15.01 10.74 17.48 4.97 5.07 3.88 5.47 5.60 4.13 3.88 0.00 0.00 3.30 2.69 0.00 0.00 0.00 0.00 0.00 0.00
0.00 0.00 0.00 0.00 0.00 0.00 0.00 0.00 6.64 5.11 2.12 5.26 7.15 6.72 5.26 5.65 5.04 7.82 7.30 0.00 0.00 2.56 0.00 0.00 0.00 2.41 0.00 0.00 0.00 0.00 0.00 0.00 0.00 0.00 0.00 0.00 0.00 0.00 0.00 0.00 2.41 3.65 2.85 2.85 2.04 1.75 1.17 3.48 7.85 12.10 13.90 0.00 0.00 0.00 0.00 0.00 0.00 0.00 0.00 0.00 0.00 13.87 11.31 5.30 11.51 12.58 14.52 13.98 17.08 12.78 4.83 6.35 11.45 2.92 0.00 5.97 5.50 4.87 0.00 0.00 0.00 0.00 0.00 0.00
0.00 0.00 0.00 0.00 0.00 0.00 0.00 0.00 0.00 0.00 0.00 0.00 0.00 0.00 0.00 0.00 2.56 9.17 9.32 10.29 7.74 9.64 9.71 8.83 7.59 5.11 8.40 0.00 0.00 0.00 0.00 0.00 0.00 0.00 5.55 8.32 8.18 8.69 3.58 2.64 3.61 5.60 4.09 4.09 0.00 2.12 2.92 7.48 6.46 0.00 0.00 0.00 0.00 0.00 0.00 0.00 0.00 0.00 0.00 0.00 0.00 0.00 0.00 0.00 0.00 16.41 9.49 11.52 12.88 0.00 0.00 0.00 0.00 0.00 0.00 0.00 0.00 0.00 0.00 0.00 0.00 0.00 0.00 0.00
0.00 0.00 0.00 0.00 0.00 0.00 0.00 0.00 0.00 0.00 0.00 0.00 0.00 0.00 0.00 0.00 0.00 0.00 0.00 3.07 4.03 4.77 8.61 10.29 11.02 6.37 6.44 11.39 15.04 8.76 6.86 8.69 7.74 4.31 3.80 7.37 10.80 8.32 7.15 5.84 6.71 13.15 4.96 5.55 5.11 8.18 8.25 11.46 0.00 0.00 0.00 0.00 0.00 0.00 0.00 0.00 0.00 0.00 0.00 0.00 0.00 0.00 0.00 0.00 0.00 0.00 0.00 0.00 0.00 0.00 0.00 0.00 0.00 0.00 0.00 0.00 0.00 0.00 0.00 0.00 0.00 0.00 0.00 0.00
0.00 0.00 0.00 0.00 0.00 0.00 0.00 0.00 0.00 0.00 0.00 0.00 0.00 0.00 0.00 0.00 0.00 0.00 0.00 0.00 0.00 2.04 5.99 7.52 10.37 2.27 5.29 9.78 16.50 12.78 9.93 8.03 5.85 4.45 2.04 1.74 0.00 1.83 2.77 0.00 0.00 0.00 1.82 2.31 5.79 9.84 10.37 5.89 0.00 0.00 0.00 0.00 0.00 0.00 0.00 0.00 0.00 0.00 0.00 0.00 0.00 0.00 0.00 0.00 0.00 0.00 0.00 0.00 0.00 0.00 0.00 0.00 0.00 0.00 0.00 0.00 0.00 0.00 0.00 0.00 0.00 0.00 0.00 0.00
0.00 0.00 0.00 0.00 0.00 0.00 0.00 0.00 0.00 0.00 0.00 0.00 0.00 0.00 0.00 0.00 0.00 0.00 0.00 0.00 0.00 0.00 2.19 2.41 3.50 0.00 1.39 1.46 8.47 7.30 6.42 6.02 3.97 0.00 0.00 0.00 0.00 0.00 0.00 0.00 0.00 0.00 0.00 0.00 0.00 4.33 0.00 0.00 0.00 0.00 0.00 0.00 0.00 0.00 0.00 0.00 0.00 0.00 0.00 0.00 0.00 0.00 0.00 0.00 0.00 0.00 0.00 0.00 0.00 0.00 0.00 0.00 0.00 0.00 0.00 0.00 0.00 0.00 0.00 0.00 0.00 0.00 0.00 0.00
