Wansh/Snow_depth/snowdepth-1984/winter/1985051.txt
ncols 321
nrows 161
xllcenter 60
yllcenter 15 
cellsize  0.25 
NODATA_value -1
[rows 0 to 36 of 161, columns 0 to 83 of 321]
12.63 12.63 15.99 18.32 19.05 16.94 16.94 18.25 18.18 18.61 19.20 20.81 21.10 18.61 19.05 18.10 18.32 19.05 20.37 20.81 20.44 21.24 23.43 25.33 23.87 22.27 22.27 22.92 24.53 25.77 24.16 24.38 23.51 24.75 24.16 23.07 22.70 23.80 24.89 24.24 23.36 22.92 22.56 21.53 21.97 22.48 22.85 21.32 18.10 18.10 16.79 16.79 16.72 18.98 22.05 22.92 25.04 25.77 25.77 25.70 26.57 24.31 22.56 22.19 20.73 20.15 20.15 20.66 23.43 20.88 22.63 24.24 26.86 27.67 31.39 31.61 31.61 32.92 31.03 30.15 29.42 29.20 28.98 29.42
16.94 16.94 17.74 18.98 20.37 18.69 18.25 17.37 16.43 16.43 16.57 17.89 17.16 16.21 17.08 19.56 19.35 18.98 18.98 18.98 21.53 22.63 21.24 19.56 19.86 21.10 21.10 22.78 24.09 23.65 23.07 23.36 20.81 20.66 21.39 20.59 21.61 22.05 21.97 22.41 20.00 18.91 17.45 17.59 18.47 18.40 18.83 19.35 20.15 21.24 22.27 22.27 23.65 24.09 25.26 25.84 27.08 26.79 27.52 26.65 25.04 23.94 21.97 20.29 20.66 19.56 17.30 15.70 19.49 19.64 23.21 25.55 25.55 26.50 28.76 29.93 29.93 31.10 30.30 29.93 29.05 28.76 26.50 25.92
19.42 19.42 20.08 19.71 17.89 16.94 15.77 15.26 14.45 13.58 13.65 14.45 14.24 14.02 15.99 16.50 16.43 16.21 17.59 17.96 17.59 16.79 16.13 15.26 16.21 16.79 16.79 17.52 18.61 19.49 21.83 20.22 19.35 17.74 20.29 19.64 19.05 18.54 17.81 18.03 16.57 15.11 14.53 14.75 14.89 15.99 16.72 17.59 18.61 18.32 18.98 18.98 20.44 22.19 23.21 23.80 23.51 23.36 24.60 24.67 23.65 22.34 22.70 21.02 20.29 20.37 19.35 21.39 22.92 23.29 23.87 24.31 23.43 23.80 23.80 25.92 25.92 26.50 27.23 26.65 24.45 23.94 23.21 21.90
19.42 19.42 20.08 19.71 17.89 16.94 15.77 15.26 14.45 13.58 13.65 14.45 14.24 14.02 15.99 16.50 16.43 16.21 17.59 17.96 17.59 16.79 16.13 15.26 16.21 16.79 16.79 17.52 18.61 19.49 21.83 20.22 19.35 17.74 20.29 19.64 19.05 18.54 17.81 18.03 16.57 15.11 14.53 14.75 14.89 15.99 16.72 17.59 18.61 18.32 18.98 18.98 20.44 22.19 23.21 23.80 23.51 23.36 24.60 24.67 23.65 22.34 22.70 21.02 20.29 20.37 19.35 21.39 22.92 23.29 23.87 24.31 23.43 23.80 23.80 25.92 25.92 26.50 27.23 26.65 24.45 23.94 23.21 21.90
16.57 16.57 16.57 16.28 15.26 14.02 12.05 11.02 11.68 12.05 11.17 11.75 11.17 11.53 12.56 13.21 13.36 12.63 13.14 13.80 12.92 12.56 11.39 11.53 12.85 14.31 14.31 14.53 15.33 17.59 17.30 18.03 16.79 17.59 16.72 14.31 13.87 11.83 13.07 14.60 14.24 14.60 14.67 14.89 15.11 14.97 14.75 14.45 14.97 16.35 18.03 18.03 17.23 17.81 19.86 21.17 21.53 20.88 20.66 22.48 23.73 22.48 22.70 22.48 20.81 20.66 20.15 20.51 20.66 21.46 21.10 20.95 20.51 22.19 23.00 23.51 23.51 23.94 23.43 23.43 22.63 22.92 22.12 21.75
15.04 15.04 13.14 13.21 15.40 15.99 15.62 13.51 12.48 12.12 11.10 9.78 9.86 10.07 9.20 9.71 9.27 9.93 10.44 10.15 10.88 9.64 9.78 9.86 10.22 11.97 11.97 11.75 10.59 14.24 17.23 18.91 19.78 19.13 17.23 15.91 14.24 13.36 12.78 13.51 12.78 14.16 14.31 13.94 14.82 14.82 15.33 16.21 16.86 17.30 17.59 17.59 16.06 15.77 18.03 18.47 18.83 19.86 19.71 20.08 21.02 21.02 22.92 21.61 21.46 20.22 19.05 18.32 17.45 18.18 19.27 19.86 20.44 23.43 24.16 23.80 23.80 24.09 23.87 24.31 22.19 23.94 24.09 24.45
14.02 14.02 13.07 13.94 14.45 15.33 15.18 12.34 10.66 9.64 8.61 7.52 6.13 6.72 7.52 8.83 8.32 7.30 6.86 8.18 7.74 6.13 7.01 7.52 6.64 6.79 6.79 8.03 12.48 15.40 18.10 20.95 19.78 19.71 18.83 16.28 13.80 14.82 16.13 15.48 15.26 16.06 16.06 16.43 17.23 17.81 17.96 18.18 18.61 18.32 17.30 17.30 15.04 16.13 20.15 20.44 20.59 21.61 21.83 20.88 20.37 19.93 20.44 20.00 21.75 17.16 17.16 18.40 17.96 17.37 17.37 18.40 20.15 21.53 22.63 22.56 22.56 23.00 22.41 23.07 23.94 25.11 24.75 22.70
14.02 14.02 13.07 13.94 14.45 15.33 15.18 12.34 10.66 9.64 8.61 7.52 6.13 6.72 7.52 8.83 8.32 7.30 6.86 8.18 7.74 6.13 7.01 7.52 6.64 6.79 6.79 8.03 12.48 15.40 18.10 20.95 19.78 19.71 18.83 16.28 13.80 14.82 16.13 15.48 15.26 16.06 16.06 16.43 17.23 17.81 17.96 18.18 18.61 18.32 17.30 17.30 15.04 16.13 20.15 20.44 20.59 21.61 21.83 20.88 20.37 19.93 20.44 20.00 21.75 17.16 17.16 18.40 17.96 17.37 17.37 18.40 20.15 21.53 22.63 22.56 22.56 23.00 22.41 23.07 23.94 25.11 24.75 22.70
17.08 17.08 15.40 13.72 13.07 12.05 11.32 10.15 9.78 10.44 9.86 7.37 6.06 6.20 7.52 7.96 6.86 5.11 5.55 6.20 7.59 8.91 8.10 8.32 6.13 5.55 5.55 5.40 11.10 13.72 14.38 16.06 16.94 17.37 18.40 16.79 16.43 16.57 16.13 15.48 15.33 17.37 17.23 17.37 16.72 17.52 17.89 18.98 18.76 17.89 17.16 17.16 16.50 17.30 19.78 19.20 20.66 19.78 18.98 18.10 17.89 17.37 17.52 19.05 17.96 18.10 18.25 17.81 17.59 17.67 18.32 17.59 17.08 17.81 18.98 18.18 18.18 12.92 13.43 16.13 19.49 20.22 20.88 20.00
17.08 17.08 13.51 10.95 10.95 10.73 9.71 9.34 10.00 7.88 8.40 9.34 7.74 7.45 8.25 7.74 8.03 8.32 6.35 4.60 6.06 8.32 9.13 9.20 9.05 8.10 8.10 9.34 11.02 11.90 12.85 14.24 15.62 15.26 17.74 17.16 19.05 20.08 20.15 19.35 19.93 20.15 18.03 16.79 15.99 16.50 17.74 17.89 16.86 18.18 18.10 18.10 17.08 16.64 16.06 16.86 18.18 18.03 16.94 16.86 17.08 18.83 18.76 17.59 16.79 15.77 16.43 16.43 14.89 15.77 15.26 15.48 14.24 14.02 13.58 13.80 13.80 11.90 13.65 16.86 16.94 18.32 20.00 18.76
12.12 12.12 11.46 10.80 10.51 10.37 10.37 8.98 9.27 10.80 11.02 10.07 8.76 8.91 7.59 6.42 7.52 8.32 6.42 5.33 5.84 7.15 7.30 9.20 10.51 12.56 12.56 13.43 13.58 12.05 12.34 13.80 13.36 15.70 17.16 18.76 19.35 19.93 19.49 19.05 19.64 19.71 20.00 19.71 19.71 19.56 20.22 17.74 18.18 16.86 14.97 14.97 16.06 16.57 14.31 10.73 10.80 14.02 13.07 13.07 12.99 15.99 14.24 14.89 13.94 13.14 13.21 12.99 14.16 15.77 16.21 16.06 15.77 14.75 14.24 14.09 14.09 13.87 14.09 15.33 16.43 17.96 20.15 19.86
12.12 12.12 11.46 10.80 10.51 10.37 10.37 8.98 9.27 10.80 11.02 10.07 8.76 8.91 7.59 6.42 7.52 8.32 6.42 5.33 5.84 7.15 7.30 9.20 10.51 12.56 12.56 13.43 13.58 12.05 12.34 13.80 13.36 15.70 17.16 18.76 19.35 19.93 19.49 19.05 19.64 19.71 20.00 19.71 19.71 19.56 20.22 17.74 18.18 16.86 14.97 14.97 16.06 16.57 14.31 10.73 10.80 14.02 13.07 13.07 12.99 15.99 14.24 14.89 13.94 13.14 13.21 12.99 14.16 15.77 16.21 16.06 15.77 14.75 14.24 14.09 14.09 13.87 14.09 15.33 16.43 17.96 20.15 19.86
12.05 12.05 11.24 10.80 10.51 9.93 11.17 12.19 12.63 13.36 13.72 13.14 12.19 10.95 9.20 9.20 8.83 11.17 12.41 11.02 11.32 10.66 8.10 8.32 13.21 13.14 13.14 13.36 14.09 12.48 12.05 12.05 11.53 11.90 13.07 14.82 15.77 18.61 18.47 19.05 18.69 18.76 21.39 22.05 21.24 18.91 17.59 17.74 15.99 13.36 11.97 11.97 11.75 12.12 11.75 10.66 12.56 12.05 9.42 9.49 10.59 8.54 8.18 10.59 11.10 10.15 9.13 11.10 14.09 16.86 18.47 17.59 17.01 17.23 17.23 16.57 16.57 15.18 16.06 18.98 22.12 20.15 18.83 16.06
13.21 13.21 11.68 11.02 10.37 10.29 12.41 14.24 14.75 15.55 16.35 16.86 16.72 17.01 16.13 14.45 13.14 12.99 13.07 10.37 11.32 11.90 9.93 10.44 9.42 7.81 7.81 7.74 6.72 7.88 9.42 9.05 8.83 9.27 10.07 10.73 10.88 11.02 12.12 12.56 12.56 13.72 14.45 14.53 16.21 15.18 13.80 11.61 11.02 10.88 12.19 12.19 12.34 10.51 10.66 12.78 14.02 12.85 11.90 11.61 8.54 5.84 5.18 5.91 7.88 9.27 8.98 9.05 10.44 12.85 15.18 17.45 18.18 19.56 18.61 19.35 19.35 17.01 16.50 17.96 18.76 18.61 16.28 17.08
13.51 13.51 12.05 12.05 13.14 12.92 12.85 13.80 15.84 14.38 16.43 15.91 15.26 15.77 15.91 15.33 12.78 11.68 12.12 11.53 10.95 11.39 10.95 10.95 10.15 10.51 10.51 10.44 9.86 9.49 10.22 10.44 10.95 12.12 11.39 11.53 9.86 8.61 9.27 10.95 11.61 11.83 12.05 13.36 13.43 13.43 12.63 12.12 11.90 12.70 12.99 12.99 11.24 9.20 9.86 13.36 12.26 11.75 12.70 12.41 10.88 8.18 6.64 7.30 9.05 8.83 8.40 8.47 9.05 11.32 11.97 15.70 17.96 18.61 18.61 18.18 18.18 16.28 16.43 16.50 18.47 18.61 13.43 15.99
16.72 16.72 14.31 13.21 14.24 14.67 14.09 15.62 17.08 14.67 13.80 14.53 14.89 13.72 12.92 13.87 11.75 10.73 11.53 11.90 12.70 13.29 11.39 10.95 9.93 8.91 8.91 8.98 8.76 10.37 11.68 12.63 12.92 13.51 11.68 11.10 9.93 9.64 10.66 10.73 10.80 10.59 12.78 13.65 13.65 14.53 14.60 13.14 12.78 13.29 12.92 12.92 13.80 12.78 12.34 12.70 11.61 14.02 13.94 11.97 11.02 8.98 7.15 7.59 8.61 9.05 9.42 8.32 7.96 8.10 9.42 11.10 13.72 17.16 19.64 20.22 20.22 19.56 19.05 18.61 16.94 15.40 12.48 12.56
16.72 16.72 14.31 13.21 14.24 14.67 14.09 15.62 17.08 14.67 13.80 14.53 14.89 13.72 12.92 13.87 11.75 10.73 11.53 11.90 12.70 13.29 11.39 10.95 9.93 8.91 8.91 8.98 8.76 10.37 11.68 12.63 12.92 13.51 11.68 11.10 9.93 9.64 10.66 10.73 10.80 10.59 12.78 13.65 13.65 14.53 14.60 13.14 12.78 13.29 12.92 12.92 13.80 12.78 12.34 12.70 11.61 14.02 13.94 11.97 11.02 8.98 7.15 7.59 8.61 9.05 9.42 8.32 7.96 8.10 9.42 11.10 13.72 17.16 19.64 20.22 20.22 19.56 19.05 18.61 16.94 15.40 12.48 12.56
15.18 15.18 12.63 9.27 7.88 9.27 11.10 12.85 14.16 14.09 13.58 13.14 13.58 15.26 16.43 15.04 13.43 13.07 11.90 15.18 13.58 11.32 11.39 11.39 9.64 8.32 8.32 7.96 6.86 9.20 10.29 12.99 14.38 13.14 11.90 10.37 8.76 9.49 11.39 10.07 9.27 9.78 11.02 11.53 12.41 14.31 14.60 13.94 15.62 15.70 15.77 15.77 14.67 13.51 12.70 11.61 12.19 13.58 12.34 11.90 11.75 10.37 8.61 8.47 8.32 8.25 7.81 7.88 6.35 5.69 6.35 7.66 9.86 13.51 17.45 18.91 18.91 19.05 18.91 19.27 17.96 18.91 16.94 13.51
13.07 13.07 13.43 12.12 9.71 9.13 11.68 13.36 13.87 13.14 12.48 13.36 14.82 14.60 14.31 14.60 12.99 12.85 12.85 11.90 8.47 8.69 8.61 11.24 10.37 9.42 9.42 11.02 12.05 11.68 11.10 11.24 11.46 11.61 8.76 3.65 3.65 2.92 3.50 4.38 4.09 5.11 7.01 7.45 8.98 12.99 14.24 14.38 13.14 13.43 13.29 13.29 12.99 12.92 13.51 13.14 12.63 13.21 11.68 11.17 10.66 12.41 12.26 9.93 8.69 8.69 7.59 6.86 8.91 8.61 8.25 9.13 9.34 9.78 11.46 12.63 12.63 12.19 9.56 11.53 15.11 16.57 17.81 16.06
11.24 11.24 14.24 16.50 17.89 17.59 17.52 20.88 18.98 16.79 16.06 16.86 18.32 17.81 16.06 15.40 13.43 13.14 11.17 9.20 8.91 7.96 8.61 9.20 8.76 7.88 7.88 9.78 12.05 11.61 10.88 9.78 8.32 7.37 4.67 2.26 2.41 1.75 1.68 0.44 0.00 2.04 5.48 9.42 10.80 13.14 14.67 14.16 13.43 13.87 13.58 13.58 12.19 13.21 13.94 14.24 13.29 15.91 16.06 15.40 14.67 17.52 16.94 14.75 12.19 10.00 8.98 8.18 9.34 10.22 9.27 8.83 8.18 10.07 11.10 10.80 10.80 10.15 9.86 10.37 10.95 14.09 14.45 13.21
11.24 11.24 13.43 14.24 15.18 16.28 18.61 20.73 21.61 21.83 23.73 20.81 16.28 14.16 12.56 12.70 12.19 12.85 11.68 12.63 12.78 11.97 11.02 9.34 11.17 10.66 10.66 10.66 11.02 10.51 10.51 9.93 8.91 7.52 5.11 5.55 4.45 2.99 1.39 0.22 0.88 3.65 5.91 6.86 9.13 11.24 11.46 12.99 11.39 10.59 10.66 10.66 10.66 12.26 12.34 13.43 16.72 17.81 17.89 16.79 16.94 17.16 17.59 16.57 13.87 11.32 11.24 12.48 13.51 9.42 7.08 7.59 8.10 9.71 11.39 12.63 12.63 11.39 10.80 11.68 12.56 13.07 12.19 11.17
12.41 12.41 13.58 14.24 14.82 14.97 14.82 14.38 14.97 15.91 16.35 17.01 15.40 14.89 15.04 13.58 13.51 14.02 10.95 11.61 11.68 12.70 13.07 11.75 11.39 11.75 11.75 11.32 10.66 11.83 12.48 10.00 8.61 8.83 8.47 7.88 6.20 7.01 5.40 5.04 5.99 8.10 9.42 10.95 13.07 12.92 12.12 11.24 9.93 9.71 9.64 9.64 10.51 10.73 12.70 15.91 14.38 13.65 13.51 12.70 11.39 13.51 14.38 15.48 13.72 14.02 14.60 14.16 11.17 8.40 7.01 8.69 8.32 9.13 10.80 12.85 12.85 13.43 11.90 11.75 12.19 10.66 10.22 10.29
12.41 12.41 13.58 14.24 14.82 14.97 14.82 14.38 14.97 15.91 16.35 17.01 15.40 14.89 15.04 13.58 13.51 14.02 10.95 11.61 11.68 12.70 13.07 11.75 11.39 11.75 11.75 11.32 10.66 11.83 12.48 10.00 8.61 8.83 8.47 7.88 6.20 7.01 5.40 5.04 5.99 8.10 9.42 10.95 13.07 12.92 12.12 11.24 9.93 9.71 9.64 9.64 10.51 10.73 12.70 15.91 14.38 13.65 13.51 12.70 11.39 13.51 14.38 15.48 13.72 14.02 14.60 14.16 11.17 8.40 7.01 8.69 8.32 9.13 10.80 12.85 12.85 13.43 11.90 11.75 12.19 10.66 10.22 10.29
13.58 13.58 14.16 13.87 14.02 14.16 14.02 12.12 11.39 10.00 10.15 12.26 13.29 14.24 14.45 14.16 12.05 12.34 12.26 13.21 13.80 13.87 14.67 11.97 11.02 9.56 9.56 8.91 10.44 13.43 13.87 11.83 8.03 9.49 10.37 9.56 8.91 9.56 9.13 8.47 10.51 13.14 13.58 13.36 12.34 11.46 11.10 10.29 10.44 10.44 9.78 9.78 12.34 15.33 14.89 17.30 15.91 14.24 13.29 13.51 11.97 12.99 14.60 14.82 14.82 16.64 15.70 14.16 11.68 8.18 7.81 8.18 7.74 8.61 7.15 7.30 7.30 8.69 8.32 11.90 11.90 11.02 10.00 10.22
11.53 11.53 11.46 11.39 12.34 12.41 10.07 8.54 9.56 9.49 9.34 10.00 11.97 10.88 11.75 11.46 10.73 10.29 10.95 11.97 12.41 12.92 13.21 11.83 11.83 10.66 10.66 9.34 10.44 13.51 13.43 11.90 11.39 12.05 12.05 10.80 10.22 11.75 11.53 10.51 11.02 12.34 12.92 13.80 12.19 10.95 9.42 10.00 12.05 13.65 13.43 13.43 14.24 15.18 16.79 16.64 18.10 16.35 15.70 15.99 14.82 16.57 19.86 18.91 18.32 19.49 18.91 17.89 16.79 14.60 14.24 14.02 13.07 13.07 11.02 8.03 8.03 5.69 6.64 10.15 10.73 11.17 10.07 11.24
7.66 7.66 7.52 6.57 7.08 8.32 7.96 7.88 8.32 8.54 8.25 8.03 8.83 8.32 8.54 9.78 10.29 10.80 12.48 12.78 12.78 12.05 10.95 9.71 9.34 8.61 8.61 8.25 10.95 12.12 11.32 11.17 12.48 13.65 12.56 11.97 11.32 12.78 13.14 11.46 11.83 13.65 14.75 14.60 14.53 16.06 17.74 15.18 10.88 12.56 13.80 13.80 15.33 19.78 19.86 17.37 17.01 18.91 19.49 20.00 20.51 21.39 20.81 20.15 19.13 18.25 18.03 16.79 16.50 14.97 15.99 17.01 17.23 17.01 16.06 14.16 14.16 10.29 7.30 5.91 10.22 12.70 13.94 14.82
7.96 7.96 5.48 6.20 5.69 5.11 4.82 5.77 7.15 6.57 5.33 4.23 4.23 5.11 7.08 8.03 9.49 11.02 11.75 11.97 13.21 11.97 9.56 7.81 6.72 6.86 6.86 9.78 13.21 11.46 12.56 13.58 13.94 13.94 14.31 13.51 14.24 15.04 13.94 12.63 13.87 14.89 14.53 16.57 17.74 18.61 15.48 12.48 9.93 12.05 15.55 15.55 16.72 18.61 17.89 16.86 16.28 16.57 16.94 17.81 17.67 16.72 17.52 16.43 16.21 15.99 16.57 16.79 15.62 13.51 13.72 14.45 17.52 17.89 16.35 14.45 14.45 14.31 10.80 8.40 9.78 12.26 13.07 14.60
3.21 3.21 3.29 2.56 4.31 3.29 3.58 3.43 4.31 5.62 4.09 4.09 3.58 4.89 7.08 8.25 9.86 11.24 11.32 10.15 10.80 8.98 8.83 6.79 6.50 7.15 7.15 8.03 7.52 10.44 11.97 12.85 13.58 13.65 14.75 15.18 16.86 16.86 16.28 15.55 15.62 13.87 12.63 14.89 16.13 13.87 9.20 7.37 10.66 13.21 14.45 14.45 12.41 14.38 15.77 16.21 16.50 17.23 17.81 16.21 14.16 13.21 14.02 14.09 13.58 14.02 15.70 16.79 17.96 14.97 12.92 12.56 14.97 15.99 16.28 17.23 17.23 16.35 14.02 14.67 16.06 13.80 13.43 13.58
3.21 3.21 3.29 2.56 4.31 3.29 3.58 3.43 4.31 5.62 4.09 4.09 3.58 4.89 7.08 8.25 9.86 11.24 11.32 10.15 10.80 8.98 8.83 6.79 6.50 7.15 7.15 8.03 7.52 10.44 11.97 12.85 13.58 13.65 14.75 15.18 16.86 16.86 16.28 15.55 15.62 13.87 12.63 14.89 16.13 13.87 9.20 7.37 10.66 13.21 14.45 14.45 12.41 14.38 15.77 16.21 16.50 17.23 17.81 16.21 14.16 13.21 14.02 14.09 13.58 14.02 15.70 16.79 17.96 14.97 12.92 12.56 14.97 15.99 16.28 17.23 17.23 16.35 14.02 14.67 16.06 13.80 13.43 13.58
1.61 1.61 3.80 4.89 5.04 2.99 3.07 5.26 5.91 6.20 6.13 6.28 5.04 4.89 4.23 8.03 10.22 8.61 8.54 6.13 4.45 4.96 8.10 9.20 8.10 7.81 7.81 8.25 9.49 10.66 11.02 12.26 13.36 13.29 13.80 12.26 14.60 15.33 15.91 16.43 15.33 13.80 14.67 16.06 15.11 12.92 11.68 12.26 14.09 17.16 14.45 14.45 13.14 14.16 12.99 12.26 12.56 13.36 15.77 16.21 13.87 9.78 10.51 12.41 12.41 12.99 12.70 12.92 14.31 14.16 13.43 12.92 13.51 13.14 14.97 18.32 18.32 16.43 16.94 15.99 17.52 16.79 14.38 15.55
3.94 3.94 4.02 3.72 4.45 5.33 4.74 6.50 4.96 3.21 4.53 5.55 4.96 5.40 4.23 5.77 7.81 8.03 6.57 2.12 0.00 2.92 6.50 9.20 9.13 8.32 8.32 10.15 12.85 13.65 11.75 9.71 9.20 9.27 11.02 13.07 15.40 16.21 16.06 16.64 17.08 15.18 14.89 16.13 16.94 14.82 14.24 15.18 14.75 16.06 16.64 16.64 15.04 14.97 12.48 8.54 6.72 9.13 11.83 8.91 7.15 7.30 6.20 8.91 12.05 10.88 10.66 12.63 13.29 14.02 14.31 13.72 13.07 11.17 11.83 14.53 14.53 9.71 10.95 12.78 16.13 16.06 15.33 15.04
7.45 7.45 6.42 8.47 8.54 4.89 4.38 5.91 5.40 2.26 4.02 1.53 3.36 2.48 4.89 6.13 6.35 4.89 5.84 1.53 0.37 1.75 4.16 5.48 7.81 11.53 11.53 12.99 11.61 11.61 9.93 8.03 8.18 9.20 11.46 11.90 13.58 14.16 12.63 14.31 11.61 8.61 9.71 10.73 13.72 13.21 15.04 15.18 14.82 12.05 11.32 11.32 9.93 8.61 7.88 5.40 5.33 7.08 8.18 7.30 6.79 7.23 8.03 10.15 12.05 11.17 10.80 12.99 13.51 12.85 13.87 13.51 12.63 10.66 10.88 9.49 9.49 6.35 8.10 7.96 11.68 14.38 17.16 21.17
7.66 7.66 7.45 10.73 11.24 6.13 4.23 2.99 2.85 4.67 5.69 2.92 3.43 4.96 5.84 5.26 4.09 1.31 0.00 0.00 0.58 1.68 2.48 2.63 3.94 7.74 7.74 9.20 7.01 5.26 5.40 5.55 6.72 8.83 10.29 7.66 8.69 10.15 9.42 7.15 3.80 3.87 6.20 9.34 10.37 10.22 10.80 12.05 11.97 9.27 9.27 9.27 7.74 7.74 9.64 8.61 10.07 9.93 8.69 7.30 7.66 7.59 7.23 7.66 8.25 6.57 10.66 13.29 11.83 11.83 12.34 11.02 11.24 13.14 11.24 5.99 5.99 5.99 5.84 5.62 7.37 10.80 14.89 20.51
0.00 0.00 2.70 6.28 7.52 6.79 3.80 2.77 2.04 3.80 5.55 5.77 5.77 5.99 4.67 3.65 0.00 0.00 0.00 0.00 0.00 3.80 2.85 1.24 1.90 6.35 6.35 8.61 8.40 5.69 4.38 4.53 5.26 5.04 4.38 5.48 6.64 7.59 6.86 4.67 4.23 5.04 9.05 10.51 7.59 5.91 7.96 10.59 11.75 11.68 12.92 12.92 10.66 8.69 10.07 10.88 9.42 7.37 5.40 4.38 5.48 6.06 6.64 5.55 5.91 7.45 9.05 8.69 6.64 4.23 4.74 5.40 6.35 5.26 2.48 6.35 6.35 9.49 10.51 10.44 9.49 8.83 7.23 8.69
0.00 0.00 0.00 0.00 0.00 5.18 5.18 4.89 3.72 5.84 6.86 6.13 6.50 3.36 0.00 0.00 0.00 0.00 0.00 0.00 0.00 3.72 0.00 0.00 0.00 2.99 2.99 7.37 8.61 5.77 2.48 1.97 2.99 2.85 2.48 2.26 1.68 2.12 3.43 3.36 3.50 4.23 4.74 5.18 5.84 5.77 8.54 10.66 10.59 12.92 10.66 10.66 8.03 7.08 5.91 6.72 4.02 2.19 3.07 4.53 6.20 7.15 8.10 9.34 9.86 8.69 8.54 7.23 4.53 3.50 3.36 2.41 2.70 2.70 11.39 11.39 11.39 14.45 13.80 11.17 10.95 9.05 10.07 8.91
0.00 0.00 0.00 0.00 0.00 5.18 5.18 4.89 3.72 5.84 6.86 6.13 6.50 3.36 0.00 0.00 0.00 0.00 0.00 0.00 0.00 3.72 0.00 0.00 0.00 2.99 2.99 7.37 8.61 5.77 2.48 1.97 2.99 2.85 2.48 2.26 1.68 2.12 3.43 3.36 3.50 4.23 4.74 5.18 5.84 5.77 8.54 10.66 10.59 12.92 10.66 10.66 8.03 7.08 5.91 6.72 4.02 2.19 3.07 4.53 6.20 7.15 8.10 9.34 9.86 8.69 8.54 7.23 4.53 3.50 3.36 2.41 2.70 2.70 11.39 11.39 11.39 14.45 13.80 11.17 10.95 9.05 10.07 8.91
0.00 0.00 1.10 0.00 0.00 2.19 4.09 0.00 4.02 5.99 7.74 4.96 3.14 0.00 0.00 0.00 0.00 0.00 0.00 0.00 0.00 0.00 0.00 0.00 0.00 0.00 0.00 0.00 4.53 3.21 0.00 0.00 0.00 0.00 0.00 0.00 2.04 1.97 2.41 2.99 3.94 3.14 3.72 2.56 4.16 3.29 4.53 11.24 11.39 9.78 9.05 9.05 8.91 7.66 3.80 0.00 0.00 0.00 1.31 5.84 7.23 7.66 7.01 7.59 9.20 9.42 9.93 8.91 9.20 10.29 11.17 10.29 10.66 12.78 11.10 10.29 10.29 10.59 10.95 10.51 16.50 16.86 17.52 15.11
