Wansh/Snow_depth/snowdepth-1984/winter/1985045.txt
ncols 321
nrows 161
xllcenter 60
yllcenter 15 
cellsize  0.25 
NODATA_value -1
[rows 0 to 36 of 161, columns 84 to 167 of 321]
26.86 26.65 24.45 22.63 21.24 19.35 17.01 16.86 18.03 18.83 23.29 23.87 25.04 24.97 22.63 23.80 23.87 23.87 23.87 24.67 23.14 21.53 17.45 14.02 10.80 8.47 5.11 5.33 5.69 6.86 10.07 15.48 17.67 16.57 12.92 11.68 11.90 11.53 9.93 10.95 11.90 11.97 10.44 10.44 8.76 7.74 6.86 6.64 8.98 12.85 16.57 17.59 15.18 14.45 15.11 17.45 18.10 17.89 19.86 8.83 6.50 5.69 5.77 5.40 5.18 5.48 7.01 9.42 9.42 10.73 11.02 11.10 11.46 11.53 10.80 10.37 11.39 12.63 13.72 14.24 12.85 10.66 10.00 9.49
23.43 24.02 22.78 20.08 16.57 14.67 15.18 15.77 18.54 21.68 21.75 19.20 18.40 16.43 11.90 15.26 19.05 20.08 20.08 21.90 21.83 21.68 21.46 17.96 12.63 8.47 5.91 4.31 4.82 5.84 8.54 12.05 14.45 10.29 7.81 7.15 7.23 8.03 6.86 10.88 13.21 14.89 14.38 14.38 11.10 8.10 6.50 5.91 6.64 8.32 8.47 8.03 9.49 10.29 10.22 11.68 12.19 13.29 10.37 10.07 9.86 10.00 8.91 9.71 7.52 7.59 8.61 10.73 10.73 11.83 12.19 11.97 11.02 11.32 12.19 12.56 13.87 14.31 14.24 14.38 14.97 14.97 13.29 12.48
19.78 20.44 21.46 15.91 17.74 16.94 20.15 20.44 21.17 23.36 23.58 22.41 18.98 16.79 12.85 10.51 11.10 15.55 15.55 16.50 17.96 20.95 21.75 19.56 14.16 10.73 7.81 6.42 5.91 6.50 6.20 7.01 10.44 11.97 10.07 7.52 5.55 5.26 6.86 9.86 11.32 11.39 13.72 13.72 15.48 16.86 14.60 9.42 6.06 4.96 4.45 3.72 3.87 5.04 7.01 10.07 10.80 13.07 13.80 13.87 14.82 14.67 14.60 14.75 14.82 14.02 14.24 14.97 14.97 14.38 13.65 11.61 13.14 15.48 15.91 15.18 16.72 17.01 16.57 16.79 15.77 15.11 14.53 14.53
19.78 20.44 21.46 15.91 17.74 16.94 20.15 20.44 21.17 23.36 23.58 22.41 18.98 16.79 12.85 10.51 11.10 15.55 15.55 16.50 17.96 20.95 21.75 19.56 14.16 10.73 7.81 6.42 5.91 6.50 6.20 7.01 10.44 11.97 10.07 7.52 5.55 5.26 6.86 9.86 11.32 11.39 13.72 13.72 15.48 16.86 14.60 9.42 6.06 4.96 4.45 3.72 3.87 5.04 7.01 10.07 10.80 13.07 13.80 13.87 14.82 14.67 14.60 14.75 14.82 14.02 14.24 14.97 14.97 14.38 13.65 11.61 13.14 15.48 15.91 15.18 16.72 17.01 16.57 16.79 15.77 15.11 14.53 14.53
16.57 14.67 15.70 15.26 20.29 20.22 18.91 19.27 20.88 24.09 22.70 20.73 18.83 19.05 18.83 16.64 13.21 10.00 10.00 9.05 10.37 14.67 20.44 21.90 21.39 15.62 9.93 4.74 5.26 3.87 4.89 6.42 9.13 15.18 16.86 14.16 10.59 8.69 6.86 5.18 5.04 6.42 9.49 9.49 11.17 14.67 17.67 16.06 12.26 9.56 6.50 5.62 3.21 4.82 4.96 7.30 6.28 8.32 11.24 12.12 13.51 14.67 15.11 14.97 16.28 17.30 16.50 15.84 15.84 15.33 13.72 12.78 13.65 16.21 17.96 20.73 21.02 20.81 20.22 19.20 17.30 16.72 16.86 17.30
21.90 20.66 20.81 17.81 16.72 14.89 13.80 15.11 16.43 18.98 18.40 21.46 22.19 20.81 20.44 21.24 20.22 18.69 18.69 14.67 10.66 9.49 13.65 17.45 18.32 15.77 10.66 7.74 6.86 5.69 4.74 5.26 7.96 11.97 13.94 13.07 7.45 2.70 0.00 0.00 2.70 0.00 0.00 0.00 5.69 10.07 15.55 17.89 15.55 9.78 6.79 4.82 4.31 4.67 4.02 7.52 7.23 7.88 8.47 10.51 13.21 15.62 17.74 18.61 17.96 16.72 13.43 11.83 11.83 13.14 12.85 10.80 12.05 13.80 13.14 11.61 11.39 12.19 13.80 16.28 18.54 18.47 17.16 16.72
20.73 19.78 18.40 18.32 17.96 17.45 16.64 18.61 19.86 18.91 16.94 16.06 17.59 20.15 20.51 18.98 16.35 15.26 15.26 15.55 16.64 14.67 12.19 11.90 13.07 12.70 10.44 8.69 7.81 7.81 8.03 7.66 8.40 10.95 11.53 11.32 8.03 3.36 0.00 0.00 1.83 3.72 5.77 5.77 7.01 10.95 14.45 14.75 12.41 7.88 7.08 6.86 4.67 5.55 8.47 9.86 11.32 12.70 13.87 15.70 19.05 20.73 22.48 21.83 20.95 19.71 18.03 16.79 16.79 17.01 18.69 17.59 17.01 16.13 15.26 15.11 13.72 11.97 11.10 12.05 14.60 16.35 16.72 17.30
20.73 19.78 18.40 18.32 17.96 17.45 16.64 18.61 19.86 18.91 16.94 16.06 17.59 20.15 20.51 18.98 16.35 15.26 15.26 15.55 16.64 14.67 12.19 11.90 13.07 12.70 10.44 8.69 7.81 7.81 8.03 7.66 8.40 10.95 11.53 11.32 8.03 3.36 0.00 0.00 1.83 3.72 5.77 5.77 7.01 10.95 14.45 14.75 12.41 7.88 7.08 6.86 4.67 5.55 8.47 9.86 11.32 12.70 13.87 15.70 19.05 20.73 22.48 21.83 20.95 19.71 18.03 16.79 16.79 17.01 18.69 17.59 17.01 16.13 15.26 15.11 13.72 11.97 11.10 12.05 14.60 16.35 16.72 17.30
17.89 17.74 17.30 19.35 19.13 17.96 16.79 17.08 15.04 15.18 13.36 12.12 12.78 17.59 19.56 18.76 16.72 15.04 15.04 15.91 18.83 18.18 13.87 11.32 10.07 9.64 9.34 9.13 8.91 9.05 9.13 8.54 8.40 12.05 13.80 12.41 7.08 4.60 5.11 5.55 4.60 6.13 8.10 8.10 9.34 9.78 8.47 7.37 7.23 6.28 6.64 7.52 4.96 7.37 8.03 8.83 9.42 10.80 12.85 14.09 15.33 18.76 20.51 21.02 21.90 21.24 19.86 19.71 19.71 18.98 18.18 17.74 16.35 15.18 14.09 13.21 12.34 12.19 12.78 12.85 12.05 12.19 12.26 14.53
15.62 15.33 14.97 16.86 16.79 16.35 13.36 13.07 13.36 12.19 13.14 12.48 13.43 12.92 14.82 14.24 14.53 14.38 14.38 15.91 17.08 16.50 13.80 9.78 8.54 8.76 9.20 10.00 9.34 8.98 8.83 9.71 10.59 15.18 16.72 12.56 9.56 8.10 7.52 6.64 5.91 6.20 5.69 5.69 5.55 6.13 6.72 7.37 8.98 10.07 12.12 14.89 14.02 12.70 11.24 11.10 10.95 11.53 10.88 11.17 12.56 12.19 14.02 14.89 16.79 16.50 16.86 17.52 17.52 16.79 16.72 16.72 16.43 14.38 12.48 12.78 15.99 17.74 17.23 15.26 13.29 12.19 11.83 13.29
17.16 16.35 15.62 16.43 14.67 6.42 9.56 11.97 10.59 11.61 11.83 12.34 14.09 12.85 12.63 13.43 13.36 13.80 13.80 15.04 17.96 13.94 8.98 8.61 7.74 7.45 8.54 8.32 7.59 7.45 7.52 9.56 9.27 8.98 9.49 9.56 10.73 10.29 8.40 8.40 9.71 10.59 9.34 9.34 7.30 7.08 8.03 10.95 10.66 10.73 11.83 13.87 15.70 13.94 12.85 14.16 16.43 15.26 12.63 11.39 14.24 13.94 13.58 14.67 16.43 18.18 20.66 23.73 23.73 21.46 18.76 18.03 18.76 18.18 15.70 15.91 17.16 18.32 16.64 13.29 13.51 14.60 14.75 13.14
17.16 16.35 15.62 16.43 14.67 6.42 9.56 11.97 10.59 11.61 11.83 12.34 14.09 12.85 12.63 13.43 13.36 13.80 13.80 15.04 17.96 13.94 8.98 8.61 7.74 7.45 8.54 8.32 7.59 7.45 7.52 9.56 9.27 8.98 9.49 9.56 10.73 10.29 8.40 8.40 9.71 10.59 9.34 9.34 7.30 7.08 8.03 10.95 10.66 10.73 11.83 13.87 15.70 13.94 12.85 14.16 16.43 15.26 12.63 11.39 14.24 13.94 13.58 14.67 16.43 18.18 20.66 23.73 23.73 21.46 18.76 18.03 18.76 18.18 15.70 15.91 17.16 18.32 16.64 13.29 13.51 14.60 14.75 13.14
17.01 16.94 15.77 13.36 10.95 7.01 7.30 8.83 9.27 10.22 9.93 14.31 16.13 14.16 12.63 14.75 18.25 19.86 19.86 20.37 18.98 17.23 12.78 10.88 10.73 9.13 8.54 7.96 7.45 7.23 7.96 9.34 9.34 9.49 10.44 12.70 15.04 13.51 11.90 13.07 14.09 12.48 9.49 9.49 8.32 8.40 9.13 10.15 12.26 13.21 11.83 17.37 14.02 13.36 15.33 17.96 20.66 21.97 20.08 15.91 13.72 13.21 13.80 14.38 13.80 14.45 18.03 19.49 19.49 20.81 21.17 20.22 19.78 19.56 18.76 16.06 15.04 16.94 15.91 15.33 14.67 15.99 18.10 19.27
19.71 15.91 10.37 8.98 6.06 7.30 8.47 11.02 12.63 14.16 14.53 17.52 21.68 22.19 21.75 22.12 22.19 22.12 22.12 18.40 15.99 14.16 12.85 12.26 10.51 9.71 9.42 9.86 12.48 14.82 16.72 17.37 18.47 16.64 17.45 19.42 20.00 17.52 15.40 14.75 13.94 12.26 10.29 10.29 10.22 12.26 14.53 17.23 16.57 15.84 17.96 17.08 15.33 15.18 15.62 17.16 19.42 18.54 17.81 18.25 19.56 20.51 20.37 19.78 19.64 19.71 20.73 22.70 22.70 23.73 25.84 25.11 24.24 23.14 20.81 18.91 17.67 15.70 15.99 15.62 14.02 13.14 11.97 13.43
15.04 12.41 11.02 10.00 10.22 9.78 12.26 13.65 15.26 17.30 16.79 17.96 19.93 21.02 20.59 19.49 17.89 17.01 17.01 14.09 12.92 13.51 13.87 12.78 10.51 12.26 14.53 16.13 17.74 19.93 22.56 24.31 22.56 21.75 19.49 16.43 13.14 12.63 11.53 11.39 12.19 15.55 16.06 16.06 14.82 16.28 17.08 19.13 22.78 22.48 19.49 18.25 20.59 20.44 21.39 23.14 24.31 20.66 15.18 14.02 12.63 14.31 16.72 18.54 19.71 17.59 14.60 16.79 16.79 19.49 20.29 20.88 20.00 17.01 17.59 17.08 9.05 0.00 6.86 18.32 22.70 17.30 17.30 18.03
11.17 12.92 13.58 13.14 11.75 9.64 8.47 11.46 13.65 14.67 15.04 15.70 16.06 16.35 15.77 16.35 16.86 17.52 17.52 14.75 11.32 13.94 17.59 17.30 17.16 15.99 14.45 16.64 17.45 19.49 21.61 22.05 18.91 15.70 13.43 9.86 7.37 8.47 11.68 12.48 14.16 14.53 13.94 13.94 14.24 14.02 13.21 13.72 21.02 17.45 16.64 14.09 15.26 18.54 19.27 20.51 20.51 17.67 14.38 9.93 9.64 10.07 9.64 12.05 16.06 18.69 20.88 20.73 20.73 22.63 22.48 19.05 16.64 15.55 18.47 18.40 9.13 0.00 6.20 20.44 23.43 19.56 20.81 24.53
11.17 12.92 13.58 13.14 11.75 9.64 8.47 11.46 13.65 14.67 15.04 15.70 16.06 16.35 15.77 16.35 16.86 17.52 17.52 14.75 11.32 13.94 17.59 17.30 17.16 15.99 14.45 16.64 17.45 19.49 21.61 22.05 18.91 15.70 13.43 9.86 7.37 8.47 11.68 12.48 14.16 14.53 13.94 13.94 14.24 14.02 13.21 13.72 21.02 17.45 16.64 14.09 15.26 18.54 19.27 20.51 20.51 17.67 14.38 9.93 9.64 10.07 9.64 12.05 16.06 18.69 20.88 20.73 20.73 22.63 22.48 19.05 16.64 15.55 18.47 18.40 9.13 0.00 6.20 20.44 23.43 19.56 20.81 24.53
11.75 11.90 12.34 15.62 14.97 11.17 5.91 5.33 6.64 6.86 8.98 12.78 15.26 14.31 14.89 16.64 16.79 11.75 11.75 11.10 9.64 9.86 10.95 13.94 17.45 17.96 16.06 14.31 14.67 15.99 17.74 18.25 18.69 16.64 11.83 7.30 5.69 7.59 11.61 14.53 15.26 13.65 12.56 12.56 12.48 12.19 12.26 12.48 15.77 16.06 15.77 14.97 14.97 15.48 16.72 16.86 14.02 12.26 11.61 15.48 17.01 15.91 13.07 11.61 12.85 15.62 18.40 22.56 22.56 24.38 21.83 17.89 16.13 18.54 20.51 16.72 9.93 0.00 14.67 21.90 18.40 15.55 14.45 19.93
14.89 14.45 13.36 15.70 17.30 15.84 12.05 9.49 7.96 9.78 12.34 14.09 17.96 19.93 19.27 20.15 21.24 16.35 16.35 14.67 13.87 9.56 8.25 11.97 16.43 17.81 17.16 16.06 17.67 18.98 21.02 21.75 22.41 22.70 18.54 14.45 12.92 11.39 11.46 12.78 12.48 10.73 10.59 10.59 8.69 6.72 7.88 5.26 9.27 10.44 9.34 11.17 12.56 14.60 14.60 16.72 16.50 16.86 18.40 20.08 21.53 20.81 18.03 16.43 15.62 17.30 21.39 25.84 25.84 27.74 24.97 19.78 17.96 19.20 18.54 13.43 9.27 11.24 14.24 13.21 12.92 14.02 15.77 13.21
11.83 11.53 11.83 11.75 13.14 15.04 15.48 10.73 10.22 10.22 11.32 11.10 10.66 12.78 13.21 14.38 16.43 18.98 18.98 20.95 18.54 15.33 10.80 11.68 15.18 16.13 16.86 17.30 17.52 15.48 18.98 23.00 21.39 18.47 16.72 14.82 11.17 9.71 7.15 4.60 7.37 8.32 9.42 9.42 14.82 12.26 7.59 9.71 13.07 13.29 13.07 13.94 13.72 13.94 16.43 18.25 18.10 20.08 22.92 27.45 30.37 28.62 25.77 22.27 18.47 20.08 26.43 27.89 27.89 22.92 19.05 15.99 16.28 17.67 15.40 9.64 10.15 13.80 12.26 11.10 12.05 12.85 13.65 13.58
10.80 11.32 13.94 13.36 11.10 10.80 14.45 16.28 17.01 16.57 15.70 15.84 15.33 13.36 9.56 9.86 11.39 13.51 13.51 15.48 15.11 15.55 14.97 14.97 16.21 16.94 16.79 14.67 12.26 10.44 11.90 16.13 19.56 17.30 11.24 8.54 7.88 7.59 8.40 7.08 7.30 8.47 11.02 11.02 17.74 21.10 19.86 18.98 20.37 18.61 17.16 17.67 17.23 16.35 18.25 22.19 20.66 19.42 21.83 24.82 27.38 29.05 30.95 28.62 27.01 27.01 27.23 23.58 23.58 16.79 10.73 10.66 12.19 11.39 8.03 4.74 6.35 7.15 8.18 7.37 8.32 8.91 9.93 10.51
10.51 15.62 14.16 14.97 12.78 14.75 18.32 19.93 22.48 21.10 19.93 25.55 27.59 26.28 21.17 16.50 15.18 16.21 16.21 16.79 17.52 18.25 18.54 20.88 24.60 26.13 24.97 21.75 17.08 13.14 9.93 11.61 15.77 15.55 11.75 7.01 0.00 0.00 7.08 15.11 16.94 11.10 9.56 9.56 12.48 14.45 15.40 14.89 13.51 13.43 16.35 19.05 21.75 23.07 27.23 29.71 24.97 19.42 21.53 26.50 28.32 29.20 30.44 29.27 29.49 28.84 27.23 22.78 22.78 15.70 10.73 7.81 6.79 6.20 3.94 1.83 2.56 3.80 1.75 3.50 6.06 3.50 3.87 5.33
10.51 15.62 14.16 14.97 12.78 14.75 18.32 19.93 22.48 21.10 19.93 25.55 27.59 26.28 21.17 16.50 15.18 16.21 16.21 16.79 17.52 18.25 18.54 20.88 24.60 26.13 24.97 21.75 17.08 13.14 9.93 11.61 15.77 15.55 11.75 7.01 0.00 0.00 7.08 15.11 16.94 11.10 9.56 9.56 12.48 14.45 15.40 14.89 13.51 13.43 16.35 19.05 21.75 23.07 27.23 29.71 24.97 19.42 21.53 26.50 28.32 29.20 30.44 29.27 29.49 28.84 27.23 22.78 22.78 15.70 10.73 7.81 6.79 6.20 3.94 1.83 2.56 3.80 1.75 3.50 6.06 3.50 3.87 5.33
10.66 12.12 12.92 13.58 15.48 15.26 17.30 20.08 20.51 21.61 20.44 19.35 20.15 22.41 23.14 24.38 25.11 24.89 24.89 23.58 22.78 22.78 21.90 23.51 26.06 27.30 28.03 24.53 20.00 15.99 11.97 10.37 12.41 11.24 8.76 7.15 0.00 0.00 0.00 7.52 9.05 8.10 8.25 8.25 4.16 3.07 4.09 5.18 4.67 4.82 7.74 10.07 14.38 18.10 18.25 20.81 18.69 18.10 19.86 23.65 26.86 28.98 30.88 30.37 28.32 27.52 24.60 25.77 25.77 26.43 23.43 15.91 11.53 8.98 7.01 5.26 4.82 3.72 3.21 2.12 2.12 1.02 1.31 3.80
10.80 13.21 13.65 15.77 18.69 20.37 22.92 26.13 24.97 21.90 18.83 18.03 17.37 16.94 18.47 19.13 20.08 21.02 21.02 21.90 22.27 22.70 19.42 19.74 20.40 20.89 19.61 21.68 19.42 14.45 11.75 8.69 6.64 5.26 0.00 4.67 4.09 3.50 3.87 4.02 0.00 0.00 0.00 0.00 4.96 0.00 4.16 4.09 0.00 0.00 0.00 5.48 8.25 8.47 9.42 10.29 9.56 11.39 16.64 20.44 21.75 23.80 27.52 29.86 29.57 29.93 27.96 28.25 28.25 30.59 28.98 22.85 18.18 13.29 8.83 7.96 5.77 4.02 2.26 0.00 5.62 3.36 0.00 2.04
19.13 18.54 20.08 19.86 22.19 24.67 27.38 28.69 24.82 21.83 22.63 22.78 21.17 18.83 17.45 20.29 21.39 24.97 24.97 25.70 24.82 27.01 27.23 26.03 27.64 22.87 22.49 23.86 26.28 23.58 17.96 12.92 8.54 5.18 3.14 0.00 3.07 0.00 7.23 5.40 2.92 2.12 3.65 3.65 4.60 3.36 4.09 5.04 0.00 0.00 0.00 2.70 2.85 3.65 4.23 4.31 5.26 6.79 11.02 16.13 17.89 17.23 17.01 17.89 18.47 21.90 25.62 27.45 27.45 27.96 26.13 22.48 19.13 13.29 8.83 9.86 10.59 8.32 7.23 10.88 4.82 0.00 0.00 0.00
18.76 18.83 19.71 18.47 18.54 20.08 19.13 18.47 16.72 15.55 16.28 17.59 16.64 15.99 18.47 22.63 26.65 27.96 27.96 28.03 26.28 25.35 27.32 29.50 26.02 23.83 24.80 22.93 23.10 22.20 19.20 19.42 16.50 10.51 6.86 6.20 3.94 4.67 6.06 4.31 3.80 2.41 3.14 3.14 2.41 2.77 3.65 3.94 3.21 2.70 3.87 3.87 2.48 2.12 0.00 0.00 0.00 0.00 6.50 11.97 15.70 16.64 17.23 14.97 10.22 15.84 24.97 28.11 28.11 28.47 27.30 25.19 24.09 22.48 20.59 20.37 15.40 10.22 11.83 8.25 4.74 4.31 5.11 4.89
17.59 18.40 19.27 16.50 14.97 16.79 15.70 14.16 12.85 8.40 7.52 8.03 11.61 14.45 18.32 20.00 23.29 24.16 24.16 22.63 19.61 21.94 26.42 28.25 28.90 28.40 30.25 27.85 27.46 26.77 25.16 24.02 22.48 17.45 15.26 13.36 8.40 6.06 4.67 2.26 0.00 0.00 0.00 0.00 0.00 0.00 0.00 0.66 0.00 0.00 3.36 0.00 0.00 0.00 0.00 0.00 0.00 0.00 5.69 10.59 14.67 16.72 20.29 19.05 16.13 20.29 26.72 29.49 29.49 29.05 28.32 24.67 24.53 25.99 24.53 21.17 13.80 11.32 12.92 8.47 4.53 4.89 5.11 5.62
17.59 18.40 19.27 16.50 14.97 16.79 15.70 14.16 12.85 8.40 7.52 8.03 11.61 14.45 18.32 20.00 23.29 24.16 24.28 23.36 19.92 23.49 25.75 28.98 28.47 28.40 29.35 25.88 25.66 27.18 25.42 25.02 25.26 18.46 15.65 13.36 8.40 6.06 4.67 2.26 0.00 0.00 0.00 0.00 0.00 0.00 0.00 0.66 0.00 0.00 3.36 0.00 0.00 0.00 0.00 0.00 0.00 0.00 5.69 10.59 14.67 16.72 20.29 19.05 16.13 20.29 26.72 29.49 29.49 29.05 28.32 24.67 24.53 25.99 24.53 21.17 13.80 11.32 12.92 8.47 4.53 4.89 5.11 5.62
18.54 18.83 18.83 15.77 15.84 17.67 17.59 17.52 17.16 13.80 11.24 5.62 8.40 14.38 19.64 22.27 26.43 26.06 26.06 21.17 16.86 14.24 15.77 20.38 21.34 24.63 31.56 33.82 33.80 30.74 25.88 21.94 24.87 26.30 21.45 18.46 12.90 7.59 5.62 4.09 0.00 2.19 0.00 0.00 0.00 0.00 3.58 4.31 2.48 1.61 2.63 0.00 0.00 0.00 1.75 2.99 4.16 3.14 4.02 5.62 9.34 12.56 18.61 28.25 30.73 27.96 28.32 26.86 26.86 21.90 23.36 24.09 25.40 26.35 27.38 22.70 18.47 14.24 11.68 5.62 4.53 4.09 3.21 1.39
17.52 17.59 15.40 14.24 13.58 15.04 20.00 23.36 26.35 24.82 21.39 20.29 19.05 20.00 23.58 27.38 29.57 27.81 27.81 22.23 17.23 13.65 11.46 11.61 13.72 14.45 18.47 26.17 32.33 35.32 32.56 30.37 25.40 25.41 26.83 26.04 20.38 13.87 8.69 9.05 0.00 0.00 0.00 0.00 0.00 2.63 2.99 5.18 5.77 4.74 4.45 0.00 0.00 0.00 0.00 0.00 0.00 0.00 0.00 0.29 0.00 6.35 16.35 27.52 30.95 26.94 26.79 29.71 29.71 28.18 29.13 28.69 27.81 28.25 27.38 21.61 17.23 13.94 10.88 6.28 4.74 3.07 2.48 1.10
19.20 20.59 18.47 17.59 15.18 13.36 15.91 18.69 18.91 17.30 16.79 17.23 19.13 18.10 18.83 20.15 18.83 19.42 19.42 17.59 15.55 11.46 9.13 8.91 8.03 8.61 12.85 17.77 24.49 33.73 37.89 38.76 37.81 33.14 31.51 28.97 27.27 19.20 15.55 23.00 14.82 6.42 0.58 0.58 0.00 0.00 1.90 0.00 2.19 5.55 6.94 5.48 5.91 3.29 1.17 0.00 0.00 0.00 0.00 0.00 0.00 5.62 16.28 21.90 21.17 20.66 25.11 27.74 27.74 23.87 19.86 22.56 25.04 27.59 28.91 25.99 19.05 16.79 11.32 8.83 7.30 4.89 3.43 3.94
29.05 30.08 28.91 26.65 24.89 26.43 31.32 33.94 30.81 26.65 21.53 20.66 18.61 17.81 19.13 15.62 13.07 11.83 11.83 12.12 12.70 10.88 8.54 8.32 8.91 7.96 12.70 18.19 22.19 26.28 30.66 34.53 36.28 36.87 37.52 37.96 34.46 29.88 26.44 21.97 17.67 7.74 3.14 3.14 2.92 2.99 3.50 3.29 4.16 4.45 5.77 6.35 5.69 6.13 5.26 0.00 0.00 3.80 6.13 5.26 0.00 5.33 9.78 13.43 15.04 20.95 26.79 20.29 20.29 13.65 11.02 13.51 22.41 29.35 26.94 25.04 25.77 26.21 22.34 12.12 9.86 8.18 6.94 4.23
20.59 25.84 28.25 28.32 25.99 30.88 33.80 33.58 34.95 36.06 36.14 27.96 21.02 16.79 12.78 9.93 5.48 3.94 3.94 6.79 6.06 7.88 6.06 6.06 7.45 12.26 12.63 14.31 16.64 17.16 19.42 24.82 29.13 31.90 36.06 36.65 38.33 35.04 30.61 25.76 20.54 20.15 13.36 13.36 8.91 6.35 6.50 4.45 5.26 5.69 3.72 2.99 3.36 5.69 6.06 4.38 5.11 7.23 8.83 8.18 6.35 5.62 6.64 6.86 7.01 10.29 11.83 8.61 8.61 7.59 10.29 13.80 17.01 19.78 21.61 21.32 24.89 25.55 18.69 15.48 7.96 6.13 6.06 4.96
9.78 8.69 13.72 23.29 26.43 30.44 27.96 25.48 20.66 19.05 25.33 21.17 14.45 11.24 6.35 3.72 2.04 0.00 0.00 4.31 5.18 6.13 5.18 4.09 5.99 9.78 11.83 13.36 15.34 17.93 17.02 17.17 17.76 20.51 21.46 22.85 28.76 31.04 31.46 27.08 21.31 20.08 19.27 19.27 18.40 16.86 13.51 11.46 7.96 6.57 5.18 1.83 1.68 2.70 3.94 3.72 3.80 5.91 7.23 8.10 7.37 5.62 5.62 7.23 5.40 5.04 5.69 5.69 5.69 8.83 14.31 12.12 8.40 10.29 10.51 9.93 10.15 13.80 17.52 18.69 12.85 8.76 5.40 3.50
9.78 8.69 13.72 23.29 26.43 30.44 27.96 25.48 20.15 19.05 25.33 21.17 14.45 11.24 6.35 3.72 2.04 0.00 0.00 4.31 5.18 6.13 5.18 4.09 5.99 9.78 11.83 13.36 15.11 17.30 16.43 17.08 17.23 20.51 21.57 22.96 28.76 30.89 31.78 27.08 21.10 20.08 19.27 19.27 18.40 16.86 13.51 11.46 7.96 6.57 5.18 1.83 1.68 2.70 3.94 3.72 3.80 5.91 7.23 8.10 7.37 5.62 5.62 7.23 5.40 5.04 5.69 5.69 5.69 8.83 14.31 12.12 8.40 10.29 10.51 9.93 10.15 13.80 17.52 18.69 12.85 8.76 5.40 3.50
14.24 6.79 0.00 12.05 25.11 30.59 31.32 28.76 22.60 14.53 15.77 13.21 11.68 7.96 1.83 2.04 0.88 0.00 0.00 0.00 4.31 0.00 0.00 1.39 5.18 10.22 14.31 16.06 17.08 15.40 14.31 15.18 15.11 14.60 14.09 12.63 11.97 19.86 20.54 16.43 11.61 14.75 18.18 18.18 20.66 22.63 23.21 25.11 21.61 12.99 7.37 3.21 2.34 3.14 3.72 4.67 5.62 6.13 6.79 7.52 7.15 3.80 2.99 3.50 3.65 3.21 2.92 3.29 3.29 4.60 4.89 4.38 3.65 4.82 6.35 7.30 6.50 6.35 7.66 9.56 9.20 7.45 4.02 1.61
