Wansh/Snow_depth/snowdepth-1984/winter/1985009.txt
ncols 321
nrows 161
xllcenter 60
yllcenter 15 
cellsize  0.25 
NODATA_value -1
[rows 0 to 36 of 161, columns 0 to 83 of 321]
9.56 9.56 13.72 15.48 16.35 16.79 16.72 17.67 19.71 19.86 19.71 21.75 21.83 22.34 22.48 23.36 22.19 22.56 22.56 22.41 23.29 25.19 24.53 24.16 22.41 24.16 24.16 23.07 24.38 23.36 22.05 22.34 23.65 25.33 26.28 25.33 23.80 23.14 24.24 23.65 21.24 20.37 19.93 20.00 18.61 17.59 16.79 14.97 11.97 12.19 12.78 12.78 12.48 13.72 15.99 17.08 16.94 17.23 17.37 16.79 14.53 13.43 12.70 11.75 11.32 10.88 12.56 14.02 12.05 12.99 12.12 15.33 17.30 15.91 21.17 21.75 21.75 21.61 20.51 21.02 21.39 20.29 20.08 18.76
13.80 13.80 13.94 17.01 19.05 18.69 16.43 18.61 18.69 19.42 17.67 18.91 19.71 20.44 20.51 20.37 20.37 20.81 20.81 21.17 22.85 25.04 23.51 20.59 21.75 22.27 22.27 24.24 23.58 23.80 22.70 21.68 21.46 24.31 25.48 24.09 23.00 25.11 22.78 21.68 20.15 17.89 16.50 15.84 16.06 16.28 14.31 14.60 15.40 15.04 16.94 16.94 18.83 17.16 16.79 17.37 18.83 18.40 19.20 17.89 15.99 15.84 13.72 12.12 13.07 11.24 10.29 10.59 11.46 11.90 15.33 16.50 17.52 19.71 21.61 22.19 22.19 21.90 20.73 20.51 20.00 19.42 18.47 16.64
16.28 16.28 15.70 17.30 19.42 20.73 17.16 16.35 15.84 14.67 14.16 14.02 15.62 16.86 17.96 18.69 17.81 18.76 18.76 19.49 21.10 19.71 18.10 18.40 18.54 20.81 20.81 19.05 21.90 24.45 22.34 20.08 21.61 22.05 22.34 22.12 21.39 20.51 17.81 16.57 17.37 16.94 14.45 11.68 12.70 14.38 14.75 14.89 15.84 14.97 15.40 15.40 15.99 15.99 15.70 16.64 17.81 17.74 17.59 17.01 17.37 16.72 15.55 13.94 13.43 12.78 12.70 13.87 14.38 16.13 16.57 17.23 19.27 20.66 21.61 22.34 22.34 20.29 18.40 17.45 16.79 16.21 16.21 15.18
16.28 16.28 15.70 17.30 19.42 20.73 17.16 16.35 15.84 14.67 14.16 14.02 15.62 16.86 17.96 18.69 17.81 18.76 18.76 19.49 21.10 19.71 18.10 18.40 18.54 20.81 20.81 19.05 21.90 24.45 22.34 20.08 21.61 22.05 22.34 22.12 21.39 20.51 17.81 16.57 17.37 16.94 14.45 11.68 12.70 14.38 14.75 14.89 15.84 14.97 15.40 15.40 15.99 15.99 15.70 16.64 17.81 17.74 17.59 17.01 17.37 16.72 15.55 13.94 13.43 12.78 12.70 13.87 14.38 16.13 16.57 17.23 19.27 20.66 21.61 22.34 22.34 20.29 18.40 17.45 16.79 16.21 16.21 15.18
17.30 17.30 15.77 16.35 18.32 14.38 14.67 14.60 13.14 12.70 12.56 12.70 13.65 14.67 14.24 14.45 14.97 15.40 16.50 17.01 16.86 15.33 14.75 14.75 15.99 17.01 17.01 18.83 18.25 18.32 21.53 22.48 21.97 22.05 22.12 19.05 17.08 14.45 13.72 15.26 16.64 15.26 14.24 12.63 13.43 14.24 14.09 12.63 12.99 13.07 12.26 12.26 12.63 12.85 13.51 15.04 15.48 16.35 17.45 18.54 19.27 18.91 17.59 16.86 15.77 16.50 16.43 15.11 14.60 14.38 14.53 16.79 16.43 17.59 19.13 19.71 19.71 18.10 18.03 14.97 15.40 15.26 15.40 14.60
13.07 13.07 12.26 13.72 13.58 13.94 12.56 13.43 13.21 12.78 12.26 12.70 13.36 9.93 10.15 11.46 11.75 10.88 11.97 12.19 11.90 11.83 11.17 11.97 13.07 12.85 12.85 13.65 13.21 13.29 17.16 20.08 20.66 20.66 18.47 15.99 14.02 13.07 13.21 12.41 12.92 14.67 15.99 15.77 15.40 13.87 12.99 12.63 13.14 15.48 13.72 13.72 12.34 11.75 13.51 16.43 15.77 15.84 16.57 17.59 17.74 19.13 20.22 19.35 18.25 16.79 14.09 15.04 14.16 13.65 15.26 16.13 14.75 16.13 16.64 17.52 17.52 19.20 18.40 18.10 17.67 19.05 20.73 19.71
12.92 12.92 11.90 12.70 13.87 14.38 14.53 14.09 11.46 12.26 11.68 9.64 8.61 7.88 7.59 9.64 10.00 9.56 9.71 8.69 8.76 10.29 8.10 8.83 10.73 11.90 11.90 11.24 10.07 12.78 15.33 17.30 18.18 17.96 17.67 17.37 14.82 11.68 15.11 14.24 14.38 14.82 15.70 16.06 15.70 14.97 15.04 14.97 16.79 16.94 16.13 16.13 14.16 13.36 16.43 16.43 15.11 16.64 17.89 18.47 17.37 16.94 18.10 18.69 17.45 16.86 16.13 15.55 15.26 14.89 15.26 16.57 16.72 17.52 17.81 18.83 18.83 20.37 19.93 18.69 19.86 20.37 20.37 18.69
12.92 12.92 11.90 12.70 13.87 14.38 14.53 14.09 11.46 12.26 11.68 9.64 8.61 7.88 7.59 9.64 10.00 9.56 9.71 8.69 8.76 10.29 8.10 8.83 10.73 11.90 11.90 11.24 10.07 12.78 15.33 17.30 18.18 17.96 17.67 17.37 14.82 11.68 15.11 14.24 14.38 14.82 15.70 16.06 15.70 14.97 15.04 14.97 16.79 16.94 16.13 16.13 14.16 13.36 16.43 16.43 15.11 16.64 17.89 18.47 17.37 16.94 18.10 18.69 17.45 16.86 16.13 15.55 15.26 14.89 15.26 16.57 16.72 17.52 17.81 18.83 18.83 20.37 19.93 18.69 19.86 20.37 20.37 18.69
14.31 14.31 12.19 11.68 12.12 9.49 9.20 9.05 9.05 9.27 9.93 9.20 7.96 8.10 9.20 9.64 9.27 7.66 7.37 7.45 7.37 8.03 7.30 7.08 7.45 9.42 9.42 9.34 9.34 11.39 11.02 10.22 12.63 12.19 14.45 14.31 14.82 15.18 15.40 13.43 11.39 11.61 13.21 14.24 15.18 15.11 14.09 15.26 16.06 16.50 16.50 16.50 14.60 13.87 14.89 17.67 18.91 18.61 18.03 17.96 17.74 15.99 13.80 15.70 15.04 15.55 16.21 16.57 16.57 14.38 15.48 15.55 13.43 13.80 14.97 14.24 14.24 11.24 10.88 14.38 16.06 15.33 16.50 15.91
13.29 13.29 13.43 10.29 10.29 9.20 8.76 9.13 9.34 9.20 9.20 10.37 10.59 9.71 8.47 6.57 6.50 7.15 7.15 7.96 6.57 7.15 7.74 7.59 7.15 7.59 7.59 7.74 8.47 9.64 10.15 10.15 12.26 13.65 13.72 13.80 14.67 15.77 15.84 14.09 13.43 12.34 10.80 12.92 13.07 13.58 13.94 14.16 13.21 15.55 15.11 15.11 14.45 13.58 13.72 14.60 16.64 15.33 15.62 16.86 16.13 16.13 16.35 16.28 15.99 15.26 15.77 16.72 12.56 12.05 13.14 14.24 13.51 11.83 12.48 10.80 10.80 8.69 9.27 12.48 13.94 14.97 15.55 15.33
10.73 10.73 10.80 10.66 10.00 9.05 8.61 7.37 8.47 10.59 11.02 11.24 9.34 8.32 7.96 7.45 7.30 7.37 6.94 6.35 6.13 8.18 8.98 8.61 8.32 9.93 9.93 11.46 10.95 7.37 9.71 9.56 10.07 12.26 13.07 13.72 13.87 14.31 14.82 14.24 13.72 12.63 12.70 13.36 13.58 13.21 11.61 10.80 12.48 13.80 13.43 13.43 14.82 15.18 15.33 14.67 14.67 13.72 14.45 14.09 13.94 15.48 14.24 14.16 14.82 13.87 12.92 10.51 11.97 14.24 14.75 14.45 13.72 11.83 12.05 13.07 13.07 13.43 12.70 14.02 15.62 16.50 18.83 14.82
10.73 10.73 10.80 10.66 10.00 9.05 8.61 7.37 8.47 10.59 11.02 11.24 9.34 8.32 7.96 7.45 7.30 7.37 6.94 6.35 6.13 8.18 8.98 8.61 8.32 9.93 9.93 11.46 10.95 7.37 9.71 9.56 10.07 12.26 13.07 13.72 13.87 14.31 14.82 14.24 13.72 12.63 12.70 13.36 13.58 13.21 11.61 10.80 12.48 13.80 13.43 13.43 14.82 15.18 15.33 14.67 14.67 13.72 14.45 14.09 13.94 15.48 14.24 14.16 14.82 13.87 12.92 10.51 11.97 14.24 14.75 14.45 13.72 11.83 12.05 13.07 13.07 13.43 12.70 14.02 15.62 16.50 18.83 14.82
10.95 10.95 11.02 10.66 9.86 11.32 11.68 11.39 11.61 11.46 12.19 13.21 11.10 10.73 9.49 8.69 9.34 11.53 11.83 9.42 14.82 11.61 14.67 13.21 12.63 12.26 12.26 14.53 13.58 12.41 11.39 12.41 12.48 12.48 12.99 16.86 16.64 18.54 16.13 16.94 18.10 17.16 17.96 18.47 16.94 16.28 15.84 15.04 13.14 13.43 14.60 14.60 14.09 12.34 10.80 9.34 9.27 10.29 9.56 8.76 8.32 7.66 7.15 8.69 11.75 14.53 6.64 7.66 10.73 14.75 16.79 15.99 15.04 13.87 12.26 11.90 11.90 11.83 12.12 14.82 17.89 16.06 15.33 12.99
12.63 12.63 12.41 11.32 11.39 10.59 10.51 12.92 14.09 14.60 15.70 15.48 14.45 13.94 13.58 13.58 13.21 12.99 13.87 13.58 16.86 16.57 15.91 15.11 12.56 10.73 10.73 8.91 8.40 8.40 8.25 8.54 5.84 8.47 9.49 12.63 12.78 13.87 12.05 12.26 12.56 11.75 13.07 13.65 13.07 12.78 12.78 12.34 10.95 11.68 12.99 12.99 11.39 9.56 10.29 11.97 12.70 12.05 10.51 9.56 8.47 5.77 3.80 4.82 5.91 7.08 7.81 7.45 8.61 11.02 13.65 14.82 16.13 15.84 15.18 13.87 13.87 13.72 14.31 15.70 16.94 13.58 12.12 13.72
12.12 12.12 12.85 12.56 11.97 11.97 13.14 14.31 14.60 14.97 15.84 16.06 15.84 15.33 14.75 16.13 13.87 12.56 14.31 15.18 16.57 14.97 15.70 14.97 12.85 11.83 11.83 11.10 9.56 11.61 12.41 11.46 11.39 10.51 10.95 12.19 11.75 9.64 9.56 10.73 11.39 11.61 12.63 11.83 12.05 11.53 11.02 11.68 11.32 11.17 12.85 12.85 10.59 8.10 9.42 12.92 13.58 11.24 10.44 9.86 9.13 7.01 5.26 6.28 6.57 5.04 5.99 6.86 7.01 8.10 10.66 12.99 14.60 16.79 17.08 15.70 15.70 13.80 12.12 12.05 12.63 13.43 13.65 12.78
12.56 12.56 11.97 11.97 12.19 13.43 15.33 18.54 19.27 17.08 16.50 16.50 15.99 15.11 12.41 12.56 11.32 10.95 13.43 11.90 13.43 13.87 14.31 14.24 12.19 13.14 13.14 12.85 13.14 12.78 12.78 12.19 13.51 14.45 12.12 10.44 11.24 9.86 8.91 9.13 8.69 9.20 11.97 12.85 12.92 12.56 12.41 12.63 13.21 13.21 12.99 12.99 13.72 14.24 14.38 13.43 11.75 11.68 12.48 12.12 11.39 6.64 5.69 5.99 5.40 7.37 7.96 7.66 7.30 7.15 8.03 9.86 14.09 16.06 16.79 19.13 19.13 18.40 15.11 13.14 12.56 12.78 13.43 8.98
12.56 12.56 11.97 11.97 12.19 13.43 15.33 18.54 19.27 17.08 16.50 16.50 15.99 15.11 12.41 12.56 11.32 10.95 13.43 11.90 13.43 13.87 14.31 14.24 12.19 13.14 13.14 12.85 13.14 12.78 12.78 12.19 13.51 14.45 12.12 10.44 11.24 9.86 8.91 9.13 8.69 9.20 11.97 12.85 12.92 12.56 12.41 12.63 13.21 13.21 12.99 12.99 13.72 14.24 14.38 13.43 11.75 11.68 12.48 12.12 11.39 6.64 5.69 5.99 5.40 7.37 7.96 7.66 7.30 7.15 8.03 9.86 14.09 16.06 16.79 19.13 19.13 18.40 15.11 13.14 12.56 12.78 13.43 8.98
11.61 11.61 12.63 12.41 13.58 12.70 12.78 13.43 14.38 15.62 16.06 16.06 15.26 15.84 16.28 14.38 11.61 10.51 10.73 10.59 10.80 12.92 12.26 14.38 13.43 12.34 12.34 11.10 10.95 10.95 12.05 12.78 14.31 14.24 13.07 13.14 12.70 12.70 13.87 14.31 13.29 12.92 13.14 12.63 12.70 13.21 14.09 13.58 13.29 13.80 15.11 15.11 15.04 15.33 13.94 11.53 10.66 11.75 13.29 11.53 10.29 9.05 6.79 4.82 4.60 5.48 6.28 7.88 8.25 5.04 4.16 0.00 7.23 10.80 13.94 15.91 15.91 16.06 14.38 12.19 12.41 14.02 13.21 10.95
9.56 9.56 8.98 8.98 8.76 8.91 8.47 10.66 10.15 10.37 11.53 11.53 10.66 12.12 13.51 12.56 10.44 8.76 8.40 9.20 8.40 9.27 7.81 9.42 9.20 10.29 10.29 10.29 11.32 10.80 9.42 9.64 10.59 11.68 8.25 9.64 8.54 8.76 10.29 11.32 10.00 10.22 11.39 12.34 12.56 14.31 16.72 16.13 14.82 13.65 15.26 15.26 15.48 14.02 13.21 11.46 9.86 10.07 10.29 11.24 11.75 11.02 10.51 7.01 6.06 2.70 4.53 6.50 0.00 5.84 6.57 5.99 6.06 7.08 10.44 11.39 11.39 9.34 8.83 9.78 11.02 13.80 12.34 12.41
3.29 3.29 4.53 6.35 6.50 7.30 9.34 9.93 10.15 10.37 9.56 12.05 13.14 11.97 11.02 10.44 9.64 7.15 6.86 6.13 7.01 7.30 7.23 7.37 6.57 7.96 7.96 11.10 13.58 11.83 10.07 7.74 5.77 5.04 4.60 2.19 3.94 5.99 6.94 6.72 8.69 11.10 13.65 15.11 15.48 16.06 15.91 14.82 15.18 14.97 14.45 14.45 13.65 13.36 14.45 15.84 15.91 15.18 14.60 14.97 13.36 12.56 14.09 12.34 9.34 7.01 6.79 6.86 7.37 6.28 5.69 6.64 5.62 0.00 5.40 6.50 6.50 7.74 7.96 8.54 8.98 10.29 11.17 10.73
5.48 5.48 6.86 8.10 8.83 8.69 9.20 10.37 10.59 11.32 12.41 13.51 13.58 10.88 8.91 6.94 5.77 7.01 5.77 4.16 6.13 6.79 7.23 6.28 6.94 6.86 6.86 8.32 9.13 9.05 8.69 8.32 5.84 4.02 4.45 4.60 5.33 6.06 6.13 4.53 5.62 6.79 7.23 11.02 12.63 12.70 12.63 13.72 13.51 12.41 11.02 11.02 9.42 11.24 14.16 14.31 15.40 16.94 16.64 16.94 16.57 13.87 15.33 12.26 8.54 6.94 8.61 10.66 10.37 7.37 5.77 6.94 0.00 5.48 4.89 2.56 2.56 4.16 8.54 11.10 11.61 11.75 11.61 9.27
7.96 7.96 8.10 9.13 9.13 9.05 9.13 9.86 11.10 11.24 7.59 6.50 6.20 5.18 4.89 5.33 4.74 7.08 7.08 6.94 7.01 7.15 6.72 6.94 7.88 9.34 9.34 9.20 8.76 8.76 8.32 8.47 7.01 5.77 6.86 6.94 6.57 6.28 3.65 4.31 5.48 5.99 6.20 6.20 6.94 7.59 8.69 10.29 9.86 7.88 7.52 7.52 9.05 11.68 13.21 14.16 13.87 13.29 12.92 14.38 10.51 9.20 9.27 10.15 9.34 8.47 9.64 11.10 10.66 8.10 6.28 6.79 6.50 5.48 4.74 4.38 4.38 6.28 9.78 11.17 10.29 10.51 9.86 8.69
7.96 7.96 8.10 9.13 9.13 9.05 9.13 9.86 11.10 11.24 7.59 6.50 6.20 5.18 4.89 5.33 4.74 7.08 7.08 6.94 7.01 7.15 6.72 6.94 7.88 9.34 9.34 9.20 8.76 8.76 8.32 8.47 7.01 5.77 6.86 6.94 6.57 6.28 3.65 4.31 5.48 5.99 6.20 6.20 6.94 7.59 8.69 10.29 9.86 7.88 7.52 7.52 9.05 11.68 13.21 14.16 13.87 13.29 12.92 14.38 10.51 9.20 9.27 10.15 9.34 8.47 9.64 11.10 10.66 8.10 6.28 6.79 6.50 5.48 4.74 4.38 4.38 6.28 9.78 11.17 10.29 10.51 9.86 8.69
8.47 8.47 8.54 8.03 8.83 8.98 8.40 6.64 6.50 5.99 5.84 5.55 5.26 4.16 4.02 4.16 7.01 7.96 6.72 7.52 8.54 9.64 8.47 9.34 9.34 8.25 8.25 8.18 9.49 12.78 13.07 11.75 6.72 5.55 6.50 7.66 7.37 6.86 6.42 6.35 8.18 7.74 6.57 5.99 5.84 6.35 6.72 7.15 8.47 10.51 10.59 10.59 11.61 15.91 15.77 13.94 12.05 12.12 12.05 11.02 9.93 9.42 9.20 8.91 9.93 11.10 11.68 8.61 7.59 6.35 4.60 5.99 5.77 5.26 6.06 4.89 4.89 7.08 7.08 7.52 8.76 8.91 9.20 9.71
8.76 8.76 8.25 8.10 7.59 7.66 7.01 5.04 4.09 3.80 4.60 4.38 4.96 5.04 4.31 3.72 0.00 6.64 8.69 7.81 8.25 8.61 7.88 7.37 7.52 7.45 7.45 8.69 11.53 12.92 11.68 9.42 7.37 7.15 8.54 9.20 9.34 8.10 7.88 8.47 8.69 8.40 8.47 8.76 9.56 8.10 8.03 9.78 13.14 14.53 13.07 13.07 12.92 15.77 15.40 14.31 13.51 12.26 11.53 14.67 13.07 14.09 13.80 11.61 10.66 12.19 14.45 16.28 12.12 8.83 7.45 7.52 8.83 7.74 6.57 4.89 4.89 5.04 5.26 5.91 6.57 7.37 7.66 7.74
5.91 5.91 5.91 5.69 4.16 4.38 6.13 5.40 4.45 3.80 3.21 2.85 3.07 3.80 3.80 4.45 5.91 0.00 8.40 7.52 8.18 6.64 6.50 8.10 7.08 6.64 6.64 7.52 11.17 10.29 9.27 7.66 8.10 9.13 8.76 9.20 9.49 9.49 9.34 9.27 8.83 8.76 9.27 8.76 8.10 7.66 7.88 9.34 10.66 12.48 13.65 13.65 14.09 16.57 16.13 14.60 14.09 15.11 16.13 17.08 17.67 17.01 14.97 13.43 12.85 13.58 14.53 15.70 14.97 11.90 10.44 12.05 15.40 14.82 13.72 9.86 9.86 6.06 4.38 5.26 6.72 8.40 9.05 10.15
4.23 4.23 3.21 3.58 4.09 4.09 4.02 3.72 2.85 2.63 1.83 2.34 0.00 0.00 0.00 0.00 0.00 0.00 0.00 7.37 7.15 5.77 4.67 5.77 5.11 7.01 7.01 10.15 10.66 9.13 7.74 8.47 9.27 9.71 9.05 9.56 11.17 11.75 11.68 11.10 10.29 9.34 8.40 8.03 6.72 6.57 6.57 7.88 8.47 11.75 13.94 13.94 12.70 14.53 14.97 14.45 14.45 15.40 15.77 14.38 15.33 14.09 13.58 14.45 15.04 11.53 12.34 13.07 10.22 9.64 11.17 13.80 14.53 14.09 13.51 12.78 12.78 11.61 8.69 6.28 7.45 9.34 10.88 12.70
3.72 3.72 3.58 3.07 2.70 0.00 0.00 0.00 0.00 0.00 0.00 0.00 0.00 0.00 0.00 0.00 0.00 0.00 0.00 0.00 0.00 0.00 5.69 0.00 4.02 9.42 9.42 10.29 7.37 6.50 6.86 7.81 7.96 8.98 8.91 8.40 9.56 10.07 11.61 9.78 8.40 7.66 8.32 8.76 7.88 7.30 7.59 8.98 11.02 13.87 14.75 14.75 10.37 9.93 12.56 14.45 15.33 15.33 14.67 12.34 11.68 11.46 11.17 10.29 9.93 11.53 14.09 14.38 13.94 11.32 9.49 10.59 12.12 16.13 16.06 16.28 16.28 15.18 12.92 11.75 12.85 12.63 12.70 12.70
3.72 3.72 3.58 3.07 2.70 0.00 0.00 0.00 0.00 0.00 0.00 0.00 0.00 0.00 0.00 0.00 0.00 0.00 0.00 0.00 0.00 0.00 5.69 0.00 4.02 9.42 9.42 10.29 7.37 6.50 6.86 7.81 7.96 8.98 8.91 8.40 9.56 10.07 11.61 9.78 8.40 7.66 8.32 8.76 7.88 7.30 7.59 8.98 11.02 13.87 14.75 14.75 10.37 9.93 12.56 14.45 15.33 15.33 14.67 12.34 11.68 11.46 11.17 10.29 9.93 11.53 14.09 14.38 13.94 11.32 9.49 10.59 12.12 16.13 16.06 16.28 16.28 15.18 12.92 11.75 12.85 12.63 12.70 12.70
0.00 0.00 0.00 0.00 0.00 0.73 0.00 0.00 0.00 0.00 0.00 0.00 0.00 0.00 0.00 0.00 0.00 0.00 0.00 0.00 0.00 0.00 0.00 0.00 4.89 7.52 7.52 7.52 5.99 6.06 5.40 4.38 5.55 6.64 0.00 5.62 6.42 5.91 5.48 6.86 6.79 6.86 7.96 7.08 7.08 7.30 10.73 12.70 14.60 16.50 12.99 12.99 11.53 12.34 12.99 13.51 13.29 13.43 15.18 14.45 10.37 8.69 5.91 5.62 6.42 8.10 9.93 10.51 11.46 12.70 11.24 9.64 9.49 10.44 12.48 14.31 14.31 16.57 17.01 16.43 16.21 15.33 14.24 13.36
0.00 0.00 0.00 0.00 0.00 1.24 0.00 0.00 0.00 0.00 0.00 0.00 0.00 0.00 0.00 0.00 0.00 0.00 0.00 0.00 0.00 0.00 0.00 0.00 2.99 4.38 4.38 4.74 5.62 6.28 5.11 0.00 3.36 3.21 0.00 0.00 5.69 0.00 0.00 0.00 5.77 5.48 8.18 8.98 10.22 11.97 14.24 15.77 16.43 18.98 17.59 17.59 16.94 15.18 13.94 13.72 6.50 7.23 9.27 9.49 8.18 6.13 3.87 4.89 5.55 6.64 7.74 10.00 10.29 10.88 10.59 8.76 8.03 6.42 9.13 10.29 10.29 13.14 15.62 16.72 16.06 15.33 14.09 12.85
0.00 0.00 0.00 0.00 0.00 0.00 0.00 0.00 0.00 0.00 0.00 0.00 0.00 0.00 0.00 0.00 0.00 0.00 0.00 0.00 0.00 0.00 0.00 0.00 0.00 3.36 3.36 3.65 4.16 4.67 0.00 0.00 0.00 0.00 0.00 0.00 0.00 4.45 4.67 4.60 0.00 4.45 4.96 5.33 6.06 10.80 13.51 13.72 13.07 13.21 15.55 15.55 15.91 9.56 8.98 3.36 0.00 0.00 3.72 0.00 5.84 6.06 4.89 5.84 0.00 5.99 6.64 7.74 10.29 12.41 12.48 12.12 12.34 10.73 7.37 5.33 5.33 6.72 10.51 13.65 14.24 15.55 15.62 15.99
0.00 0.00 0.00 0.00 0.00 0.00 0.00 0.00 0.00 0.00 0.00 0.00 0.00 0.00 0.00 0.00 0.00 0.00 0.00 0.00 0.00 0.00 0.00 0.00 0.00 0.00 0.00 4.31 0.00 4.23 3.80 3.14 0.00 0.00 0.00 0.00 0.00 2.92 3.50 3.87 0.00 0.00 0.00 2.63 3.43 4.09 4.45 5.91 6.06 5.77 8.47 8.47 5.40 0.00 0.00 2.77 0.00 0.00 0.00 0.00 4.38 5.48 4.82 4.82 4.82 5.18 6.42 7.30 8.83 9.34 9.86 11.46 13.36 11.83 7.45 3.36 3.36 0.00 0.00 6.06 10.29 14.38 17.59 21.83
0.00 0.00 0.00 0.00 0.00 0.00 0.00 0.00 0.00 0.00 0.00 0.00 0.00 0.00 0.00 0.00 0.00 0.00 0.00 0.00 0.00 0.00 0.00 0.00 0.00 0.00 0.00 0.00 0.00 3.21 3.07 0.00 0.00 0.00 0.00 0.00 0.00 0.00 3.50 3.50 0.00 2.85 3.58 0.00 0.00 2.92 2.41 3.29 0.00 3.14 0.00 0.00 0.00 0.00 0.00 0.00 0.00 0.00 0.00 0.00 0.00 0.00 0.00 0.00 0.00 0.00 0.00 4.02 4.38 0.00 2.63 1.75 2.04 0.00 0.00 0.00 0.00 3.87 5.26 6.20 6.35 8.40 9.93 13.87
0.00 0.00 0.00 0.00 0.00 0.00 0.00 0.00 0.00 0.00 0.00 0.00 0.00 0.00 0.00 0.00 0.00 0.00 0.00 0.00 0.00 0.00 0.00 0.00 0.00 3.50 3.50 0.00 0.00 0.00 0.00 0.00 0.00 0.00 0.00 0.00 0.00 2.34 0.00 0.00 2.04 0.00 0.00 0.00 0.00 2.99 4.31 4.38 3.07 4.31 3.50 3.50 0.00 1.24 0.00 0.00 0.00 0.00 0.00 0.00 0.00 0.00 0.00 0.00 0.00 0.00 0.00 0.00 3.80 0.00 0.00 0.00 0.00 0.00 0.00 0.00 0.00 5.99 8.61 9.05 9.05 6.86 4.96 4.89
0.00 0.00 0.00 0.00 0.00 0.00 0.00 0.00 0.00 0.00 0.00 0.00 0.00 0.00 0.00 0.00 0.00 0.00 0.00 0.00 0.00 0.00 0.00 0.00 0.00 3.50 3.50 0.00 0.00 0.00 0.00 0.00 0.00 0.00 0.00 0.00 0.00 2.34 0.00 0.00 2.04 0.00 0.00 0.00 0.00 2.99 4.31 4.38 3.07 4.31 3.50 3.50 0.00 1.24 0.00 0.00 0.00 0.00 0.00 0.00 0.00 0.00 0.00 0.00 0.00 0.00 0.00 0.00 3.80 0.00 0.00 0.00 0.00 0.00 0.00 0.00 0.00 5.99 8.61 9.05 9.05 6.86 4.96 4.89
0.00 0.00 0.00 0.00 0.00 0.00 0.00 0.00 0.00 0.00 0.00 0.00 0.00 0.00 0.00 0.00 0.00 0.00 0.00 0.00 0.00 0.00 0.00 0.00 0.00 0.00 0.00 0.00 0.00 0.00 0.00 0.00 0.00 0.00 0.00 0.00 0.00 0.00 0.00 1.90 0.00 0.00 0.00 0.00 0.00 0.00 1.90 1.68 2.63 0.00 0.00 0.00 0.00 0.00 0.00 0.00 0.00 0.00 0.00 0.00 0.00 0.00 7.37 0.00 6.42 0.00 7.23 5.55 5.40 5.62 4.67 0.00 0.00 3.21 3.36 4.02 4.02 7.08 6.72 6.42 6.35 7.15 7.96 7.88
