Wansh/Snow_depth/snowdepth-1984/winter/1985058.txt
ncols 321
nrows 161
xllcenter 60
yllcenter 15 
cellsize  0.25 
NODATA_value -1
[rows 0 to 36 of 161, columns 168 to 251 of 321]
11.32 10.44 9.56 10.07 10.80 11.02 9.71 9.49 9.34 9.34 9.34 9.86 10.22 8.98 8.61 9.86 12.56 15.26 16.72 16.72 15.04 14.38 15.40 16.21 15.18 11.75 9.71 3.94 0.00 0.00 6.42 14.02 19.13 20.88 20.29 20.29 20.22 21.53 24.75 25.55 27.38 29.05 30.66 32.49 35.41 39.71 38.33 35.70 31.83 26.43 22.56 22.63 24.09 24.67 25.84 31.39 36.35 36.14 33.22 31.90 31.90 31.24 32.70 35.19 38.18 40.15 39.71 38.33 32.19 28.84 27.38 28.40 28.03 25.99 25.11 24.09 23.94 24.45 23.87 23.36 20.66 18.25 17.96 18.47
12.41 10.66 10.07 10.95 9.93 9.13 9.42 10.44 9.93 9.93 10.59 10.00 11.32 10.51 10.37 9.34 10.07 13.43 14.97 15.33 14.24 11.97 13.29 14.02 11.02 6.20 0.00 0.00 0.00 0.00 8.03 16.06 18.25 18.25 17.45 17.45 15.91 17.96 26.94 32.19 33.43 34.02 35.99 39.93 38.98 34.75 34.82 29.93 28.18 25.84 23.80 23.51 23.80 25.62 28.03 31.90 36.06 36.94 35.33 32.41 32.41 31.97 34.60 36.87 39.20 39.78 35.26 33.58 30.66 29.86 29.93 28.91 28.47 26.43 23.73 23.94 23.87 23.36 21.90 19.71 18.76 17.59 15.70 13.58
16.06 13.51 13.07 13.21 11.61 8.83 8.32 8.98 9.93 9.93 9.71 7.96 7.23 7.52 8.25 10.44 10.95 11.10 12.19 12.78 12.56 13.07 14.38 14.82 9.27 0.00 0.00 0.00 0.00 2.26 9.78 16.79 15.91 16.43 17.08 17.08 18.91 26.86 32.92 35.70 36.06 36.21 32.49 29.86 28.54 23.00 22.70 22.27 21.02 22.19 24.75 28.69 28.03 29.35 30.15 28.54 28.11 29.27 32.49 32.34 32.34 30.15 30.95 32.56 33.94 38.54 31.03 30.66 30.15 29.42 28.62 27.74 24.31 24.24 23.65 23.29 23.00 23.21 21.46 20.15 18.61 17.52 17.08 15.91
16.06 13.51 13.07 13.21 11.61 8.83 8.32 8.98 9.93 9.93 9.71 7.96 7.23 7.52 8.25 10.44 10.95 11.10 12.19 12.78 12.56 13.07 14.38 14.82 9.27 0.00 0.00 0.00 0.00 2.26 9.78 16.79 15.91 16.43 17.08 17.08 18.91 26.86 32.92 35.70 36.06 36.21 32.49 29.86 28.54 23.00 22.70 22.27 21.02 22.19 24.75 28.69 28.03 29.35 30.15 28.54 28.11 29.27 32.49 32.34 32.34 30.15 30.95 32.56 33.94 38.54 31.03 30.66 30.15 29.42 28.62 27.74 24.31 24.24 23.65 23.29 23.00 23.21 21.46 20.15 18.61 17.52 17.08 15.91
18.32 16.72 14.24 12.92 12.48 9.78 7.52 6.57 9.05 9.05 9.78 9.93 9.78 10.66 11.83 12.48 11.83 11.24 10.59 11.90 12.85 12.99 11.61 10.73 0.00 0.00 0.00 0.00 0.00 6.72 12.70 14.24 14.97 17.01 19.49 19.49 24.02 27.67 31.61 30.15 29.35 27.45 26.06 21.46 17.81 17.59 18.83 17.52 19.64 20.59 20.81 21.97 24.60 26.50 26.06 25.04 25.40 26.94 30.08 30.30 30.30 30.73 31.17 31.97 31.61 30.44 30.08 30.15 28.84 26.43 26.28 25.26 24.53 22.85 20.29 19.86 19.71 19.86 20.37 20.95 19.71 18.91 18.18 18.98
19.49 18.76 17.45 14.97 14.53 12.41 10.15 9.49 10.95 10.95 10.80 12.85 11.75 10.51 10.22 10.22 11.68 11.10 9.27 8.03 9.56 7.45 0.00 0.00 0.00 0.00 0.00 2.99 6.79 11.46 14.16 12.92 14.82 17.96 21.83 21.83 24.89 23.21 19.64 19.27 20.08 21.68 23.65 21.75 21.02 20.81 21.90 20.51 20.81 22.12 24.67 25.77 24.75 23.00 23.21 24.09 23.87 23.36 25.19 27.01 27.01 29.93 32.70 33.51 28.25 25.77 24.31 23.94 23.58 23.73 24.60 24.31 23.00 21.61 19.56 18.61 18.91 19.13 19.86 19.42 18.40 16.50 16.64 18.18
21.75 20.95 19.93 18.83 16.86 16.21 15.91 15.04 13.07 13.07 11.90 12.78 12.41 13.51 11.83 11.53 10.59 10.00 8.98 6.79 3.72 0.00 0.00 0.00 0.00 0.00 0.00 8.10 11.90 14.67 16.06 16.94 20.15 24.16 26.43 26.43 26.43 24.02 21.39 21.53 21.61 20.08 19.49 18.98 18.40 20.00 21.53 22.78 24.09 23.51 23.00 20.95 20.29 22.56 24.45 20.95 19.35 21.39 23.73 24.24 24.24 25.26 31.54 26.21 23.58 22.63 23.29 22.85 21.75 20.59 18.40 18.25 18.25 18.25 17.01 16.50 16.13 16.57 16.72 18.71 19.06 18.39 19.12 19.79
21.75 20.95 19.93 18.83 16.86 16.21 15.91 15.04 13.07 13.07 11.90 12.78 12.41 13.51 11.83 11.53 10.59 10.00 8.98 6.79 3.72 0.00 0.00 0.00 0.00 0.00 0.00 8.10 11.90 14.67 16.06 16.94 20.15 24.16 26.43 26.43 26.43 24.02 21.39 21.53 21.61 20.08 19.49 18.98 18.40 20.00 21.53 22.78 24.09 23.51 23.00 20.95 20.29 22.56 24.45 20.95 19.35 21.39 23.73 24.24 24.24 25.26 31.54 26.21 23.58 22.63 23.29 22.85 21.75 20.59 18.40 18.25 18.25 18.25 17.01 19.07 22.25 23.84 22.90 31.78 31.48 24.48 24.61 20.53
20.51 20.08 19.71 19.64 18.47 17.89 17.52 17.52 15.99 15.99 14.53 14.16 15.18 15.62 13.87 11.39 9.27 8.54 5.55 0.00 0.00 0.00 0.00 0.00 0.00 2.04 7.08 10.00 13.43 13.72 15.04 17.37 21.39 25.62 30.59 30.59 30.30 26.79 25.04 23.87 23.80 23.29 23.36 25.55 24.75 22.78 22.34 25.11 29.05 28.69 24.82 21.53 20.81 18.91 17.45 17.08 18.10 19.78 19.20 21.68 21.68 23.51 22.63 23.21 24.09 23.36 21.97 21.02 20.22 19.86 20.81 19.86 16.72 17.23 22.32 26.30 27.52 23.45 21.48 27.43 25.18 22.30 23.03 23.54
19.56 21.90 22.12 21.17 17.96 17.30 16.79 18.03 18.76 18.76 18.54 18.03 15.91 14.53 10.88 7.45 3.07 0.00 0.00 0.00 0.00 0.00 0.00 0.00 7.45 10.51 12.85 13.51 17.67 17.01 16.79 18.61 21.32 23.65 26.79 26.79 27.67 26.35 25.48 24.45 24.75 25.92 26.06 25.99 26.21 25.26 24.97 25.19 25.92 25.92 23.65 20.29 18.54 15.70 15.55 16.86 19.05 18.76 18.18 19.56 19.56 23.21 24.82 24.09 23.43 22.56 21.75 21.90 19.27 21.02 20.81 18.54 17.33 20.99 23.57 26.17 29.94 30.78 33.14 29.79 25.81 28.32 30.49 31.67
15.18 15.48 18.25 21.17 22.12 22.70 22.63 22.70 23.07 23.07 20.00 16.86 13.72 10.66 5.77 0.00 0.00 0.00 0.00 0.00 0.00 2.99 2.48 13.43 15.04 15.84 15.70 15.62 17.59 19.05 19.86 21.75 22.78 22.85 23.80 23.80 24.67 25.40 26.35 29.86 29.20 29.05 27.52 25.77 24.82 21.53 19.35 18.91 20.00 22.78 20.22 17.52 17.67 19.93 21.24 22.19 25.04 23.21 20.59 24.09 24.09 23.73 23.07 23.00 23.00 20.29 18.03 18.61 19.05 18.83 18.40 17.01 16.25 16.60 17.46 24.50 32.40 33.99 26.26 28.35 29.52 32.99 29.20 29.41
15.18 15.48 18.25 21.17 22.12 22.70 22.63 22.70 23.07 23.07 20.00 16.86 13.72 10.66 5.77 0.00 0.00 0.00 0.00 0.00 0.00 2.99 2.48 13.43 15.04 15.84 15.70 15.62 17.59 19.05 19.86 21.75 22.78 22.85 23.80 23.80 24.67 25.40 26.35 29.86 29.20 29.05 27.52 25.77 24.82 21.53 19.35 18.91 20.00 22.78 20.22 17.52 17.67 19.93 21.24 22.19 25.04 23.21 20.59 24.09 24.09 23.73 23.07 23.00 23.00 20.29 18.03 18.61 19.05 18.83 18.40 17.01 15.84 16.35 16.94 22.75 28.88 31.47 28.01 29.42 29.52 32.27 32.08 31.46
18.10 15.62 14.67 14.75 16.86 18.25 18.32 18.25 15.18 15.18 12.34 8.25 4.96 0.00 0.00 0.00 0.00 9.64 14.09 12.48 10.59 9.34 12.85 14.16 14.67 15.26 17.23 18.83 18.91 19.64 20.22 21.24 22.92 25.55 24.38 24.38 22.78 23.00 24.31 27.30 28.03 27.30 25.33 23.87 20.51 17.45 16.57 17.52 18.25 20.66 20.29 19.56 21.53 23.36 24.67 26.79 26.06 27.81 24.67 22.92 22.92 19.71 19.56 20.00 21.61 20.81 20.22 21.24 21.75 20.81 19.78 19.27 19.42 19.20 18.87 21.56 22.99 23.17 23.98 27.35 29.10 31.35 31.56 30.13
16.06 15.99 15.11 14.16 13.80 12.34 11.10 8.47 4.09 4.09 0.00 0.00 0.00 0.00 0.00 0.00 3.43 6.94 8.83 12.92 12.92 16.86 16.43 15.70 15.70 18.10 20.37 21.53 21.83 22.85 21.83 21.10 20.95 20.66 21.17 21.17 21.39 21.90 21.83 23.07 24.89 25.26 24.60 20.66 18.76 17.89 18.91 19.49 19.27 18.69 17.74 16.79 17.59 19.27 19.49 21.24 21.17 25.77 20.73 21.75 21.75 21.53 21.75 22.56 24.02 24.38 24.45 22.56 22.12 22.48 21.61 20.59 22.12 20.46 22.96 22.70 18.94 23.08 28.64 24.91 31.24 29.58 28.80 30.61
21.83 21.90 21.24 19.93 18.91 16.13 12.63 8.91 5.91 5.91 2.26 1.90 3.21 3.50 3.36 5.99 8.69 10.59 13.14 15.48 15.91 17.52 17.30 17.01 17.52 18.32 19.35 20.00 20.66 18.47 19.64 19.13 18.54 18.61 19.35 19.35 19.56 20.00 20.08 20.37 19.93 18.76 16.72 17.08 17.96 18.54 18.25 18.61 17.52 16.50 15.04 14.31 14.82 15.70 16.57 17.74 17.74 17.89 20.73 20.51 20.51 22.41 21.17 22.19 21.10 21.17 23.14 22.34 18.98 21.46 20.81 19.49 18.76 23.16 21.95 20.57 23.51 29.31 25.95 27.52 28.22 28.44 29.20 24.83
26.57 24.75 21.61 22.70 20.95 19.71 19.05 15.84 14.09 14.09 12.92 13.72 12.85 12.12 9.20 8.54 8.54 7.08 11.32 16.94 16.79 16.35 16.43 18.03 19.13 17.52 16.43 15.84 16.28 17.16 16.50 16.13 17.23 16.79 17.37 17.37 16.86 16.21 14.67 14.24 14.53 15.48 17.16 18.69 17.59 16.72 16.21 17.89 16.72 16.79 16.13 15.33 15.26 12.48 12.78 15.62 15.84 17.89 19.64 18.83 18.83 18.91 18.61 19.05 15.77 15.04 13.51 11.61 13.65 17.89 20.66 21.30 20.74 18.59 22.90 23.00 25.71 24.27 24.93 28.11 29.80 31.04 27.14 24.46
26.57 24.75 21.61 22.70 20.95 19.71 19.05 15.84 14.09 14.09 12.92 13.72 12.85 12.12 9.20 8.54 8.54 7.08 11.32 16.94 16.79 16.35 16.43 18.03 19.13 17.52 16.43 15.84 16.28 17.16 16.50 16.13 17.23 16.79 17.37 17.37 16.86 16.21 14.67 14.24 14.53 15.48 17.16 18.69 17.59 16.72 16.21 17.89 16.72 16.79 16.13 15.33 15.26 12.48 12.78 15.62 15.84 17.89 19.64 18.83 18.83 18.91 18.61 19.05 15.77 15.04 13.51 11.61 13.65 17.89 20.66 26.15 19.44 20.21 20.56 28.46 26.09 26.84 25.43 25.35 28.81 26.69 29.52 27.77
20.95 20.88 18.40 16.35 16.28 14.53 15.77 17.01 18.40 18.40 18.69 17.81 14.24 10.44 9.20 9.78 7.66 8.61 9.78 14.53 15.11 15.26 15.18 16.57 18.10 17.59 16.35 15.26 15.84 17.81 17.23 16.21 16.57 17.08 18.69 18.69 18.91 15.18 13.51 14.16 16.64 19.78 20.73 17.16 14.67 13.65 13.14 12.63 11.97 11.90 12.05 12.41 10.00 8.03 7.96 10.15 11.10 13.43 13.36 10.07 10.07 10.07 11.68 10.29 8.83 7.23 6.50 6.86 8.83 13.51 20.12 19.94 20.39 17.72 20.25 26.79 27.92 22.14 20.27 25.23 22.99 25.00 25.07 23.40
19.71 23.07 22.85 19.49 17.37 15.91 14.97 13.72 12.78 12.78 13.21 13.14 13.51 14.82 15.33 14.38 13.87 12.26 17.74 17.81 17.89 17.59 16.79 15.62 15.40 15.04 13.94 14.60 15.18 16.79 14.67 14.53 14.89 16.50 17.16 17.16 17.30 16.21 16.86 16.50 15.99 16.79 15.84 13.36 11.24 10.07 8.83 7.08 5.84 6.42 6.79 8.03 7.66 6.35 4.53 9.20 9.78 10.44 10.73 9.27 9.27 7.08 4.74 5.18 5.11 4.82 5.26 7.15 9.34 13.06 18.07 20.35 19.24 18.72 21.33 23.53 22.67 24.01 0.00 0.00 0.00 0.00 19.24 21.80
15.40 17.30 19.27 19.71 18.10 16.57 15.26 15.26 15.77 15.77 15.91 16.57 18.69 18.76 19.05 17.67 14.31 15.11 20.81 23.36 23.94 23.14 21.02 18.54 16.35 15.18 14.82 15.33 15.84 15.99 17.59 19.20 19.56 18.40 16.86 16.86 17.16 17.37 18.18 18.03 17.67 15.26 12.85 10.37 8.47 7.81 7.96 8.69 5.99 5.69 5.04 5.11 6.86 6.35 7.37 8.18 8.91 12.48 12.99 8.98 8.98 7.52 5.33 4.60 4.89 5.26 5.62 6.20 5.69 5.11 8.18 16.79 21.68 24.53 26.28 25.61 24.60 27.15 29.44 6.41 0.00 0.00 10.54 19.64
13.80 15.11 15.04 13.51 12.92 13.58 13.07 13.58 15.40 15.40 16.13 18.98 20.08 19.35 18.47 17.08 16.43 20.66 22.78 25.62 28.11 30.15 24.24 17.30 14.97 16.13 14.31 13.21 15.11 17.89 20.51 20.22 19.13 18.91 19.13 19.13 18.69 16.28 13.87 12.41 12.05 9.20 6.42 6.50 7.45 7.15 7.15 7.59 7.01 6.94 5.55 5.55 6.64 7.66 7.30 8.47 8.76 8.91 8.47 8.25 8.25 8.40 5.99 3.65 2.85 4.96 5.99 6.06 6.57 8.61 11.46 17.08 21.68 23.94 25.45 25.00 26.68 22.09 24.37 22.45 21.35 16.70 15.75 14.70
8.83 13.87 16.94 14.97 12.78 13.07 14.24 13.94 12.41 12.41 14.24 18.98 21.97 24.82 21.10 18.32 20.08 26.57 30.30 27.74 24.97 22.12 17.89 11.61 14.24 16.64 16.43 14.24 18.25 23.29 22.56 20.29 19.56 21.39 21.61 21.61 18.03 14.82 11.10 10.66 9.05 7.08 7.45 7.23 6.72 7.37 6.86 5.04 5.55 6.79 9.13 8.18 5.77 5.69 6.06 7.37 8.98 7.81 7.23 6.50 6.50 6.06 4.70 4.02 0.00 4.67 6.13 7.74 8.61 9.49 14.75 18.10 20.51 22.12 24.26 24.49 29.80 22.94 25.60 21.80 16.53 12.15 14.96 16.72
8.83 13.87 16.94 14.97 12.78 13.07 14.24 13.94 12.41 12.41 14.24 18.98 21.97 24.82 21.10 18.32 20.08 26.57 30.30 27.74 24.97 22.12 17.89 11.61 14.24 16.64 16.43 14.24 18.25 23.29 22.56 20.29 19.56 21.39 21.61 21.61 18.03 14.82 11.10 10.66 9.05 7.08 7.45 7.23 6.72 7.37 6.86 5.04 5.55 6.79 9.13 8.18 5.77 5.69 6.06 7.37 8.98 7.81 7.23 6.50 6.50 6.06 4.70 4.02 0.00 4.67 6.13 7.74 8.61 9.49 14.75 18.10 20.51 22.12 23.29 24.62 23.14 20.18 21.44 25.37 20.22 12.41 11.72 15.42
3.58 5.69 7.66 10.44 11.83 13.14 15.33 15.48 13.87 13.87 14.31 15.48 19.56 21.97 23.73 20.66 24.97 25.48 23.65 22.70 18.03 16.86 18.25 18.10 17.74 17.81 18.91 18.76 20.73 22.12 22.27 21.10 18.47 16.94 15.91 15.91 14.45 14.09 14.89 12.85 10.00 8.69 9.13 9.86 9.42 8.18 7.74 6.72 5.77 8.03 9.13 10.37 3.87 3.72 4.82 5.77 5.48 5.69 4.82 3.80 3.80 0.00 0.00 0.00 4.23 6.57 7.59 9.93 10.15 9.64 11.53 14.97 18.69 21.10 21.32 21.28 23.05 29.95 25.24 19.92 19.47 15.95 15.37 15.78
1.53 4.23 5.77 8.03 9.56 11.53 14.24 17.08 18.32 18.32 20.00 21.97 21.68 21.68 22.92 15.70 18.47 21.83 23.07 21.83 17.01 14.31 17.59 19.20 18.76 19.27 23.29 21.97 19.05 18.10 17.81 17.52 16.21 16.06 17.52 17.52 17.81 18.32 17.37 15.77 14.60 12.99 11.90 12.85 13.58 11.24 9.05 7.96 7.59 6.57 5.04 4.67 2.77 4.60 4.96 5.40 5.99 3.43 2.99 0.00 0.00 0.00 0.00 1.83 3.80 6.20 9.05 10.44 10.59 10.73 12.19 14.24 16.35 18.91 20.96 23.19 25.07 27.08 25.60 20.90 21.90 14.78 18.88 22.09
3.14 2.99 3.14 4.23 5.55 7.59 11.68 18.61 21.53 21.53 20.44 18.25 17.01 19.49 14.82 15.33 17.23 18.03 20.51 22.19 20.29 17.74 17.67 19.78 19.20 17.37 20.59 21.83 20.37 16.64 16.28 14.89 14.53 14.24 16.28 16.28 18.47 18.91 17.74 15.33 16.28 15.40 13.72 14.89 15.99 16.06 13.72 12.63 10.80 9.56 8.03 7.08 6.79 6.28 4.74 4.31 4.16 3.07 1.39 0.00 0.00 0.00 4.96 4.96 7.59 9.13 9.56 11.46 11.61 12.41 13.14 15.11 18.53 22.34 23.94 27.83 25.50 21.39 21.27 21.23 16.18 15.46 15.85 16.36
3.65 2.92 2.92 2.04 0.00 4.53 8.18 11.97 15.33 15.33 15.77 14.53 12.26 11.90 17.08 16.43 16.72 18.47 18.69 18.91 22.85 23.65 21.68 21.32 19.42 16.57 18.61 20.95 19.05 14.82 12.19 11.83 13.21 12.99 14.02 14.02 15.77 14.75 15.18 12.99 10.66 10.51 10.44 9.78 12.70 14.02 14.16 14.60 12.26 12.19 8.40 8.83 6.35 4.89 2.34 2.70 3.50 4.53 3.65 4.67 4.67 6.13 6.20 5.91 6.94 8.54 9.64 11.24 11.75 13.87 16.64 17.89 23.48 25.40 27.73 20.92 22.91 22.02 17.99 18.51 17.10 15.66 18.87 17.05
6.06 4.60 4.89 3.07 1.97 3.43 2.77 0.00 6.86 6.86 7.96 7.88 8.18 11.61 14.60 13.72 14.38 15.04 14.75 16.94 20.66 18.76 17.30 16.94 15.70 13.58 14.60 15.99 13.51 10.29 9.13 10.44 10.95 11.02 11.53 11.53 13.36 13.43 12.85 9.86 6.79 9.93 11.68 11.32 9.78 8.61 8.76 8.54 8.40 4.89 3.72 2.34 3.50 3.58 2.77 2.34 3.72 5.04 6.06 6.13 6.13 6.13 5.55 4.82 6.20 8.18 10.07 13.07 15.77 18.25 21.94 25.67 29.72 26.35 25.78 17.62 17.30 17.64 17.59 16.62 14.70 13.17 13.10 10.09
6.06 4.60 4.89 3.07 1.97 3.43 2.77 0.00 6.86 6.86 7.96 7.88 8.18 11.61 14.60 13.72 14.38 15.04 14.75 16.94 20.66 18.76 17.30 16.94 15.70 13.58 14.60 15.99 13.51 10.29 9.13 10.44 10.95 11.02 11.53 11.53 13.36 13.43 12.85 9.86 6.79 9.93 11.68 11.32 9.78 8.61 8.76 8.54 8.40 4.89 3.72 2.34 3.50 3.58 2.77 2.34 3.72 5.04 6.06 6.13 6.13 6.13 5.55 4.82 6.20 8.18 10.07 13.07 15.77 18.25 22.05 25.39 26.87 29.37 27.51 20.56 20.07 17.07 18.38 16.15 15.55 15.62 11.95 8.56
4.60 6.20 6.50 0.00 0.00 0.00 1.83 3.29 0.00 0.00 0.00 3.94 5.33 5.91 6.13 7.81 9.93 10.29 8.54 10.29 11.53 12.48 11.53 11.02 11.53 11.97 12.78 10.29 7.74 6.28 6.57 7.45 5.18 4.16 3.43 3.43 3.87 4.89 6.57 7.88 8.69 9.27 10.00 10.66 8.91 6.86 6.64 5.33 4.89 0.00 0.00 0.00 0.00 2.92 3.07 2.77 2.48 2.77 2.63 3.21 3.23 3.45 2.35 2.41 5.84 8.32 8.98 11.39 16.14 22.49 25.96 26.10 31.30 31.57 28.53 20.52 14.73 15.68 12.41 13.39 10.88 9.91 7.66 5.64
3.21 4.38 0.00 0.00 0.00 1.83 0.00 5.04 4.45 4.45 0.00 0.00 0.00 5.40 6.28 7.37 7.30 6.64 6.64 7.08 7.45 7.23 7.30 6.13 0.00 7.45 8.03 5.33 3.29 4.31 4.02 3.58 3.29 2.70 0.00 0.00 0.00 2.85 4.16 5.40 5.55 7.52 7.66 8.69 9.13 9.34 8.18 6.20 4.89 4.60 0.00 0.00 2.85 2.70 2.56 2.26 3.21 4.09 3.87 3.58 3.58 3.58 3.65 2.26 6.13 7.81 8.61 11.39 15.48 21.02 25.40 27.17 28.74 28.98 12.43 11.21 9.27 9.59 10.12 11.14 8.05 5.16 5.55 4.97
5.62 7.37 4.67 3.07 0.73 2.85 0.00 2.26 4.60 4.60 0.00 0.00 0.00 0.00 0.00 3.07 5.11 5.33 5.91 4.45 4.67 4.38 5.99 6.64 5.04 3.72 4.31 4.67 3.14 2.41 2.77 3.36 2.41 3.21 4.38 4.38 3.72 3.29 3.87 5.40 7.15 7.01 5.91 6.13 8.91 10.22 8.40 8.32 7.08 7.30 7.30 6.86 6.13 6.42 5.40 4.09 4.45 5.18 5.26 5.40 5.40 5.33 5.62 6.64 8.76 9.64 10.73 14.38 17.08 19.49 23.21 26.45 27.06 22.64 8.90 11.77 9.66 9.25 12.24 12.47 4.87 1.87 3.30 2.26
5.33 5.26 3.36 0.00 4.02 3.94 4.16 5.04 5.69 5.69 0.00 0.00 0.00 0.00 0.00 0.00 0.00 4.45 3.07 2.48 2.48 0.00 0.00 4.60 3.94 3.36 5.77 7.08 5.11 0.00 0.00 1.68 3.14 4.74 4.38 4.38 3.87 5.04 6.28 6.13 6.86 6.42 6.94 9.56 10.15 9.93 9.93 9.42 9.13 7.37 6.35 7.15 6.79 6.94 4.96 3.65 4.09 4.53 2.99 3.87 3.87 5.77 5.33 7.01 11.17 14.16 14.67 16.28 18.91 19.93 23.80 24.11 20.75 11.00 11.34 8.84 9.53 8.29 7.57 6.74 4.06 1.34 0.52 0.00
5.55 3.36 0.00 0.00 3.94 5.48 5.48 0.00 4.89 4.89 0.00 0.00 0.00 5.99 5.26 0.00 5.91 0.00 2.63 0.00 0.00 2.56 0.00 0.00 2.85 3.94 4.96 4.74 0.00 0.00 0.00 0.00 3.21 3.21 4.82 4.82 0.00 4.74 4.74 3.87 3.43 4.45 4.82 5.99 8.10 8.40 8.47 9.05 9.78 8.91 8.18 7.74 6.64 5.40 4.96 5.48 6.13 6.86 6.79 6.42 6.42 6.50 6.50 7.30 11.02 14.53 12.78 14.09 17.59 18.76 21.53 19.05 12.57 6.41 6.43 7.04 4.49 4.92 4.60 3.88 2.01 0.52 0.00 0.00
4.38 3.43 0.00 2.41 0.00 3.14 3.58 5.26 0.00 0.00 0.00 0.00 4.16 4.67 4.89 4.09 3.65 0.00 0.00 0.00 0.00 0.00 1.46 0.00 1.90 2.48 3.50 3.94 3.58 2.12 0.00 0.00 2.41 1.24 2.26 2.26 3.87 3.36 0.00 0.00 0.00 3.58 3.94 3.50 3.36 3.36 7.81 9.05 8.76 7.81 5.99 5.62 6.20 7.01 8.18 7.08 6.20 5.77 5.55 5.77 5.77 5.40 5.91 6.94 8.47 9.78 11.39 14.24 16.86 17.59 17.08 14.01 6.78 4.99 4.06 5.15 3.20 2.42 2.35 1.17 0.45 0.00 0.00 0.00
4.38 3.43 0.00 2.41 0.00 3.14 3.58 5.26 0.00 0.00 0.00 0.00 4.16 4.67 4.89 4.09 3.65 0.00 0.00 0.00 0.00 0.00 1.46 0.00 1.90 2.48 3.50 3.94 3.58 2.12 0.00 0.00 2.41 1.24 2.26 2.26 3.87 3.36 0.00 0.00 0.00 3.58 3.94 3.50 3.36 3.36 7.81 9.05 8.76 7.81 5.99 5.62 6.20 7.01 8.18 7.08 6.20 5.77 5.55 5.77 5.77 5.40 5.91 6.94 8.47 9.78 11.39 14.24 16.86 17.59 17.08 13.94 6.68 4.92 4.06 5.38 2.85 2.32 2.29 1.23 0.44 0.00 0.00 0.00
0.00 0.00 0.00 0.00 0.00 0.00 3.43 2.41 0.00 0.00 0.00 0.00 2.70 0.00 0.00 0.00 0.00 0.00 0.00 1.53 0.00 0.00 0.00 0.00 1.68 1.39 1.02 1.31 2.70 3.14 0.00 0.00 0.00 2.77 4.02 4.02 3.43 0.00 0.00 0.00 3.14 2.48 0.00 3.72 3.58 5.26 7.08 6.20 5.04 6.13 5.99 6.42 6.13 6.72 7.08 6.35 5.99 5.40 3.36 3.29 3.29 4.53 5.77 4.74 5.48 6.94 7.96 9.71 11.10 11.90 9.34 6.28 4.60 3.69 1.61 3.80 3.07 0.92 0.08 0.00 0.00 0.00 0.00 0.00
