Wansh/Snow_depth/snowdepth-1985/winter/1985335.txt
ncols 321
nrows 161
xllcenter 60
yllcenter 15 
cellsize  0.25 
NODATA_value -1
[rows 0 to 36 of 161, columns 83 to 165 of 321]
10.37 11.17 11.97 12.05 12.85 14.67 10.80 6.86 4.16 4.82 6.64 7.88 8.54 9.56 8.54 7.81 6.86 6.64 7.08 7.08 8.40 7.88 6.42 5.18 0.00 0.00 0.00 0.00 0.00 0.00 0.00 0.00 2.04 0.00 0.00 0.00 0.00 0.00 0.00 2.04 3.65 0.00 0.00 1.31 1.31 0.00 0.07 0.29 0.00 0.00 0.00 0.00 4.53 3.21 2.77 1.46 2.04 1.90 2.34 3.21 2.12 2.77 1.53 1.17 1.53 1.83 1.97 2.56 1.31 1.31 0.80 0.73 1.61 2.85 3.87 5.04 5.84 5.62 3.87 3.80 3.29 4.09 3.07
10.22 10.00 10.15 9.05 10.59 10.80 7.66 2.34 0.00 2.56 4.38 5.69 4.82 3.43 2.70 2.92 4.45 0.00 0.00 0.00 0.00 0.00 0.00 0.00 0.00 0.00 0.00 0.00 0.66 1.75 1.90 1.83 1.31 3.14 0.00 0.00 0.00 0.00 0.00 5.48 0.00 0.00 0.00 0.00 0.00 0.00 0.00 0.00 0.00 0.00 0.00 2.56 2.26 2.99 3.07 3.07 4.16 5.48 6.06 3.72 2.99 3.58 4.38 3.72 2.70 2.70 3.07 4.09 3.87 3.87 3.94 3.58 3.21 2.63 2.70 4.23 4.89 2.99 2.34 3.80 4.23 4.31 3.50
9.93 10.59 6.64 6.20 5.48 0.00 1.39 5.48 7.52 9.27 0.00 8.47 6.57 5.69 0.00 2.63 1.17 0.00 0.00 0.00 0.00 0.00 0.00 0.00 0.00 0.00 0.00 0.00 0.66 3.14 2.85 1.39 0.00 0.00 0.00 0.00 0.00 0.00 0.00 0.00 0.00 1.46 2.34 0.00 0.00 0.00 0.00 0.00 0.00 0.00 2.70 2.56 1.24 0.15 2.04 3.14 5.84 7.08 7.23 6.64 6.20 5.69 5.69 6.06 4.60 4.89 5.33 6.94 8.69 8.69 7.52 6.28 4.89 3.50 2.26 3.29 2.63 2.34 3.07 3.80 3.80 3.58 3.87
9.93 10.59 6.64 6.20 5.48 0.00 1.39 5.48 7.52 9.27 0.00 8.47 6.57 5.69 0.00 2.63 1.17 0.00 0.00 0.00 0.00 0.00 0.00 0.00 0.00 0.00 0.00 0.00 0.66 3.14 2.85 1.39 0.00 0.00 0.00 0.00 0.00 0.00 0.00 0.00 0.00 1.46 2.34 0.00 0.00 0.00 0.00 0.00 0.00 0.00 2.70 2.56 1.24 0.15 2.04 3.14 5.84 7.08 7.23 6.64 6.20 5.69 5.69 6.06 4.60 4.89 5.33 6.94 8.69 8.69 7.52 6.28 4.89 3.50 2.26 3.29 2.63 2.34 3.07 3.80 3.80 3.58 3.87
6.13 0.00 0.00 0.00 0.00 6.50 6.64 5.84 7.01 7.74 0.00 0.00 0.00 0.00 0.00 0.00 0.00 0.00 0.00 0.00 0.00 0.00 0.00 0.00 0.00 0.00 0.00 0.00 1.97 3.50 4.09 2.70 3.14 2.92 0.00 0.00 0.00 0.00 0.00 0.15 0.00 0.00 0.00 0.00 0.00 0.00 0.00 0.00 0.00 0.00 1.46 1.17 1.68 1.10 1.02 1.39 1.46 3.07 4.45 5.33 7.37 8.32 9.42 9.56 8.76 8.69 8.54 8.18 7.81 7.81 8.40 7.52 7.01 6.72 5.04 2.85 2.99 4.09 6.13 7.23 7.59 5.91 5.26
0.00 0.00 3.80 0.00 0.00 0.00 0.00 0.00 0.00 0.00 0.00 0.00 0.00 0.00 0.00 0.00 2.34 3.50 0.00 0.00 0.00 2.26 1.75 4.74 6.42 6.94 0.00 0.00 0.00 0.00 2.56 3.36 4.02 0.00 0.00 0.00 0.00 0.00 0.00 0.00 0.00 0.00 0.00 0.00 0.00 0.00 0.00 0.00 0.00 0.00 1.46 1.61 1.46 0.44 2.04 2.56 2.63 2.63 4.38 5.40 5.55 7.52 8.61 10.00 12.48 12.85 11.61 11.02 10.22 10.22 9.49 9.42 10.00 9.71 7.66 6.79 5.91 4.09 5.55 7.45 7.66 6.86 7.23
0.00 0.00 0.00 0.00 0.00 0.00 0.00 0.00 0.00 0.00 0.00 0.00 0.00 0.00 0.00 0.00 0.00 0.00 0.00 0.00 0.00 0.00 4.82 1.61 3.07 4.02 0.00 0.00 0.00 0.00 0.00 0.00 0.00 0.00 0.00 0.00 0.00 0.00 0.00 0.00 0.00 0.00 0.00 0.00 0.00 0.00 0.00 0.00 0.00 0.00 0.00 3.21 2.92 3.50 2.77 3.58 3.72 4.89 6.79 6.79 6.50 7.52 8.83 9.78 10.29 11.24 12.63 14.24 14.02 14.02 12.78 13.72 15.04 14.38 12.85 11.46 10.95 9.64 7.74 5.18 4.74 6.64 8.83
0.00 0.00 0.00 0.00 0.00 0.00 0.00 0.00 0.00 0.00 0.00 0.00 0.00 0.00 0.00 0.00 0.00 0.00 0.00 0.00 0.00 0.00 4.82 1.61 3.07 4.02 0.00 0.00 0.00 0.00 0.00 0.00 0.00 0.00 0.00 0.00 0.00 0.00 0.00 0.00 0.00 0.00 0.00 0.00 0.00 0.00 0.00 0.00 0.00 0.00 0.00 3.21 2.92 3.50 2.77 3.58 3.72 4.89 6.79 6.79 6.50 7.52 8.83 9.78 10.29 11.24 12.63 14.24 14.02 14.02 12.78 13.72 15.04 14.38 12.85 11.46 10.95 9.64 7.74 5.18 4.74 6.64 8.83
0.00 0.00 0.00 0.00 0.00 0.00 0.00 0.00 0.00 0.00 0.00 0.00 0.00 0.00 0.00 0.00 0.00 0.00 0.00 0.00 0.00 8.61 7.45 0.00 0.00 0.00 0.00 0.00 0.00 0.00 0.00 0.00 0.00 0.00 0.00 0.00 0.00 0.00 0.00 0.00 0.00 0.00 0.00 0.00 0.00 0.00 0.00 0.00 0.00 2.04 2.48 2.56 1.39 4.16 4.89 5.62 5.55 4.45 4.60 4.96 5.84 5.62 5.91 6.64 7.23 7.88 10.44 10.80 10.88 10.88 11.61 12.63 14.24 15.70 15.48 13.72 13.29 11.24 11.53 10.80 7.23 6.13 3.43
0.00 0.00 0.00 0.00 0.00 0.00 0.00 0.00 0.00 0.00 0.00 0.00 0.00 0.00 0.00 0.00 0.00 0.00 0.00 0.00 0.00 0.00 0.00 0.00 0.00 0.00 0.00 0.00 0.00 0.00 0.00 0.00 0.00 0.00 0.00 0.00 0.00 0.00 0.00 0.00 0.00 0.00 0.00 0.00 0.00 3.14 3.58 3.94 4.67 5.26 6.86 7.23 7.88 7.59 6.64 5.77 5.91 6.06 5.55 4.09 3.58 4.31 4.31 5.91 5.26 5.77 6.94 7.81 8.98 8.98 10.66 12.12 13.58 13.65 11.39 10.37 12.92 15.55 17.37 15.55 11.75 6.86 5.69
0.00 0.00 0.00 0.00 0.00 0.00 0.00 0.00 0.00 0.00 0.00 0.00 0.00 0.00 0.00 0.00 0.00 0.00 0.00 0.00 0.00 0.00 0.00 0.00 0.00 0.00 0.00 0.00 0.00 0.00 0.00 0.00 0.00 0.00 0.00 0.00 0.00 0.00 0.00 0.00 0.00 0.00 0.00 3.50 3.50 4.82 5.04 5.26 5.91 5.69 5.84 4.96 5.48 5.40 5.91 5.62 6.72 7.30 7.01 5.62 2.85 2.99 3.14 3.43 4.60 6.42 8.18 10.73 14.38 14.38 17.23 15.70 13.51 11.90 10.22 11.17 16.21 19.56 20.81 18.32 12.78 9.56 7.37
0.00 0.00 0.00 0.00 0.00 0.00 0.00 0.00 0.00 0.00 0.00 0.00 0.00 0.00 0.00 0.00 0.00 0.00 0.00 0.00 0.00 0.00 0.00 0.00 0.00 0.00 0.00 0.00 0.00 0.00 0.00 0.00 0.00 0.00 0.00 0.00 0.00 0.00 0.00 0.00 0.00 0.00 0.00 3.50 3.50 4.82 5.04 5.26 5.91 5.69 5.84 4.96 5.48 5.40 5.91 5.62 6.72 7.30 7.01 5.62 2.85 2.99 3.14 3.43 4.60 6.42 8.18 10.73 14.38 14.38 17.23 15.70 13.51 11.90 10.22 11.17 16.21 19.56 20.81 18.32 12.78 9.56 7.37
0.00 0.00 0.00 0.00 0.00 0.00 0.00 0.00 0.00 0.00 0.00 0.00 0.00 0.00 0.00 0.00 0.00 0.00 0.00 0.00 0.00 0.00 0.00 0.00 0.00 0.00 0.00 0.00 0.00 0.00 0.00 0.00 0.00 0.00 0.00 0.00 0.00 0.00 0.00 0.00 0.00 0.00 0.00 3.14 3.14 3.29 3.65 4.74 5.40 5.69 5.55 4.38 3.21 2.99 3.29 4.09 6.57 9.34 13.21 12.78 9.42 5.91 3.50 4.82 5.77 6.42 7.96 9.78 10.66 10.66 12.05 13.80 13.87 12.92 14.31 15.33 18.54 19.42 21.17 21.17 18.69 16.28 13.72
0.00 0.00 0.00 0.00 0.00 0.00 0.00 0.00 0.00 0.00 0.00 0.00 0.00 0.00 0.00 0.00 0.00 0.00 0.00 0.00 0.00 0.00 0.00 0.00 0.00 0.00 0.00 0.00 0.00 0.00 0.00 0.00 5.84 7.08 3.72 4.45 8.18 0.00 0.00 0.00 3.87 3.80 4.67 4.16 4.16 3.80 4.23 5.55 6.35 6.13 5.91 4.82 3.72 3.21 3.07 2.34 4.89 5.99 7.30 8.47 9.20 9.20 10.22 9.71 9.71 8.61 8.18 10.22 9.93 9.93 10.07 11.53 12.05 9.93 10.00 13.94 16.57 14.75 16.50 9.56 12.34 8.98 7.88
0.00 0.00 0.00 0.00 0.00 0.00 0.00 0.00 0.00 0.00 5.69 0.00 0.00 0.00 0.00 0.00 0.00 0.00 0.00 0.00 0.00 0.00 0.00 0.00 0.00 0.00 0.00 6.50 5.40 4.38 6.20 8.54 11.68 11.02 8.61 8.83 5.62 4.60 3.43 1.97 2.04 4.23 3.94 5.55 5.55 5.62 5.33 5.18 5.48 7.23 7.45 7.23 6.20 6.06 6.64 6.06 6.35 6.13 7.59 5.62 5.33 6.42 6.35 5.91 7.23 7.52 7.74 7.45 8.61 8.61 10.00 9.20 9.49 6.94 3.65 9.56 12.63 11.02 8.69 0.00 10.51 11.24 12.12
0.00 4.02 0.00 0.00 0.00 0.00 0.00 0.00 0.00 4.67 3.80 4.53 4.38 0.00 0.00 0.00 0.00 0.00 0.00 0.00 0.00 0.00 0.00 0.00 0.00 0.00 0.00 0.00 0.00 5.55 7.45 9.78 10.88 7.88 6.50 6.35 4.89 3.58 4.96 4.09 3.36 3.87 4.53 5.77 5.77 5.04 3.87 4.67 3.80 2.77 5.40 6.28 6.28 6.35 7.59 8.40 8.47 8.10 6.94 5.99 4.31 4.96 5.77 5.77 6.42 6.86 7.45 9.34 10.80 10.80 10.88 11.02 9.34 6.35 5.91 11.24 13.29 13.94 0.00 11.24 15.62 13.21 14.38
0.00 4.02 0.00 0.00 0.00 0.00 0.00 0.00 0.00 4.67 3.80 4.53 4.38 0.00 0.00 0.00 0.00 0.00 0.00 0.00 0.00 0.00 0.00 0.00 0.00 0.00 0.00 0.00 0.00 5.55 7.45 9.78 10.88 7.88 6.50 6.35 4.89 3.58 4.96 4.09 3.36 3.87 4.53 5.77 5.77 5.04 3.87 4.67 3.80 2.77 5.40 6.28 6.28 6.35 7.59 8.40 8.47 8.10 6.94 5.99 4.31 4.96 5.77 5.77 6.42 6.86 7.45 9.34 10.80 10.80 10.88 11.02 9.34 6.35 5.91 11.24 13.29 13.94 0.00 11.24 15.62 13.21 14.38
0.00 5.62 6.86 6.50 5.77 0.00 4.23 2.12 2.26 3.58 4.02 3.87 4.23 5.77 5.55 0.00 0.00 0.00 0.00 0.00 0.00 0.00 0.00 0.00 0.00 0.00 0.00 0.00 0.00 0.00 3.87 5.11 7.52 8.32 7.74 6.28 1.97 0.88 1.46 1.75 3.50 4.74 5.55 5.69 5.69 4.16 0.00 0.00 0.00 2.04 4.23 5.04 6.64 8.32 7.81 7.96 7.08 6.06 5.55 4.23 5.55 7.74 7.52 6.28 4.74 5.55 7.01 8.91 10.44 10.44 12.05 12.05 9.05 7.74 13.72 17.52 17.08 7.74 5.69 0.00 7.30 9.34 11.83
5.91 8.03 5.99 6.64 7.30 0.00 5.91 3.36 1.83 2.34 2.77 3.72 2.92 5.48 6.94 6.94 6.79 6.94 6.72 6.72 6.50 5.33 0.00 2.41 0.00 0.00 0.00 0.00 0.00 2.85 3.87 5.48 8.03 10.51 9.20 8.61 7.01 6.13 1.90 4.96 4.96 5.77 4.96 0.00 0.00 0.00 0.00 0.00 0.00 0.00 0.00 0.00 4.31 4.82 5.26 5.55 6.64 6.35 5.69 7.37 8.32 10.59 11.17 9.93 8.69 8.10 8.32 9.78 13.29 13.29 12.85 9.93 9.20 8.47 13.58 15.99 6.13 2.77 1.39 2.56 2.56 8.03 9.93
0.00 7.15 7.52 8.40 10.00 11.02 7.01 5.84 2.99 3.36 4.45 3.87 3.65 4.89 5.69 5.91 6.35 6.72 6.57 6.57 6.72 6.57 5.33 6.06 5.62 4.67 6.79 6.42 5.33 5.04 5.33 5.77 6.94 7.08 8.03 7.59 7.88 7.23 6.20 7.01 8.54 3.58 0.00 2.77 2.77 0.00 0.00 0.00 0.00 0.00 0.00 0.00 8.83 5.69 5.33 6.13 7.23 7.52 4.67 4.67 8.40 11.83 13.43 13.51 12.19 10.73 11.17 11.61 11.97 11.97 10.44 6.94 6.28 6.64 8.10 2.70 0.00 0.00 2.77 4.67 6.35 8.03 7.15
0.00 6.79 5.99 6.57 7.96 10.95 12.26 12.05 6.64 4.74 5.40 5.33 4.89 6.28 5.62 5.18 5.55 5.91 6.42 6.42 6.79 6.79 6.35 7.74 6.57 7.23 8.61 8.61 8.91 9.64 9.27 8.54 7.74 9.05 7.74 6.50 5.26 0.00 0.00 0.00 0.00 4.23 4.31 5.84 5.84 0.00 0.00 0.00 0.00 0.00 3.14 8.03 7.81 5.77 5.99 7.59 10.00 9.05 6.72 6.42 8.03 8.76 8.91 10.07 10.00 11.61 11.83 9.93 8.83 8.83 6.57 4.16 5.40 4.45 5.55 3.07 2.63 2.34 3.21 3.58 4.38 5.40 5.77
3.94 5.62 8.25 7.81 5.04 4.09 4.45 6.13 6.13 5.26 6.94 7.08 5.99 4.60 5.55 5.40 6.13 7.23 0.00 0.00 6.42 6.50 7.74 8.98 10.44 12.12 11.32 11.97 12.41 10.29 10.00 9.49 8.03 7.37 6.06 0.00 5.26 0.00 0.00 0.00 5.26 6.42 5.04 0.00 0.00 4.45 3.21 3.14 0.00 1.17 1.68 3.87 5.18 6.64 7.59 9.27 12.78 10.73 6.13 6.28 6.86 7.66 7.52 7.59 9.13 10.29 10.73 9.93 8.10 8.10 5.84 5.91 5.40 4.38 3.14 0.00 3.14 3.21 3.58 2.48 2.63 4.09 4.89
3.94 5.62 8.25 7.81 5.04 4.09 4.45 6.13 6.13 5.26 6.94 7.08 5.99 4.60 5.55 5.40 6.13 7.23 0.00 0.00 6.42 6.50 7.74 8.98 10.44 12.12 11.32 11.97 12.41 10.29 10.00 9.49 8.03 7.37 6.06 0.00 5.26 0.00 0.00 0.00 5.26 6.42 5.04 0.00 0.00 4.45 3.21 3.14 0.00 1.17 1.68 3.87 5.18 6.64 7.59 9.27 12.78 10.73 6.13 6.28 6.86 7.66 7.52 7.59 9.13 10.29 10.73 9.93 8.10 8.10 5.84 5.91 5.40 4.38 3.14 0.00 3.14 3.21 3.58 2.48 2.63 4.09 4.89
6.42 0.00 6.13 6.06 5.04 4.02 0.00 6.28 6.28 3.87 2.70 0.00 0.00 5.91 4.60 4.67 5.48 6.35 0.00 0.00 0.00 0.00 5.91 7.23 9.49 12.12 15.11 17.30 16.86 14.16 10.80 7.23 6.72 5.69 0.00 1.90 0.00 0.00 0.00 0.00 0.00 2.99 0.00 3.58 3.58 0.00 0.00 0.00 0.00 7.96 0.00 0.00 0.00 1.46 4.23 6.50 6.94 7.01 4.16 3.94 5.26 6.57 7.15 8.40 10.37 9.64 10.51 10.44 9.71 9.71 10.00 10.22 10.00 6.42 4.45 1.75 1.68 2.41 3.36 2.92 1.53 1.97 2.99
7.96 6.79 7.45 6.35 5.26 5.84 6.94 8.69 7.37 5.48 3.94 4.09 5.33 8.61 5.04 0.00 0.00 6.50 5.18 5.18 5.84 7.01 8.61 9.93 9.16 10.78 14.20 13.27 13.87 13.87 10.15 6.13 3.29 2.41 0.00 0.00 0.00 0.00 0.00 3.36 2.77 0.00 0.00 0.00 0.00 0.00 0.00 0.00 0.00 0.00 7.74 0.00 0.00 0.00 4.60 5.18 4.67 3.87 1.83 1.97 4.53 5.33 6.50 8.83 9.05 10.80 11.10 11.83 12.56 12.56 11.53 14.67 13.21 7.52 6.20 4.89 3.65 2.92 2.63 2.63 3.94 4.31 4.96
6.28 7.37 10.15 11.53 10.59 8.40 7.01 6.94 5.48 3.94 4.23 0.00 0.00 2.63 4.16 5.84 7.37 8.40 7.15 7.15 8.83 8.40 9.34 10.73 11.05 13.65 13.48 11.40 11.82 12.78 13.21 8.69 6.72 4.96 0.00 0.00 0.00 0.00 0.00 3.43 3.07 0.00 0.00 0.00 0.00 1.24 0.00 0.00 0.00 0.00 0.00 0.00 0.00 0.00 0.00 0.00 0.00 0.00 0.00 0.00 4.67 7.88 9.56 9.86 10.22 9.56 7.74 12.26 11.39 11.39 10.59 11.17 8.69 7.08 5.04 3.94 4.02 4.23 3.50 4.53 2.63 2.26 1.39
0.00 0.00 4.82 7.37 8.25 7.88 8.76 8.47 0.00 0.00 0.00 0.00 0.00 0.00 0.00 0.00 0.00 0.00 0.00 0.00 4.53 6.20 6.74 0.00 0.00 0.00 10.67 12.44 12.61 12.64 12.29 11.02 9.20 7.88 6.20 5.48 0.00 0.00 0.00 2.70 2.92 2.85 0.00 0.00 0.00 0.00 0.00 0.00 0.00 0.00 0.00 0.00 0.00 0.00 0.00 0.00 0.00 0.00 0.00 0.00 5.48 6.86 7.08 7.52 11.46 10.37 12.05 13.80 11.75 11.75 12.19 10.95 9.56 8.61 7.66 4.89 4.02 4.45 3.87 3.80 3.36 1.90 0.80
4.96 3.65 0.00 3.36 3.94 3.80 4.45 5.18 3.72 0.00 0.00 0.00 0.00 0.00 0.00 0.00 0.00 0.00 0.00 0.00 0.00 0.00 0.00 0.00 0.00 0.00 7.74 9.18 11.66 12.71 14.01 14.89 14.53 15.04 10.37 8.98 5.55 3.50 3.58 0.00 0.44 0.00 0.95 0.00 0.00 0.00 0.00 0.00 0.00 0.00 0.00 0.00 0.00 0.00 0.00 0.00 0.00 0.00 0.00 0.00 5.77 8.10 8.03 10.00 11.39 12.48 14.24 12.56 12.63 12.63 13.21 12.05 11.90 12.34 8.25 6.35 5.33 4.09 2.99 3.14 1.83 1.17 1.46
4.96 3.65 0.00 3.36 3.94 3.80 4.45 5.18 3.72 0.00 0.00 0.00 0.00 0.00 0.00 0.00 0.00 0.00 0.00 0.00 0.00 0.00 0.00 0.00 0.00 0.00 7.74 8.91 10.84 11.87 14.23 15.04 15.13 16.90 10.97 9.21 5.55 3.50 3.58 0.00 0.44 0.00 0.95 0.00 0.00 0.00 0.00 0.00 0.00 0.00 0.00 0.00 0.00 0.00 0.00 0.00 0.00 0.00 0.00 0.00 5.77 8.10 8.03 10.00 11.39 12.48 14.24 12.56 12.63 12.63 13.21 12.05 11.90 12.34 8.25 6.35 5.33 4.09 2.99 3.14 1.83 1.17 1.46
0.00 0.00 0.00 0.00 3.72 2.99 2.63 1.97 3.72 4.89 0.00 0.00 0.00 0.00 0.00 3.80 7.23 9.20 0.00 0.00 0.00 5.33 0.00 0.00 0.00 6.14 4.87 3.91 0.00 0.00 9.10 10.25 12.41 12.65 14.17 11.44 8.78 6.64 5.48 4.09 0.00 0.00 0.00 0.00 0.00 0.00 0.00 0.00 0.00 0.00 0.00 0.00 0.00 0.00 0.00 0.00 0.00 0.51 0.00 1.02 4.82 7.96 8.83 10.51 12.19 15.04 10.51 13.43 12.26 12.26 11.32 10.73 10.29 10.80 7.59 4.45 3.65 3.36 2.41 2.48 2.04 0.80 0.22
0.00 7.08 6.57 4.23 0.00 3.65 3.21 3.14 4.74 5.33 3.50 0.00 0.00 0.00 0.00 1.39 2.85 5.33 4.96 4.96 4.11 0.00 5.28 5.48 0.00 0.00 0.00 0.00 0.00 0.00 0.00 0.00 6.50 7.45 10.08 10.77 8.13 7.78 6.53 5.33 3.94 0.00 1.17 0.00 0.00 0.00 0.00 0.00 0.00 0.00 0.00 0.00 0.00 0.00 0.00 0.00 0.00 0.00 0.00 0.00 4.38 6.50 8.47 10.29 11.90 12.12 11.32 10.44 11.17 11.17 10.15 7.66 5.18 4.60 3.58 3.14 1.75 2.41 2.41 2.70 1.46 1.61 1.10
0.00 0.00 6.72 6.79 6.57 7.01 5.69 5.04 4.16 2.34 3.43 3.36 2.77 0.00 1.61 2.77 3.36 2.85 2.34 2.34 2.77 3.87 0.00 0.00 0.00 0.00 0.00 0.00 0.00 0.00 0.00 0.00 5.48 6.06 6.42 7.30 8.96 11.71 10.07 8.47 7.59 5.11 4.23 3.07 3.07 2.85 0.00 0.00 0.00 0.00 1.68 0.00 0.00 0.00 0.00 0.00 0.00 0.00 0.00 0.00 0.00 2.56 6.06 9.49 10.15 7.52 8.03 9.56 7.96 7.96 5.84 0.00 0.00 1.83 0.73 0.00 1.46 3.87 4.53 2.77 2.92 2.56 2.26
0.00 0.00 0.00 5.33 0.00 0.00 7.08 7.23 6.94 7.52 6.72 7.01 6.20 5.33 4.96 4.60 4.60 6.28 4.45 4.45 3.72 0.00 2.56 3.65 3.50 0.00 0.00 0.00 0.00 0.00 0.00 5.84 5.18 5.99 6.94 7.30 7.08 8.97 9.46 11.02 10.91 8.47 5.84 3.94 3.94 3.36 0.00 0.00 0.00 0.00 0.00 0.00 0.00 0.00 0.00 0.00 0.00 0.00 0.51 1.68 0.00 0.00 0.00 6.06 6.64 4.02 3.14 3.58 0.00 0.00 2.12 0.00 0.00 0.00 0.00 2.19 1.90 3.50 4.45 4.02 3.87 4.74 4.02
0.00 0.00 0.00 0.00 0.00 0.00 0.00 0.00 0.00 3.83 5.18 5.77 0.00 4.67 4.53 5.48 4.02 3.07 0.00 0.00 0.00 0.00 2.48 0.00 0.00 0.00 0.00 0.00 0.00 0.00 4.89 5.33 5.91 5.99 4.96 7.45 8.40 6.50 7.96 10.45 12.13 8.95 7.15 7.23 7.23 4.82 4.16 4.23 4.67 3.87 2.34 2.34 0.00 0.00 0.00 0.00 0.00 2.56 4.60 3.80 3.94 3.94 3.14 0.00 3.29 2.56 1.46 0.00 0.00 0.00 0.00 0.00 0.00 0.00 0.00 0.00 0.00 0.00 2.41 2.19 3.14 4.82 4.45
0.00 0.00 0.00 0.00 0.00 0.00 0.00 0.00 0.00 0.00 0.00 0.00 0.00 3.43 3.58 2.92 2.26 0.00 0.00 0.00 0.00 0.00 0.00 0.00 0.37 0.00 0.00 0.00 0.00 0.00 2.27 0.00 0.00 5.79 0.00 5.55 7.08 6.86 6.93 7.30 7.23 5.31 4.16 5.55 5.55 4.38 4.82 5.04 4.82 3.58 2.85 4.89 3.80 0.00 0.00 0.00 0.00 0.00 4.74 6.06 6.06 3.72 0.00 0.00 2.41 2.77 0.00 0.00 0.00 0.00 0.00 0.00 0.00 0.00 0.00 4.45 0.00 0.00 0.00 2.04 2.41 1.83 3.07
0.00 0.00 0.00 0.00 0.00 0.00 0.00 0.00 0.00 0.00 0.00 0.00 0.00 3.43 3.58 2.92 2.26 0.00 0.00 0.00 0.00 0.00 0.00 0.00 0.37 0.00 0.00 0.00 0.00 0.00 2.19 0.00 0.00 5.62 0.00 5.58 7.12 6.86 6.90 7.37 7.23 5.26 4.16 5.55 5.55 4.38 4.82 5.04 4.82 3.58 2.85 4.89 3.80 0.00 0.00 0.00 0.00 0.00 4.74 6.06 6.06 3.72 0.00 0.00 2.41 2.77 0.00 0.00 0.00 0.00 0.00 0.00 0.00 0.00 0.00 4.45 0.00 0.00 0.00 2.04 2.41 1.83 3.07
0.00 0.00 0.00 0.00 16.57 0.00 0.00 2.56 0.00 0.00 0.00 0.00 0.00 0.00 2.70 2.41 0.00 0.00 0.00 0.00 0.00 0.00 0.00 0.00 0.00 0.00 0.00 0.00 0.00 0.00 3.43 0.00 0.00 3.14 4.23 5.69 6.42 7.23 7.01 7.04 6.86 6.50 5.48 0.00 0.00 0.00 0.00 0.00 4.38 4.31 4.53 5.77 4.74 0.00 0.00 0.00 0.00 2.63 0.00 0.00 0.00 1.68 0.00 0.00 0.00 0.00 0.00 0.00 0.00 0.00 1.24 0.00 0.00 1.24 2.92 0.00 1.39 0.00 0.00 0.00 0.00 2.70 2.70
