Wansh/Snow_depth/snowdepth-1985/winter/1985351.txt
ncols 321
nrows 161
xllcenter 60
yllcenter 15 
cellsize  0.25 
NODATA_value -1
[rows 0 to 36 of 161, columns 0 to 82 of 321]
9.49 9.49 9.86 10.66 10.29 7.74 7.74 11.24 9.13 9.34 10.73 11.39 11.75 0.00 0.00 14.89 0.00 0.00 0.00 14.67 14.89 15.99 16.06 16.13 0.00 15.91 15.91 15.18 0.00 15.11 14.24 13.87 13.51 11.90 11.02 10.37 8.91 8.61 9.05 11.68 13.07 12.78 12.63 13.14 14.24 14.24 13.87 13.87 13.65 10.51 10.07 10.07 8.76 8.32 8.03 8.32 9.71 10.95 12.12 13.65 14.09 14.45 14.16 14.97 0.00 18.32 16.86 16.21 15.04 12.99 12.56 13.43 15.11 15.70 15.48 16.13 16.13 15.77 14.38 13.51 12.70 13.51 14.16
9.71 9.71 0.00 9.64 11.61 10.95 11.39 12.56 12.70 12.41 13.94 14.89 15.26 15.99 15.33 14.89 14.45 13.80 14.24 14.82 14.97 15.99 15.70 14.24 13.58 14.24 14.24 14.60 13.94 13.72 13.14 12.19 11.68 12.41 12.48 12.63 12.34 13.21 13.21 12.85 13.36 12.85 14.02 13.43 14.60 13.58 12.85 12.48 10.80 11.83 12.05 12.05 11.46 9.34 8.10 9.13 9.64 9.56 11.17 12.05 11.39 11.53 12.85 14.53 16.57 18.25 15.77 11.83 9.78 7.08 8.25 11.02 13.29 14.53 14.97 15.18 15.18 14.60 14.97 13.43 13.43 15.18 13.72
12.26 12.26 10.44 13.21 15.04 13.80 12.12 13.29 13.43 13.21 13.58 14.89 16.21 16.43 15.33 12.70 12.26 13.65 14.60 15.99 15.84 14.60 15.33 15.04 13.94 13.43 13.43 12.70 13.14 13.58 12.92 11.97 12.05 13.29 13.29 14.31 15.91 15.84 15.18 0.00 0.00 12.78 11.24 12.05 12.63 12.63 12.48 10.07 10.29 11.90 11.90 11.90 10.22 8.98 7.52 6.57 5.91 7.15 8.98 10.29 10.51 9.27 9.56 10.73 11.90 14.24 14.82 13.07 12.78 12.48 11.24 11.53 11.24 12.85 14.24 14.67 14.67 12.70 12.70 13.21 13.58 13.29 13.94
12.26 12.26 10.44 13.21 15.04 13.80 12.12 13.29 13.43 13.21 13.58 14.89 16.21 16.43 15.33 12.70 12.26 13.65 14.60 15.99 15.84 14.60 15.33 15.04 13.94 13.43 13.43 12.70 13.14 13.58 12.92 11.97 12.05 13.29 13.29 14.31 15.91 15.84 15.18 0.00 0.00 12.78 11.24 12.05 12.63 12.63 12.48 10.07 10.29 11.90 11.90 11.90 10.22 8.98 7.52 6.57 5.91 7.15 8.98 10.29 10.51 9.27 9.56 10.73 11.90 14.24 14.82 13.07 12.78 12.48 11.24 11.53 11.24 12.85 14.24 14.67 14.67 12.70 12.70 13.21 13.58 13.29 13.94
12.99 12.99 12.92 14.16 15.04 15.26 15.48 14.97 14.53 14.67 15.84 14.89 13.29 12.34 12.48 12.48 11.68 13.14 14.60 12.78 11.53 12.56 14.31 14.31 13.51 13.07 13.07 12.12 11.83 12.05 12.19 12.05 11.97 12.19 12.56 11.83 10.51 9.56 10.95 10.59 9.56 8.18 7.88 6.35 4.16 7.74 7.96 7.37 6.64 7.23 7.15 7.15 7.08 6.57 6.64 6.42 6.20 6.42 7.30 7.52 7.59 7.74 8.03 8.76 8.61 8.61 8.61 8.91 9.27 9.34 10.07 9.71 9.78 10.66 11.24 11.17 11.17 12.92 14.16 14.31 13.07 11.17 11.97
10.44 10.44 11.10 10.66 10.15 12.48 12.41 11.10 11.53 9.64 9.86 9.93 9.93 8.91 9.64 12.48 12.92 13.07 12.05 9.64 8.10 9.05 9.64 9.86 10.73 9.93 9.93 8.61 8.32 8.54 8.76 11.02 11.24 11.02 10.44 9.78 8.69 8.18 8.54 10.07 9.13 7.45 5.62 5.26 3.50 3.80 4.74 5.62 5.04 5.55 7.01 7.01 5.33 5.77 6.72 6.28 4.60 4.38 7.37 7.45 7.08 5.84 5.40 4.45 3.21 3.72 4.38 4.89 4.82 5.26 6.64 6.86 7.59 8.69 9.56 10.59 10.59 12.78 13.21 12.85 11.39 10.51 11.61
8.47 8.47 8.61 8.69 9.86 11.24 10.88 8.40 8.32 8.47 9.20 9.13 7.59 7.23 11.83 11.68 9.56 10.29 8.91 6.94 6.86 6.79 6.79 4.53 6.94 9.27 9.27 8.83 8.69 8.83 9.93 10.88 11.32 10.07 9.56 9.42 9.42 8.98 8.54 10.44 11.17 12.48 11.68 7.52 4.89 3.36 4.16 3.87 2.04 3.58 2.70 2.70 0.00 0.00 5.84 4.31 1.61 3.07 4.38 4.16 5.18 5.40 3.80 0.15 0.00 0.00 0.00 0.66 3.43 3.50 2.99 3.58 6.06 5.69 5.62 6.57 6.57 9.71 11.61 9.86 11.97 11.75 8.18
8.47 8.47 8.61 8.69 9.86 11.24 10.88 8.40 8.32 8.47 9.20 9.13 7.59 7.23 11.83 11.68 9.56 10.29 8.91 6.94 6.86 6.79 6.79 4.53 6.94 9.27 9.27 8.83 8.69 8.83 9.93 10.88 11.32 10.07 9.56 9.42 9.42 8.98 8.54 10.44 11.17 12.48 11.68 7.52 4.89 3.36 4.16 3.87 2.04 3.58 2.70 2.70 0.00 0.00 5.84 4.31 1.61 3.07 4.38 4.16 5.18 5.40 3.80 0.15 0.00 0.00 0.00 0.66 3.43 3.50 2.99 3.58 6.06 5.69 5.62 6.57 6.57 9.71 11.61 9.86 11.97 11.75 8.18
8.76 8.76 9.42 10.00 10.73 10.80 10.80 10.37 8.40 7.88 8.47 8.91 8.54 9.13 11.46 10.51 9.13 9.71 9.05 7.74 7.23 7.59 8.54 8.40 8.98 10.44 10.44 10.15 8.03 8.61 10.22 10.59 9.71 8.54 7.37 6.57 8.10 9.49 7.59 6.64 6.94 7.37 9.56 7.66 7.88 6.20 4.38 3.80 2.34 2.04 2.04 2.04 3.50 2.85 1.10 0.44 0.00 1.39 1.97 3.72 4.67 7.01 4.31 0.22 0.00 0.00 0.00 0.00 0.00 0.22 1.02 2.92 4.53 4.45 0.00 5.18 5.18 4.96 5.11 5.62 10.66 6.06 6.42
11.68 11.68 11.10 11.46 10.88 10.66 9.86 8.61 7.30 7.37 7.74 8.98 10.73 11.39 11.61 10.95 9.42 8.91 6.57 5.33 7.37 7.52 8.32 9.27 9.13 9.71 9.71 9.49 9.49 11.24 12.19 11.39 10.88 9.93 9.56 8.47 8.98 12.41 10.73 11.02 10.51 8.47 9.27 9.20 9.20 7.59 6.72 6.79 7.66 5.55 5.18 5.18 4.96 4.89 2.92 3.65 4.82 5.11 5.33 6.20 6.13 3.94 2.19 0.00 0.00 0.00 0.00 0.00 0.00 0.00 0.00 1.46 2.92 3.58 3.21 0.00 0.00 0.00 0.00 2.48 0.00 6.13 5.77
10.22 10.22 11.75 11.97 10.29 10.00 8.69 7.15 6.13 7.96 7.66 8.98 9.86 8.91 7.52 4.09 5.40 5.40 6.50 6.13 6.57 7.37 7.81 8.25 10.44 9.64 9.64 10.29 9.42 8.91 8.98 10.73 10.51 9.78 10.51 11.02 12.56 13.43 12.26 10.51 10.29 9.78 10.07 8.83 8.69 8.18 7.30 7.01 6.72 7.52 7.59 7.59 6.86 7.01 5.55 5.18 6.64 8.91 9.49 7.23 5.04 3.07 1.90 0.00 0.00 0.00 0.00 0.00 0.00 0.00 0.00 4.89 6.94 0.00 0.00 0.00 0.00 0.00 0.00 4.89 7.81 8.91 8.10
10.22 10.22 11.75 11.97 10.29 10.00 8.69 7.15 6.13 7.96 7.66 8.98 9.86 8.91 7.52 4.09 5.40 5.40 6.50 6.13 6.57 7.37 7.81 8.25 10.44 9.64 9.64 10.29 9.42 8.91 8.98 10.73 10.51 9.78 10.51 11.02 12.56 13.43 12.26 10.51 10.29 9.78 10.07 8.83 8.69 8.18 7.30 7.01 6.72 7.52 7.59 7.59 6.86 7.01 5.55 5.18 6.64 8.91 9.49 7.23 5.04 3.07 1.90 0.00 0.00 0.00 0.00 0.00 0.00 0.00 0.00 4.89 6.94 0.00 0.00 0.00 0.00 0.00 0.00 4.89 7.81 8.91 8.10
13.43 13.43 12.63 11.32 9.49 9.05 8.54 7.30 7.52 7.81 8.91 9.42 8.25 7.81 7.66 6.57 6.20 6.79 7.08 8.18 5.91 5.55 5.91 7.01 7.66 7.30 7.30 8.25 8.69 9.05 9.13 8.69 5.99 6.28 8.69 12.26 13.72 14.16 12.99 9.64 8.40 9.78 10.88 10.73 9.86 8.03 5.40 5.11 6.13 7.88 8.61 8.61 8.40 7.37 7.08 6.79 8.91 7.81 7.30 5.04 2.99 2.77 0.73 0.80 0.00 2.41 0.00 0.00 0.00 0.00 5.18 4.16 0.00 0.00 0.00 0.00 0.00 0.00 5.18 6.13 7.66 7.37 5.18
12.85 12.85 11.32 10.07 6.28 5.55 7.15 6.72 7.30 6.72 9.42 8.98 6.50 5.55 6.35 6.64 7.01 7.37 7.15 7.66 7.59 7.88 6.13 6.79 7.01 6.42 6.42 7.74 10.07 10.22 9.86 9.56 7.74 4.45 6.94 12.05 12.70 11.39 9.56 9.49 6.94 7.45 10.95 11.97 13.14 12.26 9.71 7.52 6.28 8.03 9.13 9.13 9.78 8.61 8.18 8.61 8.98 7.23 5.40 7.01 4.96 3.50 4.09 6.06 5.11 4.67 0.00 6.20 5.77 5.69 0.00 0.00 0.00 0.00 0.00 0.00 0.00 0.00 0.00 6.28 4.53 4.60 4.31
8.69 8.69 7.45 5.55 3.07 2.85 2.85 2.92 4.23 8.32 9.56 9.05 7.01 7.66 9.13 8.91 6.94 6.28 5.99 6.64 7.37 7.45 8.47 9.49 8.69 7.88 7.88 9.20 12.12 10.73 8.83 8.25 9.20 9.93 10.07 7.23 6.42 6.06 6.50 9.13 9.56 10.80 12.26 14.09 14.82 14.75 12.92 12.99 11.68 10.88 10.15 10.15 8.47 5.91 4.23 5.99 7.37 8.40 8.25 7.59 4.38 4.89 4.53 4.31 4.16 5.11 0.00 5.62 5.40 4.38 0.00 0.00 0.00 0.00 0.00 0.00 0.00 0.00 0.00 0.00 4.89 4.53 4.38
9.05 9.05 6.42 5.69 4.82 4.16 2.92 1.31 1.68 5.26 7.74 8.03 6.06 5.91 6.57 6.86 6.06 5.84 5.11 5.69 5.26 4.60 0.00 4.89 5.55 5.77 5.77 5.77 6.57 6.79 7.30 6.72 6.50 7.30 9.56 7.96 7.37 7.52 6.64 7.59 7.52 11.02 11.32 13.58 12.34 12.12 11.61 12.34 13.21 13.07 13.80 13.80 12.12 9.27 7.45 7.08 7.30 9.13 9.71 8.47 8.18 5.77 6.72 8.03 7.59 6.50 5.04 3.58 0.00 0.00 0.00 0.00 0.00 0.00 0.00 0.00 0.00 0.00 0.00 0.00 0.00 5.84 7.01
9.05 9.05 6.42 5.69 4.82 4.16 2.92 1.31 1.68 5.26 7.74 8.03 6.06 5.91 6.57 6.86 6.06 5.84 5.11 5.69 5.26 4.60 0.00 4.89 5.55 5.77 5.77 5.77 6.57 6.79 7.30 6.72 6.50 7.30 9.56 7.96 7.37 7.52 6.64 7.59 7.52 11.02 11.32 13.58 12.34 12.12 11.61 12.34 13.21 13.07 13.80 13.80 12.12 9.27 7.45 7.08 7.30 9.13 9.71 8.47 8.18 5.77 6.72 8.03 7.59 6.50 5.04 3.58 0.00 0.00 0.00 0.00 0.00 0.00 0.00 0.00 0.00 0.00 0.00 0.00 0.00 5.84 7.01
5.62 5.62 4.60 3.65 2.77 0.22 0.37 0.37 2.99 6.06 7.52 7.74 7.74 8.47 6.50 5.69 5.33 4.53 3.65 3.29 0.00 0.00 0.00 0.00 0.00 0.00 0.00 0.00 2.85 5.11 5.48 5.26 5.04 8.10 8.76 6.20 4.89 5.40 6.50 7.30 7.59 8.10 9.27 10.44 11.10 12.56 13.72 12.63 13.58 14.02 14.24 14.24 13.80 12.48 10.80 9.78 11.68 12.05 11.46 11.46 9.93 8.03 7.81 7.74 7.08 6.13 5.11 6.13 0.00 4.74 5.33 0.00 0.00 0.00 0.00 0.00 0.00 0.00 5.62 4.67 6.13 8.76 8.03
8.91 8.91 8.03 3.29 1.24 1.24 2.19 2.63 3.94 6.13 5.48 4.67 4.23 4.09 5.04 5.40 4.82 0.00 0.00 0.00 0.00 0.00 0.00 0.00 0.00 0.00 0.00 0.00 2.77 2.77 3.21 5.99 7.23 9.20 7.30 3.50 2.70 3.87 4.38 5.48 4.89 4.23 5.84 7.45 7.59 8.61 10.95 11.61 11.32 11.46 12.05 12.05 11.24 10.80 11.17 11.83 11.97 10.88 10.29 10.51 10.37 11.02 10.88 6.42 4.31 3.87 5.18 5.84 6.50 6.06 6.79 7.30 0.00 5.62 5.40 6.28 6.28 0.00 5.91 6.13 5.84 6.79 6.72
6.06 6.06 4.89 3.29 2.70 3.14 4.67 4.16 4.38 4.67 4.67 2.85 2.92 3.87 2.70 0.00 0.00 0.00 0.00 0.00 0.00 0.00 0.00 0.00 0.00 0.00 0.00 0.00 0.00 0.00 0.00 1.02 2.41 5.04 4.23 3.14 4.02 4.38 4.96 6.79 6.86 5.62 5.77 6.50 5.99 4.89 5.77 6.57 9.05 10.07 7.74 7.74 6.86 7.01 8.76 9.34 9.71 9.93 9.56 10.29 9.49 10.00 11.17 10.73 8.10 3.65 0.80 1.97 2.41 2.19 2.48 2.70 0.00 0.00 4.74 5.33 5.33 6.13 6.13 5.11 3.72 4.74 0.00
0.00 0.00 0.00 3.43 5.18 5.18 1.68 0.29 0.95 3.07 4.31 3.94 2.70 3.14 0.00 0.00 0.00 0.00 0.00 0.00 0.00 0.00 0.00 0.00 0.00 0.00 0.00 0.00 0.00 0.00 0.00 0.00 2.12 0.00 0.00 2.92 4.67 4.02 4.31 5.77 4.96 0.00 3.65 5.04 5.55 5.99 6.20 7.52 7.74 7.37 6.42 6.42 6.13 7.52 8.83 9.05 8.10 8.40 9.27 11.61 12.70 11.10 9.56 8.91 6.20 4.23 3.36 4.82 4.16 2.04 2.85 2.34 4.74 6.28 6.79 3.36 3.36 0.00 6.20 5.91 6.42 4.45 3.50
0.00 0.00 0.00 5.11 3.36 0.00 0.00 0.00 0.44 0.95 0.00 1.75 0.00 0.00 0.00 0.00 0.00 0.00 0.00 0.00 0.00 0.00 0.00 0.00 0.00 0.00 0.00 0.00 0.00 2.48 0.00 2.56 3.58 0.00 0.00 2.56 3.36 3.58 3.94 3.50 0.00 0.00 2.77 0.00 4.23 5.04 5.69 5.55 6.20 4.38 4.53 4.53 5.33 7.08 8.98 9.78 9.20 8.69 9.49 10.44 9.71 9.64 9.64 8.98 10.22 6.64 5.40 5.62 5.62 1.61 1.68 6.50 5.33 7.23 7.59 7.23 7.23 7.30 7.96 8.10 7.96 5.77 3.80
0.00 0.00 0.00 5.11 3.36 0.00 0.00 0.00 0.44 0.95 0.00 1.75 0.00 0.00 0.00 0.00 0.00 0.00 0.00 0.00 0.00 0.00 0.00 0.00 0.00 0.00 0.00 0.00 0.00 2.48 0.00 2.56 3.58 0.00 0.00 2.56 3.36 3.58 3.94 3.50 0.00 0.00 2.77 0.00 4.23 5.04 5.69 5.55 6.20 4.38 4.53 4.53 5.33 7.08 8.98 9.78 9.20 8.69 9.49 10.44 9.71 9.64 9.64 8.98 10.22 6.64 5.40 5.62 5.62 1.61 1.68 6.50 5.33 7.23 7.59 7.23 7.23 7.30 7.96 8.10 7.96 5.77 3.80
0.00 0.00 0.00 3.29 0.00 0.00 0.00 0.00 0.00 0.00 0.00 0.00 3.07 3.94 0.00 0.00 0.00 0.00 0.58 0.00 0.00 0.00 0.00 0.00 0.00 0.00 0.00 0.00 5.26 7.96 6.79 4.38 0.00 0.00 0.00 5.84 0.00 4.09 0.00 0.00 0.00 4.38 0.00 2.70 3.21 4.31 5.84 6.13 6.42 6.06 6.86 6.86 7.01 7.96 9.05 10.07 10.15 9.86 11.02 10.44 7.23 8.61 11.24 10.07 9.34 7.15 8.03 5.91 5.69 4.53 7.15 8.47 8.32 8.91 8.83 9.56 9.56 9.86 6.28 6.06 7.59 8.54 7.01
0.00 0.00 0.00 0.00 0.00 0.00 0.07 0.00 0.00 0.00 0.00 0.00 4.31 3.94 0.00 0.00 0.44 0.00 0.00 0.00 0.00 0.00 0.00 0.00 0.00 0.00 0.00 0.00 6.79 6.86 5.69 0.00 0.00 0.00 6.79 5.77 5.62 6.35 6.86 6.28 5.91 3.72 0.00 0.00 4.96 5.04 5.69 5.91 7.66 7.74 7.74 7.74 7.37 7.23 0.00 11.32 11.68 10.88 10.29 10.88 10.51 9.78 11.02 10.15 10.07 10.95 11.39 9.78 9.20 9.49 10.29 9.49 10.37 9.56 8.40 7.08 7.08 5.77 5.26 6.42 7.52 8.03 9.56
0.00 0.00 0.00 0.00 0.00 0.00 0.00 0.00 0.00 0.00 0.00 0.00 0.00 0.00 0.00 0.00 0.51 0.00 0.00 0.00 0.00 0.00 0.00 0.00 0.00 0.00 0.00 0.00 5.77 4.96 0.00 0.00 0.00 6.64 7.23 0.00 5.11 6.57 7.52 5.40 0.00 0.00 0.00 3.14 5.18 5.33 5.48 5.40 0.00 0.00 6.20 6.20 9.27 9.93 8.61 11.17 11.83 12.34 13.36 13.36 12.63 12.78 13.36 12.56 12.70 14.09 11.97 12.26 12.99 10.73 10.51 10.80 11.39 10.88 10.07 8.03 8.03 5.48 5.33 5.91 7.01 7.59 8.03
0.00 0.00 0.00 0.00 0.00 0.00 0.00 0.00 0.00 0.00 0.00 0.00 0.00 0.00 0.00 0.00 1.31 0.00 0.00 0.00 0.00 0.00 0.00 0.00 0.00 5.04 5.04 4.96 5.33 3.87 0.00 0.00 0.00 5.99 0.00 0.00 6.64 6.28 5.11 0.00 0.00 0.00 0.00 2.41 3.80 4.45 0.00 3.72 4.53 5.77 7.15 7.15 9.93 11.02 11.46 11.46 11.53 12.99 14.38 14.38 13.72 12.34 12.34 13.94 13.58 13.21 11.24 12.78 10.66 10.88 10.29 12.05 9.64 9.49 9.56 9.56 9.56 7.01 5.26 5.11 6.28 6.28 6.64
0.00 0.00 0.00 0.00 0.00 0.00 0.00 0.00 0.00 0.00 0.00 0.00 0.00 0.00 0.00 0.00 2.56 2.48 0.00 0.00 0.00 0.00 0.00 0.00 0.00 7.45 7.45 6.79 5.55 4.74 0.00 0.00 6.86 7.59 0.00 5.69 5.18 5.11 0.00 0.00 0.00 0.00 0.00 2.92 2.85 0.00 3.43 2.56 3.29 5.84 6.64 6.64 7.88 10.37 11.68 11.53 12.63 13.80 13.07 13.36 14.16 12.41 11.97 13.07 11.61 11.97 12.26 11.97 11.68 11.46 9.56 7.15 6.28 6.72 6.72 7.66 7.66 7.66 7.45 6.86 6.42 5.91 7.88
0.00 0.00 0.00 0.00 0.00 0.00 0.00 0.00 0.00 0.00 0.00 0.00 0.00 0.00 0.00 0.00 2.56 2.48 0.00 0.00 0.00 0.00 0.00 0.00 0.00 7.45 7.45 6.79 5.55 4.74 0.00 0.00 6.86 7.59 0.00 5.69 5.18 5.11 0.00 0.00 0.00 0.00 0.00 2.92 2.85 0.00 3.43 2.56 3.29 5.84 6.64 6.64 7.88 10.37 11.68 11.53 12.63 13.80 13.07 13.36 14.16 12.41 11.97 13.07 11.61 11.97 12.26 11.97 11.68 11.46 9.56 7.15 6.28 6.72 6.72 7.66 7.66 7.66 7.45 6.86 6.42 5.91 7.88
0.00 0.00 0.00 0.00 0.00 0.00 0.00 0.00 0.00 0.00 0.00 0.00 0.00 0.00 0.00 0.00 0.00 0.00 0.00 1.10 0.00 0.00 0.00 0.00 0.00 8.47 8.47 6.86 5.69 4.89 0.00 7.52 7.66 7.52 6.28 5.26 0.00 0.00 0.00 0.00 0.00 0.00 2.56 4.45 3.65 3.29 4.23 6.06 7.15 8.10 8.47 8.47 7.37 7.88 10.51 12.26 13.14 13.72 13.72 12.19 10.73 10.15 10.59 10.88 10.44 11.39 12.19 12.34 10.80 8.10 5.91 5.48 0.00 5.18 5.40 5.04 5.04 6.13 6.13 6.72 7.88 7.23 6.57
0.00 0.00 0.00 0.00 0.00 0.00 0.00 0.00 0.00 0.00 0.00 0.00 0.00 0.00 0.00 0.00 2.41 0.00 0.00 0.00 0.00 0.00 0.00 0.00 0.00 4.45 4.45 2.63 0.00 6.94 0.00 0.00 0.00 3.50 3.94 0.00 0.00 0.00 0.00 0.00 0.00 0.00 5.99 7.01 5.77 5.04 5.55 7.88 7.66 9.64 9.34 9.34 7.88 10.00 11.68 11.68 12.85 12.78 12.34 11.83 9.71 8.83 7.23 6.94 8.61 9.20 11.61 8.69 5.04 4.09 0.00 0.00 0.00 0.00 0.00 5.40 5.40 6.28 5.18 6.35 7.01 7.01 7.30
0.00 0.00 0.00 0.00 0.00 0.00 0.00 0.00 0.00 0.00 0.00 0.00 0.00 0.00 0.00 0.00 3.21 3.50 0.00 0.00 0.00 0.00 0.00 0.00 0.00 0.00 0.00 0.00 0.00 3.80 1.10 2.12 2.26 2.92 2.41 0.00 0.00 0.00 0.00 0.00 0.00 0.00 5.11 5.18 3.58 5.40 7.01 7.37 6.72 6.13 6.79 6.79 7.88 8.25 9.78 11.02 11.17 10.15 7.88 5.55 5.26 3.50 4.16 4.60 5.99 7.08 7.01 5.40 4.31 4.96 5.40 0.00 0.00 0.00 0.00 0.00 0.00 4.60 3.29 0.00 4.67 0.00 0.00
0.00 0.00 0.00 0.00 0.00 0.00 0.00 0.00 0.00 0.00 0.00 0.00 0.00 0.00 0.00 0.00 0.00 0.00 0.00 0.00 0.00 1.31 1.17 0.00 0.00 0.00 0.00 0.00 0.00 2.34 2.63 3.07 0.00 0.00 0.00 0.00 0.00 0.00 0.00 0.00 0.00 0.00 4.89 5.48 4.31 0.00 0.00 4.74 0.00 2.70 4.53 4.53 4.74 6.13 8.18 7.45 0.00 3.94 0.00 0.00 0.00 0.00 0.00 0.00 0.00 0.00 0.00 0.00 0.00 5.40 0.00 0.00 0.00 0.00 0.00 0.00 0.00 0.00 0.00 0.00 0.00 0.00 0.00
0.00 0.00 0.00 0.00 0.00 0.00 0.00 0.00 0.00 0.00 0.00 0.00 0.00 0.00 0.00 0.00 0.00 0.29 0.00 0.00 0.00 5.77 4.60 1.61 0.00 0.00 0.00 0.00 0.00 0.00 1.83 2.34 0.00 0.00 0.00 0.00 0.00 0.00 0.00 0.00 0.00 0.00 5.26 5.62 0.00 0.00 4.45 4.38 0.00 5.04 4.89 4.89 4.53 5.04 5.40 0.00 0.00 0.00 0.00 0.00 0.00 0.00 0.00 0.00 0.00 0.00 0.00 0.00 0.00 0.00 0.00 0.00 0.00 0.00 0.00 0.00 0.00 0.00 0.00 0.00 0.00 2.77 0.00
0.00 0.00 0.00 0.00 0.00 0.00 0.00 0.00 0.00 0.00 0.00 0.00 0.00 0.00 0.00 0.00 0.00 0.00 0.00 0.00 1.17 1.46 0.00 5.33 0.00 0.00 0.00 0.00 0.00 0.00 0.29 1.75 0.00 0.00 0.00 0.00 0.00 0.00 0.00 0.00 0.00 0.00 0.00 0.00 0.00 0.00 0.00 3.07 3.65 0.00 1.53 1.53 3.72 4.74 0.00 0.00 0.00 0.00 0.00 0.00 0.00 0.00 0.00 0.00 0.00 0.00 0.00 0.00 0.00 0.00 0.00 0.00 0.00 0.00 0.00 0.00 0.00 0.00 0.00 0.00 0.00 0.00 0.00
0.00 0.00 0.00 0.00 0.00 0.00 0.00 0.00 0.00 0.00 0.00 0.00 0.00 0.00 0.00 0.00 0.00 0.00 0.00 0.00 1.17 1.46 0.00 5.33 0.00 0.00 0.00 0.00 0.00 0.00 0.29 1.75 0.00 0.00 0.00 0.00 0.00 0.00 0.00 0.00 0.00 0.00 0.00 0.00 0.00 0.00 0.00 3.07 3.65 0.00 1.53 1.53 3.72 4.74 0.00 0.00 0.00 0.00 0.00 0.00 0.00 0.00 0.00 0.00 0.00 0.00 0.00 0.00 0.00 0.00 0.00 0.00 0.00 0.00 0.00 0.00 0.00 0.00 0.00 0.00 0.00 0.00 0.00
0.00 0.00 0.00 0.00 0.00 0.00 0.00 0.00 0.00 0.00 0.00 0.00 0.00 0.00 0.00 0.00 0.00 0.00 0.00 0.00 0.00 0.00 0.00 0.00 4.02 3.36 3.36 0.00 0.00 0.00 0.00 2.56 0.00 0.00 0.00 0.00 0.00 0.00 0.00 0.00 0.00 0.00 0.00 0.00 0.00 0.00 0.00 0.00 0.00 0.00 2.56 2.56 3.29 0.00 0.00 0.00 0.00 0.00 0.00 0.00 0.00 0.00 0.00 0.00 0.00 1.83 0.00 0.00 0.00 0.00 0.00 0.00 0.00 0.00 0.00 0.00 0.00 0.00 0.00 0.00 0.00 0.00 0.00
