Wansh/Snow_depth/snowdepth-1985/winter/1985355.txt
ncols 321
nrows 161
xllcenter 60
yllcenter 15 
cellsize  0.25 
NODATA_value -1
[rows 0 to 36 of 161, columns 83 to 165 of 321]
16.57 17.59 17.67 19.05 17.59 18.25 15.18 10.95 9.13 10.66 11.61 12.63 13.94 16.35 15.26 14.89 14.60 14.89 14.31 14.31 14.82 14.45 12.41 10.73 7.52 5.91 5.04 4.53 3.65 3.21 3.43 5.18 8.91 10.51 7.01 5.26 0.00 4.60 4.96 3.07 3.65 6.94 3.80 4.02 4.02 2.85 0.73 1.39 1.17 3.65 6.13 5.91 8.18 7.59 5.69 4.74 5.77 6.94 5.62 5.48 3.14 3.94 3.29 2.85 3.50 4.02 4.45 3.72 3.07 3.07 4.02 5.91 7.08 6.72 7.15 8.76 9.05 9.71 9.27 9.05 8.83 9.34 8.03
18.76 17.30 15.77 15.26 16.43 14.16 11.83 9.56 10.66 10.95 10.80 10.88 8.54 8.91 9.34 8.54 9.49 12.05 11.83 11.83 10.00 9.27 10.22 10.29 8.47 6.13 5.48 4.38 4.31 2.48 1.68 2.48 7.52 6.35 4.09 4.31 0.00 0.00 2.12 2.48 3.21 3.58 4.09 4.74 4.74 5.69 3.87 3.07 1.61 3.21 3.94 4.02 3.58 4.53 5.33 5.48 6.79 6.57 8.54 8.40 5.55 4.89 4.89 4.53 6.28 5.91 5.69 7.45 7.23 7.23 8.10 6.94 5.99 6.86 7.15 7.66 7.52 7.59 7.81 8.61 9.86 10.22 8.61
14.60 15.18 15.48 12.12 11.02 8.25 9.71 11.83 13.07 13.51 13.21 12.56 11.97 11.83 10.59 7.81 5.04 6.06 6.86 6.86 6.72 6.57 8.10 9.93 10.88 8.76 5.69 5.11 3.65 3.36 3.87 4.74 2.48 3.29 2.77 4.23 5.55 4.96 3.36 1.83 1.17 1.68 1.39 2.34 2.34 3.65 4.45 4.82 4.38 3.80 4.23 4.16 3.80 2.26 4.67 6.13 7.96 8.69 10.66 10.51 9.42 8.40 9.86 9.20 7.81 9.13 8.91 10.00 10.29 10.29 11.17 9.34 8.18 6.86 5.62 6.64 7.30 7.45 8.18 7.08 8.47 8.40 7.45
14.60 15.18 15.48 12.12 11.02 8.25 9.71 11.83 13.07 13.51 13.21 12.56 11.97 11.83 10.59 7.81 5.04 6.06 6.86 6.86 6.72 6.57 8.10 9.93 10.88 8.76 5.69 5.11 3.65 3.36 3.87 4.74 2.48 3.29 2.77 4.23 5.55 4.96 3.36 1.83 1.17 1.68 1.39 2.34 2.34 3.65 4.45 4.82 4.38 3.80 4.23 4.16 3.80 2.26 4.67 6.13 7.96 8.69 10.66 10.51 9.42 8.40 9.86 9.20 7.81 9.13 8.91 10.00 10.29 10.29 11.17 9.34 8.18 6.86 5.62 6.64 7.30 7.45 8.18 7.08 8.47 8.40 7.45
11.24 9.20 8.61 8.47 10.07 13.36 11.17 11.46 13.51 12.70 12.92 11.90 9.64 10.22 10.66 9.93 8.83 6.86 4.09 4.09 3.94 5.33 8.32 10.66 10.80 9.64 5.62 2.56 4.23 2.70 3.21 2.85 2.85 4.09 6.13 8.18 7.59 6.13 3.43 1.46 0.15 1.02 2.19 3.21 3.21 3.72 4.82 5.33 5.26 4.67 4.31 4.53 4.23 3.50 3.43 3.21 3.36 2.77 5.84 8.10 10.44 11.39 12.26 13.29 13.72 13.51 12.12 11.68 11.61 11.61 11.53 11.02 10.37 10.59 7.01 5.91 6.28 6.86 10.29 11.39 12.05 11.24 9.93
13.80 11.46 9.49 9.13 9.86 8.98 6.79 6.13 7.01 7.59 8.40 8.91 12.05 12.05 11.24 10.66 10.44 10.15 8.69 8.69 6.13 4.38 4.16 6.57 10.00 10.29 6.86 5.11 5.69 4.67 3.07 2.77 3.14 3.94 6.06 8.32 8.10 3.94 3.14 2.48 0.73 0.88 0.00 0.00 0.00 2.77 3.21 4.74 4.96 4.67 3.94 4.53 3.14 2.92 3.07 4.53 5.48 3.43 4.96 7.74 8.91 11.39 12.92 16.28 17.30 15.55 14.16 13.36 12.12 12.12 11.83 13.14 14.67 13.80 10.80 10.51 10.37 9.49 10.07 11.32 12.41 12.48 12.34
11.46 10.15 8.76 8.61 10.95 10.15 8.76 8.10 7.15 9.27 9.42 7.88 7.01 7.88 9.20 10.51 10.80 9.05 7.96 7.96 7.96 7.96 5.62 5.62 7.66 8.03 4.74 4.89 5.26 4.67 3.72 3.07 3.07 5.11 5.26 4.96 5.62 4.53 3.14 1.90 2.34 2.41 0.00 0.00 0.00 4.23 5.04 5.26 5.04 3.80 5.48 3.50 3.36 3.36 3.43 4.60 6.35 8.32 9.78 9.86 9.86 11.90 14.31 16.50 16.72 15.62 15.48 17.23 16.86 16.86 15.84 16.06 16.86 18.18 18.69 17.30 15.48 16.94 11.90 7.08 6.94 8.18 10.44
11.46 10.15 8.76 8.61 10.95 10.15 8.76 8.10 7.15 9.27 9.42 7.88 7.01 7.88 9.20 10.51 10.80 9.05 7.96 7.96 7.96 7.96 5.62 5.62 7.66 8.03 4.74 4.89 5.26 4.67 3.72 3.07 3.07 5.11 5.26 4.96 5.62 4.53 3.14 1.90 2.34 2.41 0.00 0.00 0.00 4.23 5.04 5.26 5.04 3.80 5.48 3.50 3.36 3.36 3.43 4.60 6.35 8.32 9.78 9.86 9.86 11.90 14.31 16.50 16.72 15.62 15.48 17.23 16.86 16.86 15.84 16.06 16.86 18.18 18.69 17.30 15.48 16.94 11.90 7.08 6.94 8.18 10.44
8.76 9.49 7.96 9.34 9.93 9.78 9.71 10.07 8.03 7.74 6.72 5.04 3.50 5.04 7.88 10.22 9.86 9.27 9.93 9.93 10.44 11.24 10.59 8.03 5.77 4.31 4.53 4.23 2.12 5.18 3.87 3.94 3.43 5.11 6.64 7.08 6.35 5.55 4.31 3.29 2.99 3.14 3.07 2.85 2.85 2.99 3.36 2.99 2.56 5.18 2.92 4.89 4.96 5.84 4.89 6.06 7.59 6.94 7.52 7.88 9.13 10.66 11.90 11.83 12.70 13.43 14.02 13.87 14.24 14.24 15.70 16.35 17.96 17.67 16.50 15.84 15.91 14.67 14.97 14.38 13.29 9.42 7.52
6.64 7.66 7.88 7.81 8.98 8.76 8.25 7.74 7.23 6.50 5.11 3.58 3.43 4.89 7.15 8.03 9.86 8.47 7.45 7.45 8.83 11.10 9.49 5.84 2.85 1.97 3.58 3.94 4.82 5.04 4.96 4.23 3.50 4.89 7.30 7.30 6.42 4.53 2.92 3.43 3.36 3.87 3.58 3.36 3.36 3.36 3.94 4.23 4.82 8.03 7.52 9.42 10.22 9.86 9.34 7.59 7.45 7.59 7.52 8.18 6.72 8.54 9.34 8.83 8.69 10.66 12.19 12.78 14.24 14.24 15.55 16.13 16.35 16.35 13.07 13.58 17.01 21.02 23.73 23.14 17.81 11.61 8.32
8.69 7.81 7.66 5.84 6.13 6.64 6.50 5.77 0.00 6.28 0.00 4.23 3.94 4.53 6.94 8.47 8.83 8.98 8.61 8.61 8.91 7.52 5.91 4.09 2.77 2.19 3.65 4.23 3.65 2.85 3.80 4.60 4.67 4.67 5.40 5.77 6.06 7.23 5.69 4.60 3.80 4.16 4.45 5.84 5.84 5.84 5.91 5.91 7.23 7.88 7.37 6.06 7.01 7.66 8.76 8.91 9.49 11.68 12.19 10.66 8.47 7.15 7.96 8.25 9.05 11.90 15.11 17.01 20.95 20.95 22.48 20.88 18.25 15.48 14.53 14.97 21.02 25.77 28.11 24.75 17.30 12.78 11.97
8.69 7.81 7.66 5.84 6.13 6.64 6.50 5.77 0.00 6.28 0.00 4.23 3.94 4.53 6.94 8.47 8.83 8.98 8.61 8.61 8.91 7.52 5.91 4.09 2.77 2.19 3.65 4.23 3.65 2.85 3.80 4.60 4.67 4.67 5.40 5.77 6.06 7.23 5.69 4.60 3.80 4.16 4.45 5.84 5.84 5.84 5.91 5.91 7.23 7.88 7.37 6.06 7.01 7.66 8.76 8.91 9.49 11.68 12.19 10.66 8.47 7.15 7.96 8.25 9.05 11.90 15.11 17.01 20.95 20.95 22.48 20.88 18.25 15.48 14.53 14.97 21.02 25.77 28.11 24.75 17.30 12.78 11.97
8.69 10.00 8.98 6.64 4.45 0.00 0.00 5.40 6.13 6.50 7.15 7.37 7.66 8.10 8.25 8.91 8.83 10.22 11.02 11.02 9.93 8.69 7.01 6.57 5.40 3.94 4.31 3.94 3.43 3.65 5.04 5.11 4.74 5.18 5.04 5.48 8.61 8.18 6.64 5.62 4.96 7.66 7.23 6.86 6.86 5.77 4.45 4.82 9.56 8.61 8.25 7.81 7.96 7.52 6.06 6.64 9.13 14.31 17.74 18.10 13.87 10.73 9.34 9.71 9.64 9.71 11.32 13.14 16.50 16.50 18.54 18.98 18.03 17.01 16.86 19.64 24.53 27.59 30.00 28.40 23.80 21.90 18.83
7.88 9.93 9.05 7.01 6.57 6.42 6.35 7.30 7.52 7.37 7.66 7.52 9.34 10.80 12.56 11.97 10.59 9.20 10.29 10.29 0.00 6.13 6.06 7.45 7.66 4.45 3.43 4.74 4.89 5.77 8.47 10.07 13.51 12.92 12.92 12.56 13.07 14.16 11.75 8.69 7.81 7.66 7.23 6.86 6.86 7.59 7.08 8.10 10.37 11.61 10.07 8.40 5.91 6.86 5.99 6.42 8.91 10.73 12.34 12.05 12.26 12.85 13.43 13.07 13.29 13.43 13.87 15.18 15.70 15.70 16.28 17.96 16.50 14.16 13.87 17.23 20.59 21.61 19.56 18.83 19.20 17.89 14.60
7.74 8.32 8.03 7.74 6.86 7.96 8.69 8.69 6.72 8.54 9.42 9.34 10.29 11.39 12.41 12.92 12.48 11.10 9.71 9.71 8.47 8.18 8.03 6.57 8.03 5.40 5.62 7.81 9.27 10.37 11.53 13.29 16.72 16.94 14.24 13.58 9.86 8.98 8.69 8.18 7.23 8.10 8.25 8.91 8.91 8.32 8.32 8.98 10.00 12.48 13.51 12.34 11.02 9.13 8.69 9.64 11.75 12.56 13.65 10.73 8.32 9.20 9.56 9.78 11.83 13.29 13.43 12.92 11.83 11.83 13.80 13.87 12.63 9.56 7.81 12.63 15.62 10.88 0.00 2.99 12.19 18.83 18.25
8.32 8.40 9.34 9.64 9.42 8.47 6.42 4.82 5.77 6.72 7.30 7.81 8.83 9.34 10.51 10.88 12.85 14.31 12.34 12.34 10.80 7.23 7.15 9.49 10.66 9.86 8.32 8.25 8.40 10.88 14.75 16.72 16.50 13.87 10.80 9.49 6.42 5.33 5.18 5.84 6.50 7.15 7.88 7.96 7.96 6.94 9.86 7.45 8.76 8.91 8.83 9.56 9.78 9.56 9.71 11.53 12.63 12.19 10.07 8.83 8.18 8.18 9.78 9.27 8.91 10.80 14.38 15.33 15.18 15.18 15.84 16.64 13.21 8.47 6.57 13.21 15.84 10.15 0.00 0.00 12.63 20.37 18.98
8.32 8.40 9.34 9.64 9.42 8.47 6.42 4.82 5.77 6.72 7.30 7.81 8.83 9.34 10.51 10.88 12.85 14.31 12.34 12.34 10.80 7.23 7.15 9.49 10.66 9.86 8.32 8.25 8.40 10.88 14.75 16.72 16.50 13.87 10.80 9.49 6.42 5.33 5.18 5.84 6.50 7.15 7.88 7.96 7.96 6.94 9.86 7.45 8.76 8.91 8.83 9.56 9.78 9.56 9.71 11.53 12.63 12.19 10.07 8.83 8.18 8.18 9.78 9.27 8.91 10.80 14.38 15.33 15.18 15.18 15.84 16.64 13.21 8.47 6.57 13.21 15.84 10.15 0.00 0.00 12.63 20.37 18.98
8.69 9.13 9.49 9.42 9.13 8.98 5.11 3.14 3.43 3.80 5.62 6.20 7.23 8.61 9.64 10.07 12.34 14.24 12.12 12.12 10.15 8.98 7.01 6.06 7.66 11.32 9.56 8.54 8.83 9.49 10.29 12.63 14.53 13.58 12.12 5.40 3.50 3.87 4.53 6.06 5.62 5.69 7.74 5.77 5.77 6.28 8.47 9.42 10.44 10.00 8.91 10.15 10.00 10.37 9.78 10.73 11.02 10.80 9.93 8.98 10.29 12.48 14.02 13.14 11.02 10.66 11.68 13.80 14.89 14.89 17.16 16.57 13.87 11.17 15.18 20.59 19.27 10.66 0.00 7.66 14.31 16.94 15.91
8.40 10.00 10.29 9.93 10.15 9.93 7.15 4.60 1.90 2.26 3.94 6.50 7.59 11.39 13.80 13.36 12.70 13.72 12.56 12.56 11.32 9.78 9.34 6.35 6.50 8.69 10.15 10.73 10.29 10.29 11.02 14.16 14.82 14.60 13.94 11.68 9.49 8.91 7.01 7.81 8.47 8.91 8.98 6.86 6.86 4.89 0.00 0.00 6.28 5.62 6.57 6.86 10.07 9.71 10.15 10.51 10.37 10.29 10.95 12.56 12.85 15.26 17.08 15.84 14.02 14.31 12.34 15.40 17.16 17.16 17.67 18.25 14.24 13.14 14.24 14.38 11.53 7.66 5.69 6.28 11.17 13.14 14.53
6.28 8.18 10.29 11.46 11.24 9.49 8.25 5.84 4.53 3.80 6.13 7.45 6.86 7.37 8.91 10.66 11.61 13.72 14.09 14.09 14.31 11.97 10.29 8.54 8.40 10.88 10.88 10.95 10.59 10.95 10.73 10.88 12.56 12.48 11.61 11.68 8.69 7.88 6.57 6.64 6.35 6.57 7.52 6.35 6.35 13.43 9.34 4.23 4.31 6.42 9.71 11.61 13.94 10.66 10.15 10.73 11.39 10.44 10.00 11.90 14.09 16.64 18.10 16.86 15.77 15.62 15.55 18.10 18.03 18.03 13.87 11.39 9.71 8.98 8.83 6.64 3.43 4.89 6.57 7.59 9.27 10.95 12.34
5.99 8.25 9.71 10.95 12.05 13.07 11.46 8.69 5.99 5.99 7.45 7.30 7.15 7.52 7.52 6.13 5.91 8.83 10.29 10.29 9.42 10.22 9.64 11.39 11.68 12.99 13.72 13.14 11.75 10.29 10.15 10.51 11.61 12.05 9.71 7.66 6.28 6.06 4.23 5.26 4.96 5.11 6.13 7.59 7.59 14.31 14.24 12.34 11.10 14.16 14.89 16.21 16.13 14.67 14.67 14.45 14.60 13.36 12.26 12.19 12.41 12.56 13.51 14.31 14.82 17.52 16.43 14.82 12.92 12.92 9.34 5.77 5.69 3.80 3.43 3.14 2.77 3.80 5.69 7.37 7.59 7.52 10.15
6.13 7.74 9.93 10.80 9.93 9.34 9.93 9.13 7.30 6.72 9.13 10.00 8.76 13.07 13.65 10.00 8.10 11.02 10.07 10.07 9.56 10.22 10.15 13.65 17.30 18.69 21.02 20.81 18.69 16.35 12.12 10.15 9.78 5.69 6.28 4.60 3.21 0.00 0.00 0.00 1.68 4.53 3.94 6.86 6.86 10.95 10.66 9.49 9.20 11.75 11.24 11.24 13.14 14.09 14.38 17.01 21.39 16.35 11.97 10.80 11.53 12.63 13.29 13.80 13.87 14.60 14.60 13.72 11.10 11.10 10.29 8.69 7.37 5.40 3.29 2.41 2.41 2.19 0.00 4.31 4.38 5.99 6.28
6.13 7.74 9.93 10.80 9.93 9.34 9.93 9.13 7.30 6.72 9.13 10.00 8.76 13.07 13.65 10.00 8.10 11.02 10.07 10.07 9.56 10.22 10.15 13.65 17.30 18.69 21.02 20.81 18.69 16.35 12.12 10.15 9.78 5.69 6.28 4.60 3.21 0.00 0.00 0.00 1.68 4.53 3.94 6.86 6.86 10.95 10.66 9.49 9.20 11.75 11.24 11.24 13.14 14.09 14.38 17.01 21.39 16.35 11.97 10.80 11.53 12.63 13.29 13.80 13.87 14.60 14.60 13.72 11.10 11.10 10.29 8.69 7.37 5.40 3.29 2.41 2.41 2.19 0.00 4.31 4.38 5.99 6.28
4.96 5.04 6.79 8.69 8.47 7.08 7.01 10.22 10.51 9.56 9.49 10.22 8.76 10.22 12.12 11.75 11.24 10.88 8.76 8.76 9.71 11.46 11.39 12.26 15.70 20.00 21.75 22.56 20.88 16.28 11.75 7.23 5.55 4.67 0.00 3.07 1.75 0.00 0.00 0.00 2.19 2.26 2.77 0.00 0.00 0.00 0.00 0.00 0.00 0.00 4.60 5.11 5.69 6.64 8.25 10.29 11.02 10.22 7.59 5.40 5.55 9.20 11.10 12.48 12.99 14.60 14.38 13.43 12.63 12.63 13.43 13.43 12.19 8.47 4.16 2.34 0.80 1.53 3.07 3.58 3.43 4.38 4.23
7.01 8.83 10.73 10.51 10.22 9.27 9.34 12.85 12.92 11.68 11.24 9.34 9.27 8.61 8.47 11.68 11.32 11.61 10.59 10.59 11.32 13.51 14.24 13.65 14.15 14.45 15.73 15.48 16.86 14.97 10.07 8.03 5.77 2.92 0.00 0.00 0.00 0.00 2.56 2.92 3.29 0.00 3.07 0.00 0.00 0.00 0.00 0.00 2.26 0.00 0.00 0.00 0.00 3.07 4.74 6.28 5.55 3.65 3.50 4.38 6.06 7.74 10.29 11.97 12.85 13.58 15.77 15.55 14.45 14.45 14.67 16.86 14.31 10.66 7.08 5.77 3.65 1.83 1.83 2.63 4.09 5.77 3.87
7.45 10.29 12.99 12.48 12.12 11.97 12.48 12.99 12.78 11.02 9.56 9.13 10.00 9.13 8.47 7.88 10.95 10.73 10.37 10.37 11.17 14.02 18.47 18.18 17.69 18.23 15.20 14.05 16.18 18.10 14.97 10.51 8.18 6.06 3.80 2.12 0.00 2.41 2.19 2.41 2.92 0.00 0.00 0.00 0.00 0.00 0.00 3.87 3.43 0.00 0.00 0.00 0.00 0.00 0.00 0.00 0.00 0.00 0.00 0.00 7.23 9.78 13.43 15.40 15.26 13.80 14.45 16.79 15.91 15.91 14.75 14.60 12.34 8.98 7.30 4.96 3.07 1.83 2.92 3.43 3.94 2.63 1.83
8.40 8.10 9.56 11.17 13.14 12.48 12.78 12.63 11.32 9.56 6.57 5.26 7.66 6.50 4.96 5.62 9.71 10.15 8.83 8.83 10.07 12.41 14.08 15.88 17.46 17.78 18.16 19.62 17.99 17.54 15.27 12.99 11.24 9.34 7.66 5.26 0.00 0.00 0.00 0.00 0.00 0.00 0.00 0.00 0.00 0.00 0.00 0.00 0.00 0.00 0.00 0.00 0.00 0.00 0.00 0.00 0.00 0.00 0.00 0.00 8.32 11.02 11.90 12.56 12.92 12.34 14.60 17.45 17.30 17.30 17.67 15.84 13.94 12.56 11.46 9.93 8.10 5.40 3.36 3.58 3.07 2.85 2.70
8.10 6.13 7.23 8.10 6.64 5.62 7.37 8.47 7.96 4.53 0.00 0.00 0.00 0.00 2.26 5.69 6.42 7.59 8.10 8.10 7.11 7.82 9.71 13.09 12.48 13.27 16.21 17.76 18.25 20.44 19.76 18.42 16.57 15.99 14.09 12.56 8.61 5.69 4.16 0.00 0.00 0.00 0.00 0.00 0.00 0.00 0.00 0.00 0.00 0.00 0.00 0.00 0.00 0.00 0.00 0.00 0.00 0.00 0.00 0.00 7.37 10.29 10.51 13.87 15.77 16.28 17.30 18.18 17.59 17.59 17.59 17.01 16.13 16.43 13.51 10.07 8.83 7.59 5.11 5.11 2.70 2.77 3.14
8.10 6.13 7.23 8.10 6.64 5.62 7.37 8.47 7.96 4.53 0.00 0.00 0.00 0.00 2.26 5.69 6.42 7.59 8.10 8.14 7.34 7.94 10.39 12.77 12.80 13.07 16.21 17.23 16.96 19.10 20.07 18.60 17.26 17.96 14.91 12.88 8.61 5.69 4.16 0.00 0.00 0.00 0.00 0.00 0.00 0.00 0.00 0.00 0.00 0.00 0.00 0.00 0.00 0.00 0.00 0.00 0.00 0.00 0.00 0.00 7.37 10.29 10.51 13.87 15.77 16.28 17.30 18.18 17.59 17.59 17.59 17.01 16.13 16.43 13.51 10.07 8.83 7.59 5.11 5.11 2.70 2.77 3.14
8.18 8.61 7.59 7.30 5.40 3.65 3.65 3.65 4.60 6.28 2.34 0.00 0.00 0.00 0.00 5.84 9.27 12.12 11.97 11.97 10.29 7.52 6.50 5.94 6.82 8.46 12.24 15.19 16.21 14.75 15.77 13.94 13.54 17.91 20.32 16.48 13.92 10.69 8.40 7.15 0.00 0.00 0.00 0.00 0.00 0.00 0.00 0.00 0.00 0.00 0.00 0.00 0.00 0.00 0.00 0.00 0.66 0.00 0.00 2.48 6.86 9.20 10.66 13.51 18.03 18.83 17.01 16.35 15.70 15.70 15.33 14.67 14.31 13.87 11.61 7.81 6.50 4.96 4.45 3.80 1.46 1.68 3.36
8.40 9.20 8.69 7.30 7.15 5.11 2.99 3.14 5.84 7.15 6.06 5.55 6.13 0.00 3.50 0.00 8.83 11.02 10.00 10.00 6.46 4.74 4.92 3.94 5.91 5.80 6.23 6.79 9.23 11.69 13.20 13.21 12.70 13.14 16.54 18.52 17.36 13.56 11.59 8.25 3.50 0.00 0.00 0.00 0.00 0.00 0.00 0.00 2.41 2.85 0.00 0.00 0.00 0.00 0.00 0.00 0.00 0.00 0.00 1.31 4.38 5.69 8.76 14.89 17.81 17.01 14.75 12.92 14.02 14.02 12.41 9.86 7.88 6.35 5.48 5.26 3.14 1.24 2.19 2.34 1.83 0.37 1.39
6.94 7.59 8.03 7.74 8.54 9.71 8.32 7.81 7.30 7.88 6.79 6.20 5.91 5.04 4.16 4.96 5.55 4.96 4.31 4.31 2.92 2.19 0.00 5.11 6.94 4.09 0.00 0.00 4.35 7.03 10.53 12.41 14.09 15.70 15.26 16.29 16.18 17.89 14.89 13.21 12.70 10.15 5.26 0.00 0.00 2.92 2.48 0.00 0.00 0.00 4.16 0.00 0.00 0.00 0.00 0.00 0.00 0.00 0.00 0.00 0.00 5.48 9.13 13.51 14.53 11.75 9.27 10.22 10.22 10.22 7.96 4.96 0.00 0.00 0.00 1.53 2.77 4.23 4.89 4.02 3.43 4.53 5.40
0.00 0.00 5.91 6.35 7.52 10.95 12.56 12.63 13.87 13.65 11.68 10.00 7.66 7.15 7.88 9.05 8.40 5.84 5.26 5.26 4.02 0.00 0.00 3.94 3.21 0.00 0.00 0.00 0.00 5.55 7.96 10.51 12.85 14.38 14.45 15.33 17.23 18.08 17.47 16.02 15.19 12.34 8.76 4.74 4.74 2.92 0.00 0.00 0.00 0.00 2.41 0.00 0.00 0.00 5.18 0.00 0.00 0.00 1.90 1.02 0.00 0.00 6.28 6.64 7.15 5.33 4.89 5.84 0.00 0.00 0.00 0.00 0.00 0.00 0.00 0.00 2.12 3.65 5.48 3.72 2.77 6.13 6.57
0.00 0.00 2.77 0.00 0.00 0.00 0.00 0.00 10.59 12.39 14.82 12.99 9.78 7.74 9.20 6.13 4.38 0.00 2.99 2.99 0.00 0.00 3.65 3.07 3.43 0.00 0.00 0.00 0.00 0.00 4.82 7.01 8.54 10.73 11.17 12.99 17.08 15.18 14.53 15.64 15.12 12.47 11.24 8.47 8.47 6.79 4.89 4.23 3.50 0.00 0.00 0.00 0.00 0.00 0.00 0.00 0.00 0.00 4.45 4.16 4.31 4.45 4.16 1.68 2.48 2.19 1.46 0.00 0.00 0.00 0.00 0.00 0.00 0.00 0.00 0.00 0.00 0.00 2.12 5.04 5.40 5.55 4.82
0.00 0.00 0.00 0.00 0.00 3.14 0.00 0.00 0.00 6.51 9.13 10.37 7.15 6.35 5.99 3.87 0.00 0.00 0.00 0.00 0.00 1.31 1.83 0.73 2.70 3.50 4.02 4.09 0.00 0.00 5.45 5.82 6.16 6.77 7.74 9.71 10.37 10.51 12.76 13.65 14.53 12.83 11.02 11.90 11.90 8.25 5.84 5.99 4.31 0.00 4.31 0.00 0.00 0.00 0.00 0.00 0.00 2.34 4.38 4.23 4.16 5.62 4.82 1.83 1.10 2.92 0.00 1.68 0.00 0.00 0.00 0.00 0.00 0.00 0.00 1.02 0.00 0.00 0.00 0.00 1.46 3.58 3.72
0.00 0.00 0.00 0.00 0.00 3.14 0.00 0.00 0.00 6.35 9.13 10.37 7.15 6.35 5.99 3.87 0.00 0.00 0.00 0.00 0.00 1.31 1.83 0.73 2.70 3.50 4.02 4.09 0.00 0.00 5.26 5.62 6.13 6.57 7.74 9.76 10.42 10.51 12.69 13.79 14.53 12.70 11.02 11.90 11.90 8.25 5.84 5.99 4.31 0.00 4.31 0.00 0.00 0.00 0.00 0.00 0.00 2.34 4.38 4.23 4.16 5.62 4.82 1.83 1.10 2.92 0.00 1.68 0.00 0.00 0.00 0.00 0.00 0.00 0.00 1.02 0.00 0.00 0.00 0.00 1.46 3.58 3.72
0.00 0.00 0.00 11.68 0.00 0.00 6.64 0.00 0.00 6.15 0.00 0.00 0.00 0.00 4.31 0.00 0.00 0.00 0.00 0.00 0.00 0.95 0.00 0.00 0.00 0.00 0.00 0.00 5.48 6.57 7.74 6.57 7.15 8.03 7.74 7.52 7.15 8.32 9.56 10.71 9.86 7.66 7.59 7.45 7.45 8.47 7.88 8.47 7.66 5.77 5.33 4.74 3.07 2.70 3.50 0.00 3.80 0.00 0.00 0.00 0.00 3.94 3.87 0.00 0.00 0.00 0.00 2.56 3.21 3.21 0.00 0.00 0.00 0.00 0.00 0.00 0.00 0.00 0.00 0.00 0.00 0.00 3.07
