Wansh/Snow_depth/snowdepth-1985/winter/1985362.txt
ncols 321
nrows 161
xllcenter 60
yllcenter 15 
cellsize  0.25 
NODATA_value -1
[rows 74 to 110 of 161, columns 83 to 165 of 321]
0.00 0.00 0.00 0.00 0.00 0.00 0.00 0.00 0.00 0.00 0.00 0.00 0.00 0.00 2.77 4.23 0.00 0.00 0.00 0.00 3.07 0.00 5.26 0.00 5.04 6.28 8.32 3.72 0.00 0.00 0.00 0.00 0.00 0.00 5.18 4.53 3.29 3.21 4.45 5.48 6.86 3.58 2.41 2.92 2.92 2.70 3.07 2.70 0.73 0.00 0.00 3.87 3.80 3.58 0.00 2.98 0.00 3.50 0.00 0.00 0.00 0.00 0.00 0.00 0.00 0.00 0.00 0.66 2.26 2.26 4.48 6.16 5.04 3.58 2.04 0.66 0.95 0.00 0.00 0.00 0.00 0.00 0.00
0.00 0.00 0.00 0.00 0.00 0.00 2.70 2.99 1.90 3.50 4.82 4.09 0.00 3.07 3.94 3.50 3.65 0.00 3.72 3.72 3.65 4.53 6.13 7.88 5.69 9.05 8.47 0.00 0.00 0.00 0.00 4.09 3.87 4.02 0.00 4.89 7.37 8.32 7.08 7.30 8.54 7.01 8.03 7.30 7.30 2.48 0.00 4.31 3.58 2.41 0.00 1.46 0.00 0.00 4.60 6.28 5.48 0.00 2.41 0.00 0.00 2.56 0.00 0.00 0.00 2.63 0.58 1.90 2.12 2.12 6.16 9.05 7.30 4.60 1.24 2.12 3.29 0.00 0.00 0.00 0.00 0.00 0.00
0.00 0.00 0.51 1.97 3.36 5.18 5.26 5.33 4.53 0.00 5.04 5.55 3.87 4.67 4.31 5.18 5.62 4.96 5.99 5.99 5.18 4.89 4.31 0.00 4.67 3.72 0.00 0.00 0.00 0.00 0.00 0.00 0.00 5.99 8.47 10.80 13.36 11.61 12.05 14.60 15.77 12.48 12.26 11.97 11.97 9.20 6.57 8.40 9.27 9.20 8.91 6.79 4.53 5.69 4.82 5.55 2.56 6.42 11.10 5.91 8.10 9.93 4.31 6.72 4.60 4.60 3.82 3.14 2.56 2.56 8.98 14.45 18.98 11.17 4.82 2.56 1.39 0.00 0.00 0.00 0.00 0.00 0.00
3.07 4.96 5.77 6.57 6.06 3.50 4.45 2.70 4.60 0.00 4.45 5.11 5.26 0.00 4.45 5.11 5.26 4.31 10.59 10.59 7.37 0.00 0.00 0.00 0.00 0.00 0.00 0.00 9.20 10.59 7.23 10.44 11.68 14.31 16.13 17.67 17.45 18.98 20.73 20.22 17.52 18.91 18.61 12.34 12.34 8.83 9.13 11.24 12.34 12.05 11.90 14.60 15.33 13.14 8.76 6.50 6.42 14.53 20.15 21.24 23.94 19.78 19.05 21.83 17.81 10.00 9.64 9.20 7.88 7.88 11.39 16.28 21.61 21.75 12.34 3.58 0.00 0.00 0.00 0.00 0.00 0.00 0.00
12.48 8.40 6.94 7.59 6.50 6.42 6.64 4.02 4.31 4.31 4.23 4.89 3.58 4.96 5.99 4.96 4.96 10.88 14.02 14.02 8.69 8.32 7.59 13.21 9.93 9.13 11.24 18.83 23.07 23.29 23.80 23.29 24.75 23.94 27.96 22.78 22.19 24.38 22.70 20.37 14.45 14.16 17.08 9.71 9.71 6.28 5.69 6.28 0.00 7.52 12.85 23.07 28.62 28.98 12.70 22.70 23.94 27.30 27.52 28.62 32.92 35.33 38.54 33.51 30.00 28.18 23.87 20.00 15.70 15.70 15.84 16.86 22.56 28.69 22.19 8.47 1.90 1.97 0.00 0.00 0.00 0.00 0.00
17.30 15.84 12.26 9.71 7.66 6.28 4.45 3.50 4.16 4.16 5.40 5.04 4.09 4.96 4.74 4.23 5.11 5.91 9.13 9.13 9.49 15.18 17.59 16.79 17.37 18.18 24.75 32.34 30.22 28.40 28.03 24.53 24.45 27.01 27.96 21.10 19.42 20.00 18.10 13.21 11.46 10.29 10.66 7.52 7.52 5.69 4.45 3.87 4.89 6.94 13.72 22.41 28.11 31.32 39.49 41.83 40.73 45.41 39.64 37.01 40.73 44.60 43.58 33.80 34.60 37.16 35.19 29.86 30.15 30.15 24.67 19.42 26.65 29.78 20.66 10.05 1.10 1.61 0.00 0.00 0.00 0.00 0.00
0.00 0.00 0.00 0.00 0.00 5.77 4.31 4.60 3.36 4.16 6.28 6.79 4.74 4.53 3.80 4.09 4.31 10.22 15.48 15.48 19.20 17.59 19.42 20.29 26.43 33.29 34.53 33.58 27.96 26.94 25.26 20.81 19.64 23.14 22.63 13.29 9.64 10.44 9.56 6.72 8.47 8.10 6.64 7.45 7.45 6.20 6.42 7.52 12.85 17.52 21.90 27.67 29.05 29.93 38.76 43.51 48.40 48.25 45.19 41.25 45.04 43.87 38.76 34.09 31.03 30.66 34.67 33.51 37.08 37.08 32.63 28.84 30.00 27.89 17.59 10.44 4.04 0.00 0.00 0.00 0.00 0.00 0.00
0.00 0.00 0.00 0.00 0.00 6.50 7.01 4.60 4.09 5.26 7.37 7.59 6.79 6.72 8.32 8.10 11.17 13.21 14.75 14.75 9.34 13.65 18.25 27.01 35.26 33.58 32.05 25.33 15.77 14.45 14.45 10.59 12.05 16.28 17.08 9.20 3.29 0.00 0.00 0.00 10.15 9.78 9.05 16.13 16.13 25.04 21.39 18.69 25.77 30.44 36.06 41.17 40.51 29.78 41.46 44.90 50.44 48.62 44.09 50.22 48.62 42.92 38.54 37.01 28.18 21.90 22.34 22.48 23.51 23.51 24.24 26.50 25.70 24.89 21.53 15.18 6.02 2.51 1.76 0.00 0.00 0.00 0.00
0.00 0.00 3.14 0.00 0.00 5.48 7.96 4.89 4.38 4.31 5.48 7.30 8.40 11.10 14.67 15.40 20.22 21.02 17.59 17.59 11.39 11.24 17.96 25.84 30.15 22.92 15.77 13.21 6.28 0.00 0.00 0.00 0.00 4.67 8.25 8.40 0.00 0.00 0.00 6.20 10.80 13.87 21.75 35.48 35.48 44.09 45.92 40.22 37.38 37.23 45.19 50.59 51.90 55.19 54.09 50.95 48.98 47.89 44.02 46.94 48.98 42.49 32.56 25.92 20.29 12.26 11.97 12.56 10.73 10.73 11.75 11.53 10.29 13.21 15.99 9.42 2.04 0.00 0.00 0.00 0.00 0.00 0.00
4.89 4.74 5.77 6.35 5.69 5.48 0.00 5.48 4.96 6.13 7.52 9.64 11.46 13.43 18.83 21.32 26.13 26.50 25.99 25.99 13.51 10.59 13.51 17.30 12.41 10.15 7.52 6.50 3.72 0.00 0.00 0.00 5.11 0.00 7.88 11.02 8.61 9.71 8.54 9.56 15.62 25.92 37.45 47.45 47.45 49.49 51.68 52.93 51.47 50.66 51.76 52.19 53.44 54.75 53.44 51.54 47.89 44.82 38.76 37.45 40.59 28.03 15.77 12.34 9.49 6.86 4.02 4.02 4.89 4.89 6.06 0.00 0.00 2.92 5.33 4.67 3.94 0.00 0.00 0.00 0.00 0.00 0.00
5.33 4.45 4.38 5.77 7.37 7.01 0.00 0.00 6.86 9.20 11.24 9.13 9.86 13.94 18.61 30.08 34.16 35.11 28.11 28.11 9.78 7.01 5.99 8.98 7.96 6.86 6.94 3.29 4.16 3.87 4.23 3.14 3.07 3.07 7.01 9.13 14.38 21.90 23.58 20.88 28.18 37.96 42.12 46.21 46.21 50.44 51.83 52.85 53.51 54.97 55.92 54.09 53.58 48.91 43.14 39.86 40.08 36.50 24.82 21.90 22.05 15.84 11.46 9.34 8.32 7.52 6.35 3.14 2.34 2.34 2.63 3.29 3.21 3.80 3.87 3.14 2.77 2.04 0.00 0.00 0.00 0.00 0.00
5.77 0.00 0.00 2.56 0.00 0.00 0.00 0.00 7.52 10.37 9.71 7.23 7.30 9.42 13.07 33.00 33.80 26.28 0.00 0.00 7.52 6.13 6.13 4.67 5.33 5.40 7.01 4.89 3.36 3.43 3.65 5.40 13.07 13.14 7.08 7.96 17.74 30.15 32.49 32.05 35.77 39.71 36.72 41.98 41.98 50.37 53.22 55.77 53.44 51.03 48.76 49.49 50.88 46.79 39.13 34.89 31.39 28.40 15.62 8.83 8.76 10.42 9.09 9.33 7.08 4.89 5.04 3.58 2.41 2.41 3.43 4.16 3.58 3.65 4.31 3.14 1.90 2.99 0.00 0.00 0.00 0.00 0.00
3.58 4.23 0.00 4.53 4.16 4.09 5.69 5.40 6.42 7.59 8.25 7.74 7.01 6.94 10.07 9.71 10.51 11.39 9.20 9.20 7.45 6.50 7.08 9.86 4.45 6.42 6.35 5.62 5.99 5.62 6.13 7.08 7.74 9.27 11.68 14.97 21.90 28.03 35.41 37.01 29.27 24.24 23.36 22.63 22.63 22.63 23.43 15.04 13.72 19.49 24.53 24.60 25.55 24.16 19.20 23.87 25.84 24.45 19.20 13.58 7.59 6.94 7.96 7.82 7.66 7.45 6.94 4.82 4.16 4.16 4.82 6.28 8.18 7.30 3.87 2.85 3.14 4.16 3.36 0.00 0.00 0.00 0.00
1.31 1.17 0.00 0.00 3.14 4.02 4.96 5.26 6.06 6.64 7.96 7.59 7.37 7.37 9.34 12.78 11.90 13.80 10.51 10.51 11.61 9.20 6.94 6.94 3.72 0.00 5.99 5.77 6.72 6.20 8.40 9.20 7.15 13.58 21.10 26.94 33.65 36.28 38.11 34.60 24.45 19.05 16.21 15.26 15.26 17.30 16.50 10.29 8.47 9.20 12.78 15.18 16.35 14.38 11.97 15.26 16.06 16.79 21.10 18.91 11.61 8.03 8.47 6.72 2.99 0.00 0.00 0.00 0.00 0.00 0.00 7.01 9.71 6.94 3.94 3.21 3.29 2.92 0.00 0.00 4.53 0.00 0.00
2.56 0.00 0.00 0.00 0.00 0.00 4.60 4.09 4.45 0.00 5.33 5.91 7.45 7.08 8.54 8.76 8.25 0.00 6.50 6.50 5.91 7.37 3.87 5.55 4.02 0.00 5.99 5.40 6.35 8.54 7.45 7.37 9.42 16.43 24.09 34.89 39.49 32.34 23.87 19.86 15.55 11.90 13.58 19.56 19.56 27.01 27.16 23.80 18.10 12.78 13.94 15.77 15.11 11.10 12.92 15.70 11.61 10.66 14.02 13.51 10.07 8.47 5.11 4.60 3.80 3.83 7.42 0.00 0.00 0.00 0.00 0.00 3.36 2.70 3.87 7.15 3.58 2.48 2.77 0.00 0.00 0.00 0.00
4.45 3.72 0.00 0.00 0.00 0.00 4.09 0.00 0.00 0.00 0.00 3.94 5.48 5.62 7.30 8.83 8.98 0.00 3.72 3.72 5.84 5.40 4.31 0.00 0.00 0.00 5.26 6.35 0.00 7.15 6.57 6.50 14.53 22.85 27.74 30.08 26.13 18.40 11.17 6.94 6.42 7.23 10.51 19.71 19.71 27.81 33.14 35.41 33.36 29.27 30.51 22.19 19.93 17.74 22.63 19.20 13.51 7.59 9.34 9.63 5.90 2.12 3.50 7.08 9.71 10.60 10.69 11.30 8.61 8.61 0.00 0.00 0.00 0.00 3.65 0.00 2.56 2.77 0.00 0.00 0.00 0.00 0.00
2.19 4.89 0.00 0.00 3.14 0.00 0.00 0.00 0.00 0.00 0.00 3.58 3.43 3.80 0.00 5.77 7.23 4.60 4.31 4.31 6.86 4.31 4.38 0.00 4.31 5.84 5.26 7.52 7.59 6.28 4.45 6.06 13.65 15.70 16.28 14.45 10.37 9.42 8.32 5.26 5.77 7.37 9.05 14.02 14.02 22.19 27.81 31.76 30.95 28.76 28.11 25.11 23.36 25.84 17.01 17.08 17.37 10.15 6.35 4.82 1.68 0.53 0.00 0.00 0.00 11.24 10.07 9.89 7.38 7.15 0.00 0.00 0.00 0.00 0.00 0.00 0.00 0.00 0.00 0.00 0.00 0.00 0.00
4.60 4.16 0.00 3.72 3.72 0.00 0.00 0.00 0.00 2.99 3.87 0.00 0.00 0.00 0.00 3.43 4.74 0.00 0.00 0.00 0.00 0.00 1.97 0.00 5.26 6.13 6.72 5.62 3.87 5.62 5.26 3.94 5.40 5.33 5.62 5.48 5.26 5.77 5.84 0.00 5.11 7.59 8.40 8.61 8.61 12.78 14.82 14.75 15.04 18.98 16.57 15.99 19.35 26.13 24.02 23.00 24.82 16.79 9.86 7.89 4.65 3.72 0.00 0.00 0.00 5.48 9.01 11.32 9.34 9.39 4.45 4.70 5.84 5.40 0.00 0.00 0.00 0.00 0.00 0.00 0.00 0.00 0.00
4.31 3.80 2.99 0.00 0.00 0.00 4.16 4.02 0.00 0.00 0.00 0.00 0.00 0.00 2.99 0.00 0.00 0.00 4.45 4.45 3.43 0.00 0.00 0.00 0.00 0.00 0.00 0.00 0.00 0.00 1.53 0.00 0.00 0.00 0.00 1.02 3.58 0.00 4.53 0.00 0.00 0.00 0.00 0.00 0.00 4.74 4.74 4.45 5.11 8.76 8.91 7.81 11.10 18.40 26.72 30.73 29.35 22.70 24.31 16.06 7.41 6.12 4.59 0.00 0.00 0.00 0.00 7.41 6.72 6.72 5.12 8.85 10.93 9.32 6.08 0.00 0.00 0.00 0.00 0.00 0.00 0.00 0.00
0.00 0.00 1.68 0.00 3.50 3.14 0.00 0.00 0.00 0.00 6.06 0.00 0.00 1.39 0.00 4.02 4.89 0.00 0.00 0.00 0.00 0.00 0.00 0.00 0.00 0.00 0.00 0.00 0.00 0.00 0.00 0.00 0.00 0.00 0.00 0.00 0.00 0.00 5.48 4.96 4.38 3.87 0.00 0.00 0.00 5.04 4.96 6.20 4.38 5.40 11.32 10.44 10.80 16.79 20.37 27.89 27.16 31.97 33.07 25.48 18.32 7.81 5.00 4.23 0.00 0.00 9.21 5.21 3.72 3.72 2.21 5.79 12.18 15.56 13.06 9.19 10.20 0.00 0.00 0.00 0.00 0.00 0.00
5.62 3.50 3.50 0.00 0.00 0.00 0.00 0.00 0.00 0.00 7.15 6.13 0.00 0.00 0.00 3.94 3.65 2.34 0.00 0.00 0.00 3.21 2.48 0.00 0.00 0.00 0.00 0.00 5.62 6.28 0.00 0.00 0.00 0.00 0.00 0.00 3.14 4.67 5.91 4.67 0.00 0.00 0.00 0.00 0.00 0.00 4.60 7.23 6.28 6.94 13.14 15.18 15.55 13.56 14.83 17.28 23.12 21.98 24.82 30.15 27.38 13.87 7.04 4.92 6.61 0.00 0.00 0.00 0.00 0.00 4.50 6.88 8.52 9.28 15.09 16.53 13.94 11.62 9.46 0.00 0.00 0.00 0.00
6.72 8.18 5.84 0.00 0.00 0.00 1.97 0.00 0.00 0.00 0.00 0.00 0.00 0.00 0.00 0.00 0.00 0.00 0.00 0.00 0.00 0.00 0.00 7.59 6.57 0.00 4.60 2.26 2.04 5.04 3.43 0.00 0.00 0.00 3.58 5.18 4.74 3.50 3.36 0.00 0.00 0.00 0.00 0.00 0.00 0.00 3.65 5.77 5.69 9.05 14.82 19.20 19.71 11.68 13.22 23.15 21.22 20.89 21.46 17.05 20.28 15.63 9.46 7.34 6.29 7.14 0.00 0.00 0.00 0.00 0.00 0.00 0.00 0.00 8.07 10.93 11.74 10.28 0.00 0.00 0.00 0.00 0.00
3.87 6.35 8.32 8.18 6.06 0.00 6.13 5.55 3.50 0.00 0.00 0.00 0.00 7.81 0.00 0.00 0.00 0.00 0.00 0.00 0.00 0.00 0.00 8.10 3.58 0.00 4.53 1.68 3.07 7.45 8.03 0.00 0.00 0.00 4.96 4.74 3.80 0.00 0.00 0.00 0.00 0.00 0.00 4.82 4.82 4.89 4.74 6.57 7.88 10.00 15.91 20.29 20.00 18.98 16.14 14.15 15.33 10.11 14.98 17.57 21.10 21.15 16.65 11.66 8.11 7.46 12.70 6.24 0.00 0.00 0.00 0.00 0.00 0.00 0.00 6.13 8.58 0.00 0.00 0.00 0.00 0.00 0.00
4.23 0.00 5.40 9.56 9.27 6.28 8.40 9.27 6.28 5.62 5.91 0.00 0.00 0.00 0.00 0.00 0.00 0.00 0.00 0.00 9.20 0.00 0.00 1.10 0.00 0.00 0.00 2.92 2.04 0.00 6.35 0.00 0.00 0.00 3.43 2.99 0.00 0.00 0.00 6.42 0.00 6.28 11.46 12.12 12.12 11.53 5.33 5.99 5.04 9.78 15.57 22.35 23.79 25.07 27.60 18.64 11.23 12.63 11.97 10.64 13.61 17.31 24.21 24.38 11.53 5.71 6.98 6.15 2.26 2.20 0.00 0.00 0.00 0.00 0.00 4.84 5.62 0.00 0.00 0.00 0.00 0.00 0.00
15.91 7.96 11.90 10.29 10.44 13.21 12.12 8.32 5.26 6.79 9.78 10.29 11.17 7.74 0.00 0.00 0.00 0.00 0.00 0.00 0.00 0.00 0.00 0.00 2.04 4.89 4.89 3.58 4.09 4.31 5.91 4.60 2.48 3.87 4.45 2.70 0.00 0.00 14.67 10.15 0.00 4.67 6.72 8.40 8.40 11.97 12.78 12.41 12.99 17.59 18.47 20.32 14.60 14.08 13.17 12.78 10.69 17.17 21.94 22.16 17.02 11.23 8.40 12.56 12.64 9.71 8.22 4.99 2.70 2.65 0.00 0.00 0.00 9.08 15.00 14.15 9.20 4.39 0.00 0.00 0.00 5.14 0.00
13.43 13.07 13.65 14.60 18.32 18.91 17.37 8.40 0.00 0.00 0.00 5.62 14.09 13.80 7.37 5.99 4.38 2.34 0.00 0.00 0.00 0.00 4.67 0.00 0.00 3.65 4.45 5.55 5.69 5.48 6.06 7.01 6.13 7.01 8.18 6.13 3.80 7.52 7.45 2.34 1.31 2.56 4.31 7.08 7.08 11.68 13.51 13.29 12.92 13.09 17.11 18.14 10.85 11.03 11.01 7.39 2.92 9.82 13.34 12.77 20.23 18.07 12.48 10.63 7.83 6.42 6.94 5.28 0.00 0.00 0.00 0.00 0.00 7.04 9.91 12.04 7.81 0.00 0.00 0.00 0.00 0.00 0.00
9.56 15.18 15.62 11.46 9.86 13.58 18.47 12.48 0.00 0.00 0.00 0.00 0.00 8.03 9.05 7.74 6.79 3.21 3.07 3.07 0.00 2.99 1.31 0.00 0.58 0.73 2.41 2.85 4.67 4.16 5.62 6.06 4.82 6.35 11.10 10.73 12.05 10.95 3.87 0.66 1.39 0.29 1.83 3.87 3.87 7.30 10.51 12.48 8.48 9.17 10.75 11.39 11.72 13.70 14.52 11.83 7.11 4.27 5.71 8.17 17.69 21.19 20.19 12.41 6.86 3.36 4.02 5.66 2.35 2.61 0.00 0.00 0.00 4.01 9.81 11.46 7.82 0.00 0.00 0.00 0.00 0.00 0.00
3.72 8.54 9.93 9.64 0.29 7.08 17.01 14.16 8.73 0.00 0.00 0.00 0.00 0.00 6.35 0.00 0.00 2.85 0.00 0.00 0.00 2.92 2.48 2.26 1.17 1.68 1.31 1.61 2.41 4.02 5.26 3.94 2.99 3.07 5.77 10.80 11.90 8.18 3.80 0.22 0.58 1.10 1.02 2.56 2.56 5.62 8.25 8.83 9.46 11.53 10.32 9.73 9.73 10.06 16.94 11.36 8.58 3.57 3.29 8.63 10.50 14.77 18.63 15.19 11.24 4.96 3.24 6.82 6.75 6.51 0.00 0.00 0.00 5.62 8.53 8.41 4.27 0.00 0.00 0.00 0.00 0.00 0.00
0.00 0.00 1.02 0.00 0.00 3.80 9.05 12.56 12.56 12.99 6.06 2.85 0.00 0.00 0.00 0.00 0.00 0.00 0.00 0.00 2.77 3.36 3.65 2.26 2.63 3.07 3.07 0.95 1.83 3.50 2.19 1.68 2.56 1.53 2.56 7.52 5.48 2.26 2.85 0.00 0.00 0.00 3.21 4.96 4.96 6.42 5.62 8.32 12.41 14.16 13.07 14.60 13.91 13.66 9.36 8.48 10.64 0.00 0.00 9.85 13.96 9.30 12.59 13.67 15.46 12.62 5.19 6.15 9.57 9.62 3.67 0.00 0.00 3.56 3.79 3.67 2.09 2.09 0.00 0.00 0.00 0.00 0.00
0.00 0.00 0.00 0.00 0.00 0.00 8.54 13.43 12.70 19.71 12.85 8.83 2.99 0.00 0.00 0.00 0.00 0.00 0.00 0.00 2.63 2.70 1.17 0.07 0.00 0.00 0.58 1.02 0.95 2.34 0.00 1.46 2.77 1.91 0.95 3.65 0.07 0.00 0.00 0.00 0.00 1.10 2.56 2.26 2.26 3.89 1.24 5.94 8.18 10.45 11.06 17.96 15.56 14.07 0.00 0.00 0.00 0.00 0.00 9.05 9.73 11.75 15.15 18.23 16.26 14.00 11.88 4.71 4.79 5.60 8.65 0.00 0.00 0.00 0.88 1.48 2.42 4.87 4.23 0.00 0.00 0.00 9.61
0.00 0.00 0.00 0.00 0.00 0.00 0.00 10.15 13.07 19.20 14.97 11.75 1.68 7.01 1.75 3.72 3.94 2.85 0.00 0.00 0.00 3.21 1.46 0.00 0.00 0.66 1.02 0.00 0.29 0.00 0.58 1.61 1.39 0.00 0.00 0.00 0.44 0.00 0.00 0.00 0.00 0.51 0.22 0.58 0.58 0.29 1.31 0.66 2.81 5.96 7.42 8.54 0.00 0.00 0.00 0.00 0.00 0.00 0.00 0.00 9.19 14.13 11.37 16.07 17.05 14.17 12.94 9.49 4.92 5.51 11.11 0.00 0.00 0.00 0.00 0.00 4.12 6.72 0.00 0.00 0.00 0.00 0.00
0.00 0.00 0.00 0.00 0.00 0.00 0.00 0.00 7.59 16.06 16.94 9.64 6.72 12.12 13.07 13.58 13.12 9.07 0.00 0.00 0.00 1.17 0.00 0.00 0.00 0.07 2.26 1.53 0.00 0.00 1.24 1.61 0.73 0.44 0.37 0.44 2.04 0.58 0.00 8.76 0.00 0.00 0.58 1.31 1.31 0.00 2.56 0.58 3.97 7.95 10.54 10.99 9.62 0.00 0.00 0.00 0.00 0.00 0.00 0.00 0.00 0.00 11.87 7.52 12.43 13.98 11.49 12.54 7.11 7.26 11.64 0.00 0.00 0.00 0.00 0.00 5.32 5.65 0.00 0.00 0.00 0.00 0.00
0.00 0.00 0.00 0.00 0.00 0.00 0.00 0.00 0.00 9.05 9.42 7.66 20.73 10.73 11.02 14.24 15.41 10.37 8.23 7.68 4.09 5.04 0.95 0.00 0.00 0.00 0.00 0.00 0.00 0.00 0.00 0.00 0.00 1.53 1.75 2.70 0.00 0.00 0.00 0.00 0.00 0.00 0.00 2.34 2.34 2.34 0.00 1.32 4.94 12.72 0.00 0.00 0.00 0.00 0.00 0.00 0.00 0.00 0.00 0.00 0.00 0.00 0.00 0.00 0.00 0.00 12.15 10.74 9.84 12.02 10.85 6.72 9.61 0.00 0.00 0.00 5.78 0.00 0.00 0.00 0.00 0.00 0.00
0.00 0.00 0.00 0.00 0.00 0.00 0.00 0.00 0.00 0.00 0.00 0.00 0.00 0.00 0.00 0.00 0.00 0.00 8.87 9.01 16.86 16.35 16.43 14.53 12.26 15.26 12.48 9.42 4.60 0.00 6.72 10.80 8.10 6.50 0.00 8.69 10.95 12.48 8.76 10.00 8.80 10.69 10.84 5.91 5.91 4.09 0.00 1.39 6.46 7.89 0.00 0.00 0.00 0.00 0.00 0.00 0.00 0.00 0.00 0.00 0.00 0.00 0.00 0.00 0.00 0.00 13.78 0.00 0.00 0.00 0.00 0.00 0.00 0.00 0.00 0.00 0.00 0.00 0.00 0.00 0.00 0.00 0.00
0.00 0.00 0.00 0.00 0.00 0.00 0.00 0.00 0.00 0.00 0.00 0.00 0.00 0.00 0.00 0.00 0.00 0.00 0.00 0.00 2.63 6.29 11.20 17.01 16.86 18.91 11.18 17.30 18.03 18.10 20.08 23.80 19.93 14.09 10.15 9.71 11.97 16.94 22.56 19.42 9.56 13.34 19.81 16.86 18.84 8.10 5.62 10.80 13.03 13.81 0.00 0.00 0.00 0.00 0.00 0.00 0.00 0.00 0.00 0.00 0.00 0.00 0.00 0.00 0.00 0.00 0.00 0.00 0.00 0.00 0.00 0.00 0.00 0.00 0.00 0.00 0.00 0.00 0.00 0.00 0.00 0.00 0.00
0.00 0.00 0.00 0.00 0.00 0.00 0.00 0.00 0.00 0.00 0.00 0.00 0.00 0.00 0.00 0.00 0.00 0.00 0.00 0.00 0.00 0.00 4.53 7.96 12.26 11.68 3.96 12.74 15.91 21.39 19.64 15.62 22.05 19.05 15.77 5.69 3.63 9.86 13.51 8.83 0.00 0.00 13.14 7.34 9.32 12.87 14.98 13.64 10.80 6.15 0.00 0.00 0.00 0.00 0.00 0.00 0.00 0.00 0.00 0.00 0.00 0.00 0.00 0.00 0.00 0.00 0.00 0.00 0.00 0.00 0.00 0.00 0.00 0.00 0.00 0.00 0.00 0.00 0.00 0.00 0.00 0.00 0.00
0.00 0.00 0.00 0.00 0.00 0.00 0.00 0.00 0.00 0.00 0.00 0.00 0.00 0.00 0.00 0.00 0.00 0.00 0.00 0.00 0.00 0.00 0.00 0.00 0.00 0.00 0.00 5.77 4.96 11.02 4.23 6.42 0.00 0.00 0.00 0.00 0.00 0.00 0.00 0.00 0.00 0.00 0.00 0.00 0.00 0.00 6.60 1.30 0.00 0.00 0.00 0.00 0.00 0.00 0.00 0.00 0.00 0.00 0.00 0.00 0.00 0.00 0.00 0.00 0.00 0.00 0.00 0.00 0.00 0.00 0.00 0.00 0.00 0.00 0.00 0.00 0.00 0.00 0.00 0.00 0.00 0.00 0.00
