Wansh/Snow_depth/snowdepth-1985/winter/1985343.txt
ncols 321
nrows 161
xllcenter 60
yllcenter 15 
cellsize  0.25 
NODATA_value -1
[rows 0 to 36 of 161, columns 83 to 165 of 321]
9.93 14.02 15.33 15.04 13.80 13.58 10.37 6.50 6.13 8.40 9.78 11.61 12.56 13.43 12.19 12.12 11.17 11.17 11.02 11.02 11.61 11.02 9.42 8.40 6.50 4.60 3.14 1.90 1.75 1.46 1.39 3.21 6.13 7.15 5.11 3.07 1.68 0.00 0.29 0.00 2.41 4.82 0.00 0.00 0.00 0.00 0.00 4.23 4.82 6.13 7.59 8.54 7.59 6.35 5.69 4.16 4.67 5.84 5.18 5.04 4.60 4.09 3.14 1.46 1.97 3.94 4.23 2.92 2.99 2.99 3.21 3.80 3.80 4.31 4.89 7.01 7.74 7.23 7.88 7.59 7.30 6.72 6.35
12.48 13.36 12.41 11.10 12.26 11.02 8.61 6.13 5.55 6.94 8.47 9.64 7.81 7.81 6.57 5.91 5.69 9.49 8.32 8.32 6.28 5.55 5.26 7.81 7.23 5.33 3.94 4.31 1.24 0.80 2.41 5.77 7.81 8.10 7.37 5.26 0.00 0.00 0.44 1.46 0.00 0.00 0.00 0.22 0.22 2.70 3.21 4.74 4.23 3.72 4.16 4.53 4.82 6.20 5.91 6.86 7.08 7.08 7.52 6.86 6.06 5.26 4.38 5.55 4.67 4.67 4.09 5.62 4.89 4.89 5.26 6.64 4.09 4.96 5.40 5.26 6.79 5.91 5.69 7.37 8.83 9.56 9.13
12.05 11.90 11.32 9.27 6.64 2.77 4.60 7.30 8.91 9.64 9.49 8.98 8.69 7.88 6.64 3.72 0.37 3.94 6.20 6.20 6.35 2.48 2.99 4.60 5.18 4.60 3.87 4.53 2.92 1.46 2.26 3.72 3.07 3.50 4.89 5.62 3.87 3.50 2.63 2.26 0.95 0.00 0.00 2.70 2.70 1.90 2.26 3.58 3.72 4.45 2.19 2.63 2.26 2.56 2.85 4.02 5.18 5.84 7.15 8.10 7.66 7.01 7.52 8.18 7.23 7.81 8.25 8.83 9.78 9.78 8.98 7.81 6.79 5.26 4.31 4.82 5.84 6.86 6.28 6.28 8.61 7.15 4.45
12.05 11.90 11.32 9.27 6.64 2.77 4.60 7.30 8.91 9.64 9.49 8.98 8.69 7.88 6.64 3.72 0.37 3.94 6.20 6.20 6.35 2.48 2.99 4.60 5.18 4.60 3.87 4.53 2.92 1.46 2.26 3.72 3.07 3.50 4.89 5.62 3.87 3.50 2.63 2.26 0.95 0.00 0.00 2.70 2.70 1.90 2.26 3.58 3.72 4.45 2.19 2.63 2.26 2.56 2.85 4.02 5.18 5.84 7.15 8.10 7.66 7.01 7.52 8.18 7.23 7.81 8.25 8.83 9.78 9.78 8.98 7.81 6.79 5.26 4.31 4.82 5.84 6.86 6.28 6.28 8.61 7.15 4.45
8.10 4.82 2.85 3.07 4.02 4.38 7.81 8.54 10.73 10.95 9.27 7.37 6.20 5.62 6.64 7.23 7.30 4.38 2.70 2.70 1.39 3.36 5.91 8.18 5.99 4.60 4.38 3.36 3.43 4.09 4.23 3.65 1.90 2.34 5.48 7.59 5.62 3.14 2.12 1.68 0.00 0.00 0.80 0.00 0.00 1.24 2.56 1.31 3.21 4.09 3.87 3.80 3.58 2.56 1.97 2.63 3.07 3.65 5.55 7.23 7.74 8.91 10.95 10.59 11.24 10.73 10.37 9.56 11.46 11.46 10.29 8.69 8.61 7.74 5.91 5.62 5.04 6.86 7.74 9.34 10.37 9.86 8.76
10.80 7.96 0.00 4.60 5.55 0.00 1.39 2.19 2.63 2.92 4.60 5.40 7.52 8.91 8.83 7.66 7.01 5.62 4.60 4.60 2.77 1.75 2.56 4.23 5.99 7.66 7.30 3.65 4.38 3.65 2.63 2.04 2.70 3.65 4.38 5.18 5.69 4.02 0.88 0.00 0.00 1.46 2.12 1.39 1.39 2.34 3.72 3.14 4.02 3.21 2.34 3.58 3.43 2.99 3.43 3.58 3.72 3.43 5.33 6.13 7.01 8.03 11.61 14.09 15.40 14.24 12.12 10.44 10.66 10.66 12.05 10.88 11.24 10.07 8.83 8.47 7.23 5.55 6.50 8.54 10.00 10.37 10.88
6.06 5.48 0.00 0.00 5.55 4.31 3.50 3.43 4.60 4.53 4.31 3.72 4.09 6.13 8.03 8.10 5.62 0.00 2.26 2.26 0.00 6.13 4.45 2.41 3.07 5.33 3.80 2.34 2.63 1.90 1.68 1.10 1.39 2.34 3.07 3.50 3.80 2.77 0.58 0.00 0.22 0.44 0.00 1.53 1.53 3.07 3.80 3.43 3.36 3.07 3.07 3.07 2.77 2.56 3.21 4.31 5.91 6.94 7.74 8.03 8.98 12.48 13.36 15.33 15.18 13.72 13.80 14.53 14.53 14.53 13.87 14.09 15.11 15.04 14.60 13.65 12.78 10.66 7.37 5.55 6.50 8.40 10.66
6.06 5.48 0.00 0.00 5.55 4.31 3.50 3.43 4.60 4.53 4.31 3.72 4.09 6.13 8.03 8.10 5.62 0.00 2.26 2.26 0.00 6.13 4.45 2.41 3.07 5.33 3.80 2.34 2.63 1.90 1.68 1.10 1.39 2.34 3.07 3.50 3.80 2.77 0.58 0.00 0.22 0.44 0.00 1.53 1.53 3.07 3.80 3.43 3.36 3.07 3.07 3.07 2.77 2.56 3.21 4.31 5.91 6.94 7.74 8.03 8.98 12.48 13.36 15.33 15.18 13.72 13.80 14.53 14.53 14.53 13.87 14.09 15.11 15.04 14.60 13.65 12.78 10.66 7.37 5.55 6.50 8.40 10.66
0.00 0.00 0.00 0.00 0.00 0.00 0.00 4.45 4.23 4.09 4.09 3.80 2.77 3.36 5.62 7.59 8.18 5.33 4.96 4.96 6.20 9.27 8.98 6.72 4.23 3.58 2.04 2.19 3.65 4.23 4.67 4.09 2.77 3.43 4.09 5.69 2.70 1.68 1.83 0.00 1.24 2.04 2.85 2.85 2.85 3.29 4.23 4.38 3.94 3.87 3.36 2.92 2.48 3.43 4.74 5.55 6.79 6.94 5.77 5.99 7.37 9.56 8.83 11.53 11.83 11.53 14.09 14.16 15.55 15.55 16.50 16.72 18.10 15.40 15.40 15.18 15.40 14.89 13.07 11.97 8.03 6.94 9.20
0.00 0.00 0.00 0.00 0.00 0.00 0.00 0.00 2.56 0.00 0.00 2.48 2.34 3.07 3.94 6.06 6.42 6.64 0.00 0.00 0.00 6.42 5.69 4.60 4.23 1.90 0.37 2.19 2.85 3.36 3.14 4.02 4.89 6.13 7.15 5.40 3.72 3.80 3.65 3.72 3.58 4.16 4.60 3.87 3.87 4.02 4.53 4.67 3.80 5.69 6.13 7.01 8.69 9.49 8.98 7.01 7.23 7.23 6.20 6.72 4.82 5.77 5.84 6.86 7.37 7.59 10.07 10.37 13.29 13.29 12.99 13.65 14.97 14.67 14.97 13.07 16.72 18.54 20.66 18.76 15.40 10.22 8.76
0.00 0.00 0.00 4.74 0.00 0.00 0.00 0.00 0.80 2.04 4.31 4.16 4.89 4.23 4.53 4.74 6.06 5.99 0.00 0.00 0.00 0.00 2.04 1.61 2.19 2.19 2.34 3.29 3.21 3.50 3.72 4.31 5.18 4.16 3.50 2.04 3.50 3.50 5.26 3.50 3.80 3.94 4.23 4.67 4.67 3.72 2.92 4.74 6.28 7.01 6.13 5.48 6.50 8.18 8.32 8.10 8.69 9.27 9.34 8.98 4.89 4.53 5.11 4.82 6.13 7.01 12.63 14.97 18.83 18.83 18.61 16.21 14.75 14.09 12.41 14.09 19.35 23.73 24.38 22.05 17.23 13.36 11.17
0.00 0.00 0.00 4.74 0.00 0.00 0.00 0.00 0.80 2.04 4.31 4.16 4.89 4.23 4.53 4.74 6.06 5.99 0.00 0.00 0.00 0.00 2.04 1.61 2.19 2.19 2.34 3.29 3.21 3.50 3.72 4.31 5.18 4.16 3.50 2.04 3.50 3.50 5.26 3.50 3.80 3.94 4.23 4.67 4.67 3.72 2.92 4.74 6.28 7.01 6.13 5.48 6.50 8.18 8.32 8.10 8.69 9.27 9.34 8.98 4.89 4.53 5.11 4.82 6.13 7.01 12.63 14.97 18.83 18.83 18.61 16.21 14.75 14.09 12.41 14.09 19.35 23.73 24.38 22.05 17.23 13.36 11.17
0.00 0.00 0.00 0.00 3.50 2.77 2.12 0.00 0.00 0.00 4.38 4.31 4.23 4.53 5.18 5.48 0.00 0.00 0.00 0.00 0.00 0.00 3.94 3.72 4.23 4.38 4.09 4.09 3.21 2.70 3.58 4.09 4.09 3.87 5.26 4.96 4.53 8.61 6.06 5.40 6.20 6.79 6.86 7.01 7.01 3.65 4.89 6.28 7.37 6.64 6.50 4.23 4.09 4.82 5.33 6.20 7.59 10.51 12.85 12.48 8.91 7.15 7.37 8.76 7.08 7.37 9.49 11.32 14.09 14.09 15.40 15.33 15.04 13.87 14.24 16.72 20.59 23.94 26.13 24.16 21.24 18.32 16.79
0.00 0.00 0.00 0.00 0.00 0.00 0.00 0.00 3.94 4.23 4.38 0.00 0.00 0.00 0.00 0.00 0.00 0.00 0.00 0.00 0.00 0.00 3.72 5.84 5.84 4.31 4.23 4.96 4.31 6.06 7.01 8.10 8.91 10.37 8.18 6.20 13.58 12.56 7.74 6.79 8.47 8.18 7.01 5.77 5.77 5.40 6.35 8.69 10.07 8.47 7.52 6.20 5.04 5.18 3.29 3.43 5.26 8.32 11.17 8.98 10.29 9.64 11.02 10.37 10.66 11.10 12.34 12.99 11.83 11.83 12.41 15.18 13.87 11.24 11.75 16.21 20.15 19.27 21.53 19.71 17.01 15.04 12.78
0.00 0.00 0.00 0.00 0.00 0.00 0.00 0.00 0.00 6.20 8.10 7.15 6.79 7.81 8.83 0.00 0.00 0.00 0.00 0.00 0.00 5.48 6.50 6.50 5.18 3.21 4.09 5.77 6.57 6.72 7.52 12.34 14.89 14.60 10.37 10.44 7.74 6.94 6.42 6.79 5.91 6.50 6.28 8.25 8.25 8.10 6.79 6.64 7.74 9.05 10.00 9.20 7.96 7.01 6.42 6.35 7.45 9.64 10.00 8.76 7.74 8.61 8.10 9.56 10.37 10.73 11.02 9.64 10.37 10.37 10.15 10.95 10.22 6.72 5.33 7.52 12.48 8.18 1.31 0.00 14.53 16.35 15.48
0.00 0.00 0.00 0.00 8.76 0.00 0.00 0.00 0.00 0.00 5.77 6.06 6.79 6.79 7.23 7.74 8.61 9.64 8.03 8.03 6.86 6.57 6.64 7.96 8.03 7.52 6.42 5.18 5.18 7.59 10.15 12.41 14.24 14.24 12.41 8.61 5.04 5.99 4.31 5.18 6.50 6.64 6.50 6.79 6.79 6.79 6.57 6.28 5.77 8.10 9.13 9.49 8.91 8.54 8.83 8.76 8.83 9.13 7.66 6.50 6.64 6.06 7.08 7.30 8.10 8.76 10.44 12.41 13.94 13.94 13.36 10.95 9.64 6.28 5.62 11.90 13.51 9.56 0.00 0.00 13.72 17.81 18.10
0.00 0.00 0.00 0.00 8.76 0.00 0.00 0.00 0.00 0.00 5.77 6.06 6.79 6.79 7.23 7.74 8.61 9.64 8.03 8.03 6.86 6.57 6.64 7.96 8.03 7.52 6.42 5.18 5.18 7.59 10.15 12.41 14.24 14.24 12.41 8.61 5.04 5.99 4.31 5.18 6.50 6.64 6.50 6.79 6.79 6.79 6.57 6.28 5.77 8.10 9.13 9.49 8.91 8.54 8.83 8.76 8.83 9.13 7.66 6.50 6.64 6.06 7.08 7.30 8.10 8.76 10.44 12.41 13.94 13.94 13.36 10.95 9.64 6.28 5.62 11.90 13.51 9.56 0.00 0.00 13.72 17.81 18.10
6.06 7.66 0.00 7.52 7.45 0.00 3.29 2.04 3.14 3.07 4.09 4.53 4.89 5.91 6.64 7.01 8.76 10.51 8.83 8.83 6.42 6.57 6.50 5.62 5.77 7.81 9.13 6.35 6.35 6.06 6.13 9.42 10.88 12.19 9.27 6.72 4.74 4.09 4.02 4.74 4.82 6.20 5.99 5.62 5.62 6.13 6.35 5.26 4.38 5.91 8.61 8.47 7.96 8.03 8.54 8.83 7.74 7.45 7.96 6.13 8.69 10.29 9.20 8.76 7.66 9.13 10.80 13.29 13.94 13.94 13.07 11.53 9.64 7.59 12.92 18.83 17.16 10.44 9.20 8.03 10.59 12.70 15.26
0.00 7.30 9.49 8.69 6.13 0.00 0.00 4.16 3.07 2.26 3.14 4.16 4.89 7.74 9.64 9.86 9.86 9.71 8.98 8.98 8.83 7.88 5.62 5.04 5.40 6.72 7.74 7.74 7.30 6.50 7.23 8.40 8.61 11.32 11.61 10.59 8.98 5.91 4.31 4.38 6.79 6.50 6.35 5.33 5.33 5.04 0.00 0.00 0.00 0.00 3.29 4.74 5.84 5.84 7.01 6.28 6.64 7.74 8.10 9.56 12.92 12.34 14.24 13.36 11.61 9.34 9.42 11.68 15.48 15.48 15.91 12.63 10.59 10.00 12.41 13.80 9.27 7.23 6.64 4.60 6.57 11.46 14.02
5.11 6.64 7.45 9.27 9.27 8.69 6.64 5.84 3.94 3.21 3.07 3.87 4.23 4.67 5.04 7.15 8.40 9.20 8.91 8.91 10.29 9.64 8.47 6.86 6.13 7.52 8.98 8.18 7.45 7.15 7.52 7.52 8.91 8.40 8.61 9.42 8.25 5.11 4.23 5.69 6.86 4.74 4.02 3.50 3.50 0.00 0.00 0.00 0.00 0.00 4.60 5.48 7.37 8.25 7.59 6.79 9.64 6.13 6.50 8.69 11.32 13.72 13.87 12.48 11.90 12.63 16.35 15.26 14.97 14.97 12.19 8.76 7.08 6.94 5.48 2.92 2.19 2.19 4.53 5.55 7.15 9.13 10.37
3.94 6.13 7.37 7.37 7.01 8.83 9.05 8.61 6.42 1.17 4.67 5.84 6.42 6.79 6.35 5.33 5.69 6.86 7.08 7.08 8.40 8.61 8.91 8.61 8.83 7.88 9.27 11.17 9.05 9.71 9.71 8.18 9.78 10.44 8.61 5.11 5.40 0.00 0.00 0.00 3.80 5.55 4.74 5.91 5.91 9.13 5.04 1.17 3.65 5.77 7.08 8.32 9.93 10.00 9.56 9.42 10.22 9.49 8.03 9.49 9.13 7.88 10.80 11.97 12.63 13.51 13.51 12.78 10.66 10.66 7.59 4.89 5.62 5.26 3.87 1.83 0.51 1.24 3.07 4.74 7.23 6.79 7.59
4.02 6.06 6.86 7.15 6.86 5.62 4.67 4.02 1.90 4.53 9.05 8.76 6.79 6.57 8.32 6.06 5.18 6.06 6.06 6.06 6.72 8.54 7.81 8.83 10.07 13.07 16.57 18.18 17.45 15.18 11.39 8.69 7.88 6.64 4.16 2.63 0.00 0.00 0.00 0.00 0.00 5.48 5.18 0.00 0.00 5.84 5.77 4.60 4.16 4.60 5.11 6.13 7.74 8.83 9.42 12.12 16.79 14.31 10.95 9.78 8.18 9.78 11.53 10.29 11.97 11.17 11.53 10.88 8.91 8.91 6.42 4.53 3.50 2.41 2.12 1.83 2.26 2.92 1.39 2.85 4.09 4.67 4.23
4.02 6.06 6.86 7.15 6.86 5.62 4.67 4.02 1.90 4.53 9.05 8.76 6.79 6.57 8.32 6.06 5.18 6.06 6.06 6.06 6.72 8.54 7.81 8.83 10.07 13.07 16.57 18.18 17.45 15.18 11.39 8.69 7.88 6.64 4.16 2.63 0.00 0.00 0.00 0.00 0.00 5.48 5.18 0.00 0.00 5.84 5.77 4.60 4.16 4.60 5.11 6.13 7.74 8.83 9.42 12.12 16.79 14.31 10.95 9.78 8.18 9.78 11.53 10.29 11.97 11.17 11.53 10.88 8.91 8.91 6.42 4.53 3.50 2.41 2.12 1.83 2.26 2.92 1.39 2.85 4.09 4.67 4.23
4.89 3.43 5.77 5.77 4.74 3.80 4.38 5.77 6.42 5.40 5.18 5.84 6.06 7.30 6.50 6.06 6.72 6.79 6.13 6.13 4.53 6.35 7.81 8.47 11.24 15.91 21.02 22.12 21.02 18.03 8.32 6.35 4.31 0.00 0.00 0.00 0.00 0.00 0.00 0.00 0.00 0.00 0.00 0.00 0.00 0.00 2.92 1.68 0.00 8.91 6.35 0.00 0.00 5.77 5.77 8.54 11.02 9.20 6.50 4.02 5.84 8.10 8.25 8.69 11.61 13.36 12.48 9.78 9.05 9.05 9.56 10.66 10.44 5.11 1.68 1.02 0.80 1.10 1.61 2.04 2.04 3.21 2.70
5.69 6.35 8.18 7.59 5.91 5.40 7.08 8.69 8.98 5.84 3.65 3.87 5.26 7.01 5.62 6.50 7.59 7.08 6.42 6.42 7.01 9.42 11.97 11.97 10.43 11.15 14.04 15.04 17.37 17.45 8.25 5.84 0.00 0.00 0.00 0.00 0.00 0.00 3.43 0.00 1.53 0.00 0.00 0.00 0.00 0.00 0.00 0.00 0.00 0.00 0.00 0.00 0.00 0.00 2.26 0.00 0.00 0.00 4.09 3.43 4.96 7.52 9.78 11.24 10.66 10.22 11.97 12.34 11.46 11.46 12.34 12.05 10.73 7.74 4.53 2.70 0.95 1.68 2.04 2.04 1.97 2.26 3.14
5.55 7.01 10.15 10.66 9.27 7.59 6.50 6.06 5.99 4.96 3.29 1.83 0.00 3.29 4.38 5.62 6.35 7.01 7.52 7.52 8.03 9.64 11.32 12.85 11.97 14.00 11.55 12.34 13.77 14.67 11.24 8.32 5.48 4.89 0.00 1.31 0.00 0.00 0.00 0.00 0.44 0.29 0.00 0.00 0.00 0.00 0.00 0.00 0.00 0.00 0.00 0.00 0.00 0.00 0.00 0.00 0.00 0.00 0.00 0.00 6.64 10.37 11.39 11.75 12.05 10.88 12.05 11.83 12.26 12.26 11.17 10.00 7.88 4.16 3.87 2.41 1.53 1.61 4.09 4.09 2.34 1.75 1.75
4.23 3.94 6.64 10.80 9.13 7.37 7.88 7.74 5.91 3.58 0.00 0.00 1.90 0.00 0.00 5.40 6.28 4.82 0.00 0.00 4.82 6.50 7.63 9.93 13.02 12.86 12.48 13.75 12.09 13.85 12.14 8.98 9.56 8.47 5.26 0.88 0.00 0.00 0.00 0.00 0.00 4.60 0.00 0.00 0.00 0.00 0.00 0.00 0.00 0.00 0.00 0.00 0.00 0.00 0.00 0.00 0.00 0.00 0.00 0.00 5.77 8.61 8.61 9.27 8.10 8.98 12.26 12.34 11.83 11.83 11.46 11.10 10.88 9.42 7.59 5.99 4.67 3.72 2.70 3.07 2.19 0.95 1.46
2.56 0.00 3.72 5.11 5.84 4.89 4.67 5.26 4.09 0.00 0.00 0.00 0.00 0.00 0.00 3.50 3.87 0.00 0.00 0.00 0.00 3.32 0.00 0.00 6.94 8.97 12.19 14.98 12.38 17.13 13.86 12.25 12.70 13.21 11.53 9.64 7.45 6.13 4.82 0.00 0.00 0.00 0.00 0.00 0.00 0.00 0.00 0.00 0.00 0.00 0.00 0.00 0.00 0.00 0.00 0.00 0.00 0.00 0.00 0.00 5.62 6.57 9.93 11.68 11.90 10.80 13.65 12.41 12.41 12.41 10.95 11.39 12.48 12.78 10.44 7.88 6.35 4.67 2.26 2.34 2.48 1.53 1.90
2.56 0.00 3.72 5.11 5.84 4.89 4.67 5.26 4.09 0.00 0.00 0.00 0.00 0.00 0.00 3.50 3.87 0.00 0.00 0.00 0.00 3.37 0.00 0.00 7.11 8.83 12.19 14.53 11.50 16.00 14.08 12.38 13.23 14.85 12.21 9.88 7.45 6.13 4.82 0.00 0.00 0.00 0.00 0.00 0.00 0.00 0.00 0.00 0.00 0.00 0.00 0.00 0.00 0.00 0.00 0.00 0.00 0.00 0.00 0.00 5.62 6.57 9.93 11.68 11.90 10.80 13.65 12.41 12.41 12.41 10.95 11.39 12.48 12.78 10.44 7.88 6.35 4.67 2.26 2.34 2.48 1.53 1.90
0.00 3.65 4.96 4.53 4.45 3.21 0.00 0.00 3.80 3.87 0.00 0.00 0.00 0.00 0.00 4.16 5.84 7.15 7.52 7.52 6.42 3.94 0.00 0.00 3.11 4.87 6.42 7.67 6.24 8.10 8.07 8.41 8.55 11.46 16.14 12.87 8.93 6.93 6.79 6.20 1.97 0.00 0.44 0.00 0.00 0.00 0.00 0.00 0.00 0.00 0.00 0.00 0.00 0.00 0.00 0.00 0.00 0.00 0.00 0.00 3.87 6.06 9.13 12.70 15.48 14.89 13.14 11.97 12.26 12.26 11.75 11.46 11.75 10.59 6.57 3.14 3.72 3.29 2.63 1.10 0.22 0.29 1.17
0.00 0.00 0.00 5.40 5.55 3.14 0.00 1.83 3.36 5.77 4.23 2.70 0.00 0.00 0.00 2.92 5.33 6.50 6.50 6.50 2.93 0.00 0.00 1.10 0.00 3.59 0.00 0.00 0.00 3.80 4.79 7.23 7.59 7.81 10.81 13.21 11.76 10.15 8.51 6.79 4.02 1.68 1.02 0.37 0.37 0.00 0.00 0.00 0.00 1.17 0.00 0.00 0.00 0.00 0.00 0.00 0.00 0.00 0.00 0.00 4.16 0.00 7.81 11.75 13.14 13.87 11.46 11.83 12.85 12.85 11.24 7.08 5.40 4.53 3.72 2.48 1.97 1.75 2.41 1.75 1.61 2.48 1.39
0.00 0.00 5.26 5.91 6.28 5.26 4.09 4.38 5.33 5.18 3.36 3.21 2.77 0.80 0.00 2.34 3.21 2.34 0.95 0.95 0.00 0.00 4.02 0.00 3.29 3.14 0.00 0.00 0.00 0.00 0.00 6.57 7.74 9.13 8.61 9.30 10.76 13.24 11.68 7.96 7.59 5.62 2.63 1.17 1.17 1.24 0.00 0.00 0.00 0.00 0.00 0.29 0.00 0.00 0.00 0.00 0.00 0.00 0.00 0.00 0.00 0.00 8.18 10.73 10.15 8.03 7.74 8.54 8.76 8.76 5.18 2.77 1.61 1.17 0.95 0.22 1.83 3.07 4.31 4.74 3.14 3.43 3.87
0.00 0.00 0.00 0.00 0.00 0.00 0.00 0.00 0.00 0.00 0.00 6.86 4.82 4.31 4.45 5.11 4.96 3.80 2.34 2.34 0.00 0.00 0.00 3.21 3.72 0.00 0.00 0.00 0.00 0.00 3.50 5.69 7.74 7.37 7.45 9.49 11.24 13.27 13.54 12.29 10.62 9.20 6.50 2.26 2.26 0.00 0.00 0.00 1.97 0.00 0.00 0.00 0.00 0.00 0.00 0.00 0.00 0.00 2.04 0.00 1.68 0.00 5.99 6.94 4.67 3.50 3.65 4.67 0.00 0.00 0.00 0.44 0.51 0.73 0.22 0.07 1.46 1.90 3.29 3.87 3.87 4.23 3.94
0.00 0.00 0.00 0.00 0.00 0.00 0.00 0.00 0.00 0.00 0.00 0.00 3.65 3.87 4.96 4.89 3.14 1.75 0.00 0.00 1.61 2.19 1.83 0.00 2.04 0.00 1.39 0.00 0.00 0.00 0.00 6.28 0.00 7.01 5.33 6.13 8.83 7.96 8.91 10.60 9.58 7.34 6.72 5.69 5.69 0.00 2.99 3.65 2.99 0.00 0.00 1.10 0.00 0.00 0.00 0.00 0.00 0.00 3.94 3.07 3.07 3.07 3.29 3.14 2.92 0.00 0.00 0.00 0.00 0.00 0.00 0.00 0.00 0.58 0.29 0.66 0.00 1.02 1.68 2.77 2.41 2.92 3.80
0.00 0.00 0.00 0.00 0.00 0.00 0.00 0.00 0.00 0.00 0.00 0.00 2.99 4.53 4.96 3.29 0.00 0.15 0.00 0.00 0.00 1.31 0.00 0.00 0.00 0.00 0.00 0.00 0.00 0.00 0.00 0.00 5.65 5.64 4.96 6.35 7.59 6.57 6.42 5.84 5.77 5.31 3.80 4.96 4.96 3.21 0.00 2.92 3.29 0.00 0.00 0.00 0.00 0.00 0.00 0.00 0.73 0.00 0.00 0.00 2.85 0.00 2.48 0.00 0.00 3.07 0.00 0.00 0.07 0.07 0.00 0.00 0.00 0.00 0.00 0.00 0.15 0.00 0.88 0.51 0.00 2.63 3.21
0.00 0.00 0.00 0.00 0.00 0.00 0.00 0.00 0.00 0.00 0.00 0.00 2.99 4.53 4.96 3.29 0.00 0.15 0.00 0.00 0.00 1.31 0.00 0.00 0.00 0.00 0.00 0.00 0.00 0.00 0.00 0.00 5.62 5.48 4.96 6.38 7.63 6.57 6.38 5.90 5.77 5.26 3.80 4.96 4.96 3.21 0.00 2.92 3.29 0.00 0.00 0.00 0.00 0.00 0.00 0.00 0.73 0.00 0.00 0.00 2.85 0.00 2.48 0.00 0.00 3.07 0.00 0.00 0.07 0.07 0.00 0.00 0.00 0.00 0.00 0.00 0.15 0.00 0.88 0.51 0.00 2.63 3.21
0.00 0.00 15.26 14.24 3.50 0.00 0.00 0.00 0.00 0.00 0.00 1.17 0.00 0.00 3.80 2.70 0.00 0.00 0.00 0.00 0.00 1.02 0.00 0.00 0.00 0.00 0.00 0.00 0.00 0.00 2.63 0.00 5.69 4.02 2.92 3.87 5.04 0.00 5.26 5.94 6.20 5.18 4.16 4.23 4.23 4.16 4.23 0.00 4.23 0.00 4.23 0.00 2.77 0.00 0.00 0.00 0.00 0.00 0.00 0.00 0.00 0.00 2.48 0.00 0.00 0.00 0.00 2.19 1.97 1.97 0.00 0.00 0.00 0.00 0.00 0.00 0.00 0.00 2.26 0.00 0.00 0.00 0.00
