Wansh/Snow_depth/snowdepth-1985/winter/1985359.txt
ncols 321
nrows 161
xllcenter 60
yllcenter 15 
cellsize  0.25 
NODATA_value -1
[rows 0 to 36 of 161, columns 0 to 82 of 321]
0.00 0.00 0.00 0.00 0.00 0.00 0.00 12.48 11.83 11.39 12.78 13.36 13.36 13.94 0.00 0.00 16.35 15.99 16.94 17.30 0.00 16.43 15.99 15.55 16.21 17.52 17.52 17.81 17.81 17.30 17.08 19.13 18.32 17.37 15.84 14.38 14.09 13.21 13.80 14.82 16.13 17.16 16.72 0.00 0.00 0.00 0.00 0.00 5.77 5.40 4.96 4.96 2.92 1.68 1.10 1.46 1.75 2.41 0.00 0.00 0.00 7.74 17.01 0.00 0.00 0.00 15.77 0.00 0.00 0.00 0.00 0.00 0.00 10.37 9.56 10.00 10.00 12.78 14.16 14.75 12.56 15.99 15.62
0.00 0.00 0.00 0.00 0.00 0.00 0.00 0.00 13.14 14.24 14.89 0.00 0.00 0.00 16.57 17.37 16.35 13.72 14.31 16.28 17.16 15.77 15.40 15.26 14.24 13.94 13.94 14.38 15.11 15.40 15.26 16.28 16.79 16.13 15.99 16.35 15.40 16.21 17.01 16.06 16.13 17.52 0.00 0.00 0.00 0.00 0.00 0.00 0.00 5.48 4.02 4.02 1.68 1.17 0.73 0.22 1.61 1.83 1.02 0.80 2.12 3.80 14.97 15.77 16.35 15.04 14.16 12.05 10.59 0.00 11.46 13.65 14.16 13.21 13.07 13.43 13.43 15.40 14.75 12.63 11.53 9.49 9.56
0.00 0.00 0.00 0.00 0.00 13.94 14.45 13.87 13.14 13.65 14.53 16.57 16.06 16.57 15.55 14.31 13.14 12.12 14.16 13.51 14.24 12.70 13.07 13.87 11.61 10.66 10.66 10.95 10.59 11.53 12.92 15.70 17.37 18.32 18.54 17.81 18.03 16.86 16.79 17.16 16.64 0.00 0.00 0.00 4.45 4.09 4.02 0.00 0.00 3.36 3.29 3.29 1.46 0.44 0.80 0.07 0.44 0.58 0.37 0.00 0.00 8.98 10.80 12.48 11.83 12.19 15.04 13.65 13.80 13.29 12.48 12.56 12.48 12.26 12.92 13.21 13.21 12.78 10.59 8.69 7.08 6.57 7.59
0.00 0.00 0.00 0.00 0.00 13.94 14.45 13.87 13.14 13.65 14.53 16.57 16.06 16.57 15.55 14.31 13.14 12.12 14.16 13.51 14.24 12.70 13.07 13.87 11.61 10.66 10.66 10.95 10.59 11.53 12.92 15.70 17.37 18.32 18.54 17.81 18.03 16.86 16.79 17.16 16.64 0.00 0.00 0.00 4.45 4.09 4.02 0.00 0.00 3.36 3.29 3.29 1.46 0.44 0.80 0.07 0.44 0.58 0.37 0.00 0.00 8.98 10.80 12.48 11.83 12.19 15.04 13.65 13.80 13.29 12.48 12.56 12.48 12.26 12.92 13.21 13.21 12.78 10.59 8.69 7.08 6.57 7.59
0.00 0.00 0.00 0.00 13.36 14.97 15.33 15.62 15.04 14.97 15.04 14.67 14.38 14.45 13.72 11.90 9.56 10.95 11.61 9.56 4.82 6.79 7.74 7.59 7.01 5.77 5.77 5.77 7.01 9.27 11.24 12.12 11.90 12.34 13.14 14.67 14.24 12.05 11.53 12.70 0.00 0.00 0.00 2.63 0.80 0.15 0.00 0.00 0.66 1.02 2.19 2.19 0.58 0.00 0.00 0.00 1.61 0.80 0.66 0.00 9.13 9.71 8.25 9.20 10.29 8.91 9.05 9.56 8.25 8.32 10.07 10.15 10.37 11.39 11.39 12.05 12.05 10.88 8.54 7.15 6.28 6.79 6.72
7.23 7.23 8.40 10.88 11.10 12.05 12.92 13.58 13.43 12.48 11.61 9.78 9.42 9.86 11.39 10.51 9.49 10.51 10.15 5.99 2.70 1.31 0.00 0.00 0.80 1.68 1.68 2.48 4.02 4.82 6.64 9.27 11.83 12.70 12.41 11.02 11.17 11.68 11.90 0.00 0.00 0.00 0.00 0.00 0.00 0.00 0.00 0.00 0.00 0.00 0.00 0.00 0.00 0.00 1.68 0.15 0.07 1.68 3.07 1.53 8.83 7.45 6.64 6.35 6.28 5.77 5.69 5.91 5.91 5.99 6.64 7.96 8.47 8.98 10.44 10.07 10.07 11.83 10.80 10.73 10.37 9.86 10.44
6.94 6.94 9.93 11.83 12.70 11.53 12.26 12.56 11.97 10.51 9.93 9.71 8.69 8.98 9.42 8.54 4.31 5.26 5.11 4.82 0.15 0.00 0.00 0.00 1.10 4.16 4.16 6.86 5.18 5.77 7.81 9.27 10.51 11.75 11.46 11.39 10.51 12.19 11.10 0.00 0.00 0.00 0.00 0.00 0.00 0.00 0.00 0.00 0.00 0.00 0.00 0.00 0.00 0.00 0.00 0.00 0.00 0.00 0.00 8.03 7.96 6.94 4.82 4.23 1.46 0.00 0.44 3.36 5.55 7.30 6.86 5.55 5.48 4.74 5.77 7.15 7.15 8.98 9.13 9.93 0.00 0.00 0.00
6.94 6.94 9.93 11.83 12.70 11.53 12.26 12.56 11.97 10.51 9.93 9.71 8.69 8.98 9.42 8.54 4.31 5.26 5.11 4.82 0.15 0.00 0.00 0.00 1.10 4.16 4.16 6.86 5.18 5.77 7.81 9.27 10.51 11.75 11.46 11.39 10.51 12.19 11.10 0.00 0.00 0.00 0.00 0.00 0.00 0.00 0.00 0.00 0.00 0.00 0.00 0.00 0.00 0.00 0.00 0.00 0.00 0.00 0.00 8.03 7.96 6.94 4.82 4.23 1.46 0.00 0.44 3.36 5.55 7.30 6.86 5.55 5.48 4.74 5.77 7.15 7.15 8.98 9.13 9.93 0.00 0.00 0.00
8.98 8.98 10.80 11.75 11.83 11.90 11.97 12.12 11.24 9.71 9.42 8.32 8.76 8.54 8.10 7.01 5.48 5.33 4.89 3.14 0.07 0.00 0.66 1.83 3.58 6.94 6.94 5.40 4.16 5.26 7.74 10.59 10.51 9.78 10.51 9.49 9.56 11.61 0.00 0.00 0.00 0.00 0.00 0.00 0.00 0.00 0.00 0.00 0.00 0.00 0.00 0.00 0.00 0.00 0.00 0.00 0.00 0.00 0.00 7.15 8.69 6.86 4.89 3.36 0.00 0.00 0.00 0.00 0.00 0.00 6.57 4.82 5.55 0.00 0.00 0.00 0.00 5.26 0.00 0.00 0.00 0.00 0.00
8.69 8.69 10.51 12.05 9.71 9.34 10.22 10.00 9.71 8.25 7.88 9.56 10.73 9.93 8.98 7.88 5.69 3.87 2.12 1.02 0.00 0.00 0.00 0.44 1.90 4.53 4.53 4.31 3.65 4.31 7.01 9.86 11.02 11.46 7.23 8.76 7.59 0.00 5.77 7.15 2.12 0.00 0.00 0.00 0.00 0.00 0.00 0.00 0.00 0.00 0.00 0.00 0.00 0.00 0.00 0.00 0.00 0.00 7.96 7.37 6.79 5.11 4.53 0.00 0.00 0.00 0.00 0.00 0.00 0.00 3.72 0.00 5.84 0.00 0.00 0.00 0.00 0.00 0.00 0.00 0.00 0.00 0.00
11.10 11.10 9.42 11.46 9.93 8.76 9.27 8.91 7.23 6.72 8.10 10.07 9.78 8.61 4.38 3.21 4.31 4.67 2.77 0.00 0.00 0.00 0.00 0.00 0.44 1.17 1.17 1.53 3.14 3.80 4.89 6.06 7.08 7.30 9.05 9.05 4.16 6.28 8.54 7.08 2.12 0.00 0.00 0.00 0.00 0.00 0.00 0.00 0.00 0.00 0.00 0.00 0.00 0.00 0.00 0.00 0.00 0.00 8.10 7.37 6.50 6.06 0.00 3.29 2.12 0.95 0.29 0.00 0.00 0.00 6.86 6.28 0.00 0.00 0.00 0.00 0.00 0.00 0.00 0.00 0.00 0.00 0.00
11.10 11.10 9.42 11.46 9.93 8.76 9.27 8.91 7.23 6.72 8.10 10.07 9.78 8.61 4.38 3.21 4.31 4.67 2.77 0.00 0.00 0.00 0.00 0.00 0.44 1.17 1.17 1.53 3.14 3.80 4.89 6.06 7.08 7.30 9.05 9.05 4.16 6.28 8.54 7.08 2.12 0.00 0.00 0.00 0.00 0.00 0.00 0.00 0.00 0.00 0.00 0.00 0.00 0.00 0.00 0.00 0.00 0.00 8.10 7.37 6.50 6.06 0.00 3.29 2.12 0.95 0.29 0.00 0.00 0.00 6.86 6.28 0.00 0.00 0.00 0.00 0.00 0.00 0.00 0.00 0.00 0.00 0.00
11.97 11.97 12.41 10.88 9.56 8.40 8.18 7.74 7.37 6.72 6.86 9.49 7.52 2.85 1.17 1.31 1.90 3.21 1.39 0.00 0.00 0.00 0.00 0.00 0.80 3.21 3.21 4.60 4.74 2.48 3.36 2.48 0.00 1.68 6.42 6.79 10.07 10.59 9.27 0.00 0.00 0.00 0.00 0.00 0.00 0.00 0.00 0.00 0.00 0.00 0.00 0.00 0.00 0.00 0.00 0.00 0.00 5.77 7.30 7.23 4.96 4.02 3.07 4.53 5.18 0.00 4.38 0.00 0.00 6.57 0.00 0.00 0.00 0.00 0.00 0.00 0.00 0.00 0.00 0.00 0.00 0.00 0.00
11.90 11.90 9.13 8.61 7.01 6.86 6.50 6.57 7.66 8.76 9.49 6.50 3.80 1.46 0.00 0.00 3.65 4.16 3.87 2.48 0.00 0.00 0.00 1.10 2.85 2.92 2.92 2.99 3.29 3.29 4.31 0.66 0.37 1.83 1.24 4.60 3.50 0.00 0.00 0.00 0.00 0.00 0.00 0.00 0.00 0.00 0.00 0.00 0.00 0.00 0.00 0.00 0.00 0.00 0.00 0.00 0.00 5.11 5.91 7.01 4.60 4.23 4.23 7.01 7.01 5.84 0.00 0.00 0.00 0.00 0.00 0.00 0.00 0.00 0.00 0.00 0.00 0.00 0.00 0.00 0.00 0.00 0.00
7.81 7.81 5.77 4.23 5.26 4.74 3.80 3.65 3.72 4.02 4.96 3.65 0.00 0.00 0.00 2.12 5.33 5.48 7.59 6.79 5.26 4.02 3.21 3.43 5.69 6.57 6.57 5.48 5.55 4.31 3.14 3.94 3.43 0.00 1.90 3.58 0.00 0.00 0.00 0.00 0.00 0.00 0.00 0.00 0.00 0.00 0.00 0.00 0.00 0.00 0.00 0.00 0.00 0.00 0.00 0.00 0.00 5.18 6.13 7.88 7.08 6.72 6.94 6.86 7.23 7.66 7.59 6.86 0.00 0.00 0.00 0.00 0.00 0.00 0.00 0.00 0.00 0.00 0.00 0.00 0.00 0.00 0.00
5.55 5.55 4.96 3.50 4.82 3.65 3.58 2.12 0.00 0.00 0.00 0.00 0.00 0.00 0.00 1.39 4.82 7.45 9.49 7.96 7.45 5.18 2.99 1.75 2.48 3.58 3.58 4.23 4.38 5.62 6.50 10.15 8.32 2.70 6.72 7.96 8.32 5.62 3.65 1.39 0.66 0.00 0.00 0.00 0.00 0.00 0.00 0.00 0.00 0.00 0.00 0.00 0.00 0.00 0.00 0.00 6.79 7.45 6.57 6.64 6.64 7.15 6.20 7.15 7.74 0.00 0.00 0.00 7.52 10.95 10.37 9.27 10.51 10.80 0.00 0.00 0.00 0.00 0.00 0.00 0.00 0.00 0.00
5.55 5.55 4.96 3.50 4.82 3.65 3.58 2.12 0.00 0.00 0.00 0.00 0.00 0.00 0.00 1.39 4.82 7.45 9.49 7.96 7.45 5.18 2.99 1.75 2.48 3.58 3.58 4.23 4.38 5.62 6.50 10.15 8.32 2.70 6.72 7.96 8.32 5.62 3.65 1.39 0.66 0.00 0.00 0.00 0.00 0.00 0.00 0.00 0.00 0.00 0.00 0.00 0.00 0.00 0.00 0.00 6.79 7.45 6.57 6.64 6.64 7.15 6.20 7.15 7.74 0.00 0.00 0.00 7.52 10.95 10.37 9.27 10.51 10.80 0.00 0.00 0.00 0.00 0.00 0.00 0.00 0.00 0.00
3.58 3.58 2.77 1.90 4.89 4.23 3.43 3.72 3.80 3.80 2.99 1.68 1.24 1.02 1.75 2.70 6.13 7.23 6.06 7.66 5.48 5.11 5.04 4.45 3.21 2.34 2.34 1.68 2.85 5.62 7.96 6.13 1.68 4.96 7.52 6.06 4.74 5.11 4.31 3.21 4.67 0.00 0.00 0.00 0.00 0.00 0.00 0.00 0.00 0.00 0.00 0.00 0.00 0.00 0.00 0.00 8.47 7.88 7.52 7.45 8.32 8.03 6.50 6.06 4.38 4.60 5.18 5.18 6.79 8.91 9.20 10.22 11.17 10.73 9.27 8.91 8.91 0.00 0.00 0.00 0.00 8.54 0.00
4.82 4.82 5.26 3.87 4.67 7.01 8.18 9.42 8.83 7.88 5.33 2.70 2.19 2.48 2.77 2.63 5.26 6.28 5.77 5.77 4.67 4.45 5.62 5.69 4.16 4.16 4.16 6.35 7.66 10.29 10.66 3.80 3.14 3.36 5.33 3.50 0.00 0.00 0.00 0.00 0.00 0.00 0.00 0.00 0.00 0.00 0.00 0.00 0.00 0.00 0.00 0.00 0.00 0.00 0.00 10.07 9.34 7.01 6.20 5.18 6.13 9.56 10.66 7.01 0.00 2.19 3.21 4.67 4.38 6.64 5.91 7.23 7.74 8.47 8.83 10.00 10.00 10.44 6.72 4.53 4.09 3.14 0.29
4.82 4.82 6.06 5.99 8.03 12.34 9.93 7.37 6.13 5.04 2.56 0.00 0.00 0.73 1.39 2.56 3.36 4.09 6.20 6.06 5.18 3.94 4.38 5.04 5.33 6.20 6.20 7.74 8.18 10.00 0.00 0.00 0.00 0.29 0.80 0.00 0.51 0.00 0.00 0.00 0.00 0.00 0.00 0.00 0.00 0.00 0.00 0.00 0.00 0.00 0.00 0.00 0.00 0.00 0.00 10.59 10.80 9.20 6.42 7.81 8.18 7.74 10.66 11.53 6.28 0.00 0.00 0.00 0.00 0.00 0.00 0.00 1.17 4.16 6.13 5.84 5.84 5.48 5.91 6.35 1.97 0.73 1.53
2.26 2.26 4.96 5.62 7.59 8.10 6.50 4.74 3.87 0.88 1.24 0.00 0.00 0.73 3.14 5.18 3.58 5.18 5.91 5.84 5.84 5.11 5.26 6.79 6.50 4.23 4.23 4.45 4.60 8.03 0.51 0.00 0.00 0.00 0.00 0.80 0.00 1.61 0.00 0.00 0.00 0.00 0.00 0.00 0.00 0.00 0.00 0.00 0.00 0.00 0.00 0.00 0.00 0.00 10.07 9.20 8.83 8.76 11.90 12.99 12.70 9.78 11.75 11.10 8.25 1.24 0.00 0.00 2.26 0.00 0.00 0.00 0.95 4.53 7.96 7.08 7.08 4.82 6.72 7.01 6.35 5.26 3.58
3.94 3.94 6.57 6.86 5.11 1.68 0.73 2.92 2.34 1.31 1.10 1.68 2.99 3.14 3.87 3.72 4.23 5.04 4.82 5.18 4.89 4.96 6.20 6.79 5.33 4.96 4.96 4.96 3.50 0.00 0.00 1.10 1.90 3.65 5.62 2.19 0.00 0.00 0.00 0.00 0.00 0.00 0.00 0.00 0.00 0.00 0.00 0.00 0.00 0.00 0.00 0.00 0.00 0.00 7.74 7.30 6.64 5.62 9.56 11.46 8.91 5.69 6.79 8.76 9.13 5.48 4.02 4.89 2.48 0.00 0.00 5.18 2.70 0.95 5.11 7.15 7.15 7.81 8.91 8.10 7.37 6.20 2.41
3.94 3.94 6.57 6.86 5.11 1.68 0.73 2.92 2.34 1.31 1.10 1.68 2.99 3.14 3.87 3.72 4.23 5.04 4.82 5.18 4.89 4.96 6.20 6.79 5.33 4.96 4.96 4.96 3.50 0.00 0.00 1.10 1.90 3.65 5.62 2.19 0.00 0.00 0.00 0.00 0.00 0.00 0.00 0.00 0.00 0.00 0.00 0.00 0.00 0.00 0.00 0.00 0.00 0.00 7.74 7.30 6.64 5.62 9.56 11.46 8.91 5.69 6.79 8.76 9.13 5.48 4.02 4.89 2.48 0.00 0.00 5.18 2.70 0.95 5.11 7.15 7.15 7.81 8.91 8.10 7.37 6.20 2.41
6.35 6.35 7.45 6.28 5.18 3.29 3.14 3.58 1.46 1.46 1.97 0.73 0.80 1.17 1.90 3.80 5.48 4.67 5.55 3.87 5.48 5.04 6.64 6.57 4.38 7.74 7.74 6.20 0.00 4.89 6.13 4.16 3.50 3.43 4.53 2.56 0.00 0.00 0.00 0.00 0.00 0.00 0.00 0.00 0.00 0.00 0.00 0.00 0.00 0.00 0.00 0.00 0.00 7.96 7.96 7.96 8.10 6.13 5.62 5.84 3.21 4.31 7.08 6.20 8.32 4.89 5.77 6.13 0.66 0.88 3.29 5.33 4.02 2.99 4.96 8.47 8.47 9.71 6.57 3.80 3.50 3.94 2.12
5.91 5.91 8.18 8.47 6.72 4.53 5.40 5.11 4.38 5.48 5.99 6.50 5.91 4.23 3.58 4.09 4.45 5.18 4.67 4.67 5.11 4.09 4.74 7.45 6.79 5.77 5.77 3.43 1.02 3.43 4.09 4.67 3.80 3.43 3.36 1.53 0.95 0.00 0.00 0.00 0.00 0.00 0.00 0.00 0.00 0.00 0.00 0.00 0.00 0.00 0.00 0.00 0.00 7.23 7.74 8.10 10.73 8.69 8.25 6.50 4.31 2.77 4.38 4.16 4.09 5.26 5.69 3.36 4.38 3.72 4.45 3.94 4.60 6.35 5.40 4.16 4.16 4.09 5.04 5.62 7.23 5.91 5.04
5.04 5.04 6.20 6.35 4.38 3.87 5.26 6.35 3.29 4.31 7.30 6.94 2.92 0.29 0.00 0.88 0.00 0.88 0.95 1.17 4.16 4.45 5.11 7.01 4.74 4.89 4.89 0.00 0.00 3.07 2.92 6.57 6.13 3.87 0.00 0.00 0.00 0.00 0.00 0.00 0.00 0.00 0.00 0.00 0.00 0.00 0.00 0.00 0.00 0.00 0.00 0.00 0.00 10.29 9.71 12.41 12.78 8.91 3.58 1.39 0.37 0.73 2.70 3.72 3.36 3.94 1.24 0.00 0.00 0.00 0.37 1.68 2.48 3.43 5.11 4.23 4.23 1.90 1.68 4.45 7.37 8.10 5.33
5.04 5.04 4.38 0.88 0.73 1.39 3.58 4.89 4.23 1.90 4.67 2.34 0.00 0.00 0.73 0.66 0.00 0.00 2.26 3.21 4.23 0.00 3.07 3.87 1.46 0.00 0.00 1.39 0.66 2.48 2.56 6.06 3.94 0.00 0.00 0.00 0.00 0.00 0.00 0.00 0.00 0.00 0.00 0.00 0.00 0.00 0.00 0.00 0.00 0.00 0.00 0.00 11.02 11.46 13.14 9.34 7.88 5.11 1.83 0.00 0.00 0.00 1.31 1.90 0.37 0.00 0.00 0.00 0.00 0.00 0.22 0.88 1.17 0.80 1.83 2.92 2.92 2.99 0.80 0.58 2.63 4.74 4.53
3.87 3.87 0.00 0.00 0.00 0.00 0.00 0.00 0.73 2.77 0.00 0.00 0.00 0.00 0.00 0.00 0.00 0.00 0.00 0.00 1.02 0.00 4.16 7.74 7.88 0.00 0.00 1.46 0.00 0.58 0.95 1.90 1.31 0.07 0.00 0.00 0.00 0.00 0.00 0.00 0.00 0.00 0.00 0.00 0.00 0.00 0.00 0.00 0.00 0.00 0.00 0.00 10.07 9.34 6.28 5.69 2.12 3.94 2.92 1.24 0.00 2.41 3.21 3.87 1.83 0.00 0.00 0.15 1.97 2.48 2.41 1.46 0.15 0.00 0.80 0.51 0.51 0.58 0.66 1.10 2.48 5.91 9.42
3.87 3.87 0.00 0.00 0.00 0.00 0.00 0.00 0.73 2.77 0.00 0.00 0.00 0.00 0.00 0.00 0.00 0.00 0.00 0.00 1.02 0.00 4.16 7.74 7.88 0.00 0.00 1.46 0.00 0.58 0.95 1.90 1.31 0.07 0.00 0.00 0.00 0.00 0.00 0.00 0.00 0.00 0.00 0.00 0.00 0.00 0.00 0.00 0.00 0.00 0.00 0.00 10.07 9.34 6.28 5.69 2.12 3.94 2.92 1.24 0.00 2.41 3.21 3.87 1.83 0.00 0.00 0.15 1.97 2.48 2.41 1.46 0.15 0.00 0.80 0.51 0.51 0.58 0.66 1.10 2.48 5.91 9.42
0.07 0.07 0.00 0.00 0.00 0.00 0.00 0.00 0.44 2.41 0.00 0.00 0.00 0.00 0.00 0.00 0.00 1.53 0.00 0.00 0.00 0.00 0.00 7.88 0.00 0.00 0.00 0.00 1.97 2.92 0.00 0.00 1.83 0.29 0.00 0.00 0.00 0.00 0.00 0.00 0.00 0.00 0.00 0.00 0.00 0.00 0.00 0.00 0.00 2.04 6.94 6.94 7.59 5.48 4.31 6.20 9.42 7.30 6.42 5.69 6.13 7.96 7.45 8.69 7.45 3.80 2.85 2.12 3.58 4.16 2.77 0.51 0.88 0.95 1.31 2.04 2.04 2.41 2.85 2.48 3.07 6.94 9.64
0.00 0.00 0.00 0.00 0.00 0.00 0.00 0.00 1.53 0.00 0.00 0.00 0.00 0.00 0.00 0.00 0.00 0.00 0.00 0.00 0.00 0.00 0.00 0.00 0.00 0.00 0.00 0.00 1.46 3.29 3.29 0.00 0.00 0.00 0.00 0.00 0.00 0.00 0.00 0.00 0.00 0.00 0.00 0.00 0.00 0.00 0.00 0.00 0.00 4.31 9.05 9.05 8.76 3.21 4.45 8.83 10.37 9.34 6.42 7.52 8.98 10.29 10.07 10.22 7.81 4.31 4.96 4.16 4.53 2.77 2.34 2.04 1.61 0.95 0.73 3.29 3.29 1.97 0.00 0.00 1.10 4.23 6.50
0.00 0.00 0.00 0.00 0.00 0.00 0.00 0.95 1.24 0.00 0.00 0.00 0.00 0.00 0.00 0.00 0.00 0.00 0.00 0.00 0.00 0.00 0.00 0.00 0.00 0.00 0.00 0.00 0.00 0.00 5.62 0.00 0.00 0.00 0.00 0.00 0.00 0.00 0.00 0.00 0.00 0.00 0.00 0.00 0.00 0.00 0.00 0.00 0.00 0.00 3.72 3.72 2.34 0.95 2.77 7.59 8.98 5.55 4.38 5.18 6.20 7.81 8.91 8.91 5.91 4.82 5.18 4.16 4.60 3.58 3.65 3.94 2.56 3.29 4.53 4.74 4.74 4.45 1.46 0.00 0.00 0.00 2.34
0.00 0.00 0.00 0.00 0.00 0.00 0.00 0.29 0.00 0.00 0.00 0.00 0.00 0.00 0.00 0.00 0.00 0.00 0.00 0.00 0.00 0.00 0.00 0.00 0.00 0.00 0.00 0.00 0.00 0.00 0.00 0.00 0.00 0.00 0.00 0.00 0.00 0.00 0.00 0.00 0.00 0.00 0.00 0.00 0.00 0.00 0.00 0.00 0.00 0.00 0.00 0.00 0.00 0.29 2.77 6.28 6.20 5.91 3.72 3.29 4.67 3.43 2.85 5.91 6.64 6.64 5.48 5.48 7.30 7.59 6.72 5.18 4.02 6.50 7.96 8.83 8.83 8.25 5.33 2.48 0.00 0.00 1.10
0.00 0.00 0.00 0.00 0.00 0.00 0.00 0.00 0.00 0.00 0.00 0.00 0.00 0.00 0.00 0.00 0.00 0.00 0.00 0.00 0.00 0.00 0.00 0.00 0.00 0.00 0.00 0.00 0.00 0.00 0.00 0.00 0.00 0.00 0.00 0.00 0.00 0.00 0.00 0.00 0.00 0.00 0.00 0.00 0.00 0.00 0.00 0.00 0.00 4.23 0.00 0.00 0.00 2.41 5.26 3.07 2.56 0.00 0.00 0.00 0.00 2.77 0.00 0.00 4.60 7.88 8.76 6.72 7.37 5.55 5.04 3.21 2.12 2.04 2.04 4.38 4.38 6.06 5.26 4.74 2.04 0.15 0.00
0.00 0.00 0.00 0.00 0.00 0.00 0.00 0.00 0.00 0.00 0.00 0.00 0.00 0.00 0.00 0.00 0.00 0.00 0.00 0.00 0.00 0.00 0.00 0.00 0.00 0.00 0.00 0.00 0.00 0.00 0.00 0.00 0.00 0.00 0.00 0.00 0.00 0.00 0.00 0.00 0.00 0.00 0.00 0.00 0.00 0.00 0.00 0.00 0.00 1.68 0.00 0.00 0.00 0.00 3.36 1.10 0.00 0.00 0.00 0.00 3.87 5.62 6.20 5.04 4.89 5.62 5.48 4.53 5.33 0.00 0.00 0.00 0.00 0.00 0.00 4.23 4.23 5.77 6.42 6.57 6.64 5.91 3.36
0.00 0.00 0.00 0.00 0.00 0.00 0.00 0.00 0.00 0.00 0.00 0.00 0.00 0.00 0.00 0.00 0.00 0.00 0.00 0.00 0.00 0.00 0.00 0.00 0.00 0.00 0.00 0.00 0.00 0.00 0.00 0.00 0.00 0.00 0.00 0.00 0.00 0.00 0.00 0.00 0.00 0.00 0.00 0.00 0.00 0.00 0.00 0.00 0.00 1.68 0.00 0.00 0.00 0.00 3.36 1.10 0.00 0.00 0.00 0.00 3.87 5.62 6.20 5.04 4.89 5.62 5.48 4.53 5.33 0.00 0.00 0.00 0.00 0.00 0.00 4.23 4.23 5.77 6.42 6.57 6.64 5.91 3.36
0.00 0.00 0.00 0.00 0.00 0.00 0.00 0.00 0.00 0.00 0.00 0.00 0.00 0.00 0.00 0.00 0.00 0.00 0.00 0.00 0.00 0.00 0.00 0.00 0.00 0.00 0.00 0.00 0.00 0.00 0.00 0.00 0.00 0.00 0.00 0.00 0.00 0.00 0.00 0.00 0.00 0.00 0.00 0.00 0.00 0.00 0.00 0.00 0.00 0.00 0.00 0.00 0.00 0.00 2.48 0.00 0.00 0.00 3.07 4.60 5.04 4.74 3.50 0.00 0.00 0.00 0.00 0.00 0.00 0.00 0.00 0.00 0.00 0.00 0.00 4.02 4.02 5.48 7.59 9.49 9.86 8.25 6.64
