Wansh/Snow_depth/snowdepth-1985/winter/1986015.txt
ncols 321
nrows 161
xllcenter 60
yllcenter 15 
cellsize  0.25 
NODATA_value -1
[rows 0 to 36 of 161, columns 0 to 82 of 321]
12.70 12.70 15.48 17.74 17.59 17.23 17.81 18.98 19.27 19.05 18.83 17.45 17.37 17.45 17.89 18.47 18.61 18.40 20.37 17.37 20.00 20.37 20.88 21.10 20.88 20.81 20.81 20.66 20.81 20.88 20.44 20.44 19.86 19.27 19.35 19.35 17.81 16.64 16.64 16.64 17.08 17.45 18.10 21.17 19.49 20.44 20.22 20.44 20.59 20.22 19.49 19.49 17.67 15.62 17.30 19.20 21.75 18.98 20.44 21.97 21.83 21.24 22.92 23.65 24.31 23.73 22.27 21.17 19.64 17.30 17.89 17.59 18.10 17.96 20.00 25.55 25.55 26.65 25.40 24.53 24.31 22.78 19.71
17.01 17.01 16.72 17.30 19.05 18.83 19.13 19.56 19.78 19.86 19.56 20.08 21.24 21.53 21.90 21.53 19.71 19.27 19.71 18.91 19.49 19.71 19.71 19.56 19.64 19.13 19.13 19.27 20.66 19.42 19.35 18.18 18.69 19.20 22.05 20.73 20.08 20.73 21.46 21.24 20.44 20.66 20.81 20.51 20.95 19.71 19.20 19.93 20.51 20.51 20.22 20.22 18.32 15.55 15.99 17.08 15.77 17.16 18.40 18.83 19.49 20.59 20.00 19.93 20.66 19.49 17.67 18.32 17.67 16.06 18.18 19.13 20.51 21.17 21.83 22.48 22.48 23.51 24.45 24.45 22.85 22.70 21.53
18.40 18.40 18.25 20.59 21.24 20.08 19.27 19.35 19.64 20.22 20.44 20.81 20.51 21.17 21.90 21.10 20.66 20.44 18.61 18.61 19.56 18.40 18.54 17.37 17.01 16.21 16.21 17.52 16.64 16.64 17.81 18.03 18.98 19.56 19.71 20.95 21.53 22.27 22.05 22.70 22.70 21.83 21.39 21.24 21.17 19.93 19.05 18.10 18.69 17.81 16.13 16.13 14.60 13.65 14.82 12.41 14.31 16.28 17.45 17.08 17.16 16.79 17.01 16.94 17.67 18.54 19.13 20.37 21.39 19.35 17.96 16.43 15.84 16.06 20.51 20.73 20.73 20.22 20.00 19.86 19.35 19.64 19.64
18.40 18.40 18.25 20.59 21.24 20.08 19.27 19.35 19.64 20.22 20.44 20.81 20.51 21.17 21.90 21.10 20.66 20.44 18.61 18.61 19.56 18.40 18.54 17.37 17.01 16.21 16.21 17.52 16.64 16.64 17.81 18.03 18.98 19.56 19.71 20.95 21.53 22.27 22.05 22.70 22.70 21.83 21.39 21.24 21.17 19.93 19.05 18.10 18.69 17.81 16.13 16.13 14.60 13.65 14.82 12.41 14.31 16.28 17.45 17.08 17.16 16.79 17.01 16.94 17.67 18.54 19.13 20.37 21.39 19.35 17.96 16.43 15.84 16.06 20.51 20.73 20.73 20.22 20.00 19.86 19.35 19.64 19.64
19.27 19.27 18.76 20.66 22.12 20.81 19.35 19.20 19.49 20.15 20.51 19.71 19.64 21.46 22.78 20.08 21.17 17.96 17.30 16.21 13.29 14.45 14.97 15.18 14.16 13.80 13.80 14.02 13.94 14.09 14.53 14.31 15.70 16.43 16.64 15.99 16.21 16.35 17.01 17.52 20.22 18.10 17.08 14.67 14.89 15.18 15.91 15.91 16.06 14.02 13.58 13.58 11.83 11.75 11.97 12.63 12.92 12.99 12.78 12.48 13.87 14.31 14.38 15.48 14.24 14.16 15.11 14.97 15.11 15.48 13.94 14.53 15.40 19.49 18.91 19.56 19.56 18.03 16.21 17.67 16.57 15.62 15.40
18.61 18.61 18.32 18.91 21.24 22.78 24.89 25.26 22.78 20.29 17.81 15.84 15.55 16.79 18.98 20.08 11.90 12.99 12.70 10.37 7.88 7.88 9.86 11.32 9.86 10.29 10.29 10.29 10.80 10.22 12.34 13.51 14.16 15.26 15.18 14.82 14.09 14.82 16.79 17.89 16.57 16.06 15.62 14.82 14.09 12.70 12.05 10.88 9.20 10.07 11.46 11.46 12.56 9.49 10.51 10.80 10.88 11.97 11.75 11.32 12.19 12.63 12.56 12.63 11.02 10.66 11.39 11.61 12.05 10.51 10.95 12.34 13.80 16.35 18.40 17.96 17.96 17.74 16.57 18.47 16.72 16.94 16.50
17.67 17.67 18.40 19.27 20.81 20.29 20.88 22.48 23.29 20.59 17.37 13.65 13.14 12.48 15.40 12.05 9.34 9.56 10.00 7.81 5.91 4.23 4.23 6.13 7.37 7.59 7.59 8.54 9.13 10.15 11.75 11.75 12.70 13.87 14.45 14.38 13.58 13.80 14.82 14.97 14.53 15.18 14.60 13.80 12.92 12.63 11.75 10.44 9.05 9.71 10.59 10.59 7.81 8.10 11.39 13.36 10.22 10.15 11.17 10.66 11.02 10.51 9.56 9.64 9.56 9.78 11.39 11.75 11.90 11.32 11.46 11.90 14.31 15.04 14.82 17.08 17.08 17.37 16.57 16.06 16.06 16.94 16.35
17.67 17.67 18.40 19.27 20.81 20.29 20.88 22.48 23.29 20.59 17.37 13.65 13.14 12.48 15.40 12.05 9.34 9.56 10.00 7.81 5.91 4.23 4.23 6.13 7.37 7.59 7.59 8.54 9.13 10.15 11.75 11.75 12.70 13.87 14.45 14.38 13.58 13.80 14.82 14.97 14.53 15.18 14.60 13.80 12.92 12.63 11.75 10.44 9.05 9.71 10.59 10.59 7.81 8.10 11.39 13.36 10.22 10.15 11.17 10.66 11.02 10.51 9.56 9.64 9.56 9.78 11.39 11.75 11.90 11.32 11.46 11.90 14.31 15.04 14.82 17.08 17.08 17.37 16.57 16.06 16.06 16.94 16.35
16.35 16.35 18.25 19.56 21.10 22.48 23.87 23.14 21.53 18.47 15.48 13.36 12.34 12.26 13.87 10.44 10.00 9.27 9.71 9.34 6.94 7.01 6.35 7.08 9.13 8.25 8.25 8.25 8.91 9.64 10.29 11.83 11.02 11.39 12.34 10.00 8.47 11.39 12.85 10.51 8.03 9.49 12.34 12.85 13.07 11.90 10.95 9.27 7.74 8.47 8.83 8.83 10.73 12.12 10.73 9.93 9.20 8.83 9.05 11.46 12.19 10.22 8.54 8.18 6.94 7.74 8.54 8.91 10.00 11.39 11.90 11.90 11.68 13.36 14.45 17.16 17.16 14.89 12.19 13.07 0.00 0.00 0.00
19.71 19.71 19.42 19.56 19.27 19.93 16.86 17.16 17.37 13.72 13.58 13.80 12.99 12.05 12.63 12.19 11.02 8.61 7.15 6.50 4.74 6.06 7.45 8.76 9.71 9.56 9.56 8.98 9.64 10.88 11.46 13.43 12.92 12.92 10.15 9.56 11.68 14.31 14.60 13.72 12.05 11.02 11.24 11.24 10.37 10.29 9.56 10.51 8.69 6.20 11.10 11.10 11.39 9.34 8.69 10.80 11.10 10.07 11.24 12.05 11.97 9.20 10.37 7.23 6.57 7.74 8.61 9.20 8.98 8.83 10.29 12.70 11.97 12.48 12.85 13.51 13.51 11.75 8.91 10.59 10.51 0.00 0.00
17.08 17.08 17.16 18.76 18.61 17.16 16.13 15.18 12.63 11.90 11.83 13.14 12.48 11.02 9.05 8.10 9.49 8.98 7.37 5.99 4.60 4.96 5.69 7.96 8.10 7.74 7.74 8.61 9.78 9.86 10.66 11.24 11.90 11.97 10.80 10.80 12.19 14.67 15.70 14.89 13.65 11.97 13.14 10.73 9.64 9.27 8.98 8.76 11.61 12.85 12.56 12.56 13.07 11.32 10.51 11.10 10.88 13.21 13.43 13.21 12.05 11.24 11.17 10.51 10.29 13.29 11.97 9.20 8.83 10.00 11.90 14.53 15.26 12.26 12.41 0.00 0.00 0.00 9.86 9.71 13.58 0.00 0.00
17.08 17.08 17.16 18.76 18.61 17.16 16.13 15.18 12.63 11.90 11.83 13.14 12.48 11.02 9.05 8.10 9.49 8.98 7.37 5.99 4.60 4.96 5.69 7.96 8.10 7.74 7.74 8.61 9.78 9.86 10.66 11.24 11.90 11.97 10.80 10.80 12.19 14.67 15.70 14.89 13.65 11.97 13.14 10.73 9.64 9.27 8.98 8.76 11.61 12.85 12.56 12.56 13.07 11.32 10.51 11.10 10.88 13.21 13.43 13.21 12.05 11.24 11.17 10.51 10.29 13.29 11.97 9.20 8.83 10.00 11.90 14.53 15.26 12.26 12.41 0.00 0.00 0.00 9.86 9.71 13.58 0.00 0.00
19.42 19.42 19.35 18.98 16.57 15.70 14.75 14.31 12.56 14.45 13.14 14.45 9.20 7.37 7.01 7.74 9.93 10.73 8.98 6.86 4.74 3.80 4.82 6.64 7.59 7.74 7.74 9.64 9.27 8.83 7.45 6.57 3.87 4.53 7.37 12.26 15.70 16.79 16.50 14.53 14.53 14.24 12.48 8.83 10.15 9.20 8.76 8.61 10.73 11.32 12.78 12.78 13.72 13.14 12.12 12.19 12.92 11.68 11.17 10.66 10.37 10.88 11.17 11.61 11.61 11.53 10.00 7.74 8.10 9.49 11.75 13.36 14.60 12.56 0.00 0.00 0.00 0.00 0.00 15.48 16.79 15.33 11.61
18.25 18.25 16.35 14.38 12.92 10.73 8.69 8.69 8.25 9.71 11.75 8.69 7.74 6.86 6.86 7.01 8.98 10.73 8.91 7.08 5.18 3.58 5.69 6.79 7.45 8.91 8.91 7.30 7.01 6.42 5.62 4.89 4.53 5.04 8.18 10.51 12.05 12.48 13.29 12.70 11.61 11.17 10.66 11.17 11.61 11.61 10.44 7.52 9.20 11.61 12.05 12.05 14.31 11.46 10.37 11.24 12.48 11.46 11.02 11.02 8.47 8.25 8.61 8.76 9.27 9.78 9.49 9.42 9.13 9.78 10.37 10.80 12.56 0.00 0.00 9.20 9.20 0.00 11.90 0.00 0.00 0.00 0.00
14.89 14.89 12.12 9.71 9.27 9.20 6.72 4.67 4.96 4.74 5.04 3.72 5.11 5.69 7.52 8.69 10.07 8.76 8.18 9.42 10.00 8.54 6.72 6.13 7.08 8.18 8.18 7.52 8.47 8.69 7.59 7.59 8.32 9.71 11.46 12.70 11.75 10.80 11.17 12.12 14.31 14.60 14.60 14.97 14.53 14.53 14.38 13.51 13.87 14.16 15.40 15.40 13.07 8.91 8.32 11.17 11.97 12.34 13.58 12.78 10.00 7.52 7.30 7.23 7.96 9.20 11.10 12.19 11.02 10.51 9.42 8.47 11.90 11.53 11.53 10.51 10.51 0.00 0.00 0.00 0.00 0.00 0.00
12.48 12.48 12.41 9.49 9.13 7.74 5.04 3.94 3.87 0.73 2.19 1.31 0.51 0.00 2.56 6.13 10.15 10.22 9.27 10.51 10.51 8.47 6.28 3.80 3.87 5.18 5.18 6.20 7.08 8.10 8.61 9.13 9.86 10.88 11.39 11.53 11.75 11.68 10.80 9.71 11.61 14.31 15.84 13.94 12.99 12.78 13.36 14.82 14.45 15.62 14.75 14.75 13.36 10.15 8.91 9.56 10.07 13.87 14.45 13.21 10.22 6.79 5.91 7.01 6.42 5.04 8.03 9.27 10.88 14.02 11.97 8.69 10.00 11.02 9.86 11.10 11.10 12.34 12.34 11.68 0.00 12.85 15.18
12.48 12.48 12.41 9.49 9.13 7.74 5.04 3.94 3.87 0.73 2.19 1.31 0.51 0.00 2.56 6.13 10.15 10.22 9.27 10.51 10.51 8.47 6.28 3.80 3.87 5.18 5.18 6.20 7.08 8.10 8.61 9.13 9.86 10.88 11.39 11.53 11.75 11.68 10.80 9.71 11.61 14.31 15.84 13.94 12.99 12.78 13.36 14.82 14.45 15.62 14.75 14.75 13.36 10.15 8.91 9.56 10.07 13.87 14.45 13.21 10.22 6.79 5.91 7.01 6.42 5.04 8.03 9.27 10.88 14.02 11.97 8.69 10.00 11.02 9.86 11.10 11.10 12.34 12.34 11.68 0.00 12.85 15.18
9.93 9.93 8.69 7.52 8.69 7.23 4.82 3.80 0.00 0.00 0.00 0.00 0.00 0.00 0.07 3.72 5.69 7.08 7.08 9.86 9.64 8.91 8.03 7.30 6.57 4.31 4.31 3.80 5.99 7.15 7.66 7.52 8.10 10.95 12.70 11.02 10.37 12.70 13.58 13.72 13.87 14.53 12.34 11.32 12.34 14.53 13.51 12.41 12.05 12.92 13.80 13.80 14.75 12.48 11.61 10.00 11.90 12.99 12.92 12.12 11.02 8.25 7.30 8.61 7.45 6.13 7.01 8.47 11.24 11.97 9.20 8.10 8.40 8.76 9.13 12.99 12.99 13.36 7.15 7.30 0.00 0.00 0.00
13.07 13.07 13.51 12.41 11.75 8.25 9.86 8.47 0.44 0.44 0.15 0.00 0.00 0.00 0.00 0.22 1.53 4.45 5.33 5.84 7.52 8.10 8.47 9.49 9.86 9.05 9.05 8.18 6.79 5.99 7.96 9.27 9.71 11.75 11.97 9.78 9.49 9.93 8.32 7.45 6.79 7.45 8.69 9.93 10.00 12.63 13.07 12.63 10.80 11.17 11.90 11.90 12.05 10.88 10.29 9.71 11.32 12.92 10.66 9.13 9.49 10.80 11.61 10.00 6.42 5.26 6.13 8.03 7.81 8.69 7.88 6.50 7.81 7.59 9.13 10.00 10.00 11.75 10.22 8.91 8.25 7.88 0.00
13.65 13.65 15.33 14.60 11.24 13.51 13.21 1.97 2.04 1.24 0.00 0.00 0.00 0.00 0.29 0.07 0.44 2.92 4.74 4.67 4.74 6.13 7.81 8.40 7.23 8.32 8.32 7.01 7.15 8.10 8.25 8.03 7.37 8.61 8.47 7.37 7.74 6.94 5.48 6.50 6.64 7.08 8.83 11.61 10.37 10.88 12.34 12.41 11.53 10.51 10.59 10.59 11.10 11.53 10.73 9.42 8.91 9.42 10.73 10.15 10.15 12.12 11.68 11.75 8.32 0.00 0.00 0.00 0.00 0.00 0.00 0.00 1.53 4.09 5.69 6.72 6.72 10.29 9.56 8.47 6.13 5.33 5.04
13.87 13.87 14.09 13.51 14.09 14.60 3.21 0.00 0.00 0.00 0.00 0.00 0.00 0.00 1.17 0.80 2.77 4.96 4.96 4.23 3.21 3.87 5.62 6.79 7.23 8.40 8.40 8.98 8.54 8.03 9.05 8.18 7.01 5.77 5.33 6.42 7.01 7.15 5.77 3.80 5.11 6.57 7.01 10.22 9.42 8.76 11.17 12.56 12.26 10.29 9.13 9.13 9.64 10.88 11.46 9.93 8.83 9.20 12.05 14.45 12.34 10.29 9.56 8.98 7.59 4.23 3.36 0.00 0.00 0.00 0.00 0.00 0.00 4.45 6.94 7.66 7.66 7.81 8.69 8.83 6.79 5.62 3.72
8.83 8.83 10.88 10.22 7.66 12.99 1.61 1.83 1.61 2.04 1.02 1.31 1.90 2.63 1.75 0.00 2.92 4.60 4.45 5.40 5.62 5.33 4.82 4.89 5.04 8.32 8.32 8.83 8.98 8.54 8.10 7.59 5.91 6.20 6.28 5.84 5.69 7.37 5.69 4.82 2.85 3.50 4.53 6.42 8.83 9.86 11.17 11.32 10.66 10.15 9.86 9.86 10.51 11.61 13.51 14.38 11.97 9.78 11.02 11.90 10.59 8.83 8.69 8.18 7.01 5.84 5.62 4.67 0.00 0.00 0.00 4.67 2.34 3.29 4.89 5.69 5.69 7.88 7.88 8.10 9.20 5.55 2.85
8.83 8.83 10.88 10.22 7.66 12.99 1.61 1.83 1.61 2.04 1.02 1.31 1.90 2.63 1.75 0.00 2.92 4.60 4.45 5.40 5.62 5.33 4.82 4.89 5.04 8.32 8.32 8.83 8.98 8.54 8.10 7.59 5.91 6.20 6.28 5.84 5.69 7.37 5.69 4.82 2.85 3.50 4.53 6.42 8.83 9.86 11.17 11.32 10.66 10.15 9.86 9.86 10.51 11.61 13.51 14.38 11.97 9.78 11.02 11.90 10.59 8.83 8.69 8.18 7.01 5.84 5.62 4.67 0.00 0.00 0.00 4.67 2.34 3.29 4.89 5.69 5.69 7.88 7.88 8.10 9.20 5.55 2.85
5.91 5.91 6.50 5.77 6.20 1.10 2.12 3.36 3.43 2.70 3.14 2.77 2.56 4.60 7.59 7.59 8.83 6.72 5.18 4.74 4.60 4.31 4.96 5.40 3.72 5.77 5.77 7.30 8.69 9.56 9.49 9.56 8.32 8.10 8.32 7.74 7.08 6.72 6.86 5.84 5.18 4.23 4.60 5.33 7.08 11.10 11.90 11.75 11.32 10.51 10.44 10.44 11.97 14.31 15.18 14.16 12.48 11.46 10.88 10.88 8.47 7.45 9.27 8.25 6.94 8.25 6.86 6.50 4.31 0.00 1.46 4.31 3.94 2.41 2.41 5.11 5.11 5.26 3.21 1.90 4.60 6.50 4.89
6.50 6.50 6.94 6.86 2.19 3.36 4.02 4.60 4.38 4.74 4.82 4.53 4.82 3.58 5.69 7.81 6.35 0.00 0.00 3.72 1.53 0.95 1.53 2.70 2.48 2.85 2.85 4.60 6.20 6.79 8.25 8.98 9.20 10.66 12.26 11.39 9.49 8.83 5.99 5.04 4.60 5.55 7.23 7.01 8.10 9.34 9.71 10.66 11.90 12.41 10.95 10.95 9.93 10.51 11.46 14.02 14.97 13.36 11.75 10.88 10.37 9.93 10.80 9.56 7.96 9.64 5.48 8.10 6.42 7.37 7.01 5.48 4.96 5.99 3.36 0.73 0.73 0.00 1.68 2.92 4.74 6.64 6.50
7.66 7.66 10.37 9.93 5.04 4.74 4.74 3.80 0.22 1.83 7.23 7.23 3.58 0.73 0.00 0.00 0.00 0.00 0.00 0.00 5.84 4.53 3.50 5.48 4.67 2.04 2.04 2.12 3.43 4.96 6.72 6.79 9.64 12.19 11.17 10.15 8.61 8.91 7.15 7.81 5.33 3.94 6.86 9.27 7.52 8.03 7.66 7.88 9.42 10.07 10.44 10.44 12.92 14.45 14.75 15.55 17.23 17.30 16.57 16.94 15.40 13.43 12.41 10.88 9.93 4.45 3.36 2.34 2.19 0.22 2.41 2.70 2.70 4.74 2.85 2.12 2.12 0.58 0.00 2.48 4.67 7.08 4.82
9.13 9.13 9.20 8.10 9.93 6.50 3.80 1.75 0.00 0.00 4.09 5.91 0.00 0.00 0.00 0.00 0.00 0.00 0.00 0.00 0.00 0.00 4.09 5.18 4.31 1.31 1.31 1.90 2.04 2.85 5.33 8.54 9.71 8.83 8.98 9.86 8.83 6.64 5.18 0.58 1.17 2.12 3.43 5.40 5.33 6.20 8.25 9.20 8.69 8.47 9.71 9.71 12.19 13.94 15.33 16.72 18.40 18.47 18.61 17.59 14.53 11.53 12.48 8.47 6.86 5.99 5.26 5.40 3.14 0.95 0.00 0.00 0.00 0.66 1.31 0.37 0.37 0.66 0.00 0.00 0.88 1.97 3.29
11.39 11.39 8.54 7.66 5.33 2.19 2.41 1.31 3.21 0.00 0.00 0.00 0.00 0.00 0.00 0.00 0.00 0.00 0.00 0.00 0.00 0.00 0.00 5.91 5.18 5.69 5.69 5.18 4.02 3.87 6.50 8.61 10.15 10.15 9.78 8.76 7.37 7.74 6.20 0.00 0.00 0.07 1.39 1.61 1.97 0.00 4.53 7.96 8.69 8.25 8.47 8.47 10.59 14.38 15.40 16.35 17.45 17.96 16.57 13.43 9.78 8.61 9.64 8.54 7.45 6.57 5.40 4.45 4.38 2.56 1.46 0.44 0.29 1.39 0.00 0.00 0.00 0.00 0.00 0.00 0.00 0.00 2.48
11.39 11.39 8.54 7.66 5.33 2.19 2.41 1.31 3.21 0.00 0.00 0.00 0.00 0.00 0.00 0.00 0.00 0.00 0.00 0.00 0.00 0.00 0.00 5.91 5.18 5.69 5.69 5.18 4.02 3.87 6.50 8.61 10.15 10.15 9.78 8.76 7.37 7.74 6.20 0.00 0.00 0.07 1.39 1.61 1.97 0.00 4.53 7.96 8.69 8.25 8.47 8.47 10.59 14.38 15.40 16.35 17.45 17.96 16.57 13.43 9.78 8.61 9.64 8.54 7.45 6.57 5.40 4.45 4.38 2.56 1.46 0.44 0.29 1.39 0.00 0.00 0.00 0.00 0.00 0.00 0.00 0.00 2.48
10.00 10.00 6.57 1.83 0.00 0.44 4.60 6.06 7.37 4.67 0.00 0.00 0.00 0.00 0.00 0.00 0.00 0.00 0.00 0.00 0.00 0.00 4.09 5.84 6.94 7.88 7.88 5.99 5.40 7.45 10.95 11.46 10.29 7.74 7.45 7.01 7.37 7.59 0.22 0.66 0.95 0.00 0.00 1.90 2.56 0.00 6.64 8.83 10.22 9.49 8.61 8.61 9.49 10.00 7.52 8.98 13.14 15.26 14.31 12.19 10.88 10.07 10.22 9.56 5.33 5.18 7.30 6.20 5.55 4.09 2.34 1.83 1.75 1.02 0.95 0.00 0.00 0.00 0.00 0.00 0.00 0.00 2.34
5.33 5.33 4.31 0.00 1.53 4.60 4.02 4.38 5.62 0.00 0.00 0.00 0.00 0.00 0.00 0.00 0.00 0.00 0.00 0.00 0.00 0.00 0.00 2.77 7.15 9.34 9.34 9.49 7.96 7.88 11.61 9.56 7.59 6.79 6.86 7.88 10.22 11.75 1.61 2.85 2.56 0.88 0.80 1.68 2.70 3.94 5.77 7.52 9.42 12.26 12.41 12.41 11.02 8.25 5.91 5.77 11.75 11.46 10.15 9.27 10.00 9.71 9.20 9.27 5.84 5.55 8.69 9.49 7.23 4.82 2.41 0.00 0.95 0.73 0.80 1.90 1.90 0.51 0.00 0.00 0.00 0.00 0.00
4.89 4.89 0.00 0.00 2.26 3.14 2.12 0.00 0.00 0.00 0.00 0.00 0.00 0.00 0.00 0.00 0.00 0.00 0.00 0.00 0.00 0.00 0.00 0.95 2.70 5.77 5.77 5.11 2.85 5.11 8.83 7.88 5.55 6.42 5.55 8.69 11.61 4.31 4.02 2.77 2.34 0.00 0.00 0.00 0.00 2.41 5.26 5.91 6.64 7.52 10.44 10.44 11.39 7.81 6.28 6.13 6.28 5.77 5.18 5.48 7.81 8.76 7.23 6.57 5.48 5.48 7.66 7.30 5.99 5.33 3.36 0.15 0.07 0.58 1.53 3.14 3.14 3.50 2.12 2.04 1.24 0.00 0.00
0.00 0.00 0.00 5.69 0.00 0.00 0.00 0.00 0.00 0.00 0.00 0.00 0.00 0.00 0.00 0.00 0.00 0.00 0.00 0.00 0.00 0.00 0.00 0.00 2.56 3.94 3.94 3.87 2.56 2.99 5.40 5.18 4.38 2.99 5.26 8.32 5.48 4.67 3.94 4.16 1.02 1.24 1.68 0.00 0.29 2.04 2.19 2.19 0.00 3.65 5.33 5.33 8.10 7.01 5.84 4.23 3.94 4.31 5.04 7.37 8.47 7.81 5.99 1.83 3.43 5.91 7.52 7.37 6.79 5.04 3.21 2.12 0.00 1.24 3.07 4.60 4.60 7.74 8.10 6.28 4.31 3.80 0.95
0.00 0.00 0.00 0.00 0.00 0.00 0.00 0.00 0.00 0.00 0.00 0.00 0.00 0.00 0.00 0.00 0.00 0.00 0.00 0.00 0.00 0.00 0.00 0.00 2.12 4.96 4.96 5.40 4.23 4.02 4.82 5.55 7.52 4.89 5.26 6.64 6.86 6.06 3.07 3.21 3.29 3.43 4.74 3.72 0.00 0.00 0.00 0.00 0.00 0.15 4.02 4.02 6.06 6.06 5.48 4.38 3.58 2.77 0.00 0.00 0.00 3.58 3.36 0.00 1.02 7.88 10.00 9.86 7.30 2.70 1.90 2.99 2.85 2.19 2.77 4.38 4.38 5.18 5.26 6.86 8.91 5.99 3.87
0.00 0.00 0.00 0.00 0.00 0.00 0.00 0.00 0.00 0.00 0.00 0.00 0.00 0.00 0.00 0.00 0.00 0.00 0.00 0.00 0.00 0.00 0.00 0.00 0.00 3.72 3.72 5.62 4.09 0.00 0.00 3.72 5.84 6.50 5.69 7.30 7.23 4.38 2.56 3.14 4.02 4.09 4.31 3.65 2.63 1.39 1.17 0.37 0.00 0.00 0.80 0.80 2.70 3.87 4.23 5.11 0.00 0.00 0.00 0.00 0.00 5.55 9.42 7.59 9.71 11.32 11.32 10.66 7.37 6.35 6.06 6.50 6.35 6.06 4.23 3.43 3.43 0.44 1.97 7.88 11.61 11.61 8.83
0.00 0.00 0.00 0.00 0.00 0.00 0.00 0.00 0.00 0.00 0.00 0.00 0.00 0.00 0.00 0.00 0.00 0.00 0.00 0.00 0.00 0.00 0.00 0.00 0.00 3.72 3.72 5.62 4.09 0.00 0.00 3.72 5.84 6.50 5.69 7.30 7.23 4.38 2.56 3.14 4.02 4.09 4.31 3.65 2.63 1.39 1.17 0.37 0.00 0.00 0.80 0.80 2.70 3.87 4.23 5.11 0.00 0.00 0.00 0.00 0.00 5.55 9.42 7.59 9.71 11.32 11.32 10.66 7.37 6.35 6.06 6.50 6.35 6.06 4.23 3.43 3.43 0.44 1.97 7.88 11.61 11.61 8.83
0.00 0.00 0.00 0.00 0.00 0.00 0.00 0.00 0.00 0.00 0.00 0.00 0.00 0.00 0.00 0.00 0.00 0.00 0.00 0.00 0.00 0.00 0.00 0.00 0.29 2.19 2.19 5.18 6.06 0.00 0.00 0.00 2.34 3.65 7.30 5.77 3.65 1.68 3.29 4.60 5.04 4.67 5.69 6.28 5.55 3.65 3.07 1.53 2.34 2.92 4.09 4.09 4.02 3.87 3.50 0.00 0.00 0.00 0.00 1.02 4.96 7.15 11.83 11.61 10.80 10.88 11.32 9.49 0.00 0.00 4.60 4.23 5.04 6.86 6.94 0.00 0.00 0.00 0.00 0.00 16.06 13.36 10.22
