Wansh/Snow_depth/snowdepth-1985/winter/1986050.txt
ncols 321
nrows 161
xllcenter 60
yllcenter 15 
cellsize  0.25 
NODATA_value -1
[rows 0 to 36 of 161, columns 0 to 82 of 321]
20.08 20.08 22.56 23.29 22.78 21.32 22.92 22.63 20.73 21.24 23.00 23.51 22.85 22.78 23.21 23.87 24.45 25.48 27.38 25.40 23.29 24.31 24.45 24.31 24.97 24.67 24.67 23.29 23.94 24.24 23.43 22.63 22.63 23.73 23.29 21.68 21.02 22.19 22.19 21.90 21.75 22.78 22.56 23.07 22.78 22.34 21.39 21.10 20.37 19.05 18.25 18.25 17.37 17.30 19.71 23.94 23.73 24.75 26.21 25.92 27.30 28.69 29.78 30.81 31.24 30.00 27.89 27.59 23.58 20.15 21.46 23.58 25.33 24.97 26.65 28.11 28.11 30.73 29.49 28.84 28.18 27.67 28.32
23.36 23.36 24.89 24.38 23.87 23.29 22.63 22.19 23.07 23.73 23.73 24.75 25.84 25.33 24.82 23.80 23.87 26.86 24.45 24.38 22.05 20.95 21.32 22.63 22.34 21.90 21.90 20.44 21.32 22.12 20.44 19.49 21.02 22.19 23.14 22.41 21.68 21.68 21.46 21.10 23.36 22.05 21.39 21.83 22.05 20.59 18.69 18.69 18.47 17.30 16.72 16.72 15.70 16.28 16.06 16.79 19.78 20.29 19.42 23.00 24.38 24.53 27.16 21.83 21.75 22.78 22.78 21.02 19.49 20.00 20.37 23.87 24.16 23.43 23.43 28.03 28.03 28.54 30.15 30.15 29.71 29.42 28.91
23.29 23.29 21.75 24.02 24.53 23.29 22.70 23.73 23.80 23.51 24.53 24.82 25.19 25.33 25.33 24.02 23.21 23.80 22.92 18.98 17.81 19.20 20.29 20.00 19.56 19.93 19.93 18.47 18.61 18.25 19.49 20.37 22.19 22.56 23.07 24.24 24.53 21.97 21.97 23.21 23.00 21.68 21.10 20.59 20.66 20.66 19.35 19.42 17.23 16.94 17.08 17.08 15.40 14.16 13.07 13.80 15.26 17.52 20.66 22.63 21.68 21.75 16.64 18.25 19.35 20.00 21.46 22.05 23.14 22.56 25.11 23.94 23.14 21.75 21.10 25.62 25.62 25.04 26.65 26.50 26.35 28.18 28.69
23.29 23.29 21.75 24.02 24.53 23.29 22.70 23.73 23.80 23.51 24.53 24.82 25.19 25.33 25.33 24.02 23.21 23.80 22.92 18.98 17.81 19.20 20.29 20.00 19.56 19.93 19.93 18.47 18.61 18.25 19.49 20.37 22.19 22.56 23.07 24.24 24.53 21.97 21.97 23.21 23.00 21.68 21.10 20.59 20.66 20.66 19.35 19.42 17.23 16.94 17.08 17.08 15.40 14.16 13.07 13.80 15.26 17.52 20.66 22.63 21.68 21.75 16.64 18.25 19.35 20.00 21.46 22.05 23.14 22.56 25.11 23.94 23.14 21.75 21.10 25.62 25.62 25.04 26.65 26.50 26.35 28.18 28.69
23.58 23.58 20.00 23.65 25.92 23.58 22.27 23.80 24.89 23.80 22.27 22.78 24.38 23.51 23.51 21.90 21.39 20.59 16.35 15.99 15.04 16.21 17.01 17.74 16.94 15.55 15.55 14.60 14.89 14.60 15.99 18.10 18.40 18.03 17.59 16.13 17.30 17.67 17.01 18.03 17.81 17.01 16.50 16.57 15.77 15.40 15.33 15.55 16.21 15.70 13.43 13.43 13.36 14.82 12.85 13.14 14.09 15.11 16.94 19.05 19.93 8.61 10.66 13.14 15.40 17.01 16.43 17.59 17.59 18.47 19.71 20.51 20.44 19.20 27.38 25.48 25.48 25.26 26.72 26.79 26.28 24.31 25.62
21.53 21.53 22.05 22.27 24.09 24.31 23.21 23.29 23.58 21.53 17.96 18.32 18.83 19.05 19.05 17.74 18.61 19.93 13.43 14.82 12.70 12.41 14.16 12.99 13.51 13.14 13.14 13.80 12.48 11.75 14.16 15.77 16.57 16.21 12.92 11.39 10.00 12.78 15.48 15.55 14.38 14.67 13.80 14.53 15.26 14.89 13.29 11.46 12.05 11.75 10.37 10.37 9.64 14.24 15.55 14.16 13.21 14.53 14.97 15.33 3.87 5.33 5.62 7.37 10.07 12.41 12.85 13.14 13.14 13.87 15.84 15.26 16.28 16.79 23.65 24.67 24.67 25.55 28.03 27.74 26.94 28.98 27.38
21.24 21.24 22.27 23.07 23.58 23.43 23.51 23.51 22.78 20.81 19.64 18.54 17.96 16.86 17.01 18.47 17.67 10.73 10.59 10.66 6.64 7.66 10.51 12.56 11.97 12.12 12.12 12.56 12.34 12.85 15.33 16.28 16.21 17.23 17.23 14.45 12.92 13.65 15.04 14.60 13.65 13.72 15.40 15.84 15.84 14.60 13.51 12.78 11.97 11.32 10.07 10.07 10.37 12.26 13.80 13.21 12.48 14.60 14.31 14.45 5.18 4.31 2.56 3.50 6.42 8.83 11.32 11.75 10.73 10.00 10.80 11.75 13.21 17.81 20.59 21.68 21.68 24.24 25.33 25.77 26.86 26.13 25.70
21.24 21.24 22.27 23.07 23.58 23.43 23.51 23.51 22.78 20.81 19.64 18.54 17.96 16.86 17.01 18.47 17.67 10.73 10.59 10.66 6.64 7.66 10.51 12.56 11.97 12.12 12.12 12.56 12.34 12.85 15.33 16.28 16.21 17.23 17.23 14.45 12.92 13.65 15.04 14.60 13.65 13.72 15.40 15.84 15.84 14.60 13.51 12.78 11.97 11.32 10.07 10.07 10.37 12.26 13.80 13.21 12.48 14.60 14.31 14.45 5.18 4.31 2.56 3.50 6.42 8.83 11.32 11.75 10.73 10.00 10.80 11.75 13.21 17.81 20.59 21.68 21.68 24.24 25.33 25.77 26.86 26.13 25.70
21.75 21.75 23.65 24.09 23.29 22.92 22.19 22.34 21.75 20.37 19.86 19.86 19.49 18.40 18.61 19.42 11.53 10.22 10.88 9.86 8.61 9.20 10.44 11.97 12.41 12.12 12.12 12.05 12.56 13.80 14.97 15.48 12.99 14.24 15.62 13.14 13.87 15.70 14.16 13.36 12.99 13.80 14.67 15.26 16.06 13.80 13.36 13.51 11.68 10.37 8.83 8.83 8.18 8.98 9.86 9.49 10.66 11.39 10.66 7.66 8.10 7.88 4.82 4.38 5.18 7.45 9.05 8.76 9.13 9.13 10.15 11.61 13.58 15.55 17.23 19.42 19.42 18.32 18.69 19.86 23.51 24.97 24.09
25.55 25.55 24.75 22.41 21.17 20.73 20.66 20.44 19.64 16.57 15.26 16.94 18.18 17.45 16.79 14.38 12.48 10.51 8.47 7.37 7.30 7.23 9.13 10.66 11.75 13.21 13.21 13.80 14.45 14.75 14.60 16.21 17.59 17.52 17.16 16.06 17.52 18.83 18.47 17.67 16.35 14.97 12.99 12.63 11.75 11.02 10.66 11.53 11.17 10.95 10.29 10.29 10.00 10.80 9.71 10.66 11.90 12.70 8.98 9.42 9.56 8.91 9.20 9.34 8.69 8.98 9.49 10.22 9.27 10.15 11.24 12.70 17.89 17.96 18.54 19.71 19.71 17.59 16.86 18.98 19.93 19.56 19.78
24.53 24.53 23.36 21.83 20.51 19.93 19.42 17.08 16.21 15.40 14.53 15.33 16.50 17.23 13.58 10.59 11.90 12.12 8.61 6.79 6.57 6.86 6.86 8.47 9.86 10.88 10.88 12.19 13.94 14.31 14.24 15.62 18.54 18.40 17.45 18.32 18.83 20.15 20.59 19.05 16.06 14.75 13.21 10.59 9.71 12.26 10.66 10.59 9.05 9.86 13.21 13.21 13.21 12.26 10.73 11.02 10.15 9.42 10.66 10.73 10.00 10.29 10.29 10.59 9.49 9.93 11.24 10.37 11.24 12.26 15.11 16.43 19.49 18.83 19.27 19.64 19.64 19.27 20.08 17.67 17.45 16.94 19.42
24.53 24.53 23.36 21.83 20.51 19.93 19.42 17.08 16.21 15.40 14.53 15.33 16.50 17.23 13.58 10.59 11.90 12.12 8.61 6.79 6.57 6.86 6.86 8.47 9.86 10.88 10.88 12.19 13.94 14.31 14.24 15.62 18.54 18.40 17.45 18.32 18.83 20.15 20.59 19.05 16.06 14.75 13.21 10.59 9.71 12.26 10.66 10.59 9.05 9.86 13.21 13.21 13.21 12.26 10.73 11.02 10.15 9.42 10.66 10.73 10.00 10.29 10.29 10.59 9.49 9.93 11.24 10.37 11.24 12.26 15.11 16.43 19.49 18.83 19.27 19.64 19.64 19.27 20.08 17.67 17.45 16.94 19.42
22.27 22.27 21.24 19.64 18.91 16.94 14.89 14.16 13.72 15.70 17.59 15.70 16.06 12.34 11.17 10.51 11.75 13.21 12.12 9.05 7.88 7.37 6.50 7.52 8.91 11.17 11.17 14.02 13.94 13.36 12.85 13.14 11.53 12.12 15.55 18.83 20.08 18.32 17.23 15.48 14.02 13.72 13.21 12.99 11.24 10.95 10.59 9.78 7.23 12.05 14.75 14.75 14.16 13.87 11.32 11.24 11.10 9.49 8.32 9.64 10.15 10.29 8.61 8.40 10.95 11.97 11.90 11.02 10.44 9.13 10.73 19.27 18.32 18.98 15.18 13.58 13.58 18.03 20.29 19.05 20.66 21.90 15.33
21.68 21.68 19.05 16.57 15.26 14.09 13.51 12.99 13.87 14.67 15.33 13.43 16.13 9.56 10.07 11.02 12.78 11.02 9.86 7.15 8.18 7.59 8.83 10.15 11.32 11.53 11.53 12.41 13.21 10.88 10.22 9.78 9.13 10.51 13.58 16.06 17.23 15.48 13.51 12.48 12.48 12.41 10.95 10.59 11.53 11.32 9.64 9.05 9.49 12.78 13.21 13.21 12.26 10.95 10.73 7.37 10.29 10.00 9.56 9.20 8.69 7.96 8.03 9.13 8.83 9.86 11.75 11.83 10.95 10.15 10.22 18.61 20.08 21.02 16.57 15.55 15.55 16.28 17.52 18.40 19.56 17.89 13.51
17.89 17.89 15.91 13.94 11.61 10.07 8.32 8.76 9.86 10.80 10.44 12.12 7.74 9.34 10.95 12.85 12.63 10.66 10.51 10.80 10.51 10.66 10.73 10.88 10.88 12.63 12.63 10.29 10.00 10.00 10.80 11.53 11.61 12.12 14.24 14.82 14.45 12.34 11.17 9.13 12.63 14.02 11.10 13.21 14.38 14.16 12.41 10.73 13.72 14.97 15.62 15.62 12.99 9.05 9.49 10.66 11.39 10.88 12.12 11.10 9.56 8.54 7.96 9.56 10.51 11.02 13.07 13.07 10.59 7.81 13.65 16.13 18.91 20.29 20.15 18.76 18.76 17.96 16.50 14.53 14.97 15.18 16.06
15.33 15.33 13.94 12.99 13.80 12.26 9.05 8.18 8.91 9.13 9.05 6.42 4.31 5.48 8.32 10.95 12.92 11.75 12.56 12.70 12.12 10.59 8.18 6.35 7.59 8.83 8.83 9.13 8.76 9.20 10.29 12.12 12.48 12.26 13.36 15.11 15.18 13.58 10.80 9.49 11.32 13.94 14.31 13.43 14.38 15.55 15.55 15.11 17.81 18.03 17.08 17.08 15.62 15.77 9.13 8.54 9.86 11.68 12.56 11.97 11.53 11.39 10.15 11.68 12.05 10.80 12.34 11.75 10.22 9.27 14.67 15.55 16.13 17.52 19.93 18.32 18.32 17.16 19.71 17.89 15.99 15.77 16.64
15.33 15.33 13.94 12.99 13.80 12.26 9.05 8.18 8.91 9.13 9.05 6.42 4.31 5.48 8.32 10.95 12.92 11.75 12.56 12.70 12.12 10.59 8.18 6.35 7.59 8.83 8.83 9.13 8.76 9.20 10.29 12.12 12.48 12.26 13.36 15.11 15.18 13.58 10.80 9.49 11.32 13.94 14.31 13.43 14.38 15.55 15.55 15.11 17.81 18.03 17.08 17.08 15.62 15.77 9.13 8.54 9.86 11.68 12.56 11.97 11.53 11.39 10.15 11.68 12.05 10.80 12.34 11.75 10.22 9.27 14.67 15.55 16.13 17.52 19.93 18.32 18.32 17.16 19.71 17.89 15.99 15.77 16.64
11.68 11.68 11.17 12.56 13.80 11.46 9.20 9.49 9.71 9.86 9.27 6.72 7.30 8.25 11.17 11.68 12.56 12.12 12.19 11.83 10.66 9.20 8.40 8.18 7.30 7.30 7.30 7.15 7.52 8.69 10.15 9.49 10.00 13.87 16.57 16.28 15.33 14.09 12.26 9.64 10.37 11.83 11.24 11.61 12.63 15.04 16.21 14.67 15.48 17.30 18.83 18.83 19.93 11.32 9.42 8.40 7.66 10.51 12.56 13.29 13.94 12.05 9.42 10.29 10.66 8.98 9.64 10.66 9.93 6.35 12.56 14.31 13.94 16.86 20.29 20.95 20.95 21.17 18.91 16.43 15.26 16.06 15.40
12.19 12.19 12.63 12.26 11.68 11.61 11.53 11.39 11.39 11.39 12.70 12.41 11.39 11.90 11.83 11.46 11.61 11.17 12.99 13.36 10.66 10.22 10.59 9.93 9.56 9.64 9.64 9.49 8.25 7.23 9.49 9.42 11.24 14.45 13.65 11.83 11.32 10.66 10.15 7.37 7.37 8.40 8.40 10.29 11.53 13.65 12.99 14.16 13.14 13.72 15.04 15.04 8.47 8.83 7.37 7.01 8.54 8.61 8.18 7.81 9.05 9.13 9.56 8.61 3.72 0.00 0.00 4.60 6.13 9.49 9.42 12.26 13.51 15.77 17.01 16.50 16.50 17.74 17.45 16.13 15.91 14.97 15.91
13.29 13.29 13.36 12.56 11.24 12.41 13.94 13.87 12.92 12.34 11.75 11.83 11.97 13.14 12.12 11.61 12.34 12.99 12.41 11.68 10.22 10.00 9.71 9.27 9.20 8.91 8.91 7.96 7.45 7.30 8.18 8.47 8.47 10.07 9.20 5.26 9.05 11.61 10.22 10.22 10.15 9.71 10.66 11.83 12.26 10.80 12.92 12.70 12.99 12.85 12.41 12.41 5.26 5.62 6.06 6.13 7.37 8.69 9.78 9.71 8.47 9.71 10.80 10.29 6.20 2.63 0.00 0.00 3.80 3.43 1.53 5.26 6.28 7.88 10.88 13.07 13.07 13.36 11.61 12.70 14.09 12.99 11.53
13.21 13.21 14.02 13.87 14.38 14.31 14.89 14.67 11.39 10.44 12.05 12.26 12.41 12.26 9.64 9.42 10.37 10.88 8.91 7.52 6.64 7.74 8.10 8.83 10.15 10.88 10.88 10.73 10.66 11.53 12.05 11.24 8.83 8.03 9.13 9.56 8.47 11.32 11.32 9.27 7.66 9.49 11.17 12.12 10.51 12.12 14.67 12.56 11.90 11.61 4.67 4.67 4.53 4.74 3.58 4.09 3.43 5.48 9.20 11.17 10.51 9.05 8.61 7.52 7.08 3.87 3.21 4.38 10.44 6.50 6.35 5.26 4.60 7.15 11.46 14.02 14.02 12.12 14.16 13.07 13.21 11.39 8.32
12.19 12.19 12.63 13.43 13.36 13.07 13.51 11.32 10.37 9.78 10.22 12.12 13.72 12.78 8.47 6.94 7.66 8.10 8.32 10.51 10.66 10.88 10.59 9.71 10.66 13.87 13.87 13.72 13.51 12.48 9.86 8.76 6.20 6.64 7.66 8.32 9.56 9.49 9.71 9.86 9.42 10.07 11.46 12.56 10.29 12.99 13.87 14.45 13.94 6.57 5.77 5.77 6.64 4.96 2.92 5.26 7.30 7.30 7.81 7.37 5.99 2.77 4.74 5.69 5.91 6.13 5.91 5.84 5.91 7.15 8.10 8.25 6.86 8.91 10.80 11.68 11.68 11.68 12.19 13.14 10.80 9.86 8.32
12.19 12.19 12.63 13.43 13.36 13.07 13.51 11.32 10.37 9.78 10.22 12.12 13.72 12.78 8.47 6.94 7.66 8.10 8.32 10.51 10.66 10.88 10.59 9.71 10.66 13.87 13.87 13.72 13.51 12.48 9.86 8.76 6.20 6.64 7.66 8.32 9.56 9.49 9.71 9.86 9.42 10.07 11.46 12.56 10.29 12.99 13.87 14.45 13.94 6.57 5.77 5.77 6.64 4.96 2.92 5.26 7.30 7.30 7.81 7.37 5.99 2.77 4.74 5.69 5.91 6.13 5.91 5.84 5.91 7.15 8.10 8.25 6.86 8.91 10.80 11.68 11.68 11.68 12.19 13.14 10.80 9.86 8.32
11.46 11.46 12.12 12.78 12.26 12.56 12.78 12.48 10.59 8.98 9.34 8.91 8.40 11.46 11.39 12.78 11.97 11.68 9.93 6.79 8.10 10.51 13.94 13.65 13.36 13.87 13.87 14.02 12.34 9.27 6.86 5.04 2.34 3.94 8.54 9.56 10.44 11.10 10.00 10.00 9.78 10.07 10.73 8.76 10.15 11.10 12.92 13.87 14.24 5.77 5.91 5.91 6.35 5.77 5.99 6.64 10.00 9.56 8.69 8.61 7.74 5.84 6.28 6.86 6.13 7.30 7.59 5.62 6.35 8.10 7.59 8.76 9.49 8.76 9.27 11.39 11.39 11.39 7.52 5.91 6.94 6.35 6.86
11.17 11.17 12.99 12.41 12.34 11.97 13.51 12.78 12.48 10.80 10.44 9.13 11.24 12.12 10.51 9.42 10.88 13.87 8.76 4.96 4.60 7.08 11.02 15.11 15.55 15.55 15.55 13.51 11.46 9.49 6.50 6.57 5.77 7.81 11.24 13.29 13.36 14.97 13.51 13.36 13.29 12.78 11.32 11.83 9.78 10.44 11.10 11.61 5.04 4.74 4.38 4.38 5.04 6.50 6.50 6.94 8.69 10.15 11.02 11.61 12.05 11.53 10.15 8.83 7.96 9.42 11.24 16.94 17.30 16.50 15.04 15.04 15.11 13.21 9.86 8.91 8.91 9.64 8.25 7.23 7.59 9.49 8.54
11.32 11.32 11.90 13.65 13.87 11.75 12.12 10.66 8.61 11.53 12.48 11.61 10.59 9.34 7.52 7.66 10.07 10.37 9.86 7.01 2.48 4.09 7.59 10.15 11.53 12.63 12.63 10.88 9.86 10.88 9.56 7.59 8.10 10.80 12.85 12.63 14.45 16.57 15.91 14.97 14.97 15.48 10.37 12.12 13.14 13.36 12.85 5.69 5.55 3.58 3.50 3.50 5.77 7.74 6.57 9.05 9.20 11.17 14.45 16.21 14.82 13.14 13.14 12.63 11.83 8.61 8.47 20.15 19.27 17.96 17.52 17.96 18.10 18.40 15.55 12.63 12.63 8.10 7.08 7.81 10.29 12.70 12.05
13.51 13.51 13.58 12.05 11.53 9.13 8.83 9.49 8.10 8.25 10.51 11.24 12.34 10.59 8.40 11.61 11.46 10.80 12.26 8.61 5.55 4.09 4.89 7.81 8.40 7.52 7.52 9.93 11.17 10.95 9.78 9.05 11.75 13.58 13.21 13.14 13.36 13.65 13.65 14.89 14.45 10.80 12.26 13.21 13.72 14.82 2.77 1.75 2.41 4.53 7.15 7.15 9.05 10.73 11.61 13.58 12.34 13.14 15.18 15.55 12.92 11.17 12.34 12.56 10.15 6.86 19.86 20.37 19.49 17.08 16.28 16.43 18.10 18.18 16.06 14.16 14.16 11.32 9.86 8.40 8.69 11.75 15.26
12.78 12.78 13.29 14.38 11.39 10.51 9.42 9.78 8.10 7.23 5.40 4.96 6.13 6.13 7.81 12.48 14.75 15.48 13.43 7.23 3.14 5.18 6.94 8.40 9.86 10.80 10.80 11.10 11.90 11.46 8.76 7.37 11.02 14.09 17.16 15.26 15.18 14.09 12.56 12.48 10.15 8.69 8.10 10.00 9.27 10.29 0.22 0.88 1.24 2.19 3.29 3.29 4.45 7.23 12.05 15.26 16.28 16.06 15.55 13.80 11.68 9.05 9.49 10.66 8.98 7.30 18.03 18.32 17.81 16.57 15.18 14.60 14.31 14.16 13.21 15.33 15.33 14.31 12.99 10.88 11.02 12.92 15.11
12.78 12.78 13.29 14.38 11.39 10.51 9.42 9.78 8.10 7.23 5.40 4.96 6.13 6.13 7.81 12.48 14.75 15.48 13.43 7.23 3.14 5.18 6.94 8.40 9.86 10.80 10.80 11.10 11.90 11.46 8.76 7.37 11.02 14.09 17.16 15.26 15.18 14.09 12.56 12.48 10.15 8.69 8.10 10.00 9.27 10.29 0.22 0.88 1.24 2.19 3.29 3.29 4.45 7.23 12.05 15.26 16.28 16.06 15.55 13.80 11.68 9.05 9.49 10.66 8.98 7.30 18.03 18.32 17.81 16.57 15.18 14.60 14.31 14.16 13.21 15.33 15.33 14.31 12.99 10.88 11.02 12.92 15.11
11.97 11.97 12.48 12.56 9.71 7.81 9.78 11.83 11.24 7.81 6.50 5.69 5.48 5.62 6.50 9.20 12.78 12.19 10.00 8.10 6.72 7.74 10.59 12.70 13.21 12.48 12.48 11.61 12.05 12.78 12.34 13.14 15.04 17.08 19.05 18.54 17.23 15.77 12.63 11.17 6.94 7.96 7.59 8.32 8.32 2.04 3.50 4.53 3.36 3.94 3.21 3.21 1.75 2.12 3.43 5.55 9.86 10.59 9.34 9.42 8.32 6.86 7.23 9.05 10.44 23.73 18.83 19.20 17.37 16.86 13.65 11.68 12.05 13.87 15.11 17.16 17.16 16.94 16.35 17.37 18.32 19.42 18.25
11.32 11.32 13.07 5.33 5.04 6.06 6.64 8.03 9.78 9.86 9.64 9.93 9.20 9.20 7.52 8.83 9.93 9.05 8.25 10.07 9.64 8.03 10.37 14.45 15.48 16.35 16.35 15.70 15.91 17.81 18.18 18.69 19.05 19.49 20.00 17.81 16.79 17.01 15.62 10.22 9.49 8.69 7.96 9.05 9.56 3.87 3.72 4.89 5.40 5.77 4.60 4.60 2.56 3.65 1.61 1.83 4.89 4.67 6.13 8.10 8.10 7.74 7.96 10.44 10.95 23.51 21.68 21.17 17.08 14.75 11.32 12.26 16.79 13.94 14.16 15.26 15.26 16.06 11.90 14.31 17.45 18.83 16.28
5.11 5.11 1.68 2.12 6.42 8.83 6.79 6.79 8.69 8.83 10.59 11.68 9.34 7.59 7.52 7.08 7.30 6.86 8.03 9.78 10.29 7.81 9.20 13.65 14.53 17.67 17.67 17.30 15.99 16.06 17.52 19.20 18.61 17.74 16.35 13.43 15.77 18.25 10.00 11.17 10.88 8.69 6.42 7.37 0.00 2.92 6.35 6.94 4.53 2.34 2.70 2.70 4.67 5.26 4.74 5.48 6.50 4.16 4.09 6.86 8.10 7.74 8.03 9.49 11.75 22.70 20.37 17.16 15.33 14.60 11.75 11.17 13.94 12.85 12.63 12.85 12.85 11.97 9.64 10.51 11.10 12.12 11.10
4.02 4.02 2.85 5.33 8.10 9.93 8.25 9.34 10.29 11.46 10.44 10.59 8.69 6.57 7.81 6.57 5.62 5.33 7.37 8.91 7.74 7.52 9.34 12.34 15.18 16.86 16.86 14.97 14.31 14.45 15.99 17.16 13.58 14.97 15.40 13.80 15.70 16.57 9.42 9.71 9.93 8.76 7.88 1.68 3.80 5.99 4.02 2.70 0.00 0.00 1.90 1.90 5.04 6.57 7.23 8.69 7.30 4.82 3.94 5.33 6.86 10.07 9.71 8.98 23.00 22.27 17.96 15.33 15.62 16.21 14.75 11.83 11.46 11.32 12.85 12.48 12.48 11.53 10.22 10.73 10.59 12.78 14.16
4.74 4.74 4.16 4.02 6.79 8.32 7.74 8.91 10.51 11.61 11.61 11.68 8.69 7.01 6.57 5.48 5.33 4.89 5.04 7.01 6.72 8.47 11.39 12.85 12.78 14.45 14.45 14.60 14.67 15.99 17.16 17.52 14.89 15.11 18.25 18.76 18.32 11.02 10.51 7.96 9.42 9.93 9.20 4.96 3.50 0.29 0.80 2.34 1.24 3.80 7.59 7.59 6.20 6.20 5.40 7.52 6.64 3.14 0.00 0.00 3.87 6.28 5.77 4.02 12.70 15.84 14.38 14.16 14.31 10.88 11.97 10.29 9.86 7.74 7.23 7.52 7.52 12.85 15.04 15.48 14.31 12.70 12.26
6.79 6.79 3.50 2.12 3.72 5.11 6.35 7.96 11.02 10.51 11.24 12.12 10.95 9.42 9.20 9.05 6.64 4.60 0.00 2.92 5.11 6.64 7.66 9.27 10.15 10.80 10.80 10.22 11.17 14.31 13.87 13.43 14.82 14.82 15.99 16.72 18.25 10.37 10.66 10.88 11.90 12.34 5.48 4.74 4.02 2.70 4.31 3.50 2.77 4.45 5.62 5.62 4.53 4.53 7.66 7.15 4.23 0.00 0.00 1.61 7.37 8.54 7.45 7.81 10.22 11.46 10.66 8.54 7.74 8.47 7.23 7.01 9.34 7.96 9.42 11.46 11.46 13.36 15.11 14.16 15.48 14.31 11.39
6.79 6.79 3.50 2.12 3.72 5.11 6.35 7.96 11.02 10.51 11.24 12.12 10.95 9.42 9.20 9.05 6.64 4.60 0.00 2.92 5.11 6.64 7.66 9.27 10.15 10.80 10.80 10.22 11.17 14.31 13.87 13.43 14.82 14.82 15.99 16.72 18.25 10.37 10.66 10.88 11.90 12.34 5.48 4.74 4.02 2.70 4.31 3.50 2.77 4.45 5.62 5.62 4.53 4.53 7.66 7.15 4.23 0.00 0.00 1.61 7.37 8.54 7.45 7.81 10.22 11.46 10.66 8.54 7.74 8.47 7.23 7.01 9.34 7.96 9.42 11.46 11.46 13.36 15.11 14.16 15.48 14.31 11.39
5.91 5.91 5.26 4.53 6.13 7.15 6.94 8.32 9.27 10.37 10.73 11.02 12.26 11.83 9.78 7.74 6.42 4.67 3.21 3.50 4.45 0.00 4.38 3.87 5.11 7.01 7.01 7.81 9.27 10.80 9.34 7.15 8.76 12.85 11.97 12.70 9.78 10.73 13.72 14.60 13.58 14.38 8.18 9.27 3.80 3.50 4.45 3.36 4.74 7.08 6.28 6.28 7.74 7.96 4.74 0.88 0.00 1.61 4.82 8.10 10.80 11.17 10.15 8.10 8.25 8.69 9.42 9.05 8.98 9.78 11.61 10.37 11.61 12.92 12.92 12.12 12.12 14.09 16.21 17.30 17.45 17.23 14.09
