Wansh/Snow_depth/snowdepth-1985/winter/1986053.txt
ncols 321
nrows 161
xllcenter 60
yllcenter 15 
cellsize  0.25 
NODATA_value -1
[rows 0 to 36 of 161, columns 166 to 248 of 321]
13.65 14.24 10.15 9.13 10.29 10.07 11.24 9.93 8.32 7.88 9.13 9.13 10.07 9.93 9.27 10.44 9.20 8.98 10.44 11.83 14.16 15.11 12.85 13.14 14.38 15.62 14.45 9.20 6.20 0.07 0.00 0.00 0.00 11.61 19.71 21.02 18.76 18.76 11.68 17.89 23.80 24.97 22.63 23.51 25.04 25.99 35.04 33.73 33.51 33.94 31.17 25.77 21.61 20.37 19.93 20.29 23.14 27.08 29.93 29.05 28.25 26.57 26.57 27.08 27.23 33.65 37.96 37.45 35.26 32.49 28.32 26.21 26.35 26.50 25.19 23.87 23.29 24.75 25.04 23.94 24.09 23.07 22.12
17.59 17.67 13.80 11.53 10.73 11.02 10.29 8.76 8.69 10.51 10.88 10.88 11.02 11.83 10.80 8.76 7.59 8.69 9.93 13.14 15.91 15.91 12.78 12.48 13.43 14.53 9.64 1.83 0.00 0.00 0.00 0.00 5.69 13.65 17.67 14.60 10.73 10.73 11.46 16.50 25.33 26.86 27.74 29.13 33.58 37.81 39.35 35.84 32.85 27.81 30.81 28.54 24.53 20.29 19.71 21.90 22.70 26.50 31.24 31.24 30.81 27.38 27.38 29.20 32.12 37.08 39.27 38.33 35.92 32.92 31.46 30.44 29.05 27.01 24.97 22.78 22.41 22.70 22.70 23.80 24.38 23.73 21.61
22.48 20.95 18.18 15.77 14.82 14.67 12.41 9.27 8.54 9.42 11.02 11.02 11.46 9.78 7.66 7.96 8.54 11.75 13.51 14.24 15.11 15.11 13.14 14.38 13.14 10.73 5.11 0.00 0.00 0.00 0.00 0.00 6.72 12.48 12.99 14.09 12.85 12.85 16.43 24.45 28.69 30.44 31.76 32.70 29.71 35.62 31.68 32.41 30.37 28.40 28.62 28.47 25.84 24.60 24.31 25.84 27.38 26.35 25.11 26.94 28.40 26.57 26.57 27.30 30.15 32.41 30.30 30.66 31.03 30.66 30.95 31.54 28.69 26.13 23.80 23.00 23.14 22.27 21.97 24.31 24.75 23.07 20.81
22.48 20.95 18.18 15.77 14.82 14.67 12.41 9.27 8.54 9.42 11.02 11.02 11.46 9.78 7.66 7.96 8.54 11.75 13.51 14.24 15.11 15.11 13.14 14.38 13.14 10.73 5.11 0.00 0.00 0.00 0.00 0.00 6.72 12.48 12.99 14.09 12.85 12.85 16.43 24.45 28.69 30.44 31.76 32.70 29.71 35.62 31.68 32.41 30.37 28.40 28.62 28.47 25.84 24.60 24.31 25.84 27.38 26.35 25.11 26.94 28.40 26.57 26.57 27.30 30.15 32.41 30.30 30.66 31.03 30.66 30.95 31.54 28.69 26.13 23.80 23.00 23.14 22.27 21.97 24.31 24.75 23.07 20.81
20.73 20.15 19.71 17.96 17.74 17.96 15.62 11.68 7.88 6.72 9.93 9.93 11.17 10.29 11.17 12.85 14.45 18.83 20.73 17.67 15.55 14.53 14.16 14.53 11.39 11.17 0.00 0.00 0.00 0.00 0.00 4.96 12.34 14.97 16.06 16.79 18.10 18.10 23.29 25.99 29.20 25.99 27.96 28.84 31.32 30.15 30.51 32.19 33.29 32.12 30.95 28.18 23.58 24.97 26.35 27.23 27.81 26.57 27.59 26.72 26.43 27.89 27.89 30.37 33.07 32.56 30.81 28.25 27.67 26.94 25.99 24.75 24.53 23.21 22.48 19.64 15.48 14.53 13.51 14.24 14.09 16.43 17.74
22.19 22.78 22.56 20.22 17.67 17.52 16.50 14.97 14.02 11.24 11.68 11.68 14.75 18.98 17.23 15.84 15.84 21.83 20.51 14.89 11.75 9.78 12.56 6.64 0.00 0.00 0.00 0.00 0.00 0.00 3.58 10.29 13.36 16.64 16.50 18.40 19.64 19.64 20.73 19.71 20.44 23.51 26.57 28.32 34.60 31.03 32.85 34.09 32.63 32.49 29.86 30.00 30.22 32.05 31.68 27.74 26.57 26.35 24.67 22.85 22.34 25.77 25.77 31.97 31.97 30.08 26.28 20.29 16.35 17.96 18.32 18.32 17.89 17.30 16.43 14.67 13.36 11.90 12.41 13.14 14.45 14.97 15.40
22.19 24.09 23.94 23.58 22.19 20.66 17.81 16.86 18.10 18.47 16.50 16.50 16.21 18.98 21.10 22.63 25.55 26.57 16.28 11.02 9.05 8.76 4.67 0.00 0.00 0.00 0.00 0.00 0.00 5.18 10.15 15.33 16.72 18.10 18.61 21.10 23.80 23.80 23.80 21.97 21.17 23.58 24.31 26.43 26.28 26.13 25.99 26.65 29.71 31.68 30.73 29.05 31.32 32.41 31.90 28.76 24.16 21.02 20.22 18.69 20.22 20.15 20.15 20.66 21.46 21.83 17.16 16.06 15.48 15.77 13.36 13.51 13.51 14.16 14.82 14.31 13.43 12.63 13.29 13.72 14.16 15.66 17.20
22.19 24.09 23.94 23.58 22.19 20.66 17.81 16.86 18.10 18.47 16.50 16.50 16.21 18.98 21.10 22.63 25.55 26.57 16.28 11.02 9.05 8.76 4.67 0.00 0.00 0.00 0.00 0.00 0.00 5.18 10.15 15.33 16.72 18.10 18.61 21.10 23.80 23.80 23.80 21.97 21.17 23.58 24.31 26.43 26.28 26.13 25.99 26.65 29.71 31.68 30.73 29.05 31.32 32.41 31.90 28.76 24.16 21.02 20.22 18.69 20.22 20.15 20.15 20.66 21.46 21.83 17.16 16.06 15.48 15.77 13.36 13.51 13.51 14.16 14.82 14.31 13.43 14.60 18.33 19.75 19.40 26.62 28.40
17.89 21.10 23.73 24.45 23.80 22.56 19.20 18.18 19.56 20.59 19.20 19.20 19.42 24.16 26.86 26.50 24.53 18.18 11.17 7.96 6.64 4.82 0.00 0.00 0.00 0.00 0.00 0.00 2.19 8.83 13.14 14.16 16.35 17.89 20.37 24.38 26.35 26.35 26.50 23.94 22.63 23.14 27.59 27.59 27.08 26.06 23.94 22.48 25.99 31.90 33.65 30.22 28.47 26.06 23.14 21.75 18.40 18.61 18.76 19.93 18.76 18.91 18.91 16.64 15.84 16.43 15.55 15.04 12.85 12.92 14.31 15.40 14.97 13.87 12.99 13.70 19.31 22.62 22.50 21.57 18.84 25.31 23.59
12.85 14.16 19.49 22.34 23.00 22.34 20.22 17.08 15.55 15.99 19.71 19.71 24.60 27.59 23.58 18.18 15.04 11.10 5.26 0.00 0.00 0.00 0.00 0.00 0.00 0.00 4.31 9.56 9.49 13.07 14.09 14.89 17.30 17.23 19.35 21.46 23.29 23.29 20.51 21.32 22.78 24.02 26.79 26.13 25.04 24.53 23.36 22.63 24.31 27.08 24.82 23.29 21.24 15.91 11.90 13.29 10.37 11.02 12.78 13.43 13.43 15.48 15.48 17.30 18.03 19.27 18.47 16.64 15.33 15.33 16.21 16.86 17.16 15.04 14.20 18.12 20.81 22.06 23.38 26.37 27.93 25.20 22.32
16.21 13.72 13.29 14.53 17.01 20.44 22.48 22.05 20.51 21.61 23.14 23.14 18.54 14.75 11.83 9.78 3.80 0.00 0.00 0.00 0.00 0.00 0.00 1.24 9.05 10.80 13.72 14.60 14.02 14.82 15.04 14.31 14.45 14.67 16.43 17.16 18.10 18.10 18.91 21.53 24.89 26.35 26.21 24.97 22.56 21.46 20.59 17.37 13.07 13.94 14.24 12.56 9.86 7.59 7.59 7.74 6.86 6.57 8.47 10.88 11.46 11.68 11.68 13.07 13.65 15.04 16.72 16.94 16.86 18.54 18.47 18.18 16.57 14.60 14.67 15.49 16.78 22.67 26.23 25.81 20.89 22.43 22.48
16.21 13.72 13.29 14.53 17.01 20.44 22.48 22.05 20.51 21.61 23.14 23.14 18.54 14.75 11.83 9.78 3.80 0.00 0.00 0.00 0.00 0.00 0.00 1.24 9.05 10.80 13.72 14.60 14.02 14.82 15.04 14.31 14.45 14.67 16.43 17.16 18.10 18.10 18.91 21.53 24.89 26.35 26.21 24.97 22.56 21.46 20.59 17.37 13.07 13.94 14.24 12.56 9.86 7.59 7.59 7.74 6.86 6.57 8.47 10.88 11.46 11.68 11.68 13.07 13.65 15.04 16.72 16.94 16.86 18.54 18.47 18.18 16.57 14.60 14.31 15.26 16.28 21.05 23.38 23.90 22.28 23.27 22.48
22.27 20.00 16.79 13.36 12.12 13.14 14.97 15.77 16.94 16.35 13.87 13.87 9.86 3.87 0.00 0.00 0.00 0.00 0.00 8.40 15.18 11.53 8.61 10.22 12.70 13.29 13.51 14.38 15.77 15.62 13.87 12.12 15.18 17.74 19.56 21.02 21.46 21.46 21.02 21.83 23.43 23.73 24.75 25.26 22.56 18.32 12.19 10.73 10.15 9.93 11.24 10.22 8.61 8.18 7.59 7.01 7.15 8.47 10.66 12.05 14.38 14.53 14.53 14.75 14.82 15.55 18.69 19.35 19.86 20.66 21.97 21.90 19.64 18.03 17.45 16.57 15.12 16.73 19.31 17.24 17.16 21.25 23.02
15.48 15.99 15.77 15.04 13.07 12.34 10.51 9.05 7.52 6.06 0.00 0.00 0.00 0.00 0.00 0.00 0.00 0.00 0.00 5.33 9.20 9.42 12.63 14.24 14.09 13.65 14.67 16.57 17.23 17.30 18.10 18.40 18.61 19.71 22.12 20.73 19.56 19.56 19.35 19.71 23.87 24.97 27.59 27.30 19.56 11.75 10.80 11.83 10.59 9.05 8.69 8.40 8.25 8.25 8.54 10.73 11.10 11.17 11.68 14.31 16.43 17.52 17.52 17.59 18.83 18.61 19.27 19.86 22.19 23.51 23.14 22.19 19.13 14.89 12.92 14.19 17.14 18.02 14.40 17.50 20.89 18.71 21.75
20.08 21.10 23.36 23.36 20.00 19.35 16.72 11.83 8.40 6.42 0.00 0.00 3.29 2.77 0.73 0.00 0.00 0.00 4.60 8.61 11.61 13.80 14.97 16.94 15.77 13.72 15.26 18.47 20.22 20.81 20.59 18.40 17.96 17.67 17.59 17.16 17.37 17.37 17.23 18.69 21.53 21.46 22.34 14.53 13.87 14.97 15.04 12.56 10.44 9.27 9.86 10.73 8.76 7.74 8.69 11.68 15.04 16.43 14.02 15.04 15.99 17.01 17.01 17.59 17.81 18.25 17.52 20.51 23.73 23.87 22.48 20.44 15.70 11.90 11.77 16.11 15.86 16.59 17.18 20.66 18.41 17.31 17.54
24.97 27.89 27.45 23.65 21.39 21.24 19.93 17.67 16.50 15.26 11.46 11.46 10.15 10.29 8.76 6.64 6.13 7.66 9.86 11.83 13.43 15.26 16.64 19.93 20.15 20.00 23.07 20.73 18.91 18.25 17.23 16.72 17.45 17.52 17.89 16.21 15.91 15.91 16.06 13.43 15.48 13.72 15.26 15.55 17.30 17.30 14.75 13.36 12.26 10.88 9.49 9.13 4.31 5.11 7.37 8.40 14.67 17.23 15.62 14.45 13.36 13.51 13.51 15.26 15.40 15.26 14.97 16.28 16.64 16.06 16.86 17.01 13.87 12.42 13.62 15.48 18.14 16.40 17.46 15.16 16.21 16.29 16.92
24.97 27.89 27.45 23.65 21.39 21.24 19.93 17.67 16.50 15.26 11.46 11.46 10.15 10.29 8.76 6.64 6.13 7.66 9.86 11.83 13.43 15.26 16.64 19.93 20.15 20.00 23.07 20.73 18.91 18.25 17.23 16.72 17.45 17.52 17.89 16.21 15.91 15.91 16.06 13.43 15.48 13.72 15.26 15.55 17.30 17.30 14.75 13.36 12.26 10.88 9.49 9.13 4.31 5.11 7.37 8.40 14.67 17.23 15.62 14.45 13.36 13.51 13.51 15.26 15.40 15.26 14.97 16.28 16.64 16.06 16.86 17.01 13.87 15.25 12.76 16.82 16.29 20.29 17.71 16.76 16.53 14.69 16.35
21.61 23.94 23.65 20.08 16.35 15.33 14.31 12.78 14.53 17.23 16.64 16.64 15.84 11.75 10.37 10.00 12.48 13.72 12.12 12.92 15.70 17.16 17.67 16.72 16.43 18.10 17.37 15.77 15.91 16.21 15.62 14.97 15.99 17.52 18.03 17.08 18.10 18.10 17.52 13.80 14.75 18.98 18.76 19.20 19.20 16.21 13.94 11.10 11.61 10.51 8.98 7.37 6.42 6.13 6.72 8.54 12.26 15.40 13.94 13.87 11.02 10.66 10.66 11.10 11.68 8.98 7.59 8.40 8.83 10.51 13.14 15.70 17.32 15.65 15.94 14.32 14.19 14.60 16.35 16.95 15.34 19.97 15.09
20.73 20.66 24.89 27.45 23.36 18.25 16.50 13.72 12.12 9.86 8.83 8.83 11.39 12.41 13.87 15.40 16.79 18.91 17.01 16.28 16.86 19.56 19.49 18.98 18.98 16.72 15.77 13.51 11.90 14.60 15.11 15.18 15.40 16.28 18.32 16.79 17.81 17.81 17.45 16.72 16.94 15.18 15.33 16.79 14.02 10.37 10.51 10.15 10.00 9.20 8.10 6.79 7.30 7.45 6.42 6.35 6.35 10.51 11.02 10.07 8.98 9.64 9.64 7.45 6.35 5.11 4.38 5.69 5.62 8.10 11.39 14.31 15.78 15.93 14.08 12.50 13.64 13.86 14.69 16.14 17.16 17.99 12.46
17.08 16.86 17.96 22.63 24.16 23.51 23.00 19.64 14.82 12.56 12.63 12.63 13.58 14.60 15.62 20.37 18.54 18.69 17.23 17.16 20.88 25.33 23.94 18.10 14.75 13.65 12.34 12.85 14.16 14.53 13.14 12.41 14.31 16.06 16.50 16.43 15.26 15.26 13.65 15.18 16.35 14.24 14.53 11.97 7.88 9.49 9.42 10.66 12.19 10.88 6.64 5.84 5.77 5.40 5.26 4.09 5.33 7.08 7.30 8.69 8.98 7.88 7.88 7.88 7.15 6.20 5.55 7.81 8.83 10.29 11.97 12.78 14.97 16.35 16.06 16.28 16.57 15.64 17.17 21.09 19.23 14.49 12.59
14.02 12.34 13.21 15.77 17.81 18.69 19.49 18.32 16.28 14.31 14.16 14.16 13.65 14.53 21.90 23.21 23.14 20.51 20.29 20.08 21.53 23.36 25.33 23.14 18.83 15.77 13.65 12.19 9.49 10.07 12.12 14.67 16.94 17.81 17.30 17.01 17.74 17.74 17.37 13.87 10.73 8.40 7.45 7.15 7.74 8.98 8.54 9.86 9.34 7.37 5.48 4.45 3.80 1.90 3.94 4.60 3.72 5.40 6.20 6.13 6.50 6.86 6.86 9.42 7.15 7.59 7.88 7.23 9.56 11.83 12.78 14.97 16.79 17.37 16.64 17.30 18.04 18.80 18.73 19.72 22.46 14.93 13.74
7.96 8.10 11.10 16.06 18.25 17.16 15.04 12.99 14.60 14.45 15.11 15.11 15.40 20.59 21.90 20.00 18.91 17.16 17.01 20.00 21.53 21.83 20.08 17.30 13.07 11.39 12.48 11.53 9.86 9.49 10.88 16.13 18.10 15.77 15.26 18.32 13.51 13.51 11.10 8.47 4.53 7.08 4.96 3.36 6.20 7.45 8.25 7.66 7.08 5.48 5.18 6.79 5.77 5.40 5.26 7.01 8.76 8.61 7.52 5.55 6.86 7.01 7.01 5.18 2.05 2.92 6.79 8.47 10.51 12.85 14.67 16.21 16.79 18.32 17.81 18.18 18.40 19.23 23.20 19.68 19.94 14.81 9.00
7.96 8.10 11.10 16.06 18.25 17.16 15.04 12.99 14.60 14.45 15.11 15.11 15.40 20.59 21.90 20.00 18.91 17.16 17.01 20.00 21.53 21.83 20.08 17.30 13.07 11.39 12.48 11.53 9.86 9.49 10.88 16.13 18.10 15.77 15.26 18.32 13.51 13.51 11.10 8.47 4.53 7.08 4.96 3.36 6.20 7.45 8.25 7.66 7.08 5.48 5.18 6.79 5.77 5.40 5.26 7.01 8.76 8.61 7.52 5.55 6.86 7.01 7.01 5.18 2.05 2.92 6.79 8.47 10.51 12.85 14.67 16.21 16.79 18.32 17.81 18.18 17.67 19.34 18.02 17.31 16.70 17.23 11.01
6.13 7.37 10.51 13.94 15.84 15.84 14.31 15.40 17.81 20.44 18.54 18.54 13.80 14.67 15.33 11.75 15.62 16.06 18.47 20.59 20.37 17.37 16.21 15.18 13.51 13.43 12.85 10.51 11.10 14.45 14.67 15.33 15.48 12.26 8.40 6.64 2.26 2.26 2.85 3.14 2.99 3.65 3.36 4.53 4.60 6.20 9.34 8.61 8.47 8.98 9.93 10.29 9.56 9.78 8.40 6.50 8.10 8.54 8.25 6.94 5.55 4.23 4.23 0.00 0.00 3.72 6.72 7.08 7.15 10.00 11.83 12.70 14.38 16.72 20.22 22.12 22.63 22.60 23.36 28.02 21.05 18.00 14.82
6.06 5.69 10.22 14.97 15.91 14.60 14.60 14.60 19.78 24.45 23.36 23.36 19.05 15.84 16.13 16.57 15.91 14.60 14.09 15.48 15.70 16.28 15.48 14.89 14.97 12.92 10.37 12.05 14.16 16.21 14.75 11.46 8.61 6.28 4.02 1.10 1.24 1.24 3.29 1.68 2.92 4.53 3.21 1.90 2.19 3.14 4.53 5.40 7.30 6.35 6.86 7.15 8.18 7.96 9.05 9.27 8.40 7.08 5.69 5.18 4.45 0.00 0.00 0.00 0.00 5.48 7.37 8.76 8.91 9.20 11.68 14.45 15.70 19.56 23.65 27.59 27.25 27.25 26.66 25.22 26.32 21.32 20.20
5.62 5.40 8.03 10.51 11.39 10.51 9.56 12.92 19.20 21.61 21.24 21.24 19.20 15.48 15.77 15.55 17.16 16.21 12.48 11.97 13.87 12.78 11.97 12.41 14.16 13.36 10.80 10.95 15.91 15.55 12.99 8.32 4.16 2.12 2.12 2.77 2.56 2.56 1.90 1.97 2.34 3.14 1.31 2.12 2.92 2.70 1.90 0.00 0.00 2.99 4.23 8.10 10.29 8.40 7.66 10.07 5.91 2.70 2.26 0.00 0.00 0.00 0.00 0.00 4.23 4.67 7.15 9.64 11.39 12.34 12.70 14.31 16.64 21.68 29.05 31.49 29.42 31.59 27.07 20.97 21.17 20.55 13.55
7.23 8.40 6.79 6.35 7.37 6.72 8.54 13.43 17.30 19.56 18.18 18.18 18.54 17.37 12.48 10.66 12.12 12.34 12.48 13.80 13.65 11.46 11.39 12.78 14.02 13.87 10.44 10.00 10.37 10.15 6.79 3.07 1.02 0.07 0.00 1.83 0.80 0.80 1.39 1.39 2.63 2.56 2.99 3.58 2.70 1.83 0.95 1.39 1.31 0.29 2.26 5.69 7.30 5.33 3.80 4.89 4.31 0.00 2.77 3.36 2.77 1.97 1.97 3.58 4.23 3.07 5.40 9.34 9.93 11.61 14.31 18.03 20.59 24.02 30.93 31.96 34.01 29.76 20.57 23.38 17.29 15.86 12.51
8.32 10.15 6.64 6.79 8.47 7.08 8.91 9.27 12.78 9.34 10.59 10.59 10.22 10.51 10.00 11.02 9.78 9.93 11.24 11.39 11.32 10.80 11.39 10.07 9.86 8.98 4.45 1.24 2.56 3.65 3.50 1.24 0.00 0.29 0.00 0.00 0.80 0.80 1.83 2.92 2.56 3.21 4.23 2.56 0.00 0.00 0.00 0.00 0.00 0.00 0.00 2.04 3.43 4.02 0.00 0.88 1.68 1.46 2.04 2.77 1.53 1.39 1.39 0.00 3.07 1.97 5.91 8.61 8.03 8.47 12.85 19.86 23.96 27.55 37.27 31.45 35.04 25.86 19.88 18.01 17.10 12.89 9.53
8.32 10.15 6.64 6.79 8.47 7.08 8.91 9.27 12.78 9.34 10.59 10.59 10.22 10.51 10.00 11.02 9.78 9.93 11.24 11.39 11.32 10.80 11.39 10.07 9.86 8.98 4.45 1.24 2.56 3.65 3.50 1.24 0.00 0.29 0.00 0.00 0.80 0.80 1.83 2.92 2.56 3.21 4.23 2.56 0.00 0.00 0.00 0.00 0.00 0.00 0.00 2.04 3.43 4.02 0.00 0.88 1.68 1.46 2.04 2.77 1.53 1.39 1.39 0.00 3.07 1.97 5.91 8.61 8.03 8.47 12.85 19.86 24.08 27.26 33.70 35.04 37.39 30.17 23.07 17.43 17.86 12.53 10.08
2.92 2.85 5.26 5.04 6.13 6.06 5.69 5.69 0.00 4.96 6.20 6.20 5.40 3.14 0.00 0.00 2.56 3.94 5.26 6.86 8.69 6.50 5.48 3.80 3.07 2.34 0.00 0.95 2.12 2.48 1.39 0.00 0.00 0.00 3.72 2.70 1.39 1.39 1.90 3.07 2.19 0.00 0.00 1.31 0.00 0.00 0.00 0.00 0.00 1.02 1.31 1.61 0.00 0.00 0.00 0.00 2.99 0.00 0.00 0.58 0.00 0.00 0.00 0.00 0.00 0.00 5.33 4.96 5.84 9.13 14.09 22.78 28.83 33.70 38.38 42.91 27.63 19.51 16.89 17.23 12.41 9.67 8.80
4.67 6.35 7.15 6.79 6.72 5.48 5.69 0.00 4.60 5.91 7.23 7.23 5.04 2.77 0.00 2.48 3.14 3.72 6.50 7.23 8.61 7.59 4.67 0.00 0.00 0.00 0.00 2.19 2.99 2.34 1.53 0.95 0.00 0.00 2.63 0.00 0.00 0.00 0.00 0.00 0.00 0.00 0.58 1.53 1.68 0.00 0.00 0.00 1.68 1.75 1.83 2.77 0.00 0.00 0.00 0.00 0.00 0.00 0.00 0.00 0.00 0.00 0.00 0.00 0.00 0.15 1.02 4.09 6.20 12.05 19.05 28.69 33.87 34.02 40.33 31.76 20.30 7.94 6.47 6.39 6.36 5.95 4.02
9.86 9.34 9.64 9.13 7.59 6.79 5.62 3.36 4.74 6.79 7.52 7.52 5.40 0.00 0.00 0.00 0.00 0.00 9.27 13.51 13.80 8.76 2.41 0.00 2.19 2.77 0.00 0.00 0.00 0.00 1.68 1.90 0.00 0.00 3.36 0.00 0.00 0.00 3.07 0.00 0.00 2.56 2.19 2.99 2.92 0.00 0.00 0.00 2.34 2.04 0.00 0.00 0.00 0.00 0.00 0.00 0.00 0.00 0.00 0.00 0.00 0.00 0.00 0.00 0.00 0.00 0.00 4.02 9.05 18.83 25.55 29.27 33.22 33.79 38.96 23.28 11.80 5.42 3.59 4.24 3.39 4.37 3.72
11.90 8.03 8.18 8.32 6.35 8.54 0.00 0.00 5.04 10.15 7.96 7.96 4.82 0.00 0.00 0.00 4.60 8.32 11.75 14.09 11.53 8.10 6.28 3.29 2.92 4.60 1.83 1.46 0.00 0.00 0.00 0.00 0.00 3.87 2.48 0.00 4.23 4.23 4.74 5.11 5.55 5.40 3.94 5.48 5.84 5.18 4.23 2.85 2.04 0.00 0.00 0.00 0.00 0.00 0.00 0.00 0.00 0.00 0.00 0.00 0.00 0.00 0.00 0.00 0.00 0.00 4.67 6.28 8.61 19.56 25.55 28.91 33.65 33.40 20.66 11.32 4.94 3.48 4.37 4.24 3.15 3.41 3.15
8.18 5.55 6.50 5.77 4.82 5.91 5.99 0.00 6.94 5.55 0.00 0.00 0.00 3.14 5.69 6.94 7.01 9.27 8.61 7.66 10.07 9.49 8.18 6.57 3.80 3.65 3.80 0.00 1.83 0.00 0.00 0.00 2.34 6.28 8.03 7.66 6.79 6.79 6.86 6.86 6.94 4.74 3.94 5.91 8.25 8.32 7.66 6.72 7.52 7.23 4.38 0.00 0.00 0.00 0.00 0.00 0.00 0.00 0.00 0.00 0.00 0.00 0.00 0.00 1.68 2.48 3.07 3.80 6.50 20.08 26.21 27.52 31.39 33.29 8.92 2.09 1.90 2.43 2.81 2.54 0.00 0.00 0.85
4.74 3.29 2.92 2.99 3.14 0.00 0.00 3.72 3.94 3.87 0.00 0.00 0.00 3.21 5.99 8.03 8.03 7.66 6.35 4.16 4.74 5.69 8.69 10.37 6.64 1.90 0.00 0.00 0.00 0.00 0.00 0.00 0.00 0.00 0.00 2.77 6.35 6.35 6.42 5.04 6.64 8.03 7.96 8.40 9.20 8.69 9.49 10.80 10.95 11.75 11.39 5.84 1.90 0.00 0.00 0.00 0.80 2.19 2.56 7.88 7.37 2.19 2.19 0.00 0.00 2.12 2.34 4.89 13.58 24.24 26.43 24.16 25.40 11.81 4.39 1.49 2.73 1.09 0.57 1.30 0.96 1.01 1.82
4.74 3.29 2.92 2.99 3.14 0.00 0.00 3.72 3.94 3.87 0.00 0.00 0.00 3.21 5.99 8.03 8.03 7.66 6.35 4.16 4.74 5.69 8.69 10.37 6.64 1.90 0.00 0.00 0.00 0.00 0.00 0.00 0.00 0.00 0.00 2.77 6.35 6.35 6.42 5.04 6.64 8.03 7.96 8.40 9.20 8.69 9.49 10.80 10.95 11.75 11.39 5.84 1.90 0.00 0.00 0.00 0.80 2.19 2.56 7.88 7.37 2.19 2.19 0.00 0.00 2.12 2.34 4.89 13.58 24.24 26.43 24.16 25.40 11.75 4.33 1.47 2.73 1.14 0.50 1.24 0.93 1.07 1.78
1.83 0.00 1.02 1.02 1.31 0.00 2.12 0.00 0.00 0.00 0.00 0.00 0.00 1.97 6.86 6.57 6.94 5.26 0.00 0.00 0.00 4.60 5.91 7.30 5.33 2.04 0.00 0.00 0.00 0.00 0.00 0.00 0.00 0.00 0.00 2.77 4.53 4.53 4.45 5.26 5.55 7.52 10.44 9.05 7.52 10.22 12.05 15.18 16.79 15.26 12.41 5.99 5.40 9.93 8.98 7.45 9.78 7.52 2.77 6.64 7.52 4.45 4.45 2.34 3.50 7.96 10.66 14.97 20.44 24.82 20.37 20.29 20.66 8.54 3.43 1.40 0.44 0.00 1.13 2.03 0.93 1.42 2.30
