Wansh/Snow_depth/snowdepth-1985/winter/1986052.txt
ncols 321
nrows 161
xllcenter 60
yllcenter 15 
cellsize  0.25 
NODATA_value -1
[rows 37 to 73 of 161, columns 83 to 165 of 321]
18.25 15.48 14.02 9.13 7.59 17.96 23.80 21.61 17.79 14.31 13.87 12.19 10.00 6.20 2.85 4.31 5.18 0.00 0.00 0.00 1.02 3.21 5.26 10.51 7.59 8.91 12.78 13.94 12.70 14.31 17.01 18.54 20.81 18.32 13.80 10.95 8.32 9.78 12.41 11.90 10.15 7.96 7.08 10.07 10.07 11.90 11.83 11.17 11.02 11.83 10.00 5.55 4.23 2.63 3.21 0.00 0.00 0.00 6.42 8.40 7.23 6.35 4.31 3.65 0.00 0.00 1.61 1.68 2.56 2.56 0.00 0.00 0.00 1.17 1.46 0.00 0.00 0.00 1.83 2.77 2.85 4.60 0.00
23.80 20.81 15.11 10.37 7.96 8.61 8.91 9.56 11.39 12.12 11.32 9.78 8.32 6.50 6.06 7.59 0.00 0.00 3.14 3.14 1.68 1.68 5.91 10.66 11.53 8.32 9.20 10.22 9.93 11.53 13.58 14.16 15.62 13.29 10.00 7.15 6.72 6.94 9.34 8.03 8.47 7.23 3.94 2.63 2.63 3.87 5.48 18.03 16.13 12.34 13.58 11.97 10.95 6.64 0.00 0.00 3.50 3.29 6.50 5.62 4.60 6.72 7.08 0.00 3.07 0.00 0.00 1.02 0.00 0.00 0.00 0.00 0.00 0.00 0.00 0.00 0.00 0.00 0.00 0.00 0.00 0.22 1.68
24.75 24.67 21.75 18.19 15.56 14.38 10.07 8.69 12.05 15.77 16.94 16.94 17.67 16.21 12.92 12.70 9.71 8.47 13.87 13.87 15.55 10.29 8.83 10.37 10.44 7.23 5.48 6.20 5.77 5.91 6.35 8.03 9.20 8.69 6.94 7.37 7.74 10.00 11.10 8.25 5.62 5.11 6.72 7.66 7.66 7.96 6.42 16.64 17.37 18.83 17.45 16.13 17.23 9.93 4.96 0.00 0.00 0.00 0.00 0.00 0.00 0.00 1.68 3.07 4.31 4.96 3.94 1.24 0.00 0.00 0.00 0.00 1.68 0.00 0.00 0.00 0.00 0.00 0.00 0.00 0.00 0.00 0.00
18.32 22.48 26.78 28.83 27.23 25.92 19.93 13.07 17.08 21.83 25.48 28.54 25.26 20.29 18.83 21.83 20.73 18.47 29.05 29.05 27.38 18.98 0.00 13.87 9.78 9.05 6.13 5.69 6.64 5.26 2.92 0.00 0.00 2.41 4.53 4.60 3.87 4.60 5.04 5.62 4.53 2.56 4.16 7.30 7.30 8.32 6.94 3.58 9.13 8.32 6.35 8.18 6.13 2.12 2.34 0.00 0.00 0.00 0.00 0.00 0.00 0.00 0.00 0.00 0.00 0.00 4.09 4.09 3.80 3.80 2.92 0.00 3.36 2.12 0.00 0.00 0.00 0.00 0.00 0.00 0.00 0.00 0.00
10.15 11.34 14.01 17.53 19.56 19.13 15.99 10.80 11.61 14.89 18.69 20.47 22.82 22.74 22.85 27.36 28.39 29.57 30.08 30.23 27.96 23.36 18.91 19.27 16.35 11.68 11.39 9.93 8.18 5.77 2.77 0.00 0.00 0.00 0.00 0.00 0.00 0.00 1.24 1.90 1.24 0.00 0.00 0.00 0.00 3.07 0.00 4.53 4.16 0.00 3.43 4.53 3.36 0.00 0.00 0.00 0.00 0.00 2.41 0.00 3.14 0.00 0.00 0.00 0.00 0.00 0.37 1.17 1.24 1.24 2.77 3.58 0.00 0.00 0.00 0.00 2.19 2.48 0.00 1.46 1.39 0.00 0.00
19.71 14.68 9.58 8.77 8.92 7.74 7.52 10.37 13.14 13.80 14.82 18.29 20.08 21.61 25.48 26.94 28.83 29.27 30.68 30.37 28.76 25.81 22.60 20.88 18.98 16.94 13.94 14.89 14.31 9.78 8.18 4.60 0.00 0.00 0.00 0.00 0.00 0.51 0.95 0.00 0.00 0.00 0.00 2.77 2.77 3.65 0.00 0.00 3.14 4.31 4.23 3.80 2.34 0.00 0.00 0.00 0.00 0.00 0.00 3.36 2.85 1.83 0.00 0.00 0.00 1.24 1.75 0.00 0.00 0.00 0.00 0.00 2.41 3.07 0.00 1.97 2.48 3.14 2.41 0.00 0.00 0.00 0.00
24.89 24.26 23.73 20.65 17.78 10.84 8.62 9.19 9.05 10.04 9.00 10.37 11.46 18.64 23.51 26.56 26.21 29.27 33.00 34.19 30.73 28.11 22.78 21.57 19.00 15.48 15.63 15.92 15.77 15.04 14.30 11.80 6.64 4.74 3.87 3.89 3.21 5.55 6.86 6.35 0.00 4.16 7.23 7.37 7.37 5.99 3.43 3.72 3.36 3.21 0.00 4.38 3.94 3.36 0.00 0.00 0.00 0.00 0.00 0.00 1.31 0.00 3.65 0.00 0.00 0.00 2.19 2.12 1.17 1.17 0.00 0.00 0.00 2.41 3.50 3.72 3.50 2.04 2.34 3.94 0.00 0.00 0.00
24.06 23.94 23.04 22.85 22.38 21.68 19.39 17.73 21.71 25.70 21.97 17.31 14.31 9.64 7.81 6.60 11.13 18.59 26.52 26.11 25.62 25.70 27.16 28.03 24.24 21.17 22.08 21.79 14.16 12.20 13.30 13.27 15.99 19.71 20.00 19.88 20.73 19.49 16.21 11.83 5.99 3.87 7.52 10.51 10.51 5.26 3.43 5.48 0.00 6.35 6.35 5.40 6.13 4.74 2.99 0.00 0.37 0.00 0.00 0.00 2.19 2.41 3.07 3.80 3.07 1.61 0.00 0.00 2.63 2.63 2.56 0.00 0.00 1.39 1.24 2.04 0.00 0.00 0.00 0.00 0.00 0.00 0.00
27.01 27.96 25.70 19.44 17.59 17.52 16.59 19.17 22.78 24.16 25.77 29.49 30.67 27.08 20.00 13.21 5.91 5.33 8.18 8.53 8.81 12.41 11.63 14.84 13.40 14.97 13.14 11.90 7.59 7.07 7.56 7.23 12.85 20.23 23.73 27.20 28.54 26.54 16.88 12.90 8.83 6.57 7.45 5.18 5.18 0.00 0.00 0.00 2.77 12.63 20.62 14.23 7.92 4.23 3.36 4.23 0.00 1.17 0.00 0.00 0.00 0.00 0.00 0.00 0.00 1.97 2.41 0.00 3.36 3.36 4.38 0.00 3.72 4.09 0.00 0.00 0.00 0.00 0.00 0.00 1.53 0.00 0.00
27.28 28.82 27.48 20.26 17.95 17.61 16.51 18.98 22.78 24.16 25.77 29.49 30.67 27.08 20.00 13.21 5.91 5.33 8.10 8.10 8.54 11.61 10.88 13.86 13.90 16.09 14.05 12.46 7.71 6.79 7.52 7.23 12.34 19.42 23.01 28.05 29.73 26.68 16.45 13.03 8.88 6.57 7.45 5.18 5.18 0.00 0.00 0.00 2.83 12.76 21.04 14.31 7.92 4.26 3.36 4.23 0.00 1.17 0.00 0.00 0.00 0.00 0.00 0.00 0.00 1.97 2.41 0.00 3.36 3.36 4.38 0.00 3.72 4.09 0.00 0.00 0.00 0.00 0.00 0.00 1.53 0.00 0.00
22.42 20.11 21.28 18.71 16.07 14.00 12.75 19.79 23.81 25.53 23.11 23.44 23.04 26.32 29.58 24.59 18.34 10.22 4.82 4.82 5.40 6.50 2.92 2.48 5.84 8.94 8.63 5.94 4.45 3.87 2.34 2.92 4.96 7.96 11.39 13.51 12.05 6.57 3.58 4.60 5.04 3.14 2.41 0.00 0.00 0.00 0.00 1.75 3.14 10.00 19.20 17.33 11.35 5.41 0.00 2.70 3.72 1.97 0.22 0.00 0.00 0.00 2.41 0.00 0.00 0.00 0.00 1.46 1.46 1.46 0.00 0.00 3.36 4.23 0.00 3.21 0.00 0.00 0.00 0.00 0.00 0.00 0.00
28.54 30.66 29.35 24.09 13.78 15.65 23.45 26.55 23.80 21.37 21.90 20.65 18.76 21.61 24.38 22.27 12.70 8.61 11.46 11.46 12.70 9.34 5.62 5.26 6.64 5.33 5.33 4.96 4.45 0.00 0.66 1.39 0.88 1.46 4.48 5.04 2.99 1.75 0.00 2.04 2.04 0.00 0.00 0.00 0.00 0.00 2.85 4.09 0.00 4.96 6.24 6.75 8.32 9.10 7.01 3.08 3.10 2.85 0.00 0.00 0.00 2.92 3.21 2.63 2.19 1.53 1.83 2.92 3.80 3.80 0.00 3.43 0.00 2.77 3.87 3.29 0.00 2.19 1.61 0.00 0.00 0.00 0.00
36.39 33.94 27.20 24.46 18.23 20.91 19.94 13.48 17.67 15.40 10.88 15.62 17.45 16.64 23.14 19.71 17.16 13.21 15.04 15.04 12.34 6.50 3.14 3.98 4.74 4.23 2.34 1.32 2.71 0.00 0.00 0.00 0.00 0.00 0.00 0.00 0.00 0.00 0.00 0.66 2.63 2.34 0.00 0.00 0.00 0.00 0.00 3.07 0.00 0.00 0.00 2.23 3.14 5.04 11.97 9.27 5.26 2.77 4.09 3.29 2.19 0.00 2.63 2.99 0.00 4.02 3.14 3.65 3.94 3.94 4.89 4.31 3.50 3.36 3.58 0.00 1.97 0.00 0.00 1.75 2.04 0.00 0.00
24.92 21.79 21.46 18.10 9.86 7.75 7.45 9.83 14.38 12.25 11.31 14.53 18.47 24.19 24.31 15.70 13.49 13.94 14.24 14.24 9.78 2.48 0.95 0.37 1.10 0.22 0.66 0.73 1.75 0.00 0.00 0.00 0.00 0.00 0.00 0.00 0.00 0.00 0.00 1.10 2.63 1.97 0.00 0.00 0.00 0.00 0.00 0.00 0.00 2.63 0.00 2.77 3.58 6.06 7.08 7.01 6.06 5.84 4.82 4.38 4.96 4.67 4.31 2.92 3.29 4.53 4.45 3.43 3.21 3.21 4.09 4.67 4.89 0.00 4.31 3.87 3.07 3.36 0.00 3.21 2.19 0.00 0.00
17.45 17.37 16.73 13.79 6.53 2.49 1.39 0.00 0.37 0.80 3.14 6.78 9.66 13.57 9.64 6.08 3.94 4.74 5.04 5.04 3.29 1.97 1.61 2.57 0.00 0.00 0.00 2.70 4.09 3.72 0.00 1.24 0.00 0.00 0.00 0.00 0.00 0.00 0.00 0.00 0.00 1.31 3.58 0.00 0.00 2.19 0.00 0.00 0.00 0.00 4.60 5.99 4.96 5.91 6.72 6.28 4.96 3.87 3.87 4.74 4.96 4.23 0.00 0.00 2.48 2.92 2.63 3.07 3.29 3.29 3.58 2.85 0.00 0.00 0.00 0.00 3.58 3.87 2.77 3.58 2.77 0.00 0.00
8.03 9.49 2.95 0.30 0.00 0.00 0.37 0.51 1.02 0.44 0.00 0.29 1.17 1.68 1.53 1.90 1.02 0.00 0.29 0.29 1.46 1.10 0.00 0.00 0.00 0.00 0.00 0.00 4.02 4.02 0.00 0.00 0.00 0.00 2.12 2.04 2.41 3.72 2.99 2.48 1.75 2.92 4.96 5.91 5.91 5.77 5.04 3.72 0.00 0.00 4.09 5.62 5.99 6.06 6.20 3.94 3.65 3.14 3.87 4.60 5.26 4.02 2.12 2.56 1.39 2.92 4.09 3.65 3.29 3.29 0.00 2.19 0.00 0.00 0.00 0.00 0.00 1.61 0.00 0.00 0.00 0.00 0.00
1.64 0.52 0.00 0.00 0.00 0.00 0.00 0.00 0.00 0.00 0.22 0.00 0.00 0.00 0.00 0.00 0.00 0.00 0.00 0.00 0.00 0.00 0.00 0.00 0.00 0.00 0.00 0.00 2.63 2.56 0.00 0.00 0.00 0.00 1.97 2.99 3.21 2.99 2.99 2.56 0.00 2.48 3.94 4.23 4.23 4.96 6.42 4.45 4.67 0.00 3.87 6.57 6.50 5.48 5.77 5.69 5.04 5.04 4.31 5.26 5.55 4.96 3.14 2.41 2.12 2.26 0.00 0.00 2.99 2.99 4.02 4.09 0.00 3.65 3.94 3.43 0.00 0.00 0.00 0.00 0.00 0.00 0.00
0.44 0.00 0.00 0.00 0.00 0.00 0.00 0.00 0.00 0.00 0.00 0.00 0.00 0.00 0.00 0.00 0.00 0.00 0.00 0.00 0.00 2.04 3.29 0.00 0.00 0.00 0.00 0.00 0.00 0.00 0.00 0.00 0.00 0.00 0.00 0.00 2.34 2.77 4.82 3.14 0.00 0.00 0.00 3.94 3.94 0.00 6.79 6.50 4.67 3.94 5.26 6.94 6.86 4.96 5.18 4.67 5.18 5.48 4.53 4.96 2.99 0.00 2.85 3.65 3.50 2.41 2.26 0.00 0.00 0.00 3.43 3.94 3.07 3.67 3.87 3.14 2.92 4.31 4.16 0.00 0.00 0.00 0.00
0.00 0.00 0.00 0.00 0.00 0.00 0.00 0.00 0.00 1.10 0.00 0.00 0.00 0.00 0.00 0.00 0.00 0.00 0.00 0.00 0.00 0.00 0.00 2.34 1.39 0.00 0.00 0.00 0.00 2.19 4.16 3.21 2.56 0.00 0.00 1.90 2.70 3.65 3.07 1.83 3.43 4.31 0.00 3.72 3.72 3.21 4.16 4.74 2.41 0.00 4.38 5.91 5.84 6.28 5.84 4.23 3.65 4.09 4.16 3.58 3.58 0.00 3.87 4.67 5.91 4.45 3.29 2.70 2.56 2.56 2.99 2.19 1.75 0.00 2.19 2.56 2.85 3.14 3.94 0.00 0.00 0.00 0.00
1.97 0.58 0.00 0.00 0.00 0.00 0.00 0.00 0.00 0.00 0.00 0.00 0.00 0.00 0.00 0.00 0.00 0.00 0.00 0.00 0.00 0.00 0.00 0.00 0.00 1.39 0.00 0.00 0.00 2.04 3.94 3.87 2.70 1.90 3.21 4.53 4.67 2.77 0.80 0.00 0.00 4.02 0.00 0.00 0.00 0.00 4.23 3.36 2.63 0.00 0.00 0.00 4.09 4.31 5.99 5.69 3.80 3.80 4.02 4.67 4.45 3.14 3.21 3.94 4.23 3.80 3.21 0.00 2.41 2.41 0.00 0.00 1.90 1.75 3.14 2.77 0.00 0.00 0.00 4.31 1.68 0.00 0.00
0.00 0.00 0.00 0.00 0.00 0.00 0.00 0.00 0.00 0.00 0.00 0.00 0.00 0.00 0.00 0.00 0.00 0.00 0.00 0.00 0.00 0.00 0.00 0.00 0.00 0.00 0.00 0.00 0.00 0.00 0.00 2.19 2.04 2.19 2.12 0.00 0.00 0.00 0.00 0.00 0.00 0.00 0.00 0.00 0.00 5.11 5.11 3.14 2.19 0.00 3.80 3.72 4.67 5.55 5.55 3.87 3.36 4.53 4.02 4.38 4.45 4.89 4.53 0.00 3.36 0.00 3.21 2.04 1.97 1.97 0.00 1.61 2.70 2.77 2.70 1.90 0.00 0.00 3.43 3.29 0.00 0.00 0.00
0.00 0.00 0.00 0.00 0.00 0.00 0.00 0.00 0.00 0.00 0.00 0.00 0.00 0.00 0.00 0.00 0.00 0.00 0.00 0.00 0.00 0.00 0.00 0.00 0.00 0.00 0.00 0.00 0.00 0.00 0.00 0.00 0.00 0.00 0.00 0.00 0.00 0.00 0.00 0.00 0.00 0.00 0.00 2.85 2.85 5.62 1.53 0.00 0.00 0.00 1.53 2.19 3.21 4.02 3.07 0.00 0.80 4.02 2.34 0.00 0.00 0.00 0.00 0.00 0.00 0.00 3.43 0.00 0.00 0.00 0.00 0.00 1.68 2.92 2.48 1.17 0.88 0.00 0.00 0.00 0.00 0.00 0.00
0.00 0.00 0.00 0.00 0.00 0.00 0.00 0.00 0.00 0.00 0.00 0.00 0.00 0.00 0.00 0.00 0.00 0.00 0.00 0.00 0.00 0.00 0.00 0.00 0.00 0.00 0.00 0.00 0.00 0.00 0.00 0.00 0.00 0.00 0.00 0.00 0.00 0.00 0.00 0.00 0.00 0.00 0.00 0.00 0.00 0.00 0.00 0.00 0.00 0.00 1.24 0.00 0.00 2.99 2.56 0.00 0.00 3.14 3.58 0.00 0.00 0.00 4.60 4.89 0.00 1.61 2.04 0.00 0.00 0.00 0.00 0.00 0.00 0.00 0.00 0.00 0.00 0.00 0.00 0.00 0.00 0.00 0.00
0.00 0.00 0.00 0.00 0.00 0.00 0.00 0.00 0.00 0.00 0.00 0.00 0.00 0.00 0.00 0.00 0.00 0.00 0.00 0.00 0.00 0.00 0.00 0.00 0.00 0.00 0.00 0.00 0.00 0.00 0.00 0.00 0.00 0.00 0.00 0.00 0.00 0.00 0.00 0.00 0.00 0.00 0.00 0.00 0.00 0.00 0.00 0.00 0.00 0.00 0.00 0.00 0.00 1.54 2.56 0.00 2.99 0.00 4.31 5.33 4.60 3.58 0.00 1.53 0.00 0.00 0.00 0.00 0.00 0.00 0.00 0.00 0.00 0.00 0.00 0.00 0.00 0.00 0.00 0.00 0.00 0.00 0.00
0.00 0.00 0.00 0.00 0.00 0.00 0.00 0.00 0.00 0.00 0.00 0.00 0.00 0.00 0.00 0.00 0.00 0.00 0.00 0.00 0.00 0.00 0.00 0.00 0.00 0.00 0.00 0.00 0.00 0.00 0.00 0.00 0.00 0.00 0.00 0.00 0.00 0.00 0.00 0.00 0.00 0.00 0.00 0.00 0.00 0.00 0.00 0.00 0.00 0.00 0.00 0.00 0.00 0.00 0.00 0.00 0.00 3.58 3.14 2.19 2.77 1.10 0.00 0.00 0.00 1.17 1.68 2.77 0.00 0.00 0.00 0.00 0.00 0.00 0.00 0.00 0.00 0.00 0.00 0.00 0.00 0.00 0.00
0.00 0.00 0.00 0.00 0.00 0.00 0.00 0.00 0.00 0.00 0.00 0.00 0.00 0.00 0.00 0.00 0.00 0.00 0.00 0.00 0.00 0.00 0.00 0.00 0.00 0.00 0.00 0.00 0.00 0.00 0.00 0.00 0.00 0.00 0.00 0.00 0.00 0.00 0.00 0.00 0.00 0.00 0.00 0.00 0.00 0.00 0.00 0.00 0.00 0.00 0.00 0.00 0.00 0.00 0.00 0.00 0.00 2.04 3.21 3.36 3.50 4.60 5.04 0.00 0.00 4.53 1.90 0.88 0.00 0.00 0.00 0.00 0.00 0.00 0.00 0.00 0.00 0.00 0.00 0.00 0.00 0.00 0.00
0.00 0.00 0.00 0.00 0.00 0.00 0.00 0.00 0.00 0.00 0.00 0.00 0.00 0.00 0.00 0.00 0.00 0.00 0.00 0.00 0.00 0.00 0.00 0.00 0.00 0.00 0.00 0.00 0.00 0.00 0.00 0.00 0.00 0.00 0.00 2.99 3.50 0.00 0.00 0.00 0.00 0.00 0.00 0.00 0.00 0.00 0.00 0.00 0.00 0.00 0.00 3.43 0.00 1.53 3.72 2.92 2.41 4.74 4.67 3.14 2.99 5.40 7.37 4.38 1.83 6.20 4.09 1.39 1.53 1.53 3.50 4.74 2.92 0.00 0.00 0.00 0.00 0.00 0.00 0.00 0.00 0.00 0.00
0.00 0.00 0.00 0.00 0.00 0.00 0.00 0.00 0.00 0.00 0.00 0.00 0.00 0.00 0.00 0.00 0.00 0.00 0.00 0.00 0.00 0.00 0.00 0.00 0.00 0.00 0.00 0.00 1.53 0.00 3.43 0.00 0.00 0.00 0.00 0.00 0.00 0.00 0.00 0.00 0.00 0.00 0.00 0.00 0.00 0.00 0.00 0.00 0.00 0.00 3.07 6.13 3.80 0.00 5.99 6.42 6.13 6.86 5.26 1.53 0.00 0.00 0.00 0.00 1.53 2.19 2.41 2.19 1.39 1.39 3.14 5.26 5.33 6.06 3.80 1.53 0.00 0.00 0.00 0.00 0.00 0.00 0.00
0.00 0.00 0.00 0.00 0.00 0.00 0.00 0.00 0.00 0.00 0.00 0.00 0.00 0.00 0.00 0.00 0.00 0.00 0.00 0.00 0.00 0.00 0.00 0.00 0.00 0.00 0.00 0.00 4.60 3.65 0.00 0.07 1.39 1.39 0.00 4.23 4.23 0.00 10.37 10.73 7.96 0.00 2.19 2.85 2.85 0.00 0.00 0.00 0.00 2.41 0.00 3.72 3.29 0.00 3.14 0.00 0.00 0.00 0.00 3.43 2.77 2.41 0.00 0.00 5.18 4.02 3.07 2.70 1.97 1.97 0.73 1.24 3.87 5.62 8.91 3.63 4.26 1.46 2.26 0.00 0.00 0.00 0.00
0.00 0.00 0.00 0.00 0.00 0.00 0.00 0.00 0.00 0.00 0.00 0.00 0.00 0.00 0.00 0.00 0.00 0.00 0.00 0.00 0.00 0.00 0.00 0.00 0.00 0.00 0.00 0.00 0.00 0.00 1.61 2.70 2.99 4.38 5.18 7.96 7.08 0.00 4.02 3.87 0.00 0.00 0.00 1.83 1.83 2.92 0.00 0.00 0.00 0.00 0.00 2.12 3.72 3.72 3.14 1.97 3.36 3.43 4.38 5.04 6.13 7.30 7.52 4.60 5.40 5.62 7.01 7.88 3.36 3.36 1.02 2.63 4.02 4.45 4.67 3.21 3.78 3.21 3.93 2.78 1.03 1.75 1.05
0.00 0.00 0.00 0.00 0.00 0.00 0.00 0.00 0.00 0.00 0.00 0.00 0.00 0.00 0.00 0.00 0.00 0.00 0.00 0.00 0.00 0.00 0.00 0.00 0.00 0.00 0.00 0.00 1.31 2.70 2.85 4.16 5.62 5.91 5.77 5.11 4.53 5.26 0.00 0.00 0.00 0.00 0.00 1.75 1.75 3.29 0.00 0.00 0.00 0.00 0.00 0.00 0.00 2.34 2.34 3.21 4.45 6.86 11.90 17.16 15.18 12.56 11.46 9.27 6.72 4.96 0.00 8.47 8.83 8.83 0.00 8.61 8.40 5.18 2.41 7.15 6.79 5.09 6.97 6.13 3.87 1.75 1.68
0.00 0.00 0.00 0.00 0.00 0.00 0.00 0.00 0.00 0.00 0.00 0.00 0.00 0.00 0.00 0.00 0.00 0.00 0.00 0.00 0.00 0.00 0.00 0.00 0.00 0.00 2.85 2.34 3.14 4.67 5.84 7.52 5.62 4.53 0.00 0.00 0.00 5.33 0.00 0.00 0.00 0.00 0.00 0.80 0.80 0.00 0.00 0.00 0.00 0.00 0.00 0.00 0.00 0.00 0.00 0.00 3.65 3.36 7.30 10.29 8.76 6.35 8.47 7.30 6.20 7.01 6.06 8.25 7.52 7.52 0.00 6.06 3.21 2.92 0.15 2.85 3.72 5.26 3.21 5.62 7.08 6.86 3.87
0.00 0.00 0.00 0.00 0.00 0.00 0.00 0.00 0.00 0.00 0.00 0.00 0.00 0.00 0.00 0.00 0.00 0.00 0.00 0.00 0.00 0.00 0.00 3.07 5.62 7.08 6.79 6.28 5.77 5.04 5.62 5.26 3.36 2.85 1.83 1.02 0.80 2.77 0.00 0.00 0.00 0.00 0.00 0.00 0.00 0.00 0.00 2.19 2.77 1.97 0.58 0.00 0.00 0.00 0.00 0.00 0.00 2.56 0.00 4.23 0.00 0.00 3.87 4.96 3.65 5.33 6.50 9.13 7.15 7.15 4.96 1.31 2.48 2.12 2.12 3.29 2.92 2.70 3.14 4.89 5.69 7.23 12.48
0.00 0.00 0.00 0.00 0.00 0.00 0.00 0.00 0.00 0.00 0.00 0.00 0.00 0.00 0.00 0.00 0.00 0.00 0.00 0.00 0.00 0.58 2.70 3.72 3.80 3.50 0.00 4.38 4.02 5.26 5.04 6.13 7.01 9.13 11.68 3.94 1.61 4.02 4.82 2.99 0.00 0.00 0.51 0.00 0.00 0.00 0.00 0.00 3.50 2.56 0.00 0.00 7.74 2.77 0.00 0.00 0.00 0.00 0.00 0.00 0.00 0.00 0.00 0.00 1.97 3.80 2.77 6.28 8.40 8.40 4.82 0.00 0.00 0.07 1.17 0.80 0.00 1.31 2.63 3.80 5.40 5.55 7.15
0.00 0.00 0.00 0.00 0.00 0.00 0.00 0.00 0.00 0.00 0.00 0.00 0.00 0.00 0.00 0.00 0.00 0.00 0.00 0.00 2.12 7.15 5.77 3.58 1.61 0.00 3.94 6.06 4.53 5.91 5.18 5.99 2.48 0.00 0.00 0.00 5.11 0.00 0.00 0.00 5.33 4.89 4.02 2.63 2.63 2.26 0.00 0.00 0.00 0.00 0.95 0.00 0.00 2.41 3.07 2.48 0.00 0.00 2.04 2.04 0.00 0.00 4.09 0.00 0.00 0.00 0.00 0.00 2.70 2.70 6.35 7.37 2.12 0.00 0.00 1.83 0.00 0.00 0.00 4.53 8.10 5.84 4.82
0.00 0.00 0.00 0.00 0.00 0.00 0.00 0.00 0.00 0.00 0.00 0.00 0.00 0.00 0.00 0.00 0.00 0.00 2.70 2.70 8.54 10.37 6.42 0.00 0.00 0.00 0.00 6.06 4.67 0.00 0.00 6.20 6.13 0.00 0.00 2.34 0.00 0.00 0.00 0.00 0.00 4.09 4.31 1.68 1.68 0.00 0.00 0.00 0.00 0.00 0.00 2.12 2.77 4.31 4.82 2.85 5.40 7.15 0.00 0.00 2.92 0.00 0.00 2.99 0.00 0.00 0.00 0.00 0.00 0.00 4.74 7.45 3.08 0.00 0.00 0.00 0.00 0.00 0.00 0.00 1.75 2.26 2.85
3.21 0.00 0.00 0.00 0.00 0.00 0.00 0.00 0.00 0.00 0.00 0.00 0.00 0.00 3.21 6.28 6.20 6.28 0.00 0.00 6.42 5.40 4.09 3.43 3.50 0.00 0.00 3.43 3.07 3.07 2.41 4.31 5.84 5.40 3.72 0.00 0.00 0.00 0.00 0.00 0.00 3.43 2.12 0.00 0.00 0.00 0.00 0.00 0.00 0.00 0.00 0.00 5.69 0.00 0.00 2.70 3.36 4.02 1.90 2.63 0.00 0.00 0.00 0.00 0.00 0.00 0.00 0.00 2.85 2.85 4.53 0.00 0.00 0.00 0.00 0.00 0.00 0.00 0.00 0.00 3.29 1.75 0.00
