Wansh/Snow_depth/snowdepth-1985/winter/1986056.txt
ncols 321
nrows 161
xllcenter 60
yllcenter 15 
cellsize  0.25 
NODATA_value -1
[rows 0 to 36 of 161, columns 83 to 165 of 321]
28.62 27.23 26.79 27.81 28.25 28.69 25.92 20.88 18.91 20.95 23.07 23.87 23.80 23.65 24.67 24.97 25.70 26.86 27.52 27.52 27.59 26.13 22.27 16.43 10.95 7.52 5.69 4.89 4.53 5.33 6.64 10.95 16.72 16.79 14.67 13.43 13.58 13.29 10.95 12.12 11.53 14.16 12.48 11.46 11.46 8.91 7.88 7.74 8.47 11.75 14.60 16.79 16.86 14.60 13.07 14.45 14.38 12.92 10.95 8.40 5.69 6.20 6.28 4.38 3.36 4.53 7.01 8.18 8.03 8.03 10.22 13.07 14.38 14.31 13.80 13.65 15.40 17.74 19.42 20.15 18.61 14.24 13.29
29.20 27.67 26.28 26.21 26.65 25.70 22.27 20.22 21.24 22.05 23.07 22.48 18.91 16.72 16.72 16.13 17.01 20.95 24.16 24.16 22.85 22.27 22.92 21.90 16.43 10.95 8.10 6.72 5.69 4.31 4.89 8.32 14.38 15.11 9.86 11.83 8.10 7.15 5.62 7.30 11.39 17.59 22.78 21.97 21.97 18.32 13.80 10.80 7.96 8.61 9.27 8.98 8.40 9.78 10.22 10.37 11.17 12.12 12.34 11.32 9.56 9.49 10.07 8.47 7.88 8.61 10.15 11.61 12.41 12.41 13.29 14.38 15.33 15.40 16.50 19.78 19.93 20.15 20.95 18.47 18.54 18.47 18.10
28.47 27.96 26.06 24.45 20.59 19.86 22.56 24.24 25.55 25.26 27.30 24.89 23.21 20.37 17.67 13.58 13.07 14.45 16.64 16.64 19.13 20.08 21.83 24.09 23.36 15.99 11.46 8.47 5.99 5.26 5.62 5.84 7.23 10.95 10.51 12.78 10.80 9.71 8.83 9.13 10.66 14.16 17.45 22.05 22.05 24.16 24.97 18.10 11.97 9.05 7.37 6.64 6.42 7.30 7.30 9.93 12.19 14.82 17.08 16.94 15.18 13.65 14.31 15.33 13.87 14.02 15.26 15.99 16.43 16.43 16.43 15.11 11.02 12.34 15.55 19.49 19.86 19.13 20.88 18.98 20.44 21.83 24.60
28.47 27.96 26.06 24.45 20.59 19.86 22.56 24.24 25.55 25.26 27.30 24.89 23.21 20.37 17.67 13.58 13.07 14.45 16.64 16.64 19.13 20.08 21.83 24.09 23.36 15.99 11.46 8.47 5.99 5.26 5.62 5.84 7.23 10.95 10.51 12.78 10.80 9.71 8.83 9.13 10.66 14.16 17.45 22.05 22.05 24.16 24.97 18.10 11.97 9.05 7.37 6.64 6.42 7.30 7.30 9.93 12.19 14.82 17.08 16.94 15.18 13.65 14.31 15.33 13.87 14.02 15.26 15.99 16.43 16.43 16.43 15.11 11.02 12.34 15.55 19.49 19.86 19.13 20.88 18.98 20.44 21.83 24.60
25.40 23.73 20.08 17.37 19.78 21.75 23.80 23.80 24.02 25.48 26.65 24.97 24.45 23.07 21.97 20.15 18.10 15.40 11.68 11.68 10.15 13.07 18.47 22.48 23.43 20.66 16.43 11.68 7.74 6.13 5.69 7.01 7.52 8.91 18.25 19.49 17.01 13.80 11.68 8.98 6.94 6.57 9.05 14.45 14.45 18.10 23.14 24.38 21.83 15.40 10.22 7.66 6.64 6.20 6.86 7.81 7.59 8.25 11.53 13.36 15.40 15.62 16.28 16.43 14.67 16.13 19.56 19.56 19.35 19.35 18.76 16.43 14.67 14.38 12.63 15.26 20.00 23.87 22.05 21.39 19.93 19.78 20.59
29.05 25.92 25.99 25.55 23.73 20.66 18.98 17.08 17.01 18.25 20.08 22.78 25.04 25.48 23.43 24.67 25.26 24.31 17.59 17.59 11.53 9.05 9.78 14.97 21.75 22.27 19.20 12.19 8.91 7.01 7.37 5.84 6.50 10.00 15.70 18.47 15.11 10.73 7.96 4.67 4.60 6.06 8.18 9.93 9.93 12.99 17.08 22.85 22.41 19.13 12.05 9.20 7.59 6.57 5.84 6.35 7.66 8.76 8.91 11.39 14.31 15.18 17.01 20.29 19.20 17.59 16.50 15.84 16.13 16.13 16.43 16.57 19.56 18.10 15.48 13.65 12.56 12.99 13.80 15.48 18.18 20.00 21.32
29.78 27.01 25.55 23.43 23.51 23.51 23.00 21.24 20.81 21.39 20.44 20.37 21.75 24.16 25.33 24.75 25.33 24.97 24.38 24.38 23.80 19.56 13.43 11.24 13.72 16.94 12.19 7.66 7.96 8.03 7.52 6.79 8.98 11.02 12.99 14.89 16.50 12.05 8.69 4.31 4.02 5.77 8.18 9.78 9.78 13.51 16.57 18.83 19.71 15.11 10.51 8.91 8.32 7.37 7.96 9.13 10.80 12.78 15.84 15.11 15.33 16.50 21.75 26.50 22.05 21.97 20.08 16.43 20.29 20.29 19.93 21.02 23.65 23.29 21.10 19.42 18.83 16.13 13.36 10.88 12.99 18.32 20.95
29.78 27.01 25.55 23.43 23.51 23.51 23.00 21.24 20.81 21.39 20.44 20.37 21.75 24.16 25.33 24.75 25.33 24.97 24.38 24.38 23.80 19.56 13.43 11.24 13.72 16.94 12.19 7.66 7.96 8.03 7.52 6.79 8.98 11.02 12.99 14.89 16.50 12.05 8.69 4.31 4.02 5.77 8.18 9.78 9.78 13.51 16.57 18.83 19.71 15.11 10.51 8.91 8.32 7.37 7.96 9.13 10.80 12.78 15.84 15.11 15.33 16.50 21.75 26.50 22.05 21.97 20.08 16.43 20.29 20.29 19.93 21.02 23.65 23.29 21.10 19.42 18.83 16.13 13.36 10.88 12.99 18.32 20.95
25.77 24.53 22.56 22.41 23.65 24.38 23.94 22.63 21.24 20.95 21.17 17.52 15.40 15.91 19.35 23.07 24.97 24.02 23.00 23.00 24.24 25.11 22.19 17.89 15.18 13.29 11.46 8.76 9.34 9.78 10.37 11.75 11.17 12.19 14.67 18.03 15.70 12.78 11.53 9.56 8.76 8.98 9.34 10.37 10.37 10.88 11.32 9.34 10.59 11.10 10.22 10.73 10.95 9.56 8.91 9.49 9.93 10.07 11.39 12.70 14.16 15.18 17.45 19.13 18.98 22.41 23.87 21.61 21.02 21.02 21.83 23.94 24.02 22.27 22.12 22.85 20.08 18.76 19.42 16.86 13.94 13.65 16.06
21.02 19.64 19.78 22.05 23.80 22.63 21.46 20.81 20.59 20.37 18.98 17.16 14.09 13.14 16.64 22.27 26.13 26.72 26.28 26.28 25.33 26.94 25.33 20.37 14.75 10.95 11.24 12.05 10.51 10.88 10.59 11.17 10.37 13.21 17.16 18.03 15.77 14.82 13.58 11.32 9.93 9.78 9.05 7.30 7.30 7.45 9.27 9.71 10.29 12.26 13.36 16.35 18.61 16.13 12.26 11.75 11.90 10.95 10.51 11.39 9.64 11.39 13.07 13.51 13.80 16.13 21.53 17.52 18.32 18.32 17.30 18.61 21.17 19.71 17.23 18.98 23.80 26.28 27.23 24.67 19.56 13.58 12.48
19.35 18.40 19.27 19.93 19.27 19.93 16.43 16.13 17.37 18.47 18.83 16.13 12.63 14.82 15.91 17.74 21.17 21.61 22.92 22.92 26.35 25.70 21.61 14.31 12.05 11.61 12.12 12.34 12.99 8.54 9.42 10.59 11.83 12.85 14.02 14.75 14.97 14.75 12.99 11.46 10.00 11.83 12.34 11.32 11.32 10.07 9.78 9.64 11.61 12.05 12.63 13.21 15.26 14.24 12.05 11.61 13.21 14.24 13.87 12.26 10.73 12.48 13.87 13.87 14.82 17.59 20.37 22.85 27.08 27.08 25.84 24.60 23.29 20.95 20.51 21.17 28.54 32.19 31.68 25.33 20.95 17.52 17.74
19.35 18.40 19.27 19.93 19.27 19.93 16.43 16.13 17.37 18.47 18.83 16.13 12.63 14.82 15.91 17.74 21.17 21.61 22.92 22.92 26.35 25.70 21.61 14.31 12.05 11.61 12.12 12.34 12.99 8.54 9.42 10.59 11.83 12.85 14.02 14.75 14.97 14.75 12.99 11.46 10.00 11.83 12.34 11.32 11.32 10.07 9.78 9.64 11.61 12.05 12.63 13.21 15.26 14.24 12.05 11.61 13.21 14.24 13.87 12.26 10.73 12.48 13.87 13.87 14.82 17.59 20.37 22.85 27.08 27.08 25.84 24.60 23.29 20.95 20.51 21.17 28.54 32.19 31.68 25.33 20.95 17.52 17.74
17.89 16.06 16.28 16.35 15.48 13.80 12.70 12.34 13.43 12.41 13.14 13.80 13.29 13.36 15.91 17.59 20.88 25.04 27.38 27.38 27.52 24.53 19.35 15.26 14.31 13.43 11.53 9.34 11.24 9.64 11.24 11.10 10.37 12.34 13.80 14.24 14.75 16.35 13.65 14.60 16.06 14.67 14.24 13.36 13.36 10.95 11.68 11.68 12.48 14.67 17.30 17.81 17.16 14.97 12.34 12.70 15.77 20.44 23.51 22.27 17.23 14.67 14.60 13.94 13.94 15.77 16.13 19.71 23.29 23.29 24.38 24.45 24.45 21.75 23.21 27.38 31.46 34.60 34.97 33.07 29.57 25.92 23.80
17.01 17.67 16.06 15.33 13.94 12.56 10.51 10.15 11.10 12.63 14.09 15.55 17.81 22.56 25.77 25.48 25.33 26.13 24.24 24.24 21.46 18.98 16.13 14.89 13.14 12.48 11.17 9.42 13.21 13.51 17.30 17.89 18.47 20.44 18.69 20.88 22.63 21.24 19.27 17.01 16.21 15.04 14.24 14.75 14.75 14.75 15.62 17.37 18.47 17.52 17.01 16.72 15.55 14.60 14.09 14.45 15.04 16.57 17.45 16.57 17.67 18.32 18.10 17.01 19.56 18.98 18.69 21.17 20.95 20.95 23.36 24.89 24.60 22.78 22.63 26.50 28.62 27.74 26.35 24.02 25.26 21.97 16.57
16.64 15.77 15.11 16.43 14.38 12.05 10.66 10.95 10.37 13.07 17.37 19.71 21.24 22.92 24.82 24.31 23.80 20.66 16.86 16.86 16.06 13.87 15.48 17.23 15.48 13.80 12.05 16.13 18.03 20.22 21.32 23.14 26.21 23.36 22.63 20.15 16.50 13.80 12.48 13.07 12.92 14.75 16.57 18.40 18.40 18.40 18.03 17.23 19.35 22.19 22.41 19.42 17.23 16.64 18.76 20.29 23.07 23.07 18.69 11.90 10.59 11.53 18.25 18.76 20.22 17.52 18.18 17.74 18.10 18.10 20.44 21.46 20.81 17.81 14.60 20.15 19.93 11.83 7.23 9.49 21.24 25.62 22.19
16.13 15.55 16.86 17.52 17.45 14.75 10.22 8.61 9.86 11.46 12.19 15.04 17.37 17.96 17.89 16.72 18.54 18.69 17.52 17.52 16.13 13.80 16.13 18.98 18.18 16.06 17.45 15.11 17.23 19.93 22.56 24.75 23.29 19.20 16.72 14.60 7.96 7.15 8.61 10.80 13.51 16.21 18.61 17.67 17.67 16.64 14.97 13.29 12.99 15.40 18.25 19.64 17.30 17.16 21.24 24.97 25.92 23.07 16.94 10.59 7.30 7.23 10.22 10.37 12.12 15.48 18.25 18.03 20.66 20.66 21.61 22.19 19.27 13.94 13.14 19.13 21.53 13.43 0.00 12.99 21.97 28.47 25.70
16.13 15.55 16.86 17.52 17.45 14.75 10.22 8.61 9.86 11.46 12.19 15.04 17.37 17.96 17.89 16.72 18.54 18.69 17.52 17.52 16.13 13.80 16.13 18.98 18.18 16.06 17.45 15.11 17.23 19.93 22.56 24.75 23.29 19.20 16.72 14.60 7.96 7.15 8.61 10.80 13.51 16.21 18.61 17.67 17.67 16.64 14.97 13.29 12.99 15.40 18.25 19.64 17.30 17.16 21.24 24.97 25.92 23.07 16.94 10.59 7.30 7.23 10.22 10.37 12.12 15.48 18.25 18.03 20.66 20.66 21.61 22.19 19.27 13.94 13.14 19.13 21.53 13.43 0.00 12.99 21.97 28.47 25.70
15.84 16.13 17.16 17.23 19.20 17.30 12.70 7.88 7.88 7.81 9.56 12.41 15.04 18.98 18.25 15.40 17.45 20.88 18.69 18.69 16.21 13.80 12.41 13.94 17.37 18.76 17.96 17.01 15.84 16.21 16.13 19.86 20.81 19.86 16.35 11.90 5.40 6.42 8.91 12.85 14.82 16.21 16.94 16.79 16.79 17.45 16.86 17.30 17.08 16.57 17.01 17.45 16.57 17.01 18.40 19.05 19.13 16.57 13.07 10.59 11.02 10.80 14.67 11.53 13.14 15.40 16.06 18.61 23.21 23.21 25.70 23.07 18.83 17.23 24.02 25.84 19.86 11.24 0.00 17.08 23.07 18.03 20.08
18.32 21.53 22.05 22.41 22.41 21.46 17.23 13.65 10.15 9.93 11.17 10.66 15.62 25.33 26.57 23.07 22.27 23.29 17.59 17.59 17.89 14.82 9.71 8.61 11.53 16.79 20.08 19.93 19.56 19.93 21.83 23.21 24.82 24.89 22.12 18.76 15.26 12.48 11.39 11.75 13.43 14.82 17.30 17.45 17.45 17.89 19.56 18.69 16.35 15.40 14.02 14.24 16.28 16.28 17.74 18.25 18.91 15.55 13.87 15.91 14.89 24.60 22.56 19.42 18.61 19.42 20.08 22.19 26.72 26.72 27.59 25.04 23.00 22.63 22.63 20.59 15.26 6.06 9.93 12.63 15.77 16.21 17.89
12.48 14.67 17.23 20.00 23.43 24.75 23.65 20.08 14.82 11.90 14.45 14.16 12.78 14.60 16.86 17.37 18.32 21.83 23.80 23.80 25.92 21.17 15.77 11.90 15.91 16.94 18.40 19.20 19.42 17.23 17.89 22.27 22.27 21.83 19.20 16.06 13.94 10.95 7.08 5.84 7.01 10.51 15.77 21.24 21.24 24.75 24.16 18.03 17.67 21.10 20.51 20.44 24.09 22.19 17.74 17.45 19.27 18.83 17.30 17.01 25.04 26.86 25.92 23.94 24.02 20.88 24.67 28.69 28.40 28.40 23.94 20.51 14.02 16.28 15.99 11.46 7.96 7.88 10.29 10.66 13.36 15.04 16.35
9.42 12.56 15.70 18.69 20.37 21.83 22.19 20.08 19.49 17.59 18.69 18.47 18.03 17.45 15.55 11.61 12.56 15.91 16.86 16.86 19.05 19.13 18.61 16.64 17.23 18.18 19.05 17.37 14.67 11.97 12.78 13.58 16.43 16.57 15.48 8.69 5.62 5.18 5.18 5.33 6.28 7.66 13.87 22.48 22.48 28.98 28.54 25.55 25.40 27.59 28.32 27.81 27.52 24.53 22.27 25.77 30.22 22.41 20.00 18.76 21.39 20.15 20.08 22.63 23.65 25.92 27.59 27.38 22.12 22.12 11.83 7.96 8.54 7.96 7.59 7.01 5.40 5.55 5.77 8.03 10.29 12.48 14.89
8.76 10.37 14.31 16.86 16.13 15.77 15.40 18.32 23.36 26.13 28.62 28.76 29.20 29.71 27.45 22.63 17.67 17.01 16.43 16.43 17.96 20.08 20.37 21.24 22.12 25.19 26.65 25.77 23.00 20.44 14.24 10.88 10.66 11.24 10.80 4.82 1.53 0.00 0.00 0.00 7.15 8.10 6.57 7.30 7.30 17.37 17.23 16.13 18.47 20.81 22.92 25.70 27.74 30.95 32.41 33.22 32.41 25.26 21.17 20.44 20.73 19.93 20.88 23.43 23.07 23.73 24.75 23.65 20.00 20.00 12.78 9.56 6.50 5.04 3.43 4.38 5.69 5.91 5.40 6.06 9.27 10.73 9.42
8.76 10.37 14.31 16.86 16.13 15.77 15.40 18.32 23.36 26.13 28.62 28.76 29.20 29.71 27.45 22.63 17.67 17.01 16.43 16.43 17.96 20.08 20.37 21.24 22.12 25.19 26.65 25.77 23.00 20.44 14.24 10.88 10.66 11.24 10.80 4.82 1.53 0.00 0.00 0.00 7.15 8.10 6.57 7.30 7.30 17.37 17.23 16.13 18.47 20.81 22.92 25.70 27.74 30.95 32.41 33.22 32.41 25.26 21.17 20.44 20.73 19.93 20.88 23.43 23.07 23.73 24.75 23.65 20.00 20.00 12.78 9.56 6.50 5.04 3.43 4.38 5.69 5.91 5.40 6.06 9.27 10.73 9.42
9.20 8.98 10.00 11.83 12.19 11.39 12.34 18.83 23.00 25.33 28.47 31.03 30.73 31.17 33.14 32.63 30.44 27.67 25.33 25.33 24.75 24.02 25.40 24.38 27.16 28.32 27.96 29.71 25.40 19.86 14.53 9.20 7.01 5.55 2.19 0.00 0.00 0.00 0.00 0.00 0.00 0.00 0.00 0.00 0.00 5.33 5.62 5.91 7.88 9.42 8.69 9.42 11.83 15.55 19.05 20.37 20.44 21.83 15.18 15.18 16.86 18.25 17.59 20.73 24.02 25.19 23.94 20.66 21.83 21.83 22.48 20.59 14.97 11.24 7.37 5.62 6.13 7.15 4.74 4.31 7.01 7.01 7.01
9.64 8.47 12.63 13.58 15.40 16.72 20.00 26.57 33.43 35.26 32.63 28.11 24.89 21.75 24.38 26.13 26.21 25.62 24.60 24.60 24.89 27.01 27.23 24.24 24.36 22.23 20.09 19.25 20.88 16.13 9.86 7.66 5.62 0.00 0.00 0.00 0.00 1.31 1.53 0.00 0.00 0.00 0.00 0.00 0.00 0.00 0.00 2.34 3.14 3.43 3.36 3.72 3.29 5.40 6.06 6.28 9.05 13.36 7.45 10.15 14.38 17.08 20.51 23.73 24.38 23.87 24.60 23.43 23.07 23.07 27.08 27.74 22.05 16.86 11.61 6.79 4.96 4.23 3.43 4.45 8.03 8.76 5.48
12.34 14.24 17.16 19.78 23.87 27.38 31.32 33.43 34.53 33.14 29.71 26.43 25.70 25.62 19.20 20.08 26.28 27.52 27.74 27.74 25.55 31.17 31.68 30.30 28.58 29.29 24.73 22.95 24.99 26.65 21.24 14.24 9.05 6.13 2.99 0.00 0.00 0.00 0.00 1.75 0.00 0.00 0.00 0.00 0.00 0.00 1.53 0.00 0.00 0.00 0.00 0.00 0.00 0.00 0.00 0.00 2.04 0.00 0.00 10.59 16.64 18.18 21.46 23.43 23.51 22.19 22.56 22.63 21.75 21.75 21.90 20.59 15.77 12.34 9.34 6.50 7.30 7.52 6.50 7.59 6.79 4.60 7.01
16.13 15.84 12.70 17.96 20.81 22.78 26.13 27.59 25.84 22.92 20.73 20.81 19.35 14.02 9.05 18.25 25.84 29.05 31.39 31.39 30.51 28.40 30.09 31.38 33.34 30.71 28.37 28.50 24.19 25.21 20.86 14.97 14.24 10.66 5.69 4.45 3.80 3.21 3.50 2.77 0.00 1.90 0.00 0.00 0.00 0.00 0.00 0.00 1.17 0.00 0.00 0.00 0.00 0.00 0.00 0.00 0.00 0.00 0.00 8.83 15.70 17.96 19.42 20.08 18.03 22.12 26.65 27.96 26.86 26.86 25.92 21.32 16.57 16.06 14.24 13.07 11.83 9.93 7.66 7.01 3.80 2.48 6.13
16.28 15.33 14.89 17.30 17.45 15.91 17.59 18.98 15.77 14.60 11.17 10.15 7.74 7.96 10.07 14.97 17.52 22.85 22.92 22.92 21.56 19.76 20.60 25.74 27.38 29.87 31.10 33.34 32.53 31.33 29.27 26.41 25.48 22.27 17.89 14.60 10.95 6.64 0.00 0.00 0.00 0.00 0.00 0.00 0.00 0.00 0.00 0.00 0.00 0.00 0.00 0.00 0.00 0.00 0.00 0.00 0.00 0.00 0.00 5.55 13.07 17.37 19.86 20.00 17.52 20.66 26.94 28.32 27.16 27.16 25.77 23.51 21.83 20.22 20.37 19.42 16.35 9.27 6.79 7.52 3.58 5.48 5.11
16.28 15.33 14.89 17.30 17.45 15.91 17.59 18.98 15.77 14.60 11.17 10.15 7.74 7.96 10.07 14.97 17.52 22.85 22.92 23.04 22.26 20.07 22.06 25.09 28.08 29.42 31.10 32.34 30.23 29.27 29.72 26.68 26.54 25.02 18.93 14.97 10.95 6.64 0.00 0.00 0.00 0.00 0.00 0.00 0.00 0.00 0.00 0.00 0.00 0.00 0.00 0.00 0.00 0.00 0.00 0.00 0.00 0.00 0.00 5.55 13.07 17.37 19.86 20.00 17.52 20.66 26.94 28.32 27.16 27.16 25.77 23.51 21.83 20.22 20.37 19.42 16.35 9.27 6.79 7.52 3.58 5.48 5.11
17.52 15.70 16.64 18.03 16.72 17.01 17.52 17.59 18.61 17.30 13.07 12.41 11.90 8.32 13.43 17.96 21.75 21.97 22.48 22.48 16.43 13.36 11.90 11.30 13.93 19.84 23.82 31.41 35.73 35.70 33.46 28.02 23.98 27.76 31.33 24.31 17.40 11.87 7.08 3.43 0.00 0.00 0.00 0.00 0.00 0.00 0.00 0.00 0.00 0.00 0.00 0.00 0.00 0.00 0.00 0.00 0.29 0.00 0.00 3.50 9.42 14.82 17.52 23.87 28.40 26.50 23.94 24.24 22.41 22.41 19.13 20.59 20.81 19.35 16.28 14.82 12.85 8.47 6.72 5.91 2.99 2.85 4.02
16.35 15.77 14.53 11.83 11.39 12.99 14.53 18.54 24.16 25.84 22.41 21.32 18.98 17.01 18.32 22.19 24.89 25.92 21.61 21.61 15.85 11.83 9.02 8.61 9.78 9.83 12.38 16.57 24.81 33.82 38.42 34.38 27.89 25.11 28.07 29.61 26.83 19.79 12.99 6.94 5.33 3.87 1.83 0.00 0.00 0.00 0.00 0.00 0.00 3.87 4.38 0.00 0.00 0.00 0.00 0.00 0.00 0.00 0.00 0.00 6.35 8.91 14.45 25.04 28.32 26.28 21.90 20.59 18.91 18.91 16.43 14.75 14.16 12.05 10.37 8.61 5.99 4.60 3.72 4.02 5.04 4.53 0.00
13.65 17.01 19.93 19.05 17.01 13.94 12.78 15.33 15.33 18.54 17.30 14.60 13.29 11.61 11.68 16.35 23.21 20.22 14.67 14.67 9.56 8.91 7.23 7.15 6.64 5.33 6.20 8.10 11.72 20.16 30.51 33.36 32.92 31.54 29.05 29.05 28.37 27.44 23.73 23.07 18.10 12.19 5.04 0.00 0.00 0.00 0.00 0.00 0.00 0.00 2.99 3.50 0.00 3.87 4.82 0.00 0.00 0.00 0.00 0.00 0.00 7.30 11.97 19.35 21.53 19.35 13.87 13.58 12.19 12.19 8.61 5.11 3.94 3.58 3.43 2.70 3.65 6.64 7.74 6.64 9.42 9.86 11.68
15.33 18.98 22.78 24.82 23.29 22.48 25.40 30.15 33.51 32.12 26.94 21.46 17.74 14.02 12.92 11.90 14.60 10.44 8.47 8.47 6.64 6.20 5.99 6.57 6.28 5.18 5.77 6.94 8.88 12.26 18.61 23.36 30.44 34.02 34.53 33.80 33.00 31.20 28.97 27.49 22.49 16.35 7.45 2.04 2.04 1.10 0.00 0.00 0.00 0.00 1.75 2.99 3.14 6.06 7.15 3.87 0.00 2.56 3.50 0.00 0.00 0.00 8.83 11.61 8.10 6.13 7.45 7.81 5.91 5.91 4.45 3.21 2.41 0.00 2.04 1.61 5.40 6.42 7.59 8.83 9.42 10.95 11.53
11.61 13.80 18.61 20.44 19.71 19.20 20.81 25.26 27.45 33.18 34.16 36.06 28.54 20.81 16.57 13.36 7.15 4.45 4.02 4.02 3.36 8.03 12.34 13.29 11.10 8.40 5.04 6.13 8.26 10.29 10.44 14.02 18.54 24.67 33.14 34.89 33.58 32.85 29.27 27.20 23.51 18.49 14.60 7.30 7.30 4.16 0.00 0.00 3.21 0.00 2.70 0.00 0.00 4.53 7.59 7.15 0.00 5.69 5.84 6.20 6.94 6.72 6.20 4.60 3.36 2.26 1.02 0.00 0.00 0.00 0.00 0.00 0.00 1.17 0.00 0.00 3.50 0.00 6.50 5.55 6.13 5.40 9.27
8.91 6.42 8.10 12.85 19.42 23.58 25.48 24.38 19.86 18.57 19.71 25.40 21.24 15.70 13.51 5.40 0.00 2.63 3.87 3.87 0.00 6.86 11.32 14.38 14.97 14.31 11.10 7.30 8.25 9.71 12.18 13.09 12.25 14.52 18.32 20.44 17.30 20.66 24.33 25.92 22.92 17.40 17.16 13.80 13.80 9.49 7.30 4.74 3.94 3.50 0.00 4.09 2.26 0.00 5.18 5.69 6.06 6.79 6.57 6.13 6.86 5.69 4.82 2.99 2.63 0.00 0.00 2.41 2.04 2.04 0.00 0.00 0.00 0.00 0.00 0.00 2.56 0.00 0.00 0.00 4.60 5.04 5.77
8.91 6.42 8.10 12.85 19.42 23.58 25.48 24.38 19.86 18.10 19.71 25.40 21.24 15.70 13.51 5.40 0.00 2.63 3.89 3.87 0.00 6.86 11.32 14.38 14.97 14.31 11.10 7.30 8.25 9.56 11.75 12.63 12.19 14.09 18.32 20.54 17.39 20.66 24.21 26.18 22.92 17.23 17.16 13.80 13.80 9.49 7.30 4.74 3.94 3.50 0.00 4.09 2.26 0.00 5.18 5.69 6.06 6.79 6.57 6.13 6.86 5.69 4.82 2.99 2.63 0.00 0.00 2.41 2.04 2.04 0.00 0.00 0.00 0.00 0.00 0.00 2.56 0.00 0.00 0.00 4.60 5.04 5.77
9.56 8.76 5.62 3.58 11.24 26.94 36.14 32.41 27.35 19.71 15.33 16.06 13.72 12.19 6.06 3.87 0.00 0.00 0.00 0.00 0.00 4.96 9.05 12.19 12.05 11.53 9.56 8.25 10.15 11.32 13.43 15.77 16.50 11.90 11.24 11.75 9.20 11.68 15.99 15.04 12.63 9.71 9.78 13.07 13.07 12.12 10.51 8.83 8.10 8.03 6.57 2.99 0.00 0.00 0.00 0.00 5.18 5.99 7.01 7.74 7.45 6.57 4.67 4.23 2.48 3.21 3.50 0.00 0.00 0.00 0.00 0.00 0.00 0.73 0.88 1.75 0.00 1.10 0.00 0.00 0.00 0.00 2.56
