Wansh/Snow_depth/snowdepth-1985/winter/1986012.txt
ncols 321
nrows 161
xllcenter 60
yllcenter 15 
cellsize  0.25 
NODATA_value -1
[rows 0 to 36 of 161, columns 166 to 248 of 321]
7.45 7.81 7.45 6.42 7.15 7.08 6.42 6.42 6.42 6.64 7.66 7.66 8.40 8.32 8.32 7.88 8.03 8.47 9.27 10.22 11.46 12.41 10.95 10.51 11.02 12.56 13.36 13.14 6.13 0.00 0.00 0.00 3.94 13.14 19.49 22.19 16.72 16.72 13.36 14.97 22.63 23.94 24.09 25.26 26.13 25.26 31.39 30.08 29.78 31.97 29.57 24.38 21.68 23.21 23.00 22.27 22.78 25.33 27.23 25.62 24.82 25.77 25.77 26.43 29.78 34.09 38.25 37.16 33.00 31.03 28.62 25.48 24.82 24.75 22.12 20.95 21.17 23.00 21.83 20.29 18.98 18.54 17.37
10.22 9.20 8.32 7.37 7.52 7.96 7.23 6.94 7.08 7.96 7.81 7.81 8.10 8.54 8.54 8.76 10.15 10.29 10.29 10.00 11.17 10.73 10.80 10.15 10.59 10.80 8.40 2.63 0.00 0.00 0.00 0.00 7.30 16.64 17.01 16.50 11.97 11.97 11.32 17.30 25.04 29.05 30.37 31.83 35.41 37.96 37.16 35.41 31.90 30.66 28.84 28.54 25.19 21.02 19.56 20.73 21.46 25.55 30.66 31.46 28.69 26.94 26.94 28.62 33.14 36.79 40.81 33.58 31.39 29.49 27.59 26.57 25.92 24.31 22.70 20.29 20.73 21.39 19.78 17.96 19.42 19.93 19.42
13.29 12.63 11.02 9.42 8.40 9.27 9.64 7.96 7.66 8.25 9.20 9.20 8.91 7.45 7.08 7.52 8.10 9.20 10.51 11.17 11.46 11.24 10.59 9.86 10.73 10.15 4.23 0.00 0.00 0.00 0.00 0.00 8.83 13.07 15.33 15.26 14.24 14.24 17.59 24.60 29.93 32.63 33.58 34.02 34.24 35.11 33.87 31.83 29.93 27.45 26.06 25.92 24.67 24.02 24.45 24.89 25.99 24.82 24.38 27.38 29.35 26.50 26.50 24.60 29.57 32.56 27.89 29.78 28.40 27.74 27.59 27.52 26.06 23.51 21.90 20.59 20.29 20.59 20.29 20.95 20.44 21.39 19.86
13.29 12.63 11.02 9.42 8.40 9.27 9.64 7.96 7.66 8.25 9.20 9.20 8.91 7.45 7.08 7.52 8.10 9.20 10.51 11.17 11.46 11.24 10.59 9.86 10.73 10.15 4.23 0.00 0.00 0.00 0.00 0.00 8.83 13.07 15.33 15.26 14.24 14.24 17.59 24.60 29.93 32.63 33.58 34.02 34.24 35.11 33.87 31.83 29.93 27.45 26.06 25.92 24.67 24.02 24.45 24.89 25.99 24.82 24.38 27.38 29.35 26.50 26.50 24.60 29.57 32.56 27.89 29.78 28.40 27.74 27.59 27.52 26.06 23.51 21.90 20.59 20.29 20.59 20.29 20.95 20.44 21.39 19.86
14.89 14.75 13.80 11.61 9.78 8.47 7.66 6.86 7.01 7.08 9.20 9.20 8.61 8.83 9.49 9.93 12.34 15.40 15.91 14.16 12.41 11.46 10.80 9.05 8.98 3.07 0.00 0.00 0.00 0.00 0.00 3.94 9.56 14.53 17.52 16.86 18.98 18.98 23.14 29.93 29.78 30.51 30.44 30.88 28.69 30.95 31.54 32.27 32.49 31.03 28.32 26.50 25.33 24.82 24.97 26.35 26.79 24.16 25.04 26.21 25.92 25.62 25.62 27.81 30.15 30.15 28.69 27.59 27.23 25.55 25.77 23.14 21.97 21.75 20.44 16.50 12.70 13.43 14.02 14.16 13.72 15.55 15.99
15.33 15.62 14.16 11.61 10.66 9.05 8.25 7.15 8.76 8.61 9.34 9.34 12.70 14.31 14.82 13.72 14.82 17.89 19.49 16.35 10.80 8.40 6.86 2.63 0.00 0.00 0.00 0.00 0.00 0.00 3.80 10.95 15.84 16.94 16.06 16.57 21.10 21.10 21.90 21.39 22.85 25.11 27.38 30.88 31.61 31.10 33.51 33.87 32.78 30.73 28.32 27.23 28.47 30.08 28.69 25.92 24.53 24.16 23.00 20.08 21.75 24.82 24.82 28.11 30.88 28.84 22.56 19.42 16.21 16.64 17.45 16.50 16.21 15.26 14.75 13.87 12.05 10.73 10.66 12.85 13.72 13.21 12.56
16.57 15.91 15.99 15.84 15.26 13.14 11.17 11.10 12.19 14.53 13.94 13.94 14.82 17.08 17.59 18.18 19.71 21.39 15.77 10.29 6.35 3.80 0.00 0.00 0.00 0.00 0.00 0.00 0.00 6.79 9.34 12.41 15.77 17.45 18.76 21.75 23.87 23.87 23.29 22.48 22.56 24.24 23.80 24.60 24.67 25.48 26.57 27.52 30.30 30.95 28.25 27.23 27.59 28.47 28.62 27.16 23.65 20.81 18.91 18.98 20.08 19.78 19.78 23.29 22.12 20.59 18.76 14.24 11.53 12.12 11.97 12.12 11.83 12.70 13.58 13.43 11.10 10.88 11.24 12.26 12.48 12.70 13.46
16.57 15.91 15.99 15.84 15.26 13.14 11.17 11.10 12.19 14.53 13.94 13.94 14.82 17.08 17.59 18.18 19.71 21.39 15.77 10.29 6.35 3.80 0.00 0.00 0.00 0.00 0.00 0.00 0.00 6.79 9.34 12.41 15.77 17.45 18.76 21.75 23.87 23.87 23.29 22.48 22.56 24.24 23.80 24.60 24.67 25.48 26.57 27.52 30.30 30.95 28.25 27.23 27.59 28.47 28.62 27.16 23.65 20.81 18.91 18.98 20.08 19.78 19.78 23.29 22.12 20.59 18.76 14.24 11.53 12.12 11.97 12.12 11.83 12.70 13.58 13.43 11.10 12.57 15.51 17.65 17.10 21.58 22.23
14.24 16.21 17.01 17.67 18.03 16.35 14.09 12.78 13.65 16.06 16.35 16.35 17.30 19.49 20.15 19.35 19.35 17.23 11.10 6.42 1.53 0.00 0.00 0.00 0.00 0.00 0.00 0.00 2.26 5.84 9.78 11.46 15.26 17.08 19.93 24.16 27.23 27.23 25.04 21.61 22.48 23.21 24.31 25.48 24.38 23.14 22.63 22.85 25.99 31.03 31.32 29.05 27.52 27.67 24.60 20.15 18.91 19.05 17.74 17.37 16.43 18.61 18.61 16.57 15.48 13.58 13.65 13.51 12.12 11.32 10.95 12.48 13.58 14.02 13.14 13.47 16.86 18.05 17.95 19.36 16.30 20.84 19.68
9.42 12.34 15.55 17.67 20.00 19.35 16.64 14.31 13.94 15.04 16.43 16.43 18.98 22.34 21.61 15.33 10.80 6.42 0.88 0.00 0.00 0.00 0.00 0.00 0.00 0.00 3.14 5.62 9.27 12.12 13.21 14.24 15.48 17.16 19.93 22.63 21.68 21.68 20.81 20.37 21.53 23.73 24.75 23.14 22.05 21.97 22.41 21.46 23.00 25.55 24.67 23.94 23.29 17.08 12.41 12.92 12.85 12.26 12.26 12.34 13.94 13.21 13.21 15.91 17.23 17.01 16.72 15.40 12.99 14.24 13.87 12.12 14.09 13.29 13.80 18.44 19.89 19.68 20.84 22.52 26.79 21.08 15.87
12.12 10.07 9.78 10.37 13.14 17.30 19.42 20.15 17.96 16.06 15.99 15.99 15.11 12.12 9.71 8.54 6.86 0.00 0.00 0.00 0.00 0.00 0.00 0.00 12.63 11.46 10.51 11.17 13.07 13.51 13.72 13.51 12.05 12.56 15.40 17.16 17.45 17.45 17.81 20.08 22.70 23.36 23.29 22.19 20.15 20.44 20.29 15.11 12.99 13.21 12.99 12.78 9.86 7.96 8.54 7.96 6.94 7.01 7.66 8.61 9.78 11.32 11.32 11.83 13.14 13.80 14.16 13.94 15.33 17.37 16.57 16.21 15.70 13.72 13.55 13.71 14.22 19.91 23.62 21.37 16.73 18.41 15.23
12.12 10.07 9.78 10.37 13.14 17.30 19.42 20.15 17.96 16.06 15.99 15.99 15.11 12.12 9.71 8.54 6.86 0.00 0.00 0.00 0.00 0.00 0.00 0.00 12.63 11.46 10.51 11.17 13.07 13.51 13.72 13.51 12.05 12.56 15.40 17.16 17.45 17.45 17.81 20.08 22.70 23.36 23.29 22.19 20.15 20.44 20.29 15.11 12.99 13.21 12.99 12.78 9.86 7.96 8.54 7.96 6.94 7.01 7.66 8.61 9.78 11.32 11.32 11.83 13.14 13.80 14.16 13.94 15.33 17.37 16.57 16.21 15.70 13.72 13.21 13.51 13.80 18.49 21.05 19.79 17.84 19.10 15.23
20.22 17.01 12.70 10.59 10.44 11.24 13.58 13.72 13.65 11.53 9.78 9.78 5.99 1.83 0.00 0.00 0.00 0.00 0.00 0.00 8.03 4.89 3.36 11.61 14.38 11.75 11.90 12.48 14.82 13.51 12.99 12.99 15.77 17.30 17.01 17.96 18.83 18.83 19.13 20.37 22.27 23.58 24.53 23.21 20.00 16.57 13.87 11.17 9.93 10.00 9.93 8.98 8.47 8.10 6.20 6.06 5.99 6.72 7.01 10.07 11.02 12.26 12.26 12.63 12.92 17.08 18.54 18.32 18.47 19.56 19.35 18.18 15.55 14.67 14.02 13.51 13.10 16.15 18.51 16.50 16.73 18.96 15.31
16.72 16.21 12.85 11.39 10.15 8.98 8.83 8.91 7.08 4.45 0.00 0.00 0.00 0.00 0.00 0.00 0.00 0.00 0.00 0.95 6.28 7.30 11.24 12.63 12.78 13.21 15.04 16.57 17.52 17.89 18.25 18.32 19.05 19.71 19.27 18.54 17.81 17.81 17.08 17.16 17.52 20.00 23.43 24.31 18.98 12.34 10.95 10.29 8.25 8.10 8.10 7.30 8.54 8.47 7.45 7.45 9.27 8.91 9.42 13.51 14.75 14.45 14.45 14.60 14.75 15.99 16.64 17.59 20.44 21.53 20.73 19.05 15.91 13.51 12.34 11.80 14.81 15.74 14.70 16.21 17.63 15.33 17.25
19.20 18.32 20.66 19.93 17.01 17.23 15.62 10.00 5.77 2.26 0.00 0.00 0.00 0.00 0.00 0.00 0.00 0.00 1.02 4.23 5.84 12.41 13.87 16.72 16.50 16.21 17.16 17.45 17.67 18.54 18.83 18.10 17.67 17.67 17.37 18.32 17.96 17.96 17.74 18.47 18.10 19.13 18.91 16.43 12.99 13.14 13.87 11.83 11.24 8.54 7.88 10.73 10.80 9.71 12.78 10.66 14.97 13.07 14.82 13.87 13.87 11.90 11.90 14.38 14.38 14.31 13.80 16.28 20.15 22.05 20.08 15.99 9.78 8.03 9.11 11.78 11.13 13.83 15.03 14.92 14.41 13.29 12.64
24.67 26.94 26.79 22.70 21.32 21.17 19.86 17.08 15.33 11.39 8.61 8.61 6.28 7.59 7.96 5.48 4.82 5.26 5.55 6.13 7.37 12.78 15.33 16.50 15.55 14.53 15.91 17.08 16.50 16.13 16.28 16.50 14.60 14.67 16.72 17.16 16.57 16.57 15.48 15.91 14.82 14.09 13.94 13.87 14.38 13.43 13.36 11.53 11.39 10.80 9.27 8.83 9.56 9.78 10.37 10.88 12.63 15.11 13.87 13.21 12.26 11.68 11.68 11.46 10.95 11.53 10.80 13.36 14.67 12.70 13.14 11.90 10.95 11.14 12.55 13.63 14.71 13.00 14.39 12.83 12.32 12.91 11.98
24.67 26.94 26.79 22.70 21.32 21.17 19.86 17.08 15.33 11.39 8.61 8.61 6.28 7.59 7.96 5.48 4.82 5.26 5.55 6.13 7.37 12.78 15.33 16.50 15.55 14.53 15.91 17.08 16.50 16.13 16.28 16.50 14.60 14.67 16.72 17.16 16.57 16.57 15.48 15.91 14.82 14.09 13.94 13.87 14.38 13.43 13.36 11.53 11.39 10.80 9.27 8.83 9.56 9.78 10.37 10.88 12.63 15.11 13.87 13.21 12.26 11.68 11.68 11.46 10.95 11.53 10.80 13.36 14.67 12.70 13.14 11.90 10.95 13.68 11.76 14.81 13.21 16.08 14.60 14.19 12.57 11.64 11.58
20.29 22.63 24.16 21.83 16.72 14.24 13.36 12.19 12.85 14.02 13.51 13.51 13.51 12.26 9.13 8.47 9.49 9.05 7.52 7.08 13.72 15.18 15.48 14.53 14.67 15.26 14.75 14.24 14.24 14.16 15.48 15.11 15.99 16.64 17.67 17.67 16.86 16.86 15.62 14.16 12.63 13.51 14.38 15.33 15.99 12.78 10.07 10.00 11.46 10.95 10.00 10.00 10.07 9.27 9.42 9.34 10.80 12.85 13.14 12.63 10.00 7.37 7.37 7.66 10.07 9.34 8.76 8.98 8.03 8.76 9.86 11.24 13.16 11.82 11.57 10.56 10.69 13.63 13.32 10.39 10.88 13.63 10.75
18.10 20.44 23.80 26.13 23.58 18.40 14.02 11.83 10.44 8.98 8.69 8.69 10.22 11.24 12.92 12.70 14.09 14.97 13.36 15.48 17.45 18.91 18.25 15.04 14.82 14.02 13.43 12.48 11.53 13.51 13.87 14.24 15.18 15.84 15.48 15.48 15.70 15.70 16.86 16.06 14.31 13.72 14.16 14.31 11.32 7.15 8.69 9.49 11.53 10.66 9.71 9.71 9.34 9.93 8.83 9.93 9.05 10.37 10.51 10.44 8.91 7.74 7.74 8.03 5.91 7.30 8.10 7.30 7.08 7.45 8.83 10.34 11.65 11.21 9.36 8.85 9.53 9.67 9.25 11.62 12.53 13.86 8.56
14.97 15.11 16.79 20.37 22.05 23.14 22.70 16.06 13.21 11.17 10.15 10.15 11.39 11.32 14.24 14.97 14.31 15.11 16.94 17.45 19.35 22.63 21.97 16.35 11.83 12.05 12.63 13.51 12.85 12.78 12.92 14.67 14.97 14.75 15.48 14.53 12.99 12.99 13.14 13.51 13.51 12.92 13.72 13.07 9.49 9.49 11.39 11.68 11.75 9.71 7.96 8.54 8.83 8.76 7.66 5.18 5.99 6.20 6.35 7.66 8.10 9.05 9.05 8.69 8.25 7.08 7.23 6.06 5.91 6.64 7.37 9.42 8.76 9.86 9.34 10.73 10.29 10.53 13.72 13.52 15.31 11.76 9.92
12.26 12.05 11.53 13.94 14.67 16.28 19.20 17.45 13.94 12.05 10.15 10.15 11.39 15.11 17.01 19.86 19.05 16.86 16.94 15.91 17.01 20.66 21.75 19.13 14.53 12.78 12.12 10.88 10.22 10.37 10.88 14.67 16.86 16.64 15.33 15.70 15.11 15.11 13.80 11.17 7.96 7.01 6.64 6.57 8.10 8.69 7.74 9.64 9.64 8.18 7.30 8.32 7.08 8.54 4.31 4.23 5.55 6.20 6.64 7.23 7.15 7.52 7.52 7.30 7.45 6.50 6.57 8.18 7.74 8.69 8.98 9.13 9.49 9.34 9.34 10.66 11.87 13.17 14.80 13.56 14.49 13.05 13.13
7.66 7.08 8.76 11.39 13.72 13.36 12.34 12.12 12.70 12.78 12.70 12.70 14.82 17.23 20.00 20.00 18.32 12.85 14.24 16.79 17.37 17.23 17.16 13.51 11.90 10.51 11.39 10.66 9.93 9.42 11.68 15.11 16.35 15.91 13.65 17.45 16.64 16.64 11.46 7.88 6.42 6.50 6.20 6.28 5.62 6.94 9.20 10.00 9.34 7.96 8.10 8.54 7.81 6.86 6.28 6.06 6.28 8.47 6.94 5.26 5.11 6.06 6.06 6.50 5.06 5.55 6.35 6.42 6.94 7.52 7.66 8.83 10.00 10.15 9.93 10.22 11.10 12.79 16.80 13.97 16.34 12.03 10.28
7.66 7.08 8.76 11.39 13.72 13.36 12.34 12.12 12.70 12.78 12.70 12.70 14.82 17.23 20.00 20.00 18.32 12.85 14.24 16.79 17.37 17.23 17.16 13.51 11.90 10.51 11.39 10.66 9.93 9.42 11.68 15.11 16.35 15.91 13.65 17.45 16.64 16.64 11.46 7.88 6.42 6.50 6.20 6.28 5.62 6.94 9.20 10.00 9.34 7.96 8.10 8.54 7.81 6.86 6.28 6.06 6.28 8.47 6.94 5.26 5.11 6.06 6.06 6.50 5.06 5.55 6.35 6.42 6.94 7.52 7.66 8.83 10.00 10.15 9.93 10.22 10.66 12.86 13.05 12.29 13.69 14.00 12.58
5.55 6.50 8.54 10.80 12.41 12.70 12.78 13.51 14.97 15.84 14.31 14.31 13.87 11.90 10.15 13.07 17.16 11.32 13.80 15.40 14.82 14.38 13.94 12.41 12.48 11.90 10.51 10.29 8.98 11.10 12.92 14.53 12.63 8.83 7.74 8.18 6.35 6.35 4.31 4.38 6.64 7.37 5.69 4.96 6.06 7.74 8.76 8.47 8.83 11.32 12.19 12.05 9.13 8.47 6.13 4.60 5.91 7.37 6.94 5.77 5.84 5.91 5.91 3.72 0.00 3.29 5.84 7.08 7.81 7.23 8.10 9.34 9.93 12.41 13.58 13.80 14.53 14.53 17.37 22.87 19.58 14.03 11.61
6.94 5.77 8.25 12.05 12.70 12.70 12.12 12.05 13.87 16.50 16.72 16.72 13.29 10.80 8.83 9.34 11.39 9.71 10.00 12.48 13.72 14.16 12.99 11.97 11.61 11.61 10.66 10.51 12.70 12.99 12.26 10.88 8.83 6.42 6.13 4.31 2.34 2.34 0.95 1.97 3.65 4.09 3.29 3.43 5.69 6.57 7.88 7.52 10.22 13.51 13.21 12.78 10.07 8.61 7.52 6.13 5.69 5.69 5.33 5.77 6.13 0.00 0.00 0.00 0.00 0.00 5.91 7.66 8.47 8.40 7.74 8.98 8.40 9.27 13.14 16.57 18.57 17.57 17.54 20.53 20.67 15.13 17.15
4.09 3.80 5.48 7.52 8.03 8.54 8.54 9.64 12.12 14.67 14.82 14.82 13.94 11.97 11.17 13.58 12.63 11.17 9.78 10.66 12.78 12.70 12.26 12.12 12.63 12.41 11.17 10.95 12.99 11.68 9.86 7.23 3.50 2.26 2.41 2.34 1.90 1.90 1.90 2.70 3.43 2.77 2.34 1.83 2.26 3.36 4.89 4.23 5.69 7.81 8.03 10.88 12.05 9.86 6.86 7.45 6.94 6.72 6.72 5.48 0.00 0.00 0.00 0.00 0.00 4.09 4.89 6.13 9.34 8.61 8.91 10.37 12.26 13.87 17.64 21.16 22.90 21.77 20.42 15.53 15.18 13.03 12.92
5.62 5.55 4.09 4.60 6.20 5.48 6.86 10.07 12.26 12.41 13.29 13.29 13.51 12.05 10.07 7.88 8.98 9.93 9.05 9.56 11.46 11.90 13.36 13.36 13.72 14.31 11.68 8.61 7.81 7.08 5.18 4.67 4.45 3.29 2.92 1.90 1.61 1.61 2.12 3.07 3.14 2.63 1.90 1.83 1.61 0.00 2.92 0.00 0.00 4.45 5.33 10.15 10.95 9.64 7.30 5.69 5.84 5.33 6.20 3.72 1.97 1.31 1.31 0.00 0.00 3.21 4.16 5.11 6.86 7.15 7.81 10.51 13.94 16.21 19.72 22.27 20.31 19.90 19.18 17.20 14.48 11.15 10.12
4.02 5.55 5.04 4.09 4.82 5.84 7.01 7.23 8.18 9.05 9.05 9.05 7.88 8.83 8.54 8.61 7.88 7.01 7.81 9.13 10.59 11.61 11.90 10.22 11.02 11.75 7.15 4.53 3.87 4.38 5.11 3.43 4.02 3.29 3.21 3.50 2.77 2.77 2.12 2.41 2.04 2.19 2.41 2.70 2.26 3.80 4.23 5.99 3.07 0.00 4.38 7.30 8.25 9.56 7.52 4.89 5.33 5.04 4.74 4.16 5.69 5.69 5.69 0.00 0.00 0.00 0.00 4.53 5.04 5.77 7.74 11.02 14.45 18.13 23.10 22.54 19.52 20.13 16.40 13.38 13.60 12.47 9.04
4.02 5.55 5.04 4.09 4.82 5.84 7.01 7.23 8.18 9.05 9.05 9.05 7.88 8.83 8.54 8.61 7.88 7.01 7.81 9.13 10.59 11.61 11.90 10.22 11.02 11.75 7.15 4.53 3.87 4.38 5.11 3.43 4.02 3.29 3.21 3.50 2.77 2.77 2.12 2.41 2.04 2.19 2.41 2.70 2.26 3.80 4.23 5.99 3.07 0.00 4.38 7.30 8.25 9.56 7.52 4.89 5.33 5.04 4.74 4.16 5.69 5.69 5.69 0.00 0.00 0.00 0.00 4.53 5.04 5.77 7.74 11.02 14.52 17.94 20.89 25.11 20.83 23.48 19.03 12.95 14.21 12.11 9.56
3.50 2.70 3.07 3.50 3.14 0.00 0.00 0.00 4.02 5.26 6.86 6.86 5.69 0.00 3.58 3.58 3.58 4.89 6.79 6.50 6.28 6.72 7.23 5.33 3.36 4.02 4.09 5.48 5.62 4.67 3.65 3.29 3.14 2.92 3.65 3.72 3.36 3.36 2.63 2.92 2.63 2.34 2.04 1.61 2.70 2.92 4.16 3.72 0.00 3.07 0.00 4.74 5.33 5.04 4.74 5.33 4.38 4.53 2.92 4.60 4.96 0.00 0.00 0.00 0.00 0.00 2.63 3.21 4.23 6.28 9.68 13.94 18.21 22.05 29.46 30.78 23.47 19.76 14.09 12.69 11.19 5.74 5.71
3.80 2.99 3.43 2.56 0.00 0.00 0.00 3.43 4.89 6.06 6.42 6.42 6.06 3.87 0.00 2.92 4.45 6.06 7.37 8.83 9.34 8.47 7.30 5.69 3.65 3.58 4.09 6.13 5.18 4.60 2.85 1.10 1.75 2.19 3.50 3.87 3.80 3.80 3.36 2.34 0.00 2.85 3.58 3.80 0.00 4.31 4.23 4.74 5.04 5.33 4.23 0.00 3.07 2.04 3.14 2.85 2.85 0.00 0.00 0.00 0.00 0.00 0.00 4.31 0.00 3.07 2.34 3.58 5.77 8.47 12.12 15.55 20.51 24.23 29.57 21.73 17.91 11.68 8.76 8.74 6.78 7.35 3.74
4.45 2.77 4.09 3.21 2.04 0.00 0.00 0.00 0.00 6.64 5.69 5.69 5.77 5.18 4.23 4.02 4.89 5.55 10.66 13.43 14.60 11.39 7.15 4.53 3.29 6.35 4.96 4.38 3.65 3.07 3.07 0.00 0.00 0.00 3.21 3.58 3.29 3.29 0.00 0.00 4.38 5.69 5.18 5.18 6.72 4.31 0.00 0.00 6.57 7.23 4.60 0.00 0.00 0.00 0.00 4.09 1.97 0.00 0.00 0.00 0.00 0.00 0.00 0.00 1.83 1.83 2.99 5.11 8.32 11.32 14.24 15.99 19.86 23.54 25.95 15.87 11.18 6.48 6.18 6.46 6.27 6.61 2.57
8.61 5.62 5.77 5.91 0.00 0.00 5.18 0.00 5.26 7.30 6.28 6.28 5.55 3.80 0.00 0.00 0.00 8.76 11.53 13.07 12.70 11.24 9.93 7.66 5.62 5.62 4.74 5.55 6.57 5.62 3.72 2.85 2.77 3.07 0.00 0.00 3.50 3.50 5.11 5.11 5.84 7.23 6.57 6.13 5.99 7.30 6.13 5.84 5.48 0.00 0.00 0.00 3.72 0.00 4.60 4.31 0.00 0.00 0.00 0.00 0.00 0.00 0.00 0.00 2.92 3.72 6.20 6.94 8.32 11.02 12.92 15.70 21.17 21.31 18.18 9.10 6.85 4.87 3.48 3.95 4.60 4.36 3.15
6.28 5.40 5.55 5.55 0.00 5.11 5.48 6.86 7.23 7.01 0.00 0.00 0.00 4.67 7.59 8.98 7.88 9.27 9.71 8.98 11.46 10.59 10.37 9.49 8.03 5.33 4.82 4.74 5.04 0.00 0.00 0.00 0.00 6.28 0.00 5.26 5.40 5.40 5.99 6.72 6.13 5.99 4.74 5.33 5.84 6.50 7.88 6.28 6.64 0.00 0.00 6.13 5.18 0.00 0.00 0.00 0.00 4.23 4.02 3.65 5.11 5.48 5.48 0.00 0.00 4.38 5.48 5.40 7.96 13.36 16.50 17.30 18.40 14.53 4.70 3.48 3.49 3.91 4.31 3.57 1.50 2.23 2.78
7.45 5.40 4.23 4.82 5.40 5.18 5.77 5.99 6.57 0.00 0.00 0.00 0.00 0.00 7.23 8.69 8.54 8.61 6.94 6.20 6.86 6.57 9.42 12.26 9.05 4.67 0.00 3.36 0.00 5.48 0.00 3.87 5.11 5.69 0.00 5.18 6.13 6.13 4.96 3.65 4.09 4.09 4.45 5.40 5.62 6.64 7.52 7.66 8.83 9.20 9.86 7.96 4.67 0.00 0.00 3.50 4.09 5.91 6.50 6.06 7.15 0.00 0.00 0.00 0.00 4.09 5.55 6.72 9.49 15.48 17.59 15.62 13.43 8.51 4.62 4.25 4.06 2.03 2.54 0.78 0.87 1.95 1.44
7.45 5.40 4.23 4.82 5.40 5.18 5.77 5.99 6.57 0.00 0.00 0.00 0.00 0.00 7.23 8.69 8.54 8.61 6.94 6.20 6.86 6.57 9.42 12.26 9.05 4.67 0.00 3.36 0.00 5.48 0.00 3.87 5.11 5.69 0.00 5.18 6.13 6.13 4.96 3.65 4.09 4.09 4.45 5.40 5.62 6.64 7.52 7.66 8.83 9.20 9.86 7.96 4.67 0.00 0.00 3.50 4.09 5.91 6.50 6.06 7.15 0.00 0.00 0.00 0.00 4.09 5.55 6.72 9.49 15.48 17.59 15.62 13.43 8.47 4.55 4.18 4.06 2.12 2.27 0.75 0.85 2.05 1.41
2.56 0.95 0.00 3.72 3.87 5.48 4.67 3.65 5.04 0.00 0.00 0.00 0.00 0.00 4.96 4.82 2.85 2.34 1.90 3.72 4.60 5.40 7.45 7.96 6.64 5.69 4.74 3.43 3.07 4.60 3.14 5.18 5.40 0.00 0.00 4.60 5.04 5.04 5.33 5.18 4.53 4.60 6.86 6.35 3.43 5.99 9.56 11.32 12.70 11.90 10.15 7.30 6.86 8.83 9.71 8.47 8.76 9.93 5.62 6.64 8.54 5.55 5.55 4.53 4.09 7.37 9.86 11.97 14.82 18.18 15.26 13.21 12.78 9.93 3.07 3.83 3.37 1.98 2.02 1.76 2.78 2.38 1.78
