Wansh/Snow_depth/snowdepth-1985/winter/1986036.txt
ncols 321
nrows 161
xllcenter 60
yllcenter 15 
cellsize  0.25 
NODATA_value -1
[rows 0 to 36 of 161, columns 83 to 165 of 321]
27.38 27.30 28.03 27.30 26.13 25.84 23.73 18.76 16.64 17.23 18.91 21.10 22.27 21.90 21.75 20.88 21.68 23.29 24.53 24.53 24.02 22.85 19.05 13.80 10.66 7.45 5.99 4.60 3.72 4.38 6.28 9.93 14.09 15.04 12.78 11.24 10.15 10.73 10.15 6.86 8.61 11.97 11.97 9.64 9.64 8.40 8.32 9.20 7.08 8.98 11.68 13.65 13.29 10.73 9.78 11.32 12.05 10.44 8.10 7.30 6.57 6.28 6.13 4.09 3.58 4.53 5.69 6.13 7.96 7.96 8.61 9.71 11.68 11.68 11.61 11.39 12.48 13.87 13.94 14.75 14.53 13.07 11.17
27.01 25.11 24.16 24.53 24.16 23.36 19.71 17.52 16.43 17.52 18.32 18.32 16.50 14.60 12.85 9.78 11.90 15.55 17.23 17.23 16.72 15.84 18.91 16.57 13.14 9.42 7.81 5.69 4.38 3.65 4.38 7.01 11.61 11.97 8.10 6.06 5.04 5.18 5.11 5.84 8.61 19.05 20.51 21.24 21.24 14.02 10.80 10.00 8.18 6.57 7.52 8.25 8.18 7.52 8.25 8.98 10.59 12.41 13.14 11.39 9.20 9.71 10.51 10.37 8.03 6.86 8.98 10.37 10.37 10.37 12.99 13.29 12.19 13.07 13.72 15.04 16.50 16.13 15.99 15.55 17.37 18.18 16.06
25.77 25.33 23.65 21.97 19.78 19.78 20.37 21.83 23.51 23.65 22.92 21.46 18.47 15.62 13.94 10.80 9.05 10.73 15.40 15.40 15.77 14.38 13.72 15.48 16.28 12.99 9.42 6.72 5.04 4.45 4.09 3.43 5.40 9.20 10.51 10.37 8.47 7.23 6.64 7.15 0.00 7.96 12.78 16.94 16.94 18.25 19.13 18.32 12.92 7.30 6.06 5.40 5.11 5.26 6.57 8.91 11.68 12.85 15.26 16.72 14.60 13.80 15.11 15.70 14.97 14.75 14.09 16.06 17.45 17.45 16.50 14.53 11.97 10.15 10.66 13.14 15.48 17.16 17.74 18.76 19.05 18.61 18.98
25.77 25.33 23.65 21.97 19.78 19.78 20.37 21.83 23.51 23.65 22.92 21.46 18.47 15.62 13.94 10.80 9.05 10.73 15.40 15.40 15.77 14.38 13.72 15.48 16.28 12.99 9.42 6.72 5.04 4.45 4.09 3.43 5.40 9.20 10.51 10.37 8.47 7.23 6.64 7.15 0.00 7.96 12.78 16.94 16.94 18.25 19.13 18.32 12.92 7.30 6.06 5.40 5.11 5.26 6.57 8.91 11.68 12.85 15.26 16.72 14.60 13.80 15.11 15.70 14.97 14.75 14.09 16.06 17.45 17.45 16.50 14.53 11.97 10.15 10.66 13.14 15.48 17.16 17.74 18.76 19.05 18.61 18.98
23.36 21.24 15.91 15.26 17.67 19.20 20.37 19.20 20.22 21.75 20.95 20.15 19.78 18.61 17.45 16.64 15.33 12.48 10.59 10.59 11.24 6.79 10.80 12.63 12.70 14.09 11.53 9.49 6.50 6.20 3.94 3.07 4.38 7.37 14.16 15.48 13.80 10.95 9.13 7.01 0.00 0.00 6.79 11.90 11.90 17.01 20.00 23.94 20.00 13.29 9.42 8.54 7.88 6.86 6.64 6.64 5.26 7.30 9.71 11.97 14.24 15.70 17.45 17.08 15.77 15.70 17.16 17.45 17.52 17.52 18.10 15.84 14.24 12.78 10.88 10.95 13.58 16.72 17.30 18.10 18.25 16.72 16.43
23.07 21.39 20.29 20.22 18.25 16.43 14.75 14.45 13.94 16.06 17.16 17.30 19.05 19.20 20.08 18.54 19.71 20.22 14.02 14.02 9.27 6.64 6.13 8.91 12.26 13.94 12.78 10.44 8.76 6.86 5.33 4.53 5.77 8.10 10.37 13.72 12.41 9.13 6.64 5.18 0.00 0.00 4.67 9.34 9.34 11.46 14.38 19.64 20.51 15.62 9.64 7.59 8.03 8.25 8.47 7.01 7.01 7.66 9.27 11.61 13.72 15.70 17.52 19.71 19.42 17.81 17.08 16.72 16.43 16.43 16.13 17.23 18.98 16.94 14.31 13.14 12.63 11.75 11.02 12.41 15.84 18.83 19.20
21.17 21.32 20.95 20.44 18.69 17.81 16.21 15.48 16.21 17.37 16.64 15.77 15.77 16.57 18.10 18.61 18.61 18.98 15.91 15.91 15.62 14.45 10.66 8.69 10.37 11.39 9.86 6.94 6.13 6.50 6.72 6.86 7.37 8.98 10.22 11.61 11.39 10.00 7.59 5.40 2.48 0.00 6.57 8.18 8.18 11.17 13.87 17.45 15.40 13.07 9.34 7.88 7.30 7.88 7.96 9.49 10.95 13.07 14.97 14.75 14.97 18.47 22.70 24.02 23.73 23.29 20.81 19.78 20.15 20.15 21.10 22.05 23.87 22.85 21.46 19.64 18.18 16.64 15.04 12.05 11.10 13.87 16.86
21.17 21.32 20.95 20.44 18.69 17.81 16.21 15.48 16.21 17.37 16.64 15.77 15.77 16.57 18.10 18.61 18.61 18.98 15.91 15.91 15.62 14.45 10.66 8.69 10.37 11.39 9.86 6.94 6.13 6.50 6.72 6.86 7.37 8.98 10.22 11.61 11.39 10.00 7.59 5.40 2.48 0.00 6.57 8.18 8.18 11.17 13.87 17.45 15.40 13.07 9.34 7.88 7.30 7.88 7.96 9.49 10.95 13.07 14.97 14.75 14.97 18.47 22.70 24.02 23.73 23.29 20.81 19.78 20.15 20.15 21.10 22.05 23.87 22.85 21.46 19.64 18.18 16.64 15.04 12.05 11.10 13.87 16.86
20.44 19.64 18.54 18.18 18.10 17.67 15.70 14.75 15.99 15.99 14.45 13.14 11.53 10.95 14.31 18.61 19.71 15.48 14.09 14.09 16.35 17.45 16.21 13.80 10.29 8.91 8.10 6.86 7.30 7.59 8.40 9.20 7.81 8.40 9.56 12.41 13.43 10.88 10.00 8.47 7.52 7.01 8.03 9.93 9.93 10.95 10.51 9.93 8.54 7.88 8.32 8.76 9.27 9.13 9.42 9.27 10.59 12.05 12.48 12.78 14.89 16.06 17.37 19.13 19.42 21.17 22.05 21.61 22.41 22.41 23.29 23.65 24.38 23.36 22.27 21.39 20.22 17.96 16.21 15.40 13.21 11.32 13.29
16.06 14.24 15.62 16.43 17.08 15.91 14.89 15.91 16.72 17.52 15.33 11.32 10.22 11.39 12.56 17.59 17.23 17.52 18.25 18.25 18.76 18.47 17.45 14.75 12.48 7.59 6.72 7.74 8.76 9.56 7.96 7.66 7.59 9.13 14.31 15.04 10.95 10.59 11.61 10.37 9.20 8.54 7.96 7.74 7.74 7.96 8.54 9.27 10.15 10.51 10.51 13.58 16.43 15.26 13.80 12.92 11.97 12.05 11.90 11.53 11.39 12.05 12.99 14.97 15.33 15.91 17.16 16.43 17.52 17.52 17.89 18.61 20.88 17.16 14.02 17.81 26.65 29.57 29.35 26.94 19.20 14.45 10.66
16.21 15.33 14.45 16.06 16.64 16.06 15.40 14.82 15.70 17.01 17.67 11.83 11.24 11.39 12.85 14.45 15.18 19.20 21.83 21.83 21.75 20.73 16.64 12.05 8.54 8.69 9.20 9.20 7.66 6.72 6.42 5.69 6.72 7.88 9.13 9.56 9.78 11.61 11.97 9.78 7.96 7.81 8.91 9.20 9.20 9.20 8.83 9.05 11.17 11.75 11.53 11.83 13.80 14.24 12.78 12.56 13.72 14.97 14.97 13.07 11.68 12.19 13.21 14.45 15.11 18.91 21.32 22.63 25.04 25.04 27.96 26.06 21.90 18.98 18.03 19.93 27.81 32.56 32.56 27.38 20.44 17.23 16.06
16.21 15.33 14.45 16.06 16.64 16.06 15.40 14.82 15.70 17.01 17.67 11.83 11.24 11.39 12.85 14.45 15.18 19.20 21.83 21.83 21.75 20.73 16.64 12.05 8.54 8.69 9.20 9.20 7.66 6.72 6.42 5.69 6.72 7.88 9.13 9.56 9.78 11.61 11.97 9.78 7.96 7.81 8.91 9.20 9.20 9.20 8.83 9.05 11.17 11.75 11.53 11.83 13.80 14.24 12.78 12.56 13.72 14.97 14.97 13.07 11.68 12.19 13.21 14.45 15.11 18.91 21.32 22.63 25.04 25.04 27.96 26.06 21.90 18.98 18.03 19.93 27.81 32.56 32.56 27.38 20.44 17.23 16.06
13.29 13.29 14.67 16.13 15.62 15.26 14.45 14.45 14.89 13.14 12.56 12.48 11.17 12.12 14.09 17.30 20.29 23.00 23.65 23.65 22.85 19.86 17.37 13.58 10.95 10.00 9.34 8.69 7.37 7.15 9.20 9.71 8.98 9.27 10.00 10.95 13.14 15.33 12.34 9.27 12.41 12.92 12.34 11.02 11.02 11.32 11.32 11.24 11.68 14.16 14.67 16.72 17.45 17.01 14.75 13.58 15.84 19.56 22.19 20.44 17.67 16.06 15.04 15.77 16.13 16.86 17.59 19.35 22.27 22.27 23.87 24.45 23.73 21.97 20.59 26.28 30.30 33.00 35.62 32.70 29.13 26.43 23.43
12.19 12.26 15.40 14.31 13.21 12.92 9.86 10.15 10.95 12.56 15.84 16.79 16.21 14.89 23.65 24.02 23.36 23.29 22.48 22.48 18.76 17.08 15.04 13.58 12.56 10.00 9.64 12.26 11.75 11.68 12.48 14.97 18.83 18.69 15.91 16.06 16.21 22.48 18.47 15.62 14.31 14.38 11.97 11.39 11.39 12.56 14.67 15.48 15.62 15.62 14.60 15.18 15.40 15.33 14.09 13.14 14.89 16.72 17.37 16.13 17.23 18.32 18.61 19.27 19.20 19.27 19.27 20.15 20.22 20.22 21.83 23.14 22.27 22.05 20.00 21.61 26.79 26.65 25.33 25.33 27.67 27.59 20.22
14.09 11.39 12.41 15.11 15.04 12.70 10.44 10.15 9.71 12.70 17.67 19.13 19.27 18.25 18.98 20.59 20.15 18.54 16.21 16.21 13.65 12.48 13.21 15.04 14.75 11.61 13.87 15.40 16.86 17.30 20.15 23.14 24.60 23.73 19.13 17.67 11.02 12.70 11.10 10.51 12.26 13.80 16.06 19.27 19.27 18.03 17.01 17.37 17.67 20.08 19.71 18.54 17.23 15.91 14.75 17.23 18.61 21.39 19.27 13.72 12.19 12.85 14.53 16.86 17.96 18.47 18.40 17.30 17.08 17.08 18.69 20.22 19.49 15.99 13.07 17.30 21.97 12.41 3.21 3.65 12.05 30.66 24.31
13.07 10.88 12.34 16.35 17.52 17.16 10.44 7.37 8.76 9.71 11.46 14.82 15.04 14.97 14.60 14.67 16.43 16.64 17.01 17.01 15.11 13.36 14.75 17.16 17.67 16.64 16.13 14.45 15.77 17.74 20.59 23.07 22.48 18.10 16.57 9.05 8.32 7.15 6.79 8.47 10.51 14.45 17.08 17.01 17.01 15.40 14.97 15.11 15.33 16.13 18.61 18.98 16.43 15.77 20.51 22.48 22.27 21.68 20.08 14.38 9.93 10.66 11.24 11.24 11.53 13.94 17.89 19.78 19.27 19.27 20.08 20.95 17.30 11.97 10.73 18.18 23.51 12.12 0.00 0.00 27.74 30.00 26.06
13.07 10.88 12.34 16.35 17.52 17.16 10.44 7.37 8.76 9.71 11.46 14.82 15.04 14.97 14.60 14.67 16.43 16.64 17.01 17.01 15.11 13.36 14.75 17.16 17.67 16.64 16.13 14.45 15.77 17.74 20.59 23.07 22.48 18.10 16.57 9.05 8.32 7.15 6.79 8.47 10.51 14.45 17.08 17.01 17.01 15.40 14.97 15.11 15.33 16.13 18.61 18.98 16.43 15.77 20.51 22.48 22.27 21.68 20.08 14.38 9.93 10.66 11.24 11.24 11.53 13.94 17.89 19.78 19.27 19.27 20.08 20.95 17.30 11.97 10.73 18.18 23.51 12.12 0.00 0.00 27.74 30.00 26.06
10.80 11.46 14.45 18.10 18.54 17.01 11.90 4.53 3.50 6.64 8.18 10.00 11.61 14.67 14.82 14.09 16.50 17.59 16.35 16.35 13.72 12.12 11.68 12.19 14.60 16.50 15.99 15.33 14.82 14.45 16.13 18.40 19.27 19.93 17.08 11.68 7.08 8.69 10.07 12.05 13.80 15.40 15.70 14.24 14.24 16.50 15.91 15.62 15.99 16.06 15.40 14.97 16.35 17.01 17.08 18.40 17.59 15.33 13.58 14.31 14.16 15.77 16.28 14.82 14.97 16.64 18.18 20.15 21.17 21.17 22.92 21.39 16.50 14.97 21.53 27.30 24.09 10.22 0.00 0.00 24.24 19.42 20.51
12.85 17.52 18.25 19.64 18.76 19.56 19.35 14.31 9.64 8.98 7.88 12.34 13.21 19.13 20.88 19.64 20.29 21.17 18.98 18.98 17.67 14.82 10.44 9.78 12.05 14.75 16.64 17.23 17.52 18.10 19.71 20.88 22.70 24.31 23.58 18.98 14.89 13.21 12.34 12.48 13.65 14.09 14.75 14.82 14.82 18.03 17.74 15.55 14.24 11.83 9.56 11.83 13.14 13.21 13.58 14.31 15.62 15.91 15.70 16.94 20.22 21.97 22.27 21.46 19.64 19.05 17.89 20.08 25.04 25.04 25.99 23.73 21.32 20.73 22.63 20.00 14.24 8.25 0.00 12.56 16.86 18.54 19.49
9.71 11.90 13.29 15.77 18.47 20.88 22.34 20.29 14.97 10.95 11.61 11.32 11.97 13.36 14.45 14.60 17.45 19.27 20.66 20.66 21.68 20.51 16.72 13.14 12.99 16.06 16.79 17.67 17.81 16.28 16.35 19.13 20.08 20.00 17.52 18.10 17.52 11.90 10.80 9.78 8.69 9.93 17.96 19.56 19.56 23.29 18.83 14.02 14.38 18.61 19.35 19.20 19.35 17.74 15.40 15.70 17.67 18.03 17.67 18.54 21.24 25.40 27.74 23.87 21.10 20.37 21.97 25.62 26.72 26.72 22.12 17.52 13.14 15.18 15.70 12.48 3.29 5.18 10.88 11.75 13.07 15.77 16.94
8.25 9.42 10.44 13.80 16.28 17.59 20.29 19.35 17.30 13.51 14.53 14.67 16.64 16.35 14.60 12.56 11.24 13.36 14.67 14.67 16.28 16.06 16.21 17.74 18.25 19.42 20.15 18.18 15.40 13.58 12.63 13.29 14.75 17.08 16.28 10.88 7.15 7.30 7.01 7.88 7.96 8.32 12.48 18.32 18.32 23.80 23.07 20.66 21.46 23.80 26.86 27.96 26.94 22.48 21.53 23.87 24.16 22.41 18.32 17.74 18.40 17.96 19.64 21.24 21.90 22.41 22.56 23.00 20.08 20.08 13.29 8.18 7.59 8.47 7.81 5.04 3.58 5.77 6.35 7.96 9.78 12.34 14.45
6.06 7.88 9.20 11.61 12.85 13.07 14.60 18.03 21.17 20.95 22.19 25.77 28.25 28.62 25.26 19.49 16.50 15.55 16.64 16.64 17.52 18.98 18.76 19.05 22.05 25.84 26.13 25.77 23.87 21.02 15.62 10.95 10.44 5.91 12.26 7.23 4.09 0.00 0.00 0.00 7.81 7.30 5.26 11.90 11.90 16.13 15.18 12.99 15.84 17.37 18.61 20.22 24.38 26.21 27.45 31.03 31.83 25.70 20.15 17.37 17.01 17.67 18.18 19.20 21.02 22.34 21.68 21.53 19.86 19.86 13.80 9.05 8.03 4.16 4.31 4.02 4.23 6.57 6.35 6.86 8.32 11.61 9.42
6.06 7.88 9.20 11.61 12.85 13.07 14.60 18.03 21.17 20.95 22.19 25.77 28.25 28.62 25.26 19.49 16.50 15.55 16.64 16.64 17.52 18.98 18.76 19.05 22.05 25.84 26.13 25.77 23.87 21.02 15.62 10.95 10.44 5.91 12.26 7.23 4.09 0.00 0.00 0.00 7.81 7.30 5.26 11.90 11.90 16.13 15.18 12.99 15.84 17.37 18.61 20.22 24.38 26.21 27.45 31.03 31.83 25.70 20.15 17.37 17.01 17.67 18.18 19.20 21.02 22.34 21.68 21.53 19.86 19.86 13.80 9.05 8.03 4.16 4.31 4.02 4.23 6.57 6.35 6.86 8.32 11.61 9.42
6.57 5.33 7.15 8.91 11.17 11.46 12.56 13.80 20.51 23.65 26.65 26.79 28.18 27.81 30.22 28.76 25.77 24.67 22.85 22.85 22.70 22.56 22.34 21.97 22.78 26.28 28.11 27.74 25.99 20.00 14.60 9.93 8.25 3.65 4.74 5.11 0.00 0.00 0.00 0.00 3.21 4.60 0.00 5.11 5.11 7.74 7.23 7.30 0.00 6.28 8.76 8.69 10.66 13.43 15.91 15.48 17.45 15.77 11.75 10.07 12.99 15.91 16.28 17.74 20.95 23.07 23.29 20.44 19.20 19.20 20.88 22.27 17.01 8.54 7.23 5.99 6.28 6.64 5.69 5.99 7.74 8.47 7.74
8.18 7.37 10.29 10.66 14.09 16.21 20.22 17.59 27.59 29.49 28.54 24.82 22.41 22.34 22.92 22.56 22.34 22.19 22.63 22.63 23.51 23.94 26.79 23.29 22.64 21.20 23.07 21.31 22.70 20.95 14.38 10.22 7.66 4.38 3.43 0.00 0.00 2.41 0.00 4.16 4.31 5.04 4.23 0.00 0.00 4.82 5.91 0.00 5.69 4.02 0.00 4.96 7.01 7.81 8.54 7.30 6.50 5.40 5.48 7.96 11.32 13.65 14.82 17.74 19.42 20.73 21.53 21.46 21.24 21.24 23.14 24.53 20.22 15.48 12.92 9.20 5.91 5.69 5.40 4.82 8.25 10.66 7.52
9.71 10.00 13.21 17.96 21.32 23.65 25.92 28.91 30.59 27.81 26.35 22.34 24.02 21.02 16.94 18.18 20.81 22.56 23.87 23.87 25.77 27.38 30.59 31.03 28.74 28.77 22.94 23.89 24.53 25.04 21.68 15.77 10.51 9.20 5.11 0.00 0.00 4.09 4.16 4.82 4.23 3.07 3.14 0.00 0.00 4.60 5.69 6.35 5.04 1.90 0.00 0.00 0.00 2.85 0.00 0.00 0.00 0.00 0.00 6.28 13.07 17.16 19.42 21.39 20.95 21.90 21.39 22.63 21.97 21.97 22.12 19.42 14.24 13.07 10.80 7.23 5.48 7.37 7.66 7.52 6.86 4.02 4.74
11.75 10.88 10.07 15.91 15.99 17.52 23.36 24.38 23.00 19.56 15.91 14.45 14.31 12.48 12.48 16.86 22.85 25.33 27.08 27.08 27.81 28.25 29.27 31.16 30.25 27.84 27.38 29.51 27.65 26.11 22.42 17.45 17.23 13.21 8.40 7.59 6.42 7.52 5.69 4.60 5.26 0.00 3.72 4.02 4.02 0.00 0.00 5.48 3.72 2.19 0.00 0.00 0.00 0.00 0.00 0.00 0.00 2.70 0.00 5.91 13.58 16.13 15.26 17.59 16.79 17.89 22.70 24.75 24.53 24.53 24.60 21.83 18.47 15.04 18.32 14.45 14.02 10.51 8.47 7.08 4.60 3.29 4.67
15.40 12.99 14.31 16.35 13.29 12.70 13.36 13.51 13.43 10.51 7.45 6.79 7.81 7.96 11.02 14.16 17.96 22.34 22.70 22.70 21.10 18.58 20.38 24.01 27.08 28.76 30.51 31.46 32.22 34.57 31.78 29.20 28.03 22.48 19.05 18.18 14.09 9.42 7.66 4.16 2.56 3.94 0.00 0.00 0.00 0.00 0.00 0.00 0.00 0.00 0.00 0.00 0.00 0.00 0.00 0.00 0.00 0.00 0.00 4.96 9.93 14.38 17.81 19.64 19.27 19.64 22.41 24.60 27.59 27.59 25.19 23.36 21.97 20.95 19.56 16.57 11.10 10.15 6.57 7.52 5.48 4.23 4.60
15.40 12.99 14.31 16.35 13.29 12.70 13.36 13.51 13.43 10.51 7.45 6.79 7.81 7.96 11.02 14.16 17.96 22.34 22.70 22.82 21.78 18.87 21.82 23.40 27.78 28.32 30.51 30.51 29.94 32.30 32.27 29.50 29.20 25.26 20.16 18.64 14.09 9.42 7.66 4.16 2.56 3.94 0.00 0.00 0.00 0.00 0.00 0.00 0.00 0.00 0.00 0.00 0.00 0.00 0.00 0.00 0.00 0.00 0.00 4.96 9.93 14.38 17.81 19.64 19.27 19.64 22.41 24.60 27.59 27.59 25.19 23.36 21.97 20.95 19.56 16.57 11.10 10.15 6.57 7.52 5.48 4.23 4.60
14.89 13.72 13.72 15.04 17.81 13.80 13.14 10.95 11.61 14.02 12.05 10.66 9.64 8.76 12.26 16.72 20.44 25.04 23.14 23.14 17.67 12.70 10.80 11.15 15.27 19.62 24.78 31.41 36.32 35.77 33.31 29.94 27.01 31.07 34.66 25.44 20.27 12.90 9.71 6.94 3.87 2.99 3.36 0.00 0.00 0.00 0.00 0.00 3.29 0.00 0.00 0.00 0.00 0.00 0.00 0.00 0.00 0.00 2.92 5.69 10.29 13.87 16.28 21.68 25.33 24.97 22.27 24.38 22.48 22.48 19.56 20.29 21.10 19.42 16.79 13.80 10.88 6.86 4.82 5.77 4.53 4.45 4.09
12.26 12.48 11.02 11.83 13.07 11.32 11.10 12.26 19.64 21.97 18.91 17.16 14.89 13.14 13.94 16.94 22.34 24.75 20.81 20.81 15.41 12.92 10.71 7.23 9.27 11.15 11.64 16.64 25.64 30.39 33.26 33.94 30.44 27.08 32.59 32.05 28.73 19.71 13.72 11.46 8.40 7.01 4.89 0.00 0.00 0.00 0.00 2.26 3.65 5.26 3.87 0.00 0.00 0.00 0.00 0.00 0.00 0.00 0.00 5.55 9.42 9.78 11.75 20.08 24.75 25.77 19.86 18.61 20.00 20.00 17.74 17.23 13.58 11.53 11.17 9.42 5.77 5.62 4.89 4.09 4.23 4.16 4.45
11.97 14.02 16.35 13.65 17.01 13.65 13.07 13.80 15.33 17.30 15.11 13.94 11.75 11.10 10.44 13.51 15.70 16.79 12.48 12.48 6.35 6.42 6.86 8.32 9.13 7.30 6.57 8.47 10.69 14.45 30.05 31.76 33.94 34.75 31.10 32.43 31.31 29.76 22.78 21.32 18.10 11.97 7.01 3.94 3.94 3.50 3.87 2.85 2.34 0.00 0.00 5.55 5.69 6.50 6.42 0.00 0.00 0.00 0.00 0.00 0.00 6.86 9.71 16.72 18.83 14.97 12.05 12.85 12.63 12.63 11.02 10.88 4.67 4.38 2.77 3.65 4.67 6.79 8.83 7.37 7.74 8.10 8.98
12.05 13.94 17.52 20.51 17.59 17.59 20.51 25.26 27.96 27.01 22.48 18.25 14.67 14.45 13.87 12.78 12.92 10.07 8.40 8.40 7.45 7.66 6.64 7.52 8.61 7.37 7.88 10.29 11.59 12.85 20.22 22.78 27.89 33.36 36.35 36.87 35.92 33.65 30.79 27.64 22.86 17.30 9.78 4.89 4.89 3.58 3.29 3.21 3.58 3.87 2.92 3.58 0.00 0.00 6.50 0.00 0.00 0.00 4.53 6.13 5.69 5.91 6.64 8.54 8.03 5.33 5.69 6.50 5.69 5.69 6.50 0.00 0.00 0.00 0.00 3.43 4.74 7.08 8.76 8.18 8.03 10.15 11.75
9.27 10.73 12.99 15.70 14.16 15.11 17.37 17.37 22.34 26.91 28.62 29.71 24.24 17.30 15.77 11.83 6.06 3.65 3.65 3.65 5.55 8.69 10.88 10.95 11.10 12.12 11.39 10.66 10.62 13.80 13.94 16.50 18.47 23.94 30.22 32.41 33.00 32.27 30.51 29.50 26.35 22.30 16.94 10.66 10.66 6.06 5.18 5.48 4.74 3.65 2.77 1.24 0.00 0.00 3.80 4.31 0.00 5.48 6.86 6.86 7.66 6.57 5.77 4.53 3.94 2.12 0.66 0.00 0.00 0.00 0.00 0.00 0.00 0.00 0.00 5.04 0.00 3.94 4.23 6.20 6.79 7.81 9.20
9.64 7.74 10.29 12.85 14.24 18.03 19.05 20.22 16.06 14.00 16.50 20.37 18.98 10.66 9.13 7.23 4.38 4.60 3.94 3.94 3.43 5.55 7.01 9.42 11.46 13.72 13.51 12.05 10.66 17.49 16.49 18.08 14.89 14.30 17.16 17.59 16.21 20.22 24.70 27.81 24.16 19.69 18.18 15.48 15.48 13.36 8.83 5.18 4.31 5.33 5.11 4.09 0.00 0.00 2.63 3.58 5.91 5.48 5.55 6.64 6.13 4.53 4.60 4.31 5.18 0.00 0.00 0.00 0.00 0.00 0.00 0.00 0.00 0.00 1.68 0.00 2.92 0.00 0.00 3.50 4.74 5.55 5.77
9.64 7.74 10.29 12.85 14.24 18.03 19.05 20.22 16.06 13.65 16.50 20.37 18.98 10.66 9.13 7.23 4.38 4.60 3.96 3.94 3.43 5.55 7.01 9.42 11.46 13.72 13.51 12.05 10.66 17.23 15.91 17.45 14.82 13.87 17.16 17.68 16.29 20.22 24.58 28.09 24.16 19.49 18.18 15.48 15.48 13.36 8.83 5.18 4.31 5.33 5.11 4.09 0.00 0.00 2.63 3.58 5.91 5.48 5.55 6.64 6.13 4.53 4.60 4.31 5.18 0.00 0.00 0.00 0.00 0.00 0.00 0.00 0.00 0.00 1.68 0.00 2.92 0.00 0.00 3.50 4.74 5.55 5.77
10.00 11.02 7.88 0.00 3.87 19.86 28.62 27.45 22.75 16.38 12.78 13.07 10.88 9.86 8.83 5.84 4.23 3.65 3.65 3.65 4.53 5.91 7.30 8.69 8.69 9.56 11.32 12.78 13.36 18.69 19.93 16.94 17.08 13.94 12.85 11.83 8.54 11.46 15.18 16.36 15.26 11.53 9.64 13.29 13.29 13.36 10.51 8.47 8.98 8.25 7.37 5.04 3.72 0.00 2.63 3.87 5.33 4.82 5.69 7.23 7.45 7.30 0.00 4.02 3.29 0.00 1.46 0.00 2.41 2.41 0.00 0.00 0.00 0.00 0.00 0.00 1.53 0.00 3.36 0.00 0.00 5.55 4.09
