Wansh/Snow_depth/snowdepth-1985/winter/1986001.txt
ncols 321
nrows 161
xllcenter 60
yllcenter 15 
cellsize  0.25 
NODATA_value -1
[rows 0 to 36 of 161, columns 83 to 165 of 321]
19.49 19.64 19.49 20.44 18.76 18.25 13.80 9.71 9.13 10.37 12.12 14.16 15.26 15.48 15.48 16.50 14.82 14.82 15.77 15.77 16.06 15.40 13.51 10.88 7.96 5.26 4.96 4.38 4.45 4.60 5.69 9.56 11.90 11.61 9.34 6.94 6.28 5.40 3.94 4.74 3.80 0.00 6.28 3.80 3.80 2.34 3.29 2.85 3.14 7.08 9.49 11.10 11.24 8.40 6.50 6.35 6.79 7.30 6.35 5.40 4.38 3.43 2.48 1.75 2.41 3.36 4.16 5.69 6.13 6.13 6.28 5.11 7.15 7.81 8.40 10.88 12.12 11.17 11.75 11.75 12.41 11.46 10.44
18.54 18.10 15.77 15.18 16.64 16.13 13.07 8.69 8.98 10.73 10.59 10.29 8.18 7.74 9.20 9.20 10.00 12.63 11.61 11.61 12.63 11.83 13.29 13.72 11.46 8.40 5.69 4.60 4.16 5.48 5.26 6.72 10.00 11.32 7.15 5.77 4.38 2.70 3.80 4.16 8.91 8.69 9.71 11.24 11.24 8.32 7.01 5.99 4.74 5.40 5.69 4.96 6.20 7.23 6.72 6.42 7.88 9.27 7.01 4.23 4.09 4.53 5.62 4.82 4.38 4.23 6.50 6.86 6.86 6.86 7.74 7.96 7.52 6.86 7.45 9.71 11.53 11.68 11.75 12.19 12.56 12.99 10.44
17.30 17.59 16.50 14.24 11.53 9.86 10.95 12.78 13.65 13.21 12.99 13.87 13.43 9.34 7.74 5.33 3.80 7.66 10.88 10.88 14.02 9.78 11.53 13.29 13.21 9.56 7.88 5.33 3.43 3.50 4.23 5.18 6.20 8.40 8.98 8.76 7.66 6.28 5.48 3.14 3.72 4.53 6.50 7.74 7.74 10.51 11.53 11.02 7.37 5.48 4.74 2.92 2.85 2.92 5.26 7.08 8.40 10.66 11.46 10.88 7.66 8.83 9.64 9.27 8.54 8.61 9.71 11.24 11.61 11.61 10.51 8.91 6.64 5.69 5.77 7.96 9.78 9.05 7.81 9.56 11.83 13.07 13.29
17.30 17.59 16.50 14.24 11.53 9.86 10.95 12.78 13.65 13.21 12.99 13.87 13.43 9.34 7.74 5.33 3.80 7.66 10.88 10.88 14.02 9.78 11.53 13.29 13.21 9.56 7.88 5.33 3.43 3.50 4.23 5.18 6.20 8.40 8.98 8.76 7.66 6.28 5.48 3.14 3.72 4.53 6.50 7.74 7.74 10.51 11.53 11.02 7.37 5.48 4.74 2.92 2.85 2.92 5.26 7.08 8.40 10.66 11.46 10.88 7.66 8.83 9.64 9.27 8.54 8.61 9.71 11.24 11.61 11.61 10.51 8.91 6.64 5.69 5.77 7.96 9.78 9.05 7.81 9.56 11.83 13.07 13.29
13.72 12.92 10.73 9.49 10.51 12.05 12.41 12.34 12.63 14.24 14.75 13.29 12.05 11.10 8.98 8.54 7.23 4.74 6.13 6.13 6.50 7.96 10.22 11.61 11.75 10.15 7.45 6.20 4.60 3.50 3.14 3.80 4.60 6.20 10.15 11.68 10.51 8.69 5.69 2.19 0.44 0.00 0.00 4.31 4.31 7.08 10.66 12.19 10.59 8.91 5.18 4.60 4.74 4.16 4.16 3.43 4.67 5.40 7.88 8.98 11.02 12.48 12.85 13.36 13.07 13.51 14.60 16.13 14.31 14.31 12.63 11.32 9.64 7.88 5.33 6.50 8.47 9.78 10.29 12.78 13.65 12.85 12.85
16.43 13.87 11.32 10.66 8.83 6.86 6.35 6.79 7.08 8.10 9.64 9.56 11.10 10.88 11.17 11.17 11.02 11.61 8.54 8.54 5.84 4.38 6.28 8.98 10.07 10.29 7.66 5.69 6.20 4.31 3.65 3.29 4.82 6.64 8.18 10.51 9.34 6.94 4.31 3.65 0.00 0.00 0.00 0.00 0.00 4.60 8.03 0.00 0.00 7.23 4.96 4.31 4.45 3.50 4.89 5.77 5.33 5.62 6.64 7.30 9.34 12.78 14.89 16.21 18.32 14.97 13.80 12.85 13.21 13.21 12.92 13.51 14.31 13.94 10.80 9.49 8.76 7.66 9.27 11.53 11.61 11.53 12.48
12.70 11.46 9.86 9.71 9.34 8.61 8.69 8.76 9.05 9.13 8.91 8.69 9.34 10.66 12.05 10.37 9.64 8.40 8.76 8.76 9.42 8.69 6.50 5.91 8.47 6.86 5.77 3.87 5.11 4.60 5.04 4.09 4.45 5.55 6.20 8.47 8.98 7.45 0.00 0.00 0.00 0.00 0.00 0.00 0.00 5.04 0.00 0.00 0.00 4.45 3.72 3.36 4.16 3.87 4.23 5.99 7.23 7.88 9.56 8.83 10.00 13.29 17.37 19.86 18.54 18.25 17.23 16.64 16.13 16.13 16.72 17.89 19.71 19.42 17.45 15.33 14.31 14.31 12.12 8.76 8.54 11.02 12.99
12.70 11.46 9.86 9.71 9.34 8.61 8.69 8.76 9.05 9.13 8.91 8.69 9.34 10.66 12.05 10.37 9.64 8.40 8.76 8.76 9.42 8.69 6.50 5.91 8.47 6.86 5.77 3.87 5.11 4.60 5.04 4.09 4.45 5.55 6.20 8.47 8.98 7.45 0.00 0.00 0.00 0.00 0.00 0.00 0.00 5.04 0.00 0.00 0.00 4.45 3.72 3.36 4.16 3.87 4.23 5.99 7.23 7.88 9.56 8.83 10.00 13.29 17.37 19.86 18.54 18.25 17.23 16.64 16.13 16.13 16.72 17.89 19.71 19.42 17.45 15.33 14.31 14.31 12.12 8.76 8.54 11.02 12.99
9.78 8.83 8.98 10.07 11.39 11.10 10.15 9.13 9.42 7.96 6.42 5.33 4.45 4.67 8.61 11.17 10.37 9.78 7.96 7.96 8.25 10.37 10.95 7.81 7.01 5.91 4.31 3.87 6.35 6.50 6.42 6.28 4.60 5.62 7.23 9.13 10.51 5.77 0.00 0.00 4.31 2.99 3.58 5.48 5.48 6.06 4.09 4.31 5.26 4.89 4.74 5.55 5.04 4.09 5.11 5.18 5.04 4.96 6.35 7.45 9.56 10.80 12.41 14.09 15.18 16.94 17.45 17.67 17.37 17.37 18.10 18.98 19.56 18.91 18.40 17.37 16.79 15.84 14.53 12.19 11.32 10.15 10.44
7.74 7.59 8.03 8.83 10.37 10.88 11.10 8.91 7.15 6.79 6.35 4.60 3.72 3.29 5.04 3.58 7.59 8.47 8.98 8.98 9.27 10.88 10.29 5.91 4.02 3.94 3.21 3.58 4.89 5.55 5.84 5.69 5.84 5.84 8.69 10.15 8.40 6.42 5.84 5.26 3.29 3.58 3.29 4.31 4.31 5.91 4.96 4.89 6.57 7.52 8.83 12.34 14.89 11.97 9.64 7.37 6.94 6.94 6.72 7.59 7.37 7.88 8.61 9.13 8.91 10.88 13.29 12.56 12.70 12.70 14.09 15.04 16.64 17.01 16.35 15.40 17.96 21.02 21.32 19.42 14.97 11.10 9.71
8.76 7.96 7.81 8.98 9.27 10.22 9.13 7.08 7.66 8.69 7.15 5.18 3.50 2.56 6.06 7.30 9.71 10.29 9.93 9.93 8.25 6.28 4.53 3.43 3.14 4.16 3.87 3.07 1.68 2.77 4.38 4.67 5.18 5.26 6.13 6.79 8.61 7.66 4.96 5.11 4.16 3.72 6.50 6.64 6.64 6.20 5.11 6.50 7.66 7.45 6.86 7.88 7.08 8.47 8.03 7.52 9.20 10.73 10.44 8.91 6.28 6.86 7.96 8.40 9.20 11.39 15.62 18.91 21.32 21.32 21.24 18.61 18.10 16.06 14.24 15.26 23.07 28.40 28.03 22.41 16.35 13.87 14.60
8.76 7.96 7.81 8.98 9.27 10.22 9.13 7.08 7.66 8.69 7.15 5.18 3.50 2.56 6.06 7.30 9.71 10.29 9.93 9.93 8.25 6.28 4.53 3.43 3.14 4.16 3.87 3.07 1.68 2.77 4.38 4.67 5.18 5.26 6.13 6.79 8.61 7.66 4.96 5.11 4.16 3.72 6.50 6.64 6.64 6.20 5.11 6.50 7.66 7.45 6.86 7.88 7.08 8.47 8.03 7.52 9.20 10.73 10.44 8.91 6.28 6.86 7.96 8.40 9.20 11.39 15.62 18.91 21.32 21.32 21.24 18.61 18.10 16.06 14.24 15.26 23.07 28.40 28.03 22.41 16.35 13.87 14.60
8.69 0.00 8.47 7.08 7.52 10.51 10.51 9.13 11.61 10.80 10.80 9.05 7.96 7.74 10.59 12.56 15.62 17.67 14.09 14.09 12.63 10.22 6.79 5.11 4.82 6.13 5.33 3.36 2.77 3.94 5.26 4.60 5.69 6.06 6.86 7.37 10.00 12.19 8.98 6.20 9.34 7.74 6.42 5.69 5.69 6.42 7.08 8.32 9.86 11.17 8.18 7.81 7.88 7.81 8.10 8.54 11.83 16.86 20.73 15.48 10.73 9.34 8.61 9.13 8.76 10.22 12.56 15.84 18.69 18.69 19.56 20.44 18.32 16.94 18.91 23.36 27.59 28.62 30.30 28.32 20.73 21.02 19.20
8.83 10.07 8.25 6.13 7.59 11.02 12.92 13.51 12.26 11.39 10.95 8.98 7.96 11.24 12.78 11.90 11.97 13.51 14.75 14.75 12.12 10.51 9.20 10.66 9.71 8.18 5.33 4.23 4.53 8.25 10.15 11.39 13.51 15.18 12.05 15.84 14.45 16.35 12.48 9.93 9.56 8.98 7.74 8.03 8.03 8.47 9.71 13.51 13.29 11.83 10.51 9.27 8.40 8.25 8.54 8.54 9.13 10.73 13.51 14.53 14.60 13.80 13.80 13.94 13.36 13.07 14.53 17.08 15.62 15.62 17.30 18.03 16.21 14.89 17.23 21.90 25.26 22.92 22.19 27.08 20.66 17.16 15.18
7.81 8.54 8.03 9.34 11.02 11.10 10.37 10.15 9.13 11.90 13.43 13.07 10.88 11.17 16.43 15.48 14.97 12.92 12.05 12.05 10.29 8.18 10.00 11.68 10.51 7.74 8.18 9.71 10.80 11.83 14.53 18.18 20.51 17.89 15.62 14.45 12.48 9.64 8.40 6.94 8.61 9.64 10.88 11.17 11.17 10.37 10.66 11.75 13.65 15.04 15.26 13.43 11.17 10.88 12.05 12.05 13.07 14.16 13.58 12.70 11.39 10.37 10.07 11.39 12.78 13.65 14.09 12.85 13.21 13.21 14.60 14.09 10.37 7.81 5.91 13.43 17.01 8.25 4.38 11.53 20.22 23.21 20.15
10.15 8.69 10.07 11.68 11.75 11.39 7.52 7.15 9.86 9.42 10.29 9.20 10.29 11.61 12.85 14.38 15.40 14.53 14.75 14.75 13.07 8.98 8.98 11.46 12.26 11.39 10.51 10.22 12.12 14.24 17.81 20.73 18.61 14.24 13.21 12.19 7.59 5.77 6.28 7.88 8.83 9.93 12.70 10.66 10.66 9.05 10.29 10.00 10.51 10.88 12.48 12.63 10.37 10.37 12.99 15.33 14.75 13.58 11.97 10.59 8.83 8.69 9.27 9.56 9.78 11.39 14.38 15.62 16.35 16.35 16.06 15.26 14.02 8.98 7.66 14.89 19.27 11.53 0.00 9.71 23.36 23.87 22.34
10.15 8.69 10.07 11.68 11.75 11.39 7.52 7.15 9.86 9.42 10.29 9.20 10.29 11.61 12.85 14.38 15.40 14.53 14.75 14.75 13.07 8.98 8.98 11.46 12.26 11.39 10.51 10.22 12.12 14.24 17.81 20.73 18.61 14.24 13.21 12.19 7.59 5.77 6.28 7.88 8.83 9.93 12.70 10.66 10.66 9.05 10.29 10.00 10.51 10.88 12.48 12.63 10.37 10.37 12.99 15.33 14.75 13.58 11.97 10.59 8.83 8.69 9.27 9.56 9.78 11.39 14.38 15.62 16.35 16.35 16.06 15.26 14.02 8.98 7.66 14.89 19.27 11.53 0.00 9.71 23.36 23.87 22.34
8.83 7.23 9.78 12.05 12.12 11.32 6.94 0.88 2.85 4.74 5.77 8.25 7.15 11.83 12.63 11.68 13.94 15.70 13.43 13.43 11.83 9.49 9.78 10.29 9.49 11.24 11.39 10.29 10.00 10.15 12.78 14.31 15.62 14.60 13.14 8.61 5.11 5.11 6.28 7.96 9.34 9.56 9.93 10.22 10.22 10.95 11.24 10.95 9.34 10.51 11.83 11.90 11.10 10.80 11.32 11.75 10.95 10.44 8.10 8.69 10.37 12.78 13.43 10.73 9.71 10.95 13.07 15.18 17.30 17.30 18.10 16.06 13.51 12.78 19.35 21.90 20.00 17.23 0.00 13.87 19.78 17.74 17.23
10.07 11.24 11.61 11.83 10.66 9.34 6.64 5.18 2.26 6.20 7.45 7.74 8.98 13.43 15.04 15.55 16.35 16.57 13.72 13.72 13.21 10.73 6.86 8.40 10.29 11.90 12.56 11.83 12.41 13.51 14.60 15.26 15.33 22.19 19.05 13.14 11.61 10.51 9.49 10.22 11.39 11.39 10.07 9.93 9.93 10.66 9.71 5.99 6.64 8.40 8.83 10.15 10.29 9.56 11.10 11.10 11.46 11.39 11.61 11.53 12.78 18.03 19.71 16.06 12.99 12.78 13.43 16.13 19.93 19.93 19.78 18.18 17.74 15.40 18.40 18.25 17.74 4.89 6.72 11.39 12.92 15.18 15.40
9.05 11.32 13.80 13.58 11.97 11.02 10.95 10.95 9.64 6.64 9.13 9.86 8.76 9.13 8.91 11.02 13.07 14.75 15.26 15.26 15.62 15.18 12.34 10.29 9.49 12.48 14.38 14.45 13.36 12.70 12.48 13.29 14.16 15.48 15.99 15.40 13.21 10.29 8.40 8.18 6.57 9.27 12.05 12.48 12.48 12.78 9.20 6.13 5.69 10.44 12.05 13.80 16.43 13.87 13.72 14.60 13.87 12.12 9.71 10.88 14.45 17.67 19.42 18.83 16.86 15.91 18.10 20.29 20.08 20.08 15.84 12.99 10.37 11.61 11.53 10.73 9.78 5.26 9.56 10.51 12.19 12.85 13.94
6.20 9.13 12.34 14.60 14.82 15.18 17.45 13.14 7.08 6.35 8.69 9.27 10.73 10.00 9.27 8.54 9.49 10.66 11.68 11.68 12.41 12.12 12.92 12.99 12.85 14.09 15.33 14.16 11.68 11.68 12.19 10.88 15.77 14.97 14.89 9.20 6.72 0.00 6.64 7.23 4.53 6.64 13.36 15.18 15.18 17.01 16.13 14.53 16.35 17.30 19.27 19.42 19.20 17.30 16.57 20.08 19.71 16.35 13.36 11.68 12.26 13.51 14.75 16.43 19.56 20.81 20.15 18.18 15.04 15.04 8.25 6.64 5.18 6.06 5.40 7.59 2.77 4.16 6.20 7.96 8.76 10.29 11.68
6.28 7.66 10.80 12.92 12.34 12.05 15.55 11.10 10.95 10.44 12.63 13.29 15.62 16.50 14.67 13.58 11.90 12.41 12.85 12.85 12.48 13.58 15.11 15.77 16.57 19.56 21.61 21.02 20.00 16.79 13.80 12.34 9.93 10.15 9.56 4.09 3.94 0.00 0.00 5.55 6.94 6.64 5.26 7.01 7.01 10.29 11.90 10.66 11.46 13.87 13.36 14.75 16.72 17.81 19.13 21.61 23.58 18.10 13.80 12.12 11.39 11.90 13.72 14.82 15.33 16.57 17.74 17.16 14.53 14.53 10.59 5.62 6.13 5.84 5.48 0.00 4.23 5.04 5.26 6.42 6.86 7.30 7.96
6.28 7.66 10.80 12.92 12.34 12.05 15.55 11.10 10.95 10.44 12.63 13.29 15.62 16.50 14.67 13.58 11.90 12.41 12.85 12.85 12.48 13.58 15.11 15.77 16.57 19.56 21.61 21.02 20.00 16.79 13.80 12.34 9.93 10.15 9.56 4.09 3.94 0.00 0.00 5.55 6.94 6.64 5.26 7.01 7.01 10.29 11.90 10.66 11.46 13.87 13.36 14.75 16.72 17.81 19.13 21.61 23.58 18.10 13.80 12.12 11.39 11.90 13.72 14.82 15.33 16.57 17.74 17.16 14.53 14.53 10.59 5.62 6.13 5.84 5.48 0.00 4.23 5.04 5.26 6.42 6.86 7.30 7.96
5.55 4.31 7.74 8.98 9.49 9.27 10.51 14.67 14.97 14.82 13.94 13.80 14.82 16.94 18.25 16.13 14.60 14.67 13.51 13.51 14.02 14.89 14.89 17.16 18.18 21.10 24.38 24.75 23.43 18.83 13.87 9.86 6.50 5.33 0.00 0.00 0.00 0.00 0.00 0.00 0.00 0.00 0.00 4.74 4.74 4.82 3.58 3.94 5.91 5.84 5.84 6.79 9.20 10.37 10.37 11.32 13.58 12.12 9.05 6.20 6.79 10.07 11.10 13.58 15.99 17.23 17.16 14.60 14.09 14.09 15.62 16.28 13.51 8.47 6.42 5.40 3.50 4.16 3.87 3.65 5.26 6.13 5.91
5.55 7.15 9.05 9.05 11.10 9.56 12.63 14.75 16.79 17.16 15.04 13.80 12.48 13.43 16.72 17.08 14.75 14.67 14.75 14.75 15.18 16.79 17.96 16.86 17.88 17.24 17.99 17.70 18.76 15.91 11.32 6.94 5.62 0.00 0.00 0.00 0.00 0.00 0.00 0.00 0.00 0.00 0.00 0.00 0.00 0.00 3.36 3.14 2.70 0.00 0.00 2.48 3.94 5.48 6.35 6.13 6.13 5.55 0.00 4.38 5.77 7.66 9.64 11.53 13.72 15.70 16.57 16.50 15.04 15.04 17.89 19.93 17.74 14.45 8.83 5.04 4.31 4.09 4.16 4.23 4.45 6.28 6.50
4.82 4.60 9.49 12.05 12.41 14.24 15.40 14.75 14.02 13.07 11.68 12.34 11.46 10.66 11.68 12.26 14.89 16.21 16.64 16.64 17.37 20.95 22.78 21.46 21.71 22.55 18.40 15.93 18.51 21.53 18.32 10.29 8.18 6.35 3.58 4.23 2.77 1.75 3.65 4.82 3.58 0.00 0.00 3.72 3.72 3.43 0.00 4.31 2.56 0.00 0.00 0.00 1.10 0.00 0.00 0.00 1.53 0.00 0.00 3.65 7.74 11.17 12.56 14.97 16.86 15.55 14.97 15.70 16.28 16.28 16.13 14.82 13.07 6.57 5.84 5.11 4.82 4.45 4.23 4.38 4.02 3.65 3.14
6.35 5.84 5.84 8.32 11.17 9.27 11.10 10.44 8.98 5.99 5.48 7.96 8.40 6.72 6.28 10.80 14.38 15.33 15.11 15.11 16.13 18.83 20.53 23.41 23.93 21.86 20.95 24.02 22.27 20.92 18.55 13.87 13.29 12.48 6.50 5.11 3.72 2.77 3.07 4.23 3.07 5.04 0.00 0.00 0.00 0.00 0.00 0.00 0.00 0.00 0.00 0.00 0.00 0.00 0.00 0.00 0.00 0.00 0.00 0.00 6.28 10.51 12.56 13.36 13.72 12.92 15.55 18.76 18.25 18.25 18.03 18.91 18.83 13.14 10.66 9.13 8.32 8.03 5.18 4.96 4.45 3.07 3.65
10.07 10.15 10.00 8.32 7.66 4.74 0.00 2.70 2.99 0.00 0.00 0.00 0.00 0.00 4.45 9.64 11.39 12.19 11.97 11.97 0.00 11.13 12.52 15.73 17.59 18.82 19.71 22.43 24.04 26.36 25.59 23.84 20.59 19.05 16.06 10.95 9.78 5.40 0.00 0.00 0.00 0.00 0.00 0.00 0.00 0.00 0.00 0.00 0.00 0.00 0.00 0.00 0.00 0.00 0.00 0.00 0.00 0.00 0.00 0.00 7.52 11.17 12.56 12.99 16.72 16.28 15.99 18.76 18.32 18.32 18.91 19.13 17.37 17.67 14.67 10.95 9.34 7.01 6.35 5.84 5.04 3.07 3.87
10.07 10.15 10.00 8.32 7.66 4.74 0.00 2.70 2.99 0.00 0.00 0.00 0.00 0.00 4.45 9.64 11.39 12.19 11.97 12.03 0.00 11.31 13.41 15.33 18.04 18.54 19.71 21.75 22.34 24.63 25.98 24.09 21.44 21.41 16.99 11.23 9.78 5.40 0.00 0.00 0.00 0.00 0.00 0.00 0.00 0.00 0.00 0.00 0.00 0.00 0.00 0.00 0.00 0.00 0.00 0.00 0.00 0.00 0.00 0.00 7.52 11.17 12.56 12.99 16.72 16.28 15.99 18.76 18.32 18.32 18.91 19.13 17.37 17.67 14.67 10.95 9.34 7.01 6.35 5.84 5.04 3.07 3.87
11.46 12.99 13.14 8.40 10.07 7.45 4.38 3.07 4.60 2.70 0.00 0.00 0.00 0.00 6.20 10.51 14.09 16.79 15.77 15.77 11.75 8.54 8.25 5.72 7.86 11.83 15.04 18.58 20.54 21.46 23.26 19.54 19.06 24.45 28.94 20.02 14.98 11.50 7.52 5.04 1.90 2.19 0.00 0.00 0.00 0.00 0.00 0.00 0.00 0.00 0.00 0.00 0.00 0.00 0.00 0.00 0.00 0.00 0.00 1.46 6.28 9.93 12.05 16.50 19.13 18.18 14.75 15.99 15.77 15.77 16.06 16.06 15.18 12.78 9.56 7.08 7.08 4.82 5.18 4.53 3.72 3.36 3.87
11.53 13.58 15.77 8.47 8.25 8.76 8.32 9.49 11.24 11.75 11.46 10.07 10.15 8.32 7.74 9.42 14.02 18.18 12.56 12.56 8.95 8.32 6.31 5.26 6.50 6.82 7.78 9.27 13.77 19.14 21.24 20.44 19.56 17.81 22.50 24.14 20.68 15.42 10.93 7.88 4.16 3.21 2.63 2.41 2.41 2.12 0.00 0.00 3.58 2.92 0.00 0.00 0.00 0.00 0.00 0.00 0.00 0.00 0.00 0.00 7.37 8.61 10.07 14.89 18.54 18.47 14.67 15.55 17.08 17.08 15.91 14.60 9.20 7.01 6.42 6.06 3.94 2.92 3.94 3.07 2.56 1.17 0.00
12.34 12.63 10.51 12.56 11.46 10.37 11.17 11.32 11.17 11.61 10.88 10.51 9.86 7.52 7.37 9.13 11.39 11.39 8.69 8.69 6.72 7.30 0.00 6.42 6.42 3.87 0.00 0.00 5.09 15.68 16.98 19.78 22.48 24.67 22.41 23.44 22.95 23.58 17.81 15.40 14.67 10.37 7.66 4.31 4.31 3.80 0.00 0.00 0.00 0.00 2.70 0.00 0.00 0.00 0.00 0.00 0.00 0.00 0.00 0.00 0.00 5.11 9.42 14.02 14.53 12.41 11.24 12.05 13.65 13.65 8.83 5.77 2.77 0.00 2.04 2.19 1.83 5.04 6.86 5.18 3.80 4.38 3.94
5.26 4.82 9.78 10.95 10.44 11.61 17.01 19.56 20.00 19.64 16.43 13.21 11.46 10.95 9.93 11.10 10.44 8.98 7.15 7.15 7.15 5.62 5.11 4.16 4.23 0.00 0.00 0.00 0.00 9.20 12.63 18.47 19.64 23.51 25.04 24.60 25.40 22.90 21.64 20.11 17.84 14.09 9.27 3.43 3.43 0.00 0.00 0.00 0.95 0.00 0.00 0.00 2.92 4.23 0.00 0.00 0.00 0.00 0.00 0.00 0.00 0.00 6.72 8.76 8.10 6.42 2.63 6.57 9.64 9.64 0.00 0.00 0.00 0.00 0.00 0.00 3.07 5.84 7.23 5.99 6.06 7.96 8.61
4.31 6.50 8.25 0.00 0.00 0.00 0.00 0.00 15.91 19.47 20.22 18.91 14.60 11.53 10.73 10.59 8.40 5.40 4.60 4.60 4.60 4.53 0.00 4.09 4.31 3.87 0.00 0.00 0.00 6.42 8.18 10.88 12.70 17.30 18.18 21.61 22.78 21.83 20.66 21.79 19.24 15.55 14.24 11.17 11.17 7.30 5.11 5.40 4.31 0.00 0.00 0.00 0.00 2.04 3.50 0.00 0.00 4.96 4.45 4.16 6.79 6.20 3.14 3.94 0.00 0.00 2.34 3.07 0.00 0.00 0.00 0.00 0.00 0.00 0.00 0.00 0.00 2.12 3.36 4.31 5.77 6.79 5.69
4.89 0.00 4.60 5.40 7.37 11.10 12.78 0.00 0.00 0.00 10.29 12.70 12.34 10.59 5.77 4.89 2.99 0.00 0.00 0.00 2.99 4.02 0.00 0.00 5.11 6.50 5.91 3.94 4.60 4.59 7.72 7.94 7.48 10.69 12.05 12.85 15.11 17.81 17.55 18.47 18.47 15.48 13.43 12.99 12.99 10.51 6.72 6.20 5.84 4.89 4.31 4.02 0.00 0.00 0.00 3.72 3.87 4.16 4.09 4.74 6.35 5.04 3.87 1.90 3.29 0.00 0.00 3.58 0.00 0.00 0.00 0.00 0.00 0.00 1.17 1.61 2.19 0.00 0.00 0.00 2.56 2.70 4.02
4.89 0.00 4.60 5.40 7.37 11.10 12.78 0.00 0.00 0.00 10.29 12.70 12.34 10.59 5.77 4.89 2.99 0.00 0.00 0.00 2.99 4.02 0.00 0.00 5.11 6.50 5.91 3.94 4.60 4.53 7.45 7.66 7.45 10.37 12.05 12.91 15.19 17.81 17.46 18.66 18.47 15.33 13.43 12.99 12.99 10.51 6.72 6.20 5.84 4.89 4.31 4.02 0.00 0.00 0.00 3.72 3.87 4.16 4.09 4.74 6.35 5.04 3.87 1.90 3.29 0.00 0.00 3.58 0.00 0.00 0.00 0.00 0.00 0.00 1.17 1.61 2.19 0.00 0.00 0.00 2.56 2.70 4.02
8.91 5.48 0.00 0.00 0.00 10.80 14.75 16.72 16.90 11.12 7.74 7.96 7.66 6.42 4.31 3.21 0.00 0.00 0.00 0.00 0.00 4.16 0.00 0.00 0.00 2.19 0.00 0.00 5.18 6.57 10.51 8.91 9.64 9.34 8.03 10.00 10.37 11.39 13.72 12.69 12.63 11.02 9.71 11.53 11.53 12.26 10.15 8.61 8.10 7.66 6.42 0.00 2.85 0.00 3.65 4.16 4.53 0.00 0.00 0.00 3.94 6.28 0.00 0.00 0.00 0.00 0.00 0.00 0.80 0.80 0.00 0.00 0.00 0.00 0.73 1.53 1.46 0.00 0.00 2.19 1.97 2.63 2.92
