Wansh/Snow_depth/snowdepth-1985/winter/1986019.txt
ncols 321
nrows 161
xllcenter 60
yllcenter 15 
cellsize  0.25 
NODATA_value -1
[rows 0 to 36 of 161, columns 166 to 248 of 321]
8.83 8.69 9.05 6.64 6.13 5.69 5.91 5.62 4.96 5.33 5.55 5.55 7.23 8.03 8.40 7.96 8.47 8.03 9.42 10.51 10.95 12.41 11.75 12.19 11.90 9.93 9.13 8.61 4.09 0.00 0.00 0.00 0.00 6.28 17.96 19.71 16.13 16.13 11.10 15.40 21.90 23.14 21.97 23.00 32.41 28.11 26.86 30.59 30.44 31.68 29.78 24.82 19.42 19.93 19.56 20.81 22.63 24.97 26.65 25.62 24.24 24.75 24.75 24.24 24.53 28.11 33.80 33.51 32.63 28.98 25.92 23.87 24.97 24.97 24.45 23.51 23.43 23.21 23.07 22.78 22.19 21.17 20.44
12.41 12.41 9.86 7.01 5.26 7.88 7.23 6.20 6.13 6.72 8.25 8.25 9.20 9.86 9.64 8.61 7.52 6.64 7.01 7.88 10.88 12.99 11.68 10.07 10.00 7.96 5.69 0.15 0.00 0.00 0.00 0.00 0.00 10.66 15.33 15.33 8.98 8.98 10.44 16.06 22.12 26.94 26.79 30.51 36.28 35.92 37.16 35.77 31.90 29.20 28.32 26.94 24.38 21.02 19.42 20.08 21.24 23.07 28.91 31.24 28.11 25.26 25.26 25.55 29.20 32.85 34.53 34.16 32.05 29.57 26.50 26.79 25.84 25.11 22.85 21.39 21.17 20.59 19.64 19.49 21.10 20.15 20.29
14.45 14.09 12.78 10.00 8.91 8.98 8.83 7.15 7.15 7.01 7.66 7.66 8.40 8.18 8.83 8.47 7.23 8.91 10.00 11.83 11.10 11.32 12.26 10.73 12.12 8.83 2.92 0.00 0.00 0.00 0.00 0.00 1.17 11.61 13.51 11.97 13.14 13.14 15.70 21.17 27.96 30.59 30.88 33.14 33.65 34.97 32.63 32.49 28.69 27.30 26.43 25.33 23.87 22.85 22.48 24.09 23.21 24.09 24.31 25.40 26.72 25.99 25.99 25.99 28.76 29.78 29.27 29.20 28.25 26.86 27.30 28.69 29.20 26.86 22.56 21.17 19.86 19.49 19.78 20.08 22.12 23.36 21.97
14.45 14.09 12.78 10.00 8.91 8.98 8.83 7.15 7.15 7.01 7.66 7.66 8.40 8.18 8.83 8.47 7.23 8.91 10.00 11.83 11.10 11.32 12.26 10.73 12.12 8.83 2.92 0.00 0.00 0.00 0.00 0.00 1.17 11.61 13.51 11.97 13.14 13.14 15.70 21.17 27.96 30.59 30.88 33.14 33.65 34.97 32.63 32.49 28.69 27.30 26.43 25.33 23.87 22.85 22.48 24.09 23.21 24.09 24.31 25.40 26.72 25.99 25.99 25.99 28.76 29.78 29.27 29.20 28.25 26.86 27.30 28.69 29.20 26.86 22.56 21.17 19.86 19.49 19.78 20.08 22.12 23.36 21.97
13.72 12.70 11.83 10.59 10.07 9.27 7.66 6.64 5.91 5.33 6.64 6.64 8.40 7.88 8.54 10.29 12.78 15.11 15.84 13.80 11.24 10.59 0.00 0.00 0.00 18.03 0.00 0.00 0.00 0.00 0.00 0.00 10.22 16.64 16.13 15.77 17.96 17.96 24.38 26.06 28.32 27.81 27.89 30.08 29.05 28.47 31.10 31.03 31.46 30.51 27.52 25.33 21.61 22.48 22.92 24.53 25.84 25.92 25.48 25.84 24.60 24.16 24.16 25.92 28.54 27.59 27.52 25.99 25.92 25.40 24.31 22.85 21.61 21.75 20.95 18.32 15.55 13.87 12.63 12.70 14.60 15.99 15.55
15.77 15.55 14.45 12.48 10.80 9.42 6.94 6.86 6.64 6.94 8.76 8.76 9.56 11.17 12.26 12.41 14.82 17.23 15.62 12.12 9.13 9.56 0.00 0.00 0.00 0.00 0.00 0.00 0.00 14.02 17.89 19.71 21.46 21.10 17.37 17.67 20.59 20.59 21.32 20.37 21.24 22.05 29.57 30.37 31.46 28.98 30.30 34.09 32.85 29.86 26.72 26.86 28.03 28.18 27.08 24.45 23.14 24.02 22.56 21.24 19.93 22.41 22.41 26.57 28.54 27.38 25.04 21.10 16.28 16.72 17.30 17.96 17.45 17.74 16.72 15.48 13.72 12.41 12.41 13.14 13.51 13.21 12.70
15.48 15.33 16.57 16.72 15.99 14.45 11.61 10.15 12.63 14.24 13.21 13.21 11.75 14.02 15.84 17.01 19.27 20.66 15.33 9.86 7.81 0.00 0.00 0.00 0.00 0.00 0.00 0.00 0.00 0.00 0.00 0.00 0.00 0.00 0.00 0.00 0.00 0.00 44.68 48.40 43.51 29.64 26.28 25.99 26.21 23.94 26.28 26.43 29.35 30.15 25.19 25.11 26.86 28.47 28.25 26.86 22.56 19.86 16.50 15.77 15.99 17.89 17.89 18.03 19.64 21.53 16.06 13.65 13.14 13.29 11.75 12.19 13.21 14.45 15.26 14.82 13.65 12.26 12.56 12.41 12.92 13.08 14.03
15.48 15.33 16.57 16.72 15.99 14.45 11.61 10.15 12.63 14.24 13.21 13.21 11.75 14.02 15.84 17.01 19.27 20.66 15.33 9.86 7.81 0.00 0.00 0.00 0.00 0.00 0.00 0.00 0.00 0.00 0.00 0.00 0.00 0.00 0.00 0.00 0.00 0.00 44.68 48.40 43.51 29.64 26.28 25.99 26.21 23.94 26.28 26.43 29.35 30.15 25.19 25.11 26.86 28.47 28.25 26.86 22.56 19.86 16.50 15.77 15.99 17.89 17.89 18.03 19.64 21.53 16.06 13.65 13.14 13.29 11.75 12.19 13.21 14.45 15.26 14.82 13.65 14.18 17.32 17.86 17.70 22.22 23.17
12.12 13.51 14.45 15.26 15.77 15.26 12.99 11.61 12.41 13.36 14.16 14.16 14.67 16.86 18.61 18.32 19.05 13.72 10.22 8.47 0.00 0.00 0.00 0.00 0.00 0.00 0.00 0.00 0.00 0.00 0.00 0.00 0.00 0.00 0.00 0.00 0.00 0.00 0.00 0.00 0.00 23.94 24.82 25.70 25.48 25.04 23.51 21.97 22.41 29.20 30.08 27.67 26.65 24.75 24.31 18.03 18.03 16.50 16.28 17.23 17.67 18.32 18.32 16.06 13.58 13.87 13.07 12.41 11.61 10.88 11.61 12.34 12.78 13.14 11.97 11.06 15.07 18.50 20.82 19.47 16.48 22.84 20.31
9.13 9.56 11.39 13.94 16.35 18.32 17.67 14.89 12.85 13.14 16.86 16.86 20.00 19.56 15.70 12.48 10.07 6.86 6.28 0.00 0.00 0.00 0.00 0.00 0.00 0.00 0.00 0.00 0.00 0.00 0.00 0.00 0.00 0.00 0.00 0.00 0.00 0.00 0.00 0.00 0.00 23.94 24.24 25.62 24.02 22.19 20.37 20.51 23.73 25.48 24.53 22.27 17.59 16.43 11.02 10.37 10.15 11.10 12.19 11.46 12.19 13.80 13.80 14.45 14.53 15.77 16.86 15.55 14.60 13.94 14.38 14.16 14.67 15.04 14.44 17.26 18.85 19.68 18.83 23.54 25.01 21.66 19.78
14.02 11.17 7.88 8.10 12.41 17.16 19.20 20.37 17.16 15.33 15.99 15.99 15.33 13.07 9.13 7.30 0.00 0.00 0.00 0.00 0.00 0.00 0.00 0.00 0.00 0.00 0.00 0.00 0.00 0.00 0.00 0.00 0.00 0.00 0.00 0.00 0.00 0.00 0.00 0.00 24.75 24.97 24.24 23.36 21.39 20.95 18.54 14.67 13.29 13.21 11.75 12.12 10.59 7.74 6.50 5.99 6.13 7.01 8.61 9.13 9.78 10.51 10.51 11.17 12.99 13.87 14.67 16.21 16.86 18.25 17.37 17.01 15.70 12.99 12.88 13.27 14.30 20.42 23.98 21.37 20.07 20.00 20.06
14.02 11.17 7.88 8.10 12.41 17.16 19.20 20.37 17.16 15.33 15.99 15.99 15.33 13.07 9.13 7.30 0.00 0.00 0.00 0.00 0.00 0.00 0.00 0.00 0.00 0.00 0.00 0.00 0.00 0.00 0.00 0.00 0.00 0.00 0.00 0.00 0.00 0.00 0.00 0.00 24.75 24.97 24.24 23.36 21.39 20.95 18.54 14.67 13.29 13.21 11.75 12.12 10.59 7.74 6.50 5.99 6.13 7.01 8.61 9.13 9.78 10.51 10.51 11.17 12.99 13.87 14.67 16.21 16.86 18.25 17.37 17.01 15.70 12.99 12.56 13.07 13.87 18.96 21.37 19.79 21.41 20.75 20.06
21.32 17.96 14.16 11.46 7.37 5.84 7.08 10.22 11.39 11.17 7.01 7.01 3.36 0.00 0.00 0.00 0.00 0.00 0.00 0.00 0.00 0.00 0.00 0.00 0.00 0.00 0.00 12.48 0.00 0.00 0.00 0.00 0.00 0.00 0.00 0.00 0.00 0.00 0.00 0.00 22.34 24.24 22.27 22.63 21.61 18.83 13.07 9.56 9.93 11.24 10.00 9.05 8.25 7.52 6.86 6.42 6.42 7.01 8.10 10.00 11.17 12.78 12.78 12.41 12.70 13.43 16.06 16.06 16.79 19.13 18.83 18.83 19.20 16.72 15.18 13.72 13.25 14.41 17.82 18.09 19.18 19.94 18.96
14.67 14.67 14.67 12.92 9.64 7.52 7.81 6.86 4.53 3.36 0.00 0.00 0.00 0.00 0.00 0.00 0.00 0.00 0.00 0.00 0.00 0.00 0.00 0.00 0.00 0.00 15.04 16.57 0.00 17.89 0.00 18.32 19.05 19.71 0.00 0.00 0.00 0.00 0.00 20.44 19.71 20.22 23.43 27.74 22.41 11.39 11.10 10.59 8.91 9.64 8.76 8.10 7.45 7.23 6.86 7.88 9.05 10.66 11.68 12.63 14.31 15.11 15.11 15.99 15.99 16.50 15.77 17.23 19.42 22.92 21.90 20.37 17.74 13.80 14.31 14.19 15.13 14.14 12.82 15.46 16.40 16.24 18.38
17.08 16.72 17.74 18.47 15.11 15.26 14.38 9.93 6.20 1.53 0.00 0.00 0.00 0.00 0.00 0.00 0.00 0.00 0.00 0.00 0.00 0.00 0.00 0.00 0.00 0.00 0.00 0.00 0.00 0.00 0.00 0.00 0.00 0.00 0.00 0.00 17.96 17.96 17.74 18.98 20.81 21.83 24.97 17.59 14.09 12.12 13.14 12.34 10.22 8.98 8.54 7.59 8.98 9.42 10.22 10.59 12.85 14.09 12.85 12.63 14.38 14.67 14.67 15.11 15.26 14.97 14.53 17.67 21.32 22.78 20.81 17.81 14.24 11.02 10.83 13.49 13.02 12.72 13.42 14.71 14.32 14.60 16.07
22.19 25.19 25.33 20.08 17.01 17.89 18.10 15.26 14.45 11.83 7.81 7.81 5.91 4.38 0.00 0.00 0.00 0.00 0.00 0.00 0.00 0.00 0.00 0.00 0.00 0.00 0.00 0.00 0.00 0.00 0.00 0.00 0.00 0.00 0.00 0.00 0.00 0.00 17.16 17.52 15.99 14.31 14.53 12.78 13.36 14.67 12.56 11.90 11.68 11.02 10.73 7.74 9.13 8.98 10.29 10.22 12.05 13.51 12.85 12.56 11.75 12.19 12.19 12.63 10.80 11.39 11.17 13.51 14.82 14.31 14.02 13.29 12.26 12.19 14.24 13.04 15.60 14.50 16.19 12.93 10.62 13.61 10.67
22.19 25.19 25.33 20.08 17.01 17.89 18.10 15.26 14.45 11.83 7.81 7.81 5.91 4.38 0.00 0.00 0.00 0.00 0.00 0.00 0.00 0.00 0.00 0.00 0.00 0.00 0.00 0.00 0.00 0.00 0.00 0.00 0.00 0.00 0.00 0.00 0.00 0.00 17.16 17.52 15.99 14.31 14.53 12.78 13.36 14.67 12.56 11.90 11.68 11.02 10.73 7.74 9.13 8.98 10.29 10.22 12.05 13.51 12.85 12.56 11.75 12.19 12.19 12.63 10.80 11.39 11.17 13.51 14.82 14.31 14.02 13.29 12.26 14.97 13.35 14.18 14.00 17.94 16.43 14.29 10.83 12.27 10.32
18.32 20.66 21.39 19.35 14.97 12.12 12.05 10.59 10.95 14.31 12.92 12.92 11.97 10.37 0.00 0.00 0.00 0.00 0.00 0.00 0.00 0.00 0.00 0.00 0.00 0.00 0.00 0.00 0.00 0.00 0.00 0.00 0.00 0.00 0.00 0.00 0.00 0.00 17.16 14.45 11.97 13.36 15.40 16.72 18.18 14.09 11.53 11.68 11.75 11.90 11.17 10.73 10.73 10.15 10.22 10.15 11.10 11.46 10.51 11.10 9.78 9.13 9.13 9.71 8.83 8.61 7.23 7.52 7.88 8.83 10.07 10.95 13.24 14.00 14.87 12.76 13.16 17.01 16.47 12.84 10.97 14.71 10.95
17.74 17.08 19.71 24.38 23.73 18.47 14.82 13.29 10.22 8.91 8.69 8.69 8.47 9.42 0.00 0.00 0.00 0.00 0.00 0.00 0.00 0.00 0.00 0.00 0.00 0.00 0.00 0.00 0.00 0.00 0.00 0.00 0.00 0.00 0.00 0.00 16.64 16.64 17.16 16.35 14.97 14.60 14.24 14.67 11.97 8.32 8.32 9.78 10.15 9.05 8.54 9.86 10.00 9.49 8.98 9.56 10.80 10.66 9.56 8.10 8.76 8.76 8.76 8.69 7.08 5.91 4.67 5.11 5.55 6.20 7.59 9.98 12.09 11.06 10.78 9.40 9.35 11.35 12.15 11.81 8.58 13.01 10.51
15.33 14.89 12.70 15.33 18.54 18.61 20.88 19.78 13.87 10.88 9.42 9.42 10.15 0.00 0.00 0.00 0.00 0.00 0.00 0.00 0.00 0.00 0.00 0.00 0.00 0.00 0.00 0.00 0.00 0.00 0.00 0.00 0.00 0.00 0.00 0.00 15.33 15.33 14.67 14.02 15.91 15.18 13.80 10.37 8.40 9.13 8.32 9.05 9.78 9.34 7.15 8.32 8.98 8.32 7.66 5.91 5.77 6.13 6.35 6.94 9.93 8.61 8.61 8.32 7.01 6.42 6.50 6.13 5.91 5.99 6.42 8.25 10.80 11.68 11.32 12.12 11.39 12.69 16.02 13.63 17.33 12.39 10.59
10.80 8.25 9.05 12.05 12.70 11.75 12.48 12.63 11.90 11.17 10.15 10.15 0.00 0.00 0.00 0.00 0.00 0.00 0.00 0.00 0.00 0.00 0.00 0.00 0.00 0.00 0.00 0.00 0.00 0.00 0.00 0.00 0.00 0.00 0.00 0.00 16.86 16.86 16.72 14.24 10.37 9.86 7.74 6.86 8.91 9.78 11.39 9.86 9.27 7.59 6.79 6.20 6.64 5.69 5.77 4.23 4.89 3.94 5.48 5.04 6.06 6.50 6.50 7.74 9.34 8.32 6.57 6.06 6.72 7.81 9.34 11.24 11.68 12.05 13.36 13.58 12.49 13.43 16.82 13.65 15.95 11.72 10.80
4.82 5.69 7.66 10.95 14.09 13.21 10.44 9.93 10.88 10.51 10.07 10.07 0.00 0.00 0.00 0.00 0.00 0.00 0.00 0.00 0.00 0.00 0.00 0.00 0.00 0.00 0.00 0.00 0.00 0.00 0.00 0.00 0.00 0.00 0.00 17.59 23.94 23.94 13.58 7.96 5.26 4.53 4.53 4.60 7.15 7.08 9.13 9.13 8.61 7.30 6.72 6.28 6.57 6.42 6.50 5.26 5.40 6.13 7.08 5.77 5.84 6.94 6.94 7.81 6.53 6.20 5.99 5.84 8.03 10.37 11.97 12.56 12.70 13.14 13.94 13.29 13.61 14.52 17.90 12.15 14.93 11.52 9.73
4.82 5.69 7.66 10.95 14.09 13.21 10.44 9.93 10.88 10.51 10.07 10.07 0.00 0.00 0.00 0.00 0.00 0.00 0.00 0.00 0.00 0.00 0.00 0.00 0.00 0.00 0.00 0.00 0.00 0.00 0.00 0.00 0.00 0.00 0.00 17.59 23.94 23.94 13.58 7.96 5.26 4.53 4.53 4.60 7.15 7.08 9.13 9.13 8.61 7.30 6.72 6.28 6.57 6.42 6.50 5.26 5.40 6.13 7.08 5.77 5.84 6.94 6.94 7.81 6.53 6.20 5.99 5.84 8.03 10.37 11.97 12.56 12.70 13.14 13.94 13.29 13.07 14.60 13.90 10.69 12.50 13.40 11.90
4.09 4.60 6.86 10.15 11.68 11.53 10.66 11.61 14.09 15.04 0.00 0.00 0.00 0.00 0.00 0.00 0.00 0.00 0.00 0.00 0.00 0.00 0.00 0.00 0.00 0.00 0.00 0.00 0.00 0.00 0.00 0.00 0.00 0.00 0.00 8.83 6.94 6.94 3.29 3.29 4.09 3.65 4.16 4.89 5.33 5.77 7.08 8.32 8.32 9.34 9.56 8.40 8.40 8.91 8.83 6.86 6.35 8.83 8.83 7.74 6.72 5.84 5.84 3.80 0.00 3.94 4.74 6.06 8.10 8.61 10.22 11.17 10.59 11.53 13.65 14.97 17.59 15.11 17.90 22.33 19.35 15.17 13.27
4.38 1.83 5.91 9.34 9.05 10.66 10.44 9.64 12.70 0.00 0.00 0.00 0.00 0.00 0.00 0.00 0.00 0.00 0.00 0.00 0.00 0.00 0.00 0.00 0.00 0.00 0.00 0.00 0.00 0.00 0.00 0.00 0.00 0.00 1.97 2.63 2.41 2.41 1.68 2.19 3.87 3.65 2.56 3.14 3.94 5.48 7.15 8.91 8.98 9.93 10.73 9.42 8.61 10.37 8.76 8.32 7.59 7.66 8.32 6.35 4.60 2.99 2.99 0.00 0.00 3.65 5.55 7.30 9.05 8.61 9.49 9.78 7.23 12.34 15.99 18.32 18.87 20.85 18.65 18.76 19.84 17.33 18.37
3.36 0.00 3.50 5.40 7.08 5.91 6.28 8.47 9.27 0.00 0.00 0.00 0.00 0.00 0.00 0.00 0.00 0.00 0.00 0.00 0.00 0.00 0.00 0.00 0.00 0.00 0.00 0.00 0.00 0.00 0.00 0.00 0.00 0.00 3.14 1.83 1.61 1.61 1.97 1.83 2.92 3.21 1.61 2.56 2.12 1.97 1.83 3.65 3.50 4.09 5.55 7.74 9.93 8.32 6.35 7.74 6.86 4.09 3.65 3.94 3.94 0.00 0.00 0.00 0.00 4.38 6.35 8.54 9.42 9.49 10.73 10.80 12.48 15.48 20.75 22.27 22.83 25.44 20.88 14.77 14.79 14.60 13.86
2.41 4.23 4.53 3.80 5.11 3.80 0.00 4.82 14.09 0.00 0.00 0.00 0.00 0.00 0.00 0.00 0.00 0.00 0.00 0.00 0.00 0.00 0.00 0.00 0.00 0.00 0.00 0.00 0.00 0.00 0.00 0.00 0.00 0.00 1.90 0.00 0.58 0.58 2.48 2.04 1.83 3.43 2.85 2.12 1.24 0.00 0.00 0.00 0.00 0.00 0.00 5.99 8.32 7.52 5.18 4.89 4.96 3.65 0.00 5.33 4.09 2.70 2.70 1.10 0.58 1.53 2.77 5.18 6.72 7.37 8.83 10.29 15.55 18.03 21.82 23.76 26.35 22.41 18.44 15.34 11.33 13.34 13.35
2.63 3.58 2.19 0.00 3.72 4.02 0.00 0.00 0.00 8.98 0.00 0.00 0.00 0.00 0.00 0.00 8.91 0.00 0.00 0.00 0.00 0.00 0.00 0.00 0.00 0.00 0.00 0.00 0.00 0.00 0.00 0.00 0.00 3.29 2.92 3.58 0.00 0.00 0.00 0.00 1.83 2.26 3.50 3.07 1.31 0.00 0.00 0.00 0.00 0.00 2.41 3.87 5.11 6.28 4.23 2.99 5.11 4.53 3.43 3.58 3.43 3.14 3.14 2.70 1.53 1.61 2.48 4.74 7.37 8.03 7.96 12.05 16.62 20.72 24.99 25.08 23.03 18.98 17.18 14.72 12.10 11.40 10.93
2.63 3.58 2.19 0.00 3.72 4.02 0.00 0.00 0.00 8.98 0.00 0.00 0.00 0.00 0.00 0.00 8.91 0.00 0.00 0.00 0.00 0.00 0.00 0.00 0.00 0.00 0.00 0.00 0.00 0.00 0.00 0.00 0.00 3.29 2.92 3.58 0.00 0.00 0.00 0.00 1.83 2.26 3.50 3.07 1.31 0.00 0.00 0.00 0.00 0.00 2.41 3.87 5.11 6.28 4.23 2.99 5.11 4.53 3.43 3.58 3.43 3.14 3.14 2.70 1.53 1.61 2.48 4.74 7.37 8.03 7.96 12.05 16.71 20.50 22.60 27.95 24.57 22.14 19.94 14.25 12.64 11.08 11.55
0.95 0.00 0.00 2.92 0.00 0.00 2.34 0.00 0.00 5.55 0.00 0.00 0.00 3.72 3.36 0.00 4.09 5.40 6.50 5.11 3.80 5.69 5.77 0.00 0.00 0.00 0.00 0.00 0.00 0.00 0.00 0.00 0.00 5.18 5.11 4.09 2.77 2.77 1.53 2.92 1.97 0.00 2.63 3.21 2.41 2.63 1.97 0.00 0.00 1.10 1.39 0.00 2.48 4.96 4.74 4.89 4.67 3.80 3.72 3.94 3.87 1.24 1.25 0.07 0.00 0.00 2.77 5.04 6.06 7.59 10.78 15.78 21.83 23.82 29.29 31.67 23.36 17.12 14.73 11.97 13.51 10.77 9.43
1.53 2.85 3.43 0.00 0.00 0.00 0.00 0.00 4.96 0.00 0.00 0.00 0.00 4.02 0.00 2.99 3.87 5.48 8.10 10.88 12.12 8.91 4.96 3.07 0.00 0.00 0.00 3.72 3.07 0.00 0.00 0.00 4.23 4.96 3.50 3.43 4.67 4.67 0.00 2.70 1.46 2.12 2.92 3.94 2.85 2.41 3.21 3.80 2.92 2.77 1.31 0.00 0.00 1.83 1.17 1.17 0.00 0.00 0.00 0.00 0.00 1.10 1.10 0.88 0.00 0.00 2.92 4.45 7.59 9.64 13.72 18.03 25.70 29.05 29.02 28.20 17.68 8.06 6.86 5.33 6.05 6.81 5.80
5.04 3.43 2.99 0.00 0.00 0.00 0.00 0.00 5.55 6.94 0.00 0.00 5.77 4.38 3.14 0.00 3.36 4.53 8.76 13.36 15.04 11.39 4.38 2.12 3.43 6.06 4.45 2.04 2.92 0.00 0.00 0.00 0.00 0.00 0.00 0.00 0.00 0.00 3.50 0.00 5.04 6.42 5.33 5.99 5.99 3.36 4.09 4.31 3.14 0.00 0.00 0.00 0.00 0.00 0.00 1.75 0.00 0.00 0.00 0.00 0.00 1.61 1.61 1.10 0.00 1.02 0.00 4.23 8.18 13.58 17.01 18.54 22.34 25.30 25.20 16.19 8.39 3.65 4.16 5.24 6.27 5.12 3.63
7.15 3.87 3.07 4.23 3.14 0.00 0.00 0.00 7.37 9.27 7.74 7.74 4.31 0.00 3.43 3.14 3.36 7.23 11.32 13.58 11.75 11.02 9.20 6.57 5.62 5.91 4.53 0.00 0.00 4.82 0.00 0.00 0.00 0.00 0.00 3.07 4.82 4.82 5.55 5.26 6.20 6.94 6.06 5.40 5.48 4.38 3.29 2.56 3.65 0.00 0.00 0.00 3.72 0.00 3.50 2.92 0.00 0.00 0.00 0.00 0.00 0.44 0.44 0.00 0.00 0.00 4.67 5.62 7.52 13.29 17.52 19.35 20.37 23.96 17.54 7.62 5.28 3.77 4.97 4.74 4.24 3.17 2.41
5.55 4.53 3.65 2.34 0.00 4.60 6.06 5.69 6.79 5.62 3.94 3.94 2.56 3.72 5.55 7.45 7.52 7.96 9.78 9.78 11.90 11.90 11.02 9.27 7.96 5.55 3.65 2.56 0.00 4.02 3.58 0.00 3.43 4.60 5.99 5.26 5.40 5.40 5.77 5.55 5.62 5.11 5.26 5.84 5.84 6.13 5.26 4.31 4.23 4.67 3.87 3.14 0.00 0.00 1.75 0.00 0.00 0.00 3.07 3.29 1.97 3.65 3.65 5.11 3.65 3.94 5.11 4.96 7.08 15.62 19.64 18.47 23.80 17.30 7.62 2.39 3.25 3.30 4.05 3.57 3.36 1.24 1.31
3.72 1.97 2.04 5.40 0.00 0.00 0.00 4.45 3.50 0.00 1.46 1.46 0.00 2.34 5.33 8.47 10.59 8.91 7.15 6.28 6.20 7.37 11.10 12.63 11.32 6.06 1.83 0.00 2.19 4.38 2.92 0.00 0.00 0.00 3.43 0.00 4.96 4.96 3.36 3.21 4.09 4.82 5.69 6.06 5.04 5.84 6.42 6.94 7.45 6.94 5.99 5.99 2.19 0.00 0.00 0.00 0.00 3.50 4.82 7.52 6.94 5.48 5.48 4.02 4.02 2.04 3.21 4.82 8.98 19.13 22.41 21.32 16.72 10.78 3.72 1.49 1.77 1.87 2.83 1.47 0.87 1.01 0.00
3.72 1.97 2.04 5.40 0.00 0.00 0.00 4.45 3.50 0.00 1.46 1.46 0.00 2.34 5.33 8.47 10.59 8.91 7.15 6.28 6.20 7.37 11.10 12.63 11.32 6.06 1.83 0.00 2.19 4.38 2.92 0.00 0.00 0.00 3.43 0.00 4.96 4.96 3.36 3.21 4.09 4.82 5.69 6.06 5.04 5.84 6.42 6.94 7.45 6.94 5.99 5.99 2.19 0.00 0.00 0.00 0.00 3.50 4.82 7.52 6.94 5.48 5.48 4.02 4.02 2.04 3.21 4.82 8.98 19.13 22.41 21.32 16.72 10.73 3.67 1.47 1.77 1.96 2.52 1.41 0.85 1.07 0.00
0.00 1.10 1.17 0.00 0.00 2.56 2.85 0.00 3.07 0.00 2.34 2.34 0.00 2.56 4.89 4.89 4.67 3.94 3.14 0.00 4.96 5.33 7.30 7.45 6.20 4.23 3.50 0.00 0.00 2.04 0.00 0.00 0.00 0.00 0.00 3.50 0.00 0.00 2.56 3.58 3.58 5.26 8.03 7.59 5.62 7.59 9.78 11.46 12.19 10.80 8.76 6.79 5.18 7.01 9.49 10.44 10.00 9.64 5.55 6.13 5.99 1.83 1.83 3.36 0.00 4.67 7.74 10.95 15.55 19.71 21.97 15.11 13.14 5.55 1.97 2.43 1.83 1.52 1.61 1.76 0.84 1.12 1.11
