Wansh/Snow_depth/snowdepth-1985/winter/1986008.txt
ncols 321
nrows 161
xllcenter 60
yllcenter 15 
cellsize  0.25 
NODATA_value -1
[rows 0 to 36 of 161, columns 83 to 165 of 321]
20.37 20.00 21.10 19.78 19.93 20.29 17.52 13.21 11.90 12.85 15.62 16.43 16.57 16.64 18.32 20.88 14.97 15.33 16.28 16.28 0.00 0.00 0.00 0.00 0.00 0.00 0.00 0.00 0.00 0.00 0.00 4.96 8.47 10.37 10.07 9.42 8.61 8.40 5.26 7.74 5.99 8.69 7.52 4.02 4.02 4.16 6.42 6.06 5.69 6.94 8.69 11.24 10.07 8.25 7.01 6.57 7.81 7.52 7.08 6.20 5.33 6.13 6.35 5.77 5.62 4.82 5.40 7.01 8.03 8.03 8.40 8.98 10.66 11.02 11.61 12.26 13.29 12.85 13.36 14.38 14.16 12.70 11.17
19.42 18.91 18.91 18.76 20.29 17.96 14.09 11.75 12.05 13.14 15.04 13.65 10.07 9.86 16.06 7.59 9.78 13.07 0.00 0.00 0.00 0.00 0.00 0.00 0.00 5.04 2.85 2.48 2.26 0.00 3.72 4.53 7.01 10.37 7.88 6.94 6.06 5.69 3.43 3.80 6.42 8.91 12.63 12.12 12.12 8.61 6.13 5.84 5.26 5.04 5.11 5.62 6.94 8.18 7.59 7.81 8.83 9.05 7.74 6.42 6.79 6.72 6.86 6.86 8.83 7.59 7.96 8.03 10.37 10.37 11.02 10.15 10.15 9.78 10.95 13.43 15.33 15.77 14.09 17.16 16.43 15.77 14.45
18.98 18.40 18.25 16.86 14.24 12.70 12.19 14.67 16.21 16.43 16.13 16.43 15.77 11.61 7.52 5.33 5.69 8.54 11.17 11.17 11.02 0.00 0.00 0.00 12.63 7.81 4.60 2.34 1.39 4.09 3.87 4.16 2.41 8.98 8.98 8.61 7.08 6.57 6.42 6.42 5.91 7.52 8.54 11.90 11.90 13.65 12.05 8.83 7.08 7.01 5.99 5.55 4.31 4.96 6.79 9.49 10.51 11.68 12.48 12.56 11.68 11.32 11.97 10.73 9.71 9.78 10.29 12.34 14.24 14.24 14.16 12.34 10.15 8.32 9.05 11.75 13.29 12.26 11.97 14.02 14.67 16.64 13.51
18.98 18.40 18.25 16.86 14.24 12.70 12.19 14.67 16.21 16.43 16.13 16.43 15.77 11.61 7.52 5.33 5.69 8.54 11.17 11.17 11.02 0.00 0.00 0.00 12.63 7.81 4.60 2.34 1.39 4.09 3.87 4.16 2.41 8.98 8.98 8.61 7.08 6.57 6.42 6.42 5.91 7.52 8.54 11.90 11.90 13.65 12.05 8.83 7.08 7.01 5.99 5.55 4.31 4.96 6.79 9.49 10.51 11.68 12.48 12.56 11.68 11.32 11.97 10.73 9.71 9.78 10.29 12.34 14.24 14.24 14.16 12.34 10.15 8.32 9.05 11.75 13.29 12.26 11.97 14.02 14.67 16.64 13.51
14.16 11.53 9.34 9.34 11.10 13.36 14.60 14.97 16.43 16.72 16.35 14.89 15.26 0.00 0.00 10.00 7.52 5.84 5.11 5.11 4.96 7.01 10.51 12.78 12.19 9.49 6.50 5.18 4.60 5.48 5.84 4.45 3.50 9.93 11.53 14.75 10.95 8.47 7.88 4.53 2.63 3.36 5.11 8.83 8.83 12.41 14.38 0.00 0.00 8.61 7.81 5.62 4.67 4.38 3.87 4.23 6.13 7.88 9.78 10.73 12.85 13.29 12.85 13.21 14.16 14.02 14.45 14.38 14.75 14.75 14.60 13.36 13.36 11.24 8.76 9.64 11.10 13.29 15.55 18.03 17.74 13.94 14.67
18.25 14.60 11.39 0.00 0.00 9.42 8.76 8.83 9.64 11.17 12.34 13.36 0.00 0.00 0.00 0.00 0.00 0.00 0.00 0.00 0.00 5.33 5.69 9.93 12.05 11.24 8.10 6.50 5.99 5.11 3.87 3.58 7.81 8.32 9.20 10.07 9.13 6.57 5.91 3.94 3.80 3.80 4.96 6.28 6.28 7.74 10.15 0.00 12.48 11.46 7.74 5.55 5.11 4.89 5.84 6.06 6.35 7.59 8.25 9.78 11.68 13.43 16.13 18.25 19.93 19.27 16.86 16.43 15.70 15.70 15.40 15.99 16.94 16.86 14.53 12.12 10.73 11.24 14.16 17.16 14.02 14.38 14.60
15.55 13.21 0.00 0.00 0.00 0.00 0.00 11.53 10.51 10.66 10.51 0.00 0.00 0.00 12.78 12.63 0.00 0.00 0.00 0.00 11.17 10.88 7.37 7.15 8.10 8.47 6.94 5.11 5.04 4.82 3.87 2.77 5.91 5.40 0.00 8.47 9.56 7.81 4.67 3.94 4.23 3.36 4.60 6.72 6.72 8.98 9.93 10.73 0.00 9.34 7.37 6.35 5.84 5.62 7.30 9.34 10.51 11.32 11.17 11.02 12.56 14.53 18.61 21.10 20.51 19.78 19.35 19.35 18.54 18.54 17.89 17.67 20.59 22.27 20.51 17.37 17.01 14.38 8.61 12.12 12.19 14.02 16.06
15.55 13.21 0.00 0.00 0.00 0.00 0.00 11.53 10.51 10.66 10.51 0.00 0.00 0.00 12.78 12.63 0.00 0.00 0.00 0.00 11.17 10.88 7.37 7.15 8.10 8.47 6.94 5.11 5.04 4.82 3.87 2.77 5.91 5.40 0.00 8.47 9.56 7.81 4.67 3.94 4.23 3.36 4.60 6.72 6.72 8.98 9.93 10.73 0.00 9.34 7.37 6.35 5.84 5.62 7.30 9.34 10.51 11.32 11.17 11.02 12.56 14.53 18.61 21.10 20.51 19.78 19.35 19.35 18.54 18.54 17.89 17.67 20.59 22.27 20.51 17.37 17.01 14.38 8.61 12.12 12.19 14.02 16.06
0.00 0.00 0.00 0.00 11.61 12.92 13.14 10.51 10.29 11.24 8.40 5.40 4.53 5.84 8.47 12.92 13.51 0.00 0.00 0.00 0.00 12.92 11.90 9.20 6.72 5.18 5.18 4.89 5.33 5.99 4.89 0.00 0.00 0.00 0.00 11.46 12.19 0.00 7.08 5.91 5.26 4.67 5.33 6.13 6.13 7.45 6.94 7.96 0.00 6.13 7.59 7.74 8.10 8.03 8.10 8.69 9.49 8.76 10.37 11.17 12.26 14.24 16.28 16.50 16.86 17.81 17.59 18.40 19.86 19.86 20.66 21.83 24.09 22.56 20.95 19.64 18.18 17.16 16.50 15.33 13.58 11.02 11.39
0.00 0.00 0.00 0.00 0.00 0.00 12.34 8.40 7.01 9.42 9.34 7.23 5.48 5.55 6.64 9.78 10.66 11.97 11.68 11.68 14.16 13.21 11.39 7.08 5.77 4.53 5.26 5.99 5.77 6.20 6.13 5.84 5.99 5.77 10.29 10.59 10.00 8.47 7.81 6.13 5.84 7.08 6.20 5.33 5.33 6.20 6.20 6.57 8.61 9.78 11.83 13.14 12.85 12.12 11.10 10.51 10.51 10.73 10.29 9.86 10.66 11.02 12.41 11.68 10.22 14.53 14.82 14.67 13.87 13.87 13.94 16.57 19.71 18.40 16.35 17.89 19.35 26.79 25.26 21.97 17.45 13.80 10.66
12.70 0.00 0.00 0.00 10.00 11.02 10.95 8.25 8.32 10.15 9.05 6.06 6.13 6.50 7.30 7.52 10.59 12.05 11.68 11.68 12.48 11.39 9.42 5.69 4.96 3.43 5.18 5.99 5.55 4.74 3.94 5.11 5.40 6.20 7.52 9.13 9.64 9.86 8.69 7.01 7.45 7.96 8.47 8.25 8.25 9.05 8.47 11.17 10.22 10.29 10.07 10.44 11.24 11.32 10.15 9.93 10.80 12.48 13.29 12.34 9.93 10.00 10.73 11.32 12.34 14.45 16.50 18.61 20.73 20.73 21.46 20.29 19.56 18.83 17.16 16.13 25.40 30.73 30.66 27.67 20.73 17.96 15.40
12.70 0.00 0.00 0.00 10.00 11.02 10.95 8.25 8.32 10.15 9.05 6.06 6.13 6.50 7.30 7.52 10.59 12.05 11.68 11.68 12.48 11.39 9.42 5.69 4.96 3.43 5.18 5.99 5.55 4.74 3.94 5.11 5.40 6.20 7.52 9.13 9.64 9.86 8.69 7.01 7.45 7.96 8.47 8.25 8.25 9.05 8.47 11.17 10.22 10.29 10.07 10.44 11.24 11.32 10.15 9.93 10.80 12.48 13.29 12.34 9.93 10.00 10.73 11.32 12.34 14.45 16.50 18.61 20.73 20.73 21.46 20.29 19.56 18.83 17.16 16.13 25.40 30.73 30.66 27.67 20.73 17.96 15.40
9.56 11.10 10.80 8.69 8.03 10.66 11.68 10.07 10.66 10.00 9.49 9.78 9.42 9.20 10.73 12.63 14.82 17.74 17.81 17.81 14.97 12.85 11.75 7.96 7.08 5.77 5.26 5.26 4.82 4.67 7.30 7.59 7.81 9.78 9.56 10.00 11.75 11.24 10.07 9.05 10.66 10.07 10.22 9.71 9.71 8.91 8.69 10.22 10.73 11.17 11.75 12.05 11.10 11.02 10.66 11.10 13.94 17.52 20.08 19.42 15.55 13.43 13.29 12.99 12.05 12.26 11.90 15.33 18.98 18.98 19.71 21.02 21.68 20.81 19.71 18.10 29.20 30.37 32.49 31.68 28.03 23.36 21.17
10.07 11.68 9.64 7.01 10.07 11.97 14.02 12.19 11.75 11.75 10.66 8.83 10.66 13.72 15.40 14.82 14.02 17.08 17.81 17.81 13.87 12.63 11.46 10.66 9.56 8.18 7.66 7.81 7.08 7.74 10.80 14.38 15.55 17.08 14.75 14.60 17.45 15.91 12.63 10.88 10.88 10.73 9.71 9.78 9.78 9.86 11.53 14.09 14.53 13.43 12.41 11.97 12.05 10.80 10.80 10.66 11.61 14.82 16.06 14.45 15.55 15.77 16.13 16.21 15.40 14.60 14.16 16.21 17.37 17.37 20.88 23.87 19.78 19.64 20.37 23.00 25.84 25.19 28.25 23.36 23.73 18.76 15.40
11.53 10.15 7.45 9.86 11.53 12.12 9.86 9.27 9.05 10.44 13.58 13.51 11.39 15.11 18.10 18.54 18.32 15.48 14.24 14.24 12.26 12.19 12.41 9.93 8.40 6.57 7.30 10.66 12.12 16.72 14.89 20.44 22.48 21.02 17.30 16.43 12.05 8.98 10.00 8.98 9.71 10.37 12.41 13.94 13.94 13.72 12.78 14.38 15.18 15.84 17.89 15.40 13.51 13.72 13.14 12.99 14.16 15.48 14.82 10.22 11.53 13.07 12.34 12.12 13.80 14.67 13.58 13.87 14.45 14.45 17.45 17.67 17.45 14.31 10.37 16.28 15.40 9.93 2.41 9.05 18.25 24.82 20.29
14.09 11.97 12.92 14.60 13.80 10.80 5.55 5.77 8.40 8.76 9.71 11.53 11.10 12.85 14.60 14.53 15.18 15.04 13.58 13.58 12.70 9.42 10.22 11.97 13.36 13.21 11.39 9.64 11.02 15.77 18.54 21.68 21.53 15.99 14.67 11.90 7.74 6.57 7.96 9.42 10.29 11.10 12.63 14.97 14.97 13.51 12.56 11.46 12.34 12.99 15.11 15.48 13.36 13.87 16.64 17.81 18.03 17.45 15.62 12.56 11.75 11.90 10.73 10.00 10.80 12.70 15.33 17.16 18.54 18.54 18.98 19.20 17.74 9.34 11.10 16.79 17.89 9.42 0.00 0.00 23.94 26.57 23.21
14.09 11.97 12.92 14.60 13.80 10.80 5.55 5.77 8.40 8.76 9.71 11.53 11.10 12.85 14.60 14.53 15.18 15.04 13.58 13.58 12.70 9.42 10.22 11.97 13.36 13.21 11.39 9.64 11.02 15.77 18.54 21.68 21.53 15.99 14.67 11.90 7.74 6.57 7.96 9.42 10.29 11.10 12.63 14.97 14.97 13.51 12.56 11.46 12.34 12.99 15.11 15.48 13.36 13.87 16.64 17.81 18.03 17.45 15.62 12.56 11.75 11.90 10.73 10.00 10.80 12.70 15.33 17.16 18.54 18.54 18.98 19.20 17.74 9.34 11.10 16.79 17.89 9.42 0.00 0.00 23.94 26.57 23.21
13.94 12.34 13.29 14.60 15.04 12.56 5.40 2.70 3.80 4.82 7.37 8.91 10.29 11.97 13.29 14.02 14.89 15.70 14.02 14.02 12.12 10.29 7.74 8.91 11.61 13.29 13.14 11.97 11.32 9.71 14.16 16.72 16.06 17.16 14.24 10.07 6.42 6.42 8.98 9.78 12.12 13.07 13.21 13.29 13.29 12.70 13.14 13.43 13.51 13.72 14.75 14.75 13.14 13.14 15.18 16.35 15.18 14.45 12.63 10.88 12.34 15.77 15.77 12.41 10.73 13.21 15.70 18.47 20.51 20.51 21.24 19.49 15.40 16.57 24.67 22.85 17.74 0.00 0.00 14.89 20.44 16.94 16.43
10.95 13.36 13.65 14.75 14.16 12.56 10.80 9.34 5.18 3.65 6.35 6.94 8.32 13.58 17.23 16.72 16.64 16.57 13.29 13.29 12.56 10.66 8.69 8.32 9.42 11.02 13.51 14.09 16.57 15.04 16.64 18.18 20.15 20.44 20.44 16.35 12.92 10.59 11.32 11.97 12.78 12.34 12.78 13.51 13.51 11.97 11.10 10.44 9.13 9.86 10.44 11.32 11.90 12.12 12.34 13.36 13.72 13.14 12.78 15.18 16.79 19.27 21.39 19.71 15.84 16.57 16.35 18.32 23.29 23.29 22.70 23.29 17.30 17.67 18.83 17.30 11.10 6.06 7.74 12.19 14.45 15.26 16.94
9.27 12.78 14.53 14.82 14.45 14.38 13.72 12.12 8.40 6.20 7.88 7.96 7.81 10.44 11.75 12.92 15.48 16.21 16.72 16.72 17.74 16.21 13.58 10.88 9.78 13.14 14.53 17.08 18.32 17.37 16.13 17.89 18.69 17.81 16.50 15.40 12.26 9.93 10.51 10.59 7.96 8.91 12.12 15.62 15.62 15.91 13.43 9.27 9.42 12.34 14.89 18.69 18.18 15.77 13.65 13.29 13.58 13.58 13.29 14.45 17.30 21.02 22.41 21.61 19.35 19.27 20.22 24.31 25.48 25.48 22.78 12.41 12.63 12.48 11.24 10.15 6.72 6.35 9.05 10.44 12.34 14.38 14.82
5.33 9.56 12.85 15.18 15.04 14.89 16.57 14.24 9.13 6.86 9.05 9.56 9.64 10.00 9.27 8.83 8.83 9.93 9.71 9.71 14.31 14.09 13.51 13.58 13.94 15.18 16.28 17.45 16.50 14.24 14.38 14.24 14.45 16.28 13.80 8.47 5.91 6.20 6.72 7.08 8.10 8.91 12.26 17.81 17.81 19.64 20.29 17.37 18.03 20.08 21.32 21.39 21.90 20.22 18.32 19.93 20.37 17.16 14.89 15.33 15.55 15.33 16.13 17.67 18.10 20.51 21.75 21.10 20.66 20.66 10.73 7.01 7.37 8.18 6.57 5.91 4.67 4.74 6.50 7.45 8.25 10.44 12.63
7.52 9.42 11.02 13.87 13.65 12.56 13.07 14.02 13.87 11.83 13.21 15.26 17.45 18.61 16.94 12.12 11.46 11.97 11.83 11.83 12.99 14.38 13.94 16.13 18.32 20.59 26.43 22.85 23.21 18.83 15.48 12.92 12.56 12.85 10.22 7.01 2.63 0.00 0.00 5.69 8.25 8.25 4.96 9.49 9.49 12.78 12.48 11.46 12.78 15.70 17.81 18.76 19.35 21.17 23.07 26.43 25.26 21.83 17.89 15.70 16.35 15.48 14.82 17.23 18.76 20.29 20.15 20.29 19.42 19.42 10.00 8.91 7.23 5.48 4.89 2.85 3.07 3.80 4.31 4.82 6.42 8.54 7.23
7.52 9.42 11.02 13.87 13.65 12.56 13.07 14.02 13.87 11.83 13.21 15.26 17.45 18.61 16.94 12.12 11.46 11.97 11.83 11.83 12.99 14.38 13.94 16.13 18.32 20.59 26.43 22.85 23.21 18.83 15.48 12.92 12.56 12.85 10.22 7.01 2.63 0.00 0.00 5.69 8.25 8.25 4.96 9.49 9.49 12.78 12.48 11.46 12.78 15.70 17.81 18.76 19.35 21.17 23.07 26.43 25.26 21.83 17.89 15.70 16.35 15.48 14.82 17.23 18.76 20.29 20.15 20.29 19.42 19.42 10.00 8.91 7.23 5.48 4.89 2.85 3.07 3.80 4.31 4.82 6.42 8.54 7.23
6.42 6.06 9.34 11.02 10.59 10.37 9.93 12.63 15.62 14.97 15.55 17.01 17.37 18.61 19.20 18.54 18.03 17.81 14.38 14.38 14.38 14.97 15.40 16.79 20.66 23.00 26.06 27.81 26.50 18.98 14.16 9.93 8.61 5.55 4.96 4.09 2.34 0.00 0.00 0.00 2.04 4.53 3.65 4.67 4.67 5.99 4.53 4.96 4.82 5.91 6.94 7.15 10.00 11.75 14.24 13.58 14.67 13.21 10.29 9.86 11.90 14.67 14.97 15.99 19.64 20.37 20.44 20.22 15.91 15.91 17.30 17.37 13.21 7.37 6.86 5.91 4.31 4.31 3.29 2.92 4.82 6.79 6.72
5.91 7.96 10.73 12.26 13.36 14.02 15.04 16.79 18.69 19.78 18.25 16.79 17.74 17.16 19.78 18.69 16.79 16.35 16.79 16.79 17.23 18.61 20.22 18.76 18.47 15.19 17.67 19.69 19.71 19.20 13.58 9.86 7.30 5.69 4.96 3.58 1.75 0.00 3.65 4.67 4.09 4.02 3.21 3.07 3.07 0.00 0.00 0.00 0.00 1.53 0.00 0.00 3.29 5.40 6.57 7.23 6.94 6.06 5.04 7.45 9.93 11.53 12.70 15.11 17.45 18.83 20.81 18.32 17.96 17.96 19.27 19.27 17.01 12.12 10.59 7.59 6.13 5.55 4.16 4.16 6.13 7.30 5.99
6.86 9.27 14.24 18.91 16.94 18.10 19.05 0.00 19.05 20.44 19.27 16.21 15.91 15.11 14.67 15.70 17.45 17.08 19.20 19.20 19.27 21.32 24.75 24.09 21.55 27.90 22.94 22.56 24.68 24.89 18.76 14.02 9.56 7.59 5.48 3.94 2.26 1.75 3.58 5.11 3.80 0.00 0.00 2.41 2.41 4.31 0.00 0.00 0.00 0.00 0.00 0.00 0.00 0.00 0.00 0.00 0.22 1.90 0.00 6.57 12.26 15.77 17.23 18.32 19.93 18.47 15.55 17.08 17.81 17.81 17.37 16.13 12.19 9.71 8.47 6.42 5.62 5.26 4.82 5.55 5.91 4.16 3.50
8.91 9.05 10.59 11.68 11.83 13.65 14.97 14.31 14.45 14.16 12.26 13.07 12.05 9.05 9.05 13.80 16.43 18.47 20.15 20.15 21.10 21.97 21.64 25.21 25.66 25.12 25.57 28.74 23.82 22.80 20.04 15.77 15.55 12.19 8.25 6.13 4.31 3.50 3.94 5.48 6.42 5.33 2.92 0.00 0.00 2.04 0.00 0.00 4.38 0.00 0.00 0.00 0.00 0.00 0.00 0.00 0.00 0.00 0.00 0.00 10.22 15.84 15.55 16.28 17.52 18.10 18.91 21.90 22.19 22.19 20.73 19.13 16.50 14.89 13.94 10.29 8.61 6.64 5.40 4.82 4.38 3.87 5.33
10.07 10.22 11.17 10.66 7.59 5.84 6.20 8.91 9.05 3.72 2.99 3.29 5.33 5.91 7.59 10.95 13.14 14.09 14.38 14.38 16.51 17.33 18.45 20.47 21.75 23.94 26.57 26.19 26.58 28.41 28.02 24.58 24.31 22.63 18.47 15.33 12.34 7.74 5.99 2.85 1.83 2.92 0.00 0.00 0.00 0.00 0.00 0.00 0.00 0.00 0.00 0.00 0.00 0.00 0.00 0.00 0.00 0.00 0.00 0.00 10.29 14.45 16.21 17.52 16.94 18.32 21.32 23.00 23.36 23.36 23.00 20.08 21.39 18.10 16.72 12.99 10.95 7.01 5.33 7.74 4.23 3.65 4.23
10.07 10.22 11.17 10.66 7.59 5.84 6.20 8.91 9.05 3.72 2.99 3.29 5.33 5.91 7.59 10.95 13.14 14.09 14.38 14.45 17.05 17.59 19.76 19.96 22.31 23.58 26.57 25.40 24.70 26.55 28.45 24.83 25.32 25.43 19.54 15.72 12.34 7.74 5.99 2.85 1.83 2.92 0.00 0.00 0.00 0.00 0.00 0.00 0.00 0.00 0.00 0.00 0.00 0.00 0.00 0.00 0.00 0.00 0.00 0.00 10.29 14.45 16.21 17.52 16.94 18.32 21.32 23.00 23.36 23.36 23.00 20.08 21.39 18.10 16.72 12.99 10.95 7.01 5.33 7.74 4.23 3.65 4.23
12.56 13.21 12.92 11.17 9.56 9.27 6.13 3.36 6.06 5.69 2.19 0.00 0.00 0.00 7.66 11.17 14.45 16.50 16.64 16.64 14.24 11.83 10.59 11.23 14.75 17.59 21.83 26.62 25.90 27.08 26.12 22.78 21.79 27.08 28.35 21.60 17.25 12.02 10.66 7.74 3.72 2.34 2.56 0.00 0.00 0.00 0.00 0.00 0.00 0.00 0.00 0.00 0.00 0.00 0.00 0.00 2.12 0.00 0.00 2.48 7.23 12.56 12.99 17.01 22.12 20.73 20.22 20.00 17.96 17.96 17.23 17.45 15.84 14.38 11.97 9.34 8.69 6.42 4.45 4.67 2.70 1.90 0.88
11.39 12.26 9.78 8.98 7.45 9.27 8.83 8.83 12.12 13.65 10.66 9.71 9.20 7.74 8.25 11.46 15.26 17.16 16.28 16.28 12.62 8.91 6.16 6.50 11.68 10.71 12.45 15.26 20.58 27.41 28.02 24.09 21.75 21.46 25.89 27.16 25.41 19.64 14.38 11.17 6.72 3.50 2.19 2.19 2.19 2.92 1.90 1.68 2.56 2.77 0.00 0.00 0.00 0.00 0.00 0.00 0.00 0.00 0.00 0.00 5.99 6.94 10.59 14.16 20.08 19.13 16.50 16.43 15.33 15.33 12.26 12.26 8.32 6.94 7.23 7.66 5.11 3.65 2.48 2.70 2.77 3.80 3.72
8.76 11.53 13.21 13.14 11.83 9.93 7.88 9.20 10.88 10.80 11.17 14.89 11.17 8.98 7.96 9.27 11.39 12.34 10.66 10.66 8.61 8.47 7.81 8.61 9.42 7.66 6.13 7.15 8.55 16.22 23.44 24.53 25.62 25.62 23.65 24.74 25.81 25.51 19.86 17.45 16.35 12.19 7.01 4.16 4.16 3.72 3.29 2.70 3.36 2.63 0.00 0.00 0.00 0.00 0.00 0.00 0.00 0.00 0.00 0.00 0.00 6.64 9.71 16.79 16.72 14.24 11.75 12.78 10.88 10.88 7.88 5.84 4.89 2.85 3.65 2.70 4.23 4.31 4.67 5.26 4.89 6.64 7.74
7.81 10.51 12.78 14.45 13.58 14.02 15.70 17.59 20.44 21.46 18.25 14.09 12.19 11.83 10.07 10.44 11.46 8.98 6.28 6.28 6.06 5.77 5.11 7.74 8.03 5.91 4.45 0.00 0.00 10.15 17.08 19.71 23.58 28.32 27.08 26.65 28.18 27.05 25.27 23.09 19.98 14.97 9.05 5.48 5.48 3.29 2.19 2.19 1.90 2.92 0.00 0.00 0.00 2.92 2.70 0.00 0.00 0.00 2.12 3.36 0.00 0.00 9.05 9.64 6.79 6.13 5.77 5.62 4.89 4.89 3.58 0.00 0.00 0.00 2.92 2.48 3.36 4.89 6.86 6.64 6.94 7.45 7.66
5.48 8.25 10.80 12.99 12.26 0.00 14.89 0.00 0.00 22.12 22.85 19.78 16.13 13.80 12.63 10.15 8.40 6.13 4.45 4.45 4.16 3.43 11.61 10.73 7.23 8.03 5.77 0.00 4.94 6.86 10.15 12.63 16.43 19.05 23.43 24.67 25.70 26.79 24.89 24.01 21.56 17.75 14.89 10.66 10.66 7.96 5.91 4.16 3.87 3.36 2.12 2.26 2.99 0.00 3.94 3.58 3.14 4.53 7.30 6.35 4.89 5.18 6.50 4.23 0.00 0.00 0.00 0.00 0.00 0.00 0.00 0.00 0.00 0.00 0.00 0.00 0.00 1.83 3.21 4.53 4.23 5.62 5.77
4.02 3.21 5.77 8.61 10.44 0.00 0.00 14.02 11.17 9.96 12.56 16.50 14.97 12.99 10.59 6.50 5.18 0.00 1.97 1.97 3.07 2.92 0.00 0.00 6.42 7.52 7.08 6.50 0.00 7.26 9.15 8.70 8.88 10.99 13.87 14.38 14.31 18.10 21.16 20.73 19.64 17.33 15.26 12.99 12.99 10.59 8.25 6.13 5.40 5.18 3.72 0.00 0.00 0.00 0.00 2.19 0.00 4.38 4.74 4.67 7.30 5.48 0.00 0.00 0.00 5.18 0.00 0.00 0.00 0.00 0.00 0.00 0.00 0.00 0.00 2.48 0.00 0.00 1.24 2.48 3.21 4.09 4.23
4.02 3.21 5.77 8.61 10.44 0.00 0.00 14.02 11.17 9.71 12.56 16.50 14.97 12.99 10.59 6.50 5.18 0.00 1.98 1.97 3.07 2.92 0.00 0.00 6.42 7.52 7.08 6.50 0.00 7.15 8.83 8.40 8.83 10.66 13.87 14.45 14.38 18.10 21.06 20.94 19.64 17.16 15.26 12.99 12.99 10.59 8.25 6.13 5.40 5.18 3.72 0.00 0.00 0.00 0.00 2.19 0.00 4.38 4.74 4.67 7.30 5.48 0.00 0.00 0.00 5.18 0.00 0.00 0.00 0.00 0.00 0.00 0.00 0.00 0.00 2.48 0.00 0.00 1.24 2.48 3.21 4.09 4.23
8.83 5.84 5.11 0.00 0.00 12.63 17.30 20.15 17.12 10.23 9.78 9.56 7.88 7.01 5.99 4.60 0.00 0.00 0.00 0.00 0.00 3.07 0.00 0.00 0.00 3.58 0.00 5.77 7.37 9.93 9.78 10.00 10.73 9.42 8.91 8.98 9.20 10.80 13.80 12.99 12.34 11.97 11.53 13.80 13.80 11.97 9.56 8.32 8.32 7.45 6.64 5.18 0.00 0.00 0.00 0.00 0.00 3.43 3.94 0.00 6.72 6.86 0.00 0.00 0.00 0.00 0.00 2.56 3.50 3.50 0.00 0.00 0.00 0.00 0.00 0.00 0.00 0.00 1.31 0.00 0.00 2.70 2.12
