Wansh/Snow_depth/snowdepth-1985/winter/1986026.txt
ncols 321
nrows 161
xllcenter 60
yllcenter 15 
cellsize  0.25 
NODATA_value -1
[rows 0 to 36 of 161, columns 166 to 248 of 321]
10.88 10.95 10.95 8.91 7.96 7.74 8.69 9.34 8.69 8.91 9.13 9.13 8.03 8.98 8.83 8.98 9.42 9.86 10.88 11.46 11.02 12.41 11.39 10.73 9.86 12.41 12.19 9.56 2.99 0.00 0.00 0.00 0.00 5.40 17.45 21.75 18.03 18.03 13.65 15.04 22.92 23.73 23.00 23.73 26.57 29.05 30.08 31.61 32.63 31.39 28.25 23.94 20.73 18.98 19.13 19.86 21.83 25.48 29.64 28.54 26.72 25.84 25.84 25.62 29.20 32.19 34.67 36.43 32.85 29.49 27.52 25.40 25.33 24.53 23.21 22.19 23.00 23.51 21.97 21.39 20.44 20.95 19.35
15.40 14.75 11.97 9.42 6.64 7.23 7.66 7.15 8.76 10.00 10.00 10.00 10.66 11.46 11.97 10.07 9.78 9.20 10.07 11.61 13.07 12.78 11.17 12.19 12.48 12.12 8.76 0.73 0.00 0.00 0.00 0.00 0.00 13.21 16.72 16.28 10.37 10.37 18.18 17.37 25.33 27.89 31.61 33.87 33.87 38.33 37.23 32.63 29.93 28.32 28.54 27.81 24.75 19.93 18.61 19.93 21.53 25.77 28.62 30.51 28.69 27.67 27.67 28.40 30.37 32.85 35.55 34.53 32.19 30.08 26.50 28.32 28.25 26.79 24.31 20.37 20.44 20.51 21.10 20.22 20.95 21.83 20.95
17.45 17.23 15.48 12.70 12.12 12.56 11.46 8.47 7.96 8.47 9.20 9.20 10.59 10.22 10.51 8.47 8.32 8.03 11.83 12.70 13.51 13.58 13.43 12.05 11.39 9.64 3.65 0.00 0.00 0.00 0.00 0.00 5.99 12.26 14.31 11.32 12.12 12.12 21.68 25.55 31.46 33.94 33.58 32.19 31.83 32.12 31.03 31.17 28.25 26.86 26.28 25.84 23.58 22.56 21.75 25.77 26.50 26.50 24.97 25.48 27.38 26.13 26.13 26.65 27.89 28.62 28.03 27.89 27.89 27.45 27.45 27.59 26.79 24.75 22.63 20.44 18.76 18.10 18.32 19.27 20.66 22.27 20.59
17.45 17.23 15.48 12.70 12.12 12.56 11.46 8.47 7.96 8.47 9.20 9.20 10.59 10.22 10.51 8.47 8.32 8.03 11.83 12.70 13.51 13.58 13.43 12.05 11.39 9.64 3.65 0.00 0.00 0.00 0.00 0.00 5.99 12.26 14.31 11.32 12.12 12.12 21.68 25.55 31.46 33.94 33.58 32.19 31.83 32.12 31.03 31.17 28.25 26.86 26.28 25.84 23.58 22.56 21.75 25.77 26.50 26.50 24.97 25.48 27.38 26.13 26.13 26.65 27.89 28.62 28.03 27.89 27.89 27.45 27.45 27.59 26.79 24.75 22.63 20.44 18.76 18.10 18.32 19.27 20.66 22.27 20.59
17.37 17.16 15.99 13.58 11.90 10.80 11.32 11.61 9.49 8.10 8.61 8.61 10.29 10.88 11.32 11.97 10.95 18.91 20.00 17.81 14.38 14.16 12.56 10.66 9.78 6.20 0.00 0.00 0.00 0.00 0.00 1.17 8.76 12.56 14.45 14.38 21.10 21.10 23.73 27.67 28.98 27.74 28.32 30.30 31.10 30.95 32.27 31.97 31.24 30.59 28.40 26.57 24.45 24.75 23.51 24.67 25.84 24.89 25.19 24.24 24.60 25.11 25.11 29.35 29.93 29.49 29.35 26.28 24.97 25.62 25.26 21.46 20.73 21.46 20.88 17.52 12.78 11.97 14.38 13.72 13.94 15.04 14.82
20.15 18.47 17.52 13.87 12.48 10.73 8.91 10.00 10.66 9.64 10.51 10.51 13.07 16.64 16.06 13.36 17.89 20.66 19.71 15.84 12.12 9.93 9.78 4.38 0.00 0.00 0.00 0.00 0.00 0.00 0.00 7.30 13.72 15.26 15.84 15.26 21.10 21.10 20.81 22.19 22.27 22.56 27.16 28.69 29.42 30.51 31.17 33.00 29.93 29.35 28.47 28.03 29.05 29.05 28.11 25.77 25.11 23.29 21.83 19.13 20.22 21.83 21.83 25.92 28.54 28.54 23.58 18.40 16.35 13.65 12.78 14.16 15.04 15.04 15.48 15.11 14.16 13.14 12.41 13.72 14.02 13.72 13.07
20.44 19.64 20.15 19.49 17.89 14.97 12.05 12.56 15.18 15.84 13.87 13.87 14.97 18.10 19.13 20.00 22.12 24.24 17.30 10.95 7.59 4.82 0.00 0.00 0.00 0.00 0.00 0.00 0.00 0.00 8.91 15.04 14.89 16.50 17.30 24.45 24.67 24.67 23.43 22.85 23.43 24.97 24.31 24.60 25.70 26.57 24.82 24.16 27.96 31.61 30.88 28.54 27.96 27.67 27.23 26.28 23.94 18.61 17.74 17.52 17.08 17.23 17.23 18.40 18.98 18.03 15.91 13.07 12.12 12.05 11.97 12.48 13.07 14.09 13.94 14.45 12.78 12.05 10.73 12.19 12.63 13.76 15.25
20.44 19.64 20.15 19.49 17.89 14.97 12.05 12.56 15.18 15.84 13.87 13.87 14.97 18.10 19.13 20.00 22.12 24.24 17.30 10.95 7.59 4.82 0.00 0.00 0.00 0.00 0.00 0.00 0.00 0.00 8.91 15.04 14.89 16.50 17.30 24.45 24.67 24.67 23.43 22.85 23.43 24.97 24.31 24.60 25.70 26.57 24.82 24.16 27.96 31.61 30.88 28.54 27.96 27.67 27.23 26.28 23.94 18.61 17.74 17.52 17.08 17.23 17.23 18.40 18.98 18.03 15.91 13.07 12.12 12.05 11.97 12.48 13.07 14.09 13.94 14.45 12.78 13.92 14.80 17.54 17.30 23.39 25.18
16.64 18.32 19.93 20.37 18.91 16.21 13.29 11.39 15.11 15.48 17.45 17.45 17.16 18.61 17.59 22.48 21.24 18.03 12.05 8.18 2.85 0.00 0.00 0.00 0.00 0.00 0.00 0.00 3.43 5.91 9.34 10.29 11.53 15.11 17.81 24.53 29.57 29.57 25.92 22.70 21.83 23.87 24.67 27.38 27.01 26.43 24.53 23.29 23.36 29.20 32.34 30.30 26.43 24.97 19.49 17.89 17.37 15.26 16.06 15.84 15.55 16.57 16.57 17.01 15.77 14.09 13.94 13.29 12.19 11.97 11.83 12.19 12.63 12.26 11.68 12.12 15.92 19.06 19.99 18.47 15.92 22.72 19.04
11.10 14.38 18.32 21.02 21.10 20.00 17.52 15.40 15.55 16.06 18.98 18.98 20.22 21.90 19.35 16.35 14.16 10.80 7.08 0.00 0.00 0.00 0.00 0.00 0.00 0.00 3.43 6.64 8.03 9.78 12.70 13.29 13.72 14.75 18.10 20.95 23.51 23.51 19.78 19.78 22.12 25.48 25.26 23.58 22.56 21.83 21.24 22.19 22.63 24.09 22.27 21.39 16.79 10.95 10.59 8.98 9.78 8.61 8.76 10.95 11.97 12.12 12.12 13.29 16.35 17.23 18.69 17.45 15.04 16.06 16.21 15.99 15.04 14.45 14.20 20.99 22.53 22.39 20.84 21.50 27.55 24.73 21.27
14.82 11.90 11.39 13.58 16.72 19.49 21.46 20.88 19.42 19.13 18.76 18.76 20.00 13.58 9.42 9.78 1.97 0.00 0.00 0.00 0.00 0.00 0.00 0.00 6.42 8.47 10.00 11.46 13.72 14.45 14.09 13.51 12.99 12.92 16.79 16.79 18.25 18.25 17.23 19.93 21.46 25.04 24.09 22.41 21.02 20.29 18.61 13.65 13.29 12.78 13.36 13.51 10.88 8.76 8.76 7.15 6.79 7.59 8.98 10.37 10.73 11.39 11.39 11.39 11.90 11.46 13.87 15.26 16.94 18.47 19.05 17.23 15.91 15.62 13.93 14.67 15.13 21.44 22.08 24.29 19.37 20.10 21.64
14.82 11.90 11.39 13.58 16.72 19.49 21.46 20.88 19.42 19.13 18.76 18.76 20.00 13.58 9.42 9.78 1.97 0.00 0.00 0.00 0.00 0.00 0.00 0.00 6.42 8.47 10.00 11.46 13.72 14.45 14.09 13.51 12.99 12.92 16.79 16.79 18.25 18.25 17.23 19.93 21.46 25.04 24.09 22.41 21.02 20.29 18.61 13.65 13.29 12.78 13.36 13.51 10.88 8.76 8.76 7.15 6.79 7.59 8.98 10.37 10.73 11.39 11.39 11.39 11.90 11.46 13.87 15.26 16.94 18.47 19.05 17.23 15.91 15.62 13.58 14.45 14.67 19.91 19.68 22.49 20.66 20.86 21.64
18.83 16.28 14.24 11.90 9.71 10.15 13.14 13.58 14.38 14.97 15.55 15.55 6.79 3.65 2.85 0.00 0.00 0.00 0.00 0.15 9.93 8.32 6.64 9.56 12.70 12.05 11.83 12.19 13.58 14.45 12.56 11.02 12.99 20.29 19.64 21.17 21.53 21.53 21.46 20.81 21.53 23.07 23.21 22.34 21.24 15.55 12.05 10.66 9.78 11.10 9.93 8.40 7.88 6.64 6.57 7.37 8.03 8.40 9.27 9.86 11.32 13.58 13.58 13.51 14.31 15.33 17.01 17.74 19.20 20.44 20.73 20.22 18.69 17.01 14.53 13.36 13.48 17.21 21.15 19.26 19.61 19.94 17.95
16.13 15.91 15.77 13.29 11.75 10.80 10.07 8.61 7.81 9.93 0.00 0.00 0.00 0.00 0.00 0.00 0.00 0.00 0.00 0.00 5.48 8.91 10.29 12.19 12.12 12.12 12.99 14.60 16.06 17.59 17.23 16.72 18.18 17.30 19.20 21.24 18.91 18.91 18.54 19.05 19.93 21.24 22.92 21.90 17.59 12.05 12.05 11.53 8.10 8.40 7.66 7.52 7.74 7.59 7.52 8.91 10.07 11.39 10.95 12.19 15.55 16.21 16.21 14.89 17.52 17.45 17.01 19.35 21.90 22.70 22.70 22.34 18.61 14.82 12.48 11.80 12.59 17.00 15.59 18.89 19.54 17.25 19.40
20.81 21.39 21.32 20.15 18.98 18.47 15.99 11.53 6.35 0.07 0.00 0.00 0.00 0.00 0.00 0.00 0.00 0.00 2.41 5.69 9.34 11.97 13.87 14.75 13.80 12.34 16.06 17.74 18.91 20.44 20.37 17.45 16.43 19.49 18.54 19.35 18.54 18.54 16.43 17.67 19.93 17.59 16.57 11.46 11.61 14.53 14.45 12.26 10.29 9.13 9.64 10.15 9.05 8.69 9.42 11.32 13.21 15.84 14.09 13.29 14.09 14.75 14.75 15.48 15.33 15.11 14.67 17.96 21.75 21.61 20.08 17.08 14.89 11.53 12.01 14.40 14.49 13.72 16.64 18.17 15.34 14.97 14.99
24.82 27.89 25.77 21.75 19.35 19.13 18.47 16.72 15.77 11.68 8.10 8.10 8.40 6.86 5.99 5.69 6.28 7.37 7.52 8.61 10.22 11.10 15.26 17.30 17.37 16.94 18.10 19.42 17.59 18.10 16.50 15.04 16.35 16.43 17.81 18.47 17.81 17.81 16.13 15.84 14.09 14.53 14.97 14.97 14.82 14.89 13.21 11.61 11.90 10.66 10.44 10.00 9.20 9.34 9.71 10.07 12.56 14.82 15.55 14.75 13.51 12.78 12.78 11.97 12.34 11.83 12.26 13.07 11.75 12.34 13.94 13.21 12.34 12.04 13.09 14.02 15.37 16.00 16.40 15.16 15.07 13.11 11.18
24.82 27.89 25.77 21.75 19.35 19.13 18.47 16.72 15.77 11.68 8.10 8.10 8.40 6.86 5.99 5.69 6.28 7.37 7.52 8.61 10.22 11.10 15.26 17.30 17.37 16.94 18.10 19.42 17.59 18.10 16.50 15.04 16.35 16.43 17.81 18.47 17.81 17.81 16.13 15.84 14.09 14.53 14.97 14.97 14.82 14.89 13.21 11.61 11.90 10.66 10.44 10.00 9.20 9.34 9.71 10.07 12.56 14.82 15.55 14.75 13.51 12.78 12.78 11.97 12.34 11.83 12.26 13.07 11.75 12.34 13.94 13.21 12.34 14.78 12.26 15.23 13.81 19.80 16.64 16.76 15.37 11.82 10.80
20.15 20.81 23.21 18.03 11.24 12.48 12.70 14.89 14.31 14.24 14.16 14.16 12.99 10.44 8.47 7.01 10.37 11.53 10.07 10.73 13.58 14.89 16.28 16.86 16.06 16.57 16.72 15.70 15.84 15.77 15.11 14.38 14.67 17.45 18.47 17.74 19.42 19.42 17.45 13.65 13.21 15.18 15.55 17.01 16.64 13.65 10.44 10.29 11.32 11.83 9.34 7.81 8.83 7.74 7.59 8.40 10.44 12.05 11.46 12.34 10.95 9.49 9.49 8.69 8.69 8.10 6.64 7.23 7.74 8.61 10.44 11.53 15.43 13.70 16.91 15.24 12.85 14.84 16.00 13.42 13.30 15.14 12.43
17.96 18.98 24.31 27.16 21.68 17.59 14.38 11.02 10.44 10.37 8.18 8.18 10.22 10.80 11.53 11.75 14.31 14.82 14.02 15.26 17.81 18.47 18.83 17.96 16.28 15.62 14.82 13.65 14.60 14.45 14.31 14.45 13.80 14.45 13.80 14.82 17.59 17.59 15.99 14.45 14.67 14.82 14.67 13.43 12.26 9.34 9.20 10.00 10.07 9.34 8.18 8.03 7.66 6.79 6.06 3.94 6.13 8.03 9.42 9.71 8.83 7.88 7.88 6.64 6.94 6.79 5.33 4.74 4.89 6.06 8.91 10.86 13.05 13.86 15.12 9.63 10.32 10.04 11.24 13.74 14.60 16.61 11.07
16.06 15.84 15.99 19.27 23.00 22.92 20.66 15.70 13.14 11.75 11.32 11.32 10.00 11.68 14.38 15.04 16.50 15.26 13.87 15.40 19.27 22.27 21.97 17.89 14.67 15.84 13.58 12.70 13.43 13.36 12.99 14.02 15.62 17.45 15.40 13.21 14.97 14.97 14.67 13.07 12.26 11.61 11.75 8.61 7.01 8.61 9.13 9.20 9.78 9.49 9.49 8.18 8.54 7.45 5.91 4.96 4.67 5.33 5.84 7.81 8.32 9.05 9.05 8.83 8.83 7.23 6.13 5.91 7.37 9.13 8.61 10.29 11.75 12.12 12.05 11.17 10.37 10.77 13.10 18.28 18.52 13.86 11.59
14.31 10.80 12.05 13.94 14.97 17.30 18.98 15.99 13.51 12.99 12.19 12.19 12.34 14.16 19.56 21.46 19.86 18.47 16.79 16.28 17.81 21.53 24.38 22.70 18.54 14.67 12.48 10.00 8.69 10.66 12.12 14.67 17.37 17.52 16.79 15.11 16.57 16.57 15.04 10.73 8.25 6.57 6.28 7.01 7.23 8.91 7.30 6.57 6.64 7.15 7.30 6.57 5.55 5.11 4.02 4.89 4.60 6.79 6.64 7.30 7.45 8.76 8.76 9.05 8.40 7.59 7.88 7.30 9.05 10.95 11.39 12.34 12.48 14.31 13.58 13.80 14.13 14.26 17.52 17.25 17.86 13.83 11.66
4.67 5.77 7.96 11.83 13.58 14.09 13.21 14.75 14.67 14.02 14.45 14.45 15.55 18.32 21.24 21.39 18.10 14.31 15.04 17.45 20.22 20.51 19.86 17.96 14.02 10.73 10.51 11.68 10.15 9.49 12.56 15.91 16.43 13.94 14.24 17.96 14.97 14.97 8.54 5.84 5.48 5.40 4.67 6.72 7.74 7.74 9.93 9.86 6.94 6.06 4.82 5.84 8.69 8.40 7.37 6.86 7.81 8.10 7.52 7.37 8.61 7.96 7.96 6.50 5.80 5.18 4.67 5.33 8.10 9.78 11.83 12.56 12.85 14.53 14.60 13.87 13.99 13.89 18.50 15.42 16.56 14.09 10.47
4.67 5.77 7.96 11.83 13.58 14.09 13.21 14.75 14.67 14.02 14.45 14.45 15.55 18.32 21.24 21.39 18.10 14.31 15.04 17.45 20.22 20.51 19.86 17.96 14.02 10.73 10.51 11.68 10.15 9.49 12.56 15.91 16.43 13.94 14.24 17.96 14.97 14.97 8.54 5.84 5.48 5.40 4.67 6.72 7.74 7.74 9.93 9.86 6.94 6.06 4.82 5.84 8.69 8.40 7.37 6.86 7.81 8.10 7.52 7.37 8.61 7.96 7.96 6.50 5.80 5.18 4.67 5.33 8.10 9.78 11.83 12.56 12.85 14.53 14.60 13.87 13.43 13.97 14.37 13.56 13.87 16.40 12.80
3.58 4.74 7.59 10.29 13.36 14.45 15.18 15.91 16.13 18.69 17.52 17.52 15.77 12.70 13.14 13.87 13.51 14.09 14.82 17.01 18.54 16.86 15.04 14.45 13.43 12.63 12.70 11.32 10.15 13.72 14.02 13.51 11.24 10.88 6.64 5.18 5.33 5.33 3.43 3.58 4.89 5.04 5.04 4.82 3.29 5.33 7.37 8.25 8.47 10.29 10.88 10.73 10.15 9.71 9.56 7.01 7.45 7.37 8.10 7.15 5.84 5.18 5.18 2.77 0.00 4.23 5.04 7.23 7.08 7.30 10.66 11.10 11.97 13.43 15.77 16.21 16.94 18.71 19.90 25.76 22.41 17.09 12.61
5.84 4.82 7.08 9.78 12.78 13.43 13.51 13.29 17.30 19.71 18.40 18.40 15.55 12.63 9.78 12.48 13.21 11.10 10.95 14.53 15.26 15.04 14.09 13.58 14.31 13.29 10.37 11.02 13.87 14.82 12.63 8.69 6.64 5.40 3.65 1.53 1.83 1.83 1.97 1.90 3.36 3.94 2.56 2.34 2.99 3.72 4.74 6.35 8.91 9.34 9.71 11.32 11.97 11.46 9.78 8.61 8.10 6.94 6.28 6.13 4.16 0.00 0.00 0.00 0.00 3.43 6.20 8.10 10.07 8.40 9.20 9.42 10.95 13.51 17.37 20.81 22.39 22.80 22.38 21.32 22.52 18.07 15.21
4.82 3.94 3.43 8.32 8.83 7.88 7.30 10.29 15.04 17.81 18.61 18.61 16.50 12.63 11.24 13.21 14.60 13.94 11.75 11.61 14.31 15.55 13.07 11.32 11.97 12.26 11.02 11.75 15.48 14.45 12.12 7.30 3.43 2.48 1.31 2.04 1.31 1.31 1.53 1.90 1.97 0.51 0.73 0.88 1.90 2.63 2.04 2.70 2.19 3.21 6.28 8.98 11.68 11.24 8.98 8.76 7.66 5.99 5.18 5.99 4.38 0.00 0.00 0.00 2.41 4.16 4.31 7.30 9.27 10.07 10.07 10.66 12.63 15.99 22.53 27.06 25.05 24.85 21.99 17.32 13.44 16.51 13.86
5.84 4.45 4.96 4.16 4.96 5.18 6.79 10.66 12.34 14.09 16.64 16.64 16.35 13.58 10.73 9.42 10.07 11.39 11.83 11.97 12.34 13.36 13.36 13.51 14.45 13.43 9.93 8.40 7.45 8.83 6.28 3.36 2.19 2.26 2.41 1.24 0.80 0.80 0.29 1.10 1.90 1.46 1.39 1.68 1.17 2.34 1.10 0.00 0.00 0.00 0.00 8.83 9.20 8.10 5.99 6.28 5.48 4.23 5.62 6.20 4.23 2.48 2.48 2.04 2.26 2.77 4.02 5.26 7.30 8.54 10.59 11.24 14.09 18.54 23.18 24.66 24.96 23.53 22.27 18.56 14.13 13.11 11.26
5.11 4.96 3.80 0.00 5.48 5.26 5.48 9.27 8.91 10.00 9.78 9.78 9.86 8.98 8.54 9.49 9.42 8.83 9.86 10.44 11.17 11.39 11.83 10.07 9.64 8.54 5.69 0.00 0.00 5.04 3.72 1.68 0.88 2.63 3.58 3.29 2.26 2.26 3.14 1.17 1.97 1.90 2.48 1.10 0.00 0.00 2.34 1.39 0.73 0.00 0.00 4.60 6.72 7.59 4.23 2.99 3.36 3.72 3.94 4.31 3.29 2.04 2.04 2.99 3.21 2.77 4.09 5.77 4.96 7.01 9.27 12.12 16.25 20.80 28.34 24.93 24.86 21.27 18.08 17.03 14.72 11.83 8.54
5.11 4.96 3.80 0.00 5.48 5.26 5.48 9.27 8.91 10.00 9.78 9.78 9.86 8.98 8.54 9.49 9.42 8.83 9.86 10.44 11.17 11.39 11.83 10.07 9.64 8.54 5.69 0.00 0.00 5.04 3.72 1.68 0.88 2.63 3.58 3.29 2.26 2.26 3.14 1.17 1.97 1.90 2.48 1.10 0.00 0.00 2.34 1.39 0.73 0.00 0.00 4.60 6.72 7.59 4.23 2.99 3.36 3.72 3.94 4.31 3.29 2.04 2.04 2.99 3.21 2.77 4.09 5.77 4.96 7.01 9.27 12.12 16.33 20.58 25.63 27.78 26.53 24.82 20.99 16.48 15.38 11.49 9.03
4.23 2.99 0.00 0.00 0.00 0.00 0.00 4.53 4.89 6.86 7.81 7.81 5.18 1.97 3.21 4.23 5.48 5.04 7.15 8.03 8.18 8.47 7.52 6.35 4.67 4.38 3.14 0.00 0.00 3.14 3.72 2.19 0.00 3.07 3.07 1.97 0.88 0.88 1.17 2.19 2.85 2.19 1.46 1.10 0.80 1.46 2.56 1.24 1.24 0.00 0.00 1.75 2.41 3.21 3.36 2.12 2.12 1.83 0.00 2.19 0.00 1.46 1.47 2.05 0.00 2.41 4.38 6.06 6.28 8.61 10.64 15.34 21.31 26.84 31.56 32.36 29.09 22.03 17.14 15.56 13.38 11.18 9.43
3.29 2.48 0.00 0.00 0.00 0.00 0.00 4.38 5.04 6.13 6.79 6.79 5.18 3.50 2.92 2.92 3.65 5.26 7.30 8.76 10.66 9.13 6.06 4.82 2.70 0.00 0.00 5.26 4.31 4.02 3.14 3.36 5.04 3.94 3.50 0.00 1.83 1.83 0.00 0.00 2.04 1.39 1.68 0.00 1.10 2.92 4.16 3.50 2.70 1.39 0.80 0.00 0.00 0.00 0.00 0.00 0.00 0.00 0.00 0.00 0.00 0.00 0.00 1.61 0.00 3.94 4.45 5.26 7.45 11.02 13.36 20.44 26.50 29.50 32.67 30.65 19.96 11.45 9.01 6.82 7.30 7.68 6.08
6.28 3.65 0.00 1.31 2.19 0.00 0.00 4.38 4.96 6.50 6.86 6.86 5.26 3.65 3.21 1.46 1.75 6.28 11.75 14.16 14.60 13.14 7.74 4.74 3.94 4.96 0.00 0.00 0.00 0.00 0.00 0.00 0.00 2.04 2.92 0.00 2.26 2.26 0.00 0.00 3.80 4.23 4.82 5.84 5.33 3.29 2.92 0.00 0.00 2.26 1.75 0.00 0.44 0.00 0.00 0.00 0.00 0.00 0.00 0.00 0.00 0.00 0.00 0.00 0.00 2.19 3.94 4.60 9.27 14.60 18.61 22.19 26.06 27.29 27.43 22.32 11.18 4.47 4.72 6.24 5.14 4.37 3.54
9.13 5.91 4.09 4.23 0.00 0.00 3.36 4.23 6.06 8.69 9.56 9.56 6.72 5.11 4.38 3.94 3.58 6.50 11.68 14.67 12.34 10.37 9.05 7.23 6.79 6.94 0.00 0.00 0.00 5.62 0.00 0.00 0.00 0.00 5.18 3.94 3.87 3.87 4.09 5.48 3.43 5.99 7.15 6.42 3.87 4.38 4.45 3.36 2.63 1.97 0.00 1.17 0.00 1.83 2.12 2.12 0.00 0.00 0.00 0.00 0.00 0.00 0.00 0.00 0.00 3.58 0.00 6.35 9.34 13.29 17.59 23.80 28.47 23.30 17.72 11.85 8.09 5.76 5.46 5.33 4.15 2.78 3.07
7.08 5.55 4.23 0.00 0.00 4.16 0.00 0.00 4.82 3.72 3.65 3.65 4.45 4.82 6.42 7.74 6.94 8.03 9.34 10.44 11.68 12.41 10.80 9.64 8.32 6.57 0.00 0.00 0.00 3.87 3.29 0.00 0.00 4.23 5.62 5.99 5.69 5.69 5.18 6.57 6.57 6.20 7.08 7.52 7.08 6.35 6.20 6.28 5.55 5.99 6.57 5.18 4.09 3.21 1.97 0.73 0.00 2.56 3.43 4.60 3.72 2.63 2.63 2.56 3.14 5.11 4.96 4.23 7.88 15.26 20.37 22.48 23.43 14.53 5.60 3.24 4.52 4.95 5.45 3.89 5.49 2.56 1.85
6.57 4.38 3.36 0.00 0.00 4.23 4.23 0.00 3.72 0.00 0.00 0.00 2.48 0.00 5.77 7.88 7.74 7.45 8.10 8.03 7.52 6.79 10.95 11.90 9.34 0.00 0.00 0.00 0.00 0.00 2.92 0.00 0.00 0.00 0.00 4.09 4.82 4.82 3.50 4.60 6.28 4.67 5.62 6.72 6.64 6.94 7.88 8.54 7.01 5.48 5.91 5.11 5.55 6.72 5.40 3.43 3.29 3.72 2.63 2.41 3.21 3.43 3.43 6.86 0.00 0.00 2.48 4.89 10.59 19.64 21.39 18.40 15.33 8.36 3.28 2.31 2.95 2.42 3.11 3.11 2.52 1.41 1.06
6.57 4.38 3.36 0.00 0.00 4.23 4.23 0.00 3.72 0.00 0.00 0.00 2.48 0.00 5.77 7.88 7.74 7.45 8.10 8.03 7.52 6.79 10.95 11.90 9.34 0.00 0.00 0.00 0.00 0.00 2.92 0.00 0.00 0.00 0.00 4.09 4.82 4.82 3.50 4.60 6.28 4.67 5.62 6.72 6.64 6.94 7.88 8.54 7.01 5.48 5.91 5.11 5.55 6.72 5.40 3.43 3.29 3.72 2.63 2.41 3.21 3.43 3.43 6.86 0.00 0.00 2.48 4.89 10.59 19.64 21.39 18.40 15.33 8.32 3.23 2.27 2.95 2.53 2.77 2.99 2.46 1.48 1.04
4.38 3.36 0.00 0.00 0.00 4.09 2.92 0.00 2.63 2.12 2.26 2.26 2.19 2.63 5.11 6.72 6.79 5.91 4.53 3.80 3.72 5.33 7.15 8.76 7.23 0.00 0.00 0.00 0.00 0.00 0.00 1.53 0.00 0.00 0.00 0.00 5.26 5.26 5.04 6.20 5.91 5.55 9.86 7.96 4.96 7.96 8.91 12.41 13.36 13.51 11.24 6.57 6.72 9.27 9.78 8.76 10.22 10.95 6.20 6.50 7.15 4.45 4.45 0.00 0.95 0.00 9.34 12.48 17.52 20.08 17.89 16.13 12.34 5.33 2.48 1.33 1.76 0.00 1.45 1.57 2.11 1.79 2.37
