Wansh/Snow_depth/snowdepth-1985/winter/1986048.txt
ncols 321
nrows 161
xllcenter 60
yllcenter 15 
cellsize  0.25 
NODATA_value -1
[rows 0 to 36 of 161, columns 83 to 165 of 321]
28.18 30.22 31.39 29.71 28.32 28.32 25.55 20.51 18.47 19.49 20.00 22.41 24.67 25.55 25.70 24.60 25.48 26.94 26.43 26.43 26.50 24.82 22.56 18.69 13.43 10.15 7.01 4.96 3.87 4.82 8.76 12.85 16.28 16.86 15.18 12.26 13.94 13.51 10.29 9.20 7.66 12.70 11.46 9.78 9.78 8.03 6.64 7.52 8.18 10.51 13.36 16.64 14.67 10.66 11.02 12.70 15.26 12.19 11.90 11.53 7.45 7.15 6.79 6.06 5.48 5.99 6.86 6.79 7.88 7.88 9.56 11.24 13.29 13.80 13.21 14.02 15.40 16.57 17.23 18.18 18.61 15.77 12.05
28.40 26.94 26.65 26.65 26.28 27.01 20.22 18.03 18.03 20.51 21.75 20.88 18.91 17.96 15.84 13.36 16.79 19.56 22.27 22.27 22.27 22.34 22.27 22.85 18.32 13.21 8.25 6.13 5.40 5.26 5.18 8.69 13.36 13.51 12.19 10.44 7.96 6.06 5.55 7.88 11.53 16.43 18.18 20.00 20.00 14.67 10.07 8.18 7.37 8.47 8.32 8.61 9.05 9.34 8.98 8.98 9.86 10.80 9.71 9.34 8.32 8.40 8.03 7.15 7.23 7.88 8.76 10.37 11.24 11.24 12.70 14.16 16.35 15.77 15.77 18.25 20.00 19.42 18.47 18.32 17.23 18.25 17.89
29.05 27.74 28.25 25.11 23.00 19.27 20.88 22.56 25.11 25.04 25.55 24.67 22.78 19.71 17.45 13.87 12.19 13.36 15.91 15.91 18.18 18.47 19.78 21.68 21.24 16.43 11.53 9.27 8.40 5.18 5.69 5.18 7.59 10.07 8.83 8.76 7.59 6.94 9.42 8.98 12.26 14.97 18.18 20.44 20.44 22.19 21.10 17.96 10.88 8.18 7.37 6.42 5.91 6.42 8.40 9.93 11.10 13.07 14.89 14.89 14.38 13.65 14.82 14.24 13.21 13.07 13.72 15.70 17.16 17.16 16.28 14.45 12.41 12.12 15.62 19.35 20.15 20.88 18.91 18.61 18.98 19.49 20.51
29.05 27.74 28.25 25.11 23.00 19.27 20.88 22.56 25.11 25.04 25.55 24.67 22.78 19.71 17.45 13.87 12.19 13.36 15.91 15.91 18.18 18.47 19.78 21.68 21.24 16.43 11.53 9.27 8.40 5.18 5.69 5.18 7.59 10.07 8.83 8.76 7.59 6.94 9.42 8.98 12.26 14.97 18.18 20.44 20.44 22.19 21.10 17.96 10.88 8.18 7.37 6.42 5.91 6.42 8.40 9.93 11.10 13.07 14.89 14.89 14.38 13.65 14.82 14.24 13.21 13.07 13.72 15.70 17.16 17.16 16.28 14.45 12.41 12.12 15.62 19.35 20.15 20.88 18.91 18.61 18.98 19.49 20.51
24.45 24.31 21.46 15.70 19.49 22.70 22.27 22.27 23.21 24.67 25.40 23.73 22.41 20.95 19.93 18.69 16.79 12.99 10.66 10.66 10.15 12.12 15.77 20.44 19.64 18.83 16.79 13.43 6.64 5.40 4.60 3.94 5.77 9.27 13.87 15.18 12.78 10.00 9.13 8.54 6.57 6.64 9.78 15.26 15.26 19.93 22.85 22.78 18.18 12.63 9.34 7.96 7.15 6.28 5.55 4.67 6.13 7.81 9.13 12.48 15.62 16.79 17.08 16.28 15.99 17.81 19.20 18.47 18.76 18.76 17.59 14.82 14.67 14.53 12.85 14.97 17.08 20.15 20.37 20.51 19.35 18.18 19.20
27.16 25.26 23.87 25.19 24.31 19.78 15.84 14.89 14.75 17.08 18.61 21.32 22.92 22.34 21.24 21.97 22.41 22.19 19.78 19.78 14.75 10.80 10.73 12.70 16.64 18.61 17.37 13.72 7.52 5.69 5.62 5.26 6.72 9.78 11.39 16.50 15.04 9.86 6.57 5.91 5.40 6.13 7.74 10.59 10.59 11.90 16.21 19.20 21.46 19.35 11.97 7.81 6.79 6.13 4.23 5.04 4.82 6.50 8.54 10.80 13.65 14.67 16.72 19.71 19.71 18.76 17.30 18.32 17.23 17.23 15.99 16.28 17.23 17.23 12.34 11.17 11.53 10.51 12.34 14.31 17.30 19.86 20.51
26.13 24.45 25.19 22.85 19.71 20.15 20.00 19.35 19.05 19.35 19.42 19.05 20.08 20.37 21.17 22.12 21.68 22.05 21.97 21.97 21.10 18.83 14.67 10.15 13.87 16.28 14.02 9.86 7.08 5.84 6.64 6.57 6.79 8.69 11.61 11.75 13.36 10.66 7.23 5.33 4.31 5.26 7.52 9.05 9.05 10.88 14.89 19.13 18.10 13.94 10.22 7.66 6.13 5.55 6.42 8.32 9.34 11.46 13.87 12.56 13.36 17.16 21.68 22.27 22.78 21.97 19.56 19.42 19.49 19.49 19.78 20.81 23.07 21.32 17.89 18.91 18.98 15.84 13.43 10.51 11.75 16.43 20.00
26.13 24.45 25.19 22.85 19.71 20.15 20.00 19.35 19.05 19.35 19.42 19.05 20.08 20.37 21.17 22.12 21.68 22.05 21.97 21.97 21.10 18.83 14.67 10.15 13.87 16.28 14.02 9.86 7.08 5.84 6.64 6.57 6.79 8.69 11.61 11.75 13.36 10.66 7.23 5.33 4.31 5.26 7.52 9.05 9.05 10.88 14.89 19.13 18.10 13.94 10.22 7.66 6.13 5.55 6.42 8.32 9.34 11.46 13.87 12.56 13.36 17.16 21.68 22.27 22.78 21.97 19.56 19.42 19.49 19.49 19.78 20.81 23.07 21.32 17.89 18.91 18.98 15.84 13.43 10.51 11.75 16.43 20.00
22.56 20.44 19.93 19.35 21.32 23.29 22.56 20.81 18.40 18.10 19.42 15.91 13.65 13.72 16.79 20.44 21.39 20.88 20.73 20.73 20.88 22.63 22.27 18.03 14.89 13.58 11.24 9.27 8.91 10.07 9.05 8.61 8.25 9.13 12.05 13.94 12.85 11.46 10.73 9.13 6.94 6.35 8.10 10.88 10.88 11.10 10.37 11.24 10.22 7.45 6.50 8.69 7.74 5.26 3.58 6.94 9.13 10.80 12.63 13.51 13.80 15.04 18.10 20.08 20.44 21.53 18.98 19.35 22.41 22.41 23.00 23.58 24.45 25.11 21.39 21.75 20.51 20.81 19.64 17.45 14.89 13.21 15.11
17.01 15.48 17.23 19.05 21.10 21.68 21.83 19.56 18.25 18.83 18.83 15.84 14.09 14.16 17.16 19.78 21.32 22.85 23.80 23.80 23.58 23.43 22.70 18.61 13.80 11.61 9.56 9.64 10.44 11.24 9.86 8.98 8.10 11.02 16.79 17.08 15.84 12.48 11.02 9.42 7.23 5.48 5.26 6.57 6.57 8.25 7.74 7.81 10.07 10.15 10.51 14.75 20.44 15.40 11.61 10.22 10.00 9.42 8.83 8.98 9.64 10.95 12.41 13.80 14.45 16.28 16.21 15.77 17.30 17.30 18.03 19.05 21.97 19.49 16.50 16.43 23.65 27.23 27.59 24.67 19.93 15.62 12.92
19.35 16.79 16.86 18.25 17.81 18.47 18.98 17.23 16.50 16.28 15.99 13.14 13.36 12.78 13.51 15.84 18.18 20.66 23.43 23.43 24.24 24.60 19.78 14.75 12.63 10.15 12.34 13.36 11.75 9.49 7.37 8.47 8.61 10.44 10.37 10.80 12.34 11.53 11.02 9.27 8.40 8.76 8.40 8.61 8.61 9.64 8.83 9.93 11.17 10.00 9.49 12.85 15.11 15.77 14.02 11.83 11.61 13.07 11.53 10.07 11.68 13.14 14.60 14.02 13.94 15.18 20.22 23.36 27.38 27.38 27.23 22.12 20.88 20.15 19.86 21.17 28.40 33.65 33.14 27.89 21.39 19.49 17.67
19.35 16.79 16.86 18.25 17.81 18.47 18.98 17.23 16.50 16.28 15.99 13.14 13.36 12.78 13.51 15.84 18.18 20.66 23.43 23.43 24.24 24.60 19.78 14.75 12.63 10.15 12.34 13.36 11.75 9.49 7.37 8.47 8.61 10.44 10.37 10.80 12.34 11.53 11.02 9.27 8.40 8.76 8.40 8.61 8.61 9.64 8.83 9.93 11.17 10.00 9.49 12.85 15.11 15.77 14.02 11.83 11.61 13.07 11.53 10.07 11.68 13.14 14.60 14.02 13.94 15.18 20.22 23.36 27.38 27.38 27.23 22.12 20.88 20.15 19.86 21.17 28.40 33.65 33.14 27.89 21.39 19.49 17.67
17.52 16.35 16.79 16.72 15.55 14.31 12.70 13.51 13.14 12.78 12.34 11.90 12.41 10.95 13.58 17.52 21.46 23.73 26.21 26.21 25.11 22.78 20.37 16.21 13.07 14.02 10.66 11.02 8.61 8.10 8.76 8.54 7.88 7.52 8.18 10.15 13.51 14.60 12.12 11.83 12.12 14.02 12.78 12.78 12.78 10.51 9.34 9.71 12.34 12.99 13.21 16.06 18.03 15.26 12.70 13.94 16.35 19.35 22.41 24.24 17.67 14.75 14.82 14.38 14.31 15.48 17.01 20.00 22.19 22.19 24.45 23.58 22.48 22.12 23.65 27.81 32.70 34.38 35.19 35.99 30.30 27.23 24.31
14.45 16.06 16.86 15.48 13.94 11.90 11.17 12.78 13.72 13.36 14.31 14.82 15.84 20.22 24.24 25.55 26.57 26.35 25.04 25.04 23.00 20.44 19.05 17.08 15.99 11.39 10.51 10.44 10.51 11.90 12.92 15.70 14.82 14.97 14.38 17.67 18.98 19.86 17.59 15.26 15.84 13.80 13.29 11.83 11.83 12.26 14.16 15.77 17.59 16.35 16.28 16.64 17.16 17.30 16.94 16.06 16.21 17.74 19.35 18.18 17.08 17.96 19.35 17.74 18.32 16.64 16.86 22.92 20.00 20.00 23.21 24.09 25.19 23.51 24.38 26.50 28.25 28.62 24.24 22.78 24.31 21.24 18.32
17.16 14.02 13.87 14.82 14.45 12.92 11.61 10.73 10.95 12.26 16.72 18.76 20.51 21.83 23.65 23.51 23.43 22.85 18.61 18.61 16.57 15.04 15.62 16.72 15.77 11.24 10.51 14.16 15.77 17.59 17.37 22.05 21.24 19.49 18.25 20.59 17.96 15.55 15.11 13.80 12.56 14.24 16.57 17.37 17.37 16.72 17.96 18.91 19.93 20.95 20.44 19.20 19.71 19.56 19.05 19.35 21.10 22.19 20.59 15.77 13.29 13.36 15.48 18.18 19.71 19.13 18.61 16.94 16.64 16.64 20.73 19.93 20.15 17.52 14.97 19.42 21.83 13.94 7.45 9.49 18.76 27.59 22.78
18.10 13.72 15.70 16.86 16.43 15.04 11.32 9.27 10.37 11.53 14.31 17.01 17.16 17.45 17.52 16.79 17.96 18.91 17.89 17.89 16.72 14.75 15.11 17.81 18.25 16.06 16.79 13.51 16.06 21.68 21.46 22.85 21.10 16.50 14.16 12.70 9.27 6.57 8.69 11.53 12.63 15.40 18.18 18.32 18.32 16.64 15.84 15.62 15.91 17.08 20.44 21.02 18.25 19.20 23.58 24.97 27.23 24.60 19.71 13.36 10.07 10.29 10.00 9.93 11.24 14.38 18.32 18.25 17.30 17.30 21.24 20.81 19.13 14.45 11.61 17.89 20.81 12.05 0.00 7.88 25.77 25.92 24.53
18.10 13.72 15.70 16.86 16.43 15.04 11.32 9.27 10.37 11.53 14.31 17.01 17.16 17.45 17.52 16.79 17.96 18.91 17.89 17.89 16.72 14.75 15.11 17.81 18.25 16.06 16.79 13.51 16.06 21.68 21.46 22.85 21.10 16.50 14.16 12.70 9.27 6.57 8.69 11.53 12.63 15.40 18.18 18.32 18.32 16.64 15.84 15.62 15.91 17.08 20.44 21.02 18.25 19.20 23.58 24.97 27.23 24.60 19.71 13.36 10.07 10.29 10.00 9.93 11.24 14.38 18.32 18.25 17.30 17.30 21.24 20.81 19.13 14.45 11.61 17.89 20.81 12.05 0.00 7.88 25.77 25.92 24.53
14.09 14.09 16.64 17.45 17.52 17.81 11.90 7.74 6.50 6.72 8.69 11.32 13.80 16.43 17.45 16.13 17.30 19.05 17.37 17.37 14.31 12.05 10.44 12.26 17.23 17.96 17.01 13.51 14.38 15.11 16.57 18.32 18.83 15.26 14.16 9.20 6.94 7.59 9.34 12.41 14.24 15.62 15.77 14.60 14.60 15.40 16.35 15.99 16.28 16.21 16.72 18.91 17.89 17.08 18.91 19.93 20.08 17.89 12.99 10.00 9.27 13.72 14.89 11.02 11.32 12.85 17.01 22.48 20.88 20.88 23.00 21.02 18.10 17.45 21.32 26.79 24.53 11.10 0.00 11.90 23.00 20.59 20.66
16.43 19.05 20.29 22.19 22.78 20.22 15.26 12.85 9.20 7.52 10.66 12.41 15.04 20.08 23.80 23.94 22.27 22.19 19.93 19.93 15.91 13.29 9.78 12.70 15.18 19.20 19.20 18.10 19.56 18.25 19.71 20.59 23.21 24.31 21.46 17.23 12.56 12.99 12.34 14.67 16.06 17.08 17.45 17.67 17.67 18.76 18.54 17.52 17.67 16.06 13.21 12.92 16.06 16.43 16.57 16.86 17.96 15.91 13.80 14.53 13.36 19.71 19.56 17.23 14.60 14.53 16.21 20.00 24.09 24.09 26.57 26.65 23.87 22.12 22.92 23.00 15.48 8.47 7.74 12.70 15.04 17.45 18.98
10.66 12.78 16.13 18.54 21.46 22.34 21.02 19.05 15.18 11.10 11.75 14.97 14.45 15.62 16.72 17.81 18.18 19.49 22.48 22.48 22.63 20.66 16.35 11.90 12.85 17.08 20.51 19.64 20.08 18.83 18.47 21.02 22.19 23.14 21.39 19.20 16.43 12.78 10.07 8.61 8.91 13.36 18.32 21.46 21.46 23.00 22.12 15.99 16.06 17.96 17.30 18.18 19.93 17.96 16.06 17.08 15.91 19.20 19.05 18.98 22.56 27.23 25.70 22.85 21.75 19.56 22.27 26.06 28.32 28.32 21.75 16.50 15.33 16.35 15.33 12.19 7.08 6.64 9.42 11.32 13.43 15.55 14.82
7.81 10.22 13.36 16.43 19.56 21.61 22.05 18.10 16.57 14.02 15.55 16.86 17.52 15.48 14.02 10.73 12.85 14.45 17.30 17.30 17.23 16.50 18.91 17.67 15.99 17.23 19.56 19.49 18.10 14.82 14.02 13.94 17.16 20.81 18.10 11.17 7.23 7.45 7.52 6.86 7.30 9.93 17.23 25.19 25.19 27.96 26.79 23.51 21.46 27.59 25.92 24.16 24.02 22.12 20.00 23.00 25.40 22.05 18.40 18.32 19.86 20.73 20.15 21.17 21.39 25.26 25.40 26.57 25.70 25.70 13.65 8.03 8.47 9.64 7.15 6.42 5.33 6.20 7.52 10.07 10.00 11.75 12.41
7.81 10.59 12.92 15.33 12.70 12.34 13.29 17.16 21.46 23.73 26.79 27.23 28.62 28.54 26.57 19.86 15.62 15.11 16.72 16.72 16.43 17.96 20.37 20.08 21.75 22.78 24.24 23.29 19.78 16.72 13.58 11.68 13.07 17.74 15.04 6.86 3.29 0.00 0.00 4.67 9.13 8.40 8.10 13.72 13.72 19.93 18.69 17.52 18.69 20.44 23.80 27.38 29.49 29.42 30.66 32.85 31.17 25.19 20.22 19.05 19.42 18.76 18.61 19.05 18.18 23.94 24.89 24.60 18.54 18.54 11.97 8.25 6.72 4.82 4.60 5.40 5.62 5.84 6.13 6.13 7.45 10.95 8.69
7.81 10.59 12.92 15.33 12.70 12.34 13.29 17.16 21.46 23.73 26.79 27.23 28.62 28.54 26.57 19.86 15.62 15.11 16.72 16.72 16.43 17.96 20.37 20.08 21.75 22.78 24.24 23.29 19.78 16.72 13.58 11.68 13.07 17.74 15.04 6.86 3.29 0.00 0.00 4.67 9.13 8.40 8.10 13.72 13.72 19.93 18.69 17.52 18.69 20.44 23.80 27.38 29.49 29.42 30.66 32.85 31.17 25.19 20.22 19.05 19.42 18.76 18.61 19.05 18.18 23.94 24.89 24.60 18.54 18.54 11.97 8.25 6.72 4.82 4.60 5.40 5.62 5.84 6.13 6.13 7.45 10.95 8.69
7.88 9.05 11.97 12.56 12.70 11.75 11.90 17.89 22.48 24.02 27.08 29.57 29.86 29.78 33.00 33.00 27.74 24.67 22.12 22.12 21.83 23.51 23.73 24.16 26.50 30.22 32.19 31.68 27.23 23.94 16.57 11.90 10.00 6.57 6.57 3.65 0.00 0.00 0.00 0.00 3.80 5.55 2.56 4.67 4.67 7.59 8.47 8.25 8.69 9.34 10.44 11.46 13.87 17.45 21.17 23.00 22.92 18.54 14.09 11.68 16.57 19.56 19.56 21.46 22.34 22.63 23.80 21.61 20.73 20.73 18.18 19.78 15.18 7.96 9.93 8.25 6.64 6.28 5.69 5.77 7.81 8.98 8.54
8.69 7.37 11.24 12.48 13.87 16.13 17.23 22.92 28.76 30.37 29.93 29.05 25.48 23.65 24.53 26.65 25.77 24.02 23.87 23.87 24.45 25.40 25.26 24.89 22.64 23.77 26.46 23.74 23.07 16.86 11.02 8.91 6.64 5.18 0.00 0.00 0.00 0.00 0.00 0.00 0.00 0.00 0.00 0.00 0.00 3.43 4.23 4.82 4.09 3.50 4.38 4.96 6.06 7.96 8.69 8.32 8.91 7.45 7.74 11.24 15.26 15.40 15.70 22.05 23.58 22.85 23.14 21.61 22.34 22.34 24.75 27.01 24.45 18.32 12.63 7.59 4.89 4.60 4.53 5.91 8.25 10.44 8.25
11.90 13.07 16.86 20.66 23.43 26.79 32.34 34.09 33.00 32.12 27.96 24.53 23.14 21.97 19.27 19.49 23.14 24.02 26.35 26.35 28.69 30.81 32.63 29.20 27.96 27.04 20.71 22.49 24.61 22.48 17.23 13.21 9.34 5.99 1.68 0.00 0.00 2.48 4.31 4.60 3.21 1.17 0.00 0.00 0.00 0.00 0.00 2.85 2.85 0.00 0.00 0.00 0.00 2.04 3.21 3.50 2.12 2.77 4.23 8.54 15.55 16.21 14.60 21.10 21.32 23.07 20.08 20.00 22.41 22.41 22.85 22.27 17.01 14.16 10.29 6.72 6.06 6.13 6.13 6.86 6.06 5.91 5.11
13.43 14.45 15.18 18.91 21.75 23.29 26.43 27.81 26.79 23.29 19.64 16.79 15.18 11.32 11.53 15.91 23.14 27.23 29.42 29.42 25.04 29.35 29.35 32.06 28.97 28.07 25.27 27.96 24.85 24.68 19.81 15.48 14.60 11.17 6.64 2.63 2.56 4.09 5.48 4.16 0.00 0.00 0.00 0.00 0.00 0.00 0.00 0.00 2.77 0.00 0.00 0.00 0.00 0.00 0.00 0.00 0.00 0.00 0.00 3.72 12.99 17.81 17.74 18.61 19.64 20.37 24.60 24.89 25.11 25.11 25.33 22.85 19.20 16.28 13.80 13.87 12.34 9.34 8.32 9.13 5.77 2.77 5.48
15.11 14.60 13.94 15.99 16.50 16.57 17.81 18.69 17.23 14.24 11.97 11.53 11.46 8.91 8.32 13.43 18.03 21.90 23.58 23.58 17.73 20.28 25.27 27.24 29.49 31.42 30.22 30.71 30.79 32.51 26.10 23.55 23.65 19.71 13.87 12.26 9.20 4.96 4.23 2.63 0.00 0.00 2.99 0.00 0.00 0.00 0.00 0.00 0.00 0.00 0.00 0.00 0.00 0.00 0.00 0.00 0.00 0.00 0.00 3.94 11.39 17.30 19.86 21.61 20.29 22.19 26.21 27.74 27.74 27.74 26.06 24.45 23.21 22.19 19.64 17.59 14.89 8.40 6.64 6.42 4.96 3.87 5.40
15.11 14.60 13.94 15.99 16.50 16.57 17.81 18.69 17.23 14.24 11.97 11.53 11.46 8.91 8.32 13.43 18.03 21.90 23.58 23.70 18.31 20.59 27.06 26.56 30.25 30.95 30.22 29.78 28.61 30.38 26.50 23.79 24.64 22.15 14.68 12.58 9.20 4.96 4.23 2.63 0.00 0.00 2.99 0.00 0.00 0.00 0.00 0.00 0.00 0.00 0.00 0.00 0.00 0.00 0.00 0.00 0.00 0.00 0.00 3.94 11.39 17.30 19.86 21.61 20.29 22.19 26.21 27.74 27.74 27.74 26.06 24.45 23.21 22.19 19.64 17.59 14.89 8.40 6.64 6.42 4.96 3.87 5.40
17.16 16.06 15.04 15.70 15.40 14.82 14.60 14.16 15.11 15.18 11.68 12.26 12.41 10.66 11.68 16.64 21.83 24.67 23.80 23.80 14.67 14.09 11.24 12.99 18.45 23.88 26.99 34.66 36.10 36.28 32.79 27.14 24.81 31.32 30.91 21.45 14.83 10.54 6.42 4.45 2.41 0.00 3.50 4.67 4.67 0.00 0.00 0.00 0.00 0.00 0.00 0.00 0.00 0.00 0.00 0.00 0.00 0.00 0.00 2.41 5.33 14.45 17.59 20.37 25.48 25.70 24.09 23.43 22.63 22.63 21.17 21.17 21.17 19.64 17.52 14.31 10.88 8.18 6.06 4.74 2.41 3.29 5.55
14.24 14.09 13.51 12.34 9.49 11.24 12.48 15.77 20.00 21.53 21.32 21.24 19.05 16.94 16.94 18.40 22.27 25.92 16.28 16.28 16.95 13.21 9.76 8.25 11.90 12.18 14.08 19.35 32.53 35.90 37.09 31.03 27.52 25.48 29.28 29.20 27.38 18.68 11.15 6.64 4.23 2.99 0.00 0.00 0.00 0.00 0.00 0.00 3.14 4.31 0.00 0.00 0.00 4.09 0.00 0.00 0.00 0.00 0.00 0.00 7.66 8.54 10.73 19.71 24.24 24.89 20.37 18.47 20.15 20.15 18.40 15.91 14.24 11.46 10.51 8.54 7.15 5.99 5.04 4.23 3.58 4.02 4.60
10.15 14.38 17.01 17.96 18.10 15.33 11.53 11.90 14.16 14.45 15.40 15.62 12.78 9.78 10.00 15.18 17.89 19.13 10.51 10.51 10.95 10.59 9.13 8.83 9.13 7.45 6.79 11.17 16.30 25.11 31.35 33.94 33.51 31.97 29.05 29.89 28.97 27.03 20.95 18.69 15.48 9.42 0.00 0.00 0.00 0.00 0.00 0.00 0.00 2.77 5.04 7.30 5.62 6.72 5.26 0.00 0.00 0.00 0.00 0.00 0.00 6.35 12.12 17.96 20.29 17.81 15.62 13.72 12.41 12.41 10.95 7.01 3.80 3.72 4.16 4.02 4.67 5.91 8.25 6.13 7.45 8.47 9.64
10.66 15.62 16.72 19.42 20.29 20.37 23.94 26.57 28.76 27.16 24.02 19.78 16.35 15.18 13.65 12.85 13.51 11.10 10.37 10.37 6.94 6.13 6.35 6.64 8.10 5.26 7.23 9.64 13.43 18.47 24.38 29.49 31.32 35.62 35.19 33.87 33.65 31.13 28.90 26.97 22.42 17.74 9.49 4.16 4.16 2.34 0.00 0.00 0.00 0.00 0.00 2.70 3.29 5.99 8.03 5.84 0.00 0.00 0.00 0.00 0.00 0.00 9.71 13.07 12.12 9.42 7.45 8.76 7.96 7.96 4.82 1.68 0.00 0.00 0.00 2.41 3.29 4.74 7.01 7.52 7.52 10.15 11.68
8.76 9.78 14.31 16.64 14.53 16.06 18.40 21.24 23.73 29.20 31.76 31.68 27.38 21.10 18.32 13.65 8.98 0.00 0.00 0.00 9.49 12.92 12.12 11.46 11.68 10.37 10.51 10.37 11.95 16.43 18.76 19.71 24.60 31.68 35.77 36.21 36.28 34.02 31.39 29.87 26.13 21.86 15.48 9.93 9.93 5.33 3.58 3.29 4.31 0.00 0.00 2.19 2.92 3.94 5.84 5.62 3.87 0.00 6.50 5.62 6.28 6.28 6.57 5.40 3.07 2.26 2.48 2.56 2.77 2.77 0.00 0.00 0.00 0.00 0.00 2.26 1.61 2.77 5.26 5.77 6.79 7.59 6.50
5.11 4.38 8.03 10.95 15.62 20.29 21.02 20.08 17.01 16.70 20.22 23.73 21.17 13.58 9.49 6.35 4.60 0.00 0.00 0.00 0.00 6.28 11.24 12.34 13.07 13.51 14.24 14.16 13.43 14.82 17.40 17.47 17.02 20.02 23.58 23.21 22.27 26.79 27.50 29.05 26.06 21.38 18.03 14.24 14.24 8.83 6.50 4.23 3.36 0.00 0.00 3.58 0.00 0.00 2.56 5.77 5.84 0.00 5.04 5.99 6.42 4.23 4.02 4.45 0.00 0.00 0.00 0.00 0.00 0.00 0.00 0.00 0.00 0.00 0.00 0.00 0.00 3.36 0.00 3.58 3.07 4.02 4.89
5.11 4.38 8.03 10.95 15.62 20.29 21.02 20.08 17.01 16.28 20.22 23.73 21.17 13.58 9.49 6.35 4.60 0.00 0.00 0.00 0.00 6.28 11.24 12.34 13.07 13.51 14.24 14.16 13.43 14.60 16.79 16.86 16.94 19.42 23.58 23.33 22.38 26.79 27.37 29.35 26.06 21.17 18.03 14.24 14.24 8.83 6.50 4.23 3.36 0.00 0.00 3.58 0.00 0.00 2.56 5.77 5.84 0.00 5.04 5.99 6.42 4.23 4.02 4.45 0.00 0.00 0.00 0.00 0.00 0.00 0.00 0.00 0.00 0.00 0.00 0.00 0.00 3.36 0.00 3.58 3.07 4.02 4.89
7.52 6.79 5.40 0.00 0.00 26.13 32.19 27.96 24.31 16.30 13.87 14.24 13.65 10.44 6.94 4.23 0.00 0.00 0.00 0.00 0.00 0.00 9.78 12.92 10.59 10.59 13.80 13.80 13.80 16.13 19.35 20.59 17.52 15.04 13.58 11.68 11.75 16.13 20.66 20.03 18.54 15.84 12.78 13.72 13.72 10.95 8.40 7.66 7.96 7.52 7.01 6.94 0.00 0.00 4.31 5.33 5.62 5.33 7.15 8.03 7.74 5.77 4.45 3.29 2.85 0.00 0.00 0.00 0.00 0.00 0.00 0.00 0.00 0.00 0.00 0.00 0.00 0.00 0.00 0.00 0.00 2.77 0.00
