Wansh/Snow_depth/snowdepth-1981/winter/1981355.txt
ncols 321
nrows 161
xllcenter 60
yllcenter 15 
cellsize  0.25 
NODATA_value -1
[rows 0 to 36 of 161, columns 84 to 167 of 321]
17.45 19.13 19.27 19.05 19.56 19.78 7.59 6.64 8.76 11.17 11.39 11.68 13.21 13.58 14.89 17.74 19.35 19.35 19.35 19.78 20.59 19.49 16.35 10.88 7.96 5.69 0.00 0.00 0.00 0.00 0.00 0.00 0.00 19.49 21.10 19.42 19.56 19.56 18.91 16.50 14.45 14.31 14.82 14.82 5.77 0.22 1.61 2.92 4.89 7.59 10.15 0.00 0.00 0.00 10.29 0.00 0.00 0.00 0.00 0.00 3.36 2.77 3.50 2.77 3.14 3.43 3.58 4.45 4.45 5.69 7.59 8.54 8.47 6.72 5.77 6.57 7.52 9.13 10.15 9.64 7.37 5.99 5.48 5.69
15.48 16.72 17.01 16.86 17.89 5.77 5.18 2.99 7.66 11.24 12.78 12.63 10.80 9.05 8.40 10.51 14.45 17.37 17.37 17.37 19.13 20.88 20.81 15.26 10.51 8.25 6.13 4.89 5.33 4.96 0.00 0.00 0.00 12.70 14.97 16.28 15.84 16.06 14.89 13.65 12.05 7.08 13.58 13.58 9.42 0.00 0.00 0.00 0.00 0.00 0.00 0.00 0.00 0.00 0.00 5.99 5.84 0.00 0.00 0.00 7.59 5.62 6.06 4.45 4.16 5.69 7.59 9.56 9.56 8.76 9.05 9.42 8.54 9.34 9.93 10.95 10.29 11.17 10.66 9.78 8.76 7.88 6.86 7.45
12.92 13.51 11.90 13.72 3.58 6.06 10.29 12.99 15.40 18.76 20.29 19.42 15.04 12.26 9.64 6.50 6.06 8.47 8.47 12.34 15.62 17.16 21.53 20.08 15.40 10.44 7.88 6.20 6.57 6.28 0.00 0.00 6.79 9.56 13.51 17.52 19.56 20.81 21.02 21.39 18.25 19.27 19.93 19.93 19.93 18.10 13.29 8.40 4.53 3.36 3.87 4.09 4.38 4.82 6.64 0.00 0.00 10.73 10.73 12.56 12.05 12.26 11.61 11.02 9.27 8.40 9.71 10.88 10.88 10.88 8.25 8.18 7.88 9.42 11.46 12.12 11.32 10.80 10.00 10.15 11.10 14.53 14.16 12.56
12.92 13.51 11.90 13.72 3.58 6.06 10.29 12.99 15.40 18.76 20.29 19.42 15.04 12.26 9.64 6.50 6.06 8.47 8.47 12.34 15.62 17.16 21.53 20.08 15.40 10.44 7.88 6.20 6.57 6.28 0.00 0.00 6.79 9.56 13.51 17.52 19.56 20.81 21.02 21.39 18.25 19.27 19.93 19.93 19.93 18.10 13.29 8.40 4.53 3.36 3.87 4.09 4.38 4.82 6.64 0.00 0.00 10.73 10.73 12.56 12.05 12.26 11.61 11.02 9.27 8.40 9.71 10.88 10.88 10.88 8.25 8.18 7.88 9.42 11.46 12.12 11.32 10.80 10.00 10.15 11.10 14.53 14.16 12.56
11.97 11.61 11.90 7.81 0.00 0.00 0.00 0.00 16.06 20.29 20.66 20.29 18.03 15.99 15.18 13.07 9.86 6.86 6.86 6.64 8.32 14.31 18.10 19.86 18.76 14.60 8.54 5.69 6.06 5.62 4.89 0.00 0.00 7.81 15.84 20.15 19.78 20.00 20.51 22.34 16.43 16.50 19.42 19.42 21.39 21.32 19.56 16.50 10.37 8.10 5.99 4.67 3.72 3.80 2.99 3.50 5.48 6.94 10.22 14.38 15.99 16.57 16.21 14.67 16.28 15.48 16.50 13.80 13.80 12.19 11.10 10.44 10.29 11.32 11.68 13.36 12.41 12.48 10.07 7.88 7.66 10.22 12.48 12.63
15.55 14.53 0.00 10.66 9.78 7.96 7.37 8.03 11.17 13.94 16.13 18.40 19.56 18.47 18.10 18.25 18.18 16.13 16.13 12.70 10.37 9.20 11.02 14.38 16.86 14.45 10.44 8.32 6.86 5.77 5.91 6.94 7.66 9.34 11.46 13.43 14.60 15.84 15.48 11.53 11.46 14.67 16.79 16.79 15.91 17.67 20.81 19.49 14.31 9.05 5.91 2.92 2.56 2.56 2.56 2.92 4.38 6.86 11.24 12.92 15.62 17.59 19.93 20.81 20.08 17.45 15.55 12.48 12.48 12.48 12.70 12.34 11.61 11.17 9.13 8.40 7.23 5.99 8.47 10.66 11.90 12.56 11.53 12.26
17.37 0.00 0.00 0.00 11.61 11.75 10.88 10.51 12.56 12.85 14.31 14.60 16.06 16.43 16.06 17.23 17.23 17.45 17.45 17.96 16.35 11.68 9.93 11.83 13.07 11.24 8.25 7.08 6.06 5.48 5.26 6.20 8.18 8.76 8.61 10.51 9.78 11.46 11.61 11.32 11.24 12.85 16.06 16.06 15.77 15.70 16.57 17.01 12.63 6.06 3.29 3.21 3.87 3.87 5.69 7.08 8.76 11.75 13.87 15.04 16.35 20.44 24.97 23.21 23.14 19.05 18.03 16.06 16.06 14.97 15.33 16.50 18.25 16.50 14.45 13.29 11.39 10.15 8.98 8.98 12.12 13.29 13.80 15.99
17.37 0.00 0.00 0.00 11.61 11.75 10.88 10.51 12.56 12.85 14.31 14.60 16.06 16.43 16.06 17.23 17.23 17.45 17.45 17.96 16.35 11.68 9.93 11.83 13.07 11.24 8.25 7.08 6.06 5.48 5.26 6.20 8.18 8.76 8.61 10.51 9.78 11.46 11.61 11.32 11.24 12.85 16.06 16.06 15.77 15.70 16.57 17.01 12.63 6.06 3.29 3.21 3.87 3.87 5.69 7.08 8.76 11.75 13.87 15.04 16.35 20.44 24.97 23.21 23.14 19.05 18.03 16.06 16.06 14.97 15.33 16.50 18.25 16.50 14.45 13.29 11.39 10.15 8.98 8.98 12.12 13.29 13.80 15.99
0.00 0.00 0.00 0.00 0.00 11.39 13.72 13.36 14.82 13.80 13.65 11.46 10.80 14.38 16.50 16.35 14.53 14.24 14.24 15.26 16.94 16.06 14.16 14.16 12.63 11.32 8.98 7.52 8.54 8.91 7.08 5.11 4.67 7.59 12.05 16.13 15.18 11.24 10.73 10.37 8.61 8.18 8.83 8.83 8.18 8.61 7.15 5.84 5.69 4.23 3.43 4.09 4.89 6.13 6.42 7.30 8.10 11.61 13.21 14.02 15.11 17.01 18.47 17.01 18.25 19.27 18.10 17.67 17.67 16.28 18.03 19.05 18.32 16.64 15.40 14.24 12.85 12.99 13.21 11.32 9.64 9.78 10.66 13.43
0.00 0.00 0.00 0.00 0.00 15.99 14.82 15.11 14.09 11.17 7.45 7.59 8.32 10.51 13.65 13.72 12.70 12.70 12.70 13.58 15.18 17.16 15.77 11.83 9.86 8.47 9.64 9.64 10.15 9.78 8.83 6.64 8.47 14.67 16.28 17.37 11.39 9.71 5.99 4.82 5.69 4.31 3.21 3.21 3.50 4.89 4.89 4.96 7.88 9.20 10.44 12.05 11.90 11.97 12.63 12.34 12.34 13.07 12.12 11.75 12.48 13.07 11.02 11.90 12.99 12.99 12.41 12.34 12.34 13.51 15.18 17.23 17.52 14.75 11.39 13.87 19.78 21.32 19.93 17.74 12.34 9.56 9.13 9.27
0.00 0.00 0.00 12.19 13.14 12.05 9.78 9.56 8.03 6.42 4.74 4.23 4.89 5.40 5.99 7.81 9.05 10.15 10.15 11.46 13.58 12.19 9.27 8.32 7.74 8.10 9.42 9.34 8.10 7.81 6.94 6.57 6.64 7.66 9.13 7.81 8.83 8.10 5.69 5.91 5.55 6.13 7.23 7.23 7.81 9.27 8.61 10.95 11.61 12.99 14.16 15.91 14.82 12.34 12.34 12.99 15.70 16.21 14.09 13.58 15.62 14.31 12.34 12.05 12.48 14.53 19.35 22.85 22.85 22.05 20.00 19.42 21.46 18.32 15.33 14.45 18.10 21.75 20.29 16.06 14.45 12.63 11.32 9.20
0.00 0.00 0.00 12.19 13.14 12.05 9.78 9.56 8.03 6.42 4.74 4.23 4.89 5.40 5.99 7.81 9.05 10.15 10.15 11.46 13.58 12.19 9.27 8.32 7.74 8.10 9.42 9.34 8.10 7.81 6.94 6.57 6.64 7.66 9.13 7.81 8.83 8.10 5.69 5.91 5.55 6.13 7.23 7.23 7.81 9.27 8.61 10.95 11.61 12.99 14.16 15.91 14.82 12.34 12.34 12.99 15.70 16.21 14.09 13.58 15.62 14.31 12.34 12.05 12.48 14.53 19.35 22.85 22.85 22.05 20.00 19.42 21.46 18.32 15.33 14.45 18.10 21.75 20.29 16.06 14.45 12.63 11.32 9.20
0.00 0.00 0.00 9.56 7.88 7.01 6.57 7.01 7.81 7.08 5.62 5.77 5.48 5.48 6.06 7.01 7.30 9.20 9.20 9.49 10.15 8.69 7.01 7.81 9.78 8.47 6.79 5.55 5.40 6.64 6.86 5.69 4.96 6.72 4.38 8.47 9.05 9.13 8.10 8.61 9.27 12.70 12.12 12.12 11.02 10.66 10.95 12.41 14.16 19.35 20.59 19.42 18.54 16.28 13.65 13.65 21.10 22.19 20.95 18.98 15.55 14.38 14.53 14.16 12.56 12.63 15.48 20.37 20.37 22.27 22.85 22.19 20.51 21.10 21.83 20.08 19.35 20.37 20.29 18.10 19.05 19.49 17.59 14.89
10.51 0.00 0.00 5.04 3.07 3.14 5.26 0.00 8.25 7.81 6.57 6.79 7.88 8.25 0.00 0.00 8.03 8.18 8.18 7.81 8.76 7.37 8.32 8.47 6.79 6.06 7.23 6.35 6.57 8.91 11.90 13.29 13.51 12.26 12.85 15.11 15.04 13.65 13.65 14.53 12.78 12.70 12.05 12.05 12.26 12.19 12.56 14.16 14.89 15.99 17.37 17.67 17.81 17.45 16.35 17.52 16.28 17.74 16.86 17.01 18.25 17.89 20.29 18.91 16.06 17.01 18.10 20.37 20.37 23.94 25.19 25.92 23.87 21.75 20.73 19.64 17.23 18.54 16.28 15.77 14.24 13.87 14.09 12.41
0.00 5.04 2.92 0.00 0.00 0.00 5.91 7.59 9.64 10.07 8.91 7.45 8.10 8.76 8.98 10.00 10.51 10.51 10.51 9.56 8.83 9.05 10.15 9.13 6.42 6.42 8.69 9.56 12.41 15.84 19.05 23.65 21.83 17.30 15.62 14.82 11.97 11.46 11.02 9.27 8.61 8.83 7.74 7.74 8.32 8.69 9.93 11.02 12.12 14.97 17.96 18.61 20.22 20.95 21.24 22.12 19.35 17.89 14.67 13.29 14.09 14.53 18.03 18.98 18.76 19.20 17.74 17.52 17.52 20.81 22.56 21.68 19.86 18.47 15.26 15.26 8.03 0.00 0.00 8.54 14.24 14.89 12.70 13.51
0.00 0.00 4.67 5.69 6.94 5.48 5.18 7.74 8.03 8.18 8.25 8.69 9.42 9.56 10.15 11.90 11.83 11.02 11.02 10.44 9.42 10.59 13.58 16.06 15.99 14.09 11.17 10.73 14.31 19.35 23.07 25.33 18.61 13.29 11.39 7.23 6.06 5.48 3.87 4.38 5.33 6.57 7.59 7.59 8.25 11.46 12.34 11.83 13.80 15.18 15.70 15.33 17.01 22.41 29.86 29.49 25.77 20.37 12.78 10.80 11.24 11.97 13.72 13.94 14.75 18.61 20.66 20.22 20.22 21.02 21.17 21.68 17.01 12.70 12.41 11.53 8.32 0.00 0.00 10.15 11.90 12.78 13.29 15.48
0.00 0.00 4.67 5.69 6.94 5.48 5.18 7.74 8.03 8.18 8.25 8.69 9.42 9.56 10.15 11.90 11.83 11.02 11.02 10.44 9.42 10.59 13.58 16.06 15.99 14.09 11.17 10.73 14.31 19.35 23.07 25.33 18.61 13.29 11.39 7.23 6.06 5.48 3.87 4.38 5.33 6.57 7.59 7.59 8.25 11.46 12.34 11.83 13.80 15.18 15.70 15.33 17.01 22.41 29.86 29.49 25.77 20.37 12.78 10.80 11.24 11.97 13.72 13.94 14.75 18.61 20.66 20.22 20.22 21.02 21.17 21.68 17.01 12.70 12.41 11.53 8.32 0.00 0.00 10.15 11.90 12.78 13.29 15.48
0.00 0.00 0.00 8.98 9.56 8.03 6.86 7.45 8.76 9.42 10.51 10.95 14.24 13.43 11.39 10.73 11.02 11.68 11.68 10.07 9.64 8.54 9.86 12.41 15.11 15.33 12.19 11.61 12.70 17.01 20.88 18.91 21.17 18.47 10.29 7.08 5.18 4.02 5.48 6.06 8.54 11.90 12.78 12.78 14.24 16.28 16.79 16.43 14.89 14.09 15.77 15.18 16.06 19.20 22.63 20.88 20.15 16.13 12.05 10.88 14.45 16.64 15.18 13.65 15.33 18.32 20.44 20.66 20.66 23.07 23.29 22.48 21.10 16.72 14.89 13.07 8.40 0.00 9.34 11.02 10.00 9.71 9.27 10.22
0.00 0.00 7.45 10.59 12.34 11.46 9.42 8.18 6.57 9.05 10.29 12.19 15.40 17.96 15.04 14.02 15.11 13.94 13.94 15.04 12.56 8.98 8.18 10.29 14.45 15.33 13.58 11.53 13.87 17.08 17.23 21.32 24.89 23.58 20.22 13.80 9.93 7.74 10.44 11.90 11.90 13.21 12.41 12.41 11.75 10.66 7.52 5.69 7.37 7.30 7.37 7.37 8.32 14.89 17.67 20.37 20.44 17.67 19.64 19.35 22.48 25.26 23.36 19.71 18.76 19.05 21.39 23.00 23.00 27.45 28.91 27.38 22.19 17.37 15.33 13.94 11.39 10.29 11.39 10.51 10.22 10.07 8.76 8.98
0.00 0.00 0.00 10.88 11.24 12.12 11.61 10.07 8.76 9.27 11.24 11.24 12.56 13.87 12.99 13.87 16.06 17.01 17.01 17.89 16.79 13.36 8.69 8.91 12.12 15.70 15.11 14.09 12.26 12.41 16.50 19.56 22.85 20.08 15.33 11.24 8.83 6.79 6.42 8.83 9.56 12.56 14.09 14.09 13.51 9.20 0.00 0.00 0.00 6.42 4.23 4.74 4.23 10.15 12.19 16.72 20.44 22.85 26.13 25.55 29.05 32.78 31.68 27.59 23.51 22.27 31.17 30.88 30.88 26.94 25.55 24.02 20.44 15.70 14.24 13.07 13.80 13.14 12.70 13.58 12.78 11.32 11.02 11.02
4.45 6.64 9.27 10.51 10.29 11.02 11.97 11.97 13.43 14.38 14.53 14.89 14.82 13.51 11.02 12.63 15.70 17.52 17.52 17.08 17.08 16.72 17.74 16.13 16.28 19.35 20.37 15.62 12.63 11.10 12.19 16.06 20.29 21.10 14.60 8.83 7.81 7.01 5.91 7.59 8.69 8.76 11.24 11.24 14.97 19.13 14.75 14.45 14.60 14.02 12.41 11.17 18.91 10.80 11.61 16.43 19.86 21.97 25.11 28.54 30.08 30.59 30.51 29.35 28.69 30.22 29.35 28.40 28.40 21.53 18.69 18.83 18.91 16.79 13.29 11.90 12.19 12.05 12.48 13.87 14.24 14.38 14.31 13.65
7.59 5.91 7.08 7.66 8.83 9.13 11.02 12.70 13.51 14.09 16.79 19.78 22.48 21.39 17.01 15.62 18.47 19.20 19.20 21.61 23.51 23.80 26.21 27.74 26.28 24.45 21.90 21.17 13.21 13.43 9.64 11.17 15.18 16.72 12.26 7.37 4.09 0.00 0.00 6.64 11.46 8.40 8.76 8.76 13.29 13.65 13.87 14.53 16.06 16.57 16.50 17.30 23.94 22.92 24.60 23.73 23.58 23.58 24.89 27.59 29.42 29.93 31.61 30.59 28.03 25.77 24.45 21.53 21.53 19.13 17.30 14.89 12.63 11.53 9.34 9.13 10.07 10.59 12.12 13.87 14.24 13.87 12.41 12.26
7.59 5.91 7.08 7.66 8.83 9.13 11.02 12.70 13.51 14.09 16.79 19.78 22.48 21.39 17.01 15.62 18.47 19.20 19.20 21.61 23.51 23.80 26.21 27.74 26.28 24.45 21.90 21.17 13.21 13.43 9.64 11.17 15.18 16.72 12.26 7.37 4.09 0.00 0.00 6.64 11.46 8.40 8.76 8.76 13.29 13.65 13.87 14.53 16.06 16.57 16.50 17.30 23.94 22.92 24.60 23.73 23.58 23.58 24.89 27.59 29.42 29.93 31.61 30.59 28.03 25.77 24.45 21.53 21.53 19.13 17.30 14.89 12.63 11.53 9.34 9.13 10.07 10.59 12.12 13.87 14.24 13.87 12.41 12.26
6.13 5.33 4.82 5.04 6.28 6.42 9.93 11.39 11.46 12.12 12.70 13.94 16.72 18.69 19.13 18.54 18.25 17.16 17.16 16.79 18.98 19.64 21.39 24.82 27.01 23.73 19.42 19.86 14.60 11.68 9.20 7.88 7.81 8.10 7.15 5.91 0.00 0.00 2.63 4.02 5.69 5.77 5.69 5.69 7.59 7.23 7.08 5.91 0.00 6.28 8.76 11.97 19.27 20.88 22.27 22.12 23.87 21.83 20.00 23.65 26.79 27.16 28.91 29.13 27.23 24.75 21.24 20.66 20.66 19.86 20.44 18.54 15.62 12.05 9.64 8.47 7.81 7.66 8.10 10.44 11.02 11.46 12.05 10.88
4.96 3.29 5.33 8.18 9.49 12.34 16.86 19.13 17.16 14.82 12.63 12.56 12.78 13.72 15.48 16.94 17.96 18.91 18.91 18.61 19.78 21.68 20.88 22.35 24.06 25.97 21.09 21.10 19.49 11.83 8.25 7.59 5.99 5.33 0.00 0.00 0.00 3.65 3.94 3.43 4.60 3.94 5.55 5.55 5.48 5.77 6.35 6.06 5.33 2.56 0.00 8.03 9.27 10.51 9.93 10.29 12.56 10.88 18.76 22.85 24.45 23.58 25.48 27.01 28.40 27.89 26.35 24.82 24.82 24.60 23.58 22.27 19.56 16.13 11.75 9.71 7.08 5.91 7.08 9.20 9.34 8.61 9.49 11.61
7.37 7.52 7.23 7.96 10.80 14.02 16.06 15.26 12.26 10.66 9.86 10.37 9.34 8.61 9.71 12.05 16.72 18.25 18.25 18.47 20.51 20.00 19.13 20.70 28.94 28.75 25.45 24.23 24.45 17.81 10.88 7.66 7.59 6.06 5.33 3.58 4.74 5.91 6.50 5.84 5.69 5.33 5.77 5.77 7.08 6.50 0.00 3.50 0.00 0.00 0.00 7.23 7.59 6.50 7.52 7.81 10.00 11.46 15.70 24.09 27.30 24.09 22.56 22.12 21.53 23.00 24.45 24.67 24.67 24.82 24.24 24.60 22.19 18.83 15.84 14.31 12.85 10.22 10.07 10.07 8.25 8.83 8.10 9.13
10.07 9.78 9.71 9.34 10.15 10.59 9.49 7.88 0.00 0.00 0.00 1.53 1.17 0.00 4.45 8.91 11.02 12.41 12.41 12.26 13.07 16.08 16.18 19.57 23.60 23.98 24.95 24.26 24.68 23.02 15.55 13.80 13.65 10.00 8.40 8.69 7.23 7.23 8.54 7.08 7.52 6.20 5.33 5.33 0.00 0.00 0.00 0.00 2.26 0.00 5.26 5.84 6.64 5.48 5.91 5.55 7.23 7.01 14.38 22.27 25.99 24.24 24.16 21.10 20.15 22.56 24.38 24.97 24.97 24.45 23.36 21.68 20.44 19.35 18.76 16.72 14.16 13.36 13.72 10.37 8.18 9.13 10.29 11.24
9.86 9.71 10.73 10.88 9.86 8.69 7.15 0.00 0.00 0.00 0.00 0.00 0.00 0.00 2.19 3.14 0.00 0.00 0.00 0.00 3.54 4.45 8.88 12.19 18.23 16.50 21.30 23.33 26.36 29.86 25.46 19.27 18.25 18.47 17.23 13.94 10.88 8.18 6.20 4.96 4.82 5.18 3.80 3.80 0.00 0.00 0.00 0.00 0.00 0.00 0.00 0.00 3.21 5.04 7.37 10.73 8.69 7.30 10.66 17.01 25.48 28.69 27.59 26.21 23.36 25.77 26.50 27.81 27.81 24.97 21.90 18.03 15.77 15.48 15.33 13.87 10.80 10.15 12.99 7.59 4.02 4.16 3.36 3.94
9.86 9.71 10.73 10.88 9.86 8.69 7.15 0.00 0.00 0.00 0.00 0.00 0.00 0.00 2.19 3.14 0.00 0.00 0.00 0.00 3.59 4.76 8.66 12.50 17.96 16.50 20.66 21.68 24.63 30.32 25.72 20.07 20.51 19.54 17.67 13.94 10.88 8.18 6.20 4.96 4.82 5.18 3.80 3.80 0.00 0.00 0.00 0.00 0.00 0.00 0.00 0.00 3.21 5.04 7.37 10.73 8.69 7.30 10.66 17.01 25.48 28.69 27.59 26.21 23.36 25.77 26.50 27.81 27.81 24.97 21.90 18.03 15.77 15.48 15.33 13.87 10.80 10.15 12.99 7.59 4.02 4.16 3.36 3.94
11.68 11.17 10.37 9.71 9.27 7.96 5.84 4.38 0.00 0.00 0.00 0.00 0.00 0.00 1.97 3.36 3.87 0.00 0.00 0.00 0.00 0.00 3.82 4.52 8.46 10.32 13.27 13.65 16.79 21.13 21.16 17.55 16.38 23.91 22.88 19.74 15.56 10.66 8.32 5.69 4.09 5.69 6.72 6.72 0.00 0.00 5.69 7.45 6.64 0.00 0.00 0.00 0.00 0.00 0.00 3.65 3.07 6.06 7.66 12.05 15.70 20.22 25.48 31.03 30.95 27.59 25.40 23.43 23.43 20.73 16.57 13.07 12.56 13.21 13.58 9.49 5.26 5.18 3.21 2.63 2.12 2.41 1.68 0.00
12.85 11.61 9.34 7.96 9.13 8.40 8.03 9.05 8.69 7.01 5.40 5.26 4.45 4.74 6.79 8.10 9.49 7.08 7.08 0.00 0.00 0.00 3.14 3.80 4.62 3.56 3.43 6.73 9.24 14.53 18.98 18.69 16.79 20.25 22.59 23.83 20.75 15.92 11.61 8.18 4.96 4.67 5.18 5.18 6.72 7.08 7.45 11.02 12.99 15.33 7.37 0.00 0.00 0.00 0.00 0.00 0.00 4.23 5.99 6.28 8.76 14.24 23.94 32.19 32.63 24.75 21.24 21.53 21.53 18.76 16.72 13.94 12.34 13.07 12.70 9.13 7.01 5.91 4.16 3.94 4.09 2.99 1.97 2.19
7.81 9.64 10.29 9.93 9.93 9.64 9.42 11.75 13.72 12.05 10.73 8.98 7.81 6.64 8.69 12.34 11.17 9.27 9.27 4.67 2.99 2.56 4.82 6.35 0.00 0.00 4.89 4.72 8.03 8.91 12.34 16.28 17.67 18.03 16.37 19.19 23.75 19.27 13.43 10.66 8.76 5.99 4.60 4.60 7.01 9.34 8.69 8.47 10.95 15.77 16.28 12.70 6.28 2.41 1.97 0.00 6.06 6.20 4.60 4.67 6.64 11.68 19.27 25.40 25.55 21.17 19.78 21.75 21.75 19.35 15.33 11.68 10.51 10.44 9.42 9.20 10.07 9.05 8.76 8.83 6.79 6.50 4.96 3.50
4.09 7.88 9.13 8.03 6.13 9.27 11.10 13.80 15.55 15.77 13.21 10.51 8.98 7.88 9.78 11.17 9.56 8.61 8.61 7.81 6.72 6.79 5.48 3.58 3.50 0.00 2.34 4.55 5.84 6.86 9.42 9.78 12.41 13.94 15.70 17.59 18.23 17.85 16.54 12.98 9.13 8.61 6.94 6.94 6.50 6.79 6.42 6.86 10.80 17.16 16.94 12.63 9.78 6.94 5.33 4.31 6.06 7.15 6.94 5.91 5.99 8.61 11.68 15.77 15.91 14.67 13.29 12.26 12.26 12.12 11.46 11.02 10.73 9.64 8.18 8.18 7.81 7.52 9.05 11.17 12.19 11.39 10.00 7.96
0.00 0.00 5.18 5.55 0.00 3.50 0.00 5.62 9.59 13.58 14.38 9.42 6.13 7.01 8.54 8.10 6.13 4.89 4.89 4.02 3.94 6.28 4.67 4.16 4.09 3.72 2.92 2.43 0.00 4.53 0.00 4.02 6.86 9.64 11.97 14.82 10.00 9.42 12.23 12.73 8.95 7.74 7.66 7.66 6.35 0.00 5.04 6.64 9.27 10.29 13.36 13.43 11.75 9.71 10.59 9.93 7.45 8.47 8.25 7.37 6.57 6.79 6.28 6.79 6.28 6.35 6.57 4.53 4.53 5.04 5.99 5.77 6.50 5.69 5.62 7.88 5.11 3.94 5.11 6.42 9.27 10.22 9.42 8.40
0.00 0.00 0.00 3.72 4.96 6.13 5.26 0.00 0.00 3.21 5.55 6.20 7.37 8.03 5.48 4.60 3.65 3.36 3.36 2.41 0.00 1.02 0.00 0.00 2.63 1.10 1.97 1.83 0.00 0.00 0.00 0.00 0.00 2.56 3.29 5.26 5.84 6.19 7.81 9.42 8.18 7.01 7.96 7.96 5.33 3.50 0.00 4.31 7.88 8.76 8.83 7.08 5.48 7.81 6.28 5.99 5.48 5.33 9.05 12.92 9.93 6.35 6.28 7.45 5.91 5.33 3.50 0.00 0.00 0.00 0.00 0.00 0.00 1.90 2.12 2.56 2.63 0.00 3.07 5.48 7.15 7.23 5.77 2.77
0.00 0.00 0.00 3.72 4.96 6.13 5.26 0.00 0.00 3.21 5.55 6.20 7.37 8.03 5.48 4.60 3.65 3.37 3.36 2.41 0.00 1.02 0.00 0.00 2.63 1.10 1.97 1.83 0.00 0.00 0.00 0.00 0.00 2.56 3.30 5.28 5.84 6.16 7.89 9.42 8.10 7.01 7.96 7.96 5.33 3.50 0.00 4.31 7.88 8.76 8.83 7.08 5.48 7.81 6.28 5.99 5.48 5.33 9.05 12.92 9.93 6.35 6.28 7.45 5.91 5.33 3.50 0.00 0.00 0.00 0.00 0.00 0.00 1.90 2.12 2.56 2.63 0.00 3.07 5.48 7.15 7.23 5.77 2.77
0.00 0.00 0.00 6.79 7.23 10.80 13.80 8.67 3.85 3.72 5.11 7.15 7.15 6.86 4.89 2.41 1.17 2.26 2.26 0.00 0.00 0.00 0.00 0.00 0.00 0.00 0.00 0.00 0.00 0.00 0.00 0.00 0.00 2.41 2.77 3.36 3.72 4.09 4.40 5.04 4.74 3.36 3.43 3.43 3.65 3.07 3.65 6.20 7.37 9.42 7.59 4.74 0.00 5.40 5.99 5.84 6.79 8.32 8.69 11.68 11.39 6.79 4.89 6.28 4.53 0.00 4.02 2.41 2.41 0.00 0.00 0.00 0.00 1.10 1.39 0.00 0.00 0.00 3.87 8.03 9.56 7.81 6.35 5.11
