Wansh/Snow_depth/snowdepth-1981/winter/1981336.txt
ncols 321
nrows 161
xllcenter 60
yllcenter 15 
cellsize  0.25 
NODATA_value -1
[rows 0 to 36 of 161, columns 84 to 167 of 321]
7.88 9.64 10.07 9.13 10.51 8.83 6.94 4.82 4.96 7.15 8.40 9.42 10.59 11.83 13.21 14.31 17.45 17.23 17.23 15.84 18.32 16.86 13.94 9.34 7.59 6.42 5.69 5.69 7.30 5.91 4.60 7.30 10.88 13.21 14.45 0.00 0.00 13.07 12.48 11.90 10.95 9.71 5.69 5.69 5.48 2.77 0.07 0.80 3.94 6.35 8.25 9.05 8.40 8.61 9.56 9.78 7.15 5.18 4.67 3.80 2.19 0.95 2.12 1.68 2.48 2.70 5.33 5.99 5.99 5.84 6.20 6.57 6.42 5.91 5.48 8.47 8.47 8.69 8.98 9.49 7.37 6.57 6.20 6.64
6.64 6.86 9.86 9.05 6.86 7.23 6.13 6.79 7.74 8.61 8.83 7.59 7.66 6.94 8.10 7.52 10.29 12.92 12.92 16.13 16.28 18.61 18.54 14.16 9.42 7.88 5.04 5.33 6.13 5.04 5.33 6.13 7.59 10.51 13.58 0.00 0.00 11.61 10.37 8.47 9.05 8.69 6.50 6.50 6.28 6.20 4.74 3.21 3.72 4.23 3.72 3.50 4.74 4.23 5.33 6.50 6.13 6.79 5.91 3.87 4.82 6.42 4.09 2.99 5.55 6.13 5.62 6.57 6.57 5.91 6.64 7.30 7.37 8.47 8.61 9.64 9.78 9.27 9.49 6.64 7.66 8.91 8.40 7.88
3.94 3.65 4.23 4.09 2.99 2.85 4.89 6.86 9.20 11.02 12.78 11.24 9.78 7.45 8.69 6.35 6.13 6.64 6.64 9.71 11.46 11.83 15.91 16.57 11.83 8.83 7.37 5.77 5.84 6.42 5.91 4.23 5.77 8.10 11.17 13.07 0.00 14.67 13.58 12.56 11.75 12.12 12.92 12.92 13.43 12.34 8.91 4.89 2.41 2.04 2.34 3.07 3.65 4.53 6.50 8.10 8.69 9.78 9.93 8.10 7.15 6.64 5.26 8.61 8.54 7.52 8.25 8.61 8.61 8.47 6.86 6.57 6.35 7.66 8.98 10.37 10.51 9.05 8.25 7.59 7.74 8.40 10.15 9.27
3.94 3.65 4.23 4.09 2.99 2.85 4.89 6.86 9.20 11.02 12.78 11.24 9.78 7.45 8.69 6.35 6.13 6.64 6.64 9.71 11.46 11.83 15.91 16.57 11.83 8.83 7.37 5.77 5.84 6.42 5.91 4.23 5.77 8.10 11.17 13.07 0.00 14.67 13.58 12.56 11.75 12.12 12.92 12.92 13.43 12.34 8.91 4.89 2.41 2.04 2.34 3.07 3.65 4.53 6.50 8.10 8.69 9.78 9.93 8.10 7.15 6.64 5.26 8.61 8.54 7.52 8.25 8.61 8.61 8.47 6.86 6.57 6.35 7.66 8.98 10.37 10.51 9.05 8.25 7.59 7.74 8.40 10.15 9.27
3.94 3.65 4.09 4.45 4.96 5.62 6.35 7.52 8.91 9.42 10.22 11.02 11.75 10.59 11.02 10.66 8.91 6.94 6.94 7.45 8.18 8.83 11.68 14.60 14.38 12.34 9.34 5.84 4.45 6.72 6.64 5.40 6.28 6.86 10.29 12.12 12.92 13.58 13.29 13.43 13.14 13.21 14.16 14.16 15.62 0.00 15.11 11.53 7.52 4.23 2.26 2.04 2.56 2.77 3.07 3.50 4.02 5.91 6.57 9.49 10.29 9.49 12.34 12.99 11.83 11.39 10.73 9.64 9.64 9.13 8.76 8.03 7.01 7.66 8.69 9.49 10.22 9.64 9.49 9.27 8.91 9.42 9.49 9.86
0.00 4.74 5.04 5.33 5.04 5.62 7.01 6.06 6.28 6.57 5.69 7.88 9.78 10.37 11.10 12.26 11.32 10.22 10.22 10.00 9.27 7.23 7.30 9.93 12.48 11.32 9.49 6.06 4.38 3.87 4.09 5.18 6.28 6.72 7.30 8.61 8.98 0.00 10.59 10.73 11.39 12.12 12.99 12.99 11.32 12.92 16.21 15.91 10.95 5.84 2.77 2.77 2.41 2.56 2.70 2.56 1.83 3.87 6.06 8.91 9.78 13.14 15.33 16.72 16.35 13.58 11.61 10.66 10.66 9.56 7.96 7.74 7.59 7.59 7.59 7.37 6.50 6.79 7.59 9.05 10.37 11.24 11.24 11.10
0.00 0.00 0.00 0.00 3.87 4.09 4.09 3.29 2.99 5.77 6.35 7.08 7.88 9.56 8.61 7.59 7.30 6.86 6.86 9.64 12.05 10.07 6.50 6.28 8.54 8.83 6.35 5.48 3.94 2.26 2.34 2.48 3.80 5.84 5.55 6.13 8.61 10.07 0.00 0.00 10.66 11.02 11.97 11.97 11.97 12.26 13.80 14.45 11.39 5.69 2.92 2.41 2.04 1.61 3.29 5.18 7.30 9.42 9.71 8.32 13.21 15.70 17.89 18.32 17.52 16.50 16.06 13.29 13.29 12.34 11.46 11.75 11.75 11.10 8.61 8.32 7.81 7.15 6.13 6.13 9.27 11.17 11.75 12.05
0.00 0.00 0.00 0.00 3.87 4.09 4.09 3.29 2.99 5.77 6.35 7.08 7.88 9.56 8.61 7.59 7.30 6.86 6.86 9.64 12.05 10.07 6.50 6.28 8.54 8.83 6.35 5.48 3.94 2.26 2.34 2.48 3.80 5.84 5.55 6.13 8.61 10.07 0.00 0.00 10.66 11.02 11.97 11.97 11.97 12.26 13.80 14.45 11.39 5.69 2.92 2.41 2.04 1.61 3.29 5.18 7.30 9.42 9.71 8.32 13.21 15.70 17.89 18.32 17.52 16.50 16.06 13.29 13.29 12.34 11.46 11.75 11.75 11.10 8.61 8.32 7.81 7.15 6.13 6.13 9.27 11.17 11.75 12.05
0.00 0.00 0.00 0.00 0.00 0.00 5.40 5.55 4.23 4.96 6.28 6.72 7.15 6.86 7.96 6.86 0.00 0.00 0.00 0.00 0.00 10.51 9.20 8.03 6.94 8.40 7.23 5.55 4.31 3.87 3.36 3.07 3.50 5.18 10.22 10.66 11.90 10.80 10.44 8.91 6.79 7.01 8.61 8.61 9.05 6.28 6.57 4.89 3.94 2.34 2.34 3.14 2.92 2.92 4.09 4.23 4.45 7.15 8.40 8.98 9.20 10.88 13.43 12.56 11.90 13.51 13.58 12.85 12.85 12.63 12.48 14.38 14.60 12.26 10.80 10.73 10.66 9.86 9.13 8.18 6.64 7.01 8.76 10.22
0.00 0.00 0.00 0.00 0.00 0.00 0.00 0.00 4.23 4.09 4.45 3.14 3.72 3.87 0.00 0.00 0.00 0.00 0.00 0.00 0.00 9.86 8.61 6.42 5.55 6.86 6.86 7.08 5.18 5.91 5.11 4.31 5.48 6.72 9.20 9.56 7.37 5.48 4.45 3.58 3.94 4.23 3.72 3.72 4.53 4.09 3.94 3.80 4.38 3.65 5.62 8.03 8.25 7.15 6.57 7.74 8.03 6.94 6.50 8.83 8.69 8.76 7.45 8.76 9.27 9.64 9.49 9.71 9.71 9.71 10.51 12.85 14.67 14.82 12.34 11.83 13.87 14.97 14.67 13.87 10.66 8.69 8.25 9.20
0.00 0.00 0.00 0.00 0.00 0.00 0.00 0.00 0.00 4.60 3.50 0.00 0.00 0.00 0.00 0.00 0.00 0.00 0.00 0.00 0.00 6.86 5.26 4.45 5.55 6.13 5.11 4.23 3.43 4.45 3.36 3.50 4.09 4.38 4.60 5.62 6.28 5.40 3.65 2.99 3.07 4.16 3.87 3.87 3.87 4.53 4.31 5.04 5.62 6.42 7.45 7.81 9.64 8.25 7.30 8.25 7.88 8.54 6.50 8.25 9.49 8.83 8.61 8.47 9.13 10.66 13.43 15.33 15.33 15.55 15.55 15.33 16.86 16.35 14.16 12.56 15.11 17.23 18.54 15.26 13.07 11.02 8.54 7.01
0.00 0.00 0.00 0.00 0.00 0.00 0.00 0.00 0.00 4.60 3.50 0.00 0.00 0.00 0.00 0.00 0.00 0.00 0.00 0.00 0.00 6.86 5.26 4.45 5.55 6.13 5.11 4.23 3.43 4.45 3.36 3.50 4.09 4.38 4.60 5.62 6.28 5.40 3.65 2.99 3.07 4.16 3.87 3.87 3.87 4.53 4.31 5.04 5.62 6.42 7.45 7.81 9.64 8.25 7.30 8.25 7.88 8.54 6.50 8.25 9.49 8.83 8.61 8.47 9.13 10.66 13.43 15.33 15.33 15.55 15.55 15.33 16.86 16.35 14.16 12.56 15.11 17.23 18.54 15.26 13.07 11.02 8.54 7.01
0.00 0.00 0.00 0.00 0.00 0.00 0.00 0.00 0.00 0.00 0.00 0.00 0.00 0.00 0.00 0.00 0.00 0.00 0.00 0.00 0.00 0.00 3.87 4.31 3.80 3.58 4.02 3.94 3.65 4.38 2.92 2.26 3.43 2.99 3.50 4.45 7.74 6.50 5.18 6.20 6.64 7.52 6.28 6.28 5.48 6.13 6.94 8.40 9.64 12.12 12.63 12.48 11.75 10.80 9.71 9.34 10.22 14.38 12.99 10.37 9.56 9.64 8.98 8.69 9.05 9.86 10.00 13.51 13.51 16.35 17.23 18.40 18.54 18.54 17.96 17.30 17.37 19.71 19.42 17.37 15.99 15.55 15.48 13.58
0.00 0.00 0.00 0.00 0.00 0.00 0.00 0.00 0.00 0.00 0.00 0.00 0.00 0.00 0.00 0.00 0.00 0.00 0.00 0.00 0.00 0.00 3.58 3.58 3.14 3.43 4.74 4.53 3.50 5.84 7.88 9.05 11.90 11.32 9.20 10.15 9.78 9.42 8.83 7.37 8.03 8.91 8.61 8.61 7.15 6.79 8.32 10.29 10.29 10.80 12.70 12.34 12.48 11.97 9.93 9.20 10.44 11.24 10.88 11.17 11.53 12.48 12.12 12.41 10.80 9.93 12.78 14.24 14.24 15.99 17.74 20.08 20.29 18.54 17.45 16.43 14.82 15.40 15.91 16.06 14.60 12.56 11.83 10.59
0.00 0.00 0.00 0.00 0.00 0.00 0.00 0.00 0.00 0.00 0.00 0.00 0.00 0.00 0.00 0.00 0.00 0.00 0.00 0.00 4.74 0.00 0.00 6.20 3.94 4.60 7.08 8.83 8.40 8.83 13.07 19.93 16.13 12.12 10.59 9.49 6.94 7.23 4.67 6.50 5.99 5.04 5.33 5.33 4.89 4.16 5.18 6.13 7.30 9.86 12.56 13.07 14.75 16.79 14.89 15.18 13.65 13.87 10.37 9.20 10.29 11.61 13.36 12.85 12.99 12.41 11.68 11.61 11.61 13.72 15.55 16.13 15.84 14.60 13.29 11.24 6.94 7.37 9.64 8.25 9.86 11.61 11.75 11.32
0.00 0.00 0.00 0.00 0.00 3.94 4.53 3.72 2.04 0.00 0.00 0.00 0.00 0.00 0.00 0.00 0.00 0.00 0.00 0.00 0.00 5.99 8.98 10.51 9.93 8.91 5.91 6.28 9.56 12.12 15.04 17.16 15.77 9.56 6.86 4.74 2.77 2.56 2.85 2.41 2.56 2.63 3.21 3.21 5.33 6.86 7.45 7.81 7.88 10.44 10.44 9.49 10.29 14.97 20.59 20.08 16.43 12.70 8.18 7.23 8.18 9.56 8.69 8.03 9.56 12.63 12.99 12.48 12.48 13.14 14.82 15.55 15.04 9.56 7.37 6.50 6.28 0.00 0.00 6.13 7.37 10.88 10.66 13.36
0.00 0.00 0.00 0.00 0.00 3.94 4.53 3.72 2.04 0.00 0.00 0.00 0.00 0.00 0.00 0.00 0.00 0.00 0.00 0.00 0.00 5.99 8.98 10.51 9.93 8.91 5.91 6.28 9.56 12.12 15.04 17.16 15.77 9.56 6.86 4.74 2.77 2.56 2.85 2.41 2.56 2.63 3.21 3.21 5.33 6.86 7.45 7.81 7.88 10.44 10.44 9.49 10.29 14.97 20.59 20.08 16.43 12.70 8.18 7.23 8.18 9.56 8.69 8.03 9.56 12.63 12.99 12.48 12.48 13.14 14.82 15.55 15.04 9.56 7.37 6.50 6.28 0.00 0.00 6.13 7.37 10.88 10.66 13.36
0.00 0.00 0.00 0.00 3.72 5.11 4.09 6.06 5.84 6.20 7.74 7.45 0.00 0.00 0.00 0.00 0.00 0.00 0.00 0.00 0.00 3.94 5.33 8.61 9.71 9.71 7.23 6.13 7.37 8.40 10.07 13.29 14.97 12.99 9.49 5.11 1.46 1.90 1.61 2.19 5.69 5.62 6.64 6.64 9.93 12.78 11.75 10.51 10.73 9.86 11.97 11.68 13.36 13.29 15.77 13.72 12.26 9.20 4.45 6.50 7.96 10.88 10.29 8.76 9.78 11.32 12.85 14.60 14.60 15.55 16.94 17.59 15.40 11.46 8.69 7.01 9.20 14.97 0.00 3.80 6.50 7.96 8.10 9.86
0.00 0.00 0.00 0.00 5.99 7.01 6.57 5.84 4.45 0.00 0.00 0.00 10.59 8.98 0.00 0.00 8.91 9.20 9.20 0.00 0.00 5.40 3.50 4.38 7.74 9.20 6.28 5.91 7.37 10.15 13.07 15.99 18.40 18.25 15.40 12.70 10.59 5.77 6.79 8.25 8.98 9.27 9.34 9.34 8.61 7.23 4.96 2.77 4.60 4.67 4.89 5.48 8.83 8.10 11.90 13.72 12.41 10.73 11.24 11.53 14.02 16.13 15.11 14.24 11.46 10.37 13.07 16.13 16.13 18.47 20.15 20.44 17.81 15.33 12.99 11.32 10.22 8.18 6.20 8.32 9.93 7.96 7.23 9.42
0.00 0.00 0.00 0.00 0.00 6.94 7.96 7.08 0.00 6.50 6.86 7.01 0.00 10.73 8.10 0.00 9.56 11.10 11.10 11.24 11.61 10.37 7.88 6.64 8.32 10.88 11.61 10.66 10.59 9.93 13.65 15.55 17.52 15.70 12.99 10.80 8.40 6.57 6.35 6.50 6.94 8.47 8.91 8.91 5.77 4.02 0.00 0.00 0.00 0.00 0.00 0.00 0.00 4.89 7.15 10.59 12.41 14.16 14.82 16.43 19.49 23.94 23.00 19.64 17.52 17.01 18.03 21.39 21.39 20.08 19.27 18.83 16.13 14.02 12.78 11.10 8.40 7.81 9.64 11.75 12.41 11.32 9.49 9.42
0.00 0.00 0.00 0.00 0.00 0.00 7.15 9.27 8.91 9.34 5.26 5.55 7.08 0.00 0.00 7.45 9.86 11.39 11.39 11.90 12.12 12.19 12.78 13.07 12.19 13.43 14.45 12.26 10.15 7.66 8.10 11.02 13.94 13.87 10.66 6.72 6.06 5.04 4.89 5.40 5.69 7.37 8.83 8.83 10.00 8.32 4.96 5.77 6.79 7.88 6.64 0.00 5.77 4.31 5.55 8.69 10.66 13.07 15.77 16.72 19.27 21.39 21.97 21.53 21.68 22.12 21.24 19.35 19.35 17.37 16.13 15.91 15.91 12.99 10.66 10.00 9.56 8.83 9.78 11.02 12.34 10.59 10.37 9.64
0.00 0.00 0.00 0.00 0.00 0.00 0.00 6.35 8.91 10.59 10.88 9.93 9.64 10.95 0.00 9.56 10.88 12.26 12.26 12.99 14.38 14.89 16.13 18.76 18.25 15.48 14.09 13.58 12.12 8.83 7.74 10.07 10.29 10.66 8.32 5.04 0.00 0.00 0.00 3.72 9.56 7.15 6.86 6.86 9.56 10.15 9.20 7.59 5.62 7.74 9.71 10.07 12.63 14.09 14.97 15.77 14.38 15.91 16.79 16.43 17.16 18.98 19.35 18.61 18.83 19.27 18.61 17.45 17.45 15.91 13.87 10.59 10.37 9.42 8.98 8.32 8.10 9.05 10.59 12.70 12.41 10.66 10.59 9.49
0.00 0.00 0.00 0.00 0.00 0.00 0.00 6.35 8.91 10.59 10.88 9.93 9.64 10.95 0.00 9.56 10.88 12.26 12.26 12.99 14.38 14.89 16.13 18.76 18.25 15.48 14.09 13.58 12.12 8.83 7.74 10.07 10.29 10.66 8.32 5.04 0.00 0.00 0.00 3.72 9.56 7.15 6.86 6.86 9.56 10.15 9.20 7.59 5.62 7.74 9.71 10.07 12.63 14.09 14.97 15.77 14.38 15.91 16.79 16.43 17.16 18.98 19.35 18.61 18.83 19.27 18.61 17.45 17.45 15.91 13.87 10.59 10.37 9.42 8.98 8.32 8.10 9.05 10.59 12.70 12.41 10.66 10.59 9.49
0.00 0.00 0.00 0.00 0.00 0.00 0.00 0.00 3.65 3.21 5.69 4.67 9.86 9.71 9.49 10.29 10.73 9.56 9.56 9.20 11.61 13.21 13.07 14.38 16.94 17.16 13.58 12.85 11.24 9.42 8.03 7.15 6.20 6.28 7.23 5.40 0.00 0.00 0.00 0.00 3.50 4.38 4.45 4.45 0.00 4.53 0.00 7.74 9.56 7.37 5.26 6.28 10.22 12.63 14.45 15.26 14.89 13.21 14.02 15.33 16.64 17.23 20.08 20.51 16.28 15.33 15.77 14.97 14.97 14.09 14.16 13.07 11.39 9.56 7.96 7.37 6.42 6.86 8.32 9.56 9.42 9.64 10.37 8.76
0.00 0.00 0.00 0.00 0.00 0.00 0.00 0.00 0.00 3.80 0.00 4.96 7.37 5.77 6.64 8.83 10.44 10.66 10.66 11.61 12.56 13.58 13.58 14.23 15.11 17.42 16.15 16.64 16.06 10.07 6.86 5.69 0.00 0.00 0.00 0.00 0.00 0.00 0.00 3.58 0.00 0.00 0.00 0.00 3.87 0.00 0.00 0.00 7.45 12.85 0.00 0.00 2.92 4.67 6.86 4.60 6.50 7.37 10.73 14.24 16.43 17.67 17.96 18.18 17.30 17.30 17.59 16.86 16.86 16.13 17.16 15.91 13.14 11.02 9.05 7.81 6.64 5.04 6.42 7.45 7.45 8.10 7.88 7.30
0.00 0.00 0.00 1.53 2.48 0.00 0.00 0.00 0.00 0.00 0.00 4.09 4.96 3.94 5.99 7.52 10.07 11.39 11.39 11.68 12.05 11.68 10.51 10.66 19.27 19.59 19.13 19.64 17.52 12.34 8.83 7.23 6.28 4.96 0.00 0.00 0.00 5.91 7.15 7.01 4.60 0.00 0.00 0.00 6.42 0.00 0.00 0.00 0.00 0.00 0.00 0.00 0.00 0.00 0.00 0.00 3.65 4.82 8.98 13.36 16.72 16.28 15.70 15.04 14.24 14.53 15.40 16.06 16.06 16.43 17.23 17.67 17.16 14.02 10.88 11.90 10.59 9.05 8.54 8.10 8.61 8.47 7.08 5.84
0.00 0.00 0.00 0.00 0.00 0.00 0.00 0.00 0.00 0.00 0.00 0.00 2.41 0.00 0.00 6.42 6.72 4.67 4.67 5.77 7.01 7.93 9.33 11.59 13.31 14.68 16.92 19.98 18.81 15.72 12.26 11.32 10.51 6.79 6.50 7.52 6.94 6.57 6.28 5.04 5.48 0.00 0.00 0.00 0.00 0.00 0.00 0.00 0.00 0.00 0.00 0.00 0.00 0.00 0.00 0.00 0.00 0.00 7.45 14.24 17.45 16.43 15.84 14.53 13.87 15.48 15.70 15.84 15.84 15.70 15.33 16.50 14.67 12.78 12.48 11.39 10.00 9.42 11.24 9.71 7.45 8.25 6.42 8.10
0.00 0.00 3.21 2.12 2.34 0.00 0.00 0.00 0.00 0.00 0.00 0.00 0.00 0.00 0.00 0.00 2.41 0.00 0.00 0.00 0.00 0.00 0.00 7.23 0.00 0.00 15.73 18.81 21.86 20.94 18.27 15.77 15.70 14.24 12.41 10.95 7.37 6.06 4.89 0.00 3.07 2.19 0.00 0.00 0.00 0.00 0.00 0.00 0.00 0.00 0.00 0.00 0.00 0.00 0.00 3.36 2.77 0.00 5.26 11.24 16.57 17.01 16.21 16.13 16.86 17.89 18.40 17.74 17.74 16.35 14.53 12.56 11.46 12.12 10.95 9.20 9.27 9.27 9.42 7.23 6.64 5.40 4.23 5.55
0.00 0.00 3.21 2.12 2.34 0.00 0.00 0.00 0.00 0.00 0.00 0.00 0.00 0.00 0.00 0.00 2.41 0.00 0.00 0.00 0.00 0.00 0.00 7.41 0.00 0.00 15.26 17.48 20.43 21.26 18.45 16.43 17.63 15.06 12.73 10.95 7.37 6.06 4.89 0.00 3.07 2.19 0.00 0.00 0.00 0.00 0.00 0.00 0.00 0.00 0.00 0.00 0.00 0.00 0.00 3.36 2.77 0.00 5.26 11.24 16.57 17.01 16.21 16.13 16.86 17.89 18.40 17.74 17.74 16.35 14.53 12.56 11.46 12.12 10.95 9.20 9.27 9.27 9.42 7.23 6.64 5.40 4.23 5.55
0.00 0.00 0.00 0.00 0.00 1.90 0.00 0.00 0.00 0.00 0.00 0.00 0.00 0.00 0.00 0.00 0.00 0.00 0.00 0.00 0.00 0.00 0.00 0.00 0.00 7.30 0.00 9.76 12.19 15.04 13.05 11.27 15.70 21.35 18.29 15.05 10.84 8.32 7.66 5.04 0.00 0.00 0.00 0.00 0.00 0.00 0.00 0.00 0.00 0.00 0.00 0.00 0.00 0.00 0.00 0.00 0.00 0.00 3.72 6.94 9.93 12.99 15.40 18.18 20.15 19.35 19.49 19.13 19.13 14.75 10.88 9.20 8.76 9.34 9.71 8.32 6.42 6.20 5.40 5.11 5.91 4.67 3.50 3.87
0.00 0.00 4.67 2.63 3.65 3.36 4.09 3.72 0.00 0.00 0.00 0.00 0.00 0.00 1.68 0.00 4.45 0.00 0.00 0.00 0.00 0.00 0.00 0.00 0.00 0.00 0.00 0.00 5.81 8.70 10.29 9.86 10.80 15.41 18.84 20.76 18.68 13.06 9.27 5.69 4.82 4.09 4.82 4.82 0.00 0.00 3.87 6.64 6.35 4.60 0.00 0.00 0.00 0.00 0.00 0.00 0.00 0.00 0.00 5.62 5.91 10.07 16.72 20.88 21.75 17.59 14.60 14.38 14.38 12.78 10.80 10.29 8.10 8.61 8.47 6.57 5.84 5.40 3.21 3.65 5.26 3.36 3.87 0.00
0.00 0.00 0.00 4.67 4.82 4.02 5.62 6.94 7.45 7.23 6.35 7.45 6.64 5.18 5.40 6.79 7.30 6.50 6.50 3.80 0.00 0.00 4.09 0.00 0.00 0.00 0.00 0.00 4.48 8.38 8.61 10.59 12.56 12.56 11.76 14.83 18.77 14.09 10.51 7.66 5.91 5.40 2.85 2.85 4.89 6.06 3.94 6.13 9.71 9.34 8.47 5.69 1.90 0.00 0.00 0.00 0.00 0.00 0.00 0.00 4.82 8.25 13.07 17.74 17.74 15.04 13.07 12.26 12.26 10.88 10.15 8.83 7.15 6.42 5.18 5.11 5.91 8.32 7.52 7.59 6.64 6.50 6.64 3.50
0.00 0.00 0.00 0.00 0.00 0.00 0.00 0.00 0.00 10.66 8.91 7.52 7.08 5.04 5.18 9.13 10.51 9.86 9.86 7.23 4.89 4.23 0.00 0.00 0.00 0.00 0.00 0.00 0.00 0.00 4.09 5.77 7.96 9.42 10.95 13.36 14.38 14.22 13.04 9.88 8.25 7.45 5.62 5.62 4.82 5.77 5.48 5.48 7.74 10.07 9.27 7.30 4.60 0.00 0.00 0.00 3.94 4.60 4.09 0.00 3.80 6.79 9.86 10.15 9.42 7.88 7.30 8.03 8.03 8.32 8.91 8.18 8.91 7.52 6.86 5.48 4.38 4.23 8.32 8.32 7.59 8.76 6.42 4.31
0.00 0.00 0.00 0.00 0.00 1.83 0.00 0.00 0.00 0.00 0.00 0.00 4.96 4.67 6.42 7.15 6.35 5.84 5.84 0.00 0.00 0.00 0.00 0.00 0.00 0.00 0.00 0.00 0.00 0.00 0.00 0.00 3.94 5.77 10.37 12.19 9.42 7.37 9.56 10.41 5.94 7.37 6.35 6.35 4.16 3.50 4.16 4.16 6.35 7.52 8.61 8.03 5.55 5.84 7.59 6.57 5.99 5.99 5.91 5.62 5.18 5.18 4.89 5.26 5.69 4.67 4.31 0.00 0.00 5.04 0.00 5.62 5.40 5.77 5.48 4.67 0.00 0.00 3.65 3.94 4.38 5.99 5.77 5.91
0.00 0.00 0.00 0.00 0.00 0.00 0.00 0.00 0.00 0.00 0.00 0.00 6.86 5.18 3.94 0.00 3.65 0.00 0.00 0.00 1.24 0.00 0.00 0.00 0.00 0.00 0.00 0.00 0.00 0.00 0.00 0.00 0.00 0.00 2.56 5.84 5.18 4.20 4.60 7.37 5.01 6.13 8.03 8.03 0.00 0.00 3.58 4.16 5.04 4.45 5.62 6.79 0.00 4.31 4.23 0.00 0.00 0.00 4.38 6.57 6.42 0.00 4.67 4.96 4.60 4.38 0.00 0.00 0.00 0.00 0.00 0.00 0.00 0.00 2.34 0.00 0.00 0.00 0.00 0.00 3.14 0.00 4.53 4.82
0.00 0.00 0.00 0.00 0.00 0.00 0.00 0.00 0.00 0.00 0.00 0.00 6.86 5.18 3.94 0.00 3.65 0.00 0.00 0.00 1.24 0.00 0.00 0.00 0.00 0.00 0.00 0.00 0.00 0.00 0.00 0.00 0.00 0.00 2.57 5.87 5.18 4.18 4.65 7.37 4.96 6.13 8.03 8.03 0.00 0.00 3.58 4.16 5.04 4.45 5.62 6.79 0.00 4.31 4.23 0.00 0.00 0.00 4.38 6.57 6.42 0.00 4.67 4.96 4.60 4.38 0.00 0.00 0.00 0.00 0.00 0.00 0.00 0.00 2.34 0.00 0.00 0.00 0.00 0.00 3.14 0.00 4.53 4.82
0.00 0.00 0.00 0.00 0.00 0.00 4.67 5.11 2.74 3.07 0.00 5.77 6.06 5.18 4.09 5.26 0.00 0.00 0.00 0.00 0.00 0.00 0.00 0.00 0.00 0.00 0.00 0.00 0.00 0.00 0.00 0.00 0.00 1.68 0.00 0.00 3.14 0.00 3.15 3.43 3.36 0.00 0.00 0.00 0.00 0.00 0.00 0.00 4.45 5.04 4.96 3.94 0.00 3.87 0.00 0.00 0.00 0.00 4.09 7.30 7.81 5.40 4.89 4.38 2.04 0.73 1.24 1.31 1.31 1.90 0.00 0.00 0.66 0.00 0.00 0.00 1.24 0.00 5.18 0.00 6.79 5.04 4.67 0.00
