Wansh/Snow_depth/snowdepth-1981/winter/1981365.txt
ncols 321
nrows 161
xllcenter 60
yllcenter 15 
cellsize  0.25 
NODATA_value -1
[rows 74 to 110 of 161, columns 84 to 167 of 321]
0.00 0.00 0.00 0.00 0.00 0.22 0.00 1.39 3.58 3.80 3.87 4.82 6.57 8.54 10.80 10.51 8.54 6.50 6.50 6.86 8.91 10.15 10.80 8.98 7.96 11.17 8.32 5.91 6.79 7.37 5.77 0.00 4.53 5.91 4.89 3.87 2.85 0.00 0.00 7.15 7.37 0.00 0.58 0.58 0.00 0.00 2.34 0.58 0.00 0.00 0.00 0.00 0.00 0.00 0.00 0.00 0.00 0.00 0.00 0.00 0.00 0.00 0.00 0.00 2.70 0.00 0.00 0.00 0.00 0.00 0.00 3.87 0.00 0.00 0.00 0.00 0.00 0.00 0.00 0.00 0.00 0.07 1.53 2.34
0.00 0.00 0.00 0.00 4.45 7.15 6.86 7.45 9.34 9.05 7.66 7.30 7.01 7.15 7.66 8.54 7.45 7.96 7.96 8.69 9.27 9.56 7.66 9.05 12.85 16.13 12.19 10.29 14.53 13.43 9.71 8.47 5.69 0.00 0.00 6.13 4.60 0.00 0.00 6.35 5.48 0.00 3.36 3.36 0.00 0.00 0.51 0.00 0.95 1.46 0.00 0.00 0.00 0.00 0.00 0.00 3.65 2.77 0.00 0.00 0.00 1.02 2.77 0.00 0.00 0.00 0.00 0.00 0.00 3.74 8.54 6.13 0.00 0.00 0.00 0.00 0.00 0.00 0.00 0.00 0.29 1.24 0.00 1.04
2.77 4.74 6.28 6.50 8.10 8.69 8.25 8.47 10.07 8.98 8.83 9.13 9.34 9.64 10.15 12.41 12.92 11.17 11.17 9.86 10.00 10.07 10.44 11.46 13.36 13.29 11.97 12.85 12.92 12.05 8.25 7.59 7.23 3.94 3.50 4.38 3.43 0.00 6.72 8.54 4.38 0.00 4.16 4.16 3.07 0.00 0.00 0.00 6.13 4.16 3.50 1.97 1.46 2.19 2.04 2.41 3.29 3.21 2.70 3.21 3.21 1.10 0.00 1.31 0.00 0.00 0.00 2.77 2.77 7.23 12.19 10.80 5.77 2.41 0.00 0.00 0.00 0.00 0.00 0.00 1.17 1.92 1.39 1.58
7.81 8.40 7.88 6.28 6.64 6.86 5.04 6.94 7.66 7.59 7.59 9.27 10.22 10.88 10.59 11.61 12.56 9.71 9.71 8.69 7.96 7.88 7.74 10.07 10.59 9.49 10.44 11.32 10.80 10.88 9.49 6.94 7.96 4.09 5.18 2.19 0.00 3.14 4.82 0.00 0.00 3.65 2.77 2.77 0.00 0.00 3.80 6.06 7.01 5.55 5.55 3.21 2.77 2.92 3.50 2.99 4.74 7.52 8.32 5.48 6.86 5.48 4.53 4.53 1.90 1.68 3.43 3.87 3.87 4.74 5.55 6.35 4.53 2.12 0.00 0.00 0.00 0.00 0.00 0.00 0.15 0.81 1.03 1.92
11.61 11.46 7.81 9.05 10.95 9.49 5.91 6.50 6.28 5.62 6.28 8.47 8.98 8.03 7.74 9.64 9.34 9.34 9.34 9.49 6.94 8.10 7.74 7.23 6.64 6.57 7.15 5.55 6.57 0.00 3.87 3.43 0.00 4.53 5.18 0.00 0.00 0.00 0.00 0.00 0.00 3.14 0.00 0.00 0.00 3.36 2.56 0.00 0.00 7.74 7.30 4.38 5.26 6.79 6.94 4.31 0.00 4.31 0.00 4.67 7.30 7.37 6.42 4.31 4.60 4.23 3.87 2.85 2.85 3.43 3.14 3.43 3.36 2.99 0.22 0.22 0.66 0.52 0.00 0.00 2.19 1.98 1.47 1.93
23.29 18.47 16.28 13.07 11.32 6.72 4.82 6.50 6.57 7.96 7.66 6.79 7.23 8.18 8.32 8.32 8.76 9.13 9.13 8.54 6.42 6.50 5.99 6.13 4.60 0.00 5.84 3.14 0.00 0.00 0.00 0.00 0.00 5.04 0.00 0.00 0.00 0.00 0.00 0.00 0.00 0.00 0.00 0.00 0.00 0.00 0.00 0.00 0.00 3.58 5.11 0.00 0.00 0.00 0.00 0.00 0.00 0.00 0.00 0.00 3.50 4.82 3.36 0.00 0.00 4.02 3.87 3.65 3.65 3.94 4.60 3.43 3.65 2.99 0.81 0.66 1.47 1.61 0.44 0.95 0.15 1.39 2.41 2.57
11.90 13.94 17.23 19.64 19.27 10.07 5.40 5.84 7.08 9.20 7.45 5.62 5.33 5.99 5.48 5.84 6.50 6.94 6.94 0.00 4.60 3.50 5.84 7.59 3.21 3.21 4.23 0.00 0.00 0.00 0.00 0.00 0.00 0.00 0.00 0.00 0.00 0.00 0.00 0.00 2.12 0.00 0.00 0.00 0.00 0.00 0.00 0.00 0.00 0.00 0.00 0.00 0.00 0.00 0.00 0.00 0.00 0.00 2.99 0.00 0.00 0.00 0.00 0.00 0.00 0.00 0.00 0.00 0.00 2.77 1.83 2.19 2.77 2.12 1.17 0.00 0.00 0.46 0.51 2.70 1.61 1.61 1.97 3.80
11.53 15.18 19.78 22.92 21.61 13.94 8.25 7.45 7.66 8.25 8.47 7.15 6.64 5.11 6.42 5.55 4.45 4.09 4.09 2.41 0.00 3.94 4.82 5.69 3.36 0.00 4.53 0.00 0.00 4.67 0.00 0.00 0.00 0.00 2.26 0.00 0.00 0.00 0.00 2.41 0.00 0.00 0.00 0.00 4.67 0.00 0.00 0.00 0.00 0.00 0.00 2.56 0.00 0.00 0.00 0.00 0.00 0.00 4.23 0.00 0.00 3.87 4.02 0.00 0.00 0.00 0.00 0.00 0.00 0.00 2.70 3.80 5.26 8.54 6.64 1.83 0.59 2.06 2.87 2.62 1.76 1.61 1.68 0.00
15.62 19.35 17.96 17.89 17.96 12.92 9.27 7.81 5.11 4.31 4.09 4.96 5.77 5.18 3.87 5.18 7.15 5.91 5.91 0.00 3.72 1.90 0.00 0.00 3.80 3.07 4.45 4.38 0.00 0.00 0.00 0.00 0.00 0.00 2.12 0.00 0.00 0.00 0.00 0.00 0.00 0.00 0.00 0.00 0.00 0.00 0.00 0.00 0.00 0.00 0.00 0.00 0.00 0.00 0.73 1.02 3.65 3.72 3.65 3.50 1.61 1.97 2.41 0.00 0.00 0.00 0.00 0.00 0.00 2.04 3.29 0.00 5.99 11.53 10.22 5.99 5.18 4.96 3.94 3.15 2.34 0.00 0.00 3.80
14.89 18.76 16.57 14.24 12.70 10.37 6.86 5.77 4.16 3.58 3.58 5.40 4.82 3.94 4.16 5.48 5.40 3.43 3.43 3.14 3.87 0.00 2.41 5.55 4.23 3.29 4.53 3.80 0.00 0.00 0.00 0.00 0.00 0.00 5.11 3.50 0.00 0.00 0.00 0.00 0.00 0.00 0.00 0.00 0.00 0.00 0.00 5.77 0.00 0.00 0.00 0.00 0.00 0.00 0.15 1.83 2.34 1.61 1.83 1.83 2.12 2.70 4.16 3.29 0.88 0.00 0.73 2.99 2.99 2.63 2.85 4.60 8.61 12.99 15.26 11.61 7.59 6.50 5.11 3.94 3.14 0.00 0.00 0.00
9.86 9.71 11.24 12.19 9.34 0.00 4.23 4.96 5.62 4.23 4.67 5.62 6.13 5.84 4.60 4.23 5.26 4.82 4.82 4.23 4.74 4.53 3.80 5.77 7.01 5.04 0.00 0.00 0.00 0.00 0.00 0.00 0.00 0.00 0.00 0.00 0.00 0.00 0.00 0.00 0.00 0.00 0.00 0.00 0.00 0.00 0.00 0.00 0.00 0.00 0.00 0.00 0.00 0.00 0.00 0.00 1.75 0.51 0.66 3.07 2.48 3.58 4.89 3.94 3.58 7.30 4.74 4.60 4.60 6.79 6.50 5.48 7.01 8.40 9.34 9.64 8.25 6.64 5.18 5.62 0.00 0.00 0.00 0.00
7.52 5.91 4.09 5.18 4.23 0.00 2.99 5.11 6.35 5.62 4.53 5.18 5.26 5.55 4.74 4.16 5.04 3.80 3.80 5.40 5.77 5.99 5.04 6.35 5.04 5.69 3.36 4.02 4.09 4.23 0.00 5.84 8.32 3.36 2.19 0.00 2.77 0.00 0.00 0.00 0.00 0.00 1.75 1.75 0.00 0.00 0.00 0.00 0.00 0.00 0.00 0.95 0.51 2.26 2.85 1.83 2.41 1.90 0.00 1.68 3.89 5.14 6.62 7.59 9.42 14.60 13.72 10.95 10.95 14.82 17.37 9.05 7.52 4.96 4.38 6.79 8.54 9.64 6.86 4.38 4.16 0.00 0.00 0.00
6.13 6.35 7.30 6.28 5.18 6.20 5.33 5.11 5.91 5.48 4.96 6.13 6.86 8.10 6.86 7.01 8.91 7.88 7.88 7.15 6.06 4.45 7.45 5.40 4.45 4.02 3.36 3.72 4.60 3.21 0.00 2.48 4.23 0.00 0.00 0.00 0.00 0.00 8.40 10.37 8.10 2.41 2.85 2.85 2.85 2.70 0.00 0.00 3.87 3.29 2.34 0.66 0.15 0.00 3.72 8.98 9.05 9.78 9.78 8.47 10.22 11.39 12.96 15.18 17.30 20.22 18.61 15.18 15.18 16.13 15.77 11.61 8.61 7.01 5.62 4.60 5.11 5.91 6.79 6.86 5.33 5.26 0.00 0.00
0.00 2.85 3.58 4.53 6.50 7.66 6.79 5.04 5.55 6.06 7.23 8.18 8.03 7.52 7.74 11.75 15.18 17.67 17.67 18.69 15.84 10.44 8.91 6.06 6.28 8.03 6.13 0.00 0.00 0.00 1.68 0.00 3.94 4.31 0.00 0.00 0.00 2.63 6.06 9.42 7.45 4.09 4.82 4.82 5.69 1.10 1.97 2.41 0.00 3.36 4.45 3.21 1.90 0.58 1.68 4.53 5.77 11.24 13.87 15.48 19.86 22.34 18.76 15.48 16.60 21.46 21.32 14.02 14.02 10.80 9.64 9.27 7.08 6.28 5.84 5.77 5.40 4.53 4.31 6.57 6.50 0.00 0.00 0.00
5.55 2.41 0.00 0.00 5.48 6.06 5.11 3.87 3.65 4.60 6.28 8.40 7.37 9.86 14.02 18.47 19.49 24.60 24.60 28.84 26.06 16.21 12.85 10.44 9.86 13.87 12.41 7.15 6.28 4.45 4.96 0.00 0.00 0.00 0.00 0.00 0.00 2.48 4.23 4.82 4.16 3.50 5.40 5.40 5.99 2.56 3.14 4.23 4.38 3.80 3.50 3.50 1.68 1.83 4.38 3.72 3.87 7.66 11.83 16.79 21.68 25.11 22.85 17.37 16.81 19.16 19.49 13.29 13.29 9.86 7.37 7.66 9.20 9.71 9.71 8.83 6.94 6.35 6.20 6.06 7.45 0.00 0.00 0.00
5.26 0.00 0.00 2.92 1.75 3.58 3.07 2.92 0.00 3.87 3.72 4.31 6.28 10.59 15.70 20.59 24.45 28.18 28.18 30.95 30.66 21.10 15.26 17.96 19.35 21.68 15.26 10.29 7.37 5.77 6.50 4.96 4.45 4.67 5.26 4.67 3.80 4.45 0.00 0.00 4.09 5.77 6.50 6.50 5.77 5.84 7.01 5.48 4.31 3.65 3.43 2.63 1.97 1.83 6.50 5.99 5.04 6.20 8.52 13.13 12.34 14.60 19.89 22.05 20.75 17.76 20.36 18.10 18.10 12.05 10.22 10.59 12.12 15.40 13.51 11.24 10.22 8.10 6.72 3.06 5.61 0.00 0.00 0.00
5.33 3.50 0.00 0.00 0.00 1.46 1.61 0.00 1.02 2.85 4.16 4.74 5.18 3.36 8.25 18.25 22.05 23.51 23.51 23.14 31.17 14.02 14.97 21.32 23.36 22.19 13.29 11.39 6.20 1.97 5.26 5.40 4.60 4.09 5.55 4.82 5.40 3.80 2.41 0.00 4.89 5.26 3.36 3.36 2.56 5.26 4.96 3.65 3.07 2.63 4.23 5.04 7.66 7.15 11.39 12.19 8.83 5.91 5.77 5.62 3.91 5.84 8.18 15.91 19.49 16.50 15.08 15.55 15.06 14.23 15.40 14.16 15.40 16.35 14.02 12.63 12.41 11.02 10.32 0.00 8.27 0.00 0.00 0.00
5.33 0.00 5.26 4.23 3.07 2.12 2.19 2.77 3.07 4.16 4.23 3.72 3.58 0.00 5.62 12.26 12.99 12.48 12.48 10.44 6.79 6.86 8.40 11.24 11.39 10.59 8.83 4.60 5.04 4.23 4.67 4.89 4.16 2.92 3.72 3.65 0.00 0.00 0.00 0.00 1.75 0.00 1.75 1.75 0.51 1.02 1.17 2.26 3.14 2.48 3.07 5.55 10.95 12.34 16.57 19.35 12.99 10.00 8.77 8.33 6.94 6.35 7.75 9.81 16.27 18.70 16.50 13.36 13.43 13.94 14.82 17.89 16.94 13.36 12.47 12.26 12.34 14.24 12.84 9.97 0.00 0.00 0.00 0.00
2.26 3.43 4.02 0.00 3.80 4.31 4.74 5.18 5.84 6.20 4.45 2.92 3.36 3.94 4.38 0.00 4.23 5.11 5.11 4.82 4.96 0.00 0.00 4.60 0.00 0.00 0.00 0.00 2.19 0.00 2.70 0.00 0.00 2.04 2.26 2.99 0.00 0.00 0.00 0.00 0.00 0.00 0.00 0.00 0.00 0.66 0.58 0.37 2.48 2.63 1.46 3.94 10.07 20.08 28.18 27.89 24.02 21.90 10.66 7.94 7.82 8.56 7.42 10.23 13.41 16.74 17.74 14.97 14.97 10.85 11.73 17.20 16.95 13.93 13.06 13.94 11.68 10.45 10.61 9.61 0.00 0.00 0.00 0.00
1.68 1.83 1.46 0.00 0.00 3.72 3.50 0.00 0.00 4.82 1.68 0.00 2.48 0.00 4.02 5.33 4.09 4.45 4.45 5.04 5.40 5.26 2.85 2.99 0.00 0.00 0.00 0.00 0.00 0.00 0.00 0.00 0.00 0.00 2.85 0.00 0.00 0.00 0.00 0.00 0.00 0.00 0.00 0.00 0.73 2.34 2.92 1.39 2.70 5.18 3.14 4.09 9.42 25.40 25.55 26.28 29.50 26.72 20.59 16.13 12.41 12.46 9.68 10.14 17.90 19.47 17.31 15.40 15.40 10.69 9.03 12.78 15.19 14.97 13.04 10.86 8.40 6.37 5.73 5.34 5.73 0.00 0.00 0.00
2.85 2.48 2.26 2.56 2.99 4.23 0.00 0.00 0.00 4.02 0.00 0.00 0.00 0.00 5.33 7.01 4.31 0.00 0.00 3.65 6.28 6.28 4.53 0.00 0.00 0.00 0.00 0.00 0.00 0.00 0.00 0.00 0.00 0.00 2.34 0.00 0.00 0.00 0.00 0.00 0.00 0.00 1.83 1.83 2.92 1.90 2.85 1.90 2.85 5.99 5.55 7.88 9.61 15.20 15.90 21.49 21.37 24.31 29.05 27.01 19.93 15.48 11.07 10.89 14.13 20.00 21.17 15.04 15.11 10.64 7.35 7.62 8.15 11.81 11.43 8.98 6.48 5.14 2.34 3.29 0.00 6.44 8.60 0.00
3.87 4.02 4.96 4.31 3.36 2.34 3.65 0.00 0.00 0.00 0.00 0.00 0.00 0.00 0.00 0.00 0.00 0.00 0.00 0.00 2.77 0.00 0.00 0.00 0.00 0.00 0.00 0.00 0.00 0.00 0.00 0.00 0.00 1.39 0.00 0.00 0.00 0.00 0.00 0.00 0.00 0.00 0.00 0.00 1.39 1.90 3.14 1.75 3.43 8.18 11.17 11.61 10.00 11.39 16.70 19.94 19.44 20.97 20.68 25.66 23.11 17.31 16.49 13.36 12.30 16.53 16.70 11.81 11.81 8.04 5.63 4.54 3.15 5.79 5.72 7.56 6.70 6.30 3.52 0.00 0.00 8.17 11.11 0.00
4.16 5.33 7.45 8.25 6.35 5.91 4.02 2.77 0.00 0.00 0.00 7.59 0.00 0.00 0.00 0.00 0.00 0.00 0.00 0.00 0.00 0.00 0.00 0.00 0.00 0.00 0.00 0.00 0.00 0.00 0.00 0.00 0.00 3.58 2.92 0.00 0.00 0.00 0.00 0.00 0.00 0.00 0.80 0.80 0.00 0.15 3.21 5.18 10.59 15.26 15.48 13.87 11.32 13.35 14.45 15.98 13.48 18.27 21.02 25.03 29.75 26.46 17.46 11.66 10.58 14.35 12.93 8.52 8.40 5.78 4.61 4.96 4.90 4.52 1.90 3.96 3.85 3.17 3.93 0.00 4.67 8.58 0.00 0.00
9.42 0.00 8.25 9.20 10.37 12.48 13.29 7.15 4.82 4.16 0.00 0.00 0.00 0.00 0.00 0.00 0.00 0.00 0.00 0.00 0.00 0.00 0.00 0.00 0.00 0.00 0.00 0.00 0.00 0.00 0.00 0.00 0.00 0.00 0.00 0.00 0.00 0.00 0.00 0.00 0.00 4.67 3.07 3.07 3.94 5.77 7.96 11.97 15.91 16.55 17.01 14.45 23.47 25.03 20.22 18.64 24.45 17.89 15.61 19.87 20.32 22.59 22.32 12.48 5.63 7.93 9.86 7.07 6.90 4.60 4.96 3.77 3.50 4.16 3.08 3.36 0.23 1.53 2.83 1.34 4.69 5.18 0.00 0.00
17.01 13.14 17.16 22.19 29.57 29.93 15.84 8.69 7.88 7.30 6.42 5.84 3.43 0.00 0.00 0.00 0.00 2.99 2.99 0.00 0.00 0.00 0.00 0.00 4.60 5.18 3.07 2.19 1.31 0.00 0.00 0.00 2.56 3.43 3.29 1.02 0.00 0.00 0.00 0.00 0.00 2.12 5.69 5.69 9.56 10.66 9.78 10.29 10.07 14.97 18.36 14.26 11.51 10.55 12.48 10.32 17.10 19.19 18.75 20.47 16.87 12.10 12.48 12.79 11.02 6.38 1.84 1.50 1.47 1.75 1.68 0.83 1.10 2.87 4.57 2.26 0.61 0.16 0.58 1.35 3.33 4.70 0.00 0.00
22.12 19.56 22.56 26.43 31.90 33.22 15.99 4.60 0.00 0.00 4.38 4.53 3.36 0.00 0.00 0.00 0.00 4.38 4.38 0.00 3.21 0.00 0.44 1.90 0.00 2.85 3.14 2.92 2.41 3.07 2.56 1.39 2.70 2.70 2.70 0.73 1.68 2.41 0.00 0.00 0.58 4.45 5.91 5.91 8.61 9.93 9.64 8.03 8.96 12.55 14.52 11.54 12.66 10.32 7.21 6.03 10.62 11.92 12.84 16.58 18.58 13.31 9.48 5.87 6.86 7.08 2.57 0.31 0.30 1.24 1.68 0.88 0.35 1.44 4.66 3.43 2.51 0.00 0.00 0.00 0.00 2.31 3.13 0.00
22.63 23.14 17.08 9.86 16.79 26.06 20.81 9.13 0.00 0.00 0.00 0.00 0.00 2.77 0.00 4.82 5.26 3.87 3.87 1.83 2.63 0.00 0.00 0.00 1.39 0.88 0.00 1.10 2.12 2.70 3.14 1.31 0.95 2.04 2.19 3.29 5.40 0.88 0.00 0.66 3.94 4.96 5.77 5.77 7.01 8.40 9.34 7.15 6.73 8.26 8.35 12.09 12.98 13.88 10.24 7.20 4.77 8.33 8.91 14.77 16.64 16.02 7.96 4.38 3.43 3.58 2.91 0.29 0.33 0.40 1.86 0.18 1.16 5.18 6.14 3.54 1.68 3.14 0.00 0.00 0.00 0.00 2.25 1.72
12.70 16.06 8.76 0.73 7.81 15.84 18.18 12.33 6.06 0.00 0.00 0.00 0.00 2.99 5.04 5.11 2.77 2.34 2.34 0.00 0.00 0.00 0.00 0.00 0.58 0.44 0.00 0.00 0.00 1.83 1.68 1.31 0.00 0.00 0.00 0.80 1.46 0.44 0.00 1.24 4.62 7.01 7.52 7.52 7.88 8.32 6.86 7.41 6.35 4.36 5.84 10.28 12.23 18.10 11.60 10.77 5.72 6.89 9.46 10.99 14.26 17.02 11.15 8.76 5.40 3.17 3.45 2.51 2.42 1.08 1.96 2.53 4.68 6.45 4.97 2.47 4.08 1.91 0.00 0.00 0.00 1.50 2.62 3.17
0.00 0.00 0.00 0.00 4.23 12.92 16.35 13.21 10.07 5.69 3.94 0.00 0.00 0.00 0.00 3.94 2.56 0.00 0.00 0.00 2.19 2.85 2.12 1.17 0.00 0.00 0.00 0.00 0.00 0.00 0.00 0.66 1.24 0.22 0.15 0.80 1.61 1.61 1.24 3.29 5.48 6.79 5.91 5.91 7.08 6.86 7.23 8.91 7.81 6.79 10.23 11.39 11.32 0.00 9.14 13.15 0.00 0.00 12.00 13.78 9.61 8.57 11.11 12.57 10.86 5.04 3.12 3.13 3.15 0.85 0.00 3.71 1.69 1.73 0.80 0.00 4.17 3.45 0.00 0.00 1.72 3.53 2.97 7.87
0.00 0.00 0.00 0.00 0.00 10.22 18.98 18.32 15.91 12.41 12.78 5.84 4.60 0.00 0.00 0.00 0.00 0.00 0.00 0.00 0.00 0.00 0.00 0.00 0.00 0.00 0.00 0.00 0.00 0.29 1.75 1.68 2.27 1.91 1.46 2.41 1.39 1.46 2.04 2.34 2.26 2.26 1.75 1.75 3.30 4.60 6.46 5.69 5.41 6.32 8.71 6.73 0.00 0.00 0.00 0.00 0.00 0.00 0.00 13.04 10.24 12.14 14.20 13.92 14.30 13.33 3.99 3.06 3.58 3.41 0.00 0.00 0.00 0.18 1.80 1.17 3.00 3.50 0.00 0.00 0.00 0.00 4.62 4.36
0.00 0.00 0.00 0.00 0.00 8.10 11.90 14.38 18.40 20.51 16.57 5.77 13.21 8.32 4.31 6.57 4.74 4.45 4.45 0.00 0.00 0.00 0.00 0.00 1.61 0.44 0.00 0.00 0.00 0.15 0.66 0.29 0.88 0.58 1.32 3.21 3.87 4.82 0.00 0.00 0.00 0.88 0.95 0.95 1.75 2.19 1.17 1.44 2.27 4.60 4.79 0.00 0.00 0.00 0.00 0.00 0.00 0.00 0.00 0.00 16.59 11.19 13.59 17.80 10.99 10.45 4.01 0.49 0.55 5.65 3.70 2.54 0.00 0.00 0.00 0.75 1.83 0.00 0.00 0.00 0.00 0.00 0.00 0.98
0.00 0.00 0.00 0.00 0.00 0.00 7.23 12.34 18.91 19.13 12.56 15.77 18.69 20.00 16.21 15.93 10.25 12.63 12.63 0.00 0.00 0.00 0.00 0.00 0.00 2.34 0.00 0.00 0.00 0.00 1.75 0.44 0.22 1.68 2.12 2.70 4.38 0.00 10.29 0.00 0.00 1.02 2.12 2.12 2.77 1.02 0.00 1.05 4.13 8.11 0.00 0.00 0.00 0.00 0.00 0.00 0.00 0.00 0.00 0.00 0.00 12.58 7.17 9.67 9.87 11.40 10.80 3.36 3.44 3.42 0.00 0.00 0.00 0.00 0.52 1.44 2.35 0.00 0.00 0.00 0.00 0.00 0.00 0.00
0.00 0.00 0.00 0.00 0.00 0.00 0.00 7.52 9.49 7.81 8.47 19.20 15.70 18.18 20.00 14.75 14.24 13.63 12.72 0.00 3.72 0.00 0.00 0.00 0.00 0.00 0.00 0.00 0.00 0.00 0.00 0.00 0.00 0.00 2.92 2.34 2.41 0.00 0.00 0.00 0.00 3.87 4.53 4.53 4.31 2.19 1.83 3.71 9.05 13.93 0.00 0.00 0.00 0.00 0.00 0.00 0.00 0.00 0.00 0.00 0.00 0.00 0.00 0.00 9.02 12.15 11.28 9.21 11.26 4.97 0.00 0.00 0.00 0.00 0.00 0.00 2.07 0.00 0.00 0.00 0.00 0.00 0.00 0.00
0.00 0.00 0.00 0.00 0.00 0.00 0.00 0.00 0.00 0.00 0.00 0.00 0.00 0.00 0.00 1.90 4.23 7.64 7.77 16.79 10.73 12.48 8.03 7.08 4.53 2.56 3.36 0.00 0.00 0.00 0.00 0.00 0.00 4.31 7.08 9.20 10.51 8.98 7.37 5.94 7.22 8.41 7.74 7.74 6.64 4.89 5.26 8.00 4.53 0.00 0.00 0.00 0.00 0.00 0.00 0.00 0.00 0.00 0.00 0.00 0.00 0.00 0.00 0.00 0.00 0.00 0.00 0.00 0.00 0.00 0.00 0.00 0.00 0.00 0.00 0.00 0.00 0.00 0.00 0.00 0.00 0.00 0.00 0.00
0.00 0.00 0.00 0.00 0.00 0.00 0.00 0.00 0.00 0.00 0.00 0.00 0.00 0.00 0.00 0.00 0.00 3.87 3.87 4.60 4.19 5.37 8.61 12.26 9.64 2.41 6.06 10.07 11.32 7.52 7.37 7.08 5.91 5.33 4.02 7.74 11.61 10.80 9.34 5.40 9.82 12.47 7.45 8.32 8.47 7.81 10.22 9.13 0.00 0.00 0.00 0.00 0.00 0.00 0.00 0.00 0.00 0.00 0.00 0.00 0.00 0.00 0.00 0.00 0.00 0.00 0.00 0.00 0.00 0.00 0.00 0.00 0.00 0.00 0.00 0.00 0.00 0.00 0.00 0.00 0.00 0.00 0.00 0.00
0.00 0.00 0.00 0.00 0.00 0.00 0.00 0.00 0.00 0.00 0.00 0.00 0.00 0.00 0.00 0.00 0.00 0.00 0.00 0.00 0.00 0.00 3.80 7.01 8.10 2.86 4.62 10.07 14.89 8.61 7.66 6.42 4.30 4.53 0.29 0.00 5.40 5.99 4.89 0.00 0.00 4.09 4.08 5.19 7.95 11.60 10.05 5.15 0.00 0.00 0.00 0.00 0.00 0.00 0.00 0.00 0.00 0.00 0.00 0.00 0.00 0.00 0.00 0.00 0.00 0.00 0.00 0.00 0.00 0.00 0.00 0.00 0.00 0.00 0.00 0.00 0.00 0.00 0.00 0.00 0.00 0.00 0.00 0.00
0.00 0.00 0.00 0.00 0.00 0.00 0.00 0.00 0.00 0.00 0.00 0.00 0.00 0.00 0.00 0.00 0.00 0.00 0.00 0.00 0.00 0.00 0.00 0.00 0.00 0.00 0.00 0.07 5.99 1.53 0.00 0.00 0.00 0.00 0.00 0.00 0.00 0.00 0.00 0.00 0.00 0.00 0.00 0.00 0.00 2.70 0.00 0.00 0.00 0.00 0.00 0.00 0.00 0.00 0.00 0.00 0.00 0.00 0.00 0.00 0.00 0.00 0.00 0.00 0.00 0.00 0.00 0.00 0.00 0.00 0.00 0.00 0.00 0.00 0.00 0.00 0.00 0.00 0.00 0.00 0.00 0.00 0.00 0.00
