Wansh/Snow_depth/snowdepth-1981/winter/1982041.txt
ncols 321
nrows 161
xllcenter 60
yllcenter 15 
cellsize  0.25 
NODATA_value -1
[rows 0 to 36 of 161, columns 166 to 248 of 321]
8.91 11.10 11.90 10.37 8.76 9.05 10.22 10.15 9.13 8.61 10.22 10.22 11.24 10.88 11.17 11.02 9.34 8.91 9.49 12.41 15.84 16.72 15.55 13.94 14.45 16.35 14.45 10.95 7.59 0.00 0.00 0.00 0.00 9.93 16.28 19.20 22.56 22.56 17.89 18.69 23.29 19.93 19.05 18.98 20.29 19.64 20.51 21.75 21.53 22.27 21.02 17.16 15.62 16.72 17.08 15.70 14.82 13.65 16.86 16.21 13.43 12.12 12.12 10.44 9.93 11.97 17.37 19.56 15.99 14.45 12.78 10.15 7.08 8.32 12.48 13.87 14.24 14.82 17.81 22.63 24.09 24.89 25.11
16.50 16.43 15.18 11.46 9.86 11.32 11.10 9.56 7.88 9.13 10.51 10.51 11.02 11.17 11.32 10.07 10.00 8.83 10.22 12.63 14.82 16.72 15.26 13.87 13.51 12.85 9.78 3.36 0.00 0.00 0.00 0.00 0.00 10.29 15.40 19.56 13.58 13.58 16.06 21.75 24.16 24.67 22.12 23.94 25.48 26.86 27.16 27.01 24.82 24.89 24.45 21.90 19.05 19.49 17.30 15.11 13.87 12.34 14.16 13.43 12.05 11.75 11.75 12.26 12.85 16.35 19.35 18.18 15.62 13.29 10.66 10.15 8.10 10.88 11.90 12.41 13.94 19.20 22.19 24.16 25.84 25.55 22.34
22.70 23.65 20.22 15.48 13.43 14.09 13.14 10.59 8.76 8.69 9.64 9.64 10.59 10.59 9.13 8.32 8.69 10.59 12.41 13.43 14.02 15.70 15.48 13.58 13.07 11.97 7.30 0.00 0.00 0.00 0.00 0.00 2.70 10.22 12.41 13.36 12.70 12.70 16.43 21.53 27.08 28.32 25.48 24.97 25.99 26.28 24.31 23.80 21.53 20.29 19.78 19.56 20.44 20.66 18.10 16.13 14.97 12.41 10.88 10.59 10.88 9.93 9.93 10.44 12.70 14.60 13.14 12.56 12.19 11.32 14.45 13.65 12.99 11.39 12.92 14.45 16.43 19.86 23.51 24.31 21.46 19.27 16.06
22.70 23.65 20.22 15.48 13.43 14.09 13.14 10.59 8.76 8.69 9.64 9.64 10.59 10.59 9.13 8.32 8.69 10.59 12.41 13.43 14.02 15.70 15.48 13.58 13.07 11.97 7.30 0.00 0.00 0.00 0.00 0.00 2.70 10.22 12.41 13.36 12.70 12.70 16.43 21.53 27.08 28.32 25.48 24.97 25.99 26.28 24.31 23.80 21.53 20.29 19.78 19.56 20.44 20.66 18.10 16.13 14.97 12.41 10.88 10.59 10.88 9.93 9.93 10.44 12.70 14.60 13.14 12.56 12.19 11.32 14.45 13.65 12.99 11.39 12.92 14.45 16.43 19.86 23.51 24.31 21.46 19.27 16.06
19.93 21.39 21.83 19.93 18.69 16.13 14.16 12.05 11.17 6.79 8.61 8.61 10.51 11.97 10.29 9.86 10.80 12.26 13.80 14.53 14.09 16.21 17.37 14.67 9.42 6.72 0.00 0.00 0.00 0.00 0.00 0.00 4.89 7.52 7.37 9.42 13.07 13.07 16.06 20.51 24.31 25.40 21.24 17.52 15.18 15.48 16.35 18.18 19.05 18.83 17.81 17.89 18.10 18.76 18.83 18.54 16.57 14.38 10.44 9.93 12.19 13.14 13.14 13.72 13.21 10.80 9.71 9.49 9.71 10.95 14.16 13.94 14.45 14.45 14.38 14.53 12.26 12.78 14.67 15.70 14.31 8.18 7.81
20.73 20.22 22.48 21.17 20.37 19.27 17.08 15.40 14.24 11.39 9.93 9.93 12.70 15.40 14.82 13.72 12.48 12.05 13.51 12.85 11.83 10.88 10.22 7.08 0.00 0.00 0.00 0.00 0.00 0.00 0.00 3.80 6.20 7.15 9.05 12.78 14.89 14.89 15.11 14.82 17.08 18.32 15.11 12.99 11.53 11.24 12.56 12.41 14.45 16.79 17.45 18.40 20.08 22.34 22.05 19.56 15.40 12.92 12.63 11.46 11.02 11.75 11.75 13.87 14.82 15.04 11.02 6.50 7.59 8.54 9.78 8.83 9.20 10.59 11.75 10.80 9.49 8.83 8.40 9.56 9.56 8.76 8.47
22.48 23.94 25.70 25.40 23.00 21.75 20.08 19.64 19.20 18.69 15.33 15.33 13.14 13.65 14.75 14.09 14.16 13.80 13.87 11.39 8.69 6.35 2.85 0.00 0.00 0.00 0.00 0.00 0.00 9.71 10.00 7.45 9.27 10.44 13.80 16.64 17.16 17.16 14.31 11.75 10.66 12.70 14.82 12.56 8.10 8.25 9.71 11.32 14.24 16.79 18.54 19.56 19.71 21.17 20.95 19.64 16.57 13.21 11.68 10.59 11.10 11.10 11.10 12.56 13.21 12.56 10.29 7.59 8.40 9.27 8.25 8.32 7.30 8.61 9.20 9.27 7.37 7.88 8.47 8.25 7.96 8.82 8.68
22.48 23.94 25.70 25.40 23.00 21.75 20.08 19.64 19.20 18.69 15.33 15.33 13.14 13.65 14.75 14.09 14.16 13.80 13.87 11.39 8.69 6.35 2.85 0.00 0.00 0.00 0.00 0.00 0.00 9.71 10.00 7.45 9.27 10.44 13.80 16.64 17.16 17.16 14.31 11.75 10.66 12.70 14.82 12.56 8.10 8.25 9.71 11.32 14.24 16.79 18.54 19.56 19.71 21.17 20.95 19.64 16.57 13.21 11.68 10.59 11.10 11.10 11.10 12.56 13.21 12.56 10.29 7.59 8.40 9.27 8.25 8.32 7.30 8.61 9.20 9.27 7.37 9.11 11.68 11.87 10.90 14.99 14.33
17.81 22.05 27.59 29.49 29.27 26.13 22.70 20.73 20.00 19.27 17.67 17.67 14.38 13.36 14.09 14.38 14.53 13.65 10.66 7.74 4.23 0.00 0.00 0.00 0.00 0.00 0.00 0.00 0.00 5.69 7.96 10.29 11.61 11.46 13.72 17.37 16.72 16.72 12.63 10.00 7.37 7.01 6.86 7.81 8.10 8.40 8.47 9.34 12.05 15.48 17.89 20.66 19.05 16.64 15.04 15.04 13.51 11.46 11.10 10.15 9.86 10.51 10.51 10.37 10.07 9.34 8.25 9.13 8.61 9.56 9.78 10.51 10.59 9.49 8.83 8.28 9.70 11.03 12.80 12.39 11.59 13.07 11.32
13.43 15.11 19.20 24.09 26.50 24.38 21.39 20.51 17.81 13.72 13.80 13.80 14.82 14.09 13.51 12.63 11.32 9.05 5.11 0.00 0.00 0.00 0.00 0.00 0.00 0.00 0.00 4.09 6.06 6.20 12.05 13.43 15.04 14.45 14.75 13.87 13.72 13.72 10.29 7.59 6.64 7.59 7.52 7.01 7.74 8.40 8.40 9.34 11.53 14.60 15.55 16.79 14.31 13.14 12.12 12.70 12.19 9.78 7.96 8.03 9.13 10.15 10.15 10.29 11.75 10.95 11.10 11.10 11.61 10.73 10.80 11.53 11.32 9.56 10.11 13.43 14.37 12.87 13.97 13.92 15.74 14.72 14.92
15.70 14.67 12.26 12.05 15.33 18.47 21.17 24.24 23.29 20.73 16.57 16.57 14.67 12.34 10.00 7.37 5.18 0.00 0.00 0.00 0.00 0.00 0.00 1.02 5.84 9.64 8.25 8.40 10.59 12.99 14.24 13.72 12.92 11.24 11.75 11.32 11.39 11.39 10.29 9.42 9.71 13.58 15.26 12.70 10.66 9.27 9.13 6.86 8.03 9.56 10.88 11.68 10.22 9.13 11.75 11.61 8.10 5.48 4.60 5.40 6.72 10.29 10.29 12.63 13.36 13.29 12.26 14.16 14.53 13.14 13.07 11.39 10.88 10.44 9.73 9.12 9.56 14.19 18.16 15.65 12.07 14.71 14.92
15.70 14.67 12.26 12.05 15.33 18.47 21.17 24.24 23.29 20.73 16.57 16.57 14.67 12.34 10.00 7.37 5.18 0.00 0.00 0.00 0.00 0.00 0.00 1.02 5.84 9.64 8.25 8.40 10.59 12.99 14.24 13.72 12.92 11.24 11.75 11.32 11.39 11.39 10.29 9.42 9.71 13.58 15.26 12.70 10.66 9.27 9.13 6.86 8.03 9.56 10.88 11.68 10.22 9.13 11.75 11.61 8.10 5.48 4.60 5.40 6.72 10.29 10.29 12.63 13.36 13.29 12.26 14.16 14.53 13.14 13.07 11.39 10.88 10.44 9.49 8.98 9.27 13.18 16.19 14.49 12.87 15.26 14.92
19.86 18.47 17.45 15.84 15.26 12.85 12.92 14.89 15.04 15.62 14.16 14.16 11.46 5.91 0.00 0.00 0.00 0.00 0.00 0.00 7.81 9.86 8.40 9.64 10.59 11.02 10.29 10.66 10.00 16.72 13.80 13.14 11.68 10.44 12.63 13.80 14.24 14.24 17.01 16.86 17.59 16.21 15.84 14.60 12.34 9.71 6.42 5.18 5.40 8.83 8.10 8.03 7.96 9.49 11.46 9.78 6.57 5.62 7.23 7.01 7.30 9.13 9.13 12.05 12.85 12.78 14.97 15.70 16.06 16.21 15.40 14.67 13.87 11.83 10.88 9.13 9.13 10.73 12.76 11.96 12.15 12.97 14.70
15.33 14.82 13.21 12.85 14.38 14.24 12.85 11.10 9.56 7.15 3.72 3.72 0.00 0.00 0.00 0.00 0.00 0.00 0.00 1.68 4.45 5.48 7.37 10.22 10.07 11.46 9.27 10.80 16.57 17.59 16.43 17.08 15.04 12.48 13.80 15.91 15.11 15.11 16.64 17.89 17.74 16.13 16.64 14.97 12.12 10.15 7.59 6.50 6.86 8.32 8.32 6.64 6.86 7.96 8.25 8.83 9.86 9.93 9.86 8.54 9.86 12.19 12.19 13.43 13.07 11.17 16.28 16.43 17.89 17.45 16.64 17.01 16.21 12.63 11.24 11.14 12.91 14.37 13.22 14.81 16.06 13.23 15.93
14.31 15.77 17.23 17.08 17.96 18.40 18.98 14.53 9.78 5.48 1.10 1.10 0.00 0.00 0.00 0.00 0.00 0.00 0.80 4.23 9.13 11.46 10.73 11.90 14.02 12.63 12.34 14.67 17.01 18.40 17.23 15.84 14.67 14.38 15.04 14.60 14.53 14.53 16.86 19.35 19.93 17.52 15.70 13.72 10.15 9.13 12.34 11.02 8.98 7.59 6.64 5.99 5.99 5.11 5.69 8.61 13.14 16.72 15.99 13.21 12.99 12.26 12.26 13.87 14.53 16.13 15.55 16.43 18.32 17.37 16.06 15.84 16.86 14.67 14.05 16.11 15.02 14.60 14.92 16.55 14.79 15.26 16.36
15.33 16.94 19.27 18.32 17.23 17.96 18.54 19.05 17.52 15.18 10.88 10.88 9.42 10.66 9.42 5.91 4.60 5.48 6.06 5.91 7.23 7.30 8.69 12.12 14.02 14.02 16.94 17.52 17.23 16.13 15.99 15.99 16.57 15.70 15.40 17.52 16.28 16.28 16.21 16.28 15.99 14.16 12.78 14.09 14.24 13.72 14.24 13.07 11.90 10.44 7.96 6.86 6.57 6.72 8.18 8.83 9.93 16.06 17.89 16.86 15.18 15.55 15.55 15.26 17.08 17.01 16.35 15.84 13.72 13.80 15.11 15.91 17.37 16.41 16.91 17.03 18.80 17.30 18.51 15.06 16.02 16.39 16.41
15.33 16.94 19.27 18.32 17.23 17.96 18.54 19.05 17.52 15.18 10.88 10.88 9.42 10.66 9.42 5.91 4.60 5.48 6.06 5.91 7.23 7.30 8.69 12.12 14.02 14.02 16.94 17.52 17.23 16.13 15.99 15.99 16.57 15.70 15.40 17.52 16.28 16.28 16.21 16.28 15.99 14.16 12.78 14.09 14.24 13.72 14.24 13.07 11.90 10.44 7.96 6.86 6.57 6.72 8.18 8.83 9.93 16.06 17.89 16.86 15.18 15.55 15.55 15.26 17.08 17.01 16.35 15.84 13.72 13.80 15.11 15.91 17.37 20.14 15.85 18.51 16.88 21.41 18.79 16.66 16.34 14.78 15.87
12.63 13.65 15.99 16.13 14.16 11.46 10.88 11.75 14.16 16.43 17.59 17.59 16.57 14.16 10.59 7.01 6.06 6.42 5.77 5.55 6.64 9.78 11.68 12.99 13.07 15.84 16.13 15.55 15.55 16.06 15.11 16.06 15.77 16.79 17.96 18.40 18.47 18.47 18.47 16.79 14.24 15.26 16.94 18.25 18.03 15.70 12.05 11.75 12.26 11.61 9.49 8.40 10.37 12.05 13.21 11.39 12.41 13.80 17.45 19.56 19.56 16.94 16.94 21.83 20.81 17.23 15.33 12.56 12.99 13.21 16.64 18.25 19.59 18.66 20.74 19.10 20.87 23.05 22.31 17.54 15.81 18.36 17.86
14.09 12.78 15.70 20.37 18.98 14.75 11.75 10.95 10.80 10.15 8.69 8.69 8.69 8.91 10.22 9.64 9.71 9.42 9.20 10.80 13.51 16.35 17.67 16.57 15.77 15.48 15.26 13.29 14.53 14.31 13.72 14.60 15.40 15.18 16.94 18.03 18.10 18.10 17.96 18.03 16.50 16.21 15.91 16.72 15.11 13.87 11.46 10.44 10.80 9.34 7.74 8.83 12.85 16.64 17.08 14.24 13.80 16.43 17.37 20.29 22.05 22.56 22.56 16.64 13.94 10.73 12.12 12.34 14.60 16.86 18.91 20.47 23.15 24.48 25.08 24.54 24.04 22.60 20.95 20.65 20.03 21.79 17.95
15.91 15.26 14.16 15.11 18.47 19.35 18.18 15.11 10.66 9.56 8.98 8.98 10.00 12.19 16.28 16.06 14.97 16.13 17.30 17.89 20.66 23.58 25.55 20.88 14.97 16.79 15.33 16.35 16.64 15.91 13.72 13.36 14.67 15.91 16.13 15.91 16.57 16.57 17.37 17.16 16.86 16.28 16.43 14.60 12.41 13.14 14.38 13.87 13.80 12.92 12.63 14.67 17.45 16.72 11.68 7.96 5.77 7.74 9.93 12.63 21.97 15.04 15.04 13.29 11.32 13.36 15.48 17.16 19.56 20.59 21.53 24.67 26.43 27.96 29.78 31.32 29.78 25.85 23.80 27.04 28.37 23.63 22.96
18.47 18.25 16.57 15.18 14.82 15.40 16.43 16.28 13.51 11.61 10.15 10.15 9.05 11.02 12.70 13.87 15.33 18.83 21.53 21.97 20.66 22.70 26.86 29.05 29.13 22.48 17.52 15.40 13.07 13.58 14.45 16.72 19.20 17.74 18.61 19.35 19.49 19.49 17.96 16.43 14.53 13.94 12.92 10.95 10.73 13.51 15.40 16.64 17.16 16.43 17.67 19.64 15.33 8.18 0.00 0.00 0.00 0.00 4.16 7.08 6.35 8.61 8.61 11.83 12.26 14.24 17.37 17.01 18.61 19.86 22.34 25.70 28.76 30.30 31.76 31.46 31.54 30.12 31.92 30.53 31.78 25.88 25.89
13.51 15.26 17.08 18.76 20.66 18.47 15.55 13.72 12.70 11.39 9.71 9.71 9.78 11.68 16.35 19.56 17.59 14.31 15.33 20.00 21.10 22.85 23.65 21.61 18.10 13.51 13.07 15.40 15.40 15.04 16.57 19.27 18.76 17.52 18.83 20.00 21.10 21.10 16.13 10.80 9.05 7.74 7.74 8.25 10.22 12.05 14.53 16.72 13.36 8.10 6.72 5.99 3.65 3.07 3.87 0.00 0.00 0.00 2.48 4.02 3.43 4.38 4.38 3.94 3.23 5.04 8.03 11.83 13.43 15.26 17.67 22.27 27.59 30.66 32.19 31.97 32.70 32.65 35.00 28.66 30.29 26.94 16.62
13.51 15.26 17.08 18.76 20.66 18.47 15.55 13.72 12.70 11.39 9.71 9.71 9.78 11.68 16.35 19.56 17.59 14.31 15.33 20.00 21.10 22.85 23.65 21.61 18.10 13.51 13.07 15.40 15.40 15.04 16.57 19.27 18.76 17.52 18.83 20.00 21.10 21.10 16.13 10.80 9.05 7.74 7.74 8.25 10.22 12.05 14.53 16.72 13.36 8.10 6.72 5.99 3.65 3.07 3.87 0.00 0.00 0.00 2.48 4.02 3.43 4.38 4.38 3.94 3.23 5.04 8.03 11.83 13.43 15.26 17.67 22.27 27.59 30.66 32.19 31.97 31.39 32.83 27.18 25.21 25.37 31.35 20.33
10.95 11.97 12.63 12.78 14.31 15.84 16.35 16.21 15.55 15.33 15.18 15.18 12.85 11.83 16.21 16.21 15.77 14.53 14.82 18.83 20.37 21.68 18.54 16.79 15.11 15.26 17.08 18.83 20.22 20.66 20.22 19.42 18.40 15.33 15.99 14.31 11.83 11.83 10.00 9.71 12.48 14.09 11.68 11.02 9.34 5.77 7.15 5.55 2.99 0.00 0.00 0.00 0.00 1.83 2.19 0.00 0.00 0.00 0.00 0.95 2.12 0.00 0.00 0.00 0.00 0.00 5.48 9.49 11.10 12.34 13.21 14.45 20.81 24.31 26.50 28.62 29.71 29.71 29.97 34.57 29.43 24.56 21.79
9.49 11.53 12.85 13.72 15.18 17.89 20.00 22.48 24.24 24.75 22.19 22.19 17.67 17.08 18.54 17.52 16.43 15.33 16.06 18.25 19.56 21.32 18.40 15.62 15.40 17.52 16.86 17.52 21.10 21.61 19.93 17.59 13.58 10.88 9.56 7.88 6.35 6.35 5.69 8.98 11.24 11.97 10.88 9.13 7.96 6.86 5.11 2.34 0.88 0.00 0.00 0.00 0.00 0.00 0.00 0.00 0.00 0.00 0.00 0.00 0.00 0.00 0.00 0.00 0.00 0.00 1.61 6.35 8.25 10.44 12.41 14.97 17.67 20.15 25.33 28.47 32.19 32.17 29.99 28.85 27.35 22.48 20.20
7.30 6.72 9.78 12.85 17.23 17.08 14.89 15.84 18.83 20.51 19.86 19.86 19.86 20.44 19.35 19.35 16.72 15.33 15.62 13.07 16.94 20.81 18.98 16.57 15.99 17.30 15.99 15.48 17.89 19.56 18.47 15.70 12.70 8.10 5.55 4.53 4.45 4.45 4.09 5.33 6.42 7.01 7.08 7.15 4.23 3.50 2.85 0.00 0.00 0.00 0.00 0.00 0.00 0.00 0.00 0.00 0.00 0.00 0.00 0.00 0.00 0.00 0.00 0.00 0.00 0.00 0.00 5.04 7.01 12.19 14.45 14.67 16.72 26.13 32.83 33.85 31.87 33.30 32.62 26.65 20.11 14.26 11.76
7.74 8.18 8.10 7.08 7.66 7.88 6.20 7.66 12.63 15.99 16.94 16.94 17.52 16.13 12.05 12.78 12.19 11.17 10.29 10.44 13.07 15.62 18.54 18.32 21.61 20.88 16.06 13.58 13.51 12.92 10.59 8.69 6.72 7.37 6.57 5.40 4.53 4.53 3.94 4.16 4.23 3.36 2.92 2.19 1.17 0.00 0.00 0.00 0.00 0.00 0.00 0.00 0.00 0.00 0.00 0.00 0.00 0.00 0.00 0.00 0.00 0.00 0.00 0.00 0.00 0.00 0.00 4.67 4.82 7.37 13.14 18.54 21.97 28.25 38.16 39.11 36.62 33.20 31.86 32.29 21.26 15.29 12.20
4.16 5.04 4.89 3.94 3.50 4.31 3.58 4.23 4.74 4.82 4.74 4.74 7.15 6.64 3.94 6.94 8.54 8.03 8.32 8.18 8.83 11.10 15.62 18.10 12.99 11.02 8.18 4.23 4.60 6.50 5.18 4.45 7.23 8.69 7.30 5.18 0.00 0.00 0.00 2.41 1.97 0.00 0.66 0.00 0.00 0.00 0.00 0.00 0.00 0.00 0.00 0.00 0.00 0.00 0.00 0.00 0.00 0.00 0.00 0.00 0.00 0.00 0.00 0.00 0.00 0.00 0.00 2.41 3.14 4.02 8.83 19.42 28.60 35.17 43.11 37.29 37.38 37.65 32.68 31.63 22.46 17.90 12.12
4.16 5.04 4.89 3.94 3.50 4.31 3.58 4.23 4.74 4.82 4.74 4.74 7.15 6.64 3.94 6.94 8.54 8.03 8.32 8.18 8.83 11.10 15.62 18.10 12.99 11.02 8.18 4.23 4.60 6.50 5.18 4.45 7.23 8.69 7.30 5.18 0.00 0.00 0.00 2.41 1.97 0.00 0.66 0.00 0.00 0.00 0.00 0.00 0.00 0.00 0.00 0.00 0.00 0.00 0.00 0.00 0.00 0.00 0.00 0.00 0.00 0.00 0.00 0.00 0.00 0.00 0.00 2.41 3.14 4.02 8.83 19.42 28.75 34.79 38.99 41.55 39.88 43.92 37.93 30.61 23.46 17.40 12.81
3.43 3.14 2.77 3.14 3.14 1.75 2.70 0.00 0.00 0.00 0.00 0.00 0.00 3.36 4.53 4.23 3.94 4.45 4.89 6.50 5.91 6.35 5.18 4.74 4.89 1.97 1.02 1.97 3.21 3.80 4.09 5.26 7.52 7.59 5.18 0.00 0.00 0.00 1.46 1.83 1.68 0.00 0.00 0.00 0.00 0.00 0.00 0.00 2.63 1.61 0.00 0.00 0.00 0.00 0.00 0.00 0.00 0.00 0.00 0.00 0.00 0.00 0.00 0.00 0.00 0.00 0.00 0.00 4.74 6.28 11.30 18.36 27.14 32.37 41.70 44.29 39.76 35.87 32.37 28.12 21.53 17.12 12.60
0.00 0.00 1.75 0.00 0.00 0.00 0.00 0.00 0.00 0.00 0.00 0.00 0.00 0.00 0.00 3.21 0.00 0.00 0.00 5.55 5.91 5.69 6.64 4.31 2.34 0.00 0.00 0.00 3.14 3.36 4.96 7.01 4.53 0.00 0.00 2.12 0.00 0.00 0.00 2.48 0.00 0.00 2.92 0.00 3.65 4.74 6.13 9.20 10.73 6.50 1.46 0.00 0.00 0.00 0.00 0.00 0.00 0.00 0.00 0.00 0.00 0.00 0.00 0.00 0.00 0.00 0.00 3.36 5.77 9.20 17.74 25.55 30.88 32.74 38.05 42.02 34.22 27.68 25.26 20.25 18.56 15.47 7.39
4.82 4.82 4.74 3.80 1.97 0.00 0.00 0.00 0.00 0.00 0.00 0.00 0.00 0.00 0.00 0.00 3.43 2.99 3.29 4.45 6.57 5.62 3.87 1.10 0.00 0.00 0.00 0.00 2.85 5.11 5.40 6.06 4.74 0.00 0.00 2.85 0.00 0.00 0.00 0.00 0.00 2.41 4.23 6.50 9.93 9.05 8.47 6.50 6.64 5.33 5.33 0.00 3.43 0.00 5.40 6.06 4.82 0.00 0.00 0.00 0.00 0.00 0.00 0.00 0.00 0.00 5.91 9.78 13.94 20.66 26.21 28.11 30.95 35.32 38.96 36.82 27.65 22.72 17.74 11.81 12.54 7.78 3.36
10.95 8.18 6.28 6.13 6.06 5.69 5.11 0.00 2.48 3.07 2.48 2.48 0.00 0.00 0.00 0.00 0.00 0.00 0.00 3.58 0.00 2.85 3.94 3.80 0.00 0.00 0.00 1.17 4.60 5.62 6.28 6.79 5.26 3.36 2.56 0.00 0.00 0.00 0.00 0.00 0.00 0.00 0.00 0.00 9.27 10.44 7.01 7.37 10.37 11.97 7.15 5.18 10.88 11.61 11.53 8.83 4.74 0.00 0.00 0.00 0.00 4.16 4.16 3.07 0.00 5.55 15.40 24.09 26.21 31.83 34.82 34.67 35.70 32.44 32.87 28.78 24.03 17.98 15.69 9.86 6.67 3.57 2.24
10.66 10.07 8.47 7.88 9.56 8.25 8.03 6.57 5.40 4.38 2.12 2.12 0.00 0.00 2.99 3.87 0.00 2.92 1.90 0.00 1.24 2.56 4.53 4.96 3.80 2.48 2.12 3.21 4.09 4.31 4.82 5.04 4.09 0.00 0.00 0.73 0.00 0.00 0.00 0.00 0.00 0.00 0.00 0.00 1.61 4.96 7.59 7.45 7.15 7.52 7.30 5.40 5.62 10.44 5.91 4.89 3.80 2.56 4.89 8.10 13.80 16.28 16.28 17.37 17.45 20.37 22.78 25.11 25.62 28.03 34.75 37.23 37.30 31.17 25.06 18.23 15.39 14.17 12.05 10.32 6.81 3.13 2.32
6.06 6.06 3.94 1.68 2.70 4.82 5.84 5.48 4.31 3.50 0.00 0.00 0.00 0.00 2.63 3.50 3.29 2.34 1.75 1.46 1.90 3.72 6.20 6.64 6.94 4.74 0.00 3.07 6.06 5.99 4.16 2.48 0.00 0.00 0.00 0.00 0.22 0.22 0.00 0.00 0.00 0.00 0.00 0.00 0.00 0.00 4.45 8.10 14.02 15.40 14.89 12.05 9.78 9.42 10.66 13.87 12.78 10.95 10.15 12.70 23.43 24.67 24.67 20.15 20.51 17.67 16.43 17.52 24.82 30.88 34.67 35.48 32.34 26.05 19.67 14.82 12.83 10.38 6.22 3.46 3.04 2.81 2.72
6.06 6.06 3.94 1.68 2.70 4.82 5.84 5.48 4.31 3.50 0.00 0.00 0.00 0.00 2.63 3.50 3.29 2.34 1.75 1.46 1.90 3.72 6.20 6.64 6.94 4.74 0.00 3.07 6.06 5.99 4.16 2.48 0.00 0.00 0.00 0.00 0.22 0.22 0.00 0.00 0.00 0.00 0.00 0.00 0.00 0.00 4.45 8.10 14.02 15.40 14.89 12.05 9.78 9.42 10.66 13.87 12.78 10.95 10.15 12.70 23.43 24.67 24.67 20.15 20.51 17.67 16.43 17.52 24.82 30.88 34.67 35.48 32.34 25.92 19.37 14.60 12.83 10.85 5.54 3.32 2.97 2.95 2.67
6.72 6.20 4.89 3.29 2.26 2.99 3.43 3.80 4.60 3.36 3.21 3.21 3.36 2.63 0.00 3.21 4.53 4.60 4.02 6.64 7.59 8.03 7.59 7.88 6.28 4.96 4.23 3.29 3.43 3.29 2.92 0.00 0.00 0.00 0.00 2.77 3.72 3.72 2.48 0.00 0.00 0.00 0.00 0.00 0.00 6.50 11.39 16.50 19.93 21.17 20.08 16.79 9.71 12.12 14.09 15.77 16.50 16.86 6.50 9.27 17.74 22.85 22.85 20.95 20.59 22.56 25.55 28.69 30.22 34.24 34.82 33.14 29.27 21.46 12.92 10.62 6.31 5.48 5.65 4.25 1.60 0.15 0.00
