Wansh/Snow_depth/snowdepth-1981/winter/1982025.txt
ncols 321
nrows 161
xllcenter 60
yllcenter 15 
cellsize  0.25 
NODATA_value -1
[rows 0 to 36 of 161, columns 83 to 165 of 321]
21.24 16.86 18.18 19.35 18.32 17.59 15.33 10.66 10.80 13.29 16.35 18.18 19.49 21.53 21.61 22.85 22.05 23.65 24.53 24.53 24.97 23.65 20.66 15.18 9.64 7.01 5.84 5.11 5.18 5.40 6.72 9.13 13.36 17.89 21.68 21.53 23.21 21.61 22.48 22.12 21.46 18.54 14.89 11.61 11.61 7.96 5.84 5.48 5.84 7.37 11.75 16.72 16.06 12.92 14.24 16.86 19.49 17.59 15.62 15.26 9.78 7.59 6.79 4.67 4.96 6.13 6.94 7.08 7.81 7.81 10.59 12.48 13.94 15.55 14.09 13.51 13.21 14.67 16.57 16.94 17.52 15.26 10.29
17.01 18.03 17.74 17.01 15.48 14.24 11.32 10.59 11.02 13.07 14.38 15.91 16.21 15.11 13.51 12.19 14.75 18.83 22.19 22.19 22.12 22.27 22.19 20.00 13.36 6.79 4.96 4.96 4.09 4.31 5.69 6.72 9.05 12.26 12.41 13.87 14.16 15.70 16.13 15.11 15.40 17.59 17.89 16.06 16.06 13.72 9.78 7.23 6.57 6.28 6.64 7.74 9.49 8.61 11.02 11.68 13.36 12.48 11.32 11.53 9.49 9.34 9.56 8.61 8.61 9.20 8.32 8.61 10.80 10.80 13.43 15.84 14.89 14.24 14.16 14.97 18.18 17.74 17.01 17.30 16.35 17.16 14.38
16.43 16.94 17.23 14.31 11.39 11.32 11.32 12.70 16.64 17.81 18.83 19.35 20.00 18.10 15.84 12.41 10.15 9.64 12.41 12.41 15.55 16.50 20.29 25.55 23.87 14.16 7.30 4.96 3.36 4.53 5.91 6.79 8.25 10.15 11.39 14.67 17.16 18.91 21.39 21.75 20.66 21.61 21.02 24.24 24.24 24.75 23.94 19.35 10.15 7.30 6.50 6.64 5.33 6.86 8.76 10.66 12.85 12.63 15.62 17.89 16.35 15.11 16.57 16.64 15.77 15.40 15.04 16.21 16.28 16.28 17.30 15.62 13.58 11.32 13.94 15.48 16.86 17.81 17.52 16.64 16.35 17.37 17.37
16.43 16.94 17.23 14.31 11.39 11.32 11.32 12.70 16.64 17.81 18.83 19.35 20.00 18.10 15.84 12.41 10.15 9.64 12.41 12.41 15.55 16.50 20.29 25.55 23.87 14.16 7.30 4.96 3.36 4.53 5.91 6.79 8.25 10.15 11.39 14.67 17.16 18.91 21.39 21.75 20.66 21.61 21.02 24.24 24.24 24.75 23.94 19.35 10.15 7.30 6.50 6.64 5.33 6.86 8.76 10.66 12.85 12.63 15.62 17.89 16.35 15.11 16.57 16.64 15.77 15.40 15.04 16.21 16.28 16.28 17.30 15.62 13.58 11.32 13.94 15.48 16.86 17.81 17.52 16.64 16.35 17.37 17.37
14.82 12.19 9.64 12.41 11.75 15.18 16.57 15.33 16.50 18.47 20.66 21.02 19.86 19.71 18.76 17.16 14.02 9.78 6.94 6.94 8.10 9.93 13.58 17.23 19.05 16.43 9.71 5.11 3.58 3.87 3.94 5.62 6.94 8.10 9.34 19.56 21.68 22.56 25.33 24.38 22.70 19.71 19.05 22.41 22.41 27.01 27.01 25.92 21.83 16.50 10.44 7.74 5.69 5.77 5.69 6.94 7.23 7.45 9.71 13.07 14.75 16.28 18.47 17.67 17.52 19.49 21.24 20.08 18.69 18.69 17.96 18.18 15.18 14.82 13.87 14.16 17.59 19.64 17.96 16.94 15.40 13.87 15.91
15.70 13.43 13.36 15.40 15.18 12.63 10.95 9.64 8.40 9.78 14.02 16.43 18.25 19.42 17.37 16.94 18.25 17.52 12.78 12.78 8.69 6.79 8.03 12.85 16.50 16.64 12.78 8.03 5.99 4.67 4.53 3.94 5.69 7.30 12.99 14.53 15.62 15.11 15.77 15.99 15.48 14.53 16.79 18.76 18.76 19.86 21.90 25.04 25.33 17.89 10.88 7.37 6.72 5.62 5.84 6.86 7.08 7.15 6.50 9.05 13.36 14.97 16.79 18.76 19.56 19.13 19.71 17.52 17.23 17.23 16.72 17.52 17.96 17.96 15.55 14.89 12.99 13.94 13.87 14.02 14.53 15.40 15.70
17.67 16.21 13.65 12.41 12.56 12.48 11.97 10.80 12.48 13.43 13.43 13.29 14.38 15.77 16.86 16.79 17.23 17.96 17.81 17.81 17.96 14.24 9.71 8.03 10.44 12.99 9.93 6.79 5.84 5.40 5.18 5.26 2.77 8.76 10.07 11.02 11.32 12.12 12.63 13.14 14.02 15.91 17.30 19.42 19.42 21.53 22.12 22.92 22.27 17.45 9.64 6.20 7.66 5.62 5.33 7.08 9.78 10.66 14.53 15.40 13.87 16.06 21.10 23.21 22.41 19.93 20.29 19.13 17.67 17.67 18.18 19.35 21.75 21.90 20.51 18.54 16.57 15.91 13.80 12.34 12.63 15.62 20.08
17.67 16.21 13.65 12.41 12.56 12.48 11.97 10.80 12.48 13.43 13.43 13.29 14.38 15.77 16.86 16.79 17.23 17.96 17.81 17.81 17.96 14.24 9.71 8.03 10.44 12.99 9.93 6.79 5.84 5.40 5.18 5.26 2.77 8.76 10.07 11.02 11.32 12.12 12.63 13.14 14.02 15.91 17.30 19.42 19.42 21.53 22.12 22.92 22.27 17.45 9.64 6.20 7.66 5.62 5.33 7.08 9.78 10.66 14.53 15.40 13.87 16.06 21.10 23.21 22.41 19.93 20.29 19.13 17.67 17.67 18.18 19.35 21.75 21.90 20.51 18.54 16.57 15.91 13.80 12.34 12.63 15.62 20.08
16.13 14.75 12.99 11.10 10.44 12.26 12.19 12.63 14.24 17.01 15.84 10.73 8.47 8.18 13.36 16.13 15.84 15.18 15.33 15.33 15.48 15.77 14.38 11.39 10.51 9.56 7.74 6.35 6.20 4.96 6.50 6.72 7.52 8.47 10.44 14.24 17.45 15.40 14.24 13.72 12.41 13.43 13.80 15.40 15.40 13.87 14.38 15.11 11.39 8.61 6.06 7.74 7.15 6.06 6.50 8.32 10.15 11.83 14.16 15.91 15.91 16.79 19.49 19.64 18.40 18.91 20.59 20.22 18.91 18.91 17.96 19.05 20.51 21.24 20.08 19.71 17.96 17.01 17.16 16.21 16.57 15.62 16.28
13.07 10.66 10.44 12.12 13.43 14.24 14.24 12.48 11.53 10.95 11.24 0.00 0.00 0.00 0.00 0.00 14.82 14.82 14.89 14.89 15.11 15.70 15.62 11.46 8.54 8.69 7.37 5.99 8.18 7.66 6.06 8.25 6.72 8.40 14.38 18.54 18.10 15.84 13.65 9.93 7.81 8.32 8.25 7.52 7.52 6.94 5.33 5.77 7.01 8.03 8.47 13.72 13.58 14.89 15.91 14.75 15.77 14.75 14.38 14.09 15.62 15.77 15.48 14.82 14.24 16.28 18.03 17.59 17.16 17.16 16.28 15.48 17.67 18.40 16.35 14.82 14.16 17.01 22.63 22.34 18.61 15.99 14.45
14.31 12.05 10.07 10.07 14.60 11.83 10.37 9.27 8.25 8.40 6.64 4.82 0.00 0.00 0.00 0.00 0.00 9.71 11.61 11.61 12.63 12.70 11.32 9.42 7.81 7.30 7.08 7.59 8.61 8.61 6.28 6.57 5.69 6.64 9.42 10.66 11.83 12.34 9.49 7.74 7.52 7.88 9.34 11.39 11.39 10.80 9.13 10.07 11.02 12.70 18.54 15.55 17.37 18.32 17.67 16.28 16.64 17.52 18.18 17.16 17.52 19.35 18.83 16.13 16.43 18.91 20.44 22.85 25.33 25.33 26.06 22.12 21.10 20.73 20.44 16.57 16.35 20.22 23.73 24.02 20.95 15.77 15.26
14.31 12.05 10.07 10.07 14.60 11.83 10.37 9.27 8.25 8.40 6.64 4.82 0.00 0.00 0.00 0.00 0.00 9.71 11.61 11.61 12.63 12.70 11.32 9.42 7.81 7.30 7.08 7.59 8.61 8.61 6.28 6.57 5.69 6.64 9.42 10.66 11.83 12.34 9.49 7.74 7.52 7.88 9.34 11.39 11.39 10.80 9.13 10.07 11.02 12.70 18.54 15.55 17.37 18.32 17.67 16.28 16.64 17.52 18.18 17.16 17.52 19.35 18.83 16.13 16.43 18.91 20.44 22.85 25.33 25.33 26.06 22.12 21.10 20.73 20.44 16.57 16.35 20.22 23.73 24.02 20.95 15.77 15.26
9.49 9.42 11.68 9.86 8.47 8.03 7.23 6.64 6.35 7.37 7.66 0.00 0.00 0.00 0.00 0.00 0.00 0.00 0.00 0.00 0.00 0.00 8.18 7.08 7.66 7.52 7.23 4.53 5.55 5.18 7.01 7.59 6.42 7.01 7.15 11.75 13.43 14.02 12.85 11.53 12.41 13.21 13.65 13.87 13.87 13.65 12.34 14.24 16.72 18.98 26.94 27.01 29.13 23.36 18.54 17.23 18.98 22.85 25.11 23.14 20.08 19.93 18.61 16.21 18.03 19.27 17.23 19.20 22.41 22.41 23.65 23.36 24.67 23.21 23.36 22.92 22.48 23.29 25.62 25.19 21.68 20.51 19.49
9.56 10.44 10.73 7.08 0.00 0.00 0.00 0.00 8.54 9.34 9.86 8.40 9.56 11.02 11.17 10.22 0.00 0.00 0.00 0.00 0.00 6.94 4.82 6.57 6.13 5.69 4.96 4.82 3.50 7.88 10.51 13.87 18.10 18.10 18.40 17.89 21.39 22.85 20.00 17.45 17.37 17.30 17.96 17.37 17.37 15.84 15.77 16.43 18.18 20.44 22.48 24.45 23.21 23.58 23.21 19.64 18.98 21.10 21.24 19.93 19.71 20.81 22.41 23.73 23.36 21.61 19.64 20.51 22.34 22.34 26.06 26.79 26.06 25.62 24.38 23.80 22.05 19.13 19.71 19.64 18.54 17.45 16.13
12.34 12.41 7.30 4.96 5.18 5.62 7.30 8.18 10.59 10.22 9.20 8.69 8.25 10.07 11.02 12.12 12.85 12.85 11.10 11.10 9.64 9.13 8.76 10.15 9.05 8.18 7.52 8.47 12.26 13.21 16.50 20.51 24.82 25.19 21.68 20.00 17.30 16.72 15.91 12.63 11.90 11.32 12.70 13.72 13.72 13.14 12.99 15.04 15.62 17.89 19.49 21.75 24.53 26.43 29.86 28.76 27.81 25.70 21.75 16.86 15.70 17.89 19.05 20.44 23.58 24.31 21.97 21.02 21.39 21.39 23.65 27.08 24.38 25.19 22.63 20.22 18.47 13.58 7.81 5.84 11.53 16.86 16.06
9.86 9.86 8.54 8.91 10.37 11.17 7.88 8.54 10.22 11.10 10.37 10.00 10.00 10.88 11.68 12.05 14.89 16.50 15.04 15.04 13.72 11.90 12.63 17.23 16.06 16.06 11.10 14.09 14.24 17.59 20.44 24.67 26.21 21.75 14.53 9.93 7.59 5.77 6.20 6.64 7.30 7.74 10.22 11.53 11.53 14.16 15.91 16.28 19.05 18.76 21.90 22.85 22.27 26.35 31.61 34.53 35.11 30.44 23.94 16.72 13.51 13.14 14.09 13.80 13.87 17.74 20.08 22.56 22.19 22.19 22.41 24.31 24.38 22.70 19.64 16.50 18.18 10.44 0.00 0.00 12.99 20.73 19.05
9.86 9.86 8.54 8.91 10.37 11.17 7.88 8.54 10.22 11.10 10.37 10.00 10.00 10.88 11.68 12.05 14.89 16.50 15.04 15.04 13.72 11.90 12.63 17.23 16.06 16.06 11.10 14.09 14.24 17.59 20.44 24.67 26.21 21.75 14.53 9.93 7.59 5.77 6.20 6.64 7.30 7.74 10.22 11.53 11.53 14.16 15.91 16.28 19.05 18.76 21.90 22.85 22.27 26.35 31.61 34.53 35.11 30.44 23.94 16.72 13.51 13.14 14.09 13.80 13.87 17.74 20.08 22.56 22.19 22.19 22.41 24.31 24.38 22.70 19.64 16.50 18.18 10.44 0.00 0.00 12.99 20.73 19.05
7.88 8.40 0.00 10.29 12.41 13.36 10.15 5.33 6.35 6.94 9.42 10.88 12.56 15.26 15.48 12.34 13.43 16.64 13.58 13.58 12.48 11.32 11.75 12.63 13.51 16.57 15.91 12.12 12.56 13.14 17.01 20.88 22.05 20.59 18.32 12.12 8.18 6.50 6.94 7.45 10.66 13.21 14.75 15.62 15.62 17.67 20.51 22.12 23.80 22.92 22.56 22.92 24.38 23.80 28.11 28.54 29.27 25.04 19.86 17.08 15.99 17.89 19.78 17.52 16.21 16.94 20.08 21.32 22.48 22.48 23.80 24.31 25.33 24.97 19.86 18.03 17.59 11.32 0.00 10.07 18.25 16.28 14.60
0.00 0.00 11.53 13.07 15.91 16.64 13.07 8.40 6.35 5.77 8.54 12.12 14.38 18.54 19.13 15.11 15.26 18.91 18.03 18.03 16.13 14.16 9.56 10.00 12.99 15.18 15.18 14.60 13.65 15.33 19.78 22.41 23.87 26.94 25.62 20.00 14.24 12.48 12.19 13.14 15.26 17.23 18.18 15.48 15.48 17.67 18.91 16.21 15.26 14.53 15.40 16.79 13.72 15.18 21.39 24.67 26.13 23.73 22.48 23.43 23.00 24.53 28.25 27.08 24.60 23.51 23.51 23.43 27.08 27.08 31.10 30.44 29.35 26.86 21.83 17.52 16.28 12.78 11.68 15.11 16.28 15.18 14.53
0.00 0.00 0.00 0.00 0.00 17.52 18.18 16.72 13.21 11.17 12.63 14.82 15.84 18.98 18.03 17.01 17.08 19.93 21.02 21.02 21.17 19.93 13.94 9.05 10.37 14.67 18.25 17.59 16.94 17.16 17.81 21.90 25.92 27.16 24.31 21.17 16.72 13.14 9.34 9.13 10.22 13.72 18.40 20.44 20.44 20.22 16.06 5.77 7.59 12.12 16.86 14.97 13.14 12.48 14.53 17.45 22.85 24.53 25.99 27.52 29.49 31.32 34.46 33.07 31.39 29.20 29.35 33.87 34.46 34.46 32.63 30.73 30.08 25.99 21.32 18.18 16.79 16.64 17.23 17.30 16.21 14.89 14.60
10.37 10.07 11.53 13.94 15.77 17.08 18.40 17.52 16.57 15.40 16.35 17.59 17.23 16.28 15.18 14.89 17.01 19.49 20.81 20.81 20.66 18.98 16.72 13.07 15.55 18.76 21.53 20.81 18.32 15.33 13.72 14.89 19.71 25.40 25.99 18.61 11.90 8.10 5.69 6.28 8.40 11.24 14.09 20.29 20.29 27.16 27.30 21.61 21.24 21.68 19.64 17.96 15.18 15.40 14.75 15.84 20.37 23.58 24.82 26.94 31.03 34.75 35.62 33.29 31.54 31.10 32.34 36.21 33.00 33.00 25.99 22.85 22.63 21.68 19.86 15.62 12.70 12.56 14.24 13.87 14.02 15.55 15.91
9.13 9.71 10.59 12.92 13.51 13.94 15.11 16.21 17.08 17.67 18.61 20.22 22.92 26.65 25.11 19.86 17.96 22.12 23.14 23.14 24.75 25.55 23.87 23.80 25.04 26.43 25.84 24.02 22.27 19.42 14.53 12.05 14.82 19.93 19.49 15.40 9.27 5.40 0.00 4.16 10.59 13.94 10.95 14.09 14.09 20.59 13.43 24.75 25.99 24.75 23.36 24.89 24.75 29.05 26.79 23.80 25.70 26.65 26.57 29.42 32.34 35.11 36.87 36.65 34.24 31.97 30.51 28.98 26.28 26.28 21.32 17.08 15.11 13.58 11.75 7.08 7.96 10.15 10.95 10.15 11.97 13.29 12.63
9.13 9.71 10.59 12.92 13.51 13.94 15.11 16.21 17.08 17.67 18.61 20.22 22.92 26.65 25.11 19.86 17.96 22.12 23.14 23.14 24.75 25.55 23.87 23.80 25.04 26.43 25.84 24.02 22.27 19.42 14.53 12.05 14.82 19.93 19.49 15.40 9.27 5.40 0.00 4.16 10.59 13.94 10.95 14.09 14.09 20.59 13.43 24.75 25.99 24.75 23.36 24.89 24.75 29.05 26.79 23.80 25.70 26.65 26.57 29.42 32.34 35.11 36.87 36.65 34.24 31.97 30.51 28.98 26.28 26.28 21.32 17.08 15.11 13.58 11.75 7.08 7.96 10.15 10.95 10.15 11.97 13.29 12.63
8.47 7.59 7.37 7.88 8.91 10.37 11.90 15.70 18.10 17.89 18.18 20.73 22.48 24.60 27.74 27.08 23.94 23.51 20.29 20.29 21.83 25.40 26.06 22.56 26.65 28.40 28.91 25.77 22.19 18.40 14.67 11.61 9.34 8.25 8.91 7.15 6.20 4.60 0.00 0.00 4.23 5.77 3.58 4.89 4.89 9.42 7.74 11.02 13.36 13.07 16.06 17.16 19.49 22.27 27.67 28.84 31.39 31.32 26.28 25.26 27.96 31.46 33.43 35.33 35.70 33.73 28.91 25.33 23.36 23.36 22.85 21.17 17.08 14.53 12.56 9.78 8.76 8.25 8.18 7.74 8.10 9.34 9.71
6.57 6.20 5.99 5.77 8.25 11.61 16.72 23.80 27.45 26.65 23.73 21.83 20.59 20.15 21.83 22.70 23.00 21.02 20.15 20.15 20.29 19.42 24.31 22.85 25.70 26.19 28.64 24.92 21.53 17.37 11.39 9.05 7.08 5.77 0.00 0.00 0.00 0.00 3.94 4.53 3.80 3.94 0.00 2.63 2.63 3.72 5.69 5.91 4.82 7.08 7.37 7.88 10.80 13.29 13.43 15.84 17.81 17.30 17.89 21.53 25.40 29.35 27.45 28.84 32.34 31.90 30.30 28.69 27.01 27.01 26.21 26.94 25.84 22.19 16.94 10.95 8.10 4.96 4.74 7.08 9.42 10.07 7.96
9.13 9.71 10.80 10.37 11.17 13.43 16.86 21.17 24.02 21.97 18.69 18.61 18.32 17.37 14.75 16.50 19.27 25.11 26.28 26.28 25.19 27.89 27.52 25.40 26.34 33.52 29.65 29.59 29.65 27.96 22.05 13.43 9.27 7.01 5.11 0.00 1.17 2.77 4.96 5.62 4.96 4.09 3.58 0.00 0.00 7.08 8.54 7.08 5.62 3.94 0.00 0.00 6.42 7.30 6.57 6.72 7.96 12.85 17.16 23.80 29.93 30.00 27.23 25.92 26.43 25.40 25.92 27.30 27.59 27.59 26.35 27.38 27.81 25.33 19.86 15.04 14.67 12.56 9.93 9.42 9.42 7.96 7.37
12.12 13.21 13.07 13.14 13.29 13.87 14.60 15.18 12.99 9.86 8.10 6.57 5.84 5.62 4.31 9.49 16.64 21.75 26.06 26.06 25.26 22.78 23.86 24.84 28.15 30.56 29.50 32.44 32.15 29.80 24.06 16.64 15.77 12.99 8.61 5.48 5.33 6.42 8.32 8.54 6.64 6.94 6.28 6.06 6.06 5.26 5.04 6.57 6.57 5.69 4.16 5.33 7.96 8.25 6.72 0.00 6.86 10.15 14.02 17.89 27.67 31.32 27.67 26.50 20.59 20.66 24.89 28.18 27.89 27.89 27.16 27.01 27.16 26.28 24.31 21.10 19.49 16.06 13.14 16.21 12.05 6.86 8.76
15.04 14.24 13.51 13.43 13.07 14.82 13.87 11.83 8.54 0.00 0.00 0.00 0.00 0.00 4.38 7.23 7.66 8.32 11.17 11.17 7.11 9.14 12.45 21.90 22.70 26.09 28.98 32.36 35.15 34.88 32.67 29.35 24.75 24.24 19.78 16.50 14.09 10.00 7.66 5.91 2.85 4.02 6.50 2.04 2.04 1.90 0.00 0.00 4.45 5.04 3.29 0.00 0.00 3.29 4.74 6.42 9.93 9.13 8.69 13.43 24.67 32.27 34.97 34.02 29.57 26.72 30.00 32.85 33.07 33.07 30.44 26.50 21.90 18.98 19.49 20.51 18.10 11.90 10.51 12.34 7.74 4.96 5.04
15.04 14.24 13.51 13.43 13.07 14.82 13.87 11.83 8.54 0.00 0.00 0.00 0.00 0.00 4.38 7.23 7.66 8.32 11.17 11.23 7.34 9.28 13.33 21.35 23.29 25.70 28.98 31.39 32.67 32.59 33.17 29.64 25.78 27.23 20.93 16.92 14.09 10.00 7.66 5.91 2.85 4.02 6.50 2.04 2.04 1.90 0.00 0.00 4.45 5.04 3.29 0.00 0.00 3.29 4.74 6.42 9.93 9.13 8.69 13.43 24.67 32.27 34.97 34.02 29.57 26.72 30.00 32.85 33.07 33.07 30.44 26.50 21.90 18.98 19.49 20.51 18.10 11.90 10.51 12.34 7.74 4.96 5.04
17.30 17.52 17.45 16.21 15.77 15.33 13.94 11.02 10.59 8.83 4.60 0.00 0.00 0.00 5.77 7.37 7.96 6.79 0.00 0.00 0.00 0.00 3.43 5.14 9.12 11.83 17.03 23.08 25.38 29.86 32.65 30.82 26.25 29.37 32.02 26.49 20.95 14.38 7.66 8.32 5.04 2.70 6.13 10.22 10.22 7.30 3.65 10.07 8.40 3.65 0.00 0.00 0.00 0.00 0.00 2.63 2.26 4.53 7.74 11.75 17.37 27.16 27.08 32.78 36.35 34.82 31.17 29.71 29.20 29.20 25.62 20.51 15.91 13.80 16.50 18.47 14.09 8.98 6.79 8.10 5.33 4.74 3.94
13.58 15.40 15.62 14.82 14.67 13.43 13.21 14.60 17.37 18.76 15.70 13.80 10.22 9.71 9.71 11.39 16.21 13.36 14.02 14.02 8.07 0.00 0.00 0.00 2.70 4.18 5.56 6.72 9.83 16.98 25.73 28.84 23.36 24.53 31.86 33.60 31.33 22.97 15.48 10.29 8.98 6.20 4.89 10.00 10.00 7.81 7.74 10.22 10.37 9.13 8.03 5.26 0.00 0.00 0.00 0.00 0.00 3.65 4.89 7.01 9.93 14.02 19.35 30.00 38.84 37.23 29.13 24.89 25.70 25.70 21.97 19.56 16.21 14.53 15.40 15.62 10.88 7.52 7.37 6.64 5.62 4.82 0.00
9.86 12.48 15.62 17.30 17.23 15.04 13.21 14.89 17.67 18.83 18.61 14.60 12.48 12.05 10.80 12.48 17.16 18.18 14.53 14.53 8.25 5.84 4.96 4.74 4.31 4.23 0.00 6.35 6.71 12.21 19.52 23.51 26.43 28.03 28.18 27.13 28.45 30.72 21.75 15.18 12.70 10.07 0.00 0.00 0.00 6.94 9.86 9.05 9.13 14.09 15.91 18.61 12.19 7.01 0.00 0.00 3.72 6.20 6.42 0.00 5.55 8.10 13.51 24.53 31.24 31.17 26.94 23.14 22.27 22.27 20.88 17.59 15.11 13.21 11.90 10.29 9.42 10.07 10.59 8.98 11.24 9.49 8.25
8.61 11.39 13.87 16.35 17.81 17.81 18.91 21.17 23.65 26.13 22.41 18.10 14.02 13.51 11.68 12.12 14.60 16.06 14.45 14.45 13.07 9.71 9.56 7.52 5.55 0.00 4.45 6.79 8.80 10.95 12.26 13.65 15.33 19.93 21.75 24.53 27.23 26.75 25.34 21.53 15.85 12.05 8.40 6.57 6.57 7.66 8.40 7.45 12.12 12.56 15.84 18.61 15.99 9.78 6.57 0.00 0.00 7.37 9.86 8.54 7.66 7.96 10.80 17.52 23.07 21.17 16.13 16.13 14.60 14.60 13.36 12.34 11.53 12.34 12.70 10.88 10.73 9.71 10.22 10.88 12.26 13.29 13.51
2.85 5.55 10.66 12.70 11.32 10.95 12.26 15.26 19.20 21.31 24.16 24.09 19.64 13.51 12.05 12.56 11.24 9.13 8.69 8.69 9.78 12.26 13.58 12.78 9.34 7.59 5.26 5.77 7.45 7.59 7.08 4.89 5.55 9.34 14.31 21.02 23.87 18.91 17.23 19.71 16.77 11.59 10.88 8.83 8.83 6.20 4.89 5.33 5.62 8.32 12.70 16.57 16.94 13.72 12.19 10.44 9.78 8.32 10.15 10.51 9.71 8.91 8.83 9.20 9.20 8.54 8.83 9.34 8.18 8.18 4.31 5.40 6.64 7.59 7.81 7.15 8.54 7.96 6.50 7.08 7.37 7.96 9.93
1.75 0.00 3.29 5.91 8.61 11.46 12.41 8.61 6.86 6.21 8.83 15.33 16.06 12.48 10.80 10.73 4.67 4.38 5.55 5.55 0.00 4.74 6.57 6.35 7.81 8.03 6.20 5.91 5.84 4.89 3.78 3.25 3.15 5.34 7.37 10.15 12.34 11.90 11.36 13.29 15.04 10.18 11.75 10.95 10.95 7.52 4.60 4.74 5.99 6.35 6.35 5.91 6.57 8.25 10.07 10.37 8.18 6.42 6.94 10.88 14.31 10.88 8.32 6.13 6.79 4.96 5.91 4.38 1.17 1.17 1.90 0.00 0.00 1.90 2.63 2.48 3.87 0.00 3.43 3.50 5.11 6.94 7.52
1.75 0.00 3.29 5.91 8.61 11.46 12.41 8.61 6.86 6.06 8.83 15.33 16.06 12.48 10.80 10.73 4.67 4.38 5.58 5.55 0.00 4.74 6.57 6.35 7.81 8.03 6.20 5.91 5.84 4.82 3.65 3.14 3.14 5.18 7.37 10.20 12.40 11.90 11.30 13.42 15.04 10.07 11.75 10.95 10.95 7.52 4.60 4.74 5.99 6.35 6.35 5.91 6.57 8.25 10.07 10.37 8.18 6.42 6.94 10.88 14.31 10.88 8.32 6.13 6.79 4.96 5.91 4.38 1.17 1.17 1.90 0.00 0.00 1.90 2.63 2.48 3.87 0.00 3.43 3.50 5.11 6.94 7.52
9.93 5.26 0.00 0.00 7.66 18.32 23.51 20.08 12.30 8.00 7.08 6.28 10.15 11.39 10.51 4.02 2.92 0.00 0.00 0.00 0.00 0.00 0.00 0.00 3.14 4.09 4.16 4.09 4.60 4.74 3.36 2.04 3.07 4.02 4.53 6.72 8.03 8.54 8.76 7.70 8.40 7.52 7.23 7.74 7.74 7.88 6.72 4.96 8.25 8.32 8.47 7.01 3.29 3.43 4.09 4.45 5.26 6.94 7.74 11.68 16.28 14.24 8.76 6.94 8.10 7.01 3.72 2.70 1.97 1.97 0.73 0.00 0.00 0.00 0.00 0.00 0.00 0.00 0.00 0.00 9.05 10.88 8.83
