Wansh/Snow_depth/snowdepth-1981/winter/1982050.txt
ncols 321
nrows 161
xllcenter 60
yllcenter 15 
cellsize  0.25 
NODATA_value -1
[rows 0 to 36 of 161, columns 0 to 82 of 321]
12.48 12.48 16.94 19.35 17.81 16.28 17.59 19.71 21.61 20.95 21.17 22.34 23.21 23.80 24.53 23.21 23.51 17.89 17.30 14.38 0.00 14.67 15.04 14.45 12.85 12.70 12.70 12.26 11.90 13.29 13.07 13.43 12.92 11.75 12.05 12.48 13.29 14.60 16.13 17.16 18.25 18.76 19.27 18.25 17.37 17.81 18.25 19.05 19.42 18.98 18.25 18.25 17.89 18.69 20.51 26.43 27.23 27.16 26.50 26.43 27.38 28.25 27.96 27.52 26.65 25.84 26.13 24.24 23.21 23.58 21.17 23.51 24.38 23.58 22.05 23.94 23.94 23.94 22.92 23.29 22.19 22.63 22.85
18.18 18.18 18.98 19.05 20.81 20.08 18.69 18.54 19.20 19.56 20.22 20.15 20.37 19.71 20.51 22.85 14.24 12.99 12.34 12.19 10.66 10.95 11.10 11.32 10.22 9.56 9.56 9.42 9.49 10.22 10.22 10.66 9.78 9.56 10.37 11.61 12.12 13.43 14.02 14.09 14.45 13.43 12.56 12.19 13.72 13.65 13.36 14.82 16.06 17.67 17.52 17.52 17.52 17.96 20.95 23.73 25.26 26.28 25.70 25.26 25.84 25.70 25.62 24.67 24.60 23.36 21.17 18.69 14.45 15.04 21.90 21.68 22.56 21.39 22.27 23.43 23.43 23.51 24.16 22.63 22.92 22.85 21.97
18.69 18.69 17.74 19.35 21.75 20.22 18.03 17.08 16.06 15.55 15.33 14.24 14.02 13.36 15.40 9.93 8.25 8.83 9.05 9.86 9.78 8.91 8.10 7.45 7.81 8.25 8.25 8.69 8.83 8.69 9.20 10.15 9.71 10.44 12.34 14.09 13.29 12.70 11.53 11.97 12.92 11.75 10.59 10.51 11.61 12.26 12.26 13.29 13.72 14.38 15.77 15.77 16.35 17.59 16.72 18.03 18.47 19.27 19.78 20.44 20.88 22.48 23.80 23.73 22.70 21.61 23.07 22.70 23.51 23.00 25.92 24.24 24.31 22.34 22.19 21.32 21.32 22.05 21.61 20.81 19.78 21.02 21.75
18.69 18.69 17.74 19.35 21.75 20.22 18.03 17.08 16.06 15.55 15.33 14.24 14.02 13.36 15.40 9.93 8.25 8.83 9.05 9.86 9.78 8.91 8.10 7.45 7.81 8.25 8.25 8.69 8.83 8.69 9.20 10.15 9.71 10.44 12.34 14.09 13.29 12.70 11.53 11.97 12.92 11.75 10.59 10.51 11.61 12.26 12.26 13.29 13.72 14.38 15.77 15.77 16.35 17.59 16.72 18.03 18.47 19.27 19.78 20.44 20.88 22.48 23.80 23.73 22.70 21.61 23.07 22.70 23.51 23.00 25.92 24.24 24.31 22.34 22.19 21.32 21.32 22.05 21.61 20.81 19.78 21.02 21.75
14.97 14.97 15.77 15.26 14.60 13.43 12.56 10.95 10.66 10.00 9.05 10.66 10.51 10.73 7.59 7.23 6.94 7.08 8.10 9.34 9.27 6.94 7.15 6.94 7.52 8.10 8.10 12.12 12.34 11.75 11.83 13.80 13.87 12.63 12.41 13.07 12.70 12.48 13.87 15.99 13.21 12.85 12.85 13.14 13.58 13.43 14.60 13.94 12.63 10.88 12.70 12.70 16.28 15.18 16.35 16.50 16.86 17.45 19.05 20.29 21.75 22.48 23.65 24.89 24.60 23.14 23.58 23.87 25.19 23.07 26.50 24.09 22.63 22.05 22.27 19.20 19.20 19.93 20.51 21.10 20.44 20.95 21.75
14.16 14.16 13.07 12.26 12.85 13.51 11.90 9.78 9.49 8.83 8.47 9.42 9.13 6.06 6.28 5.99 5.69 5.55 7.37 9.78 9.05 10.00 9.49 10.22 13.07 14.89 14.89 15.04 13.65 13.07 13.87 14.60 14.45 14.02 13.58 13.14 13.51 12.99 13.07 13.94 15.04 17.16 18.83 17.81 16.35 14.67 13.80 13.07 12.12 11.10 12.99 12.99 12.63 12.34 13.14 13.65 14.09 14.31 16.13 19.27 21.61 23.21 23.00 22.27 21.97 22.27 22.12 21.83 20.08 17.52 17.81 16.86 19.27 21.46 21.24 20.88 20.88 22.05 22.56 22.48 21.17 20.73 22.05
11.39 11.39 11.39 11.90 13.36 12.34 14.09 12.85 10.37 9.86 10.15 9.05 6.13 6.50 7.45 9.56 9.20 9.05 10.00 11.61 13.14 13.36 14.53 14.89 14.82 15.48 15.48 14.53 14.16 14.24 14.09 14.75 15.18 15.11 14.53 13.94 14.45 15.11 15.11 14.89 15.91 17.45 17.16 17.01 16.94 17.52 14.24 14.24 12.85 14.97 12.63 12.63 11.90 12.99 14.97 16.13 14.97 14.82 16.43 18.61 18.54 20.73 20.59 20.37 20.29 19.86 18.61 19.86 17.01 16.64 15.04 14.97 17.37 18.03 16.86 16.13 16.13 18.83 20.37 20.59 20.73 22.85 23.94
11.39 11.39 11.39 11.90 13.36 12.34 14.09 12.85 10.37 9.86 10.15 9.05 6.13 6.50 7.45 9.56 9.20 9.05 10.00 11.61 13.14 13.36 14.53 14.89 14.82 15.48 15.48 14.53 14.16 14.24 14.09 14.75 15.18 15.11 14.53 13.94 14.45 15.11 15.11 14.89 15.91 17.45 17.16 17.01 16.94 17.52 14.24 14.24 12.85 14.97 12.63 12.63 11.90 12.99 14.97 16.13 14.97 14.82 16.43 18.61 18.54 20.73 20.59 20.37 20.29 19.86 18.61 19.86 17.01 16.64 15.04 14.97 17.37 18.03 16.86 16.13 16.13 18.83 20.37 20.59 20.73 22.85 23.94
10.15 10.15 11.83 11.97 11.32 12.26 13.07 13.21 14.09 13.58 11.53 11.90 10.37 11.39 14.53 14.97 15.77 14.75 14.09 14.53 15.40 15.77 15.70 15.91 16.13 14.16 14.16 12.41 12.56 12.85 12.34 12.26 14.16 15.26 14.89 15.04 14.97 14.53 13.80 13.21 11.83 11.90 13.43 14.75 17.67 17.45 16.21 14.89 18.83 21.02 19.49 19.49 18.18 16.21 15.99 16.50 17.08 17.59 17.81 18.54 19.71 20.15 19.78 17.52 15.91 16.35 18.18 19.20 16.50 15.11 14.53 14.97 15.18 16.28 15.77 18.40 18.40 15.26 14.89 15.40 19.05 21.02 20.66
11.61 11.61 12.41 13.65 13.72 13.65 13.94 13.94 15.33 14.45 13.65 16.57 17.37 19.20 19.05 21.17 19.05 17.08 14.89 14.16 13.87 15.91 16.13 17.01 15.33 14.02 14.02 11.53 11.61 14.53 13.72 13.80 14.82 15.40 14.60 13.43 12.70 13.43 13.43 13.87 15.26 14.45 14.02 18.76 21.75 21.39 18.54 18.91 21.17 24.02 24.82 24.82 23.51 21.61 18.76 16.21 18.40 18.32 18.91 19.64 20.51 20.73 18.47 17.89 17.08 16.43 16.72 15.70 15.26 15.04 17.08 16.94 17.01 14.82 18.40 19.42 19.42 17.23 14.67 16.13 17.81 19.78 20.95
12.78 12.78 15.91 18.25 18.40 16.50 16.72 17.81 18.10 16.86 18.10 17.81 19.35 21.53 21.39 20.15 18.83 17.45 16.79 13.80 12.99 13.36 14.16 16.28 11.53 9.86 9.86 10.59 11.39 11.32 9.49 11.97 14.16 14.75 14.53 14.97 13.58 12.70 13.51 13.58 14.45 14.38 15.40 17.30 21.02 23.36 24.75 23.07 22.12 23.94 24.82 24.82 26.35 23.29 20.59 19.71 18.91 18.54 17.52 18.47 17.52 17.08 17.16 18.47 19.20 17.16 15.33 14.97 14.67 15.77 18.40 19.49 18.61 21.53 21.61 20.29 20.29 20.15 20.44 19.13 19.05 20.08 21.97
12.78 12.78 15.91 18.25 18.40 16.50 16.72 17.81 18.10 16.86 18.10 17.81 19.35 21.53 21.39 20.15 18.83 17.45 16.79 13.80 12.99 13.36 14.16 16.28 11.53 9.86 9.86 10.59 11.39 11.32 9.49 11.97 14.16 14.75 14.53 14.97 13.58 12.70 13.51 13.58 14.45 14.38 15.40 17.30 21.02 23.36 24.75 23.07 22.12 23.94 24.82 24.82 26.35 23.29 20.59 19.71 18.91 18.54 17.52 18.47 17.52 17.08 17.16 18.47 19.20 17.16 15.33 14.97 14.67 15.77 18.40 19.49 18.61 21.53 21.61 20.29 20.29 20.15 20.44 19.13 19.05 20.08 21.97
20.22 20.22 20.95 21.68 23.36 23.29 23.65 23.58 21.17 22.85 24.02 22.05 20.81 21.68 22.05 20.81 18.69 18.47 16.64 13.87 10.73 8.47 7.66 6.79 8.18 8.69 8.69 9.93 11.53 11.75 11.83 11.97 11.10 10.80 10.66 10.80 12.19 13.07 12.63 13.43 14.97 16.57 18.18 18.10 20.08 23.07 21.53 21.53 22.19 21.46 22.92 22.92 22.27 20.29 17.74 18.54 19.27 17.37 16.06 15.18 14.45 11.17 11.75 15.26 17.67 18.91 17.81 17.01 15.26 16.72 18.10 20.73 20.88 21.53 19.78 18.25 18.25 20.44 23.07 24.24 23.80 21.24 17.74
24.60 24.60 24.09 23.14 24.97 25.19 25.19 24.97 25.92 25.11 22.85 20.73 19.05 19.13 18.25 15.99 15.18 14.09 12.78 8.10 6.35 7.30 7.15 7.01 7.52 9.27 9.27 10.07 9.13 9.20 10.07 11.46 10.37 9.20 10.29 11.83 12.85 13.07 12.92 12.05 12.41 15.04 14.82 15.18 17.01 18.61 18.61 19.49 19.64 19.78 19.56 19.56 18.25 16.13 14.16 14.97 16.43 15.84 14.67 14.45 12.78 11.75 10.80 12.05 14.67 18.83 20.44 22.19 20.00 17.74 18.47 20.22 23.80 23.87 21.90 20.08 20.08 20.81 21.46 21.83 21.90 20.00 16.21
23.94 23.94 23.94 24.75 24.60 23.36 21.90 20.88 21.61 19.93 16.79 15.84 15.26 15.77 16.21 14.45 13.07 12.70 11.75 10.15 8.25 7.59 6.79 6.50 6.72 9.34 9.34 10.51 9.93 9.56 9.42 11.39 10.80 9.71 11.24 13.94 13.94 12.41 11.32 11.75 11.75 12.70 13.43 13.14 17.08 18.10 18.10 18.83 18.47 17.30 15.18 15.18 13.36 12.12 13.07 16.28 16.28 13.94 13.94 14.60 13.80 13.58 12.26 12.92 14.24 17.52 19.42 20.15 18.61 17.81 18.47 19.27 21.24 21.53 22.48 21.10 21.10 19.56 18.32 19.05 19.64 17.08 15.91
23.07 23.07 24.31 23.36 23.51 24.31 20.22 20.08 19.56 15.99 13.14 12.92 11.90 9.93 10.07 11.90 12.85 13.21 13.29 11.17 10.29 9.64 8.18 6.79 7.30 10.37 10.37 10.07 9.56 10.80 11.39 12.26 12.78 11.68 11.90 10.80 10.29 10.29 10.88 10.95 12.70 14.60 15.48 14.82 16.06 16.64 14.75 15.77 15.84 14.31 13.65 13.65 11.10 12.12 13.87 15.18 15.84 14.82 13.87 13.65 13.94 13.29 12.48 12.41 13.36 17.01 17.16 19.93 18.83 18.91 19.20 18.91 19.20 22.56 24.60 21.10 21.10 17.08 15.77 15.33 15.84 14.75 14.09
23.07 23.07 24.31 23.36 23.51 24.31 20.22 20.08 19.56 15.99 13.14 12.92 11.90 9.93 10.07 11.90 12.85 13.21 13.29 11.17 10.29 9.64 8.18 6.79 7.30 10.37 10.37 10.07 9.56 10.80 11.39 12.26 12.78 11.68 11.90 10.80 10.29 10.29 10.88 10.95 12.70 14.60 15.48 14.82 16.06 16.64 14.75 15.77 15.84 14.31 13.65 13.65 11.10 12.12 13.87 15.18 15.84 14.82 13.87 13.65 13.94 13.29 12.48 12.41 13.36 17.01 17.16 19.93 18.83 18.91 19.20 18.91 19.20 22.56 24.60 21.10 21.10 17.08 15.77 15.33 15.84 14.75 14.09
18.18 18.18 21.24 21.90 22.48 23.21 18.54 16.79 14.89 14.16 12.05 10.80 9.71 8.76 7.30 9.42 11.39 12.34 11.75 10.66 9.34 8.61 7.15 6.20 8.32 9.42 9.42 8.32 8.91 10.15 14.24 15.33 14.82 13.65 14.02 12.56 9.13 9.34 11.61 14.53 16.28 16.13 17.08 15.40 14.24 14.24 14.67 13.07 13.51 14.38 13.87 13.87 13.80 13.29 13.80 14.16 14.31 13.80 13.51 13.21 13.14 11.46 8.91 10.66 13.14 13.14 13.94 15.91 16.06 18.76 21.17 20.66 20.81 22.78 22.70 21.32 21.32 18.61 17.89 17.08 14.09 12.41 11.17
18.61 18.61 19.86 20.22 20.59 17.08 16.06 15.70 13.65 12.78 13.14 12.05 11.10 11.39 10.80 10.15 10.29 11.10 12.05 9.49 7.23 7.59 7.66 7.88 7.88 6.94 6.94 5.91 7.81 11.32 14.09 14.89 14.67 14.53 14.45 9.93 7.08 10.15 11.90 14.82 14.67 14.31 16.21 14.60 12.63 14.38 15.84 15.33 15.55 15.18 14.38 14.38 13.36 14.24 14.75 15.18 14.82 13.80 13.43 13.21 13.07 12.34 11.32 9.86 8.54 10.15 11.53 13.80 14.75 15.55 17.74 18.40 19.93 19.93 19.64 18.40 18.40 17.08 16.64 16.94 16.79 15.77 14.38
15.62 15.62 16.72 17.37 16.21 14.67 14.60 14.09 12.56 11.24 11.61 12.48 12.19 11.46 10.07 6.86 6.94 8.54 8.32 7.66 7.74 8.54 9.93 10.22 10.07 8.91 8.91 6.72 7.23 10.88 13.36 15.04 15.77 16.13 14.67 8.18 9.34 12.63 14.53 16.35 15.11 17.30 17.59 16.50 14.75 14.60 13.65 15.26 15.99 15.91 15.70 15.70 14.45 14.75 15.48 17.23 15.70 14.75 13.43 13.29 14.75 15.77 14.31 12.26 12.63 11.83 11.97 12.26 13.36 14.09 15.40 15.40 17.67 18.69 18.40 18.76 18.76 18.03 16.57 16.79 18.25 17.16 14.53
13.21 13.21 14.24 16.13 14.38 13.14 13.21 13.43 11.75 10.44 9.56 9.56 11.46 11.75 10.44 9.13 8.61 8.40 7.08 6.28 8.32 10.00 11.02 11.02 11.46 11.83 11.83 11.97 14.60 16.06 16.79 16.43 15.70 15.04 14.67 15.40 15.84 17.01 17.59 18.03 18.69 18.47 18.69 17.16 16.50 16.35 16.64 17.81 17.67 16.43 16.13 16.13 15.11 14.75 15.04 17.01 17.89 17.23 17.74 18.76 16.86 15.91 17.08 15.70 16.06 13.36 12.05 14.16 13.07 12.56 13.72 12.63 12.78 15.26 17.89 20.59 20.59 21.17 20.00 18.25 18.54 17.81 16.28
12.19 12.19 11.53 13.65 14.31 12.63 11.17 9.42 9.20 10.88 10.37 10.59 10.59 11.02 10.51 10.73 11.17 12.05 11.61 11.17 12.78 13.43 14.16 13.14 13.07 14.24 14.24 14.60 14.67 14.67 14.89 14.31 14.24 15.40 15.26 17.74 17.16 16.21 19.35 18.32 20.08 19.64 18.76 19.42 20.66 21.10 19.35 19.56 19.64 18.98 17.45 17.45 16.13 15.62 17.01 18.54 18.98 18.32 18.32 18.25 17.23 15.40 15.99 14.31 14.09 15.11 14.67 15.62 14.53 15.55 14.97 13.29 12.41 14.60 18.10 20.88 20.88 20.88 22.12 23.07 20.59 17.52 14.82
12.19 12.19 11.53 13.65 14.31 12.63 11.17 9.42 9.20 10.88 10.37 10.59 10.59 11.02 10.51 10.73 11.17 12.05 11.61 11.17 12.78 13.43 14.16 13.14 13.07 14.24 14.24 14.60 14.67 14.67 14.89 14.31 14.24 15.40 15.26 17.74 17.16 16.21 19.35 18.32 20.08 19.64 18.76 19.42 20.66 21.10 19.35 19.56 19.64 18.98 17.45 17.45 16.13 15.62 17.01 18.54 18.98 18.32 18.32 18.25 17.23 15.40 15.99 14.31 14.09 15.11 14.67 15.62 14.53 15.55 14.97 13.29 12.41 14.60 18.10 20.88 20.88 20.88 22.12 23.07 20.59 17.52 14.82
12.99 12.99 10.73 10.73 11.17 11.39 11.32 10.66 9.42 9.64 10.07 10.37 11.32 11.61 12.05 12.19 11.39 11.39 12.78 12.85 14.45 16.28 17.74 17.23 16.72 16.21 16.21 15.26 14.89 15.18 17.08 18.32 19.49 18.91 19.64 19.49 17.01 17.59 17.59 19.35 19.05 19.64 19.05 20.22 22.34 23.14 22.63 21.32 20.59 19.71 19.13 19.13 19.71 19.93 19.78 19.78 20.08 18.76 16.06 16.13 14.60 14.75 15.33 13.94 14.31 15.04 17.08 15.26 12.26 10.44 10.51 12.56 12.63 13.80 14.02 15.99 15.99 16.79 19.64 22.19 21.75 16.43 12.05
14.24 14.24 10.73 10.66 9.49 10.44 11.17 11.90 9.86 8.69 9.49 9.56 12.63 11.75 10.66 8.76 9.86 10.66 11.61 13.65 15.18 17.45 19.35 18.61 18.25 16.28 16.28 15.11 17.23 20.44 22.92 23.00 21.90 22.12 22.48 20.88 20.15 20.44 22.92 21.53 21.02 21.68 21.53 20.81 21.61 21.17 22.19 21.90 20.81 20.08 19.86 19.86 20.44 21.53 22.78 21.61 20.66 19.49 17.81 16.35 16.21 17.52 18.98 17.16 16.28 17.30 19.56 19.78 17.30 17.16 17.74 16.64 16.57 16.13 14.24 14.16 14.16 14.45 18.61 20.51 17.96 13.51 9.86
10.95 10.95 10.73 10.29 9.71 9.13 9.64 9.86 7.88 8.10 11.02 10.59 8.61 8.10 6.64 5.99 6.64 8.54 10.22 15.04 19.35 19.27 18.18 17.23 15.70 13.14 13.14 11.90 16.35 22.19 22.78 21.68 20.15 22.34 23.73 19.86 20.59 21.68 24.16 23.21 23.73 23.65 22.63 22.63 23.58 22.85 20.88 19.05 18.76 20.00 19.71 19.71 21.32 23.80 25.11 24.45 22.70 21.02 19.93 19.13 19.13 19.20 22.92 21.83 20.44 19.49 20.81 21.75 20.08 20.88 23.51 24.45 22.56 20.81 19.27 17.08 17.08 14.60 15.62 18.69 17.67 12.92 11.10
7.96 7.96 7.30 8.98 8.91 9.13 8.61 10.00 10.22 10.66 9.27 7.30 5.11 3.72 3.36 3.80 4.89 8.25 12.48 17.08 19.56 17.81 15.11 11.90 11.10 12.70 12.70 15.91 19.49 20.59 20.29 22.19 23.14 23.21 21.24 20.81 21.39 20.29 21.68 22.34 20.37 20.59 22.63 21.97 22.12 22.34 22.48 21.61 19.71 19.27 21.46 21.46 23.43 25.26 25.77 24.45 21.75 20.15 19.56 20.22 20.22 20.08 21.39 21.53 20.37 18.91 21.10 22.27 23.21 23.14 21.90 21.75 22.70 24.45 22.19 18.76 18.76 16.50 14.75 15.33 15.55 14.75 14.82
10.07 10.07 9.56 7.96 7.37 7.01 8.18 8.18 7.74 6.50 5.99 4.31 2.85 1.90 1.39 2.19 6.20 9.64 13.29 14.97 14.31 13.65 12.19 10.15 9.93 14.89 14.89 21.02 20.88 19.93 19.35 20.81 22.12 21.53 19.56 20.44 20.44 22.85 21.83 20.73 18.40 17.08 17.16 18.83 19.93 22.05 20.59 18.32 18.10 20.51 23.00 23.00 24.09 25.04 27.08 27.23 24.60 22.78 22.92 20.88 21.39 18.98 18.69 19.78 18.91 18.76 18.69 19.64 21.10 21.75 21.83 22.63 22.56 23.29 21.68 18.91 18.91 19.13 16.64 16.50 16.50 16.50 17.01
10.07 10.07 9.56 7.96 7.37 7.01 8.18 8.18 7.74 6.50 5.99 4.31 2.85 1.90 1.39 2.19 6.20 9.64 13.29 14.97 14.31 13.65 12.19 10.15 9.93 14.89 14.89 21.02 20.88 19.93 19.35 20.81 22.12 21.53 19.56 20.44 20.44 22.85 21.83 20.73 18.40 17.08 17.16 18.83 19.93 22.05 20.59 18.32 18.10 20.51 23.00 23.00 24.09 25.04 27.08 27.23 24.60 22.78 22.92 20.88 21.39 18.98 18.69 19.78 18.91 18.76 18.69 19.64 21.10 21.75 21.83 22.63 22.56 23.29 21.68 18.91 18.91 19.13 16.64 16.50 16.50 16.50 17.01
8.69 8.69 9.20 8.91 9.27 8.76 8.25 9.64 8.83 5.91 6.28 7.45 7.66 6.35 5.40 7.15 11.17 14.02 15.04 13.80 11.75 13.14 11.53 11.39 11.61 14.16 14.16 19.27 19.49 18.54 17.01 18.03 20.08 20.29 20.22 20.44 19.49 21.17 21.17 17.81 16.28 15.55 15.91 17.16 16.35 16.57 15.99 16.86 17.74 19.42 20.73 20.73 20.22 22.92 25.55 22.70 20.22 19.35 17.67 16.28 16.35 18.47 17.30 18.25 18.83 20.73 19.71 18.69 19.35 19.64 19.71 20.66 22.19 25.04 24.97 23.21 23.21 21.39 19.42 17.81 17.45 17.89 20.73
9.71 9.71 7.30 6.94 9.20 9.56 7.52 7.81 8.47 9.20 8.40 7.81 7.96 6.94 7.30 11.10 15.48 15.26 12.70 10.44 8.61 8.54 10.44 11.39 12.63 16.13 16.13 18.98 19.05 17.37 15.91 15.77 19.27 19.93 19.35 18.10 18.69 19.56 19.20 17.08 16.28 15.26 14.09 16.35 16.64 16.06 14.82 16.79 19.05 19.56 20.08 20.08 20.00 20.81 20.73 19.78 16.57 14.16 11.90 11.90 17.81 19.42 15.62 17.74 19.13 20.66 19.64 17.81 17.74 19.20 20.51 20.81 22.48 26.65 26.72 23.36 23.36 18.54 15.62 15.18 16.35 14.89 15.18
4.82 4.82 3.36 3.80 5.18 4.60 6.13 6.72 7.23 8.98 7.23 6.72 7.37 8.32 11.24 13.51 14.67 14.02 11.75 9.78 9.93 10.15 12.63 13.36 12.70 14.60 14.60 15.62 17.45 19.13 19.49 18.91 18.54 18.98 19.71 16.86 17.52 17.74 17.81 17.81 16.50 13.21 11.83 12.26 12.78 13.80 14.53 16.86 17.52 17.81 20.08 20.08 20.29 19.78 18.32 16.94 16.06 13.21 10.80 11.32 17.67 18.25 18.54 18.47 20.88 21.32 20.08 20.95 20.44 20.15 17.96 17.67 19.64 23.21 22.92 21.39 21.39 18.18 14.97 12.56 12.70 12.26 11.61
4.89 4.89 4.23 3.14 3.07 3.87 5.77 7.81 8.76 9.05 8.18 7.01 6.64 6.86 7.52 11.68 14.38 14.31 13.36 10.07 9.93 11.17 12.34 11.75 11.24 12.85 12.85 13.65 16.64 17.96 17.81 18.18 17.81 17.45 16.50 15.99 15.18 17.37 18.03 16.79 13.65 10.44 8.69 11.61 12.05 13.21 13.94 14.67 14.82 13.58 15.18 15.18 16.94 17.23 15.55 14.97 15.55 14.02 10.95 13.07 14.45 18.03 20.81 20.81 21.02 21.10 22.19 22.19 20.15 18.69 16.79 15.70 14.16 17.67 19.49 18.76 18.76 14.31 11.17 9.27 9.05 9.78 10.37
3.58 3.58 4.31 4.31 4.23 4.02 4.16 7.08 9.64 7.96 6.79 6.79 6.50 5.40 5.48 8.61 12.41 12.63 10.95 8.76 9.34 13.07 15.48 15.40 15.33 14.89 14.89 16.50 17.37 17.52 17.23 17.23 18.32 15.11 13.58 16.28 15.55 16.06 15.91 14.75 12.19 9.20 9.78 10.29 10.22 9.34 8.98 11.39 11.02 8.91 11.61 11.61 10.80 10.73 12.70 12.70 11.75 8.54 4.31 0.00 1.46 14.09 14.31 15.26 13.65 16.43 21.61 21.24 19.64 18.32 16.50 14.67 11.24 8.03 5.91 8.91 8.91 11.83 11.32 9.34 8.10 7.52 7.30
0.00 0.00 0.00 0.00 3.87 4.38 7.52 10.29 9.86 8.61 8.76 6.57 5.84 3.58 1.46 5.91 10.95 11.10 9.64 7.59 8.76 13.65 15.26 16.21 15.99 14.75 14.75 12.92 14.75 16.28 16.79 15.84 16.79 16.21 15.40 15.55 14.24 14.02 12.26 11.68 11.17 9.56 9.56 9.86 7.88 6.35 6.79 8.25 8.91 8.61 8.98 8.98 8.54 7.88 9.13 8.83 5.99 0.29 0.00 4.02 14.31 19.05 23.29 22.92 22.56 24.75 23.87 21.83 19.93 18.69 15.77 11.83 10.66 12.70 9.78 12.19 12.19 14.31 13.14 12.41 11.24 9.49 7.59
0.00 0.00 0.00 0.00 3.87 4.38 7.52 10.29 9.86 8.61 8.76 6.57 5.84 3.58 1.46 5.91 10.95 11.10 9.64 7.59 8.76 13.65 15.26 16.21 15.99 14.75 14.75 12.92 14.75 16.28 16.79 15.84 16.79 16.21 15.40 15.55 14.24 14.02 12.26 11.68 11.17 9.56 9.56 9.86 7.88 6.35 6.79 8.25 8.91 8.61 8.98 8.98 8.54 7.88 9.13 8.83 5.99 0.29 0.00 4.02 14.31 19.05 23.29 22.92 22.56 24.75 23.87 21.83 19.93 18.69 15.77 11.83 10.66 12.70 9.78 12.19 12.19 14.31 13.14 12.41 11.24 9.49 7.59
0.00 0.00 0.00 0.00 3.14 8.25 10.59 10.73 9.05 7.96 7.45 5.33 2.63 1.97 2.19 4.38 6.13 4.82 5.84 12.85 15.40 17.52 15.99 13.36 11.53 8.98 8.98 11.39 14.24 15.40 16.13 14.45 13.51 15.48 13.51 11.39 10.80 10.44 10.44 9.05 8.83 10.07 10.37 9.71 6.64 4.82 4.89 5.84 5.91 7.15 8.61 8.61 8.76 6.79 3.58 0.66 0.00 0.00 16.13 14.89 20.59 22.63 24.24 24.16 24.60 24.60 24.02 22.48 22.19 21.75 22.85 22.19 21.10 20.15 19.71 18.69 18.69 15.99 15.62 18.91 20.29 19.64 17.16
