Wansh/Snow_depth/snowdepth-1981/winter/1982052.txt
ncols 321
nrows 161
xllcenter 60
yllcenter 15 
cellsize  0.25 
NODATA_value -1
[rows 0 to 36 of 161, columns 166 to 248 of 321]
12.05 14.02 13.72 11.97 10.44 10.00 12.26 13.07 11.24 8.40 11.39 11.39 11.17 10.66 11.10 10.80 10.59 10.95 12.05 14.24 17.23 18.25 20.44 13.65 13.65 14.75 12.63 8.76 7.08 3.50 0.00 0.00 0.00 6.57 15.70 18.91 18.69 18.69 18.83 18.98 23.29 23.00 21.61 22.19 23.94 22.19 23.58 27.67 28.32 29.49 27.08 20.81 18.18 18.83 19.05 17.45 14.89 16.06 15.40 15.33 14.45 12.70 12.70 10.44 9.86 13.72 17.81 21.46 17.89 15.99 13.07 12.63 9.49 9.13 11.53 11.46 12.63 13.87 17.96 21.10 22.70 25.33 25.70
17.37 16.57 15.04 11.46 10.22 10.44 10.88 9.27 8.61 9.78 10.95 10.95 11.32 11.97 12.41 10.88 10.88 11.83 11.32 12.78 16.43 17.30 16.13 14.53 13.58 13.29 10.37 4.38 0.00 0.00 0.00 0.00 0.00 12.70 14.75 16.43 15.18 15.18 17.23 21.10 23.94 24.67 24.31 26.35 28.11 29.64 31.03 30.22 28.18 27.08 24.89 22.63 20.22 18.91 16.35 13.94 15.04 14.89 15.26 15.91 14.60 13.87 13.87 13.51 14.24 15.48 19.86 19.20 17.52 15.33 13.43 11.83 12.12 10.59 11.53 11.39 14.89 15.33 20.44 22.56 25.04 24.02 21.75
23.14 22.56 18.40 16.35 14.97 12.48 13.87 10.88 8.91 8.91 10.80 10.80 11.97 10.95 10.59 10.00 10.73 11.90 13.58 15.40 16.94 18.32 17.45 15.99 14.45 13.21 7.59 0.00 0.00 0.00 0.00 0.00 4.09 8.91 10.88 12.48 14.89 14.89 19.13 24.38 29.57 31.03 29.20 28.32 28.62 28.69 28.69 26.50 23.87 21.75 19.56 21.61 21.83 20.59 19.35 19.86 16.57 15.18 13.58 13.65 12.56 9.13 9.13 9.20 11.10 12.99 13.51 14.82 14.53 14.53 15.99 15.70 14.60 11.39 11.75 15.48 16.86 19.35 23.36 25.04 22.92 19.78 14.02
23.14 22.56 18.40 16.35 14.97 12.48 13.87 10.88 8.91 8.91 10.80 10.80 11.97 10.95 10.59 10.00 10.73 11.90 13.58 15.40 16.94 18.32 17.45 15.99 14.45 13.21 7.59 0.00 0.00 0.00 0.00 0.00 4.09 8.91 10.88 12.48 14.89 14.89 19.13 24.38 29.57 31.03 29.20 28.32 28.62 28.69 28.69 26.50 23.87 21.75 19.56 21.61 21.83 20.59 19.35 19.86 16.57 15.18 13.58 13.65 12.56 9.13 9.13 9.20 11.10 12.99 13.51 14.82 14.53 14.53 15.99 15.70 14.60 11.39 11.75 15.48 16.86 19.35 23.36 25.04 22.92 19.78 14.02
22.92 23.73 22.78 21.02 19.35 16.57 15.77 14.02 7.96 7.66 9.20 9.20 11.32 12.26 11.02 10.51 12.34 13.43 15.04 13.87 14.82 13.94 14.89 13.80 11.39 6.06 0.00 0.00 0.00 0.00 0.00 0.00 4.67 7.23 8.47 12.19 14.75 14.75 18.10 23.00 29.05 26.94 23.14 17.89 16.06 17.59 17.52 19.20 20.44 20.22 19.86 18.91 18.83 19.13 18.91 18.47 18.61 15.99 15.18 14.45 14.60 14.31 14.31 13.72 13.21 12.92 10.80 11.32 11.17 12.48 14.45 14.31 13.87 13.14 14.16 12.12 12.63 12.19 15.84 15.18 11.53 8.03 5.91
23.07 24.24 24.53 22.63 20.81 19.27 18.83 18.98 16.72 12.78 11.32 11.32 12.85 15.40 15.40 12.85 12.41 12.12 13.87 13.87 12.34 10.44 9.78 7.45 4.67 0.00 0.00 0.00 0.00 0.00 0.00 5.62 7.23 7.59 8.98 12.19 15.91 15.91 16.64 16.57 18.25 18.47 17.30 13.43 11.83 12.05 12.41 13.87 15.55 16.72 19.64 20.73 20.29 25.48 25.04 21.24 18.10 16.21 13.94 12.99 13.07 13.87 13.87 14.67 15.55 16.57 13.21 10.00 7.81 7.59 8.32 7.96 8.32 9.49 8.40 8.40 8.76 8.61 8.98 10.15 10.07 8.61 7.15
24.75 27.30 29.13 28.91 26.79 24.16 22.92 23.65 22.92 22.19 19.42 19.42 15.18 16.50 16.57 15.55 13.29 12.26 15.26 12.34 10.80 8.91 6.20 0.00 0.00 0.00 0.00 0.00 0.00 6.64 9.49 9.42 9.78 11.32 16.57 19.20 19.13 19.13 17.37 14.16 12.12 13.51 15.40 12.19 9.27 9.71 10.66 11.90 14.97 17.45 20.37 22.70 23.00 23.94 24.53 21.17 19.05 17.45 14.82 12.63 11.17 10.29 10.29 11.97 13.51 14.38 13.07 9.93 8.83 7.81 6.86 5.77 5.55 6.42 7.96 7.52 7.45 7.66 6.57 7.08 8.83 8.74 9.17
24.75 27.30 29.13 28.91 26.79 24.16 22.92 23.65 22.92 22.19 19.42 19.42 15.18 16.50 16.57 15.55 13.29 12.26 15.26 12.34 10.80 8.91 6.20 0.00 0.00 0.00 0.00 0.00 0.00 6.64 9.49 9.42 9.78 11.32 16.57 19.20 19.13 19.13 17.37 14.16 12.12 13.51 15.40 12.19 9.27 9.71 10.66 11.90 14.97 17.45 20.37 22.70 23.00 23.94 24.53 21.17 19.05 17.45 14.82 12.63 11.17 10.29 10.29 11.97 13.51 14.38 13.07 9.93 8.83 7.81 6.86 5.77 5.55 6.42 7.96 7.52 7.45 8.86 9.06 10.19 12.10 14.86 15.14
21.83 24.67 28.32 32.27 31.68 28.18 23.29 21.10 19.78 19.71 18.98 18.98 15.99 14.82 15.26 14.89 14.67 16.13 13.21 9.42 6.42 0.00 0.00 0.00 0.00 0.00 0.00 0.00 2.26 6.72 9.78 11.17 12.70 15.04 16.64 19.42 20.95 20.95 17.08 10.37 8.03 7.01 7.59 8.18 8.25 8.83 9.20 10.15 13.94 18.69 22.05 25.55 24.38 22.78 16.79 16.43 16.13 13.58 13.43 15.04 14.24 12.63 12.63 12.56 12.05 9.93 10.95 11.39 10.95 10.88 9.49 10.15 9.20 9.56 8.54 8.43 8.01 9.70 10.41 7.85 9.23 14.13 11.11
15.84 16.50 19.71 25.48 27.74 27.08 24.16 21.97 18.54 15.18 15.33 15.33 16.64 16.50 16.57 15.40 12.56 11.46 6.13 0.00 0.00 0.00 0.00 0.00 0.00 0.00 3.14 4.60 5.91 10.80 13.65 15.18 15.18 15.70 15.26 15.77 15.99 15.99 13.43 10.15 8.91 8.10 8.40 8.47 9.71 9.71 9.42 10.73 14.60 18.18 18.25 19.35 21.39 13.58 13.51 14.89 13.80 11.97 11.61 10.22 10.07 11.02 11.02 11.39 12.63 12.05 12.41 13.87 12.70 11.61 11.10 11.10 10.73 10.15 9.71 10.34 11.27 11.57 12.80 14.83 14.09 9.77 9.10
16.64 16.06 14.67 15.33 17.59 21.17 24.53 26.65 24.97 21.68 19.56 19.56 17.45 16.21 15.77 12.26 6.28 3.07 0.00 0.00 0.00 0.00 0.00 2.12 5.26 8.32 9.78 10.88 13.51 14.45 14.38 15.26 12.92 11.83 12.56 12.19 11.02 11.02 10.15 11.24 13.36 17.23 17.23 15.04 13.14 12.48 9.34 9.34 9.71 12.41 11.83 13.21 10.22 9.56 12.63 13.14 10.66 7.23 7.23 6.57 7.01 9.20 9.20 11.61 14.75 13.94 13.72 13.07 12.70 12.41 11.75 11.61 11.61 10.07 6.44 6.15 7.90 13.78 12.58 12.61 11.76 11.00 12.81
16.64 16.06 14.67 15.33 17.59 21.17 24.53 26.65 24.97 21.68 19.56 19.56 17.45 16.21 15.77 12.26 6.28 3.07 0.00 0.00 0.00 0.00 0.00 2.12 5.26 8.32 9.78 10.88 13.51 14.45 14.38 15.26 12.92 11.83 12.56 12.19 11.02 11.02 10.15 11.24 13.36 17.23 17.23 15.04 13.14 12.48 9.34 9.34 9.71 12.41 11.83 13.21 10.22 9.56 12.63 13.14 10.66 7.23 7.23 6.57 7.01 9.20 9.20 11.61 14.75 13.94 13.72 13.07 12.70 12.41 11.75 11.61 11.61 10.07 6.28 6.06 7.66 12.80 11.21 11.68 12.55 11.42 12.81
21.53 21.02 19.71 17.30 14.53 14.38 16.43 18.10 18.18 17.16 13.87 13.87 11.17 11.24 14.45 1.75 0.00 0.00 0.00 0.00 7.59 9.86 8.98 9.93 11.24 11.32 11.53 13.07 15.04 16.06 13.87 12.78 11.97 11.83 12.78 16.21 15.70 15.70 16.79 17.59 18.91 19.05 17.67 14.97 13.72 11.24 7.59 5.69 7.23 10.80 11.83 10.66 9.20 10.80 12.05 11.61 8.25 6.06 7.45 8.32 8.61 10.80 10.80 12.48 12.70 13.87 14.02 13.80 12.99 14.38 14.45 13.43 11.53 10.51 9.49 8.98 9.06 10.35 11.96 10.58 10.76 13.62 15.31
17.16 16.57 13.87 12.99 13.87 14.16 12.48 12.26 11.68 9.49 4.16 4.16 0.00 2.63 0.00 0.00 0.00 0.00 0.00 3.14 6.64 8.10 11.10 11.10 11.75 11.90 10.59 13.87 17.81 18.54 18.10 17.23 14.97 13.29 16.35 16.13 15.62 15.62 17.81 19.42 19.49 19.20 18.98 17.16 13.36 10.07 8.91 8.47 8.54 10.51 10.37 9.42 6.94 7.59 9.05 10.29 10.59 9.42 11.68 12.34 13.14 13.65 13.65 14.02 15.33 17.08 16.86 16.50 16.79 16.43 16.72 13.51 13.43 11.46 11.32 10.56 11.64 11.98 11.94 13.42 14.60 13.60 16.74
15.91 16.28 17.08 18.10 18.10 19.78 19.42 15.11 11.90 6.79 3.21 3.21 0.00 0.00 0.00 0.00 0.00 1.10 1.97 6.13 10.07 11.75 11.75 12.12 14.53 15.11 15.55 16.86 18.91 20.00 19.93 16.94 16.35 15.91 16.13 15.11 16.50 16.50 17.74 19.49 20.37 19.49 17.59 12.99 10.66 12.05 14.24 14.24 9.20 9.05 7.81 8.03 7.37 5.62 7.52 9.49 12.78 16.64 16.79 16.13 14.60 15.70 15.70 16.13 15.70 16.72 16.50 16.64 17.81 16.72 16.06 15.48 14.09 14.97 12.95 13.09 13.65 14.27 13.53 14.92 14.69 15.35 15.97
17.23 20.88 20.44 18.98 18.54 19.86 23.00 19.64 18.10 17.67 12.26 12.26 10.95 10.29 8.91 7.88 7.66 8.25 8.18 7.88 9.42 8.83 10.44 12.26 13.94 15.11 17.81 19.35 18.03 17.01 16.21 15.48 16.43 16.64 17.81 17.37 17.89 17.89 17.52 17.67 16.64 14.82 13.65 14.67 16.50 17.89 16.57 14.45 13.43 12.26 11.17 9.13 8.10 9.13 9.78 11.39 12.26 16.72 20.15 20.00 19.78 19.20 19.20 18.18 17.01 16.64 15.84 16.06 14.24 13.29 13.87 15.33 17.23 16.11 15.31 13.82 16.48 16.60 18.51 15.53 14.60 16.19 17.52
17.23 20.88 20.44 18.98 18.54 19.86 23.00 19.64 18.10 17.67 12.26 12.26 10.95 10.29 8.91 7.88 7.66 8.25 8.18 7.88 9.42 8.83 10.44 12.26 13.94 15.11 17.81 19.35 18.03 17.01 16.21 15.48 16.43 16.64 17.81 17.37 17.89 17.89 17.52 17.67 16.64 14.82 13.65 14.67 16.50 17.89 16.57 14.45 13.43 12.26 11.17 9.13 8.10 9.13 9.78 11.39 12.26 16.72 20.15 20.00 19.78 19.20 19.20 18.18 17.01 16.64 15.84 16.06 14.24 13.29 13.87 15.33 17.23 19.77 14.35 15.02 14.80 20.54 18.79 17.17 14.89 14.60 16.94
12.12 12.78 15.91 16.72 13.36 11.53 12.63 12.19 13.72 17.45 17.45 17.45 18.98 16.50 12.78 8.76 9.78 8.83 7.15 7.01 7.96 9.64 10.66 12.05 13.36 16.28 18.32 17.81 18.10 18.25 16.13 16.21 17.59 18.03 18.98 18.18 19.05 19.05 20.44 17.96 15.84 16.64 17.89 20.73 20.51 19.13 16.35 14.67 12.19 12.34 11.02 10.59 10.88 11.61 11.68 12.63 14.02 16.57 19.13 20.88 22.48 21.39 21.39 21.17 19.86 15.84 13.21 13.72 12.92 13.80 17.52 18.54 19.37 18.66 19.94 16.62 18.10 21.36 22.31 17.34 16.55 17.82 16.67
12.41 11.46 17.45 22.70 20.44 13.65 11.83 11.32 9.34 15.70 9.71 9.71 6.50 8.32 10.88 10.51 10.59 11.90 11.61 13.72 15.33 16.86 17.74 16.35 16.21 16.21 16.64 15.91 15.99 16.28 15.91 15.77 15.91 15.62 16.64 17.59 18.69 18.69 18.69 17.45 18.18 18.32 19.35 22.34 18.10 15.04 14.16 11.83 11.61 10.00 7.15 9.42 12.41 16.86 17.96 15.70 17.67 18.47 18.91 22.12 22.63 20.37 20.37 17.37 12.70 10.15 9.64 11.97 15.55 17.16 20.66 21.72 26.18 28.02 28.08 26.25 25.09 21.76 20.77 20.08 20.32 21.69 15.62
15.48 14.89 14.09 15.26 18.25 18.25 18.69 14.24 11.39 10.95 10.29 10.29 10.73 11.53 14.31 15.70 16.72 18.91 18.91 18.18 19.78 24.38 25.33 20.81 17.37 15.91 15.18 15.99 16.94 16.50 14.89 13.87 16.21 16.94 17.16 17.16 17.59 17.59 18.83 18.10 18.91 19.71 20.29 16.94 13.94 14.45 15.77 13.51 15.11 15.18 14.45 16.28 17.30 16.79 12.12 7.59 7.01 8.47 9.86 12.12 15.55 14.09 14.09 13.43 13.07 11.97 13.43 15.77 18.76 24.02 24.09 25.77 29.13 31.97 32.27 32.34 28.84 26.09 24.16 26.17 26.94 20.48 19.62
17.67 18.61 16.50 15.70 15.11 15.26 14.24 18.03 15.48 12.78 10.95 10.95 10.73 11.61 11.17 13.21 13.43 17.89 23.00 22.27 19.78 23.29 28.54 28.54 24.60 20.59 15.84 12.92 12.48 11.24 12.41 15.48 18.32 19.93 19.42 19.49 20.73 20.73 19.35 15.77 13.29 11.75 13.80 11.90 11.02 12.05 15.26 17.67 18.69 18.83 16.86 18.47 15.55 10.29 5.04 0.00 0.00 0.80 2.48 4.45 6.28 9.20 9.20 11.24 12.56 13.43 15.33 17.08 19.05 21.10 22.85 25.33 28.54 33.58 34.53 31.90 30.92 29.70 31.21 28.06 29.65 23.67 21.35
14.60 16.06 17.16 21.17 19.93 16.57 11.90 14.38 14.16 11.90 10.51 10.51 10.95 13.51 17.74 20.73 18.54 16.72 18.18 20.95 21.46 22.41 24.82 21.24 16.43 14.16 14.75 15.91 16.13 14.89 15.91 19.27 19.35 17.52 19.13 21.68 21.39 21.39 17.74 12.99 9.71 7.96 8.10 9.20 10.80 12.12 13.58 15.33 12.85 6.86 7.01 6.86 3.43 4.02 5.55 0.00 0.00 0.00 1.83 3.07 3.58 2.63 2.63 4.23 2.42 4.60 8.18 11.46 14.24 17.52 16.79 21.10 30.59 34.75 35.41 33.29 33.53 32.50 37.70 30.29 30.40 24.88 19.83
14.60 16.06 17.16 21.17 19.93 16.57 11.90 14.38 14.16 11.90 10.51 10.51 10.95 13.51 17.74 20.73 18.54 16.72 18.18 20.95 21.46 22.41 24.82 21.24 16.43 14.16 14.75 15.91 16.13 14.89 15.91 19.27 19.35 17.52 19.13 21.68 21.39 21.39 17.74 12.99 9.71 7.96 8.10 9.20 10.80 12.12 13.58 15.33 12.85 6.86 7.01 6.86 3.43 4.02 5.55 0.00 0.00 0.00 1.83 3.07 3.58 2.63 2.63 4.23 2.42 4.60 8.18 11.46 14.24 17.52 16.79 21.10 30.59 34.75 35.41 33.29 32.19 32.67 29.28 26.65 25.46 28.96 24.26
11.61 11.97 11.97 13.51 15.48 16.13 13.58 15.84 15.77 16.21 15.26 15.26 14.89 14.67 15.91 16.79 16.43 15.62 15.33 19.13 20.95 18.40 17.01 16.28 15.04 16.06 15.91 16.13 19.05 21.17 19.93 19.20 16.79 15.18 14.60 14.45 9.93 9.93 6.64 9.20 13.36 14.02 13.58 12.85 10.07 9.05 7.23 4.45 3.80 1.24 1.90 1.46 0.00 0.00 1.02 0.66 0.66 0.00 0.00 0.00 0.00 0.00 0.00 0.00 0.00 0.00 6.42 11.39 14.53 14.97 13.07 17.81 22.70 26.79 29.42 32.56 30.81 30.52 29.20 33.60 27.39 24.79 20.13
10.95 12.63 12.92 14.60 16.94 15.55 20.15 20.44 23.14 24.89 23.36 23.36 18.76 17.45 20.88 20.66 17.89 16.94 16.50 18.18 20.51 19.71 16.43 12.26 15.70 17.96 16.50 17.30 21.02 22.63 20.59 17.01 13.07 10.22 9.27 5.99 5.99 5.99 5.99 10.44 11.83 14.24 11.61 11.32 8.10 5.40 4.67 2.63 1.75 0.51 0.88 1.46 0.00 0.00 0.00 0.00 0.00 0.00 0.00 0.00 0.00 0.00 0.00 0.00 0.00 0.00 0.00 6.28 10.07 13.51 14.97 16.13 19.13 23.51 27.96 30.37 31.75 31.54 29.12 28.85 27.25 21.43 20.93
6.13 7.15 9.20 14.09 18.83 21.53 15.77 19.35 20.44 21.02 21.61 21.61 20.73 21.10 21.32 22.05 17.81 14.16 13.36 10.95 15.91 17.89 17.08 15.18 16.57 18.47 17.23 16.64 19.05 18.76 16.06 11.61 8.47 5.48 4.45 4.53 4.38 4.38 4.45 6.06 5.48 5.91 6.42 6.35 4.53 0.00 3.36 0.00 0.00 0.00 0.00 0.00 0.00 0.00 0.00 0.00 0.00 0.00 0.00 0.00 0.00 0.00 0.00 0.00 0.00 0.00 0.00 9.49 11.17 15.91 13.72 16.06 18.47 27.38 33.20 35.91 32.31 30.99 29.29 24.36 21.75 17.86 13.86
7.96 8.91 8.32 7.30 7.08 6.86 4.74 8.10 12.85 15.18 14.24 14.24 16.50 16.50 12.56 12.26 11.97 10.95 11.68 13.14 14.97 14.82 16.94 19.13 20.44 19.93 14.38 10.73 10.29 11.10 8.98 4.53 4.96 6.13 6.28 5.33 3.14 3.14 3.21 4.02 5.33 6.28 3.36 4.31 2.48 0.00 0.00 0.00 0.00 0.00 0.00 0.00 0.00 0.00 0.00 1.10 1.75 0.00 0.00 0.00 0.00 0.00 0.00 0.00 0.00 0.00 0.00 6.20 8.03 10.00 13.80 20.95 21.24 28.03 37.63 37.39 35.32 29.85 30.16 30.19 20.09 12.65 12.62
4.74 5.62 4.23 5.33 5.55 4.23 3.29 3.65 4.89 2.12 5.55 5.55 7.15 5.77 4.82 5.48 7.15 6.79 6.57 8.47 8.61 11.46 14.53 14.75 12.63 10.88 7.74 4.38 4.53 5.40 2.77 2.63 5.91 7.96 5.62 2.34 0.00 0.00 1.46 1.83 3.07 3.80 0.00 0.00 0.00 0.00 0.00 0.00 0.00 0.00 0.00 0.00 0.00 0.00 0.00 0.00 1.75 0.00 0.00 0.00 0.00 0.00 0.00 0.00 0.00 0.00 0.00 0.00 0.00 8.18 10.59 20.00 30.17 34.54 40.79 35.04 32.70 32.12 31.45 28.35 20.84 16.31 13.21
4.74 5.62 4.23 5.33 5.55 4.23 3.29 3.65 4.89 2.12 5.55 5.55 7.15 5.77 4.82 5.48 7.15 6.79 6.57 8.47 8.61 11.46 14.53 14.75 12.63 10.88 7.74 4.38 4.53 5.40 2.77 2.63 5.91 7.96 5.62 2.34 0.00 0.00 1.46 1.83 3.07 3.80 0.00 0.00 0.00 0.00 0.00 0.00 0.00 0.00 0.00 0.00 0.00 0.00 0.00 0.00 1.75 0.00 0.00 0.00 0.00 0.00 0.00 0.00 0.00 0.00 0.00 0.00 0.00 8.18 10.59 20.00 30.33 34.17 36.89 39.04 34.90 37.47 36.50 27.43 21.77 15.84 13.97
0.00 0.00 0.00 0.00 4.89 0.00 0.00 0.00 0.00 0.00 0.00 0.00 0.00 0.00 0.00 0.00 3.29 4.38 0.00 4.38 4.38 4.60 3.58 3.72 3.29 2.26 2.26 1.97 3.29 4.60 4.82 6.20 7.81 5.33 2.41 1.83 0.00 0.00 0.00 0.00 0.00 2.19 1.61 0.00 0.00 0.00 0.00 0.00 3.43 0.00 0.00 0.00 0.00 0.00 0.00 0.00 0.00 1.24 0.00 0.00 0.00 0.00 0.00 0.00 0.00 0.00 0.00 0.00 4.60 5.84 9.90 21.09 29.27 34.58 38.99 42.12 37.74 34.36 31.49 25.49 22.39 12.28 9.61
0.00 0.00 0.00 0.00 0.00 0.00 0.00 0.00 0.00 0.00 0.00 0.00 0.00 0.00 2.12 3.87 1.83 3.14 3.65 4.60 6.20 5.62 4.16 3.58 0.00 0.00 0.00 0.00 3.80 4.31 4.45 6.35 4.53 0.00 0.00 0.00 0.00 0.00 0.00 0.00 0.00 0.00 3.65 0.00 4.23 3.65 7.23 9.34 12.26 8.98 2.92 0.00 0.00 0.00 0.00 0.00 0.00 0.00 0.00 0.00 0.00 0.00 0.00 0.00 0.00 0.00 0.00 5.77 7.01 10.37 19.20 24.82 32.78 35.22 38.51 40.35 30.80 22.54 21.71 18.44 15.96 10.92 6.83
5.04 3.43 3.87 5.26 5.11 3.94 2.77 0.00 1.10 0.00 0.00 0.00 0.00 0.00 0.00 0.00 3.21 3.94 4.23 4.67 9.05 6.20 3.21 0.00 0.00 1.31 0.00 0.00 3.14 5.48 7.15 6.72 4.89 0.00 3.43 0.00 0.00 0.00 0.00 0.00 1.31 0.00 0.00 4.02 9.71 10.00 8.98 5.33 6.20 7.23 5.11 3.94 5.69 6.57 6.86 5.62 2.77 0.00 0.00 0.00 0.00 0.00 0.00 0.00 0.00 0.00 6.94 10.00 15.91 21.46 28.32 29.86 32.85 37.30 39.43 33.64 25.68 19.43 15.61 13.93 9.87 6.82 1.42
11.17 7.88 8.03 6.86 7.15 8.61 6.64 0.00 0.00 4.38 4.89 4.89 0.00 0.00 0.00 0.00 2.34 2.85 3.43 3.36 2.99 2.48 3.07 3.50 0.00 1.31 2.04 2.70 3.80 7.96 8.69 7.52 6.13 0.00 0.00 0.00 0.00 0.00 0.00 0.00 0.00 0.00 0.00 0.00 5.04 9.05 9.86 9.49 9.56 13.21 7.96 6.13 11.53 14.38 11.68 6.50 0.73 0.00 0.00 1.97 3.36 5.48 5.48 6.06 6.35 14.02 19.35 26.35 30.44 34.82 37.52 36.65 35.92 33.33 29.84 26.24 22.35 16.29 13.90 11.25 6.58 2.86 1.24
9.42 9.49 9.71 9.56 10.88 10.73 8.83 7.37 4.89 4.16 0.00 0.00 0.00 0.00 0.00 4.60 3.94 2.63 0.00 0.00 2.26 0.00 4.38 7.45 5.33 3.29 3.21 4.96 4.60 3.94 4.02 3.36 2.19 0.00 0.00 0.00 0.00 0.00 0.00 0.00 0.00 0.00 0.00 0.00 0.00 0.95 5.84 6.42 6.42 8.18 7.59 6.64 5.48 6.64 5.99 2.41 3.72 2.70 2.48 8.32 15.77 19.71 19.71 19.78 21.97 26.86 30.37 29.78 26.28 32.41 38.33 38.54 36.87 29.64 23.93 17.38 13.01 12.43 8.80 6.27 5.75 3.96 2.55
3.80 7.08 4.60 0.00 5.99 7.66 5.99 5.26 3.72 2.26 0.00 0.00 0.00 0.00 2.12 1.75 1.83 1.46 1.17 2.19 3.50 3.87 5.18 7.88 8.76 4.60 1.75 1.61 3.94 3.87 3.07 0.66 0.00 0.00 0.00 0.00 0.00 0.00 0.00 0.00 0.00 0.00 0.00 0.00 0.00 0.00 0.00 6.64 12.05 16.21 16.06 12.41 7.30 6.94 10.66 12.12 11.53 11.02 9.34 12.26 20.81 24.75 24.75 20.81 23.21 20.81 19.27 23.14 25.70 34.38 38.47 38.03 33.73 25.68 18.10 14.53 12.90 10.15 6.59 3.54 4.26 3.20 2.65
3.80 7.08 4.60 0.00 5.99 7.66 5.99 5.26 3.72 2.26 0.00 0.00 0.00 0.00 2.12 1.75 1.83 1.46 1.17 2.19 3.50 3.87 5.18 7.88 8.76 4.60 1.75 1.61 3.94 3.87 3.07 0.66 0.00 0.00 0.00 0.00 0.00 0.00 0.00 0.00 0.00 0.00 0.00 0.00 0.00 0.00 0.00 6.64 12.05 16.21 16.06 12.41 7.30 6.94 10.66 12.12 11.53 11.02 9.34 12.26 20.81 24.75 24.75 20.81 23.21 20.81 19.27 23.14 25.70 34.38 38.47 38.03 33.73 25.55 17.83 14.31 12.90 10.60 5.87 3.40 4.16 3.36 2.59
8.69 5.99 0.00 0.00 0.00 0.00 2.12 2.19 0.66 2.48 1.83 1.83 0.00 0.00 2.34 3.14 4.60 3.21 4.38 7.37 8.54 7.88 7.88 6.50 4.16 3.50 6.57 5.40 2.92 2.56 0.07 0.00 0.00 0.00 0.00 0.00 0.00 0.00 1.02 0.00 0.00 0.00 0.00 0.88 0.00 5.11 8.91 14.97 19.71 21.10 19.86 14.53 9.71 9.78 12.92 14.09 14.16 13.87 5.40 8.32 18.10 23.07 23.07 22.41 26.35 26.43 31.03 31.68 33.43 37.16 35.99 34.16 30.00 22.92 13.21 9.44 6.31 4.56 3.87 3.79 2.45 2.01 1.85
