Wansh/Snow_depth/snowdepth-1981/winter/1982038.txt
ncols 321
nrows 161
xllcenter 60
yllcenter 15 
cellsize  0.25 
NODATA_value -1
[rows 74 to 110 of 161, columns 83 to 165 of 321]
0.00 0.00 0.00 0.00 0.00 0.00 0.00 0.00 0.00 0.00 0.00 0.00 0.00 3.21 5.18 6.28 6.28 5.84 0.00 0.00 4.16 4.23 5.11 5.84 0.00 5.40 7.74 7.15 3.65 4.09 4.67 0.00 5.26 0.00 6.28 5.91 3.58 0.00 0.00 5.11 7.45 5.62 0.00 0.00 0.00 1.68 2.41 0.00 0.00 0.00 0.00 0.00 0.00 0.00 0.00 0.00 0.00 2.19 0.00 0.00 0.00 0.00 0.00 0.00 4.45 3.14 0.00 0.00 3.36 3.36 2.64 3.45 2.85 0.00 0.00 0.00 0.00 0.00 0.00 0.00 0.00 2.12 3.15
0.00 0.00 0.00 0.00 0.00 3.07 5.84 3.87 4.09 6.94 5.99 4.89 3.50 5.11 4.02 0.00 5.26 4.60 6.13 6.13 5.84 6.50 5.99 5.99 7.23 9.20 13.29 8.61 7.08 9.42 10.51 9.42 7.23 5.18 4.16 5.33 6.06 0.00 0.00 0.00 5.62 4.31 1.97 2.77 2.77 0.00 0.00 0.00 0.00 0.00 0.00 0.00 0.00 0.00 0.00 0.00 0.00 0.00 0.00 0.00 0.00 0.00 0.00 0.00 1.83 0.00 0.00 2.92 3.21 3.21 6.16 8.61 6.86 0.00 0.00 0.00 0.00 0.00 0.00 0.00 0.00 2.19 3.58
0.00 0.00 1.02 2.19 4.45 7.45 7.45 6.42 5.48 5.99 5.11 8.25 6.86 6.94 0.00 0.00 8.32 9.49 8.18 8.18 6.50 5.18 4.96 4.89 6.57 8.83 9.34 0.00 9.20 10.29 9.64 7.37 5.48 5.77 0.00 0.00 0.00 4.74 0.00 5.48 8.47 4.53 3.94 4.82 4.82 3.87 0.00 0.00 0.00 4.53 0.00 0.00 2.70 0.00 2.04 1.68 1.97 2.77 4.53 1.17 1.68 2.56 1.68 0.00 0.00 0.00 1.54 2.34 3.87 3.87 9.13 10.66 10.73 7.30 3.72 1.97 0.00 0.00 0.00 0.00 0.00 0.00 2.36
6.57 7.15 5.55 4.45 2.99 1.17 2.77 3.58 5.11 5.33 4.82 5.18 4.60 5.11 5.69 7.01 9.64 9.13 7.81 7.81 7.15 6.35 5.99 5.69 4.82 7.81 7.37 8.10 8.91 8.54 7.81 7.08 5.26 3.65 0.00 0.00 0.00 0.00 0.00 6.13 5.40 0.00 4.23 0.00 0.00 0.00 0.00 3.65 2.92 5.33 0.00 3.21 0.00 0.00 0.00 3.07 3.87 7.08 6.86 7.01 5.11 3.94 3.36 3.07 3.43 1.31 0.00 0.44 3.14 3.14 5.33 5.69 4.96 0.00 2.12 0.88 0.37 0.00 0.00 0.00 0.00 0.00 2.42
9.64 8.32 4.23 3.21 3.72 5.62 7.74 5.18 5.26 5.04 0.00 2.99 4.96 5.11 0.00 0.00 5.91 0.00 6.86 6.86 7.23 5.18 6.64 6.50 6.20 5.84 5.11 0.00 0.00 5.18 0.00 0.00 0.00 0.00 0.00 5.40 0.00 0.00 0.00 0.00 0.00 0.00 0.00 0.00 0.00 0.00 0.00 5.26 0.00 0.00 5.48 7.45 5.99 0.00 6.86 8.10 5.55 4.23 4.02 3.07 3.43 4.23 4.02 2.04 0.00 0.00 2.77 3.14 2.41 2.41 1.24 1.31 0.00 0.00 3.43 0.22 0.00 0.29 0.00 1.17 0.00 2.19 2.64
19.20 19.13 14.75 8.10 6.72 8.61 6.13 3.87 3.65 3.21 2.26 2.99 0.00 0.00 0.00 0.00 0.00 5.18 0.00 0.00 3.80 3.94 0.00 0.00 4.89 0.00 0.00 0.00 0.00 0.00 0.00 0.00 0.00 8.61 0.00 0.00 0.00 0.00 0.00 0.00 0.00 0.00 0.00 0.00 0.00 0.00 0.00 0.00 0.00 0.00 3.43 4.53 4.23 0.00 0.00 0.00 0.00 0.00 0.00 0.00 0.00 0.00 0.00 0.00 0.00 0.00 0.00 3.21 2.77 2.77 3.07 3.07 3.29 3.58 1.90 0.00 0.00 0.00 0.58 1.46 2.12 2.92 3.43
8.47 8.61 12.63 14.02 16.43 15.48 11.24 0.00 0.00 0.00 5.33 5.18 3.80 0.00 0.00 0.00 0.00 0.00 0.00 0.00 2.56 0.00 0.00 0.00 0.00 0.00 0.00 0.00 0.00 0.00 0.00 0.00 0.00 0.00 0.00 0.00 0.00 0.00 0.00 0.00 1.83 0.00 0.00 0.00 0.00 0.00 0.00 0.00 0.00 0.00 0.00 0.00 0.00 0.00 0.00 0.00 0.00 0.00 0.00 0.00 2.34 0.00 0.00 0.00 0.00 0.00 0.00 0.00 0.00 0.00 0.00 0.00 0.00 3.14 1.39 0.00 0.00 0.00 0.00 0.00 0.00 1.97 1.46
8.91 8.91 13.87 16.86 19.56 18.91 12.41 5.99 4.60 4.74 7.15 6.57 5.91 5.77 6.86 5.91 5.04 0.00 0.00 0.00 0.00 0.00 0.00 0.00 0.00 0.00 0.00 0.00 0.00 0.00 0.00 0.00 0.00 0.00 0.00 0.00 0.00 0.00 0.00 0.00 2.48 1.68 0.00 0.00 0.00 3.80 0.00 0.00 0.00 0.00 0.00 0.00 0.00 0.00 0.00 0.00 0.00 0.00 0.00 0.00 0.00 2.34 0.00 0.00 0.00 0.00 0.00 0.00 0.00 0.00 0.00 0.00 0.00 5.55 7.66 7.01 1.25 1.25 2.29 3.25 2.92 1.17 0.80
12.63 12.41 15.55 15.33 15.70 16.86 12.05 8.32 5.55 4.60 0.00 4.38 3.65 5.62 0.00 0.00 4.82 6.35 0.00 0.00 0.00 0.00 4.16 0.00 0.00 0.00 5.55 4.89 0.00 0.00 0.00 0.00 0.00 0.00 0.00 0.00 0.00 0.00 0.00 0.00 0.00 0.00 0.00 0.00 0.00 0.00 0.00 0.00 0.00 0.00 0.00 0.00 0.00 0.00 0.00 0.00 0.00 0.00 0.00 0.00 0.00 3.43 2.63 1.90 0.00 0.00 0.00 0.00 0.00 0.00 0.00 0.00 0.00 5.55 9.49 8.54 3.65 4.02 2.85 0.00 1.39 0.00 0.00
12.56 12.70 15.70 14.16 12.34 10.37 8.54 7.15 6.13 5.26 0.00 4.38 0.00 5.91 5.40 0.00 5.40 0.00 0.00 0.00 0.00 5.69 4.60 5.33 4.67 4.31 4.53 4.02 0.00 0.00 0.00 0.00 0.00 0.00 0.00 0.00 3.29 0.00 0.00 0.00 0.00 0.00 0.00 0.00 0.00 0.00 0.00 0.00 0.00 0.00 0.00 0.00 0.00 0.00 0.00 0.00 0.00 0.00 0.80 0.00 0.00 4.67 3.50 3.50 2.85 0.73 0.00 0.37 1.97 1.97 2.12 0.00 3.14 4.09 8.18 10.07 7.37 4.67 0.00 0.00 4.53 4.02 0.00
7.96 8.61 9.05 9.56 9.64 5.48 0.00 0.00 0.00 0.00 5.84 5.18 4.74 6.28 5.84 0.00 0.00 0.00 4.96 4.96 5.55 6.28 0.00 4.38 5.33 4.67 3.80 2.99 0.00 2.41 3.87 0.00 0.00 0.00 0.00 0.00 0.00 5.18 0.00 0.00 0.00 0.00 0.00 0.00 0.00 0.00 0.00 0.00 0.00 0.00 0.00 0.00 0.00 0.00 0.00 0.00 0.00 0.00 0.00 0.00 2.34 2.48 3.14 2.63 1.68 1.02 1.68 1.39 1.46 1.46 2.92 4.74 3.50 3.58 6.13 6.06 4.45 3.14 2.99 0.00 6.13 5.84 5.91
6.57 6.28 5.11 0.00 0.00 0.00 0.00 0.00 0.00 0.00 4.74 6.50 5.84 5.18 0.00 0.00 0.00 4.31 4.67 4.67 5.48 5.62 4.38 3.65 3.87 0.00 0.00 2.56 4.02 4.09 0.00 0.00 0.00 6.72 0.00 3.72 0.00 0.00 4.38 2.77 0.00 0.00 0.00 0.00 0.00 0.00 0.00 0.00 0.00 0.00 0.00 0.00 0.00 0.00 0.00 0.66 2.26 0.66 0.44 0.37 1.17 2.27 2.91 2.11 1.75 3.50 5.84 5.40 2.48 2.48 5.99 7.52 4.82 2.19 2.04 1.68 1.24 3.07 4.38 3.87 4.96 5.04 6.13
5.18 3.50 3.21 4.09 4.82 4.02 3.80 4.31 4.38 6.13 5.48 4.16 0.00 0.00 7.81 6.86 5.26 8.40 7.01 7.01 7.81 6.35 4.53 4.53 4.67 3.80 5.48 4.67 0.00 0.00 0.00 3.43 2.99 3.94 4.53 3.50 0.00 0.00 0.00 4.23 7.96 6.57 2.19 0.00 0.00 0.00 0.00 0.00 0.00 0.00 0.00 0.00 0.00 0.00 1.53 4.89 6.94 5.99 4.96 4.82 2.56 2.04 3.65 6.70 8.54 9.13 10.37 10.51 7.37 7.37 6.06 5.99 7.23 6.86 5.18 2.56 2.26 2.26 2.26 5.55 5.69 4.45 3.07
2.56 0.00 0.00 0.00 0.00 5.26 5.99 5.33 5.33 8.10 6.64 5.33 9.27 7.88 5.91 7.74 8.91 12.56 14.89 14.89 15.91 13.21 8.47 5.77 3.72 4.89 5.99 5.62 0.00 0.00 0.00 3.58 0.00 0.00 6.20 5.04 0.00 0.00 0.00 6.42 8.69 8.25 4.45 0.00 0.00 0.00 0.00 0.00 2.63 0.00 0.00 0.00 0.00 2.12 1.17 2.41 2.70 3.65 4.96 7.96 7.23 6.13 9.13 9.93 8.54 8.00 11.90 9.56 5.26 5.26 4.82 5.33 7.88 5.77 4.60 3.87 3.14 2.92 2.19 4.38 4.74 6.72 4.45
0.00 0.00 3.36 0.00 0.00 0.00 0.00 5.40 4.38 4.53 5.04 6.20 7.45 8.10 7.30 11.10 14.31 16.21 20.88 20.88 24.53 20.08 12.41 11.39 7.15 6.20 9.27 6.57 5.04 5.62 5.99 6.86 5.77 3.43 3.29 0.00 0.00 0.00 0.00 0.00 0.00 0.00 0.00 0.00 0.00 0.00 1.53 3.14 4.02 0.00 0.00 0.00 0.00 0.00 1.46 2.48 2.19 2.77 3.29 5.11 8.25 9.64 12.19 12.19 8.76 9.88 13.67 11.75 5.40 5.40 2.48 4.16 5.77 6.57 6.35 5.33 5.04 3.87 3.58 3.94 4.60 4.96 2.77
4.96 5.62 4.09 0.00 0.00 0.00 0.00 3.14 0.00 0.00 0.00 6.79 8.54 7.37 7.08 10.95 16.50 21.02 24.24 24.24 30.15 25.55 18.47 12.41 11.90 14.45 14.53 12.41 7.23 6.42 5.40 0.00 6.06 5.62 6.20 6.72 6.50 0.00 0.00 0.00 0.00 0.00 0.00 4.74 4.74 4.82 3.50 6.94 6.42 0.00 0.00 0.00 0.00 0.00 3.50 3.94 2.63 0.95 1.31 3.63 4.65 5.99 8.76 12.44 15.99 15.04 15.73 17.44 14.09 14.09 7.66 5.91 7.45 8.76 10.66 8.40 6.13 4.96 3.87 6.20 4.82 4.99 4.29
1.83 3.87 0.00 2.48 0.00 0.00 0.00 0.00 0.00 0.00 2.56 0.00 0.00 0.00 4.89 7.15 16.64 19.35 23.29 23.29 21.61 15.33 11.90 12.85 17.74 20.73 17.01 9.20 6.86 4.89 3.87 3.14 3.36 3.80 5.04 4.96 0.00 0.00 5.48 0.00 0.00 4.16 0.00 0.00 0.00 2.56 4.82 5.84 3.65 0.00 3.29 3.07 0.00 5.69 5.91 4.09 3.87 1.53 1.24 2.34 1.24 1.66 3.14 7.52 14.60 20.08 16.06 15.16 14.28 13.83 11.81 11.75 10.29 10.51 11.02 8.98 6.86 5.99 4.31 7.11 6.27 3.58 4.53
3.50 2.63 1.75 2.77 0.00 0.00 0.00 0.00 0.00 2.63 2.77 0.00 0.00 0.00 0.00 5.77 10.95 10.73 10.59 10.59 7.81 6.64 5.99 7.01 8.76 10.44 8.69 5.84 4.89 4.02 3.50 3.80 3.94 4.45 3.43 4.60 4.53 0.00 0.00 0.00 0.00 0.00 0.00 0.00 0.00 1.46 1.97 1.02 0.00 0.00 2.48 2.77 3.87 7.96 7.81 9.34 9.71 7.45 4.09 2.58 2.29 2.41 2.41 2.91 6.84 13.84 17.13 17.16 13.80 13.87 10.15 8.95 11.39 12.92 11.02 7.41 6.57 5.26 7.59 7.85 6.83 3.17 3.87
0.00 1.75 2.19 0.00 0.00 0.00 0.00 3.29 5.18 5.91 5.84 0.00 0.00 4.38 5.69 0.00 0.00 0.00 4.31 4.31 5.55 4.60 0.00 0.00 2.26 0.00 3.36 0.00 0.00 2.41 2.41 3.21 0.00 0.00 0.00 4.53 4.89 0.00 0.00 0.00 0.00 0.00 0.00 0.00 0.00 0.00 0.80 0.00 0.00 0.00 2.56 1.90 2.56 6.28 11.24 18.47 22.85 20.29 16.13 8.32 5.54 6.19 4.89 4.02 4.84 10.02 11.19 13.63 12.26 12.26 7.72 9.79 15.29 15.70 10.45 7.70 7.30 8.10 6.89 6.70 6.11 5.60 4.59
0.00 2.41 1.68 0.95 0.00 0.00 0.00 3.29 0.00 0.00 0.00 0.00 0.00 0.00 0.00 4.74 3.65 2.48 3.14 3.14 3.50 3.94 0.00 0.00 0.00 0.00 0.00 0.00 0.00 0.00 0.00 0.00 0.00 0.00 0.00 0.00 0.00 0.00 0.00 0.00 0.00 0.00 0.00 0.00 0.00 0.00 0.29 1.10 0.00 1.97 3.58 2.92 1.46 4.60 11.10 18.10 21.83 26.95 25.40 21.83 16.50 8.69 5.55 4.23 6.84 12.13 13.18 9.83 7.08 7.08 6.49 6.92 10.89 13.56 12.62 8.97 7.85 7.52 5.85 5.18 3.31 5.20 5.18
4.96 0.00 0.00 0.58 0.00 1.90 0.00 0.00 0.00 0.00 4.60 0.00 0.00 0.00 0.00 3.21 6.35 4.09 0.00 0.00 3.50 3.94 4.02 2.19 0.00 0.00 0.00 0.00 0.00 0.00 0.00 0.00 0.00 0.00 0.00 0.00 0.00 0.00 0.00 0.00 0.00 0.00 0.00 0.00 0.00 1.24 0.88 2.92 0.00 0.15 4.23 2.70 2.41 5.21 8.20 12.08 17.94 19.79 24.31 29.71 28.03 16.43 9.32 6.84 5.81 10.75 16.86 15.06 9.20 9.24 6.14 4.28 3.57 5.89 7.87 10.74 7.74 5.88 5.67 4.37 4.20 5.30 7.38
0.00 0.00 4.60 3.72 0.00 0.00 0.00 2.99 0.00 0.00 0.00 0.00 0.00 0.00 0.00 0.00 0.00 2.85 1.97 1.97 2.56 2.99 0.00 6.20 5.55 0.00 0.00 0.00 0.00 0.00 0.00 0.00 0.00 0.00 0.00 0.00 0.00 0.00 0.00 0.00 0.00 0.00 0.00 0.00 0.00 2.26 2.19 2.12 0.29 2.26 4.31 7.23 6.57 7.45 6.50 11.70 18.81 19.68 23.80 22.97 25.81 22.23 14.67 11.13 7.77 9.76 12.21 11.75 6.16 6.16 4.20 3.61 1.38 1.16 4.65 5.65 7.41 4.84 5.27 3.59 2.38 5.10 5.90
5.55 3.80 4.16 6.35 5.18 4.09 4.96 4.02 4.45 0.00 0.00 0.00 0.00 0.00 0.00 0.00 0.00 0.00 0.00 0.00 0.00 0.00 0.00 8.76 8.10 0.00 0.00 0.00 0.00 0.00 0.00 0.00 0.00 0.00 0.00 0.00 0.00 0.00 0.00 0.00 0.00 0.00 1.10 2.26 2.26 1.83 1.24 1.83 2.70 6.94 12.63 13.80 11.39 9.71 8.73 11.40 14.84 13.55 16.97 18.61 22.54 26.44 23.04 15.20 8.03 5.33 8.66 7.30 3.11 3.07 3.26 2.00 0.63 3.36 5.08 4.53 4.92 2.82 3.73 4.39 2.73 4.97 7.07
12.05 6.42 3.07 5.62 8.25 8.54 8.98 8.61 6.13 5.48 5.18 0.00 0.00 0.00 0.00 0.00 0.00 0.00 0.00 0.00 0.00 0.00 0.00 0.00 0.00 0.00 0.00 0.00 0.00 0.00 0.00 0.00 0.00 0.00 0.00 0.00 0.00 0.00 0.00 0.00 0.00 0.00 4.02 2.34 2.34 2.63 1.97 4.38 5.40 12.34 14.45 15.35 14.30 17.35 21.42 18.19 15.19 14.02 14.53 17.09 20.56 23.33 26.43 24.31 13.58 6.15 5.32 6.52 4.44 4.33 3.58 2.41 0.66 1.25 4.49 4.40 4.53 0.61 2.10 4.02 2.76 3.04 4.71
18.98 11.61 0.00 7.08 6.28 20.66 26.13 20.22 10.51 10.44 7.66 6.64 5.99 0.00 0.00 0.00 0.00 1.75 0.00 0.00 1.02 0.00 0.00 0.00 1.17 0.00 2.99 2.19 1.90 2.56 3.14 3.36 0.00 0.00 0.66 0.58 0.00 0.00 0.00 0.00 0.00 0.44 2.99 3.36 3.36 6.20 6.50 10.66 12.78 11.97 16.06 19.42 18.29 16.58 15.78 14.90 17.77 20.88 26.01 26.46 27.44 23.18 13.01 13.66 13.62 9.27 5.43 2.23 1.20 1.18 1.90 0.00 0.00 2.97 3.83 6.06 3.58 2.19 0.91 0.00 0.79 1.98 3.19
9.86 14.53 14.45 17.96 19.05 22.85 26.13 12.19 0.00 0.00 0.00 6.06 5.55 0.00 0.00 0.00 3.58 2.85 2.26 2.26 0.00 0.00 4.67 0.00 1.75 0.00 2.99 3.50 3.87 2.99 2.34 2.56 1.68 1.10 1.90 1.90 0.00 2.77 6.57 1.31 0.00 0.22 2.48 5.40 5.40 7.30 12.78 12.85 10.73 10.24 14.07 20.55 16.97 14.37 11.54 12.11 9.70 13.36 13.02 19.79 22.69 22.86 15.36 10.55 8.43 8.18 6.13 2.49 0.70 0.68 2.92 0.00 0.00 0.00 0.36 3.18 2.77 3.69 1.50 0.99 0.00 0.00 2.64
9.20 16.43 17.23 14.75 9.56 14.60 17.67 14.45 0.00 0.00 0.00 4.53 0.00 0.00 0.00 0.00 0.00 0.00 0.00 0.00 2.26 0.00 0.00 0.00 2.56 1.75 1.24 0.29 1.39 2.56 4.09 2.04 1.83 0.66 1.75 1.75 2.34 6.64 5.18 0.00 0.00 0.00 0.88 1.83 1.83 5.69 11.61 10.73 7.59 7.46 9.39 8.86 10.88 14.60 16.59 13.68 8.07 5.56 7.86 12.30 19.32 24.80 24.58 15.33 5.40 1.97 2.23 4.32 2.35 2.61 0.00 0.00 2.99 0.98 2.35 3.97 2.88 3.72 2.77 2.36 0.00 0.00 1.36
5.62 12.85 13.21 16.13 2.41 4.89 12.99 14.53 6.75 0.00 0.00 0.00 0.00 0.00 3.72 0.00 0.00 0.00 0.00 0.00 0.00 0.00 0.00 0.00 0.00 1.24 0.37 0.00 0.80 2.48 3.21 2.04 0.80 0.00 0.15 1.53 3.21 2.56 0.00 0.00 0.00 0.00 0.51 1.17 1.17 4.53 5.55 7.23 8.00 8.03 5.79 5.92 9.92 13.91 16.84 11.68 8.58 5.31 7.09 8.88 12.80 18.04 23.15 17.09 11.46 5.11 0.00 2.17 2.67 2.57 0.00 0.00 0.00 1.59 2.92 2.45 1.20 2.45 1.99 2.09 1.63 0.00 1.66
0.00 1.46 2.77 6.42 0.00 3.94 9.42 12.05 9.42 8.91 5.99 6.42 0.00 0.00 0.00 0.00 0.00 0.00 0.00 0.00 0.00 0.00 0.00 1.24 1.17 1.61 1.68 0.00 1.02 3.07 2.12 0.66 0.00 0.00 0.00 1.24 1.02 0.22 0.00 0.00 0.00 0.15 1.39 2.70 2.70 5.11 4.45 6.72 7.96 7.23 7.30 12.60 12.69 14.52 11.16 12.06 9.86 7.46 4.97 12.22 15.70 14.60 16.84 18.09 19.91 15.92 7.00 2.54 4.21 4.23 1.37 0.00 0.00 0.00 1.07 0.48 0.93 4.25 3.01 2.43 1.04 0.16 2.23
0.00 0.00 0.00 0.00 0.00 0.00 10.95 12.92 11.75 10.80 9.05 11.02 0.00 0.00 0.00 0.00 0.00 0.00 0.00 0.00 0.00 3.58 2.26 0.00 0.00 0.00 0.51 0.22 0.00 0.15 0.80 0.66 1.39 1.32 0.66 0.07 0.00 0.51 0.00 0.00 0.00 0.51 1.31 1.31 1.31 1.17 1.17 6.46 4.31 5.78 6.55 10.70 14.95 16.07 11.99 10.81 10.49 0.00 0.00 8.95 14.95 16.47 16.42 18.96 19.94 18.04 13.41 4.23 1.41 1.65 2.94 0.00 3.01 0.27 0.44 0.00 1.33 3.89 3.94 3.18 1.91 0.00 3.07
0.00 0.00 0.00 0.00 0.00 0.00 8.03 11.17 8.83 11.68 11.53 13.51 2.56 8.03 6.13 4.31 0.00 0.00 0.00 0.00 0.00 1.97 2.41 0.00 0.00 1.10 0.00 0.00 0.00 0.00 0.00 0.95 1.02 1.75 1.46 0.00 0.00 0.00 0.00 0.00 0.00 0.00 0.00 0.00 0.00 0.44 0.80 1.32 0.61 2.35 0.56 3.75 4.87 7.97 12.62 0.00 0.00 0.00 0.00 0.00 15.68 19.62 15.74 17.81 21.38 16.75 15.01 11.77 2.46 2.75 2.92 3.51 3.39 0.00 0.00 0.00 2.34 2.16 2.63 3.49 2.10 0.00 3.53
0.00 0.00 0.00 0.00 0.00 0.00 0.00 7.15 8.25 11.83 13.21 10.73 6.42 11.46 11.68 10.59 9.63 5.90 0.00 0.00 0.00 3.58 2.63 0.00 0.00 0.00 0.00 0.00 0.00 0.00 1.31 0.00 0.00 0.80 0.73 0.00 0.44 4.60 0.00 0.00 0.00 0.00 0.00 0.00 0.00 0.00 1.61 1.02 1.50 3.06 4.87 6.66 9.79 10.86 0.00 0.00 0.00 0.00 0.00 0.00 0.00 19.16 21.37 12.50 17.95 21.39 16.48 17.17 8.26 8.43 6.84 6.18 2.55 0.00 0.00 0.00 0.00 2.75 1.46 0.19 1.88 0.00 0.00
0.00 0.00 0.00 0.00 0.00 0.00 0.00 0.00 5.77 11.17 7.81 3.87 9.05 8.98 9.64 7.88 8.95 6.57 6.29 5.87 0.00 0.00 0.00 0.00 0.00 0.00 0.00 0.00 0.00 0.00 0.00 0.00 0.00 0.00 0.00 0.00 1.53 0.00 0.00 0.00 0.00 0.00 0.00 0.00 0.00 2.26 1.97 1.39 3.24 10.93 13.54 17.60 0.00 0.00 0.00 0.00 0.00 0.00 0.00 0.00 0.00 0.00 0.00 15.15 9.91 16.86 19.50 17.46 12.26 14.98 8.52 4.31 3.54 0.00 1.75 0.00 0.00 3.35 2.81 0.00 0.00 0.00 0.00
0.00 0.00 0.00 0.00 0.00 0.00 0.00 0.00 0.00 0.00 0.00 0.00 0.00 0.00 0.00 0.00 0.00 0.51 4.74 4.81 9.64 8.32 9.05 9.49 8.32 4.16 2.04 3.43 0.00 0.00 0.00 0.00 0.00 0.00 0.00 4.74 9.64 9.42 7.81 7.37 9.17 13.55 12.90 14.60 14.60 12.34 5.55 3.58 5.43 6.63 0.00 0.00 0.00 0.00 0.00 0.00 0.00 0.00 0.00 0.00 0.00 0.00 0.00 0.00 0.00 0.00 19.32 16.01 14.82 16.57 0.00 0.00 0.00 0.00 0.00 0.00 0.00 0.00 0.00 0.00 0.00 0.00 0.00
0.00 0.00 0.00 0.00 0.00 0.00 0.00 0.00 0.00 0.00 0.00 0.00 0.00 0.00 0.00 0.00 0.00 0.00 0.51 0.51 1.02 4.68 6.73 7.96 9.93 8.69 2.95 3.37 9.27 10.88 6.35 5.99 6.13 5.99 4.38 5.26 9.78 16.06 13.80 15.55 11.39 13.43 19.64 20.37 22.76 16.79 10.22 8.98 13.18 0.00 0.00 0.00 0.00 0.00 0.00 0.00 0.00 0.00 0.00 0.00 0.00 0.00 0.00 0.00 0.00 0.00 0.00 0.00 0.00 0.00 0.00 0.00 0.00 0.00 0.00 0.00 0.00 0.00 0.00 0.00 0.00 0.00 0.00
0.00 0.00 0.00 0.00 0.00 0.00 0.00 0.00 0.00 0.00 0.00 0.00 0.00 0.00 0.00 0.00 0.00 0.00 0.00 0.00 0.00 0.00 1.90 6.42 7.08 8.10 1.03 2.16 9.05 12.56 8.10 6.79 6.94 6.37 4.60 2.99 4.31 6.28 13.43 12.34 7.37 4.28 8.61 10.82 13.74 16.93 12.68 7.90 0.00 0.00 0.00 0.00 0.00 0.00 0.00 0.00 0.00 0.00 0.00 0.00 0.00 0.00 0.00 0.00 0.00 0.00 0.00 0.00 0.00 0.00 0.00 0.00 0.00 0.00 0.00 0.00 0.00 0.00 0.00 0.00 0.00 0.00 0.00
0.00 0.00 0.00 0.00 0.00 0.00 0.00 0.00 0.00 0.00 0.00 0.00 0.00 0.00 0.00 0.00 0.00 0.00 0.00 0.00 0.00 0.00 0.00 1.31 3.50 2.77 0.00 1.24 3.07 7.74 3.36 0.51 6.10 5.45 0.00 0.00 0.00 0.00 0.00 0.00 0.00 0.00 0.00 0.00 0.00 0.00 0.00 0.00 0.00 0.00 0.00 0.00 0.00 0.00 0.00 0.00 0.00 0.00 0.00 0.00 0.00 0.00 0.00 0.00 0.00 0.00 0.00 0.00 0.00 0.00 0.00 0.00 0.00 0.00 0.00 0.00 0.00 0.00 0.00 0.00 0.00 0.00 0.00
