Wansh/Snow_depth/snowdepth-1981/winter/1982035.txt
ncols 321
nrows 161
xllcenter 60
yllcenter 15 
cellsize  0.25 
NODATA_value -1
[rows 0 to 36 of 161, columns 83 to 165 of 321]
23.94 23.36 23.87 24.31 22.48 22.34 18.47 15.18 13.72 16.06 20.22 21.53 22.78 24.16 25.33 25.62 27.01 27.96 29.78 29.78 29.05 27.45 24.60 13.14 13.65 9.86 9.13 8.18 8.03 8.69 10.44 12.63 17.52 21.46 23.94 24.67 24.67 24.60 25.40 26.13 24.67 20.95 18.91 16.35 16.35 10.59 9.56 9.05 9.27 11.83 16.13 19.49 19.49 17.01 17.16 19.56 21.83 20.59 18.98 19.20 11.17 6.79 7.15 6.20 5.77 7.08 6.64 6.86 8.18 8.18 10.00 13.65 14.75 14.67 14.75 12.05 13.80 16.57 16.64 18.61 17.23 14.24 11.46
23.58 22.56 21.17 21.24 19.20 15.62 15.18 12.99 13.72 16.64 18.91 19.20 17.45 15.48 16.86 15.84 17.16 22.27 24.97 24.97 24.75 26.50 28.84 25.04 18.32 10.51 7.88 6.57 7.66 6.94 8.69 11.53 14.75 17.89 16.79 16.06 17.45 18.40 18.03 16.86 20.15 21.97 23.21 19.27 19.27 12.56 10.29 9.05 9.49 10.37 10.80 10.59 11.90 12.56 12.99 12.92 14.53 15.04 13.80 12.12 9.71 10.37 11.10 9.86 9.05 9.56 9.49 9.71 11.24 11.24 13.43 13.43 13.72 13.36 15.04 16.43 18.18 17.89 18.54 20.44 18.18 17.67 16.57
20.73 20.37 19.13 17.74 14.38 13.72 15.33 16.64 19.27 21.97 24.38 25.19 24.09 21.46 19.27 15.70 12.85 14.24 15.26 15.26 18.91 24.09 23.36 27.01 23.14 16.21 10.95 7.30 5.55 6.94 7.37 8.76 11.97 13.87 16.13 16.64 17.08 19.56 22.27 22.19 22.63 23.07 22.41 24.09 24.09 25.99 25.62 22.19 13.36 9.64 9.05 8.32 7.66 7.52 8.03 10.73 13.07 15.18 15.70 16.57 17.59 16.21 16.86 15.48 14.45 14.82 15.70 17.16 17.52 17.52 18.32 16.50 14.38 13.94 15.18 18.18 18.76 17.74 17.96 17.67 18.98 18.83 20.08
20.73 20.37 19.13 17.74 14.38 13.72 15.33 16.64 19.27 21.97 24.38 25.19 24.09 21.46 19.27 15.70 12.85 14.24 15.26 15.26 18.91 24.09 23.36 27.01 23.14 16.21 10.95 7.30 5.55 6.94 7.37 8.76 11.97 13.87 16.13 16.64 17.08 19.56 22.27 22.19 22.63 23.07 22.41 24.09 24.09 25.99 25.62 22.19 13.36 9.64 9.05 8.32 7.66 7.52 8.03 10.73 13.07 15.18 15.70 16.57 17.59 16.21 16.86 15.48 14.45 14.82 15.70 17.16 17.52 17.52 18.32 16.50 14.38 13.94 15.18 18.18 18.76 17.74 17.96 17.67 18.98 18.83 20.08
19.42 18.03 15.48 16.43 16.86 17.37 17.52 17.67 18.47 19.78 22.12 22.19 21.90 23.29 21.83 21.32 20.37 14.75 11.61 11.61 12.63 12.78 16.64 20.88 22.70 22.92 16.06 11.10 7.08 6.79 6.42 6.94 8.32 11.24 17.37 25.70 25.26 24.24 26.21 26.06 22.63 19.78 20.29 22.92 22.92 26.57 30.00 29.05 22.92 16.43 12.41 10.44 8.61 7.81 8.03 7.01 9.49 9.05 11.90 14.89 16.28 16.35 17.01 15.77 16.21 19.35 20.37 20.44 20.08 20.08 19.71 18.18 16.86 15.40 13.80 16.43 19.71 22.05 21.17 19.05 17.16 16.72 17.74
19.56 19.49 18.61 19.64 19.20 16.28 13.07 12.05 12.12 13.94 15.55 17.16 20.44 23.14 22.41 21.61 20.95 21.68 14.53 14.53 10.07 9.86 10.00 13.36 18.10 19.56 16.28 11.24 9.42 7.88 6.42 5.26 6.06 9.49 14.02 17.59 19.20 16.72 14.67 14.02 14.75 14.31 16.35 21.53 21.53 23.94 26.57 29.93 28.98 21.53 13.07 9.27 9.05 8.32 7.30 6.79 6.13 6.57 8.76 10.44 12.63 15.40 18.10 20.44 20.37 20.00 18.91 17.01 16.86 16.86 16.35 16.72 19.20 17.30 16.21 14.89 13.94 13.94 13.14 14.45 16.35 18.18 19.35
20.88 19.42 17.59 16.06 16.35 14.53 13.58 12.85 13.58 16.06 15.33 15.33 16.64 18.61 19.64 19.05 18.76 19.13 19.86 19.86 19.56 17.01 13.14 10.88 13.14 14.45 11.83 9.86 9.13 7.23 5.84 6.20 7.30 9.42 11.83 14.09 17.45 15.40 11.90 11.61 13.43 16.06 17.74 19.64 19.64 22.48 23.43 26.21 25.04 18.61 11.02 7.88 7.74 7.30 7.37 6.86 9.64 12.92 14.67 15.91 15.55 18.40 21.90 25.33 23.51 21.02 20.37 18.54 18.03 18.03 17.01 17.67 19.78 20.66 20.88 18.61 17.52 15.26 14.60 12.12 13.65 17.30 21.90
20.88 19.42 17.59 16.06 16.35 14.53 13.58 12.85 13.58 16.06 15.33 15.33 16.64 18.61 19.64 19.05 18.76 19.13 19.86 19.86 19.56 17.01 13.14 10.88 13.14 14.45 11.83 9.86 9.13 7.23 5.84 6.20 7.30 9.42 11.83 14.09 17.45 15.40 11.90 11.61 13.43 16.06 17.74 19.64 19.64 22.48 23.43 26.21 25.04 18.61 11.02 7.88 7.74 7.30 7.37 6.86 9.64 12.92 14.67 15.91 15.55 18.40 21.90 25.33 23.51 21.02 20.37 18.54 18.03 18.03 17.01 17.67 19.78 20.66 20.88 18.61 17.52 15.26 14.60 12.12 13.65 17.30 21.90
19.13 17.59 15.99 14.53 14.31 14.53 14.82 14.97 14.97 16.06 17.16 15.99 13.21 14.24 16.94 19.27 19.49 16.79 14.31 14.31 16.79 18.32 17.16 13.80 12.05 12.34 11.90 9.71 10.15 10.29 9.27 8.25 8.69 10.95 14.53 18.69 18.83 15.99 12.19 13.14 12.99 12.78 14.16 17.45 17.45 18.61 19.20 17.81 14.82 12.85 8.18 6.50 7.81 7.37 7.23 9.49 12.19 13.58 14.24 14.60 16.43 19.05 20.51 20.37 20.22 20.51 24.16 21.02 19.20 19.20 18.54 19.64 20.88 21.10 20.37 20.15 18.18 16.43 16.57 17.59 17.30 15.48 15.99
16.06 14.60 13.58 15.48 17.23 19.05 17.74 16.72 16.94 14.09 12.99 12.12 12.19 12.48 13.94 16.13 16.79 14.82 14.31 14.31 15.48 17.59 16.50 14.38 10.07 9.49 7.96 8.91 9.05 10.37 11.24 10.07 9.86 11.46 14.75 20.00 19.05 17.16 14.60 12.34 12.48 11.90 11.68 9.05 9.05 8.83 10.00 10.00 9.05 10.22 11.02 12.63 15.84 11.75 16.21 17.16 16.43 16.94 16.64 15.91 16.21 16.50 16.94 15.62 16.28 18.47 19.05 18.98 17.30 17.30 16.43 18.18 19.05 19.20 16.50 14.53 14.16 19.78 22.27 24.38 20.66 17.01 15.48
17.67 13.94 12.70 14.97 17.16 17.08 13.80 12.05 10.95 8.32 6.94 9.49 11.32 11.75 12.70 10.07 10.07 10.95 12.26 12.26 14.31 15.62 14.16 10.15 8.03 8.18 8.91 9.49 9.64 8.47 9.27 9.20 9.71 10.37 11.68 14.82 17.59 18.18 15.18 11.24 10.00 9.86 10.37 10.88 10.88 10.22 9.86 10.15 12.78 15.26 16.13 16.13 16.21 19.13 17.67 16.35 17.45 18.98 19.27 17.45 16.86 19.27 19.42 17.67 17.45 18.40 20.51 24.09 28.11 28.11 25.26 23.29 22.41 22.78 21.02 17.67 17.81 20.66 24.09 23.58 20.15 16.79 16.43
17.67 13.94 12.70 14.97 17.16 17.08 13.80 12.05 10.95 8.32 6.94 9.49 11.32 11.75 12.70 10.07 10.07 10.95 12.26 12.26 14.31 15.62 14.16 10.15 8.03 8.18 8.91 9.49 9.64 8.47 9.27 9.20 9.71 10.37 11.68 14.82 17.59 18.18 15.18 11.24 10.00 9.86 10.37 10.88 10.88 10.22 9.86 10.15 12.78 15.26 16.13 16.13 16.21 19.13 17.67 16.35 17.45 18.98 19.27 17.45 16.86 19.27 19.42 17.67 17.45 18.40 20.51 24.09 28.11 28.11 25.26 23.29 22.41 22.78 21.02 17.67 17.81 20.66 24.09 23.58 20.15 16.79 16.43
13.07 13.29 14.60 13.65 11.83 10.51 9.34 7.88 8.83 8.83 8.98 9.42 11.10 11.53 12.05 11.83 11.75 12.78 12.78 12.78 13.87 13.29 11.39 9.27 8.18 8.40 8.47 8.18 7.74 7.66 8.61 8.54 9.20 11.32 12.26 14.60 17.08 17.89 15.48 13.80 13.80 14.45 15.04 14.53 14.53 14.53 14.02 14.45 18.40 20.73 23.51 21.97 27.81 26.06 21.10 18.25 18.91 23.58 26.50 27.81 21.46 19.71 20.37 20.00 19.64 19.56 19.71 21.61 24.24 24.24 25.62 25.04 23.14 24.38 23.51 23.43 23.94 23.73 26.35 24.75 20.37 20.66 20.88
13.65 14.45 14.02 11.39 9.20 7.45 6.64 9.49 11.61 10.80 9.93 9.05 11.32 12.56 13.29 11.39 12.26 13.21 13.87 13.87 14.31 12.92 11.17 9.78 8.69 7.88 8.03 9.93 9.93 10.15 12.34 15.70 17.67 18.47 18.61 20.15 22.48 23.51 21.24 19.42 19.93 20.15 17.52 18.54 18.54 16.94 17.45 18.25 22.48 21.97 23.14 25.48 24.02 24.89 24.89 22.63 22.12 21.53 21.97 20.66 18.91 20.08 23.07 24.45 24.38 23.29 20.88 22.48 24.09 24.09 28.03 27.96 27.38 26.79 25.11 24.31 24.31 22.27 24.60 22.12 20.00 18.03 16.72
14.24 13.65 9.34 8.47 8.61 9.05 10.07 10.44 12.41 13.43 13.14 11.53 10.66 12.70 15.11 15.62 16.06 16.21 15.48 15.48 14.02 13.43 12.99 11.17 11.68 10.66 11.17 13.80 15.04 16.21 18.98 24.45 28.84 27.52 23.80 20.66 19.93 18.69 16.86 14.38 13.58 12.70 13.80 14.60 14.60 13.58 14.60 17.08 18.10 18.83 19.93 25.11 25.92 28.40 29.93 31.97 30.22 26.94 22.92 17.37 15.40 16.72 19.56 22.12 24.24 24.60 23.80 21.97 21.24 21.24 24.60 25.99 27.16 26.28 22.92 20.73 19.71 13.51 7.15 4.16 11.61 15.48 15.40
12.05 12.05 11.39 11.46 13.21 14.67 10.80 9.56 12.19 12.48 12.05 12.34 13.80 15.91 15.18 15.77 18.40 18.76 17.52 17.52 16.50 13.36 13.51 17.89 17.52 17.01 16.28 15.40 17.30 22.85 25.62 28.98 29.42 24.67 17.08 13.21 9.42 7.30 7.45 7.74 9.20 10.44 13.29 14.02 14.02 15.33 14.75 18.03 18.47 17.23 22.48 23.43 22.27 25.70 31.83 35.84 35.62 31.83 25.11 18.98 13.94 13.87 15.55 15.77 16.86 18.98 22.12 23.21 22.56 22.56 24.09 24.82 25.33 24.60 18.25 17.81 17.89 12.99 0.00 0.00 12.85 18.98 17.08
12.05 12.05 11.39 11.46 13.21 14.67 10.80 9.56 12.19 12.48 12.05 12.34 13.80 15.91 15.18 15.77 18.40 18.76 17.52 17.52 16.50 13.36 13.51 17.89 17.52 17.01 16.28 15.40 17.30 22.85 25.62 28.98 29.42 24.67 17.08 13.21 9.42 7.30 7.45 7.74 9.20 10.44 13.29 14.02 14.02 15.33 14.75 18.03 18.47 17.23 22.48 23.43 22.27 25.70 31.83 35.84 35.62 31.83 25.11 18.98 13.94 13.87 15.55 15.77 16.86 18.98 22.12 23.21 22.56 22.56 24.09 24.82 25.33 24.60 18.25 17.81 17.89 12.99 0.00 0.00 12.85 18.98 17.08
11.10 10.37 9.78 10.88 14.67 17.45 12.26 6.13 6.86 7.66 9.13 12.99 15.70 18.18 17.08 14.60 14.24 18.10 15.91 15.91 14.31 13.21 12.78 14.24 15.48 17.37 17.59 14.67 15.18 18.40 21.61 24.45 25.11 24.53 20.44 13.07 8.10 6.86 7.66 9.42 12.19 14.89 17.96 18.03 18.03 20.22 24.53 25.33 23.51 22.41 23.43 24.09 20.66 24.09 27.67 29.42 29.05 24.75 19.78 15.11 16.28 18.03 19.13 18.32 16.28 18.47 21.83 22.70 24.31 24.31 24.89 25.55 25.92 26.06 22.12 18.69 20.44 11.17 0.00 11.53 18.83 16.13 13.87
14.24 14.75 15.77 15.55 17.74 20.15 18.03 10.80 7.74 6.28 7.30 13.58 16.35 20.81 22.27 19.20 18.03 19.64 18.40 18.40 16.06 13.36 11.10 12.05 13.21 16.06 18.25 15.62 14.38 17.30 21.24 24.09 26.65 28.32 26.86 18.61 11.68 11.97 13.36 13.94 15.77 17.74 19.13 18.47 18.47 19.35 21.39 24.75 15.33 16.13 16.64 14.45 15.33 18.40 22.92 27.16 25.84 24.16 22.19 22.34 23.87 25.33 27.38 26.94 24.82 23.65 24.67 24.89 26.94 26.94 32.92 31.39 33.94 29.93 23.43 19.86 17.67 12.56 12.19 17.96 17.74 16.35 14.82
12.99 14.45 15.62 15.26 18.54 21.90 25.26 21.17 14.45 9.86 14.09 15.99 16.94 19.42 20.29 18.98 19.56 21.75 23.21 23.21 23.43 20.00 15.26 12.05 11.68 15.48 19.78 19.35 19.05 18.40 19.42 23.87 28.25 28.25 25.40 21.68 16.79 11.24 8.91 9.49 10.29 15.33 21.83 24.38 24.38 24.89 15.18 17.45 7.15 15.33 17.74 16.79 14.38 13.29 14.09 18.25 23.80 26.57 27.16 28.11 30.22 33.14 34.67 33.94 33.51 29.86 29.42 35.84 36.50 36.50 28.32 29.86 31.46 27.45 21.90 18.10 17.08 18.83 18.47 18.83 17.23 15.99 14.97
11.97 11.83 13.07 14.38 16.57 19.64 23.36 22.34 20.29 15.77 17.01 17.01 15.11 17.59 16.79 15.04 17.30 20.88 22.19 22.19 21.75 18.32 16.86 17.67 17.59 19.71 21.17 20.59 19.27 16.43 14.82 15.48 22.12 27.38 25.11 16.28 9.93 8.18 6.79 6.64 9.13 12.41 18.76 27.01 27.01 31.68 28.40 22.05 22.70 23.51 22.48 19.42 18.03 18.54 17.74 17.59 21.90 25.04 26.35 27.08 31.46 35.19 34.24 33.43 32.49 32.49 33.14 33.73 30.88 30.88 25.77 25.48 24.60 24.60 20.08 15.33 13.21 14.38 14.75 13.51 14.75 17.59 17.59
11.83 10.95 11.02 12.70 13.07 13.29 16.06 19.13 19.56 20.73 23.65 24.67 27.59 27.45 25.11 20.66 20.37 23.80 24.31 24.31 24.45 23.73 23.21 24.16 25.11 26.57 26.50 26.13 23.00 18.03 13.21 10.88 15.84 23.36 23.94 13.72 7.45 0.00 0.00 6.42 14.75 14.67 8.61 13.07 13.07 24.45 22.63 23.51 26.06 25.84 23.07 24.24 25.62 27.38 27.59 26.43 26.21 29.42 29.20 30.44 32.56 35.62 36.79 36.35 34.46 32.85 30.22 28.76 22.05 22.05 20.88 18.54 16.57 13.07 13.36 10.00 7.45 10.66 12.56 11.90 13.87 14.82 15.18
11.83 10.95 11.02 12.70 13.07 13.29 16.06 19.13 19.56 20.73 23.65 24.67 27.59 27.45 25.11 20.66 20.37 23.80 24.31 24.31 24.45 23.73 23.21 24.16 25.11 26.57 26.50 26.13 23.00 18.03 13.21 10.88 15.84 23.36 23.94 13.72 7.45 0.00 0.00 6.42 14.75 14.67 8.61 13.07 13.07 24.45 22.63 23.51 26.06 25.84 23.07 24.24 25.62 27.38 27.59 26.43 26.21 29.42 29.20 30.44 32.56 35.62 36.79 36.35 34.46 32.85 30.22 28.76 22.05 22.05 20.88 18.54 16.57 13.07 13.36 10.00 7.45 10.66 12.56 11.90 13.87 14.82 15.18
9.05 7.74 7.01 7.59 9.05 11.10 12.19 13.58 20.66 20.66 20.66 23.00 25.04 28.98 29.78 27.96 25.92 26.50 24.45 24.45 23.36 25.04 24.97 26.79 28.84 30.44 29.57 26.35 22.70 18.18 12.85 9.34 9.78 12.41 11.61 9.71 7.45 0.00 0.00 2.99 6.94 8.10 3.94 6.28 6.28 13.72 11.53 10.88 13.87 16.50 16.57 16.50 18.25 22.34 26.72 27.96 29.35 29.05 26.43 24.82 27.67 32.05 33.58 36.65 36.72 33.51 29.71 26.86 25.04 25.04 24.09 25.04 20.29 15.33 16.13 12.63 10.15 8.47 8.76 9.78 10.22 11.61 11.46
5.91 6.57 7.96 7.15 9.13 11.02 11.10 25.84 29.13 27.30 24.45 22.92 23.07 23.80 25.40 24.02 23.80 24.53 24.45 24.45 23.87 24.67 24.60 25.77 26.15 27.88 29.60 25.96 23.07 16.72 10.88 8.32 8.25 5.04 3.43 0.00 0.00 2.85 3.65 4.23 4.23 3.21 2.92 0.00 0.00 5.77 6.06 5.26 7.37 6.79 7.37 8.98 11.61 12.85 13.07 14.02 14.75 16.21 17.01 21.75 26.43 27.74 28.69 30.22 33.87 34.24 32.27 28.62 28.84 28.84 28.98 29.20 27.59 24.45 19.86 13.43 9.42 7.30 6.35 7.23 8.69 9.56 9.20
8.25 10.59 12.78 14.45 15.62 14.97 20.73 26.57 29.71 29.13 26.57 23.21 22.48 20.37 18.03 18.03 22.05 24.45 29.57 29.57 28.91 30.08 29.49 28.03 29.66 34.64 31.14 31.07 29.43 26.57 21.02 13.29 8.83 4.60 3.58 0.00 1.83 3.14 4.45 5.26 4.09 3.72 3.29 2.41 2.41 7.23 5.99 4.74 4.02 4.09 0.00 4.45 7.37 7.15 6.28 6.50 9.27 13.07 17.30 23.00 29.49 26.13 24.67 25.26 26.13 26.79 27.96 30.08 29.78 29.78 30.30 32.63 29.20 24.97 18.47 16.35 14.75 12.70 11.68 12.34 10.73 6.94 6.79
11.97 13.94 13.87 15.48 16.57 16.72 18.40 21.02 20.08 14.60 13.87 13.87 11.68 9.64 9.34 13.07 18.61 22.12 24.97 24.97 26.50 27.23 27.12 28.30 30.63 31.55 30.03 33.68 31.63 28.75 22.27 16.50 16.13 13.21 9.56 7.74 7.59 7.88 8.25 8.83 7.59 6.86 5.77 4.23 4.23 3.36 3.43 3.21 4.45 2.85 0.00 0.00 6.28 6.72 5.26 0.00 6.28 10.29 13.07 20.15 27.81 30.51 27.96 25.92 21.97 19.78 26.13 31.68 31.17 31.17 30.51 27.16 27.23 27.74 25.04 22.19 19.71 17.01 14.60 14.75 11.17 7.66 6.86
13.65 12.48 13.14 14.89 14.16 16.64 17.08 14.82 12.56 8.61 0.00 0.00 0.00 0.00 3.36 6.57 7.23 4.89 6.50 6.50 10.17 12.31 16.82 22.20 25.92 28.90 29.86 33.11 36.02 36.86 32.15 25.68 24.67 22.05 16.13 15.18 14.82 10.44 8.76 6.42 3.29 5.26 7.52 7.96 7.96 0.00 0.00 0.00 3.58 2.77 2.85 0.00 2.56 2.70 3.21 5.33 8.10 7.59 7.96 13.21 25.33 33.07 34.46 32.41 28.69 26.43 36.87 35.70 35.55 35.55 33.80 28.76 24.09 20.88 22.19 22.05 17.81 12.70 10.29 11.46 7.52 4.16 3.87
13.65 12.48 13.14 14.89 14.16 16.64 17.08 14.82 12.56 8.61 0.00 0.00 0.00 0.00 3.36 6.57 7.23 4.89 6.50 6.53 10.50 12.50 18.01 21.64 26.58 28.47 29.86 32.12 33.48 34.44 32.64 25.94 25.70 24.77 17.07 15.57 14.82 10.44 8.76 6.42 3.29 5.26 7.52 7.96 7.96 0.00 0.00 0.00 3.58 2.77 2.85 0.00 2.56 2.70 3.21 5.33 8.10 7.59 7.96 13.21 25.33 33.07 34.46 32.41 28.69 26.43 36.87 35.70 35.55 35.55 33.80 28.76 24.09 20.88 22.19 22.05 17.81 12.70 10.29 11.46 7.52 4.16 3.87
14.60 15.84 17.45 17.96 18.91 20.00 17.23 14.82 13.43 8.83 6.72 0.00 0.00 0.00 4.53 6.42 6.35 6.28 5.48 5.48 4.02 4.53 5.69 7.56 11.19 14.75 21.38 24.92 27.15 30.22 33.75 30.53 25.95 30.13 34.58 29.05 22.32 15.34 9.86 9.27 6.94 3.29 8.76 11.02 11.02 7.74 5.99 8.69 8.83 5.55 4.38 0.00 0.00 3.65 0.00 0.00 4.89 5.40 7.37 10.95 17.01 24.60 29.71 32.19 36.35 35.62 31.61 32.34 31.54 31.54 24.09 22.70 14.89 15.04 15.91 15.62 13.80 9.93 7.88 7.88 5.18 3.94 4.82
13.14 15.77 17.45 18.54 15.26 15.99 16.28 17.74 19.64 22.19 15.99 10.37 8.40 7.81 8.98 12.19 14.97 16.64 13.21 13.21 7.85 4.82 4.40 4.82 5.62 6.09 6.23 7.81 13.31 19.52 28.76 29.35 24.02 23.36 30.89 34.01 32.83 23.94 15.26 8.25 8.10 4.31 4.53 10.15 10.15 10.00 9.20 8.32 10.22 11.10 9.86 8.69 5.55 3.94 0.00 0.00 0.00 0.00 3.43 3.94 7.23 11.61 19.71 31.46 38.03 31.83 29.42 26.50 27.89 27.89 24.89 22.05 19.56 16.21 16.50 16.43 11.10 8.91 8.10 5.77 5.69 4.53 3.50
8.32 11.10 11.83 15.84 16.35 14.60 10.29 11.97 16.86 20.95 19.42 14.89 13.07 11.24 9.78 11.39 16.06 19.20 15.77 15.77 8.32 5.48 6.72 5.62 6.79 6.94 5.69 5.04 6.78 12.05 21.90 24.82 25.62 28.54 27.23 28.74 31.98 32.81 22.63 16.13 13.72 10.22 4.96 5.26 5.26 8.18 11.17 7.66 7.23 11.39 15.70 22.19 17.23 9.49 6.72 4.45 3.58 5.11 4.53 2.92 2.92 5.55 11.17 22.92 30.88 27.52 26.21 24.24 24.16 24.16 21.75 19.20 17.81 15.77 14.38 14.38 12.19 10.29 9.56 9.71 9.71 7.88 7.52
6.79 10.07 11.02 20.88 19.35 16.35 17.74 21.90 23.07 23.43 23.80 17.08 12.78 12.05 10.29 11.32 16.06 13.43 11.61 11.61 10.95 10.37 8.83 7.15 6.94 7.01 8.40 6.50 7.63 11.61 12.63 14.53 18.03 22.19 22.92 24.60 28.32 29.27 27.31 25.10 15.78 13.94 9.49 6.06 6.06 4.67 6.79 6.94 8.03 11.53 16.28 19.78 18.61 11.17 8.32 5.77 3.58 5.69 8.47 7.59 5.26 4.45 7.74 14.24 18.98 19.20 18.47 21.02 17.30 17.30 15.91 14.75 13.65 13.65 15.70 13.43 12.92 11.61 11.61 12.85 12.85 13.14 12.70
0.00 6.06 13.29 15.26 13.80 13.80 15.26 17.23 20.95 26.84 28.69 26.06 19.56 14.97 12.19 12.12 11.53 8.18 7.23 7.23 9.27 10.44 13.72 12.26 11.61 10.07 9.86 7.59 7.67 8.83 9.20 8.10 5.48 10.66 17.16 23.51 27.81 25.19 23.94 21.79 17.52 11.37 10.15 8.83 8.83 6.35 4.45 6.13 6.86 8.40 11.83 15.91 16.13 14.16 12.34 10.29 7.45 5.55 7.37 9.86 8.76 7.45 7.74 6.86 4.67 5.84 10.15 9.05 3.58 3.58 5.33 5.18 6.35 9.78 10.44 7.66 9.42 7.81 6.94 7.96 9.34 8.25 8.83
0.00 0.00 3.21 9.20 10.37 12.99 12.78 11.32 9.42 11.16 15.62 23.51 17.89 14.09 11.46 9.05 6.57 4.31 3.87 3.87 4.60 5.33 6.28 8.03 9.86 10.73 9.64 8.47 7.59 7.86 5.90 4.84 3.74 5.27 8.54 12.41 13.94 13.36 11.36 15.26 17.81 11.72 10.07 9.56 9.56 6.72 6.86 6.42 5.84 6.13 7.01 6.86 7.15 6.42 9.13 10.59 7.37 4.96 5.62 11.39 14.67 10.80 6.06 6.20 8.18 6.72 5.77 4.45 0.00 0.00 0.00 0.00 0.00 3.29 2.77 4.23 5.04 4.96 0.00 5.33 6.28 6.86 7.08
0.00 0.00 3.21 9.20 10.37 12.99 12.78 11.32 9.42 10.88 15.62 23.51 17.89 14.09 11.46 9.05 6.57 4.31 3.89 3.87 4.60 5.33 6.28 8.03 9.86 10.73 9.64 8.47 7.59 7.74 5.69 4.67 3.72 5.11 8.54 12.47 14.01 13.36 11.30 15.41 17.81 11.61 10.07 9.56 9.56 6.72 6.86 6.42 5.84 6.13 7.01 6.86 7.15 6.42 9.13 10.59 7.37 4.96 5.62 11.39 14.67 10.80 6.06 6.20 8.18 6.72 5.77 4.45 0.00 0.00 0.00 0.00 0.00 3.29 2.77 4.23 5.04 4.96 0.00 5.33 6.28 6.86 7.08
7.45 4.67 0.00 0.00 6.72 14.16 19.71 21.10 13.34 8.00 5.99 7.96 10.15 9.86 5.69 4.09 4.67 1.53 2.19 2.19 2.99 5.18 5.48 6.42 7.01 8.03 7.59 7.30 6.35 6.50 5.18 3.65 0.00 5.04 5.48 7.01 7.15 5.99 7.23 7.70 7.81 6.35 6.42 7.81 7.81 7.52 6.50 5.91 7.23 9.42 9.56 7.59 5.33 4.09 3.80 3.94 3.58 4.09 5.99 8.83 14.67 13.94 7.23 6.20 7.81 6.13 4.31 3.94 0.00 0.00 0.00 0.00 0.00 0.00 0.00 2.77 0.00 1.90 0.00 6.06 9.27 10.44 9.13
