Wansh/Snow_depth/snowdepth-1981/winter/1982015.txt
ncols 321
nrows 161
xllcenter 60
yllcenter 15 
cellsize  0.25 
NODATA_value -1
[rows 0 to 36 of 161, columns 166 to 248 of 321]
11.83 12.41 13.36 12.05 9.56 9.93 10.22 11.83 11.32 10.00 11.24 11.24 11.10 11.32 10.95 11.17 11.24 10.73 11.02 13.07 15.40 16.79 17.23 16.35 15.91 14.75 12.78 8.76 4.38 0.00 0.00 0.00 0.00 4.96 13.94 16.43 16.79 16.79 16.86 19.20 21.83 22.56 21.97 23.00 23.51 23.07 22.78 24.60 27.89 26.06 24.97 22.34 19.78 18.54 18.03 16.86 14.45 14.02 13.36 14.45 12.92 11.39 11.39 9.86 9.27 12.19 15.40 19.27 17.59 15.33 14.38 12.56 10.80 8.69 11.10 12.05 12.05 13.14 16.86 19.71 22.27 23.87 23.21
14.75 15.77 15.91 12.41 11.10 10.80 10.66 9.20 9.71 10.80 12.34 12.34 12.48 12.56 11.83 11.24 10.37 11.02 11.32 12.34 14.16 15.84 16.28 16.43 14.38 14.38 11.32 4.09 0.00 0.00 0.00 0.00 0.00 7.81 12.78 13.43 13.87 13.87 15.91 19.49 22.92 24.02 25.04 25.62 27.23 29.20 31.03 28.84 28.98 27.38 24.75 23.80 22.78 18.03 16.06 14.38 13.80 12.56 13.14 14.02 12.19 11.83 11.83 14.09 14.31 15.91 18.25 17.45 15.62 13.58 13.14 9.78 9.78 9.86 10.37 11.39 11.90 15.99 19.20 21.24 23.43 23.07 22.41
17.45 19.13 18.25 14.38 11.83 11.75 10.51 9.13 8.32 10.37 10.88 10.88 12.56 12.78 11.17 10.07 10.59 11.68 12.56 12.56 13.36 15.70 16.13 15.62 14.75 11.90 6.50 0.00 0.00 0.00 0.00 0.00 1.17 5.62 9.78 12.12 13.87 13.87 19.05 25.40 29.35 28.62 29.35 28.32 28.11 27.81 28.69 26.72 24.16 22.56 22.27 22.48 22.12 20.88 18.10 14.97 14.75 12.19 9.71 9.20 8.83 9.05 9.05 10.15 12.63 14.75 13.58 13.07 12.92 12.70 15.26 12.78 10.80 9.20 10.22 14.97 15.40 17.37 20.66 21.83 20.81 17.96 16.35
17.45 19.13 18.25 14.38 11.83 11.75 10.51 9.13 8.32 10.37 10.88 10.88 12.56 12.78 11.17 10.07 10.59 11.68 12.56 12.56 13.36 15.70 16.13 15.62 14.75 11.90 6.50 0.00 0.00 0.00 0.00 0.00 1.17 5.62 9.78 12.12 13.87 13.87 19.05 25.40 29.35 28.62 29.35 28.32 28.11 27.81 28.69 26.72 24.16 22.56 22.27 22.48 22.12 20.88 18.10 14.97 14.75 12.19 9.71 9.20 8.83 9.05 9.05 10.15 12.63 14.75 13.58 13.07 12.92 12.70 15.26 12.78 10.80 9.20 10.22 14.97 15.40 17.37 20.66 21.83 20.81 17.96 16.35
17.08 18.47 17.37 15.55 13.58 12.85 11.17 13.43 10.73 9.34 9.42 9.42 9.93 11.24 11.75 11.17 10.88 10.88 11.68 12.70 13.65 14.38 14.67 11.53 8.47 5.48 0.00 0.00 0.00 0.00 0.00 0.00 0.00 6.35 7.23 10.22 14.75 14.75 17.89 22.34 29.27 28.69 21.68 19.49 19.93 19.13 19.86 21.39 21.90 21.39 22.05 17.67 20.44 18.91 18.40 18.32 17.23 13.65 11.17 11.39 10.73 11.24 11.24 11.53 12.99 12.05 9.42 10.37 10.88 11.17 12.34 12.85 12.34 11.61 11.75 12.48 11.53 11.68 14.16 12.78 10.66 5.48 4.09
18.03 18.76 19.05 17.45 14.09 12.05 14.16 14.97 13.80 10.80 12.12 12.12 13.29 13.29 12.63 12.99 13.65 12.56 12.41 12.85 12.85 12.19 11.10 6.42 0.00 0.00 0.00 0.00 0.00 0.00 0.00 0.00 6.06 7.52 9.71 11.90 14.97 14.97 16.28 16.94 17.52 19.78 17.96 12.48 11.61 13.58 15.11 16.64 18.10 16.94 18.47 19.56 19.71 23.51 22.70 19.27 14.97 14.38 12.70 10.07 10.73 12.05 12.05 13.51 14.38 12.92 11.61 9.27 8.10 7.45 6.94 6.72 7.15 7.52 8.25 7.74 7.30 7.59 8.76 8.32 9.13 6.64 5.40
20.73 22.48 24.53 23.21 20.29 18.18 15.18 15.70 18.40 17.67 14.60 14.60 12.56 13.58 13.29 12.56 12.56 12.41 13.07 12.05 11.02 7.81 4.38 0.00 0.00 0.00 0.00 0.00 0.00 2.26 4.02 4.96 8.32 12.26 15.55 17.96 16.06 16.06 14.16 12.19 12.26 14.75 15.99 11.46 8.83 8.47 10.00 12.56 15.18 17.45 20.08 21.17 19.78 22.92 21.75 21.32 19.78 16.43 12.12 10.22 11.83 13.43 13.43 12.70 12.48 11.24 10.37 9.49 8.91 7.52 6.42 5.48 6.20 7.52 7.15 6.64 6.06 6.50 6.64 7.37 7.66 6.84 5.43
20.73 22.48 24.53 23.21 20.29 18.18 15.18 15.70 18.40 17.67 14.60 14.60 12.56 13.58 13.29 12.56 12.56 12.41 13.07 12.05 11.02 7.81 4.38 0.00 0.00 0.00 0.00 0.00 0.00 2.26 4.02 4.96 8.32 12.26 15.55 17.96 16.06 16.06 14.16 12.19 12.26 14.75 15.99 11.46 8.83 8.47 10.00 12.56 15.18 17.45 20.08 21.17 19.78 22.92 21.75 21.32 19.78 16.43 12.12 10.22 11.83 13.43 13.43 12.70 12.48 11.24 10.37 9.49 8.91 7.52 6.42 5.48 6.20 7.52 7.15 6.64 6.06 7.51 9.16 10.61 10.50 11.63 8.97
18.54 21.53 24.38 26.35 25.84 22.27 17.89 16.57 17.08 17.08 16.35 16.35 12.78 10.59 11.10 11.39 13.72 14.16 11.24 8.47 3.87 0.00 0.00 0.00 0.00 0.00 0.00 0.00 0.80 2.26 7.15 8.98 10.07 11.46 13.94 16.72 16.57 16.57 14.02 10.95 8.69 7.37 8.03 8.40 8.40 8.40 9.42 10.88 12.92 15.11 19.56 19.86 21.10 19.64 19.71 16.94 16.13 13.80 13.36 11.83 12.19 10.51 10.51 11.24 10.29 9.13 7.59 8.91 8.98 9.34 7.52 6.42 6.64 7.01 7.08 6.70 8.10 8.69 8.98 9.62 10.08 11.07 8.99
14.82 16.21 18.61 21.61 22.27 21.97 20.22 17.81 16.13 14.60 13.94 13.94 13.43 12.85 13.21 12.70 11.53 8.98 2.99 0.00 0.00 0.00 0.00 0.00 0.00 0.00 0.73 2.70 3.50 9.86 10.37 12.19 12.99 13.58 12.85 14.09 13.51 13.51 10.80 9.13 8.83 8.83 9.34 9.49 9.71 10.37 10.66 9.78 12.19 8.61 14.02 15.84 16.72 13.21 13.14 15.55 13.72 11.75 9.42 7.66 9.93 10.07 10.07 11.32 10.80 10.07 11.39 12.05 11.97 10.95 9.78 8.61 8.98 6.28 7.22 9.80 11.04 9.63 9.31 8.49 7.74 7.89 9.63
13.87 13.94 13.80 15.18 16.13 18.40 21.97 22.48 20.44 19.13 18.61 18.61 15.04 12.78 9.93 7.45 4.09 0.00 0.00 0.00 0.00 0.00 0.00 1.17 6.35 9.20 8.25 6.94 4.74 13.21 12.78 12.70 13.07 12.56 12.12 12.05 11.68 11.68 11.32 11.17 12.92 16.50 15.48 14.24 12.92 10.88 8.32 6.86 8.69 10.80 10.22 11.32 11.32 10.15 14.45 14.60 12.99 8.69 6.57 6.94 7.45 10.51 10.51 13.58 12.78 11.90 12.56 12.70 12.41 12.05 11.46 11.10 9.42 8.91 8.09 7.49 6.40 11.43 11.40 9.58 8.01 7.72 9.45
13.87 13.94 13.80 15.18 16.13 18.40 21.97 22.48 20.44 19.13 18.61 18.61 15.04 12.78 9.93 7.45 4.09 0.00 0.00 0.00 0.00 0.00 0.00 1.17 6.35 9.20 8.25 6.94 4.74 13.21 12.78 12.70 13.07 12.56 12.12 12.05 11.68 11.68 11.32 11.17 12.92 16.50 15.48 14.24 12.92 10.88 8.32 6.86 8.69 10.80 10.22 11.32 11.32 10.15 14.45 14.60 12.99 8.69 6.57 6.94 7.45 10.51 10.51 13.58 12.78 11.90 12.56 12.70 12.41 12.05 11.46 11.10 9.42 8.91 7.88 7.37 6.20 10.62 10.16 8.87 8.54 8.01 9.45
18.40 17.81 15.62 14.16 13.51 13.72 14.89 15.55 14.45 15.04 12.26 12.26 8.47 5.91 2.41 0.00 0.00 0.00 0.00 0.00 3.43 5.62 5.77 7.96 11.10 10.44 8.91 7.81 15.91 16.43 14.82 13.51 12.63 11.90 14.02 15.48 15.70 15.70 16.72 18.25 18.40 18.25 16.35 12.92 12.26 10.66 8.32 6.72 7.96 10.29 10.80 7.59 10.59 12.12 12.26 11.97 10.95 8.83 8.98 7.81 8.10 10.80 10.80 12.41 13.36 12.78 12.99 13.14 12.99 13.07 12.63 11.46 10.07 9.49 7.74 6.42 6.36 8.90 10.58 10.05 8.85 9.37 11.46
14.97 14.53 12.78 12.26 12.26 12.70 12.05 9.34 8.10 6.50 4.60 4.60 2.12 0.00 0.00 0.00 0.00 0.00 0.00 0.00 4.16 4.74 6.64 8.25 10.15 10.15 8.54 14.82 16.50 16.94 17.37 17.81 15.99 15.18 15.84 16.64 16.57 16.57 17.30 19.35 18.91 19.13 17.67 15.40 13.36 10.80 10.22 10.22 7.74 6.57 9.27 8.76 9.56 10.73 11.39 10.80 12.12 12.99 12.05 11.90 11.75 12.56 12.56 13.07 14.09 14.89 14.09 14.24 13.94 13.21 13.94 13.29 10.51 9.20 7.96 8.17 8.15 11.06 9.47 10.52 11.34 9.49 12.56
14.24 14.31 14.97 17.37 16.50 16.57 14.24 10.66 7.01 2.56 0.00 0.00 0.00 0.00 0.00 0.00 0.00 0.00 0.00 1.90 6.72 8.76 6.64 9.49 11.97 13.07 15.77 16.72 19.20 19.71 18.25 17.96 16.64 16.06 16.94 17.23 16.72 16.72 17.45 18.76 18.91 19.49 16.57 13.87 12.12 13.43 13.72 12.85 10.51 7.81 9.05 9.34 9.56 7.96 9.20 9.93 12.63 14.82 15.40 16.13 15.48 14.09 14.09 14.60 15.18 14.82 13.43 12.41 16.06 14.89 13.58 13.87 12.26 11.39 9.18 11.58 10.82 10.51 10.20 10.92 10.14 11.89 12.74
13.87 17.37 18.25 17.52 17.08 16.72 16.57 14.45 12.92 10.51 7.59 7.59 5.40 2.63 4.16 5.69 5.04 4.74 5.69 6.28 5.99 5.55 7.45 11.61 12.63 15.33 18.18 17.52 16.86 16.21 16.86 16.72 15.70 16.06 16.64 16.64 17.16 17.16 17.08 16.86 15.77 15.04 15.48 15.48 16.43 17.67 16.35 15.70 13.80 12.56 12.12 10.15 8.32 9.78 10.95 12.63 13.43 16.43 19.64 17.30 15.04 16.06 16.06 16.13 15.99 14.82 13.94 12.78 12.56 11.97 10.73 11.83 13.14 13.17 13.00 12.26 13.16 12.60 14.18 13.11 11.57 13.21 12.99
13.87 17.37 18.25 17.52 17.08 16.72 16.57 14.45 12.92 10.51 7.59 7.59 5.40 2.63 4.16 5.69 5.04 4.74 5.69 6.28 5.99 5.55 7.45 11.61 12.63 15.33 18.18 17.52 16.86 16.21 16.86 16.72 15.70 16.06 16.64 16.64 17.16 17.16 17.08 16.86 15.77 15.04 15.48 15.48 16.43 17.67 16.35 15.70 13.80 12.56 12.12 10.15 8.32 9.78 10.95 12.63 13.43 16.43 19.64 17.30 15.04 16.06 16.06 16.13 15.99 14.82 13.94 12.78 12.56 11.97 10.73 11.83 13.14 16.17 12.18 13.33 11.82 15.59 14.39 14.50 11.80 11.91 12.56
11.83 12.92 13.14 14.53 10.73 10.44 11.02 10.95 11.46 13.94 15.18 15.18 14.82 14.02 11.83 9.71 7.66 5.91 5.04 5.26 7.59 9.49 12.85 12.34 12.19 17.01 17.81 16.28 15.04 15.48 16.13 15.84 15.48 14.45 16.94 17.23 18.25 18.25 18.25 17.16 16.57 16.64 18.18 18.69 18.61 17.08 15.99 15.26 15.26 14.45 12.92 11.90 13.43 11.53 13.14 12.78 13.07 15.48 16.79 18.10 17.96 19.20 19.20 18.61 18.83 16.64 13.36 10.80 11.10 11.83 12.63 13.21 14.07 13.62 15.31 15.24 16.25 18.82 18.45 14.60 13.02 15.14 14.90
10.07 10.37 13.51 17.08 16.86 14.38 12.56 11.17 11.32 11.10 10.22 10.22 9.13 9.86 11.02 11.61 10.51 9.93 10.73 11.02 13.65 15.91 19.49 17.67 16.13 15.26 16.28 15.40 15.11 14.67 14.75 14.89 14.67 14.97 14.82 15.26 16.21 16.21 16.86 16.13 17.01 17.52 18.25 18.32 17.67 14.97 13.07 13.21 13.87 12.26 7.59 10.15 13.87 18.10 16.94 17.52 17.89 17.23 17.89 20.15 21.39 19.20 19.20 14.82 11.53 10.51 10.51 12.12 13.36 13.94 14.31 16.87 19.47 20.50 21.34 20.81 20.81 19.44 16.87 19.02 19.24 17.46 13.11
14.24 13.51 11.90 12.70 14.82 15.91 16.79 15.18 12.63 11.32 10.59 10.59 10.44 12.56 16.21 16.35 14.45 16.13 17.45 18.03 19.86 21.83 23.36 19.93 17.23 16.43 14.60 13.94 14.45 13.14 13.51 13.87 14.89 16.35 15.26 15.84 16.21 16.21 17.16 17.37 17.23 17.37 18.03 16.21 14.09 12.92 15.62 15.55 15.18 17.59 15.33 16.28 17.23 14.67 11.02 8.03 8.10 8.54 9.42 13.80 15.40 13.43 13.43 11.90 10.66 11.68 13.51 16.43 19.42 19.20 19.71 19.64 21.61 23.14 24.82 26.21 24.53 21.94 18.94 21.63 24.33 19.54 17.05
16.79 16.64 14.82 14.09 13.94 12.63 13.36 15.26 14.60 12.19 10.73 10.73 10.66 10.80 11.75 12.26 14.38 17.96 20.29 20.88 18.91 20.44 20.59 28.11 25.77 20.08 15.40 12.70 12.12 11.68 12.41 13.94 15.62 16.79 17.01 17.30 16.64 16.64 16.79 14.89 13.14 13.14 12.05 11.97 12.34 15.70 16.79 18.91 18.69 18.40 17.67 18.25 14.45 9.64 3.29 0.00 0.00 0.00 5.18 8.03 8.03 8.61 8.61 11.39 12.26 12.63 14.45 15.77 17.37 18.25 18.32 19.27 22.48 24.38 25.11 25.19 25.45 24.67 26.98 24.08 25.16 21.68 21.10
11.75 12.26 14.38 17.23 17.08 14.75 12.85 12.78 11.83 10.44 10.66 10.66 11.46 13.21 15.77 17.81 16.64 13.36 14.38 17.89 19.20 18.40 23.80 19.35 18.10 15.70 14.82 15.62 14.53 14.09 15.11 15.26 15.84 18.54 20.81 22.19 20.08 20.08 16.35 13.29 11.24 10.15 9.34 10.15 12.48 14.02 15.55 19.13 15.11 10.37 8.25 7.15 3.94 4.16 4.74 0.00 0.00 1.75 3.58 4.60 4.67 5.84 5.84 6.50 5.72 5.40 8.54 11.02 12.48 12.63 14.16 17.81 22.41 24.16 25.26 26.79 28.90 28.89 32.40 25.94 28.87 24.57 18.64
11.75 12.26 14.38 17.23 17.08 14.75 12.85 12.78 11.83 10.44 10.66 10.66 11.46 13.21 15.77 17.81 16.64 13.36 14.38 17.89 19.20 18.40 23.80 19.35 18.10 15.70 14.82 15.62 14.53 14.09 15.11 15.26 15.84 18.54 20.81 22.19 20.08 20.08 16.35 13.29 11.24 10.15 9.34 10.15 12.48 14.02 15.55 19.13 15.11 10.37 8.25 7.15 3.94 4.16 4.74 0.00 0.00 1.75 3.58 4.60 4.67 5.84 5.84 6.50 5.72 5.40 8.54 11.02 12.48 12.63 14.16 17.81 22.41 24.16 25.26 26.79 27.74 29.04 25.16 22.82 24.18 28.60 22.80
10.15 10.88 11.39 12.70 14.24 14.75 14.53 14.89 14.82 14.09 14.24 14.24 14.24 14.09 13.65 14.16 10.88 11.83 13.58 17.96 19.35 20.37 18.69 16.43 14.97 17.89 17.16 16.64 18.32 18.83 18.47 18.18 16.28 16.28 16.28 15.40 13.72 13.72 11.83 11.02 12.48 12.26 12.12 12.34 6.86 9.71 11.83 7.81 6.35 4.23 0.00 0.00 2.85 3.87 5.04 2.92 0.00 0.00 3.21 2.26 0.00 2.63 2.63 0.00 0.00 0.00 6.13 8.76 10.88 11.10 11.46 14.24 18.10 20.95 23.21 24.09 24.60 24.72 26.13 32.21 27.05 20.94 20.35
8.47 9.64 11.17 12.26 15.55 16.64 17.30 18.40 20.29 22.78 19.56 19.56 14.89 14.02 14.67 15.33 13.65 13.58 14.89 18.69 20.22 19.49 18.03 15.40 16.72 16.57 15.62 17.59 19.35 19.86 18.32 15.84 13.51 11.10 9.71 8.18 7.74 7.74 8.98 9.64 11.10 11.75 11.68 9.05 8.61 8.03 8.18 5.11 2.77 0.80 0.00 0.00 0.00 0.44 0.00 0.00 0.00 0.00 0.00 0.00 0.00 0.00 0.00 0.00 0.00 0.00 0.00 6.50 7.88 11.61 12.56 13.51 14.53 18.18 22.27 25.04 26.50 26.16 25.55 25.48 27.35 20.69 18.86
5.18 5.33 7.23 10.22 13.72 16.94 15.99 15.91 18.32 18.98 18.98 18.98 18.18 17.89 16.86 15.84 13.21 11.83 12.05 15.55 16.79 19.56 17.89 14.75 15.18 16.57 15.55 15.40 17.89 17.01 15.48 11.68 8.10 6.28 5.91 5.77 6.28 6.28 5.48 5.91 7.23 7.37 7.59 6.20 0.00 3.36 4.09 0.00 0.00 0.00 0.00 0.00 0.00 0.00 0.00 0.00 0.00 0.00 0.00 0.00 0.00 0.00 0.00 0.00 0.00 0.00 0.00 4.53 6.57 8.98 11.39 13.36 14.60 22.41 28.53 29.64 27.79 27.66 27.54 24.19 20.40 14.94 11.13
8.18 7.30 7.30 5.18 4.38 4.96 4.02 7.30 10.59 12.56 13.58 13.58 13.21 13.36 11.53 10.15 8.54 8.10 9.13 13.21 13.36 14.16 19.20 18.61 18.76 18.10 13.72 10.51 9.20 9.13 9.64 7.08 5.48 4.02 0.00 0.00 0.00 0.00 0.00 4.45 5.62 5.84 5.04 0.00 0.00 0.00 0.00 0.00 0.00 0.00 0.00 0.00 0.00 0.00 0.00 0.00 0.00 0.00 0.00 0.00 0.00 0.00 0.00 0.00 0.00 0.00 0.00 4.31 4.45 5.77 9.93 14.45 19.05 25.77 34.39 34.79 33.69 31.06 28.67 28.71 18.69 12.76 9.18
2.63 4.02 3.43 0.00 2.04 3.21 3.72 4.38 3.94 3.07 5.11 5.11 6.28 6.35 0.00 5.18 7.45 6.72 9.20 7.88 8.25 13.29 18.40 13.94 10.29 8.25 7.74 3.50 4.67 4.60 4.31 0.00 0.00 4.23 0.00 0.00 0.00 0.00 0.00 0.00 3.58 3.80 0.00 0.00 0.00 0.00 0.00 0.00 0.00 0.00 0.00 0.00 0.00 0.00 0.00 0.00 0.00 0.00 0.00 0.00 0.00 0.00 0.00 0.00 0.00 0.00 0.00 0.00 3.36 3.36 6.20 14.67 25.08 31.32 39.08 35.04 34.12 33.79 32.01 29.69 22.96 16.09 12.22
2.63 4.02 3.43 0.00 2.04 3.21 3.72 4.38 3.94 3.07 5.11 5.11 6.28 6.35 0.00 5.18 7.45 6.72 9.20 7.88 8.25 13.29 18.40 13.94 10.29 8.25 7.74 3.50 4.67 4.60 4.31 0.00 0.00 4.23 0.00 0.00 0.00 0.00 0.00 0.00 3.58 3.80 0.00 0.00 0.00 0.00 0.00 0.00 0.00 0.00 0.00 0.00 0.00 0.00 0.00 0.00 0.00 0.00 0.00 0.00 0.00 0.00 0.00 0.00 0.00 0.00 0.00 0.00 3.36 3.36 6.20 14.67 25.21 30.99 35.34 39.04 36.41 39.42 37.15 28.73 23.99 15.64 12.92
2.26 2.70 1.83 0.00 0.51 0.00 0.00 0.00 0.00 0.00 0.00 0.00 0.00 0.00 0.00 0.00 0.00 0.00 0.00 0.00 5.11 6.13 6.57 5.99 3.58 3.65 3.07 3.29 4.89 6.72 5.26 0.00 3.36 2.48 0.00 2.92 2.26 2.26 2.04 2.77 3.07 3.50 3.43 0.00 0.00 0.00 0.00 0.00 2.77 2.41 0.00 0.00 0.00 0.00 0.00 0.00 0.00 0.00 0.00 0.00 0.00 0.00 0.00 0.00 0.00 0.00 0.00 0.00 3.65 5.99 10.71 18.95 25.66 30.67 38.38 40.35 38.52 32.47 29.33 28.24 23.85 15.81 10.61
2.56 2.56 2.85 0.00 0.00 0.00 0.00 0.00 1.17 1.02 2.56 2.56 0.00 0.00 0.00 4.74 3.21 4.23 4.23 3.58 0.00 5.33 0.00 0.00 0.00 3.14 3.72 0.00 3.43 3.65 4.38 4.16 3.07 2.12 2.63 2.26 0.00 0.00 1.24 0.80 0.00 4.16 0.00 0.00 5.84 6.20 4.53 8.54 10.80 7.37 3.80 0.00 0.00 0.00 0.00 0.00 0.00 0.00 0.00 0.00 0.00 0.00 0.00 0.00 0.00 0.00 0.00 2.77 5.62 8.69 15.40 23.29 29.13 32.59 36.59 39.12 30.80 23.94 23.49 21.63 17.94 10.81 4.87
4.60 3.94 2.70 2.48 0.00 0.00 0.95 0.00 0.00 0.00 0.00 0.00 0.00 0.00 0.00 0.00 0.00 4.02 4.60 6.06 6.20 5.91 4.23 0.00 0.00 0.00 0.00 0.00 3.36 1.97 3.07 3.87 2.99 2.77 3.50 3.87 2.48 2.48 0.00 0.00 0.00 0.00 5.18 6.42 9.56 10.66 9.34 7.74 7.96 5.84 4.31 0.00 3.65 5.40 0.00 3.72 2.19 0.00 0.00 0.00 3.36 0.00 0.00 1.17 0.00 0.00 2.34 7.23 11.83 18.40 23.43 27.08 30.88 33.56 37.10 35.55 25.37 21.31 17.97 14.04 11.72 7.89 4.87
10.29 8.25 7.01 5.40 4.53 4.89 3.94 1.90 1.17 0.00 0.00 0.00 0.00 0.00 0.00 0.00 0.00 3.72 4.16 6.20 0.00 0.00 5.91 5.48 4.60 4.45 0.00 0.00 3.58 4.31 3.87 3.94 4.16 3.65 1.90 1.68 1.75 1.75 0.00 0.00 0.00 0.00 0.00 3.58 6.50 8.54 7.88 7.30 8.83 10.59 7.88 4.89 10.00 13.80 12.05 8.25 0.00 0.00 0.00 0.00 0.00 0.00 0.00 2.99 3.65 5.62 10.80 19.27 23.21 27.16 31.10 32.49 33.51 31.85 31.68 27.72 21.11 15.99 14.50 10.65 6.49 3.73 4.48
8.83 9.13 7.23 8.47 9.78 9.93 8.47 5.40 3.80 3.58 0.00 0.00 0.00 0.00 0.00 0.00 0.00 0.00 2.48 0.00 0.00 0.00 4.53 5.11 4.31 3.58 2.99 3.58 3.87 3.14 0.00 2.56 0.00 0.00 0.00 0.00 0.00 0.00 0.00 0.00 0.00 0.00 0.00 0.00 0.00 4.74 8.32 8.40 6.57 5.77 7.37 5.84 6.42 6.72 6.13 4.31 1.90 0.00 0.00 5.69 8.91 11.75 11.75 14.16 16.50 20.59 22.34 20.81 21.61 25.55 30.95 34.02 33.51 28.91 24.66 18.39 14.44 13.21 11.70 8.57 4.69 2.39 2.16
4.89 2.41 2.48 3.72 4.89 5.84 6.50 0.00 3.07 1.39 2.34 2.34 1.46 0.00 2.48 4.67 0.00 4.82 3.50 2.70 2.12 4.09 5.33 6.28 5.48 4.31 3.94 4.23 4.82 4.82 4.38 0.00 0.00 4.45 3.14 3.14 0.00 0.00 0.00 0.00 0.00 0.00 0.00 0.00 0.00 0.00 0.00 6.50 12.19 12.34 12.63 10.15 7.52 6.28 8.25 11.24 11.75 9.64 6.72 11.10 18.91 21.32 21.32 19.93 18.91 17.81 16.50 16.43 20.44 27.30 32.70 33.80 31.76 26.71 19.22 16.46 13.42 10.07 6.97 4.23 0.00 2.73 1.82
4.89 2.41 2.48 3.72 4.89 5.84 6.50 0.00 3.07 1.39 2.34 2.34 1.46 0.00 2.48 4.67 0.00 4.82 3.50 2.70 2.12 4.09 5.33 6.28 5.48 4.31 3.94 4.23 4.82 4.82 4.38 0.00 0.00 4.45 3.14 3.14 0.00 0.00 0.00 0.00 0.00 0.00 0.00 0.00 0.00 0.00 0.00 6.50 12.19 12.34 12.63 10.15 7.52 6.28 8.25 11.24 11.75 9.64 6.72 11.10 18.91 21.32 21.32 19.93 18.91 17.81 16.50 16.43 20.44 27.30 32.70 33.80 31.76 26.57 18.93 16.21 13.42 10.52 6.21 4.06 0.00 2.87 1.78
6.72 4.74 3.29 0.00 3.58 2.99 0.00 2.19 1.31 1.83 1.68 1.68 0.00 0.00 3.36 5.55 7.59 4.23 6.13 9.27 9.20 8.32 7.96 7.30 6.28 5.77 6.86 5.40 4.60 3.80 3.43 3.14 3.14 4.02 4.09 4.45 3.87 3.87 2.19 0.00 0.00 0.00 0.00 0.00 0.00 0.00 7.45 12.92 17.08 17.30 14.82 10.37 7.52 7.74 10.44 11.75 13.29 15.33 7.66 5.62 15.40 20.59 20.59 19.64 19.49 22.41 23.51 24.60 26.86 31.03 31.54 31.32 28.54 20.88 14.60 12.17 8.73 7.53 5.65 4.16 0.76 2.31 1.41
