Wansh/Snow_depth/snowdepth-1981/winter/1982047.txt
ncols 321
nrows 161
xllcenter 60
yllcenter 15 
cellsize  0.25 
NODATA_value -1
[rows 0 to 36 of 161, columns 83 to 165 of 321]
21.83 22.48 23.14 24.02 22.70 21.90 19.13 18.25 20.37 17.37 20.81 23.43 23.80 24.75 25.99 27.38 29.35 28.98 30.51 30.51 30.51 29.78 28.40 22.92 16.57 13.58 10.80 8.18 7.96 7.81 9.56 12.63 16.79 20.81 23.00 23.36 23.43 24.60 26.86 26.43 24.75 24.67 22.34 18.32 18.32 17.59 7.30 6.94 7.08 8.10 12.99 19.05 16.43 14.16 14.09 18.32 19.64 16.79 15.77 14.24 7.66 6.06 7.52 7.23 7.08 6.86 6.64 7.66 9.71 9.71 11.75 16.21 17.96 16.86 17.01 15.18 14.67 15.70 18.76 21.53 21.61 18.18 13.65
23.14 22.56 22.48 22.12 20.59 18.91 17.89 17.08 13.36 17.08 20.15 20.15 19.71 19.20 16.43 18.32 20.15 23.65 28.11 28.11 27.52 27.96 28.69 26.65 20.66 14.60 10.22 7.81 7.52 7.23 8.61 10.73 13.87 16.79 16.86 15.11 14.60 15.40 18.03 17.45 16.94 22.34 22.85 16.57 16.57 13.65 9.56 7.96 5.33 5.33 5.91 7.66 9.71 9.27 8.25 9.34 11.68 11.53 8.54 9.49 9.42 8.03 12.48 10.59 9.27 9.20 10.29 10.88 11.68 11.68 13.51 14.82 16.43 17.59 17.67 18.61 20.81 20.66 21.83 22.41 21.10 20.88 18.10
20.95 20.44 20.44 19.42 16.50 15.04 15.33 17.16 20.44 21.75 23.94 25.84 24.16 21.46 19.35 15.84 13.94 14.24 17.59 17.59 18.98 20.88 23.43 28.03 23.94 17.30 11.24 7.96 5.99 6.42 8.47 9.93 10.51 12.41 13.87 14.75 15.55 17.23 19.20 20.95 22.63 26.06 25.55 25.11 25.11 26.21 25.48 20.00 9.86 5.99 4.53 5.77 6.20 6.50 7.45 9.13 12.12 13.58 15.18 15.62 18.18 18.61 17.74 16.94 16.57 15.91 15.99 17.08 18.54 18.54 19.20 17.23 15.91 14.67 16.50 19.78 21.90 22.27 19.93 21.10 21.10 21.83 24.09
20.95 20.44 20.44 19.42 16.50 15.04 15.33 17.16 20.44 21.75 23.94 25.84 24.16 21.46 19.35 15.84 13.94 14.24 17.59 17.59 18.98 20.88 23.43 28.03 23.94 17.30 11.24 7.96 5.99 6.42 8.47 9.93 10.51 12.41 13.87 14.75 15.55 17.23 19.20 20.95 22.63 26.06 25.55 25.11 25.11 26.21 25.48 20.00 9.86 5.99 4.53 5.77 6.20 6.50 7.45 9.13 12.12 13.58 15.18 15.62 18.18 18.61 17.74 16.94 16.57 15.91 15.99 17.08 18.54 18.54 19.20 17.23 15.91 14.67 16.50 19.78 21.90 22.27 19.93 21.10 21.10 21.83 24.09
19.05 18.76 16.57 15.77 16.35 14.45 19.93 19.42 20.44 19.42 23.00 24.60 25.04 23.87 22.27 20.81 19.05 15.04 13.94 13.94 12.99 14.38 17.16 20.37 23.94 23.29 16.35 10.73 7.88 6.50 7.88 7.88 8.47 10.07 15.26 21.53 25.77 25.04 28.32 27.08 28.03 26.13 21.53 24.24 24.24 28.03 28.76 30.00 26.57 17.89 12.26 8.54 6.94 5.48 4.74 4.38 6.20 8.18 9.71 11.39 15.18 19.78 19.27 18.83 17.96 20.73 21.17 22.19 20.81 20.81 21.24 21.24 19.27 17.08 17.08 19.56 22.41 24.16 24.82 22.63 20.66 18.61 20.88
19.86 19.05 18.61 19.78 18.69 18.76 15.55 14.02 13.36 15.18 17.23 20.29 22.27 23.00 21.61 21.10 22.12 21.90 20.73 20.73 17.59 13.87 11.83 13.87 18.61 21.53 19.05 14.24 11.10 9.49 7.66 5.77 6.72 9.20 14.09 18.76 20.51 20.15 19.13 17.89 19.20 17.01 18.69 21.53 21.53 21.53 22.48 27.81 30.08 22.41 14.45 8.76 7.15 6.57 5.55 5.18 5.18 6.06 8.25 9.86 15.11 16.72 16.13 21.46 21.90 20.29 18.10 18.76 15.99 15.99 15.91 17.30 19.35 18.83 17.01 16.21 15.70 14.97 15.33 17.96 19.05 20.73 21.24
20.95 19.86 19.78 20.51 16.72 15.91 16.28 16.94 16.06 16.72 17.23 17.59 18.10 19.05 20.15 20.59 20.59 21.17 22.34 22.34 22.12 19.71 15.11 12.26 13.58 15.77 14.82 11.46 10.22 10.22 10.22 8.83 7.15 10.07 12.78 13.87 16.79 15.91 13.29 13.36 12.70 16.35 17.96 18.47 18.47 19.56 21.17 24.02 25.99 22.78 11.02 6.35 4.60 4.67 4.67 6.79 8.69 11.17 13.07 15.40 17.08 18.25 22.56 26.65 24.75 22.63 20.88 19.27 16.57 16.57 18.25 19.56 22.05 24.67 23.29 21.46 18.61 17.08 15.48 14.67 13.07 18.03 22.41
20.95 19.86 19.78 20.51 16.72 15.91 16.28 16.94 16.06 16.72 17.23 17.59 18.10 19.05 20.15 20.59 20.59 21.17 22.34 22.34 22.12 19.71 15.11 12.26 13.58 15.77 14.82 11.46 10.22 10.22 10.22 8.83 7.15 10.07 12.78 13.87 16.79 15.91 13.29 13.36 12.70 16.35 17.96 18.47 18.47 19.56 21.17 24.02 25.99 22.78 11.02 6.35 4.60 4.67 4.67 6.79 8.69 11.17 13.07 15.40 17.08 18.25 22.56 26.65 24.75 22.63 20.88 19.27 16.57 16.57 18.25 19.56 22.05 24.67 23.29 21.46 18.61 17.08 15.48 14.67 13.07 18.03 22.41
20.66 17.30 18.47 18.76 16.94 16.64 15.99 16.43 17.67 17.81 17.81 17.01 15.11 13.94 17.16 18.69 19.05 18.47 17.81 17.81 17.59 18.91 18.83 16.28 15.11 13.21 11.68 10.22 10.15 10.29 10.66 9.56 8.40 9.71 12.99 17.89 20.81 17.74 14.45 14.38 15.04 13.80 15.04 15.77 15.77 17.96 18.61 14.53 10.66 8.83 7.30 5.33 5.99 5.99 6.79 8.69 9.27 8.91 11.39 16.21 16.35 18.69 21.46 21.39 21.10 22.27 23.80 22.12 21.24 21.24 21.10 23.29 23.07 22.63 21.61 20.66 19.56 17.08 17.52 18.47 17.89 16.50 16.86
17.96 17.16 19.56 19.64 19.78 19.56 18.91 17.67 17.08 14.82 13.07 12.26 12.34 12.63 14.53 16.79 18.98 18.10 16.79 16.79 16.94 18.61 18.98 14.97 10.59 9.93 9.71 9.34 10.15 11.75 11.68 11.53 10.22 11.24 18.10 21.17 21.17 19.56 17.37 13.58 10.07 8.32 6.86 6.86 6.86 7.45 7.88 7.30 7.15 7.30 10.44 14.31 15.48 16.06 15.33 15.40 14.82 14.53 14.24 16.64 15.18 15.40 16.50 14.89 14.97 16.72 17.30 17.16 17.81 17.81 16.72 17.59 20.51 20.59 18.47 15.40 14.97 18.18 21.46 25.84 23.14 16.79 15.84
21.97 20.66 19.93 19.20 19.71 18.61 15.04 12.34 10.88 11.61 11.68 11.75 11.24 10.66 11.39 12.92 13.51 14.24 14.31 14.31 15.77 16.79 15.40 11.97 9.42 8.18 8.83 9.86 10.73 10.88 9.56 8.91 9.13 10.59 14.24 15.33 14.75 17.30 12.26 9.13 7.45 7.08 9.34 9.93 9.93 10.37 10.00 9.34 12.05 14.53 15.48 16.79 18.98 19.56 16.86 15.55 16.21 17.96 21.46 18.10 17.59 19.71 18.69 15.91 16.06 18.61 21.02 23.00 27.45 27.45 28.25 24.82 21.17 22.78 21.39 18.47 16.79 20.29 25.48 24.45 20.59 17.30 15.77
21.97 20.66 19.93 19.20 19.71 18.61 15.04 12.34 10.88 11.61 11.68 11.75 11.24 10.66 11.39 12.92 13.51 14.24 14.31 14.31 15.77 16.79 15.40 11.97 9.42 8.18 8.83 9.86 10.73 10.88 9.56 8.91 9.13 10.59 14.24 15.33 14.75 17.30 12.26 9.13 7.45 7.08 9.34 9.93 9.93 10.37 10.00 9.34 12.05 14.53 15.48 16.79 18.98 19.56 16.86 15.55 16.21 17.96 21.46 18.10 17.59 19.71 18.69 15.91 16.06 18.61 21.02 23.00 27.45 27.45 28.25 24.82 21.17 22.78 21.39 18.47 16.79 20.29 25.48 24.45 20.59 17.30 15.77
17.16 17.37 17.67 17.45 13.94 11.75 10.88 10.44 10.07 10.44 10.29 10.95 11.17 12.56 13.14 13.80 13.72 15.26 16.43 16.43 16.72 17.01 14.82 10.37 9.71 9.86 9.78 9.42 8.54 7.74 9.71 9.20 8.47 10.00 11.39 12.70 13.87 13.43 13.14 12.48 12.99 15.62 16.21 15.77 15.77 14.53 13.72 13.94 16.43 19.93 23.14 27.52 28.11 25.19 20.15 16.13 18.54 21.97 28.03 25.04 23.00 18.76 18.10 17.45 18.61 19.35 20.00 22.78 24.82 24.82 26.79 26.65 24.02 23.14 23.58 23.58 24.09 25.70 26.72 25.48 21.32 20.37 20.59
14.75 16.35 15.84 13.72 10.07 9.78 9.27 9.27 10.88 11.75 11.39 12.05 11.83 14.89 15.70 14.31 14.45 15.70 17.37 17.37 16.57 14.24 12.48 12.12 11.39 9.78 8.32 6.94 7.96 10.59 13.43 13.87 15.55 17.30 16.28 15.26 20.44 22.63 20.73 19.35 19.71 19.42 19.05 18.25 18.25 17.37 17.08 18.54 21.83 23.00 23.80 25.48 24.89 24.45 26.86 23.21 21.90 20.22 17.30 21.46 18.10 21.68 21.02 24.09 25.62 23.00 22.34 22.92 25.26 25.26 26.43 30.00 27.16 25.77 24.31 23.80 24.75 25.40 24.31 24.09 20.66 19.78 19.49
17.67 16.64 12.70 10.44 9.34 8.91 10.37 11.02 11.53 13.72 14.53 13.65 14.16 16.72 19.05 19.93 19.20 19.42 18.10 18.10 16.43 15.77 15.04 14.89 15.26 12.63 10.51 12.34 14.38 16.50 19.78 23.65 26.72 26.57 22.12 20.44 21.02 17.59 17.37 15.55 14.75 15.40 15.84 16.06 16.06 14.97 15.18 17.30 18.83 19.93 21.61 25.62 27.01 29.49 31.61 32.56 31.90 31.39 26.94 20.88 14.16 16.21 17.08 20.73 23.00 24.89 25.99 23.58 21.97 21.97 23.29 25.33 26.06 26.65 22.78 18.32 16.06 11.90 7.74 4.53 8.32 14.16 15.26
12.56 12.26 11.39 12.48 13.72 12.19 12.85 11.32 13.87 14.31 14.53 14.60 14.53 15.11 16.64 16.79 19.13 20.22 18.98 18.98 17.37 16.06 15.11 17.30 18.61 18.03 17.67 16.86 16.50 21.75 26.13 30.51 32.70 26.35 24.16 13.80 9.78 9.49 9.78 9.34 10.37 10.80 12.26 13.43 13.43 13.14 14.16 15.26 16.50 19.13 21.61 23.65 23.58 24.89 30.22 37.01 36.21 33.58 30.66 18.61 12.41 12.05 12.48 13.58 13.80 16.57 21.83 26.28 24.24 24.24 24.02 24.31 24.75 23.07 20.37 17.37 17.16 15.33 0.00 0.00 11.97 17.74 18.40
12.56 12.26 11.39 12.48 13.72 12.19 12.85 11.32 13.87 14.31 14.53 14.60 14.53 15.11 16.64 16.79 19.13 20.22 18.98 18.98 17.37 16.06 15.11 17.30 18.61 18.03 17.67 16.86 16.50 21.75 26.13 30.51 32.70 26.35 24.16 13.80 9.78 9.49 9.78 9.34 10.37 10.80 12.26 13.43 13.43 13.14 14.16 15.26 16.50 19.13 21.61 23.65 23.58 24.89 30.22 37.01 36.21 33.58 30.66 18.61 12.41 12.05 12.48 13.58 13.80 16.57 21.83 26.28 24.24 24.24 24.02 24.31 24.75 23.07 20.37 17.37 17.16 15.33 0.00 0.00 11.97 17.74 18.40
12.78 12.19 12.41 14.16 16.43 18.69 14.38 9.78 8.25 9.20 10.22 13.07 15.40 17.96 18.03 15.70 15.62 17.67 17.37 17.37 15.62 14.24 14.60 15.62 17.08 19.49 20.37 16.79 15.18 18.69 22.27 27.81 27.74 27.45 18.03 11.68 8.10 7.01 7.88 8.10 10.07 13.43 15.70 17.89 17.89 19.86 23.29 24.60 23.43 23.07 23.94 23.73 22.41 23.00 26.94 29.42 27.23 25.40 19.71 12.70 13.07 16.64 21.53 20.29 17.08 17.16 19.93 23.65 25.55 25.55 26.06 24.45 23.58 27.67 22.85 19.93 18.61 14.53 8.91 8.98 18.54 17.23 14.09
15.48 15.70 15.40 17.45 20.66 22.56 19.56 14.16 10.22 9.20 11.61 14.02 16.94 21.32 25.40 20.51 18.83 20.15 18.98 18.98 16.64 14.45 10.37 7.81 12.48 16.28 19.05 17.81 14.60 16.86 22.27 23.94 23.87 27.08 26.50 22.05 14.97 12.05 12.26 13.14 14.53 16.57 18.47 19.35 19.35 19.93 24.16 23.21 20.81 19.05 18.47 17.45 17.30 16.50 22.12 27.16 29.27 25.62 23.07 21.97 24.09 26.28 28.84 28.11 23.73 22.12 22.85 23.00 27.81 27.81 32.85 33.14 31.90 30.08 26.65 21.24 18.25 14.89 12.70 17.08 17.74 16.57 14.82
17.01 15.04 15.84 17.89 21.61 24.89 25.11 22.70 16.43 14.02 16.06 18.18 18.25 19.86 21.02 20.29 20.51 22.56 24.09 24.09 24.82 24.53 18.91 12.48 12.70 16.86 20.51 21.02 19.35 20.51 20.08 25.11 25.33 29.35 26.57 22.78 17.37 12.92 9.93 9.49 11.17 13.21 19.64 23.80 23.80 23.58 20.29 15.99 13.07 15.40 20.15 18.61 15.11 14.89 15.99 20.08 24.89 28.98 29.86 29.93 29.64 32.56 37.52 35.70 31.83 28.69 27.89 33.43 35.62 35.62 36.50 30.59 29.49 28.18 22.63 18.25 16.28 16.72 17.81 19.56 20.44 17.59 15.84
14.09 11.90 13.51 15.77 18.10 21.83 25.40 23.94 19.42 18.18 17.89 18.10 17.37 17.30 17.08 15.70 18.10 21.61 23.43 23.43 22.70 21.10 18.69 17.59 18.40 21.10 22.70 20.66 18.61 15.91 14.97 17.67 21.61 28.84 27.52 17.89 9.49 8.10 6.57 5.40 8.61 11.90 16.79 23.73 23.73 31.03 32.12 27.16 24.67 24.53 24.45 21.83 18.61 18.18 15.99 19.49 21.32 27.16 24.97 29.13 31.61 35.04 37.08 35.04 33.87 33.43 35.62 35.62 33.36 33.36 28.84 26.13 24.97 24.31 22.27 16.57 14.16 13.58 15.11 14.02 14.97 17.01 17.45
12.41 12.41 12.41 16.64 15.99 16.94 17.37 19.27 20.44 21.53 23.51 26.28 27.96 28.54 25.19 19.42 17.52 20.81 23.80 23.80 23.87 24.45 24.53 25.62 26.21 26.86 26.35 26.86 24.09 19.49 13.07 9.64 11.02 17.45 22.85 15.91 7.52 2.92 0.00 0.00 9.20 15.18 8.98 13.65 13.65 21.97 22.27 23.14 24.75 26.06 25.77 24.97 26.21 27.74 33.87 28.69 29.42 29.05 29.20 30.30 33.51 36.65 38.54 39.27 37.08 34.16 31.90 30.51 28.32 28.32 22.34 19.20 14.09 14.67 13.51 9.93 9.05 10.07 11.46 11.17 12.19 15.33 13.58
12.41 12.41 12.41 16.64 15.99 16.94 17.37 19.27 20.44 21.53 23.51 26.28 27.96 28.54 25.19 19.42 17.52 20.81 23.80 23.80 23.87 24.45 24.53 25.62 26.21 26.86 26.35 26.86 24.09 19.49 13.07 9.64 11.02 17.45 22.85 15.91 7.52 2.92 0.00 0.00 9.20 15.18 8.98 13.65 13.65 21.97 22.27 23.14 24.75 26.06 25.77 24.97 26.21 27.74 33.87 28.69 29.42 29.05 29.20 30.30 33.51 36.65 38.54 39.27 37.08 34.16 31.90 30.51 28.32 28.32 22.34 19.20 14.09 14.67 13.51 9.93 9.05 10.07 11.46 11.17 12.19 15.33 13.58
11.39 10.37 10.00 10.44 12.34 13.21 12.78 15.55 20.00 22.27 23.29 25.62 26.86 29.35 33.73 30.73 26.43 24.82 25.04 25.04 26.50 27.96 26.86 27.08 29.20 31.68 29.93 27.52 27.01 24.24 19.05 9.64 8.61 9.86 10.22 7.96 4.67 1.90 0.00 0.00 4.45 6.20 5.33 5.55 5.55 10.59 10.22 7.88 12.41 16.13 16.79 17.01 18.32 18.10 22.63 27.23 31.46 27.74 26.94 23.94 28.11 32.78 36.50 37.01 38.47 34.97 29.20 26.57 25.04 25.04 24.53 23.73 19.42 16.13 13.94 11.83 9.93 9.42 8.25 8.03 9.27 10.00 9.64
8.76 6.57 7.52 8.98 10.88 13.14 16.57 21.10 28.84 29.78 27.38 26.50 25.11 25.26 25.77 26.21 26.50 26.13 24.38 24.38 23.87 25.11 26.28 26.94 29.20 30.37 32.91 25.66 23.00 17.89 13.36 7.08 5.84 5.18 0.00 0.00 0.00 0.00 0.00 0.00 2.34 0.00 0.00 0.00 0.00 4.82 4.82 5.26 7.01 7.96 8.40 9.34 11.61 11.83 10.51 12.70 14.82 14.67 15.26 20.88 28.18 30.66 28.54 30.22 33.65 34.89 33.07 30.15 28.11 28.11 29.13 30.73 28.40 24.89 18.54 12.34 9.13 6.94 5.40 5.77 9.20 10.95 9.27
9.20 10.44 12.70 14.24 16.06 17.81 23.21 29.42 30.30 28.91 26.13 24.75 22.92 22.12 19.20 17.81 22.19 27.23 31.39 31.39 33.58 34.67 33.43 31.03 31.05 34.82 32.11 29.98 29.95 27.74 20.37 13.14 8.25 6.35 2.77 0.00 0.00 4.45 4.96 5.91 5.26 3.72 2.48 3.14 3.14 5.55 6.13 5.26 4.89 5.04 0.00 3.80 5.84 6.79 5.91 6.20 6.79 12.12 17.74 23.73 32.85 33.22 27.45 25.04 26.06 26.43 28.11 27.89 28.47 28.47 29.27 30.08 29.93 27.89 22.19 16.79 12.85 11.39 10.22 12.12 10.44 7.81 7.15
15.48 15.18 15.04 17.16 17.37 17.74 18.91 20.15 18.91 15.18 12.41 12.63 12.63 10.80 7.81 11.17 17.89 23.80 25.92 25.92 26.79 28.69 30.02 30.78 32.29 34.95 33.28 35.53 33.03 31.08 24.43 14.09 16.21 13.21 8.03 6.06 6.28 7.45 7.01 5.40 6.20 8.40 5.69 4.60 4.60 4.09 4.89 5.40 5.48 4.38 0.00 0.00 5.40 6.20 6.35 0.00 6.64 11.17 14.45 18.76 26.57 33.00 30.22 28.69 24.53 20.73 21.46 29.35 30.08 30.08 30.44 29.35 27.89 26.50 24.53 22.56 20.73 17.59 14.09 13.80 12.12 7.01 7.59
17.37 15.40 15.33 15.84 16.13 16.64 15.26 13.21 12.63 9.49 5.18 0.00 3.14 2.41 3.72 5.48 6.79 7.37 7.96 7.96 9.40 11.36 14.45 21.82 26.79 31.35 30.15 32.06 35.07 35.91 34.80 27.81 24.31 25.48 20.08 15.55 14.24 10.07 7.37 5.99 4.09 5.33 7.66 7.45 7.45 3.72 2.04 4.38 5.77 4.89 3.21 0.00 0.00 0.00 2.56 4.96 6.64 7.15 8.03 10.15 22.70 32.05 36.14 34.60 33.43 31.83 29.27 31.76 33.07 33.07 30.95 28.32 24.60 18.91 19.20 19.86 17.89 12.48 9.86 10.22 7.23 4.31 4.38
17.37 15.40 15.33 15.84 16.13 16.64 15.26 13.21 12.63 9.49 5.18 0.00 3.14 2.41 3.72 5.48 6.79 7.37 7.96 8.00 9.71 11.53 15.47 21.28 27.48 30.88 30.15 31.10 32.59 33.55 35.34 28.09 25.32 28.63 21.24 15.95 14.24 10.07 7.37 5.99 4.09 5.33 7.66 7.45 7.45 3.72 2.04 4.38 5.77 4.89 3.21 0.00 0.00 0.00 2.56 4.96 6.64 7.15 8.03 10.15 22.70 32.05 36.14 34.60 33.43 31.83 29.27 31.76 33.07 33.07 30.95 28.32 24.60 18.91 19.20 19.86 17.89 12.48 9.86 10.22 7.23 4.31 4.38
20.73 19.86 19.20 19.71 20.37 20.22 18.76 15.48 13.36 10.44 5.40 0.00 0.00 0.00 5.99 8.25 7.88 6.94 6.20 6.20 0.00 0.00 4.67 5.80 9.71 15.42 20.35 23.08 26.27 29.86 33.82 31.49 25.49 25.89 32.10 27.92 24.28 16.59 9.49 8.54 5.26 3.36 8.54 12.34 12.34 9.27 7.15 10.44 12.99 9.27 4.96 0.00 0.00 0.00 0.00 0.00 4.23 2.63 5.77 10.29 15.99 24.89 30.30 31.61 37.52 37.52 34.53 30.88 29.64 29.64 23.73 21.53 17.81 14.53 15.62 16.79 13.94 8.61 6.20 5.55 2.63 1.75 3.65
16.94 19.27 19.05 17.52 18.40 16.28 16.57 17.74 19.56 19.56 15.48 11.02 8.03 7.96 10.80 11.97 14.24 18.47 15.91 15.91 8.44 3.29 3.08 2.85 5.48 5.72 9.56 6.50 10.97 17.36 26.91 28.54 23.80 22.05 29.60 32.71 30.86 24.75 15.26 9.05 6.28 5.04 4.67 9.86 9.86 8.61 10.22 10.95 12.56 11.68 8.54 6.57 3.36 0.00 0.00 0.00 0.00 0.00 0.00 5.77 8.10 11.17 16.72 29.27 40.51 39.49 32.27 26.06 25.26 25.26 24.09 20.81 19.71 16.06 15.91 16.06 11.97 6.28 6.35 4.89 3.87 2.92 2.48
11.90 14.89 17.01 16.72 16.94 15.91 13.65 14.09 19.71 21.83 20.22 17.37 13.07 11.39 9.64 12.63 20.51 22.70 18.98 18.98 9.34 6.42 8.10 6.13 5.40 5.11 8.25 7.23 7.01 11.43 18.75 22.70 25.92 28.98 27.96 26.74 30.03 29.92 20.08 12.99 10.73 8.98 5.69 4.09 4.09 7.23 10.00 9.27 7.81 11.90 15.84 21.39 17.52 10.37 6.28 0.00 3.58 3.80 0.00 4.31 0.00 5.99 9.49 22.27 32.70 33.07 28.91 24.31 23.21 23.21 20.95 17.16 14.24 12.70 11.97 12.12 10.73 8.25 9.64 10.51 9.27 8.40 6.57
12.48 15.48 18.10 20.66 20.29 18.18 18.98 21.75 25.62 26.43 24.45 19.20 16.13 14.67 11.61 12.34 16.57 14.97 13.65 13.65 11.75 10.37 9.56 8.18 7.45 6.86 9.71 10.51 10.71 12.41 14.53 16.28 16.94 21.75 22.56 23.29 26.50 28.90 26.40 20.48 14.53 11.32 7.96 4.67 4.67 5.40 7.81 7.23 9.78 13.87 16.94 20.95 19.35 12.12 10.66 5.26 0.00 4.16 6.86 8.40 5.04 4.02 7.01 13.21 19.42 20.59 18.40 18.18 18.10 18.10 14.82 13.87 12.12 12.19 12.85 14.97 13.36 11.24 11.02 13.29 13.80 14.67 14.67
8.10 10.59 15.26 18.91 16.35 13.80 14.16 19.64 25.04 30.01 33.80 31.32 26.28 18.03 13.94 14.02 12.26 9.05 7.88 7.88 9.78 13.58 15.04 13.07 9.71 11.39 10.88 9.78 7.89 6.64 7.88 6.35 5.11 9.78 16.13 22.48 24.60 20.15 19.64 20.45 17.52 12.03 10.29 9.42 9.42 7.74 6.50 5.99 6.50 8.25 11.46 11.46 13.94 14.82 14.60 12.26 10.37 6.35 8.83 13.07 11.02 7.66 6.28 5.99 7.15 5.40 5.62 5.04 4.82 4.82 3.80 5.48 6.72 7.66 8.10 8.76 8.83 10.07 7.96 7.15 8.25 8.83 9.05
4.31 3.14 6.86 10.37 13.29 15.04 15.84 15.40 11.97 11.68 15.84 22.78 22.70 16.86 13.43 8.54 5.11 4.09 5.11 5.11 3.80 3.21 6.64 8.76 10.15 11.32 9.71 7.66 5.18 3.93 2.65 0.91 1.17 2.18 4.31 5.62 8.83 10.07 11.50 13.94 14.82 11.06 11.46 10.88 10.88 6.13 5.77 6.06 6.20 6.79 5.77 7.88 5.04 3.43 7.01 10.22 8.47 4.74 6.35 9.05 14.67 12.34 7.01 6.79 6.94 5.77 4.02 5.04 2.85 2.85 0.00 0.66 0.00 1.39 0.00 0.44 1.39 0.00 3.07 4.53 6.72 7.08 7.81
4.31 3.14 6.86 10.37 13.29 15.04 15.84 15.40 11.97 11.39 15.84 22.78 22.70 16.86 13.43 8.54 5.11 4.09 5.14 5.11 3.80 3.21 6.64 8.76 10.15 11.32 9.71 7.66 5.18 3.87 2.56 0.88 1.17 2.12 4.31 5.65 8.88 10.07 11.45 14.08 14.82 10.95 11.46 10.88 10.88 6.13 5.77 6.06 6.20 6.79 5.77 7.88 5.04 3.43 7.01 10.22 8.47 4.74 6.35 9.05 14.67 12.34 7.01 6.79 6.94 5.77 4.02 5.04 2.85 2.85 0.00 0.66 0.00 1.39 0.00 0.44 1.39 0.00 3.07 4.53 6.72 7.08 7.81
13.29 8.69 5.84 3.65 5.99 16.79 25.19 22.78 16.97 11.34 8.91 10.37 11.46 11.68 8.83 5.55 3.50 0.00 0.00 0.00 0.00 3.65 5.40 5.40 6.86 7.88 7.96 6.94 5.55 3.80 2.85 1.24 1.53 1.61 2.56 3.14 3.43 4.53 5.18 5.65 6.42 6.06 5.91 7.74 7.74 6.57 5.33 5.40 7.01 11.39 7.52 5.91 2.19 0.00 3.36 3.80 2.77 6.50 8.69 10.73 15.40 16.13 9.64 7.37 8.54 5.69 3.14 3.14 0.00 0.00 0.00 0.00 0.00 0.00 0.00 0.00 0.00 0.00 0.00 0.00 8.03 10.80 9.34
