Wansh/Snow_depth/snowdepth-1981/winter/1982002.txt
ncols 321
nrows 161
xllcenter 60
yllcenter 15 
cellsize  0.25 
NODATA_value -1
[rows 74 to 110 of 161, columns 83 to 165 of 321]
0.00 0.00 0.00 0.00 0.00 0.00 0.22 0.00 1.39 3.58 3.80 3.87 4.82 6.57 8.54 10.80 10.51 8.54 6.50 6.50 6.86 8.91 8.32 9.13 6.20 7.66 9.05 5.99 0.00 5.04 4.53 4.38 0.00 4.67 4.53 3.65 0.00 1.97 2.26 3.43 6.94 5.04 0.00 0.29 0.29 0.00 0.00 0.00 0.00 1.39 0.00 0.00 0.00 0.00 0.00 0.00 0.00 0.00 0.00 0.00 0.00 0.00 0.00 0.00 0.00 2.70 0.00 0.00 0.00 0.00 0.00 0.00 3.87 0.00 0.00 0.00 0.00 0.00 0.00 0.00 0.00 0.00 0.07
0.00 0.00 0.00 0.00 0.00 4.45 7.15 6.86 7.45 9.34 9.05 7.66 7.30 7.01 7.15 7.66 8.54 7.45 7.96 7.96 8.69 9.27 7.45 7.45 8.32 11.61 14.31 8.98 9.27 11.53 10.37 8.76 6.57 4.96 0.00 0.00 5.18 4.45 0.00 0.00 5.18 4.82 3.14 3.87 3.87 1.46 0.22 2.99 0.88 0.37 0.00 0.00 0.00 3.14 0.00 0.00 5.26 3.65 2.77 0.00 0.00 0.00 1.02 2.77 0.00 0.00 0.00 0.00 0.00 0.00 3.74 8.54 6.13 0.00 0.00 0.00 0.00 0.00 0.00 0.00 0.00 0.29 1.24
2.48 2.77 4.74 6.28 6.50 8.10 8.69 8.25 8.47 10.07 8.98 8.83 9.13 9.34 9.64 10.15 12.41 12.92 11.17 11.17 9.86 10.00 8.91 8.25 10.22 11.61 9.93 10.73 14.31 11.97 10.29 7.88 7.15 5.84 4.23 4.16 4.53 4.31 0.00 6.06 6.57 0.00 0.00 3.94 3.94 2.41 0.00 0.44 0.00 4.16 0.00 0.00 0.51 3.72 1.68 3.29 4.09 3.29 3.21 2.70 3.21 3.21 1.10 0.00 1.31 0.00 0.00 0.00 2.77 2.77 7.23 12.19 10.80 5.77 2.41 0.00 0.00 0.00 0.00 0.00 0.00 1.17 1.92
8.54 7.81 8.40 7.88 6.28 6.64 6.86 5.04 6.94 7.66 7.59 7.59 9.27 10.22 10.88 10.59 11.61 12.56 9.71 9.71 8.69 7.96 6.64 8.47 8.76 8.18 7.52 9.86 10.44 9.71 9.27 7.96 5.48 5.33 4.89 4.45 0.00 0.00 0.00 6.50 0.00 0.00 0.00 0.00 0.00 0.80 1.39 3.87 6.50 7.01 4.74 5.91 3.14 0.00 3.14 2.63 2.99 4.74 7.52 8.32 5.48 6.86 5.48 4.53 4.53 1.90 1.68 3.43 3.87 3.87 4.74 5.55 6.35 4.53 2.12 0.00 0.00 0.00 0.00 0.00 0.00 0.15 0.81
9.78 11.61 11.46 7.81 9.05 10.95 9.49 5.91 6.50 6.28 5.62 6.28 8.47 8.98 8.03 7.74 9.64 9.34 9.34 9.34 9.49 7.81 7.45 7.45 5.91 4.89 4.38 5.40 4.23 5.48 5.48 3.72 0.00 0.00 0.00 2.77 0.00 0.00 0.00 0.00 0.00 0.00 2.77 0.00 0.00 0.00 0.00 0.00 0.00 0.00 7.81 7.96 4.60 4.74 5.99 5.77 4.31 0.00 4.31 0.00 4.67 7.30 7.37 6.42 4.31 4.60 4.23 3.87 2.85 2.85 3.43 3.14 3.43 3.36 2.99 0.22 0.22 0.66 0.52 0.00 0.00 2.19 1.98
22.85 23.29 18.47 16.28 13.07 11.32 6.72 4.82 6.50 6.57 7.96 7.66 6.79 7.23 8.18 8.32 8.32 8.76 9.13 9.13 8.54 0.00 6.57 5.77 5.62 0.00 0.00 0.00 3.21 0.00 0.00 2.34 0.00 0.00 0.00 0.00 0.00 0.00 0.00 0.00 0.00 0.00 0.00 0.00 0.00 0.00 0.00 0.00 0.00 0.00 0.00 5.69 0.00 0.00 0.00 0.00 0.00 0.00 0.00 0.00 0.00 3.50 4.82 3.36 0.00 0.00 4.02 3.87 3.65 3.65 3.94 4.60 3.43 3.65 2.99 0.81 0.66 1.47 1.61 0.44 0.95 0.15 1.39
11.90 11.90 13.94 17.23 19.64 19.27 10.07 5.40 5.84 7.08 9.20 7.45 5.62 5.33 5.99 5.48 5.84 6.50 6.94 6.94 0.00 0.00 5.99 6.42 6.20 0.00 0.00 1.02 0.00 0.00 0.00 0.00 0.00 0.00 0.00 1.10 0.00 0.00 0.00 0.00 0.00 0.00 0.00 0.00 0.00 0.00 0.00 0.00 0.00 0.00 0.00 0.00 0.00 0.00 0.00 0.00 0.00 0.00 0.00 2.99 0.00 0.00 0.00 0.00 0.00 0.00 0.00 0.00 0.00 0.00 2.77 1.83 2.19 2.77 2.12 1.17 0.00 0.00 0.46 0.51 2.70 1.61 1.61
11.68 11.53 15.18 19.78 22.92 21.61 13.94 8.25 7.45 7.66 8.25 8.47 7.15 6.64 5.11 6.42 5.55 4.45 4.09 4.09 2.41 0.00 6.06 0.00 0.00 0.00 0.00 2.77 0.00 0.00 0.00 0.00 0.00 0.00 0.00 2.26 2.12 0.00 0.00 0.00 2.99 2.12 0.00 0.00 0.00 0.00 0.00 0.00 0.00 0.00 0.00 0.00 0.00 0.00 0.00 0.00 0.00 0.00 0.00 4.23 0.00 0.00 3.87 4.02 0.00 0.00 0.00 0.00 0.00 0.00 0.00 2.70 3.80 5.26 8.54 6.64 1.83 0.59 2.06 2.87 2.62 1.76 1.61
14.45 15.62 19.35 17.96 17.89 17.96 12.92 9.27 7.81 5.11 4.31 4.09 4.96 5.77 5.18 3.87 5.18 7.15 5.91 5.91 4.09 3.94 0.00 0.00 3.65 0.00 0.00 5.48 0.00 0.00 0.00 0.00 0.00 0.00 0.00 2.77 1.17 0.00 0.00 0.00 0.00 0.00 0.00 0.00 0.00 0.00 0.00 0.00 0.00 0.00 0.00 0.00 0.00 0.00 0.00 0.73 1.02 3.65 3.72 3.65 3.50 1.61 1.97 2.41 0.00 0.00 0.00 0.00 0.00 0.00 2.04 3.29 0.00 5.99 11.53 10.22 5.99 5.18 4.96 3.94 3.15 2.34 0.00
15.62 14.89 18.76 16.57 14.24 12.70 10.37 6.86 5.77 4.16 3.58 3.58 5.40 4.82 3.94 4.16 5.48 5.40 3.43 3.43 5.04 4.31 3.14 0.00 0.00 0.00 0.00 4.38 0.00 0.00 0.00 0.00 0.00 0.00 0.00 4.09 4.02 0.00 0.00 0.00 0.00 0.00 0.00 0.00 0.00 0.00 0.00 0.00 0.00 0.00 0.00 0.00 0.00 0.00 0.00 0.15 1.83 2.34 1.61 1.83 1.83 2.12 2.70 4.16 3.29 0.88 0.00 0.73 2.99 2.99 2.63 2.85 4.60 8.61 12.99 15.26 11.61 7.59 6.50 5.11 3.94 3.14 0.00
10.00 9.86 9.71 11.24 12.19 9.34 0.00 4.23 4.96 5.62 4.23 4.67 5.62 6.13 5.84 4.60 4.23 5.26 4.82 4.82 5.26 4.31 1.61 4.23 4.96 4.45 4.45 0.00 0.00 4.45 0.00 0.00 0.00 0.00 0.00 0.00 0.00 0.00 0.00 0.00 0.00 0.00 0.00 0.00 0.00 0.00 0.00 0.00 0.00 0.00 0.00 0.00 0.00 0.00 0.00 0.00 0.00 1.75 0.51 0.66 3.07 2.48 3.58 4.89 3.94 3.58 7.30 4.74 4.60 4.60 6.79 6.50 5.48 7.01 8.40 9.34 9.64 8.25 6.64 5.18 5.62 0.00 0.00
9.13 7.52 5.91 4.09 5.18 4.23 0.00 2.99 5.11 6.35 5.62 4.53 5.18 5.26 5.55 4.74 4.16 5.04 3.80 3.80 5.91 5.04 4.09 3.80 0.00 4.67 4.31 2.70 2.12 4.02 4.82 0.00 0.00 6.50 0.00 0.00 0.00 0.00 0.00 2.77 0.00 0.00 0.00 0.00 0.00 0.00 0.00 0.00 0.00 0.00 0.00 0.00 0.00 0.51 2.26 2.85 1.83 2.41 1.90 0.00 1.68 3.89 5.14 6.62 7.59 9.42 14.60 13.72 10.95 10.95 14.82 17.37 9.05 7.52 4.96 4.38 6.79 8.54 9.64 6.86 4.38 4.16 0.00
5.99 6.13 6.35 7.30 6.28 5.18 6.20 5.33 5.11 5.91 5.48 4.96 6.13 6.86 8.10 6.86 7.01 8.91 8.40 8.40 9.34 6.13 4.89 5.26 4.31 5.18 5.33 4.53 0.00 0.00 2.48 0.00 3.43 2.19 1.83 0.00 0.00 0.00 0.00 6.35 8.91 4.09 0.00 0.00 0.00 0.00 0.00 1.31 0.00 0.00 0.00 0.00 0.00 0.15 0.00 3.72 8.98 9.05 9.78 9.78 8.47 10.22 11.39 12.96 15.18 17.30 20.22 18.61 15.18 15.18 16.13 15.77 11.61 8.61 7.01 5.62 4.60 5.11 5.91 6.79 6.86 5.33 5.26
0.00 0.00 2.85 3.58 4.53 6.50 7.66 6.79 5.04 5.55 6.06 7.23 8.18 8.03 7.52 7.74 11.75 15.18 24.53 24.53 22.19 19.05 9.64 9.05 5.40 5.11 6.79 6.13 4.16 0.00 0.00 3.21 0.00 0.00 0.00 0.00 0.00 0.00 0.00 7.30 10.37 6.35 2.70 0.00 0.00 2.63 0.88 0.00 0.00 0.00 0.00 0.00 3.21 1.90 0.58 1.68 4.53 5.77 11.24 13.87 15.48 19.86 22.34 18.76 15.48 16.60 21.46 21.32 14.02 14.02 10.80 9.64 9.27 7.08 6.28 5.84 5.77 5.40 4.53 4.31 6.57 6.50 0.00
3.87 5.55 2.41 0.00 0.00 5.48 6.06 5.11 3.87 3.65 4.60 6.28 8.40 7.37 9.86 14.02 18.47 19.49 27.45 27.45 28.40 22.92 16.64 15.04 11.02 10.22 13.65 12.41 8.83 8.10 6.06 4.82 4.31 0.00 0.00 0.00 0.00 0.00 0.00 4.16 4.53 4.60 0.00 2.99 2.99 3.43 1.10 2.34 2.19 0.00 1.90 0.00 3.50 1.68 1.83 4.38 3.72 3.87 7.66 11.83 16.79 21.68 25.11 22.85 17.37 16.81 19.16 19.49 13.29 13.29 9.86 7.37 7.66 9.20 9.71 9.71 8.83 6.94 6.35 6.20 6.06 7.45 0.00
5.11 5.26 0.00 0.00 2.92 1.75 3.58 3.07 2.92 0.00 3.87 3.72 4.31 6.28 10.59 15.70 20.59 24.45 29.57 29.57 32.70 29.35 18.98 14.16 17.96 21.97 21.90 15.77 9.49 9.49 6.94 5.40 4.96 5.55 5.62 5.69 4.31 3.07 3.43 0.00 0.00 4.09 6.06 4.82 4.82 4.53 5.69 7.45 5.11 2.85 3.36 2.99 2.63 1.97 1.83 6.50 5.99 5.04 6.20 8.52 13.13 12.34 14.60 19.89 22.05 20.75 17.76 20.36 18.10 18.10 12.05 10.22 10.59 12.12 15.40 13.51 11.24 10.22 8.10 6.72 3.06 5.61 0.00
4.53 5.33 3.50 0.00 0.00 0.00 1.46 1.61 0.00 1.02 2.85 4.16 4.74 5.18 3.36 8.25 18.25 22.85 26.50 26.50 27.89 18.61 14.02 13.07 18.83 26.13 17.01 12.12 10.80 5.40 3.80 2.99 2.77 3.43 4.74 4.53 3.29 3.80 4.38 3.50 3.87 0.00 3.21 0.00 0.00 2.85 5.77 4.82 3.21 2.04 4.23 4.38 5.04 7.66 7.15 11.39 12.19 8.83 5.91 5.77 5.62 3.91 5.84 8.18 15.91 19.49 16.50 15.08 15.55 15.06 14.23 15.40 14.16 15.40 16.35 14.02 12.63 12.41 11.02 10.32 0.00 8.27 0.00
4.38 5.33 0.00 5.26 4.23 3.07 2.12 2.19 2.77 3.07 4.16 4.23 3.72 3.58 0.00 5.62 12.26 10.44 12.48 12.48 6.28 6.86 5.91 7.23 9.34 9.86 8.40 6.64 4.02 4.09 3.80 4.74 4.16 3.07 0.00 0.00 0.00 2.63 0.00 0.00 0.00 0.00 0.00 0.00 0.00 0.66 1.02 0.22 2.04 2.63 3.80 3.07 5.55 10.95 12.34 16.57 19.35 12.99 10.00 8.77 8.33 6.94 6.35 7.75 9.81 16.27 18.70 16.50 13.36 13.43 13.94 14.82 17.89 16.94 13.36 12.47 12.26 12.34 14.24 12.84 9.97 0.00 0.00
2.48 2.26 3.43 4.02 0.00 3.80 4.31 4.74 5.18 5.84 6.20 4.45 2.92 3.36 3.94 4.38 0.00 5.55 0.00 0.00 5.77 0.00 1.83 0.00 0.00 0.00 0.00 0.00 0.00 0.00 0.00 0.00 0.00 0.00 0.00 0.00 0.00 0.00 0.00 0.00 0.00 0.00 0.00 0.00 0.00 0.00 0.73 1.10 1.53 2.70 2.85 1.46 3.94 10.07 20.08 28.18 27.89 24.02 21.90 10.66 7.94 7.82 8.56 7.42 10.23 13.41 16.74 17.74 14.97 14.97 10.85 11.73 17.20 16.95 13.93 13.06 13.94 11.68 10.45 10.61 9.61 0.00 0.00
3.43 1.68 1.83 1.46 0.00 0.00 3.72 3.50 0.00 0.00 4.82 1.68 0.00 2.48 0.00 4.02 5.33 3.72 4.31 4.31 5.04 0.00 4.53 3.50 0.00 0.00 0.00 0.00 0.00 0.00 0.00 0.00 0.00 0.00 3.14 0.00 0.00 0.00 1.17 0.80 0.00 0.00 0.00 0.15 0.15 0.00 0.15 2.99 1.97 3.36 3.36 3.14 4.09 9.42 25.40 25.55 26.28 29.50 26.72 20.59 16.13 12.41 12.46 9.68 10.14 17.90 19.47 17.31 15.40 15.40 10.69 9.03 12.78 15.19 14.97 13.04 10.86 8.40 6.37 5.73 5.34 5.73 0.00
4.67 2.85 2.48 2.26 2.56 2.99 4.23 0.00 0.00 0.00 4.02 0.00 0.00 0.00 0.00 5.33 3.72 3.21 3.87 3.87 5.62 5.69 4.23 2.26 1.97 0.00 0.00 0.00 5.55 0.00 0.00 0.00 0.00 0.00 0.00 0.00 0.00 0.00 1.31 0.00 0.00 0.00 0.00 0.00 0.00 0.00 0.15 2.85 2.41 1.46 5.99 5.55 7.88 9.61 15.20 15.90 21.49 21.37 24.31 29.05 27.01 19.93 15.48 11.07 10.89 14.13 20.00 21.17 15.04 15.11 10.64 7.35 7.62 8.15 11.81 11.43 8.98 6.48 5.14 2.34 3.29 0.00 6.44
3.72 3.87 4.02 4.96 4.31 3.36 2.34 3.65 0.00 0.00 0.00 0.00 0.00 0.00 0.00 0.00 0.00 0.00 4.45 4.45 3.21 2.77 0.00 0.00 0.00 0.00 0.00 0.00 0.00 0.00 0.00 0.00 0.00 1.68 1.61 0.00 0.00 0.00 0.00 0.00 0.00 0.00 0.00 0.00 0.00 0.00 1.10 2.12 2.04 2.04 8.18 11.17 11.61 10.00 11.39 16.70 19.94 19.44 20.97 20.68 25.66 23.11 17.31 16.49 13.36 12.30 16.53 16.70 11.81 11.81 8.04 5.63 4.54 3.15 5.79 5.72 7.56 6.70 6.30 3.52 0.00 0.00 8.17
5.55 4.16 5.33 7.45 8.25 6.35 5.91 4.02 2.77 0.00 0.00 0.00 7.59 0.00 0.00 0.00 0.00 0.00 0.00 0.00 0.00 0.00 0.00 7.52 5.33 0.00 0.00 0.00 0.00 0.00 0.00 0.00 0.00 0.00 0.00 0.00 0.00 0.00 0.00 0.00 0.00 0.00 0.00 0.00 0.00 0.00 1.24 2.85 5.11 4.16 15.26 15.48 13.87 11.32 13.35 14.45 15.98 13.48 18.27 21.02 25.03 29.75 26.46 17.46 11.66 10.58 14.35 12.93 8.52 8.40 5.78 4.61 4.96 4.90 4.52 1.90 3.96 3.85 3.17 3.93 0.00 4.67 8.58
15.33 9.42 0.00 8.25 9.20 10.37 12.48 13.29 7.15 4.82 4.16 0.00 0.00 0.00 0.00 0.00 0.00 0.00 0.00 0.00 0.00 0.00 0.00 0.00 0.00 0.00 0.00 0.00 0.00 0.00 0.00 0.00 0.00 0.00 0.00 0.00 0.00 0.00 0.00 0.00 0.00 0.00 3.65 1.75 1.75 2.41 3.50 7.15 12.78 15.91 16.55 17.01 14.45 23.47 25.03 20.22 18.64 24.45 17.89 15.61 19.87 20.32 22.59 22.32 12.48 5.63 7.93 9.86 7.07 6.90 4.60 4.96 3.77 3.50 4.16 3.08 3.36 0.23 1.53 2.83 1.34 4.69 5.18
23.65 17.01 13.14 17.16 22.19 29.57 29.93 15.84 8.69 7.88 7.30 6.42 5.84 3.43 0.00 0.00 0.00 0.00 0.00 0.00 0.00 0.00 0.00 0.00 0.00 0.00 3.58 2.41 2.26 2.04 1.90 2.26 1.46 2.56 3.21 1.97 0.00 0.00 0.00 0.00 0.58 0.00 0.95 5.55 5.55 9.56 10.80 11.24 12.78 10.07 14.97 18.36 14.26 11.51 10.55 12.48 10.32 17.10 19.19 18.75 20.47 16.87 12.10 12.48 12.79 11.02 6.38 1.84 1.50 1.47 1.75 1.68 0.83 1.10 2.87 4.57 2.26 0.61 0.16 0.58 1.35 3.33 4.70
20.00 22.12 19.56 22.56 26.43 31.90 33.22 15.99 4.60 0.00 0.00 4.38 4.53 3.36 0.00 3.80 0.00 0.00 0.00 0.00 0.00 0.00 0.00 0.00 2.12 3.72 2.85 1.90 2.34 2.85 2.12 3.58 4.09 2.04 3.50 2.99 0.00 0.66 1.61 0.00 0.00 0.00 3.58 6.42 6.42 9.56 12.34 12.48 12.78 8.96 12.55 14.52 11.54 12.66 10.32 7.21 6.03 10.62 11.92 12.84 16.58 18.58 13.31 9.48 5.87 6.86 7.08 2.57 0.31 0.30 1.24 1.68 0.88 0.35 1.44 4.66 3.43 2.51 0.00 0.00 0.00 0.00 2.31
12.12 22.63 23.14 17.08 9.86 16.79 26.06 20.81 9.13 0.00 0.00 0.00 0.00 0.00 2.77 0.00 5.55 0.00 2.63 2.63 0.00 0.00 0.00 0.00 2.19 1.75 0.73 0.00 1.90 2.99 3.29 3.72 2.19 1.10 2.26 2.12 2.99 4.38 0.73 0.00 0.66 2.77 5.77 7.30 7.30 9.13 11.10 11.32 7.15 6.73 8.26 8.35 12.09 12.98 13.88 10.24 7.20 4.77 8.33 8.91 14.77 16.64 16.02 7.96 4.38 3.43 3.58 2.91 0.29 0.33 0.40 1.86 0.18 1.16 5.18 6.14 3.54 1.68 3.14 0.00 0.00 0.00 0.00
0.00 12.70 16.06 8.76 0.73 7.81 15.84 18.18 12.33 6.06 0.00 0.00 0.00 0.00 2.99 0.00 0.00 0.00 3.14 3.14 0.00 0.00 0.00 1.17 2.41 1.17 0.07 0.00 0.73 2.34 3.29 2.63 0.73 0.00 0.00 0.22 1.90 2.34 1.17 0.00 0.95 4.99 7.15 7.96 7.96 9.13 9.64 9.93 7.41 6.35 4.36 5.84 10.28 12.23 18.10 11.60 10.77 5.72 6.89 9.46 10.99 14.26 17.02 11.15 8.76 5.40 3.17 3.45 2.51 2.42 1.08 1.96 2.53 4.68 6.45 4.97 2.47 4.08 1.91 0.00 0.00 0.00 1.50
0.00 0.00 0.00 0.00 0.00 4.23 12.92 16.35 13.21 10.07 5.69 3.94 0.00 0.00 0.00 0.00 0.00 0.00 2.70 2.70 0.00 0.51 0.37 1.39 0.58 0.22 0.00 0.00 0.00 0.00 0.00 0.00 0.66 0.00 0.00 0.00 0.15 1.02 1.17 1.39 2.63 3.43 5.55 6.20 6.20 7.74 8.54 8.83 8.91 7.81 6.79 10.23 11.39 11.32 0.00 9.14 13.15 0.00 0.00 12.00 13.78 9.61 8.57 11.11 12.57 10.86 5.04 3.12 3.13 3.15 0.85 0.00 3.71 1.69 1.73 0.80 0.00 4.17 3.45 0.00 0.00 1.72 3.53
0.00 0.00 0.00 0.00 0.00 0.00 10.22 18.98 18.32 15.91 12.41 12.78 5.84 4.60 0.00 0.00 0.00 3.21 0.00 0.00 0.00 0.37 1.17 2.04 0.00 0.00 0.07 0.00 0.00 0.00 0.07 0.00 0.51 0.81 1.10 0.00 0.00 0.00 0.00 0.00 1.46 2.85 3.14 2.04 2.04 2.71 2.48 6.46 5.69 5.41 6.32 8.71 6.73 0.00 0.00 0.00 0.00 0.00 0.00 0.00 13.04 10.24 12.14 14.20 13.92 14.30 13.33 3.99 3.06 3.58 3.41 0.00 0.00 0.00 0.18 1.80 1.17 3.00 3.50 0.00 0.00 0.00 0.00
0.00 0.00 0.00 0.00 0.00 0.00 8.10 11.90 14.38 18.40 20.51 16.57 5.77 13.21 0.00 0.00 0.00 0.00 0.00 0.00 0.00 0.00 0.00 0.00 0.37 0.44 1.46 2.26 0.00 0.00 0.00 0.00 0.66 1.68 0.88 1.25 2.41 3.14 0.00 4.67 0.00 0.80 0.80 0.00 0.00 0.37 0.51 1.17 1.44 2.27 4.60 4.79 0.00 0.00 0.00 0.00 0.00 0.00 0.00 0.00 0.00 16.59 11.19 13.59 17.80 10.99 10.45 4.01 0.49 0.55 5.65 3.70 2.54 0.00 0.00 0.00 0.75 1.83 0.00 0.00 0.00 0.00 0.00
0.00 0.00 0.00 0.00 0.00 0.00 0.00 7.23 12.34 18.91 19.13 12.56 15.77 18.69 14.38 15.04 11.26 8.18 10.29 10.29 0.00 0.51 0.00 0.00 0.00 0.00 2.19 1.46 1.39 0.00 0.00 0.00 0.00 0.00 1.46 2.56 3.43 3.14 0.00 10.59 0.00 0.00 1.10 0.66 0.66 0.00 0.00 0.00 1.05 4.13 8.11 0.00 0.00 0.00 0.00 0.00 0.00 0.00 0.00 0.00 0.00 0.00 12.58 7.17 9.67 9.87 11.40 10.80 3.36 3.44 3.42 0.00 0.00 0.00 0.00 0.52 1.44 2.35 0.00 0.00 0.00 0.00 0.00
0.00 0.00 0.00 0.00 0.00 0.00 0.00 0.00 7.52 9.49 7.81 8.47 19.20 15.70 14.67 12.78 14.67 8.91 10.57 9.86 0.00 3.29 2.04 0.00 0.00 0.80 1.39 0.00 0.00 0.00 0.00 0.00 0.00 0.73 2.34 2.56 1.68 0.00 0.00 0.00 0.00 0.00 4.60 0.00 0.00 0.00 0.00 1.83 3.71 9.05 13.93 0.00 0.00 0.00 0.00 0.00 0.00 0.00 0.00 0.00 0.00 0.00 0.00 0.00 0.00 9.02 12.15 11.28 9.21 11.26 4.97 0.00 0.00 0.00 0.00 0.00 0.00 2.07 0.00 0.00 0.00 0.00 0.00
0.00 0.00 0.00 0.00 0.00 0.00 0.00 0.00 0.00 0.00 0.00 0.00 0.00 0.00 0.00 0.00 0.00 1.31 8.87 9.01 11.46 11.53 12.19 9.78 6.35 3.94 1.24 3.65 0.00 0.00 0.00 0.00 0.00 0.00 5.55 7.66 6.28 8.18 7.30 5.69 6.75 9.86 9.73 9.05 9.05 8.61 4.89 5.26 8.00 4.53 0.00 0.00 0.00 0.00 0.00 0.00 0.00 0.00 0.00 0.00 0.00 0.00 0.00 0.00 0.00 0.00 0.00 0.00 0.00 0.00 0.00 0.00 0.00 0.00 0.00 0.00 0.00 0.00 0.00 0.00 0.00 0.00 0.00
0.00 0.00 0.00 0.00 0.00 0.00 0.00 0.00 0.00 0.00 0.00 0.00 0.00 0.00 0.00 0.00 0.00 0.00 0.00 0.00 2.99 7.82 6.73 9.86 11.90 7.52 3.42 4.94 10.59 9.34 5.84 7.15 6.50 5.84 4.53 4.45 8.69 12.41 13.43 10.59 6.35 10.57 14.60 11.02 12.32 11.02 7.81 10.22 9.13 0.00 0.00 0.00 0.00 0.00 0.00 0.00 0.00 0.00 0.00 0.00 0.00 0.00 0.00 0.00 0.00 0.00 0.00 0.00 0.00 0.00 0.00 0.00 0.00 0.00 0.00 0.00 0.00 0.00 0.00 0.00 0.00 0.00 0.00
0.00 0.00 0.00 0.00 0.00 0.00 0.00 0.00 0.00 0.00 0.00 0.00 0.00 0.00 0.00 0.00 0.00 0.00 0.00 0.00 0.00 0.00 0.37 4.38 8.61 11.39 2.49 4.02 10.29 14.24 11.02 9.05 5.99 4.67 3.65 0.88 1.59 7.30 5.84 6.13 0.00 0.00 6.79 6.66 8.45 7.95 11.60 10.05 5.15 0.00 0.00 0.00 0.00 0.00 0.00 0.00 0.00 0.00 0.00 0.00 0.00 0.00 0.00 0.00 0.00 0.00 0.00 0.00 0.00 0.00 0.00 0.00 0.00 0.00 0.00 0.00 0.00 0.00 0.00 0.00 0.00 0.00 0.00
0.00 0.00 0.00 0.00 0.00 0.00 0.00 0.00 0.00 0.00 0.00 0.00 0.00 0.00 0.00 0.00 0.00 0.00 0.00 0.00 0.00 0.00 0.00 0.00 0.00 0.00 0.00 0.00 0.00 7.37 4.31 1.97 2.63 3.51 0.00 0.00 0.00 0.00 0.00 0.00 0.00 0.00 0.00 0.00 0.00 0.00 2.70 0.00 0.00 0.00 0.00 0.00 0.00 0.00 0.00 0.00 0.00 0.00 0.00 0.00 0.00 0.00 0.00 0.00 0.00 0.00 0.00 0.00 0.00 0.00 0.00 0.00 0.00 0.00 0.00 0.00 0.00 0.00 0.00 0.00 0.00 0.00 0.00
