Wansh/Snow_depth/snowdepth-1981/winter/1982011.txt
ncols 321
nrows 161
xllcenter 60
yllcenter 15 
cellsize  0.25 
NODATA_value -1
[rows 0 to 36 of 161, columns 83 to 165 of 321]
14.67 15.70 19.49 20.29 19.13 18.83 15.99 13.21 11.97 16.43 17.45 18.83 19.49 20.88 22.48 24.09 24.16 26.21 25.92 25.92 25.19 24.53 22.56 19.05 13.65 9.34 6.64 4.23 4.23 6.20 8.47 9.71 16.94 21.02 22.41 24.16 22.78 21.61 21.17 20.08 19.05 17.89 15.04 10.07 10.07 6.06 5.84 7.08 8.03 10.51 15.40 18.18 14.75 13.51 12.56 14.82 14.67 12.78 11.61 10.07 6.13 5.40 4.67 4.23 3.72 4.67 4.53 5.11 5.84 5.84 8.54 10.07 10.15 10.29 9.71 10.15 10.07 11.61 13.58 14.31 13.80 11.24 8.03
14.82 15.62 16.35 17.59 16.28 12.70 13.65 10.15 12.12 13.80 16.50 17.67 15.33 12.92 13.65 11.83 14.60 18.91 21.75 21.75 22.63 23.00 24.67 23.51 18.40 11.32 8.61 6.28 4.89 6.20 8.25 10.00 12.41 14.82 13.07 13.43 14.89 15.55 15.48 14.24 16.06 17.81 16.72 17.81 17.81 13.87 10.37 7.66 6.42 7.59 10.15 8.76 8.32 8.98 8.83 10.22 11.02 11.02 11.46 9.93 8.54 7.74 8.03 8.03 7.81 7.08 6.79 7.45 9.34 9.34 11.02 11.32 9.64 10.29 10.73 12.12 13.21 14.31 14.31 14.02 12.92 11.75 11.39
0.00 16.21 15.48 13.21 12.26 9.78 11.17 14.02 16.35 19.56 21.39 22.05 20.81 18.10 17.08 14.45 10.59 11.24 14.38 14.38 16.21 18.76 22.12 24.53 21.46 14.67 10.07 6.28 3.87 5.40 7.23 8.40 9.27 10.59 13.87 16.21 18.03 19.42 20.88 22.56 22.12 20.22 20.51 22.85 22.85 23.51 23.21 17.30 10.29 6.86 4.89 3.58 4.45 5.69 6.79 8.47 11.39 12.26 12.85 13.87 14.31 13.29 13.65 12.48 11.97 10.95 11.39 13.43 14.02 14.02 13.36 11.32 9.71 10.66 11.32 12.26 14.09 12.78 11.61 13.80 14.45 13.72 15.26
0.00 16.21 15.48 13.21 12.26 9.78 11.17 14.02 16.35 19.56 21.39 22.05 20.81 18.10 17.08 14.45 10.59 11.24 14.38 14.38 16.21 18.76 22.12 24.53 21.46 14.67 10.07 6.28 3.87 5.40 7.23 8.40 9.27 10.59 13.87 16.21 18.03 19.42 20.88 22.56 22.12 20.22 20.51 22.85 22.85 23.51 23.21 17.30 10.29 6.86 4.89 3.58 4.45 5.69 6.79 8.47 11.39 12.26 12.85 13.87 14.31 13.29 13.65 12.48 11.97 10.95 11.39 13.43 14.02 14.02 13.36 11.32 9.71 10.66 11.32 12.26 14.09 12.78 11.61 13.80 14.45 13.72 15.26
14.38 14.60 12.41 12.26 12.85 15.91 14.16 16.64 15.62 18.47 20.95 20.51 20.37 19.27 19.05 17.81 15.48 12.92 10.37 10.37 9.27 9.20 14.38 17.81 21.02 20.51 16.50 9.13 6.20 5.62 5.91 6.35 6.86 9.27 14.16 19.42 21.75 22.41 22.41 21.90 21.10 18.69 19.86 23.14 23.14 25.77 27.59 28.03 21.83 13.43 8.54 6.94 4.96 4.60 3.94 4.67 6.20 7.37 6.94 9.34 11.90 13.80 14.97 12.85 13.43 15.26 16.28 17.30 16.72 16.72 14.89 14.09 12.78 11.83 10.73 11.02 13.43 15.70 15.11 13.29 12.63 12.56 13.58
17.67 17.89 17.16 17.08 16.43 13.29 8.03 9.56 9.64 10.59 14.02 17.52 19.49 20.00 18.10 17.74 18.98 18.98 16.72 16.72 13.21 9.86 9.13 10.07 16.06 17.01 13.87 10.73 8.03 6.72 5.69 4.89 5.62 7.96 10.73 15.33 17.30 15.84 13.94 14.02 14.75 15.70 19.05 21.02 21.02 20.59 22.70 26.65 23.58 16.13 9.20 5.84 5.55 5.91 5.33 4.89 4.74 5.04 6.13 8.25 10.59 12.92 14.67 18.10 17.89 17.59 14.82 13.29 13.14 13.14 13.65 13.94 14.67 14.45 12.26 10.15 8.25 7.96 8.25 9.71 11.10 14.89 14.60
19.64 20.22 17.52 15.55 14.09 14.38 14.16 14.31 13.36 13.80 14.75 14.38 15.70 17.52 17.45 17.23 16.13 16.43 16.57 16.57 17.30 16.21 12.41 10.51 10.73 11.75 8.18 6.35 6.57 7.15 6.94 7.74 6.13 8.91 9.86 11.97 14.31 12.78 12.85 13.29 14.24 15.77 17.45 19.86 19.86 20.88 22.19 23.36 19.64 11.53 6.28 5.26 3.87 4.16 5.04 4.89 6.64 8.76 11.10 11.39 11.46 15.77 19.42 21.68 20.95 20.08 19.93 17.52 15.40 15.40 14.31 15.26 17.52 18.54 17.52 14.89 13.51 12.19 10.22 8.91 8.98 12.78 15.04
19.64 20.22 17.52 15.55 14.09 14.38 14.16 14.31 13.36 13.80 14.75 14.38 15.70 17.52 17.45 17.23 16.13 16.43 16.57 16.57 17.30 16.21 12.41 10.51 10.73 11.75 8.18 6.35 6.57 7.15 6.94 7.74 6.13 8.91 9.86 11.97 14.31 12.78 12.85 13.29 14.24 15.77 17.45 19.86 19.86 20.88 22.19 23.36 19.64 11.53 6.28 5.26 3.87 4.16 5.04 4.89 6.64 8.76 11.10 11.39 11.46 15.77 19.42 21.68 20.95 20.08 19.93 17.52 15.40 15.40 14.31 15.26 17.52 18.54 17.52 14.89 13.51 12.19 10.22 8.91 8.98 12.78 15.04
18.69 17.89 16.50 0.00 0.00 15.11 14.24 13.21 14.24 14.53 15.33 13.07 9.64 10.15 13.80 16.50 16.79 15.40 15.18 15.18 15.91 17.30 16.13 13.51 11.83 8.91 8.18 7.37 6.94 7.88 8.91 8.03 6.94 7.74 12.48 18.03 20.29 17.52 14.75 14.67 14.45 12.92 13.72 14.89 14.89 17.81 21.02 11.24 10.15 7.45 5.84 5.99 5.99 4.82 4.16 4.67 5.04 6.42 7.66 9.42 10.44 12.48 13.87 14.31 14.53 14.60 15.40 15.26 15.77 15.77 15.33 17.08 17.96 17.16 15.91 14.31 13.87 12.48 11.61 12.78 11.24 9.27 8.83
0.00 17.74 17.74 16.43 17.01 17.74 0.00 15.48 14.09 11.17 10.51 9.71 8.25 8.25 10.22 13.94 15.11 13.21 12.63 12.63 12.92 14.75 15.70 11.02 8.54 7.66 7.66 6.35 8.25 9.20 9.27 8.69 8.18 10.22 17.08 21.46 20.00 18.25 15.77 11.90 6.94 6.79 5.91 4.60 4.60 8.61 0.00 3.43 5.55 6.64 8.47 10.80 12.48 13.07 12.26 10.66 10.44 10.15 8.83 9.64 9.78 9.42 9.93 9.42 8.98 11.53 12.05 13.58 14.82 14.82 14.45 14.82 16.28 17.01 12.99 9.56 11.24 15.91 21.02 19.64 13.87 9.49 8.61
0.00 0.00 17.16 15.11 0.00 0.00 0.00 9.27 8.98 7.74 7.15 7.45 7.45 7.59 7.37 7.45 7.88 0.00 8.91 8.91 11.75 11.46 11.10 8.91 7.23 7.08 8.76 8.25 8.03 7.37 7.66 8.91 7.66 7.37 8.54 10.59 13.87 14.53 11.39 8.25 7.59 7.37 7.45 6.57 6.57 6.64 5.55 6.72 7.88 10.15 9.78 10.95 13.58 13.43 12.70 11.90 11.61 11.75 11.32 11.61 11.24 12.85 14.31 12.85 13.14 15.33 15.55 18.47 23.58 23.58 23.29 19.78 19.35 19.71 17.96 13.94 14.53 18.40 22.05 20.59 14.31 11.17 12.12
0.00 0.00 17.16 15.11 0.00 0.00 0.00 9.27 8.98 7.74 7.15 7.45 7.45 7.59 7.37 7.45 7.88 0.00 8.91 8.91 11.75 11.46 11.10 8.91 7.23 7.08 8.76 8.25 8.03 7.37 7.66 8.91 7.66 7.37 8.54 10.59 13.87 14.53 11.39 8.25 7.59 7.37 7.45 6.57 6.57 6.64 5.55 6.72 7.88 10.15 9.78 10.95 13.58 13.43 12.70 11.90 11.61 11.75 11.32 11.61 11.24 12.85 14.31 12.85 13.14 15.33 15.55 18.47 23.58 23.58 23.29 19.78 19.35 19.71 17.96 13.94 14.53 18.40 22.05 20.59 14.31 11.17 12.12
0.00 0.00 0.00 0.00 0.00 0.00 0.00 0.00 7.81 7.88 6.86 8.40 9.34 9.71 0.00 0.00 0.00 0.00 0.00 0.00 0.00 0.00 8.18 7.30 8.40 8.10 8.10 7.59 6.42 5.62 5.77 6.20 6.50 6.86 8.83 10.66 13.36 13.58 12.56 12.12 12.78 14.24 12.12 11.17 11.17 10.29 10.29 9.86 11.97 14.16 18.32 20.15 23.00 20.08 16.64 15.26 14.82 17.08 19.93 20.29 16.35 13.51 13.14 11.83 12.34 12.99 13.43 15.62 18.98 18.98 21.10 21.90 21.46 19.42 18.03 20.08 20.81 21.46 22.78 22.12 17.45 18.69 19.42
0.00 0.00 0.00 0.00 0.00 0.00 0.00 0.00 0.00 0.00 0.00 0.00 0.00 0.00 0.00 0.00 0.00 0.00 0.00 0.00 0.00 0.00 0.00 8.18 7.88 7.15 6.13 7.88 8.61 9.71 11.90 13.65 16.28 17.30 15.84 15.18 18.61 20.81 18.69 16.72 16.50 15.55 12.85 13.58 13.58 12.70 12.85 13.87 14.31 14.16 16.35 18.03 19.35 19.71 20.08 18.25 15.26 14.60 15.18 15.91 16.86 17.30 18.54 19.27 17.81 15.62 15.40 16.64 19.13 19.13 20.73 22.70 22.70 20.95 19.86 19.64 20.66 18.47 16.50 20.22 20.15 15.18 13.51
0.00 0.00 0.00 0.00 0.00 0.00 0.00 0.00 0.00 0.00 0.00 0.00 0.00 0.00 0.00 0.00 0.00 0.00 0.00 0.00 0.00 0.00 10.29 12.70 10.80 7.81 8.61 10.80 14.24 16.06 18.69 24.60 28.84 25.55 18.91 16.57 13.14 10.95 11.02 9.42 10.44 14.16 10.59 11.83 11.83 11.24 10.88 12.48 13.14 13.65 17.52 20.08 21.02 22.63 25.19 26.13 24.09 20.00 16.43 12.63 8.76 11.10 14.16 16.50 18.32 18.98 18.25 15.40 14.31 14.31 18.18 19.56 19.27 17.67 15.33 14.38 13.80 8.10 0.00 10.66 7.52 15.77 12.99
0.00 0.00 0.00 0.00 0.00 0.00 0.00 0.00 0.00 0.00 0.00 0.00 0.00 0.00 0.00 0.00 13.36 14.75 14.75 14.75 13.51 11.97 12.05 13.87 15.33 15.77 14.89 12.92 14.16 17.08 20.88 24.89 25.26 19.27 12.63 7.37 6.72 6.06 5.84 5.55 6.72 6.57 7.30 7.01 7.01 9.34 10.29 10.22 11.24 11.17 15.11 16.86 14.16 17.37 22.12 27.30 30.30 25.77 15.70 8.18 6.50 7.45 8.83 8.18 8.40 12.34 15.62 15.11 14.02 14.02 15.77 17.89 18.91 17.16 14.82 12.41 12.78 8.18 0.00 0.00 10.66 16.28 12.48
0.00 0.00 0.00 0.00 0.00 0.00 0.00 0.00 0.00 0.00 0.00 0.00 0.00 0.00 0.00 0.00 13.36 14.75 14.75 14.75 13.51 11.97 12.05 13.87 15.33 15.77 14.89 12.92 14.16 17.08 20.88 24.89 25.26 19.27 12.63 7.37 6.72 6.06 5.84 5.55 6.72 6.57 7.30 7.01 7.01 9.34 10.29 10.22 11.24 11.17 15.11 16.86 14.16 17.37 22.12 27.30 30.30 25.77 15.70 8.18 6.50 7.45 8.83 8.18 8.40 12.34 15.62 15.11 14.02 14.02 15.77 17.89 18.91 17.16 14.82 12.41 12.78 8.18 0.00 0.00 10.66 16.28 12.48
0.00 0.00 0.00 0.00 0.00 0.00 0.00 0.00 0.00 0.00 0.00 0.00 0.00 15.40 15.62 10.95 10.95 12.34 12.26 12.26 11.53 10.51 9.78 9.78 11.39 13.87 13.87 12.63 11.90 13.65 16.43 19.13 21.39 22.48 20.73 11.90 8.18 7.88 8.25 6.94 5.33 7.52 9.56 10.66 10.66 15.99 20.81 20.44 18.61 18.32 18.10 18.61 18.61 19.42 21.24 20.44 19.64 16.79 12.34 8.03 9.56 12.92 13.21 9.93 9.93 13.29 16.13 16.64 17.96 17.96 21.39 21.53 21.02 21.83 15.33 13.14 13.65 10.88 0.00 8.76 13.51 12.99 10.66
0.00 0.00 0.00 0.00 0.00 0.00 0.00 0.00 0.00 0.00 8.61 12.26 13.94 17.30 17.45 14.89 14.75 16.21 16.43 16.43 16.64 14.16 9.78 8.69 10.15 13.29 16.50 15.04 13.07 13.65 18.40 22.34 25.33 26.79 23.94 20.00 15.18 11.46 10.15 12.12 15.99 14.82 15.04 14.97 14.97 14.45 13.87 15.84 11.53 10.88 12.12 11.32 12.56 14.75 17.96 20.44 21.68 18.10 16.43 17.96 20.22 23.07 25.11 22.41 18.91 16.57 16.13 19.05 25.62 25.62 28.11 26.94 26.35 24.16 16.86 15.48 14.60 12.34 11.17 11.10 12.19 12.34 11.32
0.00 0.00 0.00 0.00 0.00 0.00 0.00 0.00 12.85 0.00 0.00 0.00 13.14 14.82 16.94 16.28 15.70 16.13 18.25 18.25 19.27 18.40 15.11 11.46 11.24 14.60 16.06 16.94 16.13 15.11 16.13 21.17 24.67 25.55 21.53 18.25 14.97 8.40 8.91 7.96 8.98 12.19 17.30 19.71 19.71 19.13 12.92 4.53 4.96 8.76 11.61 11.53 9.78 9.86 10.73 15.18 20.29 22.63 23.07 23.87 25.62 30.30 32.85 30.30 27.23 23.29 22.19 28.32 31.03 31.03 26.28 25.19 24.82 21.10 16.64 15.99 15.26 13.21 14.45 15.84 12.92 12.41 10.73
0.00 0.00 0.00 0.00 0.00 0.00 0.00 0.00 0.00 0.00 0.00 16.50 17.67 17.81 16.06 14.53 15.91 18.91 19.42 19.42 19.27 19.05 17.96 20.00 20.29 19.78 21.02 19.93 16.06 12.85 11.10 12.34 17.30 24.67 23.58 13.07 7.96 7.81 0.00 0.00 7.59 9.71 12.85 18.40 18.40 22.92 24.67 20.00 16.28 18.47 17.52 15.62 14.67 14.60 13.36 13.07 17.16 21.46 22.63 26.35 29.78 31.10 31.03 30.59 29.49 28.47 28.98 30.81 27.67 27.67 21.97 20.00 18.76 19.71 18.76 16.79 10.95 12.92 13.80 13.43 13.29 15.04 14.45
0.00 0.00 0.00 0.00 0.00 0.00 0.00 0.00 14.82 15.04 16.79 19.64 22.92 26.35 25.99 20.73 18.47 21.39 21.90 21.90 23.21 24.75 24.09 24.16 26.21 25.62 24.53 23.21 22.70 21.39 14.38 10.51 12.99 16.21 19.86 12.34 7.74 0.00 0.00 0.00 10.73 14.02 10.29 12.92 12.92 18.47 16.21 16.86 19.27 19.49 19.64 20.00 21.17 22.27 23.00 25.26 25.48 24.89 24.45 26.28 29.49 30.66 31.61 33.00 31.83 28.84 27.74 26.21 22.70 22.70 18.69 15.11 11.24 10.73 13.07 7.74 8.83 9.64 10.95 11.39 11.39 14.53 13.65
0.00 0.00 0.00 0.00 0.00 0.00 0.00 0.00 14.82 15.04 16.79 19.64 22.92 26.35 25.99 20.73 18.47 21.39 21.90 21.90 23.21 24.75 24.09 24.16 26.21 25.62 24.53 23.21 22.70 21.39 14.38 10.51 12.99 16.21 19.86 12.34 7.74 0.00 0.00 0.00 10.73 14.02 10.29 12.92 12.92 18.47 16.21 16.86 19.27 19.49 19.64 20.00 21.17 22.27 23.00 25.26 25.48 24.89 24.45 26.28 29.49 30.66 31.61 33.00 31.83 28.84 27.74 26.21 22.70 22.70 18.69 15.11 11.24 10.73 13.07 7.74 8.83 9.64 10.95 11.39 11.39 14.53 13.65
0.00 0.00 0.00 0.00 0.00 0.00 0.00 13.94 16.72 18.32 16.94 18.25 17.96 21.68 24.16 24.82 23.80 22.63 19.27 19.27 16.43 19.42 20.95 22.27 25.04 27.96 25.11 20.73 18.83 15.04 11.32 8.25 6.79 6.50 5.69 6.79 6.50 0.00 0.00 0.00 0.00 5.04 4.60 0.00 0.00 6.57 7.45 6.20 6.06 7.23 10.37 11.68 14.45 16.57 20.08 23.07 24.45 24.60 21.24 21.61 24.53 26.50 26.94 29.13 30.88 28.32 25.77 24.31 21.39 21.39 21.32 21.17 17.45 12.92 9.20 9.34 7.74 7.81 8.10 7.52 9.13 9.27 9.56
5.84 5.77 3.50 0.00 6.50 8.61 14.82 21.97 25.40 23.94 21.90 18.18 16.43 17.45 18.61 18.25 20.37 23.00 24.16 24.16 23.73 23.43 24.24 26.06 26.44 26.71 27.51 24.33 24.02 19.93 14.53 7.88 5.33 4.16 2.26 0.00 0.00 0.00 0.00 0.00 0.00 0.00 0.00 0.00 0.00 0.00 3.58 4.53 4.60 4.60 4.09 4.60 7.66 9.56 10.66 10.66 11.32 12.99 14.24 18.61 24.02 24.82 23.36 25.84 29.42 29.86 28.91 27.30 24.89 24.89 24.75 26.21 23.29 19.71 14.89 10.51 8.10 6.06 4.09 6.86 9.27 11.02 8.18
9.42 10.07 10.73 10.07 10.29 11.97 14.16 17.08 19.78 18.91 15.99 15.33 13.29 11.46 10.66 11.97 16.13 20.88 22.92 22.92 23.36 26.65 23.36 20.29 21.94 28.85 26.67 26.70 27.62 26.28 18.25 11.32 10.07 7.37 4.89 0.00 0.00 0.00 0.00 4.38 2.26 3.21 3.72 0.00 0.00 0.00 5.91 5.62 4.23 0.00 0.00 3.21 5.69 6.57 5.99 5.33 6.06 10.22 13.80 18.40 25.19 25.77 23.07 22.34 22.34 22.27 22.63 24.60 24.02 24.02 23.36 23.80 25.19 23.36 16.94 12.19 11.97 11.46 9.64 10.29 9.78 8.18 6.86
12.05 12.26 11.46 11.32 9.64 11.02 11.24 9.64 7.66 5.48 0.00 0.00 3.87 0.00 0.00 7.37 11.17 13.72 14.75 14.75 15.91 17.52 19.34 21.90 24.99 25.42 24.21 30.59 29.35 28.97 25.18 16.43 17.89 16.43 14.82 4.67 7.45 7.74 8.32 7.01 4.89 5.69 4.60 0.00 0.00 0.00 0.00 3.80 4.31 0.00 0.00 0.00 3.72 4.82 0.00 0.00 7.45 8.69 10.29 14.38 23.21 28.18 27.52 26.21 21.17 18.40 23.80 25.40 25.92 25.92 25.19 23.07 22.34 21.61 19.56 17.30 15.99 14.82 12.78 14.53 9.56 5.62 7.74
13.29 13.14 12.34 13.43 14.02 11.90 9.93 7.37 4.31 0.00 0.00 0.00 0.00 0.00 0.00 4.74 5.69 5.33 3.80 3.80 0.00 6.49 10.45 14.45 17.52 21.12 24.82 27.39 29.04 34.01 33.26 25.38 24.31 25.77 18.32 14.89 13.58 8.25 7.08 7.59 3.58 0.00 6.50 5.55 5.55 0.00 0.00 0.00 3.36 0.00 0.00 0.00 0.00 0.00 1.24 4.09 6.50 7.08 7.88 12.19 21.10 29.42 31.68 30.73 29.71 26.28 27.38 28.03 30.15 30.15 26.43 24.24 18.40 16.94 15.70 15.33 13.87 9.64 9.78 9.49 5.18 2.63 2.92
13.29 13.14 12.34 13.43 14.02 11.90 9.93 7.37 4.31 0.00 0.00 0.00 0.00 0.00 0.00 4.74 5.69 5.33 3.80 3.82 0.00 6.59 11.19 14.09 17.97 20.81 24.82 26.57 26.99 31.78 33.77 25.64 25.32 28.95 19.39 15.27 13.58 8.25 7.08 7.59 3.58 0.00 6.50 5.55 5.55 0.00 0.00 0.00 3.36 0.00 0.00 0.00 0.00 0.00 1.24 4.09 6.50 7.08 7.88 12.19 21.10 29.42 31.68 30.73 29.71 26.28 27.38 28.03 30.15 30.15 26.43 24.24 18.40 16.94 15.70 15.33 13.87 9.64 9.78 9.49 5.18 2.63 2.92
15.91 16.79 16.86 15.62 14.89 12.48 10.88 8.76 6.79 5.62 0.00 0.00 0.00 0.00 5.40 5.77 7.15 6.86 6.42 6.42 0.00 0.00 0.00 0.00 7.34 9.51 11.95 15.78 19.22 23.87 28.98 25.37 22.77 22.07 29.46 25.74 22.62 14.38 8.98 8.40 0.00 0.00 5.77 8.18 8.18 4.53 4.09 7.15 7.88 0.00 0.00 0.00 0.00 0.00 0.00 0.00 3.87 3.50 6.13 8.03 13.65 20.66 23.36 28.47 32.41 33.22 29.35 27.01 25.62 25.62 23.73 18.25 14.97 12.26 13.87 14.31 11.17 4.89 3.65 4.09 1.97 2.12 3.50
12.78 13.65 12.78 13.65 13.14 12.41 11.90 11.39 14.09 14.31 12.78 9.86 7.81 7.01 8.40 10.51 12.78 13.87 11.53 11.53 7.48 5.18 0.00 0.00 3.50 3.01 0.00 4.31 7.26 12.22 22.93 25.19 23.21 20.08 27.59 29.61 29.67 22.68 13.65 8.18 6.72 0.00 0.00 6.72 6.72 6.50 7.52 8.91 9.86 9.20 7.52 6.13 0.00 0.00 0.00 0.00 0.00 0.00 0.00 6.35 8.25 10.95 16.64 27.16 35.04 35.62 26.57 21.90 23.43 23.43 23.94 19.86 16.94 12.85 13.58 11.46 8.47 6.79 4.89 3.65 2.70 1.53 0.95
0.00 11.68 14.82 14.60 14.31 13.72 12.12 12.26 14.31 15.33 14.82 13.07 10.00 9.49 8.98 10.22 13.07 12.92 10.22 10.22 6.20 4.23 5.11 5.69 5.40 4.38 4.09 5.33 6.12 8.34 13.22 17.45 23.51 25.19 23.58 23.67 25.29 26.55 20.00 15.70 12.05 10.00 5.84 3.87 3.87 4.96 7.96 7.74 7.37 9.93 12.19 16.72 11.39 5.55 0.00 0.00 0.00 4.82 5.69 3.80 3.94 5.55 10.29 23.51 29.57 27.89 23.51 20.37 21.46 21.46 19.13 15.84 12.99 11.83 10.95 9.27 7.37 7.88 8.47 8.32 8.32 6.28 5.18
0.00 0.00 0.00 0.00 0.00 0.00 0.00 0.00 0.00 20.73 20.08 17.59 13.65 10.66 10.00 11.02 11.90 11.02 10.15 10.15 11.24 12.48 11.10 7.96 6.35 6.06 7.01 8.10 8.95 8.18 9.20 9.05 15.48 18.98 19.93 20.59 24.38 22.68 21.79 19.22 15.34 11.90 8.54 5.18 5.18 5.48 6.79 6.64 7.96 11.17 14.02 15.84 14.97 9.71 6.72 0.00 0.00 3.94 5.77 6.28 5.04 5.26 8.47 13.94 17.23 16.21 12.78 16.57 14.09 14.09 12.63 12.05 10.07 11.39 11.17 11.24 9.20 8.76 8.25 9.42 10.15 11.46 12.12
0.00 0.00 0.00 0.00 0.00 0.00 0.00 0.00 0.00 0.00 0.00 0.00 17.08 11.61 9.78 7.66 6.06 4.82 5.04 5.04 5.33 5.04 6.72 6.57 7.88 8.47 5.99 6.13 3.98 5.33 6.86 6.94 7.96 10.44 12.99 16.86 19.86 17.01 13.58 15.93 16.02 11.89 9.78 8.25 8.25 6.35 7.88 6.64 5.48 5.26 8.32 11.61 12.56 10.73 10.59 10.15 7.59 6.28 9.20 9.64 9.05 7.59 6.86 5.40 6.13 5.77 5.62 9.34 3.65 3.65 3.36 6.50 6.42 5.69 6.79 7.59 8.76 5.99 6.35 5.84 6.28 7.23 7.74
0.00 0.00 0.00 0.00 0.00 0.00 0.00 0.00 0.00 0.00 0.00 0.00 11.02 7.74 6.13 4.74 4.31 4.23 0.00 0.00 2.04 0.00 0.00 0.00 4.82 5.18 5.04 6.28 6.20 0.00 0.00 0.00 2.93 5.57 0.00 7.88 10.22 8.76 9.81 10.88 11.17 9.73 9.93 9.56 9.56 6.94 5.40 0.00 6.06 6.64 6.13 5.84 3.29 0.00 4.31 6.79 6.50 5.33 5.55 9.93 13.43 10.44 6.64 7.37 8.69 6.86 5.40 4.23 0.00 0.00 0.00 0.00 0.00 1.10 1.53 0.15 0.80 0.00 0.00 2.34 5.84 7.01 6.28
0.00 0.00 0.00 0.00 0.00 0.00 0.00 0.00 0.00 0.00 0.00 0.00 11.02 7.74 6.13 4.74 4.31 4.23 0.00 0.00 2.04 0.00 0.00 0.00 4.82 5.18 5.04 6.28 6.20 0.00 0.00 0.00 2.92 5.40 0.00 7.92 10.27 8.76 9.76 10.99 11.17 9.64 9.93 9.56 9.56 6.94 5.40 0.00 6.06 6.64 6.13 5.84 3.29 0.00 4.31 6.79 6.50 5.33 5.55 9.93 13.43 10.44 6.64 7.37 8.69 6.86 5.40 4.23 0.00 0.00 0.00 0.00 0.00 1.10 1.53 0.15 0.80 0.00 0.00 2.34 5.84 7.01 6.28
10.59 6.72 0.00 0.00 0.00 0.00 0.00 0.00 0.00 0.00 0.00 6.64 7.08 6.94 6.57 4.82 0.00 0.00 0.00 0.00 0.00 0.00 0.00 0.00 0.00 0.00 0.00 0.00 0.00 0.00 0.00 0.00 0.00 0.00 4.53 5.26 5.62 4.16 5.55 6.24 7.52 4.96 5.84 7.23 7.23 6.57 5.69 6.06 7.66 9.13 9.34 6.79 0.00 0.00 4.60 4.53 5.04 6.50 6.42 8.54 12.12 12.05 7.88 4.60 6.50 0.00 0.00 0.00 2.34 2.34 0.00 0.00 0.00 0.00 1.31 0.00 0.00 0.00 0.00 3.50 8.25 9.93 8.69
