Wansh/Snow_depth/snowdepth-1994/winter/1994348.txt
ncols 321
nrows 161
xllcenter 60
yllcenter 15 
cellsize  0.25 
NODATA_value -1
[rows 0 to 37 of 161, columns 0 to 83 of 321]
3.14 3.14 3.94 5.77 5.91 6.64 6.42 7.15 6.50 10.00 8.18 7.74 7.74 8.10 8.18 7.88 5.99 7.81 7.81 7.81 7.81 6.28 8.83 9.42 11.17 10.00 10.00 10.66 10.29 8.98 9.34 8.61 9.34 9.20 9.20 8.91 10.66 10.37 10.44 10.59 12.41 12.26 11.83 11.10 11.24 11.24 11.75 11.24 12.78 13.94 12.26 12.26 14.02 14.09 14.16 14.31 14.16 14.97 14.75 14.75 14.31 14.60 11.97 12.19 12.92 10.37 10.37 10.29 9.05 10.88 7.74 8.40 8.03 9.49 9.20 9.49 9.49 9.49 10.00 9.93 10.07 9.78 9.05 9.05
3.80 3.80 4.09 5.18 5.77 6.50 5.91 6.57 8.10 7.37 9.71 8.18 8.83 8.18 7.74 7.96 6.28 5.26 5.55 7.30 7.59 10.44 10.51 11.02 10.80 10.73 10.73 10.66 10.66 10.51 10.37 10.59 10.15 10.88 11.39 10.88 10.88 11.83 12.12 11.68 12.63 11.90 12.34 11.32 11.39 10.73 11.39 11.83 12.34 14.02 14.09 14.09 14.60 14.24 14.97 15.18 14.67 15.04 12.85 11.10 13.87 10.44 8.25 8.10 8.32 9.71 10.15 9.56 9.56 7.59 7.88 7.15 8.98 8.54 9.34 9.56 9.56 9.49 9.71 9.49 9.42 8.25 8.18 8.47
4.23 4.23 4.02 5.55 5.55 6.20 6.06 6.57 6.72 6.50 8.18 6.86 7.30 7.66 6.86 6.35 6.42 5.18 6.20 7.66 9.86 11.17 11.02 11.24 9.93 10.07 10.07 9.93 10.44 10.29 10.44 10.66 11.32 11.17 10.80 11.10 11.68 11.46 11.53 12.92 12.99 12.05 11.97 11.10 11.10 10.00 10.95 10.95 10.73 10.80 13.43 13.43 11.61 12.19 14.16 13.07 12.70 11.97 12.41 9.78 8.03 8.32 7.59 8.18 7.81 8.10 8.18 5.99 6.72 6.86 6.28 7.08 6.79 7.23 7.15 7.81 7.81 9.20 9.20 9.71 9.20 8.54 8.18 7.88
4.23 4.23 4.02 5.55 5.55 6.20 6.06 6.57 6.72 6.50 8.18 6.86 7.30 7.66 6.86 6.35 6.42 5.18 6.20 7.66 9.86 11.17 11.02 11.24 9.93 10.07 10.07 9.93 10.44 10.29 10.44 10.66 11.32 11.17 10.80 11.10 11.68 11.46 11.53 12.92 12.99 12.05 11.97 11.10 11.10 10.00 10.95 10.95 10.73 10.80 13.43 13.43 11.61 12.19 14.16 13.07 12.70 11.97 12.41 9.78 8.03 8.32 7.59 8.18 7.81 8.10 8.18 5.99 6.72 6.86 6.28 7.08 6.79 7.23 7.15 7.81 7.81 9.20 9.20 9.71 9.20 8.54 8.18 7.88
3.94 3.94 3.80 4.16 5.91 6.64 6.28 5.26 4.67 4.89 4.53 5.77 5.55 6.72 6.94 6.50 4.96 5.62 5.04 7.81 8.18 7.96 9.20 9.56 8.98 9.20 9.20 9.86 9.13 8.76 8.83 9.93 9.42 10.88 10.66 11.53 12.12 11.75 11.83 12.12 10.73 10.95 11.02 9.05 9.34 9.34 7.23 9.27 9.27 7.81 12.34 12.34 8.98 8.32 7.45 10.44 8.40 8.61 7.74 7.81 7.88 7.52 6.94 7.37 5.77 7.88 4.74 3.43 3.21 3.80 5.40 3.50 6.42 6.57 6.06 8.03 8.03 7.37 9.78 9.49 9.42 8.10 8.40 6.72
3.43 3.43 3.65 4.09 4.60 6.06 5.77 5.18 5.33 4.67 4.53 4.89 4.82 4.67 6.57 6.35 5.26 4.82 6.64 6.94 7.15 6.79 9.13 6.64 7.45 8.18 8.18 9.13 8.98 8.32 9.05 9.05 9.13 10.44 10.80 12.05 12.12 11.75 11.10 11.46 10.29 8.54 9.13 9.20 7.37 6.57 7.08 5.55 6.50 6.50 5.55 5.55 5.77 6.06 6.64 5.77 7.01 7.37 7.01 7.45 4.89 6.13 6.20 6.20 5.40 2.56 3.65 2.48 2.34 2.19 2.63 2.48 2.34 3.80 3.65 3.65 3.65 4.74 7.45 5.99 5.84 7.23 5.62 5.33
4.09 4.09 3.80 3.29 5.62 4.38 5.77 5.40 5.84 5.77 5.33 0.00 0.00 0.00 0.00 4.23 3.94 0.00 5.69 5.18 4.67 6.06 6.28 6.13 6.86 8.10 8.10 8.76 9.34 9.13 9.05 9.64 10.15 9.86 9.93 8.40 10.29 9.93 11.02 9.86 9.86 8.40 6.94 7.08 7.30 6.50 5.62 5.69 6.42 5.33 5.48 5.48 3.87 4.53 4.02 4.67 4.53 4.67 6.06 6.13 3.80 3.07 3.21 2.99 4.23 3.21 1.46 1.53 3.50 4.53 4.31 2.70 3.43 3.43 2.99 3.80 3.80 3.43 4.31 4.96 4.89 5.69 5.62 5.84
4.09 4.09 3.80 3.29 5.62 4.38 5.77 5.40 5.84 5.77 5.33 0.00 0.00 0.00 0.00 4.23 3.94 0.00 5.69 5.18 4.67 6.06 6.28 6.13 6.86 8.10 8.10 8.76 9.34 9.13 9.05 9.64 10.15 9.86 9.93 8.40 10.29 9.93 11.02 9.86 9.86 8.40 6.94 7.08 7.30 6.50 5.62 5.69 6.42 5.33 5.48 5.48 3.87 4.53 4.02 4.67 4.53 4.67 6.06 6.13 3.80 3.07 3.21 2.99 4.23 3.21 1.46 1.53 3.50 4.53 4.31 2.70 3.43 3.43 2.99 3.80 3.80 3.43 4.31 4.96 4.89 5.69 5.62 5.84
3.21 3.21 3.07 3.43 4.23 4.60 5.26 5.33 5.55 4.45 4.67 3.29 0.00 0.00 0.00 0.00 0.00 3.21 4.16 4.09 4.45 4.82 4.45 6.42 7.45 7.30 7.30 8.61 7.74 8.10 9.86 9.42 8.98 7.30 7.01 7.23 8.32 9.20 8.76 9.27 7.15 6.42 6.57 7.08 6.64 7.30 5.18 6.57 6.42 6.64 6.79 6.79 5.26 5.48 5.55 5.26 4.96 5.04 5.40 4.82 4.02 3.29 3.21 3.50 2.56 2.63 1.68 3.14 2.63 4.45 3.94 4.09 2.63 1.39 1.97 1.97 1.97 3.43 2.41 2.41 4.60 4.38 5.62 5.48
0.00 0.00 0.00 2.85 2.48 3.94 4.74 3.87 0.00 3.43 2.41 0.00 0.00 0.00 0.00 2.48 0.00 3.36 3.36 3.80 4.38 4.02 4.82 6.28 7.66 8.69 8.69 7.01 7.66 7.96 7.96 7.59 7.96 6.20 4.38 5.69 5.26 7.96 8.25 8.54 8.03 8.32 6.79 6.94 5.33 5.04 5.33 6.35 6.79 6.86 7.23 7.23 7.23 6.86 7.96 7.59 7.96 6.50 6.79 6.50 6.28 6.64 3.29 2.92 2.92 2.92 2.70 2.56 2.41 0.80 2.70 1.46 1.24 1.24 1.75 3.80 3.80 3.65 3.07 4.02 3.29 5.33 5.91 6.06
0.00 0.00 0.00 2.19 2.85 2.41 4.67 0.00 2.56 2.77 2.85 1.83 1.68 1.53 2.99 2.63 2.85 3.14 3.07 4.60 6.13 5.99 7.52 7.59 7.96 7.81 7.81 7.74 8.18 7.88 7.37 6.64 4.09 4.38 4.31 5.18 6.86 6.57 8.54 9.13 8.40 8.91 6.13 4.96 5.04 6.13 6.42 6.13 8.91 8.40 8.10 8.10 9.13 9.05 8.76 7.81 8.03 8.40 8.18 6.79 7.23 5.04 5.18 3.87 2.85 3.07 2.70 2.04 1.97 1.17 0.00 0.00 0.00 0.00 0.00 2.26 2.26 2.19 3.07 3.07 4.53 5.40 4.96 5.48
0.00 0.00 0.00 2.19 2.85 2.41 4.67 0.00 2.56 2.77 2.85 1.83 1.68 1.53 2.99 2.63 2.85 3.14 3.07 4.60 6.13 5.99 7.52 7.59 7.96 7.81 7.81 7.74 8.18 7.88 7.37 6.64 4.09 4.38 4.31 5.18 6.86 6.57 8.54 9.13 8.40 8.91 6.13 4.96 5.04 6.13 6.42 6.13 8.91 8.40 8.10 8.10 9.13 9.05 8.76 7.81 8.03 8.40 8.18 6.79 7.23 5.04 5.18 3.87 2.85 3.07 2.70 2.04 1.97 1.17 0.00 0.00 0.00 0.00 0.00 2.26 2.26 2.19 3.07 3.07 4.53 5.40 4.96 5.48
0.00 0.00 2.04 1.68 1.39 0.00 0.00 0.00 2.85 2.77 1.75 1.90 3.72 4.45 4.23 2.85 2.92 2.92 3.65 4.96 7.74 7.74 7.59 7.59 7.74 7.52 7.52 7.59 7.96 6.28 7.08 4.02 3.50 5.69 5.55 5.48 5.91 7.15 6.79 8.61 8.47 6.72 6.57 8.40 7.23 6.94 9.71 9.78 9.05 10.00 8.40 8.40 8.54 9.42 8.91 8.98 9.56 8.61 8.91 7.23 5.62 6.20 3.72 3.21 2.99 2.26 0.00 0.00 0.00 0.51 0.00 0.00 0.00 0.00 1.39 0.80 0.80 0.73 1.83 3.58 2.85 4.53 4.74 4.60
0.00 0.00 0.00 0.00 0.00 0.00 1.53 2.48 2.48 2.99 3.94 4.60 4.23 4.67 5.69 5.91 2.92 6.50 7.37 7.45 7.66 8.18 8.61 7.37 8.25 7.81 7.81 7.52 7.30 4.38 3.29 3.58 4.96 6.57 6.57 7.37 7.15 6.86 8.61 8.91 8.76 8.54 8.98 8.91 9.42 10.07 9.71 9.86 9.78 10.15 8.03 8.03 8.03 8.10 8.25 9.49 9.13 9.13 6.79 7.23 4.02 0.00 0.00 0.00 0.00 0.00 0.00 0.37 0.15 0.00 0.00 0.00 0.00 0.00 0.00 0.00 0.00 0.29 0.15 0.22 0.00 0.58 0.37 1.02
2.12 2.12 0.00 2.48 0.00 2.19 4.23 3.36 5.91 3.72 4.67 4.23 7.81 7.59 7.37 7.45 5.62 7.52 8.91 9.13 8.40 8.10 8.32 7.74 8.18 9.27 9.27 7.81 8.25 5.55 7.52 6.86 7.30 6.94 8.61 8.47 8.61 8.61 9.27 8.69 8.69 9.05 8.83 8.98 9.20 9.78 9.42 9.27 9.13 7.59 8.10 8.10 7.37 7.30 7.74 8.91 8.25 7.66 3.29 2.12 2.70 0.00 0.00 0.00 0.00 0.00 0.73 0.00 0.00 0.00 0.00 0.00 0.00 0.00 0.00 0.00 0.00 0.00 0.00 0.00 0.00 0.00 0.00 0.22
3.65 3.65 3.72 3.50 6.50 4.74 4.89 4.60 6.86 7.15 6.57 10.07 9.34 8.91 9.27 8.54 7.08 8.54 10.29 9.64 9.20 8.69 10.07 9.42 9.56 9.56 9.56 7.52 8.69 7.30 7.74 7.59 5.99 8.54 7.88 8.61 8.91 9.05 9.71 10.00 9.27 9.42 8.83 8.98 8.47 8.25 8.76 9.05 9.27 7.74 8.18 8.18 8.10 7.81 6.28 6.35 5.84 1.53 2.04 0.00 0.00 0.00 0.00 0.00 0.00 0.00 0.00 0.00 0.00 0.00 0.00 0.00 0.00 0.00 0.00 0.00 0.00 0.00 0.00 0.00 0.00 0.00 0.00 0.37
3.65 3.65 3.72 3.50 6.50 4.74 4.89 4.60 6.86 7.15 6.57 10.07 9.34 8.91 9.27 8.54 7.08 8.54 10.29 9.64 9.20 8.69 10.07 9.42 9.56 9.56 9.56 7.52 8.69 7.30 7.74 7.59 5.99 8.54 7.88 8.61 8.91 9.05 9.71 10.00 9.27 9.42 8.83 8.98 8.47 8.25 8.76 9.05 9.27 7.74 8.18 8.18 8.10 7.81 6.28 6.35 5.84 1.53 2.04 0.00 0.00 0.00 0.00 0.00 0.00 0.00 0.00 0.00 0.00 0.00 0.00 0.00 0.00 0.00 0.00 0.00 0.00 0.00 0.00 0.00 0.00 0.00 0.00 0.37
7.88 7.88 7.59 7.81 6.86 9.05 9.20 8.91 8.47 10.80 10.59 10.59 10.15 9.27 9.34 8.69 9.13 10.07 10.07 10.07 11.02 10.37 9.93 9.34 8.10 8.61 8.61 8.32 8.91 7.23 4.82 5.11 5.04 7.52 8.69 8.69 9.56 7.88 10.37 10.66 8.32 9.56 8.69 8.47 8.40 8.54 8.25 8.91 8.03 8.25 7.15 7.15 6.86 6.72 5.18 0.00 0.00 0.00 0.00 0.00 0.00 0.00 0.00 0.00 0.00 0.00 0.00 0.00 0.00 0.00 0.00 0.00 0.00 0.00 0.00 0.00 0.00 0.00 0.00 0.00 0.00 0.00 0.95 1.10
9.42 9.42 8.18 10.51 11.02 10.80 10.59 11.02 10.73 10.88 9.64 9.78 9.71 9.78 8.91 8.91 8.54 9.27 10.44 10.44 10.29 10.37 10.07 7.81 7.45 7.96 7.96 6.72 5.18 5.40 5.11 6.50 7.52 7.15 8.10 5.04 5.04 5.48 4.23 6.13 6.64 5.99 8.18 9.20 8.54 8.83 7.52 7.59 6.79 7.30 7.23 7.23 6.20 0.00 4.38 0.00 0.00 0.00 0.00 0.00 0.00 0.00 0.00 0.29 0.15 0.58 1.17 1.02 0.58 1.24 0.58 0.00 0.00 0.51 0.00 0.00 0.00 0.00 0.00 0.00 0.00 0.58 0.37 0.37
9.86 9.86 9.20 10.51 11.24 11.10 10.88 11.46 10.88 9.78 9.93 10.00 10.00 9.78 9.20 8.40 8.18 7.96 8.98 9.20 7.52 7.81 7.74 7.88 7.23 7.52 7.52 7.01 4.67 4.82 5.69 6.64 7.59 5.84 5.77 4.38 3.80 2.77 3.14 1.75 5.40 5.26 5.04 8.83 7.52 7.52 6.79 7.45 6.72 7.01 5.55 5.55 6.28 0.00 0.00 0.00 0.00 0.00 0.58 0.66 0.00 0.07 0.00 0.80 0.29 0.51 0.15 1.31 1.68 1.53 1.31 1.17 1.24 0.88 0.73 0.07 0.07 0.37 0.00 0.00 0.00 0.29 0.80 0.88
8.61 8.61 8.10 10.15 9.64 11.10 9.78 10.59 10.80 9.78 8.83 8.91 8.98 9.27 9.05 8.76 8.47 7.23 6.35 7.30 7.81 7.15 8.18 8.83 8.10 8.32 8.32 7.15 7.30 7.08 7.01 6.35 6.28 5.48 6.94 6.20 4.53 2.70 2.04 2.19 2.34 3.65 2.85 7.30 6.13 4.53 4.45 6.64 5.40 5.11 0.00 0.00 0.00 0.00 0.00 0.07 0.00 0.00 0.22 0.00 0.00 0.00 0.37 0.73 0.80 0.73 0.37 0.88 1.68 2.12 2.34 1.10 1.31 1.17 1.31 0.66 0.66 1.31 0.80 0.44 1.02 1.02 1.17 1.10
6.50 6.50 7.37 9.05 8.61 9.78 9.34 9.49 9.93 8.76 7.52 6.50 6.50 8.32 8.69 6.79 7.08 7.66 8.25 8.18 8.10 7.88 6.72 7.23 8.32 6.64 6.64 8.69 8.40 7.96 7.45 7.23 7.01 6.94 8.47 6.06 5.91 4.23 1.90 0.29 0.07 1.61 2.26 2.19 3.36 2.85 1.53 1.83 2.19 0.00 0.00 0.00 0.00 0.00 0.73 0.37 0.80 0.00 0.44 0.00 0.00 0.00 0.00 0.73 0.51 0.73 2.34 2.34 2.77 1.61 1.68 1.31 1.39 1.46 1.02 0.22 0.22 0.22 0.44 0.51 0.15 0.44 0.15 0.51
6.50 6.50 7.37 9.05 8.61 9.78 9.34 9.49 9.93 8.76 7.52 6.50 6.50 8.32 8.69 6.79 7.08 7.66 8.25 8.18 8.10 7.88 6.72 7.23 8.32 6.64 6.64 8.69 8.40 7.96 7.45 7.23 7.01 6.94 8.47 6.06 5.91 4.23 1.90 0.29 0.07 1.61 2.26 2.19 3.36 2.85 1.53 1.83 2.19 0.00 0.00 0.00 0.00 0.00 0.73 0.37 0.80 0.00 0.44 0.00 0.00 0.00 0.00 0.73 0.51 0.73 2.34 2.34 2.77 1.61 1.68 1.31 1.39 1.46 1.02 0.22 0.22 0.22 0.44 0.51 0.15 0.44 0.15 0.51
6.64 6.64 7.30 8.61 8.54 8.91 8.91 8.47 8.47 8.32 7.59 6.13 6.72 7.66 6.13 8.10 7.74 7.88 4.82 5.11 4.16 3.94 4.74 5.04 0.00 5.77 5.77 9.71 8.54 8.25 8.32 6.57 7.59 7.52 7.81 7.23 3.94 4.53 1.39 0.00 1.97 1.39 2.70 1.83 0.00 1.61 0.00 0.00 0.00 0.00 0.00 0.00 0.00 0.00 0.00 1.83 2.04 0.00 0.00 0.00 1.97 2.56 3.50 1.17 1.24 2.92 2.41 3.72 1.39 1.90 1.90 1.46 0.73 0.95 0.58 0.15 0.15 0.44 0.00 0.00 0.58 0.22 0.80 1.46
7.59 7.59 7.30 8.61 8.91 8.40 8.32 8.54 7.52 6.20 6.28 4.82 7.23 9.20 6.50 7.30 6.79 3.14 3.21 2.19 0.00 0.00 0.00 0.00 0.00 0.00 0.00 7.01 7.88 6.42 7.01 6.79 7.81 5.84 6.06 6.50 2.04 0.73 0.66 0.00 0.00 0.00 0.00 0.00 0.00 0.00 0.00 0.00 0.00 0.00 1.24 1.24 0.00 3.29 3.58 3.65 4.60 3.21 3.72 3.80 3.80 3.94 5.33 5.91 5.77 5.26 4.16 3.58 2.85 2.77 1.97 2.41 2.12 3.29 3.94 3.43 3.43 2.04 0.51 0.80 1.68 2.63 2.41 2.92
10.15 10.15 9.42 9.34 8.91 7.96 7.37 6.20 6.57 6.06 6.20 6.57 6.42 8.25 3.21 1.90 1.39 1.90 0.80 1.46 0.00 0.00 0.00 0.66 3.36 6.20 6.20 6.20 6.94 6.35 5.26 5.55 3.43 3.94 0.00 1.46 0.80 0.00 0.00 0.00 0.00 0.00 0.00 0.00 0.00 0.00 0.00 0.00 0.00 1.10 2.19 2.19 0.00 4.53 4.09 4.45 4.67 5.55 5.69 6.72 6.50 6.50 6.28 6.50 5.77 4.16 4.53 3.29 2.77 1.75 1.97 2.19 4.31 3.87 5.11 5.11 5.11 5.99 3.07 2.04 1.90 2.56 3.43 4.53
10.37 10.37 9.56 9.49 7.81 7.96 6.13 5.99 7.01 5.77 6.64 6.06 6.42 5.84 0.44 0.00 0.00 0.00 0.00 0.00 0.00 0.00 0.00 0.00 2.48 5.99 5.99 6.72 5.99 5.99 4.60 1.61 1.17 1.31 0.00 0.00 0.00 0.00 0.00 0.00 0.00 0.00 0.00 0.00 0.00 0.00 0.00 0.00 0.00 0.00 0.66 0.66 1.02 3.94 3.21 3.87 3.65 4.31 5.33 5.40 5.33 3.94 3.58 6.13 5.62 2.99 1.75 1.83 1.39 1.97 1.24 1.39 2.77 1.83 3.07 4.89 4.89 5.62 5.48 2.70 2.41 2.19 4.38 3.72
9.13 9.13 8.47 9.05 5.55 5.91 5.91 5.26 7.15 5.62 5.04 5.77 0.00 2.04 0.00 0.00 0.00 0.00 0.00 0.00 0.00 0.00 0.00 0.00 1.97 3.07 3.07 5.11 0.00 0.37 0.15 0.00 0.00 0.00 0.00 0.00 0.00 0.00 0.00 0.00 0.00 0.00 0.00 0.00 0.00 0.00 0.00 0.00 0.44 0.00 1.17 1.17 0.00 0.00 0.00 0.00 3.80 4.45 4.16 4.16 3.07 3.14 1.90 1.90 0.44 0.66 0.00 0.73 1.46 1.31 1.02 1.10 0.95 0.88 1.46 3.65 3.65 2.19 2.99 2.77 3.14 2.12 2.41 3.07
9.13 9.13 8.47 9.05 5.55 5.91 5.91 5.26 7.15 5.62 5.04 5.77 0.00 2.04 0.00 0.00 0.00 0.00 0.00 0.00 0.00 0.00 0.00 0.00 1.97 3.07 3.07 5.11 0.00 0.37 0.15 0.00 0.00 0.00 0.00 0.00 0.00 0.00 0.00 0.00 0.00 0.00 0.00 0.00 0.00 0.00 0.00 0.00 0.44 0.00 1.17 1.17 0.00 0.00 0.00 0.00 3.80 4.45 4.16 4.16 3.07 3.14 1.90 1.90 0.44 0.66 0.00 0.73 1.46 1.31 1.02 1.10 0.95 0.88 1.46 3.65 3.65 2.19 2.99 2.77 3.14 2.12 2.41 3.07
6.79 6.79 5.91 8.10 4.31 5.11 4.60 4.38 6.42 4.09 3.07 0.00 0.00 0.00 0.00 0.00 0.00 0.00 0.00 0.00 0.00 0.00 0.00 0.00 1.53 1.61 1.61 0.00 0.29 0.00 0.00 0.00 0.00 0.00 0.00 0.00 0.00 0.00 0.00 0.00 0.00 0.00 0.00 0.00 0.00 0.00 0.00 0.00 0.95 1.90 0.00 0.00 0.00 0.00 1.02 1.31 0.29 1.17 2.12 2.04 1.17 1.24 1.46 1.39 0.44 0.00 0.00 0.00 0.88 1.10 1.17 0.95 1.24 0.66 0.00 1.39 1.39 1.02 2.41 2.63 0.95 1.83 2.77 2.48
0.00 0.00 0.00 0.00 0.00 4.31 3.36 2.12 3.29 3.50 0.00 0.00 0.00 0.00 0.00 0.00 0.00 0.00 0.00 0.00 0.00 0.00 0.00 0.00 0.29 0.29 0.29 0.00 0.73 0.00 0.00 0.00 0.00 0.00 0.00 0.00 0.00 0.00 0.00 0.00 0.00 0.00 0.00 0.00 0.00 0.00 0.00 1.02 0.00 1.90 1.83 1.83 1.61 0.00 1.61 0.66 1.39 0.66 0.29 0.00 0.00 0.66 0.07 0.00 0.00 0.00 0.00 0.00 0.00 0.00 0.07 0.73 0.80 1.10 0.00 0.88 0.88 1.53 0.22 0.07 0.66 0.95 1.75 2.04
0.00 0.00 0.00 0.00 2.70 2.85 2.26 0.58 0.00 0.00 0.00 0.00 0.00 0.00 0.00 0.00 0.00 0.00 0.00 0.00 0.00 0.00 0.00 0.00 0.00 0.00 0.00 0.00 0.00 0.00 0.00 0.00 0.00 0.00 0.00 0.00 0.00 0.00 0.00 0.00 0.00 0.00 0.00 0.00 0.00 1.24 1.53 0.44 0.66 0.80 0.88 0.88 0.29 0.00 0.51 0.22 0.00 0.00 0.00 0.00 0.00 0.00 0.00 0.00 0.00 0.00 0.00 0.00 0.00 0.00 0.00 0.00 0.00 0.00 0.00 0.00 0.00 0.00 0.00 0.22 0.00 0.00 0.29 0.00
0.00 0.00 0.00 0.00 0.00 0.00 0.00 0.00 0.00 0.00 0.00 0.00 0.00 0.00 0.00 0.00 0.00 0.00 0.00 0.00 0.00 0.00 0.00 0.00 0.00 0.00 0.00 0.00 0.00 0.00 0.00 0.00 0.00 0.00 0.00 0.00 0.00 0.00 0.00 0.00 0.00 0.00 0.73 0.58 1.68 0.95 0.73 0.66 0.88 0.58 0.00 0.00 0.29 0.00 0.00 0.00 0.37 0.00 0.00 0.00 0.00 0.00 0.00 0.00 0.00 0.00 0.00 0.00 0.00 0.00 0.00 0.00 0.00 0.00 0.00 0.00 0.00 0.00 0.00 0.00 0.00 0.00 0.00 0.00
0.00 0.00 0.00 0.00 0.00 0.00 0.00 0.00 0.00 0.00 0.00 0.00 0.00 0.00 0.00 0.00 0.00 0.00 0.00 0.00 0.00 0.00 0.00 0.00 0.00 0.00 0.00 0.00 0.00 0.00 0.00 0.00 0.00 0.00 0.00 0.00 0.00 0.00 0.00 0.00 0.00 0.00 0.37 0.44 0.44 0.88 0.37 0.22 0.44 0.44 0.00 0.00 0.00 0.00 0.00 0.00 0.00 0.00 0.00 0.00 0.00 0.00 0.00 0.00 0.00 0.00 0.00 0.00 0.00 0.00 0.00 0.00 0.00 0.00 0.00 0.00 0.00 0.00 0.00 0.00 0.00 0.00 0.00 0.00
0.00 0.00 0.00 0.00 0.00 0.00 0.00 0.00 0.00 0.00 0.00 0.00 0.00 0.00 0.00 0.00 0.00 0.00 0.00 0.00 0.00 0.00 0.00 0.00 0.00 0.00 0.00 0.00 0.00 0.00 0.00 0.00 0.00 0.00 0.00 0.00 0.00 0.00 0.00 0.00 0.00 0.00 0.00 0.00 0.00 0.00 0.22 0.37 0.51 0.00 0.29 0.29 0.00 0.00 0.00 0.00 0.00 0.00 0.00 0.00 0.00 0.00 0.00 0.00 0.00 0.00 0.00 0.00 0.00 0.00 0.00 0.00 0.00 0.00 0.00 0.00 0.00 0.00 0.00 0.00 0.00 0.00 0.00 0.00
0.00 0.00 0.00 0.00 0.00 0.00 0.00 0.00 0.00 0.00 0.00 0.00 0.00 0.00 0.00 0.00 0.00 0.00 0.00 0.00 0.00 0.00 0.00 0.00 0.00 0.00 0.00 0.00 0.00 0.00 0.00 0.00 0.00 0.00 0.00 0.00 0.00 0.00 0.00 0.00 0.00 0.00 0.00 0.00 0.00 0.00 0.22 0.37 0.51 0.00 0.29 0.29 0.00 0.00 0.00 0.00 0.00 0.00 0.00 0.00 0.00 0.00 0.00 0.00 0.00 0.00 0.00 0.00 0.00 0.00 0.00 0.00 0.00 0.00 0.00 0.00 0.00 0.00 0.00 0.00 0.00 0.00 0.00 0.00
0.00 0.00 0.00 0.00 0.00 0.00 0.00 0.00 0.00 0.00 0.00 0.00 0.00 0.00 0.00 0.00 0.00 0.00 0.00 0.00 0.00 0.00 0.00 0.00 0.00 0.00 0.00 0.00 0.00 0.00 0.00 0.00 0.00 0.00 0.00 0.00 0.00 0.00 0.00 0.00 0.00 0.00 0.00 0.00 0.00 0.00 0.00 0.00 0.00 0.00 0.00 0.00 0.00 0.00 0.00 0.00 0.00 0.00 0.00 0.00 0.00 0.00 0.00 0.00 0.00 0.00 0.00 0.00 0.00 0.00 0.00 0.00 0.00 0.00 0.00 0.00 0.00 0.00 0.00 0.00 0.00 0.00 0.00 0.29
0.00 0.00 0.00 0.00 0.00 0.00 0.00 0.00 0.00 0.00 0.00 0.00 0.00 0.00 0.00 0.00 0.00 0.00 0.00 0.00 0.00 0.00 0.00 0.00 0.00 0.00 0.00 0.00 0.00 0.00 0.00 0.00 0.00 0.00 0.00 0.00 0.00 0.00 0.00 0.00 0.00 0.00 0.00 0.00 0.00 0.00 0.00 0.00 0.00 0.00 0.00 0.00 0.00 0.00 0.00 0.00 0.00 0.00 0.00 0.00 0.00 0.00 0.00 0.00 0.00 0.00 0.00 0.00 0.00 0.00 0.00 0.00 0.00 0.00 0.00 0.00 0.00 0.00 0.00 0.29 0.37 1.61 1.24 4.09
