Wansh/Snow_depth/snowdepth-1994/winter/1994363.txt
ncols 321
nrows 161
xllcenter 60
yllcenter 15 
cellsize  0.25 
NODATA_value -1
[rows 0 to 36 of 161, columns 84 to 167 of 321]
10.07 9.64 9.71 8.83 7.15 7.08 3.65 4.53 2.34 6.20 5.55 7.52 6.20 7.15 6.79 7.96 8.32 8.69 8.69 8.18 8.25 7.01 6.42 4.38 3.07 1.53 1.02 1.02 0.15 0.00 1.90 1.24 2.99 9.34 9.34 9.64 9.13 8.98 8.10 7.08 4.31 3.94 4.23 4.23 2.56 1.10 2.34 0.15 2.92 3.50 3.07 5.04 4.09 4.89 5.18 3.58 3.87 3.94 3.21 2.19 2.41 1.75 1.83 2.26 1.90 1.90 2.77 3.29 3.29 3.07 4.67 4.67 5.69 6.06 6.06 6.50 8.76 7.08 9.13 9.27 8.47 7.88 6.94 6.35
10.07 9.71 7.88 8.83 7.15 4.45 4.45 4.31 6.35 7.23 6.79 5.99 4.89 5.40 4.02 5.04 8.03 7.59 7.59 6.13 7.37 7.37 6.94 0.66 4.60 2.70 0.29 0.00 0.00 0.66 0.29 1.61 3.21 2.92 7.74 7.66 7.81 6.57 7.08 6.57 6.28 6.28 7.37 7.37 6.13 6.64 4.74 3.50 3.43 3.65 3.14 3.29 3.14 2.34 3.07 2.85 3.87 4.16 4.23 3.50 4.96 5.04 3.72 3.29 6.13 3.58 3.43 6.64 6.64 8.54 6.06 7.66 7.52 7.30 6.94 6.57 9.42 11.32 11.24 9.13 9.56 8.91 10.95 10.73
8.10 6.57 7.01 5.33 4.53 4.60 5.40 7.59 8.83 8.69 8.54 6.35 6.79 5.11 5.48 4.16 3.36 4.02 4.02 3.07 7.23 6.64 7.30 7.30 2.26 2.41 1.46 1.83 1.17 0.66 0.73 0.73 0.95 3.43 4.16 4.82 7.59 8.25 8.98 8.40 10.22 8.18 7.01 7.01 7.15 6.57 11.02 10.00 4.38 4.74 4.38 1.61 1.90 2.56 2.12 3.80 3.50 6.06 6.72 6.35 6.79 8.91 9.05 7.74 7.66 9.13 8.18 7.52 7.52 9.93 9.71 10.15 6.86 7.45 7.23 8.76 9.86 12.19 10.59 11.02 10.07 10.29 12.05 11.83
8.10 6.57 7.01 5.33 4.53 4.60 5.40 7.59 8.83 8.69 8.54 6.35 6.79 5.11 5.48 4.16 3.36 4.02 4.02 3.07 7.23 6.64 7.30 7.30 2.26 2.41 1.46 1.83 1.17 0.66 0.73 0.73 0.95 3.43 4.16 4.82 7.59 8.25 8.98 8.40 10.22 8.18 7.01 7.01 7.15 6.57 11.02 10.00 4.38 4.74 4.38 1.61 1.90 2.56 2.12 3.80 3.50 6.06 6.72 6.35 6.79 8.91 9.05 7.74 7.66 9.13 8.18 7.52 7.52 9.93 9.71 10.15 6.86 7.45 7.23 8.76 9.86 12.19 10.59 11.02 10.07 10.29 12.05 11.83
5.33 5.77 4.45 4.53 3.87 5.18 6.13 5.62 7.37 6.13 7.37 7.37 7.15 6.20 7.59 7.59 5.26 3.36 3.36 4.38 3.94 7.23 2.92 8.54 4.82 3.94 1.53 2.63 0.80 0.51 0.51 0.58 0.44 3.14 2.77 4.02 7.45 9.93 12.85 11.97 9.42 9.42 9.71 9.71 10.88 12.70 12.41 10.73 10.29 5.99 6.79 2.77 1.90 1.61 1.61 1.90 4.09 3.58 5.69 6.86 6.50 10.07 11.61 11.24 10.66 11.75 11.75 11.32 11.32 11.39 9.34 8.47 8.25 7.45 8.03 7.81 8.40 8.25 9.78 9.13 9.49 9.56 11.17 10.80
6.13 4.89 4.89 5.40 6.50 6.06 4.82 4.89 4.82 5.91 5.84 5.18 7.37 8.40 8.18 8.32 8.83 6.50 6.50 8.10 4.23 2.70 2.41 2.77 3.36 2.19 1.83 1.68 0.66 0.80 0.58 0.80 1.68 1.83 5.33 7.37 10.59 9.05 11.75 10.59 9.71 9.56 9.27 9.27 10.44 8.69 10.80 10.80 11.32 7.23 3.80 4.38 2.34 2.04 2.19 1.97 3.65 5.33 4.60 7.30 8.61 7.96 11.61 13.29 13.14 13.36 11.10 11.61 11.61 9.93 10.15 9.20 10.51 10.80 11.02 7.66 7.52 7.30 7.23 7.23 6.50 8.69 10.07 13.07
6.72 6.94 6.94 7.23 6.94 7.01 6.57 7.08 6.35 5.62 5.99 6.28 5.26 8.18 7.74 8.98 8.83 9.05 9.05 6.50 5.69 4.38 2.34 1.61 1.61 1.90 1.17 1.17 0.44 0.88 0.95 0.73 2.19 2.04 2.56 7.23 9.27 11.02 9.64 10.15 9.71 6.42 7.59 7.59 7.96 7.45 9.05 6.94 6.64 6.86 3.50 2.70 2.19 2.12 2.34 3.50 3.21 5.69 6.86 6.86 7.96 11.02 10.15 13.94 12.63 12.99 11.61 10.44 10.44 10.51 11.17 10.88 12.78 12.70 12.99 12.99 12.41 8.76 7.59 6.64 6.64 7.15 7.30 11.17
6.72 6.94 6.94 7.23 6.94 7.01 6.57 7.08 6.35 5.62 5.99 6.28 5.26 8.18 7.74 8.98 8.83 9.05 9.05 6.50 5.69 4.38 2.34 1.61 1.61 1.90 1.17 1.17 0.44 0.88 0.95 0.73 2.19 2.04 2.56 7.23 9.27 11.02 9.64 10.15 9.71 6.42 7.59 7.59 7.96 7.45 9.05 6.94 6.64 6.86 3.50 2.70 2.19 2.12 2.34 3.50 3.21 5.69 6.86 6.86 7.96 11.02 10.15 13.94 12.63 12.99 11.61 10.44 10.44 10.51 11.17 10.88 12.78 12.70 12.99 12.99 12.41 8.76 7.59 6.64 6.64 7.15 7.30 11.17
7.30 7.88 8.32 8.32 8.32 8.03 7.45 7.66 7.15 6.79 4.96 4.16 3.29 3.50 5.48 8.32 9.05 7.59 7.59 7.66 7.59 6.64 3.65 2.12 1.75 0.73 0.58 0.66 0.07 1.68 1.61 2.70 2.41 4.53 8.03 6.72 9.42 9.42 5.99 5.40 4.82 4.74 5.40 5.40 2.04 4.38 3.72 5.04 3.50 3.21 3.43 3.43 6.28 3.65 3.36 4.31 5.18 5.11 5.84 6.28 5.99 8.47 7.96 8.03 7.59 10.37 10.37 9.86 9.86 10.88 10.44 13.80 13.14 14.16 13.29 13.36 12.99 13.58 13.29 13.87 7.52 8.03 6.64 9.27
7.45 8.61 8.54 8.61 8.40 8.76 8.25 8.40 7.59 6.64 4.96 5.48 3.43 2.77 4.53 4.96 7.66 7.23 7.23 7.30 6.06 4.53 3.29 3.94 2.77 0.51 0.66 1.17 1.75 1.53 1.17 1.61 1.53 4.38 6.57 4.89 4.82 4.45 4.60 3.58 3.07 1.39 1.75 1.75 1.83 2.19 3.43 4.09 3.72 4.67 7.37 7.23 6.79 8.61 7.59 7.74 5.48 6.50 6.94 5.55 6.28 6.72 7.30 6.79 6.42 8.54 10.07 9.49 9.49 13.43 14.97 12.56 14.38 13.94 14.60 13.72 13.80 15.48 15.77 15.91 13.29 10.15 7.23 6.50
7.01 6.64 8.10 8.40 8.32 8.47 6.94 7.52 6.64 6.94 4.96 4.96 4.31 5.69 4.82 7.81 6.72 7.08 7.08 5.40 6.86 5.91 3.50 2.12 0.88 0.73 0.88 1.39 1.10 1.10 1.53 1.31 2.85 1.61 2.48 4.23 4.16 5.18 4.23 4.74 4.02 3.87 7.08 7.08 5.11 5.84 4.89 5.48 6.64 6.64 7.74 11.53 9.49 9.56 7.08 7.74 7.81 8.98 10.80 11.24 8.40 7.45 8.54 6.28 8.76 8.40 10.95 14.82 14.82 14.16 15.99 16.06 16.21 16.06 17.74 18.25 20.15 20.22 17.96 15.33 16.28 12.41 12.19 12.85
7.01 6.64 8.10 8.40 8.32 8.47 6.94 7.52 6.64 6.94 4.96 4.96 4.31 5.69 4.82 7.81 6.72 7.08 7.08 5.40 6.86 5.91 3.50 2.12 0.88 0.73 0.88 1.39 1.10 1.10 1.53 1.31 2.85 1.61 2.48 4.23 4.16 5.18 4.23 4.74 4.02 3.87 7.08 7.08 5.11 5.84 4.89 5.48 6.64 6.64 7.74 11.53 9.49 9.56 7.08 7.74 7.81 8.98 10.80 11.24 8.40 7.45 8.54 6.28 8.76 8.40 10.95 14.82 14.82 14.16 15.99 16.06 16.21 16.06 17.74 18.25 20.15 20.22 17.96 15.33 16.28 12.41 12.19 12.85
5.26 7.37 5.69 4.67 5.99 5.99 6.79 5.33 4.89 5.18 4.67 6.57 7.08 9.78 9.20 8.54 10.73 10.59 10.59 5.69 5.91 6.57 4.31 2.63 1.68 1.24 0.95 1.31 0.66 1.17 1.83 1.02 1.31 1.75 2.63 6.86 8.91 7.81 7.08 6.64 9.64 10.15 7.96 7.96 6.86 7.96 6.42 7.66 8.18 11.75 11.17 12.63 11.68 9.78 10.07 9.20 11.39 10.88 13.07 11.75 11.90 9.78 9.20 9.27 11.61 11.10 10.88 13.07 13.07 15.55 15.33 16.72 18.83 18.76 19.86 21.68 21.32 21.32 17.59 18.18 17.67 16.86 15.33 14.16
0.00 4.67 4.60 4.31 0.00 4.31 4.23 0.00 4.31 6.06 6.35 8.32 11.02 12.63 10.95 11.46 11.32 8.40 8.40 7.37 6.50 6.94 5.04 3.94 4.09 2.34 1.61 1.83 1.46 3.72 6.79 5.18 9.93 9.93 10.29 10.15 12.56 10.80 15.26 13.87 10.88 11.90 9.20 9.20 10.51 10.44 10.44 9.56 12.85 11.97 12.99 12.56 12.05 9.64 10.00 10.29 10.22 10.66 10.59 10.07 9.13 8.91 10.88 12.26 11.75 12.19 13.29 12.99 12.99 14.89 16.94 17.23 19.56 20.22 20.08 19.71 16.94 20.81 14.82 14.89 13.94 16.79 14.75 15.18
0.00 0.00 0.00 0.00 0.00 3.36 3.50 4.38 4.09 7.96 9.20 8.61 12.78 8.91 10.80 10.73 11.24 10.07 10.07 9.64 7.59 6.94 5.04 3.87 4.38 3.14 4.60 5.33 5.33 4.96 7.66 7.59 11.39 12.26 13.65 12.92 14.38 14.89 14.67 14.38 15.91 14.75 14.82 14.82 14.89 13.58 13.65 12.85 12.99 12.63 13.21 12.05 12.48 11.24 11.61 14.24 13.94 12.12 9.27 10.51 7.66 7.45 6.64 10.07 10.73 10.07 11.83 13.80 13.80 13.43 15.91 18.03 17.81 18.47 18.18 17.96 16.28 5.99 9.49 7.59 16.06 14.60 16.64 17.01
0.00 0.00 3.65 3.87 4.02 4.16 3.36 3.14 2.56 4.60 8.25 7.37 6.64 7.88 8.18 10.44 10.00 10.51 10.51 10.88 9.78 7.66 6.28 5.11 5.26 6.06 5.69 6.28 8.18 9.42 10.80 9.05 9.64 10.73 11.53 12.19 13.87 15.62 17.01 17.08 17.23 15.77 14.09 14.09 13.21 13.65 13.58 9.20 9.13 9.42 11.75 10.29 11.02 11.24 11.24 14.60 12.41 12.63 9.05 7.01 6.94 5.91 8.32 9.13 8.98 11.32 10.80 13.21 13.21 15.91 15.40 17.52 16.21 15.40 15.26 16.28 16.86 10.37 0.00 6.35 4.09 11.83 11.75 16.57
0.00 0.00 3.65 3.87 4.02 4.16 3.36 3.14 2.56 4.60 8.25 7.37 6.64 7.88 8.18 10.44 10.00 10.51 10.51 10.88 9.78 7.66 6.28 5.11 5.26 6.06 5.69 6.28 8.18 9.42 10.80 9.05 9.64 10.73 11.53 12.19 13.87 15.62 17.01 17.08 17.23 15.77 14.09 14.09 13.21 13.65 13.58 9.20 9.13 9.42 11.75 10.29 11.02 11.24 11.24 14.60 12.41 12.63 9.05 7.01 6.94 5.91 8.32 9.13 8.98 11.32 10.80 13.21 13.21 15.91 15.40 17.52 16.21 15.40 15.26 16.28 16.86 10.37 0.00 6.35 4.09 11.83 11.75 16.57
3.36 2.99 0.00 4.31 7.23 4.38 4.16 2.48 2.48 2.12 2.63 3.87 6.20 5.04 7.37 9.34 11.17 10.22 10.22 8.69 9.20 8.40 6.13 5.33 4.96 5.91 8.61 9.05 8.83 9.42 9.64 10.51 11.02 12.48 12.34 12.48 14.75 14.67 15.33 15.62 14.09 12.70 13.14 13.14 11.90 9.34 7.08 8.18 8.47 7.15 8.76 9.42 7.30 10.00 9.34 8.98 9.86 8.69 8.69 8.10 13.87 12.63 11.90 11.53 12.78 10.95 13.43 12.85 12.85 17.59 21.46 17.08 18.10 15.26 15.91 15.33 10.80 0.00 0.00 5.18 9.56 8.40 10.00 11.75
2.92 2.19 4.74 7.23 8.10 7.15 7.96 5.18 4.38 3.29 3.43 4.60 5.26 5.40 6.86 6.50 9.49 8.25 8.25 7.15 7.15 6.20 6.57 5.99 5.40 7.59 10.00 10.66 12.19 12.12 9.71 13.51 15.26 17.16 15.99 14.97 14.75 14.97 13.29 10.59 11.02 10.88 9.42 9.42 9.20 7.66 5.91 4.53 4.45 5.62 8.47 7.01 7.37 7.81 8.10 8.18 8.40 8.69 12.34 10.15 16.28 20.51 20.00 15.91 15.18 16.43 16.64 20.00 20.00 22.34 22.63 15.40 10.51 14.31 13.94 10.95 12.19 6.35 5.04 5.04 5.99 9.27 9.34 10.51
2.34 2.70 3.72 5.99 5.26 7.52 8.25 6.13 4.67 3.50 4.60 4.23 3.65 4.53 4.60 3.94 5.62 5.84 5.84 6.06 6.50 7.01 7.23 7.66 9.13 8.76 10.44 11.61 11.68 11.24 11.68 12.56 11.75 15.62 15.40 13.87 8.54 7.08 7.15 8.32 7.59 6.06 8.54 8.54 7.81 7.81 7.08 5.99 15.04 12.63 11.10 10.73 14.45 15.70 9.64 10.80 11.46 9.78 12.78 14.38 15.40 19.56 18.10 18.40 18.98 18.98 21.53 20.95 20.95 20.95 12.92 14.89 8.25 8.25 7.88 10.22 6.79 7.15 6.35 5.55 5.26 6.79 9.56 10.80
2.41 2.56 2.99 0.00 4.45 4.96 5.18 5.91 2.99 3.80 4.89 3.58 3.80 4.45 4.96 4.45 3.80 4.09 4.09 5.11 4.82 5.33 6.79 8.03 9.05 11.02 11.39 11.39 11.32 11.17 7.81 8.76 8.03 10.15 8.83 9.20 6.57 3.14 0.00 3.50 7.59 6.42 8.69 8.69 8.91 8.54 8.47 9.13 17.96 20.22 21.97 21.39 20.44 19.71 20.51 15.04 18.10 13.58 13.65 12.85 11.32 15.33 14.97 14.31 14.45 18.83 20.15 18.10 18.10 18.40 11.53 7.37 7.74 7.59 7.23 7.23 6.86 6.72 5.55 5.55 6.50 7.66 7.30 9.49
0.00 2.34 0.00 3.87 5.33 4.96 6.57 4.02 5.18 5.84 5.11 5.69 6.42 5.77 6.28 5.84 6.94 6.13 6.13 6.20 5.40 5.84 5.84 7.88 9.71 12.56 14.09 16.13 13.21 11.53 9.71 8.83 7.15 7.15 5.55 5.62 0.00 0.66 0.00 0.00 4.82 7.52 7.23 7.23 8.83 4.67 9.86 8.61 14.45 8.83 17.23 12.41 13.14 18.91 17.16 19.05 19.42 13.21 10.95 11.75 9.42 9.42 12.05 11.75 13.36 14.97 17.96 15.91 15.91 12.78 13.87 11.68 10.29 7.23 7.37 7.30 7.23 7.15 7.37 7.59 7.59 6.79 6.06 6.86
0.00 2.34 0.00 3.87 5.33 4.96 6.57 4.02 5.18 5.84 5.11 5.69 6.42 5.77 6.28 5.84 6.94 6.13 6.13 6.20 5.40 5.84 5.84 7.88 9.71 12.56 14.09 16.13 13.21 11.53 9.71 8.83 7.15 7.15 5.55 5.62 0.00 0.66 0.00 0.00 4.82 7.52 7.23 7.23 8.83 4.67 9.86 8.61 14.45 8.83 17.23 12.41 13.14 18.91 17.16 19.05 19.42 13.21 10.95 11.75 9.42 9.42 12.05 11.75 13.36 14.97 17.96 15.91 15.91 12.78 13.87 11.68 10.29 7.23 7.37 7.30 7.23 7.15 7.37 7.59 7.59 6.79 6.06 6.86
0.00 0.00 4.23 4.38 6.86 7.15 7.81 6.94 7.01 7.08 6.28 6.79 5.84 6.79 7.52 6.06 8.32 7.96 7.96 7.23 7.45 8.32 9.56 11.02 10.51 12.78 13.94 15.62 14.24 11.90 15.62 8.83 6.42 4.74 0.00 0.00 0.00 0.58 0.00 0.44 2.56 4.09 2.56 2.56 0.00 0.00 4.09 0.00 2.85 3.87 0.00 6.13 5.40 13.29 11.90 6.94 10.00 11.53 5.18 8.32 7.88 9.34 9.93 10.07 12.41 14.02 13.51 15.11 15.11 14.89 14.82 14.82 14.45 11.39 8.61 8.61 6.72 7.37 7.15 8.40 8.25 8.47 7.30 6.64
4.74 4.23 4.96 6.50 6.64 8.91 8.76 7.45 6.06 4.74 5.26 4.74 4.31 4.38 7.66 5.69 6.50 8.76 8.76 8.18 6.86 7.96 9.42 10.06 9.83 12.83 11.13 12.85 12.70 14.89 14.09 10.22 5.62 6.86 3.80 1.53 0.00 1.39 1.39 1.61 1.61 2.56 2.41 2.41 2.12 0.00 0.00 0.00 0.00 0.00 0.00 0.00 0.00 5.48 6.06 3.21 4.74 3.36 3.29 5.04 8.83 8.69 9.93 11.61 13.14 13.21 12.41 12.70 12.70 12.41 16.28 16.06 16.50 13.07 9.42 8.40 8.32 8.91 9.93 8.54 10.00 8.98 9.20 7.52
5.48 6.50 7.30 7.45 8.40 8.10 7.88 5.91 4.74 3.29 1.61 0.00 2.77 1.90 6.06 7.01 7.88 6.94 6.94 7.23 6.28 7.30 9.05 10.89 12.44 11.10 12.02 14.15 13.87 15.91 13.80 11.39 8.32 5.26 6.72 2.19 3.07 1.97 1.90 2.56 2.85 2.56 2.41 2.41 1.17 0.00 0.00 0.00 0.00 0.00 0.00 0.00 0.00 0.00 0.00 0.00 0.00 1.90 4.16 3.43 8.76 11.24 10.80 12.41 14.38 11.24 11.46 12.56 12.56 15.84 15.26 15.91 12.92 10.29 10.80 9.64 9.56 9.71 10.73 12.12 11.46 11.97 10.15 9.20
6.86 7.15 7.45 7.01 7.23 4.96 4.60 5.11 3.21 1.02 0.00 0.00 0.00 0.00 1.83 2.48 4.74 6.42 6.42 2.56 4.74 6.97 6.25 9.71 7.11 9.30 11.97 12.39 14.52 15.79 15.55 13.43 11.97 14.67 10.22 7.23 7.88 3.50 5.77 3.36 1.31 1.17 1.02 1.02 0.95 0.95 0.00 0.00 0.00 0.00 0.00 0.00 0.00 0.00 0.00 0.00 0.00 0.00 3.07 9.27 7.52 16.06 16.86 15.91 18.32 18.76 16.35 15.26 15.26 18.69 18.03 18.47 17.08 15.33 15.04 12.19 12.12 11.10 10.95 12.78 12.92 12.12 12.26 12.63
5.99 6.35 6.20 7.45 5.84 5.33 4.60 2.85 0.00 0.00 0.00 0.00 0.00 0.00 0.00 0.29 0.00 0.00 0.00 0.99 1.55 2.74 0.00 3.07 5.93 5.18 9.48 9.60 14.36 15.12 15.41 16.57 15.70 16.79 16.21 13.51 13.36 7.88 3.36 3.72 3.29 1.10 0.44 0.44 0.00 0.00 0.00 0.00 0.00 0.00 0.00 0.00 0.00 0.00 0.00 0.00 0.00 0.00 3.94 9.20 15.11 12.99 18.98 23.65 23.36 23.36 24.89 23.73 23.73 22.78 20.15 17.01 14.89 14.97 15.48 15.18 13.80 13.94 14.24 14.89 15.11 14.24 16.28 17.52
5.99 6.35 6.20 7.45 5.84 5.33 4.60 2.85 0.00 0.00 0.00 0.00 0.00 0.00 0.00 0.29 0.00 0.00 0.00 1.03 1.57 2.94 0.00 3.14 5.84 5.18 9.20 8.92 13.42 15.35 15.56 17.26 17.63 17.77 16.62 13.51 13.36 7.88 3.36 3.72 3.29 1.10 0.44 0.44 0.00 0.00 0.00 0.00 0.00 0.00 0.00 0.00 0.00 0.00 0.00 0.00 0.00 0.00 3.94 9.20 15.11 12.99 18.98 23.65 23.36 23.36 24.89 23.73 23.73 22.78 20.15 17.01 14.89 14.97 15.48 15.18 13.80 13.94 14.24 14.89 15.11 14.24 16.28 17.52
5.40 5.55 5.55 4.96 5.99 5.33 4.16 3.36 1.83 0.00 0.00 0.00 0.00 0.00 0.00 0.00 0.00 0.00 0.00 0.51 0.29 1.02 0.00 0.07 0.60 3.24 5.46 6.16 11.17 9.02 11.50 14.30 14.68 19.21 18.51 17.47 15.19 11.53 10.37 5.55 6.57 1.83 2.70 2.70 0.00 0.00 0.00 0.00 0.00 0.00 0.00 0.00 0.00 0.00 0.00 0.00 0.00 3.29 2.99 3.07 9.78 14.02 11.39 16.35 26.21 25.19 25.62 22.78 22.78 19.71 14.89 16.06 14.45 15.48 14.97 15.40 13.14 13.29 12.70 13.58 12.26 14.09 13.29 16.94
6.20 5.69 3.87 4.96 4.38 3.80 3.87 3.72 3.36 5.04 2.41 0.44 1.68 0.00 0.07 2.19 4.02 5.40 5.40 4.33 1.90 2.71 1.10 1.61 0.81 0.00 0.00 0.00 0.74 3.54 6.86 10.29 8.91 15.33 18.43 16.81 17.64 17.61 14.82 8.61 12.99 5.48 7.23 7.23 0.88 1.10 0.37 0.15 0.37 0.00 0.00 0.00 0.00 0.00 0.00 0.00 0.00 0.00 0.00 0.00 4.38 6.86 12.41 8.69 17.08 23.51 21.24 21.75 21.75 19.27 15.18 11.90 14.31 14.82 14.97 15.18 12.63 11.39 12.41 12.26 11.90 13.58 16.21 15.48
5.33 5.69 4.96 5.18 5.69 5.99 7.08 7.37 7.01 7.08 4.09 5.84 3.80 1.53 4.31 5.91 8.69 8.03 8.03 6.20 3.72 4.38 2.41 1.02 1.61 0.22 0.00 0.00 0.00 1.54 3.80 2.77 5.18 10.73 15.83 14.45 19.97 18.47 18.25 19.27 17.08 10.66 7.45 7.45 1.75 1.97 0.51 0.07 0.22 0.15 0.66 0.00 0.00 0.00 0.00 0.00 0.00 0.00 0.00 0.00 0.00 1.31 5.55 14.24 15.04 15.26 14.24 18.25 18.25 18.61 15.18 10.51 9.05 9.27 7.30 8.83 10.00 9.27 10.44 11.53 12.12 12.19 13.80 10.80
0.22 0.29 2.99 3.72 6.20 3.80 5.11 8.32 7.66 6.86 6.20 6.28 4.38 3.58 4.09 8.83 9.56 8.18 8.18 6.64 3.80 4.23 2.77 1.53 0.00 0.00 0.00 0.00 0.00 1.61 1.17 1.97 3.14 6.79 5.33 12.05 18.01 17.17 19.81 19.17 20.08 16.72 10.22 10.22 4.45 4.74 5.84 1.10 2.19 1.10 0.73 1.90 0.00 0.00 0.00 0.00 0.00 2.77 3.36 3.14 0.00 1.31 1.46 7.59 9.64 9.42 8.03 8.83 8.83 6.42 8.10 8.47 7.23 5.84 7.59 6.94 9.20 10.00 10.07 10.00 10.44 9.05 8.10 8.03
0.95 0.00 0.00 0.00 0.00 0.00 2.48 4.67 2.65 3.50 4.31 4.23 6.06 8.25 8.10 8.25 7.66 2.48 2.48 2.99 2.70 3.58 3.21 1.68 1.17 0.00 0.00 0.00 0.07 0.29 1.24 0.58 1.83 3.36 2.70 7.52 13.87 11.17 16.82 13.93 15.70 15.55 13.94 13.94 11.83 8.18 10.22 4.96 4.74 7.52 2.99 3.72 1.97 1.46 0.00 0.00 0.00 2.70 4.09 4.67 5.11 2.41 0.00 0.00 4.09 4.82 6.13 6.13 6.13 4.31 2.99 2.56 5.26 5.11 6.20 8.10 7.74 8.03 8.18 6.72 6.72 6.50 5.84 5.33
0.07 0.00 0.00 0.00 0.00 0.00 2.12 0.00 4.12 2.41 3.07 4.60 7.01 5.62 4.89 1.24 1.10 1.17 1.17 2.12 1.31 0.00 0.00 0.00 0.00 0.00 0.00 0.00 0.00 0.00 0.91 0.95 1.58 2.70 1.24 3.36 2.56 6.49 12.34 8.03 12.76 7.52 11.24 11.24 10.80 11.24 12.19 9.56 9.27 11.46 5.33 3.21 0.00 0.00 0.00 0.00 0.00 0.00 0.00 0.00 4.09 4.23 3.65 1.97 0.00 1.68 3.07 3.36 3.36 2.26 2.56 1.17 0.00 0.00 0.00 5.11 0.00 0.00 4.89 0.00 2.48 2.19 2.12 1.90
0.07 0.00 0.00 0.00 0.00 0.00 2.12 0.00 4.02 2.41 3.07 4.60 7.01 5.62 4.89 1.24 1.10 1.17 1.17 2.12 1.31 0.00 0.00 0.00 0.00 0.00 0.00 0.00 0.00 0.00 0.88 0.95 1.53 2.70 1.25 3.37 2.56 6.46 12.46 8.03 12.63 7.52 11.24 11.24 10.80 11.24 12.19 9.56 9.27 11.46 5.33 3.21 0.00 0.00 0.00 0.00 0.00 0.00 0.00 0.00 4.09 4.23 3.65 1.97 0.00 1.68 3.07 3.36 3.36 2.26 2.56 1.17 0.00 0.00 0.00 5.11 0.00 0.00 4.89 0.00 2.48 2.19 2.12 1.90
3.43 0.00 0.00 0.00 0.00 0.00 3.80 5.85 6.15 4.89 5.26 4.53 5.04 3.43 2.04 1.02 0.95 0.44 0.44 1.24 0.00 0.00 0.00 0.00 0.00 0.00 0.00 0.00 0.00 0.00 0.00 0.66 1.39 0.95 1.53 2.41 4.31 2.63 4.77 4.96 6.06 3.58 6.94 6.94 6.28 5.33 11.46 8.61 12.92 12.63 11.24 7.08 5.55 1.90 2.04 0.00 0.00 0.00 0.00 0.00 5.04 4.67 5.26 0.00 0.00 0.00 0.00 3.21 3.21 2.41 0.00 1.24 0.00 0.00 0.00 0.00 0.00 0.00 0.00 0.00 0.00 1.31 1.17 1.68
