Wansh/Snow_depth/snowdepth-1994/winter/1994364.txt
ncols 321
nrows 161
xllcenter 60
yllcenter 15 
cellsize  0.25 
NODATA_value -1
[rows 0 to 36 of 161, columns 84 to 167 of 321]
9.86 9.78 9.27 8.83 8.83 6.86 3.65 4.45 2.99 2.77 4.38 5.33 5.40 6.42 4.82 6.42 5.99 6.86 6.86 6.57 6.64 5.77 6.42 2.99 1.02 1.46 0.00 0.00 0.00 0.00 2.48 2.77 5.18 5.33 7.74 7.74 7.52 7.66 7.59 7.30 7.23 3.94 4.23 4.23 2.56 1.10 3.07 3.43 3.43 2.77 4.38 3.65 4.38 5.18 5.77 4.82 6.72 3.36 3.29 2.41 3.14 2.04 3.58 3.21 2.70 3.14 4.16 3.94 3.94 4.45 4.38 5.33 7.15 7.37 7.15 7.45 9.93 11.10 10.73 10.51 9.78 10.15 9.20 9.27
10.29 8.83 7.30 8.69 6.94 7.52 4.60 4.16 3.94 5.26 5.33 5.33 4.23 4.38 3.87 4.82 4.31 6.57 6.57 6.13 6.28 6.06 5.11 3.07 3.72 0.80 0.00 0.00 0.00 0.00 1.75 0.80 3.72 4.96 6.72 6.57 7.37 6.94 7.08 6.57 6.28 6.28 7.37 7.37 6.13 6.64 4.74 3.50 2.92 2.19 1.97 2.92 2.85 2.85 3.07 3.29 3.50 3.29 4.82 4.74 3.36 4.02 6.06 6.13 5.40 5.55 4.82 6.28 6.28 8.47 8.32 8.32 7.88 8.54 8.69 10.88 10.22 12.63 11.97 12.48 10.88 12.99 12.63 10.44
8.98 9.49 6.35 5.18 5.33 5.33 6.94 6.28 7.37 7.88 7.66 6.86 5.55 5.91 4.60 3.21 3.07 3.36 3.36 3.14 4.82 5.33 5.33 4.60 5.69 2.70 0.80 1.17 0.00 0.73 0.95 0.58 1.97 4.16 6.64 7.45 7.59 8.25 8.98 8.40 10.22 8.18 7.01 7.01 7.15 6.57 11.02 10.00 4.89 6.94 4.38 2.34 2.34 3.07 2.85 3.87 3.72 5.40 4.96 5.69 6.79 6.79 4.60 7.74 9.86 9.05 9.20 9.20 9.20 9.05 10.80 8.54 8.40 8.40 8.83 10.66 13.07 12.56 13.65 13.07 13.36 13.51 13.87 13.87
8.98 9.49 6.35 5.18 5.33 5.33 6.94 6.28 7.37 7.88 7.66 6.86 5.55 5.91 4.60 3.21 3.07 3.36 3.36 3.14 4.82 5.33 5.33 4.60 5.69 2.70 0.80 1.17 0.00 0.73 0.95 0.58 1.97 4.16 6.64 7.45 7.59 8.25 8.98 8.40 10.22 8.18 7.01 7.01 7.15 6.57 11.02 10.00 4.89 6.94 4.38 2.34 2.34 3.07 2.85 3.87 3.72 5.40 4.96 5.69 6.79 6.79 4.60 7.74 9.86 9.05 9.20 9.20 9.20 9.05 10.80 8.54 8.40 8.40 8.83 10.66 13.07 12.56 13.65 13.07 13.36 13.51 13.87 13.87
8.98 7.08 5.48 4.23 5.55 5.18 5.84 7.01 7.15 6.79 6.64 6.72 6.28 6.94 5.18 4.53 6.64 3.87 3.87 4.89 2.26 4.02 4.31 6.13 6.50 4.45 5.04 1.68 1.10 0.58 1.10 1.17 1.39 3.58 8.03 4.02 7.45 9.93 12.85 11.97 9.42 9.42 9.71 9.71 10.88 12.70 12.41 11.17 9.20 10.51 5.69 3.58 2.34 1.83 2.26 1.97 2.99 3.58 4.89 7.01 6.42 8.98 10.15 11.46 10.80 10.37 12.92 12.05 12.05 10.95 11.39 9.49 9.56 8.98 8.91 9.78 9.05 10.59 10.59 11.68 9.93 9.86 13.29 13.14
7.66 7.96 6.86 6.72 6.64 5.55 4.53 5.11 4.96 5.26 5.33 5.99 7.45 7.23 7.96 9.27 9.42 8.61 8.61 8.10 4.67 3.07 2.77 5.48 5.18 5.55 3.50 1.61 0.51 0.58 1.46 1.75 2.77 6.20 5.33 7.37 10.59 9.05 11.75 10.59 9.71 9.56 9.27 9.27 10.44 8.69 10.80 12.41 9.64 7.30 3.58 2.26 2.56 1.75 2.04 2.56 3.36 3.07 4.38 6.35 7.45 7.74 10.80 12.56 13.43 12.85 13.14 11.61 11.61 10.66 10.15 10.80 10.44 9.42 9.78 8.25 8.03 8.47 7.45 7.88 8.61 9.20 12.48 12.48
9.64 8.69 8.18 7.37 8.32 7.81 5.99 5.40 5.55 5.48 5.62 4.60 5.77 5.62 8.40 8.03 11.10 10.44 10.44 11.10 8.40 3.87 4.82 2.77 2.92 2.85 2.12 2.12 1.83 1.61 2.48 2.26 4.09 2.04 2.56 7.23 9.27 11.02 9.64 10.15 9.71 6.42 7.59 7.59 7.96 7.45 9.71 8.83 10.59 7.81 3.80 3.07 2.48 2.04 2.04 2.70 4.23 5.62 6.86 6.50 9.13 7.15 10.07 12.63 13.43 12.05 12.70 11.75 11.75 11.83 11.32 13.29 14.82 14.67 12.70 14.38 11.75 12.48 8.61 8.47 9.13 7.81 8.69 13.65
9.64 8.69 8.18 7.37 8.32 7.81 5.99 5.40 5.55 5.48 5.62 4.60 5.77 5.62 8.40 8.03 11.10 10.44 10.44 11.10 8.40 3.87 4.82 2.77 2.92 2.85 2.12 2.12 1.83 1.61 2.48 2.26 4.09 2.04 2.56 7.23 9.27 11.02 9.64 10.15 9.71 6.42 7.59 7.59 7.96 7.45 9.71 8.83 10.59 7.81 3.80 3.07 2.48 2.04 2.04 2.70 4.23 5.62 6.86 6.50 9.13 7.15 10.07 12.63 13.43 12.05 12.70 11.75 11.75 11.83 11.32 13.29 14.82 14.67 12.70 14.38 11.75 12.48 8.61 8.47 9.13 7.81 8.69 13.65
8.54 8.54 8.69 8.91 8.83 8.83 7.52 7.74 7.45 6.50 7.01 4.82 4.60 4.67 6.42 8.83 9.42 9.93 9.93 10.07 9.05 6.13 6.86 4.60 3.21 2.19 1.90 2.04 1.97 1.97 2.70 4.23 2.41 4.53 8.03 6.72 9.42 9.42 5.99 5.40 4.82 4.74 5.40 5.40 2.04 4.38 8.10 2.99 3.36 3.36 3.36 3.36 3.87 6.28 5.18 5.33 4.23 4.74 5.04 5.84 7.45 6.86 9.05 8.83 8.54 10.80 11.75 10.07 10.07 10.59 10.59 12.48 14.16 15.48 15.33 14.82 13.29 12.92 13.36 10.80 11.32 8.10 8.10 11.17
8.91 8.61 9.34 9.20 9.42 9.78 9.34 9.20 8.32 8.47 6.86 4.23 4.31 2.99 6.06 8.03 7.59 9.56 9.56 9.64 9.78 9.49 8.25 3.72 2.70 2.19 2.26 2.26 2.70 2.26 2.04 1.61 1.53 4.38 6.57 4.89 4.82 4.45 4.60 3.58 3.07 1.39 1.75 1.75 1.83 2.19 2.12 3.07 4.02 4.60 7.01 7.23 7.30 7.96 7.45 7.01 5.55 5.84 4.67 5.69 6.20 6.57 6.94 7.37 8.40 10.15 9.78 10.73 10.73 11.32 15.62 14.67 14.82 15.70 16.21 14.89 15.33 15.48 17.23 17.08 13.14 10.80 7.59 8.32
8.32 8.47 8.83 9.34 9.56 9.34 9.20 9.42 8.61 7.30 7.59 5.48 4.89 7.08 8.69 8.47 9.42 9.86 9.86 9.64 10.22 9.34 6.06 3.29 2.56 1.90 1.83 2.26 1.75 1.61 1.53 1.31 2.85 1.61 2.48 4.23 4.16 5.18 4.23 4.74 4.02 3.87 7.08 7.08 5.11 5.84 2.41 1.90 5.62 6.42 7.52 7.88 8.40 8.61 9.42 7.52 7.37 11.10 7.30 8.10 6.42 7.96 8.83 8.18 9.56 11.24 13.07 14.67 14.67 14.38 16.64 16.86 18.91 18.61 17.67 17.96 17.37 20.44 18.69 18.40 15.11 12.70 10.66 10.29
8.32 8.47 8.83 9.34 9.56 9.34 9.20 9.42 8.61 7.30 7.59 5.48 4.89 7.08 8.69 8.47 9.42 9.86 9.86 9.64 10.22 9.34 6.06 3.29 2.56 1.90 1.83 2.26 1.75 1.61 1.53 1.31 2.85 1.61 2.48 4.23 4.16 5.18 4.23 4.74 4.02 3.87 7.08 7.08 5.11 5.84 2.41 1.90 5.62 6.42 7.52 7.88 8.40 8.61 9.42 7.52 7.37 11.10 7.30 8.10 6.42 7.96 8.83 8.18 9.56 11.24 13.07 14.67 14.67 14.38 16.64 16.86 18.91 18.61 17.67 17.96 17.37 20.44 18.69 18.40 15.11 12.70 10.66 10.29
4.53 5.99 5.84 8.47 5.11 5.33 7.96 4.89 5.77 5.84 5.91 7.01 8.61 8.25 9.71 10.73 12.19 12.26 12.26 11.61 9.05 8.03 5.69 5.99 2.92 3.72 1.83 2.63 2.70 1.17 1.83 1.02 1.31 1.75 2.63 6.86 8.91 7.81 7.08 6.64 9.64 10.15 7.96 7.96 6.86 6.57 6.35 7.37 7.01 6.64 11.24 13.21 12.85 9.71 10.66 8.40 9.78 11.75 12.92 11.90 11.61 9.86 10.07 8.76 9.20 11.17 11.90 15.62 15.62 14.82 16.28 19.27 20.08 19.93 19.42 22.56 22.78 21.75 22.41 20.29 18.47 17.59 18.03 14.24
4.67 4.45 4.45 4.09 4.23 4.09 5.18 5.62 5.40 7.08 8.83 9.13 8.83 12.56 13.36 13.72 12.26 12.70 12.70 11.10 7.66 8.25 6.50 5.48 4.38 4.09 1.83 5.40 1.46 3.72 6.79 5.18 9.93 9.93 10.29 10.15 12.56 10.80 15.26 13.87 10.88 11.90 9.20 9.20 10.51 7.15 10.51 14.24 12.70 12.41 12.41 12.48 11.97 10.51 9.05 9.71 9.27 10.29 12.34 10.00 8.98 9.27 11.24 12.56 12.19 12.34 11.90 14.38 14.38 17.08 19.78 19.27 21.02 22.70 22.48 22.85 19.71 19.64 19.93 19.27 12.48 16.64 17.23 14.67
0.00 0.00 4.02 0.00 4.31 4.82 3.94 4.09 5.40 7.30 8.03 9.42 10.44 10.07 13.43 12.85 13.36 12.26 12.26 11.39 9.42 9.27 6.57 5.91 4.82 5.04 5.04 5.33 5.33 4.96 7.66 7.59 11.39 12.26 13.65 12.92 14.38 14.89 14.67 14.38 15.91 14.75 14.82 14.82 11.75 12.99 13.72 14.45 12.85 12.70 12.56 13.29 11.02 11.83 10.66 14.16 13.51 11.68 10.51 7.59 8.32 7.23 8.61 11.24 8.54 10.95 12.99 12.78 12.78 15.91 17.08 19.49 18.98 20.81 16.13 16.79 16.72 17.01 4.02 7.66 7.08 14.89 16.13 16.21
0.00 2.77 0.00 4.60 4.67 5.04 3.43 3.72 3.21 4.60 4.38 6.86 7.59 7.59 11.17 11.10 13.21 13.21 13.21 12.05 10.37 9.13 6.13 6.28 6.64 7.01 5.69 6.28 8.18 9.42 10.80 9.05 9.64 10.73 11.53 12.19 13.87 15.62 17.01 17.08 17.23 15.77 14.09 14.09 16.50 13.14 16.72 12.26 10.29 10.15 11.68 11.61 10.07 11.61 13.87 13.43 15.33 10.66 10.00 6.86 7.74 7.01 8.10 8.03 8.32 10.29 12.56 15.11 15.11 14.24 16.79 18.40 17.01 15.62 15.84 16.86 12.48 14.97 3.21 0.00 12.99 11.53 11.17 16.86
0.00 2.77 0.00 4.60 4.67 5.04 3.43 3.72 3.21 4.60 4.38 6.86 7.59 7.59 11.17 11.10 13.21 13.21 13.21 12.05 10.37 9.13 6.13 6.28 6.64 7.01 5.69 6.28 8.18 9.42 10.80 9.05 9.64 10.73 11.53 12.19 13.87 15.62 17.01 17.08 17.23 15.77 14.09 14.09 16.50 13.14 16.72 12.26 10.29 10.15 11.68 11.61 10.07 11.61 13.87 13.43 15.33 10.66 10.00 6.86 7.74 7.01 8.10 8.03 8.32 10.29 12.56 15.11 15.11 14.24 16.79 18.40 17.01 15.62 15.84 16.86 12.48 14.97 3.21 0.00 12.99 11.53 11.17 16.86
2.41 0.00 6.28 5.69 8.10 7.45 3.65 4.31 1.97 2.48 2.04 4.53 7.15 7.23 9.93 9.49 11.24 11.10 11.10 9.49 9.05 7.81 6.13 6.06 7.23 5.91 8.61 9.05 8.83 9.42 9.64 10.51 11.02 12.48 12.34 12.48 14.75 14.67 15.33 15.62 14.09 12.70 13.14 13.14 14.75 10.59 8.40 7.59 8.10 7.37 8.32 7.15 7.88 9.64 7.96 9.56 9.05 9.20 7.96 10.66 11.17 11.97 11.17 11.75 9.64 12.12 13.29 15.11 15.11 20.88 20.44 20.73 17.30 15.84 16.94 16.64 12.99 3.72 3.14 1.46 7.15 9.49 9.56 10.29
3.43 3.50 5.33 8.18 7.59 9.34 6.35 3.43 4.09 2.34 4.02 4.31 6.42 5.84 7.52 7.15 9.93 7.96 7.96 8.54 7.66 7.81 6.57 5.55 5.40 8.40 10.00 10.66 12.19 12.12 9.71 13.51 15.26 17.16 15.99 14.97 14.75 14.97 13.29 10.59 11.02 10.88 9.42 9.42 14.24 12.48 7.88 4.60 4.96 5.11 6.13 5.62 6.72 8.61 8.61 7.01 9.27 9.78 8.69 12.12 13.58 17.81 20.95 19.78 14.97 16.06 14.31 19.35 19.35 24.02 21.75 15.62 17.59 13.14 14.97 10.88 11.53 4.67 5.04 6.28 5.62 8.61 10.37 10.29
2.77 0.00 0.00 4.96 5.26 7.01 7.08 7.15 4.45 4.02 4.23 4.02 4.74 5.04 5.84 4.82 5.33 5.62 5.62 7.74 7.30 7.52 7.74 7.23 8.47 8.76 10.44 11.61 11.68 11.24 11.68 12.56 11.75 15.62 15.40 13.87 8.54 7.08 7.15 8.32 7.59 6.06 8.54 8.54 10.88 7.15 6.13 6.79 6.86 8.40 8.83 17.59 13.21 14.09 10.00 8.40 8.61 11.61 8.98 15.77 18.40 17.81 20.00 20.95 18.98 20.51 22.41 21.75 21.75 24.45 16.43 12.48 10.29 11.39 8.83 9.71 6.06 5.40 5.55 6.28 7.52 7.01 10.07 11.61
0.00 0.00 0.00 4.53 5.40 5.11 6.42 6.20 5.84 4.82 5.11 5.26 5.48 7.08 5.69 5.26 4.60 4.60 4.60 5.33 7.15 7.52 7.74 8.69 9.05 11.02 11.39 11.39 11.32 11.17 7.81 8.76 8.03 10.15 8.83 9.20 6.57 3.14 0.00 3.50 7.59 6.42 7.30 7.30 10.15 9.49 12.56 12.05 20.44 21.97 21.83 20.88 20.37 20.95 17.23 18.03 11.46 17.81 15.11 13.72 14.53 16.21 16.86 16.79 16.06 20.44 22.63 18.61 18.61 14.82 16.28 11.10 7.88 8.10 7.81 8.32 5.77 5.55 5.40 5.69 5.77 7.37 7.01 10.29
0.00 0.00 0.00 0.00 4.60 5.55 6.50 5.91 6.64 5.26 6.35 6.35 7.96 7.66 8.18 9.86 6.42 8.03 8.03 7.08 8.40 8.25 5.84 7.88 9.71 12.56 14.09 16.13 13.21 11.53 9.71 8.83 7.15 7.15 5.55 5.62 0.00 0.66 0.00 0.00 4.82 7.52 9.78 9.78 8.76 10.59 6.28 10.37 13.65 16.50 15.77 15.99 14.53 19.27 20.29 17.96 18.91 19.20 15.33 9.86 9.05 10.29 11.53 13.58 12.48 17.45 15.48 16.79 16.79 14.24 11.24 11.90 9.05 7.30 8.03 8.32 6.72 7.37 5.91 5.84 7.15 6.94 6.57 6.57
0.00 0.00 0.00 0.00 4.60 5.55 6.50 5.91 6.64 5.26 6.35 6.35 7.96 7.66 8.18 9.86 6.42 8.03 8.03 7.08 8.40 8.25 5.84 7.88 9.71 12.56 14.09 16.13 13.21 11.53 9.71 8.83 7.15 7.15 5.55 5.62 0.00 0.66 0.00 0.00 4.82 7.52 9.78 9.78 8.76 10.59 6.28 10.37 13.65 16.50 15.77 15.99 14.53 19.27 20.29 17.96 18.91 19.20 15.33 9.86 9.05 10.29 11.53 13.58 12.48 17.45 15.48 16.79 16.79 14.24 11.24 11.90 9.05 7.30 8.03 8.32 6.72 7.37 5.91 5.84 7.15 6.94 6.57 6.57
0.00 0.00 3.07 4.60 6.13 6.06 6.50 9.05 8.10 7.15 7.59 5.99 5.99 8.32 10.95 11.75 10.07 9.93 9.93 9.42 10.37 8.32 9.56 11.02 10.51 12.78 13.94 15.62 14.24 11.90 15.62 8.83 6.42 4.74 0.00 0.00 0.00 0.58 0.00 0.44 2.56 4.09 8.54 8.54 2.77 2.77 0.00 4.89 3.80 0.00 2.77 7.01 5.55 13.43 9.13 12.85 19.20 20.51 6.86 6.35 7.88 10.15 10.29 11.39 14.24 15.33 15.26 15.55 15.55 14.38 15.48 16.94 13.07 14.24 10.37 8.54 7.08 7.37 7.45 8.18 8.03 9.49 7.37 6.64
3.72 4.60 4.60 4.96 7.96 8.61 9.34 8.18 8.69 7.15 3.21 5.99 7.15 7.74 11.39 10.80 10.66 10.59 10.59 10.29 9.34 7.96 9.42 10.06 9.83 12.83 11.13 12.85 12.70 14.89 14.09 10.22 5.62 6.86 3.80 1.53 0.00 1.39 1.39 1.61 1.61 3.14 2.19 2.19 2.12 2.26 2.56 0.00 0.00 0.00 0.00 0.00 0.00 3.87 3.36 6.42 1.68 2.85 4.45 6.42 5.04 9.34 11.61 11.02 14.16 15.77 12.70 14.09 14.09 13.94 16.43 15.33 15.18 10.80 12.12 7.52 8.10 7.88 8.03 8.40 10.88 11.02 8.98 7.08
7.37 6.79 7.59 7.59 8.54 8.40 8.32 7.08 2.26 0.58 0.00 1.46 3.50 5.84 6.79 8.91 11.10 10.29 10.29 8.40 10.07 7.30 9.05 10.89 12.44 11.10 12.02 14.15 13.87 15.91 13.80 11.39 8.32 5.26 6.72 2.19 3.07 1.97 1.90 2.56 2.85 2.26 1.83 1.83 1.68 0.00 0.00 0.00 0.00 0.00 0.00 0.00 0.00 0.00 0.00 0.00 1.53 2.12 3.43 5.55 9.05 11.46 11.39 10.88 12.26 12.78 11.32 12.34 12.34 14.16 14.31 14.31 14.97 10.88 12.85 8.18 10.59 9.93 10.59 10.59 11.46 9.56 7.96 8.03
7.30 8.69 8.69 7.88 6.57 6.64 5.69 1.46 2.34 0.00 0.00 0.00 0.00 1.61 5.91 3.80 7.45 5.84 5.84 2.56 4.74 6.97 6.25 9.71 7.11 9.30 11.97 12.39 14.52 15.79 15.55 13.43 11.97 14.67 10.22 7.23 7.88 3.50 5.77 3.36 1.31 1.31 1.46 1.46 1.10 0.00 0.00 0.00 0.00 0.00 0.00 0.00 0.00 0.00 0.00 0.00 0.00 2.12 0.00 4.96 8.47 13.94 19.35 18.03 14.75 16.13 11.83 20.22 20.22 19.49 21.32 17.81 18.76 14.24 15.11 13.21 12.92 13.07 11.46 14.31 11.02 10.88 13.72 10.07
6.20 7.81 7.37 5.91 6.35 6.28 5.69 4.89 0.00 0.00 0.00 0.00 0.00 0.00 1.24 1.31 3.87 0.00 0.00 0.99 1.55 2.74 0.00 3.07 5.93 5.18 9.48 9.60 14.36 15.12 15.41 16.57 15.70 16.79 16.21 13.51 13.36 7.88 3.36 3.72 2.04 0.73 1.61 1.61 0.22 0.00 0.00 0.00 0.00 0.00 0.00 0.00 0.00 0.00 0.00 0.00 0.00 0.00 0.00 5.11 9.42 13.94 19.49 22.92 26.43 26.86 26.21 26.57 26.57 23.73 21.75 19.05 14.97 16.06 15.70 17.01 14.16 15.26 12.48 16.28 14.60 15.04 14.67 17.45
6.20 7.81 7.37 5.91 6.35 6.28 5.69 4.89 0.00 0.00 0.00 0.00 0.00 0.00 1.24 1.31 3.87 0.00 0.00 1.03 1.57 2.94 0.00 3.14 5.84 5.18 9.20 8.92 13.42 15.35 15.56 17.26 17.63 17.77 16.62 13.51 13.36 7.88 3.36 3.72 2.04 0.73 1.61 1.61 0.22 0.00 0.00 0.00 0.00 0.00 0.00 0.00 0.00 0.00 0.00 0.00 0.00 0.00 0.00 5.11 9.42 13.94 19.49 22.92 26.43 26.86 26.21 26.57 26.57 23.73 21.75 19.05 14.97 16.06 15.70 17.01 14.16 15.26 12.48 16.28 14.60 15.04 14.67 17.45
5.26 5.99 5.48 6.42 5.91 3.87 4.53 1.90 2.48 0.00 0.00 0.00 0.00 0.00 0.00 0.00 0.00 0.00 0.00 0.51 0.29 1.02 0.00 0.07 0.60 3.24 5.46 6.16 11.17 9.02 11.50 14.30 14.68 19.21 18.51 17.47 15.19 11.53 10.37 5.55 3.43 1.02 0.00 0.00 0.00 0.00 0.00 0.00 0.00 0.00 0.00 0.00 0.00 0.00 0.00 0.00 0.00 3.50 0.00 5.91 10.66 17.01 16.86 24.97 22.56 26.86 26.57 22.92 22.92 20.44 21.75 16.21 14.82 15.70 17.30 17.45 15.62 14.02 15.99 16.21 12.26 15.04 17.74 17.16
4.45 5.55 7.23 6.35 3.94 4.31 6.06 5.62 4.96 3.21 3.14 0.29 2.85 0.00 0.07 3.07 4.82 5.40 5.40 4.33 1.90 2.71 1.10 1.61 0.81 0.00 0.00 0.00 0.74 3.54 6.86 10.29 8.91 15.33 18.43 16.81 17.64 17.61 14.82 8.61 4.31 10.66 6.94 6.94 1.39 0.00 0.44 0.44 0.22 0.00 0.00 0.00 0.00 0.00 0.00 0.00 0.00 0.00 0.00 0.00 4.45 0.00 10.15 18.76 16.35 24.53 22.48 21.02 21.02 18.83 15.55 16.57 14.31 13.07 15.55 9.56 15.62 10.51 11.32 11.02 11.39 12.56 15.62 16.13
3.14 5.77 7.23 7.30 6.35 6.50 6.72 7.15 7.88 5.55 6.42 4.60 3.50 4.96 6.13 5.91 8.69 8.03 8.03 6.20 3.72 4.38 2.41 1.02 1.61 0.22 0.00 0.00 0.00 1.54 3.80 2.77 5.18 10.73 15.83 14.45 19.97 18.47 18.25 19.27 16.43 14.09 10.95 10.95 4.74 1.68 1.53 0.73 0.00 0.29 0.00 0.00 0.00 0.00 0.00 0.00 0.00 0.00 0.00 0.00 0.00 0.00 5.69 15.26 16.43 18.98 18.40 19.42 19.42 17.45 14.38 8.69 9.93 10.73 10.22 8.54 10.15 9.34 11.24 12.05 12.92 12.92 13.36 14.02
0.00 1.90 1.24 4.23 6.28 5.33 6.06 6.28 7.23 6.28 7.15 6.35 5.77 5.18 4.09 8.83 9.56 8.18 8.18 6.64 3.80 4.23 2.77 1.53 0.00 0.00 0.00 0.00 0.00 1.61 1.17 1.97 3.14 6.79 5.33 12.05 18.01 17.17 19.81 19.17 19.93 19.49 12.48 12.48 6.42 3.80 4.60 1.90 0.44 2.12 0.66 1.46 1.97 0.00 0.00 0.00 0.00 3.43 3.29 2.70 3.65 0.00 0.00 4.09 9.34 12.78 10.95 13.14 13.14 12.85 12.78 6.79 6.42 5.55 5.69 8.25 9.20 10.51 10.44 10.51 12.99 9.93 9.86 7.01
0.00 0.00 0.00 0.00 2.77 1.90 4.96 5.11 3.76 4.60 3.80 6.06 5.69 6.79 6.35 8.25 7.66 2.48 2.48 2.99 2.70 3.58 3.21 1.68 1.17 0.00 0.00 0.00 0.07 0.29 1.24 0.58 1.83 3.36 2.70 7.52 13.87 11.17 16.82 20.89 14.67 15.04 13.36 13.36 11.17 7.74 10.29 5.91 3.87 4.45 2.48 4.60 2.19 0.00 0.00 0.00 0.00 3.94 5.40 5.40 3.65 2.77 0.00 0.00 4.53 2.56 5.62 7.37 7.37 4.45 4.16 4.67 3.29 4.60 4.09 7.52 7.45 6.35 8.03 7.52 4.16 6.35 4.74 4.38
0.00 0.00 0.00 0.00 0.00 2.63 7.30 4.16 5.54 2.34 0.00 3.50 4.31 5.62 4.89 1.24 1.10 1.17 1.17 2.12 1.31 0.00 0.00 0.00 0.00 0.00 0.00 0.00 0.00 0.00 0.91 0.95 1.58 2.70 1.24 3.36 2.56 6.49 12.34 11.53 9.29 9.64 12.99 12.99 11.68 10.95 12.48 10.51 9.05 11.46 6.42 7.59 0.00 2.04 2.04 0.00 0.00 0.00 3.29 3.43 2.77 3.80 2.48 0.00 1.97 0.00 3.21 3.21 3.21 2.92 2.12 2.41 2.04 2.63 2.04 4.74 3.72 3.21 3.94 2.04 1.83 3.21 3.29 2.04
0.00 0.00 0.00 0.00 0.00 2.63 7.30 4.16 5.40 2.34 0.00 3.50 4.31 5.62 4.89 1.24 1.10 1.17 1.17 2.12 1.31 0.00 0.00 0.00 0.00 0.00 0.00 0.00 0.00 0.00 0.88 0.95 1.53 2.70 1.25 3.37 2.56 6.46 12.46 11.53 9.20 9.64 12.99 12.99 11.68 10.95 12.48 10.51 9.05 11.46 6.42 7.59 0.00 2.04 2.04 0.00 0.00 0.00 3.29 3.43 2.77 3.80 2.48 0.00 1.97 0.00 3.21 3.21 3.21 2.92 2.12 2.41 2.04 2.63 2.04 4.74 3.72 3.21 3.94 2.04 1.83 3.21 3.29 2.04
4.45 0.00 0.00 0.00 0.00 0.00 6.28 8.82 7.86 5.55 3.72 3.14 3.72 3.43 2.04 1.02 0.95 0.44 0.44 1.24 0.00 0.00 0.00 0.00 0.00 0.00 0.00 0.00 0.00 0.00 0.00 0.66 1.39 0.95 1.53 2.41 4.31 2.63 4.77 7.45 8.83 7.08 7.96 7.96 4.45 7.66 10.88 12.78 10.66 12.85 10.00 7.74 5.55 2.70 0.00 0.00 0.00 0.00 0.00 0.00 2.77 4.02 5.55 3.65 0.00 0.00 2.04 0.00 0.00 3.50 0.00 0.66 0.00 0.00 0.00 0.00 0.00 0.00 0.00 0.00 0.00 0.00 1.68 0.88
