Wansh/Snow_depth/snowdepth-1994/winter/1994352.txt
ncols 321
nrows 161
xllcenter 60
yllcenter 15 
cellsize  0.25 
NODATA_value -1
[rows 0 to 37 of 161, columns 168 to 251 of 321]
6.79 5.40 4.60 5.33 3.94 4.09 3.94 4.38 4.74 4.74 5.48 5.40 5.04 4.53 4.74 4.60 4.89 7.08 6.06 6.06 6.06 6.06 6.06 5.99 6.50 6.94 5.55 5.69 0.00 0.00 0.00 0.00 0.00 9.05 6.50 6.50 10.88 6.50 8.32 8.40 9.49 7.59 8.32 7.23 8.98 8.40 8.18 8.83 9.05 9.56 9.49 8.61 6.79 7.08 8.25 7.52 6.86 11.83 10.66 10.66 10.66 11.17 11.53 12.19 14.60 14.09 14.31 14.38 11.32 8.98 11.02 9.05 9.27 8.40 8.83 8.40 10.59 11.61 12.05 12.78 12.63 12.12 11.32 11.32
9.05 7.96 6.20 6.64 5.40 4.96 3.50 4.89 4.45 4.45 4.74 5.18 5.26 4.82 5.33 4.96 4.89 6.50 7.59 7.45 7.45 7.74 5.69 6.06 7.81 6.86 0.00 0.00 0.00 0.00 0.00 0.00 0.00 3.50 6.79 6.79 7.37 5.91 9.13 11.17 11.02 9.20 10.37 10.59 10.44 9.49 10.00 8.40 9.42 9.27 8.83 9.86 9.78 9.93 9.56 12.56 12.92 12.70 13.14 12.85 12.85 13.07 12.26 12.12 12.05 10.22 13.21 10.37 10.66 9.20 8.47 8.54 8.83 9.27 8.54 10.29 10.00 10.51 10.29 10.29 9.27 8.03 8.18 7.08
10.15 8.91 9.56 7.59 4.96 5.26 3.87 5.11 4.74 4.74 4.60 5.18 5.04 4.89 4.23 5.84 6.72 6.42 7.30 7.30 7.52 6.50 6.72 6.79 6.64 6.57 0.00 0.00 0.00 0.00 0.00 0.00 3.94 3.36 5.69 5.69 5.11 9.64 8.54 12.05 12.12 12.41 11.24 10.15 10.00 9.20 8.69 8.40 9.56 10.95 10.80 10.22 12.26 11.68 13.21 13.65 13.65 13.80 14.53 13.07 13.07 11.32 10.88 9.49 10.66 8.83 8.18 7.74 8.61 8.10 8.47 9.05 9.13 8.69 9.20 9.05 8.76 9.13 9.56 9.05 8.98 8.40 7.74 7.74
10.15 8.91 9.56 7.59 4.96 5.26 3.87 5.11 4.74 4.74 4.60 5.18 5.04 4.89 4.23 5.84 6.72 6.42 7.30 7.30 7.52 6.50 6.72 6.79 6.64 6.57 0.00 0.00 0.00 0.00 0.00 0.00 3.94 3.36 5.69 5.69 5.11 9.64 8.54 12.05 12.12 12.41 11.24 10.15 10.00 9.20 8.69 8.40 9.56 10.95 10.80 10.22 12.26 11.68 13.21 13.65 13.65 13.80 14.53 13.07 13.07 11.32 10.88 9.49 10.66 8.83 8.18 7.74 8.61 8.10 8.47 9.05 9.13 8.69 9.20 9.05 8.76 9.13 9.56 9.05 8.98 8.40 7.74 7.74
10.80 10.37 10.29 8.98 7.45 4.38 4.60 5.11 4.89 4.89 5.40 5.48 4.60 5.99 6.06 5.77 6.64 6.79 6.86 5.69 6.79 7.23 6.42 6.94 0.00 0.00 0.00 0.00 0.00 0.00 0.00 0.00 3.50 3.29 3.36 3.36 5.33 9.49 11.17 11.17 10.73 9.78 9.64 9.42 9.42 9.49 9.34 10.37 10.00 11.90 12.48 12.41 11.68 12.85 13.07 13.65 13.29 13.72 10.15 10.51 10.51 9.42 8.83 8.83 8.76 7.52 7.52 7.81 7.66 8.03 7.88 7.59 8.83 7.74 8.32 9.13 9.20 8.76 9.27 9.20 8.91 8.54 8.47 8.47
10.44 11.10 11.32 8.32 9.05 7.08 5.40 5.91 5.18 5.18 8.25 7.37 7.52 7.23 7.81 6.86 6.86 6.06 5.04 6.94 5.84 6.20 4.89 4.23 0.00 0.00 0.00 0.00 0.00 0.00 2.41 4.09 3.72 5.55 7.81 7.81 9.56 9.05 10.73 8.98 9.13 9.78 10.00 9.93 9.93 10.37 10.37 10.73 12.41 11.97 12.85 13.87 14.09 13.14 10.80 10.80 9.56 9.05 9.56 8.10 8.10 8.32 9.27 9.27 9.27 7.74 6.20 6.42 5.99 5.99 6.94 7.59 7.66 6.94 7.08 6.86 6.79 6.86 6.79 7.59 7.81 8.18 8.18 8.40
10.59 10.73 10.44 10.29 8.61 8.98 6.13 9.64 9.20 9.20 9.42 8.40 8.32 8.32 7.96 6.20 5.48 5.91 2.70 6.06 0.00 0.00 0.00 0.00 0.00 0.00 0.00 0.00 0.00 0.00 2.92 6.50 7.66 7.45 8.47 8.47 12.56 12.05 12.34 9.93 8.83 9.13 9.86 11.32 11.17 11.24 12.99 12.78 13.29 15.55 15.40 13.80 11.02 11.39 8.91 8.69 8.91 7.81 7.88 8.47 8.47 8.98 8.76 8.76 7.52 7.81 6.28 5.26 5.33 5.62 6.13 6.06 5.99 5.69 6.20 6.42 6.42 5.99 6.50 6.31 8.76 9.65 9.05 10.55
10.59 10.73 10.44 10.29 8.61 8.98 6.13 9.64 9.20 9.20 9.42 8.40 8.32 8.32 7.96 6.20 5.48 5.91 2.70 6.06 0.00 0.00 0.00 0.00 0.00 0.00 0.00 0.00 0.00 0.00 2.92 6.50 7.66 7.45 8.47 8.47 12.56 12.05 12.34 9.93 8.83 9.13 9.86 11.32 11.17 11.24 12.99 12.78 13.29 15.55 15.40 13.80 11.02 11.39 8.91 8.69 8.91 7.81 7.88 8.47 8.47 8.98 8.76 8.76 7.52 7.81 6.28 5.26 5.33 5.62 6.13 6.06 5.99 5.69 6.20 7.43 8.86 8.61 8.90 10.72 14.47 12.84 11.64 10.95
7.37 9.34 8.76 10.51 9.05 8.61 8.83 8.98 7.52 7.52 7.52 7.30 7.96 5.40 5.11 5.33 2.99 0.73 3.29 7.08 4.89 0.00 0.00 0.00 0.00 0.00 0.00 0.00 5.55 6.28 6.13 6.28 8.69 10.88 10.07 10.07 12.56 11.10 8.54 9.20 8.32 9.86 9.20 11.02 13.58 13.58 13.80 16.13 15.77 15.33 12.41 13.14 10.29 8.76 8.83 7.96 7.88 7.96 8.25 8.98 8.98 8.83 8.03 7.01 7.15 6.72 6.35 6.28 5.62 5.91 5.84 6.28 6.35 5.72 6.41 7.58 8.38 7.96 6.78 8.01 8.78 8.87 8.18 9.11
6.72 7.15 7.23 8.18 7.81 8.61 8.76 7.88 7.81 7.81 7.52 7.81 8.25 6.57 4.23 1.39 3.21 0.00 0.00 0.00 0.00 0.00 0.00 0.00 0.00 4.60 5.91 4.96 6.86 7.52 7.74 8.25 8.18 8.83 8.18 8.18 9.78 9.78 8.03 9.20 8.98 11.02 13.72 13.36 13.87 14.53 14.60 15.91 13.87 14.38 12.92 9.49 9.78 8.69 7.52 7.96 7.74 10.51 8.32 10.07 10.07 10.37 10.51 8.83 7.15 7.23 6.79 6.13 6.35 5.91 6.94 6.94 6.42 8.31 7.70 7.57 7.51 7.70 9.01 8.48 7.51 8.52 8.91 9.88
8.61 8.98 7.01 7.01 7.37 7.23 8.61 8.10 8.83 8.83 8.40 7.15 1.31 2.63 4.82 0.00 0.00 0.00 0.00 0.00 0.00 0.00 4.02 5.48 5.04 5.26 7.08 7.59 6.94 7.37 6.64 6.64 6.79 6.72 7.59 7.59 9.05 10.95 10.73 12.12 14.60 14.67 14.82 14.31 13.51 13.65 11.53 12.70 13.14 11.46 11.39 9.78 8.54 8.83 8.40 8.61 8.32 11.39 13.87 11.75 11.75 11.24 9.56 10.00 9.64 9.05 7.74 6.57 6.86 6.86 7.01 6.64 6.96 6.97 6.25 8.88 9.61 9.93 8.72 8.57 9.03 8.98 8.36 8.78
8.61 8.98 7.01 7.01 7.37 7.23 8.61 8.10 8.83 8.83 8.40 7.15 1.31 2.63 4.82 0.00 0.00 0.00 0.00 0.00 0.00 0.00 4.02 5.48 5.04 5.26 7.08 7.59 6.94 7.37 6.64 6.64 6.79 6.72 7.59 7.59 9.05 10.95 10.73 12.12 14.60 14.67 14.82 14.31 13.51 13.65 11.53 12.70 13.14 11.46 11.39 9.78 8.54 8.83 8.40 8.61 8.32 11.39 13.87 11.75 11.75 11.24 9.56 10.00 9.64 9.05 7.74 6.57 6.86 6.86 7.01 6.64 6.79 6.86 6.06 8.25 8.57 9.19 9.30 8.89 9.03 8.78 9.18 9.39
10.00 9.05 7.59 7.96 6.57 6.28 6.64 6.64 5.18 5.18 0.00 0.00 0.00 0.00 0.00 0.00 0.00 0.00 0.00 0.00 3.21 4.82 6.50 6.13 6.13 6.64 6.50 7.45 7.01 9.27 8.18 8.32 8.03 9.78 10.07 10.07 9.93 11.83 13.29 12.85 15.33 14.97 14.89 14.24 12.12 10.44 10.73 11.02 11.97 11.83 11.24 11.68 9.20 9.20 10.44 10.00 11.97 13.14 13.14 11.97 11.97 12.26 11.32 11.17 11.39 9.71 9.27 9.34 9.34 9.34 7.81 7.37 7.30 7.30 6.96 7.54 8.97 8.99 9.38 9.37 9.02 9.23 9.77 8.92
11.97 10.15 8.54 8.98 9.86 7.45 4.45 0.00 3.07 3.07 0.00 0.00 0.00 0.00 0.00 0.00 0.00 0.00 3.43 5.84 4.67 6.13 6.13 8.91 8.25 7.59 7.88 7.30 10.51 11.10 10.66 10.29 11.53 10.07 10.59 10.59 11.75 11.24 13.94 14.45 14.38 15.04 14.38 12.78 13.14 12.63 11.97 11.61 12.92 12.56 12.34 12.63 13.14 10.51 11.53 13.07 12.78 12.48 11.68 11.75 11.75 13.07 14.09 13.94 13.87 11.75 10.51 10.15 10.15 10.07 10.51 10.00 10.15 9.24 9.63 10.61 8.78 10.31 10.56 9.95 10.31 9.61 9.90 9.54
13.21 12.70 16.64 12.63 13.72 10.29 10.22 6.06 7.15 7.15 7.08 0.00 5.04 2.56 1.53 0.00 4.67 0.00 6.79 8.03 9.20 8.98 9.27 9.27 8.61 10.00 10.51 11.02 11.10 11.02 9.64 11.61 10.88 11.02 11.46 11.46 11.97 11.61 12.19 13.51 12.26 14.45 14.02 11.53 12.56 12.48 12.19 13.58 13.80 13.43 14.16 13.87 14.82 14.45 14.82 13.07 13.07 12.99 13.51 13.43 13.43 13.72 13.94 14.09 13.80 14.02 11.46 11.90 12.05 13.51 11.83 11.17 9.97 13.69 9.56 10.07 9.98 10.71 10.23 10.20 11.17 9.67 10.01 9.93
16.43 15.77 17.45 15.40 14.89 12.48 12.85 12.70 8.47 8.47 10.73 7.66 9.71 5.84 8.40 8.54 8.03 8.98 6.72 9.13 8.98 10.15 9.86 9.49 9.86 9.64 10.29 9.05 10.22 9.86 10.00 9.86 10.29 11.53 11.24 11.24 10.22 11.02 10.95 11.53 11.61 9.93 12.56 10.22 10.80 10.51 10.59 10.15 13.07 12.78 13.87 14.89 15.04 13.94 13.29 13.14 14.31 14.09 14.31 13.29 13.29 14.24 14.02 14.16 14.09 14.45 11.24 11.53 10.95 13.07 12.41 11.21 13.80 11.97 12.06 11.30 11.64 10.32 10.90 11.42 10.67 10.60 9.70 9.38
16.43 15.77 17.45 15.40 14.89 12.48 12.85 12.70 8.47 8.47 10.73 7.66 9.71 5.84 8.40 8.54 8.03 8.98 6.72 9.13 8.98 10.15 9.86 9.49 9.86 9.64 10.29 9.05 10.22 9.86 10.00 9.86 10.29 11.53 11.24 11.24 10.22 11.02 10.95 11.53 11.61 9.93 12.56 10.22 10.80 10.51 10.59 10.15 13.07 12.78 13.87 14.89 15.04 13.94 13.29 13.14 14.31 14.09 14.31 13.29 13.29 14.24 14.02 14.16 14.09 14.45 11.24 11.53 10.95 13.07 12.41 13.77 12.93 13.01 10.83 13.98 11.81 11.41 11.12 10.30 10.32 9.11 10.55 10.65
12.99 14.02 15.33 15.18 15.04 13.36 12.41 12.56 11.39 11.39 10.66 10.15 10.51 8.98 10.44 11.97 9.20 9.78 8.83 9.78 11.17 9.42 9.13 8.76 8.47 8.10 8.54 8.25 8.91 7.74 9.64 9.20 10.51 9.78 9.93 9.93 9.93 10.22 9.78 10.22 10.37 8.91 8.61 8.83 7.08 7.96 8.40 8.32 8.25 12.12 12.26 10.59 9.42 12.78 12.19 11.97 11.46 9.42 11.68 11.61 11.61 12.05 11.32 10.29 8.61 7.52 11.10 10.15 11.32 10.95 11.65 10.39 11.22 11.85 11.52 12.19 11.68 10.48 10.04 11.81 11.05 9.60 8.99 9.27
9.64 13.51 15.26 15.18 13.43 14.09 11.10 9.49 9.93 9.93 9.86 9.34 9.86 9.42 11.61 12.19 11.97 10.44 10.29 9.56 8.91 8.98 8.25 8.54 7.08 7.08 7.66 7.52 7.15 7.66 8.25 8.91 9.71 9.56 10.07 10.07 9.42 9.56 8.47 7.37 8.10 8.10 6.64 5.91 5.11 5.04 6.79 6.79 6.79 6.42 8.69 8.91 8.61 6.94 9.86 8.69 7.52 6.79 4.89 4.82 4.82 7.66 7.23 6.13 5.33 5.55 4.67 3.50 3.58 2.42 2.73 7.45 3.44 4.74 6.64 8.46 7.07 8.07 7.89 8.46 7.72 8.39 8.03 8.74
9.27 11.53 10.22 12.05 8.54 10.66 10.51 9.05 7.52 7.52 8.91 8.98 7.81 11.02 10.22 10.00 11.75 9.71 9.05 9.05 9.49 8.25 7.96 8.03 7.08 7.15 6.72 6.86 7.37 7.52 6.86 9.34 10.07 9.71 9.93 9.93 9.20 8.47 7.08 7.23 5.77 5.26 5.84 3.43 4.38 5.40 4.96 5.77 6.06 6.06 7.37 8.98 8.69 6.86 0.00 0.00 4.31 3.58 4.02 3.87 3.87 3.43 3.29 5.48 2.77 2.34 2.34 2.34 1.46 1.68 1.24 2.26 3.43 2.99 5.11 7.02 7.61 9.73 9.50 7.77 8.14 7.35 5.68 4.94
7.08 7.59 7.45 8.47 6.28 8.25 6.28 6.50 6.72 6.72 5.55 7.23 6.72 8.91 10.22 10.00 10.73 11.02 9.05 9.13 9.42 10.07 10.15 8.76 7.30 7.66 6.64 6.57 7.45 8.18 7.81 9.34 10.00 9.86 10.07 10.07 10.07 8.32 5.84 4.60 4.89 3.50 3.14 3.29 4.02 5.18 5.55 6.06 5.40 5.99 5.62 6.79 4.02 8.47 0.00 0.00 1.24 0.58 2.48 2.77 2.77 2.56 2.70 1.17 1.39 0.15 0.00 0.22 0.73 0.07 0.29 0.73 2.26 4.60 4.37 8.06 13.59 12.04 13.36 13.72 11.41 6.41 7.59 5.98
6.06 5.69 6.13 5.84 5.99 5.40 5.40 5.18 5.77 5.77 5.77 7.15 9.20 8.98 9.78 10.15 8.18 8.40 10.80 10.00 9.93 11.17 10.22 7.96 7.01 9.71 9.34 9.42 8.03 9.20 11.17 10.44 10.51 10.73 11.17 11.17 8.91 10.15 6.50 3.80 3.80 4.38 3.50 5.33 5.77 7.96 6.86 7.01 7.45 4.96 4.60 4.67 1.39 0.00 1.02 0.00 0.88 0.88 0.66 0.44 0.44 1.46 2.13 0.00 0.00 0.00 0.00 0.51 0.15 0.00 1.17 1.31 1.10 2.63 5.17 9.18 10.40 12.97 14.71 12.24 11.20 10.92 9.50 5.35
6.06 5.69 6.13 5.84 5.99 5.40 5.40 5.18 5.77 5.77 5.77 7.15 9.20 8.98 9.78 10.15 8.18 8.40 10.80 10.00 9.93 11.17 10.22 7.96 7.01 9.71 9.34 9.42 8.03 9.20 11.17 10.44 10.51 10.73 11.17 11.17 8.91 10.15 6.50 3.80 3.80 4.38 3.50 5.33 5.77 7.96 6.86 7.01 7.45 4.96 4.60 4.67 1.39 0.00 1.02 0.00 0.88 0.88 0.66 0.44 0.44 1.46 2.13 0.00 0.00 0.00 0.00 0.51 0.15 0.00 1.17 1.31 1.10 2.63 4.96 9.23 8.08 11.41 12.32 14.24 13.70 11.16 7.44 4.94
5.04 4.96 5.04 4.38 5.48 5.04 5.69 5.77 7.15 7.15 6.79 7.08 7.59 5.77 5.55 8.03 7.59 10.15 11.32 11.39 11.97 10.37 10.95 9.20 10.07 10.88 11.24 13.51 12.48 12.92 11.02 9.56 9.71 9.20 10.80 10.80 10.80 7.30 7.23 9.42 6.57 9.93 10.37 8.32 10.59 11.17 11.17 8.32 6.28 6.86 3.36 0.66 1.17 0.00 0.00 0.00 0.00 0.00 0.00 0.00 0.00 0.00 0.00 0.00 0.00 0.88 1.46 1.39 0.51 1.02 0.66 1.68 2.85 3.80 3.43 5.36 5.15 10.41 11.88 12.22 11.17 7.39 5.80 7.09
3.94 4.02 3.72 4.09 4.74 3.87 4.16 4.82 5.99 5.99 6.86 7.08 6.06 6.06 8.10 5.26 6.79 8.61 9.71 10.88 11.68 10.66 10.15 10.66 10.51 11.39 11.61 13.21 13.72 12.34 10.15 10.66 8.83 11.61 11.61 11.61 12.78 15.62 13.94 13.58 16.72 15.18 16.43 17.52 12.78 8.10 8.25 8.10 4.89 2.19 2.48 1.24 0.29 0.44 0.15 0.00 0.00 0.22 0.00 0.00 0.00 0.00 0.00 0.00 0.51 0.00 1.39 1.83 2.12 2.34 2.04 3.21 4.16 3.87 6.21 6.09 5.79 7.34 10.08 9.03 7.54 4.66 5.71 6.11
6.57 3.87 3.36 3.36 4.74 3.21 4.74 5.55 5.55 5.55 6.42 6.72 6.57 6.64 7.88 8.69 9.34 9.13 9.71 10.37 10.15 9.93 10.29 10.80 11.53 11.61 11.68 12.19 11.24 12.63 11.17 11.24 11.75 11.97 10.95 10.95 15.91 14.67 15.70 18.54 17.74 16.94 15.77 6.42 7.88 5.40 0.00 0.00 3.21 1.75 0.95 0.88 0.51 0.00 0.00 0.00 0.00 0.00 0.00 0.00 0.00 0.00 0.00 0.00 0.00 0.58 0.00 1.46 2.41 2.26 2.26 3.36 4.67 6.27 5.85 8.20 7.12 5.18 5.61 6.40 5.99 5.47 5.32 4.35
10.00 7.01 10.95 6.94 7.81 4.67 4.96 5.99 4.60 4.60 4.38 6.42 5.84 6.28 7.37 7.88 9.13 10.29 8.83 8.10 9.20 8.69 9.93 9.05 10.73 11.02 6.42 8.98 8.32 11.53 8.83 9.64 9.93 10.59 7.88 7.88 13.51 12.26 11.68 14.31 11.02 10.44 12.70 4.67 0.00 2.34 0.00 0.00 0.00 1.02 0.00 0.00 0.00 0.00 0.00 0.00 0.00 0.00 0.00 0.00 0.00 0.00 0.00 0.00 0.00 0.00 1.02 2.41 1.46 2.77 3.65 4.74 4.59 6.56 8.97 9.39 11.62 8.66 5.72 6.67 4.17 3.27 4.16 4.12
15.33 16.13 14.67 9.13 5.69 5.62 5.77 0.00 2.26 2.26 1.02 1.24 3.80 2.56 7.08 7.88 1.46 2.26 4.16 5.62 6.42 5.04 6.06 5.69 8.47 9.05 3.07 5.26 4.38 6.28 6.28 6.20 4.53 5.84 5.69 5.69 5.55 6.50 4.09 3.87 6.06 4.23 3.36 3.58 0.00 0.00 0.00 0.00 0.00 0.00 0.00 0.00 0.00 0.00 1.17 0.00 0.00 0.00 0.00 0.00 0.00 0.00 0.00 0.00 0.00 1.75 1.39 2.56 3.14 4.60 4.19 5.18 7.47 8.39 9.18 10.53 6.63 5.47 6.11 5.33 3.97 3.34 4.08 3.65
15.33 16.13 14.67 9.13 5.69 5.62 5.77 0.00 2.26 2.26 1.02 1.24 3.80 2.56 7.08 7.88 1.46 2.26 4.16 5.62 6.42 5.04 6.06 5.69 8.47 9.05 3.07 5.26 4.38 6.28 6.28 6.20 4.53 5.84 5.69 5.69 5.55 6.50 4.09 3.87 6.06 4.23 3.36 3.58 0.00 0.00 0.00 0.00 0.00 0.00 0.00 0.00 0.00 0.00 1.17 0.00 0.00 0.00 0.00 0.00 0.00 0.00 0.00 0.00 0.00 1.75 1.39 2.56 3.14 4.60 4.21 5.13 6.76 9.34 9.79 12.29 7.69 5.30 6.39 5.18 4.20 3.96 3.72 3.10
16.86 15.77 16.21 12.19 5.48 1.53 0.66 1.10 1.10 1.10 0.15 0.00 1.10 0.80 1.97 1.53 0.88 1.10 1.68 2.70 1.17 3.50 4.31 2.48 2.12 2.19 2.34 1.46 3.07 4.67 3.29 3.29 0.00 0.00 3.80 3.80 3.87 0.00 2.99 0.00 0.00 0.00 0.00 0.00 0.00 0.00 0.00 0.00 0.00 0.00 0.00 0.00 0.00 1.68 0.00 0.00 0.00 0.00 0.00 0.00 0.00 0.00 0.00 0.00 0.00 0.00 3.07 0.00 3.67 4.20 6.19 5.83 7.69 12.33 12.58 9.82 6.09 6.70 6.20 4.73 3.90 3.60 3.01 2.63
15.04 13.07 9.86 11.02 4.60 1.68 1.10 0.00 0.00 0.00 0.00 0.00 0.00 0.00 0.29 0.88 0.44 0.80 0.00 0.00 0.00 1.83 0.00 0.00 1.39 0.80 0.44 0.44 2.12 3.07 2.77 3.21 2.63 2.12 0.00 0.00 0.00 0.00 0.00 2.70 0.00 0.00 0.00 0.00 0.00 0.00 0.00 0.00 1.39 1.31 0.00 0.00 0.00 0.00 0.00 0.00 0.00 0.00 0.00 0.00 0.00 0.00 0.00 0.00 0.00 0.00 0.00 0.00 0.00 0.00 2.99 6.47 9.76 10.70 11.98 9.58 6.22 4.80 4.90 4.54 3.93 4.36 2.22 2.11
11.83 11.61 8.54 3.07 2.48 2.63 1.31 0.00 0.07 0.07 0.00 0.00 0.00 0.22 0.44 0.00 0.00 0.00 0.00 0.00 0.00 0.00 0.00 0.00 0.00 0.00 0.07 0.00 0.00 0.00 0.00 0.00 0.00 0.00 2.12 2.12 1.90 1.53 0.00 0.00 0.00 0.00 0.00 0.00 0.00 0.00 0.00 0.00 0.00 0.00 0.00 0.00 0.00 0.00 0.00 0.00 0.00 0.00 0.00 0.00 0.00 0.00 0.00 0.00 0.00 0.00 0.00 0.00 0.00 2.12 4.96 4.20 9.39 10.05 6.11 6.00 5.39 5.57 4.94 4.37 3.10 2.14 1.46 1.17
8.10 9.05 4.23 3.36 1.53 1.10 1.90 0.73 0.00 0.00 0.00 0.00 0.00 0.00 0.00 0.00 0.00 0.00 0.00 0.00 0.00 0.00 0.00 0.00 0.00 0.00 0.00 0.00 0.00 0.00 0.00 0.00 0.00 0.00 0.00 0.00 0.00 0.00 0.00 0.00 0.00 0.00 0.00 0.00 0.00 0.00 0.00 0.00 0.00 2.92 0.00 0.00 0.00 0.00 0.00 0.00 0.00 0.00 0.00 0.00 0.00 0.00 0.00 0.00 0.00 0.00 3.21 0.00 0.00 2.63 4.09 4.57 6.70 6.77 7.86 4.37 4.47 4.64 2.97 2.06 1.91 2.96 1.12 0.89
2.63 2.92 1.46 1.97 0.00 1.24 0.00 0.00 0.00 0.00 0.00 0.00 0.00 0.00 0.00 0.00 0.00 0.00 0.00 0.00 0.00 0.00 0.00 0.00 0.00 0.00 0.00 0.00 0.00 0.00 0.00 0.00 0.00 0.00 0.00 0.00 0.00 0.00 0.00 0.00 0.00 0.00 0.00 0.00 0.00 0.00 0.00 2.26 2.77 2.70 2.41 2.26 2.19 2.19 0.00 0.00 0.00 0.00 0.00 0.00 0.00 0.00 0.00 0.00 0.00 3.21 2.99 4.31 5.18 4.45 3.94 3.80 5.43 4.87 4.13 3.65 3.08 2.86 3.10 0.99 0.70 1.62 1.17 0.00
2.04 1.46 0.00 0.00 0.00 0.00 0.00 0.00 0.00 0.00 0.00 0.00 0.00 0.00 0.00 0.00 0.00 0.00 0.00 0.00 0.00 0.00 0.00 0.00 0.00 0.00 0.00 0.00 0.00 0.00 0.00 0.00 0.00 0.00 0.00 0.00 0.00 0.00 0.00 0.00 0.00 0.00 0.00 0.00 0.00 0.00 0.00 0.00 0.00 2.19 1.97 2.63 2.77 3.14 2.92 0.00 0.00 0.00 0.00 0.00 0.00 0.00 0.00 0.00 0.00 3.21 4.09 5.48 5.33 4.38 4.23 4.33 4.54 3.72 3.98 2.97 2.54 1.73 0.26 0.00 0.00 0.00 0.52 0.74
2.04 1.46 0.00 0.00 0.00 0.00 0.00 0.00 0.00 0.00 0.00 0.00 0.00 0.00 0.00 0.00 0.00 0.00 0.00 0.00 0.00 0.00 0.00 0.00 0.00 0.00 0.00 0.00 0.00 0.00 0.00 0.00 0.00 0.00 0.00 0.00 0.00 0.00 0.00 0.00 0.00 0.00 0.00 0.00 0.00 0.00 0.00 0.00 0.00 2.19 1.97 2.63 2.77 3.14 2.92 0.00 0.00 0.00 0.00 0.00 0.00 0.00 0.00 0.00 0.00 3.21 4.09 5.48 5.33 4.38 4.23 4.31 4.48 3.67 3.98 3.10 2.27 1.66 0.25 0.00 0.00 0.00 0.52 0.73
0.80 0.00 0.00 0.00 0.00 0.00 0.00 0.00 0.00 0.00 0.00 0.00 0.58 0.00 0.00 0.00 0.00 0.00 0.00 0.00 0.00 0.00 0.00 0.00 0.00 0.00 0.00 0.00 0.00 0.00 0.00 0.00 2.12 0.00 0.00 0.00 0.00 0.00 0.00 0.00 0.00 0.00 0.00 0.00 0.00 0.00 0.00 0.00 0.00 1.46 2.77 2.34 3.50 3.36 3.50 0.00 0.00 0.00 0.00 0.00 0.00 0.00 0.00 0.00 0.00 0.00 3.58 4.96 5.48 4.38 5.33 4.38 3.07 3.10 2.42 0.99 0.00 0.46 0.08 0.00 0.00 0.00 0.00 0.07
0.00 0.00 0.00 0.00 0.00 0.00 0.00 0.00 0.00 0.00 0.00 0.00 0.00 0.00 0.00 0.00 0.00 0.00 0.00 0.00 0.00 0.88 1.39 1.61 1.61 1.10 0.00 0.00 0.00 0.00 0.00 0.00 0.00 0.00 0.00 0.00 0.00 0.00 0.00 0.00 0.00 0.00 0.00 0.00 0.00 0.00 0.00 0.00 0.00 0.00 3.07 3.87 3.80 3.72 3.14 2.34 0.00 0.00 0.00 2.04 2.04 0.00 0.00 0.00 0.00 0.00 0.00 3.87 3.87 3.07 3.14 3.14 3.21 2.48 1.17 0.30 0.00 0.00 0.00 0.00 0.00 0.00 0.15 0.15
