Wansh/Snow_depth/snowdepth-1994/winter/1994365.txt
ncols 321
nrows 161
xllcenter 60
yllcenter 15 
cellsize  0.25 
NODATA_value -1
[rows 0 to 37 of 161, columns 0 to 83 of 321]
0.00 0.00 0.00 0.00 0.00 0.00 0.00 8.03 7.45 9.78 9.93 10.15 10.22 9.93 10.95 9.34 9.49 9.27 8.83 8.54 8.40 9.13 9.34 9.13 9.34 10.88 10.88 11.24 11.02 11.68 14.02 13.29 13.65 13.51 12.92 12.85 12.85 12.85 13.21 14.09 14.24 15.04 13.14 13.14 13.14 12.63 12.48 12.78 13.43 13.58 12.70 12.70 13.21 12.12 13.21 13.65 13.51 13.94 13.87 13.94 14.09 13.29 11.53 12.34 10.95 11.90 11.97 10.95 10.51 11.02 8.10 9.71 9.78 9.71 9.49 11.02 11.02 11.97 11.68 12.19 11.53 11.61 11.32 11.24
0.00 0.00 0.00 0.00 0.00 0.00 0.00 0.00 9.13 9.56 9.64 9.78 9.49 9.56 9.49 9.42 9.27 8.47 8.47 8.40 7.66 9.56 9.27 9.93 10.88 11.53 11.53 12.70 12.41 14.16 14.16 14.24 13.36 15.04 13.36 13.51 14.02 14.38 14.53 14.31 15.33 15.33 14.16 11.46 10.95 11.39 12.19 11.75 12.92 14.02 13.58 13.58 13.87 13.94 13.72 12.56 13.07 13.29 13.14 13.51 11.10 11.10 9.71 8.25 9.86 9.42 10.29 10.22 9.86 7.81 8.10 8.40 8.91 8.91 9.34 8.91 8.91 12.05 12.63 12.12 11.46 11.24 11.32 10.88
0.00 0.00 0.00 0.00 0.00 0.00 0.00 0.00 0.00 9.78 9.27 9.86 10.07 9.20 9.56 9.42 10.22 8.54 9.20 7.66 8.10 8.61 8.32 11.32 11.24 11.39 11.39 11.83 10.95 13.58 13.80 13.07 13.36 13.21 13.14 12.92 13.80 14.67 13.80 14.89 14.82 14.97 13.51 11.24 10.95 10.80 9.93 10.95 12.56 12.19 12.92 12.92 11.24 11.46 10.95 11.24 11.53 8.91 10.44 9.93 9.05 9.05 8.98 8.54 9.93 9.34 10.51 9.64 9.86 8.98 8.98 8.76 9.49 9.93 9.34 10.80 10.80 10.44 10.73 11.53 11.10 11.39 11.24 11.61
0.00 0.00 0.00 0.00 0.00 0.00 0.00 0.00 0.00 9.78 9.27 9.86 10.07 9.20 9.56 9.42 10.22 8.54 9.20 7.66 8.10 8.61 8.32 11.32 11.24 11.39 11.39 11.83 10.95 13.58 13.80 13.07 13.36 13.21 13.14 12.92 13.80 14.67 13.80 14.89 14.82 14.97 13.51 11.24 10.95 10.80 9.93 10.95 12.56 12.19 12.92 12.92 11.24 11.46 10.95 11.24 11.53 8.91 10.44 9.93 9.05 9.05 8.98 8.54 9.93 9.34 10.51 9.64 9.86 8.98 8.98 8.76 9.49 9.93 9.34 10.80 10.80 10.44 10.73 11.53 11.10 11.39 11.24 11.61
0.00 0.00 0.00 0.00 0.00 0.00 0.00 0.00 0.00 9.20 0.00 9.71 9.05 9.13 9.42 10.59 9.93 9.93 9.20 8.25 8.18 8.61 9.56 10.73 10.73 10.88 10.88 10.44 9.93 10.22 11.90 13.72 12.78 12.99 13.51 13.87 13.07 13.43 13.51 13.29 13.07 12.85 10.88 8.32 8.10 8.10 9.13 9.42 8.61 8.91 9.05 9.05 9.20 8.69 6.50 7.59 7.23 8.18 7.23 7.52 7.30 8.83 9.27 8.98 10.29 9.27 9.56 8.03 8.47 8.54 7.66 8.91 8.76 8.10 9.42 9.42 9.42 10.95 10.51 11.32 11.24 11.53 9.20 8.61
0.00 0.00 0.00 0.00 0.00 0.00 0.00 0.00 0.00 0.00 0.00 0.00 0.00 10.44 10.51 10.15 10.37 8.47 9.05 7.96 7.96 9.20 10.15 9.93 10.22 9.86 9.86 9.64 9.93 10.29 11.83 12.12 12.56 12.26 13.29 12.63 13.58 13.43 12.99 13.14 12.78 12.05 9.20 8.32 8.32 7.59 8.10 7.81 7.66 8.18 7.59 7.59 7.08 7.08 6.42 7.30 6.20 5.77 6.72 7.66 7.37 7.23 8.83 8.47 9.42 8.61 7.59 7.66 7.30 7.15 7.15 6.64 7.81 7.37 8.40 8.03 8.03 9.78 11.02 10.29 10.37 8.91 9.20 8.98
0.00 0.00 0.00 0.00 0.00 0.00 0.00 0.00 0.00 0.00 11.10 0.00 0.00 9.78 9.56 9.78 8.18 8.18 7.96 6.42 7.74 8.98 8.91 9.78 9.86 9.34 9.34 9.56 11.02 11.32 11.24 12.56 11.90 11.68 11.46 11.75 11.53 12.92 12.70 12.78 12.99 9.93 8.61 9.56 8.32 8.69 8.32 7.74 7.66 7.88 7.96 7.96 6.57 5.99 5.62 5.62 5.40 7.23 7.23 7.15 6.20 6.13 5.84 7.01 6.72 8.10 7.08 6.72 6.79 5.55 6.28 6.20 5.04 4.96 6.13 6.35 6.35 6.86 6.86 9.20 9.34 9.13 9.20 9.27
0.00 0.00 0.00 0.00 0.00 0.00 0.00 0.00 0.00 0.00 11.10 0.00 0.00 9.78 9.56 9.78 8.18 8.18 7.96 6.42 7.74 8.98 8.91 9.78 9.86 9.34 9.34 9.56 11.02 11.32 11.24 12.56 11.90 11.68 11.46 11.75 11.53 12.92 12.70 12.78 12.99 9.93 8.61 9.56 8.32 8.69 8.32 7.74 7.66 7.88 7.96 7.96 6.57 5.99 5.62 5.62 5.40 7.23 7.23 7.15 6.20 6.13 5.84 7.01 6.72 8.10 7.08 6.72 6.79 5.55 6.28 6.20 5.04 4.96 6.13 6.35 6.35 6.86 6.86 9.20 9.34 9.13 9.20 9.27
0.00 0.00 0.00 1.61 1.61 0.00 0.00 0.00 0.00 11.02 0.00 0.00 10.22 10.22 10.07 7.74 6.13 6.57 5.26 6.50 5.99 8.54 8.10 9.42 8.61 9.56 9.56 10.88 11.46 11.24 11.90 11.53 11.53 11.24 11.02 11.46 10.88 11.02 12.19 11.97 9.34 10.15 7.59 8.91 8.25 8.61 7.37 6.57 7.52 8.10 7.37 7.37 7.81 6.94 5.91 7.01 7.52 7.37 5.84 6.13 6.57 6.13 7.01 6.72 6.50 6.50 6.50 6.72 5.99 6.06 4.31 4.82 4.53 4.60 4.82 4.96 4.96 6.06 5.18 5.26 8.32 8.69 8.76 8.10
0.00 0.00 0.00 0.00 0.00 0.00 0.00 5.84 4.23 8.10 9.42 8.98 9.56 9.42 8.10 0.00 4.09 4.31 3.50 4.09 6.06 5.62 6.64 7.59 9.93 10.44 10.44 11.39 12.05 12.12 12.19 11.83 11.97 9.13 9.05 8.76 9.64 10.51 10.44 10.66 9.34 8.40 7.66 7.74 8.69 6.79 7.37 6.79 7.52 7.96 8.54 8.54 8.10 7.81 8.10 8.32 7.81 7.23 7.59 7.37 7.15 7.37 7.01 5.99 5.99 5.40 5.84 5.77 3.94 3.87 3.87 2.63 2.56 4.31 4.67 4.74 4.74 4.89 4.89 5.04 4.89 6.50 8.32 8.03
0.00 0.00 0.00 0.00 0.00 0.00 0.00 0.00 2.63 7.59 6.50 8.25 6.86 6.72 0.00 5.55 0.00 0.00 3.29 3.87 5.62 6.42 7.45 8.91 10.00 11.75 11.75 10.95 12.34 11.61 11.46 10.37 10.15 7.66 8.69 8.40 7.81 9.93 9.64 10.00 9.49 8.03 7.88 7.08 6.94 7.74 8.18 8.54 8.32 7.81 9.05 9.05 8.18 8.69 8.69 8.76 8.32 7.74 7.88 7.30 6.57 6.79 6.20 5.40 5.26 5.11 3.36 3.14 3.29 0.00 1.68 1.97 0.00 0.00 3.58 3.94 3.94 3.87 3.65 5.62 6.57 6.13 8.10 8.61
0.00 0.00 0.00 0.00 0.00 0.00 0.00 0.00 2.63 7.59 6.50 8.25 6.86 6.72 0.00 5.55 0.00 0.00 3.29 3.87 5.62 6.42 7.45 8.91 10.00 11.75 11.75 10.95 12.34 11.61 11.46 10.37 10.15 7.66 8.69 8.40 7.81 9.93 9.64 10.00 9.49 8.03 7.88 7.08 6.94 7.74 8.18 8.54 8.32 7.81 9.05 9.05 8.18 8.69 8.69 8.76 8.32 7.74 7.88 7.30 6.57 6.79 6.20 5.40 5.26 5.11 3.36 3.14 3.29 0.00 1.68 1.97 0.00 0.00 3.58 3.94 3.94 3.87 3.65 5.62 6.57 6.13 8.10 8.61
0.00 0.00 0.00 0.00 0.00 0.00 0.00 0.00 0.00 0.00 5.11 6.42 6.13 6.06 4.53 4.16 3.36 2.34 3.43 3.72 5.40 7.37 8.40 9.34 10.29 10.51 10.51 11.90 11.53 10.22 10.37 9.56 8.10 6.42 7.15 7.88 7.81 8.91 7.45 7.96 6.13 6.20 6.42 7.23 6.86 7.59 8.61 9.64 9.27 8.47 8.69 8.69 8.98 8.47 9.05 9.20 8.83 8.25 7.30 7.52 6.35 4.02 2.92 3.36 0.00 2.12 2.41 0.00 0.00 0.00 0.00 0.00 0.00 0.00 0.80 2.70 2.70 2.34 4.60 3.72 6.20 6.86 7.15 4.38
0.00 0.00 0.00 0.00 0.00 0.00 0.00 0.00 0.00 1.10 0.07 1.97 2.70 4.09 4.02 3.50 3.07 3.21 1.90 4.09 6.57 7.52 9.20 10.15 9.49 9.56 9.56 11.24 9.64 7.37 5.55 6.13 5.91 6.42 6.94 7.37 7.52 6.79 7.01 7.66 5.77 6.20 7.30 7.66 8.18 8.91 8.69 9.34 8.47 7.23 8.47 8.47 7.96 8.03 8.69 9.13 8.32 8.61 7.08 4.09 4.38 2.48 0.00 0.00 0.00 0.00 0.00 0.00 0.00 0.66 0.66 0.00 0.00 0.00 0.15 1.39 1.39 1.10 2.48 3.36 2.92 2.56 3.58 3.94
0.00 0.00 0.00 0.00 5.62 4.60 2.85 0.00 0.00 0.00 0.00 0.00 0.00 1.31 2.34 1.83 3.21 2.19 2.99 4.96 6.06 8.10 9.64 9.42 9.49 9.42 9.42 9.20 8.76 6.79 7.23 6.79 6.50 7.45 7.52 7.45 7.30 7.30 7.81 7.81 5.91 5.91 6.42 6.64 7.74 8.61 6.64 7.45 7.37 7.52 7.66 7.66 7.45 8.18 7.74 7.30 5.62 4.16 4.45 1.97 0.00 0.00 0.00 0.00 0.00 0.00 0.00 0.00 0.00 0.00 0.00 0.00 0.00 0.00 1.31 1.10 1.10 1.75 1.97 1.53 1.90 2.19 2.48 3.21
0.00 0.00 7.59 6.64 6.20 4.45 1.53 0.07 0.00 0.00 0.00 0.00 0.66 3.21 3.36 3.07 4.96 3.29 3.87 5.40 7.30 9.86 10.00 10.07 9.93 10.00 10.00 8.47 7.37 6.94 6.94 6.13 5.84 6.72 7.23 7.15 6.94 7.59 8.98 6.20 7.74 7.01 7.30 6.13 6.13 4.96 6.64 7.23 6.72 6.72 6.64 6.64 6.86 6.50 5.33 5.33 4.74 1.39 0.00 0.00 0.00 0.00 0.00 0.00 0.00 0.00 0.00 0.00 0.00 0.00 0.00 0.00 0.51 0.37 1.61 2.12 2.12 1.90 1.97 1.75 2.34 3.21 3.72 3.87
0.00 0.00 7.59 6.64 6.20 4.45 1.53 0.07 0.00 0.00 0.00 0.00 0.66 3.21 3.36 3.07 4.96 3.29 3.87 5.40 7.30 9.86 10.00 10.07 9.93 10.00 10.00 8.47 7.37 6.94 6.94 6.13 5.84 6.72 7.23 7.15 6.94 7.59 8.98 6.20 7.74 7.01 7.30 6.13 6.13 4.96 6.64 7.23 6.72 6.72 6.64 6.64 6.86 6.50 5.33 5.33 4.74 1.39 0.00 0.00 0.00 0.00 0.00 0.00 0.00 0.00 0.00 0.00 0.00 0.00 0.00 0.00 0.51 0.37 1.61 2.12 2.12 1.90 1.97 1.75 2.34 3.21 3.72 3.87
8.47 8.47 8.54 7.45 7.01 6.94 3.07 4.38 0.00 0.00 0.00 0.00 0.00 1.97 6.35 6.50 5.04 5.99 5.91 6.28 11.24 10.66 10.00 9.42 9.56 7.37 7.37 7.74 7.37 6.28 4.74 5.18 5.04 5.84 6.79 7.15 8.10 7.37 6.79 7.23 7.96 5.84 5.69 5.69 5.33 5.40 6.57 5.55 6.64 6.64 6.64 6.64 6.42 5.40 3.07 0.00 0.00 0.00 0.00 0.00 0.00 0.00 0.00 0.00 0.00 0.00 0.00 0.00 0.00 0.44 0.29 0.51 0.66 1.31 1.46 1.75 1.75 2.26 2.34 1.90 2.56 2.34 3.43 2.99
8.61 8.61 8.32 8.40 8.83 8.10 7.15 7.88 4.96 3.14 0.00 0.22 5.04 5.84 6.57 6.35 6.13 6.35 6.13 5.33 5.33 8.54 7.88 7.96 8.40 6.20 6.20 7.37 6.94 5.40 5.18 4.96 5.48 5.18 6.50 4.89 3.07 4.45 4.23 6.28 5.26 5.04 5.84 6.79 7.30 6.57 5.84 5.99 5.69 5.48 5.77 5.77 3.94 4.53 2.56 0.00 0.00 0.00 0.00 0.00 0.00 0.07 0.00 0.00 0.58 1.31 0.00 0.00 0.00 0.00 0.22 0.00 0.00 1.75 1.97 1.97 1.97 2.70 3.36 2.56 2.48 2.26 2.85 2.63
8.10 8.10 8.10 8.40 8.32 8.61 8.54 8.40 8.18 7.66 6.28 6.86 9.20 8.61 8.25 7.23 6.79 5.84 4.82 4.82 7.37 7.59 7.23 7.37 6.42 5.77 5.77 6.35 6.64 6.13 5.69 5.40 4.82 5.69 3.29 3.87 2.19 3.07 3.43 3.43 2.85 5.18 6.06 8.03 7.66 6.72 6.20 6.42 6.42 6.35 6.20 6.20 0.00 0.00 0.00 0.00 0.00 0.00 0.00 0.00 0.00 0.00 3.65 3.43 3.50 2.34 2.85 0.00 0.66 0.80 1.53 0.00 0.00 0.00 1.10 2.63 2.63 2.48 2.34 3.14 3.87 4.16 3.58 3.80
4.67 4.67 6.06 6.94 8.25 7.96 8.54 8.83 8.32 7.96 8.83 9.05 9.05 9.42 7.88 7.23 5.77 5.18 4.89 6.86 7.23 7.08 7.15 7.45 6.13 7.08 7.08 7.23 7.23 7.15 6.50 5.69 7.23 6.72 3.87 5.40 3.65 3.87 1.90 3.94 5.84 7.81 7.81 7.74 7.88 6.79 7.37 6.42 5.91 0.00 0.00 0.00 0.00 0.00 0.00 0.00 0.00 0.00 0.00 0.00 0.00 2.92 4.67 3.94 3.87 2.12 2.12 2.41 2.12 2.26 2.34 1.17 0.66 0.95 1.02 0.73 0.73 1.75 1.68 2.41 2.63 2.34 0.00 0.00
4.74 4.74 3.87 5.11 4.82 7.45 8.54 7.45 7.59 7.96 8.47 8.83 8.83 7.66 5.77 5.84 6.72 8.32 7.74 8.03 6.86 6.57 6.35 5.11 6.06 6.28 6.28 7.59 9.49 9.56 8.69 8.61 8.69 7.23 8.47 6.86 4.60 4.16 2.26 3.58 5.91 6.57 6.86 7.08 6.86 6.50 6.50 6.28 0.00 0.00 0.00 0.00 0.00 0.00 0.00 0.00 0.00 0.00 0.00 2.19 2.12 2.26 2.34 0.00 3.43 3.50 3.43 3.65 3.94 1.97 1.61 1.10 1.39 0.80 0.15 0.29 0.29 0.44 0.88 0.80 1.53 0.00 0.00 0.00
4.74 4.74 3.87 5.11 4.82 7.45 8.54 7.45 7.59 7.96 8.47 8.83 8.83 7.66 5.77 5.84 6.72 8.32 7.74 8.03 6.86 6.57 6.35 5.11 6.06 6.28 6.28 7.59 9.49 9.56 8.69 8.61 8.69 7.23 8.47 6.86 4.60 4.16 2.26 3.58 5.91 6.57 6.86 7.08 6.86 6.50 6.50 6.28 0.00 0.00 0.00 0.00 0.00 0.00 0.00 0.00 0.00 0.00 0.00 2.19 2.12 2.26 2.34 0.00 3.43 3.50 3.43 3.65 3.94 1.97 1.61 1.10 1.39 0.80 0.15 0.29 0.29 0.44 0.88 0.80 1.53 0.00 0.00 0.00
2.63 2.63 3.87 4.89 6.35 7.52 7.81 8.32 8.03 6.79 6.94 6.64 6.72 5.48 4.31 6.94 7.66 7.08 7.01 7.15 7.01 4.96 3.65 4.60 4.96 5.26 5.26 8.18 9.56 9.56 9.13 9.42 9.93 10.00 10.22 7.52 7.66 5.33 2.12 2.77 5.33 6.79 6.79 7.30 6.28 3.94 3.07 0.00 0.00 0.00 0.00 0.00 0.00 0.00 0.00 0.00 2.48 3.58 0.00 2.04 2.26 3.43 3.43 3.36 4.23 6.28 3.50 4.02 4.02 4.31 2.04 1.61 2.85 2.63 0.95 0.66 0.66 0.88 0.00 0.00 1.39 0.00 0.00 0.00
4.23 4.23 5.18 6.20 5.77 6.28 7.59 7.45 6.06 5.18 4.96 5.62 5.55 5.62 5.04 7.74 6.79 6.13 5.84 4.82 3.50 3.72 3.65 4.45 7.15 8.83 8.83 7.66 9.71 9.42 8.47 9.42 10.07 9.71 7.01 6.20 6.72 6.35 7.30 8.61 8.54 8.61 7.96 6.64 5.26 4.82 3.43 0.00 0.00 0.00 0.00 0.00 0.00 3.80 3.87 4.09 3.43 5.04 4.60 6.35 6.64 5.18 7.23 7.30 5.91 7.37 6.42 5.69 5.26 4.89 2.92 2.77 4.09 5.62 5.26 2.92 2.92 0.00 0.00 0.00 0.00 3.07 0.00 0.00
6.20 6.20 6.06 6.20 5.91 5.84 6.94 6.57 6.86 5.77 3.58 3.94 5.77 5.99 4.89 6.13 5.33 6.13 5.18 5.77 5.26 5.77 4.96 5.18 7.96 7.96 7.96 6.35 7.81 7.96 8.61 8.83 9.05 6.86 5.48 5.62 6.72 3.72 7.52 8.61 9.13 7.52 6.42 4.82 5.33 5.04 4.82 3.94 3.29 0.00 0.00 0.00 0.00 3.65 5.11 5.91 5.18 6.28 8.61 9.13 10.44 10.59 9.05 9.20 8.61 8.83 5.69 5.18 5.77 5.69 4.67 5.04 5.48 6.94 7.74 7.74 7.74 5.33 0.00 0.00 0.00 0.00 4.82 4.23
6.13 6.13 6.13 5.99 6.64 5.62 5.77 6.42 6.64 6.64 3.72 3.65 4.02 6.06 3.50 4.60 5.91 6.42 6.20 6.42 5.99 5.77 5.04 6.64 6.57 5.99 5.99 6.79 7.88 7.81 5.91 5.91 4.96 5.04 5.18 5.91 8.54 4.53 6.06 8.91 7.23 5.26 5.91 5.40 4.09 0.00 3.65 3.72 0.00 2.12 0.00 0.00 0.00 2.19 1.97 5.26 7.15 9.05 8.47 10.95 10.59 8.03 8.40 8.91 5.99 5.18 5.55 4.89 5.77 5.62 5.18 4.31 5.11 6.72 7.66 6.86 6.86 6.86 6.64 0.00 0.00 0.00 4.89 6.86
5.26 5.26 5.55 5.55 4.89 4.96 5.91 7.74 7.96 7.59 7.08 4.38 0.00 3.50 5.69 6.42 6.42 6.06 5.40 5.55 5.26 5.77 5.18 6.94 5.48 5.40 5.40 6.28 7.23 5.11 5.33 4.96 5.55 6.28 8.47 7.96 9.05 7.88 6.72 5.40 5.99 4.38 4.31 0.00 4.09 3.50 3.36 2.77 0.00 2.04 2.48 2.48 0.00 0.00 4.60 4.45 6.79 9.34 9.05 8.91 9.34 6.79 5.18 7.30 5.18 4.02 4.60 4.45 5.18 4.16 4.23 4.53 4.82 3.94 6.06 5.62 5.62 5.55 5.84 5.84 5.04 4.45 4.23 5.55
5.26 5.26 5.55 5.55 4.89 4.96 5.91 7.74 7.96 7.59 7.08 4.38 0.00 3.50 5.69 6.42 6.42 6.06 5.40 5.55 5.26 5.77 5.18 6.94 5.48 5.40 5.40 6.28 7.23 5.11 5.33 4.96 5.55 6.28 8.47 7.96 9.05 7.88 6.72 5.40 5.99 4.38 4.31 0.00 4.09 3.50 3.36 2.77 0.00 2.04 2.48 2.48 0.00 0.00 4.60 4.45 6.79 9.34 9.05 8.91 9.34 6.79 5.18 7.30 5.18 4.02 4.60 4.45 5.18 4.16 4.23 4.53 4.82 3.94 6.06 5.62 5.62 5.55 5.84 5.84 5.04 4.45 4.23 5.55
4.60 4.60 0.00 3.94 4.96 4.60 6.35 6.06 7.66 7.66 7.96 8.61 8.25 8.40 7.74 7.08 6.42 3.43 5.11 4.31 4.31 4.60 6.13 4.74 5.77 4.74 4.74 5.33 5.11 5.18 4.89 4.82 6.50 7.08 8.47 7.96 7.66 6.42 4.82 4.74 1.53 3.21 4.31 0.00 4.31 4.60 5.18 3.43 3.14 3.43 3.58 3.58 3.58 3.21 5.77 6.06 5.40 7.23 7.81 7.15 7.30 6.42 5.04 4.23 4.38 4.23 4.53 5.04 4.96 5.69 5.48 4.89 5.18 3.29 0.00 4.38 4.38 3.50 5.26 5.04 4.96 4.31 5.04 5.04
0.00 0.00 0.00 0.00 3.36 3.80 4.96 8.18 8.54 7.30 7.37 5.48 4.02 6.94 2.92 2.99 2.99 2.92 3.36 3.21 3.72 4.53 5.69 3.29 4.16 4.89 4.89 5.69 6.79 6.79 6.28 7.37 6.94 7.23 6.42 5.99 6.42 3.21 1.97 0.00 1.31 3.14 3.87 3.80 4.89 5.18 5.11 3.80 5.48 5.33 5.48 5.48 5.91 5.55 6.35 5.84 6.79 6.57 6.79 6.64 5.77 5.55 5.62 3.72 4.53 4.45 4.38 4.89 5.33 5.40 5.62 4.82 3.36 3.80 1.53 0.00 0.00 0.00 0.00 4.31 4.16 4.23 4.53 5.11
0.00 0.00 2.26 3.07 3.07 4.38 5.18 6.06 6.64 5.04 3.07 8.18 5.18 0.00 0.00 0.00 0.00 0.00 3.07 2.77 3.50 3.87 4.02 3.58 4.09 5.04 5.04 6.94 7.45 7.01 6.28 6.64 5.48 4.82 4.82 4.16 4.31 0.00 0.00 0.00 0.29 1.53 0.44 2.77 4.53 5.18 5.77 5.62 5.69 6.20 5.99 5.99 5.33 5.62 5.91 5.26 5.04 4.16 4.31 5.77 4.53 5.18 2.63 2.34 2.70 4.53 5.77 5.48 5.48 5.33 5.77 4.16 3.29 2.41 2.85 0.88 0.88 0.00 4.09 3.21 3.94 3.58 3.58 3.58
2.34 2.34 2.19 3.58 5.33 5.40 4.82 4.82 5.33 4.16 8.76 5.55 2.19 1.83 1.83 0.00 1.31 1.75 0.00 2.63 2.99 0.00 4.09 3.29 4.23 6.94 6.94 6.42 7.30 7.30 5.91 3.87 2.85 1.97 0.00 0.00 0.00 0.00 0.00 0.00 0.00 1.46 0.73 2.34 4.23 2.99 5.62 5.77 5.04 5.55 5.33 5.33 6.13 5.11 4.67 4.82 3.80 4.09 0.07 0.00 0.00 0.00 1.53 1.75 1.31 3.21 4.23 2.26 2.77 4.09 3.14 2.41 0.00 0.00 0.00 0.00 0.00 0.00 3.50 3.94 3.87 2.77 1.97 0.00
0.00 0.00 0.00 0.00 4.09 4.02 4.96 2.99 0.00 1.61 0.00 0.95 0.95 1.02 1.90 2.19 2.12 1.68 1.83 1.83 0.00 3.43 4.45 3.07 3.87 5.48 5.48 6.72 6.42 4.67 3.58 3.72 2.26 0.51 0.00 0.00 0.00 0.00 0.00 0.15 0.44 1.53 1.39 1.83 1.75 1.68 3.80 3.72 5.18 4.89 4.67 4.67 4.45 4.89 2.77 3.21 2.77 3.43 0.00 0.00 0.00 0.00 0.00 0.00 0.00 0.00 2.26 0.51 0.00 0.00 0.00 0.00 0.00 0.00 0.00 0.00 0.00 3.14 2.34 4.45 2.85 1.97 2.63 0.22
0.00 0.00 0.00 0.00 0.00 0.00 2.12 0.44 0.73 0.00 0.15 0.00 0.00 0.00 0.80 2.12 1.53 1.97 1.97 1.17 0.00 0.00 0.00 0.00 0.00 0.00 0.00 0.00 2.12 3.65 2.92 0.00 0.73 0.66 0.15 0.00 0.00 0.00 0.00 0.00 0.80 1.24 1.24 1.83 2.04 1.75 2.56 2.34 4.45 2.12 3.65 3.65 3.58 3.80 3.21 2.56 0.00 0.00 0.00 0.00 0.00 0.00 0.00 0.00 0.00 0.00 0.00 0.00 0.00 0.00 0.00 0.00 0.00 0.00 0.00 0.51 0.51 1.75 3.50 3.29 3.14 2.85 1.02 1.39
0.00 0.00 0.00 0.00 0.00 0.00 2.12 0.44 0.73 0.00 0.15 0.00 0.00 0.00 0.80 2.12 1.53 1.97 1.97 1.17 0.00 0.00 0.00 0.00 0.00 0.00 0.00 0.00 2.12 3.65 2.92 0.00 0.73 0.66 0.15 0.00 0.00 0.00 0.00 0.00 0.80 1.24 1.24 1.83 2.04 1.75 2.56 2.34 4.45 2.12 3.65 3.65 3.58 3.80 3.21 2.56 0.00 0.00 0.00 0.00 0.00 0.00 0.00 0.00 0.00 0.00 0.00 0.00 0.00 0.00 0.00 0.00 0.00 0.00 0.00 0.51 0.51 1.75 3.50 3.29 3.14 2.85 1.02 1.39
0.00 0.00 0.00 0.00 0.00 0.00 0.00 0.00 0.00 0.00 0.00 0.00 0.00 0.00 0.00 0.88 0.51 1.31 0.00 0.00 0.00 0.00 0.00 0.00 0.00 0.00 0.00 0.00 0.00 0.95 0.00 0.00 0.00 0.00 0.00 0.00 0.00 0.00 0.00 0.00 1.31 1.02 1.24 1.68 1.39 1.46 1.90 1.68 1.75 1.90 3.29 3.29 2.04 2.70 2.70 0.95 0.00 0.00 0.00 0.00 0.00 0.00 0.00 0.00 0.00 0.00 0.00 0.00 0.00 0.00 0.00 0.00 0.00 0.73 0.73 0.80 0.80 0.73 1.68 2.19 2.34 2.41 2.04 2.19
0.00 0.00 0.00 0.00 0.00 0.00 0.00 0.00 0.00 0.00 0.00 0.00 0.00 0.00 0.00 0.00 0.00 0.00 0.00 0.00 0.00 1.75 0.00 0.00 0.00 0.00 0.00 0.00 0.00 0.00 0.00 0.00 0.00 0.00 0.00 0.00 0.00 0.00 1.10 1.17 0.80 0.95 0.95 1.68 1.68 1.75 1.68 1.46 2.63 2.26 2.04 2.04 1.10 2.12 0.00 0.00 0.00 0.00 0.00 0.00 0.00 0.00 0.00 0.00 0.00 0.00 0.00 0.88 0.00 0.00 1.02 1.53 1.68 0.88 1.02 1.31 1.31 1.46 1.31 1.90 3.29 5.04 4.82 7.45
