Wansh/Snow_depth/snowdepth-1994/winter/1994344.txt
ncols 321
nrows 161
xllcenter 60
yllcenter 15 
cellsize  0.25 
NODATA_value -1
[rows 0 to 37 of 161, columns 0 to 83 of 321]
0.15 0.15 1.61 3.21 3.07 3.80 3.80 4.60 6.79 6.50 7.88 8.61 8.54 8.40 8.54 8.10 6.35 6.94 5.18 6.72 6.72 7.59 7.30 7.74 9.20 8.98 8.98 10.22 10.22 10.29 10.15 10.44 9.27 8.69 8.69 8.47 9.34 9.13 10.22 10.88 10.73 11.68 11.32 12.26 11.97 11.17 11.02 12.41 13.07 13.07 12.63 12.63 11.97 11.90 12.26 13.43 13.65 15.11 15.04 15.40 15.40 15.40 15.11 15.84 14.82 13.58 11.02 8.10 8.10 8.40 8.18 8.10 9.13 10.07 7.96 9.20 9.20 10.37 9.86 11.53 10.80 10.88 10.80 9.64
3.14 3.14 2.63 3.65 5.18 4.96 5.26 6.64 6.50 6.86 6.94 8.54 8.25 8.40 6.42 5.77 5.77 5.55 5.77 6.79 7.59 7.74 7.74 7.37 9.05 10.29 10.29 10.44 11.17 10.59 10.88 9.86 10.00 9.20 8.76 9.93 9.05 9.86 10.95 10.88 11.61 11.46 11.39 11.32 10.66 10.66 9.71 11.02 11.10 11.32 11.53 11.53 11.75 11.68 11.68 12.78 13.87 14.53 13.29 14.97 14.89 14.24 13.29 8.40 8.61 9.20 9.56 7.37 9.34 7.08 6.42 6.86 7.30 7.37 7.45 8.98 8.98 9.27 10.59 10.37 10.80 9.64 7.88 7.96
2.85 2.85 3.21 3.65 5.40 6.72 6.06 6.20 6.57 6.64 6.35 6.42 5.99 5.48 5.69 5.26 4.45 4.53 3.72 5.91 5.91 6.42 6.50 8.40 9.42 9.27 9.27 10.51 10.44 9.78 9.20 9.13 8.98 8.61 8.61 9.64 9.86 9.93 10.15 10.00 10.59 10.44 10.66 9.78 9.93 9.49 7.59 8.69 9.56 9.34 9.42 9.42 9.78 12.19 11.61 11.68 12.48 12.56 11.83 9.27 8.32 8.54 7.08 6.06 6.06 6.42 6.20 7.08 5.55 6.72 5.84 6.13 6.20 7.30 9.05 8.32 8.32 9.78 10.37 9.49 8.03 8.32 7.37 7.30
2.85 2.85 3.21 3.65 5.40 6.72 6.06 6.20 6.57 6.64 6.35 6.42 5.99 5.48 5.69 5.26 4.45 4.53 3.72 5.91 5.91 6.42 6.50 8.40 9.42 9.27 9.27 10.51 10.44 9.78 9.20 9.13 8.98 8.61 8.61 9.64 9.86 9.93 10.15 10.00 10.59 10.44 10.66 9.78 9.93 9.49 7.59 8.69 9.56 9.34 9.42 9.42 9.78 12.19 11.61 11.68 12.48 12.56 11.83 9.27 8.32 8.54 7.08 6.06 6.06 6.42 6.20 7.08 5.55 6.72 5.84 6.13 6.20 7.30 9.05 8.32 8.32 9.78 10.37 9.49 8.03 8.32 7.37 7.30
3.21 3.21 3.14 3.80 3.80 5.26 5.48 5.69 4.74 5.62 5.77 4.96 5.04 4.31 3.65 3.58 4.02 3.07 3.21 4.45 5.62 5.77 5.91 6.79 6.64 7.30 7.30 7.23 7.23 6.79 8.25 6.94 7.01 7.15 8.32 9.86 9.42 10.80 10.22 10.44 10.00 10.44 8.25 7.88 9.13 6.42 7.15 6.72 4.67 7.37 8.03 8.03 6.28 10.22 9.78 13.72 10.66 8.98 8.98 8.25 7.15 6.06 6.28 6.35 6.42 5.99 3.21 4.82 3.43 4.53 2.41 1.83 3.50 6.86 8.10 7.96 7.96 9.42 8.91 9.20 8.03 8.18 7.81 7.08
4.02 4.02 3.72 3.80 4.31 4.16 5.11 4.96 5.11 5.77 4.89 5.33 3.58 2.56 2.63 3.21 3.07 3.36 0.00 0.00 0.00 4.96 4.96 5.99 6.06 5.99 5.99 6.06 6.42 6.57 5.84 5.77 6.64 7.74 7.88 9.13 9.34 9.56 8.98 9.13 8.10 7.30 7.74 7.23 6.50 5.11 5.33 3.80 3.50 5.40 5.33 5.33 3.87 8.03 7.45 7.81 8.47 7.30 8.10 7.52 7.59 6.50 6.42 4.74 3.43 3.94 1.75 2.85 0.80 0.66 1.61 2.48 2.19 5.11 6.13 7.01 7.01 7.37 7.59 5.91 5.91 6.64 6.94 6.28
3.43 3.43 3.80 3.65 4.16 4.38 5.11 4.89 6.06 6.06 4.60 0.00 0.00 0.00 0.00 0.00 2.26 0.00 0.00 0.00 3.29 2.77 4.60 4.23 4.16 5.26 5.26 4.82 4.67 5.62 7.15 6.79 6.06 5.91 5.62 7.88 9.20 9.27 8.47 7.66 6.50 6.79 6.06 5.91 5.62 4.67 4.53 4.09 4.16 4.02 3.14 3.14 2.41 2.12 7.01 7.66 3.87 5.26 7.01 6.13 6.20 6.13 3.94 3.21 2.63 3.36 1.10 2.41 1.31 1.24 5.11 4.74 6.06 5.48 5.55 0.00 0.00 2.04 4.02 3.58 4.45 5.62 7.37 6.86
3.43 3.43 3.80 3.65 4.16 4.38 5.11 4.89 6.06 6.06 4.60 0.00 0.00 0.00 0.00 0.00 2.26 0.00 0.00 0.00 3.29 2.77 4.60 4.23 4.16 5.26 5.26 4.82 4.67 5.62 7.15 6.79 6.06 5.91 5.62 7.88 9.20 9.27 8.47 7.66 6.50 6.79 6.06 5.91 5.62 4.67 4.53 4.09 4.16 4.02 3.14 3.14 2.41 2.12 7.01 7.66 3.87 5.26 7.01 6.13 6.20 6.13 3.94 3.21 2.63 3.36 1.10 2.41 1.31 1.24 5.11 4.74 6.06 5.48 5.55 0.00 0.00 2.04 4.02 3.58 4.45 5.62 7.37 6.86
3.21 3.21 3.14 3.14 2.99 3.07 4.31 5.11 4.67 0.00 0.00 0.00 0.00 0.00 0.00 0.00 0.00 0.00 0.00 0.00 2.92 3.72 4.23 4.23 4.74 4.38 4.38 4.45 5.40 5.04 7.23 7.37 6.86 5.18 3.07 5.33 4.67 7.74 7.52 8.03 6.72 5.04 4.89 4.82 4.96 4.60 2.34 3.36 2.70 3.80 2.77 2.77 4.45 2.04 4.53 4.45 4.38 4.31 6.06 6.50 5.77 2.92 3.29 2.85 1.31 1.75 1.17 5.33 7.15 7.81 7.88 7.23 0.00 0.00 1.68 1.90 1.90 1.46 3.21 2.41 6.06 5.26 6.94 7.88
2.04 2.04 0.00 2.56 0.00 0.00 0.00 0.00 0.00 0.00 0.00 0.00 0.00 0.00 0.00 0.00 0.00 0.00 0.00 0.00 3.72 3.65 3.50 4.53 4.02 4.45 4.45 4.67 5.11 7.15 7.52 7.81 5.04 2.48 2.92 2.63 4.23 5.99 6.64 7.23 5.91 5.18 4.31 4.60 4.23 2.12 1.83 1.68 2.70 4.02 6.86 6.86 6.86 4.67 7.15 8.91 8.40 8.32 8.32 7.88 6.06 5.55 3.21 3.65 1.53 2.56 1.02 7.96 7.23 2.77 2.63 0.00 1.90 0.00 1.75 3.65 3.65 3.58 3.72 3.50 4.82 7.45 6.50 8.32
2.04 2.04 2.12 0.00 0.00 0.00 0.00 0.00 0.00 3.72 4.02 2.04 0.00 0.00 0.00 1.17 1.10 1.68 2.41 2.34 4.09 4.67 3.65 3.87 4.02 4.23 4.23 4.31 4.45 3.72 4.96 2.85 2.41 2.77 2.41 3.94 5.11 4.89 5.91 5.91 5.55 5.77 5.11 4.60 3.29 2.56 4.09 3.50 3.87 7.37 4.16 4.16 7.30 7.15 7.88 9.34 9.71 11.02 10.00 8.76 9.05 6.79 5.04 4.96 5.33 5.26 4.74 2.56 3.14 2.04 0.22 1.10 1.24 1.39 1.31 2.19 2.19 2.04 0.00 4.74 4.45 6.06 7.59 8.40
2.04 2.04 2.12 0.00 0.00 0.00 0.00 0.00 0.00 3.72 4.02 2.04 0.00 0.00 0.00 1.17 1.10 1.68 2.41 2.34 4.09 4.67 3.65 3.87 4.02 4.23 4.23 4.31 4.45 3.72 4.96 2.85 2.41 2.77 2.41 3.94 5.11 4.89 5.91 5.91 5.55 5.77 5.11 4.60 3.29 2.56 4.09 3.50 3.87 7.37 4.16 4.16 7.30 7.15 7.88 9.34 9.71 11.02 10.00 8.76 9.05 6.79 5.04 4.96 5.33 5.26 4.74 2.56 3.14 2.04 0.22 1.10 1.24 1.39 1.31 2.19 2.19 2.04 0.00 4.74 4.45 6.06 7.59 8.40
0.00 0.00 2.63 2.70 0.00 0.00 0.00 0.00 0.00 3.65 3.14 3.43 1.46 1.61 1.39 2.12 1.97 2.12 2.12 4.16 4.45 4.67 4.16 4.38 4.45 3.14 3.14 2.63 2.85 1.90 1.31 1.39 2.19 2.48 4.16 5.33 5.11 5.62 5.26 6.72 6.72 6.50 4.60 6.42 6.13 5.48 6.06 4.60 9.34 10.22 10.29 10.29 8.98 10.07 9.56 12.41 12.56 11.68 10.95 8.83 7.37 5.33 5.62 4.60 5.26 3.94 3.14 2.19 2.92 0.00 0.00 0.00 0.00 0.00 1.31 1.68 1.68 1.53 1.46 1.75 3.87 3.21 6.64 2.77
0.00 0.00 0.00 0.00 0.00 0.00 3.58 3.65 3.43 3.80 4.02 3.65 3.58 3.80 5.04 5.33 2.85 2.56 4.74 3.65 4.96 5.18 5.18 5.18 5.04 4.89 4.89 5.26 3.21 1.83 1.61 2.12 3.07 4.31 3.87 5.55 7.15 7.23 7.30 7.01 7.30 7.52 6.35 8.32 8.03 7.96 8.40 7.59 6.20 11.24 10.59 10.59 10.51 11.02 11.32 11.68 11.46 11.83 8.25 9.42 6.28 4.02 0.00 2.48 1.90 3.65 0.00 0.37 1.68 0.58 0.00 0.00 0.00 0.00 0.00 1.02 1.02 0.00 0.00 1.02 2.26 1.39 1.02 1.39
0.00 0.00 0.00 4.16 3.29 3.43 4.23 5.26 5.11 6.42 7.15 4.89 4.82 5.77 5.69 5.84 5.69 5.77 5.69 5.40 6.06 6.50 6.64 6.64 6.50 5.84 5.84 4.31 4.60 3.87 3.36 4.45 3.80 5.04 7.74 8.25 8.10 7.59 8.98 7.96 7.96 7.66 7.96 7.52 7.96 9.05 8.47 7.08 11.02 10.44 10.07 10.07 9.93 10.51 11.17 9.78 10.59 8.32 6.35 6.79 4.60 0.00 0.95 0.00 0.00 0.00 0.00 0.44 0.00 0.00 0.00 0.00 0.00 0.00 0.00 0.00 0.00 0.00 0.00 0.00 0.00 0.22 0.22 0.58
5.99 5.99 4.82 5.40 4.31 4.74 4.53 5.18 7.45 7.15 7.96 8.10 6.64 6.64 6.79 6.79 6.57 7.01 6.94 6.64 6.86 6.72 6.79 6.94 7.08 6.20 6.20 4.38 5.33 4.02 5.04 4.96 5.55 7.15 8.25 7.88 9.05 9.56 8.40 10.15 8.61 8.69 8.98 9.05 9.34 9.34 8.61 10.80 10.44 9.86 9.71 9.71 9.13 9.05 9.20 8.91 8.76 4.16 0.00 0.00 0.07 0.00 0.00 0.00 0.00 0.00 0.00 0.00 0.00 0.00 0.00 0.00 0.00 0.00 0.00 0.00 0.00 0.00 0.00 0.15 0.00 0.00 0.15 0.00
5.99 5.99 4.82 5.40 4.31 4.74 4.53 5.18 7.45 7.15 7.96 8.10 6.64 6.64 6.79 6.79 6.57 7.01 6.94 6.64 6.86 6.72 6.79 6.94 7.08 6.20 6.20 4.38 5.33 4.02 5.04 4.96 5.55 7.15 8.25 7.88 9.05 9.56 8.40 10.15 8.61 8.69 8.98 9.05 9.34 9.34 8.61 10.80 10.44 9.86 9.71 9.71 9.13 9.05 9.20 8.91 8.76 4.16 0.00 0.00 0.07 0.00 0.00 0.00 0.00 0.00 0.00 0.00 0.00 0.00 0.00 0.00 0.00 0.00 0.00 0.00 0.00 0.00 0.00 0.15 0.00 0.00 0.15 0.00
7.88 7.88 7.96 5.33 5.77 5.62 8.47 8.10 9.93 9.42 9.71 8.54 7.15 6.72 6.42 7.74 8.18 7.81 8.25 8.18 7.08 7.59 6.79 6.79 7.66 6.94 6.94 6.72 7.01 5.33 3.87 4.53 6.42 6.13 7.59 9.42 7.23 8.10 9.64 10.37 9.05 10.29 10.22 10.07 10.15 9.42 10.44 9.78 9.78 9.71 9.56 9.56 8.61 8.40 6.72 1.17 0.00 0.00 0.00 0.00 0.00 0.00 0.00 0.00 0.00 0.00 0.00 0.00 0.00 0.00 0.00 0.00 0.00 0.00 0.00 0.00 0.00 0.00 0.00 0.00 0.00 0.37 0.37 0.37
8.18 8.18 9.05 9.05 8.25 8.25 9.05 9.93 9.13 9.56 7.08 7.52 7.74 7.37 7.74 7.66 7.52 8.47 8.32 7.88 7.23 5.62 5.77 5.77 7.45 7.30 7.30 7.88 6.42 4.89 3.87 3.29 5.91 7.88 6.57 4.82 5.11 5.99 4.02 7.37 9.86 8.10 9.71 9.42 11.10 11.46 9.86 9.49 8.91 9.42 9.56 9.56 9.64 3.80 0.00 0.00 0.00 0.00 0.00 0.00 0.00 0.00 0.00 0.00 0.00 0.00 0.07 0.00 0.00 0.00 0.00 0.00 0.00 0.00 0.00 0.00 0.00 0.00 0.00 0.00 0.00 0.00 0.00 0.29
8.91 8.91 9.64 9.49 9.56 9.27 8.91 9.34 8.83 6.28 6.64 6.28 7.23 6.94 7.23 6.06 4.60 4.74 4.09 4.23 5.18 4.96 5.62 4.82 4.82 6.28 6.28 6.72 5.55 5.77 4.89 5.62 5.91 6.42 6.42 5.62 3.36 2.34 2.41 4.89 7.88 6.86 9.34 11.02 11.10 11.53 9.05 8.98 9.27 10.29 5.04 5.04 8.91 2.63 0.00 0.00 0.00 0.00 0.58 1.17 0.95 1.31 0.44 0.80 1.31 0.00 0.00 0.00 0.00 0.00 0.66 0.51 0.22 1.17 0.00 0.37 0.37 0.00 0.00 0.00 0.37 0.00 0.15 0.00
6.86 6.86 8.40 9.93 8.47 8.61 7.23 5.99 8.03 5.11 5.04 4.82 6.28 7.45 5.84 6.28 4.23 3.50 3.43 3.72 4.96 6.79 6.64 6.13 6.35 7.96 7.96 8.40 8.40 6.42 5.48 5.55 5.84 7.96 6.50 5.04 4.16 2.26 1.46 1.24 4.45 6.50 6.57 9.05 4.38 6.86 8.32 7.08 8.76 7.81 0.00 0.00 0.00 0.00 0.00 0.00 0.00 0.00 0.00 0.00 0.66 1.46 1.31 0.00 0.00 0.00 0.15 1.53 1.90 2.48 2.41 1.75 2.48 2.34 2.48 2.56 2.56 0.29 1.90 1.17 0.00 0.51 0.44 0.00
8.47 8.47 8.76 8.47 7.88 6.28 6.72 5.18 4.67 4.74 3.94 3.94 4.23 5.11 4.31 3.21 3.36 4.60 4.60 4.09 4.60 4.02 4.45 3.50 3.72 5.62 5.62 9.56 7.88 7.15 7.08 7.45 8.83 8.69 8.83 5.77 6.79 0.66 1.68 1.02 1.10 0.88 2.56 0.00 0.00 4.09 0.29 1.02 0.80 4.31 0.00 0.00 0.00 0.00 0.00 0.00 1.17 0.00 0.00 0.00 0.00 0.00 0.07 0.00 0.66 0.00 1.75 2.19 3.72 2.63 3.07 2.48 2.70 2.41 2.19 2.04 2.04 1.83 1.90 1.68 0.73 0.22 0.58 0.51
8.47 8.47 8.76 8.47 7.88 6.28 6.72 5.18 4.67 4.74 3.94 3.94 4.23 5.11 4.31 3.21 3.36 4.60 4.60 4.09 4.60 4.02 4.45 3.50 3.72 5.62 5.62 9.56 7.88 7.15 7.08 7.45 8.83 8.69 8.83 5.77 6.79 0.66 1.68 1.02 1.10 0.88 2.56 0.00 0.00 4.09 0.29 1.02 0.80 4.31 0.00 0.00 0.00 0.00 0.00 0.00 1.17 0.00 0.00 0.00 0.00 0.00 0.07 0.00 0.66 0.00 1.75 2.19 3.72 2.63 3.07 2.48 2.70 2.41 2.19 2.04 2.04 1.83 1.90 1.68 0.73 0.22 0.58 0.51
7.96 7.96 8.47 6.79 7.23 5.18 4.74 4.96 4.82 3.94 3.72 3.72 3.80 4.38 4.38 3.50 4.16 4.82 5.48 4.96 4.23 3.43 3.21 3.50 4.38 5.99 5.99 8.03 7.96 8.47 8.40 10.51 11.90 10.59 11.17 4.96 6.64 2.92 0.07 0.00 0.95 2.19 2.77 2.26 0.00 0.00 0.00 0.00 0.00 0.00 0.00 0.00 0.00 0.00 0.00 3.07 1.68 1.17 3.58 0.00 0.00 0.00 1.10 1.17 1.75 1.61 3.07 3.65 4.67 4.31 2.63 1.53 1.46 1.53 1.39 1.83 1.83 1.83 0.80 1.02 0.95 1.61 0.80 2.63
8.76 8.76 8.32 7.23 5.77 6.28 4.82 5.62 4.23 5.55 4.16 3.94 4.09 4.31 4.23 4.67 3.14 4.82 3.43 0.00 3.07 0.00 0.00 0.37 4.38 3.29 3.29 6.86 7.45 7.08 8.32 10.44 12.26 7.66 7.74 5.26 2.26 0.00 0.00 1.83 0.58 1.61 0.29 0.00 0.00 0.00 0.00 0.00 0.00 0.00 0.00 0.00 4.16 5.11 4.67 4.38 2.12 6.94 6.86 5.26 4.02 4.89 2.04 3.80 4.23 5.55 5.55 4.60 4.38 4.67 2.85 2.56 2.26 2.85 5.69 3.43 3.43 4.02 2.04 3.14 2.56 2.70 2.85 3.80
9.56 9.56 8.61 8.10 5.77 4.96 4.89 5.04 4.45 2.92 3.94 4.23 5.11 4.82 5.04 3.07 1.90 0.37 0.58 0.00 0.00 0.00 0.00 0.00 2.85 3.94 3.94 5.77 6.79 6.79 7.15 6.72 8.40 6.72 0.80 1.46 0.00 0.00 0.00 0.00 0.00 0.00 0.00 0.00 0.00 0.00 0.00 0.00 0.00 0.00 2.19 2.19 4.60 6.64 6.13 7.37 7.88 7.88 7.45 7.88 8.32 6.72 3.94 6.57 5.62 4.31 3.43 3.21 3.58 1.39 2.12 1.83 2.85 4.60 6.57 6.42 6.42 6.06 5.99 4.16 3.87 4.38 4.23 4.96
10.44 10.44 9.49 8.32 8.54 6.28 4.53 4.60 4.53 4.89 4.60 4.67 4.74 3.87 0.00 0.00 1.02 0.00 0.00 0.00 0.00 0.00 0.00 0.00 3.50 2.85 2.85 5.26 4.09 4.16 3.07 3.36 0.15 0.51 0.44 0.00 0.00 0.00 0.00 0.00 0.00 0.00 0.00 0.00 0.00 0.00 0.00 0.00 0.00 0.00 1.02 1.02 3.50 1.24 0.00 6.28 6.94 6.06 7.15 7.08 8.61 7.37 5.99 6.86 4.31 3.43 2.70 0.00 0.00 0.88 1.39 1.17 3.29 2.63 4.53 2.34 2.34 4.89 4.60 4.96 3.43 3.65 1.97 4.23
9.27 9.27 9.20 7.96 6.28 4.16 4.53 5.04 6.13 5.91 5.11 2.85 0.00 0.00 0.00 0.00 0.00 0.00 0.00 0.00 0.00 0.00 0.00 0.00 1.31 1.24 1.24 1.39 3.36 3.29 3.58 0.00 0.00 0.00 0.00 0.00 0.00 0.00 0.00 0.00 0.00 0.00 0.00 0.00 0.00 0.00 0.00 0.00 0.00 0.00 0.15 0.15 1.53 1.39 0.00 3.07 0.00 2.34 4.89 5.18 1.90 5.40 2.04 1.61 1.24 0.15 0.22 0.22 0.51 0.00 0.00 0.88 1.46 0.51 1.53 1.17 1.17 2.48 2.04 2.92 2.63 2.26 1.53 3.43
9.27 9.27 9.20 7.96 6.28 4.16 4.53 5.04 6.13 5.91 5.11 2.85 0.00 0.00 0.00 0.00 0.00 0.00 0.00 0.00 0.00 0.00 0.00 0.00 1.31 1.24 1.24 1.39 3.36 3.29 3.58 0.00 0.00 0.00 0.00 0.00 0.00 0.00 0.00 0.00 0.00 0.00 0.00 0.00 0.00 0.00 0.00 0.00 0.00 0.00 0.15 0.15 1.53 1.39 0.00 3.07 0.00 2.34 4.89 5.18 1.90 5.40 2.04 1.61 1.24 0.15 0.22 0.22 0.51 0.00 0.00 0.88 1.46 0.51 1.53 1.17 1.17 2.48 2.04 2.92 2.63 2.26 1.53 3.43
0.00 0.00 0.00 6.20 5.18 3.29 4.02 3.58 5.04 2.77 0.37 0.00 0.00 0.00 0.00 0.00 0.00 0.00 0.00 0.00 0.00 0.00 0.00 0.00 0.00 0.00 0.00 1.17 0.00 0.00 0.00 0.00 0.00 0.00 0.00 0.00 0.00 0.00 0.00 0.00 0.00 0.00 0.00 0.00 0.00 0.00 0.00 0.00 0.44 1.53 3.14 3.14 3.29 2.92 1.10 0.22 0.58 0.80 1.39 0.00 0.22 2.56 0.51 0.73 0.07 0.00 0.00 0.15 0.00 0.07 0.00 0.00 1.10 0.88 1.10 0.00 0.00 0.00 0.15 0.80 0.00 0.29 0.44 0.73
0.00 0.00 0.00 0.00 2.41 2.99 3.94 3.87 4.02 2.12 0.00 0.00 0.00 0.00 0.00 0.00 0.00 0.00 0.00 0.00 0.00 0.00 0.00 0.00 0.00 0.00 0.00 0.00 0.00 0.00 0.00 0.00 0.00 0.00 0.00 0.00 0.00 0.00 0.00 0.00 0.00 0.00 0.00 0.00 0.00 0.00 0.00 0.00 0.66 0.88 3.50 3.50 0.66 0.37 0.00 0.29 0.00 0.00 0.00 0.00 0.00 1.31 0.88 1.17 0.44 0.00 0.00 0.00 0.07 0.00 0.37 0.95 0.88 0.80 0.00 0.00 0.00 0.00 0.00 0.00 0.00 0.00 0.00 0.00
0.00 0.00 0.00 0.00 0.88 1.39 1.24 0.00 0.00 0.00 0.00 0.00 0.00 0.00 0.00 0.00 0.00 0.00 0.00 0.00 0.00 0.00 0.00 0.00 0.00 0.00 0.00 0.00 0.00 0.00 0.00 0.00 0.00 0.00 0.00 0.00 0.00 0.00 0.00 0.00 0.00 0.00 0.00 0.00 0.00 0.00 0.00 0.00 0.00 0.00 0.00 0.00 0.00 0.00 0.00 0.00 0.00 0.00 0.00 0.00 0.00 1.31 1.39 0.00 0.00 0.00 0.00 0.00 0.00 0.00 0.00 0.15 0.00 0.00 0.00 0.00 0.00 0.00 0.00 0.00 0.00 0.00 0.00 0.00
0.00 0.00 0.00 0.00 0.00 0.00 0.00 0.00 0.00 0.00 0.00 0.00 0.00 0.00 0.00 0.00 0.00 0.00 0.00 0.00 0.00 0.00 0.00 0.00 0.00 0.00 0.00 0.00 0.00 0.00 0.00 0.00 0.00 0.00 0.00 0.00 0.00 0.00 0.00 0.00 0.00 0.00 0.00 0.00 0.00 0.00 0.00 0.00 0.00 0.00 0.00 0.00 0.00 0.00 0.00 0.00 0.00 0.00 0.00 0.00 0.88 0.00 0.00 0.00 0.00 0.00 0.00 0.00 0.00 0.00 0.00 0.00 0.00 0.00 0.00 0.00 0.00 0.00 0.00 0.00 0.00 0.00 0.00 0.00
0.00 0.00 0.00 0.00 0.00 0.00 0.00 0.00 0.00 0.00 0.00 0.00 0.00 0.00 0.00 0.00 0.00 0.00 0.00 0.00 0.00 0.00 0.00 0.00 0.00 0.00 0.00 0.00 0.00 0.00 0.00 0.00 0.00 0.00 0.00 0.00 0.00 0.00 0.00 0.00 0.00 0.00 0.00 0.00 0.00 0.00 0.00 0.00 0.00 0.00 0.00 0.00 0.00 0.00 0.00 0.00 0.00 0.00 0.00 0.00 0.00 0.00 0.00 0.00 0.00 0.00 0.00 0.00 0.00 0.00 0.00 0.00 0.00 0.00 0.00 0.00 0.00 0.00 0.00 0.00 0.00 0.00 0.00 0.00
0.00 0.00 0.00 0.00 0.00 0.00 0.00 0.00 0.00 0.00 0.00 0.00 0.00 0.00 0.00 0.00 0.00 0.00 0.00 0.00 0.00 0.00 0.00 0.00 0.00 0.00 0.00 0.00 0.00 0.00 0.00 0.00 0.00 0.00 0.00 0.00 0.00 0.00 0.00 0.00 0.00 0.00 0.00 0.00 0.00 0.00 0.00 0.00 0.00 0.00 0.00 0.00 0.00 0.00 0.00 0.00 0.00 0.00 0.00 0.00 0.00 0.00 0.00 0.00 0.00 0.00 0.00 0.00 0.00 0.00 0.00 0.00 0.00 0.00 0.00 0.00 0.00 0.00 0.00 0.00 0.00 0.00 0.00 0.00
0.00 0.00 0.00 0.00 0.00 0.00 0.00 0.00 0.00 0.00 0.00 0.00 0.00 0.00 0.00 0.00 0.00 0.00 0.00 0.00 0.00 0.00 0.00 0.00 0.00 0.00 0.00 0.00 0.00 0.00 0.00 0.00 0.00 0.00 0.00 0.00 0.00 0.00 0.00 0.00 0.00 0.00 0.00 0.00 0.00 0.00 0.00 0.00 0.00 0.00 0.00 0.00 0.00 0.00 0.00 0.00 0.00 0.00 0.00 0.00 0.00 0.00 0.00 0.00 0.00 0.00 0.00 0.00 0.00 0.00 0.00 0.00 0.00 0.00 0.00 0.00 0.00 0.00 0.00 0.00 0.00 0.00 0.00 0.00
0.00 0.00 0.00 0.00 0.00 0.00 0.00 0.00 0.00 0.00 0.00 0.00 0.00 0.00 0.00 0.00 0.00 0.00 0.00 0.00 0.00 0.00 0.00 0.00 0.00 0.00 0.00 0.00 0.00 0.00 0.00 0.00 0.00 0.00 0.00 0.00 0.00 0.00 0.00 0.00 0.00 0.00 0.00 0.00 0.00 0.00 0.00 0.00 0.00 0.00 0.00 0.00 0.00 0.00 0.00 0.00 0.00 0.00 0.00 0.00 0.00 0.00 0.00 0.00 0.00 0.00 0.00 0.00 0.00 0.00 0.00 0.00 0.00 0.00 0.00 0.00 0.00 0.00 0.00 0.00 0.00 0.00 0.00 0.66
0.00 0.00 0.00 0.00 0.00 0.00 0.00 0.00 0.00 0.00 0.00 0.00 0.00 0.00 0.00 0.00 0.00 0.00 0.00 0.00 0.00 0.00 0.00 0.00 0.00 0.00 0.00 0.00 0.00 0.00 0.00 0.00 0.00 0.00 0.00 0.00 0.00 0.00 0.00 0.00 0.00 0.00 0.00 0.00 0.00 0.00 0.00 0.00 0.00 0.00 0.00 0.00 0.00 0.00 0.00 0.00 0.00 0.00 0.00 0.00 0.00 0.00 0.00 0.00 0.00 0.00 0.00 0.00 0.00 0.00 0.00 0.00 0.00 0.00 0.00 0.00 0.00 0.00 0.00 0.00 0.00 0.07 0.00 2.26
