Wansh/Snow_depth/snowdepth-1994/winter/1994339.txt
ncols 321
nrows 161
xllcenter 60
yllcenter 15 
cellsize  0.25 
NODATA_value -1
[rows 76 to 113 of 161, columns 84 to 167 of 321]
1.61 0.00 2.41 2.56 2.70 3.43 3.65 3.94 4.96 0.00 5.33 5.48 0.00 5.91 5.55 0.00 5.11 4.67 4.67 0.00 0.00 3.80 0.00 0.00 0.00 0.00 3.36 3.21 3.50 0.00 0.00 0.00 0.00 0.00 0.00 0.00 0.00 0.00 0.00 3.14 3.29 1.02 0.37 0.37 0.00 1.46 2.56 1.02 1.75 2.41 0.07 0.00 0.00 0.00 1.02 0.00 0.00 0.00 0.00 0.00 0.22 0.00 0.22 0.22 0.58 0.59 0.00 0.00 0.00 0.00 0.66 1.17 1.39 2.63 0.00 0.00 0.00 0.00 0.00 0.00 0.00 0.00 0.00 0.90
1.46 2.92 1.39 2.04 2.19 2.63 3.29 0.00 0.00 5.26 5.62 5.48 5.77 5.48 5.55 4.82 5.26 0.00 0.00 0.00 0.00 3.94 0.00 0.00 3.87 0.00 0.00 0.00 0.00 0.00 0.00 0.00 0.00 0.00 0.00 0.00 0.00 0.00 0.00 2.63 2.77 2.48 2.19 2.19 0.80 0.66 2.34 2.41 2.34 1.02 0.37 0.37 2.41 3.50 0.80 0.00 0.29 0.00 0.58 0.73 0.37 0.51 0.73 0.00 0.88 0.00 0.00 0.00 0.00 0.00 0.95 1.31 1.90 3.87 1.83 0.00 0.00 0.00 0.00 0.00 0.00 0.00 0.00 1.99
3.21 1.68 2.04 1.61 1.83 0.00 0.00 4.09 4.67 0.00 5.18 0.00 6.13 5.48 5.18 5.62 4.45 0.00 0.00 4.23 0.00 0.00 0.00 0.00 0.00 3.21 0.00 0.00 0.00 0.00 0.00 0.00 0.00 0.00 0.00 0.00 0.00 0.00 0.00 1.90 1.97 1.75 1.39 1.39 1.46 0.58 1.53 2.26 2.56 2.26 0.00 0.58 3.14 5.40 4.09 2.41 2.34 0.95 0.80 0.66 1.53 1.75 2.85 1.10 1.10 1.61 1.31 0.22 0.22 1.39 1.17 2.48 2.77 2.63 2.99 0.00 0.00 0.00 0.00 0.00 0.00 0.00 2.49 2.08
1.61 3.07 1.10 1.90 0.00 0.00 0.00 3.50 0.00 0.00 0.00 5.33 5.91 5.40 4.74 4.82 4.82 4.82 4.82 4.31 5.11 0.00 0.00 3.21 3.43 2.85 0.00 0.00 0.00 0.00 0.00 0.00 0.00 0.00 0.00 0.00 0.00 0.00 0.00 0.00 3.21 1.90 1.68 1.68 0.00 1.02 1.17 1.90 2.12 1.53 1.68 1.02 1.39 4.67 5.77 3.14 4.02 2.04 1.17 1.68 1.75 2.99 3.80 3.14 1.61 2.77 1.17 1.02 1.02 1.46 2.19 2.26 3.36 2.92 1.54 0.15 0.00 0.00 0.00 0.00 0.00 0.00 2.12 3.30
0.88 3.14 0.00 0.00 0.00 0.00 0.00 0.00 0.00 0.00 4.82 5.48 5.48 0.00 0.00 4.31 4.67 4.96 4.96 0.00 0.00 3.58 3.80 3.21 0.00 0.00 0.00 0.00 0.00 0.00 0.00 0.00 0.00 0.00 1.75 1.90 1.83 0.00 0.00 0.00 3.14 2.04 1.61 1.61 0.00 0.00 0.44 1.17 2.26 1.02 0.00 0.00 1.68 0.44 0.95 2.77 2.04 1.02 2.41 1.97 1.68 2.56 3.29 4.09 3.50 1.53 1.02 0.00 0.00 0.00 2.12 1.90 2.56 2.41 1.83 0.81 0.00 0.08 0.80 0.37 0.37 1.24 2.63 4.09
0.58 0.00 0.00 2.19 2.63 0.00 0.00 2.92 3.58 4.16 5.40 5.40 6.06 4.53 4.60 0.00 4.60 4.53 4.53 3.14 0.00 2.56 0.00 0.00 0.00 0.00 0.00 0.00 0.00 0.00 0.00 0.00 0.00 0.00 0.00 1.39 1.61 0.00 0.00 0.00 2.04 1.75 0.00 0.00 1.17 0.95 0.15 0.22 1.46 0.07 0.00 0.00 0.00 0.51 0.00 0.37 0.00 0.00 0.00 1.83 1.31 2.19 0.00 1.24 2.41 0.00 1.10 0.00 0.00 2.41 2.34 1.68 2.04 1.46 2.56 1.83 0.88 2.22 1.44 1.65 1.03 2.41 3.29 4.45
1.83 1.75 1.53 1.53 1.83 2.99 2.77 3.72 4.53 4.45 5.26 5.33 3.94 4.16 5.11 5.18 3.43 0.00 0.00 0.00 1.39 1.17 2.56 0.00 0.00 0.00 0.00 0.00 0.00 0.00 0.00 0.00 0.00 0.00 0.00 1.24 1.53 0.88 1.31 1.68 0.00 0.00 0.00 0.00 0.00 0.00 0.00 0.00 0.00 0.00 0.07 0.00 0.00 0.15 0.22 0.00 0.00 0.00 0.00 0.00 0.88 2.92 3.07 3.14 2.56 0.00 2.41 2.99 2.99 2.26 2.19 1.83 1.97 2.26 3.43 2.70 3.50 3.36 3.14 3.08 4.38 3.72 4.45 5.99
1.53 1.10 1.31 1.31 1.90 2.26 3.58 3.50 4.53 4.60 5.11 5.04 3.72 3.65 5.04 5.04 3.29 0.00 0.00 2.41 1.10 2.04 0.00 0.00 0.00 0.00 0.00 1.90 0.00 0.00 0.00 0.00 0.00 0.00 0.00 1.02 0.95 0.66 0.07 0.95 1.46 0.00 0.00 0.00 0.00 0.00 0.00 0.00 0.00 0.00 0.00 0.15 0.15 0.58 0.00 0.58 0.00 0.00 0.00 0.15 0.80 2.99 4.60 4.82 4.09 3.50 3.36 3.80 3.80 4.53 2.85 2.70 2.56 4.82 5.99 7.74 6.64 6.13 4.74 4.45 4.82 5.26 5.18 4.31
1.46 1.61 1.24 1.90 2.34 0.00 2.56 3.72 4.53 4.53 4.74 4.60 3.58 3.65 4.60 4.02 0.00 0.00 0.00 0.00 0.00 0.00 2.34 0.00 0.00 0.00 0.00 1.90 1.61 0.00 0.00 0.00 0.00 0.80 1.68 1.17 1.24 0.66 0.00 0.95 0.88 0.80 0.00 0.00 0.00 0.00 0.00 0.00 0.00 0.00 0.37 0.37 1.10 0.73 0.44 0.80 0.15 0.37 0.29 0.51 2.99 4.53 4.60 4.31 4.02 4.38 4.02 4.74 4.74 5.18 5.99 4.82 7.96 6.86 7.81 6.20 7.74 7.23 6.57 6.35 6.13 6.13 5.04 4.89
1.83 0.00 0.58 1.39 2.04 1.61 1.90 2.85 4.16 4.31 4.02 4.02 0.00 3.65 0.00 4.53 0.00 0.00 0.00 0.00 0.00 3.80 0.00 0.00 0.00 0.00 2.04 1.75 1.90 1.61 0.00 0.00 0.00 1.68 1.10 0.00 0.00 0.37 1.02 1.10 1.02 1.17 0.58 0.58 0.66 0.51 0.44 0.44 0.66 0.29 0.51 0.44 0.58 2.04 1.61 0.95 0.66 0.00 0.73 1.17 2.93 2.46 3.69 4.38 5.11 4.82 4.67 4.96 4.96 7.15 7.88 8.76 9.71 7.59 8.40 8.32 5.91 6.20 6.94 6.13 6.64 6.72 6.35 5.04
1.10 0.88 2.04 1.61 1.46 0.00 2.34 0.00 0.00 0.00 2.99 0.00 0.00 0.00 0.00 0.00 0.00 3.87 3.87 0.00 0.00 0.00 4.67 3.72 0.00 0.00 2.26 2.77 0.00 0.00 0.00 0.00 0.00 0.00 0.00 0.00 0.00 0.00 0.00 4.53 3.36 1.90 1.61 1.61 1.83 2.34 2.48 1.53 0.88 1.24 1.46 2.12 2.19 1.97 1.24 2.48 1.53 1.10 0.66 0.00 1.61 1.68 1.71 1.83 2.99 4.16 4.82 5.62 5.62 7.23 9.64 11.90 11.24 9.49 4.74 3.80 3.50 4.23 4.31 4.60 6.28 6.86 6.28 4.82
1.02 1.31 1.46 1.90 0.00 0.00 0.00 0.00 0.00 0.00 0.00 0.00 0.00 0.00 0.00 3.07 0.00 3.80 3.80 4.53 4.45 4.02 3.58 0.00 0.00 0.00 0.00 0.00 0.00 0.00 0.00 0.00 0.00 0.00 0.00 0.00 0.00 0.00 0.00 4.82 4.16 2.85 1.83 1.83 2.70 2.34 2.04 2.56 1.46 2.04 1.02 1.39 2.41 3.07 4.09 2.26 2.19 0.00 0.58 0.66 0.15 1.02 1.31 3.21 4.45 4.23 5.69 8.03 8.03 9.13 8.76 8.83 8.03 6.79 5.55 4.02 3.94 4.23 4.09 4.53 5.55 6.35 5.91 5.33
1.39 1.53 1.83 0.00 0.00 0.00 0.00 0.00 0.00 0.00 2.56 0.00 0.00 0.00 3.58 2.63 3.58 3.07 3.07 4.38 4.23 3.29 0.00 0.00 0.00 0.00 0.00 3.07 2.99 0.00 0.00 0.00 0.00 0.00 0.00 0.00 0.00 1.61 4.16 3.36 3.87 3.87 3.65 3.65 2.99 2.56 2.63 3.21 2.63 2.12 1.31 1.90 1.83 3.14 3.43 3.80 1.53 1.39 0.15 0.29 0.00 1.97 1.90 5.04 5.53 7.18 7.59 7.74 7.74 7.01 6.94 5.99 7.30 6.72 5.33 3.87 3.21 3.58 4.96 5.55 4.96 5.11 4.89 4.60
1.46 1.83 1.90 1.53 0.00 0.00 0.00 0.00 0.00 0.00 0.00 0.00 0.00 0.00 2.26 0.00 3.14 2.99 2.99 3.36 4.16 3.80 2.85 0.00 3.14 3.21 2.99 2.85 2.48 0.00 0.00 0.00 0.00 0.00 0.00 0.00 0.00 1.68 2.41 0.00 3.07 3.21 3.65 3.65 3.80 3.87 5.04 4.45 4.02 2.70 1.68 2.26 2.70 2.26 5.48 5.91 2.56 2.48 1.70 0.81 1.02 2.12 4.25 5.91 8.30 10.31 9.37 7.15 7.15 5.48 5.18 6.20 6.94 6.42 5.99 4.09 3.72 7.30 6.50 5.27 5.25 4.82 4.55 4.99
1.31 1.02 1.53 1.68 1.31 0.00 1.31 0.80 0.00 0.44 0.00 0.00 0.00 0.00 0.00 0.00 2.26 1.68 1.68 3.29 2.99 3.43 3.80 0.00 3.21 3.43 2.77 0.00 2.70 0.00 0.00 0.00 0.00 0.00 0.00 0.00 0.00 1.31 0.00 0.00 0.00 2.34 2.26 2.26 3.94 3.80 4.16 4.96 3.21 3.36 3.36 2.92 4.09 5.26 5.26 7.15 5.84 2.92 5.77 4.60 1.28 2.99 3.32 9.05 10.37 10.66 8.54 8.89 8.61 5.94 4.96 5.33 6.72 5.48 5.26 4.89 5.40 6.28 5.81 5.50 4.62 5.15 5.64 4.92
0.95 1.24 1.53 1.61 1.31 1.17 1.24 2.34 1.97 0.58 0.00 0.00 0.00 0.00 0.00 0.00 0.00 1.53 1.53 3.14 3.43 0.00 2.99 0.00 2.48 3.50 2.04 0.00 1.75 0.00 0.00 0.00 0.00 0.00 0.00 0.00 0.00 0.00 0.00 0.00 0.00 1.31 1.24 1.24 2.34 2.19 2.41 1.75 1.61 1.68 1.68 2.77 4.60 5.18 5.77 9.34 13.14 9.34 2.43 9.14 2.41 1.68 4.25 5.40 7.53 8.72 6.72 6.50 6.53 7.26 4.40 4.23 6.57 5.77 5.94 5.40 5.33 5.11 5.72 5.34 5.95 5.40 6.25 5.35
0.58 0.95 1.31 1.17 0.80 1.61 2.04 2.41 0.00 0.00 0.00 0.73 0.00 0.00 0.00 0.00 0.00 1.39 1.39 3.21 3.29 0.00 0.00 0.00 0.00 0.00 0.00 0.00 0.00 0.00 0.00 0.00 0.00 0.00 0.00 0.00 2.56 0.00 0.00 0.00 0.00 0.88 1.68 1.68 2.41 2.04 2.12 1.02 1.97 1.39 1.46 1.17 3.50 3.14 8.91 11.02 14.60 19.93 16.86 8.24 3.24 6.04 3.48 3.75 5.01 6.51 5.32 5.40 5.40 3.13 4.74 5.58 6.38 6.74 6.60 4.72 6.35 6.23 5.72 5.44 5.60 6.47 5.65 6.11
0.58 0.80 0.88 0.88 1.10 1.39 1.75 2.48 0.00 0.00 0.00 0.00 0.00 0.00 0.00 0.00 0.00 0.88 0.88 1.97 2.26 2.70 2.41 0.00 0.00 0.00 0.00 0.00 0.00 0.00 0.00 0.00 0.00 0.00 0.00 0.95 1.83 0.00 0.00 0.00 0.00 0.95 1.17 1.17 1.97 2.56 2.48 1.97 0.80 1.46 1.46 3.87 3.80 5.55 7.52 13.21 19.02 19.35 18.10 13.87 8.25 6.59 5.10 3.30 4.21 3.82 4.55 3.72 3.72 2.65 3.01 5.60 4.74 5.65 6.37 6.53 6.86 7.04 6.52 3.61 4.82 6.31 7.73 6.78
0.58 0.80 1.02 0.73 1.31 1.39 1.61 1.90 0.00 0.00 0.00 0.00 0.00 0.00 0.15 0.95 1.10 0.37 0.37 1.24 0.00 1.83 3.36 0.00 0.00 0.00 0.00 1.53 0.00 0.00 0.00 0.00 0.00 0.00 1.68 0.07 0.80 1.61 0.00 0.00 0.00 0.00 1.68 1.68 1.39 2.04 1.97 2.77 5.84 5.11 3.07 7.08 6.03 6.32 8.26 12.30 14.83 17.37 17.16 15.48 5.99 4.55 4.07 2.90 1.88 2.58 3.24 3.50 3.52 2.64 2.88 3.89 2.82 6.07 6.49 7.01 6.93 5.75 5.15 4.13 4.30 5.34 7.34 7.26
0.29 0.66 0.95 0.80 1.17 2.41 0.00 2.48 0.00 0.00 0.00 0.00 0.00 0.00 0.00 0.29 0.00 0.00 0.00 0.00 0.00 2.19 2.56 0.00 0.00 0.00 0.00 2.04 0.00 0.00 0.00 0.00 0.00 0.00 1.02 0.37 0.00 0.00 0.00 0.00 0.00 1.75 1.53 1.53 3.65 3.29 4.53 4.67 10.15 7.96 7.08 10.95 8.98 12.00 11.78 10.31 9.76 12.42 10.75 13.57 3.59 3.59 3.24 1.94 1.67 1.93 2.40 2.79 2.79 2.65 2.64 1.14 1.41 5.06 5.28 5.06 5.59 6.94 4.79 4.84 4.17 5.52 6.37 7.26
0.80 0.73 0.07 0.00 0.80 2.70 3.21 2.63 2.34 0.00 1.17 0.00 0.00 0.00 0.00 0.00 0.00 0.00 0.00 0.00 0.00 0.00 0.00 0.00 0.00 1.83 1.31 1.97 1.68 0.73 0.00 0.00 1.31 1.17 1.24 0.51 0.00 0.00 0.00 0.00 4.89 4.53 3.43 3.43 7.74 7.23 6.35 7.08 12.05 13.65 13.58 13.14 14.67 13.72 10.21 9.41 7.94 6.42 7.06 10.35 7.58 2.89 2.56 2.16 2.46 2.06 1.60 3.04 2.99 1.78 2.52 2.61 2.63 3.23 4.16 4.55 4.08 4.92 4.99 5.31 4.82 5.49 6.64 4.62
1.10 0.00 0.00 0.00 0.80 1.75 2.70 1.90 2.41 2.34 2.04 0.00 0.44 0.00 0.22 0.00 0.88 0.00 0.00 0.00 0.00 0.00 0.00 0.00 0.00 1.31 2.12 2.77 1.90 2.77 1.17 0.73 1.17 1.31 2.19 1.31 0.80 0.00 0.00 0.00 6.20 8.61 7.08 7.08 9.93 10.80 10.15 13.43 14.38 13.70 13.40 14.75 15.36 15.96 11.75 11.45 6.72 6.57 3.81 7.95 4.77 5.15 4.36 2.63 3.93 3.33 2.67 2.78 2.71 2.34 2.77 2.79 3.25 2.45 6.46 5.77 4.59 4.44 5.51 4.39 5.82 5.26 5.26 4.01
3.14 0.66 0.07 0.00 1.68 1.97 2.19 1.10 1.17 0.00 1.10 0.22 0.29 1.39 0.73 1.46 1.24 1.90 1.90 1.61 2.34 2.19 1.46 0.00 1.61 1.75 1.10 0.95 1.17 0.80 0.37 0.44 1.31 1.75 2.26 1.75 0.00 0.00 0.00 3.43 7.23 3.65 4.96 4.96 8.91 12.05 10.22 10.66 10.88 9.56 12.42 10.74 11.16 9.28 7.41 10.40 7.26 10.30 10.23 12.55 12.25 10.06 7.85 8.88 5.84 4.18 4.53 3.89 3.83 3.07 2.56 2.87 5.09 7.58 7.86 9.78 9.53 6.10 4.17 2.54 3.79 3.27 4.10 5.12
2.04 2.12 0.07 0.88 2.34 2.70 2.56 2.12 0.22 0.00 0.00 0.00 0.29 1.02 1.17 2.26 1.61 1.68 1.68 1.10 1.53 1.02 0.73 1.10 0.88 0.66 0.00 0.15 1.24 0.88 0.88 0.22 0.66 0.58 1.75 2.85 3.65 4.31 3.14 2.99 3.43 0.88 1.83 1.83 6.20 8.69 10.88 8.03 8.20 7.07 9.63 8.26 9.63 8.48 8.90 7.82 4.87 7.50 11.89 11.43 12.54 13.92 15.21 9.26 5.18 3.87 4.70 5.02 4.94 2.99 3.14 3.03 5.01 8.29 9.63 11.97 8.77 5.47 3.88 3.33 2.84 3.79 2.91 4.26
2.12 1.17 2.41 1.31 2.77 2.99 2.70 2.12 0.44 0.00 0.00 0.00 0.22 0.00 2.56 1.83 1.75 1.39 1.39 1.53 1.53 1.39 0.66 0.80 0.73 0.00 0.00 0.07 0.37 0.07 1.17 0.66 0.00 0.00 0.29 1.46 2.56 2.34 0.15 0.00 0.00 0.00 0.15 0.15 1.90 4.38 5.18 5.68 7.22 7.06 8.52 9.02 7.75 7.58 7.97 5.86 4.07 3.84 6.15 8.24 11.15 15.87 11.10 9.13 5.84 4.39 5.21 5.36 5.95 4.41 3.58 5.28 5.96 8.95 11.01 10.62 6.86 5.69 3.54 2.47 3.35 3.51 5.17 6.21
0.00 1.10 0.00 0.00 0.00 3.43 1.90 3.15 1.53 0.00 0.29 0.15 0.00 0.00 2.04 0.73 1.68 0.80 0.80 1.61 1.02 0.80 1.17 0.66 0.15 0.00 0.00 0.00 0.51 0.58 0.51 0.00 0.00 0.44 0.73 1.24 1.17 0.95 0.66 0.00 0.00 0.00 0.66 0.66 3.14 2.85 4.16 4.77 6.13 9.13 8.68 9.09 9.08 5.65 6.47 6.48 3.24 2.36 3.40 5.17 13.23 14.04 9.10 9.27 7.81 5.56 4.97 4.24 4.08 3.07 2.90 4.02 5.71 4.84 6.19 6.29 6.82 3.06 2.94 2.33 4.77 4.42 9.36 7.18
0.00 0.00 0.00 0.00 0.00 0.00 1.10 2.26 1.10 0.88 0.73 0.95 0.66 0.22 0.00 0.00 0.58 0.29 0.29 0.07 1.17 1.61 0.80 0.44 0.00 0.00 0.00 0.00 0.07 0.00 0.00 0.00 0.00 0.00 0.00 0.22 0.00 0.00 0.00 0.00 0.00 0.00 0.15 0.15 1.68 1.46 2.77 4.82 7.01 9.13 8.00 7.87 6.25 4.98 5.46 3.67 2.21 0.00 3.96 8.03 9.30 9.89 8.85 9.45 8.88 6.77 5.25 4.70 4.73 2.65 2.43 1.21 2.14 2.47 3.43 4.56 3.35 3.37 2.58 2.89 2.71 5.58 7.75 8.92
0.00 0.00 0.00 0.00 0.00 0.00 2.41 1.10 1.31 1.61 1.68 0.58 0.15 0.00 0.00 0.44 0.44 0.00 0.00 0.00 0.29 0.00 0.00 0.15 0.00 0.00 0.00 0.00 0.00 0.00 0.00 0.00 0.00 0.00 0.00 0.00 0.00 0.00 0.00 0.00 0.00 0.00 0.00 0.00 0.15 1.10 4.26 3.50 5.48 6.77 8.43 5.94 8.09 6.38 4.68 3.76 3.50 0.00 5.06 6.78 7.12 10.31 9.36 9.18 8.61 7.64 6.22 5.02 5.88 2.54 2.01 1.23 0.63 0.97 1.23 1.25 2.27 2.34 1.86 1.28 1.82 3.69 8.60 7.34
0.00 0.00 0.00 0.00 0.00 0.00 0.44 0.00 2.34 1.53 2.70 1.83 2.26 1.10 2.19 0.88 1.31 0.95 0.95 0.00 0.00 0.00 0.00 0.00 0.00 0.00 0.00 0.00 0.00 0.00 0.00 0.00 0.00 0.00 0.00 0.00 0.00 0.29 0.00 0.00 0.00 0.00 0.00 0.00 0.00 0.51 2.20 1.29 3.36 6.05 5.58 7.26 3.95 3.60 3.49 0.00 0.00 0.00 2.59 3.38 8.29 6.99 9.27 9.14 9.02 6.89 7.39 5.09 5.69 4.80 2.96 0.28 1.32 0.62 0.75 1.97 2.16 2.77 1.59 1.62 1.16 3.16 6.57 5.17
0.00 0.00 0.00 0.00 0.00 0.00 0.00 0.00 1.24 3.87 1.83 2.63 3.36 3.29 4.31 1.19 1.77 1.90 1.90 0.00 0.00 0.44 0.00 0.00 0.00 0.00 0.00 0.00 0.00 0.00 0.00 0.00 0.00 0.00 0.00 0.00 0.00 0.00 0.00 0.00 0.00 0.00 0.00 0.00 0.00 0.00 0.58 2.47 4.05 5.92 6.74 7.80 4.65 4.66 2.47 0.00 0.00 0.00 0.00 0.00 0.00 6.88 6.12 8.88 9.15 6.31 6.79 5.66 5.78 4.90 2.74 1.10 1.32 0.51 1.12 1.71 2.12 1.84 1.58 0.47 1.81 1.18 3.03 3.27
0.00 0.00 0.00 0.00 0.00 0.00 0.00 0.00 0.00 2.99 2.04 2.70 2.99 5.11 3.58 3.23 2.77 3.87 3.61 2.70 2.26 1.31 0.80 0.00 0.00 0.37 0.73 0.00 0.00 0.00 0.00 0.00 0.00 0.00 0.00 0.00 0.07 0.00 2.04 1.90 1.31 0.51 0.00 0.00 0.15 0.00 0.51 2.39 4.18 6.92 5.70 5.80 5.89 0.00 0.00 0.00 0.00 0.00 0.00 0.00 4.30 4.28 5.38 5.13 5.82 7.14 6.10 5.78 7.06 5.37 2.31 1.54 0.72 0.58 0.24 1.10 0.96 1.78 0.91 0.30 0.18 0.46 1.01 0.00
0.00 0.00 0.00 0.00 0.00 0.00 0.00 0.00 0.00 0.00 0.00 0.00 0.00 0.00 0.00 0.00 0.00 3.90 3.96 4.31 2.48 3.72 3.65 4.16 4.31 3.29 3.43 2.12 1.39 1.10 1.46 2.26 1.61 0.15 0.73 3.87 6.28 4.96 5.62 4.11 4.74 5.83 5.11 5.11 2.77 1.31 2.56 2.57 2.18 4.05 0.00 0.00 0.00 0.00 0.00 0.00 0.00 0.00 0.00 0.00 0.00 0.00 0.00 0.00 4.39 5.80 5.63 1.76 1.97 4.06 3.56 1.95 1.24 0.26 0.28 1.42 0.73 0.18 0.00 0.00 0.00 0.00 0.00 0.00
0.00 0.00 0.00 0.00 0.00 0.00 0.00 0.00 0.00 0.00 0.00 0.00 0.00 0.00 0.00 0.00 0.00 0.00 0.00 0.00 0.00 4.54 5.18 5.84 4.74 3.03 3.37 4.60 4.45 5.18 6.28 4.74 2.99 2.70 4.38 5.69 4.82 6.13 5.55 6.13 5.54 7.00 4.31 4.81 6.35 5.69 2.99 3.29 3.93 0.00 0.00 0.00 0.00 0.00 0.00 0.00 0.00 0.00 0.00 0.00 0.00 0.00 0.00 0.00 0.00 3.12 3.10 0.00 0.00 0.00 0.00 0.00 1.67 1.33 0.00 0.83 0.44 0.00 0.00 0.00 0.00 0.00 0.00 0.00
0.00 0.00 0.00 0.00 0.00 0.00 0.00 0.00 0.00 0.00 0.00 0.00 0.00 0.00 0.00 0.00 0.00 0.00 0.00 0.00 0.00 0.00 2.92 3.65 2.56 0.00 4.02 5.77 6.20 5.77 5.62 6.13 3.78 3.94 3.43 5.75 7.15 2.41 2.41 2.63 1.70 2.77 0.00 0.00 3.63 4.84 5.82 0.00 0.00 0.00 0.00 0.00 0.00 0.00 0.00 0.00 0.00 0.00 0.00 0.00 0.00 0.00 0.00 0.00 0.00 0.00 0.00 0.00 0.00 0.00 0.00 0.00 0.00 0.00 0.38 0.35 0.29 0.00 0.00 0.00 0.00 0.00 0.00 0.00
0.00 0.00 0.00 0.00 0.00 0.00 0.00 0.00 0.00 0.00 0.00 0.00 0.00 0.00 0.00 0.00 0.00 0.00 0.00 0.00 0.00 0.00 0.00 0.00 0.00 0.00 0.00 3.65 4.96 5.18 3.94 4.06 3.51 1.83 1.10 0.00 0.00 0.00 0.00 0.00 0.00 0.00 0.00 0.00 6.84 0.00 0.00 0.00 0.00 0.00 0.00 0.00 0.00 0.00 0.00 0.00 0.00 0.00 0.00 0.00 0.00 0.00 0.00 0.00 0.00 0.00 0.00 0.00 0.00 0.00 0.00 0.00 0.00 0.00 0.00 0.00 0.19 0.00 0.00 0.00 0.00 0.00 0.00 0.00
0.00 0.00 0.00 0.00 0.00 0.00 0.00 0.00 0.00 0.00 0.00 0.00 0.00 0.00 0.00 0.00 0.00 0.00 0.00 0.00 0.00 0.00 0.00 0.00 0.00 0.00 0.00 0.00 0.00 0.00 0.00 0.00 0.00 0.00 0.00 0.00 0.00 0.00 0.00 0.00 0.00 0.00 0.00 0.00 0.00 0.00 0.00 0.00 0.00 0.00 0.00 0.00 0.00 0.00 0.00 0.00 0.00 0.00 0.00 0.00 0.00 0.00 0.00 0.00 0.00 0.00 0.00 0.00 0.00 0.00 0.00 0.00 0.00 0.00 0.00 0.00 0.00 0.00 0.00 0.00 0.00 0.00 0.00 0.00
0.00 0.00 0.00 0.00 0.00 0.00 0.00 0.00 0.00 0.00 0.00 0.00 0.00 0.00 0.00 0.00 0.00 0.00 0.00 0.00 0.00 0.00 0.00 0.00 0.00 0.00 0.00 0.00 0.00 0.00 0.00 0.00 0.00 0.00 0.00 0.00 0.00 0.00 0.00 0.00 0.00 0.00 0.00 0.00 0.00 0.00 0.00 0.00 0.00 0.00 0.00 0.00 0.00 0.00 0.00 0.00 0.00 0.00 0.00 0.00 0.00 0.00 0.00 0.00 0.00 0.00 0.00 0.00 0.00 0.00 0.00 0.00 0.00 0.00 0.00 0.00 0.00 0.00 0.00 0.00 0.00 0.00 0.00 0.00
0.00 0.00 0.00 0.00 0.00 0.00 0.00 0.00 0.00 0.00 0.00 0.00 0.00 0.00 0.00 0.00 0.00 0.00 0.00 0.00 0.00 0.00 0.00 0.00 0.00 0.00 0.00 0.00 0.00 0.00 0.00 0.00 0.00 0.00 0.00 0.00 0.00 0.00 0.00 0.00 0.00 0.00 0.00 0.00 0.00 0.00 0.00 0.00 0.00 0.00 0.00 0.00 0.00 0.00 0.00 0.00 0.00 0.00 0.00 0.00 0.00 0.00 0.00 0.00 0.00 0.00 0.00 0.00 0.00 0.00 0.00 0.00 0.00 0.00 0.00 0.00 0.00 0.00 0.00 0.00 0.00 0.00 0.00 0.00
