Wansh/Snow_depth/snowdepth-1994/winter/1994341.txt
ncols 321
nrows 161
xllcenter 60
yllcenter 15 
cellsize  0.25 
NODATA_value -1
[rows 0 to 37 of 161, columns 84 to 167 of 321]
9.34 9.20 8.69 7.37 5.55 6.06 0.00 0.00 1.68 2.70 3.14 5.26 5.04 5.11 4.53 4.45 0.00 0.00 0.00 0.00 0.00 0.00 3.43 3.80 2.70 1.90 1.31 1.61 0.00 0.51 0.44 2.12 1.90 2.63 3.21 0.00 0.00 0.00 0.00 0.00 0.00 0.00 0.00 0.00 0.00 0.00 0.00 0.00 0.00 0.00 0.00 0.00 0.00 0.00 0.00 0.00 0.00 0.00 0.00 1.31 1.39 2.63 0.66 1.75 1.24 1.39 1.39 0.95 0.95 2.04 2.63 2.77 2.85 2.99 2.77 4.23 3.80 5.62 4.82 4.89 3.80 3.94 3.43 3.07
7.01 7.74 6.79 6.94 5.04 0.00 0.00 0.00 2.63 1.90 4.60 4.96 4.82 4.45 3.87 3.87 4.96 2.56 2.56 0.00 1.97 0.00 2.92 2.85 2.56 3.14 1.90 2.92 0.00 0.15 0.80 0.95 1.31 2.48 3.36 3.87 3.07 3.21 3.14 1.53 1.75 1.02 1.97 1.97 0.29 0.80 0.00 0.00 0.00 0.00 0.00 0.00 0.00 0.00 0.00 0.00 0.00 2.26 0.80 1.31 3.14 1.83 2.26 2.04 1.46 1.61 3.29 2.85 2.85 2.77 2.92 3.58 2.85 2.92 2.77 3.72 5.04 4.67 5.04 3.87 3.94 4.31 4.31 3.72
6.64 0.00 5.48 3.58 3.07 2.77 4.16 4.74 4.53 5.04 4.16 4.09 4.60 4.60 4.74 1.75 1.24 1.24 1.24 1.61 1.68 4.23 3.65 4.82 3.58 3.58 3.50 2.04 2.04 1.39 1.68 0.88 0.88 0.66 1.53 2.56 2.19 3.29 3.58 4.60 2.63 2.77 2.34 2.34 0.51 4.67 0.51 0.00 0.00 0.00 0.00 0.00 0.00 0.00 0.00 2.26 1.83 2.34 3.14 2.70 2.26 4.02 5.69 5.11 4.82 4.82 4.02 5.77 5.77 5.11 5.33 4.09 2.92 2.92 3.80 3.50 4.74 4.67 4.82 4.23 4.23 5.04 5.33 4.67
6.64 0.00 5.48 3.58 3.07 2.77 4.16 4.74 4.53 5.04 4.16 4.09 4.60 4.60 4.74 1.75 1.24 1.24 1.24 1.61 1.68 4.23 3.65 4.82 3.58 3.58 3.50 2.04 2.04 1.39 1.68 0.88 0.88 0.66 1.53 2.56 2.19 3.29 3.58 4.60 2.63 2.77 2.34 2.34 0.51 4.67 0.51 0.00 0.00 0.00 0.00 0.00 0.00 0.00 0.00 2.26 1.83 2.34 3.14 2.70 2.26 4.02 5.69 5.11 4.82 4.82 4.02 5.77 5.77 5.11 5.33 4.09 2.92 2.92 3.80 3.50 4.74 4.67 4.82 4.23 4.23 5.04 5.33 4.67
0.00 5.48 3.65 3.87 2.92 4.23 3.65 4.23 4.74 4.45 4.45 5.11 4.89 5.26 6.13 7.37 7.23 4.23 4.23 1.75 2.12 2.56 2.99 6.28 7.15 6.50 2.70 2.56 1.83 2.04 2.04 1.83 1.39 2.56 0.95 0.00 0.00 5.77 4.89 6.06 4.82 4.74 4.82 4.82 4.60 2.85 2.70 0.00 0.00 0.00 0.00 0.00 0.00 0.29 0.00 0.29 2.04 1.53 3.21 4.53 5.48 5.04 5.33 6.06 8.25 7.45 6.64 7.01 7.01 6.35 4.82 3.29 3.50 2.99 4.45 2.56 3.07 3.87 2.63 2.70 3.50 3.80 4.96 5.11
4.67 4.23 4.31 4.89 3.87 4.60 3.80 2.99 3.29 2.92 3.87 3.72 5.55 6.42 6.57 7.30 7.59 9.86 9.86 7.23 6.94 2.41 4.60 3.65 6.57 5.69 2.92 2.85 1.53 1.90 1.90 1.39 2.41 1.68 1.61 2.04 3.50 4.96 5.91 6.06 6.13 5.62 5.91 5.91 5.77 5.91 0.00 0.00 0.00 0.00 0.00 0.00 0.80 1.39 0.80 1.10 1.61 1.97 2.99 3.58 4.53 6.13 7.81 7.30 8.32 7.74 7.66 7.15 7.15 7.30 5.04 4.67 6.79 6.50 5.40 3.80 4.23 4.38 2.04 2.70 2.34 3.43 4.67 4.53
7.37 6.20 7.52 6.72 5.26 4.23 6.06 4.31 5.91 4.74 2.99 3.58 4.89 7.59 7.96 8.83 9.64 9.49 9.49 9.34 8.32 6.57 5.48 2.85 2.70 2.34 2.12 1.83 1.97 2.19 1.97 3.21 1.68 2.04 1.83 4.31 3.80 6.13 6.28 6.50 5.48 4.67 4.67 4.67 4.23 4.96 0.00 0.00 0.00 0.00 0.00 0.00 2.19 1.83 1.68 1.83 1.75 1.68 2.92 2.34 3.58 5.55 6.86 4.89 6.64 6.06 7.08 6.50 6.50 5.84 6.86 6.35 8.10 8.54 8.18 8.25 6.35 6.35 6.57 3.50 3.87 2.85 2.12 2.92
7.37 6.20 7.52 6.72 5.26 4.23 6.06 4.31 5.91 4.74 2.99 3.58 4.89 7.59 7.96 8.83 9.64 9.49 9.49 9.34 8.32 6.57 5.48 2.85 2.70 2.34 2.12 1.83 1.97 2.19 1.97 3.21 1.68 2.04 1.83 4.31 3.80 6.13 6.28 6.50 5.48 4.67 4.67 4.67 4.23 4.96 0.00 0.00 0.00 0.00 0.00 0.00 2.19 1.83 1.68 1.83 1.75 1.68 2.92 2.34 3.58 5.55 6.86 4.89 6.64 6.06 7.08 6.50 6.50 5.84 6.86 6.35 8.10 8.54 8.18 8.25 6.35 6.35 6.57 3.50 3.87 2.85 2.12 2.92
8.25 7.88 7.81 7.66 7.45 6.79 7.23 6.42 5.77 5.77 4.60 3.72 3.58 6.57 6.13 7.88 7.74 9.49 9.49 9.27 9.05 7.45 7.52 3.72 2.34 1.61 1.75 2.04 2.63 2.26 2.56 1.10 1.02 2.26 4.60 5.91 7.45 7.23 7.52 4.53 0.00 0.00 0.51 0.51 0.22 3.65 4.96 0.00 0.73 0.58 2.26 2.12 2.34 2.48 2.04 1.61 2.12 2.34 1.68 2.12 3.14 2.26 2.56 3.21 4.02 3.21 4.53 4.09 4.09 5.04 6.35 7.74 7.52 8.69 9.27 8.91 9.05 7.23 9.34 5.33 5.62 2.56 2.77 2.63
7.96 8.32 8.40 8.32 7.59 8.76 8.32 8.25 8.10 6.64 4.74 4.96 1.97 4.31 3.65 6.64 8.76 9.49 9.49 9.56 9.42 9.13 6.86 3.14 1.46 1.02 1.17 1.90 0.73 2.04 0.73 0.00 1.83 2.19 4.02 0.00 0.00 0.00 0.00 0.00 1.68 1.10 0.37 0.37 0.73 1.10 0.80 1.02 0.95 1.24 2.77 3.50 3.14 3.43 2.34 2.41 2.56 1.68 2.63 2.04 2.26 2.12 1.97 1.97 2.48 3.07 3.36 3.21 3.21 3.94 8.18 8.83 8.69 8.61 9.64 8.76 8.76 10.00 10.95 10.29 7.45 6.28 2.99 2.99
7.37 8.03 8.61 8.32 9.34 9.05 9.05 8.40 7.30 7.66 5.91 3.07 5.48 4.67 7.01 8.98 11.39 12.19 12.19 12.26 10.00 7.81 5.26 1.83 2.19 1.31 1.02 1.39 1.39 1.10 0.00 0.00 0.00 1.97 0.00 1.68 0.00 0.00 2.92 1.83 2.12 1.68 3.14 3.14 1.17 2.19 1.68 1.61 2.48 2.34 2.41 2.77 4.16 3.43 2.48 2.85 4.31 2.19 2.92 3.21 2.56 4.02 2.19 2.56 2.34 3.07 5.40 7.52 7.52 9.05 8.61 10.29 10.59 10.37 10.15 11.75 11.68 11.61 11.75 11.17 8.03 8.10 9.78 4.82
7.37 8.03 8.61 8.32 9.34 9.05 9.05 8.40 7.30 7.66 5.91 3.07 5.48 4.67 7.01 8.98 11.39 12.19 12.19 12.26 10.00 7.81 5.26 1.83 2.19 1.31 1.02 1.39 1.39 1.10 0.00 0.00 0.00 1.97 0.00 1.68 0.00 0.00 2.92 1.83 2.12 1.68 3.14 3.14 1.17 2.19 1.68 1.61 2.48 2.34 2.41 2.77 4.16 3.43 2.48 2.85 4.31 2.19 2.92 3.21 2.56 4.02 2.19 2.56 2.34 3.07 5.40 7.52 7.52 9.05 8.61 10.29 10.59 10.37 10.15 11.75 11.68 11.61 11.75 11.17 8.03 8.10 9.78 4.82
4.82 7.15 7.81 4.89 4.89 4.60 5.04 4.89 4.16 4.53 3.29 3.36 4.60 7.74 10.44 10.00 10.59 12.63 12.63 12.63 8.69 4.74 5.40 2.99 2.99 1.53 0.88 2.12 1.39 1.10 0.00 0.00 0.00 2.34 4.89 3.58 5.11 5.04 4.02 4.23 6.13 3.94 4.82 4.82 2.77 3.94 2.63 2.26 2.63 3.65 4.67 5.33 5.33 4.60 2.77 2.77 4.45 6.50 6.42 6.42 6.28 4.82 3.14 5.04 4.60 5.48 4.96 6.72 6.72 8.83 10.44 10.22 10.66 11.90 12.92 12.70 13.51 14.97 15.18 13.29 12.70 11.61 11.39 11.24
2.77 4.23 3.87 4.09 3.21 3.72 3.65 2.99 5.33 8.10 8.40 8.40 9.78 11.46 11.83 10.73 8.47 9.78 9.78 9.05 4.96 3.65 4.16 3.29 2.92 2.19 0.73 1.10 1.90 3.72 2.04 0.00 6.64 6.57 6.35 6.72 7.59 8.61 8.91 9.05 6.64 4.82 4.53 4.53 3.50 3.50 4.67 3.87 4.38 3.87 3.94 4.45 3.50 2.63 2.85 2.85 3.94 3.80 4.16 4.60 3.36 4.82 4.38 5.62 5.99 6.42 8.18 7.74 7.74 8.25 9.93 10.44 11.97 11.90 11.39 13.87 13.51 15.99 8.76 8.69 9.71 9.49 10.80 10.66
0.73 1.97 2.26 3.80 4.53 4.60 2.92 4.02 3.87 6.94 9.34 8.83 7.15 6.57 9.42 8.18 6.79 6.35 6.35 7.66 5.91 4.23 3.43 2.41 2.77 1.53 2.70 2.77 2.41 3.65 6.20 7.15 7.01 6.79 7.30 7.37 7.59 7.66 8.25 7.30 6.13 6.72 4.16 4.16 7.74 7.23 5.18 4.53 4.45 4.09 4.38 4.45 3.72 3.50 3.80 3.43 3.29 2.63 4.89 3.50 3.29 3.94 3.87 4.31 4.02 5.26 6.50 7.01 7.01 8.18 7.74 10.29 10.66 10.00 10.22 11.17 10.59 0.00 6.42 0.00 6.72 4.96 12.92 11.68
1.17 2.04 3.50 3.07 5.18 3.80 4.38 2.99 2.85 4.45 5.33 6.94 5.55 7.23 4.89 5.69 5.91 5.33 5.33 4.82 4.82 3.21 2.26 1.97 2.99 3.50 3.58 3.43 4.96 3.65 5.11 7.15 6.06 6.06 6.72 6.94 6.86 7.45 8.69 8.83 9.05 8.54 7.37 7.37 8.03 7.23 5.91 3.87 3.29 4.09 4.09 4.16 3.80 4.38 4.74 4.89 5.48 5.55 4.96 3.58 2.12 2.63 3.87 3.50 3.50 4.09 5.18 7.30 7.30 8.98 11.39 11.10 10.59 9.05 9.20 9.13 10.44 0.00 0.00 0.00 0.00 11.53 9.64 9.20
1.17 2.04 3.50 3.07 5.18 3.80 4.38 2.99 2.85 4.45 5.33 6.94 5.55 7.23 4.89 5.69 5.91 5.33 5.33 4.82 4.82 3.21 2.26 1.97 2.99 3.50 3.58 3.43 4.96 3.65 5.11 7.15 6.06 6.06 6.72 6.94 6.86 7.45 8.69 8.83 9.05 8.54 7.37 7.37 8.03 7.23 5.91 3.87 3.29 4.09 4.09 4.16 3.80 4.38 4.74 4.89 5.48 5.55 4.96 3.58 2.12 2.63 3.87 3.50 3.50 4.09 5.18 7.30 7.30 8.98 11.39 11.10 10.59 9.05 9.20 9.13 10.44 0.00 0.00 0.00 0.00 11.53 9.64 9.20
1.31 1.75 3.94 8.98 9.78 10.22 6.13 2.12 2.48 2.34 3.21 3.07 4.31 4.60 4.38 5.04 4.23 4.02 4.02 3.36 2.99 2.41 2.19 2.19 2.34 2.99 3.14 3.80 4.53 3.72 5.26 4.89 6.06 6.86 7.01 7.96 7.52 8.83 8.69 9.78 8.03 9.34 9.05 9.05 4.60 3.14 3.50 0.00 1.46 0.00 0.00 0.22 3.43 3.29 2.26 3.50 4.31 3.36 3.29 4.45 4.23 4.82 5.11 8.69 5.69 5.55 5.48 7.15 7.15 11.39 12.78 12.34 10.22 10.80 10.22 11.24 13.07 0.00 0.00 0.15 0.00 3.65 7.52 6.28
0.00 2.99 7.59 6.42 11.39 10.00 10.95 4.67 5.99 2.34 2.85 2.99 3.21 2.92 3.80 3.14 2.92 3.36 3.36 2.77 3.29 2.48 3.21 2.85 3.36 4.45 4.31 4.53 4.31 5.77 5.91 7.66 6.94 9.64 9.86 9.27 8.03 6.86 7.96 7.37 7.88 8.98 2.99 2.99 2.56 0.00 0.00 0.00 0.00 0.00 0.00 0.00 1.90 0.88 1.17 1.90 3.58 3.58 4.67 6.57 8.54 12.19 11.24 11.61 8.25 7.52 10.66 12.12 12.12 11.53 13.94 10.95 9.93 10.51 8.47 9.20 4.09 2.12 1.97 0.07 3.65 2.48 5.84 6.79
0.00 0.00 1.39 3.87 9.20 11.10 13.21 7.45 2.92 2.12 1.46 2.63 2.19 3.14 2.85 2.77 2.92 2.92 2.92 2.48 2.56 2.48 2.92 3.43 4.09 5.40 7.37 6.28 6.50 6.50 5.62 6.35 8.10 9.64 10.07 7.59 8.03 5.91 4.02 1.68 2.56 7.74 6.06 6.06 0.00 0.00 0.00 0.00 0.00 5.69 6.42 5.99 4.38 4.23 6.64 3.07 3.43 3.58 4.53 5.62 7.81 12.12 12.78 11.68 12.70 12.63 11.83 13.43 13.43 12.12 12.56 10.00 3.87 5.48 4.82 7.88 2.70 0.37 1.61 1.31 3.21 3.80 3.21 6.42
0.00 0.95 3.36 2.92 4.96 8.61 5.04 5.40 5.77 3.07 0.15 0.00 1.46 2.92 3.43 2.70 3.29 3.07 3.07 2.56 4.38 2.99 4.45 4.16 4.45 6.79 6.86 7.37 7.74 6.94 5.62 4.67 5.77 5.77 5.91 4.89 3.14 4.09 0.00 0.00 3.36 6.86 6.06 6.06 6.86 3.94 0.00 0.00 9.93 11.39 11.90 12.05 11.24 11.68 6.42 6.72 10.37 7.45 6.72 6.79 6.20 8.83 5.91 9.13 11.53 10.95 12.70 12.48 12.48 9.93 5.33 3.07 3.07 2.63 1.46 1.24 1.53 1.68 2.19 2.12 1.90 2.92 4.82 3.94
0.29 0.00 2.34 3.29 4.82 3.94 4.09 3.94 3.07 2.04 0.00 0.00 0.00 1.83 4.09 4.16 3.50 3.58 3.58 4.16 4.23 4.45 4.67 5.69 7.08 6.79 7.74 8.69 8.83 7.81 8.54 4.31 4.31 4.38 4.89 2.41 0.00 0.00 0.00 0.00 3.29 5.62 5.99 5.99 6.06 2.99 5.62 6.94 5.77 10.22 0.00 3.43 7.52 8.18 10.44 11.02 11.10 9.49 5.91 3.94 4.53 5.33 5.04 6.79 6.42 9.42 10.44 10.88 10.88 9.42 6.06 3.36 0.00 0.00 2.19 0.00 2.19 2.41 2.77 1.90 2.56 2.34 3.07 2.99
0.29 0.00 2.34 3.29 4.82 3.94 4.09 3.94 3.07 2.04 0.00 0.00 0.00 1.83 4.09 4.16 3.50 3.58 3.58 4.16 4.23 4.45 4.67 5.69 7.08 6.79 7.74 8.69 8.83 7.81 8.54 4.31 4.31 4.38 4.89 2.41 0.00 0.00 0.00 0.00 3.29 5.62 5.99 5.99 6.06 2.99 5.62 6.94 5.77 10.22 0.00 3.43 7.52 8.18 10.44 11.02 11.10 9.49 5.91 3.94 4.53 5.33 5.04 6.79 6.42 9.42 10.44 10.88 10.88 9.42 6.06 3.36 0.00 0.00 2.19 0.00 2.19 2.41 2.77 1.90 2.56 2.34 3.07 2.99
1.68 2.04 0.00 1.46 4.23 4.67 4.45 3.80 1.90 2.34 1.83 0.58 0.00 0.00 5.26 4.89 4.96 3.50 3.50 5.69 4.02 4.02 4.82 6.42 7.15 9.05 9.93 11.17 9.42 8.32 6.35 5.11 3.65 1.90 0.44 0.88 0.00 0.00 0.00 0.00 0.00 1.61 2.26 2.26 0.00 0.00 0.00 0.00 0.00 0.00 0.00 0.00 2.99 4.45 5.69 10.51 9.27 4.02 2.04 2.85 4.82 5.84 5.40 6.42 5.91 8.25 8.47 8.54 8.54 8.61 7.52 9.64 6.86 7.88 4.53 5.18 2.99 3.14 2.92 2.63 3.36 3.58 2.41 2.70
3.50 3.43 3.87 9.05 8.98 6.28 7.45 4.23 2.26 0.00 0.00 0.00 1.39 3.65 5.48 6.13 3.36 6.42 6.42 4.60 3.29 4.45 4.38 6.78 6.60 7.66 6.64 8.18 8.32 8.32 7.96 5.69 4.09 1.90 0.22 0.80 0.00 0.00 0.00 0.00 0.37 0.58 0.66 0.66 0.00 0.00 0.00 0.00 0.00 0.00 0.00 0.00 0.00 0.00 0.00 0.00 0.00 0.00 0.00 0.95 3.43 3.14 4.60 6.86 7.88 7.59 7.74 8.03 8.03 9.20 11.10 10.73 9.93 8.83 5.77 3.72 3.87 3.07 4.09 4.31 3.80 4.74 0.00 2.56
5.84 8.61 10.29 10.22 10.29 9.93 7.59 1.10 0.00 0.00 0.00 0.00 0.00 0.00 2.19 4.96 4.82 6.06 6.06 4.82 2.92 3.65 4.96 6.57 6.57 6.41 7.10 6.92 8.03 8.98 7.66 7.96 5.48 3.29 4.74 2.26 0.44 0.00 0.58 0.66 1.24 0.44 0.88 0.88 0.00 0.00 0.00 0.00 0.00 0.00 0.00 0.00 0.00 0.00 0.00 0.00 0.00 0.00 0.00 0.00 0.00 3.21 5.11 10.22 7.66 6.28 7.59 7.45 7.45 8.69 10.00 10.44 8.32 9.13 7.81 5.62 6.57 7.08 5.48 7.66 5.11 5.55 4.53 4.96
8.18 7.66 10.00 8.69 10.15 9.05 6.13 0.00 0.00 0.00 0.00 0.00 0.00 0.00 0.00 0.00 4.60 4.38 4.38 0.73 0.00 0.82 3.24 1.35 3.78 6.13 7.80 6.27 8.28 9.39 8.03 7.15 7.66 7.45 7.52 4.31 2.92 3.87 0.95 1.02 0.00 0.00 0.00 0.00 0.00 0.00 0.00 0.00 0.00 0.00 0.00 0.00 0.00 0.00 0.00 0.00 0.00 0.00 0.00 0.00 7.45 10.66 13.36 12.78 10.66 15.11 11.90 11.75 11.75 14.75 15.70 11.97 12.56 10.07 10.51 7.66 8.25 9.20 7.01 8.69 10.00 6.94 6.94 8.54
3.36 4.45 7.74 9.05 8.61 7.96 7.81 3.29 0.00 0.00 0.00 0.00 0.00 0.00 0.44 0.00 0.00 0.00 0.00 0.00 0.00 0.00 0.00 0.00 0.30 0.15 3.01 4.36 7.50 8.41 9.17 6.79 9.49 9.34 9.42 9.42 9.71 6.42 2.77 1.61 1.61 0.51 0.00 0.00 0.00 0.00 0.00 0.00 0.00 0.00 0.00 0.00 0.00 0.00 0.00 0.00 0.00 0.00 0.00 0.00 6.42 12.34 16.13 18.76 19.64 19.64 17.81 18.91 18.91 16.43 17.30 13.65 12.85 11.39 11.75 12.05 10.59 11.24 11.68 11.02 11.90 10.88 11.10 10.73
3.36 4.45 7.74 9.05 8.61 7.96 7.81 3.29 0.00 0.00 0.00 0.00 0.00 0.00 0.44 0.00 0.00 0.00 0.00 0.00 0.00 0.00 0.00 0.00 0.29 0.15 2.92 4.06 7.01 8.54 9.26 7.07 10.66 9.89 9.66 9.42 9.71 6.42 2.77 1.61 1.61 0.51 0.00 0.00 0.00 0.00 0.00 0.00 0.00 0.00 0.00 0.00 0.00 0.00 0.00 0.00 0.00 0.00 0.00 0.00 6.42 12.34 16.13 18.76 19.64 19.64 17.81 18.91 18.91 16.43 17.30 13.65 12.85 11.39 11.75 12.05 10.59 11.24 11.68 11.02 11.90 10.88 11.10 10.73
3.50 3.65 3.36 3.14 5.33 7.96 5.11 2.77 0.00 0.00 0.00 0.00 0.00 0.00 0.00 0.00 0.00 0.00 0.00 0.00 0.00 0.00 0.00 0.00 0.00 0.00 0.00 2.57 4.02 0.00 0.96 3.56 7.72 10.76 8.43 9.53 7.59 6.35 4.96 2.26 3.36 1.17 0.00 0.00 0.00 0.00 0.00 0.00 0.00 0.00 0.00 0.00 0.00 0.00 0.00 0.00 0.00 0.00 0.00 0.00 3.58 8.91 7.66 16.13 20.44 18.83 18.91 18.25 18.25 15.99 11.83 10.29 10.59 10.51 13.43 11.68 11.53 11.32 10.66 11.53 10.00 9.56 11.75 14.31
0.00 1.02 2.85 2.63 2.92 3.72 3.80 4.89 3.07 1.17 0.37 0.00 0.00 0.00 0.00 0.00 0.00 0.80 0.80 3.08 1.02 0.00 0.29 0.00 0.00 0.00 0.00 0.00 0.00 0.00 0.00 1.46 4.74 4.11 7.91 9.31 8.30 8.95 7.30 4.96 7.74 5.84 1.97 1.97 0.00 0.00 0.00 0.22 0.22 0.00 0.00 0.00 0.00 0.00 0.00 0.00 0.00 0.00 0.00 0.00 0.00 3.80 0.00 10.37 12.92 16.28 15.55 12.92 12.92 12.78 11.83 8.54 10.22 9.71 11.75 8.91 7.23 8.69 8.54 8.40 8.83 11.10 10.66 13.94
0.00 0.00 1.02 0.00 0.95 3.50 2.99 3.21 2.70 3.14 1.24 1.24 0.37 0.00 1.61 5.04 5.33 4.23 4.23 4.67 2.41 1.90 0.66 0.00 0.00 0.00 0.00 0.00 0.00 0.00 0.00 0.00 1.90 1.24 4.53 3.16 7.70 8.69 10.66 10.80 10.37 7.59 4.74 4.74 0.95 1.24 0.00 0.00 0.00 0.00 0.00 0.00 0.00 0.00 0.00 0.00 0.00 0.00 0.00 0.00 0.00 0.00 0.00 10.00 8.40 14.09 9.49 11.97 11.97 8.98 11.61 7.81 8.40 6.35 6.13 6.64 7.88 8.47 8.91 9.13 9.49 10.44 9.27 8.98
0.00 0.00 0.00 0.00 0.00 0.00 2.56 0.00 1.17 0.00 0.95 0.37 0.29 1.53 3.50 5.84 5.55 3.80 3.80 0.51 1.24 0.15 0.44 0.00 0.00 0.00 0.00 0.00 0.00 0.00 0.00 0.00 0.00 0.00 1.24 6.42 5.85 6.58 9.76 10.77 10.95 9.86 8.69 8.69 6.13 3.87 1.53 2.48 0.22 0.00 0.15 0.00 0.00 0.00 0.00 0.00 0.00 0.00 0.00 0.00 0.00 2.04 0.00 5.11 4.67 7.08 5.99 10.37 10.37 6.35 6.20 6.79 4.74 5.48 4.96 7.81 7.23 8.03 9.27 8.47 7.96 9.05 5.55 4.23
0.00 0.00 0.00 0.00 0.00 0.00 0.00 0.00 0.00 0.00 0.00 0.00 0.00 0.80 3.43 3.58 4.38 2.77 2.77 0.00 0.00 0.00 0.00 0.00 0.00 0.00 0.00 0.00 0.00 0.00 0.00 0.00 0.00 0.00 0.51 1.83 5.04 7.88 9.04 8.98 8.80 8.83 7.52 7.52 7.96 5.62 4.96 5.48 2.19 1.39 3.14 1.83 0.37 0.00 0.00 0.00 0.00 3.72 3.72 3.65 2.63 2.70 1.17 0.51 0.00 3.50 3.72 3.65 3.65 5.18 3.80 4.23 4.09 4.53 4.31 4.16 6.94 6.28 8.40 5.18 2.12 2.34 2.77 2.85
0.00 0.00 0.00 0.00 0.00 0.00 0.00 0.00 0.00 0.00 0.00 0.00 2.48 1.53 2.12 0.00 0.00 0.00 0.00 0.00 0.00 0.00 0.00 0.00 0.00 0.00 0.00 0.00 0.00 0.00 0.00 0.00 0.00 0.00 0.00 0.00 2.99 6.19 1.75 2.92 6.12 7.08 7.59 7.59 4.60 6.86 7.23 7.08 5.99 7.96 5.11 2.41 2.04 0.00 0.00 0.00 0.00 0.00 0.00 0.00 0.00 0.00 1.46 1.75 0.00 0.00 3.50 4.45 4.45 4.38 3.87 2.77 0.00 3.07 3.14 1.39 4.16 1.90 1.75 2.41 0.66 1.10 1.68 1.68
0.00 0.00 0.00 0.00 0.00 0.00 0.00 0.00 0.00 0.00 0.00 0.00 2.48 1.53 2.12 0.00 0.00 0.00 0.00 0.00 0.00 0.00 0.00 0.00 0.00 0.00 0.00 0.00 0.00 0.00 0.00 0.00 0.00 0.00 0.00 0.00 2.99 6.16 1.77 2.92 6.06 7.08 7.59 7.59 4.60 6.86 7.23 7.08 5.99 7.96 5.11 2.41 2.04 0.00 0.00 0.00 0.00 0.00 0.00 0.00 0.00 0.00 1.46 1.75 0.00 0.00 3.50 4.45 4.45 4.38 3.87 2.77 0.00 3.07 3.14 1.39 4.16 1.90 1.75 2.41 0.66 1.10 1.68 1.68
0.00 0.00 0.00 0.00 0.00 0.00 0.00 0.00 0.00 0.00 0.00 0.00 0.00 0.22 0.00 0.00 0.00 0.00 0.00 0.00 0.00 0.00 0.00 0.00 0.00 0.00 0.00 0.00 0.00 0.00 0.00 0.00 0.00 0.00 0.00 0.00 0.00 0.44 0.37 0.66 1.90 1.83 0.29 0.29 0.00 5.48 6.64 4.02 7.66 7.15 7.74 6.06 5.40 3.29 0.00 0.00 0.00 0.00 0.00 0.00 1.75 3.29 2.34 2.77 0.00 1.17 0.00 0.00 0.00 2.41 2.26 0.00 0.00 0.00 0.00 0.00 0.00 0.00 0.00 0.00 0.00 0.00 0.00 0.29
0.00 3.80 0.00 0.00 0.00 0.00 0.00 0.00 1.24 0.15 0.00 0.88 0.22 0.00 0.00 0.00 0.00 0.00 0.00 0.00 0.00 0.00 0.00 0.00 0.00 0.00 0.00 0.00 0.00 0.00 0.00 0.00 0.00 0.00 0.00 0.00 0.00 0.66 0.37 0.51 0.15 0.00 0.00 0.00 0.00 0.00 0.00 0.00 3.58 0.00 5.91 4.60 3.80 2.99 3.65 1.75 0.00 0.00 0.00 0.00 3.58 4.38 3.80 0.00 0.00 0.00 0.00 0.44 0.44 0.00 0.00 0.00 0.00 0.00 0.00 0.00 0.00 0.00 0.00 0.00 0.00 0.00 0.00 0.00
