Wansh/Snow_depth/snowdepth-1994/winter/1994340.txt
ncols 321
nrows 161
xllcenter 60
yllcenter 15 
cellsize  0.25 
NODATA_value -1
[rows 0 to 37 of 161, columns 84 to 167 of 321]
7.37 6.35 6.72 6.35 4.74 1.24 2.19 0.00 0.00 0.00 0.95 1.02 0.66 0.73 0.00 0.00 0.00 0.00 0.00 0.00 0.00 0.00 0.00 0.00 0.00 0.00 0.00 0.80 0.00 0.15 0.51 3.29 3.29 3.29 2.99 4.02 0.00 0.00 0.00 0.00 0.00 0.00 0.00 0.00 0.00 0.00 0.00 0.00 0.00 0.00 0.00 0.00 0.00 0.00 0.00 0.66 2.04 2.12 1.53 0.58 0.88 0.88 0.22 0.15 1.17 0.95 0.66 1.17 1.17 1.39 1.68 2.41 2.41 2.48 2.85 3.29 4.02 3.94 4.96 3.43 3.58 4.02 3.94 3.72
6.72 7.01 5.55 4.31 1.02 1.90 0.00 0.00 0.00 0.00 0.66 0.29 0.29 0.00 0.00 0.00 0.00 0.00 0.00 0.00 0.00 0.00 1.83 2.77 3.43 2.56 3.07 1.17 0.58 1.46 0.80 0.95 0.37 2.48 1.68 3.87 3.07 3.21 3.14 1.53 1.75 1.02 1.97 1.97 0.29 0.80 0.00 0.00 0.00 0.00 0.00 0.58 0.00 0.95 0.88 0.73 1.17 1.46 1.31 2.41 1.31 1.24 2.85 1.68 1.53 2.77 2.85 1.83 1.83 3.07 3.14 3.07 2.19 2.48 2.85 3.72 4.38 4.89 4.96 4.31 3.94 3.94 4.02 3.94
6.86 5.04 4.23 4.67 2.77 0.00 1.61 1.39 1.31 1.17 1.17 0.73 0.00 0.00 0.00 0.00 0.00 0.00 0.00 0.00 0.00 2.63 2.48 3.50 4.74 5.48 4.45 2.56 2.92 2.34 1.17 1.68 0.00 0.29 1.53 2.56 2.19 3.29 3.58 4.60 2.63 2.77 2.34 2.34 0.51 4.67 0.00 0.00 1.17 1.31 1.83 0.88 0.80 1.10 1.10 1.90 1.68 2.41 3.14 3.21 3.65 3.50 3.21 5.04 3.65 3.87 4.16 5.62 5.62 3.80 4.23 4.31 3.07 3.21 3.36 3.94 5.04 4.96 4.31 4.45 3.87 4.23 4.23 4.16
6.86 5.04 4.23 4.67 2.77 0.00 1.61 1.39 1.31 1.17 1.17 0.73 0.00 0.00 0.00 0.00 0.00 0.00 0.00 0.00 0.00 2.63 2.48 3.50 4.74 5.48 4.45 2.56 2.92 2.34 1.17 1.68 0.00 0.29 1.53 2.56 2.19 3.29 3.58 4.60 2.63 2.77 2.34 2.34 0.51 4.67 0.00 0.00 1.17 1.31 1.83 0.88 0.80 1.10 1.10 1.90 1.68 2.41 3.14 3.21 3.65 3.50 3.21 5.04 3.65 3.87 4.16 5.62 5.62 3.80 4.23 4.31 3.07 3.21 3.36 3.94 5.04 4.96 4.31 4.45 3.87 4.23 4.23 4.16
0.00 0.00 0.00 0.00 1.17 1.24 1.24 0.73 1.68 0.00 0.00 2.34 4.45 3.65 0.00 0.00 0.00 0.00 0.00 0.00 2.70 3.87 4.60 5.99 5.84 5.84 4.67 2.48 2.63 2.63 1.31 1.83 0.00 0.00 0.95 0.00 0.00 5.77 4.89 6.06 4.82 4.74 4.82 4.82 4.60 5.91 0.00 5.18 5.55 3.07 1.83 1.39 0.51 0.58 0.37 0.80 1.53 1.68 2.26 4.31 4.09 4.96 5.62 5.69 6.64 7.01 4.67 5.62 5.62 4.67 4.82 3.43 3.58 3.65 3.58 3.43 4.74 4.09 4.23 3.72 3.65 3.58 4.53 4.60
0.00 0.00 0.00 5.11 0.00 4.38 1.83 0.88 2.41 0.95 2.92 4.96 5.04 0.00 0.00 0.00 0.00 0.00 0.00 6.79 7.23 5.84 3.80 4.09 3.58 2.63 2.92 2.70 2.26 2.77 2.63 2.48 1.61 1.68 1.61 2.04 3.50 4.96 5.91 6.06 6.13 5.62 5.91 5.91 5.77 5.69 6.06 5.69 3.87 4.23 1.90 1.75 1.24 1.10 0.88 0.73 1.97 2.19 1.90 3.43 4.53 4.60 5.77 7.66 7.30 7.59 6.50 5.55 5.55 4.23 4.45 4.53 6.72 4.82 4.74 5.26 5.48 4.53 3.29 3.50 3.21 4.23 3.65 4.89
4.60 5.40 4.89 5.33 4.31 7.52 0.00 0.00 0.00 3.21 4.60 4.38 4.53 0.00 0.00 0.00 0.00 0.00 0.00 8.47 11.10 6.06 5.33 3.80 2.41 2.19 1.39 2.26 2.19 2.70 2.77 0.73 1.68 2.04 1.83 4.31 3.80 6.13 6.28 6.50 5.48 4.67 4.67 4.67 4.23 0.00 0.00 0.00 0.00 0.00 0.00 2.19 2.48 0.95 1.97 2.34 2.34 2.48 2.92 3.14 3.07 5.11 5.62 5.48 4.82 6.94 5.77 5.62 5.62 5.77 5.48 7.74 7.15 8.61 6.86 6.86 7.01 5.33 6.35 4.74 4.82 2.99 4.67 4.45
4.60 5.40 4.89 5.33 4.31 7.52 0.00 0.00 0.00 3.21 4.60 4.38 4.53 0.00 0.00 0.00 0.00 0.00 0.00 8.47 11.10 6.06 5.33 3.80 2.41 2.19 1.39 2.26 2.19 2.70 2.77 0.73 1.68 2.04 1.83 4.31 3.80 6.13 6.28 6.50 5.48 4.67 4.67 4.67 4.23 0.00 0.00 0.00 0.00 0.00 0.00 2.19 2.48 0.95 1.97 2.34 2.34 2.48 2.92 3.14 3.07 5.11 5.62 5.48 4.82 6.94 5.77 5.62 5.62 5.77 5.48 7.74 7.15 8.61 6.86 6.86 7.01 5.33 6.35 4.74 4.82 2.99 4.67 4.45
7.52 8.69 8.69 7.88 7.59 8.03 7.66 7.66 6.72 0.00 0.00 0.00 0.00 0.00 0.00 0.00 0.00 9.56 9.56 8.25 7.45 6.13 4.02 4.38 2.12 2.85 1.46 2.34 2.12 3.07 2.77 1.10 1.02 2.26 4.60 5.91 7.45 7.23 7.52 4.53 0.00 0.00 0.51 0.51 0.22 1.10 0.00 0.95 0.73 0.66 2.48 1.75 2.34 1.61 1.75 2.04 2.56 2.48 2.34 2.99 3.21 2.56 4.38 3.80 3.87 3.50 5.18 5.18 5.18 5.18 4.60 7.30 8.54 8.32 8.69 8.69 8.83 7.01 6.57 6.57 4.89 2.63 3.65 2.56
8.61 8.47 8.91 8.76 8.40 8.32 7.88 7.59 0.00 0.00 0.00 0.00 0.00 0.00 0.00 0.00 7.15 9.86 9.86 8.10 8.10 7.01 6.06 3.07 1.46 2.04 1.97 1.61 2.41 2.19 0.73 0.00 1.83 2.19 4.02 0.00 0.00 0.00 0.00 0.00 1.68 1.10 0.37 0.37 0.29 0.80 1.17 0.73 1.02 1.39 3.14 2.26 2.34 3.87 2.19 2.70 2.77 1.83 2.70 2.56 1.61 1.61 2.12 2.26 3.07 2.63 5.18 4.82 4.82 4.53 7.52 7.52 9.05 8.03 8.10 8.32 9.34 9.05 11.24 9.86 8.25 4.16 2.48 2.70
6.57 7.66 7.74 5.77 5.26 6.06 4.67 0.07 0.00 0.00 0.00 0.00 0.00 0.00 0.00 4.89 7.30 9.20 9.20 8.18 7.52 8.54 5.62 3.21 0.88 0.95 1.53 1.31 1.83 1.10 0.00 0.00 0.00 1.97 0.00 1.68 0.00 0.00 2.92 1.83 2.12 1.68 3.14 3.14 2.63 1.02 1.24 1.17 2.41 2.26 2.48 4.09 4.38 4.53 3.43 3.36 4.31 4.31 3.36 4.31 4.96 2.70 2.19 2.34 3.21 5.33 5.18 7.08 7.08 9.34 8.83 10.00 10.29 10.59 10.66 12.19 9.56 11.90 11.46 11.17 9.93 9.71 9.71 8.10
6.57 7.66 7.74 5.77 5.26 6.06 4.67 0.07 0.00 0.00 0.00 0.00 0.00 0.00 0.00 4.89 7.30 9.20 9.20 8.18 7.52 8.54 5.62 3.21 0.88 0.95 1.53 1.31 1.83 1.10 0.00 0.00 0.00 1.97 0.00 1.68 0.00 0.00 2.92 1.83 2.12 1.68 3.14 3.14 2.63 1.02 1.24 1.17 2.41 2.26 2.48 4.09 4.38 4.53 3.43 3.36 4.31 4.31 3.36 4.31 4.96 2.70 2.19 2.34 3.21 5.33 5.18 7.08 7.08 9.34 8.83 10.00 10.29 10.59 10.66 12.19 9.56 11.90 11.46 11.17 9.93 9.71 9.71 8.10
0.00 0.00 4.09 3.87 4.09 0.00 0.00 0.00 0.00 0.00 0.00 0.00 0.00 4.16 3.29 4.60 8.54 9.78 9.78 9.71 7.52 3.07 1.75 2.04 0.88 1.39 1.10 0.88 1.39 1.10 0.00 0.00 0.00 2.34 4.89 3.58 5.11 5.04 4.02 4.23 6.13 3.94 4.82 4.82 3.29 2.99 2.04 2.12 2.19 3.43 4.16 3.94 3.36 3.43 3.50 3.14 4.45 5.26 4.82 5.62 4.31 4.74 2.77 3.65 3.58 4.67 6.94 6.42 6.42 9.27 9.78 9.78 10.66 11.39 11.39 13.36 13.94 14.53 11.97 11.39 11.39 11.53 10.00 10.37
0.00 0.00 0.00 0.00 0.00 0.00 0.00 0.00 0.00 0.00 0.00 0.00 3.72 6.50 7.01 7.96 9.20 9.93 9.93 6.86 4.60 3.21 2.41 2.77 1.97 2.19 1.24 1.10 1.90 3.72 2.04 0.00 6.64 6.57 6.35 6.72 7.59 8.61 8.91 9.05 6.64 4.82 3.43 3.43 4.16 3.65 5.62 4.67 4.67 4.02 4.38 2.85 3.14 2.77 2.26 2.12 1.75 4.23 3.80 4.16 4.31 4.31 3.80 5.04 5.18 5.40 5.69 7.59 7.59 7.66 8.61 9.93 9.71 10.15 13.65 12.85 13.65 8.32 10.29 3.72 8.47 6.79 11.10 8.40
0.00 0.00 0.00 0.00 0.00 0.00 0.00 0.00 0.00 0.00 0.00 5.84 5.11 5.40 7.15 8.32 6.86 5.99 5.99 6.42 5.55 3.94 3.72 3.72 2.92 3.14 2.70 2.77 2.41 3.65 6.20 7.15 7.01 6.79 7.30 7.37 7.59 7.66 8.25 7.30 6.13 6.72 5.91 5.91 7.23 6.35 6.50 4.89 4.53 4.38 4.31 4.53 3.14 3.50 2.48 2.77 4.67 4.60 2.92 1.75 2.04 2.92 3.80 3.29 5.18 5.77 5.48 7.15 7.15 8.32 7.96 9.64 9.64 9.78 8.40 8.54 11.97 7.01 0.00 0.00 2.56 12.78 10.80 10.44
0.00 0.00 0.00 0.00 0.00 0.00 0.00 0.00 0.00 0.00 3.29 3.72 5.26 5.26 4.53 6.86 5.91 4.96 4.96 4.74 3.80 3.94 3.94 3.80 2.99 3.50 3.58 3.43 4.96 3.65 5.11 7.15 6.06 6.06 6.72 6.94 6.86 7.45 8.69 8.83 9.05 8.54 8.40 8.40 7.15 6.50 4.16 3.94 4.09 0.00 3.43 3.80 2.92 3.36 2.99 3.87 4.53 2.85 3.43 1.02 2.77 2.19 2.34 3.29 3.65 3.65 6.42 6.13 6.13 8.47 11.02 10.59 9.93 7.96 8.18 8.76 8.03 0.00 0.00 0.00 6.20 9.42 10.51 12.48
0.00 0.00 0.00 0.00 0.00 0.00 0.00 0.00 0.00 0.00 3.29 3.72 5.26 5.26 4.53 6.86 5.91 4.96 4.96 4.74 3.80 3.94 3.94 3.80 2.99 3.50 3.58 3.43 4.96 3.65 5.11 7.15 6.06 6.06 6.72 6.94 6.86 7.45 8.69 8.83 9.05 8.54 8.40 8.40 7.15 6.50 4.16 3.94 4.09 0.00 3.43 3.80 2.92 3.36 2.99 3.87 4.53 2.85 3.43 1.02 2.77 2.19 2.34 3.29 3.65 3.65 6.42 6.13 6.13 8.47 11.02 10.59 9.93 7.96 8.18 8.76 8.03 0.00 0.00 0.00 6.20 9.42 10.51 12.48
0.00 0.00 0.00 0.00 0.00 0.00 0.00 0.00 1.10 0.66 2.19 3.80 2.92 4.09 3.72 4.67 4.74 4.53 4.53 4.31 3.80 2.99 2.41 2.19 2.34 2.99 3.14 3.80 4.53 3.72 5.26 4.89 6.06 6.86 7.01 7.96 7.52 8.83 8.69 9.78 8.03 7.08 4.74 4.74 7.30 3.21 0.00 0.00 0.00 0.00 0.00 1.46 0.29 2.70 2.70 2.56 4.23 2.56 3.29 1.90 4.23 7.88 7.23 4.09 4.16 4.02 6.28 9.49 9.49 12.26 11.90 10.95 8.47 9.13 9.34 9.20 10.80 0.00 0.00 0.00 4.31 6.42 4.23 7.15
0.00 0.00 0.00 0.00 0.00 0.00 0.00 0.00 0.00 0.66 2.26 1.90 2.85 3.43 4.45 3.50 4.53 3.36 3.36 3.14 3.29 2.92 3.21 2.85 3.36 4.45 4.31 4.53 4.31 5.77 5.91 7.66 6.94 9.64 9.86 9.27 8.03 6.86 7.96 7.37 7.88 7.88 3.07 3.07 0.00 1.61 0.00 0.00 0.00 0.00 0.00 0.00 2.48 2.70 2.34 3.07 2.77 2.85 3.87 5.77 5.04 9.64 11.83 11.97 6.72 7.08 7.01 9.42 9.42 12.70 10.73 11.53 7.88 7.59 6.50 6.79 4.02 4.38 0.00 2.92 1.97 3.50 6.86 6.72
0.00 0.00 0.00 0.00 0.00 0.00 0.00 0.00 0.00 0.44 3.29 4.31 3.65 3.94 4.02 2.85 3.14 2.63 2.63 2.63 2.70 3.43 2.92 3.43 4.09 5.40 7.37 6.28 6.50 6.50 5.62 6.35 8.10 9.64 10.07 7.59 8.03 5.91 4.02 1.68 2.56 0.00 2.77 2.77 3.29 0.00 0.00 0.00 0.00 0.00 8.98 6.79 6.13 8.69 8.83 3.65 5.40 3.58 3.50 5.04 6.64 9.13 11.75 10.88 10.73 10.44 10.88 11.32 11.32 11.39 7.74 3.43 7.37 4.82 4.82 5.04 2.56 1.31 0.66 0.51 2.19 3.80 4.67 5.91
0.00 0.00 0.00 0.00 0.00 0.00 0.00 0.00 0.29 0.88 2.92 3.58 2.92 4.45 3.58 3.43 2.99 3.58 3.58 3.94 4.38 3.14 4.45 4.16 4.45 6.79 6.86 7.37 7.74 6.94 5.62 4.67 5.77 5.77 5.91 4.89 3.14 4.09 0.00 0.00 3.36 5.91 5.48 5.48 6.42 2.12 5.77 6.28 0.00 9.34 10.59 9.93 10.07 10.59 10.95 8.32 8.18 7.88 4.67 4.67 4.38 4.67 8.32 8.54 9.34 10.44 10.51 10.88 10.88 7.01 7.96 2.99 1.46 1.61 2.19 1.53 1.68 1.10 0.80 1.75 1.31 3.07 4.60 4.23
0.00 0.00 0.00 0.00 0.00 0.00 0.00 0.88 2.04 2.26 2.56 2.63 2.41 4.82 1.83 3.43 5.33 5.99 5.99 4.82 4.60 4.45 4.67 5.69 7.08 6.79 7.74 8.69 8.83 7.81 8.54 4.31 4.31 4.38 4.89 2.41 0.00 0.00 0.00 0.00 0.73 4.53 5.11 5.11 2.92 3.29 6.28 2.48 7.66 5.77 8.76 3.87 4.23 10.07 10.22 9.42 8.69 9.42 4.09 3.36 3.29 3.94 4.16 4.16 6.72 8.98 8.54 8.54 8.54 8.03 3.94 4.74 2.26 1.75 2.34 2.41 2.34 2.04 0.80 0.95 2.12 1.90 2.48 3.07
0.00 0.00 0.00 0.00 0.00 0.00 0.00 0.88 2.04 2.26 2.56 2.63 2.41 4.82 1.83 3.43 5.33 5.99 5.99 4.82 4.60 4.45 4.67 5.69 7.08 6.79 7.74 8.69 8.83 7.81 8.54 4.31 4.31 4.38 4.89 2.41 0.00 0.00 0.00 0.00 0.73 4.53 5.11 5.11 2.92 3.29 6.28 2.48 7.66 5.77 8.76 3.87 4.23 10.07 10.22 9.42 8.69 9.42 4.09 3.36 3.29 3.94 4.16 4.16 6.72 8.98 8.54 8.54 8.54 8.03 3.94 4.74 2.26 1.75 2.34 2.41 2.34 2.04 0.80 0.95 2.12 1.90 2.48 3.07
0.00 0.00 0.00 0.00 0.00 2.26 2.99 3.14 2.41 2.92 1.31 0.00 1.10 0.00 3.50 4.23 5.77 5.40 5.40 5.69 4.02 4.02 4.82 6.42 7.15 9.05 9.93 11.17 9.42 8.32 6.35 5.11 3.65 1.90 0.44 0.88 0.00 0.00 0.00 0.00 0.00 2.12 0.37 0.37 0.80 0.00 0.00 0.00 0.00 0.00 0.00 0.00 0.00 7.88 6.86 5.55 2.34 2.34 3.07 1.39 3.58 3.36 3.72 4.82 6.57 6.86 8.03 8.10 8.10 8.10 9.34 9.86 5.18 4.89 3.50 2.41 2.34 2.63 2.56 2.85 2.48 3.43 2.26 2.34
0.00 0.00 0.00 0.00 0.00 3.43 2.77 3.50 2.70 1.83 0.00 0.00 0.00 0.00 4.23 5.11 6.20 6.42 6.42 4.60 3.29 4.45 4.38 6.78 6.60 7.66 6.64 8.18 8.32 8.32 7.96 5.69 4.09 1.90 0.22 0.80 0.00 0.00 0.00 0.00 1.17 0.00 0.22 0.22 0.00 0.00 0.00 0.00 0.00 0.00 0.00 0.00 0.00 0.00 0.00 0.00 0.00 0.00 0.37 0.00 2.19 3.14 3.14 4.45 6.57 5.26 6.79 7.37 7.37 8.83 8.32 10.00 8.61 6.50 5.11 2.85 3.50 3.29 3.43 3.43 3.87 3.94 2.26 1.68
0.00 0.00 0.00 0.00 0.00 3.29 3.14 1.53 0.00 0.00 0.00 0.00 0.00 0.00 0.00 5.40 4.82 6.06 6.06 4.82 2.92 3.65 4.96 6.57 6.57 6.41 7.10 6.92 8.03 8.98 7.66 7.96 5.48 3.29 4.74 2.26 0.44 0.00 0.58 0.58 1.10 0.51 0.00 0.00 0.00 0.00 0.00 0.00 0.00 0.00 0.00 0.00 0.00 0.00 0.00 0.00 0.00 0.00 0.00 0.00 0.00 6.86 10.15 7.74 7.96 5.77 8.03 7.23 7.23 8.03 8.98 8.40 8.61 7.15 6.42 6.64 6.13 6.20 6.57 4.82 7.30 5.91 4.60 2.12
0.00 0.00 0.00 0.00 5.55 5.84 5.18 2.04 0.00 0.00 0.00 0.00 0.00 0.00 0.00 0.88 0.58 4.38 4.38 0.73 0.00 0.82 3.24 1.35 3.78 6.13 7.80 6.27 8.28 9.39 8.03 7.15 7.66 7.45 7.52 4.31 2.92 3.87 0.95 1.61 0.29 0.00 0.00 0.00 0.00 0.00 0.00 0.00 0.00 0.00 0.00 0.00 0.00 0.00 0.00 0.00 0.00 0.00 0.00 0.00 7.59 6.64 10.80 16.72 10.15 10.66 10.88 15.26 15.26 14.02 14.60 10.00 9.20 9.49 8.32 7.96 7.08 7.45 7.88 8.91 7.88 8.10 7.23 6.13
0.00 0.00 4.23 7.23 7.23 7.15 6.64 4.82 0.00 0.00 0.00 0.00 0.00 0.00 0.00 0.00 0.00 0.00 0.00 0.00 0.00 0.00 0.00 0.00 0.30 0.15 3.01 4.36 7.50 8.41 9.17 6.79 9.49 9.34 9.42 9.42 9.71 6.42 2.77 1.61 0.00 0.51 0.00 0.00 0.00 0.00 0.00 0.00 0.00 0.00 0.00 0.00 0.00 0.00 0.00 0.00 0.00 0.00 0.00 0.00 6.35 11.90 17.30 15.77 19.13 16.06 15.99 17.16 17.16 15.26 11.83 12.70 10.29 10.88 11.97 10.80 9.64 10.07 9.56 11.83 9.93 9.42 9.56 9.56
0.00 0.00 4.23 7.23 7.23 7.15 6.64 4.82 0.00 0.00 0.00 0.00 0.00 0.00 0.00 0.00 0.00 0.00 0.00 0.00 0.00 0.00 0.00 0.00 0.29 0.15 2.92 4.06 7.01 8.54 9.26 7.07 10.66 9.89 9.66 9.42 9.71 6.42 2.77 1.61 0.00 0.51 0.00 0.00 0.00 0.00 0.00 0.00 0.00 0.00 0.00 0.00 0.00 0.00 0.00 0.00 0.00 0.00 0.00 0.00 6.35 11.90 17.30 15.77 19.13 16.06 15.99 17.16 17.16 15.26 11.83 12.70 10.29 10.88 11.97 10.80 9.64 10.07 9.56 11.83 9.93 9.42 9.56 9.56
0.00 1.31 2.85 3.94 6.64 6.94 5.69 2.99 3.36 0.00 0.37 0.00 0.00 0.00 0.00 0.00 0.00 0.00 0.00 0.00 0.00 0.00 0.00 0.00 0.00 0.00 0.00 2.57 4.02 0.00 0.96 3.56 7.72 10.76 8.43 9.53 7.59 6.35 7.08 3.07 1.24 1.31 0.00 0.00 0.00 0.00 0.00 0.00 0.00 0.00 0.00 0.00 0.00 0.00 0.00 0.00 0.00 0.00 0.00 0.00 0.00 8.03 13.72 17.96 15.77 17.59 15.11 17.67 17.67 15.77 11.75 9.71 10.00 9.71 11.68 10.07 10.80 8.25 10.29 8.76 9.20 8.83 11.24 13.65
0.00 0.80 2.41 3.65 3.07 2.70 3.72 2.99 2.41 0.00 0.58 0.00 0.00 0.00 0.00 0.00 0.00 0.80 0.80 3.08 1.02 0.00 0.29 0.00 0.00 0.00 0.00 0.00 0.00 0.00 0.00 1.46 4.74 4.11 7.91 9.31 8.30 8.95 8.69 6.50 6.94 3.50 3.14 3.14 0.00 0.29 0.00 0.00 0.00 0.00 0.00 0.00 0.00 0.00 0.00 0.00 0.00 0.00 0.00 0.00 0.00 0.00 6.06 12.99 15.77 15.62 12.70 11.83 11.83 10.95 12.19 9.86 9.27 10.07 9.78 8.83 7.45 8.69 8.32 8.32 8.32 10.44 9.64 12.26
0.29 0.00 1.24 1.46 0.88 1.75 3.36 2.70 2.77 1.46 1.17 0.15 0.29 0.29 1.61 5.04 5.33 4.23 4.23 4.67 2.41 1.90 0.66 0.00 0.00 0.00 0.00 0.00 0.00 0.00 0.00 0.00 1.90 1.24 4.53 3.16 7.70 8.69 9.34 10.15 9.71 7.15 5.48 5.48 0.88 0.00 0.00 0.00 0.00 0.00 0.00 0.00 0.00 0.00 0.00 0.00 0.00 0.00 0.00 0.00 0.00 0.00 0.00 6.79 12.34 10.88 11.61 10.22 10.22 9.93 6.94 6.64 6.64 5.62 7.30 7.45 7.45 7.81 7.37 7.30 8.25 8.76 6.57 6.86
0.00 0.00 0.00 0.00 0.07 0.00 0.00 0.00 1.61 0.00 0.00 2.04 0.29 1.53 3.50 5.84 5.55 3.80 3.80 0.51 1.24 0.15 0.44 0.00 0.00 0.00 0.00 0.00 0.00 0.00 0.00 0.00 0.00 0.00 1.24 6.42 5.85 6.58 9.61 10.40 9.64 6.64 7.15 7.15 5.99 1.61 0.00 0.00 0.07 0.58 0.44 0.95 0.00 0.00 0.00 0.00 0.00 0.00 2.99 2.56 0.00 0.00 0.00 0.00 0.00 8.03 8.40 8.69 8.69 9.13 5.91 5.77 5.18 5.18 5.33 7.15 7.74 7.45 7.37 7.37 5.69 5.04 5.11 4.89
0.00 0.00 0.00 0.00 0.00 0.00 0.00 0.00 0.00 0.00 0.00 1.10 0.00 0.80 3.43 3.58 4.38 2.77 2.77 0.00 0.00 0.00 0.00 0.00 0.00 0.00 0.00 0.00 0.00 0.00 0.00 0.00 0.00 0.00 0.51 1.83 5.04 7.88 8.08 8.01 9.68 7.81 6.94 6.94 7.59 5.11 4.60 1.24 2.41 3.14 0.80 1.68 0.07 0.00 0.00 0.00 0.00 0.00 2.77 2.85 2.26 1.31 0.00 0.00 0.00 0.00 0.00 6.94 6.94 4.45 5.11 4.09 4.23 4.23 4.09 5.04 6.28 6.35 5.18 5.18 5.04 2.99 2.99 3.07
0.00 0.00 0.00 0.00 0.00 0.00 0.00 0.00 0.00 0.00 0.00 0.00 2.48 1.53 2.12 0.00 0.00 0.00 0.00 0.00 0.00 0.00 0.00 0.00 0.00 0.00 0.00 0.00 0.00 0.00 0.00 0.00 0.00 0.00 0.00 0.00 2.99 2.29 5.55 7.15 7.82 5.26 6.79 6.79 5.18 5.11 5.18 6.20 6.06 6.28 2.26 2.63 1.24 0.00 0.00 0.00 0.00 0.00 1.39 1.39 0.00 2.70 1.24 0.00 0.00 0.00 4.23 3.58 3.58 4.82 1.83 0.00 2.77 1.83 2.04 0.00 3.07 2.99 2.12 0.00 1.10 1.97 1.46 0.58
0.00 0.00 0.00 0.00 0.00 0.00 0.00 0.00 0.00 0.00 0.00 0.00 2.48 1.53 2.12 0.00 0.00 0.00 0.00 0.00 0.00 0.00 0.00 0.00 0.00 0.00 0.00 0.00 0.00 0.00 0.00 0.00 0.00 0.00 0.00 0.00 2.99 2.27 5.60 7.15 7.74 5.26 6.79 6.79 5.18 5.11 5.18 6.20 6.06 6.28 2.26 2.63 1.24 0.00 0.00 0.00 0.00 0.00 1.39 1.39 0.00 2.70 1.24 0.00 0.00 0.00 4.23 3.58 3.58 4.82 1.83 0.00 2.77 1.83 2.04 0.00 3.07 2.99 2.12 0.00 1.10 1.97 1.46 0.58
0.00 0.00 0.00 0.00 0.00 0.00 0.00 0.00 0.00 0.22 0.00 0.00 0.00 0.22 0.00 0.00 0.00 0.00 0.00 0.00 0.00 0.00 0.00 0.00 0.00 0.00 0.00 0.00 0.00 0.00 0.00 0.00 0.00 0.00 0.00 0.00 0.00 0.44 1.83 1.53 2.48 2.19 3.87 3.87 0.00 5.33 5.18 4.45 6.79 6.20 4.74 2.92 3.29 2.26 0.00 0.00 0.00 0.00 0.00 0.00 0.00 3.65 2.92 0.00 0.00 0.00 0.00 4.16 4.16 4.09 0.00 0.00 0.00 0.00 0.00 0.00 0.00 0.00 0.00 0.00 0.00 0.44 0.00 0.07
1.83 0.00 0.00 0.00 0.00 0.00 0.00 1.11 1.02 1.24 0.00 0.88 0.22 0.00 0.00 0.00 0.00 0.00 0.00 0.00 0.00 0.00 0.00 0.00 0.00 0.00 0.00 0.00 0.00 0.00 0.00 0.00 0.00 0.00 0.00 0.00 0.00 0.15 0.29 1.31 0.37 0.00 0.00 0.00 0.00 0.00 0.00 0.00 4.82 4.96 3.29 4.09 3.58 4.31 2.70 0.73 1.68 1.68 0.00 0.00 4.45 4.09 4.89 0.00 0.73 0.00 0.66 0.00 0.00 0.00 0.00 0.00 0.00 0.00 0.00 0.00 0.00 0.00 0.00 0.00 0.00 0.00 0.00 0.00
