Wansh/Snow_depth/snowdepth-1994/winter/1994355.txt
ncols 321
nrows 161
xllcenter 60
yllcenter 15 
cellsize  0.25 
NODATA_value -1
[rows 0 to 37 of 161, columns 168 to 251 of 321]
5.69 3.36 2.56 2.41 2.26 1.83 1.61 3.14 2.99 2.99 3.43 3.14 3.29 3.50 2.85 2.85 3.87 4.67 4.31 5.91 4.74 5.11 5.18 4.74 5.48 4.45 0.00 0.00 0.00 0.00 0.00 3.94 1.31 8.83 7.23 7.23 6.64 6.79 8.25 8.91 8.91 7.15 7.37 7.01 6.50 8.18 8.18 8.10 8.10 9.05 8.69 7.74 7.66 5.48 7.52 8.25 9.93 9.93 9.93 12.41 12.41 12.26 11.68 12.78 13.72 13.21 14.60 13.29 13.72 12.78 9.64 8.61 8.54 8.83 8.61 10.44 11.24 11.02 12.41 13.36 13.43 12.56 10.15 10.88
8.03 6.06 6.50 4.53 2.41 1.39 2.56 2.41 3.14 3.14 3.14 3.21 3.07 2.99 3.29 3.65 3.65 4.31 6.86 5.99 6.28 5.04 5.48 5.33 5.04 0.00 0.00 0.00 0.00 0.00 0.00 0.00 4.09 7.15 4.53 4.53 8.32 5.84 6.94 9.42 9.93 8.91 8.47 10.80 10.15 9.64 9.86 9.27 9.20 9.05 9.20 9.71 9.34 9.78 10.80 10.51 10.44 13.21 12.85 11.83 11.83 11.17 11.39 11.97 12.19 12.56 13.36 9.86 9.20 8.83 8.69 8.91 9.13 9.86 9.64 10.44 10.80 11.75 11.75 11.83 9.56 9.71 8.83 7.45
9.93 7.88 5.84 6.42 3.14 2.70 2.56 3.29 2.99 2.99 2.99 3.21 3.14 3.14 3.58 3.29 4.31 6.20 5.84 6.72 5.11 3.94 4.74 1.61 0.00 0.00 0.00 0.00 0.00 0.00 0.00 0.00 4.31 4.67 7.45 7.45 5.11 7.52 6.94 9.20 11.75 11.39 10.59 10.80 10.59 9.05 8.61 8.61 8.32 9.86 10.37 9.86 10.44 10.51 11.75 13.43 13.58 13.58 13.21 12.05 12.05 11.75 11.46 8.98 7.96 8.40 8.47 8.47 8.18 7.96 8.69 8.47 9.05 9.42 9.13 9.05 9.56 8.10 9.34 8.91 9.49 8.25 8.61 7.45
9.93 7.88 5.84 6.42 3.14 2.70 2.56 3.29 2.99 2.99 2.99 3.21 3.14 3.14 3.58 3.29 4.31 6.20 5.84 6.72 5.11 3.94 4.74 1.61 0.00 0.00 0.00 0.00 0.00 0.00 0.00 0.00 4.31 4.67 7.45 7.45 5.11 7.52 6.94 9.20 11.75 11.39 10.59 10.80 10.59 9.05 8.61 8.61 8.32 9.86 10.37 9.86 10.44 10.51 11.75 13.43 13.58 13.58 13.21 12.05 12.05 11.75 11.46 8.98 7.96 8.40 8.47 8.47 8.18 7.96 8.69 8.47 9.05 9.42 9.13 9.05 9.56 8.10 9.34 8.91 9.49 8.25 8.61 7.45
10.88 11.90 12.12 9.05 4.82 6.06 4.53 3.80 3.58 3.58 4.67 3.50 3.72 4.67 3.94 5.11 5.33 5.26 5.62 5.04 3.14 4.31 0.00 0.00 0.00 0.00 0.00 0.00 0.00 0.00 0.00 2.99 3.50 5.48 1.46 1.46 5.04 8.40 10.66 11.02 10.95 11.10 9.71 9.34 8.76 8.98 8.47 10.59 9.13 10.00 11.02 11.53 12.19 12.70 12.63 13.07 11.75 11.90 11.83 10.73 10.73 7.74 7.88 7.88 7.08 7.45 6.86 6.57 7.37 7.45 7.23 7.66 8.18 7.88 8.03 7.15 7.74 7.66 8.47 8.69 8.69 9.27 8.47 8.32
10.29 13.29 11.53 12.26 6.94 4.67 4.38 7.08 5.91 5.91 6.13 5.26 5.48 5.69 4.96 4.96 4.96 4.89 3.58 1.46 1.02 0.00 0.00 0.00 0.00 0.00 0.00 0.00 0.00 0.00 1.46 5.77 5.77 5.48 7.88 7.88 7.15 8.25 9.49 9.42 8.91 9.20 8.91 9.86 9.71 9.42 9.93 10.88 11.39 12.70 12.26 12.41 12.56 12.70 11.53 11.83 11.32 8.40 7.96 9.05 9.05 7.23 7.96 8.54 7.45 7.88 6.79 5.84 4.67 5.26 5.26 6.86 5.77 5.77 5.99 6.72 6.28 7.45 7.15 8.61 7.74 7.66 8.10 8.32
9.71 11.46 11.17 11.90 9.86 10.37 8.10 9.78 9.20 9.20 8.69 7.08 7.23 6.28 5.04 4.82 4.74 2.19 2.12 0.00 0.00 0.00 0.00 0.00 0.00 0.00 0.00 0.00 0.00 3.07 4.23 7.52 2.92 8.98 10.88 10.88 11.97 10.95 11.53 9.34 8.61 8.40 9.56 9.34 9.93 10.22 10.44 10.07 13.51 14.97 14.24 12.48 13.14 11.90 10.22 8.47 8.18 8.18 6.86 7.23 7.23 6.86 7.66 7.23 5.84 4.53 4.23 4.02 4.02 4.45 5.26 5.18 5.26 5.55 4.60 5.48 5.48 6.20 5.84 5.78 7.79 8.08 7.46 10.20
9.71 11.46 11.17 11.90 9.86 10.37 8.10 9.78 9.20 9.20 8.69 7.08 7.23 6.28 5.04 4.82 4.74 2.19 2.12 0.00 0.00 0.00 0.00 0.00 0.00 0.00 0.00 0.00 0.00 3.07 4.23 7.52 2.92 8.98 10.88 10.88 11.97 10.95 11.53 9.34 8.61 8.40 9.56 9.34 9.93 10.22 10.44 10.07 13.51 14.97 14.24 12.48 13.14 11.90 10.22 8.47 8.18 8.18 6.86 7.23 7.23 6.86 7.66 7.23 5.84 4.53 4.23 4.02 4.02 4.45 5.26 5.18 5.26 5.55 4.60 6.33 7.55 8.93 8.00 9.82 12.86 10.76 9.60 10.59
6.42 9.71 10.66 10.51 9.78 8.40 8.61 8.25 9.34 9.34 9.20 8.61 6.79 7.08 5.91 1.02 0.00 0.00 0.00 0.00 0.00 0.00 0.00 0.00 0.00 0.00 2.34 0.00 4.09 5.18 7.59 7.52 9.49 7.52 11.02 11.02 12.56 11.32 8.69 6.57 7.23 7.45 9.64 11.10 11.61 12.70 14.24 15.26 15.11 15.33 13.65 11.32 9.20 8.47 8.47 8.40 7.08 6.72 7.23 7.74 7.74 6.79 7.01 7.08 6.50 6.13 4.38 4.96 4.38 4.45 4.67 5.55 5.18 5.34 6.59 6.69 7.42 6.86 6.31 9.30 8.15 8.78 8.01 10.09
4.23 5.26 4.96 6.64 7.59 7.30 8.10 7.88 7.81 7.81 8.69 7.74 7.88 5.99 0.00 1.61 0.00 0.00 0.00 0.00 0.00 0.00 0.00 0.00 0.00 0.00 4.16 5.33 5.26 6.35 7.74 7.59 9.20 7.37 8.76 8.76 8.40 8.69 7.81 6.94 11.24 11.61 11.53 11.61 13.43 13.07 15.84 16.21 12.70 11.39 12.05 10.15 9.49 7.66 7.88 7.74 7.74 6.79 7.30 8.32 8.32 7.96 7.45 8.03 5.99 6.42 5.69 5.62 5.91 5.48 5.48 5.91 5.94 6.07 6.90 6.06 6.98 8.04 8.76 8.83 7.30 6.86 8.70 8.80
7.01 5.26 5.48 5.48 6.50 7.81 7.52 7.88 6.72 6.72 6.64 5.55 0.00 0.00 0.00 0.00 0.00 0.00 0.00 0.00 0.00 0.00 4.45 5.33 3.94 4.09 5.40 5.26 5.62 7.37 6.64 6.64 5.62 6.79 7.23 7.23 8.10 10.00 11.61 11.46 12.92 13.80 13.21 13.36 13.21 13.65 14.60 11.53 11.17 10.66 9.56 8.98 8.47 8.69 7.81 8.10 10.37 10.37 7.96 7.74 7.74 13.65 10.88 8.98 7.15 6.50 7.08 7.37 6.35 6.72 6.72 6.28 6.74 5.19 5.79 6.43 7.48 8.53 7.40 7.83 7.56 8.98 8.06 8.46
7.01 5.26 5.48 5.48 6.50 7.81 7.52 7.88 6.72 6.72 6.64 5.55 0.00 0.00 0.00 0.00 0.00 0.00 0.00 0.00 0.00 0.00 4.45 5.33 3.94 4.09 5.40 5.26 5.62 7.37 6.64 6.64 5.62 6.79 7.23 7.23 8.10 10.00 11.61 11.46 12.92 13.80 13.21 13.36 13.21 13.65 14.60 11.53 11.17 10.66 9.56 8.98 8.47 8.69 7.81 8.10 10.37 10.37 7.96 7.74 7.74 13.65 10.88 8.98 7.15 6.50 7.08 7.37 6.35 6.72 6.72 6.28 6.57 5.11 5.62 5.97 6.67 7.89 7.89 8.12 7.56 8.78 8.85 9.05
11.39 9.05 9.20 6.13 5.40 5.40 3.80 0.00 1.83 1.83 0.00 0.00 0.00 0.00 0.00 0.00 0.00 0.00 0.00 3.94 4.67 4.60 3.94 5.11 6.50 6.57 7.23 5.84 7.01 9.27 8.18 6.42 6.20 6.57 8.76 8.76 10.66 11.75 12.85 12.48 14.09 13.80 13.29 11.53 12.92 10.29 12.70 9.64 9.78 9.86 10.66 9.34 8.61 8.61 9.20 10.22 11.83 11.83 12.92 11.75 11.75 12.26 11.02 9.64 11.10 10.07 8.10 8.47 7.30 8.69 6.72 7.08 6.94 7.52 6.51 6.77 7.59 6.88 8.63 9.37 8.31 8.70 10.22 8.81
11.53 10.59 8.76 9.71 6.20 4.53 5.40 3.21 0.00 0.00 0.00 0.00 0.00 0.00 0.00 0.00 0.00 3.29 5.40 6.06 5.48 7.81 6.72 6.13 7.96 7.52 9.20 7.30 10.51 11.10 9.56 10.59 10.22 10.07 9.93 9.93 10.15 10.95 12.26 13.80 13.87 13.72 14.02 12.41 12.56 11.97 11.68 11.61 11.97 11.97 11.10 10.73 12.05 11.24 11.53 11.02 11.90 12.63 11.02 11.24 11.24 13.07 13.51 12.78 12.99 11.39 12.12 10.73 9.27 9.64 8.83 10.00 8.10 9.57 10.79 9.24 7.20 7.51 10.00 9.22 9.90 7.72 9.00 10.13
15.91 15.99 16.35 13.29 11.97 12.26 9.49 6.57 0.00 0.00 0.00 0.00 3.43 1.83 3.87 0.00 2.04 6.28 6.86 5.91 8.47 8.61 8.91 8.18 8.54 9.86 10.51 11.02 11.10 11.02 10.29 9.42 9.56 9.64 9.86 9.86 11.46 12.26 11.97 13.21 10.80 11.97 12.26 12.48 11.46 11.75 12.56 12.78 12.19 13.36 13.43 13.51 12.99 13.58 14.24 12.56 12.99 12.12 11.90 12.41 12.41 12.56 14.09 13.87 14.24 13.29 13.65 11.97 12.26 12.26 12.41 11.90 13.03 10.87 8.61 9.18 9.55 11.90 9.30 10.20 9.31 9.86 9.70 8.84
14.53 16.35 14.24 14.89 13.65 11.83 11.10 10.59 10.51 10.51 10.59 9.71 10.07 8.25 6.64 8.83 9.13 7.96 7.23 9.86 9.56 9.78 9.05 8.61 8.54 9.64 10.29 9.05 10.22 9.86 9.27 10.00 9.20 9.42 9.13 9.13 10.37 8.83 8.47 8.76 9.86 10.66 8.18 8.25 11.10 11.68 9.56 8.76 10.95 13.07 14.97 14.02 14.53 14.82 14.24 13.80 12.41 13.58 12.85 12.34 12.34 13.58 13.14 14.09 14.16 13.65 11.32 12.26 11.97 12.99 12.92 11.89 14.78 12.65 12.61 9.90 10.90 8.83 9.76 10.33 10.67 11.25 9.50 9.67
14.53 16.35 14.24 14.89 13.65 11.83 11.10 10.59 10.51 10.51 10.59 9.71 10.07 8.25 6.64 8.83 9.13 7.96 7.23 9.86 9.56 9.78 9.05 8.61 8.54 9.64 10.29 9.05 10.22 9.86 9.27 10.00 9.20 9.42 9.13 9.13 10.37 8.83 8.47 8.76 9.86 10.66 8.18 8.25 11.10 11.68 9.56 8.76 10.95 13.07 14.97 14.02 14.53 14.82 14.24 13.80 12.41 13.58 12.85 12.34 12.34 13.58 13.14 14.09 14.16 13.65 11.32 12.26 11.97 12.99 12.92 14.60 13.85 13.75 11.32 12.25 11.06 9.77 9.96 9.32 10.32 9.67 10.34 10.98
10.80 15.33 14.31 15.55 13.07 11.24 11.90 9.64 10.00 10.00 10.59 10.00 9.49 9.49 9.71 9.56 9.78 10.88 10.15 10.15 9.78 9.05 7.96 7.88 8.47 8.10 8.54 8.25 8.91 8.25 8.18 9.27 8.91 9.64 9.13 9.13 8.98 8.83 8.25 6.79 6.86 6.86 7.37 6.86 7.45 6.86 8.18 7.59 9.27 10.66 10.00 11.90 12.99 10.07 11.68 11.10 12.70 8.40 8.10 11.53 11.53 11.97 11.90 14.09 9.71 9.42 9.34 10.80 9.56 10.37 10.14 10.24 8.90 9.92 11.10 12.67 11.10 9.01 9.76 9.55 9.96 10.20 8.78 8.89
9.20 12.85 15.77 15.55 14.45 11.39 9.34 7.88 8.03 8.03 7.81 8.76 8.47 9.49 10.44 11.24 10.88 9.78 10.80 10.66 8.69 8.03 8.32 8.54 7.45 7.08 7.66 7.52 7.15 7.23 8.10 8.40 8.47 8.91 9.05 9.05 8.98 9.13 7.45 6.35 6.42 6.72 4.82 5.99 4.45 4.74 4.60 5.26 6.35 7.23 6.86 8.83 7.45 9.05 9.49 4.02 9.27 10.37 6.13 5.84 5.84 3.43 4.38 5.33 6.13 7.01 7.15 2.85 3.94 4.99 3.17 2.58 5.62 6.68 5.16 5.30 7.35 7.68 7.79 8.36 7.16 7.87 7.54 7.20
8.69 7.37 7.66 7.88 8.98 9.86 10.15 7.74 7.15 7.15 6.06 7.37 7.66 9.49 10.59 9.86 9.49 9.86 9.13 9.78 10.00 10.15 8.47 6.35 7.08 7.15 6.72 6.86 7.37 7.52 7.15 7.01 8.54 8.61 8.32 8.32 7.88 7.08 7.30 6.64 5.91 4.53 3.87 4.60 3.21 2.77 3.87 4.82 4.96 5.62 7.15 8.76 8.40 8.47 0.00 0.00 5.69 6.94 2.92 2.85 2.85 2.92 4.09 4.45 2.56 1.97 1.24 1.68 2.41 0.00 1.24 1.10 2.12 1.90 4.31 6.94 7.08 8.65 9.61 7.04 7.36 7.06 5.59 6.62
7.74 7.15 5.40 5.48 6.28 7.88 5.62 6.13 6.20 6.20 5.26 7.15 7.52 9.86 9.05 9.05 9.42 8.83 9.20 9.78 10.51 9.93 10.15 8.76 7.30 7.66 6.64 6.57 5.55 5.84 5.99 7.88 8.91 9.20 8.83 8.83 8.69 7.74 5.77 4.96 5.11 4.23 3.65 3.21 3.43 3.80 3.65 5.62 5.77 5.33 6.72 6.35 5.91 0.00 0.00 0.00 0.15 0.58 1.31 2.41 2.41 2.04 2.70 2.12 2.34 0.22 0.00 0.00 0.00 0.00 0.29 1.53 2.70 2.26 4.53 7.97 11.58 10.05 12.13 8.85 9.94 9.03 6.32 3.63
5.40 5.48 5.40 5.33 5.18 4.82 4.67 5.40 5.18 5.18 5.77 6.57 6.13 7.96 7.66 8.47 8.25 9.71 10.51 10.66 9.93 11.17 10.22 7.96 7.01 9.71 9.34 9.42 6.35 10.44 9.93 10.00 10.00 10.15 9.64 9.64 9.93 8.10 5.26 4.09 4.45 3.80 2.63 3.80 4.45 7.66 7.37 6.20 6.06 5.91 4.16 4.74 2.63 0.15 0.00 0.00 0.00 0.00 0.66 1.02 1.02 1.68 0.88 0.37 0.00 0.00 0.00 0.00 0.44 0.29 0.15 1.75 1.46 3.14 3.04 6.44 10.30 9.70 11.99 11.31 8.17 7.04 8.90 5.68
5.40 5.48 5.40 5.33 5.18 4.82 4.67 5.40 5.18 5.18 5.77 6.57 6.13 7.96 7.66 8.47 8.25 9.71 10.51 10.66 9.93 11.17 10.22 7.96 7.01 9.71 9.34 9.42 6.35 10.44 9.93 10.00 10.00 10.15 9.64 9.64 9.93 8.10 5.26 4.09 4.45 3.80 2.63 3.80 4.45 7.66 7.37 6.20 6.06 5.91 4.16 4.74 2.63 0.15 0.00 0.00 0.00 0.00 0.66 1.02 1.02 1.68 0.88 0.37 0.00 0.00 0.00 0.00 0.44 0.29 0.15 1.75 1.46 3.14 2.92 6.47 8.00 8.54 10.04 13.16 10.00 7.20 6.97 5.24
5.69 4.82 5.11 4.96 4.96 4.96 4.74 6.28 7.01 7.01 7.23 6.13 5.26 7.37 8.54 7.81 8.83 9.56 12.19 9.78 11.97 10.37 10.95 9.20 10.07 10.88 11.24 13.51 11.24 12.12 10.29 9.86 9.20 9.78 8.98 8.98 8.76 8.91 6.42 9.42 6.79 6.13 10.59 5.11 11.32 9.42 10.15 8.25 6.86 4.96 1.53 2.77 0.80 0.00 0.00 0.00 0.00 0.00 0.00 0.51 0.51 0.37 0.00 0.00 0.00 0.00 0.00 0.37 0.80 1.10 0.95 0.88 0.88 2.41 4.23 3.74 5.99 10.41 12.45 12.56 10.40 6.67 5.41 5.80
4.89 4.45 3.58 4.16 4.31 4.09 4.09 5.04 5.62 5.62 7.08 5.26 5.84 5.77 8.54 8.61 8.18 8.03 10.73 10.37 11.68 10.66 10.15 10.66 10.51 11.39 11.61 13.21 12.70 12.12 10.88 10.22 9.34 10.29 11.46 11.46 15.11 14.82 14.45 14.82 11.39 9.78 17.08 14.31 15.62 13.65 7.45 5.84 5.04 3.29 1.39 0.44 0.22 0.15 0.29 0.00 0.00 0.00 0.00 0.00 0.00 0.00 0.00 0.00 0.00 0.00 0.73 1.02 0.88 1.02 1.61 1.97 3.80 3.80 4.49 7.18 7.70 8.32 8.53 8.19 6.93 5.46 6.26 5.12
8.25 5.40 4.60 3.87 3.72 4.31 3.58 4.89 6.72 6.72 6.42 8.03 7.23 5.40 6.57 8.91 8.61 9.42 8.98 10.07 10.15 9.93 10.29 10.80 11.53 11.61 11.68 12.19 11.10 11.68 11.53 11.53 11.53 11.10 12.34 12.34 12.99 17.01 17.67 17.45 20.22 16.43 17.23 6.72 5.84 0.00 0.00 0.00 2.63 0.00 1.02 0.88 0.37 0.00 0.58 0.15 0.00 0.00 0.00 0.00 0.00 0.00 0.00 0.00 0.00 0.00 0.00 1.02 1.02 1.10 1.46 3.36 4.37 6.05 5.48 8.45 8.78 6.11 7.15 7.52 5.25 5.37 5.63 4.35
8.32 8.98 6.20 10.22 4.60 3.94 4.16 3.29 3.50 3.50 5.11 7.30 5.77 6.20 5.55 5.91 9.05 9.64 8.83 8.10 9.20 8.69 9.93 9.05 10.73 11.02 6.42 10.44 8.54 9.49 10.66 6.50 5.99 7.74 10.44 10.44 9.34 14.38 11.17 13.21 14.75 12.48 4.89 3.21 3.14 0.00 0.00 0.00 0.00 0.00 0.00 0.22 0.00 0.00 0.80 0.00 0.00 0.00 0.00 0.00 0.00 0.00 0.00 0.00 0.00 0.00 0.00 0.95 2.19 3.14 3.80 3.50 4.29 6.33 8.97 9.86 11.72 7.42 5.14 5.29 5.01 4.13 4.94 4.68
16.86 15.84 12.12 6.20 7.45 4.23 3.58 1.90 1.83 1.83 0.51 4.53 2.04 2.48 4.60 2.19 6.72 2.26 4.16 5.62 6.42 5.04 6.06 5.69 8.47 9.05 3.07 9.86 8.47 7.45 4.53 3.94 4.02 5.62 3.72 3.72 5.91 5.91 5.91 7.45 3.80 7.15 7.01 3.72 2.77 0.00 0.00 0.00 0.00 0.00 0.00 0.00 0.00 0.00 0.00 0.00 0.00 0.00 0.00 0.00 0.00 0.00 0.00 0.00 0.00 0.00 1.10 0.58 2.63 3.50 3.89 5.65 5.84 6.96 10.93 11.37 13.36 7.79 4.99 4.69 4.67 4.48 5.15 3.84
16.86 15.84 12.12 6.20 7.45 4.23 3.58 1.90 1.83 1.83 0.51 4.53 2.04 2.48 4.60 2.19 6.72 2.26 4.16 5.62 6.42 5.04 6.06 5.69 8.47 9.05 3.07 9.86 8.47 7.45 4.53 3.94 4.02 5.62 3.72 3.72 5.91 5.91 5.91 7.45 3.80 7.15 7.01 3.72 2.77 0.00 0.00 0.00 0.00 0.00 0.00 0.00 0.00 0.00 0.00 0.00 0.00 0.00 0.00 0.00 0.00 0.00 0.00 0.00 0.00 0.00 1.10 0.58 2.63 3.50 3.91 5.59 5.28 7.76 11.66 13.26 15.51 7.54 5.21 4.56 4.94 5.32 4.70 3.26
17.67 17.52 16.72 11.97 4.53 3.36 1.53 1.10 0.44 0.44 0.29 0.00 0.00 1.31 0.37 0.58 0.29 1.10 1.68 2.70 1.17 3.50 4.31 2.48 2.12 2.19 2.34 5.11 2.99 3.36 3.36 2.85 0.00 3.58 2.63 2.63 4.23 3.72 0.00 0.00 0.00 4.09 0.00 0.00 0.00 0.00 0.00 0.00 0.00 1.02 0.00 0.00 0.00 0.00 1.39 0.00 0.00 0.00 0.00 0.00 0.00 0.00 0.00 0.00 0.00 0.00 0.00 0.00 0.00 3.39 4.28 5.68 10.40 13.22 14.82 13.22 6.73 7.54 4.50 4.23 4.72 5.56 4.93 2.47
13.65 14.45 10.44 4.45 2.63 2.19 2.19 1.46 1.17 1.17 0.00 0.00 0.00 0.00 0.00 0.00 0.00 0.80 0.00 0.00 0.00 1.83 0.00 0.00 1.39 0.80 1.39 1.83 2.12 2.77 0.00 2.48 2.12 0.00 0.00 0.00 0.00 0.00 0.00 3.21 0.00 0.00 0.00 0.00 0.00 0.00 0.00 0.00 0.00 0.00 0.00 0.00 0.00 1.61 1.75 0.00 0.00 0.00 0.00 0.00 0.00 0.00 0.00 0.00 0.00 0.00 0.00 0.00 0.00 3.80 0.00 5.19 10.31 14.04 10.04 11.33 7.11 4.80 4.59 4.65 4.31 3.92 2.22 2.48
12.63 12.41 11.53 7.30 3.65 2.41 3.21 1.68 0.73 0.73 0.37 0.00 0.00 0.00 0.00 0.00 0.00 0.00 0.00 0.00 0.00 0.00 0.00 0.00 0.00 0.00 0.80 0.00 0.00 0.00 0.00 0.00 0.00 0.00 0.00 0.00 0.00 0.00 2.48 0.00 0.00 0.00 0.00 0.00 0.00 2.26 0.00 0.00 0.00 0.00 0.00 0.00 0.00 0.00 0.00 0.00 0.00 0.00 0.00 0.00 0.00 0.00 0.00 0.00 0.00 0.00 0.00 0.00 0.00 0.00 4.45 4.43 8.37 9.31 6.83 5.06 5.05 5.68 5.45 4.90 4.16 3.83 2.84 1.41
7.74 4.38 3.80 3.07 2.56 3.14 3.21 2.12 1.31 1.31 0.58 0.00 0.00 0.00 0.00 0.00 0.00 0.00 0.00 0.00 0.00 0.00 0.00 0.00 0.00 0.00 0.00 0.73 0.00 0.00 0.00 0.00 0.00 0.00 0.00 0.00 0.00 0.00 1.24 1.31 0.00 0.00 0.00 0.00 0.00 0.00 0.00 0.00 0.00 0.00 0.00 1.75 0.00 0.00 0.00 0.00 0.00 0.00 0.00 0.00 0.00 0.00 0.00 0.00 0.00 0.00 0.00 0.00 0.00 3.94 4.02 5.83 6.34 8.04 5.95 3.97 4.97 4.54 4.87 3.73 2.65 3.63 1.65 1.04
2.26 2.19 2.41 0.00 1.17 1.97 0.00 1.68 1.39 1.39 0.00 0.00 0.00 0.00 0.00 0.00 0.00 0.00 0.00 0.00 0.00 0.00 0.00 0.00 0.00 0.00 0.00 0.00 0.00 0.00 0.00 0.00 0.00 0.00 0.00 0.00 0.00 0.00 0.00 0.00 0.00 0.00 0.00 0.00 0.00 0.00 0.00 0.00 0.00 0.95 1.17 1.02 1.75 0.00 0.00 0.00 0.00 0.00 0.00 0.00 0.00 0.00 0.00 0.00 0.00 3.14 3.80 6.06 5.11 5.40 3.80 5.69 5.92 4.48 4.68 4.17 3.34 3.17 3.89 1.65 1.24 0.81 0.80 0.37
1.97 0.00 0.00 0.00 0.00 0.00 1.46 0.00 0.00 0.00 0.00 0.00 0.00 0.00 0.00 0.00 0.00 0.00 0.00 0.00 0.00 0.00 0.00 0.00 0.00 0.00 0.00 0.00 0.00 0.00 0.00 0.00 0.00 0.00 0.00 0.00 0.00 0.00 0.00 0.00 0.00 0.00 0.00 0.00 0.00 0.00 0.00 0.00 2.19 1.39 1.75 1.24 2.19 1.39 2.26 0.00 0.00 0.00 0.00 0.00 0.00 0.00 0.00 0.00 2.41 2.34 3.87 5.55 6.28 7.01 5.77 5.87 4.47 3.35 1.77 2.26 3.11 1.04 0.00 0.16 0.00 0.00 0.00 0.00
1.97 0.00 0.00 0.00 0.00 0.00 1.46 0.00 0.00 0.00 0.00 0.00 0.00 0.00 0.00 0.00 0.00 0.00 0.00 0.00 0.00 0.00 0.00 0.00 0.00 0.00 0.00 0.00 0.00 0.00 0.00 0.00 0.00 0.00 0.00 0.00 0.00 0.00 0.00 0.00 0.00 0.00 0.00 0.00 0.00 0.00 0.00 0.00 2.19 1.39 1.75 1.24 2.19 1.39 2.26 0.00 0.00 0.00 0.00 0.00 0.00 0.00 0.00 0.00 2.41 2.34 3.87 5.55 6.28 7.01 5.77 5.84 4.40 3.30 1.77 2.37 2.77 1.00 0.00 0.16 0.00 0.00 0.00 0.00
0.00 0.00 0.00 0.00 0.00 0.00 0.00 0.00 0.00 0.00 0.00 0.00 0.00 0.00 0.00 0.00 0.00 0.00 0.00 0.00 0.00 0.00 0.00 0.00 0.00 0.00 0.00 0.00 0.00 0.00 0.00 0.00 2.34 2.04 0.00 0.00 0.00 0.00 0.00 0.00 0.00 0.00 0.00 0.00 0.00 0.00 0.00 0.00 0.00 1.75 1.53 1.75 1.24 1.97 3.07 0.00 0.00 0.00 0.00 0.00 0.00 0.00 0.00 0.00 0.00 0.00 0.00 4.53 6.13 6.64 5.33 3.72 4.16 2.65 1.61 1.37 0.32 0.55 0.00 0.00 0.00 0.00 0.00 0.00
0.00 0.00 0.00 0.00 0.00 0.00 0.00 0.00 0.00 0.00 0.00 0.00 0.00 0.00 0.00 0.00 0.00 0.00 0.00 0.00 0.00 0.88 1.39 1.61 1.61 0.00 0.00 0.00 0.00 0.00 0.00 0.00 0.00 0.00 0.00 0.00 0.00 0.00 0.00 0.00 0.00 0.00 0.00 0.00 0.00 0.00 0.00 0.00 0.00 0.00 0.00 1.24 3.43 0.00 0.00 0.00 0.00 0.00 0.00 0.00 0.00 0.00 0.00 0.00 0.00 0.00 4.38 4.67 4.09 5.40 2.99 3.36 0.73 1.31 1.24 0.38 0.00 0.00 0.00 0.00 0.00 0.00 0.00 0.00
