Wansh/Snow_depth/snowdepth-1994/winter/1994345.txt
ncols 321
nrows 161
xllcenter 60
yllcenter 15 
cellsize  0.25 
NODATA_value -1
[rows 0 to 37 of 161, columns 168 to 251 of 321]
5.18 4.02 3.43 2.04 1.90 2.99 3.58 3.58 3.50 3.50 3.87 4.02 3.65 3.50 5.84 5.84 5.99 5.55 6.35 6.57 6.64 6.72 5.11 5.69 5.77 5.91 0.00 0.00 0.00 0.00 0.00 0.00 0.00 5.77 4.67 4.67 8.83 8.25 7.30 9.20 8.76 8.76 7.59 7.37 7.37 6.94 8.91 6.94 8.98 9.27 9.27 8.25 6.86 7.15 7.59 7.37 6.35 11.17 10.73 10.80 10.80 11.46 12.12 12.12 12.41 12.12 12.63 10.22 10.44 7.96 9.42 7.81 7.23 7.37 7.37 8.32 9.56 10.88 10.73 11.24 10.44 11.53 10.88 10.95
5.69 4.45 3.80 2.56 1.90 2.92 1.75 1.39 2.70 2.70 4.16 3.50 3.80 3.94 4.09 4.45 3.94 4.89 6.28 6.64 6.35 5.69 5.84 5.77 6.72 5.69 0.00 0.00 0.00 0.00 0.00 0.00 0.22 2.85 5.84 5.84 5.48 5.40 7.23 10.59 10.37 10.51 8.69 9.05 10.22 10.66 9.05 8.69 8.83 8.91 8.69 8.76 9.49 9.56 8.98 11.10 11.53 11.17 12.63 12.19 12.19 12.34 11.68 11.68 11.68 10.22 10.15 9.05 7.59 7.74 7.52 7.37 7.74 8.03 8.10 8.25 8.98 8.91 10.51 10.66 9.49 7.96 8.32 6.79
6.79 7.37 3.07 4.67 3.36 1.31 1.53 1.53 2.85 2.85 2.70 3.21 3.43 3.14 4.74 4.45 5.69 7.23 6.72 7.08 6.86 5.84 7.45 7.37 7.15 5.11 0.00 0.00 0.00 0.00 0.00 0.00 0.00 0.58 4.31 4.31 5.40 8.32 7.37 10.37 12.12 11.02 11.53 11.53 10.73 8.40 8.61 8.98 9.49 9.27 10.07 10.37 10.15 11.75 11.61 11.24 11.68 12.56 12.63 10.88 10.88 11.24 11.46 9.27 9.56 9.05 7.74 7.59 7.01 7.74 7.59 8.10 8.32 8.18 8.40 8.32 8.76 8.54 8.32 8.40 8.10 7.96 6.79 6.94
6.79 7.37 3.07 4.67 3.36 1.31 1.53 1.53 2.85 2.85 2.70 3.21 3.43 3.14 4.74 4.45 5.69 7.23 6.72 7.08 6.86 5.84 7.45 7.37 7.15 5.11 0.00 0.00 0.00 0.00 0.00 0.00 0.00 0.58 4.31 4.31 5.40 8.32 7.37 10.37 12.12 11.02 11.53 11.53 10.73 8.40 8.61 8.98 9.49 9.27 10.07 10.37 10.15 11.75 11.61 11.24 11.68 12.56 12.63 10.88 10.88 11.24 11.46 9.27 9.56 9.05 7.74 7.59 7.01 7.74 7.59 8.10 8.32 8.18 8.40 8.32 8.76 8.54 8.32 8.40 8.10 7.96 6.79 6.94
8.54 6.50 5.77 2.63 2.70 1.68 1.83 0.95 1.90 1.90 2.99 3.43 3.07 4.31 4.38 4.67 5.55 6.13 5.62 5.48 5.18 5.91 7.15 0.00 0.00 0.00 0.00 0.00 0.00 0.00 0.00 0.00 3.07 4.09 3.50 3.50 5.55 9.34 10.00 10.80 10.95 9.86 10.88 9.56 9.49 9.56 10.29 8.83 10.29 10.88 10.51 12.99 12.41 12.26 11.53 11.17 11.39 9.78 9.78 10.22 10.22 8.32 9.05 9.27 8.18 6.57 7.45 6.20 6.35 6.13 6.57 7.08 7.66 7.59 7.74 6.35 6.94 7.96 8.83 8.69 8.03 7.30 7.37 8.03
9.20 6.13 7.52 7.08 4.31 4.45 2.12 3.07 2.77 2.77 4.16 3.87 5.48 5.48 5.26 5.26 5.55 5.04 4.89 4.82 3.87 4.53 3.50 0.00 0.00 0.00 0.00 0.00 0.00 0.00 0.00 1.53 4.23 4.60 7.81 7.81 9.27 8.54 9.13 9.56 8.69 8.54 9.93 9.78 9.78 9.78 10.37 10.44 10.29 11.97 13.29 13.14 13.14 11.02 11.32 9.34 8.76 9.20 7.52 7.96 7.96 7.88 8.61 8.91 8.10 6.35 4.67 4.89 5.62 5.55 5.48 5.69 5.77 5.91 5.91 5.84 6.06 6.28 6.13 7.23 7.59 8.03 8.03 7.88
6.42 5.40 7.52 6.72 6.94 5.84 3.80 4.60 5.77 5.77 5.84 5.99 5.40 4.96 5.04 5.04 5.04 5.26 5.04 4.16 3.80 0.00 0.00 0.00 0.00 0.00 0.00 0.00 0.00 0.44 3.80 5.91 5.48 7.08 9.56 9.56 10.00 11.24 9.13 9.56 8.18 7.59 9.34 8.98 9.78 9.71 10.07 11.39 12.56 12.26 13.58 12.78 13.29 10.37 8.83 9.34 7.88 7.37 7.37 7.66 7.66 8.83 8.40 8.47 6.50 7.30 4.82 4.60 4.74 5.18 5.26 5.26 4.74 4.96 4.60 4.67 5.40 5.77 6.50 6.62 7.95 9.49 8.33 10.29
6.42 5.40 7.52 6.72 6.94 5.84 3.80 4.60 5.77 5.77 5.84 5.99 5.40 4.96 5.04 5.04 5.04 5.26 5.04 4.16 3.80 0.00 0.00 0.00 0.00 0.00 0.00 0.00 0.00 0.44 3.80 5.91 5.48 7.08 9.56 9.56 10.00 11.24 9.13 9.56 8.18 7.59 9.34 8.98 9.78 9.71 10.07 11.39 12.56 12.26 13.58 12.78 13.29 10.37 8.83 9.34 7.88 7.37 7.37 7.66 7.66 8.83 8.40 8.47 6.50 7.30 4.82 4.60 4.74 5.18 5.26 5.26 4.74 4.96 4.60 5.40 7.45 8.30 8.90 11.24 13.13 12.62 10.72 10.68
4.60 5.84 6.20 6.64 6.20 5.84 5.18 4.82 4.82 4.82 4.96 4.60 4.67 4.23 3.21 3.65 2.99 2.63 4.53 5.40 0.00 0.00 0.00 0.00 0.00 0.00 0.00 0.00 0.00 4.53 4.38 6.13 7.08 6.86 9.34 9.34 10.66 10.95 8.69 9.49 6.42 7.59 9.13 8.76 10.29 10.95 12.12 11.68 14.16 13.14 13.58 10.59 9.93 10.44 8.25 7.81 8.25 6.86 7.88 7.45 7.45 8.32 8.69 8.40 6.72 5.69 6.06 4.82 5.26 5.26 5.77 6.06 5.40 5.19 5.93 7.24 7.06 7.08 5.84 8.01 7.83 8.87 9.59 10.09
3.65 4.89 4.82 4.09 4.53 5.18 4.96 4.67 4.96 4.96 5.99 4.82 5.04 4.09 3.43 2.63 2.77 1.83 0.00 0.00 0.00 0.00 0.00 0.00 0.00 2.12 0.00 5.40 0.00 5.48 5.11 5.99 6.42 8.25 8.91 8.91 9.27 9.86 6.79 7.01 6.86 7.52 11.17 11.17 11.02 10.44 12.78 13.51 13.65 10.51 9.86 10.51 8.83 7.52 7.52 7.74 8.10 9.86 9.56 9.13 9.13 9.34 9.42 8.18 7.96 6.50 5.77 6.06 5.84 5.99 5.84 5.99 5.78 7.67 8.16 6.92 6.98 6.68 8.13 7.42 7.41 8.23 8.70 8.59
7.45 5.04 6.20 4.16 4.16 4.53 4.60 5.55 5.26 5.26 5.69 1.97 2.63 4.16 0.00 0.00 0.00 0.00 0.00 0.00 0.00 0.00 2.92 0.00 1.53 3.21 0.51 5.33 5.11 5.77 5.33 5.40 5.99 6.72 7.81 7.81 7.66 7.59 7.15 7.74 11.90 12.19 12.12 11.53 10.73 11.02 12.34 8.54 9.20 9.34 10.00 8.83 9.20 8.10 8.10 10.15 9.56 11.17 12.34 12.48 12.48 10.66 8.98 9.34 8.98 8.54 6.79 6.50 6.57 7.23 7.08 6.64 5.39 5.71 5.79 7.25 7.48 7.59 6.79 7.93 6.41 9.08 8.36 9.10
7.45 5.04 6.20 4.16 4.16 4.53 4.60 5.55 5.26 5.26 5.69 1.97 2.63 4.16 0.00 0.00 0.00 0.00 0.00 0.00 0.00 0.00 2.92 0.00 1.53 3.21 0.51 5.33 5.11 5.77 5.33 5.40 5.99 6.72 7.81 7.81 7.66 7.59 7.15 7.74 11.90 12.19 12.12 11.53 10.73 11.02 12.34 8.54 9.20 9.34 10.00 8.83 9.20 8.10 8.10 10.15 9.56 11.17 12.34 12.48 12.48 10.66 8.98 9.34 8.98 8.54 6.79 6.50 6.57 7.23 7.08 6.64 5.26 5.62 5.62 6.73 6.67 7.03 7.25 8.23 6.41 8.89 9.18 9.73
9.27 6.79 6.13 4.67 5.04 3.87 3.72 1.46 0.00 0.00 0.00 0.00 0.00 3.29 0.00 0.00 0.00 0.00 0.00 0.00 3.36 2.99 4.02 4.89 4.16 4.31 3.80 4.09 4.96 4.89 7.45 6.57 7.52 7.37 7.96 7.96 8.98 9.42 10.15 9.93 11.32 11.68 11.61 11.90 11.10 9.56 8.03 8.10 9.71 10.44 10.22 9.93 8.47 8.76 9.42 10.15 11.17 10.80 12.34 11.17 11.17 11.32 10.29 10.00 10.07 9.49 9.71 7.52 8.25 7.23 7.37 7.52 6.86 6.13 5.84 7.83 7.82 7.19 9.06 8.83 9.33 9.45 10.00 8.57
11.53 7.88 6.72 5.18 3.80 4.67 2.12 3.21 0.00 0.00 0.00 0.00 0.00 0.00 0.00 0.00 0.00 0.00 1.68 4.16 3.07 3.87 5.62 6.06 5.04 5.04 5.40 4.96 7.45 7.37 8.10 8.69 9.05 7.96 8.76 8.76 8.61 9.13 9.49 11.61 11.68 11.68 11.75 11.02 10.15 10.37 10.22 10.51 10.29 10.59 10.73 11.17 11.68 10.95 11.75 10.51 11.02 11.17 11.32 11.46 11.46 12.85 12.63 13.80 11.53 11.61 11.32 9.93 10.29 8.25 8.47 8.47 7.15 6.85 9.10 8.21 7.89 8.48 9.55 8.58 9.70 8.10 8.50 10.24
8.32 10.44 9.49 12.56 10.95 9.93 5.84 3.72 0.00 0.00 0.00 0.00 0.00 0.00 0.00 0.00 0.00 0.58 4.60 4.96 7.37 7.08 6.86 6.86 6.57 6.28 8.18 7.59 7.74 7.74 7.81 8.83 7.81 7.66 8.25 8.25 9.13 9.49 9.27 10.88 9.27 10.88 10.59 10.66 9.42 10.51 10.44 10.80 11.83 11.68 12.05 12.78 12.63 11.75 12.19 12.85 12.56 12.19 12.63 12.85 12.85 13.21 13.80 13.80 13.72 12.26 12.34 10.44 10.73 10.59 11.39 9.42 9.50 7.95 7.98 8.41 8.91 10.60 8.65 8.89 8.92 8.63 9.19 8.64
11.24 12.92 12.34 12.34 11.83 11.10 9.49 9.13 5.69 5.69 7.59 7.96 0.29 5.18 5.99 6.42 6.57 6.06 6.13 5.18 7.37 7.23 7.74 7.88 6.57 7.08 7.30 7.15 6.79 7.01 6.86 7.08 6.94 7.08 7.74 7.74 8.69 8.32 7.66 7.88 8.83 10.00 7.08 7.52 8.10 6.79 9.71 9.05 10.95 11.10 11.10 12.26 12.05 11.61 12.99 13.07 13.87 13.80 13.51 13.65 13.65 13.14 13.43 14.16 14.31 12.19 8.98 10.66 10.66 11.39 11.32 10.24 9.53 9.54 11.06 9.20 9.94 8.56 9.29 9.34 9.36 9.73 8.92 8.61
11.24 12.92 12.34 12.34 11.83 11.10 9.49 9.13 5.69 5.69 7.59 7.96 0.29 5.18 5.99 6.42 6.57 6.06 6.13 5.18 7.37 7.23 7.74 7.88 6.57 7.08 7.30 7.15 6.79 7.01 6.86 7.08 6.94 7.08 7.74 7.74 8.69 8.32 7.66 7.88 8.83 10.00 7.08 7.52 8.10 6.79 9.71 9.05 10.95 11.10 11.10 12.26 12.05 11.61 12.99 13.07 13.87 13.80 13.51 13.65 13.65 13.14 13.43 14.16 14.31 12.19 8.98 10.66 10.66 11.39 11.32 12.57 8.93 10.37 9.93 11.38 10.09 9.46 9.48 8.42 9.05 8.37 9.70 9.77
8.54 9.86 10.88 11.32 9.71 10.22 8.91 8.32 7.01 7.01 7.23 6.94 6.94 7.23 7.66 8.18 8.03 7.88 7.59 7.23 7.37 7.08 5.77 5.48 5.91 8.18 5.91 5.77 6.06 6.57 7.01 7.08 7.74 7.74 7.74 7.74 8.03 7.45 7.15 7.30 7.37 6.57 6.50 4.96 5.62 5.40 7.15 7.52 7.15 9.86 9.05 8.54 10.59 8.83 7.81 11.32 11.46 8.47 8.98 11.46 11.46 11.61 10.59 8.76 10.37 11.02 8.32 7.08 7.37 5.91 9.76 10.24 10.24 9.09 9.46 10.38 10.04 8.23 7.81 9.02 8.48 9.50 9.63 8.61
7.08 7.59 9.42 11.10 9.78 8.10 7.23 7.37 6.42 6.42 5.48 6.50 7.74 8.47 8.18 8.25 8.76 7.30 7.30 6.35 5.69 5.18 5.11 5.40 5.77 4.82 5.48 5.26 5.40 6.13 5.69 6.42 7.45 7.23 7.30 7.30 6.94 7.08 7.08 6.06 6.28 6.13 6.28 3.94 3.94 4.09 3.50 5.99 6.13 6.28 6.64 7.59 7.81 8.10 5.40 2.41 7.30 5.26 3.58 3.58 3.58 7.15 6.35 6.64 4.38 6.28 6.42 5.62 4.16 4.62 3.83 3.91 4.19 7.07 6.29 7.53 7.25 7.59 7.99 8.68 7.25 9.01 8.41 8.74
7.01 6.79 8.18 9.20 6.13 7.30 6.79 4.53 4.67 4.67 4.53 6.64 5.18 5.62 7.15 7.45 7.37 6.64 5.84 5.77 5.55 5.18 5.84 5.26 4.89 5.26 4.96 4.60 4.67 5.18 6.28 7.37 7.66 7.74 7.23 7.23 6.57 6.72 6.94 6.35 4.67 4.89 3.43 4.02 2.26 3.36 2.92 4.02 5.55 5.91 5.69 8.10 7.59 0.00 4.53 0.58 1.10 3.14 2.63 2.56 2.56 2.63 3.87 3.94 4.09 2.12 0.15 0.15 2.04 2.12 2.41 2.19 2.99 4.09 3.72 7.10 10.26 10.49 11.16 10.29 8.92 7.15 7.39 6.09
6.20 3.58 3.29 3.29 3.14 5.62 3.72 3.80 4.16 4.16 3.07 3.87 4.67 5.18 5.77 6.42 6.06 5.33 5.40 5.26 5.55 6.72 6.57 5.33 4.38 6.20 4.82 4.82 4.31 6.72 7.74 8.83 8.10 8.18 8.91 8.91 9.13 7.45 5.40 3.94 3.94 3.29 1.90 1.90 1.97 4.16 4.60 6.42 4.82 5.62 6.94 7.59 8.18 1.31 0.00 0.00 0.22 0.44 1.83 1.68 1.68 1.75 1.46 0.73 0.51 0.00 0.00 0.00 0.00 0.00 0.95 2.26 2.12 2.77 6.87 10.32 11.58 12.80 12.35 12.72 11.41 8.30 6.32 5.59
2.63 3.14 2.70 3.50 3.29 2.77 2.77 3.29 3.07 3.07 3.36 3.43 4.02 5.99 6.79 6.20 5.91 4.96 7.15 7.88 7.66 7.88 7.30 6.79 5.91 5.91 6.20 7.01 7.74 7.52 8.03 9.27 8.98 9.78 9.93 9.93 10.07 7.66 4.96 2.85 3.50 3.14 2.19 6.50 5.40 5.69 5.69 7.01 7.15 5.40 5.48 5.77 0.58 1.61 0.00 0.00 0.00 0.00 0.00 1.10 1.10 0.66 0.00 0.00 0.00 0.00 0.00 0.00 0.00 0.00 0.00 0.00 1.46 2.99 5.25 8.24 12.90 11.52 13.51 11.82 11.11 10.01 7.60 6.80
2.63 3.14 2.70 3.50 3.29 2.77 2.77 3.29 3.07 3.07 3.36 3.43 4.02 5.99 6.79 6.20 5.91 4.96 7.15 7.88 7.66 7.88 7.30 6.79 5.91 5.91 6.20 7.01 7.74 7.52 8.03 9.27 8.98 9.78 9.93 9.93 10.07 7.66 4.96 2.85 3.50 3.14 2.19 6.50 5.40 5.69 5.69 7.01 7.15 5.40 5.48 5.77 0.58 1.61 0.00 0.00 0.00 0.00 0.00 1.10 1.10 0.66 0.00 0.00 0.00 0.00 0.00 0.00 0.00 0.00 0.00 0.00 1.46 2.99 5.04 8.29 10.02 10.13 11.31 13.76 13.59 10.22 5.95 6.27
2.92 2.04 1.68 1.90 2.92 2.85 3.21 3.07 2.99 2.99 5.33 4.38 3.58 4.23 4.60 4.16 5.18 7.30 7.23 8.40 8.10 7.23 5.55 7.59 7.81 9.86 9.20 9.71 9.86 10.59 9.20 9.64 8.40 9.13 10.22 10.22 9.56 9.78 6.35 9.34 6.28 5.11 3.94 11.24 8.47 10.95 11.68 8.83 6.94 4.16 5.04 0.80 0.00 0.00 0.00 0.00 0.00 0.00 0.00 0.00 0.00 0.00 0.00 0.00 0.00 0.00 0.00 0.00 0.00 0.07 0.44 1.61 1.17 2.48 3.29 2.93 5.38 9.77 10.98 10.64 9.40 7.12 6.38 7.73
1.68 1.68 1.53 1.53 2.04 2.77 2.85 3.72 4.16 4.16 4.74 3.65 3.14 3.58 5.77 6.06 6.42 7.66 7.59 8.32 8.47 7.96 7.01 7.59 7.88 9.42 10.37 11.10 11.68 10.95 9.13 8.47 9.71 9.86 11.46 11.46 12.85 15.48 14.16 14.45 10.59 19.13 16.21 15.62 14.53 10.51 4.53 4.96 5.84 1.17 0.15 0.51 0.00 0.00 0.00 0.00 0.00 0.22 0.44 0.00 0.00 0.00 0.00 0.00 0.00 0.00 0.00 0.37 0.51 0.73 0.51 1.46 2.56 2.34 3.44 5.15 5.87 6.46 8.64 8.61 10.83 5.73 6.26 6.24
1.90 1.46 1.97 3.07 2.41 2.92 2.34 3.29 3.58 3.58 3.36 5.26 4.45 6.13 5.48 5.04 5.84 7.15 9.05 9.42 9.49 8.61 7.37 9.05 8.47 8.76 10.51 10.37 11.39 11.46 10.59 10.66 11.24 12.48 12.12 12.12 11.53 16.35 16.94 17.01 20.08 20.22 11.24 9.49 10.29 7.66 1.39 0.00 0.95 1.02 0.51 0.00 0.00 0.00 0.00 0.00 0.00 0.00 0.00 0.00 0.00 0.00 0.00 0.00 0.00 0.37 0.88 0.66 0.73 1.17 1.75 1.53 2.89 4.06 6.00 5.29 6.38 3.99 5.70 7.19 4.10 4.29 4.59 4.35
3.36 6.57 6.79 5.26 3.94 5.04 4.82 5.11 3.21 3.21 4.82 5.40 4.89 5.04 4.96 6.57 5.99 6.28 7.81 5.04 7.23 7.66 9.20 10.00 8.40 8.91 8.18 9.42 8.25 8.98 8.47 9.86 9.20 4.74 8.76 8.76 7.59 13.65 9.49 12.48 5.69 6.86 6.79 5.55 0.00 0.00 0.00 0.00 0.00 0.37 0.29 0.00 0.37 0.37 0.73 0.00 0.00 0.00 0.00 0.00 0.00 0.00 0.00 0.00 0.00 0.00 1.10 0.95 1.46 1.31 2.19 2.85 2.56 4.32 6.69 6.88 8.31 7.18 3.62 3.33 2.92 3.65 3.71 4.01
10.66 9.86 10.15 8.98 8.18 4.09 4.09 0.66 3.72 3.72 2.41 3.36 4.38 1.97 2.85 2.92 4.45 4.96 3.36 2.77 5.26 7.23 6.86 5.04 5.62 5.84 3.72 1.97 3.36 5.26 5.04 2.92 2.56 2.77 5.91 5.91 0.00 5.26 4.67 6.72 0.00 0.00 0.00 0.00 0.00 0.00 0.00 0.00 0.00 0.58 0.15 0.37 0.29 0.44 0.00 0.22 0.00 0.00 0.00 0.00 0.00 0.00 0.00 0.00 0.00 0.37 1.90 1.46 2.04 1.75 2.02 2.51 5.07 6.21 6.51 8.13 5.05 3.53 3.87 2.98 2.78 2.29 4.19 2.88
10.66 9.86 10.15 8.98 8.18 4.09 4.09 0.66 3.72 3.72 2.41 3.36 4.38 1.97 2.85 2.92 4.45 4.96 3.36 2.77 5.26 7.23 6.86 5.04 5.62 5.84 3.72 1.97 3.36 5.26 5.04 2.92 2.56 2.77 5.91 5.91 0.00 5.26 4.67 6.72 0.00 0.00 0.00 0.00 0.00 0.00 0.00 0.00 0.00 0.58 0.15 0.37 0.29 0.44 0.00 0.22 0.00 0.00 0.00 0.00 0.00 0.00 0.00 0.00 0.00 0.37 1.90 1.46 2.04 1.75 2.03 2.49 4.58 6.92 6.94 9.49 5.87 3.41 4.04 2.90 2.94 2.72 3.82 2.45
15.11 14.89 9.56 5.99 7.74 3.43 0.00 0.00 2.26 2.26 2.41 1.39 0.00 0.29 0.73 0.88 0.29 0.44 0.00 0.73 2.63 2.26 3.94 4.82 2.99 2.70 0.37 1.10 2.12 2.85 1.90 0.00 2.56 2.48 2.48 2.48 0.00 0.00 0.00 0.00 0.00 1.68 0.00 1.68 0.00 0.00 1.46 0.07 0.37 0.07 0.58 0.73 0.88 0.15 0.44 0.00 0.00 0.00 0.00 0.00 0.00 0.00 0.00 0.00 0.00 0.00 2.19 2.41 2.42 1.70 2.88 5.38 5.60 10.46 10.78 7.43 8.76 4.07 4.26 3.52 2.72 3.92 2.83 1.85
12.85 11.75 6.28 7.74 0.80 0.00 0.00 0.00 0.00 0.00 0.00 0.00 0.00 0.00 0.00 0.44 0.29 0.00 0.00 0.00 0.00 0.00 0.00 0.00 0.00 0.22 0.22 0.73 1.61 1.24 0.00 0.00 0.00 2.12 0.00 0.00 0.00 0.00 1.39 1.53 1.24 1.46 2.04 0.00 1.83 2.26 1.97 0.95 1.10 1.31 0.51 0.73 0.00 0.37 0.00 0.00 0.00 0.00 0.00 0.00 0.00 0.00 0.00 0.00 0.00 0.00 2.04 2.12 1.39 1.53 1.68 4.97 9.49 11.03 11.41 7.12 4.82 4.48 3.02 3.68 3.46 3.29 2.22 1.58
10.44 10.95 4.53 2.48 2.92 0.00 0.00 0.80 0.22 0.22 0.00 0.00 0.00 0.00 0.00 0.00 0.00 0.00 0.00 0.00 0.00 0.00 0.00 0.00 0.00 0.00 0.00 0.00 0.00 0.00 0.00 0.00 0.00 0.00 0.00 0.00 0.00 0.00 0.00 1.24 1.61 0.00 0.00 0.00 0.00 0.00 0.00 0.00 0.00 0.00 0.00 0.00 0.00 0.00 0.00 0.00 0.00 0.00 0.00 0.00 0.00 0.00 0.00 0.00 0.00 0.00 2.12 1.97 0.95 0.80 3.72 2.90 8.37 8.25 5.07 6.71 4.27 4.12 3.08 2.98 2.48 2.23 1.46 0.78
8.10 4.23 2.48 2.92 1.39 1.31 0.80 1.24 0.80 0.80 0.15 0.00 0.00 0.00 0.00 0.00 0.00 0.00 0.00 0.00 0.00 0.00 0.00 0.00 0.00 0.00 0.00 0.00 0.00 0.00 0.00 0.00 0.00 0.00 0.00 0.00 0.00 0.00 0.00 0.00 0.00 0.00 0.00 0.00 0.00 0.00 0.00 0.00 0.00 0.00 0.00 0.00 0.00 0.00 0.00 0.00 0.00 0.00 0.00 0.00 0.00 0.00 0.00 0.00 0.00 0.00 2.19 2.34 2.34 2.26 3.07 5.09 5.88 7.09 4.72 3.67 3.58 3.75 2.16 1.98 1.66 2.19 1.57 1.26
2.85 2.12 1.31 0.00 0.00 0.00 1.02 1.39 1.10 1.10 0.00 0.37 0.07 0.00 0.00 0.00 0.00 0.00 0.00 0.00 0.00 0.00 0.00 0.00 0.00 0.00 0.00 0.00 0.00 0.00 0.00 0.00 0.00 0.00 0.00 0.00 0.00 0.00 0.00 0.00 0.00 0.00 0.00 0.00 0.00 0.00 0.00 0.00 0.00 0.00 0.00 0.00 0.00 0.00 0.00 0.00 0.00 0.00 0.00 0.00 0.00 0.00 0.00 0.88 0.95 1.39 1.10 2.12 2.77 3.58 3.36 4.38 4.79 4.02 4.28 3.91 3.34 1.27 1.33 1.15 1.54 1.18 1.31 0.07
2.04 1.17 0.00 0.00 0.00 0.00 0.00 0.00 0.00 0.00 1.17 0.66 1.39 0.00 0.00 0.00 0.00 0.00 0.00 0.00 0.00 0.00 0.00 0.00 0.00 0.00 0.00 0.00 0.00 0.00 0.00 0.00 0.00 0.00 0.00 0.00 0.00 0.00 0.00 0.00 0.00 0.00 0.00 0.00 2.34 1.68 0.00 0.00 0.00 0.00 0.00 0.00 0.00 0.00 0.00 0.00 0.00 0.00 0.00 0.00 0.00 0.00 0.29 0.37 0.29 0.80 2.26 2.41 4.16 4.23 4.60 4.40 4.39 3.50 3.69 3.83 3.49 2.16 0.09 0.00 0.00 1.02 0.89 0.52
2.04 1.17 0.00 0.00 0.00 0.00 0.00 0.00 0.00 0.00 1.17 0.66 1.39 0.00 0.00 0.00 0.00 0.00 0.00 0.00 0.00 0.00 0.00 0.00 0.00 0.00 0.00 0.00 0.00 0.00 0.00 0.00 0.00 0.00 0.00 0.00 0.00 0.00 0.00 0.00 0.00 0.00 0.00 0.00 2.34 1.68 0.00 0.00 0.00 0.00 0.00 0.00 0.00 0.00 0.00 0.00 0.00 0.00 0.00 0.00 0.00 0.00 0.29 0.37 0.29 0.80 2.26 2.41 4.16 4.23 4.60 4.38 4.33 3.45 3.69 4.00 3.10 2.07 0.08 0.00 0.00 1.08 0.89 0.51
0.88 0.00 0.00 0.00 0.00 0.00 0.00 0.00 1.02 1.02 1.02 0.00 0.00 0.00 0.00 0.00 0.00 0.00 0.00 0.00 0.00 0.00 0.00 0.00 0.00 0.00 0.00 0.00 0.00 0.00 0.00 0.00 0.00 1.97 2.26 2.26 0.00 0.00 0.00 0.00 0.00 0.00 2.12 0.00 2.48 0.00 0.00 0.00 0.00 0.00 0.00 0.00 0.00 0.00 0.00 0.00 0.00 0.00 0.51 0.00 0.00 1.02 0.00 0.00 0.80 0.80 1.53 3.72 4.02 4.82 4.23 3.80 2.70 2.21 2.49 1.52 0.40 0.00 0.00 0.00 0.00 0.07 0.44 0.00
0.00 0.00 0.00 0.00 0.00 0.00 0.00 0.00 0.00 0.00 0.00 0.00 0.00 0.00 0.00 0.00 0.00 0.00 0.00 0.00 0.00 0.00 0.00 0.00 0.00 0.00 0.00 0.00 0.00 0.00 0.00 2.04 1.97 1.90 2.41 2.41 1.83 0.00 0.00 1.97 0.00 0.00 0.00 0.00 0.00 0.00 0.00 0.00 0.00 0.00 0.00 0.00 0.00 0.00 0.00 0.00 0.00 0.00 0.00 0.00 0.00 0.00 0.58 0.00 0.00 1.46 1.24 2.48 3.80 3.36 2.92 2.85 2.56 1.83 0.88 0.98 0.51 0.00 0.00 0.00 0.00 0.44 0.29 0.45
