Wansh/Snow_depth/snowdepth-1994/winter/1994357.txt
ncols 321
nrows 161
xllcenter 60
yllcenter 15 
cellsize  0.25 
NODATA_value -1
[rows 0 to 37 of 161, columns 0 to 83 of 321]
3.07 3.07 5.69 4.89 7.81 7.96 7.66 9.64 9.42 10.15 10.73 10.59 10.80 10.80 10.29 10.51 9.20 8.76 8.76 8.98 10.95 11.32 11.32 10.37 11.53 12.05 12.05 11.97 13.36 12.99 12.19 12.19 12.85 12.56 11.83 11.32 12.56 12.56 12.56 12.56 12.63 12.78 12.56 12.41 11.61 11.17 11.39 10.44 10.29 10.73 10.59 10.59 11.32 11.46 12.56 12.48 13.94 13.51 14.24 15.11 14.97 15.26 12.41 11.39 12.05 8.91 9.27 9.27 8.03 9.27 7.23 7.01 6.72 8.91 9.20 9.05 9.05 11.10 11.17 9.93 9.71 9.71 10.29 10.37
4.74 4.74 4.38 6.28 7.01 6.57 8.54 8.91 9.05 10.15 11.24 11.02 11.10 11.10 10.88 9.78 8.83 8.83 8.69 10.29 11.10 11.24 10.80 10.44 11.68 12.48 12.48 13.58 11.97 13.14 12.99 11.53 11.68 10.59 11.02 10.80 11.02 12.19 12.63 13.43 12.78 12.85 12.78 12.70 11.24 11.32 9.34 10.00 9.78 10.29 10.44 10.44 10.15 10.51 12.63 12.85 12.34 12.56 13.14 14.24 10.66 11.02 11.90 8.47 8.40 8.25 8.83 7.96 7.96 7.52 6.79 6.94 7.74 7.59 8.98 9.56 9.56 9.56 8.32 9.78 9.05 7.96 7.96 7.08
4.60 4.60 6.28 6.28 6.20 7.96 7.66 8.83 7.74 8.25 8.32 9.34 9.56 10.07 10.15 9.05 8.10 8.10 8.10 9.27 9.78 9.93 9.27 10.73 10.37 13.07 13.07 11.46 10.59 10.37 10.59 11.17 10.51 9.71 9.93 9.93 10.66 10.80 12.63 13.58 12.48 10.59 10.88 11.10 10.95 11.10 9.49 7.96 9.05 8.69 10.29 10.29 8.47 9.93 9.42 10.51 10.73 12.78 10.29 8.98 9.64 7.45 7.81 7.96 7.88 8.98 8.76 6.64 7.23 7.37 6.50 6.28 7.59 7.15 6.86 7.01 7.01 8.54 8.40 8.47 8.18 7.74 7.37 7.45
4.60 4.60 6.28 6.28 6.20 7.96 7.66 8.83 7.74 8.25 8.32 9.34 9.56 10.07 10.15 9.05 8.10 8.10 8.10 9.27 9.78 9.93 9.27 10.73 10.37 13.07 13.07 11.46 10.59 10.37 10.59 11.17 10.51 9.71 9.93 9.93 10.66 10.80 12.63 13.58 12.48 10.59 10.88 11.10 10.95 11.10 9.49 7.96 9.05 8.69 10.29 10.29 8.47 9.93 9.42 10.51 10.73 12.78 10.29 8.98 9.64 7.45 7.81 7.96 7.88 8.98 8.76 6.64 7.23 7.37 6.50 6.28 7.59 7.15 6.86 7.01 7.01 8.54 8.40 8.47 8.18 7.74 7.37 7.45
5.33 5.33 5.55 5.48 6.42 6.06 7.37 7.45 7.37 7.81 8.10 8.83 9.20 8.54 9.05 9.05 8.54 8.47 8.10 9.42 9.13 8.76 10.00 9.56 9.27 10.37 10.37 9.49 9.93 9.78 9.49 9.05 9.56 9.64 9.71 9.93 9.05 11.75 10.22 10.00 9.93 10.15 9.42 9.49 7.15 6.94 7.23 7.45 7.96 6.28 6.42 6.42 6.79 6.06 5.99 5.18 7.74 7.23 8.03 6.50 7.08 7.30 7.15 7.08 7.23 4.89 5.40 5.77 3.80 5.11 5.04 4.82 4.67 5.84 6.06 5.84 5.84 6.06 7.15 7.08 6.64 6.72 5.77 5.18
5.99 5.99 7.15 7.15 6.86 7.52 8.83 9.64 9.13 8.61 8.83 8.69 8.40 8.98 9.42 9.27 8.83 7.74 7.08 7.96 8.18 8.10 9.86 8.47 7.88 7.45 7.45 8.18 8.10 8.32 8.83 9.56 11.39 11.10 11.24 10.44 9.27 11.61 10.51 9.71 9.78 7.88 8.25 7.23 6.42 6.57 5.26 5.26 4.38 5.26 4.09 4.09 5.04 3.50 4.31 3.94 6.13 4.16 4.02 5.55 4.82 5.84 6.06 4.23 4.74 5.11 3.14 3.14 3.14 2.70 2.34 3.58 3.58 3.21 3.58 5.26 5.26 5.11 5.11 5.55 6.06 5.48 5.26 5.40
7.01 7.01 7.59 7.52 7.81 8.25 8.03 9.56 9.71 9.42 9.34 8.54 8.10 7.81 8.76 7.88 7.37 6.06 5.62 6.64 7.08 7.81 8.91 9.20 6.35 7.15 7.15 7.96 8.69 9.49 10.37 10.15 10.88 10.95 9.78 9.64 9.49 11.61 11.02 9.49 10.29 9.05 7.59 7.81 6.57 5.99 4.89 4.38 4.02 3.58 3.50 3.50 2.99 3.43 2.92 1.75 2.34 3.21 3.14 3.07 3.43 2.48 2.56 2.92 2.48 2.48 2.56 2.48 2.12 1.90 2.70 2.85 2.77 2.92 2.48 2.56 2.56 4.09 3.94 5.18 6.35 5.84 8.47 7.01
7.01 7.01 7.59 7.52 7.81 8.25 8.03 9.56 9.71 9.42 9.34 8.54 8.10 7.81 8.76 7.88 7.37 6.06 5.62 6.64 7.08 7.81 8.91 9.20 6.35 7.15 7.15 7.96 8.69 9.49 10.37 10.15 10.88 10.95 9.78 9.64 9.49 11.61 11.02 9.49 10.29 9.05 7.59 7.81 6.57 5.99 4.89 4.38 4.02 3.58 3.50 3.50 2.99 3.43 2.92 1.75 2.34 3.21 3.14 3.07 3.43 2.48 2.56 2.92 2.48 2.48 2.56 2.48 2.12 1.90 2.70 2.85 2.77 2.92 2.48 2.56 2.56 4.09 3.94 5.18 6.35 5.84 8.47 7.01
6.94 6.94 7.15 6.50 6.72 7.30 8.76 9.49 9.34 9.42 8.47 7.15 7.30 7.66 7.15 6.06 5.18 5.18 5.18 5.40 6.35 7.23 5.69 7.52 6.86 6.42 6.42 7.30 9.34 10.88 11.02 11.32 11.24 10.07 8.76 8.61 9.93 9.86 9.64 10.37 9.13 7.37 6.50 5.91 5.48 5.84 3.43 3.65 3.43 3.50 4.09 4.09 4.53 2.99 2.70 2.99 3.94 4.02 3.43 3.80 2.26 2.26 2.41 2.19 2.19 1.97 2.34 2.12 2.92 2.41 2.41 2.63 2.34 2.70 2.77 3.50 3.50 3.43 3.58 3.43 5.69 8.54 7.88 8.32
6.28 6.28 6.13 5.99 6.64 7.45 8.40 8.47 8.83 8.47 8.91 7.96 8.10 6.86 5.91 4.82 4.82 4.53 5.04 6.28 6.50 6.28 5.91 5.99 6.42 7.52 7.52 7.01 8.10 9.20 11.39 11.83 11.97 10.29 8.25 8.03 7.66 7.96 8.61 8.03 7.52 7.81 6.42 6.57 4.60 2.56 2.99 2.85 4.89 5.18 4.96 4.96 5.18 5.84 5.69 5.69 5.18 6.28 4.89 4.96 4.82 3.14 3.65 1.97 2.19 1.46 2.99 3.14 3.14 1.90 0.80 2.63 2.41 3.07 2.34 3.58 3.58 4.16 4.09 0.00 5.33 4.96 8.03 8.18
5.99 5.99 5.91 6.20 6.42 6.50 7.30 7.45 7.96 8.98 8.47 7.96 8.10 6.28 6.79 5.91 6.20 5.48 7.08 8.40 5.84 6.79 6.20 7.81 7.52 9.20 9.20 8.91 10.80 10.07 11.24 8.25 7.01 6.35 6.94 7.23 6.42 7.30 7.81 7.45 6.35 6.64 6.20 6.42 5.62 6.72 6.06 5.84 5.91 5.62 6.50 6.50 6.57 6.35 6.28 6.42 6.72 6.94 6.20 4.53 4.96 4.09 2.41 2.41 3.14 2.85 2.70 2.26 2.19 2.19 1.46 0.00 1.02 0.00 0.00 0.00 0.00 2.92 0.00 0.00 5.18 6.50 5.91 5.18
5.99 5.99 5.91 6.20 6.42 6.50 7.30 7.45 7.96 8.98 8.47 7.96 8.10 6.28 6.79 5.91 6.20 5.48 7.08 8.40 5.84 6.79 6.20 7.81 7.52 9.20 9.20 8.91 10.80 10.07 11.24 8.25 7.01 6.35 6.94 7.23 6.42 7.30 7.81 7.45 6.35 6.64 6.20 6.42 5.62 6.72 6.06 5.84 5.91 5.62 6.50 6.50 6.57 6.35 6.28 6.42 6.72 6.94 6.20 4.53 4.96 4.09 2.41 2.41 3.14 2.85 2.70 2.26 2.19 2.19 1.46 0.00 1.02 0.00 0.00 0.00 0.00 2.92 0.00 0.00 5.18 6.50 5.91 5.18
6.06 6.06 5.84 5.99 6.72 6.64 6.42 6.79 6.35 8.32 9.71 8.40 8.76 8.69 8.98 8.18 7.96 7.37 10.29 9.64 11.24 10.80 11.02 9.78 10.15 9.34 9.34 9.05 9.86 7.59 5.99 6.50 5.33 5.69 5.69 5.77 4.45 5.18 5.26 5.18 5.69 5.77 6.13 6.64 6.94 7.01 7.08 7.88 7.74 7.81 6.94 6.94 6.79 6.94 6.79 7.52 8.83 6.57 6.94 5.33 4.60 4.60 1.68 2.63 2.48 1.68 2.63 2.77 0.00 0.00 0.00 0.00 0.00 0.00 2.77 2.41 2.41 2.34 1.61 1.83 3.50 5.48 3.94 4.74
6.06 6.06 6.13 5.62 6.64 6.94 7.45 7.52 7.37 8.54 9.20 9.49 8.54 8.10 10.59 9.13 10.66 9.64 8.47 9.42 11.39 13.14 10.29 10.29 9.93 9.42 9.42 9.42 8.91 7.01 4.23 5.48 6.13 5.99 5.62 3.58 4.09 4.67 4.45 5.33 6.64 5.99 7.01 7.15 7.52 8.76 7.66 8.25 6.79 6.79 7.23 7.23 7.08 7.74 8.18 8.03 8.69 7.66 6.13 6.42 3.14 1.10 1.31 0.00 0.00 1.31 0.00 0.00 0.00 1.90 0.73 0.00 0.00 1.31 0.58 1.46 1.46 1.39 1.53 1.10 1.10 1.10 1.39 1.97
6.28 6.28 7.15 7.88 7.88 7.45 7.08 9.78 9.78 9.78 9.71 10.22 9.27 9.78 10.80 11.68 12.12 10.73 11.97 10.80 11.24 12.56 10.15 9.93 9.56 9.93 9.93 9.49 9.49 7.23 7.66 6.57 6.28 5.91 5.55 3.94 4.60 3.94 4.74 5.55 5.62 6.20 6.28 6.57 7.59 8.10 7.37 7.37 7.15 7.45 7.01 7.01 6.64 6.86 7.59 7.01 7.37 7.52 3.36 2.12 2.19 0.00 0.00 0.00 0.00 0.00 0.00 0.00 0.44 0.44 0.44 0.00 0.00 0.00 0.29 0.00 0.00 0.22 0.37 1.10 0.66 1.39 1.39 1.46
7.66 7.66 8.32 8.32 8.40 9.64 9.71 9.49 10.66 12.85 12.12 11.46 12.41 11.24 13.36 13.51 12.34 13.65 12.56 11.68 11.02 11.39 10.37 10.66 10.44 10.66 10.66 10.07 8.91 8.10 8.18 7.59 4.96 5.55 4.23 3.72 4.74 4.53 4.67 5.77 5.99 6.42 6.72 7.15 7.01 7.52 7.23 7.59 7.59 7.96 7.01 7.01 7.37 7.59 7.52 5.69 2.19 0.00 0.00 0.00 0.00 0.00 0.00 1.53 1.68 0.73 0.15 0.22 0.15 0.00 0.07 0.00 0.00 0.00 0.00 0.66 0.66 0.66 0.58 0.29 0.80 0.73 0.95 0.58
7.66 7.66 8.32 8.32 8.40 9.64 9.71 9.49 10.66 12.85 12.12 11.46 12.41 11.24 13.36 13.51 12.34 13.65 12.56 11.68 11.02 11.39 10.37 10.66 10.44 10.66 10.66 10.07 8.91 8.10 8.18 7.59 4.96 5.55 4.23 3.72 4.74 4.53 4.67 5.77 5.99 6.42 6.72 7.15 7.01 7.52 7.23 7.59 7.59 7.96 7.01 7.01 7.37 7.59 7.52 5.69 2.19 0.00 0.00 0.00 0.00 0.00 0.00 1.53 1.68 0.73 0.15 0.22 0.15 0.00 0.07 0.00 0.00 0.00 0.00 0.66 0.66 0.66 0.58 0.29 0.80 0.73 0.95 0.58
11.97 11.97 11.24 11.39 10.95 12.34 13.43 12.56 13.36 15.55 14.75 12.85 14.31 14.60 15.11 13.43 13.87 13.94 13.43 13.87 11.97 12.34 11.53 10.95 10.59 10.80 10.80 10.07 8.83 4.60 4.60 4.31 4.60 4.45 2.56 4.45 4.67 2.41 5.26 5.99 5.40 6.72 6.13 6.35 7.30 7.08 7.37 7.23 7.88 7.37 7.37 7.37 7.30 6.50 3.65 5.40 0.00 0.00 0.00 0.00 1.17 1.90 0.00 1.31 1.02 1.10 0.22 0.44 0.95 0.73 0.00 0.29 0.29 0.80 1.10 0.22 0.22 0.88 0.58 0.66 1.02 1.53 1.68 0.51
12.70 12.70 14.75 14.67 13.07 13.36 13.51 14.24 15.26 15.40 14.02 13.51 13.87 15.18 14.82 12.48 13.21 12.92 13.14 12.99 12.56 9.56 10.07 9.27 9.20 6.28 6.28 5.69 5.77 4.31 3.87 3.72 4.89 5.33 2.48 4.02 0.00 0.00 1.90 2.48 1.97 5.99 4.45 6.50 7.66 7.23 6.64 6.64 7.30 8.98 8.69 8.69 8.54 6.86 0.00 0.00 0.00 0.00 0.00 0.00 0.00 0.00 0.00 0.00 0.29 0.00 0.44 0.15 0.00 0.00 0.00 1.10 0.66 0.51 1.02 0.88 0.88 1.02 0.73 0.66 0.37 1.68 1.17 1.24
12.78 12.78 14.24 15.62 14.53 14.16 13.94 13.94 13.65 14.16 13.65 12.99 12.78 12.63 15.11 11.83 12.05 11.75 10.44 8.25 11.02 11.24 8.40 6.42 5.91 5.62 5.62 4.67 6.35 4.96 5.11 4.82 5.48 3.43 3.65 2.99 0.00 0.00 0.00 0.00 3.43 6.50 9.13 9.42 9.34 7.88 6.57 8.69 10.37 9.64 10.15 10.15 7.52 8.32 0.00 0.00 0.00 0.00 0.00 0.00 4.82 0.00 0.00 5.04 5.62 1.68 0.58 0.80 1.17 0.51 1.61 1.53 1.53 1.75 1.61 1.39 1.39 0.73 0.73 1.17 1.53 0.51 1.83 1.10
11.75 11.75 10.80 14.16 14.89 14.82 13.29 13.21 13.36 12.63 12.48 10.95 12.05 13.80 11.46 11.17 11.68 7.23 7.59 7.15 6.35 6.64 6.86 7.01 6.50 5.62 5.62 6.28 7.30 5.91 6.42 6.20 6.50 3.72 1.53 2.77 0.00 0.00 0.00 0.00 2.63 7.23 9.56 9.42 9.49 8.61 9.56 9.86 9.93 10.29 10.44 10.44 0.00 0.00 0.00 0.00 0.00 0.00 0.00 0.00 0.00 0.00 6.57 5.69 0.00 0.00 1.24 2.19 2.70 2.92 1.83 1.97 1.90 2.26 1.97 1.61 1.61 1.02 0.88 0.80 0.80 1.02 0.88 0.95
9.86 9.86 10.15 10.37 10.22 11.17 11.90 11.53 11.68 10.22 10.88 11.24 8.40 9.05 9.64 9.56 9.34 8.18 8.40 7.30 6.50 6.20 5.77 3.80 6.20 7.08 7.08 6.79 8.32 7.81 9.42 8.32 8.47 5.55 5.69 3.50 2.99 0.80 2.99 4.09 7.23 6.35 8.98 11.46 10.88 10.59 10.51 10.73 7.66 0.00 0.00 0.00 0.00 0.00 0.00 0.00 0.00 0.00 4.09 4.02 5.18 4.60 4.89 4.96 3.58 2.56 2.85 2.99 3.29 2.34 2.63 2.12 1.83 1.68 1.83 0.80 0.80 0.66 0.66 0.58 0.15 0.15 0.00 0.00
9.86 9.86 10.15 10.37 10.22 11.17 11.90 11.53 11.68 10.22 10.88 11.24 8.40 9.05 9.64 9.56 9.34 8.18 8.40 7.30 6.50 6.20 5.77 3.80 6.20 7.08 7.08 6.79 8.32 7.81 9.42 8.32 8.47 5.55 5.69 3.50 2.99 0.80 2.99 4.09 7.23 6.35 8.98 11.46 10.88 10.59 10.51 10.73 7.66 0.00 0.00 0.00 0.00 0.00 0.00 0.00 0.00 0.00 4.09 4.02 5.18 4.60 4.89 4.96 3.58 2.56 2.85 2.99 3.29 2.34 2.63 2.12 1.83 1.68 1.83 0.80 0.80 0.66 0.66 0.58 0.15 0.15 0.00 0.00
9.05 9.05 9.13 9.05 9.34 9.71 10.88 9.05 8.83 7.74 9.34 6.86 7.81 9.56 8.69 10.22 9.34 7.66 8.03 8.61 7.81 4.67 0.00 0.00 4.96 7.59 7.59 9.27 9.86 9.93 10.29 9.42 11.61 5.99 5.62 6.35 3.94 5.40 5.40 5.84 8.76 11.53 11.46 11.83 10.66 8.10 7.59 0.00 7.45 0.00 0.00 0.00 4.89 5.18 5.18 5.84 3.58 3.72 3.58 4.67 4.16 3.87 4.53 5.11 3.80 4.23 5.48 5.26 3.87 2.92 2.04 2.34 1.61 1.17 1.17 1.02 1.02 0.29 0.00 0.00 0.00 0.58 0.44 0.44
9.64 9.64 10.00 9.20 9.71 9.34 9.34 9.49 7.01 7.52 6.13 8.76 7.15 9.42 9.78 7.74 7.45 6.79 6.64 5.62 0.00 0.00 0.00 0.00 0.00 7.30 7.30 8.98 9.34 7.81 10.37 9.64 12.12 6.94 7.37 7.23 6.28 6.57 6.06 7.88 11.24 11.83 11.53 9.27 8.54 8.69 7.74 6.64 6.57 6.64 5.40 5.40 3.65 3.58 4.16 2.92 4.23 7.08 6.28 6.28 7.74 5.55 5.55 5.91 7.74 6.42 6.28 5.69 5.11 4.31 2.26 2.70 2.70 3.50 4.82 1.61 1.61 2.04 0.07 0.58 0.51 1.31 2.70 3.36
11.53 11.53 11.17 9.42 9.86 9.71 9.34 6.79 6.72 6.28 6.72 5.91 6.50 8.10 5.40 5.48 5.48 5.69 5.55 6.13 6.13 0.00 0.00 5.18 5.55 5.11 5.11 6.79 4.96 7.59 9.34 8.98 8.91 7.59 6.42 5.33 6.42 7.01 9.05 11.02 10.37 11.32 9.13 9.34 8.18 7.59 7.88 7.15 4.23 2.92 3.58 3.58 3.43 4.53 4.74 5.40 3.36 7.01 8.83 8.91 9.05 8.18 7.59 7.23 8.03 5.77 5.18 5.62 5.11 4.38 4.67 3.72 4.89 4.67 5.69 5.33 5.33 4.38 2.19 1.61 2.41 2.19 3.14 3.87
11.90 11.90 10.73 9.56 8.40 8.10 6.64 7.88 6.13 7.01 5.84 6.35 4.23 4.53 3.94 4.09 0.00 4.02 3.94 0.00 0.00 5.11 4.45 4.16 3.65 3.58 3.58 5.11 4.45 6.79 8.25 4.23 7.23 9.05 4.96 5.04 5.04 6.72 8.69 9.64 8.54 8.25 7.81 8.54 6.72 7.15 5.99 6.50 0.00 0.00 0.00 0.00 4.31 4.31 4.31 5.18 5.18 6.94 8.69 7.15 8.10 8.47 5.48 7.01 7.23 4.38 2.48 4.38 4.16 3.80 3.36 3.14 4.38 4.60 4.45 4.53 4.53 4.23 4.16 0.00 0.00 2.04 2.77 3.65
10.59 10.59 9.71 9.20 7.37 8.32 7.88 10.73 8.61 8.47 7.37 5.33 3.58 4.16 0.00 0.00 0.00 5.11 6.13 0.00 5.11 4.96 4.53 3.87 2.56 2.99 2.99 4.74 3.50 2.70 2.70 2.92 4.53 6.06 5.40 5.26 5.99 6.06 7.37 5.55 6.06 6.28 5.55 6.13 6.13 6.06 6.28 5.55 5.55 5.40 4.02 4.02 3.21 0.00 0.00 4.45 4.60 7.15 7.01 6.06 6.20 4.16 4.60 2.85 2.70 3.14 2.19 3.07 0.00 0.00 3.21 0.00 0.00 0.00 0.00 0.00 0.00 0.00 3.80 3.21 1.90 2.04 1.83 3.50
10.59 10.59 9.71 9.20 7.37 8.32 7.88 10.73 8.61 8.47 7.37 5.33 3.58 4.16 0.00 0.00 0.00 5.11 6.13 0.00 5.11 4.96 4.53 3.87 2.56 2.99 2.99 4.74 3.50 2.70 2.70 2.92 4.53 6.06 5.40 5.26 5.99 6.06 7.37 5.55 6.06 6.28 5.55 6.13 6.13 6.06 6.28 5.55 5.55 5.40 4.02 4.02 3.21 0.00 0.00 4.45 4.60 7.15 7.01 6.06 6.20 4.16 4.60 2.85 2.70 3.14 2.19 3.07 0.00 0.00 3.21 0.00 0.00 0.00 0.00 0.00 0.00 0.00 3.80 3.21 1.90 2.04 1.83 3.50
7.81 7.81 7.96 8.69 8.69 8.76 11.90 10.88 7.74 8.40 7.23 5.77 4.96 5.40 4.45 5.33 5.33 5.26 5.11 6.13 5.84 4.74 2.70 3.65 1.97 2.12 2.12 2.99 3.21 1.75 0.00 1.46 4.53 5.40 6.28 6.06 5.11 3.94 4.02 4.02 4.38 3.94 4.96 6.13 7.08 7.45 7.45 7.15 5.33 3.87 4.45 4.45 3.58 3.43 0.00 0.00 4.45 5.55 5.69 5.69 5.04 3.14 2.56 2.85 2.63 2.48 0.00 0.00 0.00 0.00 0.00 0.00 0.00 0.00 0.00 0.00 0.00 0.00 0.00 0.00 0.00 1.53 1.39 2.56
6.50 6.50 5.91 6.72 7.66 8.76 9.20 12.12 6.42 6.86 6.20 4.89 4.74 5.33 5.04 4.31 4.09 4.60 4.02 4.45 5.11 4.23 2.99 1.97 2.41 3.21 3.21 3.14 3.65 3.58 5.69 2.63 6.06 6.35 5.77 3.65 3.58 2.70 0.00 1.97 2.70 0.00 4.16 4.67 7.52 7.59 7.81 6.28 5.18 4.23 4.53 4.53 4.60 3.50 3.87 4.02 5.26 4.96 5.33 5.26 5.48 0.00 3.43 2.77 2.92 0.00 2.41 3.07 2.99 0.00 2.12 0.00 0.00 0.00 0.00 0.00 0.00 0.00 0.00 0.00 0.00 1.31 1.46 2.04
6.20 6.20 4.89 6.57 7.01 7.59 5.69 4.74 4.60 4.16 4.96 4.31 4.60 4.31 0.00 0.00 0.00 0.00 0.00 3.36 4.82 5.33 3.29 4.82 4.23 4.89 4.89 4.74 5.48 5.84 5.99 5.91 5.18 4.38 3.29 1.75 0.00 0.22 0.00 0.58 1.31 0.88 0.00 0.00 5.91 5.99 6.35 6.06 5.48 4.31 4.16 4.16 3.14 4.09 4.02 3.72 3.58 3.58 3.36 4.53 0.00 0.00 0.00 2.41 0.00 0.00 0.00 2.41 2.34 2.41 1.24 0.00 0.00 1.39 0.00 0.00 0.00 0.00 0.00 0.00 0.51 0.66 0.29 0.88
1.61 1.61 3.65 5.33 5.26 6.79 4.67 3.94 2.56 0.00 2.63 0.00 0.00 0.00 0.00 0.00 0.00 0.00 0.00 0.00 3.94 0.00 3.72 4.53 5.91 4.82 4.82 5.11 6.06 5.69 5.33 2.19 0.00 0.00 0.00 0.00 0.00 0.00 0.00 0.00 0.58 1.02 3.07 2.48 4.45 3.94 4.31 3.87 4.31 4.45 3.72 3.72 0.00 2.85 3.36 3.36 2.19 2.56 0.00 0.00 0.00 0.00 0.00 0.00 0.00 0.00 0.00 0.00 0.00 0.00 0.00 0.00 0.00 0.00 0.00 0.00 0.00 0.00 1.83 1.46 0.95 0.37 0.00 0.00
0.00 0.00 0.00 2.12 0.00 4.60 0.95 0.66 0.00 0.00 0.00 0.00 0.00 0.00 0.00 0.00 0.00 0.00 0.00 0.00 0.00 0.00 0.00 4.23 4.67 2.92 2.92 4.89 4.60 3.36 3.65 0.00 0.00 0.00 0.00 0.00 0.00 0.00 0.00 1.31 1.31 1.24 1.75 1.75 1.24 1.46 3.07 3.87 4.23 3.65 3.87 3.87 3.43 2.70 2.70 1.61 1.83 1.17 0.00 0.00 0.00 0.00 0.00 0.00 0.00 0.00 0.00 0.00 0.00 0.00 0.00 0.00 0.00 0.00 0.00 0.00 0.00 0.00 0.00 0.15 0.00 0.00 0.00 0.00
0.00 0.00 0.00 0.00 0.00 0.00 0.00 0.00 0.00 0.00 0.00 0.00 0.00 0.00 0.00 0.00 0.00 0.00 0.00 0.00 0.00 0.00 0.00 0.00 0.00 0.00 0.00 2.92 0.00 2.63 2.34 0.00 0.00 0.00 0.00 0.00 0.00 0.00 0.00 0.73 0.51 0.58 0.00 0.29 0.00 0.88 2.56 2.63 1.46 3.87 3.80 3.80 2.48 2.92 0.73 0.58 0.00 0.00 0.00 0.00 0.00 0.00 0.00 0.00 0.00 0.00 0.00 0.00 0.00 0.00 0.00 0.00 0.00 0.00 0.00 0.00 0.00 0.00 0.00 0.00 0.00 0.00 0.00 0.00
0.00 0.00 0.00 0.00 0.00 0.00 0.00 0.00 0.00 0.00 0.00 0.00 0.00 0.00 0.00 0.00 0.00 0.00 0.00 0.00 0.00 0.00 0.00 0.00 0.00 0.00 0.00 2.92 0.00 2.63 2.34 0.00 0.00 0.00 0.00 0.00 0.00 0.00 0.00 0.73 0.51 0.58 0.00 0.29 0.00 0.88 2.56 2.63 1.46 3.87 3.80 3.80 2.48 2.92 0.73 0.58 0.00 0.00 0.00 0.00 0.00 0.00 0.00 0.00 0.00 0.00 0.00 0.00 0.00 0.00 0.00 0.00 0.00 0.00 0.00 0.00 0.00 0.00 0.00 0.00 0.00 0.00 0.00 0.00
0.00 0.00 0.00 0.00 0.00 0.00 0.00 0.00 0.00 0.00 0.00 0.00 0.00 0.00 0.00 0.00 0.00 0.00 0.00 0.00 0.00 0.00 0.00 0.00 0.00 0.00 0.00 0.00 0.00 0.00 1.46 0.00 0.00 0.00 0.00 0.00 0.00 0.00 0.00 0.00 0.00 0.00 0.00 0.00 0.00 0.00 0.00 0.58 0.07 2.04 2.48 2.48 3.14 0.29 0.29 0.00 0.00 0.00 0.00 0.00 0.00 0.00 0.00 0.00 0.00 0.00 0.00 0.00 0.00 0.00 0.00 0.00 0.00 0.00 0.00 0.00 0.00 0.00 0.00 0.00 0.00 0.00 0.00 0.00
0.00 0.00 0.00 0.00 0.00 0.00 0.00 0.00 0.00 0.00 0.00 0.00 0.00 0.00 0.00 0.00 0.00 0.00 0.00 0.00 0.00 0.00 0.00 0.00 0.00 0.00 0.00 0.00 0.00 0.00 0.00 0.00 0.00 0.00 0.00 0.00 0.00 0.00 0.00 0.00 0.00 0.00 0.00 0.00 0.00 0.00 0.00 0.00 0.00 1.24 1.61 1.61 0.00 0.00 0.00 0.00 0.00 0.00 0.00 0.00 0.00 0.00 0.00 0.00 0.00 0.00 0.00 0.00 0.00 0.00 0.00 0.00 0.00 0.00 0.00 0.00 0.00 0.00 0.00 0.00 0.00 0.00 0.00 1.83
