Wansh/Snow_depth/snowdepth-1994/winter/1994359.txt
ncols 321
nrows 161
xllcenter 60
yllcenter 15 
cellsize  0.25 
NODATA_value -1
[rows 0 to 37 of 161, columns 84 to 167 of 321]
8.83 8.69 8.69 8.25 7.15 7.66 4.16 5.04 0.00 4.53 5.33 7.15 5.69 5.77 5.99 6.79 7.59 7.88 7.88 7.81 7.23 7.08 6.50 4.60 2.85 1.46 1.90 0.00 0.00 0.00 0.95 4.74 3.94 6.57 7.08 7.81 7.52 7.59 6.50 4.96 5.26 5.04 2.85 2.85 3.50 1.61 2.77 1.61 1.68 2.63 4.31 4.09 4.31 3.50 4.31 4.02 4.96 3.21 2.99 1.83 2.77 2.56 2.56 2.41 2.56 2.56 2.92 3.72 3.72 5.33 5.33 5.33 6.20 6.13 5.62 5.11 7.01 8.47 7.96 8.10 8.10 5.48 5.48 5.26
8.61 8.40 7.59 8.61 6.35 3.36 0.00 0.00 4.74 4.74 6.79 6.57 5.40 5.55 5.69 4.60 4.38 4.74 4.74 7.01 6.94 6.72 6.72 5.18 2.48 3.87 1.61 0.66 0.95 0.44 0.73 0.66 3.14 4.96 6.64 5.91 6.79 7.01 6.72 4.82 4.45 5.55 5.04 5.04 6.50 5.11 5.77 3.80 2.56 1.68 1.61 2.63 3.07 2.99 3.14 3.07 3.21 3.36 1.97 4.82 4.82 3.29 2.85 6.20 4.74 5.04 3.50 4.31 4.31 7.52 3.58 5.91 6.28 5.77 6.79 6.35 7.45 8.32 9.56 9.34 9.20 8.76 10.37 7.59
8.25 6.94 7.45 4.31 4.74 4.09 6.20 5.69 7.15 7.45 7.45 5.62 6.28 5.33 5.26 4.09 3.72 3.87 3.87 3.87 3.87 4.02 5.26 6.28 5.26 2.85 3.29 1.17 1.02 0.88 0.95 2.12 1.68 4.53 5.91 5.48 7.45 7.74 7.66 6.20 6.13 3.80 4.67 4.67 9.56 9.42 10.29 4.89 5.77 2.99 2.99 1.39 2.04 1.90 2.41 3.36 3.36 5.77 6.06 6.06 6.79 8.10 7.66 7.30 7.45 8.25 7.74 7.88 7.88 7.01 7.30 6.72 6.50 6.35 6.79 8.61 10.07 9.64 10.22 9.93 10.07 11.32 11.46 11.97
8.25 6.94 7.45 4.31 4.74 4.09 6.20 5.69 7.15 7.45 7.45 5.62 6.28 5.33 5.26 4.09 3.72 3.87 3.87 3.87 3.87 4.02 5.26 6.28 5.26 2.85 3.29 1.17 1.02 0.88 0.95 2.12 1.68 4.53 5.91 5.48 7.45 7.74 7.66 6.20 6.13 3.80 4.67 4.67 9.56 9.42 10.29 4.89 5.77 2.99 2.99 1.39 2.04 1.90 2.41 3.36 3.36 5.77 6.06 6.06 6.79 8.10 7.66 7.30 7.45 8.25 7.74 7.88 7.88 7.01 7.30 6.72 6.50 6.35 6.79 8.61 10.07 9.64 10.22 9.93 10.07 11.32 11.46 11.97
7.96 6.20 3.87 3.94 6.06 5.69 5.91 6.06 6.06 5.84 5.69 7.01 5.77 5.91 5.91 6.72 6.64 3.43 3.43 5.11 3.43 4.23 3.72 6.20 5.91 6.50 3.36 1.46 1.75 1.24 1.39 1.53 2.85 3.87 3.36 6.64 8.54 7.74 9.64 8.10 8.91 5.40 7.45 7.45 10.07 9.56 12.34 9.42 10.88 6.06 3.36 1.68 1.97 1.75 1.68 2.41 2.85 4.89 4.31 5.48 7.37 8.69 9.71 10.73 10.22 9.27 11.97 11.24 11.24 8.40 7.66 6.72 6.79 6.79 6.94 7.52 9.05 7.88 9.05 8.69 9.42 8.83 11.46 10.88
6.86 7.15 6.64 6.28 6.13 5.04 5.33 4.96 4.89 4.67 4.89 4.53 4.45 5.77 6.13 7.66 8.40 8.54 8.54 6.94 5.55 5.99 3.58 3.80 5.69 4.02 4.45 2.63 1.46 1.39 1.97 2.34 1.90 3.29 5.62 5.04 7.52 8.47 8.83 8.83 8.69 7.66 7.96 7.96 7.88 8.03 10.00 8.76 10.00 5.11 3.58 1.90 1.75 2.12 2.41 2.70 3.65 4.38 6.06 7.01 7.96 7.59 10.00 12.85 13.14 11.61 11.97 9.86 9.86 9.34 9.20 7.45 6.86 10.15 7.37 6.57 7.01 5.99 6.86 6.13 6.06 8.83 10.37 9.27
8.03 7.30 7.15 7.30 6.94 6.28 5.77 5.11 5.55 6.06 5.26 4.23 5.26 5.18 6.57 8.83 8.47 8.47 8.47 8.83 7.08 4.45 4.89 3.14 3.21 3.29 1.97 1.53 1.46 1.75 2.48 2.34 2.92 3.43 3.07 5.77 8.10 7.81 8.47 6.72 5.55 5.99 5.77 5.77 6.13 5.11 8.10 5.91 5.69 4.09 2.92 2.77 1.24 3.29 2.77 3.36 3.58 4.96 6.72 7.23 7.81 10.00 11.68 11.10 12.48 10.51 11.02 9.42 9.42 10.51 10.80 12.12 11.68 12.48 10.88 9.49 10.29 10.88 7.96 5.91 6.72 7.52 8.91 8.98
8.03 7.30 7.15 7.30 6.94 6.28 5.77 5.11 5.55 6.06 5.26 4.23 5.26 5.18 6.57 8.83 8.47 8.47 8.47 8.83 7.08 4.45 4.89 3.14 3.21 3.29 1.97 1.53 1.46 1.75 2.48 2.34 2.92 3.43 3.07 5.77 8.10 7.81 8.47 6.72 5.55 5.99 5.77 5.77 6.13 5.11 8.10 5.91 5.69 4.09 2.92 2.77 1.24 3.29 2.77 3.36 3.58 4.96 6.72 7.23 7.81 10.00 11.68 11.10 12.48 10.51 11.02 9.42 9.42 10.51 10.80 12.12 11.68 12.48 10.88 9.49 10.29 10.88 7.96 5.91 6.72 7.52 8.91 8.98
8.25 7.30 7.23 7.30 7.08 7.15 7.23 6.42 6.35 6.28 5.18 2.34 3.07 5.77 5.40 7.59 8.54 8.61 8.61 8.25 8.54 8.25 7.08 3.58 2.85 1.53 1.90 2.19 2.04 2.26 1.68 2.92 2.99 3.72 5.26 8.18 7.15 8.83 6.79 5.62 5.99 4.67 2.12 2.12 2.85 2.77 3.72 2.56 3.80 3.65 4.53 3.43 3.29 5.99 4.23 4.67 4.96 4.60 5.69 5.77 6.50 7.74 6.50 7.15 7.01 8.98 9.93 10.22 10.22 8.83 10.07 11.61 11.53 12.85 12.48 12.41 10.80 12.48 10.44 11.10 8.18 7.96 6.86 7.59
6.86 7.01 7.01 7.37 7.59 7.59 8.32 8.40 7.52 5.62 6.13 2.41 2.04 1.90 4.53 5.99 7.66 7.52 7.52 7.66 7.81 7.96 8.03 5.40 1.24 1.61 1.02 1.97 1.68 2.26 1.75 2.70 2.56 4.02 6.72 6.28 6.42 5.04 4.38 4.67 3.07 2.12 2.92 2.92 2.77 2.12 2.12 3.58 4.67 4.67 4.67 5.33 6.79 6.57 7.66 6.64 6.35 6.20 5.69 5.99 5.48 5.99 6.42 6.28 7.81 7.88 7.96 9.42 9.42 8.98 10.29 12.92 12.19 12.48 12.56 12.34 13.29 13.72 13.94 14.53 10.22 11.24 7.81 6.64
5.55 7.08 7.01 7.23 7.23 7.30 8.32 7.45 7.52 5.84 3.58 3.87 3.07 4.67 4.16 6.28 7.96 8.10 8.10 9.56 10.15 9.05 6.28 2.85 3.14 1.68 1.68 1.97 1.61 2.12 2.48 2.26 2.99 3.50 3.07 4.60 4.89 5.04 4.45 5.11 5.55 4.02 3.94 3.94 3.43 4.23 2.92 5.40 7.01 6.50 6.42 8.61 7.23 7.74 8.03 7.66 6.72 6.86 9.42 9.13 7.45 8.18 6.50 6.50 8.03 9.71 8.69 12.92 12.92 13.72 13.51 13.80 14.02 16.64 14.67 15.84 15.33 15.33 18.61 14.45 15.18 10.51 9.93 8.03
5.55 7.08 7.01 7.23 7.23 7.30 8.32 7.45 7.52 5.84 3.58 3.87 3.07 4.67 4.16 6.28 7.96 8.10 8.10 9.56 10.15 9.05 6.28 2.85 3.14 1.68 1.68 1.97 1.61 2.12 2.48 2.26 2.99 3.50 3.07 4.60 4.89 5.04 4.45 5.11 5.55 4.02 3.94 3.94 3.43 4.23 2.92 5.40 7.01 6.50 6.42 8.61 7.23 7.74 8.03 7.66 6.72 6.86 9.42 9.13 7.45 8.18 6.50 6.50 8.03 9.71 8.69 12.92 12.92 13.72 13.51 13.80 14.02 16.64 14.67 15.84 15.33 15.33 18.61 14.45 15.18 10.51 9.93 8.03
5.55 4.67 4.96 6.20 6.50 5.04 4.82 5.91 5.33 5.40 4.09 5.55 5.11 8.76 10.15 7.23 9.20 10.00 10.00 9.93 9.64 6.57 7.52 3.43 2.63 2.48 1.97 1.31 2.12 2.12 2.77 3.14 3.07 3.65 7.52 9.05 8.61 10.29 7.52 7.96 7.01 8.91 6.20 6.20 5.33 6.28 5.11 5.04 5.84 8.10 8.61 10.22 9.42 7.08 8.61 8.76 10.29 9.78 10.59 11.17 9.20 8.32 7.59 7.81 7.66 9.71 9.71 11.32 11.32 13.87 15.04 15.99 15.33 16.94 16.86 20.51 21.10 19.86 19.78 17.81 16.28 16.28 14.53 13.36
4.16 0.00 0.00 0.00 0.00 0.00 0.00 0.00 0.00 5.40 4.74 6.20 9.27 10.95 10.66 10.73 10.15 9.93 9.93 9.13 6.94 7.45 5.11 4.31 3.72 2.34 2.48 1.39 3.65 5.77 8.03 7.37 9.27 8.47 8.40 9.13 12.12 15.40 14.09 13.58 9.78 8.18 9.86 9.86 7.81 8.10 10.37 9.20 9.13 10.44 10.22 9.93 7.52 9.05 8.18 7.96 8.25 8.61 8.54 8.47 8.69 8.61 8.10 10.59 10.66 10.66 10.07 9.93 9.93 13.14 15.33 17.01 17.52 19.27 19.49 19.42 20.08 14.67 14.02 14.02 18.47 18.32 12.48 12.56
0.00 0.00 0.00 0.00 0.00 0.00 0.00 3.21 5.69 4.96 6.86 7.08 8.91 10.22 11.53 11.32 10.95 10.00 10.00 10.22 7.88 5.91 6.28 5.11 4.31 4.53 3.72 4.31 6.35 5.84 8.98 11.53 11.32 11.75 11.10 12.48 14.53 13.80 15.26 15.18 14.02 13.43 12.34 12.34 12.19 11.10 10.44 10.66 10.73 9.78 10.44 10.29 7.66 9.34 8.25 9.56 11.02 11.10 9.78 8.25 5.91 6.35 5.91 8.83 7.37 11.02 10.95 11.32 11.32 12.56 12.99 14.45 16.50 16.57 13.72 14.16 14.24 13.87 7.01 11.24 8.69 12.70 11.75 13.51
0.00 1.24 0.00 0.00 0.00 3.43 2.70 2.99 4.09 5.62 5.26 6.28 6.42 5.77 8.40 10.29 11.53 10.88 10.88 9.42 8.83 6.94 4.96 5.04 4.96 4.31 6.06 7.08 6.72 8.25 9.56 9.64 10.73 11.17 11.24 11.90 11.68 14.38 15.70 15.04 13.94 13.07 11.17 11.17 10.66 10.51 9.86 9.86 8.83 9.78 9.27 9.93 10.51 9.64 11.32 10.80 12.48 12.56 10.51 6.35 4.89 5.33 6.28 6.94 6.79 7.66 11.10 13.07 13.07 14.53 15.55 15.70 15.33 15.11 13.51 14.53 14.53 0.00 2.48 0.00 8.40 9.20 12.19 15.26
0.00 1.24 0.00 0.00 0.00 3.43 2.70 2.99 4.09 5.62 5.26 6.28 6.42 5.77 8.40 10.29 11.53 10.88 10.88 9.42 8.83 6.94 4.96 5.04 4.96 4.31 6.06 7.08 6.72 8.25 9.56 9.64 10.73 11.17 11.24 11.90 11.68 14.38 15.70 15.04 13.94 13.07 11.17 11.17 10.66 10.51 9.86 9.86 8.83 9.78 9.27 9.93 10.51 9.64 11.32 10.80 12.48 12.56 10.51 6.35 4.89 5.33 6.28 6.94 6.79 7.66 11.10 13.07 13.07 14.53 15.55 15.70 15.33 15.11 13.51 14.53 14.53 0.00 2.48 0.00 8.40 9.20 12.19 15.26
0.88 0.00 0.00 5.33 4.96 4.82 3.58 2.26 3.14 2.70 3.14 4.09 4.74 7.23 6.64 8.54 10.22 9.05 9.05 9.27 7.88 5.84 6.28 4.45 5.91 6.35 6.50 7.30 7.74 7.88 8.47 11.53 13.36 12.85 11.02 10.95 12.48 11.32 11.83 14.16 14.24 10.80 9.20 9.20 8.10 8.69 5.99 4.45 5.33 7.74 7.66 5.48 9.78 9.20 10.59 7.37 7.81 7.08 7.37 6.79 9.34 11.83 9.64 8.25 7.88 8.83 8.25 12.92 12.92 15.77 19.20 17.01 13.94 15.04 13.72 15.04 11.17 0.00 3.72 0.80 0.00 6.50 9.34 11.39
1.53 2.48 4.45 0.00 5.84 7.96 6.86 4.89 2.92 3.07 2.85 3.87 4.82 4.45 5.26 5.33 7.37 7.59 7.59 7.01 7.23 6.13 4.53 4.89 5.04 7.88 10.29 10.37 10.37 10.00 10.95 10.29 13.14 14.24 13.87 11.83 11.17 9.56 9.34 9.34 10.59 8.76 7.66 7.66 6.06 5.62 2.19 3.07 2.56 1.90 3.21 4.82 6.13 4.96 6.06 6.50 6.94 7.88 10.07 12.34 11.83 13.65 13.43 17.37 13.21 10.15 8.61 16.43 16.43 18.83 20.37 17.74 15.84 12.99 13.29 12.99 11.39 5.62 1.02 4.31 2.34 8.10 9.27 8.91
1.83 1.75 2.99 4.82 0.00 6.64 6.50 4.60 4.02 2.85 2.92 2.99 3.21 4.02 4.16 3.58 4.38 4.89 4.89 4.82 5.84 6.42 6.42 6.57 8.25 10.37 10.15 10.29 9.64 10.07 8.98 7.81 11.97 14.38 14.53 12.48 7.52 6.50 6.06 5.11 7.45 8.03 7.88 7.88 7.01 2.48 4.60 3.87 3.58 4.67 4.38 15.70 10.29 8.54 10.66 7.23 9.71 9.86 10.29 12.78 14.53 17.45 16.94 18.61 15.84 17.81 19.64 20.08 20.08 20.22 20.15 13.14 9.34 8.69 10.37 7.30 6.06 6.42 5.77 5.18 6.50 7.45 7.96 7.96
1.24 1.97 1.46 2.26 4.31 4.02 4.96 4.38 4.74 5.11 4.09 3.87 3.07 4.53 4.02 4.09 3.87 4.53 4.53 5.33 5.18 6.35 7.01 6.94 7.81 9.71 12.41 12.19 12.26 8.83 6.64 8.83 8.10 11.10 10.00 5.91 3.87 0.00 4.89 4.02 7.81 7.45 7.88 7.88 8.03 6.94 8.83 10.07 15.77 18.47 17.96 18.25 16.94 18.76 15.91 13.80 12.56 14.09 11.68 12.19 11.83 12.78 10.80 14.38 17.81 18.32 19.78 16.13 16.13 14.24 10.44 7.59 7.88 8.18 7.30 6.50 6.20 5.62 5.18 5.04 5.48 6.64 6.94 8.32
0.66 0.00 1.02 3.07 2.56 4.23 4.74 4.45 5.26 4.60 4.96 4.23 5.11 7.45 6.94 7.30 7.66 7.52 7.52 6.57 5.91 7.30 7.01 7.88 10.88 14.16 13.51 13.87 11.97 10.73 7.52 8.10 5.40 7.30 4.82 2.92 3.50 0.07 0.00 2.34 6.94 7.96 7.37 7.37 7.15 6.79 9.13 6.50 7.37 11.90 3.87 12.78 19.35 16.35 18.18 17.67 14.89 13.80 10.15 11.24 9.20 7.88 9.05 11.53 15.77 12.26 14.24 14.60 14.60 13.14 10.44 11.10 7.66 6.86 7.15 6.79 7.30 6.79 5.77 5.69 6.28 6.72 5.91 6.13
0.66 0.00 1.02 3.07 2.56 4.23 4.74 4.45 5.26 4.60 4.96 4.23 5.11 7.45 6.94 7.30 7.66 7.52 7.52 6.57 5.91 7.30 7.01 7.88 10.88 14.16 13.51 13.87 11.97 10.73 7.52 8.10 5.40 7.30 4.82 2.92 3.50 0.07 0.00 2.34 6.94 7.96 7.37 7.37 7.15 6.79 9.13 6.50 7.37 11.90 3.87 12.78 19.35 16.35 18.18 17.67 14.89 13.80 10.15 11.24 9.20 7.88 9.05 11.53 15.77 12.26 14.24 14.60 14.60 13.14 10.44 11.10 7.66 6.86 7.15 6.79 7.30 6.79 5.77 5.69 6.28 6.72 5.91 6.13
1.46 1.61 0.00 0.00 4.74 4.67 5.48 6.86 5.62 5.04 4.45 4.89 4.82 6.50 7.52 7.15 8.47 7.66 7.66 6.35 6.50 7.59 8.03 8.25 8.69 13.72 12.12 13.87 13.36 13.36 8.54 6.06 4.67 3.14 3.43 3.36 1.31 0.00 0.29 1.61 5.04 3.87 2.63 2.63 3.94 0.29 1.53 1.39 3.14 4.60 3.36 6.94 10.07 11.61 15.40 9.42 10.37 8.76 7.37 6.79 8.25 7.74 8.69 9.78 11.83 13.51 12.92 13.72 13.72 13.87 13.72 14.09 11.61 11.97 9.64 8.03 8.54 7.88 7.01 6.42 6.94 6.79 5.91 6.06
2.92 4.45 6.57 3.50 5.55 5.99 5.77 6.64 4.23 0.80 1.39 1.17 3.94 0.00 7.74 8.10 8.69 8.25 8.25 6.72 6.94 9.34 8.98 8.94 9.32 12.10 10.77 11.75 13.65 13.80 10.51 10.07 6.86 4.53 2.26 1.10 0.80 1.17 1.53 2.26 2.85 0.95 0.80 0.80 0.15 0.00 0.00 0.00 0.00 0.00 0.00 0.00 0.00 2.19 3.58 3.07 5.91 5.26 0.00 3.65 5.77 7.30 8.83 9.64 12.56 13.36 10.59 12.56 12.56 14.24 15.33 15.48 13.29 12.05 9.71 7.74 6.28 6.64 7.66 7.81 9.49 9.27 7.96 6.28
3.80 5.33 7.01 6.35 6.72 6.35 5.84 5.77 4.02 0.00 0.00 0.00 0.88 1.97 5.62 4.53 7.37 6.20 6.20 4.23 5.40 8.47 9.56 10.04 11.58 10.80 12.02 12.72 13.80 13.87 13.80 11.68 9.42 3.80 5.26 2.63 1.90 1.39 1.53 1.68 1.61 0.37 0.00 0.00 0.00 0.00 0.00 0.00 0.00 0.00 0.00 0.00 0.00 0.29 0.66 0.00 0.00 0.00 0.00 0.00 5.11 9.05 9.34 11.83 10.59 11.24 9.13 9.49 9.49 12.05 13.80 12.41 11.39 12.05 9.42 9.42 8.61 5.62 6.64 10.51 10.73 9.13 7.45 6.06
4.60 7.08 7.01 6.57 5.91 5.84 5.48 2.48 0.00 0.00 0.00 0.00 0.00 0.00 2.34 5.26 4.89 4.67 4.67 3.36 0.95 3.93 7.75 5.57 8.17 11.42 11.28 12.46 14.22 14.82 14.60 12.41 12.70 12.78 10.29 6.72 8.98 3.80 3.21 1.31 1.90 0.00 0.00 0.00 0.00 0.00 0.00 0.00 0.00 0.00 0.00 0.00 0.00 0.00 0.00 0.00 0.00 0.00 0.00 6.28 4.96 9.49 14.60 13.29 12.34 13.87 11.68 19.93 19.93 19.78 17.52 14.67 16.06 13.87 12.92 13.14 10.59 10.95 10.88 11.10 11.17 10.22 11.61 11.83
3.72 5.77 5.91 6.86 5.91 5.91 3.87 4.53 0.00 0.00 0.00 0.00 0.00 0.00 0.00 0.00 0.95 1.10 1.10 1.15 0.00 0.00 1.96 1.17 3.93 8.54 6.62 9.84 14.68 13.20 14.75 14.16 15.62 15.33 16.06 11.61 11.83 4.82 2.41 1.68 1.39 1.31 0.00 0.00 0.00 0.00 0.00 0.00 0.00 0.00 0.00 0.00 0.00 0.00 0.00 0.00 0.00 0.00 0.00 6.42 10.15 17.30 15.77 21.02 24.09 24.60 24.09 22.92 22.92 23.51 20.00 17.81 15.48 15.26 14.31 14.53 12.05 12.63 13.14 15.70 14.97 14.24 15.18 14.89
3.72 5.77 5.91 6.86 5.91 5.91 3.87 4.53 0.00 0.00 0.00 0.00 0.00 0.00 0.00 0.00 0.95 1.10 1.10 1.18 0.00 0.00 1.91 1.20 3.87 8.54 6.42 9.14 13.72 13.40 14.90 14.75 17.55 16.22 16.47 11.61 11.83 4.82 2.41 1.68 1.39 1.31 0.00 0.00 0.00 0.00 0.00 0.00 0.00 0.00 0.00 0.00 0.00 0.00 0.00 0.00 0.00 0.00 0.00 6.42 10.15 17.30 15.77 21.02 24.09 24.60 24.09 22.92 22.92 23.51 20.00 17.81 15.48 15.26 14.31 14.53 12.05 12.63 13.14 15.70 14.97 14.24 15.18 14.89
3.50 5.04 5.69 4.96 4.74 5.11 4.45 2.63 2.99 0.00 0.00 0.00 0.00 0.00 0.00 1.83 0.15 1.53 1.53 0.15 0.00 0.00 0.00 0.00 0.00 0.07 1.18 5.94 7.08 6.09 12.09 14.30 15.19 18.36 17.08 17.25 16.89 5.55 8.32 3.58 1.75 0.22 0.80 0.80 0.00 0.00 0.00 0.00 0.00 0.00 0.00 0.00 0.00 0.00 0.00 0.00 0.00 0.00 0.00 0.00 7.01 13.65 12.92 15.99 21.10 24.60 23.87 22.41 22.41 17.81 15.55 13.72 13.94 14.53 14.89 16.72 13.43 12.63 13.43 12.41 13.36 13.87 16.43 17.81
4.60 5.18 5.04 5.04 3.94 4.02 3.80 5.40 5.55 3.58 2.04 0.00 0.00 0.00 0.00 2.34 4.67 3.80 3.80 3.89 3.36 2.13 0.73 0.66 0.44 0.00 0.00 0.30 2.61 1.84 5.40 5.77 9.49 14.92 15.91 17.28 16.97 13.79 8.54 8.47 5.55 2.34 2.48 2.48 0.15 0.95 0.00 0.00 0.00 0.00 0.00 0.00 0.00 0.00 0.00 0.00 0.00 0.00 0.00 0.00 0.00 0.00 6.64 10.44 18.61 21.97 19.71 18.91 18.91 17.59 15.62 12.41 12.99 13.80 13.51 15.11 14.24 8.76 8.54 9.49 10.15 10.51 12.34 14.67
0.00 4.16 4.53 4.67 4.23 5.33 6.42 6.28 5.91 5.48 5.18 5.04 4.16 3.65 5.55 6.86 6.72 5.84 5.84 5.26 3.58 4.23 2.48 0.29 0.58 0.00 0.00 0.00 0.31 0.69 2.85 2.63 6.35 11.68 11.68 17.01 18.69 12.70 14.67 12.41 11.97 12.34 6.50 6.50 1.17 2.12 0.00 0.00 0.00 0.00 0.37 0.07 0.80 1.61 0.00 0.00 0.00 0.00 0.00 1.97 0.00 0.00 0.00 3.87 15.77 15.77 15.04 16.28 16.28 17.59 12.85 9.78 10.07 9.93 6.13 9.34 8.69 9.27 8.98 11.46 12.63 13.21 13.14 13.65
0.00 0.00 0.00 3.50 3.43 4.02 5.77 5.18 5.33 5.11 5.40 4.96 4.31 4.38 5.55 6.64 5.04 5.62 5.62 4.89 5.18 3.58 1.68 1.31 1.39 0.00 0.00 0.00 0.15 0.07 0.44 2.70 2.19 6.72 6.06 17.52 8.89 13.09 16.24 15.85 15.33 14.38 9.42 9.42 8.03 4.74 1.31 2.99 0.15 0.66 0.15 0.88 0.66 1.10 0.00 1.31 1.24 0.88 4.38 3.94 1.24 0.00 0.00 4.60 7.81 10.15 12.85 8.32 8.32 9.27 9.27 9.13 7.96 6.06 6.64 5.99 9.20 9.20 9.56 10.51 10.66 11.24 7.81 7.59
0.00 0.00 0.00 0.00 0.00 0.58 3.36 2.99 2.73 3.65 3.29 4.60 5.18 5.40 5.33 5.77 1.75 1.10 1.10 1.17 0.00 0.00 0.00 0.58 0.00 0.00 0.00 0.00 0.22 0.29 0.00 0.07 1.46 2.41 2.04 6.72 9.86 8.61 12.30 13.48 14.09 12.12 10.29 10.29 10.88 7.08 3.14 6.13 2.63 2.19 2.48 1.68 1.97 0.00 0.00 1.61 2.56 4.31 3.87 4.60 3.50 4.53 3.72 0.00 3.36 4.96 2.99 4.02 4.02 4.45 5.69 3.72 4.45 4.16 5.33 5.55 6.64 7.96 8.25 8.54 5.55 3.50 4.02 4.60
0.00 0.00 0.00 0.00 0.00 0.00 4.16 3.36 3.67 2.26 2.19 2.92 2.77 3.65 1.97 1.24 0.58 0.66 0.66 0.73 0.00 0.00 0.00 0.00 0.00 0.00 0.00 0.00 0.00 0.23 0.23 0.37 1.28 1.17 0.95 6.64 2.12 5.60 7.59 10.15 5.46 8.61 9.49 9.49 9.20 9.78 9.49 8.18 6.13 3.65 10.00 6.42 2.99 1.39 0.00 0.00 0.00 0.00 0.00 0.00 0.00 4.60 3.87 3.50 0.00 0.00 2.56 3.07 3.07 4.09 2.70 2.56 2.56 0.00 3.72 2.56 5.33 4.60 5.04 1.17 2.92 2.41 3.07 2.56
0.00 0.00 0.00 0.00 0.00 0.00 4.16 3.36 3.58 2.26 2.19 2.92 2.77 3.65 1.97 1.24 0.58 0.66 0.66 0.73 0.00 0.00 0.00 0.00 0.00 0.00 0.00 0.00 0.00 0.22 0.22 0.37 1.24 1.17 0.95 6.68 2.12 5.58 7.67 10.15 5.40 8.61 9.49 9.49 9.20 9.78 9.49 8.18 6.13 3.65 10.00 6.42 2.99 1.39 0.00 0.00 0.00 0.00 0.00 0.00 0.00 4.60 3.87 3.50 0.00 0.00 2.56 3.07 3.07 4.09 2.70 2.56 2.56 0.00 3.72 2.56 5.33 4.60 5.04 1.17 2.92 2.41 3.07 2.56
2.92 0.00 0.00 0.00 0.00 0.00 4.23 4.97 3.34 3.65 2.12 2.70 2.41 1.53 2.26 0.37 0.37 0.00 0.00 0.00 0.00 0.00 0.00 0.00 0.00 0.00 0.00 0.00 0.00 0.15 0.29 0.73 1.10 1.39 0.07 0.15 0.88 3.07 3.96 1.90 1.97 3.36 5.26 5.26 3.07 7.15 9.86 8.83 10.59 10.51 10.15 8.91 4.74 0.00 0.00 0.00 0.00 0.00 0.00 2.77 5.55 1.75 4.82 3.07 0.00 0.00 0.00 1.90 1.90 0.00 1.68 1.68 0.00 0.00 0.00 0.00 0.00 0.00 0.00 0.00 1.02 0.00 0.22 0.00
6.72 7.08 1.83 0.00 0.00 3.43 0.88 4.59 5.04 3.65 3.94 3.07 2.85 0.73 0.51 0.00 0.00 0.00 0.00 0.00 0.00 0.00 0.00 0.00 0.00 0.00 0.00 0.00 0.00 0.00 0.22 0.37 0.00 0.00 0.07 0.22 1.17 1.68 1.31 1.31 0.66 1.24 0.00 0.00 0.00 2.92 0.00 5.48 7.23 8.03 8.61 6.28 7.30 5.18 2.77 0.00 2.99 2.92 2.99 4.02 5.11 5.99 5.62 4.02 0.00 2.26 0.00 0.00 0.00 0.00 0.00 0.00 0.00 0.00 0.00 0.00 0.00 0.00 0.00 0.00 0.00 0.00 0.00 0.00
