Wansh/Snow_depth/snowdepth-1994/winter/1994353.txt
ncols 321
nrows 161
xllcenter 60
yllcenter 15 
cellsize  0.25 
NODATA_value -1
[rows 0 to 37 of 161, columns 168 to 251 of 321]
5.40 2.92 3.87 2.48 2.56 3.14 3.72 4.45 4.82 4.82 4.67 4.23 4.23 4.23 4.23 4.23 4.89 7.08 6.06 6.06 6.06 6.06 6.06 5.99 6.50 6.94 5.55 5.69 0.00 0.00 0.00 0.00 7.96 7.96 7.96 7.96 4.53 7.30 7.96 9.05 7.88 7.15 7.37 7.01 6.50 6.35 9.42 8.83 8.91 9.05 9.20 7.74 8.10 6.42 8.10 8.61 8.61 11.90 9.20 11.75 11.75 11.53 11.39 12.63 14.45 14.02 14.31 11.17 13.51 9.64 9.71 8.76 8.69 8.98 8.61 8.54 10.95 12.41 12.12 12.85 11.10 12.41 11.75 11.97
6.57 4.74 5.18 3.21 2.63 3.21 3.43 4.82 4.31 4.31 4.74 4.38 5.26 4.82 5.33 4.96 4.89 6.50 7.59 7.45 7.45 7.74 5.69 6.06 7.81 6.86 0.00 0.00 0.00 0.00 0.00 0.00 0.00 0.00 6.57 6.57 4.45 7.37 6.94 9.42 9.93 8.91 8.47 10.80 10.15 9.64 9.86 8.83 8.61 9.27 9.34 8.76 9.86 9.49 9.71 12.78 12.26 12.19 12.56 12.70 12.70 12.34 11.46 12.34 11.53 12.41 12.70 10.29 8.69 8.98 8.54 8.54 9.42 8.91 8.76 10.15 10.88 10.37 11.97 12.19 9.86 8.18 8.54 7.74
10.15 9.42 7.52 7.88 3.80 3.80 4.09 4.53 4.23 4.23 4.60 5.18 5.04 4.89 4.23 5.84 6.72 6.42 7.30 7.30 7.52 6.50 6.72 6.79 6.64 6.57 0.00 0.00 0.00 0.00 0.00 0.00 3.94 0.00 4.23 4.23 5.11 7.52 6.94 9.20 11.75 11.39 10.59 10.80 10.59 9.05 8.61 8.61 8.76 9.56 10.15 10.15 10.29 11.61 11.32 12.85 12.48 12.99 12.99 11.24 11.24 10.37 10.37 8.83 10.51 8.69 7.45 9.34 8.10 7.59 7.74 9.34 9.27 9.05 8.54 8.69 9.27 8.98 8.98 9.13 9.13 8.83 7.74 7.96
10.15 9.42 7.52 7.88 3.80 3.80 4.09 4.53 4.23 4.23 4.60 5.18 5.04 4.89 4.23 5.84 6.72 6.42 7.30 7.30 7.52 6.50 6.72 6.79 6.64 6.57 0.00 0.00 0.00 0.00 0.00 0.00 3.94 0.00 4.23 4.23 5.11 7.52 6.94 9.20 11.75 11.39 10.59 10.80 10.59 9.05 8.61 8.61 8.76 9.56 10.15 10.15 10.29 11.61 11.32 12.85 12.48 12.99 12.99 11.24 11.24 10.37 10.37 8.83 10.51 8.69 7.45 9.34 8.10 7.59 7.74 9.34 9.27 9.05 8.54 8.69 9.27 8.98 8.98 9.13 9.13 8.83 7.74 7.96
12.34 11.39 10.66 9.49 3.65 3.80 4.82 5.77 4.89 4.89 5.40 5.48 4.60 5.99 6.06 5.77 6.64 6.79 6.86 5.69 6.79 7.23 6.42 6.94 0.00 0.00 0.00 0.00 0.00 0.00 0.00 0.00 3.50 0.00 1.46 1.46 5.04 8.40 10.66 11.02 10.95 11.10 9.71 9.34 8.76 8.98 8.40 10.07 9.56 9.42 10.95 11.68 11.68 12.19 12.05 12.48 12.56 10.73 10.22 10.80 10.80 8.61 8.61 8.69 7.66 7.88 6.86 6.50 6.57 7.52 7.66 7.52 7.30 7.96 8.10 8.32 8.10 8.91 9.56 9.34 9.56 9.20 9.13 9.71
12.99 13.07 11.68 11.32 5.26 6.86 5.40 6.64 5.18 5.18 8.25 7.37 7.52 7.23 7.81 6.86 6.86 6.06 5.04 6.94 5.84 6.20 4.89 4.23 0.00 0.00 0.00 0.00 0.00 0.00 2.41 4.09 1.31 5.48 7.88 7.88 7.15 8.25 9.49 9.42 8.91 9.20 8.91 9.86 9.71 9.42 9.56 9.42 11.32 12.12 11.83 13.21 12.70 13.07 11.32 9.49 10.15 10.51 7.66 8.47 8.47 8.47 8.91 8.25 8.25 7.08 6.35 6.35 5.91 5.55 7.15 7.01 7.30 6.28 6.28 7.52 7.30 7.30 7.37 7.74 9.71 8.69 9.42 8.98
10.07 11.90 12.12 11.02 7.15 8.98 6.13 9.64 9.20 9.20 9.42 8.40 8.32 8.32 7.96 6.20 5.48 5.91 2.70 6.06 0.00 0.00 0.00 0.00 0.00 0.00 0.00 0.00 0.00 0.00 2.92 6.50 2.92 8.98 10.88 10.88 11.97 10.95 11.53 9.34 8.61 8.40 9.56 9.34 9.93 10.22 11.68 12.12 11.68 12.78 12.85 13.21 12.05 9.27 8.83 9.20 7.59 7.15 7.15 7.88 7.88 8.47 8.40 7.81 6.50 7.01 5.62 5.77 5.48 5.84 5.84 5.77 5.99 6.20 5.62 5.99 5.91 6.20 5.84 7.15 7.95 7.67 8.73 11.08
10.07 11.90 12.12 11.02 7.15 8.98 6.13 9.64 9.20 9.20 9.42 8.40 8.32 8.32 7.96 6.20 5.48 5.91 2.70 6.06 0.00 0.00 0.00 0.00 0.00 0.00 0.00 0.00 0.00 0.00 2.92 6.50 2.92 8.98 10.88 10.88 11.97 10.95 11.53 9.34 8.61 8.40 9.56 9.34 9.93 10.22 11.68 12.12 11.68 12.78 12.85 13.21 12.05 9.27 8.83 9.20 7.59 7.15 7.15 7.88 7.88 8.47 8.40 7.81 6.50 7.01 5.62 5.77 5.48 5.84 5.84 5.77 5.99 6.20 5.62 6.92 8.16 8.93 8.00 12.15 13.13 10.21 11.23 11.50
10.00 9.27 11.10 8.32 9.05 8.61 8.83 8.98 7.52 7.52 7.52 7.30 7.96 5.40 5.11 5.33 2.99 0.73 3.29 7.08 4.89 0.00 0.00 0.00 0.00 0.00 0.00 0.00 5.55 6.28 6.13 7.52 9.49 7.52 11.02 11.02 12.56 11.32 8.69 6.57 7.23 7.45 9.64 11.10 11.61 11.39 12.26 14.97 15.04 15.26 13.36 10.07 10.44 8.98 7.66 7.30 7.66 6.28 7.45 7.15 7.15 8.25 7.74 7.81 7.37 5.69 5.84 6.06 6.20 5.69 5.77 5.84 6.06 5.49 7.06 9.14 9.45 8.63 7.06 10.24 9.10 9.85 8.76 10.44
6.72 5.69 9.13 8.18 7.81 8.61 8.76 7.88 7.81 7.81 7.52 7.81 8.25 6.57 4.23 1.39 3.21 0.00 0.00 0.00 0.00 0.00 0.00 0.00 0.00 4.60 5.91 4.96 6.86 7.52 7.74 7.59 9.20 7.37 8.76 8.76 8.40 8.69 7.81 6.94 11.24 11.61 11.53 11.61 13.43 14.60 14.31 14.89 14.45 11.02 11.32 9.34 7.81 7.74 7.81 6.79 7.08 6.64 10.37 9.42 9.42 9.20 9.56 7.88 7.96 7.52 5.84 6.20 5.40 6.50 6.20 7.01 7.70 9.06 8.85 7.79 7.83 8.49 9.52 9.89 9.63 8.72 9.66 10.41
4.60 5.11 7.01 7.01 7.37 7.23 8.61 8.10 8.83 8.83 8.40 7.15 1.31 2.63 4.82 0.00 0.00 0.00 0.00 0.00 0.00 0.00 4.02 5.48 5.04 5.26 7.08 7.59 6.94 7.37 6.64 6.64 5.62 6.79 7.23 7.23 8.10 10.00 11.61 11.46 12.92 13.80 13.21 13.36 13.21 13.87 10.66 10.44 10.66 10.73 9.78 10.22 8.18 8.10 7.23 7.23 10.59 11.75 11.61 13.36 13.36 11.17 11.24 10.07 8.47 8.54 8.25 6.64 6.64 7.30 7.52 7.74 6.74 5.93 6.32 7.56 9.97 9.93 8.92 9.20 9.77 10.17 9.46 10.26
4.60 5.11 7.01 7.01 7.37 7.23 8.61 8.10 8.83 8.83 8.40 7.15 1.31 2.63 4.82 0.00 0.00 0.00 0.00 0.00 0.00 0.00 4.02 5.48 5.04 5.26 7.08 7.59 6.94 7.37 6.64 6.64 5.62 6.79 7.23 7.23 8.10 10.00 11.61 11.46 12.92 13.80 13.21 13.36 13.21 13.87 10.66 10.44 10.66 10.73 9.78 10.22 8.18 8.10 7.23 7.23 10.59 11.75 11.61 13.36 13.36 11.17 11.24 10.07 8.47 8.54 8.25 6.64 6.64 7.30 7.52 7.74 6.57 5.84 6.13 7.02 8.89 9.19 9.52 9.55 9.77 9.94 10.40 10.98
8.83 9.05 6.50 7.96 6.57 6.28 6.64 6.64 5.18 5.18 0.00 0.00 0.00 0.00 0.00 0.00 0.00 0.00 0.00 0.00 3.21 4.82 6.50 6.13 6.13 6.64 6.50 7.45 7.01 9.27 8.18 6.42 6.20 6.57 8.76 8.76 10.66 11.75 12.85 12.48 14.09 13.80 13.29 11.53 10.22 10.88 8.91 10.15 11.17 10.80 11.10 10.22 8.54 8.54 7.88 11.32 10.44 13.51 12.63 12.63 12.63 11.68 10.80 10.59 11.75 9.27 9.34 9.42 9.20 8.91 7.81 7.01 7.66 7.81 7.04 9.38 9.66 8.99 8.85 11.11 10.85 11.16 10.56 11.01
11.97 10.15 8.54 8.98 9.86 7.45 4.45 0.00 3.07 3.07 0.00 0.00 0.00 0.00 0.00 0.00 0.00 0.00 3.43 5.84 4.67 6.13 6.13 8.91 8.25 7.59 7.88 7.30 10.51 11.10 9.56 10.59 10.22 10.07 9.93 9.93 10.15 10.95 12.26 13.80 13.87 13.72 14.02 12.41 10.88 11.24 9.56 12.19 11.68 13.07 12.85 11.53 13.14 10.22 11.68 10.80 11.97 12.26 11.46 12.63 12.63 12.48 14.09 12.99 13.14 12.99 10.29 10.44 9.49 10.88 10.59 9.27 8.03 9.49 10.16 10.72 8.58 9.55 12.02 9.49 11.13 9.98 10.90 12.13
13.87 12.70 16.64 12.63 13.72 10.29 10.22 6.06 7.15 7.15 7.08 0.00 5.04 2.56 1.53 0.00 4.67 0.00 6.79 8.03 9.20 8.98 9.27 9.27 8.61 10.00 10.51 11.02 11.10 11.02 10.29 9.42 9.56 9.64 9.86 9.86 11.46 12.26 11.97 13.21 10.80 11.97 12.26 12.48 10.44 11.75 12.41 12.26 12.19 13.21 14.31 13.43 14.67 13.29 12.78 13.29 12.41 13.14 13.58 12.99 12.99 14.09 13.58 14.97 13.43 13.51 13.07 11.24 10.95 12.19 12.99 13.65 10.68 10.37 11.45 10.84 11.70 11.46 10.88 10.58 10.39 10.43 10.62 10.23
16.43 15.77 17.45 15.40 14.89 12.48 12.85 12.70 8.47 8.47 10.73 7.66 9.71 5.84 8.40 8.54 8.03 8.98 6.72 9.13 8.98 10.15 9.86 9.49 9.86 9.64 10.29 9.05 10.22 9.86 9.27 10.00 9.20 9.42 9.13 9.13 10.37 8.83 8.47 8.76 9.86 10.66 8.18 8.25 8.25 10.29 7.74 11.53 10.88 12.63 14.24 15.11 15.18 13.36 13.51 14.60 13.94 15.18 13.58 13.36 13.36 13.72 14.75 14.60 13.58 13.14 13.80 10.51 11.46 12.41 14.45 11.74 14.51 12.65 12.61 10.80 12.17 11.44 11.57 12.02 10.87 11.79 10.88 8.80
16.43 15.77 17.45 15.40 14.89 12.48 12.85 12.70 8.47 8.47 10.73 7.66 9.71 5.84 8.40 8.54 8.03 8.98 6.72 9.13 8.98 10.15 9.86 9.49 9.86 9.64 10.29 9.05 10.22 9.86 9.27 10.00 9.20 9.42 9.13 9.13 10.37 8.83 8.47 8.76 9.86 10.66 8.18 8.25 8.25 10.29 7.74 11.53 10.88 12.63 14.24 15.11 15.18 13.36 13.51 14.60 13.94 15.18 13.58 13.36 13.36 13.72 14.75 14.60 13.58 13.14 13.80 10.51 11.46 12.41 14.45 14.42 13.60 13.75 11.32 13.36 12.35 12.65 11.80 10.84 10.51 10.14 11.83 9.99
12.99 14.02 15.33 15.18 15.04 13.36 12.41 12.56 11.39 11.39 10.66 10.15 10.51 8.98 10.44 11.97 9.20 9.78 8.83 9.78 11.17 9.42 9.13 8.76 8.47 8.10 8.54 8.25 8.91 8.25 8.18 9.27 8.91 9.64 9.13 9.13 8.98 8.83 8.25 6.79 6.86 6.86 7.37 7.45 6.06 6.64 6.50 9.42 9.34 8.54 12.12 9.86 11.97 12.26 11.17 12.48 10.95 10.59 10.73 10.22 10.22 9.13 13.94 11.17 10.88 7.96 9.49 9.71 9.13 7.23 7.79 11.21 11.04 9.92 10.59 10.98 10.51 10.68 9.67 11.16 10.36 9.60 9.20 8.24
9.64 13.51 15.26 15.18 13.43 14.09 11.10 9.49 9.93 9.93 9.86 9.34 9.86 9.42 11.61 12.19 11.97 10.44 10.29 9.56 8.91 8.98 8.25 8.54 7.08 7.08 7.66 7.52 7.15 7.23 8.10 8.40 8.47 8.91 9.05 9.05 8.98 9.13 7.45 6.35 6.42 6.72 4.82 5.26 4.53 4.31 5.11 4.74 7.23 6.06 8.18 8.54 8.69 9.05 8.98 5.55 6.28 4.31 4.45 6.57 6.57 5.48 4.96 6.94 5.40 5.91 2.85 6.06 6.50 4.62 2.95 3.61 7.04 6.29 6.38 6.88 6.89 8.36 8.39 8.89 8.18 9.63 8.80 9.56
9.27 11.53 10.22 12.05 8.54 10.66 10.51 9.05 7.52 7.52 8.91 8.98 7.81 11.02 10.22 10.00 11.75 9.71 9.05 9.05 9.49 8.25 7.96 8.03 7.08 7.15 6.72 6.86 7.37 7.52 7.15 7.01 8.54 8.61 8.32 8.32 7.88 7.08 7.30 6.64 5.91 4.53 3.87 4.09 3.87 3.87 5.48 5.26 5.55 5.84 6.79 9.49 9.20 7.52 0.00 0.00 3.80 3.58 2.85 3.07 3.07 3.80 4.38 3.94 3.87 1.53 1.97 0.73 0.29 1.83 1.75 2.19 3.14 2.99 4.53 6.70 7.17 9.73 10.68 9.77 9.47 7.35 5.59 6.93
7.08 7.59 7.45 8.47 6.28 8.25 6.28 6.50 6.72 6.72 5.55 7.23 6.72 8.91 10.22 10.00 10.73 11.02 9.05 9.13 9.42 10.07 10.15 8.76 7.30 7.66 6.64 6.57 5.55 5.84 5.99 7.88 8.91 9.20 8.83 8.83 8.69 7.74 5.77 4.96 5.11 4.23 2.56 3.07 3.36 3.21 4.96 5.69 5.77 5.99 5.91 8.32 5.55 5.91 0.00 0.00 0.00 1.75 2.34 2.41 2.41 2.26 3.36 1.17 1.68 0.44 0.29 0.00 0.00 0.00 0.37 0.58 2.85 4.45 3.98 7.80 12.99 11.38 11.57 10.62 11.78 9.66 7.82 4.61
6.06 5.69 6.13 5.84 5.99 5.40 5.40 5.18 5.77 5.77 5.77 7.15 9.20 8.98 9.78 10.15 8.18 8.40 10.80 10.00 9.93 11.17 10.22 7.96 7.01 9.71 9.34 9.42 6.35 10.44 9.93 10.00 10.00 10.15 9.64 9.64 9.93 8.10 5.26 4.09 4.45 3.80 3.87 2.92 7.52 6.50 6.50 6.13 6.50 5.62 5.62 4.23 2.19 0.00 0.00 0.00 0.29 0.07 0.44 1.46 1.46 0.00 2.42 0.00 0.00 0.00 0.07 0.00 0.00 0.00 0.44 0.88 1.46 2.63 5.86 5.18 11.10 11.06 13.29 12.34 10.10 8.58 8.07 7.69
6.06 5.69 6.13 5.84 5.99 5.40 5.40 5.18 5.77 5.77 5.77 7.15 9.20 8.98 9.78 10.15 8.18 8.40 10.80 10.00 9.93 11.17 10.22 7.96 7.01 9.71 9.34 9.42 6.35 10.44 9.93 10.00 10.00 10.15 9.64 9.64 9.93 8.10 5.26 4.09 4.45 3.80 3.87 2.92 7.52 6.50 6.50 6.13 6.50 5.62 5.62 4.23 2.19 0.00 0.00 0.00 0.29 0.07 0.44 1.46 1.46 0.00 2.42 0.00 0.00 0.00 0.07 0.00 0.00 0.00 0.44 0.88 1.46 2.63 5.62 5.21 8.62 9.73 11.13 14.36 12.35 8.76 6.32 7.09
5.04 4.96 5.04 4.38 5.48 5.04 5.69 5.77 7.15 7.15 6.79 7.08 7.59 5.77 5.55 8.03 7.59 10.15 11.32 11.39 11.97 10.37 10.95 9.20 10.07 10.88 11.24 13.51 11.24 12.12 10.29 9.86 9.20 9.78 8.98 8.98 8.76 8.91 6.42 9.42 6.79 6.13 10.59 11.10 9.86 9.64 9.78 8.10 8.25 5.18 2.19 0.00 0.22 0.00 0.00 0.00 0.00 0.00 0.00 0.00 0.00 0.00 0.00 0.00 0.00 0.73 1.17 0.95 0.51 1.02 0.95 0.95 1.97 1.68 3.50 6.16 5.99 11.38 13.47 11.88 12.17 7.84 6.67 4.72
3.94 4.02 3.72 4.09 4.74 3.87 4.16 4.82 5.99 5.99 6.86 7.08 6.06 6.06 8.10 5.26 6.79 8.61 9.71 10.88 11.68 10.66 10.15 10.66 10.51 11.39 11.61 13.21 12.70 12.12 10.88 10.22 9.34 10.29 11.46 11.46 15.11 14.82 14.45 14.82 11.39 19.71 17.52 14.31 10.51 11.17 8.32 0.00 3.87 4.09 1.46 0.58 0.44 0.00 0.00 0.00 0.00 0.00 0.00 0.00 0.00 0.00 0.00 0.00 0.00 0.00 1.24 1.24 1.02 1.97 1.46 1.46 2.56 4.89 6.66 6.64 7.46 7.43 10.69 11.34 8.39 5.46 7.46 6.36
6.57 3.87 3.36 3.36 4.74 3.21 4.74 5.55 5.55 5.55 6.42 6.72 6.57 6.64 7.88 8.69 9.34 9.13 9.71 10.37 10.15 9.93 10.29 10.80 11.53 11.61 11.68 12.19 11.10 11.68 11.53 11.53 11.53 11.10 12.34 12.34 12.99 17.01 17.67 17.45 20.22 19.78 20.08 8.25 6.28 0.00 5.55 0.00 1.61 0.73 0.80 1.68 0.00 0.00 0.00 0.00 0.00 0.00 0.00 0.00 0.00 0.00 0.00 0.00 0.00 0.07 0.73 1.31 1.97 1.75 2.41 3.50 3.56 4.87 6.89 8.28 9.15 6.45 5.51 6.06 5.57 5.47 5.01 4.56
10.00 7.01 10.95 6.94 7.81 4.67 4.96 5.99 4.60 4.60 4.38 6.42 5.84 6.28 7.37 7.88 9.13 10.29 8.83 8.10 9.20 8.69 9.93 9.05 10.73 11.02 6.42 10.44 8.54 9.49 10.66 6.50 5.99 7.74 10.44 10.44 9.34 14.38 11.17 13.21 14.75 7.01 5.77 6.94 4.02 0.00 0.00 0.00 0.00 0.00 0.00 0.00 0.00 0.00 0.00 0.00 0.00 0.00 0.00 0.00 0.00 0.00 0.00 0.00 0.00 0.00 1.24 1.24 1.46 3.14 2.70 3.72 4.89 8.42 7.26 9.21 8.21 10.27 7.01 5.06 4.80 4.13 5.39 4.57
15.33 16.13 14.67 9.13 5.69 5.62 5.77 0.00 2.26 2.26 1.02 1.24 3.80 2.56 7.08 7.88 1.46 2.26 4.16 5.62 6.42 5.04 6.06 5.69 8.47 9.05 3.07 9.86 8.47 7.45 4.53 3.94 4.02 5.62 3.72 3.72 5.91 5.91 5.91 7.45 3.80 4.16 4.09 0.00 0.00 0.00 0.00 0.00 0.00 0.00 0.00 0.00 0.44 0.22 0.00 0.88 0.95 0.00 0.00 0.00 0.00 0.00 0.00 0.00 0.00 0.00 1.53 2.85 2.48 3.50 4.19 5.81 5.84 8.46 10.43 13.14 11.01 5.23 5.24 3.73 3.38 3.82 4.19 2.11
15.33 16.13 14.67 9.13 5.69 5.62 5.77 0.00 2.26 2.26 1.02 1.24 3.80 2.56 7.08 7.88 1.46 2.26 4.16 5.62 6.42 5.04 6.06 5.69 8.47 9.05 3.07 9.86 8.47 7.45 4.53 3.94 4.02 5.62 3.72 3.72 5.91 5.91 5.91 7.45 3.80 4.16 4.09 0.00 0.00 0.00 0.00 0.00 0.00 0.00 0.00 0.00 0.44 0.22 0.00 0.88 0.95 0.00 0.00 0.00 0.00 0.00 0.00 0.00 0.00 0.00 1.53 2.85 2.48 3.50 4.21 5.75 5.28 9.43 11.13 15.33 12.78 5.06 5.47 3.62 3.57 4.53 3.82 1.79
16.86 15.77 16.21 12.19 5.48 1.53 0.66 1.10 1.10 1.10 0.15 0.00 1.10 0.80 1.97 1.53 0.88 1.10 1.68 2.70 1.17 3.50 4.31 2.48 2.12 2.19 2.34 5.11 2.99 3.36 3.36 2.85 0.00 3.58 2.63 2.63 4.23 3.72 0.00 0.00 0.00 0.00 0.00 0.00 0.00 0.00 0.00 0.00 0.00 0.73 0.00 0.00 1.61 0.00 0.00 0.00 0.00 0.00 0.00 0.00 0.00 0.00 0.00 0.00 0.00 2.04 0.00 2.63 3.82 3.69 3.98 6.42 10.40 11.15 14.49 10.82 5.71 6.10 5.11 3.93 3.08 3.60 3.56 1.31
15.04 13.07 9.86 11.02 4.60 1.68 1.10 0.00 0.00 0.00 0.00 0.00 0.00 0.00 0.29 0.88 0.44 0.80 0.00 0.00 0.00 1.83 0.00 0.00 1.39 0.80 1.39 1.83 2.12 2.77 0.00 2.48 2.12 0.00 0.00 0.00 0.00 0.00 0.00 3.21 2.85 0.00 0.00 0.00 0.00 0.00 0.00 0.00 1.90 0.00 0.00 0.00 0.00 0.00 0.00 0.00 0.00 0.00 0.00 0.00 0.00 0.00 0.00 0.00 0.00 0.00 0.00 0.00 3.80 3.94 5.55 4.97 10.59 12.82 13.92 12.50 5.33 4.16 3.86 3.79 4.40 3.65 3.25 2.26
11.83 11.61 8.54 3.07 2.48 2.63 1.31 0.00 0.07 0.07 0.00 0.00 0.00 0.22 0.44 0.00 0.00 0.00 0.00 0.00 0.00 0.00 0.00 0.00 0.00 0.00 0.80 0.00 0.00 0.00 0.00 0.00 0.00 0.00 0.00 0.00 0.00 0.00 2.48 0.00 0.00 0.00 0.00 0.00 0.00 0.00 0.00 0.00 0.00 0.00 2.12 0.00 0.00 0.00 0.00 0.00 0.00 0.00 0.00 0.00 0.00 0.00 0.00 0.00 0.00 0.00 0.00 0.00 0.00 0.00 4.23 7.95 8.56 10.79 6.83 5.53 5.62 4.35 4.42 3.20 3.01 2.76 1.84 1.09
8.10 9.05 4.23 3.36 1.53 1.10 1.90 0.73 0.00 0.00 0.00 0.00 0.00 0.00 0.00 0.00 0.00 0.00 0.00 0.00 0.00 0.00 0.00 0.00 0.00 0.00 0.00 0.73 0.00 0.00 0.00 0.00 0.00 0.00 0.00 0.00 0.00 0.00 1.24 1.31 0.00 0.00 0.00 0.00 0.00 0.00 0.00 2.34 2.70 0.00 2.19 2.48 0.00 0.00 0.00 0.00 0.00 0.00 0.00 0.00 0.00 0.00 0.00 0.00 0.00 0.00 0.00 3.94 3.94 3.21 3.58 6.05 8.36 9.63 7.41 5.46 4.37 3.26 3.15 1.98 1.41 1.91 1.50 1.33
2.63 2.92 1.46 1.97 0.00 1.24 0.00 0.00 0.00 0.00 0.00 0.00 0.00 0.00 0.00 0.00 0.00 0.00 0.00 0.00 0.00 0.00 0.00 0.00 0.00 0.00 0.00 0.00 0.00 0.00 0.00 0.00 0.00 0.00 0.00 0.00 0.00 0.00 0.00 0.00 0.00 0.00 0.00 0.00 0.00 0.00 0.00 2.56 2.77 2.70 2.56 2.70 2.77 2.70 2.85 0.00 0.00 0.00 0.00 0.00 0.00 0.00 0.00 0.00 0.00 0.00 4.67 4.38 4.96 5.33 4.74 4.60 6.00 4.71 3.73 4.17 3.61 2.70 1.95 1.90 1.70 1.62 0.22 0.22
2.04 1.46 0.00 0.00 0.00 0.00 0.00 0.00 0.00 0.00 0.00 0.00 0.00 0.00 0.00 0.00 0.00 0.00 0.00 0.00 0.00 0.00 0.00 0.00 0.00 0.00 0.00 0.00 0.00 0.00 0.00 0.00 0.00 0.00 0.00 0.00 0.00 0.00 0.00 0.00 0.00 0.00 0.00 0.00 0.00 0.00 0.00 0.00 2.26 3.36 2.41 2.56 2.19 3.21 3.43 0.00 0.00 0.00 0.00 0.00 0.00 0.00 0.00 0.00 0.00 0.00 4.67 6.13 5.84 6.28 4.96 4.11 3.58 3.80 2.80 2.26 1.41 1.56 0.43 0.00 0.00 0.00 0.00 0.00
2.04 1.46 0.00 0.00 0.00 0.00 0.00 0.00 0.00 0.00 0.00 0.00 0.00 0.00 0.00 0.00 0.00 0.00 0.00 0.00 0.00 0.00 0.00 0.00 0.00 0.00 0.00 0.00 0.00 0.00 0.00 0.00 0.00 0.00 0.00 0.00 0.00 0.00 0.00 0.00 0.00 0.00 0.00 0.00 0.00 0.00 0.00 0.00 2.26 3.36 2.41 2.56 2.19 3.21 3.43 0.00 0.00 0.00 0.00 0.00 0.00 0.00 0.00 0.00 0.00 0.00 4.67 6.13 5.84 6.28 4.96 4.09 3.52 3.74 2.80 2.37 1.26 1.49 0.42 0.00 0.00 0.00 0.00 0.00
0.80 0.00 0.00 0.00 0.00 0.00 0.00 0.00 0.00 0.00 0.00 0.00 0.58 0.00 0.00 0.00 0.00 0.00 0.00 0.00 0.00 0.00 0.00 0.00 0.00 0.00 0.00 0.00 0.00 0.00 0.00 0.00 2.34 2.04 0.00 0.00 0.00 0.00 0.00 0.00 0.00 0.00 0.00 0.00 0.00 0.00 0.00 1.97 0.00 2.04 2.85 3.43 3.58 3.36 4.31 0.00 0.00 0.00 0.00 0.00 0.00 2.63 2.77 0.00 0.00 3.07 2.85 5.18 5.99 5.26 5.55 4.60 3.07 1.99 1.91 1.75 0.48 0.00 0.00 0.00 0.00 0.00 0.00 0.00
0.00 0.00 0.00 0.00 0.00 0.00 0.00 0.00 0.00 0.00 0.00 0.00 0.00 0.00 0.00 0.00 0.00 0.00 0.00 0.00 0.00 0.88 1.39 1.61 1.61 0.00 0.00 0.00 0.00 0.00 0.00 0.00 0.00 0.00 0.00 0.00 0.00 0.00 0.00 0.00 0.00 0.00 0.00 0.00 0.00 0.00 0.00 0.00 0.00 0.00 1.90 4.02 4.09 4.45 4.38 3.29 0.00 0.00 0.00 0.00 0.00 0.00 0.00 0.00 0.00 0.00 2.92 0.00 3.36 3.58 2.26 3.43 2.92 1.39 1.39 1.44 0.42 0.00 0.00 0.00 0.00 0.00 0.00 0.15
