Wansh/Snow_depth/snowdepth-1994/winter/1994354.txt
ncols 321
nrows 161
xllcenter 60
yllcenter 15 
cellsize  0.25 
NODATA_value -1
[rows 76 to 113 of 161, columns 84 to 167 of 321]
1.31 0.51 2.92 2.26 1.83 2.70 3.65 3.65 2.99 4.09 4.16 0.00 4.89 3.87 4.89 3.87 3.50 3.72 3.72 3.07 2.63 3.65 0.00 3.87 3.65 4.45 4.38 3.94 3.94 3.65 0.00 0.00 0.00 0.00 0.00 0.00 0.00 0.00 0.00 3.36 0.00 2.70 0.00 0.00 2.12 0.80 0.07 0.44 1.17 0.00 0.00 0.00 0.00 0.22 1.10 0.51 0.00 0.00 0.22 0.29 0.00 0.44 0.00 0.00 0.00 0.00 0.00 0.44 0.44 0.58 0.44 0.80 1.10 0.22 0.00 0.00 0.00 0.00 0.00 0.00 0.00 0.37 0.00 0.68
0.66 1.61 2.41 2.99 2.34 0.00 2.99 3.80 4.67 4.82 5.48 5.26 5.55 5.55 4.74 4.74 5.04 4.31 4.31 3.58 3.50 4.16 3.21 3.72 4.23 3.58 4.31 4.23 3.50 0.00 0.00 0.00 0.00 0.00 0.00 0.00 0.00 0.00 0.00 0.00 0.00 0.00 0.00 0.00 0.00 2.48 2.70 2.41 4.23 0.00 0.00 0.00 1.83 2.77 0.00 1.61 0.00 0.00 1.10 1.10 1.83 0.80 0.00 0.00 0.07 0.00 0.00 0.51 0.51 0.00 0.00 0.80 2.12 2.48 0.66 0.51 0.00 0.00 0.00 0.00 0.00 0.07 2.42 0.96
1.61 0.00 1.68 0.80 0.00 0.00 3.14 4.31 5.04 5.18 5.18 6.20 4.96 5.40 6.06 5.33 4.31 4.74 4.74 4.82 3.72 4.53 4.53 4.16 4.09 3.21 3.14 0.00 3.07 0.00 2.56 0.00 0.00 0.00 0.00 0.00 0.00 0.00 0.00 0.00 0.00 0.00 0.00 0.00 0.00 0.00 0.00 0.00 0.00 0.00 3.29 0.00 0.00 4.38 3.65 3.87 2.04 1.61 2.26 2.12 2.85 0.37 0.58 0.00 1.24 1.02 0.22 0.00 0.00 1.24 0.80 2.70 3.87 3.58 0.00 0.44 0.00 0.00 0.00 0.00 0.00 0.44 2.71 2.37
0.00 0.00 0.00 0.00 0.00 2.26 2.92 3.94 4.16 5.11 4.89 5.18 5.84 5.77 5.11 4.89 5.40 4.89 4.89 4.89 4.60 4.67 4.53 4.16 4.02 3.07 3.14 0.00 0.00 0.00 0.00 0.00 0.00 0.00 0.00 0.00 0.00 0.00 0.00 0.00 0.00 0.00 0.00 0.00 0.00 0.00 0.00 0.00 0.00 0.00 0.00 0.00 0.00 0.00 0.00 2.77 1.97 2.19 1.46 2.85 1.68 2.04 1.10 2.48 1.46 0.73 0.00 0.29 0.29 1.24 0.95 1.68 3.58 1.53 0.00 0.00 0.00 0.00 0.00 0.00 0.00 0.29 1.02 3.23
0.00 0.00 0.00 0.00 0.00 2.85 2.99 3.72 3.94 4.53 4.53 5.33 4.74 4.89 5.40 4.45 5.33 4.45 4.45 3.36 4.31 3.58 4.31 3.58 3.65 3.14 0.00 0.00 0.00 0.00 0.00 0.00 0.00 0.00 0.00 0.00 0.00 0.00 0.00 0.00 3.21 3.58 0.00 0.00 0.00 0.00 0.00 0.00 0.00 0.00 0.00 0.00 0.00 1.90 2.99 2.34 1.61 0.00 2.26 2.34 1.10 1.31 2.12 2.04 1.02 0.00 0.00 0.00 0.00 1.17 0.00 1.24 2.12 0.66 0.00 0.73 0.07 0.61 0.22 0.51 0.00 0.00 1.31 2.77
0.00 0.00 0.00 0.00 0.00 0.00 0.00 3.07 2.99 4.45 5.48 4.82 4.09 4.09 4.31 4.31 4.96 3.58 3.58 2.26 3.29 0.00 3.14 2.70 2.99 2.99 0.00 0.00 0.00 0.00 0.00 0.00 0.00 0.00 0.00 0.00 0.00 0.00 0.00 0.00 0.00 0.00 3.36 3.36 0.00 0.00 0.00 0.00 0.00 0.00 0.00 0.00 0.00 1.02 1.31 0.44 0.00 0.29 0.73 1.90 0.58 1.68 1.83 1.39 0.00 0.00 0.00 0.00 0.00 0.51 0.37 0.00 0.88 0.66 0.15 1.32 0.29 2.14 0.98 2.92 1.32 2.70 5.84 7.08
1.17 0.00 0.00 0.00 0.00 0.00 0.00 0.00 0.00 3.72 4.38 4.60 4.31 3.94 4.67 4.09 3.50 3.87 3.87 0.00 0.00 0.00 0.00 1.83 2.56 2.19 1.75 0.00 0.00 0.00 0.00 0.00 0.00 0.00 0.00 0.00 0.00 0.00 0.00 0.00 0.00 0.00 0.00 0.00 0.00 0.00 0.00 0.00 0.00 0.00 0.00 0.00 0.88 0.80 0.51 0.37 0.00 0.00 0.37 1.53 2.34 2.12 2.70 1.46 1.10 0.00 0.22 0.00 0.00 0.07 1.46 1.17 1.39 1.02 0.88 2.56 1.39 3.58 2.12 4.92 2.34 3.21 5.48 6.42
1.53 1.31 0.00 0.00 0.00 0.00 0.00 0.00 3.29 3.36 4.31 3.94 0.00 3.80 4.53 4.45 0.00 0.00 0.00 0.00 0.00 0.00 0.00 0.00 1.97 2.12 0.00 0.00 0.00 0.00 0.00 0.00 0.00 0.00 0.00 0.00 0.00 0.66 0.00 0.00 0.00 0.00 0.00 0.00 0.00 0.00 0.00 0.00 0.00 0.00 0.07 0.00 0.15 0.80 0.00 0.00 0.00 0.00 0.00 0.00 1.17 3.43 3.72 2.77 1.68 1.75 1.97 1.83 1.83 1.24 1.61 3.50 1.61 2.85 5.18 4.45 5.26 5.77 4.45 6.28 3.94 4.74 5.40 5.40
1.02 0.00 0.00 0.00 0.00 0.00 0.00 0.00 3.72 3.72 3.87 3.58 0.00 3.29 4.38 3.58 3.72 0.00 0.00 0.00 0.00 2.99 0.00 0.00 0.00 0.00 2.19 0.00 0.00 0.00 0.00 0.00 0.00 0.00 0.00 0.00 0.00 0.00 0.00 0.00 0.00 0.00 0.00 0.00 0.00 0.00 0.00 0.00 0.00 0.00 0.00 0.44 0.00 0.00 0.00 0.00 0.00 0.00 0.07 0.22 1.24 2.92 3.87 3.07 2.26 1.68 2.19 2.26 2.26 2.56 2.56 6.64 3.36 5.91 7.01 7.01 7.15 7.01 7.01 5.55 5.84 5.55 6.50 4.60
0.00 0.80 0.00 0.00 0.00 0.00 0.00 0.00 4.23 4.31 3.21 3.36 0.00 0.00 3.36 3.07 3.58 0.00 0.00 0.00 3.58 4.16 0.00 0.00 0.00 0.00 0.00 0.00 0.00 0.00 0.00 0.00 0.00 0.00 0.00 0.00 0.00 0.00 0.00 0.00 0.00 0.00 0.00 0.00 0.00 0.00 0.00 0.00 1.02 0.88 1.24 0.07 0.00 0.15 0.29 0.00 0.00 0.00 0.00 0.44 0.66 2.76 2.86 3.14 2.34 2.77 2.63 3.14 3.14 3.58 4.89 9.20 5.84 6.86 5.91 6.57 5.84 6.72 5.99 5.77 6.35 6.79 3.87 4.45
0.95 1.83 2.26 0.00 2.34 0.00 2.34 2.70 0.00 0.00 0.00 3.14 0.00 0.00 0.00 0.00 2.70 3.50 3.50 3.87 3.80 4.23 4.82 3.87 0.00 0.00 0.00 0.00 0.00 0.00 0.00 0.00 0.00 0.00 0.00 0.00 0.00 0.00 0.00 0.00 2.19 1.24 0.88 0.88 0.88 0.95 1.24 2.12 1.68 1.02 1.39 0.66 0.80 0.44 0.37 1.10 1.39 0.00 0.29 0.00 0.00 0.00 0.22 0.00 0.29 1.24 4.60 5.11 5.11 4.89 11.46 10.73 7.59 4.45 4.89 1.61 1.17 1.46 3.50 3.29 5.40 6.50 4.96 2.19
2.12 1.90 0.00 0.00 0.00 0.00 2.34 0.00 2.85 0.00 0.00 0.00 2.19 0.00 2.26 0.00 2.92 3.21 3.21 3.65 3.72 3.87 3.14 3.80 1.53 2.41 0.00 0.00 0.00 0.00 0.00 0.00 0.00 2.77 0.00 0.00 0.00 0.00 0.00 0.00 2.41 2.41 1.53 1.53 0.80 1.10 1.10 1.17 1.68 1.61 1.53 1.17 1.02 0.22 0.22 0.73 0.00 0.95 0.00 0.00 0.00 0.00 0.00 1.10 2.45 7.15 6.42 6.06 6.06 5.04 8.32 9.34 5.84 4.82 3.87 1.75 2.12 2.41 4.02 4.09 3.94 6.13 5.40 3.50
2.34 1.53 0.00 0.00 0.00 0.00 0.00 0.00 0.00 0.00 0.00 0.00 0.00 2.77 3.21 0.00 2.85 2.04 2.04 3.14 3.14 2.92 2.70 0.00 2.70 2.48 2.12 2.26 0.00 0.00 0.00 0.00 2.56 2.63 2.04 0.00 0.00 0.00 0.00 2.12 2.85 2.92 2.34 2.34 1.31 1.53 2.48 2.34 0.88 1.61 1.46 0.88 1.02 0.73 0.95 0.88 0.80 0.00 0.00 0.00 0.00 0.00 0.73 3.43 5.01 10.97 8.76 5.91 5.91 4.96 4.53 5.84 4.74 5.33 3.72 2.56 2.85 3.65 5.04 4.82 6.06 5.48 3.36 3.58
1.46 1.75 0.00 0.00 0.00 0.00 0.00 0.00 0.00 0.00 0.00 0.00 0.00 0.00 0.00 0.00 3.14 1.97 1.97 2.19 2.70 2.34 2.34 0.00 2.41 2.48 2.99 2.92 0.00 0.00 0.00 0.00 0.00 0.00 0.00 0.00 0.00 0.00 0.00 0.00 3.14 3.29 1.46 1.46 1.68 1.61 2.04 2.12 1.46 0.51 0.80 2.26 1.39 0.88 1.68 2.19 0.07 0.15 0.07 0.00 0.00 1.83 3.20 6.06 9.49 10.24 10.45 6.94 6.94 5.84 3.80 3.87 4.23 4.67 4.09 2.19 4.31 5.77 5.91 5.50 6.23 5.49 4.11 3.23
1.02 1.24 1.68 1.68 0.00 0.00 0.00 0.00 0.00 0.00 0.00 0.00 0.00 0.00 0.00 0.00 0.00 0.00 0.00 0.00 0.00 0.00 0.00 0.00 0.00 0.00 0.00 0.00 0.00 0.00 0.00 0.00 0.00 0.00 0.00 0.00 0.00 0.00 0.00 0.00 0.00 0.00 1.61 1.61 1.02 1.53 2.04 1.90 1.17 1.31 0.44 1.61 2.41 2.12 2.92 3.14 0.95 2.92 1.02 1.46 0.15 2.77 3.47 6.72 8.83 7.88 9.02 8.97 8.68 3.08 3.50 3.94 3.72 4.23 4.31 3.65 4.31 5.55 5.20 6.19 5.44 5.53 5.64 4.24
1.02 1.31 1.24 1.31 0.00 0.00 0.00 0.95 0.95 0.00 0.00 0.00 0.00 0.00 0.00 0.00 0.00 0.00 0.00 0.00 0.00 0.00 0.00 0.00 0.00 0.00 0.00 0.00 0.00 0.00 0.00 0.00 0.00 0.00 0.00 0.00 0.00 0.00 0.00 0.00 0.00 0.00 0.00 0.00 0.15 0.07 0.29 0.00 0.00 0.00 0.51 1.10 1.61 4.53 3.80 5.55 3.94 4.74 4.94 3.02 1.31 4.53 3.43 3.35 7.15 6.41 6.28 3.50 3.52 3.88 2.57 4.60 4.89 5.18 3.82 4.02 4.16 4.74 4.77 6.28 6.18 5.55 5.76 5.01
1.39 0.66 1.31 1.02 0.00 1.17 1.61 2.12 2.04 0.00 0.00 0.00 0.00 0.00 0.00 0.00 0.00 1.02 1.02 0.00 0.00 0.00 0.00 0.00 0.00 0.00 0.00 0.00 0.00 0.00 0.00 0.00 0.00 0.00 0.00 0.00 0.00 0.00 0.00 0.00 0.00 0.00 0.00 0.00 0.15 0.44 0.22 0.00 0.22 0.15 0.00 1.17 2.56 3.50 9.27 13.43 10.66 16.28 14.09 8.91 5.68 7.95 4.48 2.34 4.33 5.40 4.49 1.97 1.97 2.22 2.56 4.82 6.75 6.82 4.99 5.24 4.67 6.15 5.72 5.44 5.60 4.74 6.04 7.12
0.73 1.24 0.95 0.88 1.10 1.31 1.68 0.00 0.00 0.00 0.00 1.10 0.00 0.00 0.00 0.00 1.31 0.51 0.51 1.53 0.00 0.00 0.00 0.00 0.00 0.00 0.00 0.00 0.00 0.00 0.00 0.00 0.00 0.00 0.00 0.00 0.00 0.00 0.00 0.00 0.00 0.00 0.00 0.00 0.00 0.00 0.00 0.00 0.44 0.22 1.39 1.31 1.61 6.94 9.13 11.68 16.40 20.15 18.98 15.77 9.78 4.28 2.33 1.23 2.47 3.67 4.18 1.39 1.39 0.81 2.78 4.54 6.82 6.60 6.74 7.70 6.79 6.52 5.89 4.06 4.51 8.29 8.21 7.16
1.02 0.80 0.80 0.73 1.10 0.00 0.00 0.00 0.00 0.00 1.02 0.00 0.00 0.00 0.00 0.51 0.66 0.58 0.58 0.51 0.00 0.00 0.00 0.00 0.00 0.00 1.02 0.00 0.00 0.00 0.00 0.00 0.00 0.00 0.00 0.00 0.00 0.00 0.00 0.00 0.00 0.00 0.00 0.00 0.00 0.00 0.37 0.29 2.48 0.80 4.09 2.85 6.26 8.50 9.25 15.19 17.46 18.61 19.93 19.27 6.64 4.40 2.07 1.37 1.26 2.58 3.09 1.39 1.39 1.32 2.42 3.08 5.65 4.59 8.03 7.37 8.27 6.88 6.01 3.82 4.38 7.38 9.00 5.90
0.73 0.15 0.73 0.00 1.31 1.53 2.19 0.00 0.00 0.00 0.00 0.00 0.00 0.00 0.00 0.58 0.00 0.00 0.00 0.00 0.00 0.00 0.00 0.00 0.00 0.00 0.00 0.66 0.00 0.00 0.00 0.00 0.00 0.00 0.00 0.44 0.00 0.00 0.00 3.43 4.82 3.07 0.44 0.44 2.85 2.41 0.66 1.02 3.50 4.82 4.96 9.64 8.47 9.63 13.23 12.64 17.58 17.10 12.23 3.91 2.79 1.61 1.42 1.48 0.95 1.08 1.42 1.47 1.47 0.29 1.93 1.62 3.65 2.94 6.38 6.31 6.18 5.82 4.49 4.60 3.86 5.60 9.86 6.46
0.80 0.73 0.00 0.00 0.07 2.34 1.61 2.19 1.31 1.83 0.00 0.00 0.00 0.00 0.00 0.00 0.00 0.00 0.00 0.00 0.00 0.00 0.00 0.00 0.00 0.00 0.00 1.10 0.66 0.00 0.00 0.29 0.66 0.80 1.17 0.88 0.00 0.00 0.00 3.21 10.37 6.57 2.99 2.99 7.15 4.60 4.16 8.61 6.64 11.97 9.71 13.21 14.38 11.74 11.92 8.84 9.96 11.62 6.66 3.53 2.76 2.13 1.58 1.47 0.66 1.40 1.22 1.26 1.24 1.11 1.65 2.61 4.44 5.32 3.72 4.26 4.08 3.25 4.01 4.22 4.36 4.89 9.54 4.43
0.66 0.00 0.00 0.00 0.00 1.90 1.24 1.61 1.90 2.70 2.48 1.17 0.00 0.22 0.95 0.00 0.00 0.00 0.00 0.00 0.00 0.00 0.00 0.00 0.00 0.00 0.58 0.66 0.37 0.00 0.00 0.00 0.29 0.22 0.80 0.51 0.00 0.00 0.00 0.00 9.93 13.65 8.69 8.69 11.10 9.64 7.74 11.83 10.95 13.85 13.62 14.75 14.98 13.08 11.38 8.58 6.86 6.13 4.66 7.64 4.62 4.23 3.29 2.48 2.37 2.62 1.48 1.88 1.83 1.02 1.24 2.95 4.76 6.53 5.28 7.08 3.59 3.55 4.99 3.95 4.78 8.32 8.68 4.65
1.24 1.83 0.00 1.68 0.51 2.34 1.24 1.17 1.02 0.00 0.44 0.22 0.51 0.15 0.95 1.02 1.10 1.31 1.31 1.46 1.61 0.73 0.00 0.00 1.02 1.02 0.07 0.58 0.88 0.44 0.37 0.51 1.17 1.10 1.46 1.31 0.00 0.58 0.00 2.56 8.47 11.39 5.33 5.33 9.49 11.53 10.15 13.65 10.88 14.24 13.09 13.59 12.71 12.15 9.38 11.87 10.67 12.30 12.82 13.79 12.33 8.62 14.21 9.18 6.50 4.48 3.61 2.92 2.88 2.48 0.00 1.97 3.90 6.54 8.83 14.16 9.00 7.59 4.17 1.98 0.99 3.78 2.98 4.28
1.90 1.61 1.17 1.39 2.77 2.48 2.41 1.68 0.00 0.00 0.00 0.00 0.00 0.58 0.88 1.02 1.10 1.53 1.53 0.80 0.58 0.80 0.51 0.00 0.58 0.58 0.37 0.58 0.95 1.24 1.10 0.00 0.22 0.73 0.88 0.95 0.80 1.39 1.46 1.97 3.21 5.11 0.95 0.95 4.45 9.05 10.80 7.37 9.56 10.49 10.46 11.01 10.48 9.71 9.44 11.30 9.20 9.94 10.61 14.60 14.53 14.60 16.43 13.02 7.23 3.58 3.89 2.47 2.43 0.95 2.63 4.07 6.16 13.43 16.77 11.53 12.61 7.56 3.27 1.57 1.05 1.81 2.46 2.89
2.99 0.95 1.24 3.65 1.83 2.12 3.21 1.68 1.61 0.00 0.00 0.00 0.00 0.00 1.83 1.17 1.24 0.80 0.80 0.80 0.37 0.58 0.07 0.37 0.00 0.00 0.00 0.00 0.00 0.29 0.44 0.00 0.00 0.00 0.00 0.95 1.39 0.44 0.00 0.00 0.00 0.00 2.04 2.04 6.13 4.74 6.50 4.50 7.71 10.19 11.39 12.65 12.35 10.05 8.22 9.22 8.44 6.08 8.54 11.68 15.23 16.24 15.04 12.05 4.89 5.07 4.62 4.77 5.30 2.33 3.28 5.63 4.90 9.65 11.38 12.17 6.20 2.41 1.03 0.74 1.62 1.20 3.59 4.57
1.17 3.07 0.95 1.24 3.43 1.17 3.21 1.98 0.95 1.02 0.29 0.00 0.00 0.00 0.00 1.10 0.58 1.61 1.61 0.73 0.88 0.80 0.73 0.15 0.00 0.00 0.00 0.00 0.51 0.15 0.66 0.15 0.00 0.00 0.00 0.00 0.07 0.00 0.00 0.00 0.00 0.00 0.22 0.22 2.48 2.26 4.23 6.46 8.40 10.87 11.68 12.49 12.04 7.98 6.16 7.57 6.06 3.60 4.15 6.48 11.85 13.95 11.08 7.23 8.83 6.41 6.58 5.81 5.60 4.06 2.28 3.37 2.25 7.22 6.57 8.91 4.30 2.45 1.31 1.48 3.60 4.42 8.66 6.18
0.00 0.00 0.00 0.00 0.00 1.61 1.61 1.46 1.24 0.58 0.44 0.29 0.37 0.00 0.00 0.00 0.73 0.44 0.44 0.07 0.80 0.95 0.22 0.00 0.00 0.00 0.00 0.00 0.00 0.37 0.00 0.00 0.00 0.00 0.00 0.00 0.00 0.00 0.00 0.00 0.00 0.00 0.00 0.00 0.88 1.46 4.09 6.35 6.06 10.00 10.97 10.40 8.90 4.90 5.18 5.99 3.20 0.00 4.19 5.75 7.49 10.51 11.34 10.85 11.23 8.43 6.73 6.02 6.06 4.61 2.64 1.13 1.42 2.64 3.11 5.95 3.20 2.79 1.25 0.88 3.20 4.09 9.19 8.44
0.00 0.00 0.00 0.00 0.00 1.39 1.24 1.46 0.95 0.88 1.17 1.02 0.95 0.00 0.00 0.44 0.51 0.00 0.00 0.00 0.00 0.00 0.00 0.00 0.00 0.00 0.00 0.00 0.00 0.00 0.00 0.00 0.00 0.00 0.00 0.00 0.00 0.00 0.00 0.00 0.00 0.00 0.00 0.00 0.00 1.90 0.95 3.80 4.89 7.15 11.70 10.32 11.97 5.70 3.95 4.28 4.67 3.79 0.00 7.82 6.85 9.13 10.97 11.82 11.16 11.97 7.82 7.06 8.26 3.49 3.38 2.12 1.35 1.58 0.98 2.92 1.70 2.70 1.86 0.64 2.09 4.69 5.35 7.41
0.00 0.00 0.00 0.00 0.00 0.00 0.00 2.26 1.61 1.75 2.26 1.31 2.19 1.10 1.75 1.17 1.31 0.00 0.00 0.00 0.00 0.07 0.00 0.00 0.00 0.00 0.00 0.00 0.00 0.00 0.00 0.00 0.00 0.00 0.00 0.00 0.00 0.00 0.00 0.00 0.00 0.00 0.00 0.00 0.00 0.00 0.00 2.28 4.78 5.57 7.02 10.09 8.37 4.24 5.45 0.00 0.00 0.00 0.00 9.60 0.00 7.17 9.55 12.81 11.34 10.70 8.21 4.02 4.50 5.09 3.05 1.60 0.88 0.62 1.12 2.25 2.49 0.00 0.00 0.10 2.07 4.18 6.19 3.94
0.00 0.00 0.00 0.00 0.00 0.00 0.00 0.00 1.39 4.02 3.21 2.26 3.94 3.65 3.58 3.04 1.77 1.68 1.68 1.39 0.00 0.07 0.00 0.00 0.00 0.07 0.00 0.00 0.00 0.00 0.00 0.00 0.00 0.00 0.00 0.00 0.00 0.00 0.00 0.00 0.00 0.00 0.00 0.00 0.00 0.00 0.66 0.75 2.98 7.38 7.70 6.39 4.93 0.00 3.09 6.07 0.00 0.00 0.00 0.00 8.47 5.70 7.96 9.17 10.69 8.19 11.21 6.27 6.40 7.12 4.36 2.63 2.02 0.93 0.69 2.34 2.35 0.85 0.19 1.13 2.82 1.58 3.65 2.55
0.00 0.00 0.00 0.00 0.00 0.00 0.00 0.00 2.26 2.26 2.19 2.41 3.07 5.69 3.87 3.96 2.63 3.87 3.61 3.43 0.58 1.02 1.10 0.51 0.00 0.37 0.00 0.00 0.00 0.00 0.00 0.00 0.00 0.00 0.00 0.66 0.00 0.00 0.00 1.17 0.37 0.00 0.00 0.00 0.00 0.00 0.00 3.40 5.72 8.64 9.90 5.80 0.00 0.00 0.00 0.00 0.00 0.00 0.00 0.00 0.00 7.93 8.58 6.26 7.83 10.02 9.58 8.98 10.97 8.01 4.83 3.08 2.43 2.09 0.97 2.48 1.83 1.22 1.73 0.89 1.70 1.30 0.00 0.00
0.00 0.00 0.00 0.00 0.00 0.00 0.00 0.00 0.00 0.00 0.00 0.00 0.00 0.00 0.00 0.00 0.00 0.00 0.00 1.83 4.16 4.53 4.09 5.18 4.23 1.46 2.41 2.77 1.39 0.00 1.53 2.19 0.88 0.00 5.04 5.18 7.81 7.30 5.91 4.92 4.74 6.34 4.45 4.45 2.12 0.00 3.07 2.86 4.28 2.77 0.00 0.00 0.00 0.00 0.00 0.00 0.00 0.00 0.00 0.00 0.00 0.00 0.00 0.00 0.00 8.52 6.45 5.87 6.56 5.41 5.89 3.16 1.95 2.37 1.30 0.00 1.63 1.19 0.00 0.00 0.00 0.00 0.00 0.00
0.00 0.00 0.00 0.00 0.00 0.00 0.00 0.00 0.00 0.00 0.00 0.00 0.00 0.00 0.00 0.00 0.00 0.00 0.00 2.41 2.26 3.48 3.50 4.31 4.89 3.26 4.19 4.60 4.96 4.31 4.89 4.74 3.07 2.99 4.23 6.42 7.23 6.13 6.94 7.08 6.96 7.26 7.45 8.32 6.72 3.87 5.40 2.92 5.84 0.00 0.00 0.00 0.00 0.00 0.00 0.00 0.00 0.00 0.00 0.00 0.00 0.00 0.00 0.00 0.00 0.00 0.00 0.00 0.00 0.00 0.00 2.96 1.67 0.44 1.05 1.20 0.26 0.00 0.00 0.00 0.00 0.00 0.00 0.00
0.00 0.00 0.00 0.00 0.00 0.00 0.00 0.00 0.00 0.00 0.00 0.00 0.00 0.00 0.00 0.00 0.00 0.00 0.00 0.00 0.00 0.00 0.00 1.75 2.41 4.11 5.59 6.64 7.59 7.59 8.32 4.96 2.59 2.26 2.48 5.30 7.81 10.29 2.85 3.58 3.24 2.56 5.98 7.59 5.01 8.76 4.47 4.42 4.87 0.00 0.00 0.00 0.00 0.00 0.00 0.00 0.00 0.00 0.00 0.00 0.00 0.00 0.00 0.00 0.00 0.00 0.00 0.00 0.00 0.00 0.00 1.80 0.00 0.00 0.00 0.52 0.00 0.00 0.00 0.00 0.00 0.00 0.00 0.00
0.00 0.00 0.00 0.00 0.00 0.00 0.00 0.00 0.00 0.00 0.00 0.00 0.00 0.00 0.00 0.00 0.00 0.00 0.00 0.00 0.00 0.00 0.00 0.00 0.00 1.46 1.53 2.77 4.09 4.31 4.16 5.34 0.00 0.00 1.39 0.00 0.00 2.19 0.00 0.00 0.00 0.00 0.00 0.00 0.00 0.00 7.69 0.00 0.00 0.00 0.00 0.00 0.00 0.00 0.00 0.00 0.00 0.00 0.00 0.00 0.00 0.00 0.00 0.00 0.00 0.00 0.00 0.00 0.00 0.00 0.00 0.00 0.00 0.00 0.00 0.00 0.00 0.00 0.00 0.00 0.00 0.00 0.00 0.00
0.00 0.00 0.00 0.00 0.00 0.00 0.00 0.00 0.00 0.00 0.00 0.00 0.00 0.00 0.00 0.00 0.00 0.00 0.00 0.00 0.00 0.00 0.00 0.00 0.00 0.00 0.00 0.00 0.00 3.58 0.00 0.00 0.00 0.00 0.00 0.00 0.00 0.00 0.00 0.00 0.00 0.00 0.00 0.00 0.00 0.00 0.00 0.00 0.00 0.00 0.00 0.00 0.00 0.00 0.00 0.00 0.00 0.00 0.00 0.00 0.00 0.00 0.00 0.00 0.00 0.00 0.00 0.00 0.00 0.00 0.00 0.00 0.00 0.00 0.00 0.00 0.00 0.00 0.00 0.00 0.00 0.00 0.00 0.00
0.00 0.00 0.00 0.00 0.00 0.00 0.00 0.00 0.00 0.00 0.00 0.00 0.00 0.00 0.00 0.00 0.00 0.00 0.00 0.00 0.00 0.00 0.00 0.00 0.00 0.00 0.00 0.00 0.00 0.00 0.00 0.00 0.00 0.00 0.00 0.00 0.00 0.00 0.00 0.00 0.00 0.00 0.00 0.00 0.00 0.00 0.00 0.00 0.00 0.00 0.00 0.00 0.00 0.00 0.00 0.00 0.00 0.00 0.00 0.00 0.00 0.00 0.00 0.00 0.00 0.00 0.00 0.00 0.00 0.00 0.00 0.00 0.00 0.00 0.00 0.00 0.00 0.00 0.00 0.00 0.00 0.00 0.00 0.00
0.00 0.00 0.00 0.00 0.00 0.00 0.00 0.00 0.00 0.00 0.00 0.00 0.00 0.00 0.00 0.00 0.00 0.00 0.00 0.00 0.00 0.00 0.00 0.00 0.00 0.00 0.00 0.00 0.00 0.00 0.00 0.00 0.00 0.00 0.00 0.00 0.00 0.00 0.00 0.00 0.00 0.00 0.00 0.00 0.00 0.00 0.00 0.00 0.00 0.00 0.00 0.00 0.00 0.00 0.00 0.00 0.00 0.00 0.00 0.00 0.00 0.00 0.00 0.00 0.00 0.00 0.00 0.00 0.00 0.00 0.00 0.00 0.00 0.00 0.00 0.00 0.00 0.00 0.00 0.00 0.00 0.00 0.00 0.00
