Wansh/Snow_depth/snowdepth-1994/winter/1994361.txt
ncols 321
nrows 161
xllcenter 60
yllcenter 15 
cellsize  0.25 
NODATA_value -1
[rows 0 to 37 of 161, columns 84 to 167 of 321]
11.75 11.75 10.22 9.27 8.61 8.98 4.67 4.67 4.67 5.91 6.57 6.64 7.88 7.81 7.81 7.59 8.61 8.47 8.47 8.10 8.69 7.01 7.74 6.35 3.21 1.61 1.75 1.17 0.88 0.73 2.19 3.58 2.70 7.01 8.32 8.10 9.56 9.78 7.52 5.91 6.42 4.45 3.72 3.72 3.65 2.77 3.21 1.02 2.41 1.75 3.94 3.87 4.53 4.67 4.67 4.16 4.16 4.38 3.50 3.80 1.83 1.61 1.68 1.97 2.56 2.56 3.07 3.07 3.07 3.72 3.50 5.04 7.23 7.23 6.13 7.23 6.94 8.83 9.13 9.34 8.32 8.76 7.88 7.96
9.34 9.42 9.49 8.76 7.74 0.00 0.00 3.94 4.09 6.06 5.84 6.13 6.13 5.84 4.82 4.74 5.40 7.08 7.08 6.86 8.03 6.57 6.50 6.57 4.38 3.87 1.31 1.46 1.31 0.88 0.66 2.34 4.38 3.94 7.52 6.42 6.35 6.72 6.86 7.08 5.26 4.96 6.64 6.64 7.96 4.96 4.89 5.04 5.11 2.92 2.77 2.92 2.41 2.41 3.58 3.50 4.31 5.26 5.18 5.69 5.55 2.48 2.99 2.92 3.72 3.87 3.87 5.62 5.62 6.42 6.50 6.64 6.64 6.86 7.59 7.23 9.64 10.15 10.37 9.56 9.71 9.71 9.49 11.75
10.15 9.13 6.57 6.94 4.74 5.26 4.96 3.21 7.45 7.66 7.45 6.64 6.94 5.77 5.48 5.69 4.53 4.74 4.74 5.48 5.99 6.06 6.13 7.01 5.40 5.48 4.53 1.68 2.48 0.95 1.61 1.83 3.07 3.65 2.85 6.13 8.69 8.47 8.10 8.40 9.27 6.28 5.77 5.77 7.88 11.83 7.88 7.66 4.45 6.20 2.70 2.56 1.83 2.99 2.70 3.58 4.09 5.26 5.91 5.99 7.01 8.54 8.47 8.98 8.83 9.05 9.42 7.30 7.30 10.00 9.13 7.45 6.72 7.08 7.08 8.03 10.73 11.24 10.95 10.29 10.29 12.12 13.07 13.36
10.15 9.13 6.57 6.94 4.74 5.26 4.96 3.21 7.45 7.66 7.45 6.64 6.94 5.77 5.48 5.69 4.53 4.74 4.74 5.48 5.99 6.06 6.13 7.01 5.40 5.48 4.53 1.68 2.48 0.95 1.61 1.83 3.07 3.65 2.85 6.13 8.69 8.47 8.10 8.40 9.27 6.28 5.77 5.77 7.88 11.83 7.88 7.66 4.45 6.20 2.70 2.56 1.83 2.99 2.70 3.58 4.09 5.26 5.91 5.99 7.01 8.54 8.47 8.98 8.83 9.05 9.42 7.30 7.30 10.00 9.13 7.45 6.72 7.08 7.08 8.03 10.73 11.24 10.95 10.29 10.29 12.12 13.07 13.36
8.47 6.50 4.16 7.23 4.23 6.50 6.28 6.86 6.94 6.06 7.30 7.01 7.15 6.94 7.01 6.42 5.40 5.26 5.26 4.82 4.31 5.26 5.04 7.23 7.01 4.96 5.62 3.07 2.34 2.26 1.83 1.83 1.61 3.29 5.33 4.60 9.05 10.22 10.07 9.86 7.37 8.03 8.69 8.69 12.05 12.05 12.48 12.34 8.03 3.72 4.53 1.83 1.46 1.46 3.14 3.07 3.65 4.74 4.45 6.57 8.69 8.54 9.93 9.78 10.66 10.66 10.73 10.44 10.44 9.27 9.71 7.74 7.59 7.59 6.86 6.79 8.03 9.86 9.56 9.86 7.96 9.93 12.12 12.56
8.54 7.52 8.54 7.30 6.28 6.72 4.23 4.23 3.65 4.67 4.16 5.69 6.13 7.23 7.15 6.72 9.86 8.61 8.61 5.40 5.40 5.84 4.45 4.74 4.82 4.38 3.50 3.80 1.90 1.61 1.75 2.19 2.77 2.34 4.53 6.86 6.13 10.37 10.00 10.66 8.03 8.91 8.76 8.76 8.10 8.47 11.53 10.73 10.80 6.64 2.41 2.85 1.39 2.12 2.34 3.21 2.92 4.02 5.77 5.55 7.59 10.51 9.78 13.43 12.99 13.29 11.39 9.71 9.71 9.93 9.93 11.02 10.95 10.88 9.34 10.29 7.81 6.42 6.42 6.28 8.76 8.18 11.17 11.61
9.05 8.32 8.32 8.69 8.18 7.01 4.89 5.48 5.69 5.26 5.55 5.69 4.96 5.33 8.98 10.15 10.07 9.56 9.56 8.32 6.06 6.64 4.89 3.87 3.65 3.80 2.56 1.02 1.31 2.04 2.41 2.26 2.63 3.58 3.58 6.20 9.56 9.27 9.93 7.88 8.32 6.13 7.08 7.08 7.23 6.57 6.42 10.07 5.69 6.64 2.77 2.99 2.85 2.56 3.43 3.14 4.96 5.77 5.77 6.35 7.66 9.78 12.48 11.97 12.78 12.12 12.56 10.37 10.37 10.44 10.29 11.75 11.97 12.12 11.46 9.56 9.78 8.76 9.20 6.79 7.30 6.79 9.56 8.69
9.05 8.32 8.32 8.69 8.18 7.01 4.89 5.48 5.69 5.26 5.55 5.69 4.96 5.33 8.98 10.15 10.07 9.56 9.56 8.32 6.06 6.64 4.89 3.87 3.65 3.80 2.56 1.02 1.31 2.04 2.41 2.26 2.63 3.58 3.58 6.20 9.56 9.27 9.93 7.88 8.32 6.13 7.08 7.08 7.23 6.57 6.42 10.07 5.69 6.64 2.77 2.99 2.85 2.56 3.43 3.14 4.96 5.77 5.77 6.35 7.66 9.78 12.48 11.97 12.78 12.12 12.56 10.37 10.37 10.44 10.29 11.75 11.97 12.12 11.46 9.56 9.78 8.76 9.20 6.79 7.30 6.79 9.56 8.69
8.25 7.01 7.23 7.59 7.52 8.10 4.96 5.48 5.99 7.45 5.48 3.58 4.45 3.87 6.28 7.37 9.34 8.61 8.61 8.69 8.83 7.74 8.10 5.48 3.29 2.56 2.77 1.83 2.63 2.41 2.34 2.34 2.63 3.50 7.23 5.84 10.37 8.10 8.61 5.11 4.60 5.04 2.92 2.92 3.07 5.11 4.09 2.92 2.99 2.85 3.07 3.72 4.74 5.33 5.33 5.62 4.89 5.04 5.99 5.91 6.86 7.74 7.45 7.96 8.69 8.32 10.22 9.86 9.86 9.86 11.17 12.99 12.34 13.29 13.43 12.92 11.97 11.02 11.32 9.42 10.22 6.72 6.94 6.50
5.99 6.57 7.30 7.59 7.96 7.59 8.32 8.10 8.69 7.88 5.18 2.85 1.97 3.87 3.07 6.79 6.35 7.23 7.23 8.76 8.69 8.40 7.23 3.07 3.72 1.90 2.19 2.04 2.48 1.83 2.26 2.34 3.14 2.70 5.91 6.79 6.42 6.57 4.31 5.04 3.50 2.85 2.77 2.77 3.14 3.80 2.77 3.72 5.11 5.18 6.86 9.05 6.79 6.72 6.50 6.64 6.64 7.23 7.23 7.37 5.69 6.13 6.13 6.13 7.37 9.49 9.13 10.66 10.66 11.68 11.46 12.26 14.02 14.24 13.51 14.67 15.62 15.55 14.82 12.19 13.07 8.83 10.07 6.13
5.84 7.23 6.50 7.96 8.10 8.47 8.98 7.81 5.62 4.60 5.11 3.80 2.48 3.80 5.84 6.64 6.72 7.08 7.08 10.88 10.29 10.44 8.03 3.50 1.61 1.75 1.68 1.39 1.53 1.97 2.34 2.12 2.34 3.21 3.43 4.82 5.04 4.96 4.89 4.38 4.23 7.23 5.33 5.33 5.11 5.18 4.53 4.45 5.62 7.15 6.79 9.56 10.07 10.66 6.79 7.66 7.45 9.20 9.49 9.71 8.83 7.01 7.52 7.59 9.49 9.13 12.19 14.97 14.97 14.31 16.21 15.91 15.77 16.79 15.91 16.21 16.57 17.08 18.54 15.77 15.33 12.63 8.91 10.66
5.84 7.23 6.50 7.96 8.10 8.47 8.98 7.81 5.62 4.60 5.11 3.80 2.48 3.80 5.84 6.64 6.72 7.08 7.08 10.88 10.29 10.44 8.03 3.50 1.61 1.75 1.68 1.39 1.53 1.97 2.34 2.12 2.34 3.21 3.43 4.82 5.04 4.96 4.89 4.38 4.23 7.23 5.33 5.33 5.11 5.18 4.53 4.45 5.62 7.15 6.79 9.56 10.07 10.66 6.79 7.66 7.45 9.20 9.49 9.71 8.83 7.01 7.52 7.59 9.49 9.13 12.19 14.97 14.97 14.31 16.21 15.91 15.77 16.79 15.91 16.21 16.57 17.08 18.54 15.77 15.33 12.63 8.91 10.66
5.55 6.13 5.62 5.84 5.84 6.50 8.25 3.43 4.38 3.72 3.94 5.69 6.72 6.28 8.83 8.54 10.73 10.59 10.59 11.39 10.51 6.86 7.45 4.23 3.36 3.07 3.14 1.75 1.61 1.46 2.04 5.04 4.23 4.38 7.30 6.86 5.77 9.27 10.29 11.97 9.42 8.25 9.13 9.13 8.10 6.94 5.40 7.88 8.25 10.22 10.88 10.15 10.95 7.74 8.25 7.96 9.20 8.76 10.51 10.80 10.88 8.98 8.54 8.47 9.42 10.73 10.00 13.36 13.36 16.35 16.06 17.16 18.61 19.20 20.66 20.59 20.81 19.42 20.08 18.54 17.81 15.62 15.99 14.97
0.00 0.00 3.87 0.00 4.67 0.00 4.23 2.85 3.87 3.65 5.84 7.59 8.83 11.53 10.95 11.46 11.32 10.22 10.22 8.91 9.42 6.64 5.69 3.58 4.02 2.99 1.97 2.34 2.26 6.13 5.26 7.74 11.02 9.64 9.13 12.48 12.70 13.14 14.24 14.75 13.21 9.71 10.22 10.22 9.93 12.34 10.44 10.00 11.61 11.32 12.19 11.61 10.22 9.13 8.18 8.25 8.83 9.86 9.71 9.05 9.20 9.49 9.49 11.10 11.61 11.53 12.63 13.94 13.94 13.51 16.72 18.61 18.54 18.76 20.15 18.47 14.31 15.40 12.12 16.72 17.16 16.06 16.28 13.72
0.00 0.00 0.00 0.00 0.00 0.00 2.77 3.21 5.91 4.89 6.57 8.25 7.37 8.91 10.80 10.73 11.24 10.15 10.15 9.27 9.34 8.61 6.06 4.60 4.67 5.33 3.50 5.55 5.18 7.30 10.29 9.86 11.75 12.48 14.02 13.94 14.67 14.31 14.97 14.31 14.60 15.26 13.36 13.36 13.87 13.94 12.56 10.88 11.39 12.19 12.12 12.34 10.73 10.88 10.73 13.29 14.24 11.53 8.10 9.13 6.06 8.32 9.20 8.69 11.17 12.70 12.34 13.43 13.43 15.33 15.99 17.74 17.16 16.35 17.23 16.79 15.11 6.79 0.00 13.36 10.37 17.37 16.79 16.43
1.90 0.00 0.00 0.00 0.00 0.00 2.41 3.14 2.85 5.26 5.84 5.33 6.64 7.88 8.18 10.44 10.00 10.51 10.51 9.71 8.69 9.20 6.72 5.84 5.26 5.62 5.48 6.20 7.96 7.45 9.86 11.17 11.83 11.90 12.70 14.02 13.87 15.77 16.79 16.50 16.79 14.75 15.40 15.40 12.05 11.24 11.53 9.93 9.78 8.83 10.15 10.59 10.88 11.24 12.85 12.26 13.87 10.22 11.39 6.64 7.45 9.13 8.98 7.96 8.98 8.54 12.70 15.40 15.40 14.82 16.64 16.50 15.91 16.43 15.04 14.53 8.40 11.32 0.00 0.00 9.13 14.97 11.17 14.75
1.90 0.00 0.00 0.00 0.00 0.00 2.41 3.14 2.85 5.26 5.84 5.33 6.64 7.88 8.18 10.44 10.00 10.51 10.51 9.71 8.69 9.20 6.72 5.84 5.26 5.62 5.48 6.20 7.96 7.45 9.86 11.17 11.83 11.90 12.70 14.02 13.87 15.77 16.79 16.50 16.79 14.75 15.40 15.40 12.05 11.24 11.53 9.93 9.78 8.83 10.15 10.59 10.88 11.24 12.85 12.26 13.87 10.22 11.39 6.64 7.45 9.13 8.98 7.96 8.98 8.54 12.70 15.40 15.40 14.82 16.64 16.50 15.91 16.43 15.04 14.53 8.40 11.32 0.00 0.00 9.13 14.97 11.17 14.75
1.90 0.00 4.74 5.55 0.00 0.00 3.29 3.87 3.07 2.34 3.65 3.87 5.69 5.04 7.37 9.34 8.76 8.69 8.69 8.76 6.94 5.99 5.18 5.55 5.55 5.99 6.06 6.72 8.69 10.44 9.49 10.88 13.72 12.92 12.85 13.43 15.11 14.67 15.33 13.51 14.31 13.80 11.46 11.46 11.97 8.69 6.64 8.47 8.47 8.32 8.25 7.01 7.37 7.96 7.96 11.90 11.83 10.59 7.81 8.10 8.76 11.46 10.15 10.88 9.05 11.10 10.73 13.72 13.72 17.45 20.00 16.50 17.37 14.02 14.38 14.45 12.99 8.76 1.02 5.99 8.03 9.64 9.42 11.32
2.92 2.48 4.60 6.28 7.08 6.57 4.67 5.40 3.58 2.12 3.07 4.53 5.26 5.40 6.86 6.50 7.81 6.20 6.20 6.79 6.86 6.13 5.91 5.55 5.62 6.64 9.93 10.95 10.80 11.02 11.39 11.10 13.65 16.21 14.31 14.60 12.63 13.14 13.51 10.95 8.32 8.69 10.88 10.88 8.10 8.32 5.91 5.33 4.96 6.13 5.91 5.69 7.15 7.74 8.10 8.25 8.98 10.00 9.56 13.29 18.10 20.44 20.44 18.10 16.13 16.43 15.62 20.29 20.29 20.59 21.17 16.43 10.95 10.88 10.95 12.26 8.91 6.06 4.16 6.50 5.26 9.42 9.49 9.86
2.12 2.77 0.00 0.00 5.18 7.08 6.94 4.53 4.60 3.94 3.80 4.23 3.65 4.53 4.60 3.94 4.96 4.53 4.53 6.35 6.42 6.13 6.28 6.35 8.83 8.32 10.88 12.12 10.73 11.53 8.69 14.02 13.51 14.82 12.63 11.10 12.26 5.33 0.00 7.23 6.94 8.61 7.81 7.81 8.54 6.20 6.57 6.28 10.80 15.33 15.11 17.30 17.74 9.93 9.64 10.22 10.15 10.51 12.48 11.90 15.04 20.08 20.15 20.59 18.32 17.96 18.98 18.98 18.98 17.96 12.63 9.64 10.07 9.27 10.15 7.96 6.86 7.15 6.42 5.84 5.18 8.69 9.64 11.46
2.48 2.04 0.00 0.00 0.00 0.00 3.14 3.50 4.23 3.80 4.89 3.58 3.80 4.45 4.96 4.45 4.16 4.09 4.09 5.04 5.84 6.06 7.37 7.15 8.91 11.61 11.24 11.39 11.68 8.32 8.69 7.37 10.51 10.88 10.37 5.91 2.92 4.16 0.00 4.38 4.45 9.42 9.27 9.27 9.71 8.25 10.22 9.42 13.87 17.96 20.08 19.78 21.53 19.42 20.00 18.47 17.08 13.21 11.97 10.88 10.95 14.97 11.53 13.58 16.86 16.21 18.54 17.45 17.45 12.63 14.24 9.49 6.28 7.37 7.74 8.03 7.30 6.42 5.62 5.77 5.77 7.52 7.37 9.27
0.66 1.31 0.00 3.07 3.94 3.29 3.87 3.58 5.18 5.84 5.11 5.69 6.42 5.77 6.28 5.62 7.74 6.42 6.42 6.64 5.62 7.15 7.66 10.66 10.15 12.19 16.35 14.45 14.53 13.14 8.10 8.76 6.28 7.81 4.67 5.33 0.80 0.00 0.00 0.00 7.08 8.61 9.27 9.27 6.86 7.45 6.42 5.99 5.55 16.13 17.37 19.20 18.91 19.13 19.05 17.74 18.25 13.72 10.07 10.51 9.93 10.07 10.95 10.59 14.31 16.50 14.24 17.08 17.08 14.31 13.29 7.45 8.54 6.06 8.18 6.94 6.72 7.37 6.86 5.77 5.40 5.99 6.64 6.13
0.66 1.31 0.00 3.07 3.94 3.29 3.87 3.58 5.18 5.84 5.11 5.69 6.42 5.77 6.28 5.62 7.74 6.42 6.42 6.64 5.62 7.15 7.66 10.66 10.15 12.19 16.35 14.45 14.53 13.14 8.10 8.76 6.28 7.81 4.67 5.33 0.80 0.00 0.00 0.00 7.08 8.61 9.27 9.27 6.86 7.45 6.42 5.99 5.55 16.13 17.37 19.20 18.91 19.13 19.05 17.74 18.25 13.72 10.07 10.51 9.93 10.07 10.95 10.59 14.31 16.50 14.24 17.08 17.08 14.31 13.29 7.45 8.54 6.06 8.18 6.94 6.72 7.37 6.86 5.77 5.40 5.99 6.64 6.13
0.00 0.00 0.00 3.29 4.23 6.20 6.20 6.94 7.01 7.08 6.28 6.79 5.84 6.79 7.52 8.76 8.54 7.96 7.96 8.54 7.45 7.37 8.69 10.95 11.39 12.92 15.40 12.78 13.58 13.80 8.98 6.64 7.08 5.11 3.80 0.58 0.88 0.00 0.80 0.00 4.67 4.02 4.31 4.31 3.94 4.45 2.56 2.99 0.00 0.00 0.00 0.00 4.82 12.19 14.75 14.67 11.46 12.26 9.13 8.69 8.83 9.13 10.15 11.17 12.85 12.56 13.72 14.24 14.24 15.04 14.89 13.72 14.24 9.56 7.59 7.37 7.45 7.52 7.74 7.59 7.66 7.23 5.99 6.06
0.00 0.00 0.00 0.00 6.86 7.74 7.23 7.45 6.06 4.74 5.26 4.74 4.31 4.38 7.66 9.34 8.76 8.83 8.83 8.76 6.72 9.05 8.40 10.50 10.34 12.83 12.24 11.10 13.72 13.36 13.80 7.88 4.60 5.11 4.31 0.29 0.22 0.15 1.68 2.04 1.46 3.36 1.90 1.90 0.00 1.68 1.39 0.00 0.00 0.00 0.00 0.00 0.00 0.00 4.09 3.87 3.07 2.56 3.65 3.21 8.03 8.91 10.51 9.86 11.90 12.56 11.61 12.92 12.92 12.70 15.18 15.18 13.07 10.73 7.88 8.32 7.45 7.52 7.96 9.71 9.78 9.20 6.72 6.28
0.00 5.62 7.96 5.84 7.96 7.66 7.81 5.91 4.74 3.29 1.61 0.00 2.77 1.90 5.69 5.11 8.76 7.15 7.15 7.88 6.28 9.05 9.86 11.20 12.27 11.32 11.95 11.36 13.80 15.04 12.19 13.65 7.08 5.99 7.23 4.53 0.73 2.19 1.75 2.70 1.61 2.77 2.63 2.63 1.31 0.00 0.00 0.00 0.00 0.00 0.00 0.00 0.00 0.00 0.00 0.00 0.00 0.00 2.99 7.45 6.13 10.22 10.51 14.82 12.56 12.92 11.02 12.99 12.99 13.21 14.67 13.94 13.29 12.56 9.05 9.42 8.76 10.15 10.15 11.90 7.88 9.13 7.45 6.06
6.20 6.50 7.45 7.30 5.84 4.96 4.60 5.11 3.21 1.02 0.00 0.00 0.00 0.00 0.00 0.00 5.62 3.94 3.94 5.33 5.40 3.48 7.15 5.04 9.76 10.14 11.05 13.79 13.92 16.46 13.87 13.51 13.58 10.00 8.47 9.78 9.93 3.21 2.26 2.77 1.02 1.31 0.44 0.44 1.24 0.00 0.00 0.00 0.00 0.00 0.00 0.00 0.00 0.00 0.00 0.00 0.00 0.00 5.84 5.26 12.12 17.74 21.61 19.20 17.45 14.75 21.17 21.10 21.10 19.49 18.32 14.75 15.33 14.75 11.75 13.80 11.46 12.26 12.56 12.19 11.17 10.22 11.61 11.83
6.35 5.99 6.06 5.99 5.84 5.33 4.60 2.85 0.00 0.00 0.00 0.00 0.00 0.00 0.00 0.00 0.00 1.97 1.97 1.76 0.00 0.00 3.16 0.00 6.00 8.61 7.22 14.68 14.84 12.17 14.97 14.75 14.75 14.89 14.38 14.09 11.10 12.85 3.14 1.83 2.12 0.73 0.29 0.29 0.00 0.00 0.00 0.00 0.00 0.00 0.00 0.00 0.00 0.00 0.00 0.00 0.00 0.00 5.26 9.78 8.03 16.35 22.85 25.40 26.28 24.60 23.58 22.92 22.92 21.10 18.61 15.62 16.13 15.33 14.75 15.18 14.16 14.45 14.89 15.77 14.97 14.24 15.18 14.89
6.35 5.99 6.06 5.99 5.84 5.33 4.60 2.85 0.00 0.00 0.00 0.00 0.00 0.00 0.00 0.00 0.00 1.97 1.98 1.82 0.00 0.00 3.08 0.00 5.91 8.61 7.01 13.64 13.86 12.35 15.12 15.36 16.57 15.76 14.75 14.09 11.10 12.85 3.14 1.83 2.12 0.73 0.29 0.29 0.00 0.00 0.00 0.00 0.00 0.00 0.00 0.00 0.00 0.00 0.00 0.00 0.00 0.00 5.26 9.78 8.03 16.35 22.85 25.40 26.28 24.60 23.58 22.92 22.92 21.10 18.61 15.62 16.13 15.33 14.75 15.18 14.16 14.45 14.89 15.77 14.97 14.24 15.18 14.89
4.74 5.55 6.28 4.89 5.33 5.33 4.16 3.36 1.83 0.00 0.00 0.00 0.00 0.00 0.00 0.00 1.17 2.77 2.77 3.43 0.00 0.00 0.00 0.00 1.27 4.06 3.24 2.49 8.54 7.70 7.82 14.15 15.79 17.42 16.71 17.10 14.01 10.51 12.34 3.14 1.31 0.51 0.80 0.80 0.00 0.00 0.00 0.00 0.73 0.00 0.00 0.00 0.00 0.00 0.00 0.00 0.00 0.00 0.00 4.38 4.38 10.29 17.23 19.20 26.50 24.97 21.83 21.46 21.46 18.03 19.05 16.64 13.94 14.24 15.33 15.70 13.87 13.43 14.89 14.60 13.36 13.87 16.43 17.81
3.50 4.09 4.53 4.96 4.38 3.80 3.87 3.72 3.36 5.04 2.41 0.44 1.68 0.51 0.51 0.00 6.20 5.11 5.11 5.28 5.91 0.00 2.92 1.17 1.17 0.00 0.00 0.00 3.43 3.47 5.55 5.69 9.71 13.15 16.48 18.23 16.75 14.31 11.53 13.21 12.78 3.21 0.22 0.22 0.88 0.00 0.07 0.15 0.29 0.37 0.00 0.00 0.00 0.00 0.00 0.00 0.00 0.00 0.00 0.00 0.00 0.00 13.07 22.34 20.59 19.71 21.24 20.08 20.08 18.76 15.48 13.80 11.53 10.80 14.38 11.02 10.59 11.17 8.54 9.49 10.15 10.51 12.34 14.67
3.36 3.36 4.96 5.18 5.69 5.99 7.08 7.37 7.01 7.08 4.09 5.84 3.80 2.70 6.06 5.33 7.37 7.30 7.30 6.79 5.26 5.33 4.38 1.68 0.00 0.51 0.00 0.00 0.70 0.61 3.21 3.21 8.32 7.74 12.45 14.22 19.33 18.18 15.91 16.79 15.40 16.28 8.76 8.76 0.58 0.80 0.44 0.00 0.00 0.00 0.58 0.00 0.00 0.00 0.00 0.00 0.00 0.00 0.00 0.00 1.17 0.00 5.99 5.55 15.33 18.76 14.38 15.11 15.11 14.82 15.33 8.69 9.42 9.42 8.69 9.86 10.37 9.27 8.98 11.46 12.63 13.21 13.14 13.65
0.95 0.66 2.99 3.72 6.20 3.80 5.11 8.32 7.66 6.86 6.20 6.28 4.38 5.26 7.81 8.47 5.91 6.72 6.72 5.91 5.33 3.87 4.23 2.70 0.95 0.00 0.00 0.00 0.58 0.95 2.12 2.26 3.07 7.88 7.81 9.64 14.45 16.64 18.10 19.47 16.86 12.56 14.53 14.53 8.03 5.84 4.82 0.95 0.00 0.00 0.00 0.66 0.00 0.00 0.00 0.00 0.00 2.19 5.84 4.53 5.48 0.00 1.90 8.47 4.74 7.15 8.98 12.26 12.26 12.41 8.76 7.96 6.06 6.50 6.50 7.88 8.83 11.17 9.56 10.51 10.66 11.24 7.81 7.59
0.00 0.66 0.00 0.00 0.00 0.00 2.48 4.67 2.65 3.50 4.31 4.23 6.42 5.69 7.74 4.09 3.58 1.39 1.39 3.43 2.85 3.80 1.83 1.97 1.61 0.15 0.00 0.29 0.22 0.00 1.31 2.56 2.19 2.34 6.28 10.80 9.71 11.83 12.45 13.18 17.46 14.38 11.17 11.17 12.05 9.34 9.13 7.37 7.74 6.28 4.23 1.90 0.66 0.73 0.00 0.00 0.00 0.00 4.67 6.79 3.21 3.14 0.00 0.00 2.63 4.38 2.41 4.53 4.53 4.89 3.36 5.48 3.29 4.31 6.72 8.47 6.64 7.96 8.25 8.54 5.55 3.50 4.02 4.60
0.07 0.00 0.00 0.00 0.00 0.00 2.12 0.00 4.12 2.41 3.07 4.60 5.99 4.38 2.26 2.63 1.17 0.95 0.95 1.17 1.24 0.73 1.39 0.00 0.00 0.00 0.00 0.00 0.00 0.00 0.83 1.61 2.18 2.19 1.83 5.99 7.88 7.82 8.32 8.25 7.59 13.29 12.05 12.05 11.53 11.61 11.90 10.59 10.07 7.74 8.40 3.87 0.00 0.00 0.00 0.00 0.00 1.61 0.00 3.65 3.58 5.40 0.00 0.00 0.00 0.00 3.50 2.99 2.99 1.83 2.12 2.12 1.90 2.48 6.42 2.56 5.33 4.60 5.04 1.17 2.92 2.41 3.07 2.56
0.07 0.00 0.00 0.00 0.00 0.00 2.12 0.00 4.02 2.41 3.07 4.60 5.99 4.38 2.26 2.63 1.17 0.95 0.95 1.17 1.24 0.73 1.39 0.00 0.00 0.00 0.00 0.00 0.00 0.00 0.80 1.61 2.12 2.19 1.83 6.02 7.88 7.78 8.41 8.25 7.52 13.29 12.05 12.05 11.53 11.61 11.90 10.59 10.07 7.74 8.40 3.87 0.00 0.00 0.00 0.00 0.00 1.61 0.00 3.65 3.58 5.40 0.00 0.00 0.00 0.00 3.50 2.99 2.99 1.83 2.12 2.12 1.90 2.48 6.42 2.56 5.33 4.60 5.04 1.17 2.92 2.41 3.07 2.56
3.43 0.00 0.00 0.00 0.00 0.00 3.80 5.85 6.15 4.89 5.26 4.53 4.38 2.77 1.39 0.44 0.37 1.02 1.02 0.00 0.00 0.00 0.00 0.00 0.00 0.00 0.00 0.00 0.66 0.73 0.73 0.80 0.73 1.17 1.10 1.97 4.67 4.53 4.48 5.11 5.04 3.65 4.74 4.74 4.31 5.91 11.90 11.68 13.07 12.26 8.03 9.27 4.16 0.00 0.00 0.00 0.00 0.00 3.29 0.00 5.33 4.23 4.60 1.61 0.00 0.00 0.00 2.04 2.04 2.04 0.88 0.00 0.00 0.00 0.00 0.00 0.00 0.00 0.00 0.00 1.02 0.00 0.22 0.00
2.04 5.11 5.69 5.62 0.00 0.00 4.60 5.41 6.79 5.77 6.28 4.45 5.11 4.53 1.75 0.07 0.44 0.00 0.00 0.00 0.00 0.00 0.00 0.00 0.00 0.00 0.00 0.00 0.00 0.00 0.00 0.00 0.00 0.95 1.68 2.48 2.41 2.19 2.99 3.07 2.85 2.92 2.70 2.70 2.99 2.92 3.50 4.60 5.62 11.83 6.79 8.69 6.72 2.77 3.29 0.00 0.00 3.58 3.21 4.38 4.38 6.72 5.40 2.34 1.83 0.00 0.00 0.00 0.00 0.00 0.00 0.00 0.00 0.00 0.00 0.00 0.00 0.00 0.00 0.00 0.00 0.00 0.00 0.00
