Wansh/Snow_depth/snowdepth-1994/winter/1994337.txt
ncols 321
nrows 161
xllcenter 60
yllcenter 15 
cellsize  0.25 
NODATA_value -1
[rows 0 to 37 of 161, columns 168 to 251 of 321]
3.21 2.70 1.10 2.34 1.83 1.97 2.26 1.90 3.43 3.43 2.70 2.70 2.70 2.41 2.56 2.19 2.19 2.48 3.58 3.43 3.65 3.50 5.11 5.11 5.11 5.11 4.60 0.00 0.00 0.00 0.00 0.00 0.29 0.00 5.77 5.77 5.55 5.77 5.62 7.66 7.59 6.13 6.79 5.26 6.13 6.20 6.86 6.94 7.01 8.03 7.52 7.81 6.06 6.50 6.42 6.50 6.35 9.64 8.91 8.91 8.91 9.56 9.56 9.56 11.46 11.10 10.44 10.00 10.66 7.15 7.59 6.06 6.28 6.35 6.06 7.23 6.79 8.25 8.03 8.03 7.15 8.10 7.52 7.59
2.04 2.99 3.65 3.65 1.97 1.02 0.88 1.53 2.56 2.56 2.77 2.77 1.83 2.56 2.56 2.56 2.34 2.41 4.16 4.53 3.80 4.02 3.29 4.16 4.09 3.50 0.00 0.00 0.00 0.00 0.00 0.00 0.00 4.53 4.53 4.53 5.33 3.87 6.79 5.99 7.88 8.83 7.81 8.03 7.59 7.59 8.18 6.57 7.37 7.15 7.45 7.08 7.01 7.59 7.59 9.20 10.22 9.86 11.32 10.44 10.44 10.51 9.86 9.13 9.20 9.20 9.49 7.45 6.35 6.42 5.91 6.50 6.57 5.77 6.06 6.20 6.50 7.66 7.81 8.10 6.94 5.84 6.06 5.48
5.33 5.18 4.09 4.60 2.92 2.41 0.58 2.04 1.68 1.68 1.68 1.46 2.34 2.26 2.19 2.92 3.80 4.45 4.23 4.53 4.82 3.87 4.02 4.53 5.48 0.00 0.00 0.00 0.00 0.00 0.00 0.00 0.00 1.90 3.14 3.14 4.02 3.72 7.30 9.49 9.13 9.27 8.32 8.25 8.32 7.30 6.50 6.57 7.45 8.47 8.40 7.45 9.49 9.13 9.93 10.59 10.37 11.02 11.02 9.86 9.86 7.96 9.49 8.10 6.64 6.50 5.62 6.35 5.77 5.99 5.62 5.69 5.69 6.28 6.20 6.28 5.91 5.91 5.84 6.42 5.99 6.20 5.99 5.69
5.33 5.18 4.09 4.60 2.92 2.41 0.58 2.04 1.68 1.68 1.68 1.46 2.34 2.26 2.19 2.92 3.80 4.45 4.23 4.53 4.82 3.87 4.02 4.53 5.48 0.00 0.00 0.00 0.00 0.00 0.00 0.00 0.00 1.90 3.14 3.14 4.02 3.72 7.30 9.49 9.13 9.27 8.32 8.25 8.32 7.30 6.50 6.57 7.45 8.47 8.40 7.45 9.49 9.13 9.93 10.59 10.37 11.02 11.02 9.86 9.86 7.96 9.49 8.10 6.64 6.50 5.62 6.35 5.77 5.99 5.62 5.69 5.69 6.28 6.20 6.28 5.91 5.91 5.84 6.42 5.99 6.20 5.99 5.69
5.69 5.91 6.35 4.09 2.48 2.77 1.02 1.24 1.61 1.61 0.00 1.75 1.83 2.41 2.19 2.99 3.43 2.99 3.21 3.36 4.16 3.43 2.41 5.26 0.00 0.00 0.00 0.00 0.00 0.00 0.00 0.00 2.34 1.75 2.70 2.70 5.26 7.66 7.01 8.69 7.96 7.15 7.30 7.15 7.37 7.37 7.52 8.54 8.54 8.76 9.93 9.34 9.93 10.37 10.51 10.29 9.49 9.20 8.98 7.23 7.23 7.52 6.72 6.50 6.28 5.26 5.33 4.38 4.23 4.89 5.18 5.04 5.62 5.04 5.26 4.96 5.55 6.06 6.35 6.35 6.35 5.62 5.69 5.69
6.72 6.42 7.08 5.84 4.09 2.04 2.19 1.53 2.19 2.19 0.29 1.10 2.41 3.94 3.07 3.36 3.14 2.70 2.19 2.19 2.70 2.41 5.91 7.96 0.00 0.00 0.00 0.00 0.00 0.00 0.00 0.00 3.14 3.58 5.69 5.69 5.04 7.15 8.10 7.96 8.10 6.94 7.37 7.30 7.74 8.61 8.32 8.61 10.51 10.37 11.24 10.66 10.73 10.15 8.25 8.47 7.96 6.72 6.72 6.42 6.42 6.72 6.50 6.42 6.42 5.04 3.94 3.94 3.87 3.58 3.58 4.38 4.89 4.89 4.82 4.89 4.96 5.18 4.67 5.48 5.40 5.62 5.33 5.48
6.79 6.20 6.42 6.57 5.11 3.21 4.31 4.45 4.60 4.60 4.67 4.23 4.31 4.02 3.21 2.70 2.19 2.19 1.61 2.85 0.00 0.00 0.00 0.00 0.00 0.00 0.00 0.00 0.00 0.00 3.50 4.02 3.87 5.11 7.74 7.74 8.83 8.69 8.47 6.20 6.57 6.35 8.03 8.91 8.69 8.98 10.29 10.07 10.66 11.53 11.32 10.29 7.81 8.40 7.52 6.28 6.42 6.20 6.20 6.20 6.20 6.57 6.20 6.57 5.40 4.16 4.45 3.72 3.43 3.36 3.58 3.43 4.09 3.14 3.36 3.21 3.72 4.09 3.87 3.80 5.76 5.77 6.03 6.42
6.79 6.20 6.42 6.57 5.11 3.21 4.31 4.45 4.60 4.60 4.67 4.23 4.31 4.02 3.21 2.70 2.19 2.19 1.61 2.85 0.00 0.00 0.00 0.00 0.00 0.00 0.00 0.00 0.00 0.00 3.50 4.02 3.87 5.11 7.74 7.74 8.83 8.69 8.47 6.20 6.57 6.35 8.03 8.91 8.69 8.98 10.29 10.07 10.66 11.53 11.32 10.29 7.81 8.40 7.52 6.28 6.42 6.20 6.20 6.20 6.20 6.57 6.20 6.57 5.40 4.16 4.45 3.72 3.43 3.36 3.58 3.43 4.09 3.14 3.36 3.71 5.14 5.88 5.30 6.46 9.51 7.68 7.76 6.66
4.31 5.33 6.06 5.26 4.23 4.53 3.94 4.60 5.55 5.55 4.89 3.87 4.38 1.75 1.97 1.10 1.61 2.92 0.00 0.00 0.00 0.00 0.00 0.00 0.00 0.00 0.00 1.90 0.88 3.29 3.50 4.16 5.55 5.04 8.18 8.18 9.34 7.23 7.66 5.69 5.84 6.35 6.06 8.76 9.42 9.05 11.10 11.97 11.68 11.46 9.27 9.86 7.74 6.42 6.28 5.99 4.82 5.04 6.28 6.79 6.79 6.79 5.62 5.04 5.33 4.09 4.09 4.02 4.02 3.87 3.87 4.02 4.02 3.69 3.96 4.79 5.50 4.76 4.14 5.77 6.35 4.93 5.92 6.64
3.72 4.09 4.23 5.04 4.89 4.67 3.58 3.87 5.48 5.48 3.36 4.09 2.56 1.83 2.04 1.75 0.00 0.00 0.00 0.00 0.00 0.00 0.00 0.00 0.00 0.73 2.19 4.31 3.94 3.80 4.16 4.38 4.96 5.62 6.50 6.50 6.42 5.77 6.06 5.69 5.55 7.66 10.07 9.86 9.71 10.37 10.29 12.05 9.27 9.86 8.69 6.28 6.42 5.48 5.84 6.06 6.28 6.94 6.64 8.25 8.25 7.81 6.50 5.62 4.89 4.89 4.89 3.43 3.65 3.94 4.23 4.09 4.09 4.80 5.17 4.97 4.87 5.43 5.59 4.95 5.29 6.66 7.30 7.30
5.55 4.74 5.04 4.38 4.45 4.60 4.53 4.31 4.09 4.09 3.72 3.80 2.70 0.00 0.00 0.00 0.00 0.00 0.00 0.00 0.00 0.00 1.83 2.04 2.04 3.50 3.72 3.21 3.65 3.80 3.94 4.31 4.16 5.62 5.77 5.77 5.77 7.01 7.45 8.03 7.37 9.78 9.86 9.56 9.42 9.71 7.45 8.10 8.18 7.96 6.50 6.64 6.28 6.35 6.28 7.74 7.30 7.74 9.27 9.13 9.13 9.34 7.66 7.01 6.20 5.62 5.69 5.55 5.69 4.38 3.94 4.23 4.27 3.85 4.14 5.51 6.53 5.37 4.87 5.61 6.72 6.38 6.04 5.50
5.55 4.74 5.04 4.38 4.45 4.60 4.53 4.31 4.09 4.09 3.72 3.80 2.70 0.00 0.00 0.00 0.00 0.00 0.00 0.00 0.00 0.00 1.83 2.04 2.04 3.50 3.72 3.21 3.65 3.80 3.94 4.31 4.16 5.62 5.77 5.77 5.77 7.01 7.45 8.03 7.37 9.78 9.86 9.56 9.42 9.71 7.45 8.10 8.18 7.96 6.50 6.64 6.28 6.35 6.28 7.74 7.30 7.74 9.27 9.13 9.13 9.34 7.66 7.01 6.20 5.62 5.69 5.55 5.69 4.38 3.94 4.23 4.16 3.80 4.02 5.12 5.82 4.97 5.19 5.82 6.72 6.24 6.64 5.89
8.32 7.15 5.55 4.02 4.23 4.60 2.70 4.74 1.17 1.17 0.00 0.00 0.00 0.00 0.00 0.00 0.00 0.00 0.00 0.00 0.80 0.00 4.16 4.02 3.72 3.29 3.50 3.58 3.29 4.82 4.96 5.55 5.33 5.04 6.86 6.86 7.23 7.08 7.37 7.81 9.78 9.86 9.49 8.25 8.03 8.54 6.57 7.30 7.52 7.74 8.25 6.64 6.64 6.64 6.50 7.01 9.20 9.49 9.56 10.07 10.07 10.59 8.32 8.69 8.32 6.72 5.77 5.99 5.48 6.13 5.55 5.62 4.89 4.96 4.34 5.22 6.44 5.50 6.07 6.21 5.98 7.94 6.06 6.72
8.47 7.30 5.84 8.18 5.40 4.09 4.23 3.65 0.00 0.00 0.00 0.00 0.00 0.00 0.00 0.00 0.00 0.00 1.02 3.36 2.34 3.72 2.41 5.18 5.26 4.38 5.55 5.91 6.28 6.13 6.13 7.01 6.64 6.79 6.79 6.79 6.86 6.79 7.59 7.23 8.18 8.98 8.98 8.69 7.74 7.08 6.94 7.66 7.88 8.83 8.98 7.88 7.01 6.86 8.54 8.32 8.32 9.05 8.47 8.54 8.54 9.34 9.56 9.56 8.76 8.54 8.54 7.30 6.42 6.42 6.35 5.99 6.20 6.19 6.56 7.19 5.72 6.33 6.18 6.30 6.84 6.41 6.40 7.42
13.51 12.92 13.43 10.37 8.10 9.42 7.74 5.62 2.26 2.26 0.00 0.00 0.00 0.00 0.00 3.80 3.29 2.04 1.97 4.60 4.60 5.91 4.96 5.62 6.06 6.06 6.79 6.94 5.91 6.50 6.57 6.42 6.35 5.84 6.79 6.79 6.50 7.37 7.01 7.15 7.52 6.72 6.94 7.01 7.15 6.86 6.06 8.10 7.52 8.83 8.54 8.47 8.61 8.69 8.40 10.00 10.07 9.49 8.83 9.56 9.56 9.34 10.59 10.15 9.13 8.32 7.23 7.52 7.45 9.05 8.76 6.94 5.42 7.65 6.09 6.53 6.33 6.60 7.07 6.36 6.76 6.26 7.15 7.25
11.53 13.21 11.68 11.46 11.61 10.73 9.34 5.91 6.35 6.35 4.38 5.11 4.16 5.40 4.82 5.69 5.18 6.20 5.62 5.69 4.45 5.91 6.13 5.91 6.86 6.35 7.74 4.82 5.69 6.35 5.40 4.96 5.55 5.84 7.01 7.01 5.55 5.84 5.99 4.96 6.35 5.91 6.72 4.74 5.04 5.04 4.74 6.94 8.25 7.66 8.25 8.98 9.13 9.05 10.07 9.93 10.59 9.93 10.29 9.64 9.64 10.80 10.73 9.86 8.69 9.05 8.18 7.74 7.52 8.76 7.96 8.65 8.01 7.88 8.07 7.70 8.15 7.72 7.30 7.75 7.75 7.57 7.06 7.54
11.53 13.21 11.68 11.46 11.61 10.73 9.34 5.91 6.35 6.35 4.38 5.11 4.16 5.40 4.82 5.69 5.18 6.20 5.62 5.69 4.45 5.91 6.13 5.91 6.86 6.35 7.74 4.82 5.69 6.35 5.40 4.96 5.55 5.84 7.01 7.01 5.55 5.84 5.99 4.96 6.35 5.91 6.72 4.74 5.04 5.04 4.74 6.94 8.25 7.66 8.25 8.98 9.13 9.05 10.07 9.93 10.59 9.93 10.29 9.64 9.64 10.80 10.73 9.86 8.69 9.05 8.18 7.74 7.52 8.76 7.96 10.63 7.51 8.57 7.25 9.53 8.27 8.53 7.45 6.99 7.49 6.51 7.67 8.56
9.78 8.61 11.61 11.32 10.37 10.73 8.40 7.15 6.42 6.42 5.40 5.18 5.18 5.91 5.18 5.77 7.15 7.45 6.94 6.50 4.45 5.62 5.11 5.33 4.60 4.67 4.89 5.33 5.40 4.53 4.74 4.82 5.91 5.40 5.62 5.62 5.84 5.40 4.67 4.82 4.82 4.38 4.23 4.74 2.92 3.94 3.94 4.60 6.50 7.01 7.01 7.01 8.32 8.61 7.01 6.42 10.15 8.69 6.86 6.57 6.57 9.93 8.83 8.98 7.23 5.99 5.04 5.26 4.16 4.09 7.26 6.55 7.21 7.35 8.02 8.45 7.94 7.54 7.25 7.94 7.30 7.60 7.72 6.55
8.47 7.74 11.32 10.80 9.56 8.32 7.66 4.60 4.82 4.82 5.26 5.04 6.57 6.79 7.45 7.74 7.59 7.52 6.64 6.20 5.55 5.84 3.50 3.72 3.80 4.53 4.02 4.38 4.09 4.60 4.53 5.40 5.62 5.77 4.96 4.96 5.33 5.11 4.23 3.87 4.09 3.80 2.56 2.19 2.56 1.46 4.09 3.80 4.53 4.89 5.48 5.40 7.23 5.62 5.91 0.00 2.12 6.06 4.53 3.58 3.58 3.07 2.92 3.36 5.04 3.87 4.23 2.99 3.07 1.69 1.77 1.47 2.55 3.03 4.63 4.74 6.08 6.44 6.71 5.92 6.04 6.01 5.61 7.09
8.32 6.79 8.03 7.81 8.76 7.74 6.42 5.33 5.69 5.69 5.33 5.26 4.96 5.55 6.79 6.72 6.06 6.64 6.35 5.40 5.62 4.96 4.45 3.43 4.09 3.94 3.94 4.31 3.87 4.31 5.18 4.82 5.33 6.94 5.91 5.91 4.82 5.04 5.04 4.31 3.07 2.34 2.85 1.31 1.17 1.02 1.83 3.14 3.36 3.43 5.91 8.10 8.10 4.60 0.00 0.00 0.73 0.00 0.00 1.90 1.90 2.41 2.99 2.85 1.39 0.00 1.97 1.46 0.66 0.80 0.66 1.75 1.46 2.34 4.16 6.06 6.46 8.54 7.60 6.41 6.69 5.59 5.23 5.67
5.62 5.33 5.18 3.80 4.53 6.64 5.11 4.16 3.36 3.36 3.29 3.50 5.04 4.96 5.69 7.08 6.42 5.91 5.84 5.40 4.89 6.64 7.08 6.20 4.31 3.87 3.80 4.23 4.09 4.45 5.48 7.59 7.08 7.23 5.91 5.91 6.94 5.84 6.06 3.80 2.41 1.75 1.46 1.46 2.19 2.19 2.19 4.16 3.50 4.82 4.45 7.59 5.11 5.77 0.00 0.00 0.00 0.00 0.00 0.07 0.07 0.51 1.17 0.58 0.88 0.00 0.00 0.00 0.00 0.00 0.29 0.44 1.97 2.99 3.36 7.97 10.57 10.24 10.78 11.06 10.18 7.14 8.62 5.00
3.58 4.60 3.29 3.36 3.87 3.87 3.29 3.14 3.21 3.21 2.77 4.09 4.82 6.28 5.99 6.42 5.91 5.48 6.57 5.62 7.30 6.57 6.94 6.42 3.87 6.06 5.40 5.48 5.48 4.82 7.81 8.40 7.08 8.54 7.52 7.52 7.74 5.69 3.36 3.87 3.21 2.63 1.31 3.36 4.09 3.36 5.04 5.84 6.06 5.04 2.99 3.29 3.07 0.00 0.00 0.00 0.00 0.00 0.00 0.00 0.00 0.00 0.00 0.00 0.00 0.00 0.00 0.00 0.00 0.00 0.00 0.51 0.29 1.39 3.12 5.65 6.30 8.89 11.22 9.36 9.00 8.07 6.88 5.13
3.58 4.60 3.29 3.36 3.87 3.87 3.29 3.14 3.21 3.21 2.77 4.09 4.82 6.28 5.99 6.42 5.91 5.48 6.57 5.62 7.30 6.57 6.94 6.42 3.87 6.06 5.40 5.48 5.48 4.82 7.81 8.40 7.08 8.54 7.52 7.52 7.74 5.69 3.36 3.87 3.21 2.63 1.31 3.36 4.09 3.36 5.04 5.84 6.06 5.04 2.99 3.29 3.07 0.00 0.00 0.00 0.00 0.00 0.00 0.00 0.00 0.00 0.00 0.00 0.00 0.00 0.00 0.00 0.00 0.00 0.00 0.51 0.29 1.39 2.99 5.68 4.89 7.82 9.40 10.89 11.01 8.24 5.39 4.73
3.50 3.07 3.07 3.43 3.58 3.36 3.50 3.36 3.72 3.72 4.74 5.11 4.38 4.09 3.72 4.96 6.64 6.35 6.79 8.03 7.08 6.72 6.72 5.62 7.37 7.08 6.86 8.54 9.42 8.98 9.34 8.25 6.57 7.66 7.59 7.59 7.59 8.32 5.40 8.18 4.53 3.65 10.88 8.03 10.29 10.95 7.66 6.79 7.01 5.84 1.39 0.15 0.07 0.00 0.00 0.00 0.00 0.00 0.00 0.00 0.00 0.00 0.00 0.00 0.00 0.00 0.00 0.00 0.00 0.00 0.00 0.22 1.31 1.17 1.83 3.01 5.92 7.51 9.28 9.62 7.08 5.59 3.96 5.15
1.90 2.12 2.04 2.63 2.92 3.36 1.75 2.56 4.02 4.02 4.02 3.87 3.87 3.58 4.38 5.11 5.33 5.62 6.13 6.94 7.30 6.72 6.42 6.28 7.59 7.96 9.49 9.05 9.56 9.27 8.10 6.13 6.42 7.01 11.02 11.02 12.26 14.16 14.09 11.46 17.01 15.55 14.53 15.77 11.17 4.67 5.91 6.28 2.19 2.48 0.73 0.07 0.00 0.00 0.00 0.00 0.00 0.00 0.00 0.00 0.00 0.00 0.00 0.00 0.00 0.00 0.15 0.00 0.00 0.15 0.22 0.66 0.51 1.53 2.85 3.36 3.41 4.16 5.14 5.67 6.93 4.21 4.06 1.75
1.31 2.85 1.83 1.68 2.63 1.97 1.90 2.70 3.58 3.58 4.31 5.33 5.40 5.11 5.26 4.60 5.26 5.77 5.55 4.89 7.23 6.50 6.57 7.37 8.40 8.18 9.20 9.05 8.98 8.91 8.69 8.03 9.56 10.80 10.73 10.73 10.66 15.18 14.24 17.89 17.08 18.25 11.97 12.63 10.29 1.83 0.00 0.00 0.51 0.00 0.00 0.00 0.00 0.00 0.00 0.00 0.00 0.00 0.00 0.00 0.00 0.00 0.00 0.00 0.00 0.00 0.00 0.00 0.22 0.00 0.00 0.37 1.41 1.25 2.59 4.01 3.88 3.65 3.96 4.94 2.00 1.83 2.29 2.17
6.20 6.64 3.72 8.03 3.36 2.70 3.36 3.14 3.80 3.80 3.29 4.74 5.40 3.94 4.89 6.13 5.77 5.91 5.69 5.11 5.18 5.69 7.81 7.30 8.40 8.25 8.03 4.74 7.66 7.23 7.23 6.57 6.28 2.77 8.32 8.32 6.64 12.56 8.47 12.85 6.86 6.64 6.72 1.17 0.00 0.58 0.00 0.00 0.00 0.00 0.00 0.00 0.00 0.00 0.00 0.00 0.15 0.00 0.00 0.00 0.00 0.00 0.00 0.00 0.00 0.00 0.66 0.22 0.22 0.00 0.22 0.07 1.13 3.35 5.55 5.77 6.29 3.22 1.75 1.72 1.88 2.02 2.47 1.00
9.78 13.80 10.44 6.13 5.11 2.34 1.53 1.31 1.39 1.39 1.46 2.70 1.75 2.48 3.58 0.66 2.12 4.67 2.63 3.36 1.53 2.70 4.38 5.69 3.36 1.75 1.90 2.56 3.50 1.90 2.63 2.56 4.02 1.39 3.87 3.87 3.36 4.74 5.84 0.00 2.34 0.58 0.66 0.00 0.00 0.00 0.00 0.00 0.00 0.00 0.00 0.07 0.58 0.00 0.22 0.22 0.00 0.00 0.00 0.00 0.00 0.00 0.00 0.00 0.00 0.00 0.37 0.73 0.00 0.00 0.15 1.81 4.04 3.37 6.01 6.78 3.14 4.14 1.87 1.49 1.29 0.95 0.00 0.00
9.78 13.80 10.44 6.13 5.11 2.34 1.53 1.31 1.39 1.39 1.46 2.70 1.75 2.48 3.58 0.66 2.12 4.67 2.63 3.36 1.53 2.70 4.38 5.69 3.36 1.75 1.90 2.56 3.50 1.90 2.63 2.56 4.02 1.39 3.87 3.87 3.36 4.74 5.84 0.00 2.34 0.58 0.66 0.00 0.00 0.00 0.00 0.00 0.00 0.00 0.00 0.07 0.58 0.00 0.22 0.22 0.00 0.00 0.00 0.00 0.00 0.00 0.00 0.00 0.00 0.00 0.37 0.73 0.00 0.00 0.15 1.79 3.65 3.75 6.41 7.91 3.65 4.00 1.96 1.45 1.37 1.13 0.00 0.00
14.24 14.16 11.83 11.53 3.58 1.02 0.51 0.00 0.07 0.07 0.00 0.22 0.00 1.10 0.00 0.00 0.88 1.02 0.00 0.00 0.00 1.61 1.61 0.51 0.22 0.51 0.22 0.22 0.44 1.02 0.37 0.00 1.31 1.10 1.31 1.31 1.68 1.10 0.00 0.44 0.58 1.02 0.37 0.15 0.00 0.00 0.00 0.00 0.00 0.00 0.00 0.00 0.80 0.58 0.66 0.73 0.00 0.00 0.00 0.00 0.00 0.00 0.00 0.00 0.00 0.51 0.00 0.73 0.00 0.00 0.00 0.96 4.81 6.91 7.64 8.94 5.84 2.63 1.34 0.91 0.36 1.20 0.37 0.15
12.78 14.16 10.22 10.44 8.54 1.39 0.00 0.73 0.15 0.15 0.00 0.00 0.00 0.00 0.00 0.00 0.00 0.00 0.00 0.00 0.00 0.29 0.00 0.00 0.00 0.00 0.00 0.15 0.00 0.22 0.00 0.00 0.00 1.02 0.00 0.00 1.75 0.51 1.02 1.02 0.66 0.37 0.44 0.22 0.29 0.00 1.17 0.00 0.07 0.00 0.00 0.00 0.00 0.00 0.00 0.00 0.00 0.00 0.00 0.00 0.00 0.00 0.00 0.00 0.00 0.00 0.88 0.88 0.88 0.66 1.17 3.46 4.38 8.58 6.84 4.20 2.29 2.56 1.77 1.19 1.22 0.62 0.00 0.00
7.74 8.10 8.32 9.42 7.08 1.90 1.10 1.39 0.73 0.73 0.00 0.00 0.00 0.00 0.00 0.00 0.00 0.00 0.00 0.00 0.00 0.00 0.00 0.00 0.00 0.22 0.00 0.15 0.00 0.00 0.00 0.00 0.00 0.00 0.00 0.00 0.00 0.00 0.00 0.00 0.00 1.02 1.17 0.00 0.00 0.00 0.00 0.00 0.00 0.00 0.00 0.00 0.00 0.00 0.00 0.00 0.00 0.00 0.00 0.00 0.00 0.00 0.00 0.00 0.66 0.51 0.15 1.10 1.17 0.58 0.51 2.68 5.49 4.97 5.07 5.30 1.91 0.89 1.75 1.07 0.27 0.89 0.54 0.00
5.40 5.18 5.11 2.19 2.48 2.63 1.31 0.73 0.15 0.15 0.00 0.00 0.00 0.00 0.00 0.00 0.00 0.00 0.00 0.00 0.00 0.00 0.00 0.00 0.00 0.00 0.00 0.37 0.00 0.00 0.00 0.00 0.00 0.00 0.00 0.00 0.00 0.00 0.00 0.00 0.00 0.00 0.00 0.00 0.00 0.00 0.00 0.00 0.00 0.00 0.00 0.00 0.00 0.00 0.00 0.00 0.00 0.00 0.00 0.00 0.00 0.00 0.00 0.00 0.44 0.73 1.68 1.46 1.39 0.58 1.68 3.76 3.95 5.82 3.82 1.99 2.28 1.58 1.44 1.03 0.00 0.00 0.00 0.00
2.63 1.46 2.63 0.73 1.24 0.00 0.00 0.00 0.00 0.00 0.00 0.00 0.00 0.00 0.00 0.00 0.00 0.00 0.00 0.00 0.00 0.00 0.00 0.00 0.00 0.00 0.00 0.00 0.00 0.00 0.00 0.00 0.00 0.00 0.00 0.00 0.00 0.00 0.00 0.00 0.00 0.00 0.00 0.00 0.00 0.00 0.00 0.00 0.00 0.00 0.00 0.00 0.00 0.00 0.00 0.00 0.00 0.00 0.00 0.00 0.00 0.00 0.80 0.51 0.58 0.95 1.31 1.10 1.02 0.44 0.88 1.39 2.76 2.32 2.46 2.52 1.58 1.11 0.18 0.00 0.00 0.00 0.00 0.00
0.00 0.15 1.97 1.24 0.00 0.00 0.00 0.00 0.00 0.00 0.00 0.00 0.00 0.00 0.00 0.00 0.00 0.00 0.00 0.00 0.00 0.00 0.00 0.00 0.00 0.00 0.00 0.00 0.00 0.00 0.00 0.00 0.00 0.00 0.00 0.00 0.00 0.00 0.00 0.00 0.00 0.00 0.00 0.00 0.00 0.00 0.00 0.00 0.00 0.00 0.00 0.00 0.00 0.00 0.00 0.00 0.00 0.00 0.00 1.02 1.02 1.02 0.95 0.44 0.22 0.73 0.58 0.37 0.80 1.02 1.46 1.47 1.71 1.94 2.21 1.01 0.28 0.00 0.17 0.00 0.00 0.00 0.00 0.00
0.00 0.15 1.97 1.24 0.00 0.00 0.00 0.00 0.00 0.00 0.00 0.00 0.00 0.00 0.00 0.00 0.00 0.00 0.00 0.00 0.00 0.00 0.00 0.00 0.00 0.00 0.00 0.00 0.00 0.00 0.00 0.00 0.00 0.00 0.00 0.00 0.00 0.00 0.00 0.00 0.00 0.00 0.00 0.00 0.00 0.00 0.00 0.00 0.00 0.00 0.00 0.00 0.00 0.00 0.00 0.00 0.00 0.00 0.00 1.02 1.02 1.02 0.95 0.44 0.22 0.73 0.58 0.37 0.80 1.02 1.46 1.46 1.69 1.91 2.21 1.06 0.25 0.00 0.17 0.00 0.00 0.00 0.00 0.00
0.00 0.00 1.02 0.00 0.00 0.00 0.00 0.00 0.00 0.00 0.00 0.00 0.00 0.00 0.00 0.00 0.00 0.00 0.00 0.00 0.00 0.00 0.00 0.00 0.00 0.00 0.00 0.00 0.95 0.00 0.00 0.00 0.00 0.00 0.00 0.00 0.00 0.00 0.00 0.00 0.00 0.00 0.00 0.00 0.00 0.00 0.00 0.00 0.00 0.00 0.00 0.00 0.00 0.00 0.00 0.00 0.00 0.00 0.00 0.00 0.00 0.95 0.73 0.00 0.07 0.00 0.22 0.73 0.80 0.44 0.80 1.31 0.73 1.55 1.25 0.53 0.00 0.00 0.00 0.00 0.00 0.00 0.00 0.00
1.24 0.00 0.00 0.00 0.00 0.00 0.00 0.00 0.00 0.00 0.00 0.00 0.00 0.00 0.00 0.00 0.00 0.00 0.00 0.00 0.00 0.00 0.00 0.00 0.00 0.00 0.00 0.00 0.00 0.00 0.00 0.00 0.00 0.00 0.00 0.00 0.00 0.00 0.00 0.00 0.00 0.00 0.00 0.00 0.00 0.00 0.00 0.00 0.00 0.00 0.07 0.80 0.37 0.00 0.00 0.00 0.00 0.00 0.00 0.51 0.51 0.73 0.07 0.00 0.00 0.00 0.15 0.88 1.10 1.61 0.95 1.10 0.37 0.44 0.15 0.00 0.00 0.00 0.00 0.00 0.00 0.00 0.00 0.00
