Wansh/Snow_depth/snowdepth-1994/winter/1994343.txt
ncols 321
nrows 161
xllcenter 60
yllcenter 15 
cellsize  0.25 
NODATA_value -1
[rows 0 to 37 of 161, columns 0 to 83 of 321]
2.19 2.19 2.92 5.18 5.18 5.11 5.11 5.99 6.79 6.57 8.47 8.18 9.27 8.61 8.47 8.47 7.01 7.23 7.52 7.23 7.59 8.32 8.32 8.47 9.20 9.05 9.05 10.29 11.46 11.32 11.39 12.12 11.75 11.10 11.02 11.32 11.39 11.32 12.85 13.21 13.72 12.99 13.07 12.85 12.34 12.56 12.56 12.56 13.72 14.53 13.87 13.87 13.94 16.28 16.28 16.28 16.28 15.62 16.57 17.30 16.35 16.86 15.70 15.84 14.82 13.58 11.02 11.61 8.47 8.76 7.45 7.23 6.86 9.56 8.18 8.10 8.10 8.10 9.20 9.20 9.78 9.05 8.83 8.25
3.14 3.14 3.29 3.72 4.60 5.04 5.69 5.62 6.42 8.40 8.03 8.83 8.83 8.91 7.66 7.88 7.74 6.28 7.45 7.45 9.56 9.78 9.78 10.07 10.00 11.17 11.17 12.41 12.12 12.63 12.99 11.53 12.56 11.68 11.83 11.68 11.75 12.26 13.51 14.60 14.60 14.24 12.70 12.70 13.07 13.07 13.07 12.92 13.21 13.43 13.21 13.21 14.45 14.38 15.48 15.55 15.99 14.75 14.97 14.97 14.89 14.24 13.29 8.40 8.61 9.20 9.56 7.37 9.13 6.42 8.54 7.66 7.96 8.10 6.64 6.86 6.86 6.86 8.83 9.71 9.64 8.69 8.91 7.74
2.56 2.56 3.87 3.72 4.67 5.26 4.89 5.55 4.96 4.82 8.18 8.25 7.96 7.52 7.88 7.81 6.64 7.23 6.13 8.98 8.25 10.07 10.15 10.07 10.88 10.15 10.15 10.29 10.51 10.29 10.88 10.88 10.73 9.86 11.17 10.80 11.39 11.83 11.97 11.53 13.51 11.83 12.48 11.46 12.05 11.83 11.83 11.90 12.78 12.63 14.53 14.53 13.80 14.97 14.67 16.28 15.70 12.99 11.83 9.27 8.32 8.54 7.08 6.06 6.06 6.42 6.20 6.06 5.62 6.06 4.89 5.69 5.55 6.86 7.08 7.96 7.96 8.83 8.69 8.91 8.69 8.76 8.83 8.76
2.56 2.56 3.87 3.72 4.67 5.26 4.89 5.55 4.96 4.82 8.18 8.25 7.96 7.52 7.88 7.81 6.64 7.23 6.13 8.98 8.25 10.07 10.15 10.07 10.88 10.15 10.15 10.29 10.51 10.29 10.88 10.88 10.73 9.86 11.17 10.80 11.39 11.83 11.97 11.53 13.51 11.83 12.48 11.46 12.05 11.83 11.83 11.90 12.78 12.63 14.53 14.53 13.80 14.97 14.67 16.28 15.70 12.99 11.83 9.27 8.32 8.54 7.08 6.06 6.06 6.42 6.20 6.06 5.62 6.06 4.89 5.69 5.55 6.86 7.08 7.96 7.96 8.83 8.69 8.91 8.69 8.76 8.83 8.76
3.50 3.50 3.21 3.29 3.80 4.60 4.89 5.04 4.23 5.33 5.04 5.77 5.33 5.18 5.33 5.26 4.82 4.23 0.00 4.74 8.25 8.32 8.69 8.47 8.91 8.69 8.69 9.27 8.25 8.47 8.54 9.42 9.86 10.66 10.15 10.95 11.75 12.41 11.53 11.61 10.80 9.71 11.17 10.44 10.95 10.73 10.95 10.15 10.44 10.00 11.75 11.75 8.10 9.20 14.75 13.72 9.20 8.98 8.98 8.25 7.15 6.06 6.28 6.35 6.42 5.99 3.21 4.02 2.56 2.77 3.29 1.10 5.48 7.59 7.23 8.10 8.10 6.57 8.91 8.61 8.61 7.01 8.76 7.01
2.85 2.85 3.29 3.36 3.43 4.09 4.09 4.31 4.82 0.00 0.00 0.00 4.23 0.00 3.72 0.00 4.60 0.00 0.00 0.00 5.11 7.15 6.94 7.01 7.15 7.01 7.01 7.23 6.79 8.10 7.66 8.83 10.66 10.15 11.39 11.10 12.12 11.02 10.51 11.39 12.99 8.47 9.64 10.00 8.83 8.61 7.81 7.23 8.03 6.64 6.79 6.79 6.79 7.96 7.45 7.59 8.47 7.30 8.10 7.52 7.59 6.50 6.42 4.74 3.43 3.94 1.75 1.31 1.61 1.46 0.80 0.66 2.92 5.62 6.86 7.01 7.01 5.69 7.45 7.74 5.55 6.35 5.18 5.69
4.23 4.23 4.31 3.14 3.43 3.72 4.09 4.16 4.53 0.00 0.00 0.00 0.00 0.00 0.00 0.00 0.00 0.00 0.00 0.00 3.21 6.64 5.69 7.15 6.57 6.79 6.79 7.88 7.37 7.96 8.61 9.05 9.13 9.13 9.93 9.27 9.34 8.61 8.54 8.40 10.44 8.32 8.10 8.98 8.10 8.32 8.25 6.94 6.72 6.94 6.79 6.79 6.64 3.80 7.01 7.66 3.87 5.26 7.01 6.13 6.20 6.13 3.94 3.21 2.63 3.36 1.10 1.10 2.26 1.75 4.82 6.06 5.69 5.77 0.00 0.00 0.00 0.00 2.48 3.94 3.94 5.26 6.28 6.20
4.23 4.23 4.31 3.14 3.43 3.72 4.09 4.16 4.53 0.00 0.00 0.00 0.00 0.00 0.00 0.00 0.00 0.00 0.00 0.00 3.21 6.64 5.69 7.15 6.57 6.79 6.79 7.88 7.37 7.96 8.61 9.05 9.13 9.13 9.93 9.27 9.34 8.61 8.54 8.40 10.44 8.32 8.10 8.98 8.10 8.32 8.25 6.94 6.72 6.94 6.79 6.79 6.64 3.80 7.01 7.66 3.87 5.26 7.01 6.13 6.20 6.13 3.94 3.21 2.63 3.36 1.10 1.10 2.26 1.75 4.82 6.06 5.69 5.77 0.00 0.00 0.00 0.00 2.48 3.94 3.94 5.26 6.28 6.20
4.16 4.16 3.36 3.50 2.85 3.07 2.99 0.00 0.00 0.00 0.00 0.00 0.00 0.00 0.00 0.00 0.00 0.00 0.00 0.00 3.50 5.33 5.33 6.50 7.15 6.86 6.86 8.10 8.25 8.10 8.32 8.40 8.54 6.13 7.81 7.08 8.32 7.15 8.10 6.72 10.37 9.78 6.79 7.08 6.86 6.72 6.06 6.13 6.86 6.86 5.91 5.91 4.45 4.45 4.53 4.45 4.38 4.31 6.06 6.50 5.77 2.92 3.29 2.85 1.31 1.75 1.83 2.48 8.32 8.18 8.18 6.50 4.82 0.00 0.00 2.92 2.92 2.04 2.19 1.83 5.11 4.31 7.30 8.10
1.90 1.90 1.90 0.00 1.97 2.77 0.00 0.00 0.00 0.00 0.00 0.00 0.00 0.00 0.00 0.00 0.00 0.00 0.00 2.99 0.00 4.31 4.96 6.35 6.50 8.98 8.98 8.40 7.81 7.59 7.08 7.37 6.35 4.23 4.74 4.60 5.48 7.45 7.59 8.32 7.88 6.35 6.94 7.01 6.42 6.06 4.60 6.50 7.01 6.86 6.86 6.86 6.86 4.67 7.15 8.91 8.40 8.32 8.32 7.88 6.06 5.55 3.21 3.65 1.53 2.56 6.72 8.25 7.96 3.72 2.41 3.07 0.00 2.48 3.07 2.63 2.63 3.14 3.29 3.07 4.67 7.96 7.30 8.76
0.00 0.00 1.02 0.88 0.00 0.00 2.85 0.00 2.63 0.00 2.85 1.24 0.00 1.31 1.17 0.66 0.66 1.10 3.07 2.48 4.89 5.48 5.48 5.40 6.94 8.47 8.47 7.88 8.10 7.74 5.69 5.99 4.67 5.26 4.82 5.91 5.91 7.37 6.86 7.23 7.88 7.74 6.28 5.04 4.82 5.33 5.11 6.64 8.40 7.37 7.66 7.66 7.30 7.15 7.88 9.34 9.71 11.02 10.00 8.76 9.05 6.79 5.04 4.96 5.33 5.26 5.99 3.29 2.48 2.70 2.04 1.46 2.63 2.34 0.00 2.56 2.56 2.63 0.00 0.00 3.94 0.00 9.20 9.13
0.00 0.00 1.02 0.88 0.00 0.00 2.85 0.00 2.63 0.00 2.85 1.24 0.00 1.31 1.17 0.66 0.66 1.10 3.07 2.48 4.89 5.48 5.48 5.40 6.94 8.47 8.47 7.88 8.10 7.74 5.69 5.99 4.67 5.26 4.82 5.91 5.91 7.37 6.86 7.23 7.88 7.74 6.28 5.04 4.82 5.33 5.11 6.64 8.40 7.37 7.66 7.66 7.30 7.15 7.88 9.34 9.71 11.02 10.00 8.76 9.05 6.79 5.04 4.96 5.33 5.26 5.99 3.29 2.48 2.70 2.04 1.46 2.63 2.34 0.00 2.56 2.56 2.63 0.00 0.00 3.94 0.00 9.20 9.13
0.00 0.00 1.39 2.19 1.90 0.00 0.00 0.00 0.00 2.19 2.41 2.04 0.95 1.10 1.17 1.31 0.95 1.02 1.61 4.96 6.64 6.42 6.35 6.35 5.77 5.77 5.77 5.55 5.18 4.38 3.87 5.40 5.33 5.33 5.11 5.26 5.18 6.64 6.57 6.79 8.03 9.27 8.25 7.15 6.28 10.22 9.42 9.78 9.34 10.22 10.29 10.29 8.98 10.07 9.56 12.41 12.56 11.68 10.95 8.83 7.37 5.33 5.62 4.60 5.26 3.50 3.14 3.21 3.21 2.26 2.41 2.04 0.00 0.00 0.00 1.75 1.75 1.39 1.17 0.95 4.82 3.43 4.09 5.33
0.00 0.00 0.00 0.00 2.92 3.21 3.58 3.43 4.67 3.80 5.62 4.31 4.09 4.09 4.53 4.89 5.11 4.09 5.11 4.60 6.13 6.94 6.79 5.69 5.91 4.82 4.82 3.72 2.04 3.14 4.23 6.50 5.33 6.42 6.79 6.50 7.45 7.37 8.18 11.02 11.83 11.39 11.10 11.24 11.32 11.46 11.75 11.32 11.02 11.24 10.59 10.59 10.51 11.02 11.32 11.68 11.46 11.83 8.25 9.42 6.28 4.02 0.00 2.48 1.90 3.07 0.00 0.00 0.00 0.00 0.00 0.00 0.00 0.00 1.17 0.58 0.58 0.37 0.44 0.00 2.12 1.46 1.02 0.88
0.00 0.00 0.00 0.00 0.00 4.02 4.45 4.31 6.06 7.59 7.45 7.66 5.33 5.18 5.18 5.77 7.23 7.01 6.94 7.81 7.08 7.37 7.37 6.94 5.33 4.23 4.23 4.02 3.50 5.33 5.33 5.91 6.72 7.23 7.52 8.83 9.86 10.51 10.51 12.48 11.97 11.53 11.32 11.46 11.53 11.97 11.46 11.46 11.02 10.44 10.07 10.07 9.93 10.51 11.17 9.78 10.59 8.32 6.35 6.79 4.60 0.00 0.95 0.00 0.00 0.00 0.00 0.00 0.00 0.00 0.00 0.00 0.00 0.00 0.00 0.00 0.00 0.00 0.00 0.00 0.00 0.29 0.66 0.95
6.06 6.06 6.28 6.20 6.64 4.38 5.11 9.20 10.51 8.10 10.37 8.61 7.81 7.88 7.52 7.88 7.88 7.88 7.59 8.83 8.76 8.76 8.10 6.50 6.35 5.84 5.84 5.62 4.38 6.57 6.72 6.64 7.52 9.20 10.95 10.95 11.17 11.02 12.41 11.75 12.26 12.34 12.05 10.95 10.07 10.44 10.29 10.80 10.44 9.86 9.71 9.71 9.13 9.05 9.20 8.91 8.76 4.16 0.00 0.00 0.07 0.00 0.00 0.00 0.00 0.00 0.00 0.00 0.00 0.00 0.00 0.00 0.00 0.00 0.00 0.00 0.00 0.00 0.00 0.00 0.00 0.00 0.07 0.80
6.06 6.06 6.28 6.20 6.64 4.38 5.11 9.20 10.51 8.10 10.37 8.61 7.81 7.88 7.52 7.88 7.88 7.88 7.59 8.83 8.76 8.76 8.10 6.50 6.35 5.84 5.84 5.62 4.38 6.57 6.72 6.64 7.52 9.20 10.95 10.95 11.17 11.02 12.41 11.75 12.26 12.34 12.05 10.95 10.07 10.44 10.29 10.80 10.44 9.86 9.71 9.71 9.13 9.05 9.20 8.91 8.76 4.16 0.00 0.00 0.07 0.00 0.00 0.00 0.00 0.00 0.00 0.00 0.00 0.00 0.00 0.00 0.00 0.00 0.00 0.00 0.00 0.00 0.00 0.00 0.00 0.00 0.07 0.80
6.79 6.79 6.94 6.42 6.79 7.96 9.86 9.86 11.32 10.95 11.32 9.78 7.59 7.59 7.66 7.52 7.15 7.23 7.81 8.18 8.54 8.69 9.13 7.23 7.74 6.57 6.57 7.81 6.35 5.91 6.06 5.77 8.69 10.80 10.29 11.24 10.80 12.56 12.70 13.36 13.36 10.59 10.22 9.78 10.66 10.80 10.44 9.78 9.78 9.71 9.56 9.56 8.61 8.40 6.72 1.17 0.00 0.00 0.00 0.00 0.00 0.00 0.00 0.00 0.00 0.00 0.00 0.00 0.00 0.00 0.00 0.00 0.00 0.00 0.00 0.00 0.00 0.00 0.00 0.00 0.15 0.37 0.00 0.95
10.44 10.44 9.34 9.64 11.75 9.49 10.80 11.46 11.24 12.05 11.53 10.80 7.96 8.61 7.37 6.13 6.06 7.08 7.37 5.84 7.52 7.30 7.88 8.83 7.88 8.98 8.98 9.13 6.20 5.91 5.40 7.45 8.83 10.80 7.52 6.28 6.57 10.44 4.23 5.62 7.96 8.69 8.03 11.83 11.10 11.46 9.86 9.49 8.91 9.42 9.56 9.56 9.64 3.80 0.00 0.00 0.00 0.00 0.00 0.00 0.00 0.00 0.00 0.00 0.00 0.00 0.51 0.00 0.00 0.00 0.07 0.00 0.00 0.00 0.00 0.00 0.00 0.00 0.00 0.00 0.00 0.00 0.00 0.00
10.37 10.37 12.70 12.63 12.70 12.70 11.68 11.61 11.46 11.10 11.24 11.24 9.42 7.59 7.66 7.59 6.13 4.96 5.04 5.18 5.04 4.16 6.86 8.03 7.59 8.61 8.61 8.83 7.30 6.28 8.10 8.69 8.40 9.05 6.72 3.72 2.92 2.04 3.65 4.60 5.62 5.48 8.40 11.02 11.10 11.53 9.05 8.98 9.27 10.29 5.04 5.04 8.91 2.63 0.00 0.00 0.00 0.00 0.58 1.17 0.95 1.31 0.44 0.80 1.75 0.80 1.10 0.00 0.29 1.10 0.66 2.26 0.29 1.10 0.88 0.00 0.00 0.58 0.00 0.00 0.00 0.00 0.00 0.00
7.81 7.81 11.61 12.70 12.70 12.63 11.75 11.02 11.32 10.44 10.07 9.27 9.42 9.42 9.64 6.86 4.96 5.18 3.50 4.09 4.16 5.04 6.57 7.81 7.45 8.69 8.69 8.18 7.66 8.69 11.10 10.44 8.76 9.49 7.59 7.81 4.38 2.56 3.50 3.21 4.45 3.50 6.57 9.05 4.38 6.86 8.32 7.08 8.76 7.81 0.00 0.00 0.00 0.00 0.00 0.00 0.00 0.00 0.00 0.00 0.66 1.46 1.31 0.66 0.95 0.15 0.66 0.44 0.22 3.14 2.92 3.14 1.46 1.97 0.95 0.88 0.88 0.73 0.44 0.00 0.00 0.00 0.00 0.00
8.69 8.69 9.05 9.05 8.98 8.98 9.20 9.42 9.27 8.83 7.81 7.81 8.76 7.74 6.79 7.23 7.01 6.50 4.23 3.43 1.90 4.31 3.43 2.48 5.55 7.15 7.15 8.83 9.42 6.20 11.75 10.59 9.93 11.46 10.44 10.73 5.55 1.90 0.00 0.88 0.00 0.00 2.56 0.00 0.00 4.09 0.29 1.02 0.80 4.31 0.00 0.00 0.00 0.00 0.00 0.00 1.17 0.00 0.00 0.00 0.00 0.00 0.07 0.00 0.66 1.68 1.90 4.09 2.92 3.29 3.07 2.41 2.34 1.90 0.44 0.80 0.80 0.73 0.15 0.00 0.00 0.00 0.00 0.00
8.69 8.69 9.05 9.05 8.98 8.98 9.20 9.42 9.27 8.83 7.81 7.81 8.76 7.74 6.79 7.23 7.01 6.50 4.23 3.43 1.90 4.31 3.43 2.48 5.55 7.15 7.15 8.83 9.42 6.20 11.75 10.59 9.93 11.46 10.44 10.73 5.55 1.90 0.00 0.88 0.00 0.00 2.56 0.00 0.00 4.09 0.29 1.02 0.80 4.31 0.00 0.00 0.00 0.00 0.00 0.00 1.17 0.00 0.00 0.00 0.00 0.00 0.07 0.00 0.66 1.68 1.90 4.09 2.92 3.29 3.07 2.41 2.34 1.90 0.44 0.80 0.80 0.73 0.15 0.00 0.00 0.00 0.00 0.00
7.37 7.37 8.40 8.10 7.88 8.61 9.42 8.61 8.61 8.54 8.18 6.50 7.15 6.64 7.01 7.08 6.50 6.79 4.31 5.26 2.12 0.15 1.31 4.53 3.14 7.15 7.15 8.32 8.03 11.97 11.90 12.05 11.90 12.78 10.88 8.98 5.91 4.96 0.00 0.00 1.02 2.41 2.77 2.26 0.00 0.00 0.00 0.00 0.00 0.00 0.00 0.00 0.00 0.00 0.00 3.07 1.68 1.17 3.58 0.00 0.00 0.00 1.10 2.77 1.97 2.04 2.63 4.45 3.58 3.65 3.14 0.80 1.24 1.24 0.88 1.46 1.46 0.00 0.00 0.00 0.66 0.00 0.00 1.02
9.34 9.34 7.81 7.66 7.81 7.30 6.64 6.72 5.99 5.33 6.06 5.69 6.94 7.66 6.20 3.58 5.99 7.08 7.08 1.90 0.00 0.00 0.00 0.58 1.75 7.59 7.59 11.90 12.85 10.07 11.17 11.97 11.61 12.99 10.44 6.79 5.18 6.79 0.00 0.00 0.58 1.61 0.29 0.00 0.00 0.00 0.00 0.00 0.00 0.00 0.00 0.00 4.16 5.11 4.67 4.38 2.12 6.94 6.86 5.26 4.02 4.89 5.26 4.02 3.58 5.99 4.67 4.96 3.65 3.14 3.21 2.04 1.97 4.23 2.99 2.56 2.56 4.23 0.00 0.00 1.68 0.80 2.12 1.90
10.80 10.80 9.71 8.03 8.03 7.23 5.69 4.60 4.82 3.50 4.45 5.04 5.62 6.35 7.08 5.26 2.04 0.58 2.04 0.00 0.00 0.00 0.00 0.00 2.04 5.11 5.11 11.10 9.05 10.07 10.07 7.23 8.10 6.13 6.35 2.56 0.00 0.00 0.00 0.00 0.00 0.00 0.00 0.00 0.00 0.00 0.00 0.00 0.00 0.00 2.19 2.19 4.60 6.64 6.13 7.37 7.88 7.88 7.45 7.88 8.32 6.72 7.08 5.99 6.28 6.06 2.04 3.29 2.92 3.36 2.12 2.56 1.83 5.04 5.33 6.57 6.57 6.35 4.67 2.12 2.04 2.63 3.72 4.67
9.78 9.78 9.78 9.27 7.08 4.89 5.48 5.18 4.53 5.04 4.96 4.96 5.04 6.06 0.00 0.80 0.00 0.07 0.00 0.00 0.00 0.00 0.00 0.00 0.00 7.45 7.45 9.64 9.05 9.86 5.18 4.96 3.87 1.83 0.00 0.00 0.00 0.00 0.00 0.00 0.00 0.00 0.00 0.00 0.00 0.00 0.00 0.00 0.00 0.00 1.02 1.02 3.50 1.24 0.00 6.28 6.94 6.06 7.15 7.08 8.61 7.37 4.45 5.33 4.96 4.82 0.07 1.31 0.37 0.22 0.88 0.88 3.94 4.09 2.77 5.62 5.62 4.67 4.53 2.99 2.41 2.19 1.46 2.12
6.57 6.57 7.37 6.72 7.01 4.60 3.72 4.45 4.23 4.82 5.33 0.00 0.00 0.58 0.00 0.80 0.00 0.00 0.00 0.00 0.00 0.00 0.00 0.00 0.15 6.28 6.28 8.61 3.72 3.07 1.02 1.10 0.80 0.00 0.00 0.00 0.00 0.00 0.00 0.00 0.00 0.00 0.00 0.00 0.00 0.00 0.00 0.00 0.00 0.00 0.15 0.15 1.53 1.39 0.00 3.07 0.00 2.34 4.89 5.18 1.90 1.83 2.99 2.70 0.00 0.00 0.00 0.00 0.00 0.00 0.07 0.07 0.00 0.66 0.66 0.51 0.51 2.92 2.63 2.26 2.19 0.29 1.31 0.80
6.57 6.57 7.37 6.72 7.01 4.60 3.72 4.45 4.23 4.82 5.33 0.00 0.00 0.58 0.00 0.80 0.00 0.00 0.00 0.00 0.00 0.00 0.00 0.00 0.15 6.28 6.28 8.61 3.72 3.07 1.02 1.10 0.80 0.00 0.00 0.00 0.00 0.00 0.00 0.00 0.00 0.00 0.00 0.00 0.00 0.00 0.00 0.00 0.00 0.00 0.15 0.15 1.53 1.39 0.00 3.07 0.00 2.34 4.89 5.18 1.90 1.83 2.99 2.70 0.00 0.00 0.00 0.00 0.00 0.00 0.07 0.07 0.00 0.66 0.66 0.51 0.51 2.92 2.63 2.26 2.19 0.29 1.31 0.80
4.89 4.89 4.67 4.89 3.58 3.14 2.99 4.38 3.21 1.83 0.07 0.66 0.00 0.00 0.00 0.00 0.00 0.00 0.00 0.00 0.00 0.00 0.00 0.00 0.66 3.87 3.87 2.12 1.90 0.00 0.00 0.00 0.00 0.00 0.00 0.00 0.00 0.00 0.00 0.00 0.00 0.00 0.00 0.00 0.00 0.00 0.00 0.00 0.44 1.53 3.14 3.14 3.29 2.92 1.10 0.22 0.58 0.80 1.39 0.00 0.22 0.00 0.00 0.00 0.00 0.00 0.00 0.00 0.00 0.00 0.00 0.00 0.00 0.00 0.00 0.00 0.00 0.00 0.66 0.00 0.00 0.00 0.37 1.83
0.00 0.00 0.00 0.00 0.00 1.46 2.34 1.97 3.07 1.90 0.88 0.00 0.00 0.00 0.00 0.00 0.00 0.00 0.00 0.00 0.00 0.00 0.00 0.00 0.00 0.00 0.00 0.00 0.58 0.00 0.00 0.00 0.00 0.00 0.00 0.00 0.00 0.00 0.00 0.00 0.00 0.00 0.00 0.00 0.00 0.00 0.00 0.00 0.66 0.88 3.50 3.50 0.66 0.37 0.00 0.29 0.00 0.00 0.00 0.00 0.00 0.00 0.00 0.00 0.00 0.00 0.00 0.00 0.00 0.00 0.00 0.00 0.00 0.00 0.00 0.00 0.00 0.00 0.00 0.00 0.00 0.00 0.00 0.80
0.00 0.00 0.00 0.00 0.80 1.83 1.75 1.83 0.37 0.00 0.00 0.00 0.00 0.00 0.00 0.00 0.00 0.00 0.00 0.00 0.00 0.00 0.00 0.00 0.00 0.00 0.00 0.00 0.00 0.00 0.00 0.00 0.00 0.00 0.00 0.00 0.00 0.00 0.00 0.00 0.00 0.00 0.00 0.00 0.00 0.00 0.00 0.00 0.00 0.00 0.00 0.00 0.00 0.00 0.00 0.00 0.00 0.00 0.00 0.00 0.00 0.00 0.00 0.00 0.00 0.00 0.00 0.00 0.00 0.00 0.00 0.00 0.00 0.00 0.00 0.00 0.00 0.00 0.00 0.00 0.00 0.00 0.00 0.00
0.00 0.00 0.00 0.00 0.00 0.58 0.00 0.00 0.00 0.00 0.00 0.00 0.00 0.00 0.00 0.00 0.00 0.00 0.00 0.00 0.00 0.00 0.00 0.00 0.00 0.00 0.00 0.00 0.00 0.00 0.00 0.00 0.00 0.00 0.00 0.00 0.00 0.00 0.00 0.00 0.00 0.00 0.00 0.00 0.00 0.00 0.00 0.00 0.00 0.00 0.00 0.00 0.00 0.00 0.00 0.00 0.00 0.00 0.00 0.00 0.00 0.00 0.00 0.00 0.00 0.00 0.00 0.00 0.00 0.00 0.00 0.00 0.00 0.00 0.00 0.00 0.00 0.00 0.00 0.00 0.00 0.00 0.00 0.00
0.00 0.00 0.00 0.00 0.00 0.00 0.00 0.00 0.00 0.00 0.00 0.00 0.00 0.00 0.00 0.00 0.00 0.00 0.00 0.00 0.00 0.00 0.00 0.00 0.00 0.00 0.00 0.00 0.00 0.00 0.00 0.00 0.00 0.00 0.00 0.00 0.00 0.00 0.00 0.00 0.00 0.00 0.00 0.00 0.00 0.00 0.00 0.00 0.00 0.00 0.00 0.00 0.00 0.00 0.00 0.00 0.00 0.00 0.00 0.00 0.00 0.00 0.00 0.00 0.00 0.00 0.00 0.00 0.00 0.00 0.00 0.00 0.00 0.00 0.00 0.00 0.00 0.00 0.00 0.00 0.00 0.00 0.00 0.00
0.00 0.00 0.00 0.00 0.00 0.00 0.00 0.00 0.00 0.00 0.00 0.00 0.00 0.00 0.00 0.00 0.00 0.00 0.00 0.00 0.00 0.00 0.00 0.00 0.00 0.00 0.00 0.00 0.00 0.00 0.00 0.00 0.00 0.00 0.00 0.00 0.00 0.00 0.00 0.00 0.00 0.00 0.00 0.00 0.00 0.00 0.00 0.00 0.00 0.00 0.00 0.00 0.00 0.00 0.00 0.00 0.00 0.00 0.00 0.00 0.00 0.00 0.00 0.00 0.00 0.00 0.00 0.00 0.00 0.00 0.00 0.00 0.00 0.00 0.00 0.00 0.00 0.00 0.00 0.00 0.00 0.00 0.00 0.00
0.00 0.00 0.00 0.00 0.00 0.00 0.00 0.00 0.00 0.00 0.00 0.00 0.00 0.00 0.00 0.00 0.00 0.00 0.00 0.00 0.00 0.00 0.00 0.00 0.00 0.00 0.00 0.00 0.00 0.00 0.00 0.00 0.00 0.00 0.00 0.00 0.00 0.00 0.00 0.00 0.00 0.00 0.00 0.00 0.00 0.00 0.00 0.00 0.00 0.00 0.00 0.00 0.00 0.00 0.00 0.00 0.00 0.00 0.00 0.00 0.00 0.00 0.00 0.00 0.00 0.00 0.00 0.00 0.00 0.00 0.00 0.00 0.00 0.00 0.00 0.00 0.00 0.00 0.00 0.00 0.00 0.00 0.00 0.00
0.00 0.00 0.00 0.00 0.00 0.00 0.00 0.00 0.00 0.00 0.00 0.00 0.00 0.00 0.00 0.00 0.00 0.00 0.00 0.00 0.00 0.00 0.00 0.00 0.00 0.00 0.00 0.00 0.00 0.00 0.00 0.00 0.00 0.00 0.00 0.00 0.00 0.00 0.00 0.00 0.00 0.00 0.00 0.00 0.00 0.00 0.00 0.00 0.00 0.00 0.00 0.00 0.00 0.00 0.00 0.00 0.00 0.00 0.00 0.00 0.00 0.00 0.00 0.00 0.00 0.00 0.00 0.00 0.00 0.00 0.00 0.00 0.00 0.00 0.00 0.00 0.00 0.00 0.00 0.00 0.00 0.00 0.00 0.00
0.00 0.00 0.00 0.00 0.00 0.00 0.00 0.00 0.00 0.00 0.00 0.00 0.00 0.00 0.00 0.00 0.00 0.00 0.00 0.00 0.00 0.00 0.00 0.00 0.00 0.00 0.00 0.00 0.00 0.00 0.00 0.00 0.00 0.00 0.00 0.00 0.00 0.00 0.00 0.00 0.00 0.00 0.00 0.00 0.00 0.00 0.00 0.00 0.00 0.00 0.00 0.00 0.00 0.00 0.00 0.00 0.00 0.00 0.00 0.00 0.00 0.00 0.00 0.00 0.00 0.00 0.00 0.00 0.00 0.00 0.00 0.00 0.00 0.00 0.00 0.00 0.00 0.00 0.00 0.00 0.00 0.00 0.07 0.00
