Wansh/Snow_depth/snowdepth-1994/winter/1994360.txt
ncols 321
nrows 161
xllcenter 60
yllcenter 15 
cellsize  0.25 
NODATA_value -1
[rows 0 to 37 of 161, columns 0 to 83 of 321]
4.82 4.82 6.50 5.91 7.66 7.66 7.59 8.54 9.20 9.05 10.59 10.15 11.10 11.10 11.32 10.07 10.00 10.07 9.71 9.64 10.95 10.15 10.15 10.22 10.22 10.80 10.80 11.24 10.66 11.61 11.53 12.41 12.34 12.41 11.61 11.39 11.32 11.17 12.85 11.61 12.78 12.12 11.53 11.68 11.24 11.61 11.53 12.12 12.48 12.26 12.48 12.48 11.75 9.93 10.00 12.26 13.14 13.07 13.14 11.68 10.66 10.88 9.93 9.64 10.51 10.44 10.07 8.98 8.40 8.18 8.40 8.03 7.01 8.10 7.96 12.12 12.12 12.12 12.12 12.05 11.53 11.17 10.73 10.29
6.57 6.57 6.57 7.15 7.08 8.25 8.91 8.91 9.64 9.93 10.29 10.88 10.66 10.66 10.22 10.37 9.34 8.83 9.49 10.80 10.51 11.10 11.17 11.32 11.24 11.53 11.53 11.53 12.70 12.34 13.58 13.07 12.26 10.95 11.10 11.10 11.02 11.17 11.17 12.63 12.41 11.39 11.32 11.39 10.88 10.88 11.10 11.46 11.24 12.12 11.68 11.68 11.83 11.46 10.44 10.44 11.97 11.75 11.46 9.64 11.24 9.42 9.13 8.03 8.69 8.98 9.27 7.74 9.34 8.18 7.37 6.50 6.35 8.25 8.47 8.61 8.61 9.56 10.15 10.29 10.95 11.17 10.15 9.42
5.40 5.40 6.64 6.28 6.94 8.18 7.81 9.27 9.20 9.34 9.71 9.71 10.37 10.51 9.56 9.42 9.49 9.13 9.78 9.27 11.32 11.10 11.17 10.88 10.51 11.17 11.17 11.02 11.90 13.36 13.29 12.56 11.83 12.05 11.53 11.17 11.32 10.44 9.86 10.07 9.56 9.27 9.27 8.91 8.83 8.83 9.05 9.34 10.00 9.42 10.00 10.00 8.76 8.76 8.91 8.83 8.54 8.69 8.61 9.56 6.79 7.96 8.10 7.66 7.30 8.32 7.30 8.91 8.83 8.25 8.25 7.08 7.66 7.74 7.74 8.47 8.47 8.03 10.73 10.73 10.44 11.24 11.17 10.00
5.40 5.40 6.64 6.28 6.94 8.18 7.81 9.27 9.20 9.34 9.71 9.71 10.37 10.51 9.56 9.42 9.49 9.13 9.78 9.27 11.32 11.10 11.17 10.88 10.51 11.17 11.17 11.02 11.90 13.36 13.29 12.56 11.83 12.05 11.53 11.17 11.32 10.44 9.86 10.07 9.56 9.27 9.27 8.91 8.83 8.83 9.05 9.34 10.00 9.42 10.00 10.00 8.76 8.76 8.91 8.83 8.54 8.69 8.61 9.56 6.79 7.96 8.10 7.66 7.30 8.32 7.30 8.91 8.83 8.25 8.25 7.08 7.66 7.74 7.74 8.47 8.47 8.03 10.73 10.73 10.44 11.24 11.17 10.00
6.35 6.35 6.79 6.50 6.13 8.18 8.32 8.47 9.34 9.05 9.42 9.49 9.64 9.13 9.27 9.05 9.64 9.64 8.69 10.37 10.15 10.88 10.29 10.15 10.66 10.66 10.66 10.59 10.95 10.88 10.59 11.17 12.19 11.46 11.61 11.02 10.15 10.29 9.42 8.47 8.69 8.18 7.59 7.81 7.52 7.23 7.23 7.88 5.62 5.18 5.77 5.77 4.89 6.42 5.99 7.15 6.28 6.79 7.37 6.28 5.84 7.08 7.01 5.69 6.86 7.01 4.60 7.52 7.01 6.06 6.50 6.42 7.01 7.74 7.37 8.10 8.10 8.91 8.98 10.15 9.71 10.15 9.27 8.18
6.57 6.57 6.42 7.37 8.03 7.81 8.32 9.71 9.71 10.07 10.07 9.56 8.98 9.20 9.20 9.56 9.71 8.76 8.69 10.29 10.44 10.80 9.56 9.49 9.64 9.20 9.20 10.00 10.44 10.51 10.15 11.75 11.90 11.68 12.12 11.02 11.24 11.24 9.78 10.37 7.81 5.40 5.77 5.55 4.89 4.96 4.45 4.96 4.74 5.48 4.31 4.31 2.85 3.87 4.53 5.55 5.40 6.13 6.06 4.96 3.72 4.16 4.74 3.50 4.60 4.02 6.06 5.55 5.69 5.84 5.33 6.20 6.42 5.18 6.94 6.50 6.50 6.13 8.18 9.20 8.32 8.76 8.10 8.47
6.79 6.79 7.37 7.37 6.20 7.59 7.45 8.32 10.22 10.22 9.64 9.93 8.83 8.47 8.47 8.76 8.69 8.91 8.25 8.61 7.88 8.54 9.49 9.42 9.42 9.34 9.34 9.49 10.29 9.93 11.46 11.39 11.75 9.93 12.05 11.46 11.24 11.17 11.02 8.03 8.54 6.57 5.26 3.65 4.23 2.56 2.70 2.56 3.65 3.80 3.94 3.94 3.29 1.61 2.92 4.09 3.65 4.60 4.45 3.65 3.80 2.77 3.14 5.62 3.36 5.26 5.62 5.33 5.04 4.74 4.53 4.96 4.38 4.53 4.89 4.89 4.89 6.35 6.42 7.30 6.94 8.32 8.98 9.34
6.79 6.79 7.37 7.37 6.20 7.59 7.45 8.32 10.22 10.22 9.64 9.93 8.83 8.47 8.47 8.76 8.69 8.91 8.25 8.61 7.88 8.54 9.49 9.42 9.42 9.34 9.34 9.49 10.29 9.93 11.46 11.39 11.75 9.93 12.05 11.46 11.24 11.17 11.02 8.03 8.54 6.57 5.26 3.65 4.23 2.56 2.70 2.56 3.65 3.80 3.94 3.94 3.29 1.61 2.92 4.09 3.65 4.60 4.45 3.65 3.80 2.77 3.14 5.62 3.36 5.26 5.62 5.33 5.04 4.74 4.53 4.96 4.38 4.53 4.89 4.89 4.89 6.35 6.42 7.30 6.94 8.32 8.98 9.34
6.50 6.50 5.33 5.77 5.69 6.57 8.40 8.10 9.05 9.49 9.56 9.34 9.56 8.18 8.83 8.91 7.81 6.79 7.15 6.79 7.66 7.66 7.52 7.88 7.59 8.98 8.98 9.34 9.86 11.02 10.80 11.46 10.00 10.80 8.40 10.29 10.00 10.88 9.86 10.37 7.23 5.40 5.69 4.31 2.34 3.07 1.02 1.46 2.70 3.50 3.50 3.50 2.56 3.58 3.80 3.80 4.60 4.60 4.38 2.99 4.82 3.14 2.56 4.31 4.23 4.89 4.45 4.60 4.82 5.33 4.74 4.89 3.80 3.80 3.72 3.58 3.58 5.62 4.89 4.45 6.28 8.10 7.88 9.20
4.53 4.53 4.53 4.67 6.20 5.77 7.74 8.76 8.76 8.54 8.91 9.13 8.25 7.88 7.96 7.74 8.03 6.42 6.42 6.20 7.96 7.45 7.66 7.30 8.69 8.47 8.47 9.05 9.34 9.42 9.56 8.91 9.71 7.52 7.08 7.81 10.00 9.71 10.66 9.05 8.32 7.01 7.15 6.42 4.89 4.38 1.68 2.04 1.97 2.77 4.45 4.45 3.94 4.45 3.80 5.55 5.77 5.33 5.04 4.89 4.89 6.35 3.50 4.53 4.74 4.53 4.74 4.96 4.74 5.04 2.92 2.85 2.99 2.56 3.80 2.56 2.56 2.04 3.21 4.31 5.77 5.62 6.42 5.77
4.23 4.23 4.89 4.74 5.91 6.86 6.86 6.72 8.47 8.47 8.32 6.64 8.18 7.45 6.42 6.50 5.26 6.35 5.99 8.47 8.03 9.64 9.27 7.52 8.10 8.98 8.98 8.83 9.05 7.66 8.03 7.15 6.79 7.08 7.15 7.37 7.37 8.61 8.76 8.83 8.32 7.74 7.30 7.37 5.77 6.50 6.13 6.50 5.33 5.04 6.42 6.42 7.30 6.06 5.40 5.99 5.40 5.04 4.67 4.60 4.89 5.04 5.91 4.82 3.94 4.53 4.31 3.43 2.34 2.56 2.63 1.68 2.34 1.68 3.36 2.85 2.85 4.38 3.29 4.67 5.48 4.89 6.57 6.57
4.23 4.23 4.89 4.74 5.91 6.86 6.86 6.72 8.47 8.47 8.32 6.64 8.18 7.45 6.42 6.50 5.26 6.35 5.99 8.47 8.03 9.64 9.27 7.52 8.10 8.98 8.98 8.83 9.05 7.66 8.03 7.15 6.79 7.08 7.15 7.37 7.37 8.61 8.76 8.83 8.32 7.74 7.30 7.37 5.77 6.50 6.13 6.50 5.33 5.04 6.42 6.42 7.30 6.06 5.40 5.99 5.40 5.04 4.67 4.60 4.89 5.04 5.91 4.82 3.94 4.53 4.31 3.43 2.34 2.56 2.63 1.68 2.34 1.68 3.36 2.85 2.85 4.38 3.29 4.67 5.48 4.89 6.57 6.57
3.94 3.94 5.04 5.04 4.82 5.99 6.28 6.13 7.45 7.74 7.96 6.64 6.28 6.72 5.84 5.33 5.26 4.82 6.50 6.94 9.49 9.49 9.86 8.25 7.59 8.03 8.03 7.74 5.91 8.98 3.21 2.92 5.99 6.28 6.06 7.08 7.52 6.28 7.52 5.69 6.72 6.50 7.37 6.79 6.72 6.50 7.52 7.45 7.23 6.79 6.57 6.57 7.23 7.74 6.86 7.74 6.94 6.79 6.28 5.55 4.45 5.40 3.21 3.29 2.77 3.14 2.56 0.00 2.48 0.00 0.00 0.00 0.00 1.53 0.00 0.00 0.00 1.75 3.07 4.16 5.77 4.89 4.16 3.87
4.53 4.53 4.09 5.04 5.77 5.77 6.57 7.15 7.45 6.35 5.99 6.35 6.20 5.77 5.55 5.40 4.09 4.16 5.69 7.23 6.42 8.98 8.83 9.20 7.66 7.52 7.52 7.45 6.86 3.65 4.16 3.14 3.80 3.50 4.89 5.84 5.62 5.55 5.04 5.11 4.96 5.84 6.50 7.45 6.94 8.32 7.23 7.52 7.30 7.30 7.59 7.59 7.88 6.79 7.96 7.96 7.66 7.45 6.64 4.09 3.43 3.80 0.00 0.00 0.00 0.00 0.00 0.00 2.63 2.99 0.00 0.00 0.00 0.00 0.95 0.00 0.00 0.00 1.97 1.83 1.17 1.83 3.21 3.43
4.16 4.16 6.06 5.77 6.50 5.91 6.42 4.60 5.91 5.84 5.04 4.45 5.33 5.91 5.33 5.26 3.80 2.92 4.16 5.33 7.96 7.74 8.61 9.20 9.13 8.61 8.61 7.01 6.64 4.67 2.70 3.50 2.70 4.09 5.26 5.11 5.84 6.42 6.06 6.35 5.40 6.42 6.13 6.20 7.81 7.01 7.30 7.15 6.72 6.28 6.72 6.72 7.01 7.15 5.84 6.50 7.01 6.13 3.87 3.36 0.00 0.00 0.00 0.00 0.00 1.46 1.39 1.31 0.58 0.15 0.29 0.00 0.00 0.00 0.00 0.88 0.88 0.80 1.17 0.95 1.02 1.61 2.63 3.58
4.67 4.67 5.77 5.62 6.35 4.74 4.38 4.23 5.91 4.67 4.96 4.16 4.45 4.23 4.74 4.38 4.53 3.29 4.31 3.87 7.30 8.40 8.40 9.20 8.91 9.42 9.42 7.23 6.35 3.21 4.23 1.10 2.12 1.61 4.74 6.13 7.23 6.94 7.74 6.42 6.94 5.91 7.08 7.01 7.01 6.86 7.23 7.15 6.86 7.45 6.79 6.79 6.57 6.79 6.57 4.67 3.65 3.58 2.70 2.48 0.00 0.00 0.00 0.00 2.77 1.53 0.66 0.66 0.58 0.44 0.00 0.00 0.00 0.00 0.00 0.22 0.22 0.80 1.39 1.83 1.75 2.04 2.56 3.07
4.67 4.67 5.77 5.62 6.35 4.74 4.38 4.23 5.91 4.67 4.96 4.16 4.45 4.23 4.74 4.38 4.53 3.29 4.31 3.87 7.30 8.40 8.40 9.20 8.91 9.42 9.42 7.23 6.35 3.21 4.23 1.10 2.12 1.61 4.74 6.13 7.23 6.94 7.74 6.42 6.94 5.91 7.08 7.01 7.01 6.86 7.23 7.15 6.86 7.45 6.79 6.79 6.57 6.79 6.57 4.67 3.65 3.58 2.70 2.48 0.00 0.00 0.00 0.00 2.77 1.53 0.66 0.66 0.58 0.44 0.00 0.00 0.00 0.00 0.00 0.22 0.22 0.80 1.39 1.83 1.75 2.04 2.56 3.07
6.64 6.64 6.86 5.33 4.82 4.96 5.11 6.06 5.91 5.91 4.45 4.38 3.58 6.79 6.28 6.57 3.21 3.43 4.09 6.57 7.15 7.15 6.79 6.28 8.40 7.66 7.66 6.28 6.50 3.21 0.00 0.07 0.80 2.63 3.43 4.82 4.02 4.31 5.91 5.62 7.74 8.03 8.18 7.66 7.88 7.37 7.74 7.81 6.72 6.50 6.42 6.42 6.20 6.42 4.53 0.00 2.63 0.00 0.00 0.00 0.00 0.00 0.00 0.00 0.00 1.31 0.44 0.37 0.37 0.51 0.00 0.00 0.00 0.51 0.00 0.15 0.15 1.61 1.90 1.53 2.48 2.48 1.83 2.04
6.94 6.94 8.03 7.81 6.57 7.23 7.45 6.72 6.20 6.50 4.96 6.28 7.52 7.23 5.55 3.07 3.21 3.72 5.84 5.55 6.06 6.06 6.28 5.11 5.11 4.96 4.96 5.40 4.16 2.12 2.48 1.10 1.31 0.73 2.48 2.48 2.99 2.63 4.23 3.29 6.64 7.23 7.08 8.32 8.10 7.37 7.37 7.23 7.66 8.25 5.77 5.77 5.26 5.26 0.00 0.00 0.00 0.00 0.00 0.00 0.00 0.00 0.00 1.83 2.04 0.58 0.44 0.58 0.95 0.73 0.37 0.44 0.73 0.58 1.10 1.83 1.83 1.61 1.90 1.90 2.41 2.56 1.10 2.12
7.88 7.88 8.76 8.76 8.69 8.40 7.15 6.94 6.06 5.40 6.06 5.91 6.57 5.26 6.50 2.92 3.07 2.70 2.19 1.61 1.83 3.43 4.45 4.23 4.45 4.89 4.89 4.89 4.38 3.14 2.41 2.48 2.12 2.04 2.85 2.34 0.00 1.75 2.26 2.70 4.45 7.59 8.76 9.34 9.20 8.10 7.30 8.25 9.42 8.61 7.88 7.88 6.20 0.00 0.00 0.00 0.00 0.00 0.00 0.00 0.00 5.99 0.00 0.00 0.00 0.00 0.58 0.58 0.66 1.53 1.31 0.95 0.88 0.22 1.53 2.26 2.26 2.63 2.63 1.83 2.12 2.19 2.34 2.48
5.40 5.40 7.52 7.59 6.35 6.20 6.35 6.28 6.35 5.91 5.55 6.50 6.57 4.60 3.36 3.72 1.68 0.88 1.17 0.73 3.29 2.70 4.67 3.72 2.92 2.85 2.85 5.55 6.72 5.55 6.20 5.18 4.53 4.53 4.09 2.70 2.41 2.34 2.26 3.72 6.13 8.69 8.32 9.56 10.37 9.49 8.98 8.54 8.10 9.05 0.00 0.00 0.00 0.00 0.00 0.00 0.00 0.00 0.00 0.00 0.00 6.50 7.08 0.00 0.00 0.00 2.41 2.19 2.19 1.90 2.63 2.41 2.26 2.85 2.26 2.48 2.48 1.97 1.61 1.39 1.68 2.85 2.63 2.85
4.45 4.45 4.45 5.11 5.40 4.96 5.26 5.99 5.33 5.62 4.89 6.13 4.31 4.74 3.07 2.77 2.85 2.92 2.85 1.53 2.48 4.53 3.72 3.94 2.92 5.84 5.84 4.89 7.15 6.86 6.06 6.06 5.77 5.62 6.79 4.89 5.26 3.21 3.65 5.69 5.18 6.64 8.83 9.56 10.29 8.61 7.74 8.18 6.13 7.30 0.00 0.00 0.00 0.00 0.00 0.00 0.00 0.00 4.82 4.67 5.04 0.00 4.09 3.65 3.43 3.21 3.07 2.85 3.72 3.72 2.77 1.90 2.77 2.56 3.07 1.97 1.97 0.88 0.58 1.02 1.10 1.10 0.00 0.66
4.45 4.45 4.45 5.11 5.40 4.96 5.26 5.99 5.33 5.62 4.89 6.13 4.31 4.74 3.07 2.77 2.85 2.92 2.85 1.53 2.48 4.53 3.72 3.94 2.92 5.84 5.84 4.89 7.15 6.86 6.06 6.06 5.77 5.62 6.79 4.89 5.26 3.21 3.65 5.69 5.18 6.64 8.83 9.56 10.29 8.61 7.74 8.18 6.13 7.30 0.00 0.00 0.00 0.00 0.00 0.00 0.00 0.00 4.82 4.67 5.04 0.00 4.09 3.65 3.43 3.21 3.07 2.85 3.72 3.72 2.77 1.90 2.77 2.56 3.07 1.97 1.97 0.88 0.58 1.02 1.10 1.10 0.00 0.66
3.65 3.65 3.94 3.80 5.18 4.02 2.99 3.36 3.58 4.31 4.38 3.94 3.65 4.09 4.23 3.36 3.36 3.65 3.65 3.36 2.85 2.99 0.00 2.92 2.56 3.50 3.50 6.57 7.45 8.61 8.40 8.47 8.61 8.61 8.32 6.06 4.31 4.31 4.53 7.45 9.34 9.56 10.22 8.54 8.76 7.81 8.18 7.15 5.91 5.18 4.82 4.82 0.00 5.84 6.42 5.91 4.74 5.48 5.18 4.31 5.48 3.80 4.02 3.36 4.74 3.65 5.18 5.84 4.45 3.80 1.83 1.97 2.34 1.53 3.07 1.46 1.46 1.24 1.31 1.17 1.02 0.00 0.00 0.00
2.77 2.77 2.63 3.50 3.29 3.43 2.85 1.97 2.70 3.43 2.92 2.85 2.77 3.80 3.36 2.70 3.29 4.09 4.23 4.23 3.87 0.00 0.00 0.00 4.38 5.99 5.99 6.06 6.79 8.61 9.20 9.20 9.42 8.69 7.52 6.57 6.35 7.30 8.47 9.86 11.17 10.95 11.02 10.37 8.83 7.52 7.08 7.52 7.37 6.28 6.50 6.50 6.57 5.84 5.18 5.04 5.69 6.72 8.69 8.76 7.37 5.18 7.15 6.35 5.84 8.47 7.08 5.55 4.89 4.45 3.65 2.26 2.63 5.40 4.53 3.94 3.94 0.00 0.00 0.00 0.00 0.00 0.00 0.00
4.60 4.60 3.80 3.65 3.80 3.72 2.48 2.41 3.43 4.45 3.14 2.63 2.63 2.85 2.70 3.07 4.67 4.02 5.11 5.48 4.38 0.00 4.67 4.60 4.89 4.89 4.89 6.13 5.84 8.10 9.86 7.66 7.23 6.86 7.52 7.30 7.74 7.30 8.69 9.20 10.00 11.02 9.64 9.49 8.47 7.88 7.81 7.52 6.50 6.13 5.69 5.69 5.99 5.91 5.69 5.55 5.62 7.74 9.64 9.49 10.15 10.29 8.98 9.64 8.61 9.20 7.45 4.16 5.18 5.33 3.43 3.50 3.80 3.50 6.86 5.69 5.69 6.06 4.82 0.00 0.00 0.00 3.80 3.87
5.26 5.26 5.84 4.23 4.16 4.23 4.74 5.11 4.82 5.62 4.45 4.74 3.21 1.39 1.31 2.04 4.60 5.26 4.67 5.18 5.62 4.82 5.04 3.94 3.07 4.74 4.74 4.23 6.64 6.86 6.64 6.86 6.35 6.42 6.94 7.59 7.37 7.81 8.69 9.42 6.79 7.15 8.47 8.25 8.25 7.59 6.86 7.01 5.62 6.35 0.00 0.00 5.55 5.48 4.45 6.42 7.37 7.01 8.91 7.96 8.91 8.69 9.27 7.88 7.88 4.45 4.38 0.00 3.72 3.29 3.43 2.48 4.53 5.26 5.55 5.99 5.99 5.84 5.48 4.02 0.00 0.00 3.87 4.74
6.06 6.06 6.42 5.91 5.04 5.33 5.11 7.74 7.08 7.30 6.06 5.26 6.20 4.38 5.11 3.80 0.00 4.45 4.82 4.60 5.11 4.74 4.02 4.38 3.36 4.96 4.96 6.06 6.13 5.91 5.04 4.82 4.67 5.40 5.55 7.01 7.45 5.48 5.18 5.77 6.06 5.99 5.33 6.57 7.23 6.79 7.37 7.52 3.58 6.64 5.69 5.69 4.96 0.00 3.65 4.53 5.62 5.40 6.64 6.64 6.86 5.11 5.91 6.35 4.23 3.07 3.80 3.87 3.94 2.85 2.48 4.16 4.23 3.07 3.87 4.74 4.74 4.09 5.11 4.31 4.45 3.94 3.21 4.60
6.06 6.06 6.42 5.91 5.04 5.33 5.11 7.74 7.08 7.30 6.06 5.26 6.20 4.38 5.11 3.80 0.00 4.45 4.82 4.60 5.11 4.74 4.02 4.38 3.36 4.96 4.96 6.06 6.13 5.91 5.04 4.82 4.67 5.40 5.55 7.01 7.45 5.48 5.18 5.77 6.06 5.99 5.33 6.57 7.23 6.79 7.37 7.52 3.58 6.64 5.69 5.69 4.96 0.00 3.65 4.53 5.62 5.40 6.64 6.64 6.86 5.11 5.91 6.35 4.23 3.07 3.80 3.87 3.94 2.85 2.48 4.16 4.23 3.07 3.87 4.74 4.74 4.09 5.11 4.31 4.45 3.94 3.21 4.60
6.64 6.64 6.28 6.20 6.28 6.28 6.20 7.88 9.20 8.83 8.10 8.18 6.50 5.48 5.69 2.63 1.53 2.26 4.23 4.23 3.36 4.53 3.87 2.92 2.92 3.07 3.07 5.40 5.04 4.23 3.43 3.58 3.80 5.04 5.48 5.33 4.60 5.26 4.60 2.70 3.36 6.42 6.86 7.45 8.10 7.66 5.91 6.86 6.13 4.96 5.18 5.18 3.65 3.80 3.21 4.02 5.18 5.55 6.20 5.26 5.33 5.26 4.67 4.53 4.67 3.58 4.09 3.72 2.77 2.99 3.43 4.89 4.09 3.14 0.00 0.00 0.00 0.00 2.99 4.16 2.34 2.85 2.48 4.23
4.74 4.74 5.26 6.28 6.50 6.35 8.10 8.98 8.76 9.13 7.81 8.54 7.01 4.53 1.90 2.48 0.00 0.00 1.46 1.53 2.26 3.21 2.77 3.07 3.80 4.82 4.82 5.55 5.69 4.74 3.80 3.72 4.82 4.45 4.60 3.80 4.23 2.04 0.95 2.19 1.97 4.89 4.02 7.37 7.81 6.94 6.13 6.20 4.82 4.74 5.62 5.62 4.53 4.82 4.45 4.89 4.53 5.84 5.48 5.69 5.11 5.33 4.74 4.60 2.63 3.50 3.58 0.00 3.65 0.00 0.00 5.40 5.04 0.00 0.00 0.00 0.00 0.00 0.00 0.00 0.66 1.31 1.39 4.16
3.65 3.65 4.60 5.55 5.91 5.77 5.11 7.88 8.10 7.96 6.20 0.00 0.00 3.72 0.00 0.00 0.00 0.00 1.90 2.34 2.12 3.07 3.58 3.80 3.65 4.67 4.67 5.69 5.33 4.45 3.58 3.87 3.87 3.65 2.56 0.37 1.46 1.31 0.80 0.00 0.07 1.61 3.14 5.99 4.96 7.08 6.20 6.13 6.13 5.04 4.96 4.96 4.38 4.09 4.74 4.53 4.23 4.67 4.60 5.33 3.14 3.36 4.02 1.90 1.75 0.00 2.92 0.00 2.26 2.77 4.38 4.09 2.56 1.61 0.00 0.00 0.00 0.00 0.00 0.00 0.00 0.95 1.24 2.41
2.34 2.34 1.97 4.60 5.11 4.31 3.87 4.02 6.06 4.38 4.45 3.07 0.07 0.00 0.00 0.00 0.00 0.00 0.00 0.00 0.00 2.85 2.70 3.65 3.21 3.87 3.87 5.04 4.67 3.87 2.63 2.19 0.44 0.00 0.07 0.00 0.00 0.00 0.00 0.00 0.00 2.26 2.41 4.53 4.45 3.29 4.09 4.38 4.38 3.94 3.29 3.29 3.58 3.94 3.36 3.14 3.07 2.99 0.00 0.00 0.00 0.00 0.00 0.00 0.00 0.00 0.00 0.00 0.00 0.00 3.94 2.56 2.48 0.00 0.00 0.00 0.00 0.00 0.00 0.80 0.37 0.51 0.80 0.00
0.51 0.51 0.00 0.00 2.41 2.41 0.00 1.61 0.00 0.00 0.88 1.24 0.00 0.00 0.00 0.00 0.00 0.00 0.00 0.00 0.00 0.00 0.00 1.68 0.00 2.56 2.56 3.80 4.09 4.31 2.63 0.00 0.00 0.00 0.00 0.00 0.00 0.00 0.15 0.07 0.15 1.10 1.31 2.34 1.83 2.04 2.99 2.99 3.87 3.43 3.94 3.94 2.99 2.12 2.41 2.26 2.26 0.00 0.00 0.00 0.00 0.00 0.00 0.00 0.00 0.00 0.00 0.00 0.00 0.00 0.00 2.34 0.00 0.00 0.00 0.00 0.00 0.00 0.00 0.44 0.15 0.15 0.00 0.00
0.00 0.00 0.00 0.00 0.00 0.00 0.00 0.00 0.00 0.00 0.00 0.00 0.00 0.00 0.00 0.00 0.00 0.00 0.00 0.00 0.00 0.00 0.00 0.00 0.00 0.00 0.00 0.00 0.00 0.00 0.00 0.00 0.00 0.00 0.00 0.00 0.00 0.00 0.00 0.66 0.15 0.44 0.00 0.58 1.46 1.10 1.90 0.80 2.63 3.43 3.65 3.65 3.80 3.14 2.48 2.63 0.00 0.00 0.00 0.00 0.00 0.00 0.00 0.00 0.00 0.00 0.00 0.00 0.00 0.00 0.00 0.00 0.00 0.00 0.00 0.00 0.00 0.00 0.00 0.51 0.44 0.00 0.00 0.00
0.00 0.00 0.00 0.00 0.00 0.00 0.00 0.00 0.00 0.00 0.00 0.00 0.00 0.00 0.00 0.00 0.00 0.00 0.00 0.00 0.00 0.00 0.00 0.00 0.00 0.00 0.00 0.00 0.00 0.00 0.00 0.00 0.00 0.00 0.00 0.00 0.00 0.00 0.00 0.66 0.15 0.44 0.00 0.58 1.46 1.10 1.90 0.80 2.63 3.43 3.65 3.65 3.80 3.14 2.48 2.63 0.00 0.00 0.00 0.00 0.00 0.00 0.00 0.00 0.00 0.00 0.00 0.00 0.00 0.00 0.00 0.00 0.00 0.00 0.00 0.00 0.00 0.00 0.00 0.51 0.44 0.00 0.00 0.00
0.00 0.00 0.00 0.00 0.00 0.00 0.00 0.00 0.00 0.00 0.00 0.00 0.00 0.00 0.00 0.00 0.00 0.00 0.00 0.00 0.00 0.00 0.00 0.00 0.00 0.00 0.00 0.00 0.00 0.00 0.00 0.00 0.00 0.00 0.00 0.00 0.00 0.00 0.00 0.00 0.00 0.22 0.00 0.00 1.39 0.00 0.00 0.00 0.44 2.77 2.48 2.48 2.77 2.77 1.31 0.00 0.00 0.00 0.00 0.00 0.00 0.00 0.00 0.00 0.00 0.00 0.00 0.00 0.00 0.00 0.00 0.00 0.00 0.00 0.00 0.00 0.00 0.00 0.00 0.00 0.00 0.07 0.22 2.77
0.00 0.00 0.00 0.00 0.00 0.00 0.00 0.00 0.00 0.00 0.00 0.00 0.00 0.00 0.00 0.00 0.29 0.00 0.00 0.00 0.00 0.00 0.00 0.00 0.00 0.00 0.00 0.00 0.00 0.00 0.00 0.00 0.00 0.00 0.00 0.00 0.00 0.00 0.00 0.00 0.00 0.00 0.00 0.00 0.00 0.00 0.00 0.44 0.88 0.44 0.66 0.66 1.39 0.51 0.00 0.00 0.00 0.00 0.00 0.00 0.00 0.00 0.00 0.00 0.00 0.00 0.00 0.00 0.00 0.00 0.00 0.00 0.00 0.00 0.00 0.00 0.00 0.88 1.02 0.66 0.00 0.44 0.00 3.87
