Wansh/Snow_depth/snowdepth-1994/winter/1995053.txt
ncols 321
nrows 161
xllcenter 60
yllcenter 15 
cellsize  0.25 
NODATA_value -1
[rows 74 to 110 of 161, columns 84 to 167 of 321]
0.00 0.00 0.00 0.00 0.37 0.95 1.17 2.34 1.02 0.73 2.19 1.10 2.70 2.99 5.91 5.62 4.60 3.58 3.58 2.77 3.80 4.74 4.89 4.96 3.50 5.04 5.11 2.41 0.00 1.31 1.02 0.00 0.22 0.37 0.37 0.00 1.02 0.88 0.00 0.00 0.00 2.56 0.00 0.00 1.68 0.58 0.66 1.10 3.21 2.85 3.65 2.92 3.07 3.01 0.00 1.68 2.41 1.68 0.58 2.56 1.68 1.17 0.00 0.00 0.00 1.10 3.07 6.06 6.06 9.17 8.80 4.53 5.33 0.73 0.00 0.00 0.00 0.00 0.37 1.97 1.46 3.59 2.04 1.10
0.00 0.00 0.00 0.95 1.24 1.90 3.07 3.58 2.56 2.04 0.00 0.00 0.00 0.00 4.23 4.09 0.00 0.00 0.00 0.00 0.00 4.67 0.00 3.58 4.96 4.60 4.96 2.63 1.68 2.12 2.12 1.10 2.48 1.75 1.90 0.00 0.00 0.00 0.00 0.00 0.00 1.39 2.04 2.04 2.41 0.73 0.66 1.90 1.83 2.34 1.46 2.48 2.41 2.04 2.04 1.97 2.48 3.07 2.77 1.46 1.53 2.04 1.17 0.29 1.61 0.95 2.04 5.99 5.99 9.46 8.54 5.91 3.72 0.58 0.15 0.00 0.00 0.00 0.00 0.00 0.00 1.83 1.47 1.33
0.00 0.22 2.12 1.61 2.34 2.04 2.48 2.85 3.65 0.00 0.00 3.94 0.00 2.99 0.00 0.00 4.31 0.00 0.00 0.00 0.00 0.00 0.00 0.00 0.00 3.80 0.00 1.90 3.50 2.85 2.99 2.63 2.77 2.34 0.00 0.00 0.00 0.00 0.00 0.00 0.00 2.48 1.97 1.97 1.83 1.31 1.39 2.56 2.85 1.10 1.68 1.97 1.75 1.68 1.83 1.46 1.02 1.97 1.90 2.04 1.75 1.68 1.39 1.17 1.75 1.32 1.39 5.18 5.18 8.32 6.94 6.28 4.31 1.46 1.24 0.07 0.22 0.00 0.00 0.00 0.00 0.07 0.29 0.45
0.00 0.66 1.02 1.02 1.17 2.26 0.00 0.00 0.00 0.00 0.00 0.00 4.53 4.23 4.60 4.45 4.16 0.00 0.00 0.00 0.00 0.00 0.00 0.00 0.00 0.00 0.00 2.92 4.23 4.38 4.02 0.00 0.00 2.04 0.00 0.00 0.00 0.00 0.00 0.00 3.43 0.00 0.00 0.00 2.19 1.31 0.00 0.00 2.70 2.41 0.00 1.24 1.53 1.61 0.29 0.80 1.75 1.90 1.46 1.53 1.97 2.34 2.19 1.68 1.83 1.90 2.19 4.16 4.16 6.64 5.55 6.57 4.74 3.21 1.61 0.66 0.37 0.66 0.00 0.00 0.00 0.00 0.15 0.66
0.00 0.00 0.00 0.66 1.46 0.00 0.00 0.00 3.43 0.00 0.00 4.23 4.74 4.89 4.96 3.29 0.00 0.00 0.00 0.00 0.00 0.00 0.00 0.00 0.00 0.00 0.00 2.85 3.21 3.87 0.00 0.00 0.00 0.00 0.00 0.00 0.00 0.00 0.00 0.00 0.00 0.00 0.00 0.00 0.00 0.00 0.00 0.00 0.00 0.00 0.00 0.00 1.83 2.34 0.00 2.26 1.75 0.00 2.77 2.56 0.00 0.00 0.00 0.00 2.26 0.00 3.07 4.60 4.60 4.09 3.87 4.16 3.43 3.72 1.97 0.73 0.15 0.90 0.00 0.00 0.00 0.73 2.05 1.41
0.00 1.61 0.00 0.00 0.00 0.00 0.00 0.00 3.58 3.29 0.00 3.58 4.67 3.80 4.60 2.77 3.07 0.00 0.00 0.00 0.00 0.00 0.00 0.00 0.00 0.00 0.00 2.34 0.00 0.00 0.00 0.00 0.00 0.00 0.00 0.00 0.00 0.00 0.00 0.00 0.00 0.00 0.00 0.00 0.00 0.00 0.00 0.00 0.00 0.00 0.00 0.00 0.00 0.00 2.56 3.36 0.00 0.00 0.00 0.00 0.00 4.16 0.00 3.43 0.00 0.51 1.83 3.21 3.21 1.83 2.77 1.53 2.56 2.77 1.76 0.66 0.37 1.31 1.02 0.37 0.37 1.31 2.04 1.47
0.00 0.00 0.00 0.00 0.00 0.00 0.00 0.00 0.00 3.43 3.80 3.58 3.58 3.21 2.56 0.00 2.63 0.00 0.00 2.85 0.00 0.00 0.00 0.00 0.00 0.00 0.00 0.00 2.04 1.61 2.19 1.53 0.00 0.00 0.00 0.00 0.00 0.00 0.00 0.00 0.00 0.00 0.00 0.00 0.00 0.00 0.00 0.00 0.00 0.00 0.00 0.00 0.00 0.00 1.75 0.00 2.70 3.50 4.23 4.02 4.16 4.23 4.31 3.58 2.04 0.00 0.00 0.00 0.00 1.39 1.68 1.83 3.58 2.70 3.07 1.47 1.95 2.22 1.10 1.17 1.39 1.31 1.68 2.26
0.00 0.00 0.00 0.00 0.00 0.00 0.00 0.00 0.00 0.00 4.02 4.38 0.00 0.00 3.36 2.85 2.70 0.00 0.00 0.00 1.90 0.00 0.00 0.00 0.00 0.00 0.00 1.46 1.10 0.00 0.00 0.00 0.00 0.00 0.00 0.00 0.00 0.00 0.00 0.00 0.00 0.00 0.00 0.00 0.00 0.00 1.68 0.00 0.88 0.00 0.00 0.00 0.00 0.00 0.80 1.61 2.85 3.29 4.31 3.21 3.50 4.60 4.31 3.65 1.97 0.22 0.00 0.00 0.00 0.22 1.83 2.34 3.94 4.67 5.33 1.98 1.77 2.68 2.35 2.10 2.93 3.07 1.68 2.48
0.00 0.00 0.00 1.53 0.00 0.00 0.00 0.00 0.00 0.00 0.00 3.72 0.00 0.00 3.58 0.00 0.00 0.80 0.80 0.07 0.00 0.00 0.00 0.00 0.00 0.00 0.00 1.31 1.83 0.00 0.00 0.00 0.00 0.00 0.00 1.83 0.00 0.00 0.00 0.00 0.00 0.00 0.00 0.00 0.00 0.00 0.00 0.00 0.00 0.00 0.00 0.00 0.00 0.00 0.00 1.90 2.19 2.12 2.70 2.63 2.70 4.16 3.50 3.36 1.97 0.80 2.12 2.12 2.12 1.75 2.04 1.68 3.58 5.33 5.48 3.72 3.29 3.72 2.41 2.49 3.65 4.02 3.65 5.04
2.19 1.53 1.53 0.00 0.00 0.00 0.00 0.00 0.00 0.00 0.00 0.00 0.00 0.00 0.00 0.00 0.00 0.00 0.00 0.58 0.00 1.61 0.00 0.00 0.00 0.00 0.00 0.00 0.00 0.00 0.00 0.00 0.00 0.00 0.00 0.00 0.00 0.00 0.37 0.29 0.00 0.00 0.00 0.00 0.00 0.00 0.00 0.00 0.00 0.00 0.00 0.00 0.44 0.66 2.70 2.77 1.83 1.83 1.83 1.75 2.48 2.56 2.77 2.48 2.63 2.34 2.77 2.34 2.34 2.48 3.07 3.29 4.02 4.89 4.82 4.67 4.23 3.80 3.29 3.50 3.87 4.82 4.09 4.96
3.43 1.83 0.00 0.00 0.00 0.00 0.00 0.00 0.00 0.00 0.00 0.00 0.00 3.36 0.00 3.07 0.00 0.00 0.00 0.00 0.00 0.00 0.00 0.00 0.00 0.00 0.00 0.00 1.90 0.00 0.00 0.00 0.00 0.00 0.73 0.00 0.07 0.00 0.07 0.00 0.00 0.00 0.00 0.00 0.07 0.00 0.00 0.00 0.00 0.00 0.00 0.00 1.17 0.00 2.77 2.48 2.70 1.61 1.53 1.53 2.34 2.34 2.19 2.63 2.56 2.77 3.14 2.19 2.19 2.99 3.50 4.23 3.72 4.60 3.36 3.94 3.72 3.72 4.45 4.23 4.31 5.04 5.04 4.96
3.72 2.41 0.00 0.00 0.00 0.00 0.00 0.00 0.00 0.00 0.00 0.00 0.00 0.00 2.56 0.00 0.00 0.00 0.00 2.85 4.31 4.38 4.38 4.02 0.00 1.39 0.00 1.83 1.97 2.19 0.00 0.00 0.00 0.80 1.53 0.66 1.24 0.37 0.37 0.00 0.00 0.00 0.15 0.15 0.00 0.00 0.00 0.00 0.00 0.00 0.00 0.00 1.39 2.34 2.41 2.99 2.63 2.19 1.17 1.75 1.98 2.38 2.86 3.07 2.77 2.70 3.43 3.29 3.29 3.43 4.02 5.55 3.36 3.50 3.43 3.72 4.02 4.02 4.67 4.89 5.48 5.11 5.91 5.55
1.83 2.63 2.92 2.77 0.00 0.00 0.00 0.00 0.00 0.00 0.00 0.00 0.00 0.00 3.07 0.00 0.00 3.65 3.65 3.94 4.16 3.72 4.16 3.94 0.00 0.00 2.26 0.00 3.21 0.00 0.00 0.00 1.10 0.00 2.04 1.68 1.10 0.22 0.00 0.00 0.73 0.00 0.80 0.80 0.29 0.88 1.02 0.66 0.29 0.37 0.58 2.12 1.17 1.53 3.58 4.16 5.26 5.18 4.67 3.87 2.63 3.14 2.31 2.77 3.50 5.04 5.91 3.87 3.87 5.62 7.88 9.42 6.57 6.79 5.33 2.70 3.58 3.36 4.02 5.48 6.94 6.94 5.11 5.33
1.10 2.19 2.92 2.92 0.00 0.00 0.00 0.00 0.00 0.00 0.00 0.00 3.21 3.36 0.00 0.00 0.00 3.50 3.50 3.36 4.09 3.94 2.92 2.56 0.00 0.00 0.00 0.00 0.00 0.00 0.00 0.00 0.00 1.68 1.83 0.00 1.53 1.46 0.00 0.00 0.66 1.02 0.66 0.66 0.88 1.39 1.61 0.95 1.31 0.95 2.34 2.85 0.58 4.16 4.60 4.60 4.74 5.04 6.20 5.62 3.21 1.83 2.48 3.58 5.41 6.13 8.61 5.18 5.18 4.89 7.08 7.74 7.96 7.01 4.74 4.45 5.40 5.11 4.67 6.20 6.72 7.52 6.13 5.69
2.92 2.26 3.07 0.00 0.00 0.00 0.00 0.00 0.00 0.00 0.00 0.00 2.41 1.83 0.00 0.00 0.00 0.00 0.00 0.00 2.41 0.00 0.00 0.00 0.00 0.00 0.00 0.00 0.00 0.00 0.00 0.00 0.00 2.56 0.00 2.56 2.34 3.36 0.00 0.95 0.00 1.68 1.68 1.68 2.19 1.97 1.61 3.21 2.26 1.90 2.04 2.48 3.87 4.23 4.38 4.53 4.53 5.48 5.04 4.89 3.21 2.92 4.38 4.96 8.85 8.65 10.66 7.88 7.88 5.77 5.91 5.48 7.15 7.59 5.84 5.91 6.06 6.42 7.30 6.42 6.13 5.84 7.08 4.67
2.34 2.48 0.00 0.00 0.00 0.00 0.00 0.00 2.48 0.00 0.00 0.00 0.00 0.00 0.00 1.02 1.90 0.58 0.58 1.53 0.00 0.00 0.00 0.00 0.00 0.00 0.00 0.00 0.00 0.00 0.00 0.00 0.00 3.43 3.58 2.63 2.34 2.63 0.44 0.00 0.00 0.00 1.90 1.90 2.04 2.04 3.65 2.92 2.56 1.90 2.41 2.56 5.48 5.69 4.82 5.18 5.77 4.60 5.26 3.91 2.92 2.85 5.51 7.52 11.19 11.89 11.37 9.49 9.49 7.74 5.48 4.16 7.01 6.57 6.86 5.91 6.13 7.74 7.30 5.35 5.61 4.89 4.84 4.70
1.75 2.12 0.00 0.00 0.00 0.00 0.00 0.00 2.34 1.68 0.00 0.00 0.00 0.00 0.00 0.00 0.00 0.00 0.00 0.00 0.00 0.00 0.00 0.00 0.00 0.00 2.70 0.00 2.85 2.99 3.50 0.00 0.00 0.00 0.00 0.00 2.41 0.00 0.00 0.00 0.00 1.90 2.19 2.19 0.00 2.48 3.07 2.63 1.75 2.41 3.36 3.72 8.25 8.61 7.23 7.88 7.08 5.40 8.03 6.28 3.99 7.52 6.86 9.93 11.02 11.61 9.02 5.95 5.76 3.96 4.09 3.58 5.91 5.04 6.42 5.55 5.04 6.64 6.04 4.43 4.32 4.53 4.53 4.61
1.90 1.75 2.63 2.04 2.48 0.00 0.00 1.68 2.48 1.75 0.00 0.00 0.00 0.00 0.00 0.00 0.00 0.00 0.00 0.00 0.00 0.00 0.00 0.00 0.00 0.00 0.00 0.00 0.00 0.00 0.00 0.00 0.00 0.00 0.00 0.00 0.00 0.00 0.00 0.00 0.00 0.00 0.00 0.00 0.00 0.00 2.41 2.34 2.04 4.38 5.99 8.40 6.50 10.73 12.19 12.48 10.80 7.52 9.66 11.06 6.57 5.91 7.37 6.24 8.21 5.96 6.79 3.94 3.96 3.88 3.08 3.94 5.18 5.26 4.40 3.87 4.02 4.74 4.26 4.63 4.63 4.45 5.35 4.84
2.19 1.97 1.75 2.26 0.00 0.00 0.00 2.41 0.00 2.41 0.00 0.00 0.00 0.00 0.00 0.00 0.00 0.00 0.00 0.00 0.00 0.00 0.00 0.00 0.00 0.00 0.00 0.00 0.00 0.00 0.00 0.00 0.00 0.00 0.00 0.00 0.00 0.00 0.00 0.00 0.00 0.00 0.00 0.00 0.00 0.00 1.46 1.83 2.19 3.87 6.28 7.81 10.80 12.85 12.41 13.29 14.53 16.06 12.92 9.36 9.00 4.28 4.87 3.83 5.35 4.68 4.87 2.48 2.48 2.45 1.71 4.66 5.58 5.93 5.06 4.65 5.04 4.22 3.69 4.10 3.95 4.52 5.34 6.21
2.41 1.46 1.53 1.83 2.19 1.83 1.46 0.00 0.00 1.83 0.00 0.00 0.00 0.00 0.00 0.00 0.00 0.29 0.29 0.66 0.00 0.00 0.00 0.00 0.00 0.00 0.00 0.00 0.00 0.00 0.00 0.00 0.00 0.00 0.00 0.00 0.00 0.00 0.00 0.00 0.00 0.00 0.00 0.00 0.00 1.17 1.68 1.68 2.70 4.82 4.45 6.86 8.83 11.02 11.17 13.65 15.80 16.86 15.55 12.12 9.49 6.98 3.54 2.84 3.46 3.07 4.04 2.12 2.12 1.55 0.68 3.25 5.04 5.21 6.15 5.65 5.26 3.71 2.98 2.94 3.59 5.87 8.30 6.30
2.26 2.04 1.68 1.61 1.61 1.68 0.00 0.00 0.00 1.39 0.00 1.46 0.00 0.00 0.00 0.00 0.22 0.15 0.15 0.00 0.00 0.00 0.00 0.00 0.00 0.00 0.00 0.00 0.00 0.00 0.00 0.00 0.00 0.00 0.00 0.00 0.00 0.00 0.00 0.00 0.00 0.00 0.00 0.00 0.00 1.24 1.61 2.04 3.29 4.89 4.82 6.50 8.42 9.86 13.91 15.27 16.33 12.56 15.48 14.38 8.98 6.02 4.23 1.69 1.88 2.18 3.32 1.90 1.91 0.70 0.56 2.60 3.63 3.53 6.64 6.35 4.99 4.61 3.59 2.14 2.61 5.34 8.21 5.82
2.63 3.21 2.56 2.19 1.83 1.75 1.83 2.26 1.46 0.88 0.00 0.00 0.00 0.00 0.00 0.00 0.00 0.00 0.00 0.00 0.00 0.00 0.00 0.00 0.00 0.00 0.00 0.00 0.00 0.00 0.00 0.00 0.00 0.00 0.00 0.00 0.00 0.00 0.00 0.00 0.00 0.00 0.00 0.00 0.00 0.00 1.83 2.19 7.81 7.30 6.64 7.81 7.81 13.07 13.79 12.42 14.52 9.92 10.15 12.76 5.94 4.26 1.26 1.55 1.03 2.16 1.20 0.81 0.81 0.37 0.35 1.14 2.82 2.28 4.18 4.55 3.35 4.23 3.67 2.22 2.32 3.78 7.38 6.14
4.02 1.83 1.75 1.46 1.61 2.70 3.07 2.63 1.39 1.90 0.00 0.00 0.00 0.00 0.00 0.00 0.00 0.00 0.00 0.00 0.00 0.00 0.00 0.00 0.00 0.00 0.00 1.10 0.00 0.00 0.00 0.00 0.00 0.00 0.00 0.00 0.00 0.00 0.00 0.00 0.00 10.15 6.06 6.06 0.00 0.00 5.18 3.50 11.17 11.24 9.34 7.52 10.15 10.78 10.88 10.14 9.51 6.65 7.70 4.25 3.16 2.97 2.03 1.00 0.57 0.99 0.84 0.96 0.95 0.00 0.09 0.63 2.99 4.19 3.50 2.79 2.67 2.62 2.19 2.19 2.71 2.18 8.46 9.04
3.72 0.00 0.00 0.44 0.00 2.63 3.07 3.80 2.70 2.92 1.46 0.00 0.07 0.58 0.58 0.00 0.00 0.00 0.00 0.00 0.00 0.00 0.00 0.00 0.00 0.00 2.04 1.31 1.39 0.15 0.44 0.22 1.17 0.00 0.00 0.00 0.00 0.00 0.00 0.00 9.93 12.78 9.64 9.64 5.04 9.78 8.32 13.58 14.24 13.48 11.51 11.12 12.46 12.35 10.56 8.73 6.50 7.01 4.66 4.36 2.79 5.15 3.06 1.68 2.08 0.48 1.33 0.98 0.95 0.73 0.00 0.82 2.34 4.57 4.70 4.38 2.98 1.61 1.79 1.12 2.09 3.69 5.67 4.20
4.53 3.58 1.68 5.11 5.62 7.37 9.05 8.10 8.76 4.67 3.87 1.10 0.58 0.80 0.80 0.58 0.07 1.10 1.10 1.31 1.17 0.15 0.29 0.37 0.73 1.31 0.15 0.73 0.66 1.17 0.88 0.73 1.02 1.31 1.83 1.31 0.00 0.00 1.10 0.00 5.18 6.35 9.71 9.71 6.86 10.15 13.29 13.14 16.13 15.11 13.17 12.33 10.13 8.19 6.66 5.31 6.35 8.37 8.23 8.29 8.73 7.11 7.77 6.25 7.23 3.45 3.46 0.22 0.22 1.17 1.10 0.91 2.38 4.31 7.19 10.29 4.16 2.23 1.33 0.48 0.00 0.42 2.61 5.03
4.74 4.67 4.16 4.67 6.72 6.06 8.54 10.07 8.47 6.64 0.00 0.00 0.58 0.51 1.10 0.29 0.88 1.24 1.24 1.31 1.02 0.51 0.00 0.00 0.51 0.58 0.00 0.00 0.66 0.44 0.44 0.66 0.88 0.88 1.10 0.95 1.61 0.37 0.29 1.39 0.37 2.99 5.11 5.11 3.94 6.72 11.83 8.61 11.21 12.62 10.01 10.55 6.68 6.19 7.03 7.35 5.66 5.76 8.70 6.35 10.62 11.20 11.31 6.32 4.16 3.21 4.99 2.16 2.13 0.80 0.58 2.15 3.52 10.27 12.50 8.03 2.95 0.82 0.84 0.28 0.00 0.00 1.56 2.74
5.11 4.45 3.29 5.33 4.89 4.60 6.86 8.69 7.37 8.03 0.00 0.00 0.00 1.83 2.19 2.04 1.68 1.75 1.75 1.17 1.10 0.66 1.10 0.29 0.44 0.58 0.00 0.00 0.29 0.95 0.58 0.37 0.44 0.37 1.02 1.68 0.00 0.00 0.00 0.00 0.00 0.00 2.34 2.34 3.94 3.07 5.40 7.82 10.87 11.47 9.28 10.51 9.28 7.90 7.80 7.68 5.56 3.93 6.34 9.45 9.42 12.44 9.27 6.13 4.16 5.36 4.47 2.42 2.69 2.01 0.67 1.32 2.31 6.75 9.88 6.49 4.09 1.31 0.15 0.00 0.71 2.07 2.70 2.40
2.99 4.09 1.53 2.41 4.60 5.77 5.48 6.53 6.20 0.00 2.56 1.83 0.00 0.00 2.34 2.56 2.56 1.90 1.90 1.24 0.95 1.10 0.00 0.22 0.29 0.00 0.00 0.00 0.73 0.66 0.88 0.29 0.00 0.00 0.00 1.31 1.10 0.00 0.00 0.00 0.00 0.00 0.00 0.00 1.46 3.14 3.36 7.04 9.78 12.38 10.06 11.02 11.15 10.32 7.02 4.56 3.90 3.29 3.40 6.97 7.39 11.13 7.56 7.74 4.82 7.03 5.13 3.69 3.56 4.06 0.78 0.84 1.40 4.38 4.74 4.12 3.93 1.99 0.77 0.31 0.78 3.16 4.23 4.48
0.00 1.61 0.00 0.00 1.90 5.62 5.69 5.26 6.06 4.09 4.02 2.85 0.00 0.00 0.00 1.97 1.83 2.12 2.12 1.61 1.17 1.68 0.66 1.02 0.07 0.00 0.00 0.00 0.00 0.00 0.00 0.00 0.00 0.00 0.00 0.73 0.00 0.00 0.00 0.00 0.00 0.00 0.00 0.00 1.17 1.97 2.63 7.45 10.51 10.00 10.45 9.25 8.20 9.10 8.76 4.45 2.71 3.60 3.73 5.11 5.45 7.65 9.16 8.20 8.36 8.58 5.09 5.69 5.72 5.38 3.35 1.86 1.42 2.31 2.23 2.47 4.02 2.79 0.66 0.00 0.66 3.25 4.24 5.76
0.00 0.00 0.00 0.00 3.65 4.89 5.77 4.60 5.77 5.77 4.67 4.38 3.14 0.00 0.00 0.00 2.04 2.48 2.48 0.00 1.24 0.66 0.00 0.29 0.00 0.00 0.00 0.00 0.00 0.00 0.00 0.00 0.00 0.00 0.00 0.00 0.00 0.00 0.00 0.00 0.00 0.00 0.00 0.00 0.00 0.80 1.10 5.33 8.60 9.48 13.24 8.31 10.08 7.45 2.50 2.80 1.99 3.37 1.65 4.69 6.14 5.47 8.07 7.07 8.76 9.85 7.90 6.20 7.25 3.57 3.01 2.01 1.35 1.58 0.66 1.25 2.43 1.83 0.78 0.00 0.00 2.46 5.03 6.96
0.00 0.00 0.00 0.00 0.00 3.94 4.53 3.94 5.99 4.23 4.60 4.31 4.31 2.99 1.97 4.38 4.74 3.58 3.58 3.21 0.00 0.58 0.00 0.00 0.00 0.00 0.00 0.00 0.00 0.00 0.00 0.00 0.00 0.00 0.00 0.00 0.00 0.00 0.00 0.00 0.00 0.00 0.00 0.00 0.00 0.00 0.00 1.98 5.79 6.45 8.38 7.79 4.50 2.97 0.87 0.00 0.00 3.38 0.00 5.00 6.31 4.81 8.63 6.97 8.85 8.71 10.40 8.86 9.92 6.50 3.42 3.11 1.58 0.09 0.37 1.59 0.75 0.51 0.00 0.00 0.00 2.51 4.93 7.30
0.00 0.00 0.00 0.00 0.00 0.00 2.56 2.34 5.11 4.16 4.09 5.26 5.04 5.33 4.31 4.89 6.71 5.69 5.69 1.83 1.97 0.88 0.00 0.00 0.00 0.00 0.00 0.00 0.00 0.00 0.00 0.00 0.00 0.00 0.00 0.00 0.00 0.00 0.00 0.00 0.00 0.00 0.00 0.00 0.00 0.00 0.07 1.05 3.67 6.33 6.50 5.56 4.65 2.64 0.00 0.00 0.00 0.00 0.00 0.00 5.87 5.22 6.12 8.68 7.71 8.48 13.16 11.16 11.40 7.95 5.88 2.97 2.20 1.35 0.86 1.35 0.78 1.23 0.00 0.00 0.00 3.55 4.99 5.21
0.00 0.00 0.00 0.00 0.00 0.00 0.00 3.14 5.33 1.53 2.63 3.87 3.14 4.31 5.04 5.94 5.69 8.15 7.60 3.94 1.97 2.34 0.07 0.00 0.00 0.00 0.15 0.00 0.00 0.00 0.00 0.00 0.00 0.00 0.00 0.00 0.00 0.00 0.00 0.88 0.00 0.00 0.07 0.07 0.00 0.00 0.00 1.16 2.48 5.28 10.00 2.25 2.12 2.63 0.00 0.00 0.00 0.00 0.00 0.00 0.00 3.13 5.75 5.74 5.93 9.38 10.81 11.63 14.22 11.76 6.30 2.63 3.42 3.09 1.30 1.65 1.20 1.78 0.82 0.00 0.00 0.00 2.10 0.00
0.00 0.00 0.00 0.00 0.00 0.00 0.00 0.00 0.00 0.00 0.00 0.00 0.00 0.00 0.00 0.00 3.65 0.00 0.00 4.89 4.67 3.36 3.36 4.60 3.80 3.87 3.14 3.94 0.00 0.00 3.43 2.48 5.18 2.99 0.00 5.91 4.38 3.72 6.42 5.72 3.99 4.72 4.67 4.67 3.80 4.45 1.10 0.73 0.34 2.77 0.00 0.00 0.00 0.00 0.00 0.00 0.00 0.00 0.00 0.00 0.00 0.00 0.00 2.71 4.99 8.89 2.45 5.43 6.07 3.09 2.09 3.44 2.83 0.00 0.00 1.93 1.06 0.00 0.00 0.00 0.00 0.00 0.00 0.00
0.00 0.00 0.00 0.00 0.00 0.00 0.00 0.00 0.00 0.00 0.00 0.00 0.00 0.00 0.00 0.00 0.00 0.00 0.00 0.00 4.84 4.24 4.89 4.38 4.31 5.05 5.17 6.20 4.74 4.02 4.82 4.45 4.60 6.50 0.00 6.64 7.96 7.23 7.59 5.55 6.04 4.01 4.31 4.81 6.13 5.11 3.43 2.10 1.24 0.00 0.00 0.00 0.00 0.00 0.00 0.00 0.00 0.00 0.00 0.00 0.00 0.00 0.00 0.00 0.00 3.21 0.00 0.00 0.00 0.00 0.00 2.45 0.00 0.00 0.00 2.77 0.00 0.00 0.00 0.00 0.00 0.00 0.00 0.00
0.00 0.00 0.00 0.00 0.00 0.00 0.00 0.00 0.00 0.00 0.00 0.00 0.00 0.00 0.00 0.00 0.00 0.00 0.00 0.00 0.00 0.00 3.87 5.62 2.77 3.89 2.61 4.53 5.18 5.69 3.65 4.96 9.04 4.53 5.48 3.18 5.91 7.88 2.26 3.43 3.10 0.00 2.57 3.27 4.41 3.84 0.96 0.12 0.00 0.00 0.00 0.00 0.00 0.00 0.00 0.00 0.00 0.00 0.00 0.00 0.00 0.00 0.00 0.00 0.00 0.00 0.00 0.00 0.00 0.00 0.00 0.00 0.00 0.00 0.00 0.00 0.00 0.00 0.00 0.00 0.00 0.00 0.00 0.00
0.00 0.00 0.00 0.00 0.00 0.00 0.00 0.00 0.00 0.00 0.00 0.00 0.00 0.00 0.00 0.00 0.00 0.00 0.00 0.00 0.00 0.00 0.00 3.50 0.00 0.00 3.94 0.00 3.21 4.09 4.31 0.00 7.76 6.28 0.00 0.00 0.00 0.00 0.00 0.00 0.00 0.00 0.00 0.00 0.00 3.79 2.48 0.00 0.00 0.00 0.00 0.00 0.00 0.00 0.00 0.00 0.00 0.00 0.00 0.00 0.00 0.00 0.00 0.00 0.00 0.00 0.00 0.00 0.00 0.00 0.00 0.00 0.00 0.00 0.00 0.00 0.00 0.00 0.00 0.00 0.00 0.00 0.00 0.00
