Wansh/Snow_depth/snowdepth-1994/winter/1995052.txt
ncols 321
nrows 161
xllcenter 60
yllcenter 15 
cellsize  0.25 
NODATA_value -1
[rows 74 to 110 of 161, columns 84 to 167 of 321]
0.00 0.00 0.00 0.00 0.37 0.95 1.17 2.34 1.02 0.73 2.19 1.10 2.70 2.99 5.91 5.62 4.60 3.58 3.58 2.77 3.80 4.74 4.89 4.96 3.50 5.04 5.11 2.41 0.00 1.31 1.02 0.00 0.22 0.37 0.37 0.00 1.02 0.88 0.00 0.00 0.00 1.31 0.88 0.88 0.00 0.29 0.00 0.80 2.12 1.39 1.53 1.97 2.19 1.39 0.00 0.00 0.29 0.95 0.00 0.00 0.00 0.00 0.00 0.00 0.00 0.00 0.00 2.04 2.04 6.38 7.04 2.77 1.97 0.00 0.00 0.00 0.00 0.00 0.00 0.07 2.12 1.61 0.51 0.37
0.00 0.00 0.00 0.95 1.24 1.90 3.07 3.58 2.56 2.04 0.00 0.00 0.00 0.00 4.23 4.09 0.00 0.00 0.00 0.00 0.00 4.67 0.00 3.58 4.96 4.60 4.96 2.63 1.68 2.12 2.12 1.10 2.48 1.75 1.90 0.00 0.00 0.00 0.00 0.00 0.00 0.66 1.61 1.61 0.44 0.29 0.00 1.17 1.39 1.46 0.73 2.04 1.75 1.02 0.66 0.66 1.68 1.46 0.22 0.00 0.00 0.00 0.29 0.22 0.00 0.15 1.24 0.88 0.88 5.87 8.76 6.42 4.89 1.31 0.00 0.00 0.00 0.00 0.00 0.00 0.00 0.73 0.00 0.44
0.66 0.22 2.12 1.61 2.34 2.04 2.48 2.85 3.65 0.00 0.00 3.94 0.00 2.99 0.00 0.00 4.31 0.00 0.00 0.00 0.00 0.00 0.00 0.00 0.00 3.80 0.00 1.90 3.50 2.85 2.99 2.63 2.77 2.34 0.00 0.00 0.00 0.00 0.00 0.00 1.97 2.99 2.34 2.34 0.07 1.10 0.88 2.04 1.75 1.83 1.46 0.88 1.24 1.31 1.17 1.02 1.10 1.31 0.58 0.95 0.88 1.68 0.88 1.39 1.17 1.39 1.97 3.72 3.72 5.26 5.84 5.11 2.77 1.90 1.02 0.00 0.00 0.00 0.00 0.00 0.00 0.00 0.00 0.00
0.00 0.66 1.02 1.02 1.17 2.26 0.00 0.00 0.00 0.00 0.00 0.00 4.53 4.23 4.60 4.45 4.16 0.00 0.00 0.00 0.00 0.00 0.00 0.00 0.00 0.00 0.00 2.92 4.23 4.38 4.02 0.00 0.00 2.04 0.00 0.00 0.00 0.00 0.00 0.00 0.00 2.41 0.00 0.00 1.53 1.90 1.39 2.70 1.97 0.00 0.00 2.34 2.34 1.90 0.88 1.17 1.39 2.41 1.17 1.90 1.46 1.02 2.04 1.83 2.34 1.97 1.90 3.21 3.21 3.43 4.31 3.94 3.80 2.70 1.17 0.07 0.07 0.15 0.00 0.00 0.00 0.00 0.00 0.22
0.07 0.00 0.00 0.66 1.46 0.00 0.00 0.00 3.43 0.00 0.00 4.23 4.74 4.89 4.96 3.29 0.00 0.00 0.00 0.00 0.00 0.00 0.00 0.00 0.00 0.00 0.00 2.85 3.21 3.87 0.00 0.00 0.00 0.00 0.00 0.00 0.00 0.00 0.00 0.00 0.00 0.00 0.00 0.00 0.00 0.00 0.00 0.00 0.00 0.00 0.00 1.68 2.63 2.92 2.63 2.77 2.99 3.87 1.68 2.41 2.56 2.19 2.70 1.97 1.39 1.53 1.68 1.46 1.46 3.14 2.92 2.77 0.00 0.00 1.75 0.00 0.58 0.60 0.73 0.00 0.00 0.00 1.32 0.30
0.00 1.61 0.00 0.00 0.00 0.00 0.00 0.00 3.58 3.29 0.00 3.58 4.67 3.80 4.60 2.77 3.07 0.00 0.00 0.00 0.00 0.00 0.00 0.00 0.00 0.00 0.00 2.34 0.00 0.00 0.00 0.00 0.00 0.00 0.00 0.00 0.00 0.00 0.00 0.00 0.00 0.00 0.00 0.00 0.00 0.00 0.00 0.00 0.00 2.63 0.00 2.12 0.00 0.00 2.04 3.58 4.45 4.02 3.14 3.14 3.50 3.94 0.00 3.14 1.17 0.44 0.00 1.83 1.83 2.04 1.46 2.12 1.75 0.00 2.57 1.46 0.81 0.58 0.51 0.29 0.00 0.58 1.53 1.54
0.00 0.00 0.00 0.00 0.00 0.00 0.00 0.00 0.00 3.43 3.80 3.58 3.58 3.21 2.56 0.00 2.63 0.00 0.00 2.85 0.00 0.00 0.00 0.00 0.00 0.00 0.00 0.00 2.04 1.61 2.19 1.53 0.00 0.00 0.00 0.00 0.00 0.00 0.00 0.00 0.00 0.00 0.00 0.00 0.00 0.00 0.00 0.00 2.48 2.19 0.00 2.85 0.00 0.00 2.63 2.56 3.43 2.85 2.41 3.07 3.29 3.29 2.77 0.00 0.00 0.00 0.00 0.00 0.00 0.88 0.80 0.00 2.85 4.31 3.43 2.35 1.57 0.61 1.90 1.53 1.31 2.04 0.88 2.56
0.00 0.00 0.00 0.00 0.00 0.00 0.00 0.00 0.00 0.00 4.02 4.38 0.00 0.00 3.36 2.85 2.70 0.00 0.00 0.00 1.90 0.00 0.00 0.00 0.00 0.00 0.00 1.46 1.10 0.00 0.00 0.00 0.00 0.00 0.00 0.00 0.00 0.00 0.00 0.00 0.00 0.00 0.00 0.00 0.00 0.00 0.00 0.00 0.00 0.00 0.00 0.00 0.00 0.00 1.90 1.46 2.04 2.19 1.46 2.92 3.50 3.29 3.58 3.72 2.04 0.00 0.00 0.00 0.00 0.37 0.88 1.90 0.00 4.67 5.69 3.08 2.14 2.45 2.12 2.32 2.42 1.97 1.68 3.29
0.00 0.00 0.00 1.53 0.00 0.00 0.00 0.00 0.00 0.00 0.00 3.72 0.00 0.00 3.58 0.00 0.00 0.80 0.80 0.07 0.00 0.00 0.00 0.00 0.00 0.00 0.00 1.31 1.83 0.00 0.00 0.00 0.00 0.00 0.00 1.83 0.00 0.00 0.00 0.00 0.00 0.00 0.00 0.00 0.00 0.00 0.00 0.00 1.17 0.00 0.00 0.00 0.00 1.53 1.39 1.83 1.39 1.68 0.95 1.39 3.21 3.29 2.85 2.12 1.24 0.44 0.37 1.02 1.02 0.95 0.95 1.24 3.58 5.69 5.99 5.91 2.56 2.34 2.04 3.59 3.50 3.07 2.77 3.36
2.19 1.53 1.53 0.00 0.00 0.00 0.00 0.00 0.00 0.00 0.00 0.00 0.00 0.00 0.00 0.00 0.00 0.00 0.00 0.58 0.00 1.61 0.00 0.00 0.00 0.00 0.00 0.00 0.00 0.00 0.00 0.00 0.00 0.00 0.00 0.00 0.00 0.00 0.37 0.29 0.00 0.00 0.00 0.00 0.00 0.00 0.00 0.00 0.00 0.00 0.00 0.00 1.10 2.41 2.56 2.12 1.46 0.88 0.95 0.73 2.77 2.70 2.48 2.77 2.70 2.19 1.68 2.19 2.19 2.34 2.26 1.68 1.75 4.31 5.69 4.31 5.11 3.36 3.14 3.80 4.31 4.31 3.29 3.21
3.43 1.83 0.00 0.00 0.00 0.00 0.00 0.00 0.00 0.00 0.00 0.00 0.00 3.36 0.00 3.07 0.00 0.00 0.00 0.00 0.00 0.00 0.00 0.00 0.00 0.00 0.00 0.00 1.90 0.00 0.00 0.00 0.00 0.00 0.73 0.00 0.07 0.00 0.07 0.80 0.00 0.00 0.00 0.00 0.00 0.00 0.00 0.00 0.00 0.00 0.00 0.00 1.17 2.56 2.70 2.70 2.19 1.83 1.39 1.68 1.61 2.26 2.48 2.41 1.75 2.26 1.61 1.97 1.97 2.19 2.85 4.16 2.34 2.48 3.65 4.45 4.38 5.69 4.53 4.38 5.26 5.77 4.23 4.89
3.72 2.41 0.00 0.00 0.00 0.00 0.00 0.00 0.00 0.00 0.00 0.00 0.00 0.00 2.56 0.00 0.00 0.00 0.00 2.85 4.31 4.38 4.38 4.02 0.00 1.39 0.00 1.83 1.97 2.19 0.00 0.00 0.00 0.80 1.53 0.66 1.24 0.37 0.37 1.31 0.22 0.37 0.00 0.00 0.00 0.00 0.00 0.00 0.07 0.95 0.88 0.00 1.39 2.26 2.92 3.36 3.14 2.63 2.56 2.26 2.05 2.83 3.09 3.07 3.07 2.85 3.36 2.56 2.56 3.07 5.91 4.89 4.38 2.92 2.85 3.29 4.45 4.74 5.04 4.45 4.96 4.82 4.67 2.99
1.83 2.63 2.92 2.77 0.00 0.00 0.00 0.00 0.00 0.00 0.00 0.00 0.00 0.00 3.07 0.00 0.00 3.65 3.65 3.94 4.16 3.72 4.16 3.94 0.00 0.00 2.26 0.00 3.21 0.00 0.00 0.00 1.10 0.00 2.04 1.68 1.10 0.22 1.17 3.14 1.46 1.31 0.51 0.51 1.39 1.10 0.88 0.80 0.88 0.88 1.68 0.00 1.90 2.19 3.29 4.67 5.04 5.40 5.40 5.77 2.04 2.34 2.09 3.07 3.50 4.16 5.77 4.16 4.16 3.43 7.23 9.20 6.94 3.94 5.04 4.09 3.94 5.33 5.33 6.72 6.57 6.57 5.91 4.96
1.10 2.19 2.92 2.92 0.00 0.00 0.00 0.00 0.00 0.00 0.00 0.00 3.21 3.36 0.00 0.00 0.00 3.50 3.50 3.36 4.09 3.94 2.92 2.56 0.00 0.00 0.00 0.00 0.00 0.00 0.00 0.00 0.00 1.68 1.83 0.00 1.53 1.46 4.16 2.41 2.92 1.90 2.12 2.12 2.26 1.17 1.39 1.61 0.88 0.88 1.17 1.31 1.75 2.77 3.72 4.31 4.67 5.77 6.79 5.84 3.50 2.99 4.23 2.26 2.37 8.91 8.76 7.88 7.88 4.67 4.02 7.37 8.47 6.50 4.82 3.50 5.18 6.13 5.48 6.50 7.74 7.59 5.99 5.55
2.92 2.26 3.07 0.00 0.00 0.00 0.00 0.00 0.00 0.00 0.00 0.00 2.41 1.83 0.00 0.00 0.00 0.00 0.00 0.00 2.41 0.00 0.00 0.00 0.00 0.00 0.00 0.00 0.00 0.00 0.00 0.00 0.00 2.56 0.00 2.56 2.34 3.36 4.16 2.92 3.07 2.77 2.77 2.77 2.12 2.04 2.48 1.75 0.66 1.83 2.04 2.04 2.19 3.94 2.92 3.80 3.80 4.67 5.77 5.26 3.29 3.65 5.84 9.20 10.03 11.12 9.78 7.01 7.01 3.58 4.82 7.52 6.35 7.30 6.06 5.40 5.04 6.13 6.72 6.35 6.35 7.52 4.16 3.94
2.34 2.48 0.00 0.00 0.00 0.00 0.00 0.00 2.48 0.00 0.00 0.00 0.00 0.00 0.00 1.02 1.90 0.58 0.58 1.53 0.00 0.00 0.00 0.00 0.00 0.00 0.00 0.00 0.00 0.00 0.00 0.00 0.00 3.43 3.58 2.63 2.34 2.63 3.50 2.41 2.04 2.70 2.48 2.48 1.68 2.41 2.26 1.90 1.31 2.26 2.99 4.31 5.77 7.96 4.67 5.18 5.04 4.67 4.82 4.79 3.72 4.02 6.26 9.42 12.60 11.59 10.22 8.10 8.10 5.69 3.50 4.96 4.96 6.72 6.64 5.26 4.96 6.20 6.06 6.42 4.81 5.57 4.33 4.55
1.75 2.12 0.00 0.00 0.00 0.00 0.00 0.00 2.34 1.68 0.00 0.00 0.00 0.00 0.00 0.00 0.00 0.00 0.00 0.00 0.00 0.00 0.00 0.00 0.00 0.00 2.70 0.00 2.85 2.99 3.50 0.00 0.00 0.00 0.00 0.00 2.41 0.00 2.04 2.12 0.00 0.00 1.02 1.02 0.58 1.97 1.61 1.61 1.68 1.83 3.50 6.42 9.78 10.88 7.59 7.74 6.79 6.35 6.20 7.01 5.72 3.87 4.72 6.35 8.61 10.29 9.97 8.97 8.68 6.53 4.45 4.02 4.60 4.74 4.60 3.43 4.45 2.77 5.58 4.89 3.50 3.84 4.61 3.48
1.90 1.75 2.63 2.04 2.48 0.00 0.00 1.68 2.48 1.75 0.00 0.00 0.00 0.00 0.00 0.00 0.00 0.00 0.00 0.00 0.00 0.00 0.00 0.00 0.00 0.00 0.00 0.00 0.00 0.00 0.00 0.00 0.00 0.00 0.00 0.00 0.00 0.00 0.00 0.00 0.00 0.00 0.00 0.00 0.00 1.02 1.24 1.61 0.80 0.66 3.21 6.86 10.44 12.19 10.37 11.10 11.61 11.32 9.81 8.63 5.33 4.31 4.54 5.02 6.69 7.67 8.10 5.62 5.65 5.61 3.01 5.55 4.96 4.02 4.33 3.58 2.85 2.77 3.08 4.55 4.17 4.53 4.70 4.75
2.19 1.97 1.75 2.26 0.00 0.00 0.00 2.41 0.00 2.41 0.00 0.00 0.00 0.00 0.00 0.00 0.00 0.00 0.00 0.00 0.00 0.00 0.00 0.00 0.00 0.00 0.00 0.00 0.00 0.00 0.00 0.00 0.00 0.00 0.00 0.00 0.00 0.00 0.00 0.00 0.00 0.00 0.00 0.00 1.17 0.88 0.80 0.37 1.02 0.73 2.77 5.84 7.88 10.80 12.92 13.80 16.06 17.52 15.33 11.83 7.82 4.66 3.48 2.73 4.92 6.03 4.34 3.87 3.87 3.21 1.40 3.75 6.90 5.26 6.46 4.42 4.89 3.11 3.54 2.31 4.66 5.27 5.97 6.57
2.41 1.46 1.53 1.83 2.19 1.83 1.46 0.00 0.00 1.83 0.00 0.00 0.00 0.00 0.00 0.00 0.00 0.29 0.29 0.66 0.00 0.00 0.00 0.00 0.00 0.00 0.00 0.00 0.00 0.00 0.00 0.00 0.00 0.00 0.00 0.00 0.00 0.00 0.00 0.00 0.00 0.00 0.00 0.00 0.66 0.00 1.02 0.88 2.04 4.60 4.45 6.42 10.07 9.64 12.56 15.04 17.89 18.10 17.81 15.55 10.29 6.19 3.11 2.00 2.31 3.89 3.37 1.83 1.83 1.40 0.90 1.44 4.08 6.31 6.97 5.14 5.18 4.22 3.45 2.56 3.52 5.01 6.58 6.11
2.26 2.04 1.68 1.61 1.61 1.68 0.00 0.00 0.00 1.39 0.00 1.46 0.00 0.00 0.00 0.00 0.22 0.15 0.15 0.00 0.00 0.00 0.00 0.00 0.00 0.00 0.00 0.00 0.00 0.00 0.00 0.00 0.00 0.00 0.00 0.00 0.00 0.00 0.00 0.00 0.00 0.00 0.00 0.00 0.00 0.00 1.68 1.83 3.43 7.15 4.82 6.42 11.02 12.49 13.61 16.45 15.95 16.06 14.31 14.53 11.24 6.31 2.69 1.37 1.57 1.37 2.55 1.17 1.17 0.93 0.74 2.51 1.77 4.51 7.18 6.57 4.47 4.84 2.50 2.14 1.46 6.12 7.26 6.30
2.63 3.21 2.56 2.19 1.83 1.75 1.83 2.26 1.46 0.88 0.00 0.00 0.00 0.00 0.00 0.00 0.00 0.00 0.00 0.00 0.00 0.00 0.00 0.00 0.00 0.00 0.00 0.00 0.00 0.00 0.00 0.00 0.00 0.00 0.00 0.00 0.00 0.00 0.00 0.00 0.00 0.00 0.00 0.00 0.00 0.00 1.10 2.12 5.26 5.26 7.37 8.25 11.61 14.14 14.68 13.47 12.83 13.55 11.19 8.48 4.40 2.13 0.71 0.39 0.48 2.01 1.57 0.44 0.44 0.15 0.88 0.49 2.24 3.18 4.11 3.01 3.43 2.23 3.82 1.90 2.39 3.86 6.52 5.98
4.02 1.83 1.75 1.46 1.61 2.70 3.07 2.63 1.39 1.90 0.00 0.00 0.00 0.00 0.00 0.00 0.00 0.00 0.00 0.00 0.00 0.00 0.00 0.00 0.00 0.00 0.00 1.10 0.00 0.00 0.00 0.00 0.00 0.00 0.00 0.00 0.00 0.00 0.00 0.00 4.53 8.61 10.22 10.22 4.60 7.96 4.96 4.45 8.76 9.34 10.37 11.02 13.14 13.94 12.29 11.60 8.01 7.95 6.66 4.57 3.00 2.13 1.43 0.70 0.00 0.49 1.14 1.48 1.46 0.37 0.78 0.63 1.45 4.03 3.14 2.05 2.08 1.83 2.27 1.95 2.03 6.25 8.30 6.88
3.72 0.00 0.00 0.44 0.00 2.63 3.07 3.80 2.70 2.92 1.46 0.00 0.07 0.58 0.58 0.00 0.00 0.00 0.00 0.00 0.00 0.00 0.00 0.00 0.00 0.00 2.04 1.31 1.39 0.15 0.44 0.22 1.17 0.00 0.00 0.00 0.00 0.00 0.00 4.31 12.05 12.85 6.86 6.86 9.56 12.34 8.83 12.48 15.18 13.48 14.52 15.04 15.29 11.55 12.50 8.73 7.37 6.79 6.99 5.43 3.82 3.00 3.67 2.34 1.33 0.40 0.89 0.83 0.81 0.95 0.07 1.72 3.09 4.32 2.35 3.65 2.60 2.10 1.12 1.42 3.04 1.96 4.17 5.20
4.53 3.58 1.68 5.11 5.62 7.37 9.05 8.10 8.76 4.67 3.87 1.10 0.58 0.80 0.80 0.58 0.07 1.10 1.10 1.31 1.17 0.15 0.29 0.37 0.73 1.31 0.15 0.73 0.66 1.17 0.88 0.73 1.02 1.31 1.83 1.31 0.44 0.07 0.00 2.19 8.32 4.67 9.05 9.05 10.88 9.49 13.80 15.11 14.53 15.55 15.28 13.76 10.56 9.45 7.19 6.86 8.32 8.82 9.93 9.76 9.39 7.26 7.38 6.47 3.87 4.62 4.46 1.80 1.77 0.44 0.22 0.23 2.72 4.47 10.48 5.62 6.13 3.13 0.33 0.00 0.72 1.26 3.05 3.61
4.74 4.67 4.16 4.67 6.72 6.06 8.54 10.07 8.47 6.64 0.00 0.00 0.58 0.51 1.10 0.29 0.88 1.24 1.24 1.31 1.02 0.51 0.00 0.00 0.51 0.58 0.00 0.00 0.66 0.44 0.44 0.66 0.88 0.88 1.10 0.95 1.24 1.97 0.51 0.37 2.92 1.61 5.77 5.77 5.11 5.69 10.95 11.02 9.93 14.07 13.25 11.54 9.63 8.48 9.44 8.95 6.72 6.71 8.78 10.47 12.76 12.33 10.01 7.22 4.45 4.60 4.77 4.63 4.56 0.66 0.73 1.28 4.84 7.75 10.64 10.44 3.02 1.57 0.68 0.00 0.32 0.00 2.09 1.90
5.11 4.45 3.29 5.33 4.89 4.60 6.86 8.69 7.37 8.03 0.00 0.00 0.00 1.83 2.19 2.04 1.68 1.75 1.75 1.17 1.10 0.66 1.10 0.29 0.44 0.58 0.00 0.00 0.29 0.95 0.58 0.37 0.44 0.37 1.02 1.68 1.39 1.31 0.15 0.44 0.07 0.51 2.99 2.99 2.77 6.79 6.20 7.67 11.44 12.75 12.32 13.95 11.45 8.94 9.82 10.57 6.85 5.43 6.43 8.42 11.07 12.89 12.12 8.25 5.84 3.95 4.69 2.13 2.37 3.21 0.00 1.14 3.29 3.14 8.09 7.08 4.38 3.58 0.44 0.00 0.00 0.56 1.27 1.72
2.99 4.09 1.53 2.41 4.60 5.77 5.48 6.53 6.20 0.00 2.56 1.83 0.00 0.00 2.34 2.56 2.56 1.90 1.90 1.24 0.95 1.10 0.00 0.22 0.29 0.00 0.00 0.00 0.73 0.66 0.88 0.29 0.00 0.00 0.00 1.68 0.51 0.00 0.00 0.44 0.00 0.00 0.95 0.95 1.24 3.72 4.09 7.19 10.07 12.62 12.82 12.03 11.44 10.03 8.52 5.93 3.65 4.94 6.64 6.23 8.50 10.49 11.67 9.93 8.47 4.94 4.25 3.85 3.71 1.49 1.57 0.28 1.22 5.69 8.48 4.57 5.41 0.99 1.16 0.16 0.00 0.95 1.81 4.48
0.00 1.61 0.00 0.00 1.90 5.62 5.69 5.26 6.06 4.09 4.02 2.85 0.00 0.00 0.00 1.97 1.83 2.12 2.12 1.61 1.17 1.68 0.66 1.02 0.07 0.00 0.00 0.00 0.00 0.00 0.00 0.00 0.00 0.00 0.00 0.00 0.00 0.00 0.00 0.00 0.00 0.00 0.00 0.00 0.51 1.68 3.07 5.99 10.51 12.34 12.82 10.09 8.12 6.53 7.16 6.28 3.36 3.07 7.13 8.21 7.49 9.35 10.95 10.07 10.42 8.50 5.66 6.10 6.14 5.21 5.88 0.97 0.45 2.89 3.75 2.86 1.71 2.57 1.62 0.56 1.80 1.58 7.12 5.35
0.00 0.00 0.00 0.00 3.65 4.89 5.77 4.60 5.77 5.77 4.67 4.38 3.14 0.00 0.00 0.00 2.04 2.48 2.48 0.00 1.24 0.66 0.00 0.29 0.00 0.00 0.00 0.00 0.00 0.00 0.00 0.00 0.00 0.00 0.00 0.00 0.00 0.00 0.00 0.00 0.00 0.00 0.00 0.00 0.00 0.58 1.98 3.50 8.60 10.61 12.97 10.05 9.35 6.48 4.52 4.46 4.20 2.53 5.65 6.87 8.01 9.03 9.20 10.69 9.36 12.14 9.17 5.97 6.98 5.24 3.01 1.67 1.08 0.97 0.98 2.17 1.54 0.51 0.85 0.08 1.91 4.92 5.35 5.43
0.00 0.00 0.00 0.00 0.00 3.94 4.53 3.94 5.99 4.23 4.60 4.31 4.31 2.99 1.97 4.38 4.74 3.58 3.58 3.21 0.00 0.58 0.00 0.00 0.00 0.00 0.00 0.00 0.00 0.00 0.00 0.00 0.00 0.00 0.00 0.00 0.00 0.00 0.00 0.00 0.00 0.00 0.00 0.00 0.00 0.22 1.54 0.99 5.79 7.82 9.25 8.58 6.31 6.94 4.14 4.10 0.00 0.00 4.12 7.03 6.89 6.99 7.53 9.70 10.74 11.86 9.49 8.94 10.01 6.78 4.90 4.05 2.73 0.80 0.94 0.75 0.75 0.22 0.40 0.00 1.74 4.18 4.25 6.73
0.00 0.00 0.00 0.00 0.00 0.00 2.56 2.34 5.11 4.16 4.09 5.26 5.04 5.33 4.31 4.89 6.71 5.69 5.69 1.83 1.97 0.88 0.00 0.00 0.00 0.00 0.00 0.00 0.00 0.00 0.00 0.00 0.00 0.00 0.00 0.00 0.00 0.00 0.00 0.00 1.31 0.00 0.00 0.00 0.07 0.00 0.00 1.35 5.58 8.27 6.74 4.65 2.28 0.00 0.00 0.00 0.00 0.00 0.00 5.10 8.73 7.12 6.29 6.41 9.15 12.81 16.04 7.64 7.81 9.33 6.08 3.57 2.02 1.60 1.37 2.07 1.26 1.15 0.00 0.94 0.00 0.00 0.00 7.96
0.00 0.00 0.00 0.00 0.00 0.00 0.00 3.14 5.33 1.53 2.63 3.87 3.14 4.31 5.04 5.94 5.69 8.15 7.60 3.94 1.97 2.34 0.07 0.00 0.00 0.00 0.15 0.00 0.00 0.00 0.00 0.00 0.00 0.00 0.00 0.07 0.00 0.00 0.00 0.58 3.50 1.17 1.10 1.10 0.00 0.00 0.00 1.16 5.12 8.84 6.50 3.11 0.00 0.00 0.00 0.00 0.00 0.00 0.00 0.00 5.21 6.78 4.84 4.87 7.83 10.55 11.97 10.15 12.41 6.69 4.94 3.36 3.88 0.92 0.97 2.30 1.83 1.40 1.46 0.00 0.00 0.00 0.00 2.64
0.00 0.00 0.00 0.00 0.00 0.00 0.00 0.00 0.00 0.00 0.00 0.00 0.00 0.00 0.00 0.00 3.65 0.00 0.00 4.89 4.67 3.36 3.36 4.60 3.80 3.87 3.14 3.94 0.00 0.00 3.43 2.48 5.18 2.99 1.02 4.89 4.53 6.28 2.85 6.82 5.27 5.46 4.96 4.96 4.09 4.31 3.43 0.66 3.10 4.16 0.00 0.00 0.00 0.00 0.00 0.00 0.00 0.00 0.00 0.00 0.00 0.00 0.00 0.00 7.00 8.52 2.67 4.48 5.00 8.03 7.36 3.35 2.48 1.58 1.77 1.52 2.20 1.10 0.00 0.00 0.00 0.00 0.00 0.00
0.00 0.00 0.00 0.00 0.00 0.00 0.00 0.00 0.00 0.00 0.00 0.00 0.00 0.00 0.00 0.00 0.00 0.00 0.00 0.00 4.84 4.24 4.89 4.38 4.31 5.05 5.17 6.20 4.74 4.02 4.82 4.45 4.60 6.50 8.10 7.30 8.18 7.15 8.69 3.87 5.20 6.06 4.38 4.89 7.52 5.11 3.58 2.92 1.46 0.00 0.00 0.00 0.00 0.00 0.00 0.00 0.00 0.00 0.00 0.00 0.00 0.00 0.00 0.00 3.40 6.06 0.00 0.00 0.00 2.95 2.25 3.27 0.00 0.00 0.00 0.00 0.00 0.00 0.00 0.00 0.00 0.00 0.00 0.00
0.00 0.00 0.00 0.00 0.00 0.00 0.00 0.00 0.00 0.00 0.00 0.00 0.00 0.00 0.00 0.00 0.00 0.00 0.00 0.00 0.00 0.00 3.87 5.62 2.77 3.89 2.61 4.53 5.18 5.69 3.65 4.96 9.04 4.53 5.55 7.19 5.55 8.32 5.62 0.00 2.36 0.00 5.22 6.63 8.03 4.76 2.23 1.35 0.00 0.00 0.00 0.00 0.00 0.00 0.00 0.00 0.00 0.00 0.00 0.00 0.00 0.00 0.00 0.00 0.00 0.00 0.00 0.00 0.00 0.00 0.00 0.00 0.00 0.00 0.00 0.00 0.00 0.00 0.00 0.00 0.00 0.00 0.00 0.00
0.00 0.00 0.00 0.00 0.00 0.00 0.00 0.00 0.00 0.00 0.00 0.00 0.00 0.00 0.00 0.00 0.00 0.00 0.00 0.00 0.00 0.00 0.00 3.50 0.00 0.00 3.94 0.00 3.21 4.09 4.31 0.00 7.76 6.28 0.00 0.00 0.00 4.38 0.00 2.34 0.00 0.00 0.00 0.00 4.16 2.70 0.00 0.00 0.00 0.00 0.00 0.00 0.00 0.00 0.00 0.00 0.00 0.00 0.00 0.00 0.00 0.00 0.00 0.00 0.00 0.00 0.00 0.00 0.00 0.00 0.00 0.00 0.00 0.00 0.00 0.00 0.00 0.00 0.00 0.00 0.00 0.00 0.00 0.00
