Wansh/Snow_depth/snowdepth-1994/winter/1995036.txt
ncols 321
nrows 161
xllcenter 60
yllcenter 15 
cellsize  0.25 
NODATA_value -1
[rows 0 to 36 of 161, columns 168 to 251 of 321]
7.15 4.23 4.23 4.45 4.23 4.09 3.21 3.72 4.38 4.38 4.23 3.94 4.60 4.60 3.50 2.85 2.77 4.67 6.94 6.28 8.03 6.13 6.35 7.23 6.06 6.64 0.37 0.00 0.00 0.00 0.00 2.85 0.66 9.71 10.59 10.59 10.22 10.88 10.00 14.24 14.16 11.17 11.68 11.39 11.39 14.38 14.82 14.24 14.82 14.67 13.21 8.91 8.91 8.91 9.20 8.91 9.20 14.24 17.16 16.28 16.28 16.21 15.62 16.79 17.23 17.23 17.67 16.94 16.35 14.75 15.18 14.67 13.51 13.14 13.87 13.72 15.18 17.08 18.91 19.56 19.42 19.42 17.01 16.86
12.34 10.80 8.76 5.26 4.60 4.67 3.87 3.36 3.29 3.29 4.31 5.04 4.96 5.26 4.60 4.89 5.69 6.42 6.06 7.15 6.86 5.91 5.99 5.69 5.91 0.51 0.00 0.00 0.00 0.00 0.00 0.00 5.33 9.05 8.91 8.91 8.98 8.76 11.24 14.97 14.38 17.01 16.79 16.86 15.70 17.52 14.82 14.16 14.45 15.04 14.02 13.51 11.02 9.93 15.91 16.57 18.10 17.67 18.25 17.96 17.96 18.69 18.03 18.18 19.27 16.21 18.54 19.86 15.40 14.16 13.94 13.94 13.94 13.51 14.38 14.82 16.57 16.06 18.32 14.75 14.38 14.45 14.16 11.61
12.48 13.21 10.95 10.80 11.83 10.73 8.40 5.33 5.40 5.40 5.04 4.74 5.26 5.33 5.55 6.50 5.84 7.96 10.37 9.05 8.18 8.25 7.23 7.01 1.61 0.00 0.00 0.00 0.00 0.00 0.00 0.00 7.59 7.66 8.54 8.54 8.10 9.56 13.07 16.28 13.94 18.91 16.86 16.72 14.97 15.55 14.16 12.85 14.02 14.38 14.31 13.21 16.21 14.02 16.06 17.23 19.05 18.69 19.05 18.76 18.76 18.69 16.57 14.67 14.53 13.65 13.65 13.58 13.65 13.94 13.58 13.80 13.65 14.38 14.16 14.09 12.56 13.36 13.21 13.65 13.14 12.26 12.56 11.68
12.48 13.21 10.95 10.80 11.83 10.73 8.40 5.33 5.40 5.40 5.04 4.74 5.26 5.33 5.55 6.50 5.84 7.96 10.37 9.05 8.18 8.25 7.23 7.01 1.61 0.00 0.00 0.00 0.00 0.00 0.00 0.00 7.59 7.66 8.54 8.54 8.10 9.56 13.07 16.28 13.94 18.91 16.86 16.72 14.97 15.55 14.16 12.85 14.02 14.38 14.31 13.21 16.21 14.02 16.06 17.23 19.05 18.69 19.05 18.76 18.76 18.69 16.57 14.67 14.53 13.65 13.65 13.58 13.65 13.94 13.58 13.80 13.65 14.38 14.16 14.09 12.56 13.36 13.21 13.65 13.14 12.26 12.56 11.68
14.89 16.50 17.81 13.94 13.58 10.44 11.32 6.86 7.59 7.59 5.55 7.01 6.72 7.96 8.76 8.83 10.22 11.02 11.17 9.49 8.47 8.61 5.99 0.00 0.00 0.00 0.00 0.00 0.00 0.00 0.00 4.23 6.42 7.45 10.29 10.29 9.86 10.95 14.45 16.86 16.43 16.64 16.13 15.77 14.75 14.60 14.38 14.38 14.89 16.72 17.08 14.38 18.03 18.61 18.32 18.69 17.81 18.25 17.45 15.48 15.48 15.48 15.40 14.31 14.38 13.29 12.12 12.26 10.51 11.68 11.39 12.26 13.43 11.39 11.61 11.39 11.39 12.12 12.85 13.65 13.58 13.51 13.51 13.14
18.25 17.67 20.22 20.44 21.53 19.49 17.23 17.45 14.16 14.16 11.39 7.81 10.15 12.26 10.80 11.46 9.78 8.32 8.32 5.40 2.63 3.43 0.00 0.00 0.00 0.00 0.00 0.00 0.00 0.73 6.64 7.52 7.45 11.10 11.97 11.97 11.75 12.19 12.85 13.58 13.94 14.24 14.97 15.26 15.04 15.40 16.57 16.79 17.52 16.79 20.00 16.79 17.30 18.91 18.03 15.70 15.26 14.53 14.60 14.09 14.09 13.58 14.38 14.02 15.04 10.07 12.99 9.49 9.49 9.86 8.98 10.29 10.88 10.73 11.17 9.78 11.24 10.66 12.19 11.83 13.36 13.14 13.65 13.87
13.14 20.44 24.67 24.02 23.00 23.58 20.08 18.18 14.24 14.24 15.18 13.87 14.02 14.38 12.63 10.44 11.10 7.45 2.04 5.26 1.61 0.00 0.00 0.00 0.00 0.00 0.00 2.63 0.51 6.72 8.69 10.66 10.00 12.41 16.06 16.06 16.57 13.43 15.55 16.79 14.38 13.58 15.04 16.43 17.67 17.81 17.23 18.54 21.90 21.97 21.90 19.78 17.08 14.45 15.26 14.24 13.87 11.75 12.78 12.56 12.56 13.72 14.09 12.63 13.65 10.00 8.76 9.05 9.05 8.69 8.83 9.20 8.32 8.03 8.10 8.98 8.61 9.05 8.83 10.72 13.55 15.09 13.89 17.06
13.14 20.44 24.67 24.02 23.00 23.58 20.08 18.18 14.24 14.24 15.18 13.87 14.02 14.38 12.63 10.44 11.10 7.45 2.04 5.26 1.61 0.00 0.00 0.00 0.00 0.00 0.00 2.63 0.51 6.72 8.69 10.66 10.00 12.41 16.06 16.06 16.57 13.43 15.55 16.79 14.38 13.58 15.04 16.43 17.67 17.81 17.23 18.54 21.90 21.97 21.90 19.78 17.08 14.45 15.26 14.24 13.87 11.75 12.78 12.56 12.56 13.72 14.09 12.63 13.65 10.00 8.76 9.05 9.05 8.69 8.83 9.20 8.32 8.03 8.10 10.38 11.88 13.02 12.10 18.22 22.37 20.09 17.87 17.70
15.99 14.60 21.68 22.63 22.56 21.61 19.71 17.74 17.74 17.74 17.74 19.27 18.91 16.72 11.61 12.48 6.20 0.00 1.17 0.00 0.00 0.00 0.00 0.00 0.00 0.00 0.00 1.39 6.64 7.96 9.34 11.39 11.17 12.99 16.21 16.21 15.84 19.49 14.38 11.83 13.43 15.18 14.67 16.35 19.20 21.68 22.78 22.19 23.00 22.70 20.88 17.74 15.11 13.80 12.05 11.75 11.61 11.53 12.41 13.14 13.14 12.41 12.70 12.05 11.02 9.78 9.27 9.05 8.61 9.05 8.69 9.56 9.05 8.43 9.70 12.37 12.92 13.05 11.40 16.84 14.81 16.12 15.35 15.93
9.78 14.97 13.80 18.32 20.37 20.29 20.15 18.25 18.25 18.25 17.59 19.71 16.79 17.37 11.32 4.16 5.77 0.95 0.00 0.00 0.00 0.00 0.00 2.92 4.23 3.87 6.50 7.81 9.56 9.49 9.42 10.59 10.73 11.75 15.99 15.99 16.72 17.16 13.80 12.78 14.38 16.57 20.08 21.24 21.02 21.97 24.09 21.68 21.61 21.97 22.63 20.88 13.43 12.41 11.61 11.17 11.17 14.31 13.94 14.09 14.09 13.94 14.97 12.34 11.90 10.80 9.78 8.91 9.20 8.83 9.64 9.49 11.07 13.43 12.07 11.79 11.64 12.45 14.98 16.60 14.71 13.42 17.71 16.64
10.95 11.46 10.44 10.59 10.51 12.26 14.60 14.53 14.31 14.31 12.34 7.08 8.18 3.21 0.00 0.51 0.00 0.00 0.00 0.00 0.00 5.04 5.77 5.33 6.06 8.83 8.61 9.93 10.59 10.44 10.29 11.61 9.93 13.65 14.75 14.75 15.40 15.91 14.09 15.70 20.81 22.41 21.90 21.68 19.64 20.44 20.37 18.61 18.69 18.69 15.33 13.87 14.24 12.85 12.48 12.99 14.67 16.79 16.64 17.01 17.01 19.13 15.91 11.90 12.92 11.75 9.93 10.66 9.56 9.49 12.41 10.80 9.28 9.78 9.41 13.17 15.67 15.30 12.67 14.28 14.81 17.09 15.51 15.55
10.95 11.46 10.44 10.59 10.51 12.26 14.60 14.53 14.31 14.31 12.34 7.08 8.18 3.21 0.00 0.51 0.00 0.00 0.00 0.00 0.00 5.04 5.77 5.33 6.06 8.83 8.61 9.93 10.59 10.44 10.29 11.61 9.93 13.65 14.75 14.75 15.40 15.91 14.09 15.70 20.81 22.41 21.90 21.68 19.64 20.44 20.37 18.61 18.69 18.69 15.33 13.87 14.24 12.85 12.48 12.99 14.67 16.79 16.64 17.01 17.01 19.13 15.91 11.90 12.92 11.75 9.93 10.66 9.56 9.49 12.41 10.80 9.05 9.64 9.13 12.23 13.97 14.17 13.52 14.82 14.81 16.72 17.03 16.64
15.91 12.26 12.85 10.73 9.86 11.10 10.88 9.93 7.15 7.15 8.18 1.75 0.00 0.00 0.00 0.00 0.00 2.70 0.22 5.99 5.99 10.22 10.22 9.71 9.78 11.17 11.97 10.73 10.88 13.87 11.68 15.33 13.65 14.89 15.91 15.91 17.37 19.27 21.02 21.75 21.46 22.27 21.90 20.59 18.03 15.77 15.91 16.06 15.55 16.57 15.62 15.26 12.99 13.58 13.14 13.94 14.75 18.76 19.49 18.10 18.10 18.10 17.16 14.89 14.09 12.78 11.97 14.75 12.85 13.65 12.99 11.75 11.53 11.17 9.96 12.96 15.06 13.22 15.13 14.82 16.22 17.07 16.96 17.73
19.05 18.47 19.13 16.72 17.45 13.80 9.34 2.19 4.67 4.67 0.00 0.00 0.00 0.00 0.00 0.00 0.00 2.92 7.37 10.80 9.20 11.10 10.37 12.05 11.68 11.61 14.75 14.24 14.67 15.11 15.70 15.62 17.01 16.86 17.67 17.67 18.10 18.61 19.78 21.75 22.56 22.27 20.44 21.02 18.69 17.89 16.57 17.30 16.57 18.61 16.06 16.94 16.28 15.26 18.69 18.47 18.03 18.25 18.10 17.96 17.96 18.54 18.83 15.04 14.60 18.76 17.96 15.70 14.53 13.14 14.67 15.11 13.43 12.87 15.76 16.43 14.11 13.85 19.09 15.79 17.66 15.73 16.10 16.13
20.22 20.73 20.66 19.64 16.86 13.07 14.24 7.81 0.00 0.00 2.41 0.00 0.00 7.01 7.23 7.15 4.89 6.79 5.48 9.64 14.45 14.31 13.65 15.18 14.60 14.82 14.82 14.16 15.11 14.67 15.55 17.08 16.57 16.64 17.67 17.67 17.74 19.20 18.83 19.64 19.64 20.15 18.54 17.89 18.25 17.89 18.83 18.54 18.18 17.74 18.25 18.32 18.98 18.91 19.27 19.71 20.08 19.71 19.93 19.20 19.20 19.64 19.49 19.35 19.56 19.64 18.61 17.59 16.28 17.81 17.37 19.05 15.23 21.95 16.70 16.92 16.75 19.90 16.18 16.57 17.05 16.78 17.46 16.19
21.32 20.37 22.34 19.93 20.29 18.69 17.45 16.43 16.72 16.72 14.97 13.72 12.12 10.07 9.20 13.36 12.99 9.49 12.12 15.04 15.33 15.26 15.48 14.75 14.67 14.31 13.87 13.14 13.87 14.97 15.48 15.99 16.21 16.64 17.52 17.52 16.79 16.50 16.43 17.23 16.79 16.35 16.86 15.77 13.87 14.75 16.06 16.57 16.50 16.79 18.83 18.76 18.83 18.25 19.05 17.16 20.00 20.15 18.18 19.56 19.56 19.13 18.98 20.37 19.86 16.72 15.91 16.43 15.84 17.74 20.81 19.49 18.52 18.69 19.25 17.70 18.30 17.11 16.59 18.08 17.02 19.68 16.46 16.44
21.32 20.37 22.34 19.93 20.29 18.69 17.45 16.43 16.72 16.72 14.97 13.72 12.12 10.07 9.20 13.36 12.99 9.49 12.12 15.04 15.33 15.26 15.48 14.75 14.67 14.31 13.87 13.14 13.87 14.97 15.48 15.99 16.21 16.64 17.52 17.52 16.79 16.50 16.43 17.23 16.79 16.35 16.86 15.77 13.87 14.75 16.06 16.57 16.50 16.79 18.83 18.76 18.83 18.25 19.05 17.16 20.00 20.15 18.18 19.56 19.56 19.13 18.98 20.37 19.86 16.72 15.91 16.43 15.84 17.74 20.81 23.93 17.35 20.31 17.28 21.90 18.57 18.92 16.92 16.30 16.45 16.92 17.90 18.66
17.96 21.75 21.17 21.10 18.54 16.86 17.37 15.99 15.33 15.33 15.55 15.04 14.67 15.91 16.72 15.33 15.62 14.89 16.94 17.08 16.86 15.26 15.40 14.97 13.87 12.41 12.56 11.61 13.21 13.80 14.24 13.58 16.06 15.48 16.79 16.79 15.84 14.75 14.02 13.72 14.24 13.94 14.89 13.65 11.68 11.17 8.69 10.88 12.99 13.14 14.31 14.82 10.59 13.07 15.33 14.31 18.69 13.94 13.29 16.57 16.57 11.39 15.33 18.54 14.31 14.24 14.67 10.88 15.18 17.08 16.87 19.12 14.96 16.62 17.58 17.25 17.29 15.68 16.09 16.75 14.70 17.90 14.39 13.94
13.36 12.99 16.64 18.18 19.93 17.01 14.45 12.92 13.14 13.14 12.26 14.38 16.28 15.70 17.23 18.54 17.45 16.94 16.86 17.16 16.64 14.02 12.92 12.19 12.05 11.24 11.39 12.12 12.70 12.99 12.70 13.07 14.09 14.82 15.11 15.11 15.55 14.16 13.87 12.70 12.26 12.26 11.02 11.53 10.51 7.08 6.86 7.37 10.95 12.34 5.48 6.35 9.05 9.86 11.32 7.37 7.74 7.81 9.71 4.16 4.16 12.34 6.64 12.92 9.71 10.22 5.11 5.62 8.32 9.68 5.01 9.22 8.31 12.43 9.09 11.53 12.42 13.45 12.73 14.07 11.44 12.74 12.18 13.98
12.70 12.92 12.41 14.60 15.91 14.60 15.04 12.85 11.61 11.61 11.75 12.05 12.12 16.13 18.18 18.03 17.96 16.43 15.40 17.16 17.74 18.03 12.78 13.07 10.44 10.44 12.12 12.12 10.88 12.05 13.43 12.99 14.97 14.45 14.09 14.09 14.60 13.87 12.41 12.78 12.26 11.97 8.61 5.40 5.11 5.04 6.20 6.20 5.26 5.84 8.03 7.01 10.88 7.23 8.32 4.02 3.43 0.80 2.12 1.90 1.90 5.04 3.43 2.63 3.14 2.41 2.48 2.77 2.26 2.19 2.70 4.82 4.45 7.66 6.94 9.02 13.18 14.49 16.26 12.81 13.15 10.48 8.29 9.77
12.92 11.46 10.88 7.74 10.80 7.88 9.05 8.98 8.69 8.69 8.98 11.61 15.62 14.67 17.30 17.89 16.06 15.70 18.32 18.61 18.40 17.96 18.61 16.86 10.66 10.95 11.10 11.02 10.51 12.34 14.75 16.28 15.99 14.38 16.21 16.21 16.06 13.29 11.24 10.29 6.64 5.84 6.13 5.11 5.04 7.23 5.84 6.28 5.55 6.86 7.37 10.00 9.86 5.84 6.35 0.00 0.00 0.00 0.29 0.00 0.00 0.44 0.00 1.02 0.37 0.73 0.00 0.51 0.88 0.29 1.17 1.68 4.09 6.94 11.48 11.24 16.71 15.74 19.09 19.91 16.69 13.02 9.20 5.59
7.08 8.47 8.03 8.03 6.86 7.74 7.45 8.10 8.32 8.32 8.69 9.93 9.05 13.72 17.74 15.99 16.13 19.13 18.69 19.71 19.35 18.25 15.99 14.89 13.72 10.95 12.34 16.79 16.06 16.06 15.11 17.08 16.43 15.91 16.13 16.13 16.43 12.85 8.76 8.98 7.15 5.69 6.20 7.15 7.52 7.52 8.69 5.26 7.15 8.83 7.15 7.30 3.72 0.00 0.00 0.00 0.00 0.00 0.00 0.00 0.00 0.00 0.59 0.00 0.00 0.00 0.00 0.00 0.00 0.00 1.53 0.88 3.50 4.02 9.81 12.40 19.40 17.14 20.48 17.79 11.66 13.68 11.87 7.36
7.08 8.47 8.03 8.03 6.86 7.74 7.45 8.10 8.32 8.32 8.69 9.93 9.05 13.72 17.74 15.99 16.13 19.13 18.69 19.71 19.35 18.25 15.99 14.89 13.72 10.95 12.34 16.79 16.06 16.06 15.11 17.08 16.43 15.91 16.13 16.13 16.43 12.85 8.76 8.98 7.15 5.69 6.20 7.15 7.52 7.52 8.69 5.26 7.15 8.83 7.15 7.30 3.72 0.00 0.00 0.00 0.00 0.00 0.00 0.00 0.00 0.00 0.59 0.00 0.00 0.00 0.00 0.00 0.00 0.00 1.53 0.88 3.50 4.02 9.42 12.47 15.07 15.08 17.15 20.70 14.26 13.97 9.30 6.79
6.72 6.64 7.66 7.45 7.66 7.52 7.15 8.83 9.56 9.56 9.71 8.47 11.39 11.24 13.72 14.45 15.33 15.99 18.69 19.86 18.25 15.04 14.75 13.80 14.31 15.99 19.27 19.42 18.76 19.05 17.08 17.52 15.84 15.77 16.50 16.50 14.67 13.29 13.87 11.24 8.91 19.56 15.91 14.16 15.11 18.47 12.92 13.07 10.73 11.61 7.74 0.00 0.00 0.00 0.00 0.00 0.00 0.00 0.00 0.00 0.00 0.00 0.00 0.00 0.00 0.00 0.00 0.00 0.00 0.00 1.31 2.92 5.33 4.31 7.59 11.67 13.52 21.26 19.81 20.49 14.71 9.10 9.96 8.48
6.79 5.26 5.69 5.62 6.64 6.64 6.64 7.23 10.07 10.07 11.61 10.22 10.29 9.71 11.97 13.43 14.02 16.50 16.79 18.61 17.01 15.40 15.33 15.33 17.74 17.59 18.32 20.15 20.44 19.20 16.28 15.11 14.60 17.45 18.40 18.40 20.51 20.88 22.05 23.73 26.94 26.72 23.94 25.48 22.85 17.81 19.13 10.80 6.13 1.02 0.44 0.00 0.00 0.00 0.00 0.00 0.00 0.00 0.00 0.00 0.00 0.00 0.00 0.00 0.00 0.00 0.00 0.00 0.00 2.99 2.70 4.60 10.59 12.05 13.70 13.27 18.01 17.61 16.96 13.76 17.03 8.78 8.56 9.98
6.64 5.40 5.33 5.26 5.18 5.04 6.79 8.76 11.24 11.24 10.66 12.63 10.37 11.32 12.63 14.24 14.97 17.30 17.08 16.64 16.86 15.91 14.82 16.94 17.74 17.37 18.18 18.61 18.47 19.78 16.86 16.21 15.48 18.03 19.64 19.64 22.41 24.97 28.54 30.59 33.07 26.86 24.67 25.92 21.46 9.13 14.02 10.29 1.24 0.00 0.51 0.00 0.00 0.00 0.00 0.00 0.00 0.00 0.00 0.00 0.00 0.00 0.00 0.00 0.00 0.00 0.00 1.75 3.14 5.62 5.04 13.21 12.97 15.93 20.23 20.58 23.56 18.08 14.12 13.03 9.77 9.66 8.45 6.42
16.28 14.60 15.18 11.39 6.86 6.72 6.50 7.01 9.93 9.93 8.40 11.10 11.61 12.12 10.66 10.80 12.99 14.67 14.53 15.77 14.45 14.16 15.18 16.86 17.16 13.72 14.31 15.99 12.41 15.91 15.40 16.64 15.70 16.86 16.79 16.79 17.81 22.12 26.57 29.27 17.81 19.78 16.50 17.23 8.47 8.91 9.27 6.72 1.90 0.07 0.00 0.00 0.00 0.00 0.00 0.00 0.00 0.00 0.00 0.00 0.00 0.00 0.00 0.00 0.00 0.00 1.61 3.07 5.91 13.51 14.24 16.72 16.11 19.07 22.76 23.62 19.29 16.46 17.17 11.84 10.85 9.51 9.66 7.80
18.61 18.47 14.67 16.06 9.56 5.99 2.56 2.77 3.21 3.21 4.74 7.74 9.49 6.72 8.83 6.35 7.37 10.00 6.57 11.02 9.49 10.44 13.29 9.71 9.71 9.49 10.88 6.57 9.49 11.68 8.61 9.71 10.88 13.36 16.79 16.79 15.62 17.23 14.16 12.78 12.78 14.67 10.00 9.78 8.03 8.54 4.16 6.06 1.90 1.02 0.95 0.95 0.00 1.24 0.51 0.00 0.00 0.00 0.00 0.00 0.00 0.00 0.00 1.39 2.34 5.62 8.25 6.20 14.67 15.99 17.22 20.96 24.13 22.01 24.28 27.32 19.32 13.63 13.23 10.76 10.03 9.35 7.62 7.97
18.61 18.47 14.67 16.06 9.56 5.99 2.56 2.77 3.21 3.21 4.74 7.74 9.49 6.72 8.83 6.35 7.37 10.00 6.57 11.02 9.49 10.44 13.29 9.71 9.71 9.49 10.88 6.57 9.49 11.68 8.61 9.71 10.88 13.36 16.79 16.79 15.62 17.23 14.16 12.78 12.78 14.67 10.00 9.78 8.03 8.54 4.16 6.06 1.90 1.02 0.95 0.95 0.00 1.24 0.51 0.00 0.00 0.00 0.00 0.00 0.00 0.00 0.00 1.39 2.34 5.62 8.25 6.20 14.67 15.99 17.31 20.74 21.82 24.53 25.91 31.88 22.42 13.19 13.82 10.46 10.61 11.09 6.96 6.77
20.08 19.86 19.49 10.37 4.02 0.88 1.75 1.46 1.53 1.53 0.07 2.77 4.53 3.58 4.02 6.20 5.26 5.26 5.18 7.66 7.15 6.20 6.50 5.69 4.96 4.74 5.33 5.04 7.15 8.47 7.88 9.20 9.64 11.46 12.99 12.99 8.61 9.71 9.86 11.24 11.32 9.93 10.29 10.15 10.00 8.10 10.00 8.91 6.13 4.09 2.48 4.53 2.34 0.00 0.00 0.00 0.00 0.00 0.00 0.00 0.00 1.91 2.64 3.21 5.11 10.15 16.43 17.74 18.56 18.43 21.09 21.02 26.84 28.61 26.39 31.72 24.25 11.37 11.80 9.46 8.25 10.68 4.01 4.02
15.26 15.04 9.78 4.09 5.18 0.80 0.00 0.00 0.00 0.00 0.22 0.00 0.00 0.00 2.92 3.80 5.04 4.89 5.33 5.33 4.67 5.18 4.38 3.80 3.36 3.72 4.60 4.38 5.69 5.48 6.94 8.03 8.47 7.88 5.62 5.62 6.79 8.61 9.64 10.29 9.64 10.37 10.15 10.59 10.37 11.17 9.78 10.44 8.03 8.32 6.94 5.40 3.65 3.65 0.00 0.00 0.00 3.36 1.97 1.46 1.46 2.04 1.68 2.99 6.50 11.02 14.31 17.16 14.75 16.79 21.10 20.47 28.01 31.54 24.75 13.20 11.05 9.48 7.72 8.11 4.87 2.67 3.25 0.98
13.65 13.51 11.46 4.02 3.43 1.53 0.00 0.22 0.00 0.00 0.00 0.00 0.58 0.00 1.75 1.97 4.09 4.38 3.14 4.31 4.16 3.87 4.09 4.09 3.80 3.87 3.43 4.02 5.62 5.33 5.91 7.88 4.53 4.67 3.94 3.94 5.55 7.59 8.47 9.56 9.20 9.13 7.52 9.49 8.91 12.05 11.61 9.13 8.03 7.01 7.52 6.42 5.62 4.60 0.00 0.00 1.83 2.92 1.39 0.22 0.22 0.00 0.00 4.96 8.76 7.74 11.83 11.10 12.05 14.60 15.55 20.33 23.99 28.67 21.33 11.77 9.43 7.58 6.79 6.71 2.65 2.49 0.77 0.78
9.86 5.55 3.21 2.70 2.26 2.99 0.66 0.07 0.00 0.00 0.00 0.00 0.00 0.00 0.00 1.97 0.00 3.29 3.58 4.38 3.29 3.14 2.99 3.14 3.87 3.07 3.80 4.45 5.40 4.74 5.11 4.38 4.38 3.87 5.55 5.55 6.57 7.96 7.88 8.54 7.96 5.48 6.64 7.37 11.68 7.66 8.54 8.47 7.23 6.72 5.91 4.82 4.31 4.67 2.34 1.68 1.24 2.99 0.88 0.00 0.00 0.00 0.00 0.00 6.28 7.88 10.73 12.05 11.53 12.85 14.67 18.07 17.08 13.12 9.43 9.63 5.86 6.31 2.61 1.59 1.99 0.00 0.00 0.00
2.92 4.09 2.77 1.17 0.95 0.00 0.22 0.44 0.00 0.00 0.00 0.00 0.00 0.00 0.00 0.00 0.00 2.56 0.00 1.53 2.56 2.99 2.70 2.41 2.04 3.94 3.43 4.60 4.16 3.94 3.80 3.50 2.63 3.07 4.23 4.23 5.40 6.13 4.23 3.43 4.02 3.72 4.60 4.96 6.13 7.30 8.83 9.20 8.25 8.40 6.79 5.69 5.77 3.80 1.61 2.48 0.00 1.10 0.00 0.00 0.00 0.00 0.00 0.00 6.57 8.91 11.32 14.89 18.40 17.30 17.37 15.48 15.17 7.88 2.70 4.08 3.69 4.36 0.97 0.00 0.00 0.00 0.00 0.00
2.12 1.90 0.00 0.00 1.46 0.00 0.00 0.00 0.00 0.00 0.00 0.00 0.00 0.00 0.00 0.00 0.00 0.00 0.00 0.00 1.90 2.04 0.95 1.61 1.97 2.04 1.61 3.29 2.92 2.56 2.34 3.14 0.00 2.77 3.50 3.50 5.04 5.55 4.38 3.80 3.36 3.58 5.04 4.45 5.69 6.57 8.76 9.93 9.56 9.27 7.59 6.06 5.55 5.18 3.65 3.65 0.00 0.00 0.00 0.00 0.00 0.00 0.00 7.52 6.72 8.98 11.68 15.18 19.86 19.27 16.72 11.67 13.18 7.15 1.18 1.95 1.04 0.00 0.00 0.00 0.00 0.00 0.00 0.00
2.12 1.90 0.00 0.00 1.46 0.00 0.00 0.00 0.00 0.00 0.00 0.00 0.00 0.00 0.00 0.00 0.00 0.00 0.00 0.00 1.90 2.04 0.95 1.61 1.97 2.04 1.61 3.29 2.92 2.56 2.34 3.14 0.00 2.77 3.50 3.50 5.04 5.55 4.38 3.80 3.36 3.58 5.04 4.45 5.69 6.57 8.76 9.93 9.56 9.27 7.59 6.06 5.55 5.18 3.65 3.65 0.00 0.00 0.00 0.00 0.00 0.00 0.00 7.52 6.72 8.98 11.68 15.18 19.86 19.27 16.72 11.61 12.99 7.04 1.18 2.04 0.92 0.00 0.00 0.00 0.00 0.00 0.00 0.00
0.00 0.00 0.00 0.00 0.00 2.12 0.00 0.00 0.00 0.00 0.00 0.00 0.00 0.00 0.00 0.00 0.00 0.00 0.00 0.00 1.83 0.00 0.00 0.00 0.00 0.00 1.39 2.04 1.39 2.12 1.68 1.90 1.83 2.19 3.50 3.50 3.94 4.09 3.72 3.29 3.43 2.70 2.99 4.02 4.45 8.91 8.61 9.05 9.05 8.61 6.42 6.42 6.35 5.18 6.50 4.67 1.97 3.58 4.38 5.99 5.99 6.64 6.94 7.88 9.20 11.02 14.60 13.21 18.32 16.35 14.75 9.20 3.07 0.81 0.95 0.00 0.00 0.00 0.00 0.00 0.00 0.00 0.00 0.00
