Wansh/Snow_depth/snowdepth-1994/winter/1995029.txt
ncols 321
nrows 161
xllcenter 60
yllcenter 15 
cellsize  0.25 
NODATA_value -1
[rows 74 to 110 of 161, columns 84 to 167 of 321]
7.59 6.79 6.42 5.33 4.23 5.33 1.83 1.83 3.21 1.61 1.31 0.00 0.00 0.00 0.00 2.34 0.00 0.00 0.00 0.00 0.00 0.00 0.00 0.00 0.00 0.00 1.53 0.00 0.00 0.00 1.10 0.00 0.00 0.80 1.10 0.66 0.44 0.95 1.31 0.00 1.61 0.51 1.02 1.02 1.31 0.73 0.80 1.68 1.68 1.83 2.04 2.41 2.19 2.05 2.09 2.12 2.41 2.77 2.56 2.34 1.97 2.04 0.00 1.24 1.17 0.80 0.88 0.00 0.00 6.68 5.65 2.99 0.00 0.00 0.00 0.00 0.00 0.00 0.00 0.00 4.45 4.11 3.80 2.99
5.69 6.57 2.12 1.83 2.48 3.29 3.07 2.26 0.00 0.00 0.00 0.00 0.00 0.00 0.00 0.00 0.00 0.00 0.00 0.00 0.00 0.00 0.00 0.00 0.00 2.92 0.00 0.00 0.00 0.00 0.00 0.00 0.00 0.00 0.00 1.68 1.02 1.31 0.00 0.00 2.12 1.53 2.12 2.12 0.80 0.00 0.37 0.88 0.66 1.02 1.53 1.24 0.66 0.37 1.68 2.12 1.39 1.39 1.97 1.83 1.31 1.39 1.31 0.88 0.37 1.46 3.72 2.92 2.92 5.72 6.72 4.38 1.68 0.00 0.66 0.37 1.31 0.00 0.00 0.00 1.17 1.02 1.69 0.82
1.97 1.97 1.68 2.12 2.34 2.99 2.99 0.00 0.00 2.99 3.87 2.26 0.00 3.43 2.12 0.00 3.50 0.00 0.00 0.00 0.00 0.00 0.00 0.00 0.00 4.16 0.00 0.00 0.00 0.00 0.00 0.00 0.00 0.00 0.00 2.34 1.31 0.00 0.00 0.00 2.34 1.75 1.46 1.46 0.80 0.22 0.88 1.46 1.10 0.95 0.15 0.22 0.00 0.00 0.51 0.80 0.44 0.73 0.73 1.68 1.10 1.39 0.95 1.02 0.37 0.66 2.85 4.60 4.60 5.26 4.74 3.07 2.56 1.61 0.29 1.61 1.31 1.46 0.00 0.00 0.00 0.15 1.91 1.20
1.17 1.39 1.10 1.75 1.68 2.12 3.43 0.00 3.80 4.23 4.23 3.07 4.53 4.02 4.02 4.31 4.23 3.43 3.43 0.00 0.00 0.00 0.00 0.00 0.00 4.09 2.99 0.00 0.00 0.00 0.00 0.00 0.00 0.00 0.00 0.00 0.00 0.00 0.00 0.00 0.00 0.00 1.90 1.90 0.00 0.00 0.00 1.61 0.00 0.00 0.44 0.44 0.00 0.00 0.00 0.51 0.44 0.44 0.37 0.51 0.80 0.66 0.80 0.95 0.29 0.66 1.02 3.07 3.07 3.43 3.36 2.19 3.29 2.77 0.88 0.22 0.15 1.31 0.58 0.00 0.37 0.00 0.73 1.33
2.48 0.00 0.44 0.66 0.00 2.26 0.00 3.50 4.67 4.67 4.23 3.72 4.16 4.82 4.31 4.16 4.09 0.00 0.00 0.00 0.00 3.29 3.07 3.29 0.00 0.00 0.00 0.00 0.00 0.00 0.00 0.00 0.00 0.00 0.00 0.00 0.00 0.00 0.00 0.00 0.00 0.00 0.00 0.00 0.00 0.00 0.00 0.00 0.00 0.00 0.00 0.00 0.00 0.00 0.37 0.22 0.73 0.15 0.37 0.66 1.02 1.53 1.02 0.58 0.00 0.00 0.37 1.83 1.83 2.92 2.77 0.58 1.68 2.85 1.68 0.51 0.95 1.20 1.68 0.00 0.00 0.22 1.32 1.85
0.00 0.00 0.00 0.00 0.00 0.00 3.21 3.29 3.87 3.94 4.09 3.94 3.80 4.09 3.50 4.02 3.94 4.16 4.16 3.43 2.99 0.00 3.36 2.70 3.43 0.00 0.00 0.00 0.00 0.00 0.00 0.00 0.00 0.00 0.00 0.00 0.00 0.00 0.00 0.00 0.00 0.00 0.00 0.00 0.00 0.00 0.00 0.00 0.00 0.00 0.00 0.00 0.00 0.00 0.00 0.00 0.00 1.02 0.73 1.02 1.17 1.17 1.31 0.37 0.00 0.00 0.00 1.10 1.10 1.68 0.15 0.95 2.26 2.19 1.54 1.17 0.15 0.44 1.02 0.00 0.00 0.00 1.02 2.64
0.00 0.00 0.00 0.00 0.00 2.26 0.00 3.50 3.94 3.72 4.23 3.29 3.94 2.92 2.70 3.65 3.80 0.00 0.00 3.29 0.00 0.00 3.07 2.92 2.92 3.07 2.77 0.00 0.00 0.00 0.00 0.00 0.00 0.00 0.00 0.00 0.00 0.00 0.00 0.00 0.00 0.00 0.00 0.00 0.00 0.00 0.00 0.00 0.00 0.00 0.00 0.00 0.00 0.00 0.00 0.00 0.00 0.95 0.95 0.73 1.02 1.31 1.53 0.95 0.00 0.00 0.00 0.00 0.00 0.58 0.00 0.51 2.41 1.24 1.53 1.61 1.57 1.68 1.31 0.00 0.44 0.00 1.83 3.65
0.00 0.00 0.00 0.00 0.00 0.00 0.00 0.00 0.00 0.00 3.65 3.43 3.72 0.00 2.77 2.41 3.43 0.00 0.00 0.00 0.00 0.00 0.00 2.26 2.77 2.85 0.00 0.00 0.00 0.00 0.00 0.00 0.00 0.00 0.00 0.00 0.00 0.00 0.00 0.00 0.00 0.00 0.00 0.00 0.00 0.00 0.00 0.00 0.00 0.00 0.00 0.00 0.00 0.00 0.00 0.00 0.00 0.29 0.15 0.51 0.73 1.31 1.46 0.51 0.29 0.00 0.00 0.00 0.00 0.44 0.00 0.00 0.95 2.70 3.94 1.69 1.11 0.84 0.76 1.35 0.95 0.80 1.31 3.36
1.46 0.00 0.00 0.00 0.00 0.00 0.00 0.00 0.00 0.00 3.43 3.65 0.00 0.00 3.58 3.07 4.23 0.00 0.00 0.00 0.00 0.00 0.00 0.00 0.00 0.00 0.00 0.00 0.00 0.00 0.00 0.00 0.00 0.00 0.00 0.00 0.00 0.00 0.00 0.00 0.00 0.00 0.00 0.00 0.00 0.00 0.00 0.00 0.00 0.00 0.00 0.00 0.00 0.51 0.37 0.29 0.00 0.58 0.00 0.51 0.80 1.02 1.17 1.10 1.10 1.31 0.66 1.39 1.39 0.37 0.00 0.00 0.58 3.87 3.29 1.75 2.70 1.10 1.24 1.76 1.17 1.10 1.24 2.77
2.19 1.46 1.75 0.00 0.00 0.00 0.00 0.00 0.00 3.43 0.00 0.00 0.00 0.00 0.00 0.00 0.00 0.00 0.00 0.00 0.00 0.00 0.00 0.00 0.00 0.00 0.00 0.00 0.00 0.00 0.00 0.00 0.00 0.00 0.00 0.00 0.00 0.00 0.00 0.00 0.00 0.00 0.00 0.00 0.00 0.00 0.00 0.00 0.00 0.00 0.00 0.00 0.88 0.66 0.73 0.88 0.37 0.00 0.00 0.29 0.80 1.02 1.17 1.39 0.80 1.10 0.66 1.02 1.02 1.17 0.00 0.00 0.00 2.85 4.60 3.29 4.38 2.77 2.63 1.39 2.19 1.24 1.68 0.66
0.00 2.04 0.00 1.83 0.00 0.00 0.00 0.00 0.00 0.00 0.00 0.00 0.00 0.00 3.43 0.00 0.00 0.00 0.00 0.00 0.00 0.00 0.00 0.00 0.00 0.00 0.00 0.00 0.00 0.00 0.00 0.00 0.00 0.00 0.00 0.00 0.00 0.00 0.00 0.00 0.00 0.00 0.00 0.00 0.00 0.00 0.00 0.00 0.00 0.00 0.00 0.00 0.00 0.44 0.44 0.73 0.44 0.00 0.07 0.73 1.10 1.90 1.53 1.90 1.02 1.02 0.66 1.17 1.17 0.95 1.75 0.80 2.41 0.95 3.07 4.16 3.65 4.16 2.99 2.77 3.21 2.70 0.00 0.29
0.00 0.80 1.68 0.00 1.83 0.00 0.00 0.00 3.87 0.00 2.77 0.00 0.00 3.36 0.00 0.00 0.00 0.00 0.00 0.00 4.02 0.00 0.00 0.00 0.00 0.00 0.00 0.00 1.83 0.00 0.00 0.00 0.00 0.00 0.00 0.00 0.00 0.00 0.00 0.00 0.00 0.00 0.00 0.00 0.00 0.00 0.00 0.00 0.00 0.95 0.00 0.22 0.00 0.51 1.24 0.44 0.00 0.15 0.00 0.22 0.73 1.64 1.73 1.61 1.46 2.04 1.90 2.04 2.04 1.97 6.28 4.45 1.97 2.19 0.95 2.12 4.02 3.50 3.36 3.50 3.43 4.02 3.14 1.90
2.48 2.77 2.92 2.41 2.26 0.00 0.00 0.00 0.00 3.14 0.00 0.00 3.29 0.00 0.00 0.00 0.00 0.00 0.00 0.00 0.00 3.58 0.00 4.74 0.00 0.00 0.00 0.00 2.77 0.00 0.00 0.00 0.00 0.00 0.00 0.00 0.00 0.00 0.00 0.00 1.68 0.15 1.31 1.31 0.58 1.39 1.17 1.39 0.95 0.58 0.51 0.51 0.66 0.80 1.31 2.34 1.68 1.83 1.61 2.12 1.46 1.46 1.64 1.75 2.26 3.58 3.14 2.48 2.48 2.92 5.40 9.20 7.23 3.58 2.70 0.73 1.83 2.12 2.92 4.38 5.77 5.26 4.09 4.60
1.90 2.34 3.07 0.00 0.00 0.00 3.80 0.00 0.00 0.00 0.00 0.00 3.80 4.02 0.00 3.50 0.00 3.43 3.43 0.00 3.43 0.00 0.00 0.00 0.00 2.41 2.85 2.99 0.00 0.00 0.00 0.00 0.00 0.00 0.00 0.00 0.00 0.00 0.00 2.48 1.39 2.04 1.61 1.61 0.88 1.46 1.39 1.31 0.88 1.17 0.80 0.73 1.24 0.95 1.97 2.41 2.70 3.07 2.85 2.63 1.83 1.90 1.75 1.61 2.37 3.94 4.82 3.80 3.80 4.02 5.18 7.08 5.91 4.60 1.83 3.21 2.48 2.77 3.43 4.67 5.84 5.91 2.48 3.58
1.83 1.97 0.00 0.00 0.00 0.00 3.58 0.00 0.00 0.00 0.00 0.00 3.72 3.80 2.85 0.00 0.00 3.36 3.36 0.00 0.00 3.07 0.00 0.00 1.97 2.19 2.77 0.00 0.00 0.00 0.00 0.00 0.00 0.00 2.92 0.00 0.00 0.00 0.00 0.00 0.00 1.31 0.00 0.00 1.24 1.39 1.61 1.90 1.31 1.53 1.90 1.75 1.90 2.56 3.14 3.21 2.41 2.63 2.99 2.63 2.70 2.26 3.43 3.58 5.24 7.42 8.03 5.69 5.69 4.09 4.02 6.13 4.96 5.69 3.72 3.94 4.31 5.18 4.09 4.67 4.74 5.40 4.53 3.50
2.34 1.46 0.00 0.00 0.00 0.00 0.00 0.00 0.00 0.00 0.00 0.00 0.00 0.00 0.00 0.00 0.00 0.00 0.00 0.00 0.00 0.00 0.00 2.12 2.63 0.00 2.48 0.00 0.00 0.00 0.00 0.00 2.70 2.99 2.92 2.48 0.00 0.00 0.00 0.00 0.00 0.00 0.00 0.00 1.61 1.68 1.83 1.97 1.39 1.31 2.19 3.14 4.23 4.38 4.09 4.23 2.56 3.21 2.37 3.47 2.56 3.43 4.99 7.15 8.23 8.43 7.68 5.69 5.69 4.74 3.87 4.60 3.21 4.31 4.96 4.09 4.96 5.11 5.69 4.97 4.54 4.52 4.70 4.33
1.61 1.46 0.88 0.00 0.00 0.00 0.00 1.10 0.00 0.00 0.00 0.00 0.00 0.00 0.00 0.00 0.00 0.00 0.00 0.00 0.00 0.00 2.85 0.00 0.00 0.00 0.00 0.00 0.00 0.00 0.00 0.00 0.00 0.00 0.00 0.00 0.00 0.00 0.00 0.00 0.00 0.00 1.02 1.02 1.24 0.88 1.17 2.04 1.75 1.24 2.41 3.50 4.96 5.77 5.84 6.64 4.45 3.29 3.58 3.43 3.24 3.14 4.20 6.86 9.93 9.93 7.26 5.71 5.53 4.92 2.77 3.58 3.94 4.09 3.29 3.50 3.43 3.14 4.66 3.44 3.43 4.53 5.21 4.31
1.17 1.17 0.66 1.10 0.00 1.31 1.97 1.61 0.00 0.15 0.00 0.00 0.00 0.00 0.00 0.00 0.00 0.00 0.00 0.00 0.00 0.00 0.00 0.00 0.00 0.00 0.00 0.00 0.00 0.00 0.00 0.00 0.00 0.00 0.00 0.00 0.00 0.00 0.00 0.00 0.00 0.00 0.00 0.00 0.29 0.66 0.73 0.88 1.02 1.39 2.34 3.36 5.33 6.64 8.25 9.64 6.50 6.86 5.46 4.42 3.14 3.80 2.46 2.66 4.26 5.07 4.31 3.87 3.89 3.05 1.91 4.38 4.02 3.65 3.52 2.70 3.21 3.72 3.82 4.79 4.71 3.72 5.60 5.01
1.83 0.66 1.24 1.24 1.39 1.10 1.97 1.83 1.31 0.00 0.00 0.00 0.00 0.00 0.00 0.00 0.00 1.24 1.24 0.00 0.00 0.00 0.00 0.00 0.00 0.00 0.00 0.00 0.00 0.00 0.00 0.00 0.00 0.00 0.00 0.00 0.00 0.00 0.00 0.00 0.00 0.00 0.00 0.00 0.00 0.44 0.95 1.02 1.39 2.77 2.92 2.56 4.60 6.57 9.13 11.83 11.46 13.29 11.83 8.31 4.94 3.13 2.47 1.64 2.63 3.57 3.37 2.99 2.99 1.38 0.85 3.36 5.58 6.74 3.15 5.31 3.94 3.63 3.39 3.28 4.66 5.79 6.83 6.39
1.61 0.73 0.95 1.02 0.73 1.53 0.00 0.00 0.00 0.00 1.10 0.88 0.00 0.00 0.00 0.00 0.00 0.95 0.95 0.00 0.00 0.00 0.00 0.00 0.00 0.00 0.00 0.00 0.00 0.00 0.00 0.00 0.00 0.00 0.00 0.00 0.00 0.00 0.00 0.00 0.00 0.00 0.00 0.00 0.00 0.00 0.95 0.80 1.68 3.80 3.14 4.23 6.94 10.07 13.72 16.21 15.20 17.67 18.25 15.26 9.34 5.24 2.94 1.23 1.40 2.85 2.49 2.26 2.26 1.92 1.66 2.19 5.11 7.19 6.15 7.19 5.33 4.15 3.69 2.71 5.58 6.31 8.49 6.87
1.68 1.46 1.10 0.95 1.10 1.10 1.31 0.00 0.00 0.00 0.00 0.00 0.00 0.00 0.00 0.37 0.58 1.24 1.24 0.29 0.00 0.00 0.00 0.00 0.00 0.00 0.00 0.00 0.00 0.00 0.00 0.00 0.00 0.00 0.00 0.00 0.00 0.00 0.00 0.00 0.00 0.00 0.00 0.00 0.00 0.29 0.00 1.31 2.34 5.91 3.29 4.89 8.12 11.29 13.84 14.75 14.30 14.16 12.99 9.64 5.48 2.20 1.08 0.89 1.26 2.74 3.01 0.58 0.59 1.40 1.67 2.60 2.98 6.32 8.34 5.91 5.07 5.90 3.83 3.06 2.77 6.20 7.18 7.74
2.41 1.24 0.95 0.73 1.17 1.24 0.00 0.00 0.00 0.00 0.00 0.00 0.00 0.00 0.00 0.00 1.24 0.00 0.00 0.00 0.00 0.00 0.00 0.00 0.00 0.00 0.00 0.00 0.00 0.00 0.00 0.00 0.00 0.00 0.00 0.00 0.00 0.00 0.00 0.00 0.00 5.04 0.00 0.00 1.46 3.94 2.12 2.12 4.74 8.61 6.06 7.52 9.34 13.38 14.04 11.74 10.89 10.57 8.97 6.71 4.48 2.27 1.82 0.85 0.40 1.39 1.50 0.88 0.88 0.00 1.41 1.78 1.41 3.92 4.33 5.58 3.65 5.11 3.97 2.86 3.32 4.84 6.91 6.38
3.36 2.26 1.46 0.73 0.80 2.26 1.68 2.12 1.61 1.10 1.53 0.00 0.00 0.00 0.00 0.00 0.00 0.00 0.00 0.00 0.00 0.00 0.00 0.00 0.00 0.00 0.00 0.00 0.44 0.00 0.00 0.07 0.00 0.00 0.00 0.00 0.00 0.00 0.00 0.00 5.62 12.05 3.65 3.65 4.31 8.69 4.96 8.25 12.78 14.60 10.22 10.29 12.48 15.41 14.23 12.41 8.69 8.33 8.10 8.18 4.02 3.19 2.71 2.16 0.98 0.66 1.37 1.19 1.17 0.52 0.78 2.88 3.90 5.65 3.80 3.59 3.04 1.98 2.87 4.14 4.36 7.68 7.63 9.23
4.09 3.21 0.00 0.00 2.77 2.56 2.70 1.83 2.41 2.12 1.97 0.73 0.00 0.29 0.00 0.00 0.00 0.00 0.00 0.00 0.00 0.00 0.00 0.00 0.00 0.00 2.12 1.61 1.17 0.00 0.00 0.88 0.00 0.00 0.00 0.00 0.88 0.00 0.00 0.00 8.54 16.13 8.76 8.76 10.00 12.99 9.42 11.75 15.77 17.07 14.90 16.45 16.43 15.80 12.20 9.68 9.71 9.56 10.25 6.50 6.60 4.76 4.89 3.07 1.70 0.56 1.78 1.28 1.25 0.58 0.29 2.30 3.92 4.81 5.50 3.94 2.83 1.77 2.09 1.94 3.04 5.73 5.59 6.57
3.07 1.02 2.04 2.34 3.94 4.02 4.53 4.02 4.38 3.43 0.00 0.73 0.66 0.44 0.80 0.15 0.95 1.17 1.17 1.24 0.00 1.10 0.00 0.00 1.61 1.90 1.75 1.97 0.80 1.02 1.75 1.39 1.53 2.19 1.24 0.88 0.00 1.24 2.41 7.37 4.89 10.07 10.22 10.22 8.69 9.78 14.09 15.04 15.62 13.72 17.31 19.38 16.49 13.33 10.59 8.48 8.70 9.78 10.82 12.77 14.45 12.03 7.61 7.45 4.38 3.08 5.15 2.47 2.43 1.10 0.44 3.56 3.57 6.54 8.31 10.66 5.37 1.24 0.83 1.11 1.71 1.43 2.83 4.78
4.53 3.50 3.14 2.99 3.21 4.96 4.23 5.33 4.96 0.00 0.00 1.39 0.37 0.88 0.80 1.83 1.39 1.61 1.61 0.80 1.02 1.31 0.66 0.58 1.02 0.66 1.24 0.80 0.95 1.02 1.10 0.80 0.15 0.51 0.44 2.26 0.95 2.04 0.51 2.77 0.95 5.40 5.26 5.26 5.11 11.39 12.34 11.97 12.04 16.43 15.73 15.90 13.20 11.62 13.98 13.66 8.32 6.47 7.82 9.92 14.16 16.57 13.38 9.33 6.13 4.31 3.59 4.71 4.64 0.37 0.22 1.83 1.93 5.32 12.58 8.91 8.48 2.40 1.37 0.28 1.58 1.24 2.46 2.81
4.16 4.53 3.65 3.14 4.09 3.50 4.82 4.67 5.33 0.00 0.00 0.00 0.00 0.00 1.46 1.61 1.24 1.39 1.39 1.10 0.73 0.88 0.73 1.31 0.88 0.22 0.00 0.22 0.88 1.02 1.17 0.66 0.00 0.58 0.00 1.24 2.56 1.75 0.00 0.00 0.00 1.61 1.90 1.90 1.53 7.23 7.30 8.70 12.09 15.64 15.87 14.97 13.70 13.16 12.92 8.55 6.65 6.27 9.09 13.74 16.95 15.94 16.35 10.66 5.55 3.20 4.77 2.20 2.45 2.25 0.07 0.97 3.29 5.10 11.31 7.74 8.40 2.77 1.33 0.33 0.30 0.32 2.70 3.22
1.83 2.70 3.36 0.00 1.83 4.67 5.77 4.92 3.14 2.63 2.12 0.00 0.00 0.00 2.34 1.31 1.61 1.02 1.02 1.10 0.37 0.95 0.80 1.17 0.29 0.00 0.00 0.66 1.10 1.24 0.22 0.66 0.00 0.00 0.29 0.58 0.95 0.15 0.00 0.00 0.00 0.00 0.00 0.00 0.51 2.85 4.16 6.09 10.59 15.08 16.06 16.07 15.69 13.82 9.47 8.76 5.64 4.42 6.55 10.74 13.83 15.57 12.33 7.74 9.71 6.49 4.97 5.57 5.37 4.15 1.10 0.84 2.71 2.92 5.66 4.42 4.82 1.15 0.39 0.16 1.46 0.95 1.91 4.94
2.12 0.00 0.00 2.34 0.00 3.14 5.18 3.43 3.21 2.99 2.48 1.61 1.83 0.00 0.00 0.00 1.46 1.17 1.17 1.24 1.53 1.17 0.80 0.95 0.00 0.00 0.00 0.00 0.80 0.95 0.00 0.00 0.00 0.00 0.00 0.00 0.00 0.00 0.00 0.00 0.00 0.00 0.00 0.00 0.22 1.97 1.97 4.96 8.54 13.94 15.34 13.91 12.41 10.74 9.23 7.93 5.00 3.81 7.36 10.77 10.44 12.59 13.51 12.88 12.62 10.84 6.89 4.95 4.98 4.61 1.42 0.65 0.27 1.24 1.04 2.55 1.19 1.17 0.22 0.40 1.80 2.14 8.11 6.57
0.00 0.00 0.00 0.00 0.00 4.09 3.72 4.02 3.72 3.29 2.56 2.48 2.92 2.85 0.00 0.00 0.00 2.26 2.26 1.90 1.17 0.95 0.88 0.07 0.00 0.00 0.00 0.00 0.00 0.00 0.00 0.00 0.00 0.00 0.00 0.00 0.00 0.00 0.00 0.00 0.00 0.00 0.00 0.00 0.66 1.61 4.84 3.50 4.97 12.04 16.50 14.86 16.18 12.28 7.18 5.94 5.14 4.49 4.77 7.13 9.97 11.22 11.70 12.12 12.95 11.29 10.77 5.42 6.34 5.00 4.65 3.45 0.00 0.44 0.25 1.25 1.22 1.10 1.24 0.32 0.70 6.07 7.71 6.12
0.00 0.00 0.00 0.00 0.00 0.00 2.85 4.02 3.65 3.29 3.43 3.14 3.50 2.92 0.00 2.04 1.75 1.75 1.75 1.97 0.44 0.22 0.22 0.00 0.00 0.00 0.00 0.00 0.00 0.00 0.00 0.00 0.00 0.00 0.00 0.00 0.00 0.00 0.00 0.00 0.00 0.00 0.00 0.00 0.00 0.00 1.47 1.98 6.04 11.70 11.09 11.86 8.37 7.03 6.54 0.00 0.00 0.00 7.54 12.44 15.65 11.28 11.02 11.87 13.23 13.77 10.86 11.98 13.41 6.03 4.44 1.88 2.81 0.18 0.00 0.75 0.08 1.46 0.95 1.53 0.91 5.11 8.12 6.64
0.00 0.00 0.00 0.00 0.00 0.00 0.00 2.70 4.23 4.16 3.50 3.36 4.02 4.02 4.53 2.82 3.91 3.65 3.65 2.19 1.61 1.53 0.51 0.00 0.00 0.00 0.00 0.00 0.00 0.00 0.00 0.00 0.00 0.00 0.00 0.00 0.00 0.00 0.00 0.00 0.00 0.00 0.00 0.00 0.00 0.00 0.00 0.60 6.12 9.00 9.55 10.45 8.94 5.18 0.00 0.00 0.00 0.00 0.00 0.00 10.69 14.72 10.40 10.36 12.75 14.03 15.63 9.40 9.60 11.00 5.37 3.31 3.69 0.68 0.52 2.07 1.26 2.15 0.84 1.22 1.31 2.17 3.92 5.10
0.00 0.00 0.00 0.00 0.00 0.00 0.00 0.00 3.21 3.72 3.43 3.65 5.84 4.16 3.87 4.70 3.72 4.19 3.91 2.99 1.83 0.80 0.58 1.31 0.37 1.31 0.73 0.00 0.07 0.00 0.00 0.00 0.00 0.00 0.00 0.00 0.15 0.22 0.00 0.00 0.00 1.02 1.02 1.02 0.00 0.00 0.00 0.00 2.99 10.76 11.60 10.63 6.24 0.00 0.00 0.00 0.00 0.00 0.00 0.00 0.00 11.05 12.23 7.30 10.68 12.15 13.83 11.40 13.93 7.60 7.67 4.44 2.88 2.34 0.73 2.39 2.79 0.37 0.82 0.69 0.00 0.37 1.26 0.00
0.00 0.00 0.00 0.00 0.00 0.00 0.00 0.00 0.00 0.00 0.00 0.00 0.00 0.00 0.00 0.00 2.26 2.22 2.25 4.09 4.53 4.67 4.53 3.43 2.26 3.58 3.50 2.34 2.56 2.41 2.70 2.56 3.21 1.75 5.62 6.28 7.45 5.69 7.23 6.60 4.74 5.01 3.29 3.29 3.58 2.19 2.56 3.59 5.29 0.00 0.00 0.00 0.00 0.00 0.00 0.00 0.00 0.00 0.00 0.00 0.00 0.00 0.00 6.48 10.92 6.71 6.97 7.26 8.12 6.57 6.87 4.09 4.78 2.02 1.02 3.55 2.45 1.37 0.00 0.00 0.00 0.00 0.00 0.00
0.00 0.00 0.00 0.00 0.00 0.00 0.00 0.00 0.00 0.00 0.00 0.00 0.00 0.00 0.00 0.00 0.00 2.77 2.77 0.00 3.63 4.08 4.23 5.18 4.45 4.58 4.94 5.04 4.60 3.80 4.96 4.67 5.77 4.60 6.06 6.64 6.86 9.20 7.37 7.23 6.54 5.38 5.33 5.95 5.33 5.18 3.94 4.19 4.38 0.00 0.00 0.00 0.00 0.00 0.00 0.00 0.00 0.00 0.00 0.00 0.00 0.00 0.00 0.00 0.00 0.00 4.50 0.00 0.00 5.39 5.90 4.39 2.51 3.32 1.15 1.02 1.66 0.92 0.00 0.00 0.00 0.00 0.00 0.00
0.00 0.00 0.00 0.00 0.00 0.00 0.00 0.00 0.00 0.00 0.00 0.00 0.00 0.00 0.00 0.00 0.00 0.00 0.00 0.00 0.00 0.00 1.46 2.70 4.96 4.11 5.36 3.94 6.42 5.11 4.09 7.15 6.00 5.33 6.79 5.82 0.00 9.13 4.60 6.20 3.47 0.00 6.35 8.07 8.29 7.22 4.07 5.03 0.00 0.00 0.00 0.00 0.00 0.00 0.00 0.00 0.00 0.00 0.00 0.00 0.00 0.00 0.00 0.00 0.00 0.00 0.00 0.00 0.00 0.00 2.90 4.49 0.00 0.00 1.15 2.10 0.78 0.28 0.00 0.00 0.00 0.00 0.00 0.00
0.00 0.00 0.00 0.00 0.00 0.00 0.00 0.00 0.00 0.00 0.00 0.00 0.00 0.00 0.00 0.00 0.00 0.00 0.00 0.00 0.00 0.00 0.00 0.00 3.07 0.00 4.23 0.00 2.41 4.67 0.00 4.59 4.81 4.31 4.74 0.00 0.00 3.36 0.00 3.65 0.00 0.00 0.00 0.00 0.00 5.30 0.00 4.09 0.00 0.00 0.00 0.00 0.00 0.00 0.00 0.00 0.00 0.00 0.00 0.00 0.00 0.00 0.00 0.00 0.00 0.00 0.00 0.00 0.00 0.00 0.00 0.00 0.00 0.00 1.93 0.35 0.84 0.00 0.00 0.00 0.00 0.00 0.00 0.00
