Wansh/Snow_depth/snowdepth-1994/winter/1995049.txt
ncols 321
nrows 161
xllcenter 60
yllcenter 15 
cellsize  0.25 
NODATA_value -1
[rows 0 to 36 of 161, columns 84 to 167 of 321]
22.27 23.14 23.00 22.12 19.27 19.27 19.27 17.74 16.13 16.21 16.21 18.76 20.15 22.19 22.34 23.21 20.88 23.51 23.51 23.21 21.97 21.39 15.91 16.43 9.13 6.06 7.66 2.77 2.12 2.41 4.67 7.15 6.42 13.65 12.70 13.14 14.38 13.43 12.70 15.70 13.07 12.70 13.51 13.51 11.61 7.45 6.57 7.45 6.35 8.83 8.10 10.15 9.49 8.40 8.76 12.85 13.80 13.94 10.95 8.61 9.56 7.81 7.59 4.45 7.23 7.96 5.55 7.88 7.88 7.66 9.78 13.07 12.63 12.34 14.02 12.05 13.36 17.30 17.67 17.67 16.06 15.18 14.02 12.34
21.32 20.59 19.42 19.64 18.54 22.63 21.83 16.79 18.91 18.61 18.69 18.32 19.20 15.91 15.11 15.26 17.23 14.02 14.02 19.20 17.89 21.39 18.47 15.70 17.08 7.74 4.45 6.42 1.68 2.70 2.19 5.55 8.10 7.74 11.17 8.83 8.98 10.88 11.83 11.61 13.87 15.33 14.75 14.75 16.13 15.99 9.93 7.59 7.96 6.28 4.45 7.08 6.35 6.57 6.64 8.25 7.74 10.44 12.48 11.17 9.20 9.56 9.93 9.56 9.71 9.78 10.22 9.71 9.71 13.07 13.21 13.43 13.14 15.04 14.82 16.94 18.61 18.47 18.76 19.49 19.05 18.83 19.27 15.77
21.46 19.78 18.61 14.09 19.49 17.59 19.71 18.98 20.66 22.34 23.07 20.88 16.72 17.01 17.23 13.07 12.34 12.26 12.26 14.75 12.92 16.57 16.64 16.28 14.53 15.62 8.61 4.23 5.55 2.56 2.85 2.63 6.50 6.79 6.20 9.20 10.80 11.17 12.26 14.45 14.38 13.58 16.21 16.21 15.55 20.44 21.02 21.32 8.61 9.42 5.55 3.36 3.94 3.43 6.79 6.28 8.98 8.61 11.32 13.51 12.92 15.04 15.40 15.70 14.75 15.62 12.99 17.08 17.08 16.79 15.77 15.04 13.58 13.43 15.11 19.35 19.20 21.53 20.15 20.51 19.35 19.13 21.61 20.29
21.46 19.78 18.61 14.09 19.49 17.59 19.71 18.98 20.66 22.34 23.07 20.88 16.72 17.01 17.23 13.07 12.34 12.26 12.26 14.75 12.92 16.57 16.64 16.28 14.53 15.62 8.61 4.23 5.55 2.56 2.85 2.63 6.50 6.79 6.20 9.20 10.80 11.17 12.26 14.45 14.38 13.58 16.21 16.21 15.55 20.44 21.02 21.32 8.61 9.42 5.55 3.36 3.94 3.43 6.79 6.28 8.98 8.61 11.32 13.51 12.92 15.04 15.40 15.70 14.75 15.62 12.99 17.08 17.08 16.79 15.77 15.04 13.58 13.43 15.11 19.35 19.20 21.53 20.15 20.51 19.35 19.13 21.61 20.29
20.88 19.71 18.03 15.55 16.28 19.49 17.16 19.13 19.93 19.64 21.75 20.95 19.71 17.81 18.47 14.60 16.64 11.75 11.75 12.92 9.64 9.64 13.65 12.99 16.35 13.29 13.72 6.64 4.02 1.97 1.83 2.70 2.92 5.69 10.80 10.00 12.99 14.53 13.80 14.75 14.24 14.97 13.94 13.94 17.23 19.56 22.12 18.40 20.00 12.92 6.35 5.48 3.80 3.80 4.09 4.74 4.53 6.20 9.05 11.32 14.45 13.80 16.43 16.13 16.28 16.50 17.37 17.30 17.30 16.57 15.84 16.28 14.24 14.45 14.16 15.48 14.16 16.06 15.77 17.45 17.08 20.08 19.35 17.96
21.53 19.78 19.56 20.08 20.00 19.78 16.72 15.62 17.74 18.18 18.61 18.76 19.20 17.59 18.76 18.54 18.40 15.77 15.77 14.75 8.76 9.27 9.56 11.02 10.15 12.92 8.76 9.93 4.96 3.87 3.36 3.43 5.18 10.00 9.13 11.97 12.99 12.92 13.36 12.19 12.78 12.92 12.92 12.92 14.53 15.48 14.60 20.59 14.53 16.13 7.30 4.31 4.45 3.87 3.87 4.23 6.50 6.28 8.18 12.05 11.61 15.33 19.78 18.83 21.39 19.35 16.21 16.86 16.86 14.31 15.70 14.97 17.59 15.33 16.21 12.78 13.21 13.21 13.29 11.61 15.62 14.75 16.79 21.24
22.12 20.81 20.81 21.61 20.59 20.59 20.59 21.02 19.56 18.83 18.25 16.28 15.33 15.62 17.30 17.81 20.88 20.66 20.66 17.89 18.76 12.34 13.51 10.00 11.17 11.17 9.93 4.89 4.53 4.38 4.67 5.33 5.04 6.86 10.80 9.86 13.65 12.19 12.92 10.73 8.76 8.47 8.98 8.98 13.51 12.56 15.55 14.02 11.75 8.40 10.07 4.67 4.09 3.80 5.40 6.72 6.42 9.13 10.95 12.05 14.82 15.48 18.25 22.48 21.46 21.90 18.69 16.06 16.06 16.43 16.13 19.13 17.67 19.35 18.83 18.54 17.89 13.80 11.53 13.07 11.39 11.32 15.70 20.08
22.12 20.81 20.81 21.61 20.59 20.59 20.59 21.02 19.56 18.83 18.25 16.28 15.33 15.62 17.30 17.81 20.88 20.66 20.66 17.89 18.76 12.34 13.51 10.00 11.17 11.17 9.93 4.89 4.53 4.38 4.67 5.33 5.04 6.86 10.80 9.86 13.65 12.19 12.92 10.73 8.76 8.47 8.98 8.98 13.51 12.56 15.55 14.02 11.75 8.40 10.07 4.67 4.09 3.80 5.40 6.72 6.42 9.13 10.95 12.05 14.82 15.48 18.25 22.48 21.46 21.90 18.69 16.06 16.06 16.43 16.13 19.13 17.67 19.35 18.83 18.54 17.89 13.80 11.53 13.07 11.39 11.32 15.70 20.08
20.37 20.59 18.98 20.81 19.71 20.66 20.51 21.17 19.56 20.22 18.32 14.75 11.32 12.85 12.05 16.13 20.51 22.63 22.63 22.41 21.39 22.12 15.40 17.23 10.37 7.23 5.26 5.40 6.06 5.69 5.62 5.40 6.42 6.42 10.51 14.67 15.04 12.56 10.44 10.80 7.88 8.32 7.96 7.96 7.59 7.37 11.10 9.49 8.18 8.40 8.69 10.59 5.55 7.01 6.72 7.74 8.83 8.69 9.49 11.17 12.78 11.61 14.31 15.18 15.11 17.37 18.10 18.03 18.03 17.67 19.20 18.76 19.71 18.83 19.05 18.61 18.40 18.69 15.70 16.28 14.24 12.70 11.61 17.16
17.30 17.08 17.23 19.71 20.29 19.27 21.17 21.02 20.44 18.25 15.04 16.13 12.19 12.12 15.40 20.59 19.27 23.21 23.21 22.48 22.41 22.27 17.96 10.88 12.48 7.37 6.28 7.01 6.72 6.06 4.96 5.55 5.18 7.74 8.83 12.99 12.05 14.02 11.10 8.10 8.61 7.81 6.20 6.20 6.06 6.64 7.23 7.30 7.81 9.86 9.64 12.05 13.72 14.82 13.14 12.26 12.34 13.36 12.56 10.15 10.88 12.70 12.41 13.51 15.55 14.75 17.08 20.29 20.29 23.00 18.32 21.61 21.75 20.00 20.95 18.69 22.19 23.21 23.36 19.05 14.67 15.18 13.07 11.90
17.45 18.10 17.59 18.40 19.64 19.27 20.37 20.66 16.06 15.84 15.40 14.82 14.75 14.89 16.35 19.05 21.32 20.88 20.88 22.48 24.67 18.76 20.81 10.95 8.18 6.86 6.57 6.35 5.33 5.84 5.33 5.11 4.89 7.15 10.29 10.37 11.46 12.99 13.07 8.40 9.71 9.56 11.68 11.68 8.10 8.10 8.10 9.93 9.34 12.78 16.79 13.07 16.72 13.94 14.89 13.07 14.97 14.60 16.06 14.97 14.24 14.53 13.51 14.60 13.65 17.23 20.59 20.08 20.08 23.21 23.80 27.01 22.27 26.21 25.77 26.13 24.02 24.38 22.41 23.00 18.03 19.13 18.47 16.79
17.45 18.10 17.59 18.40 19.64 19.27 20.37 20.66 16.06 15.84 15.40 14.82 14.75 14.89 16.35 19.05 21.32 20.88 20.88 22.48 24.67 18.76 20.81 10.95 8.18 6.86 6.57 6.35 5.33 5.84 5.33 5.11 4.89 7.15 10.29 10.37 11.46 12.99 13.07 8.40 9.71 9.56 11.68 11.68 8.10 8.10 8.10 9.93 9.34 12.78 16.79 13.07 16.72 13.94 14.89 13.07 14.97 14.60 16.06 14.97 14.24 14.53 13.51 14.60 13.65 17.23 20.59 20.08 20.08 23.21 23.80 27.01 22.27 26.21 25.77 26.13 24.02 24.38 22.41 23.00 18.03 19.13 18.47 16.79
15.26 14.67 16.28 16.72 14.45 10.59 11.32 12.63 12.19 14.60 13.21 14.60 16.64 15.91 22.34 22.56 22.48 24.75 24.75 24.31 24.67 19.86 12.56 13.51 9.05 8.47 5.84 6.13 5.11 6.13 5.69 10.22 8.47 7.88 12.26 16.35 12.26 14.97 14.89 16.28 11.17 13.51 13.58 13.58 13.21 13.87 16.06 9.93 13.65 13.14 16.86 21.61 20.22 20.73 19.93 18.54 15.62 19.27 18.25 19.35 15.91 14.67 15.18 14.97 18.69 19.42 19.05 21.75 21.75 25.92 28.40 27.81 27.52 26.86 26.94 27.23 28.98 27.38 25.48 24.82 21.75 22.48 20.88 18.61
14.89 12.85 13.21 14.31 10.37 9.64 10.00 9.34 11.39 13.72 12.85 15.77 20.81 23.29 24.89 24.60 24.60 24.24 24.24 23.58 17.74 18.69 12.78 11.10 8.83 9.42 7.66 6.57 5.91 11.75 13.29 12.26 19.56 17.16 17.08 18.54 21.53 19.42 19.71 18.47 20.73 20.37 15.91 15.91 18.54 17.96 20.81 21.90 22.12 19.71 22.34 22.19 22.19 23.36 23.21 21.75 20.00 20.15 17.45 13.87 13.29 13.65 16.79 19.42 19.13 19.56 21.02 24.09 24.09 23.00 28.11 27.74 27.89 28.11 28.11 27.89 23.00 16.06 22.56 21.68 23.29 21.68 17.89 17.81
12.85 13.72 11.02 13.14 10.59 9.64 9.78 9.56 11.17 13.07 17.45 19.13 18.47 22.70 19.35 22.78 22.41 24.31 24.31 20.51 17.96 14.67 15.70 12.34 11.24 9.20 8.98 12.12 13.65 12.63 19.05 21.97 21.24 23.87 21.32 20.29 20.37 21.17 24.75 21.61 24.02 26.43 25.99 25.99 25.26 23.58 23.80 22.48 20.88 21.32 21.68 22.48 22.05 22.05 28.11 28.03 27.08 20.22 12.41 13.94 11.32 13.14 12.56 15.04 13.14 18.32 20.59 20.29 20.29 22.27 25.84 25.04 26.94 23.21 23.58 22.41 23.29 16.57 7.88 10.22 23.29 22.70 18.91 21.53
12.56 13.36 10.80 11.32 11.10 10.00 10.51 8.47 9.78 8.98 12.92 9.42 13.80 17.23 16.86 17.16 19.86 20.08 20.08 20.29 17.74 15.91 13.21 13.21 12.12 14.02 13.21 13.21 14.24 17.67 17.16 20.00 23.07 19.64 20.22 18.91 21.02 20.08 25.11 23.36 26.13 25.84 23.21 23.21 24.24 18.54 17.16 20.44 18.61 19.78 18.98 20.95 18.83 23.14 21.90 24.82 23.29 24.09 17.08 11.02 12.48 9.78 10.88 10.95 10.73 14.09 19.86 20.66 20.66 24.89 25.48 25.19 22.56 22.12 22.27 20.22 20.88 14.24 4.89 10.66 20.08 16.50 23.14 19.27
12.56 13.36 10.80 11.32 11.10 10.00 10.51 8.47 9.78 8.98 12.92 9.42 13.80 17.23 16.86 17.16 19.86 20.08 20.08 20.29 17.74 15.91 13.21 13.21 12.12 14.02 13.21 13.21 14.24 17.67 17.16 20.00 23.07 19.64 20.22 18.91 21.02 20.08 25.11 23.36 26.13 25.84 23.21 23.21 24.24 18.54 17.16 20.44 18.61 19.78 18.98 20.95 18.83 23.14 21.90 24.82 23.29 24.09 17.08 11.02 12.48 9.78 10.88 10.95 10.73 14.09 19.86 20.66 20.66 24.89 25.48 25.19 22.56 22.12 22.27 20.22 20.88 14.24 4.89 10.66 20.08 16.50 23.14 19.27
12.85 11.46 10.88 11.75 13.21 14.82 11.83 6.72 5.55 6.42 8.03 7.45 11.02 13.94 17.08 16.43 18.10 16.43 16.43 15.55 15.77 14.97 11.83 11.97 12.05 13.14 14.16 15.04 15.40 16.57 19.20 18.61 21.61 20.66 19.64 20.81 18.25 21.83 21.61 20.29 17.81 18.25 20.44 20.44 17.74 18.03 16.57 14.75 13.94 13.80 15.11 15.99 16.28 17.30 20.44 19.71 20.66 16.64 13.43 13.94 14.38 15.11 20.95 13.65 17.30 17.16 20.22 18.69 18.69 23.43 26.50 24.60 20.88 22.05 21.39 20.81 15.99 7.66 8.47 10.37 14.31 12.92 12.56 15.70
12.78 11.32 11.61 16.28 15.84 16.86 13.65 10.59 11.53 7.74 8.61 11.17 10.66 12.92 16.43 14.02 15.18 15.62 15.62 14.38 13.51 13.65 12.34 10.44 12.48 15.55 15.11 16.57 17.59 17.96 19.27 22.34 21.61 23.14 21.46 17.89 18.54 13.65 15.26 15.77 14.24 15.04 13.36 13.36 15.55 15.77 13.07 13.80 12.19 14.09 13.36 16.43 18.32 17.81 18.10 18.32 19.56 19.42 20.29 21.61 25.92 24.97 25.55 21.46 19.05 19.42 19.86 26.65 26.65 27.81 23.51 25.40 21.75 16.43 17.23 16.21 12.19 10.22 10.88 9.13 9.34 9.71 11.61 11.17
10.15 11.61 12.34 14.60 16.57 17.89 16.72 17.37 13.14 10.59 12.70 10.59 11.68 11.68 11.83 11.10 12.56 12.70 12.70 12.34 13.80 13.07 10.66 11.02 12.85 16.28 18.25 18.10 16.72 14.38 14.45 18.98 19.93 17.74 17.96 17.59 11.32 12.63 5.33 4.53 9.42 9.56 14.45 14.45 15.11 14.89 15.11 17.23 11.61 15.99 20.29 19.71 22.12 19.93 19.56 19.35 21.46 22.05 22.41 22.48 24.82 27.67 25.70 26.35 25.62 24.67 27.81 26.86 26.86 28.98 26.28 14.67 14.82 15.55 12.19 11.68 12.05 8.18 9.20 8.76 7.74 10.80 8.40 9.71
10.37 10.07 10.66 13.29 14.75 17.01 16.72 15.99 16.13 16.06 14.38 12.85 18.03 15.77 16.21 11.17 13.65 12.26 12.26 13.07 13.36 13.14 15.48 14.31 13.80 18.32 18.40 18.98 19.35 12.56 10.73 11.32 13.87 14.75 12.05 12.70 3.43 2.70 3.29 0.00 8.40 10.22 11.75 11.75 14.38 15.70 15.77 18.47 24.82 26.94 26.86 28.98 29.57 26.94 27.45 26.79 25.70 24.82 22.41 19.71 19.42 19.13 20.81 24.16 25.40 24.89 26.13 24.75 24.75 22.19 14.75 11.24 9.93 10.15 11.39 10.22 8.32 7.74 7.01 7.01 7.30 8.83 8.25 10.15
9.78 11.17 12.85 12.19 13.94 14.60 13.14 15.77 17.30 17.67 19.13 19.35 19.71 21.17 22.19 18.54 18.10 20.29 20.29 15.62 18.61 17.45 17.59 17.23 21.39 20.81 21.75 22.56 20.22 20.81 12.78 9.42 7.52 11.02 9.20 3.14 3.87 0.22 0.00 6.72 5.11 8.32 4.74 4.74 5.26 13.43 14.97 14.53 17.74 21.61 22.92 22.34 25.55 26.28 26.79 26.50 24.60 20.15 18.25 18.40 17.81 18.40 17.52 20.66 20.00 22.34 22.92 22.19 22.19 21.97 19.05 16.50 12.19 12.48 9.49 8.18 8.91 8.10 7.08 7.74 7.74 7.23 6.50 7.08
9.78 11.17 12.85 12.19 13.94 14.60 13.14 15.77 17.30 17.67 19.13 19.35 19.71 21.17 22.19 18.54 18.10 20.29 20.29 15.62 18.61 17.45 17.59 17.23 21.39 20.81 21.75 22.56 20.22 20.81 12.78 9.42 7.52 11.02 9.20 3.14 3.87 0.22 0.00 6.72 5.11 8.32 4.74 4.74 5.26 13.43 14.97 14.53 17.74 21.61 22.92 22.34 25.55 26.28 26.79 26.50 24.60 20.15 18.25 18.40 17.81 18.40 17.52 20.66 20.00 22.34 22.92 22.19 22.19 21.97 19.05 16.50 12.19 12.48 9.49 8.18 8.91 8.10 7.08 7.74 7.74 7.23 6.50 7.08
12.48 11.53 11.32 10.95 12.05 14.24 13.51 15.70 21.32 24.45 21.90 21.24 20.66 20.66 23.43 21.90 21.39 22.19 22.19 20.00 19.71 19.35 19.78 20.22 21.53 22.85 22.34 24.60 20.59 17.59 18.32 10.88 6.79 4.31 4.82 2.34 0.07 0.00 0.00 0.44 4.96 5.18 2.56 2.56 0.00 0.00 0.00 0.00 2.85 10.66 12.78 14.89 14.16 16.94 18.98 19.71 19.64 17.16 7.81 12.63 16.13 15.55 16.72 20.37 22.48 21.61 19.27 19.93 19.93 22.27 22.05 23.94 16.79 12.34 11.46 8.69 8.40 7.74 9.13 8.40 7.96 8.25 6.94 5.84
12.48 11.75 16.28 15.04 16.13 17.81 25.04 26.79 26.50 25.99 24.75 20.73 19.13 17.67 18.91 18.32 20.73 19.64 19.64 19.56 19.27 22.56 21.61 22.72 22.67 22.59 20.50 20.22 20.29 20.08 18.10 8.69 9.34 4.89 2.70 3.14 0.00 0.51 1.02 1.17 1.39 0.58 1.31 1.31 0.58 0.00 0.00 0.00 0.00 0.00 0.00 0.00 0.00 0.00 2.19 1.97 5.04 5.55 9.78 8.40 13.43 15.91 16.64 19.13 19.78 21.02 18.76 17.89 17.89 20.29 23.65 23.43 18.10 19.20 14.24 8.03 8.40 10.22 10.73 11.17 10.95 11.17 6.28 6.94
14.60 17.81 18.76 18.76 18.47 21.53 24.60 26.86 22.48 21.90 22.41 20.81 14.24 14.31 14.02 15.18 13.36 20.37 20.37 20.73 23.51 22.78 20.08 24.72 25.49 22.27 23.19 24.53 22.78 22.63 21.61 17.89 8.25 8.98 5.04 4.53 4.38 1.24 2.19 2.26 2.41 0.58 0.00 0.00 0.00 0.00 0.00 0.00 0.00 0.00 0.00 0.00 0.00 0.00 0.00 2.99 2.41 4.09 8.47 11.61 18.40 19.71 18.10 17.96 18.69 17.96 19.93 18.25 18.25 17.81 19.42 18.10 18.40 17.59 14.53 12.41 11.24 13.29 12.26 12.99 11.24 9.86 7.30 5.55
19.35 19.49 19.56 18.47 19.05 18.61 20.81 18.61 17.37 16.13 7.66 9.13 8.69 10.00 3.36 10.44 9.20 15.70 15.70 14.82 17.81 13.27 11.89 21.15 19.44 19.52 25.72 24.48 26.11 23.99 24.24 21.46 22.27 20.08 12.19 9.13 9.78 5.77 6.64 1.83 0.44 0.58 0.00 0.00 0.00 0.00 0.00 0.00 0.00 0.00 0.00 0.00 0.00 0.00 0.00 0.00 2.99 3.65 7.37 7.88 16.57 21.53 27.08 25.99 22.56 20.44 21.32 26.06 26.06 24.24 20.73 21.17 18.40 19.13 16.86 12.92 12.48 14.82 12.99 13.87 13.65 11.17 11.17 14.82
18.98 19.64 18.47 17.81 16.57 17.08 16.43 16.64 15.48 12.99 7.52 5.91 4.23 0.00 0.00 4.89 6.42 8.18 8.18 9.63 4.65 4.15 3.24 10.51 10.82 10.51 13.77 26.90 26.83 23.60 25.16 25.19 25.70 23.58 24.75 17.81 16.50 8.76 5.69 6.35 2.48 0.00 0.00 0.00 0.00 0.00 0.00 0.00 0.00 0.00 0.00 0.00 0.00 0.00 0.00 1.61 1.24 2.63 6.28 8.47 17.52 24.16 26.21 30.00 25.62 29.20 27.81 26.65 26.65 24.16 21.75 19.27 17.96 18.76 18.54 16.86 18.54 16.72 17.37 17.01 17.59 16.72 16.72 16.72
18.98 19.64 18.47 17.81 16.57 17.08 16.43 16.64 15.48 12.99 7.52 5.91 4.23 0.00 0.00 4.89 6.42 8.18 8.22 9.94 4.72 4.44 3.15 10.78 10.66 10.51 13.36 25.00 25.07 23.96 25.42 26.23 28.87 24.95 25.38 17.81 16.50 8.76 5.69 6.35 2.48 0.00 0.00 0.00 0.00 0.00 0.00 0.00 0.00 0.00 0.00 0.00 0.00 0.00 0.00 1.61 1.24 2.63 6.28 8.47 17.52 24.16 26.21 30.00 25.62 29.20 27.81 26.65 26.65 24.16 21.75 19.27 17.96 18.76 18.54 16.86 18.54 16.72 17.37 17.01 17.59 16.72 16.72 16.72
19.13 19.56 18.76 17.23 14.38 15.11 14.97 12.56 12.70 9.86 9.78 6.86 6.64 0.00 5.91 5.33 6.94 14.24 14.24 7.30 8.98 2.41 1.10 0.52 5.09 4.65 5.38 17.09 17.52 17.53 17.11 25.04 27.59 27.32 26.87 27.08 15.63 17.30 9.05 4.89 4.45 4.74 2.48 2.48 0.22 0.00 0.00 0.00 0.00 0.00 0.00 0.00 0.00 0.00 0.00 0.00 0.00 0.00 2.63 3.65 9.13 19.86 28.76 28.18 31.10 31.39 28.76 24.82 24.82 25.70 22.41 18.91 18.03 16.28 19.27 18.98 16.94 17.74 17.81 18.18 14.38 15.77 15.26 17.81
18.32 18.98 18.18 16.64 13.87 12.85 11.39 11.24 12.05 12.48 10.29 11.10 8.76 6.20 7.45 12.85 16.35 16.43 16.43 11.15 6.35 4.26 0.00 1.53 1.54 2.08 2.12 1.74 8.72 11.65 9.20 12.85 21.10 27.51 27.08 27.31 28.01 25.09 18.25 12.56 9.86 5.48 6.50 6.50 2.19 0.80 0.07 0.00 0.00 0.66 0.00 0.00 0.00 0.00 0.00 0.00 0.00 0.00 0.00 3.94 0.00 5.84 6.50 18.25 27.52 28.03 25.84 24.75 24.75 22.12 17.30 13.80 15.11 12.34 17.30 15.26 14.97 13.87 10.44 10.80 10.44 13.07 15.33 17.01
20.29 19.93 19.05 16.13 17.45 14.16 15.26 12.34 11.68 15.33 11.83 11.53 5.62 7.23 6.28 11.97 15.48 8.98 8.98 10.80 7.52 4.82 2.92 3.14 2.12 0.58 0.66 2.21 2.01 6.92 9.20 8.47 8.47 19.78 24.44 23.03 29.68 28.47 27.45 20.15 18.91 12.12 4.16 4.16 5.62 1.61 0.15 0.00 0.22 0.15 0.00 0.00 0.00 0.00 0.00 0.00 0.00 0.00 0.00 0.00 0.00 0.00 0.00 13.21 25.48 25.48 19.71 20.44 20.44 14.31 11.10 8.03 11.32 9.78 9.20 9.42 10.95 11.53 11.90 11.90 12.34 14.02 15.18 14.60
18.76 20.95 21.75 19.56 18.91 17.45 16.86 15.11 16.64 16.72 14.53 15.77 10.29 11.90 12.48 11.32 8.76 6.57 6.57 2.99 4.53 4.82 2.63 2.41 2.56 3.65 0.00 0.00 0.88 3.80 4.60 4.82 3.94 2.77 14.89 21.68 28.24 28.29 28.46 27.43 22.48 21.32 9.56 9.56 3.87 2.12 2.41 1.31 1.02 1.24 1.39 0.51 0.00 0.00 0.00 0.00 0.00 0.00 3.87 1.75 3.58 0.00 5.55 3.50 8.69 10.51 15.91 8.54 8.54 10.95 5.55 7.37 9.34 6.06 5.84 8.10 10.00 10.66 13.07 13.14 11.90 12.12 13.36 8.40
14.75 16.43 12.92 15.99 16.57 14.67 13.07 12.12 12.46 11.39 11.68 16.06 14.97 13.14 12.19 4.67 5.33 3.94 3.94 0.00 2.56 3.07 2.99 3.94 4.74 2.77 3.65 0.00 0.00 0.00 0.00 0.95 0.00 0.00 0.00 0.00 20.08 21.97 22.16 24.26 21.28 17.45 15.70 15.70 16.35 12.99 11.61 9.78 7.66 8.32 4.38 2.34 1.31 1.24 1.53 0.00 0.00 0.00 4.31 6.06 6.57 2.70 0.00 0.00 2.85 0.00 4.67 6.42 6.42 0.00 3.29 1.75 4.74 3.29 4.09 6.79 9.13 10.73 6.50 7.23 8.32 4.16 5.62 6.35
13.51 12.92 13.07 13.14 13.65 10.95 14.75 12.56 15.50 9.93 10.29 9.05 8.47 10.73 2.34 0.00 0.00 0.00 0.00 0.00 0.00 4.09 5.48 5.18 5.48 3.43 0.00 0.00 0.00 0.00 0.00 0.00 0.00 0.00 0.00 0.00 0.00 13.20 15.11 15.62 16.00 13.72 14.53 14.53 14.09 14.09 14.82 13.65 12.70 7.74 9.20 4.16 1.31 0.00 0.00 0.00 0.00 0.00 0.00 4.96 4.60 4.09 1.24 1.46 1.02 0.00 0.00 0.00 0.00 0.00 2.12 0.00 1.53 2.63 1.97 5.11 2.70 2.56 2.56 4.02 1.24 2.41 5.04 2.85
13.51 12.92 13.07 13.14 13.65 10.95 14.75 12.56 15.11 9.93 10.29 9.05 8.47 10.73 2.34 0.00 0.00 0.00 0.00 0.00 0.00 4.09 5.48 5.18 5.48 3.43 0.00 0.00 0.00 0.00 0.00 0.00 0.00 0.00 0.00 0.00 0.00 13.13 15.26 15.62 15.84 13.72 14.53 14.53 14.09 14.09 14.82 13.65 12.70 7.74 9.20 4.16 1.31 0.00 0.00 0.00 0.00 0.00 0.00 4.96 4.60 4.09 1.24 1.46 1.02 0.00 0.00 0.00 0.00 0.00 2.12 0.00 1.53 2.63 1.97 5.11 2.70 2.56 2.56 4.02 1.24 2.41 5.04 2.85
20.37 14.97 11.17 8.47 11.53 10.22 15.70 17.05 17.34 12.12 6.94 7.01 4.53 1.68 2.41 0.00 0.00 0.00 0.00 0.00 0.00 2.34 4.31 5.84 4.02 4.82 0.44 0.37 0.00 0.00 0.00 0.00 0.00 0.00 0.00 0.00 0.58 0.15 0.88 1.61 1.02 5.48 6.50 6.50 9.13 11.39 12.99 12.48 15.26 14.09 8.25 10.00 4.96 6.06 0.00 0.00 0.00 0.00 3.50 4.16 0.00 4.53 3.50 1.97 1.61 0.00 0.00 0.00 0.00 0.00 0.00 0.00 0.00 0.00 0.00 0.00 0.00 0.00 0.00 0.00 0.00 0.95 3.07 1.10
