Wansh/Snow_depth/snowdepth-1994/winter/1995040.txt
ncols 321
nrows 161
xllcenter 60
yllcenter 15 
cellsize  0.25 
NODATA_value -1
[rows 74 to 110 of 161, columns 84 to 167 of 321]
0.00 0.00 0.00 3.43 4.45 3.07 1.61 1.10 1.39 0.07 0.00 0.00 0.58 0.80 0.00 1.24 0.00 0.00 0.00 0.00 0.00 0.00 0.00 0.00 0.00 2.92 0.00 1.90 1.46 1.61 1.90 1.17 1.24 2.04 1.31 0.15 0.80 0.88 3.14 1.75 1.46 1.39 1.17 1.17 0.22 0.51 1.39 1.39 2.48 2.19 1.10 2.92 3.14 2.57 2.83 2.41 1.83 3.07 3.43 2.63 1.68 0.00 0.00 0.00 0.66 0.00 0.00 4.02 4.02 5.50 6.38 3.14 2.41 0.00 0.00 0.00 0.00 0.00 0.51 2.48 0.88 2.49 2.92 2.04
2.34 2.26 1.31 2.85 2.77 2.77 2.26 1.83 1.24 0.00 0.00 0.00 0.00 0.00 0.00 0.00 0.00 0.00 0.00 0.00 0.00 0.00 0.00 0.00 0.00 2.99 0.00 0.00 0.00 2.26 2.19 0.00 1.31 2.34 2.26 1.75 1.83 2.48 2.77 3.07 1.90 1.90 1.10 1.10 0.00 0.15 0.07 1.24 0.88 1.10 0.66 1.97 1.90 1.24 2.26 2.26 1.90 2.85 2.56 2.56 1.31 1.68 1.75 1.31 0.80 0.44 0.00 0.00 0.00 5.58 7.01 4.67 1.17 0.00 0.00 0.00 0.22 0.22 0.66 0.66 0.00 0.00 1.61 1.19
1.02 1.02 0.88 0.44 1.53 1.68 1.24 1.83 2.99 0.00 0.00 0.00 0.00 0.00 2.77 2.48 0.00 0.00 0.00 0.00 0.00 0.00 0.00 0.00 0.00 0.00 0.00 0.00 0.00 0.00 0.00 0.00 2.34 2.92 2.26 2.04 1.83 2.26 2.12 2.56 3.07 1.90 0.95 0.95 0.66 0.37 1.10 1.17 0.73 0.66 0.80 0.66 0.80 0.44 1.10 1.75 0.80 1.68 1.46 2.26 0.88 0.66 0.73 0.88 0.15 0.66 0.95 5.55 5.55 5.11 4.67 3.21 1.83 1.31 0.37 0.15 1.10 1.24 0.00 0.00 0.00 0.00 0.51 0.30
0.00 0.22 0.44 0.95 0.51 1.46 1.17 0.00 0.00 0.00 0.00 0.00 2.56 3.36 3.58 3.29 3.21 0.00 0.00 0.00 0.00 0.00 0.00 0.00 0.00 0.00 0.00 0.00 0.00 0.00 0.00 2.19 1.97 2.48 1.83 2.04 2.34 1.90 0.00 0.00 0.00 0.00 1.61 1.61 0.37 0.00 1.39 0.00 0.00 0.00 0.00 0.00 0.29 1.17 0.88 0.51 0.51 0.51 0.95 0.66 0.51 0.58 0.44 0.95 0.51 1.68 2.34 3.72 3.72 3.07 3.72 4.02 3.43 2.48 2.04 0.66 0.29 0.00 0.00 0.00 0.00 0.00 0.22 0.00
0.95 0.00 0.00 0.00 0.00 0.00 0.00 0.00 0.00 0.00 0.00 0.00 2.56 2.99 0.00 3.07 3.07 0.00 0.00 0.00 0.00 0.00 0.00 0.00 0.00 0.00 0.00 0.00 0.00 0.00 0.00 0.00 2.12 1.61 0.00 0.00 0.00 0.00 0.00 0.00 0.00 0.00 0.00 0.00 0.00 0.00 0.00 0.00 0.00 0.00 0.00 0.00 0.00 0.00 0.00 1.31 0.58 1.68 1.02 0.00 0.00 1.46 0.00 0.00 1.10 0.66 1.17 2.26 2.26 1.83 2.19 2.12 3.14 3.29 0.37 0.15 0.00 0.00 0.00 0.00 0.00 0.00 1.61 0.07
0.00 0.00 0.00 0.00 0.00 0.00 0.00 2.77 0.00 3.14 2.26 2.04 2.56 2.26 2.63 0.00 0.00 0.00 0.00 0.00 0.00 0.00 0.00 0.00 0.00 0.00 0.00 0.00 0.00 0.00 0.00 0.00 0.00 0.00 0.00 0.00 0.00 0.00 0.00 0.00 0.00 0.00 0.00 0.00 0.00 0.00 0.00 0.00 0.00 0.00 0.00 0.00 0.00 0.00 0.00 0.00 1.17 0.00 0.00 2.41 3.07 0.00 2.70 0.00 0.00 1.68 0.44 0.22 0.22 0.44 1.39 2.26 0.66 1.17 0.37 0.00 0.00 0.00 0.00 0.00 0.00 0.00 0.29 0.51
0.00 0.00 0.00 0.00 0.00 0.00 0.00 2.63 2.92 3.65 3.58 3.43 2.41 2.63 2.77 2.34 1.24 0.00 0.00 0.00 0.00 0.00 0.00 0.00 0.00 0.00 0.00 0.00 0.00 0.00 0.00 0.00 0.00 0.00 0.00 0.00 0.00 0.00 0.00 0.00 0.00 0.00 0.00 0.00 0.00 0.00 0.00 0.00 0.00 0.00 0.00 0.00 0.00 0.00 0.00 0.00 0.00 0.00 1.39 2.56 2.63 3.36 3.21 3.50 3.21 0.00 0.00 0.00 0.00 0.00 0.00 0.29 1.68 2.34 2.19 1.54 0.00 0.46 0.00 0.00 0.00 0.00 0.73 0.80
0.00 0.00 0.00 0.00 0.00 0.00 0.00 0.00 0.00 0.00 4.16 2.92 0.00 2.34 2.34 0.00 0.00 0.00 0.00 0.00 0.00 0.00 0.00 0.00 0.00 0.00 0.00 0.00 0.00 3.87 2.99 0.00 0.00 0.00 0.00 0.00 0.00 0.00 0.00 0.00 0.00 0.00 0.00 0.00 0.00 0.00 0.00 0.00 0.00 0.00 0.00 0.00 0.00 0.00 0.80 0.37 0.00 0.29 1.24 1.90 2.56 2.70 2.63 2.48 0.29 0.00 0.00 0.00 0.00 0.29 0.00 1.53 2.04 2.41 3.07 2.42 0.22 0.38 0.38 0.90 0.00 0.00 0.29 2.77
0.73 0.00 0.00 0.00 0.00 0.00 0.00 0.00 0.00 0.00 3.94 4.60 0.00 0.00 4.16 4.38 0.00 0.00 0.00 0.00 0.00 0.00 0.00 0.00 0.00 0.00 0.00 0.00 0.00 0.00 0.00 0.00 0.00 0.00 0.00 0.00 0.00 0.00 0.00 1.24 0.00 0.66 0.00 0.00 0.00 0.00 0.00 0.00 0.00 0.00 0.00 0.00 0.00 0.00 0.37 1.17 0.00 0.15 0.29 1.02 1.75 1.75 1.90 1.10 1.24 0.00 0.22 0.80 0.80 0.00 0.51 1.39 1.75 1.90 2.99 2.41 1.17 0.73 0.73 1.54 0.44 1.46 0.58 1.90
0.66 0.88 0.51 0.00 0.00 0.00 0.00 0.00 0.00 0.00 0.00 0.00 4.31 3.80 3.72 4.16 3.87 0.00 0.00 0.00 0.00 0.00 0.00 0.00 0.00 0.00 0.07 0.44 0.00 0.00 0.00 0.00 0.00 0.00 0.00 0.66 0.00 0.00 0.58 0.00 0.00 0.00 0.00 0.00 0.00 0.00 0.00 0.00 0.00 0.00 0.00 0.00 0.00 0.15 1.17 1.61 0.51 0.29 0.00 0.29 0.58 1.17 2.12 1.10 0.66 0.37 1.02 1.46 1.46 0.88 0.00 0.07 1.61 1.97 1.97 2.85 2.34 1.75 1.68 1.97 1.83 1.83 1.10 1.61
1.90 0.51 0.00 0.00 0.00 0.00 0.00 0.00 0.00 0.00 3.36 3.50 0.00 3.65 4.02 3.50 0.00 0.00 0.00 0.00 0.00 4.31 0.00 0.00 0.00 1.17 0.00 1.90 0.00 0.00 0.00 0.00 0.00 0.00 0.00 0.00 0.00 0.00 0.22 0.22 0.00 0.00 0.00 0.00 0.00 0.00 0.00 0.00 0.00 0.00 0.00 0.00 0.00 0.22 0.88 1.10 0.88 0.66 0.29 0.22 0.22 1.17 1.61 1.17 1.24 0.29 1.46 1.61 1.61 1.10 0.51 0.66 0.95 1.31 2.48 1.68 2.56 2.85 2.34 2.63 1.75 2.41 2.85 1.83
0.00 0.88 0.00 0.58 1.46 0.00 0.00 0.00 3.65 3.14 0.00 0.00 0.00 0.00 3.87 3.72 0.00 0.00 0.00 0.00 0.00 4.45 5.04 0.00 0.00 0.00 0.80 0.58 0.00 0.00 0.00 0.00 0.00 0.00 0.00 0.00 0.00 0.00 0.00 0.00 0.00 0.00 0.00 0.00 0.00 0.00 0.00 0.00 0.00 0.22 0.29 0.00 0.00 0.51 0.80 1.24 0.95 0.15 0.00 0.80 0.44 0.67 1.05 1.83 1.39 1.24 1.31 1.46 1.46 1.90 1.31 3.36 2.34 1.02 1.39 1.02 1.31 1.75 2.63 2.56 3.94 2.56 3.87 0.73
0.88 1.61 1.83 2.04 1.90 0.00 0.00 0.00 0.00 0.00 0.00 2.34 3.80 3.87 3.94 0.00 0.00 0.00 0.00 4.31 3.94 4.53 0.00 0.00 0.00 0.00 1.46 1.61 1.39 2.77 0.00 0.00 0.00 0.00 0.00 0.00 0.00 0.00 0.00 0.00 0.00 0.00 0.00 0.00 0.22 1.02 0.51 0.22 0.29 1.24 0.37 0.00 0.00 0.44 2.26 2.56 2.56 3.14 1.53 3.07 1.68 2.41 1.64 1.83 1.90 2.26 2.48 3.07 3.07 2.12 6.86 7.66 7.45 5.91 1.61 1.02 1.24 1.68 1.75 3.43 4.82 3.50 2.19 1.46
1.17 1.97 1.97 1.75 2.26 0.00 0.00 0.00 0.00 0.00 0.00 2.19 3.65 4.45 3.07 2.56 0.00 4.23 4.23 3.72 3.43 2.63 0.00 0.00 0.00 0.00 0.00 0.00 2.56 0.00 0.00 0.00 0.00 0.00 0.00 0.00 0.00 0.00 2.56 1.53 1.46 0.29 0.88 0.88 0.88 1.02 0.88 0.22 1.02 0.73 0.80 1.31 0.00 1.61 1.90 2.99 2.63 3.36 4.89 3.50 2.56 1.75 1.39 1.53 1.93 3.87 3.14 6.35 6.35 5.04 4.96 6.35 6.94 5.26 3.50 2.19 1.97 2.56 2.41 3.87 5.18 5.11 2.77 1.61
0.95 1.53 1.24 0.00 0.00 0.00 0.00 3.07 0.00 0.00 0.00 0.00 2.92 3.21 3.72 2.77 2.41 0.00 0.00 3.29 2.41 2.85 1.90 2.34 0.00 0.00 0.00 0.00 0.00 0.00 0.00 0.00 2.04 2.04 0.00 1.53 0.00 2.77 2.26 2.26 1.61 1.53 0.80 0.80 1.68 0.80 1.17 0.73 0.95 0.88 0.58 1.10 1.31 2.77 1.39 2.85 2.12 3.80 3.58 3.94 2.41 2.92 2.63 2.26 2.29 8.34 6.35 4.23 4.23 3.58 3.87 5.48 5.33 4.96 5.11 3.14 2.48 4.31 4.16 5.91 5.91 5.33 5.11 2.56
1.10 0.51 0.00 0.00 0.00 0.00 0.00 0.00 0.00 0.00 0.00 0.00 0.00 0.00 0.00 2.63 2.26 0.00 0.00 0.00 2.56 2.48 0.00 0.00 0.00 0.00 0.00 0.00 1.39 0.00 0.00 0.00 2.26 2.77 2.12 0.00 0.00 0.00 0.00 0.00 1.68 0.00 2.12 2.12 1.10 1.68 2.19 2.04 1.31 0.88 1.68 1.39 1.68 4.45 4.38 3.14 3.29 4.60 3.85 2.95 2.48 4.02 5.14 5.26 11.41 11.74 9.07 7.81 7.81 2.92 3.43 3.80 4.67 3.80 3.80 3.94 4.89 5.48 4.16 4.97 6.41 4.74 4.33 2.35
0.88 0.29 0.73 0.00 0.00 0.00 0.00 0.00 0.00 0.00 0.00 0.00 0.00 0.00 0.00 0.00 2.34 0.00 0.00 0.00 0.00 0.00 0.00 0.00 0.00 0.00 0.00 0.00 0.00 0.00 0.00 0.00 0.00 0.00 2.12 0.00 0.00 0.00 0.00 0.00 0.00 0.00 0.15 0.15 0.44 0.66 2.56 1.31 0.73 0.80 2.92 4.53 6.64 7.01 5.62 5.40 5.04 7.59 6.50 4.38 3.39 6.64 8.92 7.37 10.59 10.29 7.98 8.97 8.68 3.15 2.63 3.21 3.80 3.29 3.65 2.92 3.50 4.67 3.75 3.59 3.58 3.69 2.99 3.18
1.24 0.22 0.73 1.10 0.00 0.00 0.37 0.44 0.00 0.00 0.00 0.00 0.00 0.00 0.00 0.00 0.00 0.00 0.00 0.00 0.00 0.00 0.00 0.00 0.00 0.00 0.00 0.00 0.00 0.00 0.00 0.00 0.00 0.00 0.00 0.00 0.00 0.00 0.00 0.00 0.00 0.00 0.00 0.00 0.00 0.00 1.39 1.31 0.88 1.02 3.72 3.14 7.88 8.54 8.91 8.54 7.88 12.19 11.28 9.00 5.77 5.04 6.63 3.50 6.69 7.97 5.33 2.92 2.93 3.30 2.42 1.83 3.94 4.02 2.71 3.50 2.99 3.50 4.18 4.08 3.79 2.26 3.41 4.92
0.15 0.15 0.44 0.88 0.58 0.00 0.00 0.73 0.00 0.00 0.00 0.00 0.00 0.00 0.00 0.00 0.00 0.00 0.00 0.00 0.00 0.00 0.00 0.00 0.00 0.00 0.00 0.00 0.00 0.00 0.00 0.00 0.00 0.00 0.00 0.00 0.00 0.00 0.00 0.00 0.00 0.00 0.00 0.00 0.00 0.00 0.37 1.02 1.10 2.12 3.43 4.45 7.01 9.49 11.83 13.36 11.46 18.40 12.78 8.09 9.07 3.97 3.17 2.34 4.41 5.87 4.64 0.88 0.88 0.38 0.85 4.36 5.28 4.52 3.30 5.31 4.02 3.63 5.04 3.95 2.84 4.14 3.69 6.48
0.58 0.37 0.37 0.15 0.66 0.95 0.88 0.00 0.00 0.00 0.00 0.00 0.00 0.00 0.00 0.00 0.51 0.37 0.37 0.00 0.00 0.00 0.00 0.00 0.00 0.00 0.00 0.00 0.00 0.00 0.00 0.00 0.00 0.00 0.00 0.00 0.00 0.00 0.00 0.00 0.00 0.00 0.00 0.00 0.00 0.95 0.88 1.75 1.39 2.48 3.72 4.16 7.59 9.64 12.99 13.65 16.70 18.10 15.70 12.48 10.44 7.06 3.28 2.07 2.72 3.89 2.93 1.02 1.02 0.74 0.90 3.40 4.22 5.36 5.78 6.53 6.28 4.22 2.98 2.48 2.83 3.54 6.49 5.82
0.58 0.51 0.15 0.58 0.29 0.22 1.02 0.00 0.00 0.00 0.51 0.00 0.00 0.00 0.00 0.00 0.00 0.00 0.00 0.00 0.00 0.00 0.00 0.00 0.00 0.00 0.00 0.00 0.00 0.00 0.00 0.00 0.00 0.00 0.00 0.00 0.00 0.00 0.00 0.00 0.00 0.00 0.00 0.00 0.00 0.73 1.31 1.61 1.83 3.80 4.31 6.86 6.85 9.26 12.92 14.38 15.50 17.08 17.08 15.26 9.78 6.24 1.69 2.58 1.65 3.15 2.32 1.61 1.61 0.93 2.14 1.70 2.58 5.09 7.72 6.42 5.29 3.93 2.89 2.22 1.92 2.75 6.39 6.38
2.19 0.88 0.00 0.73 0.73 1.02 0.15 0.00 0.00 0.00 0.00 0.00 0.00 0.00 0.00 0.22 0.00 0.00 0.00 0.00 2.12 0.00 0.00 0.00 0.00 0.00 0.00 0.00 0.00 0.00 0.00 0.00 0.00 0.00 0.00 0.00 0.00 0.00 0.00 0.00 0.00 0.00 0.00 0.00 0.00 0.88 1.31 2.26 7.59 7.23 10.73 9.56 10.80 14.52 11.37 10.39 12.02 12.18 14.45 5.97 3.52 2.35 1.50 1.24 1.11 2.09 2.55 0.00 0.00 0.74 1.50 0.81 1.08 3.34 4.99 4.33 4.92 3.11 3.14 2.22 2.09 4.61 6.52 7.50
1.83 0.00 0.00 0.00 1.68 1.53 1.53 2.19 1.90 0.15 0.15 0.00 0.00 0.00 0.00 0.00 0.00 0.00 0.00 0.00 0.00 0.00 0.00 0.00 0.00 0.00 0.00 0.00 0.73 0.00 0.00 0.00 0.00 0.00 0.00 0.00 0.00 0.00 0.00 0.00 3.80 5.91 2.77 2.77 0.58 5.11 4.82 10.80 11.24 12.34 14.16 12.26 13.58 14.82 12.14 9.73 7.04 7.80 8.90 4.33 3.47 1.67 1.88 0.77 2.13 0.91 0.53 0.89 0.88 0.96 0.87 1.89 3.54 3.95 3.43 3.08 2.59 2.38 2.65 2.34 1.66 3.46 5.64 6.78
2.92 0.00 0.00 1.39 2.41 2.26 2.12 2.41 1.90 2.77 1.53 0.00 0.00 0.00 0.00 0.00 0.00 0.00 0.00 0.00 0.00 0.00 0.00 0.00 0.37 0.73 0.00 1.97 0.88 0.73 0.00 0.22 1.10 0.88 1.10 0.80 0.00 0.00 0.00 0.00 12.34 13.80 8.25 8.25 4.53 10.66 8.47 15.04 15.04 14.53 17.01 16.38 15.98 13.88 11.46 10.34 8.91 7.74 8.23 4.43 3.37 2.46 4.59 2.04 3.85 0.32 0.96 0.90 0.88 0.80 0.80 1.97 3.34 4.98 5.28 3.65 2.98 3.23 1.79 1.79 3.65 3.22 4.25 4.65
4.82 4.16 2.56 2.56 4.67 4.82 6.20 6.13 5.69 0.00 0.88 0.00 0.44 0.80 0.00 0.00 0.15 0.15 0.15 0.00 0.44 0.00 0.00 0.00 0.51 2.48 0.80 0.95 1.75 1.02 0.73 0.22 0.22 1.31 1.83 1.61 1.46 2.04 3.94 1.68 3.80 5.26 5.26 5.26 8.18 12.26 14.45 13.72 16.35 16.72 15.13 16.78 16.06 11.48 10.82 9.00 11.04 11.34 10.01 10.93 11.08 9.23 7.69 8.20 4.09 3.23 2.46 2.32 2.29 0.80 0.00 0.30 2.63 7.82 8.69 9.20 4.39 2.31 1.33 0.79 1.26 2.10 3.28 4.70
4.89 4.38 4.23 5.33 5.48 6.42 6.28 7.01 6.64 3.80 0.00 0.29 0.22 0.73 0.73 0.44 1.90 0.44 0.44 0.00 0.07 0.44 0.00 0.73 1.24 1.02 0.22 0.22 1.31 0.80 1.02 0.22 0.58 0.29 1.39 1.97 1.97 2.41 1.31 0.00 0.37 4.38 1.90 1.90 4.02 8.61 11.68 11.61 13.70 13.92 13.55 12.15 11.42 11.77 11.31 10.74 9.73 10.34 7.18 9.60 12.90 14.07 12.00 8.13 4.89 3.14 3.01 2.01 1.98 1.53 0.58 0.96 3.87 8.74 10.33 9.64 6.12 2.70 1.29 0.74 0.00 0.82 2.61 3.42
4.38 4.09 4.89 4.09 4.74 5.69 6.06 4.96 6.35 4.31 0.00 0.00 0.00 0.00 1.83 1.24 1.31 1.75 1.75 0.00 0.00 0.00 0.00 0.80 0.00 0.73 0.15 0.00 0.58 1.46 1.02 0.66 0.66 0.29 1.17 2.63 3.29 0.73 1.31 0.29 0.51 1.46 0.07 0.07 1.39 3.14 5.77 7.74 11.92 13.24 13.92 12.55 11.72 10.29 11.66 11.62 9.53 8.33 9.92 12.20 13.03 14.90 14.16 9.56 4.89 2.98 3.13 2.49 2.77 2.81 1.71 2.37 2.40 6.36 11.38 6.49 5.91 3.58 0.81 0.00 0.61 1.12 2.02 3.37
3.14 2.56 3.07 2.92 3.50 5.48 5.33 5.06 5.18 5.11 0.00 2.04 0.00 1.10 0.00 1.83 1.75 1.61 1.61 1.68 0.44 0.51 0.00 0.66 0.00 0.00 0.00 0.00 0.29 1.10 1.31 0.00 0.00 0.88 0.00 1.31 1.97 0.22 0.07 0.00 0.00 0.07 0.51 0.51 2.48 3.07 2.92 6.60 10.29 14.20 13.79 14.14 12.92 14.70 8.76 9.86 6.22 6.27 6.89 11.16 11.51 15.16 13.72 10.00 7.52 5.41 4.01 2.98 2.87 2.41 1.02 1.12 1.22 3.30 8.03 3.89 3.34 0.54 0.46 0.16 1.46 1.58 3.12 5.72
0.00 0.00 0.00 0.00 0.00 3.29 4.38 4.53 4.38 2.70 3.58 3.36 0.00 0.00 0.00 0.95 1.17 0.95 0.95 1.31 1.17 1.17 1.24 0.58 0.00 0.00 0.00 0.15 0.00 0.00 0.22 0.00 0.00 0.00 0.00 0.00 0.66 0.00 0.00 0.00 0.00 0.00 0.00 0.00 1.02 2.04 3.14 5.84 10.07 11.97 14.30 13.61 11.87 11.08 8.38 7.25 5.33 2.86 9.05 9.13 8.62 10.43 12.19 11.01 7.78 7.83 5.58 4.45 4.48 2.90 3.65 0.40 1.42 2.06 4.79 2.01 1.64 1.10 0.00 0.00 0.90 4.37 6.58 6.65
0.00 0.00 0.00 0.00 0.00 5.18 3.36 3.65 4.02 3.07 3.43 4.38 3.58 1.68 0.00 1.75 0.88 1.17 1.17 0.58 0.29 0.44 0.37 0.00 0.00 0.00 0.00 0.00 0.00 0.00 0.00 0.00 0.00 0.00 0.00 0.00 0.00 0.00 0.00 0.00 0.00 0.00 0.00 0.00 0.44 1.53 2.05 4.74 9.41 12.49 11.15 12.59 14.81 12.18 6.45 6.47 5.26 0.00 5.55 9.13 9.70 9.67 11.86 11.97 11.01 10.95 9.57 6.91 8.08 4.28 3.38 2.90 1.98 0.88 0.82 1.33 1.46 0.66 0.70 0.24 3.30 5.38 7.22 6.19
0.00 0.00 0.00 0.00 0.00 0.00 0.00 3.21 4.67 3.87 4.09 4.45 5.48 3.29 2.19 2.26 4.02 2.04 2.04 0.22 0.15 0.51 0.00 0.00 0.00 0.00 0.00 0.00 0.00 0.00 0.00 0.00 0.00 0.00 0.00 0.00 0.00 0.07 0.00 0.00 0.00 0.15 0.37 0.37 0.00 0.80 2.13 5.40 6.04 8.87 8.78 11.41 12.55 6.85 6.97 5.64 0.00 0.00 7.54 7.30 12.15 10.58 11.94 13.94 12.37 12.86 12.78 10.58 11.85 9.42 6.28 3.86 1.67 0.88 1.40 1.03 1.49 1.02 0.08 0.48 2.49 4.74 8.32 3.44
0.00 0.00 0.00 0.00 0.00 0.00 0.00 0.00 3.72 2.77 3.87 4.74 5.40 7.08 4.45 4.67 5.09 3.36 3.36 0.00 0.00 1.02 0.00 0.00 0.00 0.00 0.37 0.80 0.07 0.00 0.00 0.00 0.00 0.00 0.00 0.00 0.00 0.73 0.00 0.00 0.00 1.31 0.95 0.95 0.73 0.73 0.22 1.42 3.82 7.46 9.15 10.62 9.67 5.18 4.83 4.19 0.00 0.00 6.02 0.00 8.47 13.41 10.49 12.82 13.67 13.56 13.98 12.69 12.96 12.57 10.34 3.31 3.08 1.35 1.46 1.80 0.71 2.15 0.74 0.00 0.00 2.37 3.12 2.65
0.00 0.00 0.00 0.00 0.00 0.00 0.00 0.00 3.36 0.00 0.00 5.48 3.80 5.99 5.04 5.65 6.06 5.40 5.04 1.46 1.97 2.70 1.39 0.00 0.29 1.24 0.51 0.95 0.73 0.00 0.00 0.00 0.00 0.00 0.00 0.00 0.88 0.00 0.00 0.00 0.58 2.77 1.46 1.46 1.17 0.29 0.22 1.62 5.04 8.36 11.60 10.52 0.00 0.00 0.00 0.00 0.00 0.00 0.00 0.00 0.00 8.86 9.13 9.65 12.23 15.56 14.29 13.74 16.79 9.83 6.09 5.35 4.24 2.42 1.87 2.20 2.87 0.37 0.00 0.30 0.09 0.84 0.00 0.00
0.00 0.00 0.00 0.00 0.00 0.00 0.00 0.00 0.00 0.00 0.00 0.00 0.00 0.00 0.00 0.00 0.00 5.43 5.51 3.87 4.96 3.94 4.60 4.02 3.14 2.92 3.14 5.40 2.41 3.72 3.50 2.41 1.02 3.36 1.46 6.94 7.37 6.72 8.03 6.31 6.55 6.19 5.48 5.48 3.50 5.33 3.36 3.74 3.86 0.00 0.00 0.00 0.00 0.00 0.00 0.00 0.00 0.00 0.00 0.00 0.00 0.00 5.61 6.36 11.40 11.97 11.78 6.02 6.73 7.45 9.82 4.93 4.96 2.64 2.79 3.24 2.04 1.46 0.00 0.00 0.00 0.00 0.00 0.00
0.00 0.00 0.00 0.00 0.00 0.00 0.00 0.00 0.00 0.00 0.00 0.00 0.00 0.00 0.00 0.00 0.00 0.00 0.00 0.00 2.42 5.37 5.04 5.04 5.18 6.29 4.79 5.99 4.67 3.43 5.62 5.77 4.74 5.48 6.42 8.61 8.40 8.40 9.34 8.98 6.80 5.64 7.37 8.24 6.28 5.91 6.06 2.62 3.03 0.00 0.00 0.00 0.00 0.00 0.00 0.00 0.00 0.00 0.00 0.00 0.00 0.00 0.00 0.00 0.00 6.70 0.00 0.00 0.00 5.21 7.09 4.80 4.56 0.00 0.00 2.77 1.57 1.94 0.00 0.00 0.00 0.00 0.00 0.00
0.00 0.00 0.00 0.00 0.00 0.00 0.00 0.00 0.00 0.00 0.00 0.00 0.00 0.00 0.00 0.00 0.00 0.00 0.00 0.00 0.00 0.00 5.26 5.77 4.74 5.43 5.74 6.79 5.77 5.99 4.82 5.84 7.11 6.42 4.09 4.84 4.82 4.23 5.48 5.77 0.00 2.77 5.60 7.11 8.73 6.99 5.50 2.33 0.00 0.00 0.00 0.00 0.00 0.00 0.00 0.00 0.00 0.00 0.00 0.00 0.00 0.00 0.00 0.00 0.00 0.00 0.00 0.00 0.00 0.00 0.00 0.00 3.06 0.00 0.00 2.01 1.65 2.07 0.00 0.00 0.00 0.00 0.00 0.00
0.00 0.00 0.00 0.00 0.00 0.00 0.00 0.00 0.00 0.00 0.00 0.00 0.00 0.00 0.00 0.00 0.00 0.00 0.00 0.00 0.00 0.00 0.00 4.02 5.11 0.00 3.14 2.48 5.18 5.26 4.23 6.92 4.71 5.26 5.26 0.00 0.00 3.36 0.00 0.00 0.00 0.00 0.00 0.00 5.27 6.16 3.91 0.00 0.00 0.00 0.00 0.00 0.00 0.00 0.00 0.00 0.00 0.00 0.00 0.00 0.00 0.00 0.00 0.00 0.00 0.00 0.00 0.00 0.00 0.00 0.00 0.00 0.00 0.00 0.00 0.00 0.00 0.00 0.00 0.00 0.00 0.00 0.00 0.00
