Wansh/Snow_depth/snowdepth-1994/winter/1995027.txt
ncols 321
nrows 161
xllcenter 60
yllcenter 15 
cellsize  0.25 
NODATA_value -1
[rows 0 to 36 of 161, columns 84 to 167 of 321]
18.76 18.76 18.76 18.76 17.74 18.69 17.08 13.36 11.46 12.99 12.34 15.99 15.62 17.45 18.61 18.61 19.20 20.00 20.00 19.35 19.93 17.52 17.81 12.99 7.52 9.42 2.56 1.53 0.80 0.73 3.72 4.53 10.95 10.22 12.78 12.99 11.02 11.75 11.53 13.14 9.64 9.13 8.03 8.03 6.79 7.59 3.50 4.82 5.11 6.35 7.66 7.52 6.13 9.42 9.42 9.56 8.40 7.66 7.01 7.74 4.89 5.55 5.91 3.65 3.36 4.23 4.31 5.40 5.40 8.47 7.74 10.51 9.64 11.75 10.15 10.37 11.53 14.24 13.51 14.75 13.14 13.72 11.53 11.68
19.56 18.40 17.81 18.54 18.03 15.04 16.13 13.14 11.10 16.72 15.84 16.06 14.67 13.87 11.53 17.45 14.02 12.05 12.05 16.28 18.61 17.67 18.76 15.99 12.85 5.91 7.88 2.34 0.22 1.02 0.80 3.72 8.83 8.61 8.32 8.47 9.20 7.96 8.47 8.40 8.54 11.02 11.02 11.02 9.71 10.29 10.88 6.13 4.74 4.96 3.87 4.31 4.67 3.36 3.43 6.06 7.15 6.94 8.83 10.15 7.37 7.37 7.37 8.18 9.56 9.64 6.86 6.72 6.72 8.83 10.95 11.17 10.95 12.19 12.19 15.48 17.01 17.01 17.23 16.57 16.57 17.45 17.08 17.08
20.44 17.52 18.40 18.61 15.91 14.97 17.08 18.98 18.61 18.76 18.83 17.96 14.67 15.70 11.53 10.44 11.24 10.07 10.07 12.41 14.02 11.39 15.77 15.04 14.89 9.42 5.84 2.19 3.36 0.73 1.53 1.39 3.80 6.86 8.40 7.81 8.98 8.91 11.61 12.26 11.39 11.97 10.88 10.88 10.29 12.63 15.62 16.72 14.09 4.09 4.53 3.50 2.85 2.70 3.87 5.04 4.96 8.76 8.54 10.29 11.61 11.24 13.87 11.68 11.61 12.48 12.05 15.11 15.11 14.82 14.97 13.21 12.56 12.48 14.82 13.87 18.83 18.83 19.13 17.81 18.32 17.96 19.35 17.52
20.44 17.52 18.40 18.61 15.91 14.97 17.08 18.98 18.61 18.76 18.83 17.96 14.67 15.70 11.53 10.44 11.24 10.07 10.07 12.41 14.02 11.39 15.77 15.04 14.89 9.42 5.84 2.19 3.36 0.73 1.53 1.39 3.80 6.86 8.40 7.81 8.98 8.91 11.61 12.26 11.39 11.97 10.88 10.88 10.29 12.63 15.62 16.72 14.09 4.09 4.53 3.50 2.85 2.70 3.87 5.04 4.96 8.76 8.54 10.29 11.61 11.24 13.87 11.68 11.61 12.48 12.05 15.11 15.11 14.82 14.97 13.21 12.56 12.48 14.82 13.87 18.83 18.83 19.13 17.81 18.32 17.96 19.35 17.52
17.30 18.25 15.04 14.89 15.26 15.11 16.79 16.35 13.29 16.64 15.91 17.96 15.91 15.40 13.87 11.68 14.67 10.80 10.80 11.32 9.27 8.91 11.97 9.56 12.05 11.97 8.47 2.34 0.80 1.68 1.31 1.53 4.82 3.80 8.98 11.75 11.24 12.85 13.29 14.09 12.48 11.75 10.22 10.22 16.50 14.97 19.20 16.86 17.30 14.45 5.04 5.62 2.48 2.26 1.61 4.02 3.65 3.50 6.42 8.03 10.51 14.02 13.65 15.18 15.84 13.80 15.62 15.48 15.48 15.11 13.94 14.31 12.99 12.63 12.56 13.43 14.75 14.31 14.75 14.38 14.24 17.23 19.35 19.05
19.86 18.76 17.52 16.28 16.06 13.21 11.90 12.26 11.90 14.09 14.24 15.48 15.40 16.79 18.03 16.79 17.89 14.24 14.24 14.45 8.03 5.55 6.35 6.50 9.49 7.08 7.81 4.67 2.48 1.68 1.83 1.83 3.87 6.42 5.69 10.51 12.19 11.53 12.12 10.51 11.02 11.53 11.32 11.32 13.94 16.50 16.72 16.35 14.38 6.94 8.61 3.14 3.36 2.85 3.36 3.29 4.02 6.57 6.06 9.20 12.12 11.61 15.55 14.97 17.23 16.13 16.57 14.31 14.31 13.58 13.58 15.04 16.13 13.87 15.33 12.19 11.75 11.90 11.90 11.83 10.73 14.02 17.52 17.52
19.20 18.18 20.15 17.59 16.79 15.48 16.43 15.04 15.04 15.18 14.24 12.41 12.26 12.41 16.72 17.45 14.67 16.86 16.86 15.62 10.73 6.94 8.18 9.34 7.88 6.86 3.07 2.48 2.56 2.41 3.58 4.02 4.60 5.99 8.69 7.45 12.26 12.41 12.05 9.93 8.25 10.15 9.86 9.86 10.37 13.14 14.24 11.97 11.53 8.25 3.58 4.09 3.72 2.34 2.99 5.18 5.40 7.96 9.86 9.71 11.83 15.62 14.09 16.79 16.86 17.81 15.55 16.06 16.06 14.53 15.84 15.33 17.30 16.72 16.94 16.13 15.18 14.67 11.10 10.22 10.59 11.75 15.11 14.31
19.20 18.18 20.15 17.59 16.79 15.48 16.43 15.04 15.04 15.18 14.24 12.41 12.26 12.41 16.72 17.45 14.67 16.86 16.86 15.62 10.73 6.94 8.18 9.34 7.88 6.86 3.07 2.48 2.56 2.41 3.58 4.02 4.60 5.99 8.69 7.45 12.26 12.41 12.05 9.93 8.25 10.15 9.86 9.86 10.37 13.14 14.24 11.97 11.53 8.25 3.58 4.09 3.72 2.34 2.99 5.18 5.40 7.96 9.86 9.71 11.83 15.62 14.09 16.79 16.86 17.81 15.55 16.06 16.06 14.53 15.84 15.33 17.30 16.72 16.94 16.13 15.18 14.67 11.10 10.22 10.59 11.75 15.11 14.31
19.42 17.81 17.45 17.74 16.13 16.43 16.64 16.79 17.16 14.67 15.55 12.48 9.86 10.00 12.05 15.77 16.64 16.64 16.64 16.94 17.23 15.55 11.10 7.37 4.82 5.84 3.50 3.58 3.36 4.09 3.87 4.74 4.74 4.31 10.29 15.84 15.48 13.29 9.27 10.07 7.59 5.77 7.74 7.74 8.40 5.91 6.28 7.96 5.18 5.26 4.16 5.62 5.04 9.27 9.78 6.28 8.54 8.54 8.98 9.93 9.93 12.34 14.38 14.24 14.97 15.48 15.55 14.89 14.89 16.28 16.06 17.52 18.47 18.83 17.30 17.37 17.59 18.25 17.52 13.14 14.67 9.64 9.13 9.93
13.36 14.38 14.75 15.33 16.21 15.91 16.50 16.35 16.43 14.09 12.41 9.78 10.51 9.20 12.99 16.13 16.57 18.47 18.47 17.52 17.74 16.94 14.67 8.10 4.38 5.11 3.36 4.74 5.04 5.11 4.89 3.36 4.82 4.23 7.30 13.51 10.59 13.80 8.76 6.86 6.72 4.82 5.91 5.91 5.62 4.74 5.91 6.13 5.99 8.91 9.13 12.26 11.61 11.53 11.53 11.61 11.68 10.00 10.29 10.37 10.88 11.61 11.75 11.53 12.05 14.38 15.48 15.18 15.18 17.16 18.54 18.32 19.35 18.40 18.98 17.45 19.13 18.91 19.93 16.50 11.83 13.07 8.98 11.17
11.46 13.87 14.45 15.70 14.31 15.04 13.94 14.02 14.45 11.02 11.68 10.15 10.95 12.34 14.53 13.58 15.84 17.23 17.23 19.42 18.83 14.45 16.06 10.59 6.94 5.48 4.89 4.74 4.09 3.29 3.43 3.36 4.67 6.72 5.99 7.66 9.64 10.73 9.42 7.37 10.29 6.13 8.03 8.03 10.00 10.15 7.23 9.27 9.20 10.80 13.51 12.41 17.89 14.97 13.29 12.34 15.04 14.60 17.45 16.35 12.78 12.78 11.90 11.97 13.51 16.28 15.55 19.64 19.64 23.07 22.41 23.73 23.36 20.15 23.36 24.60 20.51 24.75 24.31 19.93 21.10 15.48 13.58 14.09
11.46 13.87 14.45 15.70 14.31 15.04 13.94 14.02 14.45 11.02 11.68 10.15 10.95 12.34 14.53 13.58 15.84 17.23 17.23 19.42 18.83 14.45 16.06 10.59 6.94 5.48 4.89 4.74 4.09 3.29 3.43 3.36 4.67 6.72 5.99 7.66 9.64 10.73 9.42 7.37 10.29 6.13 8.03 8.03 10.00 10.15 7.23 9.27 9.20 10.80 13.51 12.41 17.89 14.97 13.29 12.34 15.04 14.60 17.45 16.35 12.78 12.78 11.90 11.97 13.51 16.28 15.55 19.64 19.64 23.07 22.41 23.73 23.36 20.15 23.36 24.60 20.51 24.75 24.31 19.93 21.10 15.48 13.58 14.09
10.15 12.70 13.29 13.07 13.43 11.90 6.42 7.88 9.34 8.83 10.44 10.22 10.44 14.02 16.06 17.89 19.05 18.91 18.91 20.00 20.08 15.33 10.66 7.59 8.10 6.35 5.48 3.87 4.16 3.07 6.06 6.57 5.62 11.90 10.29 10.88 10.22 13.43 16.94 9.64 13.14 14.75 11.61 11.61 11.24 12.92 12.41 11.10 14.75 15.40 18.83 19.49 19.49 16.50 16.64 13.80 15.55 18.03 17.59 17.30 14.53 14.97 15.04 16.35 13.94 15.55 18.83 17.96 17.96 22.70 24.97 24.97 24.67 24.53 24.60 25.40 26.50 25.04 25.48 23.00 22.05 19.35 20.15 17.52
9.27 9.86 8.83 6.13 6.50 5.99 6.20 6.86 7.23 9.93 11.61 11.17 12.78 17.96 19.64 21.10 21.10 21.39 21.39 19.05 15.40 16.43 11.53 10.29 7.88 5.11 5.62 6.42 7.52 6.79 7.37 16.72 15.26 15.99 13.94 18.47 20.37 17.59 19.56 17.08 16.94 16.72 20.22 20.22 13.43 16.35 20.81 20.29 18.10 20.37 20.00 20.73 19.27 19.42 19.49 19.20 20.29 19.93 15.91 16.79 13.65 14.75 14.45 15.77 17.23 18.40 18.03 19.42 19.42 22.34 24.38 25.40 24.75 25.92 23.07 23.14 18.61 20.44 13.87 20.95 19.56 21.24 16.94 18.61
8.69 6.35 6.64 7.15 6.72 6.50 6.50 7.74 7.23 10.80 11.61 14.31 13.36 15.84 18.98 21.39 19.64 20.88 20.88 19.49 16.28 13.72 14.82 11.90 9.05 9.93 8.83 9.05 9.64 14.89 18.54 17.52 20.81 20.95 21.02 20.08 18.54 20.08 20.15 20.95 20.08 19.64 23.00 23.00 23.43 21.61 21.97 19.27 20.00 19.78 20.66 19.93 20.22 19.56 21.68 22.85 23.43 18.61 20.37 11.39 9.34 11.83 13.43 15.55 15.18 17.67 19.64 19.49 19.49 20.88 24.38 23.73 24.67 21.53 21.75 21.32 18.40 7.96 9.71 8.25 15.48 20.66 19.71 19.71
6.50 6.42 6.28 7.23 7.45 8.47 7.15 6.72 6.94 5.69 8.10 13.65 10.59 15.11 16.72 18.18 17.52 19.13 19.13 19.49 16.43 14.53 12.41 12.63 11.97 11.10 11.61 13.65 13.43 14.75 16.64 19.64 19.35 19.71 18.18 17.74 18.10 19.49 22.19 21.61 23.21 20.51 24.02 24.02 21.97 16.28 16.50 17.16 15.70 17.01 16.57 18.76 17.37 17.45 19.35 20.51 24.82 19.05 11.83 13.36 10.00 11.83 12.70 11.53 12.19 13.94 14.75 20.22 20.22 23.94 23.21 23.73 19.78 20.37 20.00 19.49 10.95 14.16 0.00 10.44 7.37 17.96 18.98 17.67
6.50 6.42 6.28 7.23 7.45 8.47 7.15 6.72 6.94 5.69 8.10 13.65 10.59 15.11 16.72 18.18 17.52 19.13 19.13 19.49 16.43 14.53 12.41 12.63 11.97 11.10 11.61 13.65 13.43 14.75 16.64 19.64 19.35 19.71 18.18 17.74 18.10 19.49 22.19 21.61 23.21 20.51 24.02 24.02 21.97 16.28 16.50 17.16 15.70 17.01 16.57 18.76 17.37 17.45 19.35 20.51 24.82 19.05 11.83 13.36 10.00 11.83 12.70 11.53 12.19 13.94 14.75 20.22 20.22 23.94 23.21 23.73 19.78 20.37 20.00 19.49 10.95 14.16 0.00 10.44 7.37 17.96 18.98 17.67
6.72 10.07 10.59 11.24 11.24 10.15 11.75 7.66 4.89 5.18 5.77 5.84 8.47 11.53 14.97 16.06 17.16 17.16 17.16 17.01 16.28 14.67 10.80 10.95 10.88 11.75 13.14 14.24 16.43 16.06 16.21 17.67 20.44 20.37 19.27 17.89 17.96 17.59 18.10 20.95 21.68 17.59 15.77 15.77 15.48 15.70 13.72 14.38 14.16 14.89 13.14 13.14 15.26 17.08 16.50 17.23 15.55 15.77 15.26 17.01 12.63 15.62 14.31 14.82 14.31 15.70 20.00 18.98 18.98 24.60 24.97 25.62 21.83 19.42 19.42 19.56 13.94 4.16 7.08 10.88 10.29 12.56 13.94 13.07
8.47 10.80 12.92 14.45 14.89 14.24 14.97 10.00 6.79 6.42 6.57 4.31 6.57 11.39 13.29 14.02 15.84 15.11 15.11 13.07 12.41 12.85 10.88 9.64 12.12 14.24 13.58 15.18 17.59 17.37 18.25 17.59 22.27 20.95 18.47 19.20 15.55 15.48 16.28 10.00 14.45 15.11 11.61 11.61 12.48 13.14 13.51 10.29 13.14 11.75 12.70 16.13 15.84 16.72 15.77 14.02 14.97 15.99 15.62 18.61 22.85 25.19 25.19 18.83 21.68 18.32 20.51 25.40 25.40 24.53 26.65 21.02 15.26 19.05 15.04 14.31 10.51 11.68 8.25 10.29 9.42 11.90 10.88 13.07
8.47 9.56 9.49 10.59 14.31 15.99 14.02 10.88 11.83 7.66 7.01 10.00 9.78 10.51 10.29 12.05 13.14 10.22 10.22 12.34 12.78 12.05 11.46 11.68 11.75 15.11 17.16 16.79 17.59 12.70 14.38 13.58 19.56 18.32 14.45 13.43 15.04 5.40 6.57 7.52 4.74 9.78 9.13 9.13 11.32 11.75 11.02 10.88 15.48 22.92 15.26 19.35 20.00 20.51 19.35 20.51 15.77 17.67 19.64 21.90 21.32 24.67 24.45 24.89 23.73 23.14 26.06 25.19 25.19 24.60 17.16 19.27 13.87 13.36 13.14 13.36 11.02 8.18 8.32 8.03 7.74 9.78 13.94 13.58
8.54 10.00 11.53 10.88 13.51 12.78 12.85 11.32 13.21 12.41 10.15 11.83 11.46 17.59 13.07 11.46 9.49 10.22 10.22 11.02 11.17 12.05 12.63 15.18 15.99 15.55 17.67 18.47 12.63 13.43 12.56 9.71 13.14 13.21 11.32 9.42 3.29 3.80 2.92 4.31 3.36 10.15 11.32 11.32 12.05 10.88 14.31 19.49 17.89 24.97 25.55 25.40 25.92 22.78 23.51 22.63 24.16 20.37 21.61 16.28 15.70 20.15 21.97 23.00 22.56 23.65 25.19 23.80 23.80 24.60 18.91 10.73 9.56 9.78 10.00 8.54 7.88 7.59 7.45 7.74 7.52 9.34 11.83 11.10
8.32 9.86 8.54 9.49 10.07 9.93 10.80 11.17 14.09 14.60 12.85 12.85 17.81 20.66 18.76 16.50 12.63 15.84 15.84 13.51 14.31 13.21 16.43 17.01 18.25 23.43 23.21 21.32 16.79 14.60 16.06 11.17 8.25 9.20 9.78 5.69 1.17 0.00 0.00 4.02 9.20 8.76 6.42 6.42 8.91 11.10 10.73 9.49 20.22 20.15 20.51 21.17 19.13 18.69 24.75 24.67 24.89 19.49 14.53 15.33 14.09 14.16 15.48 14.89 18.47 19.78 19.35 19.35 19.35 18.54 16.43 15.77 12.56 10.15 8.54 8.98 8.10 8.54 9.05 7.23 7.37 7.88 7.30 8.47
8.32 9.86 8.54 9.49 10.07 9.93 10.80 11.17 14.09 14.60 12.85 12.85 17.81 20.66 18.76 16.50 12.63 15.84 15.84 13.51 14.31 13.21 16.43 17.01 18.25 23.43 23.21 21.32 16.79 14.60 16.06 11.17 8.25 9.20 9.78 5.69 1.17 0.00 0.00 4.02 9.20 8.76 6.42 6.42 8.91 11.10 10.73 9.49 20.22 20.15 20.51 21.17 19.13 18.69 24.75 24.67 24.89 19.49 14.53 15.33 14.09 14.16 15.48 14.89 18.47 19.78 19.35 19.35 19.35 18.54 16.43 15.77 12.56 10.15 8.54 8.98 8.10 8.54 9.05 7.23 7.37 7.88 7.30 8.47
7.96 8.69 7.66 8.32 9.64 12.85 14.45 13.80 14.89 16.86 19.71 19.86 19.86 20.59 21.02 19.42 20.73 18.98 18.98 17.59 17.81 18.47 18.32 17.96 20.51 22.27 23.00 23.58 19.56 16.06 12.34 7.45 8.10 5.62 3.43 4.23 1.53 0.00 0.00 0.00 4.53 3.21 3.07 3.07 2.12 6.20 5.11 5.48 2.92 2.56 10.37 10.37 12.70 14.16 11.68 11.10 9.05 17.30 12.26 12.85 14.38 14.60 14.53 17.89 17.23 19.27 18.03 19.35 19.35 19.27 19.56 17.16 18.25 13.72 14.89 9.86 8.76 9.49 9.42 10.00 11.32 7.66 7.15 6.28
8.76 9.13 8.32 8.54 14.45 16.28 18.83 25.04 23.87 21.53 19.35 16.79 16.43 16.86 17.74 17.67 18.47 19.35 19.35 17.59 18.10 18.61 22.56 20.86 20.98 20.73 19.84 18.32 18.47 20.59 15.55 13.72 6.64 7.15 5.04 1.17 1.75 0.88 0.58 2.12 1.90 2.19 1.75 1.75 1.10 1.02 0.00 0.00 0.00 0.00 0.00 0.00 5.69 7.08 6.79 6.94 5.99 5.55 8.47 7.52 13.43 14.97 14.16 16.64 17.16 15.77 18.98 15.33 15.33 17.52 20.29 19.13 20.08 15.33 10.66 10.80 9.42 9.93 9.93 11.53 12.05 9.20 6.20 6.57
11.90 15.40 17.37 18.32 18.03 18.25 20.00 22.92 22.56 24.09 12.70 11.61 14.31 14.82 14.09 11.83 17.01 19.42 19.42 18.98 18.98 20.51 23.36 22.94 25.57 21.68 22.17 24.16 23.73 23.80 20.37 17.16 9.42 7.96 9.64 2.26 3.21 4.74 1.83 2.34 2.04 1.97 1.83 1.83 1.02 1.17 0.73 0.00 0.00 0.00 0.00 0.00 0.00 0.00 3.80 3.87 3.80 4.31 7.15 12.70 11.39 16.21 16.86 17.08 17.37 15.40 15.91 16.94 16.94 16.86 17.45 18.10 18.03 16.06 16.86 12.85 11.46 11.32 13.07 13.07 12.99 11.02 11.10 7.30
14.67 15.55 16.79 14.31 14.67 16.21 15.62 19.35 13.65 17.16 17.01 4.67 7.88 8.54 3.50 7.81 13.58 18.03 18.03 13.43 15.62 14.97 20.09 14.30 20.95 18.68 25.65 23.52 25.59 24.88 19.93 20.29 21.97 14.31 13.51 15.18 7.30 7.08 4.67 3.50 1.75 2.41 2.12 2.12 0.66 0.00 0.00 0.00 0.00 0.00 0.00 0.00 0.00 0.00 0.00 0.00 3.72 4.89 4.67 11.53 17.16 16.21 19.42 19.56 17.30 18.25 17.45 20.51 20.51 24.82 22.85 19.93 19.93 17.89 15.77 17.96 14.82 13.29 13.07 13.72 15.40 12.99 11.61 15.18
14.60 14.97 16.13 13.94 12.41 13.51 11.68 10.15 12.26 0.00 0.00 0.00 0.00 0.00 0.00 2.99 8.10 6.13 6.13 7.34 7.74 4.37 8.58 7.01 14.90 11.24 21.67 22.61 21.07 25.29 24.50 24.89 25.48 24.67 21.32 21.68 22.19 12.26 6.57 4.74 2.77 1.97 1.53 1.53 0.00 0.00 0.00 0.73 0.44 0.51 0.00 0.00 0.00 0.00 0.00 3.80 3.43 4.82 6.57 12.12 10.44 19.13 25.62 29.71 29.20 27.81 26.79 25.26 25.26 25.92 22.85 19.93 16.79 18.03 18.76 18.32 17.23 15.40 17.37 16.72 15.26 16.28 17.52 18.91
14.60 14.97 16.13 13.94 12.41 13.51 11.68 10.15 12.26 0.00 0.00 0.00 0.00 0.00 0.00 2.99 8.10 6.13 6.16 7.58 7.86 4.68 8.36 7.19 14.67 11.24 21.02 21.02 19.69 25.68 24.75 25.93 28.63 26.11 21.86 21.68 22.19 12.26 6.57 4.74 2.77 1.97 1.53 1.53 0.00 0.00 0.00 0.73 0.44 0.51 0.00 0.00 0.00 0.00 0.00 3.80 3.43 4.82 6.57 12.12 10.44 19.13 25.62 29.71 29.20 27.81 26.79 25.26 25.26 25.92 22.85 19.93 16.79 18.03 18.76 18.32 17.23 15.40 17.37 16.72 15.26 16.28 17.52 18.91
14.82 15.04 13.29 13.87 12.56 10.66 9.86 9.86 7.88 8.61 7.30 2.56 0.00 0.00 2.92 5.77 8.10 7.66 7.66 7.59 8.32 0.00 0.00 0.00 6.81 6.71 4.13 13.28 9.78 20.69 18.58 25.34 27.67 27.24 25.89 26.10 24.41 11.24 12.05 8.83 7.66 2.48 2.63 2.63 1.02 0.80 0.00 1.31 1.61 0.00 0.00 0.00 0.00 0.00 0.00 4.38 4.67 4.60 5.11 8.10 13.87 12.34 19.13 28.62 30.22 30.66 27.45 25.19 25.19 21.32 17.52 15.48 16.43 16.57 18.98 16.06 13.07 16.28 15.70 13.65 15.04 14.31 14.53 19.71
14.53 14.16 15.33 12.12 9.56 10.15 9.20 9.56 9.05 8.54 8.54 6.86 3.29 4.96 6.06 9.27 12.19 12.78 12.78 8.95 10.07 5.28 0.00 0.00 0.00 0.00 0.00 5.37 3.58 13.05 14.31 12.26 21.24 26.05 30.42 29.04 26.68 24.80 13.43 13.94 15.70 12.05 4.82 4.82 2.92 1.39 1.97 1.68 2.70 2.19 0.00 0.00 0.00 0.00 0.00 0.00 0.00 0.00 0.00 4.23 6.50 12.56 11.02 19.86 27.74 25.48 22.27 21.61 21.61 22.34 18.91 15.18 14.82 12.70 13.21 14.45 12.78 11.24 12.19 12.70 12.70 13.21 16.72 16.94
14.67 15.48 17.52 16.35 13.29 14.60 12.85 12.85 9.49 9.20 9.34 8.83 9.78 6.94 6.35 8.61 13.65 12.85 12.85 8.61 5.62 3.14 4.09 0.00 0.00 0.00 0.00 2.29 0.00 4.46 8.03 8.76 8.40 19.20 20.06 28.30 30.16 28.11 27.59 21.75 21.75 18.10 10.07 10.07 2.77 2.70 2.56 1.46 2.34 2.12 3.21 0.00 3.43 0.00 0.00 0.00 0.00 2.48 3.29 3.29 2.41 2.63 5.84 15.48 23.36 23.29 21.68 20.08 20.08 17.37 10.29 9.05 8.98 10.15 11.68 9.93 10.44 12.05 11.97 13.58 12.99 13.21 14.31 14.31
12.63 15.77 14.89 19.13 16.13 15.33 15.48 13.43 16.79 15.55 16.13 14.38 11.24 13.94 14.38 12.92 13.65 12.12 12.12 4.67 4.45 3.50 2.41 1.02 1.53 0.00 0.00 0.00 3.50 4.16 4.74 6.28 12.48 12.26 13.72 15.33 28.16 28.22 27.78 26.62 21.17 22.70 15.11 15.11 10.44 3.21 3.50 2.56 3.14 3.72 3.87 3.43 0.00 0.00 0.00 2.26 2.92 4.89 4.38 5.55 4.09 3.50 2.99 7.45 14.82 17.01 9.05 9.49 9.49 9.71 9.05 7.23 7.37 5.84 7.37 7.88 11.17 10.66 11.61 11.53 10.80 12.34 11.68 9.86
5.69 9.64 9.64 10.80 10.51 13.21 9.78 11.90 11.36 12.92 15.62 18.10 13.94 13.65 12.85 9.49 3.21 1.17 1.17 1.24 2.48 2.04 2.77 2.12 2.26 3.07 0.00 0.00 3.94 0.00 0.00 4.67 3.80 7.81 7.96 7.23 21.75 22.19 22.75 20.59 23.11 17.74 18.83 18.83 15.55 12.85 6.64 7.01 5.26 5.62 4.82 3.07 3.36 2.19 2.41 0.00 0.00 3.87 7.15 6.57 7.52 4.09 3.65 2.70 3.07 0.00 2.99 5.99 5.99 5.55 2.92 3.65 3.94 4.96 5.69 5.26 9.05 9.78 6.28 7.96 4.96 6.42 4.82 6.50
0.00 6.35 4.02 6.57 6.86 11.75 10.66 10.66 11.08 11.24 12.12 9.86 10.51 11.83 7.15 0.80 0.58 0.07 0.07 0.00 2.34 0.00 2.63 5.33 4.53 3.36 0.00 0.00 0.00 0.00 0.00 0.00 3.54 0.00 3.50 5.26 3.58 13.27 13.72 10.59 11.13 16.06 14.67 14.67 14.38 13.51 15.04 15.26 11.02 10.88 7.15 3.65 2.34 2.48 2.26 2.19 0.00 0.00 0.00 5.18 6.86 5.62 5.99 0.00 0.00 0.00 0.00 3.21 3.21 2.41 2.26 2.26 2.99 0.00 3.14 5.26 2.19 4.02 0.00 0.95 1.17 3.58 2.99 3.14
0.00 6.35 4.02 6.57 6.86 11.75 10.66 10.66 10.80 11.24 12.12 9.86 10.51 11.83 7.15 0.80 0.58 0.07 0.07 0.00 2.34 0.00 2.63 5.33 4.53 3.36 0.00 0.00 0.00 0.00 0.00 0.00 3.43 0.00 3.52 5.28 3.58 13.21 13.86 10.59 11.02 16.06 14.67 14.67 14.38 13.51 15.04 15.26 11.02 10.88 7.15 3.65 2.34 2.48 2.26 2.19 0.00 0.00 0.00 5.18 6.86 5.62 5.99 0.00 0.00 0.00 0.00 3.21 3.21 2.41 2.26 2.26 2.99 0.00 3.14 5.26 2.19 4.02 0.00 0.95 1.17 3.58 2.99 3.14
15.18 11.83 6.20 0.00 6.79 12.99 13.94 14.90 12.97 9.93 7.37 7.74 7.01 7.52 2.92 1.02 0.00 0.00 0.00 0.00 0.00 2.77 6.06 5.26 5.84 3.80 0.00 3.87 3.14 0.00 0.00 0.00 0.00 0.00 0.00 0.00 2.12 1.97 6.02 5.62 2.99 3.58 9.27 9.27 11.10 12.99 13.21 11.68 14.67 12.99 13.87 9.78 4.38 2.85 3.14 2.04 3.14 3.80 4.09 3.87 5.62 6.79 3.65 4.45 2.26 1.75 0.00 2.12 2.12 2.12 0.00 0.00 0.00 0.00 0.00 0.00 0.00 0.00 0.00 0.00 0.00 1.68 2.34 2.85
