Wansh/Snow_depth/snowdepth-1994/winter/1995042.txt
ncols 321
nrows 161
xllcenter 60
yllcenter 15 
cellsize  0.25 
NODATA_value -1
[rows 0 to 36 of 161, columns 84 to 167 of 321]
20.29 20.81 19.86 20.88 20.88 20.88 18.61 14.38 12.56 14.02 18.69 18.69 18.69 19.42 19.35 18.18 21.17 22.19 22.19 21.61 21.02 21.61 18.10 11.10 11.61 6.13 3.58 0.95 1.02 2.41 3.29 7.96 7.52 10.37 13.21 13.72 13.07 12.05 11.53 12.56 10.00 9.27 8.83 8.83 5.99 7.15 7.37 3.94 4.67 5.55 5.33 9.49 8.76 8.25 7.45 12.41 12.41 9.05 8.98 8.10 8.32 4.67 3.80 3.80 4.82 4.96 4.82 7.45 7.45 6.50 8.18 11.90 11.17 11.68 11.68 11.75 12.85 15.62 14.97 15.77 16.21 14.16 12.63 12.63
20.73 19.05 19.93 18.91 18.47 16.35 13.51 13.72 13.43 15.91 16.13 16.13 16.79 14.38 17.30 16.35 12.92 13.36 13.36 18.10 21.10 21.17 20.73 15.77 10.22 11.97 4.45 3.43 0.00 0.51 1.02 3.72 9.20 8.76 7.88 7.66 8.18 8.83 9.34 8.83 9.49 12.41 11.90 11.90 11.39 10.66 10.59 10.66 11.02 4.38 4.23 4.45 5.26 5.40 5.40 6.35 5.91 8.47 9.34 9.20 9.86 11.02 10.95 11.83 7.23 7.15 9.05 8.61 8.61 11.61 12.26 12.63 12.34 13.94 13.65 16.94 18.91 18.91 19.42 17.89 17.89 18.03 17.96 17.67
20.00 19.35 19.93 14.02 13.72 14.53 16.64 19.35 21.83 21.39 21.97 18.69 20.44 15.18 11.90 10.59 10.59 11.61 11.61 13.65 11.32 15.11 13.87 16.06 14.97 11.02 4.38 5.26 3.50 1.02 1.46 2.63 3.29 6.79 6.57 9.13 10.73 10.15 10.88 12.92 13.43 12.26 14.24 14.24 13.51 19.64 14.45 15.11 11.83 12.48 4.23 2.48 2.63 2.12 5.11 4.60 7.66 9.20 8.32 10.66 12.26 12.92 13.65 13.80 13.21 14.45 14.09 16.13 16.13 13.65 14.02 12.34 12.70 13.43 17.23 16.28 20.59 20.95 21.17 19.35 19.42 19.35 20.08 21.32
20.00 19.35 19.93 14.02 13.72 14.53 16.64 19.35 21.83 21.39 21.97 18.69 20.44 15.18 11.90 10.59 10.59 11.61 11.61 13.65 11.32 15.11 13.87 16.06 14.97 11.02 4.38 5.26 3.50 1.02 1.46 2.63 3.29 6.79 6.57 9.13 10.73 10.15 10.88 12.92 13.43 12.26 14.24 14.24 13.51 19.64 14.45 15.11 11.83 12.48 4.23 2.48 2.63 2.12 5.11 4.60 7.66 9.20 8.32 10.66 12.26 12.92 13.65 13.80 13.21 14.45 14.09 16.13 16.13 13.65 14.02 12.34 12.70 13.43 17.23 16.28 20.59 20.95 21.17 19.35 19.42 19.35 20.08 21.32
20.51 17.45 14.38 14.16 14.97 15.11 16.13 16.21 18.18 17.52 20.15 17.45 20.66 18.54 14.31 17.74 13.43 10.95 10.95 11.53 9.86 8.98 9.71 14.60 13.87 13.94 9.78 4.02 5.33 1.46 1.39 1.83 1.75 4.96 9.56 8.69 11.46 12.92 12.63 14.60 13.14 13.72 13.87 13.87 18.98 17.89 20.15 16.86 17.81 10.44 5.48 6.35 2.41 2.48 2.77 3.65 5.04 6.50 9.20 8.69 12.41 15.18 14.67 16.94 14.60 14.75 15.77 15.70 15.70 15.33 14.09 14.31 14.16 13.36 13.65 13.80 15.84 15.48 17.30 17.30 17.08 18.40 20.22 19.64
19.71 18.32 17.74 18.40 16.28 14.09 14.75 12.34 13.51 14.89 15.55 16.64 17.30 17.74 17.52 18.54 17.23 18.47 18.47 14.89 9.71 10.95 7.15 8.54 10.51 10.00 11.10 5.55 2.34 2.77 1.39 1.97 4.45 3.87 6.13 10.15 9.71 11.90 13.07 12.92 11.46 12.34 11.97 11.97 11.90 18.18 17.59 17.96 13.80 15.33 6.13 3.21 3.43 2.85 3.72 3.65 5.18 5.33 8.40 10.95 10.59 14.60 18.83 18.40 19.42 18.25 18.91 15.33 15.33 13.72 13.80 15.84 14.31 14.67 12.85 13.14 12.56 12.19 11.02 13.94 13.07 16.79 15.99 20.08
19.20 19.49 19.42 18.40 17.81 17.81 16.79 16.57 16.79 15.91 16.50 15.70 14.60 15.55 12.99 17.16 18.91 18.18 18.18 17.08 17.16 11.61 9.13 10.07 8.69 6.72 5.26 5.55 3.07 2.70 2.70 2.26 4.23 5.40 5.11 9.64 12.78 12.63 11.61 10.59 10.59 8.76 10.37 10.37 10.15 11.02 15.99 15.55 13.07 6.72 8.69 3.80 3.58 3.87 4.67 6.64 5.77 8.61 11.02 10.95 12.05 15.48 15.48 20.88 21.02 19.71 17.52 17.96 17.96 15.48 16.72 16.13 18.18 18.76 18.40 16.43 14.24 14.82 12.70 11.53 11.53 13.51 17.81 16.79
19.20 19.49 19.42 18.40 17.81 17.81 16.79 16.57 16.79 15.91 16.50 15.70 14.60 15.55 12.99 17.16 18.91 18.18 18.18 17.08 17.16 11.61 9.13 10.07 8.69 6.72 5.26 5.55 3.07 2.70 2.70 2.26 4.23 5.40 5.11 9.64 12.78 12.63 11.61 10.59 10.59 8.76 10.37 10.37 10.15 11.02 15.99 15.55 13.07 6.72 8.69 3.80 3.58 3.87 4.67 6.64 5.77 8.61 11.02 10.95 12.05 15.48 15.48 20.88 21.02 19.71 17.52 17.96 17.96 15.48 16.72 16.13 18.18 18.76 18.40 16.43 14.24 14.82 12.70 11.53 11.53 13.51 17.81 16.79
18.40 17.23 15.70 16.64 16.64 16.94 16.86 18.69 18.40 16.13 16.72 11.83 14.67 9.78 11.97 15.91 19.93 19.49 19.49 19.71 20.00 16.72 16.86 10.80 12.34 6.42 4.02 4.09 4.02 3.65 4.67 4.23 4.31 5.33 10.66 9.27 14.31 12.34 13.14 9.86 7.74 7.88 6.13 6.13 8.40 8.61 6.50 8.61 9.27 6.35 7.45 7.15 5.33 6.28 6.13 7.74 9.20 9.27 9.42 10.73 10.44 13.07 14.45 14.31 14.45 16.06 15.84 16.79 16.79 17.96 16.79 18.61 20.15 19.78 18.76 17.89 17.67 17.81 18.32 15.70 14.38 11.75 13.29 12.56
15.48 15.40 15.48 15.62 16.64 18.54 18.91 18.69 17.89 14.97 17.08 11.46 14.97 10.15 15.91 14.82 19.64 22.27 22.27 21.39 20.95 21.46 18.54 10.00 5.62 4.31 4.09 4.53 4.89 4.67 4.96 3.80 5.04 4.67 11.02 12.70 11.90 11.68 7.96 8.61 7.52 5.04 5.26 5.26 5.04 5.48 5.69 5.99 8.32 6.50 8.47 12.05 12.12 14.02 10.22 10.37 9.86 9.20 10.07 10.00 10.73 10.51 11.10 12.12 11.75 14.75 16.64 16.13 16.13 19.64 19.93 20.00 20.29 19.64 20.22 18.76 18.69 20.00 19.86 17.67 16.21 12.78 13.43 11.10
15.26 15.40 16.72 15.99 16.64 16.79 12.34 13.29 12.99 14.24 16.64 15.33 14.31 14.60 16.86 16.79 18.47 21.02 21.02 21.75 21.68 19.27 11.53 13.87 6.79 6.35 4.23 4.67 4.45 3.21 3.94 3.72 5.18 6.20 5.77 9.71 10.15 10.15 8.47 7.45 10.88 10.07 7.74 7.74 7.88 9.13 6.42 9.20 8.47 12.85 17.30 13.14 15.70 12.70 14.16 13.65 15.70 11.90 12.41 12.63 11.97 11.32 11.53 11.53 13.65 16.50 15.99 20.51 20.51 25.19 22.85 25.70 24.60 21.68 24.60 24.89 25.99 25.92 23.36 18.32 20.15 14.97 12.34 15.55
15.26 15.40 16.72 15.99 16.64 16.79 12.34 13.29 12.99 14.24 16.64 15.33 14.31 14.60 16.86 16.79 18.47 21.02 21.02 21.75 21.68 19.27 11.53 13.87 6.79 6.35 4.23 4.67 4.45 3.21 3.94 3.72 5.18 6.20 5.77 9.71 10.15 10.15 8.47 7.45 10.88 10.07 7.74 7.74 7.88 9.13 6.42 9.20 8.47 12.85 17.30 13.14 15.70 12.70 14.16 13.65 15.70 11.90 12.41 12.63 11.97 11.32 11.53 11.53 13.65 16.50 15.99 20.51 20.51 25.19 22.85 25.70 24.60 21.68 24.60 24.89 25.99 25.92 23.36 18.32 20.15 14.97 12.34 15.55
10.95 14.82 14.60 14.38 10.00 9.93 10.51 10.29 8.54 10.59 14.89 15.99 15.04 18.54 21.53 21.68 21.97 21.83 21.83 22.78 23.21 17.96 12.78 9.20 6.86 7.08 5.40 4.23 3.21 2.99 8.40 7.59 7.45 7.59 11.39 12.26 11.83 14.16 15.55 10.37 13.36 14.67 14.89 14.89 10.22 10.80 12.05 15.55 14.09 13.36 18.98 21.75 19.42 15.84 14.97 14.97 15.84 18.18 17.89 15.91 13.36 14.09 12.48 14.38 13.87 16.13 19.05 18.10 18.10 24.09 27.38 27.38 27.01 25.92 26.94 26.65 27.81 25.62 24.31 24.38 23.14 18.91 17.08 17.30
10.80 12.99 9.42 8.83 7.52 7.59 7.52 7.15 8.40 10.95 11.10 17.96 20.95 20.15 22.19 22.85 23.36 22.92 22.92 21.10 21.75 18.40 13.29 9.49 7.66 6.35 6.86 4.89 9.64 12.12 10.73 12.41 17.59 18.32 16.72 19.64 20.00 18.69 19.27 20.59 16.21 16.72 21.24 21.24 20.66 16.57 19.86 19.35 21.53 20.59 19.93 22.56 22.48 22.63 24.67 18.54 18.54 17.67 14.89 15.62 12.48 12.48 12.05 14.82 16.86 18.32 18.03 19.42 19.42 22.48 25.19 26.57 26.79 25.40 25.84 25.70 23.36 24.38 20.81 23.00 21.83 19.20 20.29 16.21
8.54 8.98 8.32 8.03 8.32 7.37 6.86 7.08 8.83 10.80 14.97 17.16 18.83 15.91 20.59 21.39 21.17 22.19 22.19 19.20 17.45 13.14 14.38 10.95 10.88 7.96 8.76 7.23 11.75 15.26 20.66 19.71 22.41 21.68 22.05 21.17 19.27 19.49 20.51 22.92 25.40 21.53 24.97 24.97 24.75 25.40 23.73 21.68 22.63 19.49 21.53 22.56 23.36 25.55 25.04 28.25 27.81 19.71 17.67 10.59 11.32 9.86 12.05 14.60 13.94 17.45 19.13 19.05 19.05 20.66 25.33 25.62 25.84 23.65 23.73 23.43 23.43 11.10 4.38 13.65 14.16 21.83 19.49 21.17
8.76 8.83 8.91 8.98 9.13 7.96 8.98 6.72 8.91 9.71 13.36 14.02 10.88 14.60 17.23 18.83 19.20 18.98 18.98 19.13 17.81 14.89 13.72 13.87 11.97 12.78 12.85 13.36 12.85 15.70 19.78 21.32 21.10 20.81 18.69 19.78 18.76 21.61 22.19 24.16 24.67 21.24 21.97 21.97 22.41 18.32 18.32 16.50 18.18 17.96 19.64 17.59 16.79 20.95 26.28 26.65 27.08 20.08 11.83 13.65 10.95 13.21 8.47 11.83 11.53 15.11 16.79 18.76 18.76 23.58 22.48 23.87 20.95 20.08 20.00 21.83 13.51 16.64 4.02 4.38 13.94 17.37 19.71 18.40
8.76 8.83 8.91 8.98 9.13 7.96 8.98 6.72 8.91 9.71 13.36 14.02 10.88 14.60 17.23 18.83 19.20 18.98 18.98 19.13 17.81 14.89 13.72 13.87 11.97 12.78 12.85 13.36 12.85 15.70 19.78 21.32 21.10 20.81 18.69 19.78 18.76 21.61 22.19 24.16 24.67 21.24 21.97 21.97 22.41 18.32 18.32 16.50 18.18 17.96 19.64 17.59 16.79 20.95 26.28 26.65 27.08 20.08 11.83 13.65 10.95 13.21 8.47 11.83 11.53 15.11 16.79 18.76 18.76 23.58 22.48 23.87 20.95 20.08 20.00 21.83 13.51 16.64 4.02 4.38 13.94 17.37 19.71 18.40
8.98 9.93 10.07 11.10 13.21 10.37 11.61 6.94 6.42 5.26 7.08 6.35 8.32 12.05 13.36 16.21 16.86 18.03 18.03 15.40 14.02 14.24 11.97 10.51 12.34 11.75 13.43 15.40 15.40 15.18 16.86 20.51 22.56 21.83 21.02 19.56 19.71 19.49 17.81 15.77 22.12 19.35 17.01 17.01 19.56 16.86 16.50 16.50 14.82 16.72 16.43 16.28 15.48 16.35 16.13 16.72 16.79 19.35 13.21 13.51 12.78 16.35 15.48 13.14 13.51 14.97 18.61 17.81 17.81 21.39 25.19 21.39 22.63 19.49 20.66 16.72 10.88 12.78 6.28 11.97 11.39 11.83 11.32 12.34
8.61 9.78 11.68 12.48 15.77 13.65 12.19 8.18 6.50 6.72 8.47 10.59 13.07 14.82 14.31 16.06 16.57 13.94 13.94 14.02 12.85 12.56 12.70 10.73 11.24 13.87 13.36 16.64 18.18 18.32 18.54 20.00 23.58 21.17 22.56 19.42 15.91 15.33 15.91 10.73 8.76 15.55 14.89 14.89 15.48 14.75 15.99 13.94 14.02 13.51 17.67 20.44 15.55 16.06 15.84 15.62 18.25 18.98 20.51 20.37 23.21 26.21 22.92 18.91 21.90 17.81 19.20 23.73 23.73 27.01 21.02 22.78 16.79 15.84 16.57 16.35 12.34 8.10 8.83 8.76 9.64 11.24 11.75 10.95
7.81 8.76 10.88 10.66 13.87 15.91 17.08 13.87 11.17 12.63 10.88 10.80 12.05 12.56 12.92 11.24 13.21 13.43 13.43 13.94 13.29 11.46 12.26 12.34 11.97 14.97 18.18 17.23 17.81 16.35 13.65 12.99 19.27 18.03 14.97 13.43 14.97 5.11 6.86 7.74 5.33 9.56 11.17 11.17 14.16 13.94 14.31 12.78 15.40 21.02 20.00 26.43 26.79 19.86 18.03 20.37 19.71 21.53 22.48 22.85 22.48 25.26 24.75 24.38 24.89 24.38 26.57 25.62 25.62 28.18 20.15 15.18 15.62 14.60 12.05 10.00 9.13 9.93 8.76 7.96 7.66 9.27 12.78 12.26
7.15 8.40 10.51 12.48 14.75 14.16 16.28 15.40 16.43 14.16 15.40 13.72 12.48 19.49 18.76 13.07 16.21 12.26 12.26 12.56 12.56 13.07 14.53 13.58 13.94 15.11 19.56 16.94 14.09 15.91 10.66 9.20 12.78 12.48 12.19 9.56 2.77 3.94 0.00 4.67 3.72 9.93 9.20 9.20 11.75 13.14 14.97 18.47 17.52 25.84 29.05 28.40 30.44 26.43 26.35 25.99 25.99 21.53 23.00 20.95 20.59 20.29 21.32 23.58 24.09 23.65 25.48 25.40 25.40 19.64 21.17 14.45 9.78 10.80 9.78 10.51 8.32 7.59 6.94 7.23 7.23 7.08 7.96 10.88
6.79 8.98 10.37 11.02 9.42 11.24 12.05 15.11 17.45 18.54 20.59 22.19 23.94 23.65 22.56 24.31 22.27 17.08 17.08 14.60 18.47 18.76 17.16 20.51 21.02 22.19 21.39 23.58 19.64 16.64 17.67 10.59 8.03 9.20 9.71 4.02 1.53 0.00 0.00 0.00 9.13 8.61 6.86 6.86 4.60 12.92 12.92 13.29 15.26 11.97 13.51 26.35 26.28 25.55 25.40 24.31 24.38 18.32 14.16 15.40 14.89 15.84 16.57 19.86 19.13 21.17 20.59 21.17 21.17 21.10 16.21 10.95 11.90 9.86 11.24 8.40 8.40 8.54 8.61 7.37 6.50 6.50 6.06 7.74
6.79 8.98 10.37 11.02 9.42 11.24 12.05 15.11 17.45 18.54 20.59 22.19 23.94 23.65 22.56 24.31 22.27 17.08 17.08 14.60 18.47 18.76 17.16 20.51 21.02 22.19 21.39 23.58 19.64 16.64 17.67 10.59 8.03 9.20 9.71 4.02 1.53 0.00 0.00 0.00 9.13 8.61 6.86 6.86 4.60 12.92 12.92 13.29 15.26 11.97 13.51 26.35 26.28 25.55 25.40 24.31 24.38 18.32 14.16 15.40 14.89 15.84 16.57 19.86 19.13 21.17 20.59 21.17 21.17 21.10 16.21 10.95 11.90 9.86 11.24 8.40 8.40 8.54 8.61 7.37 6.50 6.50 6.06 7.74
9.27 9.56 9.42 8.40 9.34 11.02 17.67 14.38 25.55 25.99 23.43 24.31 20.51 21.39 24.24 23.94 24.45 21.90 21.90 21.53 20.59 21.46 21.61 21.53 22.05 22.34 23.29 24.02 20.59 16.57 12.78 7.66 8.18 5.33 3.14 3.80 0.73 0.00 1.10 0.15 2.04 3.87 4.74 4.74 2.48 1.90 0.00 5.91 6.28 7.52 7.30 5.33 5.77 7.15 18.76 17.89 14.67 15.77 10.88 13.80 15.91 15.84 16.43 19.49 21.32 21.17 20.59 20.22 20.22 20.88 23.14 23.21 18.10 13.29 9.71 10.59 8.98 8.98 8.54 8.47 9.49 6.13 6.35 5.84
10.07 12.26 10.37 12.19 10.73 11.39 20.08 16.57 19.78 28.03 25.99 23.80 20.44 20.08 22.19 17.74 20.95 21.02 21.02 21.02 22.92 23.65 22.78 24.51 20.84 23.47 21.24 20.15 20.00 18.47 16.64 14.02 5.77 7.15 2.92 0.44 0.73 0.58 0.44 1.17 1.17 2.04 0.95 0.95 0.80 0.88 0.00 0.00 0.00 2.19 0.00 0.00 0.00 2.26 2.48 3.29 3.07 4.45 7.23 8.98 14.60 15.48 17.16 18.03 18.25 17.96 17.16 18.25 18.25 17.74 21.83 20.73 17.96 17.23 13.80 9.56 8.40 9.71 10.22 10.66 10.73 8.03 7.96 5.04
13.65 14.67 15.62 17.45 18.98 22.56 21.83 22.56 27.01 22.27 19.13 19.49 19.49 20.00 10.88 14.53 19.78 21.24 21.24 24.89 24.38 25.40 23.07 26.11 26.95 23.91 25.22 22.73 25.84 21.10 21.83 17.81 9.78 7.74 9.78 1.68 1.53 1.83 2.48 1.83 2.04 2.12 0.88 0.88 0.15 0.00 0.00 0.00 0.00 0.00 0.00 0.00 0.00 0.00 0.00 2.41 3.80 3.36 5.99 12.41 16.79 16.21 17.59 18.40 17.30 17.74 17.16 17.67 17.67 21.02 20.08 18.61 18.91 15.18 11.02 13.14 12.34 11.83 10.22 11.53 11.32 9.93 8.47 6.35
14.89 15.77 17.08 16.79 16.86 15.04 18.69 15.11 14.60 13.07 11.61 3.87 3.50 4.53 4.45 8.91 7.59 14.24 14.24 20.37 8.10 15.34 13.77 21.98 17.63 24.59 26.50 24.11 27.54 26.07 20.95 21.32 22.70 14.53 12.70 14.53 5.77 4.74 3.14 3.65 0.66 0.07 0.00 0.00 0.00 0.00 0.00 0.00 0.00 0.00 0.00 0.00 0.00 0.00 0.00 0.00 3.43 4.60 4.38 8.32 17.67 20.51 20.37 20.51 18.47 23.36 25.33 25.55 25.55 24.60 23.00 19.42 17.37 17.89 16.50 15.62 13.51 13.80 12.99 12.19 13.72 10.66 13.94 12.19
17.45 16.64 17.30 16.28 16.21 14.89 15.26 16.06 12.34 9.49 5.91 3.87 0.00 0.00 0.00 3.43 7.45 7.88 7.88 6.80 3.76 4.45 0.00 10.07 10.97 8.32 21.00 20.31 28.33 26.25 25.90 25.84 26.72 25.48 21.32 20.29 22.19 10.22 5.04 3.07 3.36 0.58 0.00 0.00 0.00 0.00 0.00 0.07 0.00 0.00 0.00 0.00 0.00 0.00 0.00 0.00 2.48 2.34 5.11 9.86 17.59 15.77 24.67 29.71 26.57 27.23 26.21 26.43 26.43 23.94 20.08 18.10 18.61 17.37 17.52 18.40 15.18 15.04 16.50 15.55 15.18 15.26 17.23 17.89
17.45 16.64 17.30 16.28 16.21 14.89 15.26 16.06 12.34 9.49 5.91 3.87 0.00 0.00 0.00 3.43 7.45 7.88 7.92 7.02 3.82 4.76 0.00 10.33 10.80 8.32 20.37 18.88 26.47 26.65 26.16 26.92 30.02 26.96 21.86 20.29 22.19 10.22 5.04 3.07 3.36 0.58 0.00 0.00 0.00 0.00 0.00 0.07 0.00 0.00 0.00 0.00 0.00 0.00 0.00 0.00 2.48 2.34 5.11 9.86 17.59 15.77 24.67 29.71 26.57 27.23 26.21 26.43 26.43 23.94 20.08 18.10 18.61 17.37 17.52 18.40 15.18 15.04 16.50 15.55 15.18 15.26 17.23 17.89
16.50 18.03 16.43 15.11 14.02 14.38 15.55 14.89 11.17 11.39 9.64 6.72 0.00 3.80 0.00 4.89 12.48 10.37 10.37 11.32 5.18 4.16 0.00 0.00 3.89 2.58 11.50 9.02 20.81 22.45 20.57 27.01 29.71 30.57 25.96 26.10 24.26 25.04 10.88 5.40 5.33 5.33 0.88 0.88 0.00 0.00 0.00 0.29 0.88 0.00 0.00 0.00 0.00 0.00 0.00 0.00 2.48 3.80 3.50 5.18 11.61 19.64 17.89 25.62 30.81 27.74 25.19 24.09 24.09 24.24 20.44 17.67 15.33 15.77 18.47 18.18 13.21 13.94 15.11 12.78 14.38 17.74 16.94 18.98
15.99 18.25 17.52 14.67 15.33 10.73 10.29 10.80 11.02 10.73 10.88 8.10 6.06 6.57 4.89 8.69 14.53 15.18 15.18 11.23 5.62 7.12 0.00 1.46 0.81 0.00 3.21 3.10 6.56 16.96 17.89 16.57 22.19 26.62 28.38 30.78 28.38 25.61 12.05 12.70 10.44 7.88 4.74 4.74 1.39 0.00 0.44 0.29 0.73 0.95 0.00 0.00 0.00 0.00 0.00 0.00 0.00 0.00 0.00 0.00 3.94 7.52 7.96 22.41 27.89 27.67 25.92 23.43 23.43 20.37 15.18 12.92 14.53 14.45 15.26 12.99 12.92 10.15 11.17 11.61 10.22 11.39 15.48 16.21
19.20 19.56 18.76 17.08 20.44 12.26 15.26 14.67 13.36 18.10 14.24 9.27 7.45 9.42 9.49 14.16 13.43 13.51 13.51 8.98 6.13 3.65 2.04 2.41 0.95 0.00 0.00 5.31 4.48 12.22 13.14 12.34 17.89 19.13 20.13 23.63 31.21 29.35 28.47 27.89 20.08 17.59 9.27 9.27 3.94 4.53 0.88 0.66 0.73 0.58 0.00 0.00 0.00 0.00 0.00 0.00 0.00 0.00 0.00 0.00 0.00 0.00 0.00 12.70 24.89 24.09 18.18 17.16 17.16 17.59 16.13 11.39 7.45 8.76 10.80 9.27 10.22 10.37 11.39 12.34 12.85 14.16 14.60 14.89
18.32 12.70 21.17 22.56 22.92 19.71 16.57 19.71 17.59 19.05 17.67 13.80 18.25 13.21 12.48 13.58 10.00 10.80 10.80 8.32 2.70 2.99 2.34 2.56 2.63 0.00 2.48 5.06 6.28 5.62 9.78 8.03 5.48 13.07 13.21 14.31 29.20 29.35 30.17 28.09 24.09 23.07 15.18 15.18 7.30 6.13 6.42 4.82 1.31 2.19 2.12 2.04 0.00 0.00 0.00 0.00 0.00 2.92 5.04 4.89 2.99 0.00 6.57 3.80 7.59 6.79 11.68 13.87 13.87 11.53 5.40 5.26 6.79 6.42 7.37 7.30 10.07 11.39 9.42 13.14 12.56 13.94 12.99 11.17
11.32 7.96 14.31 9.56 14.45 23.36 12.92 12.85 12.76 14.09 17.59 19.05 18.25 17.30 15.26 6.42 4.45 0.00 0.00 0.58 0.29 1.61 2.48 3.80 4.82 3.21 3.72 2.95 3.21 2.19 5.04 5.40 1.97 5.18 7.74 6.94 9.93 23.58 24.68 24.78 20.47 16.86 13.72 13.72 14.82 10.00 8.76 8.83 8.98 8.03 5.99 2.41 2.04 2.26 0.00 0.00 0.00 0.00 5.33 4.96 5.11 1.68 2.26 0.00 2.92 5.33 2.04 2.70 2.70 2.12 3.07 3.58 4.60 4.23 6.20 4.31 8.98 9.56 7.01 6.06 8.10 12.85 4.89 4.82
14.31 10.51 8.69 5.26 12.12 13.58 16.79 13.65 12.43 11.24 10.88 12.34 12.19 6.06 2.99 3.72 1.75 0.00 0.00 0.00 0.00 3.07 2.12 4.53 3.43 2.85 0.00 0.00 0.00 1.06 1.36 0.00 0.00 0.00 0.00 4.23 2.41 4.87 15.70 14.82 15.34 10.51 9.05 9.05 10.59 13.94 13.51 13.29 12.92 13.21 12.26 6.20 1.61 0.00 0.00 0.00 0.00 0.00 0.00 0.00 4.82 3.50 0.00 1.61 0.00 0.00 0.00 1.75 1.75 1.68 0.00 0.00 0.00 0.00 1.97 0.15 0.37 4.53 2.70 3.43 1.39 3.07 3.43 3.72
14.31 10.51 8.69 5.26 12.12 13.58 16.79 13.65 12.12 11.24 10.88 12.34 12.19 6.06 2.99 3.72 1.75 0.00 0.00 0.00 0.00 3.07 2.12 4.53 3.43 2.85 0.00 0.00 0.00 1.02 1.31 0.00 0.00 0.00 0.00 4.26 2.41 4.84 15.85 14.82 15.18 10.51 9.05 9.05 10.59 13.94 13.51 13.29 12.92 13.21 12.26 6.20 1.61 0.00 0.00 0.00 0.00 0.00 0.00 0.00 4.82 3.50 0.00 1.61 0.00 0.00 0.00 1.75 1.75 1.68 0.00 0.00 0.00 0.00 1.97 0.15 0.37 4.53 2.70 3.43 1.39 3.07 3.43 3.72
15.40 13.80 5.99 7.23 5.91 16.35 20.59 19.86 16.68 11.83 8.10 8.10 5.77 4.02 0.66 0.00 0.00 0.00 0.00 0.00 0.00 0.00 1.31 2.77 3.07 1.46 0.00 1.46 0.58 0.37 0.00 0.00 0.00 0.00 0.00 0.00 0.00 0.00 1.03 6.13 4.74 4.02 2.70 2.70 4.74 6.28 14.38 14.09 16.13 14.82 10.00 11.10 6.57 2.26 0.00 0.00 0.00 0.00 0.00 4.16 3.50 5.40 3.36 2.26 0.00 0.00 0.00 0.00 0.00 0.00 0.80 0.00 0.00 0.00 0.00 0.00 0.00 0.22 0.00 0.00 0.00 1.02 1.61 0.15
