Wansh/Snow_depth/snowdepth-1994/winter/1995046.txt
ncols 321
nrows 161
xllcenter 60
yllcenter 15 
cellsize  0.25 
NODATA_value -1
[rows 0 to 36 of 161, columns 0 to 83 of 321]
11.75 11.75 19.64 26.06 25.33 27.74 27.89 25.62 29.64 27.81 27.52 26.79 27.08 26.72 26.35 26.21 26.57 26.28 26.86 27.01 26.21 23.29 22.48 25.40 24.97 26.13 26.13 24.45 27.23 28.40 28.40 25.70 25.19 25.04 24.82 25.92 26.06 27.30 27.38 27.45 27.23 26.65 27.23 27.38 27.89 27.96 25.77 25.77 25.77 25.77 27.67 27.67 24.67 23.00 19.78 21.53 24.09 23.87 25.48 26.79 25.19 25.70 25.04 21.61 22.70 22.70 23.36 19.78 19.42 20.22 14.31 15.11 15.11 15.91 16.79 14.24 14.24 13.43 13.58 13.72 14.75 14.24 18.25 20.44
23.14 23.14 19.42 24.53 27.96 27.74 29.13 30.00 29.78 30.44 29.78 30.15 28.03 26.86 27.23 26.65 26.86 27.16 26.43 24.89 26.13 24.82 23.73 26.06 26.43 27.23 27.23 27.45 27.45 27.81 28.62 26.28 23.51 23.58 23.73 25.04 25.19 26.43 26.13 27.30 26.65 26.28 26.79 26.28 27.01 23.43 22.34 23.43 26.28 22.12 21.02 21.02 17.81 18.18 19.05 20.15 22.78 25.55 25.11 26.13 22.78 16.43 17.89 19.13 18.98 17.45 17.01 18.47 13.87 11.61 12.92 11.24 12.78 12.05 14.02 16.79 16.79 16.43 16.28 21.39 21.10 23.36 19.86 21.39
23.29 23.29 24.67 25.92 25.19 29.49 29.93 29.86 31.54 30.81 30.95 28.62 26.72 26.86 25.92 25.33 25.19 26.35 24.97 25.55 24.24 23.80 23.87 24.16 24.45 25.33 25.33 25.40 25.33 23.43 24.89 23.43 21.39 22.85 22.56 23.14 23.51 23.21 24.24 24.53 24.24 25.48 25.92 22.34 21.53 21.90 21.39 18.10 21.83 22.78 18.54 18.54 10.22 11.75 13.51 12.92 19.13 17.81 10.00 12.41 12.12 12.99 10.66 13.87 13.14 15.91 15.84 13.07 14.24 10.66 11.53 10.88 13.36 17.67 17.37 18.47 18.47 21.61 21.17 23.51 23.87 23.73 23.00 21.17
23.29 23.29 24.67 25.92 25.19 29.49 29.93 29.86 31.54 30.81 30.95 28.62 26.72 26.86 25.92 25.33 25.19 26.35 24.97 25.55 24.24 23.80 23.87 24.16 24.45 25.33 25.33 25.40 25.33 23.43 24.89 23.43 21.39 22.85 22.56 23.14 23.51 23.21 24.24 24.53 24.24 25.48 25.92 22.34 21.53 21.90 21.39 18.10 21.83 22.78 18.54 18.54 10.22 11.75 13.51 12.92 19.13 17.81 10.00 12.41 12.12 12.99 10.66 13.87 13.14 15.91 15.84 13.07 14.24 10.66 11.53 10.88 13.36 17.67 17.37 18.47 18.47 21.61 21.17 23.51 23.87 23.73 23.00 21.17
26.28 26.28 25.84 24.75 29.27 28.69 29.78 31.46 31.17 31.46 28.84 29.42 27.38 25.99 26.65 24.24 23.51 25.26 24.97 24.97 24.09 24.82 24.53 24.82 23.43 22.63 22.63 23.29 22.78 21.97 21.83 21.32 22.63 22.12 21.90 22.78 23.94 22.56 22.63 22.34 22.27 21.17 21.46 21.46 18.10 17.16 16.35 17.16 12.70 11.39 11.53 11.53 9.42 9.13 7.96 5.04 5.84 6.06 7.23 4.45 6.79 6.13 9.71 14.53 15.55 15.26 15.33 13.51 12.56 11.90 16.28 17.81 17.52 19.56 22.19 21.53 21.53 22.78 23.73 23.29 23.94 22.19 22.48 21.97
25.92 25.92 26.65 28.47 28.03 29.78 31.32 31.03 32.05 31.54 31.83 30.15 28.98 27.01 27.01 23.00 23.29 22.85 24.60 22.34 22.27 22.70 23.51 23.73 23.94 22.63 22.63 21.61 21.97 21.39 21.39 21.61 23.36 23.51 22.34 21.68 22.05 21.53 21.75 21.83 21.90 21.10 19.56 18.54 18.83 17.59 15.18 16.43 12.99 10.66 8.32 8.32 5.91 5.69 5.55 4.96 6.42 4.53 4.31 4.16 6.72 10.80 14.53 13.58 16.06 14.97 13.87 14.09 13.72 14.97 14.82 17.16 18.69 17.37 21.90 23.00 23.00 22.48 24.53 23.80 24.09 21.97 22.63 22.19
25.11 25.11 25.84 26.94 29.27 29.05 30.30 31.24 31.10 31.24 30.30 29.05 30.00 27.81 23.80 19.42 20.66 19.20 21.17 20.73 21.61 20.88 21.10 21.53 21.53 21.32 21.32 20.73 21.90 22.48 22.05 21.61 19.64 22.63 22.92 22.63 21.17 21.24 21.68 21.75 20.81 21.10 20.00 16.72 17.16 15.18 15.91 16.35 13.94 10.29 9.56 9.56 8.61 8.61 7.88 7.88 8.10 7.59 11.68 10.15 10.15 10.80 14.53 14.24 14.45 14.09 12.41 12.70 12.85 11.83 12.19 11.61 15.99 17.23 16.13 21.10 21.10 21.10 20.59 16.94 21.02 20.81 20.95 22.12
25.11 25.11 25.84 26.94 29.27 29.05 30.30 31.24 31.10 31.24 30.30 29.05 30.00 27.81 23.80 19.42 20.66 19.20 21.17 20.73 21.61 20.88 21.10 21.53 21.53 21.32 21.32 20.73 21.90 22.48 22.05 21.61 19.64 22.63 22.92 22.63 21.17 21.24 21.68 21.75 20.81 21.10 20.00 16.72 17.16 15.18 15.91 16.35 13.94 10.29 9.56 9.56 8.61 8.61 7.88 7.88 8.10 7.59 11.68 10.15 10.15 10.80 14.53 14.24 14.45 14.09 12.41 12.70 12.85 11.83 12.19 11.61 15.99 17.23 16.13 21.10 21.10 21.10 20.59 16.94 21.02 20.81 20.95 22.12
21.53 21.53 24.02 25.33 25.40 23.87 24.75 27.23 26.94 27.45 27.01 26.94 25.70 22.70 23.51 20.95 14.09 14.67 16.21 17.16 19.35 19.42 19.35 19.27 20.73 20.59 20.59 21.02 22.05 21.61 21.39 21.97 19.20 19.56 22.12 19.42 20.08 20.00 21.17 21.39 19.49 17.01 16.50 16.28 17.16 15.40 14.75 12.41 12.56 12.12 12.78 12.78 12.99 11.61 11.02 14.16 14.75 14.16 13.58 13.14 14.67 14.67 14.75 13.51 11.53 11.90 11.46 13.29 12.63 12.63 11.83 12.92 12.48 15.33 15.99 14.97 14.97 17.89 13.87 14.82 12.48 18.98 18.25 18.61
18.25 18.25 20.15 23.65 22.19 18.91 21.61 23.87 21.83 24.16 21.46 20.51 18.18 19.13 15.77 12.99 13.65 13.07 13.72 17.16 19.71 19.56 19.27 20.15 21.61 21.75 21.75 22.92 21.61 20.59 19.93 19.49 19.05 21.10 18.40 17.67 18.69 20.15 21.17 20.95 21.32 18.98 18.91 18.25 18.54 16.57 12.92 13.80 13.29 13.87 14.09 14.09 13.94 13.29 14.02 14.24 13.94 13.43 13.80 13.72 14.60 12.34 12.34 12.26 11.02 11.97 13.43 13.07 12.41 10.29 10.73 11.39 11.53 10.51 13.14 12.99 12.99 12.70 13.36 12.05 11.39 14.09 17.45 17.74
17.16 17.16 18.54 20.37 18.76 19.42 17.96 19.93 19.56 20.44 19.56 19.86 18.76 14.67 13.51 13.36 13.87 14.24 17.45 19.56 21.46 20.95 21.39 22.27 23.36 23.73 23.73 24.97 21.02 20.08 19.35 18.98 19.20 21.83 19.78 17.23 18.10 19.86 21.17 20.95 18.18 18.32 17.81 18.61 18.83 17.59 15.48 13.94 13.94 14.67 15.40 15.40 14.16 13.29 13.36 13.21 13.14 13.43 14.02 13.07 13.58 11.90 10.37 11.53 11.24 12.41 10.95 11.39 11.17 9.78 8.25 7.88 8.69 10.15 9.42 12.48 12.48 13.36 12.12 13.87 14.31 14.09 15.48 14.60
17.16 17.16 18.54 20.37 18.76 19.42 17.96 19.93 19.56 20.44 19.56 19.86 18.76 14.67 13.51 13.36 13.87 14.24 17.45 19.56 21.46 20.95 21.39 22.27 23.36 23.73 23.73 24.97 21.02 20.08 19.35 18.98 19.20 21.83 19.78 17.23 18.10 19.86 21.17 20.95 18.18 18.32 17.81 18.61 18.83 17.59 15.48 13.94 13.94 14.67 15.40 15.40 14.16 13.29 13.36 13.21 13.14 13.43 14.02 13.07 13.58 11.90 10.37 11.53 11.24 12.41 10.95 11.39 11.17 9.78 8.25 7.88 8.69 10.15 9.42 12.48 12.48 13.36 12.12 13.87 14.31 14.09 15.48 14.60
17.74 17.74 17.08 17.89 18.83 16.86 17.45 17.74 15.91 17.59 17.30 17.67 15.84 13.87 14.31 14.67 15.84 15.84 17.89 16.72 21.53 23.21 23.14 23.65 23.00 24.53 24.53 21.90 19.05 21.02 18.25 17.45 20.95 14.89 15.99 15.70 17.52 18.83 15.11 15.99 15.04 15.18 16.43 16.13 18.18 16.35 16.64 17.16 15.84 16.35 15.70 15.70 13.87 13.94 14.31 13.87 13.94 13.80 13.07 12.56 12.41 12.63 10.44 10.44 8.98 10.95 11.24 10.15 10.29 10.59 7.66 7.74 7.52 10.07 10.37 10.37 10.37 10.51 13.36 12.78 13.72 15.91 13.07 13.94
17.96 17.96 16.86 15.99 16.50 16.50 15.26 14.45 14.45 15.55 17.52 16.72 17.23 16.50 16.28 16.35 16.13 16.79 19.27 19.05 22.48 23.36 23.14 23.21 21.10 21.75 21.75 21.61 20.51 15.18 14.31 14.45 16.06 14.97 14.67 14.60 14.31 14.45 13.29 13.07 9.86 13.80 16.06 15.84 16.64 18.40 18.54 16.86 15.55 13.43 12.70 12.70 13.36 13.14 13.72 13.14 12.99 12.85 12.85 12.78 9.20 7.30 7.81 7.96 8.61 9.93 10.44 10.15 11.46 9.71 10.29 7.74 8.18 7.15 9.20 11.02 11.02 10.29 12.78 11.53 8.91 8.98 10.95 10.51
15.70 15.70 15.48 15.77 14.60 15.18 15.77 14.31 15.33 15.33 16.21 16.13 16.57 16.64 18.61 21.17 20.37 20.29 19.42 20.95 22.48 21.97 23.00 23.29 22.48 21.02 21.02 19.93 17.45 14.89 13.72 13.51 13.36 14.16 13.07 13.65 12.92 10.88 8.54 10.51 9.78 12.70 15.26 16.43 17.89 19.13 18.98 16.57 13.51 13.29 12.92 12.92 13.51 14.16 13.21 13.72 13.43 9.71 9.27 9.42 8.83 7.30 6.57 6.72 6.86 6.13 10.44 11.39 10.44 10.15 7.74 8.10 7.59 9.42 8.03 10.88 10.88 13.58 13.65 11.39 8.54 9.64 9.42 10.59
19.13 19.13 16.50 16.50 15.40 15.55 16.64 16.79 17.01 15.70 15.62 15.84 17.37 16.94 18.91 21.32 22.27 22.27 21.68 21.46 21.53 21.61 21.61 22.63 22.92 20.59 20.59 18.32 18.83 16.43 15.11 14.24 14.45 13.80 12.05 11.32 12.48 11.53 11.39 13.87 14.67 14.97 14.82 14.53 15.99 14.31 14.31 14.31 13.58 12.85 12.63 12.63 13.51 14.24 13.80 10.66 7.74 8.10 7.96 7.96 6.72 7.01 6.35 3.50 4.96 5.04 4.96 8.91 8.54 8.61 8.47 8.98 8.54 9.93 12.34 11.68 11.68 13.58 11.97 9.78 10.44 9.86 10.66 10.59
19.13 19.13 16.50 16.50 15.40 15.55 16.64 16.79 17.01 15.70 15.62 15.84 17.37 16.94 18.91 21.32 22.27 22.27 21.68 21.46 21.53 21.61 21.61 22.63 22.92 20.59 20.59 18.32 18.83 16.43 15.11 14.24 14.45 13.80 12.05 11.32 12.48 11.53 11.39 13.87 14.67 14.97 14.82 14.53 15.99 14.31 14.31 14.31 13.58 12.85 12.63 12.63 13.51 14.24 13.80 10.66 7.74 8.10 7.96 7.96 6.72 7.01 6.35 3.50 4.96 5.04 4.96 8.91 8.54 8.61 8.47 8.98 8.54 9.93 12.34 11.68 11.68 13.58 11.97 9.78 10.44 9.86 10.66 10.59
17.16 17.16 17.37 17.16 16.28 18.03 19.64 19.86 19.86 16.43 15.99 15.91 17.16 19.93 21.83 22.05 22.05 22.27 21.24 20.95 21.10 21.10 21.17 21.68 20.15 21.17 21.17 19.35 17.96 15.40 16.13 14.09 9.56 9.49 9.56 10.51 10.44 11.61 8.25 12.26 14.75 14.60 13.21 12.99 12.99 14.16 13.72 13.07 12.85 12.92 12.85 12.85 13.21 14.75 12.12 8.83 6.79 8.03 7.96 7.59 6.94 5.84 6.06 4.09 5.18 2.77 3.07 3.94 6.86 6.35 6.42 10.29 10.73 10.73 12.78 13.07 13.07 11.39 11.53 8.98 8.61 8.18 10.07 8.91
17.96 17.96 17.81 19.35 18.83 18.76 19.56 20.73 21.53 20.15 20.95 18.10 20.00 21.90 21.68 21.39 21.68 20.88 19.93 19.86 19.86 17.67 21.68 18.83 19.35 15.70 15.70 16.94 16.64 12.48 11.02 14.38 8.32 7.15 6.64 2.41 3.14 6.13 5.18 11.02 11.02 12.19 13.80 17.23 12.63 14.53 13.87 12.85 13.87 14.16 16.64 16.64 14.31 11.10 11.97 9.27 9.86 9.34 11.02 9.49 9.64 8.03 11.83 6.86 7.15 8.40 3.87 4.60 4.16 5.77 7.01 8.32 9.64 9.56 11.53 11.61 11.61 11.53 11.53 10.00 9.42 8.91 8.83 7.66
17.74 17.74 19.64 19.20 20.15 21.61 22.34 22.78 22.48 23.21 20.88 23.51 23.00 22.19 21.68 21.32 19.64 19.49 17.67 15.33 15.26 15.55 12.26 11.90 13.21 13.36 13.36 14.09 11.68 11.61 9.78 13.72 11.39 6.72 6.20 4.89 4.31 7.52 10.15 11.02 12.78 12.05 14.60 16.94 16.06 17.23 15.04 13.87 17.01 16.86 17.52 17.52 14.53 14.09 12.26 9.64 9.56 11.61 12.56 11.39 10.88 13.51 14.02 13.94 10.73 11.68 5.69 5.99 6.28 5.48 6.72 6.64 8.40 8.25 10.44 11.97 11.97 11.90 11.53 11.02 11.02 9.20 7.45 7.96
15.18 15.18 14.45 18.91 19.56 20.00 22.12 23.29 24.02 24.75 25.62 26.35 24.60 23.58 21.68 19.49 19.20 17.52 17.96 12.41 13.43 12.99 11.39 11.02 11.46 11.39 11.39 12.26 11.61 11.83 10.51 8.98 9.13 7.96 8.40 6.86 9.78 9.71 9.86 11.32 10.88 12.63 12.41 16.72 17.30 18.61 17.89 17.52 16.79 17.01 16.86 16.86 15.77 14.82 12.19 11.97 12.63 12.12 12.56 13.21 13.51 13.51 13.51 13.29 11.83 11.32 11.24 8.25 10.15 7.96 8.18 6.72 7.15 7.45 9.49 9.49 9.49 11.32 11.32 10.95 9.93 9.93 8.83 7.81
13.72 13.72 16.28 15.48 17.74 17.67 21.53 23.43 23.07 23.73 24.67 22.70 23.94 22.27 21.83 20.88 20.00 18.61 18.69 15.26 12.56 10.73 10.29 11.10 11.02 11.61 11.61 13.51 12.92 11.24 11.90 11.10 10.80 9.64 10.88 9.34 8.25 8.69 9.05 7.88 9.27 11.68 13.94 14.16 17.01 16.94 17.08 16.72 14.16 13.72 13.94 13.94 14.24 14.09 11.68 11.97 11.53 12.34 12.34 11.83 12.34 11.53 12.63 12.56 12.19 12.34 12.70 9.64 10.07 7.66 6.13 6.28 6.57 7.88 7.74 7.74 7.74 7.81 9.93 10.15 9.78 10.07 9.13 8.25
13.72 13.72 16.28 15.48 17.74 17.67 21.53 23.43 23.07 23.73 24.67 22.70 23.94 22.27 21.83 20.88 20.00 18.61 18.69 15.26 12.56 10.73 10.29 11.10 11.02 11.61 11.61 13.51 12.92 11.24 11.90 11.10 10.80 9.64 10.88 9.34 8.25 8.69 9.05 7.88 9.27 11.68 13.94 14.16 17.01 16.94 17.08 16.72 14.16 13.72 13.94 13.94 14.24 14.09 11.68 11.97 11.53 12.34 12.34 11.83 12.34 11.53 12.63 12.56 12.19 12.34 12.70 9.64 10.07 7.66 6.13 6.28 6.57 7.88 7.74 7.74 7.74 7.81 9.93 10.15 9.78 10.07 9.13 8.25
14.02 14.02 13.65 15.55 16.35 20.08 18.91 21.75 24.16 22.41 21.46 21.46 22.19 21.24 22.05 21.17 18.54 18.98 18.18 15.26 11.24 11.90 11.10 12.41 12.05 15.91 15.91 16.64 14.09 12.92 11.75 10.88 14.38 12.63 9.56 8.10 6.86 7.15 7.23 7.37 8.03 10.44 13.14 13.51 15.04 16.57 16.13 15.48 13.87 12.78 12.34 12.34 12.26 11.39 11.61 11.17 11.83 13.43 11.75 12.99 11.68 11.68 12.85 12.85 13.07 12.34 13.29 14.82 9.78 9.93 9.34 6.64 6.28 8.10 6.50 6.64 6.64 6.64 7.66 9.86 9.34 10.66 10.15 8.10
14.24 14.24 15.33 14.89 16.86 19.49 23.14 24.45 22.85 23.58 21.17 19.86 19.35 19.13 18.91 18.25 15.99 17.67 13.36 14.60 15.11 12.99 11.75 15.62 19.64 18.61 18.61 15.84 15.70 14.31 14.38 12.70 13.21 10.88 9.34 4.82 5.11 5.99 8.47 12.48 13.43 13.07 13.07 12.78 20.44 18.83 17.52 18.10 15.11 14.16 14.67 14.67 12.63 12.78 13.43 11.97 12.05 12.48 16.06 14.89 17.59 14.31 14.97 14.16 15.04 15.18 14.45 17.08 12.70 10.80 12.26 11.53 10.37 12.41 12.78 8.18 8.18 8.32 8.47 10.29 11.32 9.93 10.37 9.20
16.64 16.64 18.54 18.25 20.15 22.34 21.39 25.19 26.13 22.34 20.88 20.59 19.42 17.23 17.23 15.40 14.02 13.36 16.13 13.51 14.53 12.56 15.84 14.97 18.91 19.13 19.13 15.33 14.82 14.67 13.51 12.41 10.95 7.30 5.33 5.04 4.96 11.61 11.24 13.43 15.99 19.35 16.28 22.05 21.61 22.27 21.46 21.53 20.00 16.35 17.23 17.23 14.38 15.77 14.67 14.16 18.25 18.18 18.10 17.08 20.22 17.67 17.81 18.10 17.23 19.20 17.52 17.45 17.01 13.14 12.63 12.85 13.51 14.31 15.48 15.26 15.26 11.02 10.59 10.51 10.44 9.49 9.78 10.07
19.56 19.56 19.05 18.91 19.27 19.71 24.53 26.43 24.45 25.11 22.48 22.12 20.08 19.27 17.59 14.31 14.09 14.31 11.02 10.29 10.80 12.41 15.04 14.38 15.18 15.70 15.70 14.89 16.50 14.16 14.45 15.26 12.41 8.47 7.74 14.97 15.18 16.64 16.28 21.10 21.10 20.66 17.89 18.83 23.21 22.63 22.63 20.15 19.93 17.59 15.77 15.77 15.99 15.84 15.77 16.43 19.93 20.51 20.88 20.00 20.22 17.37 18.98 20.00 19.78 19.64 17.59 15.77 16.50 14.16 13.80 14.45 14.67 14.16 15.55 16.06 16.06 16.50 15.99 10.51 9.20 9.49 9.93 11.61
21.02 21.02 19.35 19.56 19.93 22.27 21.32 26.57 26.50 26.06 24.97 25.92 22.41 19.13 17.52 16.28 14.53 10.00 11.39 10.37 11.75 13.43 13.80 14.31 14.38 15.91 15.91 17.30 17.16 17.37 16.79 16.57 13.80 10.88 17.96 18.98 19.71 20.00 22.27 22.70 22.63 21.83 21.02 21.75 20.81 19.05 19.71 18.98 17.67 14.09 14.67 14.67 14.09 11.97 15.91 14.89 19.27 19.20 20.37 17.01 17.01 16.94 17.52 18.25 18.10 16.35 16.21 15.26 13.80 16.21 15.91 14.97 14.75 15.26 15.70 17.37 17.37 18.40 18.32 17.30 9.93 9.93 9.93 10.95
21.02 21.02 19.35 19.56 19.93 22.27 21.32 26.57 26.50 26.06 24.97 25.92 22.41 19.13 17.52 16.28 14.53 10.00 11.39 10.37 11.75 13.43 13.80 14.31 14.38 15.91 15.91 17.30 17.16 17.37 16.79 16.57 13.80 10.88 17.96 18.98 19.71 20.00 22.27 22.70 22.63 21.83 21.02 21.75 20.81 19.05 19.71 18.98 17.67 14.09 14.67 14.67 14.09 11.97 15.91 14.89 19.27 19.20 20.37 17.01 17.01 16.94 17.52 18.25 18.10 16.35 16.21 15.26 13.80 16.21 15.91 14.97 14.75 15.26 15.70 17.37 17.37 18.40 18.32 17.30 9.93 9.93 9.93 10.95
18.69 18.69 19.27 19.13 19.71 20.59 22.27 27.16 27.45 28.32 27.23 24.16 20.81 18.25 14.97 11.10 12.85 10.59 10.95 10.29 12.70 12.70 12.56 11.75 14.24 15.77 15.77 17.45 17.23 18.18 16.86 18.03 18.47 20.08 21.10 20.81 21.32 20.59 21.83 21.32 14.89 17.89 22.27 21.75 20.81 18.47 16.57 13.87 14.09 13.87 12.85 12.85 14.31 12.12 13.94 17.01 17.23 17.30 18.91 13.65 16.35 18.10 17.81 17.89 14.97 15.40 14.97 15.70 14.89 16.28 14.31 15.62 14.60 13.29 15.18 15.70 15.70 19.20 17.59 13.65 14.53 9.64 10.59 10.07
19.42 19.42 18.54 18.18 19.56 21.68 22.27 25.62 26.21 27.67 20.15 23.07 20.66 13.21 10.66 10.51 9.42 9.71 9.71 9.05 11.10 12.05 11.68 15.33 15.04 15.26 15.26 17.23 18.25 17.96 17.67 17.37 17.96 18.25 11.90 15.04 15.99 15.18 17.96 8.10 11.61 17.52 19.35 21.24 20.22 17.08 15.40 15.18 15.26 18.61 16.57 16.57 17.23 14.24 18.54 17.08 15.91 8.54 10.37 10.66 10.15 16.50 14.45 15.77 15.33 18.47 17.81 17.01 17.52 16.64 14.16 11.61 12.19 11.46 12.78 12.63 12.63 17.23 15.91 14.24 11.46 11.83 9.56 11.61
20.29 20.29 18.32 18.83 18.47 18.03 19.42 22.56 24.53 20.51 19.56 11.39 11.02 6.35 7.52 6.94 6.94 5.55 6.13 9.56 12.56 14.53 15.55 15.77 16.50 18.03 18.03 17.96 12.34 15.18 15.11 16.43 15.40 7.59 6.64 8.10 8.83 0.66 3.72 2.77 7.01 12.56 17.89 16.72 13.21 15.04 15.99 16.21 18.83 19.64 17.52 17.52 18.54 19.42 19.49 17.81 9.64 5.48 4.67 8.76 7.23 12.85 12.78 16.35 18.25 17.45 19.35 15.33 12.34 15.99 14.38 11.53 11.68 11.32 11.02 10.15 10.15 9.34 12.63 12.48 11.10 9.42 9.93 8.10
19.86 19.86 19.42 14.60 16.94 17.08 13.94 13.51 15.77 10.88 9.42 5.33 3.72 4.09 5.77 7.96 3.80 3.50 4.16 7.96 11.24 11.39 16.21 18.32 15.48 19.49 19.49 18.10 10.00 14.09 11.17 9.34 1.90 1.31 1.46 3.50 0.00 0.00 0.00 0.00 0.22 3.36 7.01 13.43 10.80 13.36 14.67 17.37 16.21 19.49 15.40 15.40 18.03 18.69 10.59 4.60 5.77 3.29 4.45 6.57 7.52 11.10 11.10 12.41 16.21 13.58 13.80 13.87 10.66 10.37 10.59 10.73 6.86 3.43 6.50 6.13 6.13 8.32 9.56 9.42 11.46 9.27 6.42 9.05
11.46 11.46 9.20 13.80 9.05 9.86 11.39 10.66 7.01 7.74 8.91 8.83 2.12 0.00 2.26 2.70 2.12 2.41 3.80 5.77 10.15 8.18 13.65 8.98 9.49 14.38 14.38 11.32 8.47 0.88 1.02 0.00 0.00 0.00 0.00 0.00 0.00 0.00 0.00 0.00 0.00 2.19 6.57 8.69 4.31 8.25 10.80 16.35 14.09 15.91 18.10 18.10 17.74 17.16 11.32 5.04 6.13 4.74 4.60 5.69 7.88 9.71 13.80 13.65 14.75 11.39 10.66 9.13 8.83 8.91 6.06 5.18 5.91 2.04 3.94 7.37 7.37 6.20 8.25 7.23 8.98 8.91 6.50 5.48
11.39 11.39 8.47 5.33 4.60 7.96 3.21 5.77 6.42 5.91 8.91 8.25 5.77 3.58 1.31 1.83 3.14 0.00 0.00 3.87 4.89 0.00 0.88 0.95 2.63 0.00 0.00 6.28 0.00 0.00 0.00 0.00 0.00 0.00 0.00 0.00 0.00 0.00 0.00 0.00 0.00 0.00 3.29 0.88 1.02 3.87 9.13 8.25 13.21 16.86 17.52 17.52 16.13 12.78 13.36 12.34 7.66 4.60 7.88 7.15 9.20 14.67 14.38 14.31 14.45 12.85 13.80 11.24 9.13 9.64 4.60 4.16 3.07 2.92 3.65 5.11 5.11 6.64 6.86 5.77 11.02 15.48 12.48 5.99
11.39 11.39 8.47 5.33 4.60 7.96 3.21 5.77 6.42 5.91 8.91 8.25 5.77 3.58 1.31 1.83 3.14 0.00 0.00 3.87 4.89 0.00 0.88 0.95 2.63 0.00 0.00 6.28 0.00 0.00 0.00 0.00 0.00 0.00 0.00 0.00 0.00 0.00 0.00 0.00 0.00 0.00 3.29 0.88 1.02 3.87 9.13 8.25 13.21 16.86 17.52 17.52 16.13 12.78 13.36 12.34 7.66 4.60 7.88 7.15 9.20 14.67 14.38 14.31 14.45 12.85 13.80 11.24 9.13 9.64 4.60 4.16 3.07 2.92 3.65 5.11 5.11 6.64 6.86 5.77 11.02 15.48 12.48 5.99
0.00 0.00 4.45 2.34 0.00 0.00 2.56 0.00 4.02 2.85 6.94 2.77 3.50 4.23 0.00 0.15 0.00 0.00 0.00 0.37 0.00 0.00 0.00 0.00 0.00 0.00 0.00 0.00 0.00 0.00 0.00 0.00 0.00 0.00 0.00 0.00 0.00 0.00 0.00 0.00 0.00 0.00 0.00 0.00 0.00 1.31 7.30 6.13 11.53 16.35 15.48 15.48 15.40 13.14 12.41 13.07 9.42 10.22 10.59 14.45 15.99 15.84 15.33 16.94 14.09 15.18 15.48 9.78 7.08 1.53 1.24 0.00 4.09 4.02 2.77 2.41 2.41 3.14 4.23 12.70 10.29 20.15 20.81 16.35
