Wansh/Snow_depth/snowdepth-1994/winter/1995038.txt
ncols 321
nrows 161
xllcenter 60
yllcenter 15 
cellsize  0.25 
NODATA_value -1
[rows 0 to 36 of 161, columns 84 to 167 of 321]
14.82 16.79 17.08 17.01 16.79 14.16 15.04 10.88 11.32 11.75 14.60 14.24 14.53 14.60 14.53 14.45 14.16 17.08 17.08 18.40 18.61 18.69 16.35 10.51 3.21 4.23 0.51 0.22 0.22 1.75 1.53 4.89 7.37 10.22 10.07 11.02 11.97 11.68 11.75 12.41 9.86 10.37 10.37 10.37 5.48 4.74 2.34 2.12 3.14 2.85 9.13 5.69 6.50 8.76 8.40 4.23 6.06 5.84 0.00 0.00 0.00 0.00 2.63 1.83 3.94 3.72 3.43 4.02 4.02 4.74 7.74 8.54 8.40 10.15 10.15 10.15 10.66 12.05 13.21 13.43 13.43 12.41 11.24 9.86
17.45 16.50 16.21 14.82 15.26 12.26 11.97 12.12 13.29 12.63 15.77 13.87 14.24 11.68 9.27 10.80 13.65 12.70 12.70 16.79 18.03 17.81 17.89 11.97 13.72 4.60 1.10 1.68 0.00 0.73 0.66 4.74 4.89 8.61 7.45 8.18 8.69 8.40 9.42 8.47 9.78 9.86 12.56 12.56 9.20 14.09 8.54 6.13 2.85 2.99 2.34 3.29 2.19 2.41 2.04 3.43 4.53 5.99 6.20 6.20 4.31 6.64 4.96 7.45 6.13 5.04 6.35 9.05 9.05 8.98 9.56 9.64 9.05 10.88 11.53 10.80 8.54 12.70 17.16 15.91 13.43 14.38 11.90 15.84
18.10 14.53 13.58 14.16 11.68 11.75 13.80 15.91 15.62 17.96 15.26 15.84 13.14 13.36 11.97 8.76 9.34 7.37 7.37 7.96 8.10 10.73 14.82 16.72 15.40 8.61 10.66 2.34 0.58 0.73 1.39 2.56 1.90 5.77 8.10 9.34 8.18 10.00 12.41 12.41 10.73 11.61 13.87 13.87 17.59 20.95 12.26 15.04 9.56 2.70 5.11 1.90 1.17 1.61 1.97 4.23 3.43 6.20 6.94 7.37 9.20 10.66 9.49 9.27 12.34 11.97 11.90 12.70 12.70 13.43 14.60 12.41 10.80 11.75 11.90 15.62 18.25 17.30 18.32 17.23 18.47 18.83 18.32 17.67
18.10 14.53 13.58 14.16 11.68 11.75 13.80 15.91 15.62 17.96 15.26 15.84 13.14 13.36 11.97 8.76 9.34 7.37 7.37 7.96 8.10 10.73 14.82 16.72 15.40 8.61 10.66 2.34 0.58 0.73 1.39 2.56 1.90 5.77 8.10 9.34 8.18 10.00 12.41 12.41 10.73 11.61 13.87 13.87 17.59 20.95 12.26 15.04 9.56 2.70 5.11 1.90 1.17 1.61 1.97 4.23 3.43 6.20 6.94 7.37 9.20 10.66 9.49 9.27 12.34 11.97 11.90 12.70 12.70 13.43 14.60 12.41 10.80 11.75 11.90 15.62 18.25 17.30 18.32 17.23 18.47 18.83 18.32 17.67
14.24 14.60 11.97 12.34 11.83 13.80 13.51 13.72 14.60 14.02 15.62 16.35 16.06 16.13 15.62 12.19 9.20 9.78 9.78 7.45 6.06 11.39 10.15 15.84 15.11 14.60 4.23 5.77 1.68 1.39 1.02 1.53 1.61 5.77 9.86 9.34 10.15 11.68 13.14 13.80 13.87 12.85 13.43 13.43 20.44 20.44 9.34 20.95 13.94 5.77 4.82 1.10 1.83 0.88 1.24 1.39 2.12 1.75 3.58 6.50 10.15 12.19 13.51 13.65 13.72 12.92 16.21 14.97 14.97 13.43 12.63 12.99 11.32 11.90 11.46 14.97 12.48 15.18 16.79 15.91 18.03 17.89 16.86 17.81
13.07 12.63 12.34 13.43 11.53 11.97 10.44 0.00 0.00 12.92 12.56 14.02 16.50 16.35 16.21 16.43 16.43 16.43 16.43 12.05 6.42 6.42 4.74 7.81 7.96 11.24 4.60 5.77 2.04 1.10 1.10 1.68 2.99 6.06 5.33 8.69 10.44 10.95 11.61 12.56 13.58 12.70 13.72 13.72 13.80 19.20 17.23 19.86 15.04 9.20 5.04 1.39 2.56 1.68 1.97 2.48 3.07 5.40 6.72 6.35 8.83 10.59 13.29 18.32 17.52 16.64 13.80 14.38 14.38 13.51 12.12 11.53 11.90 12.05 11.02 11.39 10.15 10.51 10.29 11.24 13.29 12.78 16.28 19.05
11.17 10.66 11.24 10.88 10.95 11.90 11.90 12.12 12.78 12.85 12.26 10.22 10.73 13.58 12.19 14.38 16.06 15.48 15.48 16.28 11.32 6.13 7.37 6.35 6.86 8.47 4.89 3.58 3.07 2.77 2.19 2.70 2.48 3.50 7.59 11.17 10.73 11.02 10.37 9.42 11.53 9.13 11.68 11.68 12.48 9.49 17.08 10.80 12.41 9.56 5.48 2.92 2.56 2.70 2.70 2.85 5.11 6.86 8.40 7.88 13.58 15.84 15.04 18.18 19.64 17.16 17.08 15.33 15.33 15.99 12.63 16.43 17.23 13.29 15.18 18.03 14.89 16.13 13.51 11.10 12.19 11.61 14.89 14.31
11.17 10.66 11.24 10.88 10.95 11.90 11.90 12.12 12.78 12.85 12.26 10.22 10.73 13.58 12.19 14.38 16.06 15.48 15.48 16.28 11.32 6.13 7.37 6.35 6.86 8.47 4.89 3.58 3.07 2.77 2.19 2.70 2.48 3.50 7.59 11.17 10.73 11.02 10.37 9.42 11.53 9.13 11.68 11.68 12.48 9.49 17.08 10.80 12.41 9.56 5.48 2.92 2.56 2.70 2.70 2.85 5.11 6.86 8.40 7.88 13.58 15.84 15.04 18.18 19.64 17.16 17.08 15.33 15.33 15.99 12.63 16.43 17.23 13.29 15.18 18.03 14.89 16.13 13.51 11.10 12.19 11.61 14.89 14.31
8.03 8.76 8.54 9.05 11.17 9.34 12.92 13.51 13.07 12.63 12.85 9.86 7.23 7.52 9.71 15.91 18.76 18.40 18.40 19.78 17.45 18.18 12.12 6.72 7.52 4.60 3.58 3.72 3.07 3.58 3.36 4.09 4.23 7.30 11.10 13.87 13.58 13.21 9.42 7.74 8.40 5.26 10.07 10.07 8.03 7.15 10.37 4.23 4.82 4.45 4.02 4.45 3.43 6.79 6.64 6.20 6.57 7.08 7.66 8.10 11.17 14.38 10.88 13.14 14.75 14.16 16.64 13.94 13.94 15.04 16.57 16.13 17.45 19.05 18.91 17.74 16.50 13.36 14.60 13.43 14.16 10.95 11.97 12.99
4.60 2.99 3.72 5.55 8.10 12.12 11.32 13.14 11.90 11.61 9.56 6.86 6.28 7.23 13.58 13.21 18.76 20.22 20.22 20.15 19.78 17.96 10.51 9.13 4.96 4.02 3.58 4.09 4.09 4.23 3.87 3.50 4.31 8.76 7.30 12.85 11.02 10.59 8.10 6.64 5.48 4.23 4.23 4.23 5.69 5.33 5.33 3.94 6.28 8.10 11.46 12.26 11.75 12.48 10.51 10.80 9.56 8.76 8.40 10.59 10.00 10.66 10.59 10.73 12.12 12.92 14.60 14.09 14.09 14.67 20.95 19.56 20.08 19.20 18.83 18.25 18.83 19.42 19.86 15.70 13.58 10.95 11.53 10.51
3.21 3.14 3.36 5.11 3.72 6.72 6.79 11.83 9.64 8.61 8.83 7.37 8.10 7.66 11.83 18.98 19.64 20.44 20.44 21.75 19.64 20.15 12.48 6.86 7.74 4.23 4.38 4.23 4.16 4.31 3.14 3.94 5.11 6.72 6.06 9.20 10.80 9.93 7.30 8.98 6.06 5.91 11.24 11.24 9.42 7.23 4.96 9.56 11.53 11.10 11.32 13.21 19.42 14.45 11.02 12.26 10.66 16.50 11.61 13.14 10.80 11.97 12.70 12.78 12.63 14.82 17.23 20.81 20.81 22.92 22.41 22.70 23.73 22.48 22.85 22.19 22.41 21.39 25.84 22.56 17.45 12.41 13.58 16.64
3.21 3.14 3.36 5.11 3.72 6.72 6.79 11.83 9.64 8.61 8.83 7.37 8.10 7.66 11.83 18.98 19.64 20.44 20.44 21.75 19.64 20.15 12.48 6.86 7.74 4.23 4.38 4.23 4.16 4.31 3.14 3.94 5.11 6.72 6.06 9.20 10.80 9.93 7.30 8.98 6.06 5.91 11.24 11.24 9.42 7.23 4.96 9.56 11.53 11.10 11.32 13.21 19.42 14.45 11.02 12.26 10.66 16.50 11.61 13.14 10.80 11.97 12.70 12.78 12.63 14.82 17.23 20.81 20.81 22.92 22.41 22.70 23.73 22.48 22.85 22.19 22.41 21.39 25.84 22.56 17.45 12.41 13.58 16.64
0.00 0.00 2.48 2.26 5.11 4.53 5.11 0.00 0.00 0.00 6.50 10.59 9.20 16.72 20.29 17.01 19.56 21.75 21.75 20.29 20.29 15.55 9.86 7.66 7.74 5.69 4.09 4.45 4.31 7.30 8.69 6.28 6.42 6.86 12.05 11.53 17.16 16.43 14.97 13.51 12.70 11.17 13.87 13.87 10.88 11.68 11.17 12.26 13.65 13.94 21.10 20.88 21.24 17.45 19.35 17.45 17.81 17.37 15.33 16.86 15.77 14.16 13.29 13.58 13.14 15.70 17.23 19.86 19.86 23.65 25.40 25.19 24.82 25.70 25.92 28.62 27.89 27.38 27.89 25.19 24.02 21.75 20.66 16.21
0.00 0.00 0.00 0.00 2.04 0.00 0.00 0.00 0.00 7.52 6.42 11.46 16.79 21.39 20.88 21.24 21.02 20.51 20.51 20.15 15.40 16.72 11.32 7.59 7.96 5.77 6.35 6.13 8.32 7.66 9.86 15.99 15.70 14.75 18.69 17.23 16.94 21.90 21.02 18.98 16.21 20.22 16.72 16.72 17.59 11.24 10.95 18.25 23.21 21.24 20.59 20.59 22.12 22.85 22.56 19.86 23.36 18.54 17.37 18.47 14.60 14.89 14.45 17.45 18.40 17.81 18.18 20.00 20.00 22.12 26.79 26.21 28.32 28.54 28.03 28.32 25.92 19.86 17.01 19.35 19.05 21.32 17.30 16.50
0.00 0.00 0.00 0.00 1.90 3.36 3.21 0.00 6.13 7.30 9.71 11.97 14.31 19.20 21.68 21.53 21.39 19.35 19.35 17.67 18.03 13.94 11.39 8.61 9.05 7.08 6.57 10.88 15.11 14.75 18.40 20.81 21.97 20.37 20.73 19.13 18.83 19.35 22.27 21.10 22.27 23.21 23.87 23.87 21.53 25.26 24.24 24.53 24.16 22.63 21.02 23.21 23.80 23.65 24.38 25.62 27.52 21.90 20.51 12.70 11.02 11.17 11.17 14.31 15.77 14.24 17.89 16.64 16.64 20.73 21.68 26.35 25.77 24.67 24.31 19.93 19.71 18.25 13.80 11.02 13.72 19.05 18.40 17.59
0.00 0.00 2.63 0.00 1.83 3.80 0.00 3.43 4.67 7.08 6.42 9.78 11.46 14.09 13.94 17.89 18.61 18.47 18.47 17.45 15.26 15.99 12.63 11.90 11.32 12.48 10.88 10.59 13.94 15.26 18.69 21.83 20.73 18.32 18.25 18.69 17.89 20.29 24.97 25.11 25.70 22.92 22.48 22.48 26.86 20.66 19.13 16.43 16.35 18.91 18.18 21.83 16.57 18.61 24.45 23.07 27.89 22.19 16.06 12.12 8.98 9.93 11.10 11.02 11.32 12.78 17.37 19.71 19.71 23.21 22.27 24.45 22.56 20.95 20.66 20.44 16.21 6.79 4.02 0.00 12.92 17.89 14.82 20.00
0.00 0.00 2.63 0.00 1.83 3.80 0.00 3.43 4.67 7.08 6.42 9.78 11.46 14.09 13.94 17.89 18.61 18.47 18.47 17.45 15.26 15.99 12.63 11.90 11.32 12.48 10.88 10.59 13.94 15.26 18.69 21.83 20.73 18.32 18.25 18.69 17.89 20.29 24.97 25.11 25.70 22.92 22.48 22.48 26.86 20.66 19.13 16.43 16.35 18.91 18.18 21.83 16.57 18.61 24.45 23.07 27.89 22.19 16.06 12.12 8.98 9.93 11.10 11.02 11.32 12.78 17.37 19.71 19.71 23.21 22.27 24.45 22.56 20.95 20.66 20.44 16.21 6.79 4.02 0.00 12.92 17.89 14.82 20.00
0.00 2.92 2.04 4.60 6.79 6.35 7.08 4.02 3.07 2.48 5.77 5.18 8.91 13.29 16.43 16.13 17.59 15.91 15.91 13.14 11.90 12.19 10.66 10.51 9.93 13.14 14.60 13.80 14.53 14.16 18.91 17.67 21.17 22.63 19.49 16.64 15.40 20.88 21.68 16.06 17.23 19.27 18.98 18.98 21.75 17.30 16.28 15.18 16.06 17.37 14.82 15.77 15.40 17.23 19.56 16.43 16.50 16.79 23.00 11.75 17.45 16.50 15.48 13.87 17.67 17.45 17.23 19.05 19.05 23.51 25.77 24.82 24.82 21.39 21.68 18.98 15.04 7.23 5.55 9.93 11.10 10.88 12.78 15.84
0.00 2.63 4.60 4.67 6.64 8.69 8.47 7.59 3.36 5.04 4.31 7.52 9.78 12.12 12.48 13.29 14.60 14.16 14.16 14.31 12.05 11.53 9.56 10.15 10.15 14.02 15.62 15.77 14.45 15.70 17.30 17.30 22.27 21.75 20.88 16.06 17.37 12.99 13.36 13.65 15.04 16.43 14.60 14.60 18.61 17.96 15.99 14.53 12.26 12.05 13.58 14.53 18.61 16.43 16.79 15.11 15.84 17.45 18.69 18.61 20.29 20.95 20.44 24.82 20.44 19.05 24.60 27.52 27.52 26.65 26.28 26.06 16.94 18.47 17.37 17.23 15.84 10.07 9.86 9.42 9.56 9.05 10.95 11.39
1.75 1.10 2.04 1.97 5.33 7.52 8.25 4.96 5.48 5.91 8.40 8.10 9.13 10.95 10.37 10.66 11.39 11.24 11.24 12.48 12.70 12.41 11.39 9.27 13.07 15.40 13.87 15.62 13.72 11.24 14.16 10.88 15.40 15.26 12.41 15.55 13.51 9.20 8.61 3.36 6.57 5.62 14.24 14.24 13.07 12.78 12.41 12.26 12.34 12.63 14.45 25.04 22.05 18.54 21.39 20.22 16.43 20.88 21.24 22.63 25.62 25.77 25.92 26.06 24.16 24.60 26.79 29.57 29.57 29.13 28.47 15.40 13.43 14.16 14.45 10.29 9.78 9.49 9.56 8.76 7.30 9.49 10.95 10.95
1.17 2.19 1.53 0.00 2.63 4.60 4.02 6.94 8.54 12.41 11.46 16.72 20.44 18.98 20.08 10.88 12.05 10.29 10.29 11.17 12.70 14.53 14.45 14.45 14.24 15.33 20.88 17.37 11.39 11.83 8.40 8.40 9.20 10.88 12.70 8.25 9.56 7.01 1.24 0.00 6.35 11.10 9.13 9.13 11.39 13.80 15.55 18.47 23.51 27.52 28.69 28.54 26.94 27.74 25.40 23.00 19.86 19.13 23.65 21.24 20.59 21.53 23.21 21.24 24.16 23.43 26.57 24.31 24.31 21.75 26.35 23.29 12.85 12.19 9.34 8.10 7.45 7.45 7.30 6.79 7.01 7.45 8.98 10.73
3.21 3.07 1.10 1.31 1.10 2.48 6.35 5.48 8.47 11.90 16.79 15.70 21.39 23.51 18.54 20.29 15.04 17.59 17.59 15.55 15.48 14.82 16.35 16.64 20.15 22.63 21.97 21.61 15.84 17.52 9.71 9.64 7.30 6.94 8.83 3.43 1.46 0.00 0.00 0.00 4.31 7.88 9.49 9.49 10.88 12.41 9.49 9.64 17.01 21.24 12.19 20.88 24.67 23.73 26.86 23.29 23.87 27.74 21.90 20.37 17.52 14.97 16.13 18.32 21.97 22.92 22.27 22.41 22.41 20.95 23.94 12.85 10.51 11.97 9.56 7.88 7.37 9.71 7.88 8.10 7.45 7.66 7.81 8.47
3.21 3.07 1.10 1.31 1.10 2.48 6.35 5.48 8.47 11.90 16.79 15.70 21.39 23.51 18.54 20.29 15.04 17.59 17.59 15.55 15.48 14.82 16.35 16.64 20.15 22.63 21.97 21.61 15.84 17.52 9.71 9.64 7.30 6.94 8.83 3.43 1.46 0.00 0.00 0.00 4.31 7.88 9.49 9.49 10.88 12.41 9.49 9.64 17.01 21.24 12.19 20.88 24.67 23.73 26.86 23.29 23.87 27.74 21.90 20.37 17.52 14.97 16.13 18.32 21.97 22.92 22.27 22.41 22.41 20.95 23.94 12.85 10.51 11.97 9.56 7.88 7.37 9.71 7.88 8.10 7.45 7.66 7.81 8.47
3.72 2.77 3.21 2.77 3.14 1.02 3.87 12.63 15.33 12.48 14.75 17.74 17.52 20.15 19.13 21.97 19.56 17.45 17.45 18.10 16.13 19.35 19.42 19.64 19.86 21.02 21.39 21.90 20.51 17.74 14.24 9.93 6.94 5.40 5.33 2.77 1.53 0.00 0.00 2.56 0.00 4.31 8.32 8.32 3.50 3.72 3.36 4.16 7.74 3.80 5.62 10.44 15.99 8.98 16.21 14.89 14.97 13.51 7.88 11.90 15.11 14.24 15.77 17.08 20.37 20.88 20.08 19.49 19.49 19.13 21.83 20.37 16.64 12.99 13.72 10.59 11.39 9.93 9.42 9.42 7.81 7.45 7.15 7.52
4.53 4.67 5.40 5.40 5.55 6.13 12.78 11.24 16.21 15.84 17.89 17.89 17.30 16.50 19.64 18.83 20.37 20.81 20.81 20.29 20.00 21.46 21.46 21.68 20.69 22.26 21.24 20.66 18.83 20.08 12.12 6.79 8.18 4.31 5.69 2.04 0.95 0.66 0.88 1.53 2.12 1.31 1.61 1.61 1.31 1.53 0.00 0.00 0.00 0.00 2.92 4.74 0.00 4.60 6.42 2.92 5.18 3.87 6.50 10.29 13.36 15.33 17.37 20.29 19.64 21.32 16.86 18.91 18.91 19.86 22.56 21.75 18.18 15.91 12.78 9.34 9.78 9.49 10.00 10.00 10.51 10.73 7.81 5.91
9.20 6.86 9.93 8.54 6.86 7.01 11.10 15.18 14.45 15.04 13.80 8.83 9.78 7.23 7.52 12.19 21.10 21.83 21.83 22.05 21.46 19.71 24.82 24.41 28.08 24.73 23.11 24.99 23.14 23.36 9.78 16.94 11.68 7.23 8.40 3.07 1.61 1.97 1.61 2.92 2.12 1.53 1.17 1.17 1.10 0.44 0.00 0.00 0.00 0.00 0.00 0.00 0.00 0.00 0.00 1.61 2.04 3.87 5.77 8.32 12.48 15.55 16.94 19.20 17.16 14.97 15.62 15.33 15.33 19.64 20.51 18.98 17.89 15.70 12.78 13.43 13.80 12.12 11.75 13.80 10.15 11.10 8.03 8.83
9.34 11.32 9.64 10.29 7.52 5.26 6.13 5.40 6.94 2.99 0.00 2.77 5.18 4.23 7.37 5.77 13.58 9.93 9.93 11.90 15.18 20.53 13.17 18.74 22.09 24.43 25.80 26.47 28.45 26.67 23.73 19.27 15.84 20.08 15.33 8.83 14.16 6.50 3.36 4.31 2.85 2.41 0.51 0.51 0.00 0.00 0.00 0.00 0.00 0.00 0.00 0.00 0.00 0.00 0.00 0.00 1.39 4.09 7.08 5.69 11.10 15.33 21.32 24.38 19.42 16.35 23.21 16.94 16.94 23.73 22.56 20.59 22.70 18.03 17.52 17.67 15.55 14.02 14.24 13.29 11.53 13.07 13.65 11.02
8.69 11.68 10.07 8.47 8.69 6.79 5.11 5.55 5.48 3.72 0.00 0.00 0.00 0.00 0.00 2.48 7.08 7.52 7.52 4.28 0.00 0.00 0.00 8.25 7.19 15.26 15.65 28.01 28.65 28.24 27.51 27.74 24.67 25.77 20.51 24.75 19.64 10.51 4.67 4.02 1.97 0.66 0.29 0.29 0.00 0.00 0.00 0.00 0.00 0.00 0.00 0.00 0.00 0.00 0.00 0.00 3.21 4.02 7.88 13.43 16.64 24.75 22.78 25.92 25.11 30.00 28.91 24.31 24.31 26.72 25.11 19.42 19.20 18.47 17.96 18.69 16.06 16.79 15.70 15.91 16.94 16.13 17.30 18.69
8.69 11.68 10.07 8.47 8.69 6.79 5.11 5.55 5.48 3.72 0.00 0.00 0.00 0.00 0.00 2.48 7.08 7.52 7.56 4.42 0.00 0.00 0.00 8.46 7.08 15.26 15.18 26.03 26.77 28.68 27.79 28.90 27.72 27.27 21.04 24.75 19.64 10.51 4.67 4.02 1.97 0.66 0.29 0.29 0.00 0.00 0.00 0.00 0.00 0.00 0.00 0.00 0.00 0.00 0.00 0.00 3.21 4.02 7.88 13.43 16.64 24.75 22.78 25.92 25.11 30.00 28.91 24.31 24.31 26.72 25.11 19.42 19.20 18.47 17.96 18.69 16.06 16.79 15.70 15.91 16.94 16.13 17.30 18.69
13.51 14.45 12.56 9.20 7.59 6.64 5.99 5.11 4.74 6.64 5.26 6.06 2.41 0.00 4.09 2.63 7.52 9.42 9.42 8.69 4.38 0.00 0.00 0.00 0.00 7.15 17.92 10.27 28.69 17.09 24.11 26.85 30.13 29.63 27.32 23.90 24.85 15.99 16.50 6.20 3.14 2.04 0.44 0.44 1.68 0.51 0.29 0.51 0.00 0.00 0.00 0.00 0.00 0.00 0.00 0.00 3.50 4.38 7.96 5.26 11.83 18.61 15.18 27.23 30.88 30.08 30.44 27.30 27.30 28.32 21.61 19.13 17.30 17.89 18.83 18.91 16.79 17.52 14.45 15.55 16.57 16.43 16.21 19.27
10.95 15.55 14.82 12.05 12.78 8.18 6.20 6.72 5.84 7.30 6.94 4.60 2.92 3.36 3.58 8.03 14.16 11.39 11.39 9.10 4.74 0.00 0.00 0.00 0.00 0.00 0.00 12.86 7.52 11.13 18.76 20.81 19.13 27.18 30.42 29.20 26.46 19.96 21.83 11.90 6.35 3.50 9.05 9.05 4.67 1.61 1.75 1.31 1.17 0.00 0.00 0.00 0.00 0.00 0.00 0.00 0.00 0.00 0.00 0.00 5.40 10.80 9.42 20.81 28.76 26.72 24.67 22.48 22.48 21.02 21.75 19.49 16.13 16.43 16.28 17.74 15.62 10.29 11.97 11.46 11.61 11.32 14.45 17.45
15.55 14.75 17.52 16.64 11.61 12.99 8.25 8.25 9.05 7.59 8.25 5.55 8.32 6.20 8.47 13.58 10.51 7.96 7.96 9.34 6.64 4.60 2.34 0.00 0.00 0.00 0.00 0.00 0.00 8.76 12.78 11.75 14.82 20.00 26.28 22.43 30.32 25.11 25.99 21.61 18.69 13.72 15.55 15.55 8.61 2.26 1.46 1.83 1.39 1.17 1.61 0.00 0.00 0.00 0.00 0.00 0.00 0.00 0.00 0.00 0.00 0.00 5.77 15.62 18.03 24.09 25.92 21.10 21.10 20.08 11.24 12.26 10.88 10.51 10.51 9.86 9.42 10.73 10.88 12.56 13.51 14.97 14.09 14.09
11.39 16.86 13.51 20.22 18.10 11.10 7.74 6.79 10.80 9.71 13.51 11.02 8.40 9.05 7.52 8.61 8.54 7.01 7.01 2.48 3.50 2.92 3.36 0.00 3.50 0.00 2.41 3.96 3.58 6.35 8.32 10.80 8.83 10.51 9.27 14.53 24.53 25.57 29.80 27.43 23.21 15.70 14.97 14.97 7.74 5.04 2.63 4.53 1.90 2.12 2.04 0.00 2.92 0.00 0.00 0.00 0.00 0.00 4.89 4.82 3.36 4.02 7.30 11.53 9.86 17.89 22.19 15.11 15.11 6.72 6.06 6.50 6.79 6.94 7.01 8.98 11.02 11.24 12.41 12.34 13.43 9.27 10.51 7.37
0.00 0.00 3.36 8.83 9.13 9.34 7.30 4.09 5.60 11.97 10.51 14.02 13.21 10.80 6.79 5.18 1.17 1.24 1.24 1.31 2.19 2.85 3.21 4.38 3.80 0.00 3.58 0.00 2.12 2.99 4.38 1.61 2.26 4.45 9.20 12.26 17.59 15.55 24.68 28.38 22.45 18.54 17.81 17.81 14.09 9.78 5.55 10.29 4.74 3.43 5.26 3.14 3.43 0.00 0.00 0.00 0.00 0.00 4.38 5.84 4.82 3.65 0.00 4.38 3.07 4.96 3.87 7.30 7.30 2.92 4.82 4.67 3.58 3.58 5.84 7.66 7.30 9.42 9.93 6.06 5.84 5.40 6.79 5.33
0.00 0.00 0.00 0.00 7.01 8.03 5.40 6.13 2.99 4.38 4.09 10.59 9.49 10.15 7.88 1.53 0.00 0.00 0.00 0.00 2.34 2.70 4.31 4.96 3.80 3.21 0.00 3.14 0.00 0.00 0.00 0.00 1.35 0.00 0.00 4.23 9.05 5.60 12.78 11.17 17.25 12.41 14.60 14.60 15.62 14.24 14.02 13.29 10.88 14.82 7.88 3.58 4.38 3.07 0.00 0.00 0.00 0.00 2.04 4.16 2.63 3.87 3.07 3.80 0.00 0.00 1.83 2.34 2.34 1.97 2.19 1.02 0.00 0.00 3.14 1.68 3.58 6.20 0.00 1.02 2.48 2.56 2.63 4.31
0.00 0.00 0.00 0.00 7.01 8.03 5.40 6.13 2.92 4.38 4.09 10.59 9.49 10.15 7.88 1.53 0.00 0.00 0.00 0.00 2.34 2.70 4.31 4.96 3.80 3.21 0.00 3.14 0.00 0.00 0.00 0.00 1.31 0.00 0.00 4.26 9.05 5.58 12.90 11.17 17.08 12.41 14.60 14.60 15.62 14.24 14.02 13.29 10.88 14.82 7.88 3.58 4.38 3.07 0.00 0.00 0.00 0.00 2.04 4.16 2.63 3.87 3.07 3.80 0.00 0.00 1.83 2.34 2.34 1.97 2.19 1.02 0.00 0.00 3.14 1.68 3.58 6.20 0.00 1.02 2.48 2.56 2.63 4.31
0.00 0.00 0.00 0.00 0.00 7.88 10.29 11.41 6.97 3.29 3.65 4.53 6.50 2.41 0.37 0.00 0.00 0.00 0.00 0.00 0.00 3.94 3.80 3.87 1.31 0.00 3.07 1.68 0.00 0.15 0.15 0.66 0.00 0.00 0.00 0.00 3.43 2.56 6.90 4.16 5.33 4.60 5.18 5.18 8.03 11.68 10.59 14.24 15.40 15.33 13.43 11.61 9.42 4.82 0.00 0.00 0.00 2.92 3.43 4.67 4.23 4.45 3.58 4.45 2.56 0.00 0.00 2.63 2.63 0.00 0.00 0.00 0.00 0.00 0.00 0.00 0.00 0.00 0.00 0.00 0.00 0.95 1.68 0.66
