Wansh/Snow_depth/snowdepth-1994/winter/1995022.txt
ncols 321
nrows 161
xllcenter 60
yllcenter 15 
cellsize  0.25 
NODATA_value -1
[rows 0 to 36 of 161, columns 84 to 167 of 321]
15.04 14.60 15.11 15.26 14.09 11.90 12.78 7.45 7.37 6.86 8.98 11.02 11.97 12.63 12.48 12.70 11.46 12.26 12.26 12.19 10.80 9.13 9.20 4.74 5.91 0.00 0.00 0.00 0.00 0.00 2.56 1.24 8.32 10.22 8.47 7.81 9.20 10.07 7.81 9.93 9.27 9.27 11.90 11.90 6.72 8.18 5.11 4.53 6.94 6.94 7.52 9.05 8.47 6.13 7.37 8.25 8.61 8.47 9.20 5.91 4.60 5.11 3.80 2.92 2.85 1.90 3.29 4.53 4.53 5.77 7.45 8.98 8.76 8.32 9.05 8.91 8.76 10.73 12.56 11.02 11.61 10.00 10.22 9.20
14.45 13.29 13.29 12.48 11.32 12.99 8.32 9.05 7.88 9.27 8.83 9.42 8.98 8.98 8.47 9.78 9.42 11.46 11.46 10.95 10.95 10.37 10.66 8.18 7.23 1.46 3.07 0.00 0.00 0.00 0.00 1.24 6.79 5.48 8.40 7.81 7.30 8.18 8.10 7.45 8.61 11.90 12.48 12.48 11.17 10.88 8.18 10.22 6.20 7.08 5.55 4.09 4.38 4.16 6.06 6.42 7.01 8.18 7.96 7.08 6.28 8.47 7.81 8.32 9.05 6.86 7.08 7.23 7.23 6.64 9.49 10.66 10.00 10.07 10.22 11.02 14.31 14.75 13.80 12.48 13.29 13.51 11.75 12.12
13.36 13.51 11.83 12.26 10.59 11.10 10.73 12.63 12.92 12.63 13.36 11.02 11.53 9.20 7.74 8.10 5.33 5.40 5.40 5.04 8.03 9.71 9.20 9.56 4.67 6.64 2.70 0.00 0.00 0.00 0.44 1.39 5.55 4.31 7.37 9.42 8.47 11.39 11.24 12.26 11.97 12.05 11.32 11.32 13.72 15.40 15.33 13.51 13.51 6.28 4.67 3.36 3.14 3.72 4.53 4.16 5.99 8.91 8.18 10.22 9.78 11.39 12.85 9.56 10.66 10.37 13.29 12.34 12.34 12.34 12.85 11.10 10.37 10.95 13.65 12.78 15.77 16.50 15.84 15.62 15.04 14.89 15.48 17.52
13.36 13.51 11.83 12.26 10.59 11.10 10.73 12.63 12.92 12.63 13.36 11.02 11.53 9.20 7.74 8.10 5.33 5.40 5.40 5.04 8.03 9.71 9.20 9.56 4.67 6.64 2.70 0.00 0.00 0.00 0.44 1.39 5.55 4.31 7.37 9.42 8.47 11.39 11.24 12.26 11.97 12.05 11.32 11.32 13.72 15.40 15.33 13.51 13.51 6.28 4.67 3.36 3.14 3.72 4.53 4.16 5.99 8.91 8.18 10.22 9.78 11.39 12.85 9.56 10.66 10.37 13.29 12.34 12.34 12.34 12.85 11.10 10.37 10.95 13.65 12.78 15.77 16.50 15.84 15.62 15.04 14.89 15.48 17.52
14.09 12.34 12.99 11.10 11.02 10.59 10.95 10.88 10.95 12.85 12.63 12.26 10.73 10.95 9.42 7.23 7.66 4.74 4.74 3.72 2.12 1.97 5.48 10.51 10.44 9.56 5.04 1.02 1.83 0.00 1.17 1.31 3.72 3.80 7.23 8.83 11.53 9.78 14.38 13.94 13.51 12.12 12.26 12.26 13.43 15.70 18.25 15.70 16.86 8.91 9.78 7.30 3.50 2.70 3.36 3.65 5.18 4.60 6.57 8.91 11.68 10.88 13.51 14.45 14.45 14.67 14.38 14.82 14.82 13.94 12.56 11.97 12.12 11.75 11.68 12.41 12.12 14.45 14.38 12.12 11.39 14.82 14.02 17.16
15.91 14.67 12.41 12.48 12.19 9.93 10.44 9.56 10.37 10.37 10.07 11.17 10.88 11.53 10.37 10.59 10.51 6.13 6.13 7.96 1.90 1.68 2.56 5.77 6.20 6.86 7.45 3.80 2.56 1.75 1.68 2.34 3.87 3.43 5.77 8.54 11.90 13.07 12.70 13.51 11.75 10.66 11.24 11.24 13.80 13.21 16.57 14.38 12.19 12.12 5.91 3.72 3.36 3.29 3.29 3.94 4.38 6.86 6.57 8.32 11.10 14.38 12.85 16.57 17.08 16.57 14.38 15.11 15.11 12.70 11.90 12.19 14.24 14.31 12.63 10.88 11.75 11.53 9.20 9.42 9.20 11.17 14.75 16.28
15.70 14.97 15.40 13.51 14.24 12.63 11.32 14.24 11.17 10.37 10.73 9.71 10.37 7.45 10.44 10.15 11.97 12.56 12.56 12.34 7.01 3.36 3.94 4.82 4.82 4.67 5.84 3.14 2.63 3.29 2.63 2.70 2.77 4.82 5.99 9.20 12.12 12.85 11.39 9.42 9.93 9.64 9.86 9.86 9.13 11.46 10.88 12.85 10.95 12.70 6.06 4.23 3.50 4.89 5.69 5.11 6.57 8.69 10.15 11.97 11.61 14.53 18.25 14.60 17.37 17.16 16.06 16.79 16.79 13.94 15.18 16.21 16.94 16.94 15.33 16.43 14.38 14.31 11.02 11.90 10.15 10.07 11.97 14.38
15.70 14.97 15.40 13.51 14.24 12.63 11.32 14.24 11.17 10.37 10.73 9.71 10.37 7.45 10.44 10.15 11.97 12.56 12.56 12.34 7.01 3.36 3.94 4.82 4.82 4.67 5.84 3.14 2.63 3.29 2.63 2.70 2.77 4.82 5.99 9.20 12.12 12.85 11.39 9.42 9.93 9.64 9.86 9.86 9.13 11.46 10.88 12.85 10.95 12.70 6.06 4.23 3.50 4.89 5.69 5.11 6.57 8.69 10.15 11.97 11.61 14.53 18.25 14.60 17.37 17.16 16.06 16.79 16.79 13.94 15.18 16.21 16.94 16.94 15.33 16.43 14.38 14.31 11.02 11.90 10.15 10.07 11.97 14.38
15.33 14.31 13.21 13.43 13.51 14.16 13.94 13.87 13.29 13.36 11.10 6.64 7.30 5.84 9.78 8.83 12.56 13.87 13.87 15.18 14.45 14.89 9.49 4.82 5.48 4.23 3.65 2.85 3.36 3.36 3.87 4.16 3.72 5.48 12.12 12.34 10.51 13.72 11.68 9.34 7.01 7.08 6.42 6.42 7.96 8.98 5.48 6.13 6.13 11.53 10.44 6.42 8.47 7.52 7.37 7.66 9.20 9.27 9.64 10.66 10.80 12.41 12.26 14.75 15.33 16.79 12.78 14.75 14.75 14.53 14.60 15.70 15.99 17.16 17.01 16.86 16.50 14.97 14.02 13.80 14.97 10.07 11.39 11.10
13.43 14.09 13.80 13.87 14.24 14.16 13.36 12.48 13.51 11.61 10.15 8.47 7.37 7.96 11.83 10.88 15.11 15.33 15.33 15.62 15.11 14.67 9.34 4.53 5.55 2.56 3.50 3.50 3.72 3.58 3.58 3.94 4.09 8.91 9.42 12.48 11.53 13.58 9.34 7.52 6.42 4.67 6.06 6.06 4.89 4.96 5.33 5.69 5.18 8.61 10.29 9.86 10.15 10.88 13.14 11.02 10.29 10.44 10.00 11.10 10.66 10.88 9.93 9.56 10.95 10.44 11.97 12.63 12.63 17.16 17.67 17.08 17.59 16.72 18.25 16.64 17.08 16.57 21.17 16.57 18.25 12.48 9.64 10.07
13.14 14.16 13.51 13.58 13.14 12.34 12.41 11.32 11.24 10.37 10.73 8.40 8.47 8.18 11.61 15.40 16.43 16.43 16.43 16.94 15.55 16.21 12.12 9.13 5.18 4.09 3.94 4.09 4.16 3.80 3.72 3.50 4.96 4.82 6.57 8.25 8.61 8.69 8.69 7.66 6.13 7.59 8.61 8.61 7.66 8.83 6.50 8.03 7.01 11.24 14.89 14.82 15.84 13.29 14.53 11.39 14.38 14.16 13.21 14.97 12.48 10.22 10.88 10.22 12.85 14.16 17.67 19.49 19.49 19.05 19.93 22.12 22.05 20.51 19.93 20.66 22.92 22.05 21.61 22.78 17.08 18.32 12.56 14.02
13.14 14.16 13.51 13.58 13.14 12.34 12.41 11.32 11.24 10.37 10.73 8.40 8.47 8.18 11.61 15.40 16.43 16.43 16.43 16.94 15.55 16.21 12.12 9.13 5.18 4.09 3.94 4.09 4.16 3.80 3.72 3.50 4.96 4.82 6.57 8.25 8.61 8.69 8.69 7.66 6.13 7.59 8.61 8.61 7.66 8.83 6.50 8.03 7.01 11.24 14.89 14.82 15.84 13.29 14.53 11.39 14.38 14.16 13.21 14.97 12.48 10.22 10.88 10.22 12.85 14.16 17.67 19.49 19.49 19.05 19.93 22.12 22.05 20.51 19.93 20.66 22.92 22.05 21.61 22.78 17.08 18.32 12.56 14.02
9.13 9.56 9.71 7.37 6.64 9.78 9.05 6.94 9.05 8.10 9.86 11.90 11.17 15.55 16.86 16.86 17.01 17.67 17.67 18.40 15.11 15.91 9.56 6.64 6.86 4.23 4.67 5.04 4.74 4.96 6.06 5.18 4.60 4.45 7.08 6.57 9.49 11.61 15.11 13.07 12.99 13.58 11.02 11.02 12.41 9.78 9.64 9.78 10.73 10.15 16.94 19.20 18.76 16.79 15.77 15.55 15.55 16.43 17.74 17.45 14.60 13.29 11.68 12.63 12.99 13.80 15.84 19.05 19.05 21.53 22.85 22.70 24.09 25.92 25.40 25.70 24.97 26.86 24.53 25.26 21.02 20.73 17.89 17.81
7.45 7.66 5.69 6.13 5.18 4.82 5.40 5.11 7.74 9.86 9.20 12.12 16.79 19.27 17.96 20.81 19.20 19.20 19.20 19.42 17.74 13.51 9.34 7.59 7.45 7.88 5.69 4.74 7.52 8.40 6.20 13.80 14.16 14.02 8.54 18.83 19.64 20.22 17.08 17.81 17.89 15.48 14.60 14.60 15.04 13.07 21.32 12.99 18.25 14.38 19.56 18.69 18.98 17.16 17.23 19.56 17.08 16.21 16.50 15.40 14.24 14.60 15.99 16.43 15.77 18.76 17.89 19.56 19.56 21.46 22.19 25.77 24.97 26.13 27.01 24.82 24.82 26.13 23.36 17.37 16.28 20.66 18.03 16.13
3.87 4.53 5.55 5.18 6.72 5.18 4.96 5.11 7.59 6.64 11.75 12.99 13.14 15.40 20.88 20.15 20.51 20.22 20.22 18.69 15.33 13.94 10.88 10.88 8.98 9.78 7.45 8.40 13.72 13.87 15.33 14.97 17.23 19.05 20.08 19.78 19.78 18.91 19.64 19.49 19.49 19.42 23.58 23.58 24.09 22.78 23.21 22.85 18.03 18.98 20.66 20.88 20.88 21.10 20.51 21.61 20.95 21.17 15.99 17.23 12.92 11.10 8.47 10.88 14.45 15.70 15.26 18.32 18.32 17.08 21.17 23.43 22.12 21.39 21.53 20.44 17.74 10.00 11.83 9.05 15.26 19.78 19.49 19.27
4.31 4.23 6.64 6.13 7.88 6.28 4.31 4.31 5.69 9.13 8.10 11.68 10.22 13.58 15.84 15.77 19.20 18.61 18.61 16.50 15.33 15.62 13.29 11.17 10.59 11.61 10.07 13.21 11.68 14.02 14.45 16.13 16.94 21.10 20.44 17.89 18.03 19.93 21.61 22.56 23.00 22.05 21.90 21.90 21.53 16.13 15.40 20.59 20.08 16.43 18.10 16.57 17.45 19.27 18.69 21.75 20.81 19.64 15.11 11.17 8.98 10.37 8.61 9.42 11.17 14.09 16.13 18.54 18.54 17.67 20.29 23.36 21.61 18.83 20.00 19.71 18.40 6.57 0.00 0.00 14.24 14.67 18.54 18.32
4.31 4.23 6.64 6.13 7.88 6.28 4.31 4.31 5.69 9.13 8.10 11.68 10.22 13.58 15.84 15.77 19.20 18.61 18.61 16.50 15.33 15.62 13.29 11.17 10.59 11.61 10.07 13.21 11.68 14.02 14.45 16.13 16.94 21.10 20.44 17.89 18.03 19.93 21.61 22.56 23.00 22.05 21.90 21.90 21.53 16.13 15.40 20.59 20.08 16.43 18.10 16.57 17.45 19.27 18.69 21.75 20.81 19.64 15.11 11.17 8.98 10.37 8.61 9.42 11.17 14.09 16.13 18.54 18.54 17.67 20.29 23.36 21.61 18.83 20.00 19.71 18.40 6.57 0.00 0.00 14.24 14.67 18.54 18.32
5.91 4.45 6.64 10.00 12.26 10.07 9.34 4.89 3.80 3.72 5.11 8.40 12.19 11.10 13.80 14.89 17.08 15.26 15.26 15.84 14.82 12.48 10.80 10.22 11.02 12.99 12.70 11.90 13.21 13.51 14.09 15.77 17.96 19.05 19.05 19.35 18.18 19.42 16.72 17.01 18.61 18.69 19.42 19.42 15.77 14.82 13.29 17.67 13.36 14.24 13.51 15.55 15.40 16.43 14.97 17.23 16.72 17.08 13.72 13.36 11.53 12.41 15.40 15.04 15.70 14.24 16.06 20.29 20.29 23.58 24.16 24.38 22.56 19.78 20.37 20.22 19.93 11.17 4.02 9.71 9.05 12.26 15.33 16.43
5.62 7.96 9.93 9.42 13.36 12.48 8.18 9.34 4.89 5.48 6.79 6.20 7.66 11.90 13.07 12.78 14.53 12.99 12.99 13.21 12.41 11.61 9.13 10.07 11.24 15.04 12.19 14.53 15.26 16.06 15.40 17.30 18.61 20.66 20.08 17.37 16.28 14.82 15.18 15.40 14.82 10.44 12.63 12.63 12.78 13.51 13.72 9.71 10.15 11.46 13.87 12.41 12.78 12.85 13.07 13.72 14.75 15.62 15.26 16.35 21.46 23.58 22.63 19.64 17.23 21.32 22.12 21.61 21.61 24.53 26.57 20.88 18.25 18.61 19.35 14.24 9.93 11.39 8.54 8.83 8.91 11.75 10.88 13.87
7.23 7.01 8.18 11.39 10.73 14.02 12.78 11.32 9.34 9.78 7.30 7.45 9.78 9.71 8.32 9.27 10.95 13.21 13.21 11.39 11.68 11.46 11.68 10.37 14.60 12.78 13.36 15.26 15.04 12.26 14.24 17.74 20.37 13.65 15.33 14.97 13.65 11.53 3.50 4.60 4.45 7.45 10.15 10.15 11.53 10.37 10.00 10.51 9.49 20.15 18.03 17.45 15.77 18.10 15.99 17.08 15.40 16.79 20.29 23.14 18.76 23.73 25.40 22.92 23.51 23.36 25.40 26.28 26.28 22.85 24.09 17.45 13.80 12.70 12.26 13.51 9.13 8.76 8.76 8.83 8.61 11.02 10.51 12.26
6.57 7.66 7.96 7.74 9.20 11.24 12.26 12.26 11.75 10.51 12.92 14.02 12.34 12.48 8.98 11.17 9.34 8.54 8.54 10.44 10.37 10.95 11.61 12.26 11.97 15.04 18.69 15.48 16.28 11.90 10.29 10.15 11.53 12.70 13.14 13.14 7.59 1.68 0.00 3.65 8.25 11.24 10.95 10.95 10.80 11.32 18.18 21.68 21.10 24.16 24.60 23.36 26.94 24.75 20.29 25.04 21.68 22.56 18.76 19.13 15.26 17.89 19.35 18.76 22.63 24.02 23.00 24.31 24.31 19.49 20.44 10.29 10.59 11.53 9.05 7.81 8.18 7.88 7.96 8.25 7.81 9.13 12.26 11.61
7.59 7.30 7.81 8.61 10.29 9.05 11.39 14.45 15.18 14.60 14.53 15.33 15.84 19.93 16.13 17.59 11.68 13.72 13.72 11.97 13.51 14.02 14.16 15.40 16.94 18.32 21.53 19.78 19.35 14.45 15.55 9.86 9.49 6.50 5.77 3.21 3.87 1.39 0.00 0.00 6.64 9.56 9.20 9.20 8.25 10.15 14.02 18.10 21.32 17.23 19.13 17.45 21.83 25.55 20.95 25.48 23.07 23.94 19.86 12.78 13.80 14.75 16.43 16.43 18.98 20.59 20.22 21.83 21.83 17.52 14.31 11.46 11.32 13.36 9.34 8.61 9.78 9.71 8.76 9.64 8.25 8.40 7.59 9.20
7.59 7.30 7.81 8.61 10.29 9.05 11.39 14.45 15.18 14.60 14.53 15.33 15.84 19.93 16.13 17.59 11.68 13.72 13.72 11.97 13.51 14.02 14.16 15.40 16.94 18.32 21.53 19.78 19.35 14.45 15.55 9.86 9.49 6.50 5.77 3.21 3.87 1.39 0.00 0.00 6.64 9.56 9.20 9.20 8.25 10.15 14.02 18.10 21.32 17.23 19.13 17.45 21.83 25.55 20.95 25.48 23.07 23.94 19.86 12.78 13.80 14.75 16.43 16.43 18.98 20.59 20.22 21.83 21.83 17.52 14.31 11.46 11.32 13.36 9.34 8.61 9.78 9.71 8.76 9.64 8.25 8.40 7.59 9.20
7.52 8.47 9.34 8.91 11.32 13.94 14.97 14.09 17.23 15.33 17.01 15.70 15.33 16.28 19.86 20.15 17.45 17.16 17.16 14.67 14.45 17.30 17.89 18.54 19.86 19.42 21.90 17.74 16.94 14.97 13.14 11.83 8.18 5.62 3.72 2.70 0.80 0.00 0.00 0.00 3.80 2.04 2.85 2.85 5.18 7.74 5.91 2.04 3.07 5.84 8.69 13.87 11.02 15.70 14.31 20.66 9.86 10.44 16.94 16.35 13.21 14.38 15.48 17.45 18.76 19.49 18.18 18.32 18.32 18.18 17.67 21.32 16.86 18.10 13.14 12.85 9.27 9.05 10.07 9.42 8.91 8.69 9.56 7.23
9.71 9.56 9.78 12.41 15.33 14.75 17.01 21.97 20.22 16.79 17.08 16.72 14.89 13.94 18.03 16.94 17.45 17.67 17.67 17.30 18.03 18.61 17.96 18.70 17.53 18.88 17.48 17.30 16.50 16.21 16.94 13.51 10.00 6.13 2.48 3.07 1.39 0.88 1.39 1.75 1.90 2.04 2.12 2.12 1.24 3.29 2.63 1.02 2.04 2.04 0.00 1.75 5.77 9.13 6.35 6.42 6.13 7.30 11.90 11.02 12.41 11.83 14.31 16.86 19.35 17.74 17.81 19.05 19.05 18.98 20.95 20.81 19.56 15.48 10.80 11.97 8.98 10.00 9.56 12.12 12.34 11.10 8.03 8.40
12.19 13.58 13.51 13.72 14.24 18.03 20.88 20.08 20.73 17.52 7.88 13.21 12.48 9.86 10.66 13.21 17.16 17.59 17.59 18.25 17.96 18.47 20.81 19.93 22.20 18.70 19.05 21.15 21.53 21.46 19.42 20.22 13.29 8.54 9.49 6.35 2.26 2.19 4.38 3.29 2.77 1.83 1.10 1.10 1.61 1.31 0.44 0.44 0.00 0.00 0.00 0.00 3.58 4.31 4.96 5.48 5.33 7.01 7.23 10.44 12.70 11.90 16.57 15.84 16.35 16.13 16.50 17.45 17.45 18.10 18.32 18.61 18.25 15.26 11.02 12.63 12.99 10.51 13.87 13.58 11.75 12.26 8.25 9.64
13.43 13.29 12.99 12.78 13.80 13.21 14.97 12.85 8.25 3.29 0.00 0.00 0.00 5.77 7.15 8.25 15.70 11.75 11.75 13.36 8.61 18.45 14.75 13.17 16.72 20.27 18.54 21.31 23.10 22.72 20.66 18.47 17.67 13.29 9.13 15.04 9.56 10.80 7.15 4.09 3.07 2.04 0.73 0.73 1.10 0.00 0.00 0.00 0.00 0.00 0.00 0.00 0.00 0.00 4.16 3.72 4.60 5.48 6.86 10.59 15.11 19.13 20.15 19.42 23.65 20.59 21.32 21.61 21.61 21.53 24.75 20.44 21.46 17.23 17.96 16.57 15.70 13.94 13.94 13.51 12.70 14.97 10.88 12.19
14.45 13.87 11.75 12.12 10.51 12.78 12.34 8.61 9.86 0.00 0.00 0.00 0.00 0.00 5.69 5.99 7.96 6.13 6.13 7.95 4.42 5.26 7.90 11.32 10.01 13.87 12.57 21.03 24.39 21.90 23.77 24.38 23.14 20.88 22.92 19.49 13.94 9.13 5.91 3.29 4.23 1.83 1.10 1.10 1.24 1.10 0.00 0.00 0.00 0.00 0.00 0.00 0.00 1.53 2.99 2.41 4.53 4.45 5.04 8.76 13.21 18.69 22.63 25.40 28.40 27.23 27.16 26.57 26.57 24.60 25.48 21.68 17.01 17.74 17.59 18.18 16.21 14.67 18.40 18.18 15.91 16.06 16.35 15.70
14.45 13.87 11.75 12.12 10.51 12.78 12.34 8.61 9.86 0.00 0.00 0.00 0.00 0.00 5.69 5.99 7.96 6.13 6.16 8.21 4.49 5.63 7.70 11.61 9.86 13.87 12.19 19.54 22.78 22.24 24.01 25.40 26.00 22.09 23.51 19.49 13.94 9.13 5.91 3.29 4.23 1.83 1.10 1.10 1.24 1.10 0.00 0.00 0.00 0.00 0.00 0.00 0.00 1.53 2.99 2.41 4.53 4.45 5.04 8.76 13.21 18.69 22.63 25.40 28.40 27.23 27.16 26.57 26.57 24.60 25.48 21.68 17.01 17.74 17.59 18.18 16.21 14.67 18.40 18.18 15.91 16.06 16.35 15.70
14.89 15.04 12.85 9.49 9.93 9.42 10.95 9.93 8.47 3.07 6.06 3.29 0.00 0.22 4.82 3.43 10.07 4.16 4.16 8.10 5.84 0.00 0.00 0.00 0.00 8.63 4.20 11.96 10.15 18.49 24.19 25.34 24.11 26.30 23.78 24.06 18.95 19.35 10.95 5.91 6.42 2.04 3.21 3.21 2.04 0.07 0.00 0.00 1.83 0.80 0.00 0.00 0.95 1.02 2.26 3.07 3.87 5.69 7.15 6.28 8.32 16.06 22.56 20.44 27.96 30.30 26.35 24.38 24.38 22.41 17.74 18.40 16.21 16.57 18.76 17.52 18.32 14.02 17.08 12.41 13.43 14.97 16.50 20.15
14.89 14.24 14.24 12.12 13.14 8.32 9.05 9.56 10.88 8.54 7.96 6.50 6.79 4.16 3.80 8.40 11.75 12.70 12.70 11.59 8.83 0.00 0.00 0.00 0.00 0.00 0.00 5.82 6.93 12.98 15.91 17.45 21.17 21.86 25.77 27.15 25.86 23.62 16.13 18.69 13.80 5.91 2.26 2.26 1.46 2.99 2.19 2.19 1.97 1.90 2.26 2.04 2.56 2.19 2.34 0.00 3.14 0.00 3.43 1.68 5.62 9.13 16.06 13.51 25.55 24.09 25.11 24.38 24.38 20.44 17.89 16.13 14.67 14.09 16.21 10.51 10.73 10.37 13.07 10.95 13.29 15.11 14.45 15.04
13.80 14.82 17.59 16.28 11.75 13.07 9.93 13.58 14.53 9.86 11.61 7.01 8.91 6.64 8.91 10.88 10.80 9.93 9.93 8.03 5.91 4.60 3.07 0.00 0.00 0.00 0.00 0.00 5.79 7.91 10.73 14.02 17.89 15.84 21.82 24.84 27.68 25.04 24.02 24.82 18.83 18.47 13.65 13.65 6.86 3.36 2.19 1.53 1.75 1.53 2.19 3.14 3.21 1.39 1.97 1.17 0.00 0.00 1.61 2.26 2.99 5.55 12.34 14.09 21.75 22.48 23.58 19.05 19.05 18.83 16.43 9.56 11.17 10.80 13.14 8.76 10.29 11.17 11.61 11.39 14.38 15.04 13.58 13.58
12.05 16.28 15.26 17.74 17.01 12.63 13.51 14.82 14.31 16.50 16.50 15.70 14.24 10.44 10.00 7.81 8.25 6.06 6.06 6.57 6.06 5.33 4.16 3.94 0.00 0.00 0.00 0.00 5.11 5.99 10.15 11.39 10.00 10.73 14.09 20.29 19.64 27.84 28.01 27.58 20.81 22.12 17.52 17.52 12.41 4.82 3.14 5.11 2.99 1.39 2.26 3.36 1.68 0.44 1.10 0.00 4.89 0.00 2.99 4.31 3.07 6.06 5.40 9.34 13.87 7.01 12.26 14.53 14.53 15.77 7.45 7.52 7.96 5.84 8.47 7.88 9.49 11.75 11.24 12.99 12.85 9.42 10.95 9.64
4.53 5.99 6.50 12.26 11.83 12.19 12.12 12.26 9.51 12.26 10.95 17.08 14.82 12.34 3.72 6.72 11.83 4.31 4.31 3.58 4.45 0.00 4.45 5.04 3.65 5.04 0.00 0.00 0.00 6.50 6.72 6.35 7.23 8.47 9.86 6.79 12.34 20.22 24.38 19.39 20.47 20.66 18.54 18.54 13.51 10.29 8.47 9.20 6.13 2.99 6.86 5.04 2.70 0.95 2.04 1.61 3.65 5.11 4.60 6.13 4.96 4.53 4.53 4.38 2.85 2.92 6.28 3.65 3.65 4.16 5.55 5.48 4.82 5.04 4.09 8.10 7.45 10.22 9.20 9.64 6.35 6.13 7.23 6.42
5.33 0.00 0.00 5.48 9.34 12.85 14.89 10.07 10.93 8.32 7.01 12.12 10.73 5.69 3.14 1.46 7.96 0.00 0.00 0.00 0.00 0.00 4.16 5.04 5.40 5.26 0.00 0.00 0.00 0.00 3.93 3.82 2.33 2.85 3.87 3.14 8.25 13.05 8.61 14.89 16.44 11.02 9.71 9.71 13.14 13.72 12.92 10.66 15.33 11.39 6.20 6.42 4.16 3.80 2.12 2.04 2.85 3.14 2.70 4.02 4.31 4.38 5.04 3.07 2.04 2.19 3.58 2.56 2.56 3.94 2.04 2.04 2.04 2.92 0.00 5.62 2.41 4.38 5.33 1.02 3.80 4.09 3.07 5.11
5.33 0.00 0.00 5.48 9.34 12.85 14.89 10.07 10.66 8.32 7.01 12.12 10.73 5.69 3.14 1.46 7.96 0.00 0.00 0.00 0.00 0.00 4.16 5.04 5.40 5.26 0.00 0.00 0.00 0.00 3.80 3.80 2.26 2.85 3.89 3.15 8.25 12.99 8.70 14.89 16.28 11.02 9.71 9.71 13.14 13.72 12.92 10.66 15.33 11.39 6.20 6.42 4.16 3.80 2.12 2.04 2.85 3.14 2.70 4.02 4.31 4.38 5.04 3.07 2.04 2.19 3.58 2.56 2.56 3.94 2.04 2.04 2.04 2.92 0.00 5.62 2.41 4.38 5.33 1.02 3.80 4.09 3.07 5.11
9.64 6.50 7.01 3.29 9.20 10.73 15.91 16.01 15.56 8.18 8.18 5.40 4.89 1.17 6.20 1.17 0.88 0.00 0.00 0.00 0.00 0.00 2.85 4.53 4.09 5.11 3.50 0.00 0.00 0.00 0.00 0.00 0.00 1.39 1.53 1.46 3.80 4.89 4.40 7.01 3.07 11.10 6.64 6.64 9.13 12.56 8.98 11.90 15.99 14.97 13.21 10.80 5.40 6.86 2.56 2.70 2.04 2.56 3.21 3.43 4.31 6.28 5.26 3.58 2.63 0.00 1.75 0.00 0.00 3.14 0.00 0.00 0.00 0.00 0.00 0.00 0.00 0.00 0.00 0.00 0.00 1.31 1.39 1.39
