Wansh/Snow_depth/snowdepth-1994/winter/1995035.txt
ncols 321
nrows 161
xllcenter 60
yllcenter 15 
cellsize  0.25 
NODATA_value -1
[rows 74 to 110 of 161, columns 84 to 167 of 321]
5.33 6.42 6.72 6.64 5.04 4.53 2.34 1.90 2.12 1.97 2.04 2.12 2.99 0.00 3.21 3.72 2.19 2.34 2.34 2.70 2.48 2.77 0.00 0.00 0.00 0.00 3.29 2.99 0.00 0.00 0.00 0.00 0.00 0.00 0.00 0.00 0.00 0.00 0.00 0.00 0.00 0.00 0.44 0.44 0.37 0.80 1.10 1.75 2.56 2.48 3.14 3.21 2.92 2.71 2.76 3.58 2.34 2.41 2.92 2.26 1.46 1.17 1.75 0.00 0.00 1.17 0.00 0.00 0.00 5.80 5.87 3.80 3.29 0.88 0.00 0.07 0.00 0.00 0.00 0.00 3.80 3.74 1.83 3.14
5.26 3.94 3.29 3.43 2.77 3.07 2.92 2.85 2.99 2.77 0.00 0.00 3.58 0.00 0.00 3.29 2.34 0.00 0.00 2.92 0.00 3.14 2.92 2.85 3.50 3.87 4.09 0.00 3.21 0.00 0.00 0.00 0.00 0.00 0.00 0.00 0.00 0.00 0.00 0.00 0.00 1.68 1.68 1.68 1.24 0.51 0.58 1.10 0.80 1.10 1.61 3.07 1.24 1.53 1.90 1.83 1.61 2.34 2.12 1.75 1.97 1.17 2.26 1.39 1.68 0.00 2.26 4.09 4.09 5.87 6.13 5.04 4.02 1.83 0.00 0.51 0.66 0.00 0.00 0.00 0.00 1.31 0.51 2.08
2.26 2.19 1.39 3.43 2.26 2.92 2.48 0.00 2.70 2.99 3.87 2.77 5.40 4.31 3.29 3.87 3.50 0.00 0.00 0.00 0.00 0.00 0.00 0.00 0.00 0.00 3.58 0.00 0.00 0.00 0.00 0.00 0.00 0.00 0.00 0.00 0.00 0.00 0.00 0.00 2.85 2.34 1.97 1.97 0.66 0.29 1.68 1.46 2.26 1.46 0.51 0.00 0.44 0.37 0.51 1.02 0.73 1.46 1.02 0.51 0.80 0.51 0.66 0.88 0.51 1.61 4.31 3.29 3.29 5.77 6.50 3.07 1.83 1.90 1.61 1.46 1.68 2.41 0.00 0.00 0.00 0.00 0.51 0.75
0.15 1.39 2.26 2.34 2.77 1.68 0.00 0.00 3.94 3.72 3.94 5.69 5.48 4.96 4.53 4.09 4.38 3.21 3.21 0.00 0.00 0.00 0.00 0.00 3.43 0.00 0.00 0.00 0.00 0.00 0.00 0.00 0.00 0.00 0.00 0.00 0.00 0.00 0.00 0.00 0.00 0.00 0.00 0.00 0.00 0.95 2.19 0.00 0.00 0.00 0.00 0.00 1.17 0.95 1.10 1.17 1.17 0.80 1.61 1.02 2.41 1.39 1.02 0.58 0.00 1.97 1.75 1.83 1.83 2.48 2.77 3.58 3.14 3.29 1.75 1.17 1.61 1.53 0.00 0.00 0.00 0.51 0.73 0.81
0.80 1.46 0.37 1.68 1.39 2.12 0.00 3.07 3.65 4.23 4.53 4.67 4.60 5.48 4.82 4.67 4.53 2.56 2.56 0.00 0.00 0.00 2.26 3.29 2.77 0.00 0.00 0.00 0.00 0.00 0.00 0.00 0.00 0.00 0.00 0.00 0.00 0.00 0.00 0.00 0.00 0.00 0.00 0.00 0.00 0.00 0.00 0.00 0.00 0.00 0.00 2.56 0.00 0.88 0.00 2.19 1.75 2.99 2.70 0.00 0.00 0.00 0.00 0.00 0.80 0.44 1.90 1.97 1.97 2.48 2.41 3.58 4.16 3.43 2.19 1.24 1.39 2.17 1.61 1.53 0.58 1.54 1.91 1.26
0.00 0.00 0.00 1.53 1.83 0.00 0.00 2.56 4.23 4.67 4.31 4.02 3.65 3.50 3.87 3.43 0.00 0.00 0.00 3.29 0.00 0.00 0.00 0.00 0.00 0.00 0.00 0.00 0.00 0.00 0.00 0.00 0.00 0.00 0.00 0.00 0.00 0.00 0.00 0.00 0.00 0.00 0.00 0.00 0.00 0.00 0.00 0.00 0.00 0.00 0.00 0.00 0.00 0.00 0.00 0.00 0.00 0.00 0.00 3.43 0.00 3.36 0.00 0.00 0.00 0.00 0.95 2.26 2.26 0.00 1.31 1.68 2.99 2.70 2.42 1.61 1.54 1.39 1.90 1.75 2.12 2.41 1.83 2.42
0.00 0.00 0.00 2.04 1.83 0.00 0.00 4.16 4.23 4.23 3.50 3.29 3.72 0.00 2.41 2.41 0.00 3.50 3.50 3.07 0.00 0.00 0.00 0.00 0.00 0.00 0.00 0.00 0.00 0.00 0.00 0.00 0.00 0.00 0.00 0.00 0.00 0.00 0.00 0.00 0.00 0.00 0.00 0.00 0.00 0.00 0.00 0.00 0.00 0.00 0.00 0.00 0.00 0.00 0.00 0.00 1.31 2.26 2.70 2.92 3.07 3.58 2.85 0.00 0.00 0.00 0.00 0.00 0.00 0.00 0.00 1.02 2.92 1.53 2.12 2.20 1.72 2.14 0.37 1.68 1.39 1.83 1.90 4.53
0.00 0.00 0.58 1.61 2.12 0.00 0.00 0.00 2.99 3.43 0.00 0.00 0.00 1.97 0.00 1.61 2.70 2.70 2.70 2.34 0.00 0.00 0.00 0.00 0.00 0.00 0.00 0.00 0.00 0.00 0.00 0.00 0.00 0.00 0.00 0.00 0.00 0.00 0.00 0.00 0.00 0.00 0.00 0.00 0.00 0.00 0.00 0.00 0.00 0.00 0.00 0.00 0.00 1.10 0.95 0.00 0.95 1.53 0.51 1.24 2.77 2.92 3.29 0.00 0.00 0.00 0.00 0.00 0.00 0.80 1.02 1.68 2.04 3.29 4.23 2.05 2.21 2.60 1.89 1.65 1.98 2.41 4.67 5.18
0.00 0.00 0.44 1.31 1.53 0.80 0.00 0.00 0.00 0.00 0.00 0.00 0.00 2.26 1.68 2.19 3.50 2.19 2.19 1.75 1.02 0.44 0.00 0.00 0.00 0.00 0.00 0.00 0.00 0.00 0.00 0.00 0.00 0.00 0.00 0.00 0.00 0.00 0.00 0.00 0.00 0.00 0.00 0.00 0.00 0.00 0.00 0.00 0.00 0.00 0.00 0.00 0.00 0.00 1.02 0.88 0.07 0.29 0.80 0.44 1.75 1.46 1.39 1.75 1.17 0.15 0.00 1.61 1.61 1.31 1.46 1.10 2.70 2.70 4.31 3.50 2.41 1.31 2.63 2.57 2.70 2.77 4.23 4.60
3.14 0.95 0.00 0.37 0.73 1.24 0.00 0.00 0.00 0.00 0.00 0.00 2.77 2.63 2.99 3.36 1.68 0.51 0.51 0.95 0.37 0.44 0.00 0.00 0.00 0.00 0.00 0.00 0.00 0.00 0.00 0.00 0.00 0.00 0.00 0.00 0.00 0.00 0.00 0.00 0.00 0.00 0.00 0.00 0.00 0.00 0.00 0.00 0.00 0.00 0.00 0.00 0.58 0.22 0.66 0.88 1.31 1.02 0.07 1.46 1.17 1.83 2.85 1.17 1.68 1.39 1.24 1.39 1.39 1.90 1.02 1.68 1.39 2.99 3.43 3.58 2.85 2.70 2.34 3.80 2.70 3.21 3.72 3.50
1.75 1.02 0.80 0.00 1.31 0.44 1.31 0.00 0.00 2.63 2.04 2.19 3.07 2.56 2.56 3.21 0.00 1.17 1.17 0.00 0.00 0.00 0.00 0.00 0.00 0.00 0.00 0.00 0.00 0.00 0.00 0.00 0.00 0.00 0.00 0.00 0.00 0.00 0.00 0.00 0.00 0.00 0.00 0.00 0.00 0.00 0.00 0.00 0.00 0.00 0.00 0.00 0.00 0.22 0.66 0.73 0.07 0.00 0.00 0.22 0.95 1.61 1.53 2.12 2.04 0.88 1.68 2.12 2.12 2.04 1.90 2.48 2.12 2.26 3.94 3.65 5.04 4.82 3.87 3.43 4.23 3.80 3.80 3.50
0.00 0.00 0.00 0.00 0.15 1.02 1.61 1.39 2.04 1.83 2.77 1.68 2.48 1.90 0.00 0.00 0.00 0.00 0.00 0.00 0.00 0.00 0.00 0.00 0.00 0.00 0.00 0.00 0.00 0.00 0.00 0.00 0.00 0.00 0.00 0.00 0.00 0.00 0.00 0.00 0.00 0.00 0.00 0.00 0.00 0.00 0.00 0.00 0.00 0.00 0.29 0.00 0.00 0.80 0.44 1.61 0.15 0.07 0.07 0.58 1.39 1.86 2.26 1.10 1.46 3.58 2.41 2.26 2.26 2.04 4.67 4.16 4.38 2.92 3.29 3.07 4.09 2.92 2.92 3.94 4.02 4.96 4.74 3.65
1.53 0.80 0.29 1.39 1.17 1.02 0.00 0.00 0.00 0.00 2.26 0.00 0.00 2.99 0.00 0.00 0.00 0.00 0.00 3.50 3.43 0.00 0.00 0.00 0.00 0.00 0.00 0.00 0.00 0.00 0.00 0.00 0.00 0.00 0.00 0.00 0.00 0.00 0.00 0.00 0.00 0.00 0.29 0.29 0.00 0.37 0.29 0.58 0.37 0.00 0.15 0.00 0.00 0.00 0.00 2.56 2.77 2.92 2.85 2.48 1.61 1.83 1.12 2.04 2.56 2.77 3.50 3.43 3.43 5.26 7.74 8.03 6.94 5.33 2.77 1.68 1.24 1.90 1.97 3.14 5.40 5.33 3.87 3.29
1.46 2.04 1.97 1.61 0.00 0.00 0.00 0.00 0.00 0.00 0.00 0.00 2.63 3.43 0.00 0.00 0.00 3.43 3.43 2.77 2.92 2.92 0.00 3.43 0.00 0.00 0.00 0.00 0.00 0.00 0.00 0.00 0.00 2.48 0.00 0.00 0.00 0.00 0.00 0.00 1.68 1.10 0.51 0.51 0.58 0.00 1.02 0.80 0.15 0.00 0.66 0.51 0.29 0.29 1.10 1.75 1.53 2.99 3.58 3.21 3.80 1.97 0.51 1.24 2.37 5.18 5.40 4.02 4.02 5.11 5.77 8.10 5.84 5.69 3.14 3.14 0.44 1.31 2.56 5.77 5.62 5.33 5.11 4.16
1.75 2.12 1.24 0.00 0.00 0.00 0.00 0.00 0.00 0.00 0.00 0.00 0.00 2.41 0.00 0.00 0.00 2.48 2.48 1.90 2.26 2.48 0.00 0.00 0.00 0.00 0.00 0.00 0.00 0.00 0.00 0.00 2.77 2.77 0.00 0.00 0.00 0.00 0.00 1.68 2.04 1.97 1.61 1.61 0.51 0.22 1.31 1.24 0.44 0.80 1.61 1.61 0.37 1.61 1.39 1.68 2.12 2.34 3.80 2.56 2.34 2.12 0.95 1.46 7.08 8.73 7.74 6.13 6.13 6.20 4.38 5.55 4.53 4.53 3.80 3.14 2.19 2.41 4.96 5.18 5.26 5.77 4.96 3.29
2.12 2.70 0.00 0.00 0.00 0.00 0.00 0.00 0.00 0.00 0.00 0.00 0.00 0.00 0.00 0.00 0.00 2.12 2.12 0.00 2.41 0.00 2.04 1.68 1.83 0.00 0.00 0.00 0.00 0.00 0.00 0.00 0.00 2.19 0.00 0.00 0.00 0.00 0.00 0.00 0.00 0.00 1.83 1.83 1.17 0.95 1.10 1.39 0.66 0.58 1.68 2.77 2.41 3.72 2.56 3.21 2.63 4.02 2.45 2.43 2.48 4.45 1.27 8.69 10.23 10.99 10.07 7.37 7.37 6.13 4.31 3.65 4.60 4.31 3.58 4.02 4.02 5.55 5.40 4.89 5.79 5.49 4.04 2.79
1.83 0.66 1.24 1.17 0.66 0.00 0.22 0.00 0.00 0.00 0.00 0.00 0.00 0.00 0.00 0.00 0.00 0.00 0.00 0.00 0.00 0.00 0.00 0.00 0.00 0.00 0.00 0.00 0.00 0.00 0.00 0.00 0.00 0.00 0.00 0.00 0.00 0.00 0.00 0.00 0.00 0.00 0.73 0.73 0.80 0.00 0.58 1.31 0.66 0.58 1.31 2.77 6.79 5.11 3.58 4.96 4.38 3.14 4.60 3.80 3.91 4.82 2.43 5.40 7.66 9.64 9.89 5.08 4.92 3.89 2.99 3.58 3.87 3.94 3.58 3.80 4.45 4.67 5.27 3.67 4.25 4.23 5.04 3.18
1.10 0.58 1.10 0.66 0.00 0.44 0.44 0.00 0.51 0.51 0.44 0.00 0.00 0.00 0.00 0.00 0.00 0.00 0.00 0.00 0.00 0.00 0.00 0.00 0.00 0.00 0.00 0.00 0.00 0.00 0.00 0.00 0.00 0.00 0.00 0.00 0.00 0.00 0.00 0.00 0.00 0.00 0.00 0.00 0.07 0.22 0.00 0.00 0.51 1.68 3.14 4.89 6.50 7.74 7.08 7.66 11.68 6.42 8.26 3.76 4.96 4.74 2.16 2.43 4.26 5.14 3.65 3.72 3.74 4.21 2.71 2.77 3.58 5.18 4.11 3.21 2.41 3.07 3.45 4.16 4.56 4.74 5.68 4.84
1.24 1.02 0.95 0.95 1.02 0.66 0.00 1.17 0.00 0.00 0.58 0.00 0.00 0.00 0.00 0.00 0.00 0.00 0.00 0.00 0.00 0.00 0.00 0.00 0.00 0.00 0.00 0.00 0.00 0.00 0.00 0.00 0.00 0.00 0.00 0.00 0.00 0.00 0.00 0.00 0.00 0.00 0.00 0.00 0.00 0.22 0.00 0.00 0.95 1.61 2.77 3.72 4.96 7.45 11.24 11.24 14.53 18.10 7.74 10.18 6.05 3.90 2.01 1.80 2.89 5.00 2.77 1.53 1.53 1.99 1.86 3.13 4.48 5.41 5.65 2.73 2.34 3.34 4.59 3.50 4.58 4.06 5.81 6.93
1.02 1.02 0.51 0.66 1.24 1.10 0.00 0.00 0.00 0.00 1.02 0.44 0.00 0.00 0.00 0.00 1.17 0.44 0.44 0.00 0.00 0.00 0.00 0.00 0.00 0.00 0.00 0.00 0.00 0.00 0.00 0.00 0.00 0.00 0.00 0.00 0.00 0.00 0.00 0.00 0.00 0.00 0.00 0.00 0.00 0.00 0.07 0.00 1.17 1.46 2.26 4.38 6.94 8.98 11.17 14.89 15.35 18.32 12.12 17.37 8.03 3.57 5.01 2.07 3.05 3.22 2.79 2.04 2.04 0.88 2.56 5.67 4.82 6.60 5.85 3.30 2.99 4.82 4.24 2.71 2.90 5.70 5.82 7.73
1.75 0.58 0.95 0.88 0.66 1.10 0.00 0.00 0.00 1.17 0.66 0.00 0.00 0.00 0.00 0.00 0.73 0.66 0.66 0.00 0.00 0.00 0.00 0.00 0.00 0.00 0.00 0.00 0.00 0.00 0.00 0.00 0.00 0.00 0.00 0.00 0.00 0.00 0.00 0.00 0.00 0.00 0.00 0.00 0.00 0.00 0.07 1.10 3.94 2.41 5.26 5.62 6.63 9.41 10.93 14.75 12.27 15.55 13.36 13.36 6.28 5.06 1.69 2.02 2.90 3.23 1.85 1.83 1.83 1.32 2.60 3.65 3.15 7.14 8.19 6.50 5.66 3.93 3.90 2.83 2.77 5.57 6.63 7.26
1.75 0.80 0.95 1.46 1.17 1.10 0.00 2.19 0.00 0.00 0.73 0.80 0.00 0.00 0.00 0.00 1.90 0.00 0.00 0.00 0.00 0.00 2.26 0.00 0.00 0.00 0.00 0.66 0.00 0.00 0.00 0.00 0.00 0.00 0.00 0.00 0.00 0.00 0.00 0.00 4.60 0.00 1.53 1.53 0.00 0.15 3.65 3.87 5.18 5.40 8.83 6.57 7.45 10.24 10.97 10.84 9.92 8.71 10.97 12.02 3.89 1.91 1.66 1.16 2.14 1.39 1.50 1.03 1.03 0.96 1.23 2.60 2.57 5.95 7.70 8.36 2.38 3.59 3.67 3.02 3.94 6.28 7.46 6.38
4.16 2.48 1.39 0.00 1.39 1.17 1.24 2.04 1.68 1.39 0.73 1.10 0.00 0.00 0.00 0.00 0.00 0.00 0.00 0.00 0.00 0.00 1.68 0.00 0.00 0.00 0.00 1.24 0.00 0.00 0.00 0.00 0.00 0.00 0.00 0.00 0.00 0.00 0.00 0.00 11.17 8.61 3.29 3.29 2.56 2.41 2.85 7.52 6.35 8.47 12.12 10.22 13.51 12.03 12.96 8.03 7.64 6.04 8.42 9.15 3.63 2.51 2.33 1.70 1.48 2.06 0.84 1.26 1.24 0.89 0.61 0.72 2.90 3.87 5.91 3.08 3.48 2.62 2.65 3.28 3.84 5.79 8.54 6.03
4.82 0.00 0.00 0.00 1.31 2.48 1.97 2.56 2.48 3.65 1.75 0.00 0.00 0.51 0.80 0.00 0.00 0.00 0.00 0.00 0.00 0.00 0.00 0.00 0.00 0.00 1.68 1.61 0.95 0.00 0.00 0.00 0.58 0.58 0.88 1.31 0.00 0.00 0.00 0.00 12.99 15.04 8.98 8.98 7.30 7.37 6.13 10.59 11.02 14.75 14.00 13.19 15.29 16.04 10.56 11.08 7.45 5.84 5.59 5.20 2.64 5.23 3.90 2.92 3.63 2.46 1.11 0.98 0.95 1.10 0.95 0.66 4.17 3.51 3.89 3.43 2.52 1.86 2.09 2.91 2.17 4.24 5.84 5.02
4.09 2.19 1.24 4.38 4.16 4.38 5.26 5.84 5.11 5.55 3.50 1.46 0.73 0.58 0.29 0.22 0.51 0.66 0.66 1.31 1.17 0.80 0.51 0.15 1.02 1.61 0.29 0.15 0.66 0.88 0.73 0.80 0.66 0.66 0.66 0.95 1.02 0.95 1.02 2.56 5.48 8.83 10.88 10.88 6.94 8.69 13.58 15.40 16.13 13.72 16.41 14.68 14.94 11.90 8.55 10.10 9.83 10.82 10.08 11.01 10.78 10.14 7.77 6.32 7.01 5.21 4.00 2.17 2.14 0.44 1.10 1.59 3.90 6.86 4.94 7.30 5.07 2.97 1.67 1.19 1.89 2.94 2.31 4.53
5.04 4.45 3.14 4.89 4.38 6.06 4.89 5.62 6.79 6.20 0.00 0.80 0.00 1.02 0.88 1.17 1.31 0.95 0.95 0.73 0.88 0.88 0.37 0.44 0.29 0.29 0.00 0.37 0.58 0.66 1.02 0.73 0.07 0.29 0.00 1.10 1.83 1.17 0.66 0.73 1.46 3.72 5.91 5.91 7.01 4.45 8.10 11.61 12.34 15.21 12.12 12.69 12.43 11.85 13.18 10.46 8.76 11.29 6.70 10.00 12.24 14.45 12.23 8.81 3.50 3.21 4.48 2.94 2.89 0.73 0.73 1.60 3.43 6.04 7.30 9.20 6.64 3.89 1.83 0.00 0.00 0.82 1.34 3.19
3.80 4.16 3.72 3.14 4.53 5.04 4.45 5.11 4.82 0.00 0.00 0.00 0.00 1.10 1.10 1.83 1.46 0.58 0.58 0.58 0.15 0.44 0.37 0.37 0.15 0.00 0.00 0.00 0.00 0.22 1.31 0.44 0.00 0.00 0.00 0.22 0.73 1.31 0.00 0.00 0.00 0.00 1.10 1.10 1.68 2.77 7.01 7.15 11.44 13.64 15.70 14.69 11.81 13.48 14.10 10.18 7.35 7.77 5.97 8.33 15.70 15.72 13.65 10.07 4.60 3.95 5.21 3.82 4.24 2.25 0.74 1.41 3.12 10.99 10.11 6.42 5.99 3.58 0.29 0.25 0.10 0.00 1.50 2.32
0.00 3.14 1.97 1.83 2.85 4.67 4.67 4.92 3.72 2.92 1.68 1.61 0.00 0.00 1.90 1.39 1.10 1.75 1.75 0.88 0.15 0.95 1.02 0.22 0.00 0.00 0.00 0.00 0.66 0.58 0.44 0.00 0.00 0.00 0.07 0.00 0.07 0.00 0.00 0.00 0.00 0.00 0.00 0.00 0.00 1.83 3.94 6.16 9.27 13.25 14.36 13.04 14.01 9.64 11.13 10.86 5.72 6.79 8.30 11.16 14.69 14.12 13.35 9.05 7.37 5.33 6.82 5.34 5.14 3.57 1.33 1.97 2.99 7.84 6.57 3.22 3.04 1.76 0.70 0.62 0.10 0.95 4.93 3.48
0.00 0.00 0.00 0.00 0.00 3.50 5.33 3.65 4.02 2.92 2.41 2.04 0.00 0.00 0.88 0.00 0.00 1.46 1.46 1.31 0.80 1.31 0.88 0.37 0.00 0.00 0.00 0.00 0.00 0.00 0.00 0.00 0.00 0.00 0.00 0.00 0.00 0.00 0.00 0.00 0.00 0.00 0.00 0.00 0.07 0.58 2.04 8.25 8.47 13.58 14.97 13.68 12.73 7.82 8.38 5.70 4.35 0.00 9.39 10.77 10.67 11.66 11.96 12.41 10.71 7.68 5.91 7.59 7.63 4.87 2.13 1.21 1.42 3.96 7.18 1.16 1.34 0.88 1.11 0.80 0.90 6.51 7.21 6.89
0.00 0.00 0.00 0.00 3.65 3.65 3.72 4.60 3.65 4.16 2.70 2.26 1.97 2.48 0.00 0.00 1.46 1.46 1.46 1.46 1.10 0.22 0.00 0.29 0.00 0.00 0.00 0.00 0.00 0.00 0.00 0.00 0.00 0.00 0.00 0.00 0.00 0.00 0.00 0.00 0.00 0.00 0.00 0.00 0.00 0.00 1.83 4.09 10.67 9.18 15.05 11.98 10.19 9.86 5.00 3.15 4.79 0.00 7.11 9.73 10.86 12.14 11.62 11.06 11.75 11.80 8.94 5.81 6.79 6.03 3.65 2.56 1.80 2.11 0.00 0.67 0.97 1.31 0.00 0.64 2.35 5.23 7.54 5.05
0.00 0.00 0.00 0.00 0.00 0.00 4.02 3.65 3.36 4.38 3.21 3.29 3.50 3.58 1.83 2.92 2.12 2.12 2.12 0.88 0.07 0.22 0.00 0.00 0.00 0.00 0.00 0.00 0.00 0.00 0.00 0.00 0.00 0.00 0.00 0.00 0.00 0.00 0.00 0.00 0.00 0.00 0.00 0.00 0.00 0.00 0.00 2.51 4.36 6.78 8.86 11.24 9.63 4.42 5.77 0.00 0.00 0.00 7.30 12.84 14.25 12.24 11.75 12.72 11.68 11.86 12.14 7.79 8.72 10.08 6.19 3.30 3.08 1.15 0.28 0.94 0.33 1.02 0.00 0.29 0.91 3.53 6.28 4.02
0.00 0.00 0.00 0.00 0.00 0.00 0.00 4.02 4.38 2.99 3.94 3.80 5.55 3.36 3.50 4.30 4.20 3.07 3.07 0.00 0.00 1.39 0.00 0.00 0.00 0.00 0.00 0.00 0.00 0.00 0.00 0.00 0.00 0.00 0.00 0.00 0.00 0.00 0.00 0.00 0.58 0.00 0.00 0.00 0.00 0.00 0.00 0.00 5.96 8.44 8.50 10.29 6.57 0.00 0.00 0.00 0.00 0.00 0.00 8.26 13.30 14.01 12.76 13.02 15.01 12.06 16.86 10.78 11.01 8.69 8.92 3.90 4.05 1.18 1.29 0.54 0.78 0.23 0.00 0.00 1.01 1.09 3.65 2.65
0.00 0.00 0.00 0.00 0.00 0.00 0.00 0.00 3.87 1.53 3.50 2.48 4.02 5.26 5.11 3.89 4.45 4.60 4.29 2.77 1.90 2.26 0.73 0.00 0.00 1.02 0.00 0.00 0.00 0.00 0.00 0.00 0.00 0.00 0.29 1.24 0.00 0.00 0.00 0.29 0.00 1.31 0.51 0.51 0.00 0.00 0.00 2.09 4.61 9.22 7.50 0.00 6.59 0.00 0.00 0.00 0.00 0.00 0.00 0.00 0.00 10.12 10.13 9.56 12.58 13.43 13.52 13.90 16.99 8.92 10.29 4.99 3.42 2.92 2.35 1.74 1.83 0.84 0.09 0.00 0.63 0.09 0.00 0.00
0.00 0.00 0.00 0.00 0.00 0.00 0.00 0.00 0.00 0.00 0.00 0.00 0.00 0.00 0.00 0.00 1.97 0.00 0.00 4.16 4.53 4.38 4.82 3.72 3.43 4.23 3.07 4.16 2.92 0.00 2.56 3.87 3.80 2.77 3.43 5.48 8.54 7.52 6.64 6.46 5.19 5.83 4.60 4.60 1.97 4.60 1.39 3.08 4.03 0.00 0.00 0.00 0.00 0.00 0.00 0.00 0.00 0.00 0.00 0.00 0.00 0.00 0.00 0.00 9.61 11.15 8.37 4.62 5.17 6.86 8.10 4.84 4.25 4.05 2.05 3.14 2.45 1.37 0.64 0.00 0.00 0.00 0.00 0.00
0.00 0.00 0.00 0.00 0.00 0.00 0.00 0.00 0.00 0.00 0.00 0.00 0.00 0.00 0.00 0.00 0.00 3.14 3.14 2.70 0.00 4.61 4.38 4.60 4.96 4.19 5.77 5.18 5.48 4.45 6.72 6.94 5.77 5.62 5.84 8.40 8.83 8.76 7.23 5.18 4.36 7.34 7.01 7.83 6.64 7.59 5.69 2.02 4.27 0.00 0.00 0.00 0.00 0.00 0.00 0.00 0.00 0.00 0.00 0.00 0.00 0.00 0.00 0.00 0.00 5.60 4.50 0.00 0.00 4.61 6.23 4.29 5.02 1.55 1.91 2.68 2.27 0.00 0.00 0.00 0.00 0.00 0.00 0.00
0.00 0.00 0.00 0.00 0.00 0.00 0.00 0.00 0.00 0.00 0.00 0.00 0.00 0.00 0.00 0.00 0.00 0.00 0.00 0.00 0.00 3.65 4.09 4.02 3.07 4.55 5.66 6.13 5.18 4.16 5.99 7.15 6.52 5.48 4.38 5.90 8.03 10.07 8.10 0.00 0.00 0.00 6.43 8.16 6.82 6.22 3.03 4.66 4.29 0.00 0.00 0.00 0.00 0.00 0.00 0.00 0.00 0.00 0.00 0.00 0.00 0.00 0.00 0.00 0.00 0.00 0.00 0.00 0.00 0.00 0.00 4.16 4.20 0.00 1.92 2.10 2.53 0.00 0.00 0.00 0.00 0.00 0.00 0.00
0.00 0.00 0.00 0.00 0.00 0.00 0.00 0.00 0.00 0.00 0.00 0.00 0.00 0.00 0.00 0.00 0.00 0.00 0.00 0.00 0.00 0.00 0.00 0.00 0.00 2.63 0.00 4.31 4.74 3.29 0.00 5.87 5.82 3.50 3.36 0.00 0.00 0.00 3.80 3.36 0.00 0.00 0.00 0.00 0.00 8.22 9.65 0.00 0.00 0.00 0.00 0.00 0.00 0.00 0.00 0.00 0.00 0.00 0.00 0.00 0.00 0.00 0.00 0.00 0.00 0.00 0.00 0.00 0.00 0.00 0.00 0.00 0.00 0.00 0.00 0.00 0.00 0.00 0.00 0.00 0.00 0.00 0.00 0.00
