Wansh/Snow_depth/snowdepth-1994/winter/1995001.txt
ncols 321
nrows 161
xllcenter 60
yllcenter 15 
cellsize  0.25 
NODATA_value -1
[rows 76 to 113 of 161, columns 84 to 167 of 321]
0.58 1.39 1.39 1.31 1.02 2.19 0.00 2.48 4.96 4.31 3.43 2.26 4.60 4.60 4.23 3.50 3.07 3.43 3.43 3.50 0.00 0.00 0.00 0.00 0.00 0.00 0.00 0.00 0.00 0.00 0.00 0.00 0.00 0.00 0.00 0.00 0.00 0.00 0.00 0.00 0.00 0.00 1.17 1.17 0.44 0.37 0.51 1.53 1.53 0.00 0.22 0.00 0.00 0.00 0.00 0.00 0.00 0.66 1.31 0.80 0.22 0.73 0.00 0.22 0.00 0.00 0.00 1.17 1.17 1.83 1.17 2.99 1.83 2.63 1.10 0.22 0.58 1.24 0.00 0.00 0.00 0.00 0.66 1.28
1.24 1.46 1.31 0.37 1.68 2.26 4.09 4.23 5.04 4.67 5.11 5.18 5.26 4.89 4.23 5.04 4.53 4.31 4.31 0.00 0.00 0.00 2.41 2.85 2.56 0.00 0.00 0.00 0.00 0.00 0.00 0.00 0.00 0.00 0.00 0.00 0.00 0.00 0.00 0.00 0.00 0.00 0.00 0.00 0.22 1.68 0.00 0.00 0.00 0.00 0.00 0.66 0.00 0.00 0.07 0.58 0.00 1.10 0.95 0.80 0.58 0.58 0.88 0.07 0.37 0.00 0.29 0.58 0.58 0.95 0.44 2.85 4.23 3.72 2.56 1.10 1.39 0.80 0.58 0.07 0.51 0.15 0.51 1.40
1.53 1.17 2.26 1.83 2.12 1.02 2.77 4.23 5.69 5.55 5.48 5.55 5.62 4.89 4.82 5.04 5.48 4.09 4.09 3.65 3.29 3.58 2.77 3.14 2.48 0.00 0.00 0.00 0.00 0.00 0.00 0.00 0.00 0.00 0.00 0.00 0.00 0.00 0.00 0.00 0.00 0.00 0.00 0.00 0.00 0.00 0.00 0.00 0.00 0.00 0.00 0.00 0.00 0.00 1.10 1.31 0.66 2.26 2.26 1.83 1.68 1.31 1.39 1.24 0.51 0.88 0.29 0.51 0.51 0.58 0.80 2.92 3.14 3.65 2.34 1.17 1.17 0.90 1.02 1.61 0.22 1.83 2.35 2.08
0.95 0.00 0.00 3.21 0.00 3.07 3.14 4.45 5.69 4.53 4.53 5.04 5.04 4.96 4.23 4.82 5.33 3.43 3.43 3.80 3.72 3.58 3.58 3.21 2.56 2.26 0.00 0.00 0.00 0.00 0.00 0.00 0.00 0.00 0.00 0.00 0.00 0.00 0.00 0.00 0.00 0.00 0.00 0.00 0.00 0.00 0.00 0.00 0.00 0.00 0.00 0.00 0.00 0.00 0.00 0.00 1.53 0.95 1.17 2.26 2.92 2.12 2.19 1.53 0.73 0.51 0.00 0.00 0.00 1.83 1.53 2.63 1.31 2.41 1.61 0.80 0.81 1.31 1.75 1.83 0.73 1.75 1.83 2.20
1.83 0.00 0.00 0.00 3.36 2.85 2.70 4.02 4.89 5.11 5.69 5.33 4.74 4.53 4.45 3.94 4.60 5.04 5.04 3.36 3.07 0.00 3.29 2.63 2.48 2.56 0.00 2.63 0.00 0.00 0.00 0.00 0.00 0.00 0.00 0.00 0.00 0.00 0.00 0.00 0.00 0.00 0.00 0.00 0.00 0.00 0.00 0.00 0.00 0.00 0.00 0.00 0.00 0.00 0.00 0.00 0.66 0.15 0.44 1.53 1.46 2.26 1.90 2.04 0.00 0.00 0.00 0.00 0.00 0.44 1.53 0.66 1.46 0.95 0.44 1.54 0.67 0.99 1.39 1.68 1.53 1.75 2.04 2.04
1.10 0.00 0.00 0.00 0.00 3.21 3.14 3.36 3.50 4.82 5.91 5.11 5.04 4.96 4.09 3.94 3.58 0.00 0.00 0.00 2.99 0.00 0.00 0.00 0.00 0.00 0.00 0.00 0.00 0.00 0.00 0.00 0.00 0.00 0.00 0.00 0.00 0.00 0.00 0.00 0.00 0.00 0.00 0.00 0.00 0.00 0.00 0.00 0.00 0.00 0.00 0.00 0.00 0.00 0.00 0.00 0.00 0.00 0.29 0.88 1.46 1.83 2.48 1.24 0.58 0.00 0.00 0.00 0.00 0.00 0.29 0.80 1.24 1.02 1.61 2.42 1.92 1.15 1.51 2.77 1.03 1.53 2.63 2.92
1.10 2.04 0.00 0.00 0.00 0.00 0.00 3.14 0.00 3.87 4.45 5.69 4.09 5.04 4.82 2.56 2.99 0.00 0.00 0.00 1.10 0.00 0.00 0.00 0.00 0.00 0.00 0.00 0.00 0.00 0.00 0.00 0.00 0.00 0.00 0.00 0.00 0.00 0.00 0.00 0.00 0.00 0.00 0.00 0.00 0.00 0.00 0.00 0.00 0.00 0.00 0.00 0.00 0.00 0.00 0.00 0.00 0.22 0.37 1.02 1.31 1.75 1.75 1.90 1.75 0.00 0.00 0.00 0.00 0.15 1.31 1.31 1.90 2.56 1.97 3.94 3.07 1.53 2.77 2.71 3.36 3.50 3.72 4.96
1.53 1.75 1.46 0.00 2.92 0.00 0.00 0.00 0.00 3.58 3.36 3.14 3.80 3.94 4.09 0.00 0.00 0.00 0.00 0.00 0.00 0.00 0.00 0.00 0.00 0.00 0.00 0.00 0.00 0.00 0.00 0.00 0.00 0.00 0.00 0.00 0.00 0.00 0.00 0.29 0.00 0.00 0.00 0.00 0.00 0.00 0.00 0.00 0.00 0.00 0.00 0.00 0.00 0.00 0.00 0.00 0.00 0.00 0.66 0.00 0.95 1.61 1.61 1.97 1.39 0.37 0.73 0.29 0.29 1.83 2.85 2.12 1.83 2.04 4.45 4.45 4.45 6.57 4.23 4.45 5.33 4.89 4.67 4.09
0.00 1.02 1.61 1.90 2.34 2.26 2.41 4.60 0.00 4.09 3.21 3.14 2.99 3.29 3.29 4.09 2.99 0.00 0.00 0.00 2.92 0.00 0.00 0.00 0.00 0.00 0.00 0.00 0.00 0.00 0.00 0.00 0.00 0.00 0.00 0.00 0.00 0.00 0.15 0.00 0.00 0.00 0.00 0.00 0.00 0.00 0.00 0.00 0.00 0.00 0.00 0.00 0.00 0.00 0.00 0.00 0.00 0.00 0.00 0.00 1.31 2.12 2.12 1.83 1.53 0.88 0.15 1.46 1.46 2.41 2.99 3.07 2.56 4.74 5.91 6.72 5.55 6.94 6.64 5.99 5.69 5.40 4.96 4.09
1.39 1.31 1.97 2.34 2.48 1.75 2.85 4.31 4.67 4.38 4.09 0.00 2.48 2.99 3.36 2.85 0.00 0.00 0.00 0.00 3.50 3.14 0.00 0.00 0.00 0.00 0.00 1.39 0.00 0.00 0.00 0.00 0.00 0.00 0.00 0.00 0.00 0.00 0.00 0.00 0.00 0.00 0.00 0.00 0.00 0.00 0.00 0.00 0.00 0.00 0.00 0.00 0.00 0.00 0.00 0.00 0.00 0.00 0.00 0.00 1.54 2.01 1.88 2.26 1.61 1.02 1.17 0.95 0.95 1.68 1.83 4.60 5.33 5.18 5.18 5.26 3.50 4.74 5.55 5.77 5.62 6.06 5.69 3.58
0.95 1.68 2.48 2.41 2.04 2.41 3.07 2.99 3.36 3.65 3.36 2.63 0.00 2.99 0.00 0.00 0.00 0.00 0.00 3.21 3.58 4.23 3.87 0.00 0.00 0.00 0.00 0.00 0.00 0.00 0.00 0.00 0.00 2.41 0.00 0.00 0.00 0.00 0.00 0.00 1.68 0.00 0.00 0.00 0.00 0.00 0.29 0.73 0.66 0.00 0.00 0.00 0.00 0.00 0.00 0.29 0.88 0.44 0.00 0.15 0.37 0.00 0.00 0.00 0.73 1.31 1.10 2.77 2.77 2.48 8.83 9.13 7.08 6.06 3.87 2.26 1.46 2.12 1.75 3.14 5.77 4.89 3.58 2.04
1.31 1.68 2.48 0.00 0.00 2.77 3.14 2.85 0.00 2.63 3.14 3.21 3.29 0.00 0.00 0.00 0.00 2.85 2.85 2.56 3.29 3.58 3.36 2.77 0.00 0.00 0.00 2.77 0.00 2.99 0.00 0.00 0.00 2.63 0.00 0.00 0.00 0.00 0.00 1.97 2.04 0.00 0.00 0.00 0.00 0.00 0.00 0.66 0.29 0.15 0.37 0.00 0.00 0.00 0.00 0.80 1.39 0.00 0.15 0.00 0.07 0.00 0.00 1.10 1.04 1.46 4.89 3.07 3.07 5.77 7.88 7.74 4.38 4.38 2.99 0.73 1.10 0.66 1.53 2.56 4.74 4.74 3.29 2.77
1.68 1.53 0.00 0.00 0.00 0.00 0.00 0.00 0.00 2.99 2.85 3.72 3.50 2.99 0.00 0.00 2.85 0.00 0.00 0.00 2.56 3.36 2.41 0.00 0.00 2.19 2.19 0.00 0.00 0.00 0.00 0.00 2.56 2.70 3.14 0.00 0.00 0.00 0.00 2.26 0.00 0.37 0.00 0.00 0.00 0.00 0.00 0.29 0.00 0.44 0.58 0.00 0.37 0.00 0.00 0.58 0.51 0.44 0.00 0.00 0.00 0.00 0.44 3.94 4.50 4.33 6.79 5.33 5.33 3.58 4.31 2.63 2.70 2.26 1.68 0.95 1.31 1.61 2.85 2.26 3.65 3.80 4.09 2.92
1.24 1.75 1.61 0.00 0.00 0.00 0.00 0.00 1.97 1.90 2.12 0.00 3.29 0.00 0.00 3.21 0.00 0.00 0.00 0.00 0.00 2.85 0.00 0.00 0.00 2.19 0.00 0.00 0.00 0.00 0.00 0.00 2.85 3.21 0.00 0.00 0.00 0.00 0.00 0.00 0.00 0.00 0.00 0.00 0.66 0.00 1.10 1.17 0.44 0.58 0.66 0.22 0.51 0.58 0.88 0.22 0.66 0.37 0.00 0.00 0.00 0.00 1.49 5.18 6.37 7.53 8.15 5.84 5.84 4.53 2.12 2.92 2.19 2.48 2.04 1.90 1.61 2.56 4.09 3.52 4.01 3.91 3.82 2.93
2.56 1.31 1.83 0.00 0.00 0.00 0.00 0.00 1.61 0.44 0.00 0.00 0.00 0.00 0.00 0.00 0.00 0.00 0.00 0.00 0.00 0.00 0.00 2.19 0.00 0.00 0.00 0.00 0.00 0.00 0.00 0.00 2.12 0.00 0.00 0.00 0.00 0.00 0.00 0.00 0.00 0.00 0.00 0.00 0.00 0.00 0.37 0.29 1.10 0.15 0.15 0.15 0.73 1.61 1.17 1.24 0.95 1.10 0.95 0.00 1.05 0.00 1.40 3.43 6.72 9.42 7.02 5.71 5.53 4.55 2.41 1.83 2.04 2.04 3.07 2.04 2.77 3.72 4.74 4.43 4.54 4.38 4.01 3.78
2.41 1.97 1.17 1.83 0.00 0.00 1.53 1.24 0.00 0.88 0.95 0.00 0.00 0.00 0.00 0.00 0.00 0.00 0.00 0.00 0.00 0.00 0.00 0.00 0.00 0.00 0.00 0.00 0.00 0.00 0.00 0.00 0.00 0.00 0.00 0.00 0.00 0.00 0.00 0.00 0.00 0.00 0.00 0.00 0.00 0.00 0.07 0.29 0.44 0.00 0.00 0.00 2.63 2.41 2.26 3.94 5.69 4.67 3.69 7.45 4.31 2.04 2.09 4.11 3.50 4.84 4.74 4.53 4.55 5.11 2.20 2.48 2.34 3.50 2.57 2.48 3.14 3.36 3.45 4.16 4.02 4.09 5.52 4.75
1.53 1.46 1.24 1.61 1.39 1.90 1.39 2.12 1.90 0.00 0.73 0.00 0.00 0.00 0.00 0.00 0.00 0.00 0.00 0.00 0.00 0.00 0.00 0.00 0.00 0.00 0.00 0.00 0.00 0.00 0.00 0.00 0.00 0.00 0.00 0.00 0.00 0.00 0.00 0.00 0.00 0.00 0.00 0.00 0.00 0.00 0.00 0.00 0.00 0.00 0.00 0.66 2.12 3.29 4.02 10.66 12.92 13.87 9.71 8.09 9.81 6.50 1.70 1.80 2.38 3.73 3.59 3.07 3.07 0.15 1.63 3.44 4.70 4.74 3.59 2.51 5.33 4.15 4.52 3.20 3.95 4.89 6.12 6.93
2.12 1.02 1.10 1.46 0.58 1.39 2.04 0.00 0.00 1.53 2.12 0.00 0.00 0.00 0.00 0.00 1.17 0.00 0.00 0.00 0.00 0.00 0.00 0.00 0.00 0.00 0.00 0.00 0.00 0.00 0.00 0.00 0.00 0.00 0.00 0.00 0.00 0.00 0.00 0.00 0.00 0.00 0.00 0.00 0.00 0.00 0.00 0.00 0.00 0.00 0.00 1.53 2.77 4.82 10.07 13.21 16.85 17.74 17.37 14.67 8.40 4.76 2.33 0.92 2.14 2.10 2.35 1.10 1.10 0.22 0.60 1.66 4.97 4.92 6.00 5.21 6.20 5.56 4.95 3.16 2.90 4.67 8.11 8.59
0.88 1.17 0.88 0.95 1.31 1.53 0.00 0.00 0.00 0.00 0.00 0.00 0.00 0.00 0.00 0.00 0.58 1.17 1.17 1.10 0.00 0.00 0.00 0.00 0.00 0.00 0.00 0.00 0.00 0.00 0.00 0.00 0.00 0.00 0.00 0.00 0.00 0.00 0.00 0.00 0.00 0.00 0.00 0.00 0.00 0.00 0.00 1.17 1.53 1.10 0.73 4.67 4.39 5.95 11.54 12.75 14.68 16.43 14.09 14.24 8.83 2.49 1.46 1.53 0.78 1.86 1.47 0.73 0.73 0.62 1.67 3.08 4.03 5.00 6.64 6.86 5.29 5.45 4.53 3.97 2.61 7.38 6.87 8.22
1.10 0.51 0.29 1.46 1.24 1.90 2.04 0.00 0.00 0.00 0.00 0.00 0.00 0.00 0.00 0.00 0.00 0.00 0.00 0.00 0.00 0.00 0.00 0.00 0.00 0.00 0.00 0.00 0.00 0.00 0.00 0.00 0.00 0.00 0.00 0.00 0.00 0.00 0.00 0.00 0.00 0.00 0.00 0.00 0.00 0.00 0.07 3.87 5.18 3.87 2.99 7.96 7.30 9.48 8.79 12.34 13.23 7.90 8.08 8.11 6.75 1.83 1.18 0.62 0.95 1.16 0.30 1.39 1.39 0.52 0.70 1.46 2.74 3.83 5.87 5.72 4.32 4.23 3.37 2.70 5.25 8.17 8.23 7.34
0.00 0.00 0.58 0.07 1.90 1.02 2.56 2.70 2.56 1.24 0.00 0.00 0.00 0.00 0.00 0.00 0.00 0.00 0.00 0.00 0.00 0.00 0.00 0.00 0.00 0.00 0.00 0.51 0.00 0.00 0.00 0.00 0.00 0.00 0.00 0.00 0.73 0.00 0.00 0.00 0.00 2.41 3.72 3.72 3.80 2.48 1.24 7.88 8.47 9.78 12.70 12.41 14.97 12.47 11.62 8.35 8.69 7.19 6.74 4.73 3.87 1.83 1.73 1.08 1.97 0.99 1.06 1.04 1.02 0.67 0.96 0.72 2.27 4.11 4.60 2.64 2.59 3.89 3.33 3.28 4.29 7.53 6.89 6.03
0.00 0.00 0.00 0.29 0.66 1.90 1.75 2.63 2.34 2.26 2.04 0.29 0.00 0.00 0.00 0.00 0.00 0.00 0.00 0.00 0.00 0.00 0.00 0.00 0.00 0.00 0.00 0.00 1.24 0.37 0.80 0.00 1.39 1.17 0.00 1.02 0.00 0.00 0.00 0.00 0.00 9.78 11.97 11.97 10.66 9.13 7.08 12.48 13.29 15.65 15.65 15.86 15.67 15.00 10.93 8.44 6.42 8.61 9.01 6.19 3.37 3.38 2.75 3.87 0.96 1.51 0.74 1.51 1.47 0.88 0.29 1.31 4.92 4.81 4.62 5.62 3.36 3.23 3.65 2.46 3.13 5.49 4.59 5.75
1.83 2.48 3.36 1.31 3.21 2.19 1.75 0.00 1.10 2.26 0.37 0.00 0.51 0.00 0.22 1.10 0.66 0.00 0.00 1.24 1.39 0.88 0.00 0.00 1.17 1.75 0.66 1.31 1.24 1.46 1.10 1.10 1.53 2.19 1.10 1.17 2.92 2.85 0.00 4.53 7.96 8.47 4.74 4.74 10.07 11.46 11.61 16.06 14.45 10.80 15.13 17.87 14.77 11.56 10.52 10.84 11.35 13.56 14.60 13.57 14.97 12.71 7.14 12.04 6.79 4.04 2.84 3.29 3.24 1.83 0.37 1.51 4.41 6.46 7.26 11.02 8.17 2.97 3.67 2.30 2.79 2.94 4.32 4.28
2.34 2.56 4.02 5.11 1.83 3.14 1.10 1.39 0.00 1.17 0.00 0.00 0.15 0.37 1.02 0.58 1.17 1.10 1.10 1.46 1.02 0.80 0.07 0.00 0.51 1.10 0.80 0.66 0.66 1.17 1.17 0.00 0.88 0.29 1.46 1.17 2.12 2.41 0.95 0.80 2.77 5.11 4.02 4.02 6.94 10.37 7.37 8.47 12.57 8.67 11.82 14.14 11.03 9.94 11.66 10.93 9.64 8.52 12.92 15.63 14.67 16.87 13.76 14.45 8.25 3.07 3.37 2.09 2.05 0.88 0.73 1.76 3.52 6.67 14.06 10.51 11.80 2.40 0.76 0.09 0.53 1.81 3.20 4.56
4.67 2.70 2.63 1.39 4.53 2.56 2.70 1.02 0.66 0.00 0.00 0.00 0.00 0.80 0.80 1.53 0.88 0.88 0.88 0.80 1.24 0.07 0.29 0.15 0.44 0.00 0.00 0.29 0.07 1.83 1.10 0.00 0.00 0.29 0.29 0.44 2.19 0.00 0.00 0.00 0.37 0.29 1.39 1.39 3.58 6.06 4.31 5.75 7.62 12.35 12.49 12.28 10.63 10.61 11.24 8.07 5.76 5.90 8.26 13.14 17.66 16.16 12.78 6.57 7.23 2.91 3.43 3.45 3.83 1.76 1.19 2.11 3.20 4.47 10.26 9.44 3.29 2.12 0.52 0.08 0.91 2.39 3.22 5.47
2.41 4.96 0.00 0.66 0.29 1.61 1.24 1.98 1.10 0.00 0.00 0.00 0.00 0.00 1.02 1.02 0.37 1.10 1.10 0.66 0.00 0.80 0.95 0.88 0.88 0.00 0.00 0.00 1.10 0.88 0.73 0.00 0.00 0.00 0.00 0.00 0.00 0.00 0.00 0.00 0.00 0.00 0.00 0.00 1.39 3.94 2.19 3.23 9.20 12.38 12.00 14.32 10.65 11.58 8.52 5.38 5.14 5.55 4.89 11.07 16.23 16.37 11.89 9.20 10.00 7.11 4.65 3.69 3.56 2.90 2.20 2.15 3.84 3.46 4.59 5.39 2.30 1.61 0.85 0.39 2.24 3.16 5.64 7.49
0.00 0.00 0.00 2.04 0.00 1.68 0.88 0.51 0.00 0.80 0.58 1.17 0.88 0.00 0.00 0.22 0.07 0.73 0.73 0.73 0.07 0.00 0.15 0.00 0.00 0.00 0.00 0.29 0.00 0.29 0.29 0.00 0.00 0.00 0.00 0.22 0.00 0.00 0.00 0.00 0.00 0.00 0.00 0.00 0.00 1.83 3.80 7.08 7.88 12.05 12.30 11.62 9.13 7.39 6.59 7.15 4.68 5.92 8.38 10.86 11.35 13.83 10.79 11.24 9.10 8.65 6.73 5.61 5.64 2.90 1.52 0.65 2.31 0.99 1.83 3.71 1.27 1.69 1.11 0.72 1.23 3.91 6.94 8.84
0.00 0.00 0.00 0.00 0.00 0.00 1.02 1.17 1.75 0.95 0.22 1.39 0.95 0.00 0.00 0.00 0.00 0.51 0.51 0.37 0.00 0.00 0.00 0.00 0.00 0.00 0.00 0.00 0.00 0.00 0.00 0.00 0.00 0.00 0.00 0.00 0.00 0.00 0.95 0.00 0.00 0.00 0.00 0.00 0.00 0.07 3.82 6.42 4.30 9.18 14.96 10.49 8.09 5.61 5.16 4.20 2.92 5.76 6.03 7.30 11.40 13.96 10.81 11.66 12.28 11.71 10.21 6.99 8.17 4.36 3.38 1.00 1.08 0.62 0.41 1.92 0.89 1.02 0.00 0.00 4.52 6.92 8.84 7.80
0.00 0.00 0.00 0.00 0.00 0.00 1.53 1.53 1.02 2.77 1.39 1.61 2.48 1.75 0.51 0.00 0.44 0.00 0.00 0.00 0.00 0.00 0.00 0.00 0.00 0.00 0.00 0.00 0.00 0.00 0.00 0.00 0.00 0.00 0.00 0.00 0.00 0.00 0.00 0.00 0.00 0.00 0.00 0.00 0.00 0.00 0.51 3.42 1.59 4.60 8.30 7.88 5.92 6.31 5.88 0.00 0.00 0.00 8.71 0.00 8.53 10.58 10.38 12.72 13.05 11.70 12.32 8.61 9.64 9.33 5.64 2.54 1.32 0.18 0.47 1.12 0.75 0.22 0.00 1.05 3.24 7.16 5.61 4.76
0.00 0.00 0.00 0.00 0.00 0.00 0.00 1.46 1.39 2.41 3.36 3.87 3.58 4.82 3.14 2.00 2.51 1.75 1.75 0.00 0.07 0.00 0.00 0.00 0.00 0.00 0.00 0.00 0.00 0.00 0.00 0.00 0.00 0.00 0.00 0.00 0.00 0.00 0.00 0.00 0.00 0.00 0.00 0.00 0.00 0.00 0.00 0.30 4.13 3.33 8.50 6.64 7.21 5.82 0.00 0.00 0.00 0.00 0.00 0.00 0.00 13.41 10.14 11.05 12.75 12.90 13.88 8.94 9.13 10.53 8.52 4.24 2.81 0.93 0.86 2.07 1.26 0.61 0.09 0.09 0.60 3.65 2.31 4.59
0.00 0.00 0.00 0.00 0.00 0.00 0.00 0.00 0.00 2.99 2.34 1.17 2.63 3.21 3.36 2.71 4.23 3.39 3.16 1.31 2.41 0.29 0.29 0.44 0.00 0.00 0.00 0.00 0.00 0.00 0.00 0.00 0.00 0.00 0.00 0.80 0.80 0.58 0.00 0.00 1.17 0.07 0.00 0.00 0.00 0.00 0.00 0.77 4.01 9.13 7.50 9.23 10.48 0.00 0.00 0.00 0.00 0.00 0.00 0.00 0.00 9.07 10.31 6.43 12.34 16.41 13.13 11.63 14.22 12.07 9.98 5.44 3.15 1.92 1.46 2.02 2.07 1.40 0.18 0.00 0.00 0.46 0.67 2.45
0.00 0.00 0.00 0.00 0.00 0.00 0.00 0.00 0.00 0.00 0.00 0.00 0.00 0.00 0.00 0.00 0.00 2.22 2.25 1.46 4.38 3.21 3.87 3.58 0.80 0.00 3.14 3.43 2.85 0.00 1.53 1.83 2.63 1.24 2.26 6.42 6.72 0.95 2.41 5.72 5.19 4.06 3.29 3.29 3.50 1.83 0.22 3.74 2.77 4.16 0.00 0.00 0.00 0.00 0.00 0.00 0.00 0.00 0.00 0.00 0.00 0.00 0.00 0.00 11.28 10.25 9.12 8.66 9.68 6.38 7.85 4.93 3.10 3.17 2.51 1.62 1.14 0.09 0.00 0.00 0.00 0.00 0.00 0.00
0.00 0.00 0.00 0.00 0.00 0.00 0.00 0.00 0.00 0.00 0.00 0.00 0.00 0.00 0.00 0.00 0.00 0.00 0.00 0.00 1.29 0.00 4.89 4.89 2.77 3.73 4.79 5.62 4.60 7.23 6.57 4.53 4.02 2.92 3.65 5.26 7.59 4.31 6.57 4.16 5.54 5.89 3.94 4.40 4.96 4.60 2.41 4.19 4.04 2.73 0.00 0.00 0.00 0.00 0.00 0.00 0.00 0.00 0.00 0.00 0.00 0.00 0.00 0.00 0.00 6.06 3.98 0.00 0.00 0.00 5.80 4.39 2.14 0.00 0.00 0.28 0.70 0.00 0.00 0.00 0.00 0.00 0.00 0.00
0.00 0.00 0.00 0.00 0.00 0.00 0.00 0.00 0.00 0.00 0.00 0.00 0.00 0.00 0.00 0.00 0.00 0.00 0.00 0.00 0.00 0.00 0.00 4.89 4.67 0.00 3.05 5.04 5.99 7.23 6.50 7.30 4.30 3.87 4.02 6.51 4.89 5.69 5.26 0.00 2.29 5.48 0.00 0.00 4.58 5.84 6.38 3.68 0.00 0.00 0.00 0.00 0.00 0.00 0.00 0.00 0.00 0.00 0.00 0.00 0.00 0.00 0.00 0.00 0.00 0.00 0.00 0.00 0.00 0.00 0.00 0.00 0.00 0.00 0.00 0.00 0.00 0.00 0.00 0.00 0.00 0.00 0.00 0.00
0.00 0.00 0.00 0.00 0.00 0.00 0.00 0.00 0.00 0.00 0.00 0.00 0.00 0.00 0.00 0.00 0.00 0.00 0.00 0.00 0.00 0.00 0.00 0.00 2.77 0.00 0.00 4.67 5.33 0.00 5.04 4.59 4.07 2.48 0.00 0.00 0.00 0.00 3.14 0.00 0.00 0.00 3.56 4.06 0.00 4.97 0.00 0.00 0.00 0.00 0.00 0.00 0.00 0.00 0.00 0.00 0.00 0.00 0.00 0.00 0.00 0.00 0.00 0.00 0.00 0.00 0.00 0.00 0.00 0.00 0.00 0.00 0.00 0.00 0.00 0.00 0.00 0.00 0.00 0.00 0.00 0.00 0.00 0.00
0.00 0.00 0.00 0.00 0.00 0.00 0.00 0.00 0.00 0.00 0.00 0.00 0.00 0.00 0.00 0.00 0.00 0.00 0.00 0.00 0.00 0.00 0.00 2.04 0.00 0.00 0.00 0.00 2.63 0.00 0.00 0.00 0.00 0.00 0.00 0.00 0.00 0.00 0.00 0.00 0.00 0.00 0.00 0.00 0.00 0.00 0.00 0.00 0.00 0.00 0.00 0.00 0.00 0.00 0.00 0.00 0.00 0.00 0.00 0.00 0.00 0.00 0.00 0.00 0.00 0.00 0.00 0.00 0.00 0.00 0.00 0.00 0.00 0.00 0.00 0.00 0.00 0.00 0.00 0.00 0.00 0.00 0.00 0.00
0.00 0.00 0.00 0.00 0.00 0.00 0.00 0.00 0.00 0.00 0.00 0.00 0.00 0.00 0.00 0.00 0.00 0.00 0.00 0.00 0.00 0.00 0.00 0.00 0.00 0.00 0.00 0.00 0.00 0.00 0.00 0.00 0.00 0.00 0.00 0.00 0.00 0.00 0.00 0.00 0.00 0.00 0.00 0.00 0.00 0.00 0.00 0.00 0.00 0.00 0.00 0.00 0.00 0.00 0.00 0.00 0.00 0.00 0.00 0.00 0.00 0.00 0.00 0.00 0.00 0.00 0.00 0.00 0.00 0.00 0.00 0.00 0.00 0.00 0.00 0.00 0.00 0.00 0.00 0.00 0.00 0.00 0.00 0.00
0.00 0.00 0.00 0.00 0.00 0.00 0.00 0.00 0.00 0.00 0.00 0.00 0.00 0.00 0.00 0.00 0.00 0.00 0.00 0.00 0.00 0.00 0.00 0.00 0.00 0.00 0.00 0.00 0.00 0.00 0.00 0.00 0.00 0.00 0.00 0.00 0.00 0.00 0.00 0.00 0.00 0.00 0.00 0.00 0.00 0.00 0.00 0.00 0.00 0.00 0.00 0.00 0.00 0.00 0.00 0.00 0.00 0.00 0.00 0.00 0.00 0.00 0.00 0.00 0.00 0.00 0.00 0.00 0.00 0.00 0.00 0.00 0.00 0.00 0.00 0.00 0.00 0.00 0.00 0.00 0.00 0.00 0.00 0.00
