Wansh/Snow_depth/snowdepth-1994/winter/1995012.txt
ncols 321
nrows 161
xllcenter 60
yllcenter 15 
cellsize  0.25 
NODATA_value -1
[rows 0 to 36 of 161, columns 84 to 167 of 321]
12.34 12.26 12.48 12.48 11.46 9.64 9.64 7.59 8.76 6.42 7.52 7.52 8.25 9.71 10.88 10.44 11.32 11.32 11.32 11.32 11.39 10.07 9.56 6.06 2.70 3.80 0.15 0.15 0.07 0.00 1.31 4.23 3.94 5.40 9.49 9.49 9.71 7.23 7.59 7.52 7.15 5.84 5.77 5.77 3.50 4.38 4.96 3.14 3.50 3.29 5.91 5.69 5.11 7.59 7.66 7.52 6.13 8.76 6.57 6.94 4.74 4.89 2.70 2.85 2.85 2.92 4.74 4.38 4.38 5.33 5.04 7.96 9.05 9.20 8.54 9.20 8.91 10.95 10.15 10.51 10.07 9.86 8.76 8.83
13.51 13.65 12.19 11.46 9.56 8.91 9.34 9.42 8.47 11.32 10.51 8.83 9.49 8.25 7.01 7.01 7.01 9.93 9.93 10.22 10.59 10.29 9.42 7.88 6.35 2.12 3.43 0.22 0.00 0.15 1.24 0.88 4.96 3.80 7.66 5.91 6.86 6.94 7.37 7.23 7.01 7.52 8.18 8.18 8.32 7.30 7.01 7.81 3.14 2.48 2.99 3.21 3.58 2.92 3.65 4.53 5.48 7.01 6.79 5.55 5.62 6.64 8.61 8.47 9.20 5.18 6.35 8.83 8.83 8.32 10.51 9.78 8.61 9.34 9.27 10.22 11.32 11.17 11.53 10.59 10.88 11.39 13.14 12.48
14.75 12.85 10.88 9.20 9.05 9.27 9.86 12.92 11.90 12.70 12.19 11.02 9.78 10.15 7.23 6.20 6.28 8.10 8.10 7.52 8.91 7.45 8.69 8.18 8.25 4.96 3.94 0.66 1.39 0.00 0.51 0.44 0.88 4.31 5.84 5.69 8.47 8.83 8.10 11.68 8.03 9.20 7.96 7.96 11.46 10.44 11.24 9.49 11.10 3.65 2.92 3.36 1.83 2.41 2.41 3.36 3.21 6.64 7.52 7.37 9.05 10.37 10.37 10.80 11.02 11.61 13.07 9.86 9.86 11.68 11.68 10.37 9.78 9.71 11.02 12.48 11.75 13.80 12.48 12.48 11.61 12.70 14.38 15.11
14.75 12.85 10.88 9.20 9.05 9.27 9.86 12.92 11.90 12.70 12.19 11.02 9.78 10.15 7.23 6.20 6.28 8.10 8.10 7.52 8.91 7.45 8.69 8.18 8.25 4.96 3.94 0.66 1.39 0.00 0.51 0.44 0.88 4.31 5.84 5.69 8.47 8.83 8.10 11.68 8.03 9.20 7.96 7.96 11.46 10.44 11.24 9.49 11.10 3.65 2.92 3.36 1.83 2.41 2.41 3.36 3.21 6.64 7.52 7.37 9.05 10.37 10.37 10.80 11.02 11.61 13.07 9.86 9.86 11.68 11.68 10.37 9.78 9.71 11.02 12.48 11.75 13.80 12.48 12.48 11.61 12.70 14.38 15.11
13.29 11.39 8.69 8.40 8.54 7.96 10.51 10.59 8.91 10.07 9.42 11.17 10.15 9.42 8.61 8.83 7.59 7.96 7.96 5.91 5.48 5.55 7.15 7.81 8.54 8.54 5.48 0.66 1.10 1.46 0.66 0.29 0.44 2.63 6.28 9.49 8.83 11.39 12.26 12.48 10.15 10.00 9.93 9.93 12.85 15.55 14.53 12.85 9.42 11.02 3.87 2.19 2.56 1.83 3.29 2.99 3.87 3.58 4.74 8.32 7.96 10.73 12.48 12.05 12.92 12.78 13.80 13.36 13.36 13.43 12.05 12.19 10.29 9.49 9.42 10.22 12.85 12.41 12.05 10.29 10.37 11.53 14.16 13.94
12.41 11.75 9.13 9.20 8.18 7.30 9.27 7.74 7.15 8.32 8.91 9.34 9.49 9.64 10.37 11.68 10.22 11.17 11.17 9.78 6.42 4.74 2.26 4.16 6.28 6.57 6.57 3.50 2.04 0.88 0.88 1.46 2.41 2.12 4.23 6.72 10.66 10.44 11.53 11.02 11.32 10.29 11.32 11.32 10.51 12.85 13.58 12.63 12.19 6.28 7.52 2.63 2.26 2.12 2.48 3.80 3.14 4.74 4.23 6.64 10.22 9.78 12.85 15.18 14.97 14.97 13.65 13.07 13.07 11.32 11.32 12.63 12.85 12.99 12.26 11.32 11.46 9.20 7.88 8.18 8.32 10.29 9.93 13.29
12.19 11.10 10.00 12.12 10.51 10.73 10.80 8.69 10.66 10.15 8.40 8.25 8.40 7.37 7.88 10.66 13.80 12.92 12.92 10.80 6.72 8.47 2.56 6.28 6.06 4.82 3.14 3.72 2.19 2.34 1.90 1.53 2.77 3.94 6.28 5.69 11.75 11.32 11.68 9.78 8.98 8.83 9.27 9.27 9.05 8.54 11.61 9.71 9.42 6.20 2.92 3.21 3.07 2.56 2.48 4.02 5.26 5.04 6.35 7.74 7.45 9.78 9.20 14.82 15.04 15.11 14.31 12.41 12.41 12.78 13.14 15.55 14.97 15.11 15.40 13.80 11.90 12.56 9.05 7.81 8.03 9.42 10.95 10.66
12.19 11.10 10.00 12.12 10.51 10.73 10.80 8.69 10.66 10.15 8.40 8.25 8.40 7.37 7.88 10.66 13.80 12.92 12.92 10.80 6.72 8.47 2.56 6.28 6.06 4.82 3.14 3.72 2.19 2.34 1.90 1.53 2.77 3.94 6.28 5.69 11.75 11.32 11.68 9.78 8.98 8.83 9.27 9.27 9.05 8.54 11.61 9.71 9.42 6.20 2.92 3.21 3.07 2.56 2.48 4.02 5.26 5.04 6.35 7.74 7.45 9.78 9.20 14.82 15.04 15.11 14.31 12.41 12.41 12.78 13.14 15.55 14.97 15.11 15.40 13.80 11.90 12.56 9.05 7.81 8.03 9.42 10.95 10.66
11.39 10.88 10.22 11.75 9.93 10.37 10.44 10.44 10.59 9.93 9.20 7.45 5.62 5.99 6.86 8.03 12.78 13.36 13.36 13.07 14.60 11.97 9.42 10.59 5.77 4.82 2.19 2.19 2.34 2.56 2.99 3.14 2.85 3.50 7.81 12.99 11.97 10.66 9.56 9.64 7.96 5.04 4.67 4.67 7.15 5.33 4.74 6.72 3.87 3.80 5.26 4.16 3.87 7.01 7.74 4.89 5.18 6.20 6.64 6.64 8.54 8.10 9.78 8.91 9.64 10.95 13.94 12.48 12.48 12.56 12.56 14.16 16.28 16.21 15.77 15.48 15.55 15.62 15.84 15.77 12.26 9.27 8.47 8.69
11.32 10.22 10.80 10.88 10.80 10.00 10.80 10.44 10.07 8.91 9.20 8.10 7.81 8.54 11.24 12.56 14.82 15.91 15.91 15.48 15.26 13.94 10.44 6.35 3.65 4.38 2.19 2.48 3.87 3.29 3.43 2.26 3.50 7.37 6.28 7.23 8.83 8.83 7.15 4.96 5.33 3.87 3.72 3.72 3.80 3.21 4.02 4.53 4.02 6.79 6.20 8.83 8.91 8.69 8.91 9.13 7.59 7.37 6.86 7.59 8.10 8.61 7.52 8.32 9.78 9.42 11.90 14.31 14.31 14.02 15.91 13.72 15.70 15.62 15.99 15.40 17.01 16.79 17.30 15.04 16.06 11.46 8.18 8.98
9.64 9.13 11.10 11.24 9.64 9.93 10.07 9.13 9.86 8.98 9.27 8.69 8.76 8.91 10.51 11.24 14.02 13.51 13.51 14.24 13.94 14.24 11.97 6.50 3.80 2.99 2.92 2.92 2.63 1.97 2.56 2.34 3.21 4.16 5.11 5.04 7.01 7.37 7.37 5.04 6.57 7.15 5.11 5.11 6.86 7.59 5.55 7.08 6.72 7.81 9.86 14.09 14.45 10.00 10.44 9.64 11.61 11.02 9.86 9.71 9.78 9.71 9.71 9.78 10.15 12.85 12.48 15.55 15.55 17.30 16.94 18.69 19.64 19.78 19.86 21.75 21.75 22.27 20.95 21.75 17.37 15.70 16.13 13.36
9.64 9.13 11.10 11.24 9.64 9.93 10.07 9.13 9.86 8.98 9.27 8.69 8.76 8.91 10.51 11.24 14.02 13.51 13.51 14.24 13.94 14.24 11.97 6.50 3.80 2.99 2.92 2.92 2.63 1.97 2.56 2.34 3.21 4.16 5.11 5.04 7.01 7.37 7.37 5.04 6.57 7.15 5.11 5.11 6.86 7.59 5.55 7.08 6.72 7.81 9.86 14.09 14.45 10.00 10.44 9.64 11.61 11.02 9.86 9.71 9.78 9.71 9.71 9.78 10.15 12.85 12.48 15.55 15.55 17.30 16.94 18.69 19.64 19.78 19.86 21.75 21.75 22.27 20.95 21.75 17.37 15.70 16.13 13.36
5.91 7.96 8.98 6.64 7.52 6.86 3.87 6.35 7.37 6.86 8.83 9.78 11.39 13.87 13.14 10.88 13.58 15.11 15.11 15.18 14.16 10.80 7.01 4.74 5.18 4.60 3.14 3.14 2.99 1.97 3.07 5.77 5.62 5.04 11.24 10.15 10.29 8.76 13.36 12.78 10.29 11.68 12.34 12.34 9.71 9.86 9.56 7.59 11.24 15.26 14.45 15.77 13.29 14.16 12.78 11.61 10.95 14.75 14.16 15.04 12.19 12.48 10.88 12.19 11.97 12.92 14.67 14.16 14.16 17.23 20.29 20.66 21.02 21.83 21.75 23.80 24.09 24.31 23.51 20.00 20.59 18.47 17.89 16.64
0.00 4.23 7.37 8.98 4.67 0.00 0.00 4.45 6.72 7.96 10.73 9.86 12.85 14.67 14.38 16.13 14.45 15.84 15.84 15.62 14.89 11.24 7.45 5.48 5.18 5.77 3.94 2.77 6.42 8.25 7.52 9.56 15.33 13.80 14.38 14.09 17.74 17.74 16.35 16.13 17.01 13.51 16.21 16.21 12.48 11.90 16.50 18.83 14.45 16.64 17.16 17.01 14.60 14.31 14.45 15.18 16.43 13.51 13.07 11.10 10.95 10.37 12.12 13.58 13.65 13.65 14.60 16.79 16.79 19.20 18.61 21.97 23.14 22.85 21.10 21.10 20.88 16.28 15.18 14.60 19.05 18.25 15.91 15.99
0.00 0.00 0.00 0.00 2.48 2.70 0.00 0.00 5.62 8.32 11.10 10.59 10.66 12.56 15.48 14.75 15.70 16.06 16.06 14.89 15.55 12.70 9.42 8.54 6.42 4.60 4.53 7.01 8.69 10.59 14.67 14.24 16.64 16.57 17.16 17.16 17.37 17.67 17.37 17.89 20.81 19.56 18.61 18.61 20.81 19.35 19.13 17.37 14.67 17.16 16.94 15.99 16.43 15.26 18.03 17.30 20.29 16.57 17.89 9.27 8.69 8.54 9.86 11.32 10.07 12.63 14.89 15.70 15.70 17.74 20.22 20.29 21.10 19.35 19.78 19.05 14.75 17.01 8.18 3.29 16.79 18.91 19.27 19.05
0.00 0.00 0.00 3.58 5.48 4.38 3.58 3.94 4.31 6.50 4.96 8.25 10.44 10.66 11.90 13.21 15.33 16.21 16.21 14.38 13.36 11.39 12.05 9.05 7.37 8.83 8.91 8.91 8.91 12.26 15.18 14.53 16.50 15.33 15.33 15.84 15.62 18.03 20.08 19.86 21.53 18.40 19.20 19.20 20.15 14.16 14.38 15.04 13.58 13.80 15.26 15.33 13.94 13.58 15.77 20.51 20.51 16.72 10.73 12.05 9.49 7.96 7.81 8.61 11.39 10.88 14.24 17.67 17.67 17.01 20.51 20.08 17.52 18.32 17.08 16.57 17.30 5.91 0.00 12.26 9.42 17.59 12.70 16.50
0.00 0.00 0.00 3.58 5.48 4.38 3.58 3.94 4.31 6.50 4.96 8.25 10.44 10.66 11.90 13.21 15.33 16.21 16.21 14.38 13.36 11.39 12.05 9.05 7.37 8.83 8.91 8.91 8.91 12.26 15.18 14.53 16.50 15.33 15.33 15.84 15.62 18.03 20.08 19.86 21.53 18.40 19.20 19.20 20.15 14.16 14.38 15.04 13.58 13.80 15.26 15.33 13.94 13.58 15.77 20.51 20.51 16.72 10.73 12.05 9.49 7.96 7.81 8.61 11.39 10.88 14.24 17.67 17.67 17.01 20.51 20.08 17.52 18.32 17.08 16.57 17.30 5.91 0.00 12.26 9.42 17.59 12.70 16.50
0.00 0.00 0.00 6.64 7.52 6.42 4.38 5.04 2.34 3.29 3.14 5.11 6.35 10.59 8.91 12.19 14.53 13.72 13.72 13.43 12.26 10.51 8.54 8.69 8.54 8.69 10.15 12.48 12.56 12.12 13.29 15.77 15.99 15.48 18.25 14.97 15.62 16.79 17.59 14.67 16.57 17.16 13.36 13.36 12.05 12.56 10.07 11.53 11.68 11.46 9.93 10.22 12.12 13.14 12.85 13.21 12.70 15.33 11.17 11.68 11.10 16.72 17.16 14.97 15.62 14.31 12.70 16.50 16.50 21.75 21.10 21.90 17.74 16.86 16.86 17.45 8.98 4.23 0.00 8.54 9.42 10.51 10.44 11.75
3.72 7.08 8.32 7.81 8.83 9.20 9.78 7.23 3.87 4.74 5.26 4.96 6.13 7.88 11.75 11.61 11.83 11.53 11.53 12.56 11.83 9.56 8.54 8.10 10.07 11.97 11.46 13.29 14.97 14.97 15.26 16.21 18.25 19.35 19.86 17.01 14.97 10.00 14.38 11.75 7.52 10.88 11.46 11.46 9.34 9.20 9.71 7.01 9.13 8.83 8.98 11.68 11.32 10.88 11.61 11.53 12.05 13.65 16.06 14.75 19.86 18.98 21.53 18.83 17.08 18.47 19.86 24.67 24.67 23.80 23.00 17.37 13.58 13.94 14.02 12.41 13.36 7.66 6.28 9.13 8.47 10.29 10.66 11.17
3.80 5.26 4.89 6.42 8.83 9.86 9.78 8.69 6.86 5.91 5.69 7.52 6.42 8.47 7.15 8.25 6.57 6.94 6.94 9.20 9.64 9.64 9.13 9.42 11.02 12.92 14.16 14.02 14.38 13.87 10.15 14.60 14.97 12.26 14.16 14.45 13.80 7.30 6.20 7.15 3.80 7.96 8.69 8.69 8.25 8.18 6.94 6.94 12.99 20.15 11.46 15.70 17.23 19.20 17.67 12.78 12.63 13.58 16.35 17.45 17.08 18.98 19.71 23.43 20.37 21.17 20.66 23.80 23.80 22.27 23.51 17.59 11.97 12.70 12.34 12.34 8.91 7.23 7.45 6.86 6.79 9.86 9.49 11.24
4.60 0.00 4.89 6.13 7.23 6.28 6.64 7.23 7.15 6.94 9.56 9.05 7.59 6.79 7.74 9.56 7.88 6.28 6.28 8.47 8.98 9.42 10.29 10.22 11.61 12.12 14.60 13.65 14.16 13.29 8.25 9.05 9.71 8.98 11.68 5.62 2.99 4.38 0.00 3.14 2.34 7.59 8.98 8.98 8.61 8.54 11.02 16.28 14.60 21.83 22.41 22.63 23.65 20.95 21.10 20.81 20.15 16.72 16.79 15.70 15.40 15.70 15.40 16.86 15.99 19.42 20.66 18.61 18.61 19.42 13.72 9.64 9.13 8.91 8.69 7.74 7.81 7.45 6.72 6.28 6.13 7.37 8.25 10.66
4.67 4.60 5.11 5.11 5.55 5.91 6.42 7.88 11.90 11.61 11.90 10.07 8.98 13.21 12.85 12.99 10.51 10.66 10.66 12.34 11.02 10.44 11.39 13.14 16.13 15.62 16.86 18.83 16.43 17.16 11.61 8.83 7.66 5.91 5.77 3.80 0.44 0.00 0.00 0.00 7.30 6.64 5.62 5.62 6.86 8.69 8.40 6.79 17.59 17.67 17.01 14.02 14.31 21.61 21.10 19.64 20.00 14.09 9.42 13.36 12.19 11.02 10.95 13.07 17.08 17.89 17.81 17.08 17.08 13.94 14.67 12.26 8.91 8.61 8.61 7.96 8.25 8.61 8.91 8.91 6.28 6.64 8.03 6.42
4.67 4.60 5.11 5.11 5.55 5.91 6.42 7.88 11.90 11.61 11.90 10.07 8.98 13.21 12.85 12.99 10.51 10.66 10.66 12.34 11.02 10.44 11.39 13.14 16.13 15.62 16.86 18.83 16.43 17.16 11.61 8.83 7.66 5.91 5.77 3.80 0.44 0.00 0.00 0.00 7.30 6.64 5.62 5.62 6.86 8.69 8.40 6.79 17.59 17.67 17.01 14.02 14.31 21.61 21.10 19.64 20.00 14.09 9.42 13.36 12.19 11.02 10.95 13.07 17.08 17.89 17.81 17.08 17.08 13.94 14.67 12.26 8.91 8.61 8.61 7.96 8.25 8.61 8.91 8.91 6.28 6.64 8.03 6.42
5.26 5.04 4.67 5.55 5.33 5.62 6.94 11.32 13.07 13.43 13.29 12.78 13.80 14.31 14.45 15.91 16.13 14.75 14.75 13.51 13.29 12.48 13.87 14.97 17.30 16.94 17.81 17.59 16.86 13.36 9.49 10.29 7.66 3.94 0.00 3.14 0.95 0.22 0.00 0.00 0.00 2.99 3.36 3.36 1.90 3.72 2.56 1.83 0.00 8.18 8.25 6.94 7.01 7.96 17.08 15.55 11.32 12.56 7.30 8.32 7.45 10.73 11.02 13.21 13.29 15.55 13.58 15.62 15.62 15.26 15.70 17.89 14.09 14.31 10.73 8.10 7.81 8.32 9.27 9.20 9.93 8.47 7.96 6.72
7.45 6.20 6.42 7.37 12.63 12.63 14.24 14.09 15.11 14.97 12.26 10.66 13.94 11.68 13.29 14.09 14.53 14.45 14.45 13.58 13.80 14.38 14.24 15.87 15.26 16.78 15.26 15.84 15.70 15.18 15.70 8.83 10.29 5.33 3.36 0.66 0.66 0.58 0.00 1.10 1.10 1.31 0.00 0.00 0.00 0.00 0.00 0.00 0.00 0.00 0.00 0.00 0.00 4.09 2.70 2.85 2.56 4.45 4.53 5.69 9.56 10.73 10.51 12.63 12.70 13.07 12.05 12.41 12.41 14.60 13.94 16.94 14.45 11.39 12.26 8.40 7.45 9.34 10.88 10.37 10.66 8.98 8.47 6.13
5.69 8.69 10.37 11.46 12.99 13.21 11.39 12.12 10.95 11.68 10.22 10.15 9.34 10.88 9.56 11.53 9.71 12.63 12.63 13.21 14.38 14.24 16.57 17.46 19.44 15.42 17.57 17.91 19.86 17.30 18.10 11.83 10.37 5.11 5.33 5.40 1.53 1.17 2.99 1.83 1.17 1.17 0.66 0.66 0.00 0.00 0.00 0.00 0.00 0.00 0.00 0.00 0.00 0.00 0.00 1.68 0.00 1.68 3.29 8.69 8.10 10.95 12.41 11.90 12.78 10.51 11.90 11.46 11.46 13.14 14.89 15.48 14.60 13.21 12.41 11.97 9.86 10.15 10.95 11.53 11.61 10.95 10.37 7.88
10.15 11.46 11.61 11.46 12.19 12.48 8.98 8.10 7.08 0.00 0.00 6.86 0.00 0.00 3.65 5.99 10.15 9.34 9.34 12.19 7.59 8.97 13.25 16.26 15.13 16.87 17.23 18.14 20.17 18.62 17.67 18.54 15.70 16.64 9.86 9.64 11.53 4.38 3.50 3.94 0.58 0.37 0.58 0.58 0.15 0.00 0.00 0.00 0.00 0.00 0.00 0.00 0.00 0.00 0.00 0.00 1.53 1.46 2.56 7.59 14.38 12.92 19.64 22.34 19.78 20.37 21.39 23.21 23.21 20.95 21.39 17.52 14.53 14.16 13.72 13.51 12.41 13.36 14.24 14.75 13.21 11.83 14.75 12.12
11.46 11.24 11.46 8.83 8.18 7.37 7.52 6.79 4.31 0.00 0.00 0.00 0.00 0.00 0.00 0.00 4.89 4.02 4.02 0.00 0.00 0.00 7.30 4.09 9.26 7.30 15.13 14.60 19.57 15.93 20.03 18.98 18.69 19.56 16.28 15.91 17.52 7.96 5.11 3.43 3.87 0.88 0.00 0.00 0.07 0.00 0.00 0.00 0.00 0.00 0.00 0.00 0.00 0.00 0.00 0.00 1.53 3.50 6.13 5.33 12.63 19.49 24.75 24.02 24.38 24.16 23.94 25.33 25.33 21.83 18.69 19.56 15.99 14.24 16.13 15.84 14.60 14.67 15.33 15.33 14.53 16.06 16.57 18.03
11.46 11.24 11.46 8.83 8.18 7.37 7.52 6.79 4.31 0.00 0.00 0.00 0.00 0.00 0.00 0.00 4.89 4.02 4.04 0.00 0.00 0.00 7.12 4.19 9.13 7.30 14.67 13.57 18.29 16.17 20.23 19.77 21.00 20.70 16.70 15.91 17.52 7.96 5.11 3.43 3.87 0.88 0.00 0.00 0.07 0.00 0.00 0.00 0.00 0.00 0.00 0.00 0.00 0.00 0.00 0.00 1.53 3.50 6.13 5.33 12.63 19.49 24.75 24.02 24.38 24.16 23.94 25.33 25.33 21.83 18.69 19.56 15.99 14.24 16.13 15.84 14.60 14.67 15.33 15.33 14.53 16.06 16.57 18.03
9.93 10.37 9.64 8.69 7.45 6.64 6.20 5.04 5.40 0.00 4.53 0.00 0.00 0.00 0.00 0.00 0.00 7.52 7.52 4.74 4.96 0.00 0.00 0.00 0.00 0.00 8.41 3.96 11.39 9.98 16.52 14.83 22.92 22.88 20.77 20.73 17.70 19.13 8.76 5.77 5.55 1.02 0.22 0.22 0.00 0.00 0.00 0.00 0.66 0.80 0.00 0.00 0.00 0.00 0.00 0.00 0.00 0.00 0.00 2.63 7.30 12.99 21.53 26.50 25.99 26.13 24.53 21.02 21.02 23.21 19.27 14.38 13.21 14.09 14.31 16.28 13.87 11.53 13.94 14.02 14.38 14.16 14.02 18.61
9.86 9.56 9.56 9.71 8.32 8.10 5.99 6.35 8.61 6.20 7.08 4.89 3.65 3.80 5.18 4.89 7.30 9.34 9.34 10.20 6.86 0.00 0.00 0.00 0.00 0.00 0.00 0.00 5.51 7.01 5.40 11.24 12.85 21.38 20.39 21.70 21.34 19.59 20.15 10.88 10.00 9.93 3.58 3.58 1.53 0.44 0.07 0.00 0.51 0.00 0.00 0.00 0.00 0.00 0.00 0.00 0.00 0.00 0.00 0.00 0.00 4.38 0.00 13.94 22.19 21.46 22.19 19.13 19.13 18.98 14.24 14.89 13.72 13.58 10.37 11.32 9.64 10.15 11.90 12.70 11.90 12.78 12.56 15.40
9.56 9.20 11.24 11.46 10.95 11.02 8.18 11.97 10.73 9.34 6.42 8.32 5.18 4.96 6.79 9.34 10.95 9.42 9.42 10.07 7.01 4.53 2.92 0.00 0.00 0.00 0.00 0.00 0.00 3.61 3.43 8.03 7.74 15.62 17.60 15.35 24.31 22.05 23.21 17.89 17.74 15.11 3.50 3.50 4.45 1.39 0.80 0.66 0.00 0.51 0.00 0.00 0.00 0.00 0.00 0.00 0.00 0.00 0.00 0.00 0.00 0.00 8.91 6.79 16.21 19.05 17.52 17.81 17.81 17.01 14.67 11.10 8.25 7.81 8.83 9.27 9.86 10.00 11.61 12.19 12.12 11.39 12.70 10.66
4.60 5.62 9.49 11.46 12.26 10.22 12.12 11.61 12.26 9.93 11.24 10.07 8.40 7.81 9.42 10.44 8.83 7.23 7.23 5.11 2.85 3.07 2.99 2.12 2.26 0.00 0.00 0.00 0.00 0.00 0.00 4.96 4.82 3.94 10.59 15.18 24.16 24.43 23.32 22.34 17.45 18.91 12.85 12.85 9.78 2.56 2.56 2.77 2.56 0.22 0.00 0.00 0.00 0.00 0.00 0.00 0.00 0.00 0.00 2.26 3.43 0.00 0.00 9.49 4.45 13.21 13.72 8.18 8.18 7.08 6.64 7.45 6.64 7.01 7.88 8.47 9.64 10.66 10.22 8.32 9.71 10.73 7.23 8.32
2.48 0.00 4.60 8.25 5.18 7.74 8.54 8.83 8.92 8.61 11.53 10.44 10.73 10.66 10.88 8.47 7.01 4.38 4.38 0.37 0.00 2.04 2.77 2.41 2.77 0.00 0.00 0.00 0.00 0.00 0.00 2.48 0.00 0.00 5.18 8.69 9.71 19.42 19.94 17.74 19.15 14.89 15.70 15.70 13.36 12.26 6.42 6.20 7.59 6.79 4.45 1.75 0.88 0.00 0.00 0.00 0.00 1.90 4.38 3.87 4.82 2.41 0.00 0.00 0.00 2.34 5.55 5.18 5.18 4.89 4.96 5.26 3.21 3.94 4.96 5.69 8.18 5.84 7.37 7.23 4.45 4.96 2.77 2.85
3.65 0.00 0.00 0.00 0.00 5.33 10.29 11.46 8.46 7.30 7.81 6.06 7.23 6.06 3.43 3.07 0.00 0.00 0.00 0.00 0.00 0.00 2.63 3.14 3.36 0.00 0.00 0.00 0.00 0.00 0.00 0.00 0.00 0.00 3.43 3.07 4.23 4.94 12.05 11.90 10.03 13.58 12.78 12.78 13.14 12.26 13.94 11.97 11.61 11.61 8.61 5.04 5.62 0.00 0.00 0.00 0.00 0.00 2.85 4.67 4.60 4.45 0.00 0.00 0.00 0.00 2.48 3.58 3.58 2.85 1.68 0.00 2.34 2.04 3.72 0.00 3.80 4.23 0.00 1.68 2.85 2.41 2.41 1.83
3.65 0.00 0.00 0.00 0.00 5.33 10.29 11.46 8.25 7.30 7.81 6.06 7.23 6.06 3.43 3.07 0.00 0.00 0.00 0.00 0.00 0.00 2.63 3.14 3.36 0.00 0.00 0.00 0.00 0.00 0.00 0.00 0.00 0.00 3.45 3.08 4.23 4.92 12.17 11.90 9.93 13.58 12.78 12.78 13.14 12.26 13.94 11.97 11.61 11.61 8.61 5.04 5.62 0.00 0.00 0.00 0.00 0.00 2.85 4.67 4.60 4.45 0.00 0.00 0.00 0.00 2.48 3.58 3.58 2.85 1.68 0.00 2.34 2.04 3.72 0.00 3.80 4.23 0.00 1.68 2.85 2.41 2.41 1.83
9.78 7.23 3.87 0.00 6.20 10.59 9.42 12.82 10.60 9.42 5.48 5.33 5.04 3.21 1.31 0.22 0.00 0.00 0.00 0.00 0.00 0.00 1.46 3.65 3.50 0.00 0.00 0.00 0.00 0.00 0.00 0.00 0.00 0.00 0.00 0.00 0.00 0.00 5.50 5.11 4.60 3.14 7.81 7.81 9.71 9.20 9.71 14.60 14.89 14.82 13.43 8.18 6.06 2.92 3.58 0.00 2.56 0.00 0.00 3.29 5.04 4.38 4.96 0.00 0.00 0.15 0.00 0.00 0.00 1.46 1.46 0.00 0.00 0.00 0.00 0.00 0.00 0.00 0.00 0.00 0.00 1.61 0.00 0.07
