Wansh/Snow_depth/snowdepth-1994/winter/1995023.txt
ncols 321
nrows 161
xllcenter 60
yllcenter 15 
cellsize  0.25 
NODATA_value -1
[rows 0 to 36 of 161, columns 84 to 167 of 321]
15.48 14.89 16.50 15.70 15.77 13.21 14.09 9.05 9.34 8.69 11.46 12.56 13.51 13.43 13.36 13.14 14.53 14.24 14.24 15.11 15.33 12.70 7.66 8.98 2.77 3.58 0.95 0.00 0.22 0.58 4.16 2.92 9.13 10.29 10.29 9.86 7.66 10.15 7.45 6.20 8.10 8.91 7.66 7.66 8.40 5.04 4.53 3.36 2.77 4.09 3.58 7.23 5.99 6.72 6.13 9.86 9.86 9.86 9.20 5.91 4.60 5.11 3.80 2.92 2.85 1.90 3.29 4.53 4.53 5.77 7.45 8.98 8.76 8.32 9.05 14.45 14.45 14.45 14.45 14.24 14.45 12.99 11.97 12.19
16.57 16.28 15.70 15.33 12.70 13.21 10.22 10.37 10.15 12.48 11.97 12.26 10.07 10.51 9.86 10.00 11.17 13.87 13.87 13.36 14.09 13.87 13.87 12.12 12.99 5.55 1.31 1.90 0.00 0.58 0.00 2.48 6.79 6.86 7.66 6.86 6.64 7.74 6.35 6.94 7.88 9.34 11.46 11.46 11.53 9.93 9.78 4.23 5.04 3.36 3.14 4.38 4.16 4.16 6.06 6.42 7.01 8.18 7.96 7.08 6.28 8.47 7.81 8.32 9.05 6.86 7.08 7.23 7.23 6.64 9.49 10.66 10.00 10.07 10.22 11.02 14.31 13.51 15.70 17.23 14.67 14.89 14.97 14.24
15.84 16.21 12.92 13.80 11.46 11.61 11.17 14.24 15.26 15.04 13.80 14.09 11.17 8.32 8.69 6.57 6.13 6.35 6.35 5.84 11.10 12.34 10.59 13.72 8.98 3.21 4.16 0.44 0.51 0.00 1.97 1.53 3.29 5.04 8.25 7.59 8.18 9.71 9.42 9.71 9.93 8.91 12.56 12.56 13.65 14.82 16.28 6.86 8.83 4.23 3.50 2.41 3.14 3.72 4.53 4.16 5.99 8.91 8.18 10.22 9.78 11.39 12.85 9.56 10.66 10.37 13.29 12.34 12.34 12.34 12.85 11.10 10.37 10.95 13.65 12.78 16.79 16.79 16.79 18.40 17.52 16.94 18.69 19.42
15.84 16.21 12.92 13.80 11.46 11.61 11.17 14.24 15.26 15.04 13.80 14.09 11.17 8.32 8.69 6.57 6.13 6.35 6.35 5.84 11.10 12.34 10.59 13.72 8.98 3.21 4.16 0.44 0.51 0.00 1.97 1.53 3.29 5.04 8.25 7.59 8.18 9.71 9.42 9.71 9.93 8.91 12.56 12.56 13.65 14.82 16.28 6.86 8.83 4.23 3.50 2.41 3.14 3.72 4.53 4.16 5.99 8.91 8.18 10.22 9.78 11.39 12.85 9.56 10.66 10.37 13.29 12.34 12.34 12.34 12.85 11.10 10.37 10.95 13.65 12.78 16.79 16.79 16.79 18.40 17.52 16.94 18.69 19.42
16.06 14.09 13.58 10.73 11.10 11.75 8.98 12.85 12.70 13.29 13.14 12.99 12.48 12.78 11.83 9.78 7.66 4.74 4.74 5.55 4.23 7.66 6.94 11.53 10.44 11.10 3.87 0.73 1.24 0.66 1.17 1.24 3.58 4.74 6.50 9.78 10.59 11.32 11.39 11.90 10.88 9.56 9.78 9.78 14.97 18.18 17.59 15.84 14.31 10.22 5.26 2.34 3.50 2.70 3.36 3.65 5.18 4.60 6.57 8.91 11.68 10.88 13.51 14.45 14.45 14.67 14.38 14.82 14.82 13.94 12.56 11.97 12.12 11.75 11.68 12.41 17.37 16.06 15.48 14.53 14.45 15.55 18.03 18.32
17.08 15.48 13.94 12.70 11.68 8.83 9.13 9.49 9.20 10.15 11.61 11.39 12.63 12.12 12.41 12.56 12.48 13.14 13.14 9.05 4.60 5.55 2.19 4.96 9.86 6.20 3.14 3.80 1.61 0.66 0.51 0.66 2.85 1.97 7.15 10.59 10.15 10.95 9.71 10.66 10.51 10.15 9.64 9.64 12.85 15.99 14.31 12.78 13.94 11.39 3.80 3.72 3.36 3.29 3.29 3.94 4.38 6.86 6.57 8.32 11.10 14.38 12.85 16.57 17.08 16.57 14.38 15.11 15.11 12.70 11.90 12.19 14.24 14.31 12.63 10.88 12.63 11.17 10.88 12.70 11.75 15.11 14.31 17.08
13.58 15.48 14.16 12.41 12.41 13.43 10.88 10.80 11.39 10.88 10.95 8.91 7.52 7.52 10.15 11.61 12.19 11.46 11.46 12.12 8.40 4.96 6.06 3.87 5.48 5.40 2.99 1.83 1.53 1.39 1.39 2.04 1.02 4.89 8.32 7.23 10.37 9.20 8.47 7.96 9.56 9.42 7.59 7.59 8.10 9.78 9.05 9.86 9.86 5.55 6.06 4.23 3.50 4.89 5.69 5.11 6.57 8.69 10.15 11.97 11.61 14.53 18.25 14.60 17.37 17.16 16.06 16.79 16.79 13.94 15.18 16.21 16.94 16.94 15.33 16.43 12.70 11.90 14.38 12.19 12.48 13.36 13.14 15.77
13.58 15.48 14.16 12.41 12.41 13.43 10.88 10.80 11.39 10.88 10.95 8.91 7.52 7.52 10.15 11.61 12.19 11.46 11.46 12.12 8.40 4.96 6.06 3.87 5.48 5.40 2.99 1.83 1.53 1.39 1.39 2.04 1.02 4.89 8.32 7.23 10.37 9.20 8.47 7.96 9.56 9.42 7.59 7.59 8.10 9.78 9.05 9.86 9.86 5.55 6.06 4.23 3.50 4.89 5.69 5.11 6.57 8.69 10.15 11.97 11.61 14.53 18.25 14.60 17.37 17.16 16.06 16.79 16.79 13.94 15.18 16.21 16.94 16.94 15.33 16.43 12.70 11.90 14.38 12.19 12.48 13.36 13.14 15.77
12.85 11.32 13.29 11.46 13.07 12.70 13.51 13.21 13.36 11.53 8.47 9.27 5.84 8.69 7.81 12.63 14.60 14.82 14.82 16.06 14.38 14.75 10.66 5.62 6.13 3.14 2.34 2.41 2.48 2.85 2.77 2.63 3.87 6.13 7.37 11.39 12.12 9.05 9.71 8.25 5.55 5.62 4.60 4.60 6.28 7.37 5.04 5.48 6.20 11.53 10.44 6.42 8.47 7.52 7.37 7.66 9.20 9.27 9.64 10.66 10.80 12.41 12.26 14.75 15.33 16.79 12.78 14.75 14.75 14.53 14.60 15.70 15.99 17.16 17.01 17.30 15.99 14.97 15.48 13.36 12.26 13.72 12.41 14.02
11.83 11.75 12.26 12.34 12.12 13.36 13.14 12.99 11.68 11.83 10.29 6.72 6.06 5.91 11.24 10.07 14.38 14.82 14.82 14.60 15.70 12.56 13.51 6.79 3.21 3.36 2.92 2.92 3.14 2.77 2.77 2.56 3.50 3.36 9.56 8.54 9.49 9.93 7.74 5.84 5.04 3.65 3.94 3.94 4.89 4.23 5.33 4.82 5.18 8.61 10.29 9.86 10.15 10.88 13.14 11.02 10.29 10.44 10.00 11.10 10.66 10.88 9.93 9.56 10.95 10.44 11.97 12.63 12.63 17.16 17.67 17.08 17.59 16.72 18.25 18.03 16.79 21.24 19.78 17.81 18.98 15.55 12.19 12.26
10.22 12.92 12.92 12.19 11.32 11.02 8.47 7.52 11.46 10.22 8.32 8.91 7.37 10.59 9.93 13.36 15.33 15.48 15.48 15.99 15.26 15.18 10.73 5.99 6.13 4.16 3.21 3.21 3.07 2.77 3.72 2.34 2.56 5.62 6.79 5.99 8.83 9.42 6.50 5.40 8.83 8.25 7.15 7.15 6.57 6.79 6.06 8.03 7.01 11.24 14.89 14.82 15.84 13.29 14.53 11.39 14.38 14.16 13.21 14.97 12.48 10.22 10.88 10.22 12.85 14.16 17.67 19.49 19.49 19.05 19.93 22.12 22.05 20.51 19.93 21.68 19.49 23.43 21.46 19.05 19.71 15.91 14.53 15.40
10.22 12.92 12.92 12.19 11.32 11.02 8.47 7.52 11.46 10.22 8.32 8.91 7.37 10.59 9.93 13.36 15.33 15.48 15.48 15.99 15.26 15.18 10.73 5.99 6.13 4.16 3.21 3.21 3.07 2.77 3.72 2.34 2.56 5.62 6.79 5.99 8.83 9.42 6.50 5.40 8.83 8.25 7.15 7.15 6.57 6.79 6.06 8.03 7.01 11.24 14.89 14.82 15.84 13.29 14.53 11.39 14.38 14.16 13.21 14.97 12.48 10.22 10.88 10.22 12.85 14.16 17.67 19.49 19.49 19.05 19.93 22.12 22.05 20.51 19.93 21.68 19.49 23.43 21.46 19.05 19.71 15.91 14.53 15.40
8.91 8.91 7.66 11.02 8.47 6.72 7.15 5.62 7.01 6.57 8.69 10.95 9.56 12.63 14.24 14.02 15.91 16.50 16.50 16.13 15.04 11.17 12.26 6.79 5.26 4.53 3.87 3.21 4.16 5.69 5.11 5.84 6.94 11.02 12.48 9.78 11.24 16.35 14.24 9.49 9.71 12.19 10.88 10.88 12.41 8.25 9.64 9.78 10.73 10.15 16.94 19.20 18.76 16.79 15.77 15.55 15.55 16.43 17.74 17.45 14.60 13.29 11.68 12.63 12.99 13.80 15.84 19.05 19.05 21.53 22.85 22.70 24.09 25.92 22.63 25.77 23.21 25.55 26.43 24.97 22.48 20.15 19.35 17.08
7.37 7.30 6.13 4.74 5.18 4.38 5.26 4.96 6.86 8.91 8.25 11.32 14.60 18.40 17.74 19.05 18.18 18.10 18.10 17.89 14.09 15.18 9.93 7.81 7.37 5.69 4.02 4.16 3.87 5.55 12.78 14.67 14.38 14.53 14.02 16.50 18.69 18.25 19.71 18.32 14.45 18.25 16.21 16.21 16.94 13.07 21.32 12.99 18.25 14.38 19.56 18.69 18.98 17.16 17.23 19.56 17.08 16.21 16.50 15.40 14.24 14.60 15.99 16.43 15.77 18.76 17.89 19.56 19.56 21.46 22.19 25.77 24.97 26.13 26.35 23.21 24.31 23.73 22.12 20.73 23.58 16.28 16.79 15.55
4.74 4.23 4.60 5.11 4.67 4.96 4.89 5.48 7.45 8.69 12.19 14.02 13.65 17.37 20.15 19.78 19.35 18.18 18.18 18.25 16.79 11.46 12.26 9.27 7.66 8.61 8.83 8.47 10.37 13.21 12.63 15.04 18.03 18.10 17.23 17.37 18.54 18.76 20.37 21.90 20.88 21.61 20.29 20.29 24.09 22.78 23.21 22.85 18.03 18.98 20.66 20.88 20.88 21.10 20.51 21.61 20.95 21.17 15.99 17.23 12.92 11.10 8.47 10.88 14.45 15.70 15.26 18.32 18.32 17.08 21.17 23.43 22.12 21.39 25.40 25.48 21.24 14.97 6.42 8.10 14.45 12.85 17.67 19.78
4.74 5.04 5.99 8.40 5.99 5.55 4.53 4.53 5.18 6.86 5.48 8.69 10.95 13.43 13.43 16.28 17.52 17.45 17.45 15.55 14.45 14.82 11.02 9.86 9.56 9.78 9.34 11.68 12.99 15.04 14.67 17.59 18.32 16.72 17.23 16.79 17.45 18.40 21.17 20.88 21.61 22.05 21.90 21.90 21.53 16.13 15.40 20.59 20.08 16.43 18.10 16.57 17.45 19.27 18.69 21.75 20.81 19.64 15.11 11.17 8.98 10.37 8.61 9.42 11.17 14.09 16.13 18.54 18.54 17.67 20.29 23.36 21.61 18.83 23.58 18.25 12.78 14.67 6.50 4.23 11.39 16.13 17.59 17.01
4.74 5.04 5.99 8.40 5.99 5.55 4.53 4.53 5.18 6.86 5.48 8.69 10.95 13.43 13.43 16.28 17.52 17.45 17.45 15.55 14.45 14.82 11.02 9.86 9.56 9.78 9.34 11.68 12.99 15.04 14.67 17.59 18.32 16.72 17.23 16.79 17.45 18.40 21.17 20.88 21.61 22.05 21.90 21.90 21.53 16.13 15.40 20.59 20.08 16.43 18.10 16.57 17.45 19.27 18.69 21.75 20.81 19.64 15.11 11.17 8.98 10.37 8.61 9.42 11.17 14.09 16.13 18.54 18.54 17.67 20.29 23.36 21.61 18.83 23.58 18.25 12.78 14.67 6.50 4.23 11.39 16.13 17.59 17.01
5.84 7.74 7.23 10.22 11.83 11.68 9.56 5.77 3.36 4.09 6.42 5.91 8.69 13.51 14.82 14.45 16.86 15.11 15.11 15.99 13.43 11.61 9.64 10.59 9.34 11.83 12.92 13.14 12.56 14.60 16.43 18.40 17.81 18.69 19.49 13.72 16.86 14.82 18.61 16.94 18.61 18.69 19.42 19.42 15.77 14.82 13.29 17.67 13.36 14.24 13.51 15.55 15.40 16.43 14.97 17.23 16.72 17.08 13.72 13.36 11.53 12.41 15.40 15.04 15.70 14.24 16.06 20.29 20.29 23.58 24.16 24.38 22.56 20.88 20.08 18.91 12.56 7.52 6.79 6.13 9.56 13.29 11.24 14.16
5.84 7.74 11.24 10.66 13.36 12.78 13.29 9.86 6.28 6.72 6.35 7.88 10.37 9.64 11.61 10.73 12.34 11.68 11.68 12.41 11.68 10.51 9.78 9.20 11.39 10.66 13.07 14.45 14.16 15.77 15.40 18.03 18.40 20.59 17.89 14.89 12.70 10.00 14.67 15.40 14.82 10.44 12.63 12.63 12.78 13.51 13.72 9.71 10.15 11.46 13.87 12.41 12.78 12.85 13.07 13.72 14.75 15.62 15.26 16.35 21.46 23.58 22.63 19.64 17.23 21.32 22.12 21.61 21.61 24.53 26.57 20.88 18.25 20.51 17.74 15.55 11.39 8.98 8.61 9.27 10.00 11.46 11.24 12.78
6.28 5.99 8.18 10.73 11.39 13.43 12.19 8.18 9.05 7.23 8.03 7.88 8.98 10.44 9.34 9.71 9.56 11.53 11.53 11.17 11.61 11.24 11.53 11.46 11.17 12.56 13.36 13.36 11.75 9.56 10.29 15.62 12.92 16.43 14.89 9.42 9.13 5.33 3.50 4.60 4.45 7.45 10.15 10.15 11.53 10.37 10.00 10.51 9.49 20.15 18.03 17.45 15.77 18.10 15.99 17.08 15.40 16.79 20.29 23.14 18.76 23.73 25.40 22.92 23.51 23.36 25.40 26.28 26.28 22.85 24.09 17.45 13.80 12.70 12.19 12.26 11.53 9.71 8.76 7.66 9.05 11.10 11.02 13.58
6.42 8.03 7.66 8.98 10.80 10.15 10.51 12.05 13.72 10.00 10.51 13.80 16.72 11.68 9.93 11.90 10.07 10.29 10.29 10.07 10.95 12.12 12.12 12.99 14.53 17.81 17.30 16.86 13.51 8.98 8.18 8.32 7.30 9.13 10.51 9.56 5.48 0.00 0.00 3.65 8.25 11.24 10.95 10.95 10.80 11.32 18.18 21.68 21.10 24.16 24.60 23.36 26.94 24.75 20.29 25.04 21.68 22.56 18.76 19.13 15.26 17.89 19.35 18.76 22.63 24.02 23.00 24.31 24.31 19.49 20.44 10.29 11.75 10.88 10.88 10.95 7.66 7.15 7.30 7.23 7.59 10.00 11.17 12.48
7.01 7.88 8.91 9.27 9.05 9.78 11.61 10.88 15.11 14.67 14.67 14.60 17.23 19.93 16.50 17.89 12.85 11.46 11.46 11.90 10.95 12.34 15.62 16.43 19.56 18.69 20.15 20.00 16.86 10.66 11.90 6.50 6.28 6.06 4.82 6.13 2.56 0.00 0.00 0.00 6.64 9.56 9.20 9.20 8.25 10.15 14.02 18.10 21.32 17.23 19.13 17.45 21.83 25.55 20.95 25.48 23.07 23.94 19.86 12.78 13.80 14.75 16.43 16.43 18.98 20.59 20.22 21.83 21.83 17.52 14.31 11.46 10.37 8.25 10.80 8.61 8.25 8.32 8.25 9.27 9.34 8.76 9.56 7.88
7.01 7.88 8.91 9.27 9.05 9.78 11.61 10.88 15.11 14.67 14.67 14.60 17.23 19.93 16.50 17.89 12.85 11.46 11.46 11.90 10.95 12.34 15.62 16.43 19.56 18.69 20.15 20.00 16.86 10.66 11.90 6.50 6.28 6.06 4.82 6.13 2.56 0.00 0.00 0.00 6.64 9.56 9.20 9.20 8.25 10.15 14.02 18.10 21.32 17.23 19.13 17.45 21.83 25.55 20.95 25.48 23.07 23.94 19.86 12.78 13.80 14.75 16.43 16.43 18.98 20.59 20.22 21.83 21.83 17.52 14.31 11.46 10.37 8.25 10.80 8.61 8.25 8.32 8.25 9.27 9.34 8.76 9.56 7.88
8.18 7.96 8.10 9.71 12.92 10.29 12.99 15.84 15.11 17.16 15.91 16.43 16.50 17.37 20.66 18.83 18.40 16.06 16.06 15.77 15.70 16.21 15.91 16.57 18.98 18.69 19.20 19.86 18.91 15.91 12.56 9.27 5.26 3.65 2.19 1.02 0.95 0.00 0.00 0.00 3.80 2.04 2.85 2.85 5.18 7.74 5.91 2.04 3.07 5.84 8.69 13.87 11.02 15.70 14.31 20.66 9.86 10.44 16.94 16.35 13.21 14.38 15.48 17.45 18.76 19.49 18.18 18.32 18.32 18.18 17.67 21.32 15.70 14.31 15.18 11.90 10.44 8.61 8.91 8.32 8.25 8.91 7.59 8.32
9.34 9.49 11.10 10.80 13.87 17.52 22.19 20.95 22.19 16.86 15.40 15.26 14.67 13.58 14.75 14.97 18.18 16.79 16.79 17.16 16.43 18.03 20.73 18.77 17.83 19.36 18.66 18.98 18.83 14.67 15.55 7.74 8.32 2.77 1.53 3.07 1.39 0.88 1.39 1.75 1.90 2.04 2.12 2.12 1.24 3.29 2.63 1.02 2.04 2.04 0.00 1.75 5.77 9.13 6.35 6.42 6.13 7.30 11.90 11.02 12.41 11.83 14.31 16.86 19.35 17.74 17.81 19.05 19.05 18.98 20.95 20.22 20.81 19.93 17.01 8.40 8.76 8.25 8.25 9.64 12.78 10.59 8.32 6.94
14.82 13.36 15.55 16.06 15.91 17.74 21.10 21.10 21.53 16.94 12.26 13.80 13.58 12.56 13.21 16.72 15.77 17.89 17.89 16.06 16.94 21.24 20.81 22.17 22.55 21.30 21.24 20.55 22.05 18.83 18.98 15.18 13.21 3.43 9.49 6.35 2.26 2.19 4.38 3.29 2.77 1.83 1.10 1.10 1.61 1.31 0.44 0.44 0.00 0.00 0.00 0.00 3.58 4.31 4.96 5.48 5.33 7.01 7.23 10.44 12.70 11.90 16.57 15.84 16.35 16.13 16.50 17.45 17.45 18.10 18.32 20.15 16.79 14.16 11.17 10.44 10.29 13.80 13.21 13.29 13.14 11.24 10.07 7.45
14.60 15.70 13.65 14.45 12.41 13.80 16.28 17.16 8.98 0.00 5.40 7.15 0.00 1.90 6.57 5.18 11.39 14.09 14.09 13.29 13.07 15.12 12.27 17.54 22.01 21.41 24.41 23.23 24.38 24.81 22.48 19.56 18.83 13.29 7.66 15.04 9.56 10.80 7.15 4.09 3.07 2.04 0.73 0.73 1.10 0.00 0.00 0.00 0.00 0.00 0.00 0.00 0.00 0.00 4.16 3.72 4.60 5.48 6.86 10.59 15.11 19.13 20.15 19.42 23.65 20.59 21.32 21.61 21.61 21.53 24.75 19.13 17.96 17.08 15.62 15.55 15.55 13.29 13.14 15.11 12.99 13.72 12.48 11.17
13.94 15.18 13.21 11.68 11.97 12.05 12.19 9.20 10.00 3.65 0.00 0.00 0.00 0.00 3.50 8.47 7.30 9.42 9.42 6.50 0.00 0.00 4.74 9.20 11.04 13.87 20.39 21.19 26.28 25.29 26.12 22.56 20.66 16.35 22.92 19.49 13.94 9.13 5.91 3.29 4.23 1.83 1.10 1.10 1.24 1.10 0.00 0.00 0.00 0.00 0.00 0.00 0.00 1.53 2.99 2.41 4.53 4.45 5.04 8.76 13.21 18.69 22.63 25.40 28.40 27.23 27.16 26.57 26.57 24.60 25.48 22.56 21.39 18.91 16.57 16.57 16.35 13.36 17.52 17.23 15.55 15.11 17.81 16.94
13.94 15.18 13.21 11.68 11.97 12.05 12.19 9.20 10.00 3.65 0.00 0.00 0.00 0.00 3.50 8.47 7.30 9.42 9.46 6.71 0.00 0.00 4.62 9.43 10.88 13.87 19.78 19.69 24.55 25.68 26.38 23.50 23.21 17.30 23.51 19.49 13.94 9.13 5.91 3.29 4.23 1.83 1.10 1.10 1.24 1.10 0.00 0.00 0.00 0.00 0.00 0.00 0.00 1.53 2.99 2.41 4.53 4.45 5.04 8.76 13.21 18.69 22.63 25.40 28.40 27.23 27.16 26.57 26.57 24.60 25.48 22.56 21.39 18.91 16.57 16.57 16.35 13.36 17.52 17.23 15.55 15.11 17.81 16.94
14.38 14.53 13.72 10.51 10.73 10.59 11.24 9.86 6.72 7.30 4.09 0.00 0.00 0.66 0.00 5.55 11.32 7.81 7.81 3.72 4.60 0.00 0.00 0.00 6.66 2.51 13.27 8.88 15.04 25.61 23.15 26.17 24.11 26.30 23.78 24.06 18.95 19.35 10.95 5.91 6.42 2.04 3.21 3.21 2.04 0.07 0.00 0.00 1.83 0.80 0.00 0.00 0.95 1.02 2.26 3.07 3.87 5.69 7.15 6.28 8.32 16.06 22.56 20.44 27.96 30.30 26.35 24.38 24.38 22.41 17.74 16.57 15.55 17.01 18.18 18.10 17.52 15.11 14.82 16.43 16.06 12.99 17.23 19.78
13.94 15.91 15.18 15.26 13.80 10.07 10.29 9.42 11.10 9.56 7.59 6.57 6.79 5.26 7.81 12.19 11.17 12.78 12.78 10.34 5.69 0.00 0.00 0.00 0.00 0.00 0.00 0.00 8.04 9.95 13.94 17.45 21.17 21.86 25.77 27.15 25.86 23.62 16.13 18.69 13.80 5.91 2.26 2.26 1.46 2.99 2.19 2.19 1.97 1.90 2.26 2.04 2.56 2.19 2.34 0.00 3.14 0.00 3.43 1.68 5.62 9.13 16.06 13.51 25.55 24.09 25.11 24.38 24.38 20.44 19.20 16.06 14.89 16.28 16.79 10.22 10.07 10.66 10.15 10.29 10.29 11.53 15.77 15.18
14.45 15.84 17.16 17.59 12.70 13.65 11.68 13.43 14.82 13.36 10.59 7.52 6.64 6.86 6.42 10.07 11.17 10.15 10.15 7.37 8.47 4.82 4.09 0.00 0.00 0.00 0.00 0.00 5.02 4.92 7.37 17.59 17.89 15.84 21.82 24.84 27.68 25.04 24.02 24.82 18.83 18.47 13.65 13.65 6.86 3.36 2.19 1.53 1.75 1.53 2.19 3.14 3.21 1.39 1.97 1.17 0.00 0.00 1.61 2.26 2.99 5.55 12.34 14.09 21.75 22.48 23.58 19.05 19.05 18.83 19.71 18.61 13.43 13.94 7.88 8.54 9.20 10.44 11.90 11.90 13.36 14.60 14.24 14.45
13.51 16.35 15.40 18.61 15.11 13.29 13.43 14.31 15.62 15.33 17.23 13.21 11.10 12.12 9.86 10.00 10.29 7.88 7.88 6.64 4.16 4.02 3.21 3.72 0.00 0.00 0.00 5.06 5.62 9.78 10.15 11.39 10.00 10.73 14.09 20.29 19.64 27.84 28.01 27.58 20.81 22.12 17.52 17.52 12.41 4.82 3.14 5.11 2.99 1.39 2.26 3.36 1.68 0.44 1.10 0.00 4.89 0.00 2.99 4.31 3.07 6.06 5.40 9.34 13.87 7.01 12.26 14.53 14.53 15.77 19.27 17.23 6.42 6.72 6.57 7.88 9.49 10.22 11.39 12.56 9.64 10.73 10.44 11.46
4.82 3.14 6.50 9.34 15.04 11.24 13.14 11.53 10.40 10.29 13.87 16.35 13.07 13.87 10.37 8.18 2.56 1.61 1.61 2.70 2.63 3.87 4.31 4.60 3.29 2.63 0.00 0.00 5.33 6.50 6.72 6.35 7.23 8.47 9.86 6.79 12.34 20.22 24.38 19.39 20.47 20.66 18.54 18.54 13.51 10.29 8.47 9.20 6.13 2.99 6.86 5.04 2.70 0.95 2.04 1.61 3.65 5.11 4.60 6.13 4.96 4.53 4.53 4.38 2.85 2.92 6.28 3.65 3.65 7.59 4.23 4.74 4.82 5.33 4.31 7.66 9.34 8.83 11.02 6.13 5.69 6.72 4.89 5.84
3.14 3.50 0.00 6.13 10.07 14.97 14.24 14.24 10.71 9.34 8.83 12.48 12.19 5.84 2.56 1.39 1.75 0.88 0.88 0.66 0.00 3.14 4.96 5.99 4.89 4.74 0.00 0.00 0.00 0.00 3.93 3.82 2.33 2.85 3.87 3.14 8.25 13.05 8.61 14.89 16.44 11.02 9.71 9.71 13.14 13.72 12.92 10.66 15.33 11.39 6.20 6.42 4.16 3.80 2.12 2.04 2.85 3.14 2.70 4.02 4.31 4.38 5.04 3.07 2.04 2.19 3.58 2.56 2.56 3.65 3.36 2.99 2.41 0.00 1.53 4.02 5.99 0.00 2.19 2.48 2.19 3.94 3.50 4.82
3.14 3.50 0.00 6.13 10.07 14.97 14.24 14.24 10.44 9.34 8.83 12.48 12.19 5.84 2.56 1.39 1.75 0.88 0.88 0.66 0.00 3.14 4.96 5.99 4.89 4.74 0.00 0.00 0.00 0.00 3.80 3.80 2.26 2.85 3.89 3.15 8.25 12.99 8.70 14.89 16.28 11.02 9.71 9.71 13.14 13.72 12.92 10.66 15.33 11.39 6.20 6.42 4.16 3.80 2.12 2.04 2.85 3.14 2.70 4.02 4.31 4.38 5.04 3.07 2.04 2.19 3.58 2.56 2.56 3.65 3.36 2.99 2.41 0.00 1.53 4.02 5.99 0.00 2.19 2.48 2.19 3.94 3.50 4.82
8.76 5.40 6.28 3.43 6.94 14.67 17.37 17.49 15.19 10.44 7.37 6.42 4.16 4.96 2.19 0.00 0.00 0.00 0.00 0.00 0.00 4.45 6.57 6.79 5.84 5.18 4.60 0.00 0.00 0.00 0.00 0.00 0.00 1.39 1.53 1.46 3.80 4.89 4.40 7.01 3.07 11.10 6.64 6.64 9.13 12.56 8.98 11.90 15.99 14.97 13.21 10.80 5.40 6.86 2.56 2.70 2.04 2.56 3.21 3.43 4.31 6.28 5.26 3.58 2.63 0.00 1.75 0.00 0.00 2.41 3.21 1.83 0.00 0.00 0.00 0.00 0.00 0.00 0.00 0.00 0.00 1.68 2.04 2.12
