Wansh/Snow_depth/snowdepth-1994/winter/1995032.txt
ncols 321
nrows 161
xllcenter 60
yllcenter 15 
cellsize  0.25 
NODATA_value -1
[rows 0 to 36 of 161, columns 168 to 251 of 321]
11.83 9.56 9.71 6.94 6.86 6.94 5.84 6.42 6.64 6.64 7.01 7.01 7.01 7.01 6.86 6.57 7.37 7.59 9.56 11.83 11.24 11.24 9.71 9.78 9.93 10.66 8.25 0.00 0.00 0.00 0.00 0.00 4.53 14.89 13.43 13.43 11.61 12.26 12.63 13.80 13.21 13.51 13.51 13.14 12.70 14.53 14.53 14.31 14.24 14.60 12.63 11.17 11.53 11.02 10.73 10.37 14.31 13.51 17.08 17.45 17.45 15.26 17.89 17.30 20.08 20.37 19.78 19.27 16.35 16.35 14.75 14.75 13.80 14.09 13.21 15.55 14.89 17.74 18.61 18.54 18.32 17.59 17.81 17.08
13.36 14.45 11.10 9.20 10.88 7.52 6.28 6.50 6.13 6.13 8.03 7.52 7.74 8.03 6.94 6.35 6.42 7.08 9.56 11.32 10.66 11.02 9.56 9.71 10.29 5.62 7.66 0.00 0.00 0.00 0.00 3.65 0.07 10.29 10.29 10.29 11.32 10.07 14.60 13.36 18.18 15.62 15.33 17.59 15.70 15.77 12.99 13.87 13.94 13.51 13.43 14.09 13.07 12.56 16.21 16.43 18.03 18.61 18.40 18.61 18.61 18.40 18.61 17.01 16.35 18.76 18.25 18.32 16.28 14.97 14.97 14.82 14.53 14.60 14.09 14.24 15.18 16.64 16.50 15.84 14.75 15.18 12.78 12.05
17.81 17.89 14.45 15.62 12.12 9.71 11.83 8.10 9.20 9.20 7.81 7.45 7.81 8.40 6.86 7.74 11.39 11.97 11.75 12.70 11.53 10.73 11.17 10.73 10.37 4.38 0.00 0.00 0.00 0.00 0.00 1.53 9.49 8.32 8.25 8.25 10.29 10.00 15.70 19.49 18.98 17.81 17.37 17.67 14.60 12.41 13.14 12.56 12.41 13.29 14.53 14.38 16.43 18.40 17.74 18.98 18.98 19.05 18.03 18.25 18.25 18.32 15.91 16.35 15.04 13.94 14.02 13.36 13.65 13.65 13.80 14.45 14.75 13.36 14.67 13.72 12.48 14.60 14.45 12.99 14.02 12.63 11.97 12.12
17.81 17.89 14.45 15.62 12.12 9.71 11.83 8.10 9.20 9.20 7.81 7.45 7.81 8.40 6.86 7.74 11.39 11.97 11.75 12.70 11.53 10.73 11.17 10.73 10.37 4.38 0.00 0.00 0.00 0.00 0.00 1.53 9.49 8.32 8.25 8.25 10.29 10.00 15.70 19.49 18.98 17.81 17.37 17.67 14.60 12.41 13.14 12.56 12.41 13.29 14.53 14.38 16.43 18.40 17.74 18.98 18.98 19.05 18.03 18.25 18.25 18.32 15.91 16.35 15.04 13.94 14.02 13.36 13.65 13.65 13.80 14.45 14.75 13.36 14.67 13.72 12.48 14.60 14.45 12.99 14.02 12.63 11.97 12.12
19.20 18.32 17.74 20.29 16.57 17.74 13.36 10.07 11.02 11.02 8.61 9.05 7.30 10.80 11.53 11.90 12.56 13.36 11.97 11.46 11.83 10.80 11.24 2.48 0.00 0.00 0.00 0.00 0.00 0.00 1.46 0.00 6.57 7.59 7.66 7.66 11.61 15.62 14.53 16.21 15.99 16.86 14.75 14.53 14.75 13.80 15.11 13.36 15.55 17.01 16.72 17.01 16.50 18.83 18.76 19.20 18.03 16.94 17.23 15.40 15.40 14.75 14.89 14.24 14.31 13.29 12.26 12.19 12.56 13.14 12.99 13.36 12.92 13.21 11.97 11.53 11.24 13.29 13.58 13.43 13.21 12.78 12.92 12.85
22.70 23.87 23.65 21.90 19.42 20.95 16.13 17.30 13.72 13.72 11.32 9.93 13.94 14.75 13.36 13.29 12.48 12.99 10.07 9.34 8.98 4.53 6.06 0.00 0.00 0.00 0.00 0.00 0.51 0.00 5.69 7.59 7.15 10.73 12.78 12.78 11.68 16.57 14.89 15.48 13.43 14.53 14.16 14.97 14.82 14.75 15.62 17.23 16.06 18.54 20.22 20.66 19.64 18.61 19.20 16.28 16.57 14.60 13.51 15.26 15.26 14.24 14.45 14.09 13.80 10.00 10.73 8.76 9.34 9.13 9.93 10.29 10.22 10.07 9.34 9.49 9.93 11.24 10.88 12.85 13.07 12.78 13.43 13.87
21.90 24.67 26.28 26.50 26.72 23.73 20.44 20.81 18.18 18.18 19.20 13.21 13.07 18.69 16.86 14.60 12.63 13.21 10.51 7.81 4.82 0.00 2.77 0.00 0.00 0.00 0.00 0.00 2.63 7.96 6.50 10.44 12.78 11.90 16.79 16.79 18.83 18.40 17.67 13.21 13.51 12.63 15.11 14.67 17.23 19.13 17.23 18.76 22.19 21.68 21.68 19.20 19.86 15.48 12.99 15.84 13.58 12.70 12.70 12.85 12.85 13.65 13.65 12.99 13.72 10.15 8.18 8.40 8.61 9.64 9.42 10.22 9.71 9.86 9.27 9.27 9.27 10.07 11.61 11.48 14.11 15.26 16.19 17.94
21.90 24.67 26.28 26.50 26.72 23.73 20.44 20.81 18.18 18.18 19.20 13.21 13.07 18.69 16.86 14.60 12.63 13.21 10.51 7.81 4.82 0.00 2.77 0.00 0.00 0.00 0.00 0.00 2.63 7.96 6.50 10.44 12.78 11.90 16.79 16.79 18.83 18.40 17.67 13.21 13.51 12.63 15.11 14.67 17.23 19.13 17.23 18.76 22.19 21.68 21.68 19.20 19.86 15.48 12.99 15.84 13.58 12.70 12.70 12.85 12.85 13.65 13.65 12.99 13.72 10.15 8.18 8.40 8.61 9.64 9.42 10.22 9.71 9.86 9.27 10.72 12.79 14.49 15.90 19.51 23.31 20.31 20.83 18.61
14.38 18.61 25.62 26.94 24.09 23.29 22.70 20.81 19.27 19.27 19.64 20.00 18.98 20.29 18.25 14.97 10.88 8.98 5.91 7.74 0.00 0.00 0.00 0.00 0.00 0.00 1.31 0.00 3.65 8.83 10.44 10.00 14.02 17.89 17.01 17.01 18.25 16.43 17.67 12.78 12.70 15.99 15.33 17.67 20.29 20.00 22.78 20.44 22.92 22.12 22.63 17.37 14.53 15.18 12.41 11.46 11.61 11.83 12.34 12.26 12.26 12.63 12.41 12.48 11.17 9.93 10.29 8.83 8.98 8.98 10.29 10.37 10.66 8.81 11.49 13.49 14.48 12.83 10.36 16.48 18.20 14.51 16.69 18.40
13.07 15.18 14.67 16.28 20.37 20.00 20.88 19.42 19.78 19.78 18.18 21.75 18.25 15.70 13.72 14.16 11.24 8.32 0.00 0.00 0.00 0.00 0.00 0.00 1.53 0.00 7.81 8.98 8.69 9.27 12.56 13.72 13.87 12.05 15.48 15.48 15.40 14.38 12.19 16.50 15.33 17.16 20.08 20.59 21.24 23.58 23.00 22.63 19.42 22.05 17.08 17.96 14.16 12.12 12.48 11.17 11.97 11.32 15.55 15.33 15.33 15.40 14.38 12.99 11.90 10.37 9.13 9.27 9.34 10.29 10.00 10.73 9.71 13.43 13.80 12.65 12.59 13.81 16.38 14.60 15.13 13.62 17.50 19.22
14.60 13.29 13.87 14.02 14.09 16.21 19.64 18.98 20.37 20.37 19.35 20.95 14.89 13.65 4.45 1.68 0.00 0.00 0.00 0.00 3.58 3.94 3.29 3.94 9.42 9.56 9.42 10.07 11.61 11.83 12.12 10.59 11.24 10.95 13.87 13.87 15.04 14.67 18.25 19.20 21.97 22.12 21.68 20.59 20.44 18.47 20.22 20.81 18.54 17.74 18.03 13.94 12.85 13.14 12.34 14.31 13.65 16.86 16.28 17.23 17.23 15.99 16.28 14.67 13.07 12.34 12.56 12.48 12.41 12.41 12.26 11.24 12.13 9.78 9.71 12.97 14.24 14.37 13.38 13.86 14.71 17.09 15.20 16.40
14.60 13.29 13.87 14.02 14.09 16.21 19.64 18.98 20.37 20.37 19.35 20.95 14.89 13.65 4.45 1.68 0.00 0.00 0.00 0.00 3.58 3.94 3.29 3.94 9.42 9.56 9.42 10.07 11.61 11.83 12.12 10.59 11.24 10.95 13.87 13.87 15.04 14.67 18.25 19.20 21.97 22.12 21.68 20.59 20.44 18.47 20.22 20.81 18.54 17.74 18.03 13.94 12.85 13.14 12.34 14.31 13.65 16.86 16.28 17.23 17.23 15.99 16.28 14.67 13.07 12.34 12.56 12.48 12.41 12.41 12.26 11.24 11.83 9.64 9.42 12.04 12.70 13.30 14.28 14.38 14.71 16.72 16.70 17.54
17.16 15.70 14.82 13.36 13.80 14.16 12.41 12.26 12.63 12.63 17.01 20.37 0.00 0.00 0.00 0.00 0.00 0.00 3.80 1.83 5.91 8.69 9.86 10.15 9.78 12.05 11.83 11.83 11.39 13.14 11.68 11.46 15.04 15.77 15.55 15.55 17.45 19.93 20.51 20.44 22.48 22.05 22.19 19.42 16.13 17.08 14.67 16.94 16.86 18.18 16.50 17.08 14.60 12.70 12.70 14.82 17.81 17.23 18.61 16.86 16.86 17.37 15.70 14.09 14.53 14.16 13.94 14.02 13.72 12.99 13.07 12.92 11.10 11.39 10.63 13.15 15.17 15.87 15.45 17.87 16.63 17.71 17.30 17.38
17.81 17.16 15.70 14.53 14.97 13.07 14.02 11.24 7.52 7.52 0.00 0.00 0.00 0.00 0.00 0.00 0.00 0.15 6.42 9.20 12.05 11.46 11.46 14.02 12.63 13.07 13.58 15.55 15.55 14.97 17.81 16.43 16.79 16.94 17.16 17.16 17.23 18.10 20.44 21.68 21.68 22.92 21.02 21.53 16.13 16.28 15.77 18.40 18.83 17.52 17.45 15.70 15.91 16.79 18.18 15.70 17.52 17.67 17.81 17.59 17.59 19.05 18.54 20.22 18.91 18.25 18.54 16.35 15.84 15.70 15.70 14.38 14.75 14.19 15.45 16.08 14.01 15.89 18.98 15.97 17.66 16.48 15.90 18.49
21.10 19.78 21.24 22.41 18.98 15.91 15.55 8.10 7.45 7.45 0.00 0.00 7.96 4.02 2.99 4.31 1.75 3.72 10.07 12.19 14.24 15.04 15.26 14.31 14.31 15.99 15.70 15.70 15.70 16.72 17.23 16.94 16.50 16.35 17.37 17.37 18.32 17.74 19.35 19.86 18.69 18.10 19.71 17.30 17.52 16.72 19.35 19.13 19.13 19.78 19.64 17.37 18.03 17.74 19.20 19.78 20.44 20.73 18.32 19.20 19.20 18.69 20.29 20.44 19.49 18.98 16.64 17.23 16.35 17.59 17.59 16.50 14.13 17.12 16.07 18.03 18.89 19.03 16.27 17.03 16.76 17.35 17.56 16.59
19.86 23.29 23.29 23.73 20.22 20.88 17.96 14.60 15.48 15.48 15.70 16.06 14.75 10.51 11.61 13.65 12.63 11.83 11.24 12.26 15.33 14.45 15.33 15.33 15.18 15.33 14.09 14.24 14.53 13.21 14.97 14.53 15.62 16.43 15.91 15.91 17.30 16.57 14.38 14.67 16.50 16.35 16.35 16.21 15.11 15.40 13.36 13.43 17.74 18.83 18.10 15.77 16.13 14.82 19.35 18.76 21.24 19.42 20.08 18.76 18.76 18.91 18.47 18.91 17.45 15.26 15.77 14.97 17.74 17.01 18.83 17.16 16.74 18.40 18.80 17.30 17.67 17.58 16.78 17.68 18.83 20.44 17.44 16.34
19.86 23.29 23.29 23.73 20.22 20.88 17.96 14.60 15.48 15.48 15.70 16.06 14.75 10.51 11.61 13.65 12.63 11.83 11.24 12.26 15.33 14.45 15.33 15.33 15.18 15.33 14.09 14.24 14.53 13.21 14.97 14.53 15.62 16.43 15.91 15.91 17.30 16.57 14.38 14.67 16.50 16.35 16.35 16.21 15.11 15.40 13.36 13.43 17.74 18.83 18.10 15.77 16.13 14.82 19.35 18.76 21.24 19.42 20.08 18.76 18.76 18.91 18.47 18.91 17.45 15.26 15.77 14.97 17.74 17.01 18.83 21.07 15.68 20.00 16.88 21.41 17.93 19.43 17.11 15.94 18.20 17.58 18.97 18.55
17.08 20.08 19.64 20.81 19.64 20.08 18.69 16.57 17.59 17.59 17.01 17.37 14.53 15.26 14.89 14.89 15.55 18.18 17.01 16.06 15.77 15.40 14.53 13.94 14.09 13.51 13.87 11.97 12.34 12.41 13.07 14.45 13.58 15.55 14.82 14.82 14.75 15.84 13.51 13.21 13.14 15.26 13.36 13.87 13.65 11.02 11.53 9.13 9.93 14.24 14.67 13.14 12.78 12.05 11.24 12.41 18.69 18.54 15.70 15.84 15.84 16.06 16.57 16.64 15.11 13.94 13.21 12.92 15.26 16.72 17.10 16.71 17.54 15.24 15.32 18.22 18.69 16.85 15.81 17.28 15.49 16.60 17.03 13.48
16.43 15.11 18.54 20.73 17.67 17.67 15.70 16.72 13.51 13.51 12.99 14.31 15.70 17.08 18.25 19.20 19.20 18.54 16.43 15.40 14.97 14.97 13.58 13.29 12.70 12.63 12.56 11.97 12.19 11.68 11.53 12.56 13.72 13.80 14.31 14.31 13.36 12.70 13.21 12.85 12.19 12.05 12.05 8.03 8.40 5.99 7.81 7.81 8.03 5.99 7.66 8.98 10.15 8.91 9.27 8.47 7.74 6.50 4.74 4.89 4.89 5.18 4.96 4.89 4.16 4.45 3.94 4.96 4.38 4.33 5.53 7.89 10.71 10.72 12.24 13.11 11.70 11.91 12.82 13.86 13.48 12.11 12.57 11.10
14.67 11.97 13.58 13.07 14.89 16.13 13.14 15.04 14.89 14.89 12.63 14.24 15.55 15.04 16.79 17.67 16.86 15.26 15.70 15.62 15.40 16.86 14.97 15.33 12.63 12.12 11.61 11.83 10.59 10.95 13.58 12.70 15.04 15.04 13.36 13.36 13.58 13.21 11.83 12.70 10.88 8.18 11.90 7.15 5.33 6.28 6.13 5.99 5.26 5.48 8.10 12.70 11.97 8.98 0.00 3.94 3.36 2.34 3.07 2.99 2.99 3.58 4.31 4.16 3.50 2.41 3.58 3.21 3.21 2.92 4.89 4.31 6.13 7.08 10.73 13.24 12.74 14.17 16.38 13.23 11.15 10.19 7.75 10.82
11.32 10.15 10.37 12.26 9.93 9.71 13.94 11.53 11.39 11.39 10.07 11.68 10.73 13.21 16.21 18.98 17.30 15.84 16.06 15.84 17.96 18.61 17.67 14.97 15.84 13.51 12.05 10.44 11.02 10.37 14.16 16.94 14.97 15.62 17.01 17.01 14.38 14.60 11.17 7.66 9.64 6.79 4.74 6.35 3.80 6.42 7.37 7.59 6.57 6.57 6.94 12.19 9.20 0.00 2.19 0.00 0.00 0.00 1.17 0.07 0.07 0.66 1.75 2.04 0.00 1.10 1.31 0.58 0.00 0.37 0.22 2.77 6.06 5.33 9.53 15.10 19.63 15.55 19.65 15.48 15.46 12.08 10.00 6.47
8.03 9.71 9.64 8.32 8.18 8.47 9.78 7.66 8.40 8.40 9.13 11.46 14.24 14.97 17.45 17.16 17.67 15.48 18.40 20.08 19.78 19.64 17.81 13.87 13.87 13.21 12.63 12.26 15.33 15.55 14.53 17.16 16.06 17.16 16.94 16.94 14.75 10.73 11.68 9.34 6.50 6.64 6.13 9.42 12.85 7.66 9.34 8.76 8.91 8.61 4.96 7.74 7.08 0.80 0.00 0.00 0.00 0.00 0.00 0.00 0.00 0.00 0.00 0.00 0.00 0.00 0.00 0.00 0.00 0.00 0.88 0.15 2.77 6.35 10.11 14.52 17.20 17.32 21.57 16.76 12.67 11.84 10.45 8.47
8.03 9.71 9.64 8.32 8.18 8.47 9.78 7.66 8.40 8.40 9.13 11.46 14.24 14.97 17.45 17.16 17.67 15.48 18.40 20.08 19.78 19.64 17.81 13.87 13.87 13.21 12.63 12.26 15.33 15.55 14.53 17.16 16.06 17.16 16.94 16.94 14.75 10.73 11.68 9.34 6.50 6.64 6.13 9.42 12.85 7.66 9.34 8.76 8.91 8.61 4.96 7.74 7.08 0.80 0.00 0.00 0.00 0.00 0.00 0.00 0.00 0.00 0.00 0.00 0.00 0.00 0.00 0.00 0.00 0.00 0.88 0.15 2.77 6.35 9.71 14.60 13.36 15.24 18.07 19.51 15.50 12.10 8.18 7.81
7.01 7.01 7.15 7.45 7.81 8.54 7.59 7.88 8.91 8.91 9.93 9.49 9.78 12.05 14.38 13.72 15.77 15.18 18.03 20.51 18.47 15.84 16.64 13.51 15.62 15.40 18.10 17.96 18.69 19.13 19.71 17.96 15.11 16.13 15.55 15.55 15.55 18.10 11.97 11.61 15.70 20.29 9.34 12.85 16.72 16.43 13.43 12.26 10.22 11.10 5.33 0.80 0.00 0.00 0.00 0.00 0.00 0.00 0.00 0.00 0.00 0.00 0.00 0.00 0.00 0.00 0.00 0.44 0.44 1.97 1.46 2.41 5.69 4.74 8.10 10.34 12.45 20.29 19.24 16.18 12.94 9.37 9.57 8.70
6.13 6.57 5.69 7.81 7.37 8.32 8.76 8.54 9.56 9.56 9.78 9.71 9.49 10.00 13.36 13.36 14.67 15.91 16.28 15.62 18.25 16.43 15.62 15.77 16.43 17.67 19.86 20.51 20.59 19.35 17.23 14.45 14.97 16.28 18.18 18.18 22.41 21.53 25.77 20.73 20.15 25.55 27.38 20.44 20.88 14.82 6.72 7.74 3.50 3.14 0.51 0.88 0.00 0.00 0.00 0.00 0.00 0.00 0.00 0.00 0.00 0.00 0.00 0.00 0.00 0.00 0.15 0.00 1.24 2.26 6.57 9.56 13.36 12.34 12.73 12.73 14.28 14.78 18.20 13.23 16.30 9.32 8.12 9.86
6.86 8.47 7.30 6.20 7.37 5.91 6.50 8.18 10.44 10.44 11.39 11.75 14.60 12.78 13.43 12.63 13.36 15.26 16.79 17.16 16.43 16.79 16.64 17.37 17.74 17.89 17.30 19.20 18.32 17.23 17.96 16.43 17.01 16.94 16.64 16.64 24.53 26.35 26.43 24.75 29.20 28.25 28.11 15.11 11.02 12.85 4.16 1.39 0.00 0.00 0.00 0.00 0.00 0.00 0.00 0.00 0.00 0.00 0.00 0.00 0.00 0.00 0.00 0.00 0.00 0.00 0.15 1.90 5.99 9.78 7.59 11.10 14.53 18.43 18.08 16.65 19.41 15.19 13.83 15.39 10.71 9.23 8.76 7.04
12.41 13.43 9.34 7.66 10.15 6.72 8.32 9.27 10.66 10.66 8.98 11.10 12.41 11.32 11.46 13.72 13.14 15.26 17.52 14.89 15.48 15.18 16.21 16.43 17.81 14.82 14.67 16.13 14.16 16.72 15.40 15.18 15.04 15.04 14.45 14.45 17.89 24.24 21.02 19.86 15.18 19.20 11.61 12.78 7.74 4.89 5.11 2.04 0.00 0.00 0.15 0.29 0.44 0.00 0.00 0.00 0.00 0.00 0.00 0.00 0.00 0.00 0.00 0.00 0.00 3.43 5.91 4.45 6.50 11.02 13.43 16.50 18.74 17.80 20.64 19.99 18.54 16.08 12.85 12.53 9.39 8.26 6.18 7.13
18.10 20.15 16.57 17.89 11.97 7.52 7.59 7.88 4.02 4.02 5.40 8.61 10.51 6.64 9.05 10.51 11.61 9.20 8.76 11.32 7.74 10.51 12.19 12.70 9.49 9.49 5.69 10.80 10.80 9.78 12.05 9.42 9.42 12.78 16.35 16.35 14.75 13.94 13.72 10.29 9.49 8.18 8.54 7.08 7.45 5.62 5.40 4.53 1.68 0.80 0.58 0.44 0.95 0.37 0.37 1.02 0.00 0.00 0.00 0.00 0.00 0.00 0.00 0.00 0.00 4.45 7.88 10.37 15.40 17.23 17.15 18.60 21.38 19.47 19.19 19.29 14.94 13.87 14.85 10.55 9.93 6.97 9.77 7.11
18.10 20.15 16.57 17.89 11.97 7.52 7.59 7.88 4.02 4.02 5.40 8.61 10.51 6.64 9.05 10.51 11.61 9.20 8.76 11.32 7.74 10.51 12.19 12.70 9.49 9.49 5.69 10.80 10.80 9.78 12.05 9.42 9.42 12.78 16.35 16.35 14.75 13.94 13.72 10.29 9.49 8.18 8.54 7.08 7.45 5.62 5.40 4.53 1.68 0.80 0.58 0.44 0.95 0.37 0.37 1.02 0.00 0.00 0.00 0.00 0.00 0.00 0.00 0.00 0.00 4.45 7.88 10.37 15.40 17.23 17.23 18.41 19.34 21.69 20.48 22.51 17.34 13.42 15.51 10.25 10.50 8.26 8.92 6.04
18.91 19.56 17.89 9.20 4.45 1.10 0.88 1.83 2.26 2.26 2.04 3.80 4.53 4.16 6.06 5.40 5.69 5.99 5.62 5.77 5.84 7.37 5.48 6.06 6.06 3.80 4.45 5.77 7.88 7.88 6.50 8.25 8.18 7.45 12.26 12.26 9.34 6.13 9.64 7.30 7.08 6.64 7.08 7.15 6.42 6.57 6.64 6.50 5.04 2.99 2.19 1.83 2.04 1.53 1.24 0.00 0.00 0.00 1.39 1.46 1.47 0.00 1.39 0.95 5.26 10.00 14.31 13.29 16.21 18.14 19.39 20.43 22.91 26.24 27.74 16.24 18.28 13.28 12.29 10.37 8.43 8.93 5.47 3.79
16.79 18.32 17.52 7.45 7.59 0.73 0.00 0.44 0.44 0.44 0.80 1.61 2.63 2.19 4.16 3.72 5.48 5.62 5.40 6.28 5.99 5.99 4.53 4.16 2.99 4.45 4.02 4.60 6.28 5.84 5.40 6.86 5.91 3.72 4.16 4.16 6.72 5.40 6.06 5.69 6.28 6.72 7.30 7.15 9.13 8.54 8.61 7.66 5.55 4.89 4.74 4.89 4.23 1.68 0.00 0.00 1.68 2.99 1.53 2.04 2.04 0.00 0.00 4.09 7.96 7.74 13.14 16.43 14.45 16.13 20.08 20.32 25.19 26.30 21.10 15.65 11.43 8.53 7.61 9.73 5.52 4.54 2.62 2.18
15.84 10.66 11.24 8.76 4.67 3.87 0.88 1.90 0.44 0.44 0.00 0.51 0.29 0.00 2.41 2.04 3.87 3.58 5.33 3.65 3.80 3.65 3.87 3.87 4.23 3.36 3.50 3.50 4.45 5.48 5.77 5.69 5.33 2.77 2.85 2.85 4.02 3.65 5.69 5.11 5.62 6.20 6.13 8.25 7.01 8.76 7.30 5.77 6.28 3.94 4.60 4.82 4.89 2.56 0.00 0.00 0.00 2.56 1.31 0.00 0.00 0.00 0.00 3.07 7.37 8.54 11.17 13.14 13.29 13.21 18.18 18.57 21.02 18.94 12.43 10.13 7.52 7.13 5.14 4.58 3.36 2.49 1.69 0.31
8.10 8.25 6.06 3.65 5.84 2.92 1.46 1.90 0.95 0.95 0.07 0.00 0.00 0.00 0.00 1.10 1.83 0.00 2.85 2.63 3.58 3.36 3.94 3.72 3.58 2.77 3.72 4.96 4.96 5.40 4.60 2.77 2.70 2.99 3.07 3.07 4.89 5.91 5.69 4.74 3.21 4.53 4.45 5.40 7.01 6.72 6.64 6.86 6.50 4.38 3.94 3.72 3.43 3.65 1.61 0.00 1.68 1.61 2.19 0.00 0.00 0.00 0.00 0.00 6.79 6.86 9.27 13.07 15.77 12.70 15.33 14.08 21.12 17.03 13.59 5.66 6.46 6.41 4.15 4.84 4.56 1.91 0.60 0.30
6.72 6.57 2.41 4.16 1.39 1.17 1.10 0.58 0.00 0.00 0.00 0.00 0.00 0.00 0.00 0.00 0.00 0.00 0.00 0.00 2.41 2.48 2.77 2.26 2.77 2.48 3.43 4.89 3.29 3.65 3.80 1.75 1.97 3.58 3.29 3.29 5.33 5.55 3.80 4.23 2.85 3.43 3.72 3.50 5.40 6.86 8.47 8.61 8.91 7.23 5.26 5.69 5.04 4.74 2.34 0.00 0.00 0.00 0.00 0.00 0.00 0.00 0.00 3.43 6.42 8.61 12.12 16.94 15.70 16.13 13.29 12.12 11.44 6.80 4.68 4.26 2.55 1.98 0.71 0.33 0.00 0.00 0.22 0.00
5.55 1.53 1.97 2.56 0.00 0.00 0.00 0.00 0.00 0.00 0.00 0.00 0.00 0.00 0.00 0.00 0.00 0.00 0.00 1.24 1.61 1.68 1.83 2.26 0.66 2.56 2.04 2.34 2.85 0.00 0.00 0.00 1.68 2.26 5.04 5.04 4.82 5.55 4.60 3.14 3.07 3.43 3.65 4.16 3.80 6.94 9.86 9.78 10.07 8.61 6.13 5.40 5.91 5.91 4.67 2.19 0.00 0.00 0.00 3.14 3.14 2.63 3.87 3.14 7.66 7.01 11.02 16.13 16.64 16.64 12.78 13.65 4.84 3.65 2.29 1.48 1.41 0.00 2.17 0.00 0.00 0.00 0.00 0.00
5.55 1.53 1.97 2.56 0.00 0.00 0.00 0.00 0.00 0.00 0.00 0.00 0.00 0.00 0.00 0.00 0.00 0.00 0.00 1.24 1.61 1.68 1.83 2.26 0.66 2.56 2.04 2.34 2.85 0.00 0.00 0.00 1.68 2.26 5.04 5.04 4.82 5.55 4.60 3.14 3.07 3.43 3.65 4.16 3.80 6.94 9.86 9.78 10.07 8.61 6.13 5.40 5.91 5.91 4.67 2.19 0.00 0.00 0.00 3.14 3.14 2.63 3.87 3.14 7.66 7.01 11.02 16.13 16.64 16.64 12.78 13.58 4.77 3.59 2.29 1.55 1.26 0.00 2.12 0.00 0.00 0.00 0.00 0.00
1.83 0.00 1.97 2.04 1.53 1.97 2.04 0.00 0.00 0.00 0.00 0.00 0.00 0.00 0.00 0.00 0.00 0.00 0.00 0.95 0.00 0.00 0.00 0.00 0.00 1.46 1.31 0.80 1.61 1.53 1.61 1.53 1.61 2.19 4.31 4.31 5.48 5.55 4.53 3.43 3.29 3.36 2.92 3.50 5.33 7.23 9.13 9.56 8.69 6.35 7.01 5.11 5.69 5.62 5.69 4.45 3.36 4.96 8.47 7.23 7.23 6.20 5.69 5.33 7.30 9.86 10.73 13.21 14.24 16.13 15.48 11.02 6.20 3.24 1.47 1.98 0.24 0.00 0.00 0.00 0.00 0.00 0.00 0.00
