Wansh/Snow_depth/snowdepth-1994/winter/1995016.txt
ncols 321
nrows 161
xllcenter 60
yllcenter 15 
cellsize  0.25 
NODATA_value -1
[rows 0 to 36 of 161, columns 168 to 251 of 321]
6.06 6.06 6.06 5.11 5.48 4.60 4.38 4.67 5.55 5.55 4.89 5.18 5.77 6.35 5.77 6.20 6.35 8.10 9.56 9.56 10.15 10.73 7.74 8.03 7.88 8.98 5.84 7.30 0.00 0.00 0.00 0.00 10.44 6.72 13.94 13.94 11.10 12.05 12.34 11.39 13.51 11.46 12.41 13.72 11.32 11.46 12.70 12.63 12.99 12.92 11.83 10.59 10.95 10.59 12.19 11.75 13.94 10.15 13.43 13.87 13.87 14.02 15.84 15.33 17.96 19.42 19.20 17.67 14.82 15.40 12.63 11.75 11.61 12.05 13.07 12.70 14.24 14.60 14.53 15.04 13.87 14.60 14.89 14.82
13.21 9.05 7.37 8.69 6.79 5.11 5.69 4.38 5.11 5.11 6.20 6.86 6.64 6.20 5.91 5.77 5.26 7.59 9.42 9.13 9.49 7.59 7.88 8.40 8.76 9.42 7.15 0.00 0.00 0.00 0.00 0.00 8.47 10.59 10.80 10.80 8.32 12.05 10.88 16.43 15.84 14.09 15.70 15.33 15.40 15.70 12.63 11.97 11.97 12.56 12.92 12.92 12.63 12.56 13.87 15.26 14.97 16.94 16.72 16.94 16.94 15.77 15.26 15.26 14.82 17.67 14.38 13.87 14.89 12.19 11.97 11.75 12.34 12.19 12.19 13.14 14.09 13.94 14.45 12.56 11.32 11.61 10.80 11.02
14.53 13.07 14.45 11.39 8.98 10.44 7.37 6.64 7.30 7.30 6.13 6.50 5.99 5.48 5.40 6.35 8.83 8.54 9.78 9.34 9.56 8.69 9.20 8.83 10.73 2.92 5.62 0.00 0.00 0.00 0.00 4.38 1.10 7.59 8.54 8.54 8.83 12.63 16.72 15.91 17.30 17.30 15.33 15.11 15.55 12.70 12.41 12.19 13.94 12.70 13.29 14.82 14.67 16.35 17.52 17.37 17.08 16.06 16.57 15.77 15.77 15.99 14.53 13.65 13.65 13.14 13.14 12.99 12.48 12.92 11.32 12.05 12.05 12.12 11.24 11.17 10.95 11.75 12.05 12.05 12.12 11.68 10.44 10.66
14.53 13.07 14.45 11.39 8.98 10.44 7.37 6.64 7.30 7.30 6.13 6.50 5.99 5.48 5.40 6.35 8.83 8.54 9.78 9.34 9.56 8.69 9.20 8.83 10.73 2.92 5.62 0.00 0.00 0.00 0.00 4.38 1.10 7.59 8.54 8.54 8.83 12.63 16.72 15.91 17.30 17.30 15.33 15.11 15.55 12.70 12.41 12.19 13.94 12.70 13.29 14.82 14.67 16.35 17.52 17.37 17.08 16.06 16.57 15.77 15.77 15.99 14.53 13.65 13.65 13.14 13.14 12.99 12.48 12.92 11.32 12.05 12.05 12.12 11.24 11.17 10.95 11.75 12.05 12.05 12.12 11.68 10.44 10.66
16.57 14.89 18.10 15.40 16.50 13.43 9.64 8.10 7.30 7.30 6.64 7.08 6.42 9.86 9.27 9.42 9.34 9.93 9.05 9.49 8.40 8.91 8.10 6.94 8.10 0.00 0.00 0.00 0.00 0.00 0.00 1.46 7.01 6.64 8.32 8.32 12.70 11.61 15.18 13.72 16.13 14.16 14.31 13.87 12.99 12.56 12.70 14.31 13.87 16.64 17.52 16.21 18.54 16.64 16.79 16.50 16.50 15.62 14.67 14.82 14.82 13.58 13.07 13.07 12.05 10.80 11.17 9.86 10.88 10.88 11.10 11.32 11.46 11.24 11.39 10.59 11.39 10.66 11.17 11.39 11.17 10.59 10.29 10.66
16.06 15.99 19.35 17.52 18.32 14.16 12.12 13.21 10.15 10.15 13.21 11.32 11.68 10.80 10.80 11.10 11.39 9.34 8.40 8.98 6.35 5.33 7.37 0.00 0.00 0.00 0.00 0.00 0.00 0.00 6.20 8.47 7.96 9.13 8.54 8.54 14.38 14.75 14.89 12.99 12.26 12.19 13.72 13.58 13.51 15.11 14.89 16.64 17.52 17.37 18.40 18.76 18.69 16.79 14.24 14.67 12.78 14.45 12.99 12.19 12.19 12.56 12.99 12.12 12.48 10.37 7.96 8.83 9.20 8.32 10.00 8.69 8.91 9.05 8.83 9.27 10.15 9.93 8.91 10.15 10.73 10.80 10.88 10.15
14.53 17.16 21.02 20.51 20.51 17.59 16.13 16.13 16.86 16.86 14.82 12.48 14.16 12.19 12.92 11.02 8.69 10.22 6.79 5.55 6.28 0.00 0.00 0.00 0.00 0.00 0.00 0.00 2.77 6.94 5.77 9.78 12.92 12.70 16.35 16.35 16.86 16.86 12.78 13.43 11.32 12.56 12.12 15.11 18.18 15.91 17.74 19.35 19.42 20.37 18.32 18.47 16.13 16.79 13.65 11.90 12.12 11.97 12.05 12.19 12.19 11.97 12.05 12.26 10.95 7.96 8.47 7.59 7.88 7.81 8.03 8.40 8.18 8.47 6.79 6.72 7.45 7.74 8.98 9.58 11.60 11.71 11.19 13.46
14.53 17.16 21.02 20.51 20.51 17.59 16.13 16.13 16.86 16.86 14.82 12.48 14.16 12.19 12.92 11.02 8.69 10.22 6.79 5.55 6.28 0.00 0.00 0.00 0.00 0.00 0.00 0.00 2.77 6.94 5.77 9.78 12.92 12.70 16.35 16.35 16.86 16.86 12.78 13.43 11.32 12.56 12.12 15.11 18.18 15.91 17.74 19.35 19.42 20.37 18.32 18.47 16.13 16.79 13.65 11.90 12.12 11.97 12.05 12.19 12.19 11.97 12.05 12.26 10.95 7.96 8.47 7.59 7.88 7.81 8.03 8.40 8.18 8.47 6.79 7.76 10.27 11.13 12.30 16.28 19.15 15.59 14.40 13.96
14.45 18.47 20.22 20.37 18.76 18.61 15.77 16.43 13.87 13.87 14.97 14.75 14.89 12.56 10.00 10.59 7.88 6.94 7.66 0.00 0.00 0.00 0.00 0.00 0.00 0.00 0.00 6.64 2.34 7.01 9.93 9.71 13.36 16.43 14.97 14.97 17.01 12.56 13.94 10.80 10.66 12.48 16.06 15.33 18.76 20.59 20.44 20.88 20.73 20.95 18.25 14.60 15.33 12.19 10.88 11.02 10.80 11.68 11.39 12.12 12.12 11.10 11.61 11.17 10.95 9.71 8.40 7.59 7.88 7.59 8.10 8.18 8.18 7.15 9.51 9.36 12.33 11.17 11.49 13.78 11.64 11.47 12.76 12.65
11.39 10.95 12.05 14.02 15.70 15.11 15.18 14.60 14.97 14.97 16.28 15.84 16.35 11.24 9.78 10.22 7.96 0.00 0.00 0.00 0.00 0.00 0.00 0.00 0.88 6.28 0.80 7.45 9.64 8.03 10.15 11.24 11.02 13.07 13.72 13.72 13.43 12.85 12.12 11.83 15.48 14.97 18.76 18.91 18.40 20.88 20.73 20.73 18.98 16.28 18.10 14.02 12.41 12.34 11.17 11.24 10.95 12.92 13.87 13.80 13.80 12.99 11.83 11.97 10.73 9.13 9.34 8.47 7.81 8.54 8.69 8.98 9.23 10.76 11.84 11.36 11.21 12.11 13.71 12.13 11.74 11.46 13.63 13.42
11.75 12.70 11.17 12.56 11.97 13.14 14.89 14.38 15.48 15.48 12.19 11.53 9.20 10.29 2.56 0.00 0.00 0.00 0.00 0.00 0.00 2.12 5.69 7.08 4.16 7.52 9.05 8.54 9.64 10.44 10.44 9.27 9.56 9.64 12.63 12.63 14.53 14.31 16.86 19.78 17.08 19.78 18.83 19.35 16.57 14.67 19.78 17.45 17.74 16.57 14.60 15.04 11.83 11.39 12.34 12.34 16.50 14.53 16.28 17.45 17.45 15.26 14.45 13.43 11.83 12.19 10.66 10.59 10.37 10.00 8.91 8.83 9.28 9.04 7.60 10.41 11.99 13.08 11.25 12.70 13.02 13.19 11.08 11.64
11.75 12.70 11.17 12.56 11.97 13.14 14.89 14.38 15.48 15.48 12.19 11.53 9.20 10.29 2.56 0.00 0.00 0.00 0.00 0.00 0.00 2.12 5.69 7.08 4.16 7.52 9.05 8.54 9.64 10.44 10.44 9.27 9.56 9.64 12.63 12.63 14.53 14.31 16.86 19.78 17.08 19.78 18.83 19.35 16.57 14.67 19.78 17.45 17.74 16.57 14.60 15.04 11.83 11.39 12.34 12.34 16.50 14.53 16.28 17.45 17.45 15.26 14.45 13.43 11.83 12.19 10.66 10.59 10.37 10.00 8.91 8.83 9.05 8.91 7.37 9.67 10.69 12.11 12.00 13.17 13.02 12.91 12.17 12.45
15.11 13.80 12.19 12.92 11.46 11.39 9.86 9.86 8.32 8.32 8.91 7.66 0.00 0.00 0.00 0.00 0.00 0.00 0.00 5.18 6.28 5.48 5.91 7.96 9.05 7.81 9.20 10.51 9.20 11.02 12.26 12.12 11.46 14.45 14.02 14.02 15.55 17.30 17.01 19.20 20.73 21.10 18.83 15.91 16.43 13.58 12.41 12.34 14.24 15.33 14.60 12.26 11.39 11.39 11.97 15.33 14.24 18.10 17.16 17.89 17.89 15.04 14.02 14.16 12.92 11.68 11.90 10.95 13.21 12.99 11.90 11.46 9.78 8.61 9.28 11.12 12.88 11.85 13.00 13.95 13.89 15.03 15.16 13.44
15.40 14.60 13.94 16.43 12.26 10.37 11.17 7.23 1.97 1.97 0.00 0.00 0.00 0.00 0.00 0.00 0.00 3.07 5.91 4.60 6.79 10.22 10.51 8.91 10.00 12.05 9.78 11.61 14.16 12.26 13.87 14.67 14.82 14.24 15.26 15.26 14.89 16.43 18.69 18.32 20.15 19.71 19.71 17.67 13.94 14.24 13.87 14.45 14.16 15.33 15.55 15.70 15.70 16.21 16.86 16.86 16.43 17.16 16.94 16.43 16.43 18.03 17.45 18.10 17.59 17.01 16.21 13.94 13.80 13.65 13.72 13.72 10.37 12.29 14.18 13.57 12.23 13.20 15.84 12.59 14.09 11.96 14.00 15.42
16.79 17.08 22.12 18.54 16.57 13.94 12.56 14.16 8.03 8.03 0.00 5.62 2.34 1.90 0.00 7.37 6.35 5.04 10.29 11.83 11.61 11.83 12.26 12.41 11.68 13.65 13.36 12.99 13.94 13.51 14.67 14.82 13.36 13.51 14.67 14.67 15.48 15.26 16.06 15.48 19.05 18.32 17.23 17.67 14.75 14.89 15.77 16.13 16.06 16.06 16.50 16.79 16.79 16.79 17.81 17.01 17.30 16.28 16.57 16.13 16.13 18.61 19.71 20.08 18.40 17.96 15.91 16.28 15.70 17.37 15.99 15.40 12.95 17.72 14.39 15.04 16.21 15.14 12.83 13.94 14.21 14.03 14.80 14.30
21.53 22.41 22.05 22.05 20.66 19.20 16.06 12.26 12.05 12.05 15.18 12.05 8.69 11.61 11.61 9.71 14.31 12.12 12.41 12.56 14.09 14.24 13.21 13.21 13.36 13.51 11.10 11.17 12.78 12.70 12.12 13.36 12.85 13.43 13.21 13.21 13.87 14.75 15.11 13.94 13.58 12.48 15.62 13.94 13.29 13.29 13.36 13.80 13.36 15.18 14.38 17.23 15.26 14.97 17.08 17.59 16.79 17.81 17.16 15.70 15.70 17.01 16.72 17.59 16.94 15.91 16.43 15.26 18.18 18.54 17.30 19.19 16.11 16.55 17.48 15.40 16.72 15.06 16.21 15.79 16.11 17.74 15.19 15.37
21.53 22.41 22.05 22.05 20.66 19.20 16.06 12.26 12.05 12.05 15.18 12.05 8.69 11.61 11.61 9.71 14.31 12.12 12.41 12.56 14.09 14.24 13.21 13.21 13.36 13.51 11.10 11.17 12.78 12.70 12.12 13.36 12.85 13.43 13.21 13.21 13.87 14.75 15.11 13.94 13.58 12.48 15.62 13.94 13.29 13.29 13.36 13.80 13.36 15.18 14.38 17.23 15.26 14.97 17.08 17.59 16.79 17.81 17.16 15.70 15.70 17.01 16.72 17.59 16.94 15.91 16.43 15.26 18.18 18.54 17.30 23.56 15.10 17.99 15.69 19.05 16.96 16.66 16.53 14.24 15.57 15.25 16.52 17.45
17.52 16.64 20.00 19.13 19.42 18.91 17.45 14.89 15.91 15.91 15.70 15.18 13.43 13.51 16.94 16.57 16.86 15.48 16.43 16.35 14.97 13.21 12.99 13.29 10.66 10.44 10.44 10.00 9.49 11.17 11.68 11.83 12.48 13.14 13.51 13.51 12.85 12.70 12.26 12.34 12.34 11.39 10.07 10.51 8.25 7.30 9.64 11.32 12.56 12.48 11.90 13.14 12.85 13.14 12.05 11.32 13.29 14.16 13.29 13.07 13.07 14.38 15.55 15.33 15.48 9.49 11.32 10.66 12.63 15.48 17.63 13.32 15.49 16.62 12.95 16.05 16.47 14.89 13.67 16.53 15.29 15.90 13.86 12.92
11.83 15.26 18.10 19.56 16.35 15.70 15.91 14.38 13.29 13.29 11.53 13.80 13.21 14.45 17.30 18.25 18.18 15.99 15.26 14.24 15.40 13.14 12.63 10.29 10.29 10.22 9.86 10.00 9.20 8.83 10.29 10.80 12.41 12.12 11.75 11.75 12.12 10.37 11.10 9.78 9.49 11.17 9.56 7.23 7.52 6.35 6.13 6.13 5.48 5.69 8.47 8.54 9.71 5.62 8.40 8.98 3.72 9.34 8.32 4.53 4.53 4.74 5.48 6.79 6.86 7.66 7.01 9.05 3.72 7.85 10.25 6.71 7.64 8.78 10.67 9.30 9.61 10.09 10.95 13.86 10.97 12.32 11.60 12.75
11.39 13.51 12.78 12.34 13.94 14.53 11.68 11.61 11.61 11.61 11.75 11.10 13.43 13.14 15.77 13.87 13.51 13.80 12.70 13.43 13.72 13.58 13.43 13.07 10.44 10.59 9.64 8.83 9.13 8.98 11.24 9.93 12.19 11.75 12.12 12.12 11.46 11.24 9.71 10.07 8.32 6.94 8.54 5.11 5.62 5.69 4.89 4.82 4.89 5.26 7.52 10.51 10.51 6.20 0.00 0.73 1.31 1.90 2.19 1.75 1.75 3.14 4.67 2.77 0.29 0.95 1.61 2.04 0.37 1.61 3.29 4.02 5.33 5.99 7.66 10.93 9.82 10.92 13.65 11.76 12.26 9.99 9.55 11.55
10.44 9.78 9.64 9.64 10.66 8.03 10.07 10.51 7.96 7.96 9.49 9.13 12.12 13.58 14.24 13.94 13.72 12.85 12.63 12.99 14.38 15.26 14.09 14.82 10.59 9.49 9.49 10.37 9.27 9.20 11.53 14.53 13.14 13.36 13.36 13.36 12.78 13.21 9.20 7.01 7.37 5.99 4.82 5.11 5.11 6.57 6.35 5.69 4.82 6.28 5.55 10.88 8.10 9.64 0.00 0.15 0.37 0.15 0.66 0.15 0.15 0.29 0.00 1.39 0.73 0.00 0.00 0.00 0.00 0.37 2.12 2.85 5.04 6.28 10.62 12.67 11.68 16.40 19.77 15.04 14.23 11.24 9.89 6.37
7.74 8.32 7.23 7.23 6.64 6.57 7.96 6.35 6.79 6.79 8.10 10.29 10.07 13.14 12.63 13.58 13.65 11.90 16.35 15.18 14.82 15.48 13.65 11.24 11.53 9.93 11.68 11.39 14.45 13.87 12.99 15.40 13.72 15.04 14.89 14.89 12.78 8.91 10.07 9.27 6.72 6.86 5.62 6.35 8.18 7.74 9.13 7.96 8.10 6.72 4.45 2.48 2.85 0.73 0.00 0.00 0.00 0.00 0.00 0.00 0.00 0.00 0.00 0.00 0.00 0.00 0.00 0.00 0.00 0.00 1.75 2.41 4.82 4.31 6.62 7.38 15.90 15.05 17.43 15.73 14.51 12.15 10.21 8.47
7.74 8.32 7.23 7.23 6.64 6.57 7.96 6.35 6.79 6.79 8.10 10.29 10.07 13.14 12.63 13.58 13.65 11.90 16.35 15.18 14.82 15.48 13.65 11.24 11.53 9.93 11.68 11.39 14.45 13.87 12.99 15.40 13.72 15.04 14.89 14.89 12.78 8.91 10.07 9.27 6.72 6.86 5.62 6.35 8.18 7.74 9.13 7.96 8.10 6.72 4.45 2.48 2.85 0.73 0.00 0.00 0.00 0.00 0.00 0.00 0.00 0.00 0.00 0.00 0.00 0.00 0.00 0.00 0.00 0.00 1.75 2.41 4.82 4.31 6.35 7.42 12.35 13.24 14.60 18.31 17.74 12.41 8.00 7.81
6.50 6.57 5.91 6.28 6.28 6.94 7.15 7.01 7.37 7.37 9.56 10.00 9.86 11.32 10.44 11.97 12.92 12.56 16.28 16.94 15.48 15.99 13.51 12.19 13.51 13.87 13.94 16.86 16.50 16.72 14.53 13.29 13.58 13.21 15.26 15.26 14.16 11.39 11.83 11.68 14.24 16.57 18.40 9.93 11.83 11.75 12.48 9.42 7.52 3.72 4.45 0.88 0.00 0.00 0.00 0.00 0.00 0.00 0.00 0.00 0.00 0.00 0.00 0.00 0.00 0.00 0.00 0.00 0.00 0.00 0.88 0.15 2.04 5.33 5.84 6.31 9.68 17.28 17.88 16.75 13.60 9.55 10.64 7.84
5.69 4.89 5.18 5.40 5.48 7.15 8.03 7.96 9.13 9.13 9.20 7.88 9.13 9.56 9.34 10.80 12.56 13.80 15.84 15.55 15.99 14.02 14.60 13.87 15.26 15.18 15.04 18.25 17.52 18.18 15.99 12.78 13.36 13.14 16.06 16.06 18.83 15.91 16.43 18.61 21.24 20.66 22.34 17.01 18.10 11.61 5.77 4.09 8.18 2.04 0.29 1.10 0.00 0.00 0.00 0.00 0.00 0.00 0.00 0.00 0.00 0.00 0.00 0.00 0.00 0.00 0.00 0.00 0.00 0.22 1.61 3.21 5.62 9.05 9.58 9.13 13.09 15.04 16.96 14.28 13.38 8.87 8.01 8.61
5.69 7.52 5.04 5.40 5.40 5.40 6.28 7.96 9.20 9.20 10.59 10.59 10.29 10.22 10.44 10.22 11.46 13.87 15.77 16.06 16.13 14.16 14.31 13.87 15.77 15.55 16.21 15.55 18.25 16.35 15.70 15.91 13.65 15.55 15.26 15.26 18.98 20.44 20.44 21.02 24.67 22.56 23.43 15.91 9.93 4.67 5.48 1.90 0.80 0.73 0.29 0.00 0.00 0.00 0.00 0.00 0.00 0.00 0.00 0.00 0.00 0.00 0.00 0.00 0.00 0.00 0.00 0.00 2.04 3.65 5.11 8.47 10.60 13.20 14.45 15.11 15.15 11.37 10.35 13.03 10.61 8.80 8.03 6.11
13.72 11.75 8.76 12.05 7.01 8.03 7.81 7.81 7.30 7.30 10.37 7.74 9.42 9.34 9.56 11.17 13.43 13.36 11.61 14.60 12.48 11.97 13.80 14.75 14.09 15.99 13.14 12.26 12.12 17.16 15.11 12.41 12.78 10.73 16.43 16.43 15.62 18.25 18.03 15.62 15.55 13.43 9.42 14.60 8.61 4.60 2.41 2.63 0.44 0.00 0.00 0.00 0.07 0.00 0.00 0.00 0.00 0.00 0.00 0.00 0.00 0.00 0.00 0.00 0.00 0.07 2.34 1.83 6.57 8.69 9.78 12.26 14.37 13.33 15.74 18.32 18.44 14.60 11.45 11.61 9.49 8.74 8.98 8.25
17.67 15.70 18.25 14.60 9.56 7.81 4.53 4.74 5.55 5.55 6.64 4.23 7.08 6.28 5.55 8.18 5.62 8.32 8.83 5.91 9.49 7.59 7.96 11.17 8.54 5.18 9.49 9.34 9.34 9.20 13.43 10.44 9.78 9.13 10.51 10.51 10.07 14.60 12.99 11.97 10.95 11.24 8.25 6.94 5.33 5.55 5.18 4.16 2.77 3.21 0.00 2.04 1.53 0.95 0.44 0.00 0.00 0.00 0.00 0.00 0.00 0.00 0.00 0.00 2.85 5.48 4.31 4.53 7.52 8.18 11.98 12.95 14.60 15.80 16.94 22.00 19.99 14.84 10.86 8.85 8.44 8.49 9.23 7.59
17.67 15.70 18.25 14.60 9.56 7.81 4.53 4.74 5.55 5.55 6.64 4.23 7.08 6.28 5.55 8.18 5.62 8.32 8.83 5.91 9.49 7.59 7.96 11.17 8.54 5.18 9.49 9.34 9.34 9.20 13.43 10.44 9.78 9.13 10.51 10.51 10.07 14.60 12.99 11.97 10.95 11.24 8.25 6.94 5.33 5.55 5.18 4.16 2.77 3.21 0.00 2.04 1.53 0.95 0.44 0.00 0.00 0.00 0.00 0.00 0.00 0.00 0.00 0.00 2.85 5.48 4.31 4.53 7.52 8.18 12.04 12.81 13.20 17.60 18.07 25.67 23.20 14.36 11.34 8.59 8.93 10.07 8.43 6.44
17.59 18.25 14.60 15.91 10.59 3.07 1.68 1.61 0.07 0.07 0.22 2.63 0.73 2.70 2.70 4.38 3.87 5.99 4.45 4.53 6.13 5.48 4.60 4.67 5.04 3.50 3.50 5.91 7.74 8.03 6.42 8.47 7.81 8.40 8.32 8.32 7.66 7.45 7.96 8.69 8.25 7.37 7.59 6.86 5.99 5.40 5.26 5.26 3.58 2.34 2.41 2.41 0.00 2.19 0.00 0.00 0.00 1.83 0.00 0.00 0.00 0.00 0.00 0.00 0.00 5.69 9.20 10.07 11.81 13.05 15.93 16.15 18.71 22.69 23.14 19.13 12.31 9.93 10.22 8.26 8.07 9.59 7.66 5.18
15.55 14.89 9.64 5.69 1.24 2.26 0.88 0.58 0.66 0.66 0.37 0.22 0.29 0.00 0.00 3.65 3.65 3.36 4.23 4.02 3.94 4.45 3.50 2.34 2.34 2.34 2.70 3.58 5.55 5.40 5.48 4.02 4.45 5.69 5.91 5.91 5.91 6.13 7.66 7.96 6.94 7.30 6.28 7.66 7.59 7.52 6.28 5.11 5.48 3.87 4.38 4.02 2.70 3.07 0.00 0.00 2.48 2.48 2.85 1.61 1.61 0.00 0.00 0.00 5.11 8.10 9.42 11.02 10.66 13.14 16.86 14.30 20.62 24.63 19.50 13.55 11.30 8.42 8.34 8.87 7.58 7.48 6.74 6.25
14.38 14.67 8.69 4.89 3.07 3.14 0.80 1.61 0.07 0.07 0.00 0.07 0.00 0.00 0.00 0.00 2.41 1.83 2.77 3.29 2.99 2.92 3.21 2.19 1.97 2.12 1.97 3.14 2.77 3.58 4.45 4.09 3.07 3.36 4.16 4.16 5.62 7.15 6.94 7.15 6.50 5.48 5.33 4.89 6.35 5.91 6.13 5.04 4.82 3.87 3.87 4.02 2.77 0.00 0.00 0.00 0.00 1.75 1.97 0.00 0.00 0.00 0.00 0.00 0.00 7.74 7.59 9.05 10.07 15.26 10.73 12.77 19.34 22.75 15.43 13.07 8.87 8.92 6.68 6.50 4.78 5.34 6.53 1.80
7.30 6.86 6.64 6.28 3.36 3.21 2.04 0.80 0.00 0.00 0.29 0.00 0.00 0.00 0.00 0.00 1.10 1.75 0.00 2.34 2.92 1.02 1.61 1.39 1.39 1.97 3.14 3.07 2.19 2.04 2.77 3.65 3.43 4.16 5.40 5.40 5.26 6.28 6.13 6.57 4.53 3.87 2.99 2.99 3.87 5.04 5.04 5.11 4.67 3.94 3.94 4.02 4.31 2.04 0.66 0.00 1.24 1.39 1.46 0.00 0.00 0.00 0.00 0.00 0.00 7.96 9.05 10.73 11.61 9.56 13.72 11.80 13.59 11.85 9.88 9.34 7.55 6.81 4.78 3.97 1.49 4.48 1.27 1.63
4.60 3.87 2.34 2.70 2.34 3.21 0.00 0.00 0.00 0.00 0.00 0.00 0.00 0.00 0.00 0.00 0.00 0.00 0.00 1.02 1.17 0.80 1.24 1.39 1.31 1.68 2.70 1.75 1.90 1.46 1.68 3.36 3.36 4.09 5.62 5.62 5.26 5.33 4.53 3.14 3.29 3.58 3.80 4.23 4.82 4.31 4.89 5.40 6.20 4.74 5.26 4.60 5.26 3.07 0.00 0.95 0.00 0.00 0.00 0.00 0.00 0.00 0.00 0.00 6.86 8.83 10.73 13.21 11.53 11.32 12.34 11.46 9.33 7.26 5.71 5.13 4.66 4.36 3.98 1.15 0.39 1.99 0.22 0.44
3.14 1.83 1.10 1.24 0.00 0.00 0.00 0.00 0.00 0.00 0.00 0.00 0.00 0.00 0.00 0.00 0.00 0.00 0.00 0.00 0.58 0.58 0.00 0.95 1.17 0.58 1.31 1.24 1.02 1.10 0.80 2.12 2.63 3.29 4.38 4.38 5.18 4.89 5.18 3.58 2.92 3.36 4.09 3.94 3.94 5.26 5.91 5.77 5.84 4.96 4.31 5.26 4.96 5.33 4.74 2.70 0.00 0.00 4.31 4.82 4.82 0.00 0.00 4.67 6.42 7.74 9.71 15.84 14.38 14.82 14.09 11.59 9.24 5.96 2.58 3.75 3.67 1.56 0.00 0.00 0.00 1.53 0.74 0.00
3.14 1.83 1.10 1.24 0.00 0.00 0.00 0.00 0.00 0.00 0.00 0.00 0.00 0.00 0.00 0.00 0.00 0.00 0.00 0.00 0.58 0.58 0.00 0.95 1.17 0.58 1.31 1.24 1.02 1.10 0.80 2.12 2.63 3.29 4.38 4.38 5.18 4.89 5.18 3.58 2.92 3.36 4.09 3.94 3.94 5.26 5.91 5.77 5.84 4.96 4.31 5.26 4.96 5.33 4.74 2.70 0.00 0.00 4.31 4.82 4.82 0.00 0.00 4.67 6.42 7.74 9.71 15.84 14.38 14.82 14.09 11.53 9.10 5.87 2.58 3.92 3.27 1.49 0.00 0.00 0.00 1.61 0.74 0.00
0.00 0.66 1.39 0.00 0.00 0.00 0.00 0.00 0.00 0.00 0.00 0.00 0.00 0.00 0.00 0.00 0.00 0.00 0.00 0.00 0.00 0.00 0.00 0.00 0.00 0.80 0.00 0.00 0.58 0.66 0.29 2.04 2.34 2.70 3.58 3.58 4.45 4.82 3.29 2.70 2.77 2.77 3.36 3.72 3.65 4.02 4.89 5.11 5.04 5.40 5.04 5.48 5.84 5.77 3.58 4.23 2.34 2.92 4.53 5.99 5.99 5.55 4.02 6.13 7.23 9.78 9.71 11.61 14.02 14.09 13.21 11.97 2.04 3.47 1.76 1.44 0.08 0.46 0.00 0.00 0.00 0.00 0.00 0.00
