Wansh/Snow_depth/snowdepth-1994/winter/1995013.txt
ncols 321
nrows 161
xllcenter 60
yllcenter 15 
cellsize  0.25 
NODATA_value -1
[rows 0 to 36 of 161, columns 0 to 83 of 321]
10.29 10.29 9.56 11.46 13.80 14.60 14.60 16.72 18.40 20.08 19.56 19.71 19.71 19.71 19.71 20.00 19.56 18.76 19.13 18.10 17.89 16.86 18.32 17.96 17.01 20.81 20.81 19.86 19.93 18.61 21.17 20.08 20.00 19.71 19.35 19.05 21.17 21.83 21.39 23.29 21.90 21.53 21.90 22.12 21.53 21.46 21.61 21.17 21.10 21.02 21.32 21.32 19.35 19.93 18.91 18.98 19.64 20.88 20.73 21.75 22.05 20.08 18.83 19.49 16.94 15.84 15.84 14.75 16.13 14.16 14.97 11.68 9.56 9.86 10.07 10.44 10.44 10.59 9.93 10.80 10.00 11.68 13.87 13.87
12.92 12.92 12.26 12.85 16.50 15.48 17.08 16.64 18.18 20.22 21.90 21.46 21.46 20.95 21.46 20.66 19.20 19.13 18.10 16.72 17.08 16.13 20.44 21.46 21.17 21.53 21.53 21.61 21.61 22.12 22.27 20.59 17.96 18.54 18.83 19.93 19.35 21.61 23.00 22.56 23.00 21.75 22.27 21.61 21.61 21.32 20.15 20.37 20.66 21.39 21.32 21.32 21.17 19.05 19.78 19.56 19.86 16.72 20.22 20.59 18.03 15.18 14.67 11.83 12.19 14.31 13.65 13.94 9.42 11.10 3.43 3.21 2.56 8.32 11.24 10.59 10.59 13.43 14.89 11.90 15.40 13.21 16.86 16.57
14.60 14.60 12.99 14.67 15.84 15.55 17.52 17.37 17.67 18.61 18.32 19.27 19.35 21.90 19.27 19.56 18.61 18.91 18.10 18.54 18.83 21.24 20.81 21.39 20.22 20.88 20.88 20.59 21.02 19.35 18.83 19.27 17.81 18.61 17.81 19.49 19.71 21.46 21.46 19.56 22.19 20.08 17.81 20.59 18.03 16.72 19.86 19.49 19.64 18.25 19.71 19.71 20.51 15.84 10.44 11.90 13.29 14.67 8.40 3.94 4.23 10.00 9.78 9.78 10.37 9.71 9.64 7.52 7.96 6.28 4.74 3.80 9.20 8.10 12.41 14.60 14.60 13.87 16.79 17.16 16.94 17.52 17.01 16.79
14.60 14.60 12.99 14.67 15.84 15.55 17.52 17.37 17.67 18.61 18.32 19.27 19.35 21.90 19.27 19.56 18.61 18.91 18.10 18.54 18.83 21.24 20.81 21.39 20.22 20.88 20.88 20.59 21.02 19.35 18.83 19.27 17.81 18.61 17.81 19.49 19.71 21.46 21.46 19.56 22.19 20.08 17.81 20.59 18.03 16.72 19.86 19.49 19.64 18.25 19.71 19.71 20.51 15.84 10.44 11.90 13.29 14.67 8.40 3.94 4.23 10.00 9.78 9.78 10.37 9.71 9.64 7.52 7.96 6.28 4.74 3.80 9.20 8.10 12.41 14.60 14.60 13.87 16.79 17.16 16.94 17.52 17.01 16.79
14.16 14.16 14.24 15.48 16.50 16.06 16.79 17.45 17.30 17.01 17.16 17.96 17.45 21.17 19.64 17.59 17.96 18.54 18.83 18.76 19.78 19.05 20.00 20.15 20.08 19.71 19.71 18.69 18.98 18.98 16.57 16.57 16.43 17.96 17.74 18.03 19.13 18.18 19.49 18.98 17.16 18.61 16.72 14.97 17.30 15.40 14.16 14.60 15.84 11.53 12.19 12.19 4.96 12.56 6.72 3.29 2.92 2.99 0.44 0.58 2.04 1.24 5.48 9.34 8.76 9.27 9.20 8.98 9.49 9.05 12.26 14.38 13.65 14.67 15.77 14.97 14.97 16.43 17.16 16.72 17.59 16.13 16.64 15.26
12.70 12.70 14.45 17.16 18.03 17.52 17.16 17.16 17.01 19.56 20.15 20.29 18.83 17.96 17.74 17.81 17.08 16.21 15.62 17.81 17.23 18.18 19.20 18.61 19.27 19.49 19.49 18.61 18.47 16.86 17.30 16.57 17.59 17.16 17.08 18.10 18.32 18.32 17.89 18.61 17.30 15.62 16.28 15.11 14.02 14.67 12.34 7.01 8.03 7.52 3.29 3.29 4.23 1.39 1.61 2.34 0.00 0.22 0.00 0.29 0.00 5.11 3.87 8.47 12.19 11.75 12.85 13.80 13.29 13.14 13.21 13.51 14.02 13.94 13.94 15.77 15.77 15.40 16.06 17.23 16.21 17.01 15.62 14.89
15.84 15.84 15.84 15.70 17.52 15.33 13.94 17.37 16.86 18.54 20.44 20.29 21.02 18.32 17.96 16.57 15.11 15.48 14.82 14.16 14.53 16.43 15.91 17.30 18.69 19.27 19.27 19.13 18.76 17.96 17.30 17.16 17.74 16.72 16.79 16.94 16.64 17.67 17.67 18.32 15.55 15.55 12.56 15.04 13.29 9.71 10.88 6.35 5.55 5.99 7.15 7.15 2.48 2.77 3.36 2.92 5.26 0.51 0.73 2.99 7.88 7.23 11.75 12.41 12.34 13.14 13.07 12.85 12.85 13.07 11.83 12.05 11.83 10.95 10.15 10.15 10.15 11.02 12.48 12.26 14.24 14.82 15.26 13.94
15.84 15.84 15.84 15.70 17.52 15.33 13.94 17.37 16.86 18.54 20.44 20.29 21.02 18.32 17.96 16.57 15.11 15.48 14.82 14.16 14.53 16.43 15.91 17.30 18.69 19.27 19.27 19.13 18.76 17.96 17.30 17.16 17.74 16.72 16.79 16.94 16.64 17.67 17.67 18.32 15.55 15.55 12.56 15.04 13.29 9.71 10.88 6.35 5.55 5.99 7.15 7.15 2.48 2.77 3.36 2.92 5.26 0.51 0.73 2.99 7.88 7.23 11.75 12.41 12.34 13.14 13.07 12.85 12.85 13.07 11.83 12.05 11.83 10.95 10.15 10.15 10.15 11.02 12.48 12.26 14.24 14.82 15.26 13.94
14.89 14.89 13.29 13.29 11.75 11.83 12.41 15.62 15.91 18.98 18.32 19.49 21.17 19.64 18.18 16.21 10.15 8.69 9.42 9.05 12.92 15.77 17.01 17.89 17.59 18.91 18.91 18.83 18.61 18.69 18.76 18.03 17.81 15.62 14.67 16.13 16.06 16.50 18.18 18.47 14.31 12.12 12.12 13.21 12.85 11.46 9.05 10.00 8.61 10.37 9.86 9.86 10.66 10.29 5.18 8.25 9.49 10.22 10.37 7.23 10.15 11.75 11.39 11.75 11.75 10.95 11.17 11.61 12.85 10.95 10.29 11.39 11.32 9.13 9.42 10.37 10.37 8.69 9.93 6.64 9.05 11.17 11.32 11.68
11.68 11.68 12.85 12.19 11.39 11.10 11.17 10.66 14.31 16.50 16.06 19.13 18.47 18.83 11.75 12.70 9.42 7.08 8.91 11.75 14.24 13.94 15.33 16.94 18.18 17.81 17.81 18.83 18.40 18.69 18.61 17.30 15.48 16.28 13.65 11.83 14.16 14.82 15.77 14.75 15.11 14.09 13.94 13.65 14.60 14.60 11.53 11.68 11.61 12.26 11.75 11.75 11.90 11.68 11.97 10.51 12.05 10.44 10.73 9.93 9.27 9.20 9.27 11.10 10.00 10.80 10.80 10.15 10.15 10.22 8.76 8.47 8.54 8.03 8.47 9.20 9.20 8.98 7.66 8.54 8.10 10.88 11.32 11.53
12.12 12.12 13.29 13.14 13.29 12.19 11.75 13.43 14.45 14.38 15.18 15.77 13.87 12.05 9.86 10.15 8.10 9.49 10.66 12.05 14.31 15.40 15.26 16.72 18.18 17.52 17.52 17.37 18.32 18.61 17.16 17.74 15.33 12.05 11.53 11.53 13.87 14.89 14.97 14.53 13.87 14.16 13.65 14.97 14.97 14.16 14.38 11.68 11.97 11.68 12.05 12.05 12.41 12.48 11.90 10.07 10.29 9.05 8.10 8.32 8.61 8.32 8.47 8.10 7.15 6.94 6.50 5.99 5.77 6.57 5.69 7.08 6.72 6.64 7.59 6.57 6.57 7.15 8.76 8.47 9.13 11.39 10.66 11.53
12.12 12.12 13.29 13.14 13.29 12.19 11.75 13.43 14.45 14.38 15.18 15.77 13.87 12.05 9.86 10.15 8.10 9.49 10.66 12.05 14.31 15.40 15.26 16.72 18.18 17.52 17.52 17.37 18.32 18.61 17.16 17.74 15.33 12.05 11.53 11.53 13.87 14.89 14.97 14.53 13.87 14.16 13.65 14.97 14.97 14.16 14.38 11.68 11.97 11.68 12.05 12.05 12.41 12.48 11.90 10.07 10.29 9.05 8.10 8.32 8.61 8.32 8.47 8.10 7.15 6.94 6.50 5.99 5.77 6.57 5.69 7.08 6.72 6.64 7.59 6.57 6.57 7.15 8.76 8.47 9.13 11.39 10.66 11.53
12.99 12.99 13.36 14.45 14.38 13.51 13.72 13.14 13.07 11.02 11.10 14.75 14.89 11.97 11.97 11.17 10.95 11.10 10.88 11.17 12.70 15.33 15.91 15.91 15.99 17.74 17.74 17.59 17.81 16.35 15.33 12.34 12.48 11.90 12.63 13.72 13.51 13.80 14.02 14.02 14.24 13.21 13.21 13.65 14.09 14.16 14.24 13.21 12.48 10.95 10.51 10.51 10.22 10.00 11.39 9.86 9.49 9.56 8.61 6.79 3.80 6.50 4.82 4.74 5.26 5.48 5.04 5.99 6.06 5.99 5.77 5.33 6.57 6.20 7.01 7.30 7.30 6.86 9.34 10.22 10.15 9.71 7.23 6.94
13.29 13.29 13.87 13.36 14.02 13.51 13.72 12.48 11.17 12.12 11.02 13.14 12.78 12.92 12.26 12.05 12.70 11.10 10.59 10.73 11.75 13.43 15.77 15.62 15.70 16.13 16.13 14.97 14.97 15.77 12.63 11.97 12.48 12.19 12.92 13.72 13.36 13.14 13.14 12.48 12.19 11.53 12.78 12.99 12.85 14.53 14.60 12.41 10.00 10.44 9.56 9.56 9.05 9.42 7.52 8.25 7.81 8.69 8.91 6.35 2.41 0.00 0.00 0.00 0.00 0.00 2.99 5.62 5.91 6.94 6.79 6.57 7.08 7.88 7.08 6.94 6.94 7.08 6.13 6.79 6.79 5.99 6.13 4.89
14.31 14.31 14.60 13.80 13.14 12.34 11.83 11.61 11.39 11.17 12.12 12.99 13.21 12.70 12.41 12.34 12.63 11.39 11.02 12.41 13.51 13.14 15.55 15.40 15.55 15.62 15.62 15.26 13.29 12.56 12.56 12.41 11.90 12.78 12.70 12.34 12.48 12.63 12.92 11.53 11.24 11.24 10.66 12.12 11.75 11.39 10.07 11.75 9.34 7.52 7.59 7.59 7.88 7.30 7.15 7.37 5.40 5.77 3.07 0.00 2.63 0.00 0.00 0.00 0.00 0.00 0.00 4.60 6.57 6.50 6.64 7.37 8.18 7.88 7.96 7.59 7.59 7.74 6.64 5.11 4.45 3.58 3.72 4.23
14.75 14.75 14.67 12.99 13.51 12.70 11.10 11.46 10.95 10.73 11.68 12.19 11.46 11.61 10.95 12.56 14.82 13.80 14.09 13.07 14.38 16.57 15.40 15.62 15.62 14.24 14.24 13.43 13.72 11.90 10.51 10.80 10.29 9.27 11.17 11.02 12.56 13.43 12.92 13.21 11.90 10.22 10.51 9.93 10.44 10.37 9.56 8.18 9.42 7.30 8.40 8.40 7.59 8.47 6.64 7.01 4.23 1.68 1.90 0.00 0.00 0.00 0.00 0.00 0.00 0.00 0.00 0.00 4.60 4.96 4.23 6.72 7.74 8.32 6.86 6.79 6.79 5.69 4.38 4.38 4.23 3.65 4.53 0.00
14.75 14.75 14.67 12.99 13.51 12.70 11.10 11.46 10.95 10.73 11.68 12.19 11.46 11.61 10.95 12.56 14.82 13.80 14.09 13.07 14.38 16.57 15.40 15.62 15.62 14.24 14.24 13.43 13.72 11.90 10.51 10.80 10.29 9.27 11.17 11.02 12.56 13.43 12.92 13.21 11.90 10.22 10.51 9.93 10.44 10.37 9.56 8.18 9.42 7.30 8.40 8.40 7.59 8.47 6.64 7.01 4.23 1.68 1.90 0.00 0.00 0.00 0.00 0.00 0.00 0.00 0.00 0.00 4.60 4.96 4.23 6.72 7.74 8.32 6.86 6.79 6.79 5.69 4.38 4.38 4.23 3.65 4.53 0.00
16.64 16.64 14.82 12.99 12.92 12.05 12.34 12.41 10.44 11.75 11.39 11.97 9.49 10.07 10.07 14.02 14.97 14.45 14.24 16.86 16.13 17.23 15.55 13.80 13.58 14.16 14.16 14.09 11.97 12.48 9.49 8.61 9.20 9.05 10.07 11.90 11.83 10.22 12.56 10.51 10.00 9.42 9.56 9.34 10.66 9.13 9.13 8.47 7.66 7.74 7.37 7.37 8.18 7.81 6.64 2.85 3.29 0.00 0.00 0.00 0.00 0.00 0.00 0.00 0.66 0.22 0.07 1.90 0.00 0.00 0.00 7.23 8.25 7.96 6.86 6.13 6.13 6.35 5.91 6.28 3.50 4.02 4.02 4.45
17.08 17.08 15.62 14.16 13.51 12.92 13.14 10.59 11.32 10.51 8.32 8.91 8.10 10.95 10.22 13.29 13.80 12.70 14.75 16.43 16.13 17.08 11.61 11.83 11.39 12.12 12.12 12.34 11.83 9.64 9.93 8.32 8.18 9.34 8.98 5.62 6.28 6.86 6.72 7.88 8.61 8.32 10.59 11.53 11.10 10.95 9.64 9.56 8.47 8.83 8.69 8.69 8.47 6.06 6.86 3.29 2.56 3.29 3.14 3.80 4.23 0.00 3.36 4.45 0.00 0.00 0.00 0.00 0.29 0.00 1.83 3.21 2.92 3.94 4.82 5.04 5.04 5.91 7.96 5.84 5.04 5.26 0.00 4.23
14.31 14.31 14.60 14.38 14.45 15.11 14.67 12.92 13.36 12.34 13.65 12.19 11.61 12.63 15.04 13.51 13.58 13.21 14.97 12.26 9.93 8.83 9.13 10.00 9.78 10.80 10.80 10.29 10.07 8.98 8.47 8.18 8.10 7.08 4.31 5.62 4.60 6.06 5.62 6.57 9.13 11.53 11.10 11.97 10.73 11.24 9.93 10.59 9.78 9.13 7.81 7.81 8.10 5.91 4.38 3.21 2.92 3.94 4.89 4.60 5.69 4.82 5.18 5.26 4.45 2.19 2.48 0.80 0.73 0.15 1.17 1.24 0.00 0.00 4.09 5.26 5.26 4.53 5.69 5.77 6.20 4.53 4.23 0.00
12.56 12.56 13.65 13.87 15.26 14.45 15.48 15.70 16.28 13.94 13.94 14.24 14.89 14.97 14.60 13.65 13.29 11.75 11.97 11.83 9.56 11.61 11.75 11.61 10.29 9.93 9.93 9.93 9.71 9.27 8.61 8.32 7.45 8.25 6.64 5.11 5.62 5.33 7.37 8.03 7.74 10.44 10.29 10.51 9.78 10.80 10.66 10.88 9.93 10.00 7.52 7.52 5.18 4.02 4.23 3.14 2.99 3.14 0.00 4.31 6.50 6.35 5.40 5.26 5.48 3.29 2.04 2.19 1.75 1.68 1.90 1.24 0.88 1.24 2.77 0.00 0.00 0.00 5.18 3.14 0.00 4.23 4.02 0.00
9.86 9.86 10.22 12.85 13.94 14.45 15.11 14.82 14.60 13.94 14.38 14.31 14.24 14.53 14.75 13.80 14.82 13.58 12.19 11.68 12.26 11.83 12.12 9.86 9.86 9.42 9.42 9.93 10.22 8.25 8.40 9.42 9.71 9.34 9.42 6.72 5.26 5.48 6.06 7.74 6.86 7.01 9.20 9.34 8.54 9.78 10.73 10.44 10.44 7.08 5.55 5.55 5.69 4.23 2.99 3.14 3.21 3.21 3.07 3.36 3.50 3.58 3.50 3.50 2.70 2.92 2.70 3.29 1.97 2.04 1.97 1.10 0.88 1.10 0.73 1.31 1.31 0.88 2.26 1.68 3.29 2.70 0.00 4.02
9.86 9.86 10.22 12.85 13.94 14.45 15.11 14.82 14.60 13.94 14.38 14.31 14.24 14.53 14.75 13.80 14.82 13.58 12.19 11.68 12.26 11.83 12.12 9.86 9.86 9.42 9.42 9.93 10.22 8.25 8.40 9.42 9.71 9.34 9.42 6.72 5.26 5.48 6.06 7.74 6.86 7.01 9.20 9.34 8.54 9.78 10.73 10.44 10.44 7.08 5.55 5.55 5.69 4.23 2.99 3.14 3.21 3.21 3.07 3.36 3.50 3.58 3.50 3.50 2.70 2.92 2.70 3.29 1.97 2.04 1.97 1.10 0.88 1.10 0.73 1.31 1.31 0.88 2.26 1.68 3.29 2.70 0.00 4.02
9.49 9.49 10.07 11.17 13.29 14.09 14.38 13.87 15.18 13.72 13.51 13.87 15.33 16.28 16.86 16.72 15.77 14.75 12.48 12.19 11.39 9.64 9.49 10.07 9.78 11.24 11.24 11.53 11.24 10.44 10.22 10.37 10.00 9.42 6.35 6.57 4.53 5.62 5.18 7.15 6.79 7.45 6.72 8.25 9.34 8.98 9.78 9.71 7.01 7.66 5.55 5.55 5.26 5.40 4.16 4.02 3.21 3.36 3.50 3.80 3.72 3.50 3.65 3.36 3.87 3.43 4.02 3.87 3.94 1.83 4.02 1.97 4.31 3.29 1.75 1.31 1.31 1.68 1.10 0.00 0.00 4.16 5.26 3.21
12.63 12.63 12.63 13.87 13.43 14.53 13.58 13.72 14.82 14.97 14.09 13.51 14.38 15.55 15.62 11.90 11.39 11.97 11.68 12.92 10.44 9.05 9.27 9.34 11.32 11.61 11.61 9.20 9.56 9.93 10.15 8.91 8.83 6.42 4.60 1.75 4.16 5.18 8.47 7.52 7.30 7.88 9.78 9.13 10.07 11.02 10.73 10.95 10.15 7.74 6.86 6.86 5.40 4.96 5.18 4.67 4.96 5.69 5.48 4.16 7.08 4.53 4.82 7.30 6.86 4.96 5.84 6.86 7.15 6.94 6.57 5.18 4.67 4.82 4.16 8.40 8.40 3.29 2.77 0.00 5.40 6.20 5.99 6.72
14.02 14.02 13.80 14.67 14.02 14.16 13.80 14.45 14.75 14.67 14.67 13.65 13.36 14.53 13.43 12.34 11.53 11.61 10.51 10.29 10.51 10.15 10.22 10.44 10.80 8.91 8.91 8.40 9.20 10.95 11.02 7.66 5.99 6.42 3.80 1.61 4.82 2.77 8.98 10.66 9.13 8.98 10.07 11.24 10.51 11.97 11.39 10.37 10.95 7.59 6.35 6.35 6.13 5.84 5.40 5.55 5.55 6.64 7.88 7.81 8.47 7.88 7.52 7.74 6.20 5.77 6.57 6.50 7.23 7.59 8.10 8.40 8.47 9.34 9.56 7.01 7.01 8.47 6.06 4.82 4.67 5.69 7.08 7.08
14.38 14.38 14.38 14.97 13.87 13.94 14.67 15.26 16.50 15.48 13.87 14.38 12.99 12.92 13.21 12.78 11.53 12.26 10.66 10.44 9.64 9.78 8.83 9.93 8.18 8.32 8.32 8.18 10.88 10.51 8.83 9.42 6.28 5.62 3.72 3.07 7.23 11.68 10.95 10.59 8.32 7.01 9.20 9.93 9.49 9.13 10.73 10.00 7.15 7.81 6.20 6.20 5.26 5.33 5.18 6.28 6.79 7.66 9.34 8.54 8.25 9.56 7.74 5.40 5.91 4.82 5.33 6.13 5.99 6.28 6.72 8.32 8.76 8.40 9.86 9.34 9.34 10.29 7.66 8.83 5.55 6.79 7.96 8.61
14.31 14.31 14.09 14.31 14.09 13.58 15.18 15.55 17.81 16.50 17.59 16.50 16.35 15.04 17.01 15.55 15.55 14.53 11.97 8.69 9.05 8.98 9.78 9.56 9.34 9.86 9.86 10.88 10.59 10.73 10.73 10.37 10.07 8.61 12.05 10.51 9.64 12.92 11.53 7.37 8.32 6.72 7.52 8.03 8.03 7.08 7.45 7.30 6.50 6.64 6.64 6.64 5.84 4.38 5.62 4.96 5.69 6.72 6.13 6.35 4.82 4.31 2.56 2.92 2.99 4.67 4.96 4.82 5.55 5.77 7.01 6.94 5.91 6.42 8.10 10.73 10.73 10.51 10.22 10.44 8.69 8.10 7.88 10.66
14.31 14.31 14.09 14.31 14.09 13.58 15.18 15.55 17.81 16.50 17.59 16.50 16.35 15.04 17.01 15.55 15.55 14.53 11.97 8.69 9.05 8.98 9.78 9.56 9.34 9.86 9.86 10.88 10.59 10.73 10.73 10.37 10.07 8.61 12.05 10.51 9.64 12.92 11.53 7.37 8.32 6.72 7.52 8.03 8.03 7.08 7.45 7.30 6.50 6.64 6.64 6.64 5.84 4.38 5.62 4.96 5.69 6.72 6.13 6.35 4.82 4.31 2.56 2.92 2.99 4.67 4.96 4.82 5.55 5.77 7.01 6.94 5.91 6.42 8.10 10.73 10.73 10.51 10.22 10.44 8.69 8.10 7.88 10.66
13.65 13.65 14.45 13.80 13.21 13.21 14.60 15.26 16.06 18.69 19.64 19.71 19.27 16.79 16.35 14.24 12.85 8.18 8.10 8.40 7.66 8.25 9.64 9.49 10.00 9.78 9.78 10.88 11.02 10.73 11.17 11.32 12.41 10.88 12.48 11.75 12.78 12.56 9.42 7.52 7.08 6.86 7.52 7.15 7.81 6.94 7.66 7.59 7.96 7.81 6.72 6.72 7.01 5.99 4.96 5.62 5.48 5.40 5.33 4.16 4.38 3.36 2.56 2.56 2.12 4.53 5.99 6.13 6.50 6.28 6.28 5.77 4.96 4.09 5.40 8.76 8.76 7.96 10.07 10.51 9.71 9.13 9.93 9.93
13.87 13.87 15.18 14.53 14.89 15.91 16.79 18.03 18.98 18.83 19.56 16.35 13.36 13.58 13.43 8.47 5.04 5.91 5.77 5.62 5.11 7.23 9.34 8.98 9.71 9.42 9.42 10.59 11.75 11.53 11.68 11.10 11.68 12.48 12.48 10.22 6.57 7.52 8.25 5.33 6.50 7.23 7.23 6.57 6.94 7.52 7.66 8.32 8.32 8.32 8.03 8.03 7.01 6.35 5.55 5.99 5.04 5.26 3.43 3.80 3.80 2.26 2.92 1.68 4.89 6.94 8.03 8.10 7.88 6.86 6.28 5.99 5.04 4.96 4.16 5.11 5.11 6.50 9.34 8.54 8.76 9.13 9.34 10.66
15.18 15.18 14.97 15.11 14.82 15.48 17.16 15.99 16.35 10.73 10.88 9.49 7.37 7.88 3.07 2.99 3.36 4.82 3.14 4.45 6.86 7.30 6.86 8.03 9.05 10.44 10.44 10.07 11.61 11.17 9.71 10.00 10.22 6.94 7.23 4.60 4.23 5.33 3.72 3.94 2.34 2.34 5.48 5.40 6.13 6.86 6.79 7.81 8.32 7.52 6.13 6.13 6.50 5.33 5.04 4.16 4.23 1.17 0.00 1.53 0.00 2.12 0.00 3.87 3.43 5.91 7.08 7.01 7.37 7.30 7.23 6.50 5.91 5.77 4.60 6.20 6.20 6.72 7.15 7.37 6.28 8.83 8.98 8.69
13.14 13.14 11.83 12.48 11.83 13.72 15.62 9.49 10.88 6.06 6.86 5.26 0.00 0.00 0.00 0.00 0.00 0.00 0.00 3.36 3.65 6.42 5.62 7.37 8.18 10.51 10.51 10.95 10.66 10.66 8.83 7.45 4.53 4.23 0.95 2.48 2.12 1.83 2.19 1.39 1.31 1.31 3.29 5.33 4.89 5.69 4.74 5.99 5.77 7.01 5.77 5.77 4.74 4.89 3.94 2.77 0.00 1.10 0.00 0.00 0.00 0.00 0.00 4.09 6.13 4.82 7.52 6.42 6.79 6.86 6.64 4.82 4.16 5.69 5.69 4.67 4.67 0.00 6.64 6.79 6.20 5.48 5.40 7.96
5.62 5.62 5.91 7.81 7.30 8.18 11.02 11.39 5.69 5.04 4.16 0.00 0.00 0.00 0.00 0.00 2.26 1.83 0.00 0.00 0.00 4.60 5.77 7.37 7.15 7.23 7.23 10.00 8.54 7.23 8.25 2.63 1.90 0.37 0.44 0.80 0.95 1.39 1.17 1.83 2.04 3.29 2.99 3.43 3.50 3.72 3.36 5.26 4.89 4.16 4.67 4.67 2.99 2.04 2.77 0.00 0.00 0.00 0.00 0.00 0.00 0.00 3.29 4.09 3.94 3.94 4.89 4.96 0.00 0.00 0.00 0.00 0.00 0.00 0.00 0.00 0.00 0.00 6.28 6.42 5.84 3.58 0.00 4.74
3.94 3.94 2.99 4.96 3.94 7.01 3.80 3.50 0.00 0.00 0.00 0.00 0.00 0.00 0.00 0.00 2.99 0.00 2.12 0.00 0.00 3.43 3.65 1.39 4.02 2.99 2.99 6.57 5.99 1.68 1.02 1.10 0.88 0.00 0.00 0.00 0.00 1.02 2.12 1.90 2.34 3.29 2.99 2.99 2.41 3.87 4.02 3.87 4.38 3.07 1.39 1.39 0.66 0.51 0.00 0.00 0.00 0.00 0.00 0.00 0.00 0.00 3.72 4.82 4.89 5.18 4.31 3.87 3.36 0.00 0.00 0.00 0.00 0.00 0.00 0.00 0.00 0.00 6.79 6.28 6.64 5.84 5.18 2.77
3.94 3.94 2.99 4.96 3.94 7.01 3.80 3.50 0.00 0.00 0.00 0.00 0.00 0.00 0.00 0.00 2.99 0.00 2.12 0.00 0.00 3.43 3.65 1.39 4.02 2.99 2.99 6.57 5.99 1.68 1.02 1.10 0.88 0.00 0.00 0.00 0.00 1.02 2.12 1.90 2.34 3.29 2.99 2.99 2.41 3.87 4.02 3.87 4.38 3.07 1.39 1.39 0.66 0.51 0.00 0.00 0.00 0.00 0.00 0.00 0.00 0.00 3.72 4.82 4.89 5.18 4.31 3.87 3.36 0.00 0.00 0.00 0.00 0.00 0.00 0.00 0.00 0.00 6.79 6.28 6.64 5.84 5.18 2.77
0.80 0.80 1.97 0.00 1.17 2.92 0.00 0.00 0.00 0.00 0.00 0.00 0.00 0.00 0.00 0.00 0.00 1.31 2.85 3.94 3.43 3.65 2.56 0.51 0.00 0.00 0.00 0.00 0.00 0.00 0.00 0.00 0.00 0.00 0.00 0.00 0.00 0.00 0.00 0.00 0.00 3.36 2.99 2.19 2.41 1.10 0.00 1.83 2.04 0.73 0.00 0.00 0.00 0.00 0.00 0.00 0.00 0.00 0.00 0.00 0.00 4.60 4.23 5.18 5.40 4.89 4.09 0.00 0.00 0.00 0.00 0.00 0.00 5.11 5.18 5.40 5.40 7.88 7.23 8.98 6.64 8.98 9.34 7.52
