Wansh/Snow_depth/snowdepth-1994/winter/1995037.txt
ncols 321
nrows 161
xllcenter 60
yllcenter 15 
cellsize  0.25 
NODATA_value -1
[rows 0 to 36 of 161, columns 0 to 83 of 321]
13.07 13.07 17.37 16.28 19.49 19.86 19.78 21.68 23.51 24.09 23.87 24.45 24.02 23.07 22.78 22.19 22.63 22.63 22.12 22.92 22.92 22.63 19.20 22.05 22.12 21.83 21.83 20.88 11.39 11.39 12.05 14.02 13.65 12.70 12.78 13.07 12.41 11.97 17.81 17.08 20.73 21.75 21.24 22.19 23.07 23.73 23.87 21.83 23.07 22.85 24.16 24.16 24.02 22.70 22.85 23.94 25.04 24.67 25.92 25.33 25.33 22.63 23.94 21.97 19.71 19.71 20.08 18.61 19.27 13.72 19.05 13.80 11.68 10.95 12.70 13.65 13.65 13.87 13.65 13.65 14.67 17.52 16.57 17.59
18.61 18.61 18.98 18.18 20.73 20.66 22.19 23.07 23.58 23.80 23.73 24.24 23.29 22.70 22.78 22.78 22.56 21.39 23.14 22.34 22.05 21.97 21.97 22.41 20.95 20.88 20.88 20.88 20.95 21.10 9.71 11.83 10.37 9.86 10.29 12.99 12.26 16.13 19.64 18.83 21.24 21.68 21.68 21.83 21.75 18.54 19.27 19.20 20.29 21.39 20.00 20.00 23.87 22.70 23.94 23.94 21.53 24.02 24.38 19.20 19.86 19.86 14.75 15.55 16.79 16.06 15.48 16.13 12.12 13.58 6.79 7.37 8.83 13.29 12.26 16.06 16.06 18.61 17.67 16.50 15.99 19.20 20.37 19.78
19.13 19.13 17.89 19.78 19.27 23.07 23.51 23.36 24.38 23.21 22.34 23.00 23.14 20.51 20.73 20.73 20.73 24.38 21.17 21.17 20.51 20.00 18.98 19.42 19.64 20.44 20.44 19.13 18.61 18.25 10.07 10.80 11.02 10.51 11.46 14.02 13.43 15.91 18.32 20.51 21.02 21.24 19.42 18.25 17.37 17.96 10.22 12.34 11.10 18.47 20.73 20.73 20.00 21.90 15.33 17.08 18.47 10.22 14.67 15.91 8.91 12.26 12.34 13.94 13.51 14.38 13.80 14.02 12.05 7.74 7.81 11.75 10.51 15.77 19.35 15.99 15.99 20.08 21.32 21.02 21.75 21.02 21.02 20.44
19.13 19.13 17.89 19.78 19.27 23.07 23.51 23.36 24.38 23.21 22.34 23.00 23.14 20.51 20.73 20.73 20.73 24.38 21.17 21.17 20.51 20.00 18.98 19.42 19.64 20.44 20.44 19.13 18.61 18.25 10.07 10.80 11.02 10.51 11.46 14.02 13.43 15.91 18.32 20.51 21.02 21.24 19.42 18.25 17.37 17.96 10.22 12.34 11.10 18.47 20.73 20.73 20.00 21.90 15.33 17.08 18.47 10.22 14.67 15.91 8.91 12.26 12.34 13.94 13.51 14.38 13.80 14.02 12.05 7.74 7.81 11.75 10.51 15.77 19.35 15.99 15.99 20.08 21.32 21.02 21.75 21.02 21.02 20.44
19.49 19.49 18.98 18.98 21.83 23.58 23.80 24.38 23.58 22.19 21.39 21.02 21.24 20.15 18.54 18.18 23.36 22.70 18.03 17.81 18.10 17.74 17.89 17.96 17.37 17.67 17.67 16.57 17.52 14.53 12.34 10.00 11.17 10.29 11.61 15.11 16.94 18.54 17.96 19.56 18.91 18.32 18.54 18.40 11.46 8.61 9.78 9.20 14.67 13.14 17.74 17.74 9.56 10.07 11.83 6.13 7.15 8.03 3.29 5.69 5.62 9.78 8.18 14.02 15.77 16.06 15.77 13.87 14.24 14.09 18.18 17.37 17.30 19.86 19.13 21.61 21.61 20.95 22.48 22.70 22.63 21.24 20.08 19.86
20.08 20.08 20.15 20.22 22.34 22.70 23.21 23.51 22.70 21.75 21.39 21.39 20.81 19.42 18.25 16.64 16.21 16.13 15.48 15.48 16.72 12.63 15.11 16.64 16.28 16.94 16.94 15.11 15.18 14.16 14.75 13.58 12.56 13.80 13.65 14.97 16.94 18.25 19.20 19.05 19.13 17.37 14.75 15.70 12.12 9.05 9.13 8.76 11.61 9.13 9.78 9.78 8.10 5.04 6.64 6.50 5.99 2.26 2.70 4.53 9.64 7.74 16.13 17.96 17.30 16.72 15.91 16.06 16.13 15.62 17.74 17.67 17.59 18.03 21.46 20.88 20.88 23.00 22.48 22.12 21.97 21.61 21.61 20.81
20.08 20.08 18.91 18.83 20.88 20.51 21.68 21.24 21.24 21.53 20.08 20.37 19.56 17.96 15.55 20.15 18.03 14.75 11.10 10.88 12.26 11.90 14.09 16.21 16.64 16.28 16.28 16.43 16.72 16.94 15.77 14.38 13.80 15.18 15.70 17.08 16.64 17.74 18.32 19.13 16.50 17.37 15.91 11.90 10.37 10.73 8.40 8.61 9.13 8.83 9.42 9.42 5.48 5.91 6.50 7.59 7.52 9.13 7.08 5.69 13.65 16.06 15.40 17.30 15.40 15.55 16.06 15.91 15.99 14.89 14.82 15.91 16.43 16.35 16.72 18.40 18.40 17.89 20.51 20.44 20.29 21.02 20.08 20.08
20.08 20.08 18.91 18.83 20.88 20.51 21.68 21.24 21.24 21.53 20.08 20.37 19.56 17.96 15.55 20.15 18.03 14.75 11.10 10.88 12.26 11.90 14.09 16.21 16.64 16.28 16.28 16.43 16.72 16.94 15.77 14.38 13.80 15.18 15.70 17.08 16.64 17.74 18.32 19.13 16.50 17.37 15.91 11.90 10.37 10.73 8.40 8.61 9.13 8.83 9.42 9.42 5.48 5.91 6.50 7.59 7.52 9.13 7.08 5.69 13.65 16.06 15.40 17.30 15.40 15.55 16.06 15.91 15.99 14.89 14.82 15.91 16.43 16.35 16.72 18.40 18.40 17.89 20.51 20.44 20.29 21.02 20.08 20.08
18.18 18.18 16.72 15.48 15.99 15.62 18.98 18.25 20.29 20.00 20.51 18.61 18.10 15.48 18.32 13.72 10.66 11.39 10.22 10.00 12.56 15.33 16.79 16.57 16.86 17.08 17.08 16.57 17.67 16.21 15.99 15.40 15.91 15.11 14.89 15.91 16.35 17.59 17.23 17.89 14.82 13.07 13.43 11.90 13.80 11.90 12.48 10.51 12.05 11.61 10.59 10.59 11.32 8.47 7.88 12.05 12.26 11.61 14.53 14.97 14.38 15.77 15.04 15.33 14.09 12.78 12.92 13.58 14.97 14.82 14.09 13.65 13.80 15.55 15.26 16.57 16.57 16.72 13.21 13.21 14.31 15.33 18.40 17.52
15.48 15.48 14.97 16.06 13.87 12.99 15.55 15.55 17.52 18.18 18.83 17.59 15.84 15.62 17.74 12.70 10.00 8.61 9.86 12.05 11.61 14.38 13.29 13.94 15.40 15.26 15.26 16.21 18.25 17.37 16.43 16.06 16.43 15.18 14.24 14.60 14.75 16.13 16.57 15.26 15.55 13.43 13.43 14.09 14.09 12.70 12.56 12.92 11.90 12.48 12.85 12.85 12.99 13.14 12.56 12.19 14.09 14.67 15.04 13.87 12.99 15.26 14.53 11.90 14.38 12.92 12.99 12.34 12.34 12.63 12.85 12.05 11.39 10.88 12.41 13.80 13.80 16.86 13.65 13.14 12.85 14.45 14.97 14.67
13.80 13.80 13.51 14.75 13.87 13.58 13.80 13.29 15.11 15.55 16.72 14.89 13.94 14.53 12.99 13.51 10.15 9.42 9.49 10.59 11.97 12.99 12.85 12.85 15.18 15.18 15.18 15.18 18.03 16.86 17.52 18.03 16.94 15.18 14.02 15.04 16.06 15.84 16.35 14.31 12.63 13.36 12.70 13.94 14.38 14.60 13.80 13.36 13.94 12.70 13.87 13.87 13.72 13.87 13.72 14.09 14.02 13.21 12.85 13.36 11.75 10.88 13.36 11.68 12.41 11.75 11.75 11.75 11.83 10.73 9.64 11.17 9.93 11.24 10.59 11.90 11.90 12.26 11.61 14.45 15.26 12.92 15.40 14.97
13.80 13.80 13.51 14.75 13.87 13.58 13.80 13.29 15.11 15.55 16.72 14.89 13.94 14.53 12.99 13.51 10.15 9.42 9.49 10.59 11.97 12.99 12.85 12.85 15.18 15.18 15.18 15.18 18.03 16.86 17.52 18.03 16.94 15.18 14.02 15.04 16.06 15.84 16.35 14.31 12.63 13.36 12.70 13.94 14.38 14.60 13.80 13.36 13.94 12.70 13.87 13.87 13.72 13.87 13.72 14.09 14.02 13.21 12.85 13.36 11.75 10.88 13.36 11.68 12.41 11.75 11.75 11.75 11.83 10.73 9.64 11.17 9.93 11.24 10.59 11.90 11.90 12.26 11.61 14.45 15.26 12.92 15.40 14.97
14.31 14.31 15.26 14.45 14.53 14.82 14.89 12.70 12.78 13.07 14.75 13.80 15.11 13.36 12.63 12.56 11.75 10.15 10.44 10.37 11.90 14.45 15.55 15.33 15.84 15.11 15.11 17.37 17.30 17.23 17.30 15.55 15.55 12.05 12.85 14.53 15.55 14.09 14.24 11.90 9.27 9.27 13.36 12.56 15.33 15.26 15.26 15.26 13.80 13.72 14.09 14.09 12.85 13.58 13.43 14.09 13.36 13.58 12.78 11.75 10.37 10.73 8.76 10.51 10.66 11.39 10.88 11.53 11.17 11.17 10.15 9.13 10.15 9.64 9.78 10.00 10.00 9.78 14.24 13.29 15.33 14.53 10.15 11.39
15.33 15.33 14.31 14.02 13.72 14.09 14.31 13.29 13.29 14.38 14.82 15.91 15.84 13.58 12.26 12.26 11.75 11.24 11.39 10.37 12.41 15.11 15.70 15.55 15.70 15.55 15.55 17.08 15.33 13.51 11.68 10.66 11.83 11.24 12.41 13.43 12.34 9.34 10.37 1.46 0.00 9.05 13.51 14.89 14.60 15.11 14.60 14.82 13.58 11.75 12.05 12.05 11.97 12.26 12.99 13.43 12.70 12.70 12.99 10.59 9.05 8.03 7.96 9.34 10.66 11.02 11.75 11.61 11.61 10.73 8.98 9.05 9.78 9.86 9.93 11.97 11.97 13.58 12.99 11.83 13.07 13.29 9.49 8.32
14.97 14.97 15.40 14.31 13.21 14.02 13.72 12.99 14.75 14.89 15.26 13.80 13.14 13.36 12.48 12.56 13.21 14.75 13.87 14.02 13.87 14.75 14.53 15.33 15.55 15.04 15.04 13.51 15.04 12.26 11.46 11.32 10.88 11.75 13.14 13.07 12.56 3.50 0.00 1.61 0.00 9.64 13.36 14.02 13.58 13.51 14.02 12.48 11.32 11.53 12.19 12.19 11.90 12.05 11.90 11.68 11.32 9.20 8.54 7.88 7.59 7.66 9.34 8.76 10.22 9.56 11.68 11.24 10.29 10.51 8.47 7.88 9.34 10.44 13.14 12.19 12.19 14.60 12.34 12.70 9.71 8.54 8.25 8.32
15.33 15.33 14.31 12.99 13.36 12.92 14.09 14.97 15.33 15.26 14.97 13.29 13.72 12.34 13.36 15.18 15.04 15.62 14.60 14.60 13.36 14.24 14.02 15.11 15.62 14.60 14.60 13.94 11.75 12.78 10.29 10.15 9.71 10.66 10.07 2.99 0.51 1.68 0.00 7.59 12.12 12.92 12.70 11.39 11.68 12.05 11.61 12.70 12.26 12.56 12.41 12.41 12.56 12.34 12.34 10.22 7.23 7.96 5.62 7.23 8.32 7.74 9.20 9.27 9.34 8.10 7.59 7.37 9.20 8.47 8.83 8.47 10.73 9.86 13.07 13.72 13.72 14.67 12.63 9.93 10.59 8.83 8.61 7.88
15.33 15.33 14.31 12.99 13.36 12.92 14.09 14.97 15.33 15.26 14.97 13.29 13.72 12.34 13.36 15.18 15.04 15.62 14.60 14.60 13.36 14.24 14.02 15.11 15.62 14.60 14.60 13.94 11.75 12.78 10.29 10.15 9.71 10.66 10.07 2.99 0.51 1.68 0.00 7.59 12.12 12.92 12.70 11.39 11.68 12.05 11.61 12.70 12.26 12.56 12.41 12.41 12.56 12.34 12.34 10.22 7.23 7.96 5.62 7.23 8.32 7.74 9.20 9.27 9.34 8.10 7.59 7.37 9.20 8.47 8.83 8.47 10.73 9.86 13.07 13.72 13.72 14.67 12.63 9.93 10.59 8.83 8.61 7.88
14.89 14.89 15.40 14.02 15.33 14.60 15.33 17.23 16.86 14.24 14.89 13.36 11.75 12.99 14.09 15.48 15.77 13.72 12.48 12.70 12.63 13.36 13.80 15.77 15.40 14.31 14.31 13.94 12.56 11.24 9.13 8.18 8.83 1.39 2.26 0.95 0.00 0.66 7.88 5.91 11.83 10.29 10.37 10.44 11.75 11.61 12.12 13.07 12.12 11.61 12.05 12.05 11.83 12.19 9.13 10.00 7.15 6.64 7.52 7.37 8.03 8.83 8.47 8.47 6.20 4.82 6.20 7.81 6.86 8.03 8.91 9.93 10.88 12.63 12.26 12.34 12.34 11.46 10.59 10.88 8.10 7.88 7.96 8.25
15.91 15.91 17.30 15.99 16.79 18.76 18.10 18.32 17.67 15.11 14.67 13.29 11.46 11.83 14.16 16.21 14.67 12.26 11.24 10.59 12.05 11.46 12.78 14.24 14.97 13.72 13.72 14.53 12.56 11.32 7.59 4.67 2.41 0.00 0.22 0.00 0.00 1.31 7.01 8.98 8.40 9.93 11.02 14.09 13.87 13.43 12.70 13.21 12.99 13.07 12.48 12.48 13.21 13.58 10.07 8.47 9.42 8.91 8.40 10.22 9.78 9.49 10.29 10.15 9.78 6.86 4.38 4.96 6.50 8.10 7.66 8.25 8.25 11.24 11.24 10.95 10.95 10.95 10.59 9.27 9.86 8.03 6.94 8.69
16.86 16.86 16.28 17.81 19.27 18.83 19.35 19.64 19.27 19.42 17.30 18.40 18.91 18.61 19.13 17.96 15.11 13.65 9.93 10.22 10.29 9.78 11.68 11.24 13.29 12.78 12.78 13.07 8.25 7.30 7.23 5.33 3.50 5.18 3.14 2.19 2.12 2.26 6.94 8.54 12.63 14.38 14.02 15.70 15.55 12.99 13.14 14.67 14.53 15.77 15.84 15.84 15.18 14.24 14.75 10.80 10.15 10.29 9.71 12.12 13.07 13.43 13.72 12.34 12.56 9.20 7.66 7.66 5.69 7.45 7.08 7.52 6.72 8.32 7.30 9.05 9.05 10.88 10.73 10.80 10.29 9.34 8.25 7.37
12.78 12.78 12.70 11.83 19.86 17.74 17.30 18.98 20.00 19.35 18.25 20.44 21.10 20.44 17.45 12.92 10.73 10.88 9.86 9.64 11.24 10.59 12.26 11.83 10.51 8.32 8.32 8.91 8.47 7.08 5.91 6.13 6.72 6.50 6.20 8.40 6.86 8.47 7.66 10.07 12.56 13.65 13.94 13.58 15.55 15.55 14.97 15.11 14.75 16.28 15.40 15.40 15.70 14.45 10.51 10.88 10.88 11.02 12.41 13.29 14.24 13.43 13.21 12.41 11.39 11.97 9.56 8.69 8.69 8.98 6.64 5.91 6.13 6.42 7.74 9.56 9.56 9.05 10.00 9.56 9.13 9.71 7.74 7.15
11.10 11.10 12.05 12.34 13.65 15.84 15.04 17.89 15.70 16.79 17.01 21.75 18.47 16.28 15.55 14.53 11.68 11.17 12.99 12.70 12.78 12.41 12.34 11.17 11.32 10.29 10.29 8.83 8.32 6.64 6.42 7.30 8.10 9.27 8.91 9.34 8.61 9.20 10.37 10.37 11.97 12.12 12.99 13.43 14.89 14.89 14.67 14.02 13.72 15.04 13.87 13.87 12.56 14.31 10.44 11.39 10.95 10.29 11.75 11.32 11.32 11.53 11.61 11.61 11.10 11.02 10.07 9.86 8.47 6.06 6.35 6.06 5.99 6.06 6.57 7.59 7.59 6.20 8.03 7.74 8.83 9.71 8.76 6.64
11.10 11.10 12.05 12.34 13.65 15.84 15.04 17.89 15.70 16.79 17.01 21.75 18.47 16.28 15.55 14.53 11.68 11.17 12.99 12.70 12.78 12.41 12.34 11.17 11.32 10.29 10.29 8.83 8.32 6.64 6.42 7.30 8.10 9.27 8.91 9.34 8.61 9.20 10.37 10.37 11.97 12.12 12.99 13.43 14.89 14.89 14.67 14.02 13.72 15.04 13.87 13.87 12.56 14.31 10.44 11.39 10.95 10.29 11.75 11.32 11.32 11.53 11.61 11.61 11.10 11.02 10.07 9.86 8.47 6.06 6.35 6.06 5.99 6.06 6.57 7.59 7.59 6.20 8.03 7.74 8.83 9.71 8.76 6.64
11.39 11.39 10.88 11.02 12.12 13.58 14.97 15.62 15.48 15.48 16.43 15.91 15.55 15.70 16.57 15.40 13.80 13.36 13.43 13.29 12.70 11.68 11.75 11.39 11.17 10.00 10.00 6.94 7.74 6.79 7.15 9.13 11.02 10.22 9.56 8.61 8.91 9.05 11.39 12.99 11.90 12.63 12.41 13.29 13.65 13.94 14.45 13.21 12.48 12.70 12.99 12.99 12.85 12.34 11.24 11.61 12.70 11.97 12.05 11.02 11.75 11.61 11.39 12.05 11.39 12.41 12.34 12.99 10.00 7.37 6.86 6.72 7.08 6.20 7.15 7.30 7.30 6.57 6.57 8.69 7.81 11.46 9.71 7.96
14.38 14.38 13.21 12.19 11.75 14.16 14.60 16.06 17.30 16.50 15.11 15.33 14.89 14.75 12.41 11.83 11.83 12.34 13.80 15.11 12.85 11.53 13.65 12.26 10.73 8.98 8.98 7.45 7.74 9.78 10.88 10.51 10.73 10.29 8.83 8.32 10.15 11.97 11.32 12.56 13.07 11.75 11.68 12.05 17.30 16.21 16.21 16.21 13.80 15.33 13.21 13.21 13.43 12.99 14.53 12.56 13.21 14.60 16.28 13.07 13.94 14.89 15.99 13.87 13.87 14.02 13.87 14.97 14.53 13.29 13.51 13.21 9.56 9.78 9.86 8.25 8.25 8.91 7.01 8.32 12.63 12.05 13.21 12.12
15.40 15.40 17.01 15.77 15.33 15.26 14.53 19.27 18.25 16.35 14.97 13.14 11.75 12.05 11.97 11.32 12.34 13.72 14.75 14.67 13.94 12.05 13.87 10.15 8.40 8.25 8.25 7.37 10.00 10.66 10.73 10.29 10.37 9.13 9.34 8.76 11.39 11.90 11.39 13.29 13.07 12.63 15.18 18.10 17.16 17.30 17.16 16.35 15.70 16.06 12.48 12.48 13.43 12.99 14.82 15.55 15.48 15.04 18.69 20.81 16.94 18.76 17.67 16.86 17.16 16.06 16.43 16.43 15.99 14.82 14.45 14.82 15.11 16.94 16.86 17.23 17.23 14.67 11.53 10.95 10.88 13.07 14.45 15.48
19.42 19.42 19.05 17.37 15.99 17.74 19.93 19.27 19.86 17.89 16.79 14.60 11.90 11.46 11.61 12.12 12.78 13.07 13.21 11.39 10.95 10.80 11.32 8.83 9.13 7.37 7.37 8.54 10.37 12.05 12.63 12.56 11.46 10.95 12.92 13.80 12.99 13.36 14.24 13.72 13.51 12.92 15.84 17.08 16.57 16.64 16.94 15.18 12.78 14.97 12.12 12.12 11.75 14.09 14.02 15.77 17.01 20.00 19.42 21.10 19.64 20.29 18.69 15.99 14.09 13.58 14.02 15.77 15.84 15.18 15.04 15.40 15.26 16.35 17.23 16.50 16.50 16.72 15.55 12.34 12.48 12.05 14.09 16.06
19.05 19.05 19.20 18.25 17.45 18.25 19.78 17.96 17.52 17.96 17.37 15.48 12.48 12.99 13.58 12.78 13.14 12.99 8.03 9.05 9.34 9.86 10.51 6.35 9.05 10.80 10.80 10.44 11.68 13.65 13.14 13.94 12.56 12.70 14.60 14.89 13.94 13.80 14.60 13.94 14.09 14.75 14.53 14.67 15.70 14.16 14.45 13.87 12.78 12.63 11.68 11.68 12.34 12.12 14.75 14.24 15.91 20.59 20.37 20.44 18.76 15.99 12.78 14.38 12.56 13.51 13.21 13.65 14.53 16.06 15.70 15.99 16.57 16.94 17.08 17.16 17.16 18.03 16.13 16.72 14.02 14.31 16.21 17.52
19.05 19.05 19.20 18.25 17.45 18.25 19.78 17.96 17.52 17.96 17.37 15.48 12.48 12.99 13.58 12.78 13.14 12.99 8.03 9.05 9.34 9.86 10.51 6.35 9.05 10.80 10.80 10.44 11.68 13.65 13.14 13.94 12.56 12.70 14.60 14.89 13.94 13.80 14.60 13.94 14.09 14.75 14.53 14.67 15.70 14.16 14.45 13.87 12.78 12.63 11.68 11.68 12.34 12.12 14.75 14.24 15.91 20.59 20.37 20.44 18.76 15.99 12.78 14.38 12.56 13.51 13.21 13.65 14.53 16.06 15.70 15.99 16.57 16.94 17.08 17.16 17.16 18.03 16.13 16.72 14.02 14.31 16.21 17.52
18.32 18.32 18.47 18.54 18.10 18.10 17.52 17.01 16.94 16.43 16.13 16.06 14.67 13.65 12.05 11.75 6.42 6.06 5.48 7.37 5.99 9.56 6.13 8.18 10.51 12.12 12.12 12.70 12.63 12.70 12.63 10.80 10.80 11.32 13.07 11.46 12.56 13.43 12.19 12.12 12.56 12.05 13.72 13.14 14.24 14.16 13.43 13.07 13.07 14.31 13.14 13.14 13.14 13.72 14.02 15.11 14.82 15.62 15.33 18.18 18.47 15.91 12.70 12.12 12.26 13.58 14.16 14.82 14.67 16.06 15.40 14.60 14.97 14.97 15.62 17.30 17.30 16.57 19.78 18.10 14.67 15.18 14.97 17.89
17.30 17.30 17.96 17.37 15.99 16.21 15.99 16.86 16.28 13.51 14.24 14.16 11.32 9.42 2.19 1.97 2.26 2.70 3.29 5.33 4.45 8.32 4.82 9.27 7.45 3.50 3.50 6.86 8.69 10.73 8.32 10.66 11.02 10.37 11.17 10.88 11.61 8.83 10.73 10.59 11.53 12.19 13.21 13.43 12.70 14.09 12.92 12.92 14.31 13.65 12.92 12.92 14.31 14.31 14.31 14.60 14.60 13.58 13.21 12.99 14.82 12.92 13.43 11.90 14.02 15.62 15.18 15.18 15.48 15.62 14.60 13.43 12.85 12.78 13.65 15.11 15.11 17.45 16.86 17.45 15.70 14.97 16.21 18.54
18.03 18.03 16.28 14.53 14.16 14.16 12.70 14.97 14.16 12.56 14.24 10.73 7.96 1.53 0.80 1.10 0.88 0.00 1.61 4.09 5.91 8.47 7.74 4.31 0.00 0.00 0.00 0.00 1.02 0.00 6.13 9.71 8.25 9.42 9.49 7.88 7.52 7.30 7.81 5.33 7.30 8.25 4.60 9.78 8.61 11.46 11.90 10.29 12.26 11.24 10.44 10.44 13.87 14.02 14.02 13.58 14.02 11.90 10.44 9.78 8.83 11.75 11.17 10.95 13.36 14.89 14.75 15.04 13.87 12.92 11.90 13.36 12.05 11.83 8.10 12.56 12.56 13.29 9.93 10.59 12.41 11.97 13.58 17.96
11.39 11.39 11.53 12.99 11.24 7.15 11.17 11.75 8.40 9.56 12.26 0.00 0.00 0.00 0.00 0.00 0.00 0.00 0.00 0.00 4.31 1.75 0.00 0.00 0.00 0.00 0.00 0.00 0.00 0.00 3.87 5.11 5.48 6.94 4.45 4.45 4.82 2.48 2.85 1.31 0.22 2.85 2.19 6.50 7.52 5.91 7.37 6.57 7.23 9.56 11.10 11.10 10.37 13.29 12.34 10.44 10.73 10.66 7.74 6.50 5.62 6.13 9.34 11.10 10.66 12.92 13.87 12.78 12.99 11.10 9.86 8.10 5.84 6.42 4.31 5.33 5.33 8.10 7.81 9.42 11.17 12.63 15.48 9.56
5.18 5.18 5.84 7.01 3.21 2.12 6.94 1.97 1.10 0.00 0.00 0.00 0.00 0.00 0.00 0.00 0.00 0.00 0.00 0.00 0.00 0.00 0.00 0.00 0.00 0.00 0.00 0.00 0.00 0.00 3.14 3.36 2.77 0.00 0.00 0.00 1.31 2.41 2.41 1.53 1.75 3.36 5.18 7.01 7.23 5.40 6.13 8.69 8.10 9.49 11.68 11.68 12.05 11.24 11.53 9.42 6.28 1.17 5.91 3.65 6.79 10.29 10.00 11.53 11.10 10.80 11.75 10.88 9.20 7.88 7.88 7.01 5.11 0.00 0.00 0.00 0.00 7.23 9.56 10.15 9.78 9.34 9.93 7.23
1.17 1.17 0.00 0.00 0.00 0.00 0.00 0.00 0.00 0.00 0.00 0.00 0.00 0.00 0.00 0.00 0.00 0.00 0.00 0.00 0.00 0.00 0.00 0.00 0.00 0.00 0.00 0.00 0.00 0.00 0.00 0.00 0.00 0.00 0.00 0.00 0.00 1.39 1.61 0.00 2.12 3.21 5.11 3.87 4.60 4.67 5.62 8.40 9.64 12.12 11.75 11.75 12.70 13.36 9.78 10.22 6.50 0.00 2.99 1.68 6.57 12.34 12.56 12.56 12.34 12.63 10.80 8.61 8.47 6.64 5.91 6.13 4.67 4.38 4.45 8.83 8.83 11.17 10.73 11.83 12.56 11.53 9.13 9.93
1.17 1.17 0.00 0.00 0.00 0.00 0.00 0.00 0.00 0.00 0.00 0.00 0.00 0.00 0.00 0.00 0.00 0.00 0.00 0.00 0.00 0.00 0.00 0.00 0.00 0.00 0.00 0.00 0.00 0.00 0.00 0.00 0.00 0.00 0.00 0.00 0.00 1.39 1.61 0.00 2.12 3.21 5.11 3.87 4.60 4.67 5.62 8.40 9.64 12.12 11.75 11.75 12.70 13.36 9.78 10.22 6.50 0.00 2.99 1.68 6.57 12.34 12.56 12.56 12.34 12.63 10.80 8.61 8.47 6.64 5.91 6.13 4.67 4.38 4.45 8.83 8.83 11.17 10.73 11.83 12.56 11.53 9.13 9.93
0.00 0.00 0.00 0.00 0.00 0.00 0.00 0.00 0.00 0.00 0.00 0.00 0.00 0.00 0.00 0.00 0.00 0.00 0.00 0.00 0.00 0.00 0.00 0.00 0.00 0.00 0.00 0.00 0.00 0.00 0.00 0.00 0.00 0.00 0.00 0.00 0.00 0.00 1.02 2.77 3.14 3.43 3.50 3.14 5.18 5.18 5.18 6.35 8.61 10.59 12.56 12.56 12.70 12.41 10.15 4.02 5.33 0.00 4.23 10.51 12.12 12.56 12.70 12.41 12.63 12.63 10.80 8.40 7.08 7.37 7.01 7.81 7.88 9.71 9.27 10.15 10.15 12.41 13.87 15.04 14.97 16.13 22.78 20.44
