Wansh/Snow_depth/snowdepth-1994/winter/1995010.txt
ncols 321
nrows 161
xllcenter 60
yllcenter 15 
cellsize  0.25 
NODATA_value -1
[rows 74 to 110 of 161, columns 84 to 167 of 321]
4.09 5.11 4.96 3.50 1.83 1.61 1.02 1.10 2.41 2.48 0.00 0.58 1.02 2.19 0.00 0.00 0.00 0.00 0.00 0.00 0.00 0.00 0.00 2.04 1.90 2.41 1.46 1.97 1.02 1.24 2.04 1.83 0.00 0.66 0.95 0.00 0.29 1.02 0.00 0.00 0.00 1.61 1.31 1.31 0.44 0.00 0.44 1.17 1.10 2.04 2.04 1.97 2.26 1.83 0.00 2.12 1.46 1.90 2.19 0.66 0.80 0.95 0.00 0.00 0.00 0.00 0.00 0.29 0.29 1.91 2.42 1.39 0.00 0.00 0.00 0.00 0.00 0.00 0.00 0.00 0.44 0.81 1.53 1.02
2.26 3.29 1.31 1.97 1.39 1.83 1.46 2.19 0.00 0.00 0.00 2.12 0.00 0.00 0.00 0.00 0.00 0.00 0.00 0.00 0.00 0.00 0.00 0.00 0.00 0.00 0.00 1.97 2.19 0.00 2.12 0.00 0.00 0.00 0.00 0.73 0.95 1.02 0.00 0.00 0.00 0.00 1.17 1.17 0.00 0.37 0.00 0.73 1.83 1.46 0.66 0.80 1.02 1.39 1.53 1.02 2.26 0.66 1.90 0.66 1.31 1.10 0.00 0.51 0.00 0.22 0.37 2.34 2.34 3.08 2.85 1.39 0.44 0.00 0.00 0.00 0.00 0.00 0.00 0.00 0.00 0.00 0.95 0.59
1.17 2.19 0.95 1.24 2.12 2.04 2.48 0.00 2.77 0.00 3.43 3.07 0.00 0.00 0.00 0.00 0.00 0.00 0.00 0.00 0.00 0.00 0.00 0.00 0.00 0.00 0.00 0.00 0.00 0.00 0.00 2.12 0.00 2.26 0.00 0.00 0.00 0.00 0.00 2.26 1.90 2.34 1.97 1.97 1.31 0.00 1.39 2.41 0.95 0.00 0.95 0.95 0.37 0.00 0.07 0.15 0.80 0.07 0.00 0.88 0.73 0.00 1.10 0.44 0.07 0.22 0.22 0.37 0.37 1.53 1.53 1.02 0.73 0.07 0.00 0.00 0.00 0.00 0.00 0.00 0.00 0.00 0.15 0.15
0.73 1.10 1.17 1.31 1.90 2.56 2.70 2.77 3.21 0.00 3.43 3.72 3.80 0.00 0.00 0.00 0.00 0.00 0.00 0.00 0.00 0.00 0.00 0.00 0.00 0.00 0.00 0.00 0.00 0.00 0.00 0.00 0.00 1.90 2.41 0.00 0.00 0.00 0.00 0.00 0.00 0.00 0.00 0.00 0.00 1.24 0.00 0.00 0.00 0.00 0.00 0.07 0.00 1.53 0.66 0.80 0.15 0.58 0.22 0.00 0.80 0.00 0.29 0.00 0.00 0.00 0.00 0.00 0.00 0.07 1.02 0.51 1.46 1.17 0.00 0.00 0.00 0.00 0.00 0.00 0.00 0.00 0.00 0.15
1.97 1.39 2.41 2.56 2.19 2.56 0.00 2.92 3.72 3.36 0.00 0.00 0.00 3.50 0.00 0.00 0.00 0.00 0.00 0.00 0.00 0.00 0.00 0.00 0.00 0.00 0.00 0.00 0.00 0.00 0.00 0.00 0.00 0.00 0.00 0.00 0.00 0.00 0.00 0.00 0.00 0.00 0.00 0.00 0.00 0.00 0.00 2.92 0.00 0.00 2.77 0.00 0.00 0.00 0.00 1.10 1.17 1.24 1.31 0.73 1.39 0.44 0.22 0.00 0.07 0.00 0.00 0.00 0.00 0.00 0.07 1.02 1.68 1.53 0.15 0.00 0.00 0.00 0.95 0.37 0.00 1.17 1.10 0.96
1.46 1.68 2.34 1.97 2.41 2.48 0.00 0.00 3.36 3.36 3.36 0.00 0.00 0.00 0.00 0.00 0.00 0.00 0.00 0.00 0.00 0.00 0.00 0.00 0.00 0.00 0.00 0.00 0.00 0.00 0.00 1.10 0.00 0.00 0.00 0.00 0.00 0.00 0.00 0.00 0.00 0.00 0.00 0.00 0.00 0.00 0.00 0.00 0.00 0.00 0.00 0.00 0.00 0.00 0.00 0.00 1.24 1.24 1.24 1.53 1.90 0.00 0.95 0.80 0.37 0.15 0.00 0.00 0.00 0.51 0.00 0.00 0.95 0.51 0.00 0.00 0.22 0.80 1.10 0.80 1.17 1.39 1.90 1.61
0.00 1.10 1.53 2.56 2.12 1.90 0.00 0.00 0.00 0.00 3.14 0.00 0.00 0.00 0.00 0.00 0.00 0.00 0.00 0.00 0.00 0.00 0.00 0.00 0.00 0.00 0.00 0.00 0.00 0.00 0.00 0.00 0.00 0.00 0.00 0.00 0.00 0.00 0.00 0.00 0.00 0.00 0.00 0.00 0.00 0.00 0.00 0.00 0.00 0.00 0.00 0.00 0.00 0.00 0.00 0.00 0.00 0.37 0.22 1.61 2.12 0.00 0.80 0.73 0.51 0.00 0.00 0.00 0.00 0.00 0.58 0.15 0.44 0.95 0.00 0.00 0.00 1.07 1.39 1.75 0.88 0.95 2.04 2.19
0.29 0.07 1.24 0.00 1.83 1.68 1.97 0.00 0.00 0.00 0.00 3.72 0.00 0.00 0.00 0.00 0.00 0.00 0.00 0.00 0.44 0.00 0.00 0.00 0.00 0.00 0.00 0.00 0.00 0.00 0.00 0.00 0.00 0.00 0.00 0.00 0.00 0.00 0.00 0.00 0.00 0.00 0.00 0.00 0.00 0.00 0.00 0.00 0.00 0.00 0.00 0.00 0.00 0.00 0.00 0.00 0.00 0.51 0.22 1.02 1.75 0.51 0.15 0.44 0.00 0.00 0.00 0.00 0.00 1.02 1.10 0.58 0.44 1.39 0.37 0.00 0.66 0.84 1.29 0.97 1.69 1.31 2.04 3.58
1.39 0.58 1.46 0.88 1.75 1.24 2.19 2.63 2.34 3.21 2.99 0.00 0.00 0.00 0.00 3.43 2.41 1.53 1.53 0.29 0.00 0.51 0.00 0.00 0.00 1.24 0.00 0.00 0.00 0.00 0.00 0.00 0.00 0.00 0.00 0.00 0.00 0.00 0.00 0.00 0.00 0.00 0.00 0.00 0.00 0.00 0.00 0.00 0.00 0.00 0.00 0.00 0.00 0.00 0.00 0.00 0.37 0.00 0.07 1.17 0.95 0.00 0.00 0.00 0.66 0.00 0.00 0.00 0.00 1.10 1.17 1.10 1.46 1.17 1.53 1.10 1.10 1.02 1.10 1.69 2.92 2.70 2.85 3.36
1.10 1.02 0.73 0.73 1.17 1.39 0.00 0.00 2.92 3.58 0.00 4.02 3.94 3.87 4.38 5.11 3.87 2.41 2.41 1.17 0.73 0.44 0.80 0.44 1.02 0.00 1.53 0.80 0.00 0.00 0.00 0.00 0.00 0.00 0.00 0.00 0.00 0.00 0.00 0.00 0.00 0.00 0.00 0.00 0.00 0.00 0.00 0.00 0.00 0.00 0.00 0.00 0.00 0.00 0.00 0.00 0.00 0.29 0.00 0.22 1.39 0.37 1.02 0.80 0.66 0.00 0.00 0.80 0.80 1.31 1.68 2.19 2.48 3.29 1.75 3.43 2.92 2.85 1.68 3.36 2.48 2.56 2.04 1.31
1.17 1.24 1.53 1.53 1.61 1.97 1.02 0.00 3.21 3.58 0.00 0.00 3.07 3.21 4.23 2.92 3.21 2.56 2.56 1.97 1.53 1.24 1.53 1.68 1.61 1.83 1.97 1.31 0.44 0.00 0.00 0.00 0.00 0.00 0.00 0.00 0.00 0.00 0.00 0.00 0.00 0.00 0.00 0.00 0.00 0.00 0.00 0.00 0.00 0.00 0.07 0.15 0.00 0.00 0.00 0.00 0.22 0.00 0.37 0.29 0.00 0.58 1.10 1.02 1.17 0.37 0.15 0.22 0.22 0.66 1.68 3.21 2.85 3.65 2.70 4.16 4.96 3.72 4.02 3.94 3.07 3.36 0.00 0.00
1.83 1.97 2.12 2.77 2.19 1.46 2.26 3.43 0.00 3.94 3.07 2.99 2.99 2.63 3.50 2.56 2.77 2.70 2.70 3.14 2.92 3.07 2.85 0.00 0.00 1.90 1.90 1.90 0.22 0.00 0.00 0.00 0.00 0.00 0.00 0.00 0.00 0.00 0.00 0.00 0.00 0.00 0.44 0.44 0.00 0.00 0.00 0.00 0.00 0.58 0.44 0.07 0.00 0.00 0.00 0.00 0.73 0.00 0.00 0.58 0.00 0.82 1.20 0.66 0.73 0.37 1.17 1.46 1.46 1.53 2.70 5.26 3.65 3.65 4.02 3.80 3.80 4.96 3.72 4.02 4.09 3.72 0.00 0.00
1.97 3.29 2.77 3.29 2.92 2.48 2.41 3.36 2.56 2.41 2.41 3.14 2.99 2.99 2.12 2.19 0.00 3.80 3.80 3.80 4.23 4.23 0.00 0.00 2.12 1.97 1.68 1.83 1.53 0.00 0.00 0.00 0.00 0.00 0.00 0.00 0.00 0.00 0.00 0.00 0.00 1.39 0.95 0.95 0.95 0.00 0.73 0.51 0.00 0.22 0.07 0.73 0.22 0.29 0.80 1.97 1.02 0.88 0.44 0.80 0.00 0.00 0.00 0.00 0.00 0.29 1.24 1.53 1.53 2.26 7.23 6.50 7.45 2.34 2.34 0.00 0.37 0.00 0.80 2.19 3.72 3.36 0.00 0.00
2.56 2.63 3.72 2.85 2.70 2.41 2.63 2.70 2.34 1.46 1.68 2.99 2.99 3.07 2.63 0.00 0.00 0.00 0.00 0.00 3.65 3.80 0.00 0.00 0.00 1.97 0.00 1.61 0.00 0.00 0.00 0.00 0.00 0.00 2.41 0.00 0.00 0.00 0.00 3.21 1.68 1.39 1.68 1.68 0.58 0.88 1.02 0.22 1.24 0.66 0.88 0.80 0.66 0.51 0.73 1.83 0.73 0.07 0.88 0.00 0.00 0.00 0.00 0.00 0.00 0.95 2.92 3.21 3.21 2.63 4.67 6.42 2.85 2.56 0.37 0.00 0.00 0.00 0.44 0.00 3.72 3.36 0.00 0.00
2.85 2.19 3.58 3.50 3.07 2.41 2.34 2.12 0.66 0.95 0.80 2.34 3.50 3.14 3.29 3.07 0.00 0.00 0.00 0.00 3.65 4.02 3.50 0.00 0.00 0.00 0.00 0.00 0.00 0.00 0.00 0.00 2.99 2.12 0.00 2.70 0.00 0.00 0.00 2.63 0.00 1.97 1.90 1.90 1.39 1.39 1.46 1.39 0.58 0.58 1.17 1.10 1.31 1.02 1.02 1.24 1.24 0.44 0.00 0.00 0.00 0.00 0.44 1.31 2.95 6.49 4.82 3.21 3.21 2.04 1.46 2.92 2.19 0.95 0.88 0.73 0.00 0.00 0.00 3.21 0.00 0.00 0.00 0.00
2.19 2.34 2.85 3.43 3.29 1.46 1.39 0.95 0.58 0.73 1.68 2.99 2.48 2.99 0.00 2.63 0.00 0.00 0.00 3.14 2.99 0.00 0.00 0.00 0.00 0.00 0.00 0.00 0.00 0.00 0.00 0.00 3.07 3.14 2.77 0.00 0.00 0.00 0.00 0.00 0.00 0.00 0.95 0.95 1.53 1.68 2.04 1.46 1.53 1.02 1.39 1.75 1.10 1.68 2.41 0.66 0.58 1.83 0.00 0.00 0.00 0.00 0.89 3.14 7.19 8.20 5.99 3.36 3.36 2.56 1.17 1.46 1.53 1.02 0.73 0.80 2.34 2.41 0.00 2.90 3.65 0.00 0.00 0.00
2.04 1.97 2.34 2.34 1.97 1.53 0.95 0.44 0.37 0.29 0.00 1.68 0.00 0.00 0.00 0.00 0.00 0.00 0.00 0.00 2.77 0.00 0.00 0.00 0.00 0.00 0.00 0.00 0.00 0.00 0.00 0.00 0.00 1.97 0.00 0.00 0.00 0.00 0.00 0.00 0.00 0.00 0.00 0.00 0.00 1.24 1.10 0.80 0.88 0.66 0.73 2.04 2.56 2.56 3.58 2.56 1.17 3.58 1.39 0.00 0.00 0.37 3.54 6.06 4.31 5.48 6.70 4.76 4.61 3.23 1.83 1.10 1.46 0.95 1.39 1.39 2.26 2.70 2.90 3.29 3.20 3.07 0.00 0.00
1.75 1.83 2.48 1.83 1.46 1.61 0.95 0.66 1.02 0.22 0.44 0.95 0.66 0.00 0.00 0.00 0.00 0.00 0.00 0.00 0.00 0.00 0.00 0.00 0.00 0.00 0.00 0.00 0.00 0.00 0.00 0.00 0.00 0.00 1.53 0.00 0.00 0.00 0.00 0.00 0.00 0.00 0.00 0.00 0.00 0.29 0.00 0.95 1.10 0.51 0.51 1.17 2.48 3.50 4.38 4.31 3.36 9.13 7.45 0.07 1.90 1.17 1.12 3.04 1.44 3.43 3.94 1.61 1.61 1.24 1.03 2.56 2.70 1.46 2.05 1.97 1.31 1.83 2.86 3.45 3.63 3.21 4.95 0.00
1.68 1.61 1.90 1.31 1.10 0.88 1.17 1.02 0.51 1.02 0.88 0.66 0.80 0.00 0.00 0.00 0.00 0.00 0.00 0.00 0.00 0.00 0.00 0.00 0.00 0.00 0.00 0.00 0.00 0.00 0.00 0.00 0.00 0.00 0.00 0.00 0.00 0.00 0.00 0.00 0.00 0.00 0.00 0.00 0.00 0.22 0.00 0.00 0.22 0.51 0.88 1.31 1.46 3.72 7.74 7.08 16.28 15.62 16.64 2.99 3.91 1.83 0.62 0.78 2.72 2.14 2.70 1.17 1.17 0.69 1.32 3.75 4.62 3.19 5.43 4.57 3.36 3.63 4.29 4.17 3.87 4.82 5.34 5.75
1.83 1.46 1.24 0.88 1.17 1.17 1.02 0.37 0.00 1.10 0.95 0.00 0.00 0.95 0.00 0.37 0.66 0.15 0.15 1.90 1.24 1.53 0.00 0.00 0.00 0.00 0.00 0.00 0.00 0.00 0.00 0.00 0.00 0.00 0.00 0.00 0.00 0.00 0.00 0.00 0.00 0.00 0.00 0.00 0.00 0.00 0.00 0.44 1.02 1.17 1.61 1.61 2.41 7.45 10.51 13.65 20.29 19.86 19.35 13.07 8.69 3.49 1.04 0.38 2.56 1.95 1.39 0.44 0.44 0.96 1.13 3.48 4.59 5.21 6.45 6.90 6.64 4.22 2.59 2.86 4.13 5.01 7.25 6.68
1.10 0.66 1.17 0.58 0.73 1.31 1.02 0.95 0.00 0.44 1.39 0.00 0.00 0.00 0.95 0.95 0.58 0.22 0.22 1.02 0.00 0.51 0.00 0.00 0.00 0.00 0.00 0.00 0.00 0.00 0.00 0.00 0.00 0.00 0.00 0.00 0.00 0.00 0.00 0.00 0.00 0.00 0.00 0.00 0.22 0.22 0.44 1.24 1.53 1.83 3.21 3.94 9.61 9.93 12.31 15.19 16.63 19.71 16.43 9.64 6.94 4.92 2.38 0.00 0.63 1.94 0.39 0.15 0.15 0.70 0.74 2.03 4.68 6.32 5.79 6.79 5.21 3.86 3.67 2.45 2.61 4.16 6.55 6.78
1.10 0.22 0.00 0.73 1.24 1.02 1.97 1.24 0.80 0.66 1.10 0.00 0.00 0.00 0.00 0.00 0.66 0.00 0.00 0.00 0.29 0.00 0.00 0.00 0.00 0.00 0.00 0.00 0.00 0.00 0.00 0.00 0.00 0.00 0.00 0.00 0.00 0.00 0.00 0.00 0.00 0.00 0.00 0.00 0.00 1.46 1.61 1.24 1.17 8.18 7.52 6.28 13.07 13.76 13.23 14.90 13.95 17.26 12.15 4.72 4.48 2.57 0.71 0.00 0.16 0.85 0.15 0.22 0.22 0.59 1.14 0.89 3.73 4.73 4.92 3.96 4.47 4.63 3.67 2.78 2.01 7.87 6.99 6.38
1.10 0.00 0.00 0.58 1.02 1.97 2.12 1.31 1.68 0.66 0.37 0.66 0.00 0.00 0.66 0.00 0.00 0.00 0.00 0.00 0.00 0.00 0.00 0.00 0.00 0.00 0.80 0.22 1.10 0.00 0.00 0.00 0.00 0.00 0.00 0.00 0.00 0.00 0.00 0.00 0.00 8.10 3.87 3.87 4.23 4.38 0.88 4.82 11.02 12.70 10.95 11.53 15.26 14.82 14.00 9.49 9.13 7.34 6.98 8.02 1.26 0.84 1.73 0.54 0.00 0.16 0.68 0.89 0.88 0.96 0.78 1.89 1.81 4.60 3.58 2.64 2.89 4.52 2.12 2.34 3.99 6.17 8.13 6.41
1.17 0.00 0.00 0.00 0.51 1.39 1.68 1.46 1.90 1.68 0.15 0.80 0.00 1.53 1.10 0.29 0.00 0.00 0.00 0.00 0.00 0.00 0.00 0.00 0.15 0.00 0.73 1.24 0.15 0.66 0.80 0.00 0.00 0.00 1.46 0.00 0.00 0.00 0.00 0.00 15.18 14.45 11.53 11.53 10.22 8.54 4.23 10.22 16.35 15.95 13.40 13.41 16.59 15.40 12.13 9.17 7.59 10.59 6.21 3.13 2.20 1.61 3.52 1.97 1.48 0.63 0.44 0.98 0.95 0.58 0.37 1.97 1.67 3.92 4.62 3.65 2.22 2.18 2.98 2.01 3.13 4.95 5.92 3.74
1.39 0.66 0.58 1.75 1.39 0.00 0.80 0.73 0.80 1.31 1.39 0.58 0.37 1.24 0.95 0.15 0.88 0.95 0.95 0.22 0.00 0.66 0.00 0.95 0.66 1.83 1.61 0.80 0.66 1.24 1.02 0.22 0.00 0.73 0.88 1.24 2.12 0.00 0.00 1.61 7.81 10.07 5.77 5.77 9.49 13.36 15.18 16.79 13.94 13.36 17.23 14.60 14.26 13.67 10.21 10.99 12.63 11.56 13.41 12.77 11.08 8.25 9.03 6.40 3.58 2.27 2.00 0.97 0.96 1.24 0.00 0.76 3.99 5.03 7.11 8.03 6.66 3.05 1.59 0.95 0.00 2.27 3.95 3.10
2.41 1.75 1.61 2.19 2.41 1.61 0.73 0.15 0.95 1.61 1.17 1.10 0.73 1.61 0.73 1.10 1.75 0.80 0.80 1.31 1.46 0.80 1.02 0.44 1.75 0.51 0.37 0.44 0.00 0.66 1.53 0.95 0.00 0.00 0.37 0.58 2.19 1.97 2.04 2.70 1.61 5.69 2.77 2.77 5.62 9.93 12.99 15.18 10.39 13.16 14.30 11.54 11.80 11.70 12.73 12.53 12.21 12.00 10.53 12.14 13.49 14.45 13.68 7.75 2.99 1.90 2.13 2.63 2.59 1.68 0.29 0.64 0.97 5.50 12.04 9.71 7.01 4.19 1.37 0.00 0.00 0.00 2.46 3.65
1.97 2.19 1.83 2.41 2.56 2.41 1.31 1.02 0.95 1.46 1.24 0.80 1.24 1.31 1.83 1.39 1.75 1.68 1.68 0.73 1.17 1.61 1.10 0.58 0.44 0.00 0.00 0.73 0.00 0.58 0.88 0.00 0.00 0.00 0.00 1.97 0.37 0.00 0.00 0.51 0.00 1.10 3.36 3.36 5.69 5.91 8.32 6.56 9.49 11.95 13.59 13.95 12.89 11.81 11.24 13.74 7.75 8.52 7.71 9.19 11.70 12.59 11.10 8.83 3.65 2.91 3.20 1.47 1.63 0.56 1.19 0.88 5.52 9.26 10.78 9.81 4.96 3.29 0.96 0.00 0.00 1.76 2.40 3.52
0.00 1.75 1.61 1.46 0.00 1.39 2.19 1.47 0.22 0.44 0.15 1.02 1.17 0.88 1.39 2.34 1.61 1.61 1.61 1.31 0.73 1.53 1.39 1.61 0.66 0.22 0.00 0.44 0.00 0.73 0.44 0.00 0.00 0.00 0.00 0.88 0.00 0.00 0.00 0.00 0.00 0.00 1.02 1.02 2.34 4.23 4.45 6.75 9.05 11.82 12.65 14.97 15.29 13.63 9.23 7.30 5.64 5.24 4.48 10.74 9.45 10.73 9.83 7.74 6.06 3.94 3.21 2.83 2.72 1.33 0.55 0.94 2.62 5.23 7.57 7.79 2.22 0.69 0.23 0.00 0.00 3.24 6.34 5.10
0.00 0.00 0.00 1.46 0.00 0.00 1.31 1.24 0.66 0.00 0.15 0.88 0.73 0.95 1.90 0.66 1.10 1.46 1.46 1.39 0.95 1.31 0.73 0.15 0.29 0.00 0.00 0.29 0.29 0.00 0.37 0.29 0.00 0.00 0.00 0.00 0.00 0.00 0.00 0.00 0.00 0.00 0.15 0.15 0.00 1.39 4.02 6.50 8.32 10.44 12.45 12.92 11.79 7.21 7.63 7.35 5.00 6.03 8.60 8.85 6.66 7.34 8.00 9.92 8.66 7.38 4.84 5.03 5.06 1.88 1.62 0.65 0.71 2.14 3.11 2.32 1.42 0.95 0.00 0.00 1.56 4.00 6.85 7.46
0.00 0.00 0.00 0.00 0.00 1.53 1.53 0.73 0.51 1.31 2.04 0.80 0.37 0.00 0.37 1.02 0.66 0.58 0.58 0.44 1.10 0.07 0.00 0.00 0.00 0.00 0.00 0.00 0.00 0.00 0.58 0.00 0.00 0.00 0.00 0.00 0.00 0.00 0.00 0.00 0.00 0.00 0.00 0.00 0.59 2.34 1.69 4.16 5.85 9.11 11.61 11.71 13.34 8.32 5.65 7.08 5.61 0.00 6.42 7.73 8.99 7.57 7.66 9.03 11.01 10.70 7.82 7.22 8.45 2.86 3.65 2.01 0.09 0.00 1.23 0.25 1.54 0.22 0.00 0.00 1.22 7.38 6.73 4.89
0.00 0.00 0.00 0.00 0.00 0.95 1.24 0.15 1.02 1.61 1.90 1.61 1.39 1.90 0.66 1.31 1.61 0.22 0.22 0.00 0.29 0.22 0.00 0.00 0.00 0.00 0.00 0.00 0.00 0.00 0.00 0.00 0.00 0.00 0.00 0.00 0.00 0.00 0.00 0.00 0.00 0.00 0.00 0.00 0.00 0.29 0.22 0.76 6.29 5.89 8.14 9.82 8.60 8.65 8.72 8.84 0.00 0.00 0.00 8.52 7.83 8.66 8.54 11.49 11.68 12.94 9.95 9.60 10.74 8.01 1.20 1.60 1.23 0.71 0.00 0.00 0.17 0.22 0.00 0.00 1.24 6.42 8.32 7.63
0.00 0.00 0.00 0.00 0.00 0.00 0.00 1.90 1.68 1.97 2.48 2.92 2.56 4.16 3.21 2.52 1.84 2.19 2.19 0.00 0.00 0.29 0.00 0.07 0.00 0.00 0.00 0.00 0.00 0.00 0.00 0.00 0.00 0.00 0.00 0.00 0.00 0.00 0.00 0.00 0.00 0.00 0.00 0.00 0.00 0.00 0.00 1.57 3.36 8.03 9.31 10.12 10.31 8.15 5.82 0.00 0.00 0.00 0.00 0.00 0.00 8.78 9.09 11.05 12.44 12.25 15.73 8.33 8.51 9.33 5.78 2.97 2.29 0.00 0.00 0.00 0.00 0.38 0.00 0.00 0.00 0.00 5.34 5.92
0.00 0.00 0.00 0.00 0.00 0.00 0.00 0.00 0.88 1.31 1.68 2.92 3.21 3.58 3.50 4.77 3.36 3.15 2.94 2.77 1.90 0.22 0.88 0.00 0.15 0.80 0.00 0.00 0.00 0.00 0.00 0.00 0.00 0.00 0.00 0.15 0.00 0.00 0.00 0.00 2.19 0.00 0.66 0.66 0.00 0.00 0.00 0.46 4.53 7.78 10.80 12.02 0.00 0.00 0.00 0.00 0.00 0.00 0.00 0.00 0.00 0.00 8.76 8.08 11.87 15.24 13.52 11.40 13.93 10.65 6.09 2.54 0.00 0.00 0.00 0.00 0.00 0.00 0.00 0.00 0.00 0.00 0.00 3.49
0.00 0.00 0.00 0.00 0.00 0.00 0.00 0.00 0.00 0.00 0.00 0.00 0.00 0.00 0.00 0.00 0.00 3.75 3.81 6.06 3.65 4.53 3.36 4.09 6.13 3.14 4.02 3.87 1.24 0.00 0.00 3.14 2.12 0.58 0.00 7.23 5.11 8.54 6.50 5.06 6.02 5.90 0.00 0.00 0.37 3.65 2.77 1.83 3.10 0.00 0.00 0.00 0.00 0.00 0.00 0.00 0.00 0.00 0.00 0.00 0.00 0.00 0.00 0.00 0.00 12.79 7.56 7.85 8.78 0.00 0.00 0.00 0.00 0.00 0.00 0.00 0.00 0.00 0.00 0.00 0.00 0.00 0.00 0.00
0.00 0.00 0.00 0.00 0.00 0.00 0.00 0.00 0.00 0.00 0.00 0.00 0.00 0.00 0.00 0.00 0.00 0.00 0.00 0.00 6.70 0.00 4.23 4.45 7.59 5.98 4.42 4.89 4.82 0.00 6.64 5.99 4.45 1.75 6.72 6.86 9.49 7.81 8.47 8.10 6.29 7.09 3.65 4.08 4.96 6.50 5.18 5.39 0.00 0.00 0.00 0.00 0.00 0.00 0.00 0.00 0.00 0.00 0.00 0.00 0.00 0.00 0.00 0.00 0.00 9.83 0.00 0.00 0.00 0.00 0.00 0.00 0.00 0.00 0.00 0.00 0.00 0.00 0.00 0.00 0.00 0.00 0.00 0.00
0.00 0.00 0.00 0.00 0.00 0.00 0.00 0.00 0.00 0.00 0.00 0.00 0.00 0.00 0.00 0.00 0.00 0.00 0.00 0.00 0.00 0.00 0.00 6.42 2.26 3.82 2.23 5.26 6.13 3.29 4.45 4.09 4.45 3.94 3.36 5.90 6.79 3.72 4.82 6.50 0.00 0.00 6.13 7.78 8.64 5.46 5.35 3.93 0.00 0.00 0.00 0.00 0.00 0.00 0.00 0.00 0.00 0.00 0.00 0.00 0.00 0.00 0.00 0.00 0.00 0.00 0.00 0.00 0.00 0.00 0.00 0.00 0.00 0.00 0.00 0.00 0.00 0.00 0.00 0.00 0.00 0.00 0.00 0.00
0.00 0.00 0.00 0.00 0.00 0.00 0.00 0.00 0.00 0.00 0.00 0.00 0.00 0.00 0.00 0.00 0.00 0.00 0.00 0.00 0.00 0.00 0.00 0.00 0.00 2.70 0.00 0.00 3.58 4.67 0.00 0.00 3.51 3.72 0.00 0.00 3.80 0.00 0.00 0.00 0.00 2.77 0.00 0.00 5.17 0.00 0.00 0.00 0.00 0.00 0.00 0.00 0.00 0.00 0.00 0.00 0.00 0.00 0.00 0.00 0.00 0.00 0.00 0.00 0.00 0.00 0.00 0.00 0.00 0.00 0.00 0.00 0.00 0.00 0.00 0.00 0.00 0.00 0.00 0.00 0.00 0.00 0.00 0.00
