Wansh/Snow_depth/snowdepth-1994/winter/1995051.txt
ncols 321
nrows 161
xllcenter 60
yllcenter 15 
cellsize  0.25 
NODATA_value -1
[rows 0 to 36 of 161, columns 0 to 83 of 321]
15.33 15.33 22.92 17.81 17.81 19.56 19.56 27.52 28.40 29.93 29.93 30.00 29.49 26.65 26.65 26.65 26.50 26.43 27.16 26.94 27.16 25.19 23.51 23.21 23.43 23.87 23.87 23.51 23.51 22.85 26.13 26.21 25.92 25.33 25.19 25.19 24.89 25.70 25.99 25.26 27.16 27.38 25.62 24.75 25.48 23.80 23.43 23.65 20.81 17.01 17.96 17.96 12.19 13.65 11.17 17.45 15.62 22.27 24.53 24.67 23.58 23.94 20.66 17.89 23.14 22.56 21.17 21.53 18.54 19.13 14.45 11.97 12.34 12.48 13.87 16.64 16.64 15.40 16.06 14.75 15.84 15.18 15.62 19.35
23.29 23.29 18.47 26.86 26.94 28.69 29.42 29.86 29.86 30.51 31.61 30.08 30.59 28.11 28.11 27.81 27.96 27.96 28.25 27.16 26.13 26.35 24.60 23.87 23.65 24.09 24.09 25.04 26.35 25.92 26.35 25.70 24.45 24.67 24.53 25.40 25.26 26.79 27.16 27.16 27.89 26.21 26.65 26.13 22.85 22.70 21.97 19.71 20.22 15.48 10.88 10.88 12.70 7.37 10.15 13.87 19.93 19.05 18.54 15.04 16.13 17.30 14.09 14.67 14.31 12.99 15.48 14.89 17.67 12.70 10.00 10.37 11.39 10.80 13.36 16.13 16.13 15.62 16.21 17.16 16.72 18.76 19.49 19.20
26.35 26.35 25.84 27.16 26.72 29.13 30.15 31.90 32.27 32.19 31.76 30.66 28.91 29.57 27.81 28.18 27.45 28.62 26.35 25.99 25.84 25.48 25.62 24.75 24.60 24.75 24.75 24.75 23.51 24.97 24.60 24.89 23.58 23.94 23.73 25.55 24.97 24.67 25.92 24.89 24.67 25.99 23.07 23.00 22.19 18.98 19.05 16.72 14.31 15.77 7.08 7.08 1.90 5.04 6.50 8.69 6.94 14.16 14.60 11.83 8.61 8.98 8.47 11.24 10.95 14.16 14.24 14.45 11.75 12.56 10.66 13.72 13.21 16.06 18.76 18.18 18.18 19.20 20.00 20.29 20.29 20.15 20.08 20.08
26.35 26.35 25.84 27.16 26.72 29.13 30.15 31.90 32.27 32.19 31.76 30.66 28.91 29.57 27.81 28.18 27.45 28.62 26.35 25.99 25.84 25.48 25.62 24.75 24.60 24.75 24.75 24.75 23.51 24.97 24.60 24.89 23.58 23.94 23.73 25.55 24.97 24.67 25.92 24.89 24.67 25.99 23.07 23.00 22.19 18.98 19.05 16.72 14.31 15.77 7.08 7.08 1.90 5.04 6.50 8.69 6.94 14.16 14.60 11.83 8.61 8.98 8.47 11.24 10.95 14.16 14.24 14.45 11.75 12.56 10.66 13.72 13.21 16.06 18.76 18.18 18.18 19.20 20.00 20.29 20.29 20.15 20.08 20.08
26.50 26.50 26.50 27.96 29.64 30.88 30.59 32.49 32.56 31.90 30.51 30.88 29.27 28.18 25.55 24.53 24.60 24.24 24.38 24.67 22.41 22.70 23.21 22.78 24.02 23.00 23.00 23.00 22.92 23.80 22.05 22.70 22.63 23.14 24.31 23.87 24.02 23.29 23.94 24.24 23.29 21.10 22.19 19.35 17.74 18.32 14.97 12.05 12.85 6.57 1.24 1.24 2.19 0.29 0.22 4.16 4.16 4.02 3.87 4.16 6.64 8.40 12.26 11.46 15.18 14.89 16.13 14.67 13.94 12.78 15.99 14.89 17.23 19.86 18.98 20.73 20.73 20.73 20.44 20.95 21.61 20.29 19.42 19.56
26.13 26.13 26.86 28.25 29.64 30.81 31.24 31.61 31.76 31.68 30.22 30.15 28.25 28.32 27.08 24.16 21.53 20.08 20.59 21.17 21.02 22.19 21.39 23.51 22.78 23.21 23.21 21.97 21.75 21.68 21.75 23.00 23.14 22.92 23.80 24.09 24.09 23.21 23.43 23.43 23.43 21.39 19.27 19.05 18.47 15.84 16.79 11.75 8.40 9.93 6.50 6.50 1.24 1.31 3.43 2.92 2.48 4.09 4.09 3.80 7.23 5.77 13.51 16.79 15.99 16.57 15.26 15.55 14.53 14.89 14.60 16.72 18.40 18.03 19.49 20.51 20.51 21.24 22.05 22.34 22.27 21.24 20.81 21.02
26.86 26.86 26.43 28.18 27.67 28.11 30.22 31.17 31.32 30.59 30.44 29.57 26.79 22.85 22.27 20.51 20.95 20.29 20.00 16.79 19.05 20.44 20.37 21.46 21.90 22.34 22.34 22.05 22.27 22.63 23.36 23.21 22.92 22.85 22.78 23.43 22.27 22.70 23.00 23.73 19.93 22.34 18.10 17.16 18.76 16.28 13.43 14.31 10.95 9.56 10.15 10.15 7.74 8.10 4.16 8.47 8.76 9.86 8.54 5.62 6.42 12.78 11.61 15.18 14.89 15.04 14.38 13.51 14.31 12.63 13.72 13.87 16.86 17.52 17.16 19.27 19.27 17.08 15.84 20.66 18.25 20.29 20.22 20.15
26.86 26.86 26.43 28.18 27.67 28.11 30.22 31.17 31.32 30.59 30.44 29.57 26.79 22.85 22.27 20.51 20.95 20.29 20.00 16.79 19.05 20.44 20.37 21.46 21.90 22.34 22.34 22.05 22.27 22.63 23.36 23.21 22.92 22.85 22.78 23.43 22.27 22.70 23.00 23.73 19.93 22.34 18.10 17.16 18.76 16.28 13.43 14.31 10.95 9.56 10.15 10.15 7.74 8.10 4.16 8.47 8.76 9.86 8.54 5.62 6.42 12.78 11.61 15.18 14.89 15.04 14.38 13.51 14.31 12.63 13.72 13.87 16.86 17.52 17.16 19.27 19.27 17.08 15.84 20.66 18.25 20.29 20.22 20.15
23.21 23.21 25.26 25.48 25.48 26.65 27.59 25.33 28.25 29.05 29.78 26.57 24.82 22.63 21.24 19.35 14.89 13.65 13.94 15.26 17.16 20.37 21.83 22.78 22.48 21.68 21.68 21.53 21.68 22.48 22.85 22.34 22.63 21.83 20.81 21.32 21.46 22.05 22.78 23.43 19.20 16.35 17.01 16.94 17.23 17.45 14.75 14.24 14.45 14.24 11.24 11.24 11.75 11.68 13.07 10.37 11.90 10.07 10.95 9.71 13.43 12.99 13.72 12.85 13.87 13.43 13.87 13.65 13.29 12.78 12.41 14.82 15.26 15.18 14.82 15.48 15.48 15.33 13.14 13.72 12.70 17.59 19.20 17.37
21.90 21.90 21.83 19.64 22.05 21.75 21.68 23.21 25.55 21.90 23.80 23.51 24.82 23.43 18.47 16.13 13.29 12.85 13.07 16.43 15.77 18.98 20.81 20.59 20.95 21.10 21.10 21.97 22.27 22.48 22.27 22.70 21.90 22.19 19.49 20.59 21.68 21.39 22.41 21.90 21.24 18.83 18.10 17.23 18.10 17.45 17.74 14.75 14.45 14.60 14.82 14.82 13.72 14.09 13.07 12.70 12.85 11.10 10.66 10.51 13.65 13.87 14.31 12.92 13.29 12.99 13.80 14.16 14.75 11.97 10.37 12.70 13.80 12.56 13.07 14.60 14.60 13.80 13.65 12.99 12.56 15.91 17.45 17.30
18.69 18.69 18.61 18.91 19.78 20.08 19.27 19.05 19.20 20.22 17.59 21.02 17.45 16.06 16.43 14.89 12.05 11.83 12.19 17.30 18.98 20.15 20.08 20.44 22.12 22.56 22.56 22.48 22.56 23.43 23.21 23.14 22.27 20.15 20.66 20.66 21.32 21.97 21.68 20.81 19.42 20.15 17.81 19.78 18.32 18.47 17.37 16.50 15.04 15.26 14.67 14.67 14.97 14.53 13.51 12.63 11.24 10.95 11.10 12.26 12.48 13.80 12.70 12.85 13.14 13.21 13.14 12.99 12.05 9.49 9.86 10.29 12.19 11.68 12.70 12.99 12.99 12.70 13.87 14.45 17.08 17.59 17.45 16.43
18.69 18.69 18.61 18.91 19.78 20.08 19.27 19.05 19.20 20.22 17.59 21.02 17.45 16.06 16.43 14.89 12.05 11.83 12.19 17.30 18.98 20.15 20.08 20.44 22.12 22.56 22.56 22.48 22.56 23.43 23.21 23.14 22.27 20.15 20.66 20.66 21.32 21.97 21.68 20.81 19.42 20.15 17.81 19.78 18.32 18.47 17.37 16.50 15.04 15.26 14.67 14.67 14.97 14.53 13.51 12.63 11.24 10.95 11.10 12.26 12.48 13.80 12.70 12.85 13.14 13.21 13.14 12.99 12.05 9.49 9.86 10.29 12.19 11.68 12.70 12.99 12.99 12.70 13.87 14.45 17.08 17.59 17.45 16.43
18.98 18.98 18.61 19.27 19.64 19.64 19.05 18.03 16.13 16.43 16.35 18.10 17.59 16.86 14.53 13.43 12.85 13.72 16.94 16.43 18.69 19.78 21.53 21.83 21.83 22.56 22.56 22.19 23.00 23.43 21.90 18.54 18.54 19.56 17.45 20.81 20.44 19.71 19.27 20.15 16.28 17.08 20.00 19.86 19.27 18.54 18.76 17.30 15.11 15.99 14.60 14.60 14.82 14.75 14.24 12.26 12.26 11.02 12.34 12.19 12.12 9.71 9.78 7.30 9.20 12.56 10.73 11.24 10.88 9.71 9.13 9.42 9.42 11.83 12.85 12.26 12.26 12.19 15.04 18.18 17.89 18.54 16.13 13.21
18.61 18.61 17.74 17.89 17.52 16.86 16.79 16.94 15.99 15.70 16.43 18.03 16.94 17.23 15.18 14.31 16.79 17.67 17.74 17.89 20.37 20.08 21.32 21.32 20.81 20.73 20.73 21.39 21.10 17.89 18.10 15.91 16.28 17.30 16.72 18.69 18.40 19.27 13.58 13.72 16.50 15.40 18.25 18.91 18.83 18.25 16.35 17.81 14.24 12.78 12.99 12.99 14.24 13.43 13.94 12.12 12.05 12.05 10.29 8.32 10.51 7.23 4.67 4.67 6.79 9.20 11.10 10.73 11.68 9.34 9.93 8.76 10.95 10.07 12.99 13.87 13.87 14.02 13.72 14.89 14.67 14.45 12.70 13.07
18.98 18.98 17.16 16.50 16.21 15.77 15.62 15.84 16.35 16.21 16.43 17.23 16.64 16.57 17.45 17.37 18.18 19.27 22.19 20.51 19.93 20.00 20.37 19.71 20.22 19.20 19.20 18.69 18.83 15.99 14.60 14.82 15.55 15.91 17.89 17.96 15.84 13.07 14.24 12.12 16.57 17.59 17.52 16.28 17.37 17.89 15.33 14.02 14.82 12.99 12.78 12.78 12.63 12.56 10.80 11.53 11.17 9.42 10.07 7.88 6.13 5.11 5.18 4.31 4.67 6.50 7.08 9.71 11.02 10.15 9.42 9.42 8.69 12.48 16.43 18.10 18.10 17.45 15.40 13.94 13.80 13.21 13.14 13.14
17.59 17.59 16.72 16.35 16.43 15.62 16.13 16.35 17.81 19.20 18.47 18.03 16.72 16.57 17.23 21.68 22.78 23.58 23.51 22.48 21.02 20.29 19.86 19.93 19.49 19.64 19.64 18.18 16.94 17.89 15.55 14.38 15.11 15.48 13.72 14.89 15.26 14.09 13.94 17.74 17.01 17.37 15.26 15.62 14.38 15.11 15.11 13.72 11.75 12.12 12.63 12.63 12.78 12.99 11.17 7.88 5.91 7.88 6.94 6.64 6.35 5.99 3.72 3.87 3.21 5.04 9.05 8.40 10.07 9.42 9.42 10.00 12.70 16.50 15.48 17.23 17.23 16.64 15.77 13.43 14.09 13.65 12.12 11.90
17.59 17.59 16.72 16.35 16.43 15.62 16.13 16.35 17.81 19.20 18.47 18.03 16.72 16.57 17.23 21.68 22.78 23.58 23.51 22.48 21.02 20.29 19.86 19.93 19.49 19.64 19.64 18.18 16.94 17.89 15.55 14.38 15.11 15.48 13.72 14.89 15.26 14.09 13.94 17.74 17.01 17.37 15.26 15.62 14.38 15.11 15.11 13.72 11.75 12.12 12.63 12.63 12.78 12.99 11.17 7.88 5.91 7.88 6.94 6.64 6.35 5.99 3.72 3.87 3.21 5.04 9.05 8.40 10.07 9.42 9.42 10.00 12.70 16.50 15.48 17.23 17.23 16.64 15.77 13.43 14.09 13.65 12.12 11.90
19.64 19.64 17.67 17.74 16.50 17.08 16.86 17.52 20.66 18.98 20.51 18.76 17.52 17.01 19.86 22.56 24.02 23.21 21.02 20.08 20.29 19.71 19.78 19.56 19.56 20.08 20.08 20.15 18.69 15.91 17.01 13.94 11.02 12.48 12.48 9.78 12.56 11.90 12.48 17.45 14.89 14.60 14.60 14.38 14.31 14.82 13.94 13.58 12.34 12.92 12.99 12.99 13.21 11.10 7.52 8.47 5.62 7.01 6.42 7.66 8.18 7.30 6.28 8.03 4.02 2.26 6.79 9.64 9.42 9.71 8.18 11.02 13.87 13.29 15.48 15.62 15.62 15.48 14.82 12.85 11.61 11.61 12.41 12.63
20.44 20.44 19.27 19.13 19.20 19.64 20.29 20.51 20.59 19.27 20.22 19.49 19.56 20.95 20.66 21.83 22.63 21.75 20.08 19.13 18.54 18.40 18.98 18.69 17.59 18.54 18.54 18.83 17.01 15.33 11.75 13.94 10.73 9.64 6.50 6.57 7.96 10.66 8.98 10.95 13.07 14.09 13.87 15.33 15.77 16.13 14.97 16.06 14.24 14.31 14.02 14.02 12.78 13.58 10.29 7.30 7.37 7.81 8.76 8.54 9.05 10.59 10.73 11.17 6.64 5.69 4.16 4.16 5.91 7.23 6.86 8.76 12.05 14.31 13.58 14.82 14.82 14.02 13.87 12.26 12.78 10.88 10.59 12.34
20.51 20.51 20.44 19.86 19.71 20.00 20.44 20.44 21.61 20.37 22.34 22.48 21.97 23.94 22.92 21.53 21.83 21.90 20.00 16.79 16.72 13.36 14.75 14.16 16.28 15.48 15.48 14.82 14.97 14.82 11.10 9.42 10.07 8.32 5.33 5.77 5.55 8.69 10.51 10.07 12.48 14.45 17.23 16.57 18.03 16.06 16.28 16.79 16.86 16.28 15.48 15.48 13.51 11.10 11.46 11.10 11.02 12.34 11.83 12.05 12.70 12.34 14.16 12.26 12.92 9.56 5.77 5.55 5.48 5.99 7.59 7.37 8.18 7.88 12.48 14.24 14.24 14.45 14.31 14.38 14.02 11.61 10.95 10.22
17.52 17.52 15.84 18.61 18.03 20.15 20.37 21.61 23.00 20.81 21.53 24.75 24.24 22.41 21.10 19.27 19.35 17.96 16.13 16.94 15.04 14.24 15.26 17.23 15.62 15.99 15.99 15.26 14.45 15.26 12.12 10.51 8.83 8.61 9.13 7.59 9.42 10.00 10.22 12.41 12.48 12.41 15.33 17.59 16.86 19.20 17.45 16.79 16.86 15.84 14.02 14.02 14.24 12.12 11.61 11.46 11.39 12.26 13.87 13.36 14.67 14.16 13.36 13.29 13.14 11.61 10.73 10.51 8.98 7.96 7.88 8.03 8.40 10.44 10.07 11.75 11.75 11.10 13.72 14.38 13.14 12.56 12.34 10.66
13.65 13.65 14.75 17.01 17.45 19.56 21.39 21.10 21.17 22.19 21.32 21.39 21.39 21.75 20.44 21.90 21.32 18.47 18.40 15.84 15.18 14.60 17.96 17.59 16.35 17.67 17.67 17.30 15.77 14.24 11.75 11.53 13.07 10.15 9.05 9.56 9.93 9.93 9.49 10.95 11.32 13.58 14.09 16.86 18.32 18.18 17.08 15.70 14.67 14.97 13.07 13.07 13.36 13.21 12.92 13.51 13.72 12.12 13.58 13.72 13.51 13.43 12.92 13.21 12.92 13.21 11.53 10.15 10.73 8.18 7.52 8.03 8.47 8.47 8.83 9.93 9.93 9.13 11.02 12.05 11.46 12.99 13.14 10.51
13.65 13.65 14.75 17.01 17.45 19.56 21.39 21.10 21.17 22.19 21.32 21.39 21.39 21.75 20.44 21.90 21.32 18.47 18.40 15.84 15.18 14.60 17.96 17.59 16.35 17.67 17.67 17.30 15.77 14.24 11.75 11.53 13.07 10.15 9.05 9.56 9.93 9.93 9.49 10.95 11.32 13.58 14.09 16.86 18.32 18.18 17.08 15.70 14.67 14.97 13.07 13.07 13.36 13.21 12.92 13.51 13.72 12.12 13.58 13.72 13.51 13.43 12.92 13.21 12.92 13.21 11.53 10.15 10.73 8.18 7.52 8.03 8.47 8.47 8.83 9.93 9.93 9.13 11.02 12.05 11.46 12.99 13.14 10.51
13.36 13.36 13.94 15.04 16.43 18.18 18.47 20.08 21.90 20.00 19.42 19.86 21.24 23.07 23.73 23.51 22.63 19.27 18.83 16.57 18.10 19.20 18.69 18.76 19.42 16.57 16.57 16.50 16.35 15.55 15.04 13.72 14.45 12.05 8.54 5.99 8.03 7.96 8.69 8.40 10.44 13.14 15.48 14.45 17.16 16.13 14.82 15.33 14.45 12.85 12.19 12.19 12.78 13.51 13.21 12.99 14.38 14.53 13.58 13.51 12.92 13.29 12.19 12.85 14.75 15.33 15.55 15.70 13.80 10.88 8.83 8.98 9.05 7.74 9.49 7.59 7.59 7.23 8.32 10.29 12.05 13.29 14.24 11.83
17.08 17.08 16.35 16.72 16.72 18.40 18.25 19.78 19.86 20.37 19.56 21.46 20.81 21.90 21.53 18.61 19.64 19.42 19.42 18.25 18.91 18.54 18.69 20.15 20.22 18.03 18.03 17.23 17.08 16.79 16.13 13.21 9.71 10.29 7.37 4.74 5.84 6.72 7.88 12.63 13.07 12.34 15.70 18.91 18.03 17.74 17.45 16.13 16.35 15.99 14.82 14.82 13.07 14.16 12.92 14.16 13.43 16.13 15.48 15.04 15.11 14.82 16.21 17.67 16.28 16.43 16.94 15.84 16.57 13.94 10.51 13.94 13.80 14.60 12.99 10.73 10.73 11.24 9.56 12.05 12.34 14.82 14.09 15.04
18.47 18.47 18.61 19.49 18.83 18.98 18.69 21.90 23.58 23.00 23.29 22.41 21.24 20.73 19.93 19.05 19.71 21.68 20.73 18.10 19.05 14.89 17.52 19.05 18.61 18.61 18.61 17.89 15.48 15.55 15.99 13.87 8.98 6.86 5.33 5.55 7.88 13.65 14.60 13.51 16.86 18.47 15.55 18.98 21.46 21.10 19.86 19.56 18.54 18.98 16.72 16.72 15.55 15.84 15.84 17.08 19.35 18.25 18.18 17.67 17.89 17.89 17.74 18.98 19.05 19.86 18.91 19.20 18.03 16.72 14.31 14.60 14.97 15.84 18.98 15.26 15.26 10.22 11.61 10.88 10.95 12.78 14.82 16.21
20.66 20.66 21.02 20.15 19.42 22.19 25.04 23.51 26.86 24.97 22.63 22.12 20.22 19.05 19.64 19.13 19.42 20.29 17.45 12.78 13.65 13.07 15.91 16.21 16.72 15.48 15.48 16.21 15.91 15.33 13.87 11.75 11.75 8.47 14.31 11.83 10.66 16.94 19.64 18.98 18.54 19.64 20.37 20.51 21.68 20.66 17.59 18.18 19.42 16.50 14.89 14.89 15.26 14.38 16.79 20.08 19.49 20.81 20.73 19.71 20.08 19.35 20.37 21.02 21.24 20.00 18.91 17.81 17.89 17.37 17.74 18.40 17.96 19.35 18.98 19.93 19.93 22.05 17.59 12.99 12.78 12.48 17.01 17.81
21.61 21.61 21.90 20.88 21.46 22.19 26.72 25.33 28.91 25.84 25.70 23.21 22.12 20.08 21.17 19.56 19.86 18.61 14.60 13.36 14.45 13.65 15.04 14.60 15.84 16.13 16.13 16.79 16.72 17.45 15.18 12.34 15.62 11.10 16.28 20.22 19.78 19.20 20.22 20.44 19.35 19.35 19.27 19.56 19.86 20.51 15.91 15.04 14.82 14.97 13.72 13.72 11.90 12.41 13.07 18.69 20.00 20.00 20.22 19.27 18.98 18.69 19.13 20.08 18.40 18.76 17.74 16.50 16.94 19.20 19.86 19.86 18.98 18.61 20.15 23.00 23.00 21.61 23.65 17.52 19.27 17.37 19.49 19.49
21.61 21.61 21.90 20.88 21.46 22.19 26.72 25.33 28.91 25.84 25.70 23.21 22.12 20.08 21.17 19.56 19.86 18.61 14.60 13.36 14.45 13.65 15.04 14.60 15.84 16.13 16.13 16.79 16.72 17.45 15.18 12.34 15.62 11.10 16.28 20.22 19.78 19.20 20.22 20.44 19.35 19.35 19.27 19.56 19.86 20.51 15.91 15.04 14.82 14.97 13.72 13.72 11.90 12.41 13.07 18.69 20.00 20.00 20.22 19.27 18.98 18.69 19.13 20.08 18.40 18.76 17.74 16.50 16.94 19.20 19.86 19.86 18.98 18.61 20.15 23.00 23.00 21.61 23.65 17.52 19.27 17.37 19.49 19.49
21.61 21.61 22.05 21.46 22.92 22.41 23.73 25.99 27.23 27.38 27.59 27.38 24.75 24.31 20.88 18.91 12.56 13.07 12.70 13.14 11.39 13.51 14.02 14.67 14.38 15.99 15.99 16.79 16.57 16.79 16.64 14.38 17.23 19.56 18.47 19.20 17.45 19.64 19.64 15.55 17.96 19.05 18.76 19.42 19.56 15.33 16.35 14.45 15.18 15.33 15.77 15.77 14.16 14.82 15.84 15.84 17.89 17.59 13.51 17.30 18.69 19.49 17.16 15.84 15.62 18.32 18.76 16.64 16.79 17.52 18.91 18.25 17.59 19.71 19.20 21.97 21.97 24.82 25.04 20.44 21.10 18.18 18.03 18.54
22.27 22.27 21.90 22.34 22.85 23.36 25.70 27.01 28.69 28.25 25.99 22.41 18.91 19.64 18.47 9.78 8.54 10.15 8.18 10.95 9.93 13.07 13.21 14.09 14.60 16.13 16.13 15.91 16.43 17.96 17.37 17.59 17.52 12.85 16.50 14.02 12.92 15.33 10.66 9.34 7.59 10.15 19.05 19.35 20.00 16.43 16.21 14.89 16.72 17.37 17.08 17.08 17.01 17.52 16.43 13.94 11.32 11.83 9.78 12.05 15.55 14.97 17.08 16.35 17.96 19.56 19.35 19.86 17.59 17.37 16.13 16.94 17.23 15.48 16.57 18.32 18.32 16.43 20.08 21.17 19.13 18.69 17.74 17.89
24.02 24.02 22.56 23.00 22.63 23.21 24.75 25.62 26.21 18.54 18.61 16.06 12.05 4.16 5.69 5.33 7.23 7.96 7.30 9.78 10.37 13.36 12.56 14.60 14.75 15.18 15.18 17.96 16.94 17.37 12.85 14.31 9.13 8.03 5.04 8.25 4.89 4.38 5.69 4.67 5.91 4.53 7.23 17.01 16.50 17.30 15.62 18.91 19.56 19.93 18.76 18.76 19.86 17.52 18.54 13.87 10.00 8.47 9.13 8.25 13.07 15.40 14.89 15.55 17.08 16.64 16.57 15.11 16.13 16.35 15.99 14.38 13.65 14.31 11.24 14.53 14.53 16.35 14.97 17.59 16.35 17.59 19.35 18.91
19.86 19.86 21.02 21.24 22.05 17.96 22.34 15.84 14.38 14.60 12.99 8.98 4.53 2.26 2.70 1.46 3.58 5.26 5.69 4.45 9.20 12.26 13.43 15.40 15.33 13.14 13.14 17.16 11.68 9.34 11.02 2.41 4.23 2.41 1.90 4.23 2.26 1.46 1.46 2.56 2.34 5.33 4.67 8.32 14.89 14.67 15.18 16.64 19.49 18.18 19.78 19.78 19.05 18.98 12.99 12.99 8.18 7.96 7.15 6.86 8.69 11.61 14.75 17.01 16.13 14.02 14.16 13.58 14.75 12.34 13.14 12.41 7.66 6.06 7.37 9.64 9.64 13.65 12.70 15.18 14.38 16.06 18.18 15.77
16.21 16.21 14.97 10.15 14.02 16.64 18.10 18.69 11.17 11.75 10.88 9.27 6.57 2.70 2.34 1.75 2.19 1.10 2.99 5.26 5.48 4.74 10.15 2.48 7.37 5.99 5.99 13.51 8.40 2.48 1.10 0.95 1.10 0.44 0.00 0.00 0.73 0.51 0.22 1.17 1.61 4.89 7.88 8.10 8.32 7.59 15.04 18.83 18.47 18.61 19.86 19.86 19.49 20.37 16.13 12.12 10.00 7.37 8.03 7.88 11.39 15.55 17.01 16.86 16.86 13.58 13.51 11.10 11.24 10.95 11.17 7.37 7.15 6.50 6.42 7.74 7.74 10.07 11.68 13.72 14.53 14.45 15.55 13.51
13.07 13.07 12.12 7.01 8.69 4.60 7.30 7.88 3.87 8.10 9.56 8.40 8.91 1.24 1.97 0.88 1.10 0.00 0.00 0.00 2.41 1.39 4.82 0.00 0.80 0.00 0.00 2.70 2.99 0.37 0.00 0.00 0.00 0.00 0.00 0.00 0.00 0.00 0.00 0.58 2.19 3.50 4.67 5.40 5.77 5.33 7.01 16.43 18.54 18.54 19.86 19.86 19.78 16.72 13.65 14.45 10.66 6.94 8.76 7.81 13.36 17.08 18.83 19.56 17.96 16.13 16.50 14.67 10.66 6.28 7.15 6.57 6.28 7.96 7.66 9.78 9.78 10.59 11.61 12.19 15.70 13.21 13.51 15.77
13.07 13.07 12.12 7.01 8.69 4.60 7.30 7.88 3.87 8.10 9.56 8.40 8.91 1.24 1.97 0.88 1.10 0.00 0.00 0.00 2.41 1.39 4.82 0.00 0.80 0.00 0.00 2.70 2.99 0.37 0.00 0.00 0.00 0.00 0.00 0.00 0.00 0.00 0.00 0.58 2.19 3.50 4.67 5.40 5.77 5.33 7.01 16.43 18.54 18.54 19.86 19.86 19.78 16.72 13.65 14.45 10.66 6.94 8.76 7.81 13.36 17.08 18.83 19.56 17.96 16.13 16.50 14.67 10.66 6.28 7.15 6.57 6.28 7.96 7.66 9.78 9.78 10.59 11.61 12.19 15.70 13.21 13.51 15.77
4.45 4.45 5.77 5.48 6.20 6.35 3.94 0.00 0.00 5.04 9.20 8.47 2.85 0.00 0.00 0.00 0.00 0.00 0.00 0.00 0.00 0.00 0.00 0.00 0.00 0.00 0.00 0.00 0.00 0.00 0.00 0.00 0.00 0.00 0.00 0.00 0.00 0.00 0.00 0.00 0.44 0.88 3.14 2.99 4.09 6.13 10.00 9.05 16.13 17.45 16.06 16.06 19.13 18.10 15.18 9.93 11.46 7.01 8.91 15.84 20.59 21.83 18.54 20.51 18.69 16.79 10.22 7.66 5.69 6.06 5.04 4.89 4.96 6.72 7.52 10.29 10.29 16.79 20.44 8.18 13.58 22.34 28.47 25.04
