Wansh/Snow_depth/snowdepth-1994/winter/1995050.txt
ncols 321
nrows 161
xllcenter 60
yllcenter 15 
cellsize  0.25 
NODATA_value -1
[rows 74 to 110 of 161, columns 84 to 167 of 321]
0.00 0.00 0.00 0.00 0.37 0.95 1.17 2.34 1.02 0.73 2.19 1.10 2.70 2.99 2.85 0.00 0.00 0.00 0.00 0.00 0.00 0.00 0.00 1.97 3.43 3.43 0.00 2.56 0.00 0.00 2.63 0.00 3.14 3.21 1.83 2.04 1.97 1.83 0.00 0.00 2.92 1.46 0.95 0.95 0.44 0.07 0.51 0.22 1.68 1.31 1.61 1.97 3.14 2.20 1.19 1.24 1.39 1.39 0.73 0.51 0.66 0.00 0.00 0.22 0.00 0.00 0.00 3.80 3.80 6.16 6.53 5.04 1.17 0.00 0.00 0.00 0.00 0.00 0.00 1.83 2.04 2.79 1.10 1.39
0.00 0.00 0.00 0.95 1.24 1.90 3.07 3.58 2.56 2.04 0.00 0.00 0.00 0.00 0.00 0.00 0.00 0.00 0.00 0.00 0.00 0.00 0.00 2.12 3.80 0.00 0.00 0.00 0.00 0.00 0.00 2.04 0.00 2.63 2.70 2.70 1.97 2.63 3.36 0.00 0.00 2.19 1.46 1.46 1.53 0.80 0.66 1.10 1.75 0.29 0.44 2.26 1.68 1.17 1.53 0.73 0.66 1.61 1.10 0.80 0.73 0.88 0.95 0.66 0.73 0.00 0.80 3.94 3.94 6.90 7.37 5.84 3.43 0.00 0.07 0.00 0.00 0.00 0.00 0.00 0.00 0.22 0.00 1.70
0.66 0.22 2.12 1.61 2.34 2.04 2.48 2.85 3.65 0.00 0.00 3.94 0.00 2.99 3.07 3.14 0.00 0.00 0.00 0.00 0.00 0.00 0.00 0.00 0.00 0.00 0.00 0.00 0.00 0.00 0.00 0.00 0.00 0.00 0.00 2.70 0.00 0.00 0.00 2.41 0.00 2.85 1.83 1.83 1.10 0.95 0.51 1.53 2.26 1.68 0.95 0.66 1.68 0.73 0.22 0.51 0.00 1.10 1.17 0.88 0.22 0.22 0.44 0.88 0.07 1.03 1.97 4.02 4.02 6.28 5.26 5.62 4.02 1.53 0.29 0.00 0.00 0.00 0.00 0.00 0.00 0.00 0.00 0.00
0.00 0.66 1.02 1.02 1.17 2.26 0.00 0.00 0.00 0.00 0.00 0.00 4.53 3.80 0.00 0.00 0.00 0.00 0.00 0.00 0.00 0.00 0.00 0.00 0.00 0.00 0.00 0.00 0.00 0.00 0.00 0.00 0.00 0.00 0.00 0.00 0.00 0.00 0.00 0.00 2.63 0.00 0.00 0.00 0.00 0.00 2.63 0.00 0.00 0.00 0.00 0.00 0.80 0.07 1.90 1.24 0.66 0.51 0.73 0.51 0.00 1.97 1.61 0.00 0.22 1.46 1.90 2.92 2.92 4.53 4.45 3.50 2.48 1.68 1.97 0.00 0.00 0.00 0.00 0.00 0.00 0.00 0.15 0.44
0.07 0.00 0.00 0.66 1.46 0.00 0.00 0.00 3.43 0.00 0.00 4.23 4.74 4.38 0.00 3.29 0.00 0.00 0.00 0.00 0.00 0.00 0.00 0.00 0.00 0.00 0.00 0.00 0.00 0.00 0.00 0.00 0.00 0.00 0.00 0.00 0.00 0.00 0.00 0.00 0.00 0.00 0.00 0.00 0.00 0.00 0.00 0.00 0.00 0.00 0.00 0.00 0.00 1.46 0.00 1.97 0.00 2.63 0.00 0.00 0.00 0.00 1.68 0.00 0.00 0.00 1.53 2.04 2.04 2.34 2.99 3.43 1.02 2.04 0.22 0.00 0.00 0.07 0.00 0.00 0.07 0.51 0.59 0.82
0.00 1.61 0.00 0.00 0.00 0.00 0.00 0.00 3.58 3.29 0.00 3.58 4.67 4.02 3.07 2.56 0.00 0.00 0.00 0.00 0.00 0.00 0.00 0.00 0.00 0.00 0.00 0.00 0.00 0.00 0.00 0.00 0.00 0.00 0.00 0.00 0.00 0.00 0.00 0.00 0.00 0.00 0.00 0.00 0.00 0.00 0.00 0.00 0.00 0.00 0.00 0.00 0.00 0.00 0.00 0.00 0.00 0.00 0.00 4.09 3.87 0.00 0.00 0.00 0.00 0.00 0.95 0.00 0.00 1.46 1.61 1.24 0.80 0.95 1.47 0.00 0.00 0.00 0.51 0.44 0.00 0.95 0.95 1.10
0.00 0.00 0.00 0.00 0.00 0.00 0.00 0.00 0.00 3.43 3.80 3.58 3.58 3.72 3.43 0.00 0.00 0.00 0.00 0.00 0.00 0.00 0.00 0.00 0.00 0.00 0.00 0.00 0.00 0.00 0.00 0.00 0.00 0.00 0.00 0.00 0.00 0.00 0.00 0.00 0.00 0.00 0.00 0.00 0.00 0.00 0.00 0.00 0.00 0.00 0.00 0.00 0.00 0.00 0.00 0.00 0.00 0.00 2.85 4.23 0.00 2.04 0.00 0.00 0.00 0.00 0.00 0.00 0.00 0.00 0.37 0.44 1.61 2.04 2.92 0.51 0.52 0.69 1.02 1.24 0.29 0.29 0.15 1.10
0.00 0.00 0.00 0.00 0.00 0.00 0.00 0.00 0.00 0.00 4.02 4.38 0.00 0.00 0.00 0.00 0.00 0.00 0.00 0.00 0.00 0.00 0.00 0.00 0.00 0.00 0.00 0.00 0.00 0.00 0.00 0.00 0.00 0.00 0.00 0.00 0.00 0.00 0.00 0.00 0.00 0.00 0.00 0.00 0.00 0.00 0.00 0.00 0.00 0.00 0.00 0.00 0.00 0.00 0.95 0.00 0.58 1.97 1.68 2.70 3.87 0.00 1.90 0.00 0.00 0.00 0.00 0.00 0.00 0.00 0.00 1.90 1.53 4.16 2.56 2.71 1.18 0.76 0.91 0.75 1.39 0.44 1.24 3.14
0.00 0.00 0.00 1.53 0.00 0.00 0.00 0.00 0.00 0.00 0.00 3.72 0.00 0.00 0.00 0.00 0.00 0.00 0.00 0.00 0.00 0.00 0.00 0.00 0.00 0.00 0.00 0.00 0.00 0.00 0.00 0.00 0.00 0.00 0.00 0.00 0.00 0.00 0.00 0.00 0.00 0.00 0.00 0.00 0.00 0.00 0.00 0.00 0.00 0.00 0.00 0.00 0.00 1.90 1.46 0.58 2.26 0.88 2.34 1.75 1.46 0.88 0.73 0.88 0.37 0.00 0.00 0.00 0.00 0.00 0.00 1.83 3.29 4.16 3.50 1.90 1.02 1.02 1.17 0.88 0.88 0.00 1.17 1.68
2.19 1.53 1.53 0.00 0.00 0.00 0.00 0.00 0.00 0.00 0.00 0.00 0.00 0.00 3.87 0.00 0.00 0.00 0.00 0.00 0.00 0.00 0.00 0.00 0.00 0.00 0.00 0.00 0.00 0.00 0.00 0.00 0.00 0.00 0.00 0.00 0.00 0.51 1.24 0.00 0.00 0.00 0.00 0.00 0.00 0.00 0.00 0.00 0.00 0.00 0.00 0.00 0.00 2.99 2.56 2.41 1.97 1.02 0.88 1.53 0.66 0.37 0.29 0.51 0.80 0.00 0.22 0.00 0.00 0.00 0.00 0.00 2.99 2.12 2.70 2.34 2.04 0.88 1.75 1.83 1.31 2.04 2.12 1.10
3.43 1.83 0.00 0.00 0.00 0.00 0.00 0.00 0.00 0.00 0.00 0.00 0.00 4.16 3.87 4.23 4.09 0.00 0.00 0.00 0.00 0.00 4.23 0.00 3.58 0.00 0.00 0.00 0.00 0.00 0.00 0.00 0.00 0.00 0.00 0.00 0.00 0.44 0.66 0.00 0.00 0.00 0.00 0.00 0.00 0.00 0.00 0.00 0.00 0.88 0.00 0.00 0.00 2.63 2.63 1.90 1.31 1.90 0.88 2.04 0.44 0.07 0.15 0.22 0.51 0.00 0.07 0.00 0.00 0.00 0.00 0.37 1.83 1.02 2.77 3.29 3.43 2.92 2.70 2.56 2.04 3.72 1.53 2.19
3.72 2.41 0.00 0.00 0.00 0.00 0.00 0.00 0.00 0.00 0.00 0.00 0.00 0.00 3.21 0.00 0.00 0.00 0.00 0.00 4.23 3.72 5.04 4.23 3.65 0.00 2.48 2.26 2.26 0.00 0.00 0.00 0.95 1.61 1.31 0.00 0.00 0.00 0.00 0.51 0.00 1.17 0.37 0.37 0.00 1.75 0.00 0.00 0.00 1.39 1.02 1.31 2.56 3.21 3.36 2.26 2.34 2.19 1.53 0.00 0.07 0.97 0.15 0.51 0.00 0.95 0.44 0.07 0.07 0.00 0.00 1.17 1.68 2.12 2.56 2.48 2.92 3.21 2.77 2.48 2.63 4.16 4.23 0.00
1.83 2.63 2.92 2.77 0.00 0.00 0.00 0.00 0.00 0.00 0.00 0.00 4.16 4.31 3.72 3.29 3.21 0.00 0.00 4.53 4.67 4.45 4.16 0.00 0.00 0.00 0.00 0.00 1.68 0.00 0.00 0.00 0.00 2.04 0.00 0.00 0.00 0.00 1.17 1.17 0.29 0.58 1.75 1.75 1.17 1.61 1.17 1.17 1.02 1.10 1.17 1.53 0.73 2.34 3.43 2.99 4.45 4.31 5.18 3.58 0.00 0.00 0.30 0.66 0.44 1.31 1.97 1.97 1.97 3.58 5.84 6.57 5.77 3.58 2.99 1.83 2.19 2.04 2.92 5.18 6.42 5.91 4.67 3.36
1.10 2.19 2.92 2.92 0.00 0.00 0.00 0.00 0.00 0.00 0.00 0.00 3.94 4.16 3.80 3.50 3.07 3.29 3.29 4.38 4.67 4.02 3.36 0.00 0.00 0.00 0.00 0.00 0.00 0.00 0.00 0.00 0.00 0.00 0.00 0.00 0.00 0.00 1.31 1.97 1.31 2.04 1.46 1.46 2.12 1.17 1.46 1.17 1.39 0.73 1.90 1.24 2.19 2.56 2.41 2.19 3.58 4.67 6.06 4.96 2.12 1.10 0.29 0.00 2.52 3.80 3.21 5.77 5.77 3.65 5.99 5.33 5.91 3.72 2.99 2.77 3.14 2.41 4.53 5.69 7.15 6.42 4.60 3.36
2.92 2.26 3.07 0.00 0.00 0.00 0.00 0.00 0.00 0.00 0.00 3.50 4.02 3.43 3.50 3.43 3.21 4.31 4.31 4.16 3.87 3.50 3.14 2.56 0.00 0.00 0.00 0.00 0.00 0.00 0.00 0.00 0.00 0.00 0.00 0.00 0.00 0.00 0.00 2.63 2.63 2.85 2.41 2.41 1.31 1.75 2.70 2.63 1.53 1.68 3.07 2.48 1.97 2.85 4.09 2.99 3.36 5.99 5.62 5.62 1.53 1.17 0.95 1.02 6.93 6.57 6.86 8.25 8.25 5.55 3.87 3.58 5.33 4.45 4.31 3.29 4.67 4.74 5.26 4.74 5.62 6.06 3.65 3.43
2.34 2.48 0.00 0.00 0.00 0.00 0.00 0.00 2.48 0.00 0.00 2.48 0.00 0.00 3.21 3.72 3.80 0.00 0.00 3.14 3.65 3.07 0.00 2.48 0.00 0.00 0.00 0.00 0.00 0.00 0.00 0.00 0.00 0.00 0.00 0.00 0.00 0.00 0.00 0.00 2.99 2.63 3.07 3.07 2.99 2.12 3.29 3.14 2.34 2.48 3.21 4.16 5.99 7.37 5.18 6.06 6.06 4.60 4.74 3.24 2.26 2.26 3.05 9.78 10.97 11.29 9.37 8.76 8.76 6.50 2.48 2.12 3.72 4.82 5.55 3.58 4.31 5.62 5.33 4.13 4.90 4.67 2.42 2.35
1.75 2.12 0.00 0.00 0.00 0.00 0.00 0.00 2.34 1.68 0.00 0.00 0.00 0.00 0.00 0.00 0.00 0.00 0.00 3.07 0.00 0.00 0.00 0.00 0.00 0.00 0.00 0.00 0.00 1.97 0.00 0.00 0.00 0.00 0.00 0.00 0.00 0.00 0.00 0.00 0.00 1.75 2.41 2.41 2.77 2.99 2.99 3.21 2.99 3.36 3.29 7.74 7.81 10.07 8.32 7.01 10.29 6.28 4.16 3.87 2.71 4.02 7.23 6.57 9.27 11.17 7.02 5.08 4.92 4.99 1.90 3.07 3.21 4.74 4.53 2.99 3.29 4.53 5.20 2.68 2.68 2.77 2.73 3.48
1.90 1.75 2.63 2.04 2.48 0.00 0.00 1.68 2.48 1.75 0.00 0.00 0.00 0.00 0.00 0.00 0.00 0.00 0.00 2.70 3.29 0.00 0.00 0.00 0.00 0.00 0.00 0.00 0.00 0.00 0.00 0.00 0.00 0.00 0.00 0.00 0.00 0.00 0.00 0.00 0.00 0.00 0.00 0.00 2.70 2.48 3.14 2.99 2.63 3.29 5.40 5.55 8.83 10.59 12.99 10.88 6.28 8.61 9.00 6.93 5.04 4.45 1.86 2.28 4.71 7.52 4.38 3.80 3.82 0.25 1.25 2.56 3.65 3.80 2.79 1.68 2.48 2.41 2.79 3.45 3.24 3.65 3.73 5.09
2.19 1.97 1.75 2.26 0.00 0.00 0.00 2.41 0.00 2.41 0.00 1.02 0.00 0.00 0.00 0.00 0.00 0.00 0.00 2.19 2.85 2.19 0.00 0.00 0.00 0.00 0.00 0.00 0.00 0.00 0.00 0.00 0.00 0.00 0.00 0.00 0.00 0.00 0.00 0.00 0.00 0.00 0.00 0.00 2.41 2.48 2.19 2.56 3.07 3.58 4.45 8.18 8.69 10.59 14.24 15.70 15.91 18.98 14.89 8.54 4.35 3.13 2.78 1.87 4.33 3.57 2.40 1.17 1.17 0.00 1.24 2.37 3.89 5.19 5.14 3.91 3.07 3.85 3.39 2.61 3.00 4.44 4.71 6.57
2.41 1.46 1.53 1.83 2.19 1.83 1.46 0.00 0.00 1.83 1.53 0.80 0.00 0.00 0.00 1.46 2.04 1.53 1.53 2.26 0.00 0.00 0.00 0.00 0.00 0.00 0.00 0.00 0.00 0.00 0.00 0.00 0.00 0.00 0.00 0.00 0.00 0.00 0.00 0.00 0.00 0.00 0.00 0.00 2.04 2.70 2.85 2.48 2.77 2.85 5.04 6.42 6.86 11.17 14.09 14.53 17.89 18.83 13.72 11.97 8.54 3.81 1.47 0.38 2.56 1.80 1.32 1.10 1.10 0.00 0.00 2.04 2.96 4.70 5.63 6.53 5.91 4.08 2.35 2.48 2.14 4.32 7.35 6.87
2.26 2.04 1.68 1.61 1.61 1.68 0.00 0.00 0.00 1.39 1.02 1.31 0.00 0.00 0.73 1.46 1.10 1.17 1.17 0.00 0.00 2.04 0.00 0.00 0.00 0.00 0.00 0.00 0.00 0.00 0.00 0.00 0.00 0.00 0.00 0.00 0.00 0.00 0.00 0.00 0.00 0.00 0.00 0.00 0.00 2.19 2.34 3.43 3.43 6.28 5.26 5.18 9.46 10.69 11.92 17.27 17.01 16.13 15.84 12.34 10.29 6.82 0.92 0.89 1.10 0.73 1.16 0.88 0.88 0.54 0.37 1.87 5.57 5.41 7.49 6.42 4.39 3.40 2.97 1.91 3.69 5.34 7.02 6.30
2.63 3.21 2.56 2.19 1.83 1.75 1.83 2.26 1.46 0.88 0.88 0.00 0.00 0.00 0.00 0.00 1.17 0.00 0.00 0.00 0.00 0.00 0.00 0.00 0.00 0.00 0.00 0.44 0.00 0.00 0.00 0.00 0.00 0.00 0.00 0.00 0.00 0.00 0.00 0.00 0.00 0.00 3.36 3.36 1.83 2.12 4.16 4.45 4.53 9.05 8.18 9.05 9.27 11.39 10.41 11.74 12.83 15.57 13.56 14.01 6.46 0.73 0.95 0.54 0.24 0.23 1.05 0.59 0.59 0.22 0.00 0.65 2.65 5.14 4.70 4.48 3.72 2.95 2.32 1.35 3.17 5.75 6.52 5.98
4.02 1.83 1.75 1.46 1.61 2.70 3.07 2.63 1.39 1.90 1.46 0.00 0.00 0.00 0.00 0.00 0.00 0.00 0.00 0.00 0.00 0.00 0.00 0.00 0.00 0.00 0.00 1.61 0.22 0.00 0.00 0.88 0.00 0.00 0.00 0.00 0.00 0.00 0.00 0.00 0.00 9.20 5.99 5.99 4.53 3.58 7.74 5.84 7.15 10.88 8.32 11.17 12.78 11.30 10.21 8.27 7.26 8.71 9.71 9.55 2.84 1.67 1.66 0.70 0.00 0.00 0.30 0.22 0.22 0.00 0.00 0.18 1.27 3.15 2.92 1.76 2.82 1.35 1.66 1.87 2.26 4.82 5.97 6.88
3.72 0.00 0.00 0.44 0.00 2.63 3.07 3.80 2.70 2.92 3.43 0.00 0.29 0.66 0.73 0.00 0.00 0.00 0.00 0.00 0.00 0.00 0.00 0.00 0.00 1.31 0.00 1.68 0.58 0.00 0.00 0.00 1.10 0.00 0.00 0.00 0.00 0.00 0.00 3.80 11.10 13.21 10.22 10.22 8.40 7.74 11.61 9.42 13.87 13.63 13.70 14.16 13.53 14.28 7.11 6.46 7.23 7.23 6.52 2.37 1.98 4.07 2.75 1.75 0.67 0.48 0.22 0.53 0.51 0.00 0.00 0.00 3.09 3.67 4.11 2.77 1.07 1.05 1.27 1.12 1.91 3.61 4.17 5.20
4.53 3.58 1.68 5.11 5.62 7.37 9.05 8.10 8.76 5.69 0.00 1.31 1.46 1.02 0.66 0.00 0.80 1.68 1.68 2.04 1.31 0.88 0.80 0.88 1.39 1.10 0.22 1.39 0.88 1.31 0.58 1.75 2.04 1.31 1.10 1.39 1.83 0.66 0.00 2.04 3.80 5.84 9.49 9.49 12.05 9.27 12.56 15.40 14.60 13.36 14.68 12.17 11.08 10.80 9.99 8.92 8.85 8.45 10.01 9.46 9.24 8.09 5.26 9.03 6.35 2.93 1.84 2.25 2.21 0.88 0.00 0.38 2.89 4.39 6.66 7.88 5.14 1.81 0.92 0.40 0.09 1.09 3.05 3.61
4.74 4.67 4.16 4.67 6.72 6.06 8.54 10.07 8.47 7.15 0.00 0.00 0.00 1.31 1.68 1.02 1.83 1.39 1.39 1.61 1.17 0.80 0.29 0.73 1.10 0.22 0.44 0.51 1.02 1.39 0.95 1.02 0.88 0.66 0.95 1.68 1.10 0.80 1.53 0.29 0.00 2.26 3.21 3.21 6.28 3.80 8.32 9.56 13.47 10.95 12.87 10.85 9.24 8.56 8.64 9.23 9.56 9.00 10.29 10.39 11.87 11.27 9.63 7.38 5.69 2.99 2.86 1.47 1.44 0.00 0.00 0.72 1.23 9.19 9.71 9.27 7.45 3.67 0.00 0.00 0.00 0.00 2.09 1.90
5.11 4.45 3.29 5.33 4.89 4.60 6.86 8.69 7.37 7.59 4.02 0.00 2.26 2.41 2.19 2.48 2.56 2.34 2.34 1.53 1.31 0.95 1.17 0.95 0.88 0.00 0.00 0.88 1.02 1.90 1.53 1.10 0.88 0.80 0.73 2.26 1.68 1.39 1.17 0.00 0.00 0.00 0.58 0.58 1.46 4.67 2.99 7.59 10.46 12.35 12.41 12.18 11.99 9.41 10.74 9.51 7.85 6.46 6.79 7.21 11.85 12.96 12.56 5.40 3.36 3.13 2.53 1.39 1.55 1.20 0.07 0.44 4.63 7.54 10.18 7.45 6.50 3.87 0.00 0.00 0.00 0.56 1.27 1.72
2.99 4.09 1.53 2.41 4.60 5.77 5.48 6.53 6.20 3.94 0.00 0.00 0.00 0.00 2.70 2.19 2.26 1.97 1.97 1.68 1.61 1.53 1.39 1.46 0.80 0.00 0.00 0.00 0.00 0.58 1.46 0.29 0.00 0.00 0.00 0.29 1.10 1.31 0.00 0.00 0.00 0.00 0.00 0.00 0.80 1.68 2.34 4.11 10.59 12.54 14.03 13.87 12.43 14.02 8.21 7.76 4.65 5.24 3.24 5.58 8.24 10.81 11.45 7.37 5.91 4.48 4.65 1.96 1.89 3.40 1.81 1.59 2.81 5.69 8.03 3.59 2.22 1.15 0.23 0.00 0.00 0.95 1.81 4.48
0.00 1.61 0.00 0.00 1.90 5.62 5.69 5.26 6.06 4.89 2.85 3.87 0.00 0.00 0.00 0.00 1.90 2.34 2.34 1.83 1.31 1.39 1.02 0.29 0.22 0.00 0.00 0.00 0.15 0.51 0.22 0.00 0.00 0.00 0.00 0.22 0.00 0.00 0.00 0.00 0.00 0.00 0.00 0.00 0.00 0.66 3.43 7.30 8.69 12.26 12.45 11.62 7.81 12.45 6.97 6.67 4.27 3.91 5.32 7.30 6.51 10.20 8.93 11.56 8.80 5.79 6.81 4.21 4.23 2.39 3.55 0.32 1.34 3.13 1.76 1.47 1.49 0.73 0.44 0.00 1.80 1.58 7.12 5.35
0.00 0.00 0.00 0.00 3.65 4.89 5.77 4.60 6.06 4.67 3.87 4.60 5.26 3.21 0.00 1.83 3.58 2.48 2.48 2.04 0.73 1.53 0.51 0.00 0.07 0.00 0.00 0.00 0.00 0.00 0.00 0.00 0.00 0.00 0.00 0.00 0.00 0.00 0.00 0.00 0.00 0.00 0.00 0.00 0.00 0.00 2.64 4.53 6.00 9.03 13.15 11.98 10.71 10.06 5.40 4.98 0.00 0.00 0.00 0.00 8.99 10.77 8.71 9.48 11.31 10.10 9.65 4.63 5.42 3.02 2.28 2.90 0.99 1.14 0.08 0.08 1.05 1.17 0.00 0.00 1.91 4.92 5.35 5.43
0.00 0.00 0.00 0.00 0.00 3.94 4.53 3.94 5.26 5.40 4.89 4.38 5.04 5.04 0.00 3.14 5.55 4.23 4.23 3.14 0.00 0.66 0.44 0.00 0.00 0.00 0.00 0.00 0.00 0.00 0.00 0.00 0.00 0.00 0.00 0.00 0.00 0.00 0.00 0.00 0.00 0.00 0.00 0.00 0.00 0.00 0.88 2.36 6.96 5.81 8.22 9.29 7.50 0.00 0.00 0.00 0.00 0.00 0.00 0.00 8.06 9.00 8.72 10.83 10.65 12.44 9.49 8.37 9.37 5.09 5.27 4.71 2.46 0.00 0.00 0.00 0.00 0.58 0.00 0.00 1.74 4.18 4.25 6.73
0.00 0.00 0.00 0.00 0.00 0.00 2.56 2.34 5.26 4.89 4.45 6.42 6.06 5.55 5.77 5.48 5.68 5.69 5.69 5.26 1.46 0.95 1.39 0.29 0.00 0.00 0.00 0.00 0.00 0.00 0.00 0.00 0.00 0.00 0.00 0.00 0.00 0.00 0.00 0.00 0.00 0.44 0.00 0.00 0.00 0.00 0.80 1.57 2.68 7.71 7.14 5.97 5.66 0.00 0.00 0.00 0.00 0.00 0.00 0.00 0.00 9.61 9.53 11.64 8.84 12.06 13.26 11.54 11.79 8.59 7.00 5.01 2.02 0.42 0.69 0.54 0.78 1.23 0.00 0.00 0.00 0.00 0.00 7.96
0.00 0.00 0.00 0.00 0.00 0.00 0.00 3.14 2.56 3.72 2.26 5.18 4.16 5.99 6.13 4.11 7.88 6.37 5.95 4.45 2.56 2.48 1.31 0.66 1.17 2.92 1.46 0.00 0.00 0.00 0.00 0.00 0.00 0.00 0.00 0.00 1.10 0.00 0.00 1.46 1.17 3.36 0.88 0.88 0.00 0.00 0.29 0.70 6.23 10.09 8.70 7.41 0.00 0.00 0.00 0.00 0.00 0.00 0.00 0.00 0.00 0.00 8.03 8.08 7.24 12.68 12.13 13.19 16.13 12.67 7.04 4.44 3.33 1.50 1.46 2.20 2.63 1.97 0.00 0.00 0.00 0.00 0.00 2.64
0.00 0.00 0.00 0.00 0.00 0.00 0.00 0.00 0.00 0.00 0.00 0.00 0.00 0.00 0.00 0.00 3.36 2.60 2.64 2.85 4.53 5.69 5.69 4.82 4.02 4.38 5.55 4.02 2.19 0.00 3.43 4.09 3.43 2.85 2.41 4.74 5.91 8.32 7.81 7.34 6.62 5.97 5.04 5.04 7.45 3.94 2.63 3.15 5.12 0.00 0.00 0.00 0.00 0.00 0.00 0.00 0.00 0.00 0.00 0.00 0.00 0.00 0.00 0.00 12.23 7.62 6.60 0.00 0.00 0.00 6.50 4.46 3.98 2.29 1.49 3.04 2.94 2.19 1.29 0.00 0.00 0.00 0.00 0.00
0.00 0.00 0.00 0.00 0.00 0.00 0.00 0.00 0.00 0.00 0.00 0.00 0.00 0.00 0.00 0.00 0.00 0.00 0.00 3.72 4.28 4.69 3.65 4.89 3.94 4.97 6.06 6.35 5.77 4.45 4.96 6.35 7.08 7.08 5.69 6.42 8.18 8.91 8.18 7.52 5.45 7.00 6.06 6.77 7.88 6.86 4.09 4.19 3.48 0.00 0.00 0.00 0.00 0.00 0.00 0.00 0.00 0.00 0.00 0.00 0.00 0.00 0.00 0.00 0.00 0.00 0.00 0.00 0.00 5.21 0.00 4.59 3.81 0.77 1.62 1.85 0.44 0.00 0.00 0.00 0.00 0.00 0.00 0.00
0.00 0.00 0.00 0.00 0.00 0.00 0.00 0.00 0.00 0.00 0.00 0.00 0.00 0.00 0.00 0.00 0.00 0.00 0.00 0.00 0.00 0.00 2.12 2.19 4.74 4.84 6.41 6.35 5.91 5.55 7.45 8.91 8.82 6.94 5.77 2.50 4.31 7.88 7.66 7.23 2.06 2.99 3.18 4.03 9.16 8.30 7.02 2.09 6.44 0.00 0.00 0.00 0.00 0.00 0.00 0.00 0.00 0.00 0.00 0.00 0.00 0.00 0.00 0.00 0.00 0.00 0.00 0.00 0.00 0.00 0.00 2.92 2.10 0.00 0.00 1.31 0.00 0.00 0.00 0.00 0.00 0.00 0.00 0.00
0.00 0.00 0.00 0.00 0.00 0.00 0.00 0.00 0.00 0.00 0.00 0.00 0.00 0.00 0.00 0.00 0.00 0.00 0.00 0.00 0.00 0.00 0.00 0.00 2.26 0.00 3.14 3.50 4.23 1.90 4.02 7.68 10.90 7.23 5.26 0.00 0.00 2.63 3.43 0.00 0.00 0.00 0.00 0.00 4.90 3.68 6.13 0.00 0.00 0.00 0.00 0.00 0.00 0.00 0.00 0.00 0.00 0.00 0.00 0.00 0.00 0.00 0.00 0.00 0.00 0.00 0.00 0.00 0.00 0.00 0.00 0.00 0.00 0.00 0.00 0.00 0.00 0.00 0.00 0.00 0.00 0.00 0.00 0.00
