Wansh/Snow_depth/snowdepth-1994/winter/1995026.txt
ncols 321
nrows 161
xllcenter 60
yllcenter 15 
cellsize  0.25 
NODATA_value -1
[rows 0 to 36 of 161, columns 84 to 167 of 321]
18.76 18.76 18.76 18.76 17.74 18.69 17.08 13.36 11.46 12.99 12.34 15.99 15.62 17.45 17.30 19.05 15.91 19.27 19.27 18.54 18.91 17.96 15.91 13.65 6.06 6.72 3.87 1.61 1.68 0.44 4.60 4.16 8.03 12.56 12.78 10.29 10.73 12.41 10.73 10.29 11.02 10.15 10.22 10.22 9.05 8.98 4.09 4.02 3.80 5.55 5.91 5.77 9.71 9.78 9.42 10.00 10.00 8.76 8.61 7.45 6.50 4.82 3.58 3.80 3.14 3.94 3.58 5.26 5.26 5.91 5.69 9.42 10.29 10.51 9.42 12.41 9.71 13.65 14.16 14.38 13.07 11.02 11.32 10.59
19.56 18.40 17.81 18.54 18.03 15.04 16.13 13.14 11.10 16.72 15.84 16.06 14.67 13.87 11.53 12.85 13.21 15.99 15.99 16.06 14.97 18.18 16.86 12.26 12.26 5.48 6.28 2.56 0.00 0.07 1.53 6.13 5.40 7.74 9.05 9.78 7.88 8.10 8.54 9.78 9.34 10.88 11.53 11.53 10.59 11.17 10.59 10.59 6.79 4.31 4.38 3.72 3.94 3.50 5.91 5.91 7.59 7.88 8.25 8.25 8.54 8.47 8.40 8.32 7.88 8.25 9.42 12.12 12.12 9.93 10.37 10.95 10.73 12.41 13.80 13.51 14.75 17.23 15.48 16.28 15.40 13.94 14.45 12.34
20.44 17.52 18.40 18.61 15.91 14.97 17.08 18.98 18.61 18.76 18.83 17.96 14.67 15.70 12.05 10.88 9.86 9.56 9.56 12.34 10.22 15.40 15.40 14.53 10.88 11.68 3.50 4.23 1.90 1.39 1.17 1.61 6.13 5.84 7.52 10.07 8.83 10.73 13.29 13.21 10.73 11.24 11.32 11.32 16.72 15.18 14.75 9.78 11.02 6.79 7.45 4.09 2.99 2.92 4.60 6.20 5.84 7.96 6.94 9.78 11.83 10.37 13.80 13.65 11.68 11.39 14.97 12.70 12.70 15.33 13.65 14.38 11.61 11.90 11.17 16.13 18.83 18.47 18.18 16.72 17.01 16.35 18.18 16.28
20.44 17.52 18.40 18.61 15.91 14.97 17.08 18.98 18.61 18.76 18.83 17.96 14.67 15.70 12.05 10.88 9.86 9.56 9.56 12.34 10.22 15.40 15.40 14.53 10.88 11.68 3.50 4.23 1.90 1.39 1.17 1.61 6.13 5.84 7.52 10.07 8.83 10.73 13.29 13.21 10.73 11.24 11.32 11.32 16.72 15.18 14.75 9.78 11.02 6.79 7.45 4.09 2.99 2.92 4.60 6.20 5.84 7.96 6.94 9.78 11.83 10.37 13.80 13.65 11.68 11.39 14.97 12.70 12.70 15.33 13.65 14.38 11.61 11.90 11.17 16.13 18.83 18.47 18.18 16.72 17.01 16.35 18.18 16.28
17.30 18.25 15.04 14.89 15.26 15.11 16.79 16.35 13.29 16.64 15.91 17.96 15.91 15.40 15.77 12.63 15.04 10.00 10.00 10.73 7.52 6.94 12.12 12.12 13.07 8.32 9.78 2.56 1.39 1.61 0.73 0.58 2.19 5.33 5.91 10.73 11.46 11.68 13.51 12.70 13.36 11.39 10.73 10.73 15.84 19.05 18.10 19.71 15.11 11.17 5.33 3.07 3.21 2.70 2.63 3.36 4.74 5.18 7.96 11.17 10.59 13.21 14.97 14.82 14.45 14.60 15.18 15.11 15.11 15.33 14.09 12.48 12.70 11.53 12.70 12.05 13.43 14.53 16.57 16.57 15.70 15.40 17.23 19.42
19.86 18.76 17.52 16.28 16.06 13.21 11.90 12.26 11.90 14.09 14.24 15.48 15.40 16.79 16.28 17.67 17.67 13.21 13.21 12.34 12.99 6.42 5.48 7.88 7.08 8.91 4.53 5.48 2.85 2.41 2.04 1.97 4.74 4.74 7.23 8.47 10.29 11.90 12.05 11.90 11.61 11.83 10.88 10.88 13.14 16.06 18.61 18.18 15.77 8.98 10.44 3.14 2.77 2.56 3.65 5.11 5.04 6.72 9.49 9.49 12.05 15.77 15.77 18.69 17.81 17.81 15.70 13.65 13.65 14.02 14.60 15.26 15.04 13.94 11.46 11.83 11.61 10.15 9.71 10.73 14.45 16.43 16.94 19.71
19.20 18.18 20.15 17.59 16.79 15.48 16.43 15.04 15.04 15.18 14.24 12.41 12.26 12.41 14.31 13.87 16.57 16.28 16.28 14.67 13.43 7.15 7.15 6.94 5.99 6.35 4.31 3.14 2.92 2.12 2.85 2.92 3.65 7.15 6.64 11.75 12.63 12.63 10.51 11.24 8.25 9.34 9.13 9.13 11.39 11.46 10.95 10.51 15.40 10.73 4.53 5.18 3.87 4.31 4.09 5.91 7.30 6.72 9.78 11.46 11.24 14.67 17.81 17.37 18.76 17.08 17.67 15.04 15.04 15.62 14.38 16.35 17.45 17.37 17.01 15.18 11.46 12.19 10.44 11.24 11.10 10.51 13.51 12.48
19.20 18.18 20.15 17.59 16.79 15.48 16.43 15.04 15.04 15.18 14.24 12.41 12.26 12.41 14.31 13.87 16.57 16.28 16.28 14.67 13.43 7.15 7.15 6.94 5.99 6.35 4.31 3.14 2.92 2.12 2.85 2.92 3.65 7.15 6.64 11.75 12.63 12.63 10.51 11.24 8.25 9.34 9.13 9.13 11.39 11.46 10.95 10.51 15.40 10.73 4.53 5.18 3.87 4.31 4.09 5.91 7.30 6.72 9.78 11.46 11.24 14.67 17.81 17.37 18.76 17.08 17.67 15.04 15.04 15.62 14.38 16.35 17.45 17.37 17.01 15.18 11.46 12.19 10.44 11.24 11.10 10.51 13.51 12.48
19.42 17.81 17.45 17.74 16.13 16.43 16.64 16.79 17.16 14.67 15.55 12.48 9.86 9.64 14.31 12.85 15.91 18.32 18.32 18.40 15.40 14.67 9.42 10.66 5.48 3.36 3.29 3.21 3.21 3.14 3.29 3.65 3.72 6.28 12.19 10.66 14.24 10.80 11.46 7.66 7.81 6.20 9.05 9.05 8.61 9.05 7.96 8.18 6.42 6.79 5.62 5.26 5.99 5.77 7.45 7.66 7.81 8.91 9.86 10.07 11.10 12.05 11.75 13.07 14.24 15.11 15.99 16.06 16.06 15.99 16.28 17.96 17.89 17.89 17.23 16.72 16.64 16.72 14.24 15.04 11.61 11.61 10.37 9.34
13.36 14.38 14.75 15.33 16.21 15.91 16.50 16.35 16.43 14.09 12.41 9.78 10.51 9.86 13.65 16.35 16.06 18.61 18.61 17.67 17.16 15.48 11.02 5.69 6.57 3.50 3.87 3.80 4.09 2.99 3.43 3.14 5.99 5.18 8.18 12.63 12.99 10.51 7.52 8.10 5.18 5.55 5.04 5.04 6.57 6.42 5.91 6.28 5.91 8.10 9.93 10.00 13.51 13.07 10.80 10.51 12.41 10.51 10.80 11.24 11.24 11.32 11.61 11.61 13.21 15.70 15.33 15.55 15.55 19.20 19.13 18.98 18.69 18.10 18.54 16.79 18.76 20.08 18.40 17.30 13.51 12.41 10.15 9.86
11.46 13.87 14.45 15.70 14.31 15.04 13.94 14.02 14.45 11.02 11.68 10.15 10.59 9.71 13.58 15.77 15.33 16.86 16.86 18.10 18.91 17.01 14.16 6.28 5.04 5.26 4.96 4.23 4.60 3.21 3.72 3.50 5.40 6.20 5.84 8.98 11.39 10.29 7.37 7.66 8.47 6.64 8.40 8.40 8.18 8.03 7.96 8.47 11.46 9.56 11.24 15.40 14.67 15.55 12.48 13.87 13.51 15.77 15.70 16.06 14.38 13.14 13.07 12.56 14.67 14.02 17.52 19.49 19.49 18.91 21.17 23.94 23.07 21.46 21.83 20.08 24.67 24.53 20.08 21.39 17.37 16.86 13.07 15.33
11.46 13.87 14.45 15.70 14.31 15.04 13.94 14.02 14.45 11.02 11.68 10.15 10.59 9.71 13.58 15.77 15.33 16.86 16.86 18.10 18.91 17.01 14.16 6.28 5.04 5.26 4.96 4.23 4.60 3.21 3.72 3.50 5.40 6.20 5.84 8.98 11.39 10.29 7.37 7.66 8.47 6.64 8.40 8.40 8.18 8.03 7.96 8.47 11.46 9.56 11.24 15.40 14.67 15.55 12.48 13.87 13.51 15.77 15.70 16.06 14.38 13.14 13.07 12.56 14.67 14.02 17.52 19.49 19.49 18.91 21.17 23.94 23.07 21.46 21.83 20.08 24.67 24.53 20.08 21.39 17.37 16.86 13.07 15.33
10.15 12.70 13.29 13.07 13.43 11.90 6.42 7.88 9.34 8.83 10.44 10.22 12.56 15.26 14.31 18.32 18.98 20.37 20.37 18.98 19.56 14.31 15.77 9.56 6.42 6.20 6.50 4.31 3.58 3.80 4.38 7.59 7.59 11.68 10.15 9.56 13.65 17.01 10.73 11.10 12.92 13.51 13.43 13.43 13.87 9.56 10.22 12.70 11.97 16.64 19.64 19.27 19.35 17.59 14.16 14.53 16.86 16.57 17.89 16.21 16.72 13.80 15.33 16.21 14.38 16.64 18.54 21.61 21.61 21.53 24.38 24.09 24.16 23.73 24.67 25.48 25.40 25.19 24.31 23.36 20.51 19.42 18.54 15.55
9.27 9.86 8.83 6.13 6.50 5.99 6.20 6.86 7.23 9.93 11.61 11.17 12.78 18.54 20.22 19.93 19.71 20.66 20.66 18.98 19.49 15.33 9.86 10.37 9.20 6.06 5.26 5.55 5.99 10.59 10.51 10.80 15.04 14.38 17.67 17.23 16.50 19.64 20.00 20.29 15.70 15.91 15.84 15.84 17.45 20.51 20.22 16.28 18.18 18.03 19.13 19.71 20.00 19.42 18.91 18.98 18.69 16.86 13.80 14.60 13.29 15.26 14.97 16.50 17.52 17.45 17.89 20.73 20.73 21.10 24.67 24.02 25.92 24.97 23.14 22.19 23.58 21.39 11.24 20.51 20.22 20.15 17.01 15.55
8.69 6.35 6.64 7.15 6.72 6.50 6.50 7.74 7.23 10.80 11.61 15.70 14.38 17.23 17.74 21.02 20.22 21.10 21.10 18.83 16.06 16.79 14.02 9.71 9.20 10.00 7.52 11.02 10.37 13.07 18.32 17.81 19.64 19.35 19.35 18.76 18.10 20.15 20.73 21.90 21.68 23.07 21.53 21.53 21.02 22.48 20.51 19.27 18.98 18.69 19.93 20.29 20.81 20.59 22.27 23.00 20.29 21.32 14.24 10.15 10.73 11.02 10.51 12.26 16.21 16.13 18.76 19.93 19.93 19.71 21.10 22.70 22.34 22.05 22.05 22.56 17.81 7.74 0.00 8.76 21.90 20.95 17.67 19.78
6.50 6.42 6.28 7.23 7.45 8.47 7.15 6.72 6.94 5.69 8.10 11.83 11.17 16.43 14.89 19.05 18.47 18.69 18.69 18.83 16.35 13.65 14.53 11.97 11.10 12.34 11.97 12.34 13.94 14.02 18.18 19.64 19.64 19.42 17.30 17.89 17.23 20.29 20.00 22.41 23.36 21.83 22.12 22.12 18.40 16.43 19.20 16.50 17.08 16.57 18.98 16.94 17.45 16.57 20.15 18.91 21.83 18.10 13.43 13.07 10.00 11.17 11.17 11.24 13.21 15.77 17.16 18.61 18.61 23.07 22.41 22.48 22.19 20.59 19.71 19.35 14.53 0.00 5.77 9.13 10.07 16.13 19.35 17.01
6.50 6.42 6.28 7.23 7.45 8.47 7.15 6.72 6.94 5.69 8.10 11.83 11.17 16.43 14.89 19.05 18.47 18.69 18.69 18.83 16.35 13.65 14.53 11.97 11.10 12.34 11.97 12.34 13.94 14.02 18.18 19.64 19.64 19.42 17.30 17.89 17.23 20.29 20.00 22.41 23.36 21.83 22.12 22.12 18.40 16.43 19.20 16.50 17.08 16.57 18.98 16.94 17.45 16.57 20.15 18.91 21.83 18.10 13.43 13.07 10.00 11.17 11.17 11.24 13.21 15.77 17.16 18.61 18.61 23.07 22.41 22.48 22.19 20.59 19.71 19.35 14.53 0.00 5.77 9.13 10.07 16.13 19.35 17.01
6.72 10.07 10.59 11.24 11.24 10.15 11.75 7.66 4.89 5.18 5.77 5.26 9.64 12.78 15.84 15.40 17.37 15.84 15.84 14.82 15.62 13.87 10.88 11.39 9.93 12.78 14.53 13.07 14.53 15.84 15.99 19.05 19.20 19.42 20.59 16.43 16.50 18.03 17.37 15.99 21.53 19.78 17.08 17.08 17.67 14.89 13.51 13.87 12.41 12.92 15.55 15.04 14.67 14.45 15.55 18.69 16.94 17.59 14.60 13.87 13.87 15.11 20.51 17.45 16.86 15.48 18.40 23.00 23.00 26.35 24.89 24.97 20.44 19.27 18.61 16.50 17.96 7.45 6.28 12.41 10.88 13.29 11.24 14.16
8.47 10.80 12.92 14.45 14.89 14.24 14.97 10.00 6.79 6.42 6.57 6.28 7.59 11.68 15.26 12.56 14.97 15.26 15.26 13.14 12.99 13.14 10.51 10.15 10.29 11.83 15.40 16.50 15.55 16.21 16.94 16.94 20.73 20.95 18.10 19.20 16.35 14.24 14.67 11.97 9.56 9.56 14.82 14.82 14.16 13.65 13.14 11.02 11.17 11.39 15.04 16.64 16.50 15.11 14.89 14.89 16.13 17.01 19.20 18.32 22.85 24.38 24.82 21.68 18.32 21.17 24.16 26.28 26.28 25.70 25.55 19.56 16.64 17.52 17.52 12.26 13.87 11.32 7.81 7.66 11.61 11.46 11.24 12.78
8.47 9.56 9.49 10.59 14.31 15.99 14.02 10.88 11.83 7.66 9.20 9.78 10.22 10.37 10.80 10.51 9.78 11.83 11.83 11.32 12.26 11.53 11.97 10.80 12.63 12.05 15.91 16.43 13.58 16.21 13.51 13.14 12.78 19.20 17.67 12.19 12.70 5.04 6.64 7.30 6.42 10.00 8.54 8.54 12.41 12.99 14.67 11.17 13.87 17.89 17.52 19.56 18.40 19.42 16.43 16.72 17.67 17.30 18.61 21.83 21.02 24.89 23.94 24.53 23.00 23.58 22.92 26.86 26.86 23.87 17.30 18.69 15.70 11.46 12.99 13.21 10.66 10.15 8.40 9.49 9.05 11.10 11.02 13.58
8.54 10.00 11.53 10.88 13.51 12.78 12.85 11.32 13.21 12.41 12.78 10.44 16.06 13.94 14.67 10.37 11.90 10.15 10.15 11.32 11.90 12.41 12.99 13.07 13.14 17.89 16.64 16.72 14.31 12.48 10.37 10.44 10.80 10.37 10.59 8.91 2.63 4.02 0.00 4.53 4.53 9.20 11.24 11.24 11.10 11.97 15.55 19.20 17.96 23.58 24.97 27.74 27.52 25.55 24.31 20.37 24.09 20.08 17.08 17.30 18.03 20.00 22.48 22.05 23.29 22.48 23.73 22.70 22.70 23.21 12.63 12.48 10.00 8.76 9.56 8.91 8.40 7.88 7.30 7.23 7.59 10.00 11.17 12.48
8.32 9.86 8.54 9.49 10.07 9.93 10.80 11.17 14.09 14.60 17.23 18.32 17.74 19.42 18.98 14.82 14.60 17.67 17.67 14.16 15.77 15.26 15.18 18.25 19.27 18.40 23.00 18.32 18.61 15.55 11.39 9.34 8.10 8.03 4.60 5.40 2.19 0.00 0.00 0.00 7.08 5.55 9.13 9.13 9.42 11.97 11.24 14.89 17.81 17.01 19.35 22.92 24.16 23.87 24.38 24.38 20.44 21.75 15.70 15.26 14.53 14.82 14.31 17.30 20.66 19.86 21.68 19.42 19.42 19.13 14.38 15.40 8.98 9.05 9.34 8.54 8.47 8.32 8.25 9.27 9.34 8.76 9.56 7.88
8.32 9.86 8.54 9.49 10.07 9.93 10.80 11.17 14.09 14.60 17.23 18.32 17.74 19.42 18.98 14.82 14.60 17.67 17.67 14.16 15.77 15.26 15.18 18.25 19.27 18.40 23.00 18.32 18.61 15.55 11.39 9.34 8.10 8.03 4.60 5.40 2.19 0.00 0.00 0.00 7.08 5.55 9.13 9.13 9.42 11.97 11.24 14.89 17.81 17.01 19.35 22.92 24.16 23.87 24.38 24.38 20.44 21.75 15.70 15.26 14.53 14.82 14.31 17.30 20.66 19.86 21.68 19.42 19.42 19.13 14.38 15.40 8.98 9.05 9.34 8.54 8.47 8.32 8.25 9.27 9.34 8.76 9.56 7.88
7.96 8.69 7.66 8.32 9.64 12.85 14.45 13.80 14.89 21.61 19.35 19.05 17.52 17.08 18.91 19.27 19.56 19.78 19.78 16.50 16.79 18.83 17.45 18.83 19.64 21.90 22.19 19.42 17.89 18.98 12.41 9.13 6.64 6.42 3.07 0.88 1.39 0.22 0.00 0.00 3.50 3.58 2.04 2.04 2.34 0.00 0.00 7.74 8.98 10.44 3.72 11.97 15.48 18.40 17.59 19.42 10.95 8.98 10.15 9.20 13.51 13.87 15.11 17.37 17.59 18.76 18.18 19.35 19.35 20.29 20.51 21.02 17.30 16.06 10.88 9.27 10.44 8.61 8.91 8.32 8.25 8.91 7.59 8.32
8.76 9.13 8.32 8.54 14.45 16.28 18.83 25.04 23.87 24.67 21.75 16.43 15.62 15.04 17.81 16.43 18.91 17.74 17.74 17.89 17.08 19.64 20.08 20.34 20.18 21.38 18.95 18.83 21.02 15.62 16.43 12.70 9.56 6.50 4.16 1.17 0.66 1.17 1.53 2.26 2.12 1.83 1.90 1.90 1.24 1.10 1.97 0.00 0.00 0.00 0.00 0.00 5.26 4.74 6.72 7.45 6.64 6.72 8.10 12.41 13.94 14.89 15.04 15.99 17.74 16.57 16.50 16.94 16.94 17.52 19.71 20.44 20.37 17.59 13.94 9.71 9.34 8.25 8.25 9.64 12.78 10.59 8.32 6.94
11.90 15.40 17.37 18.32 18.03 18.25 20.00 22.92 22.56 15.84 14.60 14.60 15.55 11.90 13.21 13.58 13.58 18.32 18.32 18.10 18.40 20.44 20.59 22.09 25.05 21.08 24.13 23.78 22.56 23.58 16.50 17.81 13.51 12.05 8.18 3.21 2.70 3.14 2.48 3.14 1.90 1.90 2.19 2.19 0.29 0.00 0.00 0.00 0.00 0.00 0.00 0.00 3.58 4.45 0.00 4.60 4.45 4.23 7.74 6.50 13.07 16.06 15.77 17.30 15.77 15.40 15.99 16.57 16.57 17.01 18.47 18.10 16.64 16.35 9.78 11.90 10.29 13.80 13.21 13.29 13.14 11.24 10.07 7.45
14.67 15.55 16.79 14.31 14.67 16.21 15.62 19.35 13.65 8.98 7.66 0.00 0.00 6.64 0.00 11.32 9.27 16.72 16.72 15.11 8.61 15.86 16.78 14.07 20.95 20.95 21.32 24.78 25.06 24.95 24.31 23.07 17.01 17.52 15.91 14.60 14.75 5.91 3.65 2.12 2.19 2.19 1.24 1.24 0.00 0.00 0.00 0.51 0.00 0.37 0.00 0.00 0.00 0.00 0.00 3.87 3.94 4.02 5.33 12.34 17.81 23.29 21.39 21.97 19.56 21.68 23.00 21.61 21.61 23.65 19.71 20.44 17.89 17.81 15.62 15.55 15.55 13.29 13.14 15.11 12.99 13.72 12.48 11.17
14.60 14.97 16.13 13.94 12.41 13.51 11.68 10.15 11.32 6.35 0.00 0.00 0.00 0.00 0.00 5.62 7.66 9.56 9.56 10.93 4.94 7.49 8.43 6.35 5.48 16.06 20.17 19.04 26.75 25.07 25.16 24.89 25.04 21.46 21.75 19.86 15.62 10.73 12.05 3.14 2.34 2.41 1.61 1.61 0.00 0.00 0.00 0.00 0.07 0.00 0.00 0.00 0.00 0.00 0.00 0.00 3.80 4.45 7.23 12.19 13.14 23.00 26.50 30.51 25.77 26.94 26.28 25.04 25.04 25.48 19.93 20.44 18.40 17.96 16.57 16.57 16.35 13.36 17.52 17.23 15.55 15.11 17.81 14.16
14.60 14.97 16.13 13.94 12.41 13.51 11.68 10.15 11.32 6.35 0.00 0.00 0.00 0.00 0.00 5.62 7.66 9.56 9.61 11.29 5.02 8.01 8.22 6.51 5.40 16.06 19.56 17.70 25.00 25.46 25.42 25.93 28.13 22.71 22.31 19.86 15.62 10.73 12.05 3.14 2.34 2.41 1.61 1.61 0.00 0.00 0.00 0.00 0.07 0.00 0.00 0.00 0.00 0.00 0.00 0.00 3.80 4.45 7.23 12.19 13.14 23.00 26.50 30.51 25.77 26.94 26.28 25.04 25.04 25.48 19.93 20.44 18.40 17.96 16.57 16.57 16.35 13.36 17.52 17.23 15.55 15.11 17.81 14.16
14.82 15.04 13.29 13.87 12.56 10.66 9.86 9.86 8.91 5.69 6.57 1.31 0.00 0.00 3.43 1.97 8.03 12.05 12.05 5.48 6.13 4.23 0.00 0.00 0.00 9.07 11.95 10.27 10.37 22.08 23.82 24.28 26.57 27.92 26.26 26.70 22.93 15.26 11.24 12.26 7.45 4.74 2.77 2.77 1.83 0.00 0.07 0.00 1.46 0.00 0.00 0.00 0.00 0.00 0.00 0.00 0.00 0.00 4.74 9.86 7.74 14.89 27.59 25.11 30.88 29.20 26.43 23.80 23.80 22.70 20.37 17.45 17.01 17.45 18.18 18.10 17.52 15.11 14.82 16.43 16.06 12.99 17.23 18.32
14.53 14.16 15.33 12.12 9.56 10.15 9.20 9.56 9.27 8.47 7.81 4.16 4.45 4.82 5.33 11.83 8.98 14.24 14.24 10.12 5.04 6.16 0.00 0.00 0.00 0.00 0.00 5.30 6.11 5.68 17.30 19.20 21.46 21.78 27.98 29.99 27.57 23.62 15.70 12.92 13.43 10.15 5.04 5.04 2.56 1.83 1.90 1.75 2.19 2.48 2.56 0.00 0.00 0.00 0.00 0.00 0.00 0.00 0.00 0.00 0.00 7.01 12.99 20.00 28.25 25.26 23.21 22.48 22.48 19.13 16.28 14.97 14.89 16.28 16.79 10.22 10.07 10.66 10.15 10.29 10.29 11.53 15.77 18.61
14.67 15.48 17.52 16.35 13.29 14.60 12.85 12.85 11.53 14.97 10.22 11.39 7.15 7.81 6.50 12.12 14.31 14.53 14.53 10.07 5.40 3.80 4.60 0.00 0.00 0.00 0.00 0.00 4.48 5.46 4.67 12.12 16.94 21.17 21.52 23.41 30.72 28.62 24.16 20.22 17.16 8.61 10.73 10.73 3.07 2.04 1.39 1.46 1.61 2.26 2.77 2.63 0.00 0.00 0.00 2.12 3.43 3.07 0.00 0.00 2.48 3.14 13.87 13.72 19.27 21.97 18.40 16.86 16.86 14.09 13.36 18.61 13.43 13.94 7.88 8.54 9.20 10.44 11.90 11.90 13.36 14.60 14.24 14.16
12.63 15.77 14.89 19.13 16.13 15.33 15.48 14.75 16.64 16.43 14.24 16.35 11.83 12.63 13.58 12.19 8.98 6.50 6.50 3.72 3.72 4.09 2.63 2.77 0.00 0.00 0.00 0.00 0.00 4.38 4.45 3.94 10.59 14.02 18.18 16.94 23.79 27.91 27.49 25.59 26.13 20.15 7.81 7.81 9.27 5.04 3.07 1.90 1.97 2.19 2.48 3.36 2.56 1.97 1.97 0.00 2.99 4.74 7.45 6.35 5.11 3.21 3.50 5.04 11.10 6.94 14.38 15.99 15.99 12.26 19.27 8.47 6.42 6.72 6.57 7.88 9.49 10.22 11.39 12.56 9.64 10.73 14.16 9.86
5.69 9.64 9.64 10.80 10.51 13.21 9.78 12.34 13.57 12.41 17.23 16.94 13.94 13.94 12.05 5.04 5.62 3.65 3.65 0.00 1.75 2.77 2.85 4.09 4.67 1.75 0.00 0.00 0.00 4.60 3.29 4.23 4.60 4.67 10.22 16.57 21.39 20.73 23.05 23.51 19.96 19.78 17.16 17.16 13.94 12.56 11.10 11.61 8.54 5.84 3.72 4.02 2.56 2.04 1.68 2.04 2.70 0.00 5.77 8.18 7.81 3.87 3.21 2.41 3.87 2.48 4.09 7.74 7.74 5.69 6.28 4.74 4.82 5.33 4.31 7.66 9.34 8.83 11.02 6.13 5.69 6.72 9.34 6.28
0.00 6.35 4.02 6.57 6.86 11.75 10.66 12.48 15.05 11.17 12.26 10.29 10.07 11.83 2.48 0.66 0.00 0.00 0.00 0.00 0.00 3.36 2.99 4.53 5.84 2.92 3.14 0.00 0.00 0.00 0.00 0.00 0.00 0.00 0.00 0.00 11.61 14.31 13.80 15.04 15.26 13.94 14.02 14.02 14.24 14.82 14.38 13.43 13.80 11.68 5.69 3.43 2.92 0.00 1.31 0.00 0.00 3.14 0.00 5.48 5.84 6.86 3.43 3.72 0.00 0.00 1.83 3.29 3.29 3.65 3.36 2.99 2.41 0.00 1.53 4.02 5.99 0.00 2.19 2.48 2.19 3.94 2.99 3.14
0.00 6.35 4.02 6.57 6.86 11.75 10.66 12.48 14.67 11.17 12.26 10.29 10.07 11.83 2.48 0.66 0.00 0.00 0.00 0.00 0.00 3.36 2.99 4.53 5.84 2.92 3.14 0.00 0.00 0.00 0.00 0.00 0.00 0.00 0.00 0.00 11.61 14.23 13.94 15.04 15.11 13.94 14.02 14.02 14.24 14.82 14.38 13.43 13.80 11.68 5.69 3.43 2.92 0.00 1.31 0.00 0.00 3.14 0.00 5.48 5.84 6.86 3.43 3.72 0.00 0.00 1.83 3.29 3.29 3.65 3.36 2.99 2.41 0.00 1.53 4.02 5.99 0.00 2.19 2.48 2.19 3.94 2.99 3.14
15.18 11.83 6.20 0.00 6.79 12.99 13.94 16.08 16.53 12.26 7.23 7.74 5.11 1.46 2.63 0.29 0.00 0.00 0.00 0.00 0.00 2.41 6.20 5.69 6.42 4.89 0.00 0.00 0.00 0.00 0.00 0.00 0.00 0.00 0.00 0.00 0.00 2.63 3.08 3.43 8.40 7.15 9.42 9.42 12.34 11.68 14.24 16.28 14.31 16.64 13.07 14.24 7.66 2.77 2.26 2.77 3.72 4.38 3.80 0.00 5.91 6.20 4.67 3.50 0.00 1.10 0.00 0.00 0.00 2.41 3.21 1.83 0.00 0.00 0.00 0.00 0.00 0.00 0.00 0.00 0.00 1.68 2.34 2.85
