Wansh/Snow_depth/snowdepth-1994/winter/1995007.txt
ncols 321
nrows 161
xllcenter 60
yllcenter 15 
cellsize  0.25 
NODATA_value -1
[rows 37 to 73 of 161, columns 0 to 83 of 321]
0.00 0.00 0.00 0.00 0.00 0.00 0.00 0.00 0.00 0.00 0.00 0.00 0.00 0.00 0.00 0.00 0.00 0.00 0.95 0.00 0.37 0.00 0.00 0.00 0.00 0.00 0.00 0.00 0.00 0.00 0.00 0.00 0.00 0.00 0.00 0.00 0.00 0.00 0.00 0.00 0.00 0.00 0.00 3.29 3.87 3.72 3.58 4.16 4.45 4.82 5.84 5.84 5.62 6.35 0.00 0.00 0.00 0.00 0.00 2.34 0.00 2.26 0.00 0.00 0.00 0.00 0.00 2.41 0.00 0.00 0.00 3.65 4.60 4.23 5.99 7.37 7.37 8.61 8.25 8.98 9.64 9.71 9.27 9.20
0.00 0.00 0.00 0.00 0.00 0.00 0.00 0.00 0.00 0.00 0.00 0.00 0.00 0.00 0.00 0.00 0.00 0.00 0.00 0.00 0.00 0.00 0.00 0.00 0.00 0.00 0.00 0.00 0.00 0.00 0.00 0.00 0.00 0.00 0.00 0.00 0.00 3.43 2.26 2.70 3.14 3.58 3.29 3.50 4.38 3.80 5.55 5.62 4.74 4.96 5.55 5.55 5.91 5.62 5.55 0.00 0.00 0.00 0.00 1.17 1.75 1.97 1.61 0.00 0.00 0.00 0.00 3.14 3.36 2.99 0.00 2.99 4.96 6.06 5.69 6.64 6.64 8.76 10.29 9.78 9.78 9.71 11.39 14.82
0.00 0.00 0.00 0.00 0.00 0.00 0.00 0.00 0.00 0.00 0.00 0.00 0.00 0.00 0.00 0.00 0.00 0.00 0.00 0.00 0.00 0.00 0.00 0.00 0.00 0.00 0.00 0.00 0.00 0.00 0.00 0.00 0.00 0.00 2.19 4.82 3.58 3.87 3.94 4.74 4.02 4.16 4.45 4.53 4.38 5.11 5.33 5.18 5.33 5.48 4.16 4.16 4.74 5.40 5.40 0.00 0.00 0.00 0.29 0.00 0.58 1.17 1.10 2.63 1.83 1.97 3.29 2.99 3.43 3.21 2.63 1.83 1.83 4.67 6.35 8.47 8.47 7.66 9.71 11.75 12.19 12.34 13.14 13.80
0.00 0.00 0.00 0.00 0.00 0.00 0.00 0.00 0.00 0.00 0.00 0.00 0.00 0.00 0.00 0.00 0.00 0.00 0.00 0.00 0.00 0.00 0.00 0.00 0.00 0.00 0.00 0.00 0.00 0.00 0.00 0.00 0.00 0.00 6.94 5.40 5.48 6.42 5.91 5.99 5.26 5.77 5.11 6.35 5.18 5.18 5.26 5.18 3.94 3.43 3.36 3.36 3.94 4.89 5.40 5.62 2.85 0.00 0.00 1.02 0.44 0.00 0.15 1.02 1.31 1.97 3.65 3.36 3.21 3.07 2.41 1.02 2.12 1.68 4.82 9.56 9.56 10.73 11.53 11.39 13.07 12.78 12.63 13.14
0.00 0.00 0.00 0.00 0.00 0.00 0.00 0.00 0.00 0.00 0.00 0.00 0.00 0.00 0.00 0.00 0.00 0.00 0.00 0.00 0.00 0.00 0.00 0.00 0.00 0.00 0.00 0.00 0.00 0.00 1.24 0.00 2.56 8.03 7.81 6.72 6.20 7.08 7.15 7.52 7.59 7.88 6.20 7.30 5.84 6.94 5.99 6.28 4.89 3.14 3.36 3.36 3.80 2.99 4.96 5.18 3.43 3.94 2.41 2.56 0.37 0.29 0.22 0.95 1.10 2.63 2.19 2.99 1.97 0.88 1.17 0.00 2.04 5.33 9.05 8.47 8.47 10.66 11.02 12.19 12.78 12.78 13.07 13.21
0.00 0.00 0.00 0.00 0.00 0.00 0.00 0.00 0.00 0.00 0.00 0.00 0.00 0.00 0.00 0.00 0.00 0.00 0.00 0.00 0.00 0.00 0.00 0.00 0.00 0.00 0.00 0.00 0.00 0.00 2.04 2.56 7.15 8.83 8.61 8.83 7.66 7.66 6.50 7.23 7.23 7.52 7.23 7.45 6.72 8.32 6.28 6.13 6.64 4.96 4.60 4.60 4.96 4.23 3.87 3.29 2.26 3.36 3.29 3.43 3.14 1.97 1.97 2.04 1.75 3.29 3.43 2.26 2.85 0.00 0.07 0.00 1.53 3.50 7.23 8.69 8.69 8.69 9.56 10.00 7.01 9.56 11.65 12.90
0.00 0.00 0.00 0.00 0.00 0.00 0.00 0.00 0.00 0.00 0.00 0.00 0.00 0.00 0.00 0.00 0.00 0.00 0.00 0.00 0.00 0.00 0.00 0.00 0.00 0.00 0.00 0.00 0.00 0.00 0.00 0.00 4.45 7.15 6.28 8.91 8.47 7.59 7.37 7.01 7.52 7.96 8.54 9.78 9.27 9.34 8.03 6.94 5.48 5.77 5.69 5.69 4.16 2.19 1.97 2.04 1.90 2.34 3.36 3.43 3.50 4.53 4.09 3.29 3.14 3.80 4.53 3.43 0.00 0.00 0.00 0.00 0.07 1.02 0.88 1.83 1.83 2.26 2.26 3.36 4.38 6.57 9.20 12.56
0.00 0.00 0.00 0.00 0.00 0.00 0.00 0.00 0.00 0.00 0.00 0.00 0.00 0.00 0.00 0.00 0.00 0.00 0.00 0.00 0.00 0.00 0.00 0.00 0.00 0.00 0.00 0.00 0.00 0.00 0.00 0.00 0.37 0.00 2.12 7.30 3.72 6.06 6.57 6.06 8.25 8.18 8.91 9.86 9.34 7.59 7.59 6.72 3.87 2.12 3.14 3.14 3.50 2.63 2.26 2.77 3.50 3.80 2.34 4.16 5.33 5.40 5.62 6.50 6.13 6.42 6.50 4.82 0.00 0.00 0.00 0.00 0.80 0.88 1.24 1.46 1.46 1.46 1.39 2.77 4.45 7.23 8.61 10.12
0.00 0.00 0.00 0.00 0.00 0.00 0.00 0.00 0.00 0.00 0.00 0.00 0.00 0.00 0.00 0.00 0.00 0.00 0.00 0.00 0.00 2.77 1.75 0.66 0.00 0.00 0.00 0.00 0.00 0.00 0.00 0.00 0.00 0.00 0.00 2.92 0.80 3.43 3.07 4.45 6.64 5.77 4.96 8.61 4.89 5.18 1.31 1.83 2.77 2.26 2.63 2.63 3.43 3.58 4.53 4.74 4.60 4.53 4.45 3.50 5.69 6.35 7.37 7.01 9.64 8.10 6.42 7.01 5.69 3.80 0.00 3.72 3.72 3.29 2.77 2.04 2.04 2.99 2.56 3.14 4.74 10.88 10.07 10.88
0.00 0.00 0.00 0.00 0.00 0.00 0.00 0.00 0.00 0.00 0.00 0.00 0.00 0.00 0.00 0.00 0.00 0.00 0.00 0.00 0.00 2.77 1.75 0.66 0.00 0.00 0.00 0.00 0.00 0.00 0.00 0.00 0.00 0.00 0.00 2.92 0.80 3.43 3.07 4.45 6.64 5.77 4.96 8.61 4.89 5.18 1.31 1.83 2.77 2.26 2.63 2.63 3.43 3.58 4.53 4.74 4.60 4.53 4.45 3.50 5.69 6.35 7.37 7.01 9.64 8.10 6.42 7.01 5.69 3.80 0.00 3.72 3.72 3.29 2.77 2.04 2.04 2.99 2.56 3.14 4.74 10.88 10.07 10.99
0.00 0.00 0.00 0.00 0.00 0.00 0.00 0.00 0.00 0.00 0.00 0.00 0.00 0.00 0.00 2.56 1.90 3.21 3.58 2.85 3.80 4.23 2.26 0.00 0.00 0.00 0.00 0.00 0.00 0.00 0.00 0.00 0.00 0.00 0.00 0.00 0.00 0.66 1.68 3.58 2.41 2.85 4.82 5.18 2.12 3.29 0.51 1.24 3.58 3.07 6.13 6.13 5.40 6.94 6.64 5.40 6.64 6.57 6.42 6.50 4.96 6.13 7.52 9.56 8.91 10.22 10.37 8.83 7.96 6.86 7.81 9.78 8.18 10.22 6.94 5.77 5.77 9.78 9.49 11.53 15.04 16.06 15.70 15.94
0.00 0.00 0.00 0.00 0.00 0.00 0.00 0.00 0.00 0.00 0.00 0.00 0.00 0.00 0.66 3.14 4.96 4.60 4.02 4.16 2.63 0.44 0.00 0.00 0.00 0.00 0.00 0.00 0.00 0.00 0.00 0.00 0.00 0.00 0.00 0.00 0.00 1.90 1.31 2.26 2.92 2.19 1.39 0.00 0.00 0.80 0.00 2.70 5.04 7.52 7.81 7.81 7.30 8.03 9.64 10.07 8.69 8.76 7.37 6.13 5.40 4.96 7.37 8.69 9.93 10.66 11.24 9.05 6.42 3.65 4.09 10.73 6.42 9.34 11.17 12.56 12.56 13.29 10.88 11.83 15.62 19.71 22.63 23.43
0.00 0.00 0.00 0.00 0.00 0.00 0.00 0.00 0.00 0.00 0.00 0.00 0.00 0.00 0.00 0.80 3.72 4.82 0.00 0.95 0.00 0.00 0.00 0.00 0.00 0.00 0.00 0.00 0.00 0.00 0.00 0.00 0.00 0.00 0.00 0.00 0.00 1.75 3.14 4.31 3.94 2.99 3.14 0.00 0.73 0.07 0.00 3.87 7.08 9.05 10.37 10.37 10.29 9.93 10.37 10.73 9.05 9.27 8.32 8.18 7.74 6.72 5.62 7.59 8.69 9.49 7.45 8.83 2.56 0.00 0.00 2.56 6.35 5.69 9.34 13.65 13.65 14.97 14.16 16.35 16.35 19.61 19.74 23.06
0.00 0.00 0.00 0.00 0.00 0.00 0.00 0.00 0.00 0.00 0.00 0.00 0.00 0.00 0.00 0.00 0.00 0.00 0.00 0.00 0.00 0.00 0.00 0.00 0.00 0.00 0.00 0.00 0.00 0.00 0.00 0.00 0.00 0.00 0.00 0.00 0.00 1.83 2.70 3.72 4.09 4.82 4.82 2.04 3.58 7.59 5.99 7.81 7.81 9.05 11.02 11.02 12.19 12.34 12.12 12.99 15.26 10.88 11.10 11.32 10.59 10.80 7.52 6.06 6.72 5.33 0.00 0.00 0.00 0.00 0.00 0.00 4.45 9.13 14.24 12.41 12.41 17.81 20.73 18.47 14.75 17.42 19.88 14.38
0.00 0.00 0.00 0.00 0.00 0.00 0.00 0.00 0.00 0.00 0.00 0.00 0.00 0.00 0.00 0.00 0.00 0.00 0.00 0.00 0.00 0.00 0.00 0.00 0.00 0.00 0.00 0.00 0.00 0.00 0.00 0.00 0.00 0.00 0.00 0.00 0.00 1.10 2.04 2.63 4.16 6.13 6.06 6.79 6.28 8.61 7.74 8.10 8.83 9.05 12.41 12.41 10.66 13.29 15.11 14.75 18.18 20.73 16.35 15.26 15.55 13.94 10.59 9.56 9.71 5.33 0.00 0.00 0.00 0.00 0.00 0.00 5.26 10.80 14.16 15.33 15.33 17.81 16.64 19.42 16.79 13.21 12.34 11.68
0.00 0.00 0.00 0.00 0.00 0.00 0.00 0.00 0.00 0.00 0.00 0.00 0.00 0.00 0.00 0.00 0.00 0.00 0.00 0.00 0.00 0.00 0.00 0.00 0.00 0.00 0.00 0.00 0.00 0.00 0.00 0.00 0.00 0.00 0.00 0.00 0.00 1.68 1.68 0.73 3.43 6.86 6.94 9.42 9.71 9.56 8.91 8.69 7.96 11.10 9.49 9.49 9.34 9.05 15.33 18.76 19.71 18.69 19.27 18.10 17.81 14.97 15.55 16.21 17.30 17.52 18.10 0.00 0.00 0.00 18.10 19.86 18.76 12.41 13.07 12.19 12.19 13.65 14.67 14.53 11.68 11.53 11.39 11.53
0.00 0.00 0.00 0.00 0.00 0.00 0.00 0.00 0.00 0.00 0.00 0.00 0.00 0.00 0.00 0.00 0.00 0.00 0.00 0.00 0.00 0.00 0.00 0.00 0.00 0.00 0.00 0.00 0.00 0.00 0.00 0.00 0.00 0.00 0.00 0.00 0.00 0.00 0.95 3.65 3.14 5.77 8.83 11.10 11.17 8.98 7.66 8.40 5.55 4.45 8.03 8.03 7.59 7.74 12.41 15.91 15.99 17.08 18.25 18.03 20.81 19.27 19.71 19.64 20.59 22.19 23.87 25.55 25.04 20.88 22.34 18.32 19.42 13.80 10.88 10.95 10.95 10.73 10.80 6.64 9.05 12.34 11.10 12.74
0.00 0.00 0.00 0.00 0.00 0.00 0.00 0.00 0.00 0.00 0.00 0.00 0.00 0.00 0.00 0.00 0.00 0.00 0.00 0.00 0.00 0.00 0.00 0.00 0.00 0.00 0.00 0.00 0.00 0.00 0.00 0.00 0.00 0.00 0.00 0.00 0.00 0.00 0.00 2.41 6.64 9.49 8.83 10.59 11.32 6.28 5.11 2.12 2.85 0.73 6.42 6.42 6.86 6.79 6.57 12.78 14.82 17.45 19.05 18.61 19.86 18.61 20.88 21.17 21.02 20.81 23.43 26.72 26.50 22.27 17.16 17.74 16.94 15.40 10.37 10.37 10.37 9.27 6.50 8.10 13.72 9.71 8.25 10.27
0.00 0.00 0.00 0.00 0.00 0.00 0.00 0.00 0.00 0.00 0.00 0.00 0.00 0.00 0.00 0.00 0.00 0.00 0.00 0.00 0.00 0.00 0.00 0.00 0.00 0.00 0.00 0.00 0.00 0.00 0.00 0.00 0.00 0.00 0.00 0.00 0.00 0.00 0.00 0.58 4.96 5.04 8.69 7.74 9.05 1.90 0.00 0.00 0.00 0.00 2.56 2.56 3.50 4.23 5.84 14.09 13.29 16.94 19.13 19.56 18.40 17.74 19.20 19.78 21.17 24.82 27.74 27.89 27.23 25.48 17.01 13.80 11.61 8.25 7.08 7.08 7.08 6.72 7.45 5.26 7.74 6.67 6.64 4.70
0.00 0.00 0.00 0.00 0.00 0.00 0.00 0.00 0.00 0.00 0.00 0.00 0.00 0.00 0.00 0.00 0.00 0.00 0.00 0.00 0.00 0.00 0.00 0.00 0.00 0.00 0.00 0.00 0.00 0.00 0.00 0.00 0.00 0.00 0.00 0.00 0.00 0.00 0.00 0.00 3.14 1.31 2.92 0.00 0.00 0.00 0.00 0.00 0.00 0.00 0.07 0.07 0.15 1.46 4.53 8.10 15.26 14.67 17.74 20.22 19.64 16.79 18.98 18.25 21.97 26.21 28.47 24.53 21.68 22.41 18.32 12.41 6.86 6.35 5.55 5.55 5.55 6.50 4.23 2.70 1.10 2.26 4.23 0.00
0.00 0.00 0.00 0.00 0.00 0.00 0.00 0.00 0.00 0.00 0.00 0.00 0.00 0.00 0.00 0.00 0.00 0.00 0.00 0.00 0.00 0.00 0.00 0.00 0.00 0.00 0.00 0.00 0.00 0.00 0.00 0.00 0.00 0.00 0.00 0.00 0.00 0.00 0.00 0.00 0.00 0.00 0.00 0.00 0.00 0.00 0.00 0.00 0.00 0.00 1.24 1.24 1.90 5.62 5.11 8.47 13.51 18.03 21.17 20.88 21.90 17.52 19.42 23.80 24.31 26.43 28.32 22.34 11.90 6.72 4.89 5.55 6.06 5.99 5.04 3.94 3.94 4.60 0.66 1.31 0.15 0.00 0.00 0.00
0.00 0.00 0.00 0.00 0.00 0.00 0.00 0.00 0.00 0.00 0.00 0.00 0.00 0.00 0.00 0.00 0.00 0.00 0.00 0.00 0.00 0.00 0.00 0.00 0.00 0.00 0.00 0.00 0.00 0.00 0.00 0.00 0.00 0.00 0.00 0.00 0.00 0.00 0.00 0.00 0.00 0.00 0.00 0.00 0.00 0.00 0.00 1.17 0.00 0.00 5.48 5.48 4.53 7.96 10.80 11.39 14.97 17.96 21.46 21.75 17.37 18.54 17.16 19.93 19.49 17.89 13.29 9.34 9.86 6.28 3.50 4.31 5.55 5.33 5.91 0.15 0.15 0.00 0.00 0.00 0.00 0.00 0.00 0.00
0.00 0.00 0.00 0.00 0.00 0.00 0.00 0.00 0.00 0.00 0.00 0.00 0.00 0.00 0.00 0.00 0.00 0.00 0.00 0.00 0.00 0.00 0.00 0.00 0.00 0.00 0.00 0.00 0.00 0.00 0.00 0.00 0.00 0.00 0.00 0.00 0.00 0.00 0.00 0.58 0.00 0.58 0.00 0.00 0.73 0.00 1.24 5.48 4.38 10.51 11.02 11.02 14.24 11.90 14.02 17.52 20.15 20.88 20.81 21.32 17.52 13.36 15.48 14.53 15.33 10.95 9.93 6.64 5.40 4.09 4.23 2.99 4.23 4.60 0.29 0.00 0.00 0.00 0.00 0.00 0.00 0.00 0.15 0.00
0.00 0.00 0.00 0.00 0.00 0.00 0.00 0.00 0.00 0.00 0.00 0.00 0.00 0.00 0.00 0.00 0.00 0.00 0.00 0.00 0.00 0.00 0.00 0.00 0.00 0.00 0.00 0.00 0.00 0.00 0.00 0.00 0.00 0.00 0.00 5.40 2.77 3.36 0.00 4.45 0.73 5.33 1.31 4.09 7.74 2.26 5.99 9.20 8.54 14.02 18.47 18.47 17.81 16.50 19.27 21.02 19.27 13.14 10.88 17.30 15.40 10.00 9.78 8.98 6.79 7.08 5.04 3.07 2.70 2.41 1.90 0.58 0.00 0.00 0.00 0.00 0.00 0.00 0.00 0.00 0.00 0.00 0.00 0.88
0.00 0.00 0.00 0.00 0.00 0.00 0.00 0.00 0.00 0.00 0.00 0.00 0.00 0.00 0.00 0.00 0.00 0.00 0.00 0.00 0.00 0.00 0.00 0.00 0.00 0.00 0.00 0.00 0.00 0.00 0.00 0.00 2.48 4.23 4.60 8.69 7.37 9.93 8.10 8.83 5.55 7.15 7.66 6.94 8.03 9.78 11.02 11.17 10.95 14.97 19.56 19.56 21.83 21.68 21.90 21.46 18.32 12.26 9.71 8.69 10.29 6.42 5.77 6.35 4.82 2.63 2.92 1.68 0.58 0.29 1.02 0.00 0.00 0.00 0.00 0.00 0.00 0.00 0.00 0.00 0.00 0.00 0.00 3.87
0.00 0.00 0.00 0.00 0.00 0.00 0.00 0.00 0.00 0.00 0.00 0.00 0.00 0.00 0.00 0.00 0.00 0.00 0.00 0.00 0.00 0.00 0.00 0.00 0.00 0.00 0.00 0.00 0.00 0.00 0.00 0.00 4.89 5.55 6.64 9.42 10.00 10.37 10.07 9.49 8.54 7.01 7.15 6.35 7.88 9.86 12.63 12.70 13.29 15.48 17.81 17.81 19.71 19.35 21.32 17.30 18.40 13.36 12.12 11.61 7.96 4.60 3.14 3.72 1.61 0.00 0.00 0.00 0.00 0.00 0.00 0.00 0.00 0.00 0.00 0.00 0.00 0.00 0.00 0.00 4.38 4.16 4.31 5.48
0.00 0.00 0.00 0.00 0.00 0.00 0.00 0.00 0.00 0.00 0.00 0.00 0.00 0.00 0.00 0.00 0.00 0.00 0.00 0.00 0.00 0.00 0.00 0.00 0.00 0.00 0.00 0.00 0.00 0.51 5.91 6.94 7.52 8.76 9.49 9.13 10.59 9.42 9.71 7.96 8.40 7.59 8.32 8.91 8.83 10.80 13.29 11.53 9.86 15.91 15.70 15.70 17.89 19.20 18.61 18.25 14.75 15.40 13.72 14.31 11.75 7.08 4.74 1.68 1.24 0.29 0.00 0.00 0.00 0.00 0.00 0.00 1.17 3.93 3.36 0.00 0.00 2.70 0.00 4.45 4.38 4.23 5.33 4.16
0.00 0.00 0.00 0.00 0.00 0.00 0.00 0.00 0.00 0.00 0.00 0.00 0.00 0.00 0.00 0.00 0.00 0.00 0.00 0.00 0.00 0.00 0.00 0.00 0.00 0.00 0.00 0.00 0.00 2.92 6.79 6.42 7.37 6.20 6.42 3.43 7.15 6.06 8.10 7.23 7.96 8.03 8.03 10.00 11.68 11.46 12.26 11.97 10.00 12.41 17.52 17.52 19.86 19.71 17.59 20.88 19.64 17.96 17.74 14.60 16.86 10.71 8.25 5.04 2.12 0.00 0.00 0.00 0.00 0.00 0.00 0.00 1.46 4.74 4.38 4.45 4.45 4.45 5.55 4.67 3.72 0.00 0.00 0.00
0.00 0.00 0.00 0.00 0.00 0.00 0.00 0.00 0.00 0.00 0.00 0.00 0.00 0.00 0.00 0.00 0.00 0.00 0.00 0.00 0.00 0.00 0.00 0.00 0.00 0.00 0.00 0.00 0.00 3.43 5.84 6.20 0.00 1.39 3.07 0.00 2.19 1.10 5.84 5.04 3.43 7.59 7.66 10.29 11.39 11.24 11.24 11.75 11.75 11.17 16.28 16.28 17.89 17.08 22.12 22.19 25.11 24.38 22.78 18.76 12.78 13.72 10.80 9.13 5.11 1.75 0.00 0.00 0.00 0.00 0.00 0.00 5.26 5.18 5.99 4.96 4.96 4.74 5.18 4.82 0.00 0.00 0.00 0.00
0.00 0.00 0.00 0.00 0.00 0.00 0.00 0.00 0.00 0.00 0.00 0.00 0.00 0.00 0.00 0.00 0.00 0.00 0.00 0.00 0.00 0.00 0.00 0.00 0.00 0.00 0.00 0.00 0.00 3.14 2.70 4.23 0.00 0.00 0.00 0.00 0.00 0.00 2.12 0.66 4.96 4.67 6.20 9.64 10.51 10.88 11.02 11.53 11.83 12.12 13.65 13.65 16.35 15.91 17.74 21.17 26.65 27.59 24.45 21.68 14.53 12.70 11.53 7.15 7.81 4.31 2.12 0.00 0.00 0.00 0.00 0.00 4.60 6.13 5.48 4.67 4.67 4.53 0.00 0.00 0.00 0.00 0.00 0.00
0.00 0.00 0.00 0.00 0.00 0.00 0.00 0.00 0.00 0.00 0.00 0.00 0.00 0.00 0.00 0.00 0.00 0.00 0.00 0.00 0.00 0.00 0.00 0.00 0.00 0.00 0.00 0.00 0.00 0.00 0.00 0.00 0.00 0.00 0.00 0.00 0.00 0.00 0.00 0.00 2.26 5.91 9.93 11.10 11.02 11.24 11.39 11.90 13.29 14.75 13.14 13.14 15.04 15.84 14.67 15.11 12.48 19.71 19.93 19.27 16.35 13.43 14.02 8.98 4.53 2.99 2.85 2.63 0.80 1.31 0.00 1.24 0.00 4.67 3.36 4.60 4.60 4.16 0.00 0.00 0.00 0.00 0.00 0.00
0.00 0.00 0.00 0.00 0.00 0.00 0.00 0.00 0.00 0.00 0.00 0.00 0.00 0.00 0.00 0.00 0.00 0.00 0.00 0.00 0.00 0.00 0.00 0.00 0.00 0.00 0.00 0.00 0.00 0.00 0.00 0.00 0.00 0.00 0.00 0.00 0.00 0.00 0.00 0.00 0.00 5.33 9.64 11.46 11.75 12.26 11.61 12.63 14.60 17.45 16.35 16.35 15.55 16.21 13.80 12.85 9.42 7.52 8.10 13.21 13.36 11.90 12.34 10.29 4.60 3.07 4.23 4.82 4.23 1.17 0.00 0.00 1.68 0.95 2.85 2.85 2.85 0.00 0.00 0.00 0.00 0.00 0.00 0.00
0.00 0.00 0.00 0.00 0.00 0.00 0.00 0.00 0.00 0.00 0.00 0.00 0.00 0.00 0.00 0.00 0.00 0.00 0.00 0.00 0.00 0.00 0.00 0.00 0.00 0.00 0.00 0.00 0.00 0.00 0.00 0.00 0.00 0.00 0.00 0.00 0.00 0.00 0.00 0.00 0.00 3.29 8.54 12.48 13.80 15.26 14.60 14.31 16.72 19.64 20.00 20.00 15.48 12.63 12.19 12.56 10.44 8.47 7.08 9.78 13.21 10.88 9.56 9.27 7.23 3.87 4.33 5.55 6.28 5.11 4.16 4.82 2.77 0.80 1.46 1.02 1.02 0.00 0.00 0.00 0.00 0.00 0.00 0.00
0.00 0.00 0.00 0.00 0.00 0.00 0.00 0.00 0.00 0.00 0.00 0.00 0.00 0.00 0.00 0.00 0.00 0.00 0.00 0.00 0.00 0.00 0.00 0.00 0.00 0.00 0.00 0.00 0.00 0.00 0.00 0.00 0.00 0.00 0.00 0.00 0.00 0.00 0.00 0.00 2.92 1.97 5.99 12.48 16.43 16.79 16.72 18.61 20.22 20.00 19.27 19.27 17.16 11.83 12.19 11.32 11.39 9.42 9.78 9.71 12.78 11.61 9.71 8.91 6.64 4.96 5.33 5.33 6.46 7.30 7.08 6.06 3.94 2.99 1.02 1.90 1.90 1.53 1.53 1.10 0.73 0.00 0.00 0.00
0.00 0.00 0.00 0.00 0.00 0.00 0.00 0.00 0.00 0.00 0.00 0.00 0.00 0.00 0.00 0.00 0.00 0.00 0.00 0.00 0.00 0.00 0.00 0.00 0.00 0.00 0.00 0.00 0.00 0.00 0.00 0.00 0.00 0.00 0.00 0.00 0.00 0.00 0.00 0.00 0.00 4.96 10.66 9.42 15.91 17.37 16.86 19.05 17.67 16.06 14.38 14.38 17.23 13.58 13.43 14.53 14.24 12.48 10.88 11.17 10.88 11.53 10.37 8.25 5.26 4.74 4.53 4.60 5.62 3.80 4.60 3.07 2.99 3.21 3.14 4.02 4.02 4.09 2.41 2.36 1.24 1.02 0.00 0.00
0.00 0.00 0.00 0.00 0.00 0.00 0.00 0.00 0.00 0.00 0.00 0.00 0.00 0.00 0.00 0.00 0.00 0.00 0.00 0.00 0.00 0.00 0.00 0.00 0.00 0.00 0.00 0.00 0.00 0.00 0.00 0.00 0.00 0.00 0.00 0.00 0.00 0.00 0.00 0.00 1.10 4.89 12.48 15.55 16.94 17.16 17.59 17.01 14.16 13.07 13.43 13.43 14.02 14.16 15.18 16.50 15.70 13.43 10.59 8.83 8.98 10.00 8.25 8.91 5.04 3.72 3.50 2.12 3.65 3.07 2.85 3.14 2.85 3.50 2.77 3.43 3.43 3.50 3.80 2.35 1.25 1.53 1.02 1.17
0.00 0.00 0.00 0.00 0.00 0.00 0.00 0.00 0.00 0.00 0.00 0.00 0.00 0.00 0.00 0.00 0.00 0.00 0.00 0.00 0.00 0.00 0.00 0.00 0.00 0.00 0.00 0.00 0.00 0.00 0.00 0.00 0.00 0.00 0.00 0.00 0.00 0.00 0.00 0.00 3.58 5.40 15.77 17.74 17.67 17.16 13.65 15.77 12.12 11.24 13.14 13.14 14.53 15.04 16.86 15.48 16.13 13.43 10.66 7.96 6.50 8.03 8.40 4.31 3.50 2.85 4.89 4.16 2.70 2.19 4.09 4.38 4.45 2.92 2.77 1.46 1.46 2.19 0.88 1.53 0.29 0.73 0.00 0.00
