Wansh/Snow_depth/snowdepth-1994/winter/1995028.txt
ncols 321
nrows 161
xllcenter 60
yllcenter 15 
cellsize  0.25 
NODATA_value -1
[rows 0 to 36 of 161, columns 0 to 83 of 321]
10.51 10.51 9.93 9.20 9.93 17.59 19.78 19.20 24.02 27.89 27.89 28.11 27.89 27.23 26.50 26.86 26.43 25.77 25.19 25.26 25.55 24.16 24.16 24.02 23.65 24.82 24.82 22.63 22.92 23.00 24.45 24.09 24.97 23.07 23.36 23.21 23.87 24.45 24.24 25.92 25.84 25.26 25.04 23.65 24.02 24.09 24.31 24.02 23.94 25.11 24.53 24.53 24.16 22.12 21.24 21.46 22.92 23.36 24.09 23.58 23.80 21.02 21.75 21.24 20.37 20.44 19.27 17.67 18.18 12.70 14.09 9.71 11.02 10.59 12.92 14.02 14.02 13.29 14.45 14.45 14.09 16.79 17.96 17.96
20.37 20.37 20.66 18.61 18.32 17.96 21.46 24.75 23.87 25.99 27.16 28.40 27.16 26.79 27.23 27.52 26.57 27.01 26.13 24.82 25.19 24.02 25.04 24.89 24.97 25.19 25.19 21.97 22.19 22.05 23.58 22.70 22.41 22.19 20.00 22.85 22.70 23.21 25.26 25.11 24.89 24.45 24.45 22.05 22.41 23.14 22.85 21.97 24.67 24.53 24.09 24.09 22.27 23.00 21.53 21.46 21.75 17.96 18.83 14.97 18.10 18.98 15.48 14.67 13.94 14.75 14.67 12.99 9.13 12.26 7.15 7.81 7.74 12.78 12.26 14.60 14.60 16.35 16.28 16.64 18.47 17.96 19.86 21.39
21.68 21.68 21.24 19.64 20.15 22.48 21.61 24.45 25.26 24.97 24.97 28.18 28.40 26.13 25.40 26.72 26.50 26.13 26.21 24.60 23.94 24.31 24.60 23.94 21.32 20.95 20.95 21.39 18.69 20.15 20.00 20.37 18.83 20.15 19.56 20.88 21.90 21.83 22.27 24.02 24.24 21.90 21.10 21.10 19.56 19.42 20.29 21.17 20.88 19.27 20.66 20.66 21.68 17.01 16.57 11.32 13.72 14.67 10.00 7.15 6.64 7.45 10.37 12.05 13.21 12.92 12.70 8.91 9.71 7.66 7.66 10.95 15.33 13.94 18.03 20.15 20.15 19.27 21.75 21.90 21.75 21.90 21.61 21.61
21.68 21.68 21.24 19.64 20.15 22.48 21.61 24.45 25.26 24.97 24.97 28.18 28.40 26.13 25.40 26.72 26.50 26.13 26.21 24.60 23.94 24.31 24.60 23.94 21.32 20.95 20.95 21.39 18.69 20.15 20.00 20.37 18.83 20.15 19.56 20.88 21.90 21.83 22.27 24.02 24.24 21.90 21.10 21.10 19.56 19.42 20.29 21.17 20.88 19.27 20.66 20.66 21.68 17.01 16.57 11.32 13.72 14.67 10.00 7.15 6.64 7.45 10.37 12.05 13.21 12.92 12.70 8.91 9.71 7.66 7.66 10.95 15.33 13.94 18.03 20.15 20.15 19.27 21.75 21.90 21.75 21.90 21.61 21.61
23.07 23.07 21.61 23.14 20.51 25.62 25.26 25.19 25.11 23.73 26.57 25.48 25.70 25.70 24.97 22.56 21.61 22.19 23.36 23.51 24.45 21.53 21.97 22.19 21.24 19.20 19.20 17.96 18.32 18.98 18.83 18.76 18.83 21.46 20.44 20.51 20.66 21.90 21.68 21.97 21.02 21.83 18.40 18.83 18.54 17.74 17.81 19.05 17.01 17.89 11.61 11.61 6.13 12.26 7.23 8.10 4.45 1.68 2.04 3.72 6.13 5.04 11.02 14.09 13.21 16.06 15.48 15.99 15.99 10.80 17.74 18.40 15.40 18.10 21.10 19.56 19.56 22.48 23.58 22.92 23.36 21.53 21.75 22.12
22.12 22.12 22.34 23.73 23.58 25.11 24.02 23.87 24.67 23.73 27.30 25.40 26.13 23.51 21.02 21.75 21.10 20.37 17.52 18.03 17.81 20.15 19.71 20.44 18.32 19.20 19.20 18.18 19.20 18.61 19.56 21.24 21.90 21.68 21.39 21.24 21.10 21.32 21.90 22.12 21.83 19.05 19.71 17.96 18.03 17.30 14.02 14.60 9.05 8.83 9.93 9.93 5.26 4.23 4.31 5.55 2.26 2.70 1.24 1.46 4.09 10.22 8.25 14.97 17.16 16.86 16.94 16.13 16.28 16.06 16.79 16.57 16.86 18.69 17.89 21.10 21.10 23.00 22.48 23.29 21.90 22.27 21.46 21.53
21.17 21.17 22.27 22.56 22.34 22.41 23.00 21.53 24.53 26.50 27.23 26.50 26.72 23.65 20.37 18.69 17.01 17.30 16.43 12.99 15.99 17.96 17.59 19.71 19.27 19.27 19.27 19.13 18.98 19.13 18.83 20.59 20.95 20.66 20.81 19.35 20.81 20.88 21.32 21.90 22.27 17.52 15.48 17.45 14.97 13.14 13.72 9.64 10.37 10.07 10.22 10.22 6.79 5.04 6.57 5.99 8.91 9.71 3.50 6.72 5.55 9.93 14.60 13.65 15.62 15.91 16.13 16.13 15.11 14.16 14.16 13.94 15.84 14.60 16.21 18.25 18.25 17.59 19.13 19.86 20.95 21.75 21.10 21.10
21.17 21.17 22.27 22.56 22.34 22.41 23.00 21.53 24.53 26.50 27.23 26.50 26.72 23.65 20.37 18.69 17.01 17.30 16.43 12.99 15.99 17.96 17.59 19.71 19.27 19.27 19.27 19.13 18.98 19.13 18.83 20.59 20.95 20.66 20.81 19.35 20.81 20.88 21.32 21.90 22.27 17.52 15.48 17.45 14.97 13.14 13.72 9.64 10.37 10.07 10.22 10.22 6.79 5.04 6.57 5.99 8.91 9.71 3.50 6.72 5.55 9.93 14.60 13.65 15.62 15.91 16.13 16.13 15.11 14.16 14.16 13.94 15.84 14.60 16.21 18.25 18.25 17.59 19.13 19.86 20.95 21.75 21.10 21.10
20.66 20.66 22.63 21.97 22.70 18.25 20.00 19.35 22.56 27.01 23.21 22.48 20.73 19.42 19.64 18.91 12.99 9.78 11.39 10.80 12.34 14.09 17.52 16.64 19.42 18.61 18.61 17.30 17.30 18.61 20.51 20.66 20.95 17.81 17.74 17.81 18.10 20.08 19.93 19.93 16.57 17.59 15.48 16.79 15.99 14.67 13.36 13.94 12.78 12.78 12.78 12.78 11.61 11.10 8.10 11.97 11.32 12.92 13.21 13.14 13.87 14.24 13.51 14.24 13.72 13.80 14.45 14.24 14.31 13.36 13.58 13.58 13.36 14.60 14.02 16.72 16.72 16.64 16.79 16.21 13.29 15.99 15.77 16.64
17.81 17.81 21.46 19.71 18.32 18.98 16.43 20.29 20.00 22.56 23.73 20.37 18.54 15.55 13.87 10.95 11.53 8.98 10.44 10.59 14.53 13.21 17.30 18.91 18.10 18.76 18.76 16.57 16.79 16.13 19.49 20.37 18.47 18.98 16.94 16.50 16.43 17.89 20.37 20.29 19.56 17.16 17.16 17.52 17.08 16.06 13.51 13.65 13.94 13.87 13.29 13.29 13.65 12.78 13.72 13.80 13.94 14.24 13.14 13.80 13.58 13.94 13.51 12.85 12.85 12.92 12.19 12.12 11.24 10.00 10.15 10.44 10.29 10.29 12.26 14.31 14.31 14.24 13.21 11.17 10.95 12.92 14.60 13.43
16.94 16.94 18.61 19.05 18.47 16.57 17.16 15.77 19.05 17.08 20.29 14.89 14.82 14.67 12.63 10.07 10.37 10.95 10.80 13.72 16.21 18.32 18.40 18.76 16.94 15.33 15.33 15.55 16.64 18.98 19.86 19.86 17.59 16.57 17.30 15.62 17.96 17.23 18.83 19.27 19.27 18.25 17.37 17.16 17.67 16.79 17.08 14.24 14.24 14.16 14.82 14.82 14.24 14.75 14.31 13.58 13.80 12.70 11.46 11.75 9.93 9.49 11.75 12.34 12.63 12.41 11.39 9.93 10.07 9.13 8.98 8.91 9.71 10.66 9.93 13.14 13.14 11.17 12.92 13.21 12.56 12.19 13.14 12.85
16.94 16.94 18.61 19.05 18.47 16.57 17.16 15.77 19.05 17.08 20.29 14.89 14.82 14.67 12.63 10.07 10.37 10.95 10.80 13.72 16.21 18.32 18.40 18.76 16.94 15.33 15.33 15.55 16.64 18.98 19.86 19.86 17.59 16.57 17.30 15.62 17.96 17.23 18.83 19.27 19.27 18.25 17.37 17.16 17.67 16.79 17.08 14.24 14.24 14.16 14.82 14.82 14.24 14.75 14.31 13.58 13.80 12.70 11.46 11.75 9.93 9.49 11.75 12.34 12.63 12.41 11.39 9.93 10.07 9.13 8.98 8.91 9.71 10.66 9.93 13.14 13.14 11.17 12.92 13.21 12.56 12.19 13.14 12.85
16.35 16.35 17.81 18.40 18.61 17.30 15.70 16.13 17.81 13.58 12.78 13.80 13.43 14.75 14.24 13.14 11.68 11.90 12.19 11.90 14.45 18.91 17.59 16.06 16.72 15.33 15.33 16.35 15.77 18.40 14.75 15.11 15.84 12.78 15.18 14.89 16.28 17.81 17.96 16.50 18.18 18.25 17.37 17.08 17.67 16.79 16.64 17.59 14.89 14.60 15.04 15.04 13.80 13.80 14.02 13.14 12.34 12.70 11.24 9.27 9.64 7.59 5.77 5.91 5.84 7.45 7.74 7.74 8.03 7.23 7.30 8.47 9.42 9.05 10.22 10.44 10.44 10.29 12.34 14.45 13.21 11.46 12.70 10.59
18.83 18.83 18.10 18.25 17.45 17.81 16.06 12.92 17.16 12.70 13.58 15.48 15.62 14.02 14.60 13.29 13.43 13.36 12.48 14.31 15.70 15.11 16.50 15.62 15.62 15.40 15.40 15.91 14.38 12.92 13.65 11.90 12.34 12.26 13.29 15.40 14.60 13.80 15.11 15.18 15.62 17.16 17.30 17.08 17.23 17.16 18.03 14.67 15.26 12.41 12.05 12.05 12.70 13.58 12.34 12.56 12.19 12.05 8.54 10.51 7.01 7.52 4.96 4.60 6.13 5.40 7.74 8.18 7.96 7.59 7.15 7.08 8.18 9.93 9.86 10.51 10.51 10.37 10.22 10.80 10.80 10.66 8.18 7.37
18.03 18.03 17.74 17.74 16.79 15.91 16.35 14.53 13.51 13.87 13.58 15.11 13.94 12.78 13.51 14.09 14.09 13.58 14.75 13.43 14.97 14.45 15.99 15.70 15.18 15.26 15.26 15.11 14.02 12.34 11.97 11.68 12.78 13.21 12.92 13.94 13.43 13.43 14.97 15.55 15.11 16.28 16.06 16.13 16.35 14.82 13.72 14.45 11.68 11.32 11.24 11.24 11.90 11.39 11.53 11.53 11.02 11.32 8.10 5.48 5.77 4.45 4.02 3.65 4.74 4.67 5.55 5.04 6.64 5.69 5.99 5.55 7.30 6.79 8.76 11.02 11.02 11.32 9.20 9.05 8.10 7.88 6.79 6.06
18.98 18.98 18.32 16.28 16.94 14.89 15.62 14.24 15.55 14.53 14.97 12.92 12.48 11.97 12.85 13.51 15.33 14.38 14.67 13.51 12.12 14.09 15.04 15.18 14.16 14.31 14.31 14.09 13.21 12.85 12.48 12.34 12.41 12.12 12.48 12.26 14.02 15.99 15.77 15.62 15.84 13.87 14.09 13.51 14.24 14.02 14.24 12.48 11.97 10.51 11.97 11.97 11.53 11.53 8.98 9.20 7.01 5.33 6.79 5.62 5.18 4.96 4.60 4.38 4.31 3.94 4.82 5.91 5.62 5.77 5.48 5.48 6.35 9.13 10.37 10.73 10.73 10.37 9.27 8.10 8.03 8.83 8.61 7.45
18.98 18.98 18.32 16.28 16.94 14.89 15.62 14.24 15.55 14.53 14.97 12.92 12.48 11.97 12.85 13.51 15.33 14.38 14.67 13.51 12.12 14.09 15.04 15.18 14.16 14.31 14.31 14.09 13.21 12.85 12.48 12.34 12.41 12.12 12.48 12.26 14.02 15.99 15.77 15.62 15.84 13.87 14.09 13.51 14.24 14.02 14.24 12.48 11.97 10.51 11.97 11.97 11.53 11.53 8.98 9.20 7.01 5.33 6.79 5.62 5.18 4.96 4.60 4.38 4.31 3.94 4.82 5.91 5.62 5.77 5.48 5.48 6.35 9.13 10.37 10.73 10.73 10.37 9.27 8.10 8.03 8.83 8.61 7.45
18.47 18.47 18.98 16.28 17.08 17.23 17.59 15.11 15.26 13.72 11.83 10.22 10.59 10.22 14.09 13.29 15.40 13.58 10.95 10.80 10.66 12.41 11.68 13.36 12.99 14.67 14.67 14.97 13.65 13.58 13.07 11.75 12.41 11.97 12.34 12.34 12.26 15.33 13.94 14.45 12.05 12.99 13.43 13.14 14.09 13.87 13.87 13.36 11.90 12.26 11.83 11.83 11.68 11.90 8.32 6.13 6.72 3.94 5.77 5.33 5.40 6.50 7.15 7.30 5.04 3.50 2.99 3.07 3.50 4.16 3.87 5.62 8.40 10.07 9.78 10.00 10.00 8.10 7.81 5.91 5.84 7.15 8.10 8.18
18.61 18.61 19.42 18.91 18.98 19.86 20.00 17.89 18.10 14.89 11.46 8.47 8.32 10.22 13.72 13.58 12.56 12.99 10.44 9.86 11.68 11.10 11.53 13.07 14.16 13.51 13.51 14.97 13.43 13.14 13.58 11.53 10.80 10.15 9.93 9.56 8.32 7.15 11.53 9.93 10.29 10.88 12.99 14.60 14.16 14.38 13.51 14.02 12.63 11.97 12.05 12.05 10.88 8.47 6.50 6.86 5.55 5.40 5.91 6.20 6.28 5.91 8.10 7.23 7.88 5.18 3.43 3.50 3.58 3.29 4.82 4.45 5.62 5.26 9.05 8.69 8.69 8.40 9.42 8.91 7.37 6.57 6.64 7.23
15.26 15.26 17.37 18.69 17.96 20.15 19.42 17.37 19.20 12.48 11.61 11.68 9.64 11.24 14.97 13.29 12.48 12.56 11.39 12.26 10.73 10.59 12.41 11.83 12.19 10.88 10.88 12.12 12.56 10.29 10.00 10.29 9.42 8.54 6.57 6.57 6.13 9.64 9.42 9.56 12.26 15.26 14.97 16.35 14.60 15.04 13.51 12.56 12.34 12.34 10.37 10.37 10.95 8.40 6.72 7.66 7.45 7.96 10.59 9.34 8.83 10.37 11.02 10.15 7.66 7.45 5.62 6.06 5.55 4.89 4.45 4.67 4.53 6.94 5.91 8.61 8.61 6.42 9.56 10.07 9.64 7.52 7.88 6.94
13.94 13.94 10.51 15.84 17.67 16.57 20.00 16.72 15.91 15.04 14.31 14.75 14.75 14.16 14.38 14.02 13.87 13.14 12.19 12.41 12.19 11.61 12.34 12.12 12.99 10.73 10.73 10.66 10.88 10.95 10.59 9.05 9.42 7.88 7.45 9.05 8.40 10.73 12.85 12.48 13.14 15.04 15.26 15.11 14.45 14.09 14.45 12.63 12.34 9.71 10.29 10.29 8.10 7.59 7.52 7.81 7.96 7.81 9.71 11.17 10.95 11.10 10.44 10.59 8.69 9.42 7.15 5.55 5.69 5.69 4.45 4.45 4.31 4.23 4.16 7.30 7.30 5.40 6.42 8.54 8.18 8.76 8.32 7.59
9.93 9.93 10.07 11.97 16.79 17.23 18.03 18.03 15.33 13.94 12.41 14.09 14.45 14.45 15.11 14.89 15.26 14.67 15.04 13.65 14.02 12.70 12.85 12.12 11.68 11.39 11.39 11.24 11.97 11.32 11.61 10.07 10.29 10.80 9.27 9.34 9.93 9.71 11.68 13.43 11.75 12.12 13.07 13.36 13.14 13.43 13.51 13.36 12.05 9.56 8.83 8.83 8.69 9.34 8.69 8.83 8.03 8.98 8.69 9.42 9.93 9.93 10.00 9.20 9.20 8.69 7.74 7.52 5.26 4.45 3.72 3.72 3.80 3.65 3.50 5.11 5.11 4.67 5.77 6.20 6.94 7.08 7.01 6.64
9.93 9.93 10.07 11.97 16.79 17.23 18.03 18.03 15.33 13.94 12.41 14.09 14.45 14.45 15.11 14.89 15.26 14.67 15.04 13.65 14.02 12.70 12.85 12.12 11.68 11.39 11.39 11.24 11.97 11.32 11.61 10.07 10.29 10.80 9.27 9.34 9.93 9.71 11.68 13.43 11.75 12.12 13.07 13.36 13.14 13.43 13.51 13.36 12.05 9.56 8.83 8.83 8.69 9.34 8.69 8.83 8.03 8.98 8.69 9.42 9.93 9.93 10.00 9.20 9.20 8.69 7.74 7.52 5.26 4.45 3.72 3.72 3.80 3.65 3.50 5.11 5.11 4.67 5.77 6.20 6.94 7.08 7.01 6.64
10.22 10.22 10.59 10.15 13.65 15.62 15.48 16.50 11.61 11.75 12.19 13.21 13.80 16.79 18.18 17.08 15.48 15.26 15.33 14.45 14.02 12.41 12.56 11.83 13.14 13.21 13.21 13.21 13.65 12.12 13.14 13.29 12.05 10.66 9.20 10.15 9.42 9.93 11.83 11.90 11.02 10.29 10.22 12.56 12.70 12.41 12.85 12.19 11.10 10.00 8.83 8.83 9.42 9.20 9.56 9.27 10.51 10.51 9.64 9.27 8.47 8.61 8.98 10.44 10.29 9.42 8.98 6.64 7.52 5.26 4.31 5.84 5.18 3.94 4.23 3.58 3.58 3.50 4.96 6.42 7.66 6.86 9.20 6.86
13.58 13.58 11.02 12.78 13.43 12.34 12.41 12.05 14.31 14.38 15.04 15.40 15.33 16.13 17.59 14.16 14.38 15.40 15.70 15.77 14.67 12.56 12.78 12.92 14.09 13.36 13.36 12.70 13.14 11.32 12.92 10.44 9.34 9.56 8.54 8.25 8.54 9.64 10.22 10.22 10.22 10.44 11.68 10.95 13.51 13.29 12.34 12.56 12.26 10.88 10.15 10.15 9.56 10.44 10.37 10.29 11.24 10.95 11.24 10.37 9.56 9.71 9.86 10.59 11.68 13.65 10.95 9.71 8.40 7.81 6.72 7.01 6.72 11.10 10.51 4.60 4.60 7.15 6.13 8.61 8.03 11.39 9.42 10.22
15.84 15.84 15.62 13.80 14.16 13.07 13.36 14.67 18.18 17.45 15.70 14.75 15.11 14.45 13.58 13.94 14.09 15.55 15.40 14.09 14.75 12.48 13.07 11.90 12.41 12.56 12.56 11.75 11.39 13.14 12.41 10.80 9.71 8.54 8.69 8.83 9.34 9.05 10.15 11.02 10.15 10.59 12.12 13.72 13.21 13.51 12.70 12.85 12.78 11.32 9.64 9.64 10.66 10.22 12.48 13.14 11.90 14.97 16.64 15.91 13.43 12.12 14.24 15.40 15.11 15.33 12.48 9.64 10.37 8.25 8.91 11.24 12.63 13.29 15.40 13.72 13.72 12.26 7.52 8.98 9.05 10.88 11.68 11.61
17.52 17.52 18.10 15.26 15.40 13.43 17.45 17.08 18.91 18.32 16.94 15.04 15.40 14.45 13.94 14.67 14.60 14.60 14.38 11.90 11.83 12.05 10.44 10.44 10.73 10.59 10.59 10.22 12.12 13.43 11.24 11.83 9.93 10.44 10.59 9.86 12.63 11.97 11.46 11.10 10.29 9.56 10.22 12.85 12.12 10.80 10.80 11.10 11.61 11.75 10.88 10.88 10.15 11.83 11.39 13.72 16.13 18.03 17.81 16.57 16.13 15.40 15.55 15.48 15.33 13.14 13.65 11.90 9.93 10.59 11.24 10.59 13.21 14.97 15.33 14.97 14.97 15.40 10.73 8.10 9.05 11.53 13.72 11.61
17.74 17.74 18.61 17.52 14.97 15.62 18.18 19.71 19.35 18.91 18.98 19.20 16.72 16.06 17.96 15.84 14.67 12.70 12.56 11.32 10.59 9.71 9.78 9.64 10.29 10.80 10.80 11.83 11.83 12.63 10.15 10.29 10.37 10.37 11.02 12.85 13.36 10.15 10.66 9.27 9.86 8.03 9.71 10.66 10.95 10.22 10.59 10.29 11.53 12.26 11.24 11.24 9.78 9.20 12.41 11.90 14.02 15.77 16.35 16.50 15.18 14.38 11.39 11.32 13.94 11.24 10.73 9.78 11.24 10.88 11.75 13.51 14.97 15.40 14.82 15.91 15.91 16.86 15.48 11.02 12.26 13.65 13.51 13.21
17.74 17.74 18.61 17.52 14.97 15.62 18.18 19.71 19.35 18.91 18.98 19.20 16.72 16.06 17.96 15.84 14.67 12.70 12.56 11.32 10.59 9.71 9.78 9.64 10.29 10.80 10.80 11.83 11.83 12.63 10.15 10.29 10.37 10.37 11.02 12.85 13.36 10.15 10.66 9.27 9.86 8.03 9.71 10.66 10.95 10.22 10.59 10.29 11.53 12.26 11.24 11.24 9.78 9.20 12.41 11.90 14.02 15.77 16.35 16.50 15.18 14.38 11.39 11.32 13.94 11.24 10.73 9.78 11.24 10.88 11.75 13.51 14.97 15.40 14.82 15.91 15.91 16.86 15.48 11.02 12.26 13.65 13.51 13.21
17.67 17.67 17.67 16.21 16.50 16.35 17.16 18.03 19.35 20.37 21.90 20.88 20.81 17.67 18.25 17.01 8.32 8.25 8.83 6.35 5.48 8.32 8.69 10.51 10.22 10.66 10.66 11.39 10.66 9.64 9.71 9.05 9.42 9.34 8.69 10.88 8.76 9.05 6.57 6.28 7.37 6.94 8.69 8.98 9.49 9.78 10.07 11.75 11.39 12.99 13.21 13.21 11.53 11.90 11.83 11.46 11.17 10.80 10.66 12.48 11.61 9.56 10.66 10.22 10.66 10.29 10.37 10.22 10.29 12.26 12.92 12.26 13.51 13.36 13.94 14.16 14.16 15.33 16.79 15.62 13.51 12.56 13.29 14.67
14.60 14.60 15.11 15.26 16.06 15.70 17.16 17.52 19.56 22.05 23.43 17.81 17.67 13.72 5.40 5.11 5.18 5.55 3.14 4.31 4.23 5.99 6.86 8.98 8.69 8.40 8.40 10.88 10.51 10.07 8.83 8.98 7.88 7.52 6.13 6.13 5.33 4.60 4.53 4.31 3.65 7.74 7.59 8.32 7.96 9.56 9.34 11.90 13.51 13.65 13.94 13.94 12.41 12.26 12.05 12.26 10.44 9.20 10.51 10.00 11.17 9.34 8.18 8.25 8.76 9.71 11.32 11.02 11.53 11.24 10.29 10.95 11.83 12.92 11.32 12.34 12.34 12.19 14.31 11.68 12.85 11.53 11.10 12.34
14.38 14.38 15.40 15.99 16.72 16.50 16.50 16.79 18.47 15.04 15.11 15.91 11.24 4.38 4.31 2.92 0.00 0.00 2.19 4.60 3.65 5.84 5.69 4.96 7.30 6.64 6.64 9.64 9.42 7.96 7.96 6.94 6.28 7.01 4.38 1.90 1.90 2.92 2.85 2.12 1.83 4.60 4.96 4.96 6.06 8.18 9.49 11.68 11.46 10.73 10.29 10.29 12.63 12.78 12.12 10.51 11.10 8.69 7.96 4.96 5.55 6.72 6.28 7.30 9.20 10.66 10.44 10.66 11.17 11.83 10.37 10.51 8.91 10.07 7.81 11.24 11.24 9.13 9.71 9.64 13.72 9.49 11.24 12.56
13.87 13.87 11.39 15.91 14.09 15.33 15.26 9.93 10.80 9.20 9.42 10.07 0.00 0.00 0.00 0.44 1.10 2.34 2.34 0.00 2.34 0.00 3.36 2.70 4.89 5.99 5.99 6.13 7.30 7.37 4.89 3.87 1.68 1.24 2.56 1.17 0.88 0.80 1.24 1.17 1.10 1.02 1.68 2.77 5.99 5.91 7.52 9.49 9.20 9.13 8.40 8.40 9.13 8.54 8.91 7.66 5.69 2.56 1.83 1.83 4.31 5.91 7.01 6.72 8.10 9.56 9.71 10.07 11.24 8.76 7.74 10.07 10.15 4.67 5.69 6.13 6.13 7.01 8.98 9.27 10.22 10.80 10.66 11.39
7.52 7.52 7.37 12.78 11.17 11.75 4.89 6.64 5.55 4.74 0.00 1.39 0.80 0.80 1.02 0.00 0.95 0.66 0.15 0.00 0.00 0.00 1.39 0.00 3.36 2.92 2.92 2.85 6.06 2.99 3.50 2.41 0.00 0.00 0.00 0.00 0.00 0.00 0.00 0.58 0.29 1.46 1.17 2.26 2.85 4.82 4.45 6.72 8.18 8.47 8.54 8.54 8.69 8.83 7.08 5.11 5.77 1.53 0.22 2.12 1.31 5.04 7.15 8.83 8.47 8.47 8.25 8.61 6.79 7.01 6.94 6.86 5.77 4.53 0.00 0.00 0.00 4.89 7.08 7.81 8.61 8.32 6.42 5.48
4.23 4.23 0.00 8.69 4.09 0.00 0.00 3.50 0.00 0.00 0.00 0.00 0.00 0.00 0.22 0.00 0.73 0.07 0.00 0.00 0.00 0.00 0.00 0.00 0.00 0.00 0.00 0.00 0.00 1.75 0.00 0.00 0.00 0.00 0.00 0.00 0.00 0.00 0.29 1.02 0.00 0.58 1.68 2.48 2.26 3.43 4.31 5.40 7.45 8.10 8.98 8.98 9.05 9.05 7.96 3.94 0.00 0.73 0.00 0.00 6.94 8.25 9.13 8.76 9.42 9.13 8.98 7.01 5.84 6.13 7.23 0.00 5.11 0.00 6.20 5.11 5.11 8.91 5.26 8.69 8.69 9.64 8.76 5.77
4.23 4.23 0.00 8.69 4.09 0.00 0.00 3.50 0.00 0.00 0.00 0.00 0.00 0.00 0.22 0.00 0.73 0.07 0.00 0.00 0.00 0.00 0.00 0.00 0.00 0.00 0.00 0.00 0.00 1.75 0.00 0.00 0.00 0.00 0.00 0.00 0.00 0.00 0.29 1.02 0.00 0.58 1.68 2.48 2.26 3.43 4.31 5.40 7.45 8.10 8.98 8.98 9.05 9.05 7.96 3.94 0.00 0.73 0.00 0.00 6.94 8.25 9.13 8.76 9.42 9.13 8.98 7.01 5.84 6.13 7.23 0.00 5.11 0.00 6.20 5.11 5.11 8.91 5.26 8.69 8.69 9.64 8.76 5.77
2.70 2.70 0.00 0.00 0.00 0.00 0.00 0.00 0.00 0.00 0.00 0.00 0.00 0.00 0.00 0.00 0.00 0.00 0.00 0.00 0.00 0.00 0.00 0.00 0.00 0.00 0.00 0.00 0.00 0.00 0.00 0.00 0.00 0.00 0.00 0.00 0.00 0.00 0.66 1.53 1.24 1.10 0.51 1.83 3.21 3.14 3.72 4.23 6.06 5.77 6.06 6.06 6.35 7.52 2.70 4.82 0.00 0.00 1.61 6.94 5.91 7.81 9.56 9.93 11.24 10.22 10.88 8.32 5.40 6.06 6.86 6.64 6.86 5.91 6.94 9.13 9.13 9.64 6.20 11.17 10.88 12.19 11.39 10.66
