Wansh/Snow_depth/snowdepth-1994/winter/1995015.txt
ncols 321
nrows 161
xllcenter 60
yllcenter 15 
cellsize  0.25 
NODATA_value -1
[rows 74 to 110 of 161, columns 84 to 167 of 321]
4.38 5.40 3.80 4.82 3.50 2.63 2.63 2.85 2.34 1.02 0.00 1.53 2.70 0.00 4.96 4.82 3.58 0.00 0.00 0.00 0.00 0.00 0.00 0.00 3.36 5.40 4.45 2.48 0.00 3.65 0.00 0.00 0.00 0.00 0.00 0.37 1.10 0.00 2.41 0.00 0.00 0.00 1.17 1.17 0.73 0.66 1.10 1.46 1.83 2.12 2.56 2.34 2.70 1.32 1.86 0.00 1.53 1.24 0.73 0.58 0.00 0.88 0.80 0.00 0.07 0.07 0.80 3.14 3.14 2.93 3.37 3.07 0.73 0.00 0.00 0.00 0.00 0.00 0.00 1.83 0.00 0.88 0.73 1.68
1.83 2.48 0.44 1.31 1.97 2.19 3.36 3.65 2.85 0.00 0.00 0.00 0.00 3.29 0.00 2.92 3.65 3.14 3.14 3.21 3.50 0.00 0.00 0.00 4.96 6.13 5.04 3.87 5.04 0.00 4.38 0.00 3.65 0.00 0.00 0.00 0.00 0.00 0.00 0.00 0.00 0.00 0.73 0.73 0.73 0.22 1.02 0.66 0.95 1.61 1.24 1.46 1.31 1.61 1.68 2.04 1.17 1.46 1.31 1.39 1.39 1.53 1.02 0.00 0.00 0.58 1.75 3.72 3.72 3.96 2.70 3.21 0.00 0.00 0.00 0.00 0.00 0.00 0.00 0.00 0.00 0.29 0.00 0.37
0.00 1.31 1.83 2.56 2.41 3.50 3.14 3.65 3.65 3.43 3.50 3.21 4.45 4.60 0.00 4.82 4.60 4.09 4.09 4.09 4.16 0.00 0.00 0.00 5.18 4.89 5.84 3.80 4.74 4.23 0.00 2.70 3.07 3.14 0.00 0.00 0.00 0.00 0.00 0.00 0.00 2.19 0.00 0.00 0.07 0.22 1.46 1.61 1.02 0.00 0.88 0.00 0.22 0.37 1.46 0.73 0.00 0.51 0.44 0.00 0.07 0.51 1.17 0.00 0.00 0.29 0.88 2.70 2.70 1.97 2.56 1.10 0.07 0.73 0.00 0.00 0.00 0.00 0.00 0.00 0.00 0.00 0.22 0.15
0.00 0.29 1.46 1.83 2.48 2.34 2.85 3.58 3.65 4.60 5.11 5.18 5.11 5.48 4.96 4.96 4.60 0.00 0.00 0.00 0.00 0.00 0.00 4.74 4.45 0.00 0.00 4.67 4.45 4.31 0.00 0.00 0.00 0.00 0.00 0.00 0.00 0.00 0.00 0.00 0.00 0.00 0.00 0.00 1.39 0.00 0.00 0.00 0.00 0.00 0.00 0.80 0.00 0.00 0.44 0.37 0.00 0.00 0.00 0.22 0.00 0.00 0.00 0.00 0.00 0.00 0.00 0.73 0.73 0.00 0.66 0.80 0.95 1.83 0.00 0.00 0.00 0.00 0.00 0.00 0.00 0.00 0.51 0.44
0.58 2.41 2.34 1.46 1.31 0.00 3.14 3.36 4.38 4.60 5.11 4.82 5.62 4.89 4.89 5.11 4.38 4.23 4.23 4.60 4.53 0.00 0.00 0.00 0.00 0.00 0.00 3.36 4.45 3.58 0.00 0.00 0.00 0.00 0.00 0.00 0.00 0.00 0.00 0.00 0.00 0.00 0.00 0.00 0.00 0.00 2.92 3.21 0.00 0.00 0.00 0.00 0.00 1.68 0.00 0.00 0.88 0.73 0.80 0.80 0.22 0.00 0.73 0.51 0.15 0.00 0.00 0.00 0.00 0.00 0.73 0.51 0.95 1.02 0.00 0.00 0.00 0.00 0.00 0.00 0.00 0.00 0.44 0.52
1.10 1.61 0.00 0.00 0.00 0.00 3.65 3.94 4.67 4.89 4.89 4.60 5.11 5.18 5.11 3.87 4.74 4.60 4.60 4.82 4.67 3.72 0.00 3.80 0.00 3.14 0.00 2.56 3.21 0.00 0.00 0.00 0.00 0.00 0.00 0.00 0.00 0.00 0.00 0.00 0.00 0.00 0.00 0.00 0.00 0.00 0.00 2.92 0.00 0.00 0.00 0.00 0.00 0.00 0.07 0.51 0.66 0.95 0.00 0.37 0.95 0.58 0.29 0.22 0.00 0.00 0.00 0.00 0.00 0.00 0.00 0.00 0.88 0.22 0.00 0.00 0.00 0.58 0.22 0.00 0.00 1.10 0.80 1.39
1.17 0.00 0.00 0.00 0.00 0.00 3.80 0.00 4.02 4.45 4.23 4.67 4.89 3.65 3.50 4.02 3.87 4.23 4.23 3.65 0.00 0.00 2.85 3.21 3.36 0.00 0.00 0.00 0.00 0.00 0.00 0.00 0.00 0.00 0.00 0.00 0.00 0.00 0.00 0.00 0.00 0.00 0.00 0.00 0.00 0.00 0.00 0.00 1.68 0.00 0.00 0.00 0.00 0.00 0.00 0.00 0.15 0.00 0.00 0.51 0.22 0.95 0.15 0.00 0.00 0.00 0.00 0.00 0.00 0.00 0.00 0.44 0.88 0.58 0.07 0.00 0.45 0.31 0.73 0.95 0.73 1.46 3.65 5.84
0.00 0.00 0.00 0.00 0.00 0.00 0.00 0.00 0.00 3.80 4.67 4.53 4.60 4.53 3.87 4.02 4.02 0.00 0.00 3.58 0.00 0.00 0.00 2.34 2.77 0.00 0.00 0.00 0.00 0.00 0.00 0.00 0.00 0.00 0.00 0.80 0.00 0.00 0.00 0.00 0.00 0.00 0.00 0.00 0.00 0.00 0.00 0.00 0.73 0.00 0.00 0.00 0.00 0.00 0.00 0.00 0.00 0.00 0.00 0.00 0.00 0.00 0.44 0.00 0.00 0.00 0.00 0.00 0.00 0.44 0.00 0.29 1.39 2.85 1.53 1.32 1.18 0.84 1.89 2.10 1.54 2.34 4.23 5.18
2.70 2.48 3.14 2.48 0.00 0.00 0.00 3.21 0.00 0.00 4.38 4.82 4.45 4.31 4.09 0.00 3.80 3.43 3.43 1.97 2.48 1.83 0.00 0.00 0.00 0.00 0.00 0.00 0.00 0.00 0.00 0.00 0.00 0.00 0.00 0.07 0.00 0.15 0.00 0.00 0.00 0.00 0.00 0.00 0.00 0.00 0.00 0.00 0.00 0.00 0.00 0.00 0.00 0.00 0.00 0.00 0.00 0.00 0.00 0.00 0.00 0.00 0.15 0.51 0.58 0.00 0.00 0.00 0.00 1.31 0.15 0.80 1.97 3.87 3.07 3.50 1.83 2.63 2.92 2.71 2.41 2.41 3.14 3.29
0.51 1.97 1.68 2.19 2.19 0.00 0.00 0.00 0.00 3.87 4.60 4.53 4.53 0.00 4.53 4.74 0.00 0.00 0.00 1.90 0.00 0.00 0.00 0.00 0.00 0.00 0.00 0.00 0.00 0.00 0.00 0.00 0.00 0.00 0.37 0.22 0.00 0.07 0.22 0.00 0.00 0.00 0.00 0.00 0.00 0.00 0.00 0.00 0.00 0.00 0.00 0.00 0.00 0.00 0.00 0.00 0.00 0.00 0.00 0.00 0.00 0.00 0.73 0.66 0.73 1.39 1.39 0.44 0.44 1.46 1.10 1.10 1.68 3.65 4.53 5.55 3.36 3.07 4.53 3.07 3.36 3.36 3.07 2.34
3.21 2.56 2.63 2.63 2.19 1.83 0.00 0.00 0.00 4.16 4.60 0.00 0.00 0.00 4.60 0.00 0.00 0.00 0.00 0.00 0.00 0.00 0.00 1.83 0.00 0.00 0.00 2.41 1.75 0.00 0.51 0.00 0.00 0.29 1.61 1.83 0.00 0.44 0.37 0.00 0.00 0.00 0.00 0.00 0.00 0.00 0.00 0.00 0.00 0.00 0.00 0.00 0.00 0.00 0.00 0.00 0.00 0.07 0.00 0.00 0.07 0.22 1.53 0.73 1.17 1.75 1.90 1.68 1.68 1.90 3.87 2.99 2.77 4.38 4.74 5.40 5.62 6.13 5.40 4.67 3.94 3.50 2.34 1.17
3.80 2.99 2.34 2.26 2.04 2.41 2.34 0.00 3.72 4.60 4.74 4.16 3.94 0.00 0.00 0.00 0.00 0.00 0.00 0.00 0.00 4.31 0.00 0.00 0.00 0.00 0.00 2.19 1.61 1.31 1.53 0.22 0.73 0.88 2.19 0.00 1.75 0.37 1.02 0.00 0.00 0.00 0.00 0.00 0.00 0.00 0.00 0.00 0.22 0.07 0.00 0.00 0.00 0.00 0.00 0.66 0.37 0.07 0.00 0.07 0.22 1.19 2.03 2.63 1.83 2.48 2.26 2.70 2.70 3.21 6.35 4.82 4.89 4.67 4.60 4.16 3.29 5.91 4.23 5.11 4.96 5.04 3.21 1.31
3.21 2.99 3.29 2.85 2.70 3.21 3.72 4.02 4.31 4.38 0.00 0.00 0.00 0.00 0.00 0.00 0.00 0.00 0.00 0.00 5.18 5.04 5.33 0.00 0.00 0.00 2.12 2.34 2.70 3.07 3.87 3.36 0.00 4.45 0.00 0.00 0.00 0.00 0.00 2.77 2.04 1.46 1.39 1.39 1.97 1.53 1.39 2.85 2.85 2.04 1.68 1.97 0.00 0.00 1.46 1.83 0.22 0.15 0.58 0.51 1.24 1.61 1.12 1.02 1.68 2.56 2.92 4.16 4.16 3.50 6.42 9.49 7.52 3.87 1.24 1.46 1.53 1.75 1.97 3.72 5.40 5.18 4.82 2.19
2.34 2.85 3.29 2.56 3.72 3.50 3.80 4.23 0.00 0.00 0.00 0.00 0.00 0.00 0.00 4.45 0.00 0.00 0.00 0.00 5.40 5.48 4.23 0.00 0.00 1.75 1.97 2.70 4.02 2.99 2.41 2.92 0.00 4.16 0.00 3.43 0.00 0.00 0.00 0.00 2.19 2.12 2.63 2.63 1.83 1.53 1.61 2.12 1.61 1.83 2.12 2.12 0.15 0.00 1.10 1.46 0.44 0.80 0.88 1.39 1.53 1.10 1.10 2.77 2.74 6.35 5.77 5.91 5.91 4.89 4.74 7.88 6.06 4.02 2.41 1.75 1.39 2.34 2.63 3.87 4.74 4.96 3.58 1.53
2.92 3.58 2.34 2.92 2.85 3.58 3.94 3.58 3.58 0.00 0.00 0.00 3.94 4.02 4.31 4.45 0.00 3.72 3.72 0.00 0.00 4.89 3.07 0.00 1.75 1.68 1.83 3.80 4.16 3.43 2.77 3.21 3.43 3.43 3.80 1.83 2.04 1.68 2.12 3.43 3.36 2.85 2.99 2.99 2.85 1.97 1.53 2.48 2.41 2.56 2.41 2.34 0.00 1.97 1.39 1.10 0.80 1.31 1.46 1.46 1.53 1.68 2.12 4.60 5.53 8.73 6.72 5.55 5.55 4.23 2.04 4.02 3.36 2.99 3.29 2.48 1.68 2.56 3.50 3.87 4.82 4.96 4.53 2.77
3.21 2.63 3.07 2.70 2.77 0.00 2.92 0.00 0.00 0.00 0.00 0.00 4.38 3.94 4.53 3.94 4.38 0.00 0.00 0.00 0.00 0.00 0.00 2.19 1.90 2.04 4.09 4.45 2.85 3.72 3.65 3.14 3.72 2.99 1.75 1.39 1.02 0.95 2.99 2.70 2.63 3.21 2.63 2.63 2.70 2.85 2.48 3.14 2.12 2.04 2.41 2.41 2.56 2.85 2.63 2.12 1.10 1.24 1.85 2.06 2.19 2.34 3.72 6.35 8.08 9.18 8.22 5.04 5.04 3.43 1.53 2.63 2.63 3.36 2.77 2.77 3.21 2.92 4.23 4.05 4.81 4.52 4.70 3.59
2.48 2.63 2.63 2.99 2.63 2.26 1.46 1.02 0.37 1.10 0.00 3.50 0.00 0.00 3.21 3.58 4.09 0.00 0.00 2.63 2.34 2.63 1.61 2.04 2.34 3.14 3.43 0.00 1.53 2.34 2.70 2.19 2.34 2.48 0.00 0.66 0.44 2.41 0.00 0.00 0.00 3.43 1.68 1.68 2.70 1.61 2.12 2.48 3.14 1.68 2.04 2.04 3.21 3.87 3.72 2.92 5.11 2.70 3.14 2.19 3.39 2.63 3.24 4.74 8.03 6.86 8.06 5.08 4.92 4.18 1.61 2.56 2.99 2.92 2.26 2.77 3.14 4.09 4.82 4.13 3.72 3.53 5.12 4.61
3.07 3.07 3.50 2.41 2.56 1.53 1.61 0.73 1.02 1.02 0.00 0.00 0.00 0.00 0.00 0.00 0.00 0.00 0.00 1.68 2.19 2.19 2.48 3.14 1.53 1.46 0.00 0.00 0.00 1.97 0.00 1.24 0.00 0.00 0.00 0.00 1.17 0.00 0.00 0.00 0.00 0.73 0.95 0.95 1.39 1.53 1.90 2.19 1.75 1.17 1.97 1.46 3.50 3.65 4.02 4.89 9.71 7.37 5.75 3.61 5.55 2.92 3.05 2.74 5.40 3.58 5.33 4.23 4.26 3.96 1.47 2.19 3.14 3.07 2.49 3.21 2.41 3.21 4.62 4.40 3.86 4.89 5.60 5.69
2.04 2.34 2.34 2.41 2.04 1.97 2.63 1.90 1.75 0.00 0.00 0.00 0.00 0.00 0.00 0.00 0.00 1.17 1.17 1.46 1.68 2.48 2.56 3.07 0.00 0.00 0.00 0.00 0.15 0.00 0.00 0.00 0.00 0.00 0.00 0.00 0.00 0.00 0.00 0.00 0.00 0.00 0.00 0.00 0.37 1.53 1.68 2.12 1.46 1.46 0.95 1.75 1.46 5.33 7.37 9.05 13.36 14.89 11.10 8.83 4.20 3.75 2.39 2.42 3.65 4.68 2.77 1.75 1.75 1.22 1.79 4.82 4.33 5.11 4.18 4.87 3.07 3.63 4.21 3.43 4.58 5.19 5.89 7.03
2.48 1.68 2.34 2.26 2.04 2.12 2.85 2.92 0.00 0.00 1.17 0.66 0.00 0.00 0.00 1.24 1.61 1.61 1.61 1.68 0.73 1.83 2.04 2.34 0.00 0.00 0.73 0.00 0.00 0.00 0.00 0.00 0.00 0.95 0.00 1.17 1.61 0.00 0.00 0.00 0.00 0.00 0.00 0.00 0.29 1.83 1.46 1.68 1.75 1.17 2.48 1.68 4.60 7.37 9.42 10.07 16.47 18.32 17.30 13.80 7.37 4.13 1.73 1.46 2.89 3.07 1.91 0.95 0.95 0.59 2.86 4.92 5.78 5.80 7.19 7.41 5.26 5.41 4.95 3.01 2.98 5.18 8.49 8.49
2.04 1.02 2.26 1.97 1.97 1.97 2.48 2.04 0.00 0.00 1.90 1.31 0.00 0.00 0.00 0.80 2.12 2.34 2.34 0.73 1.10 1.39 2.41 0.00 0.00 0.00 1.46 0.95 0.00 0.00 0.00 0.00 0.00 1.97 1.10 1.46 2.48 0.00 0.00 0.00 0.00 0.00 1.75 1.75 2.12 2.70 2.19 2.41 2.04 2.41 4.53 4.82 6.93 8.73 10.40 16.45 17.31 18.69 14.09 13.94 9.13 2.42 1.15 0.97 0.47 2.98 1.54 1.24 1.25 0.31 1.67 2.60 5.81 7.38 7.72 6.50 5.74 4.84 3.36 2.14 2.92 4.24 6.79 8.70
1.46 1.83 1.02 1.39 1.68 2.92 2.48 1.97 1.68 1.46 2.41 0.00 0.00 0.00 0.00 2.56 2.19 2.12 2.12 0.00 0.00 0.22 1.17 0.00 0.00 0.00 2.19 1.83 0.44 0.00 0.00 0.00 0.73 1.61 1.39 0.73 1.46 0.00 0.00 0.00 0.00 0.00 2.12 2.12 2.56 2.12 2.34 5.55 4.82 4.31 10.51 8.40 10.59 10.40 11.86 12.27 14.52 15.57 7.86 9.14 7.63 1.91 0.95 0.47 0.32 0.93 0.67 1.10 1.10 0.22 1.14 1.14 3.24 5.95 4.99 5.58 4.10 4.39 3.44 2.14 3.94 7.49 7.92 8.54
1.97 1.68 1.10 0.00 1.02 2.34 3.14 3.29 1.90 2.19 2.12 0.00 0.00 0.00 2.04 2.34 0.00 0.00 0.00 0.00 0.00 0.15 0.00 0.00 0.00 0.00 1.97 2.19 1.24 0.00 0.00 0.15 0.58 1.10 1.39 0.58 0.00 0.00 0.00 0.00 6.42 5.84 3.29 3.29 6.72 4.31 3.36 9.27 8.91 8.03 8.69 13.43 13.07 13.13 11.69 9.25 6.74 9.71 6.66 4.81 4.18 1.44 1.35 1.24 1.31 0.00 0.23 1.04 1.02 1.04 0.96 0.81 1.81 4.28 4.67 4.11 2.67 2.54 2.87 2.19 3.54 7.15 8.05 5.93
1.97 0.00 0.00 0.00 1.17 1.83 2.85 2.19 2.19 2.26 2.12 1.46 0.80 0.00 1.68 1.53 0.00 0.44 0.44 0.00 0.00 0.66 0.00 0.00 0.00 1.68 2.41 2.12 1.02 1.53 1.31 1.02 0.95 0.95 1.46 0.00 0.00 0.00 0.00 8.32 13.94 14.09 8.32 8.32 11.61 10.80 8.32 12.99 13.07 15.80 13.62 12.97 16.59 14.76 12.05 9.98 6.57 6.50 4.66 6.04 4.33 2.23 3.82 1.61 3.56 1.11 0.67 1.13 1.10 0.66 1.24 1.89 4.42 6.12 5.36 2.85 2.83 2.82 2.76 2.53 2.87 5.34 6.09 4.93
2.77 0.00 0.00 1.02 1.46 1.24 1.61 1.31 0.80 1.75 2.56 1.02 1.02 0.73 1.02 1.10 0.58 1.39 1.39 1.02 1.02 0.15 0.00 0.00 0.00 2.12 1.83 1.46 0.88 1.10 1.53 0.80 1.31 1.68 0.44 0.66 0.00 0.37 1.53 1.97 6.06 11.32 9.13 9.13 11.39 13.21 13.07 16.28 16.50 14.75 15.35 15.44 14.26 14.09 9.30 9.81 8.70 11.56 12.67 12.11 12.69 9.68 12.56 7.83 5.62 3.96 2.54 2.85 2.80 0.58 0.00 1.13 3.65 8.06 11.31 7.81 4.92 3.22 1.08 1.27 1.35 1.85 4.02 5.29
2.85 2.92 1.17 1.97 2.85 2.26 2.56 1.75 0.58 0.58 1.68 1.39 0.80 1.31 1.53 1.46 2.26 1.97 1.97 1.46 0.88 0.66 0.37 0.00 1.31 1.10 1.02 1.10 1.10 1.83 1.31 0.66 0.66 1.46 0.44 1.17 1.24 2.34 0.00 0.44 1.24 1.46 4.23 4.23 7.45 10.37 8.83 12.48 15.05 12.39 12.94 12.54 11.73 10.32 11.66 10.83 7.43 7.50 11.97 13.89 13.20 13.62 16.21 11.89 6.72 3.58 2.05 3.79 3.73 0.80 0.37 0.56 3.69 7.30 10.41 12.56 7.08 3.52 0.68 0.00 0.00 1.15 2.83 4.11
3.07 2.56 2.56 2.63 2.56 2.26 3.43 1.31 0.51 1.75 1.24 1.10 0.80 1.53 2.63 2.34 1.75 1.24 1.24 1.31 1.46 0.73 1.02 0.00 0.80 0.00 0.00 0.00 1.39 0.95 0.95 0.15 0.07 0.29 0.00 1.10 2.19 0.00 0.00 0.00 1.17 0.00 0.66 0.66 3.72 6.86 5.11 8.33 12.65 11.55 12.57 13.86 13.43 10.77 11.75 11.05 8.74 6.83 8.72 15.12 12.17 15.79 11.68 7.74 4.16 4.69 3.95 4.18 4.65 0.24 1.04 3.17 3.29 3.69 8.24 13.72 8.32 3.29 1.11 0.00 0.61 0.96 2.47 5.39
2.26 2.85 1.83 2.26 3.07 2.04 2.12 1.91 0.88 1.46 1.53 1.46 1.17 2.12 2.04 2.34 1.68 1.46 1.46 1.75 1.75 1.75 1.10 1.02 0.37 0.00 0.00 0.00 0.44 1.68 0.58 0.44 0.00 0.00 0.00 1.17 0.58 0.73 0.00 0.00 0.07 0.00 0.00 0.00 1.17 3.94 2.48 4.04 11.24 14.04 13.38 13.87 14.80 13.24 9.47 10.13 6.89 6.79 5.14 10.91 17.61 13.55 11.45 10.73 6.86 4.79 5.05 4.55 4.39 2.07 1.88 2.06 3.46 4.99 9.40 5.17 5.85 2.83 0.70 0.00 0.68 1.89 5.14 6.10
0.00 2.99 0.00 0.00 1.31 1.39 2.12 1.83 1.31 1.10 1.61 0.95 2.12 1.83 1.53 0.66 1.24 1.53 1.53 1.75 1.75 1.90 1.75 1.24 0.00 0.00 0.00 0.00 0.00 0.66 1.61 0.00 0.00 0.00 0.00 0.07 0.51 0.00 0.00 0.00 0.00 0.00 0.00 0.00 0.58 1.90 4.60 6.72 10.59 14.09 11.41 12.61 10.46 9.36 8.95 8.12 3.77 4.66 8.38 11.50 11.88 11.28 12.74 13.19 11.08 6.55 7.46 6.76 6.80 2.22 3.55 1.37 1.34 1.73 5.03 3.79 1.86 0.22 0.00 1.04 3.69 7.44 6.76 7.87
0.00 0.00 0.00 0.00 0.00 1.68 2.04 1.61 1.39 0.58 1.31 1.97 2.34 1.39 1.46 1.02 1.17 1.17 1.17 1.68 0.66 0.00 1.97 1.68 0.00 0.00 0.00 0.00 0.00 0.00 0.00 0.00 0.00 0.00 0.00 0.00 0.00 0.00 0.00 0.00 0.00 0.00 0.15 0.15 0.59 1.24 3.52 3.50 8.52 12.57 14.60 13.46 11.24 9.96 6.29 4.28 3.15 0.00 7.40 8.60 13.00 12.04 12.42 12.27 14.23 11.88 9.73 8.79 10.28 3.81 4.74 1.67 0.90 0.26 1.97 1.59 1.14 0.37 0.08 0.24 3.56 6.38 8.76 6.57
0.00 0.00 0.00 0.00 0.00 2.41 2.04 0.88 2.04 1.61 1.97 2.04 2.85 3.14 1.75 1.97 2.12 1.61 1.61 0.00 0.07 0.00 1.31 0.22 0.00 0.00 0.00 0.00 0.00 0.00 0.00 0.00 0.00 0.00 0.00 0.00 0.00 0.00 0.00 0.00 0.00 0.00 0.00 0.00 0.15 0.00 1.69 0.84 4.11 6.45 7.66 9.38 8.92 6.04 8.17 0.00 0.00 0.00 0.00 9.19 12.15 8.92 14.32 16.01 14.43 12.61 13.78 12.06 13.50 5.65 6.93 3.86 1.50 1.33 0.00 0.94 1.00 1.24 0.00 0.00 1.74 5.11 6.77 5.50
0.00 0.00 0.00 0.00 0.00 0.00 0.00 0.00 3.07 3.72 2.56 3.14 3.07 3.58 3.14 2.00 3.17 1.83 1.83 2.26 0.15 0.58 0.37 0.00 0.00 0.00 0.00 0.58 0.00 0.00 0.00 0.00 0.00 0.00 0.00 0.07 0.00 0.00 0.00 0.00 0.37 0.00 0.00 0.00 0.00 0.00 0.00 2.02 1.76 7.38 8.98 9.13 7.12 6.35 4.70 0.00 0.00 0.00 0.00 0.00 12.25 15.19 11.45 14.80 11.41 14.88 19.74 9.40 9.60 9.33 6.18 2.72 2.64 3.21 1.03 0.99 1.26 1.69 0.09 0.00 0.10 1.28 3.65 3.88
0.00 0.00 0.00 0.00 0.00 0.00 0.00 0.00 3.14 3.14 2.99 4.09 3.58 3.87 3.07 2.79 3.36 4.84 4.52 3.29 1.75 0.95 1.53 1.39 0.58 0.22 1.02 0.44 0.29 0.00 0.00 0.00 0.37 0.07 0.00 0.00 0.07 0.07 0.00 0.00 2.92 1.61 0.00 0.00 0.00 0.00 0.00 1.85 1.88 8.84 11.60 13.85 0.00 0.00 0.00 0.00 0.00 0.00 0.00 0.00 0.00 11.78 8.67 10.08 9.73 17.37 15.22 12.88 15.75 11.96 6.30 5.26 4.15 1.67 1.87 2.02 2.23 0.56 0.37 0.00 0.00 0.00 1.76 0.00
0.00 0.00 0.00 0.00 0.00 0.00 0.00 0.00 0.00 0.00 0.00 0.00 0.00 0.00 1.61 0.00 0.00 3.75 3.81 3.50 2.34 3.29 3.94 4.89 2.70 1.90 4.89 4.23 2.63 2.92 2.19 4.74 3.29 1.46 0.00 0.00 7.15 7.52 6.20 4.04 5.64 5.01 6.64 6.64 4.96 2.26 3.36 3.08 1.09 4.80 0.00 0.00 0.00 0.00 0.00 0.00 0.00 0.00 0.00 0.00 0.00 0.00 0.00 0.00 0.00 11.52 8.37 9.76 10.91 8.22 10.06 5.77 4.16 3.87 1.86 1.82 1.79 0.82 0.46 0.00 0.00 0.00 0.00 0.00
0.00 0.00 0.00 0.00 0.00 0.00 0.00 0.00 0.00 0.00 0.00 0.00 0.00 0.00 0.00 0.00 0.00 0.00 0.00 2.48 0.00 4.16 5.04 5.62 4.09 4.35 3.82 5.55 5.48 4.89 4.67 5.77 4.38 2.85 0.00 2.85 6.35 9.34 8.98 7.52 7.72 7.26 7.37 8.24 6.64 5.33 6.13 4.57 1.46 0.00 0.00 0.00 0.00 0.00 0.00 0.00 0.00 0.00 0.00 0.00 0.00 0.00 0.00 0.00 11.83 8.54 0.00 5.04 5.04 0.00 8.16 5.62 0.00 0.00 0.00 0.83 1.31 0.00 0.00 0.00 0.00 0.00 0.00 0.00
0.00 0.00 0.00 0.00 0.00 0.00 0.00 0.00 0.00 0.00 0.00 0.00 0.00 0.00 0.00 0.00 0.00 0.00 0.00 0.00 0.00 4.96 3.50 3.43 5.18 5.14 5.51 6.28 6.20 4.09 5.84 5.77 4.74 4.82 1.97 7.41 1.97 4.38 5.91 0.00 3.54 5.18 7.04 8.93 6.31 7.91 4.55 6.13 0.00 0.00 0.00 0.00 0.00 0.00 0.00 0.00 0.00 0.00 0.00 0.00 0.00 0.00 0.00 0.00 0.00 0.00 0.00 0.00 0.00 0.00 0.00 0.00 0.00 0.00 0.00 0.00 0.00 0.00 0.00 0.00 0.00 0.00 0.00 0.00
0.00 0.00 0.00 0.00 0.00 0.00 0.00 0.00 0.00 0.00 0.00 0.00 0.00 0.00 0.00 0.00 0.00 0.00 0.00 0.00 0.00 0.00 0.00 0.00 1.83 0.00 0.00 3.72 5.11 1.83 3.50 5.87 3.79 1.75 2.19 0.00 0.00 0.00 2.41 0.00 0.00 0.00 4.16 4.75 0.00 7.46 0.00 0.00 0.00 0.00 0.00 0.00 0.00 0.00 0.00 0.00 0.00 0.00 0.00 0.00 0.00 0.00 0.00 0.00 0.00 0.00 0.00 0.00 0.00 0.00 0.00 0.00 0.00 0.00 0.00 0.00 0.00 0.00 0.00 0.00 0.00 0.00 0.00 0.00
