Wansh/Snow_depth/snowdepth-1994/winter/1995019.txt
ncols 321
nrows 161
xllcenter 60
yllcenter 15 
cellsize  0.25 
NODATA_value -1
[rows 74 to 110 of 161, columns 84 to 167 of 321]
4.74 5.04 2.56 3.21 2.99 1.83 1.90 2.41 2.19 2.19 0.00 0.58 1.53 2.41 0.00 0.00 0.00 0.00 0.00 0.00 0.00 0.00 0.00 0.00 0.00 0.00 0.00 0.00 0.00 0.00 0.00 0.00 0.00 0.00 0.00 0.00 0.73 0.00 0.00 0.00 0.00 0.00 0.00 0.00 0.07 0.00 0.95 1.10 1.39 0.80 1.68 3.43 1.83 2.20 1.86 2.26 1.31 1.46 0.73 0.58 0.00 0.88 0.80 0.00 0.07 0.07 0.80 2.41 2.41 3.59 3.45 2.04 1.39 0.00 0.00 0.00 0.00 0.00 0.00 0.44 0.07 2.05 0.22 0.22
2.26 4.16 1.46 0.44 1.61 2.04 1.90 0.00 0.00 0.00 0.00 0.00 0.00 0.00 0.00 0.00 0.00 0.00 0.00 0.00 0.00 0.00 0.00 0.00 0.00 0.00 0.00 0.00 0.00 0.00 0.00 0.00 0.00 0.00 0.00 0.00 0.00 0.00 0.00 0.00 0.00 1.39 1.17 1.17 0.22 0.15 0.00 0.44 0.22 0.00 0.00 0.66 0.37 0.44 1.90 1.24 1.17 1.46 1.31 1.39 1.39 1.53 1.02 0.00 0.00 0.58 1.75 1.46 1.46 3.45 3.80 2.77 0.00 0.00 0.00 0.00 0.00 0.00 0.00 0.00 0.00 0.29 0.00 0.15
1.17 0.80 1.90 1.31 1.83 2.12 2.70 0.00 0.00 2.92 0.00 3.50 3.65 3.14 0.00 0.00 0.00 0.00 0.00 0.00 0.00 0.00 0.00 0.00 0.00 0.00 0.00 0.00 0.00 0.00 0.00 0.00 0.00 0.00 0.00 0.00 0.00 0.00 0.00 0.00 0.00 0.00 2.26 2.26 1.10 1.10 0.29 0.00 0.00 0.00 0.00 0.00 0.58 0.00 0.00 0.44 0.80 0.51 0.44 0.00 0.07 0.51 1.17 0.00 0.00 0.29 0.88 1.02 1.02 2.04 3.29 0.95 0.80 0.00 0.00 0.00 0.00 0.00 0.00 0.00 0.00 0.00 0.00 0.15
0.00 0.95 1.53 0.58 1.97 1.53 2.92 0.00 2.34 0.00 3.50 4.53 4.31 3.94 3.21 3.43 0.00 0.00 0.00 0.00 0.00 0.00 0.00 0.00 0.00 0.00 0.00 0.00 0.00 0.00 0.00 0.00 0.00 0.00 0.00 0.00 0.00 0.00 0.00 0.00 0.00 0.00 0.00 0.00 0.00 0.51 1.39 0.00 0.00 0.00 0.00 0.00 0.00 1.10 0.00 0.80 0.00 0.00 0.00 0.22 0.00 0.00 0.00 0.00 0.00 0.00 0.00 0.88 0.88 1.90 0.37 1.46 0.80 0.88 0.00 0.00 0.00 0.00 0.00 0.00 0.00 0.00 0.07 0.00
1.68 0.00 1.17 0.00 1.24 1.31 0.00 0.00 3.50 3.50 4.38 0.00 4.96 0.00 4.38 3.87 0.00 0.00 0.00 0.00 0.00 0.00 0.00 0.00 3.21 0.00 0.00 0.00 0.00 0.00 0.00 0.00 0.00 0.00 0.00 0.00 0.00 0.00 0.00 0.00 0.00 0.00 0.00 0.00 0.00 0.00 0.00 1.31 2.34 0.00 0.00 0.00 0.00 0.00 1.39 0.00 0.88 0.73 0.80 0.80 0.22 0.00 0.73 0.51 0.15 0.00 0.00 0.29 0.29 0.00 0.22 0.51 1.17 1.53 0.00 0.00 0.00 0.00 0.00 0.00 0.00 1.10 0.66 1.56
0.00 0.00 0.00 0.00 0.00 0.00 0.00 0.00 3.21 3.14 3.50 3.36 0.00 0.00 0.00 3.65 3.87 0.00 0.00 0.00 0.00 0.00 0.00 0.00 0.00 0.00 0.00 0.00 0.00 0.00 0.00 0.00 0.00 0.00 0.00 0.00 0.00 0.00 0.00 0.00 0.00 0.00 0.00 0.00 0.00 0.00 0.00 0.00 1.83 0.00 0.00 0.00 0.00 0.00 2.56 0.51 0.66 0.95 0.00 0.37 0.95 0.58 0.29 0.22 0.00 0.00 0.00 0.00 0.00 0.00 0.00 0.00 0.00 0.00 0.00 0.00 0.00 0.00 0.00 0.00 0.00 1.02 1.02 1.10
0.00 0.00 0.00 0.00 0.00 0.00 0.00 0.00 0.00 2.70 3.29 3.36 0.00 0.00 3.50 3.50 3.07 3.07 3.07 0.00 0.00 0.00 0.00 0.00 0.00 0.00 0.00 0.00 0.00 0.00 0.00 0.00 0.00 0.00 0.00 0.00 0.00 0.00 0.00 0.00 0.00 0.00 0.00 0.00 0.00 0.00 0.00 0.00 0.00 0.00 0.00 0.00 0.00 0.00 0.00 0.00 0.15 0.00 0.00 0.51 0.22 0.95 0.15 0.00 0.00 0.00 0.00 0.00 0.00 0.00 0.00 0.00 0.29 0.37 0.00 0.00 0.45 0.00 0.80 0.58 0.00 0.22 0.37 2.77
0.00 0.00 0.00 0.00 0.00 0.00 0.00 0.00 0.00 0.00 0.00 0.00 0.00 0.00 0.00 0.00 0.00 0.00 0.00 0.00 0.00 0.00 0.00 2.04 0.00 0.00 0.00 0.00 0.00 0.00 0.00 0.00 0.00 0.00 0.00 0.00 0.00 0.00 0.00 0.00 0.00 0.00 0.00 0.00 0.00 0.00 0.00 0.00 0.00 0.00 0.00 0.00 0.00 0.00 0.00 0.00 0.00 0.00 0.00 0.00 0.00 0.00 0.44 0.00 0.00 0.00 0.00 0.00 0.00 0.00 0.00 1.10 0.58 1.10 1.39 1.32 1.03 0.54 0.98 1.65 0.37 0.29 3.80 4.16
0.00 0.00 0.00 0.00 0.00 0.00 0.00 0.00 0.00 0.00 0.00 0.00 0.00 0.00 0.00 3.94 0.00 0.00 0.00 0.00 0.00 0.00 0.00 0.00 0.00 0.00 0.00 0.00 0.00 0.00 0.00 0.00 0.00 0.00 0.00 0.00 0.00 0.00 0.00 0.00 0.00 0.00 0.00 0.00 0.00 0.00 0.00 0.00 0.00 0.00 0.00 0.37 1.61 1.17 1.61 0.00 0.00 0.00 0.00 0.00 0.00 0.00 0.15 0.51 0.58 0.00 0.00 0.15 0.15 0.95 0.00 1.17 1.24 1.24 1.75 2.12 2.04 0.66 2.04 2.35 0.88 2.34 2.85 3.29
1.24 1.31 0.00 0.00 0.00 0.00 0.00 0.00 0.00 0.00 0.00 0.00 0.00 0.00 0.00 0.00 0.00 0.00 0.00 0.00 0.00 0.00 0.00 0.00 0.00 0.00 0.00 0.00 0.00 0.00 0.00 0.00 0.00 0.00 0.00 0.00 0.58 0.88 0.00 0.73 0.00 0.00 0.00 0.00 0.00 0.00 0.00 0.00 0.00 0.00 0.00 0.00 0.22 0.00 0.00 0.00 0.00 0.00 0.00 0.00 0.00 0.00 0.73 0.66 0.73 1.39 0.66 0.29 0.29 1.02 1.31 1.31 1.02 2.04 3.87 3.80 3.80 4.31 3.80 3.65 1.97 1.97 1.90 1.83
2.34 1.31 0.00 0.00 0.00 0.00 0.00 0.00 0.00 0.00 0.00 0.00 0.00 0.00 0.00 4.02 0.00 0.00 0.00 0.00 0.00 0.00 0.00 0.00 0.00 0.00 0.00 0.00 0.00 0.00 0.00 0.00 0.00 0.00 0.00 0.00 0.00 0.15 0.58 0.58 0.00 0.00 0.00 0.00 0.00 0.00 0.00 0.00 0.00 0.00 0.00 0.00 0.00 0.37 0.00 0.00 0.00 0.07 0.00 0.00 0.07 0.22 1.53 0.73 1.17 1.75 1.31 2.04 2.04 1.46 1.24 2.56 2.41 2.04 4.45 5.55 5.11 4.82 4.53 3.72 3.07 3.36 2.77 2.04
0.00 1.31 0.00 0.00 0.00 0.00 0.00 0.00 0.00 0.00 0.00 0.00 0.00 0.00 3.94 0.00 0.00 0.00 0.00 0.00 0.00 0.00 0.00 0.00 0.00 0.00 2.77 1.97 1.83 0.00 0.00 0.00 0.00 0.00 1.10 0.00 0.00 0.00 0.00 0.00 0.00 0.00 0.80 0.80 0.00 0.00 0.00 0.00 0.00 0.00 1.17 1.39 0.00 0.00 0.00 0.66 0.37 0.07 0.00 0.07 0.22 1.19 2.03 2.63 1.83 1.97 1.17 1.68 1.68 1.02 4.96 4.45 3.07 3.29 3.14 4.96 2.12 3.43 4.23 2.19 3.29 3.87 3.50 0.00
2.92 2.63 2.56 2.63 0.00 0.00 0.00 0.00 0.00 0.00 0.00 0.00 0.00 0.00 0.00 0.00 0.00 0.00 0.00 0.00 0.00 0.00 0.00 0.00 0.00 0.00 0.00 0.00 0.00 0.00 0.00 0.00 0.00 0.00 0.00 0.00 0.00 0.00 2.77 2.48 2.04 1.46 1.02 1.02 1.39 1.24 1.75 1.75 1.90 1.53 1.61 0.73 1.53 0.00 1.46 1.83 0.22 0.15 0.58 0.51 1.24 1.61 1.12 1.02 1.68 1.53 1.61 2.63 2.63 5.04 7.59 8.32 7.01 4.74 2.70 1.17 1.24 1.02 2.26 3.21 3.29 3.07 0.00 0.00
2.34 3.07 3.07 2.63 0.00 0.00 0.00 0.00 0.00 0.00 0.00 0.00 0.00 0.00 0.00 0.00 0.00 0.00 0.00 0.00 0.00 0.00 0.00 0.00 0.00 0.00 0.00 1.75 0.00 0.00 0.00 0.00 0.00 0.00 0.00 0.00 0.00 0.00 0.00 2.63 2.92 2.41 2.19 2.19 1.61 1.24 1.68 1.68 1.61 1.68 1.68 1.83 0.15 0.00 1.10 1.46 0.44 0.80 0.88 1.39 1.53 1.10 1.10 2.77 2.74 1.90 1.17 4.53 4.53 3.58 4.89 7.01 7.45 2.70 1.02 1.24 0.73 2.34 2.12 2.41 3.43 3.36 3.07 0.00
2.56 2.19 1.61 0.00 0.00 0.00 0.00 0.00 0.00 0.00 0.00 0.00 0.00 0.00 0.00 0.00 0.00 0.00 0.00 0.00 0.00 0.00 0.00 0.00 0.00 0.00 0.00 0.00 0.00 0.00 0.00 0.00 0.00 0.00 0.00 0.00 0.00 0.00 1.75 2.34 2.92 2.56 2.99 2.99 2.85 1.24 1.39 1.46 1.53 1.61 2.77 2.34 0.00 1.97 1.39 1.10 0.80 1.31 1.46 1.46 1.53 1.68 2.12 4.60 5.53 6.10 5.40 5.33 5.33 3.72 2.92 3.21 3.14 3.21 1.83 2.34 1.83 4.09 0.15 2.63 2.92 2.99 0.00 0.00
2.26 2.63 0.80 0.00 0.00 0.00 0.00 0.00 0.00 0.00 0.00 0.00 0.00 0.00 0.00 0.00 0.00 0.00 0.00 0.00 0.00 0.00 0.00 0.00 0.00 0.00 0.00 0.00 0.00 0.00 0.00 0.00 0.00 0.00 0.00 0.00 0.00 0.00 0.00 0.00 2.41 3.21 2.04 2.04 2.63 2.12 2.34 1.53 1.46 1.39 2.92 2.41 2.56 2.85 2.63 2.12 1.10 1.24 1.85 2.06 2.19 2.34 3.72 6.35 8.08 8.58 6.30 5.91 5.91 3.80 1.68 1.97 2.48 2.85 1.90 2.19 2.63 3.43 1.83 2.75 3.56 2.63 0.00 0.00
1.31 0.95 0.95 1.53 1.75 0.00 0.00 0.00 0.80 0.00 0.00 0.00 0.00 0.00 0.00 0.00 0.00 0.00 0.00 0.00 0.00 0.00 0.00 0.00 0.00 0.00 0.00 0.00 0.00 0.00 0.00 0.00 0.00 0.00 0.00 0.00 0.00 0.00 0.00 0.00 0.00 1.53 2.77 2.77 1.02 2.04 2.04 1.90 1.24 1.83 1.61 2.04 3.21 3.87 3.72 2.92 5.11 2.70 3.14 2.19 3.39 2.63 3.24 4.74 7.74 7.66 7.90 4.52 4.38 2.49 2.04 1.68 2.04 1.97 2.19 2.19 2.34 2.77 2.37 2.83 2.68 0.00 0.00 0.00
0.66 1.53 1.97 2.04 0.00 0.00 1.17 0.80 0.51 0.00 0.00 0.00 0.00 0.00 0.00 0.00 0.00 0.00 0.00 0.00 0.00 0.00 0.00 0.00 0.00 0.00 0.00 0.00 0.00 0.00 0.00 0.00 0.00 0.00 0.00 0.00 0.00 0.00 0.00 0.00 0.00 0.00 0.00 0.00 0.00 1.90 0.73 0.73 0.66 2.70 1.97 1.46 3.50 3.65 4.02 4.89 9.71 7.37 5.75 3.61 5.55 2.92 3.05 2.74 7.07 8.27 3.94 3.21 3.23 2.89 1.32 1.97 2.70 2.77 2.57 2.56 2.63 2.99 1.69 2.51 3.24 3.72 0.00 0.00
0.58 0.37 1.53 1.10 1.83 0.66 0.88 0.00 0.00 0.00 0.00 0.00 0.00 0.00 0.00 0.00 0.00 0.00 0.00 0.00 0.00 0.00 0.00 0.00 0.00 0.00 0.00 0.00 0.00 0.00 0.00 0.00 0.00 0.00 0.00 0.00 0.00 0.00 0.00 0.00 0.00 0.00 0.00 0.00 0.00 0.73 0.73 0.44 1.31 1.53 1.90 1.75 1.46 5.33 7.37 9.05 13.36 14.89 11.10 8.83 4.20 3.75 2.39 2.42 4.07 4.84 2.32 1.97 1.97 1.15 1.40 4.59 4.18 4.74 3.15 1.99 5.18 3.78 0.00 2.91 3.71 3.69 4.63 6.39
0.37 0.44 0.37 0.66 1.24 0.37 1.17 0.00 0.00 0.00 1.24 0.00 0.00 0.00 0.00 0.00 0.66 0.00 0.00 0.00 0.00 0.00 0.00 0.00 0.00 0.00 0.00 0.00 0.00 0.00 0.00 0.00 0.00 0.00 0.00 0.00 0.00 0.00 0.00 0.00 0.00 0.00 0.00 0.00 0.00 0.88 1.24 1.39 1.68 1.17 2.48 1.68 4.60 7.37 9.42 10.07 16.47 18.32 17.30 13.80 7.37 4.13 1.73 1.46 0.41 2.10 2.35 2.04 2.04 0.88 2.48 4.46 5.04 5.21 6.15 5.43 5.77 4.00 2.20 2.41 2.75 3.46 6.78 6.68
0.51 0.66 0.22 0.95 0.80 0.07 0.80 0.00 0.00 0.00 1.02 0.00 0.00 0.00 0.00 1.02 0.44 0.00 0.00 0.00 0.00 0.00 0.00 0.00 0.00 0.00 0.00 0.00 0.00 0.00 0.00 0.00 0.00 0.00 0.00 0.00 0.00 0.00 0.00 0.00 0.00 0.00 1.17 1.17 0.15 0.95 1.61 1.53 2.19 2.41 4.53 4.82 6.93 8.73 10.40 16.45 17.31 18.69 14.09 13.94 9.13 2.42 1.15 0.97 2.59 0.48 1.85 1.46 1.47 0.47 1.49 2.51 4.36 4.84 6.33 7.30 4.92 4.01 2.58 2.06 2.23 4.95 5.52 5.35
0.66 0.88 0.15 0.37 0.00 0.37 1.24 1.39 0.00 0.00 1.53 0.00 0.00 0.00 0.00 0.00 0.00 0.00 0.00 0.00 0.00 0.00 0.00 0.00 0.00 0.00 1.24 0.80 0.00 0.00 0.00 0.00 0.00 0.00 0.00 0.00 0.00 0.00 0.00 0.00 0.00 0.00 1.90 1.90 1.83 0.88 3.21 4.82 2.41 4.31 10.51 8.40 10.59 10.40 11.86 12.27 14.52 15.57 7.86 9.14 7.63 1.91 0.95 0.47 0.32 0.00 0.52 0.22 0.22 0.66 1.06 1.46 2.57 3.02 5.28 5.87 3.58 3.51 2.77 2.54 3.71 5.90 6.21 6.38
1.83 0.22 0.00 0.00 0.88 1.39 2.12 1.83 1.17 1.61 0.00 0.00 0.00 0.00 0.00 0.88 0.00 0.00 0.00 0.00 0.00 0.00 0.00 0.00 0.00 0.00 0.00 1.83 0.44 0.00 0.00 0.00 0.00 0.00 0.00 0.00 0.00 0.00 0.00 0.00 5.62 8.69 1.90 1.90 6.06 3.50 3.87 6.28 8.91 8.03 8.69 13.43 13.07 13.13 11.69 9.25 6.74 9.71 6.66 4.81 4.18 1.44 1.35 0.46 0.16 0.25 0.61 0.67 0.66 0.67 0.78 0.09 1.27 4.36 3.80 1.98 2.59 4.05 3.71 2.81 3.91 4.97 7.13 7.54
2.63 0.00 0.00 0.00 1.24 1.53 1.97 2.04 2.41 2.56 1.61 0.00 0.07 0.00 0.00 0.00 0.00 0.00 0.00 0.00 0.00 0.00 0.00 0.00 0.00 0.00 1.53 1.68 1.31 0.58 0.58 1.17 0.88 1.90 0.00 0.95 0.00 0.00 0.00 10.37 15.99 12.99 8.91 8.91 10.00 11.02 7.74 10.22 13.07 15.80 13.62 12.97 16.59 14.76 12.05 9.98 6.57 6.50 4.66 6.04 4.33 2.23 3.82 0.51 1.11 0.79 0.22 1.20 1.17 0.66 0.88 0.82 3.00 4.73 6.46 3.29 1.99 2.82 1.79 1.27 2.35 4.24 5.51 4.84
3.21 0.95 0.88 2.63 2.48 3.36 2.56 2.70 2.56 2.99 0.00 0.00 1.31 0.80 0.58 0.58 1.31 1.10 1.10 0.00 0.58 0.00 0.00 0.29 0.95 0.95 0.73 0.44 1.10 1.10 0.66 1.68 1.10 1.10 1.68 1.31 1.10 1.83 0.00 0.00 6.94 5.48 10.29 10.29 10.95 9.93 14.75 16.28 16.50 14.75 15.35 15.44 14.26 14.09 9.30 9.81 8.70 11.56 12.67 12.11 12.69 9.68 12.56 8.20 5.40 3.82 2.61 0.82 0.81 0.00 0.29 0.98 3.48 6.38 8.61 10.15 5.98 1.32 0.50 0.24 0.00 2.27 2.23 4.28
2.92 2.19 2.85 4.09 2.99 3.07 2.77 2.77 0.00 0.00 0.00 0.00 0.00 1.10 1.31 1.31 1.97 1.31 1.31 1.39 1.10 1.02 1.10 0.80 1.31 0.51 0.00 0.51 1.17 1.46 0.88 0.58 1.46 0.51 1.24 2.26 1.83 1.39 2.70 0.00 3.50 7.88 3.94 3.94 5.26 11.46 9.93 12.48 15.05 12.39 12.94 12.54 11.73 10.32 11.66 10.83 7.43 7.50 11.97 13.89 13.20 13.62 16.21 7.60 4.74 3.14 2.49 2.94 2.89 0.80 0.00 0.64 3.08 6.04 13.67 12.56 5.38 1.35 0.53 0.00 0.00 0.00 1.49 3.04
2.63 3.29 3.21 3.07 2.41 3.58 2.77 3.36 1.90 0.00 0.00 0.00 0.00 1.75 2.19 2.19 2.63 2.04 2.04 1.46 0.66 0.88 1.24 0.66 1.61 0.29 0.00 0.37 1.83 1.68 1.75 1.68 1.10 0.00 0.58 1.31 1.24 0.51 0.15 0.07 0.58 0.44 0.44 0.44 3.36 3.36 7.37 8.33 12.65 11.55 12.57 13.86 13.43 10.77 11.75 11.05 8.74 6.83 8.72 15.12 12.17 15.79 14.75 7.59 5.11 3.13 3.13 3.59 4.00 2.41 0.60 2.37 1.78 4.47 11.61 9.29 6.94 5.04 0.00 0.00 0.00 0.00 2.02 2.62
0.00 2.48 2.12 3.58 1.75 2.92 3.43 2.27 1.75 2.85 2.41 0.00 0.00 0.00 2.77 2.19 1.97 1.53 1.53 1.17 1.10 1.39 0.88 0.80 0.95 0.00 0.00 0.00 0.51 0.37 1.31 0.73 0.00 0.00 0.29 0.73 0.88 0.37 0.15 0.00 0.00 0.07 0.37 0.37 1.17 2.77 2.85 4.04 11.24 14.04 13.38 13.87 14.80 13.24 9.47 10.13 6.89 6.79 5.14 10.91 17.61 13.55 12.99 12.99 5.40 4.79 3.61 4.95 4.77 2.65 0.86 0.84 3.56 3.46 7.19 6.59 6.67 5.35 0.00 0.00 0.00 0.63 5.84 5.48
0.00 2.70 0.00 0.00 0.00 2.70 3.58 3.43 1.90 2.63 2.19 1.90 0.00 0.00 0.00 1.68 1.90 2.19 2.19 2.12 1.39 1.83 0.44 0.00 0.00 0.00 0.00 0.15 0.51 1.24 0.58 0.00 0.00 0.00 0.00 0.00 0.00 0.00 0.00 0.00 0.00 0.00 0.37 0.37 0.15 1.10 4.60 6.72 10.59 14.09 11.41 12.61 10.46 9.36 8.95 8.12 3.77 4.66 8.38 11.50 11.88 11.28 15.14 11.79 8.88 6.85 5.09 2.97 2.99 4.44 2.84 0.65 2.31 0.58 2.31 4.87 4.69 0.22 0.00 0.48 0.90 6.32 8.11 6.25
0.00 0.00 0.00 0.00 2.92 2.77 3.14 2.19 1.53 2.63 2.56 2.41 2.56 0.00 0.00 1.46 2.41 2.41 2.41 2.56 2.04 1.31 0.29 0.00 0.00 0.00 0.00 0.00 0.00 0.00 0.00 0.00 0.00 0.00 0.00 0.00 0.00 0.00 0.00 0.00 0.00 0.00 0.00 0.00 0.00 3.21 3.52 3.50 8.52 12.57 14.60 13.46 11.24 9.96 6.29 4.28 3.15 0.00 7.40 8.60 13.00 12.04 12.99 12.49 12.43 11.29 7.66 5.18 6.06 2.54 4.47 2.79 0.72 0.09 0.33 1.67 2.35 0.00 0.00 0.00 3.48 4.53 7.62 7.34
0.00 0.00 0.00 0.00 0.00 0.00 1.97 2.12 2.85 2.12 3.43 2.41 3.29 3.14 3.21 1.53 1.75 2.34 2.34 2.19 0.00 1.31 0.15 0.00 0.00 0.00 0.00 0.00 0.00 0.00 0.00 0.00 0.00 0.00 0.00 0.00 0.00 0.00 0.00 0.00 0.00 0.00 0.00 0.00 0.00 0.00 1.69 0.84 4.11 6.45 7.66 9.38 8.92 6.04 8.17 0.00 0.00 0.00 0.00 9.19 12.15 8.92 13.22 13.66 13.57 14.10 11.41 7.63 8.54 5.18 6.84 4.05 1.50 0.53 0.75 0.84 0.00 0.00 0.00 0.57 2.82 0.00 6.57 6.48
0.00 0.00 0.00 0.00 0.00 0.00 0.00 1.83 2.56 2.99 3.36 2.56 3.58 3.36 2.34 2.30 3.54 2.56 2.56 0.00 0.00 1.53 1.61 0.00 0.29 0.44 0.00 0.15 0.07 0.00 0.00 0.00 0.00 0.00 0.00 0.00 0.00 0.00 0.00 0.00 0.00 0.44 0.00 0.00 0.00 0.00 0.00 2.02 1.76 7.38 8.98 9.13 7.12 6.35 4.70 0.00 0.00 0.00 0.00 0.00 12.25 15.31 10.23 13.02 13.78 13.56 17.27 10.32 10.54 8.69 9.43 4.67 2.73 0.34 0.26 0.00 0.31 0.00 0.00 0.00 0.00 0.00 0.00 5.10
0.00 0.00 0.00 0.00 0.00 0.00 0.00 0.00 0.00 1.97 1.90 1.97 4.45 4.02 2.26 2.05 3.50 3.95 3.69 2.77 2.48 2.41 0.95 0.07 0.51 1.39 0.66 0.00 0.00 0.00 0.00 0.00 0.00 0.00 0.66 1.17 0.80 0.15 0.00 2.12 1.90 0.00 0.73 0.73 0.29 0.22 0.00 1.85 1.88 8.84 11.60 13.85 0.00 0.00 0.00 0.00 0.00 0.00 0.00 0.00 0.00 8.03 8.58 9.21 14.48 16.20 14.14 14.68 17.94 13.99 5.99 3.99 3.24 1.50 0.89 0.28 0.48 0.00 0.00 0.00 0.00 0.00 0.00 0.00
0.00 0.00 0.00 0.00 0.00 0.00 0.00 0.00 0.00 0.00 0.00 0.00 0.00 0.00 0.00 1.46 1.83 2.83 2.87 3.80 4.23 5.55 4.96 4.82 3.94 3.72 4.60 3.50 2.48 0.00 3.65 3.21 1.83 3.36 4.16 7.23 8.25 6.72 6.86 7.04 7.07 7.30 2.92 2.92 4.96 2.26 3.36 3.08 1.09 4.80 0.00 0.00 0.00 0.00 0.00 0.00 0.00 0.00 0.00 0.00 0.00 0.00 0.00 0.00 11.28 11.06 8.45 8.95 10.01 6.28 8.10 5.67 4.07 2.81 2.42 1.01 0.00 0.00 0.00 0.00 0.00 0.00 0.00 0.00
0.00 0.00 0.00 0.00 0.00 0.00 0.00 0.00 0.00 0.00 0.00 0.00 0.00 0.00 0.00 0.00 0.00 0.00 0.00 0.00 0.00 3.03 3.07 4.09 4.31 4.35 3.89 5.04 4.89 5.18 5.62 4.38 2.92 4.45 5.40 7.23 8.25 9.93 7.15 6.50 8.56 7.43 5.91 6.61 6.64 5.33 6.13 4.57 1.46 0.00 0.00 0.00 0.00 0.00 0.00 0.00 0.00 0.00 0.00 0.00 0.00 0.00 0.00 0.00 0.00 0.00 0.00 5.62 5.62 0.00 0.00 6.33 0.00 0.00 0.00 0.00 0.00 0.00 0.00 0.00 0.00 0.00 0.00 0.00
0.00 0.00 0.00 0.00 0.00 0.00 0.00 0.00 0.00 0.00 0.00 0.00 0.00 0.00 0.00 0.00 0.00 0.00 0.00 0.00 0.00 2.12 3.65 4.67 4.89 4.40 5.29 4.96 3.80 3.94 4.31 7.37 7.04 3.72 3.87 0.00 6.20 7.23 7.52 2.63 5.31 0.00 7.94 10.09 6.31 7.91 4.55 6.13 0.00 0.00 0.00 0.00 0.00 0.00 0.00 0.00 0.00 0.00 0.00 0.00 0.00 0.00 0.00 0.00 0.00 0.00 0.00 0.00 0.00 0.00 0.00 0.00 0.00 0.00 0.00 0.00 0.00 0.00 0.00 0.00 0.00 0.00 0.00 0.00
0.00 0.00 0.00 0.00 0.00 0.00 0.00 0.00 0.00 0.00 0.00 0.00 0.00 0.00 0.00 0.00 0.00 0.00 0.00 0.00 0.00 0.00 0.00 0.00 0.00 0.00 0.00 4.16 4.89 0.00 0.00 2.56 0.00 2.63 2.19 0.00 0.00 0.00 3.50 0.00 0.00 0.00 0.00 0.00 0.00 7.46 0.00 0.00 0.00 0.00 0.00 0.00 0.00 0.00 0.00 0.00 0.00 0.00 0.00 0.00 0.00 0.00 0.00 0.00 0.00 0.00 0.00 0.00 0.00 0.00 0.00 0.00 0.00 0.00 0.00 0.00 0.00 0.00 0.00 0.00 0.00 0.00 0.00 0.00
