Wansh/Snow_depth/snowdepth-1994/winter/1995034.txt
ncols 321
nrows 161
xllcenter 60
yllcenter 15 
cellsize  0.25 
NODATA_value -1
[rows 74 to 110 of 161, columns 84 to 167 of 321]
5.33 6.42 6.72 6.64 5.99 3.65 3.87 2.48 2.77 0.00 0.73 0.00 2.63 2.56 0.00 2.77 2.85 3.07 3.07 2.63 3.21 2.99 0.00 3.29 4.31 4.74 0.00 0.00 0.00 0.00 0.00 0.00 0.00 0.00 0.00 0.80 0.80 0.00 0.00 0.00 0.00 1.75 0.88 0.88 1.24 1.10 1.68 1.39 1.61 1.90 2.77 3.14 4.09 3.82 2.16 0.00 0.00 0.00 0.00 0.00 0.29 0.00 0.00 0.00 0.00 0.00 0.00 0.00 0.00 5.80 5.87 3.80 3.29 0.88 0.00 0.07 0.00 0.00 0.00 0.00 3.80 3.74 1.83 3.14
5.26 3.94 3.29 3.43 2.12 2.92 2.85 2.99 2.26 3.65 0.00 3.14 0.00 0.00 3.65 2.92 2.85 2.77 2.77 2.99 3.14 3.14 0.00 3.72 4.67 4.74 4.38 3.50 3.58 3.87 0.00 0.00 0.00 0.00 0.00 0.00 0.00 0.00 0.00 3.50 3.14 2.70 0.95 0.95 0.51 1.10 1.10 1.31 2.12 1.02 0.95 0.95 2.48 0.73 0.66 0.29 0.66 0.66 1.24 0.00 1.02 1.24 0.00 0.73 0.44 0.00 2.26 4.09 4.09 5.87 6.13 5.04 4.02 1.83 0.00 0.51 0.66 0.00 0.00 0.00 0.00 1.31 0.51 2.08
2.26 2.19 1.39 2.56 3.14 2.26 3.29 4.38 4.09 4.02 3.07 4.53 3.58 4.45 4.67 4.89 3.94 3.50 3.50 0.00 3.65 3.36 0.00 3.58 4.38 4.23 4.45 4.60 3.80 0.00 0.00 0.00 0.00 0.00 0.00 0.00 0.00 0.00 0.00 0.00 3.80 0.00 2.19 2.19 2.04 2.04 0.95 0.00 1.24 0.00 0.73 0.22 1.46 2.26 0.00 0.22 0.37 0.66 1.10 0.80 1.31 1.17 0.51 0.80 1.17 0.88 1.75 3.29 3.29 5.77 6.50 3.07 1.83 1.90 1.61 1.46 1.68 2.41 0.00 0.00 0.00 0.00 0.51 0.75
0.15 1.39 2.26 1.90 1.90 2.77 3.65 3.72 4.74 5.77 4.96 5.48 5.91 5.91 5.69 5.40 5.26 3.43 3.43 0.00 4.09 4.16 4.23 4.53 4.53 4.09 4.23 4.16 3.72 0.00 0.00 0.00 0.00 0.00 0.00 0.00 0.00 0.00 0.00 0.00 0.00 0.00 0.00 0.00 0.00 2.56 0.00 0.00 0.00 0.00 0.00 0.58 0.00 0.07 0.00 0.00 0.37 0.22 1.90 1.61 0.22 1.97 1.17 0.51 1.31 1.97 1.75 1.83 1.83 2.48 2.77 3.58 3.14 3.29 1.75 1.17 1.61 1.53 0.00 0.00 0.00 0.51 0.73 0.81
0.80 1.46 0.37 0.00 2.26 0.00 0.00 3.94 5.84 5.26 5.11 5.55 5.77 5.69 5.11 5.18 5.69 4.82 4.82 4.16 4.82 4.16 4.60 4.53 3.94 0.00 0.00 0.00 0.00 0.00 0.00 0.00 0.00 0.00 0.00 0.00 0.00 0.00 0.00 0.00 0.00 0.00 0.00 0.00 0.00 0.00 0.00 0.00 0.00 0.00 3.43 0.00 0.00 1.53 1.10 1.46 1.83 1.39 0.00 1.90 2.04 0.00 1.31 1.90 0.00 0.88 1.90 1.97 1.97 2.48 2.41 3.58 4.16 3.43 2.19 1.24 1.39 2.17 1.61 1.53 0.58 1.54 1.91 1.26
0.00 0.00 0.00 0.00 0.00 0.00 0.00 3.65 4.82 4.60 5.33 4.96 4.96 4.82 4.89 4.74 5.11 4.23 4.23 4.38 4.96 5.18 5.18 4.60 3.94 3.43 0.00 0.00 0.00 0.00 0.00 0.00 0.00 0.00 0.00 0.00 0.00 0.00 0.00 0.00 0.00 0.00 0.00 0.00 0.00 0.00 0.00 0.00 0.00 0.00 0.00 0.00 0.00 0.00 0.00 0.00 0.00 0.00 0.00 0.00 2.63 0.00 0.00 0.00 0.00 0.00 0.95 2.26 2.26 0.00 1.31 1.68 2.99 2.70 2.42 1.61 1.54 1.39 1.90 1.75 2.12 2.41 1.83 2.42
0.00 0.00 0.00 0.00 0.00 3.29 0.00 3.72 4.16 3.80 4.67 4.53 5.04 5.33 4.38 4.09 4.45 4.60 4.60 4.09 2.99 4.89 4.16 3.29 3.58 3.29 0.00 0.00 0.00 0.00 0.00 0.00 0.00 0.00 0.00 0.00 0.00 0.00 0.00 0.00 0.00 0.00 0.00 0.00 0.00 0.00 0.00 0.00 0.00 0.00 0.00 0.00 0.00 0.00 0.00 0.00 0.00 0.00 0.00 0.00 2.85 0.00 2.99 0.00 0.00 0.00 0.00 0.00 0.00 0.00 0.00 1.02 2.92 1.53 2.12 2.20 1.72 2.14 0.37 1.68 1.39 1.83 1.90 4.53
0.00 0.00 0.00 0.00 0.00 0.00 0.00 0.00 0.00 4.67 4.38 4.67 4.60 3.94 3.87 4.16 4.09 3.72 3.72 0.00 0.00 0.00 3.14 3.58 3.65 2.99 2.63 2.56 0.00 0.00 0.00 0.00 0.00 0.00 0.00 0.00 0.00 0.00 0.00 0.00 0.00 0.00 0.00 0.00 0.00 0.00 0.00 0.00 0.00 0.00 0.00 0.00 0.00 0.00 0.00 0.00 0.00 1.10 2.04 1.02 2.77 2.99 2.56 0.00 0.00 0.00 0.00 0.00 0.00 0.80 1.02 1.68 2.04 3.29 4.23 2.05 2.21 2.60 1.89 1.65 1.98 2.41 4.67 5.18
0.00 0.00 0.00 0.00 0.00 0.00 0.00 0.00 0.00 3.50 4.74 4.45 4.31 3.72 5.04 4.89 4.02 2.99 2.99 0.00 0.00 0.00 0.00 2.99 2.77 0.00 0.00 0.00 0.00 0.00 0.00 0.00 0.00 0.00 0.00 0.00 0.00 0.00 0.00 0.00 0.00 0.00 0.00 0.00 0.00 0.00 0.00 0.00 0.00 0.00 0.00 0.00 0.00 0.00 0.07 0.37 0.66 0.80 0.80 0.73 1.68 2.19 1.17 1.75 1.17 0.15 0.00 1.61 1.61 1.31 1.46 1.10 2.70 2.70 4.31 3.50 2.41 1.31 2.63 2.57 2.70 2.77 4.23 4.60
3.14 0.95 1.17 0.00 0.00 0.00 0.00 0.00 0.00 0.00 4.16 0.00 0.00 3.87 4.89 4.31 0.00 0.00 0.00 0.00 0.00 0.00 0.00 0.00 2.92 2.56 0.00 0.00 0.00 0.00 0.00 0.00 0.00 0.00 0.00 0.00 0.00 0.00 0.00 0.00 0.00 0.00 0.00 0.00 0.00 0.00 0.00 0.00 0.00 0.00 0.00 0.00 0.00 0.00 0.51 1.24 0.95 0.51 0.44 0.29 1.31 1.31 0.95 1.17 1.68 1.39 1.24 1.39 1.39 1.90 1.02 1.68 1.39 2.99 3.43 3.58 2.85 2.70 2.34 3.80 2.70 3.21 3.72 3.50
1.75 1.02 1.17 0.00 0.00 0.00 0.00 0.00 0.00 0.00 3.50 0.00 0.00 4.02 4.60 4.02 0.00 0.00 0.00 0.00 4.16 0.00 0.00 0.00 0.00 0.00 0.00 0.00 0.00 0.00 0.00 0.00 0.00 0.00 0.00 0.00 0.00 0.15 0.66 0.88 0.00 0.00 1.02 1.02 0.00 0.00 0.00 0.00 0.00 0.00 1.02 0.00 0.00 1.02 1.24 1.10 1.10 0.51 0.37 0.37 0.15 1.61 1.46 1.10 2.04 0.88 1.68 2.12 2.12 2.04 1.90 2.48 2.12 2.26 3.94 3.65 5.04 4.82 3.87 3.43 4.23 3.80 3.80 3.50
0.00 0.00 0.00 1.39 1.75 0.00 0.00 0.00 3.58 3.50 0.00 3.50 0.00 0.00 4.02 3.50 0.00 0.00 0.00 0.00 4.67 4.89 0.00 0.00 0.00 0.00 0.00 0.00 2.85 0.00 0.00 0.00 0.00 0.00 0.00 0.00 0.00 0.00 0.00 0.00 0.00 0.37 0.00 0.00 0.00 0.00 0.00 1.24 0.00 1.17 0.00 0.37 0.00 0.29 0.88 1.61 1.31 0.66 0.00 0.73 0.59 2.01 2.26 1.10 1.46 3.58 2.41 2.26 2.26 2.04 4.67 4.16 4.38 2.92 3.29 3.07 4.09 2.92 2.92 3.94 4.02 4.96 4.74 3.65
1.53 2.04 2.56 1.90 2.12 2.12 0.00 3.29 3.80 2.77 2.34 2.99 2.85 3.72 3.14 0.00 0.00 3.72 3.72 3.58 3.87 3.50 3.65 0.00 0.00 0.00 0.00 2.99 3.72 0.00 0.00 0.00 0.00 0.00 0.00 0.00 0.00 0.00 0.00 0.00 2.34 1.31 1.17 1.17 1.39 1.02 1.53 1.46 1.46 0.51 0.00 0.00 0.07 0.07 1.97 2.04 1.53 2.48 2.26 2.41 2.77 1.31 1.12 2.04 2.56 2.77 3.50 3.43 3.43 5.26 7.74 8.03 6.94 5.33 2.77 1.68 1.24 1.90 1.97 3.14 5.40 5.33 3.87 3.29
1.46 2.19 1.97 2.85 0.00 2.99 2.63 3.58 2.99 0.00 0.00 0.00 3.50 4.09 3.36 2.19 3.07 3.58 3.58 3.43 3.29 3.43 3.58 0.00 0.00 0.00 0.00 0.00 0.00 2.04 0.00 0.00 0.00 3.50 0.00 0.00 0.00 0.00 0.00 2.99 2.04 2.63 2.19 2.19 1.53 1.39 1.53 1.46 1.10 0.58 1.17 1.10 0.66 0.22 2.04 2.34 2.04 2.99 3.50 2.77 3.36 1.97 0.51 1.24 2.37 5.18 5.40 4.02 4.02 5.11 5.77 8.10 5.84 5.69 3.14 3.14 0.44 1.31 2.56 5.77 5.62 5.33 5.11 4.16
1.75 1.97 0.00 0.00 0.00 0.00 0.00 0.00 0.00 0.00 0.00 0.00 4.23 4.74 3.50 3.21 2.85 3.21 3.21 3.36 3.14 3.07 2.48 2.41 2.56 0.00 3.07 2.41 0.00 0.00 0.00 0.00 2.99 2.48 2.85 2.41 0.00 0.00 0.00 2.63 2.48 2.92 3.07 3.07 1.75 0.66 1.90 2.19 0.58 0.88 1.02 1.68 1.17 2.85 2.77 1.97 1.97 2.77 3.29 3.94 1.75 1.75 0.95 1.46 7.08 8.73 7.74 6.13 6.13 6.20 4.38 5.55 4.53 4.53 3.80 3.14 2.19 2.41 4.96 5.18 5.26 5.77 4.96 3.29
2.12 1.02 0.00 0.00 0.00 0.00 0.00 0.00 0.00 0.00 0.00 0.00 2.56 0.00 0.00 0.00 2.99 3.65 3.65 3.07 3.14 2.48 0.00 0.00 0.00 0.00 0.00 0.00 0.00 0.00 0.00 2.99 3.07 3.21 0.00 0.00 0.00 0.00 0.00 0.00 3.14 3.36 2.41 2.41 2.70 1.90 1.61 1.83 2.19 0.88 2.63 2.34 2.70 4.45 3.94 2.56 3.87 3.14 3.04 2.29 1.53 4.45 1.27 8.69 10.23 10.99 10.07 7.37 7.37 6.13 4.31 3.65 4.60 4.31 3.58 4.02 4.02 5.55 5.40 4.89 5.79 5.49 4.04 2.79
1.83 1.31 0.00 1.39 0.00 0.00 0.00 0.00 0.00 0.00 0.00 0.00 0.00 0.00 0.00 0.00 2.85 2.92 2.92 0.00 0.00 0.00 0.00 0.00 0.00 0.00 0.00 0.00 0.00 0.00 0.00 2.77 0.00 2.77 0.00 0.00 0.00 0.00 0.00 0.00 0.00 3.43 0.80 0.80 1.68 1.61 1.53 1.10 1.75 2.48 2.92 4.09 4.45 5.77 5.77 5.11 5.33 3.87 3.72 3.50 3.91 4.82 2.43 5.40 7.66 9.64 9.89 5.08 4.92 3.89 2.99 3.58 3.87 3.94 3.58 3.80 4.45 4.67 5.27 3.67 4.25 4.23 5.04 3.18
1.02 1.10 1.02 1.10 1.17 0.00 0.00 0.00 1.10 0.58 0.00 0.00 0.00 0.00 0.00 0.00 0.00 0.00 0.00 0.00 0.00 0.00 0.00 0.00 0.00 0.00 0.00 0.00 0.00 0.00 0.00 0.00 0.00 0.00 0.00 0.00 0.00 0.00 0.00 0.00 0.00 0.00 0.88 0.88 0.00 0.73 0.80 0.95 1.02 2.41 3.14 4.31 5.11 7.59 7.01 10.00 9.34 8.03 6.05 8.92 4.67 4.74 2.16 2.43 4.26 5.14 3.65 3.72 3.74 4.21 2.71 2.77 3.58 5.18 4.11 3.21 2.41 3.07 3.45 4.16 4.56 4.74 5.68 4.84
0.80 0.88 0.95 0.66 0.73 1.10 1.53 0.00 1.68 0.95 0.00 0.44 0.00 0.00 0.00 0.00 0.00 0.00 0.00 0.00 0.00 0.00 0.00 0.00 0.00 0.00 0.00 0.00 0.00 0.00 0.00 0.00 0.00 0.00 0.00 0.00 0.00 0.00 0.00 0.00 0.00 0.00 0.00 0.00 0.00 0.22 0.15 0.15 1.39 2.04 3.43 4.23 6.94 8.32 9.42 13.21 15.55 12.92 11.24 14.08 6.05 3.90 2.01 1.80 2.89 5.00 2.77 1.53 1.53 1.99 1.86 3.13 4.48 5.41 5.65 2.73 2.34 3.34 4.59 3.50 4.58 4.06 5.81 6.93
1.02 1.10 1.39 0.58 1.10 0.95 1.90 0.00 0.00 0.00 0.88 0.00 0.00 0.00 0.00 0.00 0.00 0.00 0.00 0.00 0.00 0.00 0.00 0.00 0.00 0.00 0.00 0.00 0.00 0.00 0.00 0.00 0.00 0.00 0.00 0.00 0.00 0.00 0.00 0.00 0.00 0.00 0.00 0.00 0.00 0.00 0.80 1.61 1.97 2.48 2.56 4.60 6.13 8.91 11.17 13.87 16.92 18.83 16.43 17.37 8.03 3.57 5.01 2.07 3.05 3.22 2.79 2.04 2.04 0.88 2.56 5.67 4.82 6.60 5.85 3.30 2.99 4.82 4.24 2.71 2.90 5.70 5.82 7.73
0.73 1.61 1.17 0.66 1.17 0.95 1.10 0.00 0.00 0.00 0.00 0.00 0.00 0.00 0.00 0.80 0.00 1.24 1.24 0.00 0.00 0.00 0.00 0.00 0.00 0.00 0.00 0.00 0.00 0.00 0.00 0.00 0.00 0.00 0.00 0.00 0.00 0.00 0.00 0.00 0.00 0.00 0.00 0.00 0.00 1.24 1.39 2.19 2.70 2.63 3.80 7.23 8.86 9.78 11.85 16.97 18.29 14.31 17.01 13.36 6.28 5.06 1.69 2.02 2.90 3.23 1.85 1.83 1.83 1.32 2.60 3.65 3.15 7.14 8.19 6.50 5.66 3.93 3.90 2.83 2.77 5.57 6.63 7.26
1.61 2.41 1.31 0.66 1.31 1.02 1.46 1.97 0.00 0.00 0.73 0.00 0.00 0.00 0.00 0.00 0.44 0.00 0.00 0.00 0.00 0.00 0.00 0.00 0.00 0.00 0.00 1.10 0.66 0.00 0.00 0.00 0.00 0.00 0.00 0.00 0.00 0.00 0.00 0.00 4.16 0.00 0.00 0.00 1.10 1.97 3.14 2.34 3.07 6.64 6.28 10.73 10.66 12.46 15.08 13.47 15.00 10.24 12.45 12.02 3.89 1.91 1.66 1.16 2.14 1.39 1.50 1.03 1.03 0.96 1.23 2.60 2.57 5.95 7.70 8.36 2.38 3.59 3.67 3.02 3.94 6.28 7.46 6.38
2.77 1.53 1.68 0.73 2.19 2.04 1.61 2.19 0.00 1.39 2.48 0.00 0.00 0.00 0.00 0.37 0.00 0.00 0.00 0.00 0.00 0.00 0.00 0.00 0.00 0.00 0.00 1.31 0.00 0.00 0.00 0.00 0.00 0.00 0.00 0.00 0.00 0.00 0.00 4.82 7.30 7.37 6.50 6.50 3.29 2.77 8.32 5.33 10.07 10.88 10.73 13.07 13.80 14.01 12.89 11.03 9.36 7.87 8.42 9.15 3.63 2.51 2.33 1.70 1.48 2.06 0.84 1.26 1.24 0.89 0.61 0.72 2.90 3.87 5.91 3.08 3.48 2.62 2.65 3.28 3.84 5.79 8.54 6.03
2.85 0.22 0.00 1.24 3.14 2.19 2.92 3.58 2.77 3.21 1.75 0.95 0.00 0.00 1.10 0.00 0.00 0.00 0.00 0.00 0.00 0.00 0.00 0.00 0.00 0.00 0.00 1.24 0.22 0.00 0.80 1.17 0.44 0.80 0.00 0.00 0.00 0.00 0.00 0.00 10.80 11.17 9.20 9.20 7.74 4.53 12.70 9.78 13.43 13.40 12.64 16.30 15.90 15.80 12.80 9.98 7.88 9.13 7.92 5.20 2.64 5.23 3.90 2.92 3.63 2.46 1.11 0.98 0.95 1.10 0.95 0.66 4.17 3.51 3.89 3.43 2.52 1.86 2.09 2.91 2.17 4.24 5.84 5.02
4.38 2.85 2.48 2.12 4.31 4.89 5.40 5.55 5.77 4.67 0.00 0.80 0.44 0.51 0.95 0.88 0.73 0.73 0.73 1.02 0.29 0.00 0.00 1.02 1.68 1.61 1.61 1.46 1.61 1.02 0.66 1.31 1.17 0.88 1.46 1.90 1.75 1.31 0.73 3.94 2.04 4.02 8.54 8.54 9.13 12.26 15.40 14.16 15.40 15.40 15.95 16.61 16.40 15.28 10.36 9.66 9.53 10.82 10.08 11.01 10.78 10.14 7.77 6.32 7.01 5.21 4.00 2.17 2.14 0.44 1.10 1.59 3.90 6.86 4.94 7.30 5.07 2.97 1.67 1.19 1.89 2.94 2.31 4.53
4.16 3.94 4.16 3.50 4.53 5.48 5.77 5.33 6.13 5.55 0.00 0.00 0.51 1.10 1.17 1.53 0.73 0.95 0.95 0.58 0.51 0.95 0.44 0.66 0.88 0.51 0.80 1.31 1.39 0.95 1.17 1.02 1.68 0.00 0.37 1.10 1.90 1.68 0.95 1.61 2.26 1.02 5.18 5.18 8.69 8.32 12.34 8.76 16.11 12.47 12.72 12.92 12.74 10.55 11.31 11.49 7.96 9.47 6.70 10.00 12.24 14.45 12.23 8.81 3.50 3.21 4.48 2.94 2.89 0.73 0.73 1.60 3.43 6.04 7.30 9.20 6.64 3.89 1.83 0.00 0.00 0.82 1.34 3.19
5.69 3.58 3.94 4.09 4.23 4.60 4.09 6.28 6.42 5.18 3.07 0.00 0.00 0.00 0.00 1.46 1.97 1.31 1.31 1.31 0.66 1.31 1.17 1.10 0.37 0.37 0.00 0.73 0.95 0.66 1.24 0.44 0.66 0.00 1.31 0.51 1.46 1.90 0.15 0.00 0.80 1.53 3.36 3.36 0.80 3.07 7.30 9.66 12.17 12.75 13.76 14.32 13.25 12.21 11.91 11.53 7.35 7.77 5.97 8.33 15.70 15.72 13.65 10.07 4.60 3.95 5.21 3.82 4.24 2.25 0.74 1.41 3.12 10.99 10.11 6.42 5.99 3.58 0.29 0.25 0.10 0.00 1.50 2.32
2.56 2.04 3.87 2.04 3.65 3.94 3.80 4.40 4.16 2.77 0.00 1.17 0.00 0.00 1.02 1.39 1.90 1.83 1.83 1.02 1.39 0.58 0.95 1.10 0.73 0.00 0.00 0.00 0.51 0.80 0.15 0.07 0.00 0.00 0.00 0.00 0.80 0.00 0.00 0.00 0.00 0.00 0.00 0.00 1.17 1.75 4.16 7.70 9.93 11.58 14.28 13.68 15.29 15.09 10.18 11.22 5.72 6.79 8.30 11.16 14.69 14.12 13.35 9.05 7.37 5.33 6.82 5.34 5.14 3.57 1.33 1.97 2.99 7.84 6.57 3.22 3.04 1.76 0.70 0.62 0.10 0.95 4.93 3.48
0.00 0.00 0.00 0.00 2.56 3.36 3.87 4.09 4.23 2.77 1.83 2.26 1.97 0.00 0.00 0.51 1.39 1.24 1.24 1.68 1.10 0.15 0.00 0.22 0.00 0.00 0.00 0.00 0.00 0.73 0.44 0.00 0.00 0.00 0.00 0.00 0.00 0.00 0.00 0.00 0.00 0.00 0.00 0.00 1.24 0.80 3.14 8.54 9.05 14.53 14.67 13.15 11.40 11.59 12.25 6.67 6.23 0.00 9.39 10.77 10.67 11.66 11.96 12.41 10.71 7.68 5.91 7.59 7.63 4.87 2.13 1.21 1.42 3.96 7.18 1.16 1.34 0.88 1.11 0.80 0.90 6.51 7.21 6.89
0.00 0.00 0.00 0.00 0.00 0.00 3.65 3.50 3.72 2.56 3.07 3.21 2.77 2.12 1.17 0.51 1.31 1.83 1.83 1.31 1.10 0.80 0.00 0.00 0.00 0.00 0.00 0.00 0.00 0.00 0.00 0.00 0.00 0.00 0.00 0.00 0.00 0.00 0.00 0.00 0.00 0.00 0.00 0.00 0.00 1.90 3.37 3.80 10.38 10.91 14.69 15.47 13.02 10.54 6.45 6.21 4.79 0.00 7.11 9.73 10.86 12.14 11.62 11.06 11.75 11.80 8.94 5.81 6.79 6.03 3.65 2.56 1.80 2.11 0.00 0.67 0.97 1.31 0.00 0.64 2.35 5.23 7.54 5.05
0.00 0.00 0.00 0.00 0.00 0.00 0.00 3.87 3.50 3.65 2.63 4.45 3.94 4.23 3.58 1.31 1.83 2.12 2.12 1.83 1.02 0.00 0.22 0.00 0.07 0.00 0.00 0.00 0.00 0.00 0.00 0.00 0.00 0.00 0.00 0.00 0.00 0.00 0.00 0.00 0.00 0.00 0.00 0.00 0.00 0.66 2.27 4.71 4.78 6.45 8.06 11.41 8.13 8.02 8.17 0.00 0.00 0.00 7.30 12.84 14.25 12.24 11.75 12.72 11.68 11.86 12.14 7.79 8.72 10.08 6.19 3.30 3.08 1.15 0.28 0.94 0.33 1.02 0.00 0.29 0.91 3.53 6.28 4.02
0.00 0.00 0.00 0.00 0.00 0.00 0.00 3.07 3.94 2.92 4.31 5.26 4.89 4.60 4.74 2.74 3.76 4.09 4.09 2.26 0.00 1.17 0.00 0.00 0.00 0.00 0.00 0.00 0.00 0.00 0.00 0.00 0.00 0.00 0.00 0.00 0.00 0.00 0.00 0.00 0.00 0.00 0.15 0.15 0.00 0.00 0.80 1.20 3.90 7.22 8.58 9.62 7.94 7.72 7.30 0.00 0.00 0.00 0.00 8.26 13.30 14.01 12.76 13.02 15.01 12.06 16.86 10.78 11.01 8.69 8.92 3.90 4.05 1.18 1.29 0.54 0.78 0.23 0.00 0.00 1.01 1.09 3.65 2.65
0.00 0.00 0.00 0.00 0.00 0.00 0.00 0.00 2.41 3.14 3.36 3.80 3.80 3.87 3.65 5.06 5.04 4.03 3.76 2.63 2.26 1.61 0.44 0.00 0.44 0.95 1.24 0.00 0.00 0.00 0.00 0.00 0.00 0.37 0.00 2.19 0.00 0.00 0.00 1.46 0.00 0.00 2.04 2.04 0.07 0.07 0.00 0.85 4.27 7.78 11.10 4.08 4.71 0.00 0.00 0.00 0.00 0.00 0.00 0.00 0.00 10.12 10.13 9.56 12.58 13.43 13.52 13.90 16.99 8.92 10.29 4.99 3.42 2.92 2.35 1.74 1.83 0.84 0.09 0.00 0.63 0.09 0.00 0.00
0.00 0.00 0.00 0.00 0.00 0.00 0.00 0.00 0.00 0.00 0.00 0.00 0.00 0.00 2.92 0.00 2.99 3.29 3.34 4.23 4.74 4.89 4.31 3.72 2.56 2.48 4.96 4.53 2.70 0.00 4.67 2.77 0.00 3.65 3.50 8.61 4.89 8.91 8.47 8.66 7.38 6.49 5.77 5.77 3.07 3.14 0.51 0.37 3.36 4.16 0.00 0.00 0.00 0.00 0.00 0.00 0.00 0.00 0.00 0.00 0.00 0.00 0.00 0.00 9.61 11.15 8.37 4.62 5.17 6.86 8.10 4.84 4.25 4.05 2.05 3.14 2.45 1.37 0.64 0.00 0.00 0.00 0.00 0.00
0.00 0.00 0.00 0.00 0.00 0.00 0.00 0.00 0.00 0.00 0.00 0.00 0.00 0.00 0.00 0.00 0.00 0.00 0.00 0.00 3.95 4.54 4.53 5.55 4.45 4.35 5.77 6.13 4.96 6.06 5.69 6.06 4.82 4.96 5.04 9.20 9.86 8.98 10.51 7.01 7.05 5.46 6.79 7.59 5.48 5.77 1.68 2.99 3.93 0.00 0.00 0.00 0.00 0.00 0.00 0.00 0.00 0.00 0.00 0.00 0.00 0.00 0.00 0.00 0.00 5.60 4.50 0.00 0.00 4.61 6.23 4.29 5.02 1.55 1.91 2.68 2.27 0.00 0.00 0.00 0.00 0.00 0.00 0.00
0.00 0.00 0.00 0.00 0.00 0.00 0.00 0.00 0.00 0.00 0.00 0.00 0.00 0.00 0.00 0.00 0.00 0.00 0.00 0.00 0.00 2.41 3.87 5.18 3.14 2.42 3.65 4.96 5.62 5.40 7.08 7.30 6.08 6.72 3.65 4.01 7.88 11.24 6.94 5.18 3.61 0.00 5.14 6.53 8.21 6.45 6.86 0.00 0.00 0.00 0.00 0.00 0.00 0.00 0.00 0.00 0.00 0.00 0.00 0.00 0.00 0.00 0.00 0.00 0.00 0.00 0.00 0.00 0.00 0.00 0.00 4.16 4.20 0.00 1.92 2.10 2.53 0.00 0.00 0.00 0.00 0.00 0.00 0.00
0.00 0.00 0.00 0.00 0.00 0.00 0.00 0.00 0.00 0.00 0.00 0.00 0.00 0.00 0.00 0.00 0.00 0.00 0.00 0.00 0.00 0.00 0.00 2.77 3.94 0.00 0.00 0.00 5.69 0.00 4.31 7.30 5.64 4.82 0.00 0.00 0.00 0.00 0.00 0.00 0.00 0.00 0.00 0.00 6.38 5.08 12.64 0.00 0.00 0.00 0.00 0.00 0.00 0.00 0.00 0.00 0.00 0.00 0.00 0.00 0.00 0.00 0.00 0.00 0.00 0.00 0.00 0.00 0.00 0.00 0.00 0.00 0.00 0.00 0.00 0.00 0.00 0.00 0.00 0.00 0.00 0.00 0.00 0.00
