Wansh/Snow_depth/snowdepth-1994/winter/1995044.txt
ncols 321
nrows 161
xllcenter 60
yllcenter 15 
cellsize  0.25 
NODATA_value -1
[rows 0 to 36 of 161, columns 0 to 83 of 321]
11.02 11.02 14.16 23.87 27.16 27.08 26.43 28.32 30.66 30.66 30.88 31.10 30.15 30.15 30.15 24.53 23.43 22.78 22.41 22.48 22.48 22.48 22.48 24.75 21.46 22.27 22.27 22.78 23.80 24.38 24.31 24.02 24.02 22.92 23.00 24.02 25.92 25.77 26.13 27.45 27.67 27.23 28.18 28.47 28.18 27.23 27.52 28.11 24.89 23.80 24.67 24.67 19.78 18.91 18.91 21.53 26.13 25.40 26.35 26.35 25.84 23.94 24.75 20.29 20.95 22.19 20.81 21.17 18.10 14.09 18.83 15.91 16.06 15.55 14.89 14.75 14.75 14.38 13.87 13.65 13.43 12.92 15.18 16.35
20.00 20.00 22.34 24.97 27.67 27.08 28.54 30.08 31.10 30.66 27.67 28.40 26.72 25.99 26.43 25.11 23.73 24.16 23.73 23.21 21.46 25.04 20.73 21.46 22.48 22.41 22.41 23.80 24.38 24.67 23.94 23.87 21.97 21.61 21.68 22.19 24.09 26.28 25.92 26.21 27.81 27.67 27.89 25.48 25.77 26.28 23.21 23.94 24.38 20.95 18.40 18.40 20.15 13.29 19.71 18.69 21.90 21.53 25.19 20.15 20.08 14.89 17.37 17.96 16.21 15.70 15.62 16.72 17.23 12.48 9.93 9.86 12.78 16.94 14.53 15.11 15.11 14.97 15.62 17.01 16.57 18.25 18.54 18.47
23.65 23.65 23.65 24.67 27.67 27.08 28.91 30.51 30.15 29.35 28.54 28.40 27.01 27.52 26.65 25.40 24.38 24.09 24.38 23.43 21.32 23.14 22.12 21.97 22.78 22.48 22.48 22.92 22.19 23.00 22.41 19.93 19.49 19.49 21.53 23.58 23.29 22.56 24.97 24.38 26.65 24.75 24.82 25.40 21.68 21.39 22.12 18.03 18.69 19.93 12.48 12.48 10.51 11.02 10.73 18.40 18.40 14.24 7.88 15.91 11.90 12.48 11.68 13.80 14.16 15.04 14.89 15.11 12.78 13.58 10.15 14.02 12.85 18.98 19.64 19.49 19.49 20.51 21.75 21.02 21.17 19.20 19.13 18.69
23.65 23.65 23.65 24.67 27.67 27.08 28.91 30.51 30.15 29.35 28.54 28.40 27.01 27.52 26.65 25.40 24.38 24.09 24.38 23.43 21.32 23.14 22.12 21.97 22.78 22.48 22.48 22.92 22.19 23.00 22.41 19.93 19.49 19.49 21.53 23.58 23.29 22.56 24.97 24.38 26.65 24.75 24.82 25.40 21.68 21.39 22.12 18.03 18.69 19.93 12.48 12.48 10.51 11.02 10.73 18.40 18.40 14.24 7.88 15.91 11.90 12.48 11.68 13.80 14.16 15.04 14.89 15.11 12.78 13.58 10.15 14.02 12.85 18.98 19.64 19.49 19.49 20.51 21.75 21.02 21.17 19.20 19.13 18.69
23.65 23.65 24.16 25.48 27.89 28.03 29.05 30.59 0.00 30.59 29.71 28.32 26.79 25.55 23.94 24.38 23.00 23.07 21.39 20.81 20.88 23.94 22.12 20.73 21.39 21.53 21.53 21.02 21.17 21.90 19.49 18.91 19.86 19.49 21.39 21.83 21.17 21.10 22.48 23.29 23.07 23.51 20.73 20.37 21.10 18.10 17.01 17.74 14.24 11.97 13.21 13.21 7.23 8.54 8.40 7.96 4.74 8.25 4.82 5.40 4.38 11.32 14.60 13.94 15.84 15.55 15.18 14.02 14.24 15.11 18.69 17.89 20.66 22.19 21.46 21.32 21.32 21.10 21.90 21.46 21.68 18.98 18.32 18.40
23.51 23.51 25.11 24.53 27.59 27.16 28.62 30.00 30.15 30.59 28.69 28.98 27.45 24.75 23.00 19.05 18.47 18.61 18.98 19.42 19.64 18.98 19.71 19.71 21.10 19.71 19.71 19.20 19.20 18.47 18.91 18.40 19.49 20.37 20.00 21.75 22.63 22.56 22.63 22.78 21.68 20.29 20.73 19.35 18.25 18.61 16.72 13.43 14.24 10.80 7.30 7.30 7.96 6.86 7.15 7.08 5.69 5.18 4.45 4.82 9.13 7.66 13.21 15.99 15.70 15.77 15.40 15.55 14.82 15.70 17.45 19.64 18.83 21.53 20.81 20.66 20.66 21.39 21.46 21.46 22.34 21.17 21.53 19.27
21.75 21.75 22.12 24.60 24.45 26.86 28.18 28.76 27.81 28.69 27.59 28.11 26.72 23.87 21.39 18.54 16.94 15.26 14.67 15.11 16.64 17.67 18.18 18.69 19.27 19.49 19.49 19.71 19.49 19.20 19.35 19.86 19.64 19.86 20.22 21.46 21.61 20.95 22.70 23.07 23.21 18.98 18.83 19.35 17.89 15.99 16.86 14.02 11.68 11.46 11.90 11.90 8.18 7.59 7.37 10.80 7.66 8.47 9.13 9.13 8.91 12.48 11.53 14.02 13.21 14.67 14.97 14.16 14.31 13.94 14.97 14.24 17.16 17.23 19.20 20.08 20.08 19.35 21.17 21.24 20.88 21.68 19.27 19.71
21.75 21.75 22.12 24.60 24.45 26.86 28.18 28.76 27.81 28.69 27.59 28.11 26.72 23.87 21.39 18.54 16.94 15.26 14.67 15.11 16.64 17.67 18.18 18.69 19.27 19.49 19.49 19.71 19.49 19.20 19.35 19.86 19.64 19.86 20.22 21.46 21.61 20.95 22.70 23.07 23.21 18.98 18.83 19.35 17.89 15.99 16.86 14.02 11.68 11.46 11.90 11.90 8.18 7.59 7.37 10.80 7.66 8.47 9.13 9.13 8.91 12.48 11.53 14.02 13.21 14.67 14.97 14.16 14.31 13.94 14.97 14.24 17.16 17.23 19.20 20.08 20.08 19.35 21.17 21.24 20.88 21.68 19.27 19.71
18.54 18.54 18.83 20.88 21.24 25.40 0.00 26.79 28.84 27.01 23.29 23.43 22.12 20.44 21.10 18.25 13.29 12.26 13.58 13.29 16.94 14.89 18.54 19.42 20.22 19.64 19.64 19.56 19.05 19.13 20.00 20.29 19.20 19.56 19.27 18.54 20.44 20.29 21.75 21.39 17.96 19.13 18.03 17.81 17.81 16.86 13.94 14.38 14.75 14.16 13.21 13.21 13.58 9.13 12.19 11.32 14.31 11.17 11.53 11.97 11.75 13.21 12.70 12.70 12.12 12.12 11.61 13.80 13.80 13.80 14.16 16.50 15.77 16.35 15.91 15.33 15.33 17.08 13.58 14.31 13.43 14.60 14.67 14.67
16.64 16.64 16.43 17.30 18.32 0.00 23.58 21.83 22.12 21.83 21.90 22.41 18.83 17.81 15.77 16.43 13.21 11.53 11.75 11.10 16.21 17.81 18.54 18.69 18.61 19.35 19.35 19.56 19.56 20.00 19.93 20.00 19.05 18.32 16.72 17.16 17.37 20.08 19.42 21.10 20.73 19.42 19.49 18.98 17.74 16.57 17.59 15.11 14.97 14.82 14.09 14.09 13.87 14.53 12.41 13.51 13.65 11.97 12.56 11.83 13.29 11.97 12.12 10.80 12.34 11.17 13.21 14.45 13.72 11.68 10.66 10.51 11.75 15.04 14.45 15.70 15.70 15.33 14.24 12.41 12.19 13.21 14.31 13.29
14.24 14.24 14.89 16.43 0.00 0.00 20.59 19.27 19.20 17.23 18.03 17.45 17.89 17.30 13.29 11.90 11.24 11.02 11.90 12.34 15.99 17.81 17.96 18.18 18.98 19.27 19.27 19.35 19.56 20.08 19.35 18.98 19.20 17.96 15.99 16.86 16.43 18.76 19.49 20.22 20.73 16.94 18.18 18.03 18.91 18.83 16.86 17.52 15.62 16.06 16.21 16.21 14.45 12.99 13.65 13.07 11.97 11.97 12.99 13.36 13.51 11.61 12.26 11.90 13.36 12.85 12.70 12.56 10.22 10.73 8.40 8.98 8.32 10.44 10.37 10.51 10.51 10.51 13.65 13.07 14.02 15.62 12.92 13.36
14.24 14.24 14.89 16.43 0.00 0.00 20.59 19.27 19.20 17.23 18.03 17.45 17.89 17.30 13.29 11.90 11.24 11.02 11.90 12.34 15.99 17.81 17.96 18.18 18.98 19.27 19.27 19.35 19.56 20.08 19.35 18.98 19.20 17.96 15.99 16.86 16.43 18.76 19.49 20.22 20.73 16.94 18.18 18.03 18.91 18.83 16.86 17.52 15.62 16.06 16.21 16.21 14.45 12.99 13.65 13.07 11.97 11.97 12.99 13.36 13.51 11.61 12.26 11.90 13.36 12.85 12.70 12.56 10.22 10.73 8.40 8.98 8.32 10.44 10.37 10.51 10.51 10.51 13.65 13.07 14.02 15.62 12.92 13.36
14.82 14.82 15.77 11.10 7.74 9.20 20.00 18.91 15.62 15.18 15.55 15.91 15.40 13.51 14.16 12.41 12.41 13.36 14.02 12.48 14.45 16.57 17.30 18.69 19.42 19.35 19.35 18.47 19.05 19.05 18.25 17.45 15.18 15.26 15.40 14.24 16.43 15.70 17.96 13.07 14.75 15.18 15.48 18.10 17.74 17.89 17.74 17.45 17.67 15.91 14.82 14.82 14.82 14.67 14.09 14.45 13.94 13.87 13.14 13.87 12.41 12.63 9.42 12.48 12.41 11.97 11.90 11.61 11.24 9.71 10.07 7.52 9.27 8.32 9.42 8.25 8.25 7.81 11.02 14.89 14.24 15.91 12.48 8.83
14.67 14.67 14.60 12.99 13.21 17.67 15.55 14.16 14.67 14.24 14.16 15.40 15.62 13.94 13.72 13.43 13.29 13.14 12.85 15.77 16.94 18.18 18.03 18.61 18.91 18.03 18.03 17.81 17.81 15.18 14.31 14.45 14.31 13.14 14.09 13.65 14.60 11.97 10.37 11.53 10.80 15.40 14.53 17.01 18.47 18.18 18.03 16.64 14.24 14.75 13.58 13.58 13.51 13.58 14.75 14.09 14.31 13.65 11.75 13.43 11.32 7.96 8.61 6.35 7.59 10.07 11.24 11.90 11.97 10.95 8.18 6.50 6.50 7.96 9.93 9.05 9.05 11.53 10.80 10.07 10.15 9.27 8.10 8.40
12.63 12.63 12.05 13.58 13.21 15.91 14.16 14.75 14.60 15.04 14.89 14.89 15.33 13.07 14.45 14.60 17.67 17.52 14.45 16.79 17.30 18.47 18.91 19.05 17.96 18.32 18.32 17.96 17.45 14.89 13.72 13.51 13.36 12.85 13.14 12.70 12.99 12.41 9.93 11.53 10.66 16.06 16.50 15.99 17.59 17.01 14.75 17.89 14.24 12.63 12.70 12.70 13.07 12.70 12.92 12.05 12.85 13.14 10.80 8.25 7.66 7.66 6.35 6.06 5.69 6.64 8.76 8.18 11.02 9.56 9.86 6.50 7.59 6.86 10.22 12.70 12.70 11.90 12.05 9.34 8.32 8.61 7.88 8.25
15.04 15.04 13.80 14.09 14.38 14.38 14.60 14.97 16.06 15.26 13.94 13.43 13.14 12.78 14.02 16.64 19.20 19.42 15.99 18.47 18.47 18.69 18.98 19.35 20.22 19.42 19.42 18.32 18.83 16.43 15.11 13.36 13.58 12.26 10.73 12.26 12.12 11.46 10.88 13.36 15.84 15.33 15.04 14.89 14.53 15.70 13.94 12.99 13.58 11.90 12.19 12.19 12.12 12.99 11.97 12.34 9.13 8.25 7.45 7.23 7.37 6.42 6.50 3.94 4.82 4.60 7.08 10.44 10.07 9.93 8.47 8.91 8.47 9.78 10.66 10.15 10.15 10.66 9.20 7.08 7.45 8.61 9.20 9.56
15.04 15.04 13.80 14.09 14.38 14.38 14.60 14.97 16.06 15.26 13.94 13.43 13.14 12.78 14.02 16.64 19.20 19.42 15.99 18.47 18.47 18.69 18.98 19.35 20.22 19.42 19.42 18.32 18.83 16.43 15.11 13.36 13.58 12.26 10.73 12.26 12.12 11.46 10.88 13.36 15.84 15.33 15.04 14.89 14.53 15.70 13.94 12.99 13.58 11.90 12.19 12.19 12.12 12.99 11.97 12.34 9.13 8.25 7.45 7.23 7.37 6.42 6.50 3.94 4.82 4.60 7.08 10.44 10.07 9.93 8.47 8.91 8.47 9.78 10.66 10.15 10.15 10.66 9.20 7.08 7.45 8.61 9.20 9.56
16.57 16.57 15.91 14.82 14.53 14.53 14.38 17.52 18.10 17.08 14.82 13.80 13.72 16.13 19.78 18.91 20.08 20.29 19.42 18.32 18.69 18.18 19.86 19.93 20.15 21.17 21.17 19.35 17.96 15.40 16.13 13.36 9.42 9.20 9.42 8.03 9.93 8.25 13.94 12.78 15.18 13.72 13.51 13.65 14.02 13.58 13.72 12.85 12.05 12.12 12.34 12.34 13.21 13.29 11.83 7.37 7.37 7.52 8.32 7.81 7.59 7.23 5.99 6.94 4.09 2.48 2.77 6.20 7.88 7.81 8.25 9.20 9.05 8.69 9.27 8.76 8.76 8.47 7.88 5.99 7.15 6.50 9.56 8.25
15.62 15.62 15.18 14.82 16.21 18.98 18.98 18.03 16.94 16.72 14.82 15.04 13.72 16.94 20.08 19.27 18.03 19.93 18.83 18.69 18.47 18.91 18.98 18.83 19.35 15.70 15.70 16.94 16.64 12.48 11.02 11.61 9.34 6.35 4.89 4.74 5.55 5.84 11.83 11.97 11.61 12.92 15.84 15.33 14.97 14.60 12.26 12.34 12.92 13.65 12.19 12.19 13.43 11.90 10.59 10.95 8.54 9.05 8.76 9.42 9.64 7.81 9.05 6.64 7.37 3.80 3.29 3.65 3.50 4.38 4.53 3.87 4.02 5.69 8.25 8.61 8.61 9.56 9.64 8.54 9.05 6.86 7.23 7.45
16.21 16.21 15.11 16.64 18.69 18.32 19.20 18.76 19.86 19.64 20.15 18.40 21.46 21.90 20.66 18.91 16.57 16.86 19.20 17.67 17.96 15.04 12.26 11.90 13.21 13.36 13.36 14.09 11.68 11.61 9.78 9.13 7.59 7.74 4.60 5.62 6.42 5.18 9.13 11.24 12.19 12.05 15.77 16.35 15.26 15.84 14.89 14.97 13.72 14.53 14.67 14.67 13.94 13.36 12.12 10.59 10.44 10.44 10.66 10.51 10.59 10.73 11.10 10.59 8.32 5.04 5.62 3.87 4.23 4.23 3.72 2.34 4.23 3.43 7.96 10.37 10.37 10.00 10.37 11.02 8.76 8.76 7.59 7.74
14.24 14.24 13.29 15.33 18.61 18.91 19.49 18.61 20.51 22.19 23.07 23.51 23.21 20.73 18.25 18.76 18.32 17.45 18.25 16.57 12.12 12.99 11.39 11.02 11.46 11.39 11.39 12.26 11.61 11.83 10.80 9.42 8.83 8.83 8.83 6.50 8.83 9.42 9.05 10.22 10.66 11.53 15.04 14.60 16.94 15.91 16.06 14.31 14.89 14.97 15.04 15.04 13.94 11.02 12.19 10.88 10.59 10.15 10.66 11.83 11.46 11.24 9.78 10.51 9.56 9.93 9.13 8.54 6.20 5.48 3.80 3.80 3.94 5.77 7.23 8.47 8.47 8.76 9.42 10.44 10.07 10.22 8.47 8.91
11.39 11.39 10.80 12.92 14.75 17.16 19.64 18.83 21.17 21.68 21.32 22.92 21.46 21.24 19.71 17.45 17.52 18.25 18.47 14.97 12.78 10.73 10.29 11.10 11.02 11.61 11.61 13.51 12.92 11.24 11.68 10.44 13.87 9.78 8.47 8.54 8.10 8.25 7.74 8.47 8.98 10.80 13.58 16.50 15.99 15.33 13.65 14.16 12.99 14.31 14.38 14.38 13.14 10.44 9.34 10.07 10.15 10.44 10.29 10.15 10.66 9.86 9.49 9.13 9.78 9.42 10.07 9.20 6.13 7.01 4.02 4.31 5.55 5.40 6.28 8.32 8.32 8.83 8.83 9.78 11.02 12.12 9.34 10.22
11.39 11.39 10.80 12.92 14.75 17.16 19.64 18.83 21.17 21.68 21.32 22.92 21.46 21.24 19.71 17.45 17.52 18.25 18.47 14.97 12.78 10.73 10.29 11.10 11.02 11.61 11.61 13.51 12.92 11.24 11.68 10.44 13.87 9.78 8.47 8.54 8.10 8.25 7.74 8.47 8.98 10.80 13.58 16.50 15.99 15.33 13.65 14.16 12.99 14.31 14.38 14.38 13.14 10.44 9.34 10.07 10.15 10.44 10.29 10.15 10.66 9.86 9.49 9.13 9.78 9.42 10.07 9.20 6.13 7.01 4.02 4.31 5.55 5.40 6.28 8.32 8.32 8.83 8.83 9.78 11.02 12.12 9.34 10.22
10.29 10.29 10.00 11.17 14.75 16.06 16.64 17.81 20.08 20.37 22.63 22.48 22.41 22.19 21.61 18.91 22.78 17.59 16.57 14.16 11.02 11.90 11.10 12.41 12.05 15.91 15.91 16.64 14.09 12.92 16.06 14.53 14.97 13.21 8.40 6.35 5.84 6.28 7.74 9.34 10.95 10.07 13.51 15.04 15.04 15.40 15.33 12.56 12.78 10.95 10.15 10.15 10.07 10.29 9.05 10.37 9.56 11.61 10.88 10.66 10.59 11.02 11.75 12.12 11.97 11.68 11.75 11.83 9.49 6.20 6.86 5.62 5.40 5.99 5.84 6.72 6.72 6.94 8.98 10.95 10.37 12.70 11.53 8.91
10.73 10.73 10.00 13.87 12.26 14.53 15.77 17.52 20.95 24.09 23.00 21.46 20.51 18.69 19.27 18.32 21.61 20.66 15.99 14.60 15.11 12.99 11.75 15.62 19.64 18.61 18.61 15.84 15.70 15.70 15.62 13.58 11.39 6.72 7.88 5.04 5.62 7.88 6.50 10.15 14.82 14.16 13.36 16.64 17.59 17.89 18.40 18.76 12.78 12.92 12.12 12.12 11.10 9.86 9.71 10.29 12.85 14.53 14.16 12.19 12.19 12.05 13.43 13.72 15.40 15.91 16.86 16.64 13.58 14.82 11.02 11.46 12.48 12.56 12.56 8.91 8.91 8.54 7.45 9.93 13.58 14.09 13.21 12.99
12.92 12.92 13.14 11.24 12.56 17.08 16.21 22.92 25.40 25.19 23.80 22.92 20.44 18.69 17.45 15.40 16.50 16.28 16.13 13.51 14.53 12.56 15.84 14.97 18.91 19.13 19.13 15.33 14.82 14.67 14.24 14.82 11.17 8.10 5.55 6.06 4.82 9.93 17.08 11.53 16.35 20.81 20.00 19.71 21.46 21.02 20.95 20.95 16.35 13.21 11.53 11.53 11.39 11.46 11.32 11.10 12.78 14.75 16.13 16.06 16.28 15.77 15.84 16.28 17.52 18.32 18.18 17.96 14.60 11.68 12.12 11.32 13.14 14.31 14.02 14.09 14.09 10.22 12.12 10.59 12.78 12.34 13.51 12.99
13.36 13.36 17.59 14.02 13.80 13.07 21.83 26.21 27.96 26.35 23.07 24.31 20.59 19.35 17.23 17.74 15.55 14.31 12.26 10.29 10.80 12.41 15.04 14.38 15.18 15.70 15.70 14.89 16.50 17.08 15.33 16.06 12.48 9.13 8.03 14.82 14.31 13.14 20.00 19.56 22.63 22.12 22.78 22.05 21.39 20.73 19.56 15.26 15.48 11.61 10.66 10.66 10.44 10.73 10.07 12.92 13.29 13.80 15.48 15.70 15.33 15.55 17.08 17.37 18.03 18.61 16.57 15.40 16.28 13.29 12.99 14.53 13.14 13.29 15.55 19.20 19.20 16.50 17.59 12.70 11.68 12.19 13.43 13.65
14.02 14.02 20.00 20.66 19.64 16.50 16.50 28.76 28.76 26.86 24.45 26.57 21.90 23.00 18.32 17.45 17.67 13.80 11.39 10.37 11.75 13.43 13.80 14.31 14.38 15.91 15.91 17.30 17.16 17.37 17.52 15.33 12.99 12.34 18.47 19.42 21.53 21.90 20.95 21.83 22.78 20.95 20.29 20.15 18.69 13.94 15.33 11.75 9.86 10.37 10.37 10.37 7.96 7.81 7.23 9.93 10.51 8.76 12.48 13.58 14.75 16.50 15.99 16.72 15.33 14.24 14.53 12.99 14.16 15.04 15.04 15.77 13.65 14.09 13.65 17.23 17.23 20.81 22.12 17.37 14.16 13.87 12.99 15.48
14.02 14.02 20.00 20.66 19.64 16.50 16.50 28.76 28.76 26.86 24.45 26.57 21.90 23.00 18.32 17.45 17.67 13.80 11.39 10.37 11.75 13.43 13.80 14.31 14.38 15.91 15.91 17.30 17.16 17.37 17.52 15.33 12.99 12.34 18.47 19.42 21.53 21.90 20.95 21.83 22.78 20.95 20.29 20.15 18.69 13.94 15.33 11.75 9.86 10.37 10.37 10.37 7.96 7.81 7.23 9.93 10.51 8.76 12.48 13.58 14.75 16.50 15.99 16.72 15.33 14.24 14.53 12.99 14.16 15.04 15.04 15.77 13.65 14.09 13.65 17.23 17.23 20.81 22.12 17.37 14.16 13.87 12.99 15.48
12.92 12.92 21.83 20.44 20.22 20.95 15.84 15.77 16.57 26.43 26.72 27.96 23.87 18.18 15.48 18.98 12.85 10.59 10.95 10.29 12.70 12.70 12.56 11.75 14.24 15.77 15.77 17.45 18.54 17.45 17.96 17.45 19.42 20.51 20.22 21.46 21.53 17.89 20.15 19.35 14.31 18.76 18.25 18.40 18.61 13.72 11.02 11.32 10.22 11.46 11.39 11.39 11.68 7.01 9.56 8.69 10.44 6.57 5.77 9.42 11.90 15.91 14.16 14.38 13.14 12.70 11.02 11.32 12.63 14.67 14.67 14.67 14.53 13.51 13.87 17.89 17.89 21.90 21.24 21.24 17.01 15.48 15.40 15.48
20.00 20.00 20.51 21.10 23.14 24.16 24.31 18.25 18.47 18.32 14.67 24.09 24.09 15.11 16.50 10.51 9.42 9.71 9.71 9.05 11.10 12.05 11.68 15.33 15.04 15.26 15.26 17.23 18.40 19.20 19.35 18.10 18.61 19.71 15.70 18.61 19.05 12.05 13.43 8.54 7.30 15.55 16.72 15.26 15.70 16.13 11.90 15.40 11.24 14.16 13.21 13.21 13.21 13.07 10.22 9.64 4.96 6.13 3.43 5.40 9.78 8.61 11.24 9.93 10.44 11.75 10.73 9.93 8.76 8.98 8.98 9.56 10.00 11.32 11.97 14.02 14.02 16.86 14.09 14.75 15.48 15.55 14.24 14.75
20.29 20.29 22.48 22.78 23.29 22.70 23.21 21.90 22.85 17.45 11.75 8.69 15.55 7.66 12.26 6.94 6.94 5.55 6.13 9.56 12.56 14.53 15.55 15.77 16.50 18.03 18.03 17.96 18.10 19.56 13.94 14.75 16.21 6.35 9.13 1.97 5.04 6.06 0.88 2.41 0.66 0.80 10.00 12.41 14.24 13.65 13.87 17.30 18.91 17.23 16.21 16.21 14.53 13.58 14.31 8.69 1.90 0.58 0.51 2.70 6.20 8.91 8.47 8.91 9.49 9.56 8.25 8.69 6.86 6.86 7.52 7.23 8.10 9.56 5.40 7.52 7.52 8.83 12.41 12.05 12.56 8.69 14.60 15.26
19.71 19.71 24.09 22.05 21.97 22.05 19.49 19.05 18.32 16.43 9.42 2.26 0.00 0.00 8.69 7.96 3.80 3.50 4.16 7.96 11.24 11.39 16.21 18.32 15.48 19.49 19.49 18.10 15.04 15.77 12.05 1.02 1.90 1.10 4.16 0.00 0.44 0.00 0.00 0.00 0.00 0.73 9.86 8.47 12.12 9.71 16.28 15.11 19.13 16.57 15.77 15.77 15.18 13.94 5.62 0.00 0.29 0.00 2.56 4.38 2.85 4.96 6.94 7.96 7.96 6.72 5.18 3.80 4.09 3.94 4.16 0.00 0.00 0.00 0.00 3.36 3.36 5.40 7.52 3.94 6.06 10.22 5.84 11.83
21.97 21.97 23.21 16.13 16.43 15.48 15.33 13.87 14.53 8.54 8.47 6.72 5.33 0.00 2.26 2.70 2.12 2.41 3.80 5.77 10.15 8.18 13.65 8.98 9.49 14.38 14.38 6.64 10.22 9.78 7.52 0.00 0.00 0.00 0.00 0.00 0.00 0.00 0.00 0.00 0.00 0.95 3.94 8.91 9.20 7.15 9.13 17.52 17.23 16.64 15.48 15.48 11.90 14.24 7.96 1.90 1.53 1.97 2.56 6.20 8.40 8.61 5.91 8.98 8.32 5.99 4.89 2.48 1.31 0.88 0.00 0.00 0.00 0.00 0.00 0.00 0.00 0.00 2.92 2.04 4.02 2.77 2.99 2.85
14.16 14.16 10.37 10.88 10.22 9.27 8.83 5.99 5.91 5.69 7.59 6.35 7.37 3.58 1.31 1.83 3.14 0.00 0.00 3.87 4.89 0.00 0.88 0.95 2.63 0.00 0.00 0.00 3.36 0.00 0.00 0.00 0.00 0.00 0.00 0.00 0.00 0.00 0.00 0.00 0.00 0.00 0.37 0.00 3.87 4.23 4.67 9.05 14.89 14.97 14.97 14.97 10.95 7.52 3.94 5.48 2.99 3.43 7.66 6.35 11.02 11.24 9.78 8.76 8.61 7.88 5.33 2.19 2.56 0.00 0.00 0.00 0.00 0.00 0.00 0.00 0.00 0.00 0.00 0.00 0.00 0.29 0.00 0.00
14.16 14.16 10.37 10.88 10.22 9.27 8.83 5.99 5.91 5.69 7.59 6.35 7.37 3.58 1.31 1.83 3.14 0.00 0.00 3.87 4.89 0.00 0.88 0.95 2.63 0.00 0.00 0.00 3.36 0.00 0.00 0.00 0.00 0.00 0.00 0.00 0.00 0.00 0.00 0.00 0.00 0.00 0.37 0.00 3.87 4.23 4.67 9.05 14.89 14.97 14.97 14.97 10.95 7.52 3.94 5.48 2.99 3.43 7.66 6.35 11.02 11.24 9.78 8.76 8.61 7.88 5.33 2.19 2.56 0.00 0.00 0.00 0.00 0.00 0.00 0.00 0.00 0.00 0.00 0.00 0.00 0.29 0.00 0.00
6.28 6.28 7.74 8.61 7.15 4.89 0.88 1.46 2.92 0.00 6.42 5.04 6.64 4.23 0.00 0.15 0.00 0.00 0.00 0.37 0.00 0.00 0.00 0.00 0.00 0.00 0.00 0.00 0.00 0.00 0.00 0.00 0.00 0.00 0.00 0.00 0.00 0.00 0.00 0.00 0.00 0.00 0.00 0.00 0.66 2.99 7.45 5.77 9.86 13.14 9.93 9.93 10.66 7.37 0.00 0.00 1.61 1.17 6.72 11.39 10.59 12.05 10.80 8.91 7.66 7.74 5.99 1.83 0.00 0.00 0.00 0.00 0.00 0.00 0.00 0.00 0.00 0.00 0.00 0.00 0.00 0.00 0.00 5.69
