Wansh/Snow_depth/snowdepth-1991/spring/1991104.txt
ncols 321
nrows 161
xllcenter 60
yllcenter 15 
cellsize  0.25 
NODATA_value -1
[rows 0 to 36 of 161, columns 168 to 251 of 321]
9.56 8.32 6.79 7.15 6.50 6.42 6.50 4.96 4.67 4.67 4.38 4.38 4.53 4.45 3.72 3.58 3.58 3.58 5.40 7.23 8.03 6.94 9.78 9.42 9.20 10.51 9.05 8.25 7.37 5.69 7.01 9.05 11.24 13.21 13.80 13.80 12.48 12.12 11.17 9.93 12.70 10.66 8.61 8.40 9.56 11.32 13.72 15.26 15.33 12.92 10.44 9.86 9.78 10.07 8.98 8.54 9.20 10.00 9.86 9.56 9.56 10.44 12.41 15.55 19.05 21.02 22.48 22.19 19.71 17.23 16.57 16.35 15.84 15.55 15.62 15.99 17.59 18.69 19.49 19.49 18.47 17.52 16.21 16.64
8.03 6.79 6.72 7.23 6.79 5.77 4.96 4.96 4.53 4.53 4.31 4.96 4.89 4.45 4.74 2.70 2.99 4.31 5.84 6.79 6.79 5.99 5.55 5.84 5.84 9.42 10.00 6.57 6.06 6.13 7.45 10.51 12.19 10.95 9.05 9.05 6.35 6.20 11.39 16.21 8.61 11.10 10.07 10.73 11.53 13.80 14.24 12.05 9.71 9.93 10.00 9.34 9.64 10.00 10.15 9.56 9.13 9.64 9.27 10.22 10.22 12.05 15.40 18.47 19.49 20.22 20.29 20.00 19.05 17.67 16.86 16.79 16.21 15.40 15.77 16.06 17.08 17.89 18.69 17.01 15.48 14.24 11.24 10.66
8.61 9.05 8.61 9.34 10.07 7.74 5.26 4.67 4.96 4.96 4.45 4.60 4.38 4.38 5.11 2.41 3.21 4.16 5.18 5.33 5.18 5.26 5.11 6.35 7.15 6.42 8.47 7.66 6.06 7.88 9.42 10.22 8.47 4.60 2.77 2.77 4.23 9.42 14.16 17.16 17.08 11.32 9.93 10.51 11.02 9.78 7.01 5.99 6.28 6.57 7.66 8.54 9.42 9.93 10.22 10.07 9.42 9.13 9.27 11.68 11.68 14.24 16.50 17.30 16.28 15.70 16.06 16.64 16.86 16.35 15.11 15.70 16.35 14.53 13.51 13.51 11.83 12.05 12.48 10.80 10.80 9.34 7.45 6.35
8.61 9.05 8.61 9.34 10.07 7.74 5.26 4.67 4.96 4.96 4.45 4.60 4.38 4.38 5.11 2.41 3.21 4.16 5.18 5.33 5.18 5.26 5.11 6.35 7.15 6.42 8.47 7.66 6.06 7.88 9.42 10.22 8.47 4.60 2.77 2.77 4.23 9.42 14.16 17.16 17.08 11.32 9.93 10.51 11.02 9.78 7.01 5.99 6.28 6.57 7.66 8.54 9.42 9.93 10.22 10.07 9.42 9.13 9.27 11.68 11.68 14.24 16.50 17.30 16.28 15.70 16.06 16.64 16.86 16.35 15.11 15.70 16.35 14.53 13.51 13.51 11.83 12.05 12.48 10.80 10.80 9.34 7.45 6.35
8.98 8.61 8.32 7.45 7.59 8.10 6.86 5.48 4.82 4.82 4.89 4.96 5.84 5.40 4.82 4.96 3.72 2.70 2.56 2.70 4.09 5.62 6.42 7.81 8.25 6.35 4.74 4.96 5.48 11.02 11.61 9.71 4.89 2.41 3.14 3.14 7.23 12.92 14.24 13.36 9.20 7.37 8.61 4.74 3.87 2.77 2.41 2.77 4.09 4.82 6.72 7.74 8.32 9.56 9.64 9.34 9.05 9.42 11.02 12.41 12.41 13.72 15.33 15.70 13.72 13.36 13.36 12.78 12.48 12.41 11.32 11.61 11.97 10.51 9.42 8.10 6.94 7.59 7.52 5.77 5.04 4.23 4.38 3.58
11.53 8.69 6.35 5.91 6.20 7.45 5.99 5.99 5.99 5.99 6.64 7.52 9.05 8.76 6.64 3.65 5.55 1.83 1.39 1.90 3.87 5.55 7.37 7.59 8.03 7.81 0.00 7.45 8.69 7.66 9.56 5.84 3.80 5.77 9.86 9.86 12.63 12.19 10.00 6.20 3.21 2.77 3.14 3.14 2.48 2.41 1.90 2.77 3.72 4.67 6.72 8.40 10.15 10.00 7.66 7.08 7.96 8.40 8.10 10.07 10.07 12.85 14.82 14.16 12.92 10.44 8.03 8.61 8.91 8.54 6.64 5.26 4.60 4.45 4.38 4.38 4.02 4.09 4.23 4.23 3.72 2.99 2.26 2.04
13.14 8.25 4.09 1.97 1.39 2.77 4.96 5.55 5.77 5.77 7.37 7.88 8.54 8.54 7.81 5.26 6.20 4.31 3.14 3.72 4.67 4.96 0.00 0.00 0.00 0.00 0.00 0.00 8.91 7.96 9.93 8.32 10.37 12.48 14.82 14.82 12.99 8.10 3.07 1.68 1.75 1.61 1.24 1.61 1.46 1.46 1.53 3.29 5.40 7.23 9.05 9.42 8.61 6.94 5.18 4.96 5.69 6.06 6.57 7.45 7.45 9.86 9.93 8.98 8.83 6.42 4.89 4.02 4.96 4.60 3.65 3.94 3.65 3.43 3.58 4.09 4.09 3.21 3.58 4.79 5.11 4.54 2.54 2.20
13.14 8.25 4.09 1.97 1.39 2.77 4.96 5.55 5.77 5.77 7.37 7.88 8.54 8.54 7.81 5.26 6.20 4.31 3.14 3.72 4.67 4.96 0.00 0.00 0.00 0.00 0.00 0.00 8.91 7.96 9.93 8.32 10.37 12.48 14.82 14.82 12.99 8.10 3.07 1.68 1.75 1.61 1.24 1.61 1.46 1.46 1.53 3.29 5.40 7.23 9.05 9.42 8.61 6.94 5.18 4.96 5.69 6.06 6.57 7.45 7.45 9.86 9.93 8.98 8.83 6.42 4.89 4.02 4.96 4.60 3.65 3.94 3.65 3.43 3.58 4.73 5.64 4.62 4.90 8.14 8.44 6.04 3.27 2.28
9.86 7.45 3.50 0.00 0.00 0.00 1.39 3.72 4.96 4.96 4.09 2.70 3.50 5.26 5.55 6.50 5.48 4.89 4.23 4.23 0.00 0.00 0.00 0.00 0.00 0.00 0.00 6.86 7.23 8.03 8.61 9.64 11.90 12.41 11.90 11.90 6.42 4.38 1.46 0.22 0.29 0.37 0.37 1.68 3.07 1.02 1.53 2.77 6.28 9.78 11.02 8.69 5.99 4.02 2.34 2.12 2.77 3.80 3.65 4.45 4.45 3.80 3.65 3.29 2.92 1.75 1.97 1.83 2.04 2.63 2.70 2.56 3.14 3.54 4.52 5.46 6.46 6.08 5.27 6.12 4.55 0.00 0.00 0.00
7.88 9.42 8.69 5.48 0.80 0.00 0.00 0.00 0.66 0.66 2.41 3.21 2.85 3.14 3.87 4.16 5.04 4.60 5.11 4.45 0.00 0.00 0.00 0.00 9.05 8.61 8.40 8.03 6.79 5.91 6.72 6.35 8.83 6.20 3.87 3.87 2.04 0.95 0.07 0.00 0.00 0.00 0.73 1.90 2.70 3.07 1.46 5.33 7.37 7.88 6.86 4.38 2.04 0.95 0.51 1.17 1.39 0.58 0.15 0.51 0.51 0.00 0.88 1.68 1.68 1.83 1.83 0.95 1.75 2.48 2.77 2.48 2.57 3.52 3.91 5.30 6.77 7.47 6.60 4.95 2.75 1.86 0.00 0.00
6.35 6.20 7.59 8.69 7.74 4.31 1.10 0.00 0.00 0.00 0.95 3.07 4.31 4.38 4.02 4.23 4.31 0.00 7.08 0.00 0.00 6.13 5.11 4.45 5.26 6.57 6.20 4.23 2.63 2.56 2.56 2.34 0.66 4.02 0.29 0.29 0.22 0.00 0.00 0.00 0.00 0.44 0.00 0.51 0.58 1.68 2.34 1.31 2.12 2.56 1.31 0.51 0.51 0.66 0.07 0.00 0.00 0.00 0.00 0.00 0.00 0.00 0.00 1.10 1.61 2.26 2.19 2.19 2.85 2.70 2.12 1.39 1.50 2.59 2.63 3.68 6.29 8.18 5.17 3.81 3.05 4.33 4.03 2.86
6.35 6.20 7.59 8.69 7.74 4.31 1.10 0.00 0.00 0.00 0.95 3.07 4.31 4.38 4.02 4.23 4.31 0.00 7.08 0.00 0.00 6.13 5.11 4.45 5.26 6.57 6.20 4.23 2.63 2.56 2.56 2.34 0.66 4.02 0.29 0.29 0.22 0.00 0.00 0.00 0.00 0.44 0.00 0.51 0.58 1.68 2.34 1.31 2.12 2.56 1.31 0.51 0.51 0.66 0.07 0.00 0.00 0.00 0.00 0.00 0.00 0.00 0.00 1.10 1.61 2.26 2.19 2.19 2.85 2.70 2.12 1.39 1.46 2.56 2.56 3.41 5.61 7.57 5.52 3.95 3.05 4.23 4.42 3.06
8.25 7.01 6.06 5.77 5.77 6.57 5.40 3.36 2.41 2.41 1.46 1.68 3.21 3.94 4.45 4.31 3.36 0.00 0.00 4.23 0.00 2.41 2.26 1.68 2.26 2.26 1.46 0.29 0.00 0.07 0.00 0.00 0.00 0.00 0.00 0.00 0.07 0.00 1.46 1.53 1.39 0.73 0.22 0.51 0.07 0.29 1.24 1.75 0.22 0.00 0.00 0.00 0.00 0.00 0.00 0.00 0.00 0.00 0.00 0.00 0.00 0.00 0.00 0.95 1.31 2.92 3.29 3.14 2.56 1.97 1.31 1.46 1.83 1.61 1.95 1.84 2.76 4.66 4.90 4.14 3.95 4.40 6.18 5.45
7.37 6.57 5.69 6.06 5.33 4.60 6.72 7.23 7.59 7.59 7.01 7.81 6.86 6.28 6.28 6.28 5.69 2.26 2.85 1.75 1.31 1.61 0.00 0.00 0.44 0.00 0.00 0.00 0.00 0.00 0.00 0.00 0.00 0.00 0.00 0.00 0.00 1.17 1.39 0.88 0.80 0.00 0.00 0.00 0.00 0.44 0.88 0.29 0.00 0.00 0.00 0.00 0.00 0.00 0.00 0.00 0.00 0.00 0.00 0.00 0.00 0.58 1.02 1.39 2.70 2.85 1.97 2.12 2.19 1.46 0.44 0.58 1.24 1.40 2.54 2.74 2.27 3.01 3.59 2.65 2.35 4.05 5.90 4.71
10.00 10.59 10.22 9.42 9.71 9.13 8.03 7.81 9.27 9.27 11.32 12.19 10.88 10.00 8.69 5.91 4.16 3.14 2.70 1.83 1.10 0.00 0.00 0.00 0.00 0.00 0.00 0.00 0.00 0.00 0.00 0.00 0.22 0.15 0.15 0.15 0.00 0.66 1.31 1.46 1.31 0.80 0.44 0.00 0.15 1.02 0.44 0.00 0.00 0.00 0.00 0.00 0.00 0.00 0.00 0.00 0.00 0.00 0.88 1.46 1.46 1.24 2.41 2.19 2.19 1.75 1.46 2.19 1.68 0.95 0.00 0.00 0.00 0.91 3.05 4.20 3.97 3.68 4.09 3.37 1.96 2.18 2.76 2.68
12.63 12.41 11.68 11.53 11.68 11.32 11.02 10.29 9.34 9.34 8.54 8.69 9.05 6.28 3.36 2.63 1.68 0.44 0.44 0.07 0.00 0.00 0.00 0.00 0.00 0.00 0.00 0.00 0.44 0.80 1.31 2.41 2.63 1.24 1.31 1.31 1.39 1.02 1.75 1.90 1.10 0.66 1.97 1.90 1.90 1.97 0.29 0.00 0.00 0.00 0.00 0.00 0.00 0.00 0.00 0.00 0.00 0.00 0.00 0.80 0.80 0.88 1.10 1.24 1.17 0.88 0.51 0.80 0.00 0.00 0.00 0.00 0.27 1.56 2.65 3.00 4.34 3.63 3.41 1.79 1.01 0.76 0.00 0.00
12.63 12.41 11.68 11.53 11.68 11.32 11.02 10.29 9.34 9.34 8.54 8.69 9.05 6.28 3.36 2.63 1.68 0.44 0.44 0.07 0.00 0.00 0.00 0.00 0.00 0.00 0.00 0.00 0.44 0.80 1.31 2.41 2.63 1.24 1.31 1.31 1.39 1.02 1.75 1.90 1.10 0.66 1.97 1.90 1.90 1.97 0.29 0.00 0.00 0.00 0.00 0.00 0.00 0.00 0.00 0.00 0.00 0.00 0.00 0.80 0.80 0.88 1.10 1.24 1.17 0.88 0.51 0.80 0.00 0.00 0.00 0.00 0.25 1.69 2.38 3.71 4.40 4.01 3.48 1.61 0.97 0.65 0.00 0.00
11.17 11.39 10.15 8.40 7.96 8.10 8.32 8.61 8.91 8.91 7.01 5.33 3.87 3.29 1.17 0.15 0.00 0.00 0.00 0.00 0.00 0.00 0.00 0.00 0.00 0.00 0.95 1.68 1.83 2.41 3.36 3.87 3.94 2.99 3.36 3.36 3.87 3.50 3.36 2.26 2.92 3.21 3.50 3.43 1.97 0.73 0.00 0.00 0.00 0.00 0.00 0.00 0.00 0.00 0.00 0.00 0.00 0.00 0.00 0.00 0.00 0.00 0.00 0.00 0.00 0.00 0.00 0.00 0.00 0.00 0.00 0.00 0.00 0.18 0.93 1.69 1.17 1.47 2.14 1.50 0.20 0.00 0.00 0.00
7.15 9.71 10.22 8.76 7.59 5.91 5.26 4.16 3.80 3.80 2.92 1.68 1.31 0.00 0.00 0.00 0.00 0.00 0.00 0.00 0.00 0.00 0.07 0.88 1.68 0.44 2.77 2.34 1.97 2.77 2.99 3.21 4.16 4.23 4.38 4.38 4.31 4.74 4.38 3.50 5.33 4.38 3.94 2.77 1.31 0.00 0.00 0.00 0.00 0.00 0.00 0.00 0.00 0.00 0.00 0.00 0.00 0.00 0.00 0.00 0.00 0.00 0.00 0.00 0.00 0.00 0.00 0.00 0.00 0.00 0.00 0.00 0.00 0.00 0.00 0.46 0.00 0.58 0.69 0.11 0.37 0.00 0.00 0.00
5.11 5.99 7.88 9.27 8.76 7.30 5.55 3.72 2.48 2.48 2.19 1.10 0.22 0.00 0.00 0.00 0.00 0.00 0.00 0.00 0.00 0.00 1.24 2.19 2.41 2.56 2.41 1.90 2.41 3.21 5.11 6.13 7.30 5.91 4.89 4.89 5.48 5.84 5.40 5.84 5.77 5.33 3.72 1.90 0.00 0.00 0.00 0.00 0.00 0.00 0.00 0.00 0.00 0.00 0.00 0.00 0.00 0.00 0.00 0.00 0.00 0.00 0.00 0.00 0.00 0.00 0.00 0.00 0.00 0.00 0.00 0.00 0.00 0.00 0.00 0.00 0.27 0.87 0.59 1.16 0.00 0.00 0.00 0.00
3.14 4.16 4.45 4.02 4.53 5.91 5.77 4.09 2.56 2.56 1.46 0.44 0.22 0.00 0.00 0.00 0.00 0.00 0.00 0.00 0.07 0.29 0.73 1.46 2.70 3.87 2.34 2.41 3.65 3.87 7.66 9.49 8.91 7.23 6.86 6.86 7.81 7.45 7.01 4.23 3.21 4.82 1.61 0.00 0.00 0.00 0.00 0.00 0.00 0.00 0.00 0.00 0.00 0.00 0.00 0.00 0.00 0.00 0.00 0.00 0.00 0.00 0.00 0.00 0.00 0.00 0.00 0.00 0.00 0.00 0.00 0.00 0.00 0.00 0.00 0.00 0.30 0.00 0.56 1.33 0.00 0.00 0.00 0.00
1.75 2.19 3.43 4.31 2.56 2.26 3.07 2.70 1.90 1.90 1.39 0.95 0.00 0.00 0.00 0.00 0.00 0.00 0.00 0.44 1.90 2.34 2.19 2.85 4.09 4.74 6.28 4.23 4.02 6.13 9.34 10.22 9.34 8.47 8.69 8.69 8.25 6.06 3.58 1.75 1.39 0.22 0.44 0.00 0.00 0.00 0.00 0.00 0.00 0.00 0.00 0.00 0.00 0.00 0.00 0.00 0.00 0.00 0.00 0.00 0.00 0.00 0.00 0.00 0.00 0.00 0.00 0.00 0.00 0.00 0.00 0.00 0.00 0.00 0.00 0.00 0.00 0.18 1.31 1.44 0.83 0.00 0.00 0.00
1.75 2.19 3.43 4.31 2.56 2.26 3.07 2.70 1.90 1.90 1.39 0.95 0.00 0.00 0.00 0.00 0.00 0.00 0.00 0.44 1.90 2.34 2.19 2.85 4.09 4.74 6.28 4.23 4.02 6.13 9.34 10.22 9.34 8.47 8.69 8.69 8.25 6.06 3.58 1.75 1.39 0.22 0.44 0.00 0.00 0.00 0.00 0.00 0.00 0.00 0.00 0.00 0.00 0.00 0.00 0.00 0.00 0.00 0.00 0.00 0.00 0.00 0.00 0.00 0.00 0.00 0.00 0.00 0.00 0.00 0.00 0.00 0.00 0.00 0.00 0.00 0.00 0.16 1.10 1.68 1.01 0.00 0.00 0.00
0.00 0.95 2.04 2.63 2.63 1.39 0.66 0.37 0.00 0.00 0.00 0.29 0.00 0.00 0.00 0.00 0.00 0.00 1.61 0.88 4.02 3.43 4.16 5.48 6.28 6.72 6.50 6.72 5.48 8.40 9.56 9.13 6.86 5.69 4.82 4.82 3.50 2.77 1.90 1.46 0.95 0.00 0.00 0.00 0.00 0.00 0.00 0.00 0.00 0.00 0.00 0.00 0.00 0.00 0.00 0.00 0.00 0.00 0.00 0.00 0.00 0.00 0.00 0.00 0.00 0.00 0.00 0.00 0.00 0.00 0.00 0.00 0.00 0.00 0.00 0.00 0.00 0.64 2.04 1.70 0.44 0.00 0.00 0.00
0.00 0.00 3.14 3.65 3.29 1.75 0.00 0.00 0.00 0.00 0.00 0.00 0.00 0.00 0.00 0.00 0.00 0.00 1.83 4.16 3.29 6.13 6.20 7.23 8.32 7.96 7.81 10.07 11.97 10.22 7.23 6.06 3.07 1.61 1.02 1.02 1.53 1.02 1.17 0.00 0.00 0.00 0.00 0.00 0.00 0.00 0.00 0.00 0.00 0.00 0.00 0.00 0.00 0.00 0.00 0.00 0.00 0.00 0.00 0.00 0.00 0.00 0.00 0.00 0.00 0.00 0.00 0.00 0.00 0.00 0.00 0.00 0.00 0.00 0.00 1.09 2.22 2.04 2.16 1.68 0.00 0.00 0.00 0.00
0.00 0.00 0.00 2.99 2.12 0.00 0.00 0.00 0.00 0.00 0.00 0.00 0.00 0.00 0.00 0.00 0.00 0.44 2.34 4.74 4.38 7.81 7.66 7.96 8.91 7.88 8.18 10.80 11.61 10.80 10.15 4.53 2.26 0.73 0.00 0.00 0.00 0.00 0.00 0.00 0.00 0.00 0.00 0.00 0.00 0.00 0.00 0.00 0.00 0.00 0.00 0.00 0.00 0.00 0.00 0.00 0.00 0.00 0.00 0.00 0.00 0.00 0.00 0.00 0.00 0.00 0.00 0.00 0.00 0.00 0.00 0.00 0.00 0.00 1.33 3.84 4.53 2.72 1.26 0.45 0.00 0.00 0.00 0.00
0.00 0.00 0.00 0.00 0.00 0.00 0.00 0.00 0.00 0.00 0.00 0.00 0.00 0.00 0.00 0.00 0.00 0.66 2.04 4.23 8.03 8.54 8.76 8.98 9.56 8.47 7.08 6.86 8.40 7.59 10.59 1.83 0.51 0.00 0.00 0.00 0.00 0.00 0.29 0.73 0.00 0.00 0.00 0.00 0.00 0.00 0.00 0.00 0.00 0.00 0.00 0.00 0.00 0.00 0.00 0.00 0.00 0.00 0.00 0.00 0.00 0.00 0.00 0.00 0.00 0.00 0.00 0.00 0.00 0.00 0.00 0.00 0.00 0.00 3.43 6.42 7.99 5.57 1.40 0.00 0.00 0.00 0.00 0.00
0.00 0.00 0.00 0.00 0.00 0.00 0.00 0.00 0.00 0.00 0.00 0.00 0.00 0.00 0.00 0.00 0.00 0.66 2.19 4.45 8.40 6.79 7.23 7.74 8.25 7.01 5.55 6.13 6.79 5.48 2.56 3.43 0.88 1.68 2.85 2.85 2.92 3.07 1.68 0.00 0.00 0.00 0.00 0.00 0.00 0.00 0.00 0.00 0.00 0.00 0.00 0.00 0.00 0.00 0.00 0.00 0.00 0.00 0.00 0.00 0.00 0.00 0.00 0.00 0.00 0.00 0.00 0.00 0.00 0.00 0.00 0.00 0.77 3.89 5.42 7.30 5.95 1.95 0.12 0.00 0.00 0.00 0.00 0.00
0.00 0.00 0.00 0.00 0.00 0.00 0.00 0.00 0.00 0.00 0.00 0.00 0.00 0.00 0.00 0.00 0.00 0.66 2.19 4.45 8.40 6.79 7.23 7.74 8.25 7.01 5.55 6.13 6.79 5.48 2.56 3.43 0.88 1.68 2.85 2.85 2.92 3.07 1.68 0.00 0.00 0.00 0.00 0.00 0.00 0.00 0.00 0.00 0.00 0.00 0.00 0.00 0.00 0.00 0.00 0.00 0.00 0.00 0.00 0.00 0.00 0.00 0.00 0.00 0.00 0.00 0.00 0.00 0.00 0.00 0.00 0.00 0.70 4.34 5.79 8.52 6.91 1.88 0.13 0.00 0.00 0.00 0.00 0.00
0.00 0.00 0.00 0.00 0.00 0.00 0.00 0.00 0.00 0.00 0.00 0.00 0.00 0.00 0.00 0.00 0.73 0.51 1.31 3.36 4.67 7.30 5.84 6.20 6.42 5.18 5.26 7.15 6.42 4.38 3.21 3.21 1.31 5.62 6.13 6.13 4.45 2.63 0.00 0.00 0.00 0.00 0.00 0.00 0.00 0.00 0.00 0.00 0.00 0.00 0.00 0.00 0.00 0.00 0.00 0.00 0.00 0.00 0.00 0.00 0.00 0.00 0.00 0.00 0.00 0.00 0.00 0.00 0.00 0.00 0.00 0.00 2.89 7.69 10.33 9.31 4.57 0.48 0.00 0.00 0.00 0.00 0.00 0.00
0.00 0.00 0.00 0.00 0.00 0.00 0.00 0.00 0.00 0.00 0.00 0.00 0.00 0.00 0.00 0.00 2.77 3.50 4.74 6.06 5.91 6.35 7.23 6.35 5.69 6.13 6.57 7.81 7.88 6.35 6.13 4.53 3.72 3.36 3.14 3.14 0.00 0.00 0.00 0.00 0.00 0.00 0.00 0.00 0.00 0.00 0.00 0.00 0.00 0.00 0.00 0.00 0.00 0.00 0.00 0.00 0.00 0.00 0.00 0.00 0.00 0.00 0.00 0.00 0.00 0.00 0.00 0.00 0.00 0.00 0.00 1.58 5.20 8.02 7.64 6.19 2.29 0.00 0.00 0.00 0.00 0.00 0.00 0.00
2.04 2.12 2.41 3.21 0.00 0.00 2.70 3.14 0.00 0.00 0.00 0.00 0.00 0.00 0.00 0.00 1.31 4.45 7.66 8.98 8.83 6.28 7.08 5.91 5.99 7.30 7.59 6.13 5.91 5.11 0.00 0.00 0.00 3.29 0.00 0.00 0.00 0.00 0.00 0.00 0.00 0.00 0.00 0.00 0.00 0.00 0.00 0.00 0.00 0.00 0.00 0.00 0.00 0.00 0.00 0.00 0.00 0.00 0.00 0.00 0.00 0.00 0.00 0.00 0.00 0.00 0.00 0.00 0.00 0.00 0.00 2.29 6.14 8.57 6.01 3.18 0.00 0.00 0.00 0.00 0.00 0.00 0.00 0.00
1.53 0.95 1.10 1.61 2.19 2.34 2.26 1.31 0.80 0.80 0.73 0.00 0.00 0.00 0.00 0.00 0.00 1.17 2.77 3.80 5.62 6.20 4.96 4.89 5.62 5.84 5.62 3.72 0.00 0.00 0.00 0.00 0.00 0.00 0.00 0.00 0.00 0.00 0.00 0.00 0.00 0.00 0.00 0.00 0.00 0.00 0.00 0.00 0.00 0.00 0.00 0.00 0.00 0.00 0.00 0.00 0.00 0.00 0.00 0.00 0.00 0.00 0.00 0.00 0.00 0.00 0.00 0.00 0.00 0.00 0.00 1.84 6.43 5.50 3.26 0.30 0.00 0.00 0.00 0.00 0.00 0.00 0.00 0.00
1.39 0.22 0.00 0.00 0.07 0.66 0.00 0.00 0.00 0.00 0.00 0.00 0.00 0.00 0.00 0.00 0.00 0.00 0.00 0.00 0.00 0.00 3.36 0.00 1.90 0.00 0.00 0.00 0.00 0.00 0.00 0.00 0.00 0.00 0.00 0.00 0.00 0.00 0.00 0.00 0.00 0.00 0.00 0.00 0.00 0.00 0.00 0.00 0.00 0.00 0.00 0.00 0.00 0.00 0.00 0.00 0.00 0.00 0.00 0.00 0.00 0.00 0.00 0.00 0.00 0.00 0.00 0.00 0.00 0.00 0.00 1.68 3.57 2.01 0.00 0.00 0.00 0.00 0.00 0.00 0.00 0.00 0.00 0.00
0.00 0.00 0.00 0.00 0.00 0.00 0.00 0.00 0.00 0.00 0.00 0.00 0.00 0.00 0.00 0.00 0.00 0.00 0.00 0.00 0.00 0.00 0.00 0.00 0.00 0.00 0.00 0.00 0.00 0.00 0.00 0.00 0.00 0.00 0.00 0.00 0.00 0.00 0.00 0.00 0.00 0.00 0.00 0.00 0.00 0.00 0.00 0.00 0.00 0.00 0.00 0.00 0.00 0.00 0.00 0.00 0.00 0.00 0.00 0.00 0.00 0.00 0.00 0.00 0.00 0.00 0.00 0.00 0.00 0.00 0.00 0.66 0.22 0.00 0.00 0.00 0.00 0.00 0.00 0.00 0.00 0.00 0.00 0.00
0.00 0.00 0.00 0.00 0.00 0.00 0.00 0.00 0.00 0.00 0.00 0.00 0.00 0.00 0.00 0.00 0.00 0.00 0.00 0.00 0.00 0.00 0.00 0.00 0.00 0.00 0.00 0.00 0.00 0.00 0.00 0.00 0.00 0.00 0.00 0.00 0.00 0.00 0.00 0.00 0.00 0.00 0.00 0.00 0.00 0.00 0.00 0.00 0.00 0.00 0.00 0.00 0.00 0.00 0.00 0.00 0.00 0.00 0.00 0.00 0.00 0.00 0.00 0.00 0.00 0.00 0.00 0.00 0.00 0.00 0.00 0.66 0.22 0.00 0.00 0.00 0.00 0.00 0.00 0.00 0.00 0.00 0.00 0.00
0.00 0.00 0.00 0.00 0.00 0.00 0.00 0.00 0.00 0.00 0.00 0.00 0.00 0.00 0.00 0.00 0.00 0.00 0.00 0.00 0.00 0.00 0.00 0.00 0.00 0.00 0.00 0.00 0.00 0.00 0.00 0.00 0.00 0.00 0.00 0.00 0.00 0.00 0.00 0.00 0.00 0.00 0.00 0.00 0.00 0.00 0.00 0.00 0.00 0.00 0.00 0.00 0.00 0.00 0.00 0.00 0.00 0.00 0.00 0.00 0.00 0.00 0.00 0.00 0.00 0.00 0.00 0.00 0.00 0.00 0.00 0.00 0.00 0.00 0.00 0.00 0.00 0.00 0.00 0.00 0.00 0.00 0.00 0.00
