Wansh/Snow_depth/snowdepth-1991/spring/1991087.txt
ncols 321
nrows 161
xllcenter 60
yllcenter 15 
cellsize  0.25 
NODATA_value -1
[rows 0 to 36 of 161, columns 168 to 251 of 321]
12.19 10.59 8.69 5.99 5.91 5.69 6.86 6.20 6.28 6.28 6.72 6.20 6.13 6.86 7.23 6.28 6.06 7.37 8.25 9.78 11.32 11.17 9.86 9.42 10.22 9.56 8.10 4.89 0.00 0.00 0.00 3.14 9.56 14.67 15.40 15.40 14.89 15.26 15.77 16.72 17.08 16.06 16.94 18.32 20.08 21.46 21.68 22.05 20.59 18.54 15.40 15.11 16.86 17.89 18.54 19.78 22.12 22.92 23.00 22.70 22.70 22.63 23.29 24.53 25.70 27.16 27.38 26.28 25.11 23.51 22.27 21.17 21.02 21.61 22.34 23.43 23.73 23.58 23.29 22.48 21.61 21.90 20.59 20.44
13.72 12.85 10.59 9.42 9.20 8.98 6.57 5.33 5.40 5.40 6.20 7.08 8.10 7.59 6.86 6.42 6.57 7.81 9.64 11.90 11.90 10.95 10.15 9.93 9.78 7.30 3.65 0.00 0.00 0.00 0.00 5.55 11.90 13.43 14.16 14.16 14.02 14.09 16.50 19.64 20.29 19.86 19.93 20.51 20.88 20.73 20.15 18.83 17.16 16.57 16.13 16.28 17.59 18.98 19.42 19.20 20.51 22.19 23.73 23.80 23.80 24.16 24.38 24.82 24.89 24.16 24.89 24.97 24.09 23.21 22.63 22.48 22.41 21.53 20.73 20.81 21.10 21.46 21.68 20.15 18.40 15.77 15.26 14.82
17.52 15.91 13.14 12.99 12.92 12.26 9.42 9.56 7.08 7.08 6.72 7.23 7.01 6.28 7.08 7.96 9.56 11.02 12.05 12.92 12.34 12.26 11.90 11.46 9.78 4.89 0.00 0.00 0.00 0.00 0.00 7.01 11.02 12.05 13.36 13.36 12.99 15.18 17.45 20.95 21.61 20.59 20.00 19.42 18.76 18.61 17.74 16.79 15.91 15.70 15.70 16.57 17.37 18.69 19.27 18.98 18.54 19.20 20.51 23.00 23.00 23.94 23.94 23.14 22.56 22.56 22.12 21.97 21.83 21.10 21.32 21.24 20.88 18.69 17.81 17.59 18.47 18.32 17.81 17.81 17.89 17.37 16.06 15.40
17.52 15.91 13.14 12.99 12.92 12.26 9.42 9.56 7.08 7.08 6.72 7.23 7.01 6.28 7.08 7.96 9.56 11.02 12.05 12.92 12.34 12.26 11.90 11.46 9.78 4.89 0.00 0.00 0.00 0.00 0.00 7.01 11.02 12.05 13.36 13.36 12.99 15.18 17.45 20.95 21.61 20.59 20.00 19.42 18.76 18.61 17.74 16.79 15.91 15.70 15.70 16.57 17.37 18.69 19.27 18.98 18.54 19.20 20.51 23.00 23.00 23.94 23.94 23.14 22.56 22.56 22.12 21.97 21.83 21.10 21.32 21.24 20.88 18.69 17.81 17.59 18.47 18.32 17.81 17.81 17.89 17.37 16.06 15.40
18.10 17.67 17.37 16.94 16.86 15.99 13.14 10.37 9.71 9.71 6.79 7.52 7.88 9.34 10.07 11.39 13.65 15.11 14.97 13.80 12.34 11.53 10.59 9.34 4.31 0.00 0.00 0.00 0.00 0.00 5.18 7.88 9.13 10.07 11.83 11.83 14.09 16.79 18.03 18.61 17.89 17.08 17.30 17.16 16.28 15.77 16.06 16.72 16.57 15.70 15.77 16.13 16.72 17.16 17.16 17.59 18.18 19.42 21.10 22.19 22.19 23.36 23.14 21.97 21.17 20.59 19.86 19.42 19.42 18.40 18.18 18.47 18.32 17.16 16.21 16.06 16.50 17.30 18.40 18.69 18.91 18.40 19.05 19.35
19.86 21.32 21.83 20.88 19.20 17.96 16.72 14.09 12.34 12.34 11.24 10.66 11.46 12.78 13.36 13.94 15.70 15.84 12.92 10.59 8.91 6.94 4.38 0.00 0.00 0.00 0.00 0.00 0.00 5.48 9.78 10.22 10.07 11.97 13.80 13.80 16.43 17.81 17.30 15.40 15.11 14.89 15.18 15.99 15.70 15.48 15.70 16.06 15.91 15.91 16.28 17.67 18.25 18.03 17.08 16.43 16.94 17.74 18.98 20.29 20.29 21.39 22.12 21.53 19.35 17.59 16.86 16.94 15.91 15.40 15.62 15.62 15.70 16.79 16.43 16.13 15.99 16.86 18.40 19.78 19.78 20.22 20.73 20.73
19.71 22.41 24.24 23.73 23.29 22.12 20.29 18.91 17.52 17.52 14.89 14.31 13.14 14.60 15.70 16.64 17.30 14.89 11.32 8.69 4.38 0.00 0.00 0.00 0.00 0.00 0.00 0.00 5.77 9.49 11.39 12.92 13.65 15.26 18.47 18.47 20.22 18.40 16.13 14.24 13.80 14.24 16.21 16.57 16.43 17.30 17.52 17.52 18.25 17.74 17.74 17.81 17.59 17.01 15.99 14.97 15.04 15.26 15.70 17.23 17.23 17.81 17.81 17.96 17.23 14.82 13.87 13.43 14.02 13.58 12.92 12.56 12.92 12.56 12.19 12.63 13.43 13.87 14.89 17.49 20.68 22.85 22.53 25.07
19.71 22.41 24.24 23.73 23.29 22.12 20.29 18.91 17.52 17.52 14.89 14.31 13.14 14.60 15.70 16.64 17.30 14.89 11.32 8.69 4.38 0.00 0.00 0.00 0.00 0.00 0.00 0.00 5.77 9.49 11.39 12.92 13.65 15.26 18.47 18.47 20.22 18.40 16.13 14.24 13.80 14.24 16.21 16.57 16.43 17.30 17.52 17.52 18.25 17.74 17.74 17.81 17.59 17.01 15.99 14.97 15.04 15.26 15.70 17.23 17.23 17.81 17.81 17.96 17.23 14.82 13.87 13.43 14.02 13.58 12.92 12.56 12.92 12.56 12.19 14.60 18.53 19.96 20.40 29.72 34.16 30.41 29.00 26.01
14.60 18.47 21.10 23.07 22.63 21.39 18.76 17.96 16.64 16.64 15.84 15.99 15.55 15.04 17.89 16.72 15.18 12.26 8.03 2.12 0.00 0.00 0.00 0.00 0.00 0.00 2.56 5.04 8.54 10.51 11.02 12.05 14.38 15.77 18.61 18.61 19.27 17.52 14.02 11.68 11.61 14.02 16.21 17.45 18.03 17.37 17.37 18.76 19.93 20.08 19.64 18.76 16.79 15.26 14.24 13.36 12.78 13.36 13.87 14.31 14.31 14.60 13.87 13.29 12.70 12.19 11.75 11.39 11.61 11.90 11.39 11.97 11.90 11.59 14.60 16.05 16.87 16.48 15.45 21.90 22.85 21.86 21.52 23.18
9.93 12.99 13.07 15.70 15.99 17.01 16.64 14.97 14.60 14.60 15.77 17.45 18.40 17.89 14.75 11.39 8.47 4.09 0.00 0.00 0.00 0.00 0.00 0.00 2.70 7.74 9.13 10.07 10.37 10.44 11.02 12.05 11.68 10.80 11.97 11.97 13.80 12.34 9.49 9.20 10.80 13.14 14.38 14.60 14.53 14.45 14.31 16.79 18.18 18.40 18.40 16.86 14.82 14.02 13.14 12.19 11.02 10.88 11.24 11.68 11.68 11.90 11.97 11.90 11.24 10.51 10.15 10.15 10.37 10.37 11.39 11.24 11.07 14.71 15.17 14.06 16.29 18.22 18.92 17.54 17.14 17.74 21.15 21.04
9.13 9.34 9.27 10.15 12.34 13.80 14.97 13.94 13.87 13.87 14.89 14.16 10.95 8.47 11.53 3.58 0.00 0.00 0.00 0.00 0.00 3.87 6.50 8.47 10.22 10.37 9.56 9.05 8.91 7.96 8.32 7.08 6.79 5.99 5.84 5.84 6.86 8.25 7.96 8.40 10.07 11.10 10.59 9.34 8.83 9.71 10.95 11.75 13.87 15.33 15.40 13.80 13.36 13.58 12.41 10.22 9.93 11.10 11.68 12.05 12.05 12.12 11.24 10.29 9.56 9.93 9.42 8.91 8.83 8.76 9.20 9.78 10.18 9.49 9.11 13.78 17.21 18.10 17.13 16.82 17.02 18.06 15.91 15.45
9.13 9.34 9.27 10.15 12.34 13.80 14.97 13.94 13.87 13.87 14.89 14.16 10.95 8.47 11.53 3.58 0.00 0.00 0.00 0.00 0.00 3.87 6.50 8.47 10.22 10.37 9.56 9.05 8.91 7.96 8.32 7.08 6.79 5.99 5.84 5.84 6.86 8.25 7.96 8.40 10.07 11.10 10.59 9.34 8.83 9.71 10.95 11.75 13.87 15.33 15.40 13.80 13.36 13.58 12.41 10.22 9.93 11.10 11.68 12.05 12.05 12.12 11.24 10.29 9.56 9.93 9.42 8.91 8.83 8.76 9.20 9.78 9.93 9.34 8.83 12.80 15.34 16.76 18.28 17.45 17.02 17.67 17.48 16.52
13.58 12.41 9.56 8.47 9.49 9.86 10.29 9.93 9.27 9.27 7.66 5.55 1.17 0.00 0.00 0.58 0.00 0.00 0.00 4.38 6.06 7.23 7.01 6.94 7.59 6.86 6.20 6.42 6.28 5.77 5.18 3.65 3.14 4.31 4.82 4.82 6.94 8.83 9.49 9.56 8.47 7.66 6.79 5.77 5.18 5.40 6.79 8.54 10.59 12.34 11.17 11.39 11.32 11.32 9.78 9.27 10.15 11.24 12.63 12.41 12.41 11.53 11.10 11.17 10.88 10.29 9.78 9.49 9.27 9.27 8.98 9.56 9.86 9.93 10.26 12.47 15.63 15.98 16.73 17.11 16.73 19.32 19.09 17.50
14.09 14.24 11.75 11.61 10.88 9.71 9.20 6.20 3.07 3.07 0.00 0.00 0.00 0.00 0.00 0.00 0.00 0.00 4.09 6.06 7.37 6.79 5.62 5.18 4.74 4.38 4.67 5.84 6.42 6.13 5.40 4.16 4.45 5.84 6.42 6.42 8.10 9.13 10.15 9.56 7.52 6.28 5.62 5.48 5.11 5.11 6.13 6.42 6.64 7.88 8.32 6.86 6.64 5.62 6.72 7.81 9.42 10.51 11.32 12.26 12.26 12.56 12.41 12.99 12.41 12.05 12.12 11.68 10.80 10.66 11.02 10.44 9.71 10.81 14.07 15.51 13.91 16.00 18.64 15.97 18.48 17.24 17.10 17.90
16.13 17.01 17.01 14.97 13.87 13.29 10.95 8.61 5.62 5.62 3.14 1.17 1.24 1.02 2.77 2.04 3.50 1.10 5.18 6.57 5.99 4.67 4.53 5.69 6.13 5.48 5.62 6.64 7.23 6.06 5.26 5.11 6.13 6.35 6.79 6.79 7.45 8.54 9.05 8.61 6.86 5.62 5.11 5.55 5.91 6.86 7.66 6.72 6.57 6.57 5.62 4.60 3.36 3.14 4.67 7.30 9.93 11.83 11.68 11.75 11.75 12.19 13.21 12.41 11.83 11.75 11.90 10.15 10.00 10.73 11.75 11.90 11.46 13.90 14.49 15.82 17.39 19.47 17.39 16.94 17.44 16.59 16.34 14.70
18.98 19.13 17.37 16.57 15.55 14.89 14.16 13.58 13.07 13.07 11.39 10.66 10.29 9.13 7.37 6.72 5.84 4.02 5.84 4.16 4.38 4.45 4.53 6.57 6.35 6.79 7.37 7.81 7.96 7.52 7.59 8.25 8.76 8.40 8.32 8.32 8.61 9.05 8.47 7.74 7.23 7.08 7.59 7.96 7.45 7.23 6.64 5.55 5.26 4.74 3.87 2.19 1.17 2.48 2.99 6.79 11.24 13.51 12.99 11.24 11.24 10.66 10.44 9.42 8.32 7.66 7.01 6.72 6.64 8.54 10.95 12.27 14.42 14.21 14.82 14.60 18.09 16.83 17.16 16.88 16.82 16.33 14.11 13.25
18.98 19.13 17.37 16.57 15.55 14.89 14.16 13.58 13.07 13.07 11.39 10.66 10.29 9.13 7.37 6.72 5.84 4.02 5.84 4.16 4.38 4.45 4.53 6.57 6.35 6.79 7.37 7.81 7.96 7.52 7.59 8.25 8.76 8.40 8.32 8.32 8.61 9.05 8.47 7.74 7.23 7.08 7.59 7.96 7.45 7.23 6.64 5.55 5.26 4.74 3.87 2.19 1.17 2.48 2.99 6.79 11.24 13.51 12.99 11.24 11.24 10.66 10.44 9.42 8.32 7.66 7.01 6.72 6.64 8.54 10.95 15.06 13.52 15.45 13.31 18.06 18.36 18.61 17.50 15.23 16.25 14.04 15.35 15.04
16.35 19.35 19.49 17.89 15.33 15.55 15.18 14.67 14.45 14.45 13.94 12.19 11.39 10.22 9.64 8.32 5.77 4.45 5.26 2.92 5.11 5.40 6.72 7.88 8.40 8.47 8.91 8.98 8.91 9.42 10.07 10.22 10.37 10.44 10.22 10.22 10.88 10.59 9.05 8.25 8.47 9.49 10.44 10.15 7.81 5.26 4.02 3.72 3.43 2.70 0.95 0.29 0.51 0.44 0.66 4.45 6.64 9.13 10.80 8.61 8.61 6.94 6.50 6.79 5.48 4.09 3.50 3.29 3.58 5.26 9.38 12.49 17.36 15.98 15.73 18.58 20.09 17.15 16.18 19.11 15.88 14.60 13.44 10.67
12.85 15.84 18.83 19.27 18.83 16.57 14.02 12.63 11.83 11.83 11.02 9.56 10.73 13.07 12.63 11.32 8.25 5.18 4.31 4.67 5.26 5.69 7.01 8.10 8.47 8.25 8.47 8.54 9.20 9.20 8.98 9.86 10.59 10.15 10.00 10.00 10.51 10.37 9.56 9.93 10.29 9.78 9.05 6.50 4.09 2.77 1.83 1.97 2.26 0.80 0.58 0.58 0.22 0.00 0.00 0.00 2.41 3.21 4.67 5.40 5.40 3.94 3.58 3.72 2.19 1.46 0.44 0.00 0.15 2.57 7.45 13.79 17.00 17.94 20.63 21.57 17.68 17.48 18.64 19.89 16.92 16.98 13.34 12.85
12.34 12.56 13.51 16.13 17.01 16.28 15.99 11.39 10.29 10.29 9.56 9.93 10.73 11.24 10.95 9.27 5.33 3.07 3.21 4.67 4.60 3.94 7.23 8.10 8.47 7.66 7.74 8.18 8.76 8.69 8.91 10.88 11.75 10.44 10.00 10.00 10.73 10.22 10.00 9.78 9.93 9.27 7.08 3.80 2.63 2.70 2.19 1.90 1.10 0.29 0.00 0.00 0.00 0.00 0.00 0.00 0.00 1.31 2.92 2.99 2.99 2.70 2.85 1.97 0.66 0.00 0.00 0.00 0.00 1.02 6.13 10.07 16.35 20.95 22.19 22.98 22.48 23.04 22.67 18.80 18.50 13.91 10.63 11.87
8.76 9.27 10.95 12.19 12.41 11.83 11.39 11.53 9.27 9.27 8.91 8.32 7.37 7.88 8.10 6.06 3.14 1.90 2.12 3.72 5.04 5.18 8.54 9.34 8.03 6.72 7.30 7.66 8.03 8.61 10.00 12.85 13.07 11.53 11.17 11.17 11.61 11.39 9.93 7.01 6.20 5.48 3.72 2.63 2.85 2.70 1.68 0.66 0.07 0.00 0.00 0.00 0.00 0.00 0.00 0.00 2.99 6.35 5.77 3.72 3.72 2.63 1.53 0.95 0.00 0.00 0.00 0.00 0.00 0.80 5.48 11.53 18.47 23.29 26.31 27.86 30.21 25.60 23.81 21.13 20.73 12.29 11.84 7.54
5.18 5.91 7.23 8.98 9.78 9.34 8.03 7.88 8.69 8.69 6.94 6.86 7.88 10.07 10.37 6.42 1.02 0.00 0.15 4.23 6.86 7.59 6.79 8.47 8.10 8.10 9.05 9.05 8.76 9.71 12.48 13.72 12.56 12.19 11.97 11.97 10.95 8.18 6.42 5.04 5.18 4.02 3.21 2.92 2.34 1.61 0.51 0.00 0.00 0.00 0.00 0.00 0.00 0.00 0.00 1.61 5.77 12.56 12.26 8.47 8.47 2.77 0.15 0.00 0.00 0.00 0.00 0.00 0.00 0.00 3.14 11.53 18.47 23.07 25.93 26.92 32.90 27.39 25.82 18.61 12.03 10.31 7.48 5.46
5.18 5.91 7.23 8.98 9.78 9.34 8.03 7.88 8.69 8.69 6.94 6.86 7.88 10.07 10.37 6.42 1.02 0.00 0.15 4.23 6.86 7.59 6.79 8.47 8.10 8.10 9.05 9.05 8.76 9.71 12.48 13.72 12.56 12.19 11.97 11.97 10.95 8.18 6.42 5.04 5.18 4.02 3.21 2.92 2.34 1.61 0.51 0.00 0.00 0.00 0.00 0.00 0.00 0.00 0.00 1.61 5.77 12.56 12.26 8.47 8.47 2.77 0.15 0.00 0.00 0.00 0.00 0.00 0.00 0.00 3.14 11.53 18.47 23.07 24.89 27.07 25.55 24.09 21.63 21.66 14.71 10.53 5.86 5.04
1.39 3.43 4.82 6.57 7.08 7.88 7.15 6.50 6.28 6.28 6.06 6.06 6.57 6.42 5.55 2.77 0.15 0.51 5.11 9.20 11.02 10.07 9.20 8.83 9.49 9.20 9.27 10.00 12.56 13.87 14.24 12.85 11.24 9.42 7.88 7.88 6.57 5.69 4.23 3.58 3.80 4.16 3.50 2.70 0.88 0.00 0.00 0.00 0.00 0.00 0.00 0.00 0.95 4.09 6.13 7.52 9.64 13.43 13.14 7.66 7.66 0.95 0.00 0.00 0.00 0.00 0.00 0.00 0.00 0.00 2.85 8.25 13.07 19.86 22.27 21.64 22.44 29.95 26.71 19.24 10.62 4.69 3.09 2.47
0.88 0.51 2.41 4.82 5.62 5.18 4.82 4.38 4.45 4.45 5.40 4.45 3.80 2.19 2.04 2.34 1.46 3.21 9.05 11.97 12.41 11.75 10.66 10.73 9.86 11.53 11.32 13.87 17.16 16.13 14.09 11.68 9.64 6.35 5.11 5.11 4.96 4.60 5.18 4.60 4.31 3.43 3.21 1.90 0.37 0.00 0.00 0.00 0.00 0.00 0.00 0.95 3.72 7.30 10.00 10.88 9.78 8.03 5.04 0.00 0.00 0.00 0.00 0.00 0.00 0.00 0.00 0.00 0.00 0.22 1.90 6.72 14.53 20.44 22.76 22.10 19.44 20.71 20.05 14.81 10.22 4.57 2.96 1.12
0.58 0.00 0.37 1.53 2.99 2.63 2.77 2.19 1.39 1.39 1.39 4.74 3.72 3.87 3.80 4.89 5.84 8.10 12.70 14.82 15.18 13.36 11.90 12.56 12.05 12.92 14.38 17.16 18.61 18.03 15.40 10.88 8.61 5.62 5.48 5.48 7.08 7.15 8.54 7.88 6.86 4.45 1.97 0.00 0.00 0.00 0.00 0.00 0.00 0.00 0.00 0.07 2.70 4.09 3.07 4.31 3.72 0.95 0.00 0.00 0.00 0.00 0.00 0.00 0.00 0.00 0.00 0.00 0.00 0.58 1.90 6.42 13.78 20.13 22.46 23.82 19.31 15.11 15.28 9.10 6.09 2.15 0.94 0.83
0.73 0.00 0.00 0.00 0.51 0.15 0.51 0.37 0.00 0.00 0.00 0.00 4.02 3.14 4.60 9.27 11.97 12.99 16.21 17.01 14.97 14.24 13.94 14.24 15.33 14.89 16.06 18.25 18.69 17.01 14.09 10.73 10.29 8.98 9.56 9.56 13.58 14.31 13.51 11.02 7.15 4.02 1.24 0.00 0.00 0.00 0.00 0.00 0.00 0.00 0.00 0.00 0.00 0.00 0.00 0.00 0.00 0.00 0.00 0.00 0.00 0.00 0.00 0.00 0.00 0.00 0.00 0.00 0.15 2.04 5.26 9.49 14.83 18.85 22.92 22.50 20.57 15.96 9.69 5.98 2.92 1.25 0.00 0.00
0.66 0.00 0.00 0.00 0.00 0.00 0.00 0.00 0.00 0.00 0.00 0.00 2.85 2.92 5.40 8.76 9.93 10.88 13.29 12.48 11.90 13.43 14.09 15.70 16.94 17.08 17.01 19.64 17.59 14.09 11.90 13.36 15.48 15.99 16.43 16.43 17.52 17.30 12.63 9.49 7.01 5.77 5.84 2.41 0.37 0.00 0.00 0.00 0.00 0.00 0.00 0.00 0.00 0.00 0.00 0.00 0.00 0.00 0.00 0.00 0.00 0.00 0.00 0.00 0.00 0.00 1.83 4.23 4.82 6.86 11.01 15.46 19.58 19.92 20.86 21.17 15.84 9.98 6.86 3.41 0.60 0.57 0.00 0.00
0.66 0.00 0.00 0.00 0.00 0.00 0.00 0.00 0.00 0.00 0.00 0.00 2.85 2.92 5.40 8.76 9.93 10.88 13.29 12.48 11.90 13.43 14.09 15.70 16.94 17.08 17.01 19.64 17.59 14.09 11.90 13.36 15.48 15.99 16.43 16.43 17.52 17.30 12.63 9.49 7.01 5.77 5.84 2.41 0.37 0.00 0.00 0.00 0.00 0.00 0.00 0.00 0.00 0.00 0.00 0.00 0.00 0.00 0.00 0.00 0.00 0.00 0.00 0.00 0.00 0.00 1.83 4.23 4.82 6.86 11.06 15.30 17.71 22.19 22.26 24.70 18.38 9.65 7.17 3.31 0.63 0.68 0.00 0.00
0.00 0.37 0.00 0.00 0.00 0.00 0.00 0.00 0.00 0.00 0.00 0.00 0.29 1.46 3.58 5.04 6.72 8.10 10.66 11.24 11.24 12.41 13.80 14.24 14.09 15.62 17.89 18.40 15.84 12.26 11.68 14.89 16.64 15.62 14.82 14.82 14.02 12.78 11.02 10.51 12.05 11.97 12.78 11.97 9.34 5.91 1.75 0.00 0.00 0.00 0.00 0.00 0.00 0.00 0.00 0.00 0.00 0.00 0.00 0.00 0.00 0.00 0.00 0.00 0.00 0.00 3.58 8.03 11.45 15.78 20.28 22.86 25.62 26.04 23.92 18.38 10.66 6.22 3.89 0.40 0.00 0.00 0.00 0.00
0.00 0.00 0.00 0.00 0.00 0.00 0.00 0.00 0.00 0.00 0.00 0.00 0.00 0.73 1.83 4.02 7.59 10.88 14.31 14.60 13.36 12.56 11.90 12.05 13.94 17.81 18.54 18.61 13.87 12.70 13.58 15.04 14.53 13.07 12.12 12.12 11.53 11.90 12.63 14.60 15.55 13.29 12.99 14.60 11.75 7.01 2.34 0.44 0.00 0.00 0.00 0.00 0.00 0.29 0.00 0.00 0.00 0.00 0.00 0.00 0.00 0.00 0.00 0.00 0.00 0.00 4.23 11.39 17.01 22.27 25.84 26.72 27.56 25.75 18.82 9.93 5.08 2.98 1.36 0.54 0.09 0.00 0.00 0.00
0.00 0.00 0.00 0.00 0.00 0.00 0.00 0.00 0.00 0.00 0.00 0.00 0.00 0.00 0.51 1.24 8.18 13.51 16.06 15.99 13.58 12.41 12.19 15.91 19.86 21.61 19.93 18.69 16.06 18.25 18.54 17.37 15.18 14.24 14.38 14.38 13.14 12.34 12.41 11.68 9.27 7.30 6.35 8.76 6.86 3.58 1.17 0.00 0.00 0.00 0.00 0.00 0.07 0.00 0.00 0.00 0.00 0.00 0.00 0.00 0.00 0.00 0.00 0.00 0.00 0.44 4.16 13.65 19.78 25.04 26.65 26.37 26.32 21.90 14.39 9.77 2.92 0.00 0.00 0.00 0.00 0.00 0.00 0.00
0.95 0.00 0.00 0.00 0.00 0.00 0.00 0.00 0.00 0.00 0.00 0.00 0.00 0.00 0.00 0.44 6.72 10.37 13.43 13.21 13.21 14.45 16.21 19.13 21.97 24.02 23.87 23.36 23.00 22.12 21.68 19.42 17.45 15.84 14.24 14.24 9.86 6.35 5.77 3.94 2.48 0.07 0.66 1.75 1.17 0.95 0.00 0.00 0.00 0.00 0.00 0.00 0.15 0.15 0.00 0.00 0.29 3.14 6.50 9.42 9.42 6.50 2.41 0.80 3.58 4.89 7.01 14.60 22.34 27.59 28.32 24.19 20.94 14.60 9.43 3.18 1.49 0.89 0.45 0.00 0.00 0.00 0.00 0.00
2.63 0.73 0.00 0.00 0.00 0.00 0.00 0.00 0.00 0.00 0.00 0.00 0.00 0.00 0.00 0.00 0.66 4.23 6.86 7.96 11.24 14.09 17.74 19.27 20.08 22.70 21.83 20.29 20.51 23.00 19.71 16.64 13.51 11.75 7.15 7.15 4.45 2.48 0.00 0.00 0.00 0.00 0.00 0.00 0.00 0.00 0.00 0.00 0.00 0.00 0.22 0.00 0.00 0.00 0.00 0.00 2.63 7.96 13.58 16.06 16.06 12.99 9.20 7.23 8.18 11.24 13.65 17.45 23.87 27.01 25.48 20.73 14.19 6.80 2.38 1.30 0.00 0.00 0.00 0.00 0.00 0.00 0.00 0.00
3.14 3.21 0.95 0.00 0.00 0.00 0.00 0.00 0.00 0.00 0.00 0.00 0.00 0.00 0.00 0.00 0.00 0.00 1.24 3.21 7.15 10.51 12.70 13.43 15.18 16.43 13.87 13.94 12.34 8.76 17.01 6.64 6.06 4.74 3.72 3.72 1.83 0.66 0.00 0.00 0.00 0.00 0.00 0.00 0.00 0.00 0.00 0.00 0.00 0.00 0.00 0.00 0.00 0.00 0.00 0.95 4.67 7.01 11.02 15.99 15.99 15.70 14.24 14.89 15.11 16.50 18.32 21.61 24.89 25.40 22.19 16.65 11.02 3.80 1.03 0.23 0.00 0.00 0.00 0.00 0.00 0.00 0.00 0.00
3.14 3.21 0.95 0.00 0.00 0.00 0.00 0.00 0.00 0.00 0.00 0.00 0.00 0.00 0.00 0.00 0.00 0.00 1.24 3.21 7.15 10.51 12.70 13.43 15.18 16.43 13.87 13.94 12.34 8.76 17.01 6.64 6.06 4.74 3.72 3.72 1.83 0.66 0.00 0.00 0.00 0.00 0.00 0.00 0.00 0.00 0.00 0.00 0.00 0.00 0.00 0.00 0.00 0.00 0.00 0.95 4.67 7.01 11.02 15.99 15.99 15.70 14.24 14.89 15.11 16.50 18.32 21.61 24.89 25.40 22.19 16.57 10.86 3.74 1.03 0.24 0.00 0.00 0.00 0.00 0.00 0.00 0.00 0.00
4.53 4.67 3.14 0.00 0.00 0.00 0.00 0.00 0.00 0.00 0.00 0.00 0.00 0.00 0.00 0.00 0.00 0.00 0.00 2.19 3.58 4.53 5.77 6.42 7.74 9.49 6.13 5.18 3.50 2.12 0.00 2.34 0.00 0.00 0.00 0.00 0.00 0.00 0.00 0.00 0.00 0.00 0.00 0.00 0.00 0.00 0.00 0.00 0.00 0.00 0.00 0.00 0.00 0.00 0.07 2.56 4.82 6.06 11.46 16.43 16.43 16.57 16.64 17.16 17.01 18.18 19.71 21.68 22.63 22.78 20.15 13.51 7.15 3.02 1.69 0.53 0.00 0.00 0.00 0.00 0.00 0.00 0.00 0.00
