Wansh/Snow_depth/snowdepth-1991/spring/1991082.txt
ncols 321
nrows 161
xllcenter 60
yllcenter 15 
cellsize  0.25 
NODATA_value -1
[rows 0 to 36 of 161, columns 0 to 83 of 321]
7.96 7.96 9.05 12.70 14.31 14.24 13.87 13.07 13.87 14.09 13.94 14.31 14.53 15.26 16.06 16.35 15.77 15.11 14.97 15.26 14.67 14.60 15.40 14.89 13.14 12.12 12.12 11.75 11.39 11.53 11.24 10.80 10.29 12.48 13.87 15.33 15.40 15.84 16.86 17.23 16.57 15.55 15.04 14.89 14.97 16.06 16.79 18.40 18.10 18.69 18.91 18.91 17.96 16.94 17.37 18.69 19.93 20.73 21.24 21.53 21.90 21.68 21.83 22.27 22.27 21.24 20.00 19.13 18.40 17.59 16.57 17.89 18.47 18.91 19.56 20.44 20.44 21.83 21.53 21.39 21.46 21.46 20.81 20.51
12.78 12.78 12.85 14.38 15.11 16.57 16.21 14.97 15.04 15.40 15.40 15.33 15.84 16.57 16.86 15.91 15.04 13.80 13.29 13.29 13.29 13.36 13.80 12.85 11.39 10.80 10.80 10.51 9.78 9.34 9.27 8.83 8.25 8.69 10.95 12.05 13.14 13.43 13.21 12.99 11.97 10.29 9.05 9.42 11.24 12.48 13.58 13.51 14.75 16.13 17.08 17.08 17.16 16.79 16.13 16.79 17.81 18.18 18.69 19.49 18.98 18.61 18.54 18.03 18.25 18.10 17.16 14.89 13.72 13.36 13.87 15.48 16.72 17.59 17.89 19.13 19.13 19.78 19.86 21.53 19.86 19.93 18.98 18.69
14.82 14.82 14.67 14.24 15.11 16.43 15.55 15.62 15.62 15.91 15.48 15.26 15.33 15.48 15.26 14.67 13.43 12.41 12.05 11.32 10.51 10.88 11.24 11.61 11.17 10.59 10.59 9.78 8.98 8.76 8.91 9.05 8.25 7.88 8.61 9.71 11.02 10.88 10.00 9.64 9.05 7.88 7.23 7.45 8.98 11.10 11.90 12.56 12.92 12.05 12.56 12.56 13.36 13.94 14.02 13.94 13.80 13.87 14.45 15.40 16.28 16.72 16.50 16.43 15.99 15.77 16.35 16.28 15.40 15.33 15.91 16.13 16.86 17.45 17.81 18.25 18.25 18.40 19.20 18.91 19.20 18.18 16.86 16.35
14.82 14.82 14.67 14.24 15.11 16.43 15.55 15.62 15.62 15.91 15.48 15.26 15.33 15.48 15.26 14.67 13.43 12.41 12.05 11.32 10.51 10.88 11.24 11.61 11.17 10.59 10.59 9.78 8.98 8.76 8.91 9.05 8.25 7.88 8.61 9.71 11.02 10.88 10.00 9.64 9.05 7.88 7.23 7.45 8.98 11.10 11.90 12.56 12.92 12.05 12.56 12.56 13.36 13.94 14.02 13.94 13.80 13.87 14.45 15.40 16.28 16.72 16.50 16.43 15.99 15.77 16.35 16.28 15.40 15.33 15.91 16.13 16.86 17.45 17.81 18.25 18.25 18.40 19.20 18.91 19.20 18.18 16.86 16.35
15.70 15.70 14.82 13.29 13.87 15.18 15.55 15.77 16.35 16.86 16.21 15.40 15.04 14.97 14.45 13.36 12.19 11.75 11.39 10.15 9.20 9.05 9.20 9.86 10.07 9.20 9.20 8.54 8.54 8.40 8.98 10.00 10.07 9.27 8.18 8.03 7.37 6.72 7.08 8.47 8.54 7.23 6.94 7.23 8.32 8.98 9.78 10.37 10.80 10.73 9.86 9.86 9.78 10.59 12.48 13.14 12.12 11.83 12.70 14.31 15.70 16.43 16.43 17.01 18.25 17.52 16.50 16.35 15.91 16.06 15.70 15.04 14.82 15.77 16.50 16.43 16.43 16.94 16.28 17.16 17.89 16.21 15.91 15.33
16.21 16.21 15.70 15.77 16.79 18.47 19.35 18.98 18.40 18.25 16.86 15.55 15.11 14.82 13.65 12.19 12.05 11.90 11.32 10.15 9.34 8.10 8.03 8.61 8.61 8.10 8.10 7.74 7.88 8.18 9.34 10.29 10.80 10.51 9.86 8.76 7.74 6.20 5.69 6.13 7.15 7.23 7.15 7.88 8.61 8.83 8.83 8.47 8.32 7.74 7.74 7.74 8.03 8.98 10.15 10.66 10.73 10.80 10.95 11.46 12.99 14.97 16.72 17.30 17.81 17.89 17.01 16.50 15.84 15.99 16.06 15.33 15.18 15.11 15.77 16.28 16.28 16.57 16.86 16.21 15.62 17.23 16.35 15.33
16.57 16.57 17.30 18.69 19.64 20.22 20.59 20.29 19.93 19.05 17.74 15.91 15.18 14.45 12.63 12.78 12.85 12.12 11.75 10.22 8.69 7.23 7.37 8.69 8.98 8.54 8.54 7.88 7.59 8.25 9.42 11.02 11.53 10.66 10.51 10.51 9.27 8.10 6.64 6.42 7.08 7.81 8.25 9.34 10.15 10.15 9.86 9.34 8.10 7.08 6.57 6.57 6.20 7.37 8.83 9.86 9.86 10.29 10.66 10.73 11.24 12.48 14.67 14.82 14.60 14.31 15.04 14.82 13.94 12.63 14.24 14.67 14.82 14.75 14.97 14.97 14.97 15.70 15.91 16.86 17.16 16.50 16.79 17.23
16.57 16.57 17.30 18.69 19.64 20.22 20.59 20.29 19.93 19.05 17.74 15.91 15.18 14.45 12.63 12.78 12.85 12.12 11.75 10.22 8.69 7.23 7.37 8.69 8.98 8.54 8.54 7.88 7.59 8.25 9.42 11.02 11.53 10.66 10.51 10.51 9.27 8.10 6.64 6.42 7.08 7.81 8.25 9.34 10.15 10.15 9.86 9.34 8.10 7.08 6.57 6.57 6.20 7.37 8.83 9.86 9.86 10.29 10.66 10.73 11.24 12.48 14.67 14.82 14.60 14.31 15.04 14.82 13.94 12.63 14.24 14.67 14.82 14.75 14.97 14.97 14.97 15.70 15.91 16.86 17.16 16.50 16.79 17.23
17.37 17.37 18.40 19.42 20.15 20.22 19.86 19.78 18.98 18.47 17.08 16.06 15.26 14.24 13.43 13.36 13.07 12.78 10.22 8.32 7.30 8.10 8.32 8.76 8.69 8.03 8.03 7.81 8.25 8.91 9.71 10.88 11.46 11.10 11.02 10.88 10.88 10.07 8.54 8.03 8.40 8.32 8.83 9.86 10.15 10.00 9.20 9.05 9.20 9.20 8.69 8.69 7.08 5.18 6.06 7.66 7.96 8.40 9.20 10.29 10.37 11.90 12.78 13.14 13.65 12.99 12.12 12.12 13.29 13.07 12.56 13.21 13.72 14.53 14.24 14.67 14.67 13.87 14.60 15.55 17.81 15.99 17.01 16.64
16.57 16.57 16.86 17.89 19.05 20.08 19.64 18.83 17.59 16.57 15.26 14.60 13.80 12.78 13.14 13.51 13.36 12.12 10.15 7.23 6.28 7.01 7.59 8.91 8.61 8.32 8.32 8.83 9.71 10.66 11.39 12.41 13.21 13.51 12.92 12.19 11.68 10.88 10.51 9.86 10.29 10.51 10.95 11.46 11.83 12.05 10.80 10.22 10.80 11.17 11.02 11.02 9.34 6.72 5.11 5.99 7.45 8.83 9.34 10.22 10.44 10.51 10.95 11.53 11.68 12.34 13.07 12.85 11.53 11.75 12.99 13.65 13.58 15.91 18.18 18.25 18.25 17.37 15.77 15.62 16.13 18.61 16.21 16.94
16.43 16.43 16.06 16.13 16.72 17.01 16.64 16.35 15.77 14.97 14.09 13.14 12.48 12.12 11.68 11.24 11.17 11.75 10.07 7.74 6.94 7.30 7.52 8.91 9.93 10.44 10.44 10.80 11.53 12.63 12.78 13.14 13.21 13.21 13.14 12.26 11.83 11.46 11.24 11.97 12.85 12.99 12.92 13.58 14.53 14.75 13.21 11.24 11.02 11.02 10.29 10.29 9.27 8.91 8.91 8.47 10.22 11.17 11.53 11.61 12.26 11.90 12.19 12.34 12.41 13.21 12.92 13.07 12.85 12.19 12.41 13.21 15.40 16.43 15.99 19.05 19.05 19.86 19.35 18.83 17.52 17.89 16.57 16.64
16.43 16.43 16.06 16.13 16.72 17.01 16.64 16.35 15.77 14.97 14.09 13.14 12.48 12.12 11.68 11.24 11.17 11.75 10.07 7.74 6.94 7.30 7.52 8.91 9.93 10.44 10.44 10.80 11.53 12.63 12.78 13.14 13.21 13.21 13.14 12.26 11.83 11.46 11.24 11.97 12.85 12.99 12.92 13.58 14.53 14.75 13.21 11.24 11.02 11.02 10.29 10.29 9.27 8.91 8.91 8.47 10.22 11.17 11.53 11.61 12.26 11.90 12.19 12.34 12.41 13.21 12.92 13.07 12.85 12.19 12.41 13.21 15.40 16.43 15.99 19.05 19.05 19.86 19.35 18.83 17.52 17.89 16.57 16.64
16.64 16.64 16.57 16.50 16.43 15.99 15.48 14.82 14.82 14.16 12.63 12.05 11.61 11.17 10.66 10.66 11.10 11.61 10.80 9.86 8.40 8.32 8.83 10.73 11.90 12.56 12.56 12.56 12.19 12.63 13.14 13.51 13.87 13.72 13.72 13.36 13.21 13.07 12.92 13.51 14.82 15.26 15.18 15.33 14.53 13.43 12.56 11.61 10.95 11.02 10.80 10.80 10.66 10.59 10.59 11.90 13.43 14.45 15.33 14.97 14.75 14.82 14.53 14.24 14.45 14.53 15.70 16.50 14.75 13.29 12.63 13.14 14.09 14.60 15.40 15.48 15.48 15.77 19.20 19.35 18.25 16.72 15.70 12.48
16.72 16.72 16.72 15.99 15.70 14.89 14.60 14.45 13.80 13.43 12.12 11.83 10.95 10.95 11.53 12.34 12.85 13.58 12.78 11.02 10.15 11.17 11.61 12.56 13.94 14.09 14.09 12.99 12.41 12.26 12.85 13.80 14.38 13.94 13.72 13.80 14.60 15.33 15.26 14.60 14.75 15.33 14.82 15.26 15.11 14.24 12.85 12.05 11.75 11.32 11.17 11.17 11.39 11.02 11.68 14.67 16.35 17.01 17.96 18.18 17.74 16.94 16.94 16.86 16.28 15.33 15.70 16.64 16.86 15.48 14.09 13.36 13.80 15.33 15.55 16.06 16.06 15.55 15.70 15.99 15.48 13.87 11.53 10.44
15.77 15.77 14.82 14.82 14.75 14.31 14.53 14.60 14.24 14.02 13.07 11.83 11.39 13.07 13.43 14.45 15.04 15.18 14.89 13.80 13.07 13.87 14.60 14.38 13.72 13.72 13.72 13.72 13.29 13.07 13.58 13.94 13.94 13.36 12.63 12.56 12.92 14.16 14.38 14.67 14.38 14.67 14.75 14.89 15.11 14.89 14.09 13.51 12.78 12.56 12.26 12.26 12.12 11.83 12.99 15.04 17.81 18.76 18.91 18.47 18.25 18.18 17.81 17.52 17.81 17.52 17.45 17.89 18.54 18.40 18.03 17.59 18.25 17.67 18.54 19.13 19.13 17.08 17.16 16.13 14.31 13.58 13.51 13.94
15.40 15.40 13.51 13.51 14.82 15.04 14.60 14.16 14.24 14.53 14.31 13.14 13.29 13.43 12.78 13.51 14.75 15.77 16.43 16.79 16.64 16.13 15.84 14.97 14.31 13.51 13.51 12.92 13.21 13.72 14.09 14.31 14.31 13.51 12.34 11.61 11.97 12.48 12.34 11.61 11.53 11.61 11.75 12.70 14.09 14.38 13.65 12.48 12.12 11.90 12.05 12.05 12.26 12.85 13.72 14.02 15.26 15.99 17.08 17.59 17.01 17.01 16.43 16.06 16.50 17.67 18.18 18.03 19.13 19.42 19.93 19.56 20.95 22.56 22.56 21.32 21.32 19.78 17.96 16.57 17.16 17.67 15.40 17.89
15.40 15.40 13.51 13.51 14.82 15.04 14.60 14.16 14.24 14.53 14.31 13.14 13.29 13.43 12.78 13.51 14.75 15.77 16.43 16.79 16.64 16.13 15.84 14.97 14.31 13.51 13.51 12.92 13.21 13.72 14.09 14.31 14.31 13.51 12.34 11.61 11.97 12.48 12.34 11.61 11.53 11.61 11.75 12.70 14.09 14.38 13.65 12.48 12.12 11.90 12.05 12.05 12.26 12.85 13.72 14.02 15.26 15.99 17.08 17.59 17.01 17.01 16.43 16.06 16.50 17.67 18.18 18.03 19.13 19.42 19.93 19.56 20.95 22.56 22.56 21.32 21.32 19.78 17.96 16.57 17.16 17.67 15.40 17.89
13.65 13.65 13.51 14.97 15.84 14.97 15.11 15.48 16.43 16.50 16.35 16.35 16.21 14.82 14.67 15.33 15.84 17.16 17.74 18.03 17.45 16.57 15.77 14.97 14.53 13.94 13.94 12.85 12.41 13.21 14.16 15.18 14.82 13.87 12.19 10.66 10.22 11.24 10.80 10.15 9.13 9.13 9.86 10.29 10.73 11.83 11.68 10.88 11.24 11.68 11.90 11.90 12.34 12.99 13.21 13.80 13.94 13.94 14.89 15.62 15.62 15.70 14.60 13.14 12.12 12.19 14.45 15.77 14.38 13.94 14.67 16.94 20.73 22.12 23.58 23.94 23.94 23.14 20.66 17.45 16.57 15.55 15.55 16.57
16.64 16.64 16.13 15.99 17.45 17.67 17.74 18.18 18.98 19.13 18.61 18.03 18.18 17.74 17.81 17.89 17.59 18.47 18.32 17.16 16.50 16.21 16.21 15.48 14.67 13.72 13.72 11.97 10.51 10.80 12.85 14.16 14.53 14.31 13.07 10.15 8.83 9.56 10.59 10.37 9.71 9.64 8.98 9.49 10.29 11.75 12.85 12.92 12.85 12.48 12.26 12.26 12.26 12.05 12.41 12.56 13.07 13.58 13.43 14.09 14.60 14.53 15.11 13.43 10.37 7.88 5.11 6.20 6.50 6.50 7.08 9.42 14.53 18.98 21.68 22.92 22.92 22.92 21.83 19.13 17.30 14.16 14.60 15.48
17.81 17.81 17.37 18.10 17.81 20.22 20.08 20.88 21.17 20.66 20.22 20.08 20.51 19.86 19.64 18.76 17.37 17.16 16.86 15.91 15.26 15.70 15.62 14.82 14.75 13.87 13.87 11.53 10.73 10.80 11.97 12.99 13.58 13.36 12.78 10.95 10.15 10.51 11.75 12.56 13.87 13.87 13.51 13.51 14.31 15.26 16.72 16.50 15.91 14.53 14.09 14.09 12.92 12.41 12.41 12.99 12.85 12.56 12.56 12.85 13.21 14.31 14.82 14.53 12.63 9.86 7.74 5.84 3.87 3.36 3.80 4.82 7.08 12.99 17.74 20.37 20.37 20.66 20.15 19.13 18.54 17.52 17.01 14.24
18.32 18.32 18.76 19.20 19.35 20.81 22.19 22.48 22.19 21.02 21.24 21.10 21.10 20.37 18.76 17.45 16.21 15.70 15.84 14.89 15.11 15.99 16.28 15.33 14.89 14.02 14.02 13.29 12.63 12.48 13.65 14.09 14.45 14.60 14.24 14.45 14.16 14.09 15.91 16.43 17.30 17.59 17.16 17.23 16.79 18.18 19.56 20.51 19.71 17.96 16.79 16.79 16.06 14.67 14.67 14.89 14.89 14.24 12.99 12.12 11.90 12.56 12.99 13.36 13.51 12.05 10.59 8.98 7.96 6.42 5.99 5.18 4.96 5.84 7.74 11.39 11.39 14.45 16.64 17.96 17.52 16.72 15.91 15.77
19.49 19.49 18.61 19.27 20.66 21.61 21.53 20.81 20.44 19.42 19.64 20.15 21.39 21.53 19.05 16.50 15.70 17.45 17.52 16.64 17.01 17.16 17.01 16.35 15.40 15.11 15.11 15.40 14.16 14.31 15.18 16.28 16.94 17.52 17.67 17.37 17.89 17.96 18.03 18.83 19.20 18.91 18.25 18.40 18.61 19.49 20.95 22.56 21.90 19.86 19.05 19.05 17.52 16.79 16.64 16.43 15.91 14.89 13.87 13.07 12.56 12.05 12.05 11.97 12.63 12.63 11.17 9.27 6.64 4.53 3.94 3.87 3.36 2.92 2.12 2.92 2.92 5.69 6.42 11.24 14.16 13.87 13.36 14.24
19.49 19.49 18.61 19.27 20.66 21.61 21.53 20.81 20.44 19.42 19.64 20.15 21.39 21.53 19.05 16.50 15.70 17.45 17.52 16.64 17.01 17.16 17.01 16.35 15.40 15.11 15.11 15.40 14.16 14.31 15.18 16.28 16.94 17.52 17.67 17.37 17.89 17.96 18.03 18.83 19.20 18.91 18.25 18.40 18.61 19.49 20.95 22.56 21.90 19.86 19.05 19.05 17.52 16.79 16.64 16.43 15.91 14.89 13.87 13.07 12.56 12.05 12.05 11.97 12.63 12.63 11.17 9.27 6.64 4.53 3.94 3.87 3.36 2.92 2.12 2.92 2.92 5.69 6.42 11.24 14.16 13.87 13.36 14.24
18.25 18.25 18.25 18.76 19.93 20.73 21.17 19.78 19.27 18.54 18.69 19.56 21.17 21.46 20.22 18.25 18.40 18.98 18.98 19.20 18.18 17.59 17.23 16.13 15.55 16.35 16.35 16.57 15.91 16.13 16.64 18.54 19.49 20.59 22.19 21.24 20.29 20.08 19.86 20.95 21.32 20.88 21.17 20.29 20.08 21.02 22.48 23.36 23.51 22.12 19.49 19.49 18.03 18.40 19.49 19.20 17.45 16.13 14.16 12.63 12.12 12.85 12.99 12.99 12.78 12.05 12.70 12.19 10.15 7.45 6.20 3.87 3.72 2.48 1.10 0.73 0.73 1.53 2.70 5.62 9.20 11.90 12.48 10.95
16.64 16.64 15.48 16.43 18.03 18.83 20.15 20.08 19.93 19.35 18.18 18.61 20.00 19.64 18.76 18.10 18.40 19.86 20.29 19.56 16.94 15.55 15.04 14.82 15.26 16.79 16.79 17.37 17.37 17.89 19.86 21.90 22.78 23.58 23.73 22.41 21.75 22.41 22.70 22.92 23.21 22.92 22.41 21.75 21.46 21.90 22.56 23.21 23.14 21.90 20.08 20.08 18.83 18.54 20.08 21.02 19.86 17.08 15.18 13.65 13.07 13.94 15.04 17.01 18.18 17.23 16.86 15.55 16.13 16.21 15.70 13.36 13.36 12.41 10.00 5.91 5.91 3.21 3.65 7.01 10.88 12.78 13.87 13.29
14.82 14.82 13.65 15.11 15.84 17.52 19.42 18.98 20.66 17.45 14.60 16.21 16.57 18.32 17.81 17.74 18.54 19.49 19.93 18.54 16.94 15.99 15.62 16.35 17.37 16.72 16.72 17.23 17.89 19.93 21.53 22.92 23.43 24.38 24.16 22.63 23.73 24.97 24.82 24.60 24.02 23.51 22.85 22.70 23.00 23.21 22.34 22.27 21.90 21.46 21.68 21.68 21.39 21.24 21.68 21.97 20.95 19.49 18.91 18.47 17.74 17.74 18.54 21.10 21.68 21.32 20.29 20.15 19.56 18.91 20.44 20.95 21.53 21.32 20.08 17.08 17.08 12.78 7.37 6.50 9.78 12.85 15.62 16.79
16.35 16.35 15.77 14.45 12.56 12.78 12.70 13.36 16.94 8.25 10.44 10.73 12.41 12.92 13.94 17.16 20.22 21.02 20.88 20.44 20.15 19.13 18.32 18.25 17.74 17.74 17.74 18.69 20.44 22.70 23.36 23.87 24.31 24.89 24.97 25.26 26.43 27.52 27.38 25.84 24.38 22.70 22.27 22.27 22.48 22.05 21.39 21.17 20.29 20.44 21.24 21.24 22.34 23.51 24.75 24.75 24.16 23.36 21.53 22.05 22.05 22.12 22.19 23.58 24.60 24.60 23.43 21.75 21.61 21.75 22.12 23.80 23.94 24.02 23.51 21.75 21.75 20.08 14.89 11.97 12.05 13.80 16.94 17.74
17.16 17.16 14.38 11.61 6.86 4.74 4.96 5.62 5.40 5.40 4.60 4.02 5.40 5.91 11.10 16.94 24.02 24.67 24.75 23.87 24.82 24.60 22.56 20.88 19.27 18.03 18.03 20.22 24.31 26.50 25.99 25.55 25.84 26.72 26.86 27.16 27.81 28.32 28.11 26.72 23.65 21.53 21.17 20.81 21.46 21.02 20.59 20.29 19.64 19.49 20.29 20.29 21.46 22.70 24.82 26.79 28.03 27.81 26.43 24.38 23.58 24.09 25.04 25.26 25.04 25.40 24.09 23.29 23.65 24.45 24.02 23.87 23.73 24.38 24.67 24.31 24.31 22.85 20.73 19.49 18.10 18.76 19.42 19.71
17.16 17.16 14.38 11.61 6.86 4.74 4.96 5.62 5.40 5.40 4.60 4.02 5.40 5.91 11.10 16.94 24.02 24.67 24.75 23.87 24.82 24.60 22.56 20.88 19.27 18.03 18.03 20.22 24.31 26.50 25.99 25.55 25.84 26.72 26.86 27.16 27.81 28.32 28.11 26.72 23.65 21.53 21.17 20.81 21.46 21.02 20.59 20.29 19.64 19.49 20.29 20.29 21.46 22.70 24.82 26.79 28.03 27.81 26.43 24.38 23.58 24.09 25.04 25.26 25.04 25.40 24.09 23.29 23.65 24.45 24.02 23.87 23.73 24.38 24.67 24.31 24.31 22.85 20.73 19.49 18.10 18.76 19.42 19.71
14.45 14.45 12.26 6.35 2.63 0.00 0.44 0.73 1.24 0.29 1.10 0.00 0.29 4.45 12.63 20.44 27.38 28.62 28.11 26.79 27.89 28.25 26.65 24.24 21.90 20.00 20.00 22.05 26.13 28.40 27.45 25.92 27.23 28.11 27.74 28.11 28.47 28.40 27.89 26.43 23.43 21.10 19.71 20.88 21.75 21.39 21.24 21.75 21.90 21.24 20.95 20.95 20.81 21.61 24.75 26.86 28.76 29.05 27.52 26.21 25.26 25.55 26.28 24.75 25.48 24.60 23.87 23.94 23.73 24.67 24.02 22.05 21.97 22.27 23.80 25.19 25.19 24.67 22.92 22.19 22.19 22.12 22.12 21.61
9.05 9.05 4.89 0.00 0.00 0.00 0.00 0.00 0.00 0.00 0.00 0.00 0.00 2.26 8.32 17.01 24.38 28.47 28.69 28.40 29.93 30.66 29.57 26.94 23.73 21.68 21.68 23.65 26.06 28.40 28.40 27.16 27.81 28.98 29.71 29.93 29.93 29.93 29.05 27.81 25.77 23.80 22.27 22.05 23.36 23.14 23.65 24.16 24.45 23.87 23.73 23.73 23.73 23.73 25.55 27.59 28.84 29.49 28.62 27.23 27.08 26.79 27.16 26.94 26.28 25.04 24.24 23.87 24.02 23.65 22.27 21.39 20.59 19.78 20.00 22.41 22.41 23.07 22.92 23.36 24.31 25.04 24.09 22.05
1.46 1.46 0.00 0.00 0.00 0.00 0.00 0.00 0.00 0.00 0.00 0.00 0.00 2.85 9.42 16.94 21.17 26.06 28.18 29.42 29.71 30.81 30.51 28.76 26.86 25.04 25.04 25.48 28.47 29.35 29.71 29.27 29.13 30.37 31.83 31.90 31.17 30.66 30.81 28.98 27.38 25.62 24.38 23.58 24.53 24.89 25.11 25.62 25.77 24.67 24.24 24.24 25.33 26.79 27.59 29.05 30.08 30.00 28.91 28.32 28.62 29.27 28.69 28.03 27.81 26.86 25.48 23.80 22.56 21.61 19.64 18.83 18.32 18.40 15.48 14.60 14.60 15.33 20.88 22.63 26.28 29.35 28.91 27.81
0.00 0.00 0.00 0.00 0.00 0.00 0.00 0.00 0.00 0.00 0.00 0.00 0.00 11.17 15.99 18.76 20.51 24.53 25.55 27.74 28.11 28.47 29.78 30.22 30.00 28.47 28.47 28.69 30.81 31.76 31.97 31.39 31.10 31.83 32.78 32.63 32.12 31.17 30.30 29.13 27.89 25.62 24.67 24.60 25.33 25.48 24.67 24.60 25.26 25.33 24.24 24.24 25.04 26.86 28.47 29.27 30.66 31.76 31.68 30.95 31.97 31.90 31.68 31.39 31.17 27.89 25.26 21.53 18.47 17.23 16.13 14.09 12.99 15.11 13.36 9.64 9.64 8.91 12.63 17.30 23.43 29.27 33.65 34.09
0.00 0.00 0.00 0.00 0.00 0.00 0.00 0.00 0.00 0.00 0.00 7.01 2.26 19.20 22.05 22.27 23.65 25.48 25.55 25.33 26.28 27.52 29.42 30.30 31.03 31.39 31.39 32.27 32.41 31.83 31.90 31.24 31.83 32.05 31.32 31.10 30.37 30.51 29.05 26.86 24.53 24.97 25.48 25.99 26.86 26.06 24.67 25.26 26.50 26.28 26.43 26.43 26.13 26.21 28.32 30.95 33.07 35.19 36.14 35.11 34.46 33.80 31.54 30.51 29.35 24.09 22.27 19.49 17.45 16.43 16.64 14.09 11.39 11.24 12.12 11.53 11.53 9.05 8.32 10.59 14.31 21.02 24.97 30.37
0.00 0.00 0.00 0.00 0.00 0.00 0.00 0.00 0.00 2.48 7.81 14.60 21.10 16.43 25.48 27.16 27.96 28.11 26.43 24.67 26.35 27.89 27.23 25.62 26.35 29.86 29.86 31.24 31.76 30.81 28.69 27.23 26.79 26.65 25.19 25.84 27.45 29.20 28.54 26.35 25.04 26.28 28.11 28.32 28.11 26.86 26.13 26.35 28.18 28.98 28.03 28.03 27.52 27.74 29.35 32.63 35.55 37.16 36.57 34.89 32.05 26.72 23.80 17.45 13.80 11.46 9.49 7.08 7.74 9.64 10.07 9.20 9.20 8.69 10.73 11.32 11.32 10.59 12.85 15.33 17.67 20.22 22.19 22.19
0.00 0.00 0.00 0.00 0.00 0.00 0.00 0.00 0.00 2.48 7.81 14.60 21.10 16.43 25.48 27.16 27.96 28.11 26.43 24.67 26.35 27.89 27.23 25.62 26.35 29.86 29.86 31.24 31.76 30.81 28.69 27.23 26.79 26.65 25.19 25.84 27.45 29.20 28.54 26.35 25.04 26.28 28.11 28.32 28.11 26.86 26.13 26.35 28.18 28.98 28.03 28.03 27.52 27.74 29.35 32.63 35.55 37.16 36.57 34.89 32.05 26.72 23.80 17.45 13.80 11.46 9.49 7.08 7.74 9.64 10.07 9.20 9.20 8.69 10.73 11.32 11.32 10.59 12.85 15.33 17.67 20.22 22.19 22.19
0.00 0.00 0.00 0.00 0.00 0.00 1.17 2.85 5.40 8.69 12.48 15.55 21.17 24.75 23.00 23.65 26.06 26.79 24.38 24.24 26.72 28.32 23.21 16.28 16.06 19.71 19.71 24.02 29.42 28.03 25.33 22.70 20.59 19.35 17.52 19.42 22.85 26.28 28.11 28.18 29.05 29.86 30.44 30.00 29.13 27.67 24.45 24.31 26.86 28.91 29.57 29.57 27.67 25.62 26.86 30.15 31.97 29.57 26.65 23.29 19.93 17.01 12.99 9.13 1.75 0.00 0.00 0.00 0.00 0.00 0.00 0.00 0.00 2.19 6.86 12.99 12.99 16.06 23.43 29.71 30.51 30.81 27.45 25.55
