Wansh/Snow_depth/snowdepth-1991/spring/1991092.txt
ncols 321
nrows 161
xllcenter 60
yllcenter 15 
cellsize  0.25 
NODATA_value -1
[rows 0 to 36 of 161, columns 84 to 167 of 321]
23.00 23.21 22.78 22.27 20.66 19.05 17.89 16.57 13.87 12.99 12.70 12.70 12.70 13.29 15.55 16.06 17.45 18.91 18.91 19.35 19.93 19.78 16.21 11.53 9.05 0.00 0.00 0.00 0.00 0.00 5.26 6.72 6.50 5.62 4.31 2.85 1.53 1.10 1.53 3.58 6.06 7.08 7.15 7.15 6.86 5.77 4.96 4.74 4.74 4.74 0.00 0.00 0.00 0.00 3.29 2.41 2.19 1.68 0.95 1.02 0.37 0.00 0.00 0.00 0.00 0.00 0.00 0.58 0.58 1.17 1.68 1.46 1.39 0.00 0.00 0.00 3.36 4.31 5.11 7.15 7.52 6.57 6.50 8.10
21.53 21.02 20.59 19.93 18.91 18.40 18.69 18.47 17.16 15.04 13.43 12.05 10.80 9.20 8.18 9.20 11.17 13.87 13.87 16.72 17.16 19.78 0.00 0.00 0.00 0.00 0.00 0.00 0.00 3.80 3.94 4.16 5.69 5.40 3.14 1.24 0.80 0.95 1.83 4.60 9.56 12.99 15.18 15.18 14.24 8.83 3.14 0.00 0.00 0.00 0.00 0.00 0.00 0.00 0.00 0.00 3.07 3.94 2.77 4.89 4.31 3.87 3.50 3.43 1.68 1.75 1.39 2.48 2.48 3.21 3.80 4.23 3.58 2.92 0.00 0.00 5.91 7.45 7.15 6.86 5.91 5.55 5.62 6.13
18.69 17.52 17.45 16.57 15.62 15.04 15.91 17.16 17.45 17.16 15.77 14.45 12.63 12.12 9.42 7.96 5.99 7.01 7.01 11.83 0.00 0.00 0.00 0.00 17.08 12.63 8.10 5.62 4.82 4.23 3.50 4.23 5.11 6.35 6.42 4.82 3.14 2.85 1.53 0.95 2.48 6.35 9.42 9.42 15.77 18.03 14.97 3.65 0.00 0.00 0.00 0.00 0.00 0.00 0.00 0.00 3.80 5.04 6.20 7.01 8.61 7.52 8.18 7.30 5.40 5.62 5.91 7.01 7.01 7.08 7.66 6.86 5.84 4.82 4.53 6.28 0.00 8.61 8.54 0.00 0.00 0.00 0.00 0.00
18.69 17.52 17.45 16.57 15.62 15.04 15.91 17.16 17.45 17.16 15.77 14.45 12.63 12.12 9.42 7.96 5.99 7.01 7.01 11.83 0.00 0.00 0.00 0.00 17.08 12.63 8.10 5.62 4.82 4.23 3.50 4.23 5.11 6.35 6.42 4.82 3.14 2.85 1.53 0.95 2.48 6.35 9.42 9.42 15.77 18.03 14.97 3.65 0.00 0.00 0.00 0.00 0.00 0.00 0.00 0.00 3.80 5.04 6.20 7.01 8.61 7.52 8.18 7.30 5.40 5.62 5.91 7.01 7.01 7.08 7.66 6.86 5.84 4.82 4.53 6.28 0.00 8.61 8.54 0.00 0.00 0.00 0.00 0.00
17.96 17.81 16.72 16.06 14.31 13.43 12.92 13.21 14.45 15.11 16.28 15.55 10.66 11.17 10.44 8.03 5.04 4.23 4.23 6.13 0.00 8.47 10.88 15.62 16.86 14.89 9.78 7.15 5.55 4.38 4.60 4.53 5.69 7.66 9.56 8.61 6.79 4.96 2.92 0.44 0.00 0.00 0.37 0.37 4.23 7.88 12.78 8.47 0.00 0.00 0.00 0.00 0.00 0.00 0.00 0.00 0.00 2.04 4.74 6.28 8.32 9.56 9.86 9.86 9.56 9.93 10.59 10.37 10.37 9.78 8.83 7.88 7.30 6.42 5.48 4.67 5.48 6.79 0.00 0.00 0.00 4.45 0.00 0.00
20.88 21.02 21.02 20.00 18.25 14.53 10.95 10.29 9.93 9.93 10.15 10.88 11.17 10.00 16.06 20.44 23.65 24.02 24.02 19.86 14.89 9.56 8.91 11.97 14.45 13.72 11.02 7.52 5.33 4.09 3.50 4.53 5.55 6.28 7.66 9.13 6.20 3.43 1.53 0.37 0.00 0.00 0.00 0.00 1.53 3.43 6.64 11.53 0.00 0.00 0.00 0.00 0.00 0.00 0.00 0.00 0.00 2.04 3.65 5.40 7.23 7.52 10.80 12.12 12.70 12.99 12.70 10.73 10.73 9.86 9.27 9.27 8.18 8.40 7.74 5.91 5.33 4.89 3.87 3.14 4.23 0.00 0.00 0.00
16.64 15.48 15.18 15.26 15.55 14.38 12.78 11.97 11.97 11.83 11.46 9.05 9.64 12.34 14.31 17.81 21.75 23.73 23.73 24.67 22.12 17.89 12.05 9.64 9.34 8.69 7.37 5.11 4.31 4.09 3.58 3.72 5.11 6.79 7.59 7.01 5.62 4.60 2.85 1.83 1.68 2.19 2.48 2.48 4.16 6.35 7.88 8.25 6.64 0.00 0.00 0.00 0.00 0.00 0.66 1.68 3.36 4.67 5.84 7.66 8.40 10.15 10.44 14.89 15.70 15.18 14.53 13.29 13.29 11.90 11.24 11.10 10.59 10.51 11.24 10.15 9.27 8.10 7.74 6.28 5.33 5.40 5.33 0.00
16.64 15.48 15.18 15.26 15.55 14.38 12.78 11.97 11.97 11.83 11.46 9.05 9.64 12.34 14.31 17.81 21.75 23.73 23.73 24.67 22.12 17.89 12.05 9.64 9.34 8.69 7.37 5.11 4.31 4.09 3.58 3.72 5.11 6.79 7.59 7.01 5.62 4.60 2.85 1.83 1.68 2.19 2.48 2.48 4.16 6.35 7.88 8.25 6.64 0.00 0.00 0.00 0.00 0.00 0.66 1.68 3.36 4.67 5.84 7.66 8.40 10.15 10.44 14.89 15.70 15.18 14.53 13.29 13.29 11.90 11.24 11.10 10.59 10.51 11.24 10.15 9.27 8.10 7.74 6.28 5.33 5.40 5.33 0.00
23.00 21.24 18.98 17.67 17.16 17.30 17.52 17.37 17.59 17.89 16.35 12.85 11.10 11.32 14.45 17.01 20.15 22.05 22.05 23.73 24.24 22.63 15.77 0.00 0.00 6.28 4.45 4.53 4.45 4.16 4.53 4.89 6.13 8.32 9.64 9.78 7.96 5.91 4.53 4.02 4.02 4.23 4.67 4.67 5.18 5.33 5.77 5.77 5.99 0.00 0.00 2.34 3.43 2.48 2.77 3.94 4.67 5.40 6.06 6.42 7.08 7.88 8.98 12.41 13.29 14.02 14.31 13.21 13.21 12.41 12.48 12.78 12.85 13.14 13.14 12.56 12.05 12.41 12.26 11.02 9.13 6.72 5.48 4.82
23.65 22.27 19.35 18.18 17.59 17.89 18.25 18.47 18.54 18.32 16.64 14.24 11.75 12.05 13.87 18.76 22.12 23.29 23.29 22.56 21.32 18.61 14.09 0.00 0.00 0.00 4.09 4.23 3.36 3.43 3.50 3.94 5.18 7.59 9.71 10.80 10.29 8.83 7.30 6.57 6.06 4.74 5.11 5.11 4.89 4.74 4.82 5.62 4.38 0.00 5.91 4.02 8.18 8.47 8.61 7.88 7.37 6.86 5.77 5.26 6.13 6.79 8.32 8.32 11.39 12.26 12.41 11.46 11.46 12.63 13.58 13.51 13.43 13.51 12.48 11.97 12.34 15.48 16.64 13.65 11.90 8.91 6.35 5.11
20.51 19.71 18.76 18.69 19.42 19.86 19.78 20.22 20.15 20.66 20.00 18.69 17.74 17.96 18.91 20.59 22.27 23.21 23.21 22.56 18.83 0.00 0.00 0.00 0.00 4.23 3.43 2.92 3.14 3.14 2.92 3.14 3.21 4.45 5.84 8.40 8.91 8.18 7.23 7.66 7.59 8.10 7.01 7.01 6.64 6.35 7.37 8.25 10.22 9.20 9.78 12.19 8.91 12.99 11.53 9.71 9.49 9.78 8.69 8.47 8.83 8.32 7.37 7.08 8.03 11.32 12.92 13.51 13.51 15.55 16.06 15.40 14.60 13.72 12.78 12.48 14.38 16.57 17.37 16.50 13.58 10.88 9.71 8.98
20.51 19.71 18.76 18.69 19.42 19.86 19.78 20.22 20.15 20.66 20.00 18.69 17.74 17.96 18.91 20.59 22.27 23.21 23.21 22.56 18.83 0.00 0.00 0.00 0.00 4.23 3.43 2.92 3.14 3.14 2.92 3.14 3.21 4.45 5.84 8.40 8.91 8.18 7.23 7.66 7.59 8.10 7.01 7.01 6.64 6.35 7.37 8.25 10.22 9.20 9.78 12.19 8.91 12.99 11.53 9.71 9.49 9.78 8.69 8.47 8.83 8.32 7.37 7.08 8.03 11.32 12.92 13.51 13.51 15.55 16.06 15.40 14.60 13.72 12.78 12.48 14.38 16.57 17.37 16.50 13.58 10.88 9.71 8.98
15.40 17.96 18.54 20.22 19.71 19.42 19.05 19.20 19.05 17.52 17.81 19.56 21.32 21.17 20.00 19.13 20.59 21.46 21.46 19.35 14.89 0.00 0.00 0.00 4.09 3.94 3.58 3.36 4.16 4.60 4.89 5.33 6.28 7.23 8.83 9.86 10.66 10.66 10.44 10.44 10.44 9.42 8.91 8.91 9.27 7.66 9.34 10.44 13.58 18.03 13.87 17.45 17.01 18.32 14.31 10.88 11.24 12.12 13.07 12.56 11.68 9.64 7.81 7.59 9.71 10.22 11.75 13.29 13.29 15.33 16.64 18.10 17.45 16.21 15.84 15.84 16.64 17.23 17.74 16.79 15.62 14.53 14.24 12.78
16.35 19.20 20.51 20.73 19.56 16.57 14.97 13.94 14.60 14.67 14.02 14.45 15.77 18.32 18.40 16.86 16.13 15.04 15.04 13.94 11.61 9.34 6.86 5.40 4.67 4.45 4.31 4.89 6.64 9.27 10.80 12.26 12.41 12.19 13.14 14.24 14.67 14.75 13.94 11.97 11.10 11.68 12.19 12.19 11.83 12.92 13.87 14.31 15.91 18.10 18.25 18.91 17.81 17.52 16.79 15.40 14.97 13.51 12.41 10.07 8.61 8.91 9.42 11.24 12.19 12.05 12.99 11.83 11.83 15.11 17.81 18.25 18.10 17.74 17.52 16.79 16.35 14.60 10.66 10.07 10.88 11.39 10.73 9.42
20.08 20.51 19.64 18.40 17.37 14.16 11.39 9.71 9.27 10.37 11.24 10.51 10.59 12.34 12.99 12.63 12.70 12.19 12.19 11.24 9.42 7.59 7.59 7.88 7.59 6.86 6.94 9.13 12.48 14.02 15.55 17.08 16.94 15.84 14.89 13.72 12.70 12.48 12.85 14.02 14.09 15.18 16.35 16.35 17.96 18.98 19.56 19.64 20.44 21.32 17.52 19.13 19.93 21.83 25.26 21.32 22.85 17.59 13.58 8.10 5.33 4.67 6.28 7.88 9.13 10.80 11.83 11.24 11.24 14.67 15.48 16.28 16.06 14.82 15.11 14.67 14.16 7.15 1.31 0.00 4.45 11.10 11.46 10.73
20.73 17.81 14.89 13.58 12.85 11.32 8.32 0.00 7.45 7.37 7.45 8.32 8.69 8.61 8.25 8.18 8.83 9.71 9.71 8.69 7.74 7.52 8.10 8.69 9.56 9.93 9.42 9.42 10.51 13.72 16.79 17.45 16.79 14.38 11.97 10.80 10.66 11.97 13.65 14.60 15.55 16.86 16.94 16.94 15.18 13.58 13.21 12.99 13.87 14.53 20.37 16.72 16.35 18.10 22.48 23.43 23.73 18.25 10.44 4.82 3.29 3.65 3.72 4.02 4.89 7.88 10.29 11.02 11.02 11.39 14.38 15.26 14.02 11.39 11.17 12.85 13.14 5.91 0.00 0.00 10.29 12.99 11.53 11.68
20.73 17.81 14.89 13.58 12.85 11.32 8.32 0.00 7.45 7.37 7.45 8.32 8.69 8.61 8.25 8.18 8.83 9.71 9.71 8.69 7.74 7.52 8.10 8.69 9.56 9.93 9.42 9.42 10.51 13.72 16.79 17.45 16.79 14.38 11.97 10.80 10.66 11.97 13.65 14.60 15.55 16.86 16.94 16.94 15.18 13.58 13.21 12.99 13.87 14.53 20.37 16.72 16.35 18.10 22.48 23.43 23.73 18.25 10.44 4.82 3.29 3.65 3.72 4.02 4.89 7.88 10.29 11.02 11.02 11.39 14.38 15.26 14.02 11.39 11.17 12.85 13.14 5.91 0.00 0.00 10.29 12.99 11.53 11.68
17.81 15.04 12.70 12.48 11.68 10.88 8.18 7.01 0.00 6.28 6.42 7.08 8.76 10.51 10.29 8.61 8.76 9.34 9.34 8.03 7.01 6.64 6.13 7.59 9.71 11.10 10.73 10.95 11.75 13.21 14.89 17.08 18.25 15.62 11.39 8.40 8.54 9.42 12.34 14.45 15.33 14.97 15.04 15.04 14.67 13.43 14.02 14.82 14.31 15.04 15.84 15.77 16.35 17.37 20.73 22.12 19.20 19.71 8.18 4.89 7.15 9.34 10.66 10.22 8.91 10.51 11.83 11.17 11.17 12.63 13.80 15.77 13.72 12.85 13.14 12.63 10.37 2.99 1.02 5.48 9.13 8.76 7.37 8.98
12.85 12.92 13.21 14.53 14.97 15.55 13.87 10.51 8.54 7.66 8.61 8.69 10.44 12.85 13.43 11.53 11.75 12.63 12.63 12.19 9.78 7.37 5.33 5.04 7.66 11.02 12.63 12.63 12.41 13.94 16.43 18.61 18.47 18.76 16.43 12.19 8.18 6.86 6.50 7.37 10.00 13.14 16.72 16.72 19.42 22.41 23.43 25.04 24.09 21.97 18.98 21.24 23.73 24.38 25.55 24.97 23.80 20.00 14.45 14.31 17.45 17.16 17.81 13.65 13.14 14.82 14.16 13.21 13.21 16.57 18.03 16.35 17.96 14.31 10.80 7.23 3.43 1.17 2.77 3.36 3.80 3.72 4.89 6.06
7.15 9.56 11.17 11.24 13.72 15.99 17.45 16.06 12.26 11.17 11.10 10.80 10.22 11.75 12.56 11.46 12.05 13.58 13.58 13.65 13.14 10.73 8.61 7.08 7.45 9.27 11.17 11.53 10.59 8.54 10.29 12.19 13.87 14.02 11.97 10.51 7.74 5.26 3.58 3.43 4.74 8.83 17.08 17.08 23.73 29.35 31.17 30.88 30.22 31.10 30.81 28.25 28.91 29.20 29.20 28.84 27.81 25.92 23.21 21.46 20.29 20.95 21.39 19.64 18.32 17.74 18.25 21.46 21.46 21.75 17.37 12.85 14.75 13.07 5.40 4.53 2.63 1.97 2.04 2.12 2.41 2.56 4.31 5.55
2.04 5.55 9.27 11.24 10.29 10.51 14.45 16.13 16.64 16.35 17.37 16.57 16.21 15.91 15.26 12.92 11.10 11.39 11.39 12.63 13.21 12.78 11.10 10.00 10.88 13.29 12.70 10.29 8.91 5.18 3.94 3.36 4.82 6.72 6.50 3.58 2.19 0.00 0.00 3.14 4.02 4.45 11.83 11.83 15.26 20.95 24.53 27.67 28.03 27.89 30.81 32.56 29.64 30.30 30.95 31.97 31.54 28.84 25.26 24.09 19.78 19.93 21.75 22.12 22.27 21.90 22.48 22.92 22.92 17.96 11.02 4.53 2.63 4.45 1.97 1.24 0.15 0.44 0.88 1.24 1.68 2.12 3.65 5.04
0.00 2.77 7.52 11.61 10.59 9.13 9.05 12.41 15.70 18.91 20.73 22.41 24.16 24.67 23.51 20.59 17.74 14.38 14.38 12.70 13.80 15.26 15.33 15.11 16.28 18.61 19.42 18.18 14.16 9.56 6.35 3.43 3.07 3.07 3.21 1.90 0.58 0.00 0.00 0.00 4.38 2.99 2.48 2.48 3.94 6.72 6.06 8.40 10.37 11.68 10.88 31.90 17.96 20.66 24.97 26.86 24.53 23.21 19.49 18.25 19.42 19.78 22.05 23.80 24.09 23.51 23.43 21.39 21.39 18.03 12.41 7.52 4.45 3.07 0.15 0.22 0.00 0.00 0.58 0.00 0.73 1.10 1.39 1.17
0.00 2.77 7.52 11.61 10.59 9.13 9.05 12.41 15.70 18.91 20.73 22.41 24.16 24.67 23.51 20.59 17.74 14.38 14.38 12.70 13.80 15.26 15.33 15.11 16.28 18.61 19.42 18.18 14.16 9.56 6.35 3.43 3.07 3.07 3.21 1.90 0.58 0.00 0.00 0.00 4.38 2.99 2.48 2.48 3.94 6.72 6.06 8.40 10.37 11.68 10.88 31.90 17.96 20.66 24.97 26.86 24.53 23.21 19.49 18.25 19.42 19.78 22.05 23.80 24.09 23.51 23.43 21.39 21.39 18.03 12.41 7.52 4.45 3.07 0.15 0.22 0.00 0.00 0.58 0.00 0.73 1.10 1.39 1.17
0.00 2.26 4.96 7.66 10.95 10.07 10.07 14.75 17.45 20.44 21.24 23.80 25.70 27.23 27.01 24.53 22.41 19.71 19.71 16.35 15.55 16.21 16.72 16.94 17.45 17.96 18.25 17.81 14.67 11.17 7.01 4.16 2.12 1.17 0.51 0.51 0.44 0.00 0.00 0.00 1.61 0.00 0.00 0.00 0.00 0.00 0.00 0.00 2.19 3.14 3.07 2.92 16.06 7.23 9.56 15.04 14.24 15.33 14.24 15.70 16.94 16.06 22.78 25.04 26.72 25.40 24.16 22.41 22.41 21.02 19.64 16.64 11.53 8.47 5.18 4.02 1.10 0.29 0.51 0.07 0.00 0.00 0.00 0.00
2.56 7.74 10.37 13.51 15.55 16.28 17.16 21.61 23.43 22.70 21.61 22.48 22.85 23.07 21.75 21.46 21.02 20.51 20.51 20.15 19.93 19.93 20.22 19.37 17.46 18.39 15.85 15.18 14.75 12.34 8.76 5.40 3.50 1.61 0.00 0.00 0.00 0.37 1.17 1.24 0.58 0.00 0.00 0.00 0.00 0.00 0.00 0.00 0.00 0.00 0.00 0.00 2.70 0.00 1.10 3.21 7.66 10.00 13.94 18.61 22.48 20.51 22.78 24.67 26.06 26.28 25.55 24.38 24.38 23.87 23.65 22.05 16.86 13.14 8.40 4.45 4.16 1.68 0.95 0.73 0.07 0.22 0.00 0.00
7.45 13.21 18.25 21.02 21.68 21.90 23.00 24.16 21.83 18.10 12.85 13.43 13.14 13.07 17.01 20.81 22.92 22.85 22.85 22.63 22.27 23.00 24.53 25.26 23.93 18.55 18.50 16.93 16.79 16.57 13.43 10.29 6.94 3.87 1.83 1.02 1.02 0.95 1.61 1.83 0.95 0.00 0.00 0.00 0.00 0.00 0.00 0.00 0.00 0.00 0.00 0.00 0.00 0.00 0.00 0.00 0.00 3.72 8.98 14.82 20.00 20.81 22.19 20.66 21.39 21.75 23.94 25.48 25.48 24.16 22.85 21.32 19.71 15.40 10.59 7.30 4.38 4.53 3.36 3.14 2.56 1.39 0.00 0.00
9.49 12.26 15.77 19.35 19.13 18.91 18.91 16.86 11.97 8.25 3.07 1.61 0.00 0.00 6.64 12.26 16.28 17.08 17.08 16.79 16.13 17.12 21.45 25.21 25.27 24.21 23.25 20.87 19.42 18.70 17.45 14.75 12.19 8.32 5.99 4.82 3.36 2.85 2.04 1.02 0.44 0.00 0.66 0.66 0.00 0.00 0.00 0.00 0.00 0.00 0.00 0.00 0.00 0.00 0.00 0.00 0.00 0.00 0.00 8.25 14.75 17.74 17.01 18.18 15.48 14.53 18.03 21.75 21.75 22.05 20.66 19.42 18.18 15.84 12.05 10.44 8.76 8.40 3.36 2.56 1.83 0.00 0.00 0.00
7.30 7.74 10.22 12.05 12.05 11.53 9.71 5.48 3.21 2.19 1.61 1.46 0.29 0.00 0.00 3.43 4.96 4.09 4.09 0.00 0.00 0.00 6.40 10.80 15.49 20.73 25.36 26.03 24.62 23.15 21.28 19.49 19.42 16.28 12.78 10.15 7.45 4.53 2.92 1.17 0.58 0.00 0.00 0.00 0.07 0.00 0.00 0.00 0.00 0.00 0.00 0.00 0.00 0.00 0.00 0.00 0.00 0.00 0.00 1.39 8.54 14.97 17.37 18.18 17.52 15.48 16.28 19.20 19.20 20.08 18.69 15.55 13.14 9.49 8.76 8.25 6.79 2.41 4.53 1.75 0.95 0.29 0.66 0.00
7.30 7.74 10.22 12.05 12.05 11.53 9.71 5.48 3.21 2.19 1.61 1.46 0.29 0.00 0.00 3.43 4.96 4.09 4.11 0.00 0.00 0.00 6.24 11.08 15.26 20.73 24.60 24.19 23.01 23.51 21.49 20.30 21.82 17.23 13.10 10.15 7.45 4.53 2.92 1.17 0.58 0.00 0.00 0.00 0.07 0.00 0.00 0.00 0.00 0.00 0.00 0.00 0.00 0.00 0.00 0.00 0.00 0.00 0.00 1.39 8.54 14.97 17.37 18.18 17.52 15.48 16.28 19.20 19.20 20.08 18.69 15.55 13.14 9.49 8.76 8.25 6.79 2.41 4.53 1.75 0.95 0.29 0.66 0.00
0.00 5.33 5.91 5.99 5.69 5.26 2.48 0.73 0.00 0.00 2.85 6.06 7.08 5.26 3.87 5.77 9.13 7.81 7.81 2.56 0.00 0.00 0.00 0.00 0.00 5.75 12.54 16.80 18.10 22.38 25.29 23.53 24.36 24.25 21.15 17.70 13.35 8.40 3.80 2.41 1.17 0.22 0.37 0.37 0.37 0.00 0.00 0.00 0.00 0.00 0.00 0.00 0.00 0.00 0.00 0.00 0.00 0.00 0.00 0.00 2.26 7.66 11.75 18.32 19.49 21.39 20.15 19.64 19.64 19.42 15.26 12.12 9.64 5.26 5.40 5.84 3.94 0.51 0.07 0.95 0.66 0.29 0.07 0.00
0.00 0.00 8.61 7.30 3.07 1.39 1.02 1.39 0.00 1.46 3.87 6.13 7.81 7.81 8.18 12.05 17.89 16.57 16.57 9.76 4.67 0.00 0.00 0.00 0.00 0.00 0.00 2.35 2.68 9.44 18.25 25.70 26.79 27.10 26.26 23.36 20.23 15.92 12.63 9.05 5.84 2.92 0.07 0.07 0.00 0.00 0.00 0.00 0.00 0.00 0.00 0.00 0.00 0.00 0.00 0.00 0.00 0.00 0.00 0.00 0.00 0.00 4.89 15.55 23.65 21.83 21.02 19.71 19.71 18.91 14.82 9.78 6.13 3.65 4.09 4.16 2.19 0.29 0.22 0.00 0.15 0.00 0.00 0.00
11.24 15.04 16.13 12.05 6.28 0.00 3.72 7.15 10.88 9.56 6.79 5.40 6.06 6.79 6.42 11.02 14.16 11.97 11.97 10.07 7.88 4.45 1.75 0.15 0.00 0.00 0.00 0.00 0.00 0.00 5.26 15.33 22.12 26.13 30.05 28.90 27.11 21.61 19.05 17.08 14.31 9.05 2.99 2.99 1.17 0.29 0.00 0.00 0.00 0.00 0.00 0.00 0.00 0.00 0.00 0.00 0.00 0.00 0.00 0.00 0.00 0.00 4.02 15.99 22.63 23.36 22.78 18.91 18.91 17.37 11.97 7.74 2.99 2.41 3.50 4.23 3.07 1.68 1.61 1.53 0.58 1.46 1.61 0.66
6.06 12.26 16.94 13.72 6.94 0.00 2.56 6.79 11.68 13.87 10.22 7.30 7.30 9.20 9.34 8.69 7.81 4.74 4.74 4.02 3.65 3.21 0.66 0.00 0.00 0.00 0.00 0.00 0.00 0.00 0.00 0.73 4.67 10.80 20.66 27.67 30.76 29.05 24.73 20.35 16.86 14.24 7.30 7.30 4.02 1.61 0.66 0.00 0.00 0.00 0.00 0.00 0.00 0.00 0.00 0.00 0.00 0.00 0.00 0.00 0.00 0.00 4.38 13.36 16.86 17.59 19.71 13.07 13.07 10.51 5.33 1.39 0.44 1.39 3.36 4.45 4.09 3.94 4.60 3.72 2.48 1.46 2.04 1.61
0.00 2.48 7.88 4.82 0.00 0.00 0.00 0.00 0.00 4.38 3.36 3.94 6.94 9.20 8.10 5.62 1.68 0.00 0.00 0.00 0.00 0.00 0.00 0.00 0.00 0.00 0.00 0.00 0.00 0.00 0.00 0.00 0.00 0.00 3.58 10.00 19.56 23.87 24.75 25.76 20.40 18.18 15.40 15.40 11.10 6.57 4.74 2.26 1.31 0.22 0.00 0.00 0.00 0.00 0.00 0.00 0.00 0.00 2.04 3.87 3.87 2.92 3.07 5.33 6.50 6.57 5.04 10.44 10.44 3.07 0.00 0.00 0.00 0.58 0.95 1.53 2.77 4.16 4.53 2.85 1.46 1.17 1.10 1.10
0.00 0.00 0.00 0.00 0.00 0.00 0.00 0.00 0.00 0.00 0.00 0.00 3.58 5.26 4.16 0.95 0.00 0.00 0.00 0.00 0.00 0.00 0.00 0.00 0.00 0.00 0.00 0.00 0.00 0.00 0.00 0.00 0.00 0.00 0.00 1.24 3.50 6.56 9.42 12.63 14.82 12.85 14.45 14.45 14.38 13.51 12.63 10.59 6.72 3.50 1.53 0.00 0.00 0.00 0.00 0.00 0.00 0.00 0.00 2.70 2.77 3.07 0.00 0.00 0.00 0.00 0.00 0.00 0.00 3.07 0.00 0.00 0.00 0.00 0.00 0.29 0.00 2.26 2.63 2.34 1.68 1.75 0.88 1.31
0.00 0.00 0.00 0.00 0.00 0.00 0.00 0.00 0.00 0.00 0.00 0.00 3.58 5.26 4.16 0.95 0.00 0.00 0.00 0.00 0.00 0.00 0.00 0.00 0.00 0.00 0.00 0.00 0.00 0.00 0.00 0.00 0.00 0.00 0.00 1.25 3.50 6.53 9.51 12.63 14.67 12.85 14.45 14.45 14.38 13.51 12.63 10.59 6.72 3.50 1.53 0.00 0.00 0.00 0.00 0.00 0.00 0.00 0.00 2.70 2.77 3.07 0.00 0.00 0.00 0.00 0.00 0.00 0.00 3.07 0.00 0.00 0.00 0.00 0.00 0.29 0.00 2.26 2.63 2.34 1.68 1.75 0.88 1.31
0.00 0.00 0.00 0.00 0.00 0.00 3.07 3.93 1.26 0.00 0.00 0.00 1.53 2.04 0.15 0.00 0.00 0.00 0.00 0.00 0.00 0.00 0.00 0.00 0.00 0.00 0.00 0.00 0.00 0.00 0.00 0.00 0.00 0.00 0.00 0.00 0.22 0.58 1.03 2.48 4.45 3.43 3.29 3.29 4.38 5.77 8.40 14.16 15.33 14.45 9.93 4.53 2.56 0.00 0.00 0.00 0.00 0.00 0.00 0.00 0.00 0.00 0.00 0.00 0.00 0.00 0.00 0.00 0.00 0.00 0.00 0.00 0.00 0.00 0.00 0.00 0.00 0.00 0.00 0.00 0.66 0.00 0.73 1.68
