Wansh/Snow_depth/snowdepth-1991/spring/1991106.txt
ncols 321
nrows 161
xllcenter 60
yllcenter 15 
cellsize  0.25 
NODATA_value -1
[rows 0 to 36 of 161, columns 84 to 167 of 321]
0.00 0.00 0.00 0.00 0.00 0.00 0.00 0.00 0.73 2.85 0.00 0.00 0.00 0.00 0.00 0.00 2.04 3.87 3.87 0.00 0.00 0.00 0.00 0.00 0.00 0.00 0.00 5.84 3.87 2.77 2.70 4.53 6.42 0.00 0.00 0.00 0.00 0.00 0.00 0.00 0.00 0.00 0.00 0.00 0.00 0.00 0.00 0.00 0.00 0.00 0.00 0.00 0.00 0.00 0.00 0.00 0.00 0.00 0.00 0.00 0.00 0.00 0.00 0.00 0.00 0.00 0.00 0.00 0.00 0.00 0.00 0.00 4.60 4.53 3.94 4.09 4.96 5.99 7.15 7.23 7.74 8.03 8.91 8.47
0.00 0.00 0.00 0.00 0.00 0.00 0.00 0.00 0.00 0.00 0.00 0.00 0.00 0.00 0.00 0.00 0.00 0.00 0.00 0.00 0.00 0.00 0.00 0.00 0.00 16.57 11.39 7.23 5.48 4.16 2.85 2.92 4.60 5.04 3.07 0.00 0.00 0.00 0.00 0.00 0.00 0.00 0.00 0.00 0.00 0.00 0.00 0.00 0.00 0.00 0.00 0.00 0.00 0.00 0.00 0.00 0.00 0.00 0.00 0.00 0.00 0.00 0.00 0.00 0.00 0.00 0.00 0.00 0.00 0.00 5.11 5.40 4.74 4.23 4.02 3.72 3.29 2.92 2.77 2.85 4.60 5.69 6.13 5.48
0.00 0.00 0.00 0.00 0.00 0.00 0.00 0.00 1.10 0.00 0.00 0.00 0.00 0.00 0.00 0.00 0.00 0.00 0.00 0.00 0.00 0.00 0.00 0.00 0.00 17.96 13.94 10.00 7.59 6.13 4.89 3.72 3.58 3.21 4.16 4.45 3.43 0.00 0.00 0.00 0.00 0.00 0.00 0.00 0.00 0.00 0.00 0.00 0.00 0.00 0.00 0.00 0.00 0.00 0.00 0.00 0.00 0.00 5.55 5.91 5.91 6.86 7.01 5.77 5.77 5.84 6.64 0.00 0.00 7.96 8.18 7.52 7.01 6.72 6.28 7.23 7.96 5.48 5.04 3.65 3.14 3.07 2.99 2.77
0.00 0.00 0.00 0.00 0.00 0.00 0.00 0.00 1.10 0.00 0.00 0.00 0.00 0.00 0.00 0.00 0.00 0.00 0.00 0.00 0.00 0.00 0.00 0.00 0.00 17.96 13.94 10.00 7.59 6.13 4.89 3.72 3.58 3.21 4.16 4.45 3.43 0.00 0.00 0.00 0.00 0.00 0.00 0.00 0.00 0.00 0.00 0.00 0.00 0.00 0.00 0.00 0.00 0.00 0.00 0.00 0.00 0.00 5.55 5.91 5.91 6.86 7.01 5.77 5.77 5.84 6.64 0.00 0.00 7.96 8.18 7.52 7.01 6.72 6.28 7.23 7.96 5.48 5.04 3.65 3.14 3.07 2.99 2.77
0.00 0.00 0.00 0.00 0.00 0.00 0.00 0.00 6.50 0.00 0.00 0.00 0.00 0.00 0.00 0.00 0.00 0.00 0.00 0.00 0.00 0.00 0.00 2.34 4.45 0.00 14.24 10.73 9.20 8.18 6.57 5.33 3.94 4.67 6.86 7.59 6.72 3.65 0.00 0.00 0.00 0.00 0.00 0.00 0.00 0.00 0.00 0.00 0.00 0.00 0.00 0.00 0.00 0.00 0.00 0.00 0.00 0.00 0.00 6.72 8.32 9.20 9.13 9.27 7.74 8.18 8.83 9.49 9.49 9.13 8.61 8.03 8.10 7.66 8.61 9.34 10.80 11.39 10.80 9.71 8.61 6.20 4.23 3.80
0.00 0.00 0.00 0.00 0.00 0.00 0.00 0.00 0.00 0.00 0.00 0.00 0.00 0.00 0.00 11.46 11.39 0.00 0.00 0.00 0.00 0.00 0.00 0.00 0.00 0.00 14.75 11.39 8.83 7.45 6.13 5.18 4.60 5.77 7.01 7.30 7.01 3.21 0.00 0.00 0.00 0.00 0.00 0.00 0.00 0.00 0.00 0.00 0.00 0.00 0.00 0.00 0.00 0.00 0.00 0.00 0.00 0.00 4.60 5.40 7.08 8.76 10.07 11.53 11.39 11.75 10.29 9.71 9.71 8.47 7.59 8.10 8.03 7.59 7.74 7.74 9.05 8.54 7.74 9.05 10.59 11.53 9.13 7.74
0.00 0.00 0.00 0.00 0.00 0.00 0.00 0.00 1.24 0.00 0.00 4.45 8.83 12.70 15.26 13.65 10.29 8.32 8.32 10.66 11.24 0.00 0.00 0.00 0.00 0.00 11.97 8.83 6.86 6.86 6.06 5.69 5.33 6.13 7.01 7.66 5.11 2.70 0.00 0.00 0.00 0.00 0.00 0.00 0.00 0.00 0.00 0.00 0.00 0.00 0.00 0.00 0.00 0.00 0.00 0.00 0.00 0.00 0.00 6.35 7.74 9.05 11.97 13.80 13.58 13.51 13.21 12.05 12.05 10.37 10.51 10.73 11.10 11.10 10.29 9.42 9.71 8.40 6.64 6.86 8.10 10.15 10.37 10.00
0.00 0.00 0.00 0.00 0.00 0.00 0.00 0.00 1.24 0.00 0.00 4.45 8.83 12.70 15.26 13.65 10.29 8.32 8.32 10.66 11.24 0.00 0.00 0.00 0.00 0.00 11.97 8.83 6.86 6.86 6.06 5.69 5.33 6.13 7.01 7.66 5.11 2.70 0.00 0.00 0.00 0.00 0.00 0.00 0.00 0.00 0.00 0.00 0.00 0.00 0.00 0.00 0.00 0.00 0.00 0.00 0.00 0.00 0.00 6.35 7.74 9.05 11.97 13.80 13.58 13.51 13.21 12.05 12.05 10.37 10.51 10.73 11.10 11.10 10.29 9.42 9.71 8.40 6.64 6.86 8.10 10.15 10.37 10.00
0.00 0.00 0.00 0.00 4.02 5.62 4.89 3.14 3.21 3.80 5.33 0.00 0.00 10.95 15.70 17.01 15.77 12.19 12.19 9.49 11.10 11.97 0.00 0.00 0.00 0.00 0.00 7.88 7.01 6.50 6.72 6.72 5.84 5.84 6.86 8.03 6.42 3.58 1.68 0.00 1.53 0.00 0.00 0.00 0.00 0.00 0.00 0.00 0.00 0.00 0.00 0.00 0.00 0.00 0.00 0.00 0.00 0.00 0.00 0.00 0.00 7.59 8.83 10.73 11.75 12.41 12.85 11.75 11.75 11.24 11.10 11.61 12.70 12.78 12.92 12.41 12.19 10.88 10.59 10.37 8.40 7.15 7.15 8.25
0.00 0.00 0.00 4.60 8.69 9.20 7.08 4.82 2.04 2.41 3.50 6.42 8.54 8.98 9.20 10.29 11.32 12.48 12.48 13.14 14.24 14.82 0.00 0.00 0.00 0.00 0.00 7.37 7.37 5.99 5.62 5.11 4.45 5.33 6.42 8.10 7.30 6.13 5.40 5.11 5.04 4.45 0.00 0.00 0.00 0.00 0.00 0.00 0.00 0.00 0.00 0.00 6.94 7.01 5.33 0.00 0.00 0.00 0.00 0.00 0.00 0.00 7.23 8.69 9.93 11.02 11.53 11.17 11.17 10.80 11.10 11.97 12.56 12.34 11.90 10.07 10.80 13.51 14.24 14.09 11.24 8.32 7.52 6.64
0.00 0.00 0.00 3.65 4.45 4.23 0.00 0.00 0.00 0.00 0.00 4.82 7.81 8.54 10.66 11.53 14.82 17.37 17.37 19.49 20.81 17.01 13.51 0.00 0.00 0.00 0.00 5.99 5.62 4.09 3.94 3.07 2.99 4.53 4.82 6.28 7.45 7.52 6.72 5.99 5.62 5.62 6.20 6.20 0.00 4.45 3.58 0.00 0.00 5.11 5.48 6.57 8.32 7.52 6.64 6.57 6.86 0.00 6.64 6.20 5.77 5.18 7.81 8.25 8.76 10.07 10.80 11.83 11.83 12.99 14.38 14.45 14.31 13.14 11.83 10.73 11.61 14.09 15.77 14.82 11.61 10.00 9.13 8.03
0.00 0.00 0.00 3.65 4.45 4.23 0.00 0.00 0.00 0.00 0.00 4.82 7.81 8.54 10.66 11.53 14.82 17.37 17.37 19.49 20.81 17.01 13.51 0.00 0.00 0.00 0.00 5.99 5.62 4.09 3.94 3.07 2.99 4.53 4.82 6.28 7.45 7.52 6.72 5.99 5.62 5.62 6.20 6.20 0.00 4.45 3.58 0.00 0.00 5.11 5.48 6.57 8.32 7.52 6.64 6.57 6.86 0.00 6.64 6.20 5.77 5.18 7.81 8.25 8.76 10.07 10.80 11.83 11.83 12.99 14.38 14.45 14.31 13.14 11.83 10.73 11.61 14.09 15.77 14.82 11.61 10.00 9.13 8.03
0.00 0.00 0.00 0.00 0.00 0.00 0.00 0.00 0.00 0.00 2.26 5.26 10.22 14.16 16.28 19.13 22.05 24.89 24.89 25.48 23.00 18.69 13.51 0.00 0.00 0.00 0.00 0.00 3.87 3.50 4.31 4.60 4.16 5.84 5.84 8.10 9.34 9.93 9.42 8.69 8.54 8.47 7.88 7.88 6.86 6.50 4.09 3.72 5.91 6.50 5.91 6.57 6.79 4.96 4.53 5.26 8.54 10.51 8.83 10.73 8.47 7.59 7.81 7.74 8.47 9.64 10.07 11.90 11.90 13.80 15.26 15.99 16.28 15.70 14.60 14.60 13.94 14.53 15.40 15.48 13.51 12.19 11.46 11.17
0.00 0.00 0.00 0.00 0.00 0.00 0.00 0.00 0.07 2.63 5.11 8.69 12.78 16.43 18.18 17.74 17.30 17.16 17.16 16.21 14.45 10.95 9.05 7.59 5.40 3.80 4.16 4.31 4.16 5.99 8.47 8.10 8.91 11.24 10.66 11.90 12.85 12.63 12.12 10.80 9.56 8.10 7.01 7.01 6.94 6.42 4.16 5.84 6.42 5.33 4.74 4.02 2.48 0.00 0.00 0.00 2.26 4.74 6.50 6.72 7.30 7.66 9.05 10.15 10.95 11.17 11.75 12.78 12.78 13.43 15.99 17.96 17.16 16.64 15.33 14.60 13.72 12.05 9.64 8.91 9.64 9.42 7.81 7.45
0.00 0.00 0.00 0.00 0.00 0.00 0.00 0.00 0.00 0.00 0.00 7.96 9.78 11.32 12.56 12.12 11.68 11.02 11.02 8.69 7.74 8.54 7.59 7.23 6.50 5.55 5.55 6.06 8.18 10.66 11.97 15.26 16.28 16.43 14.97 14.02 12.63 11.39 9.56 8.76 7.08 6.20 7.08 7.08 8.54 8.69 4.67 4.82 4.09 3.21 4.38 4.23 0.00 0.00 0.00 0.00 0.00 1.24 2.92 3.43 0.00 4.23 5.11 7.01 8.54 10.66 11.83 12.19 12.19 12.70 14.67 15.55 15.40 13.58 10.88 10.73 10.51 6.79 1.02 0.88 4.60 7.96 7.52 8.03
0.00 0.00 0.00 0.00 0.00 0.00 0.00 0.00 0.00 0.00 5.11 5.40 6.57 6.06 5.48 5.33 6.20 7.15 7.15 7.08 6.50 6.20 8.47 9.20 10.15 9.13 7.74 8.54 10.29 11.39 14.38 16.72 17.45 15.77 13.94 11.17 8.18 5.18 4.82 7.81 9.34 8.83 8.76 8.76 10.07 10.44 9.13 5.99 5.99 6.06 6.28 5.40 4.23 4.02 3.87 6.28 5.77 2.85 1.24 1.83 3.14 0.00 0.00 4.09 5.18 7.15 10.15 11.32 11.32 12.63 13.87 14.02 10.73 7.08 5.69 6.50 8.54 4.74 0.00 0.00 6.28 9.34 8.03 9.64
0.00 0.00 0.00 0.00 0.00 0.00 0.00 0.00 0.00 0.00 5.11 5.40 6.57 6.06 5.48 5.33 6.20 7.15 7.15 7.08 6.50 6.20 8.47 9.20 10.15 9.13 7.74 8.54 10.29 11.39 14.38 16.72 17.45 15.77 13.94 11.17 8.18 5.18 4.82 7.81 9.34 8.83 8.76 8.76 10.07 10.44 9.13 5.99 5.99 6.06 6.28 5.40 4.23 4.02 3.87 6.28 5.77 2.85 1.24 1.83 3.14 0.00 0.00 4.09 5.18 7.15 10.15 11.32 11.32 12.63 13.87 14.02 10.73 7.08 5.69 6.50 8.54 4.74 0.00 0.00 6.28 9.34 8.03 9.64
0.00 0.00 0.00 0.00 0.00 0.00 0.00 0.00 0.00 0.00 7.59 8.83 9.86 8.98 6.57 5.26 5.26 3.80 3.80 3.87 4.31 4.45 4.60 7.01 8.10 9.20 8.10 7.01 9.86 10.00 12.85 15.26 16.94 16.21 14.53 9.42 5.18 4.74 6.72 9.86 11.53 11.32 11.10 11.10 8.83 7.59 7.15 7.52 7.30 5.18 4.31 4.74 5.18 5.40 6.79 7.81 7.15 5.18 4.82 5.55 8.76 11.10 4.53 6.94 5.84 7.88 9.20 9.93 9.93 12.70 15.40 14.24 10.15 6.86 5.77 6.57 6.28 3.50 0.29 2.26 6.35 6.57 4.53 5.55
0.00 0.00 0.00 0.00 0.00 0.00 0.00 0.00 0.00 0.00 8.83 9.56 11.24 11.39 10.15 8.32 8.47 9.34 9.34 8.18 6.72 4.53 2.92 4.74 6.28 8.61 9.93 9.42 9.34 10.66 13.65 15.70 18.18 18.18 16.72 12.19 8.91 6.94 6.06 7.59 7.96 7.96 6.57 6.57 4.23 5.69 8.91 13.21 11.68 4.74 0.00 0.00 0.00 0.00 1.24 4.89 8.83 11.68 12.41 13.07 14.45 15.91 16.79 13.94 11.39 11.53 11.17 13.07 13.07 16.79 17.89 16.13 12.05 7.74 6.64 4.96 2.56 0.66 1.31 2.19 2.19 2.63 2.85 2.48
0.00 0.00 0.00 0.00 0.00 0.00 0.00 0.00 0.00 8.83 11.24 13.14 13.72 14.38 11.83 10.22 9.42 8.83 8.83 7.96 7.37 7.74 6.64 5.18 6.50 7.96 7.96 8.25 10.95 10.22 10.15 11.10 13.07 13.94 13.87 11.90 7.96 5.26 3.29 3.36 3.36 3.43 2.77 2.77 3.14 5.04 11.97 17.37 16.21 9.13 7.08 0.00 0.00 0.00 0.00 7.15 15.70 21.97 21.17 17.74 18.18 20.66 20.59 19.27 18.25 14.60 15.11 19.71 19.71 21.24 17.37 9.27 6.06 3.87 2.41 1.17 0.37 0.00 0.73 0.58 0.66 0.95 1.31 1.97
0.00 0.00 0.00 0.00 0.00 0.00 0.00 0.00 0.00 8.40 15.77 19.86 19.42 18.18 16.06 14.24 12.56 12.12 12.12 12.26 10.44 8.61 7.37 8.25 9.05 8.76 8.83 7.23 5.04 5.33 5.18 4.60 4.38 7.59 7.88 6.86 4.45 1.61 0.00 0.00 2.77 3.87 4.02 4.02 3.80 3.43 7.15 10.95 10.80 8.54 8.40 0.00 0.00 5.04 9.78 17.52 24.67 25.11 21.53 17.89 17.16 19.35 20.37 20.88 20.37 18.76 19.35 21.32 21.32 18.10 11.10 3.21 1.02 0.80 0.22 0.00 0.00 0.00 0.00 0.15 0.00 0.00 0.51 1.39
0.00 0.00 0.00 0.00 0.00 0.00 0.00 0.00 0.00 0.00 9.05 15.70 21.02 24.97 22.70 19.56 17.37 16.28 16.28 15.40 16.13 16.28 16.28 15.99 16.64 17.30 17.16 16.43 12.63 3.07 8.03 5.33 2.63 3.43 4.38 2.99 0.66 0.00 0.00 0.00 3.43 4.53 3.94 3.94 2.77 1.46 0.00 3.94 6.13 5.62 5.77 7.59 1.97 6.94 12.05 18.32 20.00 19.05 15.18 10.07 11.17 16.28 19.86 21.24 22.56 20.22 20.29 20.08 20.08 16.94 10.44 4.45 2.34 1.31 0.00 0.00 0.00 0.00 0.00 0.00 0.00 0.00 0.00 0.00
0.00 0.00 0.00 0.00 0.00 0.00 0.00 0.00 0.00 0.00 9.05 15.70 21.02 24.97 22.70 19.56 17.37 16.28 16.28 15.40 16.13 16.28 16.28 15.99 16.64 17.30 17.16 16.43 12.63 3.07 8.03 5.33 2.63 3.43 4.38 2.99 0.66 0.00 0.00 0.00 3.43 4.53 3.94 3.94 2.77 1.46 0.00 3.94 6.13 5.62 5.77 7.59 1.97 6.94 12.05 18.32 20.00 19.05 15.18 10.07 11.17 16.28 19.86 21.24 22.56 20.22 20.29 20.08 20.08 16.94 10.44 4.45 2.34 1.31 0.00 0.00 0.00 0.00 0.00 0.00 0.00 0.00 0.00 0.00
0.00 0.00 0.00 0.00 0.00 0.00 0.00 4.53 0.00 0.00 0.00 0.00 10.88 15.11 18.32 18.47 18.25 17.37 17.37 15.18 15.04 16.35 17.16 17.37 17.81 17.30 16.79 15.04 11.61 7.30 9.05 4.96 3.50 2.77 2.48 1.75 0.51 0.00 0.00 0.00 0.00 2.41 2.12 2.12 0.00 0.00 0.00 0.00 0.00 0.00 0.00 0.00 0.00 1.17 5.84 8.69 8.47 8.03 6.72 6.06 12.26 17.59 22.19 25.04 27.16 25.92 23.58 20.73 20.73 19.20 15.91 13.94 8.83 4.60 3.29 0.73 0.00 0.00 0.00 0.00 0.00 0.00 0.00 0.00
0.00 0.00 0.00 0.00 0.00 0.00 0.00 0.00 0.00 0.00 0.00 8.18 11.39 13.65 14.97 15.99 17.30 17.23 17.23 17.74 19.20 20.00 20.29 19.14 17.46 17.75 15.63 13.21 11.97 9.71 5.18 6.86 4.31 2.70 0.00 0.00 0.22 0.00 1.39 1.39 1.39 1.39 0.73 0.73 0.00 0.00 0.00 0.00 0.00 0.00 0.00 0.00 0.00 0.00 0.00 0.00 0.00 0.00 0.00 9.13 15.18 20.29 22.27 26.13 27.23 27.81 25.40 24.38 24.38 22.70 22.78 20.44 16.21 10.66 5.62 1.75 0.00 0.00 0.00 0.00 0.00 0.00 0.00 0.00
0.00 0.00 0.00 0.00 0.00 0.00 0.00 0.00 0.00 0.00 0.00 0.00 0.00 9.86 13.51 17.45 21.53 22.70 22.70 24.67 25.48 26.13 26.21 25.57 26.26 20.26 19.36 17.91 16.86 15.11 7.59 10.88 7.15 5.04 3.14 0.95 0.80 0.80 1.90 2.34 1.83 0.58 0.44 0.44 0.00 0.00 0.00 0.00 0.00 0.00 0.00 0.00 0.00 0.00 0.00 0.00 0.00 0.00 0.00 5.04 12.19 15.26 16.06 19.78 23.21 24.24 25.19 26.94 26.94 24.31 22.41 20.59 17.67 12.41 6.64 3.29 2.56 1.46 0.95 0.00 0.00 0.00 0.00 0.00
0.00 0.00 0.00 0.00 0.00 0.00 0.00 0.00 0.00 0.00 0.00 0.00 0.00 0.00 0.00 7.59 11.46 10.29 10.29 10.29 15.70 15.04 18.66 23.48 24.74 24.81 24.26 20.72 18.89 16.39 11.61 13.07 11.75 11.17 6.79 4.45 3.65 3.80 3.43 2.63 1.83 0.73 0.00 0.00 0.00 0.00 0.00 0.00 0.00 0.00 0.00 0.00 0.00 0.00 0.00 0.00 0.00 0.00 0.00 0.00 5.91 11.02 11.61 13.58 14.75 14.16 16.57 21.83 21.83 24.60 18.47 16.94 14.97 10.59 7.45 6.35 5.33 3.80 0.95 0.58 0.00 0.00 0.00 0.00
0.00 0.00 0.00 0.00 0.00 0.00 0.00 0.00 0.00 0.00 0.00 0.00 0.00 0.00 0.00 0.00 0.00 0.00 0.00 0.00 0.00 0.00 0.00 7.01 13.93 19.56 23.03 24.68 24.54 22.78 14.67 18.25 18.76 16.79 13.65 11.46 9.93 6.72 4.60 3.14 1.39 1.10 0.88 0.88 0.00 1.24 1.61 0.00 0.00 0.00 0.00 0.00 0.00 0.00 0.00 0.00 0.00 0.00 0.00 0.00 0.00 5.91 7.88 9.71 12.34 11.17 13.36 16.43 16.43 17.37 17.89 12.63 9.05 7.37 6.64 6.42 4.45 1.75 0.00 1.10 0.00 0.00 0.00 0.00
0.00 0.00 0.00 0.00 0.00 0.00 0.00 0.00 0.00 0.00 0.00 0.00 0.00 0.00 0.00 0.00 0.00 0.00 0.00 0.00 0.00 0.00 0.00 7.19 13.72 19.56 22.34 22.93 22.93 23.14 14.82 19.01 21.08 17.77 14.00 11.46 9.93 6.72 4.60 3.14 1.39 1.10 0.88 0.88 0.00 1.24 1.61 0.00 0.00 0.00 0.00 0.00 0.00 0.00 0.00 0.00 0.00 0.00 0.00 0.00 0.00 5.91 7.88 9.71 12.34 11.17 13.36 16.43 16.43 17.37 17.89 12.63 9.05 7.37 6.64 6.42 4.45 1.75 0.00 1.10 0.00 0.00 0.00 0.00
0.00 0.00 0.00 0.00 0.00 0.00 0.00 0.00 0.00 0.00 0.00 0.00 0.00 0.00 0.00 0.00 0.00 0.00 0.00 0.00 0.00 0.00 0.00 0.00 0.00 0.00 5.60 9.83 13.29 18.64 19.39 20.20 21.65 22.28 19.34 17.78 15.48 11.75 7.88 4.02 2.70 2.19 1.83 1.83 1.61 1.90 1.10 0.00 0.00 0.00 0.00 0.00 0.00 0.00 0.00 0.00 0.00 0.00 0.00 0.00 0.00 2.04 4.82 8.83 14.38 15.48 13.87 15.33 15.33 16.21 12.99 14.60 6.06 3.21 3.87 3.65 1.97 0.07 0.00 0.00 0.00 0.00 0.00 0.00
0.00 0.00 0.00 0.00 0.00 0.00 0.00 0.00 0.00 0.00 0.00 0.00 0.00 0.00 0.00 0.00 0.00 0.00 0.00 0.00 0.00 0.00 0.00 0.00 0.00 0.00 0.00 0.00 0.00 0.00 6.64 18.98 13.07 19.04 23.33 23.36 20.31 16.21 12.41 9.20 7.30 4.02 2.48 2.48 1.53 0.66 0.00 0.00 0.73 0.00 0.00 0.00 0.00 0.00 0.00 0.00 0.00 0.00 0.00 0.00 0.00 0.00 0.00 5.99 13.21 17.37 15.48 14.97 14.97 15.04 11.17 10.95 3.80 1.31 2.19 2.77 1.61 0.37 0.58 0.73 0.44 0.00 0.00 0.00
0.00 0.00 0.00 0.00 0.00 0.00 0.00 0.00 0.00 0.00 0.00 0.00 0.00 0.00 0.00 3.80 3.72 2.12 2.12 0.88 0.58 0.00 0.00 0.00 0.00 0.00 0.00 0.00 0.00 0.00 0.00 12.78 6.50 12.41 18.13 20.70 24.47 21.32 18.25 16.50 14.31 10.80 6.57 6.57 2.85 1.10 0.44 0.07 0.00 0.80 0.00 0.00 0.00 0.00 0.00 0.00 0.00 0.00 0.00 0.00 0.00 0.00 0.00 4.82 13.87 16.79 14.89 12.99 12.99 12.05 7.15 4.09 3.14 1.31 1.83 1.68 2.34 1.31 1.39 1.24 1.17 1.24 1.17 0.00
0.00 0.00 0.00 0.00 0.00 0.00 0.00 0.00 0.00 0.00 0.00 0.00 0.00 0.00 2.56 4.45 4.89 3.21 3.21 1.97 1.10 0.00 0.00 0.00 0.00 0.00 0.00 0.00 0.00 0.00 0.00 3.58 0.00 3.87 7.59 14.38 20.16 23.53 22.64 21.61 17.81 14.31 9.05 9.05 5.99 4.16 2.12 1.24 0.00 0.00 0.00 0.00 0.00 0.00 0.00 0.00 0.00 0.00 0.00 0.00 0.00 0.00 0.00 4.31 11.02 11.24 9.13 8.91 8.91 7.23 2.34 0.37 0.44 0.44 0.29 0.29 2.12 2.70 3.14 3.14 2.34 2.85 2.12 0.80
0.00 0.00 0.00 0.00 0.00 0.00 0.00 0.00 0.00 0.00 0.00 0.00 0.00 0.00 0.80 2.12 1.46 0.29 0.29 0.00 0.00 0.00 0.00 0.00 0.00 0.00 0.00 0.00 0.00 0.00 0.00 0.00 0.00 0.00 1.39 4.67 10.95 12.26 13.71 19.39 17.68 15.11 13.51 13.51 10.88 7.52 4.96 4.16 2.34 0.00 0.00 1.10 0.00 0.00 0.00 0.00 0.00 0.00 0.00 0.00 1.24 0.00 0.00 0.00 2.92 3.65 2.70 3.29 3.29 2.19 0.37 0.00 0.00 0.00 0.00 0.00 0.15 0.95 2.41 2.48 0.88 0.80 0.44 0.29
0.00 0.00 0.00 0.00 0.00 0.00 0.00 0.00 0.00 0.00 0.00 0.00 0.00 0.07 0.22 0.00 0.00 0.00 0.00 0.00 0.00 0.00 0.00 0.00 0.00 0.00 0.00 0.00 0.00 0.00 0.00 0.00 0.00 0.00 0.00 0.00 2.41 3.17 4.89 8.98 10.54 9.93 11.68 11.68 11.68 8.76 8.47 8.03 7.45 6.42 4.60 2.70 0.00 0.00 0.00 0.00 0.00 0.00 0.00 0.00 0.00 0.00 0.00 0.00 0.00 0.00 0.00 0.00 0.00 0.00 0.00 0.00 0.00 0.00 0.00 0.00 0.00 0.00 0.15 0.37 0.00 0.07 0.44 0.73
0.00 0.00 0.00 0.00 0.00 0.00 0.00 0.00 0.00 0.00 0.00 0.00 0.00 0.07 0.22 0.00 0.00 0.00 0.00 0.00 0.00 0.00 0.00 0.00 0.00 0.00 0.00 0.00 0.00 0.00 0.00 0.00 0.00 0.00 0.00 0.00 2.41 3.15 4.94 8.98 10.44 9.93 11.68 11.68 11.68 8.76 8.47 8.03 7.45 6.42 4.60 2.70 0.00 0.00 0.00 0.00 0.00 0.00 0.00 0.00 0.00 0.00 0.00 0.00 0.00 0.00 0.00 0.00 0.00 0.00 0.00 0.00 0.00 0.00 0.00 0.00 0.00 0.00 0.15 0.37 0.00 0.07 0.44 0.73
0.00 0.00 0.00 0.00 0.00 0.00 0.00 0.00 0.00 0.00 0.00 0.00 0.00 0.00 0.00 0.00 0.00 0.00 0.00 0.00 0.00 0.00 0.00 0.00 0.00 0.00 0.00 0.00 0.00 0.00 0.00 0.00 0.00 0.00 0.00 0.00 0.00 0.22 0.44 1.68 2.85 3.21 4.09 4.09 5.62 5.04 4.96 5.18 8.18 9.78 8.18 5.33 3.21 0.00 0.00 0.00 0.00 0.00 0.00 0.00 0.00 0.73 0.58 0.00 0.00 0.00 0.00 0.00 0.00 0.00 0.00 0.00 0.00 0.00 0.00 0.00 0.00 0.00 0.00 0.00 0.00 0.00 0.00 0.00
