Wansh/Snow_depth/snowdepth-1991/spring/1991076.txt
ncols 321
nrows 161
xllcenter 60
yllcenter 15 
cellsize  0.25 
NODATA_value -1
[rows 74 to 110 of 161, columns 84 to 167 of 321]
0.00 0.00 0.00 0.00 0.00 0.00 0.00 0.07 0.15 0.00 0.00 0.00 0.29 0.00 0.00 0.00 2.48 2.77 2.77 2.70 2.26 0.00 0.00 0.00 0.00 0.00 0.00 0.00 0.00 0.00 0.00 0.00 0.00 0.00 0.00 0.00 0.00 0.00 0.00 0.00 0.00 0.00 0.00 0.00 0.00 0.00 0.00 0.00 0.15 0.15 0.00 0.00 0.00 0.00 0.00 0.51 1.02 0.00 1.83 0.95 0.00 0.00 0.00 0.00 0.00 0.00 0.00 0.00 0.00 0.00 0.00 2.41 1.10 0.00 0.00 0.00 0.00 0.00 0.00 0.00 0.00 0.66 0.73 0.00
0.00 0.00 0.00 0.00 0.00 0.00 0.07 0.80 0.00 0.00 0.00 0.00 0.00 0.00 0.00 2.04 2.12 2.92 2.92 3.58 3.07 2.70 2.77 2.77 0.00 0.00 0.00 0.00 2.85 0.00 0.00 0.00 0.00 0.00 0.00 0.00 0.00 0.00 0.00 0.00 0.00 1.46 0.07 0.07 0.80 0.00 0.00 0.29 0.44 0.00 0.00 0.15 0.00 0.80 0.95 1.17 1.83 1.83 0.80 0.44 0.58 1.24 0.80 1.75 0.66 0.07 0.00 0.00 0.00 1.32 0.00 4.16 2.63 0.29 0.00 0.00 0.00 0.00 0.00 0.00 0.00 0.37 0.66 0.00
0.00 0.00 0.00 0.22 0.80 1.90 2.63 0.00 0.00 2.70 1.97 2.12 2.48 2.48 2.56 2.99 3.07 2.77 2.77 2.04 0.00 0.00 0.00 0.00 0.00 0.00 0.00 0.00 3.36 0.00 0.00 0.00 0.00 0.00 0.00 0.00 0.00 0.00 0.00 2.56 2.70 0.00 0.00 0.00 1.10 0.00 0.00 0.29 0.00 0.00 0.00 0.00 0.00 1.02 0.95 0.95 1.31 1.53 1.31 1.24 1.83 1.61 0.58 0.58 0.95 0.81 0.95 0.66 0.66 2.48 4.82 3.36 2.92 1.61 0.15 0.00 0.00 0.00 0.00 0.00 0.00 0.00 0.00 0.08
0.44 1.17 0.80 0.58 0.15 0.51 0.00 0.00 3.21 3.43 3.43 3.72 4.16 4.09 3.94 3.87 3.14 2.92 2.92 0.00 0.00 0.00 0.00 1.68 2.77 0.00 0.00 0.00 0.00 0.00 0.00 0.00 0.00 0.00 0.00 0.00 0.00 0.00 0.00 0.00 0.00 0.00 0.00 0.00 0.00 0.00 0.00 0.00 0.00 0.00 0.00 0.00 0.00 0.00 0.88 0.51 0.88 0.51 1.24 0.80 1.31 0.66 0.58 1.02 1.83 1.53 1.90 2.34 2.34 2.56 3.65 3.43 2.19 1.31 0.58 0.00 0.00 0.00 0.00 0.00 0.00 0.00 0.00 0.00
2.34 2.48 2.34 1.83 1.24 2.19 0.00 0.00 2.92 2.92 3.58 4.02 4.16 4.02 4.16 4.16 3.58 2.56 2.56 2.92 2.12 0.00 2.34 2.12 2.85 0.00 0.00 0.00 0.00 0.00 0.00 0.00 0.00 0.00 0.00 0.00 0.00 0.00 0.00 0.00 0.00 0.00 0.00 0.00 0.00 0.00 0.00 0.00 0.00 0.00 0.00 0.00 0.00 0.00 1.83 1.75 1.53 1.17 1.97 1.24 1.46 1.53 1.02 1.24 1.68 1.17 2.63 2.41 2.41 2.48 2.26 2.26 0.80 1.02 0.66 0.00 0.00 0.00 0.00 0.00 0.00 0.00 0.95 0.59
4.45 4.31 4.16 3.50 2.92 0.00 0.00 0.00 3.29 2.85 2.19 2.63 2.99 3.50 3.36 3.43 3.72 3.43 3.43 3.21 2.70 0.00 3.07 2.63 0.00 0.00 0.00 0.00 0.00 0.00 0.00 0.00 0.00 0.00 0.00 0.00 0.00 0.00 0.00 0.00 0.00 0.00 0.00 0.00 0.00 0.00 0.00 0.00 0.00 0.00 0.00 0.00 0.00 0.00 0.00 1.10 0.51 0.88 1.75 1.90 1.83 2.12 1.46 1.75 1.02 0.00 0.00 0.22 0.22 1.31 0.22 0.00 0.15 0.44 0.88 0.15 0.00 0.00 0.00 0.00 0.00 0.00 0.95 0.95
3.07 3.50 0.00 0.00 0.00 0.00 0.00 2.56 3.36 3.29 2.92 3.29 2.70 2.63 2.85 3.21 3.07 3.36 3.36 3.87 3.07 2.41 2.26 2.63 0.00 0.00 0.00 0.00 0.00 0.00 0.00 0.00 0.00 0.00 0.00 0.00 0.00 0.00 0.00 0.00 0.00 0.00 0.00 0.00 0.00 0.00 0.00 0.00 0.00 0.00 0.00 0.00 0.00 0.00 0.00 0.00 0.00 0.37 1.10 2.26 2.04 2.12 1.97 1.17 0.58 0.00 0.00 0.00 0.00 0.00 0.00 0.00 0.00 0.73 1.31 0.15 0.00 0.69 0.00 0.00 0.00 0.00 0.00 0.00
0.00 0.00 0.00 0.00 0.00 3.43 0.00 0.00 2.04 2.19 3.29 3.07 2.63 2.70 2.99 2.99 3.07 3.21 3.21 0.00 0.00 0.00 0.00 2.63 2.34 0.00 0.00 0.00 1.61 0.00 0.00 0.00 0.00 0.00 0.00 0.00 0.00 0.00 0.00 0.00 0.00 0.00 0.00 0.00 0.00 0.00 0.00 0.00 0.00 0.00 0.00 0.00 0.00 0.00 0.00 0.00 0.07 0.15 0.37 2.04 1.46 0.88 1.68 1.39 0.80 0.00 0.00 0.00 0.00 0.00 0.00 0.22 0.07 2.41 5.11 3.52 0.37 0.84 0.61 0.00 0.00 0.00 0.00 0.00
0.00 0.00 3.36 2.99 0.00 0.00 2.85 0.00 0.00 0.00 0.00 3.29 3.07 2.92 0.00 0.00 0.00 0.00 0.00 0.00 0.00 0.00 0.00 0.00 2.12 1.90 0.00 0.00 1.90 0.00 0.00 0.00 0.00 0.00 0.00 0.00 0.00 0.00 0.00 0.00 0.00 0.00 0.00 0.00 0.00 0.00 0.00 0.00 0.00 0.00 0.00 0.00 0.00 0.00 0.00 0.00 0.00 0.07 0.00 1.53 1.39 1.17 1.46 1.17 0.88 0.00 0.00 0.00 0.00 0.29 0.29 0.22 1.46 1.31 6.79 5.33 2.85 2.04 1.17 0.00 0.00 0.00 0.00 0.00
3.50 3.21 3.87 4.53 3.21 0.00 0.00 0.00 0.00 0.00 0.00 0.00 0.00 0.00 3.29 3.43 3.07 2.70 2.70 0.00 0.00 0.00 0.00 0.00 2.63 2.63 1.83 0.00 0.00 2.19 2.26 0.00 0.00 0.00 0.00 0.00 0.00 0.00 0.00 0.00 0.00 0.00 0.00 0.00 0.00 0.00 0.00 0.00 0.00 0.00 0.00 0.00 0.00 0.00 0.00 0.00 0.00 0.15 0.00 0.29 1.31 1.46 1.83 2.19 2.26 1.83 1.31 0.37 0.37 1.39 1.24 1.10 0.73 1.61 7.15 7.52 5.62 3.72 1.68 1.83 0.00 0.00 0.00 0.00
0.00 3.58 3.65 3.87 4.02 0.00 0.00 0.00 0.00 0.00 0.00 0.00 0.00 0.00 3.21 4.31 3.29 2.48 2.48 2.12 2.70 0.00 0.00 0.00 0.00 2.19 2.19 1.75 0.00 0.00 0.00 0.00 0.00 0.00 0.00 0.00 0.00 0.00 0.37 0.00 0.00 0.00 0.00 0.00 0.00 0.00 0.00 0.00 0.00 0.00 0.00 0.00 0.00 0.00 0.00 0.29 0.00 0.80 0.58 0.66 1.39 1.46 1.75 2.56 2.77 2.48 3.36 2.56 2.56 1.97 1.02 1.24 0.00 2.70 6.64 6.42 5.11 4.09 3.72 3.94 2.77 2.63 0.00 0.00
0.00 2.99 2.63 2.34 3.29 3.14 0.00 2.26 2.92 3.14 2.85 0.00 0.00 2.12 3.43 3.65 3.36 2.63 2.63 3.21 3.94 3.14 0.00 0.00 0.00 2.85 2.77 1.75 0.00 0.00 0.00 2.48 2.04 2.41 0.00 0.00 0.00 0.00 0.00 0.00 0.00 0.00 0.00 0.00 0.00 0.00 0.00 0.00 0.00 0.00 0.00 0.00 0.00 0.00 0.29 2.92 2.70 3.07 2.12 0.37 0.29 1.56 3.09 3.94 3.94 4.09 5.18 4.09 4.09 3.36 3.65 3.65 0.00 0.00 3.43 2.92 3.29 4.02 5.11 4.16 4.74 4.02 3.43 0.00
1.10 2.19 2.48 2.77 2.56 2.34 0.00 0.00 2.56 2.41 0.00 2.85 1.83 0.00 0.00 0.00 3.50 3.50 3.50 3.50 3.87 4.67 3.72 3.29 2.56 2.56 3.07 3.07 2.77 0.00 0.00 2.70 0.00 0.00 0.00 0.00 0.00 0.00 0.00 2.77 3.72 2.34 1.24 1.24 0.80 0.66 1.24 0.15 0.80 0.15 0.15 0.07 0.00 0.00 1.17 4.60 9.13 9.71 8.83 6.64 2.41 1.90 3.58 4.74 5.40 4.96 4.38 2.70 2.70 2.92 4.89 6.50 7.01 4.45 0.88 1.61 1.68 2.92 4.31 5.69 4.82 4.53 3.43 0.00
0.73 1.31 2.12 0.00 0.00 0.00 2.56 0.00 0.00 0.00 0.00 2.77 2.77 2.77 2.85 2.41 2.85 3.36 3.36 3.36 3.14 3.43 3.50 2.99 2.48 2.77 2.26 2.34 2.56 0.00 0.00 0.00 2.34 0.00 0.00 0.00 0.00 0.00 0.00 2.99 3.80 3.07 2.41 2.41 1.97 2.04 1.68 0.00 0.88 0.37 0.29 0.00 0.07 0.22 1.31 4.16 7.23 10.07 11.10 10.51 5.55 3.80 3.50 4.09 4.30 4.31 5.18 4.09 4.09 1.97 3.65 5.77 9.78 7.37 3.50 0.80 1.61 2.34 2.56 3.14 4.16 5.04 2.70 0.00
1.39 1.10 0.00 0.00 0.00 0.00 0.00 0.00 0.00 0.00 0.00 3.50 3.72 3.14 2.63 2.77 3.29 2.99 2.99 3.43 3.87 3.21 1.61 1.61 2.34 2.56 4.09 3.07 2.92 2.41 0.00 0.00 2.77 3.14 2.63 2.12 0.00 0.00 0.00 2.63 2.19 2.77 2.19 2.19 1.83 2.63 2.41 2.63 1.31 0.15 0.66 0.51 0.22 0.51 2.19 4.45 5.48 8.10 9.64 9.93 5.99 5.40 3.43 5.11 4.87 5.95 6.94 8.10 8.10 5.04 3.21 4.74 7.52 6.79 4.16 2.85 1.17 1.83 2.12 1.83 3.50 4.23 0.00 0.00
2.99 1.61 0.00 0.00 0.00 0.00 0.00 0.00 0.00 0.00 0.00 3.14 3.43 2.70 3.07 3.21 3.36 2.77 2.77 3.21 3.36 2.85 2.26 2.12 3.14 2.70 2.99 3.50 2.70 3.14 3.29 3.65 3.80 2.92 2.56 2.41 1.90 1.75 0.00 0.00 0.00 0.00 2.04 2.04 1.61 2.56 3.94 3.80 3.14 3.21 3.21 1.97 1.90 2.85 3.14 3.87 4.82 4.23 5.11 5.75 3.80 5.26 3.58 5.33 7.56 9.41 11.37 10.37 10.37 7.66 3.43 4.16 5.04 5.18 3.58 0.00 2.41 2.70 2.63 1.91 3.56 3.09 1.76 0.00
2.77 1.61 0.00 0.00 0.00 0.00 0.00 0.00 0.00 0.00 0.00 0.00 0.00 0.00 0.00 2.70 2.34 0.00 0.00 0.00 2.85 0.00 3.14 2.70 2.63 2.99 0.00 0.00 0.00 0.00 2.92 3.50 3.80 2.56 2.48 2.04 0.00 0.00 0.00 0.00 0.00 0.00 1.53 1.53 1.83 2.04 3.72 3.87 4.45 5.40 4.16 4.38 5.91 8.03 8.18 7.08 7.37 5.33 3.50 3.29 1.73 0.66 1.84 4.89 7.88 9.13 10.93 11.43 11.07 7.85 4.60 0.00 0.00 0.00 0.00 0.00 2.12 2.26 2.75 1.83 1.64 2.31 1.54 0.00
1.68 1.39 1.39 1.10 1.39 0.00 1.17 0.00 0.80 0.15 0.00 0.00 0.00 0.00 0.00 0.00 0.00 0.00 0.00 0.00 0.00 0.00 0.00 0.00 0.00 0.00 0.00 0.00 0.00 0.00 0.00 0.00 0.00 2.77 0.00 0.00 0.00 0.00 0.00 0.00 0.00 0.00 0.00 0.00 0.88 0.73 1.68 2.77 3.94 4.74 5.18 6.50 9.56 12.70 12.56 12.34 11.61 9.86 5.75 2.51 1.02 0.00 1.04 2.66 5.93 6.93 7.59 7.96 8.00 6.52 4.26 4.23 4.23 0.00 0.00 0.00 3.36 2.12 2.42 1.96 2.01 2.70 2.92 0.00
1.24 1.39 1.24 0.80 1.31 0.00 1.75 0.00 0.00 0.00 0.15 0.00 0.00 0.00 0.00 0.00 0.00 0.00 0.00 0.00 0.00 0.00 0.00 0.00 0.00 0.00 0.00 0.00 0.00 0.00 0.00 0.00 0.00 0.00 0.00 0.00 0.00 0.00 0.00 0.00 0.00 0.00 0.00 0.00 0.95 0.80 1.10 1.75 3.07 3.50 6.06 6.57 9.78 12.70 13.72 15.70 14.31 12.41 10.44 7.34 3.10 1.38 0.23 0.94 2.12 5.87 7.26 6.79 6.79 4.51 3.73 4.82 6.46 5.78 0.00 0.00 0.00 0.82 0.90 1.71 2.37 2.48 2.67 4.01
2.70 1.17 1.17 1.10 1.31 1.39 1.75 0.00 0.00 0.00 0.00 0.00 0.00 0.00 0.00 0.00 0.73 0.00 0.00 2.19 0.00 2.19 0.00 0.00 0.00 0.00 0.00 0.00 0.00 0.00 0.00 0.00 0.00 0.00 0.00 0.00 0.00 0.00 0.00 0.00 0.00 0.00 0.00 0.00 0.66 0.95 1.39 1.61 2.34 3.80 8.25 6.06 8.03 11.17 11.68 13.51 14.08 14.45 13.65 10.73 6.42 3.65 0.00 1.31 3.13 5.24 6.09 4.74 4.74 3.32 2.94 4.61 6.52 6.46 4.97 0.00 0.00 1.63 1.33 1.51 1.76 3.37 5.25 5.44
3.94 2.26 1.83 2.34 2.48 1.46 1.97 0.00 0.00 0.00 0.00 0.00 0.00 0.00 0.00 0.22 0.29 0.00 0.00 1.46 2.41 2.77 2.12 0.00 0.00 0.00 0.00 0.00 0.00 0.00 0.00 0.00 0.00 0.00 0.00 0.00 0.00 0.00 0.00 0.00 0.00 0.00 0.00 0.00 0.22 0.51 1.68 2.34 2.92 8.40 7.45 6.20 7.15 6.85 8.03 10.67 11.74 12.34 13.43 12.19 10.80 6.53 4.46 2.02 3.77 5.89 8.11 3.65 3.67 0.00 0.00 4.06 5.97 6.32 7.57 6.50 4.92 2.80 3.51 1.68 2.15 4.55 5.60 5.35
4.82 3.87 4.16 5.04 4.45 1.10 1.68 0.00 0.00 0.00 0.00 0.00 0.00 0.00 0.00 0.00 0.58 0.00 0.00 0.00 2.12 2.19 1.75 1.68 1.83 2.04 2.04 1.39 0.00 0.00 0.00 0.00 0.00 0.00 0.00 0.00 0.00 0.00 0.00 0.00 0.00 0.00 0.00 0.00 0.00 0.00 1.10 2.26 3.94 6.72 7.30 8.18 6.35 5.27 5.16 7.30 8.87 10.57 11.12 10.99 10.49 8.29 6.63 3.73 3.25 4.56 7.56 4.55 4.55 0.00 0.00 0.00 3.48 5.95 8.07 7.70 7.30 5.43 4.34 2.54 3.01 5.67 6.60 5.66
7.81 4.60 4.38 6.28 5.69 2.70 2.92 2.41 2.19 0.00 0.00 0.00 0.00 0.00 0.00 0.00 0.00 0.00 0.00 0.00 0.00 0.00 0.00 0.00 0.00 0.00 1.75 1.53 0.00 0.00 0.00 0.07 0.00 0.00 0.88 0.00 0.00 0.00 0.00 0.00 0.00 2.63 2.85 2.85 1.75 1.10 1.61 0.00 0.00 0.00 7.81 7.23 6.72 7.04 6.56 7.62 5.91 7.80 8.82 9.31 10.34 10.65 9.26 8.65 5.00 4.29 5.86 4.30 4.23 0.00 0.00 0.00 3.81 5.08 6.28 5.50 7.78 5.08 6.13 2.65 2.56 5.95 8.30 6.59
11.97 4.74 0.00 5.11 5.40 4.53 4.67 5.11 4.45 3.87 2.56 0.73 0.00 0.00 0.00 0.00 0.00 0.00 0.00 0.00 0.00 0.00 0.00 0.00 0.00 0.00 2.34 1.75 0.95 0.07 0.00 0.29 0.00 1.17 0.00 0.00 0.00 0.00 0.00 0.00 0.00 0.00 0.00 0.00 0.00 0.00 0.00 0.00 0.00 0.00 0.00 7.41 9.02 8.98 8.83 6.97 6.94 7.52 7.22 6.80 8.29 9.37 11.47 10.15 8.08 3.97 4.00 4.36 4.26 0.00 0.00 0.00 4.59 6.12 8.14 6.20 6.88 3.79 3.35 2.68 2.26 4.79 6.34 5.02
12.34 6.50 4.89 7.15 9.13 13.07 17.01 15.91 11.61 8.32 4.89 3.36 2.70 2.04 1.31 0.73 0.73 1.90 1.90 0.00 0.66 0.80 1.24 1.53 1.90 1.97 1.61 1.68 1.24 1.31 1.02 1.24 1.31 1.46 0.58 2.12 1.17 0.00 0.00 4.09 3.58 2.70 4.96 4.96 7.66 9.71 8.69 8.25 7.52 8.83 8.65 9.40 8.85 6.33 5.90 4.57 5.52 7.93 8.08 9.54 10.78 11.20 11.70 13.32 10.88 11.08 5.92 4.64 4.57 0.00 0.00 0.00 4.07 6.94 9.73 9.78 6.51 2.64 1.17 1.35 0.72 1.26 1.71 6.71
9.78 7.88 7.81 8.76 9.27 13.65 16.86 16.79 11.24 6.28 0.00 2.56 3.14 3.14 1.83 1.31 0.95 1.53 1.53 0.95 0.88 1.17 0.95 0.66 0.95 1.68 1.10 1.10 1.02 1.31 0.58 0.66 1.31 1.10 1.39 2.77 2.34 3.58 2.85 2.34 1.46 1.24 3.65 3.65 6.35 8.98 9.56 9.20 8.05 8.44 8.20 7.57 9.01 4.43 4.18 2.45 3.80 5.37 7.50 9.05 11.72 13.31 13.99 14.45 11.02 10.22 6.90 6.26 6.16 0.00 0.00 0.00 0.00 4.42 8.70 10.88 7.01 2.70 0.00 1.39 0.00 0.00 1.56 5.93
8.10 8.83 8.91 7.81 7.96 10.73 12.26 12.12 9.56 5.04 0.00 0.00 0.00 3.80 2.70 2.19 2.26 1.31 1.31 1.24 1.61 1.75 1.61 1.02 0.15 0.00 0.00 0.00 0.44 1.61 1.39 1.02 1.68 1.46 2.63 3.29 3.36 2.92 1.17 0.29 0.00 0.15 0.80 0.80 2.48 5.77 7.30 7.74 7.95 8.82 8.78 8.18 7.30 5.27 5.37 4.99 1.89 2.71 4.68 5.84 10.44 12.59 15.18 15.70 11.83 6.11 6.33 6.31 7.01 0.00 0.00 0.00 0.00 3.53 8.69 9.66 6.06 2.48 0.00 0.00 0.00 0.00 1.05 5.02
5.33 6.57 6.64 5.26 4.82 8.10 8.25 7.85 8.18 4.53 0.00 0.00 0.00 0.00 1.83 1.97 2.48 2.19 2.19 1.10 1.24 1.17 0.95 1.31 0.51 0.00 0.00 0.44 0.44 1.31 1.17 1.17 0.44 0.51 1.10 2.63 3.07 1.39 0.00 0.00 0.00 0.00 0.00 0.00 0.58 2.77 4.74 6.24 7.23 9.68 9.98 9.83 6.71 8.86 7.02 5.75 2.32 1.65 1.58 2.79 6.44 9.68 13.72 15.84 13.80 8.65 5.29 4.95 4.77 3.98 0.00 0.00 0.00 3.46 7.03 6.29 4.37 1.53 0.00 0.00 0.00 2.13 3.12 6.33
0.00 0.00 0.00 0.00 0.00 6.79 8.25 7.81 7.96 5.69 2.12 1.24 0.00 0.00 0.00 0.66 0.66 1.53 1.53 1.75 1.10 1.53 0.80 0.66 0.80 0.51 0.00 0.00 0.22 0.15 0.44 0.00 0.00 0.00 0.00 1.90 1.02 0.00 0.00 0.00 0.00 0.00 0.00 0.00 0.15 1.10 2.99 6.06 7.81 9.93 9.19 9.25 7.34 8.42 7.82 5.51 2.79 0.53 0.00 2.74 4.39 7.34 11.65 15.77 14.82 10.54 5.41 6.43 6.47 5.98 3.35 0.00 0.00 1.73 2.71 2.78 2.09 0.59 0.15 0.00 1.39 3.63 4.24 7.30
0.00 0.00 0.00 0.00 0.00 6.06 7.23 8.10 8.91 6.86 3.87 2.92 1.53 0.00 0.00 0.00 0.00 0.00 0.00 1.75 1.17 0.00 0.07 0.00 0.00 0.15 0.00 0.00 0.00 0.00 0.15 0.00 0.00 0.00 0.00 0.00 0.29 0.00 0.00 0.00 0.00 0.00 0.00 0.00 0.00 0.37 1.54 4.38 5.41 8.20 10.34 10.14 9.14 11.22 3.47 2.36 0.00 0.00 0.00 0.00 1.96 4.29 6.86 8.73 11.38 12.05 8.54 7.61 8.91 5.79 4.56 1.23 0.00 0.00 0.00 0.00 0.00 0.58 0.00 0.00 0.00 4.53 5.84 6.96
0.00 0.00 0.00 0.00 0.00 0.00 6.94 8.47 8.83 6.57 5.55 3.87 3.14 2.19 2.04 2.12 2.41 0.00 0.00 0.00 0.29 0.00 0.07 0.00 0.00 0.00 0.00 0.00 0.00 0.00 0.00 0.00 0.00 0.00 0.00 0.00 0.00 0.00 0.00 0.00 0.00 0.00 0.00 0.00 0.00 0.00 0.07 1.29 2.52 5.89 7.58 8.85 5.29 6.94 2.94 0.00 0.00 0.00 0.00 0.00 2.34 4.28 6.24 8.76 9.53 10.87 12.78 8.04 9.00 6.78 6.47 2.83 0.00 0.00 0.00 0.00 0.83 0.00 0.00 0.00 0.00 1.39 6.09 7.30
0.00 0.00 0.00 0.00 0.00 0.00 0.00 6.50 7.01 5.48 5.26 5.99 5.04 5.26 4.67 5.78 5.24 2.70 2.70 0.00 0.00 0.00 0.00 0.00 0.00 0.00 0.00 0.00 0.00 0.00 0.00 0.00 0.00 0.00 0.00 0.00 0.00 0.00 0.00 0.00 0.00 0.00 0.00 0.00 0.00 0.00 0.00 0.52 2.75 5.84 7.78 7.55 4.56 0.00 0.00 0.00 0.00 0.00 0.00 0.00 0.00 4.63 5.94 7.10 9.05 10.74 14.39 10.32 10.54 8.59 6.89 2.97 3.43 0.00 0.00 0.00 0.78 0.85 0.00 0.00 0.00 0.00 3.65 4.90
0.00 0.00 0.00 0.00 0.00 0.00 0.00 0.00 4.38 4.09 4.53 5.48 5.04 5.62 6.28 7.92 8.98 5.49 5.12 3.07 1.83 1.17 0.00 0.00 0.00 0.00 0.00 0.00 0.00 0.00 0.00 0.00 0.00 0.00 0.00 0.00 0.00 0.00 0.00 0.00 0.95 0.58 0.00 0.00 0.00 0.00 0.00 0.00 3.67 7.97 6.90 6.33 0.00 0.00 0.00 0.00 0.00 0.00 0.00 0.00 0.00 4.48 6.21 5.21 7.36 9.70 11.05 9.92 12.12 11.56 7.14 3.17 4.15 1.33 0.00 0.00 1.52 1.59 0.00 0.00 0.00 0.00 0.00 0.00
0.00 0.00 0.00 0.00 0.00 0.00 0.00 0.00 0.00 0.00 0.00 0.00 0.00 0.00 0.00 0.00 0.00 6.42 6.52 6.86 7.96 8.03 6.42 4.45 4.96 6.28 4.74 1.53 0.00 0.00 0.00 0.00 0.00 2.41 3.87 4.09 0.00 4.53 4.82 7.19 4.52 5.31 4.89 4.89 4.89 3.21 0.66 1.54 3.52 3.09 0.00 0.00 0.00 0.00 0.00 0.00 0.00 0.00 0.00 0.00 0.00 0.00 0.00 0.00 4.27 6.62 6.74 6.75 7.55 12.86 6.63 3.72 0.00 0.00 0.00 0.00 1.96 0.00 0.00 0.00 0.00 0.00 0.00 0.00
0.00 0.00 0.00 0.00 0.00 0.00 0.00 0.00 0.00 0.00 0.00 0.00 0.00 0.00 0.00 0.00 0.00 0.00 0.00 0.00 7.34 7.56 7.23 6.64 6.72 9.55 10.56 5.77 5.26 7.45 7.96 7.01 5.11 5.55 6.28 8.03 6.13 6.50 7.52 7.37 4.61 5.64 6.64 7.42 8.10 7.52 3.43 3.07 3.03 0.00 0.00 0.00 0.00 0.00 0.00 0.00 0.00 0.00 0.00 0.00 0.00 0.00 0.00 0.00 0.00 4.96 0.00 0.00 0.00 7.91 0.00 0.00 0.00 0.00 0.00 0.00 0.00 0.00 0.00 0.00 0.00 0.00 0.00 0.00
0.00 0.00 0.00 0.00 0.00 0.00 0.00 0.00 0.00 0.00 0.00 0.00 0.00 0.00 0.00 0.00 0.00 0.00 0.00 0.00 0.00 0.00 4.67 5.55 6.13 7.04 9.01 8.61 7.08 7.88 11.68 11.02 9.41 6.28 5.91 5.60 7.52 5.99 5.62 5.40 2.95 2.56 4.39 5.57 7.60 8.68 5.58 3.93 0.00 0.00 0.00 0.00 0.00 0.00 0.00 0.00 0.00 0.00 0.00 0.00 0.00 0.00 0.00 0.00 0.00 0.00 0.00 0.00 0.00 0.00 0.00 0.00 0.00 0.00 0.00 0.00 0.00 0.00 0.00 0.00 0.00 0.00 0.00 0.00
0.00 0.00 0.00 0.00 0.00 0.00 0.00 0.00 0.00 0.00 0.00 0.00 0.00 0.00 0.00 0.00 0.00 0.00 0.00 0.00 0.00 0.00 0.00 0.00 0.00 0.00 0.00 4.82 6.20 6.94 6.94 9.11 11.37 5.26 0.00 0.00 0.00 0.00 0.00 0.00 0.00 0.00 0.00 0.00 0.00 8.00 7.04 0.00 0.00 0.00 0.00 0.00 0.00 0.00 0.00 0.00 0.00 0.00 0.00 0.00 0.00 0.00 0.00 0.00 0.00 0.00 0.00 0.00 0.00 0.00 0.00 0.00 0.00 0.00 0.00 0.00 0.00 0.00 0.00 0.00 0.00 0.00 0.00 0.00
