Wansh/Snow_depth/snowdepth-1991/spring/1991089.txt
ncols 321
nrows 161
xllcenter 60
yllcenter 15 
cellsize  0.25 
NODATA_value -1
[rows 0 to 36 of 161, columns 0 to 83 of 321]
6.35 6.35 9.27 13.14 15.40 15.11 14.89 15.18 14.60 13.87 13.43 0.00 0.00 0.00 0.00 0.00 0.00 0.00 0.00 0.00 0.00 0.00 0.00 0.00 0.00 0.00 0.00 0.00 0.00 0.00 0.00 0.00 0.00 0.00 0.00 0.00 0.00 0.00 0.00 0.00 7.96 9.13 10.29 11.75 12.85 13.43 14.75 15.99 16.35 16.13 15.48 15.48 14.82 14.09 14.60 15.62 17.30 18.03 18.98 19.56 19.56 19.86 20.66 20.37 19.71 18.32 17.67 16.35 15.70 14.67 14.89 15.48 15.62 19.56 19.35 19.35 19.35 19.13 19.42 19.78 19.64 20.15 20.81 20.37
12.26 12.26 13.51 14.60 16.06 17.52 17.74 16.94 16.21 15.11 14.45 14.24 13.07 12.70 12.56 0.00 0.00 0.00 0.00 0.00 0.00 0.00 0.00 0.00 0.00 0.00 0.00 0.00 0.00 0.00 0.00 0.00 0.00 0.00 0.00 0.00 0.00 0.00 0.00 0.00 0.00 10.15 10.66 11.39 12.41 13.51 13.29 13.21 13.43 14.02 14.16 14.16 14.38 14.38 14.89 15.77 16.06 16.43 16.86 16.64 17.01 17.16 16.43 15.99 15.99 15.99 15.11 13.65 12.34 11.75 12.19 13.80 14.82 15.99 17.81 17.23 17.23 18.32 18.76 19.93 20.29 19.86 19.42 17.59
16.13 16.13 15.84 14.75 15.04 16.21 15.77 14.89 14.16 14.38 14.82 14.38 14.16 14.67 14.31 13.72 13.87 0.00 0.00 0.00 0.00 0.00 0.00 0.00 0.00 0.00 0.00 0.00 0.00 0.00 0.00 0.00 0.00 0.00 0.00 0.00 0.00 0.00 0.00 9.05 10.66 11.53 12.85 13.43 14.67 14.82 14.45 13.07 12.41 11.39 11.17 11.17 11.32 11.97 12.63 12.70 12.63 12.56 13.80 14.89 14.60 14.09 14.02 14.38 14.31 14.60 14.82 14.89 14.02 14.09 14.60 15.26 14.89 16.21 17.01 15.99 15.99 16.28 17.30 18.54 18.40 17.01 15.99 15.11
16.13 16.13 15.84 14.75 15.04 16.21 15.77 14.89 14.16 14.38 14.82 14.38 14.16 14.67 14.31 13.72 13.87 0.00 0.00 0.00 0.00 0.00 0.00 0.00 0.00 0.00 0.00 0.00 0.00 0.00 0.00 0.00 0.00 0.00 0.00 0.00 0.00 0.00 0.00 9.05 10.66 11.53 12.85 13.43 14.67 14.82 14.45 13.07 12.41 11.39 11.17 11.17 11.32 11.97 12.63 12.70 12.63 12.56 13.80 14.89 14.60 14.09 14.02 14.38 14.31 14.60 14.82 14.89 14.02 14.09 14.60 15.26 14.89 16.21 17.01 15.99 15.99 16.28 17.30 18.54 18.40 17.01 15.99 15.11
17.01 17.01 14.89 13.14 13.80 14.97 14.45 12.56 11.97 13.80 14.02 14.24 14.09 13.65 13.94 0.00 0.00 0.00 0.00 0.00 0.00 0.00 0.00 0.00 0.00 0.00 0.00 0.00 0.00 0.00 0.00 0.00 0.00 0.00 0.00 0.00 0.00 5.77 5.40 5.33 7.08 9.05 10.51 13.14 14.09 14.75 14.89 14.53 13.14 12.78 11.90 11.90 10.66 10.95 11.61 11.97 11.24 10.22 10.66 12.12 13.14 14.53 15.18 15.84 15.84 16.13 15.26 14.89 15.11 14.97 14.60 14.89 14.89 15.04 16.06 14.02 14.02 15.11 15.84 16.13 15.99 15.99 14.97 15.18
17.52 17.52 15.70 14.82 15.04 17.30 17.74 17.23 16.50 15.84 14.89 13.94 13.29 13.36 13.21 0.00 0.00 0.00 0.00 0.00 0.00 0.00 0.00 0.00 0.00 0.00 0.00 0.00 0.00 0.00 0.00 0.00 0.00 0.00 6.42 5.99 5.77 5.18 4.89 5.26 5.40 6.79 9.34 11.02 12.92 13.21 12.78 12.05 13.21 13.29 13.21 13.21 12.63 12.12 11.68 11.10 10.22 9.93 9.86 10.66 11.97 13.94 15.33 15.18 15.99 16.35 15.18 14.38 14.45 14.09 14.24 14.45 14.31 14.09 14.53 15.26 15.26 14.45 15.18 15.40 15.26 15.55 15.33 15.26
17.52 17.52 17.30 16.28 16.57 16.86 17.89 18.54 17.59 16.06 14.60 13.80 12.99 12.12 12.12 0.00 0.00 0.00 0.00 0.00 0.00 0.00 0.00 0.00 0.00 0.00 0.00 0.00 0.00 0.00 2.77 3.50 4.09 5.33 5.84 6.79 7.37 7.08 6.86 6.50 5.55 5.48 7.81 10.73 11.90 12.48 12.12 11.61 11.32 11.24 11.68 11.68 13.07 13.07 12.26 11.39 10.37 9.71 9.78 10.00 10.80 12.78 15.26 16.06 14.75 13.21 13.51 12.41 11.83 12.70 13.07 13.58 14.09 13.51 13.65 15.33 15.33 12.63 14.24 14.24 14.97 16.28 16.72 17.23
17.52 17.52 17.30 16.28 16.57 16.86 17.89 18.54 17.59 16.06 14.60 13.80 12.99 12.12 12.12 0.00 0.00 0.00 0.00 0.00 0.00 0.00 0.00 0.00 0.00 0.00 0.00 0.00 0.00 0.00 2.77 3.50 4.09 5.33 5.84 6.79 7.37 7.08 6.86 6.50 5.55 5.48 7.81 10.73 11.90 12.48 12.12 11.61 11.32 11.24 11.68 11.68 13.07 13.07 12.26 11.39 10.37 9.71 9.78 10.00 10.80 12.78 15.26 16.06 14.75 13.21 13.51 12.41 11.83 12.70 13.07 13.58 14.09 13.51 13.65 15.33 15.33 12.63 14.24 14.24 14.97 16.28 16.72 17.23
16.86 16.86 15.26 14.97 14.31 13.72 12.78 13.14 12.78 12.92 12.12 11.83 11.61 11.39 11.83 11.75 0.00 0.00 0.00 0.00 0.00 0.00 0.00 0.00 0.00 0.00 0.00 0.00 2.56 2.70 3.43 4.23 4.89 5.48 6.57 7.52 8.32 8.61 8.54 8.03 7.88 6.42 7.15 9.42 12.26 12.63 12.19 11.17 10.95 10.37 9.86 9.86 8.10 8.91 10.95 11.83 10.88 10.07 9.27 9.86 10.29 11.83 13.72 15.70 16.35 15.99 13.14 12.63 12.99 12.41 13.65 14.24 14.67 15.18 14.89 13.43 13.43 15.77 13.94 13.58 13.72 16.06 17.37 18.69
12.92 12.92 10.51 8.40 7.59 6.79 5.84 6.06 7.74 8.54 9.13 9.78 10.51 10.95 12.48 0.00 0.00 0.00 0.00 0.00 0.00 0.00 0.00 0.00 0.00 0.00 0.00 4.96 4.31 3.94 4.74 5.84 7.30 7.01 6.94 6.94 7.66 9.71 10.37 10.88 9.64 9.20 10.00 12.05 13.43 13.51 12.34 11.32 11.10 11.90 11.02 11.02 8.25 0.00 5.91 8.98 11.97 13.43 12.48 12.48 10.07 9.78 10.59 12.26 14.97 17.01 17.01 15.18 14.75 13.72 14.75 16.21 16.94 17.96 18.32 18.18 18.18 13.14 18.98 16.21 14.53 17.01 17.45 18.03
10.15 10.15 6.06 2.41 1.68 0.00 0.00 0.00 4.09 6.13 7.59 9.71 10.66 11.68 12.56 0.00 0.00 0.00 0.00 0.00 0.00 0.00 0.00 0.00 0.00 0.00 0.00 7.74 7.59 7.15 6.94 7.81 8.32 9.20 9.05 8.32 8.32 9.05 10.15 11.46 11.53 10.51 11.53 13.07 14.31 14.38 13.65 12.34 11.90 12.05 10.73 10.73 8.47 0.00 0.00 7.74 10.95 14.82 16.72 16.86 15.40 12.92 12.26 12.41 14.16 15.91 17.08 16.94 15.70 14.67 14.53 15.91 18.32 17.08 18.40 19.78 19.78 18.25 21.46 21.10 21.24 19.78 18.10 18.54
10.15 10.15 6.06 2.41 1.68 0.00 0.00 0.00 4.09 6.13 7.59 9.71 10.66 11.68 12.56 0.00 0.00 0.00 0.00 0.00 0.00 0.00 0.00 0.00 0.00 0.00 0.00 7.74 7.59 7.15 6.94 7.81 8.32 9.20 9.05 8.32 8.32 9.05 10.15 11.46 11.53 10.51 11.53 13.07 14.31 14.38 13.65 12.34 11.90 12.05 10.73 10.73 8.47 0.00 0.00 7.74 10.95 14.82 16.72 16.86 15.40 12.92 12.26 12.41 14.16 15.91 17.08 16.94 15.70 14.67 14.53 15.91 18.32 17.08 18.40 19.78 19.78 18.25 21.46 21.10 21.24 19.78 18.10 18.54
7.74 7.74 5.69 4.09 2.34 0.00 0.00 0.00 0.00 4.02 6.94 8.32 10.22 11.97 0.00 0.00 0.00 0.00 0.00 0.00 0.00 0.00 0.00 0.00 11.75 11.02 11.02 0.00 9.93 9.42 9.93 9.49 9.93 10.59 9.86 9.64 9.13 9.86 10.29 10.80 11.90 11.97 11.97 13.29 14.31 14.53 15.26 14.38 12.85 12.48 11.39 11.39 0.00 0.00 0.00 7.30 10.51 14.60 17.01 17.67 17.67 16.94 16.57 15.91 15.99 16.13 17.81 17.96 16.35 14.09 13.14 13.21 13.36 14.24 12.78 13.51 13.51 19.86 19.42 21.97 21.83 20.88 20.51 14.45
6.94 6.94 5.77 5.04 3.43 0.00 0.00 0.00 0.00 2.99 0.00 0.00 0.00 0.00 0.00 0.00 0.00 0.00 0.00 0.00 0.00 0.00 0.00 0.00 0.00 0.00 0.00 13.43 12.41 12.56 12.48 12.05 10.44 10.29 10.51 10.37 11.32 11.61 11.32 11.53 12.19 12.48 13.36 14.45 15.04 15.40 15.40 14.67 12.78 10.66 0.00 0.00 0.00 0.00 6.50 10.80 13.58 14.67 15.62 17.23 17.81 17.23 17.52 17.96 16.64 15.70 16.06 16.21 16.21 15.62 13.80 12.78 13.29 14.16 14.60 13.51 13.51 13.21 18.69 18.54 17.96 16.64 16.79 11.39
3.43 3.43 3.29 2.70 0.00 0.00 0.00 0.00 0.00 0.00 0.00 0.00 0.00 0.00 0.00 0.00 0.00 0.00 0.00 0.00 0.00 0.00 0.00 0.00 0.00 0.00 0.00 17.16 16.72 15.40 14.53 12.63 10.51 10.07 9.86 9.71 10.37 11.61 11.97 12.56 13.07 13.65 15.04 16.94 16.94 16.94 15.55 14.24 0.00 0.00 0.00 0.00 0.00 0.00 7.74 12.19 14.38 15.55 15.55 16.50 18.32 18.54 19.56 19.49 19.35 18.40 17.81 17.59 17.96 18.03 17.01 16.28 17.45 17.52 17.16 17.08 17.08 17.37 13.72 19.05 18.18 17.67 15.84 13.65
0.00 0.00 0.00 1.83 2.77 3.07 2.12 0.00 0.00 0.00 0.00 0.00 0.00 0.00 0.00 0.00 0.00 0.00 0.00 0.00 0.00 0.00 0.00 0.00 0.00 0.00 0.00 19.56 18.69 16.94 14.02 11.83 11.24 9.86 9.71 10.22 10.95 11.68 12.19 12.78 12.70 13.51 14.89 15.91 16.13 14.53 13.80 12.99 0.00 0.00 0.00 0.00 8.69 10.80 12.56 15.11 15.70 15.18 15.62 16.72 16.28 15.48 14.45 16.21 16.86 20.73 20.00 19.20 18.40 19.49 19.86 20.37 21.68 21.68 21.61 20.81 20.81 18.61 15.18 21.02 19.86 19.42 18.83 18.83
0.00 0.00 0.00 1.83 2.77 3.07 2.12 0.00 0.00 0.00 0.00 0.00 0.00 0.00 0.00 0.00 0.00 0.00 0.00 0.00 0.00 0.00 0.00 0.00 0.00 0.00 0.00 19.56 18.69 16.94 14.02 11.83 11.24 9.86 9.71 10.22 10.95 11.68 12.19 12.78 12.70 13.51 14.89 15.91 16.13 14.53 13.80 12.99 0.00 0.00 0.00 0.00 8.69 10.80 12.56 15.11 15.70 15.18 15.62 16.72 16.28 15.48 14.45 16.21 16.86 20.73 20.00 19.20 18.40 19.49 19.86 20.37 21.68 21.68 21.61 20.81 20.81 18.61 15.18 21.02 19.86 19.42 18.83 18.83
0.00 0.00 0.00 2.85 3.72 3.50 0.00 0.00 0.00 0.00 0.00 0.00 0.00 0.00 0.00 0.00 0.00 0.00 0.00 0.00 0.00 0.00 0.00 0.00 0.00 0.00 0.00 0.00 16.72 15.26 13.94 13.94 13.80 12.70 11.90 10.95 11.02 11.24 10.88 11.32 12.19 12.34 12.56 13.29 12.85 11.90 11.61 10.66 0.00 0.00 7.88 7.88 11.17 13.72 15.62 15.99 15.84 14.89 14.53 14.97 15.26 13.72 11.75 10.88 9.93 11.02 12.26 13.65 11.24 10.15 12.85 16.21 20.08 22.12 23.14 22.12 22.12 21.02 14.31 22.85 20.22 18.25 18.25 17.89
4.09 4.09 3.87 4.02 6.13 6.79 0.00 0.00 0.00 0.00 0.00 0.00 0.00 0.00 0.00 0.00 0.00 0.00 0.00 0.00 0.00 0.00 0.00 21.02 20.73 0.00 0.00 0.00 0.00 14.38 14.89 14.53 14.38 14.53 13.36 12.34 11.46 11.10 11.02 12.19 13.07 14.24 14.02 12.99 12.92 12.34 10.80 0.00 0.00 0.00 0.00 0.00 8.40 12.78 16.64 16.72 14.60 13.36 12.19 13.07 14.45 15.40 14.53 11.46 7.30 3.80 0.88 0.29 1.24 0.51 0.00 3.43 10.59 15.26 20.95 22.27 22.27 21.97 19.71 14.24 18.47 16.43 15.70 15.55
6.72 6.72 6.94 9.71 11.17 0.00 0.00 0.00 0.00 0.00 0.00 0.00 0.00 0.00 0.00 0.00 0.00 0.00 0.00 0.00 0.00 0.00 0.00 18.69 18.83 16.94 16.94 0.00 0.00 0.00 11.75 11.53 11.75 11.53 11.46 12.34 12.56 12.19 13.07 15.18 17.16 17.08 17.16 16.21 14.60 11.02 0.00 0.00 0.00 0.00 0.00 0.00 0.00 9.93 13.65 15.77 15.55 14.75 14.67 14.16 14.24 15.55 16.35 14.89 11.53 6.06 2.63 0.15 0.00 0.00 0.00 0.00 0.00 6.06 13.87 17.45 17.45 20.15 19.49 15.18 17.89 16.64 16.50 16.57
10.15 10.15 10.51 13.65 0.00 0.00 0.00 0.00 21.53 21.61 0.00 0.00 0.00 0.00 0.00 0.00 0.00 0.00 0.00 0.00 0.00 0.00 15.40 18.10 17.16 13.65 13.65 0.00 0.00 0.00 8.83 8.69 10.51 11.97 12.26 12.12 13.21 16.21 17.37 18.76 19.42 19.35 18.91 16.43 11.17 7.96 0.00 0.00 0.00 0.00 0.00 0.00 2.56 4.60 7.88 9.64 11.39 13.87 15.70 15.62 14.89 14.16 14.60 14.16 13.07 9.27 6.57 4.02 1.53 0.00 0.00 0.00 0.00 0.00 2.41 4.31 4.31 9.20 13.94 19.05 16.35 16.72 16.86 14.97
12.70 12.70 13.07 15.26 15.62 16.79 18.03 19.86 19.42 18.25 18.76 18.10 0.00 0.00 0.00 0.00 0.00 0.00 0.00 0.00 0.00 0.00 14.16 17.08 16.35 12.48 12.48 0.00 0.00 6.42 8.25 10.15 12.56 14.89 15.91 15.70 16.43 17.81 18.83 18.47 17.30 16.21 0.00 0.00 0.00 0.00 0.00 0.00 0.00 0.00 0.00 0.00 0.00 5.26 7.96 8.47 8.03 9.05 11.83 12.70 12.05 11.61 10.29 10.22 10.07 9.86 7.81 4.09 2.12 0.00 0.00 0.00 0.00 0.00 0.00 0.00 0.00 1.10 2.48 6.64 14.09 13.80 13.29 11.24
12.70 12.70 13.07 15.26 15.62 16.79 18.03 19.86 19.42 18.25 18.76 18.10 0.00 0.00 0.00 0.00 0.00 0.00 0.00 0.00 0.00 0.00 14.16 17.08 16.35 12.48 12.48 0.00 0.00 6.42 8.25 10.15 12.56 14.89 15.91 15.70 16.43 17.81 18.83 18.47 17.30 16.21 0.00 0.00 0.00 0.00 0.00 0.00 0.00 0.00 0.00 0.00 0.00 5.26 7.96 8.47 8.03 9.05 11.83 12.70 12.05 11.61 10.29 10.22 10.07 9.86 7.81 4.09 2.12 0.00 0.00 0.00 0.00 0.00 0.00 0.00 0.00 1.10 2.48 6.64 14.09 13.80 13.29 11.24
14.82 14.82 12.99 15.26 15.40 15.04 14.60 13.87 12.70 9.20 10.07 9.42 6.94 4.96 0.00 0.00 0.00 0.00 0.00 0.00 0.00 0.00 11.90 14.67 15.62 12.63 12.63 0.00 6.64 6.94 9.05 13.29 15.33 17.30 18.18 17.81 18.10 18.54 16.79 15.40 13.80 0.00 0.00 0.00 0.00 0.00 0.00 0.00 0.00 0.00 0.00 0.00 0.00 5.55 10.15 10.00 7.81 7.52 7.52 8.18 9.05 9.78 11.24 11.24 9.93 9.56 11.83 10.07 8.47 3.72 4.60 1.75 0.95 0.00 0.00 0.00 0.00 0.00 0.00 1.46 8.18 9.20 10.66 10.51
24.53 24.53 11.32 11.32 10.22 8.69 4.53 2.04 0.00 0.00 0.00 0.00 0.00 0.00 2.63 0.00 0.00 0.00 0.00 0.00 0.00 8.54 11.68 13.29 12.63 0.00 0.00 0.00 6.13 9.49 12.12 14.60 17.52 18.32 19.56 20.29 19.13 18.40 16.50 12.78 0.00 0.00 0.00 0.00 0.00 0.00 0.00 0.00 0.00 0.00 0.00 0.00 0.00 7.96 11.61 11.46 9.78 7.88 8.25 9.20 8.76 10.15 12.34 14.02 16.79 17.16 17.89 16.43 17.67 17.67 15.70 14.82 12.70 9.42 7.15 5.77 5.77 2.12 1.46 3.58 6.28 8.18 12.78 12.34
18.25 18.25 14.31 8.10 0.00 0.00 0.00 0.00 0.00 0.00 0.00 0.00 0.00 0.00 0.00 0.00 0.00 0.00 0.00 0.00 10.15 12.78 14.09 13.43 0.00 0.00 0.00 6.50 7.96 12.70 15.33 17.59 19.64 20.51 22.27 22.27 21.75 17.81 12.92 0.00 0.00 0.00 0.00 0.00 0.00 0.00 0.00 0.00 0.00 0.00 0.00 0.00 7.52 10.59 14.60 15.11 13.51 11.46 12.05 12.85 14.45 14.09 14.67 17.81 19.78 20.81 21.39 22.19 22.19 23.36 24.67 24.24 24.24 23.14 20.37 15.62 15.62 9.13 4.89 2.19 9.86 7.52 11.53 13.51
9.20 9.20 4.74 0.00 0.00 0.00 0.00 0.00 0.00 0.00 0.00 0.00 0.00 0.00 0.00 0.00 0.00 0.00 0.00 10.15 14.53 17.59 17.67 15.91 13.07 9.78 9.78 9.20 11.75 14.67 16.28 19.93 22.70 24.09 22.48 20.51 18.76 13.80 0.00 0.00 0.00 0.00 0.00 0.00 0.00 0.00 0.00 0.00 0.00 0.00 0.00 0.00 7.74 12.99 16.57 18.18 18.54 17.74 16.35 17.52 18.83 18.40 18.61 20.15 21.46 20.81 20.22 20.73 21.83 23.58 25.92 26.65 27.16 27.23 26.43 24.82 24.82 18.25 12.78 7.88 9.49 10.80 14.53 16.50
1.02 1.02 0.00 0.00 0.00 0.00 0.00 0.00 0.00 0.00 0.00 0.00 0.00 0.00 0.00 0.00 0.00 0.00 6.72 12.78 17.45 20.44 20.59 18.32 16.13 14.16 14.16 14.38 16.35 16.28 15.55 17.96 23.36 26.43 23.00 17.59 0.00 0.00 0.00 0.00 0.00 0.00 0.00 0.00 0.00 0.00 0.00 0.00 0.00 0.00 0.00 0.00 6.64 11.90 16.64 19.64 20.88 19.71 19.13 19.71 20.51 21.02 21.61 22.78 22.85 22.41 21.39 20.73 21.32 22.34 23.65 24.24 25.19 26.50 28.62 28.11 28.11 25.77 21.10 18.18 16.28 14.24 17.59 18.25
1.02 1.02 0.00 0.00 0.00 0.00 0.00 0.00 0.00 0.00 0.00 0.00 0.00 0.00 0.00 0.00 0.00 0.00 6.72 12.78 17.45 20.44 20.59 18.32 16.13 14.16 14.16 14.38 16.35 16.28 15.55 17.96 23.36 26.43 23.00 17.59 0.00 0.00 0.00 0.00 0.00 0.00 0.00 0.00 0.00 0.00 0.00 0.00 0.00 0.00 0.00 0.00 6.64 11.90 16.64 19.64 20.88 19.71 19.13 19.71 20.51 21.02 21.61 22.78 22.85 22.41 21.39 20.73 21.32 22.34 23.65 24.24 25.19 26.50 28.62 28.11 28.11 25.77 21.10 18.18 16.28 14.24 17.59 18.25
0.00 0.00 0.00 0.00 0.00 0.00 0.00 0.00 0.00 0.00 0.00 0.00 0.00 0.00 0.00 0.00 0.00 0.00 5.77 11.97 17.08 22.34 24.82 23.36 21.10 20.29 20.29 21.17 23.07 22.27 19.05 17.37 22.85 24.60 0.00 0.00 0.00 0.00 0.00 0.00 0.00 0.00 0.00 0.00 0.00 0.00 0.00 0.00 0.00 0.00 0.00 0.00 6.72 10.44 13.07 15.33 16.57 16.64 18.83 20.08 21.61 22.70 23.29 24.45 24.45 23.94 22.56 21.02 21.83 22.92 23.00 22.63 19.78 19.64 24.53 28.62 28.62 28.76 25.77 23.51 22.48 19.13 19.56 20.22
0.00 0.00 0.00 0.00 0.00 0.00 0.00 0.00 0.00 0.00 0.00 0.00 0.00 0.00 0.00 0.00 0.00 0.00 4.09 10.88 17.89 25.26 27.67 26.35 24.53 24.09 24.09 25.48 27.23 25.04 22.70 20.15 20.08 0.00 0.00 0.00 0.00 0.00 0.00 0.00 0.00 0.00 0.00 0.00 0.00 0.00 0.00 0.00 0.00 0.00 0.00 0.00 5.55 6.64 8.03 0.00 0.00 0.00 12.63 18.10 22.12 24.16 23.43 23.51 25.26 25.40 22.78 21.39 22.85 23.94 21.97 20.81 17.74 13.51 13.58 17.81 17.81 19.05 22.34 22.92 25.19 22.56 22.63 23.00
0.00 0.00 0.00 0.00 0.00 0.00 0.00 0.00 0.00 0.00 0.00 0.00 0.00 0.00 0.00 0.00 0.00 0.00 3.72 12.41 20.00 26.57 29.27 28.69 25.99 25.77 25.77 24.97 25.84 26.06 22.48 18.25 0.00 0.00 0.00 0.00 0.00 0.00 0.00 0.00 0.00 0.00 0.00 0.00 0.00 0.00 0.00 0.00 0.00 0.00 0.00 0.00 0.00 0.00 0.00 0.00 0.00 0.00 0.00 10.00 14.89 17.30 17.74 19.49 18.61 20.00 18.03 17.37 15.04 16.13 15.48 14.02 13.94 11.39 7.59 3.14 3.14 4.53 8.32 13.87 20.08 23.94 24.60 27.08
0.00 0.00 0.00 0.00 0.00 0.00 0.00 0.00 0.00 0.00 0.00 0.00 0.00 0.00 0.00 0.00 0.00 0.00 4.31 10.37 14.53 21.17 25.62 27.01 26.43 25.11 25.11 24.53 24.89 22.70 0.00 0.00 0.00 0.00 0.00 0.00 0.00 0.00 0.00 0.00 0.00 0.00 0.00 0.00 0.00 0.00 0.00 0.00 0.00 0.00 0.00 0.00 0.00 0.00 0.00 0.00 0.00 0.00 0.00 0.00 4.60 4.82 6.13 4.89 4.38 5.04 4.74 2.85 3.65 2.70 0.00 1.10 0.00 3.65 0.00 0.00 0.00 0.00 0.00 0.00 6.06 14.89 28.91 26.50
0.00 0.00 0.00 0.00 0.00 0.00 0.00 0.00 0.00 0.00 0.00 0.00 0.00 0.00 0.00 0.00 0.88 4.89 4.67 4.74 7.52 14.82 19.27 20.44 20.44 21.97 21.97 21.90 20.59 14.97 0.00 0.00 0.00 0.00 0.00 0.00 0.00 0.00 0.00 0.00 0.00 0.00 0.00 0.00 0.00 0.00 0.00 0.00 0.00 0.00 0.00 0.00 0.00 0.00 0.00 0.00 0.00 0.00 0.00 0.00 0.00 0.00 0.00 0.00 0.00 0.00 0.00 0.00 0.00 0.00 0.00 0.00 0.00 0.00 0.00 0.00 0.00 0.00 0.00 0.00 0.00 0.00 21.83 18.98
0.00 0.00 0.00 0.00 0.00 0.00 0.00 0.00 0.00 0.00 0.00 0.00 0.00 0.00 0.00 0.00 3.29 4.67 2.85 2.41 5.62 10.51 8.25 6.72 9.27 9.49 9.49 10.73 0.00 0.00 0.00 0.00 0.00 0.00 0.00 0.00 0.00 0.00 0.00 0.00 0.00 0.00 0.00 0.00 0.00 0.00 0.00 0.00 0.00 0.00 0.00 0.00 0.00 0.00 0.00 0.00 0.00 0.00 0.00 0.00 0.00 0.00 0.00 0.00 0.00 0.00 0.00 0.00 0.00 0.00 0.00 0.00 0.00 0.00 0.00 0.00 0.00 0.00 0.00 0.00 0.15 2.41 1.90 9.93
0.00 0.00 0.00 0.00 0.00 0.00 0.00 0.00 0.00 0.00 0.00 0.00 0.00 0.00 0.00 0.00 3.29 4.67 2.85 2.41 5.62 10.51 8.25 6.72 9.27 9.49 9.49 10.73 0.00 0.00 0.00 0.00 0.00 0.00 0.00 0.00 0.00 0.00 0.00 0.00 0.00 0.00 0.00 0.00 0.00 0.00 0.00 0.00 0.00 0.00 0.00 0.00 0.00 0.00 0.00 0.00 0.00 0.00 0.00 0.00 0.00 0.00 0.00 0.00 0.00 0.00 0.00 0.00 0.00 0.00 0.00 0.00 0.00 0.00 0.00 0.00 0.00 0.00 0.00 0.00 0.15 2.41 1.90 9.93
0.00 0.00 0.00 0.00 0.00 0.00 0.00 0.00 0.00 0.00 0.00 0.00 0.00 0.00 0.00 0.00 0.00 0.00 0.00 0.00 1.53 1.02 0.00 0.00 0.00 0.00 0.00 0.00 0.00 0.00 0.00 0.00 0.00 0.00 0.00 0.00 0.00 0.00 0.00 0.00 0.00 0.00 0.00 0.00 0.00 0.00 0.00 0.00 0.00 0.00 0.00 0.00 0.00 0.00 0.00 0.00 0.00 0.00 0.00 0.00 0.00 0.00 0.00 0.00 0.00 0.00 0.00 0.00 0.00 0.00 0.00 0.00 0.00 0.00 0.00 0.00 0.00 1.17 10.37 15.55 16.21 17.01 16.06 1.75
