Wansh/Snow_depth/snowdepth-1991/spring/1991063.txt
ncols 321
nrows 161
xllcenter 60
yllcenter 15 
cellsize  0.25 
NODATA_value -1
[rows 37 to 73 of 161, columns 0 to 83 of 321]
4.67 4.67 8.61 11.68 14.31 17.67 20.08 20.73 21.02 21.17 20.66 20.29 20.22 20.88 20.81 21.39 21.68 21.97 21.10 20.00 20.29 20.81 20.08 19.13 16.86 13.58 13.58 13.29 16.57 18.83 17.37 15.91 14.16 13.72 12.48 13.51 14.02 14.53 15.33 17.37 19.35 20.44 20.15 19.71 19.86 19.13 17.81 16.64 16.43 18.32 19.42 19.42 18.76 15.48 7.74 3.58 4.60 11.83 15.91 19.13 19.64 18.91 18.61 19.93 19.78 21.17 21.39 20.73 20.08 19.20 19.27 18.69 17.67 17.52 17.16 16.21 16.21 15.84 0.00 0.00 0.00 0.00 0.00 20.00
0.00 0.00 7.96 12.41 17.45 20.29 22.92 24.02 23.51 22.63 20.95 18.76 17.89 20.29 21.17 21.83 22.12 22.41 21.53 20.37 20.08 19.93 19.49 19.05 16.79 13.65 13.65 13.58 16.35 18.54 17.01 15.04 14.16 13.36 13.72 13.87 14.67 15.77 17.16 19.56 21.32 22.19 21.53 20.08 19.71 20.15 19.35 17.30 15.18 15.70 18.47 18.47 18.91 17.30 12.99 5.84 5.40 11.32 13.94 20.44 20.81 21.39 22.12 22.48 21.53 21.61 21.24 20.44 20.08 19.35 20.15 18.69 16.06 14.60 0.00 0.00 0.00 0.00 0.00 0.00 0.00 22.78 21.46 21.61
0.00 0.00 0.00 10.07 16.06 17.89 19.35 21.53 22.92 21.83 21.32 19.05 16.72 17.89 21.46 22.19 23.43 22.78 20.81 19.64 18.98 19.42 19.20 18.40 15.91 14.09 14.09 12.48 14.31 15.99 16.43 15.91 15.55 15.11 14.82 16.21 18.25 18.40 19.20 20.51 21.97 22.27 22.19 21.68 21.24 21.32 21.32 19.42 16.28 14.97 16.35 16.35 19.35 19.56 17.01 11.10 10.29 14.02 17.08 20.88 20.15 18.83 18.61 19.71 20.00 18.76 18.69 18.25 17.52 17.59 16.43 16.21 0.00 0.00 0.00 0.00 0.00 0.00 20.44 23.21 23.51 22.78 20.29 19.78
0.00 0.00 0.00 5.48 11.17 15.40 17.01 18.10 20.29 20.81 20.81 20.22 19.78 19.27 22.34 22.63 23.73 23.00 18.98 15.18 14.02 11.97 11.90 11.68 10.88 9.27 9.27 8.03 7.30 7.74 9.27 8.40 9.56 9.27 10.95 12.56 15.18 16.43 17.23 18.10 20.22 21.53 21.68 21.39 21.10 21.10 20.88 20.22 16.94 13.87 13.14 13.14 15.48 18.61 18.61 16.50 12.05 12.78 17.74 20.37 15.18 13.29 12.85 14.75 13.29 12.63 11.24 11.75 13.65 0.00 0.00 0.00 0.00 0.00 0.00 14.24 14.24 16.72 19.49 20.88 21.24 19.42 16.50 14.97
0.00 0.00 0.00 3.58 9.42 14.53 16.64 18.32 20.08 20.59 20.59 20.37 20.22 20.22 20.88 21.24 21.17 18.98 15.77 13.21 10.51 7.01 4.96 4.74 3.36 3.07 3.07 2.26 1.17 0.00 0.00 0.00 0.00 3.29 5.33 7.96 9.42 10.73 12.48 13.21 14.60 16.86 20.22 20.81 19.35 17.96 17.01 14.53 12.92 10.73 7.52 7.52 7.37 10.88 14.38 15.70 14.38 13.65 14.97 17.30 14.82 12.26 11.24 8.91 7.66 5.40 5.91 0.00 0.00 0.00 0.00 0.00 0.00 0.00 0.00 13.94 13.94 15.70 18.10 18.25 17.01 16.64 15.84 14.02
0.00 0.00 0.00 0.00 6.50 10.37 13.87 17.08 15.48 14.45 14.89 13.43 13.51 14.97 19.64 14.45 14.24 14.16 13.87 12.48 10.15 6.42 4.38 1.83 0.00 0.00 0.00 0.00 0.00 0.00 0.00 0.00 0.00 0.00 2.85 3.21 3.72 4.67 5.40 5.40 6.50 10.07 12.63 13.21 12.85 11.68 10.22 8.10 5.84 5.33 0.00 0.00 0.00 0.00 5.11 8.40 11.90 12.19 14.45 17.37 14.16 13.94 11.10 0.00 0.00 0.00 0.00 0.00 0.00 0.00 0.00 0.00 0.00 0.00 0.00 11.75 11.75 11.75 14.16 13.07 9.86 11.10 13.20 13.41
0.00 0.00 0.00 0.00 0.00 1.39 4.96 4.38 4.53 2.56 1.10 0.73 0.44 2.26 11.24 5.69 7.74 8.54 8.18 6.20 5.11 2.77 2.48 1.83 0.00 0.00 0.00 1.61 3.07 2.77 0.00 2.19 4.09 4.09 2.92 0.00 0.00 0.00 0.00 0.00 0.00 2.63 4.31 6.20 6.57 5.69 4.45 2.99 1.75 1.75 3.65 3.65 4.23 4.74 4.67 5.84 9.49 13.21 14.97 14.60 15.11 10.88 0.00 0.00 0.00 0.00 0.00 0.00 0.00 0.00 0.00 0.00 0.00 0.00 0.00 3.21 3.21 3.21 3.21 3.21 0.88 2.04 7.59 0.00
0.00 0.00 0.00 0.00 0.00 0.00 0.00 0.00 0.00 0.00 0.00 0.00 0.00 0.00 0.00 0.88 2.19 4.23 5.48 4.02 0.80 0.00 0.00 0.00 0.00 0.00 0.00 3.72 3.58 1.83 0.00 4.02 7.52 9.05 6.42 4.23 3.14 0.00 0.00 0.00 0.00 0.00 3.43 6.86 8.54 8.61 6.86 4.45 2.63 4.67 7.59 7.59 10.29 11.02 13.65 14.82 17.81 18.18 18.40 19.20 19.86 8.61 0.00 3.58 5.33 7.52 0.00 0.00 0.00 0.00 0.00 0.00 0.00 0.00 0.00 0.00 0.00 0.00 0.00 0.00 0.00 0.00 0.00 0.00
0.00 0.00 0.00 0.00 0.00 0.00 0.00 0.00 0.00 0.00 0.00 0.00 0.00 0.00 0.00 0.00 0.00 0.80 0.88 0.00 0.00 0.00 0.00 0.00 0.00 0.00 0.00 0.00 0.00 0.00 0.00 5.26 9.27 7.88 5.26 4.38 3.72 4.82 5.99 4.31 3.29 2.92 6.28 11.02 16.13 17.23 14.31 9.93 9.42 11.53 17.74 17.74 19.56 24.53 26.65 27.30 28.62 23.65 19.64 20.08 22.78 25.33 0.00 8.61 0.00 0.00 0.00 7.15 3.07 0.07 0.00 1.02 0.95 0.00 0.00 0.00 0.00 0.00 0.00 0.00 0.00 1.53 5.84 0.00
0.00 0.00 0.00 0.00 0.00 0.00 0.00 0.00 0.00 0.00 0.00 0.00 0.00 0.00 0.00 0.00 0.00 0.80 0.88 0.00 0.00 0.00 0.00 0.00 0.00 0.00 0.00 0.00 0.00 0.00 0.00 5.26 9.27 7.88 5.26 4.38 3.72 4.82 5.99 4.31 3.29 2.92 6.28 11.02 16.13 17.23 14.31 9.93 9.42 11.53 17.74 17.74 19.56 24.53 26.65 27.30 28.62 23.65 19.64 20.08 22.78 25.33 0.00 8.61 0.00 0.00 0.00 7.15 3.07 0.07 0.00 1.02 0.95 0.00 0.00 0.00 0.00 0.00 0.00 0.00 0.00 1.53 5.84 0.00
0.00 0.00 0.00 0.00 0.00 0.00 0.00 0.00 0.00 0.00 0.00 0.00 0.00 0.00 0.00 0.00 0.00 0.00 0.00 0.00 0.00 0.00 0.00 0.00 0.00 0.00 0.00 0.00 0.00 0.00 0.00 0.00 3.21 2.34 0.00 0.00 2.12 4.96 8.54 11.61 9.20 6.50 6.35 11.83 15.04 18.10 18.61 19.05 21.53 24.89 27.59 27.59 29.71 31.32 32.27 33.80 33.14 29.86 24.67 20.95 20.37 23.14 0.00 9.42 10.29 11.61 11.53 9.56 5.26 4.53 6.42 6.42 6.42 2.77 1.68 0.51 0.51 0.00 0.95 4.02 8.91 12.85 16.72 18.03
0.00 0.00 0.00 0.00 0.00 0.00 0.00 0.00 0.00 0.00 0.00 0.00 0.00 0.00 0.00 0.00 0.00 0.00 0.00 0.00 0.00 0.00 0.00 0.00 0.00 0.00 0.00 0.00 0.00 0.00 0.00 0.00 0.00 0.00 0.00 0.00 0.00 1.68 6.28 12.85 18.54 16.50 11.68 11.46 9.71 10.15 13.07 18.91 24.02 28.76 29.05 29.05 28.84 30.22 31.46 31.68 30.08 27.23 24.09 19.86 19.35 20.29 19.71 6.28 8.76 9.86 11.24 11.46 10.73 11.61 13.80 15.91 11.61 9.56 7.23 7.23 7.23 5.48 8.61 11.83 18.40 20.59 26.06 27.67
0.00 0.00 0.00 0.00 0.00 0.00 0.00 0.00 0.00 0.00 0.00 0.00 0.00 0.00 0.00 0.00 0.00 0.00 0.00 0.00 0.00 0.00 0.00 0.00 0.00 0.00 0.00 0.00 0.00 0.00 0.00 0.00 0.00 0.00 0.00 0.00 0.00 0.51 5.55 12.48 21.53 23.80 20.37 16.94 11.32 7.08 7.01 12.48 19.64 24.09 24.09 24.09 22.56 22.41 23.36 22.92 23.14 21.75 19.42 17.89 16.35 16.06 14.38 4.89 7.74 9.86 11.17 12.56 10.88 9.34 3.58 4.23 7.59 8.83 10.15 12.41 12.41 14.89 17.23 19.27 20.88 24.04 27.44 30.25
0.00 0.00 0.00 0.00 0.00 0.00 0.00 0.00 0.00 0.00 0.00 0.00 0.00 0.00 0.00 0.00 0.00 0.00 0.00 0.00 0.00 0.00 0.00 0.00 0.00 0.00 0.00 0.00 0.00 0.00 0.00 0.00 0.00 0.00 0.00 0.00 0.00 1.17 6.94 15.04 22.63 24.31 22.05 20.81 17.89 11.53 8.54 9.86 15.26 19.42 19.71 19.71 17.74 19.05 19.71 20.29 21.32 21.53 20.29 16.94 14.75 13.87 11.24 7.23 4.74 5.99 5.48 0.00 0.00 0.00 0.00 0.00 6.94 11.61 13.72 16.28 16.28 18.10 19.27 19.64 19.27 19.05 22.23 24.19
0.00 0.00 0.00 0.00 0.00 0.00 0.00 0.00 0.00 0.00 0.00 0.00 0.00 0.00 0.00 0.00 0.00 0.00 0.00 0.00 0.00 0.00 0.00 0.00 0.00 0.00 0.00 0.00 0.00 0.00 0.00 0.00 0.00 0.00 0.00 0.00 0.00 3.07 10.22 17.59 21.61 21.90 18.98 17.45 16.64 16.57 12.70 10.73 13.14 17.74 18.98 18.98 17.89 19.93 22.70 23.94 26.43 26.79 27.16 22.34 17.30 10.95 8.76 6.72 4.74 1.97 0.00 0.00 0.00 0.00 0.00 0.00 10.00 12.70 13.21 15.11 15.11 15.62 15.18 14.38 12.70 10.66 12.34 13.07
0.00 0.00 0.00 0.00 0.00 0.00 0.00 0.00 0.00 0.00 0.00 0.00 0.00 0.00 0.00 0.00 0.00 0.00 0.00 0.00 0.00 0.00 0.00 0.00 0.00 0.00 0.00 0.00 0.00 0.00 0.00 0.00 0.00 0.00 0.00 0.00 0.00 5.11 13.43 18.76 18.47 17.01 15.91 17.45 18.61 18.91 16.50 13.65 13.80 19.13 20.44 20.44 18.98 19.27 21.97 25.92 29.27 29.35 29.05 27.89 24.67 18.61 14.53 12.05 10.95 5.26 5.11 0.00 0.00 0.00 0.00 11.02 13.36 14.53 11.97 10.15 10.15 7.23 6.94 8.03 8.03 7.81 6.86 7.23
0.00 0.00 0.00 0.00 0.00 0.00 0.00 0.00 0.00 0.00 0.00 0.00 0.00 0.00 0.00 0.00 0.00 0.00 0.00 0.00 0.00 0.00 0.00 0.00 0.00 0.00 0.00 0.00 0.00 0.00 0.00 0.00 0.00 0.00 0.00 0.00 0.00 0.00 10.15 15.99 16.86 14.75 16.79 20.81 21.68 19.49 17.08 13.87 13.43 16.28 18.40 18.40 19.13 19.35 21.02 22.56 24.67 24.53 24.09 25.04 25.92 24.38 24.24 22.34 23.21 12.99 20.00 19.42 19.56 16.79 14.24 12.70 13.51 11.97 7.30 5.69 5.69 5.18 5.18 4.16 6.50 8.25 8.03 8.04
0.00 0.00 0.00 0.00 0.00 0.00 0.00 0.00 0.00 0.00 0.00 0.00 0.00 0.00 0.00 0.00 0.00 0.00 0.00 0.00 0.00 0.00 0.00 0.00 0.00 0.00 0.00 0.00 0.00 0.00 0.00 0.00 0.00 0.00 0.00 0.00 0.00 0.00 2.92 12.48 15.04 14.67 17.16 20.08 19.05 15.77 13.51 10.88 10.29 12.05 15.40 15.40 17.08 18.03 19.71 21.90 22.56 22.27 21.83 22.05 22.92 22.05 23.94 25.33 24.89 25.84 24.38 25.84 25.19 20.44 13.43 8.54 7.74 7.37 4.31 3.07 3.07 5.26 3.58 1.61 2.92 5.69 5.84 4.04
0.00 0.00 0.00 0.00 0.00 0.00 0.00 0.00 0.00 0.00 0.00 0.00 0.00 0.00 0.00 0.00 0.00 0.00 0.00 0.00 0.00 0.00 0.00 0.00 0.00 0.00 0.00 0.00 0.00 0.00 0.00 0.00 0.00 0.00 0.00 0.00 0.00 0.00 0.07 9.13 14.02 14.02 14.16 12.78 9.20 5.18 6.13 5.40 5.77 9.13 14.97 14.97 18.10 16.86 16.64 19.42 21.75 21.46 19.64 19.56 18.83 19.05 19.64 20.15 21.39 23.29 24.60 26.65 24.75 17.37 10.80 7.01 5.11 4.31 3.94 3.72 3.72 3.94 2.41 0.29 0.00 1.11 1.10 0.00
0.00 0.00 0.00 0.00 0.00 0.00 0.00 0.00 0.00 0.00 0.00 0.00 0.00 0.00 0.00 0.00 0.00 0.00 0.00 0.00 0.00 0.00 0.00 0.00 0.00 0.00 0.00 0.00 0.00 0.00 0.00 0.00 0.00 0.00 0.00 0.00 0.00 0.00 0.00 3.94 10.44 9.05 7.66 3.58 1.39 0.00 0.00 0.00 0.00 3.29 14.45 14.45 20.29 20.81 17.74 17.67 20.08 20.29 18.91 17.89 16.57 14.45 13.65 16.50 20.73 21.24 21.97 25.55 18.18 13.07 8.10 4.96 4.60 4.23 3.87 3.36 3.36 1.97 1.10 0.00 0.00 0.00 0.00 0.00
0.00 0.00 0.00 0.00 0.00 0.00 0.00 0.00 0.00 0.00 0.00 0.00 0.00 0.00 0.00 0.00 0.00 0.00 0.00 0.00 0.00 0.00 0.00 0.00 0.00 0.00 0.00 0.00 0.00 0.00 0.00 0.00 0.00 0.00 0.00 0.00 0.00 0.00 0.00 2.70 3.72 2.63 1.68 0.00 0.00 0.00 0.00 0.00 0.00 2.85 12.48 12.48 19.71 22.34 20.59 19.27 19.71 19.78 18.83 17.45 14.60 13.21 13.21 13.07 14.67 15.26 15.18 22.56 9.34 6.50 4.53 3.65 3.94 4.82 3.80 2.99 2.99 1.90 1.10 0.00 0.00 0.00 0.00 0.00
0.00 0.00 0.00 0.00 0.00 0.00 0.00 0.00 0.00 0.00 0.00 0.00 0.00 0.00 0.00 0.00 0.00 0.00 0.00 0.00 0.00 0.00 0.00 0.00 0.00 0.00 0.00 0.07 0.00 0.00 0.00 0.00 0.00 0.00 0.00 0.00 0.00 0.00 0.00 0.66 0.00 0.00 0.00 0.00 0.00 0.00 0.00 0.00 3.72 8.32 14.24 14.24 20.44 21.97 20.81 19.49 19.71 21.17 20.51 18.10 13.51 10.15 9.93 10.51 10.51 9.78 8.18 6.35 8.76 3.94 3.07 2.77 3.94 3.21 2.41 0.66 0.66 0.15 0.00 0.00 0.00 0.00 0.00 0.00
0.00 0.00 0.00 0.00 0.00 0.00 0.00 0.00 0.00 0.00 0.00 0.00 0.00 0.00 0.00 0.00 0.00 0.00 0.00 0.00 0.00 0.00 0.00 0.00 0.00 0.00 0.00 0.00 0.00 0.00 0.00 0.00 0.00 0.00 0.00 0.00 0.00 0.00 0.73 2.19 3.50 2.26 0.00 1.10 4.60 4.38 4.60 6.06 9.13 14.16 16.35 16.35 18.25 19.49 19.71 18.91 17.30 17.81 18.54 17.08 10.44 6.79 7.30 7.59 7.88 6.79 5.11 5.33 3.65 2.63 1.83 3.14 2.48 1.17 0.00 0.00 0.00 0.00 0.00 0.00 0.00 0.00 0.00 0.00
0.00 0.00 0.00 0.00 0.00 0.00 0.00 0.00 0.00 0.00 0.00 0.00 0.00 0.00 0.00 0.00 0.00 0.00 0.00 0.00 0.00 0.00 0.00 0.00 0.00 0.00 0.00 0.00 0.00 0.00 0.00 1.53 4.09 4.09 4.02 2.92 4.67 8.10 8.18 8.98 8.54 7.74 5.26 6.06 9.20 10.22 9.86 10.15 10.95 13.58 15.48 15.48 16.64 17.01 17.89 16.64 14.24 11.24 11.61 10.73 9.42 5.33 4.67 5.55 6.35 5.40 3.50 2.04 2.56 2.12 1.17 1.17 0.07 0.00 0.00 0.00 0.00 0.00 0.00 0.00 0.00 0.00 0.00 0.00
0.00 0.00 0.00 0.00 0.00 0.00 0.00 0.00 0.00 0.00 0.00 0.00 0.00 0.00 0.00 0.00 0.00 0.00 0.00 0.00 0.00 0.00 0.00 0.00 0.00 0.00 0.00 0.00 0.00 0.00 1.31 6.57 11.17 11.39 9.64 10.07 12.19 12.26 12.34 11.90 10.73 9.13 7.37 8.10 9.86 10.29 11.10 12.05 12.34 14.02 15.18 15.18 15.84 15.70 14.16 13.51 10.95 7.59 6.42 6.42 5.04 3.50 4.16 3.65 3.29 2.70 0.95 0.00 0.00 0.22 0.00 0.00 0.00 0.00 0.00 0.00 0.00 0.00 0.00 0.00 0.00 0.00 0.00 0.00
0.00 0.00 0.00 0.00 0.00 0.00 0.00 0.00 0.00 0.00 0.00 0.00 0.00 0.00 0.00 0.00 0.00 0.00 0.00 0.00 0.00 0.00 0.00 0.00 0.00 0.00 0.00 0.00 0.95 2.85 5.55 9.78 13.65 14.16 12.63 12.85 13.58 13.87 13.36 11.68 11.17 9.86 8.54 8.61 9.42 10.59 11.46 11.32 11.39 12.56 14.67 14.67 14.67 12.92 10.80 9.64 7.52 5.40 5.62 7.08 9.93 4.45 1.83 0.22 0.44 0.00 0.00 0.00 0.00 0.00 0.00 0.00 0.00 0.00 0.00 0.00 0.00 0.00 0.00 0.00 0.00 0.00 0.00 0.00
0.00 0.00 0.00 0.00 0.00 0.00 0.00 0.00 0.00 0.00 0.00 0.00 0.00 0.00 0.00 0.00 0.00 0.00 0.00 0.00 0.00 0.00 0.00 0.00 0.00 0.00 0.00 0.00 2.04 6.57 10.95 11.90 11.83 12.78 12.63 12.12 13.43 13.72 12.12 12.63 12.63 11.32 10.29 10.51 9.93 11.17 11.46 9.56 9.05 11.10 11.32 11.32 11.32 9.27 7.01 6.42 5.62 5.33 5.18 5.55 10.29 11.17 5.62 0.15 0.00 0.00 0.00 0.00 0.00 0.00 0.00 0.00 0.00 0.00 0.00 0.00 0.00 0.00 0.00 0.00 0.00 0.00 0.00 0.00
0.00 0.00 0.00 0.00 0.00 0.00 0.00 0.00 0.00 0.00 0.00 0.00 0.00 0.00 0.00 0.00 0.00 0.00 0.00 0.00 0.00 0.00 0.00 0.00 0.00 0.00 0.00 0.00 1.46 7.66 12.70 12.78 11.39 11.10 10.51 10.59 11.83 11.97 12.56 13.29 14.09 13.43 11.53 10.22 10.15 10.59 10.44 7.45 5.26 7.45 8.47 8.47 8.83 8.32 7.15 7.08 6.42 6.57 6.86 5.33 5.11 8.00 8.18 2.63 0.00 0.00 0.00 0.00 0.00 0.00 0.00 0.00 0.00 0.00 0.00 0.00 0.00 0.00 0.00 0.00 0.00 0.00 0.00 0.00
0.00 0.00 0.00 0.00 0.00 0.00 0.00 0.00 0.00 0.00 0.00 0.00 0.00 0.00 0.00 0.00 0.00 0.00 0.00 0.00 0.00 0.00 0.00 0.00 0.00 0.00 0.00 0.00 4.96 10.95 12.34 10.29 6.57 5.33 5.69 6.13 6.64 8.32 10.15 12.78 14.02 12.26 11.24 10.59 10.51 9.78 9.56 7.88 5.26 4.38 6.72 6.72 7.96 7.59 7.30 8.98 10.80 10.51 9.42 7.23 3.43 3.21 4.38 3.07 1.17 0.00 0.00 0.00 0.00 0.00 0.00 0.00 0.00 0.00 0.00 0.00 0.00 0.00 0.00 0.00 0.00 0.00 0.00 0.00
0.00 0.00 0.00 0.00 0.00 0.00 0.00 0.00 0.00 0.00 0.00 0.00 0.00 0.00 0.00 0.00 0.00 0.00 0.00 0.00 0.00 0.00 0.00 0.00 0.00 0.00 0.00 0.00 4.89 10.07 10.00 4.31 0.95 1.24 0.58 0.29 2.34 4.60 6.28 8.91 11.97 10.95 9.71 9.78 10.29 9.56 8.32 7.52 6.57 5.55 5.62 5.62 6.06 5.99 7.37 10.15 12.99 12.19 10.51 8.32 4.82 3.29 3.29 2.41 2.34 1.10 0.00 0.00 0.00 0.00 0.00 0.00 0.00 0.00 0.00 0.00 0.00 0.00 0.00 0.00 0.00 0.00 0.00 0.00
0.00 0.00 0.00 0.00 0.00 0.00 0.00 0.00 0.00 0.00 0.00 0.00 0.00 0.00 0.00 0.00 0.00 0.00 0.00 0.00 0.00 0.00 0.00 0.00 0.00 0.00 0.00 0.44 4.02 4.82 2.77 0.00 0.00 0.00 0.00 0.00 0.00 0.00 1.02 2.77 7.52 9.27 8.61 8.91 9.27 8.98 8.18 7.66 7.23 6.42 5.69 5.69 5.91 6.06 6.72 9.27 11.68 13.07 11.17 8.32 5.62 2.56 2.56 2.70 2.85 2.34 1.68 0.00 0.00 0.00 0.00 0.00 0.00 0.00 0.00 0.00 0.00 0.00 0.00 0.00 0.00 0.00 0.00 0.00
0.00 0.00 0.00 0.00 0.00 0.00 0.00 0.00 0.00 0.00 0.00 0.00 0.00 0.00 0.00 0.00 0.00 0.00 0.00 0.00 0.00 0.00 0.00 0.00 0.00 0.00 0.00 0.00 0.73 0.00 0.00 0.00 0.00 0.00 0.00 0.00 0.00 0.00 0.00 0.00 4.53 7.88 8.76 8.61 8.91 8.69 8.54 8.18 7.66 7.88 7.45 7.45 7.08 6.42 7.66 9.64 11.39 11.75 11.68 9.34 6.06 3.94 3.80 2.19 1.39 2.70 2.56 1.46 0.00 0.00 0.00 0.00 0.00 0.00 0.00 0.00 0.00 0.00 0.00 0.00 0.00 0.00 0.00 0.00
0.00 0.00 0.00 0.00 0.00 0.00 0.00 0.00 0.00 0.00 0.00 0.00 0.00 0.00 0.00 0.00 0.00 0.00 0.00 0.00 0.00 0.00 0.00 0.00 0.00 0.00 0.00 0.00 0.00 0.00 0.00 0.00 0.00 0.00 0.00 0.00 0.00 0.00 0.00 0.00 4.45 7.74 10.07 9.34 10.00 9.78 9.71 9.05 9.71 9.64 10.22 10.22 10.59 8.25 8.91 10.73 11.68 11.32 10.73 9.42 7.45 4.45 3.65 2.48 2.12 2.77 3.74 2.41 0.00 0.00 0.00 0.00 0.00 0.00 0.00 0.00 0.00 0.00 0.00 0.00 0.00 0.00 0.00 0.00
0.00 0.00 0.00 0.00 0.00 0.00 0.00 0.00 0.00 0.00 0.00 0.00 0.00 0.00 0.00 0.00 0.00 0.00 0.00 0.00 0.00 0.00 0.00 0.00 0.00 0.00 0.00 0.00 0.00 0.00 0.00 0.00 0.00 0.00 0.00 0.00 0.00 0.00 0.00 0.00 5.18 7.52 11.68 12.26 11.61 10.44 10.73 11.32 12.05 12.26 12.63 12.63 11.75 11.17 11.61 13.87 13.29 11.10 9.71 9.27 8.61 6.06 4.60 3.43 1.39 2.34 2.63 2.63 3.01 0.00 0.00 0.00 0.00 0.00 0.00 0.00 0.00 0.00 0.00 0.00 0.00 0.00 0.00 0.00
0.00 0.00 0.00 0.00 0.00 0.00 0.00 0.00 0.00 0.00 0.00 0.00 0.00 0.00 0.00 0.00 0.00 0.00 0.00 0.00 0.00 0.00 0.00 0.00 0.00 0.00 0.00 0.00 0.00 0.00 0.00 0.00 0.00 0.00 0.00 0.00 0.00 0.00 0.00 2.12 6.13 10.00 13.21 13.58 13.72 11.32 11.39 12.41 13.21 12.99 13.43 13.43 13.58 12.56 13.29 14.97 13.21 10.37 7.59 8.03 8.40 6.86 5.18 3.36 0.95 1.17 1.83 1.68 1.24 1.39 1.24 1.24 0.15 0.00 0.00 0.00 0.00 0.00 0.00 0.00 0.00 0.00 0.00 0.00
0.00 0.00 0.00 0.00 0.00 0.00 0.00 0.00 0.00 0.00 0.00 0.00 0.00 0.00 0.00 0.00 0.00 0.00 0.00 0.00 0.00 0.00 0.00 0.00 0.00 0.00 0.00 0.00 0.00 0.00 0.00 0.00 0.00 0.00 0.00 0.00 0.00 0.00 0.00 2.56 6.79 11.32 15.33 15.91 14.45 11.90 10.88 10.44 10.00 10.88 11.53 11.53 12.34 11.97 12.85 12.92 11.24 9.05 7.59 7.30 6.86 6.50 5.99 4.45 1.97 1.39 0.00 0.00 0.07 0.00 0.37 0.22 0.00 0.58 0.00 0.22 0.22 0.37 0.58 0.00 0.00 0.00 0.00 0.00
0.00 0.00 0.00 0.00 0.00 0.00 0.00 0.00 0.00 0.00 0.00 0.00 0.00 0.00 0.00 0.00 0.00 0.00 0.00 0.00 0.00 0.00 0.00 0.00 0.00 0.00 0.00 0.00 0.00 0.00 0.00 0.00 0.00 0.00 0.00 0.00 0.00 0.00 0.00 4.31 9.27 13.87 16.06 17.08 15.62 12.34 10.07 8.98 8.10 10.07 10.22 10.22 10.22 9.93 11.24 11.75 9.78 7.30 5.84 4.45 4.02 4.09 5.11 4.53 2.19 1.68 1.97 0.51 0.00 1.10 0.66 0.29 0.58 0.00 0.00 0.00 0.00 0.00 0.73 0.37 0.29 0.58 0.00 0.00
