Wansh/Snow_depth/snowdepth-1991/spring/1991079.txt
ncols 321
nrows 161
xllcenter 60
yllcenter 15 
cellsize  0.25 
NODATA_value -1
[rows 0 to 36 of 161, columns 84 to 167 of 321]
19.93 19.93 19.78 19.20 16.72 13.51 11.68 9.56 9.78 11.32 12.34 13.43 13.21 13.07 13.72 13.80 14.97 15.77 15.77 16.21 16.64 15.18 13.72 10.73 5.26 3.21 1.24 1.31 1.68 2.48 4.74 6.86 8.83 8.25 7.08 6.28 6.13 5.55 4.38 5.99 8.03 9.34 8.98 8.98 8.03 6.64 4.31 3.58 3.36 0.00 8.10 8.76 7.96 6.50 6.72 7.01 6.57 5.91 0.00 0.00 0.00 0.00 0.00 0.00 0.00 2.26 2.56 4.96 4.96 5.55 5.40 9.49 11.53 12.12 11.90 11.90 12.05 11.61 12.78 14.02 15.84 12.92 12.19 11.97
17.37 17.08 16.79 15.91 14.31 11.75 10.00 9.56 10.22 11.39 11.90 12.63 12.26 11.02 9.71 8.98 11.10 11.24 11.24 13.29 14.31 15.70 15.40 12.92 10.22 5.11 3.80 2.26 1.61 2.04 2.99 4.53 5.77 6.42 4.96 2.48 1.90 1.46 2.56 4.60 9.20 13.80 15.55 15.55 14.24 11.53 6.94 3.72 0.00 0.00 0.00 3.50 3.50 4.16 4.16 4.53 5.18 5.99 5.62 4.89 0.00 4.38 4.09 4.23 3.94 4.89 5.11 5.26 5.26 5.48 11.02 10.95 11.68 12.48 13.29 14.24 15.99 16.57 17.37 17.67 17.23 15.55 13.51 12.70
14.60 14.24 13.51 12.70 11.83 11.39 12.26 12.34 12.63 13.21 13.72 13.94 13.80 12.48 10.80 8.47 6.72 6.86 6.86 8.83 10.29 13.07 14.24 15.26 13.43 8.91 5.62 2.26 2.19 2.70 2.77 3.14 5.18 6.50 7.01 6.42 4.38 4.02 4.31 5.04 7.08 11.10 16.13 16.13 18.47 18.54 15.33 12.19 6.13 3.65 2.77 0.00 0.00 0.00 2.92 4.89 5.84 6.57 8.32 8.32 8.47 7.45 7.15 7.66 7.88 8.54 9.27 10.15 10.15 8.32 13.87 13.65 13.07 13.21 14.97 18.54 20.66 20.95 19.49 18.98 18.47 18.83 15.48 18.69
14.60 14.24 13.51 12.70 11.83 11.39 12.26 12.34 12.63 13.21 13.72 13.94 13.80 12.48 10.80 8.47 6.72 6.86 6.86 8.83 10.29 13.07 14.24 15.26 13.43 8.91 5.62 2.26 2.19 2.70 2.77 3.14 5.18 6.50 7.01 6.42 4.38 4.02 4.31 5.04 7.08 11.10 16.13 16.13 18.47 18.54 15.33 12.19 6.13 3.65 2.77 0.00 0.00 0.00 2.92 4.89 5.84 6.57 8.32 8.32 8.47 7.45 7.15 7.66 7.88 8.54 9.27 10.15 10.15 8.32 13.87 13.65 13.07 13.21 14.97 18.54 20.66 20.95 19.49 18.98 18.47 18.83 15.48 18.69
14.16 13.43 13.07 12.48 12.26 12.05 11.90 11.53 11.24 12.34 13.65 13.87 13.65 12.78 13.29 12.70 9.71 9.20 9.20 6.64 6.64 7.66 9.93 13.21 13.58 11.68 6.28 3.80 1.83 2.34 2.41 2.48 3.65 6.57 8.69 10.22 9.42 6.72 4.96 3.50 0.95 2.41 4.82 4.82 8.83 14.09 16.43 16.79 12.12 6.28 4.09 2.77 1.90 1.39 2.48 2.48 3.29 5.04 6.86 8.25 8.76 9.78 8.47 8.76 9.20 10.00 10.29 10.37 10.37 10.44 10.44 13.07 13.07 13.14 14.97 17.16 18.18 18.54 18.54 18.03 17.74 18.47 19.49 18.03
15.18 15.70 15.04 15.40 14.89 13.80 12.99 11.02 11.10 11.83 12.05 12.48 12.85 12.99 12.56 13.87 15.91 15.70 15.70 13.29 10.51 7.81 7.45 8.61 10.44 10.44 7.59 4.60 3.29 2.12 2.04 2.41 3.36 5.84 8.25 8.98 6.79 3.07 0.58 0.00 0.00 0.00 0.00 0.00 1.24 6.06 9.78 13.80 14.09 10.95 6.28 3.65 1.97 2.34 2.85 3.58 3.50 4.60 5.40 7.01 8.69 10.44 11.97 12.48 12.34 11.02 10.22 9.27 9.27 8.40 9.86 12.70 12.85 13.07 13.14 12.26 11.90 11.90 12.92 12.70 14.75 16.35 18.83 20.66
17.96 17.52 16.43 15.40 14.16 14.82 14.89 14.24 13.80 13.21 12.26 11.46 10.80 10.88 12.63 14.31 16.21 17.59 17.59 18.83 16.28 14.24 9.49 7.59 6.86 5.69 4.89 3.58 3.29 2.92 2.70 3.36 4.23 5.11 7.30 9.05 8.54 5.26 1.97 0.37 0.00 0.73 2.12 2.12 3.50 6.50 9.49 10.22 9.93 7.96 5.69 3.36 2.92 2.77 3.21 4.31 5.55 7.15 8.61 9.42 10.29 11.75 13.51 15.04 16.06 14.97 13.87 12.41 12.41 11.46 9.42 13.65 14.02 14.60 14.24 13.87 12.99 11.46 11.02 10.59 11.10 13.72 16.43 18.76
17.96 17.52 16.43 15.40 14.16 14.82 14.89 14.24 13.80 13.21 12.26 11.46 10.80 10.88 12.63 14.31 16.21 17.59 17.59 18.83 16.28 14.24 9.49 7.59 6.86 5.69 4.89 3.58 3.29 2.92 2.70 3.36 4.23 5.11 7.30 9.05 8.54 5.26 1.97 0.37 0.00 0.73 2.12 2.12 3.50 6.50 9.49 10.22 9.93 7.96 5.69 3.36 2.92 2.77 3.21 4.31 5.55 7.15 8.61 9.42 10.29 11.75 13.51 15.04 16.06 14.97 13.87 12.41 12.41 11.46 9.42 13.65 14.02 14.60 14.24 13.87 12.99 11.46 11.02 10.59 11.10 13.72 16.43 18.76
18.69 18.18 16.79 14.82 15.11 15.62 15.55 14.75 14.38 13.87 12.41 10.44 7.96 7.96 10.22 12.78 15.33 16.57 16.57 17.23 18.32 17.16 13.43 8.18 4.31 2.19 1.46 1.68 2.99 3.21 3.29 3.72 4.38 6.86 10.37 11.39 10.22 8.54 6.42 4.38 2.85 3.14 3.87 3.87 4.67 5.40 6.86 7.01 6.79 5.69 5.62 5.91 5.18 3.21 3.21 3.80 3.72 4.02 5.69 7.23 9.13 10.29 11.32 12.41 13.51 13.36 13.51 13.72 13.72 13.14 12.56 15.62 15.77 15.99 15.62 15.11 14.60 13.94 13.87 12.99 11.53 10.88 12.19 14.31
17.45 17.08 16.28 16.06 15.84 15.99 15.91 15.91 16.13 15.48 12.99 11.17 8.32 7.59 9.05 11.32 14.38 15.70 15.70 16.06 16.35 14.82 11.90 6.13 3.36 1.53 1.83 1.97 2.56 2.85 2.85 3.29 4.96 6.13 8.83 11.02 10.95 9.56 7.74 6.79 5.69 4.89 4.60 4.60 4.60 4.60 5.33 5.33 5.48 5.62 7.30 8.54 8.98 8.32 7.52 7.37 6.42 5.26 5.18 6.64 8.25 8.32 8.83 9.27 10.51 10.51 11.32 11.61 11.61 10.88 11.68 14.45 15.55 15.55 15.11 14.24 14.97 17.16 19.05 17.45 14.38 11.10 10.73 10.00
17.81 16.72 15.55 15.48 15.48 15.99 15.77 16.43 16.57 17.08 16.06 14.31 12.34 11.97 12.85 13.65 15.99 17.30 17.30 17.74 17.16 14.02 10.29 5.11 2.99 2.77 2.77 2.77 2.56 2.48 2.63 3.14 3.72 5.04 6.35 7.96 9.13 8.69 8.25 7.66 7.15 7.37 6.86 6.86 6.57 5.84 5.84 6.50 8.83 9.93 11.61 11.90 11.75 10.22 9.05 9.27 9.27 8.98 8.03 7.74 9.71 9.56 9.13 10.00 10.59 12.85 13.72 16.13 16.13 16.28 15.77 13.72 16.35 15.70 14.89 14.16 16.50 18.54 20.00 18.69 15.11 12.85 12.56 11.83
17.81 16.72 15.55 15.48 15.48 15.99 15.77 16.43 16.57 17.08 16.06 14.31 12.34 11.97 12.85 13.65 15.99 17.30 17.30 17.74 17.16 14.02 10.29 5.11 2.99 2.77 2.77 2.77 2.56 2.48 2.63 3.14 3.72 5.04 6.35 7.96 9.13 8.69 8.25 7.66 7.15 7.37 6.86 6.86 6.57 5.84 5.84 6.50 8.83 9.93 11.61 11.90 11.75 10.22 9.05 9.27 9.27 8.98 8.03 7.74 9.71 9.56 9.13 10.00 10.59 12.85 13.72 16.13 16.13 16.28 15.77 13.72 16.35 15.70 14.89 14.16 16.50 18.54 20.00 18.69 15.11 12.85 12.56 11.83
12.41 13.72 14.60 15.40 15.91 16.43 16.13 16.35 16.13 16.79 16.35 16.28 16.64 17.67 17.89 17.30 18.18 19.56 19.56 19.20 17.45 12.99 8.25 5.62 4.60 4.09 3.43 2.85 3.14 4.67 5.11 5.84 6.57 7.66 9.20 10.22 11.10 11.17 11.02 10.88 10.73 10.37 9.56 9.56 9.20 8.47 8.76 9.20 10.15 12.26 15.48 17.37 17.96 16.50 14.31 11.24 11.53 12.63 12.63 11.24 10.44 10.15 10.07 8.91 9.93 10.73 12.56 13.65 13.65 15.77 16.72 13.72 17.45 16.79 15.84 16.94 17.67 18.69 20.00 19.20 17.01 15.84 15.11 14.09
12.19 14.97 16.28 16.06 15.77 14.75 14.24 13.94 13.51 13.07 13.36 13.14 14.67 17.74 18.83 18.76 17.96 18.47 18.47 17.23 15.91 12.26 8.18 6.35 5.91 6.13 5.55 5.77 7.30 8.61 10.73 11.90 13.65 13.14 13.51 13.87 14.97 15.18 14.53 13.58 13.58 13.87 13.58 13.58 13.29 14.09 14.45 15.18 15.11 14.67 15.99 16.43 17.96 21.61 22.12 18.54 15.55 12.41 10.80 10.88 10.95 11.75 11.90 12.34 12.99 12.99 13.21 13.72 13.72 15.84 16.57 17.74 14.75 18.25 17.96 18.10 17.81 17.37 13.58 13.43 14.75 15.77 14.38 13.51
16.50 16.35 16.06 15.04 14.16 12.92 11.10 11.17 11.32 12.41 13.14 12.34 12.48 14.24 15.33 15.26 15.11 14.97 14.97 14.38 12.12 10.88 10.15 9.49 9.42 8.61 8.03 8.47 11.53 13.51 14.24 16.72 17.37 15.84 15.33 14.38 13.36 13.87 14.97 15.84 16.64 17.96 17.74 17.74 16.50 15.70 16.35 16.86 17.37 18.54 19.27 20.08 22.41 25.62 27.45 24.75 21.39 16.28 11.10 7.23 5.91 5.77 7.52 9.78 10.88 12.48 12.56 12.34 12.34 12.70 13.80 13.51 16.79 15.48 15.33 15.33 14.24 10.37 2.04 3.65 11.97 15.99 14.31 14.24
18.54 18.32 16.06 13.72 12.92 10.59 7.59 5.77 5.99 6.79 7.88 9.93 10.95 11.24 10.95 10.00 9.86 11.39 11.39 11.24 10.29 9.86 9.71 10.29 10.80 10.29 11.17 10.88 12.41 14.75 15.84 17.89 17.01 14.31 12.78 11.53 10.80 12.26 13.94 16.21 17.30 17.23 17.81 17.81 15.48 12.78 11.39 11.39 11.39 13.51 16.06 15.77 15.99 18.61 22.19 24.09 22.48 15.70 10.15 6.50 5.33 5.55 4.82 5.55 7.30 9.64 11.97 13.21 13.21 12.63 12.70 12.56 12.85 13.72 14.02 15.26 13.65 6.86 0.00 0.00 10.22 17.01 15.11 16.28
18.54 18.32 16.06 13.72 12.92 10.59 7.59 5.77 5.99 6.79 7.88 9.93 10.95 11.24 10.95 10.00 9.86 11.39 11.39 11.24 10.29 9.86 9.71 10.29 10.80 10.29 11.17 10.88 12.41 14.75 15.84 17.89 17.01 14.31 12.78 11.53 10.80 12.26 13.94 16.21 17.30 17.23 17.81 17.81 15.48 12.78 11.39 11.39 11.39 13.51 16.06 15.77 15.99 18.61 22.19 24.09 22.48 15.70 10.15 6.50 5.33 5.55 4.82 5.55 7.30 9.64 11.97 13.21 13.21 12.63 12.70 12.56 12.85 13.72 14.02 15.26 13.65 6.86 0.00 0.00 10.22 17.01 15.11 16.28
16.28 15.55 14.67 14.24 13.51 11.90 6.72 4.38 3.29 4.23 5.18 7.08 9.56 11.90 12.26 10.59 10.73 11.32 11.32 10.59 9.71 9.13 8.32 8.47 9.93 11.90 11.90 11.53 12.78 13.94 15.26 16.43 16.43 15.55 12.48 7.74 7.08 10.15 12.34 14.09 14.89 15.40 15.26 15.26 15.48 16.13 15.40 15.77 15.62 15.26 16.43 17.52 17.45 17.30 17.81 17.74 15.84 13.14 10.44 9.34 9.20 8.83 9.86 8.83 8.98 10.73 11.39 13.80 13.80 15.62 14.82 13.43 12.70 11.53 15.62 14.09 10.15 2.99 0.73 5.62 12.34 13.07 12.41 14.45
14.60 15.11 15.40 15.18 14.24 12.99 9.56 5.11 3.43 4.82 6.79 8.32 10.00 13.07 13.80 13.58 13.58 14.31 14.31 14.24 12.78 10.80 8.18 7.45 8.69 11.68 13.29 13.72 13.29 13.43 14.60 16.50 17.23 16.86 15.77 12.34 7.45 5.91 6.06 7.08 8.47 13.51 18.61 18.61 21.75 23.51 24.16 24.45 22.05 21.97 21.24 21.53 21.83 23.73 24.67 23.58 21.97 18.03 14.82 14.24 16.94 17.01 15.48 14.38 13.87 14.38 15.84 17.01 17.01 17.01 17.37 16.64 14.16 10.80 13.29 10.66 6.50 4.23 4.53 7.52 8.98 8.83 10.95 12.19
15.62 15.33 15.62 15.99 16.06 15.40 13.36 10.80 7.88 7.30 8.54 9.27 9.49 10.44 11.61 11.39 11.75 14.31 14.31 15.26 15.18 13.07 10.37 7.88 8.03 11.17 11.90 11.68 11.32 10.29 9.64 11.90 12.26 13.07 12.92 9.42 6.28 4.82 3.29 2.92 3.29 8.47 14.97 14.97 22.85 26.43 27.01 26.21 24.75 24.45 26.21 27.30 25.55 25.55 26.13 27.01 26.35 24.97 22.85 20.37 19.86 21.68 21.32 19.20 17.52 17.81 19.64 19.78 19.78 16.79 13.14 11.68 9.20 9.86 8.32 6.72 5.26 4.53 5.40 6.20 6.13 6.86 9.34 11.83
15.99 15.48 15.62 14.82 15.18 15.11 14.60 14.53 13.14 13.43 14.60 14.24 13.21 12.48 9.86 8.76 9.64 11.17 11.17 12.05 12.78 12.41 12.05 11.10 11.39 13.14 14.31 13.21 10.51 8.32 5.11 3.94 6.06 7.52 7.15 5.33 2.34 0.00 0.00 0.00 2.63 3.58 7.96 7.96 14.82 19.05 18.47 19.56 21.02 22.27 24.16 28.62 30.95 30.51 29.64 28.25 27.38 24.89 23.00 21.46 21.17 22.19 22.41 21.97 21.32 20.88 19.49 17.81 17.81 13.80 7.88 3.58 2.99 5.18 4.38 2.63 1.97 2.12 3.14 3.72 3.58 4.45 7.30 8.98
13.80 14.53 14.75 14.82 14.31 13.87 13.72 14.75 16.50 17.08 20.37 21.17 21.10 18.61 17.23 15.04 13.36 12.70 12.70 12.85 13.43 13.94 13.94 14.24 14.89 17.67 19.42 17.89 14.89 10.80 6.86 5.04 3.29 3.80 4.45 2.70 0.00 0.00 0.00 0.00 3.72 2.85 1.61 1.61 3.43 6.06 6.06 6.28 9.05 11.24 11.97 16.28 18.76 24.38 25.92 25.33 24.82 21.61 19.64 19.64 20.29 22.70 24.89 24.82 23.36 22.92 22.63 20.51 20.51 15.26 8.25 4.09 2.04 0.00 1.39 0.66 0.00 0.37 1.17 1.17 1.97 2.48 3.21 4.09
13.80 14.53 14.75 14.82 14.31 13.87 13.72 14.75 16.50 17.08 20.37 21.17 21.10 18.61 17.23 15.04 13.36 12.70 12.70 12.85 13.43 13.94 13.94 14.24 14.89 17.67 19.42 17.89 14.89 10.80 6.86 5.04 3.29 3.80 4.45 2.70 0.00 0.00 0.00 0.00 3.72 2.85 1.61 1.61 3.43 6.06 6.06 6.28 9.05 11.24 11.97 16.28 18.76 24.38 25.92 25.33 24.82 21.61 19.64 19.64 20.29 22.70 24.89 24.82 23.36 22.92 22.63 20.51 20.51 15.26 8.25 4.09 2.04 0.00 1.39 0.66 0.00 0.37 1.17 1.17 1.97 2.48 3.21 4.09
12.70 12.63 12.48 12.48 12.63 13.29 13.51 15.04 18.69 21.02 23.65 24.60 24.45 22.48 21.46 19.56 17.67 16.64 16.64 15.84 15.84 16.13 16.21 16.06 17.08 17.59 17.81 16.72 15.33 12.48 8.61 4.82 2.99 1.90 0.00 0.00 0.00 0.00 0.00 0.00 1.97 2.48 1.53 1.53 0.00 0.00 0.00 0.00 2.92 6.13 6.86 5.99 5.18 8.61 12.85 15.77 16.64 15.91 16.13 17.52 20.08 21.90 24.16 25.99 26.21 23.36 23.14 23.58 23.58 23.29 19.56 14.02 9.05 5.40 0.37 3.21 1.61 0.80 0.44 0.44 0.58 0.29 0.66 1.31
13.29 12.85 12.92 13.87 15.48 15.77 18.61 20.95 23.73 25.62 24.75 23.94 22.27 19.49 17.67 17.52 18.10 17.89 17.89 18.32 18.40 18.76 19.13 18.70 16.73 17.75 15.85 14.97 14.97 13.29 9.13 7.37 4.60 1.46 0.00 0.00 0.00 0.00 0.00 0.00 0.00 0.00 0.00 0.00 0.00 0.00 0.00 0.00 0.00 1.68 2.85 2.26 0.00 1.97 5.91 12.41 15.62 17.45 19.35 20.59 20.51 21.17 23.07 26.72 27.74 27.23 25.40 24.02 24.02 24.16 23.36 20.59 14.75 9.42 2.26 4.74 3.29 2.48 2.26 1.10 1.24 0.80 0.66 0.29
14.97 16.43 17.81 18.76 20.66 21.46 23.80 25.26 26.50 27.01 27.01 25.84 22.85 17.16 15.55 16.28 18.61 20.22 20.22 21.24 21.10 21.02 21.75 23.33 22.89 18.32 17.64 16.71 16.86 16.28 14.02 11.17 7.59 3.94 1.24 1.02 0.88 0.88 1.31 1.02 0.66 0.00 0.00 0.00 0.00 0.00 0.00 0.00 0.00 0.00 0.00 0.00 0.00 0.00 0.00 0.00 4.16 9.13 16.35 20.44 20.81 18.54 18.83 20.73 23.43 26.43 27.38 25.70 25.70 24.02 23.65 21.97 18.18 14.60 9.86 4.45 7.74 6.20 4.38 4.02 2.77 1.31 0.00 0.00
18.10 18.47 19.27 21.32 22.85 24.16 25.33 26.50 26.43 26.35 26.50 25.92 21.53 14.24 11.46 13.94 17.59 23.07 23.07 23.29 21.17 19.71 22.05 24.16 23.38 21.86 20.78 19.39 18.66 18.55 17.08 15.33 13.94 11.68 7.08 4.45 3.80 2.04 1.39 0.80 0.37 0.00 0.00 0.00 0.00 0.00 0.00 0.00 0.00 0.00 0.00 0.00 0.00 0.00 0.00 0.00 0.00 0.00 4.09 11.02 17.23 17.16 16.06 14.75 14.09 18.98 21.17 23.58 23.58 21.39 19.13 17.30 15.70 14.97 12.34 7.45 10.80 7.96 4.31 4.02 2.77 0.44 0.00 0.00
18.91 18.83 18.25 19.05 20.51 24.45 27.38 28.54 27.67 25.33 24.38 24.09 21.39 14.24 11.10 13.94 17.74 24.38 24.38 23.31 16.59 12.82 15.05 18.18 20.75 20.15 22.65 24.28 23.44 21.31 19.96 18.32 18.18 17.01 13.14 10.15 7.96 5.55 3.14 1.83 0.22 0.00 0.00 0.00 0.00 0.00 0.00 0.00 0.00 0.00 0.00 0.00 0.00 0.00 0.00 0.00 0.00 0.00 0.00 4.96 14.24 17.59 18.25 18.76 15.18 13.58 15.99 18.83 18.83 18.40 16.28 14.38 11.97 10.59 9.49 7.15 8.61 4.96 2.48 2.77 1.61 0.66 0.00 0.00
18.91 18.83 18.25 19.05 20.51 24.45 27.38 28.54 27.67 25.33 24.38 24.09 21.39 14.24 11.10 13.94 17.74 24.38 24.50 24.07 16.85 13.73 14.67 18.64 20.44 20.15 21.97 22.56 21.90 21.64 20.16 19.09 20.42 18.00 13.48 10.15 7.96 5.55 3.14 1.83 0.22 0.00 0.00 0.00 0.00 0.00 0.00 0.00 0.00 0.00 0.00 0.00 0.00 0.00 0.00 0.00 0.00 0.00 0.00 4.96 14.24 17.59 18.25 18.76 15.18 13.58 15.99 18.83 18.83 18.40 16.28 14.38 11.97 10.59 9.49 7.15 8.61 4.96 2.48 2.77 1.61 0.66 0.00 0.00
19.49 17.74 16.72 15.55 15.40 19.27 22.41 27.16 28.25 27.74 27.74 26.72 25.55 23.29 20.51 20.66 22.85 27.01 27.01 21.97 14.38 8.47 6.31 7.41 9.66 10.47 12.46 17.53 22.48 25.16 23.52 22.01 22.32 21.26 18.51 16.72 14.23 9.56 4.82 2.85 1.39 0.15 0.29 0.29 0.00 0.00 0.00 0.00 0.00 0.00 0.00 0.00 0.00 0.00 0.00 0.00 0.00 0.00 0.00 0.00 4.45 11.02 17.37 20.95 22.05 19.78 18.03 17.89 17.89 15.33 12.99 10.66 8.47 6.86 6.20 4.31 5.18 2.92 1.24 1.31 1.02 0.00 0.00 0.00
19.05 19.49 17.01 12.26 11.46 11.75 14.09 17.23 22.34 24.45 25.33 25.04 24.31 22.48 20.81 21.46 24.45 26.43 26.43 22.67 15.91 11.67 6.50 4.74 5.94 6.60 5.55 7.56 13.18 20.57 24.09 24.16 21.10 21.21 21.78 20.28 17.42 15.26 10.80 8.76 5.62 2.26 0.66 0.66 0.00 0.00 0.00 0.00 0.00 0.00 0.00 0.00 0.00 0.00 0.00 0.00 0.00 0.00 0.00 0.00 0.00 4.38 11.46 17.52 22.27 22.70 20.08 17.89 17.89 15.48 11.02 7.66 6.86 5.11 3.36 2.56 1.75 1.17 0.00 0.15 0.51 0.00 0.00 0.00
0.00 21.53 17.45 15.26 13.72 11.75 10.95 13.94 17.08 19.27 19.49 16.72 14.60 14.16 14.02 16.57 18.25 17.74 17.74 15.77 13.36 11.32 8.76 7.15 6.94 8.25 6.79 4.35 5.18 9.30 15.40 18.98 20.51 20.73 21.98 21.52 23.83 20.88 18.69 17.45 14.67 10.95 5.04 5.04 0.73 0.00 0.00 0.00 0.00 0.00 0.00 0.00 0.00 0.00 0.00 0.00 0.00 0.00 0.00 0.00 0.00 2.85 11.02 18.18 20.95 20.73 18.76 16.35 16.35 12.63 8.61 4.38 3.72 4.16 4.82 4.31 1.61 1.46 0.80 0.88 0.66 1.17 0.00 0.00
26.50 23.80 26.43 23.07 21.90 21.02 20.22 23.94 24.45 24.16 23.36 22.34 18.54 16.28 14.24 13.65 11.90 8.03 8.03 7.88 8.40 10.15 10.29 9.56 8.40 8.61 7.01 3.45 3.07 3.80 5.26 8.83 13.29 16.35 18.25 22.27 26.24 27.46 24.36 22.05 17.96 14.97 10.22 10.22 3.14 0.15 0.00 0.00 0.00 0.00 0.00 0.00 0.00 0.00 0.00 0.00 0.00 0.00 2.34 0.00 0.00 2.19 8.47 15.04 17.89 16.72 15.04 10.66 10.66 8.40 4.23 0.00 1.46 2.26 3.43 4.60 2.63 3.94 4.53 2.92 1.83 1.02 1.24 1.02
29.93 26.94 30.08 27.81 28.69 27.38 27.67 25.84 24.26 23.14 25.04 27.01 24.24 18.40 13.14 9.78 5.18 2.19 2.19 1.83 3.72 5.33 8.47 9.42 10.73 9.34 6.42 4.28 3.94 3.87 2.04 1.02 3.07 6.94 13.21 16.28 21.17 25.48 26.68 25.76 20.47 17.37 16.57 16.57 11.46 6.50 4.53 1.83 0.00 0.00 0.00 0.00 0.00 0.00 0.00 0.00 0.00 0.00 3.50 4.82 2.99 1.97 3.43 5.18 6.42 7.15 5.62 4.60 4.60 0.00 0.00 0.00 0.00 0.44 1.90 2.70 5.69 4.23 5.84 3.36 1.10 1.39 0.95 0.58
25.40 23.14 23.80 24.38 26.72 28.84 28.25 23.21 18.27 16.13 16.21 17.37 16.86 13.58 7.59 3.14 0.00 0.00 0.00 0.00 0.00 0.00 0.22 5.69 10.80 11.83 8.83 8.40 9.12 7.56 3.93 0.00 0.00 1.97 3.43 5.55 8.69 12.68 17.16 17.96 16.59 14.09 13.65 13.65 15.11 14.31 12.26 11.17 8.54 4.38 0.00 0.22 0.00 0.00 0.00 0.00 0.00 0.00 0.00 2.70 3.65 2.12 0.00 0.00 0.00 0.00 0.00 0.00 0.00 0.00 0.00 0.00 0.00 0.07 0.15 0.07 0.00 4.53 2.99 0.00 2.34 1.97 0.80 0.37
25.40 23.14 23.80 24.38 26.72 28.84 28.25 23.21 17.81 16.13 16.21 17.37 16.86 13.58 7.59 3.14 0.00 0.00 0.00 0.00 0.00 0.00 0.22 5.69 10.80 11.83 8.83 8.40 8.98 7.30 3.80 0.00 0.00 1.97 3.45 5.58 8.69 12.62 17.33 17.96 16.43 14.09 13.65 13.65 15.11 14.31 12.26 11.17 8.54 4.38 0.00 0.22 0.00 0.00 0.00 0.00 0.00 0.00 0.00 2.70 3.65 2.12 0.00 0.00 0.00 0.00 0.00 0.00 0.00 0.00 0.00 0.00 0.00 0.07 0.15 0.07 0.00 4.53 2.99 0.00 2.34 1.97 0.80 0.37
22.56 19.05 18.98 17.96 19.35 21.90 27.52 24.09 19.94 15.77 13.72 14.53 11.02 6.72 2.12 0.00 0.00 0.00 0.00 0.00 0.00 0.00 0.00 0.00 0.00 6.72 5.99 7.81 10.51 10.88 7.52 0.00 3.80 0.73 0.00 0.44 0.66 2.70 6.31 6.57 7.30 4.31 4.02 4.02 6.57 8.61 9.78 12.63 17.16 15.33 8.61 3.65 0.00 0.00 0.00 0.00 0.00 0.00 0.00 0.00 0.00 1.97 0.00 0.00 0.00 0.00 0.00 0.00 0.00 0.00 0.00 0.00 0.00 0.00 0.00 0.00 0.00 0.00 0.00 0.00 0.00 0.00 0.66 0.00
