Wansh/Snow_depth/snowdepth-1991/spring/1991105.txt
ncols 321
nrows 161
xllcenter 60
yllcenter 15 
cellsize  0.25 
NODATA_value -1
[rows 0 to 36 of 161, columns 84 to 167 of 321]
4.74 4.74 2.92 0.22 0.00 0.00 0.00 1.10 4.38 0.00 8.61 8.83 19.13 18.25 17.16 15.91 15.91 14.53 14.53 16.64 19.13 20.95 21.61 21.17 16.35 12.26 8.47 5.84 3.87 2.77 2.70 4.53 6.42 0.00 0.00 0.00 0.00 0.00 0.00 0.00 0.00 0.00 0.00 0.00 0.00 0.00 0.00 0.00 0.00 0.00 0.00 0.00 0.00 0.00 0.00 0.00 0.00 0.00 0.22 0.00 0.00 0.00 0.00 0.00 0.00 0.51 0.29 0.58 0.58 1.17 1.97 2.34 2.92 3.43 3.29 2.48 3.50 4.96 6.20 7.15 7.30 8.69 7.66 7.23
1.75 2.70 3.07 0.51 0.00 0.00 0.00 0.00 1.39 5.40 0.00 15.91 16.94 15.62 12.78 9.86 7.66 7.52 7.52 8.47 8.91 10.80 16.06 19.05 19.64 16.57 11.39 7.23 5.48 4.16 2.85 2.92 4.60 5.04 3.07 0.00 0.00 0.00 0.00 0.00 0.00 0.00 0.00 0.00 0.00 0.00 0.00 0.00 0.00 0.00 0.00 0.00 0.00 0.00 0.00 0.00 0.00 0.00 1.39 1.31 0.80 0.15 0.00 0.00 0.00 0.00 0.00 0.00 0.00 0.51 1.02 0.88 1.46 2.04 2.04 2.26 2.34 2.70 2.56 2.26 2.92 4.53 4.82 5.26
0.00 0.00 0.00 0.00 0.00 0.00 0.00 0.00 1.17 4.09 0.00 19.56 19.56 18.25 14.82 11.83 10.00 8.47 8.47 7.08 6.35 6.28 9.93 16.21 19.27 17.96 13.94 10.00 7.59 6.13 4.89 3.72 3.58 3.21 4.16 4.45 3.43 0.00 0.00 0.00 0.00 0.00 0.00 0.00 0.00 0.00 0.00 0.00 0.00 0.00 0.00 0.00 0.00 0.00 0.00 0.00 0.00 4.09 4.09 4.45 4.67 4.16 5.18 4.74 3.72 3.43 3.65 3.14 3.14 2.92 3.50 2.70 2.92 3.07 3.14 3.80 4.16 4.45 0.00 0.00 2.19 2.34 2.04 2.04
0.00 0.00 0.00 0.00 0.00 0.00 0.00 0.00 1.17 4.09 0.00 19.56 19.56 18.25 14.82 11.83 10.00 8.47 8.47 7.08 6.35 6.28 9.93 16.21 19.27 17.96 13.94 10.00 7.59 6.13 4.89 3.72 3.58 3.21 4.16 4.45 3.43 0.00 0.00 0.00 0.00 0.00 0.00 0.00 0.00 0.00 0.00 0.00 0.00 0.00 0.00 0.00 0.00 0.00 0.00 0.00 0.00 4.09 4.09 4.45 4.67 4.16 5.18 4.74 3.72 3.43 3.65 3.14 3.14 2.92 3.50 2.70 2.92 3.07 3.14 3.80 4.16 4.45 0.00 0.00 2.19 2.34 2.04 2.04
0.00 0.00 0.00 0.00 0.00 0.00 0.00 2.99 0.00 0.00 0.00 23.65 22.63 21.90 20.88 19.86 17.01 14.60 14.60 12.85 9.78 9.13 10.37 12.19 15.33 16.94 14.24 10.73 9.20 8.18 6.57 5.33 3.94 4.67 6.86 7.59 6.72 3.65 0.00 0.00 0.00 0.00 0.00 0.00 0.00 0.00 0.00 0.00 0.00 0.00 0.00 0.00 0.00 0.00 0.00 0.00 0.00 0.00 2.41 4.89 5.91 6.35 7.37 7.74 7.88 7.74 7.88 7.74 7.74 6.13 6.28 5.91 4.96 4.45 4.16 4.09 4.67 0.00 0.00 0.00 0.00 0.00 0.00 0.00
0.00 0.00 0.00 0.00 0.00 0.00 0.00 0.00 0.00 0.00 0.00 0.00 19.78 21.75 23.73 23.94 23.14 22.56 22.56 19.64 16.64 14.16 12.99 12.34 14.45 15.77 14.75 11.39 8.83 7.45 6.13 5.18 4.60 5.77 7.01 7.30 7.01 3.21 0.00 0.00 0.00 0.00 0.00 0.00 0.00 0.00 0.00 0.00 0.00 0.00 0.00 0.00 0.00 0.00 0.00 0.00 0.00 0.00 1.61 3.80 4.82 7.01 8.76 10.51 11.17 10.95 9.93 8.98 8.98 7.74 6.86 6.28 6.79 6.64 5.55 5.62 4.09 0.00 0.00 0.00 0.00 0.00 0.00 3.94
0.00 0.00 0.00 0.00 0.00 0.00 0.00 0.00 0.00 0.00 0.95 0.00 10.80 18.32 22.19 25.04 24.82 23.51 23.51 21.32 20.73 19.49 17.23 15.26 14.60 15.04 11.97 8.83 6.86 6.86 6.06 5.69 5.33 6.13 7.01 7.66 5.11 2.70 0.00 0.00 0.00 0.00 0.00 0.00 0.00 0.00 0.00 0.00 0.00 0.00 0.00 0.00 0.00 0.00 0.00 0.00 0.00 0.00 0.00 5.55 5.99 7.45 9.56 11.68 12.63 12.41 11.83 10.66 10.66 9.71 9.34 9.71 9.27 9.42 9.49 8.69 7.37 5.26 4.82 0.00 0.00 0.00 0.00 0.00
0.00 0.00 0.00 0.00 0.00 0.00 0.00 0.00 0.00 0.00 0.95 0.00 10.80 18.32 22.19 25.04 24.82 23.51 23.51 21.32 20.73 19.49 17.23 15.26 14.60 15.04 11.97 8.83 6.86 6.86 6.06 5.69 5.33 6.13 7.01 7.66 5.11 2.70 0.00 0.00 0.00 0.00 0.00 0.00 0.00 0.00 0.00 0.00 0.00 0.00 0.00 0.00 0.00 0.00 0.00 0.00 0.00 0.00 0.00 5.55 5.99 7.45 9.56 11.68 12.63 12.41 11.83 10.66 10.66 9.71 9.34 9.71 9.27 9.42 9.49 8.69 7.37 5.26 4.82 0.00 0.00 0.00 0.00 0.00
0.00 0.00 0.00 3.07 4.02 4.89 2.48 2.56 2.19 2.48 4.09 7.30 10.51 9.34 19.42 23.07 24.53 24.02 24.02 21.24 20.08 20.59 21.46 18.98 15.33 12.48 10.00 7.88 7.01 6.50 6.72 6.72 5.84 5.84 6.86 8.03 6.42 3.58 1.68 0.00 1.53 0.00 0.00 0.00 0.00 0.00 0.00 0.00 0.00 0.00 0.00 0.00 0.00 0.00 0.00 0.00 0.00 0.00 0.00 0.00 5.99 7.59 8.18 9.86 11.24 11.53 11.39 10.07 10.07 8.69 8.25 9.05 10.00 10.37 10.66 10.88 10.51 10.22 9.64 7.66 4.45 3.58 0.00 0.00
0.00 1.46 4.82 8.32 9.64 9.56 7.96 4.38 3.14 3.94 5.33 7.37 11.02 14.97 12.78 18.61 18.61 18.32 18.32 19.56 22.05 23.65 24.67 18.83 12.85 9.42 7.96 7.37 7.37 5.99 5.62 5.11 4.45 5.33 6.42 8.10 7.30 6.13 5.40 5.11 5.04 4.45 0.00 0.00 0.00 0.00 0.00 0.00 0.00 0.00 0.00 0.00 6.94 7.01 5.33 0.00 0.00 0.00 0.00 0.00 0.00 5.99 7.52 8.76 9.27 9.71 9.64 8.61 8.61 8.98 8.47 9.20 9.93 10.37 10.37 9.42 11.10 14.38 12.63 11.32 9.42 7.01 4.45 0.00
4.02 7.23 9.34 11.10 10.00 8.47 6.35 5.04 4.16 3.29 5.55 7.01 8.69 21.90 23.73 13.43 18.10 21.90 21.90 26.13 29.57 28.91 21.75 14.24 9.27 6.86 6.72 5.99 5.62 4.09 3.94 3.07 2.99 4.53 4.82 6.28 7.45 7.52 6.72 5.99 5.62 5.62 6.20 6.20 0.00 4.45 3.58 0.00 0.00 5.11 5.48 6.57 8.32 7.52 6.64 6.57 6.86 8.47 8.25 7.01 5.77 7.66 8.25 7.88 7.66 8.32 9.05 9.78 9.78 11.32 11.68 11.61 11.39 10.88 10.95 10.80 11.53 14.31 16.06 14.97 10.95 7.81 6.57 4.74
4.02 7.23 9.34 11.10 10.00 8.47 6.35 5.04 4.16 3.29 5.55 7.01 8.69 21.90 23.73 13.43 18.10 21.90 21.90 26.13 29.57 28.91 21.75 14.24 9.27 6.86 6.72 5.99 5.62 4.09 3.94 3.07 2.99 4.53 4.82 6.28 7.45 7.52 6.72 5.99 5.62 5.62 6.20 6.20 0.00 4.45 3.58 0.00 0.00 5.11 5.48 6.57 8.32 7.52 6.64 6.57 6.86 8.47 8.25 7.01 5.77 7.66 8.25 7.88 7.66 8.32 9.05 9.78 9.78 11.32 11.68 11.61 11.39 10.88 10.95 10.80 11.53 14.31 16.06 14.97 10.95 7.81 6.57 4.74
8.69 9.49 9.56 8.47 7.23 6.06 5.18 4.67 4.96 6.79 9.27 14.09 15.33 27.59 30.30 28.91 23.51 30.51 30.51 32.49 31.97 23.80 16.86 0.00 0.00 0.00 4.96 4.02 3.87 3.50 4.31 4.60 4.16 5.84 5.84 8.10 9.34 9.93 9.42 8.69 8.54 8.47 7.88 7.88 6.86 6.50 4.09 3.72 5.91 6.50 5.91 6.57 6.79 4.96 4.53 5.26 8.54 10.51 11.75 10.95 10.00 9.05 8.61 7.96 8.91 8.40 8.25 9.78 9.78 11.97 12.78 14.24 14.53 13.29 13.29 14.02 14.02 14.53 15.55 15.18 14.16 11.17 10.37 9.71
9.27 7.88 6.20 4.53 4.09 2.34 3.80 5.26 7.52 9.78 11.24 13.21 17.16 21.61 25.26 22.12 21.83 25.26 25.26 23.80 18.91 13.94 10.37 8.18 6.72 4.89 4.09 3.80 4.16 5.99 8.47 8.10 8.91 11.24 10.66 11.90 12.85 12.63 12.12 10.80 9.56 8.10 7.01 7.01 6.94 6.42 4.16 5.84 6.42 5.33 4.74 4.02 2.48 0.00 0.00 0.00 2.26 4.74 6.50 7.81 7.96 8.61 9.93 10.59 10.59 9.64 9.71 10.44 10.44 10.95 12.12 13.14 14.16 14.89 14.97 14.97 13.72 10.29 8.76 8.83 10.07 9.71 8.03 6.57
5.62 7.01 8.10 8.18 8.32 7.01 4.67 4.16 4.53 6.35 9.13 10.59 10.73 19.35 15.18 13.94 13.80 15.04 15.04 16.86 9.71 8.18 8.10 8.10 6.79 5.55 5.40 5.48 8.18 10.66 11.97 15.26 16.28 16.43 14.97 14.02 12.63 11.39 9.56 8.76 7.08 6.20 7.08 7.08 8.54 8.69 4.67 4.82 4.09 3.21 4.38 4.23 0.00 0.00 0.00 0.00 0.00 1.24 2.92 3.43 4.02 6.06 6.86 7.96 9.20 10.66 11.10 10.29 10.29 11.02 12.05 12.26 12.34 11.17 10.15 10.88 11.02 3.50 0.00 0.00 6.06 8.69 8.18 8.40
0.00 1.39 4.82 8.54 11.24 10.22 8.25 7.08 7.23 6.79 6.28 6.72 6.72 8.91 9.20 7.88 8.61 9.20 9.20 9.20 9.49 7.08 7.45 8.47 9.20 9.49 9.27 8.10 9.13 11.39 14.38 16.72 17.45 15.77 13.94 11.17 8.18 5.18 4.82 7.81 9.34 8.83 8.76 8.76 10.07 10.44 9.13 5.99 5.99 6.06 6.28 5.40 4.23 4.02 3.87 6.28 5.77 2.85 1.24 1.83 3.14 4.23 5.33 5.11 6.20 8.98 11.17 11.83 11.83 12.19 12.78 12.12 10.15 7.52 7.23 8.47 8.47 2.63 0.00 0.00 5.55 8.76 8.32 9.05
0.00 1.39 4.82 8.54 11.24 10.22 8.25 7.08 7.23 6.79 6.28 6.72 6.72 8.91 9.20 7.88 8.61 9.20 9.20 9.20 9.49 7.08 7.45 8.47 9.20 9.49 9.27 8.10 9.13 11.39 14.38 16.72 17.45 15.77 13.94 11.17 8.18 5.18 4.82 7.81 9.34 8.83 8.76 8.76 10.07 10.44 9.13 5.99 5.99 6.06 6.28 5.40 4.23 4.02 3.87 6.28 5.77 2.85 1.24 1.83 3.14 4.23 5.33 5.11 6.20 8.98 11.17 11.83 11.83 12.19 12.78 12.12 10.15 7.52 7.23 8.47 8.47 2.63 0.00 0.00 5.55 8.76 8.32 9.05
3.87 4.96 6.86 8.76 10.59 10.88 8.69 0.00 0.00 6.86 8.10 8.54 8.91 4.45 10.29 6.94 7.01 8.98 8.98 7.59 7.37 6.79 5.11 5.77 8.40 10.15 10.15 8.10 7.96 10.00 12.85 15.26 16.94 16.21 14.53 9.42 5.18 4.74 6.72 9.86 11.53 11.32 11.10 11.10 8.83 7.59 7.15 7.52 7.30 5.18 4.31 4.74 5.18 5.40 6.79 7.81 7.15 5.18 4.82 5.55 8.76 11.10 11.68 9.13 7.59 9.20 11.39 12.41 12.41 14.97 16.28 14.89 10.66 7.37 6.42 7.37 6.79 1.39 0.00 2.19 4.45 5.40 5.84 6.64
6.13 8.25 10.59 15.11 19.64 20.22 15.11 9.93 6.86 7.81 8.18 10.29 11.39 11.02 7.15 9.93 9.20 10.44 10.44 9.56 7.88 5.91 4.96 5.11 5.62 8.54 10.37 10.07 10.07 10.66 13.65 15.70 18.18 18.18 16.72 12.19 8.91 6.94 6.06 7.59 7.96 7.96 6.57 6.57 4.23 5.69 8.91 13.21 11.68 4.74 0.00 0.00 0.00 0.00 1.24 4.89 8.83 11.68 12.41 13.07 14.45 15.91 16.79 14.67 13.51 12.92 12.19 13.14 13.14 17.59 19.05 16.50 12.85 8.40 6.50 5.33 2.99 0.44 0.07 1.75 2.85 2.56 3.14 2.99
0.00 0.00 2.85 6.50 8.69 14.31 16.94 15.55 12.99 12.05 14.31 14.60 13.87 12.99 9.42 12.70 10.88 10.51 10.51 10.44 8.61 8.40 7.45 5.69 6.50 8.18 10.22 10.29 9.86 10.22 10.15 11.10 13.07 13.94 13.87 11.90 7.96 5.26 3.29 3.36 3.36 3.43 2.77 2.77 3.14 5.04 11.97 17.37 16.21 9.13 7.08 0.00 0.00 0.00 0.00 7.15 15.70 21.97 21.17 17.74 18.18 20.66 20.59 17.89 17.01 15.91 16.57 19.56 19.56 20.95 15.91 9.42 6.94 5.40 3.94 1.46 0.66 0.00 0.51 0.80 0.29 0.73 2.04 2.99
0.00 0.00 0.00 0.00 3.07 4.02 7.08 11.32 14.09 17.45 20.37 22.70 21.10 18.03 12.41 18.18 14.02 12.05 12.05 11.68 11.83 10.29 10.00 8.32 9.20 11.02 13.14 12.05 10.59 8.32 5.18 4.60 4.38 7.59 7.88 6.86 4.45 1.61 0.00 0.00 2.77 3.87 4.02 4.02 3.80 3.43 7.15 10.95 10.80 8.54 8.40 0.00 0.00 5.04 9.78 17.52 24.67 25.11 21.53 17.89 17.16 19.35 20.37 20.88 20.29 20.00 21.39 21.39 21.39 17.89 9.34 4.23 1.83 1.02 0.37 0.00 0.00 0.00 0.00 0.00 0.00 0.73 0.58 1.39
0.00 0.00 0.00 0.00 0.00 7.52 7.52 8.61 9.34 11.24 15.84 21.10 26.86 27.59 23.73 12.99 18.03 16.50 16.50 14.24 13.80 14.16 14.45 14.24 13.36 17.37 18.69 17.37 15.62 11.68 8.03 5.33 2.63 3.43 4.38 2.99 0.66 0.00 0.00 0.00 3.43 4.53 3.94 3.94 2.77 1.46 0.00 3.94 6.13 5.62 5.77 7.59 1.97 6.94 12.05 18.32 20.00 19.05 15.18 10.07 11.17 16.28 19.86 21.24 22.56 22.70 22.48 20.59 20.59 17.45 12.05 6.50 2.70 1.39 0.73 0.00 0.00 0.00 0.00 0.00 0.00 0.00 0.00 0.00
0.00 0.00 0.00 0.00 0.00 7.52 7.52 8.61 9.34 11.24 15.84 21.10 26.86 27.59 23.73 12.99 18.03 16.50 16.50 14.24 13.80 14.16 14.45 14.24 13.36 17.37 18.69 17.37 15.62 11.68 8.03 5.33 2.63 3.43 4.38 2.99 0.66 0.00 0.00 0.00 3.43 4.53 3.94 3.94 2.77 1.46 0.00 3.94 6.13 5.62 5.77 7.59 1.97 6.94 12.05 18.32 20.00 19.05 15.18 10.07 11.17 16.28 19.86 21.24 22.56 22.70 22.48 20.59 20.59 17.45 12.05 6.50 2.70 1.39 0.73 0.00 0.00 0.00 0.00 0.00 0.00 0.00 0.00 0.00
0.00 0.00 0.00 0.00 10.66 13.29 15.99 15.91 15.26 10.88 10.15 10.66 13.58 18.91 19.86 20.37 22.56 18.61 18.61 16.57 15.11 15.55 16.64 17.37 16.94 18.03 19.56 18.03 14.75 12.48 9.05 4.96 3.50 2.77 2.48 1.75 0.51 0.00 0.00 0.00 0.00 2.41 2.12 2.12 0.00 0.00 0.00 0.00 0.00 0.00 0.00 0.00 0.00 1.17 5.84 8.69 8.47 8.03 6.72 6.06 12.26 17.59 22.19 25.04 27.16 25.92 23.58 21.68 21.68 21.02 18.40 15.18 10.44 6.64 3.07 0.51 0.00 0.00 0.00 0.00 0.00 0.00 0.00 0.00
0.00 3.65 4.31 5.40 9.13 12.78 15.26 15.84 14.24 11.10 11.24 13.58 14.89 14.67 15.26 15.26 20.00 19.49 19.49 17.74 17.96 18.54 19.86 20.56 18.12 20.81 16.81 14.82 14.09 13.43 10.44 6.86 4.31 2.70 0.00 0.00 0.22 0.00 1.39 1.39 1.39 1.39 0.73 0.73 0.00 0.00 0.00 0.00 0.00 0.00 0.00 0.00 0.00 0.00 0.00 0.00 0.00 0.00 0.00 9.13 15.18 20.29 22.27 26.13 27.23 27.81 25.40 23.29 23.29 23.51 24.02 21.61 16.06 8.61 6.13 2.48 0.51 0.00 0.00 0.00 0.00 0.00 0.00 0.00
2.99 4.60 5.62 5.77 4.82 3.43 3.29 2.70 2.63 0.00 0.00 5.04 9.93 14.31 16.35 18.83 21.83 23.07 23.07 22.63 21.39 22.05 24.09 25.80 26.26 20.56 20.22 18.06 17.89 17.08 13.51 10.88 7.15 5.04 3.14 0.95 0.80 0.80 1.90 2.34 1.83 0.58 0.44 0.44 0.00 0.00 0.00 0.00 0.00 0.00 0.00 0.00 0.00 0.00 0.00 0.00 0.00 0.00 0.00 5.04 12.19 15.26 16.06 19.78 23.21 24.24 25.19 24.75 24.75 23.80 23.43 21.24 18.40 12.56 6.57 2.48 1.75 1.90 0.66 0.00 0.00 0.00 0.00 0.00
2.19 3.29 2.41 1.17 0.00 0.00 0.00 0.00 0.00 0.00 0.00 0.00 0.00 0.00 6.64 10.44 18.91 18.18 18.18 15.18 12.70 12.90 15.88 20.70 22.01 22.47 23.79 21.24 20.77 19.22 16.35 13.07 11.75 11.17 6.79 4.45 3.65 3.80 3.43 2.63 1.83 0.73 0.00 0.00 0.00 0.00 0.00 0.00 0.00 0.00 0.00 0.00 0.00 0.00 0.00 0.00 0.00 0.00 0.00 0.00 5.91 11.02 11.61 13.58 14.75 14.16 16.57 21.83 21.83 20.59 19.64 17.96 15.84 12.34 9.13 7.01 5.69 3.58 1.02 0.44 0.00 0.00 0.00 0.00
0.00 2.19 1.68 0.00 0.00 0.00 0.00 0.00 0.00 0.00 1.75 0.00 0.00 0.00 0.00 0.00 7.15 3.21 3.21 0.00 0.00 0.00 3.54 6.06 10.08 14.89 20.77 22.85 24.86 20.87 19.15 18.25 18.76 16.79 13.65 11.46 9.93 6.72 4.60 3.14 1.39 1.10 0.88 0.88 0.00 1.24 1.61 0.00 0.00 0.00 0.00 0.00 0.00 0.00 0.00 0.00 0.00 0.00 0.00 0.00 0.00 5.91 7.88 9.71 12.34 11.17 13.36 16.43 16.43 17.37 15.99 13.65 10.73 8.76 6.86 6.72 5.33 2.48 0.58 0.66 0.00 0.00 0.00 0.00
0.00 2.19 1.68 0.00 0.00 0.00 0.00 0.00 0.00 0.00 1.75 0.00 0.00 0.00 0.00 0.00 7.15 3.21 3.23 0.00 0.00 0.00 3.45 6.21 9.93 14.89 20.15 21.24 23.23 21.19 19.34 19.01 21.08 17.77 14.00 11.46 9.93 6.72 4.60 3.14 1.39 1.10 0.88 0.88 0.00 1.24 1.61 0.00 0.00 0.00 0.00 0.00 0.00 0.00 0.00 0.00 0.00 0.00 0.00 0.00 0.00 5.91 7.88 9.71 12.34 11.17 13.36 16.43 16.43 17.37 15.99 13.65 10.73 8.76 6.86 6.72 5.33 2.48 0.58 0.66 0.00 0.00 0.00 0.00
0.00 0.00 0.88 0.29 0.00 0.00 0.00 0.00 0.00 0.00 0.00 0.07 0.44 0.00 0.00 0.00 0.00 0.00 0.00 0.00 0.00 0.00 0.00 0.00 0.00 4.57 10.25 12.84 17.96 12.33 15.12 18.61 21.65 22.28 19.34 17.78 15.48 11.75 7.88 4.02 2.70 2.19 1.83 1.83 1.61 1.90 1.10 0.00 0.00 0.00 0.00 0.00 0.00 0.00 0.00 0.00 0.00 0.00 0.00 0.00 0.00 2.04 4.82 8.83 14.38 15.48 13.87 15.33 15.33 16.21 12.99 8.91 5.84 4.23 3.72 4.31 3.65 1.17 0.29 1.24 0.00 0.00 0.00 0.00
5.91 6.42 4.23 2.99 1.53 0.51 0.00 0.00 0.00 0.00 0.00 0.00 0.00 0.00 0.00 0.00 0.00 1.97 1.97 0.88 0.00 0.00 0.00 0.00 0.00 0.00 0.00 0.00 0.52 3.39 5.26 8.76 13.07 19.04 23.33 23.36 20.31 16.21 12.41 9.20 7.30 4.02 2.48 2.48 1.53 0.66 0.00 0.00 0.73 0.00 0.00 0.00 0.00 0.00 0.00 0.00 0.00 0.00 0.00 0.00 0.00 0.00 0.00 5.99 13.21 17.37 15.48 14.97 14.97 15.04 11.17 5.84 3.43 2.48 2.92 3.29 2.70 1.17 1.31 1.24 1.02 0.00 0.00 0.00
0.00 5.40 5.99 7.15 7.23 6.94 6.64 6.72 6.64 4.53 1.02 0.00 0.00 0.58 3.29 3.65 2.92 0.00 0.00 4.60 1.68 0.73 0.80 0.44 0.00 0.00 0.00 0.00 0.00 0.00 0.00 2.19 6.50 12.41 18.13 20.70 24.47 21.32 18.25 16.50 14.31 10.80 6.57 6.57 2.85 1.10 0.44 0.07 0.00 0.80 0.00 0.00 0.00 0.00 0.00 0.00 0.00 0.00 0.00 0.00 0.00 0.00 0.00 4.82 13.87 16.79 14.89 12.99 12.99 12.05 7.15 4.09 1.75 0.07 0.88 2.19 2.85 2.48 2.12 1.75 1.90 2.12 0.88 0.00
0.00 0.00 0.00 0.00 0.00 0.00 5.18 4.31 7.52 6.50 6.13 3.80 4.45 6.13 6.13 6.57 5.11 3.07 3.07 3.29 2.19 1.24 0.29 0.00 0.00 0.00 0.00 0.00 0.00 0.00 0.00 0.00 0.00 3.87 7.59 14.38 20.16 23.53 22.64 21.61 17.81 14.31 9.05 9.05 5.99 4.16 2.12 1.24 0.00 0.00 0.00 0.00 0.00 0.00 0.00 0.00 0.00 0.00 0.00 0.00 0.00 0.00 0.00 4.31 11.02 11.24 9.13 8.91 8.91 7.23 2.34 0.37 0.00 0.22 0.58 1.10 2.70 2.12 2.26 2.70 2.12 2.34 1.39 0.07
0.00 0.00 0.00 0.00 0.00 0.00 0.00 0.00 0.00 0.00 0.00 2.12 3.80 5.48 5.40 4.31 1.90 1.39 1.39 0.58 0.22 0.00 0.00 0.00 0.00 0.00 0.00 0.00 0.00 0.00 0.00 0.00 0.00 0.00 1.39 4.67 10.95 12.26 13.71 19.39 17.68 15.11 13.51 13.51 10.88 7.52 4.96 4.16 2.34 0.00 0.00 1.10 0.00 0.00 0.00 0.00 0.00 0.00 0.00 0.00 1.24 0.00 0.00 0.00 2.92 3.65 2.70 3.29 3.29 2.19 0.37 0.00 0.00 0.00 0.00 0.51 0.95 1.39 3.21 2.56 1.17 1.02 0.66 0.44
0.00 0.00 0.00 0.00 0.00 0.00 0.00 0.00 0.00 0.00 0.00 0.37 3.07 3.50 1.68 0.00 0.00 0.00 0.00 0.00 0.00 0.00 0.00 0.00 0.00 0.00 0.00 0.00 0.00 0.00 0.00 0.00 0.00 0.00 0.00 0.00 2.41 3.17 4.89 8.98 10.54 9.93 11.68 11.68 11.68 8.76 8.47 8.03 7.45 6.42 4.60 2.70 0.00 0.00 0.00 0.00 0.00 0.00 0.00 0.00 0.00 0.00 0.00 0.00 0.00 0.00 0.00 0.00 0.00 0.00 0.00 0.00 0.00 0.00 0.00 0.00 0.00 0.00 0.29 0.00 0.00 0.00 0.22 0.00
0.00 0.00 0.00 0.00 0.00 0.00 0.00 0.00 0.00 0.00 0.00 0.37 3.07 3.50 1.68 0.00 0.00 0.00 0.00 0.00 0.00 0.00 0.00 0.00 0.00 0.00 0.00 0.00 0.00 0.00 0.00 0.00 0.00 0.00 0.00 0.00 2.41 3.15 4.94 8.98 10.44 9.93 11.68 11.68 11.68 8.76 8.47 8.03 7.45 6.42 4.60 2.70 0.00 0.00 0.00 0.00 0.00 0.00 0.00 0.00 0.00 0.00 0.00 0.00 0.00 0.00 0.00 0.00 0.00 0.00 0.00 0.00 0.00 0.00 0.00 0.00 0.00 0.00 0.29 0.00 0.00 0.00 0.22 0.00
0.00 0.00 0.00 0.00 0.00 0.00 0.00 0.00 0.00 0.00 0.00 0.00 0.29 0.00 0.00 0.00 0.00 0.00 0.00 0.00 0.00 0.00 0.00 0.00 0.00 0.00 0.00 0.00 0.00 0.00 0.00 0.00 0.00 0.00 0.00 0.00 0.00 0.22 0.44 1.68 2.85 3.21 4.09 4.09 5.62 5.04 4.96 5.18 8.18 9.78 8.18 5.33 3.21 0.00 0.00 0.00 0.00 0.00 0.00 0.00 0.00 0.73 0.58 0.00 0.00 0.00 0.00 0.00 0.00 0.00 0.00 0.00 0.00 0.00 0.00 0.00 0.00 0.00 0.00 0.00 0.00 0.00 0.00 0.00
