Wansh/Snow_depth/snowdepth-1991/spring/1991094.txt
ncols 321
nrows 161
xllcenter 60
yllcenter 15 
cellsize  0.25 
NODATA_value -1
[rows 0 to 36 of 161, columns 84 to 167 of 321]
25.84 26.06 26.35 24.89 23.00 20.88 18.40 17.16 16.06 15.91 16.06 15.48 15.40 16.28 17.23 18.18 18.98 19.86 19.86 19.27 20.95 21.17 19.35 14.82 10.07 7.37 4.09 3.50 2.70 2.26 3.21 6.79 8.32 7.74 4.96 2.04 1.39 0.15 0.00 1.90 3.50 6.57 7.52 7.52 6.79 5.11 4.09 3.21 2.63 3.21 4.96 5.69 5.18 3.87 3.50 4.38 3.94 2.77 0.00 0.00 0.00 0.15 0.00 0.00 0.00 0.00 0.95 1.24 1.24 2.04 3.50 4.89 4.89 5.11 5.40 5.55 5.55 9.49 12.63 14.82 14.53 13.36 11.90 12.05
24.24 23.58 23.00 22.12 19.35 18.76 18.76 18.91 18.32 17.52 15.62 14.60 13.43 12.70 11.39 10.80 12.05 14.82 14.82 15.84 16.21 17.08 19.86 19.42 14.38 10.29 6.06 3.80 2.70 2.56 3.50 4.67 6.42 5.77 2.92 1.02 0.00 0.00 0.00 0.51 5.04 8.83 13.21 13.21 13.94 11.39 7.08 4.45 2.77 2.85 2.48 1.97 2.34 3.80 4.02 4.23 5.04 5.26 5.91 4.60 3.36 3.43 3.21 2.19 2.12 3.43 2.92 3.58 3.58 4.45 5.18 5.69 6.86 8.03 4.89 10.22 12.05 13.87 14.09 13.21 13.36 13.65 13.14 12.78
21.53 20.51 19.49 18.54 17.23 17.74 18.98 19.64 20.22 19.49 19.20 17.30 14.82 13.72 11.32 9.78 7.81 7.74 7.74 8.76 10.29 11.39 15.91 18.18 17.52 14.53 8.18 5.40 3.58 3.21 3.29 3.94 4.67 5.77 5.62 4.89 2.48 1.53 0.22 0.00 0.44 3.07 5.40 5.40 10.51 14.67 15.18 11.61 6.94 4.23 2.77 2.34 1.83 1.90 2.77 4.60 5.84 7.15 7.96 8.32 8.18 8.03 7.15 7.74 7.66 7.59 7.45 8.03 8.03 8.69 8.54 7.08 5.69 5.18 6.57 14.31 17.67 18.32 16.72 15.62 15.18 15.48 16.64 16.50
21.53 20.51 19.49 18.54 17.23 17.74 18.98 19.64 20.22 19.49 19.20 17.30 14.82 13.72 11.32 9.78 7.81 7.74 7.74 8.76 10.29 11.39 15.91 18.18 17.52 14.53 8.18 5.40 3.58 3.21 3.29 3.94 4.67 5.77 5.62 4.89 2.48 1.53 0.22 0.00 0.44 3.07 5.40 5.40 10.51 14.67 15.18 11.61 6.94 4.23 2.77 2.34 1.83 1.90 2.77 4.60 5.84 7.15 7.96 8.32 8.18 8.03 7.15 7.74 7.66 7.59 7.45 8.03 8.03 8.69 8.54 7.08 5.69 5.18 6.57 14.31 17.67 18.32 16.72 15.62 15.18 15.48 16.64 16.50
20.08 19.05 18.76 17.23 16.86 16.64 16.35 16.43 16.79 17.96 19.35 18.40 17.59 16.50 15.70 14.60 13.72 10.80 10.80 9.86 8.83 9.05 11.46 14.09 16.35 15.77 10.15 5.26 3.87 3.36 3.29 3.58 3.87 6.57 8.32 8.98 7.45 4.09 0.88 0.00 0.00 0.00 0.00 0.00 0.00 3.50 8.32 11.53 11.68 7.59 4.96 2.41 0.00 1.53 1.90 2.34 3.29 4.96 7.30 8.83 9.42 10.51 9.64 9.64 10.15 10.29 10.59 10.51 10.51 9.34 8.54 7.59 5.62 3.58 0.00 0.00 14.60 16.43 15.84 14.89 13.80 13.65 15.04 15.91
20.88 21.02 21.32 20.29 19.64 17.89 16.06 15.33 15.99 16.35 17.23 17.89 19.27 18.98 17.16 18.18 20.95 19.13 19.13 19.13 15.11 12.78 9.49 9.86 12.05 11.97 9.27 4.53 0.00 0.00 2.34 3.14 5.11 5.62 7.37 8.18 6.86 4.23 1.02 0.00 0.00 0.00 0.00 0.00 0.00 0.00 2.34 5.26 6.64 5.77 0.00 0.00 1.53 1.61 1.75 2.19 2.70 3.94 5.69 7.23 9.34 10.15 11.97 13.36 13.07 11.97 10.88 9.64 9.64 8.40 7.59 6.50 5.91 5.04 3.94 0.00 9.05 8.54 8.76 8.25 10.15 12.12 14.53 14.82
23.14 22.85 21.24 19.35 18.47 19.20 18.98 18.76 19.35 19.49 18.61 17.37 16.72 16.79 16.35 17.96 20.51 22.78 22.78 24.45 24.75 22.34 14.60 9.42 9.20 8.47 7.01 3.87 3.58 3.43 2.85 3.21 4.09 5.04 7.08 7.74 5.84 2.85 0.80 0.00 0.00 0.00 0.00 0.00 0.00 1.24 4.09 5.84 6.06 4.74 0.00 1.90 1.61 2.26 2.48 3.43 5.18 7.23 9.20 10.51 11.53 12.99 14.53 15.91 15.62 14.82 13.94 13.21 13.21 11.75 11.53 11.39 10.37 10.22 9.34 4.16 9.64 9.49 8.10 7.01 8.10 10.00 12.34 13.94
23.14 22.85 21.24 19.35 18.47 19.20 18.98 18.76 19.35 19.49 18.61 17.37 16.72 16.79 16.35 17.96 20.51 22.78 22.78 24.45 24.75 22.34 14.60 9.42 9.20 8.47 7.01 3.87 3.58 3.43 2.85 3.21 4.09 5.04 7.08 7.74 5.84 2.85 0.80 0.00 0.00 0.00 0.00 0.00 0.00 1.24 4.09 5.84 6.06 4.74 0.00 1.90 1.61 2.26 2.48 3.43 5.18 7.23 9.20 10.51 11.53 12.99 14.53 15.91 15.62 14.82 13.94 13.21 13.21 11.75 11.53 11.39 10.37 10.22 9.34 4.16 9.64 9.49 8.10 7.01 8.10 10.00 12.34 13.94
22.70 22.05 20.51 18.54 17.96 18.61 18.83 19.05 19.86 20.22 19.13 16.94 13.43 12.99 15.04 18.69 21.53 23.07 23.07 25.70 27.67 26.06 21.02 13.51 8.69 0.00 3.65 3.21 3.87 4.23 3.87 3.50 4.09 6.35 8.83 10.15 7.74 5.40 2.77 2.41 2.19 1.68 2.12 2.12 2.77 3.65 4.09 4.38 5.26 5.33 5.99 5.77 5.04 3.87 4.82 4.74 5.40 6.06 7.59 9.42 10.22 10.66 13.14 13.65 14.16 13.94 12.92 12.63 12.63 13.14 13.29 13.72 13.58 13.14 12.78 12.92 9.20 12.41 11.75 10.15 10.00 8.76 8.91 10.15
22.56 22.12 19.93 18.47 18.32 17.81 17.52 18.76 19.64 20.66 19.86 16.35 14.45 13.72 15.18 20.66 24.02 25.48 25.48 27.74 26.79 24.75 19.93 12.56 8.32 0.00 2.85 3.21 3.29 3.43 2.63 2.77 3.50 5.11 8.83 10.07 9.86 8.10 6.72 5.62 5.40 5.04 4.60 4.60 5.40 5.11 4.67 5.40 5.77 5.99 8.03 9.34 11.32 11.02 9.78 8.03 7.74 7.52 7.52 8.10 8.98 9.78 9.93 10.44 10.95 10.37 11.97 11.68 11.68 11.75 12.34 12.99 12.85 12.99 11.75 12.48 12.26 15.48 16.64 14.89 13.80 10.37 8.83 8.18
22.19 20.44 19.71 18.10 17.81 18.61 19.49 20.15 20.59 21.39 20.73 20.08 19.93 19.86 21.24 23.58 25.92 27.38 27.38 28.69 26.35 21.17 16.72 8.61 4.67 3.50 2.34 2.41 2.34 2.12 2.63 2.56 2.99 5.18 6.57 7.96 8.83 8.98 7.96 7.30 7.45 7.74 7.01 7.01 6.50 5.91 6.20 7.08 9.56 12.78 14.16 15.77 13.87 11.53 10.95 11.02 11.46 11.17 8.69 8.40 9.56 10.15 10.07 10.37 10.80 11.75 13.36 15.04 15.04 15.70 15.62 15.18 14.16 13.29 13.14 12.92 15.70 16.57 17.37 16.50 18.91 11.53 10.29 9.42
22.19 20.44 19.71 18.10 17.81 18.61 19.49 20.15 20.59 21.39 20.73 20.08 19.93 19.86 21.24 23.58 25.92 27.38 27.38 28.69 26.35 21.17 16.72 8.61 4.67 3.50 2.34 2.41 2.34 2.12 2.63 2.56 2.99 5.18 6.57 7.96 8.83 8.98 7.96 7.30 7.45 7.74 7.01 7.01 6.50 5.91 6.20 7.08 9.56 12.78 14.16 15.77 13.87 11.53 10.95 11.02 11.46 11.17 8.69 8.40 9.56 10.15 10.07 10.37 10.80 11.75 13.36 15.04 15.04 15.70 15.62 15.18 14.16 13.29 13.14 12.92 15.70 16.57 17.37 16.50 18.91 11.53 10.29 9.42
17.16 19.27 20.81 20.81 21.24 20.29 19.13 19.42 19.93 19.20 19.49 20.88 23.51 24.97 24.82 24.02 23.29 24.09 24.09 25.19 21.24 14.82 10.07 5.33 2.63 1.83 1.53 2.56 3.21 4.16 4.67 4.67 5.04 6.28 7.08 8.69 11.02 11.46 10.73 9.64 10.37 10.15 9.13 9.13 8.18 8.25 7.88 9.20 12.26 13.94 17.52 20.59 19.05 15.91 12.78 12.19 13.14 13.36 13.14 11.68 10.15 10.00 9.34 8.98 8.91 10.37 12.05 13.94 13.94 15.84 16.94 17.23 16.13 14.67 14.45 14.53 15.40 15.99 17.74 16.79 15.62 16.86 14.09 12.99
19.35 22.34 23.51 23.43 21.61 19.49 15.91 14.97 14.31 15.26 16.13 17.01 18.40 21.10 22.27 19.71 18.03 17.59 17.59 15.91 12.26 8.18 6.64 4.67 3.50 2.85 2.85 3.50 6.06 8.98 11.10 10.73 12.05 11.75 12.41 12.63 13.43 14.16 13.58 12.78 11.32 11.24 11.46 11.46 12.48 12.41 12.34 12.26 12.78 14.67 15.77 15.18 14.31 13.58 15.33 15.55 13.21 11.32 10.44 9.56 10.88 11.24 12.26 12.19 11.75 11.75 12.92 13.58 13.58 16.06 17.30 17.67 17.52 17.67 16.06 14.02 10.80 15.91 10.66 10.07 10.88 14.24 13.94 10.44
23.43 24.24 23.51 21.39 20.95 18.98 13.36 11.53 11.46 13.43 13.65 14.75 14.38 15.26 16.57 15.04 13.72 12.34 12.34 10.73 8.54 7.52 7.96 8.40 7.74 5.69 6.64 7.08 9.20 13.29 14.75 16.28 17.23 16.50 15.55 13.94 11.24 11.53 11.46 12.05 12.48 13.80 15.33 15.33 14.75 13.14 12.56 12.56 12.70 13.14 14.97 16.06 17.52 20.08 21.68 23.21 20.37 17.23 11.68 6.64 4.89 5.48 6.64 8.61 10.66 12.34 12.41 12.05 12.05 11.75 13.94 13.72 12.99 13.43 13.72 11.46 6.42 6.79 1.31 0.00 4.45 11.10 9.71 9.86
23.73 21.17 19.49 17.74 17.74 16.35 13.14 9.86 9.49 9.71 9.86 10.00 9.71 10.15 10.00 8.25 8.32 9.86 9.86 9.27 7.52 7.01 7.59 8.69 9.86 10.07 9.20 9.20 10.73 13.36 15.62 17.96 17.37 15.26 11.68 8.91 7.45 7.96 11.10 12.48 14.89 15.11 14.97 14.97 14.16 12.48 10.88 10.29 10.29 11.24 12.05 12.05 14.38 17.08 20.44 22.19 21.61 15.99 10.37 7.15 6.42 6.13 6.06 6.35 7.52 9.71 12.34 12.78 12.78 13.29 12.41 11.39 10.29 9.71 10.15 8.98 5.26 5.91 0.00 0.00 10.29 12.99 11.53 11.61
23.73 21.17 19.49 17.74 17.74 16.35 13.14 9.86 9.49 9.71 9.86 10.00 9.71 10.15 10.00 8.25 8.32 9.86 9.86 9.27 7.52 7.01 7.59 8.69 9.86 10.07 9.20 9.20 10.73 13.36 15.62 17.96 17.37 15.26 11.68 8.91 7.45 7.96 11.10 12.48 14.89 15.11 14.97 14.97 14.16 12.48 10.88 10.29 10.29 11.24 12.05 12.05 14.38 17.08 20.44 22.19 21.61 15.99 10.37 7.15 6.42 6.13 6.06 6.35 7.52 9.71 12.34 12.78 12.78 13.29 12.41 11.39 10.29 9.71 10.15 8.98 5.26 5.91 0.00 0.00 10.29 12.99 11.53 11.61
22.05 19.35 18.18 18.76 19.27 18.54 15.62 10.66 9.13 8.10 7.74 8.25 9.64 11.53 10.44 8.69 8.10 9.64 9.64 8.98 7.66 6.79 6.50 7.96 9.49 11.39 11.61 10.29 10.37 11.83 14.09 16.94 18.40 17.59 13.58 8.47 6.13 6.86 9.78 12.63 12.85 12.99 13.29 13.29 13.36 13.21 14.02 15.55 14.38 14.31 15.40 16.21 16.86 19.78 19.64 18.69 15.84 12.85 10.51 11.17 12.34 12.12 11.75 11.24 11.32 11.97 12.12 13.80 13.80 14.75 14.24 11.68 10.59 9.64 9.05 12.63 10.37 2.99 3.29 5.48 9.13 8.76 7.37 8.98
15.91 18.03 20.44 21.24 21.83 22.12 20.22 16.64 12.12 9.05 9.64 10.00 10.44 12.78 14.75 11.68 11.24 12.92 12.92 11.68 9.93 8.91 6.35 5.18 7.59 11.02 12.34 11.90 11.39 12.05 13.36 16.72 17.67 17.67 15.77 13.14 9.05 6.28 5.48 5.84 8.32 12.19 14.60 14.60 16.57 20.81 26.06 28.54 27.59 24.02 24.09 24.67 27.67 29.13 29.42 28.11 23.00 18.32 16.35 16.43 16.94 17.81 16.35 14.97 14.31 16.50 17.45 17.08 17.08 17.81 16.94 14.60 12.56 14.31 10.80 7.23 0.00 0.00 0.73 3.36 3.80 3.72 4.89 6.06
7.88 11.02 15.91 17.74 19.35 21.24 20.73 18.25 15.48 13.07 13.21 13.43 13.14 14.09 14.60 13.07 12.26 12.78 12.78 12.85 12.12 11.32 8.91 7.01 7.45 10.15 12.48 12.12 10.88 9.34 9.56 11.17 12.56 13.94 12.56 9.34 7.37 4.45 3.29 2.92 3.72 5.40 11.46 11.46 20.08 26.50 30.37 31.76 31.03 30.66 31.03 31.61 32.70 32.12 32.12 31.97 31.17 28.11 23.65 21.02 21.90 22.85 21.90 19.86 18.61 18.61 20.37 20.15 20.15 16.72 13.29 12.85 14.75 13.07 5.40 0.00 0.00 1.46 1.39 2.12 2.41 2.56 4.31 5.55
1.97 6.72 11.68 16.35 18.10 15.26 15.55 16.57 17.23 17.67 18.54 20.59 21.10 20.66 19.49 16.06 13.21 12.78 12.78 12.56 12.63 12.48 11.61 10.51 11.24 13.43 15.33 13.94 10.37 7.96 5.48 3.65 5.40 8.32 8.47 4.82 2.70 0.00 0.00 2.34 3.21 3.72 7.45 7.45 13.29 18.54 22.19 21.97 22.34 23.36 27.52 31.17 32.05 33.43 34.09 33.14 31.54 27.23 24.60 22.63 22.34 22.85 24.16 23.43 22.05 21.53 20.29 17.81 17.81 17.96 11.02 4.53 2.63 0.15 0.07 0.00 0.00 0.22 0.00 0.73 1.68 2.12 3.65 5.04
0.22 4.02 9.27 14.09 13.58 11.46 11.97 14.09 17.23 19.49 23.36 26.06 28.47 28.91 25.48 21.53 18.54 16.79 16.79 14.16 13.72 14.67 14.89 14.97 16.28 18.47 20.00 18.69 15.62 11.68 6.86 4.02 2.04 2.99 3.43 2.41 0.44 0.00 0.00 0.00 3.94 4.16 2.19 2.19 2.19 4.67 6.20 7.30 8.98 10.29 10.29 12.70 18.47 22.63 27.01 25.48 24.09 20.59 20.66 20.44 21.68 23.73 26.79 27.30 25.70 23.94 23.43 21.39 21.39 18.03 12.41 9.56 7.52 2.41 0.00 0.00 0.00 0.00 0.00 0.37 0.73 1.10 1.39 1.17
0.22 4.02 9.27 14.09 13.58 11.46 11.97 14.09 17.23 19.49 23.36 26.06 28.47 28.91 25.48 21.53 18.54 16.79 16.79 14.16 13.72 14.67 14.89 14.97 16.28 18.47 20.00 18.69 15.62 11.68 6.86 4.02 2.04 2.99 3.43 2.41 0.44 0.00 0.00 0.00 3.94 4.16 2.19 2.19 2.19 4.67 6.20 7.30 8.98 10.29 10.29 12.70 18.47 22.63 27.01 25.48 24.09 20.59 20.66 20.44 21.68 23.73 26.79 27.30 25.70 23.94 23.43 21.39 21.39 18.03 12.41 9.56 7.52 2.41 0.00 0.00 0.00 0.00 0.00 0.37 0.73 1.10 1.39 1.17
0.00 0.00 5.04 7.59 10.59 11.10 12.48 14.75 20.37 23.21 26.06 28.62 28.98 28.84 27.01 25.19 22.27 20.51 20.51 17.81 15.40 16.06 17.08 17.45 17.81 19.20 18.83 17.81 16.21 12.99 7.30 4.02 2.63 2.56 1.61 0.66 0.00 0.00 0.00 0.00 0.00 2.19 0.88 0.88 0.00 0.00 0.00 0.00 0.00 2.04 2.41 2.41 2.92 4.67 9.20 10.66 12.12 12.85 13.94 17.81 21.02 23.80 26.43 27.89 27.16 23.29 24.16 22.41 22.41 23.07 21.68 17.81 10.00 4.82 2.04 0.29 0.00 0.00 0.00 0.00 0.00 0.00 0.00 0.00
0.00 0.00 1.61 10.80 12.78 15.84 19.93 24.75 29.27 28.40 23.36 22.12 22.70 23.36 20.95 21.83 21.90 21.53 21.53 20.29 19.20 20.15 20.95 20.78 19.81 19.68 16.22 14.82 15.33 14.24 10.51 7.23 4.74 2.34 1.10 0.00 0.00 0.00 0.00 1.10 0.66 0.29 0.00 0.00 0.00 0.00 0.00 0.00 0.00 0.00 0.00 0.00 0.00 0.00 0.00 0.00 2.77 5.77 14.38 17.89 21.24 23.21 25.77 28.54 29.27 24.75 27.52 27.38 27.38 25.92 23.51 20.73 16.13 9.42 4.38 2.48 0.44 0.00 0.00 0.00 0.00 0.22 0.00 0.00
0.00 6.50 8.18 16.64 19.64 22.92 26.43 27.01 26.86 16.79 10.59 11.97 14.09 14.53 12.92 18.32 22.78 24.67 24.67 25.11 22.70 22.85 23.80 25.65 26.44 20.26 19.13 17.38 17.59 16.86 13.80 10.73 8.76 4.96 2.41 0.00 0.51 1.17 1.17 1.17 0.95 0.15 0.00 0.00 0.00 0.00 0.00 0.00 0.00 0.00 0.00 0.00 0.00 0.00 0.00 0.00 0.00 0.00 6.79 17.59 19.78 19.49 20.73 11.97 17.67 19.93 25.77 26.57 26.57 25.62 23.29 21.53 18.91 13.43 8.10 6.20 4.16 1.83 0.88 0.00 0.00 1.39 0.00 0.00
5.11 5.77 6.94 0.00 19.13 17.81 16.79 10.44 6.86 3.14 0.00 0.00 0.00 2.12 2.99 8.98 16.72 19.05 19.05 17.52 14.67 13.56 17.16 22.28 22.69 22.47 22.94 21.46 20.92 19.37 17.37 15.77 14.31 10.73 7.15 5.69 4.31 3.14 2.19 1.68 1.31 0.44 0.00 0.00 0.00 0.00 0.00 0.00 0.00 0.00 0.00 0.00 0.00 0.00 0.00 0.00 0.00 0.00 3.65 7.66 14.02 16.50 16.13 13.21 11.61 15.62 21.02 23.14 23.14 22.19 20.81 17.67 16.79 14.89 11.53 8.03 5.55 2.99 2.04 0.58 0.00 0.00 0.00 0.00
4.16 0.00 0.00 1.90 0.00 0.00 0.00 0.00 0.00 0.00 0.00 0.00 0.00 0.00 0.00 0.00 2.34 1.68 1.68 0.00 0.00 0.00 4.59 7.15 10.38 15.77 21.22 25.23 23.52 20.65 21.28 20.15 19.71 17.96 14.31 11.75 9.20 5.84 3.07 1.75 1.31 0.58 0.00 0.00 0.00 0.00 0.00 0.00 0.00 0.00 0.00 0.00 0.00 0.00 0.00 0.00 0.00 0.00 0.00 2.41 10.29 14.60 18.03 18.10 15.99 12.05 14.60 18.69 18.69 18.03 16.57 12.70 10.00 9.71 8.03 5.62 3.58 2.19 1.10 0.51 0.00 0.29 0.66 0.00
4.16 0.00 0.00 1.90 0.00 0.00 0.00 0.00 0.00 0.00 0.00 0.00 0.00 0.00 0.00 0.00 2.34 1.68 1.69 0.00 0.00 0.00 4.48 7.34 10.22 15.77 20.59 23.45 21.97 20.96 21.49 20.99 22.15 19.00 14.67 11.75 9.20 5.84 3.07 1.75 1.31 0.58 0.00 0.00 0.00 0.00 0.00 0.00 0.00 0.00 0.00 0.00 0.00 0.00 0.00 0.00 0.00 0.00 0.00 2.41 10.29 14.60 18.03 18.10 15.99 12.05 14.60 18.69 18.69 18.03 16.57 12.70 10.00 9.71 8.03 5.62 3.58 2.19 1.10 0.51 0.00 0.29 0.66 0.00
4.82 2.85 2.63 0.00 0.88 0.00 0.00 0.00 0.00 0.00 0.00 0.00 0.00 0.00 0.00 0.00 0.00 0.00 0.00 0.00 0.00 0.00 0.00 0.00 0.00 3.32 7.45 10.42 9.78 13.50 19.54 22.39 24.11 23.82 20.09 19.82 14.16 11.24 6.42 4.16 2.41 0.88 0.58 0.58 0.00 0.00 0.29 0.00 0.00 0.00 0.00 0.00 0.00 0.00 0.00 0.00 0.00 0.00 0.00 0.00 2.26 8.47 15.40 19.13 21.39 18.61 17.01 16.86 16.86 14.24 12.78 8.54 5.99 5.04 4.67 4.02 2.85 0.51 0.07 0.00 0.00 0.00 0.07 0.00
7.74 0.00 0.00 7.01 4.16 1.53 0.00 0.00 0.00 0.00 0.00 0.00 0.00 1.68 2.04 5.18 10.15 10.15 10.15 6.16 2.56 0.00 0.00 0.00 0.00 0.00 0.00 0.00 0.00 0.00 8.40 16.13 20.95 24.92 25.37 24.86 20.75 16.36 11.97 8.69 6.28 2.26 0.58 0.58 0.22 0.00 0.00 0.00 0.00 0.00 0.00 0.00 0.00 0.00 0.00 0.00 0.00 0.00 0.00 0.00 0.00 0.00 7.45 15.18 21.10 21.10 19.27 17.52 17.52 14.45 9.71 5.77 4.02 2.92 2.92 2.26 0.44 0.37 0.00 0.00 0.00 0.00 0.00 0.00
10.95 13.80 16.50 15.26 11.10 8.69 0.00 0.00 0.00 0.95 0.58 0.00 0.00 0.00 0.00 8.18 11.83 10.66 10.66 8.40 5.69 3.14 0.29 0.00 0.00 0.00 0.00 0.00 0.00 0.00 2.70 5.99 13.72 21.32 25.74 26.79 28.48 23.58 20.73 18.32 15.70 10.88 3.94 3.94 0.00 0.00 0.00 0.00 0.00 0.00 0.00 0.00 0.00 0.00 0.00 0.00 0.00 0.00 0.00 0.00 0.00 0.00 7.01 15.04 19.64 19.27 18.10 15.77 15.77 11.32 7.01 4.45 2.85 2.77 3.07 2.70 1.61 1.24 0.80 0.58 0.00 1.46 1.61 0.66
5.11 8.91 14.53 15.04 10.73 9.56 0.00 0.00 0.00 0.00 0.00 0.00 0.00 0.00 0.00 7.30 7.45 2.70 2.70 0.22 0.00 0.00 0.00 0.00 0.00 0.00 0.00 0.00 0.00 0.00 0.00 0.00 0.00 0.00 0.00 9.05 15.34 19.14 22.64 22.49 17.96 16.72 12.12 12.12 5.48 2.77 1.83 0.44 0.00 0.00 0.00 0.00 0.00 0.00 0.00 0.00 0.00 0.00 0.00 0.00 0.00 0.00 3.65 9.05 14.16 15.04 13.43 10.37 10.37 6.57 3.43 1.90 0.44 0.66 1.75 3.58 4.53 3.14 1.97 3.72 2.48 1.46 2.04 1.61
0.00 0.00 5.91 6.06 3.36 0.00 0.88 0.00 0.00 0.00 0.00 0.00 0.00 0.58 3.21 3.94 0.73 0.00 0.00 0.00 0.00 0.00 0.00 0.00 0.00 0.00 0.00 0.00 0.00 0.00 0.00 0.00 0.00 0.00 0.00 3.07 13.72 16.57 19.64 21.49 18.86 17.67 15.55 15.55 10.22 7.45 6.28 3.36 1.31 0.37 0.00 0.00 0.00 0.00 0.00 0.00 0.00 0.00 2.41 3.72 2.34 0.00 0.00 0.00 2.41 4.67 6.28 4.23 4.23 0.00 0.00 0.00 0.00 0.00 0.29 1.10 3.07 3.80 4.53 2.85 1.97 1.97 1.68 1.10
0.00 0.00 0.00 0.00 0.00 0.00 0.00 0.00 0.00 0.00 0.00 0.00 0.00 0.00 0.22 0.00 0.00 0.00 0.00 0.00 0.00 0.00 0.00 0.00 0.00 0.00 0.00 0.00 0.00 0.00 0.00 0.00 0.00 0.00 0.00 0.00 2.85 5.01 4.53 9.13 12.09 11.68 14.31 14.31 12.19 9.86 10.44 10.22 9.27 6.57 3.43 1.75 0.73 0.00 0.00 0.00 0.00 0.00 0.00 0.00 2.70 2.19 0.73 0.00 0.00 0.00 0.00 0.00 0.00 0.00 0.00 0.00 0.00 0.00 0.00 0.00 0.00 2.26 2.63 0.44 1.53 1.17 0.00 1.31
0.00 0.00 0.00 0.00 0.00 0.00 0.00 0.00 0.00 0.00 0.00 0.00 0.00 0.00 0.22 0.00 0.00 0.00 0.00 0.00 0.00 0.00 0.00 0.00 0.00 0.00 0.00 0.00 0.00 0.00 0.00 0.00 0.00 0.00 0.00 0.00 2.85 4.99 4.57 9.13 11.97 11.68 14.31 14.31 12.19 9.86 10.44 10.22 9.27 6.57 3.43 1.75 0.73 0.00 0.00 0.00 0.00 0.00 0.00 0.00 2.70 2.19 0.73 0.00 0.00 0.00 0.00 0.00 0.00 0.00 0.00 0.00 0.00 0.00 0.00 0.00 0.00 2.26 2.63 0.44 1.53 1.17 0.00 1.31
0.00 0.00 0.00 0.00 0.00 0.00 0.00 0.00 0.00 0.00 0.00 0.00 0.00 0.00 0.00 0.00 0.00 0.00 0.00 0.00 0.00 0.00 0.00 0.00 0.00 0.00 0.00 0.00 0.00 0.00 0.00 0.00 0.00 0.00 0.00 0.00 0.22 0.00 0.00 1.83 3.58 2.04 3.87 3.87 4.74 5.91 7.15 9.27 11.83 12.56 9.93 5.62 2.77 0.95 0.00 0.00 0.00 0.00 0.00 0.00 0.00 0.00 0.00 0.66 0.22 0.00 0.00 0.00 0.00 0.00 0.00 0.00 0.00 0.00 0.00 0.00 0.00 0.00 0.00 0.00 0.51 0.73 0.00 1.68
