Wansh/Snow_depth/snowdepth-1991/spring/1991099.txt
ncols 321
nrows 161
xllcenter 60
yllcenter 15 
cellsize  0.25 
NODATA_value -1
[rows 0 to 36 of 161, columns 84 to 167 of 321]
26.57 25.33 23.36 20.00 15.99 11.90 10.29 9.71 11.24 13.29 13.94 14.31 14.38 16.64 15.55 15.55 0.00 0.00 0.00 0.00 0.00 0.00 0.00 11.83 13.51 13.58 6.64 4.38 3.21 2.48 3.36 4.60 6.79 8.61 6.35 6.13 5.11 5.04 4.82 3.94 2.63 5.48 7.81 7.81 9.05 8.10 7.01 5.62 3.80 3.87 6.94 6.57 6.13 7.01 7.37 7.45 7.30 7.01 6.20 5.91 4.74 2.99 2.26 1.75 0.73 0.80 1.17 1.97 1.97 2.99 3.94 4.96 6.13 6.64 5.84 5.11 5.62 6.42 7.59 9.56 10.29 9.64 9.64 10.88
22.41 22.70 21.17 16.28 13.87 11.24 10.22 10.88 13.36 13.72 13.21 0.00 9.56 0.00 11.17 0.00 0.00 0.00 0.00 0.00 0.00 0.00 0.00 0.00 0.00 0.00 13.14 4.96 2.77 2.19 2.63 3.72 5.18 5.91 4.09 1.53 0.00 0.00 0.00 0.00 0.00 7.01 10.00 10.00 11.68 11.24 10.00 7.37 5.18 3.50 3.36 3.36 4.02 4.45 4.31 3.80 4.67 4.89 5.55 5.48 4.89 4.53 4.02 3.50 4.02 3.43 2.63 3.58 3.58 5.48 6.06 7.15 7.66 8.03 8.32 8.40 8.32 8.83 8.10 8.10 8.18 9.05 8.91 9.20
18.91 18.54 17.45 16.13 14.89 15.04 15.04 14.97 16.28 17.08 15.26 14.53 13.14 11.61 6.28 0.00 0.00 0.00 0.00 0.00 0.00 0.00 0.00 0.00 0.00 0.00 0.00 8.83 3.50 2.41 3.87 3.50 3.50 4.23 4.53 4.23 3.36 0.00 0.00 0.00 1.46 3.21 4.89 4.89 5.11 8.54 11.17 12.34 10.88 7.66 5.55 3.94 2.77 3.14 3.50 2.34 4.74 5.33 6.50 7.74 8.10 7.81 7.59 7.66 7.74 7.88 8.10 8.47 8.47 8.98 9.27 8.61 8.69 9.27 10.44 11.68 13.87 14.53 12.56 9.78 9.71 10.15 10.22 10.44
18.91 18.54 17.45 16.13 14.89 15.04 15.04 14.97 16.28 17.08 15.26 14.53 13.14 11.61 6.28 0.00 0.00 0.00 0.00 0.00 0.00 0.00 0.00 0.00 0.00 0.00 0.00 8.83 3.50 2.41 3.87 3.50 3.50 4.23 4.53 4.23 3.36 0.00 0.00 0.00 1.46 3.21 4.89 4.89 5.11 8.54 11.17 12.34 10.88 7.66 5.55 3.94 2.77 3.14 3.50 2.34 4.74 5.33 6.50 7.74 8.10 7.81 7.59 7.66 7.74 7.88 8.10 8.47 8.47 8.98 9.27 8.61 8.69 9.27 10.44 11.68 13.87 14.53 12.56 9.78 9.71 10.15 10.22 10.44
14.09 14.97 15.55 15.26 14.67 14.45 15.91 17.74 19.27 19.64 20.00 18.83 18.18 17.30 8.98 0.00 0.00 0.00 0.00 0.00 0.00 0.00 0.00 0.00 0.00 0.00 0.00 0.00 6.35 4.31 4.38 3.58 4.09 5.11 6.57 8.25 7.66 5.04 2.92 0.88 0.00 0.00 0.80 0.80 0.29 2.41 4.96 9.13 11.17 11.24 8.91 6.06 4.31 3.58 2.85 2.99 3.43 3.87 5.62 6.79 8.25 9.27 10.22 10.00 9.56 9.93 10.66 10.51 10.51 9.93 9.64 9.64 9.42 9.78 10.15 11.61 13.14 15.26 13.94 11.75 11.53 11.97 12.34 12.92
15.55 14.24 14.67 16.21 15.91 14.60 13.43 12.48 12.48 13.65 15.84 18.83 19.20 20.37 21.46 17.96 0.00 0.00 0.00 0.00 0.00 0.00 0.00 0.00 0.00 0.00 0.00 0.00 0.00 4.31 4.45 3.80 3.58 4.38 6.13 7.88 7.08 4.02 0.44 0.00 0.00 0.00 0.00 0.00 0.00 0.00 1.39 5.04 8.76 10.29 8.98 5.91 3.94 3.21 2.56 2.77 4.02 3.80 4.60 7.45 8.40 10.00 11.17 11.83 12.63 13.43 12.41 10.80 10.80 9.93 9.78 9.86 9.86 9.93 9.49 9.05 9.05 8.91 8.69 9.42 10.73 14.45 15.84 16.21
22.12 21.02 20.08 19.20 18.03 17.30 17.08 16.94 16.35 15.18 14.38 14.82 17.74 20.44 22.05 24.60 0.00 0.00 0.00 0.00 0.00 0.00 0.00 0.00 0.00 0.00 0.00 0.00 0.00 0.00 3.58 2.85 3.94 4.38 5.48 6.64 6.72 3.58 0.00 0.00 0.00 0.00 0.00 0.00 0.00 0.00 1.97 4.09 6.42 7.23 5.62 4.31 3.21 2.77 3.36 3.29 3.94 5.04 5.48 8.69 9.86 11.32 12.99 15.04 15.48 16.06 15.04 13.14 13.14 12.34 11.75 11.75 11.61 11.39 11.24 10.95 10.73 9.64 8.10 7.81 8.83 10.00 13.87 15.62
22.12 21.02 20.08 19.20 18.03 17.30 17.08 16.94 16.35 15.18 14.38 14.82 17.74 20.44 22.05 24.60 0.00 0.00 0.00 0.00 0.00 0.00 0.00 0.00 0.00 0.00 0.00 0.00 0.00 0.00 3.58 2.85 3.94 4.38 5.48 6.64 6.72 3.58 0.00 0.00 0.00 0.00 0.00 0.00 0.00 0.00 1.97 4.09 6.42 7.23 5.62 4.31 3.21 2.77 3.36 3.29 3.94 5.04 5.48 8.69 9.86 11.32 12.99 15.04 15.48 16.06 15.04 13.14 13.14 12.34 11.75 11.75 11.61 11.39 11.24 10.95 10.73 9.64 8.10 7.81 8.83 10.00 13.87 15.62
24.38 24.53 24.16 22.78 21.61 21.02 20.08 19.42 18.54 17.67 15.33 13.80 15.18 17.96 21.32 25.77 21.53 0.00 0.00 0.00 0.00 0.00 0.00 0.00 0.00 0.00 0.00 0.00 0.00 3.80 3.58 2.77 3.58 4.09 5.84 8.32 7.59 3.29 0.58 0.00 0.00 0.00 0.22 0.22 0.00 0.00 0.88 4.02 4.89 4.60 4.02 4.02 4.60 4.96 4.74 5.11 6.28 7.96 9.05 7.74 10.66 11.61 12.48 13.94 13.80 14.53 14.24 13.80 13.80 12.56 12.70 12.99 13.51 13.87 13.72 12.92 12.19 11.39 10.95 8.98 8.98 8.91 9.42 10.95
27.01 26.43 25.04 23.36 21.97 21.02 19.56 18.69 18.40 17.08 16.21 14.97 14.45 16.35 21.17 28.03 28.62 25.48 25.48 0.00 0.00 0.00 0.00 0.00 0.00 0.00 0.00 4.45 3.94 4.16 3.94 2.41 3.43 3.14 5.18 7.30 6.57 5.55 4.60 4.02 3.87 3.65 2.99 2.99 2.99 2.77 3.21 3.29 4.67 5.99 7.08 8.10 9.71 10.44 9.13 9.05 9.13 9.34 8.40 8.83 8.76 10.07 10.88 11.10 10.95 12.26 12.63 12.41 12.41 12.41 12.56 12.85 12.99 13.29 12.99 12.56 12.85 14.75 15.26 14.24 11.90 9.71 7.45 7.37
26.21 25.77 24.24 22.92 22.12 20.51 19.05 19.56 19.35 19.35 18.83 19.49 21.17 20.81 20.66 23.00 29.13 27.38 27.38 28.69 0.00 0.00 0.00 0.00 0.00 0.00 0.00 0.00 0.00 3.29 2.63 2.41 2.56 2.92 2.48 5.33 6.57 7.23 6.13 5.40 5.33 5.11 5.48 5.48 5.99 6.13 5.55 5.40 5.84 9.27 9.93 13.51 15.77 13.07 12.41 11.17 10.95 11.68 11.83 11.24 11.53 9.13 12.12 10.88 10.37 12.19 12.56 13.36 13.36 14.38 15.04 14.60 14.09 13.80 12.63 11.68 13.21 15.84 17.16 16.43 12.92 10.73 10.07 9.34
26.21 25.77 24.24 22.92 22.12 20.51 19.05 19.56 19.35 19.35 18.83 19.49 21.17 20.81 20.66 23.00 29.13 27.38 27.38 28.69 0.00 0.00 0.00 0.00 0.00 0.00 0.00 0.00 0.00 3.29 2.63 2.41 2.56 2.92 2.48 5.33 6.57 7.23 6.13 5.40 5.33 5.11 5.48 5.48 5.99 6.13 5.55 5.40 5.84 9.27 9.93 13.51 15.77 13.07 12.41 11.17 10.95 11.68 11.83 11.24 11.53 9.13 12.12 10.88 10.37 12.19 12.56 13.36 13.36 14.38 15.04 14.60 14.09 13.80 12.63 11.68 13.21 15.84 17.16 16.43 12.92 10.73 10.07 9.34
22.12 22.70 22.63 21.75 19.56 17.67 16.50 16.06 14.82 15.99 19.20 22.27 23.00 24.82 24.75 25.19 26.57 24.09 24.09 25.19 21.24 0.00 0.00 0.00 0.00 0.00 0.00 2.77 2.70 3.29 3.87 3.80 3.87 5.26 4.09 7.01 8.03 8.47 8.69 7.88 9.42 9.56 8.98 8.98 8.10 6.86 6.86 7.01 8.98 8.69 15.62 19.78 20.81 17.01 13.21 11.02 11.97 13.51 14.60 13.94 13.80 13.29 12.56 10.51 10.80 11.10 11.83 12.78 12.78 14.60 16.64 17.45 16.64 16.21 15.11 14.31 15.11 15.91 17.16 16.35 14.16 13.07 12.19 11.46
20.37 21.97 22.56 22.41 18.98 15.40 11.53 11.90 12.99 12.78 11.83 15.99 17.23 19.05 19.93 18.32 19.20 17.59 17.59 15.91 12.26 8.18 0.00 0.00 4.16 4.16 4.45 3.94 4.60 6.72 8.25 9.34 9.49 9.86 11.53 7.66 12.70 13.29 13.14 12.19 11.61 9.64 8.54 8.54 8.54 8.91 9.78 11.10 11.68 12.41 12.78 15.77 14.75 11.53 9.13 9.05 11.46 13.51 12.99 11.17 11.10 11.39 11.17 10.88 12.92 12.70 12.78 14.02 14.02 14.31 16.50 18.47 17.96 17.67 17.08 16.35 15.11 12.92 11.68 9.49 10.22 10.00 8.76 8.91
22.78 22.63 22.27 20.81 18.54 15.26 11.61 8.69 8.54 9.86 10.88 10.66 10.37 11.17 12.48 13.14 11.17 11.90 11.90 10.73 8.54 7.52 7.96 4.74 6.13 5.77 6.13 6.50 8.76 10.66 12.48 14.02 15.91 15.33 14.53 13.87 13.58 12.99 11.10 9.86 8.61 8.32 9.42 9.42 12.99 12.99 13.36 14.16 13.07 12.92 12.48 12.92 13.65 13.14 15.77 17.52 18.61 16.06 12.34 8.32 7.37 7.96 8.76 9.20 10.80 11.39 12.70 13.14 13.14 13.14 14.89 16.28 16.64 15.62 13.87 13.21 12.78 7.66 0.00 0.00 4.45 7.74 8.54 8.76
17.74 17.08 18.54 19.35 19.05 15.77 11.68 8.54 8.10 8.10 8.18 7.96 7.59 6.06 5.69 6.50 6.79 8.76 8.76 9.27 7.52 7.01 7.59 8.69 5.33 7.45 8.10 7.37 8.61 11.02 13.14 14.97 16.13 15.11 11.97 10.29 8.54 9.93 6.50 8.91 12.48 13.51 14.16 14.16 14.24 13.29 11.97 11.17 10.80 11.61 12.99 12.34 15.48 16.79 20.44 22.70 23.07 16.57 10.59 6.28 5.84 6.64 7.37 7.52 7.52 7.96 13.14 14.02 14.02 13.65 15.33 15.33 13.14 9.86 7.30 8.98 10.73 5.48 0.00 0.00 5.77 9.20 8.25 8.69
17.74 17.08 18.54 19.35 19.05 15.77 11.68 8.54 8.10 8.10 8.18 7.96 7.59 6.06 5.69 6.50 6.79 8.76 8.76 9.27 7.52 7.01 7.59 8.69 5.33 7.45 8.10 7.37 8.61 11.02 13.14 14.97 16.13 15.11 11.97 10.29 8.54 9.93 6.50 8.91 12.48 13.51 14.16 14.16 14.24 13.29 11.97 11.17 10.80 11.61 12.99 12.34 15.48 16.79 20.44 22.70 23.07 16.57 10.59 6.28 5.84 6.64 7.37 7.52 7.52 7.96 13.14 14.02 14.02 13.65 15.33 15.33 13.14 9.86 7.30 8.98 10.73 5.48 0.00 0.00 5.77 9.20 8.25 8.69
19.42 14.82 14.60 16.57 17.81 16.50 13.21 9.56 8.18 8.25 8.47 9.78 9.78 9.78 6.86 5.77 5.55 7.23 7.23 8.98 7.66 6.79 6.50 7.96 5.69 5.69 7.37 6.79 6.86 8.32 10.59 13.07 14.89 14.02 12.78 9.05 5.91 5.77 3.72 11.46 13.65 14.02 13.65 13.65 12.78 11.61 11.02 11.75 12.85 9.49 9.49 10.66 12.05 13.65 17.45 19.71 19.35 14.38 10.59 7.81 8.83 11.46 11.90 9.42 8.83 11.32 10.29 13.94 13.94 14.75 15.77 15.11 11.53 9.05 7.88 8.47 8.25 2.77 0.00 0.00 5.18 6.64 5.48 6.35
16.94 19.49 21.02 23.43 24.24 23.65 20.37 15.40 10.88 10.95 11.17 11.39 11.97 11.97 12.63 12.19 11.46 11.10 11.10 7.37 9.93 8.91 6.35 5.18 7.59 5.04 7.81 8.76 8.76 9.49 11.02 12.34 14.24 15.18 13.65 10.80 8.25 7.01 6.28 7.88 9.13 9.27 10.15 10.15 10.44 12.63 19.13 22.05 23.14 18.25 15.40 15.33 16.94 12.26 19.71 23.00 25.04 21.17 17.67 14.60 16.43 17.59 16.94 15.40 15.11 14.75 12.26 13.58 13.58 17.08 18.47 16.79 14.24 11.24 9.56 6.72 3.58 1.02 0.00 0.80 1.83 1.61 2.34 3.29
5.26 9.64 13.14 15.99 19.78 23.73 24.16 21.32 17.23 14.45 13.87 13.87 13.87 13.65 13.43 11.75 10.59 10.88 10.88 10.95 12.12 11.32 8.91 7.01 7.45 10.15 5.91 10.29 8.83 8.32 8.03 9.27 10.44 11.24 11.17 9.86 7.01 4.60 3.50 5.04 4.67 4.45 8.32 8.32 11.83 17.23 25.11 28.69 28.11 22.85 21.83 22.70 24.24 25.48 21.24 28.03 30.51 29.13 25.77 21.83 20.66 21.46 21.39 19.93 19.20 17.89 18.40 14.75 14.75 22.05 18.40 12.92 9.05 7.37 5.18 3.36 1.97 1.39 1.46 1.46 0.58 1.24 2.41 3.14
0.00 6.35 11.24 12.41 11.46 11.61 16.13 19.27 20.88 22.27 22.70 21.68 20.22 17.16 15.26 13.36 12.48 12.05 12.05 9.56 12.63 12.48 11.61 10.51 11.24 13.43 15.33 9.86 9.34 6.79 4.31 3.50 3.50 4.96 6.06 5.99 2.92 1.46 1.17 0.00 1.83 4.96 8.40 8.40 11.61 14.53 15.84 18.32 18.10 16.43 18.25 20.44 25.40 27.30 27.74 25.55 32.19 30.30 27.45 23.58 21.61 22.34 23.65 23.29 21.90 21.10 22.12 22.78 22.78 21.83 10.88 5.33 1.39 2.34 2.56 2.34 1.90 1.75 1.24 1.10 0.44 0.88 2.19 3.14
0.00 2.85 8.69 13.58 13.14 10.37 9.71 13.80 16.13 17.01 22.27 24.89 27.74 26.72 22.05 17.96 15.26 15.26 15.26 13.43 13.72 14.67 14.89 14.97 16.28 18.47 20.00 18.69 15.40 11.39 7.96 4.16 2.26 2.26 3.50 2.56 0.44 0.00 0.00 0.00 2.92 3.36 5.69 5.69 6.28 5.11 5.40 6.72 7.23 7.81 9.34 11.61 14.24 18.98 22.34 27.16 28.40 23.51 19.64 18.54 17.89 20.95 23.36 25.04 25.40 24.89 23.14 21.68 21.68 18.03 19.20 7.08 3.14 2.56 1.46 0.15 0.44 0.07 0.00 0.00 0.00 0.37 0.73 1.02
0.00 2.85 8.69 13.58 13.14 10.37 9.71 13.80 16.13 17.01 22.27 24.89 27.74 26.72 22.05 17.96 15.26 15.26 15.26 13.43 13.72 14.67 14.89 14.97 16.28 18.47 20.00 18.69 15.40 11.39 7.96 4.16 2.26 2.26 3.50 2.56 0.44 0.00 0.00 0.00 2.92 3.36 5.69 5.69 6.28 5.11 5.40 6.72 7.23 7.81 9.34 11.61 14.24 18.98 22.34 27.16 28.40 23.51 19.64 18.54 17.89 20.95 23.36 25.04 25.40 24.89 23.14 21.68 21.68 18.03 19.20 7.08 3.14 2.56 1.46 0.15 0.44 0.07 0.00 0.00 0.00 0.37 0.73 1.02
0.00 0.00 5.04 9.56 14.02 15.99 16.57 17.45 18.83 18.91 18.10 18.83 20.66 21.39 22.85 21.02 19.64 17.45 17.45 15.77 16.86 16.06 17.08 17.45 17.81 19.20 18.83 17.81 18.47 16.94 9.27 4.31 2.70 1.68 1.24 0.95 0.00 0.00 0.00 0.00 2.12 2.56 4.16 4.16 1.97 0.00 0.00 0.00 0.00 0.00 0.00 0.00 3.29 5.99 10.00 10.44 15.62 12.05 9.13 12.19 16.21 21.17 24.38 28.03 28.84 26.79 24.97 24.75 24.75 22.48 20.37 17.01 10.73 7.37 4.16 2.26 0.73 0.22 0.00 0.00 0.00 0.00 0.00 0.00
2.34 6.28 8.91 11.90 17.16 22.19 24.97 26.21 22.85 20.51 19.49 18.25 18.10 17.45 18.18 18.18 18.76 18.18 18.18 17.74 16.43 20.15 20.95 20.78 19.81 19.68 16.22 14.82 15.33 14.38 9.78 6.28 4.74 2.48 0.00 0.00 0.00 0.00 0.00 0.00 0.88 0.66 0.00 0.00 1.61 0.00 0.00 0.00 0.00 0.00 0.00 0.00 0.00 0.00 0.00 0.00 0.00 4.45 5.62 12.63 19.56 22.05 23.36 26.94 28.69 28.40 27.16 25.99 25.99 25.55 25.99 21.97 21.46 13.36 8.18 4.09 1.61 0.37 0.00 0.00 0.00 0.00 0.00 0.00
5.99 10.22 16.28 19.13 20.44 20.59 19.13 17.81 12.48 8.25 7.45 9.93 13.36 16.28 20.29 23.58 24.45 25.19 25.19 25.40 21.10 22.85 23.80 25.65 26.44 20.26 19.13 17.38 17.59 16.86 15.84 11.17 8.18 5.40 3.50 0.88 0.80 0.44 1.61 2.04 1.53 0.00 0.00 0.00 1.10 0.44 0.00 0.00 0.00 0.00 0.00 0.00 0.00 0.00 0.00 0.00 0.00 0.00 0.00 8.98 15.77 18.83 19.35 20.88 24.16 25.40 25.62 26.21 26.21 25.40 24.82 22.78 23.07 16.64 10.15 5.62 2.92 2.48 1.10 1.39 0.88 0.00 0.00 0.00
8.18 9.20 11.10 10.44 10.51 8.40 5.91 0.00 0.66 0.00 0.00 0.00 0.58 3.80 10.29 15.11 19.78 20.08 20.08 19.93 17.30 24.16 17.16 22.28 22.69 22.47 22.94 21.46 20.92 19.37 17.37 16.64 11.90 10.51 6.72 4.82 4.38 3.43 2.99 2.19 0.80 0.51 0.00 0.00 0.00 0.88 0.00 0.00 0.00 0.00 0.00 0.00 0.00 0.00 0.00 0.00 0.00 0.00 0.00 0.00 9.20 13.07 14.24 16.43 17.37 15.91 19.78 22.70 22.70 22.27 21.53 20.15 17.81 19.86 11.68 8.98 7.74 5.18 2.77 2.41 1.46 0.07 0.00 0.00
5.26 7.01 6.50 4.45 2.48 0.00 0.00 0.00 0.00 0.00 0.00 0.00 0.00 0.00 0.00 0.22 0.00 0.00 0.00 0.00 0.00 13.19 4.59 7.15 10.38 15.77 21.22 25.23 23.52 20.65 21.28 19.13 17.67 17.59 13.65 11.53 9.78 6.06 4.09 2.19 1.02 0.51 0.00 0.00 0.00 0.00 2.26 0.00 0.00 0.00 0.00 0.00 0.00 0.00 0.00 0.00 0.00 0.00 0.00 0.00 4.23 9.49 13.29 15.84 15.18 14.38 14.97 18.54 18.54 19.27 18.18 15.77 12.70 10.15 12.70 8.98 7.88 4.02 2.19 2.70 1.97 0.95 0.88 0.00
5.26 7.01 6.50 4.45 2.48 0.00 0.00 0.00 0.00 0.00 0.00 0.00 0.00 0.00 0.00 0.22 0.00 0.00 0.00 0.00 0.00 14.12 4.48 7.34 10.22 15.77 20.59 23.45 21.97 20.96 21.49 19.92 19.85 18.62 14.00 11.53 9.78 6.06 4.09 2.19 1.02 0.51 0.00 0.00 0.00 0.00 2.26 0.00 0.00 0.00 0.00 0.00 0.00 0.00 0.00 0.00 0.00 0.00 0.00 0.00 4.23 9.49 13.29 15.84 15.18 14.38 14.97 18.54 18.54 19.27 18.18 15.77 12.70 10.15 12.70 8.98 7.88 4.02 2.19 2.70 1.97 0.95 0.88 0.00
5.26 4.02 3.50 2.34 0.00 0.00 0.00 0.00 0.00 0.00 0.00 0.00 0.00 0.00 0.00 0.00 0.00 0.00 0.00 0.00 0.00 0.00 0.00 0.00 0.00 3.32 7.45 10.42 9.78 13.50 19.54 22.39 25.47 23.05 20.02 18.23 15.93 11.61 7.74 4.16 2.48 0.80 1.02 1.02 1.68 0.00 0.00 3.43 1.75 0.00 0.00 0.00 0.00 0.00 0.00 0.00 0.00 0.00 0.00 0.00 0.00 4.02 7.01 11.46 16.28 18.32 16.50 16.50 16.50 17.08 13.80 11.32 9.05 7.01 8.18 7.88 6.64 3.21 3.36 3.94 2.77 2.34 2.63 2.19
11.75 11.39 8.76 5.33 3.21 0.00 0.00 0.00 0.00 0.00 0.00 0.00 0.00 0.37 0.58 3.50 5.48 3.36 3.36 1.03 0.00 0.00 0.00 0.00 0.00 0.00 0.00 0.00 0.00 0.00 8.40 16.13 20.95 21.46 25.61 24.07 21.27 16.51 13.65 9.20 7.66 4.74 3.21 3.21 0.51 0.29 0.00 1.53 0.73 1.97 1.68 0.00 0.00 0.00 0.00 0.00 0.00 0.00 0.00 0.00 0.00 0.00 2.41 7.52 16.06 19.78 17.37 16.28 16.28 15.84 13.14 8.32 5.84 5.04 5.18 5.91 4.38 3.14 3.65 4.38 4.09 3.36 2.92 3.29
9.42 13.72 12.70 11.83 12.05 10.88 10.29 9.93 9.05 5.04 2.12 0.29 1.24 2.63 4.31 6.28 8.32 7.88 7.88 4.31 1.46 0.07 0.00 0.00 0.00 0.00 0.00 0.00 0.00 0.00 2.70 5.99 13.72 21.32 20.44 23.71 28.08 23.21 19.64 18.54 15.40 11.17 6.28 6.28 1.68 0.66 0.00 0.00 0.00 0.00 0.88 0.00 0.00 0.00 0.00 0.00 0.00 0.00 0.00 0.00 0.00 0.00 0.00 8.03 16.57 18.69 16.50 13.94 13.94 13.87 9.49 4.16 2.99 2.19 2.48 2.99 4.82 4.53 3.58 3.43 3.72 3.72 3.80 2.63
0.00 0.00 3.29 5.26 5.55 7.66 9.34 10.59 9.71 9.34 8.25 7.23 7.15 7.30 7.15 6.13 5.69 4.31 4.31 3.50 1.75 0.22 0.00 0.00 0.00 0.00 0.00 0.00 0.00 0.00 0.00 0.00 0.00 0.00 11.75 16.64 24.09 27.76 26.37 23.60 20.88 15.70 10.59 10.59 5.99 2.56 1.24 0.00 0.00 0.00 0.00 0.07 0.00 0.00 0.00 0.00 0.00 0.00 0.00 0.00 0.00 0.00 0.00 6.42 12.34 12.56 10.51 10.80 10.80 7.23 2.63 0.95 0.07 0.29 0.80 1.75 3.14 3.72 2.99 3.72 3.14 3.72 2.99 2.56
0.00 0.00 0.00 0.00 0.00 0.00 0.00 0.00 0.00 0.00 0.00 2.85 6.06 6.50 5.77 3.50 0.58 0.00 0.00 0.00 0.00 0.00 0.00 0.00 0.00 0.00 0.00 0.00 0.00 0.00 0.00 0.00 0.00 0.00 0.00 3.14 15.48 17.52 17.79 19.77 19.88 15.62 15.70 15.70 11.83 7.66 5.40 3.94 2.99 0.44 0.00 0.00 0.00 0.00 0.00 0.00 0.00 0.00 0.00 0.80 1.46 1.24 0.95 0.00 3.72 2.77 3.43 4.16 4.16 0.00 0.00 0.00 0.00 0.00 0.00 0.29 0.80 1.68 3.58 3.21 1.02 1.75 1.68 1.90
0.00 0.00 0.00 0.00 0.00 0.00 0.00 0.00 0.00 0.00 0.00 0.00 2.12 3.29 2.34 0.00 0.00 0.00 0.00 0.00 0.00 0.00 0.00 0.00 0.00 0.00 0.00 0.00 0.00 0.00 0.00 0.00 0.00 0.00 0.00 0.00 0.00 2.80 5.69 7.59 11.06 12.41 12.05 12.05 11.97 9.49 9.34 8.47 8.32 8.47 3.07 1.53 1.17 0.00 0.00 0.00 0.00 0.00 0.00 0.00 1.68 1.46 0.73 0.00 0.00 0.00 0.00 0.00 0.00 0.00 0.00 0.00 0.00 0.00 0.00 0.29 0.00 0.00 0.73 0.80 0.00 0.88 0.95 0.88
0.00 0.00 0.00 0.00 0.00 0.00 0.00 0.00 0.00 0.00 0.00 0.00 2.12 3.29 2.34 0.00 0.00 0.00 0.00 0.00 0.00 0.00 0.00 0.00 0.00 0.00 0.00 0.00 0.00 0.00 0.00 0.00 0.00 0.00 0.00 0.00 0.00 2.79 5.75 7.59 10.95 12.41 12.05 12.05 11.97 9.49 9.34 8.47 8.32 8.47 3.07 1.53 1.17 0.00 0.00 0.00 0.00 0.00 0.00 0.00 1.68 1.46 0.73 0.00 0.00 0.00 0.00 0.00 0.00 0.00 0.00 0.00 0.00 0.00 0.00 0.29 0.00 0.00 0.73 0.80 0.00 0.88 0.95 0.88
0.00 0.00 0.00 0.00 0.00 0.00 3.87 2.89 1.26 0.00 0.00 0.00 0.73 0.00 0.00 0.00 0.00 0.00 0.00 0.00 0.00 0.00 0.00 0.00 0.00 0.00 0.00 0.00 0.00 0.00 0.00 0.00 0.00 0.00 0.00 0.00 0.00 0.00 0.00 0.80 2.99 2.92 3.29 3.29 4.89 5.62 6.94 7.01 9.27 10.95 9.49 7.74 3.80 1.53 0.00 0.00 0.00 0.00 0.00 0.00 0.00 0.00 0.00 0.00 1.02 0.00 0.00 0.00 0.00 0.00 0.00 0.00 0.00 0.00 0.00 0.00 0.00 0.00 0.00 0.00 0.00 0.00 0.00 0.58
