Wansh/Snow_depth/snowdepth-1991/spring/1991088.txt
ncols 321
nrows 161
xllcenter 60
yllcenter 15 
cellsize  0.25 
NODATA_value -1
[rows 0 to 36 of 161, columns 0 to 83 of 321]
0.00 0.00 0.00 0.00 0.00 0.00 0.00 0.00 0.00 0.00 0.00 0.00 0.00 0.00 0.00 0.00 0.00 0.00 0.00 0.00 0.00 0.00 0.00 0.00 0.00 0.00 0.00 0.00 0.00 0.00 0.00 0.00 0.00 0.00 0.00 0.00 0.00 0.00 4.53 7.88 11.75 12.41 11.97 12.63 13.72 14.53 15.55 16.57 16.06 16.13 15.55 15.55 14.82 14.89 15.55 16.79 18.18 18.61 19.20 19.42 20.08 19.86 19.86 22.70 22.41 22.56 22.34 20.59 19.78 19.13 18.83 16.72 14.24 15.70 16.79 17.30 17.30 18.10 19.42 19.78 19.64 20.15 20.81 20.37
0.00 0.00 0.00 0.00 0.00 0.00 0.00 0.00 0.00 0.00 0.00 0.00 0.00 0.00 0.00 0.00 0.00 0.00 0.00 0.00 0.00 0.00 0.00 0.00 0.00 0.00 0.00 0.00 0.00 0.00 0.00 0.00 0.00 0.00 0.00 0.00 0.00 3.87 5.62 7.88 9.05 9.34 8.98 9.49 10.44 11.17 11.53 11.75 12.85 14.38 14.53 14.53 15.11 14.45 14.60 15.84 15.99 17.08 16.86 16.86 19.27 19.42 19.86 19.35 19.05 18.40 17.89 16.94 15.04 13.80 13.21 14.09 10.51 14.24 15.55 17.23 17.23 18.32 18.76 19.93 20.29 19.86 19.42 17.59
0.00 0.00 0.00 0.00 0.00 0.00 0.00 0.00 0.00 0.00 0.00 0.00 0.00 0.00 0.00 0.00 0.00 0.00 0.00 0.00 0.00 0.00 0.00 0.00 0.00 0.00 0.00 0.00 0.00 0.00 0.00 0.00 0.00 1.83 2.92 3.94 6.79 8.40 8.91 8.61 8.47 9.13 9.42 8.76 8.69 9.71 10.51 11.10 10.29 10.44 11.32 11.32 11.75 11.75 12.05 11.61 12.12 13.29 14.24 13.94 14.16 15.04 15.99 15.70 15.77 16.13 16.86 16.21 15.48 15.26 15.11 15.33 16.72 14.09 15.70 15.99 15.99 16.28 17.30 18.54 18.40 17.01 15.99 15.11
0.00 0.00 0.00 0.00 0.00 0.00 0.00 0.00 0.00 0.00 0.00 0.00 0.00 0.00 0.00 0.00 0.00 0.00 0.00 0.00 0.00 0.00 0.00 0.00 0.00 0.00 0.00 0.00 0.00 0.00 0.00 0.00 0.00 1.83 2.92 3.94 6.79 8.40 8.91 8.61 8.47 9.13 9.42 8.76 8.69 9.71 10.51 11.10 10.29 10.44 11.32 11.32 11.75 11.75 12.05 11.61 12.12 13.29 14.24 13.94 14.16 15.04 15.99 15.70 15.77 16.13 16.86 16.21 15.48 15.26 15.11 15.33 16.72 14.09 15.70 15.99 15.99 16.28 17.30 18.54 18.40 17.01 15.99 15.11
6.20 6.20 5.40 4.74 5.11 6.79 7.66 7.81 8.32 9.27 10.00 9.86 9.42 8.32 9.71 0.00 0.00 0.00 17.89 18.47 0.00 0.00 0.00 0.00 0.00 0.00 0.00 0.00 0.00 0.00 5.11 5.84 6.20 6.20 7.23 6.94 6.94 7.45 8.47 8.98 8.47 7.59 7.74 8.83 9.34 8.69 8.47 8.61 8.91 8.03 8.03 8.03 9.27 10.00 10.88 10.44 10.37 9.78 11.24 12.34 13.65 14.09 14.89 15.48 16.64 17.37 17.59 16.50 15.99 16.28 15.70 15.84 15.84 16.06 14.16 14.02 14.02 15.11 15.84 16.13 15.99 15.99 14.97 15.18
8.40 8.40 8.98 8.61 8.61 9.20 10.07 10.73 11.68 12.85 12.78 12.63 12.41 14.02 14.31 14.82 16.06 18.03 18.91 18.47 0.00 0.00 0.00 0.00 0.00 0.00 0.00 4.31 4.89 5.69 7.01 8.76 10.37 10.73 10.15 9.05 8.47 8.10 8.25 8.10 7.96 7.74 7.66 8.18 9.05 9.20 8.18 7.30 6.72 6.64 6.79 6.79 6.86 8.10 8.83 8.69 8.47 8.61 8.61 9.86 11.02 15.04 12.92 16.94 17.74 18.10 17.81 17.30 16.28 15.62 14.89 14.89 15.04 15.40 16.13 13.87 13.87 14.45 15.18 15.40 15.26 15.55 15.33 15.26
9.05 9.05 10.29 9.78 9.42 10.07 11.53 12.70 0.00 0.00 15.84 15.99 16.57 17.23 17.37 17.59 17.96 17.74 17.30 14.75 12.56 9.71 0.00 0.00 5.62 5.99 5.99 6.42 7.08 7.37 9.20 10.22 10.37 10.07 10.15 10.73 10.00 8.91 8.69 8.32 8.32 8.32 8.61 9.42 10.00 10.29 9.49 8.47 7.96 6.13 5.62 5.62 5.69 6.79 8.32 8.03 9.20 9.34 9.13 9.27 10.44 11.53 14.45 13.65 15.99 15.55 14.97 15.04 14.53 13.36 13.14 13.51 15.11 15.55 15.18 15.26 15.26 12.63 14.24 14.24 14.97 16.28 16.72 17.23
9.05 9.05 10.29 9.78 9.42 10.07 11.53 12.70 0.00 0.00 15.84 15.99 16.57 17.23 17.37 17.59 17.96 17.74 17.30 14.75 12.56 9.71 0.00 0.00 5.62 5.99 5.99 6.42 7.08 7.37 9.20 10.22 10.37 10.07 10.15 10.73 10.00 8.91 8.69 8.32 8.32 8.32 8.61 9.42 10.00 10.29 9.49 8.47 7.96 6.13 5.62 5.62 5.69 6.79 8.32 8.03 9.20 9.34 9.13 9.27 10.44 11.53 14.45 13.65 15.99 15.55 14.97 15.04 14.53 13.36 13.14 13.51 15.11 15.55 15.18 15.26 15.26 12.63 14.24 14.24 14.97 16.28 16.72 17.23
10.66 10.66 10.59 10.95 11.90 12.19 12.63 13.87 15.40 16.50 16.64 16.64 17.23 17.45 17.67 17.59 17.16 15.40 14.38 11.97 9.64 8.61 7.74 7.66 7.81 7.59 7.59 7.74 8.69 9.56 10.15 10.73 11.46 11.39 11.17 11.17 11.24 11.10 10.44 9.56 8.47 8.40 8.40 8.69 9.56 9.64 9.34 9.56 9.78 8.61 6.79 6.79 5.99 5.40 5.84 7.01 7.59 8.32 8.98 9.20 10.37 11.61 12.70 14.38 14.82 13.21 12.41 12.85 13.65 12.99 13.14 13.65 13.36 14.60 15.11 15.18 15.18 15.77 13.94 13.58 13.72 16.06 17.37 18.69
10.51 10.51 9.71 10.22 11.17 12.56 13.43 13.94 14.82 15.33 15.70 15.84 16.57 17.45 17.08 16.64 15.40 14.02 11.61 10.51 9.20 8.83 9.13 9.56 9.71 10.22 10.22 10.37 10.66 10.95 11.75 11.97 12.19 13.14 12.92 12.05 11.39 12.05 12.63 12.12 11.61 10.95 11.39 10.95 11.17 10.51 10.22 10.51 10.95 10.95 10.59 10.59 7.59 5.91 5.48 6.20 6.50 8.83 9.71 9.27 9.93 10.00 12.12 13.65 13.65 12.41 12.26 13.80 13.14 13.14 12.85 12.70 12.70 13.65 15.55 18.03 18.03 19.13 18.98 16.21 14.53 17.01 17.45 18.03
11.61 11.61 10.00 9.78 9.93 9.93 10.73 12.05 13.07 14.31 14.67 15.04 15.48 15.55 15.11 12.63 12.26 12.48 11.61 10.29 9.78 9.42 10.22 11.32 12.99 13.07 13.07 12.63 13.14 13.72 13.80 13.36 13.58 13.58 12.99 12.85 12.12 11.75 12.34 13.58 13.65 13.94 13.07 12.78 12.99 12.70 11.90 11.61 11.39 11.61 10.88 10.88 9.71 8.83 8.25 7.88 9.34 10.73 11.83 12.12 11.10 11.17 11.61 12.19 14.53 14.09 13.29 14.60 13.58 13.58 13.43 12.99 13.07 14.31 16.64 18.10 18.10 19.93 21.46 21.10 21.24 19.78 18.10 18.54
11.61 11.61 10.00 9.78 9.93 9.93 10.73 12.05 13.07 14.31 14.67 15.04 15.48 15.55 15.11 12.63 12.26 12.48 11.61 10.29 9.78 9.42 10.22 11.32 12.99 13.07 13.07 12.63 13.14 13.72 13.80 13.36 13.58 13.58 12.99 12.85 12.12 11.75 12.34 13.58 13.65 13.94 13.07 12.78 12.99 12.70 11.90 11.61 11.39 11.61 10.88 10.88 9.71 8.83 8.25 7.88 9.34 10.73 11.83 12.12 11.10 11.17 11.61 12.19 14.53 14.09 13.29 14.60 13.58 13.58 13.43 12.99 13.07 14.31 16.64 18.10 18.10 19.93 21.46 21.10 21.24 19.78 18.10 18.54
13.87 13.87 13.14 12.34 11.24 9.42 8.61 9.86 11.68 13.65 14.02 14.09 13.72 13.29 13.43 12.85 12.99 13.72 13.07 11.32 10.73 10.73 11.97 13.29 14.45 14.89 14.89 14.60 14.60 14.45 13.94 14.82 15.26 15.40 14.82 14.89 14.82 14.45 14.24 14.02 14.53 14.89 14.89 14.82 14.60 13.36 11.90 11.24 10.88 11.39 11.02 11.02 10.22 10.00 10.15 11.39 12.41 13.80 14.45 14.31 14.53 14.67 15.33 12.56 15.99 16.28 16.21 15.04 15.40 15.70 14.45 13.58 13.72 14.60 15.99 16.06 16.06 16.79 19.42 21.97 21.83 20.88 20.51 14.45
16.21 16.21 16.13 14.97 13.51 10.80 9.56 9.93 12.56 14.16 14.38 14.97 14.82 14.97 15.62 15.26 15.48 15.91 14.60 12.56 12.34 12.26 13.21 14.67 16.21 16.35 16.35 15.99 15.33 15.77 16.57 16.72 16.06 16.35 17.16 17.37 17.81 17.23 16.35 15.70 15.18 14.75 14.53 14.45 14.09 13.58 12.99 12.70 11.32 10.95 11.02 11.02 11.39 11.24 12.70 13.94 16.94 16.64 17.08 17.37 16.79 16.57 16.57 15.04 18.32 17.96 16.86 18.03 16.86 16.86 15.70 15.11 14.53 15.40 17.01 16.94 16.94 17.30 18.03 18.54 17.96 16.64 16.79 11.39
15.04 15.04 15.91 15.55 14.31 12.56 11.97 12.92 15.77 17.45 18.61 18.32 19.35 19.20 18.61 18.10 17.89 18.03 16.72 15.70 14.89 15.04 14.82 15.26 16.21 17.52 17.52 17.45 16.94 16.94 17.52 17.45 17.08 16.64 16.06 16.06 17.08 17.52 17.08 16.35 15.40 14.60 14.60 15.04 15.33 15.04 14.89 14.02 13.14 12.56 12.63 12.63 12.26 12.26 12.70 16.06 17.16 18.98 18.83 17.08 17.52 17.52 17.67 15.70 17.96 17.81 17.52 17.81 18.61 17.45 17.89 17.81 18.10 19.35 20.44 20.95 20.95 20.15 19.64 19.05 18.18 17.67 15.84 13.65
10.95 10.95 12.56 15.11 15.77 15.84 17.16 18.61 20.81 22.19 22.70 22.19 20.73 19.13 18.32 17.96 17.89 19.13 18.76 18.47 18.76 18.47 18.32 17.16 17.30 17.96 17.96 18.61 19.05 18.91 18.61 18.32 17.30 16.13 15.18 14.67 15.26 14.82 14.97 15.04 14.82 14.31 14.16 14.75 15.55 15.48 15.26 14.89 13.80 12.99 12.99 12.99 13.51 14.09 13.36 14.67 15.99 15.84 17.52 18.10 18.25 16.94 16.72 16.43 16.79 17.45 18.25 17.96 18.69 19.49 19.05 19.56 21.17 22.78 23.94 23.58 23.58 23.29 22.19 21.02 19.86 19.42 18.83 18.83
10.95 10.95 12.56 15.11 15.77 15.84 17.16 18.61 20.81 22.19 22.70 22.19 20.73 19.13 18.32 17.96 17.89 19.13 18.76 18.47 18.76 18.47 18.32 17.16 17.30 17.96 17.96 18.61 19.05 18.91 18.61 18.32 17.30 16.13 15.18 14.67 15.26 14.82 14.97 15.04 14.82 14.31 14.16 14.75 15.55 15.48 15.26 14.89 13.80 12.99 12.99 12.99 13.51 14.09 13.36 14.67 15.99 15.84 17.52 18.10 18.25 16.94 16.72 16.43 16.79 17.45 18.25 17.96 18.69 19.49 19.05 19.56 21.17 22.78 23.94 23.58 23.58 23.29 22.19 21.02 19.86 19.42 18.83 18.83
9.56 9.56 11.39 12.92 15.26 17.81 20.66 22.34 23.73 25.33 26.06 25.26 23.43 21.39 19.71 20.15 20.73 21.46 22.48 22.63 22.85 21.97 19.64 18.18 17.96 17.37 17.37 17.59 18.10 18.61 19.35 19.13 18.25 16.43 14.09 13.51 12.85 12.85 12.92 12.48 12.48 12.70 12.78 12.41 12.48 12.99 13.65 14.38 14.53 14.31 13.65 13.65 12.78 14.02 14.97 15.11 15.26 15.48 15.70 15.48 15.11 15.91 15.18 14.45 15.11 15.04 14.02 13.29 15.26 15.55 17.59 17.23 18.03 20.59 23.94 24.67 24.67 24.24 23.94 22.85 20.22 18.25 18.25 17.89
11.46 11.46 12.70 15.11 18.98 22.85 24.31 26.57 27.67 28.62 28.32 27.59 27.01 27.30 26.50 25.77 26.28 26.06 25.99 25.77 25.04 23.94 23.65 21.61 20.15 18.98 18.98 18.03 16.35 16.79 18.10 18.91 18.61 17.37 14.16 10.44 9.56 9.93 10.51 10.59 11.32 11.97 11.97 12.19 13.36 14.38 14.82 15.77 15.99 15.70 15.55 15.55 15.77 15.40 15.40 15.48 15.48 15.48 15.40 14.67 15.11 15.70 14.60 12.63 11.68 12.85 10.00 8.47 7.81 6.86 6.86 10.00 8.10 13.72 19.49 22.48 22.48 23.51 23.00 22.63 18.47 16.43 15.70 15.55
15.77 15.77 17.23 20.59 25.04 27.67 29.13 30.66 31.76 31.68 31.46 31.97 30.88 30.22 30.95 30.88 29.57 28.25 27.67 27.38 27.16 26.65 24.89 23.58 22.92 20.44 20.44 17.16 15.55 15.40 16.35 17.30 17.01 15.91 14.60 12.70 10.29 10.88 11.68 12.26 13.65 13.58 14.24 14.82 15.70 16.64 16.94 17.74 18.69 19.35 18.91 18.91 17.67 17.01 16.72 16.72 15.91 15.62 15.62 15.11 15.26 15.33 15.48 15.48 12.85 5.40 9.27 7.15 5.77 3.87 3.14 2.77 2.99 9.42 13.58 17.89 17.89 19.49 20.29 19.78 17.89 16.64 16.50 16.57
21.97 21.97 23.80 27.16 28.91 29.57 31.32 32.49 33.00 32.78 33.00 33.29 31.54 29.71 29.35 29.86 28.84 28.69 28.69 27.67 27.08 26.50 25.11 23.65 22.78 19.71 19.71 15.26 13.29 14.16 14.60 15.26 16.43 16.06 15.26 15.48 14.67 14.97 15.11 17.23 18.32 19.13 18.54 17.45 17.16 17.67 18.61 19.35 20.08 20.44 19.49 19.49 17.96 16.79 17.23 16.94 16.86 16.64 16.57 15.91 14.89 14.45 14.97 14.67 13.58 8.76 12.41 10.59 9.64 8.10 5.40 3.58 4.16 3.87 7.37 10.15 10.15 11.10 12.99 15.55 16.35 16.72 16.86 14.97
27.59 27.59 28.84 29.64 29.13 29.13 30.30 30.37 29.93 29.78 31.61 31.90 29.93 27.45 25.99 25.99 27.08 27.52 27.45 27.30 25.40 23.00 21.46 21.02 21.46 19.35 19.35 15.04 13.36 13.58 14.60 15.70 17.08 17.52 17.81 18.18 17.89 17.96 18.61 19.20 19.86 19.56 19.35 19.13 18.54 18.25 19.35 20.81 21.10 20.44 19.56 19.56 18.54 16.94 16.43 17.16 17.74 18.25 18.40 17.37 15.62 14.02 13.36 13.14 13.07 11.68 13.07 12.48 11.17 7.01 3.36 3.65 3.58 3.36 3.50 2.34 2.34 3.07 5.48 7.52 11.02 13.80 13.29 11.24
27.59 27.59 28.84 29.64 29.13 29.13 30.30 30.37 29.93 29.78 31.61 31.90 29.93 27.45 25.99 25.99 27.08 27.52 27.45 27.30 25.40 23.00 21.46 21.02 21.46 19.35 19.35 15.04 13.36 13.58 14.60 15.70 17.08 17.52 17.81 18.18 17.89 17.96 18.61 19.20 19.86 19.56 19.35 19.13 18.54 18.25 19.35 20.81 21.10 20.44 19.56 19.56 18.54 16.94 16.43 17.16 17.74 18.25 18.40 17.37 15.62 14.02 13.36 13.14 13.07 11.68 13.07 12.48 11.17 7.01 3.36 3.65 3.58 3.36 3.50 2.34 2.34 3.07 5.48 7.52 11.02 13.80 13.29 11.24
28.84 28.84 28.25 28.69 27.74 27.08 26.57 23.58 21.83 20.37 22.41 23.73 23.94 25.26 26.79 27.08 26.79 26.43 26.21 24.38 22.78 21.61 18.76 18.69 19.35 18.18 18.18 15.33 13.80 14.09 16.28 18.40 19.05 20.29 20.51 19.78 19.93 19.93 19.71 19.71 20.51 21.02 20.73 20.29 20.15 19.93 19.71 19.93 20.08 19.78 18.18 18.18 17.67 18.69 19.42 18.40 17.81 17.30 15.55 15.48 15.33 14.89 14.09 13.07 12.78 11.83 13.72 13.72 11.97 8.54 6.42 6.28 5.84 3.94 3.72 0.73 0.73 1.61 0.73 2.19 5.77 9.20 10.66 10.51
24.53 24.53 23.73 21.97 21.39 17.52 14.16 11.46 6.94 4.38 7.52 13.21 18.76 23.36 26.21 27.67 28.32 27.30 25.40 23.36 20.88 20.37 18.25 17.67 17.74 16.43 16.43 14.82 15.26 16.86 18.47 20.66 21.68 22.63 22.34 21.75 21.97 21.90 21.61 21.75 21.39 21.83 22.12 21.39 20.44 20.81 20.88 19.86 19.49 18.98 18.18 18.18 17.89 19.42 20.73 21.17 18.91 17.30 16.43 15.91 15.40 15.40 16.94 17.30 16.79 18.40 14.02 18.76 17.37 15.62 14.82 14.67 13.65 11.97 12.34 4.45 4.45 4.82 2.34 1.17 3.94 8.18 12.78 12.34
18.25 18.25 14.31 9.20 7.88 3.29 0.00 0.00 0.00 0.00 0.00 9.64 16.13 20.66 24.24 27.38 29.13 28.11 25.77 24.24 21.32 20.37 19.93 18.91 17.74 15.40 15.40 14.53 16.28 18.83 21.02 22.41 22.70 23.07 23.07 22.27 23.43 24.45 24.24 23.80 23.43 22.19 21.53 22.12 22.78 22.85 22.41 21.10 19.56 18.69 18.25 18.25 19.20 20.00 20.81 21.10 20.95 20.44 20.00 19.78 19.56 18.98 20.88 22.48 22.48 21.24 17.67 22.12 20.66 20.08 19.42 20.81 19.71 17.74 17.16 15.40 15.40 12.05 8.69 4.82 4.60 7.52 11.53 13.51
9.20 9.20 4.74 0.00 0.00 0.00 0.00 0.00 0.00 0.00 0.00 3.36 8.61 12.19 15.55 21.53 27.01 29.35 28.54 27.30 25.33 22.34 21.02 18.91 17.52 16.35 16.35 16.86 18.83 21.90 22.85 23.58 23.87 23.14 24.09 24.82 26.06 27.59 28.11 26.57 24.75 23.29 22.19 21.75 21.90 22.19 21.75 19.56 18.10 18.69 20.00 20.00 20.66 20.66 23.00 23.80 23.07 22.85 22.27 23.21 23.58 22.85 23.07 23.65 23.87 23.36 20.15 22.85 22.34 21.83 22.19 22.19 21.97 21.39 21.53 21.02 21.02 19.56 15.62 9.71 9.05 9.64 14.53 16.50
1.02 1.02 0.00 0.00 0.00 0.00 0.00 0.00 0.00 0.00 0.00 0.00 0.00 0.00 3.50 11.10 19.71 26.21 28.11 28.76 28.11 26.13 23.87 21.53 18.47 16.57 16.57 19.27 23.65 24.89 23.36 24.09 25.77 26.35 26.28 26.65 27.23 28.84 28.98 27.59 24.16 22.12 20.95 20.51 20.95 20.29 18.91 18.18 17.81 17.23 18.61 18.61 20.08 21.90 23.65 26.50 27.30 26.65 25.48 23.87 24.09 23.58 23.65 23.94 24.38 23.65 21.39 20.29 21.75 20.73 21.90 21.90 21.97 21.83 22.41 22.85 22.85 22.85 22.19 19.56 15.48 17.30 17.59 18.25
1.02 1.02 0.00 0.00 0.00 0.00 0.00 0.00 0.00 0.00 0.00 0.00 0.00 0.00 3.50 11.10 19.71 26.21 28.11 28.76 28.11 26.13 23.87 21.53 18.47 16.57 16.57 19.27 23.65 24.89 23.36 24.09 25.77 26.35 26.28 26.65 27.23 28.84 28.98 27.59 24.16 22.12 20.95 20.51 20.95 20.29 18.91 18.18 17.81 17.23 18.61 18.61 20.08 21.90 23.65 26.50 27.30 26.65 25.48 23.87 24.09 23.58 23.65 23.94 24.38 23.65 21.39 20.29 21.75 20.73 21.90 21.90 21.97 21.83 22.41 22.85 22.85 22.85 22.19 19.56 15.48 17.30 17.59 18.25
0.00 0.00 0.00 0.00 0.00 0.00 0.00 0.00 0.00 0.00 0.00 0.00 0.00 0.00 0.00 0.00 9.13 17.16 24.16 27.16 27.89 27.30 25.55 22.56 20.81 19.49 19.49 21.32 25.04 26.57 23.94 22.48 24.97 27.74 28.84 29.35 29.57 29.35 27.81 26.35 22.78 19.71 18.91 20.22 20.81 20.66 19.71 19.27 19.49 19.27 19.20 19.20 19.27 20.81 23.51 25.70 27.74 27.16 25.70 24.53 23.94 24.09 24.24 24.67 23.51 22.70 21.90 20.29 21.24 21.02 21.75 21.90 21.61 20.44 20.81 22.78 22.78 24.38 23.43 24.02 19.49 19.71 19.56 20.22
0.00 0.00 0.00 0.00 0.00 0.00 0.00 0.00 0.00 0.00 0.00 0.00 0.00 0.00 0.00 0.00 0.00 7.23 16.86 23.58 25.62 26.50 25.92 24.75 25.19 24.16 24.16 25.55 28.91 29.64 27.52 26.94 27.74 29.64 31.32 31.32 31.39 30.81 29.20 26.43 23.65 20.59 19.71 20.44 21.17 21.97 21.24 22.19 22.34 21.53 22.34 22.34 22.92 23.51 24.16 26.13 27.59 27.52 26.65 24.97 24.82 25.11 24.97 24.67 24.45 23.43 21.83 20.22 21.90 22.12 22.12 21.10 20.88 19.56 17.96 17.74 17.74 20.22 19.93 20.22 21.97 22.27 22.63 23.00
0.00 0.00 0.00 0.00 0.00 0.00 0.00 0.00 0.00 0.00 0.00 0.00 0.00 0.00 0.00 0.00 0.00 6.28 15.26 21.75 23.43 25.33 26.06 26.28 26.86 27.38 27.38 29.05 31.90 31.61 30.59 30.51 31.03 32.34 32.27 31.90 31.39 31.17 29.57 27.23 25.11 22.41 21.02 20.95 21.97 23.14 23.80 24.09 23.94 22.48 23.21 23.21 24.82 25.62 26.79 28.11 28.32 27.89 26.50 25.77 26.28 26.35 26.06 25.99 25.33 23.94 22.78 21.24 22.56 20.81 19.27 16.79 15.77 16.64 15.48 12.19 12.19 13.58 12.92 15.18 19.71 19.49 25.99 27.08
0.00 0.00 0.00 0.00 0.00 0.00 0.00 0.00 0.00 0.00 0.00 0.00 0.00 0.00 0.00 0.00 2.12 5.99 9.05 11.17 0.00 0.00 0.00 24.38 25.99 28.40 28.40 30.59 31.76 31.68 29.86 28.47 28.91 27.74 26.65 26.50 27.16 26.28 25.40 23.94 23.21 22.78 22.48 22.63 22.70 22.19 22.34 23.58 23.80 23.21 22.63 22.63 24.02 25.84 26.57 27.30 28.25 28.18 26.86 26.50 27.59 28.40 28.76 27.96 23.14 19.20 15.62 10.80 16.35 12.78 10.80 8.91 7.96 8.98 9.20 7.96 7.96 6.13 5.48 8.25 14.16 17.45 23.07 26.50
0.00 0.00 0.00 0.00 0.00 0.00 0.00 0.00 0.00 0.00 0.00 0.00 0.00 0.00 0.00 3.87 7.15 6.94 4.23 2.19 4.60 0.00 0.00 0.00 0.00 20.15 20.15 25.33 25.26 24.31 20.51 20.88 18.83 16.13 14.38 15.77 18.83 21.17 21.61 20.37 21.02 22.70 23.43 24.09 24.67 24.97 23.21 23.51 23.65 23.51 23.07 23.07 22.27 23.14 24.82 27.23 29.05 30.51 30.22 29.49 28.32 27.59 26.57 25.26 20.00 13.51 8.32 4.23 4.38 7.08 6.35 7.23 4.82 4.67 6.64 7.23 7.23 4.96 2.41 2.99 7.15 10.15 12.41 18.98
0.00 0.00 0.00 0.00 0.00 0.00 0.00 0.00 0.00 0.00 0.00 0.00 0.00 0.00 0.00 0.95 3.50 2.34 0.00 0.00 0.00 0.00 0.00 0.00 0.00 0.00 0.00 0.00 10.59 11.83 6.20 5.11 3.72 2.63 1.90 3.58 9.71 14.67 17.45 18.98 21.24 24.09 25.99 25.19 24.31 24.31 23.21 24.82 25.11 24.31 22.48 22.48 21.02 20.37 23.29 28.84 30.88 32.19 31.83 24.09 19.71 12.78 8.91 6.13 4.02 0.00 0.00 0.00 4.60 3.50 4.74 5.62 2.85 3.29 5.11 5.69 5.69 3.14 2.04 3.36 6.35 11.83 17.89 9.93
0.00 0.00 0.00 0.00 0.00 0.00 0.00 0.00 0.00 0.00 0.00 0.00 0.00 0.00 0.00 0.95 3.50 2.34 0.00 0.00 0.00 0.00 0.00 0.00 0.00 0.00 0.00 0.00 10.59 11.83 6.20 5.11 3.72 2.63 1.90 3.58 9.71 14.67 17.45 18.98 21.24 24.09 25.99 25.19 24.31 24.31 23.21 24.82 25.11 24.31 22.48 22.48 21.02 20.37 23.29 28.84 30.88 32.19 31.83 24.09 19.71 12.78 8.91 6.13 4.02 0.00 0.00 0.00 4.60 3.50 4.74 5.62 2.85 3.29 5.11 5.69 5.69 3.14 2.04 3.36 6.35 11.83 17.89 9.93
0.00 0.00 0.00 0.00 0.00 0.00 0.00 0.00 0.00 0.00 0.00 0.00 0.00 0.00 0.00 0.00 0.00 0.00 0.00 0.00 0.00 0.00 0.00 0.00 0.00 0.00 0.00 0.00 0.00 0.00 0.00 0.00 0.00 0.00 0.00 0.00 0.00 3.72 10.07 16.57 18.10 18.83 19.64 18.91 15.91 14.67 16.21 19.64 20.51 21.24 19.42 19.42 16.06 13.87 17.45 24.09 26.50 23.43 20.15 12.12 7.08 0.00 0.00 0.00 0.00 0.00 0.00 0.00 0.00 0.00 0.00 0.00 0.00 0.15 1.39 2.63 2.63 5.91 9.27 13.87 21.83 25.04 28.47 17.37
