Wansh/Snow_depth/snowdepth-1991/spring/1991102.txt
ncols 321
nrows 161
xllcenter 60
yllcenter 15 
cellsize  0.25 
NODATA_value -1
[rows 0 to 36 of 161, columns 168 to 251 of 321]
8.47 6.72 4.60 3.72 5.26 6.50 6.13 2.92 2.99 2.99 3.07 2.85 2.63 3.07 3.36 2.56 2.70 3.50 5.40 7.23 8.03 6.94 6.13 5.99 5.77 5.48 6.20 6.64 5.04 4.60 5.04 7.74 11.02 12.26 12.12 12.12 10.66 9.64 8.61 11.24 12.26 10.73 9.27 9.71 11.17 12.70 15.11 15.40 15.55 14.02 11.24 9.78 9.86 10.66 10.29 10.22 11.39 12.48 12.26 12.19 12.19 13.58 16.35 18.25 21.02 21.75 22.48 21.90 19.93 18.40 17.59 17.74 17.37 17.81 18.32 18.76 19.35 19.64 19.27 18.76 17.67 17.96 16.94 16.43
8.40 7.88 6.72 5.69 6.86 7.66 5.69 3.94 3.21 3.21 3.29 4.02 2.77 3.36 3.07 2.70 2.99 4.31 5.84 6.79 6.79 5.99 5.55 5.84 5.84 5.69 5.40 4.67 3.94 4.38 5.55 7.66 10.51 10.29 6.94 6.94 5.26 5.84 8.91 13.51 13.94 11.97 11.24 11.61 13.07 13.43 12.63 11.75 11.17 10.80 10.51 10.15 10.44 10.88 10.73 10.88 11.39 11.90 12.05 13.65 13.65 14.97 17.74 20.44 21.17 21.53 21.46 21.75 20.88 19.27 18.54 18.83 18.83 17.08 16.79 17.89 18.76 18.18 18.47 17.30 16.06 13.07 12.48 12.19
9.78 9.42 8.98 8.83 9.78 9.78 7.74 5.69 3.72 3.72 3.72 4.31 4.09 3.94 2.19 2.41 3.21 4.16 5.18 5.33 5.18 5.26 5.11 6.35 7.15 6.42 4.23 3.21 4.23 6.28 7.74 8.10 7.08 4.67 1.61 1.61 4.23 7.37 11.83 14.16 14.45 11.90 10.44 10.22 10.51 9.42 6.94 6.28 6.50 7.37 9.42 9.27 10.15 10.73 11.68 12.05 11.10 10.88 12.41 14.02 14.02 17.30 18.47 17.89 16.64 16.57 17.16 17.59 18.32 17.74 17.23 17.45 16.50 15.84 15.11 14.02 12.56 13.36 12.05 11.97 11.10 10.51 8.54 7.52
9.78 9.42 8.98 8.83 9.78 9.78 7.74 5.69 3.72 3.72 3.72 4.31 4.09 3.94 2.19 2.41 3.21 4.16 5.18 5.33 5.18 5.26 5.11 6.35 7.15 6.42 4.23 3.21 4.23 6.28 7.74 8.10 7.08 4.67 1.61 1.61 4.23 7.37 11.83 14.16 14.45 11.90 10.44 10.22 10.51 9.42 6.94 6.28 6.50 7.37 9.42 9.27 10.15 10.73 11.68 12.05 11.10 10.88 12.41 14.02 14.02 17.30 18.47 17.89 16.64 16.57 17.16 17.59 18.32 17.74 17.23 17.45 16.50 15.84 15.11 14.02 12.56 13.36 12.05 11.97 11.10 10.51 8.54 7.52
12.92 11.10 10.29 9.42 9.56 9.78 8.47 5.62 3.21 3.21 3.36 4.23 4.89 5.40 3.14 4.02 3.72 2.70 2.56 2.70 4.09 5.62 6.42 7.81 8.25 6.35 4.74 4.96 6.28 9.42 10.29 8.54 3.50 1.31 2.56 2.56 5.62 11.17 12.19 11.17 9.13 7.45 6.57 6.42 5.77 4.53 3.58 3.80 5.40 6.28 7.59 9.20 9.93 10.00 10.51 9.78 10.44 11.68 12.12 13.94 13.94 15.99 17.30 16.43 14.38 13.36 13.07 13.36 12.48 11.75 10.59 11.24 11.39 11.53 8.54 7.30 7.59 7.59 6.35 6.57 6.20 6.06 6.06 5.91
16.35 14.60 11.39 8.32 7.88 9.20 8.25 6.50 4.89 4.89 4.67 5.69 8.03 8.76 8.25 5.40 5.55 1.83 1.39 1.90 3.87 5.55 7.37 7.59 8.03 7.81 0.00 7.45 8.69 9.56 8.54 4.60 3.21 3.50 7.81 7.81 10.00 9.71 6.64 4.67 3.07 3.07 3.07 3.07 3.36 3.50 3.36 4.02 5.48 6.64 9.05 10.44 10.37 9.34 7.96 7.15 8.03 9.42 10.66 11.97 11.97 13.21 15.04 14.16 13.29 10.51 8.98 8.61 8.69 8.69 7.30 5.84 5.11 5.18 5.62 5.77 5.26 4.96 4.67 4.60 4.60 5.33 5.48 5.11
17.67 17.74 16.13 5.33 4.09 4.16 5.26 6.35 6.42 6.42 7.59 7.23 7.81 8.76 8.61 7.37 6.20 4.31 3.14 3.72 4.67 4.96 0.00 0.00 0.00 0.00 0.00 0.00 8.91 7.96 7.15 7.66 8.03 10.73 12.05 12.05 10.37 6.35 3.21 1.75 1.46 1.61 1.02 1.24 2.56 3.21 3.72 5.11 7.52 9.64 10.44 10.29 8.69 7.45 6.35 5.69 5.77 6.86 6.86 6.86 6.86 8.61 9.05 8.69 7.15 5.91 5.91 5.33 5.40 4.38 3.50 3.87 4.38 4.82 4.02 4.02 4.96 5.99 6.72 8.44 8.92 8.33 7.86 7.65
17.67 17.74 16.13 5.33 4.09 4.16 5.26 6.35 6.42 6.42 7.59 7.23 7.81 8.76 8.61 7.37 6.20 4.31 3.14 3.72 4.67 4.96 0.00 0.00 0.00 0.00 0.00 0.00 8.91 7.96 7.15 7.66 8.03 10.73 12.05 12.05 10.37 6.35 3.21 1.75 1.46 1.61 1.02 1.24 2.56 3.21 3.72 5.11 7.52 9.64 10.44 10.29 8.69 7.45 6.35 5.69 5.77 6.86 6.86 6.86 6.86 8.61 9.05 8.69 7.15 5.91 5.91 5.33 5.40 4.38 3.50 3.87 4.38 4.82 4.02 4.64 6.85 8.61 9.20 14.34 14.73 11.09 10.11 7.94
14.45 15.18 12.34 11.61 1.24 0.66 2.41 4.23 5.62 5.62 6.72 5.91 4.89 5.40 5.40 5.99 6.13 4.89 4.23 4.23 0.00 0.00 0.00 0.00 0.00 0.00 0.00 6.86 7.23 8.03 8.61 9.13 9.13 9.64 9.42 9.42 6.28 3.80 0.88 0.00 0.07 0.37 1.02 1.97 3.43 3.80 4.02 5.99 9.78 11.46 11.32 8.47 6.06 4.23 3.50 2.99 3.07 3.58 4.09 4.82 4.82 3.87 2.85 2.70 2.04 1.24 1.02 2.04 2.99 3.58 3.58 3.58 4.09 5.12 7.16 8.58 9.21 9.18 8.29 10.71 10.26 8.78 7.51 7.52
9.42 9.49 10.29 8.32 7.96 4.53 1.75 1.75 1.31 1.31 1.97 1.90 3.07 4.60 5.40 6.42 6.28 4.60 5.11 4.45 0.00 0.00 0.00 0.00 9.05 8.61 8.40 8.03 6.79 5.91 6.72 6.35 6.06 3.87 3.14 3.14 1.10 0.44 0.00 0.00 0.00 0.00 0.29 1.61 2.92 3.58 4.53 5.99 8.10 8.54 7.45 5.26 2.99 2.41 2.34 1.31 0.73 0.37 0.22 0.29 0.29 1.10 0.44 0.95 1.53 1.10 0.80 1.46 2.92 3.29 3.21 2.77 2.81 4.26 5.75 8.54 9.94 10.41 9.65 9.07 8.46 8.03 8.05 7.41
7.59 7.08 7.96 9.34 9.05 7.52 4.38 2.85 1.68 1.68 1.46 2.63 5.40 4.89 4.31 4.31 4.23 0.00 7.08 0.00 0.00 6.13 5.11 4.45 5.26 6.57 6.20 4.23 2.63 2.56 2.56 2.34 0.66 0.00 0.00 0.00 0.00 0.00 0.00 0.00 0.00 0.29 0.00 0.29 1.46 2.70 3.07 4.31 4.38 3.58 2.77 1.83 1.10 1.17 0.73 0.00 0.00 0.00 0.00 0.00 0.00 0.00 0.00 0.73 1.46 1.31 1.39 2.19 2.56 2.26 2.26 2.26 2.10 2.08 2.33 4.70 8.55 10.63 8.92 8.25 8.82 11.14 8.76 7.41
7.59 7.08 7.96 9.34 9.05 7.52 4.38 2.85 1.68 1.68 1.46 2.63 5.40 4.89 4.31 4.31 4.23 0.00 7.08 0.00 0.00 6.13 5.11 4.45 5.26 6.57 6.20 4.23 2.63 2.56 2.56 2.34 0.66 0.00 0.00 0.00 0.00 0.00 0.00 0.00 0.00 0.29 0.00 0.29 1.46 2.70 3.07 4.31 4.38 3.58 2.77 1.83 1.10 1.17 0.73 0.00 0.00 0.00 0.00 0.00 0.00 0.00 0.00 0.73 1.46 1.31 1.39 2.19 2.56 2.26 2.26 2.26 2.04 2.04 2.26 4.36 7.62 9.84 9.52 8.56 8.82 10.90 9.62 7.92
11.39 8.61 6.50 7.45 6.94 7.23 7.52 5.04 4.09 4.09 3.36 3.14 2.85 0.80 1.17 0.00 0.00 0.00 0.00 4.23 0.00 2.41 2.26 1.68 2.26 2.26 1.46 0.29 0.00 0.07 0.00 0.00 0.00 0.00 0.00 0.00 0.00 0.00 0.00 1.17 0.88 0.00 0.00 0.00 0.00 0.51 0.66 1.39 1.39 1.31 1.39 1.24 0.95 0.29 0.00 0.00 0.00 0.00 0.00 0.00 0.00 0.00 0.22 0.88 1.68 2.70 2.41 2.19 2.48 2.12 1.83 2.04 2.34 2.26 2.17 2.32 4.71 6.14 7.35 8.39 10.24 12.45 12.58 9.04
9.34 8.47 6.94 6.79 6.42 7.08 7.52 6.13 6.35 6.35 6.13 5.91 6.13 5.99 5.84 5.69 5.40 4.89 2.85 1.75 1.31 1.61 0.00 0.00 0.44 0.00 0.00 0.00 0.00 0.00 0.00 0.00 0.00 0.00 0.00 0.00 0.00 0.95 0.66 0.37 0.07 0.00 0.00 0.00 0.00 0.29 0.22 0.00 0.00 0.00 0.29 0.51 0.00 0.00 0.00 0.00 0.00 0.00 0.22 0.44 0.44 0.44 0.73 1.39 2.63 2.56 2.19 2.19 2.04 1.53 1.31 1.24 1.68 2.56 2.86 2.62 3.65 5.58 7.41 7.12 9.29 10.55 10.90 9.18
10.29 10.80 10.88 10.88 10.95 11.17 10.37 9.64 7.01 7.01 9.93 10.80 11.32 10.07 7.45 5.77 4.60 3.21 2.70 1.83 1.10 0.00 0.00 0.00 0.00 0.00 0.00 0.00 0.00 0.00 0.00 0.00 0.22 0.15 0.15 0.15 0.07 0.37 0.22 0.51 0.95 0.00 0.00 0.07 0.37 0.29 0.15 0.00 0.00 0.00 0.00 0.00 0.00 0.00 0.00 0.00 0.00 0.80 1.39 1.10 1.10 1.53 2.34 2.19 1.46 1.31 1.39 1.39 0.44 0.15 0.15 0.07 0.86 2.92 3.99 5.31 5.80 6.81 6.70 7.21 7.64 6.92 7.35 5.76
13.51 13.87 13.21 12.78 11.90 11.46 10.80 10.73 11.32 11.32 10.15 10.00 10.07 8.10 6.35 3.50 1.68 1.68 0.80 0.07 0.00 0.00 0.00 0.00 0.00 0.00 0.00 0.00 0.44 0.80 1.31 2.41 2.63 1.24 1.31 1.31 1.39 1.61 1.10 1.68 0.51 0.88 1.68 1.75 1.31 0.22 0.00 0.00 0.00 0.00 0.00 0.00 0.00 0.00 0.00 0.00 0.00 0.00 1.02 0.80 0.80 1.10 1.24 1.61 1.10 0.37 0.22 0.00 0.00 0.00 0.00 0.00 0.89 2.63 3.98 4.60 5.61 5.95 5.97 6.26 6.04 5.30 3.53 2.42
13.51 13.87 13.21 12.78 11.90 11.46 10.80 10.73 11.32 11.32 10.15 10.00 10.07 8.10 6.35 3.50 1.68 1.68 0.80 0.07 0.00 0.00 0.00 0.00 0.00 0.00 0.00 0.00 0.44 0.80 1.31 2.41 2.63 1.24 1.31 1.31 1.39 1.61 1.10 1.68 0.51 0.88 1.68 1.75 1.31 0.22 0.00 0.00 0.00 0.00 0.00 0.00 0.00 0.00 0.00 0.00 0.00 0.00 1.02 0.80 0.80 1.10 1.24 1.61 1.10 0.37 0.22 0.00 0.00 0.00 0.00 0.00 0.83 2.86 3.58 5.69 5.69 6.58 6.09 5.64 5.84 4.56 3.84 2.74
9.93 10.88 11.46 10.51 10.15 10.37 9.20 8.54 9.71 9.71 9.20 10.37 6.42 4.53 1.68 0.37 0.29 0.00 0.00 0.00 0.00 0.00 0.00 0.00 0.00 0.00 0.95 1.68 1.83 2.41 3.36 3.87 3.94 2.99 3.36 3.36 3.87 3.50 2.41 2.12 1.97 3.14 3.58 3.14 0.95 0.58 0.07 0.00 0.00 0.00 0.00 0.00 0.00 0.00 0.00 0.00 0.00 0.00 0.00 0.00 0.00 0.00 0.00 0.00 0.00 0.00 0.00 0.00 0.00 0.00 0.00 0.00 0.71 1.47 1.95 2.78 2.92 3.63 4.37 5.58 4.83 4.50 3.60 0.75
5.77 8.32 9.93 10.44 10.44 8.98 6.57 5.55 5.99 5.99 4.82 6.94 1.68 0.95 0.66 0.00 0.00 0.00 0.00 0.00 0.00 0.00 0.07 0.88 1.68 0.44 2.77 2.34 1.97 2.77 2.99 3.21 4.16 4.23 4.38 4.38 4.31 4.74 4.38 4.45 4.16 3.58 3.07 1.90 0.15 0.00 0.00 0.00 0.00 0.00 0.00 0.00 0.00 0.00 0.00 0.00 0.00 0.00 0.00 0.00 0.00 0.00 0.00 0.00 0.00 0.00 0.00 0.00 0.00 0.00 0.00 0.00 0.00 0.00 0.17 1.02 1.63 2.59 3.95 4.66 3.25 2.59 1.84 0.93
4.89 5.77 7.74 8.32 10.00 9.05 8.61 6.57 4.53 4.53 2.99 2.92 2.04 0.95 0.15 0.00 0.00 0.00 0.00 0.00 0.00 0.00 1.24 2.19 2.41 2.56 2.41 1.90 2.41 3.21 5.11 6.13 7.30 5.91 4.89 4.89 5.48 5.84 5.40 5.84 5.11 4.89 4.09 1.61 0.22 0.00 0.00 0.00 0.00 0.00 0.00 0.00 0.00 0.00 0.00 0.00 0.00 0.00 0.00 0.00 0.00 0.00 0.00 0.00 0.00 0.00 0.00 0.00 0.00 0.00 0.00 0.00 0.00 0.00 0.29 1.60 2.12 3.89 5.22 3.78 3.23 1.76 0.81 0.00
5.11 5.11 5.18 6.57 7.74 7.96 6.86 6.35 4.09 4.09 2.77 1.68 0.80 0.58 0.00 0.00 0.00 0.00 0.00 0.00 0.07 0.29 0.73 1.46 2.70 3.87 2.34 2.41 3.65 3.87 7.66 9.49 8.91 7.23 6.86 6.86 7.81 7.45 7.01 4.23 3.21 2.77 1.68 0.00 0.00 0.00 0.00 0.00 0.00 0.00 0.00 0.00 0.00 0.00 0.00 0.00 0.00 0.00 0.00 0.00 0.00 0.00 0.00 0.00 0.00 0.00 0.00 0.00 0.00 0.00 0.00 0.00 0.00 0.00 0.00 0.59 2.22 2.75 4.49 5.53 4.29 1.79 0.11 0.00
2.99 4.53 4.09 5.11 5.18 4.89 4.09 4.09 3.21 3.21 1.61 0.73 1.10 0.88 0.22 0.00 0.00 0.00 0.00 0.00 1.90 2.34 2.19 2.85 4.09 4.74 6.28 4.23 4.02 6.13 9.34 10.22 9.34 8.47 8.69 8.69 8.25 6.06 3.58 1.75 1.39 0.22 0.00 0.00 0.00 0.00 0.00 0.00 0.00 0.00 0.00 0.00 0.00 0.00 0.00 0.00 0.00 0.00 0.00 0.00 0.00 0.00 0.00 0.00 0.00 0.00 0.00 0.00 0.00 0.00 0.00 0.00 0.00 0.00 0.00 0.00 1.30 2.54 3.70 3.91 2.30 1.63 0.59 0.00
2.99 4.53 4.09 5.11 5.18 4.89 4.09 4.09 3.21 3.21 1.61 0.73 1.10 0.88 0.22 0.00 0.00 0.00 0.00 0.00 1.90 2.34 2.19 2.85 4.09 4.74 6.28 4.23 4.02 6.13 9.34 10.22 9.34 8.47 8.69 8.69 8.25 6.06 3.58 1.75 1.39 0.22 0.00 0.00 0.00 0.00 0.00 0.00 0.00 0.00 0.00 0.00 0.00 0.00 0.00 0.00 0.00 0.00 0.00 0.00 0.00 0.00 0.00 0.00 0.00 0.00 0.00 0.00 0.00 0.00 0.00 0.00 0.00 0.00 0.00 0.00 1.01 2.23 3.10 4.55 2.81 1.67 0.46 0.00
1.83 2.04 3.14 4.45 4.09 3.58 2.41 2.41 1.68 1.68 0.51 0.29 0.00 0.00 0.58 0.00 0.00 0.00 0.00 2.92 4.02 3.43 4.16 5.48 6.28 6.72 6.50 6.72 5.48 8.40 9.56 9.13 6.86 5.69 4.82 4.82 3.50 2.77 1.90 1.46 0.95 0.00 0.00 0.00 0.00 0.00 0.00 0.00 0.00 0.00 0.00 0.00 0.00 0.00 0.00 0.00 0.00 0.00 0.00 0.00 0.00 0.00 0.00 0.00 0.00 0.00 0.00 0.00 0.00 0.00 0.00 0.00 0.00 0.00 0.00 0.88 0.92 2.79 4.87 3.62 1.77 0.63 0.00 0.00
0.00 0.00 2.99 3.36 3.58 4.31 2.92 1.68 0.73 0.73 0.00 0.00 0.00 0.00 0.00 0.00 0.00 0.00 0.66 3.07 4.96 6.13 6.20 7.23 8.32 7.96 7.81 10.07 11.97 10.22 7.23 6.06 3.07 1.61 1.02 1.02 1.53 1.02 1.17 0.00 0.00 0.00 0.00 0.00 0.00 0.00 0.00 0.00 0.00 0.00 0.00 0.00 0.00 0.00 0.00 0.00 0.00 0.00 0.00 0.00 0.00 0.00 0.00 0.00 0.00 0.00 0.00 0.00 0.00 0.00 0.00 0.00 0.00 0.00 0.37 2.11 2.30 3.80 4.42 3.05 1.82 0.00 0.00 0.00
0.00 0.00 0.00 0.00 4.02 4.53 2.41 1.10 0.00 0.00 0.00 0.00 0.00 0.00 0.00 0.00 0.00 0.00 1.31 3.94 7.23 7.81 7.66 7.96 8.91 7.88 8.18 10.80 11.61 10.80 10.15 4.53 2.26 0.73 0.00 0.00 0.00 0.00 0.00 0.00 0.00 0.00 0.00 0.00 0.00 0.00 0.00 0.00 0.00 0.00 0.00 0.00 0.00 0.00 0.00 0.00 0.00 0.00 0.00 0.00 0.00 0.00 0.00 0.00 0.00 0.00 0.00 0.00 0.00 0.00 0.00 0.00 0.00 0.96 3.26 5.38 5.17 3.14 2.90 0.90 0.42 0.00 0.00 0.00
0.00 0.00 0.00 0.00 0.00 2.85 0.00 0.00 0.00 0.00 0.00 0.00 0.00 0.00 0.00 0.00 0.00 0.00 2.56 4.23 6.57 8.54 8.76 8.98 9.56 8.47 7.08 6.86 8.40 7.59 10.59 1.83 0.51 0.00 0.00 0.00 0.00 0.00 0.29 0.73 0.00 0.00 0.00 0.00 0.00 0.00 0.00 0.00 0.00 0.00 0.00 0.00 0.00 0.00 0.00 0.00 0.00 0.00 0.00 0.00 0.00 0.00 0.00 0.00 0.00 0.00 0.00 0.00 0.00 0.00 0.00 0.00 0.00 2.83 5.38 7.44 7.25 5.44 1.99 0.92 0.00 0.00 0.00 0.00
0.00 0.00 0.00 0.00 0.00 0.00 0.00 1.31 0.00 0.00 0.00 0.00 0.00 0.00 0.00 0.00 0.00 2.26 1.53 3.94 5.26 6.79 7.23 7.74 8.25 7.01 5.55 6.13 6.79 5.48 2.56 3.43 0.88 1.68 2.85 2.85 2.92 3.07 1.68 0.00 0.00 0.00 0.00 0.00 0.00 0.00 0.00 0.00 0.00 0.00 0.00 0.00 0.00 0.00 0.00 0.00 0.00 0.00 0.00 0.00 0.00 0.00 0.00 0.00 0.00 0.00 0.00 0.00 0.00 0.00 0.00 0.00 3.35 5.47 7.01 8.24 6.06 3.29 1.00 0.00 0.00 0.00 0.00 0.00
0.00 0.00 0.00 0.00 0.00 0.00 0.00 1.31 0.00 0.00 0.00 0.00 0.00 0.00 0.00 0.00 0.00 2.26 1.53 3.94 5.26 6.79 7.23 7.74 8.25 7.01 5.55 6.13 6.79 5.48 2.56 3.43 0.88 1.68 2.85 2.85 2.92 3.07 1.68 0.00 0.00 0.00 0.00 0.00 0.00 0.00 0.00 0.00 0.00 0.00 0.00 0.00 0.00 0.00 0.00 0.00 0.00 0.00 0.00 0.00 0.00 0.00 0.00 0.00 0.00 0.00 0.00 0.00 0.00 0.00 0.00 0.00 3.03 6.09 7.48 9.61 7.04 3.18 1.04 0.00 0.00 0.00 0.00 0.00
0.00 0.00 0.00 0.00 0.00 0.00 0.00 0.00 0.00 0.00 0.00 0.00 0.00 0.00 0.00 0.00 0.00 0.00 3.94 3.94 4.02 4.82 5.84 6.20 6.42 5.18 5.26 7.15 6.42 4.38 3.21 3.21 1.31 5.62 6.13 6.13 4.45 2.63 0.00 0.00 0.00 0.00 0.00 0.00 0.00 0.00 0.00 0.00 0.00 0.00 0.00 0.00 0.00 0.00 0.00 0.00 0.00 0.00 0.00 0.00 0.00 0.00 0.00 0.00 0.00 0.00 0.00 0.00 0.00 0.00 0.00 3.54 6.99 9.86 10.89 7.68 3.94 2.75 0.00 0.00 0.00 0.00 0.00 0.00
0.00 0.00 0.00 0.00 0.00 0.00 0.00 0.00 0.00 0.00 0.00 0.00 0.00 0.00 0.00 0.00 0.00 0.00 5.18 5.99 7.59 7.52 7.23 6.35 5.69 6.13 6.57 7.81 7.88 6.35 6.13 4.53 3.72 3.36 3.14 3.14 0.00 0.00 0.00 0.00 0.00 0.00 0.00 0.00 0.00 0.00 0.00 0.00 0.00 0.00 0.00 0.00 0.00 0.00 0.00 0.00 0.00 0.00 0.00 0.00 0.00 0.00 0.00 0.00 0.00 0.00 0.00 0.00 0.00 0.00 1.53 5.34 9.03 11.15 9.24 4.67 2.54 0.00 0.00 0.00 0.00 0.00 0.00 0.00
0.00 0.00 0.00 0.00 0.00 0.00 0.00 0.00 0.00 0.00 0.00 0.00 0.00 0.00 0.00 0.00 0.00 3.50 6.42 8.10 8.10 8.98 7.08 5.91 5.99 7.30 7.59 6.13 5.91 5.11 0.00 0.00 0.00 3.29 0.00 0.00 0.00 0.00 0.00 0.00 0.00 0.00 0.00 0.00 0.00 0.00 0.00 0.00 0.00 0.00 0.00 0.00 0.00 0.00 0.00 0.00 0.00 0.00 0.00 0.00 0.00 0.00 0.00 0.00 0.00 0.00 0.00 0.00 0.00 0.00 1.75 5.89 8.56 7.41 5.18 2.59 0.34 0.00 0.00 0.00 0.00 0.00 0.00 0.00
2.12 0.00 0.00 0.00 0.00 0.00 0.00 0.00 0.00 0.00 0.00 0.00 0.00 0.00 0.00 0.00 0.00 0.00 4.45 5.84 9.64 5.11 4.96 4.89 5.62 5.84 5.62 3.72 0.00 0.00 0.00 0.00 0.00 0.00 0.00 0.00 0.00 0.00 0.00 0.00 0.00 0.00 0.00 0.00 0.00 0.00 0.00 0.00 0.00 0.00 0.00 0.00 0.00 0.00 0.00 0.00 0.00 0.00 0.00 0.00 0.00 0.00 0.00 0.00 0.00 0.00 0.00 0.00 0.00 0.00 1.39 5.75 8.08 7.09 4.60 1.29 0.00 0.00 0.00 0.00 0.00 0.00 0.00 0.00
1.61 1.31 0.22 0.00 0.00 0.00 0.00 0.00 0.00 0.00 0.00 0.00 0.00 0.00 0.00 0.00 0.00 0.00 0.00 0.00 0.00 2.77 1.46 0.00 1.90 0.00 0.00 0.00 0.00 0.00 0.00 0.00 0.00 0.00 0.00 0.00 0.00 0.00 0.00 0.00 0.00 0.00 0.00 0.00 0.00 0.00 0.00 0.00 0.00 0.00 0.00 0.00 0.00 0.00 0.00 0.00 0.00 0.00 0.00 0.00 0.00 0.00 0.00 0.00 0.00 0.00 0.00 0.00 0.00 0.66 2.63 5.04 4.62 2.39 0.00 0.00 0.00 0.00 0.00 0.00 0.00 0.00 0.00 0.00
0.58 0.58 0.00 0.00 0.00 0.00 0.00 0.00 0.00 0.00 0.00 0.00 0.00 0.00 0.00 0.00 0.00 0.00 0.00 0.00 0.00 0.00 0.00 0.00 0.00 0.00 0.00 0.00 0.00 0.00 0.00 0.00 0.00 0.00 0.00 0.00 0.00 0.00 0.00 0.00 0.00 0.00 0.00 0.00 0.00 0.00 0.00 0.00 0.00 0.00 0.00 0.00 0.00 0.00 0.00 0.00 0.00 0.00 0.00 0.00 0.00 0.00 0.00 0.00 0.00 0.00 0.00 0.00 0.00 1.68 3.29 3.08 2.31 0.00 0.00 0.00 0.00 0.00 0.00 0.00 0.00 0.00 0.00 0.00
0.58 0.58 0.00 0.00 0.00 0.00 0.00 0.00 0.00 0.00 0.00 0.00 0.00 0.00 0.00 0.00 0.00 0.00 0.00 0.00 0.00 0.00 0.00 0.00 0.00 0.00 0.00 0.00 0.00 0.00 0.00 0.00 0.00 0.00 0.00 0.00 0.00 0.00 0.00 0.00 0.00 0.00 0.00 0.00 0.00 0.00 0.00 0.00 0.00 0.00 0.00 0.00 0.00 0.00 0.00 0.00 0.00 0.00 0.00 0.00 0.00 0.00 0.00 0.00 0.00 0.00 0.00 0.00 0.00 1.68 3.29 3.07 2.27 0.00 0.00 0.00 0.00 0.00 0.00 0.00 0.00 0.00 0.00 0.00
0.00 0.00 0.00 0.00 0.00 0.00 0.00 0.00 0.00 0.00 0.00 0.00 0.00 0.00 0.00 0.00 0.00 0.00 0.00 0.00 0.00 0.00 0.00 0.00 0.00 0.00 0.00 0.00 0.00 0.00 0.00 0.00 0.00 0.00 0.00 0.00 0.00 0.00 0.00 0.00 0.00 0.00 0.00 0.00 0.00 0.00 0.00 0.00 0.00 0.00 0.00 0.00 0.00 0.00 0.00 0.00 0.00 0.00 0.00 0.00 0.00 0.00 0.00 0.00 0.00 0.00 0.00 0.00 0.00 0.00 0.73 0.95 0.00 0.00 0.00 0.00 0.00 0.00 0.00 0.00 0.00 0.00 0.00 0.00
