Wansh/Snow_depth/snowdepth-1991/spring/1991073.txt
ncols 321
nrows 161
xllcenter 60
yllcenter 15 
cellsize  0.25 
NODATA_value -1
[rows 0 to 36 of 161, columns 168 to 251 of 321]
11.02 9.78 8.10 8.40 8.40 8.61 7.96 8.83 9.27 9.27 8.76 8.32 8.10 8.18 8.18 8.32 7.59 8.32 9.64 11.90 13.36 12.92 12.05 11.90 11.97 12.05 10.37 5.84 0.22 0.00 0.00 0.00 7.23 14.45 15.55 15.55 15.48 14.53 14.89 17.16 17.16 16.28 16.21 17.08 18.40 19.27 21.10 21.24 20.37 18.25 15.04 13.94 15.04 15.99 17.74 18.91 20.95 21.68 22.56 22.41 22.41 21.75 22.12 23.29 24.53 25.48 25.99 25.77 24.45 21.90 21.17 21.17 20.95 21.02 21.53 22.56 23.36 23.87 24.09 23.43 21.32 20.59 20.08 20.00
12.99 10.37 7.81 9.93 10.29 9.49 8.69 8.25 7.96 7.96 8.61 9.49 9.56 8.83 8.18 8.10 8.54 8.69 10.00 12.26 13.43 12.56 11.75 11.53 11.97 11.46 5.69 0.00 0.00 0.00 0.00 2.12 11.90 14.38 14.45 14.45 14.16 13.72 15.26 19.56 19.78 18.54 18.10 19.05 20.44 20.73 19.64 17.74 17.23 15.91 15.04 15.04 16.57 17.59 17.81 18.03 19.78 21.68 22.56 23.51 23.51 23.36 23.73 24.45 24.31 24.45 24.67 24.53 23.07 22.05 21.61 21.75 22.05 20.73 19.93 20.22 20.73 21.17 20.59 20.08 18.61 16.43 14.97 13.51
16.35 15.18 14.16 10.51 13.80 12.78 10.80 8.76 8.03 8.03 8.40 9.20 9.49 9.49 8.91 9.49 11.53 8.76 13.21 14.38 14.24 12.78 12.34 13.14 13.07 10.37 0.00 0.00 0.00 0.00 0.00 4.82 12.12 13.87 13.87 13.87 13.29 13.51 16.50 21.17 21.97 20.66 18.98 18.25 17.81 17.37 16.72 15.33 14.24 13.72 14.02 14.45 15.84 16.79 17.74 18.25 17.30 17.59 19.49 22.56 22.56 23.65 23.07 22.12 21.39 21.32 22.48 22.05 21.24 20.44 20.59 20.59 19.71 19.27 18.25 17.23 16.94 17.08 17.30 17.23 16.94 16.72 16.06 15.33
16.35 15.18 14.16 10.51 13.80 12.78 10.80 8.76 8.03 8.03 8.40 9.20 9.49 9.49 8.91 9.49 11.53 8.76 13.21 14.38 14.24 12.78 12.34 13.14 13.07 10.37 0.00 0.00 0.00 0.00 0.00 4.82 12.12 13.87 13.87 13.87 13.29 13.51 16.50 21.17 21.97 20.66 18.98 18.25 17.81 17.37 16.72 15.33 14.24 13.72 14.02 14.45 15.84 16.79 17.74 18.25 17.30 17.59 19.49 22.56 22.56 23.65 23.07 22.12 21.39 21.32 22.48 22.05 21.24 20.44 20.59 20.59 19.71 19.27 18.25 17.23 16.94 17.08 17.30 17.23 16.94 16.72 16.06 15.33
19.05 17.23 15.48 15.11 17.52 16.06 14.09 11.24 8.98 8.98 8.61 9.49 10.15 11.39 12.26 13.14 15.26 17.16 14.31 14.82 13.36 12.12 11.46 11.24 6.13 0.00 0.00 0.00 0.00 0.00 2.56 9.05 10.22 11.10 11.68 11.68 13.72 15.62 17.16 17.74 17.89 16.86 17.08 16.72 15.04 14.24 14.60 14.97 14.31 13.80 14.31 14.75 15.26 15.84 16.21 16.43 16.94 18.47 19.64 21.17 21.17 21.83 22.19 20.81 20.37 19.71 18.40 19.35 19.27 18.18 17.23 17.45 17.89 17.30 16.06 15.04 15.26 16.50 17.74 18.25 18.25 18.32 18.76 18.98
23.00 22.12 20.29 16.35 19.78 19.27 17.23 15.55 13.58 13.58 11.53 11.10 13.51 14.89 15.55 15.70 17.45 17.23 14.67 16.43 11.24 10.44 8.10 1.31 0.00 0.00 0.00 0.00 0.00 2.26 7.52 11.02 10.59 11.75 13.21 13.21 14.75 17.37 17.37 15.62 13.94 14.24 15.48 15.33 13.94 14.16 13.87 13.94 14.02 14.31 14.75 15.40 16.72 16.13 15.33 14.89 14.60 15.62 18.25 18.91 18.91 20.44 20.95 20.08 19.27 17.37 16.06 15.84 15.40 14.82 14.60 15.04 14.97 14.97 14.16 14.16 15.26 15.70 17.16 18.98 19.49 19.42 19.78 20.73
24.38 24.89 25.40 23.14 19.71 22.70 20.73 19.20 18.10 18.10 16.57 14.75 15.26 16.72 18.03 19.05 18.10 15.40 11.97 8.47 11.17 9.56 0.00 0.00 0.00 0.00 0.00 0.00 3.65 7.88 11.39 12.63 13.80 14.97 17.52 17.52 19.78 18.47 16.21 14.60 13.80 14.53 15.48 16.06 15.70 15.77 15.70 15.11 15.40 15.99 15.77 16.13 16.35 15.84 15.33 13.80 13.51 14.24 15.11 15.55 15.55 16.50 16.35 16.50 15.40 13.58 11.61 12.05 12.78 12.48 11.75 11.39 12.12 12.19 12.26 11.97 11.68 12.12 14.82 17.34 20.68 22.52 22.93 25.68
24.38 24.89 25.40 23.14 19.71 22.70 20.73 19.20 18.10 18.10 16.57 14.75 15.26 16.72 18.03 19.05 18.10 15.40 11.97 8.47 11.17 9.56 0.00 0.00 0.00 0.00 0.00 0.00 3.65 7.88 11.39 12.63 13.80 14.97 17.52 17.52 19.78 18.47 16.21 14.60 13.80 14.53 15.48 16.06 15.70 15.77 15.70 15.11 15.40 15.99 15.77 16.13 16.35 15.84 15.33 13.80 13.51 14.24 15.11 15.55 15.55 16.50 16.35 16.50 15.40 13.58 11.61 12.05 12.78 12.48 11.75 11.39 12.12 12.19 12.26 13.84 16.11 17.44 20.30 29.46 34.16 29.97 29.51 26.65
21.68 25.11 26.06 25.40 22.34 22.48 20.73 18.25 17.96 17.96 16.94 16.57 18.25 19.27 18.47 17.59 15.62 11.53 6.64 3.07 0.00 4.09 0.00 0.00 0.00 0.00 0.80 5.69 9.42 10.51 11.24 12.41 14.31 15.91 18.03 18.03 19.56 18.69 16.72 13.58 13.36 14.67 16.35 17.23 17.23 17.08 16.86 17.16 18.25 18.91 18.10 17.37 15.62 13.80 12.92 11.68 11.61 11.68 12.41 13.29 13.29 12.78 12.48 11.75 10.59 9.78 8.83 8.76 9.64 9.86 10.07 10.07 9.93 9.63 12.15 14.60 15.68 14.71 13.28 19.66 23.17 23.20 22.44 24.33
12.78 14.67 17.96 19.78 19.05 19.35 19.35 16.94 16.35 16.35 16.94 18.61 18.83 17.59 14.24 12.12 7.52 2.19 0.00 0.00 0.00 0.00 0.00 0.00 0.37 7.59 10.00 11.24 11.02 11.17 11.90 12.05 12.41 13.14 13.65 13.65 15.18 14.67 12.85 12.26 13.43 15.04 15.84 15.99 15.33 15.26 15.11 15.26 15.84 16.86 16.72 15.91 14.31 12.63 12.12 10.88 10.59 11.10 10.88 10.22 10.22 10.59 10.15 9.34 8.98 8.47 7.96 7.96 8.10 8.47 8.98 9.05 9.15 11.30 12.53 13.41 13.97 15.84 17.39 16.48 15.45 16.27 20.83 23.40
10.07 9.34 11.97 14.24 15.84 17.45 17.96 17.08 17.30 17.30 16.28 16.06 12.85 10.66 6.57 0.29 0.00 0.00 0.00 0.00 1.24 4.53 7.23 0.51 4.89 11.32 11.97 11.75 10.66 10.66 10.59 9.49 8.69 9.20 9.71 9.71 9.93 10.80 11.46 11.68 13.14 14.82 13.58 12.19 11.90 11.53 11.02 11.46 13.21 14.24 14.60 14.16 13.07 13.07 12.26 11.24 10.80 11.53 11.61 11.39 11.39 11.02 10.29 8.61 7.30 7.30 7.30 7.30 7.30 6.79 7.01 7.45 7.71 7.86 8.05 11.33 15.07 15.42 13.69 14.92 16.49 17.09 15.71 16.08
10.07 9.34 11.97 14.24 15.84 17.45 17.96 17.08 17.30 17.30 16.28 16.06 12.85 10.66 6.57 0.29 0.00 0.00 0.00 0.00 1.24 4.53 7.23 0.51 4.89 11.32 11.97 11.75 10.66 10.66 10.59 9.49 8.69 9.20 9.71 9.71 9.93 10.80 11.46 11.68 13.14 14.82 13.58 12.19 11.90 11.53 11.02 11.46 13.21 14.24 14.60 14.16 13.07 13.07 12.26 11.24 10.80 11.53 11.61 11.39 11.39 11.02 10.29 8.61 7.30 7.30 7.30 7.30 7.30 6.79 7.01 7.45 7.52 7.74 7.81 10.52 13.44 14.28 14.60 15.48 16.49 16.72 17.25 17.20
12.63 11.61 10.07 9.78 9.93 15.91 13.21 13.14 11.53 11.53 10.00 6.28 2.56 0.00 0.00 0.00 0.00 0.00 0.00 6.35 8.18 8.76 9.34 9.93 8.98 8.61 9.05 9.20 8.83 8.18 7.81 7.30 7.01 8.25 8.03 8.03 9.42 10.44 11.39 11.68 11.83 11.17 9.78 7.81 6.94 6.20 6.72 7.88 9.78 12.05 11.90 11.02 10.66 11.46 11.32 10.59 11.02 11.46 11.53 11.39 11.39 10.59 10.37 10.22 8.32 7.66 7.96 7.74 7.96 7.59 7.15 7.30 8.10 8.18 8.46 10.44 13.22 13.75 15.24 16.34 16.83 18.89 19.32 17.27
15.04 14.53 12.92 11.53 9.05 6.57 10.15 7.81 4.02 4.02 0.00 0.00 0.00 0.00 0.00 0.00 0.00 2.41 6.13 9.05 9.27 8.40 8.40 8.47 8.47 7.96 7.45 8.03 8.40 8.10 7.81 7.45 6.35 7.30 8.83 8.83 10.15 10.29 10.51 10.51 10.00 8.32 6.72 6.06 5.55 5.55 5.91 6.06 7.37 9.20 8.61 7.52 7.37 7.59 8.47 9.78 10.22 10.51 10.51 10.88 10.88 11.02 11.61 11.46 11.24 11.32 11.10 9.64 9.05 9.49 9.56 9.56 9.13 10.48 12.59 12.77 12.13 15.35 17.74 15.33 18.28 17.90 18.70 19.31
14.82 15.40 16.35 15.26 13.65 12.05 1.39 8.47 5.18 5.18 1.83 1.02 0.29 0.00 2.48 2.85 4.38 6.28 7.59 8.32 9.13 9.05 8.61 8.83 8.61 7.66 6.86 8.98 9.27 8.61 8.03 8.03 7.23 7.81 8.40 8.40 8.98 9.20 10.00 9.49 8.18 6.35 5.62 5.11 5.33 6.94 6.94 6.57 6.13 6.42 6.20 5.18 4.31 5.26 7.01 9.93 11.90 11.53 10.07 10.37 10.37 11.68 11.97 11.90 11.53 10.80 10.95 10.51 9.42 9.71 11.10 10.80 11.46 14.40 13.97 16.15 17.28 18.71 17.20 17.97 18.91 18.49 18.68 17.28
18.69 17.59 16.35 15.91 15.40 15.40 10.88 14.89 13.43 13.43 12.56 11.32 11.53 10.66 9.05 8.47 8.18 7.74 7.74 8.69 9.20 9.42 9.93 10.73 10.66 10.73 11.10 9.05 9.64 8.98 8.76 9.05 9.42 8.98 9.13 9.13 8.98 8.69 8.83 7.88 6.20 6.20 7.01 6.79 6.79 7.01 5.77 5.62 5.62 5.48 4.16 2.99 2.34 4.16 5.99 9.27 12.99 13.80 12.85 11.10 11.10 10.15 10.07 9.93 8.83 8.10 8.10 7.45 7.81 9.78 12.26 13.85 15.76 14.41 16.15 15.30 18.41 18.69 19.25 19.07 18.63 19.47 17.05 16.34
18.69 17.59 16.35 15.91 15.40 15.40 10.88 14.89 13.43 13.43 12.56 11.32 11.53 10.66 9.05 8.47 8.18 7.74 7.74 8.69 9.20 9.42 9.93 10.73 10.66 10.73 11.10 9.05 9.64 8.98 8.76 9.05 9.42 8.98 9.13 9.13 8.98 8.69 8.83 7.88 6.20 6.20 7.01 6.79 6.79 7.01 5.77 5.62 5.62 5.48 4.16 2.99 2.34 4.16 5.99 9.27 12.99 13.80 12.85 11.10 11.10 10.15 10.07 9.93 8.83 8.10 8.10 7.45 7.81 9.78 12.26 17.00 14.77 15.66 14.50 18.93 18.68 20.67 19.63 17.20 18.01 16.74 18.54 18.55
18.47 18.98 17.96 16.64 16.57 15.91 15.40 16.79 17.08 17.08 15.99 14.53 12.56 12.05 12.19 11.97 11.61 10.44 11.17 11.39 10.59 11.32 11.32 12.48 12.41 11.53 10.95 11.02 9.49 8.83 9.64 10.37 10.22 10.29 9.93 9.93 10.00 9.93 8.61 7.01 7.81 7.96 8.61 8.54 7.23 4.82 3.58 4.02 4.02 2.41 1.53 0.95 1.10 2.19 4.74 8.54 12.05 13.58 12.63 10.73 10.73 8.83 7.74 6.79 5.91 4.67 3.94 4.53 6.57 8.69 12.86 15.43 18.78 18.46 18.92 20.87 21.96 19.60 19.25 22.11 19.24 17.80 16.82 13.48
15.91 18.47 19.86 19.71 18.25 16.94 15.04 14.82 15.11 15.11 14.02 13.72 15.11 16.50 18.18 17.01 15.48 13.65 13.14 12.78 13.21 13.51 12.12 11.97 11.02 10.88 10.88 11.24 11.02 10.15 9.56 9.86 9.86 9.86 9.71 9.71 10.07 9.34 8.83 8.40 8.83 8.47 8.25 7.01 4.16 2.12 1.75 2.04 1.39 1.46 0.66 0.00 0.73 1.90 3.07 5.91 9.49 10.29 10.44 9.27 9.27 7.88 6.79 5.26 2.99 2.41 2.48 3.58 5.84 10.49 15.41 18.66 21.49 21.98 23.26 22.41 19.50 19.98 20.22 21.90 18.51 18.53 15.95 16.35
13.72 14.09 16.28 16.86 17.89 16.43 14.97 12.92 14.16 14.16 13.58 14.45 16.86 18.83 20.08 18.91 16.50 13.43 12.05 12.92 13.94 14.02 13.87 11.75 10.15 9.93 9.93 9.42 9.05 9.71 8.54 9.64 10.51 10.15 9.20 9.20 9.27 9.27 8.76 8.76 8.47 8.10 5.77 3.43 2.04 2.26 2.19 2.19 1.68 0.51 0.00 0.00 0.00 0.00 0.29 3.50 6.50 8.69 9.86 10.51 10.51 10.44 9.05 7.88 5.04 3.43 3.80 4.53 6.50 9.71 15.55 20.66 24.16 24.97 25.19 25.85 24.42 25.85 25.76 21.43 21.29 17.54 14.60 15.65
12.05 13.58 13.94 13.51 13.21 12.78 12.85 13.21 12.56 12.56 13.21 15.11 18.32 20.29 21.46 19.93 14.67 12.05 11.90 12.78 13.36 14.09 14.31 11.83 10.29 9.42 9.42 8.76 8.83 10.15 7.74 11.53 12.12 9.93 9.42 9.42 9.86 10.66 8.98 7.59 6.79 6.28 4.02 2.41 2.34 2.41 2.70 1.75 0.00 0.00 0.00 0.00 0.00 0.00 2.19 6.28 10.44 12.63 13.43 12.26 12.26 10.59 9.42 7.37 4.89 3.72 4.31 6.06 9.93 12.34 17.96 22.12 25.11 27.30 29.36 29.12 32.12 26.36 27.63 23.34 23.43 16.81 14.14 10.88
7.88 11.24 13.51 14.53 13.72 11.32 10.29 12.48 11.32 11.32 12.05 14.02 17.30 19.49 19.78 17.96 12.19 10.22 12.12 12.78 13.07 13.07 11.97 10.88 9.78 9.71 9.93 9.64 10.22 12.56 14.82 10.37 11.83 10.80 12.34 12.34 12.26 9.71 7.15 5.26 4.02 4.02 3.21 3.14 2.99 2.04 0.73 0.00 0.00 0.00 0.00 0.00 0.00 0.37 4.38 9.42 12.63 16.21 17.16 14.75 14.75 10.37 6.60 1.75 1.97 3.50 5.91 8.83 10.22 12.85 17.74 22.12 25.48 27.59 28.97 29.04 35.10 27.93 28.33 21.39 14.88 13.07 12.70 9.58
7.88 11.24 13.51 14.53 13.72 11.32 10.29 12.48 11.32 11.32 12.05 14.02 17.30 19.49 19.78 17.96 12.19 10.22 12.12 12.78 13.07 13.07 11.97 10.88 9.78 9.71 9.93 9.64 10.22 12.56 14.82 10.37 11.83 10.80 12.34 12.34 12.26 9.71 7.15 5.26 4.02 4.02 3.21 3.14 2.99 2.04 0.73 0.00 0.00 0.00 0.00 0.00 0.00 0.37 4.38 9.42 12.63 16.21 17.16 14.75 14.75 10.37 6.60 1.75 1.97 3.50 5.91 8.83 10.22 12.85 17.74 22.12 25.48 27.59 27.81 29.20 27.26 24.57 23.72 24.89 18.19 13.35 9.95 8.84
3.14 5.77 7.37 9.13 10.07 10.51 10.07 9.78 8.98 8.98 10.88 11.10 11.32 13.87 14.31 14.24 12.12 11.53 13.94 14.89 14.53 12.99 11.68 11.24 11.46 10.59 11.10 12.92 13.94 15.33 15.84 14.02 13.07 10.22 10.22 10.22 8.47 5.77 4.82 5.48 5.33 4.38 4.02 3.43 2.34 1.39 0.07 0.00 0.00 0.00 0.00 1.10 3.36 6.13 8.32 11.39 13.51 15.55 15.11 10.73 10.73 5.04 0.00 0.00 0.00 4.16 6.20 8.03 10.37 13.65 16.86 20.51 23.29 26.57 27.38 26.27 25.59 32.31 29.43 21.84 15.48 8.56 6.67 5.90
1.10 3.50 5.40 7.15 7.88 8.69 8.76 8.40 8.03 8.03 9.64 9.93 8.76 9.49 12.56 14.09 15.26 16.06 17.52 17.74 15.48 14.38 12.70 12.85 13.65 12.78 13.65 16.79 18.10 17.08 15.33 13.36 10.88 11.02 7.15 7.15 6.64 5.69 6.57 7.52 6.86 6.20 4.38 2.99 1.24 0.66 0.00 0.00 0.00 0.00 0.00 3.36 7.45 9.05 10.15 11.53 10.37 9.13 7.01 2.85 2.85 0.00 0.00 0.00 0.00 4.38 7.15 9.20 11.24 13.21 16.21 19.93 24.31 27.74 28.15 26.94 26.11 27.87 25.40 19.12 14.96 7.61 6.04 4.12
1.61 1.97 3.43 5.04 5.69 5.84 5.48 6.28 7.81 7.81 7.37 8.83 9.05 9.34 12.26 16.50 18.76 19.27 19.78 20.00 17.89 16.06 14.82 15.26 15.26 15.70 16.06 18.32 20.44 19.49 16.50 14.67 12.41 12.05 9.05 9.05 8.69 9.42 10.15 11.10 10.00 7.45 4.02 1.61 0.00 0.00 0.00 0.00 0.00 0.00 0.00 1.90 3.36 3.50 5.11 6.79 5.04 3.36 1.75 0.00 0.00 0.00 0.00 0.00 0.00 5.18 9.64 12.19 13.94 15.48 18.83 21.68 26.38 28.39 28.46 29.46 26.71 19.44 18.27 16.28 10.50 5.69 4.17 2.38
1.10 1.31 1.39 1.83 2.34 1.83 2.48 2.04 3.72 3.72 4.96 7.37 8.47 8.54 12.70 16.57 17.96 18.32 19.64 19.78 17.74 16.86 16.35 17.16 18.18 17.67 18.10 19.86 21.24 20.08 16.72 15.40 14.89 13.87 10.29 10.29 13.29 15.18 14.53 13.29 10.22 6.86 2.63 0.15 0.00 0.00 0.00 0.00 0.00 0.00 0.00 0.00 0.00 0.00 1.10 0.00 0.00 0.00 0.00 0.00 0.00 0.29 1.61 3.29 5.40 7.88 13.07 14.82 15.48 18.10 21.39 23.36 25.74 27.41 28.71 27.71 22.81 20.42 14.13 9.43 5.74 3.75 2.58 1.00
1.02 0.07 0.58 0.80 0.37 0.00 0.00 0.95 1.68 1.68 4.53 5.55 7.01 8.69 11.75 14.75 14.82 14.89 15.55 15.48 15.04 16.06 17.59 18.54 19.56 19.20 20.22 21.10 19.20 17.16 16.72 18.10 18.40 18.61 18.54 18.54 16.21 18.32 15.55 11.61 8.03 6.35 5.55 3.72 3.07 2.85 2.19 2.63 2.34 1.10 0.07 0.00 0.00 0.00 0.00 0.00 0.00 0.00 0.58 1.17 1.17 2.34 4.23 5.84 9.13 13.87 17.37 18.47 19.13 21.17 24.26 26.06 28.77 25.16 24.03 23.57 17.86 15.45 10.61 6.39 4.37 2.58 0.21 0.00
1.02 0.07 0.58 0.80 0.37 0.00 0.00 0.95 1.68 1.68 4.53 5.55 7.01 8.69 11.75 14.75 14.82 14.89 15.55 15.48 15.04 16.06 17.59 18.54 19.56 19.20 20.22 21.10 19.20 17.16 16.72 18.10 18.40 18.61 18.54 18.54 16.21 18.32 15.55 11.61 8.03 6.35 5.55 3.72 3.07 2.85 2.19 2.63 2.34 1.10 0.07 0.00 0.00 0.00 0.00 0.00 0.00 0.00 0.58 1.17 1.17 2.34 4.23 5.84 9.13 13.87 17.37 18.47 19.13 21.17 24.38 25.78 26.02 28.03 25.64 27.50 20.73 14.95 11.08 6.21 4.62 3.06 0.20 0.00
0.00 0.00 0.00 0.00 0.00 0.00 0.00 1.17 3.87 3.87 4.82 6.79 8.69 10.51 12.34 12.05 11.39 12.41 13.29 13.07 12.56 13.87 15.11 15.99 17.16 18.40 20.37 20.29 17.01 14.02 14.53 17.45 18.03 17.30 17.23 17.23 18.83 18.83 12.70 11.24 11.68 12.12 11.53 11.39 10.29 7.66 5.99 5.99 4.38 2.04 0.00 0.00 0.00 0.00 0.00 0.00 0.00 1.10 4.60 5.40 5.43 6.60 8.29 9.86 12.56 18.40 23.43 23.51 23.04 24.92 26.47 27.43 30.51 28.81 26.84 23.03 14.47 8.26 6.20 3.42 1.45 0.54 0.00 0.00
0.00 0.00 0.00 0.00 0.00 0.00 0.00 0.00 2.19 2.19 6.79 5.84 5.77 8.25 9.13 10.59 12.85 15.84 15.99 15.18 13.65 12.92 12.99 13.80 16.21 19.64 20.59 19.05 16.72 15.84 15.55 16.28 15.55 15.04 15.26 15.26 15.55 13.14 13.87 14.89 16.94 15.91 15.70 15.26 14.24 12.05 10.29 8.10 4.96 3.21 1.97 1.61 0.51 0.66 1.31 2.77 3.80 5.62 10.66 12.26 12.26 12.34 14.31 16.50 18.61 21.24 23.51 25.77 26.35 26.79 27.30 28.22 29.47 28.31 20.53 13.90 8.00 3.73 3.13 1.84 0.00 0.00 0.00 0.00
1.39 0.73 0.22 0.00 0.00 0.00 0.00 0.07 0.00 0.00 0.00 0.00 0.00 3.36 5.99 9.93 14.31 17.08 17.67 16.64 13.72 12.99 13.29 15.48 20.73 22.78 21.97 20.29 19.78 19.93 17.81 17.16 16.28 16.64 15.99 15.99 15.48 16.13 14.75 16.43 16.21 13.94 12.05 12.99 13.51 11.90 8.76 6.06 5.48 4.82 3.58 4.60 5.48 5.48 7.23 8.40 7.96 11.46 16.35 17.52 17.52 17.23 17.52 18.98 20.81 21.10 20.66 23.43 28.62 29.20 28.69 28.05 27.25 22.96 14.81 8.60 3.03 1.78 0.51 0.21 0.00 0.00 0.00 0.00
2.26 0.95 0.51 0.66 0.00 0.00 0.00 0.00 0.00 0.00 0.00 0.00 0.00 0.00 0.00 6.42 10.73 13.51 14.75 13.29 12.48 14.89 17.08 19.56 23.21 25.04 24.45 23.21 23.29 22.41 20.00 18.61 17.59 17.59 16.13 16.13 14.02 12.05 11.46 13.72 7.59 6.35 6.86 6.57 6.79 6.13 5.33 4.96 5.40 6.42 6.50 7.23 7.59 8.03 9.56 10.80 11.75 15.62 19.05 20.08 20.08 20.08 18.76 19.27 21.68 20.88 18.54 21.83 27.74 28.98 29.20 26.91 25.53 16.08 10.44 4.87 2.19 0.49 0.00 0.00 0.00 0.00 0.00 0.00
2.26 1.39 1.10 0.00 0.00 0.00 0.00 0.00 0.00 0.00 0.00 0.00 0.00 0.00 0.00 0.00 5.69 8.25 9.13 10.51 13.29 15.55 18.40 19.86 21.53 23.36 23.36 21.39 20.51 18.98 18.98 17.45 16.57 14.82 12.85 12.85 10.29 8.54 6.57 9.34 1.61 2.12 3.94 3.43 2.70 2.85 3.65 4.23 7.45 10.44 9.78 9.93 10.51 9.93 10.95 13.07 14.24 16.21 18.47 19.78 19.78 18.69 18.47 19.27 20.22 20.15 18.54 20.29 25.55 28.69 28.25 23.87 17.60 7.03 2.94 2.52 1.06 0.56 0.00 0.00 0.00 0.00 0.00 0.00
2.19 2.48 2.34 0.00 0.00 0.00 3.14 0.00 0.00 0.00 0.00 0.00 0.00 0.00 0.00 0.00 0.00 3.36 4.60 7.59 11.02 12.56 15.11 15.77 17.23 16.64 16.43 16.50 14.31 12.99 11.24 10.88 10.44 9.78 9.05 9.05 8.32 5.69 3.87 2.85 1.39 3.14 3.94 3.87 2.77 2.63 3.58 6.13 8.69 9.78 10.44 11.39 12.19 12.56 12.70 15.11 15.91 16.35 17.45 16.79 16.79 15.55 15.77 17.08 18.25 18.54 18.91 21.68 25.55 27.74 25.48 21.13 14.15 6.26 1.77 1.33 0.28 0.00 0.00 0.00 0.00 0.00 0.00 0.00
2.19 2.48 2.34 0.00 0.00 0.00 3.14 0.00 0.00 0.00 0.00 0.00 0.00 0.00 0.00 0.00 0.00 3.36 4.60 7.59 11.02 12.56 15.11 15.77 17.23 16.64 16.43 16.50 14.31 12.99 11.24 10.88 10.44 9.78 9.05 9.05 8.32 5.69 3.87 2.85 1.39 3.14 3.94 3.87 2.77 2.63 3.58 6.13 8.69 9.78 10.44 11.39 12.19 12.56 12.70 15.11 15.91 16.35 17.45 16.79 16.79 15.55 15.77 17.08 18.25 18.54 18.91 21.68 25.55 27.74 25.48 21.02 13.94 6.16 1.77 1.39 0.25 0.00 0.00 0.00 0.00 0.00 0.00 0.00
1.75 0.00 0.00 3.43 3.58 3.43 3.87 3.36 3.21 3.21 3.50 3.80 0.00 0.00 0.00 0.00 0.00 0.00 0.00 5.26 8.98 9.49 9.42 9.49 11.61 12.41 11.68 10.07 8.54 5.33 4.96 3.94 2.85 2.99 4.09 4.09 4.74 5.33 6.64 6.64 2.70 3.94 5.40 3.72 3.50 3.58 4.02 6.35 7.74 7.88 8.91 10.07 12.56 13.07 12.19 11.90 12.48 12.78 15.77 15.99 15.99 15.04 14.89 14.60 14.67 16.35 17.89 20.37 23.43 24.16 23.14 18.47 10.80 2.80 1.25 0.53 0.00 0.00 0.00 0.00 0.00 0.00 0.00 0.00
