Wansh/Snow_depth/snowdepth-1991/spring/1991091.txt
ncols 321
nrows 161
xllcenter 60
yllcenter 15 
cellsize  0.25 
NODATA_value -1
[rows 0 to 36 of 161, columns 0 to 83 of 321]
9.71 9.71 9.71 13.21 15.91 16.94 17.30 17.81 18.18 19.13 19.35 19.93 23.14 23.87 23.80 24.02 23.65 22.48 22.48 23.36 23.58 23.43 24.67 25.99 25.77 25.19 25.19 24.31 23.87 23.07 23.58 23.21 23.21 23.29 23.65 24.31 24.16 23.43 22.70 22.19 21.75 21.10 20.59 19.42 19.05 19.71 20.37 20.73 21.10 21.24 21.32 21.32 21.24 20.66 20.08 19.71 20.08 20.29 20.00 19.86 20.22 19.49 19.20 18.47 17.67 17.59 17.67 16.94 16.43 16.43 16.28 16.21 16.13 15.84 15.70 15.91 15.91 15.62 15.77 16.79 16.79 15.55 15.11 15.04
13.07 13.07 13.87 15.91 18.03 19.35 20.15 20.44 20.08 19.35 19.71 19.93 21.10 21.83 23.21 22.78 21.32 20.22 21.17 21.75 22.63 23.73 24.89 25.33 24.75 23.73 23.73 22.85 22.56 22.27 22.41 21.75 20.51 20.44 21.53 22.34 22.92 21.90 21.97 21.97 20.81 20.08 18.47 17.59 17.23 17.16 16.28 17.45 18.54 18.69 19.35 19.35 19.35 19.71 19.93 19.86 19.78 19.71 20.29 20.66 20.15 19.93 19.27 18.76 18.18 17.81 17.01 16.86 16.28 16.64 17.30 17.52 18.10 17.74 16.72 15.18 15.18 14.75 15.48 15.84 15.99 16.28 15.84 15.33
16.35 16.35 16.28 16.28 16.72 17.08 17.45 16.64 13.72 14.67 16.21 17.16 17.67 19.27 18.69 18.18 18.03 19.49 20.81 21.83 23.29 24.60 25.26 24.82 24.24 22.63 22.63 21.32 20.88 19.49 19.64 19.64 18.98 19.05 18.83 18.83 19.56 19.78 19.71 18.91 17.89 17.08 17.08 16.79 16.43 16.79 17.59 17.67 17.16 16.94 16.79 16.79 16.64 17.01 19.13 19.78 18.83 18.76 19.71 20.51 21.02 20.59 20.51 20.59 20.44 20.37 19.56 18.69 18.61 18.61 18.40 18.98 19.13 18.54 17.23 16.43 16.43 16.35 16.35 16.13 14.75 14.02 14.02 13.65
16.35 16.35 16.28 16.28 16.72 17.08 17.45 16.64 13.72 14.67 16.21 17.16 17.67 19.27 18.69 18.18 18.03 19.49 20.81 21.83 23.29 24.60 25.26 24.82 24.24 22.63 22.63 21.32 20.88 19.49 19.64 19.64 18.98 19.05 18.83 18.83 19.56 19.78 19.71 18.91 17.89 17.08 17.08 16.79 16.43 16.79 17.59 17.67 17.16 16.94 16.79 16.79 16.64 17.01 19.13 19.78 18.83 18.76 19.71 20.51 21.02 20.59 20.51 20.59 20.44 20.37 19.56 18.69 18.61 18.61 18.40 18.98 19.13 18.54 17.23 16.43 16.43 16.35 16.35 16.13 14.75 14.02 14.02 13.65
14.45 14.45 15.04 12.63 12.70 13.43 12.41 10.37 10.95 13.43 15.18 15.55 16.06 17.52 14.89 15.33 17.23 20.15 21.17 21.46 21.32 22.78 23.21 23.87 22.85 20.22 20.22 19.27 18.47 17.67 18.83 19.49 19.78 19.35 17.59 16.57 15.91 16.13 15.26 14.31 14.38 13.94 13.80 14.24 15.11 16.06 16.21 16.64 17.01 16.50 15.77 15.77 14.75 15.33 17.96 18.91 18.76 17.96 17.96 19.35 20.44 21.24 21.75 21.97 22.48 22.19 20.95 19.49 19.20 18.83 18.76 18.69 18.61 18.40 17.89 16.28 16.28 14.75 14.53 14.67 14.82 13.94 13.07 12.48
12.41 12.41 8.54 12.85 12.99 14.82 16.79 18.32 17.81 18.10 18.32 17.52 17.96 19.35 19.05 17.67 16.64 19.93 20.73 19.56 19.86 19.93 20.08 20.59 19.42 17.96 17.96 17.59 17.08 16.72 17.08 17.89 18.91 18.76 16.72 15.70 14.45 14.31 13.65 13.14 12.63 11.53 11.68 13.36 15.70 16.35 15.91 14.75 14.75 13.94 13.14 13.14 13.65 16.50 18.10 19.05 18.91 17.96 17.96 18.47 19.13 20.29 21.90 22.63 22.78 22.48 21.53 20.44 19.27 18.32 18.03 17.52 17.45 17.08 15.91 15.40 15.40 14.67 13.51 13.51 13.65 13.36 13.80 14.53
12.34 12.34 8.54 14.45 14.89 16.35 19.13 21.61 21.61 21.61 20.51 19.27 18.61 18.03 16.86 16.50 18.40 17.23 20.22 18.47 17.23 17.16 17.59 18.69 18.91 18.18 18.18 17.23 15.62 14.67 14.89 15.70 16.21 16.28 15.70 15.84 15.84 15.48 14.45 14.02 12.78 10.88 11.53 13.87 15.04 16.79 15.55 13.65 13.21 11.53 10.29 10.29 11.53 14.38 16.64 18.10 17.96 17.89 18.83 18.10 18.03 18.69 20.08 20.08 19.13 19.64 19.56 18.91 17.89 16.86 17.01 16.86 15.77 15.70 16.21 15.91 15.91 14.38 13.80 13.65 14.24 14.82 16.21 16.28
12.34 12.34 8.54 14.45 14.89 16.35 19.13 21.61 21.61 21.61 20.51 19.27 18.61 18.03 16.86 16.50 18.40 17.23 20.22 18.47 17.23 17.16 17.59 18.69 18.91 18.18 18.18 17.23 15.62 14.67 14.89 15.70 16.21 16.28 15.70 15.84 15.84 15.48 14.45 14.02 12.78 10.88 11.53 13.87 15.04 16.79 15.55 13.65 13.21 11.53 10.29 10.29 11.53 14.38 16.64 18.10 17.96 17.89 18.83 18.10 18.03 18.69 20.08 20.08 19.13 19.64 19.56 18.91 17.89 16.86 17.01 16.86 15.77 15.70 16.21 15.91 15.91 14.38 13.80 13.65 14.24 14.82 16.21 16.28
11.24 11.24 9.27 14.97 14.97 14.38 15.40 14.82 14.89 16.72 17.16 16.43 16.21 14.82 15.70 17.37 20.00 20.37 20.37 17.81 16.79 17.74 18.32 19.35 19.71 18.47 18.47 17.01 15.33 14.09 14.31 14.82 15.04 14.31 14.31 14.38 14.89 14.82 14.82 14.31 12.05 10.59 11.02 13.43 14.31 14.67 13.43 11.53 11.32 10.07 8.91 8.91 6.64 7.30 8.98 13.07 14.75 16.21 16.72 17.37 16.94 18.32 19.27 19.42 18.40 17.08 17.16 17.16 17.74 17.52 17.67 17.59 16.64 15.91 15.55 17.30 17.30 18.98 17.30 16.43 17.08 17.37 17.67 18.03
6.86 6.86 2.92 5.91 7.59 9.78 9.56 7.59 9.78 10.59 11.17 12.56 12.78 15.48 17.74 19.20 19.49 19.35 18.03 20.44 16.28 16.43 17.30 18.54 18.40 17.81 17.81 16.86 16.79 15.99 15.48 14.97 15.33 15.77 15.55 14.16 13.87 14.60 14.97 14.24 14.16 13.43 13.72 15.04 15.33 15.18 12.99 10.29 9.27 10.15 10.51 10.51 8.47 4.96 3.87 6.50 10.07 12.34 15.48 17.01 17.16 16.94 18.03 19.27 19.27 16.94 15.77 15.04 15.33 16.64 17.89 17.89 18.69 20.00 20.22 21.90 21.90 23.14 22.27 20.88 19.05 17.96 17.67 17.67
3.36 3.36 1.02 1.75 1.68 0.00 4.23 4.02 5.18 7.37 9.13 11.61 13.43 16.57 18.47 19.20 18.18 17.23 17.01 15.99 17.01 16.64 17.08 17.37 18.83 18.54 18.54 18.83 19.42 19.13 18.54 18.25 18.03 17.74 17.81 16.06 15.33 15.91 16.57 17.37 17.30 17.16 17.08 17.67 17.30 16.43 14.89 11.46 9.93 10.29 10.73 10.73 11.02 9.42 7.96 7.81 9.71 14.38 15.91 17.08 17.16 16.86 17.45 18.03 19.49 20.37 17.45 14.60 13.21 15.77 17.16 18.10 19.42 20.22 20.44 21.32 21.32 22.85 24.31 23.21 20.08 17.01 15.62 14.24
3.36 3.36 1.02 1.75 1.68 0.00 4.23 4.02 5.18 7.37 9.13 11.61 13.43 16.57 18.47 19.20 18.18 17.23 17.01 15.99 17.01 16.64 17.08 17.37 18.83 18.54 18.54 18.83 19.42 19.13 18.54 18.25 18.03 17.74 17.81 16.06 15.33 15.91 16.57 17.37 17.30 17.16 17.08 17.67 17.30 16.43 14.89 11.46 9.93 10.29 10.73 10.73 11.02 9.42 7.96 7.81 9.71 14.38 15.91 17.08 17.16 16.86 17.45 18.03 19.49 20.37 17.45 14.60 13.21 15.77 17.16 18.10 19.42 20.22 20.44 21.32 21.32 22.85 24.31 23.21 20.08 17.01 15.62 14.24
6.13 6.13 4.45 0.00 2.34 0.00 0.00 1.75 4.31 7.66 10.44 13.87 15.91 16.86 18.03 18.69 18.18 18.25 17.74 17.16 15.26 16.43 17.45 18.61 20.15 20.44 20.44 21.39 20.88 20.08 19.42 19.42 19.05 19.78 20.00 20.08 19.49 19.86 19.78 21.10 21.75 19.64 18.76 18.83 19.27 18.25 16.13 14.53 13.87 12.63 12.92 12.92 13.07 12.63 11.97 11.83 13.51 14.89 16.50 17.01 15.99 13.87 12.19 13.36 17.37 19.86 20.22 17.96 17.37 18.32 19.78 19.86 20.59 20.44 17.52 15.77 15.77 17.23 20.29 20.00 18.40 15.40 11.97 10.15
7.96 7.96 7.01 4.60 0.00 0.00 0.00 0.00 1.68 9.71 14.38 16.86 18.25 19.27 19.56 19.86 20.08 19.78 19.27 17.59 15.18 18.03 16.57 20.29 21.24 21.83 21.83 21.90 20.59 20.15 20.00 20.37 20.88 21.53 22.05 22.27 22.92 23.73 24.24 24.53 24.09 23.43 21.75 21.02 21.10 20.22 19.56 18.40 17.45 16.57 16.06 16.06 14.89 14.16 12.70 14.67 16.86 18.32 18.32 18.03 16.13 12.26 9.20 9.56 12.48 15.77 17.89 20.37 21.83 22.41 22.12 21.75 22.05 22.05 20.51 17.52 17.52 15.99 16.28 16.06 13.80 12.63 10.59 9.56
5.62 5.62 4.16 3.14 0.00 0.00 0.00 0.00 0.00 6.28 17.67 19.13 20.08 20.22 20.59 20.73 20.15 20.37 20.29 18.40 17.01 16.28 17.96 20.51 21.83 22.19 22.19 21.46 20.37 19.93 20.73 21.17 21.97 22.78 22.48 22.78 24.16 24.67 25.19 24.82 24.02 23.43 22.27 21.90 22.56 21.75 22.63 21.97 20.22 19.35 17.74 17.74 15.33 14.24 14.53 16.13 18.69 19.71 19.27 18.54 16.13 13.43 10.73 9.56 11.02 12.70 15.11 18.32 20.66 22.63 23.14 23.07 23.14 24.89 25.11 22.78 22.78 21.39 19.05 17.01 14.89 13.36 12.99 12.41
2.92 2.92 4.16 5.55 3.36 3.07 2.12 0.00 0.00 0.00 17.01 21.53 21.24 21.10 20.29 19.64 20.37 21.02 20.81 20.88 20.37 20.22 20.59 23.29 23.43 22.92 22.92 21.83 21.83 21.90 21.61 21.68 21.61 21.61 21.83 22.19 22.63 24.02 24.67 23.14 22.85 21.83 20.88 20.95 21.68 22.05 21.53 21.17 20.29 18.18 16.79 16.79 15.62 15.77 16.79 18.10 18.10 17.89 17.59 16.64 13.58 9.13 6.50 5.84 6.20 8.25 9.93 13.21 15.62 17.81 19.05 21.32 21.75 24.89 25.77 25.55 25.55 23.73 20.51 17.89 16.50 17.23 17.16 15.77
2.92 2.92 4.16 5.55 3.36 3.07 2.12 0.00 0.00 0.00 17.01 21.53 21.24 21.10 20.29 19.64 20.37 21.02 20.81 20.88 20.37 20.22 20.59 23.29 23.43 22.92 22.92 21.83 21.83 21.90 21.61 21.68 21.61 21.61 21.83 22.19 22.63 24.02 24.67 23.14 22.85 21.83 20.88 20.95 21.68 22.05 21.53 21.17 20.29 18.18 16.79 16.79 15.62 15.77 16.79 18.10 18.10 17.89 17.59 16.64 13.58 9.13 6.50 5.84 6.20 8.25 9.93 13.21 15.62 17.81 19.05 21.32 21.75 24.89 25.77 25.55 25.55 23.73 20.51 17.89 16.50 17.23 17.16 15.77
1.83 1.83 2.41 3.65 7.45 3.50 0.00 0.00 0.00 0.00 0.00 21.90 24.02 22.85 22.05 22.92 22.70 23.21 23.58 24.60 24.75 24.67 24.53 24.75 25.84 24.60 24.60 22.70 21.83 21.68 20.66 20.59 20.73 20.88 20.66 20.29 21.17 22.12 21.02 20.44 19.93 19.13 18.69 18.83 18.47 18.10 18.76 19.20 18.69 17.96 17.01 17.01 16.64 17.08 18.98 19.64 18.91 16.43 14.45 12.85 9.86 8.76 7.59 4.82 3.07 2.19 2.99 6.35 7.45 6.86 5.69 6.57 11.53 15.99 22.05 24.60 24.60 22.56 20.51 15.26 13.43 15.04 14.53 13.65
4.45 4.45 4.67 5.69 6.72 9.42 0.00 0.00 0.00 0.00 0.00 0.00 25.19 27.89 28.84 27.59 26.06 24.97 26.28 25.84 25.11 24.67 24.45 24.38 23.51 26.35 26.35 23.58 22.78 22.63 22.12 21.46 20.44 19.64 19.13 18.61 18.83 19.13 19.13 18.40 18.10 17.89 17.45 16.64 15.91 16.43 17.67 18.40 18.61 18.40 18.03 18.03 18.32 18.25 19.35 20.95 19.93 16.35 13.51 11.32 10.07 11.17 11.61 11.17 5.91 1.46 0.00 0.00 0.15 0.00 0.00 0.00 0.00 4.67 11.90 15.62 15.62 17.59 16.06 11.90 8.98 8.32 8.76 9.64
7.08 7.08 9.27 11.83 15.18 14.67 0.00 0.00 0.00 0.00 0.00 0.00 0.00 30.00 30.81 27.74 24.53 22.48 22.41 21.17 20.51 20.44 22.85 23.51 23.07 22.05 22.05 25.11 22.78 22.63 21.24 20.15 18.98 17.89 16.64 16.28 16.28 17.16 17.23 17.67 17.74 18.40 18.25 17.59 17.37 18.32 19.20 20.22 20.44 19.86 18.69 18.69 17.74 17.74 18.54 20.00 19.64 16.86 15.84 14.82 13.58 12.78 14.75 14.53 11.17 5.62 1.75 0.00 0.00 0.00 0.00 0.00 0.00 0.00 0.95 5.18 5.18 7.81 9.56 8.69 8.47 7.30 6.13 4.82
10.59 10.59 14.45 18.61 22.63 21.02 0.00 0.00 21.53 21.61 0.00 0.00 0.00 30.30 28.91 23.07 18.54 17.23 16.43 16.06 17.16 21.39 23.14 23.14 20.88 18.98 18.98 17.74 21.24 19.13 19.56 19.20 18.98 18.40 17.59 17.23 17.16 18.83 19.42 20.59 20.73 20.37 20.29 19.20 19.20 20.22 21.10 21.32 21.02 20.15 18.18 18.18 16.43 15.62 15.70 17.16 17.30 16.79 16.21 15.99 15.91 15.04 13.80 11.90 10.37 7.08 4.53 0.00 0.00 0.00 0.00 0.00 0.00 0.00 0.00 0.00 0.00 0.00 1.10 2.63 4.38 4.67 2.77 2.26
10.80 10.80 12.63 17.96 19.64 21.32 22.05 19.86 19.42 18.25 18.76 18.10 0.00 0.00 29.57 16.35 14.38 16.21 19.35 19.78 21.75 24.24 23.29 21.68 19.27 17.45 17.45 0.00 17.37 18.91 17.45 17.59 19.05 20.15 21.17 20.95 22.05 22.27 22.12 22.63 22.56 21.75 21.02 20.81 21.10 21.61 21.68 21.32 21.02 20.37 17.81 17.81 15.99 16.13 16.28 17.08 16.79 15.99 15.04 14.45 13.07 11.39 9.78 7.81 6.42 6.06 5.11 3.07 0.88 0.00 0.00 0.00 0.00 0.00 0.00 0.00 0.00 0.00 0.00 0.00 0.00 0.00 0.00 0.00
10.80 10.80 12.63 17.96 19.64 21.32 22.05 19.86 19.42 18.25 18.76 18.10 0.00 0.00 29.57 16.35 14.38 16.21 19.35 19.78 21.75 24.24 23.29 21.68 19.27 17.45 17.45 0.00 17.37 18.91 17.45 17.59 19.05 20.15 21.17 20.95 22.05 22.27 22.12 22.63 22.56 21.75 21.02 20.81 21.10 21.61 21.68 21.32 21.02 20.37 17.81 17.81 15.99 16.13 16.28 17.08 16.79 15.99 15.04 14.45 13.07 11.39 9.78 7.81 6.42 6.06 5.11 3.07 0.88 0.00 0.00 0.00 0.00 0.00 0.00 0.00 0.00 0.00 0.00 0.00 0.00 0.00 0.00 0.00
8.25 8.25 10.29 9.49 10.73 9.05 12.05 13.87 12.70 9.20 10.07 9.42 6.94 4.96 0.00 15.62 17.08 21.53 22.78 23.00 23.36 23.29 22.05 20.15 0.00 0.00 0.00 0.00 17.30 20.51 16.13 16.86 20.15 22.56 23.87 24.02 23.80 23.87 23.51 23.29 23.00 22.27 23.07 22.56 21.90 21.61 20.73 20.66 20.37 19.49 17.74 17.74 16.86 17.89 19.49 20.22 18.54 16.50 14.45 12.99 11.39 10.66 11.17 10.15 9.64 8.10 8.32 7.52 6.94 5.33 0.00 0.00 0.00 0.00 0.00 0.00 0.00 0.00 0.00 0.00 0.00 0.00 0.00 0.00
1.24 1.24 2.92 3.50 0.00 0.00 0.00 2.04 0.00 0.00 0.00 0.00 0.00 0.00 2.63 0.00 13.94 20.95 22.19 22.48 21.83 20.00 19.05 0.00 0.00 0.00 0.00 0.00 15.11 11.68 19.64 21.46 23.94 24.60 24.45 24.02 24.45 24.60 24.82 24.24 23.87 23.73 25.11 24.60 23.00 20.95 20.08 19.71 18.76 18.03 18.03 18.03 18.03 18.83 21.75 23.21 21.90 18.91 15.40 14.53 13.87 13.94 14.31 17.23 17.52 17.89 16.43 16.43 14.67 12.63 12.48 12.19 8.98 7.01 5.91 4.16 4.16 0.00 0.00 0.00 0.00 0.00 1.53 3.14
0.00 0.00 0.00 0.00 0.00 0.00 0.00 0.00 0.00 0.00 0.00 0.00 0.00 0.00 0.00 0.00 13.51 16.28 22.48 21.75 19.49 18.98 0.00 0.00 0.00 0.00 0.00 0.00 14.75 13.58 15.26 21.61 26.13 25.77 24.82 24.60 26.06 27.45 28.69 28.03 26.06 25.77 27.30 25.77 23.00 20.81 20.08 18.61 17.96 17.01 18.83 18.83 20.44 21.39 23.58 25.19 24.31 22.05 20.59 21.24 21.53 20.08 19.86 22.05 23.14 22.56 20.44 19.20 17.67 16.50 15.77 15.18 15.18 13.72 12.41 11.75 11.75 9.05 4.67 0.00 0.00 0.00 3.65 6.42
0.00 0.00 0.00 0.00 0.00 0.00 0.00 0.00 0.00 0.00 0.00 0.00 0.00 0.00 0.00 0.00 0.00 16.13 21.61 21.68 19.93 19.64 0.00 0.00 0.00 0.00 0.00 16.79 16.21 17.37 16.64 24.60 25.11 27.08 26.94 27.38 29.57 29.86 30.51 30.81 30.08 28.84 27.16 23.07 22.41 21.17 18.40 16.50 15.91 16.35 19.35 19.35 20.81 21.53 24.38 26.35 26.43 24.97 24.09 24.02 24.09 23.36 22.27 23.07 24.75 23.51 20.00 16.43 14.09 14.09 14.09 13.36 12.99 14.60 15.18 15.62 15.62 14.53 10.51 6.79 3.50 2.99 4.02 5.26
0.00 0.00 0.00 0.00 0.00 0.00 0.00 0.00 0.00 0.00 0.00 0.00 0.00 0.00 0.00 0.00 0.00 0.00 17.67 19.20 17.81 18.10 18.98 0.00 0.00 0.00 0.00 16.72 17.67 19.35 17.74 15.91 24.02 27.45 29.86 30.15 30.66 31.54 33.22 32.41 30.30 23.87 22.05 19.56 19.56 19.20 15.91 14.24 15.77 16.94 17.96 17.96 17.23 18.47 21.53 25.48 27.81 27.67 26.28 24.45 23.65 22.78 22.85 22.92 22.63 20.81 16.06 13.29 11.53 10.66 9.42 7.37 6.28 8.61 12.05 15.70 15.70 17.08 15.26 13.36 11.17 8.47 7.15 0.00
0.00 0.00 0.00 0.00 0.00 0.00 0.00 0.00 0.00 0.00 0.00 0.00 0.00 0.00 0.00 0.00 0.00 0.00 17.67 19.20 17.81 18.10 18.98 0.00 0.00 0.00 0.00 16.72 17.67 19.35 17.74 15.91 24.02 27.45 29.86 30.15 30.66 31.54 33.22 32.41 30.30 23.87 22.05 19.56 19.56 19.20 15.91 14.24 15.77 16.94 17.96 17.96 17.23 18.47 21.53 25.48 27.81 27.67 26.28 24.45 23.65 22.78 22.85 22.92 22.63 20.81 16.06 13.29 11.53 10.66 9.42 7.37 6.28 8.61 12.05 15.70 15.70 17.08 15.26 13.36 11.17 8.47 7.15 0.00
0.00 0.00 0.00 0.00 0.00 0.00 0.00 0.00 0.00 0.00 0.00 0.00 0.00 0.00 0.00 0.00 0.00 0.00 5.77 11.39 14.38 19.13 23.14 0.00 0.00 0.00 0.00 17.74 19.78 20.37 16.86 14.45 18.47 18.83 30.30 30.95 30.66 30.73 31.17 26.86 23.43 19.05 18.18 18.47 19.71 20.29 18.47 18.32 21.46 20.81 20.66 20.66 18.54 17.67 20.08 23.07 24.75 25.92 26.13 24.31 22.85 23.14 23.07 20.66 19.05 17.23 14.02 10.51 0.00 0.00 0.00 4.31 0.00 0.00 5.99 12.05 12.05 15.77 15.91 15.40 14.82 13.72 12.26 10.00
0.00 0.00 0.00 0.00 0.00 0.00 0.00 0.00 0.00 0.00 0.00 0.00 0.00 0.00 0.00 0.00 0.00 0.00 4.09 5.40 15.40 21.10 24.38 0.00 0.00 0.00 0.00 21.17 23.36 23.07 21.17 18.98 18.25 0.00 25.04 28.91 27.08 25.04 23.07 20.44 17.52 16.35 17.45 19.27 22.27 23.73 24.16 25.04 25.55 24.75 22.92 22.92 21.46 21.90 21.90 22.27 20.15 19.42 19.27 19.86 21.10 21.75 18.98 15.99 13.36 11.83 7.45 0.00 0.00 0.00 0.00 0.00 0.00 0.00 0.00 0.66 0.66 5.26 8.69 9.64 11.46 13.72 13.72 0.00
0.00 0.00 0.00 0.00 0.00 0.00 0.00 0.00 0.00 0.00 0.00 0.00 0.00 0.00 0.00 0.00 0.00 0.00 3.72 12.41 9.78 22.05 24.31 24.60 0.00 22.92 22.92 23.43 24.89 25.77 24.31 20.00 0.00 0.00 25.62 22.78 20.08 16.43 15.18 10.29 10.29 10.44 12.48 16.06 21.90 26.21 27.74 27.38 27.23 24.75 23.43 23.43 23.21 23.36 21.24 19.05 16.35 13.14 11.53 13.43 15.84 13.07 10.29 7.74 4.60 0.00 0.00 0.00 0.00 0.00 0.00 0.00 0.00 0.00 0.00 0.00 0.00 0.00 0.00 0.00 2.34 8.76 12.92 14.53
0.00 0.00 0.00 0.00 0.00 0.00 0.00 0.00 0.00 0.00 0.00 0.00 0.00 0.00 0.00 0.00 0.00 0.00 4.31 10.37 14.53 15.26 22.56 24.24 25.40 24.45 24.45 24.09 25.26 25.33 21.24 16.43 0.00 0.00 0.00 20.73 8.91 6.28 3.94 1.68 2.26 4.67 9.78 14.60 22.63 26.50 24.53 23.14 23.58 22.12 18.61 18.61 18.40 16.79 13.14 11.68 9.20 6.50 4.96 2.99 1.75 0.00 0.00 0.00 0.00 0.00 0.00 0.00 0.00 0.00 0.00 0.00 0.00 0.00 0.00 0.00 0.00 0.00 0.00 0.00 0.00 0.00 4.53 10.29
0.00 0.00 0.00 0.00 0.00 0.00 0.00 0.00 0.00 0.00 0.00 0.00 0.00 0.00 0.00 0.00 0.88 4.89 4.67 4.74 7.52 9.34 17.89 20.59 22.12 20.95 20.95 24.60 23.07 19.13 10.73 6.06 0.00 0.00 0.00 0.00 3.58 0.00 0.00 0.00 0.00 4.60 11.97 17.74 22.70 22.48 17.67 16.35 17.52 15.99 13.43 13.43 11.17 7.74 3.50 2.34 2.63 0.00 0.00 0.00 0.00 0.00 0.00 0.00 0.00 0.00 0.00 0.00 0.00 0.00 0.00 0.00 0.00 0.00 0.00 0.00 0.00 0.00 0.00 0.00 0.00 0.00 0.00 0.00
0.00 0.00 0.00 0.00 0.00 0.00 0.00 0.00 0.00 0.00 0.00 0.00 0.00 0.00 0.00 0.00 3.29 4.67 2.85 2.41 5.62 10.51 8.83 7.23 7.15 10.15 10.15 12.78 9.20 5.84 0.00 0.00 0.00 0.00 0.00 0.00 0.00 0.00 0.00 0.00 0.00 3.29 10.00 14.31 14.53 13.07 11.75 10.15 8.40 6.13 4.96 4.96 1.53 0.00 0.00 0.00 0.00 0.00 0.00 0.00 0.00 0.00 0.00 0.00 0.00 0.00 0.00 0.00 0.00 0.00 0.00 0.00 0.00 0.00 0.00 0.00 0.00 0.00 0.00 0.00 0.00 0.00 0.00 0.00
0.00 0.00 0.00 0.00 0.00 0.00 0.00 0.00 0.00 0.00 0.00 0.00 0.00 0.00 0.00 0.00 3.29 4.67 2.85 2.41 5.62 10.51 8.83 7.23 7.15 10.15 10.15 12.78 9.20 5.84 0.00 0.00 0.00 0.00 0.00 0.00 0.00 0.00 0.00 0.00 0.00 3.29 10.00 14.31 14.53 13.07 11.75 10.15 8.40 6.13 4.96 4.96 1.53 0.00 0.00 0.00 0.00 0.00 0.00 0.00 0.00 0.00 0.00 0.00 0.00 0.00 0.00 0.00 0.00 0.00 0.00 0.00 0.00 0.00 0.00 0.00 0.00 0.00 0.00 0.00 0.00 0.00 0.00 0.00
0.00 0.00 0.00 0.00 0.00 0.00 0.00 0.00 0.00 0.00 0.00 0.00 0.00 0.00 0.00 0.00 0.00 0.00 0.00 0.00 1.53 1.02 0.00 2.63 0.00 0.00 0.00 0.00 0.00 0.00 0.00 0.00 0.00 0.00 0.00 0.00 0.00 0.00 0.00 0.00 0.00 0.00 0.00 3.29 2.04 0.00 0.00 0.00 0.37 0.00 0.00 0.00 0.00 0.00 0.00 0.00 0.00 0.00 0.00 0.00 0.00 0.00 0.00 0.00 0.00 0.00 0.00 0.00 0.00 0.00 0.00 0.00 0.00 0.00 0.00 0.00 0.00 0.00 0.00 2.77 6.57 6.57 4.23 1.97
