Wansh/Snow_depth/snowdepth-1991/spring/1991074.txt
ncols 321
nrows 161
xllcenter 60
yllcenter 15 
cellsize  0.25 
NODATA_value -1
[rows 0 to 36 of 161, columns 168 to 251 of 321]
8.47 6.79 6.06 5.26 5.48 5.55 5.26 5.40 5.26 5.26 4.38 5.18 5.84 5.18 5.33 5.26 7.37 8.25 8.25 8.76 13.36 12.92 12.05 11.90 11.97 12.05 9.42 9.27 8.98 0.00 0.00 0.00 7.15 12.92 15.11 15.11 15.70 15.04 15.26 17.01 16.72 16.28 17.08 17.81 19.64 20.73 22.70 23.07 21.83 18.98 16.72 14.82 16.35 17.23 18.18 20.00 21.61 23.21 23.29 22.63 22.63 22.70 23.29 24.53 25.48 26.43 26.79 26.06 24.89 22.85 22.12 21.24 21.10 21.53 21.39 22.41 23.73 24.09 23.36 22.85 21.53 20.15 19.27 18.91
10.59 8.10 6.72 6.42 6.35 5.84 4.67 4.60 5.99 5.99 5.99 5.84 6.57 6.50 6.13 6.86 8.10 9.78 10.00 12.26 13.43 12.56 11.75 11.53 11.97 11.46 5.69 0.00 0.00 0.00 0.00 0.66 9.27 14.16 14.24 14.24 14.45 13.43 14.38 18.10 20.59 19.93 20.44 20.15 21.53 22.19 21.17 19.64 18.61 17.89 15.99 16.21 17.16 18.69 19.93 20.51 21.17 22.85 23.51 23.80 23.80 24.09 24.45 24.82 25.11 25.33 25.40 25.40 24.60 23.00 22.12 21.83 21.90 21.46 20.73 20.08 20.73 21.61 20.81 19.71 19.20 15.84 14.38 14.09
14.82 13.36 11.90 11.02 11.02 9.64 7.23 5.55 5.48 5.48 5.91 6.35 6.57 6.28 6.79 8.32 9.86 11.02 13.21 14.38 14.24 12.78 12.34 13.14 13.07 10.37 0.00 0.00 0.00 0.00 0.00 0.00 11.61 13.51 13.29 13.29 12.92 13.80 16.28 22.12 22.78 21.90 20.59 20.08 19.93 19.27 16.79 16.86 16.50 16.13 16.28 16.94 17.67 18.98 19.35 18.98 18.91 19.05 20.44 23.73 23.73 24.67 24.60 24.31 22.70 22.19 22.85 22.12 21.97 21.39 21.24 21.46 21.61 20.44 19.71 18.18 17.59 17.08 17.23 17.67 16.94 15.99 14.24 14.16
14.82 13.36 11.90 11.02 11.02 9.64 7.23 5.55 5.48 5.48 5.91 6.35 6.57 6.28 6.79 8.32 9.86 11.02 13.21 14.38 14.24 12.78 12.34 13.14 13.07 10.37 0.00 0.00 0.00 0.00 0.00 0.00 11.61 13.51 13.29 13.29 12.92 13.80 16.28 22.12 22.78 21.90 20.59 20.08 19.93 19.27 16.79 16.86 16.50 16.13 16.28 16.94 17.67 18.98 19.35 18.98 18.91 19.05 20.44 23.73 23.73 24.67 24.60 24.31 22.70 22.19 22.85 22.12 21.97 21.39 21.24 21.46 21.61 20.44 19.71 18.18 17.59 17.08 17.23 17.67 16.94 15.99 14.24 14.16
18.25 16.35 14.82 14.09 13.29 12.41 10.44 7.88 6.57 6.57 6.50 8.03 8.54 9.64 11.75 12.99 14.02 13.14 12.85 14.82 13.36 12.12 11.46 11.24 6.13 0.00 0.00 0.00 0.00 0.00 2.56 0.00 3.50 11.68 11.24 11.24 12.78 14.82 18.32 19.35 18.98 18.25 17.37 16.72 16.35 16.13 16.64 17.16 16.28 15.40 15.84 16.28 16.79 17.59 17.52 17.89 18.25 19.13 20.22 21.61 21.61 23.80 24.53 23.07 21.61 21.02 20.51 19.86 19.93 18.54 18.54 18.83 19.05 17.67 16.57 15.77 15.40 15.91 17.08 17.67 18.03 18.10 17.81 17.37
22.19 21.17 20.08 18.61 17.89 17.30 15.55 11.83 9.13 9.13 8.40 10.00 12.34 12.99 13.29 14.16 14.24 13.65 11.61 16.43 11.24 10.44 8.10 1.31 0.00 0.00 0.00 0.00 0.00 2.26 7.52 11.02 10.59 11.39 11.75 11.75 15.26 17.01 17.16 15.77 15.33 15.55 16.13 16.13 15.91 15.99 16.43 16.21 16.06 15.11 15.77 16.79 17.96 18.03 17.16 16.21 16.64 17.81 19.27 20.15 20.15 21.32 22.56 22.56 20.95 19.35 17.37 15.55 16.13 15.55 15.40 16.57 16.43 15.84 15.55 15.04 14.75 15.18 16.35 18.10 18.47 18.83 19.05 19.13
22.41 24.09 23.73 23.07 21.32 19.78 19.27 17.30 14.45 14.45 12.26 12.41 14.24 15.77 15.99 15.70 13.65 10.07 7.66 8.47 11.17 9.56 0.00 0.00 0.00 0.00 0.00 0.00 3.65 7.88 11.39 12.63 13.80 14.97 12.63 12.63 19.49 19.13 16.86 15.11 14.67 14.31 15.77 16.79 17.08 16.86 16.79 16.50 16.57 16.64 16.86 18.03 18.03 17.52 16.13 15.26 14.97 15.48 15.91 17.45 17.45 18.47 18.61 18.10 16.57 15.62 14.24 13.87 14.09 13.58 13.14 13.29 13.51 13.58 12.85 12.48 11.90 11.90 13.87 16.20 19.71 21.36 21.90 24.80
22.41 24.09 23.73 23.07 21.32 19.78 19.27 17.30 14.45 14.45 12.26 12.41 14.24 15.77 15.99 15.70 13.65 10.07 7.66 8.47 11.17 9.56 0.00 0.00 0.00 0.00 0.00 0.00 3.65 7.88 11.39 12.63 13.80 14.97 12.63 12.63 19.49 19.13 16.86 15.11 14.67 14.31 15.77 16.79 17.08 16.86 16.79 16.50 16.57 16.64 16.86 18.03 18.03 17.52 16.13 15.26 14.97 15.48 15.91 17.45 17.45 18.47 18.61 18.10 16.57 15.62 14.24 13.87 14.09 13.58 13.14 13.29 13.51 13.58 12.85 14.43 16.41 17.12 19.00 27.52 32.55 28.43 28.18 25.73
18.54 22.70 24.60 23.87 22.63 20.44 17.74 17.74 17.59 17.59 17.67 16.94 16.64 16.72 15.84 14.53 11.10 6.28 0.73 3.07 0.00 4.09 0.00 0.00 0.00 0.00 0.80 5.69 9.42 10.51 11.24 12.41 14.31 15.91 18.03 18.03 17.81 19.35 17.08 14.09 13.29 14.97 16.57 17.74 18.47 18.25 17.81 18.54 19.27 19.27 19.93 19.20 17.59 16.43 15.40 13.72 13.29 12.99 13.80 14.97 14.97 14.60 13.94 13.43 12.41 11.68 12.12 11.10 11.32 11.75 11.75 11.61 11.24 11.21 13.28 15.94 17.23 16.37 13.47 17.78 20.74 21.86 21.52 23.36
10.37 14.24 17.59 19.42 19.56 18.32 16.64 15.99 16.43 16.43 16.57 17.45 16.50 14.60 9.49 6.94 3.14 0.73 0.00 0.00 0.00 0.00 0.00 0.00 0.37 7.59 10.00 11.24 11.02 11.17 11.90 12.05 12.41 13.14 13.65 13.65 15.18 17.16 13.87 12.05 12.85 15.18 16.57 17.08 16.72 16.64 16.28 17.89 19.05 18.61 18.54 17.52 15.84 14.82 14.16 12.92 12.34 12.12 12.56 12.34 12.34 12.19 11.90 11.32 10.80 10.73 10.22 9.78 9.49 9.64 10.29 10.15 11.07 13.85 13.80 12.65 13.86 15.84 17.01 15.31 14.07 15.38 20.08 20.40
7.59 7.37 8.47 11.17 13.65 16.72 17.37 16.57 15.48 15.48 14.38 11.97 10.07 6.94 1.39 0.00 0.00 0.00 0.00 0.00 1.24 4.53 7.23 0.51 4.89 11.32 11.97 11.75 10.66 10.66 10.59 9.49 8.69 9.20 9.71 9.71 9.93 10.80 11.68 12.34 14.02 15.48 15.18 12.48 12.78 13.43 12.48 12.92 14.45 15.11 15.99 15.11 14.60 14.24 13.94 12.48 11.68 12.26 12.99 12.26 12.26 12.78 12.05 10.88 10.07 9.42 9.27 8.98 8.54 8.47 8.69 9.34 9.21 8.52 8.13 11.43 14.48 14.83 13.08 13.65 14.71 15.90 15.20 15.45
7.59 7.37 8.47 11.17 13.65 16.72 17.37 16.57 15.48 15.48 14.38 11.97 10.07 6.94 1.39 0.00 0.00 0.00 0.00 0.00 1.24 4.53 7.23 0.51 4.89 11.32 11.97 11.75 10.66 10.66 10.59 9.49 8.69 9.20 9.71 9.71 9.93 10.80 11.68 12.34 14.02 15.48 15.18 12.48 12.78 13.43 12.48 12.92 14.45 15.11 15.99 15.11 14.60 14.24 13.94 12.48 11.68 12.26 12.99 12.26 12.26 12.78 12.05 10.88 10.07 9.42 9.27 8.98 8.54 8.47 8.69 9.34 8.98 8.40 7.88 10.62 12.91 13.73 13.95 14.16 14.71 15.55 16.70 16.52
12.85 10.15 8.10 7.23 7.59 7.96 9.64 9.34 8.10 8.10 6.28 4.02 0.00 0.00 0.00 0.00 0.00 1.46 6.64 5.33 8.18 8.76 9.34 9.93 8.98 8.61 9.05 9.20 8.83 8.18 7.81 7.30 7.01 8.25 8.03 8.03 9.42 10.44 11.39 11.53 12.85 11.61 10.88 9.05 8.83 8.76 6.94 8.47 10.66 12.41 13.43 12.63 12.19 12.34 12.41 12.05 11.68 12.99 13.51 13.29 13.29 13.43 11.97 11.61 10.73 10.80 10.80 9.34 9.27 9.64 8.83 8.10 8.18 8.61 8.76 10.93 13.68 13.12 13.96 15.04 15.72 18.36 18.31 16.80
13.36 14.09 12.63 10.51 8.54 6.50 4.38 1.10 0.00 0.00 0.00 0.00 0.00 0.00 0.00 0.00 0.00 2.04 6.35 7.59 8.69 8.40 8.40 8.47 8.47 7.96 7.45 8.03 8.40 8.10 7.81 7.45 6.35 7.30 8.83 8.83 10.15 10.29 10.51 11.39 11.46 8.83 8.40 7.45 5.77 5.62 6.50 7.74 7.66 9.27 10.88 9.86 9.42 8.54 9.13 10.80 11.83 12.63 12.41 12.12 12.12 12.41 13.21 14.02 13.43 13.14 12.78 12.05 11.32 10.07 10.51 10.07 9.49 10.31 12.59 12.89 11.54 14.71 16.96 14.97 17.56 17.14 18.50 18.72
14.31 14.67 15.04 13.80 13.36 11.46 8.98 4.74 3.58 3.58 1.83 0.00 0.88 2.19 3.29 2.99 4.09 6.42 7.59 7.88 8.25 9.05 8.61 8.83 8.61 7.66 6.86 8.98 9.27 8.61 8.03 8.03 7.23 7.81 8.40 8.40 8.98 9.20 10.00 9.49 10.88 10.44 6.57 5.84 5.91 7.23 7.96 7.81 7.01 7.74 7.88 6.20 5.69 5.33 6.79 10.15 12.41 13.51 12.63 12.05 12.05 12.99 13.87 13.36 13.14 13.07 12.78 12.05 10.66 10.80 11.68 12.19 12.56 14.50 12.81 13.94 15.24 17.41 17.20 17.13 17.15 16.02 17.36 16.19
17.52 16.79 15.11 14.97 15.26 14.75 14.38 13.72 12.99 12.99 11.39 9.27 8.25 8.18 6.94 6.06 7.15 6.94 7.45 8.32 7.81 9.42 9.93 10.73 10.66 10.73 11.10 9.05 9.64 8.98 8.76 9.05 9.42 8.98 9.13 9.13 8.98 8.69 8.83 7.88 6.20 7.96 7.37 7.81 8.69 8.40 7.81 7.45 7.30 6.64 5.04 3.65 3.21 4.45 6.79 10.22 13.87 15.62 14.82 12.99 12.99 12.34 12.26 11.46 10.59 10.51 9.78 9.05 7.88 9.49 12.34 14.00 16.47 15.28 15.60 14.70 16.61 17.67 19.15 18.77 17.72 18.28 15.58 14.50
17.52 16.79 15.11 14.97 15.26 14.75 14.38 13.72 12.99 12.99 11.39 9.27 8.25 8.18 6.94 6.06 7.15 6.94 7.45 8.32 7.81 9.42 9.93 10.73 10.66 10.73 11.10 9.05 9.64 8.98 8.76 9.05 9.42 8.98 9.13 9.13 8.98 8.69 8.83 7.88 6.20 7.96 7.37 7.81 8.69 8.40 7.81 7.45 7.30 6.64 5.04 3.65 3.21 4.45 6.79 10.22 13.87 15.62 14.82 12.99 12.99 12.34 12.26 11.46 10.59 10.51 9.78 9.05 7.88 9.49 12.34 17.19 15.43 16.61 14.00 18.19 16.85 19.54 19.53 16.93 17.13 15.72 16.94 16.47
15.99 18.25 17.23 15.91 15.33 15.99 15.04 14.53 14.53 14.53 13.65 13.21 11.97 10.66 11.02 10.22 9.20 10.07 9.86 9.56 10.22 9.56 11.32 12.48 12.41 11.53 10.95 11.02 9.49 8.83 9.64 10.37 10.22 10.29 9.93 9.93 10.00 9.93 8.61 7.01 7.81 7.96 8.54 10.29 9.27 7.01 5.26 5.18 4.23 3.36 2.34 2.12 2.04 3.72 4.82 8.69 12.85 15.18 14.53 11.75 11.75 9.34 9.05 7.66 7.15 5.77 5.40 4.45 5.84 9.64 14.15 16.63 19.23 19.01 18.10 20.75 21.72 19.30 18.32 21.04 18.74 16.90 16.50 13.01
13.94 16.50 18.47 18.25 17.08 15.70 14.45 13.36 12.48 12.48 12.41 13.43 15.26 15.40 15.77 14.24 13.07 13.14 12.34 11.83 11.17 10.29 12.12 11.97 11.02 10.88 10.88 11.24 11.02 10.15 9.56 9.86 9.86 9.86 9.71 9.71 10.07 9.34 8.83 8.40 8.83 8.47 8.25 10.29 5.77 3.72 2.56 1.90 2.48 1.83 0.73 0.37 1.46 4.09 4.89 7.30 10.15 11.24 12.12 11.02 11.02 8.76 7.52 6.13 4.45 2.99 2.99 3.50 5.04 9.46 14.08 18.21 21.11 21.90 22.56 24.18 20.40 19.98 20.03 21.58 18.41 18.85 15.95 14.91
12.70 12.56 14.31 15.62 16.79 15.11 12.85 12.26 11.90 11.90 12.48 13.51 15.99 17.23 17.01 15.04 12.99 11.46 11.75 12.78 11.97 10.37 13.87 11.75 10.15 9.93 9.93 9.42 9.05 9.71 8.54 9.64 10.51 10.15 9.20 9.20 9.27 9.27 8.76 8.76 8.47 8.10 5.77 3.43 6.42 2.41 2.48 1.83 1.46 0.66 0.00 0.29 1.02 1.97 2.19 5.33 8.10 9.42 10.73 10.66 10.66 9.71 10.51 8.32 4.82 2.99 3.43 4.16 7.08 9.42 14.24 20.15 24.24 26.21 25.48 24.73 23.27 26.28 25.52 21.64 20.95 16.17 13.43 15.23
10.22 11.97 13.21 13.51 12.70 12.19 11.61 11.32 11.39 11.39 12.78 15.26 16.64 17.30 16.06 13.94 12.56 10.59 10.80 11.32 12.48 11.61 14.31 11.83 10.29 9.42 9.42 8.76 8.83 10.15 7.74 11.53 12.12 9.93 9.42 9.42 9.86 10.66 8.98 7.59 6.79 6.28 4.02 2.41 2.34 2.34 2.34 1.17 0.66 0.00 0.00 0.00 0.00 0.00 1.39 5.18 8.69 12.41 14.31 12.92 12.92 11.02 9.86 8.25 4.89 4.09 4.53 6.28 8.69 12.05 16.13 21.83 25.62 27.96 29.75 29.62 31.72 26.45 26.95 24.00 22.33 15.55 13.68 11.17
6.57 8.69 12.34 13.80 13.36 11.10 9.34 8.91 9.27 9.27 10.73 13.80 17.01 17.74 16.13 13.43 11.24 10.73 11.17 10.95 10.59 10.15 10.00 10.88 9.78 9.71 9.93 9.64 10.22 12.56 14.82 10.37 11.83 10.80 12.34 12.34 12.26 9.71 7.15 5.26 4.02 4.02 3.21 3.14 2.99 2.63 1.83 0.00 0.00 0.00 0.00 0.00 0.37 1.97 3.87 8.83 12.12 14.82 17.37 15.77 15.77 11.32 6.75 2.63 1.83 2.99 5.26 7.88 11.02 13.43 18.18 22.56 25.92 27.30 29.50 29.28 34.90 29.11 28.98 19.95 14.88 13.89 12.23 8.80
6.57 8.69 12.34 13.80 13.36 11.10 9.34 8.91 9.27 9.27 10.73 13.80 17.01 17.74 16.13 13.43 11.24 10.73 11.17 10.95 10.59 10.15 10.00 10.88 9.78 9.71 9.93 9.64 10.22 12.56 14.82 10.37 11.83 10.80 12.34 12.34 12.26 9.71 7.15 5.26 4.02 4.02 3.21 3.14 2.99 2.63 1.83 0.00 0.00 0.00 0.00 0.00 0.37 1.97 3.87 8.83 12.12 14.82 17.37 15.77 15.77 11.32 6.75 2.63 1.83 2.99 5.26 7.88 11.02 13.43 18.18 22.56 25.92 27.30 28.32 29.44 27.10 25.61 24.27 23.22 18.19 14.18 9.58 8.12
2.19 3.58 6.35 8.76 9.71 10.29 10.07 8.83 8.98 8.98 8.98 8.32 9.93 11.97 12.63 13.07 12.12 12.34 13.07 12.48 10.80 10.37 8.61 11.24 11.46 10.59 11.10 12.92 13.94 15.33 15.84 14.02 13.07 10.22 10.22 10.22 8.47 5.77 4.82 5.48 5.33 4.38 4.02 3.43 2.34 1.39 1.17 0.00 0.00 0.00 0.00 1.31 4.45 5.91 7.66 11.68 13.87 16.72 17.01 13.14 13.14 5.18 1.02 0.00 0.00 3.14 5.99 7.59 9.34 12.63 16.79 19.78 23.58 27.01 27.74 26.56 26.89 34.46 31.46 23.77 16.26 8.11 7.06 6.66
0.66 1.24 4.38 5.99 7.30 7.74 8.69 8.25 7.88 7.88 7.88 7.08 7.23 9.64 12.99 14.16 14.89 15.33 15.91 14.82 12.92 11.10 10.29 12.85 13.65 12.78 13.65 16.79 18.10 17.08 15.33 13.36 10.88 11.02 7.15 7.15 6.64 5.69 6.57 7.52 6.86 6.20 4.38 2.99 1.24 0.66 0.00 0.37 0.00 0.00 0.00 2.04 6.57 9.34 12.19 13.51 13.21 11.17 9.34 3.29 3.29 0.00 0.00 0.00 0.00 3.58 6.50 8.47 11.24 13.80 16.72 19.64 24.09 28.69 30.17 28.89 26.26 25.84 25.29 19.96 16.79 7.61 5.71 5.74
0.00 0.44 2.99 4.16 4.89 4.67 5.04 5.18 6.20 6.20 7.52 6.94 7.96 10.07 14.89 17.08 18.61 20.37 19.49 17.74 14.89 13.29 12.48 12.48 15.26 15.70 16.06 18.32 20.44 19.49 16.50 14.67 12.41 12.05 9.05 9.05 8.69 9.42 10.15 11.10 10.00 7.45 4.02 1.61 0.00 0.00 0.00 0.00 0.00 0.00 0.00 0.95 4.02 4.96 7.08 6.20 5.04 2.77 1.17 0.00 0.00 0.00 0.00 0.00 0.00 4.74 8.98 11.97 14.09 14.82 17.67 20.29 24.53 28.76 29.72 30.48 27.54 22.15 20.01 17.97 10.61 6.87 4.90 3.21
0.29 0.22 0.37 0.95 1.46 1.02 1.31 2.34 2.56 2.56 4.67 7.01 8.25 9.93 12.70 16.57 17.59 18.98 18.91 19.42 16.94 15.18 15.62 14.31 18.18 17.67 18.10 19.86 21.24 20.08 16.72 15.40 14.89 13.87 10.29 10.29 13.29 15.18 14.53 13.29 10.22 6.86 2.63 0.15 0.00 0.00 0.00 0.00 0.00 0.00 0.00 0.00 0.00 0.00 0.00 0.58 0.00 0.00 0.00 0.00 0.00 0.00 0.80 1.90 3.29 7.96 11.97 14.89 15.84 17.81 20.95 22.78 26.34 28.08 29.28 27.71 25.58 22.39 14.83 10.23 7.72 4.61 3.48 1.34
0.07 0.00 0.15 0.37 0.00 0.00 0.22 0.00 1.53 1.53 3.80 5.48 7.52 10.22 11.46 13.14 14.09 14.45 14.24 14.31 15.11 15.48 16.35 16.43 19.56 19.20 20.22 21.10 19.20 17.16 16.72 18.10 18.40 18.61 18.54 18.54 16.21 18.32 15.55 11.61 8.03 6.35 5.55 3.72 3.07 2.85 2.19 2.63 2.34 0.58 0.00 0.00 0.00 0.00 0.00 0.00 0.00 0.00 0.00 0.00 0.00 1.68 3.29 4.67 7.52 12.41 17.30 18.54 19.13 21.17 24.26 27.47 30.40 27.03 28.03 27.11 21.11 16.42 11.61 5.86 4.57 3.05 1.29 0.00
0.07 0.00 0.15 0.37 0.00 0.00 0.22 0.00 1.53 1.53 3.80 5.48 7.52 10.22 11.46 13.14 14.09 14.45 14.24 14.31 15.11 15.48 16.35 16.43 19.56 19.20 20.22 21.10 19.20 17.16 16.72 18.10 18.40 18.61 18.54 18.54 16.21 18.32 15.55 11.61 8.03 6.35 5.55 3.72 3.07 2.85 2.19 2.63 2.34 0.58 0.00 0.00 0.00 0.00 0.00 0.00 0.00 0.00 0.00 0.00 0.00 1.68 3.29 4.67 7.52 12.41 17.30 18.54 19.13 21.17 24.38 27.18 27.49 30.12 29.91 31.63 24.51 15.90 12.12 5.70 4.83 3.62 1.18 0.00
0.00 0.00 0.00 0.00 0.00 0.00 0.00 0.51 2.26 2.26 4.45 7.08 8.54 10.88 11.32 11.61 11.97 11.17 11.32 11.24 11.90 12.56 13.29 17.45 17.16 18.40 20.37 20.29 17.01 14.02 14.53 17.45 18.03 17.30 17.23 17.23 18.83 18.83 12.70 11.24 11.68 12.12 11.53 11.39 10.29 7.66 5.99 5.99 4.38 2.04 1.31 0.00 0.00 0.00 0.00 0.00 0.00 0.07 2.34 3.87 3.89 5.14 8.44 8.91 12.56 19.71 22.63 23.29 24.50 25.07 26.84 28.02 32.09 32.36 29.99 24.79 16.89 8.74 7.42 4.53 2.54 1.63 0.18 0.00
0.00 0.00 0.00 0.00 0.00 0.00 0.00 0.00 0.95 0.95 3.21 5.33 5.62 8.76 11.39 13.07 14.97 15.40 14.75 13.65 12.85 11.24 12.85 13.36 18.03 19.64 20.59 19.05 16.72 15.84 15.55 16.28 15.55 15.04 15.26 15.26 15.55 13.14 13.87 14.89 16.94 15.91 15.70 15.26 14.24 12.05 10.29 8.10 4.96 3.21 1.97 0.37 0.00 0.00 0.44 0.51 2.12 2.99 8.69 11.17 11.17 11.75 13.36 15.33 20.08 22.48 23.94 25.11 27.67 28.84 29.71 29.80 32.76 33.66 23.95 16.12 8.38 3.84 3.44 2.49 0.47 0.00 0.00 0.00
1.61 0.29 0.00 0.00 0.00 0.00 0.00 0.00 0.00 0.00 0.00 0.00 0.00 4.45 9.34 13.65 15.84 16.57 16.21 13.51 12.78 13.07 14.82 19.05 17.30 22.78 21.97 20.29 19.78 19.93 17.81 17.16 16.28 16.64 15.99 15.99 15.48 16.13 14.75 16.43 16.21 13.94 12.05 12.99 13.51 11.90 8.76 6.06 5.48 4.82 3.58 3.07 4.02 5.18 6.06 7.45 8.18 11.39 15.99 17.96 17.96 17.52 17.67 20.08 21.02 21.02 21.97 25.40 29.13 30.44 30.15 30.73 31.52 27.61 17.50 12.13 3.93 1.56 0.82 0.21 0.00 0.00 0.00 0.00
1.97 1.39 0.80 0.44 0.44 0.00 0.00 0.00 0.00 0.00 0.00 0.00 0.00 0.00 4.45 9.42 12.70 14.75 14.89 15.04 15.48 16.50 17.52 20.44 22.27 25.04 24.45 23.21 23.29 22.41 20.00 18.61 17.59 17.59 16.13 16.13 14.02 12.05 11.46 13.72 7.59 6.35 6.86 6.57 6.79 6.13 5.33 4.96 5.40 6.42 6.50 7.23 6.20 8.83 9.71 10.73 12.26 14.53 18.69 19.93 19.93 20.00 19.64 20.00 21.10 21.83 20.66 22.70 28.76 30.59 30.81 28.46 28.10 19.89 11.90 5.16 1.59 1.68 0.00 0.00 0.00 0.00 0.00 0.00
1.83 1.02 1.31 1.02 0.00 0.00 0.00 0.00 0.00 0.00 0.00 0.00 0.00 0.00 0.00 0.00 5.40 9.64 10.59 13.36 14.75 17.37 19.20 20.22 24.45 23.36 23.36 21.39 20.51 18.98 18.98 17.45 16.57 14.82 12.85 12.85 10.29 8.54 6.57 9.34 1.61 2.12 3.94 3.43 2.70 2.85 3.65 4.23 7.45 10.44 9.78 9.93 10.51 9.05 10.37 11.53 14.09 15.99 18.40 19.13 19.13 19.56 18.83 20.08 22.12 22.12 20.00 21.61 28.03 30.15 30.30 26.43 23.04 11.74 4.28 2.17 2.02 0.71 0.00 0.00 0.00 0.00 0.00 0.00
2.85 0.00 0.00 0.00 0.00 0.00 0.00 0.00 0.00 0.00 0.00 0.00 0.00 0.00 0.00 0.00 0.00 3.94 6.28 9.64 11.61 12.41 14.53 16.13 16.06 20.73 16.43 16.50 14.31 12.99 11.24 10.88 10.44 9.78 9.05 9.05 8.32 5.69 3.87 2.85 1.39 3.14 3.94 3.87 2.77 2.63 3.58 6.13 8.69 9.78 10.44 11.39 12.19 10.88 12.34 14.09 16.72 16.79 17.52 17.30 17.30 16.43 16.06 17.96 18.98 19.05 19.27 22.70 27.16 29.05 27.23 23.84 16.16 5.07 2.21 1.33 0.94 0.00 0.00 0.00 0.00 0.00 0.00 0.00
2.85 0.00 0.00 0.00 0.00 0.00 0.00 0.00 0.00 0.00 0.00 0.00 0.00 0.00 0.00 0.00 0.00 3.94 6.28 9.64 11.61 12.41 14.53 16.13 16.06 20.73 16.43 16.50 14.31 12.99 11.24 10.88 10.44 9.78 9.05 9.05 8.32 5.69 3.87 2.85 1.39 3.14 3.94 3.87 2.77 2.63 3.58 6.13 8.69 9.78 10.44 11.39 12.19 10.88 12.34 14.09 16.72 16.79 17.52 17.30 17.30 16.43 16.06 17.96 18.98 19.05 19.27 22.70 27.16 29.05 27.23 23.73 15.92 4.99 2.21 1.39 0.84 0.00 0.00 0.00 0.00 0.00 0.00 0.00
1.39 0.00 0.00 0.00 0.00 2.77 0.00 0.00 0.00 0.00 0.00 0.00 0.00 0.00 0.00 0.00 0.00 0.00 2.99 6.64 8.10 7.74 7.88 9.86 10.88 12.78 11.68 10.07 8.54 5.33 4.96 3.94 2.85 2.99 4.09 4.09 4.74 5.33 6.64 6.64 2.70 3.94 5.40 3.72 3.50 3.58 4.02 6.35 7.74 7.88 8.91 10.07 12.56 13.07 14.16 13.72 13.36 12.70 13.80 16.35 16.35 15.99 16.06 16.06 15.91 16.86 19.35 22.92 25.99 26.57 25.33 20.95 12.34 5.01 1.17 0.38 0.00 0.00 0.00 0.00 0.00 0.00 0.00 0.00
