Wansh/Snow_depth/snowdepth-1991/spring/1991097.txt
ncols 321
nrows 161
xllcenter 60
yllcenter 15 
cellsize  0.25 
NODATA_value -1
[rows 0 to 36 of 161, columns 84 to 167 of 321]
20.44 20.51 20.51 20.51 23.00 20.88 18.40 17.16 0.00 0.00 0.00 0.00 0.00 0.00 0.00 0.00 0.00 0.00 0.00 0.00 0.00 0.00 0.00 11.83 13.51 13.58 6.64 4.38 3.21 2.48 3.36 4.60 6.79 8.61 6.35 3.80 2.77 0.00 0.00 0.00 2.99 5.40 6.64 6.64 6.64 6.06 4.60 3.07 2.26 2.41 3.87 5.69 5.91 4.67 4.96 5.18 5.11 5.04 3.80 3.43 2.56 2.26 1.61 1.02 0.80 1.02 1.53 2.04 2.04 2.99 4.60 5.99 7.59 8.40 7.88 7.59 8.32 9.42 12.19 13.80 13.29 11.83 10.80 10.88
0.00 23.58 23.00 22.12 19.35 18.76 18.76 18.91 18.32 17.52 15.62 0.00 0.00 0.00 0.00 0.00 0.00 0.00 0.00 0.00 0.00 0.00 0.00 0.00 0.00 0.00 13.14 4.96 2.77 2.19 2.63 3.72 5.18 5.91 4.09 1.53 0.00 0.00 0.00 0.00 2.85 5.18 6.42 6.42 8.10 8.83 7.81 6.64 4.31 2.99 2.77 2.99 2.99 3.07 2.99 3.21 4.53 4.82 5.40 5.26 3.87 4.09 4.53 5.11 3.87 2.77 3.21 4.23 4.23 4.89 5.55 6.94 8.61 9.78 10.51 12.19 11.68 11.10 11.02 12.05 12.70 12.26 12.05 12.41
13.36 0.00 19.49 18.54 17.23 17.74 18.98 19.64 20.22 19.49 19.20 17.30 14.82 0.00 0.00 0.00 0.00 0.00 0.00 0.00 0.00 0.00 0.00 0.00 0.00 0.00 0.00 8.83 3.50 2.41 3.87 3.50 3.50 4.23 4.53 4.23 3.36 0.00 0.00 0.00 1.39 2.34 3.50 3.50 5.84 9.05 11.32 10.22 7.81 4.23 3.36 2.56 2.19 2.34 2.19 3.43 4.82 5.26 6.86 7.37 7.66 7.37 7.52 8.25 7.52 7.45 8.10 8.91 8.91 9.27 9.42 8.76 8.69 9.86 11.75 15.26 15.99 15.62 14.60 12.41 13.51 15.04 14.89 14.31
13.36 0.00 19.49 18.54 17.23 17.74 18.98 19.64 20.22 19.49 19.20 17.30 14.82 0.00 0.00 0.00 0.00 0.00 0.00 0.00 0.00 0.00 0.00 0.00 0.00 0.00 0.00 8.83 3.50 2.41 3.87 3.50 3.50 4.23 4.53 4.23 3.36 0.00 0.00 0.00 1.39 2.34 3.50 3.50 5.84 9.05 11.32 10.22 7.81 4.23 3.36 2.56 2.19 2.34 2.19 3.43 4.82 5.26 6.86 7.37 7.66 7.37 7.52 8.25 7.52 7.45 8.10 8.91 8.91 9.27 9.42 8.76 8.69 9.86 11.75 15.26 15.99 15.62 14.60 12.41 13.51 15.04 14.89 14.31
0.00 0.00 18.76 17.23 16.86 16.64 16.35 16.43 16.79 17.96 19.35 18.40 17.59 16.50 0.00 0.00 0.00 0.00 0.00 0.00 0.00 0.00 0.00 0.00 0.00 0.00 0.00 0.00 6.35 4.31 4.38 3.58 4.09 5.11 6.57 8.25 7.66 5.04 2.92 0.88 0.00 0.00 0.00 0.00 0.00 0.80 2.77 5.84 7.15 5.62 4.23 2.56 1.97 0.80 0.73 1.90 2.41 3.87 5.26 6.35 8.18 8.76 9.27 9.20 9.49 10.07 10.66 10.44 10.44 9.49 9.34 9.13 8.54 8.69 9.42 9.86 12.05 12.92 13.80 12.26 12.48 14.38 15.26 15.40
0.00 0.00 21.32 20.29 19.64 17.89 16.06 15.33 15.99 16.35 17.23 17.89 19.27 18.98 17.16 0.00 0.00 0.00 0.00 0.00 0.00 0.00 0.00 0.00 0.00 0.00 0.00 0.00 0.00 4.31 4.45 3.80 3.58 4.38 6.13 7.88 7.08 4.02 0.44 0.00 0.00 0.00 0.00 0.00 0.00 0.00 0.00 0.15 2.56 3.72 2.63 1.75 1.75 1.61 2.19 2.85 2.70 3.14 4.31 6.50 8.47 9.42 10.95 12.56 13.29 12.92 12.99 10.51 10.51 9.05 8.25 8.69 8.61 8.54 8.32 7.01 5.99 6.13 6.06 7.23 8.98 12.34 15.70 16.94
0.00 0.00 21.24 19.35 18.47 19.20 18.98 18.76 19.35 19.49 18.61 17.37 16.72 16.79 16.35 17.96 0.00 0.00 0.00 0.00 0.00 0.00 0.00 0.00 0.00 0.00 0.00 0.00 0.00 0.00 3.58 2.85 3.94 4.38 5.48 6.64 6.72 3.58 0.00 0.00 0.00 0.00 0.00 0.00 0.00 0.00 0.00 0.00 0.22 0.80 1.17 0.88 1.02 1.46 2.34 3.29 4.45 5.99 6.86 7.96 9.64 10.88 13.07 14.82 15.04 15.04 14.38 12.78 12.78 11.75 11.61 11.39 11.02 11.39 11.39 10.37 8.91 7.74 5.18 4.67 5.77 7.30 10.29 15.04
0.00 0.00 21.24 19.35 18.47 19.20 18.98 18.76 19.35 19.49 18.61 17.37 16.72 16.79 16.35 17.96 0.00 0.00 0.00 0.00 0.00 0.00 0.00 0.00 0.00 0.00 0.00 0.00 0.00 0.00 3.58 2.85 3.94 4.38 5.48 6.64 6.72 3.58 0.00 0.00 0.00 0.00 0.00 0.00 0.00 0.00 0.00 0.00 0.22 0.80 1.17 0.88 1.02 1.46 2.34 3.29 4.45 5.99 6.86 7.96 9.64 10.88 13.07 14.82 15.04 15.04 14.38 12.78 12.78 11.75 11.61 11.39 11.02 11.39 11.39 10.37 8.91 7.74 5.18 4.67 5.77 7.30 10.29 15.04
0.00 0.00 0.00 18.54 17.96 18.61 18.83 19.05 19.86 20.22 19.13 16.94 13.43 12.99 15.04 18.69 21.53 0.00 0.00 0.00 0.00 0.00 0.00 0.00 0.00 0.00 0.00 0.00 0.00 3.80 3.58 2.77 3.58 4.09 5.84 8.32 7.59 3.29 0.58 0.00 0.00 0.00 0.22 0.22 0.00 0.00 0.37 1.31 1.39 1.75 2.12 3.72 4.89 4.89 4.16 4.45 5.11 6.42 7.23 8.61 9.71 10.44 11.17 12.34 12.85 13.58 12.99 11.61 11.61 11.53 11.83 12.99 13.58 13.80 13.14 13.07 13.21 12.63 11.68 9.42 7.30 6.13 6.28 7.81
0.00 0.00 0.00 18.47 18.32 17.81 17.52 18.76 19.64 20.66 19.86 16.35 14.45 13.72 15.18 20.66 24.02 25.48 25.48 0.00 0.00 0.00 0.00 0.00 0.00 0.00 0.00 4.45 3.94 4.16 3.94 2.41 3.43 3.14 5.18 7.30 6.57 5.55 4.60 4.02 3.87 3.65 2.99 2.99 2.99 2.77 3.21 3.94 4.45 4.60 5.62 6.57 8.47 9.05 8.83 8.40 7.88 7.66 7.30 7.23 8.40 9.42 10.07 10.80 10.95 11.32 11.10 10.88 10.88 11.83 12.19 12.41 13.29 13.87 12.48 12.26 14.16 16.86 16.79 13.80 10.22 8.32 6.42 5.48
0.00 0.00 0.00 18.10 17.81 18.61 19.49 20.15 20.59 21.39 20.73 20.08 19.93 19.86 21.24 23.58 25.92 27.38 27.38 28.69 0.00 0.00 0.00 0.00 0.00 0.00 0.00 0.00 0.00 3.29 2.63 2.41 2.56 2.92 2.48 5.33 6.57 7.23 6.13 5.40 5.33 5.11 5.48 5.48 5.99 6.13 5.55 5.40 7.15 8.54 10.15 12.63 15.55 13.80 11.02 10.00 10.15 11.24 11.32 9.42 9.71 10.88 10.37 9.34 9.49 10.95 12.12 13.36 13.36 14.53 14.89 15.04 14.02 14.60 14.24 13.14 14.31 16.28 17.89 15.70 13.14 10.80 10.88 8.98
0.00 0.00 0.00 18.10 17.81 18.61 19.49 20.15 20.59 21.39 20.73 20.08 19.93 19.86 21.24 23.58 25.92 27.38 27.38 28.69 0.00 0.00 0.00 0.00 0.00 0.00 0.00 0.00 0.00 3.29 2.63 2.41 2.56 2.92 2.48 5.33 6.57 7.23 6.13 5.40 5.33 5.11 5.48 5.48 5.99 6.13 5.55 5.40 7.15 8.54 10.15 12.63 15.55 13.80 11.02 10.00 10.15 11.24 11.32 9.42 9.71 10.88 10.37 9.34 9.49 10.95 12.12 13.36 13.36 14.53 14.89 15.04 14.02 14.60 14.24 13.14 14.31 16.28 17.89 15.70 13.14 10.80 10.88 8.98
0.00 0.00 0.00 0.00 21.24 20.29 19.13 19.42 19.93 19.20 19.49 20.88 23.51 24.97 24.82 24.02 23.29 24.09 24.09 25.19 21.24 0.00 0.00 0.00 0.00 0.00 0.00 2.77 2.70 3.29 3.87 3.80 3.87 5.26 4.09 7.01 8.03 8.47 8.69 7.88 9.42 9.56 8.98 8.98 8.10 6.86 6.86 7.01 8.98 10.73 15.04 18.61 19.05 14.24 11.02 10.29 12.34 13.58 14.38 12.92 10.88 10.37 9.71 9.93 10.59 10.66 11.46 12.99 12.99 14.53 17.01 17.45 17.16 16.13 15.40 14.89 15.55 16.72 18.10 17.59 15.55 14.31 12.70 11.75
0.00 0.00 0.00 0.00 21.61 19.49 15.91 14.97 14.31 15.26 16.13 17.01 18.40 21.10 22.27 19.71 18.03 17.59 17.59 15.91 12.26 8.18 0.00 0.00 4.16 4.16 4.45 3.94 4.60 6.72 8.25 9.34 9.49 9.86 11.53 7.66 12.70 13.29 13.14 12.19 11.61 9.64 8.54 8.54 8.54 8.91 9.78 11.10 11.68 12.41 14.38 14.67 13.58 10.80 9.78 10.29 11.90 13.80 11.75 9.13 8.47 8.98 10.44 12.12 11.61 11.46 11.68 12.99 12.99 15.33 16.79 18.18 18.18 17.89 17.59 16.43 14.16 11.61 10.51 10.37 11.97 11.90 10.29 10.37
0.00 0.00 0.00 0.00 20.95 18.98 13.36 11.53 11.46 13.43 13.65 14.75 14.38 15.26 16.57 15.04 13.72 12.34 12.34 10.73 8.54 7.52 7.96 4.74 6.13 5.77 6.13 6.50 8.76 10.66 12.48 14.02 15.91 15.33 14.53 13.87 13.58 12.99 11.10 9.86 8.61 8.32 9.42 9.42 12.99 12.99 13.36 14.16 13.07 12.92 13.58 14.38 14.45 14.89 17.89 18.32 18.91 16.50 11.24 7.52 5.69 5.04 6.50 8.61 9.86 11.61 12.78 12.92 12.92 12.78 14.38 15.33 14.89 14.09 12.85 14.60 11.46 4.23 0.15 3.14 8.83 10.07 9.56 10.15
0.00 0.00 0.00 0.00 0.00 16.35 13.14 9.86 9.49 9.71 9.86 10.00 9.71 10.15 10.00 8.25 8.32 9.86 9.86 9.27 7.52 7.01 7.59 8.69 5.33 7.45 8.10 7.37 8.61 11.02 13.14 14.97 16.13 15.11 11.97 10.29 8.54 9.93 6.50 8.91 12.48 13.51 14.16 14.16 14.24 13.29 11.97 11.17 10.80 11.61 12.99 14.60 14.89 16.57 20.66 23.73 22.92 16.35 9.93 6.57 4.45 4.45 5.33 5.48 6.50 9.34 12.48 13.94 13.94 14.02 14.24 13.80 12.56 8.40 8.54 11.39 9.71 3.43 0.00 1.31 7.59 10.15 10.80 12.34
0.00 0.00 0.00 0.00 0.00 16.35 13.14 9.86 9.49 9.71 9.86 10.00 9.71 10.15 10.00 8.25 8.32 9.86 9.86 9.27 7.52 7.01 7.59 8.69 5.33 7.45 8.10 7.37 8.61 11.02 13.14 14.97 16.13 15.11 11.97 10.29 8.54 9.93 6.50 8.91 12.48 13.51 14.16 14.16 14.24 13.29 11.97 11.17 10.80 11.61 12.99 14.60 14.89 16.57 20.66 23.73 22.92 16.35 9.93 6.57 4.45 4.45 5.33 5.48 6.50 9.34 12.48 13.94 13.94 14.02 14.24 13.80 12.56 8.40 8.54 11.39 9.71 3.43 0.00 1.31 7.59 10.15 10.80 12.34
0.00 0.00 0.00 0.00 5.40 18.54 15.62 10.66 9.13 8.10 7.74 8.25 9.64 11.53 10.44 8.69 8.10 9.64 9.64 8.98 7.66 6.79 6.50 7.96 5.69 5.69 7.37 6.79 6.86 8.32 10.59 13.07 14.89 14.02 12.78 9.05 5.91 5.77 3.72 11.46 13.65 14.02 13.65 13.65 12.78 11.61 11.02 11.75 12.85 9.49 9.49 10.66 12.05 15.55 19.05 21.24 19.78 13.87 9.93 8.32 9.34 11.32 11.32 10.29 9.78 10.80 12.85 14.31 14.31 15.55 16.21 14.75 11.32 8.83 7.01 8.03 5.77 3.65 1.53 4.31 7.23 6.94 6.57 8.69
0.00 0.00 0.00 0.00 0.00 22.12 20.22 16.64 12.12 9.05 9.64 10.00 10.44 12.78 14.75 11.68 11.24 12.92 12.92 11.68 9.93 8.91 6.35 5.18 7.59 5.04 7.81 8.76 8.76 9.49 11.02 12.34 14.24 15.18 13.65 10.80 8.25 7.01 6.28 7.88 9.13 9.27 10.15 10.15 10.44 12.63 19.13 22.05 23.14 18.25 15.40 15.33 16.94 19.27 23.73 25.26 23.65 20.08 15.62 13.43 15.55 17.74 16.64 15.99 15.04 14.45 15.70 17.23 17.23 18.76 18.91 15.84 12.41 8.98 6.35 4.60 2.63 0.29 0.44 1.61 2.19 2.63 3.21 4.09
0.00 0.00 0.00 0.00 0.00 21.24 20.73 18.25 15.48 13.07 13.21 13.43 13.14 14.09 14.60 13.07 12.26 12.78 12.78 12.85 12.12 11.32 8.91 7.01 7.45 10.15 5.91 10.29 8.83 8.32 8.03 9.27 10.44 11.24 11.17 9.86 7.01 4.60 3.50 5.04 4.67 4.45 8.32 8.32 11.83 17.23 25.11 28.69 28.11 22.85 21.83 22.70 24.24 25.48 25.99 27.89 29.78 26.79 21.75 19.20 19.71 21.83 21.83 19.86 18.91 18.40 19.42 21.61 21.61 21.46 16.13 9.49 6.64 5.69 3.43 2.34 0.37 0.07 1.02 1.39 1.53 1.97 2.99 3.58
0.00 6.13 9.20 9.56 8.32 14.67 15.55 16.57 17.23 17.67 18.54 20.59 21.10 20.66 19.49 16.06 13.21 12.78 12.78 12.56 12.63 12.48 11.61 10.51 11.24 13.43 15.33 9.86 9.34 6.79 4.31 3.50 3.50 4.96 6.06 5.99 2.92 1.46 1.17 0.00 1.83 4.96 8.40 8.40 11.61 14.53 15.84 18.32 18.10 16.43 18.25 20.44 25.40 27.30 27.74 29.78 29.93 25.40 21.39 20.15 19.86 21.97 22.78 21.75 21.32 21.61 21.97 21.83 21.83 18.10 9.93 3.50 1.97 1.10 0.66 0.07 0.00 0.00 0.00 0.44 0.66 0.88 1.68 2.34
0.00 0.00 9.05 10.37 9.13 9.93 11.97 14.09 17.23 19.49 23.36 26.06 28.47 28.91 25.48 21.53 18.54 16.79 16.79 14.16 13.72 14.67 14.89 14.97 16.28 18.47 20.00 18.69 15.40 11.39 7.96 4.16 2.26 2.26 3.50 2.56 0.44 0.00 0.00 0.00 2.92 3.36 5.69 5.69 6.28 5.11 5.40 6.72 7.23 7.81 9.34 11.61 14.24 18.98 22.34 23.29 22.70 18.47 17.01 15.77 17.08 20.37 23.29 24.53 23.80 22.85 22.70 21.61 21.61 16.64 12.63 7.59 2.99 1.90 1.10 0.00 0.00 0.00 0.00 0.07 0.15 0.00 0.22 0.80
0.00 0.00 9.05 10.37 9.13 9.93 11.97 14.09 17.23 19.49 23.36 26.06 28.47 28.91 25.48 21.53 18.54 16.79 16.79 14.16 13.72 14.67 14.89 14.97 16.28 18.47 20.00 18.69 15.40 11.39 7.96 4.16 2.26 2.26 3.50 2.56 0.44 0.00 0.00 0.00 2.92 3.36 5.69 5.69 6.28 5.11 5.40 6.72 7.23 7.81 9.34 11.61 14.24 18.98 22.34 23.29 22.70 18.47 17.01 15.77 17.08 20.37 23.29 24.53 23.80 22.85 22.70 21.61 21.61 16.64 12.63 7.59 2.99 1.90 1.10 0.00 0.00 0.00 0.00 0.07 0.15 0.00 0.22 0.80
0.00 0.00 0.00 8.10 11.75 10.66 12.48 14.75 20.37 23.21 26.06 28.62 28.98 28.84 27.01 25.19 22.27 20.51 20.51 17.81 15.40 16.06 17.08 17.45 17.81 19.20 18.83 17.81 18.47 16.94 9.27 4.31 2.70 1.68 1.24 0.95 0.00 0.00 0.00 0.00 2.12 2.56 4.16 4.16 1.97 0.00 0.00 0.00 0.00 0.00 0.00 0.00 3.29 5.99 10.00 10.44 10.15 10.44 8.18 12.12 16.57 19.93 23.00 26.13 26.43 24.97 22.92 22.19 22.19 22.19 19.93 16.72 10.88 6.64 3.07 0.66 0.07 0.00 0.00 0.07 0.00 0.00 0.00 0.00
2.12 5.55 6.72 11.02 15.33 20.88 20.37 24.75 29.27 28.40 23.36 22.12 22.70 23.36 20.95 21.83 21.90 21.53 21.53 20.29 19.20 20.15 20.95 20.78 19.81 19.68 16.22 14.82 15.33 14.38 9.78 6.28 4.74 2.48 0.00 0.00 0.00 0.00 0.00 0.00 0.88 0.66 0.00 0.00 1.61 0.00 0.00 0.00 0.00 0.00 0.00 0.00 0.00 0.00 0.00 0.00 0.00 0.00 3.58 13.21 19.93 20.81 21.83 25.48 26.28 26.86 25.77 24.09 24.09 24.16 23.87 21.68 16.86 9.86 6.64 3.14 1.24 0.37 0.22 0.00 0.00 0.00 0.00 0.00
6.94 10.80 16.21 21.02 22.85 23.65 24.82 27.01 26.86 16.79 10.59 11.97 14.09 14.53 12.92 18.32 22.78 24.67 24.67 25.11 22.70 22.85 23.80 25.65 26.44 20.26 19.13 17.38 17.59 16.86 15.84 11.17 8.18 5.40 3.50 0.88 0.80 0.44 1.61 2.04 1.53 0.00 0.00 0.00 1.10 0.44 0.00 0.00 0.00 0.00 0.00 0.00 0.00 0.00 0.00 0.00 0.00 0.00 0.00 10.29 15.99 17.81 16.79 18.98 21.97 22.56 24.97 25.48 25.48 24.24 23.36 21.24 19.05 14.60 9.34 4.67 3.36 2.70 1.83 1.31 0.00 0.00 0.00 0.00
8.69 9.42 10.51 13.21 13.58 9.71 14.45 10.44 6.86 3.14 0.00 0.00 0.00 2.12 2.99 8.98 16.72 19.05 19.05 17.52 14.67 13.56 17.16 22.28 22.69 22.47 22.94 21.46 20.92 19.37 17.37 16.64 11.90 10.51 6.72 4.82 4.38 3.43 2.99 2.19 0.80 0.51 0.00 0.00 0.00 0.88 0.00 0.00 0.00 0.00 0.00 0.00 0.00 0.00 0.00 0.00 0.00 0.00 0.00 0.00 9.86 14.31 13.87 15.18 14.97 13.29 17.08 22.27 22.27 21.32 19.71 18.25 16.28 13.21 11.39 8.98 6.13 3.36 2.19 1.17 0.00 0.00 0.00 0.00
7.81 7.96 5.84 5.26 2.04 0.22 2.70 0.00 0.00 0.00 0.00 0.00 0.00 0.00 0.00 0.00 2.34 1.68 1.68 0.00 0.00 0.00 4.59 7.15 10.38 15.77 21.22 25.23 23.52 20.65 21.28 19.13 17.67 17.59 13.65 11.53 9.78 6.06 4.09 2.19 1.02 0.51 0.00 0.00 0.00 0.00 2.26 0.00 0.00 0.00 0.00 0.00 0.00 0.00 0.00 0.00 0.00 0.00 0.00 0.00 5.48 10.00 12.34 14.24 14.82 11.24 13.87 17.96 17.96 18.25 15.55 13.14 9.93 8.32 8.03 7.08 3.72 1.02 0.00 0.00 0.00 0.00 0.00 0.00
7.81 7.96 5.84 5.26 2.04 0.22 2.70 0.00 0.00 0.00 0.00 0.00 0.00 0.00 0.00 0.00 2.34 1.68 1.69 0.00 0.00 0.00 4.48 7.34 10.22 15.77 20.59 23.45 21.97 20.96 21.49 19.92 19.85 18.62 14.00 11.53 9.78 6.06 4.09 2.19 1.02 0.51 0.00 0.00 0.00 0.00 2.26 0.00 0.00 0.00 0.00 0.00 0.00 0.00 0.00 0.00 0.00 0.00 0.00 0.00 5.48 10.00 12.34 14.24 14.82 11.24 13.87 17.96 17.96 18.25 15.55 13.14 9.93 8.32 8.03 7.08 3.72 1.02 0.00 0.00 0.00 0.00 0.00 0.00
7.45 4.96 2.63 1.61 0.00 0.00 0.00 0.00 0.00 0.00 0.00 0.00 0.00 0.00 0.00 0.00 0.00 0.00 0.00 0.00 0.00 0.00 0.00 0.00 0.00 3.32 7.45 10.42 9.78 13.50 19.54 22.39 25.47 23.05 20.02 18.23 15.93 11.61 7.74 4.16 2.48 0.80 1.02 1.02 1.68 0.00 0.00 3.43 1.75 0.00 0.00 0.00 0.00 0.00 0.00 0.00 0.00 0.00 0.00 0.00 2.92 4.96 7.88 11.32 17.37 18.25 16.43 16.79 16.79 16.43 11.68 8.91 7.30 4.67 3.29 3.07 2.19 0.66 0.00 0.00 0.00 0.00 0.00 0.00
12.41 9.86 8.03 4.53 1.61 0.00 0.00 0.00 0.00 0.00 0.00 0.00 0.00 1.68 2.04 5.18 10.15 10.15 10.15 6.16 2.56 0.00 0.00 0.00 0.00 0.00 0.00 0.00 0.00 0.00 8.40 16.13 20.95 21.46 25.61 24.07 21.27 16.51 13.65 9.20 7.66 4.74 3.21 3.21 0.51 0.29 0.00 1.53 0.73 1.97 1.68 0.00 0.00 0.00 0.00 0.00 0.00 0.00 0.00 0.00 0.00 0.00 2.12 7.37 17.16 18.91 16.64 14.24 14.24 14.67 10.73 5.77 3.36 2.04 1.61 1.61 1.02 0.00 0.00 0.00 0.00 0.00 0.00 0.00
13.43 17.23 17.01 15.70 13.36 9.42 10.37 0.00 0.00 0.95 0.58 0.00 0.00 0.00 0.00 8.18 11.83 10.66 10.66 8.40 5.69 3.14 0.29 0.00 0.00 0.00 0.00 0.00 0.00 0.00 2.70 5.99 13.72 21.32 20.44 23.71 28.08 23.21 19.64 18.54 15.40 11.17 6.28 6.28 1.68 0.66 0.00 0.00 0.00 0.00 0.88 0.00 0.00 0.00 0.00 0.00 0.00 0.00 0.00 0.00 0.00 0.00 0.00 9.42 16.64 18.32 14.82 12.12 12.12 11.10 7.01 2.41 0.66 0.51 1.24 1.31 1.02 0.80 0.80 0.44 0.58 0.00 0.00 0.00
1.97 8.18 9.78 7.59 9.13 12.05 13.87 11.17 0.00 0.00 0.00 0.00 0.00 0.00 0.00 7.30 7.45 2.70 2.70 0.22 0.00 0.00 0.00 0.00 0.00 0.00 0.00 0.00 0.00 0.00 0.00 0.00 0.00 0.00 11.75 16.64 24.09 27.76 26.37 23.60 20.88 15.70 10.59 10.59 5.99 2.56 1.24 0.00 0.00 0.00 0.00 0.07 0.00 0.00 0.00 0.00 0.00 0.00 0.00 0.00 0.00 0.00 0.00 6.20 11.61 12.34 9.71 9.86 9.86 5.99 2.26 0.37 0.00 0.00 0.07 1.17 1.97 2.19 2.77 1.68 1.17 1.46 0.95 0.00
0.00 0.00 0.00 0.00 0.00 0.00 0.00 0.00 10.40 0.00 0.00 0.00 0.00 0.58 3.21 3.94 0.73 0.00 0.00 0.00 0.00 0.00 0.00 0.00 0.00 0.00 0.00 0.00 0.00 0.00 0.00 0.00 0.00 0.00 0.00 3.14 15.48 17.52 17.79 19.77 19.88 15.62 15.70 15.70 11.83 7.66 5.40 3.94 2.99 0.44 0.00 0.00 0.00 0.00 0.00 0.00 0.00 0.00 0.00 0.80 1.46 1.24 0.95 1.53 3.80 4.02 3.36 3.21 3.21 2.19 0.00 0.00 0.00 0.00 0.00 0.07 0.58 2.12 2.70 1.24 0.37 0.51 0.73 0.88
0.00 0.00 0.00 0.00 0.00 0.00 0.00 0.00 0.00 0.00 0.00 0.00 0.00 0.00 0.22 0.00 0.00 0.00 0.00 0.00 0.00 0.00 0.00 0.00 0.00 0.00 0.00 0.00 0.00 0.00 0.00 0.00 0.00 0.00 0.00 0.00 0.00 2.80 5.69 7.59 11.06 12.41 12.05 12.05 11.97 9.49 9.34 8.47 8.32 8.47 3.07 1.53 1.17 0.00 0.00 0.00 0.00 0.00 0.00 0.00 1.68 1.46 0.73 0.00 0.07 0.00 0.00 0.00 0.00 0.00 0.00 0.00 0.00 0.00 0.00 0.00 0.00 0.66 1.53 0.80 0.29 0.00 0.00 0.00
0.00 0.00 0.00 0.00 0.00 0.00 0.00 0.00 0.00 0.00 0.00 0.00 0.00 0.00 0.22 0.00 0.00 0.00 0.00 0.00 0.00 0.00 0.00 0.00 0.00 0.00 0.00 0.00 0.00 0.00 0.00 0.00 0.00 0.00 0.00 0.00 0.00 2.79 5.75 7.59 10.95 12.41 12.05 12.05 11.97 9.49 9.34 8.47 8.32 8.47 3.07 1.53 1.17 0.00 0.00 0.00 0.00 0.00 0.00 0.00 1.68 1.46 0.73 0.00 0.07 0.00 0.00 0.00 0.00 0.00 0.00 0.00 0.00 0.00 0.00 0.00 0.00 0.66 1.53 0.80 0.29 0.00 0.00 0.00
0.00 0.00 0.00 0.00 0.00 0.95 2.56 0.67 0.00 0.00 0.00 0.00 0.00 0.00 0.00 0.00 0.00 0.00 0.00 0.00 0.00 0.00 0.00 0.00 0.00 0.00 0.00 0.00 0.00 0.00 0.00 0.00 0.00 0.00 0.00 0.00 0.00 0.00 0.00 0.80 2.99 2.92 3.29 3.29 4.89 5.62 6.94 7.01 9.27 10.95 9.49 7.74 3.80 1.53 0.00 0.00 0.00 0.00 0.00 0.00 0.00 0.00 0.00 0.00 0.00 0.00 0.00 0.00 0.00 0.00 0.00 0.00 0.00 0.00 0.00 0.00 0.00 0.00 0.00 0.00 0.00 0.00 0.00 0.00
