Wansh/Snow_depth/snowdepth-1993/spring/1993096.txt
ncols 321
nrows 161
xllcenter 60
yllcenter 15 
cellsize  0.25 
NODATA_value -1
[rows 0 to 36 of 161, columns 168 to 251 of 321]
9.86 10.15 10.15 10.51 10.51 7.96 6.64 8.69 8.69 8.69 8.69 8.69 8.69 8.10 8.32 9.34 8.83 11.17 12.85 14.60 14.60 14.09 10.51 10.51 10.51 9.64 10.59 6.86 0.00 0.00 0.00 3.29 10.95 14.97 14.53 14.53 16.57 9.64 12.99 12.05 12.56 9.34 5.04 5.48 4.16 4.38 5.77 6.42 6.28 5.84 4.02 3.87 3.72 5.33 5.69 4.45 4.82 4.89 4.82 4.96 4.96 6.64 12.05 10.80 19.05 17.67 21.32 18.32 19.42 14.82 15.48 12.12 11.24 11.46 11.39 12.70 14.24 17.08 16.35 18.40 17.01 17.30 15.11 14.24
7.88 8.18 8.54 7.96 6.79 6.28 6.20 4.96 5.26 5.26 7.96 8.25 8.40 8.18 8.18 9.05 11.32 13.65 12.99 14.97 14.09 14.31 13.51 11.24 10.07 8.47 8.91 6.42 0.00 0.00 2.41 0.00 8.98 9.27 7.74 7.74 8.54 8.10 13.29 16.21 16.43 11.75 7.08 7.30 7.59 5.62 5.77 3.36 3.29 3.65 2.85 2.92 2.85 4.02 4.16 4.09 4.89 5.33 5.48 7.37 7.37 6.86 12.34 17.37 16.50 18.61 17.23 19.20 15.62 16.06 12.85 10.66 11.68 11.02 11.17 12.12 14.53 13.29 14.60 13.80 13.80 13.94 14.38 12.34
7.01 9.56 9.20 8.18 6.72 7.23 7.59 5.62 4.16 4.16 7.81 7.81 7.96 8.76 8.61 9.78 12.34 14.82 14.60 15.18 15.33 14.16 14.45 12.12 10.88 4.82 0.00 0.00 0.00 0.00 1.83 6.86 6.86 7.30 5.26 5.26 8.47 15.18 13.58 17.52 11.90 9.93 10.66 7.01 3.94 4.53 2.77 3.21 2.41 2.34 2.56 2.77 4.16 4.02 6.28 5.26 5.26 4.96 7.81 6.94 6.94 12.05 10.73 15.11 16.43 16.57 16.06 14.16 14.31 12.92 13.72 10.88 11.10 10.80 10.37 9.78 11.90 12.48 12.48 11.46 9.93 10.22 8.83 8.76
7.01 9.56 9.20 8.18 6.72 7.23 7.59 5.62 4.16 4.16 7.81 7.81 7.96 8.76 8.61 9.78 12.34 14.82 14.60 15.18 15.33 14.16 14.45 12.12 10.88 4.82 0.00 0.00 0.00 0.00 1.83 6.86 6.86 7.30 5.26 5.26 8.47 15.18 13.58 17.52 11.90 9.93 10.66 7.01 3.94 4.53 2.77 3.21 2.41 2.34 2.56 2.77 4.16 4.02 6.28 5.26 5.26 4.96 7.81 6.94 6.94 12.05 10.73 15.11 16.43 16.57 16.06 14.16 14.31 12.92 13.72 10.88 11.10 10.80 10.37 9.78 11.90 12.48 12.48 11.46 9.93 10.22 8.83 8.76
5.48 8.25 7.37 8.40 7.52 8.54 6.35 7.23 4.16 4.16 4.16 9.71 9.71 11.32 10.59 11.02 15.84 18.47 17.08 15.18 15.55 13.29 13.65 13.51 13.07 4.60 0.00 0.00 0.00 3.21 1.75 6.42 4.53 5.55 4.45 4.45 8.69 12.78 11.17 12.05 9.05 4.53 4.31 4.31 4.16 2.77 2.63 1.90 2.04 2.63 3.14 3.07 5.40 6.94 6.42 5.11 5.04 4.89 8.25 10.22 10.22 10.51 15.40 15.04 13.36 10.51 14.89 12.26 10.66 10.07 7.96 6.86 10.80 8.98 9.42 8.03 7.45 7.30 6.50 6.13 6.28 6.13 6.79 7.45
6.13 6.13 4.45 6.50 7.88 7.66 7.15 8.47 9.13 9.13 7.15 7.88 11.61 16.43 17.30 18.32 19.13 19.05 16.94 11.97 12.05 12.05 10.15 0.00 0.00 0.00 0.00 0.00 4.31 9.34 7.81 8.47 5.99 8.47 15.33 15.33 11.61 12.63 7.96 4.31 3.87 4.02 3.80 3.58 3.58 2.92 3.36 3.29 3.87 3.94 3.80 4.96 4.45 5.26 4.02 4.60 4.31 5.11 7.23 8.61 8.61 9.27 9.49 11.83 8.83 9.34 5.69 5.62 8.61 6.57 7.15 5.11 5.84 5.48 5.84 6.57 6.72 6.35 6.13 6.64 6.35 6.28 7.15 8.47
8.47 10.22 4.16 4.09 10.66 5.04 8.40 10.29 9.05 9.05 12.92 13.87 16.50 15.62 17.37 19.27 18.47 14.97 16.43 13.65 5.40 0.37 9.05 0.00 0.00 0.00 0.00 5.62 3.87 9.34 11.39 15.11 16.72 16.43 16.86 16.86 12.85 5.77 7.37 3.14 2.26 2.92 1.97 3.14 3.14 2.70 3.43 4.60 4.09 4.23 4.67 5.62 3.87 4.31 2.99 4.09 3.94 4.89 5.33 6.79 6.79 6.42 5.40 4.82 3.65 4.09 4.02 4.45 4.23 4.53 4.96 5.26 5.62 5.84 5.84 5.99 7.15 6.72 7.30 8.21 8.68 10.89 12.06 13.37
8.47 10.22 4.16 4.09 10.66 5.04 8.40 10.29 9.05 9.05 12.92 13.87 16.50 15.62 17.37 19.27 18.47 14.97 16.43 13.65 5.40 0.37 9.05 0.00 0.00 0.00 0.00 5.62 3.87 9.34 11.39 15.11 16.72 16.43 16.86 16.86 12.85 5.77 7.37 3.14 2.26 2.92 1.97 3.14 3.14 2.70 3.43 4.60 4.09 4.23 4.67 5.62 3.87 4.31 2.99 4.09 3.94 4.89 5.33 6.79 6.79 6.42 5.40 4.82 3.65 4.09 4.02 4.45 4.23 4.53 4.96 5.26 5.62 5.84 5.84 6.92 9.87 9.66 10.00 13.95 14.33 14.49 15.52 13.87
11.90 11.10 6.86 3.65 20.00 3.80 4.74 3.87 9.27 9.27 9.56 11.97 7.37 12.92 15.91 14.89 17.30 8.83 6.86 0.51 2.34 0.00 0.00 0.00 0.00 0.00 3.29 8.32 11.90 12.85 12.41 14.89 16.28 12.92 11.46 11.46 13.21 6.28 2.85 2.77 1.97 1.61 1.75 2.04 2.04 1.97 2.99 4.89 7.96 7.59 6.50 3.58 4.23 2.26 2.41 2.04 3.94 4.67 4.67 2.85 2.85 3.21 3.58 3.14 3.14 3.80 4.38 4.02 4.60 5.33 5.18 5.69 6.20 6.40 8.01 10.03 10.29 9.51 7.91 11.54 12.27 9.94 11.85 12.83
9.64 8.03 6.94 22.12 4.38 4.53 3.07 4.74 2.85 2.85 4.38 3.36 5.04 8.47 8.83 9.27 5.26 6.35 0.00 0.00 0.00 0.00 0.00 0.00 0.00 10.88 10.44 11.83 11.53 11.90 8.61 9.86 10.00 9.64 7.23 7.23 2.70 2.92 2.12 4.53 1.61 5.48 3.36 3.29 3.58 2.77 6.13 5.40 8.32 6.28 6.64 3.80 2.12 2.63 2.85 2.77 2.70 1.24 1.90 2.19 2.19 2.19 2.04 3.72 4.16 3.94 4.31 5.40 5.11 6.57 5.84 5.84 6.90 9.06 9.89 10.60 12.27 12.79 13.97 13.66 12.06 12.54 14.92 14.81
8.32 8.10 11.46 11.68 5.91 6.79 6.42 4.23 2.48 2.48 3.21 6.06 8.03 7.66 7.74 4.67 0.00 0.00 0.00 0.00 0.00 0.00 5.69 6.50 9.05 10.07 9.64 10.66 10.44 4.31 5.55 5.84 7.08 2.26 2.19 2.19 2.56 2.41 4.89 6.79 7.30 6.57 7.59 4.23 4.38 4.74 4.60 6.06 5.69 6.13 3.58 4.09 3.72 3.50 3.29 2.04 0.80 0.88 0.44 1.75 1.75 1.61 2.99 2.70 4.82 5.77 5.33 5.91 6.64 6.64 5.99 6.28 6.36 6.60 6.47 9.50 13.29 13.43 11.86 12.27 13.76 13.95 13.39 12.80
8.32 8.10 11.46 11.68 5.91 6.79 6.42 4.23 2.48 2.48 3.21 6.06 8.03 7.66 7.74 4.67 0.00 0.00 0.00 0.00 0.00 0.00 5.69 6.50 9.05 10.07 9.64 10.66 10.44 4.31 5.55 5.84 7.08 2.26 2.19 2.19 2.56 2.41 4.89 6.79 7.30 6.57 7.59 4.23 4.38 4.74 4.60 6.06 5.69 6.13 3.58 4.09 3.72 3.50 3.29 2.04 0.80 0.88 0.44 1.75 1.75 1.61 2.99 2.70 4.82 5.77 5.33 5.91 6.64 6.64 5.99 6.28 6.20 6.50 6.28 8.82 11.85 12.44 12.65 12.73 13.76 13.65 14.71 13.69
7.66 12.85 11.90 10.95 7.01 6.64 5.69 9.86 7.08 7.08 5.91 5.11 4.74 4.23 0.00 0.00 0.00 0.00 3.65 5.33 2.70 1.53 3.87 6.20 6.13 1.61 1.53 1.97 2.70 3.07 3.29 1.97 1.61 1.39 2.04 2.04 5.62 8.25 7.74 8.76 9.56 7.30 7.74 6.20 4.02 4.53 3.43 5.04 3.94 4.02 3.65 2.85 2.92 2.92 1.90 2.04 0.73 1.24 1.10 3.72 3.72 5.40 3.07 4.82 5.99 5.84 5.69 5.33 6.50 5.33 5.48 5.55 5.69 5.48 6.36 8.12 10.58 9.42 11.19 12.75 11.46 14.81 14.26 15.64
13.51 15.11 13.07 5.77 6.42 5.48 6.06 10.00 9.34 9.34 5.33 5.26 6.13 0.00 0.00 0.00 0.00 3.72 4.38 4.74 2.12 3.94 1.61 2.19 1.61 1.68 1.46 2.04 2.92 2.70 2.85 2.92 2.70 4.60 6.94 6.94 5.91 10.37 9.78 9.05 9.49 8.83 6.57 6.79 4.60 4.60 4.74 5.26 3.50 3.07 3.65 2.34 1.75 1.46 1.39 2.04 1.61 6.35 5.33 4.89 4.89 6.79 7.01 6.94 6.06 5.62 5.69 5.62 3.94 4.31 3.21 4.09 4.60 6.27 8.57 9.58 8.19 10.31 10.67 9.49 12.86 11.49 12.90 11.42
14.45 16.79 15.70 12.70 14.24 13.80 9.56 11.90 9.78 9.78 9.34 9.78 8.91 6.57 4.82 5.62 5.11 5.18 4.96 2.41 3.14 0.66 1.46 2.99 2.85 2.26 2.92 2.56 2.63 3.50 4.45 4.89 5.04 5.48 7.45 7.45 7.88 7.88 9.27 9.78 8.83 9.27 6.79 5.77 6.06 5.48 5.26 5.77 3.50 3.14 1.39 1.68 0.29 0.00 0.00 2.85 6.86 6.35 7.74 8.47 8.47 8.03 7.96 6.50 6.64 4.89 4.31 4.60 3.43 1.90 1.90 3.65 5.57 6.65 10.08 10.40 11.70 11.79 10.79 11.04 11.66 11.57 10.62 10.93
15.55 17.16 15.91 13.29 13.58 13.21 14.60 12.05 11.32 11.32 11.32 12.12 10.88 8.32 9.05 6.72 4.38 1.39 0.66 0.73 1.46 1.46 1.24 0.29 1.02 1.39 2.19 2.92 4.02 3.58 5.26 7.08 9.34 7.88 8.03 8.03 8.32 10.15 8.40 9.20 8.91 8.61 8.83 8.10 8.47 9.13 6.20 4.74 2.77 3.72 0.88 0.00 0.00 0.00 0.22 0.00 1.68 7.01 6.57 7.81 7.81 4.74 7.74 5.69 4.53 4.45 4.02 1.17 0.00 0.00 1.31 2.11 6.50 8.76 9.40 9.80 12.17 10.04 10.33 11.22 11.88 12.44 10.09 7.74
15.55 17.16 15.91 13.29 13.58 13.21 14.60 12.05 11.32 11.32 11.32 12.12 10.88 8.32 9.05 6.72 4.38 1.39 0.66 0.73 1.46 1.46 1.24 0.29 1.02 1.39 2.19 2.92 4.02 3.58 5.26 7.08 9.34 7.88 8.03 8.03 8.32 10.15 8.40 9.20 8.91 8.61 8.83 8.10 8.47 9.13 6.20 4.74 2.77 3.72 0.88 0.00 0.00 0.00 0.22 0.00 1.68 7.01 6.57 7.81 7.81 4.74 7.74 5.69 4.53 4.45 4.02 1.17 0.00 0.00 1.31 2.59 6.09 9.52 8.44 12.13 12.35 11.10 10.54 10.12 11.49 10.69 10.98 8.78
12.41 15.33 14.16 13.87 14.97 10.95 14.09 13.72 11.53 11.53 7.74 9.05 7.66 5.48 1.53 0.00 0.22 0.22 0.00 0.00 0.00 0.00 0.88 0.37 1.24 0.88 2.85 3.36 5.48 4.89 7.88 7.74 8.54 9.64 10.73 10.73 10.22 10.37 10.73 10.73 10.44 12.41 12.70 13.21 10.00 5.55 5.48 4.09 1.97 0.88 0.66 0.00 0.00 0.00 0.00 0.00 0.00 0.44 4.38 4.74 4.74 2.77 2.77 2.56 2.04 2.04 1.97 1.02 0.00 0.37 0.00 3.46 5.96 6.15 6.79 7.72 8.99 6.86 7.07 9.34 8.09 8.10 6.03 5.71
11.53 14.31 12.63 12.34 9.49 10.29 7.01 4.89 5.91 5.91 3.72 4.45 2.70 2.85 1.31 1.02 0.29 0.00 0.00 0.00 0.00 0.22 0.66 4.02 3.94 4.31 4.16 3.80 4.89 5.48 7.15 6.50 8.32 10.88 10.66 10.66 10.88 10.73 12.12 12.48 13.29 13.29 12.19 5.84 7.08 3.29 1.39 1.53 1.53 0.73 0.00 0.29 0.00 0.00 0.00 0.00 0.00 0.00 0.00 0.00 0.00 0.51 1.39 0.44 0.00 0.00 0.00 0.00 0.00 0.00 2.14 1.40 3.82 5.05 5.60 5.86 6.44 7.59 7.79 9.31 7.35 8.49 6.19 5.14
7.30 9.05 10.00 8.98 8.69 9.49 7.96 5.69 6.64 6.64 5.18 4.23 4.60 3.80 3.07 1.17 0.80 1.17 0.66 0.00 0.00 1.75 2.48 3.50 4.45 4.16 4.38 5.84 5.48 6.06 11.61 12.63 13.07 12.34 14.60 14.60 13.14 13.21 12.99 13.58 13.07 8.47 9.34 5.04 2.41 2.19 2.04 0.95 0.88 1.17 0.00 0.00 0.00 0.00 0.00 0.00 0.00 0.00 0.00 0.00 0.00 0.00 0.00 0.00 0.00 0.00 0.00 0.00 0.00 0.00 0.00 0.66 2.26 2.92 5.26 7.74 7.08 9.95 12.94 9.35 11.70 7.25 4.51 5.46
5.77 6.06 1.97 4.09 3.07 10.07 8.03 6.50 5.84 5.84 5.11 4.02 3.21 2.85 2.41 2.63 1.68 5.77 2.85 3.87 1.97 2.85 2.26 2.56 3.58 5.77 6.50 7.30 8.54 12.56 11.24 14.38 15.40 14.89 15.04 15.04 14.60 13.36 11.61 12.78 5.91 6.57 1.75 4.89 2.70 1.46 0.66 0.88 0.07 0.00 0.00 0.00 0.00 0.00 0.00 0.00 0.00 0.00 0.00 0.00 0.00 0.00 0.00 0.00 0.00 0.00 0.00 0.00 0.00 0.00 0.00 0.00 1.17 3.94 3.51 8.56 10.47 10.05 11.68 12.28 11.04 10.08 7.82 4.90
3.14 1.39 0.00 0.00 3.80 3.43 4.09 4.74 5.33 5.33 4.53 4.96 5.40 5.26 4.09 2.48 5.77 4.23 5.77 6.50 5.69 7.15 6.50 6.94 6.72 6.86 7.74 9.42 9.78 12.78 16.21 15.99 15.48 15.55 12.63 12.63 11.02 12.78 3.58 3.43 3.14 4.31 1.68 1.68 1.83 0.44 0.66 0.00 0.15 0.00 0.00 0.00 0.00 0.00 0.00 0.00 0.00 0.00 0.00 0.00 0.00 0.00 0.00 0.00 0.00 0.00 0.00 0.00 0.00 0.00 0.00 0.00 0.00 2.48 5.63 5.02 10.00 8.71 10.90 9.46 9.18 6.33 5.46 5.24
3.14 1.39 0.00 0.00 3.80 3.43 4.09 4.74 5.33 5.33 4.53 4.96 5.40 5.26 4.09 2.48 5.77 4.23 5.77 6.50 5.69 7.15 6.50 6.94 6.72 6.86 7.74 9.42 9.78 12.78 16.21 15.99 15.48 15.55 12.63 12.63 11.02 12.78 3.58 3.43 3.14 4.31 1.68 1.68 1.83 0.44 0.66 0.00 0.15 0.00 0.00 0.00 0.00 0.00 0.00 0.00 0.00 0.00 0.00 0.00 0.00 0.00 0.00 0.00 0.00 0.00 0.00 0.00 0.00 0.00 0.00 0.00 0.00 2.48 5.40 5.05 7.77 7.66 9.13 11.01 11.23 6.47 4.28 4.83
0.80 0.00 0.00 1.53 2.63 3.07 2.70 3.65 4.02 4.02 4.16 4.09 4.60 0.00 0.00 0.88 3.50 6.42 7.37 6.06 7.37 7.74 7.66 8.32 10.73 9.78 10.07 10.00 10.29 14.02 13.36 13.58 14.38 8.54 9.05 9.05 3.58 2.12 2.26 2.12 2.12 1.68 1.75 0.66 0.37 0.73 0.00 0.00 0.00 0.00 0.00 0.00 0.00 0.00 0.00 0.00 0.00 0.00 0.00 0.00 0.00 0.00 0.00 0.00 0.00 0.00 0.00 0.00 0.00 0.00 0.00 0.00 0.00 2.34 1.75 5.50 7.91 13.20 12.56 9.17 5.86 5.32 3.58 2.68
1.31 0.95 0.00 1.46 2.48 1.46 1.31 1.39 1.61 1.61 2.12 0.00 0.00 0.00 0.00 0.00 1.75 4.38 4.89 5.04 5.62 7.74 8.69 10.66 11.75 11.68 14.16 14.82 12.70 13.43 11.32 7.88 5.48 6.06 5.04 5.04 2.70 2.34 1.75 1.90 2.63 1.10 0.29 0.73 0.00 0.00 0.00 0.00 0.00 0.00 0.00 0.00 0.00 0.00 0.00 0.00 0.00 0.00 0.00 0.00 0.00 0.00 0.00 0.00 0.00 0.00 0.00 0.00 0.00 0.00 0.00 0.00 0.00 2.34 6.29 5.62 7.93 11.33 10.28 11.13 8.88 2.96 2.20 0.12
0.00 0.00 0.00 0.00 2.04 2.12 0.88 0.22 0.00 0.00 0.29 0.22 0.95 0.58 1.46 1.24 1.61 2.99 5.04 6.94 8.69 10.66 11.24 11.02 12.19 12.56 12.63 14.24 13.14 10.95 11.02 8.40 4.82 3.65 2.04 2.04 2.12 2.48 2.12 1.31 2.34 1.17 0.00 0.00 0.00 0.00 0.00 0.00 0.00 0.00 0.00 0.00 0.00 0.00 0.00 0.00 0.00 0.00 0.00 0.00 0.00 0.00 0.00 0.00 0.00 0.00 0.00 0.00 0.00 0.00 0.00 1.10 4.74 2.58 7.56 11.10 9.15 6.62 7.93 5.05 3.26 3.54 2.92 1.45
0.00 0.00 0.00 0.00 0.58 0.73 0.00 0.00 0.00 0.00 0.00 0.07 0.00 0.00 1.97 3.43 4.09 4.38 2.85 4.82 7.81 11.02 12.12 8.91 10.66 10.07 11.24 11.24 7.15 8.69 6.50 3.94 3.94 4.02 3.14 3.14 2.19 2.48 2.19 0.73 0.58 0.73 0.00 0.00 0.00 0.00 0.00 0.00 0.00 0.00 0.00 0.00 0.00 0.00 0.00 0.00 0.00 0.00 0.00 0.00 0.00 0.00 0.00 0.00 0.00 0.00 0.00 0.00 0.00 1.02 1.75 1.61 5.19 8.49 11.26 13.02 12.04 8.91 4.67 5.52 1.98 0.86 0.00 0.00
0.00 0.00 0.00 0.00 0.00 0.07 0.00 0.00 0.00 0.00 0.00 0.00 0.00 0.00 0.88 1.31 1.97 4.53 3.07 3.94 5.77 2.19 3.07 5.62 5.18 0.66 3.21 5.40 4.67 6.06 0.80 3.14 2.12 3.43 2.34 2.34 1.75 0.00 0.00 0.22 0.00 0.00 0.00 0.00 0.00 0.00 0.00 0.00 0.00 0.00 0.00 0.00 0.00 0.00 0.00 0.00 0.00 0.00 0.00 0.00 0.00 0.00 0.00 0.00 0.00 0.00 0.00 0.00 0.00 0.88 3.37 6.83 6.44 9.43 11.76 12.31 6.51 9.49 4.49 1.71 0.99 0.76 0.00 0.00
0.00 0.00 0.00 0.00 0.00 0.07 0.00 0.00 0.00 0.00 0.00 0.00 0.00 0.00 0.88 1.31 1.97 4.53 3.07 3.94 5.77 2.19 3.07 5.62 5.18 0.66 3.21 5.40 4.67 6.06 0.80 3.14 2.12 3.43 2.34 2.34 1.75 0.00 0.00 0.22 0.00 0.00 0.00 0.00 0.00 0.00 0.00 0.00 0.00 0.00 0.00 0.00 0.00 0.00 0.00 0.00 0.00 0.00 0.00 0.00 0.00 0.00 0.00 0.00 0.00 0.00 0.00 0.00 0.00 0.88 3.39 6.76 5.82 10.51 12.55 14.36 7.56 9.18 4.69 1.66 1.05 0.91 0.00 0.00
0.00 0.00 0.00 0.00 0.00 0.00 0.00 0.00 0.00 0.00 0.00 0.00 0.00 0.00 0.00 0.00 0.00 2.04 0.95 0.22 0.29 0.00 0.80 2.12 0.07 0.00 1.10 2.41 0.44 0.66 0.88 0.58 0.95 0.95 1.53 1.53 0.00 0.44 0.00 0.00 0.00 0.00 0.00 0.00 0.80 0.29 0.00 0.00 0.00 0.00 0.00 0.00 0.00 0.00 0.00 0.00 0.00 0.00 0.00 0.00 0.00 0.00 0.00 0.00 0.15 0.95 0.95 0.95 0.22 2.43 7.82 6.64 14.43 14.90 12.13 14.85 9.14 4.79 2.92 2.82 1.09 1.31 0.00 0.00
0.00 0.00 0.00 0.00 0.00 0.00 0.00 0.00 0.00 0.00 0.00 0.00 0.00 0.00 0.00 0.00 0.07 0.00 0.00 0.00 0.00 0.66 0.22 0.00 0.00 0.00 0.15 0.22 1.10 0.44 0.00 0.00 0.44 0.00 0.29 0.29 0.00 0.37 0.00 0.00 0.66 0.58 0.88 0.00 0.00 0.00 0.00 0.00 0.15 0.00 0.00 0.00 0.00 0.00 0.00 0.00 0.00 0.00 0.00 0.00 0.00 0.00 0.00 0.80 0.51 1.10 1.39 0.95 1.24 1.10 6.86 11.82 13.69 18.05 12.20 7.01 9.14 2.56 3.13 2.81 1.12 0.00 0.00 0.00
5.18 1.10 0.00 0.00 0.00 0.00 0.00 0.00 0.00 0.00 0.00 0.00 0.00 0.00 0.00 0.00 0.00 0.00 0.00 0.07 0.00 0.00 0.00 0.51 0.00 0.00 0.00 0.15 0.51 0.00 0.00 0.00 0.29 0.00 0.00 0.00 0.00 0.00 0.00 0.00 0.73 0.00 1.17 0.00 0.00 0.00 0.00 0.29 0.00 0.00 0.00 0.00 0.00 0.00 0.00 0.00 0.00 0.00 0.00 0.00 0.00 0.00 0.00 0.00 0.00 1.10 0.73 0.44 0.07 0.00 3.58 10.40 14.60 9.94 14.50 8.01 3.03 3.01 2.26 2.34 1.33 0.36 0.00 0.00
4.31 4.16 0.73 0.00 0.00 0.00 0.00 0.00 0.00 0.00 0.00 0.00 0.00 0.00 0.00 0.00 0.00 0.00 0.00 0.00 0.00 0.00 0.00 0.00 0.00 0.00 0.00 0.15 0.07 0.00 0.00 0.00 0.00 0.00 0.00 0.00 0.00 0.00 0.07 0.00 0.88 0.00 0.00 0.00 0.00 0.00 0.00 0.00 0.00 0.00 0.00 0.00 0.00 0.00 0.00 0.00 0.00 0.00 0.00 0.00 0.00 0.00 0.00 0.00 0.00 0.00 0.00 0.00 0.00 1.39 7.52 10.62 13.87 10.37 6.74 3.18 3.48 2.86 1.98 2.06 1.83 1.15 2.32 0.00
9.27 2.63 1.90 0.88 0.00 0.00 0.00 0.00 0.00 0.00 0.00 0.00 0.00 0.00 0.00 0.00 0.00 0.00 0.00 0.00 0.00 0.00 0.00 0.00 0.00 0.00 0.00 0.15 0.00 0.00 0.00 0.00 0.00 0.00 0.00 0.00 0.00 0.00 0.00 0.00 0.00 0.00 0.00 0.00 0.00 0.00 0.00 0.00 0.00 0.00 0.00 0.00 0.00 0.00 0.00 0.00 0.00 0.00 0.00 0.00 0.00 0.00 0.00 0.00 0.00 0.00 0.00 0.00 2.19 0.00 5.11 9.71 5.19 6.80 2.38 2.17 2.55 2.38 2.57 2.31 2.32 2.65 3.07 0.00
2.70 0.73 3.50 0.00 0.00 0.00 0.00 0.00 0.00 0.00 0.00 0.00 0.00 0.00 0.00 0.00 0.00 0.00 0.00 0.00 0.00 0.00 0.00 0.00 0.00 0.00 0.00 0.00 0.00 0.00 0.00 0.00 0.00 0.00 0.00 0.00 0.00 0.00 0.00 0.00 0.00 0.00 0.00 0.00 0.00 0.00 0.00 0.00 0.00 0.00 0.00 0.00 0.00 0.00 0.00 0.00 0.00 0.00 0.00 0.00 0.00 0.00 0.00 0.00 0.00 0.00 0.00 0.00 4.09 5.04 4.74 6.31 2.23 1.49 0.00 0.00 0.00 2.42 1.74 1.17 2.04 4.74 4.97 2.09
2.70 0.73 3.50 0.00 0.00 0.00 0.00 0.00 0.00 0.00 0.00 0.00 0.00 0.00 0.00 0.00 0.00 0.00 0.00 0.00 0.00 0.00 0.00 0.00 0.00 0.00 0.00 0.00 0.00 0.00 0.00 0.00 0.00 0.00 0.00 0.00 0.00 0.00 0.00 0.00 0.00 0.00 0.00 0.00 0.00 0.00 0.00 0.00 0.00 0.00 0.00 0.00 0.00 0.00 0.00 0.00 0.00 0.00 0.00 0.00 0.00 0.00 0.00 0.00 0.00 0.00 0.00 0.00 4.09 5.04 4.74 6.28 2.20 1.47 0.00 0.00 0.00 2.32 1.70 1.23 2.00 4.99 4.97 2.04
2.12 2.63 0.00 0.00 0.00 0.00 0.00 0.00 0.00 0.00 0.00 0.00 0.00 0.00 0.00 0.00 0.00 0.00 0.00 0.00 0.00 0.00 0.00 0.00 0.00 0.00 0.00 0.00 0.00 0.00 0.00 0.00 0.00 0.00 0.00 0.00 0.00 0.00 0.00 0.00 0.00 0.00 0.00 0.00 0.00 0.00 0.00 0.00 0.00 0.00 0.00 0.00 0.00 0.15 1.10 0.00 0.00 0.07 0.29 0.44 0.44 0.00 0.00 0.00 0.00 0.00 0.00 3.80 4.31 4.38 3.58 1.75 1.61 1.47 0.59 0.00 0.00 0.00 1.52 1.71 0.74 0.00 0.00 3.22
