Wansh/Snow_depth/snowdepth-1993/spring/1993068.txt
ncols 321
nrows 161
xllcenter 60
yllcenter 15 
cellsize  0.25 
NODATA_value -1
[rows 0 to 36 of 161, columns 168 to 251 of 321]
16.13 11.90 8.54 8.76 8.25 8.76 8.91 9.13 9.05 9.05 9.13 8.61 9.34 8.69 9.13 8.98 8.98 8.98 11.97 11.53 11.61 11.46 10.95 10.95 11.24 10.95 8.32 3.07 4.31 0.00 0.00 0.00 11.61 9.13 13.80 13.80 13.58 14.31 14.31 17.16 13.65 14.60 13.29 13.51 13.65 14.02 15.33 13.87 14.60 10.44 10.44 10.44 10.59 10.44 10.88 12.70 16.21 16.50 16.43 15.40 15.40 14.31 23.43 23.43 23.21 23.14 22.12 21.32 18.32 19.49 16.72 13.72 14.02 13.87 14.09 15.26 17.67 20.37 19.93 20.88 19.20 21.53 18.83 19.64
19.20 15.18 14.97 9.86 8.69 9.42 7.59 8.03 8.83 8.83 8.76 9.49 8.91 8.83 8.98 8.32 8.25 9.93 12.92 12.48 12.63 11.97 10.44 10.66 11.97 11.53 6.06 0.00 0.00 0.00 0.00 0.00 10.15 12.56 13.43 13.43 13.29 14.16 15.40 17.52 17.08 16.43 16.43 16.21 15.70 15.99 14.60 12.85 9.56 9.42 11.61 12.05 14.24 13.94 14.75 14.53 15.70 16.64 14.53 15.99 15.99 15.55 18.47 20.15 20.00 20.95 22.34 21.53 19.78 18.18 16.13 16.79 15.26 16.57 15.70 15.70 16.94 19.27 17.81 17.30 17.45 17.81 16.64 13.14
23.07 18.32 19.05 12.78 11.24 12.99 10.15 8.69 8.25 8.25 7.81 9.13 8.32 8.10 7.52 10.37 13.29 12.85 14.02 12.78 13.07 11.90 11.83 11.90 9.05 0.66 3.14 0.00 0.00 0.00 0.00 8.69 6.94 13.72 13.21 13.21 13.36 13.65 16.86 18.83 19.35 16.79 17.59 15.77 13.65 12.19 11.17 11.39 10.22 11.68 11.68 11.61 14.75 15.04 14.82 13.65 13.80 13.58 14.24 16.21 16.21 17.89 17.74 19.93 20.15 20.51 20.95 21.17 19.78 17.67 16.79 16.06 16.21 16.86 15.77 14.02 15.40 14.89 15.11 13.36 13.14 13.87 12.70 12.78
23.07 18.32 19.05 12.78 11.24 12.99 10.15 8.69 8.25 8.25 7.81 9.13 8.32 8.10 7.52 10.37 13.29 12.85 14.02 12.78 13.07 11.90 11.83 11.90 9.05 0.66 3.14 0.00 0.00 0.00 0.00 8.69 6.94 13.72 13.21 13.21 13.36 13.65 16.86 18.83 19.35 16.79 17.59 15.77 13.65 12.19 11.17 11.39 10.22 11.68 11.68 11.61 14.75 15.04 14.82 13.65 13.80 13.58 14.24 16.21 16.21 17.89 17.74 19.93 20.15 20.51 20.95 21.17 19.78 17.67 16.79 16.06 16.21 16.86 15.77 14.02 15.40 14.89 15.11 13.36 13.14 13.87 12.70 12.78
25.11 23.07 21.61 16.72 14.16 14.89 16.13 11.46 7.81 7.81 10.95 9.86 12.19 11.53 13.21 15.40 17.45 20.37 16.13 17.45 12.56 11.17 10.29 12.70 6.28 0.00 0.00 0.00 0.00 0.00 2.34 11.90 13.94 13.65 12.48 12.48 13.07 12.78 13.29 15.40 16.28 16.50 16.57 14.89 15.91 13.72 13.14 14.38 13.94 12.05 14.75 14.89 14.75 14.89 14.97 13.80 13.14 14.67 14.67 15.48 15.48 17.96 18.40 18.76 20.44 20.22 19.05 14.97 16.28 15.99 16.43 15.70 14.53 13.94 14.31 12.99 13.36 13.87 13.51 14.53 15.70 14.67 15.62 16.94
25.77 25.26 26.06 23.94 22.70 18.54 21.02 14.45 12.92 12.92 9.71 14.16 15.84 16.21 19.86 19.86 21.17 20.08 14.53 10.80 11.39 9.13 5.26 0.00 9.34 0.00 0.00 0.00 3.36 9.34 8.03 12.78 12.63 14.31 14.09 14.09 12.26 13.72 13.29 17.23 16.64 18.76 19.78 18.25 17.96 16.13 16.79 15.48 14.09 15.26 15.11 15.04 15.33 14.82 14.60 14.82 14.38 13.58 12.34 14.75 14.75 13.94 17.16 19.13 16.21 16.50 15.11 14.02 13.94 13.87 14.16 13.94 13.43 13.14 12.78 12.26 12.63 13.51 14.24 13.72 15.77 16.43 15.91 18.32
24.60 27.96 28.69 26.50 25.84 23.21 21.83 15.04 18.25 18.25 13.58 17.16 19.64 20.81 22.05 22.56 22.19 21.32 13.94 10.88 6.79 8.61 5.40 0.00 0.88 0.00 0.00 0.00 5.48 10.29 9.27 14.02 13.29 16.35 17.74 17.74 17.37 17.96 15.48 15.18 14.89 17.08 15.99 17.52 18.69 17.96 17.08 17.74 17.81 15.40 14.60 17.08 16.35 14.60 13.43 13.21 11.61 11.75 11.97 13.58 13.58 13.07 15.84 16.57 15.70 15.91 14.82 14.75 13.65 13.51 12.70 10.80 11.02 10.73 10.88 9.86 11.39 10.15 12.56 12.39 16.30 18.56 20.00 21.46
24.60 27.96 28.69 26.50 25.84 23.21 21.83 15.04 18.25 18.25 13.58 17.16 19.64 20.81 22.05 22.56 22.19 21.32 13.94 10.88 6.79 8.61 5.40 0.00 0.88 0.00 0.00 0.00 5.48 10.29 9.27 14.02 13.29 16.35 17.74 17.74 17.37 17.96 15.48 15.18 14.89 17.08 15.99 17.52 18.69 17.96 17.08 17.74 17.81 15.40 14.60 17.08 16.35 14.60 13.43 13.21 11.61 11.75 11.97 13.58 13.58 13.07 15.84 16.57 15.70 15.91 14.82 14.75 13.65 13.51 12.70 10.80 11.02 10.73 10.88 11.39 15.71 14.60 17.20 21.06 26.92 24.70 25.73 22.26
17.01 28.47 27.23 28.91 25.55 22.05 19.35 21.68 20.66 20.66 19.56 20.44 20.66 22.48 21.83 19.42 16.13 12.99 14.09 5.69 0.00 0.00 0.00 0.00 0.00 0.00 0.00 0.00 5.40 10.07 11.75 13.43 12.70 16.21 18.98 18.98 18.18 17.96 16.35 15.26 14.38 16.79 18.18 17.89 18.83 18.10 19.13 18.83 18.10 20.22 18.61 19.27 17.08 14.75 13.87 12.26 12.26 12.05 11.83 14.16 14.16 15.11 15.99 15.70 17.59 15.99 15.26 14.45 14.53 13.29 12.19 11.32 10.44 10.99 12.62 14.15 15.80 14.60 12.62 19.78 17.03 18.72 18.77 22.56
11.17 12.70 17.23 22.85 22.12 18.61 18.54 18.03 18.25 18.25 21.61 21.83 19.64 17.89 18.47 16.50 12.41 0.66 0.00 0.00 0.00 0.00 0.00 0.00 0.00 6.86 11.53 12.19 12.19 12.19 12.34 14.09 14.97 17.52 18.47 18.47 16.64 16.13 16.06 15.11 15.91 21.10 21.32 19.71 20.00 18.61 20.37 20.29 21.17 19.71 18.25 17.67 15.40 14.09 14.45 12.99 16.35 16.86 17.16 18.25 18.25 16.86 18.03 17.81 17.45 16.86 14.31 12.63 12.41 12.26 12.34 11.97 11.63 13.75 15.06 13.09 13.97 15.39 17.14 19.07 17.03 19.60 21.58 19.75
13.07 14.53 11.61 17.45 19.78 17.16 18.69 19.49 20.22 20.22 21.53 17.74 15.18 8.18 7.30 1.31 3.07 0.00 0.00 0.00 5.40 4.89 11.46 11.32 11.61 11.24 11.83 13.07 13.51 12.92 13.72 13.65 14.24 14.75 15.48 15.48 16.43 16.64 20.29 21.61 22.12 22.19 22.41 19.93 18.25 17.52 17.67 19.71 17.96 19.05 18.76 18.47 16.64 17.74 17.52 19.27 18.69 19.64 25.40 22.63 22.63 19.35 19.27 18.03 16.35 14.09 14.89 12.99 11.97 12.85 12.12 12.41 11.68 9.12 9.56 13.17 15.31 14.72 14.80 14.71 15.97 18.17 16.82 18.20
13.07 14.53 11.61 17.45 19.78 17.16 18.69 19.49 20.22 20.22 21.53 17.74 15.18 8.18 7.30 1.31 3.07 0.00 0.00 0.00 5.40 4.89 11.46 11.32 11.61 11.24 11.83 13.07 13.51 12.92 13.72 13.65 14.24 14.75 15.48 15.48 16.43 16.64 20.29 21.61 22.12 22.19 22.41 19.93 18.25 17.52 17.67 19.71 17.96 19.05 18.76 18.47 16.64 17.74 17.52 19.27 18.69 19.64 25.40 22.63 22.63 19.35 19.27 18.03 16.35 14.09 14.89 12.99 11.97 12.85 12.12 12.41 11.39 8.98 9.27 12.23 13.65 13.63 15.79 15.26 15.97 17.77 18.47 19.47
18.03 12.19 11.39 15.11 11.02 15.99 13.51 12.41 17.59 17.59 21.32 3.87 4.31 3.21 0.00 0.00 0.00 0.00 0.00 7.01 10.73 8.32 12.41 11.83 12.48 14.24 14.53 14.45 13.65 12.26 14.24 15.26 14.82 15.18 14.67 14.67 16.94 18.98 19.64 20.88 21.39 20.15 19.35 19.78 17.81 13.94 13.21 14.97 17.23 18.83 17.74 16.64 16.72 17.45 18.54 19.71 22.41 24.82 25.04 23.43 23.43 19.20 18.40 17.81 16.21 14.24 13.65 14.02 14.31 13.21 12.78 12.63 10.44 11.02 10.56 12.76 14.71 13.12 13.75 16.45 15.92 17.07 17.52 16.22
17.16 18.10 11.75 12.99 12.26 11.02 9.49 10.95 4.38 4.38 0.00 0.00 0.00 0.00 0.00 0.00 0.00 3.72 7.81 11.10 10.15 10.80 11.39 13.58 13.72 13.36 13.43 13.29 15.11 15.11 14.82 15.99 14.09 17.37 15.99 15.99 16.72 16.06 17.74 18.76 20.00 20.37 18.61 15.84 14.24 14.38 14.82 14.31 16.43 16.50 16.28 15.99 15.99 17.59 17.08 18.76 19.64 18.69 17.96 18.03 18.03 20.88 21.75 18.76 21.53 20.00 17.74 15.99 17.52 16.06 16.35 13.58 12.63 13.61 18.62 16.08 11.94 15.35 16.17 14.05 16.74 14.51 15.70 15.31
19.56 18.32 18.10 17.08 13.94 16.94 15.04 11.53 8.54 8.54 4.38 9.42 5.18 3.58 3.36 1.24 8.54 8.25 10.15 12.70 12.78 12.99 13.51 13.29 12.70 13.51 14.60 14.02 13.65 13.65 13.14 13.07 13.21 15.26 14.24 14.24 14.89 16.43 18.69 18.10 19.64 19.49 14.67 14.97 15.70 16.50 16.57 16.72 16.28 17.01 16.43 15.91 15.99 17.59 17.01 19.71 19.35 19.86 18.69 20.37 20.37 20.95 21.32 21.97 21.97 21.17 20.08 19.93 18.25 18.25 20.66 18.47 21.19 19.33 19.33 17.81 17.61 17.74 16.65 15.54 16.56 14.69 15.21 15.20
19.64 20.08 19.78 17.16 17.96 18.54 16.43 14.31 13.87 13.87 14.31 13.94 11.53 11.02 12.56 11.32 10.44 9.93 10.59 13.43 13.43 13.65 14.16 15.84 15.18 13.43 13.87 13.87 12.99 12.92 13.21 12.92 13.07 13.65 13.94 13.94 14.82 15.11 14.75 14.31 14.60 14.16 14.02 14.82 15.77 14.82 17.81 13.36 14.97 15.11 14.97 15.04 15.62 13.80 17.01 18.69 18.18 19.56 19.27 19.13 19.13 20.88 21.61 23.36 22.92 20.73 19.20 19.56 18.18 24.09 24.02 20.70 25.46 24.92 21.68 18.20 20.42 17.76 16.69 16.88 15.91 17.41 14.70 13.25
19.64 20.08 19.78 17.16 17.96 18.54 16.43 14.31 13.87 13.87 14.31 13.94 11.53 11.02 12.56 11.32 10.44 9.93 10.59 13.43 13.43 13.65 14.16 15.84 15.18 13.43 13.87 13.87 12.99 12.92 13.21 12.92 13.07 13.65 13.94 13.94 14.82 15.11 14.75 14.31 14.60 14.16 14.02 14.82 15.77 14.82 17.81 13.36 14.97 15.11 14.97 15.04 15.62 13.80 17.01 18.69 18.18 19.56 19.27 19.13 19.13 20.88 21.61 23.36 22.92 20.73 19.20 19.56 18.18 24.09 24.02 25.41 23.86 27.08 19.47 22.52 20.72 19.64 17.02 15.23 15.38 14.97 15.99 15.04
13.65 21.24 19.05 18.25 18.10 17.52 17.16 16.35 16.35 16.35 15.70 13.87 12.85 12.92 13.14 12.70 16.43 14.67 14.60 14.16 13.72 13.21 12.63 13.21 13.43 12.12 11.61 11.75 11.68 13.21 13.29 14.09 14.31 14.53 14.75 14.75 15.33 15.18 15.04 14.45 15.70 15.91 15.99 15.04 15.62 14.53 12.63 11.39 11.90 12.63 7.88 10.80 12.26 11.53 15.04 17.16 17.89 20.15 19.78 18.18 18.18 19.93 21.17 21.90 21.17 20.51 21.53 22.70 25.62 24.82 25.95 25.51 25.10 27.55 23.13 28.36 22.31 21.07 17.02 19.65 17.07 15.60 16.61 13.57
13.14 16.57 17.81 18.91 17.52 16.79 16.72 13.51 13.36 13.36 11.68 12.41 14.45 13.80 18.83 18.61 17.74 16.72 15.77 13.80 14.02 13.87 13.29 13.14 11.97 11.46 11.53 11.90 12.70 13.07 12.78 14.24 14.67 15.11 14.82 14.82 14.53 14.67 14.75 14.97 14.82 15.48 15.48 11.97 9.86 10.44 11.68 11.90 10.44 9.64 7.88 8.76 9.78 9.71 13.14 11.83 16.72 18.98 20.08 18.83 18.83 17.89 18.47 18.76 17.89 17.96 18.76 22.70 21.61 25.16 25.96 25.88 25.38 26.64 23.52 26.88 20.31 22.09 18.94 20.63 17.30 16.36 15.47 16.66
12.99 15.33 16.79 17.74 18.61 17.45 18.40 17.45 14.75 14.75 12.99 13.07 16.43 18.61 20.15 19.20 17.45 18.32 15.91 13.87 14.67 17.81 15.62 14.24 14.89 12.12 11.83 11.32 11.90 12.63 14.38 15.91 15.26 14.38 15.77 15.77 15.55 15.62 15.18 14.97 15.11 13.07 13.51 11.83 10.29 8.98 12.05 12.05 12.05 10.59 9.56 9.20 10.00 8.40 10.07 11.75 16.86 15.26 18.98 17.08 17.08 17.30 14.45 14.38 14.45 14.09 16.21 14.09 17.96 22.12 25.99 26.06 25.48 25.99 24.31 23.85 27.16 26.17 27.78 20.17 21.62 18.42 15.41 17.65
13.43 13.72 11.46 15.48 14.24 17.59 14.16 14.09 13.58 13.58 15.04 14.38 16.72 19.71 22.70 21.68 18.32 16.28 16.13 16.86 23.00 20.44 19.93 16.43 12.78 11.17 11.53 11.17 11.32 14.09 15.55 16.50 15.99 15.48 17.89 17.89 18.25 16.35 15.04 13.72 12.63 11.61 11.83 10.88 10.15 11.24 9.20 9.27 9.05 11.39 10.59 9.05 9.56 6.50 8.10 12.19 14.31 11.83 14.60 15.26 15.26 13.51 13.36 8.47 9.20 6.13 12.56 16.94 16.13 19.13 21.53 25.70 23.43 24.31 26.08 25.00 31.31 24.27 29.09 26.32 24.29 21.43 20.35 15.48
9.56 10.88 11.68 12.70 12.26 14.16 12.85 13.72 14.67 14.67 17.45 18.83 20.88 22.27 22.05 21.68 19.13 21.10 23.29 19.35 19.05 23.43 17.89 14.67 11.97 12.05 16.28 15.33 15.62 15.48 16.21 17.45 19.13 19.05 18.54 18.54 18.61 13.65 12.70 12.92 12.99 11.02 13.72 10.00 11.32 9.42 10.37 6.79 10.29 11.61 12.05 10.59 10.15 7.15 7.88 8.03 5.04 10.15 11.46 10.66 10.66 10.15 2.05 0.95 1.39 4.82 10.15 11.90 17.81 20.08 20.08 18.83 22.12 24.02 25.25 26.06 33.10 27.84 26.59 26.53 18.73 16.64 17.57 16.61
9.56 10.88 11.68 12.70 12.26 14.16 12.85 13.72 14.67 14.67 17.45 18.83 20.88 22.27 22.05 21.68 19.13 21.10 23.29 19.35 19.05 23.43 17.89 14.67 11.97 12.05 16.28 15.33 15.62 15.48 16.21 17.45 19.13 19.05 18.54 18.54 18.61 13.65 12.70 12.92 12.99 11.02 13.72 10.00 11.32 9.42 10.37 6.79 10.29 11.61 12.05 10.59 10.15 7.15 7.88 8.03 5.04 10.15 11.46 10.66 10.66 10.15 2.05 0.95 1.39 4.82 10.15 11.90 17.81 20.08 20.08 18.83 22.12 24.02 24.24 26.20 25.71 24.49 22.26 30.88 22.91 17.00 13.76 15.32
9.78 9.78 11.10 12.05 11.97 12.41 12.70 14.09 16.21 16.21 18.47 19.64 21.10 22.34 25.62 23.51 23.87 21.17 24.60 20.37 18.18 15.33 16.43 14.31 13.36 16.64 17.81 19.27 18.18 19.86 18.91 19.71 17.52 16.79 16.21 16.21 16.43 15.99 15.91 21.39 19.05 19.93 15.77 14.38 10.15 14.45 13.21 13.87 11.10 13.21 13.14 9.05 7.15 4.53 3.36 4.82 4.45 6.72 7.74 0.07 0.07 0.00 0.00 0.00 0.00 6.86 5.55 10.29 14.38 15.77 18.47 17.74 20.29 22.48 23.65 24.06 25.20 33.49 28.29 23.77 24.11 15.32 14.50 16.32
7.37 12.70 10.88 16.50 16.86 13.21 14.38 16.64 18.61 18.61 17.81 20.22 22.12 29.57 28.25 25.70 26.72 22.34 22.12 19.49 17.96 16.79 16.28 16.86 18.54 18.18 19.20 19.86 21.68 21.39 18.40 19.64 17.74 17.59 18.47 18.47 18.10 21.24 24.97 22.48 20.44 21.24 20.95 21.97 17.08 16.21 13.51 5.48 6.28 6.28 5.91 6.20 4.67 1.17 2.99 2.63 1.02 1.31 2.34 0.00 0.00 0.00 0.00 0.00 3.14 6.50 5.48 9.93 13.65 16.13 18.47 19.35 22.56 21.68 23.81 25.61 23.49 26.90 26.01 21.85 17.64 12.36 16.03 10.86
14.60 15.48 16.06 14.75 12.92 8.32 10.22 13.80 18.61 18.61 23.51 27.96 29.78 29.42 29.42 25.92 23.87 22.92 21.17 20.81 19.27 18.69 17.16 18.47 19.42 19.56 20.66 21.83 21.53 21.32 19.20 19.78 19.35 20.88 19.93 19.93 25.55 25.84 26.72 24.75 25.70 24.02 20.44 21.46 17.45 7.88 3.72 2.19 0.95 0.00 0.00 0.00 0.00 0.00 1.39 0.00 0.00 0.00 0.00 0.00 0.00 0.00 0.00 1.53 2.70 6.86 11.68 14.75 16.79 16.57 17.01 19.42 22.16 25.07 24.23 28.52 24.49 18.59 22.05 22.24 12.60 8.48 8.03 7.66
14.16 15.62 13.29 11.83 10.66 10.51 12.12 16.79 13.14 13.14 17.96 25.92 27.67 22.19 24.02 23.73 24.09 23.14 19.42 17.81 17.23 17.30 17.52 18.25 18.47 19.35 20.66 20.08 21.46 21.24 19.64 21.46 21.39 22.78 24.89 24.89 26.06 25.92 17.59 19.78 19.64 22.34 17.67 7.96 11.97 11.75 2.77 0.66 0.07 0.00 0.00 0.00 0.00 0.00 0.22 0.00 0.15 0.00 0.00 0.44 0.44 0.66 0.44 0.29 5.40 3.94 10.15 13.72 15.33 18.61 17.74 19.71 23.25 25.25 25.86 23.16 28.56 23.26 15.65 11.50 11.26 7.40 7.41 2.56
5.77 14.60 11.68 9.13 10.80 10.29 10.88 4.02 6.50 6.50 13.51 19.35 14.02 17.23 17.23 7.81 11.97 16.94 12.26 13.29 14.53 8.54 12.56 15.48 14.67 18.03 12.05 14.89 18.69 20.00 19.71 19.42 16.06 16.28 17.89 17.89 15.91 6.28 10.29 10.51 10.00 4.31 4.09 9.13 3.07 7.96 1.17 1.39 0.29 0.80 0.00 0.00 0.00 0.00 0.07 0.88 1.24 0.00 0.00 0.00 0.00 0.00 0.00 0.00 4.16 2.63 8.98 11.75 14.89 19.05 22.09 25.51 27.31 24.03 26.36 24.72 18.53 21.17 16.60 8.63 7.15 7.16 2.68 1.44
5.77 14.60 11.68 9.13 10.80 10.29 10.88 4.02 6.50 6.50 13.51 19.35 14.02 17.23 17.23 7.81 11.97 16.94 12.26 13.29 14.53 8.54 12.56 15.48 14.67 18.03 12.05 14.89 18.69 20.00 19.71 19.42 16.06 16.28 17.89 17.89 15.91 6.28 10.29 10.51 10.00 4.31 4.09 9.13 3.07 7.96 1.17 1.39 0.29 0.80 0.00 0.00 0.00 0.00 0.07 0.88 1.24 0.00 0.00 0.00 0.00 0.00 0.00 0.00 4.16 2.63 8.98 11.75 14.89 19.05 22.20 25.24 24.70 26.78 28.13 28.83 21.51 20.49 17.34 8.39 7.56 8.49 2.45 1.22
6.35 5.33 6.50 6.20 2.63 0.80 1.83 4.53 3.58 3.58 10.00 11.17 10.66 11.61 5.40 5.26 6.72 9.93 6.86 8.61 6.64 6.20 7.59 9.13 1.68 5.99 9.64 8.47 14.67 15.18 7.81 5.99 6.28 9.34 8.40 8.40 1.10 1.68 3.58 2.12 0.66 1.46 1.17 4.02 1.46 2.70 3.50 2.77 2.56 6.13 3.80 0.15 1.90 0.00 0.00 0.00 1.53 0.88 0.00 0.00 0.00 0.00 0.00 0.00 3.65 6.79 12.05 14.89 14.75 16.74 22.86 25.22 30.07 29.30 35.26 25.93 18.92 11.25 14.72 8.16 4.08 2.51 2.55 0.62
4.96 8.03 6.72 5.62 3.43 2.41 2.34 2.70 5.26 5.26 7.45 8.40 7.37 6.06 5.99 5.33 5.48 5.84 4.02 8.61 8.76 6.57 5.18 1.97 0.88 2.34 7.23 4.96 4.96 9.20 1.83 0.95 0.00 0.15 0.00 0.00 0.00 0.00 0.80 0.29 0.66 0.51 1.53 1.68 1.10 2.70 3.50 6.64 7.15 8.76 7.88 6.28 6.42 1.46 3.58 0.00 1.10 0.00 0.00 0.00 0.00 0.00 0.00 0.00 0.00 4.96 7.45 13.65 19.71 18.25 21.83 26.87 31.39 30.54 22.81 25.00 18.15 9.38 6.88 7.57 4.21 1.87 0.00 0.23
9.93 16.79 12.85 7.88 6.35 3.29 4.02 3.07 3.14 3.14 5.18 0.00 4.31 4.89 4.82 4.67 4.60 8.47 9.05 7.08 6.57 0.00 0.66 0.66 0.95 1.61 0.44 2.19 0.95 2.56 0.00 0.22 0.80 0.07 0.22 0.22 0.00 0.73 0.00 0.07 0.51 0.00 1.10 1.31 1.46 2.77 4.16 4.09 5.04 8.10 10.73 12.63 10.15 5.91 3.94 3.58 2.85 1.97 1.97 0.00 0.00 3.87 0.95 1.46 1.83 2.34 11.90 15.91 22.05 26.35 26.57 27.37 32.08 27.19 17.71 10.60 9.21 9.70 4.94 3.41 0.62 1.16 0.00 0.00
19.35 19.49 13.29 11.10 5.04 3.94 4.31 4.02 3.36 3.36 0.00 0.00 0.00 2.56 4.38 4.74 4.82 3.72 6.35 0.00 0.00 0.80 0.73 0.00 0.00 0.00 0.00 0.66 2.70 0.29 0.00 0.00 0.66 0.00 0.00 0.00 0.00 0.00 0.29 0.00 0.00 0.37 0.29 1.39 2.04 2.77 3.36 4.23 3.72 8.47 7.59 10.37 12.26 7.15 4.74 3.50 5.99 4.74 7.01 12.70 12.70 11.24 5.55 7.37 16.86 18.76 21.32 19.64 23.07 26.13 25.99 24.78 21.21 27.40 17.63 7.65 6.16 4.04 3.88 2.06 0.41 0.00 0.00 0.00
13.07 11.10 10.07 5.55 4.53 3.29 3.29 0.00 0.00 0.00 0.00 0.00 0.00 0.00 4.02 3.58 2.41 2.63 0.00 0.00 0.00 0.00 0.00 0.00 0.00 2.63 6.94 3.80 5.11 0.00 0.00 0.00 0.00 0.00 0.00 0.00 0.00 0.00 0.00 0.00 0.00 0.00 0.00 0.00 3.50 2.77 2.92 6.20 5.84 6.42 7.74 6.06 7.23 7.08 7.96 5.48 3.80 10.80 17.96 17.96 17.96 14.24 13.21 17.16 17.59 19.13 21.02 22.19 25.55 25.11 26.35 23.21 16.38 5.95 7.86 3.91 3.08 2.22 0.62 0.66 0.00 0.00 0.00 0.00
11.90 7.23 8.54 2.41 0.00 0.00 0.00 0.00 0.00 0.00 0.00 0.00 0.00 1.61 1.83 0.00 0.00 0.00 0.00 0.00 0.00 0.00 0.00 0.00 0.00 0.00 4.53 3.80 2.99 0.00 0.00 0.00 0.00 0.00 1.83 1.83 3.07 0.88 1.83 0.00 0.00 1.68 0.00 0.00 4.09 5.11 8.61 8.69 6.28 6.28 5.69 4.89 7.81 11.02 14.60 17.08 18.40 20.37 20.29 19.93 19.93 18.54 16.21 16.94 15.99 16.72 19.78 21.97 24.75 24.82 25.11 22.82 13.78 4.92 2.80 2.11 2.54 1.64 0.09 0.00 0.00 0.00 0.00 0.00
11.90 7.23 8.54 2.41 0.00 0.00 0.00 0.00 0.00 0.00 0.00 0.00 0.00 1.61 1.83 0.00 0.00 0.00 0.00 0.00 0.00 0.00 0.00 0.00 0.00 0.00 4.53 3.80 2.99 0.00 0.00 0.00 0.00 0.00 1.83 1.83 3.07 0.88 1.83 0.00 0.00 1.68 0.00 0.00 4.09 5.11 8.61 8.69 6.28 6.28 5.69 4.89 7.81 11.02 14.60 17.08 18.40 20.37 20.29 19.93 19.93 18.54 16.21 16.94 15.99 16.72 19.78 21.97 24.75 24.82 25.11 22.70 13.57 4.84 2.80 2.20 2.27 1.58 0.08 0.00 0.00 0.00 0.00 0.00
8.18 6.72 7.81 5.62 0.00 0.00 0.00 0.00 0.00 0.00 0.00 0.00 0.00 0.00 0.00 0.00 0.00 0.00 0.00 0.00 0.00 0.00 0.00 0.00 0.00 0.00 0.00 0.00 0.00 0.00 0.00 0.00 0.00 2.04 3.07 3.07 1.97 1.83 0.00 1.53 2.56 2.12 2.56 0.00 11.46 11.39 11.53 10.59 8.47 9.42 6.86 5.33 6.94 10.15 11.53 13.65 15.77 16.94 15.91 18.69 18.69 19.64 18.69 19.27 19.42 20.44 20.00 21.97 22.56 22.70 18.40 12.85 14.38 6.34 3.01 1.67 0.56 0.92 0.25 0.00 0.00 0.00 0.00 0.00
