Wansh/Snow_depth/snowdepth-1993/spring/1993104.txt
ncols 321
nrows 161
xllcenter 60
yllcenter 15 
cellsize  0.25 
NODATA_value -1
[rows 74 to 110 of 161, columns 84 to 167 of 321]
0.00 0.00 0.00 0.00 0.00 0.00 0.95 1.31 1.10 0.00 0.00 0.00 1.39 2.77 3.94 3.36 3.58 4.31 4.31 4.09 4.16 3.87 3.80 0.00 0.00 3.07 2.41 0.00 0.00 0.00 0.00 0.00 0.00 0.00 0.00 0.00 0.00 0.00 0.00 2.56 0.00 1.46 1.97 1.97 1.68 1.68 1.75 2.34 1.24 1.61 1.83 0.00 0.00 0.00 1.64 0.44 0.00 1.02 0.29 1.53 0.88 1.46 1.53 0.00 2.19 0.00 5.69 0.00 0.00 0.00 0.00 2.56 0.00 0.00 0.00 0.51 0.00 0.00 0.00 0.00 0.00 0.00 0.00 0.00
0.00 0.00 0.00 1.39 1.90 1.53 3.14 2.41 2.63 2.19 2.56 3.21 4.16 2.85 2.70 3.07 3.72 3.80 3.80 3.50 3.65 3.72 3.21 3.58 3.43 4.09 4.16 3.14 0.00 0.00 0.00 0.00 0.00 0.00 0.00 0.00 0.00 0.00 2.34 0.00 0.00 2.04 1.10 1.10 2.48 1.39 1.97 2.04 2.12 1.39 2.12 2.56 2.77 0.95 1.24 1.39 0.66 1.53 0.22 0.00 1.83 2.19 1.75 1.97 1.97 3.94 5.26 0.00 0.00 0.00 5.77 5.40 3.80 0.00 1.31 0.66 0.00 0.00 0.00 0.00 0.00 0.00 0.00 0.00
0.80 0.22 1.24 2.34 2.26 2.63 0.00 0.00 3.29 3.07 3.58 4.31 5.40 5.11 4.23 4.23 4.23 4.60 4.60 3.58 3.94 3.50 3.29 3.21 4.45 3.94 4.16 4.09 3.36 0.00 0.00 0.00 0.00 0.00 0.00 0.00 0.00 0.00 0.00 0.00 0.00 0.00 2.34 2.34 2.19 1.61 2.77 1.97 2.77 0.00 0.00 2.63 2.48 0.73 1.24 0.73 0.88 1.24 0.37 2.04 1.97 2.56 3.72 2.92 3.29 4.18 5.62 0.00 0.00 4.16 5.62 7.15 5.77 3.87 0.00 0.66 0.00 0.00 0.00 0.00 0.00 0.00 0.00 0.00
0.44 0.00 0.51 1.75 2.19 1.75 0.00 3.21 4.38 4.31 4.23 5.18 5.69 5.91 4.60 5.40 4.45 4.82 4.82 3.43 3.50 4.45 4.09 4.60 4.45 4.16 4.02 4.60 3.36 0.00 0.00 0.00 0.00 0.00 2.41 3.21 0.00 0.00 0.00 0.00 0.00 0.00 0.00 0.00 1.53 0.00 2.85 0.00 0.00 2.77 0.00 1.90 1.46 3.50 1.24 0.29 1.39 1.39 1.31 1.83 2.04 2.92 4.23 4.45 3.36 3.80 1.17 4.16 4.16 4.16 4.74 5.26 4.45 2.48 1.39 0.00 0.00 0.00 0.00 0.00 0.00 0.00 0.00 0.00
1.31 0.00 0.88 1.97 1.39 2.56 2.92 3.72 4.74 4.53 4.82 4.96 4.96 6.50 5.91 5.62 5.33 4.38 4.38 4.09 4.53 4.38 4.82 4.60 5.40 4.31 3.65 3.87 4.02 3.14 0.00 0.00 0.00 0.00 0.00 0.00 0.00 0.00 0.00 0.00 0.00 0.00 0.00 0.00 0.00 0.00 2.34 0.00 0.00 0.00 0.00 0.00 0.00 0.00 4.82 3.43 3.43 2.19 3.21 1.24 1.83 3.43 3.80 3.65 2.56 2.19 3.50 3.94 3.94 4.23 4.45 4.38 2.63 3.21 2.12 0.73 0.80 0.00 0.00 0.00 0.00 0.00 0.07 0.00
0.00 0.00 0.00 0.00 0.00 0.00 0.00 3.65 4.60 4.31 5.04 4.82 5.48 5.18 5.62 5.55 6.13 4.89 4.89 5.55 5.62 4.89 4.67 4.53 4.31 3.87 3.72 3.80 0.00 0.00 0.00 0.00 0.00 0.00 0.00 0.00 0.00 0.00 0.00 0.00 0.00 0.00 0.00 0.00 0.00 0.00 0.00 0.00 0.00 0.00 0.00 0.00 0.00 0.00 3.50 3.72 0.00 0.66 0.80 0.95 2.26 2.70 3.07 1.17 0.95 1.97 3.29 3.14 3.14 3.58 3.07 2.92 2.99 3.72 3.52 2.34 2.64 0.00 0.00 0.00 0.00 0.00 0.00 0.81
0.80 1.53 0.00 0.00 0.00 3.72 3.58 3.50 3.87 4.23 4.82 4.45 4.45 4.82 4.82 4.60 3.94 5.40 5.40 4.60 3.72 2.92 3.36 3.94 3.94 0.00 0.00 0.00 2.99 0.00 2.19 0.00 0.00 0.00 0.00 0.00 0.00 0.00 0.00 0.00 0.00 0.00 0.00 0.00 0.00 0.00 0.00 0.00 0.00 0.00 0.00 0.00 0.00 0.00 0.00 0.00 0.00 0.00 1.24 1.97 1.83 2.04 2.12 1.17 0.00 0.00 1.31 1.17 1.17 1.46 1.02 3.36 4.23 5.69 4.45 3.82 5.02 1.76 0.00 0.00 0.00 0.00 0.00 0.00
1.53 1.02 0.00 0.00 0.00 0.00 0.00 0.00 4.16 4.16 4.31 4.53 4.38 4.45 4.89 4.53 3.87 3.07 3.07 0.00 0.00 0.00 0.00 2.99 3.14 2.77 3.14 2.63 0.00 0.00 0.00 0.00 0.00 0.00 0.00 0.00 0.00 0.00 0.00 0.00 0.00 0.00 0.00 0.00 0.00 0.00 0.00 0.00 0.00 0.00 0.00 0.00 0.00 0.00 0.00 1.97 0.44 0.66 1.02 0.88 1.90 1.46 1.31 1.83 0.00 0.00 0.00 0.00 0.00 0.00 0.51 2.85 5.48 7.81 9.86 5.72 4.65 4.89 3.33 0.00 0.00 0.00 0.00 0.00
1.10 1.53 1.17 1.83 0.00 3.50 0.00 0.00 0.00 4.16 4.53 4.45 4.31 3.80 4.45 5.04 4.31 0.00 0.00 0.00 0.00 0.00 0.00 2.92 2.92 2.12 0.00 0.00 2.56 0.00 0.00 0.00 0.00 0.00 0.00 0.00 1.02 0.00 1.10 0.00 0.00 0.00 0.00 0.00 0.00 0.00 0.00 0.00 0.00 0.00 0.00 0.00 0.00 0.00 0.00 1.24 1.39 0.73 0.44 0.66 1.75 2.34 1.68 2.04 0.88 1.39 2.34 1.46 1.46 0.51 2.56 5.91 8.69 10.44 12.05 9.13 6.28 6.42 4.09 3.67 3.29 0.00 0.00 0.00
1.02 1.31 1.24 0.80 0.00 3.58 2.85 0.00 0.00 0.00 4.31 0.00 3.21 4.31 4.02 4.89 4.60 0.00 0.00 0.00 0.00 0.00 0.00 0.00 2.63 2.56 0.00 0.00 0.00 0.00 2.48 0.00 0.00 0.00 0.00 0.00 0.00 1.02 0.37 0.00 0.00 0.00 0.00 0.00 0.00 0.00 0.00 0.00 0.00 0.00 0.00 0.00 0.00 0.00 0.00 2.04 0.95 0.73 0.66 0.80 2.34 2.34 3.29 3.50 6.79 2.99 6.20 4.89 4.89 1.97 2.48 3.72 7.15 11.39 14.24 11.61 9.27 8.32 5.69 3.94 4.16 4.60 3.65 0.00
0.00 0.66 0.37 0.88 2.26 0.00 0.00 0.00 3.58 0.00 0.00 0.00 0.00 4.60 4.60 4.31 0.00 0.00 0.00 3.29 3.43 0.00 1.83 0.00 0.00 0.00 3.36 3.14 3.07 0.00 0.00 0.00 0.00 0.00 1.75 0.00 0.00 0.00 0.00 0.88 0.00 0.44 0.44 0.44 0.00 0.00 0.00 0.00 0.00 0.00 0.00 0.00 0.00 0.00 0.00 0.00 0.80 0.37 0.58 2.34 2.63 3.50 4.74 5.18 8.47 5.99 6.06 7.01 7.01 5.11 4.31 4.67 4.74 9.34 12.34 12.63 8.76 9.49 7.01 4.60 4.89 6.13 5.11 3.14
0.95 0.51 0.95 1.02 1.68 1.53 2.19 3.50 3.36 0.00 4.02 3.94 0.00 0.00 0.00 3.80 0.00 0.00 0.00 4.45 0.00 0.00 3.50 0.00 0.00 2.85 3.87 3.14 2.85 0.00 0.00 0.00 0.00 0.00 0.00 0.00 0.00 0.00 0.22 0.58 0.00 0.00 0.22 0.22 0.00 0.00 0.00 0.00 0.07 0.00 0.00 0.00 0.00 0.00 4.60 3.94 4.89 1.46 1.75 2.70 2.79 4.25 5.49 7.08 7.74 5.62 7.52 6.64 6.64 7.23 8.83 7.30 6.79 6.79 7.88 8.18 9.42 9.27 6.50 6.57 6.06 5.84 4.31 0.00
1.31 1.39 1.46 1.53 1.17 2.34 2.70 0.00 0.00 2.77 0.00 0.00 0.00 0.00 0.00 0.00 0.00 0.00 0.00 4.23 0.00 4.09 3.94 0.00 0.00 0.00 2.85 2.19 2.41 2.41 0.00 0.00 0.00 3.65 2.19 0.00 1.53 1.68 0.00 0.00 2.41 2.41 0.51 0.51 0.37 1.31 1.83 0.80 0.51 0.00 2.63 0.00 2.56 2.04 7.01 5.11 6.64 6.79 10.00 9.20 5.99 4.31 4.39 7.23 7.01 4.96 4.82 3.36 3.36 4.67 9.56 8.47 8.91 6.86 5.26 8.83 9.78 9.42 7.23 7.45 3.72 0.00 0.00 0.00
1.24 1.39 1.75 0.00 1.97 2.92 0.00 0.00 0.00 2.56 2.26 0.00 0.00 0.00 0.00 0.00 0.00 3.50 3.50 3.36 3.50 0.00 0.00 0.00 0.00 0.00 0.00 0.00 0.00 0.00 0.00 0.00 0.00 0.00 0.00 0.00 1.10 0.00 2.77 3.50 2.48 1.31 2.19 2.19 1.75 1.53 1.02 1.46 1.83 2.19 2.70 2.12 2.48 4.31 3.87 3.65 5.84 8.25 10.00 7.45 6.50 5.33 7.08 6.72 6.08 3.43 3.65 2.99 2.99 4.09 8.69 5.62 6.94 7.74 7.01 7.88 9.78 7.96 6.20 3.94 2.63 0.00 0.00 0.00
1.68 1.17 0.00 0.00 0.00 0.00 0.00 0.00 0.00 0.00 2.77 0.00 0.00 2.77 2.85 0.00 0.00 0.00 0.00 0.00 2.41 0.00 0.00 0.00 0.00 0.00 0.00 0.00 0.00 1.17 0.00 0.00 0.00 0.00 0.00 0.00 0.00 0.00 0.00 0.00 2.19 2.99 1.83 1.83 2.48 1.97 2.26 2.48 1.61 3.07 2.56 1.17 1.75 2.04 2.12 5.55 5.11 8.40 9.64 8.47 7.74 7.01 8.54 8.83 4.06 4.87 5.40 5.77 5.77 4.16 4.23 3.65 5.11 6.42 6.50 5.91 7.96 6.64 6.06 0.00 0.00 0.00 0.00 0.00
2.04 0.73 1.68 1.75 0.00 0.00 0.00 0.00 1.10 0.88 0.73 1.46 0.00 0.00 2.04 1.97 0.00 0.00 0.00 0.00 0.00 1.46 0.00 0.00 0.00 0.00 3.21 2.41 1.17 1.17 0.95 1.75 1.31 0.00 1.39 0.00 0.66 0.00 0.00 0.00 2.48 0.00 3.58 3.58 1.68 2.48 2.41 2.12 3.14 3.50 3.58 0.95 2.34 1.90 3.72 3.72 6.20 7.37 7.78 8.55 7.74 7.74 9.16 9.93 3.26 4.06 8.91 6.06 6.06 5.04 3.65 4.74 5.26 5.18 4.16 5.33 5.62 6.57 0.00 0.00 0.00 0.00 0.00 0.00
1.61 1.75 1.83 1.53 1.53 0.00 0.00 0.51 0.80 0.44 0.00 0.00 0.00 0.00 0.00 0.00 0.95 2.04 2.04 1.83 1.24 0.00 1.75 0.00 0.00 2.12 1.46 0.66 0.29 1.17 0.51 0.00 0.88 0.80 1.10 1.02 0.00 0.00 0.00 0.00 0.00 0.00 1.24 1.24 3.21 0.44 2.70 4.16 2.77 3.80 4.53 4.82 5.48 2.56 7.08 4.02 7.15 10.29 6.86 7.88 8.50 7.96 8.85 11.10 5.77 6.94 8.30 8.33 8.07 5.36 5.04 5.33 5.18 4.38 4.38 5.26 0.00 5.69 0.00 0.00 0.00 0.00 0.00 0.00
1.31 1.17 1.39 1.10 0.95 0.00 0.00 0.73 1.10 1.10 0.22 0.07 0.00 0.80 0.00 0.88 1.39 1.68 1.68 2.70 1.97 0.00 0.00 0.00 0.00 0.00 1.46 0.15 0.95 0.00 0.00 0.00 0.00 0.00 0.00 0.95 0.37 0.00 0.00 0.00 0.00 0.00 0.00 0.00 1.24 0.58 2.56 2.92 2.41 2.41 5.33 6.64 10.00 10.15 10.22 5.04 9.86 14.53 12.24 8.92 10.59 8.18 9.24 7.22 0.00 5.74 6.28 6.13 6.16 7.18 3.74 3.21 4.16 3.29 3.52 0.00 0.00 0.00 0.00 0.00 0.00 0.00 0.00 0.00
1.10 1.10 1.39 0.58 1.02 1.24 1.31 1.24 1.39 1.39 0.07 0.00 0.37 0.00 0.51 1.02 1.24 1.17 1.17 1.68 2.19 1.24 0.00 0.00 0.00 0.00 0.00 0.00 0.00 0.00 0.00 0.00 0.00 0.00 0.00 0.00 0.00 0.00 0.00 0.00 0.00 0.00 0.00 0.00 0.00 0.00 0.51 2.77 2.04 4.23 5.33 5.40 6.06 10.37 10.07 16.28 19.27 17.16 19.71 14.53 8.18 10.55 6.41 2.26 0.00 0.00 4.12 4.02 4.02 0.00 0.00 3.59 4.92 4.15 2.86 0.00 0.00 0.00 0.00 0.00 0.00 0.00 0.00 0.00
1.31 1.24 0.66 1.10 0.58 1.02 1.46 0.00 0.51 0.80 0.00 0.00 0.00 0.00 0.07 0.58 0.37 0.80 0.80 0.44 1.61 1.75 0.73 0.00 0.00 0.00 0.00 0.00 0.15 0.00 0.00 0.00 0.00 0.00 0.00 0.00 0.00 0.00 0.00 0.00 0.00 0.00 0.00 0.00 0.00 0.00 2.04 2.70 2.85 3.58 5.55 6.42 7.96 9.42 10.95 17.23 21.26 20.88 24.09 19.93 14.89 14.04 7.95 0.00 0.00 2.92 0.00 0.00 0.00 0.00 0.00 2.95 4.67 4.70 3.48 3.23 3.21 0.00 0.00 0.00 0.00 0.00 3.82 4.01
1.75 1.97 1.10 1.97 0.22 1.02 1.46 0.00 0.00 0.22 0.07 0.00 0.00 0.00 0.00 0.00 0.00 0.00 0.00 0.80 1.31 0.88 0.00 0.00 0.00 0.00 0.51 0.00 0.00 0.00 0.00 0.00 0.00 0.07 0.00 0.00 0.00 0.00 0.00 0.00 0.00 0.00 0.00 0.00 0.00 1.97 1.10 1.90 2.56 5.77 9.93 8.03 9.76 8.13 11.70 11.64 19.64 22.34 22.12 23.80 20.22 14.60 9.45 0.00 0.00 0.00 0.00 0.00 0.00 0.00 0.00 0.00 4.68 4.35 6.10 4.09 2.76 2.12 0.00 0.00 0.00 5.57 5.37 0.00
3.07 2.99 2.77 3.29 1.39 1.39 1.68 1.10 1.10 0.22 0.51 0.00 0.00 0.00 0.00 0.00 0.00 0.00 0.00 0.00 0.66 1.53 0.37 0.00 0.00 0.00 0.00 1.10 0.00 0.00 0.00 0.00 0.44 0.00 0.00 0.00 0.00 0.00 0.00 0.00 0.00 0.00 0.00 0.00 0.00 0.00 3.58 1.83 8.83 9.71 11.46 9.56 8.03 8.03 16.29 16.03 17.67 21.86 16.90 19.84 20.62 11.74 10.10 0.00 0.00 0.00 1.80 0.00 0.00 0.00 0.00 0.00 3.90 5.71 5.50 5.28 3.43 1.83 0.00 0.00 3.71 5.75 5.59 4.47
3.58 3.29 2.99 4.02 1.97 2.12 2.77 1.75 1.68 1.39 1.97 0.51 0.00 0.00 0.00 0.00 0.00 0.00 0.00 0.00 0.00 0.07 0.00 0.00 0.00 0.00 0.44 0.66 1.17 0.00 0.00 0.00 0.00 0.00 0.00 0.00 0.00 0.00 0.00 0.00 0.00 0.00 0.00 0.00 0.00 2.63 4.02 7.45 8.03 10.29 10.95 12.26 9.64 9.17 16.91 17.20 14.08 16.21 13.24 13.48 9.55 8.44 8.96 2.09 0.16 0.58 1.06 0.00 0.00 0.00 0.00 0.00 2.99 4.92 3.72 4.26 4.74 0.00 0.00 0.00 2.48 4.14 5.47 4.99
4.45 3.87 1.75 3.29 3.65 2.70 4.02 3.87 3.43 3.21 1.39 1.02 0.00 0.66 0.00 0.00 0.00 0.00 0.00 0.00 0.00 0.00 0.00 0.00 0.51 1.31 1.02 0.80 0.66 0.00 0.00 0.00 0.00 0.00 0.95 0.00 0.00 0.00 0.00 0.00 0.37 1.17 1.75 1.75 2.56 5.77 3.50 4.89 10.80 13.03 14.37 12.75 11.08 8.50 7.11 12.55 10.51 10.07 9.24 8.10 8.22 8.68 6.34 2.41 1.63 1.19 0.00 0.00 0.00 0.00 0.00 0.00 1.75 3.26 3.89 3.87 0.76 1.13 0.00 0.00 0.00 3.45 4.76 3.65
7.15 5.48 7.37 6.86 5.91 6.13 6.94 6.94 4.09 2.99 0.00 0.00 2.41 1.83 0.44 0.00 0.22 0.37 0.37 0.80 0.37 0.44 0.51 0.37 0.80 0.73 0.66 0.15 0.15 0.00 0.66 0.00 0.00 1.10 1.31 1.10 0.88 1.31 2.19 0.73 0.29 0.07 1.39 1.39 5.77 7.81 10.73 12.34 12.63 13.58 10.46 12.75 9.36 13.67 9.00 8.85 10.44 9.63 12.23 11.15 11.37 10.44 4.79 4.21 2.85 0.81 1.00 0.37 0.37 0.00 0.00 1.74 3.99 5.35 6.89 3.58 1.06 0.00 0.00 0.00 0.00 0.00 0.00 3.61
9.64 8.83 8.76 7.59 7.88 8.61 7.45 4.67 0.00 0.00 0.00 0.00 0.00 1.75 2.12 0.88 0.29 0.80 0.80 0.51 0.22 0.22 0.22 0.00 0.44 0.80 0.07 0.88 0.00 0.00 0.00 0.00 0.00 0.88 1.10 1.90 1.90 1.31 1.39 1.53 0.07 0.00 0.51 0.51 4.23 8.10 7.45 11.68 11.29 10.27 10.39 6.27 5.90 10.93 12.73 10.74 10.71 7.81 9.97 13.73 11.58 14.68 5.89 3.91 1.83 0.29 2.20 1.47 1.44 0.73 0.00 0.00 2.90 4.87 6.21 4.09 2.14 0.00 0.00 0.00 0.00 0.00 0.00 3.04
8.32 9.27 6.79 4.23 8.25 8.54 8.03 5.84 0.00 0.00 0.00 0.00 0.00 1.39 1.39 1.17 1.31 1.97 1.97 1.17 1.10 0.07 0.00 0.44 0.00 0.00 0.00 0.00 0.00 0.00 0.00 0.00 0.00 0.00 0.00 0.73 0.95 2.70 0.00 0.00 0.00 1.24 0.29 0.29 1.31 5.62 8.83 8.70 11.68 11.31 10.72 7.44 7.48 11.89 14.01 13.74 9.73 8.33 8.36 13.05 14.68 16.76 8.83 6.79 4.53 2.01 1.56 0.81 0.90 0.00 0.00 0.00 2.31 4.79 6.59 5.60 3.29 1.68 0.00 0.00 0.00 0.00 3.14 3.22
4.53 5.55 3.50 5.91 4.67 7.81 8.47 7.63 4.74 0.00 0.00 0.00 0.00 0.22 1.68 1.97 1.97 1.61 1.61 2.04 1.75 1.02 0.58 0.00 0.88 0.00 0.00 0.00 0.00 0.00 0.00 0.00 0.00 0.00 0.00 0.58 0.00 0.00 0.00 0.00 0.00 0.00 0.00 0.00 0.07 2.34 6.42 7.63 9.27 10.87 12.49 9.92 13.71 14.79 13.18 12.78 7.80 7.61 6.06 10.25 14.51 9.28 9.90 10.15 8.54 5.72 4.57 3.53 3.40 2.16 1.96 0.00 0.00 3.23 6.73 5.91 5.34 2.22 0.00 0.00 0.00 0.00 6.14 5.95
0.00 0.00 0.00 0.00 0.00 4.67 8.32 10.15 8.91 6.06 3.50 2.19 0.44 0.00 0.00 0.80 0.58 0.88 0.88 1.68 2.12 1.17 0.00 0.44 0.00 0.00 0.00 0.00 0.00 0.00 0.00 0.00 0.00 0.00 0.00 0.00 0.00 0.00 0.00 0.00 0.00 0.00 0.00 0.00 1.46 1.24 3.29 7.74 9.71 12.41 11.93 9.40 14.13 10.65 9.51 9.19 6.56 7.19 7.02 9.03 11.27 7.03 7.22 10.07 9.98 7.68 8.28 6.19 6.22 4.01 5.27 1.61 0.00 4.87 4.07 3.63 4.10 1.10 0.00 0.00 0.00 4.00 9.64 5.52
0.00 0.00 0.00 0.00 0.00 7.01 9.05 9.56 9.78 9.56 6.28 3.80 1.68 1.02 0.00 0.00 0.37 1.46 1.46 0.58 0.88 0.00 0.00 0.00 0.00 0.00 0.00 0.00 0.00 0.00 0.00 0.00 0.00 0.00 0.00 0.00 0.00 0.00 0.00 0.00 0.00 0.00 0.00 0.00 0.00 0.00 2.13 7.15 4.82 10.01 15.05 10.58 15.02 9.96 8.07 9.09 0.00 6.46 5.55 8.43 12.73 3.10 4.60 6.32 7.86 10.02 8.94 8.32 9.73 5.95 2.92 0.00 2.97 1.67 0.00 3.67 1.87 1.10 0.85 0.00 0.00 7.99 9.49 6.42
0.00 0.00 0.00 0.00 0.00 0.00 7.08 8.83 9.78 7.01 3.94 2.85 2.92 0.73 1.97 5.91 5.40 0.00 0.00 0.66 0.00 0.00 0.00 0.00 0.00 0.00 0.00 0.00 0.00 0.00 0.00 0.00 0.00 0.00 0.00 0.00 0.00 0.00 0.00 0.00 0.00 0.00 0.00 0.00 0.00 0.00 0.15 2.28 7.89 6.61 9.02 10.44 9.71 9.01 10.90 11.65 0.00 0.00 8.60 9.33 13.20 0.00 2.02 7.06 9.28 7.96 9.49 7.96 8.91 5.93 4.53 2.83 3.25 0.00 0.00 3.46 3.07 1.61 2.54 0.00 5.31 4.65 8.41 6.48
0.00 0.00 0.00 0.00 0.00 0.00 0.00 5.18 8.47 6.64 4.96 4.38 5.48 4.45 4.82 6.15 7.59 6.20 6.20 0.00 0.44 0.00 0.00 0.00 0.00 0.00 0.00 0.00 0.00 0.00 0.00 0.00 0.00 0.00 0.00 0.00 0.00 0.00 0.00 0.00 0.00 0.00 0.00 0.00 0.00 0.00 0.00 1.65 4.74 6.33 7.94 8.13 7.66 8.15 6.93 0.00 0.00 0.00 0.00 0.00 12.12 0.00 0.00 5.43 7.30 5.46 10.49 8.03 8.20 7.76 4.06 4.16 3.52 1.18 0.00 4.78 4.24 3.38 2.51 0.00 0.00 0.00 0.00 7.35
0.00 0.00 0.00 0.00 0.00 0.00 0.00 0.00 0.00 5.62 3.50 3.58 5.33 4.67 4.60 6.31 5.26 8.79 8.20 5.48 3.07 2.26 0.00 0.00 0.00 0.00 0.00 0.00 0.00 0.00 0.00 0.00 0.00 0.00 0.00 0.00 0.15 0.00 0.00 1.53 2.26 0.00 0.00 0.00 0.00 0.07 0.00 0.93 3.84 7.97 8.90 13.74 14.25 0.00 0.00 0.00 0.00 0.00 0.00 0.00 0.00 0.00 0.00 0.00 6.29 8.95 8.27 6.17 7.54 6.29 5.67 3.72 3.60 2.84 0.00 6.24 6.22 3.84 2.74 0.00 0.00 0.00 0.00 0.00
0.00 0.00 0.00 0.00 0.00 0.00 0.00 0.00 0.00 0.00 0.00 0.00 0.00 0.00 0.00 0.00 0.00 4.74 4.81 5.55 3.43 6.50 5.18 3.14 5.18 4.96 5.11 0.00 1.10 0.00 0.00 5.26 0.00 0.00 3.21 7.15 4.74 7.96 7.23 5.65 5.49 5.68 6.06 6.06 1.17 3.50 0.73 3.08 1.85 0.00 0.00 0.00 0.00 0.00 0.00 0.00 0.00 0.00 0.00 0.00 0.00 0.00 0.00 0.00 0.00 0.00 3.26 4.33 4.84 0.00 0.00 0.00 3.10 0.00 0.00 0.00 3.92 0.00 0.00 0.00 0.00 0.00 0.00 0.00
0.00 0.00 0.00 0.00 0.00 0.00 0.00 0.00 0.00 0.00 0.00 0.00 0.00 0.00 0.00 0.00 0.00 0.00 0.00 0.00 0.00 5.60 4.89 5.48 5.04 7.14 7.41 5.55 5.18 0.00 5.84 8.69 7.23 3.21 5.40 6.57 9.20 10.29 7.37 4.53 3.61 4.70 7.37 8.24 7.08 6.86 4.16 2.10 5.50 0.00 0.00 0.00 0.00 0.00 0.00 0.00 0.00 0.00 0.00 0.00 0.00 0.00 0.00 0.00 0.00 0.00 0.00 0.00 0.00 0.00 0.00 0.00 0.00 0.00 0.00 0.00 0.00 0.00 0.00 0.00 0.00 0.00 0.00 0.00
0.00 0.00 0.00 0.00 0.00 0.00 0.00 0.00 0.00 0.00 0.00 0.00 0.00 0.00 0.00 0.00 0.00 0.00 0.00 0.00 0.00 4.38 0.00 2.77 3.14 5.65 5.88 5.40 5.04 8.03 9.42 11.75 7.26 6.13 5.40 0.00 0.00 6.86 3.80 5.69 4.20 0.00 2.72 3.46 8.55 6.92 7.26 0.00 0.00 0.00 0.00 0.00 0.00 0.00 0.00 0.00 0.00 0.00 0.00 0.00 0.00 0.00 0.00 0.00 0.00 0.00 0.00 0.00 0.00 0.00 0.00 0.00 0.00 0.00 0.00 0.00 0.00 0.00 0.00 0.00 0.00 0.00 0.00 0.00
0.00 0.00 0.00 0.00 0.00 0.00 0.00 0.00 0.00 0.00 0.00 0.00 0.00 0.00 0.00 0.00 0.00 0.00 0.00 0.00 0.00 0.00 0.00 0.00 0.00 0.00 0.00 4.16 4.53 4.38 0.00 12.19 11.83 0.00 0.00 0.00 0.00 0.00 0.00 0.00 0.00 0.00 4.69 5.36 0.00 8.33 0.00 0.00 0.00 0.00 0.00 0.00 0.00 0.00 0.00 0.00 0.00 0.00 0.00 0.00 0.00 0.00 0.00 0.00 0.00 0.00 0.00 0.00 0.00 0.00 0.00 0.00 0.00 0.00 0.00 0.00 0.00 0.00 0.00 0.00 0.00 0.00 0.00 0.00
