Wansh/Snow_depth/snowdepth-1993/spring/1993071.txt
ncols 321
nrows 161
xllcenter 60
yllcenter 15 
cellsize  0.25 
NODATA_value -1
[rows 0 to 36 of 161, columns 84 to 167 of 321]
10.59 7.81 8.54 8.10 7.81 10.22 9.56 9.86 7.01 8.03 7.45 8.76 8.47 11.68 14.75 14.09 16.64 15.77 15.77 20.59 16.64 16.79 13.36 7.96 8.91 4.02 4.82 1.68 1.10 1.83 5.55 4.67 10.88 15.55 14.60 18.40 21.32 20.51 21.39 20.44 20.37 18.18 19.05 19.05 13.21 10.51 5.62 6.42 4.31 7.23 6.50 8.61 7.15 6.20 8.03 10.00 10.95 7.37 5.91 6.28 5.69 3.72 3.72 3.58 3.58 3.58 5.91 8.47 8.47 7.96 11.61 16.43 15.70 14.97 15.77 13.80 14.16 13.58 17.67 18.69 19.27 17.30 16.21 6.20
11.24 8.91 8.10 7.74 9.86 9.42 10.73 11.53 11.02 12.92 8.91 8.76 8.10 7.74 7.01 13.43 12.70 18.25 18.25 21.68 19.86 22.27 21.90 14.02 6.50 7.74 2.77 2.99 1.97 0.51 0.58 2.04 5.48 4.31 4.82 5.84 5.62 9.56 13.29 12.34 17.96 19.86 19.64 19.64 15.62 8.18 9.78 4.38 4.23 2.77 3.50 4.23 0.00 0.00 3.72 6.06 5.84 7.52 5.18 5.91 9.49 4.89 10.15 9.93 10.07 11.02 11.97 11.68 11.68 13.94 14.60 14.60 15.26 18.25 18.25 21.32 23.21 22.19 20.00 20.51 18.91 17.45 17.81 16.94
8.76 9.05 7.52 9.34 9.49 10.22 8.83 12.48 14.45 14.45 11.39 9.78 7.88 6.42 5.84 5.77 5.69 5.48 5.48 15.48 19.13 18.40 22.05 17.59 19.13 10.07 11.46 4.23 2.70 2.12 2.56 1.17 2.41 5.18 4.96 6.06 7.96 11.39 11.24 16.86 19.42 19.64 22.70 22.70 25.19 25.92 17.74 6.94 8.03 10.44 0.00 0.00 0.00 0.00 0.00 4.09 4.23 6.94 7.59 9.13 9.64 14.89 16.57 13.21 16.86 13.29 13.80 15.62 15.62 15.48 15.33 15.11 15.33 17.08 18.18 21.53 24.89 25.99 23.87 24.45 22.34 23.80 23.29 22.85
8.76 9.05 7.52 9.34 9.49 10.22 8.83 12.48 14.45 14.45 11.39 9.78 7.88 6.42 5.84 5.77 5.69 5.48 5.48 15.48 19.13 18.40 22.05 17.59 19.13 10.07 11.46 4.23 2.70 2.12 2.56 1.17 2.41 5.18 4.96 6.06 7.96 11.39 11.24 16.86 19.42 19.64 22.70 22.70 25.19 25.92 17.74 6.94 8.03 10.44 0.00 0.00 0.00 0.00 0.00 4.09 4.23 6.94 7.59 9.13 9.64 14.89 16.57 13.21 16.86 13.29 13.80 15.62 15.62 15.48 15.33 15.11 15.33 17.08 18.18 21.53 24.89 25.99 23.87 24.45 22.34 23.80 23.29 22.85
8.91 7.15 7.23 8.10 10.37 7.74 8.61 9.42 8.69 11.17 11.39 10.29 10.29 10.22 10.37 6.20 6.50 5.18 5.18 5.18 6.28 8.18 7.37 11.83 13.51 15.04 6.28 2.99 3.07 3.07 2.99 2.63 2.41 1.97 5.69 8.47 8.32 9.42 13.21 12.41 16.13 18.83 17.01 17.01 22.12 22.05 22.85 23.87 15.70 0.00 0.00 0.00 0.00 0.00 0.00 2.77 1.90 7.01 3.94 10.29 13.29 12.78 15.99 16.72 16.79 18.18 18.91 18.83 18.83 17.30 15.26 16.35 15.84 15.55 15.26 18.76 23.36 22.34 23.73 19.27 21.10 21.90 24.24 24.89
10.44 10.51 13.72 10.00 11.68 12.19 8.98 8.76 9.93 9.27 11.24 10.73 10.59 11.02 11.17 10.80 11.90 9.42 9.42 7.30 6.20 6.13 7.37 6.86 9.49 7.59 4.02 4.02 2.92 2.77 2.48 2.63 2.77 4.09 6.13 7.30 7.30 4.02 1.53 2.85 6.50 5.40 9.86 9.86 16.50 9.71 10.15 15.33 11.02 0.00 0.00 0.00 0.00 0.00 0.00 0.00 3.87 5.99 4.31 11.10 10.80 15.11 18.91 18.40 19.93 19.56 19.42 17.01 17.01 17.81 14.97 16.06 17.74 15.04 16.35 14.31 14.97 13.29 15.48 14.38 18.76 23.21 22.78 18.03
11.97 11.32 13.80 14.16 14.09 14.67 14.75 14.67 12.19 11.61 11.39 9.86 6.50 7.08 10.00 10.07 11.39 12.78 12.78 11.75 12.92 10.29 6.20 5.91 5.99 5.91 3.65 2.34 2.34 1.75 2.26 2.19 3.36 5.26 4.89 7.15 5.40 6.35 1.46 1.97 0.00 0.00 2.99 2.99 0.00 5.26 0.00 0.00 0.00 0.00 0.00 0.00 0.00 0.00 0.00 5.11 6.64 9.49 9.49 12.05 14.89 14.38 18.91 20.59 20.73 20.73 18.18 18.69 18.69 17.01 16.28 16.28 17.16 17.59 17.45 16.94 17.59 15.99 14.60 14.24 14.45 20.88 19.56 16.64
11.97 11.32 13.80 14.16 14.09 14.67 14.75 14.67 12.19 11.61 11.39 9.86 6.50 7.08 10.00 10.07 11.39 12.78 12.78 11.75 12.92 10.29 6.20 5.91 5.99 5.91 3.65 2.34 2.34 1.75 2.26 2.19 3.36 5.26 4.89 7.15 5.40 6.35 1.46 1.97 0.00 0.00 2.99 2.99 0.00 5.26 0.00 0.00 0.00 0.00 0.00 0.00 0.00 0.00 0.00 5.11 6.64 9.49 9.49 12.05 14.89 14.38 18.91 20.59 20.73 20.73 18.18 18.69 18.69 17.01 16.28 16.28 17.16 17.59 17.45 16.94 17.59 15.99 14.60 14.24 14.45 20.88 19.56 16.64
14.31 13.29 14.45 13.87 13.87 14.60 14.67 13.36 12.99 10.07 8.83 9.56 4.96 5.18 4.16 5.26 6.35 9.93 9.93 11.83 11.39 12.19 8.03 8.76 3.87 2.04 1.68 1.68 1.68 1.68 1.68 0.00 3.14 2.70 6.72 9.34 9.13 6.86 4.16 4.67 0.00 0.00 0.00 0.00 0.00 0.00 0.00 0.00 3.29 0.00 0.00 6.35 6.72 0.00 3.72 7.74 9.78 9.64 11.10 12.63 12.41 14.31 15.62 15.48 16.94 18.40 19.86 17.37 17.37 16.86 17.23 17.30 19.13 18.76 17.96 18.47 17.45 17.52 16.43 18.98 15.26 13.94 14.02 15.11
15.11 14.24 12.85 12.99 13.07 10.00 10.44 11.46 8.10 8.40 5.91 3.58 3.58 3.21 4.16 4.02 5.33 7.08 7.08 6.79 9.64 10.07 10.07 4.23 5.04 2.19 1.83 1.83 1.75 1.31 0.00 1.90 1.97 5.69 4.53 8.32 7.81 7.08 7.37 4.82 0.00 0.00 0.00 0.00 4.53 3.21 0.00 0.00 2.99 6.28 7.52 9.78 9.64 9.42 12.99 6.35 10.88 11.02 11.17 12.19 14.60 14.24 15.11 15.70 15.40 17.16 17.16 17.52 17.52 17.52 17.37 18.98 18.47 19.05 20.88 21.46 21.10 23.94 22.63 23.58 19.20 16.72 9.34 9.13
13.72 11.61 12.05 8.61 8.10 8.69 5.11 3.65 3.72 5.33 5.18 4.23 3.65 4.02 0.00 5.40 5.33 6.57 6.57 9.34 8.47 9.93 5.62 6.72 2.70 2.63 2.48 0.95 1.83 2.19 2.19 1.53 3.43 1.68 4.60 6.20 5.91 6.86 5.69 6.86 7.37 5.48 5.55 5.55 4.31 5.99 5.91 4.82 7.08 11.32 13.36 17.01 10.00 14.09 14.97 14.16 16.21 16.43 17.45 16.43 16.50 16.13 15.91 15.40 16.21 16.79 17.59 17.59 17.59 20.44 21.90 21.68 21.10 22.78 22.85 22.34 24.24 28.18 26.86 27.01 20.37 20.29 10.88 9.42
13.72 11.61 12.05 8.61 8.10 8.69 5.11 3.65 3.72 5.33 5.18 4.23 3.65 4.02 0.00 5.40 5.33 6.57 6.57 9.34 8.47 9.93 5.62 6.72 2.70 2.63 2.48 0.95 1.83 2.19 2.19 1.53 3.43 1.68 4.60 6.20 5.91 6.86 5.69 6.86 7.37 5.48 5.55 5.55 4.31 5.99 5.91 4.82 7.08 11.32 13.36 17.01 10.00 14.09 14.97 14.16 16.21 16.43 17.45 16.43 16.50 16.13 15.91 15.40 16.21 16.79 17.59 17.59 17.59 20.44 21.90 21.68 21.10 22.78 22.85 22.34 24.24 28.18 26.86 27.01 20.37 20.29 10.88 9.42
7.59 8.98 7.59 7.96 5.11 3.36 4.31 3.29 0.00 0.00 4.96 5.40 5.18 0.00 0.00 0.00 0.00 0.00 0.00 0.00 10.07 11.32 7.66 3.94 4.09 3.14 0.95 1.53 1.17 3.07 3.21 3.36 3.80 8.98 9.56 9.71 11.83 10.22 9.27 9.56 8.47 10.15 9.64 9.64 8.10 7.08 6.64 7.23 9.93 12.56 18.10 18.98 21.10 12.85 20.44 16.43 17.89 19.42 19.56 17.37 16.64 17.01 16.35 17.01 17.01 16.72 16.79 20.37 20.37 19.71 21.97 23.94 24.02 24.24 25.62 27.59 27.81 27.74 27.74 24.67 21.97 22.70 18.32 17.23
7.74 7.59 6.94 4.82 5.26 3.14 0.00 2.85 0.00 0.00 0.00 0.00 0.00 0.00 0.00 0.00 0.00 10.44 10.44 9.56 9.86 8.25 7.59 7.52 6.06 4.38 4.74 4.67 6.50 10.37 9.78 12.41 12.34 12.41 12.41 13.21 15.70 13.87 15.70 13.80 12.12 12.85 11.53 11.53 14.82 12.19 11.39 13.72 11.61 14.53 17.96 19.05 19.71 19.71 21.32 24.45 23.87 24.16 17.45 12.92 13.43 13.58 15.62 17.52 18.10 18.61 18.40 18.25 18.25 20.29 22.92 22.56 24.16 24.89 25.84 26.79 25.77 19.78 21.61 16.64 20.22 18.69 18.25 18.18
0.00 0.00 0.00 0.00 0.00 0.00 0.00 0.00 0.00 0.00 0.00 0.00 6.20 8.91 8.40 10.95 12.63 12.12 12.12 9.78 8.76 9.13 8.32 7.74 5.77 6.13 5.62 7.66 7.23 11.02 13.87 13.51 14.38 15.40 14.38 14.31 14.67 14.31 13.80 16.94 17.16 17.16 17.37 17.37 16.13 15.70 15.70 14.53 14.09 14.16 16.06 15.62 17.52 22.05 25.04 24.45 25.99 19.27 21.24 11.90 10.95 10.59 12.85 15.62 18.32 17.74 19.05 19.64 19.64 19.56 20.66 21.24 21.32 22.70 22.78 24.82 19.93 5.18 0.00 7.30 16.13 11.10 17.45 15.48
0.00 0.00 0.00 0.00 0.00 0.00 0.00 0.00 0.00 0.00 2.26 4.96 6.13 8.18 9.86 9.64 11.83 12.41 12.41 10.88 11.32 10.44 9.27 9.56 9.20 9.93 9.27 9.42 11.24 14.67 13.94 17.74 16.43 17.23 14.67 14.82 15.04 17.08 16.35 17.45 16.94 16.86 15.40 15.40 14.09 14.75 14.60 14.53 13.21 12.78 14.16 16.35 17.23 16.86 20.59 20.81 18.03 18.03 12.56 11.17 9.20 12.92 12.78 11.39 12.70 16.72 20.08 19.49 19.49 20.88 20.37 20.22 20.95 21.97 24.45 22.27 24.02 12.41 5.69 9.78 19.05 10.29 15.48 15.26
0.00 0.00 0.00 0.00 0.00 0.00 0.00 0.00 0.00 0.00 2.26 4.96 6.13 8.18 9.86 9.64 11.83 12.41 12.41 10.88 11.32 10.44 9.27 9.56 9.20 9.93 9.27 9.42 11.24 14.67 13.94 17.74 16.43 17.23 14.67 14.82 15.04 17.08 16.35 17.45 16.94 16.86 15.40 15.40 14.09 14.75 14.60 14.53 13.21 12.78 14.16 16.35 17.23 16.86 20.59 20.81 18.03 18.03 12.56 11.17 9.20 12.92 12.78 11.39 12.70 16.72 20.08 19.49 19.49 20.88 20.37 20.22 20.95 21.97 24.45 22.27 24.02 12.41 5.69 9.78 19.05 10.29 15.48 15.26
0.00 0.00 0.00 0.00 0.00 0.00 0.00 0.00 0.00 0.00 0.00 3.65 5.84 9.27 8.76 10.00 12.34 11.90 11.90 11.24 10.29 10.29 9.20 8.98 8.83 10.59 10.51 11.02 10.66 13.51 16.13 18.25 18.25 18.83 14.53 14.38 14.09 15.99 13.87 16.72 15.48 15.55 15.99 15.99 12.92 13.94 20.44 19.93 19.56 14.02 21.53 18.32 18.32 20.95 20.59 20.73 17.96 13.87 14.60 12.85 14.97 14.45 15.62 13.94 16.50 15.62 19.56 22.12 22.12 24.82 23.73 23.87 21.39 23.73 23.51 24.02 18.47 6.86 7.01 11.17 14.60 8.47 7.74 6.79
0.00 0.00 0.00 0.00 0.00 0.00 0.00 0.00 0.00 0.00 2.63 4.89 4.31 8.76 9.71 9.27 8.83 10.07 10.07 11.10 10.95 10.37 9.05 9.13 9.64 12.99 14.97 14.82 15.26 14.67 14.75 17.37 19.71 17.08 15.84 15.04 13.58 11.32 7.52 9.34 15.99 14.67 17.23 17.23 19.35 21.97 24.38 18.10 20.81 24.24 25.19 25.19 24.16 24.60 23.51 24.67 21.10 17.81 22.34 17.16 19.13 25.62 24.60 21.53 22.19 20.81 23.58 23.00 23.00 25.99 24.82 20.81 21.46 21.17 21.02 17.37 13.43 11.24 9.93 10.80 4.82 6.79 7.45 8.10
0.00 0.00 0.00 0.00 0.00 0.00 0.00 0.00 0.00 0.00 0.00 3.94 3.80 5.26 6.79 6.35 6.28 7.30 7.30 10.44 10.15 10.66 8.40 8.47 8.03 11.32 14.24 14.24 14.45 14.09 16.06 14.09 17.08 18.69 15.26 12.34 5.33 3.21 5.04 5.84 4.09 12.34 20.81 20.81 22.27 25.70 23.94 25.33 24.38 27.89 27.52 27.96 26.21 24.60 24.97 26.28 27.16 25.62 25.99 23.58 26.13 25.40 27.38 23.73 21.83 22.34 22.63 25.55 25.55 23.07 17.16 19.20 19.56 19.78 15.55 12.41 14.45 11.24 11.68 11.90 5.04 7.23 8.03 10.15
0.00 0.00 0.00 0.00 0.00 0.00 0.00 0.00 0.00 0.00 0.00 0.00 6.28 0.00 0.00 0.00 5.69 5.91 5.91 7.52 9.78 9.05 9.86 9.86 10.73 13.80 14.09 14.67 11.83 8.61 9.71 8.91 14.75 11.90 10.00 3.80 4.96 2.48 0.29 4.82 6.57 7.23 16.28 16.28 12.70 24.02 19.86 18.47 20.95 20.37 21.02 23.51 30.15 28.98 29.42 28.84 30.59 26.72 23.73 24.09 23.58 26.72 25.77 26.72 26.72 25.48 23.58 23.51 23.51 22.70 18.83 12.70 14.60 15.18 15.84 12.99 9.78 11.02 10.59 10.80 4.89 8.98 8.54 9.49
0.00 0.00 0.00 0.00 0.00 0.00 0.00 0.00 8.91 0.00 0.00 7.81 7.81 0.00 0.00 5.33 0.00 6.35 6.35 7.08 9.42 8.76 10.37 11.97 11.90 13.43 15.84 13.94 14.75 11.61 9.05 4.74 5.04 5.91 9.13 6.50 0.29 0.00 0.00 1.31 7.81 7.66 5.40 5.40 4.09 12.56 12.12 11.97 13.80 13.43 13.29 11.61 14.82 19.42 18.18 20.66 18.32 15.99 16.43 16.43 19.27 19.42 22.19 26.57 26.57 26.79 24.89 24.38 24.38 22.34 14.60 15.70 11.97 12.85 11.02 9.64 7.45 8.91 7.45 8.32 6.20 6.42 6.28 7.81
0.00 0.00 0.00 0.00 0.00 0.00 0.00 0.00 8.91 0.00 0.00 7.81 7.81 0.00 0.00 5.33 0.00 6.35 6.35 7.08 9.42 8.76 10.37 11.97 11.90 13.43 15.84 13.94 14.75 11.61 9.05 4.74 5.04 5.91 9.13 6.50 0.29 0.00 0.00 1.31 7.81 7.66 5.40 5.40 4.09 12.56 12.12 11.97 13.80 13.43 13.29 11.61 14.82 19.42 18.18 20.66 18.32 15.99 16.43 16.43 19.27 19.42 22.19 26.57 26.57 26.79 24.89 24.38 24.38 22.34 14.60 15.70 11.97 12.85 11.02 9.64 7.45 8.91 7.45 8.32 6.20 6.42 6.28 7.81
10.66 0.00 0.00 0.00 0.00 0.00 7.15 6.06 10.29 9.86 0.00 0.00 0.00 0.00 0.00 0.00 7.81 7.59 7.59 8.25 8.61 10.80 10.51 12.41 14.24 13.58 13.36 13.36 13.80 9.56 5.99 6.64 4.23 1.68 2.04 0.00 0.00 0.00 0.00 0.00 0.00 2.92 0.00 0.00 0.00 0.51 0.00 0.00 3.80 4.45 5.04 4.45 6.57 11.75 14.53 14.02 13.94 11.97 12.99 12.19 16.79 20.15 21.68 24.24 25.48 25.77 25.04 25.11 25.11 25.04 24.60 25.70 15.40 11.32 10.22 7.52 6.20 6.28 6.20 5.55 3.07 5.84 5.55 4.96
8.61 0.00 4.96 0.00 0.00 0.00 0.00 10.22 10.44 0.00 0.00 0.00 0.00 0.00 0.00 6.79 6.28 9.13 9.13 9.71 11.61 11.17 14.02 11.69 12.47 12.42 12.09 12.78 12.34 12.26 12.78 6.79 1.53 0.22 0.00 0.00 0.00 0.00 0.22 0.07 0.15 0.00 0.00 0.00 0.00 0.00 0.00 0.00 0.00 0.00 0.00 0.00 0.00 3.14 5.84 2.48 4.82 6.72 6.86 12.26 16.50 16.06 18.25 23.51 24.67 24.31 24.31 24.16 24.16 25.48 26.06 23.51 18.40 11.39 12.85 5.77 6.13 6.35 5.77 6.13 3.72 6.42 6.64 6.79
9.20 8.91 6.79 6.64 0.00 0.00 0.00 0.00 0.00 0.00 0.00 0.00 0.00 0.00 0.00 4.67 7.23 6.64 6.64 8.76 10.51 13.29 12.70 13.75 12.79 11.25 12.02 10.84 11.90 13.87 10.00 11.24 7.74 7.66 1.53 0.00 1.02 0.15 1.10 0.95 0.66 0.00 0.00 0.00 0.00 0.00 0.00 0.00 0.00 0.00 0.00 0.00 0.00 0.00 0.00 0.00 3.72 7.45 11.24 10.07 15.62 16.13 17.16 18.40 18.40 19.71 24.31 24.60 24.60 24.09 23.21 23.51 21.10 19.56 13.14 6.64 7.96 6.50 4.89 5.62 5.33 4.53 3.87 4.74
9.05 9.71 9.49 11.90 8.69 0.00 0.00 0.00 0.00 0.00 0.00 0.00 0.00 0.00 0.00 0.00 0.00 5.33 5.33 0.00 5.91 9.56 0.00 7.38 9.15 8.70 11.74 12.68 12.87 13.63 13.21 13.36 10.51 13.58 9.27 4.45 5.40 2.34 2.04 0.80 0.73 0.29 0.00 0.00 0.00 0.00 0.00 0.00 0.00 0.00 0.00 0.00 0.00 0.00 0.00 0.00 0.00 5.48 9.86 12.48 17.89 19.93 18.69 18.91 19.27 18.91 26.94 26.35 26.35 25.48 24.24 21.17 19.93 15.48 15.18 11.02 10.44 7.37 6.06 4.38 6.06 3.80 5.77 9.71
7.88 8.98 8.10 11.17 9.78 10.22 0.00 0.00 0.00 0.00 0.00 0.00 0.00 0.00 0.00 0.00 0.00 0.00 0.00 0.00 0.00 0.00 0.00 0.00 6.00 9.05 9.78 12.30 14.60 16.52 15.33 14.67 15.04 15.48 13.65 13.21 12.34 7.08 3.29 1.90 1.17 0.00 0.07 0.07 0.00 0.00 0.00 0.00 0.00 0.00 0.00 0.00 0.00 0.00 0.00 0.00 0.00 3.87 10.44 8.76 18.40 21.32 24.82 25.84 24.75 24.53 26.21 26.21 26.21 23.58 20.44 18.54 16.06 15.77 16.43 11.90 10.44 10.22 7.30 8.91 7.23 5.40 5.91 2.70
7.88 8.98 8.10 11.17 9.78 10.22 0.00 0.00 0.00 0.00 0.00 0.00 0.00 0.00 0.00 0.00 0.00 0.00 0.00 0.00 0.00 0.00 0.00 0.00 5.91 9.05 9.49 11.43 13.64 16.77 15.49 15.28 16.90 16.38 14.00 13.21 12.34 7.08 3.29 1.90 1.17 0.00 0.07 0.07 0.00 0.00 0.00 0.00 0.00 0.00 0.00 0.00 0.00 0.00 0.00 0.00 0.00 3.87 10.44 8.76 18.40 21.32 24.82 25.84 24.75 24.53 26.21 26.21 26.21 23.58 20.44 18.54 16.06 15.77 16.43 11.90 10.44 10.22 7.30 8.91 7.23 5.40 5.91 2.70
6.42 6.94 9.34 8.54 8.69 0.00 0.00 0.00 0.00 0.00 0.00 0.00 0.00 0.00 0.00 0.00 0.00 0.00 0.00 0.00 0.00 0.00 0.00 0.00 0.00 0.00 6.12 12.62 17.16 20.91 20.13 18.76 17.57 19.72 17.23 14.68 14.89 5.69 6.28 0.44 2.56 2.12 0.51 0.51 0.00 0.00 0.00 0.00 0.00 0.00 0.00 0.00 0.00 0.00 0.00 0.00 0.00 2.19 7.30 15.26 17.01 22.56 20.95 26.72 26.28 29.64 27.30 24.45 24.45 25.33 22.48 20.15 17.67 16.06 12.99 12.92 10.73 11.46 7.59 9.56 7.37 5.11 3.72 1.97
0.00 4.89 0.00 6.86 6.86 5.33 0.00 0.00 0.00 0.00 0.00 0.00 0.00 0.00 0.00 2.19 0.00 0.00 0.00 5.43 1.90 0.00 0.00 0.00 0.00 4.15 0.00 6.81 14.97 20.94 22.05 24.09 23.21 19.20 22.35 18.70 18.82 14.97 8.32 7.81 6.06 6.57 3.58 3.58 0.66 0.00 0.00 0.15 0.00 0.15 0.00 0.00 0.00 0.00 0.00 0.00 3.94 6.79 8.10 7.59 13.80 18.91 26.65 28.54 30.88 31.17 28.98 28.03 28.03 26.06 20.37 21.75 18.10 14.38 13.80 8.47 8.32 11.10 6.13 9.20 7.45 7.37 7.74 6.13
0.00 0.00 0.00 0.00 0.00 0.00 0.00 0.00 0.00 0.00 0.00 0.00 0.00 0.00 0.00 3.80 6.64 7.30 7.30 7.52 6.64 2.63 0.22 0.22 2.04 7.59 13.80 16.89 21.63 24.28 24.09 24.16 24.97 25.99 26.59 23.03 25.83 16.28 18.76 14.53 12.63 7.59 9.05 9.05 2.85 0.37 0.00 0.00 0.00 0.51 0.00 0.00 0.00 0.00 0.00 3.14 0.00 6.79 9.27 10.59 9.86 14.45 12.48 26.43 30.30 26.79 28.25 27.01 27.01 23.00 22.27 22.56 22.48 18.10 15.91 18.54 16.50 11.24 16.06 12.78 13.21 13.51 12.99 19.05
0.00 0.00 0.00 0.00 0.00 0.00 0.00 0.00 0.00 0.00 0.00 0.00 0.00 0.00 6.35 5.99 7.01 6.13 6.13 6.86 7.08 7.96 11.10 10.22 10.15 16.94 15.84 19.37 21.83 22.56 22.34 18.98 22.12 21.17 28.18 29.20 32.54 19.67 21.08 23.08 23.65 14.09 6.86 6.86 8.47 3.21 0.66 0.00 0.07 0.00 0.00 0.00 0.00 0.00 0.00 0.00 6.79 5.18 10.80 11.10 9.42 10.51 18.54 14.45 16.35 20.37 25.04 26.28 26.28 19.56 20.22 18.40 21.17 21.97 21.97 20.15 21.10 17.01 15.70 17.37 15.91 18.61 19.13 18.61
0.00 0.00 0.00 0.00 0.00 0.00 0.00 0.00 0.00 0.00 0.00 0.00 4.31 0.00 6.42 2.56 0.51 0.07 0.07 0.07 2.70 11.10 13.65 14.02 11.68 13.87 23.87 23.08 22.19 23.80 19.56 17.67 14.60 23.21 20.29 29.86 32.92 29.49 29.27 26.06 21.64 22.41 20.00 20.00 17.37 14.53 6.20 4.31 1.39 0.00 0.00 0.00 0.00 0.00 1.46 2.92 2.70 4.67 9.42 11.10 11.10 10.07 10.22 10.51 11.53 7.96 12.63 17.30 17.30 10.44 13.43 9.78 14.97 8.03 18.91 13.58 21.32 19.56 19.56 19.56 18.83 19.05 19.27 17.81
0.00 0.00 0.00 0.00 0.00 0.00 0.00 0.00 0.00 0.00 0.00 0.00 2.48 2.70 0.29 1.39 0.00 0.00 0.00 0.00 0.00 6.28 17.08 26.06 26.43 25.84 25.70 28.40 25.79 27.08 25.04 24.21 17.99 13.29 14.16 19.42 15.18 18.29 26.50 26.35 20.57 18.25 18.91 18.91 17.23 18.47 17.16 14.45 15.40 11.61 6.72 0.00 0.00 0.00 0.00 1.97 2.48 2.26 3.94 7.52 11.61 9.71 8.91 6.86 5.77 7.81 7.01 5.18 5.18 7.45 3.72 5.62 5.40 5.77 9.56 8.18 16.13 10.95 15.62 17.01 19.78 18.54 16.28 11.97
0.00 0.00 0.00 0.00 0.00 0.00 0.00 0.00 0.00 0.00 0.00 0.00 2.48 2.70 0.29 1.39 0.00 0.00 0.00 0.00 0.00 6.28 17.08 26.06 26.43 25.84 25.70 28.40 25.40 26.13 24.16 24.09 17.45 13.29 14.23 19.52 15.18 18.19 26.77 26.35 20.37 18.25 18.91 18.91 17.23 18.47 17.16 14.45 15.40 11.61 6.72 0.00 0.00 0.00 0.00 1.97 2.48 2.26 3.94 7.52 11.61 9.71 8.91 6.86 5.77 7.81 7.01 5.18 5.18 7.45 3.72 5.62 5.40 5.77 9.56 8.18 16.13 10.95 15.62 17.01 19.78 18.54 16.28 11.97
0.00 0.00 0.00 0.00 0.00 0.00 0.00 0.00 0.00 0.00 0.00 2.63 2.04 2.63 0.00 0.00 0.00 0.00 0.00 0.00 0.00 8.25 26.43 23.65 30.88 30.22 30.88 29.20 28.54 28.84 25.48 22.78 15.33 10.80 8.98 8.54 12.85 12.48 12.99 15.55 16.64 12.56 13.72 13.72 17.52 17.01 18.10 18.03 14.97 10.88 12.26 5.84 0.00 0.00 0.00 0.00 2.92 5.69 5.18 9.13 7.37 12.05 4.96 5.84 5.18 4.89 0.00 0.00 0.00 0.00 0.00 0.00 0.00 0.00 5.18 5.55 6.13 7.96 12.99 16.64 19.86 16.43 16.13 11.46
