Wansh/Snow_depth/snowdepth-1993/spring/1993075.txt
ncols 321
nrows 161
xllcenter 60
yllcenter 15 
cellsize  0.25 
NODATA_value -1
[rows 0 to 36 of 161, columns 0 to 83 of 321]
11.97 11.97 16.28 24.53 24.53 23.29 23.73 26.28 26.35 27.59 27.30 27.38 27.38 26.86 26.57 26.65 25.26 24.09 22.05 22.48 20.59 21.10 22.12 22.12 20.44 21.02 21.02 18.18 19.13 18.83 20.15 19.20 19.13 17.89 15.99 16.72 15.84 16.35 15.11 15.26 14.97 15.62 16.43 16.21 17.89 17.81 17.59 17.01 16.50 19.56 19.56 19.56 18.47 16.79 17.16 18.69 19.64 19.93 19.35 19.49 19.93 20.37 20.44 20.73 20.81 20.81 19.42 19.56 17.59 16.64 19.56 17.81 19.42 19.20 19.42 19.20 19.20 19.42 18.18 17.01 17.01 15.77 14.31 14.82
19.78 19.78 19.13 23.58 24.09 26.43 24.38 26.86 27.16 27.01 26.57 26.79 26.57 26.65 26.06 23.87 24.45 23.14 21.68 20.44 20.95 20.59 19.56 20.59 16.64 17.01 17.01 17.30 16.21 17.81 17.37 16.13 15.99 16.57 15.70 15.70 15.77 16.43 16.06 16.06 16.86 16.94 16.28 16.72 16.79 16.43 16.35 15.70 17.23 16.72 17.45 17.45 18.32 18.18 18.98 18.76 19.56 18.83 18.83 18.40 19.27 19.27 20.00 20.08 20.00 18.18 18.32 17.74 16.57 16.94 17.08 16.57 18.76 19.56 19.86 19.71 19.71 18.76 18.98 18.32 16.35 16.21 16.13 14.09
20.88 20.88 22.92 22.27 24.31 26.72 26.21 27.30 27.23 26.65 26.57 25.11 24.24 23.43 23.58 23.29 21.10 20.51 20.88 20.00 17.52 18.98 17.08 16.50 16.79 15.33 15.33 15.04 15.48 13.58 14.45 14.67 15.33 15.91 15.84 17.01 16.72 16.64 16.57 16.43 17.52 18.40 18.54 17.59 17.96 17.96 16.86 17.23 16.28 17.08 17.16 17.16 16.86 17.74 16.50 16.43 18.10 17.74 17.45 17.52 18.18 18.76 18.54 18.18 18.18 17.89 17.67 16.57 16.57 16.94 17.67 18.03 18.83 19.05 19.64 18.69 18.69 18.91 17.74 16.35 14.60 15.84 14.38 13.43
20.88 20.88 22.92 22.27 24.31 26.72 26.21 27.30 27.23 26.65 26.57 25.11 24.24 23.43 23.58 23.29 21.10 20.51 20.88 20.00 17.52 18.98 17.08 16.50 16.79 15.33 15.33 15.04 15.48 13.58 14.45 14.67 15.33 15.91 15.84 17.01 16.72 16.64 16.57 16.43 17.52 18.40 18.54 17.59 17.96 17.96 16.86 17.23 16.28 17.08 17.16 17.16 16.86 17.74 16.50 16.43 18.10 17.74 17.45 17.52 18.18 18.76 18.54 18.18 18.18 17.89 17.67 16.57 16.57 16.94 17.67 18.03 18.83 19.05 19.64 18.69 18.69 18.91 17.74 16.35 14.60 15.84 14.38 13.43
21.53 21.53 21.39 23.07 22.27 23.21 25.26 25.62 25.62 25.26 25.04 24.97 23.36 21.75 21.61 21.68 20.29 19.86 20.15 18.61 15.99 16.72 17.01 16.28 15.55 15.77 15.77 13.51 12.48 12.85 12.41 15.18 14.53 17.59 17.96 17.67 17.67 15.99 16.21 16.21 15.70 17.96 16.57 16.79 16.13 14.45 17.08 14.53 14.02 13.21 10.07 10.07 14.45 14.38 15.91 15.70 15.62 14.97 14.89 14.67 15.91 17.67 17.74 18.25 17.81 18.32 18.10 17.08 17.08 17.01 17.16 17.59 18.03 18.76 18.32 17.16 17.16 17.37 16.21 14.31 14.82 13.51 13.65 14.09
23.87 23.87 24.16 23.87 23.00 26.43 26.06 26.86 26.50 25.19 24.67 22.48 23.14 21.10 20.15 19.27 20.51 19.13 17.52 18.03 16.28 15.48 15.70 15.77 13.14 12.85 12.85 13.29 11.39 12.41 12.05 15.11 17.74 17.01 18.98 17.52 17.74 16.21 15.70 15.70 15.04 13.94 14.02 15.55 15.26 14.16 9.56 11.68 10.29 8.03 8.54 8.54 8.10 9.86 9.42 11.75 15.18 14.60 14.45 14.53 14.60 16.64 16.13 18.03 18.18 18.18 17.37 16.50 16.79 16.57 17.37 17.23 17.81 18.25 18.18 17.89 17.89 17.23 15.62 15.91 14.60 13.58 13.80 14.09
24.09 24.09 25.11 25.19 26.13 27.16 27.74 27.52 27.38 26.28 23.73 22.92 23.14 21.17 20.00 19.49 19.13 19.27 18.61 16.21 16.72 15.26 13.07 12.70 13.07 11.97 11.97 11.32 11.39 12.63 15.18 14.45 16.72 18.18 18.25 16.64 16.28 16.50 15.91 15.11 15.11 12.85 11.53 11.53 9.78 9.13 9.42 8.10 8.10 5.84 2.85 2.85 4.89 6.35 9.56 8.69 12.12 12.99 12.12 15.26 16.21 16.21 17.08 18.25 17.52 17.16 17.67 17.08 17.08 15.48 15.70 15.33 16.79 16.64 17.52 17.45 17.45 17.67 16.35 15.18 16.64 16.79 16.13 16.64
24.09 24.09 25.11 25.19 26.13 27.16 27.74 27.52 27.38 26.28 23.73 22.92 23.14 21.17 20.00 19.49 19.13 19.27 18.61 16.21 16.72 15.26 13.07 12.70 13.07 11.97 11.97 11.32 11.39 12.63 15.18 14.45 16.72 18.18 18.25 16.64 16.28 16.50 15.91 15.11 15.11 12.85 11.53 11.53 9.78 9.13 9.42 8.10 8.10 5.84 2.85 2.85 4.89 6.35 9.56 8.69 12.12 12.99 12.12 15.26 16.21 16.21 17.08 18.25 17.52 17.16 17.67 17.08 17.08 15.48 15.70 15.33 16.79 16.64 17.52 17.45 17.45 17.67 16.35 15.18 16.64 16.79 16.13 16.64
23.94 23.94 24.67 24.75 25.19 26.35 26.43 26.06 25.62 25.33 24.31 21.83 20.08 20.00 20.15 19.71 19.20 18.32 18.76 16.13 13.58 13.43 13.58 13.07 12.63 12.48 12.48 12.26 12.26 12.19 14.89 16.50 15.91 16.64 15.55 15.70 15.26 15.55 15.04 15.04 13.36 13.65 10.80 9.64 10.07 8.32 7.74 7.52 5.91 3.43 3.94 3.94 1.46 0.00 0.00 4.02 8.40 10.51 14.45 13.43 17.01 17.89 17.74 18.76 17.16 17.67 17.59 17.23 17.30 16.35 15.62 15.62 16.21 16.94 16.94 16.72 16.72 17.23 14.02 14.60 14.60 15.70 17.81 17.81
22.56 22.56 24.45 25.19 24.75 25.48 26.13 25.33 23.14 22.12 21.24 21.46 20.66 21.68 19.86 20.59 19.27 16.50 14.97 15.70 14.16 12.26 12.19 12.48 11.83 11.90 11.90 12.19 14.45 16.06 15.33 16.35 17.08 16.94 15.62 14.67 14.97 14.89 14.60 14.89 14.02 12.99 13.65 9.78 8.76 8.98 8.47 8.18 8.47 6.94 2.77 2.77 3.36 0.00 2.34 1.90 5.18 8.32 7.81 11.24 14.09 13.36 16.13 18.25 19.20 18.98 16.06 16.57 16.13 16.50 16.64 17.16 17.30 17.37 17.59 18.76 18.76 18.98 16.21 15.26 15.33 17.89 17.81 19.71
22.34 22.34 23.07 24.16 23.58 24.02 24.09 24.02 23.07 22.19 22.56 22.48 21.61 21.68 21.02 18.32 16.43 16.43 15.26 13.87 12.12 12.70 11.10 10.88 10.95 12.48 12.48 14.97 14.16 14.82 16.28 16.13 15.77 15.48 14.45 14.38 14.53 14.24 14.31 13.87 13.72 13.43 11.32 12.05 11.68 11.46 11.24 9.93 8.47 8.83 7.37 7.37 7.30 7.23 2.34 4.45 3.80 7.15 8.69 8.54 9.71 11.97 11.53 14.60 18.47 17.74 17.08 14.97 14.53 16.86 16.50 17.30 17.52 17.37 16.50 18.47 18.47 17.81 18.83 18.54 17.59 18.10 16.28 18.32
22.34 22.34 23.07 24.16 23.58 24.02 24.09 24.02 23.07 22.19 22.56 22.48 21.61 21.68 21.02 18.32 16.43 16.43 15.26 13.87 12.12 12.70 11.10 10.88 10.95 12.48 12.48 14.97 14.16 14.82 16.28 16.13 15.77 15.48 14.45 14.38 14.53 14.24 14.31 13.87 13.72 13.43 11.32 12.05 11.68 11.46 11.24 9.93 8.47 8.83 7.37 7.37 7.30 7.23 2.34 4.45 3.80 7.15 8.69 8.54 9.71 11.97 11.53 14.60 18.47 17.74 17.08 14.97 14.53 16.86 16.50 17.30 17.52 17.37 16.50 18.47 18.47 17.81 18.83 18.54 17.59 18.10 16.28 18.32
21.39 21.39 20.73 22.41 22.85 23.51 23.29 22.85 23.36 23.07 22.70 22.78 20.73 19.13 19.56 18.25 16.50 15.18 15.55 13.72 11.53 10.59 10.95 8.91 11.90 10.88 10.88 13.58 13.58 13.72 15.33 14.31 12.41 12.26 14.16 13.87 13.51 13.72 13.58 13.51 13.14 12.34 12.70 12.19 11.39 11.32 11.53 10.88 9.71 7.81 7.96 7.96 8.76 9.56 9.71 8.61 6.94 6.50 6.72 3.80 2.04 2.34 0.00 0.00 0.00 8.61 15.62 14.60 17.08 17.74 17.67 18.10 17.37 18.32 14.75 15.55 15.55 13.94 18.76 18.03 17.96 17.96 15.70 14.02
22.78 22.78 22.63 22.27 22.34 21.10 21.46 22.27 22.48 22.27 21.61 21.97 20.51 18.32 16.94 16.43 16.72 14.82 13.51 11.61 11.97 9.05 7.81 7.88 8.98 9.86 9.86 9.34 12.70 12.05 11.68 11.90 12.19 12.26 12.05 12.63 12.48 11.75 12.26 12.99 13.07 12.41 11.83 11.75 11.53 11.02 11.24 11.24 12.41 12.34 13.29 13.29 13.43 12.56 8.83 7.45 7.30 7.08 4.82 5.26 2.99 0.00 0.88 0.00 3.50 0.00 10.51 17.81 19.49 18.40 19.42 19.56 19.93 19.13 18.32 18.61 18.61 16.06 16.72 16.35 17.67 15.18 14.53 14.89
19.49 19.49 18.18 19.86 20.08 20.22 20.66 21.24 20.95 20.95 20.66 16.64 15.55 16.13 15.26 10.80 12.63 12.41 12.92 10.44 8.83 9.42 7.15 7.01 7.01 8.69 8.69 9.27 8.47 10.80 10.95 11.46 11.68 11.53 10.73 10.51 11.46 11.75 11.46 11.68 11.39 11.39 11.61 11.46 12.05 12.19 12.85 12.48 12.56 13.43 13.21 13.21 13.80 12.34 12.85 10.29 11.17 12.19 12.19 12.48 10.73 5.69 6.13 2.26 2.85 4.38 11.83 18.98 18.18 20.00 19.93 19.93 20.15 21.10 20.08 17.74 17.74 17.96 16.79 17.59 14.97 15.91 16.06 16.72
18.03 18.03 18.40 18.98 19.42 17.96 18.10 18.18 18.10 19.86 15.04 13.87 12.78 12.99 12.26 8.98 10.51 9.42 11.68 9.78 9.05 8.40 8.69 7.30 7.52 7.15 7.15 7.96 10.29 10.00 10.73 10.44 8.40 11.02 9.78 10.51 9.93 11.61 11.39 11.32 11.90 12.85 11.61 12.19 12.56 12.63 13.14 12.85 12.78 13.29 13.36 13.36 13.72 12.34 10.88 11.24 10.66 13.87 15.11 15.11 13.51 9.42 10.80 5.48 5.91 11.02 9.56 16.57 17.96 20.29 19.71 22.05 21.10 22.12 21.75 22.19 22.19 19.27 18.25 15.62 15.62 15.84 18.32 17.89
18.03 18.03 18.40 18.98 19.42 17.96 18.10 18.18 18.10 19.86 15.04 13.87 12.78 12.99 12.26 8.98 10.51 9.42 11.68 9.78 9.05 8.40 8.69 7.30 7.52 7.15 7.15 7.96 10.29 10.00 10.73 10.44 8.40 11.02 9.78 10.51 9.93 11.61 11.39 11.32 11.90 12.85 11.61 12.19 12.56 12.63 13.14 12.85 12.78 13.29 13.36 13.36 13.72 12.34 10.88 11.24 10.66 13.87 15.11 15.11 13.51 9.42 10.80 5.48 5.91 11.02 9.56 16.57 17.96 20.29 19.71 22.05 21.10 22.12 21.75 22.19 22.19 19.27 18.25 15.62 15.62 15.84 18.32 17.89
17.74 17.74 17.96 18.25 16.35 16.50 15.48 15.33 14.16 13.29 13.72 13.07 9.42 8.54 8.76 8.91 8.18 8.40 9.42 9.34 8.32 8.03 7.81 7.45 7.37 8.91 8.91 9.05 9.78 8.76 7.37 9.64 7.74 7.37 7.96 9.42 7.96 7.59 7.37 11.53 11.02 13.58 13.72 14.24 12.48 12.85 12.78 13.58 12.63 12.12 12.34 12.34 12.34 11.68 11.02 11.46 12.85 12.56 15.18 14.16 15.18 13.87 14.24 11.53 9.93 10.00 12.78 16.79 15.91 18.91 22.41 22.41 22.48 22.63 22.19 21.02 21.02 19.42 16.06 16.72 14.89 14.53 17.74 14.45
19.42 19.42 18.18 15.99 16.64 14.31 14.82 14.24 14.38 13.87 11.53 8.91 9.56 8.61 8.32 7.74 7.88 8.18 9.42 8.54 8.40 8.10 7.88 8.98 8.47 9.56 9.56 8.98 8.47 8.47 6.72 7.30 6.94 6.72 4.53 7.15 5.40 7.15 6.64 11.53 12.92 12.63 14.16 13.65 14.24 14.16 15.48 14.31 13.80 12.99 12.12 12.12 12.19 12.19 11.90 11.75 13.65 15.55 14.82 15.04 13.36 14.38 13.72 14.09 9.56 7.23 8.69 5.91 7.88 14.16 19.78 18.47 21.83 21.39 21.83 21.46 21.46 20.81 19.49 20.37 19.20 15.77 14.31 15.26
18.76 18.76 18.76 19.27 16.94 15.70 15.48 15.40 14.53 13.94 11.24 10.29 8.69 8.98 8.54 9.13 10.07 10.29 10.07 8.54 8.10 8.18 7.74 8.83 8.98 8.76 8.76 8.25 7.88 7.01 6.64 7.59 5.84 6.06 4.16 6.57 5.99 8.47 12.26 11.46 16.50 18.40 16.43 16.72 15.55 16.72 16.94 18.32 17.52 17.81 14.89 14.89 13.14 12.26 12.48 14.09 13.58 15.40 15.26 16.06 14.45 13.51 14.38 14.31 11.10 11.02 6.42 6.57 6.35 7.88 10.29 15.26 18.10 16.21 19.93 20.59 20.59 20.59 21.75 21.90 22.92 20.88 15.99 14.60
18.54 18.54 20.15 19.42 18.25 16.28 13.80 12.41 12.85 13.36 11.75 10.15 9.56 10.29 10.59 10.59 10.37 8.83 7.88 8.25 8.32 8.83 8.32 8.61 8.03 7.52 7.52 8.32 7.37 8.40 7.15 7.30 7.08 5.40 5.40 8.54 13.14 13.21 15.04 18.40 19.93 19.71 20.66 20.08 18.98 18.98 19.56 19.27 18.61 15.40 15.99 15.99 14.31 14.16 14.67 14.09 15.70 14.82 14.60 15.11 15.26 13.94 14.38 13.51 12.12 12.12 12.56 13.07 13.29 12.34 13.94 13.14 13.14 13.51 15.99 18.32 18.32 22.63 24.09 23.65 21.97 21.46 20.22 15.70
18.69 18.69 18.83 18.10 14.45 14.89 13.21 11.75 10.15 9.86 10.88 10.51 9.71 11.02 11.75 11.10 11.02 8.54 8.40 8.25 7.96 8.03 9.20 8.10 8.32 6.94 6.94 7.45 6.94 7.45 6.94 8.32 7.96 11.32 14.67 10.95 16.13 18.54 18.32 18.98 20.73 20.51 20.73 19.56 20.00 19.64 21.02 21.32 19.27 17.89 15.77 15.77 14.97 14.75 15.33 15.33 15.26 14.31 13.51 13.80 13.51 13.36 12.70 12.70 12.70 11.39 12.63 12.99 13.87 12.34 12.85 14.38 13.65 12.12 16.50 17.23 17.23 22.12 21.10 24.24 20.73 18.61 14.45 15.91
18.69 18.69 18.83 18.10 14.45 14.89 13.21 11.75 10.15 9.86 10.88 10.51 9.71 11.02 11.75 11.10 11.02 8.54 8.40 8.25 7.96 8.03 9.20 8.10 8.32 6.94 6.94 7.45 6.94 7.45 6.94 8.32 7.96 11.32 14.67 10.95 16.13 18.54 18.32 18.98 20.73 20.51 20.73 19.56 20.00 19.64 21.02 21.32 19.27 17.89 15.77 15.77 14.97 14.75 15.33 15.33 15.26 14.31 13.51 13.80 13.51 13.36 12.70 12.70 12.70 11.39 12.63 12.99 13.87 12.34 12.85 14.38 13.65 12.12 16.50 17.23 17.23 22.12 21.10 24.24 20.73 18.61 14.45 15.91
18.47 18.47 17.45 15.62 13.94 14.24 11.02 11.32 10.44 10.51 9.86 9.93 9.78 11.32 11.75 11.17 9.56 9.78 8.54 6.79 7.23 8.69 9.13 7.74 6.86 6.42 6.42 8.47 6.86 6.50 6.64 10.37 12.63 11.83 16.13 19.13 17.37 19.35 22.27 21.90 22.12 21.32 19.27 19.42 19.49 20.81 21.10 21.02 20.81 19.49 19.71 19.71 16.13 15.62 17.08 16.72 17.30 14.82 13.43 13.65 13.87 14.09 14.02 13.94 13.36 15.33 15.04 13.80 14.09 12.92 12.92 12.92 10.73 10.37 11.75 9.56 9.56 13.87 20.51 15.77 19.27 17.16 12.48 5.11
17.52 17.52 16.35 15.04 11.61 11.39 11.61 10.88 11.10 10.51 9.71 9.42 8.61 10.37 10.00 11.32 7.37 6.20 7.08 5.26 6.72 8.47 8.91 8.18 11.46 10.29 10.29 9.64 10.66 8.47 11.61 10.95 15.70 17.01 16.21 19.86 22.48 22.78 22.56 22.27 21.83 22.48 23.51 23.14 20.73 20.73 21.46 21.24 21.02 20.73 17.45 17.45 18.47 14.97 17.16 17.89 17.81 16.86 14.31 13.87 14.02 14.31 16.28 18.61 17.45 18.18 16.72 15.70 16.72 14.45 13.94 14.89 10.73 11.24 11.83 11.10 11.10 17.89 10.80 13.80 17.30 17.59 11.39 6.13
16.13 16.13 16.21 10.80 9.71 10.15 10.80 9.64 10.29 9.78 9.86 9.13 7.96 7.88 4.82 5.84 6.35 7.30 7.45 7.37 6.79 9.49 10.00 12.48 12.05 12.34 12.34 11.53 11.83 11.68 13.14 16.64 16.06 20.15 20.51 19.93 21.90 24.75 25.55 24.45 24.16 24.89 24.67 24.82 23.21 23.29 23.21 22.56 21.32 22.27 19.49 19.49 14.97 16.72 15.62 17.67 17.45 16.06 15.11 15.55 16.43 15.40 17.81 17.16 18.91 20.29 19.42 17.67 18.03 17.23 20.29 17.96 17.45 17.74 15.62 16.21 16.21 11.75 15.04 14.24 13.29 13.65 12.05 9.42
12.05 12.05 10.07 8.54 8.91 8.69 8.25 9.86 10.29 11.83 9.34 10.00 7.74 5.55 5.18 5.62 9.93 9.93 10.22 13.58 11.83 11.17 14.60 12.78 12.99 13.14 13.14 12.34 13.29 12.99 17.08 18.47 20.73 20.66 23.43 23.65 25.48 25.19 26.35 27.23 27.01 26.06 25.19 25.62 23.36 23.36 22.56 22.05 19.78 16.72 15.77 15.77 15.99 17.37 17.89 17.01 17.59 15.26 15.33 15.91 15.40 17.16 17.16 19.05 21.32 20.08 20.15 19.71 20.08 20.44 21.61 22.19 21.17 23.36 19.71 16.06 16.06 18.47 15.04 11.83 11.75 13.72 15.84 16.72
12.05 12.05 10.88 10.00 8.69 8.83 8.54 9.64 11.83 12.41 10.80 10.73 8.61 9.05 7.66 17.37 15.99 21.10 20.29 15.84 17.59 15.91 15.33 16.35 13.80 13.51 13.51 13.58 14.38 18.83 18.47 21.46 22.19 23.87 23.36 25.55 25.77 27.30 26.72 28.62 27.74 28.25 24.75 22.05 22.63 22.63 21.24 19.13 19.71 15.55 14.45 14.45 16.28 15.26 18.40 16.28 14.45 14.45 13.65 14.53 16.64 17.16 19.27 18.61 21.46 23.51 21.97 20.81 20.88 20.73 22.56 22.48 24.67 25.33 19.20 22.27 22.27 20.22 16.35 12.63 12.12 14.24 16.57 15.91
12.05 12.05 10.88 10.00 8.69 8.83 8.54 9.64 11.83 12.41 10.80 10.73 8.61 9.05 7.66 17.37 15.99 21.10 20.29 15.84 17.59 15.91 15.33 16.35 13.80 13.51 13.51 13.58 14.38 18.83 18.47 21.46 22.19 23.87 23.36 25.55 25.77 27.30 26.72 28.62 27.74 28.25 24.75 22.05 22.63 22.63 21.24 19.13 19.71 15.55 14.45 14.45 16.28 15.26 18.40 16.28 14.45 14.45 13.65 14.53 16.64 17.16 19.27 18.61 21.46 23.51 21.97 20.81 20.88 20.73 22.56 22.48 24.67 25.33 19.20 22.27 22.27 20.22 16.35 12.63 12.12 14.24 16.57 15.91
12.56 12.56 11.17 11.39 10.29 10.07 10.37 10.66 10.80 11.02 12.92 14.97 14.02 19.86 21.97 20.44 24.24 24.38 20.88 21.10 19.71 17.67 17.96 17.96 16.06 14.89 14.89 17.67 16.86 19.86 22.63 24.89 24.31 24.82 25.92 25.92 27.08 29.78 29.93 29.78 28.47 24.02 21.17 21.39 21.10 20.81 17.52 18.61 12.26 10.73 13.14 13.14 12.48 14.02 15.26 15.04 15.62 13.94 15.62 15.99 15.91 16.06 16.64 22.19 24.24 23.14 23.94 22.05 22.63 21.68 21.02 20.66 18.61 22.78 20.59 23.43 23.43 18.98 11.75 11.90 11.97 13.43 14.75 10.88
11.10 11.10 11.02 11.61 12.34 12.05 10.15 8.91 9.93 14.45 17.30 16.28 18.18 20.44 21.68 21.61 21.17 26.35 21.10 20.00 20.88 18.10 19.27 19.05 19.35 17.96 17.96 18.91 23.29 22.27 24.24 25.70 27.16 26.72 27.67 28.84 29.93 29.71 29.20 26.72 28.91 24.67 20.08 20.15 19.78 20.51 17.01 11.68 12.99 9.27 11.68 11.68 14.09 13.36 14.82 15.62 15.48 15.70 16.13 17.23 18.03 19.42 22.27 21.46 24.24 21.68 25.04 23.80 19.35 20.73 18.69 18.40 17.81 23.21 24.16 14.45 14.45 7.52 8.69 0.00 11.02 0.00 10.51 10.66
9.49 9.49 8.91 9.71 8.76 9.34 7.74 6.94 8.91 15.33 15.26 16.06 15.84 16.79 12.70 17.16 11.39 17.08 18.32 12.41 17.89 16.72 17.08 20.51 21.97 21.97 21.97 19.71 24.45 27.89 25.04 26.72 27.38 29.49 28.84 29.35 29.13 27.45 27.89 23.65 20.00 17.52 20.15 19.42 20.22 19.93 18.18 12.56 10.44 10.80 11.68 11.68 15.11 17.01 19.86 17.89 18.69 19.93 18.40 18.76 18.76 18.76 20.66 16.06 17.89 20.37 14.31 18.40 8.83 11.02 14.09 9.42 11.39 18.83 5.48 3.87 3.87 2.63 0.00 0.00 0.00 0.00 0.00 0.00
7.59 7.59 7.81 8.83 8.18 6.64 6.72 9.34 7.88 12.48 11.39 12.41 8.32 10.37 9.49 10.51 7.23 10.15 7.66 7.15 13.29 15.91 22.27 20.73 24.09 25.92 25.92 26.21 25.33 28.54 27.23 27.59 27.45 29.49 28.32 25.11 28.25 25.40 22.05 22.85 19.27 16.35 15.40 15.55 15.04 13.72 11.90 12.26 12.05 15.11 16.50 16.50 18.91 18.69 19.56 20.37 20.51 20.95 18.83 17.37 6.86 8.40 12.78 12.34 3.65 4.31 7.01 8.25 6.28 7.45 0.00 4.53 0.00 0.00 0.00 0.00 0.00 0.00 0.00 0.00 0.00 0.00 0.00 0.00
7.15 7.15 5.69 7.88 4.09 2.99 4.23 5.48 5.55 8.69 9.20 10.22 5.11 7.52 7.66 6.72 8.32 7.01 4.89 5.55 4.45 11.17 21.68 25.99 25.77 26.43 26.43 22.78 28.18 28.40 25.26 22.41 26.65 26.43 25.84 22.48 16.72 16.79 20.00 16.21 16.79 15.18 14.67 13.58 10.66 10.88 12.26 13.72 15.99 15.62 17.01 17.01 19.13 17.96 18.18 16.94 16.21 3.65 1.83 0.00 3.65 3.36 4.16 0.00 0.00 4.45 0.00 0.00 0.00 0.00 0.00 0.00 0.00 0.00 0.00 0.00 0.00 0.00 0.00 0.00 0.00 0.00 0.00 0.00
3.14 3.14 0.00 0.44 0.37 2.41 0.00 0.00 0.00 3.94 0.00 0.00 3.07 0.00 4.09 2.85 6.94 7.08 5.11 6.64 16.21 12.19 20.08 9.86 17.30 18.18 18.18 12.63 14.53 24.02 24.45 18.98 12.99 19.71 20.37 15.04 10.88 7.15 7.01 6.28 6.42 4.02 10.95 9.49 8.32 8.76 8.40 11.32 15.55 17.96 17.37 17.37 17.96 16.35 2.12 0.00 0.00 0.00 0.00 0.00 0.00 0.00 0.00 0.00 0.00 0.00 0.00 0.00 0.00 0.00 0.00 0.00 0.00 0.00 0.00 0.00 0.00 0.00 0.00 0.00 0.00 0.00 0.00 0.00
3.14 3.14 0.00 0.44 0.37 2.41 0.00 0.00 0.00 3.94 0.00 0.00 3.07 0.00 4.09 2.85 6.94 7.08 5.11 6.64 16.21 12.19 20.08 9.86 17.30 18.18 18.18 12.63 14.53 24.02 24.45 18.98 12.99 19.71 20.37 15.04 10.88 7.15 7.01 6.28 6.42 4.02 10.95 9.49 8.32 8.76 8.40 11.32 15.55 17.96 17.37 17.37 17.96 16.35 2.12 0.00 0.00 0.00 0.00 0.00 0.00 0.00 0.00 0.00 0.00 0.00 0.00 0.00 0.00 0.00 0.00 0.00 0.00 0.00 0.00 0.00 0.00 0.00 0.00 0.00 0.00 0.00 0.00 0.00
0.00 0.00 0.00 0.00 0.00 0.00 0.00 0.00 0.00 0.00 0.00 0.00 0.00 0.00 0.00 0.00 4.16 3.65 2.77 7.52 13.21 15.33 17.37 4.31 0.00 4.16 4.16 8.32 4.45 9.20 13.80 15.26 7.59 3.07 0.00 6.06 2.41 1.68 2.12 0.58 0.37 0.00 0.00 0.00 4.02 0.00 0.00 1.83 10.80 12.34 3.14 3.14 1.90 0.00 0.00 0.00 0.00 0.00 0.00 0.00 0.00 0.00 0.00 0.00 0.00 0.00 0.00 0.00 0.00 0.00 0.00 0.00 0.00 0.00 0.00 0.00 0.00 0.00 0.00 0.00 0.00 0.00 0.00 0.00
