Wansh/Snow_depth/snowdepth-1993/spring/1993082.txt
ncols 321
nrows 161
xllcenter 60
yllcenter 15 
cellsize  0.25 
NODATA_value -1
[rows 0 to 36 of 161, columns 84 to 167 of 321]
14.97 15.04 14.02 14.38 13.80 13.80 11.24 10.07 13.87 13.07 12.99 13.29 13.72 17.45 22.05 21.39 24.24 23.43 23.43 24.16 22.92 23.51 18.47 17.08 19.20 7.45 4.60 6.06 2.85 3.50 3.65 7.59 11.24 10.07 8.32 14.24 14.24 8.76 19.05 16.43 14.24 14.16 15.55 15.55 13.29 8.03 5.91 5.77 6.35 5.84 11.68 12.85 12.99 10.22 10.15 9.78 10.07 9.86 9.71 7.88 7.01 7.08 4.09 3.21 2.63 2.26 5.55 7.81 7.81 7.88 10.80 13.14 12.34 14.02 13.36 13.21 12.48 14.24 13.36 16.72 14.67 13.36 14.24 12.26
14.97 13.21 10.51 10.66 11.90 11.46 13.87 15.04 14.60 15.84 17.96 14.82 15.04 15.84 13.72 15.77 15.48 22.12 22.12 23.14 20.81 27.38 25.99 23.43 16.86 19.05 7.01 4.67 5.77 3.50 3.94 3.87 7.74 6.64 7.23 4.23 4.45 4.89 7.66 6.64 15.55 18.83 17.89 17.89 20.44 20.44 18.25 6.06 6.20 5.91 5.55 5.69 4.60 4.74 5.04 6.20 7.66 9.13 8.98 9.56 8.76 8.91 7.81 7.15 7.23 7.59 9.20 8.83 8.83 10.22 12.05 11.61 14.24 14.89 14.60 19.27 20.66 18.10 14.60 13.94 14.16 13.94 18.03 14.60
14.60 11.97 10.22 9.93 10.07 9.64 13.94 15.55 18.76 18.40 19.42 16.35 14.97 16.06 13.65 13.21 12.26 11.97 11.97 15.84 13.51 14.24 23.14 20.59 22.48 15.91 17.59 7.74 5.55 6.06 4.23 3.65 3.72 4.53 5.11 5.18 7.37 11.02 7.59 16.94 15.99 16.57 22.41 22.41 22.41 22.41 18.18 19.27 13.29 14.38 4.89 3.36 3.50 3.80 5.04 4.89 6.50 6.13 9.64 12.48 12.05 13.72 14.53 12.34 14.53 15.70 15.62 16.35 16.35 17.01 17.30 14.75 14.24 13.94 18.91 23.73 23.21 24.31 22.34 17.45 17.89 17.96 22.48 18.47
14.60 11.97 10.22 9.93 10.07 9.64 13.94 15.55 18.76 18.40 19.42 16.35 14.97 16.06 13.65 13.21 12.26 11.97 11.97 15.84 13.51 14.24 23.14 20.59 22.48 15.91 17.59 7.74 5.55 6.06 4.23 3.65 3.72 4.53 5.11 5.18 7.37 11.02 7.59 16.94 15.99 16.57 22.41 22.41 22.41 22.41 18.18 19.27 13.29 14.38 4.89 3.36 3.50 3.80 5.04 4.89 6.50 6.13 9.64 12.48 12.05 13.72 14.53 12.34 14.53 15.70 15.62 16.35 16.35 17.01 17.30 14.75 14.24 13.94 18.91 23.73 23.21 24.31 22.34 17.45 17.89 17.96 22.48 18.47
13.07 10.73 9.20 9.78 13.94 13.14 13.65 13.43 16.79 15.26 18.10 17.45 18.03 18.61 13.87 15.55 11.39 10.51 10.51 11.32 9.64 11.32 16.94 20.22 19.64 20.73 14.02 16.13 6.57 5.26 4.89 4.16 4.53 4.23 7.37 8.98 8.91 9.71 6.06 7.30 12.48 13.72 13.21 13.21 19.05 17.67 24.45 18.91 19.93 11.97 7.08 7.23 5.84 5.69 4.89 4.45 5.11 7.45 7.08 9.71 12.92 12.41 14.53 15.55 15.40 16.94 17.30 17.37 17.37 17.37 14.97 15.84 15.84 14.89 15.11 15.55 19.64 23.58 20.44 19.64 20.22 20.37 20.73 20.59
14.38 14.16 16.57 16.13 14.67 12.63 14.16 12.56 12.92 14.60 17.59 17.74 17.67 19.13 18.69 20.00 19.78 13.72 13.72 13.14 14.89 10.37 11.46 13.51 16.21 12.19 15.91 7.45 5.40 5.62 4.31 4.09 4.09 6.86 6.28 8.47 6.79 7.66 2.48 0.80 0.73 1.75 6.28 6.28 12.85 21.39 20.08 24.16 19.78 17.59 8.03 5.99 5.77 5.40 4.74 4.82 5.26 5.11 7.23 9.13 8.83 12.12 15.40 14.97 17.16 18.25 18.32 16.35 16.35 14.45 14.67 15.04 15.40 16.50 14.09 15.04 13.43 15.33 14.31 17.30 19.35 21.02 21.39 22.63
15.04 15.91 16.72 15.11 16.43 15.99 15.77 16.64 17.67 17.23 17.52 16.94 14.09 15.33 16.43 19.49 18.69 18.54 18.54 18.25 18.32 12.92 11.46 10.59 11.39 9.86 5.40 7.96 4.89 4.53 4.45 4.67 5.18 4.96 8.03 7.37 7.88 3.87 5.04 0.00 0.58 0.29 4.45 4.45 10.80 14.60 22.41 19.42 20.59 11.32 12.34 7.52 5.55 5.62 4.89 5.84 5.55 7.81 9.64 9.42 11.53 12.99 14.45 16.79 16.50 17.16 17.52 16.50 16.50 16.43 16.28 15.40 17.23 17.23 16.50 18.25 16.06 15.91 12.85 12.78 12.99 19.56 17.96 21.39
15.04 15.91 16.72 15.11 16.43 15.99 15.77 16.64 17.67 17.23 17.52 16.94 14.09 15.33 16.43 19.49 18.69 18.54 18.54 18.25 18.32 12.92 11.46 10.59 11.39 9.86 5.40 7.96 4.89 4.53 4.45 4.67 5.18 4.96 8.03 7.37 7.88 3.87 5.04 0.00 0.58 0.29 4.45 4.45 10.80 14.60 22.41 19.42 20.59 11.32 12.34 7.52 5.55 5.62 4.89 5.84 5.55 7.81 9.64 9.42 11.53 12.99 14.45 16.79 16.50 17.16 17.52 16.50 16.50 16.43 16.28 15.40 17.23 17.23 16.50 18.25 16.06 15.91 12.85 12.78 12.99 19.56 17.96 21.39
14.67 13.58 14.02 15.70 16.06 17.30 17.30 17.23 18.54 16.94 12.99 14.82 11.10 13.65 13.65 14.89 18.32 19.05 19.05 18.32 19.42 17.01 14.53 10.80 7.37 8.10 5.04 4.60 4.67 4.09 4.23 4.23 4.45 8.25 6.94 11.75 6.35 7.45 4.16 5.40 1.68 4.60 3.65 3.65 8.47 10.15 8.54 8.03 7.45 11.10 7.74 7.15 7.15 6.28 7.08 6.94 7.66 8.76 8.47 9.64 11.90 11.68 13.58 15.40 15.04 15.77 15.70 15.26 15.26 16.06 14.67 17.37 17.01 17.30 17.30 17.01 17.45 19.35 16.13 18.69 14.38 14.53 12.56 12.26
14.02 13.94 14.75 16.35 17.08 17.16 16.94 17.01 15.48 13.58 12.78 13.29 9.64 11.17 14.53 14.09 17.45 17.81 17.81 18.83 18.91 15.84 11.17 12.63 6.20 4.31 4.96 4.53 4.16 3.65 3.72 2.70 2.92 7.23 10.66 10.37 10.07 9.42 7.96 6.57 6.06 6.57 6.57 6.57 5.91 5.91 5.99 6.06 6.86 8.69 9.05 11.61 12.85 9.78 11.61 11.39 9.42 8.91 10.51 9.34 10.22 12.41 11.24 12.12 13.07 14.75 14.75 14.67 14.67 14.75 14.45 16.13 18.32 19.71 17.59 17.16 20.15 23.87 20.66 21.53 17.74 15.77 12.56 11.68
15.18 16.64 17.96 17.74 17.96 17.16 11.75 13.14 12.05 12.70 8.32 9.05 8.69 11.24 17.30 18.69 18.69 21.97 21.97 20.44 20.37 16.64 11.97 6.57 5.69 4.53 3.87 3.65 3.36 2.77 2.56 2.99 4.16 3.94 7.66 8.98 8.54 9.93 8.76 7.01 6.86 7.30 7.01 7.01 7.96 7.01 7.59 8.40 6.13 10.07 13.21 12.56 15.33 12.99 13.80 12.05 13.36 14.97 14.09 12.63 13.51 13.43 12.56 12.19 11.97 13.43 14.38 16.79 16.79 15.99 18.54 19.05 18.91 20.51 22.63 22.27 23.29 25.04 24.89 23.94 20.81 19.64 16.35 9.42
15.18 16.64 17.96 17.74 17.96 17.16 11.75 13.14 12.05 12.70 8.32 9.05 8.69 11.24 17.30 18.69 18.69 21.97 21.97 20.44 20.37 16.64 11.97 6.57 5.69 4.53 3.87 3.65 3.36 2.77 2.56 2.99 4.16 3.94 7.66 8.98 8.54 9.93 8.76 7.01 6.86 7.30 7.01 7.01 7.96 7.01 7.59 8.40 6.13 10.07 13.21 12.56 15.33 12.99 13.80 12.05 13.36 14.97 14.09 12.63 13.51 13.43 12.56 12.19 11.97 13.43 14.38 16.79 16.79 15.99 18.54 19.05 18.91 20.51 22.63 22.27 23.29 25.04 24.89 23.94 20.81 19.64 16.35 9.42
13.94 16.50 18.18 13.87 11.10 12.05 10.00 6.06 6.20 8.10 7.45 9.71 15.55 19.93 18.69 21.24 23.14 22.63 22.63 22.48 19.64 12.26 13.58 7.37 5.04 4.82 4.31 3.21 3.07 3.43 5.40 5.18 4.45 7.45 8.40 12.26 11.10 11.24 11.24 13.65 13.36 13.94 8.91 8.91 9.05 8.18 8.32 7.96 11.75 14.89 14.09 19.05 18.40 17.59 12.63 17.01 11.97 15.77 15.77 15.70 13.94 13.21 13.94 13.87 14.16 13.36 13.21 14.97 14.97 17.89 20.59 21.68 21.24 23.29 25.19 26.43 25.62 25.84 25.55 25.55 23.07 19.86 16.43 17.23
17.45 14.24 15.48 12.63 7.01 6.06 7.01 6.79 7.01 12.12 14.02 13.36 16.35 18.98 21.46 21.32 22.34 21.32 21.32 21.17 20.15 12.48 8.47 8.54 7.66 4.31 4.82 4.23 7.59 3.94 8.10 13.87 12.85 11.53 14.60 14.02 17.67 16.43 15.33 14.31 14.75 14.67 16.13 16.13 15.99 11.68 12.34 13.65 13.65 15.11 17.59 17.45 17.74 19.78 19.71 20.00 21.39 15.91 17.59 12.85 13.36 12.92 14.67 15.99 15.84 15.04 15.77 16.50 16.50 20.44 19.71 21.53 21.61 22.70 25.70 22.78 18.25 19.64 18.98 19.42 17.67 18.69 18.25 18.18
15.62 12.41 9.27 7.66 7.81 7.37 7.81 9.20 12.05 11.17 14.24 12.12 16.13 16.28 20.51 18.54 17.59 20.44 20.44 15.04 13.07 13.58 10.80 8.91 9.20 8.98 6.94 6.72 10.00 15.70 17.59 16.35 19.13 19.86 17.16 17.16 17.08 16.43 16.50 18.47 16.06 18.91 18.25 18.25 19.35 17.74 17.59 17.74 14.31 14.24 15.48 15.48 17.37 19.64 25.04 24.75 25.04 19.42 12.12 6.86 6.86 6.86 9.27 9.64 12.48 15.40 15.70 15.77 15.77 15.62 18.61 20.44 19.20 19.93 19.86 22.92 20.44 8.54 10.15 17.96 16.13 11.10 17.45 15.48
15.55 10.59 8.69 8.54 8.10 8.25 8.69 7.66 10.29 8.83 8.10 9.71 8.25 10.88 10.37 13.07 12.56 14.16 14.16 14.45 11.02 10.80 10.73 10.95 10.59 10.59 11.17 11.97 11.32 15.40 18.25 19.35 20.08 16.57 15.84 15.99 16.06 18.10 17.52 20.08 20.44 20.51 18.25 18.25 20.08 16.57 17.16 14.89 15.62 13.94 15.18 14.97 15.48 19.13 18.10 21.17 18.61 12.48 13.72 6.64 6.06 5.77 6.13 8.47 9.93 13.51 13.36 16.43 16.43 17.01 18.83 19.35 19.27 19.78 21.46 20.66 11.17 4.23 17.30 9.78 19.05 8.83 9.20 11.83
15.55 10.59 8.69 8.54 8.10 8.25 8.69 7.66 10.29 8.83 8.10 9.71 8.25 10.88 10.37 13.07 12.56 14.16 14.16 14.45 11.02 10.80 10.73 10.95 10.59 10.59 11.17 11.97 11.32 15.40 18.25 19.35 20.08 16.57 15.84 15.99 16.06 18.10 17.52 20.08 20.44 20.51 18.25 18.25 20.08 16.57 17.16 14.89 15.62 13.94 15.18 14.97 15.48 19.13 18.10 21.17 18.61 12.48 13.72 6.64 6.06 5.77 6.13 8.47 9.93 13.51 13.36 16.43 16.43 17.01 18.83 19.35 19.27 19.78 21.46 20.66 11.17 4.23 17.30 9.78 19.05 8.83 9.20 11.83
11.97 10.51 8.98 11.17 9.71 8.83 9.13 6.35 7.30 5.99 6.86 7.15 7.15 8.69 10.73 10.66 11.61 13.07 13.07 10.44 10.80 11.24 10.37 10.59 11.17 11.75 11.83 13.58 15.18 17.81 17.59 19.93 20.95 17.74 15.99 15.91 15.84 15.62 19.64 19.56 18.91 17.23 17.67 17.67 18.47 22.05 21.10 23.65 21.46 17.08 15.91 15.55 15.62 16.79 20.08 18.40 19.20 13.36 12.63 12.85 12.26 14.60 10.95 9.93 9.93 12.78 15.26 18.18 18.18 20.08 20.22 19.56 20.51 21.68 20.66 17.81 13.36 4.89 7.01 11.17 14.60 9.34 8.83 12.12
10.22 11.17 12.99 12.48 11.97 12.78 9.86 8.47 8.47 7.96 7.74 8.61 8.18 9.20 11.75 11.39 12.92 13.21 13.21 13.58 12.78 12.34 12.48 10.66 10.59 13.29 16.35 15.55 18.40 17.59 20.44 19.93 22.27 20.59 18.91 16.43 13.43 14.02 10.88 11.17 17.16 17.45 20.15 20.15 19.35 24.53 25.55 24.97 25.48 24.38 23.94 24.53 22.48 22.63 22.63 21.90 19.27 15.91 16.57 15.26 17.74 22.27 18.25 20.44 17.16 14.97 14.97 17.45 17.45 23.21 22.78 21.53 19.64 19.78 19.71 14.16 15.70 10.66 7.01 8.91 8.10 9.27 9.27 7.30
10.44 11.17 11.17 11.75 12.78 12.56 12.85 10.22 10.07 10.07 8.98 10.80 9.34 9.42 11.24 9.71 11.68 11.90 11.90 12.56 14.31 12.41 13.14 10.66 13.14 12.26 16.79 17.16 15.33 15.62 12.48 20.51 20.08 20.29 15.40 16.64 11.61 8.54 8.76 8.18 9.42 8.40 14.67 14.67 22.48 25.62 27.67 25.77 27.30 26.72 28.03 25.62 26.28 25.48 23.51 24.97 24.97 24.02 24.97 21.10 22.85 22.56 23.07 19.78 20.73 20.88 19.56 24.09 24.09 21.46 16.43 18.69 16.35 17.67 17.96 9.42 13.14 9.27 8.03 8.10 7.15 7.88 9.93 5.91
11.61 10.66 12.56 11.53 11.97 7.52 7.81 9.20 11.46 14.60 13.80 14.24 11.68 14.67 15.70 11.53 11.32 10.95 10.95 10.88 10.22 11.83 11.02 11.24 12.99 15.84 15.55 16.06 12.19 9.49 10.00 8.91 17.37 16.79 14.82 6.94 7.74 0.00 5.69 5.26 7.59 12.48 17.30 17.30 15.77 19.20 18.47 18.47 21.02 23.58 26.21 25.70 28.69 29.71 30.95 30.51 30.30 26.35 27.81 24.38 22.34 23.36 24.60 24.53 23.43 21.61 23.87 22.41 22.41 22.63 17.23 10.22 12.92 15.91 14.67 11.75 8.83 8.61 8.98 5.84 7.45 8.54 5.04 4.38
11.53 11.39 12.85 12.26 8.25 8.03 9.49 8.54 12.19 15.48 18.03 20.88 20.51 19.20 19.35 13.43 13.29 14.16 14.16 10.51 10.37 11.10 11.75 13.14 13.14 15.91 17.52 17.89 17.16 10.37 7.52 8.10 7.23 7.52 13.80 5.26 0.00 0.00 0.00 4.02 6.57 9.27 9.49 9.49 12.63 11.90 12.78 13.94 13.21 14.82 17.74 22.78 21.61 24.97 28.62 28.62 28.84 25.99 19.05 21.10 22.27 21.90 24.09 24.67 26.43 24.38 24.45 24.24 24.24 25.04 17.52 10.15 9.34 11.46 6.79 8.76 7.01 4.89 5.99 3.50 2.77 4.89 5.48 2.19
11.53 11.39 12.85 12.26 8.25 8.03 9.49 8.54 12.19 15.48 18.03 20.88 20.51 19.20 19.35 13.43 13.29 14.16 14.16 10.51 10.37 11.10 11.75 13.14 13.14 15.91 17.52 17.89 17.16 10.37 7.52 8.10 7.23 7.52 13.80 5.26 0.00 0.00 0.00 4.02 6.57 9.27 9.49 9.49 12.63 11.90 12.78 13.94 13.21 14.82 17.74 22.78 21.61 24.97 28.62 28.62 28.84 25.99 19.05 21.10 22.27 21.90 24.09 24.67 26.43 24.38 24.45 24.24 24.24 25.04 17.52 10.15 9.34 11.46 6.79 8.76 7.01 4.89 5.99 3.50 2.77 4.89 5.48 2.19
9.86 7.37 7.15 6.94 6.94 8.83 11.68 13.51 13.29 15.77 20.00 20.00 20.59 20.95 20.51 17.67 15.84 16.64 16.64 12.85 11.68 14.16 13.65 14.16 15.84 15.55 18.69 17.23 13.65 14.38 7.15 5.18 5.11 4.38 0.00 5.77 0.00 0.00 0.00 0.00 3.65 2.41 2.99 2.99 0.00 0.00 5.48 5.77 0.00 2.04 6.28 10.51 4.02 8.40 10.22 9.86 9.86 14.09 13.21 17.08 21.61 20.88 24.82 27.52 27.81 26.50 25.33 25.48 25.48 26.57 22.85 13.87 14.45 6.20 9.05 5.18 3.80 3.21 3.80 4.31 2.56 3.21 0.80 1.46
10.80 8.91 7.08 13.14 12.99 12.56 11.90 16.13 20.08 20.81 20.00 20.95 18.18 13.07 14.53 14.09 15.77 12.70 12.70 12.63 11.68 14.31 16.06 16.31 15.04 14.44 13.49 15.26 13.72 11.10 12.34 9.27 3.87 3.94 0.00 0.80 1.24 1.02 0.58 1.68 1.31 1.39 0.51 0.51 0.29 0.37 0.00 0.00 0.00 0.00 0.00 0.00 0.00 0.00 4.89 5.04 4.82 5.62 7.74 15.48 17.89 18.83 21.68 20.37 26.06 25.40 24.60 24.09 24.09 24.82 24.02 18.40 9.93 10.80 5.04 6.35 3.50 2.63 2.99 3.65 3.43 3.07 2.56 1.83
13.36 11.90 15.26 16.79 16.13 17.45 21.39 21.24 21.97 22.27 19.49 20.22 16.57 6.13 10.73 12.19 10.59 12.78 12.78 14.02 14.09 14.67 15.84 15.45 18.23 13.04 14.60 13.92 14.16 14.24 11.61 12.92 9.78 3.14 3.50 1.75 1.31 3.07 2.92 1.83 0.66 0.51 0.37 0.37 0.07 0.00 0.00 0.00 0.00 0.00 0.00 0.00 0.00 0.00 0.00 0.00 0.00 4.67 2.99 11.02 15.70 16.35 18.25 22.48 20.22 24.24 24.67 24.60 24.60 23.21 23.14 22.27 19.35 11.46 14.24 5.62 3.72 3.50 3.36 2.77 2.56 0.95 2.63 2.04
14.75 15.33 15.33 16.94 18.69 22.56 23.80 21.83 22.92 20.08 15.40 3.43 1.75 2.77 2.77 8.91 9.13 7.81 7.81 12.63 5.04 11.78 12.04 12.79 11.73 14.37 15.84 15.41 15.05 16.02 13.43 12.26 12.70 12.63 10.88 4.60 4.45 4.31 2.26 2.70 0.80 0.29 0.00 0.00 0.00 0.00 0.00 0.00 0.00 0.00 0.00 0.00 0.00 0.00 0.00 0.00 0.00 0.00 0.00 11.75 16.50 16.13 19.93 19.71 18.03 20.08 25.70 24.67 24.67 23.80 21.02 19.20 17.45 15.40 10.59 9.56 5.33 6.06 3.65 3.65 1.61 1.83 0.44 0.44
12.26 13.58 12.48 16.72 16.21 22.41 24.53 18.98 15.04 17.08 5.69 2.92 0.00 0.00 0.00 4.09 3.58 0.00 0.00 7.26 0.00 0.00 7.30 6.94 6.23 8.03 13.70 16.50 16.49 15.85 15.19 14.16 14.60 14.60 14.82 14.89 11.17 6.64 3.50 1.31 1.83 0.00 0.00 0.00 0.00 0.00 0.00 0.00 0.00 0.00 0.00 0.00 0.00 0.00 0.00 0.00 0.00 0.00 10.51 7.88 15.18 20.44 21.17 20.73 23.36 22.85 24.38 24.38 24.38 21.90 18.83 16.06 12.34 10.29 11.17 10.80 4.31 7.15 6.42 5.55 7.23 2.41 1.10 0.66
12.26 13.58 12.48 16.72 16.21 22.41 24.53 18.98 15.04 17.08 5.69 2.92 0.00 0.00 0.00 4.09 3.58 0.00 0.00 7.50 0.00 0.00 7.12 7.11 6.13 8.03 13.29 15.34 15.41 16.10 15.34 14.75 16.40 15.45 15.20 14.89 11.17 6.64 3.50 1.31 1.83 0.00 0.00 0.00 0.00 0.00 0.00 0.00 0.00 0.00 0.00 0.00 0.00 0.00 0.00 0.00 0.00 0.00 10.51 7.88 15.18 20.44 21.17 20.73 23.36 22.85 24.38 24.38 24.38 21.90 18.83 16.06 12.34 10.29 11.17 10.80 4.31 7.15 6.42 5.55 7.23 2.41 1.10 0.66
11.61 11.24 9.78 13.72 10.80 12.92 13.07 14.53 2.85 2.41 2.12 2.34 0.00 0.00 1.31 1.83 1.53 5.48 5.48 0.00 0.00 0.00 0.00 0.00 0.00 0.00 0.00 11.89 13.21 16.07 18.21 16.79 18.00 18.27 16.78 17.17 14.82 11.17 7.08 7.74 5.18 2.56 0.00 0.00 0.00 0.00 0.00 0.00 0.00 0.00 0.00 0.00 0.00 0.00 0.00 0.00 0.00 0.00 0.00 11.39 20.81 15.84 23.00 26.21 25.99 25.11 24.60 23.73 23.73 23.80 19.93 15.11 13.87 10.66 9.05 6.72 3.94 3.21 4.89 3.50 1.97 2.56 2.04 1.02
13.14 12.85 10.44 9.05 11.61 7.45 8.25 4.23 5.11 0.00 4.82 3.58 0.00 3.94 2.77 9.78 7.88 10.66 10.66 9.68 0.00 0.00 0.00 0.00 0.00 0.00 0.00 0.00 10.95 10.03 15.84 19.56 18.61 24.84 19.98 18.23 17.71 14.23 10.73 8.69 10.51 7.52 2.34 2.34 0.00 0.15 0.00 0.00 0.37 0.58 0.00 0.00 0.00 0.00 0.00 0.00 0.00 0.00 0.00 0.00 4.45 7.23 16.43 18.03 26.28 27.16 27.16 24.97 24.97 24.45 20.29 16.79 18.40 10.29 15.26 9.64 3.14 5.04 2.92 9.20 7.45 2.26 1.24 0.66
17.45 23.14 21.90 22.12 15.40 10.00 13.29 11.39 11.83 16.72 8.47 4.67 5.55 6.86 4.02 9.86 12.12 10.66 10.66 11.83 7.66 4.09 4.31 3.29 0.00 0.00 0.00 0.00 0.00 8.38 7.01 14.60 20.73 22.56 23.13 20.85 19.89 19.20 16.21 14.53 12.41 13.21 7.30 7.30 0.66 0.00 0.15 0.00 0.00 0.00 0.00 0.00 0.00 0.00 0.00 0.00 0.00 0.00 0.00 0.00 0.00 0.00 16.50 25.11 24.45 27.45 25.11 21.39 21.39 22.78 21.24 22.19 22.05 21.17 19.35 14.16 13.51 10.66 16.06 12.78 6.57 9.86 8.32 4.67
22.70 22.27 26.86 24.67 20.59 22.05 17.74 18.18 18.91 17.16 16.79 17.45 12.92 15.11 15.62 10.22 9.34 8.91 8.91 6.94 6.35 5.99 6.57 7.15 2.77 0.00 0.00 0.00 0.00 0.00 0.00 2.56 9.34 18.61 25.99 23.58 27.94 28.59 26.29 20.06 18.25 19.42 13.87 13.87 5.40 2.26 1.10 2.19 0.66 0.66 0.66 0.00 0.00 0.00 0.00 0.00 0.00 3.29 2.92 6.20 3.87 3.43 10.00 21.02 19.13 14.31 16.43 23.29 23.29 14.16 17.01 20.44 18.25 21.68 19.42 19.42 18.47 17.96 15.70 17.37 11.39 9.42 12.56 14.31
5.84 18.54 25.55 20.37 19.56 20.08 11.02 10.73 13.72 10.59 17.74 15.99 20.66 15.84 7.96 6.28 7.88 0.29 0.29 2.85 2.70 0.00 5.69 0.29 0.00 0.00 0.00 0.00 0.00 0.00 0.00 0.00 0.00 7.37 19.27 25.26 24.60 28.03 28.76 24.63 19.88 20.44 18.61 18.61 14.16 10.73 11.53 6.28 2.48 2.04 2.04 1.39 0.37 0.00 0.00 0.00 0.00 0.00 0.00 7.52 7.45 8.32 5.84 6.64 8.47 9.93 10.44 10.29 10.29 10.37 5.33 14.60 5.84 13.07 18.61 13.51 17.52 19.56 19.56 19.56 15.33 15.18 14.16 14.82
2.04 8.10 15.91 13.87 15.77 15.84 13.21 13.80 9.73 8.61 12.70 11.24 11.90 13.58 4.23 2.19 0.00 0.00 0.00 0.00 0.00 0.00 0.00 0.00 0.00 0.00 0.00 0.00 0.00 0.00 0.00 0.00 0.00 0.00 6.72 13.72 20.81 25.07 24.31 22.34 17.40 16.86 16.06 16.06 17.45 14.75 10.80 11.83 8.47 2.92 6.57 3.14 0.00 0.00 0.00 0.00 0.00 0.00 4.31 4.02 9.13 7.74 7.23 5.91 5.11 8.61 0.00 0.00 0.00 0.00 0.00 0.00 2.70 5.18 1.39 7.37 16.13 10.95 15.62 15.48 14.97 15.11 12.41 9.71
2.04 8.10 15.91 13.87 15.77 15.84 13.21 13.80 9.49 8.61 12.70 11.24 11.90 13.58 4.23 2.19 0.00 0.00 0.00 0.00 0.00 0.00 0.00 0.00 0.00 0.00 0.00 0.00 0.00 0.00 0.00 0.00 0.00 0.00 6.75 13.79 20.81 24.94 24.55 22.34 17.23 16.86 16.06 16.06 17.45 14.75 10.80 11.83 8.47 2.92 6.57 3.14 0.00 0.00 0.00 0.00 0.00 0.00 4.31 4.02 9.13 7.74 7.23 5.91 5.11 8.61 0.00 0.00 0.00 0.00 0.00 0.00 2.70 5.18 1.39 7.37 16.13 10.95 15.62 15.48 14.97 15.11 12.41 9.71
9.20 6.35 9.49 9.20 10.37 15.26 19.35 17.79 10.15 10.95 6.94 8.54 5.18 2.48 3.80 0.00 0.00 0.00 0.00 0.00 0.00 0.00 0.00 0.00 0.00 0.00 0.00 0.00 0.00 0.00 0.00 0.00 0.00 0.00 0.00 1.31 0.44 17.23 16.73 17.16 12.85 10.07 13.14 13.14 12.05 14.09 14.67 11.68 13.14 11.68 11.97 6.06 2.92 0.00 0.00 0.00 0.00 0.00 2.63 0.00 3.65 5.69 6.79 4.96 3.94 0.00 0.00 0.00 0.00 0.00 0.00 0.00 0.00 0.00 0.00 0.00 0.00 7.96 12.99 10.95 11.39 13.36 6.57 5.69
