Wansh/Snow_depth/snowdepth-1993/spring/1993061.txt
ncols 321
nrows 161
xllcenter 60
yllcenter 15 
cellsize  0.25 
NODATA_value -1
[rows 0 to 36 of 161, columns 0 to 83 of 321]
11.32 11.32 15.62 20.51 19.64 21.61 24.16 24.53 24.02 25.62 27.38 27.38 26.72 25.62 26.72 25.48 25.48 22.92 23.14 22.48 22.12 23.21 23.43 21.39 22.27 20.66 20.66 20.59 20.44 19.78 19.78 20.51 17.67 17.37 17.52 16.50 15.91 14.09 13.72 16.72 17.52 17.74 17.23 18.76 18.18 20.22 20.95 20.51 24.31 24.38 24.09 24.09 23.73 20.95 21.83 19.71 21.53 21.46 21.75 21.32 20.81 20.59 21.61 21.24 20.88 20.66 24.16 21.97 22.27 18.03 18.76 21.02 22.41 22.05 23.29 22.48 22.48 22.34 21.24 22.27 20.88 19.64 19.86 17.81
17.59 17.59 20.15 23.87 23.07 25.55 26.50 26.94 26.65 26.35 26.65 25.40 24.75 25.99 24.82 25.19 23.51 22.56 21.97 21.32 20.95 20.73 21.39 22.05 23.00 18.83 18.83 19.05 17.52 18.69 18.25 17.16 15.26 12.92 11.24 11.61 12.56 13.72 17.37 16.86 17.23 16.94 17.23 16.50 17.52 17.45 19.71 20.29 20.00 23.00 22.12 22.12 22.27 21.90 22.85 22.85 22.41 20.44 20.73 19.64 19.56 19.49 18.03 19.27 19.20 18.83 17.96 17.89 17.74 18.25 17.23 16.79 19.71 20.15 21.24 21.68 21.68 20.29 20.44 19.71 20.08 18.18 16.50 16.79
20.37 20.37 21.02 20.73 24.31 26.65 26.06 26.13 26.94 27.08 25.92 23.36 25.11 24.31 23.07 23.73 21.32 21.75 21.53 19.93 20.66 20.88 17.01 17.23 22.19 18.91 18.91 16.94 16.57 15.33 15.70 13.80 13.72 13.36 13.29 16.72 17.23 16.72 17.59 17.52 17.89 18.76 18.32 18.32 20.37 20.51 20.66 19.86 19.78 19.56 21.02 21.02 20.44 19.71 23.14 20.81 20.81 19.05 16.13 16.50 16.06 17.59 17.89 15.99 15.33 16.28 17.23 16.79 17.37 16.50 16.43 19.05 19.64 19.78 18.76 18.40 18.40 18.61 17.67 18.91 18.03 16.43 16.86 14.45
20.37 20.37 21.02 20.73 24.31 26.65 26.06 26.13 26.94 27.08 25.92 23.36 25.11 24.31 23.07 23.73 21.32 21.75 21.53 19.93 20.66 20.88 17.01 17.23 22.19 18.91 18.91 16.94 16.57 15.33 15.70 13.80 13.72 13.36 13.29 16.72 17.23 16.72 17.59 17.52 17.89 18.76 18.32 18.32 20.37 20.51 20.66 19.86 19.78 19.56 21.02 21.02 20.44 19.71 23.14 20.81 20.81 19.05 16.13 16.50 16.06 17.59 17.89 15.99 15.33 16.28 17.23 16.79 17.37 16.50 16.43 19.05 19.64 19.78 18.76 18.40 18.40 18.61 17.67 18.91 18.03 16.43 16.86 14.45
18.83 18.83 19.78 20.95 23.36 24.75 25.77 24.53 26.57 27.23 22.78 26.35 25.77 24.09 21.83 21.17 21.02 20.81 20.73 17.37 17.16 15.84 16.21 17.30 16.43 16.43 16.43 16.50 13.58 13.94 13.87 13.43 14.53 17.16 17.23 18.18 17.52 17.45 17.01 17.45 19.35 18.98 18.47 19.71 19.64 20.22 17.96 18.10 18.91 17.67 16.94 16.94 17.96 16.06 15.04 19.64 17.23 17.59 15.40 15.11 14.82 15.77 15.77 17.08 15.62 15.70 15.18 16.43 16.35 15.91 16.64 16.06 17.59 17.59 17.81 18.03 18.03 17.16 17.30 16.94 17.16 14.75 13.80 14.09
22.85 22.85 20.88 22.19 24.02 23.00 24.89 25.84 26.28 23.58 27.23 24.24 21.61 22.48 21.32 19.05 18.61 17.74 17.81 17.81 17.37 16.06 15.70 16.86 13.87 13.43 13.43 13.80 13.65 13.43 12.70 14.45 16.50 18.76 18.03 18.76 17.74 15.99 16.35 16.50 16.94 17.30 17.45 17.23 18.40 17.81 17.37 13.58 13.87 14.60 10.44 10.44 11.02 13.43 15.40 12.92 17.23 15.33 15.18 14.75 14.89 14.75 14.60 12.99 12.78 14.97 15.55 15.48 15.33 15.04 15.62 17.16 16.86 17.52 18.83 18.47 18.47 18.18 16.86 17.08 16.13 16.79 15.48 15.11
22.92 22.92 23.21 24.45 25.26 23.73 24.82 25.92 23.58 24.38 25.77 21.17 20.22 18.61 18.25 18.25 18.40 18.54 18.91 16.13 17.01 15.99 15.55 15.18 15.33 12.99 12.99 13.14 12.99 13.36 15.33 14.82 16.13 17.01 17.01 17.16 17.52 16.43 17.08 17.23 17.08 14.02 15.26 14.60 16.06 12.05 12.19 11.90 9.64 8.91 9.71 9.71 6.79 9.42 9.71 10.29 10.66 10.80 15.26 15.04 14.67 13.07 12.70 12.41 13.51 13.43 14.89 15.40 15.62 14.24 14.97 14.67 16.21 17.08 17.81 17.30 17.30 16.50 16.79 16.72 16.64 16.79 16.50 15.70
22.92 22.92 23.21 24.45 25.26 23.73 24.82 25.92 23.58 24.38 25.77 21.17 20.22 18.61 18.25 18.25 18.40 18.54 18.91 16.13 17.01 15.99 15.55 15.18 15.33 12.99 12.99 13.14 12.99 13.36 15.33 14.82 16.13 17.01 17.01 17.16 17.52 16.43 17.08 17.23 17.08 14.02 15.26 14.60 16.06 12.05 12.19 11.90 9.64 8.91 9.71 9.71 6.79 9.42 9.71 10.29 10.66 10.80 15.26 15.04 14.67 13.07 12.70 12.41 13.51 13.43 14.89 15.40 15.62 14.24 14.97 14.67 16.21 17.08 17.81 17.30 17.30 16.50 16.79 16.72 16.64 16.79 16.50 15.70
22.34 22.34 23.94 23.14 24.60 22.70 23.21 22.78 23.80 24.97 25.26 23.58 20.29 19.27 20.44 19.64 19.71 19.78 19.20 15.84 15.04 13.94 14.16 13.58 13.94 13.07 13.07 13.36 12.63 13.07 17.23 17.16 17.08 16.86 16.57 16.86 16.21 16.57 17.59 16.28 13.72 14.38 14.45 12.19 12.78 10.80 10.37 9.05 9.49 6.86 3.50 3.50 4.38 0.00 3.36 6.79 8.83 8.10 8.18 13.58 13.65 13.58 14.53 14.24 14.02 14.02 13.43 13.43 13.72 13.87 14.24 15.26 14.82 16.13 15.26 15.40 15.40 14.45 12.70 15.18 14.89 13.51 15.04 16.50
21.53 21.53 21.53 22.41 24.45 23.07 22.27 22.12 20.37 22.70 20.59 21.75 20.73 21.24 20.51 20.29 19.05 17.96 16.57 16.50 15.26 13.80 14.82 12.85 13.07 13.65 13.65 15.33 16.72 16.43 18.10 19.13 20.59 18.98 19.42 16.64 16.94 17.16 16.72 16.28 16.13 14.97 15.33 13.36 12.26 10.51 10.44 11.46 7.74 7.96 5.69 5.69 2.19 2.56 0.00 0.00 4.89 6.06 8.47 7.88 12.85 14.89 14.75 14.60 14.24 14.24 13.51 14.09 14.02 13.87 14.16 13.87 15.91 15.99 14.89 14.97 14.97 14.75 15.04 10.80 12.41 11.32 17.01 15.40
21.90 21.90 21.02 22.70 23.00 22.56 21.10 20.59 21.10 21.46 22.19 21.90 21.68 21.39 19.71 18.98 19.20 18.76 17.16 15.33 13.43 14.02 15.26 13.36 12.99 13.51 13.51 16.06 18.03 19.13 20.51 20.44 20.44 17.45 16.13 16.79 16.28 15.33 16.06 16.79 16.35 14.75 13.43 13.87 13.36 13.43 12.26 12.41 10.95 6.28 6.64 6.64 5.33 5.77 2.04 2.48 4.67 4.16 7.23 8.98 8.25 8.98 13.43 13.43 13.94 12.56 12.78 12.41 13.80 13.65 14.38 15.77 15.62 15.91 14.31 14.60 14.60 13.29 13.80 13.07 11.61 15.84 13.65 14.67
21.90 21.90 21.02 22.70 23.00 22.56 21.10 20.59 21.10 21.46 22.19 21.90 21.68 21.39 19.71 18.98 19.20 18.76 17.16 15.33 13.43 14.02 15.26 13.36 12.99 13.51 13.51 16.06 18.03 19.13 20.51 20.44 20.44 17.45 16.13 16.79 16.28 15.33 16.06 16.79 16.35 14.75 13.43 13.87 13.36 13.43 12.26 12.41 10.95 6.28 6.64 6.64 5.33 5.77 2.04 2.48 4.67 4.16 7.23 8.98 8.25 8.98 13.43 13.43 13.94 12.56 12.78 12.41 13.80 13.65 14.38 15.77 15.62 15.91 14.31 14.60 14.60 13.29 13.80 13.07 11.61 15.84 13.65 14.67
22.12 22.12 21.46 23.29 21.75 20.51 20.95 21.75 21.90 21.75 21.24 22.48 21.90 20.51 19.42 18.98 18.54 17.45 18.10 15.99 13.80 14.09 12.63 12.19 12.41 13.43 13.43 15.91 15.84 17.81 17.81 14.24 14.38 14.53 15.91 14.60 14.53 14.89 16.06 15.62 14.67 15.04 14.16 13.36 13.51 13.29 12.99 11.75 11.90 10.44 7.74 7.74 7.59 8.32 6.72 4.45 4.96 6.28 6.06 6.64 6.64 7.01 4.60 9.56 9.42 10.66 11.68 11.46 12.48 12.85 14.31 15.84 16.94 16.57 15.55 13.21 13.21 13.65 13.07 14.67 16.21 16.13 12.63 11.68
20.88 20.88 22.05 22.41 20.37 20.66 21.46 21.24 21.68 22.27 21.68 21.17 21.46 20.22 19.27 17.52 17.01 17.01 17.45 15.62 14.09 13.65 10.95 10.07 11.68 13.14 13.14 15.18 14.09 13.87 13.80 12.78 13.36 14.24 14.67 14.67 14.82 14.38 14.82 14.67 14.60 14.82 14.75 14.38 13.72 12.78 12.85 12.70 11.32 11.39 11.83 11.83 10.37 10.29 6.86 5.69 6.13 5.99 5.77 6.28 5.77 4.31 4.67 4.67 5.84 8.61 9.71 12.05 11.75 12.85 13.87 16.79 15.91 18.18 16.79 14.31 14.31 15.40 14.24 13.87 15.77 13.14 13.94 11.24
19.86 19.86 20.88 20.29 20.22 20.59 20.44 21.02 21.53 21.10 20.66 18.54 17.23 17.52 17.16 16.79 16.64 13.51 14.53 12.99 13.07 10.15 12.05 10.37 10.51 12.78 12.78 11.75 12.05 11.75 11.83 12.56 14.38 14.75 15.26 15.04 15.04 14.53 14.53 15.48 15.62 14.67 14.67 13.94 14.09 12.99 13.14 13.14 13.21 12.41 12.12 12.12 12.41 8.83 9.34 7.45 7.45 7.37 7.01 9.05 9.93 9.78 5.84 6.57 6.42 8.40 10.66 10.37 12.63 13.14 12.92 15.70 18.10 17.81 17.74 16.35 16.35 16.57 15.18 13.58 13.51 13.21 12.05 12.99
20.51 20.51 19.13 19.49 20.37 20.66 19.42 17.01 21.83 21.02 17.16 16.13 15.33 13.14 11.68 12.12 11.68 12.05 14.24 13.14 12.99 11.10 10.22 10.07 10.73 10.51 10.51 11.39 11.39 14.02 14.45 15.62 15.48 15.48 14.02 14.75 14.75 14.60 15.62 15.55 15.11 15.04 14.97 14.09 12.41 12.78 12.56 12.70 12.78 12.26 12.41 12.41 12.56 12.26 9.34 8.10 8.25 10.44 13.51 10.29 11.24 10.66 11.68 9.56 8.98 8.83 10.73 12.19 12.05 12.63 14.02 13.51 15.26 18.10 17.81 18.18 18.18 15.33 15.48 14.24 12.99 12.85 12.99 12.12
20.51 20.51 19.13 19.49 20.37 20.66 19.42 17.01 21.83 21.02 17.16 16.13 15.33 13.14 11.68 12.12 11.68 12.05 14.24 13.14 12.99 11.10 10.22 10.07 10.73 10.51 10.51 11.39 11.39 14.02 14.45 15.62 15.48 15.48 14.02 14.75 14.75 14.60 15.62 15.55 15.11 15.04 14.97 14.09 12.41 12.78 12.56 12.70 12.78 12.26 12.41 12.41 12.56 12.26 9.34 8.10 8.25 10.44 13.51 10.29 11.24 10.66 11.68 9.56 8.98 8.83 10.73 12.19 12.05 12.63 14.02 13.51 15.26 18.10 17.81 18.18 18.18 15.33 15.48 14.24 12.99 12.85 12.99 12.12
18.54 18.54 18.98 19.35 16.72 16.57 16.94 17.89 15.77 15.40 15.55 15.33 14.09 12.63 11.61 10.73 11.61 12.41 12.05 12.99 12.41 11.39 10.51 10.95 10.95 11.75 11.75 12.78 14.60 14.16 15.33 14.89 13.94 13.94 13.72 12.78 13.94 13.29 13.87 11.75 14.82 15.18 15.11 14.24 14.16 13.21 12.63 14.67 12.85 13.21 12.34 12.34 12.63 12.70 12.05 9.05 11.02 10.15 14.31 13.29 13.14 12.26 11.39 11.39 10.95 9.78 10.22 11.68 12.34 12.34 12.92 14.89 15.04 14.53 16.43 15.33 15.33 15.48 14.45 11.97 10.15 10.80 10.29 10.29
19.86 19.86 18.98 16.50 16.86 16.79 15.62 15.99 16.57 16.57 15.11 13.14 12.34 12.56 11.61 11.24 12.12 12.34 13.72 13.29 11.39 12.05 11.24 10.29 12.26 12.12 12.12 13.21 14.02 13.65 13.72 13.72 12.85 8.83 8.76 8.91 10.00 5.55 9.42 8.25 12.63 15.04 14.67 14.89 15.70 14.60 15.18 15.26 13.65 13.43 13.29 13.29 12.99 12.12 12.41 12.26 13.43 14.45 13.94 13.43 12.56 12.63 12.92 11.32 11.83 10.15 9.64 10.15 10.00 11.02 12.12 13.29 14.38 15.26 14.97 14.31 14.31 13.43 13.58 12.85 10.00 9.78 9.64 10.15
19.93 19.93 19.64 20.22 18.32 18.54 17.67 16.13 16.94 16.79 15.26 13.43 12.78 12.41 12.26 12.26 12.85 13.58 13.94 12.78 12.70 11.24 10.73 12.12 11.75 11.24 11.24 12.34 11.10 12.70 12.19 12.63 7.66 7.88 6.28 5.18 6.28 5.62 9.05 13.87 13.21 14.82 14.67 16.35 16.43 16.35 15.62 15.91 15.99 14.60 12.78 12.78 13.51 10.88 12.19 13.07 12.70 14.31 13.65 13.94 12.78 12.19 12.41 12.05 10.29 9.71 9.78 9.56 10.37 10.22 10.66 11.24 10.95 11.10 11.10 12.12 12.12 12.05 12.99 14.16 14.02 14.31 12.19 11.17
20.00 20.00 20.81 20.88 19.13 17.16 18.76 18.69 18.40 15.62 15.18 13.29 13.43 12.78 13.07 13.14 13.14 13.07 13.58 12.70 11.53 11.17 12.34 10.88 11.24 11.61 11.61 11.53 10.80 12.05 11.75 10.59 8.10 8.25 8.47 7.52 8.10 12.63 12.34 14.09 15.26 14.82 14.89 15.48 16.86 17.37 16.94 16.86 15.55 16.13 13.43 13.43 10.66 12.12 11.53 12.99 14.02 13.87 13.36 12.12 14.31 12.05 12.19 11.17 11.02 10.29 10.80 9.56 10.29 10.00 9.71 10.73 10.37 9.64 9.42 11.53 11.53 13.29 12.78 14.60 15.26 13.29 13.94 12.05
20.29 20.29 19.86 17.89 18.69 16.50 18.18 13.87 12.56 12.48 13.21 13.07 13.43 13.58 13.21 13.29 12.78 12.56 11.90 12.34 11.46 12.34 12.63 12.63 12.34 11.17 11.17 12.26 12.85 12.41 12.85 11.10 12.41 11.17 11.46 9.64 13.14 13.21 14.89 14.53 15.33 14.97 15.26 14.75 15.40 17.01 16.72 16.57 16.28 14.16 14.60 14.60 11.97 12.99 13.94 13.80 14.09 12.85 13.29 12.12 11.90 12.26 11.61 10.73 10.66 10.66 10.95 11.39 9.86 10.29 9.56 9.64 9.71 8.32 7.96 10.37 10.37 11.97 13.36 14.53 14.60 14.60 12.56 10.07
20.29 20.29 19.86 17.89 18.69 16.50 18.18 13.87 12.56 12.48 13.21 13.07 13.43 13.58 13.21 13.29 12.78 12.56 11.90 12.34 11.46 12.34 12.63 12.63 12.34 11.17 11.17 12.26 12.85 12.41 12.85 11.10 12.41 11.17 11.46 9.64 13.14 13.21 14.89 14.53 15.33 14.97 15.26 14.75 15.40 17.01 16.72 16.57 16.28 14.16 14.60 14.60 11.97 12.99 13.94 13.80 14.09 12.85 13.29 12.12 11.90 12.26 11.61 10.73 10.66 10.66 10.95 11.39 9.86 10.29 9.56 9.64 9.71 8.32 7.96 10.37 10.37 11.97 13.36 14.53 14.60 14.60 12.56 10.07
19.71 19.71 18.83 17.52 15.70 15.77 15.84 13.65 13.07 12.63 13.36 12.41 12.48 13.21 12.85 13.29 13.51 12.56 11.97 11.90 12.56 12.26 12.63 12.41 12.05 11.75 11.75 13.07 13.72 13.58 15.48 14.38 13.94 13.80 14.38 14.89 14.82 15.48 14.97 16.06 16.21 15.91 15.33 15.84 16.06 16.06 16.72 17.74 16.35 15.55 15.18 15.18 15.55 14.53 14.45 15.55 16.06 15.18 12.99 13.07 13.07 14.09 15.04 14.67 11.68 12.05 11.61 12.99 10.80 9.71 9.64 9.78 9.13 7.66 7.59 9.42 9.42 11.53 10.73 14.02 14.02 13.43 13.87 11.39
18.76 18.76 19.42 14.89 15.11 13.51 14.82 14.67 13.36 12.63 12.56 12.48 12.63 13.07 13.51 13.58 13.65 13.14 12.63 12.99 12.63 12.70 12.41 12.12 12.70 12.99 12.99 12.78 13.80 14.31 15.33 16.50 15.70 15.26 15.84 15.77 15.70 15.48 16.06 16.72 15.99 17.67 17.81 17.23 17.74 18.32 17.37 18.47 18.32 17.52 16.79 16.79 16.57 17.30 15.77 16.79 16.21 16.86 15.77 14.53 15.11 14.89 15.99 17.59 17.30 18.03 18.32 17.81 14.97 12.70 12.19 12.48 11.24 10.29 9.86 9.86 9.86 10.22 13.51 12.99 12.63 13.07 11.53 10.66
16.94 16.94 12.63 13.29 13.29 11.32 10.88 12.26 12.85 12.85 12.56 12.63 13.36 13.21 13.21 13.43 13.14 14.02 12.99 12.48 12.48 12.34 12.34 13.14 13.65 12.41 12.41 12.48 12.41 13.43 14.53 13.58 13.72 13.80 14.89 14.53 16.28 17.37 17.37 17.08 19.42 18.98 18.76 19.05 18.69 18.47 18.32 18.47 18.03 17.52 18.40 18.40 17.16 18.40 19.20 17.01 17.30 15.62 16.57 16.13 17.81 16.79 16.79 18.25 19.27 19.05 19.35 18.98 18.76 18.98 19.05 17.89 18.18 18.10 17.30 15.26 15.26 11.39 11.53 11.02 11.97 11.32 12.70 11.17
14.89 14.89 11.53 9.05 9.42 9.20 10.07 11.32 13.65 13.58 14.16 14.09 13.29 13.36 13.51 13.43 13.43 13.43 13.21 12.70 12.78 12.92 12.78 12.34 11.83 11.53 11.53 11.75 13.14 12.78 12.78 12.92 12.70 13.65 15.55 15.26 16.57 17.59 19.71 19.56 20.00 19.71 18.47 17.23 17.96 18.25 16.94 17.89 18.03 17.01 17.23 17.23 18.25 18.10 19.56 18.47 18.10 15.91 15.84 17.59 17.16 17.81 18.18 17.81 19.86 18.98 18.18 18.32 18.18 18.10 18.25 18.54 18.83 18.54 16.79 17.30 17.30 14.02 10.44 10.22 10.37 10.37 10.88 12.26
12.78 12.78 13.14 9.86 8.91 8.83 9.71 11.02 12.26 13.51 15.33 14.67 14.82 13.94 14.89 14.09 14.16 13.43 15.40 13.94 13.80 14.24 11.39 10.73 11.32 11.02 11.02 11.24 11.32 12.12 11.97 12.78 12.78 12.85 15.48 16.06 15.84 17.08 20.66 20.08 18.98 18.91 17.74 15.99 16.79 17.01 16.13 15.55 16.72 16.57 17.08 17.08 15.91 18.61 18.54 17.23 13.80 12.26 15.26 15.99 17.23 17.23 16.57 17.01 16.94 17.37 16.43 15.70 17.96 18.54 19.64 16.21 15.99 20.73 16.06 14.31 14.31 12.56 9.86 10.66 9.86 11.97 12.85 11.24
12.78 12.78 13.14 9.86 8.91 8.83 9.71 11.02 12.26 13.51 15.33 14.67 14.82 13.94 14.89 14.09 14.16 13.43 15.40 13.94 13.80 14.24 11.39 10.73 11.32 11.02 11.02 11.24 11.32 12.12 11.97 12.78 12.78 12.85 15.48 16.06 15.84 17.08 20.66 20.08 18.98 18.91 17.74 15.99 16.79 17.01 16.13 15.55 16.72 16.57 17.08 17.08 15.91 18.61 18.54 17.23 13.80 12.26 15.26 15.99 17.23 17.23 16.57 17.01 16.94 17.37 16.43 15.70 17.96 18.54 19.64 16.21 15.99 20.73 16.06 14.31 14.31 12.56 9.86 10.66 9.86 11.97 12.85 11.24
12.85 12.85 11.32 11.53 9.42 8.40 11.90 13.14 12.85 13.87 14.67 15.26 15.84 15.77 15.33 16.64 19.35 16.86 18.32 16.64 15.04 13.80 12.48 12.19 11.61 10.37 10.37 11.24 10.80 11.53 14.16 14.24 16.64 16.43 16.64 16.13 16.35 18.18 18.98 18.54 17.74 14.31 14.31 14.45 13.94 15.84 14.97 15.04 15.11 16.43 16.72 16.72 15.84 13.80 15.40 16.06 13.14 10.15 10.29 10.07 14.82 14.02 14.31 14.09 15.11 15.70 15.26 14.97 14.45 14.67 14.31 14.67 13.36 14.45 12.92 13.58 13.58 11.83 8.98 7.30 8.98 8.03 8.83 10.95
13.29 13.29 10.59 9.64 10.29 12.05 12.56 13.36 14.53 15.77 16.79 16.13 16.28 16.28 13.87 15.91 16.72 18.76 17.96 15.77 14.53 14.38 14.02 13.65 11.68 10.66 10.66 10.15 11.97 15.04 14.45 15.70 17.59 17.16 17.08 17.59 17.96 17.52 18.98 16.57 17.59 12.41 8.76 12.26 11.97 12.92 13.07 13.94 13.94 15.33 14.16 14.16 12.05 12.41 10.80 10.59 11.53 9.13 8.69 9.71 9.56 11.97 9.05 11.02 11.53 13.29 13.14 12.34 12.63 12.05 11.39 10.95 10.95 11.24 12.19 9.64 9.64 10.44 12.99 10.07 7.08 6.57 7.96 6.72
10.29 10.29 9.64 11.32 10.73 11.83 11.24 9.64 11.32 14.24 15.70 15.40 11.97 11.68 11.39 12.99 15.18 13.87 15.40 14.31 14.24 14.24 13.94 13.58 12.63 10.07 10.07 12.56 13.72 14.67 16.35 16.43 17.16 17.23 16.43 16.57 17.01 13.80 8.76 13.72 7.81 8.91 5.84 10.29 11.97 11.46 11.83 12.85 12.19 12.34 11.32 11.32 9.56 9.71 10.00 10.00 9.42 9.42 8.98 10.59 10.95 9.56 9.64 9.42 10.15 11.68 12.85 11.97 11.39 10.37 12.19 10.66 10.95 11.32 10.51 10.51 10.51 11.46 11.46 10.07 10.51 8.54 7.08 5.18
8.18 8.18 11.39 10.15 11.68 12.48 7.66 7.88 8.32 10.73 12.85 10.22 11.10 10.88 9.05 8.40 11.61 11.02 11.02 9.78 13.65 13.87 12.92 13.07 13.07 13.29 13.29 13.43 13.29 16.64 15.77 16.21 13.58 13.87 14.53 10.95 10.51 10.66 6.79 5.91 5.69 4.67 4.53 5.91 10.66 10.80 10.51 11.17 8.98 6.94 7.30 7.30 7.74 9.27 10.44 10.51 10.00 9.64 9.86 10.66 11.10 10.22 9.64 9.64 9.20 10.44 11.24 10.66 10.95 10.29 9.86 11.97 11.75 11.90 11.61 12.70 12.70 11.97 13.80 13.07 11.02 7.37 4.74 4.60
4.74 4.74 7.45 5.84 5.99 4.31 3.94 3.72 4.89 7.81 9.78 9.20 10.80 10.66 9.93 9.20 9.13 8.47 8.54 7.74 8.91 11.46 12.85 15.70 15.40 15.04 15.04 14.45 16.79 16.86 16.21 14.24 12.56 12.78 12.56 10.07 8.40 7.74 6.64 7.01 6.35 4.74 5.84 5.40 7.01 8.18 7.66 8.18 7.96 6.72 8.25 8.25 7.59 9.13 10.66 10.88 10.73 9.78 7.88 7.66 10.29 9.93 10.22 8.98 8.98 8.98 10.37 11.10 10.37 10.44 8.98 10.51 10.00 9.93 9.64 10.80 10.80 14.09 14.24 12.78 13.21 9.56 10.88 6.06
2.41 2.41 0.00 3.50 0.00 0.00 0.00 0.00 1.97 4.60 7.66 8.47 9.86 9.27 10.29 7.88 10.00 10.80 9.34 8.25 7.23 10.80 14.16 16.28 16.50 12.19 12.19 14.53 16.13 16.06 15.70 15.26 11.97 7.30 8.47 9.27 6.50 6.20 6.64 6.06 6.35 6.42 5.91 8.32 7.52 8.83 9.05 9.34 9.05 6.72 9.27 9.27 11.75 10.29 9.93 11.02 7.52 4.74 4.38 4.23 4.02 2.34 2.41 1.17 3.21 0.00 3.65 4.82 6.42 3.43 4.74 5.55 5.18 8.69 11.61 13.65 13.65 13.14 14.38 14.16 15.18 12.48 8.10 9.13
2.41 2.41 0.00 3.50 0.00 0.00 0.00 0.00 1.97 4.60 7.66 8.47 9.86 9.27 10.29 7.88 10.00 10.80 9.34 8.25 7.23 10.80 14.16 16.28 16.50 12.19 12.19 14.53 16.13 16.06 15.70 15.26 11.97 7.30 8.47 9.27 6.50 6.20 6.64 6.06 6.35 6.42 5.91 8.32 7.52 8.83 9.05 9.34 9.05 6.72 9.27 9.27 11.75 10.29 9.93 11.02 7.52 4.74 4.38 4.23 4.02 2.34 2.41 1.17 3.21 0.00 3.65 4.82 6.42 3.43 4.74 5.55 5.18 8.69 11.61 13.65 13.65 13.14 14.38 14.16 15.18 12.48 8.10 9.13
0.00 0.00 0.00 0.00 0.00 0.00 0.00 0.00 0.00 3.94 4.96 7.01 7.30 4.89 7.23 8.40 9.86 9.56 9.71 11.61 12.92 14.67 14.02 15.48 8.40 7.96 7.96 10.95 12.05 15.33 14.02 15.11 8.83 6.06 4.96 5.33 5.26 5.91 7.45 7.15 8.54 8.03 7.59 8.91 9.34 10.51 10.15 11.17 10.37 10.88 9.78 9.78 11.02 8.47 3.80 4.45 4.82 0.73 0.00 0.00 0.00 0.00 0.00 0.00 0.00 0.00 0.00 0.00 0.00 0.66 3.65 3.58 7.01 5.77 11.53 13.51 13.51 17.08 17.30 16.86 16.94 19.56 12.63 14.31
