Wansh/Snow_depth/snowdepth-1993/spring/1993086.txt
ncols 321
nrows 161
xllcenter 60
yllcenter 15 
cellsize  0.25 
NODATA_value -1
[rows 74 to 110 of 161, columns 84 to 167 of 321]
0.00 0.00 0.00 0.00 0.00 0.00 0.51 0.00 0.00 0.00 0.00 0.00 1.75 3.58 0.00 2.77 2.85 2.99 2.99 3.43 0.00 2.70 0.00 0.00 0.00 3.58 0.00 0.00 0.00 0.00 0.00 0.00 0.00 0.00 0.00 0.00 0.00 0.00 0.00 0.00 0.00 0.00 2.04 2.04 1.24 0.88 1.61 0.80 0.58 0.44 0.00 0.00 0.00 0.00 1.64 0.44 0.00 1.02 0.29 1.53 0.88 1.46 1.53 0.00 2.19 0.00 5.69 0.00 0.00 0.00 3.82 3.72 2.85 0.00 0.00 1.53 2.12 0.00 0.00 0.00 0.00 1.69 1.24 0.88
0.00 0.00 0.00 0.00 1.02 0.00 0.58 0.80 0.00 0.07 0.00 0.00 0.00 0.00 0.00 0.00 0.00 2.41 2.41 2.92 0.00 0.00 0.00 0.00 0.00 0.00 3.21 0.00 0.00 0.00 0.00 0.00 0.00 0.00 1.97 0.00 0.00 0.00 0.00 0.00 0.00 1.31 1.46 1.46 1.17 1.46 0.51 2.12 0.00 0.00 1.83 2.12 1.97 0.95 1.24 1.39 0.66 1.53 0.22 0.00 1.83 2.19 1.75 1.97 1.97 3.94 5.26 0.00 0.00 3.15 7.08 5.11 3.72 1.68 0.44 1.83 2.19 0.00 0.00 0.00 0.00 0.15 0.37 1.33
0.00 0.80 0.00 0.00 1.68 0.58 0.29 2.12 0.00 0.00 0.00 2.26 4.02 3.65 3.58 2.92 3.14 3.14 3.14 0.00 0.00 0.00 0.00 0.00 0.00 0.00 0.00 0.00 0.00 0.00 0.00 0.00 0.00 0.00 0.00 0.00 0.00 0.00 0.00 0.00 0.00 0.00 1.53 1.53 0.88 0.00 2.12 2.63 2.70 0.51 2.19 2.34 2.48 0.73 1.24 0.73 0.88 1.24 0.37 2.04 1.97 2.56 3.72 2.92 3.29 4.18 5.62 2.77 2.77 5.26 8.10 6.57 5.40 2.48 2.04 1.90 1.97 2.34 0.00 0.00 0.00 0.00 0.00 1.05
0.00 0.07 1.39 0.00 0.00 1.90 1.83 0.00 0.00 0.00 0.00 3.58 3.87 3.94 3.87 3.14 3.94 0.00 0.00 0.00 0.00 0.00 0.00 0.00 0.00 0.00 0.00 0.00 0.00 0.00 0.00 0.00 0.00 0.00 0.00 0.00 0.00 0.00 0.00 0.00 0.00 0.00 0.00 0.00 1.61 1.53 2.12 1.97 0.00 0.00 0.00 0.00 2.41 3.50 1.24 0.29 1.39 1.39 1.31 1.83 2.04 2.92 4.23 4.45 3.36 3.80 1.17 3.80 3.80 4.31 7.15 4.09 2.85 3.72 2.26 2.12 2.63 1.61 0.00 0.00 0.00 0.00 0.22 0.52
1.17 0.22 1.61 2.12 0.44 2.77 2.63 0.00 0.00 0.00 2.77 3.14 3.87 4.09 3.58 3.65 3.50 2.85 2.85 0.00 0.00 0.00 0.00 0.00 0.00 0.00 0.00 0.00 0.00 0.00 0.00 0.00 0.00 0.00 0.00 0.00 0.00 0.00 0.00 0.00 0.00 0.00 0.00 0.00 0.00 0.00 0.00 0.00 0.00 0.00 0.00 0.00 0.00 0.00 4.82 3.43 3.43 2.19 3.21 1.24 1.83 3.43 3.80 3.65 2.56 2.19 3.43 3.80 3.80 4.23 5.33 3.94 2.63 3.07 3.07 2.85 2.99 1.72 0.00 0.00 0.00 1.98 1.91 0.00
1.97 1.75 1.53 2.63 2.92 2.48 2.63 0.00 0.00 0.00 0.00 3.50 3.29 3.72 0.00 3.36 3.58 3.07 3.07 0.00 0.00 0.00 0.00 3.43 3.43 0.00 0.00 0.00 0.00 0.00 0.00 0.00 0.00 0.00 0.00 0.00 0.00 0.00 0.00 0.00 0.00 0.00 0.00 0.00 0.00 0.00 0.00 0.00 0.00 0.00 0.00 0.00 0.00 0.00 3.50 3.72 0.00 0.66 0.80 0.95 2.26 2.70 3.07 1.17 0.95 1.97 2.12 2.48 2.48 3.21 4.31 4.23 0.00 4.23 3.59 3.07 4.48 3.21 0.00 0.00 0.00 2.41 2.99 3.67
0.07 1.53 2.77 4.31 1.97 1.97 2.19 0.00 0.00 0.00 2.56 3.14 0.00 0.00 0.00 2.85 2.77 0.00 0.00 0.00 0.00 0.00 0.00 0.00 0.00 0.00 0.00 0.00 0.00 0.00 0.00 0.00 0.00 0.00 0.00 0.00 0.00 0.00 0.00 0.00 0.00 0.00 0.00 0.00 0.00 0.00 0.00 0.00 0.00 0.00 0.00 0.00 0.00 0.00 0.00 0.00 0.00 0.00 1.24 1.97 1.83 2.04 2.12 1.17 0.00 0.00 1.39 0.00 0.00 0.00 2.99 2.77 6.72 6.28 6.86 4.92 6.81 5.05 3.43 0.00 4.45 2.63 3.65 3.07
0.00 0.00 0.66 1.90 2.19 2.26 2.19 0.00 0.00 0.00 0.00 0.00 0.00 0.00 0.00 0.00 0.00 0.00 0.00 0.00 0.00 0.00 0.00 0.00 0.00 0.00 0.00 0.00 0.00 0.00 0.00 0.00 0.00 0.00 0.00 0.00 0.00 0.00 0.00 0.00 0.00 0.00 0.00 0.00 0.00 0.00 0.00 0.00 0.00 0.00 0.00 0.00 0.00 0.00 0.00 1.97 0.44 0.66 1.02 0.88 1.90 1.46 1.31 1.83 0.00 0.00 0.00 0.00 0.00 0.00 0.00 7.74 10.29 12.56 9.71 7.48 7.01 7.80 7.04 5.84 4.70 3.80 3.58 5.18
0.00 0.44 0.00 0.00 0.00 1.61 1.46 1.46 0.00 0.00 0.00 0.00 0.00 0.00 0.00 0.00 0.00 0.00 0.00 0.00 0.00 0.00 0.00 0.00 0.00 0.00 0.00 0.00 0.00 0.00 0.00 0.00 0.00 0.00 0.00 0.00 0.00 0.00 0.00 0.00 0.00 0.00 0.00 0.00 0.00 0.00 0.00 0.00 0.00 3.21 0.00 0.00 0.00 0.00 0.00 1.24 1.39 0.73 0.44 0.66 1.75 2.34 1.68 2.04 0.88 1.90 2.63 0.00 0.00 0.00 5.26 7.37 9.64 12.48 13.87 11.97 8.98 8.32 8.54 7.34 6.57 7.45 6.35 4.89
0.00 0.37 1.39 0.00 0.00 0.00 0.00 0.00 0.00 0.00 0.00 0.00 0.00 0.00 0.00 0.00 0.00 0.00 0.00 0.00 0.00 0.00 0.00 0.00 0.00 0.00 0.00 0.00 0.00 0.00 0.00 0.00 0.00 0.00 0.00 0.00 0.00 0.00 0.00 0.00 0.00 0.00 0.00 0.00 0.00 0.00 0.00 0.00 2.63 2.99 0.00 0.00 0.00 0.00 0.00 2.04 0.95 0.73 0.66 0.80 2.34 2.34 3.29 3.50 6.79 3.65 5.48 4.31 4.31 0.00 6.57 7.30 11.10 14.89 17.37 14.38 11.83 8.03 9.86 8.54 8.40 8.91 7.88 7.37
0.44 0.00 0.00 0.80 1.02 0.00 0.00 0.00 0.00 0.00 0.00 0.00 0.00 0.00 0.00 0.00 0.00 0.00 0.00 0.00 0.00 0.00 0.00 0.00 0.00 0.00 0.00 0.00 0.00 0.00 0.00 0.00 0.00 0.00 0.00 0.00 0.00 0.00 0.00 0.00 0.00 0.00 0.00 0.00 0.00 0.00 0.00 0.00 0.00 0.00 0.00 0.00 0.00 0.00 0.00 0.00 0.80 0.37 0.58 2.34 2.63 3.50 4.74 5.18 8.47 6.06 5.69 6.94 6.94 4.67 5.18 13.87 17.67 18.91 11.97 12.12 11.97 10.73 10.66 9.13 9.34 9.49 9.49 9.64
0.00 1.02 1.46 0.66 0.37 0.00 0.00 0.00 0.00 0.00 0.00 0.00 0.00 0.00 0.00 0.00 0.00 0.00 0.00 0.00 0.00 0.00 0.00 0.00 0.00 0.00 2.04 1.53 0.00 0.00 0.00 0.00 0.00 0.00 0.00 0.00 0.00 0.00 0.00 0.00 0.00 0.00 0.00 0.00 0.00 0.00 0.00 0.00 0.00 0.00 0.00 0.00 0.00 0.00 4.60 3.94 4.89 1.46 1.75 2.70 2.79 4.25 5.49 7.08 7.74 7.88 8.91 3.29 3.29 5.04 10.00 10.73 12.12 11.90 8.76 8.61 11.61 11.32 9.64 9.71 9.49 9.49 11.68 9.56
1.24 2.70 2.63 3.14 2.85 1.83 0.00 0.00 0.00 0.00 0.00 0.00 0.00 0.00 0.00 0.00 0.00 0.00 0.00 0.00 0.00 0.00 0.00 0.00 0.00 0.00 0.00 0.00 0.00 0.00 0.00 0.00 0.00 0.00 0.00 0.00 0.00 0.00 0.00 0.00 0.00 0.00 1.17 1.17 0.00 1.17 0.80 1.53 1.75 0.00 2.63 0.00 2.56 2.04 7.01 5.11 6.64 6.79 10.00 9.20 5.99 4.31 4.39 7.23 7.01 4.67 2.41 3.94 3.94 7.74 8.03 10.22 10.29 6.57 5.33 5.40 5.62 7.88 8.83 7.15 8.03 9.05 10.29 10.29
1.75 2.77 2.85 2.63 0.00 0.00 0.00 0.00 0.00 0.00 0.00 0.00 0.00 0.00 0.00 0.00 0.00 0.00 0.00 0.00 2.99 2.77 0.00 0.00 0.00 0.00 0.00 0.00 0.00 0.00 0.00 0.00 0.00 0.00 0.00 0.00 0.00 0.00 0.00 2.99 2.70 1.75 1.31 1.31 0.00 2.56 1.10 1.10 1.97 2.19 2.70 2.12 2.48 4.31 3.87 3.65 5.84 8.25 10.00 7.45 6.50 5.33 7.08 6.72 5.48 3.29 3.94 3.36 3.36 2.34 5.04 8.61 8.10 6.28 5.40 5.84 5.91 6.94 6.94 6.72 7.52 7.96 9.20 6.20
2.92 1.68 2.26 2.26 0.00 0.00 0.00 0.00 0.00 0.00 0.00 0.00 0.00 0.00 0.00 0.00 0.00 0.00 0.00 0.00 0.00 2.77 0.00 0.00 0.00 0.00 0.00 0.00 0.00 0.00 0.00 0.00 0.00 1.68 0.00 0.00 0.00 0.00 0.00 2.19 3.14 2.04 2.41 2.41 2.34 3.07 3.07 2.48 1.61 3.07 2.56 1.17 1.75 2.04 2.12 5.55 5.11 8.40 9.64 8.47 7.74 7.01 8.54 8.83 3.98 4.56 6.20 5.04 5.04 3.80 3.58 4.45 4.09 5.55 5.48 5.33 5.33 6.35 6.79 5.99 7.23 8.10 5.91 5.18
1.83 1.97 1.68 0.00 0.00 0.00 0.00 0.00 0.00 0.00 0.00 0.00 0.00 0.00 0.00 0.00 0.00 0.00 0.00 0.00 0.00 0.00 0.00 0.00 0.00 0.00 0.00 0.00 0.00 0.95 0.00 0.00 0.00 0.00 0.00 0.00 0.00 0.00 0.00 0.00 0.00 0.00 0.00 0.00 2.70 3.36 3.87 3.58 3.14 3.50 3.58 0.95 2.34 1.90 4.45 5.04 6.20 7.37 7.78 8.55 7.74 7.74 9.16 9.93 3.63 12.72 9.61 6.28 6.28 5.18 2.77 2.34 2.63 3.07 3.94 4.67 4.67 5.18 6.28 6.19 6.85 6.70 5.72 5.28
1.83 1.97 1.39 0.00 0.00 0.00 0.00 0.00 0.00 0.51 1.10 0.00 0.00 0.00 0.00 0.00 0.00 0.00 0.00 0.00 0.00 0.00 0.00 0.00 0.00 0.00 1.83 0.00 0.00 0.00 0.00 0.00 0.00 0.00 0.00 0.00 0.00 0.00 0.00 0.00 2.04 0.00 1.53 1.53 2.19 2.85 2.92 4.16 2.77 3.80 4.53 4.82 5.48 2.56 7.23 6.50 7.15 10.29 6.86 7.88 8.50 7.96 8.85 11.10 9.20 10.07 11.09 9.28 8.99 3.15 2.26 3.50 2.92 2.48 2.26 3.36 4.96 3.43 5.20 5.66 5.66 6.22 6.66 6.28
1.53 1.17 2.19 0.37 1.39 0.00 0.15 0.37 0.00 0.00 0.00 0.00 0.00 0.00 0.00 0.00 0.00 0.00 0.00 0.00 0.00 0.00 0.00 0.00 0.00 0.00 0.00 0.00 0.00 0.00 0.00 0.00 0.00 0.00 0.00 0.00 0.00 0.00 0.00 0.00 0.00 0.00 0.00 0.00 1.75 2.70 2.56 2.92 2.41 2.41 3.29 6.64 6.79 12.70 13.36 10.00 9.86 14.53 12.24 8.92 10.59 8.18 9.24 7.22 6.08 6.70 8.61 5.04 5.06 4.62 3.59 3.80 4.31 3.94 2.49 1.83 2.56 2.77 3.74 5.42 4.94 4.89 6.81 7.72
1.75 1.10 2.12 1.90 0.07 0.51 0.73 0.00 0.00 0.00 0.00 0.00 0.00 0.00 0.00 0.00 0.00 0.00 0.00 0.00 0.00 0.00 0.00 0.00 0.00 0.00 0.00 0.00 0.00 0.00 0.00 0.00 0.00 0.00 0.00 0.00 0.00 0.00 0.00 0.00 0.00 0.00 0.00 0.00 1.83 2.19 2.41 2.77 2.04 4.23 4.60 4.45 13.14 14.75 14.89 16.28 19.27 17.16 19.71 14.53 8.18 10.55 6.41 2.26 2.97 4.13 5.84 3.07 3.07 2.98 3.26 5.81 5.72 2.59 3.96 2.58 2.04 2.59 3.16 4.39 5.45 6.32 5.89 7.39
2.63 1.39 1.90 0.00 0.00 0.58 0.00 0.00 0.00 0.00 0.29 0.15 0.00 0.00 0.00 0.95 0.37 0.00 0.00 1.90 0.00 0.00 0.00 0.00 0.00 0.00 0.00 0.00 0.00 0.00 0.00 0.00 0.00 0.00 0.00 0.00 0.00 0.00 0.00 0.00 0.00 0.00 0.00 0.00 1.02 0.00 2.26 1.90 3.36 4.60 6.86 7.96 8.91 15.48 15.70 17.23 21.26 20.88 24.09 19.93 14.89 14.04 7.95 1.00 1.48 3.37 3.30 1.53 1.53 1.55 3.46 4.77 5.34 5.43 5.04 4.55 2.85 3.85 2.35 2.86 5.20 6.31 7.54 7.06
2.63 1.90 0.29 0.73 0.29 0.15 0.07 0.00 0.00 0.00 0.00 0.00 0.00 0.00 0.00 0.44 0.00 0.00 0.00 0.00 0.00 0.00 0.00 0.00 0.00 0.00 0.00 0.00 0.00 0.00 0.00 0.00 0.00 0.00 0.00 0.00 0.00 0.00 0.00 0.00 0.00 0.00 0.00 0.00 0.00 1.97 2.85 1.68 3.72 4.82 7.23 8.83 17.06 16.33 17.58 16.90 19.64 22.34 22.12 23.80 20.22 14.60 9.45 1.53 1.26 3.55 2.94 2.85 2.86 1.16 2.60 3.16 4.92 5.66 6.26 6.86 5.96 2.95 3.83 3.13 4.00 6.44 8.21 6.46
2.77 2.56 2.04 0.51 0.58 0.80 0.66 0.00 0.00 0.00 0.00 0.00 0.00 0.00 0.00 0.00 0.00 0.00 0.00 0.00 0.00 0.00 0.00 0.00 0.00 0.00 0.00 0.73 0.00 0.00 0.00 0.00 0.00 0.00 0.00 0.00 0.00 0.00 0.00 0.00 0.00 0.88 0.00 0.00 1.46 0.00 2.70 2.77 5.77 11.46 10.15 15.77 15.62 15.82 16.29 16.03 17.67 21.86 16.90 19.84 20.62 11.74 10.10 3.18 1.83 3.32 1.50 0.88 0.88 1.11 1.14 1.78 3.07 8.89 8.95 7.78 7.00 4.39 2.77 2.30 4.56 6.66 8.31 8.70
2.56 1.39 0.00 0.51 2.12 1.10 1.39 1.75 0.00 0.58 1.02 0.00 0.00 0.00 0.00 0.00 0.00 0.00 0.00 0.00 0.00 0.00 0.00 0.00 0.00 0.00 0.73 0.00 0.00 0.00 0.00 0.00 0.00 0.00 0.00 0.00 0.00 0.00 0.00 0.00 0.73 1.90 3.58 3.58 1.68 1.61 3.58 6.13 9.42 11.32 12.34 11.17 15.70 14.53 16.91 17.20 14.08 16.21 13.24 13.48 9.55 8.44 8.96 4.87 1.64 2.06 0.91 1.41 1.39 0.96 0.87 1.26 2.63 7.50 7.81 7.63 4.89 3.89 2.65 2.81 4.29 5.12 8.05 5.18
2.41 0.00 0.00 0.66 2.48 2.26 2.04 2.85 1.90 2.04 0.44 0.00 0.00 0.00 0.00 0.00 0.00 0.00 0.00 0.00 0.00 0.00 0.00 0.00 0.00 0.00 1.10 0.95 0.22 0.00 0.00 0.00 0.22 0.00 0.88 0.07 0.00 0.00 0.00 0.00 1.10 3.29 4.60 4.60 4.82 4.38 4.96 7.37 7.81 13.18 13.85 16.60 17.35 18.85 17.45 12.55 10.51 10.07 9.24 8.10 8.22 8.68 6.34 4.23 3.48 1.98 0.74 0.90 0.88 1.10 0.66 2.95 5.01 6.77 6.53 6.35 6.19 3.39 3.13 4.17 4.35 6.83 5.92 4.74
3.80 2.12 3.72 3.07 3.29 4.38 3.72 0.00 2.48 1.83 0.00 0.37 0.00 0.00 0.00 0.00 0.00 0.00 0.00 0.00 0.29 0.00 0.15 0.00 0.00 0.22 0.44 1.53 0.88 0.73 0.73 0.51 0.00 0.29 1.02 1.02 1.46 0.44 1.17 1.10 3.21 1.97 4.02 4.02 5.26 7.37 10.59 12.26 12.70 11.83 10.99 15.27 13.91 13.67 9.00 8.85 10.44 9.63 12.23 11.15 11.37 10.44 6.36 6.10 6.86 1.39 1.61 0.52 0.52 0.00 1.24 2.72 3.48 5.66 7.79 6.20 5.14 3.38 3.34 2.30 2.70 4.03 3.28 6.04
5.33 4.53 6.28 5.40 7.01 6.35 4.67 5.26 0.00 0.00 0.00 0.00 0.00 0.73 0.00 0.00 0.00 0.66 0.66 0.07 0.00 0.07 0.15 0.00 0.37 0.29 0.22 0.07 0.66 0.51 0.66 0.44 0.44 0.22 1.02 2.12 2.26 2.12 1.75 0.58 0.73 0.22 2.99 2.99 4.16 8.69 10.15 11.32 9.93 10.87 15.73 9.78 10.87 10.93 12.73 10.74 10.71 7.81 9.97 13.73 11.58 14.68 8.33 6.17 4.09 3.14 1.69 2.70 2.66 0.58 0.00 0.80 4.93 8.47 9.63 7.52 5.01 3.07 1.14 0.37 1.16 1.15 3.87 4.56
4.31 7.15 6.86 3.36 5.99 6.50 6.64 4.16 0.00 0.00 0.00 0.00 0.00 0.66 0.66 0.29 0.00 0.58 0.58 0.44 0.00 0.29 0.15 0.00 0.00 0.00 0.00 0.00 0.00 0.58 0.07 0.00 0.00 0.00 0.37 1.97 2.56 2.04 0.58 1.31 0.51 0.58 0.58 0.58 2.99 4.74 6.06 9.36 10.06 13.40 10.97 11.62 11.09 11.89 14.01 13.74 9.73 8.33 8.36 13.05 14.68 16.76 11.90 10.22 7.01 4.02 6.11 6.16 6.85 4.57 2.46 1.58 5.07 8.40 9.96 8.48 6.13 4.82 0.66 0.74 1.42 1.12 4.34 5.91
3.43 2.63 4.96 0.00 4.02 5.33 6.20 5.14 2.26 2.12 0.00 0.00 0.00 0.00 0.00 0.00 0.44 0.44 0.44 0.44 0.29 0.15 0.07 0.00 0.00 0.00 0.00 0.00 0.00 0.95 0.44 0.44 0.00 0.00 0.00 0.22 0.80 1.90 0.00 0.00 0.00 0.00 0.00 0.00 0.51 2.41 3.80 7.26 7.81 8.89 11.52 14.14 13.71 14.79 13.18 12.78 7.80 7.61 6.06 10.25 14.51 16.37 14.75 13.87 11.75 5.87 8.98 8.08 7.79 8.13 4.71 2.71 4.49 8.22 10.47 8.24 6.89 6.57 1.08 1.48 3.11 3.39 10.98 8.34
0.00 0.00 0.00 0.00 0.00 0.00 6.79 6.13 4.74 5.18 0.80 0.00 0.00 0.00 0.00 0.00 0.00 0.22 0.22 0.00 0.00 0.00 0.00 0.51 0.00 0.00 0.00 0.00 0.00 0.00 0.44 0.00 0.00 0.00 0.00 0.00 0.07 0.00 0.00 0.00 0.00 0.00 0.00 0.00 0.00 2.12 2.77 7.23 9.20 9.93 12.15 13.22 14.13 10.65 9.51 9.19 6.56 7.19 7.02 9.03 11.27 13.60 15.14 15.93 15.26 9.03 6.89 11.05 11.12 5.98 2.74 3.31 4.10 6.68 9.33 5.64 7.08 3.01 3.24 2.97 5.66 7.25 12.44 11.27
0.00 0.00 0.00 0.00 0.00 4.02 5.48 5.69 7.52 7.37 3.21 2.48 0.00 0.00 0.00 0.29 0.00 0.00 0.00 0.00 0.00 0.00 0.00 0.00 0.00 0.00 0.00 0.00 0.00 0.00 0.00 0.00 0.00 0.00 0.00 0.00 0.00 0.00 0.00 0.00 0.00 0.00 0.00 0.00 0.00 0.29 2.42 3.94 6.89 5.49 10.88 11.54 15.02 9.96 8.07 9.09 0.00 6.46 5.55 8.43 12.73 17.25 13.31 12.94 11.61 10.61 10.13 9.11 10.65 5.71 6.21 6.02 4.15 4.75 3.94 6.76 6.33 4.38 5.05 3.59 6.26 9.53 10.30 10.55
0.00 0.00 0.00 0.00 0.00 5.48 0.00 6.64 6.57 4.89 2.99 3.29 0.00 0.00 0.37 1.46 0.73 0.66 0.66 0.00 0.00 0.00 0.00 0.00 0.00 0.00 0.00 0.00 0.00 0.00 0.00 0.00 0.00 0.00 0.00 0.00 0.00 0.00 0.00 0.00 0.00 0.00 0.00 0.00 0.00 0.00 1.25 9.43 5.45 7.34 6.62 10.44 9.71 9.01 10.90 11.65 0.00 0.00 8.60 9.33 13.20 14.51 15.61 15.17 10.39 10.78 9.67 8.53 9.55 8.76 6.10 6.41 4.57 3.36 3.37 5.90 8.21 5.55 2.86 4.10 6.80 9.21 10.35 6.73
0.00 0.00 0.00 0.00 0.00 0.00 0.00 6.64 4.89 4.31 2.48 2.70 3.07 3.21 4.23 2.59 2.36 2.70 2.70 1.46 0.00 0.00 0.00 0.00 0.00 0.00 0.00 0.00 0.00 0.00 0.00 0.00 0.00 0.00 0.00 0.00 0.00 0.00 0.00 0.00 0.00 0.15 0.00 0.00 0.00 0.00 0.29 4.19 4.43 4.62 11.15 11.53 7.66 8.15 6.93 0.00 0.00 0.00 0.00 0.00 12.12 18.75 14.43 14.99 10.90 9.89 12.85 9.78 9.99 9.70 6.29 5.01 4.93 3.29 4.12 6.94 9.42 6.99 5.67 3.77 5.54 8.58 8.01 7.25
0.00 0.00 0.00 0.00 0.00 0.00 0.00 0.00 0.00 4.38 2.41 1.90 4.38 4.23 3.94 4.92 5.33 3.71 3.46 2.26 1.83 2.34 0.00 0.00 0.00 0.00 0.00 0.00 0.00 0.00 0.00 0.00 0.00 0.00 0.00 0.00 0.00 0.00 0.00 0.00 0.00 0.95 0.95 0.95 0.00 0.00 0.00 1.08 2.13 9.99 11.90 13.74 14.25 0.00 0.00 0.00 0.00 0.00 0.00 0.00 0.00 19.08 16.42 14.08 10.56 11.72 11.28 11.40 13.93 12.67 5.88 5.80 4.96 4.00 3.89 6.61 7.82 10.86 5.47 5.03 3.22 4.56 3.78 4.14
0.00 0.00 0.00 0.00 0.00 0.00 0.00 0.00 0.00 0.00 0.00 0.00 0.00 0.00 0.00 2.63 3.43 2.98 3.03 3.29 3.21 4.45 3.80 2.19 1.53 2.85 2.41 0.58 0.00 2.56 2.34 1.83 0.00 0.00 0.15 2.99 5.91 3.94 5.84 4.18 5.87 4.65 2.70 2.70 5.77 1.61 2.19 4.55 4.20 3.20 0.00 0.00 0.00 0.00 0.00 0.00 0.00 0.00 0.00 0.00 0.00 0.00 0.00 10.83 9.85 6.35 6.74 5.58 6.23 8.12 7.73 5.58 4.42 1.85 2.14 5.17 5.30 7.21 2.66 2.10 0.00 0.00 0.00 0.00
0.00 0.00 0.00 0.00 0.00 0.00 0.00 0.00 0.00 0.00 0.00 0.00 0.00 0.00 0.00 0.00 0.00 0.00 0.00 0.00 0.00 4.61 4.89 3.87 3.58 4.35 5.47 5.26 2.92 5.48 4.16 4.31 3.14 1.75 1.68 5.40 5.84 7.59 7.74 7.52 6.13 6.15 5.77 6.44 8.10 5.91 3.65 4.87 0.00 0.00 0.00 0.00 0.00 0.00 0.00 0.00 0.00 0.00 0.00 0.00 0.00 0.00 0.00 2.92 7.17 2.85 0.00 4.38 4.38 5.82 0.00 4.49 0.84 1.22 2.58 2.86 3.76 6.43 0.00 0.00 0.00 0.00 0.00 0.00
0.00 0.00 0.00 0.00 0.00 0.00 0.00 0.00 0.00 0.00 0.00 0.00 0.00 0.00 0.00 0.00 0.00 0.00 0.00 0.00 0.00 0.00 4.38 4.45 4.31 4.77 4.10 5.11 4.74 3.36 5.11 6.72 4.45 2.56 2.70 6.51 8.47 3.43 4.74 3.14 3.47 0.00 6.88 8.74 8.73 9.07 4.71 7.12 6.01 0.00 0.00 0.00 0.00 0.00 0.00 0.00 0.00 0.00 0.00 0.00 0.00 0.00 0.00 0.00 2.94 0.00 0.00 0.00 0.00 0.00 0.00 3.14 0.00 0.00 0.67 1.66 1.95 0.00 0.00 0.00 0.00 0.00 0.00 0.00
0.00 0.00 0.00 0.00 0.00 0.00 0.00 0.00 0.00 0.00 0.00 0.00 0.00 0.00 0.00 0.00 0.00 0.00 0.00 0.00 0.00 0.00 0.00 2.48 2.56 0.00 5.48 0.00 0.00 0.00 0.00 6.77 7.95 4.60 0.00 0.00 0.00 0.00 4.82 0.00 0.00 0.00 0.00 0.00 5.27 3.89 6.91 0.00 0.00 0.00 0.00 0.00 0.00 0.00 0.00 0.00 0.00 0.00 0.00 0.00 0.00 0.00 0.00 0.00 0.00 0.00 0.00 0.00 0.00 0.00 0.00 0.00 0.00 0.00 0.00 0.00 0.74 0.00 0.00 0.00 0.00 0.00 0.00 0.00
