Wansh/Snow_depth/snowdepth-1993/spring/1993110.txt
ncols 321
nrows 161
xllcenter 60
yllcenter 15 
cellsize  0.25 
NODATA_value -1
[rows 74 to 110 of 161, columns 84 to 167 of 321]
0.00 0.00 0.00 0.00 0.00 0.00 0.07 0.07 0.00 0.00 0.00 0.00 0.00 0.00 0.00 0.00 0.00 0.00 0.00 0.00 2.85 2.48 0.00 0.00 0.00 2.48 2.26 0.00 0.00 0.00 0.00 0.00 0.00 0.00 0.00 0.00 0.00 0.00 0.00 0.00 0.00 0.00 0.58 0.58 0.37 0.07 0.37 0.00 0.00 0.15 0.00 0.00 0.00 0.00 0.00 0.58 0.00 0.80 0.58 0.00 1.68 1.39 0.00 0.00 0.00 0.00 0.00 0.00 0.00 0.00 0.00 0.29 0.37 0.00 0.00 0.00 0.00 0.00 0.00 0.00 0.00 0.00 0.00 0.00
0.00 0.00 0.00 0.00 0.00 0.00 1.97 0.00 0.44 0.00 2.63 0.00 2.26 0.00 0.00 0.00 2.85 0.00 0.00 0.00 0.00 3.07 3.50 3.14 0.00 0.00 0.00 0.00 0.00 0.00 0.00 0.00 0.00 0.00 0.00 0.00 0.00 0.00 0.00 0.00 0.00 0.29 0.73 0.73 0.07 0.44 0.29 0.80 0.15 0.15 0.58 0.00 1.61 1.61 1.53 0.88 0.73 1.39 1.39 1.68 0.88 0.73 1.24 1.46 0.44 0.00 0.00 0.00 0.00 0.00 5.77 1.61 0.51 0.00 0.00 0.00 0.00 0.00 0.00 0.00 0.00 0.00 0.00 0.00
0.00 0.00 0.00 0.00 0.44 1.31 0.00 2.85 3.07 2.77 0.00 3.80 3.14 2.77 4.02 3.43 2.48 0.00 0.00 3.72 3.72 3.58 3.43 0.00 0.00 0.00 0.00 0.00 0.00 0.00 0.00 0.00 0.00 0.00 0.00 0.00 0.00 0.00 0.00 0.00 0.00 0.66 1.10 1.10 1.10 0.00 0.66 1.90 1.97 0.00 0.00 1.53 1.61 1.17 1.17 1.17 0.58 2.34 1.46 0.73 1.02 0.80 1.02 1.68 1.46 0.22 0.00 0.51 0.51 0.58 5.62 3.14 2.63 0.88 0.00 0.00 0.00 0.00 0.00 0.00 0.00 0.00 0.00 0.00
0.00 0.00 0.00 0.80 0.80 1.10 0.00 0.00 3.43 3.65 3.65 3.36 4.82 4.53 4.09 4.45 4.16 3.07 3.07 2.92 3.72 3.21 3.07 3.29 3.21 3.72 0.00 0.00 0.00 0.00 0.00 0.00 0.00 0.00 0.00 0.00 0.00 0.00 0.00 0.00 0.00 0.00 0.00 0.00 0.00 0.00 1.02 1.46 0.00 0.00 2.12 0.00 1.31 1.24 1.90 1.39 1.10 0.80 0.73 0.88 1.53 1.10 0.73 1.17 1.46 1.83 1.68 1.75 1.75 4.16 4.74 3.80 0.58 0.29 0.00 0.00 0.00 0.00 0.00 0.00 0.00 0.00 0.00 0.00
1.53 1.68 0.00 1.46 0.58 1.68 0.00 3.58 3.14 3.14 3.87 4.45 4.09 5.04 4.60 3.58 4.31 4.31 4.31 2.99 4.23 4.23 4.53 4.31 3.58 3.65 2.92 0.00 0.00 0.00 0.00 0.00 0.00 0.00 0.00 0.00 0.00 0.00 0.00 0.00 0.00 0.00 0.00 0.00 0.00 0.00 1.10 0.00 0.73 1.31 0.00 0.00 1.31 1.39 1.46 1.17 1.31 0.88 0.44 0.00 0.07 0.80 1.17 0.51 0.22 0.80 1.90 3.94 3.94 4.23 4.45 0.58 0.73 0.22 0.22 0.00 0.00 0.00 0.00 0.00 0.00 0.00 0.00 0.00
2.48 0.00 0.00 0.00 1.97 0.00 0.00 3.72 4.02 3.58 3.14 3.94 3.50 4.02 4.38 4.09 4.67 4.67 4.67 4.02 4.31 4.82 4.31 3.94 2.99 3.36 0.00 0.00 0.00 0.00 0.00 0.00 0.00 0.00 0.00 0.00 0.00 0.00 0.00 0.00 0.00 0.00 0.00 0.00 0.00 0.00 0.00 0.00 0.07 0.00 0.00 0.00 0.00 0.00 0.00 0.73 0.00 0.58 0.22 0.15 0.51 0.66 0.44 0.80 0.00 0.00 0.44 2.70 2.70 3.58 0.73 0.00 0.00 0.07 0.59 0.95 0.00 0.00 0.00 0.00 0.00 0.00 0.00 0.00
0.00 0.00 0.00 0.00 0.00 0.00 2.70 3.72 3.50 4.38 3.80 3.36 4.16 3.29 3.80 3.21 3.50 3.72 3.72 4.53 3.80 4.38 3.58 3.80 2.77 2.99 2.41 0.00 0.00 0.00 0.00 0.00 0.00 0.00 0.00 0.00 0.00 0.00 0.00 0.00 0.00 0.00 0.00 0.00 0.00 0.00 0.00 0.00 0.00 0.00 0.00 0.07 0.00 0.00 0.00 0.00 0.00 0.00 0.95 0.00 0.00 0.37 0.00 0.00 0.00 0.00 1.31 1.17 1.17 1.46 0.00 0.00 0.37 1.39 5.84 3.74 0.00 0.00 1.02 0.00 0.00 0.00 0.00 0.00
0.00 0.00 0.00 0.00 0.00 0.00 0.00 2.48 3.50 3.80 4.23 3.80 3.50 3.65 2.92 2.77 0.00 0.00 0.00 0.00 0.00 0.00 0.00 2.34 0.00 2.56 0.00 0.00 0.00 0.00 0.00 0.00 0.00 0.00 0.00 0.00 0.00 0.00 0.00 0.00 0.00 0.00 0.00 0.00 0.00 0.00 0.00 0.00 0.00 0.00 0.00 0.00 0.00 0.00 0.00 0.00 0.00 0.00 0.00 0.66 0.00 0.00 0.73 0.22 0.00 0.00 0.00 0.00 0.00 0.00 0.51 2.48 4.67 6.28 7.23 6.09 1.55 0.46 3.03 0.97 0.00 0.00 0.00 0.00
0.88 0.00 0.00 0.00 0.00 0.00 0.00 0.00 0.00 3.87 0.00 4.38 0.00 0.00 0.00 0.00 0.00 0.00 0.00 0.00 0.00 0.00 0.00 2.56 1.90 2.19 0.00 0.00 0.00 0.00 0.00 0.00 0.00 0.00 0.00 0.00 0.00 0.00 0.00 0.00 0.00 0.00 0.00 0.00 0.00 0.00 0.00 0.00 0.00 0.00 0.00 0.00 0.00 0.00 0.00 0.00 0.00 0.00 0.00 0.29 0.58 0.00 0.80 0.58 0.00 0.00 2.34 1.46 1.46 0.51 0.00 2.77 5.33 6.86 7.08 7.08 4.96 3.94 1.83 2.86 0.22 0.00 0.00 0.00
0.88 0.66 1.24 0.00 0.00 0.00 0.00 0.00 0.00 0.00 4.60 0.00 0.00 3.80 4.23 0.00 0.00 0.00 0.00 0.00 0.00 0.00 0.00 0.00 0.00 0.00 0.00 0.00 0.00 0.00 0.00 0.00 0.00 0.00 0.00 0.00 0.44 0.00 0.00 0.00 0.00 0.00 0.00 0.00 0.00 0.00 0.00 0.00 0.00 0.00 0.00 0.00 0.00 0.00 0.00 0.00 0.00 0.73 0.00 0.00 1.24 0.22 1.02 0.95 0.22 2.99 6.20 4.89 4.89 1.97 0.00 0.00 2.48 2.04 6.57 8.18 6.94 5.40 3.36 5.04 2.34 1.02 3.29 0.00
0.00 0.95 0.95 0.00 0.00 0.00 0.00 0.00 0.00 0.00 3.65 3.58 3.43 4.02 3.72 4.82 4.23 4.02 4.02 0.00 0.00 0.00 0.00 0.00 0.00 0.00 0.00 2.12 0.00 0.00 0.00 0.00 0.00 0.00 0.00 1.02 0.58 0.44 0.00 0.07 0.00 0.00 0.00 0.00 0.00 0.00 0.00 0.00 0.00 0.00 0.00 0.00 0.00 0.00 1.90 0.00 0.00 1.31 1.31 0.29 2.19 3.14 0.44 0.80 3.94 2.41 6.06 7.01 7.01 0.00 1.53 0.66 0.73 6.79 7.30 6.50 6.06 7.08 5.33 5.91 5.26 3.65 4.53 1.68
0.95 1.24 1.31 0.00 0.00 1.83 0.00 0.00 3.36 4.16 3.94 0.00 2.56 2.92 0.00 4.16 0.00 0.00 0.00 0.00 0.00 0.00 0.00 0.00 0.00 0.00 0.00 2.34 1.68 0.00 0.00 0.00 0.00 0.00 0.88 1.17 0.00 0.22 0.07 0.22 0.00 0.00 0.00 0.00 0.00 0.00 0.00 0.00 0.00 0.00 0.00 0.00 0.00 0.07 2.92 2.99 2.63 0.88 0.22 0.37 0.00 2.61 3.99 2.04 2.63 5.62 7.52 6.64 6.64 2.99 1.31 4.38 5.62 4.31 3.87 5.11 5.62 6.94 7.59 6.50 5.99 6.13 5.33 2.04
1.61 1.24 1.61 1.61 2.70 0.00 0.00 3.36 2.85 2.70 3.07 2.85 0.00 0.00 0.00 0.00 3.50 4.45 4.45 4.02 3.29 0.00 0.00 0.00 0.00 0.00 0.00 0.00 3.07 3.21 0.00 0.00 0.00 0.00 0.00 0.00 0.00 0.00 0.00 1.83 0.00 0.58 0.00 0.00 0.00 0.07 0.00 0.22 0.22 0.00 0.00 0.00 0.00 0.58 2.34 5.40 7.74 8.91 9.34 9.20 2.70 2.04 3.43 6.57 5.84 4.96 4.82 3.36 3.36 5.48 6.42 9.20 10.00 8.03 5.48 8.76 8.61 8.54 6.86 7.23 7.23 5.91 2.99 0.00
1.39 1.68 2.56 0.00 0.00 0.00 2.99 3.43 0.00 0.00 0.00 0.00 0.00 0.00 0.00 0.00 0.00 3.72 3.72 4.09 3.94 3.58 3.50 0.00 0.00 0.00 0.00 0.00 0.00 0.00 0.00 0.00 0.00 0.00 0.00 0.00 0.00 0.00 1.46 1.02 1.02 2.26 1.10 1.10 0.00 0.29 1.17 0.58 0.15 0.29 0.00 0.66 0.29 0.88 1.02 3.65 10.73 9.20 11.02 10.80 8.40 3.21 3.29 6.72 6.08 3.43 3.65 2.99 2.99 5.84 9.42 6.72 8.25 8.61 7.81 9.05 9.20 6.72 6.28 6.35 7.45 6.06 4.16 0.00
1.31 0.95 0.00 0.00 0.00 0.00 0.00 3.07 0.00 0.00 0.00 0.00 3.58 0.00 3.07 2.70 2.92 2.85 2.85 3.50 3.80 3.14 3.21 0.00 2.77 3.29 3.14 0.00 0.00 0.00 0.00 0.00 0.00 0.00 0.00 0.00 0.00 1.39 0.73 0.73 0.66 1.17 0.88 0.88 1.68 2.48 2.92 3.50 0.73 0.95 0.00 0.73 0.37 1.53 2.26 2.41 5.69 5.55 10.00 8.18 6.42 5.18 3.50 8.83 4.06 4.87 5.40 5.77 5.77 4.82 6.35 4.45 5.40 7.74 4.74 6.06 7.66 6.57 5.55 6.64 4.67 6.42 4.45 0.00
1.17 1.10 1.53 0.00 0.00 0.00 0.00 0.00 0.00 0.00 0.00 0.00 0.00 3.80 0.00 3.36 2.34 3.21 3.21 2.85 3.07 2.99 0.00 2.26 2.92 3.43 0.00 2.92 0.00 0.00 0.00 0.00 0.00 0.00 0.00 0.00 0.00 0.66 0.58 0.00 0.00 0.22 0.29 0.29 0.58 1.97 3.58 4.45 3.58 3.21 5.04 3.72 0.15 0.22 3.07 3.43 3.29 4.82 4.08 7.74 3.43 2.48 5.14 5.48 3.26 4.06 8.91 7.08 7.08 5.69 4.53 6.13 5.33 5.55 3.43 4.82 5.48 6.79 5.04 4.82 4.72 3.76 3.96 3.08
0.80 0.88 0.00 0.00 0.00 0.00 0.00 0.00 0.00 0.00 0.00 0.00 0.00 0.00 0.00 0.00 0.00 3.14 3.14 0.00 2.48 0.00 0.00 0.00 0.00 3.43 2.04 0.00 0.00 0.00 0.00 0.00 0.00 0.00 0.00 0.00 0.00 0.00 0.00 0.00 0.00 0.00 0.00 0.00 0.00 0.07 2.34 4.16 4.74 4.45 5.55 6.20 6.06 6.42 3.80 7.01 5.26 2.56 2.41 1.97 2.26 1.02 8.85 11.10 5.77 6.94 8.30 8.65 8.38 7.92 5.40 5.33 5.55 4.09 3.58 3.87 5.62 3.43 3.52 4.43 4.47 4.92 3.67 3.48
1.17 0.58 1.10 1.39 0.00 1.61 0.00 0.88 0.22 0.29 0.00 0.00 0.00 0.00 0.00 0.00 0.00 0.00 0.00 0.00 0.00 0.00 0.00 0.00 0.00 0.00 0.00 0.00 0.00 0.00 0.00 0.00 0.00 0.00 0.00 0.00 0.00 0.00 0.00 0.00 0.00 0.00 0.00 0.00 0.51 0.44 2.34 3.43 4.53 5.33 5.55 8.25 9.13 10.51 6.64 9.49 8.69 5.62 1.70 1.03 1.10 0.00 1.94 7.22 0.00 5.74 6.28 7.37 7.41 4.45 3.01 3.21 3.07 3.94 2.49 2.26 0.00 2.56 4.11 3.92 4.71 5.18 4.87 6.11
0.80 0.66 1.10 1.46 0.95 1.02 1.83 1.53 1.68 0.88 0.00 0.00 0.00 0.00 0.00 0.00 0.00 0.00 0.00 1.75 0.00 0.00 0.00 0.00 0.00 0.00 0.00 0.00 0.00 0.00 0.00 0.00 0.00 0.00 0.00 0.00 0.00 0.00 0.00 0.00 0.00 0.00 0.00 0.00 0.44 1.46 2.12 2.92 3.07 4.89 5.04 6.64 6.86 10.15 10.00 10.51 10.00 10.80 8.32 4.27 1.62 1.53 6.41 2.26 0.00 0.00 4.12 6.57 6.57 0.00 2.17 2.83 3.67 3.11 1.39 0.00 1.02 0.00 3.24 2.23 4.10 4.06 5.81 6.66
1.61 0.73 0.95 0.88 0.58 1.31 1.53 0.00 0.00 1.02 0.80 0.00 0.00 0.00 0.00 0.00 0.95 1.53 1.53 0.66 0.00 0.00 0.00 0.00 0.00 0.00 0.00 0.00 0.00 0.00 0.00 0.00 0.00 0.00 0.00 0.00 0.00 0.00 0.00 0.00 0.00 0.00 0.00 0.00 0.00 1.24 2.19 2.19 2.26 5.18 5.26 3.94 7.01 7.66 8.47 10.59 11.53 10.88 11.39 3.14 5.26 14.04 7.95 0.00 0.00 2.92 0.00 0.00 0.00 0.00 0.00 2.42 3.34 4.11 3.41 1.98 2.85 1.04 0.00 0.00 2.52 3.63 6.30 7.25
3.07 1.68 0.80 0.37 0.44 0.88 1.53 0.00 0.00 0.00 0.00 0.00 0.00 0.00 0.15 0.44 0.37 0.00 0.00 0.00 0.00 0.00 0.00 0.00 0.00 0.00 0.00 0.00 0.00 0.00 0.00 0.00 0.00 0.00 0.00 0.00 1.46 0.00 0.00 0.00 0.00 0.00 0.00 0.00 0.00 0.00 0.80 2.04 4.89 4.09 7.08 5.84 5.74 7.98 6.96 10.08 10.24 10.00 11.53 11.24 3.80 2.20 9.45 0.00 0.00 0.00 0.00 0.00 0.00 0.00 0.00 0.00 1.86 4.02 4.02 3.58 3.65 2.95 1.09 1.76 0.00 3.38 5.68 5.19
2.92 3.36 1.75 1.97 1.61 1.46 1.53 1.75 0.00 0.00 0.00 0.00 0.00 0.00 0.00 0.00 0.00 0.00 0.00 0.00 0.00 1.31 0.00 0.00 0.00 0.00 0.00 0.00 0.00 0.00 0.00 0.00 0.00 0.00 0.00 0.00 1.10 0.00 0.00 0.00 0.00 0.00 0.00 0.00 0.00 0.22 2.48 4.09 5.77 7.30 9.78 8.61 5.40 5.50 6.94 8.35 11.21 7.74 10.45 8.77 8.51 11.74 10.10 0.00 0.00 0.00 2.17 2.05 2.05 0.00 0.00 0.00 2.90 3.51 5.28 4.70 3.28 3.83 0.00 0.00 4.40 6.58 6.21 5.19
2.63 2.48 2.70 3.07 1.17 2.19 1.46 1.97 1.75 0.00 0.00 0.00 0.00 0.00 0.00 0.00 0.00 0.00 0.00 0.00 0.00 0.00 0.00 0.00 0.00 0.00 0.00 0.22 0.00 0.00 0.00 0.00 0.00 0.00 0.00 0.00 0.00 0.00 0.00 0.00 0.00 0.00 0.58 0.58 0.00 0.00 1.97 3.43 7.81 9.71 10.07 10.29 9.34 8.51 5.29 6.98 6.51 8.26 5.13 9.31 5.45 8.44 8.96 2.09 0.16 0.58 2.89 0.00 0.00 0.00 0.00 0.00 3.08 4.11 4.23 3.96 3.26 1.90 1.74 0.00 4.06 6.55 6.55 4.71
2.04 1.97 0.00 2.56 3.07 2.19 3.21 2.19 3.07 2.19 1.61 1.24 0.15 0.00 0.00 0.00 0.00 0.00 0.00 0.00 0.00 0.00 0.00 0.00 0.00 0.00 0.66 1.68 1.17 1.31 0.58 1.68 1.10 2.48 2.63 0.00 0.00 0.00 0.00 0.00 0.00 1.75 2.77 2.77 1.97 1.61 3.21 3.43 5.11 9.13 10.69 10.45 10.70 10.83 7.94 7.78 5.33 2.99 4.12 4.28 8.22 8.68 6.34 2.41 1.63 1.19 0.00 0.00 0.00 0.00 0.00 0.00 3.59 5.30 4.92 3.36 2.52 2.74 3.13 1.94 3.91 6.99 4.92 3.83
8.40 7.08 5.55 10.22 5.62 4.31 4.16 3.58 3.21 0.00 1.90 0.00 1.90 1.53 0.37 0.00 1.24 1.17 1.17 1.17 1.02 0.44 0.51 0.37 1.17 1.02 0.80 1.53 1.31 1.83 1.10 0.00 0.88 0.58 0.22 0.00 0.00 1.31 1.68 0.95 2.26 2.34 3.80 3.80 4.82 5.77 6.57 8.54 9.78 9.27 10.16 11.58 9.10 7.93 7.04 7.74 6.51 8.45 7.63 11.15 11.37 10.44 4.79 4.21 2.85 0.07 1.00 0.00 0.00 0.00 0.00 1.06 4.16 6.62 5.69 5.11 3.25 2.39 1.67 0.00 0.00 0.00 0.00 3.78
12.48 10.59 10.44 12.19 11.24 10.51 5.48 6.20 0.00 0.00 0.00 0.00 1.24 1.39 1.31 0.58 1.10 1.17 1.17 1.68 1.31 1.17 0.58 0.66 0.88 0.07 0.22 1.46 1.31 1.02 0.51 0.07 0.44 0.29 0.73 1.53 0.80 2.19 1.24 0.00 0.00 1.02 2.34 2.34 2.63 5.33 6.64 8.76 9.33 8.82 9.63 7.41 9.09 7.80 7.75 4.52 7.96 7.26 9.49 8.57 11.58 14.68 5.89 3.91 1.83 0.58 1.83 1.16 1.14 0.80 0.00 0.00 3.17 5.32 5.98 5.84 3.24 0.00 0.00 0.00 0.00 0.00 4.32 4.26
8.98 12.12 11.68 12.78 12.99 12.99 10.59 3.50 3.36 0.00 0.00 0.00 0.00 1.24 1.68 1.24 1.17 0.66 0.66 1.17 1.53 2.26 0.88 0.51 1.10 0.00 0.00 0.58 0.37 0.37 0.00 0.00 0.00 0.00 0.58 1.17 1.68 2.70 0.80 0.00 0.00 0.00 0.00 0.00 2.99 2.48 6.28 6.93 8.27 8.74 9.71 8.46 7.75 9.25 10.32 5.96 4.27 0.00 10.65 13.05 14.68 16.76 8.83 6.79 4.53 2.83 2.31 1.61 1.79 0.00 0.97 0.00 0.00 7.38 7.56 4.79 4.53 1.17 0.00 0.00 0.00 0.00 5.47 6.36
0.00 14.67 7.88 7.59 7.96 10.22 11.75 7.78 0.00 0.00 0.00 0.80 0.00 0.00 0.00 1.83 0.29 1.46 1.46 1.02 1.75 1.39 1.31 0.88 0.66 0.00 0.00 0.00 0.00 0.00 0.00 0.00 0.00 0.00 0.15 0.44 1.10 0.00 0.00 0.00 0.00 0.00 0.00 0.00 1.24 3.14 5.33 6.75 8.03 8.09 8.35 11.20 10.65 9.34 8.92 8.67 0.00 0.00 6.06 10.25 14.51 9.28 9.90 10.15 8.54 5.72 4.09 3.30 3.18 2.32 2.59 0.75 0.00 4.23 6.73 5.54 4.52 2.68 0.00 0.00 0.00 4.97 6.65 8.03
0.00 0.00 0.00 0.00 0.00 7.74 12.12 9.93 10.22 8.18 2.92 0.00 1.24 0.00 0.00 0.07 0.73 1.46 1.46 0.73 1.68 1.68 0.44 0.29 0.00 0.00 0.00 0.00 0.00 0.00 0.00 0.00 0.00 0.00 0.00 0.00 0.00 0.00 0.00 0.00 0.00 0.00 0.00 0.00 0.00 1.68 4.53 6.50 7.74 9.71 9.71 9.78 8.82 8.67 0.00 0.00 0.00 5.29 7.02 9.03 11.27 7.03 7.22 10.07 9.98 10.24 7.63 6.10 6.14 4.35 1.62 0.00 3.47 2.23 3.35 5.02 2.98 3.30 1.55 1.36 2.71 6.14 7.57 10.06
0.00 0.00 0.00 0.00 0.00 0.00 10.22 11.83 11.17 6.13 4.96 2.26 2.41 0.00 1.10 0.00 3.87 0.95 0.95 0.00 0.29 0.00 0.00 0.00 0.00 0.00 0.00 0.00 0.00 0.00 0.00 0.00 0.00 0.00 0.00 0.00 0.00 0.00 0.00 0.00 0.00 0.00 0.00 0.00 0.00 0.00 1.61 4.38 8.30 9.33 9.98 11.71 10.29 9.19 0.00 0.00 0.00 0.00 0.00 8.43 12.73 3.10 4.60 6.32 7.86 15.19 12.53 8.95 10.47 4.68 5.02 1.67 1.17 1.67 1.23 2.42 1.95 2.19 0.00 0.00 4.78 3.53 10.87 9.55
0.00 0.00 0.00 0.00 0.00 0.00 0.00 10.66 11.46 8.98 5.48 2.77 4.67 2.48 4.96 3.65 7.37 3.65 3.65 0.00 0.00 0.00 0.00 0.00 0.00 0.00 0.00 0.00 0.00 0.00 0.00 0.00 0.00 0.00 0.00 0.00 0.00 0.00 0.00 0.00 0.00 0.00 0.00 0.00 0.00 0.00 0.00 0.68 6.04 9.60 7.02 8.41 0.00 0.00 0.00 0.00 0.00 0.00 8.60 9.33 13.20 0.00 2.02 7.06 17.00 16.84 16.42 13.37 14.97 13.09 8.96 4.62 2.46 3.27 1.31 2.81 2.57 2.85 0.00 0.00 0.00 9.86 9.77 0.00
0.00 0.00 0.00 0.00 0.00 0.00 7.74 9.49 11.83 8.61 4.45 5.18 6.64 5.62 3.58 7.93 9.66 6.42 6.42 5.26 0.00 0.95 0.73 0.00 0.00 0.00 0.00 0.00 0.00 0.00 0.00 0.00 0.00 0.00 0.00 0.00 0.00 0.00 0.00 0.00 0.00 0.00 0.00 0.00 0.00 0.00 0.00 0.00 2.22 5.43 7.86 0.00 0.00 0.00 0.00 0.00 0.00 0.00 0.00 0.00 12.12 0.00 0.00 5.43 18.82 17.61 21.69 15.44 15.77 16.54 13.38 5.86 5.01 1.52 0.00 5.23 4.55 5.53 1.02 0.00 0.00 8.09 6.23 0.00
0.00 0.00 0.00 0.00 0.00 0.00 0.00 0.00 6.28 8.69 2.92 4.82 5.84 7.59 10.07 8.66 8.47 9.60 8.96 6.86 2.56 2.77 0.44 0.00 0.00 0.00 0.00 0.00 0.00 0.00 0.00 0.00 0.00 0.00 0.00 0.00 0.00 0.00 0.00 0.88 1.10 0.29 0.00 0.00 0.00 0.00 0.00 0.00 1.54 4.99 6.60 0.00 0.00 0.00 0.00 0.00 0.00 0.00 0.00 0.00 0.00 0.00 0.00 0.00 16.74 15.56 20.70 17.25 21.09 21.70 15.65 9.16 5.68 3.59 3.57 7.35 8.78 7.58 3.83 0.00 0.00 0.00 0.00 0.00
0.00 0.00 0.00 0.00 0.00 0.00 0.00 0.00 0.00 0.00 0.00 0.00 0.00 0.00 0.00 0.00 0.00 0.00 0.00 6.28 7.01 6.28 5.48 4.31 5.55 5.48 4.96 2.77 2.99 4.38 6.42 0.00 0.00 0.00 0.66 3.29 5.26 3.21 2.56 2.27 3.46 3.47 3.29 3.29 0.66 2.92 0.88 2.20 3.19 0.00 0.00 0.00 0.00 0.00 0.00 0.00 0.00 0.00 0.00 0.00 0.00 0.00 0.00 0.00 0.00 21.67 15.79 16.58 18.54 0.00 0.00 10.97 0.00 0.00 0.00 0.00 7.18 0.00 0.00 0.00 0.00 0.00 0.00 0.00
0.00 0.00 0.00 0.00 0.00 0.00 0.00 0.00 0.00 0.00 0.00 0.00 0.00 0.00 0.00 0.00 0.00 0.00 0.00 0.00 0.00 0.00 6.64 5.40 5.91 8.46 7.94 7.30 6.28 6.86 7.96 4.67 2.99 2.04 5.40 7.23 6.94 5.84 4.89 0.00 0.00 3.84 5.33 5.95 5.77 6.72 3.29 1.27 0.00 0.00 0.00 0.00 0.00 0.00 0.00 0.00 0.00 0.00 0.00 0.00 0.00 0.00 0.00 0.00 0.00 0.00 0.00 0.00 0.00 0.00 0.00 0.00 0.00 0.00 0.00 0.00 0.00 0.00 0.00 0.00 0.00 0.00 0.00 0.00
0.00 0.00 0.00 0.00 0.00 0.00 0.00 0.00 0.00 0.00 0.00 0.00 0.00 0.00 0.00 0.00 0.00 0.00 0.00 0.00 0.00 0.00 4.89 3.87 2.92 6.68 5.96 6.20 5.55 5.69 0.00 9.20 7.71 4.74 4.96 5.07 5.69 5.69 0.00 0.00 0.00 0.00 0.00 0.00 7.34 0.00 7.02 0.00 0.00 0.00 0.00 0.00 0.00 0.00 0.00 0.00 0.00 0.00 0.00 0.00 0.00 0.00 0.00 0.00 0.00 0.00 0.00 0.00 0.00 0.00 0.00 0.00 0.00 0.00 0.00 0.00 0.00 0.00 0.00 0.00 0.00 0.00 0.00 0.00
0.00 0.00 0.00 0.00 0.00 0.00 0.00 0.00 0.00 0.00 0.00 0.00 0.00 0.00 0.00 0.00 0.00 0.00 0.00 0.00 0.00 0.00 0.00 0.00 0.00 0.00 0.00 0.00 0.00 0.00 6.06 6.70 9.15 4.16 0.00 0.00 0.00 0.00 0.00 0.00 0.00 0.00 0.00 0.00 0.00 0.00 0.00 0.00 0.00 0.00 0.00 0.00 0.00 0.00 0.00 0.00 0.00 0.00 0.00 0.00 0.00 0.00 0.00 0.00 0.00 0.00 0.00 0.00 0.00 0.00 0.00 0.00 0.00 0.00 0.00 0.00 0.00 0.00 0.00 0.00 0.00 0.00 0.00 0.00
