Wansh/Snow_depth/snowdepth-1993/spring/1993091.txt
ncols 321
nrows 161
xllcenter 60
yllcenter 15 
cellsize  0.25 
NODATA_value -1
[rows 0 to 36 of 161, columns 0 to 83 of 321]
15.55 15.55 11.02 9.49 9.49 19.05 18.83 21.53 24.97 27.16 27.16 27.16 27.23 26.06 25.84 26.28 25.55 24.38 23.87 24.31 24.09 24.38 23.21 23.36 23.43 22.34 22.34 21.32 20.37 20.88 21.53 20.66 20.88 20.22 20.81 20.08 17.81 17.89 17.59 18.91 18.98 17.67 20.00 19.78 17.67 18.47 18.76 19.56 17.01 17.89 17.89 17.89 18.10 17.52 17.67 18.98 21.97 21.46 22.12 22.78 22.92 22.48 22.63 23.21 21.83 22.05 21.17 21.61 20.59 22.34 21.97 24.02 22.85 23.43 22.12 22.27 22.27 21.32 21.83 21.83 20.88 21.39 21.83 22.05
19.49 19.49 18.10 22.85 22.92 24.45 24.82 24.60 25.62 28.69 28.84 28.62 27.30 27.67 28.47 26.57 23.80 25.04 23.94 24.24 22.41 21.83 22.27 21.32 20.44 20.15 20.15 20.51 21.10 19.49 19.20 19.05 19.49 20.37 18.91 18.54 18.10 20.37 20.00 20.66 23.87 23.87 22.34 22.92 23.36 20.29 20.88 20.73 21.75 19.71 18.91 18.91 20.66 20.44 23.00 23.00 22.63 23.65 23.51 24.31 23.94 23.51 22.92 23.14 21.61 20.44 20.66 20.59 20.95 20.95 21.90 22.92 23.51 23.29 23.51 22.78 22.78 23.36 22.70 22.85 21.97 21.24 21.61 19.78
21.02 21.02 21.46 23.14 22.19 24.16 26.21 27.59 28.03 28.03 28.18 27.59 28.62 28.62 28.18 27.38 24.97 24.16 23.73 24.02 22.70 21.10 20.44 20.59 20.51 19.64 19.64 20.00 19.86 16.86 15.18 15.84 16.72 19.13 18.54 20.29 17.96 20.51 21.17 20.15 23.94 23.73 22.92 25.33 25.04 24.02 22.41 23.29 23.43 22.12 21.97 21.97 21.39 23.14 22.70 23.21 22.78 22.70 23.94 24.02 23.36 22.05 22.05 21.32 21.02 22.05 21.46 21.39 21.02 21.61 21.24 22.92 23.00 22.92 23.29 23.65 23.65 23.65 23.14 23.51 21.97 21.17 21.10 20.44
21.02 21.02 21.46 23.14 22.19 24.16 26.21 27.59 28.03 28.03 28.18 27.59 28.62 28.62 28.18 27.38 24.97 24.16 23.73 24.02 22.70 21.10 20.44 20.59 20.51 19.64 19.64 20.00 19.86 16.86 15.18 15.84 16.72 19.13 18.54 20.29 17.96 20.51 21.17 20.15 23.94 23.73 22.92 25.33 25.04 24.02 22.41 23.29 23.43 22.12 21.97 21.97 21.39 23.14 22.70 23.21 22.78 22.70 23.94 24.02 23.36 22.05 22.05 21.32 21.02 22.05 21.46 21.39 21.02 21.61 21.24 22.92 23.00 22.92 23.29 23.65 23.65 23.65 23.14 23.51 21.97 21.17 21.10 20.44
21.10 21.10 21.90 22.34 22.34 25.62 25.26 25.92 27.59 28.03 28.03 28.40 25.99 25.19 24.60 24.89 25.11 23.87 22.56 22.27 22.34 21.53 20.88 20.95 21.17 19.71 19.71 17.89 15.11 15.84 14.89 16.64 15.77 19.27 18.83 19.20 14.97 9.56 15.70 11.24 10.29 19.71 15.11 12.48 9.71 19.64 20.08 15.26 21.17 21.83 16.86 16.86 15.11 12.56 22.78 22.63 22.70 22.12 21.32 19.13 16.94 20.22 19.56 19.86 18.47 18.69 18.47 17.96 16.06 16.35 16.06 18.54 17.96 21.24 23.43 23.43 23.43 23.29 22.34 22.34 20.00 18.98 18.61 17.81
24.09 24.09 24.53 23.21 23.65 25.55 27.45 27.01 28.18 27.81 25.26 27.08 24.89 24.67 23.80 21.90 22.48 22.34 22.12 21.02 19.71 19.86 20.00 20.29 16.86 15.91 15.91 16.28 14.82 14.38 14.16 16.28 18.03 18.54 17.37 14.16 14.16 7.66 2.48 5.69 2.04 0.58 5.04 3.94 3.80 3.14 9.20 9.78 6.72 2.19 3.07 3.07 8.47 13.94 12.56 13.14 11.53 19.56 18.76 18.83 14.67 9.86 9.56 7.08 8.10 7.37 16.06 15.62 14.75 13.51 13.58 15.62 18.61 17.52 22.85 23.43 23.43 23.36 22.92 21.53 22.12 21.53 21.90 22.19
24.67 24.67 24.38 25.04 24.45 25.33 26.50 26.65 26.79 26.94 24.67 23.65 22.85 22.63 22.63 21.32 20.81 19.05 18.83 18.91 19.13 18.69 16.35 16.86 15.48 15.55 15.55 14.16 14.09 14.60 15.11 14.89 17.37 15.48 17.67 14.53 11.75 9.64 4.31 5.99 1.17 1.02 2.85 2.34 0.44 0.00 0.00 0.00 0.37 0.00 0.07 0.07 0.00 7.74 8.18 8.69 6.42 6.57 4.53 5.62 12.78 7.59 5.33 5.26 6.42 9.42 8.54 11.02 9.64 9.71 10.88 12.26 11.97 13.51 16.64 15.77 15.77 20.08 21.46 21.46 22.70 23.21 23.14 23.29
24.67 24.67 24.38 25.04 24.45 25.33 26.50 26.65 26.79 26.94 24.67 23.65 22.85 22.63 22.63 21.32 20.81 19.05 18.83 18.91 19.13 18.69 16.35 16.86 15.48 15.55 15.55 14.16 14.09 14.60 15.11 14.89 17.37 15.48 17.67 14.53 11.75 9.64 4.31 5.99 1.17 1.02 2.85 2.34 0.44 0.00 0.00 0.00 0.37 0.00 0.07 0.07 0.00 7.74 8.18 8.69 6.42 6.57 4.53 5.62 12.78 7.59 5.33 5.26 6.42 9.42 8.54 11.02 9.64 9.71 10.88 12.26 11.97 13.51 16.64 15.77 15.77 20.08 21.46 21.46 22.70 23.21 23.14 23.29
25.04 25.04 24.67 24.97 26.21 26.72 26.50 26.57 26.21 25.55 24.02 23.58 23.21 22.19 21.10 19.64 19.93 18.91 18.54 17.52 17.16 16.43 14.82 13.58 13.43 13.87 13.87 13.80 13.29 13.21 14.67 15.26 15.84 14.60 13.21 14.16 12.63 12.34 9.56 9.49 9.86 4.16 5.40 6.06 7.37 1.31 0.00 0.00 1.31 0.00 0.00 0.00 0.00 0.00 0.00 0.00 0.00 0.00 2.56 0.00 4.45 2.26 2.34 2.63 2.48 4.89 2.26 7.45 8.10 10.73 10.15 12.34 11.90 12.05 12.85 12.12 12.12 16.50 18.18 14.67 18.10 18.54 22.85 23.65
24.89 24.89 25.92 25.55 27.23 26.50 26.57 26.65 25.84 26.65 25.40 24.38 23.14 21.90 20.59 18.83 19.35 17.23 16.06 15.77 13.87 14.82 12.48 13.29 13.80 13.65 13.65 14.16 13.72 13.58 14.16 14.53 13.65 14.89 13.29 13.07 12.56 13.07 11.61 11.83 11.32 11.90 12.48 10.07 10.59 10.29 3.72 2.41 2.41 1.68 0.80 0.80 0.00 0.00 0.00 0.00 0.00 0.00 0.00 0.00 0.00 0.00 0.00 0.00 1.68 0.00 0.00 0.00 5.55 3.80 12.05 17.01 16.13 15.11 12.34 12.63 12.63 13.36 13.72 13.87 13.51 13.51 19.56 21.61
23.94 23.94 24.97 25.77 25.26 25.77 26.13 24.97 25.19 24.31 24.02 22.48 23.21 22.05 21.53 19.13 17.67 17.08 16.86 16.57 13.21 11.90 11.90 11.61 13.29 14.67 14.67 14.24 14.02 13.58 13.80 12.85 10.95 12.19 12.34 12.12 12.99 12.99 13.07 12.92 13.36 12.05 12.26 11.97 12.63 12.41 12.63 9.34 2.04 2.26 0.00 0.00 2.41 2.04 2.48 0.00 0.00 0.00 0.00 0.00 0.44 0.00 0.00 0.00 0.00 0.00 0.00 0.00 0.00 10.59 8.91 16.57 20.95 18.61 14.97 13.65 13.65 16.35 18.91 17.16 14.75 17.89 16.50 19.93
23.94 23.94 24.97 25.77 25.26 25.77 26.13 24.97 25.19 24.31 24.02 22.48 23.21 22.05 21.53 19.13 17.67 17.08 16.86 16.57 13.21 11.90 11.90 11.61 13.29 14.67 14.67 14.24 14.02 13.58 13.80 12.85 10.95 12.19 12.34 12.12 12.99 12.99 13.07 12.92 13.36 12.05 12.26 11.97 12.63 12.41 12.63 9.34 2.04 2.26 0.00 0.00 2.41 2.04 2.48 0.00 0.00 0.00 0.00 0.00 0.44 0.00 0.00 0.00 0.00 0.00 0.00 0.00 0.00 10.59 8.91 16.57 20.95 18.61 14.97 13.65 13.65 16.35 18.91 17.16 14.75 17.89 16.50 19.93
22.56 22.56 22.63 24.09 24.45 24.97 23.29 24.45 25.40 23.73 24.02 21.75 21.83 20.51 20.88 20.08 19.20 18.76 16.35 17.37 14.38 11.75 10.15 10.51 12.48 11.24 11.24 13.07 12.99 13.07 10.51 9.56 9.86 8.98 10.22 10.15 10.59 12.70 12.85 12.26 12.48 12.85 12.99 13.14 13.14 12.70 10.07 10.59 8.61 7.74 3.14 3.14 4.45 4.82 4.89 3.50 0.00 0.00 0.00 0.00 0.00 0.00 0.00 0.00 0.00 0.00 0.00 0.00 6.42 4.74 16.94 21.97 22.05 21.24 15.26 16.79 16.79 13.14 19.71 18.40 19.71 19.49 16.06 16.57
21.61 21.61 21.02 19.56 21.02 22.48 22.12 23.51 22.34 21.02 21.39 20.95 20.15 18.91 17.08 17.59 17.67 17.96 16.64 14.75 11.17 12.26 10.51 8.25 9.64 9.27 9.27 12.26 11.39 11.46 10.66 9.71 7.88 7.88 9.64 10.22 9.86 11.39 11.53 11.32 12.41 12.63 12.41 12.56 10.80 11.46 10.51 10.22 10.29 10.29 10.44 10.44 10.22 6.13 3.87 4.38 0.00 3.58 4.45 4.89 0.00 0.00 0.00 0.00 0.00 0.00 0.00 0.00 4.16 13.58 16.79 20.88 25.40 26.86 22.19 23.14 23.14 17.37 17.59 17.52 18.83 15.84 15.77 16.13
18.32 18.32 18.32 18.32 19.78 18.54 19.56 21.75 19.64 20.29 19.35 18.03 18.03 16.64 15.18 16.06 14.16 15.62 15.33 14.75 13.29 10.37 11.10 7.59 7.08 8.54 8.54 7.88 10.80 11.24 9.86 9.93 10.66 10.80 10.51 10.88 10.80 10.29 12.63 12.19 11.90 12.63 12.99 13.21 11.53 10.95 10.80 13.14 11.68 11.46 11.90 11.90 11.24 12.56 10.95 7.66 5.69 6.28 6.42 6.57 5.55 4.53 0.00 0.00 0.00 5.04 5.26 6.20 7.08 7.45 13.87 23.21 21.53 27.30 26.21 27.23 27.23 22.92 24.24 18.98 16.86 17.59 16.43 19.56
18.10 18.10 17.96 18.61 17.52 17.96 17.74 18.83 14.31 15.04 14.53 14.09 12.78 12.56 12.99 10.66 13.43 14.31 14.02 13.21 13.51 10.29 7.96 6.86 6.50 7.59 7.59 8.98 8.69 10.66 10.44 11.46 11.24 11.02 11.32 10.95 12.78 13.14 13.14 13.07 13.58 12.63 12.70 13.87 13.87 12.41 13.43 13.87 13.87 14.16 13.36 13.36 14.31 12.56 9.20 10.15 7.23 9.49 8.47 8.10 5.69 5.18 4.45 4.38 4.53 4.45 6.64 6.06 7.37 5.18 11.68 17.81 22.12 28.40 28.84 28.84 28.84 25.62 20.51 18.32 19.35 19.49 20.88 17.67
18.10 18.10 17.96 18.61 17.52 17.96 17.74 18.83 14.31 15.04 14.53 14.09 12.78 12.56 12.99 10.66 13.43 14.31 14.02 13.21 13.51 10.29 7.96 6.86 6.50 7.59 7.59 8.98 8.69 10.66 10.44 11.46 11.24 11.02 11.32 10.95 12.78 13.14 13.14 13.07 13.58 12.63 12.70 13.87 13.87 12.41 13.43 13.87 13.87 14.16 13.36 13.36 14.31 12.56 9.20 10.15 7.23 9.49 8.47 8.10 5.69 5.18 4.45 4.38 4.53 4.45 6.64 6.06 7.37 5.18 11.68 17.81 22.12 28.40 28.84 28.84 28.84 25.62 20.51 18.32 19.35 19.49 20.88 17.67
19.20 19.20 19.42 17.67 16.64 14.53 14.31 15.84 14.75 13.21 14.09 11.83 12.19 11.32 10.73 10.88 11.24 12.41 13.87 12.19 12.85 10.29 8.47 7.01 8.69 9.05 9.05 9.64 10.44 10.80 10.73 11.02 10.59 10.15 12.12 12.48 12.34 12.63 13.72 13.43 15.18 15.84 14.67 14.75 14.38 15.99 14.09 14.67 14.24 14.45 13.14 13.14 13.14 12.78 9.49 6.94 7.23 9.49 9.05 9.56 6.72 8.25 7.52 8.40 5.91 4.60 4.53 4.82 4.53 4.96 5.18 17.16 25.55 24.02 27.45 26.72 26.72 24.45 18.91 20.22 18.03 16.94 19.56 20.66
20.37 20.37 21.83 19.35 19.27 15.91 13.43 12.78 12.78 14.75 13.72 14.02 12.85 11.53 12.41 12.56 13.29 13.36 13.14 13.72 11.61 12.12 9.49 13.29 12.26 13.29 13.29 13.87 11.46 11.75 11.68 11.32 13.51 12.78 12.85 12.34 12.48 12.26 16.28 16.35 16.79 17.01 17.30 15.77 15.99 17.23 19.20 18.98 15.33 13.29 13.51 13.51 12.99 11.90 11.97 12.92 16.06 11.10 11.10 7.81 8.40 8.40 9.93 7.74 8.32 5.33 4.74 5.04 4.89 3.43 3.50 5.62 5.84 19.71 25.62 24.82 24.82 25.19 24.31 16.94 13.29 13.07 16.21 14.97
23.21 23.21 23.94 22.27 22.70 18.83 16.28 17.30 17.16 15.99 14.82 15.84 14.67 14.02 14.38 13.94 15.33 15.48 13.87 14.24 13.65 13.51 14.38 13.72 15.62 15.40 15.40 15.33 14.53 12.85 11.75 13.65 13.43 14.02 12.48 13.07 15.04 17.30 16.79 19.78 19.05 19.20 19.35 20.08 20.15 17.89 20.51 19.49 19.93 16.64 12.34 12.34 13.29 11.32 13.51 12.48 15.77 17.16 16.94 16.94 15.11 13.87 14.02 12.48 10.88 7.96 8.61 7.01 6.42 6.72 5.18 4.53 8.98 7.45 13.87 17.37 17.37 25.11 20.51 19.71 17.59 15.26 13.21 14.02
22.41 22.41 24.67 25.48 23.94 21.75 18.98 16.72 17.67 18.10 18.03 18.47 17.89 17.08 17.45 18.25 15.99 14.09 14.45 13.43 13.72 13.43 18.10 16.72 17.01 15.11 15.11 16.72 13.72 14.02 14.24 14.53 13.87 14.02 13.14 15.70 15.55 20.29 21.68 21.17 23.14 21.61 21.68 21.61 20.66 20.88 20.44 20.88 17.30 17.67 12.56 12.56 9.34 12.99 11.46 16.57 17.37 17.23 17.52 16.43 16.50 14.45 12.92 13.07 11.75 9.93 9.05 9.20 9.05 8.03 9.56 7.74 7.59 5.40 10.88 12.56 12.56 17.23 18.10 20.08 19.64 19.42 16.50 14.60
22.70 22.70 24.31 25.77 24.97 23.14 20.81 18.25 17.30 17.74 17.59 19.27 20.22 18.03 18.54 17.45 17.37 15.11 17.59 15.62 17.08 18.47 18.10 17.59 17.30 17.52 17.52 17.23 18.03 15.26 15.33 13.80 13.43 15.40 15.04 17.59 21.68 21.39 22.48 22.70 21.83 22.19 21.83 20.00 19.93 20.44 21.10 20.88 18.54 14.75 15.84 15.84 11.24 14.24 15.91 16.43 15.11 13.58 14.60 13.65 15.11 13.43 12.19 11.61 11.61 13.94 13.14 15.04 12.05 9.78 10.29 8.83 8.91 5.91 6.86 7.81 7.81 11.61 11.02 15.11 18.54 16.06 12.85 14.38
22.70 22.70 24.31 25.77 24.97 23.14 20.81 18.25 17.30 17.74 17.59 19.27 20.22 18.03 18.54 17.45 17.37 15.11 17.59 15.62 17.08 18.47 18.10 17.59 17.30 17.52 17.52 17.23 18.03 15.26 15.33 13.80 13.43 15.40 15.04 17.59 21.68 21.39 22.48 22.70 21.83 22.19 21.83 20.00 19.93 20.44 21.10 20.88 18.54 14.75 15.84 15.84 11.24 14.24 15.91 16.43 15.11 13.58 14.60 13.65 15.11 13.43 12.19 11.61 11.61 13.94 13.14 15.04 12.05 9.78 10.29 8.83 8.91 5.91 6.86 7.81 7.81 11.61 11.02 15.11 18.54 16.06 12.85 14.38
23.73 23.73 25.40 25.70 25.62 20.15 18.10 16.72 15.99 15.99 16.21 17.45 16.43 18.25 19.35 18.83 18.76 18.91 18.91 17.81 17.08 17.59 18.32 18.40 18.91 21.61 21.61 19.56 20.29 17.67 13.72 14.31 15.77 16.72 21.39 20.73 23.21 25.04 25.04 23.58 23.43 23.36 23.94 23.36 20.08 19.42 21.75 22.27 23.00 22.70 15.26 15.26 15.99 14.82 17.52 16.28 16.86 14.31 13.87 14.97 14.60 15.04 14.31 13.51 12.70 13.80 15.04 14.97 13.94 12.85 12.05 12.56 9.86 6.57 5.62 5.99 5.99 9.13 11.97 11.17 12.26 12.99 13.36 12.19
19.71 19.71 17.59 21.53 21.24 20.00 16.57 15.48 11.17 13.94 15.91 17.52 16.79 19.49 19.64 18.91 17.08 19.05 19.20 19.05 18.47 19.49 18.83 18.69 19.05 22.41 22.41 21.17 19.27 19.71 16.35 18.76 18.98 18.76 23.07 25.33 25.11 27.23 28.11 29.13 28.76 26.79 26.57 26.79 25.70 26.28 22.34 24.67 24.89 23.73 24.02 24.02 21.17 19.93 17.81 18.10 16.28 16.57 15.18 14.60 15.04 15.04 15.18 15.04 16.72 15.18 15.77 14.60 14.31 14.02 13.87 13.87 13.65 11.68 7.15 8.32 8.32 5.62 6.13 8.40 12.12 13.14 11.24 11.75
17.45 17.45 15.18 10.44 4.45 17.74 8.03 5.84 8.91 14.75 16.64 20.15 18.98 20.59 18.76 19.27 15.99 17.96 20.81 22.41 21.61 22.05 20.15 22.92 23.43 23.29 23.29 21.97 20.37 21.68 21.68 22.19 23.73 24.31 25.19 26.21 24.45 25.55 27.74 30.15 30.59 30.81 30.30 28.62 28.62 28.76 27.01 24.45 26.79 25.19 23.65 23.65 24.09 21.75 22.12 20.66 21.53 17.45 16.06 16.43 16.28 16.35 17.45 17.30 18.18 16.28 14.75 15.62 14.60 13.43 18.40 17.96 14.82 15.70 13.51 14.24 14.24 7.66 8.54 6.64 10.29 12.99 14.24 14.53
14.60 14.60 15.70 10.59 1.53 1.61 2.99 8.18 4.38 10.00 11.75 10.00 17.23 15.18 5.11 13.36 17.30 17.08 17.52 23.65 25.04 24.60 23.94 22.78 24.38 22.56 22.56 22.63 23.14 21.53 15.40 17.37 21.61 18.98 20.51 27.23 24.16 20.59 25.04 28.84 29.86 28.47 28.62 30.66 29.49 29.49 26.28 20.15 19.56 23.65 23.87 23.87 24.31 24.24 23.87 21.53 17.23 18.25 15.26 15.70 16.64 16.79 17.16 18.98 22.19 19.56 18.98 19.35 18.98 19.05 18.98 19.42 23.65 20.73 16.13 20.15 20.15 14.82 15.04 9.20 10.59 7.81 16.57 14.16
10.88 10.88 8.98 3.72 2.85 0.00 0.00 0.00 0.00 2.34 3.43 2.63 0.00 0.00 0.00 5.26 3.14 14.16 11.10 20.51 15.11 21.24 20.59 26.06 25.70 24.31 24.31 22.85 23.51 20.22 9.56 1.39 12.63 12.41 11.02 18.25 20.44 17.89 21.75 21.17 29.49 27.23 26.50 26.21 26.43 22.70 19.20 19.42 19.27 19.71 19.93 19.93 20.22 22.41 24.53 23.58 23.87 20.66 19.56 17.89 19.42 22.78 24.53 24.31 26.21 26.21 23.14 23.94 21.61 21.75 22.05 24.09 25.70 22.19 23.43 25.62 25.62 20.59 22.85 15.11 13.14 12.48 12.19 14.97
10.88 10.88 8.98 3.72 2.85 0.00 0.00 0.00 0.00 2.34 3.43 2.63 0.00 0.00 0.00 5.26 3.14 14.16 11.10 20.51 15.11 21.24 20.59 26.06 25.70 24.31 24.31 22.85 23.51 20.22 9.56 1.39 12.63 12.41 11.02 18.25 20.44 17.89 21.75 21.17 29.49 27.23 26.50 26.21 26.43 22.70 19.20 19.42 19.27 19.71 19.93 19.93 20.22 22.41 24.53 23.58 23.87 20.66 19.56 17.89 19.42 22.78 24.53 24.31 26.21 26.21 23.14 23.94 21.61 21.75 22.05 24.09 25.70 22.19 23.43 25.62 25.62 20.59 22.85 15.11 13.14 12.48 12.19 14.97
9.05 9.05 7.52 0.00 2.70 0.95 0.00 0.00 0.00 0.00 0.00 0.00 0.00 0.00 0.00 0.00 0.00 4.45 0.00 7.01 5.26 15.99 17.67 24.31 24.60 22.85 22.85 22.34 10.22 12.05 3.72 0.00 0.00 4.31 4.23 1.75 12.99 12.05 17.30 13.21 17.37 23.65 26.86 27.67 28.11 27.89 25.92 20.95 20.66 21.24 21.17 21.17 22.85 22.70 24.82 26.57 24.60 25.48 23.00 23.21 25.33 24.82 27.01 28.47 27.96 29.78 28.84 20.29 20.44 21.10 20.88 21.24 13.72 14.89 20.81 14.60 14.60 24.16 17.52 18.47 15.91 13.21 12.48 13.14
9.20 9.20 1.75 0.00 0.00 0.00 0.00 0.00 0.00 0.00 0.00 0.00 0.00 0.00 0.00 0.00 0.00 0.00 0.00 0.00 0.00 0.00 6.20 4.31 18.10 10.44 10.44 11.32 8.54 0.00 0.00 0.00 0.00 0.00 0.00 0.00 0.00 8.47 8.61 8.40 9.42 15.70 25.26 28.32 29.71 28.32 29.35 29.49 29.13 24.82 24.38 24.38 23.29 24.67 24.60 26.86 26.43 24.31 24.89 24.53 26.72 18.83 25.99 24.31 12.48 10.80 17.52 16.64 17.81 18.54 6.64 10.51 10.44 0.88 4.02 2.56 2.56 4.23 10.73 5.84 15.40 11.39 10.22 8.40
0.00 0.00 0.00 0.00 0.00 0.00 0.00 0.00 0.00 0.00 0.00 0.00 0.00 0.00 0.00 0.00 0.00 0.00 0.00 0.00 0.00 0.00 0.37 0.00 6.57 5.18 5.18 0.44 7.59 0.00 0.00 0.00 0.00 0.00 0.00 0.00 0.00 0.00 1.68 1.97 3.65 6.79 15.55 23.29 29.13 31.24 31.61 31.61 30.59 27.96 25.99 25.99 25.77 26.57 22.78 15.62 23.36 8.76 7.23 10.15 8.47 9.49 7.01 5.33 2.41 2.48 1.75 0.00 0.44 2.85 2.70 0.00 0.00 0.00 0.00 0.00 0.00 0.00 0.00 0.58 1.68 8.25 4.45 7.59
0.00 0.00 0.00 0.00 0.00 0.00 0.00 0.00 0.00 0.00 0.00 0.00 0.00 0.00 0.00 0.00 0.00 0.00 0.00 0.00 0.00 0.00 0.00 0.00 0.00 0.44 0.44 0.00 0.00 0.00 0.00 0.00 0.00 0.00 0.00 0.00 0.00 0.00 0.00 0.00 2.04 1.39 9.34 19.20 18.40 29.86 26.94 28.40 27.89 28.47 26.13 26.13 24.45 24.60 19.42 9.27 2.92 1.24 0.15 0.00 4.23 3.07 0.00 0.00 0.00 0.00 0.00 0.00 0.00 0.00 0.00 0.00 0.00 0.00 0.00 0.00 0.00 0.00 0.00 0.22 0.00 0.00 0.00 6.35
0.00 0.00 0.00 0.00 0.00 0.00 0.00 0.00 0.00 0.00 0.00 0.00 0.00 0.00 0.00 0.00 0.00 0.00 0.00 0.00 0.00 0.00 0.00 0.00 0.00 0.00 0.00 0.00 0.00 0.00 0.00 0.00 0.00 0.00 0.00 0.00 0.00 0.00 0.00 0.00 0.00 4.60 3.21 11.90 8.69 4.60 18.03 20.44 23.36 22.70 23.07 23.07 20.51 13.14 6.13 7.01 1.39 0.00 0.00 0.00 0.00 0.00 0.00 0.00 0.00 0.00 0.00 0.00 0.00 0.00 0.00 0.00 0.00 0.00 0.00 0.00 0.00 0.00 0.00 0.00 0.00 0.00 0.00 0.00
0.00 0.00 0.00 0.00 0.00 0.00 0.00 0.00 0.00 0.00 0.00 0.00 0.00 0.00 0.00 0.00 0.00 0.00 0.00 0.00 0.00 0.00 0.00 0.00 0.00 0.00 0.00 0.00 0.00 0.00 0.00 0.00 0.00 0.00 0.00 0.00 0.00 0.00 0.00 0.00 0.00 0.00 1.68 1.10 2.26 0.00 1.24 0.00 0.00 1.90 1.68 1.68 10.37 3.87 0.00 0.00 0.00 0.00 0.00 0.00 0.00 0.00 0.00 0.00 0.00 0.00 0.00 0.00 0.00 0.00 0.00 0.00 0.00 0.00 0.00 0.00 0.00 0.00 0.00 0.00 0.00 0.00 0.00 0.00
0.00 0.00 0.00 0.00 0.00 0.00 0.00 0.00 0.00 0.00 0.00 0.00 0.00 0.00 0.00 0.00 0.00 0.00 0.00 0.00 0.00 0.00 0.00 0.00 0.00 0.00 0.00 0.00 0.00 0.00 0.00 0.00 0.00 0.00 0.00 0.00 0.00 0.00 0.00 0.00 0.00 0.00 1.68 1.10 2.26 0.00 1.24 0.00 0.00 1.90 1.68 1.68 10.37 3.87 0.00 0.00 0.00 0.00 0.00 0.00 0.00 0.00 0.00 0.00 0.00 0.00 0.00 0.00 0.00 0.00 0.00 0.00 0.00 0.00 0.00 0.00 0.00 0.00 0.00 0.00 0.00 0.00 0.00 0.00
0.00 0.00 0.00 0.00 0.00 0.00 0.00 0.00 0.00 0.00 0.00 0.00 0.00 0.00 0.00 0.00 0.00 0.00 0.00 0.00 0.00 0.00 0.00 0.00 0.00 0.00 0.00 0.00 0.00 0.00 0.00 0.00 0.00 0.00 0.00 0.00 0.00 0.00 0.00 0.00 0.00 0.00 0.00 0.00 0.00 0.00 0.00 0.00 0.00 0.00 0.00 0.00 0.00 0.00 0.00 0.00 0.00 0.00 0.00 0.00 0.00 0.00 0.00 0.00 0.00 0.00 0.00 0.00 0.00 0.00 0.00 0.00 0.00 0.00 0.00 0.00 0.00 0.00 0.00 0.00 0.00 0.00 0.00 0.00
