Wansh/Snow_depth/snowdepth-1993/spring/1993094.txt
ncols 321
nrows 161
xllcenter 60
yllcenter 15 
cellsize  0.25 
NODATA_value -1
[rows 0 to 36 of 161, columns 0 to 83 of 321]
10.73 10.73 15.48 14.75 19.71 15.40 13.21 18.98 17.37 24.31 23.58 26.79 26.79 27.16 26.13 23.94 24.60 22.05 23.14 23.00 23.21 23.36 22.19 14.97 10.88 13.14 13.14 12.78 14.16 15.04 15.04 13.94 14.16 13.87 14.38 14.38 15.40 15.40 14.53 14.02 13.94 14.09 13.94 13.94 16.64 17.74 18.54 17.81 20.22 20.22 20.22 20.22 21.24 19.27 18.76 18.76 19.56 22.41 24.67 23.94 24.24 23.73 24.82 23.65 23.51 23.65 22.92 21.90 22.12 23.07 23.87 23.80 24.38 23.51 23.51 23.29 23.29 21.90 22.05 22.70 22.27 23.21 22.56 22.56
12.48 12.48 16.64 20.59 20.00 22.56 23.51 23.87 24.82 24.75 26.86 29.27 28.91 31.10 30.37 30.66 28.62 27.30 27.59 25.33 23.21 23.43 16.94 10.59 11.61 10.66 10.66 13.29 12.63 13.14 11.17 12.41 12.19 12.12 14.45 14.97 14.45 18.83 17.59 18.25 19.13 20.66 21.53 21.53 20.66 20.15 20.44 18.18 19.71 20.29 20.81 20.81 20.51 18.91 24.02 24.31 24.45 24.75 24.89 26.43 26.21 25.33 25.70 24.45 23.65 22.78 23.00 22.19 22.92 22.85 23.51 24.16 24.67 23.87 23.73 23.94 23.94 23.36 23.80 23.58 23.43 23.87 22.34 21.02
19.20 19.20 19.27 19.49 23.07 23.87 24.16 24.31 24.45 25.99 25.92 27.59 29.78 29.71 30.30 30.00 30.22 28.69 27.01 27.38 25.84 20.00 17.37 18.25 13.65 12.63 12.63 12.63 12.70 12.05 12.34 9.27 9.86 15.40 16.43 17.45 17.08 17.96 18.61 20.44 19.13 21.83 22.34 21.97 22.41 22.56 21.90 20.29 20.59 20.00 22.56 22.56 23.87 24.82 24.60 24.67 24.24 24.31 25.04 25.19 25.55 23.73 24.45 24.53 23.94 23.29 23.36 23.21 23.07 20.44 21.10 23.07 21.24 23.87 23.36 23.07 23.07 23.65 23.43 22.78 24.16 22.19 19.64 21.53
19.20 19.20 19.27 19.49 23.07 23.87 24.16 24.31 24.45 25.99 25.92 27.59 29.78 29.71 30.30 30.00 30.22 28.69 27.01 27.38 25.84 20.00 17.37 18.25 13.65 12.63 12.63 12.63 12.70 12.05 12.34 9.27 9.86 15.40 16.43 17.45 17.08 17.96 18.61 20.44 19.13 21.83 22.34 21.97 22.41 22.56 21.90 20.29 20.59 20.00 22.56 22.56 23.87 24.82 24.60 24.67 24.24 24.31 25.04 25.19 25.55 23.73 24.45 24.53 23.94 23.29 23.36 23.21 23.07 20.44 21.10 23.07 21.24 23.87 23.36 23.07 23.07 23.65 23.43 22.78 24.16 22.19 19.64 21.53
20.66 20.66 18.47 21.17 20.44 23.73 24.09 24.38 26.72 28.25 28.11 27.96 26.65 26.86 27.81 27.67 26.21 25.04 25.04 24.16 20.95 21.61 19.35 16.57 14.89 15.26 15.26 14.82 14.31 12.26 13.65 12.26 13.65 17.08 15.84 16.13 11.10 12.05 15.91 12.70 16.50 7.74 8.54 14.24 19.05 20.59 12.34 15.33 19.42 20.22 21.97 21.97 11.90 14.89 21.61 24.09 22.85 23.87 20.29 21.10 21.02 21.90 23.51 22.05 22.48 23.00 22.12 19.35 19.49 18.25 16.43 20.08 19.27 22.63 22.63 22.70 22.70 22.34 23.65 22.63 20.29 21.68 18.61 17.89
23.58 23.58 22.34 22.70 23.21 24.60 26.28 26.50 27.45 28.25 27.81 28.32 26.35 23.65 25.77 22.19 18.83 22.48 17.74 16.43 16.28 16.21 16.06 13.51 15.48 12.92 12.92 12.99 13.51 13.36 13.72 15.33 17.30 17.45 15.91 16.43 14.24 6.13 4.96 1.75 1.31 1.39 3.07 7.74 2.70 5.33 4.96 11.68 13.07 7.15 6.13 6.13 5.33 12.70 18.03 11.97 16.79 18.69 19.42 18.61 13.65 16.21 15.33 17.45 13.36 18.40 17.01 18.03 14.82 14.75 14.82 12.70 16.86 17.45 18.10 21.97 21.97 22.41 21.17 22.27 20.37 21.17 18.76 19.42
24.75 24.75 23.21 24.09 23.80 25.48 26.72 26.79 26.28 25.26 25.84 24.31 22.85 22.92 21.46 18.32 19.35 15.55 13.87 15.26 14.02 14.09 12.99 13.21 12.63 12.41 12.41 13.51 12.70 14.09 15.33 16.57 16.94 15.70 12.26 17.23 10.29 13.94 6.42 3.14 7.30 3.50 1.53 2.48 1.53 2.12 0.00 0.00 3.72 0.15 0.00 0.00 0.00 3.87 0.00 7.23 9.71 2.85 7.37 7.01 12.05 10.37 8.54 7.81 10.88 14.45 13.29 12.05 13.80 10.00 10.88 11.97 12.26 14.45 15.11 15.84 15.84 20.08 20.15 18.10 21.46 21.75 21.17 20.88
24.75 24.75 23.21 24.09 23.80 25.48 26.72 26.79 26.28 25.26 25.84 24.31 22.85 22.92 21.46 18.32 19.35 15.55 13.87 15.26 14.02 14.09 12.99 13.21 12.63 12.41 12.41 13.51 12.70 14.09 15.33 16.57 16.94 15.70 12.26 17.23 10.29 13.94 6.42 3.14 7.30 3.50 1.53 2.48 1.53 2.12 0.00 0.00 3.72 0.15 0.00 0.00 0.00 3.87 0.00 7.23 9.71 2.85 7.37 7.01 12.05 10.37 8.54 7.81 10.88 14.45 13.29 12.05 13.80 10.00 10.88 11.97 12.26 14.45 15.11 15.84 15.84 20.08 20.15 18.10 21.46 21.75 21.17 20.88
23.36 23.36 25.62 25.19 26.94 27.74 27.74 27.16 27.08 25.26 24.38 22.92 23.29 21.17 17.81 18.40 15.55 13.43 13.58 13.51 14.45 14.24 14.45 13.51 12.34 12.19 12.19 12.85 13.43 14.82 16.72 17.01 16.06 15.77 12.63 15.70 14.38 14.38 12.78 11.24 11.83 6.57 6.64 7.81 4.74 5.84 0.00 0.00 0.00 0.00 0.00 0.00 0.00 0.00 0.00 0.00 0.00 0.00 3.80 2.99 4.74 4.16 6.20 4.09 7.88 6.79 7.52 5.11 5.26 9.13 9.78 10.15 13.43 13.51 13.07 13.21 13.21 12.70 17.67 15.55 14.53 18.98 20.22 21.39
22.85 22.85 25.40 26.13 26.13 26.94 26.43 26.65 24.97 24.09 24.09 23.07 21.46 21.83 18.03 15.48 14.38 14.75 13.58 12.41 12.34 12.85 13.72 13.21 14.09 13.14 13.14 13.65 14.60 15.99 16.86 16.06 17.08 14.67 14.75 15.40 15.55 14.97 15.11 15.70 14.31 13.72 13.87 11.17 12.56 8.83 5.84 0.80 1.83 0.00 0.00 0.00 0.00 0.00 0.00 0.00 0.00 0.00 0.00 0.00 2.92 2.48 1.31 3.43 4.09 0.00 1.97 4.60 3.58 4.16 9.64 14.97 14.31 14.53 13.21 11.90 11.90 12.56 13.21 12.99 12.92 15.70 14.75 20.66
22.70 22.70 24.45 24.45 23.58 24.31 24.31 24.75 24.60 24.60 23.36 22.12 22.19 20.37 17.81 18.54 15.77 14.97 15.33 13.65 13.29 11.68 13.07 12.78 13.80 14.02 14.02 14.60 13.87 14.24 14.82 14.67 13.87 12.70 13.14 16.28 15.40 15.26 15.33 14.89 14.53 12.78 13.58 13.65 13.65 13.21 12.85 9.64 5.18 1.90 0.00 0.00 0.00 0.00 0.00 0.00 0.00 0.00 0.00 0.00 0.00 0.37 0.15 1.68 0.00 0.95 1.10 0.58 0.00 8.32 8.54 15.48 16.94 16.94 15.70 12.78 12.78 12.34 14.75 17.74 16.79 16.79 21.46 21.17
22.70 22.70 24.45 24.45 23.58 24.31 24.31 24.75 24.60 24.60 23.36 22.12 22.19 20.37 17.81 18.54 15.77 14.97 15.33 13.65 13.29 11.68 13.07 12.78 13.80 14.02 14.02 14.60 13.87 14.24 14.82 14.67 13.87 12.70 13.14 16.28 15.40 15.26 15.33 14.89 14.53 12.78 13.58 13.65 13.65 13.21 12.85 9.64 5.18 1.90 0.00 0.00 0.00 0.00 0.00 0.00 0.00 0.00 0.00 0.00 0.00 0.37 0.15 1.68 0.00 0.95 1.10 0.58 0.00 8.32 8.54 15.48 16.94 16.94 15.70 12.78 12.78 12.34 14.75 17.74 16.79 16.79 21.46 21.17
22.05 22.05 22.27 22.41 22.92 22.56 24.09 23.87 24.24 23.43 23.94 21.46 20.08 20.73 18.25 17.16 16.21 16.43 16.50 13.43 12.41 10.44 10.80 11.61 12.41 12.05 12.05 13.65 12.26 12.26 12.85 11.97 12.41 11.02 14.02 13.72 14.16 14.53 14.24 14.45 14.38 13.87 14.53 13.87 13.58 13.43 12.26 9.86 8.61 5.55 7.66 7.66 5.40 5.11 1.24 1.24 0.00 2.26 0.29 0.00 0.00 1.39 0.00 0.00 0.00 0.00 0.00 0.00 2.70 8.69 16.72 15.11 19.20 17.59 18.25 16.43 16.43 16.64 15.55 18.83 20.59 20.59 21.24 16.50
18.25 18.25 20.66 18.76 19.64 21.46 22.85 22.05 22.12 22.34 19.78 17.89 18.18 15.70 15.77 15.62 15.84 15.77 15.40 12.26 12.99 10.66 8.25 8.47 10.15 8.98 8.98 8.69 9.78 10.59 9.49 9.71 10.29 10.00 13.36 12.99 13.51 13.72 14.38 14.02 14.38 14.16 13.58 12.85 12.41 12.05 10.88 9.71 9.05 9.93 8.91 8.91 7.01 4.31 5.84 3.87 2.56 2.34 2.99 3.50 2.34 2.92 0.37 2.63 1.46 1.61 2.92 3.29 3.36 6.50 10.66 18.83 18.10 21.10 18.47 18.83 18.83 19.27 18.91 18.54 18.61 16.43 16.28 16.06
17.45 17.45 17.52 18.83 18.54 19.05 20.37 20.08 21.24 19.42 19.71 17.89 15.91 12.19 13.29 12.99 14.89 15.18 14.89 15.26 12.19 8.76 6.42 5.55 7.74 7.45 7.45 7.45 8.18 10.51 8.61 11.39 11.90 12.26 12.99 13.07 13.36 13.58 13.87 15.18 14.09 13.07 13.43 13.36 13.87 14.89 10.51 12.19 11.24 11.39 8.91 8.91 7.45 8.98 7.37 4.53 5.91 3.87 4.16 3.58 2.92 2.92 3.65 2.92 2.85 2.85 3.07 3.72 4.09 7.96 7.96 13.51 21.10 20.44 22.27 21.32 21.32 20.95 21.53 18.91 17.67 17.74 19.64 19.49
16.35 16.35 17.37 16.94 15.48 17.23 14.24 15.11 15.55 15.40 14.38 12.48 11.39 11.97 10.80 10.95 12.92 14.02 14.67 12.70 11.02 10.00 10.07 6.13 5.91 5.11 5.11 6.42 7.88 9.71 12.48 11.90 11.83 11.97 13.65 13.80 14.82 14.89 15.04 15.11 14.38 14.16 14.53 14.82 14.67 15.11 11.97 11.39 12.34 11.90 10.95 10.95 12.19 11.68 7.96 9.49 5.99 5.04 7.15 3.87 5.26 3.29 2.48 1.17 2.12 0.66 1.75 1.68 4.16 3.72 12.34 11.17 15.55 22.85 22.63 23.21 23.21 22.63 20.08 21.02 17.81 21.17 20.08 20.51
16.35 16.35 17.37 16.94 15.48 17.23 14.24 15.11 15.55 15.40 14.38 12.48 11.39 11.97 10.80 10.95 12.92 14.02 14.67 12.70 11.02 10.00 10.07 6.13 5.91 5.11 5.11 6.42 7.88 9.71 12.48 11.90 11.83 11.97 13.65 13.80 14.82 14.89 15.04 15.11 14.38 14.16 14.53 14.82 14.67 15.11 11.97 11.39 12.34 11.90 10.95 10.95 12.19 11.68 7.96 9.49 5.99 5.04 7.15 3.87 5.26 3.29 2.48 1.17 2.12 0.66 1.75 1.68 4.16 3.72 12.34 11.17 15.55 22.85 22.63 23.21 23.21 22.63 20.08 21.02 17.81 21.17 20.08 20.51
16.79 16.79 16.64 14.60 15.26 12.34 12.56 12.48 12.99 13.21 13.43 11.90 12.12 10.29 10.73 10.22 11.32 12.48 12.99 11.61 11.83 10.88 10.80 8.98 9.93 7.66 7.66 7.96 8.83 11.10 11.17 11.17 11.32 13.07 13.07 14.24 14.45 14.38 14.16 15.91 15.62 15.40 15.55 14.82 14.82 12.26 12.19 12.56 12.26 11.75 11.75 11.75 11.97 10.15 7.88 8.76 4.53 7.23 6.42 4.67 4.53 4.53 4.09 3.07 3.29 4.09 2.41 2.34 2.63 3.14 2.56 11.75 11.24 13.43 22.27 22.41 22.41 21.17 19.86 15.99 16.13 15.40 19.35 20.22
17.59 17.59 17.08 15.11 14.45 13.94 12.70 13.72 13.43 13.58 12.92 12.26 11.10 11.53 10.88 12.41 13.94 14.60 13.29 12.05 11.83 11.24 12.48 11.61 13.58 8.47 8.47 11.75 11.97 11.46 11.61 11.90 12.26 11.02 11.68 14.09 14.02 15.18 16.28 17.01 17.01 17.37 16.06 16.79 15.55 13.14 12.56 15.04 12.56 12.63 12.92 12.92 12.41 11.53 10.73 9.42 10.80 10.29 8.03 9.64 6.72 7.52 7.59 10.15 4.23 5.48 5.40 1.83 2.92 1.10 1.31 2.92 10.66 8.98 18.69 21.39 21.39 20.88 19.42 13.87 12.26 11.53 10.88 13.36
16.06 16.06 18.40 17.01 16.72 14.67 14.60 14.45 14.97 14.16 15.04 15.11 15.18 13.58 13.43 14.16 13.36 13.58 15.04 12.99 12.48 12.99 14.53 14.45 15.70 12.26 12.26 13.21 12.92 12.48 12.56 12.99 11.61 12.92 12.99 14.24 16.43 15.48 16.64 17.30 20.29 18.76 18.10 18.40 17.08 14.75 16.94 16.50 15.11 12.92 11.61 11.61 9.86 9.86 9.64 10.73 13.58 14.16 11.61 11.32 10.07 12.48 10.37 10.07 10.59 6.79 6.20 4.74 4.82 2.04 1.97 3.07 6.64 8.83 7.96 10.80 10.80 17.81 15.26 15.62 11.46 11.75 10.88 11.83
12.48 12.48 17.08 18.18 19.35 16.50 15.84 16.57 14.82 15.48 15.33 16.35 16.28 16.50 15.26 14.53 13.21 11.75 11.97 12.63 14.16 14.31 17.23 15.62 11.32 11.17 11.17 13.51 13.87 14.31 14.09 13.72 13.14 12.63 13.07 15.11 16.72 19.27 20.00 20.88 20.73 20.59 19.49 19.93 18.69 16.28 16.57 17.37 16.64 14.89 11.61 11.61 8.03 9.20 13.43 14.24 14.24 14.16 13.87 14.60 14.38 13.80 11.61 10.15 10.29 8.18 8.91 7.96 7.08 9.64 5.55 6.64 7.01 5.69 8.47 6.57 6.57 9.71 14.45 15.40 14.67 14.75 12.78 13.87
14.89 14.89 18.98 19.78 20.81 18.69 17.16 17.52 15.62 14.89 15.11 16.57 17.37 17.37 15.99 16.28 15.77 12.99 14.24 14.75 14.16 17.16 15.91 13.36 16.79 13.58 13.58 13.65 14.38 15.40 13.87 13.58 13.36 13.21 13.29 17.23 18.83 19.86 20.37 20.29 19.27 18.32 18.61 17.67 16.43 18.18 18.18 18.03 18.47 16.72 12.41 12.41 9.86 16.57 16.13 15.48 14.60 13.43 13.51 13.43 12.78 11.46 11.68 9.71 9.34 10.22 9.64 12.70 11.02 11.53 9.20 7.23 5.91 6.13 4.74 7.01 7.01 6.42 12.05 14.02 15.18 14.38 12.85 12.26
14.89 14.89 18.98 19.78 20.81 18.69 17.16 17.52 15.62 14.89 15.11 16.57 17.37 17.37 15.99 16.28 15.77 12.99 14.24 14.75 14.16 17.16 15.91 13.36 16.79 13.58 13.58 13.65 14.38 15.40 13.87 13.58 13.36 13.21 13.29 17.23 18.83 19.86 20.37 20.29 19.27 18.32 18.61 17.67 16.43 18.18 18.18 18.03 18.47 16.72 12.41 12.41 9.86 16.57 16.13 15.48 14.60 13.43 13.51 13.43 12.78 11.46 11.68 9.71 9.34 10.22 9.64 12.70 11.02 11.53 9.20 7.23 5.91 6.13 4.74 7.01 7.01 6.42 12.05 14.02 15.18 14.38 12.85 12.26
13.94 13.94 17.74 19.93 18.83 19.27 18.40 14.60 10.29 12.63 11.83 14.60 15.33 16.35 17.37 17.30 17.08 16.50 15.40 17.01 14.45 15.55 17.16 18.61 15.26 17.81 17.81 17.89 18.10 16.50 14.24 15.33 12.78 15.91 17.96 17.52 18.91 19.49 20.73 22.48 20.37 18.98 21.02 17.52 18.98 20.44 21.24 21.17 19.64 20.51 20.59 20.59 20.66 18.54 17.45 18.83 15.62 13.87 13.87 14.16 13.87 12.63 12.56 13.29 11.17 13.14 13.07 13.14 11.75 9.42 11.61 10.73 7.96 8.03 7.66 4.96 4.96 5.69 8.40 10.80 12.92 13.07 13.72 12.92
7.74 7.74 10.66 11.83 12.05 11.61 13.72 13.80 10.51 9.86 12.41 15.33 16.50 16.13 16.43 15.55 16.86 17.16 17.74 16.21 17.59 19.42 13.36 13.43 15.62 18.76 18.76 18.91 17.52 18.40 18.18 13.94 18.47 19.49 19.64 20.81 23.14 24.16 23.58 23.73 23.07 26.06 23.43 21.02 20.00 19.49 23.00 27.23 26.72 24.53 21.68 21.68 22.70 20.15 20.51 19.93 17.81 18.47 15.70 16.28 14.02 15.04 15.26 16.28 14.31 13.94 13.21 11.97 13.14 11.61 13.65 13.29 10.07 9.34 11.10 10.37 10.37 5.84 7.37 10.73 9.78 14.60 14.75 15.55
6.79 6.79 6.42 7.81 8.40 8.40 8.40 3.58 6.57 11.32 10.07 14.53 13.14 17.81 16.50 14.97 14.97 15.11 18.54 20.66 21.61 18.83 19.35 19.20 19.71 19.27 19.27 19.35 20.22 20.59 20.81 16.72 20.66 22.70 21.97 23.14 23.21 23.51 24.09 27.52 26.65 27.45 26.50 28.32 23.07 29.13 28.47 29.05 27.74 26.13 24.89 24.89 23.58 22.12 21.10 21.46 19.35 19.78 16.43 16.21 15.11 14.89 14.53 16.72 16.28 16.43 16.57 13.94 15.91 15.70 13.07 14.75 17.59 13.14 14.09 13.87 13.87 7.81 7.88 9.42 12.99 12.34 15.55 16.35
8.98 8.98 2.26 0.00 0.00 0.00 0.00 0.00 0.00 4.82 4.45 9.34 11.53 2.41 14.16 12.63 13.43 13.07 15.84 18.47 20.00 21.75 20.22 20.51 22.85 22.34 22.34 22.41 22.27 21.39 15.99 17.89 19.56 15.70 20.08 24.82 23.43 22.85 21.68 27.38 27.23 27.23 26.43 28.84 28.32 27.74 26.21 17.67 20.95 21.61 20.95 20.95 23.58 23.94 23.58 21.83 19.05 19.64 17.81 17.01 14.45 16.79 17.16 17.01 19.35 17.59 18.10 19.27 15.77 17.59 17.08 16.43 21.53 17.45 17.16 17.08 17.08 16.94 10.22 10.07 12.48 15.26 14.82 17.01
6.57 6.57 3.21 0.00 0.00 0.00 0.00 0.00 0.00 0.00 0.00 0.00 0.00 0.00 0.00 0.00 7.74 1.02 10.00 8.25 20.66 20.73 19.49 19.86 24.67 23.65 23.65 22.05 15.55 15.77 12.78 6.86 8.69 17.23 10.80 14.60 15.55 13.72 21.24 24.38 20.66 24.60 25.55 28.76 23.87 21.68 19.93 17.74 18.54 19.93 20.29 20.29 20.59 20.44 22.19 23.07 22.85 19.56 20.37 15.99 18.10 18.91 23.43 21.90 22.70 20.00 22.12 23.00 19.20 19.78 21.75 23.80 23.21 21.53 22.48 22.34 22.34 21.24 18.61 13.80 13.14 16.35 14.89 15.18
6.57 6.57 3.21 0.00 0.00 0.00 0.00 0.00 0.00 0.00 0.00 0.00 0.00 0.00 0.00 0.00 7.74 1.02 10.00 8.25 20.66 20.73 19.49 19.86 24.67 23.65 23.65 22.05 15.55 15.77 12.78 6.86 8.69 17.23 10.80 14.60 15.55 13.72 21.24 24.38 20.66 24.60 25.55 28.76 23.87 21.68 19.93 17.74 18.54 19.93 20.29 20.29 20.59 20.44 22.19 23.07 22.85 19.56 20.37 15.99 18.10 18.91 23.43 21.90 22.70 20.00 22.12 23.00 19.20 19.78 21.75 23.80 23.21 21.53 22.48 22.34 22.34 21.24 18.61 13.80 13.14 16.35 14.89 15.18
2.92 2.92 3.21 0.00 0.00 0.00 0.00 0.00 0.00 0.00 0.00 0.00 0.00 0.00 0.00 0.00 0.58 0.00 10.44 7.96 1.90 10.66 7.01 13.94 23.80 23.58 23.58 17.01 10.44 2.56 4.23 0.22 3.36 0.00 1.68 5.69 10.95 8.54 12.05 11.17 14.89 19.64 22.70 26.86 25.70 26.13 23.51 20.81 20.73 24.02 20.66 20.66 20.88 22.48 24.31 24.45 25.11 20.73 21.39 20.44 20.29 20.81 25.26 26.06 27.30 26.43 24.97 21.75 22.34 22.27 19.20 14.82 17.89 18.76 11.97 20.59 20.59 20.73 19.86 15.26 14.97 17.96 15.11 13.36
0.00 0.00 0.00 0.00 0.00 0.00 0.00 0.00 0.00 0.00 0.00 0.00 0.00 0.00 0.00 0.00 0.00 0.00 0.00 0.00 0.00 2.19 8.47 5.91 11.17 9.64 9.64 12.70 7.74 0.00 0.00 0.00 0.00 0.00 0.00 0.00 3.72 0.00 6.06 8.98 12.63 9.56 25.70 25.19 26.43 25.40 25.84 25.40 26.13 26.86 22.78 22.78 24.09 26.50 26.13 26.13 25.99 24.38 22.41 23.21 25.48 26.79 26.86 16.13 20.15 6.86 8.91 16.50 8.18 14.75 15.55 8.54 10.66 6.42 7.08 3.29 3.29 12.70 10.44 11.02 7.66 7.08 14.31 11.90
0.00 0.00 0.00 0.00 0.00 0.00 0.00 0.00 0.00 0.00 0.00 0.00 0.00 0.00 0.00 0.00 0.00 0.00 0.00 0.00 0.00 0.00 0.00 0.00 3.87 5.77 5.77 7.23 6.57 0.00 0.00 0.00 0.00 0.00 0.00 0.00 0.00 0.00 0.00 0.00 5.77 11.90 19.13 21.24 24.53 26.57 29.64 29.35 28.54 28.62 26.21 26.21 26.06 26.94 27.67 18.76 15.40 16.64 18.76 8.83 17.59 4.16 7.01 6.28 12.05 2.19 0.00 2.04 2.70 0.00 3.14 3.87 0.44 1.83 0.37 0.37 0.37 0.00 2.34 2.48 2.26 1.10 2.77 9.20
0.00 0.00 0.00 0.00 0.00 0.00 0.00 0.00 0.00 0.00 0.00 0.00 0.00 0.00 0.00 0.00 0.00 0.00 0.00 0.00 0.00 0.00 0.00 0.00 0.00 0.00 0.00 0.00 0.00 0.00 0.00 0.00 0.00 0.00 0.00 0.00 0.00 0.00 0.00 0.00 0.00 0.73 8.83 17.96 16.86 19.05 22.05 25.70 27.30 21.46 25.92 25.92 27.67 28.18 10.80 11.90 8.83 0.00 1.75 0.66 7.74 0.00 0.00 0.00 0.00 0.00 0.00 0.00 0.00 0.00 0.00 0.00 0.00 0.00 0.00 0.00 0.00 0.00 0.00 0.00 0.00 0.00 0.00 2.56
0.00 0.00 0.00 0.00 0.00 0.00 0.00 0.00 0.00 0.00 0.00 0.00 0.00 0.00 0.00 0.00 0.00 0.00 0.00 0.00 0.00 0.00 0.00 0.00 0.00 0.00 0.00 0.00 0.00 0.00 0.00 0.00 0.00 0.00 0.00 0.00 0.00 0.00 0.00 0.00 0.00 0.00 0.00 4.09 8.69 9.27 14.82 4.31 8.91 17.96 21.24 21.24 6.20 5.62 3.72 6.42 0.00 0.00 0.00 0.00 0.00 0.00 0.00 0.00 0.00 0.00 0.00 0.00 0.00 0.00 0.00 0.00 0.00 0.00 0.00 0.00 0.00 0.00 0.00 0.00 0.00 0.00 0.00 0.00
0.00 0.00 0.00 0.00 0.00 0.00 0.00 0.00 0.00 0.00 0.00 0.00 0.00 0.00 0.00 0.00 0.00 0.00 0.00 0.00 0.00 0.00 0.00 0.00 0.00 0.00 0.00 0.00 0.00 0.00 0.00 0.00 0.00 0.00 0.00 0.00 0.00 0.00 0.00 0.00 0.00 0.00 0.00 0.00 0.00 0.00 0.00 1.90 0.66 7.30 0.00 0.00 0.37 0.29 0.00 0.00 0.00 0.00 0.00 0.00 0.00 0.00 0.00 0.00 0.00 0.00 0.00 0.00 0.00 0.00 0.00 0.00 0.00 0.00 0.00 0.00 0.00 0.00 0.00 0.00 0.00 0.00 0.00 0.00
0.00 0.00 0.00 0.00 0.00 0.00 0.00 0.00 0.00 0.00 0.00 0.00 0.00 0.00 0.00 0.00 0.00 0.00 0.00 0.00 0.00 0.00 0.00 0.00 0.00 0.00 0.00 0.00 0.00 0.00 0.00 0.00 0.00 0.00 0.00 0.00 0.00 0.00 0.00 0.00 0.00 0.00 0.00 0.00 0.00 0.00 0.00 1.90 0.66 7.30 0.00 0.00 0.37 0.29 0.00 0.00 0.00 0.00 0.00 0.00 0.00 0.00 0.00 0.00 0.00 0.00 0.00 0.00 0.00 0.00 0.00 0.00 0.00 0.00 0.00 0.00 0.00 0.00 0.00 0.00 0.00 0.00 0.00 0.00
0.00 0.00 0.00 0.00 0.00 0.00 0.00 0.00 0.00 0.00 0.00 0.00 0.00 0.00 0.00 0.00 0.00 0.00 0.00 0.00 0.00 0.00 0.00 0.00 0.00 0.00 0.00 0.00 0.00 0.00 0.00 0.00 0.00 0.00 0.00 0.00 0.00 0.00 0.00 0.00 0.00 0.00 0.00 0.00 0.00 0.00 0.00 0.00 0.00 0.00 0.00 0.00 0.00 0.00 0.00 0.00 0.00 0.00 0.00 0.00 0.00 0.00 0.00 0.00 0.00 0.00 0.00 0.00 0.00 0.00 0.00 0.00 0.00 0.00 0.00 0.00 0.00 0.00 0.00 0.00 0.00 0.00 3.07 1.31
