Wansh/Snow_depth/snowdepth-1993/spring/1993079.txt
ncols 321
nrows 161
xllcenter 60
yllcenter 15 
cellsize  0.25 
NODATA_value -1
[rows 74 to 110 of 161, columns 84 to 167 of 321]
0.00 0.00 0.00 0.00 0.00 1.53 1.97 1.68 0.00 0.00 0.29 0.00 0.00 3.36 2.34 4.16 0.00 0.00 0.00 2.92 2.63 0.00 0.00 0.00 0.00 3.43 0.00 0.00 0.00 0.00 0.00 0.00 0.00 0.00 0.66 1.17 1.10 0.95 0.00 0.00 0.00 0.00 0.80 0.80 1.17 0.37 0.73 0.37 1.17 0.00 0.51 0.00 0.88 0.00 0.00 0.00 1.46 1.31 2.12 1.53 0.88 1.46 1.53 0.00 2.19 0.00 5.69 0.00 0.00 0.00 3.82 3.72 2.85 0.00 0.00 1.53 2.12 0.00 0.00 0.00 0.00 1.69 1.24 0.88
0.29 0.29 0.73 1.39 1.68 1.83 1.24 2.04 0.95 0.00 0.00 2.56 0.00 0.00 0.00 0.00 2.41 0.00 0.00 2.63 0.00 0.00 0.00 0.00 0.00 0.00 0.00 0.00 0.00 0.00 0.00 0.00 0.00 0.00 0.00 0.00 0.00 0.00 0.00 0.00 0.00 1.10 1.53 1.53 1.53 0.58 0.44 1.68 1.31 0.00 0.51 0.44 0.29 0.73 0.88 0.00 1.75 3.29 2.48 2.77 1.83 2.19 1.75 1.97 1.97 3.94 5.26 0.00 0.00 3.15 7.08 5.11 3.72 1.68 0.44 1.83 2.19 0.00 0.00 0.00 0.00 0.15 0.37 0.59
1.02 2.04 2.04 1.39 0.95 1.83 2.99 0.00 2.48 0.00 0.00 0.00 0.00 0.00 0.00 0.00 2.34 0.00 0.00 0.00 0.00 0.00 0.00 0.00 0.00 0.00 0.00 0.00 0.00 0.00 0.00 0.00 0.00 0.00 0.00 0.00 0.00 0.00 0.00 0.00 0.00 2.04 2.56 2.56 1.83 0.37 0.66 3.21 2.70 0.00 0.00 0.66 0.44 1.31 0.15 2.70 2.19 1.97 1.61 2.04 1.97 2.56 3.72 2.92 3.29 4.18 5.62 2.77 2.77 5.26 8.10 6.57 5.40 2.48 2.04 1.90 1.97 2.34 0.00 0.00 0.00 0.00 0.00 0.68
0.00 0.00 0.07 2.48 1.39 2.34 0.00 0.00 2.77 0.00 0.00 0.00 0.00 0.00 0.00 0.00 0.00 0.00 0.00 0.00 0.00 0.00 0.00 0.00 0.00 0.00 0.00 0.00 0.00 0.00 0.00 0.00 0.00 0.00 0.00 0.00 0.00 0.00 0.00 0.00 0.00 0.00 0.00 0.00 2.12 1.83 2.63 0.00 0.00 0.00 0.00 0.00 1.68 1.31 0.37 0.22 2.77 2.19 1.31 1.83 2.04 2.92 4.23 4.45 3.36 3.80 1.17 3.80 3.80 4.31 7.15 4.09 2.85 3.72 2.26 2.12 2.63 1.61 0.00 0.00 0.00 0.00 0.22 1.25
3.58 4.53 2.26 2.41 1.24 0.73 2.26 0.00 0.00 0.00 2.77 3.80 3.65 0.00 2.34 0.00 0.00 0.00 0.00 0.00 0.00 0.00 0.00 0.00 0.00 0.00 0.00 0.00 0.00 0.00 0.00 0.00 0.00 0.00 0.00 0.00 0.00 0.00 0.00 0.00 0.00 0.00 0.00 0.00 0.00 0.00 0.00 0.00 0.00 0.00 0.00 3.43 0.00 0.00 2.26 1.24 1.24 2.26 1.31 1.24 1.83 3.43 3.80 3.65 2.56 2.19 3.43 3.80 3.80 4.23 5.33 3.94 2.63 3.07 3.07 2.85 2.99 1.72 0.00 0.00 0.00 1.98 1.91 2.22
3.29 3.14 3.65 2.92 2.04 2.04 2.48 3.36 0.00 0.00 2.92 3.36 2.92 2.70 0.00 0.00 0.00 0.00 0.00 0.00 0.00 0.00 2.04 0.00 0.00 0.00 0.00 0.00 0.00 0.00 0.00 0.00 0.00 0.00 0.00 0.00 0.00 0.00 0.00 0.00 0.00 0.00 0.00 0.00 0.00 0.00 0.00 0.00 0.00 0.00 0.00 0.00 0.00 3.21 1.68 0.15 0.37 0.66 0.80 0.95 2.26 2.70 3.07 1.17 0.95 1.97 2.12 2.48 2.48 3.21 4.31 4.23 0.00 4.23 3.59 3.07 4.48 3.21 0.00 0.00 0.00 2.41 2.99 2.20
0.88 1.97 0.00 0.00 0.00 2.26 2.19 2.77 3.14 2.77 0.00 0.00 2.56 2.19 0.00 0.00 3.14 3.58 3.58 0.00 0.00 0.00 0.00 0.00 1.24 0.00 0.00 0.00 0.00 0.00 0.00 0.00 0.00 0.00 0.00 0.00 0.00 0.00 0.00 0.00 0.00 0.00 0.00 0.00 0.00 0.00 0.00 0.00 0.00 0.00 0.00 0.00 1.02 0.00 0.00 0.00 0.29 0.66 1.24 1.97 1.83 2.04 2.12 1.17 0.00 0.00 1.39 0.00 0.00 0.00 2.99 2.77 6.72 6.28 6.86 4.92 6.81 5.05 3.43 0.00 4.45 2.63 2.56 1.68
0.29 0.00 0.88 1.46 0.00 2.48 0.00 1.83 2.12 2.70 3.36 0.00 2.92 2.99 2.48 2.70 2.41 0.00 0.00 0.00 0.00 0.00 0.00 0.00 0.00 0.00 0.00 0.00 0.00 0.00 0.00 0.00 0.00 0.00 0.51 0.00 0.00 0.00 0.00 0.00 0.00 0.00 0.00 0.00 0.00 0.00 0.00 0.37 0.00 0.00 0.00 0.00 0.00 0.37 0.07 0.58 0.44 0.66 1.02 0.88 1.90 1.46 1.31 1.83 0.00 0.00 0.00 0.00 0.00 0.00 0.00 7.74 10.29 12.56 9.71 7.48 7.01 7.80 7.04 5.84 4.70 3.80 2.04 2.48
0.44 1.61 1.10 0.58 0.00 2.77 1.83 2.48 2.34 2.41 2.34 0.00 0.00 4.09 3.21 3.36 1.75 0.95 0.95 0.00 0.80 0.22 0.00 0.00 0.00 0.00 0.58 0.00 0.00 0.00 0.00 0.00 0.00 0.00 0.15 0.00 0.00 0.00 0.00 0.00 0.00 0.00 0.00 0.00 0.00 0.00 0.00 0.00 0.00 0.00 0.29 0.00 0.22 0.15 0.29 0.44 1.39 0.73 0.44 0.66 1.75 2.34 1.68 2.04 0.88 1.90 2.63 0.00 0.00 0.00 5.26 7.37 9.64 12.48 13.87 11.97 8.98 8.32 8.54 7.34 6.57 7.45 4.38 7.52
0.29 1.10 0.95 0.95 0.00 0.00 2.41 0.00 2.41 0.00 0.00 0.00 0.00 3.72 4.60 1.97 2.19 1.31 1.31 0.22 0.29 0.37 0.22 0.51 0.00 0.00 0.15 0.51 0.00 0.00 0.00 0.00 0.00 0.00 0.00 0.22 0.00 0.00 0.00 0.00 0.00 0.00 0.00 0.00 0.00 0.00 0.00 0.00 0.00 0.00 0.00 0.00 0.00 0.66 1.02 0.73 0.95 0.73 0.66 0.80 2.34 2.34 3.29 3.50 6.79 3.65 5.48 4.31 4.31 0.00 6.57 7.30 11.10 14.89 17.37 14.38 11.83 8.03 9.86 8.54 8.40 8.91 7.01 9.05
1.97 0.73 0.95 1.31 1.31 0.00 0.00 0.00 0.00 0.00 0.00 0.00 3.29 4.02 4.53 0.00 1.61 2.19 2.19 0.88 1.02 0.00 1.10 0.00 0.00 0.00 0.58 0.29 0.58 0.00 0.00 0.00 0.00 0.00 0.00 0.00 0.00 0.00 0.00 0.00 0.00 0.00 0.00 0.00 0.00 0.00 0.00 0.00 0.00 0.00 0.37 0.00 1.24 2.26 1.46 1.75 0.80 0.37 0.58 2.34 2.63 3.50 4.74 5.18 8.47 6.06 5.69 6.94 6.94 4.67 5.18 13.87 17.67 18.91 11.97 12.12 11.97 10.73 10.66 9.13 9.34 9.49 8.98 10.22
0.80 1.39 1.46 1.68 1.61 1.46 0.00 0.00 4.16 3.72 3.65 4.09 0.00 3.94 3.94 0.00 1.68 2.41 2.41 2.41 0.00 0.00 0.00 0.00 0.00 1.39 1.17 1.24 1.31 0.29 0.51 0.00 0.22 0.00 0.00 0.00 0.00 0.00 0.00 0.00 0.00 0.00 0.00 0.00 0.15 0.00 0.29 0.00 0.00 0.22 0.00 0.00 0.00 2.85 2.92 3.94 4.89 1.46 1.75 2.70 2.79 4.25 5.49 7.08 7.74 7.88 8.91 3.29 3.29 5.04 10.00 10.73 12.12 11.90 8.76 8.61 11.61 11.32 9.64 9.71 9.49 9.49 10.73 9.64
0.00 1.46 1.75 1.97 1.97 2.70 2.63 0.00 0.00 3.58 3.50 3.36 3.80 3.87 2.85 1.31 0.00 2.56 2.56 0.00 3.14 3.14 3.07 0.00 0.00 0.00 0.66 1.75 1.68 0.00 0.00 0.00 0.00 0.00 0.00 0.00 0.00 0.00 0.00 1.75 1.83 0.00 1.46 1.46 0.44 0.66 0.66 0.66 0.73 0.22 0.00 0.00 0.00 0.00 7.01 5.11 6.64 6.79 10.00 9.20 5.99 4.31 4.39 7.23 7.01 4.67 2.41 3.94 3.94 7.74 8.03 10.22 10.29 6.57 5.33 5.40 5.62 7.88 8.83 7.15 8.03 8.32 7.74 5.84
0.66 0.95 3.36 2.41 2.26 2.77 0.00 0.00 0.00 0.00 2.92 3.65 2.99 2.34 0.00 0.00 0.00 2.26 2.26 2.85 2.99 0.00 0.00 0.00 0.00 0.00 0.00 0.00 0.00 0.00 0.00 0.00 0.00 0.00 0.00 0.00 0.00 0.00 0.00 2.56 3.36 3.14 1.97 1.97 2.12 1.83 1.68 1.24 0.51 0.66 0.00 0.44 0.00 2.63 2.26 3.65 5.84 8.25 10.00 7.45 6.50 5.33 7.08 6.72 5.48 3.29 3.94 3.36 3.36 2.34 5.04 8.61 8.10 6.28 5.40 5.84 5.91 6.94 6.94 6.72 7.52 7.52 7.08 5.69
0.29 0.73 1.24 0.95 3.07 0.00 0.00 3.58 2.41 2.34 2.85 3.50 3.80 2.63 0.00 0.00 0.00 0.00 0.00 0.00 0.00 3.14 2.77 0.00 0.00 2.92 0.00 0.00 0.00 0.00 0.00 0.00 0.00 0.00 0.00 0.00 0.00 0.00 0.00 3.07 3.14 2.26 2.70 2.70 2.92 2.41 2.92 1.61 2.12 2.04 0.15 0.00 0.58 0.00 0.51 5.55 5.11 8.40 9.64 8.47 7.74 7.01 8.54 8.83 3.98 4.56 6.20 5.04 5.04 3.80 3.58 4.45 4.09 5.55 5.48 5.33 5.33 6.35 6.79 5.99 7.23 8.10 6.13 5.48
0.66 0.44 1.39 0.80 0.00 0.66 2.34 1.39 2.04 2.12 1.24 2.19 2.85 2.77 0.00 0.00 0.00 0.00 0.00 0.00 0.00 2.41 0.00 0.00 2.85 2.70 2.41 0.00 0.00 1.10 0.00 0.00 0.00 0.00 0.00 0.00 0.00 0.00 0.00 1.83 2.12 2.41 2.92 2.92 2.19 4.02 3.14 2.85 2.99 0.37 3.29 0.07 2.63 1.90 4.45 5.04 6.20 7.37 7.78 8.55 7.74 7.74 9.16 9.93 3.63 12.72 9.61 6.28 6.28 5.18 2.77 2.34 2.63 3.07 3.94 4.67 4.67 5.18 6.28 6.19 6.85 6.47 6.31 5.36
0.88 0.51 1.53 0.22 0.29 0.07 0.29 1.02 0.51 0.00 1.02 0.58 2.41 0.00 0.00 0.00 0.00 0.00 0.00 0.00 2.19 0.00 0.00 0.00 0.00 0.00 0.00 0.00 0.00 0.00 0.00 0.00 0.00 0.00 0.00 0.00 0.00 0.00 0.00 0.00 0.00 0.00 2.41 2.41 1.53 1.83 3.14 0.22 2.26 1.90 3.14 4.74 5.99 3.14 7.23 6.50 7.15 10.29 6.86 7.88 8.50 7.96 8.85 11.10 9.20 10.07 11.09 9.28 8.99 3.15 2.26 3.50 2.92 2.48 2.26 3.36 4.96 3.43 5.20 5.66 5.66 7.07 6.15 5.45
0.29 0.15 1.46 1.24 0.37 0.51 0.00 0.66 0.44 0.37 0.00 0.00 0.15 0.00 0.00 0.00 0.00 0.00 0.00 0.00 0.00 0.00 0.00 0.00 0.00 0.00 0.00 0.00 0.00 0.00 0.00 0.00 0.00 0.00 0.00 0.00 0.00 0.00 0.00 0.00 0.00 0.00 0.00 0.00 2.04 0.00 0.44 1.53 1.46 3.94 3.87 6.50 7.59 12.70 13.36 10.00 9.86 14.53 12.24 8.92 10.59 8.18 9.24 7.22 6.08 6.70 8.61 5.04 5.06 4.62 3.59 3.80 4.31 3.94 2.49 1.83 2.56 2.77 3.74 5.42 5.25 6.28 6.81 6.03
1.39 1.10 0.15 0.66 0.44 0.15 0.66 0.66 0.80 0.00 0.00 0.00 0.00 0.00 0.00 0.00 0.00 0.00 0.00 0.00 0.00 0.00 0.00 0.00 0.00 0.00 0.00 0.00 0.00 0.00 0.00 0.00 0.00 0.00 0.00 0.00 0.00 0.00 0.00 0.00 0.00 0.00 0.00 0.00 0.00 0.00 0.00 0.00 0.00 6.06 5.33 4.74 13.14 14.75 14.89 16.28 19.27 17.16 19.71 14.53 8.18 10.55 6.41 2.26 2.97 4.13 5.84 3.07 3.07 2.98 3.26 5.81 5.72 2.59 3.96 2.58 2.04 2.59 3.16 4.39 3.71 6.25 6.91 7.03
1.75 0.88 1.53 0.58 0.58 0.58 0.37 0.00 0.00 0.37 0.80 0.00 0.00 0.00 0.00 0.00 0.00 0.51 0.51 0.95 0.00 0.00 0.00 0.00 0.00 0.00 0.00 0.00 0.00 0.00 0.00 0.00 0.00 0.00 0.00 0.00 0.00 0.00 0.00 0.00 0.00 0.00 0.00 0.00 0.00 0.00 0.00 0.73 3.14 4.09 6.28 9.27 9.64 15.48 15.70 17.23 21.26 20.88 24.09 19.93 14.89 14.04 7.95 1.00 1.48 3.37 3.30 1.53 1.53 1.55 3.46 4.77 5.34 5.43 5.04 4.55 2.85 3.85 2.35 2.86 3.06 5.70 8.78 7.06
2.77 1.02 0.73 1.24 0.80 0.22 0.00 0.00 0.00 0.00 0.00 0.00 0.00 0.00 0.00 0.07 0.00 0.00 0.00 0.00 0.00 0.00 0.00 0.00 0.00 0.00 0.00 0.29 0.00 0.00 0.00 0.00 0.00 0.00 0.00 0.00 0.00 0.00 0.00 0.00 0.00 0.00 0.00 0.00 0.00 0.00 0.00 0.37 5.26 6.42 8.69 11.90 17.06 16.33 17.58 16.90 19.64 22.34 22.12 23.80 20.22 14.60 9.45 1.53 1.26 3.55 2.94 2.85 2.86 1.16 2.60 3.16 4.92 5.66 6.26 6.86 5.96 2.95 3.83 3.13 5.61 8.32 8.52 6.30
2.19 2.26 2.19 1.97 1.61 1.39 0.29 1.68 0.00 0.00 0.00 0.00 0.00 0.00 0.00 0.00 0.00 0.00 0.00 0.00 0.00 1.39 0.00 0.00 0.00 0.00 0.00 0.44 0.07 0.00 0.00 0.00 0.00 0.00 0.00 0.00 0.00 0.00 0.00 0.00 0.00 0.00 0.00 0.00 0.00 0.00 0.00 5.99 7.52 13.94 13.65 15.77 15.62 15.82 16.29 16.03 17.67 21.86 16.90 19.84 20.62 11.74 10.10 3.18 1.83 3.32 1.50 0.88 0.88 1.11 1.14 1.78 3.07 8.89 8.95 7.78 7.00 4.39 2.77 2.30 5.10 9.00 9.40 5.98
2.04 1.90 1.83 2.41 2.19 2.26 1.83 1.17 1.83 0.00 0.00 0.44 0.00 0.00 0.00 0.00 0.00 0.00 0.00 0.00 0.00 0.00 0.00 0.00 0.00 0.00 0.88 0.37 0.00 0.00 0.00 0.00 0.00 0.00 0.00 0.00 0.00 0.00 0.00 0.00 0.00 0.00 0.07 0.07 1.53 0.00 2.34 5.91 11.75 13.72 14.75 13.87 15.70 14.53 16.91 17.20 14.08 16.21 13.24 13.48 9.55 8.44 8.96 4.87 1.64 2.06 0.91 1.41 1.39 0.96 0.87 1.26 2.63 7.50 7.81 7.63 4.89 3.89 2.65 3.04 5.19 6.70 10.29 6.59
0.00 0.00 0.00 2.41 2.63 1.97 3.72 2.41 3.36 1.61 0.07 0.88 0.66 0.00 0.00 0.00 0.00 0.00 0.00 0.00 0.00 0.00 0.00 0.00 0.00 0.00 0.73 0.37 0.00 0.00 0.00 0.00 0.66 0.58 0.66 0.00 0.00 0.00 0.00 0.00 1.17 1.53 1.90 1.90 3.43 3.07 1.90 5.26 9.34 15.72 16.41 16.60 17.35 18.85 17.45 12.55 10.51 10.07 9.24 8.10 8.22 8.68 6.34 4.23 3.48 1.98 0.74 0.90 0.88 1.10 0.66 2.95 5.01 6.77 6.53 6.35 6.19 3.39 3.13 4.32 5.30 4.95 9.34 6.21
5.77 5.40 3.58 6.50 4.45 3.87 4.09 0.00 2.34 1.68 2.12 1.97 1.39 1.39 1.02 0.58 0.58 0.51 0.51 1.02 0.51 0.00 0.00 0.00 0.00 0.95 0.66 0.37 0.66 0.00 0.29 0.51 0.00 0.22 0.07 0.80 1.17 0.00 1.02 2.41 2.04 1.46 1.24 1.24 3.21 4.67 10.66 13.94 13.58 13.36 13.32 15.27 13.91 13.67 9.00 8.85 10.44 9.63 12.23 11.15 11.37 10.44 6.36 6.10 6.86 1.39 1.61 0.52 0.52 0.00 1.24 2.72 3.48 5.66 7.79 6.20 5.14 3.38 3.34 3.09 2.88 4.61 4.39 6.80
6.42 6.42 7.52 7.30 6.28 6.86 6.86 4.23 0.00 0.00 0.00 0.00 0.88 1.68 1.75 1.10 1.10 0.51 0.51 0.95 1.10 0.44 0.51 0.00 0.58 0.00 0.00 0.44 0.00 0.00 0.00 0.00 0.00 0.22 0.73 0.22 2.26 2.56 0.58 0.00 0.00 0.66 0.07 0.07 3.58 8.25 8.54 12.12 13.47 12.01 15.73 9.78 10.87 10.93 12.73 10.74 10.71 7.81 9.97 13.73 11.58 14.68 8.33 6.17 4.09 3.14 1.69 2.70 2.66 0.58 0.00 0.80 4.93 8.47 9.63 7.52 5.01 3.07 1.14 2.59 1.26 2.31 4.25 6.31
5.77 6.94 6.86 7.74 4.31 7.01 6.94 6.79 0.00 0.00 0.00 0.00 0.00 1.24 1.83 1.83 0.88 1.17 1.17 0.73 0.73 0.51 0.00 0.00 0.00 0.00 0.00 0.00 0.00 0.22 0.00 0.00 0.00 0.00 0.00 0.00 0.51 2.48 0.80 0.51 0.00 0.00 0.66 0.66 0.44 7.88 7.81 10.84 12.00 13.40 10.97 11.62 11.09 11.89 14.01 13.74 9.73 8.33 8.36 13.05 14.68 16.76 11.90 10.22 7.01 4.02 6.11 6.16 6.85 4.57 2.46 1.58 5.07 8.40 9.96 8.48 6.13 4.82 0.59 0.91 2.84 1.68 4.49 5.99
3.29 5.33 4.02 3.43 4.09 6.06 6.64 5.58 4.16 1.10 0.80 0.51 0.00 1.46 1.24 0.22 1.10 0.95 0.95 0.95 0.73 1.02 1.17 0.80 0.95 0.00 0.00 0.00 0.00 0.00 0.07 0.00 0.00 0.00 0.00 0.00 0.80 0.00 0.00 0.00 0.00 0.00 0.00 0.00 0.00 5.91 5.62 10.05 9.49 11.66 11.52 14.14 13.71 14.79 13.18 12.78 7.80 7.61 6.06 10.25 14.51 16.37 14.75 13.87 11.75 5.87 8.98 8.08 7.79 8.13 4.71 2.71 4.49 8.22 10.47 8.24 6.89 6.57 3.86 1.01 4.77 3.24 8.66 6.33
0.00 3.07 0.00 4.16 3.29 5.40 6.28 6.06 1.39 2.77 1.83 2.04 0.00 0.00 0.00 0.00 0.58 0.22 0.22 0.44 0.22 0.37 0.00 0.00 0.00 0.00 0.00 0.00 0.00 0.00 0.00 0.00 0.00 0.00 0.00 0.00 0.00 0.00 0.00 0.00 0.00 0.00 0.00 0.00 0.00 0.66 3.50 6.86 10.80 10.59 12.15 13.22 14.13 10.65 9.51 9.19 6.56 7.19 7.02 9.03 11.27 13.60 15.14 15.93 15.26 9.03 6.89 11.05 11.12 5.98 2.74 3.31 4.10 6.68 9.33 5.64 7.08 3.01 3.98 5.29 5.00 11.16 10.45 7.79
0.00 0.00 0.00 0.00 3.36 3.65 6.64 6.06 6.42 6.57 4.60 3.87 1.10 0.00 0.00 0.15 1.53 0.80 0.80 0.00 0.00 0.00 0.00 0.00 0.00 0.00 0.00 0.00 0.00 0.00 0.00 0.00 0.00 0.00 0.00 0.00 0.00 0.00 0.00 0.00 0.00 0.00 0.00 0.00 1.10 1.10 2.71 3.07 6.89 5.49 10.88 11.54 15.02 9.96 8.07 9.09 0.00 6.46 5.55 8.43 12.73 17.25 13.31 12.94 11.61 10.61 10.13 9.11 10.65 5.71 6.21 6.02 4.15 4.75 3.94 6.76 6.33 4.38 4.04 3.67 7.56 10.68 12.17 8.94
0.00 0.00 0.00 0.00 0.00 5.99 5.40 6.50 6.06 5.69 6.06 3.87 1.02 1.39 1.02 1.46 2.56 0.95 0.95 0.00 0.00 0.00 0.00 0.00 0.00 0.00 0.00 0.00 0.00 0.00 0.00 0.00 0.00 0.00 0.00 0.00 0.00 0.00 0.00 0.00 0.00 0.00 0.00 0.00 0.58 0.58 1.76 8.21 5.45 7.34 6.62 10.44 9.71 9.01 10.90 11.65 0.00 0.00 8.60 9.33 13.20 14.51 15.61 15.17 10.39 10.78 9.67 8.53 9.55 8.76 6.10 6.41 4.57 3.36 3.37 5.90 8.21 5.55 4.92 4.48 6.89 9.39 14.12 8.94
0.00 0.00 0.00 0.00 0.00 0.00 0.00 4.96 7.15 4.74 3.21 3.21 3.65 3.21 3.94 4.52 4.13 2.26 2.26 0.73 0.00 0.00 0.00 0.00 0.00 0.00 0.00 0.00 0.00 0.00 0.00 0.00 0.00 0.00 0.00 0.00 0.00 0.00 0.00 0.00 0.00 0.00 0.00 0.00 0.00 0.80 0.88 3.97 4.43 4.62 11.15 11.53 7.66 8.15 6.93 0.00 0.00 0.00 0.00 0.00 12.12 18.75 14.43 14.99 10.90 9.89 12.85 9.78 9.99 9.70 6.29 5.01 4.93 3.29 4.12 6.94 9.42 8.22 5.58 4.52 7.75 7.10 10.06 9.50
0.00 0.00 0.00 0.00 0.00 0.00 0.00 0.00 6.28 3.72 1.97 2.41 4.16 4.23 3.94 4.62 4.96 2.82 2.63 1.46 1.83 1.75 1.17 0.00 0.00 0.29 0.29 0.00 0.00 0.00 0.00 0.00 0.00 0.00 0.00 0.00 0.00 0.00 0.00 0.00 1.10 1.10 1.10 1.10 0.00 0.00 0.22 1.08 2.13 9.99 11.90 13.74 14.25 0.00 0.00 0.00 0.00 0.00 0.00 0.00 0.00 19.08 16.42 14.08 10.56 11.72 11.28 11.40 13.93 12.67 5.88 5.80 4.96 4.00 3.89 6.61 7.82 11.04 7.12 5.13 4.30 3.63 7.89 5.46
0.00 0.00 0.00 0.00 0.00 0.00 0.00 0.00 0.00 0.00 0.00 0.00 0.00 0.00 0.00 0.00 0.00 3.59 3.65 4.60 4.09 5.18 5.11 3.29 2.34 3.50 3.43 0.66 3.14 0.00 2.19 0.00 2.70 1.10 0.73 4.67 4.96 7.23 4.74 3.15 3.16 3.83 0.22 0.22 0.22 1.46 2.77 6.16 4.20 3.20 0.00 0.00 0.00 0.00 0.00 0.00 0.00 0.00 0.00 0.00 0.00 0.00 0.00 10.83 9.85 6.35 6.74 5.58 6.23 8.12 7.73 5.58 4.42 1.85 2.14 5.17 5.30 1.73 2.20 0.00 0.00 0.00 0.00 0.00
0.00 0.00 0.00 0.00 0.00 0.00 0.00 0.00 0.00 0.00 0.00 0.00 0.00 0.00 0.00 0.00 0.00 0.00 0.00 2.77 4.36 6.05 5.55 5.40 3.58 4.27 4.42 4.09 3.72 5.48 4.96 4.31 3.36 3.21 4.45 2.70 5.48 7.37 5.33 5.99 3.36 3.76 4.82 5.38 4.96 3.94 4.31 4.87 0.00 0.00 0.00 0.00 0.00 0.00 0.00 0.00 0.00 0.00 0.00 0.00 0.00 0.00 0.00 2.92 7.17 2.85 0.00 4.38 4.38 5.82 0.00 4.49 0.84 1.22 2.58 2.86 3.76 0.00 0.00 0.00 0.00 0.00 0.00 0.00
0.00 0.00 0.00 0.00 0.00 0.00 0.00 0.00 0.00 0.00 0.00 0.00 0.00 0.00 0.00 0.00 0.00 0.00 0.00 0.00 0.00 0.00 0.00 3.43 3.21 5.28 0.00 4.23 4.53 2.34 4.02 5.26 4.89 2.70 1.68 0.00 0.00 5.91 0.00 0.00 0.00 0.00 5.90 7.49 5.96 4.84 4.71 7.12 6.01 0.00 0.00 0.00 0.00 0.00 0.00 0.00 0.00 0.00 0.00 0.00 0.00 0.00 0.00 0.00 2.94 0.00 0.00 0.00 0.00 0.00 0.00 3.14 0.00 0.00 0.67 1.66 1.95 0.00 0.00 0.00 0.00 0.00 0.00 0.00
0.00 0.00 0.00 0.00 0.00 0.00 0.00 0.00 0.00 0.00 0.00 0.00 0.00 0.00 0.00 0.00 0.00 0.00 0.00 0.00 0.00 0.00 0.00 0.00 2.04 0.00 0.00 0.00 2.70 4.23 4.31 0.00 0.00 5.26 0.00 0.00 0.00 0.00 0.00 0.00 0.00 2.99 0.00 0.00 6.10 0.00 3.13 0.00 0.00 0.00 0.00 0.00 0.00 0.00 0.00 0.00 0.00 0.00 0.00 0.00 0.00 0.00 0.00 0.00 0.00 0.00 0.00 0.00 0.00 0.00 0.00 0.00 0.00 0.00 0.00 0.00 1.39 0.00 0.00 0.00 0.00 0.00 0.00 0.00
