Wansh/Snow_depth/snowdepth-1993/spring/1993103.txt
ncols 321
nrows 161
xllcenter 60
yllcenter 15 
cellsize  0.25 
NODATA_value -1
[rows 0 to 36 of 161, columns 84 to 167 of 321]
23.00 23.07 25.19 23.29 23.36 17.30 7.96 9.13 9.05 14.45 13.36 20.44 17.16 17.96 12.78 14.38 6.64 9.93 9.93 11.02 2.63 5.99 5.69 8.32 7.52 8.98 8.10 6.28 5.48 5.62 4.23 3.87 4.82 0.00 0.00 0.00 0.00 0.00 0.00 0.00 0.00 0.00 0.00 0.00 0.00 0.00 0.00 0.00 0.00 0.00 7.01 6.57 7.52 0.00 0.00 0.00 0.00 0.00 0.00 0.00 0.00 0.00 0.00 0.00 0.00 0.00 0.00 0.00 0.00 0.00 0.00 0.00 0.00 0.00 0.00 0.00 0.00 0.00 0.00 7.45 7.59 7.88 8.03 0.00
19.49 22.12 21.75 20.44 15.33 16.28 8.91 10.88 10.22 12.34 16.94 15.26 17.74 13.80 14.45 5.91 3.72 4.82 4.82 0.73 1.39 0.00 2.04 1.02 8.47 8.18 8.18 7.23 6.72 4.82 3.72 3.80 0.00 0.00 0.00 0.00 0.00 0.00 0.00 0.00 0.00 0.00 5.33 5.33 0.00 0.00 0.00 0.00 0.00 0.00 0.00 0.00 0.00 0.00 0.00 0.00 0.00 4.74 0.00 0.00 0.00 6.64 5.48 4.89 0.00 0.00 5.26 0.00 0.00 0.00 0.00 0.00 0.00 0.00 0.00 0.00 8.32 4.96 4.16 3.87 4.09 4.89 5.40 5.33
18.03 15.48 16.28 16.43 13.72 15.26 14.31 14.82 18.54 18.25 18.40 20.22 20.37 16.06 13.87 14.45 6.94 4.67 4.67 5.11 0.00 0.00 0.00 3.80 2.85 4.09 6.57 6.94 7.74 6.79 8.40 5.04 3.58 0.00 0.00 0.00 0.00 0.00 0.00 0.00 0.00 0.00 0.00 0.00 2.56 0.00 0.00 0.00 7.01 0.00 0.00 0.00 0.00 0.00 0.00 5.55 5.77 7.96 7.81 8.54 7.52 11.39 10.88 10.80 8.10 10.37 7.01 10.07 10.07 9.56 6.64 7.52 6.64 8.32 0.00 10.51 11.32 6.28 7.59 3.80 6.50 4.45 4.31 3.43
18.03 15.48 16.28 16.43 13.72 15.26 14.31 14.82 18.54 18.25 18.40 20.22 20.37 16.06 13.87 14.45 6.94 4.67 4.67 5.11 0.00 0.00 0.00 3.80 2.85 4.09 6.57 6.94 7.74 6.79 8.40 5.04 3.58 0.00 0.00 0.00 0.00 0.00 0.00 0.00 0.00 0.00 0.00 0.00 2.56 0.00 0.00 0.00 7.01 0.00 0.00 0.00 0.00 0.00 0.00 5.55 5.77 7.96 7.81 8.54 7.52 11.39 10.88 10.80 8.10 10.37 7.01 10.07 10.07 9.56 6.64 7.52 6.64 8.32 0.00 10.51 11.32 6.28 7.59 3.80 6.50 4.45 4.31 3.43
11.61 12.19 7.96 11.97 10.44 16.86 14.60 15.99 18.83 17.37 15.99 18.61 12.05 12.99 14.60 13.94 14.60 13.65 13.65 6.79 6.79 7.66 7.88 2.41 2.70 2.48 3.80 4.45 6.13 8.40 8.32 7.08 6.57 6.64 5.33 0.00 0.00 0.00 0.00 0.00 0.00 0.00 0.00 0.00 0.00 0.00 2.19 7.30 6.28 7.37 0.00 5.18 0.00 0.00 0.00 5.18 5.11 7.66 7.01 10.95 11.75 11.46 11.39 13.58 11.39 11.68 11.39 12.34 12.34 9.93 9.20 0.00 9.05 11.32 11.75 11.24 12.12 13.80 12.78 9.13 9.86 5.99 6.79 3.72
10.73 7.96 8.10 9.27 6.20 5.77 9.78 6.50 5.48 10.73 5.40 5.04 8.10 12.48 10.00 16.64 16.06 16.21 16.21 16.35 10.22 10.59 7.45 9.20 8.40 4.38 4.45 0.00 0.00 0.00 0.00 7.52 7.01 6.79 6.57 0.00 0.00 0.00 0.00 0.00 0.00 0.00 0.00 0.00 0.00 0.00 2.85 0.00 6.06 6.72 6.79 0.00 0.00 0.00 5.04 4.89 5.26 5.99 7.37 9.93 9.93 11.97 13.80 15.99 14.09 14.60 13.14 12.78 12.78 9.13 9.34 13.43 13.21 13.07 10.95 11.53 10.37 10.73 10.66 11.17 11.17 9.20 10.07 0.95
10.22 4.23 4.67 4.53 3.50 2.92 3.14 2.04 0.00 0.00 0.73 2.34 1.61 11.53 20.37 18.83 21.10 17.23 17.23 17.45 17.67 17.30 12.56 10.66 9.56 10.29 0.00 0.00 0.00 0.00 0.00 0.00 0.00 0.00 0.00 0.00 0.00 0.00 0.00 0.00 0.00 0.00 0.00 0.00 0.00 0.00 0.00 4.89 4.16 5.77 0.00 0.00 0.00 0.00 4.96 4.31 6.06 7.96 7.81 8.47 10.59 12.92 15.91 15.55 15.04 16.43 14.53 14.45 14.45 9.71 14.24 14.24 15.04 15.62 15.77 15.70 12.78 13.80 11.10 9.71 10.37 10.88 11.46 1.83
10.22 4.23 4.67 4.53 3.50 2.92 3.14 2.04 0.00 0.00 0.73 2.34 1.61 11.53 20.37 18.83 21.10 17.23 17.23 17.45 17.67 17.30 12.56 10.66 9.56 10.29 0.00 0.00 0.00 0.00 0.00 0.00 0.00 0.00 0.00 0.00 0.00 0.00 0.00 0.00 0.00 0.00 0.00 0.00 0.00 0.00 0.00 4.89 4.16 5.77 0.00 0.00 0.00 0.00 4.96 4.31 6.06 7.96 7.81 8.47 10.59 12.92 15.91 15.55 15.04 16.43 14.53 14.45 14.45 9.71 14.24 14.24 15.04 15.62 15.77 15.70 12.78 13.80 11.10 9.71 10.37 10.88 11.46 1.83
3.07 2.56 4.16 4.89 4.16 3.72 0.95 1.53 0.00 0.00 0.00 1.39 8.40 6.79 17.89 21.17 20.59 17.16 17.16 17.96 17.74 18.98 18.25 18.98 10.22 0.00 0.00 0.00 0.00 0.00 0.00 0.00 0.00 0.00 0.00 0.00 0.00 0.00 0.00 0.00 0.00 0.00 0.00 0.00 0.00 0.00 0.00 0.00 0.00 5.84 5.69 7.01 5.33 5.69 3.94 5.55 5.40 6.72 6.20 9.20 8.69 10.15 10.59 12.41 12.70 14.75 14.75 12.19 12.19 13.72 14.02 14.60 15.48 14.97 15.55 15.62 16.72 16.57 14.97 11.83 12.85 10.59 4.82 5.11
0.00 0.00 0.00 5.26 3.50 4.38 1.83 0.00 0.00 0.00 0.00 2.26 5.33 10.07 8.25 7.81 13.36 14.60 14.60 10.15 16.86 17.30 18.54 9.93 11.61 0.00 0.00 0.00 0.00 0.00 0.00 0.00 0.00 0.00 0.00 0.00 0.00 0.00 0.00 0.00 0.00 0.00 0.00 0.00 0.00 0.00 0.00 0.00 0.00 5.77 7.15 9.71 10.51 9.56 4.89 5.18 5.11 5.84 6.64 7.45 6.79 9.42 9.27 10.66 11.32 12.34 10.73 13.87 13.87 12.92 14.09 16.35 15.55 15.33 14.60 14.75 15.18 21.17 21.24 19.64 15.62 10.22 6.50 6.94
2.12 0.00 0.00 0.00 0.00 0.00 0.00 0.00 0.00 0.00 0.00 0.51 0.00 5.18 3.07 3.50 2.92 9.05 9.05 16.86 14.67 17.30 18.03 9.86 0.00 0.00 0.00 0.00 0.00 0.00 0.00 0.00 0.00 0.00 0.00 6.13 7.01 6.86 6.42 6.06 6.20 7.23 7.66 7.66 7.74 5.62 3.94 3.94 4.96 6.64 8.32 7.52 10.73 8.10 7.81 7.81 8.03 6.94 10.66 7.45 6.64 7.59 8.69 10.59 10.37 12.19 13.51 14.60 14.60 17.01 15.33 15.70 18.76 20.66 19.71 18.54 19.78 18.91 21.53 21.17 15.77 12.41 9.27 9.78
2.12 0.00 0.00 0.00 0.00 0.00 0.00 0.00 0.00 0.00 0.00 0.51 0.00 5.18 3.07 3.50 2.92 9.05 9.05 16.86 14.67 17.30 18.03 9.86 0.00 0.00 0.00 0.00 0.00 0.00 0.00 0.00 0.00 0.00 0.00 6.13 7.01 6.86 6.42 6.06 6.20 7.23 7.66 7.66 7.74 5.62 3.94 3.94 4.96 6.64 8.32 7.52 10.73 8.10 7.81 7.81 8.03 6.94 10.66 7.45 6.64 7.59 8.69 10.59 10.37 12.19 13.51 14.60 14.60 17.01 15.33 15.70 18.76 20.66 19.71 18.54 19.78 18.91 21.53 21.17 15.77 12.41 9.27 9.78
3.50 3.65 0.00 0.00 0.00 0.00 0.00 0.00 0.00 0.00 0.00 0.00 0.00 5.69 1.90 5.40 12.26 11.90 11.90 15.26 15.84 16.86 8.83 0.00 0.00 0.00 0.00 0.00 2.77 2.99 4.67 5.99 8.10 4.31 6.50 6.50 8.32 8.25 8.69 7.88 8.69 8.40 8.61 8.61 6.50 4.89 4.74 4.02 4.09 4.23 4.38 6.79 7.01 7.30 6.57 4.82 10.37 13.07 12.63 12.26 9.13 7.52 10.44 10.59 10.73 14.09 13.51 17.37 17.37 16.64 18.76 19.78 19.64 20.51 23.00 24.09 22.19 22.48 22.92 20.73 18.76 20.15 10.37 10.51
5.69 0.00 0.00 0.00 0.00 0.00 0.00 0.00 0.00 0.00 0.00 0.00 0.00 7.52 12.92 9.42 14.82 14.02 14.02 14.09 10.07 8.54 9.20 6.79 4.74 5.91 4.31 6.57 3.58 6.06 8.47 8.32 10.88 12.41 12.70 12.70 11.97 12.48 9.56 7.74 7.96 5.48 4.16 4.16 4.60 4.09 4.60 4.45 4.67 3.72 3.07 1.90 0.00 1.02 1.61 0.00 3.94 2.92 7.45 11.10 9.05 10.73 11.75 12.12 15.26 14.75 14.24 16.35 16.35 17.23 20.88 20.44 21.90 22.27 22.12 23.58 22.34 14.16 16.06 15.40 17.74 16.86 9.71 7.52
3.07 0.00 0.00 0.00 0.00 2.12 0.00 0.00 0.00 0.00 0.00 6.35 7.66 8.54 11.32 10.59 10.66 12.12 12.12 8.98 9.78 7.08 8.32 7.81 6.28 5.91 6.06 8.03 11.32 10.95 15.62 17.23 15.04 14.02 12.85 13.07 10.88 7.81 8.18 6.57 4.45 4.74 3.21 3.21 3.80 7.45 4.38 7.45 5.18 2.56 2.70 2.41 0.00 0.00 0.00 0.00 0.00 1.39 2.77 5.04 4.09 8.32 10.00 9.56 13.58 12.99 15.11 15.99 15.99 15.70 18.54 20.44 17.81 20.37 18.83 21.68 14.02 16.21 10.44 5.40 17.37 11.24 12.05 11.53
0.00 0.00 0.00 2.41 3.14 2.19 7.37 0.00 0.00 7.08 7.15 6.64 8.03 7.45 7.96 7.74 8.61 7.59 7.59 7.52 6.64 6.86 7.66 9.05 8.91 10.00 8.47 8.47 10.95 14.97 14.31 17.16 16.50 14.45 14.89 9.78 6.06 6.35 5.48 7.08 6.94 6.86 6.42 6.42 11.32 9.20 10.88 8.91 9.71 6.94 10.00 3.72 1.10 1.97 0.00 2.41 0.22 1.17 1.31 2.41 3.36 5.99 6.42 7.23 10.59 12.41 14.02 15.77 15.77 17.37 19.35 18.10 18.32 18.40 21.53 18.32 19.93 10.59 4.09 8.32 17.16 13.43 14.24 12.63
0.00 0.00 0.00 2.41 3.14 2.19 7.37 0.00 0.00 7.08 7.15 6.64 8.03 7.45 7.96 7.74 8.61 7.59 7.59 7.52 6.64 6.86 7.66 9.05 8.91 10.00 8.47 8.47 10.95 14.97 14.31 17.16 16.50 14.45 14.89 9.78 6.06 6.35 5.48 7.08 6.94 6.86 6.42 6.42 11.32 9.20 10.88 8.91 9.71 6.94 10.00 3.72 1.10 1.97 0.00 2.41 0.22 1.17 1.31 2.41 3.36 5.99 6.42 7.23 10.59 12.41 14.02 15.77 15.77 17.37 19.35 18.10 18.32 18.40 21.53 18.32 19.93 10.59 4.09 8.32 17.16 13.43 14.24 12.63
1.97 6.57 0.00 5.62 10.37 10.07 10.15 6.86 8.18 7.74 9.20 8.61 8.61 9.27 8.47 6.57 7.30 8.98 8.98 9.42 7.96 6.20 5.77 7.30 10.00 8.83 11.39 11.02 12.26 12.12 15.99 15.70 17.52 16.06 11.83 13.07 7.45 7.81 7.59 9.20 10.22 10.66 10.51 10.51 12.34 25.04 27.45 27.59 22.41 16.13 21.97 20.29 21.39 15.33 8.69 15.55 2.19 3.80 7.01 6.20 5.99 7.74 6.72 12.19 12.26 12.12 14.16 17.81 17.81 17.01 20.29 21.90 20.59 21.32 21.32 20.44 14.09 5.99 6.28 6.13 8.54 5.69 8.03 5.26
0.00 0.00 8.25 8.32 9.42 14.89 16.13 16.43 12.05 10.07 9.71 11.90 9.86 9.56 9.64 9.05 9.20 10.15 10.15 10.29 10.37 9.86 6.50 7.66 7.30 11.17 11.75 12.12 12.19 14.02 14.16 16.28 20.00 19.78 18.32 14.60 9.93 10.44 7.96 9.42 8.98 14.02 21.97 21.97 27.38 26.06 30.59 29.27 35.55 30.81 29.13 26.94 29.93 28.98 23.87 25.48 22.34 17.37 10.73 14.16 12.92 16.13 14.97 16.13 13.14 17.01 19.35 18.18 18.18 23.43 22.56 21.53 22.34 20.66 18.03 14.02 8.18 8.10 5.48 5.48 3.72 1.75 1.46 3.50
0.00 0.00 0.00 5.77 5.69 6.06 15.26 12.48 12.48 14.60 14.16 13.58 16.43 17.30 12.78 10.88 11.24 11.32 11.32 11.68 11.17 11.68 8.83 8.03 11.32 10.44 14.38 12.12 12.48 12.12 13.87 13.29 17.96 17.96 14.16 15.11 8.91 6.42 6.57 6.64 11.24 23.43 20.44 20.44 28.18 31.97 38.25 36.87 37.45 35.04 33.58 30.81 30.08 30.66 31.24 30.66 29.71 28.47 22.19 20.29 19.56 23.73 23.73 21.53 18.03 18.40 19.05 23.21 23.21 18.61 21.83 14.53 18.98 19.13 13.58 8.69 9.56 6.72 5.69 5.69 1.83 0.88 1.53 2.34
0.00 0.00 0.00 0.00 0.00 0.00 0.00 10.07 14.60 13.36 18.61 20.15 19.64 23.65 19.71 14.67 12.19 11.68 11.68 12.48 12.78 10.51 9.64 9.78 11.39 14.53 14.45 14.53 11.10 6.57 7.30 4.67 8.40 14.38 11.97 4.60 7.74 4.96 0.00 5.18 7.66 7.30 16.57 16.57 26.13 24.09 30.51 21.75 27.81 33.07 32.85 32.92 28.03 33.43 31.17 32.70 30.59 27.30 20.29 24.75 22.27 24.09 23.73 24.16 21.97 22.48 20.81 18.91 18.91 19.78 11.46 11.10 8.98 13.14 13.43 11.61 3.80 4.82 5.11 2.04 1.97 2.34 1.61 1.53
0.00 0.00 0.00 0.00 0.00 0.00 0.00 6.35 13.21 16.57 15.91 21.68 25.33 24.97 20.81 16.13 14.09 14.09 14.09 13.36 12.63 12.48 13.43 13.80 12.34 15.55 17.08 17.37 14.89 9.86 4.53 5.40 4.60 8.40 7.88 5.84 0.44 0.00 0.00 0.00 7.96 4.53 3.58 3.58 2.70 7.23 12.26 18.54 9.49 10.00 13.58 21.10 12.56 27.74 31.17 22.85 25.48 19.56 23.21 17.89 20.81 24.09 23.21 26.79 24.75 25.19 23.65 19.78 19.78 21.17 16.57 15.11 8.69 8.40 6.06 4.53 2.56 1.75 3.14 1.10 0.15 0.66 0.15 0.00
0.00 0.00 0.00 0.00 0.00 0.00 0.00 6.35 13.21 16.57 15.91 21.68 25.33 24.97 20.81 16.13 14.09 14.09 14.09 13.36 12.63 12.48 13.43 13.80 12.34 15.55 17.08 17.37 14.89 9.86 4.53 5.40 4.60 8.40 7.88 5.84 0.44 0.00 0.00 0.00 7.96 4.53 3.58 3.58 2.70 7.23 12.26 18.54 9.49 10.00 13.58 21.10 12.56 27.74 31.17 22.85 25.48 19.56 23.21 17.89 20.81 24.09 23.21 26.79 24.75 25.19 23.65 19.78 19.78 21.17 16.57 15.11 8.69 8.40 6.06 4.53 2.56 1.75 3.14 1.10 0.15 0.66 0.15 0.00
0.00 0.00 0.00 0.00 0.00 0.00 9.34 14.67 14.60 14.16 14.24 12.78 11.17 18.03 19.13 15.18 12.99 11.68 11.68 12.48 11.10 13.07 12.48 15.11 15.04 15.84 15.70 15.48 13.51 13.36 5.62 3.72 3.72 4.16 3.72 0.00 1.39 0.51 0.00 1.68 1.97 3.80 0.00 0.00 3.87 0.00 0.00 0.00 0.00 7.01 0.00 3.80 0.00 5.40 16.64 15.11 16.35 9.56 14.60 13.36 18.69 22.27 26.35 25.55 26.79 25.33 23.80 24.60 24.60 24.75 22.48 22.27 14.09 7.45 5.84 3.21 3.58 2.77 2.12 0.29 0.00 0.00 0.00 0.00
1.02 7.08 6.50 6.06 12.05 12.41 12.48 14.24 4.89 7.01 7.15 6.79 4.96 7.74 12.70 12.70 12.78 13.43 13.43 13.80 13.94 14.31 16.86 17.21 15.70 15.41 13.86 13.43 13.21 12.26 7.88 8.69 4.74 2.04 2.48 0.88 0.88 0.66 0.51 0.95 1.10 0.29 0.51 0.51 0.00 0.00 0.00 0.00 0.00 0.00 0.00 0.00 0.00 0.00 0.00 0.00 0.00 4.38 9.64 12.63 16.13 18.98 17.74 22.70 25.19 25.40 23.94 23.36 23.36 22.56 23.21 17.67 19.64 8.91 8.91 4.96 3.14 2.34 3.07 0.00 0.00 0.00 0.07 0.00
4.74 11.90 17.01 15.91 17.59 15.99 16.06 13.51 0.00 0.00 0.00 0.00 0.00 0.00 0.00 12.85 15.04 14.89 14.89 15.11 13.58 13.65 14.67 18.31 21.25 14.75 13.66 13.62 12.85 14.16 10.73 7.23 7.96 3.29 0.73 1.02 0.95 0.73 1.31 1.83 0.22 0.44 0.44 0.44 0.00 0.00 0.00 0.00 0.00 0.00 0.00 0.00 0.00 0.00 0.00 0.00 0.00 0.00 6.94 8.32 15.11 16.35 18.98 17.89 21.90 20.15 23.73 22.19 22.19 22.56 21.75 20.73 18.10 10.51 9.71 3.72 5.62 3.58 0.95 1.97 0.58 0.00 0.00 0.00
1.24 3.94 13.29 8.76 18.03 9.71 0.00 0.00 0.00 0.00 0.00 0.00 0.00 0.00 0.00 0.00 4.74 11.32 11.32 12.12 8.25 9.26 13.09 9.71 12.48 15.89 15.14 14.45 14.22 13.11 13.29 12.99 13.58 10.51 5.26 8.83 6.86 3.58 2.56 1.68 0.58 0.07 0.00 0.00 0.00 0.00 0.00 0.00 0.00 0.00 0.00 0.00 0.00 0.00 0.00 0.00 0.00 0.00 4.23 11.68 10.07 14.60 17.89 17.81 17.74 23.07 21.83 23.94 23.94 22.85 20.15 18.10 16.13 12.78 11.83 8.32 7.52 4.31 3.29 2.34 0.88 0.00 0.29 0.00
1.10 0.00 6.13 3.87 0.00 5.04 0.00 0.00 0.00 0.00 0.00 0.00 0.00 0.00 0.00 0.00 0.00 0.00 0.00 0.00 0.00 0.00 0.00 6.35 6.00 11.39 15.20 15.71 16.65 13.57 13.50 13.87 14.09 13.51 12.12 10.66 11.53 6.42 4.53 2.99 1.17 1.46 0.00 0.00 0.00 0.00 0.07 0.00 0.00 0.00 0.00 0.00 0.00 0.00 0.00 0.00 0.00 0.00 6.42 4.53 15.33 20.15 19.93 20.29 18.83 21.02 22.56 23.00 23.00 20.08 17.30 17.89 16.72 9.64 11.24 10.51 9.49 7.15 4.60 3.50 3.36 1.61 0.37 0.15
1.10 0.00 6.13 3.87 0.00 5.04 0.00 0.00 0.00 0.00 0.00 0.00 0.00 0.00 0.00 0.00 0.00 0.00 0.00 0.00 0.00 0.00 0.00 6.51 5.91 11.39 14.75 14.60 15.56 13.78 13.64 14.45 15.83 14.29 12.43 10.66 11.53 6.42 4.53 2.99 1.17 1.46 0.00 0.00 0.00 0.00 0.07 0.00 0.00 0.00 0.00 0.00 0.00 0.00 0.00 0.00 0.00 0.00 6.42 4.53 15.33 20.15 19.93 20.29 18.83 21.02 22.56 23.00 23.00 20.08 17.30 17.89 16.72 9.64 11.24 10.51 9.49 7.15 4.60 3.50 3.36 1.61 0.37 0.15
0.00 0.00 0.00 1.17 0.00 0.00 0.00 0.00 0.00 0.00 0.00 0.00 0.00 0.00 0.00 0.00 0.00 0.00 0.00 0.00 0.00 0.00 0.00 0.00 3.59 0.00 8.04 9.02 8.40 8.29 11.13 14.37 16.64 16.48 14.52 15.43 12.39 8.18 8.40 5.18 1.68 0.00 0.00 0.00 0.00 0.00 0.29 0.00 0.00 0.00 0.00 0.00 0.00 0.00 0.00 0.00 0.00 0.00 3.43 12.34 10.07 18.98 15.91 22.85 23.80 21.46 21.90 21.97 21.97 21.97 18.40 16.94 12.70 9.20 8.76 7.45 6.94 4.60 1.75 1.17 1.46 1.02 0.00 0.00
0.00 0.00 1.39 1.10 0.95 0.66 0.00 0.00 0.00 0.00 0.00 0.00 0.00 0.00 0.00 0.00 0.00 0.00 0.00 0.00 0.00 0.00 0.00 0.00 0.00 0.00 0.00 0.00 0.00 0.00 3.87 10.44 8.98 17.10 17.21 16.97 15.27 11.15 6.42 11.39 9.34 6.42 1.90 1.90 0.00 0.00 0.00 0.66 0.00 0.00 0.00 0.00 0.00 0.00 0.00 0.00 0.00 0.00 0.00 0.00 0.00 11.32 19.78 18.03 23.80 25.11 24.24 22.48 22.48 21.32 17.81 18.61 14.89 9.13 13.43 4.60 3.14 4.53 3.07 2.19 1.10 4.60 0.29 0.00
0.00 0.00 0.00 0.00 0.73 0.58 3.72 5.11 4.45 5.18 2.77 1.17 0.00 0.00 2.26 6.79 6.57 5.77 5.77 1.31 1.68 0.07 0.00 0.00 0.00 0.00 0.00 0.00 0.00 0.00 0.00 4.89 11.61 10.15 16.44 17.31 21.10 16.21 15.99 14.38 12.63 5.69 5.40 5.40 0.00 1.10 0.15 0.00 0.00 0.00 0.00 0.00 0.00 0.00 0.00 0.00 0.00 0.00 0.00 0.00 0.00 0.00 8.10 17.52 24.89 24.75 22.78 21.83 21.83 23.00 18.25 18.91 18.91 14.97 13.43 14.16 13.51 4.60 9.13 13.87 12.05 7.88 4.89 1.46
0.00 0.00 0.00 0.00 0.00 1.83 1.17 0.00 3.87 2.19 2.56 0.00 0.51 1.24 3.29 7.45 5.55 5.91 5.91 3.80 1.46 0.00 0.00 0.00 0.00 0.00 0.00 0.00 0.00 0.00 0.00 0.00 0.00 0.00 7.74 17.01 19.05 19.90 17.21 18.51 17.74 10.51 12.70 12.70 4.89 5.33 1.68 3.21 0.00 0.00 0.29 0.00 0.00 0.00 0.00 0.00 0.00 0.00 1.46 1.39 3.65 3.43 12.12 9.93 14.89 13.72 19.78 21.02 21.02 14.16 16.72 14.45 20.22 20.66 20.66 19.42 18.47 17.96 15.84 16.79 16.06 12.26 9.42 10.22
0.00 0.00 0.00 0.00 0.00 0.00 0.00 0.00 0.00 0.00 0.00 0.00 0.00 4.53 2.99 7.23 3.58 1.97 1.97 0.66 0.80 0.00 0.00 0.00 0.00 0.00 0.00 0.00 0.00 0.00 0.00 0.00 0.00 0.00 1.75 12.12 7.23 12.92 14.82 18.34 19.08 13.51 15.55 15.55 9.56 11.39 4.53 0.95 0.00 0.07 0.00 0.00 0.00 0.00 0.00 0.00 0.00 0.00 4.16 6.79 7.01 4.16 3.94 5.18 8.61 12.63 8.32 11.24 11.24 6.79 11.83 16.57 10.88 19.86 18.61 13.51 17.89 17.89 16.64 16.94 14.24 13.43 10.51 11.83
0.00 0.00 0.00 0.00 0.00 0.00 0.00 0.00 0.00 0.00 0.00 0.00 0.00 2.99 1.53 0.00 1.31 0.00 0.00 0.00 0.00 0.00 0.00 0.00 0.00 0.00 0.00 0.00 0.00 0.00 0.00 0.00 0.00 0.00 0.00 0.44 0.95 6.34 11.24 5.91 8.77 14.82 13.65 13.65 11.97 13.07 12.85 6.72 9.20 0.44 6.42 3.43 0.00 0.00 0.00 0.00 0.00 0.00 0.00 3.36 6.13 6.94 5.33 4.96 4.53 0.00 5.62 4.16 4.16 4.45 5.69 5.33 7.15 5.18 1.39 7.37 16.43 11.46 11.32 5.91 9.86 11.68 10.73 5.48
0.00 0.00 0.00 0.00 0.00 0.00 0.00 0.00 0.00 0.00 0.00 0.00 0.00 2.99 1.53 0.00 1.31 0.00 0.00 0.00 0.00 0.00 0.00 0.00 0.00 0.00 0.00 0.00 0.00 0.00 0.00 0.00 0.00 0.00 0.00 0.44 0.95 6.31 11.36 5.91 8.69 14.82 13.65 13.65 11.97 13.07 12.85 6.72 9.20 0.44 6.42 3.43 0.00 0.00 0.00 0.00 0.00 0.00 0.00 3.36 6.13 6.94 5.33 4.96 4.53 0.00 5.62 4.16 4.16 4.45 5.69 5.33 7.15 5.18 1.39 7.37 16.43 11.46 11.32 5.91 9.86 11.68 10.73 5.48
0.00 0.00 3.14 0.00 0.00 0.00 0.00 0.00 1.41 0.15 0.80 0.00 2.70 2.48 1.68 0.00 0.00 0.00 0.00 0.00 0.00 0.00 0.00 0.00 0.00 0.00 0.00 0.00 0.00 0.00 0.00 0.00 0.00 0.00 0.00 0.00 1.83 0.29 1.03 1.75 3.07 4.45 4.45 4.45 9.49 3.50 9.34 6.28 11.02 10.07 4.23 7.08 3.43 0.00 0.00 0.00 0.00 0.00 3.21 3.36 6.57 6.42 6.06 4.89 4.16 0.00 0.00 0.00 0.00 3.94 3.36 3.50 3.21 2.99 0.00 0.00 8.40 2.41 0.00 0.00 6.06 7.66 6.64 2.34
