Wansh/Snow_depth/snowdepth-1993/spring/1993092.txt
ncols 321
nrows 161
xllcenter 60
yllcenter 15 
cellsize  0.25 
NODATA_value -1
[rows 0 to 36 of 161, columns 84 to 167 of 321]
21.46 21.02 20.08 20.22 20.81 19.78 20.51 15.77 16.50 16.57 20.44 20.15 22.48 24.82 24.45 24.75 15.84 16.64 16.64 17.67 22.19 19.93 20.51 14.09 15.77 7.23 9.13 5.11 3.94 3.50 2.99 6.42 7.37 7.96 9.05 9.05 8.91 4.02 3.65 1.39 10.22 9.34 12.85 12.85 12.05 7.37 5.69 5.69 6.20 7.59 10.07 10.88 11.39 8.03 6.94 6.79 8.32 9.27 9.64 6.79 7.23 5.04 5.11 3.65 3.29 3.14 5.48 7.81 7.81 7.45 9.86 9.78 10.00 8.76 8.83 10.00 10.44 10.29 10.22 7.59 9.49 12.41 10.15 11.97
20.00 18.25 18.40 18.18 21.32 20.59 22.63 23.65 23.00 21.75 20.66 20.73 18.18 18.76 15.99 13.72 14.02 13.58 13.58 10.00 8.40 11.02 14.38 18.76 17.30 11.02 12.41 5.99 5.77 3.36 5.11 4.67 5.55 4.31 5.04 1.31 1.02 1.31 1.10 0.73 8.32 15.33 14.16 14.16 15.84 13.43 14.97 5.84 5.99 5.69 5.69 5.62 3.87 7.23 5.91 7.66 7.15 9.71 9.78 9.86 10.95 11.02 10.59 10.07 10.29 9.93 10.29 7.37 7.37 12.63 12.41 12.99 9.71 9.78 9.78 13.65 12.05 11.39 5.99 6.57 6.86 8.69 7.30 7.37
17.37 17.96 16.06 17.74 18.61 21.68 21.10 24.60 23.29 24.02 22.63 22.63 22.05 21.32 14.89 9.86 11.39 8.76 8.76 8.47 7.74 8.32 12.19 11.75 17.16 17.52 14.67 7.96 8.18 4.09 6.50 4.31 4.02 4.02 5.99 3.07 3.50 5.40 5.62 7.74 7.23 10.95 11.68 11.68 11.68 17.89 15.77 16.35 12.63 13.14 4.89 3.50 3.65 3.87 5.48 4.82 6.50 8.61 8.61 12.63 12.63 12.78 12.85 12.70 12.56 12.63 12.78 14.45 14.45 14.02 14.16 11.32 11.97 10.07 12.26 13.29 15.11 14.97 11.75 10.07 6.57 6.13 5.99 6.35
17.37 17.96 16.06 17.74 18.61 21.68 21.10 24.60 23.29 24.02 22.63 22.63 22.05 21.32 14.89 9.86 11.39 8.76 8.76 8.47 7.74 8.32 12.19 11.75 17.16 17.52 14.67 7.96 8.18 4.09 6.50 4.31 4.02 4.02 5.99 3.07 3.50 5.40 5.62 7.74 7.23 10.95 11.68 11.68 11.68 17.89 15.77 16.35 12.63 13.14 4.89 3.50 3.65 3.87 5.48 4.82 6.50 8.61 8.61 12.63 12.63 12.78 12.85 12.70 12.56 12.63 12.78 14.45 14.45 14.02 14.16 11.32 11.97 10.07 12.26 13.29 15.11 14.97 11.75 10.07 6.57 6.13 5.99 6.35
17.37 15.91 16.13 15.99 16.13 15.91 16.21 18.61 17.81 23.07 24.09 23.94 23.21 25.55 23.43 24.09 17.81 10.07 10.07 12.19 8.32 8.18 9.71 9.42 11.39 13.43 12.05 9.86 5.77 8.18 5.69 6.13 4.89 4.38 7.01 7.81 7.88 6.28 2.63 3.50 0.00 7.08 6.79 6.79 10.95 7.96 19.56 17.08 17.67 12.26 8.18 8.76 6.06 4.82 4.60 5.48 5.33 6.79 10.29 9.49 12.56 14.16 14.16 15.04 15.04 16.43 16.50 16.43 16.43 15.40 13.80 14.16 12.34 11.68 11.53 13.21 15.91 15.62 15.91 12.92 10.29 11.24 7.45 5.77
21.32 21.24 21.46 19.05 19.35 15.18 11.97 12.34 11.68 12.56 13.94 20.66 26.13 25.19 26.21 26.35 27.67 21.53 21.53 24.67 11.39 12.63 9.86 9.27 12.34 14.02 11.53 7.74 7.88 8.10 5.18 5.33 5.40 6.79 7.37 7.37 4.38 5.33 0.95 0.00 0.00 0.00 0.15 0.15 3.80 13.43 11.53 19.71 18.03 16.86 9.27 6.94 7.01 5.18 5.40 5.33 6.13 7.81 7.74 9.64 9.71 12.41 14.97 14.75 16.50 16.28 16.50 14.82 14.82 13.36 13.58 13.36 14.45 14.16 13.29 10.22 10.07 10.07 11.53 9.71 11.53 11.39 8.32 8.61
22.12 22.27 22.27 20.37 17.01 17.96 13.80 11.53 11.61 11.32 11.32 12.48 18.40 20.44 24.67 25.84 25.84 26.65 26.65 28.76 21.83 21.75 14.09 13.21 13.21 12.85 8.10 9.64 6.13 5.40 5.40 5.62 6.86 6.79 7.45 7.01 5.69 0.15 2.12 0.00 0.00 0.00 0.00 0.00 7.01 7.88 18.40 16.86 18.61 10.88 11.53 7.81 5.91 4.96 5.40 6.06 5.84 7.66 9.93 9.64 12.34 14.60 14.45 15.77 16.28 16.21 15.91 14.82 14.82 14.97 14.60 14.97 14.67 15.33 15.84 14.31 15.55 11.32 9.05 9.42 9.56 10.15 10.88 11.46
22.12 22.27 22.27 20.37 17.01 17.96 13.80 11.53 11.61 11.32 11.32 12.48 18.40 20.44 24.67 25.84 25.84 26.65 26.65 28.76 21.83 21.75 14.09 13.21 13.21 12.85 8.10 9.64 6.13 5.40 5.40 5.62 6.86 6.79 7.45 7.01 5.69 0.15 2.12 0.00 0.00 0.00 0.00 0.00 7.01 7.88 18.40 16.86 18.61 10.88 11.53 7.81 5.91 4.96 5.40 6.06 5.84 7.66 9.93 9.64 12.34 14.60 14.45 15.77 16.28 16.21 15.91 14.82 14.82 14.97 14.60 14.97 14.67 15.33 15.84 14.31 15.55 11.32 9.05 9.42 9.56 10.15 10.88 11.46
22.12 21.46 21.97 21.17 21.46 18.47 15.48 12.70 12.85 12.34 11.75 11.83 15.11 15.26 24.67 23.36 25.70 27.01 27.01 28.32 27.01 28.03 27.16 15.26 12.34 8.98 6.86 6.13 6.35 5.33 4.96 5.18 4.45 7.96 7.08 9.71 9.93 4.16 2.26 2.19 4.02 4.67 1.02 1.02 6.42 9.13 8.18 7.01 7.52 9.86 7.96 7.81 7.37 6.57 8.10 7.88 8.91 8.47 9.20 9.49 11.24 13.51 12.12 14.38 15.40 14.67 15.26 12.99 12.99 13.36 14.60 14.09 16.35 15.99 16.21 15.99 16.72 17.16 17.81 15.11 10.88 10.29 9.56 10.44
21.17 21.83 21.97 21.02 19.05 14.45 16.94 10.88 10.15 10.00 10.95 12.41 13.14 14.75 15.18 19.27 25.40 27.45 27.45 28.54 28.40 27.96 22.27 12.99 7.74 6.50 6.50 5.18 5.55 5.84 3.36 3.87 4.16 5.99 9.49 9.78 8.40 8.32 8.54 5.40 5.33 5.18 5.91 5.91 4.82 5.99 5.69 5.84 7.37 9.05 9.27 11.61 13.36 10.29 9.71 10.22 10.15 9.78 9.56 9.64 11.02 12.05 12.05 12.41 14.09 13.65 13.29 12.99 12.99 12.92 13.07 15.70 18.03 17.30 16.94 16.43 16.06 18.25 21.39 18.54 12.63 12.34 9.13 8.83
20.15 20.29 20.44 17.23 11.75 13.51 8.61 7.88 7.52 8.40 6.28 8.76 9.13 14.97 18.98 22.85 27.67 27.01 27.01 29.20 29.20 25.11 15.77 6.50 7.37 0.00 4.45 4.38 2.77 2.12 2.41 2.92 4.89 4.67 6.50 8.83 8.76 8.40 7.30 8.54 6.57 7.30 6.86 6.86 8.47 7.08 7.74 7.08 6.57 9.78 14.24 13.14 16.94 13.51 14.75 11.24 12.48 10.80 13.43 12.70 10.59 12.12 12.41 13.14 13.14 12.78 13.80 13.58 13.58 15.26 16.35 16.43 16.57 18.54 21.02 21.61 19.42 20.44 19.56 20.29 19.78 16.13 13.51 12.63
20.15 20.29 20.44 17.23 11.75 13.51 8.61 7.88 7.52 8.40 6.28 8.76 9.13 14.97 18.98 22.85 27.67 27.01 27.01 29.20 29.20 25.11 15.77 6.50 7.37 0.00 4.45 4.38 2.77 2.12 2.41 2.92 4.89 4.67 6.50 8.83 8.76 8.40 7.30 8.54 6.57 7.30 6.86 6.86 8.47 7.08 7.74 7.08 6.57 9.78 14.24 13.14 16.94 13.51 14.75 11.24 12.48 10.80 13.43 12.70 10.59 12.12 12.41 13.14 13.14 12.78 13.80 13.58 13.58 15.26 16.35 16.43 16.57 18.54 21.02 21.61 19.42 20.44 19.56 20.29 19.78 16.13 13.51 12.63
17.67 20.73 14.82 17.81 11.02 5.62 5.04 4.67 6.79 5.91 5.84 7.45 9.78 19.42 23.94 22.92 26.06 27.16 27.16 28.47 21.24 20.00 7.59 5.99 5.04 5.33 3.72 2.34 2.48 2.41 4.23 3.94 7.74 6.64 6.28 11.46 13.72 10.37 10.00 11.83 11.83 12.05 8.76 8.76 9.20 7.30 7.88 8.18 9.86 13.21 14.02 19.78 20.00 16.94 12.34 13.29 11.32 14.02 13.80 14.09 13.21 12.26 12.63 13.87 12.92 13.29 13.72 16.21 16.21 18.40 17.67 20.15 20.73 22.41 22.05 22.85 23.14 20.95 22.56 22.56 20.59 18.54 15.55 14.16
18.18 14.60 15.70 10.15 7.59 8.03 6.35 7.81 9.49 12.05 11.83 12.12 14.16 19.27 21.90 21.53 22.63 18.47 18.47 17.74 14.45 8.61 7.08 7.23 5.48 4.38 5.26 2.77 5.40 5.84 11.32 10.07 9.05 14.97 13.58 13.07 15.62 14.53 14.97 13.29 11.97 12.34 12.41 12.41 12.92 9.86 9.42 10.22 10.15 11.90 14.16 12.99 12.05 14.53 16.13 19.78 20.66 15.04 13.80 9.13 12.99 13.65 11.39 14.16 13.43 15.18 14.89 14.89 14.89 16.43 20.51 20.44 21.68 21.17 22.85 22.92 18.10 11.61 15.55 16.57 16.13 14.31 14.09 11.32
19.20 15.33 13.80 13.87 14.02 12.05 9.20 9.78 8.25 11.53 10.22 12.85 12.48 14.97 11.53 18.40 17.96 14.09 14.09 12.48 9.93 9.42 8.18 9.05 9.27 6.86 8.32 8.61 9.05 13.51 13.21 17.37 17.45 17.52 15.77 14.60 15.91 13.07 10.29 10.59 10.88 13.21 12.26 12.26 14.38 12.92 13.14 13.21 10.80 10.29 11.53 11.17 11.75 14.67 22.48 20.81 24.67 16.64 8.10 9.27 7.37 8.61 7.96 11.39 14.38 13.94 14.89 15.91 15.91 17.01 18.32 18.91 20.51 20.95 21.10 19.42 20.29 14.02 3.65 13.21 15.55 17.52 18.54 15.48
17.45 14.09 14.38 14.24 13.87 13.14 11.10 7.37 7.15 7.88 7.59 8.76 7.96 9.71 8.32 9.27 13.07 11.24 11.24 10.15 9.42 9.64 9.20 9.71 10.66 10.37 9.78 10.88 10.88 14.38 16.94 16.43 17.30 15.04 15.33 13.94 11.83 11.97 10.00 13.80 13.43 15.99 15.91 15.91 16.35 13.65 14.38 14.24 13.72 14.16 14.24 14.38 14.60 17.96 19.35 19.86 15.48 19.20 8.91 7.37 9.05 8.32 9.13 8.83 9.13 12.34 15.99 16.57 16.57 16.28 17.37 18.76 19.27 18.25 19.71 21.61 14.53 3.29 0.00 12.19 12.78 15.84 17.74 11.83
17.45 14.09 14.38 14.24 13.87 13.14 11.10 7.37 7.15 7.88 7.59 8.76 7.96 9.71 8.32 9.27 13.07 11.24 11.24 10.15 9.42 9.64 9.20 9.71 10.66 10.37 9.78 10.88 10.88 14.38 16.94 16.43 17.30 15.04 15.33 13.94 11.83 11.97 10.00 13.80 13.43 15.99 15.91 15.91 16.35 13.65 14.38 14.24 13.72 14.16 14.24 14.38 14.60 17.96 19.35 19.86 15.48 19.20 8.91 7.37 9.05 8.32 9.13 8.83 9.13 12.34 15.99 16.57 16.57 16.28 17.37 18.76 19.27 18.25 19.71 21.61 14.53 3.29 0.00 12.19 12.78 15.84 17.74 11.83
20.44 17.45 17.08 18.91 18.47 17.08 8.76 9.34 5.91 6.50 5.84 6.94 7.81 9.42 9.78 9.93 9.56 9.78 9.78 11.17 9.20 8.40 8.32 8.32 10.59 12.05 12.19 12.12 14.89 15.18 15.62 17.89 17.59 19.13 13.87 14.24 12.70 13.29 13.14 14.97 16.64 16.94 17.16 17.16 19.49 22.85 16.72 18.18 17.52 17.96 16.13 16.21 16.13 18.10 18.61 18.76 16.43 11.90 9.42 8.98 11.39 12.48 12.70 11.75 10.95 13.51 16.21 15.26 15.26 20.29 20.44 20.81 19.86 20.29 21.10 18.03 12.26 3.72 4.89 7.74 7.23 9.34 11.97 12.12
15.48 18.25 18.18 18.83 20.00 20.81 17.67 15.18 8.47 5.62 7.88 6.72 7.88 10.37 9.86 10.44 10.80 12.48 12.48 11.53 10.29 12.34 8.25 8.32 9.78 12.85 16.13 15.77 15.91 16.72 17.08 18.91 21.10 21.02 19.49 14.89 14.97 13.65 9.78 10.15 10.15 17.30 21.68 21.68 20.66 25.26 26.79 27.01 26.79 27.38 21.83 21.68 20.59 21.24 20.00 18.03 18.54 16.50 12.12 18.54 20.44 20.15 20.95 17.74 17.67 16.43 15.62 19.78 19.78 21.53 20.29 21.32 20.29 19.35 16.72 13.87 9.56 6.86 7.23 4.82 5.11 5.69 9.27 7.30
12.34 14.31 15.70 15.62 18.98 17.52 20.95 18.47 10.37 8.10 8.18 13.07 8.91 8.47 11.39 9.05 8.40 14.24 14.24 11.02 12.56 12.78 10.00 10.66 10.44 12.41 15.99 14.09 14.75 14.75 12.92 11.83 19.35 18.69 19.05 14.60 6.35 6.86 7.08 6.72 10.00 7.59 16.21 16.21 26.86 26.13 27.30 27.96 27.81 30.37 31.68 29.57 30.44 28.76 28.47 28.40 28.62 25.92 20.73 21.68 20.44 21.53 21.61 20.59 17.59 19.78 21.46 20.37 20.37 22.92 19.42 13.51 16.79 17.96 13.07 14.75 10.66 7.59 8.47 7.37 5.91 7.88 9.93 5.91
14.82 16.43 15.99 16.06 14.38 10.37 16.35 14.60 18.10 17.89 16.06 16.64 23.58 13.07 18.18 8.61 10.59 9.56 9.56 9.05 10.66 10.22 9.93 10.66 11.83 11.68 14.89 13.80 11.97 12.41 7.59 8.03 7.59 15.55 12.26 4.16 5.04 0.66 0.00 2.99 7.01 11.39 10.66 10.66 13.58 16.50 16.50 16.50 28.91 28.25 30.66 31.76 31.90 31.90 31.83 31.10 31.17 29.27 25.48 22.63 23.43 23.58 25.26 23.51 21.53 22.12 21.17 21.75 21.75 15.84 11.53 11.97 12.26 12.26 14.38 7.23 5.62 4.53 4.82 5.84 7.45 8.54 5.04 4.38
14.45 16.21 15.55 17.23 11.90 11.68 12.12 11.68 17.37 18.47 24.53 28.25 30.08 24.82 16.57 16.57 14.31 9.64 9.64 10.66 10.95 10.59 11.68 11.68 12.48 15.18 17.37 15.11 14.24 11.83 12.78 6.94 7.96 6.64 6.64 3.07 0.37 0.58 0.00 3.14 5.11 7.74 7.52 7.52 7.15 9.27 9.71 10.59 7.23 7.88 8.54 7.74 12.78 18.40 22.12 21.46 20.00 18.69 20.88 20.51 22.19 24.97 24.38 26.21 27.74 24.31 23.51 23.87 23.87 20.66 22.05 10.15 7.96 7.23 6.86 4.23 2.92 3.14 5.99 3.50 2.77 4.89 5.48 2.19
14.45 16.21 15.55 17.23 11.90 11.68 12.12 11.68 17.37 18.47 24.53 28.25 30.08 24.82 16.57 16.57 14.31 9.64 9.64 10.66 10.95 10.59 11.68 11.68 12.48 15.18 17.37 15.11 14.24 11.83 12.78 6.94 7.96 6.64 6.64 3.07 0.37 0.58 0.00 3.14 5.11 7.74 7.52 7.52 7.15 9.27 9.71 10.59 7.23 7.88 8.54 7.74 12.78 18.40 22.12 21.46 20.00 18.69 20.88 20.51 22.19 24.97 24.38 26.21 27.74 24.31 23.51 23.87 23.87 20.66 22.05 10.15 7.96 7.23 6.86 4.23 2.92 3.14 5.99 3.50 2.77 4.89 5.48 2.19
12.41 12.48 11.61 14.24 13.43 12.99 11.10 16.94 15.33 21.10 24.24 27.96 25.11 22.56 20.81 18.25 18.54 13.51 13.51 11.24 11.39 11.17 12.99 13.65 14.89 14.45 14.97 12.92 16.86 12.12 7.52 7.66 4.89 4.23 0.66 0.00 0.51 0.00 0.00 1.75 2.34 2.48 0.95 0.95 0.00 0.00 0.00 0.00 0.00 0.00 0.00 4.82 10.51 8.61 15.55 15.18 15.33 14.02 15.99 19.49 18.91 18.18 23.00 27.89 25.70 26.72 23.65 23.21 23.21 24.16 19.27 19.64 10.37 10.51 6.06 6.64 2.04 2.99 3.80 4.31 2.56 3.21 0.80 1.46
14.24 13.14 13.65 14.09 15.11 18.25 20.08 18.40 22.56 22.48 22.34 20.81 21.17 16.13 22.70 11.39 12.70 12.99 12.99 10.95 11.32 14.89 13.21 15.72 13.43 13.63 12.98 11.39 11.61 11.90 9.27 7.59 7.88 3.94 0.66 0.15 0.15 0.58 1.10 0.58 1.68 0.00 0.00 0.00 0.00 0.00 0.00 0.00 0.00 0.00 0.00 0.00 0.00 0.00 5.40 6.79 1.90 4.23 11.61 9.71 16.35 19.71 18.98 23.73 26.35 24.02 22.70 22.78 22.78 23.29 22.27 23.43 14.31 14.53 10.22 6.64 4.31 2.70 2.99 3.65 3.43 3.07 2.56 1.83
16.57 14.09 19.49 21.90 21.24 21.68 21.53 26.50 26.28 17.59 18.83 7.15 10.73 14.53 11.17 8.61 13.94 14.24 14.24 14.67 12.56 14.45 12.12 17.30 16.59 12.96 12.57 12.12 12.85 11.68 11.68 9.56 8.40 6.06 2.41 1.24 1.17 1.53 2.12 1.24 0.95 0.29 0.00 0.00 0.00 0.00 0.00 0.00 0.00 0.00 0.00 0.00 0.00 0.00 0.00 0.00 0.00 0.00 9.13 14.97 15.40 15.33 15.40 19.35 21.90 21.68 23.65 23.43 23.43 21.75 21.39 21.46 18.83 14.09 7.01 7.23 3.94 3.50 3.36 2.77 2.56 0.95 2.63 2.04
17.23 17.08 19.13 20.59 22.70 22.56 26.94 17.59 13.72 9.34 3.72 0.95 3.29 0.15 7.52 6.42 8.32 12.78 12.78 4.09 5.62 9.19 5.79 14.30 14.52 12.71 13.29 12.83 13.02 12.89 10.73 10.88 10.95 9.78 9.86 3.14 3.65 2.48 2.70 1.46 0.29 0.00 0.00 0.00 0.00 0.00 0.00 0.00 0.00 0.00 0.00 0.00 0.00 0.00 0.00 0.00 0.00 0.00 7.23 5.55 14.38 15.55 18.91 17.74 18.03 18.40 22.12 23.14 23.14 21.10 19.42 18.54 16.86 14.82 7.88 9.56 5.33 6.06 3.65 3.65 1.61 1.83 0.44 0.44
13.80 15.62 12.19 16.64 20.08 14.02 17.59 17.74 2.04 2.85 0.00 0.00 0.00 0.00 0.00 3.21 2.41 6.35 6.35 0.00 0.00 1.85 1.81 0.58 9.49 9.49 8.96 15.39 14.84 14.23 12.62 13.07 12.12 12.19 12.34 12.34 12.63 4.45 2.12 1.02 1.24 0.07 0.00 0.00 0.00 0.00 0.00 0.00 0.00 0.00 0.00 0.00 0.00 0.00 0.00 0.00 0.00 0.00 5.77 14.16 18.40 21.02 20.22 20.00 17.74 20.88 22.12 21.97 21.97 19.78 17.23 17.67 14.53 12.05 11.17 10.80 4.31 7.15 6.42 5.55 7.23 2.41 1.10 0.66
13.80 15.62 12.19 16.64 20.08 14.02 17.59 17.74 2.04 2.85 0.00 0.00 0.00 0.00 0.00 3.21 2.41 6.35 6.38 0.00 0.00 1.98 1.76 0.60 9.34 9.49 8.69 14.31 13.86 14.45 12.75 13.61 13.62 12.90 12.65 12.34 12.63 4.45 2.12 1.02 1.24 0.07 0.00 0.00 0.00 0.00 0.00 0.00 0.00 0.00 0.00 0.00 0.00 0.00 0.00 0.00 0.00 0.00 5.77 14.16 18.40 21.02 20.22 20.00 17.74 20.88 22.12 21.97 21.97 19.78 17.23 17.67 14.53 12.05 11.17 10.80 4.31 7.15 6.42 5.55 7.23 2.41 1.10 0.66
10.51 9.56 8.98 10.73 6.94 8.18 8.03 5.77 3.58 0.00 0.00 1.39 0.00 0.00 0.00 0.00 0.00 0.00 0.00 0.00 0.00 0.00 0.00 0.00 0.00 4.20 3.98 3.96 11.17 11.96 11.43 12.48 15.62 15.97 13.92 13.99 11.50 13.07 8.98 1.24 0.07 0.15 0.29 0.29 0.00 0.00 0.00 0.00 0.00 0.00 0.00 0.00 0.00 0.00 0.00 0.00 0.00 0.00 4.16 0.00 12.34 20.37 20.15 23.51 22.12 22.41 20.81 22.27 22.27 20.37 19.71 15.99 14.89 10.73 9.05 6.72 3.94 3.21 4.89 3.50 1.97 2.56 2.04 1.02
11.75 10.80 12.78 7.01 5.77 3.87 1.53 4.53 0.00 0.00 0.29 0.00 0.58 0.80 2.92 2.56 4.09 6.64 6.64 1.25 1.39 1.61 0.00 0.00 0.00 0.00 0.00 0.00 0.00 6.05 8.47 7.88 10.22 15.25 16.31 16.10 14.23 10.93 10.51 10.66 10.15 6.57 1.83 1.83 1.02 0.00 0.00 0.00 0.00 0.00 0.00 0.00 0.00 0.00 0.00 0.00 0.00 0.00 0.00 6.35 0.00 9.27 10.29 20.66 23.51 24.53 23.65 23.58 23.58 20.15 15.91 17.23 10.07 11.53 15.26 9.64 3.14 5.04 2.92 9.20 7.45 2.26 1.24 0.66
14.09 15.48 17.89 15.33 8.10 11.61 12.05 13.51 1.75 4.02 4.96 5.48 2.04 3.94 4.74 9.05 6.86 8.47 8.47 6.79 3.21 3.94 2.70 0.00 0.00 0.00 0.00 0.00 0.00 0.00 2.48 6.50 5.84 8.25 13.91 18.96 19.09 15.48 13.58 13.87 13.58 12.19 5.18 5.18 1.53 1.68 0.66 0.00 0.00 0.00 0.00 0.00 0.00 0.00 0.00 0.00 0.00 0.00 0.00 0.00 0.00 5.77 8.61 19.42 24.60 21.83 23.29 23.00 23.00 17.96 17.45 18.18 22.05 21.17 19.35 14.16 13.51 10.66 16.06 12.78 6.57 9.86 8.32 4.23
7.01 15.26 15.70 18.10 15.99 13.36 12.26 12.41 6.86 10.59 5.77 3.14 4.60 4.31 6.28 9.05 8.18 8.91 8.91 5.26 4.96 2.19 2.04 0.80 0.00 0.00 0.00 0.00 0.00 0.00 0.00 0.00 3.36 7.37 6.72 12.41 18.38 19.52 18.18 16.81 15.40 16.13 10.59 10.59 3.94 2.34 2.63 1.17 0.00 0.00 0.00 0.00 0.00 0.00 0.00 0.00 0.00 0.00 3.80 1.61 3.58 3.72 13.94 11.32 18.40 17.37 20.66 15.26 15.26 15.84 15.11 17.01 18.25 21.68 19.42 19.42 18.47 17.96 15.70 17.37 11.39 9.42 12.56 8.69
1.53 10.66 9.49 14.89 12.26 12.19 10.07 11.10 13.05 0.00 2.26 0.00 3.87 6.79 5.84 7.96 1.10 2.63 2.63 2.99 0.00 0.00 0.00 0.00 0.00 0.00 0.00 0.00 0.00 0.00 0.00 0.00 0.00 0.00 6.35 4.89 12.41 15.33 17.86 17.67 16.51 14.24 9.49 9.49 10.59 6.79 3.14 1.10 1.68 0.00 0.00 0.51 0.00 0.00 0.00 0.00 0.00 0.00 4.38 7.66 7.81 5.84 5.11 6.94 9.93 6.50 13.14 6.72 6.72 9.49 6.79 15.40 5.84 13.07 18.61 13.51 17.52 19.56 19.56 19.56 15.33 15.18 14.16 8.76
3.58 7.01 6.35 10.15 12.85 14.53 5.77 0.00 0.00 0.00 0.00 0.00 2.56 3.50 3.65 0.00 0.00 0.00 0.00 0.00 0.00 0.00 0.00 0.00 0.00 0.00 0.00 0.00 0.00 0.00 0.00 0.00 0.00 0.00 0.00 3.80 2.26 9.22 12.78 12.78 9.00 9.34 9.27 9.27 11.24 12.48 12.34 11.83 10.22 5.40 6.57 0.00 0.00 0.00 0.00 0.00 0.00 0.00 0.00 6.50 5.91 6.42 5.69 4.60 4.89 4.96 0.00 5.55 5.55 7.01 0.00 0.00 2.70 5.18 1.39 7.37 16.13 10.95 15.62 15.48 14.97 15.11 12.41 6.50
3.58 7.01 6.35 10.15 12.85 14.53 5.77 0.00 0.00 0.00 0.00 0.00 2.56 3.50 3.65 0.00 0.00 0.00 0.00 0.00 0.00 0.00 0.00 0.00 0.00 0.00 0.00 0.00 0.00 0.00 0.00 0.00 0.00 0.00 0.00 3.82 2.26 9.17 12.90 12.78 8.91 9.34 9.27 9.27 11.24 12.48 12.34 11.83 10.22 5.40 6.57 0.00 0.00 0.00 0.00 0.00 0.00 0.00 0.00 6.50 5.91 6.42 5.69 4.60 4.89 4.96 0.00 5.55 5.55 7.01 0.00 0.00 2.70 5.18 1.39 7.37 16.13 10.95 15.62 15.48 14.97 15.11 12.41 6.50
5.69 6.20 9.49 10.22 9.93 10.59 0.00 10.97 5.04 2.70 2.26 2.70 2.48 3.07 0.88 0.00 0.00 0.00 0.00 0.00 0.00 0.00 0.00 0.00 0.00 0.00 0.00 0.00 0.00 0.00 0.00 0.00 0.00 0.00 0.00 0.00 3.87 2.77 5.87 6.64 5.18 4.67 4.16 4.16 6.28 9.49 10.88 10.37 11.83 9.71 5.69 2.19 3.14 0.00 0.00 0.00 0.00 0.00 0.00 3.87 0.00 5.91 6.35 5.18 4.09 0.00 0.00 0.00 0.00 0.00 4.02 0.00 0.00 0.00 0.00 0.00 0.00 7.96 12.99 10.95 11.39 13.36 9.42 3.65
