Wansh/Snow_depth/snowdepth-1993/winter/1993363.txt
ncols 321
nrows 161
xllcenter 60
yllcenter 15 
cellsize  0.25 
NODATA_value -1
[rows 0 to 36 of 161, columns 0 to 83 of 321]
9.93 9.93 9.13 13.72 14.31 14.89 13.29 14.75 14.24 17.30 18.98 18.83 19.42 20.29 19.27 19.05 18.40 18.32 17.30 15.84 17.89 15.11 17.30 18.91 18.83 18.91 18.91 19.78 18.32 18.18 18.61 18.47 22.19 23.00 22.92 22.92 22.27 22.27 21.17 21.17 21.17 21.17 20.59 21.17 20.15 15.40 14.53 14.89 14.60 15.70 13.14 13.14 13.14 13.43 13.36 13.65 12.78 12.85 12.85 11.46 12.41 11.17 11.61 12.05 11.24 12.05 12.12 10.00 9.49 10.15 7.23 9.93 9.64 12.12 11.68 14.24 14.24 16.13 15.70 17.45 17.23 18.40 19.05 18.98
13.65 13.65 14.75 15.77 15.55 15.55 15.77 15.55 17.52 19.49 19.35 19.78 19.86 19.93 19.05 18.91 17.74 17.96 16.64 17.59 17.37 18.40 18.47 17.59 18.10 19.56 19.56 19.35 20.88 20.29 21.90 21.90 21.97 22.48 20.37 21.17 21.02 21.53 21.32 21.46 21.46 17.81 15.70 14.82 15.33 14.16 13.80 10.37 11.61 12.19 12.34 12.34 12.70 11.46 10.95 11.24 10.73 10.29 10.29 10.51 10.59 11.02 11.46 11.53 11.46 11.10 9.71 10.00 9.49 8.10 7.59 11.39 12.12 11.53 14.89 14.53 14.53 16.64 18.69 18.76 19.93 19.93 19.71 20.51
14.97 14.97 15.11 14.97 15.84 15.91 15.70 17.67 17.23 18.91 20.51 18.40 17.30 22.34 19.27 19.05 18.76 15.99 16.13 16.28 17.59 16.13 16.72 16.57 18.03 18.98 18.98 19.42 21.24 19.71 20.88 21.10 18.91 20.08 19.93 19.64 19.78 19.78 19.20 20.15 19.86 20.00 14.60 10.88 9.86 9.86 9.78 9.93 10.66 10.66 11.39 11.39 11.02 11.24 11.24 11.68 11.53 10.51 10.80 10.07 10.66 11.90 11.61 12.85 11.75 11.90 12.41 11.32 11.10 12.34 11.53 11.24 14.02 15.55 14.97 18.25 18.25 17.89 19.49 21.17 20.66 22.27 20.51 21.17
14.97 14.97 15.11 14.97 15.84 15.91 15.70 17.67 17.23 18.91 20.51 18.40 17.30 22.34 19.27 19.05 18.76 15.99 16.13 16.28 17.59 16.13 16.72 16.57 18.03 18.98 18.98 19.42 21.24 19.71 20.88 21.10 18.91 20.08 19.93 19.64 19.78 19.78 19.20 20.15 19.86 20.00 14.60 10.88 9.86 9.86 9.78 9.93 10.66 10.66 11.39 11.39 11.02 11.24 11.24 11.68 11.53 10.51 10.80 10.07 10.66 11.90 11.61 12.85 11.75 11.90 12.41 11.32 11.10 12.34 11.53 11.24 14.02 15.55 14.97 18.25 18.25 17.89 19.49 21.17 20.66 22.27 20.51 21.17
16.43 16.43 14.97 15.40 15.62 15.55 15.77 16.28 17.23 17.16 17.30 17.96 18.98 18.32 18.40 15.99 15.62 16.35 14.89 15.40 15.55 17.23 17.08 16.50 16.72 16.35 16.35 17.89 17.08 18.32 16.57 18.76 18.32 19.35 19.27 19.35 18.47 16.13 16.50 14.75 12.78 11.75 10.80 11.10 9.78 9.34 9.71 9.20 9.27 10.44 10.80 10.80 10.37 10.37 11.10 11.90 12.34 12.56 11.75 12.34 11.61 11.61 12.99 12.56 13.65 13.43 13.43 14.38 12.99 12.92 14.89 15.26 14.67 17.23 19.71 18.10 18.10 21.53 22.27 22.12 21.53 21.97 20.22 18.25
14.02 14.02 15.18 15.48 15.18 16.13 16.86 16.57 17.59 17.16 17.30 15.99 14.75 14.89 14.24 14.16 16.06 15.62 16.64 16.43 14.89 15.04 16.57 16.79 16.43 16.13 16.13 15.62 14.60 14.75 15.91 19.93 20.37 20.00 19.13 18.25 18.83 15.91 14.31 15.40 12.85 12.05 11.39 10.51 10.37 10.44 9.93 9.64 9.56 10.00 10.00 10.00 9.20 7.66 10.73 10.15 12.34 14.02 13.58 12.99 13.36 11.68 13.36 13.94 13.87 15.55 14.82 14.67 15.26 15.55 15.48 16.28 18.47 17.23 19.64 19.49 19.49 19.49 21.61 21.24 21.53 19.56 19.56 18.76
14.60 14.60 14.60 14.89 15.62 15.48 15.77 15.91 15.91 15.84 16.06 15.33 14.67 14.02 13.80 15.91 16.13 16.43 18.03 17.23 15.26 15.84 15.18 16.72 16.43 16.28 16.28 15.77 16.94 18.10 19.56 19.35 17.45 17.16 17.23 17.37 15.26 15.40 13.87 13.72 12.48 12.85 11.10 10.59 9.78 9.56 9.64 9.49 8.69 8.61 7.52 7.52 7.66 5.99 8.98 12.05 11.02 14.60 13.80 13.87 13.65 13.87 13.51 15.18 15.40 15.48 15.33 16.13 15.99 17.37 16.86 16.50 17.74 17.37 18.76 17.67 17.67 17.08 16.50 14.67 18.47 18.18 18.32 16.57
14.60 14.60 14.60 14.89 15.62 15.48 15.77 15.91 15.91 15.84 16.06 15.33 14.67 14.02 13.80 15.91 16.13 16.43 18.03 17.23 15.26 15.84 15.18 16.72 16.43 16.28 16.28 15.77 16.94 18.10 19.56 19.35 17.45 17.16 17.23 17.37 15.26 15.40 13.87 13.72 12.48 12.85 11.10 10.59 9.78 9.56 9.64 9.49 8.69 8.61 7.52 7.52 7.66 5.99 8.98 12.05 11.02 14.60 13.80 13.87 13.65 13.87 13.51 15.18 15.40 15.48 15.33 16.13 15.99 17.37 16.86 16.50 17.74 17.37 18.76 17.67 17.67 17.08 16.50 14.67 18.47 18.18 18.32 16.57
16.50 16.50 16.13 15.99 15.84 14.67 14.60 14.53 15.26 15.18 15.33 14.82 15.48 14.75 14.82 14.60 15.55 18.18 17.96 18.91 17.96 17.45 16.35 16.94 17.16 17.08 17.08 17.74 17.67 17.81 16.64 16.64 17.08 15.48 14.67 14.97 14.53 13.14 14.82 12.34 11.61 11.17 11.39 11.39 11.24 9.20 8.18 8.69 9.13 9.56 8.61 8.61 10.22 9.86 9.78 11.75 11.02 14.31 12.26 12.99 13.80 14.82 15.70 15.62 15.55 15.48 15.18 15.55 18.10 17.81 18.25 17.52 17.89 17.08 14.67 14.89 14.89 14.38 12.63 13.07 11.17 16.57 16.35 15.70
15.99 15.99 15.84 16.13 16.43 14.67 15.91 14.89 14.31 14.02 15.48 16.28 16.86 18.98 17.08 18.32 18.61 19.35 19.20 19.20 18.40 18.40 17.67 17.37 17.30 17.52 17.52 18.10 15.84 15.48 15.84 13.94 14.31 14.53 13.65 12.78 12.56 12.92 12.85 14.16 14.02 13.80 13.43 13.58 12.92 13.65 12.78 11.39 11.24 10.88 12.05 12.05 11.02 9.78 9.93 9.34 9.86 10.37 10.59 12.48 14.09 13.87 14.75 15.62 15.91 13.72 15.18 15.04 14.38 17.01 16.13 16.21 13.94 16.79 14.53 13.36 13.36 13.29 11.10 10.80 10.44 12.19 13.21 12.92
14.53 14.53 15.77 15.48 15.70 15.18 14.89 15.70 15.62 16.57 16.64 18.10 17.81 18.54 19.86 19.78 19.86 20.22 19.05 17.89 18.18 18.10 18.18 17.89 17.89 17.45 17.45 17.81 15.62 12.19 12.41 12.92 10.51 10.95 10.80 11.83 11.02 14.31 14.24 14.45 13.87 13.65 14.97 15.55 15.99 16.06 14.60 15.26 12.12 10.80 10.95 10.95 10.88 10.37 9.27 9.34 10.22 10.15 10.80 10.73 10.80 12.48 13.07 9.42 11.46 9.27 9.05 10.66 11.24 10.44 13.80 11.97 12.19 10.88 13.36 12.41 12.41 11.53 11.10 11.39 12.34 12.05 13.21 13.29
14.53 14.53 15.77 15.48 15.70 15.18 14.89 15.70 15.62 16.57 16.64 18.10 17.81 18.54 19.86 19.78 19.86 20.22 19.05 17.89 18.18 18.10 18.18 17.89 17.89 17.45 17.45 17.81 15.62 12.19 12.41 12.92 10.51 10.95 10.80 11.83 11.02 14.31 14.24 14.45 13.87 13.65 14.97 15.55 15.99 16.06 14.60 15.26 12.12 10.80 10.95 10.95 10.88 10.37 9.27 9.34 10.22 10.15 10.80 10.73 10.80 12.48 13.07 9.42 11.46 9.27 9.05 10.66 11.24 10.44 13.80 11.97 12.19 10.88 13.36 12.41 12.41 11.53 11.10 11.39 12.34 12.05 13.21 13.29
14.24 14.24 14.67 14.53 14.89 14.60 14.82 14.53 16.35 16.43 16.64 16.50 17.08 17.81 18.98 19.42 19.64 20.37 18.91 19.64 18.18 18.32 18.54 18.61 17.23 15.18 15.18 12.05 12.26 11.39 8.83 10.00 9.78 9.56 8.76 8.61 10.00 13.07 10.80 11.02 12.56 11.83 14.53 15.99 14.60 15.91 15.26 15.48 13.80 10.59 9.71 9.71 9.93 10.15 10.51 9.64 10.00 9.34 8.18 8.98 9.34 6.50 7.30 7.81 5.48 7.15 6.13 5.69 8.47 8.47 7.96 7.96 9.93 9.93 9.42 10.07 10.07 10.22 11.46 12.56 12.41 12.26 13.58 12.12
10.51 10.51 11.46 12.48 12.34 13.14 13.14 13.29 15.84 14.82 16.13 15.18 16.50 15.77 16.06 17.08 19.20 20.08 18.61 17.08 20.15 16.35 17.37 13.58 12.34 12.78 12.78 10.29 9.34 8.10 8.32 8.18 7.52 7.66 8.47 8.69 8.69 10.88 9.71 10.07 10.95 10.22 11.83 12.78 12.56 14.02 11.68 10.66 10.22 10.22 10.15 10.15 10.51 10.15 10.29 9.34 7.52 7.52 7.74 4.96 5.40 5.77 4.16 4.60 4.53 4.89 4.53 5.40 5.04 6.64 6.42 6.13 7.45 9.34 9.27 10.07 10.07 11.32 10.95 11.75 11.46 11.46 11.17 10.44
11.02 11.02 10.59 11.02 11.61 13.29 12.85 13.29 13.58 13.80 15.48 14.31 14.82 15.84 17.74 17.16 20.44 19.93 18.25 14.60 14.67 14.75 13.87 12.48 11.32 10.00 10.00 10.07 9.71 8.03 7.52 7.88 8.47 9.27 9.42 8.91 8.32 10.37 10.95 9.86 9.78 9.93 10.22 11.24 10.80 11.53 11.24 11.17 11.39 10.80 10.88 10.88 10.73 11.46 9.78 10.44 7.37 4.31 4.60 4.60 5.18 4.67 4.82 5.18 5.62 5.91 6.42 4.53 5.40 5.62 5.77 6.50 6.42 6.94 9.78 9.27 9.27 11.46 12.19 12.12 11.46 11.61 11.53 11.17
11.68 11.68 11.75 11.53 11.39 11.97 12.26 13.14 14.31 18.25 17.37 17.37 16.79 16.13 16.35 19.56 18.25 17.37 16.64 15.40 12.85 12.05 12.41 11.68 9.56 9.56 9.56 8.69 9.05 9.42 9.56 9.78 9.78 8.61 8.54 8.54 10.44 8.83 8.83 8.98 9.34 9.56 8.98 9.20 9.42 10.29 11.32 11.24 11.10 9.78 10.15 10.15 11.53 11.24 10.59 7.81 4.16 4.31 6.28 5.69 5.69 6.57 6.13 6.13 5.84 6.06 6.28 6.50 6.86 6.64 6.72 5.26 6.13 5.84 7.01 8.69 8.69 10.15 11.75 10.95 11.32 11.24 12.41 11.97
11.68 11.68 11.75 11.53 11.39 11.97 12.26 13.14 14.31 18.25 17.37 17.37 16.79 16.13 16.35 19.56 18.25 17.37 16.64 15.40 12.85 12.05 12.41 11.68 9.56 9.56 9.56 8.69 9.05 9.42 9.56 9.78 9.78 8.61 8.54 8.54 10.44 8.83 8.83 8.98 9.34 9.56 8.98 9.20 9.42 10.29 11.32 11.24 11.10 9.78 10.15 10.15 11.53 11.24 10.59 7.81 4.16 4.31 6.28 5.69 5.69 6.57 6.13 6.13 5.84 6.06 6.28 6.50 6.86 6.64 6.72 5.26 6.13 5.84 7.01 8.69 8.69 10.15 11.75 10.95 11.32 11.24 12.41 11.97
12.99 12.99 12.63 11.90 12.12 12.56 14.45 16.21 18.69 17.96 18.83 17.74 16.86 15.33 13.58 14.75 15.55 9.78 10.95 10.66 11.46 9.71 7.15 8.98 8.32 8.91 8.91 9.34 9.13 9.34 9.34 9.34 8.32 8.91 8.18 5.77 9.71 7.88 8.47 7.01 8.03 8.18 8.32 9.34 9.34 10.73 10.44 10.22 10.51 9.27 10.59 10.59 11.68 10.66 11.10 7.81 7.45 7.74 7.37 7.01 7.23 7.66 6.72 7.37 7.96 6.64 6.79 7.08 7.23 7.59 7.88 8.18 7.96 7.15 6.57 7.96 7.96 8.18 9.34 10.29 10.22 9.86 11.53 10.80
12.78 12.78 12.70 12.99 13.65 13.65 15.62 14.82 16.86 17.67 17.30 16.06 15.70 13.51 10.66 12.48 7.96 6.35 5.55 2.85 4.16 3.94 6.06 8.47 9.05 9.56 9.56 9.20 7.37 8.98 8.91 9.34 8.40 6.20 7.59 4.82 10.29 8.76 6.20 6.64 8.03 8.98 11.32 10.66 10.80 11.24 10.00 9.64 9.71 9.64 10.59 10.59 11.02 10.44 10.07 8.76 9.56 9.56 11.10 11.68 9.05 9.71 9.93 8.83 9.71 9.05 6.94 6.94 8.91 8.54 9.20 8.83 8.91 7.66 7.59 7.52 7.52 8.10 9.20 10.22 10.15 10.22 10.59 10.59
11.17 11.17 11.39 13.43 14.89 15.70 15.26 16.06 17.23 14.82 14.60 12.26 10.44 12.12 5.48 7.88 5.55 2.34 0.00 1.17 1.24 5.26 8.98 8.18 10.73 9.42 9.42 6.50 6.72 8.10 8.54 8.25 8.25 5.84 3.58 7.74 7.66 7.66 7.88 7.88 11.46 12.41 12.26 11.83 12.12 10.00 10.66 9.34 10.37 10.59 10.37 10.37 10.37 10.80 11.32 11.39 10.73 14.31 13.94 14.31 14.67 11.53 12.70 12.41 11.97 10.07 8.98 8.10 9.27 9.27 9.27 8.47 7.52 7.81 8.40 9.42 9.42 8.47 9.27 11.32 11.97 12.34 12.92 12.70
11.24 11.24 11.02 13.80 13.58 15.70 16.43 14.89 13.65 13.72 9.86 10.07 9.86 8.83 8.32 5.26 0.73 1.61 1.31 0.37 3.72 6.64 11.32 12.92 13.21 10.29 10.29 8.83 9.71 10.07 7.96 8.18 6.28 6.35 6.50 9.13 9.64 9.34 10.29 12.12 12.19 12.05 13.14 12.63 12.19 11.39 12.78 11.68 11.90 11.39 11.75 11.75 10.80 10.73 11.61 15.11 15.18 15.04 15.26 14.60 13.65 14.16 12.26 11.97 10.37 11.02 9.27 9.93 8.98 9.42 9.20 9.20 8.69 9.42 9.34 10.29 10.29 11.83 13.21 12.26 13.87 14.60 14.75 13.87
11.46 11.46 10.51 13.07 14.45 15.26 14.16 14.60 10.22 11.68 10.07 8.25 8.61 8.83 8.40 4.31 4.31 4.89 7.66 7.37 7.30 7.74 15.48 14.31 14.45 12.41 12.41 12.92 11.10 10.80 11.10 9.49 9.64 7.37 7.23 7.96 9.78 9.78 10.07 11.17 11.24 12.56 13.21 13.21 12.63 13.94 14.24 13.29 14.82 13.21 13.72 13.72 11.97 15.18 16.06 15.70 16.64 15.48 15.77 14.82 13.07 11.61 12.34 11.97 12.12 10.88 10.95 10.59 11.39 9.71 9.13 9.71 9.78 11.61 12.19 13.14 13.14 12.99 13.72 14.60 14.24 16.35 14.97 15.26
11.46 11.46 10.51 13.07 14.45 15.26 14.16 14.60 10.22 11.68 10.07 8.25 8.61 8.83 8.40 4.31 4.31 4.89 7.66 7.37 7.30 7.74 15.48 14.31 14.45 12.41 12.41 12.92 11.10 10.80 11.10 9.49 9.64 7.37 7.23 7.96 9.78 9.78 10.07 11.17 11.24 12.56 13.21 13.21 12.63 13.94 14.24 13.29 14.82 13.21 13.72 13.72 11.97 15.18 16.06 15.70 16.64 15.48 15.77 14.82 13.07 11.61 12.34 11.97 12.12 10.88 10.95 10.59 11.39 9.71 9.13 9.71 9.78 11.61 12.19 13.14 13.14 12.99 13.72 14.60 14.24 16.35 14.97 15.26
10.66 10.66 10.73 13.21 12.63 14.02 10.51 10.51 9.49 8.40 9.13 9.71 9.56 8.47 7.23 6.72 10.80 10.37 10.59 10.29 15.70 17.45 16.94 15.18 14.31 13.14 13.14 13.58 10.66 10.88 10.95 10.73 10.73 10.37 9.05 11.10 11.17 10.44 10.29 11.24 11.32 12.26 13.14 15.33 15.77 15.99 15.11 16.35 15.99 15.99 15.40 15.40 17.74 16.35 17.59 17.45 17.45 16.13 14.60 15.04 12.78 11.68 12.05 11.83 12.41 12.63 11.90 11.75 13.87 14.31 10.95 10.95 12.70 12.92 13.94 13.65 13.65 13.72 13.94 14.09 16.13 15.77 17.16 15.55
9.56 9.56 9.34 10.51 8.54 8.91 8.69 4.74 6.64 4.09 9.20 10.51 7.88 8.69 7.52 8.83 10.73 9.78 11.39 15.91 19.05 18.25 16.72 17.37 15.04 11.32 11.32 9.13 9.71 9.71 11.46 11.46 11.02 10.95 12.19 13.80 12.41 11.75 12.12 11.90 11.53 13.21 14.45 16.57 17.89 17.96 16.86 17.16 16.43 17.96 18.54 18.54 18.32 17.30 18.03 17.89 17.23 17.81 14.75 14.89 12.85 12.92 13.94 14.24 12.99 13.21 16.79 15.77 15.55 16.13 15.91 16.21 14.38 14.75 14.24 14.75 14.75 14.45 14.45 13.94 16.21 17.74 16.64 17.16
10.66 10.66 8.47 7.01 5.48 3.58 3.72 1.90 0.95 1.53 9.64 3.50 4.96 4.23 5.26 6.94 7.30 13.29 18.40 17.23 19.56 20.08 17.59 14.31 10.07 11.17 11.17 8.10 9.49 12.12 11.68 11.10 11.02 10.59 14.60 14.31 12.85 12.99 13.29 14.31 14.31 14.97 14.82 16.13 16.35 17.67 18.32 17.96 17.96 17.67 17.52 17.52 16.86 18.32 17.89 18.98 17.59 16.94 16.79 16.57 18.25 15.40 15.55 15.04 15.26 17.37 17.16 16.64 17.01 17.30 15.26 14.82 14.75 15.55 15.18 14.67 14.67 14.60 14.60 14.31 15.70 16.86 17.52 16.28
11.24 11.24 11.61 8.91 9.13 5.99 6.50 4.45 3.29 2.85 1.53 2.34 0.00 0.00 1.10 0.00 4.89 13.21 17.96 20.44 20.66 20.95 18.47 12.78 9.49 7.52 7.52 7.52 10.15 10.80 10.37 11.24 8.61 10.29 14.75 14.16 14.31 15.40 13.14 14.38 13.94 14.31 15.26 16.06 15.77 17.52 17.08 17.16 15.33 12.85 13.43 13.43 15.40 15.11 17.96 17.89 18.18 16.94 18.10 18.69 19.20 15.33 15.18 14.82 16.28 16.50 15.91 16.06 15.48 14.97 14.97 15.04 15.55 15.40 14.97 14.82 14.82 14.53 14.67 14.16 15.55 17.08 16.79 18.40
13.87 13.87 12.70 10.29 10.29 8.91 9.34 8.69 7.81 2.92 4.09 2.26 0.00 3.29 3.14 7.88 5.84 11.53 17.08 19.56 19.78 15.33 16.21 12.63 8.91 8.03 8.03 9.13 9.42 8.83 8.32 7.59 7.81 9.27 15.40 14.60 13.94 13.80 13.21 13.43 13.43 13.29 14.16 15.40 15.77 16.06 15.99 14.45 7.52 10.51 7.88 7.88 12.12 11.75 16.13 14.60 14.82 15.77 13.14 16.06 14.31 14.75 13.07 14.75 14.82 14.82 15.62 14.97 15.04 15.26 14.97 15.04 14.97 14.97 14.31 14.31 14.31 15.77 15.04 15.18 15.77 16.72 18.69 18.54
13.87 13.87 12.70 10.29 10.29 8.91 9.34 8.69 7.81 2.92 4.09 2.26 0.00 3.29 3.14 7.88 5.84 11.53 17.08 19.56 19.78 15.33 16.21 12.63 8.91 8.03 8.03 9.13 9.42 8.83 8.32 7.59 7.81 9.27 15.40 14.60 13.94 13.80 13.21 13.43 13.43 13.29 14.16 15.40 15.77 16.06 15.99 14.45 7.52 10.51 7.88 7.88 12.12 11.75 16.13 14.60 14.82 15.77 13.14 16.06 14.31 14.75 13.07 14.75 14.82 14.82 15.62 14.97 15.04 15.26 14.97 15.04 14.97 14.97 14.31 14.31 14.31 15.77 15.04 15.18 15.77 16.72 18.69 18.54
12.92 12.92 10.51 9.78 10.15 10.80 9.93 11.24 10.22 11.97 7.23 10.44 10.51 7.30 8.32 12.85 15.77 17.96 17.45 18.61 14.60 13.65 9.86 8.91 8.98 9.05 9.05 8.91 7.96 8.10 8.10 7.23 7.30 14.09 13.36 13.43 12.41 11.75 12.63 13.14 13.72 13.51 13.36 14.89 16.21 14.09 9.27 5.48 6.06 4.38 4.74 4.74 9.86 9.56 10.22 11.46 6.13 8.18 8.25 8.98 12.85 11.46 11.24 12.78 14.82 13.80 16.64 15.84 14.97 15.26 13.58 13.07 14.45 14.67 13.51 12.99 12.99 12.12 10.22 7.74 8.47 14.09 16.86 18.03
10.07 10.07 10.95 8.91 9.56 9.64 10.88 7.59 9.42 10.07 10.29 10.95 10.51 10.29 11.53 12.99 15.26 16.79 13.51 12.26 12.34 12.05 8.47 7.52 7.08 7.01 7.01 7.96 9.20 8.47 8.69 8.61 7.23 13.14 13.07 12.78 11.90 12.26 12.34 14.16 13.43 13.87 14.75 14.45 15.77 17.01 11.53 3.50 0.51 1.68 2.19 2.19 6.57 9.20 8.76 9.20 4.38 4.96 7.74 6.50 10.29 9.56 10.37 9.49 14.53 15.48 13.65 14.09 14.89 13.07 13.51 11.46 10.22 8.40 12.26 8.32 8.32 3.94 1.46 1.75 2.12 4.67 7.30 6.64
10.07 10.07 10.66 9.42 9.56 9.71 7.15 6.94 7.08 8.40 8.83 8.76 11.17 0.00 0.00 13.65 0.00 11.83 10.07 8.03 6.50 7.37 7.81 5.84 5.84 6.13 6.13 8.83 8.47 9.20 8.98 9.13 8.32 13.43 13.07 12.92 12.78 12.85 13.29 13.51 11.83 12.41 13.43 14.75 16.64 16.57 15.48 12.12 4.67 7.88 7.01 7.01 6.72 6.50 2.63 3.87 4.02 5.84 6.42 7.45 6.64 8.40 8.98 9.42 9.20 12.48 11.90 10.07 10.44 11.75 9.71 7.01 7.66 3.29 0.00 6.79 6.79 1.17 0.00 0.80 0.29 2.63 3.87 6.28
3.80 3.80 3.87 4.60 2.56 4.09 5.04 5.48 6.42 6.50 7.23 8.47 0.00 14.09 12.78 10.29 7.96 8.40 7.88 4.67 5.26 5.55 5.18 5.11 5.69 5.84 5.84 8.18 8.47 8.47 8.83 9.78 12.63 15.26 15.48 14.82 15.11 12.70 11.32 11.39 11.17 10.95 11.02 13.94 16.86 16.43 14.24 15.04 10.37 13.51 9.78 9.78 7.45 8.83 2.92 7.96 8.61 7.59 8.47 6.13 5.11 4.31 7.08 8.69 8.18 10.15 9.86 9.05 7.30 7.88 7.30 3.80 0.00 1.10 0.00 0.00 0.00 4.67 3.21 3.14 4.31 4.31 3.72 4.82
1.10 1.10 0.00 0.73 0.51 2.85 6.35 3.87 3.21 5.33 4.60 7.45 11.32 14.16 10.44 8.18 5.55 3.07 3.21 3.14 0.00 3.07 4.82 5.26 5.69 5.55 5.55 7.52 8.83 10.95 9.34 10.59 14.60 17.16 17.45 16.72 13.58 12.05 11.24 10.22 9.56 11.68 10.88 13.29 15.33 15.84 15.91 16.79 17.01 16.50 15.18 15.18 10.66 7.74 6.94 10.51 10.00 5.99 6.28 4.89 3.36 8.98 7.52 8.18 8.98 9.93 10.22 8.54 7.37 7.08 7.59 6.57 0.00 0.00 0.00 0.00 0.00 9.49 15.33 14.53 15.91 15.91 14.67 9.86
0.00 0.00 1.24 1.97 3.58 4.53 7.59 0.44 2.04 4.23 7.08 8.83 9.71 9.64 9.71 8.03 5.62 2.19 1.68 2.48 3.87 3.58 4.74 6.06 5.40 5.69 5.69 5.55 7.81 11.24 12.78 12.48 15.91 16.43 17.16 12.85 11.46 10.73 9.64 10.29 9.86 11.24 10.95 12.99 12.48 14.75 14.60 16.13 16.57 14.67 14.67 14.67 13.87 13.87 11.68 11.75 7.74 0.00 0.00 0.00 0.00 11.90 15.26 11.46 11.46 11.97 12.70 13.36 8.76 8.98 10.37 10.80 11.02 13.07 6.79 4.45 4.45 13.21 18.47 19.13 19.71 19.78 18.83 14.89
0.00 0.00 1.24 1.97 3.58 4.53 7.59 0.44 2.04 4.23 7.08 8.83 9.71 9.64 9.71 8.03 5.62 2.19 1.68 2.48 3.87 3.58 4.74 6.06 5.40 5.69 5.69 5.55 7.81 11.24 12.78 12.48 15.91 16.43 17.16 12.85 11.46 10.73 9.64 10.29 9.86 11.24 10.95 12.99 12.48 14.75 14.60 16.13 16.57 14.67 14.67 14.67 13.87 13.87 11.68 11.75 7.74 0.00 0.00 0.00 0.00 11.90 15.26 11.46 11.46 11.97 12.70 13.36 8.76 8.98 10.37 10.80 11.02 13.07 6.79 4.45 4.45 13.21 18.47 19.13 19.71 19.78 18.83 14.89
0.73 0.73 0.22 3.07 7.81 0.00 0.51 1.53 2.92 4.09 8.83 8.83 9.56 9.56 0.00 0.00 0.00 3.72 3.80 2.63 3.72 3.65 3.14 6.50 4.45 4.60 4.60 5.18 5.11 9.78 7.74 9.71 16.13 10.15 10.73 10.44 10.37 10.44 11.53 11.83 10.88 10.15 8.69 10.44 12.56 13.72 13.29 14.38 13.58 14.60 14.38 14.38 13.72 13.65 10.51 0.00 3.87 0.00 0.00 12.92 16.86 15.55 18.25 18.18 15.48 15.77 15.77 17.89 18.61 13.07 15.11 15.48 18.32 18.98 23.65 25.77 25.77 25.40 22.41 21.75 23.14 22.78 23.51 20.08
