Wansh/Snow_depth/snowdepth-1993/winter/1993335.txt
ncols 321
nrows 161
xllcenter 60
yllcenter 15 
cellsize  0.25 
NODATA_value -1
[rows 0 to 37 of 161, columns 0 to 83 of 321]
3.36 3.36 6.64 7.59 7.08 8.25 7.01 6.86 9.86 9.42 10.88 13.36 12.99 13.07 12.85 12.78 12.63 12.63 11.32 11.53 11.61 12.41 12.26 11.39 10.51 10.29 10.29 9.56 10.07 10.00 10.07 9.86 9.49 8.98 9.64 10.22 10.80 11.90 13.29 12.92 13.36 13.14 12.85 10.95 11.39 9.78 9.93 9.86 10.15 8.83 8.32 8.32 8.61 8.10 8.76 8.40 9.42 7.15 7.15 8.47 7.01 5.40 5.26 6.13 6.42 5.91 5.48 6.35 6.64 6.72 6.28 4.60 4.31 7.81 7.81 7.81 7.81 7.81 7.81 7.88 8.61 8.47 8.91 9.42
8.10 8.10 7.45 10.00 8.47 8.69 8.98 9.86 9.64 10.80 10.51 12.70 12.34 12.48 11.02 10.73 12.12 10.88 11.17 10.07 10.51 11.90 10.66 10.88 10.80 10.66 10.66 10.37 10.37 10.22 9.86 9.56 9.56 9.05 10.07 9.78 10.80 12.26 11.97 11.90 10.80 11.24 8.40 7.74 7.88 7.37 7.59 7.23 7.66 5.99 7.66 7.66 6.35 6.79 6.64 5.77 6.64 5.33 4.82 5.18 5.33 4.53 4.02 4.09 4.53 4.60 5.48 4.67 4.67 4.38 4.16 3.94 3.80 5.55 7.01 8.47 8.47 9.27 7.45 9.56 9.49 9.93 9.86 10.07
9.93 9.93 10.00 9.93 9.42 9.64 9.64 10.29 11.39 11.10 11.68 10.66 10.95 10.07 10.37 10.00 8.76 9.05 9.34 9.71 9.71 9.64 9.71 10.07 10.80 10.44 10.44 11.10 11.02 10.15 9.49 9.49 8.54 8.03 7.96 8.76 9.42 9.56 8.69 8.54 10.66 6.79 5.11 5.62 4.53 5.40 5.55 5.99 5.48 5.33 5.62 5.62 3.72 4.89 4.38 5.18 4.82 5.11 4.31 4.31 4.74 5.84 5.91 5.40 4.16 4.60 6.13 5.18 5.62 5.11 4.74 6.42 7.01 6.79 7.30 7.96 7.96 9.78 8.61 10.00 10.88 11.39 10.44 10.22
9.93 9.93 10.00 9.93 9.42 9.64 9.64 10.29 11.39 11.10 11.68 10.66 10.95 10.07 10.37 10.00 8.76 9.05 9.34 9.71 9.71 9.64 9.71 10.07 10.80 10.44 10.44 11.10 11.02 10.15 9.49 9.49 8.54 8.03 7.96 8.76 9.42 9.56 8.69 8.54 10.66 6.79 5.11 5.62 4.53 5.40 5.55 5.99 5.48 5.33 5.62 5.62 3.72 4.89 4.38 5.18 4.82 5.11 4.31 4.31 4.74 5.84 5.91 5.40 4.16 4.60 6.13 5.18 5.62 5.11 4.74 6.42 7.01 6.79 7.30 7.96 7.96 9.78 8.61 10.00 10.88 11.39 10.44 10.22
9.13 9.13 9.64 9.05 9.86 9.56 9.34 9.56 10.44 9.78 10.07 9.93 7.59 7.74 6.86 9.42 8.25 8.83 8.91 9.42 9.42 9.49 9.64 9.56 9.78 9.27 9.27 9.05 9.13 8.25 9.05 9.05 9.20 8.25 7.96 7.81 8.47 7.15 7.37 7.08 5.99 6.35 4.60 4.02 3.94 4.60 3.72 3.43 3.43 3.94 2.92 2.92 3.29 2.70 4.31 5.99 5.91 5.77 4.53 4.89 5.11 5.84 5.11 5.55 4.96 6.35 6.28 7.30 6.94 6.13 6.86 6.50 8.10 8.47 9.56 10.29 10.29 11.97 12.12 11.75 11.83 11.83 11.02 9.93
9.13 9.13 7.37 7.23 8.91 8.83 8.76 9.13 10.29 8.98 7.96 8.18 6.50 6.57 6.42 7.59 8.69 9.05 9.64 9.71 9.20 7.88 7.88 8.54 8.32 8.40 8.40 8.61 8.69 8.32 9.05 8.76 9.86 9.05 9.05 9.20 7.96 8.25 6.72 7.37 7.01 5.99 3.43 3.43 3.36 3.36 3.29 3.07 3.43 2.63 1.39 1.39 2.12 2.99 3.94 5.55 5.55 5.69 6.72 5.48 5.69 6.64 5.69 6.64 8.54 8.47 9.20 9.20 7.74 9.93 8.61 8.76 8.61 8.54 10.73 10.59 10.59 10.95 12.41 10.29 10.80 10.29 10.29 10.29
8.69 8.69 6.79 7.52 7.81 7.37 8.69 8.98 7.15 7.52 8.25 8.03 8.47 7.74 7.74 7.88 8.32 9.49 9.13 10.00 9.93 7.59 8.25 8.03 8.76 8.91 8.91 8.76 8.54 9.20 9.27 9.42 9.27 9.20 9.27 9.27 8.61 7.59 7.88 6.94 7.23 6.28 5.33 4.45 3.43 2.26 2.41 2.19 2.34 2.48 2.41 2.41 1.83 2.34 1.61 4.02 6.20 6.35 6.50 6.35 6.35 7.81 7.37 7.30 9.13 9.20 10.29 10.37 9.86 10.15 9.42 10.15 10.59 10.29 10.29 8.25 8.25 8.32 9.27 8.98 9.56 9.71 8.40 8.76
8.69 8.69 6.79 7.52 7.81 7.37 8.69 8.98 7.15 7.52 8.25 8.03 8.47 7.74 7.74 7.88 8.32 9.49 9.13 10.00 9.93 7.59 8.25 8.03 8.76 8.91 8.91 8.76 8.54 9.20 9.27 9.42 9.27 9.20 9.27 9.27 8.61 7.59 7.88 6.94 7.23 6.28 5.33 4.45 3.43 2.26 2.41 2.19 2.34 2.48 2.41 2.41 1.83 2.34 1.61 4.02 6.20 6.35 6.50 6.35 6.35 7.81 7.37 7.30 9.13 9.20 10.29 10.37 9.86 10.15 9.42 10.15 10.59 10.29 10.29 8.25 8.25 8.32 9.27 8.98 9.56 9.71 8.40 8.76
8.25 8.25 8.47 7.74 6.94 7.23 5.84 6.57 6.86 6.13 6.13 8.40 8.25 8.40 9.05 10.37 8.18 9.56 10.07 10.15 9.49 9.42 8.32 9.64 9.56 9.27 9.27 8.54 8.54 8.61 8.76 8.76 8.40 7.74 7.74 9.49 8.91 8.54 8.61 7.37 6.64 6.13 6.06 3.80 4.02 2.85 3.07 3.58 3.43 4.74 3.36 3.36 3.65 3.43 2.99 5.04 4.45 5.18 5.26 7.37 6.13 8.03 10.44 10.37 10.07 10.29 10.07 10.59 9.20 9.93 10.37 10.29 9.93 8.83 9.49 6.64 6.64 5.84 4.67 4.23 5.26 4.74 6.86 7.81
8.03 8.03 6.72 6.79 6.50 5.55 5.77 5.18 5.77 5.55 7.01 7.81 7.52 9.93 9.56 11.02 11.39 11.39 9.71 9.71 9.42 10.15 10.44 10.22 11.61 10.37 10.37 10.66 8.25 7.15 7.96 7.81 7.74 7.45 8.61 8.18 9.20 8.47 7.59 8.18 7.15 7.96 8.03 6.94 5.84 3.87 4.38 3.21 4.45 5.18 4.96 4.96 5.77 3.80 3.65 4.09 4.02 4.31 6.50 5.11 6.64 6.42 10.07 10.51 10.00 7.59 8.10 8.03 8.47 9.49 8.47 9.64 9.49 8.91 5.77 6.94 6.94 5.62 4.60 3.58 3.87 5.99 7.23 6.94
6.50 6.50 5.91 6.50 6.20 5.40 4.67 4.89 5.84 6.35 5.62 7.52 8.98 8.40 11.97 11.46 12.26 11.02 11.10 11.68 11.32 11.32 11.17 12.12 11.97 10.73 10.73 8.83 9.49 7.23 7.01 7.08 6.79 6.20 6.20 6.50 8.10 7.15 7.45 6.94 7.59 7.15 8.47 9.86 8.69 9.27 7.15 4.67 5.62 4.89 5.18 5.18 4.67 5.69 5.69 4.23 4.89 6.64 5.11 5.77 5.48 7.52 6.42 5.69 4.96 5.91 6.28 4.09 5.84 5.33 7.37 7.88 5.69 6.28 5.99 5.04 5.04 5.40 5.04 4.67 5.84 7.08 7.88 7.66
6.50 6.50 5.91 6.50 6.20 5.40 4.67 4.89 5.84 6.35 5.62 7.52 8.98 8.40 11.97 11.46 12.26 11.02 11.10 11.68 11.32 11.32 11.17 12.12 11.97 10.73 10.73 8.83 9.49 7.23 7.01 7.08 6.79 6.20 6.20 6.50 8.10 7.15 7.45 6.94 7.59 7.15 8.47 9.86 8.69 9.27 7.15 4.67 5.62 4.89 5.18 5.18 4.67 5.69 5.69 4.23 4.89 6.64 5.11 5.77 5.48 7.52 6.42 5.69 4.96 5.91 6.28 4.09 5.84 5.33 7.37 7.88 5.69 6.28 5.99 5.04 5.04 5.40 5.04 4.67 5.84 7.08 7.88 7.66
6.28 6.28 6.35 5.69 5.40 5.48 5.91 6.57 6.42 6.64 7.08 6.64 8.10 9.71 9.42 12.05 12.41 12.26 11.83 10.88 10.95 11.90 12.85 12.78 11.39 8.54 8.54 9.64 6.79 5.99 6.64 6.64 6.64 6.13 5.62 4.74 6.42 6.28 4.74 5.26 5.26 7.30 9.05 8.54 9.93 8.54 7.30 5.48 5.40 5.55 5.18 5.18 5.62 6.28 5.99 4.53 4.60 4.31 5.69 4.96 5.91 4.23 3.07 3.29 3.07 3.14 2.56 1.83 3.94 2.41 4.02 3.65 4.60 5.26 3.58 4.09 4.09 4.31 5.55 5.26 6.42 7.74 6.20 6.13
5.91 5.91 5.55 5.69 5.40 5.48 5.55 5.99 6.13 6.13 6.50 7.37 6.86 10.37 12.85 12.26 13.29 11.39 12.05 9.93 11.02 10.44 12.56 11.10 11.53 8.47 8.47 6.42 6.64 5.77 4.31 4.53 4.60 4.23 4.31 4.38 4.96 4.53 4.82 4.53 5.48 6.20 6.86 6.57 7.59 7.81 7.88 7.01 5.84 5.91 5.91 5.91 6.06 5.48 5.84 6.06 5.11 4.74 3.14 3.36 5.40 2.41 2.34 2.56 2.34 2.41 2.48 1.53 1.75 1.10 2.04 1.75 2.99 2.92 3.50 3.50 3.50 4.82 6.86 7.15 6.20 6.06 6.06 6.13
5.91 5.91 5.48 4.82 5.11 5.04 5.84 5.84 6.64 8.32 6.13 7.66 9.64 9.05 11.10 12.48 12.63 11.46 9.64 10.15 9.20 9.42 8.69 8.69 7.45 9.20 9.20 7.23 5.48 5.69 4.53 4.09 3.65 4.53 4.74 4.82 4.31 4.09 4.89 4.16 3.94 5.11 5.62 5.40 5.62 5.69 5.99 6.20 6.06 5.99 6.28 6.28 7.52 6.86 6.72 5.69 4.23 3.29 3.29 2.85 2.19 2.41 2.41 2.12 2.26 2.26 1.97 0.95 0.95 1.02 1.10 0.58 2.41 3.21 4.60 5.99 5.99 5.69 6.79 7.37 7.08 6.50 6.13 5.99
4.96 4.96 5.11 4.89 4.96 4.82 5.62 6.86 6.42 9.20 10.66 8.25 9.27 9.56 9.64 9.93 10.44 11.61 10.59 9.27 9.64 8.61 7.96 7.23 7.45 6.42 6.42 6.28 6.28 5.69 4.82 5.04 4.89 4.31 4.53 4.53 3.65 4.31 4.02 4.60 3.87 4.02 4.74 4.60 5.11 5.11 4.53 5.48 4.38 5.40 5.11 5.11 6.35 7.01 6.20 2.99 3.50 2.85 2.70 1.68 2.34 1.97 2.56 3.58 3.43 2.92 2.70 3.36 3.21 1.68 2.12 1.17 1.90 2.99 4.23 5.62 5.62 6.72 6.94 6.57 6.57 6.50 5.99 5.48
4.96 4.96 5.11 4.89 4.96 4.82 5.62 6.86 6.42 9.20 10.66 8.25 9.27 9.56 9.64 9.93 10.44 11.61 10.59 9.27 9.64 8.61 7.96 7.23 7.45 6.42 6.42 6.28 6.28 5.69 4.82 5.04 4.89 4.31 4.53 4.53 3.65 4.31 4.02 4.60 3.87 4.02 4.74 4.60 5.11 5.11 4.53 5.48 4.38 5.40 5.11 5.11 6.35 7.01 6.20 2.99 3.50 2.85 2.70 1.68 2.34 1.97 2.56 3.58 3.43 2.92 2.70 3.36 3.21 1.68 2.12 1.17 1.90 2.99 4.23 5.62 5.62 6.72 6.94 6.57 6.57 6.50 5.99 5.48
4.89 4.89 4.53 4.53 4.53 4.67 4.38 6.50 10.07 8.98 11.61 9.27 8.83 8.83 9.93 10.15 10.37 9.49 9.71 9.71 8.18 7.15 7.45 7.08 6.72 6.86 6.86 6.06 6.06 5.91 5.40 5.11 5.26 5.18 4.31 2.99 2.85 3.07 3.94 4.31 4.23 4.53 4.23 4.96 4.89 4.82 4.60 3.65 3.72 4.09 5.11 5.11 5.84 5.55 4.38 3.72 3.14 3.21 2.77 2.56 4.60 4.53 4.31 3.94 3.50 4.02 3.80 3.72 2.85 3.36 3.72 3.14 2.70 2.63 3.87 3.07 3.07 3.07 4.60 4.82 5.62 5.40 5.55 4.96
5.40 5.40 4.45 4.67 4.53 4.38 7.08 6.28 8.47 10.44 9.49 9.78 9.42 9.42 9.49 9.20 8.98 8.98 8.83 7.66 7.88 7.08 5.99 6.79 6.64 5.99 5.99 4.31 4.74 4.53 5.26 5.99 5.99 5.62 3.21 3.94 2.41 0.00 3.94 4.16 4.23 4.60 5.18 5.55 4.89 4.96 4.60 3.87 4.09 4.74 5.33 5.33 5.91 5.04 4.02 3.80 4.96 4.74 5.55 3.50 3.94 5.40 5.04 6.28 5.62 4.96 4.02 4.02 5.04 4.82 4.09 3.72 4.31 3.87 3.94 3.72 3.72 2.63 3.80 5.69 5.69 4.96 5.26 4.96
4.89 4.89 4.38 5.55 7.01 6.64 6.28 8.83 9.56 9.71 9.13 8.69 9.05 8.83 8.61 8.69 8.03 6.94 7.88 6.72 5.91 5.77 5.69 7.01 6.42 6.64 6.64 4.53 4.02 3.87 5.18 6.42 7.30 5.91 4.53 4.60 3.80 4.67 4.31 5.40 6.35 5.91 5.33 5.33 5.48 5.40 4.60 4.74 4.96 5.55 5.26 5.26 2.92 3.80 3.36 4.02 6.50 7.30 6.94 6.42 7.08 6.86 6.79 6.79 6.28 5.62 6.57 6.20 5.77 5.62 5.26 6.35 6.50 5.48 5.04 5.33 5.33 6.20 6.50 6.50 6.13 8.69 7.81 5.84
5.26 5.26 6.50 5.48 6.94 8.54 8.54 10.07 9.42 9.05 9.34 9.13 9.27 9.42 8.76 8.10 8.18 7.37 7.30 7.08 7.01 7.66 8.10 7.74 8.03 7.01 7.01 6.13 5.04 6.86 7.59 7.45 7.59 6.72 5.84 6.06 4.96 5.04 6.50 7.66 7.45 6.79 6.42 6.79 5.69 5.62 5.18 5.18 5.48 5.91 3.07 3.07 2.92 3.94 6.79 7.37 7.08 7.15 8.25 7.30 6.94 6.57 7.37 7.74 7.59 7.66 7.37 6.06 5.77 5.91 5.48 6.57 6.28 5.84 6.13 6.64 6.64 6.79 7.23 7.81 9.05 8.83 8.40 9.34
6.79 6.79 7.23 8.69 8.03 9.78 9.56 8.98 9.49 8.61 8.83 9.13 8.83 8.98 8.69 7.74 8.32 7.96 8.10 7.88 7.59 7.23 8.54 8.69 8.83 8.03 8.03 7.37 6.94 6.86 7.37 7.88 6.72 6.79 6.64 5.18 4.96 5.62 5.40 6.50 7.23 7.15 6.72 6.50 5.84 6.28 6.28 6.20 5.84 6.50 3.43 3.43 6.20 5.84 7.30 7.96 7.66 7.45 9.05 7.15 7.15 6.64 7.08 7.23 7.66 6.72 6.28 6.50 5.62 5.18 6.57 5.99 6.06 5.99 6.79 6.79 6.79 7.37 7.15 7.81 8.32 9.34 9.93 9.93
6.79 6.79 7.23 8.69 8.03 9.78 9.56 8.98 9.49 8.61 8.83 9.13 8.83 8.98 8.69 7.74 8.32 7.96 8.10 7.88 7.59 7.23 8.54 8.69 8.83 8.03 8.03 7.37 6.94 6.86 7.37 7.88 6.72 6.79 6.64 5.18 4.96 5.62 5.40 6.50 7.23 7.15 6.72 6.50 5.84 6.28 6.28 6.20 5.84 6.50 3.43 3.43 6.20 5.84 7.30 7.96 7.66 7.45 9.05 7.15 7.15 6.64 7.08 7.23 7.66 6.72 6.28 6.50 5.62 5.18 6.57 5.99 6.06 5.99 6.79 6.79 6.79 7.37 7.15 7.81 8.32 9.34 9.93 9.93
7.81 7.81 7.66 8.76 9.20 9.56 9.49 8.98 7.81 8.10 7.15 8.47 8.32 8.69 8.47 8.10 7.66 9.20 8.98 8.40 7.96 8.32 8.40 8.18 8.47 6.64 6.64 7.88 7.23 6.35 5.48 5.48 5.69 4.16 4.16 4.09 4.09 5.04 5.69 6.50 7.23 6.35 6.50 6.57 6.35 6.94 6.13 6.20 6.79 6.79 6.94 6.94 7.52 7.23 7.88 7.74 7.52 7.45 8.32 7.52 6.13 6.50 6.57 7.37 7.01 6.72 6.79 5.91 5.99 6.42 6.64 7.52 7.15 8.10 7.74 7.81 7.81 7.88 7.30 7.96 8.83 9.86 10.51 10.80
6.57 6.57 9.42 9.13 9.05 8.03 7.96 8.10 7.45 6.57 6.35 6.35 6.86 8.03 8.03 7.59 8.76 8.18 9.27 7.96 7.52 7.88 6.42 6.28 6.20 5.99 5.99 6.20 6.42 6.57 5.48 5.26 4.23 4.16 3.72 3.72 3.87 4.89 5.55 5.40 5.69 6.28 6.13 5.26 5.77 5.04 6.50 6.42 4.89 5.91 7.01 7.01 6.28 6.13 7.23 7.01 7.01 7.45 7.52 6.86 6.42 6.42 6.50 6.50 6.72 6.57 6.50 6.57 6.79 7.52 7.59 8.03 7.08 7.88 6.86 7.15 7.15 6.64 6.94 7.01 8.03 9.42 9.20 10.22
6.64 6.64 7.96 6.86 7.23 7.59 7.96 7.66 8.25 5.77 5.33 4.96 4.38 3.72 4.45 6.20 7.45 8.03 7.81 7.88 7.66 5.77 6.06 5.48 5.48 4.45 4.45 4.53 5.48 5.84 5.11 4.09 4.45 4.96 4.38 4.16 4.16 3.14 3.72 4.89 4.23 3.94 4.45 4.45 4.67 4.45 6.28 5.33 5.18 5.77 6.28 6.28 6.35 6.13 6.50 5.91 5.40 7.08 7.45 7.01 6.42 6.64 6.50 6.20 6.06 6.64 6.50 6.86 6.57 5.48 7.37 8.03 5.84 6.79 6.86 6.06 6.06 6.28 7.01 7.15 6.35 7.74 7.37 8.98
8.10 8.10 8.40 7.23 6.50 7.96 7.37 6.94 4.23 4.60 3.80 2.92 0.00 0.00 0.00 4.67 3.94 5.33 5.04 5.18 6.94 4.74 3.50 3.43 4.89 3.50 3.50 4.31 4.96 5.18 5.18 0.00 0.00 4.16 5.18 4.82 4.09 2.99 0.00 0.00 3.80 3.65 4.23 4.16 4.53 4.09 5.48 5.48 5.84 5.84 6.35 6.35 5.84 6.28 6.50 6.06 4.45 7.15 6.64 6.35 6.72 6.86 5.91 5.69 5.26 5.91 5.99 5.18 5.26 6.50 4.23 6.42 5.77 5.04 5.26 5.77 5.77 6.50 6.28 6.13 6.06 6.28 7.74 7.37
8.47 8.47 7.23 7.88 5.77 5.18 5.91 5.77 5.04 3.65 3.21 3.29 0.00 1.83 0.00 3.87 5.33 0.00 0.00 0.00 3.94 0.00 3.50 0.00 0.00 0.00 0.00 0.00 0.00 0.00 0.00 0.00 0.00 0.00 0.00 3.72 0.00 0.00 0.00 0.00 0.00 3.80 3.65 4.09 4.53 3.65 4.23 4.23 5.77 5.62 4.82 4.82 5.99 6.28 6.20 5.69 5.33 6.64 6.72 6.57 7.45 5.84 5.91 5.26 5.04 4.60 4.82 5.11 5.18 5.18 4.38 5.26 5.11 5.18 5.77 6.42 6.42 6.72 6.42 7.01 5.62 6.13 5.91 7.59
8.47 8.47 7.23 7.88 5.77 5.18 5.91 5.77 5.04 3.65 3.21 3.29 0.00 1.83 0.00 3.87 5.33 0.00 0.00 0.00 3.94 0.00 3.50 0.00 0.00 0.00 0.00 0.00 0.00 0.00 0.00 0.00 0.00 0.00 0.00 3.72 0.00 0.00 0.00 0.00 0.00 3.80 3.65 4.09 4.53 3.65 4.23 4.23 5.77 5.62 4.82 4.82 5.99 6.28 6.20 5.69 5.33 6.64 6.72 6.57 7.45 5.84 5.91 5.26 5.04 4.60 4.82 5.11 5.18 5.18 4.38 5.26 5.11 5.18 5.77 6.42 6.42 6.72 6.42 7.01 5.62 6.13 5.91 7.59
7.30 7.30 7.23 5.40 5.69 3.72 0.00 3.87 3.80 3.65 3.72 3.87 0.00 3.65 0.00 3.07 0.00 0.00 0.00 0.00 0.00 0.00 0.00 0.00 0.00 0.00 0.00 0.00 0.00 0.00 0.00 0.00 0.00 0.00 0.00 0.00 0.00 0.00 0.00 0.00 0.00 0.00 3.21 0.00 0.00 0.00 3.87 3.94 4.53 3.65 3.65 3.65 4.02 4.96 4.74 4.53 5.48 5.99 5.18 4.23 4.82 4.82 3.72 4.02 4.45 4.02 4.82 4.31 4.38 5.04 5.33 4.60 5.26 5.04 5.48 6.20 6.20 6.42 6.94 5.33 5.77 5.26 7.01 6.06
5.26 5.26 5.84 4.23 0.00 0.00 0.00 0.00 0.00 3.58 0.00 0.00 0.00 0.00 0.00 0.00 0.00 0.00 0.00 0.00 0.00 0.00 0.00 0.00 0.00 0.00 0.00 0.00 0.00 0.00 0.00 0.00 0.00 0.00 0.00 0.00 0.00 0.00 0.00 0.00 0.00 0.00 0.00 0.00 3.29 2.99 3.07 0.00 0.00 2.63 1.90 1.90 3.72 3.65 4.16 3.58 5.77 5.40 4.38 3.29 3.29 2.92 3.58 4.09 3.94 4.09 4.45 4.53 4.31 5.26 3.87 4.96 5.26 5.48 5.33 5.26 5.26 5.91 3.29 0.00 3.87 0.00 0.00 3.65
5.18 5.18 0.00 0.00 0.00 0.00 0.00 0.00 0.00 0.00 0.00 0.00 0.00 0.00 0.00 0.00 0.00 0.00 0.00 0.00 0.00 0.00 0.00 0.00 0.00 0.00 0.00 0.00 0.00 0.00 0.00 0.00 0.00 0.00 0.00 0.00 0.00 0.00 0.00 0.00 0.00 0.00 0.00 0.00 3.21 0.00 0.00 0.00 0.00 1.02 0.00 0.00 3.36 2.92 3.36 4.67 4.53 5.18 3.80 3.36 3.21 2.41 3.36 3.29 3.50 2.99 3.80 3.65 3.87 0.00 3.80 4.31 0.00 4.38 3.50 2.04 2.04 2.41 2.26 0.00 0.95 1.68 2.56 3.29
5.77 5.77 3.14 2.85 2.41 0.00 0.00 0.00 0.00 0.00 0.00 5.04 0.00 4.09 0.00 0.00 0.00 0.00 0.00 0.00 0.00 0.00 0.00 0.00 0.00 0.00 0.00 0.00 0.00 2.85 0.00 0.00 0.00 2.70 3.43 0.00 0.00 0.00 0.00 0.00 0.00 0.00 0.00 0.00 0.00 0.00 0.00 0.00 0.00 0.00 0.00 0.00 2.70 3.07 3.14 3.94 3.21 3.21 1.10 1.97 0.73 1.83 1.68 2.19 0.44 1.90 2.63 2.19 2.19 2.34 2.92 2.99 2.41 0.00 0.00 0.00 0.00 0.37 0.66 1.02 0.88 0.51 1.10 2.19
0.00 0.00 1.68 1.68 1.02 1.83 1.61 0.00 0.00 0.00 0.00 5.48 4.67 0.00 0.00 0.00 0.00 0.00 0.00 0.00 0.00 0.00 0.00 0.00 0.00 0.00 0.00 0.00 0.00 0.00 0.00 3.07 0.00 0.00 0.00 0.00 0.00 0.00 0.00 0.00 0.00 0.00 0.00 0.00 0.00 0.00 0.00 0.00 0.00 0.00 0.00 0.00 0.00 0.00 2.92 4.02 3.14 0.00 0.00 0.00 0.00 0.00 0.00 0.00 0.07 0.00 1.10 2.70 1.75 2.85 2.48 1.97 0.00 0.00 0.00 0.00 0.00 0.00 0.66 1.75 1.31 1.24 1.83 0.00
0.00 0.00 0.00 0.00 0.22 2.04 0.00 0.00 0.00 0.00 5.18 0.00 0.00 0.00 0.00 0.00 0.00 0.00 0.00 0.00 0.00 0.00 0.00 0.00 0.00 0.00 0.00 0.00 0.00 0.00 0.00 0.00 0.00 0.00 0.00 0.00 0.00 0.00 0.00 0.00 0.00 0.00 0.00 0.00 0.00 0.00 0.00 0.00 0.00 0.00 0.00 0.00 0.00 0.00 0.00 0.00 0.00 0.00 0.00 0.00 0.00 0.00 1.90 0.00 4.53 5.11 4.53 4.02 2.56 2.34 0.00 0.00 0.00 0.00 0.00 0.00 0.00 0.00 2.77 2.26 1.46 1.90 2.04 1.61
0.00 0.00 0.00 0.00 0.22 2.04 0.00 0.00 0.00 0.00 5.18 0.00 0.00 0.00 0.00 0.00 0.00 0.00 0.00 0.00 0.00 0.00 0.00 0.00 0.00 0.00 0.00 0.00 0.00 0.00 0.00 0.00 0.00 0.00 0.00 0.00 0.00 0.00 0.00 0.00 0.00 0.00 0.00 0.00 0.00 0.00 0.00 0.00 0.00 0.00 0.00 0.00 0.00 0.00 0.00 0.00 0.00 0.00 0.00 0.00 0.00 0.00 1.90 0.00 4.53 5.11 4.53 4.02 2.56 2.34 0.00 0.00 0.00 0.00 0.00 0.00 0.00 0.00 2.77 2.26 1.46 1.90 2.04 1.61
0.00 0.00 0.00 0.00 0.00 0.00 3.50 3.72 3.58 0.00 0.00 0.00 6.64 0.00 0.00 0.00 0.00 0.00 0.00 0.00 0.00 0.00 0.00 0.00 0.00 0.00 0.00 0.00 0.00 0.00 0.00 0.00 0.00 2.70 0.00 0.00 0.00 0.00 0.00 0.00 0.00 0.00 0.00 0.00 0.00 0.00 0.00 0.00 0.00 0.00 0.00 0.00 0.00 0.00 0.00 0.00 0.00 0.00 0.00 0.00 0.00 0.00 2.63 3.58 5.33 6.35 6.50 7.08 5.11 4.60 4.09 2.99 3.65 0.00 0.00 0.00 0.00 0.00 0.00 3.07 2.92 2.99 2.92 1.39
0.00 0.00 0.00 0.00 0.00 0.00 0.00 0.00 0.00 0.00 4.89 0.00 0.00 0.00 0.00 0.00 0.00 0.00 0.00 0.00 0.00 0.00 0.00 0.00 0.00 0.00 0.00 0.00 0.00 0.00 0.00 0.00 0.00 0.00 0.00 3.29 2.77 1.90 1.24 0.00 0.00 0.00 0.00 0.00 0.00 0.00 0.00 0.00 0.00 0.00 0.00 0.00 0.00 0.00 0.00 0.00 0.00 0.00 0.00 0.00 2.41 2.70 3.65 3.50 4.60 6.35 5.84 7.23 4.96 4.23 4.23 3.72 3.21 0.00 0.00 2.92 2.92 1.61 2.34 2.19 2.56 2.56 4.16 3.58
