Wansh/Snow_depth/snowdepth-1993/winter/1993337.txt
ncols 321
nrows 161
xllcenter 60
yllcenter 15 
cellsize  0.25 
NODATA_value -1
[rows 0 to 37 of 161, columns 168 to 251 of 321]
0.00 0.00 0.00 0.00 0.00 0.00 0.00 0.00 0.00 0.00 0.00 0.00 0.37 0.00 0.00 0.51 1.10 1.17 0.73 1.53 1.39 1.46 1.53 1.97 1.02 0.00 0.00 0.00 0.00 0.00 5.40 5.62 0.00 7.96 6.57 6.57 6.57 6.64 7.01 9.27 8.98 7.88 5.40 4.60 4.09 3.87 6.13 7.08 5.84 4.89 4.89 4.89 4.74 4.89 4.96 4.23 4.67 3.65 3.80 3.50 3.50 4.67 8.83 13.51 11.90 13.94 19.20 19.27 19.78 15.70 13.21 13.36 11.90 11.32 11.61 9.71 9.93 12.99 12.48 12.63 10.73 11.68 9.56 11.32
0.00 0.00 0.00 0.00 0.00 0.00 0.00 0.00 0.00 0.00 0.00 0.37 0.00 0.15 0.00 0.95 1.53 1.39 2.12 1.90 2.41 3.36 2.26 1.10 0.00 0.00 5.77 0.00 0.00 0.00 0.00 0.00 9.13 7.74 7.08 7.08 5.11 4.96 6.57 8.25 7.45 7.81 6.28 7.37 6.86 5.48 5.69 6.13 4.60 4.96 6.06 5.62 4.82 5.33 5.18 5.26 4.89 4.60 4.67 5.99 5.99 5.55 7.74 12.05 17.23 15.99 18.76 15.26 15.55 15.33 13.21 10.29 11.02 5.69 8.10 8.25 8.47 7.52 8.10 9.34 9.78 7.23 5.11 5.33
0.37 0.00 0.15 0.00 0.00 0.00 0.00 0.00 0.00 0.00 0.07 0.58 0.07 0.73 0.73 2.26 2.04 2.26 2.34 2.70 2.48 2.48 1.39 0.00 0.00 0.00 0.00 0.00 0.00 0.00 0.00 0.00 0.00 0.00 2.19 2.19 3.29 3.94 4.67 8.10 7.96 7.15 6.94 6.86 7.23 5.40 4.74 4.45 4.38 4.89 5.77 4.45 5.33 5.55 4.67 4.60 4.09 4.38 4.23 6.64 6.64 8.03 11.17 10.51 13.51 10.37 11.10 13.36 12.92 6.79 7.23 4.16 4.38 4.53 3.36 2.92 5.62 6.06 4.23 3.87 2.70 5.48 4.45 3.50
0.37 0.00 0.15 0.00 0.00 0.00 0.00 0.00 0.00 0.00 0.07 0.58 0.07 0.73 0.73 2.26 2.04 2.26 2.34 2.70 2.48 2.48 1.39 0.00 0.00 0.00 0.00 0.00 0.00 0.00 0.00 0.00 0.00 0.00 2.19 2.19 3.29 3.94 4.67 8.10 7.96 7.15 6.94 6.86 7.23 5.40 4.74 4.45 4.38 4.89 5.77 4.45 5.33 5.55 4.67 4.60 4.09 4.38 4.23 6.64 6.64 8.03 11.17 10.51 13.51 10.37 11.10 13.36 12.92 6.79 7.23 4.16 4.38 4.53 3.36 2.92 5.62 6.06 4.23 3.87 2.70 5.48 4.45 3.50
1.17 0.51 0.00 0.00 0.00 0.00 0.00 0.00 0.00 0.00 0.22 0.15 0.73 2.04 1.83 1.53 2.41 2.85 2.34 2.19 1.83 1.17 0.00 0.00 5.62 0.00 0.00 0.00 0.00 0.00 0.00 0.00 1.46 3.36 2.70 2.70 3.72 8.47 7.30 7.81 7.37 6.72 7.81 6.42 5.55 5.48 5.62 7.23 6.79 5.91 7.37 6.94 5.26 5.40 5.26 4.89 5.04 5.77 6.72 6.42 6.42 9.05 11.24 12.34 12.48 10.22 4.60 4.02 4.74 3.72 2.19 1.83 2.92 2.12 2.48 1.83 1.75 1.68 2.41 1.90 1.90 1.75 1.46 2.19
1.75 1.75 1.83 0.22 0.00 0.00 0.00 0.00 0.80 0.80 0.66 0.37 1.53 1.17 1.97 2.77 3.50 2.41 0.00 0.00 0.00 0.00 0.00 0.00 0.00 0.00 0.00 0.00 0.00 0.00 0.44 0.00 3.50 5.26 5.55 5.55 6.20 6.50 6.28 6.72 7.74 7.59 8.54 8.25 7.81 7.23 7.30 7.52 6.86 6.79 7.45 7.59 7.37 6.42 6.35 5.91 6.06 5.62 5.99 7.59 7.59 6.86 10.00 10.80 5.69 6.06 3.58 2.12 1.31 1.10 1.46 0.73 0.73 1.83 1.17 1.31 1.90 2.63 2.41 1.83 1.31 1.10 2.04 1.31
2.56 1.97 3.43 3.43 2.85 2.41 0.58 1.75 1.53 1.53 0.66 1.46 2.41 2.41 2.12 3.87 3.29 0.00 0.00 0.00 0.00 0.00 7.52 0.00 0.00 0.00 0.00 0.00 0.00 0.00 2.56 4.31 5.48 5.04 6.72 6.72 6.42 6.57 6.94 7.08 6.86 7.30 8.25 8.25 8.03 8.18 9.27 8.54 7.66 9.13 7.88 7.59 7.59 7.01 6.20 5.18 5.18 5.11 5.91 5.40 5.40 4.67 5.04 4.82 4.96 3.29 2.48 2.48 1.83 1.10 1.39 1.10 1.61 1.68 1.75 1.31 1.31 2.19 2.41 2.66 2.76 3.22 3.02 2.90
2.56 1.97 3.43 3.43 2.85 2.41 0.58 1.75 1.53 1.53 0.66 1.46 2.41 2.41 2.12 3.87 3.29 0.00 0.00 0.00 0.00 0.00 7.52 0.00 0.00 0.00 0.00 0.00 0.00 0.00 2.56 4.31 5.48 5.04 6.72 6.72 6.42 6.57 6.94 7.08 6.86 7.30 8.25 8.25 8.03 8.18 9.27 8.54 7.66 9.13 7.88 7.59 7.59 7.01 6.20 5.18 5.18 5.11 5.91 5.40 5.40 4.67 5.04 4.82 4.96 3.29 2.48 2.48 1.83 1.10 1.39 1.10 1.61 1.68 1.75 1.52 1.81 3.15 3.30 4.52 4.55 4.28 3.88 3.01
1.90 3.58 3.36 3.87 3.65 2.70 2.04 1.97 2.92 2.92 2.70 2.99 2.63 3.43 2.34 1.17 0.00 0.00 0.00 0.00 0.00 0.00 0.00 0.00 0.00 0.00 0.00 1.17 3.14 3.29 3.29 4.02 4.60 5.40 6.50 6.50 7.52 6.20 6.64 6.57 6.86 7.01 8.91 10.00 10.88 10.88 10.51 10.00 10.29 8.83 8.40 7.23 6.06 5.11 5.33 4.96 4.23 3.29 3.72 3.36 3.36 4.60 4.82 3.87 4.16 3.50 3.21 2.56 2.85 1.68 2.34 2.19 1.75 1.43 2.07 1.67 2.99 2.32 2.73 3.77 3.39 3.76 3.67 3.89
1.68 1.61 1.61 2.77 2.85 3.07 2.63 1.10 1.39 1.39 3.43 3.29 3.21 0.00 0.00 0.00 0.00 0.00 0.00 0.00 0.00 0.00 0.00 0.00 0.00 1.83 0.44 3.21 3.50 2.70 3.29 3.29 3.80 5.18 4.45 4.45 5.77 5.77 5.18 6.35 6.57 8.83 8.10 9.71 10.80 9.34 8.69 9.27 10.88 9.49 7.08 6.50 5.84 5.69 5.84 4.09 4.16 3.94 3.50 6.28 6.28 5.33 5.77 4.09 3.58 4.09 3.14 2.70 2.99 2.34 1.97 2.41 2.57 2.88 2.99 3.24 3.60 5.09 5.59 4.47 4.76 4.51 4.29 5.37
2.85 2.19 2.19 1.24 1.24 1.68 0.95 0.00 0.58 0.58 0.00 0.00 0.00 0.00 0.00 0.00 0.00 0.00 0.00 0.00 0.00 0.00 0.95 1.31 2.99 4.23 3.14 2.12 2.26 2.56 2.92 2.26 2.70 2.56 4.53 4.53 5.99 4.96 5.55 6.42 7.15 8.03 6.64 6.13 6.20 6.64 7.23 7.66 6.06 6.13 6.20 6.64 6.57 5.84 5.40 4.96 5.04 4.96 7.45 7.01 7.01 6.13 6.13 5.26 3.87 3.21 3.43 2.85 2.77 2.92 2.56 2.41 2.32 2.59 1.96 3.57 4.04 4.67 4.87 4.97 5.36 6.16 5.74 6.56
2.85 2.19 2.19 1.24 1.24 1.68 0.95 0.00 0.58 0.58 0.00 0.00 0.00 0.00 0.00 0.00 0.00 0.00 0.00 0.00 0.00 0.00 0.95 1.31 2.99 4.23 3.14 2.12 2.26 2.56 2.92 2.26 2.70 2.56 4.53 4.53 5.99 4.96 5.55 6.42 7.15 8.03 6.64 6.13 6.20 6.64 7.23 7.66 6.06 6.13 6.20 6.64 6.57 5.84 5.40 4.96 5.04 4.96 7.45 7.01 7.01 6.13 6.13 5.26 3.87 3.21 3.43 2.85 2.77 2.92 2.56 2.41 2.26 2.56 1.90 3.32 3.60 4.33 5.19 5.16 5.36 6.03 6.30 7.02
4.53 3.14 3.36 2.19 1.24 0.15 0.00 0.00 0.00 0.00 0.00 0.00 0.00 0.00 0.00 0.00 0.00 0.00 0.00 0.00 0.00 0.00 0.00 2.34 1.83 1.39 1.68 1.53 1.53 2.12 1.97 1.97 2.99 1.68 3.72 3.72 5.99 5.77 5.55 6.20 6.28 5.18 4.31 3.87 4.23 3.36 2.85 4.74 5.55 4.60 6.06 5.55 5.62 5.55 6.42 7.52 7.08 7.52 7.15 7.15 7.15 4.53 4.60 4.67 3.21 3.58 2.99 2.99 3.80 3.07 3.14 2.77 2.63 3.21 2.17 3.77 4.83 4.44 5.54 6.76 6.29 7.30 7.08 7.53
5.99 6.13 5.26 3.07 1.90 2.12 1.10 0.00 0.00 0.00 0.00 0.00 0.00 0.00 0.00 0.00 0.00 0.00 0.00 0.95 0.00 0.73 1.24 2.19 1.90 1.17 1.46 2.92 2.26 2.92 2.70 2.48 2.77 1.83 2.99 2.99 3.58 2.85 5.18 4.16 5.33 3.94 4.38 1.90 2.26 2.19 2.63 2.41 2.70 3.36 5.26 5.26 6.13 6.57 7.23 6.86 7.52 5.77 4.45 4.96 4.96 4.23 5.33 5.04 5.40 4.02 4.89 4.23 4.31 3.36 4.67 5.55 3.72 4.87 6.14 5.02 3.75 5.47 5.39 6.39 6.53 5.75 6.30 6.59
7.01 6.50 6.86 6.28 6.13 4.53 1.10 2.63 0.00 0.00 0.00 0.00 0.00 0.00 0.00 0.00 0.00 0.00 0.00 0.00 1.46 0.80 1.75 2.26 2.70 2.48 3.07 3.07 2.99 3.50 2.99 3.07 2.92 1.17 1.83 1.83 1.31 2.26 2.70 3.72 2.70 3.07 1.75 1.24 1.53 2.26 2.70 3.36 2.85 3.87 4.74 4.31 5.77 7.37 5.91 5.91 6.20 5.69 5.62 5.33 5.33 4.53 4.82 4.82 4.53 5.26 5.26 3.94 3.87 3.94 5.11 6.35 6.20 7.35 7.04 6.75 6.01 6.06 5.67 5.80 5.00 4.46 4.80 5.56
6.57 6.64 7.15 6.13 4.16 3.36 2.56 3.14 4.09 4.09 1.46 0.00 1.02 0.15 0.00 0.66 0.66 0.00 0.00 0.00 0.73 0.22 1.24 2.19 2.92 2.63 3.43 3.07 3.36 3.43 2.92 3.29 1.46 1.97 1.46 1.46 1.68 1.46 1.39 1.17 0.95 1.90 1.68 2.77 2.85 2.92 2.19 1.90 3.80 3.50 3.87 3.50 4.45 3.87 4.96 5.84 4.67 5.26 5.18 4.60 4.60 4.23 4.02 3.87 4.45 3.80 3.94 4.02 4.89 7.23 7.01 7.15 6.77 6.42 8.30 6.10 6.88 5.77 6.07 5.56 6.04 5.52 5.78 5.32
6.57 6.64 7.15 6.13 4.16 3.36 2.56 3.14 4.09 4.09 1.46 0.00 1.02 0.15 0.00 0.66 0.66 0.00 0.00 0.00 0.73 0.22 1.24 2.19 2.92 2.63 3.43 3.07 3.36 3.43 2.92 3.29 1.46 1.97 1.46 1.46 1.68 1.46 1.39 1.17 0.95 1.90 1.68 2.77 2.85 2.92 2.19 1.90 3.80 3.50 3.87 3.50 4.45 3.87 4.96 5.84 4.67 5.26 5.18 4.60 4.60 4.23 4.02 3.87 4.45 3.80 3.94 4.02 4.89 7.23 7.01 8.78 6.34 6.98 7.45 7.55 6.98 6.37 6.19 5.02 5.84 4.74 6.29 6.04
4.74 5.99 5.33 4.09 4.02 3.58 3.14 1.83 1.90 1.90 0.80 0.66 0.00 0.00 1.02 0.15 0.00 0.00 0.00 0.00 0.29 1.53 2.56 2.48 2.56 1.83 1.90 2.34 3.14 3.14 2.70 2.85 1.90 1.61 1.46 1.46 1.90 1.39 0.73 0.88 0.44 1.46 1.61 2.92 1.83 1.53 2.12 1.75 2.41 2.41 1.83 2.34 2.56 2.41 4.16 0.00 4.09 3.80 3.36 4.38 4.38 4.31 3.50 3.80 3.87 3.87 4.74 6.57 6.28 7.37 6.28 5.12 6.32 6.43 7.61 9.17 6.54 5.29 5.95 5.69 5.23 5.50 5.71 4.96
3.80 4.96 4.74 3.14 3.21 1.31 1.46 1.24 0.51 0.51 0.44 0.00 0.00 0.58 0.95 0.00 0.00 0.00 0.00 0.29 0.37 1.10 0.95 1.46 1.68 1.68 1.90 1.68 1.10 1.97 2.12 2.92 1.24 1.17 1.02 1.02 1.46 1.39 1.83 1.68 1.24 1.39 0.95 1.97 0.51 0.95 1.68 0.80 1.02 0.95 1.39 1.39 2.04 0.80 0.00 0.88 0.00 0.00 2.34 3.50 3.50 3.50 3.21 3.58 4.60 6.13 5.48 6.57 4.82 5.58 5.24 4.35 5.24 5.36 5.68 5.02 4.90 5.57 5.43 5.08 4.93 4.87 4.74 6.17
2.63 1.68 2.41 3.07 2.04 2.34 1.02 1.61 0.58 0.58 0.51 0.29 0.07 1.17 0.73 0.00 0.00 0.00 0.00 1.24 0.80 1.31 1.10 1.83 2.12 1.31 1.17 1.10 1.39 1.68 2.85 1.31 1.24 1.61 1.02 1.02 2.26 1.68 1.61 1.53 1.17 0.73 0.51 0.51 0.58 0.80 0.66 1.17 0.80 0.80 0.00 0.00 0.00 0.00 0.00 0.00 0.00 0.00 0.00 1.46 1.46 2.04 1.83 3.58 3.21 4.16 3.21 3.14 3.14 1.83 4.45 4.16 5.11 4.96 5.04 5.19 5.04 6.27 6.17 5.36 5.68 5.19 4.96 7.14
2.04 1.46 1.10 0.88 1.10 1.53 1.61 1.68 1.31 1.31 0.07 0.07 0.51 1.17 1.10 0.00 0.00 0.00 0.80 1.39 1.46 1.46 1.10 1.97 1.75 1.68 1.53 3.14 2.34 2.48 2.56 2.85 3.72 3.14 2.77 2.77 2.41 2.63 0.58 0.95 0.51 0.44 1.75 1.31 1.68 0.80 0.73 0.44 0.00 0.00 0.00 0.00 0.00 0.00 0.00 0.00 0.00 0.00 0.88 0.00 0.00 0.44 0.22 1.75 2.04 0.00 0.37 0.37 0.95 1.24 3.14 4.60 4.45 4.09 5.23 5.54 5.94 5.02 6.06 5.53 5.77 5.78 6.09 6.27
0.73 0.88 0.95 0.88 0.29 0.80 0.44 0.88 0.22 0.22 0.00 0.00 1.02 0.73 0.22 0.00 0.00 0.00 1.02 1.53 2.70 2.63 1.46 2.41 1.97 2.26 3.07 3.14 3.29 3.80 5.55 2.99 3.29 3.58 3.14 3.14 2.34 1.53 1.61 0.58 0.58 1.53 1.53 1.75 1.31 0.66 0.07 0.22 0.00 0.00 0.00 0.51 0.00 0.00 0.00 0.00 0.00 0.00 0.44 0.15 0.15 0.15 0.00 0.00 0.00 0.00 0.00 1.02 2.19 1.83 3.14 3.43 3.43 3.43 4.56 4.16 5.30 5.17 5.88 5.55 5.23 6.23 8.78 5.68
0.73 0.88 0.95 0.88 0.29 0.80 0.44 0.88 0.22 0.22 0.00 0.00 1.02 0.73 0.22 0.00 0.00 0.00 1.02 1.53 2.70 2.63 1.46 2.41 1.97 2.26 3.07 3.14 3.29 3.80 5.55 2.99 3.29 3.58 3.14 3.14 2.34 1.53 1.61 0.58 0.58 1.53 1.53 1.75 1.31 0.66 0.07 0.22 0.00 0.00 0.00 0.51 0.00 0.00 0.00 0.00 0.00 0.00 0.44 0.15 0.15 0.15 0.00 0.00 0.00 0.00 0.00 1.02 2.19 1.83 3.14 3.43 3.43 3.43 4.38 4.18 4.12 4.55 4.93 6.46 6.40 6.36 6.88 5.24
0.22 0.51 0.88 0.07 0.58 0.66 0.66 1.02 0.66 0.66 1.17 0.95 0.58 0.37 0.15 0.00 0.15 0.00 1.90 1.31 3.14 3.72 3.21 4.45 4.38 3.87 4.02 3.14 5.26 5.62 5.55 3.72 3.58 3.21 3.14 3.14 2.56 1.83 1.39 3.80 2.41 1.97 1.90 1.75 1.46 2.04 1.17 1.10 1.17 1.61 1.46 0.88 0.00 0.00 0.00 0.00 0.00 0.00 0.00 0.00 0.00 0.00 0.00 0.00 0.00 0.00 0.00 0.95 2.63 3.50 2.85 5.48 3.80 4.67 4.96 6.31 4.99 6.66 9.85 7.92 7.63 6.13 7.64 9.13
0.00 0.00 0.51 1.24 0.73 1.02 1.24 1.61 0.00 0.00 0.44 0.88 0.80 1.17 0.00 0.00 1.02 0.73 2.85 2.63 4.45 4.09 4.96 4.67 5.04 4.74 5.77 6.28 5.99 6.28 3.72 4.67 5.18 3.65 4.16 4.16 3.14 4.53 5.18 4.02 3.36 4.60 2.12 2.04 2.41 1.61 1.31 0.00 0.22 0.00 0.15 0.00 0.58 0.58 0.00 0.00 0.15 0.00 0.00 0.00 0.00 0.00 0.00 0.00 0.00 0.00 2.12 2.63 2.63 3.80 5.33 5.40 5.40 6.79 7.94 8.12 7.46 8.85 9.97 10.19 9.37 6.90 8.01 10.61
0.51 0.07 0.00 0.44 0.51 0.80 0.88 1.83 2.99 2.99 0.73 1.39 2.12 0.88 2.56 2.92 2.99 3.80 5.33 6.50 5.40 5.48 5.33 4.96 5.40 6.28 6.20 7.23 8.40 8.61 4.96 6.94 7.15 7.08 8.76 8.76 7.59 6.64 7.08 5.69 7.37 6.13 2.92 0.66 0.00 0.73 0.00 0.00 0.00 0.00 0.00 0.00 0.15 0.00 0.00 0.37 0.88 0.00 0.00 0.00 0.00 0.00 0.00 0.00 0.00 0.00 1.68 0.00 3.07 2.99 4.53 5.91 5.71 6.56 8.23 9.99 10.72 9.00 8.80 8.20 7.67 7.51 8.66 8.70
1.83 0.58 0.51 0.07 0.29 0.58 0.37 2.92 1.90 1.90 1.02 1.75 2.12 2.63 3.14 3.36 4.31 7.30 7.30 6.50 5.26 5.11 5.18 6.50 7.23 7.30 6.64 8.18 9.05 9.13 6.64 5.84 8.54 9.93 9.20 9.20 9.64 9.20 8.18 6.13 4.09 5.11 2.77 0.15 0.00 0.00 0.00 0.00 0.00 0.00 0.00 0.00 0.29 0.07 0.51 0.15 1.10 0.00 0.00 0.00 0.00 0.00 0.00 0.00 0.00 0.00 0.00 0.00 2.19 3.36 2.63 5.77 6.70 6.26 7.67 9.67 9.06 10.52 10.28 8.28 6.57 6.44 5.95 6.80
0.00 0.00 0.00 0.15 0.15 0.15 0.00 0.00 0.29 0.29 1.10 1.24 2.04 2.26 2.48 2.99 3.14 7.23 7.74 6.13 5.18 4.16 5.26 5.55 7.15 7.15 7.15 7.23 8.32 8.69 10.07 10.73 10.66 10.73 11.39 11.39 8.18 8.76 7.30 3.50 0.00 0.00 0.00 0.07 0.00 0.22 0.00 0.44 1.10 0.88 0.80 1.17 0.66 0.44 0.95 0.95 0.00 0.00 0.00 0.00 0.00 0.00 0.00 0.00 0.00 0.00 0.00 0.00 0.00 2.56 5.32 4.79 7.99 7.11 7.59 10.22 9.21 11.44 10.86 8.74 7.35 5.25 6.55 1.92
0.00 0.00 0.00 0.15 0.15 0.15 0.00 0.00 0.29 0.29 1.10 1.24 2.04 2.26 2.48 2.99 3.14 7.23 7.74 6.13 5.18 4.16 5.26 5.55 7.15 7.15 7.15 7.23 8.32 8.69 10.07 10.73 10.66 10.73 11.39 11.39 8.18 8.76 7.30 3.50 0.00 0.00 0.00 0.07 0.00 0.22 0.00 0.44 1.10 0.88 0.80 1.17 0.66 0.44 0.95 0.95 0.00 0.00 0.00 0.00 0.00 0.00 0.00 0.00 0.00 0.00 0.00 0.00 0.00 2.56 5.34 4.74 7.22 7.93 8.10 11.92 10.69 11.07 11.34 8.49 7.77 6.22 5.98 1.63
0.00 0.00 0.00 0.00 0.00 0.00 0.00 0.00 0.22 0.22 0.15 1.75 2.41 2.99 2.12 3.50 5.18 6.06 5.11 4.96 5.26 5.11 5.26 5.69 5.91 6.57 6.28 6.72 9.20 7.59 9.78 9.49 9.71 4.89 4.67 4.67 4.31 4.31 3.87 0.00 0.00 0.00 0.29 0.00 1.02 1.46 1.39 1.53 1.61 1.53 1.31 1.02 1.02 0.37 0.00 0.22 0.00 0.00 0.00 0.00 0.00 0.00 0.00 0.00 0.00 0.00 0.00 2.56 0.00 2.95 4.94 7.23 7.78 8.88 9.77 9.31 10.28 8.86 9.25 6.75 6.26 5.01 1.10 1.39
3.72 3.07 2.48 2.12 0.00 0.00 0.22 1.39 1.97 1.97 2.56 2.34 3.50 4.60 5.11 5.77 7.37 7.59 6.64 7.59 6.94 6.57 5.77 6.57 6.35 7.01 7.30 6.86 8.32 8.54 7.15 3.65 2.41 0.00 0.00 0.00 0.00 0.00 0.00 0.00 0.00 0.00 0.29 0.15 0.00 1.46 1.61 1.68 1.90 1.61 0.80 0.00 0.00 0.00 0.00 0.00 0.00 0.00 0.00 0.00 0.00 0.00 0.00 0.00 0.00 0.00 0.00 3.29 3.50 0.00 3.87 6.47 8.58 9.58 9.81 7.71 6.86 6.93 7.51 6.92 2.99 3.65 0.48 0.00
4.67 2.99 3.29 0.00 0.00 0.51 0.00 1.39 1.10 1.10 1.46 0.00 0.00 0.00 0.00 4.89 7.01 7.01 7.37 7.96 5.26 5.69 5.91 7.74 6.28 6.06 6.13 6.50 5.18 4.74 6.06 2.12 0.00 0.00 0.00 0.00 0.00 0.00 0.07 0.00 0.00 0.58 0.29 1.24 0.37 1.24 0.00 0.00 0.00 0.00 0.00 0.00 0.00 0.00 0.00 0.00 0.00 0.00 0.00 0.00 0.00 0.00 0.00 0.00 0.00 0.00 0.00 0.00 0.00 5.40 5.33 5.27 9.11 8.99 5.90 7.30 6.96 7.13 6.37 7.57 2.65 0.27 0.54 0.00
3.14 3.36 1.46 0.00 0.07 0.29 0.15 1.83 1.10 1.10 0.00 0.00 0.00 0.00 0.00 3.87 5.48 6.13 6.64 5.18 4.23 4.45 5.11 4.45 5.55 4.96 4.60 3.21 4.89 0.00 0.00 0.00 0.00 0.00 0.00 0.00 0.00 0.00 0.00 0.00 0.00 1.39 0.00 0.00 0.00 0.00 0.00 0.00 0.00 0.00 0.00 0.00 0.00 0.00 0.00 0.00 0.00 0.00 0.00 0.00 0.00 0.00 0.00 0.00 0.00 0.00 4.02 4.16 5.18 5.18 5.55 6.27 7.71 8.89 6.96 6.06 5.96 5.72 3.24 1.83 2.41 0.00 0.00 0.00
3.07 2.04 0.51 0.00 0.22 0.00 0.22 0.00 0.00 0.00 0.00 0.00 0.00 0.00 0.00 4.53 4.31 4.09 4.45 4.09 3.94 3.72 4.38 4.02 4.53 4.09 3.29 2.41 3.36 0.00 0.00 0.00 0.00 0.00 0.00 0.00 0.00 0.00 0.00 0.00 0.00 0.00 0.00 0.00 0.00 0.00 0.00 0.00 0.00 0.00 3.65 0.00 0.00 0.00 0.00 1.02 0.00 0.00 0.00 0.00 0.00 0.00 0.00 4.53 3.14 3.14 3.65 4.16 5.04 4.96 5.18 4.67 6.98 6.64 6.03 6.08 4.57 4.21 2.48 0.49 0.00 0.00 0.00 0.00
0.95 0.00 0.00 0.00 0.00 0.00 0.00 0.00 0.00 0.00 0.00 0.00 0.00 0.00 0.00 3.29 0.00 2.99 2.92 3.21 3.94 3.43 3.94 2.99 3.21 2.99 2.48 2.63 2.26 2.48 1.10 0.00 0.00 0.00 0.00 0.00 0.00 0.00 0.00 0.00 0.00 0.00 0.00 0.00 0.00 0.00 3.58 0.00 0.00 4.16 4.38 2.34 1.17 3.07 3.43 3.43 2.04 3.50 0.00 0.00 0.00 3.65 0.00 3.72 0.00 4.02 3.21 4.23 5.18 5.18 5.33 4.33 5.07 5.51 5.16 5.15 3.86 2.07 2.52 0.55 0.00 0.00 0.00 0.00
0.95 0.00 0.00 0.00 0.00 0.00 0.00 0.00 0.00 0.00 0.00 0.00 0.00 0.00 0.00 3.29 0.00 2.99 2.92 3.21 3.94 3.43 3.94 2.99 3.21 2.99 2.48 2.63 2.26 2.48 1.10 0.00 0.00 0.00 0.00 0.00 0.00 0.00 0.00 0.00 0.00 0.00 0.00 0.00 0.00 0.00 3.58 0.00 0.00 4.16 4.38 2.34 1.17 3.07 3.43 3.43 2.04 3.50 0.00 0.00 0.00 3.65 0.00 3.72 0.00 4.02 3.21 4.23 5.18 5.18 5.33 4.31 4.99 5.43 5.16 5.38 3.44 1.99 2.46 0.57 0.00 0.00 0.00 0.00
0.00 0.00 0.00 0.00 0.00 0.00 0.00 0.00 0.00 0.00 0.00 0.00 0.00 0.00 0.00 0.00 2.77 0.00 2.48 3.50 2.99 3.94 3.36 3.29 2.92 3.65 4.53 4.38 2.77 2.85 1.68 0.80 1.53 2.26 3.29 3.29 0.00 2.77 0.00 0.00 0.00 0.00 0.00 0.00 0.00 0.00 4.74 5.04 5.11 4.31 4.45 3.14 5.26 4.38 4.67 4.96 4.23 4.38 0.00 4.38 4.38 4.53 4.38 0.00 0.00 4.38 5.26 4.74 4.82 3.21 3.21 3.65 2.85 4.72 3.59 2.89 3.31 2.22 0.00 0.30 0.00 0.00 0.00 0.00
1.75 0.15 0.00 0.00 0.00 0.00 0.00 0.00 0.00 0.00 0.00 0.00 0.00 0.00 0.00 3.07 2.41 3.50 3.29 3.65 3.65 3.72 3.50 3.43 3.65 2.56 3.36 3.65 1.46 1.39 1.75 1.61 2.56 0.00 0.00 0.00 1.46 1.61 1.10 0.00 0.00 0.00 0.00 0.00 0.00 0.00 0.00 0.00 5.11 4.82 6.64 6.86 6.94 5.91 4.74 3.14 4.31 3.80 3.50 4.38 4.38 0.00 3.72 0.00 3.58 3.72 1.97 3.65 2.41 2.26 2.70 2.92 3.21 3.07 3.72 2.87 1.18 0.94 0.00 0.00 0.00 0.00 0.00 0.00
