Wansh/Snow_depth/snowdepth-1993/winter/1993357.txt
ncols 321
nrows 161
xllcenter 60
yllcenter 15 
cellsize  0.25 
NODATA_value -1
[rows 37 to 73 of 161, columns 0 to 83 of 321]
0.00 0.00 0.00 0.00 0.00 0.00 0.00 0.00 0.00 0.00 0.00 0.00 0.00 0.00 0.00 0.00 0.00 0.00 0.00 0.00 0.00 0.00 0.00 0.00 0.00 0.00 0.00 0.00 1.02 4.67 0.88 3.58 4.23 3.07 4.23 2.99 3.58 3.50 2.19 3.72 8.61 4.31 4.16 6.13 6.94 7.96 8.25 7.88 9.56 10.00 10.80 10.80 11.10 11.24 8.98 8.83 0.00 0.00 0.00 6.28 13.51 16.72 17.67 18.98 18.54 19.05 18.91 18.98 16.13 18.40 16.72 14.97 15.62 15.26 17.52 16.35 16.35 13.58 15.04 15.04 16.57 17.30 16.13 16.43
0.00 0.00 0.00 0.00 0.00 0.00 0.00 0.00 0.00 0.00 0.00 0.00 0.00 0.00 0.00 0.00 0.00 0.00 0.00 0.00 0.00 0.00 0.00 0.00 0.00 0.29 0.29 0.00 0.00 0.00 0.00 2.19 4.31 4.45 5.99 5.26 5.33 4.89 2.77 3.21 9.20 6.42 5.48 6.94 9.27 9.34 9.13 8.61 9.49 10.07 10.66 10.66 10.73 8.40 10.44 0.00 0.00 0.00 8.03 6.72 13.58 13.07 15.48 18.25 18.69 18.03 18.83 18.54 19.71 19.42 17.74 14.02 14.16 12.26 11.97 14.45 14.45 12.26 14.82 16.79 15.70 17.67 16.13 15.04
0.00 0.00 0.00 0.00 0.00 0.00 0.00 0.00 0.00 0.00 0.00 0.00 0.00 0.00 0.00 0.00 0.00 0.00 0.00 0.00 0.00 0.00 0.00 0.00 0.00 0.00 0.00 4.45 0.00 0.00 0.00 1.75 6.13 5.91 6.64 6.20 5.40 3.80 1.53 0.07 8.18 5.99 8.54 9.05 9.49 9.42 9.56 9.56 9.78 9.13 9.93 9.93 8.69 10.80 8.98 4.31 1.83 3.50 6.94 8.69 10.29 12.41 10.00 11.90 11.46 14.67 11.46 16.21 17.89 13.14 12.56 13.80 11.10 10.95 10.80 12.34 12.34 11.97 12.26 14.97 14.60 14.89 15.84 14.82
0.00 0.00 0.00 0.00 0.00 0.00 0.00 0.00 0.00 0.00 0.00 0.00 0.00 0.00 0.00 0.00 0.00 0.00 0.00 0.00 0.00 0.00 0.00 0.00 0.00 0.00 0.00 0.00 0.00 0.00 5.69 6.28 5.84 5.84 6.35 5.55 5.91 3.50 0.15 6.94 5.91 6.57 8.61 8.83 9.78 9.64 9.86 8.61 7.30 6.20 6.72 6.72 6.50 9.27 7.15 6.50 4.38 4.74 5.48 6.94 7.52 8.32 8.61 8.98 8.32 9.20 8.91 11.61 14.67 10.88 10.88 11.61 11.39 11.32 12.26 10.88 10.88 11.75 11.61 13.94 13.43 11.90 13.58 13.51
0.00 0.00 0.00 0.00 0.00 0.00 0.00 0.00 0.00 0.00 0.00 0.00 0.00 0.00 0.00 0.00 0.00 0.00 0.00 6.79 0.00 0.00 6.57 3.14 1.83 0.00 0.00 1.61 2.85 3.94 5.18 5.84 5.91 5.99 7.74 5.91 6.72 2.70 3.29 5.11 7.96 9.20 8.54 9.93 11.02 11.97 12.12 10.15 10.22 7.52 5.91 5.91 6.50 7.45 8.10 6.20 5.40 5.40 5.84 5.99 7.52 8.98 8.03 8.25 7.74 8.47 9.71 10.37 10.37 10.59 11.90 11.83 11.83 12.48 12.63 10.95 10.95 12.70 11.02 11.83 12.63 11.75 12.26 12.34
0.00 0.00 0.00 0.00 0.00 0.00 0.00 0.00 0.00 0.00 0.00 0.00 0.00 0.00 0.00 3.29 0.00 5.48 5.84 7.30 8.98 7.96 8.25 6.50 3.80 2.99 2.99 4.82 5.26 3.80 2.92 3.87 5.18 5.04 6.13 5.99 5.91 5.99 6.86 6.20 6.86 9.86 9.93 11.32 10.88 12.12 13.14 11.97 13.07 10.73 8.03 8.03 9.13 5.69 8.25 8.54 8.40 8.83 9.42 10.80 10.15 10.44 10.15 8.40 9.05 8.54 10.15 10.37 10.29 11.39 11.46 12.19 7.96 9.71 7.23 7.01 7.01 10.95 7.37 4.31 10.15 9.71 9.95 11.49
0.00 0.00 0.00 0.00 0.00 0.00 0.00 0.00 0.00 0.00 0.00 0.00 0.00 0.00 0.00 1.83 4.02 5.40 5.40 6.57 8.18 11.24 5.62 6.06 6.79 6.50 6.50 7.45 5.69 4.60 2.63 2.77 2.48 3.21 4.74 2.92 5.55 7.37 5.62 8.32 8.98 8.91 10.29 11.61 13.21 12.56 15.48 14.67 14.89 13.65 14.24 14.24 10.73 13.07 11.53 10.73 9.71 11.02 10.22 11.02 11.10 9.64 9.64 10.51 10.51 9.27 10.44 10.07 9.86 10.51 10.00 2.26 3.72 0.00 2.48 0.07 0.07 0.37 2.63 0.00 5.84 7.45 6.86 8.32
0.00 0.00 0.00 0.00 0.00 0.00 0.00 0.00 0.00 0.00 0.00 0.00 0.88 0.00 0.51 1.53 4.96 5.77 5.62 7.01 0.00 7.88 0.00 6.06 8.47 0.00 0.00 5.77 5.33 0.00 5.99 4.89 2.26 0.00 0.00 0.00 1.39 6.64 9.05 6.20 5.91 8.10 9.71 11.61 12.99 13.94 14.97 14.97 14.60 14.82 14.89 14.89 15.11 13.65 12.19 12.26 11.17 11.46 9.49 8.83 9.64 8.32 9.05 8.91 9.42 10.37 10.22 10.59 10.44 6.86 0.00 0.00 0.00 0.51 0.37 0.00 0.00 0.00 0.00 0.00 2.85 5.48 7.52 6.90
0.00 0.00 0.00 0.00 0.00 0.00 0.00 0.00 0.00 0.00 0.00 0.00 5.55 1.31 0.00 1.39 1.97 4.60 0.00 0.00 0.00 0.00 0.00 0.00 0.00 0.00 0.00 0.00 0.00 0.00 0.00 5.99 0.00 0.00 0.00 0.00 0.00 0.00 1.90 3.07 4.74 7.08 9.05 10.66 10.00 13.65 14.89 13.51 13.43 14.16 11.83 11.83 14.97 14.82 13.94 12.12 12.48 10.88 9.20 8.10 7.88 8.25 9.05 9.49 10.15 11.32 11.53 11.02 11.39 8.54 0.00 7.66 3.80 4.45 1.31 1.83 1.83 3.29 1.61 5.18 5.04 5.69 9.05 11.68
0.00 0.00 0.00 0.00 0.00 0.00 0.00 0.00 0.00 0.00 0.00 0.00 5.55 1.31 0.00 1.39 1.97 4.60 0.00 0.00 0.00 0.00 0.00 0.00 0.00 0.00 0.00 0.00 0.00 0.00 0.00 5.99 0.00 0.00 0.00 0.00 0.00 0.00 1.90 3.07 4.74 7.08 9.05 10.66 10.00 13.65 14.89 13.51 13.43 14.16 11.83 11.83 14.97 14.82 13.94 12.12 12.48 10.88 9.20 8.10 7.88 8.25 9.05 9.49 10.15 11.32 11.53 11.02 11.39 8.54 0.00 7.66 3.80 4.45 1.31 1.83 1.83 3.29 1.61 5.18 5.04 5.69 9.05 11.80
0.00 0.00 0.00 6.86 5.62 4.09 3.94 2.85 2.99 5.55 9.34 8.69 4.67 5.26 3.14 0.00 0.00 0.00 0.00 0.00 0.00 0.00 0.00 0.00 0.00 0.00 0.00 0.00 0.00 0.00 0.00 0.00 0.00 0.00 0.00 0.00 0.00 0.00 0.37 1.17 3.07 4.74 6.06 8.25 7.37 11.53 13.43 12.05 13.51 12.70 11.32 11.32 14.24 13.80 12.19 11.32 9.93 8.47 8.03 7.88 7.81 8.40 8.61 9.20 10.73 12.05 12.19 10.15 8.69 9.05 7.96 10.88 8.40 8.98 6.13 5.99 5.99 6.86 4.60 8.40 13.07 12.70 13.51 15.49
9.56 9.56 9.56 10.59 8.10 5.99 4.31 6.79 5.69 8.40 8.98 12.19 11.46 9.71 5.69 0.00 0.00 0.00 0.00 0.00 0.00 0.00 0.00 0.00 0.00 0.00 0.00 0.00 0.00 0.00 0.00 0.00 0.00 0.00 0.00 0.00 0.00 0.00 1.24 3.43 4.82 4.45 4.60 5.91 7.66 9.20 11.46 11.17 13.65 11.68 11.46 11.46 11.02 10.80 10.80 10.88 10.37 9.71 9.27 8.91 8.32 6.72 8.47 8.10 11.24 10.15 12.26 9.93 8.18 3.80 8.61 7.01 9.42 6.64 10.44 9.86 9.86 11.46 12.05 10.51 14.60 16.94 16.28 17.16
10.73 10.73 11.53 11.53 11.17 9.34 9.27 8.47 5.99 6.64 5.69 0.00 0.00 0.00 0.00 0.00 0.00 0.00 0.00 0.00 0.00 0.00 0.00 0.00 0.00 0.00 0.00 0.00 0.00 0.00 0.00 3.07 3.65 1.46 1.46 1.46 0.00 4.09 5.91 5.62 6.42 5.84 5.26 5.33 8.54 9.13 10.95 11.39 10.59 11.90 11.46 11.46 10.95 10.66 10.80 10.73 10.07 9.78 9.49 8.47 7.74 5.33 6.35 6.42 8.61 8.32 11.53 6.42 8.18 0.00 0.00 0.00 4.82 3.50 7.81 12.12 12.12 15.11 20.51 13.51 15.55 16.30 15.70 17.07
12.34 12.34 13.51 12.41 10.59 10.22 10.22 10.15 9.27 2.41 3.94 0.00 0.00 0.00 0.00 0.00 0.00 0.00 0.00 0.00 0.00 0.00 0.00 0.00 0.00 0.00 0.00 0.00 0.00 0.00 0.00 1.31 0.44 0.44 2.19 3.80 5.04 7.45 6.50 7.01 7.23 7.08 6.50 6.64 7.81 10.00 9.56 8.98 9.49 11.17 11.02 11.02 11.32 11.46 11.90 11.53 11.61 10.80 10.00 9.27 10.15 7.81 5.77 5.48 6.06 0.00 0.00 0.00 0.00 0.00 0.00 0.00 6.50 9.93 8.18 11.61 11.61 18.91 23.58 19.13 15.84 16.90 13.28 12.83
5.84 5.84 6.94 6.64 7.45 10.95 10.51 7.01 5.26 1.90 0.00 0.00 0.00 0.00 5.77 4.60 0.00 0.00 0.00 0.00 0.00 0.00 0.00 0.00 0.00 0.00 0.00 0.00 0.00 0.00 0.00 0.00 0.00 0.07 2.12 3.72 5.33 7.81 7.15 6.94 7.59 7.01 6.13 6.06 6.57 7.88 7.81 7.88 8.76 8.69 9.64 9.64 10.95 10.95 10.51 11.61 12.78 14.89 14.82 13.80 14.09 11.32 11.68 6.06 4.89 6.64 0.00 0.00 0.00 0.00 0.00 0.00 12.56 10.95 13.65 12.78 12.78 19.20 22.27 14.82 14.09 10.80 11.24 10.15
1.97 1.97 4.67 5.04 7.15 0.00 0.00 0.00 0.00 0.00 0.00 0.00 0.00 0.00 0.00 0.00 0.00 0.00 0.00 0.00 0.00 0.00 0.00 0.00 0.00 0.00 0.00 0.00 0.00 1.90 0.22 2.63 0.00 0.00 1.53 2.12 4.53 7.15 6.79 8.10 6.94 6.35 5.84 6.28 7.01 7.37 7.15 7.15 7.52 6.86 8.91 8.91 5.18 6.28 8.18 10.37 13.72 13.14 14.60 15.70 16.86 13.94 9.78 12.78 13.36 13.72 0.00 12.92 0.00 13.43 8.83 6.50 18.18 13.80 13.14 11.53 11.53 14.89 16.50 9.13 11.83 9.71 11.39 10.88
0.00 0.00 0.66 3.29 0.00 0.00 0.00 0.00 0.00 0.00 0.00 0.00 0.00 0.00 0.00 0.00 0.00 0.00 0.00 0.00 0.00 0.00 0.00 0.00 0.00 0.00 0.00 1.24 2.48 2.70 0.07 1.02 0.00 0.00 0.00 0.44 1.39 6.86 8.18 6.35 7.37 5.91 6.42 6.20 6.50 7.08 5.91 6.35 5.77 8.83 4.53 4.53 4.45 5.18 6.94 8.98 9.13 11.02 13.14 16.06 16.50 15.91 15.77 17.74 17.23 19.78 19.71 19.49 21.39 18.10 20.81 22.70 22.34 17.59 12.26 7.59 7.59 8.10 6.35 5.55 7.30 10.73 12.70 13.63
0.00 0.00 0.00 0.00 0.00 0.00 0.00 0.00 0.00 0.00 0.00 0.00 0.00 0.00 0.00 0.00 2.12 2.12 2.48 0.00 3.07 3.14 0.00 1.17 0.00 0.00 0.00 0.00 0.29 0.00 0.00 0.00 0.00 0.00 0.00 0.00 3.21 3.50 5.18 6.50 7.59 7.08 5.99 6.72 6.20 6.28 6.13 4.53 4.82 4.45 5.69 5.69 5.11 5.55 6.72 9.13 8.61 9.93 11.90 13.07 14.97 16.50 17.81 18.32 19.27 19.20 20.44 23.58 24.31 21.75 19.64 20.00 11.24 9.20 10.29 4.82 4.82 4.38 5.77 7.96 6.28 9.49 10.15 8.58
0.00 0.00 0.00 0.00 0.00 0.00 0.00 0.00 0.00 0.00 0.00 0.00 0.00 0.00 0.00 2.41 0.44 1.53 2.41 1.83 3.14 3.94 2.48 1.31 0.00 0.00 0.00 0.00 0.00 0.00 0.00 0.00 0.00 0.00 0.00 0.00 0.00 2.56 3.43 6.20 7.01 7.15 5.33 5.69 5.11 4.96 0.66 1.68 3.50 2.70 3.50 3.50 6.42 6.50 6.79 7.96 9.13 11.97 14.24 15.99 15.70 20.73 20.88 18.40 18.10 22.27 23.58 25.84 23.07 17.16 17.16 16.06 7.88 3.21 3.50 4.31 4.31 3.50 5.69 7.74 2.99 0.37 5.99 3.89
0.00 0.00 0.00 0.00 0.00 0.00 0.00 0.00 0.00 0.00 0.00 0.00 0.00 0.00 0.00 2.34 0.51 1.24 1.31 0.95 3.58 1.90 2.34 0.15 0.00 0.00 0.00 0.00 0.00 0.00 0.00 0.00 0.00 0.00 0.00 0.00 0.00 0.00 2.34 4.31 5.33 5.26 2.56 1.02 0.00 0.00 0.00 0.00 1.46 1.39 5.84 5.84 4.67 6.42 7.01 7.66 9.13 12.34 15.33 19.64 24.97 22.63 23.94 25.92 25.26 25.84 28.69 22.70 10.29 10.88 4.02 4.60 5.11 2.19 2.41 2.70 2.70 3.36 5.69 6.28 0.73 0.00 0.00 0.00
0.00 0.00 0.00 0.00 0.00 0.00 0.00 0.00 0.00 0.00 0.00 0.00 0.00 0.00 0.00 0.00 0.00 0.00 0.00 0.00 1.68 0.00 1.68 2.19 0.00 0.00 0.00 0.00 0.00 0.00 0.00 0.00 0.00 0.00 0.00 0.00 0.00 1.75 2.63 4.96 0.22 0.22 0.00 0.00 0.00 0.00 0.00 0.00 0.00 1.97 3.58 3.58 4.96 6.35 6.94 8.40 9.71 13.36 16.72 21.24 24.02 25.11 22.63 26.65 29.20 18.98 18.91 17.59 5.99 5.77 1.68 2.48 2.41 2.19 2.56 2.70 2.70 0.51 2.56 0.00 0.00 0.00 0.00 0.00
0.00 0.00 0.00 0.00 0.00 0.00 0.00 0.00 0.00 0.00 0.00 0.00 0.00 0.00 0.00 0.00 0.00 0.00 0.00 0.00 0.00 0.00 0.95 0.00 0.00 0.00 0.00 0.00 0.00 0.00 0.00 0.00 0.00 0.00 0.00 0.22 0.00 0.00 1.31 0.00 0.00 0.00 0.00 0.00 0.00 0.00 0.00 0.00 0.00 1.17 5.33 5.33 5.33 7.01 8.32 8.32 11.68 13.72 16.86 20.29 22.56 23.21 13.94 19.13 7.96 8.91 1.46 2.41 2.12 2.77 0.58 1.83 2.70 0.88 1.17 1.83 1.83 0.00 0.00 0.00 0.00 0.00 0.00 0.00
0.00 0.00 0.00 0.00 0.00 0.00 0.00 0.00 0.00 0.00 0.00 0.00 0.00 0.00 0.00 0.00 0.00 0.00 0.00 0.00 0.00 0.00 0.00 0.00 0.00 0.00 0.00 0.00 0.00 0.00 0.00 0.00 0.00 0.00 0.00 0.00 0.00 0.00 0.00 0.15 0.00 0.00 0.00 0.07 0.00 0.00 2.48 0.37 1.31 0.00 7.08 7.08 7.81 10.59 15.40 15.26 17.45 17.08 18.47 19.86 19.49 8.83 9.13 11.39 2.19 3.43 0.00 0.00 0.00 0.00 0.00 0.00 1.31 0.00 0.00 0.00 0.00 0.00 0.00 0.00 0.00 0.00 0.00 0.00
0.00 0.00 0.00 0.00 0.00 0.00 0.00 0.00 0.00 0.00 0.00 0.00 0.00 0.00 0.00 0.00 0.00 0.00 0.00 0.00 0.00 0.00 0.00 0.00 0.00 0.00 0.00 0.00 0.00 0.00 0.00 0.00 0.00 0.00 0.29 0.22 0.07 1.02 2.41 2.56 1.24 2.26 1.97 1.83 1.90 4.89 5.18 4.31 4.53 10.73 11.97 11.97 14.16 16.72 18.18 18.91 18.47 13.51 13.72 13.43 5.11 5.26 2.99 0.00 0.00 0.00 0.00 0.00 0.00 0.00 0.00 0.00 0.00 0.00 0.00 0.00 0.00 0.00 0.00 0.00 0.00 0.00 0.00 0.00
0.00 0.00 0.00 0.00 0.00 0.00 0.00 0.00 0.00 0.00 0.00 0.00 0.00 0.00 0.00 0.00 0.00 0.00 0.00 0.00 0.00 0.00 0.00 0.00 0.00 0.00 0.00 0.00 0.00 0.00 0.00 1.68 1.31 3.07 3.29 1.90 1.97 5.18 4.67 4.53 4.09 4.82 4.53 3.58 4.67 6.42 4.96 7.45 10.15 11.17 13.87 13.87 15.04 16.21 17.67 17.67 14.45 11.53 9.05 7.74 4.31 1.68 0.00 0.00 0.00 0.00 0.00 0.00 0.00 0.00 0.00 0.00 0.00 0.00 0.00 0.00 0.00 0.00 0.00 0.00 0.00 0.00 0.00 0.00
0.00 0.00 0.00 0.00 0.00 0.00 0.00 0.00 0.00 0.00 0.00 0.00 0.00 0.00 0.00 0.00 0.00 0.00 0.00 0.00 0.00 0.00 0.00 0.00 0.00 0.00 0.00 0.00 0.00 0.07 1.53 2.19 4.74 4.96 5.11 6.42 7.01 6.42 6.50 6.72 6.06 5.40 4.74 3.65 5.48 5.55 6.86 7.08 9.93 11.53 13.21 13.21 12.19 13.21 14.24 15.11 9.93 10.59 9.56 9.86 6.50 1.53 0.07 0.00 0.00 0.00 0.00 0.00 0.00 0.00 0.00 0.00 0.00 0.00 0.00 0.00 0.00 0.00 0.00 0.00 0.00 0.00 0.00 0.00
0.00 0.00 0.00 0.00 0.00 0.00 0.00 0.00 0.00 0.00 0.00 0.00 0.00 0.00 0.00 0.00 0.00 0.00 0.00 0.00 0.00 0.00 0.00 0.00 0.00 0.00 0.00 0.00 0.00 1.02 3.14 4.09 5.40 5.62 6.72 6.35 6.94 7.30 7.08 6.94 7.08 7.15 5.48 7.15 6.57 6.28 6.94 8.69 9.20 9.42 8.25 8.25 9.42 9.78 9.93 7.74 8.32 8.25 12.05 8.61 10.29 4.45 2.85 0.00 0.15 0.00 0.00 0.00 0.00 0.00 0.00 0.00 0.00 0.00 0.00 0.00 0.00 0.00 0.00 0.00 0.00 0.00 0.00 0.00
0.00 0.00 0.00 0.00 0.00 0.00 0.00 0.00 0.00 0.00 0.00 0.00 0.00 0.00 0.00 0.00 0.00 0.00 0.00 0.00 0.00 0.00 0.00 0.00 0.00 0.00 0.00 0.00 0.00 0.15 2.70 5.40 4.89 5.26 6.42 6.06 6.86 7.23 6.94 8.47 7.96 8.40 7.66 7.37 7.52 5.99 5.99 8.40 8.76 7.01 7.66 7.66 7.74 7.88 6.64 6.64 8.47 12.41 12.56 11.97 7.23 3.52 4.60 0.66 1.83 0.15 0.07 0.00 0.00 0.00 0.00 0.00 0.00 0.00 0.00 0.00 0.00 0.00 0.00 0.00 0.00 0.00 0.00 0.00
0.00 0.00 0.00 0.00 0.00 0.00 0.00 0.00 0.00 0.00 0.00 0.00 0.00 0.00 0.00 0.00 0.00 0.00 0.00 0.00 0.00 0.00 0.00 0.00 0.00 0.00 0.00 0.00 1.46 0.80 3.65 2.34 2.63 3.14 3.21 5.40 3.94 3.07 4.45 6.50 7.88 7.59 7.88 7.66 5.91 5.33 5.40 6.50 4.16 6.13 6.35 6.35 7.15 7.08 7.88 8.18 10.59 12.70 13.58 11.02 7.37 4.82 4.60 3.07 3.65 0.73 1.24 0.00 0.00 0.00 0.00 0.00 0.00 0.00 0.00 0.00 0.00 0.00 0.00 0.00 0.00 0.00 0.00 0.00
0.00 0.00 0.00 0.00 0.00 0.00 0.00 0.00 0.00 0.00 0.00 0.00 0.00 0.00 0.00 0.00 0.00 0.00 0.00 0.00 0.00 0.00 0.00 0.00 0.00 0.00 0.00 0.00 2.41 0.00 0.00 0.00 0.00 0.00 0.07 0.44 0.00 0.00 0.15 2.99 5.62 5.18 7.45 6.72 5.99 5.18 4.60 5.48 6.20 5.62 6.72 6.72 7.30 7.45 7.96 9.49 11.24 11.32 12.85 9.93 7.52 4.74 4.23 3.43 3.72 1.97 1.17 0.00 0.00 0.00 0.00 0.00 0.00 0.00 0.00 0.00 0.00 0.00 0.00 0.00 0.00 0.00 0.00 0.00
0.00 0.00 0.00 0.00 0.00 0.00 0.00 0.00 0.00 0.00 0.00 0.00 0.00 0.00 0.00 0.00 0.00 0.00 0.00 0.00 0.00 0.00 0.00 0.00 0.00 0.00 0.00 0.00 0.80 0.00 0.00 0.00 0.00 0.00 0.00 0.00 0.00 0.00 0.00 0.00 0.00 2.26 5.62 6.86 6.13 5.55 5.11 6.35 6.50 6.35 6.28 6.28 9.13 8.76 9.20 9.49 9.56 9.56 10.15 8.25 7.66 4.45 3.72 3.43 2.70 2.92 1.61 0.00 0.00 0.00 0.00 0.00 0.00 0.00 0.00 0.00 0.00 0.00 0.00 0.00 0.00 0.00 0.00 0.00
0.00 0.00 0.00 0.00 0.00 0.00 0.00 0.00 0.00 0.00 0.00 0.00 0.00 0.00 0.00 0.00 0.00 0.00 0.00 0.00 0.00 0.00 0.00 0.00 0.00 0.00 0.00 0.00 0.00 0.00 0.00 0.00 0.00 0.00 0.00 0.00 0.00 0.00 0.00 0.00 1.31 0.66 5.04 6.42 6.72 5.55 6.28 6.28 7.52 7.45 11.24 11.24 10.80 9.20 11.17 9.64 9.49 8.18 8.47 7.45 8.40 3.72 4.23 1.83 2.26 1.75 1.83 1.02 0.00 0.00 0.00 0.00 0.00 0.00 0.00 0.00 0.00 0.00 0.00 0.00 0.00 0.00 0.00 0.00
0.00 0.00 0.00 0.00 0.00 0.00 0.00 0.00 0.00 0.00 0.00 0.00 0.00 0.00 0.00 0.00 0.00 0.00 0.00 0.00 0.00 0.00 0.00 0.00 0.00 0.00 0.00 0.00 0.00 0.00 0.00 0.00 0.00 0.00 0.00 0.00 0.00 0.00 0.00 0.00 0.80 4.82 6.64 7.88 7.45 7.96 7.96 7.66 8.69 14.09 13.87 13.87 12.19 10.44 13.43 12.12 10.44 13.07 10.73 10.15 11.46 4.74 5.69 4.02 3.80 1.97 2.79 3.14 0.37 0.00 0.00 0.00 0.00 0.00 0.00 0.00 0.00 0.00 0.00 0.00 0.00 0.00 0.00 0.00
0.00 0.00 0.00 0.00 0.00 0.00 0.00 0.00 0.00 0.00 0.00 0.00 0.00 0.00 0.00 0.00 0.00 0.00 0.00 0.00 0.00 0.00 0.00 0.00 0.00 0.00 0.00 0.00 0.00 0.00 0.00 0.00 0.00 0.00 0.00 0.00 0.00 0.00 0.00 0.00 1.10 3.50 5.77 8.18 9.42 10.07 9.13 12.85 18.40 17.89 17.16 17.16 14.45 14.16 15.77 15.33 14.24 15.55 12.56 12.12 14.02 8.83 8.83 4.82 4.09 3.14 2.70 3.43 1.69 0.58 0.00 0.00 0.00 0.00 0.00 0.00 0.00 0.00 0.00 0.00 0.00 0.00 0.00 0.00
0.00 0.00 0.00 0.00 0.00 0.00 0.00 0.00 0.00 0.00 0.00 0.00 0.00 0.00 0.00 0.00 0.00 0.00 0.00 0.00 0.00 0.00 0.00 0.00 0.00 0.00 0.00 0.00 0.00 0.00 0.00 0.00 0.00 0.00 0.00 0.00 0.00 0.00 0.00 0.00 1.53 1.10 3.58 7.74 9.34 10.59 14.45 15.91 15.04 15.04 16.35 16.35 16.35 15.62 15.11 16.06 16.57 15.91 14.16 14.02 14.45 11.10 8.91 7.15 3.80 3.21 2.34 0.07 0.29 0.51 0.22 0.29 0.00 0.00 0.00 0.00 0.00 0.80 0.58 0.00 0.00 0.00 0.00 0.00
0.00 0.00 0.00 0.00 0.00 0.00 0.00 0.00 0.00 0.00 0.00 0.00 0.00 0.00 0.00 0.00 0.00 0.00 0.00 0.00 0.00 0.00 0.00 0.00 0.00 0.00 0.00 0.00 0.00 0.00 0.00 0.00 0.00 0.00 0.00 0.00 0.00 0.00 0.00 0.00 0.00 0.80 3.29 6.94 9.20 11.97 13.72 11.24 11.10 11.02 12.34 12.34 12.56 12.92 15.84 12.99 14.02 13.36 11.83 11.61 11.24 10.07 9.34 7.59 4.31 3.87 3.14 0.00 0.00 1.39 0.00 0.00 0.58 0.37 0.00 0.15 0.15 1.02 1.02 0.00 0.00 0.00 0.00 0.00
0.00 0.00 0.00 0.00 0.00 0.00 0.00 0.00 0.00 0.00 0.00 0.00 0.00 0.00 0.00 0.00 0.00 0.00 0.00 0.00 0.00 0.00 0.00 0.00 0.00 0.00 0.00 0.00 0.00 0.00 0.00 0.00 0.00 0.00 0.00 0.00 0.00 0.00 0.00 0.00 3.72 7.74 11.02 10.22 11.24 10.29 12.41 9.78 8.61 9.05 9.93 9.93 10.66 11.17 12.99 9.64 10.29 10.66 8.98 7.59 6.28 8.40 5.77 4.67 4.74 2.56 2.34 2.77 1.10 2.85 1.31 1.31 0.66 0.37 0.15 0.00 0.00 0.00 0.07 0.00 0.00 0.58 0.80 0.00
