Wansh/Snow_depth/snowdepth-1993/winter/1993361.txt
ncols 321
nrows 161
xllcenter 60
yllcenter 15 
cellsize  0.25 
NODATA_value -1
[rows 74 to 110 of 161, columns 84 to 167 of 321]
0.00 0.00 0.00 0.00 0.00 1.02 0.22 0.00 2.70 1.46 0.07 0.00 3.72 2.77 4.38 3.72 3.43 2.56 2.56 2.48 2.77 3.94 0.00 0.00 5.18 5.11 3.94 4.38 3.43 3.87 3.80 0.00 0.00 0.00 0.00 0.00 1.46 2.19 2.99 3.65 3.72 2.56 2.63 2.63 1.24 1.17 1.75 1.68 1.83 1.10 0.80 2.19 1.68 0.00 2.38 3.29 2.48 1.61 1.53 1.83 2.04 2.04 2.19 0.00 0.00 0.00 0.00 0.00 0.00 2.05 2.05 1.61 0.00 0.00 0.00 0.00 0.00 0.00 0.00 0.00 0.00 0.00 0.00 0.00
0.00 0.00 0.00 0.00 1.90 2.48 2.12 2.41 4.89 4.53 4.09 5.55 3.87 5.33 4.45 3.58 3.94 4.31 4.31 4.23 3.94 4.02 4.67 3.36 4.02 6.06 5.26 5.04 4.02 4.45 2.99 2.70 0.00 0.00 0.00 0.00 0.00 3.07 3.65 3.14 3.80 2.56 2.63 2.63 1.02 1.39 1.24 1.75 1.90 1.02 0.66 1.10 0.80 0.73 1.53 1.39 0.73 1.83 1.75 0.66 1.46 1.83 1.61 1.83 1.31 1.53 0.00 0.00 0.00 0.59 1.61 1.53 0.95 0.07 0.00 0.00 0.00 0.00 0.00 0.00 0.00 0.00 0.00 0.00
0.07 1.24 0.00 2.12 3.07 3.72 4.09 3.21 4.89 5.55 4.38 6.28 6.06 5.33 5.69 4.60 5.55 4.82 4.82 4.67 3.29 3.58 3.43 0.00 0.00 6.13 4.31 3.14 4.74 4.02 0.00 0.00 0.00 0.00 0.00 0.00 3.36 0.00 0.00 4.02 3.87 3.07 2.56 2.56 1.97 1.02 1.68 2.70 3.07 0.00 0.00 1.46 1.83 0.66 1.61 1.75 0.80 0.73 0.37 1.10 0.88 0.88 0.80 0.80 0.51 1.10 0.37 0.00 0.00 0.00 1.31 0.95 0.44 0.66 0.15 0.00 0.00 0.00 0.00 0.00 0.00 0.00 0.00 0.00
0.00 1.83 1.17 2.99 3.07 2.99 3.72 4.31 4.16 5.11 6.79 6.50 6.86 6.20 5.77 6.28 5.62 5.33 5.33 3.80 3.94 3.80 4.60 4.74 3.94 4.23 4.53 3.87 3.43 3.58 0.00 0.00 0.00 0.00 0.00 0.00 0.00 0.00 0.00 3.72 0.00 0.00 0.00 0.00 2.56 1.31 2.04 0.00 0.00 0.00 0.00 0.00 1.24 0.44 1.10 1.46 0.44 0.66 0.58 1.39 1.61 1.61 1.68 1.31 0.44 0.66 0.07 0.00 0.00 0.00 0.00 1.75 0.51 1.17 0.22 0.00 0.00 0.00 0.00 0.00 0.00 0.00 0.00 0.00
4.02 0.95 2.63 4.16 3.94 3.36 3.65 4.53 5.55 5.69 5.77 6.42 6.42 6.35 5.69 5.91 5.11 4.02 4.02 4.23 4.67 4.67 5.33 4.89 4.67 3.65 3.58 0.00 3.43 0.00 0.00 0.00 0.00 0.00 0.00 0.00 0.00 0.00 0.00 0.00 0.00 0.00 0.00 0.00 0.00 0.00 2.48 0.00 2.70 0.00 3.21 0.00 1.31 2.12 1.83 2.56 2.41 1.24 1.31 0.66 2.34 3.36 2.77 1.53 0.73 0.00 0.29 0.66 0.66 0.58 0.00 0.00 1.02 1.17 0.95 1.61 0.00 0.00 0.00 0.00 0.00 0.00 0.44 0.15
2.48 4.02 2.99 3.58 3.43 2.99 3.94 5.11 5.11 4.16 5.11 5.04 5.33 6.20 5.77 5.55 5.26 4.89 4.89 5.04 5.55 5.11 5.33 4.74 4.74 3.87 3.07 3.94 0.00 2.99 0.00 0.00 0.00 0.00 0.00 0.00 0.00 0.00 0.00 0.00 0.00 0.00 0.00 0.00 0.00 0.00 1.97 2.04 1.97 1.97 0.00 0.00 0.00 2.12 2.48 1.68 0.29 1.02 1.17 1.61 2.56 3.50 3.87 2.12 0.00 0.00 0.00 0.51 0.51 0.29 0.07 0.00 0.80 0.15 1.32 2.99 1.25 0.00 0.00 0.00 0.00 0.00 0.00 0.00
4.02 4.60 0.00 3.14 2.99 3.36 3.43 3.94 4.09 3.87 4.09 5.40 4.67 4.60 4.82 5.18 4.02 4.38 4.38 4.38 5.26 4.82 4.38 4.23 3.80 4.09 3.94 0.00 0.00 3.14 2.41 0.00 0.00 0.00 0.00 0.00 0.00 0.00 0.00 0.00 0.00 0.00 0.00 0.00 0.00 0.00 0.00 1.46 0.00 0.00 0.00 0.00 0.00 0.00 1.61 1.46 0.15 0.00 0.66 1.10 1.83 2.34 1.90 1.39 0.00 0.00 0.00 0.00 0.00 0.37 0.00 0.00 0.00 4.89 5.62 0.44 1.80 0.00 0.00 0.00 0.00 0.00 0.00 0.00
0.00 3.21 3.65 3.50 3.14 3.43 3.14 3.94 3.80 3.94 4.67 4.96 5.11 4.31 4.67 4.02 4.16 3.94 3.94 3.80 4.60 2.56 2.92 2.70 3.50 0.00 0.00 2.41 0.00 2.26 2.41 0.00 0.00 0.00 0.00 0.00 0.00 0.00 0.00 0.00 0.00 3.50 2.77 2.77 2.48 0.00 0.00 0.95 0.00 0.00 0.00 0.00 0.07 0.15 0.58 0.73 0.00 0.00 0.00 0.80 1.68 2.04 2.19 2.12 1.53 0.00 0.00 0.00 0.00 0.00 0.00 0.66 2.99 4.16 5.91 1.54 3.91 0.00 0.00 0.00 0.00 0.29 0.00 0.00
4.53 4.23 4.16 3.58 2.99 2.85 3.21 2.92 3.58 4.60 4.67 5.62 4.38 4.82 5.40 5.26 5.18 3.94 3.94 3.43 1.39 0.00 1.46 1.83 2.04 3.50 0.00 0.00 0.00 0.00 0.00 0.00 0.00 0.00 0.00 0.00 2.19 0.00 0.00 0.00 2.48 0.00 0.00 0.00 0.00 0.00 0.00 0.00 0.00 0.00 0.00 0.15 0.51 0.29 0.07 0.07 0.15 0.29 0.07 0.22 0.80 1.02 0.22 1.02 2.41 1.68 0.00 0.00 0.00 0.00 0.07 0.73 1.10 3.50 5.40 7.08 7.08 0.00 0.00 0.00 0.00 0.00 0.00 0.00
5.77 4.89 4.23 4.16 4.02 3.87 0.00 3.65 3.29 4.45 4.31 5.69 5.33 4.74 4.82 5.26 4.02 0.00 0.00 3.36 0.00 0.00 0.00 0.00 1.90 0.00 1.90 0.00 0.00 0.00 0.00 0.00 0.00 0.00 0.00 0.00 0.00 0.00 0.58 0.00 0.00 0.00 0.00 0.00 0.00 0.00 0.00 0.00 0.00 0.00 0.00 0.00 0.00 0.00 0.00 0.00 0.00 0.15 0.44 0.58 0.58 0.37 0.73 0.66 0.44 0.15 0.00 0.00 0.00 1.68 1.75 0.88 0.80 0.95 3.43 7.59 7.45 6.35 0.00 0.00 3.21 4.16 0.00 0.00
0.00 2.70 3.21 3.43 2.92 0.00 3.43 4.53 4.02 4.60 4.31 4.74 4.02 4.53 5.11 4.82 4.74 0.00 0.00 4.16 3.80 0.00 0.00 0.00 0.00 2.41 0.00 0.00 2.56 0.00 0.00 0.00 0.00 0.00 0.00 0.00 0.00 0.00 0.51 0.00 0.66 0.00 0.00 0.00 1.24 1.53 0.00 0.00 0.00 0.58 1.24 0.00 0.07 0.07 0.00 0.00 0.00 0.07 0.00 0.00 0.00 0.29 0.22 0.66 0.44 0.15 0.00 0.29 0.29 2.04 1.46 0.73 0.66 1.02 7.08 5.99 7.96 7.01 6.13 5.04 4.38 5.11 3.65 0.00
3.36 0.00 3.21 3.29 3.58 0.00 3.94 4.16 4.82 4.74 4.45 4.60 3.50 3.80 4.31 4.23 4.38 4.31 4.31 4.38 4.67 4.23 3.94 3.50 3.14 0.00 0.00 2.56 2.70 1.97 2.63 0.00 0.00 0.00 2.19 0.00 0.00 0.00 0.00 0.00 0.00 0.00 0.44 0.44 0.44 0.00 2.04 0.00 0.00 1.61 1.17 1.02 0.22 0.00 1.10 2.04 0.15 0.00 0.00 0.00 0.00 0.00 0.08 0.29 0.73 0.51 1.24 0.07 0.07 1.39 0.80 1.83 1.17 1.53 6.86 6.94 8.32 7.01 6.72 5.99 5.40 5.62 0.00 0.00
0.95 3.58 2.19 4.31 3.29 3.65 3.43 3.58 3.14 3.43 3.65 3.14 1.90 2.92 2.26 2.85 0.00 4.23 4.23 4.60 5.18 4.74 5.26 4.45 0.00 0.00 2.77 3.29 3.87 0.00 0.00 0.00 0.00 3.14 0.00 2.92 0.00 0.00 0.00 2.77 3.21 2.19 2.92 2.92 2.12 1.83 1.97 2.19 2.04 1.61 0.51 0.80 0.37 0.15 0.29 2.77 2.56 1.46 1.83 0.88 0.00 0.00 0.00 0.29 0.22 0.73 1.53 0.95 0.95 1.31 1.75 3.21 3.50 5.62 7.23 7.96 7.37 6.94 6.06 7.08 6.72 6.50 4.82 0.00
0.00 1.24 3.72 0.00 0.00 0.00 3.36 2.92 0.00 0.00 3.43 3.36 3.29 4.02 3.14 3.65 4.23 3.58 3.58 4.45 4.89 3.87 4.67 4.02 0.00 2.19 3.58 3.65 3.43 0.00 0.00 0.00 3.50 3.29 3.58 0.00 0.00 4.16 0.00 3.21 4.38 2.56 2.56 2.56 2.70 2.99 1.31 2.26 1.97 1.24 1.39 1.17 1.39 0.00 0.22 0.29 2.34 1.02 0.73 1.46 0.44 0.00 0.00 1.02 1.48 2.19 0.51 2.99 2.99 1.46 3.65 4.09 5.33 7.45 8.18 7.45 7.37 6.13 6.28 6.42 6.79 6.28 5.69 3.80
1.61 1.02 2.56 2.63 0.00 0.00 0.00 0.00 0.00 0.00 0.00 2.63 2.56 4.09 3.36 3.80 4.45 4.09 4.09 3.80 4.60 3.80 3.94 3.80 2.41 3.65 4.31 3.87 3.36 0.00 0.00 0.00 3.65 4.09 4.09 3.87 2.99 3.29 0.00 3.80 3.50 3.50 2.56 2.56 2.26 3.07 1.97 3.21 2.19 1.61 1.10 1.61 0.58 0.29 0.00 0.80 0.00 0.15 0.66 0.80 0.58 0.00 0.44 0.51 3.10 3.09 3.36 5.48 5.48 4.31 2.19 3.80 7.01 6.86 7.88 6.28 7.08 5.84 5.26 6.50 7.37 5.04 2.41 3.80
2.56 1.02 0.00 0.00 0.00 0.00 0.00 0.00 0.00 0.00 0.00 2.99 0.00 3.94 4.16 3.94 3.58 3.36 3.36 3.58 2.99 3.36 3.21 2.56 4.16 3.94 3.80 0.00 0.00 0.00 3.72 3.43 3.94 4.60 4.09 2.99 3.07 2.99 0.00 3.50 3.43 2.99 2.12 2.12 2.26 3.65 3.58 3.65 2.77 2.56 1.68 2.19 1.90 1.10 0.51 0.00 0.44 0.29 0.37 0.29 0.00 0.00 0.60 2.77 2.96 5.19 8.61 7.52 7.52 8.47 4.82 4.89 4.67 5.77 7.08 5.84 6.06 6.28 5.77 6.57 7.48 3.61 2.79 0.00
2.85 0.00 1.68 0.00 0.00 0.00 0.00 1.17 0.00 0.88 0.00 0.00 0.00 0.00 0.00 3.50 0.00 0.00 0.00 0.00 0.00 2.41 2.12 3.14 3.07 1.83 3.14 0.00 2.56 0.00 3.87 3.50 4.09 2.85 2.70 0.00 0.00 0.00 0.00 0.00 0.00 2.41 0.66 0.66 1.17 2.04 3.58 3.58 3.14 2.41 1.61 2.63 1.83 1.90 1.02 0.88 2.77 1.17 0.00 0.44 0.00 0.00 0.07 2.26 5.55 7.37 11.17 10.16 9.84 10.34 7.74 5.99 6.50 5.77 5.77 6.28 5.99 5.69 6.19 7.11 4.47 3.30 5.29 3.03
1.10 1.68 2.12 1.97 0.00 0.00 0.00 0.73 1.10 0.00 0.00 0.00 0.00 0.00 0.00 0.00 0.00 0.00 0.00 0.00 0.00 0.00 0.00 0.00 0.00 0.00 0.00 0.00 0.00 0.00 0.00 0.00 2.34 0.00 0.00 0.00 0.00 0.00 0.00 0.00 0.00 0.58 0.00 0.00 0.00 0.73 2.56 2.63 2.04 2.04 2.12 2.41 1.97 2.41 4.09 6.13 7.81 2.70 3.32 3.91 0.95 0.44 0.60 1.98 2.66 4.77 8.18 10.37 10.42 10.15 8.51 7.23 8.83 5.99 6.31 5.77 4.96 5.33 5.50 6.75 5.79 4.89 5.52 4.50
2.41 1.68 1.75 0.00 2.48 1.68 1.83 0.95 0.00 0.00 0.00 1.31 0.00 0.00 0.00 0.00 0.00 0.00 0.00 1.97 0.00 2.04 0.00 0.00 0.00 0.00 0.00 0.00 0.00 0.00 0.00 0.00 0.00 0.00 0.00 0.00 0.00 0.00 0.00 0.00 0.00 0.00 0.00 0.00 0.00 0.00 0.51 1.24 1.46 0.88 1.46 1.39 1.83 2.85 4.89 9.56 10.59 10.07 5.48 13.78 3.91 1.76 1.47 2.26 3.73 7.86 7.49 7.74 7.74 7.87 7.84 9.86 6.24 6.08 6.09 6.34 5.84 5.48 6.55 6.41 6.94 6.62 7.46 7.85
2.92 1.75 1.90 0.29 2.34 1.61 1.61 0.00 0.00 0.00 0.00 0.00 0.00 0.00 0.00 0.00 2.34 2.63 2.63 1.39 1.75 0.00 0.00 0.00 0.00 0.00 0.00 0.00 0.00 0.00 0.00 0.00 0.00 0.00 0.00 0.00 0.00 0.00 0.00 0.00 0.00 0.00 0.00 0.00 0.00 0.22 0.22 0.44 1.02 1.31 1.61 0.95 3.07 3.94 5.48 9.05 14.45 16.64 16.94 22.19 15.33 6.82 3.97 3.61 4.78 7.94 8.51 3.43 3.43 5.68 4.06 4.99 5.19 4.70 7.34 5.94 5.48 5.63 7.54 7.38 7.03 7.86 12.02 10.69
2.12 1.46 1.10 1.46 1.02 2.34 2.26 0.00 0.00 0.00 0.00 0.00 0.00 0.00 0.00 0.00 1.10 2.12 2.12 0.00 0.00 2.63 0.00 0.00 0.00 0.00 0.00 0.00 0.00 0.44 0.00 0.00 0.00 0.00 0.00 0.00 0.00 0.00 0.00 0.00 0.00 0.00 0.00 0.00 0.00 0.44 1.10 1.53 2.70 1.68 3.21 6.28 6.03 6.92 11.16 9.63 16.03 18.98 22.34 21.17 12.26 10.12 4.69 3.63 3.69 5.89 7.18 4.23 4.26 3.26 13.30 10.22 5.49 3.36 5.25 7.01 6.78 5.22 7.26 6.96 7.22 8.71 9.94 8.22
2.48 2.04 1.83 1.68 1.17 1.68 0.00 0.00 0.00 0.00 0.00 0.00 0.00 0.00 0.00 0.00 1.10 0.00 0.00 0.00 0.00 0.00 0.00 0.00 0.00 0.00 0.00 1.10 0.44 0.51 0.00 0.00 0.00 0.00 0.00 0.00 0.00 0.00 0.00 0.00 0.00 0.00 0.73 0.73 0.73 0.51 1.24 1.83 2.92 7.30 11.32 10.95 10.22 10.17 11.62 14.60 18.39 16.37 17.79 20.28 17.39 11.45 8.44 3.42 3.57 2.55 5.54 5.14 5.14 1.18 2.46 0.00 0.00 6.44 6.82 6.09 6.78 5.03 5.54 6.59 6.26 7.87 11.34 8.54
0.00 1.31 2.41 0.15 1.02 1.24 2.26 1.75 0.00 0.00 1.75 0.00 0.00 0.00 0.00 0.00 0.00 0.00 0.00 0.00 0.00 0.00 0.00 0.00 0.00 0.00 0.00 1.75 0.88 0.58 0.00 1.46 0.00 0.00 1.61 1.17 0.00 0.00 0.00 0.00 0.00 0.00 2.63 2.63 2.19 2.04 1.83 2.04 3.87 8.03 13.36 16.35 15.91 14.89 12.59 13.38 12.95 11.62 14.04 15.00 14.44 7.98 7.07 3.86 2.05 1.15 1.75 1.93 1.90 1.26 0.00 0.00 0.00 4.76 5.69 6.60 4.45 4.36 5.22 6.32 4.36 11.36 9.54 6.88
2.19 0.00 0.00 0.00 0.37 1.46 2.77 1.97 2.34 1.46 2.19 0.37 0.00 0.44 0.00 0.00 0.00 0.00 0.00 0.00 0.00 0.00 0.00 0.00 0.00 0.00 2.26 2.04 1.90 0.88 1.24 2.04 1.39 1.61 2.12 0.00 0.00 0.00 0.00 0.00 1.61 4.45 3.65 3.65 4.82 3.65 3.94 3.29 4.60 9.28 13.02 17.34 19.57 19.33 17.22 14.38 12.48 12.63 11.73 10.17 6.82 7.76 7.03 6.13 3.11 1.03 1.41 1.73 1.69 1.17 1.39 0.00 0.00 4.08 4.70 5.40 3.59 3.71 4.54 5.36 3.04 8.48 6.34 6.75
5.40 3.07 1.46 0.73 1.90 4.60 2.85 1.83 1.75 2.34 2.56 1.75 1.24 0.88 0.80 0.51 1.39 1.97 1.97 1.75 1.90 0.00 0.00 1.31 2.19 2.56 1.61 2.04 2.26 3.07 2.77 1.75 1.97 5.33 3.29 3.50 4.09 4.38 5.40 0.00 0.44 1.46 3.36 3.36 5.40 7.45 6.06 5.99 7.01 10.51 14.30 17.70 17.35 15.78 12.71 8.33 9.08 14.38 15.34 14.09 17.24 10.36 7.38 7.00 5.62 2.35 1.38 1.05 1.03 0.22 1.24 0.00 0.00 2.23 1.87 3.80 0.00 2.64 3.17 0.79 1.53 2.43 3.87 5.45
5.18 3.29 3.72 2.99 5.18 4.16 4.38 2.41 0.00 0.00 0.00 1.46 0.66 0.88 1.68 1.46 1.97 1.68 1.68 1.53 1.83 2.19 1.10 0.95 1.83 2.12 1.68 2.12 2.34 2.92 3.58 2.56 4.23 6.42 5.18 4.74 6.06 3.94 4.60 3.50 0.58 0.00 0.73 0.73 2.48 5.11 5.55 4.09 4.82 7.15 10.39 12.54 13.28 13.45 14.15 12.81 7.43 7.81 11.89 14.92 16.59 16.26 6.80 5.12 4.09 2.34 1.91 0.00 0.00 0.00 0.00 0.00 0.00 0.00 2.56 1.53 0.00 1.05 0.76 0.00 0.00 0.74 4.25 4.33
3.72 2.63 2.41 3.36 2.77 5.99 2.63 2.70 0.00 0.00 0.00 0.00 0.00 1.02 1.97 2.12 1.53 1.68 1.68 1.39 1.61 1.39 1.39 1.46 1.39 0.80 1.10 1.39 1.10 3.43 3.21 3.21 4.09 4.60 6.79 6.06 5.62 2.99 0.22 0.00 0.00 0.00 1.24 1.24 2.63 3.07 3.21 3.32 4.22 5.78 8.95 12.65 13.16 12.21 11.33 8.84 9.53 12.17 8.82 12.80 16.80 13.04 14.02 4.31 6.06 1.34 0.97 1.69 1.88 0.00 0.00 0.00 0.00 0.00 1.12 1.18 0.00 1.17 0.00 0.00 0.00 2.31 3.44 4.04
3.72 1.83 1.24 4.02 0.00 2.19 4.09 2.27 1.83 0.88 1.02 0.00 0.00 1.68 2.04 0.95 1.46 2.41 2.41 1.31 1.31 1.83 1.90 1.31 1.31 0.95 0.29 0.22 0.37 2.19 1.97 2.63 3.07 2.19 5.48 4.60 3.58 1.24 0.58 0.00 0.00 0.00 0.07 0.07 0.44 1.10 2.63 4.11 4.96 7.78 10.63 13.41 15.09 11.58 8.76 8.58 5.81 6.89 4.98 9.51 11.51 15.00 12.25 9.13 9.13 4.87 2.01 2.67 2.57 0.83 0.00 0.00 0.00 0.00 0.31 0.00 0.00 0.00 0.08 0.00 0.00 2.37 3.42 3.63
0.00 0.00 0.00 0.00 0.00 0.00 2.26 2.99 1.97 1.10 1.24 1.02 0.66 0.00 0.73 0.00 0.58 1.53 1.53 0.66 0.95 1.10 1.83 0.00 1.10 0.37 0.00 0.00 0.95 0.44 0.00 1.24 1.31 0.37 3.50 2.92 2.26 0.73 0.15 0.00 0.00 0.00 0.00 0.00 0.00 0.00 0.73 2.92 3.50 5.62 8.52 10.63 10.15 10.39 8.10 7.93 6.97 5.71 8.83 8.03 9.91 11.51 10.56 12.49 10.42 11.29 1.07 1.57 1.58 1.45 0.00 0.00 0.00 0.00 0.00 0.00 0.00 0.00 0.00 0.16 0.00 2.42 2.34 2.84
0.00 0.00 0.00 0.00 0.00 0.00 2.99 2.34 2.12 1.24 1.61 1.39 1.46 0.80 0.00 0.58 0.00 0.51 0.51 0.00 0.00 0.00 0.00 0.00 0.00 0.00 0.00 0.00 0.00 0.00 0.00 0.00 0.00 0.95 0.95 1.02 0.00 0.15 0.00 0.00 0.00 0.00 0.00 0.00 0.00 0.00 0.00 0.51 1.48 2.94 5.99 8.39 11.87 10.93 6.05 5.16 6.89 0.00 6.03 9.65 10.95 11.86 12.83 11.44 11.23 9.00 6.62 1.73 2.02 0.16 0.18 0.00 0.00 0.00 0.00 0.00 0.00 0.37 0.00 0.00 0.26 0.00 1.78 2.14
0.00 0.00 0.00 0.00 0.00 0.00 0.00 1.97 2.19 1.68 2.48 2.41 2.12 2.34 0.58 1.31 0.07 1.53 1.53 0.00 0.00 0.00 0.00 0.00 0.00 0.00 0.07 0.00 0.00 0.00 0.00 0.00 0.00 0.00 0.00 0.00 0.00 0.00 0.00 0.00 0.00 0.00 0.00 0.00 0.00 0.00 0.00 0.00 0.00 2.42 4.71 6.37 6.31 4.87 5.01 0.00 0.00 0.00 0.00 7.84 7.83 10.58 12.40 8.95 9.62 9.62 10.13 1.56 1.74 0.66 0.00 0.00 0.00 0.00 0.00 0.00 0.00 0.00 0.00 0.00 0.00 0.00 0.00 4.02
0.00 0.00 0.00 0.00 0.00 0.00 0.00 1.68 2.41 3.65 3.07 3.50 4.16 4.16 3.29 3.34 2.43 3.14 3.14 0.00 0.00 0.44 0.00 0.37 0.00 0.00 0.00 0.00 0.00 0.00 0.00 0.00 0.00 0.00 0.00 0.00 0.22 0.00 0.00 0.00 0.00 0.00 0.00 0.00 0.00 0.00 0.00 0.82 4.13 7.06 7.94 8.46 5.29 0.00 0.00 0.00 0.00 0.00 0.00 0.00 11.99 10.45 10.05 10.06 7.92 6.22 4.22 1.53 1.56 0.46 0.00 0.00 0.00 0.00 0.00 0.00 0.00 0.00 0.00 0.00 0.00 0.00 0.00 3.27
0.00 0.00 0.00 0.00 0.00 0.00 0.00 0.00 1.97 3.14 2.70 1.53 4.16 4.38 2.12 4.26 2.99 4.11 3.84 2.77 1.02 1.97 0.66 1.97 0.15 0.00 0.00 0.37 0.00 0.00 0.00 0.00 0.00 0.00 0.00 0.15 1.46 0.00 0.00 0.00 0.80 0.29 0.00 0.00 0.00 0.00 0.00 0.00 4.18 8.93 9.30 8.70 0.00 0.00 0.00 0.00 0.00 0.00 0.00 0.00 0.00 0.00 6.93 6.60 5.46 7.57 3.86 0.78 0.95 0.00 0.00 0.00 0.00 0.00 0.00 0.00 0.00 0.00 0.00 0.00 0.00 0.00 0.00 1.22
0.00 0.00 0.00 0.00 0.00 0.00 0.00 0.00 0.00 0.00 0.00 0.00 0.00 0.00 0.00 0.00 0.00 3.90 3.96 2.26 1.83 4.53 3.29 4.31 3.87 1.83 2.77 2.48 2.56 4.23 1.97 3.21 2.04 1.24 2.85 4.67 5.11 6.13 4.60 5.72 4.82 4.65 4.60 4.60 4.09 1.90 0.58 1.69 4.70 4.37 0.00 0.00 0.00 0.00 0.00 0.00 0.00 0.00 0.00 0.00 0.00 0.00 0.00 0.00 5.93 2.99 3.63 0.00 0.00 0.00 0.00 0.00 0.00 0.00 0.00 0.00 0.00 0.00 0.00 0.00 0.00 0.00 0.00 0.00
0.00 0.00 0.00 0.00 0.00 0.00 0.00 0.00 0.00 0.00 0.00 0.00 0.00 0.00 0.00 0.00 0.00 0.00 0.00 2.70 0.00 2.19 2.41 5.18 4.02 4.19 1.50 3.58 4.74 3.94 4.38 4.23 2.26 2.12 2.77 2.70 3.36 6.28 4.74 4.60 4.78 6.32 2.92 3.26 1.61 2.41 4.23 5.09 3.59 0.00 0.00 0.00 0.00 0.00 0.00 0.00 0.00 0.00 0.00 0.00 0.00 0.00 0.00 0.00 6.54 0.00 0.00 0.00 0.00 0.00 0.00 0.00 0.00 0.00 0.00 0.00 0.00 0.00 0.00 0.00 0.00 0.00 0.00 0.00
0.00 0.00 0.00 0.00 0.00 0.00 0.00 0.00 0.00 0.00 0.00 0.00 0.00 0.00 0.00 0.00 0.00 0.00 0.00 0.00 0.00 0.00 0.00 4.23 1.90 3.08 0.00 4.02 2.85 6.28 4.45 2.63 2.82 1.68 1.75 0.00 0.00 5.33 4.16 3.14 0.00 3.36 3.48 4.42 0.00 1.61 3.67 5.77 0.00 0.00 0.00 0.00 0.00 0.00 0.00 0.00 0.00 0.00 0.00 0.00 0.00 0.00 0.00 0.00 0.00 0.00 0.00 0.00 0.00 0.00 0.00 0.00 0.00 0.00 0.00 0.00 0.00 0.00 0.00 0.00 0.00 0.00 0.00 0.00
0.00 0.00 0.00 0.00 0.00 0.00 0.00 0.00 0.00 0.00 0.00 0.00 0.00 0.00 0.00 0.00 0.00 0.00 0.00 0.00 0.00 0.00 0.00 0.00 0.00 1.61 0.00 0.00 0.00 1.97 2.70 0.00 2.59 1.46 0.00 0.00 0.00 1.97 0.00 0.00 0.00 0.00 0.00 0.00 0.00 0.00 0.00 0.00 0.00 0.00 0.00 0.00 0.00 0.00 0.00 0.00 0.00 0.00 0.00 0.00 0.00 0.00 0.00 0.00 0.00 0.00 0.00 0.00 0.00 0.00 0.00 0.00 0.00 0.00 0.00 0.00 0.00 0.00 0.00 0.00 0.00 0.00 0.00 0.00
