Wansh/Snow_depth/snowdepth-1993/winter/1993349.txt
ncols 321
nrows 161
xllcenter 60
yllcenter 15 
cellsize  0.25 
NODATA_value -1
[rows 37 to 73 of 161, columns 0 to 83 of 321]
0.00 0.00 0.00 0.00 0.00 5.18 5.91 7.37 0.00 10.00 0.00 0.00 0.00 0.00 0.00 0.00 0.00 0.00 0.00 0.00 0.00 6.86 5.18 0.00 0.00 0.00 0.00 0.00 0.00 0.00 0.00 0.00 3.94 4.60 4.31 4.16 3.94 4.60 6.57 6.35 5.91 5.48 6.13 5.77 6.50 5.84 5.69 6.50 5.99 6.64 7.15 7.15 8.61 5.33 0.00 0.00 0.00 0.00 0.00 8.03 13.87 15.40 16.21 16.06 16.50 18.03 17.89 17.30 15.40 15.70 13.80 13.36 11.83 14.75 14.31 15.77 15.77 13.80 13.07 13.14 13.51 12.85 12.70 12.63
0.00 0.00 0.00 0.00 0.00 0.00 6.35 0.00 0.00 10.15 0.00 0.00 0.00 0.00 0.00 0.00 0.00 0.00 0.00 0.00 0.00 0.00 4.09 0.00 0.00 0.00 0.00 0.00 0.00 0.00 0.00 0.00 4.60 5.40 5.99 5.48 5.33 5.91 7.30 7.37 7.01 6.50 6.50 6.06 5.69 6.28 6.42 6.35 5.77 8.03 7.01 7.01 7.96 6.20 0.00 0.00 0.00 0.00 0.00 5.40 12.26 13.43 15.84 14.31 17.16 16.64 18.76 15.33 15.40 12.34 12.26 12.78 9.56 11.53 10.51 9.78 9.78 12.48 12.34 12.34 12.48 12.48 12.85 12.78
0.00 0.00 0.00 0.00 0.00 0.00 0.00 0.00 0.00 0.00 0.00 0.00 0.00 0.00 0.00 0.00 0.00 0.00 0.00 0.00 5.62 2.56 0.00 0.00 0.00 0.00 0.00 0.00 0.00 0.00 0.00 0.00 2.63 3.87 5.18 6.72 6.94 7.66 5.11 6.06 6.13 5.77 6.94 6.64 5.55 5.99 6.86 6.13 6.13 5.33 5.18 5.18 6.86 6.57 3.80 3.80 0.00 2.99 7.74 8.83 10.88 10.29 13.51 9.42 13.21 8.76 12.05 11.24 14.31 10.15 10.66 8.61 8.69 8.10 7.88 9.42 9.42 9.27 10.95 11.97 11.53 11.97 11.97 12.56
0.00 0.00 0.00 0.00 0.00 0.00 0.00 0.00 0.00 0.00 0.00 6.86 7.81 7.66 5.55 0.00 0.00 5.11 4.96 5.11 6.35 0.00 0.00 0.00 0.00 0.00 0.00 0.00 0.00 0.00 0.00 2.26 4.09 3.58 4.16 6.50 6.06 4.67 3.87 4.23 4.38 5.11 5.18 5.11 6.13 5.77 6.79 6.86 6.50 6.13 3.87 3.87 4.38 5.69 3.87 4.31 3.14 3.94 4.53 6.64 6.79 5.55 6.79 6.20 8.91 5.40 7.45 6.64 6.42 8.18 7.45 8.54 8.69 8.83 8.32 10.00 10.00 10.88 11.61 11.68 10.88 9.86 12.12 11.90
0.00 0.00 0.00 0.00 0.00 6.20 0.00 0.00 0.00 0.00 0.00 4.89 4.89 5.04 4.67 4.60 5.11 5.11 3.29 5.33 6.06 5.33 4.31 4.60 3.43 4.38 4.38 3.29 2.48 1.75 2.56 1.90 2.99 2.26 4.53 6.06 5.84 4.09 4.02 3.58 4.31 4.60 4.60 5.69 5.77 7.37 7.81 6.06 7.01 5.77 2.77 2.77 1.90 2.48 2.26 2.92 3.87 2.99 3.94 5.18 6.13 5.18 5.18 5.55 5.04 4.82 6.35 6.64 6.64 7.52 7.37 8.69 9.27 9.34 9.93 9.86 9.86 10.07 8.76 10.15 10.73 8.91 9.27 10.73
0.00 0.00 0.00 0.00 8.83 7.23 0.00 0.00 0.00 6.72 4.96 4.38 4.82 4.23 4.74 3.87 6.64 6.50 8.98 9.05 6.94 5.99 4.82 5.40 6.42 5.04 5.04 3.87 2.70 3.72 0.00 2.48 2.56 3.21 3.58 3.43 5.04 4.23 4.82 4.02 4.89 4.16 4.23 5.62 4.09 6.28 8.40 5.55 6.57 5.48 4.16 4.16 3.65 3.07 3.94 3.80 4.45 4.82 4.53 6.57 7.08 5.62 6.28 5.77 5.84 6.28 6.50 6.86 8.03 8.47 7.30 7.88 8.61 6.86 8.91 7.74 7.74 8.25 4.09 7.37 7.59 7.52 6.19 10.30
0.00 0.00 0.00 4.53 9.27 10.80 10.07 7.88 7.30 6.06 5.18 6.42 5.55 6.72 6.35 5.18 7.15 9.78 5.84 6.28 7.96 6.28 5.91 5.33 5.48 4.96 4.96 4.45 4.53 4.45 0.00 0.00 0.00 3.21 2.99 4.82 4.67 0.00 0.00 0.00 0.00 4.31 0.00 4.67 4.23 5.69 4.67 8.32 6.57 5.91 6.35 6.35 5.33 5.11 4.82 3.94 4.23 4.38 4.82 6.35 5.91 6.13 6.13 6.06 6.57 7.08 7.96 8.18 8.61 8.10 5.33 0.00 3.50 4.23 0.66 2.77 2.77 0.80 0.44 3.58 2.92 3.58 4.60 4.02
0.00 0.00 0.00 3.58 6.50 9.05 9.86 8.40 6.06 6.72 5.48 6.57 6.57 8.83 10.66 9.05 9.71 9.86 9.78 4.38 6.13 5.26 4.60 4.53 4.23 0.00 0.00 0.00 0.00 0.00 0.00 0.00 0.00 0.00 3.50 3.72 3.07 0.00 0.00 0.00 0.00 0.00 0.00 0.00 4.02 4.60 4.45 8.47 7.08 6.28 6.28 6.28 6.20 5.18 5.18 4.96 4.67 3.58 4.02 4.09 4.45 5.48 5.11 5.91 6.86 6.94 8.61 7.81 0.00 0.00 0.00 0.00 0.00 0.15 0.00 0.95 0.95 0.00 0.00 0.00 0.00 2.48 4.09 6.09
0.00 0.00 4.53 6.50 8.03 8.18 8.54 7.37 6.13 6.64 7.30 7.45 7.01 6.42 9.42 9.86 7.45 1.53 2.85 2.12 5.04 0.00 3.58 0.00 0.00 0.00 0.00 0.00 0.00 0.00 0.00 3.58 0.00 3.50 3.80 3.50 3.14 0.00 0.00 0.00 0.00 0.00 0.00 0.00 0.00 4.16 3.36 8.25 7.01 5.69 4.53 4.53 5.11 4.82 5.18 5.48 3.80 3.94 2.63 2.92 4.67 5.69 7.01 7.37 6.94 7.96 9.20 8.25 7.45 5.69 0.00 2.41 5.77 1.46 2.56 3.29 3.29 0.44 1.17 4.09 7.15 2.92 5.33 7.81
0.00 0.00 4.53 6.50 8.03 8.18 8.54 7.37 6.13 6.64 7.30 7.45 7.01 6.42 9.42 9.86 7.45 1.53 2.85 2.12 5.04 0.00 3.58 0.00 0.00 0.00 0.00 0.00 0.00 0.00 0.00 3.58 0.00 3.50 3.80 3.50 3.14 0.00 0.00 0.00 0.00 0.00 0.00 0.00 0.00 4.16 3.36 8.25 7.01 5.69 4.53 4.53 5.11 4.82 5.18 5.48 3.80 3.94 2.63 2.92 4.67 5.69 7.01 7.37 6.94 7.96 9.20 8.25 7.45 5.69 0.00 2.41 5.77 1.46 2.56 3.29 3.29 0.44 1.17 4.09 7.15 2.92 5.33 7.89
4.16 4.16 3.72 5.33 6.50 7.15 3.21 3.36 4.31 3.80 8.25 8.91 7.88 6.94 7.30 9.78 6.57 0.00 0.00 0.00 0.00 0.00 0.00 0.00 0.00 0.00 0.00 0.00 0.00 0.00 0.00 0.00 0.00 3.14 0.00 4.74 2.34 0.00 0.00 0.00 0.00 0.00 0.00 0.00 0.00 2.70 2.34 6.35 3.94 4.02 4.09 4.09 4.96 5.40 5.77 4.74 3.29 3.50 2.85 2.70 4.23 5.04 7.15 7.23 9.86 10.22 10.22 9.49 7.01 6.50 6.50 8.18 8.83 5.40 5.26 7.23 7.23 6.79 4.16 5.99 9.78 12.26 8.76 10.50
3.65 3.65 5.26 5.26 2.70 0.73 2.04 2.26 1.97 1.68 5.33 7.96 9.78 7.30 6.20 0.00 0.00 0.00 0.00 0.00 0.00 0.00 0.00 0.00 0.00 0.00 0.00 0.00 0.00 0.00 0.00 0.00 0.00 4.23 0.00 0.00 0.00 0.00 0.00 0.00 0.00 0.00 0.00 0.00 0.00 0.00 4.16 5.33 5.40 5.26 5.77 5.77 6.06 6.42 5.84 4.53 0.00 4.09 4.60 4.23 5.26 5.11 5.91 6.79 9.78 10.29 9.05 9.13 7.96 5.26 0.80 5.04 3.80 3.29 6.28 8.32 8.32 10.80 8.40 7.96 10.80 12.19 12.78 13.07
4.53 4.53 5.04 5.55 4.23 0.73 0.44 1.24 2.48 3.58 6.06 7.52 7.81 7.59 5.99 0.00 0.00 0.00 0.00 0.00 0.00 0.00 0.00 0.00 0.00 0.00 0.00 0.00 0.00 0.00 0.00 0.00 0.00 3.07 0.00 0.00 3.87 3.94 0.00 2.85 0.00 0.00 2.63 2.04 4.82 4.09 4.02 6.57 6.72 6.57 6.57 6.57 6.79 8.03 7.59 5.18 6.50 6.57 5.26 6.42 5.69 5.91 6.06 6.20 7.96 5.62 5.99 0.00 0.00 1.10 0.00 0.00 1.53 5.84 4.96 8.10 8.10 14.02 17.74 12.41 12.41 13.05 11.59 11.75
6.28 6.28 6.50 5.33 5.91 1.97 2.56 1.68 2.85 3.43 5.33 0.00 0.00 5.48 0.00 0.00 0.00 0.00 0.00 0.00 0.00 0.00 0.00 0.00 0.00 0.00 0.00 0.00 0.00 0.00 0.00 0.73 1.39 1.90 2.19 2.56 3.87 4.82 0.00 0.00 0.00 0.00 3.29 5.18 5.77 5.55 5.48 6.28 7.01 7.81 9.56 9.56 10.00 9.93 10.29 8.83 9.34 7.96 7.59 8.32 7.88 9.64 6.50 5.33 3.43 4.38 0.00 0.00 0.00 0.00 0.00 0.00 0.00 6.72 9.93 15.70 15.70 14.45 20.81 16.86 12.99 14.23 11.96 10.99
5.62 5.62 7.52 6.28 3.21 2.26 0.00 0.00 0.00 0.00 0.00 0.00 0.00 0.00 0.00 0.00 0.00 0.00 0.00 0.00 0.00 0.00 0.00 0.00 0.00 0.00 0.00 0.00 0.00 0.00 0.00 0.00 1.53 2.12 2.48 2.63 3.58 4.53 3.72 0.00 0.00 4.31 4.45 4.67 4.67 5.91 5.84 7.23 6.79 8.32 8.98 8.98 10.22 10.00 8.18 8.25 8.69 10.37 10.44 10.44 10.51 10.59 6.50 7.30 4.38 5.91 0.00 0.00 0.00 0.00 0.00 0.00 0.00 8.03 10.80 15.62 15.62 19.49 18.54 15.99 14.02 11.02 10.29 9.56
3.29 3.29 3.29 1.97 0.00 0.00 0.00 0.00 0.00 0.00 0.00 0.00 0.00 0.00 0.00 0.00 0.00 0.00 0.00 0.00 0.00 0.00 0.00 0.00 0.00 0.00 0.00 0.00 0.00 0.00 0.00 0.00 0.00 0.00 0.07 0.95 1.68 0.00 4.38 5.69 4.45 4.09 4.31 4.02 4.02 6.50 6.13 5.11 5.18 6.13 5.55 5.55 6.57 2.19 5.04 6.50 9.05 9.64 10.07 11.10 11.39 11.46 8.25 10.00 9.34 12.19 0.00 9.05 10.15 0.00 10.37 16.94 12.85 12.41 11.32 14.09 14.09 13.72 10.00 8.98 12.92 8.91 9.93 11.46
0.00 0.00 1.46 1.24 0.00 0.00 0.00 0.00 0.00 0.00 0.00 0.00 0.00 0.00 0.00 0.00 0.00 0.00 0.00 0.00 0.00 0.00 0.00 0.00 0.00 0.00 0.00 0.00 0.00 0.00 0.00 0.00 0.73 0.00 0.00 0.00 0.00 0.00 3.14 4.31 4.38 4.09 3.58 3.58 4.60 5.99 5.55 5.84 5.18 4.96 4.31 4.31 3.36 2.12 3.14 5.40 6.13 7.37 9.20 10.15 11.90 10.15 11.53 11.32 11.24 13.87 12.70 14.97 18.54 15.84 15.33 18.83 17.67 10.73 7.08 10.51 10.51 8.54 5.55 5.62 5.62 7.81 8.83 10.28
0.00 0.00 0.00 0.00 0.00 0.00 0.00 0.00 0.00 0.00 0.00 0.00 0.00 0.00 0.00 0.00 0.00 0.00 0.00 0.00 0.00 0.00 0.00 0.00 0.00 0.00 0.00 0.00 0.00 0.00 0.00 0.00 0.00 0.00 0.00 0.00 0.00 0.00 0.73 3.21 4.45 4.09 4.23 4.02 3.50 4.74 4.89 6.06 5.69 3.87 4.23 4.23 3.58 3.94 3.50 4.96 4.96 5.99 6.13 8.10 9.56 9.56 10.44 11.32 13.21 13.14 15.77 17.08 20.44 18.54 17.52 17.52 18.47 9.86 4.67 3.14 3.14 4.89 3.36 4.16 2.34 0.73 6.35 5.87
0.00 0.00 0.00 0.00 0.00 0.00 0.00 0.00 0.00 0.00 0.00 0.00 0.00 0.00 0.00 0.00 0.00 0.00 0.00 0.00 0.00 0.00 0.00 0.00 0.00 0.00 0.00 0.00 0.00 0.00 0.00 0.00 0.00 0.00 0.00 0.00 0.00 0.00 3.87 4.23 4.38 4.23 3.50 3.65 3.36 3.87 4.67 3.50 0.66 4.02 4.96 4.96 4.96 4.89 4.09 3.80 4.38 6.35 6.20 6.79 7.45 11.53 11.10 11.83 13.87 20.08 20.37 19.86 21.17 19.49 13.43 6.72 7.37 7.66 3.80 2.04 2.04 3.80 3.21 3.43 0.58 0.00 0.00 0.00
0.00 0.00 0.00 0.00 0.00 0.00 0.00 0.00 0.00 0.00 0.00 0.00 0.00 0.00 0.00 0.00 0.00 0.00 0.00 0.00 0.00 0.00 0.00 0.00 0.00 0.00 0.00 0.00 0.00 0.00 0.00 0.00 0.00 0.00 0.00 0.00 0.00 0.58 2.34 3.29 4.31 1.17 0.29 0.73 0.00 0.00 0.00 0.00 0.00 0.00 2.41 2.41 4.53 4.96 5.18 4.74 7.52 7.37 9.42 16.13 16.94 15.48 14.89 17.37 18.83 25.48 19.27 17.16 17.89 9.27 8.40 4.31 1.17 2.41 2.56 0.73 0.73 0.29 1.90 0.00 0.00 0.00 0.00 0.00
0.00 0.00 0.00 0.00 0.00 0.00 0.00 0.00 0.00 0.00 0.00 0.00 0.00 0.00 0.00 0.00 0.00 0.00 0.00 0.00 0.00 0.00 0.00 0.00 0.00 0.00 0.00 0.00 0.00 0.00 0.00 0.00 0.00 0.00 0.00 0.00 0.00 0.00 0.15 1.46 0.00 0.00 0.00 0.00 0.00 0.00 0.00 0.00 0.00 0.00 0.95 0.95 2.70 5.26 5.69 6.57 8.54 10.00 13.58 17.45 20.81 20.73 21.46 20.66 21.02 24.75 11.24 10.37 4.31 4.02 5.77 2.56 0.00 1.02 0.00 0.07 0.07 0.00 0.00 0.00 0.00 0.00 0.00 0.00
0.00 0.00 0.00 0.00 0.00 0.00 0.00 0.00 0.00 0.00 0.00 0.00 0.00 0.00 0.00 0.00 0.00 0.00 0.00 0.00 0.00 0.00 0.00 0.00 0.00 0.00 0.00 0.00 0.00 0.00 0.00 0.00 0.00 0.00 0.00 0.00 0.00 0.00 0.00 0.00 0.00 0.00 0.00 0.00 0.00 0.00 0.00 0.00 0.00 0.00 5.62 5.62 6.86 6.57 7.37 9.49 9.13 10.15 14.38 18.47 19.71 17.16 19.64 13.72 13.14 16.79 6.28 5.11 1.46 0.00 0.00 0.00 0.00 0.00 0.00 0.00 0.00 0.00 0.00 0.00 0.00 0.00 0.00 0.00
0.00 0.00 0.00 0.00 0.00 0.00 0.00 0.00 0.00 0.00 0.00 0.00 0.00 0.00 0.00 0.00 0.00 0.00 0.00 0.00 0.00 0.00 0.00 0.00 0.00 0.00 0.00 0.00 0.00 0.00 0.00 0.00 0.00 0.00 0.00 0.00 0.00 0.00 0.00 0.00 0.00 0.00 0.00 0.00 0.00 0.22 0.37 0.22 0.29 6.50 7.45 7.45 8.54 8.98 12.12 11.39 11.32 15.48 15.62 17.16 14.09 11.97 4.60 6.79 0.22 1.31 0.73 0.00 0.00 0.00 0.00 0.00 0.00 0.00 0.00 0.00 0.00 0.00 0.00 0.00 0.00 0.00 0.00 0.00
0.00 0.00 0.00 0.00 0.00 0.00 0.00 0.00 0.00 0.00 0.00 0.00 0.00 0.00 0.00 0.00 0.00 0.00 0.00 0.00 0.00 0.00 0.00 0.00 0.00 0.00 0.00 0.00 0.00 0.00 0.00 0.00 0.00 0.00 3.43 2.41 0.00 1.31 0.22 0.00 0.00 1.68 0.00 0.15 2.92 3.80 3.87 4.09 6.50 8.47 9.64 9.64 10.73 13.51 13.80 15.18 14.02 12.99 13.58 9.34 9.64 9.34 2.19 1.53 0.00 0.00 0.00 0.00 0.00 0.00 0.00 0.00 0.00 0.00 0.00 0.00 0.00 0.00 0.00 0.00 0.00 0.00 0.00 0.00
0.00 0.00 0.00 0.00 0.00 0.00 0.00 0.00 0.00 0.00 0.00 0.00 0.00 0.00 0.00 0.00 0.00 0.00 0.00 0.00 0.00 0.00 0.00 0.00 0.00 0.00 0.00 0.00 0.00 0.00 0.00 5.84 3.07 5.33 3.87 3.58 1.97 3.43 3.50 2.99 2.63 3.65 2.41 2.04 4.31 4.53 4.74 5.26 7.01 8.54 9.49 9.49 11.39 12.99 13.65 14.89 11.32 10.37 9.34 6.42 3.29 0.00 0.29 0.00 0.00 0.00 0.00 0.00 0.00 0.00 0.00 0.00 0.00 0.00 0.00 0.00 0.00 0.00 0.00 0.00 0.00 0.00 0.00 0.00
0.00 0.00 0.00 0.00 0.00 0.00 0.00 0.00 0.00 0.00 0.00 0.00 0.00 0.00 0.00 0.00 0.00 0.00 0.00 0.00 0.00 0.00 0.00 0.00 0.00 0.00 0.00 0.00 0.00 0.00 0.00 4.45 4.02 3.43 3.80 4.09 4.09 4.82 4.23 4.31 4.60 4.60 3.58 3.87 4.23 4.16 4.09 5.33 5.84 7.96 9.49 9.49 11.02 10.66 12.05 12.70 9.64 9.86 9.34 6.86 5.55 0.00 0.00 0.00 0.00 0.00 0.00 0.00 0.00 0.00 0.00 0.00 0.00 0.00 0.00 0.00 0.00 0.00 0.00 0.00 0.00 0.00 0.00 0.00
0.00 0.00 0.00 0.00 0.00 0.00 0.00 0.00 0.00 0.00 0.00 0.00 0.00 0.00 0.00 0.00 0.00 0.00 0.00 0.00 0.00 0.00 0.00 0.00 0.00 0.00 0.00 0.00 0.00 0.00 3.29 4.60 4.96 4.82 4.31 4.74 5.33 4.96 5.26 5.62 5.55 4.96 4.53 4.53 3.87 5.40 6.28 6.20 6.79 6.42 7.74 7.74 7.74 9.05 6.42 6.57 6.50 9.49 8.83 8.47 8.98 1.68 0.51 0.00 0.00 0.00 0.00 0.00 0.00 0.00 0.00 0.00 0.00 0.00 0.00 0.00 0.00 0.00 0.00 0.00 0.00 0.00 0.00 0.00
0.00 0.00 0.00 0.00 0.00 0.00 0.00 0.00 0.00 0.00 0.00 0.00 0.00 0.00 0.00 0.00 0.00 0.00 0.00 0.00 0.00 0.00 0.00 0.00 0.00 0.00 0.00 0.00 0.00 0.00 3.36 3.87 4.60 4.60 4.67 4.60 4.82 5.33 5.40 6.72 6.72 7.37 6.86 5.69 5.55 5.11 4.53 4.67 5.26 4.60 5.77 5.77 6.72 7.01 5.55 5.62 9.20 10.22 11.68 9.49 10.51 5.06 2.85 0.00 0.00 0.00 0.00 0.00 0.00 0.00 0.00 0.00 0.00 0.00 0.00 0.00 0.00 0.00 0.00 0.00 0.00 0.00 0.00 0.00
0.00 0.00 0.00 0.00 0.00 0.00 0.00 0.00 0.00 0.00 0.00 0.00 0.00 0.00 0.00 0.00 0.00 0.00 0.00 0.00 0.00 0.00 0.00 0.00 0.00 0.00 0.00 0.00 0.00 0.00 2.34 3.58 3.58 0.00 0.95 1.97 3.14 0.88 3.07 5.33 7.59 7.23 6.79 8.10 5.26 5.48 4.09 4.09 4.02 3.80 5.11 5.11 5.77 5.33 6.72 6.57 10.88 12.12 11.32 10.29 5.18 3.29 4.09 0.80 2.34 0.00 0.00 0.00 0.00 0.00 0.00 0.00 0.00 0.00 0.00 0.00 0.00 0.00 0.00 0.00 0.00 0.00 0.00 0.00
0.00 0.00 0.00 0.00 0.00 0.00 0.00 0.00 0.00 0.00 0.00 0.00 0.00 0.00 0.00 0.00 0.00 0.00 0.00 0.00 0.00 0.00 0.00 0.00 0.00 0.00 0.00 0.00 0.00 0.00 2.85 0.00 0.00 0.00 0.00 0.00 0.15 0.00 0.00 3.58 3.21 6.35 5.91 5.18 4.82 4.02 4.67 3.80 4.16 3.21 3.87 3.87 4.67 5.91 7.15 8.18 10.59 11.46 9.86 9.34 6.20 5.18 4.02 2.99 2.77 3.14 0.00 0.00 0.00 0.00 0.00 0.00 0.00 0.00 0.00 0.00 0.00 0.00 0.00 0.00 0.00 0.00 0.00 0.00
0.00 0.00 0.00 0.00 0.00 0.00 0.00 0.00 0.00 0.00 0.00 0.00 0.00 0.00 0.00 0.00 0.00 0.00 0.00 0.00 0.00 0.00 0.00 0.00 0.00 0.00 0.00 0.00 0.00 2.48 0.00 0.00 0.00 0.00 0.00 0.00 0.00 0.00 0.00 1.24 0.29 4.09 5.26 5.48 4.89 4.38 3.87 5.48 4.89 5.04 4.96 4.96 7.30 7.37 8.32 8.98 8.98 9.78 7.88 9.78 6.94 4.16 3.80 3.72 2.70 0.44 1.02 0.00 0.00 0.00 0.00 0.00 0.00 0.00 0.00 0.00 0.00 0.00 0.00 0.00 0.00 0.00 0.00 0.00
0.00 0.00 0.00 0.00 0.00 0.00 0.00 0.00 0.00 0.00 0.00 0.00 0.00 0.00 0.00 0.00 0.00 0.00 0.00 0.00 0.00 0.00 0.00 0.00 0.00 0.00 0.00 0.00 0.00 0.00 0.00 0.00 0.00 0.00 0.00 0.00 0.00 0.00 0.00 0.00 1.83 1.53 3.94 5.04 5.69 5.26 5.18 6.28 6.13 6.35 9.64 9.64 8.76 7.66 9.13 8.54 7.23 7.23 7.52 7.96 8.32 5.04 4.23 2.19 2.19 0.95 0.00 0.00 0.00 0.00 0.00 0.00 0.00 0.00 0.00 0.00 0.00 0.00 0.00 0.00 0.00 0.00 0.00 0.00
0.00 0.00 0.00 0.00 0.00 0.00 0.00 0.00 0.00 0.00 0.00 0.00 0.00 0.00 0.00 0.00 0.00 0.00 0.00 0.00 0.00 0.00 0.00 0.00 0.00 0.00 0.00 0.00 0.00 0.00 0.00 0.00 0.00 0.00 0.00 0.00 0.00 0.00 0.00 0.00 0.73 4.31 3.21 6.28 5.77 7.59 7.15 7.23 7.45 13.29 13.36 13.36 11.24 9.49 11.68 10.07 12.41 9.71 11.17 9.93 7.01 4.45 5.62 2.85 3.87 3.58 1.39 0.22 0.00 0.00 0.00 0.00 0.00 0.00 0.00 0.00 0.00 0.00 0.00 0.00 0.00 0.00 0.00 0.00
0.00 0.00 0.00 0.00 0.00 0.00 0.00 0.00 0.00 0.00 0.00 0.00 0.00 0.00 0.00 0.00 0.00 0.00 0.00 0.00 0.00 0.00 0.00 0.00 0.00 0.00 0.00 0.00 0.00 0.00 0.00 0.00 0.00 0.00 0.00 0.00 0.00 0.00 0.00 0.00 1.53 3.72 6.20 6.86 7.96 8.47 8.83 8.83 10.29 15.26 15.11 15.11 13.94 13.87 13.72 12.78 14.82 12.85 11.68 11.46 9.86 8.18 7.96 4.31 4.45 3.80 3.29 0.80 0.15 0.00 0.00 0.00 0.00 0.00 0.00 0.00 0.00 0.00 0.00 0.00 0.00 0.00 0.00 0.00
0.00 0.00 0.00 0.00 0.00 0.00 0.00 0.00 0.00 0.00 0.00 0.00 0.00 0.00 0.00 0.00 0.00 0.00 0.00 0.00 0.00 0.00 0.00 0.00 0.00 0.00 0.00 0.00 0.00 0.00 0.00 0.00 0.00 0.00 0.00 0.00 0.00 0.00 0.00 0.00 0.00 3.36 4.89 7.23 6.79 8.03 9.42 10.51 13.29 14.16 13.80 13.80 14.60 14.24 14.38 15.77 15.55 14.31 12.05 12.99 11.75 10.00 8.76 5.48 3.21 3.94 3.07 1.39 0.15 0.00 0.00 0.00 0.00 0.00 0.00 0.00 0.00 0.00 0.07 0.00 0.00 0.00 0.00 0.00
0.00 0.00 0.00 0.00 0.00 0.00 0.00 0.00 0.00 0.00 0.00 0.00 0.00 0.00 0.00 0.00 0.00 0.00 0.00 0.00 0.00 0.00 0.00 0.00 0.00 0.00 0.00 0.00 0.00 0.00 0.00 0.00 0.00 0.00 0.00 0.00 0.00 0.00 0.00 0.00 0.22 1.75 3.65 5.18 6.79 7.74 9.71 9.34 9.78 10.00 12.85 12.85 11.02 11.97 11.10 13.94 13.07 11.24 10.66 12.85 8.76 10.59 8.69 5.48 2.63 4.16 0.95 0.22 0.95 0.00 0.00 0.15 0.44 0.00 0.15 0.15 0.15 0.00 0.58 0.00 0.00 0.00 0.00 0.00
0.00 0.00 0.00 0.00 0.00 0.00 0.00 0.00 0.00 0.00 0.00 0.00 0.00 0.00 0.00 0.00 0.00 0.00 0.00 0.00 0.00 0.00 0.00 0.00 0.00 0.00 0.00 0.00 0.00 0.00 0.00 0.00 0.00 0.00 0.00 0.00 0.00 0.00 0.00 0.00 2.12 0.95 1.53 8.47 9.56 10.22 9.93 7.74 7.30 7.52 7.23 7.23 8.25 9.05 8.98 11.02 7.08 9.56 8.76 6.13 6.42 7.96 6.94 7.23 3.58 3.43 2.85 1.97 2.56 0.66 0.66 0.66 1.24 0.22 0.00 0.00 0.00 0.00 0.00 0.00 0.07 0.00 0.00 0.00
