Wansh/Snow_depth/snowdepth-1993/winter/1993350.txt
ncols 321
nrows 161
xllcenter 60
yllcenter 15 
cellsize  0.25 
NODATA_value -1
[rows 0 to 36 of 161, columns 0 to 83 of 321]
5.77 5.77 10.80 13.07 12.48 12.85 13.65 11.90 15.04 14.31 17.59 19.20 19.86 19.71 19.93 18.69 17.37 18.69 17.37 17.89 16.28 17.23 17.08 17.16 17.74 19.05 19.05 19.27 19.35 20.37 21.02 21.02 20.73 20.81 20.88 21.10 20.88 20.73 21.10 20.88 20.81 19.27 19.35 17.59 15.62 16.06 14.82 12.78 15.48 14.75 14.38 14.38 14.60 13.14 13.21 12.48 15.11 14.89 15.04 12.92 12.41 11.97 11.68 12.48 12.48 11.61 12.63 11.68 9.34 11.68 11.68 11.68 11.68 13.43 12.85 14.45 14.45 16.28 17.74 17.81 17.81 17.37 17.16 19.05
12.05 12.05 11.32 14.53 14.38 14.38 14.02 15.55 15.33 17.08 16.79 19.13 17.81 18.32 17.81 18.10 16.35 14.53 14.89 13.72 16.64 16.43 17.37 17.74 17.37 20.08 20.08 19.35 20.73 20.81 20.59 20.73 21.02 18.83 20.51 20.44 21.24 20.08 20.66 17.67 15.40 17.96 13.14 11.02 12.99 11.46 11.75 11.61 13.43 12.34 12.63 12.63 13.43 11.90 10.66 10.29 10.66 11.68 12.12 10.66 11.17 10.29 10.59 11.10 10.59 9.93 8.61 8.91 8.32 10.07 9.86 9.49 11.97 14.02 14.45 15.99 15.99 15.70 17.08 18.83 22.05 21.24 21.53 19.93
14.31 14.31 14.02 14.31 13.87 13.94 13.94 15.48 16.64 16.21 17.01 18.54 16.50 15.04 15.18 13.43 13.07 14.24 12.78 12.78 14.24 14.89 14.89 15.84 16.72 18.47 18.47 19.64 19.27 19.71 19.78 19.71 18.32 19.05 18.25 20.88 20.59 20.08 16.86 17.23 15.48 11.75 9.93 10.59 9.78 9.56 9.49 10.22 11.97 10.37 11.53 11.53 11.10 11.97 12.12 10.51 10.15 9.49 8.76 11.02 10.07 10.15 10.51 10.66 10.73 10.37 11.97 11.24 11.53 11.10 11.02 14.24 11.83 14.75 16.64 18.03 18.03 21.32 22.70 22.48 23.43 22.34 22.41 22.85
14.31 14.31 14.02 14.31 13.87 13.94 13.94 15.48 16.64 16.21 17.01 18.54 16.50 15.04 15.18 13.43 13.07 14.24 12.78 12.78 14.24 14.89 14.89 15.84 16.72 18.47 18.47 19.64 19.27 19.71 19.78 19.71 18.32 19.05 18.25 20.88 20.59 20.08 16.86 17.23 15.48 11.75 9.93 10.59 9.78 9.56 9.49 10.22 11.97 10.37 11.53 11.53 11.10 11.97 12.12 10.51 10.15 9.49 8.76 11.02 10.07 10.15 10.51 10.66 10.73 10.37 11.97 11.24 11.53 11.10 11.02 14.24 11.83 14.75 16.64 18.03 18.03 21.32 22.70 22.48 23.43 22.34 22.41 22.85
13.65 13.65 14.02 13.43 14.31 14.31 15.11 14.97 16.21 16.21 16.43 14.75 15.11 13.87 12.41 12.26 13.36 13.94 13.80 15.11 12.85 14.67 15.77 15.33 16.28 15.99 15.99 15.40 15.55 16.43 15.99 18.25 18.40 18.69 17.16 16.06 16.13 14.16 13.51 13.36 12.05 10.15 10.73 9.93 9.78 9.93 10.07 8.69 9.78 9.49 9.64 9.64 9.05 12.26 11.90 12.19 11.32 9.42 9.42 9.86 9.56 9.71 10.66 12.05 11.97 12.05 11.97 12.56 13.65 14.24 13.07 14.97 18.10 19.27 18.69 20.59 20.59 22.34 24.75 24.97 23.58 24.02 21.53 19.42
14.82 14.82 12.92 13.29 14.16 13.58 15.40 16.21 15.99 14.16 14.45 14.82 13.21 12.99 13.21 13.36 12.85 15.04 16.35 16.21 14.97 13.72 13.87 14.67 14.31 14.89 14.89 14.75 14.53 16.13 18.40 17.81 18.91 17.37 17.59 15.77 13.36 14.45 13.14 13.14 13.21 13.29 10.88 10.51 10.51 10.29 9.71 8.54 8.61 8.25 8.03 8.03 6.57 11.24 10.29 12.34 11.75 9.78 9.93 11.90 11.17 11.17 11.39 11.97 12.85 13.87 14.16 14.38 14.16 15.91 14.53 17.23 18.47 20.08 22.56 23.58 23.58 22.92 23.65 23.58 23.00 22.05 22.41 21.32
14.82 14.82 14.31 14.24 14.09 14.45 12.78 14.97 13.21 13.72 12.56 13.65 14.24 13.21 13.65 13.36 16.13 18.10 18.25 17.37 17.45 13.51 14.24 14.02 14.75 15.33 15.33 15.26 16.06 17.23 17.37 17.23 16.13 16.57 16.35 14.53 15.40 12.34 12.48 12.34 12.70 11.53 10.88 10.73 10.07 9.27 9.34 8.83 8.98 7.37 5.40 5.40 5.55 6.42 7.52 10.15 12.48 11.97 11.39 12.56 12.41 12.12 13.29 13.80 13.51 13.58 14.53 15.48 15.11 16.13 16.64 15.91 19.13 20.88 20.37 20.73 20.73 21.10 21.68 18.54 18.91 21.75 21.32 21.75
14.82 14.82 14.31 14.24 14.09 14.45 12.78 14.97 13.21 13.72 12.56 13.65 14.24 13.21 13.65 13.36 16.13 18.10 18.25 17.37 17.45 13.51 14.24 14.02 14.75 15.33 15.33 15.26 16.06 17.23 17.37 17.23 16.13 16.57 16.35 14.53 15.40 12.34 12.48 12.34 12.70 11.53 10.88 10.73 10.07 9.27 9.34 8.83 8.98 7.37 5.40 5.40 5.55 6.42 7.52 10.15 12.48 11.97 11.39 12.56 12.41 12.12 13.29 13.80 13.51 13.58 14.53 15.48 15.11 16.13 16.64 15.91 19.13 20.88 20.37 20.73 20.73 21.10 21.68 18.54 18.91 21.75 21.32 21.75
14.02 14.02 14.31 13.43 13.58 14.02 11.61 9.56 10.15 11.32 12.41 12.34 13.36 12.78 14.38 16.06 15.55 17.59 17.01 17.59 14.97 15.18 15.26 15.33 16.64 15.99 15.99 15.40 16.21 17.08 16.72 16.64 15.99 15.04 14.82 15.77 14.53 13.87 13.87 12.85 11.24 11.53 11.61 10.29 10.07 8.47 8.10 9.34 10.51 11.75 10.22 10.22 7.66 9.20 7.45 7.88 11.17 11.24 12.56 12.48 12.41 13.51 14.02 13.14 14.09 15.40 15.04 15.48 17.01 17.30 19.86 19.27 19.13 19.78 19.27 16.57 16.57 14.31 14.82 14.60 16.13 13.87 16.79 17.59
13.29 13.29 12.92 13.36 11.02 9.78 11.53 8.76 7.88 7.88 9.34 10.22 12.34 14.16 13.80 15.04 16.35 16.21 16.50 15.55 15.48 15.99 15.77 15.48 17.16 15.77 15.77 16.21 14.09 13.87 14.09 14.45 13.87 13.94 14.38 14.67 14.75 14.45 14.09 14.09 13.36 13.94 13.07 11.24 11.68 10.37 11.02 10.51 11.61 11.61 11.53 11.53 11.02 10.15 8.61 8.47 9.20 8.54 10.15 12.48 11.46 13.43 14.16 13.72 14.24 14.97 14.75 14.16 14.60 17.30 18.83 15.33 14.67 14.38 13.80 14.16 14.16 13.65 12.41 12.56 13.07 12.85 14.82 15.18
12.70 12.70 11.68 11.02 11.24 10.07 8.03 8.54 7.96 8.83 8.54 10.73 12.12 12.05 13.80 15.84 15.33 17.45 17.81 17.67 17.59 17.45 17.30 17.59 16.13 15.99 15.99 13.29 13.80 12.99 11.46 11.68 12.85 12.34 11.90 12.63 12.85 14.24 14.53 14.45 14.60 14.67 16.43 16.06 15.77 12.70 14.09 11.97 12.05 11.90 10.44 10.44 10.29 8.69 9.20 8.91 8.69 8.91 9.86 10.15 12.19 13.14 12.85 13.14 9.13 9.56 10.95 10.88 14.53 11.90 14.31 12.70 14.02 11.61 10.29 10.29 10.29 11.53 10.95 12.12 13.80 14.75 14.38 15.26
12.70 12.70 11.68 11.02 11.24 10.07 8.03 8.54 7.96 8.83 8.54 10.73 12.12 12.05 13.80 15.84 15.33 17.45 17.81 17.67 17.59 17.45 17.30 17.59 16.13 15.99 15.99 13.29 13.80 12.99 11.46 11.68 12.85 12.34 11.90 12.63 12.85 14.24 14.53 14.45 14.60 14.67 16.43 16.06 15.77 12.70 14.09 11.97 12.05 11.90 10.44 10.44 10.29 8.69 9.20 8.91 8.69 8.91 9.86 10.15 12.19 13.14 12.85 13.14 9.13 9.56 10.95 10.88 14.53 11.90 14.31 12.70 14.02 11.61 10.29 10.29 10.29 11.53 10.95 12.12 13.80 14.75 14.38 15.26
11.10 11.10 11.17 10.73 9.71 10.95 7.81 7.59 8.03 8.25 10.07 9.64 11.24 13.07 12.26 17.08 19.93 18.10 17.74 17.59 17.81 17.16 17.81 17.89 15.99 13.07 13.07 13.72 11.10 11.02 11.02 10.95 11.39 11.02 11.24 11.97 11.97 11.97 12.05 12.85 13.94 13.58 14.75 15.04 15.40 14.38 13.43 11.39 11.17 10.80 9.34 9.34 8.98 9.42 8.83 9.56 9.56 8.69 8.98 9.56 8.91 8.10 5.69 6.42 5.99 7.88 5.91 5.99 9.78 9.13 9.42 8.69 8.98 8.91 9.27 9.20 9.20 9.86 11.32 13.51 12.92 14.24 10.88 11.61
9.20 9.20 10.15 10.44 9.93 10.07 8.69 8.61 8.18 8.25 9.56 11.39 10.07 13.29 17.59 16.72 20.00 19.64 20.29 17.37 16.64 18.32 17.45 12.85 15.70 13.36 13.36 10.51 11.02 9.86 9.20 8.83 9.86 9.05 9.78 11.17 10.66 11.75 12.56 12.05 11.39 11.90 13.65 11.39 12.48 12.92 12.48 12.70 10.88 9.71 9.86 9.86 9.56 10.07 9.78 10.22 8.18 8.40 6.72 5.69 6.28 6.13 5.91 5.26 4.74 5.11 4.74 4.82 5.40 5.11 6.42 8.10 8.83 8.32 9.86 9.93 9.93 10.37 11.75 11.46 9.93 10.44 9.78 10.51
8.83 8.83 9.42 9.71 10.59 10.37 11.53 10.95 9.78 10.59 10.44 11.90 15.77 17.96 17.67 20.08 19.64 20.73 17.23 17.89 16.28 15.26 12.41 12.99 10.66 9.49 9.49 9.56 9.20 8.25 8.03 9.05 8.69 9.93 9.93 9.86 10.51 10.22 10.73 10.73 11.24 10.73 11.17 11.39 11.39 11.97 12.78 12.05 11.83 10.07 10.29 10.29 10.59 10.44 10.73 9.78 10.07 6.50 5.69 5.99 5.69 5.48 5.33 5.33 5.40 4.09 6.13 5.04 4.82 5.26 5.77 7.08 6.50 8.32 9.56 9.20 9.20 10.51 11.68 11.39 11.17 10.22 9.86 9.78
8.91 8.91 9.93 9.56 10.88 11.75 11.97 11.32 14.82 14.16 14.09 15.77 15.33 17.23 18.83 17.96 19.35 18.83 19.05 15.62 13.87 15.11 12.05 10.44 10.73 9.86 9.86 9.42 10.15 9.42 10.59 9.93 9.42 9.71 9.20 9.20 9.13 9.71 8.61 9.56 10.00 9.71 10.59 11.68 12.12 12.19 11.53 10.88 11.68 9.71 9.93 9.93 10.00 10.66 11.32 11.53 10.59 5.69 5.84 5.91 5.99 5.55 5.91 6.28 6.72 7.08 6.50 5.62 8.40 7.23 6.86 6.94 6.35 7.23 8.61 9.20 9.20 10.80 10.51 11.24 9.34 9.27 10.22 10.07
8.91 8.91 9.93 9.56 10.88 11.75 11.97 11.32 14.82 14.16 14.09 15.77 15.33 17.23 18.83 17.96 19.35 18.83 19.05 15.62 13.87 15.11 12.05 10.44 10.73 9.86 9.86 9.42 10.15 9.42 10.59 9.93 9.42 9.71 9.20 9.20 9.13 9.71 8.61 9.56 10.00 9.71 10.59 11.68 12.12 12.19 11.53 10.88 11.68 9.71 9.93 9.93 10.00 10.66 11.32 11.53 10.59 5.69 5.84 5.91 5.99 5.55 5.91 6.28 6.72 7.08 6.50 5.62 8.40 7.23 6.86 6.94 6.35 7.23 8.61 9.20 9.20 10.80 10.51 11.24 9.34 9.27 10.22 10.07
8.47 8.47 9.13 9.78 8.83 10.51 12.34 11.75 15.70 15.99 16.13 15.40 15.40 15.48 17.16 17.89 17.89 17.96 16.79 17.37 13.72 11.53 10.51 10.37 10.07 9.64 9.64 9.34 10.22 11.17 11.24 10.73 9.64 9.13 7.52 8.10 6.42 7.30 7.23 9.05 8.61 10.22 11.24 11.90 12.78 11.90 11.39 10.44 8.83 10.15 10.22 10.22 9.78 10.80 11.53 7.30 7.37 7.08 6.86 7.15 6.50 6.86 8.98 8.61 7.52 8.03 7.15 7.37 8.61 7.96 7.96 9.86 9.20 7.30 8.10 7.96 7.96 8.40 8.40 7.81 8.03 8.10 9.64 9.86
6.20 6.20 6.42 7.66 9.56 9.34 12.05 14.89 14.53 15.84 15.18 15.48 15.48 16.50 16.43 16.43 14.45 16.72 15.70 12.48 13.07 10.73 10.44 10.95 10.80 9.86 9.86 9.13 9.49 10.07 11.10 11.61 10.51 10.00 8.18 4.74 4.67 7.15 6.64 8.98 10.73 11.97 11.75 12.56 12.63 12.63 10.07 10.95 9.34 10.00 9.86 9.86 9.93 10.37 10.37 10.00 9.42 9.27 9.42 11.17 10.15 9.71 9.86 9.93 11.02 9.78 9.13 7.96 8.18 8.98 10.66 10.88 9.78 8.98 10.29 8.98 8.98 9.34 8.69 8.98 9.56 8.83 8.91 9.13
5.62 5.62 6.50 6.13 9.20 13.14 12.26 15.11 15.62 15.91 15.48 15.62 15.70 15.91 15.99 14.09 14.38 12.78 10.44 10.73 10.22 10.59 12.63 11.97 12.34 10.07 10.07 10.88 8.98 10.22 11.46 11.02 11.83 11.17 9.13 6.06 6.57 5.62 10.66 13.07 12.99 13.14 13.14 13.29 13.07 12.26 10.22 10.88 9.49 9.64 9.78 9.78 9.86 9.71 10.15 9.49 11.39 13.51 13.80 12.56 12.26 11.83 11.90 11.68 12.41 11.24 11.02 11.02 11.10 11.24 11.24 10.95 10.88 11.61 11.10 10.66 10.66 12.70 12.70 12.78 11.83 15.26 12.41 13.07
6.57 6.57 6.64 10.44 9.20 15.99 16.35 16.21 15.99 14.89 14.38 14.67 14.45 14.16 15.48 13.94 12.48 12.56 11.24 11.53 11.53 11.90 13.72 14.16 14.67 11.75 11.75 10.88 11.83 11.61 11.75 11.90 11.68 11.61 11.75 12.05 10.88 10.66 10.22 14.16 14.67 14.09 12.99 13.36 12.70 11.97 10.95 9.78 10.29 10.07 10.29 10.29 9.78 10.51 12.92 13.65 14.24 14.24 14.67 13.58 13.65 12.41 11.46 12.92 12.70 12.63 11.68 11.83 11.75 10.59 10.88 11.02 11.46 11.39 11.53 12.78 12.78 13.80 14.31 14.45 13.94 16.28 14.82 14.97
8.25 8.25 8.32 10.73 15.70 14.82 17.81 15.91 17.45 15.04 12.99 13.51 13.36 14.09 13.87 13.94 13.80 15.04 15.40 15.26 15.40 16.86 17.81 17.74 16.06 13.43 13.43 14.24 12.85 12.26 12.99 12.92 12.41 12.85 12.63 12.34 12.85 12.92 11.83 13.43 13.58 13.87 13.72 13.94 13.29 11.53 12.19 12.63 12.48 10.73 12.48 12.48 12.41 10.66 14.45 14.97 14.97 15.91 14.31 14.67 14.67 13.07 11.75 12.12 12.26 12.19 12.34 11.75 10.88 10.07 10.80 10.37 10.66 12.48 14.02 13.51 13.51 14.38 16.13 16.06 15.99 15.99 17.37 15.55
8.25 8.25 8.32 10.73 15.70 14.82 17.81 15.91 17.45 15.04 12.99 13.51 13.36 14.09 13.87 13.94 13.80 15.04 15.40 15.26 15.40 16.86 17.81 17.74 16.06 13.43 13.43 14.24 12.85 12.26 12.99 12.92 12.41 12.85 12.63 12.34 12.85 12.92 11.83 13.43 13.58 13.87 13.72 13.94 13.29 11.53 12.19 12.63 12.48 10.73 12.48 12.48 12.41 10.66 14.45 14.97 14.97 15.91 14.31 14.67 14.67 13.07 11.75 12.12 12.26 12.19 12.34 11.75 10.88 10.07 10.80 10.37 10.66 12.48 14.02 13.51 13.51 14.38 16.13 16.06 15.99 15.99 17.37 15.55
10.80 10.80 12.56 10.95 15.70 17.67 17.74 16.43 12.34 10.95 12.63 12.70 13.58 13.36 13.51 13.65 15.48 15.04 15.77 16.13 16.21 16.06 16.94 16.43 16.86 14.53 14.53 11.90 11.97 12.05 11.90 13.72 13.72 13.58 13.87 13.29 15.55 15.11 15.18 13.58 13.58 14.31 13.36 13.87 13.58 13.36 12.92 13.07 12.78 13.87 13.80 13.80 13.72 11.68 11.90 15.70 16.57 16.13 15.84 13.87 11.90 12.34 12.05 12.41 12.34 12.26 10.95 11.02 11.10 10.51 11.10 12.85 13.43 13.58 14.16 15.55 15.55 15.55 15.55 15.84 15.84 17.52 17.30 16.79
10.95 10.95 12.34 14.67 14.45 15.26 13.51 11.32 11.97 11.39 11.75 11.61 12.56 12.70 12.63 12.99 15.48 16.64 16.64 16.57 16.72 17.01 16.72 17.23 14.53 15.70 15.70 12.19 12.12 12.63 12.85 12.56 13.43 13.36 14.89 15.84 14.75 14.89 14.02 14.24 14.24 14.09 13.87 14.16 14.16 13.80 12.48 13.29 14.53 14.16 14.31 14.31 14.38 15.91 16.86 16.72 16.86 16.35 15.40 14.60 12.99 12.19 12.85 11.61 11.97 11.83 11.90 13.07 14.45 13.87 13.65 13.80 13.72 13.94 13.07 13.65 13.65 14.09 13.94 15.18 14.75 16.57 15.26 14.53
13.29 13.29 11.90 14.31 13.94 12.99 12.99 12.48 7.59 8.47 6.64 9.20 8.69 9.20 9.27 11.83 10.95 14.67 16.28 16.13 16.13 16.43 13.94 12.26 12.78 11.10 11.10 8.98 11.24 12.78 12.48 12.12 12.85 12.34 14.24 13.94 14.02 12.70 12.56 13.65 13.87 13.87 14.24 14.24 14.38 13.87 13.51 13.72 14.53 13.36 14.02 14.02 14.45 15.18 16.86 16.43 15.99 14.82 14.89 14.82 14.02 14.31 12.41 12.05 12.34 11.46 13.58 13.94 13.58 12.99 12.99 12.70 12.34 12.63 12.41 12.48 12.48 11.83 12.99 14.24 14.09 13.87 14.31 14.24
13.65 13.65 11.97 13.43 12.56 12.41 12.63 12.41 10.88 8.91 7.66 8.91 7.66 7.66 7.45 10.66 13.58 12.99 14.75 14.97 14.24 14.53 12.78 10.66 7.08 6.94 6.94 9.20 8.69 11.39 11.53 9.34 9.13 9.56 12.85 13.72 13.21 12.70 13.80 13.87 14.16 15.40 14.53 14.45 13.65 13.94 13.87 13.29 11.17 12.41 13.43 13.43 13.43 15.11 14.60 15.11 15.26 14.82 15.18 16.43 14.82 15.26 12.99 11.83 11.32 12.99 13.21 12.85 12.99 12.41 13.87 13.51 12.26 12.34 12.12 12.05 12.05 11.83 12.19 13.29 13.51 13.43 14.24 14.16
13.29 13.29 10.95 9.93 9.86 10.95 11.83 11.39 11.39 10.73 9.64 8.54 8.98 8.18 9.20 10.95 10.29 12.78 11.46 9.93 10.22 9.27 7.23 6.50 6.72 6.94 6.94 8.83 8.54 8.54 7.88 7.59 8.18 8.69 10.66 12.63 13.36 14.24 13.94 13.51 13.14 12.78 12.12 12.48 12.26 11.02 10.22 10.37 10.22 10.88 11.68 11.68 12.92 12.78 13.80 14.97 15.11 15.26 14.24 14.24 12.85 10.29 10.88 10.88 12.12 11.61 12.05 11.97 11.83 11.68 12.99 13.51 12.99 11.17 11.61 12.05 12.05 12.56 13.21 12.85 13.51 13.58 13.51 13.43
13.29 13.29 10.95 9.93 9.86 10.95 11.83 11.39 11.39 10.73 9.64 8.54 8.98 8.18 9.20 10.95 10.29 12.78 11.46 9.93 10.22 9.27 7.23 6.50 6.72 6.94 6.94 8.83 8.54 8.54 7.88 7.59 8.18 8.69 10.66 12.63 13.36 14.24 13.94 13.51 13.14 12.78 12.12 12.48 12.26 11.02 10.22 10.37 10.22 10.88 11.68 11.68 12.92 12.78 13.80 14.97 15.11 15.26 14.24 14.24 12.85 10.29 10.88 10.88 12.12 11.61 12.05 11.97 11.83 11.68 12.99 13.51 12.99 11.17 11.61 12.05 12.05 12.56 13.21 12.85 13.51 13.58 13.51 13.43
10.51 10.51 10.66 9.93 9.71 9.86 10.51 11.24 11.83 11.75 11.39 10.66 9.78 9.78 10.44 10.59 12.41 11.90 11.75 8.91 8.18 8.18 7.52 6.64 6.20 7.30 7.30 8.47 8.47 8.18 7.59 7.15 8.10 7.81 9.34 11.61 11.32 12.92 14.16 11.68 12.05 10.95 11.17 10.80 11.32 9.93 9.20 8.91 9.42 10.59 11.68 11.68 12.85 13.87 13.87 14.16 13.65 13.51 12.78 13.21 9.13 9.71 9.49 9.34 11.24 10.59 10.44 10.51 11.39 12.12 11.32 11.02 11.24 10.80 11.02 10.37 10.37 12.05 12.63 11.02 10.73 13.21 13.72 13.58
10.37 10.37 9.86 10.00 9.93 9.86 8.18 8.40 0.00 0.00 0.00 0.00 0.00 10.95 11.24 10.29 10.07 9.78 10.22 7.30 6.42 4.89 5.04 5.11 5.40 6.28 6.28 8.40 8.03 8.25 7.52 7.88 7.15 8.54 8.40 9.34 9.86 11.39 10.66 11.17 9.05 9.56 8.10 8.98 8.69 9.64 9.05 7.88 8.98 9.93 9.64 9.64 12.05 12.05 12.92 12.48 11.83 10.80 8.83 7.96 7.81 9.20 8.83 7.59 8.32 9.93 9.78 10.15 10.22 8.83 10.66 10.80 9.71 8.47 8.32 8.18 8.18 10.00 6.35 8.32 8.98 9.56 7.30 10.80
10.00 10.00 9.27 9.42 8.76 8.83 7.30 0.00 0.00 0.00 0.00 0.00 11.24 0.00 9.56 7.45 7.01 7.23 5.69 3.58 3.87 3.65 3.87 4.74 4.74 7.01 7.01 8.03 7.96 7.66 8.03 7.74 8.61 9.20 9.64 8.98 7.74 8.83 7.37 7.66 4.89 5.26 5.99 7.30 8.03 7.15 7.74 7.45 7.66 7.81 8.61 8.61 9.78 10.44 11.75 11.10 9.42 7.37 6.35 7.01 4.74 6.35 6.20 6.79 7.01 8.61 8.54 6.13 5.99 6.57 8.54 8.18 5.62 6.28 6.28 5.18 5.18 5.77 5.48 6.06 5.11 5.69 5.40 5.26
7.59 7.59 7.08 4.89 4.02 7.08 7.52 0.00 0.00 0.00 0.00 0.00 0.00 9.93 10.59 7.45 6.42 5.11 5.62 3.94 2.92 3.72 4.09 5.26 5.26 5.33 5.33 7.59 7.37 7.59 8.54 8.18 9.27 9.34 9.05 7.74 8.10 6.28 8.76 5.48 4.74 4.53 5.18 6.06 6.57 6.64 7.15 6.35 7.45 7.08 7.88 7.88 8.40 10.22 10.22 8.47 9.05 7.37 6.20 0.00 2.12 3.94 5.26 3.58 6.35 3.65 4.31 4.53 4.96 4.60 4.38 4.38 4.31 4.82 0.00 0.00 0.00 0.00 0.00 0.00 0.00 4.74 4.96 4.96
3.58 3.58 0.00 0.00 0.00 0.00 5.48 7.15 7.08 8.54 8.61 8.69 8.98 8.91 7.37 7.81 6.94 6.06 4.09 0.00 0.00 0.00 4.23 4.82 5.55 5.77 5.77 6.42 6.50 7.81 7.96 8.25 8.25 7.96 8.18 7.88 6.94 8.03 5.04 4.38 4.45 4.09 4.45 4.45 6.57 6.35 5.91 5.77 6.79 7.96 9.56 9.56 10.59 10.15 9.27 7.74 5.99 6.13 0.00 0.00 0.00 0.00 4.09 2.41 4.23 0.00 4.45 4.53 6.86 5.99 0.00 0.00 4.09 0.00 0.00 0.00 0.00 6.79 5.84 6.20 5.55 8.03 5.40 4.53
0.00 0.00 0.00 0.00 0.00 0.00 0.00 0.00 7.74 7.45 8.32 6.79 6.13 6.35 6.42 6.86 6.57 5.11 5.33 4.31 4.82 5.77 6.64 5.04 5.40 4.74 4.74 6.13 6.72 6.86 7.45 6.35 7.66 5.91 5.69 6.50 5.04 4.16 3.87 3.50 3.87 4.67 4.53 4.67 5.11 4.96 5.69 6.20 6.20 7.81 7.88 7.88 8.98 8.69 8.47 6.57 0.00 0.00 0.00 0.00 0.00 5.48 6.20 5.69 3.21 6.50 6.06 11.97 10.29 8.25 7.15 10.37 6.64 3.94 4.67 11.75 11.75 11.61 11.46 12.78 10.15 10.66 7.74 8.76
0.00 0.00 0.00 0.00 0.00 0.00 0.00 0.00 7.74 7.45 8.32 6.79 6.13 6.35 6.42 6.86 6.57 5.11 5.33 4.31 4.82 5.77 6.64 5.04 5.40 4.74 4.74 6.13 6.72 6.86 7.45 6.35 7.66 5.91 5.69 6.50 5.04 4.16 3.87 3.50 3.87 4.67 4.53 4.67 5.11 4.96 5.69 6.20 6.20 7.81 7.88 7.88 8.98 8.69 8.47 6.57 0.00 0.00 0.00 0.00 0.00 5.48 6.20 5.69 3.21 6.50 6.06 11.97 10.29 8.25 7.15 10.37 6.64 3.94 4.67 11.75 11.75 11.61 11.46 12.78 10.15 10.66 7.74 8.76
0.00 0.00 0.00 0.00 0.00 0.00 0.00 5.40 7.23 8.91 7.23 7.88 5.77 6.06 7.01 6.64 7.30 6.13 4.89 5.04 5.77 6.79 7.15 5.55 3.87 3.07 3.07 4.53 6.64 6.57 5.48 5.18 4.89 6.35 6.20 5.91 5.69 4.23 4.45 5.33 4.89 4.96 4.96 5.48 5.40 5.55 5.48 6.35 6.06 6.50 7.96 7.96 8.76 8.40 8.03 4.89 0.00 0.00 0.00 7.37 11.32 12.19 11.17 7.74 7.08 15.99 15.55 15.84 14.38 11.46 14.16 13.36 12.12 11.24 16.94 15.99 15.99 16.28 14.45 14.45 13.65 14.97 12.19 12.63
