Wansh/Snow_depth/snowdepth-1993/winter/1993347.txt
ncols 321
nrows 161
xllcenter 60
yllcenter 15 
cellsize  0.25 
NODATA_value -1
[rows 0 to 37 of 161, columns 84 to 167 of 321]
15.77 15.91 16.13 15.84 15.91 14.38 9.71 10.37 10.66 9.71 13.94 13.80 14.02 12.05 12.48 11.02 11.10 11.02 11.02 11.61 10.59 10.66 10.29 9.93 5.18 5.84 3.65 3.43 3.50 4.16 4.60 4.16 4.02 2.99 2.12 2.19 2.63 3.07 2.26 2.34 1.46 1.46 2.48 2.48 0.00 0.95 0.66 0.07 1.53 1.24 2.41 1.90 2.99 2.34 2.12 2.77 2.85 2.34 1.53 1.75 1.10 1.31 0.37 0.73 0.80 0.37 0.73 0.80 0.80 1.39 1.10 1.97 3.29 2.92 3.58 3.07 2.34 3.21 3.58 3.58 2.34 1.31 1.31 1.02
19.42 17.08 14.09 16.06 13.36 14.38 9.71 10.00 9.42 13.29 14.24 14.45 11.97 10.37 10.73 8.18 9.93 9.42 9.42 10.37 10.44 10.15 11.39 11.46 9.78 5.91 3.80 4.09 3.80 3.80 3.50 4.38 3.94 2.70 3.80 3.21 2.92 3.21 1.10 2.04 1.10 0.58 1.75 1.75 1.97 1.83 2.19 2.41 1.53 2.19 1.97 2.63 2.63 1.90 2.77 2.56 4.09 4.74 4.60 2.34 2.56 1.97 2.34 3.14 2.77 2.56 2.56 3.21 3.21 1.68 2.19 2.26 2.19 4.31 4.31 3.87 3.65 3.80 2.85 2.26 2.63 1.31 1.75 0.37
16.86 17.45 13.36 11.39 11.17 12.48 13.21 12.85 14.75 15.48 15.26 14.02 13.87 11.75 11.46 8.83 8.83 7.23 7.23 7.59 7.59 9.71 10.51 10.51 7.74 8.83 5.18 4.53 3.80 4.31 4.09 4.31 4.67 4.16 4.89 4.67 4.23 4.09 2.41 2.70 1.39 1.10 0.88 0.88 2.26 2.04 2.85 2.77 2.99 3.21 2.48 2.48 2.26 2.26 2.56 4.82 4.74 5.40 6.42 6.57 6.86 7.66 4.67 3.43 3.65 4.09 4.38 4.31 4.31 4.53 4.74 3.21 2.41 2.70 4.16 5.48 5.11 4.31 2.77 3.14 2.41 2.04 2.04 2.19
16.86 17.45 13.36 11.39 11.17 12.48 13.21 12.85 14.75 15.48 15.26 14.02 13.87 11.75 11.46 8.83 8.83 7.23 7.23 7.59 7.59 9.71 10.51 10.51 7.74 8.83 5.18 4.53 3.80 4.31 4.09 4.31 4.67 4.16 4.89 4.67 4.23 4.09 2.41 2.70 1.39 1.10 0.88 0.88 2.26 2.04 2.85 2.77 2.99 3.21 2.48 2.48 2.26 2.26 2.56 4.82 4.74 5.40 6.42 6.57 6.86 7.66 4.67 3.43 3.65 4.09 4.38 4.31 4.31 4.53 4.74 3.21 2.41 2.70 4.16 5.48 5.11 4.31 2.77 3.14 2.41 2.04 2.04 2.19
18.03 14.45 12.99 11.32 12.99 12.70 12.56 12.85 12.63 13.80 14.24 14.38 13.65 12.85 13.43 11.10 8.03 8.83 8.83 7.08 7.01 7.15 6.72 10.29 8.47 9.42 6.42 4.16 3.58 3.43 3.80 4.31 4.60 5.26 4.67 4.82 4.53 4.82 3.72 2.63 2.92 2.34 1.68 1.68 1.31 3.21 2.92 3.72 3.80 3.80 3.50 1.68 1.97 1.75 2.19 1.90 3.58 3.29 6.28 7.30 7.15 8.54 8.83 9.64 9.20 8.10 8.10 6.94 6.94 6.06 6.86 5.84 4.23 3.87 4.38 4.31 4.09 4.16 4.96 3.65 3.65 3.58 3.94 3.21
15.48 16.13 13.72 14.16 14.09 12.92 10.73 11.10 10.22 10.66 10.51 11.17 12.78 12.19 14.02 13.36 13.36 10.88 10.88 8.18 9.05 6.86 7.66 7.59 6.72 8.03 4.96 5.69 3.87 3.21 4.45 4.45 4.60 4.31 6.13 6.28 3.87 3.43 3.43 3.94 3.29 3.43 3.21 3.21 2.92 3.36 4.96 5.62 5.62 3.80 4.38 1.46 2.12 2.04 1.97 3.94 3.50 5.62 5.77 6.06 7.15 8.25 11.32 11.17 11.61 8.98 7.81 8.10 8.10 7.01 6.50 6.57 6.28 5.33 5.69 4.38 3.94 4.02 3.94 4.09 4.02 4.53 5.69 5.91
15.62 13.14 13.65 14.24 14.31 14.45 12.92 11.68 11.90 11.46 10.73 11.10 10.59 13.36 13.07 13.36 14.31 13.87 13.87 14.02 12.56 8.54 9.56 6.35 7.88 6.13 4.67 4.74 3.65 3.94 3.87 4.16 4.82 4.60 5.48 4.02 4.23 4.60 3.58 3.72 3.50 2.34 2.77 2.77 2.12 3.94 4.60 5.84 3.50 3.80 2.19 2.41 2.41 3.21 3.07 4.53 4.74 4.31 5.48 5.62 5.55 9.34 12.34 11.46 10.07 10.00 10.00 9.56 9.56 9.34 9.34 9.78 7.88 10.07 8.61 8.47 8.61 7.59 6.13 4.60 4.02 4.89 4.67 5.91
15.62 13.14 13.65 14.24 14.31 14.45 12.92 11.68 11.90 11.46 10.73 11.10 10.59 13.36 13.07 13.36 14.31 13.87 13.87 14.02 12.56 8.54 9.56 6.35 7.88 6.13 4.67 4.74 3.65 3.94 3.87 4.16 4.82 4.60 5.48 4.02 4.23 4.60 3.58 3.72 3.50 2.34 2.77 2.77 2.12 3.94 4.60 5.84 3.50 3.80 2.19 2.41 2.41 3.21 3.07 4.53 4.74 4.31 5.48 5.62 5.55 9.34 12.34 11.46 10.07 10.00 10.00 9.56 9.56 9.34 9.34 9.78 7.88 10.07 8.61 8.47 8.61 7.59 6.13 4.60 4.02 4.89 4.67 5.91
12.26 12.41 13.07 13.65 13.51 14.24 13.80 13.80 13.07 12.05 12.48 8.69 7.59 7.52 10.80 14.45 14.16 14.67 14.67 14.09 14.53 12.12 11.68 7.74 5.77 5.18 4.82 4.23 4.02 3.94 4.09 4.16 5.69 5.11 5.55 4.82 4.45 4.67 3.72 3.43 3.72 2.04 1.24 1.24 1.68 2.41 1.97 2.04 2.56 3.72 3.43 5.62 6.13 4.02 4.38 4.45 4.31 3.80 4.02 3.21 3.72 5.40 8.91 7.96 8.25 8.61 9.49 9.42 9.42 9.71 10.73 10.59 10.73 9.34 9.78 9.64 9.27 9.56 7.81 8.98 5.11 5.91 4.53 5.84
11.46 12.34 12.12 13.07 13.80 13.65 13.58 12.78 13.14 12.26 9.27 8.69 7.37 8.32 11.17 13.65 13.51 15.62 15.62 14.89 14.97 14.89 10.29 6.28 7.15 5.40 3.94 4.09 3.80 4.23 4.16 4.31 2.70 5.91 4.38 3.65 3.50 3.29 2.63 3.21 1.61 1.46 1.61 1.61 2.56 1.46 2.41 3.07 2.48 5.62 6.20 6.13 6.86 6.13 6.79 5.04 4.38 4.45 3.29 3.58 3.21 3.80 3.43 3.58 4.38 8.03 8.03 11.83 11.83 13.80 13.51 13.07 10.59 11.53 8.47 11.10 10.37 13.51 11.68 12.63 8.18 4.74 5.18 3.94
12.12 11.97 12.05 12.12 11.97 10.80 11.02 11.90 12.05 12.78 11.02 11.39 10.22 11.46 11.17 13.21 14.09 15.70 15.70 15.70 15.04 11.61 7.74 5.11 5.33 3.94 3.36 4.02 3.72 3.80 4.02 4.02 2.48 2.26 4.09 2.56 2.70 4.02 2.99 3.07 3.36 3.29 3.94 3.94 4.02 3.94 4.23 2.56 5.26 4.82 5.62 5.33 7.08 5.91 5.33 5.18 7.30 9.05 8.83 8.18 6.64 5.26 4.16 4.23 3.94 7.45 11.90 10.80 10.80 15.11 14.67 15.26 11.75 8.18 8.76 10.37 13.14 14.67 14.97 12.48 8.47 9.20 7.30 8.32
12.12 11.97 12.05 12.12 11.97 10.80 11.02 11.90 12.05 12.78 11.02 11.39 10.22 11.46 11.17 13.21 14.09 15.70 15.70 15.70 15.04 11.61 7.74 5.11 5.33 3.94 3.36 4.02 3.72 3.80 4.02 4.02 2.48 2.26 4.09 2.56 2.70 4.02 2.99 3.07 3.36 3.29 3.94 3.94 4.02 3.94 4.23 2.56 5.26 4.82 5.62 5.33 7.08 5.91 5.33 5.18 7.30 9.05 8.83 8.18 6.64 5.26 4.16 4.23 3.94 7.45 11.90 10.80 10.80 15.11 14.67 15.26 11.75 8.18 8.76 10.37 13.14 14.67 14.97 12.48 8.47 9.20 7.30 8.32
10.07 11.17 11.17 11.02 9.93 10.15 10.15 11.39 12.41 11.90 12.41 14.09 15.70 15.26 13.58 13.58 13.14 15.40 15.40 14.53 11.46 8.98 9.71 7.01 5.11 3.50 2.92 4.45 4.82 4.89 5.40 3.80 6.86 4.82 5.48 5.69 5.84 5.84 6.57 4.45 5.91 6.06 5.91 5.91 4.60 4.74 4.89 6.35 6.20 5.69 5.62 5.18 3.94 3.58 3.58 6.35 5.91 8.83 9.05 9.42 6.86 6.06 6.35 6.35 7.52 10.22 9.27 12.85 12.85 14.16 14.02 14.09 11.24 12.12 8.18 10.95 9.78 13.80 12.99 11.53 10.59 11.17 9.34 7.45
8.69 8.32 9.27 10.44 10.29 11.90 12.63 12.92 12.63 14.38 14.02 14.24 14.82 15.91 15.55 14.53 13.43 13.29 13.29 11.24 11.90 9.71 6.72 5.48 5.69 4.67 3.87 2.99 6.42 7.96 8.98 9.71 9.93 11.17 7.45 8.83 6.72 7.01 5.69 5.91 6.13 6.50 6.35 6.35 9.05 6.86 6.72 7.45 8.03 8.25 6.57 4.60 4.96 3.50 4.74 4.45 7.08 8.32 8.47 6.42 7.01 5.77 6.35 7.96 7.81 9.93 12.05 12.05 12.05 12.92 13.29 13.51 11.53 7.88 6.35 8.32 8.47 3.80 7.52 5.91 10.22 10.73 8.61 7.66
7.96 8.18 8.10 9.56 11.32 10.73 12.70 13.14 11.17 12.63 12.48 12.12 12.12 11.75 14.24 14.38 13.72 11.90 11.90 12.26 10.37 7.59 7.66 6.79 6.94 6.35 6.57 5.91 6.50 11.17 9.34 10.95 12.41 12.34 9.78 8.76 6.20 6.50 5.84 8.25 8.10 8.47 10.22 10.22 10.22 8.61 6.42 8.18 8.10 6.86 7.01 6.42 5.26 4.89 5.84 7.88 7.08 9.56 6.72 7.74 3.80 3.14 3.21 3.43 5.69 8.32 7.59 10.07 10.07 11.53 11.39 10.59 6.79 7.59 5.40 8.18 4.23 5.55 0.00 0.22 10.37 9.64 9.86 9.13
8.10 8.18 9.42 10.66 10.44 10.88 8.10 8.47 8.10 9.86 10.73 10.37 10.73 10.73 12.26 13.51 13.14 12.78 12.78 11.39 9.05 8.40 8.54 9.13 8.98 8.69 8.47 6.57 9.78 8.69 10.29 9.42 11.83 9.56 10.22 8.40 6.42 7.66 7.30 9.64 8.83 8.76 6.06 6.06 6.79 7.45 4.23 2.12 6.50 6.28 6.20 6.20 5.33 4.89 4.74 5.84 6.13 9.64 7.01 4.31 4.67 4.09 3.07 4.38 4.02 6.42 8.91 8.40 8.40 11.10 10.37 10.80 8.10 6.13 7.88 6.50 7.59 0.00 0.00 2.70 7.30 7.96 8.03 6.79
8.10 8.18 9.42 10.66 10.44 10.88 8.10 8.47 8.10 9.86 10.73 10.37 10.73 10.73 12.26 13.51 13.14 12.78 12.78 11.39 9.05 8.40 8.54 9.13 8.98 8.69 8.47 6.57 9.78 8.69 10.29 9.42 11.83 9.56 10.22 8.40 6.42 7.66 7.30 9.64 8.83 8.76 6.06 6.06 6.79 7.45 4.23 2.12 6.50 6.28 6.20 6.20 5.33 4.89 4.74 5.84 6.13 9.64 7.01 4.31 4.67 4.09 3.07 4.38 4.02 6.42 8.91 8.40 8.40 11.10 10.37 10.80 8.10 6.13 7.88 6.50 7.59 0.00 0.00 2.70 7.30 7.96 8.03 6.79
7.96 9.34 8.98 10.80 11.61 11.68 9.56 5.62 4.67 5.62 5.11 7.37 10.29 12.05 11.90 12.19 12.63 11.53 11.53 12.41 8.91 8.91 6.57 7.08 8.03 9.42 7.66 5.91 5.99 5.99 8.54 10.29 10.07 10.80 8.25 6.13 6.42 6.79 5.33 5.77 6.86 4.74 5.26 5.26 2.56 2.04 2.41 0.58 0.00 0.00 0.37 3.65 3.80 3.50 3.94 3.94 3.94 3.87 4.45 4.09 7.23 8.40 8.54 6.28 4.89 5.18 5.33 8.40 8.40 10.88 10.88 8.18 6.72 7.45 7.08 7.15 4.09 0.00 0.00 0.00 7.01 5.40 5.26 5.04
9.42 9.27 10.80 12.85 12.26 14.02 9.49 5.48 6.20 4.96 6.86 8.03 7.66 9.20 11.83 11.97 11.83 11.68 11.68 11.75 11.02 8.91 6.64 6.72 7.52 9.34 8.18 8.18 6.64 8.10 8.10 9.56 9.42 9.64 8.83 5.62 3.80 5.33 3.07 2.26 2.41 3.14 2.04 2.04 2.19 0.80 0.00 0.00 0.00 0.00 0.00 0.00 0.58 0.51 2.26 1.39 2.04 1.97 3.07 6.50 5.55 8.98 7.45 8.03 5.99 5.77 7.66 7.01 7.01 9.86 7.81 4.82 6.06 4.53 6.35 5.11 6.06 3.80 4.31 4.82 5.33 4.02 4.45 4.67
10.07 11.53 11.10 12.85 14.89 13.29 14.09 10.80 8.25 7.01 7.96 7.88 8.69 9.20 8.40 9.93 9.27 11.02 11.02 10.51 10.15 9.78 8.54 7.01 8.76 7.52 7.74 8.03 8.25 6.94 5.69 6.06 8.40 6.57 5.55 6.13 3.07 1.02 2.41 1.24 1.10 0.66 2.34 2.34 1.97 1.97 1.46 0.51 1.90 0.00 0.00 0.29 0.00 0.73 0.00 0.22 0.00 0.15 1.17 3.29 3.14 4.02 7.96 7.08 6.50 6.50 6.50 7.66 7.66 5.99 6.72 4.09 3.58 4.96 4.60 5.26 3.65 3.21 2.85 3.36 3.50 3.21 3.87 4.31
14.16 13.14 15.40 16.06 16.28 16.57 14.60 10.15 11.10 7.96 7.81 9.93 12.26 10.95 9.20 8.18 9.27 10.22 10.22 11.24 11.39 10.66 10.73 10.07 7.74 9.34 10.88 8.83 8.69 8.76 5.55 5.18 5.84 5.91 3.50 2.56 3.14 0.51 0.00 0.58 0.80 2.85 2.48 2.48 2.26 2.48 2.56 2.63 2.19 0.00 0.00 0.66 0.95 0.88 0.58 0.07 0.07 0.29 1.24 2.19 1.90 2.85 3.50 3.72 4.96 6.13 6.20 6.35 6.35 5.84 2.77 2.34 2.92 2.63 4.02 3.43 3.36 3.43 3.72 2.70 3.14 2.19 3.58 3.36
15.11 15.33 15.18 15.40 15.77 14.45 14.82 13.58 11.68 9.27 8.40 8.69 10.95 13.94 13.58 10.80 12.99 11.97 11.97 11.68 12.12 13.14 13.14 13.14 11.53 12.41 12.19 11.02 10.51 8.25 7.01 4.67 4.02 2.99 3.43 1.10 0.07 0.51 0.00 0.00 0.00 2.34 1.39 1.39 1.24 1.46 1.75 2.34 3.14 0.00 0.00 0.00 0.95 1.17 2.34 2.19 1.75 2.04 0.80 1.39 2.04 1.83 2.99 4.09 4.89 5.04 4.96 5.18 5.18 4.96 2.70 3.14 2.41 3.58 3.14 2.99 3.07 3.21 3.29 2.56 2.77 2.85 2.56 1.90
15.11 15.33 15.18 15.40 15.77 14.45 14.82 13.58 11.68 9.27 8.40 8.69 10.95 13.94 13.58 10.80 12.99 11.97 11.97 11.68 12.12 13.14 13.14 13.14 11.53 12.41 12.19 11.02 10.51 8.25 7.01 4.67 4.02 2.99 3.43 1.10 0.07 0.51 0.00 0.00 0.00 2.34 1.39 1.39 1.24 1.46 1.75 2.34 3.14 0.00 0.00 0.00 0.95 1.17 2.34 2.19 1.75 2.04 0.80 1.39 2.04 1.83 2.99 4.09 4.89 5.04 4.96 5.18 5.18 4.96 2.70 3.14 2.41 3.58 3.14 2.99 3.07 3.21 3.29 2.56 2.77 2.85 2.56 1.90
14.82 14.16 13.58 13.14 12.63 12.70 12.99 13.07 13.43 11.32 9.34 10.73 12.56 11.68 15.77 14.89 14.31 12.92 12.92 11.32 11.97 12.48 13.65 13.58 11.61 12.63 11.53 11.68 11.53 8.76 5.55 6.20 3.94 2.12 0.44 0.95 0.00 0.00 0.00 0.00 1.10 1.02 0.95 0.95 1.39 1.46 1.46 0.00 0.00 0.00 0.00 0.00 0.00 0.00 1.53 2.85 2.56 2.56 2.34 3.14 2.92 3.43 3.50 3.36 4.09 4.60 5.18 4.89 4.89 5.84 4.89 4.89 3.50 3.43 3.50 3.21 2.34 3.14 2.70 2.77 2.41 2.19 2.19 2.26
14.31 13.58 13.72 13.51 12.48 13.87 13.36 14.97 15.62 11.61 11.24 11.32 12.05 11.61 13.36 14.82 12.85 10.37 10.37 9.05 11.61 13.07 10.80 11.47 11.01 12.18 10.62 10.22 10.00 10.22 8.98 4.31 4.74 3.07 0.15 0.00 0.00 0.00 0.00 0.00 0.58 0.00 0.00 0.00 0.07 0.80 0.29 0.44 0.00 0.00 0.00 0.00 0.00 0.00 0.00 1.90 2.34 2.41 2.04 2.63 3.21 3.21 2.77 3.43 2.92 3.21 3.29 4.45 4.45 5.04 5.11 5.26 4.67 4.74 3.50 2.92 3.14 3.36 3.50 2.85 2.56 2.77 2.41 2.48
13.65 14.16 13.72 11.75 11.24 11.24 13.80 14.24 14.38 11.24 2.41 7.81 12.41 10.37 9.42 12.26 12.56 10.44 10.44 10.80 13.87 11.68 10.88 12.67 13.82 11.77 11.63 11.51 13.07 10.66 11.24 8.61 4.74 4.89 4.53 0.00 0.15 0.07 0.44 1.10 0.66 0.07 0.00 0.00 0.00 0.00 0.00 0.00 0.00 0.00 0.00 0.00 0.00 0.00 0.00 0.00 0.00 0.00 0.00 0.95 1.53 1.10 2.77 2.41 2.85 2.92 4.16 3.72 3.72 5.18 5.26 5.69 5.55 4.23 4.53 3.80 3.72 3.36 2.99 2.41 2.56 2.41 1.10 1.39
13.29 13.29 13.51 11.39 10.07 9.93 9.86 10.66 5.26 0.00 0.00 0.00 3.21 6.13 6.86 7.01 10.80 12.70 12.70 12.26 9.71 14.60 11.29 10.84 12.18 11.12 11.66 12.17 14.22 12.29 10.29 11.46 11.02 7.01 7.59 5.84 1.31 0.80 0.88 0.73 0.29 0.00 0.00 0.00 0.00 0.00 0.00 0.00 0.00 0.00 0.00 0.00 0.00 0.00 0.00 0.00 0.00 0.00 0.00 0.00 0.95 0.51 3.07 3.94 3.50 3.58 3.65 7.08 7.08 6.79 6.42 6.57 5.48 4.89 3.87 3.36 4.09 2.92 4.38 3.65 3.14 4.60 2.77 2.77
13.29 12.56 11.97 10.22 8.03 8.40 6.06 3.94 4.53 0.00 0.00 0.00 0.00 0.00 0.00 7.59 10.51 11.24 11.24 9.94 11.87 6.15 8.05 5.55 5.41 8.10 8.13 14.36 14.28 13.20 13.35 11.61 11.97 9.93 9.49 9.05 9.64 2.48 1.31 1.46 0.80 0.00 0.00 0.00 0.00 0.00 0.00 0.00 0.00 0.00 0.00 0.00 0.00 0.00 0.00 0.00 0.00 0.00 0.00 0.00 0.22 0.80 4.23 4.74 7.52 8.40 7.59 7.74 7.74 7.01 6.72 4.89 4.09 3.65 3.72 3.87 3.58 6.50 5.26 4.96 6.13 3.36 2.99 2.63
13.29 12.56 11.97 10.22 8.03 8.40 6.06 3.94 4.53 0.00 0.00 0.00 0.00 0.00 0.00 7.59 10.51 11.24 11.30 10.26 12.05 6.59 7.85 5.69 5.33 8.10 7.88 13.35 13.35 13.40 13.49 12.09 13.45 10.51 9.73 9.05 9.64 2.48 1.31 1.46 0.80 0.00 0.00 0.00 0.00 0.00 0.00 0.00 0.00 0.00 0.00 0.00 0.00 0.00 0.00 0.00 0.00 0.00 0.00 0.00 0.22 0.80 4.23 4.74 7.52 8.40 7.59 7.74 7.74 7.01 6.72 4.89 4.09 3.65 3.72 3.87 3.58 6.50 5.26 4.96 6.13 3.36 2.99 2.63
12.70 12.92 13.07 10.88 9.34 8.10 10.15 9.20 7.96 5.55 0.73 4.74 0.00 3.21 6.42 10.44 12.92 7.08 7.08 8.54 4.45 5.26 2.49 2.30 0.60 4.06 4.28 2.42 11.02 10.93 9.44 10.29 11.29 10.93 11.74 11.95 10.40 11.02 4.23 1.83 2.48 1.31 0.22 0.22 0.00 0.00 0.00 0.00 0.00 0.00 0.00 0.00 0.00 0.00 0.00 0.00 0.00 0.00 0.00 0.37 0.07 0.00 2.41 6.28 9.78 9.64 9.20 8.91 8.91 7.45 3.80 4.16 4.16 4.16 4.02 4.53 6.42 6.86 8.54 7.74 6.64 4.89 3.43 2.99
11.53 13.87 12.48 12.34 12.56 12.34 10.29 10.51 12.05 10.07 8.76 9.49 8.47 7.96 7.01 9.13 10.07 10.80 10.80 8.22 3.14 1.39 1.90 0.00 0.00 0.00 0.00 0.00 5.81 7.15 6.20 7.81 9.56 13.23 13.05 13.34 12.45 11.23 12.05 4.74 2.92 1.75 1.97 1.97 1.10 0.44 0.00 0.00 1.61 0.00 0.88 0.00 0.00 0.00 0.00 0.00 0.22 0.00 0.00 0.22 0.15 1.02 0.58 3.50 6.86 9.49 9.42 9.20 9.20 9.56 8.18 5.11 3.58 4.23 6.06 6.35 8.47 8.54 8.91 6.79 5.99 5.48 4.74 5.69
7.30 9.86 9.42 13.14 12.63 12.41 12.48 13.65 13.29 12.41 10.22 9.86 9.13 9.13 9.05 8.69 8.76 8.83 8.83 7.30 3.21 1.39 1.61 0.29 0.58 0.00 0.00 1.33 0.31 5.15 6.13 5.77 8.91 10.80 11.45 10.99 15.08 12.48 11.68 12.56 6.57 4.53 1.46 1.46 1.90 0.88 0.07 0.07 0.07 0.29 0.88 0.00 0.00 0.00 0.73 1.39 0.00 0.00 0.22 0.37 0.00 0.15 0.29 4.53 8.10 7.59 8.47 7.08 7.08 6.79 5.62 2.56 2.92 4.89 6.06 8.47 8.10 10.51 9.27 7.59 6.94 7.74 6.79 5.91
0.00 6.13 9.13 8.25 10.73 9.86 10.29 13.51 12.12 13.29 11.17 11.32 9.05 8.25 8.32 6.64 6.72 3.72 3.72 3.72 3.72 4.82 4.53 4.96 1.39 2.26 0.00 0.00 0.00 0.00 0.00 0.00 5.18 8.03 8.83 10.66 12.15 13.99 12.96 12.61 13.36 11.02 3.94 3.94 1.68 2.12 1.02 0.80 0.66 0.73 0.80 1.17 0.22 0.29 0.00 0.00 0.00 0.00 0.00 0.88 0.44 0.00 0.00 0.73 5.33 3.58 6.20 4.89 4.89 5.04 0.00 0.00 0.00 0.00 3.29 6.13 7.01 9.42 11.39 9.05 7.23 7.15 6.50 6.79
0.00 0.00 0.00 0.00 8.69 9.56 10.29 8.69 11.65 11.02 9.05 11.53 8.40 8.03 6.72 6.94 4.23 3.80 3.80 8.25 7.30 7.52 6.06 7.01 2.99 0.00 0.00 0.00 0.00 0.00 0.00 0.00 0.00 6.72 6.42 8.40 8.91 10.29 12.75 13.33 11.37 10.51 10.88 10.88 9.56 3.29 3.87 2.63 1.75 1.61 1.83 0.88 0.22 0.00 0.00 0.00 0.00 0.00 2.12 1.75 2.48 0.00 0.00 0.00 0.00 0.00 4.23 3.07 3.07 2.77 0.00 0.00 0.00 1.02 0.00 5.55 3.87 11.46 7.08 10.07 9.49 8.61 6.86 5.77
0.00 0.00 0.00 2.63 0.00 10.00 10.59 11.02 11.16 6.50 6.94 6.86 7.96 5.69 5.11 6.06 4.02 5.26 5.26 9.20 10.29 9.27 7.37 7.88 5.62 0.00 3.14 3.14 0.00 6.73 8.47 0.00 6.85 4.53 6.79 6.79 6.64 7.45 10.00 11.68 11.95 10.95 10.73 10.73 11.02 9.78 8.18 7.52 4.09 3.87 1.83 0.29 0.80 0.00 0.00 0.00 0.00 0.00 1.83 0.00 0.00 0.00 0.00 0.00 0.00 0.00 2.70 3.07 3.07 0.00 0.00 0.00 0.00 0.00 0.00 0.00 3.43 2.26 6.42 5.99 8.61 6.50 5.55 3.21
0.00 0.00 0.00 2.63 0.00 10.00 10.59 11.02 10.88 6.50 6.94 6.86 7.96 5.69 5.11 6.06 4.02 5.28 5.26 9.20 10.29 9.27 7.37 7.88 5.62 0.00 3.14 3.14 0.00 6.50 8.18 0.00 6.64 4.53 6.82 6.82 6.64 7.41 10.10 11.68 11.83 10.95 10.73 10.73 11.02 9.78 8.18 7.52 4.09 3.87 1.83 0.29 0.80 0.00 0.00 0.00 0.00 0.00 1.83 0.00 0.00 0.00 0.00 0.00 0.00 0.00 2.70 3.07 3.07 0.00 0.00 0.00 0.00 0.00 0.00 0.00 3.43 2.26 6.42 5.99 8.61 6.50 5.55 3.21
0.00 0.00 0.00 0.00 0.00 9.27 10.07 12.23 7.63 7.88 5.40 6.35 5.55 4.74 3.94 4.02 6.94 10.00 10.00 9.20 10.44 7.37 6.57 5.99 6.06 5.11 4.67 5.99 6.86 6.06 9.42 7.15 5.55 6.28 3.07 3.94 5.77 5.18 7.63 8.18 10.15 9.56 9.86 9.86 9.05 9.27 9.34 9.34 8.03 6.42 6.86 4.74 3.14 0.00 0.00 0.00 0.00 1.90 3.21 2.77 0.00 0.00 0.00 0.00 0.00 0.00 0.00 0.00 0.00 0.00 0.00 0.00 0.00 0.00 0.00 0.00 0.00 0.00 0.00 2.34 4.53 4.45 3.21 4.45
10.51 8.69 4.74 0.00 0.00 5.84 5.48 10.08 9.86 10.29 8.98 9.05 5.69 4.31 4.31 5.55 6.06 8.10 8.10 6.50 6.13 6.64 6.13 7.59 9.56 9.49 7.66 7.96 7.88 9.27 9.27 8.61 6.06 3.80 4.96 4.60 4.82 6.79 6.28 7.45 6.06 4.96 7.52 7.52 8.18 8.61 8.98 8.98 8.61 7.01 5.69 6.13 4.67 2.26 0.00 0.00 0.00 0.00 0.00 0.00 0.00 0.00 0.00 0.00 0.00 1.31 0.00 0.00 0.00 0.00 0.00 0.00 0.00 0.00 0.00 0.00 0.00 0.00 0.00 2.48 3.50 0.00 2.41 2.48
