Wansh/Snow_depth/snowdepth-1993/winter/1993352.txt
ncols 321
nrows 161
xllcenter 60
yllcenter 15 
cellsize  0.25 
NODATA_value -1
[rows 0 to 36 of 161, columns 84 to 167 of 321]
16.21 14.97 15.11 15.55 14.24 16.13 16.13 16.13 9.42 14.38 13.07 16.13 12.19 12.19 12.19 13.94 12.05 11.97 11.97 12.26 12.78 10.66 9.86 7.30 8.25 5.33 3.65 3.29 3.29 3.21 3.50 4.09 4.02 2.99 2.12 2.19 1.53 1.75 2.56 1.31 1.02 1.17 0.29 0.29 0.00 0.00 1.61 1.02 1.53 2.04 1.83 3.21 2.99 3.14 2.85 2.85 2.92 2.19 2.26 1.83 1.83 0.58 0.00 0.00 0.66 0.66 1.39 1.46 1.46 1.02 2.12 1.83 3.29 2.92 3.14 2.70 3.07 2.99 2.56 1.90 1.75 1.17 1.46 1.24
17.74 16.06 16.43 14.97 16.06 17.37 10.37 9.86 9.20 16.35 15.70 15.77 14.09 13.29 12.92 13.43 9.34 9.42 9.42 10.44 10.59 10.00 10.15 9.56 7.08 4.02 4.89 2.99 3.87 3.80 3.65 4.02 3.36 3.80 2.63 2.70 1.83 1.90 1.39 1.39 1.75 2.41 1.68 1.68 4.09 3.36 2.77 2.26 2.99 2.85 2.56 2.70 2.48 3.14 3.21 3.43 3.72 5.04 2.92 2.99 2.85 2.85 4.16 4.16 1.24 1.90 2.19 2.12 2.12 2.56 2.56 2.92 3.36 3.21 4.45 4.60 4.67 4.31 3.50 2.26 2.41 1.97 2.26 2.56
15.77 12.26 14.53 11.97 11.97 11.75 11.10 16.64 18.10 17.74 16.94 15.99 16.43 13.29 9.64 8.98 8.91 9.20 9.20 9.20 7.74 8.69 9.64 9.71 8.40 7.66 4.38 5.33 4.16 4.45 4.45 4.60 3.94 4.09 3.87 3.94 5.26 3.58 4.23 3.58 2.99 1.53 2.77 2.77 2.19 4.82 5.69 4.60 3.29 3.58 3.14 2.48 2.48 2.56 3.14 4.53 5.99 5.69 7.45 8.25 8.10 5.48 5.48 5.69 4.96 5.77 6.64 7.08 7.08 7.01 4.02 4.16 3.21 4.02 3.50 4.89 4.74 4.67 4.23 2.92 3.14 3.14 3.14 2.85
15.77 12.26 14.53 11.97 11.97 11.75 11.10 16.64 18.10 17.74 16.94 15.99 16.43 13.29 9.64 8.98 8.91 9.20 9.20 9.20 7.74 8.69 9.64 9.71 8.40 7.66 4.38 5.33 4.16 4.45 4.45 4.60 3.94 4.09 3.87 3.94 5.26 3.58 4.23 3.58 2.99 1.53 2.77 2.77 2.19 4.82 5.69 4.60 3.29 3.58 3.14 2.48 2.48 2.56 3.14 4.53 5.99 5.69 7.45 8.25 8.10 5.48 5.48 5.69 4.96 5.77 6.64 7.08 7.08 7.01 4.02 4.16 3.21 4.02 3.50 4.89 4.74 4.67 4.23 2.92 3.14 3.14 3.14 2.85
16.13 15.40 14.53 11.83 12.48 15.26 15.18 15.77 11.68 14.75 14.02 15.99 15.26 14.16 12.56 12.63 11.02 9.05 9.05 7.23 7.81 7.37 7.81 9.49 8.25 8.54 5.40 4.23 4.02 4.09 4.02 4.23 4.09 4.67 5.99 5.84 5.48 4.60 5.11 4.31 3.80 2.26 0.00 0.00 3.87 4.16 5.55 6.28 5.77 4.09 2.56 2.92 1.61 2.70 2.85 4.02 3.65 6.64 6.50 8.25 10.07 9.93 11.46 11.46 7.52 7.81 7.59 7.96 7.96 7.37 7.96 5.40 5.77 5.77 4.74 3.94 4.02 3.50 3.43 3.43 3.14 4.31 4.02 4.45
18.83 19.05 18.98 17.30 15.04 15.70 13.94 11.39 11.32 13.51 13.36 13.21 12.70 13.72 14.31 14.24 13.21 11.02 11.02 10.88 8.69 7.88 7.81 7.66 7.59 7.52 7.81 4.82 2.92 3.07 2.85 4.23 4.60 4.23 5.69 4.89 6.20 4.82 4.89 5.04 4.09 0.00 3.43 3.43 4.09 4.82 4.09 6.72 5.40 5.84 2.56 1.75 1.83 1.75 1.68 3.50 4.96 4.74 6.86 8.47 9.42 12.85 12.48 13.94 12.56 13.94 10.44 9.49 9.49 9.56 6.50 8.76 6.50 5.40 5.77 4.02 3.14 3.21 2.92 3.65 3.58 4.09 4.89 6.13
19.05 18.61 18.98 17.67 16.35 15.91 15.70 16.21 14.97 15.18 13.29 12.05 10.88 11.46 10.73 12.92 13.36 13.14 13.14 11.97 9.42 10.73 7.74 8.47 7.15 5.99 3.58 3.80 2.92 2.34 3.14 3.14 3.50 4.23 4.16 4.74 5.55 4.96 4.96 3.21 0.00 0.00 3.14 3.14 3.80 4.67 4.60 4.45 5.33 2.77 2.92 2.77 1.83 1.83 3.14 3.36 5.18 6.64 6.42 7.96 9.86 8.40 12.12 11.75 15.26 12.05 12.41 11.39 11.39 10.22 10.44 9.71 9.56 9.78 8.61 8.40 8.69 5.69 4.23 4.53 3.07 4.67 4.38 5.55
19.05 18.61 18.98 17.67 16.35 15.91 15.70 16.21 14.97 15.18 13.29 12.05 10.88 11.46 10.73 12.92 13.36 13.14 13.14 11.97 9.42 10.73 7.74 8.47 7.15 5.99 3.58 3.80 2.92 2.34 3.14 3.14 3.50 4.23 4.16 4.74 5.55 4.96 4.96 3.21 0.00 0.00 3.14 3.14 3.80 4.67 4.60 4.45 5.33 2.77 2.92 2.77 1.83 1.83 3.14 3.36 5.18 6.64 6.42 7.96 9.86 8.40 12.12 11.75 15.26 12.05 12.41 11.39 11.39 10.22 10.44 9.71 9.56 9.78 8.61 8.40 8.69 5.69 4.23 4.53 3.07 4.67 4.38 5.55
18.03 15.04 16.21 16.13 15.99 16.43 15.84 16.35 15.04 13.72 14.09 8.98 9.27 8.32 9.64 11.90 12.92 14.82 14.82 14.16 14.67 11.83 9.78 7.30 4.74 5.40 3.29 3.07 2.26 2.56 2.92 2.99 2.85 3.80 4.38 5.91 6.13 4.02 3.14 3.14 1.75 2.04 2.12 2.12 1.46 3.14 2.70 1.97 1.97 2.26 3.80 3.14 6.72 3.65 3.65 4.74 4.96 5.04 5.04 6.42 6.72 9.05 8.40 9.05 7.45 7.15 10.29 11.68 11.68 11.39 12.56 13.43 11.83 10.44 10.73 10.15 9.93 12.92 9.42 10.95 7.01 4.02 4.60 3.94
14.89 14.89 15.62 15.70 16.28 16.35 15.62 15.11 15.33 13.07 10.88 7.81 5.18 7.37 9.78 9.20 12.12 14.16 14.16 14.82 13.43 11.39 12.34 6.79 4.60 2.56 2.70 2.92 2.70 1.90 2.34 2.19 2.70 2.63 3.94 4.09 4.45 3.21 2.85 1.75 2.04 1.90 1.68 1.68 1.61 3.29 3.14 2.48 4.82 5.04 6.35 7.88 7.81 6.86 5.69 4.74 5.40 5.62 5.84 4.96 5.91 5.99 5.62 6.50 5.33 9.27 8.40 12.56 12.56 13.87 13.43 14.16 12.05 12.78 8.98 11.39 10.29 14.16 13.80 9.42 10.59 5.55 5.91 4.09
13.14 15.26 14.67 15.55 13.87 14.24 14.16 13.72 13.94 13.72 12.34 9.27 9.64 9.05 11.02 11.17 11.68 14.60 14.60 15.48 14.67 11.68 7.81 4.02 4.67 3.14 2.85 1.75 1.97 2.56 2.41 2.04 2.48 3.80 3.72 3.72 4.89 3.80 3.87 1.83 2.99 2.56 4.89 4.89 4.09 4.31 4.16 4.09 5.40 6.35 6.35 6.57 6.57 6.86 5.91 7.23 6.86 9.71 7.52 7.74 7.23 6.35 6.50 6.79 8.03 7.59 11.75 15.99 15.99 15.70 17.16 15.70 13.36 8.40 8.25 8.32 12.41 15.55 14.45 13.36 9.71 7.15 7.45 5.48
13.14 15.26 14.67 15.55 13.87 14.24 14.16 13.72 13.94 13.72 12.34 9.27 9.64 9.05 11.02 11.17 11.68 14.60 14.60 15.48 14.67 11.68 7.81 4.02 4.67 3.14 2.85 1.75 1.97 2.56 2.41 2.04 2.48 3.80 3.72 3.72 4.89 3.80 3.87 1.83 2.99 2.56 4.89 4.89 4.09 4.31 4.16 4.09 5.40 6.35 6.35 6.57 6.57 6.86 5.91 7.23 6.86 9.71 7.52 7.74 7.23 6.35 6.50 6.79 8.03 7.59 11.75 15.99 15.99 15.70 17.16 15.70 13.36 8.40 8.25 8.32 12.41 15.55 14.45 13.36 9.71 7.15 7.45 5.48
11.39 13.14 13.58 12.92 13.58 12.34 13.29 13.07 13.80 14.60 14.60 10.00 9.05 12.63 17.08 15.48 16.21 16.57 16.57 16.35 16.86 10.44 7.30 4.82 5.11 3.94 3.14 2.04 2.26 2.85 3.29 7.88 7.15 5.69 3.94 3.80 6.86 5.62 5.48 6.06 5.48 5.48 5.84 5.84 5.91 4.89 4.67 7.08 8.61 7.08 7.23 7.45 6.42 4.89 6.20 6.28 8.69 7.96 10.88 9.13 8.69 7.88 7.66 7.74 7.96 10.73 9.93 14.53 14.53 16.50 16.50 16.06 12.56 13.43 8.69 11.10 14.16 13.72 14.02 11.02 11.39 10.29 9.27 8.32
11.61 11.39 13.14 12.05 13.14 12.92 13.58 14.89 14.60 15.91 13.80 16.64 16.43 16.79 17.37 17.08 16.21 14.31 14.31 12.78 9.86 10.66 7.45 6.35 4.31 4.82 3.29 4.02 5.11 4.16 9.64 10.07 8.54 8.40 10.37 9.78 9.05 9.42 6.20 5.77 6.13 9.49 7.96 7.96 7.45 10.73 8.61 8.25 9.78 8.83 8.98 6.42 4.74 5.04 5.69 8.61 7.37 10.37 10.07 9.13 6.79 7.37 6.57 8.10 9.42 9.56 10.95 12.63 12.63 14.97 15.70 12.26 14.38 8.25 6.72 8.54 8.76 3.43 0.00 0.00 11.97 10.22 11.02 8.61
11.02 9.42 11.24 11.10 12.78 13.36 13.36 15.26 14.82 14.02 15.33 15.18 15.33 11.68 13.72 15.48 14.97 14.60 14.60 12.34 10.29 7.45 8.25 7.15 7.45 6.94 5.84 5.26 8.76 11.17 10.51 12.56 13.94 11.75 11.90 9.78 6.94 6.42 6.50 7.96 12.05 11.90 11.97 11.97 11.53 11.90 9.34 7.81 10.15 8.69 8.54 8.91 5.62 6.50 5.91 9.86 10.80 10.66 9.05 5.04 5.99 4.96 5.84 5.55 7.59 9.78 9.34 11.10 11.10 12.92 12.56 12.05 7.45 6.64 6.35 8.47 2.04 4.89 0.00 0.00 10.66 9.71 10.00 9.34
10.51 8.98 10.51 11.90 11.46 12.34 9.27 9.86 10.88 6.94 15.18 12.63 9.05 10.22 13.14 13.51 13.58 12.78 12.78 12.85 10.80 8.69 7.88 7.59 7.81 8.98 8.61 8.54 8.47 9.93 11.53 13.21 13.51 11.53 9.86 10.59 7.59 9.20 8.54 10.88 12.99 9.42 9.71 9.71 5.48 7.01 7.23 5.11 4.31 7.81 8.10 6.64 6.72 5.91 6.20 8.47 10.07 8.10 8.69 5.55 5.62 5.48 6.42 5.55 5.26 8.03 8.32 10.44 10.44 10.95 11.83 9.05 9.34 6.50 9.05 7.23 8.69 0.00 0.00 0.00 5.11 10.29 6.94 8.54
10.51 8.98 10.51 11.90 11.46 12.34 9.27 9.86 10.88 6.94 15.18 12.63 9.05 10.22 13.14 13.51 13.58 12.78 12.78 12.85 10.80 8.69 7.88 7.59 7.81 8.98 8.61 8.54 8.47 9.93 11.53 13.21 13.51 11.53 9.86 10.59 7.59 9.20 8.54 10.88 12.99 9.42 9.71 9.71 5.48 7.01 7.23 5.11 4.31 7.81 8.10 6.64 6.72 5.91 6.20 8.47 10.07 8.10 8.69 5.55 5.62 5.48 6.42 5.55 5.26 8.03 8.32 10.44 10.44 10.95 11.83 9.05 9.34 6.50 9.05 7.23 8.69 0.00 0.00 0.00 5.11 10.29 6.94 8.54
10.15 10.15 11.61 13.36 12.41 14.31 9.34 7.01 7.52 6.42 6.50 6.20 6.94 9.78 11.17 13.51 13.87 12.26 12.26 9.78 7.74 7.96 6.13 6.79 7.52 6.94 8.40 7.52 7.15 7.15 8.47 11.68 12.19 12.26 9.93 7.37 7.52 7.30 9.05 6.64 6.42 6.79 3.87 3.87 4.09 3.50 3.14 3.36 3.21 3.72 3.50 5.11 4.89 4.89 4.67 3.80 3.72 6.64 5.77 5.77 6.86 8.18 7.15 7.59 5.99 7.23 7.01 9.78 9.78 12.26 12.19 9.56 6.86 8.98 8.47 7.88 1.83 4.16 0.00 3.36 6.35 6.28 5.99 6.28
10.66 11.61 11.02 14.89 14.75 15.18 12.26 9.20 7.66 5.18 7.08 9.49 11.17 12.05 11.75 12.78 13.43 11.10 11.10 10.22 7.96 8.61 6.79 6.79 7.37 8.25 8.47 8.61 7.81 8.69 8.69 10.22 10.22 9.56 10.51 7.37 5.33 5.77 3.50 3.94 2.56 2.48 3.65 3.65 4.16 4.02 4.23 2.70 2.63 3.36 3.36 3.58 2.41 2.56 2.70 2.19 1.90 2.77 2.19 5.84 8.32 10.51 8.69 6.28 6.57 7.15 10.22 9.27 9.27 11.83 8.98 3.72 6.79 7.45 5.91 5.55 5.77 2.63 1.53 4.16 3.14 3.94 5.62 5.48
10.95 14.53 15.33 15.18 17.08 17.74 15.33 13.14 9.13 10.07 9.05 9.27 10.15 9.93 9.93 8.76 9.78 9.49 9.49 10.37 9.93 8.98 7.45 7.45 8.69 9.13 9.42 9.93 10.22 7.88 6.42 8.25 7.66 8.76 7.15 7.96 4.82 1.83 2.04 0.00 1.68 3.21 3.07 3.07 4.53 4.89 4.96 5.62 6.57 4.16 0.00 2.92 0.00 2.26 1.31 1.68 0.22 1.68 4.09 3.50 5.48 6.64 6.28 7.15 7.45 8.18 7.74 9.34 9.34 6.86 7.81 3.58 2.70 4.67 4.31 5.26 5.91 5.40 3.58 3.72 3.94 4.67 3.80 4.74
15.26 14.75 17.30 18.91 18.61 17.52 15.99 11.61 12.48 12.12 9.78 9.93 9.49 12.78 11.75 10.00 8.76 10.07 10.07 9.71 9.78 9.49 12.12 10.15 10.73 9.93 13.21 10.51 11.32 8.76 7.59 6.35 6.94 6.64 6.57 2.12 2.92 1.02 0.00 0.00 0.00 4.09 3.65 3.65 3.58 5.26 6.57 6.28 5.99 4.38 5.55 3.36 2.63 2.04 1.90 3.29 2.70 1.10 2.56 3.50 3.29 4.96 6.42 6.28 6.94 7.52 8.03 7.96 7.96 6.28 3.21 2.12 1.97 3.94 0.00 0.00 3.43 3.72 3.80 3.21 3.58 3.36 3.50 3.43
15.48 15.77 15.55 16.64 15.18 15.55 16.28 12.56 12.26 12.70 11.68 14.02 15.48 15.48 14.45 12.56 15.99 13.65 13.65 11.68 14.31 14.02 14.09 13.43 16.06 15.55 15.77 13.51 12.56 8.91 9.34 7.01 5.40 0.00 0.00 2.19 0.00 0.29 0.00 1.17 2.26 2.26 2.04 2.04 0.00 0.00 0.00 4.53 4.74 3.65 2.56 3.29 3.58 3.29 3.94 3.80 4.09 3.07 4.09 2.48 3.29 4.23 3.94 5.99 5.91 6.79 6.50 6.94 6.94 6.13 6.57 5.04 0.00 0.00 2.48 0.00 2.77 3.50 3.43 3.58 2.99 2.85 2.85 2.56
15.48 15.77 15.55 16.64 15.18 15.55 16.28 12.56 12.26 12.70 11.68 14.02 15.48 15.48 14.45 12.56 15.99 13.65 13.65 11.68 14.31 14.02 14.09 13.43 16.06 15.55 15.77 13.51 12.56 8.91 9.34 7.01 5.40 0.00 0.00 2.19 0.00 0.29 0.00 1.17 2.26 2.26 2.04 2.04 0.00 0.00 0.00 4.53 4.74 3.65 2.56 3.29 3.58 3.29 3.94 3.80 4.09 3.07 4.09 2.48 3.29 4.23 3.94 5.99 5.91 6.79 6.50 6.94 6.94 6.13 6.57 5.04 0.00 0.00 2.48 0.00 2.77 3.50 3.43 3.58 2.99 2.85 2.85 2.56
15.04 13.72 13.51 13.36 13.87 12.41 12.99 12.48 11.53 16.79 14.24 14.53 12.05 15.11 16.43 16.94 17.01 15.55 15.55 13.80 14.16 13.72 14.60 14.67 16.13 16.50 13.43 14.31 13.58 10.73 7.08 7.81 5.77 3.36 1.24 1.61 0.37 0.00 0.00 0.00 1.53 0.07 1.46 1.46 1.39 1.83 1.46 0.00 0.00 2.04 0.00 0.00 0.00 0.00 0.00 4.60 4.53 3.80 2.70 3.80 3.72 4.38 5.40 4.96 6.13 6.06 7.37 7.15 7.15 7.88 6.06 4.45 5.11 5.18 3.65 2.63 2.99 2.77 2.99 2.92 2.77 3.07 2.70 1.10
15.18 14.09 13.21 13.29 12.12 12.85 16.94 19.13 12.63 13.51 16.94 14.09 13.07 14.16 15.70 12.92 13.07 12.70 12.70 12.78 12.63 13.43 15.62 15.49 15.19 15.89 13.57 13.72 12.34 12.26 8.54 6.50 7.74 3.65 1.17 0.80 0.44 0.00 0.29 0.00 1.10 0.00 0.00 0.00 0.00 1.10 0.00 0.00 0.00 0.00 0.00 0.00 0.00 0.00 0.00 0.00 0.00 0.00 0.00 2.63 0.00 2.92 4.09 5.26 5.33 4.82 5.26 4.96 4.96 6.28 5.99 6.57 5.55 4.09 4.45 2.92 2.92 2.77 3.07 3.07 2.56 2.56 2.56 2.77
14.89 14.60 14.82 14.16 14.45 14.09 13.94 17.89 14.89 10.51 11.24 10.22 13.14 15.04 11.17 9.86 12.92 13.14 13.14 12.85 14.38 13.72 16.35 16.99 18.75 16.39 14.60 15.80 15.18 14.02 15.04 8.91 7.88 8.76 3.07 2.19 2.26 0.15 0.00 0.95 0.44 0.66 0.00 0.00 0.00 0.07 0.66 0.00 0.00 0.00 0.00 0.00 0.00 0.00 0.00 0.00 0.00 0.00 0.00 0.00 0.00 0.00 3.36 3.14 3.21 3.72 5.11 4.60 4.60 5.91 6.64 6.50 6.79 5.69 4.89 3.65 2.99 3.14 3.43 3.29 2.26 3.14 3.65 2.70
14.53 13.29 13.58 13.80 10.15 10.66 10.73 13.29 6.50 5.40 6.13 0.00 5.62 4.60 4.60 7.74 10.22 9.49 9.49 12.85 14.24 13.41 13.47 15.65 16.72 16.19 16.30 16.96 18.74 15.72 15.26 15.91 11.61 11.17 4.89 5.04 5.48 4.09 1.17 1.24 1.10 0.66 0.80 0.80 0.00 0.00 0.00 0.00 0.00 0.00 0.00 0.00 0.00 0.00 0.00 0.00 0.00 0.00 0.00 0.00 0.00 0.00 0.00 4.38 4.53 4.31 5.69 8.91 8.91 8.18 6.64 7.23 6.28 4.96 5.18 4.45 4.53 3.58 3.36 4.89 3.43 3.58 4.74 3.94
13.87 12.92 11.97 10.22 10.59 9.05 6.13 7.96 8.83 3.14 3.14 0.00 0.00 0.00 0.00 4.89 9.56 8.40 8.40 11.62 10.40 9.86 12.94 9.20 8.60 12.56 12.12 18.57 17.68 18.36 17.09 15.26 14.67 13.36 14.45 8.40 8.91 7.59 2.26 0.73 0.95 1.24 0.80 0.80 0.66 0.00 0.00 0.00 0.00 0.00 0.00 0.00 0.00 0.00 0.00 0.00 0.00 0.00 0.00 0.00 0.00 2.04 3.36 5.99 9.13 10.29 10.29 8.40 8.40 7.96 6.64 5.77 5.99 5.18 4.09 4.67 4.38 7.30 7.45 6.86 4.74 4.82 4.60 4.23
13.87 12.92 11.97 10.22 10.59 9.05 6.13 7.96 8.83 3.14 3.14 0.00 0.00 0.00 0.00 4.89 9.56 8.40 8.44 12.00 10.56 10.55 12.62 9.43 8.47 12.56 11.75 17.25 16.52 18.64 17.27 15.89 16.49 14.14 14.82 8.40 8.91 7.59 2.26 0.73 0.95 1.24 0.80 0.80 0.66 0.00 0.00 0.00 0.00 0.00 0.00 0.00 0.00 0.00 0.00 0.00 0.00 0.00 0.00 0.00 0.00 2.04 3.36 5.99 9.13 10.29 10.29 8.40 8.40 7.96 6.64 5.77 5.99 5.18 4.09 4.67 4.38 7.30 7.45 6.86 4.74 4.82 4.60 4.23
12.85 13.80 12.56 11.53 10.29 10.80 7.59 4.53 8.61 9.13 7.45 0.00 0.00 0.00 4.23 8.83 12.78 14.45 14.45 10.88 11.90 6.57 0.00 4.08 3.82 7.37 7.59 13.21 15.18 13.50 18.29 15.89 16.81 16.65 16.33 16.34 10.99 11.61 8.47 2.12 1.31 1.17 1.39 1.39 0.00 0.00 0.00 0.00 0.00 0.00 0.00 0.00 0.00 0.00 0.00 0.00 0.00 0.00 0.00 0.00 0.00 0.51 4.45 8.83 7.74 11.10 10.80 9.86 9.86 10.29 7.81 5.77 4.16 4.16 5.91 6.64 7.45 7.01 8.32 9.56 6.42 5.33 3.80 3.87
10.22 13.14 13.14 12.78 12.63 11.83 11.53 11.83 11.10 10.95 11.75 9.93 8.83 8.83 7.37 10.88 14.31 14.75 14.75 10.56 4.82 5.72 0.00 0.00 0.00 0.00 0.00 0.00 10.50 12.98 12.19 15.99 15.33 18.55 18.35 18.86 14.97 11.81 12.70 11.02 2.77 2.04 2.19 2.19 1.24 0.00 0.00 0.00 0.00 0.00 0.00 0.00 0.00 0.00 0.00 0.00 0.00 0.00 0.00 0.00 0.00 0.00 1.02 6.50 8.32 9.93 10.07 10.44 10.44 9.27 6.35 4.82 5.55 3.94 6.06 7.30 8.03 10.22 10.15 8.98 6.57 4.23 5.91 3.43
8.47 11.83 12.12 11.53 13.14 12.19 12.70 12.56 12.34 15.04 12.85 10.51 9.56 10.15 10.51 10.22 11.32 12.05 12.05 6.06 5.04 0.00 3.58 4.02 0.00 0.00 0.00 0.00 6.88 11.68 10.44 14.82 14.31 15.55 18.29 17.99 19.65 15.62 13.87 14.31 13.58 5.26 2.41 2.41 3.14 0.88 0.29 0.00 0.58 0.00 0.00 0.00 0.00 0.00 0.00 0.00 0.00 0.00 0.00 0.00 0.00 0.00 1.75 4.74 4.23 7.74 8.69 8.40 8.40 8.54 6.94 4.38 3.50 4.09 5.77 9.56 10.66 10.80 10.44 10.29 10.51 9.49 7.30 5.91
5.69 4.31 9.78 9.78 9.34 10.51 12.78 12.34 15.26 15.99 15.11 13.07 12.63 11.61 10.59 10.00 6.28 5.04 5.04 5.55 5.26 7.96 5.84 6.06 4.23 0.00 0.00 4.62 0.00 7.37 8.03 12.34 13.36 12.05 16.06 17.37 18.16 18.46 17.28 14.97 11.39 13.29 5.11 5.11 2.34 2.77 1.53 1.17 1.46 0.80 0.00 0.00 0.00 0.00 0.00 0.00 0.00 0.00 0.00 0.00 0.00 0.00 0.00 0.00 5.84 5.48 7.81 6.06 6.06 4.96 3.29 2.99 1.10 1.83 2.12 6.28 9.20 10.80 12.05 12.63 11.10 10.00 9.86 7.74
0.00 0.00 0.00 7.52 6.79 10.51 10.22 12.34 12.02 14.16 15.26 11.02 11.39 11.75 9.86 6.57 5.55 5.77 5.77 9.49 9.49 10.66 7.59 9.49 5.55 5.33 5.55 0.00 6.79 7.59 7.37 9.78 9.56 10.15 9.56 14.67 14.89 14.60 14.53 16.62 14.38 11.97 12.78 12.78 6.20 3.58 4.02 2.92 2.34 2.41 1.39 1.53 0.00 0.00 0.00 0.00 0.00 0.00 0.00 0.00 0.00 0.00 0.00 0.00 0.00 0.00 4.82 4.82 4.82 5.26 3.50 0.00 0.00 1.31 0.73 4.60 9.05 7.74 12.05 11.46 11.17 8.18 6.86 5.77
0.00 0.00 0.00 3.80 3.36 9.56 10.73 10.44 11.83 9.49 8.18 8.47 8.47 9.64 6.72 5.99 6.57 9.93 9.93 12.63 12.63 12.05 14.09 10.80 10.29 6.64 7.52 6.06 8.52 9.23 11.80 11.81 10.01 8.54 7.45 7.81 10.29 11.65 12.19 11.83 14.67 12.41 11.90 11.90 11.97 11.46 5.99 5.11 5.18 4.31 0.00 0.00 0.00 0.00 0.00 0.00 0.00 0.00 0.00 4.60 3.80 4.23 0.00 0.00 0.00 0.00 0.00 3.72 3.72 2.26 0.00 0.00 0.00 0.00 0.00 0.00 2.19 3.87 5.91 6.28 9.42 6.50 5.55 3.21
0.00 0.00 0.00 3.80 3.36 9.56 10.73 10.44 11.53 9.49 8.18 8.47 8.47 9.64 6.72 5.99 6.57 9.98 9.93 12.63 12.63 12.05 14.09 10.80 10.29 6.64 7.52 6.06 8.40 8.91 11.39 11.75 9.71 8.54 7.48 7.85 10.29 11.59 12.31 11.83 14.53 12.41 11.90 11.90 11.97 11.46 5.99 5.11 5.18 4.31 0.00 0.00 0.00 0.00 0.00 0.00 0.00 0.00 0.00 4.60 3.80 4.23 0.00 0.00 0.00 0.00 0.00 3.72 3.72 2.26 0.00 0.00 0.00 0.00 0.00 0.00 2.19 3.87 5.91 6.28 9.42 6.50 5.55 3.21
10.88 5.33 0.00 0.00 0.00 7.30 11.53 11.34 11.49 10.37 7.66 7.37 7.45 6.13 5.84 5.91 6.42 9.27 9.27 14.24 14.24 13.14 11.90 12.34 11.61 10.51 13.29 10.37 9.78 13.07 13.29 12.26 13.07 8.91 6.94 5.91 8.18 7.81 10.27 9.71 10.00 10.73 10.44 10.44 10.66 10.00 10.44 9.93 7.45 7.74 5.84 2.85 0.00 0.00 0.00 0.00 0.00 0.00 0.00 3.58 4.82 2.92 3.36 0.00 0.00 0.00 0.00 0.00 0.00 0.00 0.00 0.00 0.00 0.00 0.00 0.00 0.00 3.07 4.53 3.36 6.13 9.27 3.21 4.45
