Wansh/Snow_depth/snowdepth-1993/winter/1993364.txt
ncols 321
nrows 161
xllcenter 60
yllcenter 15 
cellsize  0.25 
NODATA_value -1
[rows 0 to 36 of 161, columns 0 to 83 of 321]
10.51 10.51 14.31 13.72 15.84 15.48 13.94 15.40 14.89 19.20 21.75 21.39 22.85 22.41 22.41 22.12 22.27 21.02 19.78 20.08 19.86 20.44 20.44 20.00 20.88 21.17 21.17 20.29 20.51 20.37 21.68 21.75 21.17 21.97 22.48 22.48 21.53 20.29 20.81 21.10 21.32 20.59 18.32 17.01 16.79 16.79 14.53 14.89 14.60 15.70 11.68 11.68 11.68 12.26 12.26 11.61 11.61 11.97 11.83 11.68 11.53 11.83 10.44 10.59 10.88 11.61 10.51 11.97 9.49 9.20 10.22 7.30 10.00 9.42 12.41 14.09 14.09 15.99 15.62 18.32 18.10 17.67 19.49 17.08
11.97 11.97 14.24 15.48 15.48 15.70 16.06 15.91 18.83 21.17 22.05 22.63 22.63 21.53 21.10 21.17 19.64 19.93 18.91 18.61 18.47 19.56 19.13 19.42 19.42 19.20 19.20 19.78 19.78 20.73 21.39 21.39 20.81 19.64 20.29 20.95 20.81 19.05 19.05 20.22 18.98 16.43 14.16 14.82 15.33 14.16 13.80 10.37 11.61 12.19 12.34 12.34 12.70 11.46 11.46 12.12 11.24 9.86 9.86 10.59 10.07 10.37 10.66 11.46 10.66 10.88 10.22 10.00 9.05 8.83 8.18 8.25 9.34 12.85 12.48 14.24 14.24 17.89 19.05 18.76 20.44 20.81 20.44 20.88
15.91 15.91 14.75 15.04 15.26 15.62 15.91 18.03 17.23 20.81 20.29 20.44 19.13 17.23 17.59 16.28 15.18 15.55 14.75 14.89 15.70 16.50 16.72 16.57 18.18 18.03 18.03 18.83 17.23 17.96 18.32 18.69 19.20 19.49 19.42 19.20 18.83 16.50 14.82 16.28 15.91 12.78 11.61 10.88 9.86 9.86 9.78 9.93 10.66 10.66 11.39 11.39 11.02 11.02 10.66 11.02 10.88 10.80 10.07 9.64 11.61 12.48 12.12 12.48 11.83 12.26 12.70 11.83 10.22 9.93 12.34 13.07 12.78 13.29 17.01 18.40 18.40 17.89 21.24 21.17 20.81 22.63 21.02 21.32
15.91 15.91 14.75 15.04 15.26 15.62 15.91 18.03 17.23 20.81 20.29 20.44 19.13 17.23 17.59 16.28 15.18 15.55 14.75 14.89 15.70 16.50 16.72 16.57 18.18 18.03 18.03 18.83 17.23 17.96 18.32 18.69 19.20 19.49 19.42 19.20 18.83 16.50 14.82 16.28 15.91 12.78 11.61 10.88 9.86 9.86 9.78 9.93 10.66 10.66 11.39 11.39 11.02 11.02 10.66 11.02 10.88 10.80 10.07 9.64 11.61 12.48 12.12 12.48 11.83 12.26 12.70 11.83 10.22 9.93 12.34 13.07 12.78 13.29 17.01 18.40 18.40 17.89 21.24 21.17 20.81 22.63 21.02 21.32
15.99 15.99 14.89 14.67 14.53 15.91 16.21 15.99 17.23 17.23 17.37 15.26 14.09 15.40 13.29 15.55 14.97 14.67 14.75 14.53 14.97 15.55 15.77 16.06 16.72 16.50 16.50 16.43 14.89 16.21 16.28 19.49 20.00 20.00 19.20 17.30 15.99 14.45 13.14 13.51 12.41 10.07 10.80 11.10 9.78 9.34 9.71 9.20 9.27 10.44 10.80 10.80 10.37 11.24 10.73 11.17 12.78 12.48 12.56 12.12 11.46 11.90 12.26 12.56 13.72 13.07 14.53 12.41 14.09 13.07 13.29 12.92 15.77 15.70 16.94 20.22 20.22 21.83 21.39 22.85 22.41 22.63 20.15 18.18
14.82 14.82 13.65 14.02 14.67 13.94 15.62 16.43 16.35 16.21 14.97 15.40 13.94 13.29 13.51 13.51 14.97 14.75 15.11 14.53 14.53 15.18 15.48 15.91 16.28 14.75 14.75 15.26 15.26 15.55 17.59 19.20 19.56 20.22 18.61 17.16 14.60 13.87 12.05 13.36 12.85 12.05 11.39 10.51 10.37 10.44 9.93 9.64 9.56 10.00 10.00 10.00 9.20 10.73 9.71 10.22 13.14 11.68 12.26 13.21 13.43 13.07 13.65 14.53 14.16 15.62 15.26 14.97 14.75 16.50 15.70 16.06 16.06 18.69 20.22 19.78 19.78 20.29 21.83 21.90 19.71 20.08 20.22 19.86
14.02 14.02 14.09 13.94 13.58 15.70 15.11 15.40 14.60 14.53 14.67 14.31 13.58 13.51 14.16 15.04 14.75 17.16 17.16 17.30 14.67 14.82 14.67 16.35 15.11 16.43 16.43 17.59 17.08 17.59 17.16 17.89 17.89 19.20 17.89 16.13 13.72 13.14 13.87 13.29 12.48 12.85 11.10 10.59 9.78 9.56 9.64 9.49 8.69 8.61 7.52 7.52 8.47 7.30 8.32 9.05 11.02 13.43 15.18 14.31 13.65 13.58 14.16 15.48 15.77 16.13 16.13 16.72 16.86 16.79 17.45 18.03 17.89 18.03 17.30 18.25 18.25 18.40 16.21 18.47 18.69 17.52 19.86 20.08
14.02 14.02 14.09 13.94 13.58 15.70 15.11 15.40 14.60 14.53 14.67 14.31 13.58 13.51 14.16 15.04 14.75 17.16 17.16 17.30 14.67 14.82 14.67 16.35 15.11 16.43 16.43 17.59 17.08 17.59 17.16 17.89 17.89 19.20 17.89 16.13 13.72 13.14 13.87 13.29 12.48 12.85 11.10 10.59 9.78 9.56 9.64 9.49 8.69 8.61 7.52 7.52 8.47 7.30 8.32 9.05 11.02 13.43 15.18 14.31 13.65 13.58 14.16 15.48 15.77 16.13 16.13 16.72 16.86 16.79 17.45 18.03 17.89 18.03 17.30 18.25 18.25 18.40 16.21 18.47 18.69 17.52 19.86 20.08
14.89 14.89 14.97 14.97 14.75 14.31 14.67 14.24 14.53 13.51 13.29 13.51 13.21 14.82 14.53 15.62 17.59 17.23 18.32 18.40 17.01 17.59 15.84 16.57 15.99 16.94 16.94 17.30 17.01 17.08 17.45 17.96 16.35 15.55 16.06 15.48 15.33 13.14 13.14 12.34 11.61 11.17 11.39 11.39 11.24 9.20 8.18 8.69 9.13 9.56 8.61 8.61 7.88 10.07 10.29 11.53 13.58 12.41 14.38 12.41 14.02 15.55 15.26 15.04 15.84 15.62 15.55 15.91 17.96 18.91 18.83 18.69 18.47 16.13 16.72 14.82 14.82 14.89 15.55 10.66 14.02 13.51 15.04 16.06
14.45 14.45 14.24 14.67 15.11 14.02 13.87 14.31 13.29 13.07 13.21 13.36 15.18 14.67 18.10 18.61 19.05 19.42 19.13 19.42 18.54 16.79 17.89 18.54 18.40 17.59 17.59 16.86 17.08 16.50 15.26 15.70 14.24 13.80 13.80 14.16 14.16 12.92 12.85 14.16 14.02 13.80 13.43 13.58 12.92 13.65 12.78 11.39 11.24 10.88 12.05 12.05 12.26 10.22 10.22 9.64 9.86 10.22 11.68 11.24 12.85 14.38 15.84 15.55 15.84 15.70 14.82 16.50 16.72 18.61 16.86 16.21 17.59 13.94 14.31 14.31 14.31 12.85 10.73 10.66 11.68 14.02 13.94 13.51
14.75 14.75 13.58 14.60 14.45 14.75 14.53 14.31 14.60 13.72 14.53 14.60 14.82 17.52 17.16 19.20 19.13 21.02 19.64 20.15 19.35 18.69 18.76 18.98 18.40 16.86 16.86 14.31 15.55 15.11 13.36 13.43 11.68 12.12 12.78 11.83 13.43 14.31 14.24 14.45 13.87 13.65 14.97 15.55 15.99 16.06 14.60 15.26 12.12 10.80 12.41 12.41 10.37 10.07 10.88 10.73 10.44 10.66 11.75 11.53 13.07 12.48 13.72 8.98 11.10 10.51 12.41 9.05 11.24 10.66 14.09 13.14 13.43 13.80 11.02 12.26 12.26 12.63 11.61 12.19 12.19 13.36 13.36 13.21
14.75 14.75 13.58 14.60 14.45 14.75 14.53 14.31 14.60 13.72 14.53 14.60 14.82 17.52 17.16 19.20 19.13 21.02 19.64 20.15 19.35 18.69 18.76 18.98 18.40 16.86 16.86 14.31 15.55 15.11 13.36 13.43 11.68 12.12 12.78 11.83 13.43 14.31 14.24 14.45 13.87 13.65 14.97 15.55 15.99 16.06 14.60 15.26 12.12 10.80 12.41 12.41 10.37 10.07 10.88 10.73 10.44 10.66 11.75 11.53 13.07 12.48 13.72 8.98 11.10 10.51 12.41 9.05 11.24 10.66 14.09 13.14 13.43 13.80 11.02 12.26 12.26 12.63 11.61 12.19 12.19 13.36 13.36 13.21
14.45 14.45 14.60 13.36 13.87 12.70 13.21 13.14 14.97 15.84 15.84 15.99 16.06 15.77 17.89 19.05 20.15 19.71 20.59 20.08 19.42 19.64 19.64 17.89 18.54 16.57 16.57 13.65 12.78 12.70 10.80 10.95 10.51 11.10 10.00 8.61 10.00 13.07 10.80 11.02 12.56 11.83 14.53 15.99 14.60 15.91 15.26 15.48 13.80 10.59 11.39 11.39 10.22 10.95 10.44 8.98 9.05 8.98 9.42 9.86 7.23 7.08 7.01 7.74 7.81 6.50 7.37 7.74 8.61 8.32 7.59 10.73 8.91 9.78 10.07 9.20 9.20 10.51 10.22 11.83 13.65 13.58 11.46 11.46
12.05 12.05 12.56 11.61 11.53 11.83 11.83 13.43 13.07 15.40 15.70 15.77 15.48 16.86 17.74 18.25 19.49 19.56 19.78 19.86 19.71 19.27 17.30 15.48 15.77 12.85 12.85 11.53 9.42 9.49 9.42 9.86 9.71 7.66 9.56 8.69 8.69 10.88 9.71 10.07 10.95 10.22 11.83 12.78 12.56 14.02 11.68 10.66 10.22 10.22 10.88 10.88 10.51 10.59 10.15 9.05 7.15 7.74 5.69 5.69 5.69 5.55 0.00 4.82 4.82 4.89 4.82 5.11 4.82 5.77 6.86 6.20 7.52 8.25 9.34 8.91 8.91 11.17 11.68 11.32 11.39 10.66 11.39 9.78
11.46 11.46 10.66 10.88 10.95 11.75 11.97 12.41 13.07 14.97 14.67 14.82 15.40 16.35 16.72 18.83 19.20 19.27 18.83 17.01 16.06 16.35 16.28 16.06 13.72 12.41 12.41 12.41 11.17 10.80 8.98 10.51 10.00 10.29 9.42 8.91 8.32 10.37 10.95 9.86 9.78 9.93 10.22 11.24 10.80 11.53 11.24 11.17 11.39 10.88 10.88 10.88 10.59 10.80 10.37 9.86 8.69 5.11 4.60 4.31 4.53 5.11 4.89 5.62 5.84 5.69 5.69 4.67 6.28 5.99 5.48 5.55 7.96 7.52 8.40 10.80 10.80 10.37 12.48 11.24 11.10 10.88 10.22 10.07
12.63 12.63 12.63 11.39 11.97 11.90 12.48 12.56 12.05 14.89 15.48 15.62 14.82 15.55 14.45 16.86 16.43 17.74 16.72 16.79 15.99 13.65 13.29 13.51 12.99 13.07 13.07 12.92 12.63 11.53 10.29 10.44 11.24 8.61 8.54 8.54 10.44 8.83 8.83 8.98 9.34 9.56 8.98 9.20 9.42 10.29 11.32 11.24 11.10 11.10 10.37 10.37 11.46 11.68 10.37 7.45 8.32 5.40 5.18 6.28 5.26 5.40 5.18 6.64 6.42 6.57 6.50 6.64 6.42 6.42 6.79 6.13 6.42 6.42 6.28 10.51 10.51 11.90 10.95 11.68 10.22 10.59 11.02 10.66
12.63 12.63 12.63 11.39 11.97 11.90 12.48 12.56 12.05 14.89 15.48 15.62 14.82 15.55 14.45 16.86 16.43 17.74 16.72 16.79 15.99 13.65 13.29 13.51 12.99 13.07 13.07 12.92 12.63 11.53 10.29 10.44 11.24 8.61 8.54 8.54 10.44 8.83 8.83 8.98 9.34 9.56 8.98 9.20 9.42 10.29 11.32 11.24 11.10 11.10 10.37 10.37 11.46 11.68 10.37 7.45 8.32 5.40 5.18 6.28 5.26 5.40 5.18 6.64 6.42 6.57 6.50 6.64 6.42 6.42 6.79 6.13 6.42 6.42 6.28 10.51 10.51 11.90 10.95 11.68 10.22 10.59 11.02 10.66
10.07 10.07 11.02 11.17 10.66 10.37 11.68 10.95 14.53 17.16 16.43 16.06 14.60 13.07 13.29 13.43 15.11 11.68 11.90 12.34 12.19 10.51 11.17 12.05 11.75 12.78 12.78 13.36 13.07 12.78 11.24 9.42 8.32 8.91 8.18 5.77 9.71 7.88 8.47 7.01 8.03 8.18 8.32 9.34 9.34 10.73 10.44 10.22 10.51 9.27 9.49 9.49 11.39 11.39 10.15 7.88 7.74 6.79 6.79 6.79 7.37 8.03 7.01 7.15 7.37 7.59 6.94 6.79 7.59 7.01 8.69 6.28 7.59 6.42 7.45 6.94 6.94 9.05 9.27 9.05 9.42 10.80 10.66 10.00
8.98 8.98 10.29 10.73 10.07 10.22 10.44 13.07 12.12 14.60 15.99 16.06 14.67 11.75 9.34 7.74 7.96 8.10 10.44 7.59 8.54 8.61 9.56 11.90 11.53 12.78 12.78 13.29 13.29 10.95 8.91 9.34 8.40 6.20 7.59 4.82 10.29 8.76 6.20 6.64 8.03 8.98 11.32 10.66 10.80 11.24 10.00 9.64 9.56 9.42 9.71 9.71 11.39 11.83 10.15 10.15 9.56 9.56 12.63 10.07 10.59 8.54 8.40 9.42 9.93 8.40 9.34 7.37 7.81 7.74 8.83 8.40 8.61 7.59 6.94 7.52 7.52 7.23 8.03 8.40 8.91 9.42 8.98 8.91
5.99 5.99 8.03 9.64 10.59 12.05 11.61 11.75 11.10 10.15 8.25 10.80 9.56 8.54 9.20 6.79 3.80 3.87 5.84 5.26 7.59 7.59 11.83 12.34 13.14 12.05 12.05 13.80 11.97 8.10 8.54 8.25 8.25 5.84 3.58 7.74 7.66 7.66 7.88 7.88 11.46 12.41 12.26 11.83 12.12 10.00 10.66 9.34 9.42 10.66 10.66 10.66 10.88 10.51 10.66 10.88 10.95 14.24 14.38 13.29 14.24 12.56 12.99 11.68 12.41 9.78 10.44 8.47 8.40 8.54 8.54 8.40 8.18 8.18 7.96 8.10 8.10 9.42 9.34 10.37 11.39 11.46 9.64 10.73
5.55 5.55 7.30 10.59 12.63 12.41 12.26 10.37 11.10 8.54 6.57 3.29 2.34 2.41 2.99 4.45 4.09 4.23 5.99 5.33 8.10 11.46 15.62 14.24 14.53 13.43 13.43 14.45 9.71 10.07 7.96 8.18 6.28 6.35 6.50 9.13 9.64 9.34 10.29 12.12 12.19 12.05 13.14 12.63 12.19 11.39 12.78 11.68 10.88 12.19 10.95 10.95 10.37 10.80 13.65 14.67 15.11 14.97 14.97 14.89 14.60 13.51 13.87 12.48 12.41 9.93 10.00 10.37 9.20 8.98 8.54 8.61 7.59 8.10 7.81 9.93 9.93 10.44 13.29 12.85 13.58 13.94 14.38 12.78
6.64 6.64 6.28 8.47 12.85 11.17 12.85 12.56 6.13 3.94 3.29 3.58 1.97 2.26 2.34 7.81 6.35 11.39 8.25 11.32 11.90 10.95 17.59 16.72 15.62 14.82 14.82 14.89 11.10 10.80 11.10 9.49 9.64 7.37 7.23 7.96 9.78 9.78 10.07 11.17 11.24 12.56 13.21 13.21 12.63 13.94 14.24 13.29 11.83 12.26 11.46 11.46 13.21 12.92 14.53 14.97 17.16 15.40 14.82 14.75 14.60 12.05 11.75 11.39 11.68 11.46 10.95 11.02 9.42 9.42 8.47 8.47 8.91 8.83 11.46 13.58 13.58 12.05 13.58 14.60 14.09 15.77 15.11 14.16
6.64 6.64 6.28 8.47 12.85 11.17 12.85 12.56 6.13 3.94 3.29 3.58 1.97 2.26 2.34 7.81 6.35 11.39 8.25 11.32 11.90 10.95 17.59 16.72 15.62 14.82 14.82 14.89 11.10 10.80 11.10 9.49 9.64 7.37 7.23 7.96 9.78 9.78 10.07 11.17 11.24 12.56 13.21 13.21 12.63 13.94 14.24 13.29 11.83 12.26 11.46 11.46 13.21 12.92 14.53 14.97 17.16 15.40 14.82 14.75 14.60 12.05 11.75 11.39 11.68 11.46 10.95 11.02 9.42 9.42 8.47 8.47 8.91 8.83 11.46 13.58 13.58 12.05 13.58 14.60 14.09 15.77 15.11 14.16
2.70 2.70 5.69 9.78 8.98 10.29 8.03 4.96 5.69 4.31 3.65 4.82 5.18 5.18 3.36 6.20 11.39 16.13 17.08 15.26 15.40 15.18 16.72 16.43 17.81 16.86 16.86 15.18 10.66 10.88 10.95 10.73 10.73 10.37 9.05 11.10 11.17 10.44 10.29 11.24 11.32 12.26 13.14 15.33 15.77 15.99 15.11 16.35 16.72 15.70 15.77 15.77 15.77 16.21 15.04 17.81 17.59 16.28 14.82 13.07 11.90 11.90 11.90 12.78 11.90 12.12 11.46 12.05 11.39 11.17 11.68 10.80 12.56 12.92 11.75 13.87 13.87 14.09 13.43 14.82 15.84 15.55 15.33 14.89
3.87 3.87 2.99 7.23 7.88 4.74 5.33 3.72 0.00 0.00 2.77 3.50 6.13 6.06 4.38 8.25 7.23 13.72 17.08 17.89 15.99 15.91 15.84 15.48 16.43 11.32 11.32 9.13 9.71 9.71 11.46 11.46 11.02 10.95 12.19 13.80 12.41 11.75 12.12 11.90 11.53 13.21 14.45 16.57 17.89 17.96 16.86 16.50 17.67 17.52 17.96 17.96 16.86 16.79 18.18 17.67 17.89 17.30 15.70 14.24 12.78 14.24 14.60 13.36 12.41 14.38 14.53 14.16 17.52 14.67 15.11 15.62 14.45 14.82 14.38 14.31 14.31 14.53 14.16 14.09 15.84 16.64 16.43 15.84
4.02 4.02 3.43 2.70 2.85 3.07 1.53 0.00 0.00 0.00 0.88 0.00 0.80 3.50 2.99 5.99 11.61 18.32 19.27 18.83 16.57 14.97 14.24 12.05 10.07 11.17 11.17 8.10 9.49 12.12 11.68 11.10 11.02 10.59 14.60 14.31 12.85 12.99 13.29 14.31 14.31 14.97 14.82 16.13 16.35 17.67 18.32 17.30 17.16 18.10 16.64 16.64 16.50 17.89 18.18 19.35 17.81 16.35 16.64 15.26 18.61 16.72 16.43 16.21 16.21 16.94 18.25 17.96 18.03 16.64 15.48 15.70 15.48 15.26 15.99 14.16 14.16 14.38 14.16 14.60 15.11 16.35 17.01 17.08
5.62 5.62 6.13 3.58 3.21 2.56 2.77 1.31 3.72 1.61 0.00 0.00 0.00 0.44 1.31 9.05 17.01 18.91 19.64 19.78 14.53 15.62 10.73 11.75 9.49 7.52 7.52 7.52 10.15 10.80 10.37 11.24 8.61 10.29 14.75 14.16 14.31 15.40 13.14 14.38 13.94 14.31 15.26 16.06 15.77 17.52 17.08 17.01 14.82 14.24 14.24 14.24 16.13 17.16 17.16 18.25 18.18 17.96 18.40 19.35 19.42 18.40 16.64 17.08 17.16 17.23 17.37 17.45 15.70 15.91 15.26 16.13 16.35 15.55 15.62 15.33 15.33 14.53 14.67 14.67 15.77 15.40 17.01 18.10
8.98 8.98 7.81 6.13 5.99 6.94 7.37 7.23 7.74 6.13 4.02 7.01 3.29 1.68 0.80 4.82 11.53 15.48 17.81 15.11 14.97 12.48 11.75 9.86 8.91 8.03 8.03 9.13 9.42 8.83 8.32 7.59 7.81 9.27 15.40 14.60 13.94 13.80 13.21 13.43 13.43 13.29 14.16 15.40 15.77 16.06 17.52 12.63 11.46 12.05 8.83 8.83 11.46 14.82 13.51 16.35 17.89 13.72 16.28 17.74 14.31 14.82 16.13 15.91 15.40 16.35 16.64 16.13 15.77 15.99 15.77 15.70 15.70 16.21 16.50 14.75 14.75 16.21 16.13 16.21 15.70 16.64 19.05 18.61
8.98 8.98 7.81 6.13 5.99 6.94 7.37 7.23 7.74 6.13 4.02 7.01 3.29 1.68 0.80 4.82 11.53 15.48 17.81 15.11 14.97 12.48 11.75 9.86 8.91 8.03 8.03 9.13 9.42 8.83 8.32 7.59 7.81 9.27 15.40 14.60 13.94 13.80 13.21 13.43 13.43 13.29 14.16 15.40 15.77 16.06 17.52 12.63 11.46 12.05 8.83 8.83 11.46 14.82 13.51 16.35 17.89 13.72 16.28 17.74 14.31 14.82 16.13 15.91 15.40 16.35 16.64 16.13 15.77 15.99 15.77 15.70 15.70 16.21 16.50 14.75 14.75 16.21 16.13 16.21 15.70 16.64 19.05 18.61
8.32 8.32 9.05 6.79 7.45 8.03 8.10 8.47 6.64 10.15 11.32 11.32 10.00 7.96 10.95 13.72 15.26 15.33 13.21 9.49 10.51 8.40 9.86 8.91 8.98 9.05 9.05 8.91 7.96 8.10 8.10 7.23 7.30 14.09 13.36 13.43 12.41 11.75 12.63 13.14 13.72 13.51 13.36 14.89 16.21 14.09 16.50 10.15 6.86 4.02 5.55 5.55 8.98 10.66 10.51 10.44 8.98 9.34 11.83 9.27 12.78 11.39 12.41 12.63 14.24 16.13 16.21 16.57 15.84 15.11 13.87 14.75 14.97 13.94 14.53 14.38 14.38 14.60 15.48 13.29 13.87 11.75 12.70 18.40
8.10 8.10 6.42 6.72 6.86 9.13 9.20 9.93 10.00 10.00 10.15 12.56 13.21 12.34 12.48 13.43 14.89 12.78 9.56 7.01 8.10 12.05 8.47 7.52 7.08 7.01 7.01 7.96 9.20 8.47 8.69 8.61 7.23 13.14 13.07 12.78 11.90 12.26 12.34 14.16 13.43 13.87 14.75 14.45 15.77 17.01 16.72 15.26 7.66 3.65 4.67 4.67 6.28 8.47 9.13 7.01 5.69 5.77 8.32 7.45 9.71 9.64 11.39 12.19 15.70 15.40 16.72 15.48 15.40 15.84 13.43 11.32 12.56 12.41 9.49 10.44 10.44 3.21 3.29 6.13 6.50 6.35 5.40 7.30
9.71 9.71 7.37 6.86 8.18 8.69 8.47 9.34 10.37 11.24 12.41 12.99 12.85 11.53 12.12 11.75 10.44 11.83 10.66 7.45 6.50 5.33 7.81 5.84 5.84 6.13 6.13 8.83 8.47 9.20 8.98 9.13 8.32 13.43 13.07 12.92 12.78 12.85 13.29 13.51 11.83 12.41 13.43 14.75 16.64 17.67 14.16 8.69 5.26 6.72 6.50 6.50 8.25 7.96 8.03 6.64 4.16 5.91 6.94 8.61 8.83 8.98 10.44 11.02 13.21 13.36 10.88 13.14 10.44 11.39 11.97 8.69 9.93 6.64 6.28 0.15 0.15 0.00 0.00 0.00 1.90 2.26 4.09 3.29
5.84 5.84 6.20 6.06 6.79 8.54 6.42 8.03 10.95 10.59 12.56 14.60 14.09 11.68 9.71 10.15 7.96 8.98 7.45 4.89 4.89 5.55 5.18 5.11 5.69 5.84 5.84 8.18 8.47 8.47 8.83 9.78 12.63 15.26 15.48 14.82 15.11 12.70 11.32 11.39 11.17 10.95 11.02 13.94 16.86 17.30 15.40 12.41 14.67 13.07 11.53 11.53 8.18 7.45 5.40 5.26 5.69 6.57 7.96 7.01 7.74 6.94 5.84 8.32 7.96 8.76 8.32 10.66 9.56 8.25 7.30 8.32 3.94 1.10 0.00 0.00 0.00 0.00 2.12 5.48 6.28 2.85 3.80 4.60
3.65 3.65 2.34 2.19 3.50 5.99 5.33 7.30 10.15 10.44 13.94 14.02 10.80 8.18 8.69 5.33 7.23 5.84 4.67 6.13 4.53 3.07 4.82 5.26 5.69 5.55 5.55 7.52 8.83 10.95 9.34 10.59 14.60 17.16 17.45 16.72 13.58 12.05 11.24 10.22 9.56 11.68 10.88 13.29 15.33 17.52 15.77 15.40 17.08 17.01 15.26 15.26 10.15 11.53 9.56 10.00 8.47 6.20 6.57 5.69 0.00 5.84 11.02 8.83 9.20 8.10 8.47 8.47 8.76 8.47 5.99 1.97 3.94 0.00 0.00 4.67 4.67 3.87 6.13 11.90 14.02 14.97 7.74 7.08
0.73 0.73 1.17 0.58 1.68 3.21 5.99 7.52 8.98 8.83 10.59 9.86 11.10 9.56 5.91 4.16 4.60 5.04 1.68 2.48 3.87 3.58 4.74 6.06 5.40 5.69 5.69 5.55 7.81 11.24 12.78 12.48 15.91 16.43 17.16 12.85 11.46 10.73 9.64 10.29 9.86 11.24 10.95 12.99 12.48 14.16 14.45 15.62 16.35 18.10 14.38 14.38 14.60 13.65 13.43 10.29 5.48 0.00 0.00 4.67 0.00 9.64 15.18 12.05 11.68 14.16 10.95 12.05 8.98 8.83 12.26 6.42 7.08 8.76 1.17 13.51 13.51 21.83 20.95 16.86 19.56 20.44 21.68 13.87
0.73 0.73 1.17 0.58 1.68 3.21 5.99 7.52 8.98 8.83 10.59 9.86 11.10 9.56 5.91 4.16 4.60 5.04 1.68 2.48 3.87 3.58 4.74 6.06 5.40 5.69 5.69 5.55 7.81 11.24 12.78 12.48 15.91 16.43 17.16 12.85 11.46 10.73 9.64 10.29 9.86 11.24 10.95 12.99 12.48 14.16 14.45 15.62 16.35 18.10 14.38 14.38 14.60 13.65 13.43 10.29 5.48 0.00 0.00 4.67 0.00 9.64 15.18 12.05 11.68 14.16 10.95 12.05 8.98 8.83 12.26 6.42 7.08 8.76 1.17 13.51 13.51 21.83 20.95 16.86 19.56 20.44 21.68 13.87
0.00 0.00 0.51 2.63 3.43 6.64 5.91 7.45 8.91 9.78 8.91 8.40 8.10 8.03 0.00 0.00 0.00 3.72 0.00 2.63 3.72 3.65 3.14 6.50 4.45 4.60 4.60 5.18 5.11 9.78 7.74 9.71 16.13 10.15 10.73 10.44 10.37 10.44 11.53 11.83 10.88 10.15 8.69 10.44 12.19 13.80 14.02 13.43 13.94 13.94 14.02 14.02 14.09 14.82 13.65 9.49 0.00 0.00 0.00 10.51 19.20 18.61 17.74 18.61 16.21 17.08 13.51 15.84 13.58 16.06 16.43 12.34 15.84 22.41 21.10 19.13 19.13 24.60 24.67 26.43 22.92 25.33 25.55 21.17
