Wansh/Snow_depth/snowdepth-1993/winter/1993339.txt
ncols 321
nrows 161
xllcenter 60
yllcenter 15 
cellsize  0.25 
NODATA_value -1
[rows 0 to 37 of 161, columns 0 to 83 of 321]
5.77 5.77 5.11 8.98 9.13 8.47 9.05 7.15 9.05 8.32 10.51 12.05 13.43 13.29 13.43 13.07 12.63 12.78 13.36 13.36 13.36 14.09 13.58 14.24 12.63 13.36 13.36 13.36 13.58 13.14 12.92 13.51 13.29 13.87 15.33 14.24 14.89 14.82 15.26 17.01 17.01 16.94 16.21 15.04 15.84 12.70 11.10 11.46 11.83 9.86 10.00 10.00 9.78 8.18 8.98 8.98 7.37 7.23 9.34 8.03 8.54 7.74 7.30 7.08 9.42 9.05 9.05 7.01 7.59 6.79 7.01 6.28 8.25 9.20 9.64 9.42 9.42 11.17 12.34 12.56 13.21 13.14 11.53 11.53
8.98 8.98 9.13 9.86 9.20 10.07 9.49 9.42 11.17 10.07 11.53 12.48 12.48 12.41 12.78 11.39 11.68 10.66 10.37 11.46 12.70 12.41 12.34 12.56 11.97 13.21 13.21 14.53 13.21 13.80 12.48 14.16 13.43 13.21 13.29 13.65 13.87 16.28 16.79 16.79 15.70 11.90 11.46 11.46 10.07 10.95 8.47 8.25 8.03 9.42 8.40 8.40 8.32 7.96 5.91 6.20 5.84 6.86 6.50 7.08 6.57 6.50 6.72 6.64 6.57 7.30 8.25 6.72 5.77 6.42 7.59 8.25 8.25 10.88 10.07 12.63 12.63 13.87 13.43 13.80 13.72 13.87 13.94 14.24
10.15 10.15 8.76 8.47 8.91 10.15 10.00 10.29 9.93 11.17 11.90 11.10 10.51 10.95 11.17 10.66 10.22 9.42 9.27 10.00 9.56 11.83 11.90 13.14 12.70 12.78 12.78 14.02 13.58 13.80 13.58 14.38 13.36 13.43 13.14 13.87 13.72 14.45 11.53 11.39 11.53 10.51 7.96 10.29 7.08 8.25 7.88 6.50 6.94 6.72 7.45 7.45 5.91 5.55 5.84 5.55 5.40 6.13 6.28 6.28 6.28 6.35 6.35 7.23 6.86 6.94 7.23 7.23 7.45 8.32 8.03 10.29 11.53 10.00 12.48 11.90 11.90 14.38 15.55 15.48 15.26 14.89 15.11 14.31
10.15 10.15 8.76 8.47 8.91 10.15 10.00 10.29 9.93 11.17 11.90 11.10 10.51 10.95 11.17 10.66 10.22 9.42 9.27 10.00 9.56 11.83 11.90 13.14 12.70 12.78 12.78 14.02 13.58 13.80 13.58 14.38 13.36 13.43 13.14 13.87 13.72 14.45 11.53 11.39 11.53 10.51 7.96 10.29 7.08 8.25 7.88 6.50 6.94 6.72 7.45 7.45 5.91 5.55 5.84 5.55 5.40 6.13 6.28 6.28 6.28 6.35 6.35 7.23 6.86 6.94 7.23 7.23 7.45 8.32 8.03 10.29 11.53 10.00 12.48 11.90 11.90 14.38 15.55 15.48 15.26 14.89 15.11 14.31
9.05 9.05 8.03 8.25 8.25 9.49 9.49 9.86 10.07 11.24 10.15 8.54 8.69 8.69 7.23 10.51 9.42 9.42 8.76 9.93 11.24 12.56 12.34 12.70 12.19 12.19 12.19 13.07 11.97 11.68 10.66 12.99 12.34 13.80 13.14 14.16 12.34 12.78 11.24 10.07 8.98 9.78 7.52 6.50 6.79 6.13 5.77 5.99 5.55 4.82 5.40 5.40 5.55 4.67 5.91 5.62 6.57 6.57 5.84 5.99 6.13 6.86 7.59 7.59 7.74 7.15 7.23 7.74 7.59 9.56 10.51 10.15 11.90 13.87 13.87 15.62 15.62 14.60 16.35 15.77 15.91 14.67 14.09 14.02
9.20 9.20 9.78 7.74 7.81 8.61 9.13 9.78 8.32 9.64 8.47 8.83 7.88 6.86 7.81 9.20 10.07 8.98 10.15 9.64 11.02 11.39 10.44 11.46 11.17 9.71 9.71 9.13 9.86 9.42 11.39 13.36 14.38 15.26 14.97 15.11 13.21 10.66 10.37 10.44 10.66 9.27 9.13 8.10 6.42 6.72 7.01 5.18 5.40 4.82 4.60 4.60 4.09 4.38 4.60 6.28 6.42 7.23 6.72 6.94 7.81 7.81 9.05 8.03 8.25 8.47 9.78 8.03 10.22 11.46 11.24 12.99 11.68 14.53 14.97 14.67 14.67 15.26 14.31 14.60 14.16 14.09 13.80 12.56
10.80 10.80 8.40 7.96 8.10 7.96 8.18 8.69 8.18 9.05 9.27 9.20 9.13 7.37 8.10 8.03 10.07 11.90 12.48 10.73 9.27 9.42 9.20 10.51 9.93 8.83 8.83 10.51 9.86 11.24 12.26 12.92 13.72 13.07 11.75 11.24 11.32 10.51 10.37 10.29 10.22 9.13 8.91 8.91 8.69 7.74 8.40 5.91 4.82 4.53 4.67 4.67 3.72 3.36 3.36 5.99 8.32 7.96 8.61 8.83 7.88 9.34 9.20 10.15 9.42 9.56 9.71 12.78 12.26 12.34 13.51 12.92 14.67 12.56 13.14 13.65 13.65 13.65 12.34 12.12 11.75 13.51 12.78 12.99
10.80 10.80 8.40 7.96 8.10 7.96 8.18 8.69 8.18 9.05 9.27 9.20 9.13 7.37 8.10 8.03 10.07 11.90 12.48 10.73 9.27 9.42 9.20 10.51 9.93 8.83 8.83 10.51 9.86 11.24 12.26 12.92 13.72 13.07 11.75 11.24 11.32 10.51 10.37 10.29 10.22 9.13 8.91 8.91 8.69 7.74 8.40 5.91 4.82 4.53 4.67 4.67 3.72 3.36 3.36 5.99 8.32 7.96 8.61 8.83 7.88 9.34 9.20 10.15 9.42 9.56 9.71 12.78 12.26 12.34 13.51 12.92 14.67 12.56 13.14 13.65 13.65 13.65 12.34 12.12 11.75 13.51 12.78 12.99
10.51 10.51 9.27 8.47 8.03 7.66 7.52 7.23 7.59 8.69 9.49 7.52 9.27 8.40 8.40 8.54 11.32 11.68 11.68 10.15 10.44 8.54 9.20 9.34 10.29 10.88 10.88 11.68 12.05 11.83 12.70 12.78 12.34 10.51 10.51 10.73 10.37 10.44 10.07 8.98 9.13 8.91 9.27 8.32 8.54 7.74 6.50 6.64 5.04 7.66 4.45 4.45 5.04 5.26 5.77 5.26 7.59 6.50 8.25 8.76 10.07 9.78 11.02 10.29 10.73 10.44 9.86 13.07 14.31 14.02 14.45 14.60 14.97 12.85 10.44 10.59 10.59 8.98 7.08 7.23 8.32 11.02 11.97 10.73
9.34 9.34 9.64 8.47 7.74 6.94 6.57 6.86 6.94 8.18 7.74 6.86 8.32 9.93 10.95 12.63 12.85 13.07 12.41 10.44 10.07 10.29 10.88 8.98 9.05 10.29 10.29 11.17 11.90 12.19 11.24 10.73 9.93 10.29 9.78 8.83 9.05 9.93 10.00 8.32 8.76 10.07 9.78 10.22 8.91 9.27 7.66 7.88 8.40 8.25 8.03 8.03 6.64 7.01 6.13 6.86 6.79 5.91 7.88 7.74 9.64 10.15 10.15 11.17 10.07 10.07 10.22 10.15 13.36 13.43 13.29 13.51 11.46 11.75 10.51 9.42 9.42 9.86 7.52 7.88 7.52 10.07 11.24 10.95
9.64 9.64 8.47 7.30 7.23 6.72 6.57 7.23 7.08 5.84 8.25 6.50 6.79 7.37 10.66 12.41 11.83 11.90 10.88 11.32 10.73 11.39 10.88 12.26 11.68 13.07 13.07 11.68 11.17 11.39 10.73 8.25 6.42 6.57 7.52 7.66 8.69 7.66 7.81 7.88 7.37 8.83 10.80 10.37 11.90 11.90 12.05 9.93 8.32 7.37 7.74 7.74 6.28 6.28 6.28 6.06 6.06 5.84 7.37 7.37 8.91 9.20 7.08 6.86 5.62 8.83 8.91 7.59 7.37 7.52 10.73 10.59 10.51 9.34 9.56 8.32 8.32 7.74 8.98 8.98 10.00 9.78 10.88 10.51
9.64 9.64 8.47 7.30 7.23 6.72 6.57 7.23 7.08 5.84 8.25 6.50 6.79 7.37 10.66 12.41 11.83 11.90 10.88 11.32 10.73 11.39 10.88 12.26 11.68 13.07 13.07 11.68 11.17 11.39 10.73 8.25 6.42 6.57 7.52 7.66 8.69 7.66 7.81 7.88 7.37 8.83 10.80 10.37 11.90 11.90 12.05 9.93 8.32 7.37 7.74 7.74 6.28 6.28 6.28 6.06 6.06 5.84 7.37 7.37 8.91 9.20 7.08 6.86 5.62 8.83 8.91 7.59 7.37 7.52 10.73 10.59 10.51 9.34 9.56 8.32 8.32 7.74 8.98 8.98 10.00 9.78 10.88 10.51
9.05 9.05 8.03 7.45 7.01 7.01 7.30 6.28 7.23 8.98 7.08 7.15 7.52 9.56 10.88 10.59 11.68 11.46 12.41 12.12 11.83 12.05 12.19 12.19 12.70 12.34 12.34 11.39 7.30 7.37 7.01 7.08 6.42 6.20 4.74 5.77 5.55 6.79 5.91 5.11 4.89 7.81 8.83 11.10 10.80 11.24 9.93 8.83 9.34 6.64 6.50 6.50 6.50 7.23 5.77 6.06 5.84 5.18 6.35 6.42 5.77 6.06 4.74 4.74 4.60 4.74 5.84 5.91 5.48 6.28 5.48 6.20 5.99 8.61 7.23 7.08 7.08 6.79 9.27 10.00 9.64 10.66 8.83 9.05
7.23 7.23 7.15 6.86 6.86 7.37 7.37 6.86 7.96 5.77 6.50 6.94 6.06 7.81 10.15 13.21 12.99 12.99 13.07 11.61 11.97 11.17 11.68 11.46 12.34 13.21 13.21 7.88 6.72 5.91 5.62 3.36 3.94 3.80 4.38 4.74 5.11 4.02 4.38 4.89 5.84 7.08 6.79 8.40 7.96 7.74 8.83 6.79 7.08 6.94 6.64 6.64 7.23 7.15 7.01 5.62 5.84 4.82 4.38 5.69 4.16 3.80 3.80 4.38 4.31 4.45 3.50 3.21 3.65 4.53 4.67 4.53 5.18 5.48 5.48 6.94 6.94 8.83 8.54 10.51 10.07 10.29 8.10 8.40
6.72 6.72 7.45 6.86 7.30 6.86 7.23 6.64 5.55 5.55 5.55 7.08 6.35 7.23 10.95 12.48 13.87 13.07 11.83 11.02 11.17 10.51 10.15 11.46 8.32 7.74 7.74 7.96 7.01 6.42 4.53 3.94 4.16 4.82 4.96 4.67 5.26 5.04 5.33 5.33 5.55 5.69 5.18 5.11 6.50 6.20 7.37 7.15 6.64 6.28 6.50 6.50 7.01 7.30 7.37 6.72 4.82 5.04 3.94 4.53 4.38 4.23 4.09 4.16 3.87 3.50 3.72 3.07 2.70 2.92 3.14 4.38 4.23 4.96 5.91 5.40 5.40 8.03 9.20 8.54 8.61 7.88 7.96 8.03
6.35 6.35 6.72 6.86 6.94 7.66 6.28 4.67 5.40 6.79 6.57 9.20 10.29 11.02 10.80 11.97 11.97 12.63 12.78 11.83 11.90 11.17 9.34 11.10 9.05 8.10 8.10 7.23 6.50 4.96 5.26 5.04 4.45 5.18 4.82 4.89 5.69 5.55 5.99 5.04 4.45 4.60 4.53 4.89 4.60 6.50 7.15 6.20 6.42 5.18 6.64 6.64 6.42 7.96 6.72 7.45 3.36 3.58 3.36 5.04 5.18 5.04 4.23 4.60 4.23 5.48 5.04 4.09 3.80 3.58 3.65 3.72 4.09 4.16 4.09 6.86 6.86 8.32 8.18 7.74 7.74 7.66 7.96 7.23
6.35 6.35 6.72 6.86 6.94 7.66 6.28 4.67 5.40 6.79 6.57 9.20 10.29 11.02 10.80 11.97 11.97 12.63 12.78 11.83 11.90 11.17 9.34 11.10 9.05 8.10 8.10 7.23 6.50 4.96 5.26 5.04 4.45 5.18 4.82 4.89 5.69 5.55 5.99 5.04 4.45 4.60 4.53 4.89 4.60 6.50 7.15 6.20 6.42 5.18 6.64 6.64 6.42 7.96 6.72 7.45 3.36 3.58 3.36 5.04 5.18 5.04 4.23 4.60 4.23 5.48 5.04 4.09 3.80 3.58 3.65 3.72 4.09 4.16 4.09 6.86 6.86 8.32 8.18 7.74 7.74 7.66 7.96 7.23
7.59 7.59 7.52 6.50 7.66 2.92 3.87 3.50 5.11 8.40 7.59 10.51 10.00 11.46 11.39 11.90 11.75 12.19 12.63 10.22 9.86 8.32 8.98 8.98 8.98 7.52 7.52 7.37 6.86 5.99 4.96 4.16 4.23 4.67 5.69 6.50 5.55 5.69 4.23 4.38 2.99 3.43 4.02 4.82 6.86 6.79 7.01 5.91 5.40 5.26 7.01 7.01 8.18 7.66 6.42 3.94 4.38 4.53 5.11 4.74 5.33 6.20 6.20 5.62 5.62 5.62 5.62 5.69 6.20 5.33 4.74 4.23 4.45 4.09 4.38 4.16 4.16 5.11 5.84 5.62 6.79 7.23 7.66 7.52
8.54 8.54 7.88 7.01 3.29 2.92 5.33 7.01 9.34 8.61 9.42 11.53 11.53 10.95 11.61 11.97 10.73 10.51 8.76 9.71 8.54 5.99 8.03 7.15 7.88 7.23 7.23 7.08 7.30 5.48 4.16 3.50 5.33 6.28 6.13 6.06 5.33 4.16 4.09 3.72 5.48 5.77 5.55 5.77 7.37 6.86 6.94 6.57 6.64 7.81 7.96 7.96 7.01 6.72 6.94 7.30 6.13 5.77 7.37 8.98 6.50 6.57 7.08 8.32 5.99 6.13 6.13 6.13 6.64 7.74 7.59 7.15 6.64 4.89 4.23 4.82 4.82 4.53 5.77 6.79 6.72 7.08 6.13 6.86
7.15 7.15 7.74 4.02 5.04 6.42 6.13 7.30 9.71 11.17 11.68 12.12 11.90 11.10 11.53 10.88 9.71 9.42 7.59 5.91 6.20 5.55 7.59 10.59 9.56 7.66 7.66 6.79 6.94 5.40 5.04 5.77 7.01 6.94 8.03 7.15 7.01 6.13 7.66 7.45 7.45 6.86 8.18 8.03 7.96 8.25 6.94 6.86 7.81 8.54 7.08 7.08 7.45 7.59 8.10 8.25 9.05 8.61 8.25 9.78 9.78 7.59 7.59 9.05 10.29 10.29 8.91 7.66 7.66 8.32 8.10 8.32 7.08 7.01 6.86 6.79 6.79 7.74 9.20 8.83 10.66 10.80 9.05 9.42
8.40 8.40 7.37 4.45 5.33 7.66 9.64 9.42 9.93 12.05 11.61 9.78 10.22 10.00 9.49 9.64 9.71 8.54 8.98 7.23 7.30 11.32 10.00 9.64 10.29 8.69 8.69 8.98 8.76 7.37 7.96 7.23 8.25 9.20 9.42 8.03 7.96 8.10 8.03 8.76 8.98 8.91 8.61 9.49 8.47 8.76 7.74 7.81 7.37 7.45 7.23 7.23 7.01 7.01 8.76 9.64 9.27 10.51 10.37 10.37 10.73 8.69 9.49 8.61 10.66 9.20 9.56 8.32 7.74 7.45 7.74 7.23 6.86 6.94 7.08 7.96 7.96 7.88 9.42 10.95 11.83 11.75 10.51 10.80
7.96 7.96 7.74 8.03 5.62 8.32 9.20 9.93 8.98 8.25 12.48 9.71 8.76 9.13 9.42 9.71 9.34 9.49 9.93 11.32 12.19 12.05 11.83 10.88 12.56 11.75 11.75 10.44 10.44 9.86 10.80 9.64 8.98 9.13 9.56 7.37 7.74 8.03 8.32 8.32 8.98 9.49 9.56 9.78 8.83 8.32 8.54 7.74 7.08 7.96 8.03 8.03 7.15 10.07 9.34 10.22 11.46 11.32 11.39 10.66 8.98 9.34 9.20 9.93 9.93 9.78 8.40 8.76 7.52 7.52 7.30 7.45 7.52 8.25 7.52 8.91 8.91 10.00 9.20 10.15 11.32 12.70 11.97 12.48
7.96 7.96 7.74 8.03 5.62 8.32 9.20 9.93 8.98 8.25 12.48 9.71 8.76 9.13 9.42 9.71 9.34 9.49 9.93 11.32 12.19 12.05 11.83 10.88 12.56 11.75 11.75 10.44 10.44 9.86 10.80 9.64 8.98 9.13 9.56 7.37 7.74 8.03 8.32 8.32 8.98 9.49 9.56 9.78 8.83 8.32 8.54 7.74 7.08 7.96 8.03 8.03 7.15 10.07 9.34 10.22 11.46 11.32 11.39 10.66 8.98 9.34 9.20 9.93 9.93 9.78 8.40 8.76 7.52 7.52 7.30 7.45 7.52 8.25 7.52 8.91 8.91 10.00 9.20 10.15 11.32 12.70 11.97 12.48
7.37 7.37 7.52 9.27 9.13 9.71 9.49 9.20 8.76 12.26 11.90 9.34 8.69 9.05 9.49 9.64 10.51 10.88 12.12 11.97 11.97 12.05 11.68 11.39 11.10 11.02 11.02 11.61 11.32 10.00 10.15 9.56 7.15 6.28 7.23 7.08 7.52 7.88 8.83 8.69 9.20 9.27 10.29 9.34 9.42 8.98 8.10 8.25 7.74 8.83 9.56 9.56 9.49 10.15 11.02 10.80 11.83 11.46 11.32 11.02 8.69 8.76 8.47 9.20 8.25 8.32 8.40 7.74 7.66 8.32 7.81 7.45 7.30 8.69 9.05 8.83 8.83 8.69 8.98 9.56 11.46 11.17 12.19 11.53
6.86 6.86 9.05 9.20 9.34 8.91 8.98 9.42 11.24 8.61 7.01 8.03 8.61 8.47 8.47 9.05 8.32 10.00 11.53 11.10 10.80 11.61 10.37 9.34 10.15 9.20 9.20 9.86 9.71 9.86 9.49 7.37 6.50 6.06 6.20 6.35 6.42 7.37 7.74 8.98 8.83 9.64 10.07 10.37 9.34 9.64 8.69 9.13 8.91 9.27 9.86 9.86 10.51 9.93 11.61 11.24 11.39 10.59 10.00 9.20 9.49 8.83 8.47 8.61 7.96 8.54 8.54 8.76 8.98 9.05 8.83 8.54 8.47 8.32 9.05 8.83 8.83 9.05 8.91 8.32 10.95 9.56 11.68 11.24
8.25 8.25 8.40 8.98 9.27 8.25 8.76 8.76 8.98 7.01 6.28 6.28 7.37 5.40 7.45 8.18 7.88 8.83 10.15 11.17 10.66 11.32 11.32 8.91 8.61 8.54 8.54 7.88 8.61 7.81 7.01 5.18 5.62 5.33 5.99 6.06 7.37 7.52 7.45 8.91 8.40 9.42 9.42 8.69 8.25 8.61 8.69 9.27 9.56 9.42 9.42 9.42 9.56 10.15 11.10 10.66 10.15 9.78 10.29 10.00 8.91 9.49 7.96 8.40 8.03 8.32 9.05 8.47 8.47 8.69 7.88 7.37 7.37 8.03 7.88 7.81 7.81 7.96 7.37 7.66 7.52 8.10 9.20 9.86
9.42 9.42 9.78 8.25 9.13 7.45 9.56 6.35 8.91 8.25 6.06 5.99 3.58 2.63 3.80 5.77 6.06 8.83 8.10 10.66 11.53 9.34 8.54 7.88 8.18 7.52 7.52 6.50 6.20 7.52 6.42 4.23 4.89 5.69 5.69 6.20 7.30 7.01 7.01 6.72 7.66 7.45 7.74 8.03 7.81 8.98 8.32 9.42 8.61 8.10 8.54 8.54 8.61 8.76 9.93 11.32 10.00 9.71 9.86 9.71 9.64 7.37 7.59 7.88 8.98 8.91 8.25 8.25 8.10 8.18 7.66 7.74 8.03 7.88 7.88 7.96 7.96 7.01 7.15 7.01 7.74 8.69 8.61 8.91
8.69 8.69 9.64 8.40 7.01 5.69 6.86 5.48 7.15 3.94 3.58 2.56 2.77 2.34 2.26 4.38 5.77 7.23 6.42 7.52 10.29 7.96 7.45 6.57 4.60 5.55 5.55 5.99 5.84 6.28 4.09 0.00 4.23 4.31 5.91 5.77 6.28 6.42 6.86 6.86 7.88 7.37 8.25 8.40 8.18 7.74 7.96 7.59 7.81 7.88 8.47 8.47 8.69 8.40 9.56 9.86 9.78 8.91 8.98 7.66 8.10 6.94 7.15 7.01 7.96 8.54 8.10 8.40 7.45 7.59 8.25 7.81 7.45 8.03 7.81 8.10 8.10 7.74 6.94 7.01 7.23 7.23 7.59 8.54
8.69 8.69 9.64 8.40 7.01 5.69 6.86 5.48 7.15 3.94 3.58 2.56 2.77 2.34 2.26 4.38 5.77 7.23 6.42 7.52 10.29 7.96 7.45 6.57 4.60 5.55 5.55 5.99 5.84 6.28 4.09 0.00 4.23 4.31 5.91 5.77 6.28 6.42 6.86 6.86 7.88 7.37 8.25 8.40 8.18 7.74 7.96 7.59 7.81 7.88 8.47 8.47 8.69 8.40 9.56 9.86 9.78 8.91 8.98 7.66 8.10 6.94 7.15 7.01 7.96 8.54 8.10 8.40 7.45 7.59 8.25 7.81 7.45 8.03 7.81 8.10 8.10 7.74 6.94 7.01 7.23 7.23 7.59 8.54
8.69 8.69 8.54 5.77 5.91 5.99 5.33 5.48 5.48 4.53 4.74 4.45 0.00 6.06 5.77 5.77 6.28 7.30 5.77 4.89 8.47 6.13 3.43 3.94 3.94 5.11 5.11 5.99 4.74 0.00 0.00 0.00 0.00 0.00 4.89 4.82 5.99 5.48 5.77 6.50 8.03 7.96 6.64 7.30 7.23 7.45 6.94 6.79 7.30 7.30 7.37 7.37 7.37 8.83 8.54 8.83 7.59 7.52 7.66 6.79 5.99 5.91 6.35 7.01 8.10 7.81 8.10 7.01 7.30 7.01 7.59 8.25 6.72 7.01 6.13 6.06 6.06 5.26 6.42 6.06 6.94 7.23 7.01 7.81
6.42 6.42 5.48 5.62 5.11 0.00 0.00 5.55 0.00 3.87 0.00 0.00 0.00 0.00 6.64 5.69 5.69 5.77 5.99 7.45 3.87 0.00 2.41 0.00 3.58 4.02 4.02 0.00 4.60 0.00 0.00 0.00 0.00 0.00 0.00 5.11 4.60 5.48 5.26 6.06 5.69 6.28 6.28 7.23 6.72 5.99 6.28 6.35 6.13 6.28 6.28 6.28 6.72 7.59 8.47 8.54 7.37 5.62 5.11 5.55 5.55 6.72 6.35 5.77 4.16 5.11 7.37 7.66 6.35 7.01 6.57 8.03 7.30 5.62 5.69 5.62 5.62 4.67 3.94 4.23 3.58 4.74 0.00 4.31
6.50 6.50 5.33 5.33 5.11 5.04 0.00 5.40 0.00 0.00 0.00 0.00 0.00 0.00 0.00 4.82 4.89 0.00 0.00 3.65 0.00 0.00 0.00 0.00 0.00 0.00 0.00 0.00 3.72 4.16 4.45 0.00 4.23 4.53 4.45 4.82 4.89 4.82 4.53 0.00 0.00 5.62 4.96 5.26 5.33 5.69 5.84 5.69 5.69 5.11 6.64 6.64 7.15 6.64 7.01 6.50 7.01 5.33 3.80 2.77 4.31 5.62 4.89 3.14 3.36 3.21 4.16 3.65 5.84 6.06 3.58 2.92 6.35 5.62 2.70 2.48 2.48 4.16 2.56 1.97 1.24 0.66 0.37 0.00
5.18 5.18 0.00 0.00 0.00 0.00 0.00 0.00 0.00 0.00 0.00 0.00 0.00 4.67 0.00 0.00 0.00 0.00 0.00 0.00 0.00 0.00 0.00 0.00 0.00 0.00 0.00 0.00 4.45 4.38 4.31 4.23 0.00 4.31 5.69 5.18 5.40 0.00 0.00 0.00 0.00 0.00 0.00 0.00 0.00 0.00 4.53 4.96 4.67 4.67 4.74 4.74 5.77 6.42 6.13 5.40 4.82 2.56 3.07 0.00 0.00 3.50 3.65 2.41 2.34 2.34 2.56 2.56 2.63 2.56 2.12 1.24 1.53 1.53 1.75 0.80 0.80 1.97 1.75 1.53 2.56 1.10 0.95 0.00
0.00 0.00 0.00 0.00 0.00 0.00 0.00 0.00 0.00 5.11 6.13 5.40 5.40 5.04 0.00 0.00 0.00 0.00 0.00 0.00 0.00 0.00 0.00 0.00 0.00 3.50 3.50 0.00 0.00 0.00 0.00 4.09 0.00 4.45 0.00 0.00 0.00 0.00 0.00 0.00 0.00 0.00 0.00 0.00 0.00 0.00 0.00 0.00 0.00 4.60 4.45 4.45 4.82 5.04 4.89 4.67 0.00 0.00 0.00 0.00 0.00 2.34 3.36 2.26 2.48 1.97 1.83 2.77 2.77 2.19 1.39 1.83 0.95 1.53 0.37 0.44 0.44 0.95 2.77 4.45 4.31 2.41 3.07 0.29
0.00 0.00 0.00 0.00 0.66 1.46 2.85 0.00 0.00 0.00 5.40 6.42 0.00 0.00 0.00 0.00 0.00 0.00 0.00 0.00 0.00 0.00 0.00 4.16 4.45 0.00 0.00 0.00 0.00 0.00 0.00 5.18 0.00 0.00 0.00 0.00 0.00 0.00 0.00 0.00 0.00 0.00 0.00 0.00 0.00 0.00 0.00 0.00 0.00 3.80 3.72 3.72 3.50 4.31 4.38 0.00 0.00 0.00 0.00 0.00 0.00 3.21 5.62 6.64 6.42 7.15 7.45 7.15 4.60 4.53 2.56 5.04 1.31 2.56 0.00 0.00 0.00 0.00 5.40 5.40 5.18 4.09 4.96 2.92
0.00 0.00 0.00 0.00 0.66 1.46 2.85 0.00 0.00 0.00 5.40 6.42 0.00 0.00 0.00 0.00 0.00 0.00 0.00 0.00 0.00 0.00 0.00 4.16 4.45 0.00 0.00 0.00 0.00 0.00 0.00 5.18 0.00 0.00 0.00 0.00 0.00 0.00 0.00 0.00 0.00 0.00 0.00 0.00 0.00 0.00 0.00 0.00 0.00 3.80 3.72 3.72 3.50 4.31 4.38 0.00 0.00 0.00 0.00 0.00 0.00 3.21 5.62 6.64 6.42 7.15 7.45 7.15 4.60 4.53 2.56 5.04 1.31 2.56 0.00 0.00 0.00 0.00 5.40 5.40 5.18 4.09 4.96 2.92
0.00 0.00 0.00 0.00 0.00 0.00 2.04 0.00 5.33 0.00 5.48 5.99 0.00 0.00 0.00 0.00 0.00 0.00 0.00 0.00 0.00 0.00 4.16 4.82 5.04 0.00 0.00 0.00 0.00 0.00 0.00 0.00 0.00 5.11 3.65 3.94 0.00 3.43 2.92 2.77 0.00 0.00 2.19 0.00 0.00 0.00 0.00 0.00 0.00 0.00 0.00 0.00 4.82 3.65 4.67 0.00 0.00 0.00 0.00 0.00 6.20 5.33 6.57 7.74 8.47 8.98 9.05 8.98 7.15 6.64 6.57 6.20 7.01 0.00 0.00 0.00 0.00 0.00 5.04 5.26 5.55 5.99 5.69 4.89
0.00 0.00 0.00 0.00 0.00 0.00 0.00 0.00 0.00 0.00 0.00 0.00 0.00 0.00 0.00 0.00 0.00 0.00 0.00 0.00 0.00 0.00 0.00 0.00 0.00 0.00 0.00 0.00 0.00 0.00 0.00 0.00 4.45 4.60 4.09 3.80 4.09 4.23 3.65 3.43 2.34 0.00 2.48 2.85 0.00 0.00 0.00 0.00 3.43 3.94 3.72 3.72 4.74 4.31 0.00 0.00 0.00 0.00 1.02 0.00 5.48 7.66 7.74 7.59 8.76 9.13 9.13 9.27 8.03 6.72 6.35 0.00 0.00 6.72 0.00 6.86 6.86 4.31 4.38 4.45 5.55 6.13 5.91 7.45
