Wansh/Snow_depth/snowdepth-1993/winter/1993353.txt
ncols 321
nrows 161
xllcenter 60
yllcenter 15 
cellsize  0.25 
NODATA_value -1
[rows 0 to 36 of 161, columns 168 to 251 of 321]
0.00 0.73 0.00 0.00 0.00 0.00 0.15 0.22 0.58 0.58 0.66 1.53 1.68 0.80 1.46 1.17 1.75 2.99 3.94 4.38 4.45 3.58 3.29 3.14 3.14 3.14 0.00 0.00 0.00 5.04 0.00 0.00 0.00 8.91 7.01 7.01 12.12 10.37 10.00 10.59 10.59 8.91 7.30 10.29 10.15 9.71 9.71 6.72 10.73 9.20 7.30 7.66 7.81 8.10 8.69 8.91 8.10 10.44 10.44 10.44 10.44 11.90 15.26 13.72 17.96 24.09 25.48 24.97 25.26 22.41 19.86 18.98 19.13 17.08 13.07 16.86 13.94 16.50 16.57 15.91 16.86 16.86 17.52 15.40
1.31 1.61 0.44 0.58 0.00 0.00 0.00 0.29 0.44 0.44 0.80 0.73 1.39 1.53 1.46 1.68 2.48 3.50 4.09 4.31 4.67 4.02 0.80 1.10 0.00 0.00 5.77 8.18 0.00 0.00 0.00 0.00 0.00 5.11 6.20 6.20 7.23 10.00 10.88 10.88 10.66 11.02 11.10 9.78 10.15 9.93 9.34 8.83 8.32 8.25 7.74 7.88 8.54 9.13 8.91 9.42 8.54 8.83 9.49 9.64 9.64 11.90 15.11 19.93 23.14 22.05 25.11 19.49 20.51 20.44 20.00 17.23 11.39 11.24 11.17 12.26 12.34 11.46 14.82 14.02 11.90 11.10 10.95 11.97
2.92 2.77 1.17 0.66 0.00 0.00 0.07 0.80 0.80 0.80 0.80 1.31 1.68 2.04 2.04 2.04 4.38 3.87 5.11 2.77 4.38 2.92 1.39 0.00 0.00 0.00 0.00 7.66 0.00 0.00 0.00 0.00 0.00 1.68 5.11 5.11 6.28 9.49 8.32 11.02 10.44 11.17 11.24 10.44 10.59 10.51 10.44 8.10 9.05 8.98 8.25 8.47 8.32 9.13 8.61 8.69 8.69 9.27 10.88 12.05 12.05 11.24 13.72 17.30 17.08 16.64 16.79 17.52 16.57 11.39 8.61 8.47 7.52 5.40 5.99 7.08 9.42 9.64 7.23 8.32 8.18 8.69 6.13 5.77
2.92 2.77 1.17 0.66 0.00 0.00 0.07 0.80 0.80 0.80 0.80 1.31 1.68 2.04 2.04 2.04 4.38 3.87 5.11 2.77 4.38 2.92 1.39 0.00 0.00 0.00 0.00 7.66 0.00 0.00 0.00 0.00 0.00 1.68 5.11 5.11 6.28 9.49 8.32 11.02 10.44 11.17 11.24 10.44 10.59 10.51 10.44 8.10 9.05 8.98 8.25 8.47 8.32 9.13 8.61 8.69 8.69 9.27 10.88 12.05 12.05 11.24 13.72 17.30 17.08 16.64 16.79 17.52 16.57 11.39 8.61 8.47 7.52 5.40 5.99 7.08 9.42 9.64 7.23 8.32 8.18 8.69 6.13 5.77
3.65 3.65 3.14 0.00 0.37 0.00 0.22 0.73 0.44 0.44 1.24 1.68 3.14 4.02 3.50 5.18 6.20 5.33 2.56 2.19 1.02 1.17 0.00 0.00 5.62 0.00 0.00 0.00 0.00 0.00 0.00 0.00 4.31 6.06 5.55 5.55 6.64 10.88 10.00 10.66 9.78 10.51 10.15 8.54 10.59 10.88 10.15 10.15 10.07 10.51 11.53 10.29 9.49 9.49 9.20 9.34 8.69 9.20 11.46 12.05 12.05 14.89 16.50 16.13 17.37 14.97 7.30 6.42 6.72 6.06 5.48 3.87 3.87 4.31 2.63 4.67 3.29 4.53 4.67 3.87 4.23 4.23 4.53 4.31
4.96 6.86 6.72 5.69 2.12 0.51 0.44 1.10 3.36 3.36 2.34 2.41 2.63 4.23 5.91 6.28 7.01 2.41 0.00 0.00 0.00 0.00 0.00 0.00 0.00 0.00 0.00 0.00 0.00 0.00 0.00 3.21 4.60 4.09 8.54 8.54 9.56 9.86 9.93 10.29 11.17 10.80 11.53 10.88 11.02 11.10 11.90 11.32 13.07 12.26 12.48 11.83 11.61 10.80 11.17 9.56 9.93 10.00 10.44 11.90 11.90 13.65 10.07 12.12 9.34 9.71 5.99 4.67 4.09 4.09 3.07 3.14 2.70 2.99 2.41 3.14 2.92 3.43 3.72 3.87 3.80 3.50 3.36 3.65
7.45 8.40 7.74 9.42 7.96 4.96 5.33 4.96 5.48 5.48 4.74 3.87 4.09 6.42 7.59 6.57 0.00 0.00 0.00 0.00 0.00 0.00 7.52 0.00 0.00 0.00 0.00 0.00 0.00 0.00 0.00 5.33 5.18 8.25 9.78 9.78 10.51 10.51 10.51 10.44 9.78 11.10 10.66 11.75 12.26 11.68 14.16 13.14 13.80 12.85 12.63 12.34 11.90 10.95 9.49 8.54 10.59 9.93 8.83 8.83 8.83 8.69 8.61 9.13 7.52 5.99 6.64 5.33 4.45 3.58 3.58 4.09 3.07 3.36 2.99 3.21 3.07 2.99 3.43 3.88 3.97 3.46 4.28 4.66
7.45 8.40 7.74 9.42 7.96 4.96 5.33 4.96 5.48 5.48 4.74 3.87 4.09 6.42 7.59 6.57 0.00 0.00 0.00 0.00 0.00 0.00 7.52 0.00 0.00 0.00 0.00 0.00 0.00 0.00 0.00 5.33 5.18 8.25 9.78 9.78 10.51 10.51 10.51 10.44 9.78 11.10 10.66 11.75 12.26 11.68 14.16 13.14 13.80 12.85 12.63 12.34 11.90 10.95 9.49 8.54 10.59 9.93 8.83 8.83 8.83 8.69 8.61 9.13 7.52 5.99 6.64 5.33 4.45 3.58 3.58 4.09 3.07 3.36 2.99 3.71 4.23 4.31 4.70 6.59 6.56 4.61 5.51 4.84
7.37 6.50 9.71 8.61 8.18 8.69 6.57 6.13 5.33 5.33 6.50 6.06 6.94 7.01 5.18 0.00 0.00 0.00 0.00 0.00 0.00 0.00 0.00 0.00 0.00 0.00 0.00 0.29 1.31 0.00 4.38 1.97 5.69 7.37 10.00 10.00 9.42 10.66 8.83 9.42 9.20 10.44 12.19 13.29 15.40 14.67 14.97 15.04 13.94 12.63 10.73 12.63 10.51 10.51 9.05 8.25 9.42 8.32 8.32 7.74 7.74 8.10 8.61 8.83 8.03 7.15 6.06 6.13 6.28 4.89 5.18 4.96 5.04 4.74 4.43 5.35 6.58 6.64 5.27 6.36 6.45 5.64 4.76 5.22
4.53 3.72 6.50 6.13 7.45 7.01 6.57 5.55 5.55 5.55 5.77 7.01 7.01 1.31 0.00 0.00 0.00 0.00 0.00 0.00 0.00 0.00 0.00 0.00 0.00 0.00 3.36 3.58 3.36 2.99 3.58 3.50 4.67 5.91 5.55 5.55 7.08 8.61 7.52 9.34 8.76 13.72 13.72 14.45 14.09 14.09 13.72 14.02 10.51 10.29 10.15 10.15 9.49 9.42 8.10 8.25 9.27 8.61 8.40 9.71 9.71 9.78 9.56 9.86 9.20 9.13 7.15 6.28 6.42 5.33 5.55 5.18 5.62 6.29 5.98 6.16 6.03 7.24 8.25 8.24 6.98 8.13 8.27 8.80
3.58 4.09 3.14 3.21 5.18 5.84 5.91 3.14 3.43 3.43 4.02 0.29 0.00 0.00 0.00 0.00 0.00 0.00 0.00 0.00 0.00 0.00 0.95 1.31 2.99 0.00 4.16 1.24 2.04 2.77 2.77 3.14 3.14 3.50 5.48 5.48 7.81 6.42 7.59 9.64 9.93 11.02 11.02 8.76 9.34 12.99 9.64 8.69 9.05 10.15 9.93 9.93 9.78 9.56 9.56 8.47 9.78 10.00 9.93 10.15 10.15 10.59 11.24 10.07 8.83 9.13 8.10 7.01 5.84 5.55 5.77 6.35 4.72 4.08 4.29 6.23 7.72 7.12 8.42 9.10 8.93 7.89 11.48 12.06
3.58 4.09 3.14 3.21 5.18 5.84 5.91 3.14 3.43 3.43 4.02 0.29 0.00 0.00 0.00 0.00 0.00 0.00 0.00 0.00 0.00 0.00 0.95 1.31 2.99 0.00 4.16 1.24 2.04 2.77 2.77 3.14 3.14 3.50 5.48 5.48 7.81 6.42 7.59 9.64 9.93 11.02 11.02 8.76 9.34 12.99 9.64 8.69 9.05 10.15 9.93 9.93 9.78 9.56 9.56 8.47 9.78 10.00 9.93 10.15 10.15 10.59 11.24 10.07 8.83 9.13 8.10 7.01 5.84 5.55 5.77 6.35 4.60 4.02 4.16 5.78 6.88 6.60 8.98 9.44 8.93 7.72 12.61 12.90
8.40 5.99 3.50 4.16 2.63 2.34 2.34 0.00 0.00 0.00 0.00 0.00 0.00 0.00 0.00 0.00 0.00 0.00 0.00 0.00 0.00 0.00 0.00 2.34 1.83 0.66 1.31 1.10 1.61 2.26 2.12 3.21 3.43 5.26 5.33 5.33 6.94 7.74 8.32 7.66 8.40 8.40 9.20 6.13 6.06 9.34 7.74 8.25 7.52 8.03 9.13 9.56 9.78 9.05 10.37 10.07 11.02 11.46 10.51 11.32 11.32 11.10 10.80 10.51 10.00 8.40 7.30 7.52 6.72 7.45 7.23 7.30 5.69 6.64 5.77 7.25 10.23 8.68 9.06 9.91 11.36 11.38 13.36 13.44
8.32 7.52 4.89 5.40 4.23 5.62 0.00 1.68 0.00 0.00 0.00 0.00 0.00 0.00 0.00 0.00 0.00 0.00 0.00 0.95 0.00 0.73 1.24 2.19 1.02 1.10 1.83 2.26 3.21 4.38 4.31 4.09 4.09 4.74 5.99 5.99 4.82 5.99 6.35 6.64 7.23 4.74 4.82 5.11 4.53 2.99 4.53 4.31 5.18 7.45 8.25 7.66 9.27 8.83 10.15 10.15 10.66 9.71 10.00 10.07 10.07 11.32 11.32 11.02 11.24 9.71 9.78 8.69 8.54 8.32 7.59 8.76 7.45 8.33 11.53 10.38 8.98 10.20 12.80 9.86 11.03 10.93 11.20 13.54
11.39 10.22 10.73 9.05 7.37 7.37 4.23 4.53 0.00 0.00 0.00 0.00 0.00 0.00 0.00 0.00 0.00 0.00 0.00 0.00 1.46 0.80 1.75 2.26 1.68 3.07 2.26 3.07 3.72 3.94 3.21 3.58 3.43 4.02 4.16 4.16 4.09 4.16 3.94 3.80 3.14 3.80 5.33 4.23 2.56 2.63 3.72 3.87 3.50 7.52 7.45 7.37 9.05 8.83 10.59 10.51 10.51 10.07 10.00 10.51 10.51 10.59 10.44 10.66 9.64 9.42 9.49 9.27 9.56 10.80 10.66 11.10 11.62 12.49 13.76 10.95 11.59 11.68 11.16 10.86 11.27 10.62 10.21 9.53
9.34 11.24 9.49 7.81 8.03 4.89 4.38 5.77 2.99 2.99 4.38 0.00 1.02 0.15 0.00 0.66 0.66 0.00 0.00 0.00 0.73 0.22 1.24 2.19 1.75 2.04 3.36 2.77 4.23 3.87 3.72 3.50 3.14 3.50 2.85 2.85 3.21 3.36 3.80 1.83 2.04 2.34 3.21 3.72 3.58 3.07 2.92 3.58 3.65 4.38 4.53 4.31 6.50 7.96 9.71 7.81 9.13 9.20 10.07 9.71 9.71 10.29 9.64 9.13 8.91 8.83 9.05 8.25 9.56 12.12 12.26 12.87 13.62 12.56 13.16 11.90 12.17 10.42 11.09 11.42 10.77 11.14 10.09 8.80
9.34 11.24 9.49 7.81 8.03 4.89 4.38 5.77 2.99 2.99 4.38 0.00 1.02 0.15 0.00 0.66 0.66 0.00 0.00 0.00 0.73 0.22 1.24 2.19 1.75 2.04 3.36 2.77 4.23 3.87 3.72 3.50 3.14 3.50 2.85 2.85 3.21 3.36 3.80 1.83 2.04 2.34 3.21 3.72 3.58 3.07 2.92 3.58 3.65 4.38 4.53 4.31 6.50 7.96 9.71 7.81 9.13 9.20 10.07 9.71 9.71 10.29 9.64 9.13 8.91 8.83 9.05 8.25 9.56 12.12 12.26 15.80 12.76 13.65 11.82 14.72 12.35 11.52 11.31 10.30 10.41 9.58 10.98 9.99
6.35 8.83 6.42 4.74 3.87 4.09 2.04 3.58 4.16 4.16 2.70 0.66 0.00 0.00 1.02 0.15 0.00 0.00 0.00 0.00 0.29 1.53 2.56 1.31 2.26 2.41 2.48 3.50 2.99 3.36 3.21 3.21 3.29 2.63 2.85 2.85 3.58 2.99 2.26 2.48 2.19 2.63 3.58 3.14 2.85 2.26 2.34 1.24 3.21 1.83 2.99 3.29 2.77 7.59 6.42 6.72 7.30 8.40 5.99 7.96 7.96 9.20 8.69 9.20 8.32 8.91 9.34 9.27 10.00 11.39 12.25 11.21 13.71 12.40 12.24 13.15 13.32 10.19 9.67 11.06 10.06 10.20 9.73 8.52
5.40 4.74 5.33 6.86 5.26 3.21 2.48 1.68 0.95 0.95 0.44 0.00 0.00 0.58 0.95 0.00 0.00 0.00 0.00 0.29 0.37 1.10 0.95 0.88 1.46 1.53 1.61 2.85 2.04 1.83 1.90 2.70 2.85 2.85 3.50 3.50 3.07 2.70 2.04 2.41 1.90 1.83 3.21 2.26 1.68 1.31 1.24 1.53 0.95 1.17 1.90 2.26 2.19 3.80 4.74 5.69 5.77 0.00 4.16 7.01 7.01 7.66 6.79 8.18 7.74 9.05 10.22 9.78 9.64 9.83 10.32 8.63 9.88 10.10 11.45 10.60 10.70 9.99 10.75 11.53 9.58 10.67 10.15 12.54
5.69 4.67 3.14 3.43 3.80 3.29 1.17 1.61 0.58 0.58 0.51 0.29 0.07 1.17 0.73 0.00 0.00 0.00 0.00 1.24 0.80 1.31 1.10 0.44 0.66 1.90 1.10 1.02 1.68 2.41 2.48 2.70 4.23 3.94 3.07 3.07 3.36 2.77 3.65 2.19 2.04 2.70 2.12 1.68 1.83 1.46 1.90 1.75 2.26 1.61 1.61 1.17 0.00 0.00 0.00 0.00 0.00 0.00 3.87 5.77 5.77 5.18 6.20 7.59 5.69 7.23 6.79 8.76 5.18 6.72 6.13 7.88 9.34 8.98 9.20 10.05 11.68 13.19 13.89 11.13 11.59 10.48 9.46 11.76
3.36 2.77 2.26 1.31 0.88 2.26 1.61 1.68 1.31 1.31 0.07 0.07 0.51 1.17 1.10 0.00 0.00 0.00 0.80 1.39 1.46 1.46 2.26 2.19 1.75 1.68 1.31 1.97 1.97 2.41 2.99 4.16 4.82 4.67 4.23 4.23 4.96 2.85 3.50 2.34 2.48 2.12 2.92 2.04 2.70 2.56 1.90 1.75 1.39 1.10 0.66 0.00 0.00 0.00 0.00 0.00 0.00 0.00 0.00 0.00 0.00 0.00 5.26 3.87 4.31 3.94 3.07 4.67 4.23 6.42 7.23 9.05 9.05 9.34 10.46 10.82 13.49 11.38 12.02 12.17 13.37 11.03 12.07 10.09
1.68 2.04 1.97 1.31 1.17 0.80 0.44 0.88 0.22 0.22 0.00 0.00 1.02 0.73 0.22 0.00 0.00 0.00 1.02 1.53 2.70 2.63 1.83 2.12 2.48 4.38 2.56 3.43 5.18 5.40 5.84 5.77 5.69 5.48 5.84 5.84 4.74 3.80 3.65 2.19 2.77 2.77 3.36 2.56 2.99 2.85 2.48 1.31 1.39 0.58 2.04 0.00 0.00 0.00 0.00 0.00 0.00 0.00 0.00 2.85 2.85 2.85 0.00 2.48 0.00 0.00 0.00 4.09 3.65 5.40 5.84 7.66 7.30 7.23 9.20 10.60 12.40 11.24 14.49 11.93 10.74 11.33 12.23 13.60
1.68 2.04 1.97 1.31 1.17 0.80 0.44 0.88 0.22 0.22 0.00 0.00 1.02 0.73 0.22 0.00 0.00 0.00 1.02 1.53 2.70 2.63 1.83 2.12 2.48 4.38 2.56 3.43 5.18 5.40 5.84 5.77 5.69 5.48 5.84 5.84 4.74 3.80 3.65 2.19 2.77 2.77 3.36 2.56 2.99 2.85 2.48 1.31 1.39 0.58 2.04 0.00 0.00 0.00 0.00 0.00 0.00 0.00 0.00 2.85 2.85 2.85 0.00 2.48 0.00 0.00 0.00 4.09 3.65 5.40 5.84 7.66 7.30 7.23 8.83 10.65 9.63 9.89 12.14 13.88 13.14 11.58 9.58 12.54
1.10 1.53 1.24 1.68 1.61 0.66 0.66 1.02 0.66 0.66 4.53 3.87 2.77 2.41 1.68 1.68 2.04 2.56 1.90 1.31 3.14 3.72 2.56 3.65 4.60 5.40 5.26 6.42 6.06 6.64 6.35 6.64 5.40 5.55 5.55 5.55 4.31 4.89 4.67 4.53 4.89 4.09 3.87 3.94 3.94 3.50 2.77 3.07 2.85 2.41 2.56 1.68 0.00 0.00 0.00 0.00 0.00 0.00 0.00 0.00 0.00 0.00 0.00 0.00 0.00 0.00 0.00 4.31 5.69 6.79 6.42 8.40 7.88 10.51 10.44 9.98 13.22 15.35 15.96 17.20 12.61 11.54 12.67 14.49
1.68 1.83 1.31 1.90 1.83 1.02 1.24 1.61 0.00 0.00 5.91 4.53 2.70 2.56 5.11 2.63 4.96 5.18 2.85 2.63 4.45 5.40 5.69 5.11 5.69 5.33 6.64 6.50 7.66 8.61 8.61 7.37 7.08 9.86 7.52 7.52 7.23 7.37 6.06 8.25 4.96 3.72 3.87 4.16 4.23 4.82 1.68 2.34 1.97 0.00 0.00 0.00 0.00 0.00 0.00 0.00 0.00 0.00 0.00 0.00 0.00 0.00 0.00 0.00 0.00 0.00 0.00 0.00 6.06 7.37 9.34 8.98 10.22 12.12 13.33 13.12 16.11 17.70 17.27 18.80 16.91 12.63 14.27 15.72
4.60 3.43 1.68 2.04 2.04 2.26 3.80 4.96 6.20 6.20 7.15 6.28 4.82 5.55 6.57 7.15 7.66 8.40 5.33 6.50 5.40 6.28 6.06 6.72 7.74 7.59 10.07 9.71 10.29 9.78 10.07 9.71 9.27 11.83 10.88 10.88 9.27 12.78 9.64 10.59 7.37 5.04 2.19 3.14 2.34 0.00 1.02 0.73 0.00 0.00 0.00 0.00 0.00 0.00 0.00 0.00 0.00 0.00 0.00 0.00 0.00 0.00 0.00 0.00 0.00 0.00 0.00 0.00 4.09 5.91 8.47 9.71 9.04 12.83 15.42 19.13 17.83 17.06 16.92 15.27 14.07 13.20 13.14 12.01
5.18 3.87 0.00 1.39 1.97 2.04 2.12 2.04 4.74 4.74 6.86 6.20 5.62 7.45 9.20 10.07 4.31 7.30 7.30 6.50 5.26 6.79 6.50 7.30 8.69 9.49 11.24 12.19 11.46 11.90 12.56 11.46 12.48 12.19 11.61 11.61 15.33 14.31 11.46 10.66 3.58 4.45 2.26 0.29 0.00 0.00 0.00 0.00 0.00 0.00 0.00 0.00 0.00 0.00 0.00 0.00 0.00 0.00 0.00 0.00 0.00 0.00 0.00 0.00 0.00 0.00 0.00 0.00 5.11 6.79 6.35 9.05 11.51 14.15 15.01 17.20 19.72 19.92 19.27 14.03 12.72 11.53 13.03 10.03
3.87 0.00 2.56 0.00 0.00 1.10 1.68 1.83 0.00 0.00 5.69 5.55 6.72 7.88 9.34 2.99 3.14 7.23 7.74 6.13 5.18 6.50 6.06 7.15 8.47 10.29 8.61 11.90 11.02 12.78 12.85 13.43 13.14 13.72 15.62 15.62 15.26 14.75 6.86 2.85 0.88 1.02 0.51 0.88 0.22 0.00 0.00 0.00 0.00 0.00 0.00 0.00 0.00 0.00 0.00 0.00 0.00 0.00 0.00 0.00 0.00 0.00 0.00 0.00 0.00 0.00 0.00 3.21 6.06 6.86 6.66 10.36 13.83 14.08 14.52 18.56 17.30 18.74 16.35 13.85 12.32 9.73 11.49 7.49
3.87 0.00 2.56 0.00 0.00 1.10 1.68 1.83 0.00 0.00 5.69 5.55 6.72 7.88 9.34 2.99 3.14 7.23 7.74 6.13 5.18 6.50 6.06 7.15 8.47 10.29 8.61 11.90 11.02 12.78 12.85 13.43 13.14 13.72 15.62 15.62 15.26 14.75 6.86 2.85 0.88 1.02 0.51 0.88 0.22 0.00 0.00 0.00 0.00 0.00 0.00 0.00 0.00 0.00 0.00 0.00 0.00 0.00 0.00 0.00 0.00 0.00 0.00 0.00 0.00 0.00 0.00 3.21 6.06 6.86 6.70 10.25 12.50 15.68 15.49 21.66 20.07 18.13 17.08 13.46 13.02 11.54 10.48 6.36
4.60 4.09 0.00 0.00 0.73 0.00 1.83 1.53 2.56 2.56 4.02 5.77 6.28 6.57 2.12 7.52 5.18 6.06 5.11 4.96 5.26 5.55 5.77 7.23 8.69 11.75 9.56 11.39 10.73 12.48 14.53 12.99 11.39 10.66 11.46 11.46 5.11 4.23 6.13 1.17 0.66 0.00 0.00 0.00 0.80 1.31 1.68 0.00 0.00 0.00 0.00 0.00 0.00 0.00 0.00 0.00 0.00 1.53 1.53 1.31 1.32 1.47 0.00 0.00 0.00 2.99 6.64 6.79 6.46 8.48 10.99 10.40 15.12 19.04 19.54 18.00 18.79 16.87 15.45 12.28 11.52 9.37 3.65 1.93
6.06 0.00 4.67 0.00 0.00 0.00 2.12 2.34 3.07 3.07 5.77 6.42 7.37 7.30 9.34 5.77 7.37 7.59 6.64 7.59 5.48 7.81 8.32 9.13 8.83 10.88 9.56 10.00 8.18 9.64 7.96 6.86 7.08 7.01 4.09 4.09 3.72 3.14 2.12 1.17 1.53 0.95 0.00 0.80 1.17 1.53 1.61 0.00 0.00 0.00 0.00 0.00 0.00 0.00 0.00 0.00 0.00 1.46 1.39 1.10 1.10 0.00 0.00 0.00 0.00 4.16 6.13 7.37 9.05 8.83 11.02 12.72 17.34 21.29 19.16 14.72 13.33 10.98 11.89 11.68 7.30 8.90 3.89 0.53
7.66 6.20 5.11 0.00 0.00 0.00 0.00 0.00 2.63 2.63 3.94 4.23 8.47 0.00 0.00 4.89 7.01 7.01 7.37 7.96 9.27 6.50 7.30 9.42 10.37 9.49 7.74 5.04 4.74 5.40 5.26 3.36 4.09 3.80 4.02 4.02 3.87 3.07 2.77 2.77 2.70 0.00 0.58 0.37 0.00 0.00 0.00 2.63 0.00 0.00 0.00 0.00 0.00 0.00 2.04 1.75 1.83 1.46 2.04 2.41 2.41 1.24 0.73 2.77 3.43 3.29 4.82 8.69 10.59 10.88 11.02 12.08 16.74 16.50 17.09 14.60 12.13 11.59 9.87 10.55 4.96 2.67 3.15 0.78
6.72 4.67 3.07 0.00 0.00 0.00 0.00 0.00 0.00 0.00 0.00 0.00 0.00 0.00 0.00 3.87 5.48 6.13 6.64 5.18 8.32 7.96 5.33 6.28 9.71 10.80 4.67 4.74 4.09 3.58 3.72 3.07 3.36 3.72 2.12 2.12 2.19 3.58 3.36 1.17 2.04 1.97 0.00 1.83 1.68 1.75 1.90 2.26 3.58 2.56 2.12 1.90 3.80 3.43 0.00 2.48 2.19 2.77 2.19 2.56 2.56 2.41 3.36 2.92 4.67 7.74 9.64 8.83 11.24 11.32 11.53 11.28 15.15 16.72 14.49 13.61 10.63 9.27 5.95 3.49 4.15 2.86 1.27 1.33
7.01 5.04 1.31 0.00 0.00 0.00 0.00 1.90 1.97 1.97 0.00 0.00 0.00 0.00 0.00 4.53 4.31 4.09 4.45 4.09 5.99 5.26 5.11 5.18 4.53 4.60 4.23 4.53 4.89 2.99 3.43 3.07 2.92 2.41 1.75 1.75 3.43 3.21 1.90 2.19 2.92 0.00 2.19 1.61 2.85 3.94 3.65 2.92 2.77 6.13 4.82 5.62 4.38 3.80 3.80 4.82 4.02 3.14 3.87 4.09 4.09 4.23 4.31 4.09 5.99 7.23 8.25 8.47 7.88 11.02 10.59 10.29 11.68 9.73 10.16 8.08 8.18 7.54 5.13 2.89 1.47 1.55 1.97 1.33
0.00 0.44 0.00 0.00 0.00 0.00 0.00 0.00 0.00 0.00 2.92 0.00 0.00 0.00 0.00 3.29 0.00 2.99 2.92 3.36 4.31 5.18 5.62 6.06 4.53 4.31 4.53 4.09 3.07 3.36 2.56 2.70 2.56 2.85 2.41 2.41 4.02 2.12 3.21 2.48 2.85 2.41 1.83 3.14 3.58 5.26 5.91 7.59 7.88 8.03 6.13 6.20 5.26 4.74 7.01 6.94 5.26 5.33 6.86 6.64 6.64 5.62 5.91 5.11 5.26 6.06 6.57 8.18 9.93 10.00 10.15 9.39 8.12 7.82 7.96 6.95 5.37 4.23 4.78 1.09 1.36 1.39 1.26 0.97
0.00 0.44 0.00 0.00 0.00 0.00 0.00 0.00 0.00 0.00 2.92 0.00 0.00 0.00 0.00 3.29 0.00 2.99 2.92 3.36 4.31 5.18 5.62 6.06 4.53 4.31 4.53 4.09 3.07 3.36 2.56 2.70 2.56 2.85 2.41 2.41 4.02 2.12 3.21 2.48 2.85 2.41 1.83 3.14 3.58 5.26 5.91 7.59 7.88 8.03 6.13 6.20 5.26 4.74 7.01 6.94 5.26 5.33 6.86 6.64 6.64 5.62 5.91 5.11 5.26 6.06 6.57 8.18 9.93 10.00 10.15 9.34 8.00 7.70 7.96 7.26 4.78 4.06 4.67 1.15 1.33 1.46 1.26 0.95
3.80 0.00 0.00 0.00 0.00 0.00 0.00 0.00 2.85 2.85 0.00 0.00 0.00 0.00 0.00 0.00 2.77 0.00 2.48 4.02 3.80 4.67 5.48 5.62 4.74 5.11 5.48 4.02 3.58 2.19 3.36 4.16 3.58 3.87 4.38 4.38 4.38 2.63 2.77 3.07 2.19 2.41 2.63 3.29 4.09 5.84 5.91 7.37 8.10 8.10 8.83 7.88 8.25 8.76 8.40 8.47 7.37 7.45 7.15 7.08 7.08 6.35 7.15 5.99 6.64 7.37 7.15 8.69 8.18 8.47 9.20 6.13 6.13 6.19 5.94 6.54 4.52 3.05 0.00 0.37 0.00 0.45 0.52 0.22
