Wansh/Snow_depth/snowdepth-1993/winter/1993345.txt
ncols 321
nrows 161
xllcenter 60
yllcenter 15 
cellsize  0.25 
NODATA_value -1
[rows 0 to 37 of 161, columns 0 to 83 of 321]
6.94 6.94 8.47 7.37 9.86 9.71 9.20 9.13 10.15 13.94 13.14 15.26 15.99 15.84 16.13 15.55 15.70 13.51 12.41 12.85 11.90 13.36 13.36 13.14 13.72 13.14 13.14 13.72 13.51 14.97 16.21 16.06 14.53 14.60 14.38 14.89 14.53 15.40 15.70 16.72 16.28 16.43 14.45 14.82 14.02 11.97 12.34 11.68 11.61 12.41 11.75 11.75 11.97 10.59 9.56 9.56 10.37 9.93 9.93 9.42 10.22 8.76 9.13 8.61 9.78 9.42 10.00 8.61 7.37 7.66 7.45 7.23 10.15 9.64 11.90 14.09 14.09 14.02 13.94 13.80 12.92 13.29 14.45 13.94
10.66 10.66 12.34 11.83 12.05 10.59 11.53 11.53 11.39 12.92 14.24 14.45 14.60 15.26 15.70 12.63 12.34 12.56 11.61 11.46 11.53 11.68 12.05 12.26 12.70 12.26 12.26 13.72 15.18 14.53 15.77 14.16 14.89 12.12 12.26 14.38 14.53 14.53 14.53 14.31 12.92 13.14 13.72 10.44 8.69 8.98 8.18 8.18 8.61 9.93 11.53 11.53 10.66 10.88 9.71 9.13 8.83 8.69 8.69 8.69 8.18 7.88 7.59 8.76 8.03 8.47 8.40 7.74 8.03 6.94 7.15 6.86 8.10 11.10 13.21 12.78 12.78 13.65 15.91 15.99 15.18 16.72 16.57 15.99
11.68 11.68 12.26 11.39 11.68 11.90 11.83 11.90 12.63 12.70 12.99 12.26 13.87 11.61 11.39 11.68 10.88 11.24 11.83 10.66 11.61 11.53 11.97 12.70 12.48 12.78 12.78 12.34 14.09 14.31 14.31 12.19 11.90 12.12 12.48 12.05 12.19 10.66 13.36 11.10 9.49 10.00 6.57 7.08 6.13 7.74 7.59 8.10 7.81 8.91 8.83 8.83 8.98 8.32 8.69 8.83 7.96 6.94 7.01 7.59 8.47 8.47 8.03 7.74 7.74 8.25 8.83 8.54 8.32 9.49 10.37 10.15 11.10 12.99 14.97 14.67 14.67 16.57 18.47 18.47 17.96 16.13 17.81 15.77
11.68 11.68 12.26 11.39 11.68 11.90 11.83 11.90 12.63 12.70 12.99 12.26 13.87 11.61 11.39 11.68 10.88 11.24 11.83 10.66 11.61 11.53 11.97 12.70 12.48 12.78 12.78 12.34 14.09 14.31 14.31 12.19 11.90 12.12 12.48 12.05 12.19 10.66 13.36 11.10 9.49 10.00 6.57 7.08 6.13 7.74 7.59 8.10 7.81 8.91 8.83 8.83 8.98 8.32 8.69 8.83 7.96 6.94 7.01 7.59 8.47 8.47 8.03 7.74 7.74 8.25 8.83 8.54 8.32 9.49 10.37 10.15 11.10 12.99 14.97 14.67 14.67 16.57 18.47 18.47 17.96 16.13 17.81 15.77
11.97 11.97 11.17 11.39 11.83 11.68 12.26 12.19 13.21 12.41 12.56 12.34 10.00 10.66 9.13 10.22 10.29 9.49 10.80 10.59 11.83 12.12 12.12 11.68 10.59 11.90 11.90 11.24 10.95 12.34 11.32 11.39 12.05 11.97 11.90 11.68 11.75 9.93 8.25 8.47 8.10 6.72 7.08 6.06 6.13 6.28 5.91 6.06 5.62 6.13 6.86 6.86 5.04 6.35 7.52 7.52 7.88 7.23 7.96 6.86 6.57 8.03 8.76 8.69 8.61 8.83 8.98 8.18 9.78 10.73 10.51 11.02 12.92 12.41 16.35 16.43 16.43 19.05 19.64 17.89 18.03 17.45 16.64 14.60
10.80 10.80 11.10 10.07 9.86 11.17 12.41 12.12 12.12 11.61 10.88 11.32 9.86 9.42 9.42 9.34 9.34 8.98 12.19 11.83 11.97 10.51 11.17 11.24 10.15 9.49 9.49 10.07 9.34 9.49 9.20 11.68 11.17 12.26 10.73 11.24 8.10 7.23 7.37 8.40 8.03 8.40 5.91 6.28 6.13 6.57 5.91 5.33 5.26 5.48 0.00 0.00 4.38 3.58 7.52 6.79 7.52 8.25 7.96 7.96 7.52 7.45 8.10 9.86 9.42 9.64 10.73 9.93 9.86 10.37 11.75 13.51 14.09 13.80 14.60 16.06 16.06 19.20 17.37 17.16 18.18 17.37 16.43 15.70
11.39 11.39 10.80 10.00 11.32 11.75 11.39 10.88 10.59 11.24 11.02 10.00 10.51 9.56 9.42 9.42 11.90 12.78 12.19 12.41 10.07 10.29 10.07 10.59 10.51 10.15 10.15 9.56 9.64 10.07 10.80 10.73 9.27 11.46 10.44 8.18 8.83 6.28 7.15 7.66 9.05 9.20 7.30 6.42 6.28 6.42 5.91 6.13 4.96 5.99 5.84 5.84 3.36 0.00 4.02 5.99 7.88 7.96 8.91 8.40 8.40 8.10 9.78 9.34 10.73 10.66 11.75 12.63 12.63 12.56 13.72 13.87 13.94 13.43 13.72 12.34 12.34 14.97 15.33 14.45 16.35 14.82 15.04 15.55
11.39 11.39 10.80 10.00 11.32 11.75 11.39 10.88 10.59 11.24 11.02 10.00 10.51 9.56 9.42 9.42 11.90 12.78 12.19 12.41 10.07 10.29 10.07 10.59 10.51 10.15 10.15 9.56 9.64 10.07 10.80 10.73 9.27 11.46 10.44 8.18 8.83 6.28 7.15 7.66 9.05 9.20 7.30 6.42 6.28 6.42 5.91 6.13 4.96 5.99 5.84 5.84 3.36 0.00 4.02 5.99 7.88 7.96 8.91 8.40 8.40 8.10 9.78 9.34 10.73 10.66 11.75 12.63 12.63 12.56 13.72 13.87 13.94 13.43 13.72 12.34 12.34 14.97 15.33 14.45 16.35 14.82 15.04 15.55
11.17 11.17 10.73 10.88 11.02 10.22 10.66 9.71 9.78 8.61 10.37 8.83 9.05 9.27 9.93 12.12 11.83 13.72 12.56 12.99 10.00 10.00 9.71 10.51 11.17 0.00 0.00 9.71 9.64 9.71 10.15 8.40 8.91 7.59 7.37 7.59 6.13 6.20 6.79 6.72 6.79 6.94 8.18 7.01 6.35 6.42 6.06 5.99 5.91 6.42 6.06 6.06 6.86 3.14 4.96 4.45 7.30 7.81 7.66 7.81 8.47 9.56 9.93 9.93 10.00 10.88 10.37 12.41 12.78 13.07 13.29 14.31 13.80 11.32 11.10 10.37 10.37 11.83 9.78 10.29 9.93 11.68 11.68 13.07
10.66 10.66 10.95 10.80 10.88 9.93 8.98 9.34 7.74 7.66 8.18 8.40 8.83 10.37 9.71 12.63 13.87 13.87 11.61 10.15 10.15 11.32 10.66 10.59 12.12 12.63 12.63 11.61 10.07 9.71 9.86 8.03 7.23 7.15 6.72 5.26 5.69 4.67 6.06 6.57 6.79 6.86 8.32 8.98 9.13 8.32 8.32 8.47 7.96 7.52 7.74 7.74 7.37 6.28 5.77 5.91 5.11 6.13 6.20 8.32 9.13 8.83 9.78 8.47 8.69 8.91 10.00 12.12 10.80 11.53 11.83 12.70 11.53 10.44 9.42 8.32 8.32 9.56 10.00 8.76 9.42 11.68 11.32 12.26
11.17 11.17 10.88 11.02 11.17 10.51 7.96 7.45 7.52 7.23 7.74 8.91 8.61 9.86 12.12 11.75 12.48 12.19 12.12 12.85 12.05 11.90 12.92 13.43 13.07 13.14 13.14 10.15 10.80 9.20 7.52 7.81 6.06 5.11 6.13 5.84 4.96 5.11 3.94 4.60 4.60 7.52 11.24 10.44 9.93 10.22 9.56 8.32 8.47 7.74 7.08 7.08 7.23 7.59 6.06 5.18 5.48 5.48 6.42 6.79 6.57 6.94 6.94 6.86 7.74 5.84 6.79 8.54 7.74 9.71 8.47 9.78 7.66 8.32 7.96 9.71 9.71 9.93 9.64 9.42 10.37 12.78 13.07 12.99
11.17 11.17 10.88 11.02 11.17 10.51 7.96 7.45 7.52 7.23 7.74 8.91 8.61 9.86 12.12 11.75 12.48 12.19 12.12 12.85 12.05 11.90 12.92 13.43 13.07 13.14 13.14 10.15 10.80 9.20 7.52 7.81 6.06 5.11 6.13 5.84 4.96 5.11 3.94 4.60 4.60 7.52 11.24 10.44 9.93 10.22 9.56 8.32 8.47 7.74 7.08 7.08 7.23 7.59 6.06 5.18 5.48 5.48 6.42 6.79 6.57 6.94 6.94 6.86 7.74 5.84 6.79 8.54 7.74 9.71 8.47 9.78 7.66 8.32 7.96 9.71 9.71 9.93 9.64 9.42 10.37 12.78 13.07 12.99
10.15 10.15 10.44 10.44 9.42 8.25 8.61 7.59 7.52 8.03 7.81 8.18 9.64 9.13 11.61 12.56 12.19 15.48 13.87 13.87 13.51 13.21 12.85 13.07 11.17 13.07 13.07 10.37 7.52 7.52 4.67 5.62 5.55 4.53 3.65 3.43 4.31 3.65 3.87 3.80 6.13 5.11 10.44 10.80 10.88 10.22 9.86 10.22 7.96 6.64 7.08 7.08 6.86 7.01 6.64 6.79 5.04 5.62 5.33 5.62 5.33 2.70 2.41 2.63 3.58 5.11 2.92 2.48 4.89 5.91 4.67 6.50 5.26 6.64 6.72 6.50 6.50 7.23 9.49 11.39 10.88 11.97 11.24 9.34
7.59 7.59 8.76 8.47 9.20 8.91 8.91 8.91 8.69 8.98 7.96 7.88 9.49 11.97 11.24 15.40 16.43 16.28 15.62 12.99 12.99 13.21 12.85 10.44 11.02 7.88 7.88 8.18 6.42 4.23 3.87 3.72 3.94 4.09 3.72 3.94 4.02 3.72 3.50 3.43 3.21 5.04 7.15 9.49 9.49 9.71 9.34 8.18 7.45 7.81 6.79 6.79 7.30 7.23 6.35 5.04 5.40 4.16 3.80 3.43 3.43 2.63 2.41 2.26 2.04 2.04 0.00 1.53 1.90 4.02 3.72 4.16 5.18 5.40 6.72 6.50 6.50 7.15 9.64 10.88 10.88 11.24 9.42 8.47
7.15 7.15 8.25 8.83 9.20 9.05 9.34 9.05 9.49 9.34 10.29 10.80 10.51 14.09 15.70 15.26 16.28 15.70 16.06 14.60 13.07 11.17 11.61 9.13 7.52 7.88 7.88 6.57 5.11 4.89 3.65 3.87 3.80 3.94 3.87 3.72 3.65 3.65 3.58 3.80 4.74 4.53 5.26 5.91 5.77 7.08 7.59 7.37 7.52 7.37 6.86 6.86 6.86 7.30 5.69 6.13 4.23 3.43 3.21 3.43 2.99 2.70 2.99 3.14 2.63 2.92 2.04 2.56 2.70 2.77 2.26 4.53 2.99 4.96 5.84 7.81 7.81 10.00 9.64 9.93 9.64 8.47 8.69 8.47
8.25 8.25 8.18 8.40 9.05 9.64 9.71 9.56 11.02 11.46 10.95 12.34 13.58 12.99 15.04 15.77 15.40 15.99 14.67 13.21 13.21 11.32 9.71 9.78 8.32 7.37 7.37 7.59 5.91 5.99 5.91 4.60 4.53 4.67 3.80 3.43 3.36 3.07 2.85 3.80 4.53 5.04 4.96 5.55 6.64 6.35 7.30 7.88 7.01 6.94 7.30 7.30 7.96 7.96 6.94 4.53 0.00 2.63 2.26 3.58 3.58 4.53 4.38 3.65 2.99 3.58 3.29 3.50 3.94 3.65 2.99 3.14 5.33 5.55 5.33 6.86 6.86 7.66 9.05 8.91 9.64 8.25 8.98 8.76
8.25 8.25 8.18 8.40 9.05 9.64 9.71 9.56 11.02 11.46 10.95 12.34 13.58 12.99 15.04 15.77 15.40 15.99 14.67 13.21 13.21 11.32 9.71 9.78 8.32 7.37 7.37 7.59 5.91 5.99 5.91 4.60 4.53 4.67 3.80 3.43 3.36 3.07 2.85 3.80 4.53 5.04 4.96 5.55 6.64 6.35 7.30 7.88 7.01 6.94 7.30 7.30 7.96 7.96 6.94 4.53 0.00 2.63 2.26 3.58 3.58 4.53 4.38 3.65 2.99 3.58 3.29 3.50 3.94 3.65 2.99 3.14 5.33 5.55 5.33 6.86 6.86 7.66 9.05 8.91 9.64 8.25 8.98 8.76
7.45 7.45 7.59 7.81 7.66 8.18 8.98 8.47 11.90 13.14 12.92 13.14 11.97 13.29 13.14 14.75 14.09 13.87 13.51 12.26 9.78 10.07 8.98 8.69 8.54 8.10 8.10 7.08 7.15 6.86 6.42 6.64 5.33 4.23 4.31 3.50 0.00 2.99 2.63 0.00 0.00 3.80 5.11 6.79 6.50 6.35 6.28 7.45 6.79 6.57 7.23 7.23 7.08 6.94 4.89 5.33 3.72 2.99 5.11 5.18 4.96 4.53 5.04 5.40 3.58 3.72 4.53 4.02 3.80 5.18 4.82 5.55 5.48 5.48 5.40 5.84 5.84 5.77 7.01 7.30 8.10 8.03 9.78 9.27
7.30 7.30 7.96 7.96 8.10 7.23 7.88 11.10 11.10 12.48 13.07 13.14 13.14 13.80 12.48 12.63 12.41 11.24 10.95 11.39 9.05 7.01 7.01 8.03 8.47 8.32 8.32 8.61 7.59 7.66 6.13 5.99 5.99 6.42 5.04 2.99 3.14 0.00 0.00 0.00 4.74 5.62 5.40 7.01 7.01 7.30 5.55 6.79 7.59 7.59 7.08 7.08 6.50 6.50 6.13 6.57 6.28 5.62 5.69 5.62 6.72 5.99 5.84 5.99 6.28 6.20 5.26 5.99 5.48 7.08 6.20 7.74 5.91 6.64 5.40 5.91 5.91 7.08 6.86 7.59 8.03 8.69 9.05 7.88
6.86 6.86 8.10 8.76 7.96 8.18 8.40 12.05 11.75 11.83 12.19 12.85 12.70 12.63 12.56 11.39 11.68 10.15 8.40 6.94 7.81 6.64 8.40 8.54 10.15 8.91 8.91 9.20 7.96 8.69 8.61 7.66 7.59 7.59 6.94 4.74 5.18 5.33 6.64 8.10 6.28 8.69 8.91 7.66 7.66 8.40 6.64 5.84 7.52 7.30 6.64 6.64 6.72 6.86 7.37 7.52 7.23 7.45 8.91 7.59 7.74 7.08 7.15 6.94 7.66 7.59 6.64 7.01 6.79 8.69 8.83 8.61 7.74 8.03 6.42 8.83 8.83 8.32 10.95 8.76 11.39 10.95 10.95 11.97
8.47 8.47 8.91 8.91 9.20 12.05 11.90 11.75 13.29 12.41 12.56 11.90 11.90 11.32 11.39 10.59 9.49 9.27 8.03 8.32 10.29 7.08 11.10 11.46 12.26 10.22 10.22 8.32 8.40 9.27 10.29 10.51 11.39 8.32 8.54 7.23 6.72 7.01 6.79 8.69 9.42 9.71 9.42 9.56 9.34 9.42 7.81 7.52 7.81 7.96 6.86 6.86 7.66 9.56 10.66 10.37 9.27 9.27 9.05 8.61 8.40 7.59 8.10 7.81 8.32 8.25 7.81 7.23 8.47 7.96 8.18 8.61 8.47 8.54 9.13 8.76 8.76 9.13 11.46 12.85 12.26 13.72 13.29 12.92
9.20 9.20 9.56 11.68 10.80 12.34 13.51 13.43 13.51 11.90 10.88 11.39 11.24 11.10 10.44 9.93 9.86 11.90 11.32 10.66 11.32 13.29 12.78 13.14 11.39 12.41 12.41 10.44 10.59 10.07 11.46 12.19 10.37 10.80 8.91 9.13 8.98 7.15 8.10 7.96 9.49 9.34 9.71 9.71 9.20 9.20 9.93 8.18 9.20 9.42 8.69 8.69 8.03 8.83 11.10 11.32 11.46 10.00 10.44 9.05 8.83 8.10 8.54 8.32 7.66 7.88 7.01 9.05 8.25 8.10 8.25 8.47 8.83 9.13 10.59 10.66 10.66 10.59 11.61 11.02 13.14 12.70 13.51 13.65
9.20 9.20 9.56 11.68 10.80 12.34 13.51 13.43 13.51 11.90 10.88 11.39 11.24 11.10 10.44 9.93 9.86 11.90 11.32 10.66 11.32 13.29 12.78 13.14 11.39 12.41 12.41 10.44 10.59 10.07 11.46 12.19 10.37 10.80 8.91 9.13 8.98 7.15 8.10 7.96 9.49 9.34 9.71 9.71 9.20 9.20 9.93 8.18 9.20 9.42 8.69 8.69 8.03 8.83 11.10 11.32 11.46 10.00 10.44 9.05 8.83 8.10 8.54 8.32 7.66 7.88 7.01 9.05 8.25 8.10 8.25 8.47 8.83 9.13 10.59 10.66 10.66 10.59 11.61 11.02 13.14 12.70 13.51 13.65
10.29 10.29 9.93 11.68 11.97 13.14 12.92 12.34 10.00 10.88 10.29 10.07 9.20 10.88 10.80 10.88 10.80 12.12 13.80 12.41 12.26 13.36 13.36 13.36 12.99 11.53 11.53 12.05 10.44 10.66 11.24 11.68 10.29 9.27 9.56 9.05 9.34 9.93 10.22 10.95 12.19 11.83 11.61 11.39 10.88 10.66 10.15 9.71 10.59 10.37 10.51 10.51 10.73 11.24 11.75 12.05 12.12 11.24 10.73 9.78 9.64 7.37 7.66 8.69 8.10 8.25 9.49 7.45 8.61 10.59 10.29 10.51 10.29 9.78 11.17 10.80 10.80 10.22 10.44 10.29 11.97 14.02 14.45 14.45
10.07 10.07 9.64 11.68 11.39 10.95 11.39 9.78 9.05 6.86 7.08 8.03 8.18 10.00 10.15 9.78 11.24 12.19 13.51 14.09 13.80 13.43 13.07 12.41 11.97 12.41 12.41 9.56 10.29 10.15 10.66 9.78 10.00 9.71 9.71 9.34 9.20 11.10 11.46 11.53 11.75 12.19 12.26 11.90 11.53 11.17 11.32 10.59 10.44 10.29 10.37 10.37 10.59 10.95 11.61 12.05 11.97 10.80 11.24 10.88 10.15 9.42 8.83 8.47 8.69 8.61 8.91 10.95 11.10 11.24 11.32 10.73 11.46 11.02 11.32 10.29 10.29 10.15 10.29 11.68 11.02 13.58 12.78 13.21
12.41 12.41 11.46 12.12 10.95 9.34 8.91 9.05 8.03 6.06 5.84 7.52 7.23 5.91 8.47 8.10 9.86 11.68 13.87 13.72 13.36 11.32 12.19 10.59 10.22 7.52 7.52 7.96 8.76 10.44 10.59 8.98 9.27 8.98 9.78 9.27 9.42 9.64 8.98 10.37 9.78 11.32 10.44 11.17 10.95 10.88 10.95 10.44 10.22 10.37 10.15 10.15 10.22 11.53 12.41 12.26 11.61 11.24 11.83 11.17 11.17 8.91 9.71 9.34 9.34 11.02 10.88 11.02 10.80 8.76 9.05 8.83 10.15 9.42 9.56 9.34 9.34 9.93 8.91 10.51 10.66 11.24 11.24 11.75
11.68 11.68 11.68 9.93 8.76 9.20 8.69 8.47 8.83 5.91 5.91 4.89 4.16 4.60 3.80 9.05 8.32 10.95 13.14 12.48 12.92 9.93 7.45 9.64 8.18 6.50 6.50 8.47 7.66 8.10 8.54 9.13 8.03 9.27 9.86 9.86 9.34 8.32 8.25 9.49 9.27 10.44 10.44 10.73 10.73 10.59 10.66 10.44 10.37 9.93 9.56 9.56 10.51 10.00 11.61 11.53 10.95 11.10 11.97 11.83 9.64 9.42 9.56 9.34 10.00 10.73 10.29 10.51 9.49 8.91 8.32 8.76 9.56 9.34 8.98 8.83 8.83 9.05 9.13 9.42 10.07 10.29 10.44 10.66
10.51 10.51 11.02 10.00 8.54 7.74 7.37 8.18 7.15 6.06 6.13 5.91 0.00 3.94 3.65 8.32 10.22 9.93 9.78 8.25 9.42 10.15 6.64 6.94 7.01 6.28 6.28 7.30 7.37 7.52 5.99 6.06 6.50 7.74 8.47 8.25 8.10 8.61 9.05 8.91 8.83 9.56 10.29 9.13 8.98 9.27 8.40 8.47 8.91 8.47 10.07 10.07 9.42 10.22 11.10 11.17 10.00 9.78 10.80 9.78 10.44 9.56 7.96 7.08 7.81 9.20 10.22 10.37 9.42 9.49 8.76 8.69 8.18 8.40 7.66 7.45 7.45 9.71 8.98 8.83 9.71 8.69 10.80 10.29
10.51 10.51 11.02 10.00 8.54 7.74 7.37 8.18 7.15 6.06 6.13 5.91 0.00 3.94 3.65 8.32 10.22 9.93 9.78 8.25 9.42 10.15 6.64 6.94 7.01 6.28 6.28 7.30 7.37 7.52 5.99 6.06 6.50 7.74 8.47 8.25 8.10 8.61 9.05 8.91 8.83 9.56 10.29 9.13 8.98 9.27 8.40 8.47 8.91 8.47 10.07 10.07 9.42 10.22 11.10 11.17 10.00 9.78 10.80 9.78 10.44 9.56 7.96 7.08 7.81 9.20 10.22 10.37 9.42 9.49 8.76 8.69 8.18 8.40 7.66 7.45 7.45 9.71 8.98 8.83 9.71 8.69 10.80 10.29
9.42 9.42 9.86 9.27 7.23 7.01 6.79 7.37 7.59 7.88 7.23 7.23 7.08 6.28 8.76 8.32 9.13 8.83 9.13 7.74 5.26 5.55 5.55 5.77 5.55 5.84 5.84 7.23 7.37 6.20 6.64 0.00 6.57 5.84 5.91 5.55 6.50 7.59 7.45 8.03 8.03 6.86 7.01 9.05 9.05 7.74 7.81 8.40 7.81 8.25 9.64 9.64 10.15 10.07 10.73 10.15 9.78 9.64 8.47 9.05 7.15 7.52 7.01 7.37 8.03 9.42 8.98 9.27 8.03 7.81 8.03 8.47 8.83 8.18 8.25 7.08 7.08 8.25 8.32 5.26 7.59 7.01 9.78 10.29
9.27 9.27 7.30 6.64 6.86 7.08 6.28 6.13 6.86 7.23 0.00 0.00 0.00 0.00 0.00 0.00 7.96 8.69 6.86 4.45 4.60 3.87 4.82 4.82 4.89 5.11 5.11 5.91 5.62 6.64 5.62 5.69 5.77 6.13 5.48 5.55 5.33 6.79 6.94 7.23 7.15 6.64 7.37 6.86 8.32 8.18 7.01 7.01 7.08 7.01 8.18 8.18 9.42 9.34 10.15 8.47 7.74 7.15 6.13 6.20 5.99 5.91 6.94 6.57 7.66 7.96 8.03 8.25 7.59 7.52 8.61 7.88 8.69 7.88 6.28 6.28 6.28 6.06 7.30 3.58 4.53 3.94 3.65 7.81
9.13 9.13 7.15 7.08 6.86 6.86 5.84 5.48 0.00 0.00 0.00 0.00 0.00 0.00 0.00 0.00 0.00 0.00 6.72 0.00 0.00 0.00 0.00 0.00 0.00 0.00 0.00 4.96 5.48 5.33 5.62 4.96 5.55 5.91 5.55 5.77 5.77 5.55 6.06 5.84 4.23 4.60 5.40 5.77 5.99 7.23 7.15 7.15 6.79 5.69 7.45 7.45 8.40 7.74 8.32 7.74 7.30 5.11 5.69 3.94 5.26 5.84 5.55 6.20 6.72 4.89 5.84 7.66 6.50 5.11 6.13 6.64 7.08 4.82 5.99 4.67 4.67 3.07 3.14 3.29 2.70 2.70 1.68 4.45
6.28 6.28 6.86 4.16 5.84 4.09 5.26 5.04 6.64 7.37 7.23 8.03 0.00 0.00 0.00 0.00 5.62 4.31 4.60 0.00 0.00 0.00 0.00 0.00 0.00 3.87 3.87 3.72 4.60 5.62 5.55 5.84 4.74 0.00 0.00 0.00 5.77 4.82 0.00 0.00 3.72 3.72 5.11 5.04 5.11 5.04 4.67 5.18 4.96 5.48 5.69 5.69 5.84 7.15 8.10 6.94 5.55 4.96 0.00 3.36 0.00 5.04 4.02 2.48 3.21 3.50 3.36 5.26 4.09 4.96 4.89 3.07 3.80 4.02 4.45 1.53 1.53 1.10 3.14 3.36 3.50 2.19 1.83 2.41
1.68 1.68 2.48 2.04 3.72 2.92 4.74 6.35 5.84 7.52 8.54 0.00 8.32 0.00 5.11 5.55 5.26 4.16 3.29 0.00 3.80 0.00 3.14 3.07 0.00 3.65 3.65 4.60 4.09 4.96 5.62 5.40 5.40 0.00 0.00 4.89 5.04 4.23 0.00 3.07 3.07 3.21 3.87 4.09 4.09 4.02 4.16 4.38 4.60 5.18 5.26 5.26 5.99 6.57 5.69 5.48 0.00 0.00 0.00 0.00 0.00 0.00 0.00 0.00 0.00 2.77 6.20 4.60 4.74 5.26 3.87 3.50 2.85 2.04 0.00 0.00 0.00 0.51 4.96 5.33 5.26 2.77 2.99 1.17
0.00 0.00 0.00 0.00 2.41 2.19 0.00 5.33 6.64 6.13 7.59 0.00 5.91 0.00 5.11 4.60 0.00 4.67 3.36 0.00 5.04 0.00 3.72 0.00 3.21 3.29 3.29 0.00 4.96 5.33 5.77 5.33 5.33 5.26 5.55 5.04 4.38 3.43 4.31 3.29 2.99 3.14 3.50 3.80 4.16 4.45 3.58 3.65 4.96 5.84 5.55 5.55 5.11 4.89 4.96 2.56 0.00 0.00 0.00 0.00 0.00 0.00 5.04 4.16 4.67 8.47 9.64 8.47 11.24 7.88 5.77 6.20 3.29 5.26 2.99 0.00 0.00 7.01 0.00 6.28 5.91 6.79 3.07 3.50
0.00 0.00 0.00 0.00 2.41 2.19 0.00 5.33 6.64 6.13 7.59 0.00 5.91 0.00 5.11 4.60 0.00 4.67 3.36 0.00 5.04 0.00 3.72 0.00 3.21 3.29 3.29 0.00 4.96 5.33 5.77 5.33 5.33 5.26 5.55 5.04 4.38 3.43 4.31 3.29 2.99 3.14 3.50 3.80 4.16 4.45 3.58 3.65 4.96 5.84 5.55 5.55 5.11 4.89 4.96 2.56 0.00 0.00 0.00 0.00 0.00 0.00 5.04 4.16 4.67 8.47 9.64 8.47 11.24 7.88 5.77 6.20 3.29 5.26 2.99 0.00 0.00 7.01 0.00 6.28 5.91 6.79 3.07 3.50
0.00 0.00 0.00 0.00 0.00 4.38 4.45 4.60 5.69 7.15 7.59 8.40 6.20 4.53 4.89 0.00 0.00 0.00 0.00 4.16 0.00 4.23 4.38 4.23 0.00 0.00 0.00 0.00 4.02 4.67 4.60 4.60 4.38 4.60 4.67 4.45 4.67 4.23 3.50 3.07 3.07 3.14 3.14 3.14 3.80 4.09 3.58 3.65 3.87 5.18 5.91 5.91 5.48 4.74 0.00 0.00 0.00 0.00 0.00 0.00 8.47 7.66 8.54 11.68 11.83 11.83 12.41 12.34 12.34 10.59 8.10 7.37 7.45 6.94 6.28 9.71 9.71 8.83 6.57 6.94 6.64 7.52 5.91 4.60
0.00 0.00 0.00 0.00 0.00 0.00 4.45 4.74 4.67 7.30 10.88 8.18 7.08 0.00 0.00 0.00 0.00 5.04 0.00 0.00 0.00 4.16 0.00 0.00 0.00 0.00 0.00 3.29 0.00 4.02 3.65 3.94 4.09 3.94 5.11 5.26 5.26 5.40 4.74 4.09 4.67 4.09 3.80 3.94 4.02 3.94 3.80 4.31 5.40 6.35 6.86 6.86 5.62 6.06 0.00 0.00 0.00 4.67 0.00 5.40 9.42 9.27 10.37 11.32 12.56 11.53 12.63 12.78 11.90 11.32 8.18 7.37 7.59 8.40 9.05 9.56 9.56 6.42 5.40 6.06 7.66 7.30 8.61 7.37
