Wansh/Snow_depth/snowdepth-1993/winter/1994049.txt
ncols 321
nrows 161
xllcenter 60
yllcenter 15 
cellsize  0.25 
NODATA_value -1
[rows 0 to 36 of 161, columns 168 to 251 of 321]
12.12 9.78 8.10 6.35 6.13 6.72 6.86 6.35 6.64 6.64 6.94 7.23 6.94 7.96 7.66 7.96 8.10 10.15 9.71 11.32 12.78 10.00 10.37 9.56 8.03 5.11 0.22 0.00 0.00 0.00 0.00 0.00 7.08 13.07 14.02 14.02 14.24 13.21 13.58 11.32 11.32 11.32 11.32 13.29 10.95 11.24 13.87 14.31 12.56 12.99 12.05 8.69 9.27 9.93 9.93 9.93 10.51 10.88 10.59 12.41 12.41 13.72 16.50 15.33 19.49 24.38 27.81 25.77 25.99 24.60 21.83 22.27 20.73 17.37 17.59 17.96 15.62 19.78 18.83 22.27 19.42 19.49 19.49 17.52
12.92 11.68 8.91 9.71 7.96 6.86 7.37 6.06 6.94 6.94 6.64 7.23 8.32 7.88 8.10 8.25 9.34 8.91 11.32 12.92 12.05 10.07 10.66 8.54 6.79 0.00 0.00 0.00 0.00 0.00 0.00 0.00 5.91 11.24 11.32 11.32 10.51 13.29 12.19 17.16 16.13 14.82 13.65 14.97 14.02 12.85 13.29 12.63 10.15 9.34 9.78 9.56 10.73 12.26 10.07 12.19 12.12 13.07 12.34 12.19 12.19 13.43 15.55 21.83 25.19 24.31 27.01 23.14 23.43 24.75 21.61 17.37 15.33 16.57 11.32 13.51 12.92 17.89 17.16 16.13 16.64 12.41 12.41 13.14
14.60 13.07 11.75 11.75 11.02 9.56 9.56 6.50 6.13 6.13 6.35 7.96 7.45 7.45 7.66 10.59 13.43 12.41 12.12 12.34 11.61 9.56 9.42 7.66 2.99 0.00 0.00 0.00 0.00 0.00 0.00 0.00 2.77 8.10 9.93 9.93 11.46 15.04 13.58 19.64 18.69 18.69 17.96 15.33 14.09 11.53 10.80 10.66 10.51 10.88 12.70 11.17 11.53 12.56 12.63 12.92 11.97 12.26 13.21 14.82 14.82 17.16 16.35 19.86 19.71 19.78 19.64 20.73 13.58 14.45 14.02 14.38 7.96 9.78 10.29 7.01 10.29 9.34 12.92 9.64 9.34 10.15 7.74 7.45
14.60 13.07 11.75 11.75 11.02 9.56 9.56 6.50 6.13 6.13 6.35 7.96 7.45 7.45 7.66 10.59 13.43 12.41 12.12 12.34 11.61 9.56 9.42 7.66 2.99 0.00 0.00 0.00 0.00 0.00 0.00 0.00 2.77 8.10 9.93 9.93 11.46 15.04 13.58 19.64 18.69 18.69 17.96 15.33 14.09 11.53 10.80 10.66 10.51 10.88 12.70 11.17 11.53 12.56 12.63 12.92 11.97 12.26 13.21 14.82 14.82 17.16 16.35 19.86 19.71 19.78 19.64 20.73 13.58 14.45 14.02 14.38 7.96 9.78 10.29 7.01 10.29 9.34 12.92 9.64 9.34 10.15 7.74 7.45
13.94 14.38 12.48 11.53 11.75 10.51 7.66 8.32 10.29 10.29 8.10 10.51 9.13 9.93 11.46 10.95 12.70 15.84 12.92 10.51 10.66 7.81 4.74 0.88 0.00 0.00 0.00 0.00 0.00 0.00 1.10 6.35 9.27 9.64 9.42 9.42 12.34 16.86 18.54 18.18 17.96 17.67 14.97 13.65 14.16 12.99 12.05 14.89 14.75 15.11 13.51 13.07 13.72 12.85 13.94 12.05 12.34 12.19 13.36 14.97 14.97 17.01 20.37 20.37 20.44 17.89 10.15 10.15 11.53 5.62 6.42 6.50 7.01 4.74 5.48 5.91 4.31 5.99 5.62 7.45 5.91 5.69 6.42 5.40
16.43 16.64 15.70 15.77 15.48 16.35 15.18 12.92 9.49 9.49 10.00 10.07 13.87 15.55 14.82 14.75 15.99 13.65 9.13 10.15 7.08 1.61 0.00 0.00 0.00 0.00 0.00 0.00 0.00 3.87 2.56 6.28 10.37 12.48 14.09 14.09 13.43 15.70 16.28 15.77 13.94 16.72 16.79 15.84 16.21 15.26 15.48 14.53 15.77 17.16 16.72 17.16 15.55 14.45 13.72 13.29 13.43 13.29 13.87 13.58 13.58 15.91 18.47 14.16 12.41 13.14 10.07 5.11 4.38 4.53 4.82 4.16 4.38 4.53 4.23 4.31 4.23 5.40 5.33 5.33 5.48 4.89 5.18 5.33
17.67 17.23 19.05 20.59 18.98 17.59 18.03 18.47 15.04 15.04 15.84 14.45 16.64 16.13 16.94 15.77 13.94 14.75 3.29 4.74 1.31 0.00 0.00 0.00 0.00 0.00 0.00 0.00 2.12 6.06 9.05 10.66 10.07 12.48 17.30 17.30 18.25 17.16 17.52 15.33 13.94 14.67 15.91 17.23 17.08 16.79 18.47 17.67 17.59 17.45 17.37 17.16 14.67 15.18 13.29 13.80 12.99 11.97 12.63 10.80 10.80 12.19 11.83 12.63 9.86 7.81 5.62 5.48 6.64 5.40 4.60 4.45 5.04 4.23 4.16 4.60 4.31 4.31 5.11 5.02 5.52 6.10 7.78 8.62
17.67 17.23 19.05 20.59 18.98 17.59 18.03 18.47 15.04 15.04 15.84 14.45 16.64 16.13 16.94 15.77 13.94 14.75 3.29 4.74 1.31 0.00 0.00 0.00 0.00 0.00 0.00 0.00 2.12 6.06 9.05 10.66 10.07 12.48 17.30 17.30 18.25 17.16 17.52 15.33 13.94 14.67 15.91 17.23 17.08 16.79 18.47 17.67 17.59 17.45 17.37 17.16 14.67 15.18 13.29 13.80 12.99 11.97 12.63 10.80 10.80 12.19 11.83 12.63 9.86 7.81 5.62 5.48 6.64 5.40 4.60 4.45 5.04 4.23 4.16 5.32 5.94 6.20 7.00 8.53 9.11 8.12 10.01 8.94
12.19 17.67 20.15 19.86 19.49 17.96 18.18 17.45 15.91 15.91 17.89 18.40 18.40 17.52 16.35 11.97 8.25 9.27 5.69 0.00 0.00 0.00 0.00 0.00 0.00 0.00 2.63 0.00 4.67 5.99 8.83 10.80 13.07 17.08 15.77 15.77 19.13 17.08 15.91 15.48 14.89 16.94 16.43 17.37 18.47 19.64 20.08 19.64 19.78 18.69 19.13 17.52 17.37 13.58 12.05 10.66 9.64 9.93 9.71 10.44 10.44 11.53 11.97 11.17 11.53 9.42 9.05 6.72 7.23 6.86 6.86 5.91 5.77 5.57 5.84 7.24 7.54 7.08 6.03 9.07 10.47 9.94 8.93 10.00
10.07 10.88 16.43 12.99 15.77 16.79 17.37 15.48 16.57 16.57 15.84 18.25 16.64 12.99 9.78 0.00 0.00 0.00 0.00 0.00 0.00 0.00 0.00 0.00 4.09 0.00 5.69 6.20 8.32 9.64 9.42 10.44 12.26 11.02 13.43 13.43 15.33 15.91 15.55 14.53 15.18 17.74 17.89 17.30 17.52 18.69 19.78 17.52 17.96 17.59 18.25 15.40 17.45 16.13 12.26 10.59 9.86 10.44 14.02 13.21 13.21 13.29 13.36 12.63 12.19 9.86 9.93 8.54 7.01 7.08 7.08 7.23 5.70 8.31 7.59 7.35 7.09 8.49 11.81 11.77 9.84 11.56 14.39 14.06
12.12 10.66 10.95 13.51 12.92 14.75 13.21 14.60 14.02 14.02 15.18 14.75 5.26 2.48 4.96 0.00 0.00 0.00 0.00 1.46 2.34 4.09 6.06 5.18 6.06 4.89 7.59 8.32 8.54 9.34 8.18 8.32 8.32 8.98 11.39 11.39 13.80 14.38 14.24 13.21 13.80 18.47 17.52 16.21 13.51 14.75 15.11 15.91 15.99 15.18 15.55 15.62 13.51 15.11 13.07 11.02 12.78 15.70 16.06 15.84 15.84 17.08 16.28 16.43 12.70 11.17 8.61 9.05 7.45 8.18 6.57 6.86 6.81 5.41 5.57 6.94 10.21 10.16 9.94 11.21 13.02 12.55 13.69 15.23
12.12 10.66 10.95 13.51 12.92 14.75 13.21 14.60 14.02 14.02 15.18 14.75 5.26 2.48 4.96 0.00 0.00 0.00 0.00 1.46 2.34 4.09 6.06 5.18 6.06 4.89 7.59 8.32 8.54 9.34 8.18 8.32 8.32 8.98 11.39 11.39 13.80 14.38 14.24 13.21 13.80 18.47 17.52 16.21 13.51 14.75 15.11 15.91 15.99 15.18 15.55 15.62 13.51 15.11 13.07 11.02 12.78 15.70 16.06 15.84 15.84 17.08 16.28 16.43 12.70 11.17 8.61 9.05 7.45 8.18 6.57 6.86 6.64 5.33 5.40 6.45 9.10 9.41 10.60 11.64 13.02 12.27 15.04 16.30
12.78 12.12 10.66 9.56 9.05 9.71 9.56 9.93 5.26 5.26 1.17 0.29 0.58 0.00 0.00 0.00 0.00 0.00 2.34 7.01 5.62 5.91 7.96 7.45 8.25 9.34 7.30 8.40 8.10 8.91 8.47 8.61 10.44 12.41 11.68 11.68 14.02 16.35 16.28 17.59 17.52 14.53 13.07 13.29 12.48 10.51 7.30 10.51 9.49 13.72 16.21 15.33 14.02 14.53 14.82 16.72 16.06 16.50 17.52 16.13 16.13 16.43 15.18 14.31 15.26 12.19 9.56 10.88 11.68 8.61 10.51 8.10 8.54 6.42 6.74 9.77 10.46 10.79 12.79 12.75 13.28 16.43 15.84 17.15
13.58 13.43 12.34 14.09 12.12 8.98 9.56 4.45 0.07 0.07 0.00 0.00 0.00 0.00 0.00 0.00 0.00 1.68 7.23 6.72 7.66 7.81 8.47 8.83 8.40 9.27 8.76 9.27 9.20 10.59 10.07 10.59 10.22 11.02 10.44 10.44 12.99 12.26 13.14 14.02 14.31 13.94 11.39 7.66 6.50 6.50 6.79 8.83 8.03 10.95 10.07 12.85 14.24 14.38 15.62 16.21 15.91 15.18 14.97 15.04 15.04 17.52 18.32 17.45 16.57 15.48 15.70 13.14 12.92 12.41 11.68 10.29 10.88 13.61 12.27 11.86 11.05 10.20 14.15 12.23 13.48 14.60 14.10 18.25
15.70 17.45 15.48 16.06 14.09 10.88 12.34 9.93 8.47 8.47 3.43 0.00 4.60 0.00 5.26 4.45 2.63 7.01 4.31 6.20 8.47 9.13 8.69 8.91 9.27 10.95 10.73 11.02 10.59 10.00 10.29 10.15 10.15 9.64 9.78 9.78 10.80 10.44 12.41 13.58 14.16 7.59 6.79 6.28 7.08 8.10 7.81 7.74 8.03 9.13 10.22 10.88 12.99 15.33 14.38 15.91 15.70 16.35 17.67 17.52 17.52 17.59 17.89 18.25 16.72 15.91 13.94 14.67 13.94 14.97 17.96 18.54 16.33 17.22 18.80 14.27 14.81 15.03 12.37 12.92 13.03 13.08 13.37 12.02
17.59 17.23 16.50 13.51 12.12 12.26 12.26 11.61 10.80 10.80 10.73 8.61 8.54 7.01 7.59 6.06 4.96 5.11 5.91 7.01 7.45 8.32 8.76 7.96 9.78 9.42 11.46 10.00 10.44 9.86 10.07 9.93 10.51 10.29 9.78 9.78 10.07 10.22 8.76 7.96 7.23 7.30 7.23 7.08 9.42 8.32 6.79 5.91 7.37 7.01 8.91 8.18 11.24 13.29 14.97 16.50 17.59 17.45 17.96 17.37 17.37 17.89 17.96 17.96 17.45 14.67 13.21 13.36 13.14 17.89 21.68 18.51 23.50 16.84 18.91 14.50 15.13 14.14 12.04 13.01 13.39 15.79 12.25 12.38
17.59 17.23 16.50 13.51 12.12 12.26 12.26 11.61 10.80 10.80 10.73 8.61 8.54 7.01 7.59 6.06 4.96 5.11 5.91 7.01 7.45 8.32 8.76 7.96 9.78 9.42 11.46 10.00 10.44 9.86 10.07 9.93 10.51 10.29 9.78 9.78 10.07 10.22 8.76 7.96 7.23 7.30 7.23 7.08 9.42 8.32 6.79 5.91 7.37 7.01 8.91 8.18 11.24 13.29 14.97 16.50 17.59 17.45 17.96 17.37 17.37 17.89 17.96 17.96 17.45 14.67 13.21 13.36 13.14 17.89 21.68 22.73 22.03 18.30 16.98 17.94 15.35 15.63 12.28 11.73 12.95 13.58 13.32 14.05
10.73 13.94 13.58 11.17 11.53 10.59 8.18 9.05 9.42 9.42 7.81 9.13 9.27 6.94 7.45 4.74 5.69 5.99 5.77 7.66 7.74 5.69 5.77 8.03 8.54 8.18 9.56 8.98 9.34 8.83 9.27 9.93 9.93 10.15 9.71 9.71 9.56 10.00 8.83 8.61 9.05 10.22 10.00 9.71 9.64 8.47 4.53 4.23 4.74 1.97 7.08 8.32 7.59 8.10 10.88 14.82 16.57 16.06 16.86 16.64 16.64 17.81 17.89 14.60 14.09 14.67 12.70 17.37 20.37 19.05 22.16 18.66 22.35 18.55 20.15 23.65 17.87 15.09 13.95 14.49 12.82 14.60 15.23 12.82
11.83 10.73 12.05 11.90 10.66 7.81 7.01 5.48 6.06 6.06 5.91 5.99 6.28 7.08 7.15 6.79 5.69 5.48 5.91 7.74 3.72 6.42 5.33 7.88 7.74 8.18 8.47 8.40 8.18 8.18 8.10 9.42 9.20 9.71 9.27 9.27 8.25 9.56 9.56 9.13 7.96 8.83 8.25 6.86 3.07 2.77 2.63 2.56 2.04 1.39 5.99 5.40 4.09 6.50 9.56 12.26 7.88 12.70 14.97 14.24 14.24 13.65 13.94 14.53 14.31 15.40 15.26 17.23 17.52 19.22 19.17 19.47 21.04 22.99 20.02 21.11 20.31 15.46 16.38 16.61 13.67 15.22 14.41 15.83
9.78 10.00 10.37 8.03 8.98 8.25 8.91 6.57 5.55 5.55 4.45 5.69 6.57 7.88 7.88 6.50 5.33 5.26 7.45 5.48 6.28 8.25 5.84 7.08 7.74 8.40 8.40 7.08 7.23 7.23 8.83 10.15 9.78 8.98 9.05 9.05 8.40 8.18 7.66 8.03 7.23 7.74 4.67 3.50 2.34 1.68 2.56 2.77 2.77 2.19 2.48 3.29 4.38 2.92 2.56 5.84 4.31 9.42 9.86 12.19 12.19 12.92 12.48 14.02 13.29 14.97 13.07 15.18 15.77 16.72 21.02 20.08 21.68 23.80 20.44 19.23 22.92 19.68 19.82 17.96 15.94 14.31 13.52 15.65
9.49 7.59 7.08 6.94 7.59 8.10 7.23 5.69 5.62 5.62 5.62 7.08 8.47 7.88 6.86 5.40 5.33 7.15 6.06 5.84 6.42 7.45 9.20 9.05 7.88 8.18 7.59 7.52 7.66 7.74 9.13 12.05 11.61 9.56 10.22 10.22 8.98 8.76 6.57 4.60 3.36 2.99 2.41 2.70 1.97 2.48 2.34 1.17 0.00 3.14 0.58 0.22 0.00 0.00 0.00 3.80 5.33 7.23 6.35 9.34 9.34 10.59 9.49 10.95 11.68 7.52 10.29 12.70 17.30 15.84 20.51 23.43 24.09 23.94 24.36 22.24 23.86 23.61 20.10 17.14 19.26 15.02 15.86 14.31
7.01 7.01 7.23 7.15 6.72 6.35 6.28 5.55 6.57 6.57 5.91 7.08 7.66 5.69 6.86 6.42 5.33 5.11 8.40 4.74 6.35 7.59 9.64 7.59 7.52 9.20 8.83 9.13 8.98 11.61 12.56 12.78 11.97 10.37 10.73 10.73 10.51 9.64 4.60 5.04 3.58 3.21 3.72 2.48 2.19 2.41 1.83 0.58 0.00 2.70 0.00 0.00 0.00 0.00 0.00 1.68 3.72 5.11 5.91 7.01 7.01 6.64 7.48 2.56 4.96 4.53 8.03 10.44 16.64 19.13 18.54 22.63 22.27 23.00 24.03 23.23 26.00 20.59 26.26 17.38 13.31 14.29 16.26 15.83
7.01 7.01 7.23 7.15 6.72 6.35 6.28 5.55 6.57 6.57 5.91 7.08 7.66 5.69 6.86 6.42 5.33 5.11 8.40 4.74 6.35 7.59 9.64 7.59 7.52 9.20 8.83 9.13 8.98 11.61 12.56 12.78 11.97 10.37 10.73 10.73 10.51 9.64 4.60 5.04 3.58 3.21 3.72 2.48 2.19 2.41 1.83 0.58 0.00 2.70 0.00 0.00 0.00 0.00 0.00 1.68 3.72 5.11 5.91 7.01 7.01 6.64 7.48 2.56 4.96 4.53 8.03 10.44 16.64 19.13 18.54 22.63 22.27 23.00 23.07 23.36 20.19 18.11 21.99 20.22 16.28 14.60 12.74 14.60
4.89 5.26 6.50 6.64 6.64 6.28 6.35 6.72 5.99 5.99 5.99 6.72 5.26 5.33 5.18 5.18 5.48 8.69 5.40 8.61 9.13 10.44 9.42 9.64 10.51 10.59 11.10 11.39 14.97 14.67 13.07 11.02 9.05 9.34 8.10 8.10 8.98 7.74 5.11 5.40 4.96 5.33 4.16 2.70 1.53 1.83 0.66 0.95 0.22 0.00 0.29 0.00 0.73 0.00 0.00 1.31 2.77 3.80 5.48 4.74 4.74 0.00 0.00 0.00 2.92 6.42 10.15 9.27 13.51 19.27 20.44 22.05 21.53 24.02 21.39 22.23 22.36 27.48 25.01 26.94 18.58 14.51 17.02 18.57
3.58 3.50 6.50 6.28 6.86 6.20 6.06 6.64 8.69 8.69 9.42 12.19 6.06 5.26 8.03 7.74 7.01 7.74 12.34 12.99 12.63 10.88 11.46 10.29 12.05 12.05 12.92 14.45 16.13 14.60 14.45 12.12 8.69 8.40 6.64 6.64 6.28 6.28 8.40 5.99 3.87 4.89 3.29 2.41 0.88 0.58 0.00 0.00 0.15 0.00 0.22 2.04 1.68 2.04 3.14 3.65 3.07 3.07 4.09 0.00 0.00 0.00 0.00 2.85 1.97 6.20 12.12 14.89 14.38 16.86 19.78 22.48 25.84 25.33 25.01 24.98 24.12 27.16 25.81 20.59 24.94 15.94 18.66 22.09
3.58 3.72 3.94 4.45 4.45 5.26 5.11 8.98 10.29 10.29 11.39 13.58 12.56 13.43 13.43 15.26 16.35 15.91 15.70 13.80 16.06 11.61 12.56 13.80 13.43 14.24 14.97 14.89 16.21 17.23 15.33 13.07 13.43 12.12 9.27 9.27 10.22 13.72 10.22 7.88 5.33 4.02 1.61 0.29 0.80 0.00 0.58 0.00 2.77 0.15 3.21 2.19 1.75 2.70 3.29 3.14 1.90 0.00 0.00 0.00 0.00 0.00 3.21 4.67 7.96 12.41 11.75 14.02 14.24 18.76 18.40 20.88 27.20 27.95 27.87 29.97 27.54 17.83 24.95 20.78 15.55 16.21 17.42 16.77
3.94 3.21 2.63 3.80 2.26 4.09 3.87 5.26 11.46 11.46 9.64 12.26 12.05 12.99 12.48 14.16 15.11 14.31 17.23 15.77 16.13 13.21 13.14 13.72 14.67 15.70 17.01 17.89 17.67 14.82 14.53 14.16 14.45 12.92 18.91 18.91 14.45 17.45 14.24 11.24 8.25 3.29 2.04 3.94 3.36 2.56 2.92 2.48 2.92 1.90 4.67 4.38 4.02 4.23 3.80 3.72 3.14 1.75 2.12 3.94 3.94 4.67 4.45 5.62 7.08 10.66 10.95 10.66 12.48 16.64 21.32 20.73 22.95 26.52 25.37 30.04 29.73 23.14 17.75 19.54 15.12 14.70 13.48 16.61
2.77 2.77 2.77 3.43 1.39 1.90 2.12 5.48 3.36 3.36 7.23 11.02 12.34 12.05 12.99 11.53 11.24 12.05 14.16 13.29 10.66 11.75 12.70 12.85 14.60 14.31 14.82 16.64 15.11 16.64 17.01 16.43 18.25 18.03 16.35 16.35 17.08 13.14 7.30 4.74 5.18 4.02 5.69 5.84 5.77 5.26 7.08 4.16 7.08 8.69 6.42 5.69 6.20 5.33 5.33 3.58 4.09 3.07 5.18 5.26 5.26 5.69 6.13 6.06 6.06 10.07 12.99 16.13 16.64 16.06 19.47 24.18 26.19 25.23 24.95 22.42 19.65 22.14 19.22 16.84 14.50 13.93 11.59 8.26
2.77 2.77 2.77 3.43 1.39 1.90 2.12 5.48 3.36 3.36 7.23 11.02 12.34 12.05 12.99 11.53 11.24 12.05 14.16 13.29 10.66 11.75 12.70 12.85 14.60 14.31 14.82 16.64 15.11 16.64 17.01 16.43 18.25 18.03 16.35 16.35 17.08 13.14 7.30 4.74 5.18 4.02 5.69 5.84 5.77 5.26 7.08 4.16 7.08 8.69 6.42 5.69 6.20 5.33 5.33 3.58 4.09 3.07 5.18 5.26 5.26 5.69 6.13 6.06 6.06 10.07 12.99 16.13 16.64 16.06 19.57 23.92 23.69 28.12 26.62 26.16 22.81 21.43 20.07 16.36 15.34 16.52 10.58 7.01
1.90 2.56 3.14 1.10 0.00 0.00 0.00 3.21 6.13 6.13 8.61 9.64 11.75 11.53 12.34 12.63 10.88 12.26 10.80 11.90 9.34 9.56 9.42 11.68 12.26 12.12 12.63 13.07 13.72 16.13 18.47 15.55 14.82 18.61 14.31 14.31 7.08 7.45 4.89 4.89 8.25 7.59 7.59 7.23 7.37 8.61 8.98 9.20 10.07 9.20 7.88 8.18 8.10 7.37 6.20 4.82 7.15 7.15 7.01 7.45 7.48 10.05 6.90 6.42 11.97 10.73 14.16 18.25 16.95 21.61 21.02 25.66 30.16 27.23 32.68 24.54 18.03 17.95 18.13 15.10 12.15 10.79 10.13 5.87
3.94 4.82 3.94 2.48 2.48 2.34 3.58 2.34 4.09 4.09 4.38 7.15 9.05 9.71 11.75 13.29 12.05 11.97 14.24 14.16 10.44 11.24 10.44 11.32 13.72 13.36 12.56 12.99 15.55 15.55 12.41 13.07 12.05 8.98 6.50 6.50 6.64 5.69 7.88 9.64 8.69 7.88 7.74 8.03 9.64 9.27 9.64 10.29 10.51 8.18 7.52 7.01 7.59 7.88 6.79 6.72 7.15 9.20 11.90 10.37 10.37 11.39 9.13 11.53 14.75 19.20 19.27 19.05 23.29 23.65 26.65 27.02 31.66 29.98 21.67 23.83 18.66 15.03 15.02 15.25 12.82 8.37 5.79 5.95
5.33 5.62 4.96 3.43 3.07 0.00 0.00 4.02 3.87 3.87 3.58 5.62 8.03 7.37 11.53 11.97 12.56 14.02 14.02 14.16 13.36 12.92 10.51 14.02 13.21 12.56 10.44 11.10 10.22 9.71 9.34 9.34 7.30 7.23 6.94 6.94 7.66 10.00 9.86 10.44 9.71 8.25 6.35 7.52 8.61 9.13 7.96 10.44 9.56 7.08 6.42 7.30 7.01 7.37 5.99 6.20 6.86 10.29 11.68 11.83 11.83 11.46 11.97 11.68 16.64 19.78 21.97 25.92 25.70 25.40 26.72 27.52 25.11 30.26 18.12 15.66 15.72 14.93 14.60 13.00 11.41 8.28 5.69 7.10
5.48 5.04 3.87 3.65 3.50 3.50 0.00 0.00 2.92 2.92 3.14 3.43 5.33 7.37 13.36 12.12 12.99 12.70 10.00 6.79 10.80 10.29 8.61 8.47 8.98 8.91 8.32 9.71 9.86 8.98 7.45 7.88 9.34 8.32 8.76 8.76 9.05 9.78 11.02 10.29 6.20 5.26 5.48 6.20 6.35 7.66 9.93 8.76 9.27 8.32 8.18 7.96 8.54 7.08 6.28 8.83 10.44 10.15 11.53 13.72 13.72 12.48 13.65 17.45 17.01 20.00 23.73 27.08 28.25 27.59 27.74 26.77 24.15 19.57 22.69 16.19 14.00 12.23 11.63 8.09 6.30 6.49 4.64 4.59
3.36 2.85 1.31 1.53 2.04 3.94 3.94 0.00 0.00 0.00 0.00 0.00 3.07 5.11 6.28 10.37 9.34 10.66 6.64 6.79 8.25 8.69 8.40 8.98 7.96 8.10 9.64 9.78 9.64 9.56 8.54 8.10 7.96 6.86 7.01 7.01 7.59 8.69 7.52 7.45 6.20 5.40 6.50 7.15 7.08 7.74 7.52 11.61 9.93 11.02 9.71 12.26 10.51 8.25 13.94 10.73 10.22 14.82 15.62 15.40 15.40 14.75 15.99 18.03 18.25 21.39 20.95 24.53 27.16 27.38 25.48 26.72 21.82 16.61 14.12 15.99 12.23 9.20 6.11 5.77 4.71 2.58 3.72 3.32
4.89 1.75 0.37 0.00 0.00 0.00 0.00 0.00 0.00 0.00 0.00 0.00 2.63 4.09 5.77 3.87 4.38 4.16 4.82 5.91 7.59 8.32 8.25 7.81 5.91 7.81 7.74 7.23 6.86 6.06 6.28 6.50 5.77 6.86 6.42 6.42 7.01 7.74 7.59 7.59 6.50 7.37 6.79 8.10 12.48 13.21 8.76 9.86 14.31 16.57 14.75 15.33 12.78 12.34 17.45 13.94 12.92 15.40 17.16 15.99 15.99 15.11 15.11 16.21 15.99 17.96 19.93 18.98 23.73 25.04 24.16 18.64 19.44 16.61 12.90 10.31 12.43 8.73 4.08 1.41 1.66 1.53 2.37 4.77
4.89 1.75 0.37 0.00 0.00 0.00 0.00 0.00 0.00 0.00 0.00 0.00 2.63 4.09 5.77 3.87 4.38 4.16 4.82 5.91 7.59 8.32 8.25 7.81 5.91 7.81 7.74 7.23 6.86 6.06 6.28 6.50 5.77 6.86 6.42 6.42 7.01 7.74 7.59 7.59 6.50 7.37 6.79 8.10 12.48 13.21 8.76 9.86 14.31 16.57 14.75 15.33 12.78 12.34 17.45 13.94 12.92 15.40 17.16 15.99 15.99 15.11 15.11 16.21 15.99 17.96 19.93 18.98 23.73 25.04 24.16 18.54 19.15 16.36 12.90 10.77 11.08 8.38 3.99 1.48 1.63 1.61 2.37 4.67
1.39 0.00 0.00 0.00 0.00 0.00 0.00 0.00 0.00 0.00 0.95 1.17 3.50 3.43 4.82 4.60 3.94 4.60 5.77 5.33 6.28 7.01 7.45 3.43 4.09 6.13 7.23 6.64 4.09 3.58 5.99 6.94 4.67 5.26 8.32 8.32 7.30 7.74 7.30 7.23 6.94 7.66 7.74 9.05 13.14 16.43 14.67 19.78 20.51 19.05 16.72 18.61 17.74 18.03 18.25 16.64 14.89 14.53 16.21 16.43 16.43 15.99 16.94 16.13 16.21 15.91 20.08 19.56 23.00 23.58 17.74 16.94 12.85 13.20 11.59 8.67 5.32 2.49 4.05 0.52 0.00 0.52 0.67 4.34
