Wansh/Snow_depth/snowdepth-1993/winter/1994025.txt
ncols 321
nrows 161
xllcenter 60
yllcenter 15 
cellsize  0.25 
NODATA_value -1
[rows 37 to 73 of 161, columns 0 to 83 of 321]
0.00 0.00 0.00 0.00 0.00 3.50 8.03 7.74 8.25 8.69 9.42 9.86 10.37 10.29 10.73 8.10 7.96 5.62 5.91 5.99 6.28 6.72 7.01 7.45 1.10 1.31 1.31 0.44 6.06 8.32 5.11 2.26 3.07 1.17 1.75 2.92 4.60 4.16 4.89 4.60 4.09 4.96 6.28 7.74 9.13 9.05 7.08 3.72 6.57 8.47 7.96 7.96 8.18 7.96 3.14 2.48 0.00 0.00 0.00 9.42 12.41 12.78 13.87 14.75 14.45 17.96 16.64 13.94 16.21 14.09 14.31 11.10 14.67 17.30 19.13 19.13 19.13 18.25 18.40 20.08 23.36 24.38 22.19 17.59
0.00 0.00 0.00 0.00 1.90 3.36 2.12 7.88 7.74 10.29 10.73 10.66 10.59 10.66 8.47 8.98 8.61 9.64 7.66 7.81 7.81 6.94 5.84 2.70 4.02 2.26 2.26 5.55 5.84 6.20 4.67 2.26 1.39 2.41 2.04 3.65 5.26 6.20 7.30 6.06 5.77 5.69 4.74 6.28 7.15 6.13 3.21 4.16 1.97 6.13 5.18 5.18 7.66 5.55 6.13 0.00 0.00 1.31 0.22 3.07 9.56 12.12 14.38 16.50 17.59 18.18 18.10 17.89 20.51 18.61 18.69 16.50 16.21 16.21 16.57 14.45 14.45 16.50 15.11 19.42 23.14 22.34 23.14 19.64
0.00 0.00 0.00 0.00 0.00 1.10 4.38 4.96 7.23 10.59 11.83 11.17 11.61 11.24 8.83 9.05 9.13 11.39 10.00 9.56 9.93 8.40 7.01 4.16 0.00 0.00 0.00 0.00 2.92 2.26 2.48 2.70 2.70 3.58 9.34 8.76 5.26 5.99 6.20 8.03 6.28 5.77 6.79 7.37 7.52 5.62 4.67 4.96 0.00 0.00 3.72 3.72 6.42 5.26 4.23 7.01 2.26 1.61 6.79 8.76 12.12 11.10 14.89 16.50 18.40 17.67 22.63 21.53 21.90 21.75 18.32 17.59 16.57 14.09 11.90 11.02 11.02 11.53 15.62 17.59 21.02 20.15 21.32 16.35
0.00 0.00 0.00 0.00 0.00 0.00 4.96 7.81 10.88 10.29 11.68 12.12 11.10 11.75 10.95 11.02 13.29 14.67 14.82 13.87 10.66 8.25 8.69 6.79 0.00 0.00 0.00 0.00 0.00 1.61 4.23 7.59 11.83 10.59 13.80 13.36 8.25 6.06 6.06 7.81 7.96 11.61 11.24 10.95 9.05 14.53 8.69 4.53 5.62 0.95 4.45 4.45 6.50 7.59 7.74 7.96 5.26 4.16 8.32 10.29 11.90 14.82 15.91 16.72 17.96 19.78 20.81 21.90 20.22 18.54 20.08 18.10 15.62 14.24 12.85 11.46 11.46 10.88 16.13 16.64 17.16 14.60 13.43 15.11
0.00 0.00 0.00 0.00 4.82 0.00 5.62 8.61 9.34 10.37 10.73 11.90 10.00 10.37 10.51 12.48 14.89 15.26 14.31 15.04 12.63 9.42 7.66 8.10 5.55 2.41 2.41 2.04 2.77 2.48 3.94 8.83 12.78 16.43 15.91 16.35 14.02 11.02 10.00 14.53 14.31 14.97 14.53 16.50 21.32 20.22 16.79 20.44 12.70 9.05 7.74 7.74 8.98 9.78 7.45 10.29 9.49 6.72 12.48 14.53 16.79 17.96 18.98 19.20 19.64 19.05 20.29 17.67 17.08 16.28 18.32 16.43 12.92 14.09 14.45 14.45 14.45 16.50 17.45 17.59 16.06 14.09 14.24 15.55
0.00 0.00 0.00 0.00 5.91 7.52 7.23 8.83 9.49 10.73 7.59 8.25 9.05 9.78 12.34 14.16 14.60 15.99 15.18 13.72 12.26 12.12 12.05 13.51 8.10 8.32 8.32 5.77 3.80 4.23 5.91 5.33 7.52 11.02 14.38 12.26 15.33 15.77 15.55 15.18 14.82 16.13 16.72 19.27 21.53 20.66 21.83 18.91 18.98 12.12 17.59 17.59 14.02 16.94 10.44 13.07 11.39 11.10 10.00 15.26 16.72 18.61 21.10 19.64 19.64 19.20 18.98 17.52 15.62 15.62 13.94 14.24 14.89 14.31 13.51 12.05 12.05 12.99 12.41 9.20 8.40 10.73 15.19 15.64
0.00 0.00 0.00 0.00 6.64 8.98 8.83 10.73 10.44 9.71 6.28 8.69 11.17 10.59 13.36 14.53 14.75 14.45 14.97 15.40 13.65 13.58 13.21 14.09 15.48 13.36 13.36 11.10 9.05 6.35 4.16 2.26 2.92 3.21 6.79 5.33 13.58 15.33 17.16 10.44 10.29 11.17 12.34 14.31 15.55 16.43 19.93 19.20 21.97 21.24 22.92 22.92 16.13 18.69 22.34 17.16 12.70 13.72 13.58 15.33 14.53 16.28 17.37 19.27 18.40 19.35 17.01 17.81 15.48 13.72 13.07 12.19 9.56 0.66 2.70 3.72 3.72 5.55 1.17 3.58 7.37 8.91 14.24 12.92
4.31 4.31 9.20 8.69 8.47 10.66 8.61 9.49 11.10 10.80 9.27 11.61 15.70 15.18 14.75 15.40 16.06 16.64 17.67 16.28 15.70 14.09 14.53 15.33 15.18 15.18 15.18 13.72 11.61 9.78 10.22 8.03 5.18 3.43 4.16 7.59 6.94 9.49 10.07 5.40 8.25 9.78 6.42 9.78 14.75 15.11 17.59 18.83 19.78 21.39 22.63 22.63 23.43 23.29 23.29 20.44 15.26 14.60 12.34 12.41 13.14 15.70 16.94 18.32 21.32 21.10 18.98 19.05 14.24 14.82 7.01 0.00 0.00 1.24 0.00 0.88 0.88 1.39 0.88 1.46 6.06 8.32 13.14 17.31
4.96 4.96 9.64 12.56 10.73 11.68 9.93 9.71 11.39 13.43 13.80 13.07 17.01 17.81 16.43 17.37 16.79 17.59 17.23 16.64 17.16 15.33 13.72 14.53 14.89 14.67 14.67 14.82 14.75 12.70 11.46 8.98 9.49 8.10 5.26 4.82 4.82 4.09 3.36 3.65 3.29 3.21 7.45 6.50 11.02 12.99 15.26 18.32 18.10 21.32 22.27 22.27 23.21 22.34 23.29 21.10 18.98 14.45 12.19 11.83 12.34 13.94 16.35 17.67 22.05 23.65 21.61 20.73 15.55 11.83 12.05 9.20 6.72 5.40 1.90 3.29 3.29 4.02 1.39 3.07 9.20 11.83 14.24 20.59
4.96 4.96 9.64 12.56 10.73 11.68 9.93 9.71 11.39 13.43 13.80 13.07 17.01 17.81 16.43 17.37 16.79 17.59 17.23 16.64 17.16 15.33 13.72 14.53 14.89 14.67 14.67 14.82 14.75 12.70 11.46 8.98 9.49 8.10 5.26 4.82 4.82 4.09 3.36 3.65 3.29 3.21 7.45 6.50 11.02 12.99 15.26 18.32 18.10 21.32 22.27 22.27 23.21 22.34 23.29 21.10 18.98 14.45 12.19 11.83 12.34 13.94 16.35 17.67 22.05 23.65 21.61 20.73 15.55 11.83 12.05 9.20 6.72 5.40 1.90 3.29 3.29 4.02 1.39 3.07 9.20 11.83 14.24 20.79
10.59 10.59 10.15 12.41 11.97 11.39 9.93 7.96 9.49 13.51 15.55 16.86 16.43 17.37 16.21 18.83 17.81 17.59 16.72 15.99 14.60 12.12 12.85 11.97 13.80 14.67 14.67 15.70 15.48 16.94 18.54 15.84 13.94 17.37 13.65 9.20 7.96 3.94 3.94 3.58 4.45 0.00 4.23 2.85 8.61 12.99 12.63 14.97 15.84 21.75 15.84 15.84 19.71 22.19 22.92 23.07 20.44 18.98 17.23 13.87 12.05 12.92 18.69 17.16 20.08 23.80 20.51 21.10 17.74 15.99 15.77 14.89 15.55 13.21 12.26 8.47 8.47 9.86 11.68 15.18 14.67 16.06 18.83 23.91
9.71 9.71 12.56 11.97 12.48 12.78 11.75 11.53 13.80 13.07 14.82 17.23 16.28 13.07 11.75 16.28 15.33 15.84 15.40 15.62 13.87 11.90 11.90 12.99 12.34 14.45 14.45 16.79 22.12 25.19 26.21 21.83 23.07 19.35 16.50 13.14 8.69 7.37 3.80 5.11 5.55 5.26 3.36 0.00 5.77 9.27 10.22 16.57 17.74 19.05 14.97 14.97 18.91 19.13 20.59 22.34 22.34 16.64 14.75 12.19 11.10 12.63 14.09 18.54 15.91 19.05 18.54 19.49 18.69 17.89 18.25 19.35 11.53 15.48 15.40 14.89 14.89 17.67 16.43 19.42 24.02 27.08 25.99 28.84
13.29 13.29 13.29 14.60 14.09 14.31 12.41 10.44 13.43 13.43 13.07 14.38 11.02 7.01 4.09 3.87 10.44 12.70 12.19 11.39 11.61 11.39 11.10 13.29 16.50 19.13 19.13 22.56 22.05 23.51 24.38 22.92 18.40 15.99 16.64 15.11 12.41 13.21 5.77 4.67 6.64 7.52 6.13 9.27 6.28 6.50 9.42 10.88 14.89 15.55 18.25 18.25 18.10 18.54 18.40 20.81 16.21 14.82 13.36 11.90 12.70 10.80 11.53 10.73 12.99 16.21 6.13 9.93 21.32 10.07 12.56 0.00 2.41 7.88 14.67 16.06 16.06 20.29 21.39 21.90 25.26 26.77 28.03 28.53
13.21 13.21 14.53 13.80 14.38 11.68 12.41 8.83 12.70 11.97 6.06 6.72 7.66 3.14 2.12 0.00 0.00 7.01 9.13 8.10 8.61 10.59 10.07 12.63 16.50 18.25 18.25 21.46 22.48 22.41 22.19 20.88 18.47 16.21 12.85 13.87 14.75 10.00 11.32 7.74 7.96 7.81 10.51 10.80 13.29 11.53 12.99 13.94 13.72 16.43 18.76 18.76 18.40 18.98 17.89 17.89 17.23 15.70 15.40 19.27 16.86 12.78 11.39 10.15 9.20 8.91 0.00 0.00 14.97 16.50 0.00 0.00 0.00 7.08 20.44 20.51 20.51 22.92 23.87 29.42 26.65 25.20 26.56 19.69
9.56 9.56 13.80 12.85 7.23 9.34 7.88 7.23 10.73 9.42 3.94 0.00 1.46 0.00 0.88 0.00 0.00 2.19 5.33 5.04 5.62 7.66 10.73 13.29 12.78 13.72 13.72 16.50 19.86 19.49 18.18 11.10 10.51 10.29 10.15 12.05 12.78 12.70 10.22 8.03 8.10 8.98 10.15 12.05 11.90 13.36 14.45 15.48 13.43 14.31 17.45 17.45 18.76 16.43 18.54 18.91 16.79 21.90 28.40 27.08 24.67 19.42 8.54 11.39 6.86 4.89 0.00 0.00 9.42 0.00 0.00 9.56 7.74 19.64 20.22 24.09 24.09 21.46 24.97 22.78 24.82 13.07 12.26 13.21
3.65 3.65 4.82 5.62 0.00 6.86 5.48 1.10 3.87 4.60 0.00 0.00 0.00 0.00 0.00 0.00 0.00 0.00 0.00 0.00 0.00 3.29 8.03 9.42 8.61 9.71 9.71 9.05 11.90 13.65 6.28 5.99 9.78 9.93 10.66 6.20 5.55 6.57 8.25 9.49 8.69 8.47 10.95 12.63 15.11 14.89 13.51 11.68 12.48 11.90 14.16 14.16 17.30 13.36 16.79 20.22 20.51 29.27 31.24 30.30 30.95 23.07 17.01 11.75 23.94 14.16 16.13 15.40 13.43 13.14 14.09 17.96 25.40 20.81 17.89 21.46 21.46 12.41 14.38 14.97 10.51 12.70 10.29 12.70
0.00 0.00 0.00 0.15 0.00 0.00 0.00 0.00 0.00 0.00 0.00 0.00 0.00 0.00 0.00 0.00 0.00 0.00 0.00 0.00 0.00 0.00 0.00 5.69 0.00 0.00 0.00 0.00 0.00 0.00 1.75 1.68 2.70 6.42 7.15 5.77 4.02 4.74 4.31 6.64 8.47 8.10 10.95 12.63 15.48 12.92 10.95 10.29 10.22 11.32 10.07 10.07 11.97 11.83 18.54 21.53 24.60 27.30 30.15 32.92 33.80 31.61 26.94 34.46 30.51 26.43 30.88 25.48 29.35 27.08 25.84 27.45 28.03 22.27 17.74 10.51 10.51 8.10 9.49 9.42 10.51 9.93 14.38 17.95
0.00 0.00 0.00 0.00 0.00 0.00 0.00 0.00 0.00 0.00 0.00 0.00 0.00 0.00 0.00 0.00 0.00 0.00 0.00 0.00 0.00 0.00 0.00 0.00 0.00 0.00 0.00 0.00 0.00 0.00 0.00 0.00 0.00 0.00 2.19 3.94 2.56 2.04 5.11 4.89 8.03 9.05 9.42 15.33 10.00 11.39 6.06 6.57 6.94 8.54 8.47 8.47 12.05 10.29 14.38 21.90 24.16 28.11 31.03 34.53 35.99 35.62 33.80 36.28 34.16 31.76 31.97 30.15 31.32 30.15 29.27 24.75 21.83 16.94 5.55 5.40 5.40 5.04 6.13 10.29 13.14 12.05 11.24 14.97
0.00 0.00 0.00 0.00 0.00 0.00 0.00 0.00 0.00 0.00 0.00 0.00 0.00 0.00 0.00 0.00 0.00 0.00 0.00 0.00 0.00 0.00 0.00 0.00 0.00 0.00 0.00 0.00 0.00 0.00 0.00 0.00 0.00 0.00 0.00 1.31 0.00 0.07 4.09 4.74 7.96 8.32 7.23 8.47 8.40 3.07 1.24 1.61 3.21 2.56 6.13 6.13 9.64 8.10 11.68 18.18 29.93 28.32 32.49 34.89 37.60 37.60 33.43 34.67 33.36 33.22 35.33 30.95 32.34 22.27 15.91 12.19 9.86 2.77 2.63 5.48 5.48 8.03 12.26 11.32 12.34 12.75 4.38 3.89
0.00 0.00 0.00 0.00 0.00 0.00 0.00 0.00 0.00 0.00 0.00 0.00 0.00 0.00 0.00 0.00 0.00 0.00 0.00 0.00 0.00 0.00 0.00 0.00 0.00 0.00 0.00 0.00 0.00 0.00 0.00 0.00 0.00 0.00 0.00 0.00 0.00 0.00 0.58 1.97 4.96 5.26 1.39 1.10 2.70 0.73 0.00 0.00 1.31 3.58 3.07 3.07 7.52 7.01 10.22 11.83 18.98 33.22 34.53 36.87 37.38 34.67 32.49 31.32 37.96 39.78 40.00 34.38 14.45 9.71 8.32 6.79 1.90 2.04 2.34 4.53 4.53 5.55 9.49 9.27 8.10 0.73 0.00 0.15
0.00 0.00 0.00 0.00 0.00 0.00 0.00 0.00 0.00 0.00 0.00 0.00 0.00 0.00 0.00 0.00 0.00 0.00 0.00 0.00 0.00 0.00 0.00 0.00 0.00 0.00 0.00 0.00 1.90 0.00 0.00 0.00 0.00 0.00 0.00 0.00 0.00 0.00 1.31 1.61 0.00 1.31 0.00 0.29 0.00 0.00 0.00 0.00 0.00 2.12 6.64 6.64 9.05 8.32 10.80 10.59 15.04 20.88 37.08 37.08 36.43 33.58 32.85 29.20 35.11 34.09 13.14 6.57 5.26 3.58 3.65 2.92 2.12 1.46 2.26 4.23 4.23 3.43 5.48 0.00 3.26 0.00 0.00 0.00
0.00 0.00 0.00 0.00 0.00 0.00 0.00 0.00 0.00 0.00 0.00 0.00 0.00 0.00 0.00 0.00 0.00 0.00 0.00 0.00 0.00 0.00 0.00 0.15 1.53 2.41 2.41 2.77 0.00 0.00 0.00 0.00 0.00 1.46 0.00 0.00 0.00 0.00 0.00 0.58 0.00 0.00 0.00 0.00 0.00 0.00 1.02 0.00 0.00 2.26 11.53 11.53 12.12 18.91 13.07 20.81 21.75 23.14 27.52 30.66 31.97 33.51 29.42 20.81 25.70 21.17 17.08 2.92 2.85 3.21 2.41 2.04 2.41 3.43 1.68 1.97 1.97 0.00 2.36 0.00 0.00 0.00 0.00 0.00
0.00 0.00 0.00 0.00 0.00 0.00 0.00 0.00 0.00 0.00 0.00 0.00 0.00 0.00 0.00 0.00 0.00 0.00 0.00 0.00 0.00 0.00 0.00 0.00 1.17 2.19 2.19 0.00 4.45 0.00 3.21 4.02 3.43 0.29 0.80 1.24 0.00 1.97 2.26 1.61 3.94 0.66 3.58 2.19 0.00 0.00 6.06 3.07 3.21 11.46 14.60 14.60 16.28 19.49 23.58 24.45 23.58 26.79 26.28 25.19 29.13 22.19 11.46 11.39 11.61 3.07 4.45 5.11 1.90 1.97 2.26 3.21 3.21 1.68 1.10 0.00 0.00 0.00 0.00 0.00 0.00 0.00 0.00 0.00
0.00 0.00 0.00 0.00 0.00 0.00 0.00 0.00 0.00 0.00 0.00 0.00 0.00 0.00 0.00 0.00 0.00 0.00 0.00 0.00 0.00 0.00 0.00 1.10 0.00 0.00 0.00 3.14 4.09 0.00 4.89 5.77 5.69 4.31 7.52 2.99 2.77 8.32 4.60 8.69 7.88 7.01 4.60 6.64 3.72 10.51 10.51 10.59 14.45 13.65 17.16 17.16 19.35 21.32 21.61 27.08 26.13 18.18 14.89 10.80 9.34 11.32 4.02 4.02 2.41 1.02 1.68 1.53 0.51 1.10 0.88 1.10 0.00 0.00 0.00 0.00 0.00 0.00 0.00 0.00 0.00 0.00 0.00 0.00
0.00 0.00 0.00 0.00 0.00 0.00 0.00 0.00 0.00 0.00 0.00 0.00 0.00 0.00 0.00 0.00 0.00 0.00 0.00 0.00 0.00 0.00 0.00 0.00 0.00 0.00 0.00 4.60 5.11 4.67 6.50 5.99 7.08 10.51 9.86 10.07 11.32 9.34 11.24 9.34 9.93 9.49 8.32 7.30 9.27 10.29 11.10 13.51 16.21 18.61 23.00 23.00 24.82 23.36 25.04 26.65 14.02 11.02 10.15 7.66 6.35 2.19 2.04 2.12 2.26 1.39 0.44 0.22 0.00 0.00 0.00 0.00 0.00 0.00 0.00 0.00 0.00 0.00 0.00 0.00 0.00 0.00 0.00 0.00
0.00 0.00 0.00 0.00 0.00 0.00 0.00 0.00 0.00 0.00 0.00 0.00 0.00 0.00 0.00 0.00 0.00 0.00 0.00 0.00 0.00 0.00 0.66 0.00 0.00 0.00 0.00 2.77 5.33 6.20 6.20 8.18 9.56 11.32 11.90 11.97 13.21 11.53 11.24 10.80 8.91 8.10 8.10 8.03 7.23 9.13 10.73 14.09 16.13 18.83 19.05 19.05 22.12 23.73 18.54 9.86 10.37 11.61 10.00 8.18 9.05 4.45 3.43 0.07 0.00 0.15 0.00 0.00 0.00 0.00 0.00 0.00 0.00 0.00 0.00 0.00 0.00 0.00 0.00 0.00 0.00 0.00 0.00 0.00
0.00 0.00 0.00 0.00 0.00 0.00 0.00 0.00 0.00 0.00 0.00 0.00 0.00 0.00 0.00 0.00 0.00 0.00 0.00 0.00 1.10 1.90 0.00 0.00 0.00 1.10 1.10 3.94 3.50 5.55 8.40 9.20 8.61 9.42 11.02 10.59 11.68 9.93 11.10 9.20 9.20 9.49 7.88 8.69 8.69 11.10 11.97 12.26 14.60 10.73 13.87 13.87 20.29 13.14 11.46 7.45 8.10 10.00 11.53 10.37 11.68 7.52 2.70 3.65 0.88 0.00 0.00 0.00 0.00 0.00 0.00 0.07 0.00 0.00 0.00 0.00 0.00 0.00 0.00 0.00 0.00 0.00 0.00 0.00
0.00 0.00 0.00 0.00 0.00 0.00 0.00 0.00 0.00 0.00 0.00 0.00 0.00 0.00 0.00 0.00 0.00 0.00 0.00 0.00 0.00 0.00 0.00 0.00 0.00 0.00 0.00 2.63 5.18 7.59 7.52 7.96 7.59 5.33 8.10 9.42 5.77 8.76 6.57 9.34 8.76 7.96 8.47 8.61 9.05 10.88 10.51 10.29 10.15 7.66 10.59 10.59 15.40 10.00 8.40 7.88 8.18 10.88 14.67 12.12 8.61 5.94 3.80 4.82 2.19 0.44 1.02 0.15 0.00 0.00 0.00 0.00 0.00 0.00 0.00 0.00 0.00 0.00 0.00 0.00 0.00 0.00 0.00 0.00
0.00 0.00 0.00 0.00 0.00 0.00 0.00 0.00 0.00 0.00 0.00 0.00 0.00 0.00 0.00 0.00 0.00 0.00 0.00 0.00 0.00 0.00 0.00 0.00 0.00 0.00 0.00 0.00 5.11 5.84 7.30 4.60 4.45 2.77 4.31 2.56 3.72 3.58 7.15 6.28 7.08 6.79 7.45 8.10 9.13 9.34 9.27 7.52 8.61 9.42 8.98 8.98 13.43 13.87 11.32 10.66 12.34 16.50 14.82 12.48 7.74 5.91 5.04 4.38 4.23 2.04 0.00 0.00 0.00 0.00 0.00 0.00 0.00 0.00 0.00 0.00 0.00 0.00 0.00 0.00 0.00 0.00 0.00 0.00
0.00 0.00 0.00 0.00 0.00 0.00 0.00 0.00 0.00 0.00 0.00 0.00 0.00 0.00 0.00 0.00 0.00 0.00 0.00 0.00 0.00 0.00 0.00 0.00 0.00 0.00 0.00 1.10 4.09 5.40 5.69 0.00 0.00 1.02 0.00 1.10 0.00 1.39 2.92 2.19 7.23 6.50 8.61 9.78 9.78 10.51 9.49 10.15 8.91 9.71 10.66 10.66 12.26 13.07 13.87 16.94 15.18 13.87 14.09 11.02 7.23 6.06 3.72 3.94 4.23 2.48 2.34 0.00 0.00 0.00 0.00 0.00 0.00 0.00 0.00 0.00 0.00 0.00 0.00 0.00 0.00 0.00 0.00 0.00
0.00 0.00 0.00 0.00 0.00 0.00 0.00 0.00 0.00 0.00 0.00 0.00 0.00 0.00 0.00 0.00 0.00 0.00 0.00 0.00 0.00 0.00 0.00 0.00 0.00 0.00 0.00 0.00 0.80 2.34 0.00 0.00 0.00 0.00 0.00 0.00 0.00 0.00 0.00 0.00 2.41 6.64 7.96 9.20 8.54 9.71 10.80 10.66 10.44 10.00 11.68 11.68 13.36 13.43 15.33 16.21 14.89 12.34 11.90 10.88 7.45 4.82 4.38 2.99 1.31 3.21 2.04 1.31 0.44 0.00 0.00 0.00 0.00 0.00 0.00 0.00 0.00 0.00 0.00 0.00 0.00 0.00 0.00 0.00
0.00 0.00 0.00 0.00 0.00 0.00 0.00 0.00 0.00 0.00 0.00 0.00 0.00 0.00 0.00 0.00 0.00 0.00 0.00 0.00 0.00 0.00 0.00 0.00 0.00 0.00 0.00 0.00 0.00 0.00 0.00 0.00 0.00 0.00 0.00 0.00 0.00 0.00 0.00 4.16 2.19 4.96 6.94 7.96 8.18 9.20 11.32 11.24 11.61 13.21 13.51 13.51 15.77 15.33 14.45 15.48 12.78 11.02 9.56 8.25 6.57 7.01 1.17 2.04 0.88 1.53 2.85 1.10 0.00 0.00 0.00 0.00 0.00 0.00 0.00 0.00 0.00 0.00 0.00 0.00 0.00 0.00 0.00 0.00
0.00 0.00 0.00 0.00 0.00 0.00 0.00 0.00 0.00 0.00 0.00 0.00 0.00 0.00 0.00 0.00 0.00 0.00 0.00 0.00 0.00 0.00 0.00 0.00 0.00 0.00 0.00 0.00 0.00 0.00 0.00 0.00 0.00 0.00 0.00 0.00 0.00 0.00 0.00 0.00 2.41 3.14 8.47 9.93 9.56 11.02 11.68 12.41 17.81 18.76 18.25 18.25 18.03 16.06 14.16 14.24 12.48 11.17 13.87 12.19 9.13 8.61 3.65 2.48 0.73 1.68 2.64 1.97 0.29 0.44 0.00 0.00 0.00 0.00 0.00 0.00 0.00 0.00 0.00 0.00 0.00 0.00 0.00 0.00
0.00 0.00 0.00 0.00 0.00 0.00 0.00 0.00 0.00 0.00 0.00 0.00 0.00 0.00 0.00 0.00 0.00 0.00 0.00 0.00 0.00 0.00 0.00 0.00 0.00 0.00 0.00 0.00 0.00 0.00 0.00 0.00 0.00 0.00 0.00 0.00 0.00 0.00 0.00 0.00 0.15 3.43 9.56 10.00 11.97 12.78 13.72 15.91 22.05 22.56 21.53 21.53 21.17 16.79 18.98 17.96 17.23 14.60 16.06 15.26 13.58 11.02 5.91 5.18 1.10 4.02 3.21 2.34 1.32 1.10 0.66 0.00 0.00 0.00 0.00 0.00 0.00 0.00 0.00 0.00 0.00 0.00 0.00 0.00
0.00 0.00 0.00 0.00 0.00 0.00 0.00 0.00 0.00 0.00 0.00 0.00 0.00 0.00 0.00 0.00 0.00 0.00 0.00 0.00 0.00 0.00 0.00 0.00 0.00 0.00 0.00 0.00 0.00 0.00 0.00 0.00 0.00 0.00 0.00 0.00 0.00 0.00 0.58 0.00 0.80 7.96 10.07 11.02 12.48 13.65 15.40 17.89 21.97 22.48 24.09 24.09 22.78 16.94 18.54 19.86 19.86 17.52 16.43 16.79 15.70 12.26 9.56 10.07 4.60 2.70 2.19 0.58 1.24 0.58 0.58 1.46 0.00 0.00 0.00 0.00 0.00 0.00 0.00 0.00 0.00 0.00 0.00 0.00
0.00 0.00 0.00 0.00 0.00 0.00 0.00 0.00 0.00 0.00 0.00 0.00 0.00 0.00 0.00 0.00 0.00 0.00 0.00 0.00 0.00 0.00 0.00 0.00 0.00 0.00 0.00 0.00 0.00 0.00 0.00 0.00 0.00 0.00 0.00 0.00 0.00 0.00 0.00 1.39 6.13 8.47 10.51 11.83 13.29 13.80 15.40 15.33 16.50 18.83 20.22 20.22 13.14 14.38 17.74 19.56 20.08 14.53 13.80 15.70 11.90 11.53 9.64 4.60 2.99 2.12 0.88 0.58 0.00 0.00 0.00 1.10 0.00 0.15 0.29 0.73 0.73 0.00 0.44 0.22 0.00 1.10 0.00 0.00
0.00 0.00 0.00 0.00 0.00 0.00 0.00 0.00 0.00 0.00 0.00 0.00 0.00 0.00 0.00 0.00 0.00 0.00 0.00 0.00 0.00 0.00 0.00 0.00 0.00 0.00 0.00 0.00 0.00 0.00 0.00 0.00 0.00 0.00 0.00 0.00 0.00 0.00 1.24 4.67 7.74 9.78 11.17 12.63 14.60 14.97 13.29 12.63 12.70 12.34 13.51 13.51 12.70 13.14 14.45 17.37 9.86 11.39 10.88 7.52 9.78 8.32 8.47 1.39 3.58 3.58 2.41 1.53 1.46 1.90 0.22 1.90 0.58 0.00 0.07 0.00 0.00 0.88 0.00 0.07 0.29 1.24 1.24 0.00
