Wansh/Snow_depth/snowdepth-1993/winter/1994045.txt
ncols 321
nrows 161
xllcenter 60
yllcenter 15 
cellsize  0.25 
NODATA_value -1
[rows 0 to 36 of 161, columns 168 to 251 of 321]
9.93 10.66 6.57 5.99 6.06 5.04 5.77 5.26 6.20 6.20 6.42 6.42 6.94 7.88 7.15 7.01 7.23 9.56 11.83 12.12 11.83 11.90 10.73 9.13 4.16 8.32 7.88 7.88 0.00 0.00 0.00 0.00 4.53 13.80 13.29 13.29 13.29 14.31 14.31 15.33 13.87 14.60 13.29 11.53 11.24 14.89 15.18 10.80 10.80 10.95 10.95 10.73 11.46 11.53 12.05 12.05 11.17 14.16 14.53 14.24 14.24 13.94 26.50 26.50 26.13 20.44 27.81 28.25 26.79 24.60 22.56 22.85 21.68 20.73 20.59 20.59 20.59 20.59 21.97 21.53 22.05 18.69 18.83 20.51
11.17 10.95 7.81 5.69 7.96 6.72 7.23 5.62 6.72 6.72 6.35 7.74 8.25 8.47 8.18 7.81 9.78 11.90 13.14 12.78 14.24 11.17 10.51 4.31 7.88 4.96 0.00 0.00 0.00 0.00 0.00 0.00 5.91 0.00 9.34 9.34 12.19 12.19 11.39 16.35 16.86 20.15 16.79 18.10 16.50 15.11 12.70 11.75 11.97 12.19 12.48 11.53 11.90 13.72 14.09 13.87 14.02 14.09 13.94 14.09 14.09 17.59 16.43 20.00 25.55 21.24 28.32 24.82 24.24 23.29 22.19 18.25 17.37 14.53 15.33 14.97 17.30 18.61 15.62 17.37 17.08 16.21 16.86 9.42
12.48 9.78 10.66 8.03 8.03 8.25 6.64 7.08 6.64 6.64 5.99 8.10 8.47 8.32 8.61 10.88 12.56 11.83 13.87 14.24 13.14 11.39 6.64 5.91 5.77 0.00 0.00 0.00 0.00 0.00 0.00 0.80 9.49 8.91 9.42 9.42 11.53 11.83 11.46 20.66 20.44 19.64 18.32 16.35 12.99 14.02 12.78 11.39 14.02 11.32 14.02 13.65 13.43 13.58 13.80 13.72 13.65 13.07 12.99 13.80 13.80 17.89 18.98 18.98 19.20 20.00 19.78 19.71 22.05 13.94 11.83 11.75 12.26 13.21 9.27 10.37 11.24 12.70 12.41 12.19 7.37 8.91 7.96 8.10
12.48 9.78 10.66 8.03 8.03 8.25 6.64 7.08 6.64 6.64 5.99 8.10 8.47 8.32 8.61 10.88 12.56 11.83 13.87 14.24 13.14 11.39 6.64 5.91 5.77 0.00 0.00 0.00 0.00 0.00 0.00 0.80 9.49 8.91 9.42 9.42 11.53 11.83 11.46 20.66 20.44 19.64 18.32 16.35 12.99 14.02 12.78 11.39 14.02 11.32 14.02 13.65 13.43 13.58 13.80 13.72 13.65 13.07 12.99 13.80 13.80 17.89 18.98 18.98 19.20 20.00 19.78 19.71 22.05 13.94 11.83 11.75 12.26 13.21 9.27 10.37 11.24 12.70 12.41 12.19 7.37 8.91 7.96 8.10
14.75 14.82 13.43 11.10 11.61 10.07 9.27 10.15 6.42 6.42 8.47 10.80 10.59 10.15 12.05 15.55 16.94 17.01 16.21 14.53 12.26 3.72 0.58 0.00 0.00 0.00 0.00 0.00 0.00 6.50 0.00 8.47 0.00 8.32 9.64 9.64 12.19 16.28 18.40 18.32 17.74 17.37 17.16 16.28 14.89 14.89 14.75 14.89 15.40 13.87 12.99 14.02 15.99 14.60 14.02 14.60 13.58 14.89 15.77 17.01 17.01 16.79 18.61 17.30 18.61 18.69 10.59 8.54 8.83 8.25 9.49 5.77 7.30 7.37 7.30 8.47 7.37 5.91 6.50 6.20 7.01 6.64 5.91 6.35
16.13 16.06 18.40 15.48 16.94 16.06 15.18 14.09 9.86 9.86 12.99 14.38 13.58 14.82 15.33 17.81 17.23 17.59 15.26 11.17 2.12 5.48 0.22 0.00 0.00 0.00 0.00 0.00 0.00 2.63 7.08 0.00 9.05 11.24 10.51 10.51 12.19 13.29 15.99 16.06 16.57 17.59 17.45 17.08 16.86 15.84 15.99 15.40 15.91 17.45 17.96 18.03 18.10 15.91 15.70 15.04 14.45 14.82 14.82 14.02 14.02 16.43 17.30 15.18 12.34 13.21 9.93 7.52 4.96 5.04 5.18 4.96 5.11 4.67 5.40 4.60 5.77 6.13 5.55 5.99 5.91 5.69 6.06 5.69
19.78 19.20 20.51 19.93 20.44 18.54 17.52 18.03 15.70 15.70 16.64 14.16 16.06 17.89 17.16 17.01 13.94 15.26 11.68 4.31 0.00 0.00 0.00 0.00 0.00 0.00 0.00 6.20 0.00 4.53 1.68 7.45 9.86 12.05 14.53 14.53 19.86 18.25 18.98 16.43 16.13 16.43 16.94 17.74 18.10 17.37 18.83 18.25 16.79 18.76 18.10 19.20 17.45 17.96 16.21 14.45 14.53 12.63 12.48 12.41 12.41 13.21 14.89 10.80 9.13 8.10 6.42 5.62 5.84 5.62 6.50 5.69 4.89 4.89 4.74 4.45 4.53 4.67 5.11 6.16 6.33 8.83 8.49 9.41
19.78 19.20 20.51 19.93 20.44 18.54 17.52 18.03 15.70 15.70 16.64 14.16 16.06 17.89 17.16 17.01 13.94 15.26 11.68 4.31 0.00 0.00 0.00 0.00 0.00 0.00 0.00 6.20 0.00 4.53 1.68 7.45 9.86 12.05 14.53 14.53 19.86 18.25 18.98 16.43 16.13 16.43 16.94 17.74 18.10 17.37 18.83 18.25 16.79 18.76 18.10 19.20 17.45 17.96 16.21 14.45 14.53 12.63 12.48 12.41 12.41 13.21 14.89 10.80 9.13 8.10 6.42 5.62 5.84 5.62 6.50 5.69 4.89 4.89 4.74 5.15 6.24 6.72 7.00 10.47 10.45 11.75 10.92 9.76
16.57 15.91 19.64 20.73 20.73 18.91 17.59 16.72 17.01 17.01 17.45 17.16 17.45 16.64 16.13 16.64 14.89 8.91 5.99 0.00 0.00 0.00 0.00 0.00 0.00 0.00 3.72 0.00 4.82 6.28 1.31 6.06 7.74 11.75 16.06 16.06 20.15 17.74 17.89 16.50 16.50 16.57 17.59 19.35 20.29 20.37 19.93 20.08 18.25 19.86 19.20 18.76 16.13 13.94 12.34 11.10 11.53 11.46 12.12 12.19 12.19 11.97 11.46 10.44 10.88 9.49 8.61 9.34 8.25 7.30 7.74 6.64 7.81 5.95 6.59 8.14 8.38 7.74 6.50 9.89 11.21 9.94 10.01 11.33
12.48 16.64 15.84 17.96 15.91 17.45 18.61 16.79 16.50 16.50 17.37 18.25 18.18 10.73 11.97 9.13 0.73 0.00 0.00 0.00 0.00 0.00 0.00 0.00 4.09 1.53 6.50 5.62 7.30 5.77 8.76 9.34 9.13 10.59 15.11 15.11 16.43 15.18 15.91 14.97 17.74 19.42 19.64 19.64 19.64 18.54 20.08 20.73 18.40 20.81 18.54 17.45 15.84 13.80 11.97 11.39 11.17 11.24 12.41 13.21 13.21 11.75 13.07 12.48 11.53 10.66 11.02 9.64 8.91 8.76 9.05 8.18 9.31 9.70 9.08 8.65 10.05 12.45 13.08 12.72 11.11 11.17 14.92 15.57
11.53 11.17 10.44 13.21 12.48 13.72 12.99 16.72 16.43 16.43 10.51 8.83 11.53 10.51 0.95 0.00 0.00 0.00 0.00 0.00 0.00 4.09 6.06 5.18 6.06 7.08 5.11 6.72 8.03 6.94 7.23 6.35 7.30 12.05 12.26 12.26 12.05 15.84 15.77 17.16 18.18 19.20 16.43 16.57 16.64 17.01 17.89 19.35 16.79 15.62 16.57 15.11 15.70 14.16 14.53 14.09 13.72 13.65 14.09 18.61 18.61 16.86 17.01 15.04 13.21 11.75 10.44 9.13 9.49 8.91 8.91 8.76 7.79 6.89 7.38 8.58 12.23 13.67 13.18 14.81 14.92 15.68 14.20 16.82
11.53 11.17 10.44 13.21 12.48 13.72 12.99 16.72 16.43 16.43 10.51 8.83 11.53 10.51 0.95 0.00 0.00 0.00 0.00 0.00 0.00 4.09 6.06 5.18 6.06 7.08 5.11 6.72 8.03 6.94 7.23 6.35 7.30 12.05 12.26 12.26 12.05 15.84 15.77 17.16 18.18 19.20 16.43 16.57 16.64 17.01 17.89 19.35 16.79 15.62 16.57 15.11 15.70 14.16 14.53 14.09 13.72 13.65 14.09 18.61 18.61 16.86 17.01 15.04 13.21 11.75 10.44 9.13 9.49 8.91 8.91 8.76 7.59 6.79 7.15 7.96 10.90 12.65 14.06 15.37 14.92 15.34 15.60 18.00
12.48 12.78 10.51 9.34 9.56 9.93 7.37 4.89 5.18 5.18 5.11 0.00 0.00 0.00 0.00 0.00 0.00 0.00 1.24 6.64 5.62 5.91 7.96 7.45 6.79 7.52 5.99 6.79 6.57 5.99 6.42 7.30 8.18 10.29 13.36 13.36 15.33 16.64 18.47 17.01 16.43 16.50 15.48 14.16 9.27 9.34 9.13 11.68 12.34 14.75 15.99 13.51 14.53 14.82 14.75 14.60 16.50 18.47 18.91 18.98 18.98 17.52 18.10 15.18 14.45 13.51 11.46 11.24 11.97 10.07 10.51 9.49 8.83 7.59 8.83 9.96 14.26 13.12 13.96 14.71 15.51 18.89 19.54 20.28
13.29 12.56 13.14 11.24 12.78 8.32 3.65 4.96 0.00 0.00 0.00 0.00 0.00 0.00 0.00 0.00 0.00 0.51 5.18 6.72 7.66 7.81 8.47 8.83 6.94 5.91 6.86 7.23 6.72 9.20 7.88 8.25 8.69 10.07 11.61 11.61 13.72 12.63 13.65 14.97 14.82 14.75 9.78 10.44 8.32 7.88 9.05 7.59 9.93 11.68 10.88 12.26 13.58 14.89 16.43 16.79 16.64 16.43 17.23 17.08 17.08 18.69 19.05 17.96 18.32 15.55 13.65 15.33 12.92 11.32 14.67 13.07 13.58 13.03 17.88 16.08 13.42 15.24 18.31 15.33 17.36 16.48 17.40 18.25
17.01 17.16 15.99 14.02 14.09 12.99 12.92 7.66 9.20 9.20 0.44 0.00 3.43 0.00 1.97 1.46 4.60 5.11 4.31 6.20 8.47 9.13 8.69 8.91 6.28 7.74 9.05 9.27 10.29 9.42 8.61 8.25 7.96 10.29 10.80 10.80 11.53 11.24 12.56 14.02 9.93 9.05 8.47 8.40 8.54 8.47 8.40 8.03 9.27 10.51 10.07 11.97 13.51 12.70 15.77 16.35 17.59 18.25 18.40 17.01 17.01 17.89 18.32 17.67 16.94 16.50 15.18 15.62 14.16 15.99 17.16 16.72 17.90 19.63 17.54 17.81 18.68 18.60 15.72 16.28 15.78 14.69 16.13 15.00
17.01 15.84 14.82 13.36 13.58 12.99 10.51 11.02 8.76 8.76 10.22 6.86 5.91 3.87 5.55 5.48 4.89 5.11 5.91 7.01 7.45 8.32 8.76 7.96 8.40 8.83 8.69 9.13 9.27 10.22 9.05 8.98 9.86 10.44 10.59 10.59 10.37 10.37 9.20 8.25 8.47 7.88 10.00 10.07 9.05 9.13 8.32 8.32 8.25 7.08 8.32 9.13 11.02 9.49 14.31 13.43 17.37 18.69 18.32 16.57 16.57 17.89 17.30 17.89 16.72 16.06 14.75 13.94 16.64 15.70 19.42 21.07 19.76 18.10 19.91 16.80 18.20 16.37 16.50 16.49 16.41 17.30 14.99 14.60
17.01 15.84 14.82 13.36 13.58 12.99 10.51 11.02 8.76 8.76 10.22 6.86 5.91 3.87 5.55 5.48 4.89 5.11 5.91 7.01 7.45 8.32 8.76 7.96 8.40 8.83 8.69 9.13 9.27 10.22 9.05 8.98 9.86 10.44 10.59 10.59 10.37 10.37 9.20 8.25 8.47 7.88 10.00 10.07 9.05 9.13 8.32 8.32 8.25 7.08 8.32 9.13 11.02 9.49 14.31 13.43 17.37 18.69 18.32 16.57 16.57 17.89 17.30 17.89 16.72 16.06 14.75 13.94 16.64 15.70 19.42 25.87 18.52 19.68 17.88 20.79 18.46 18.10 16.82 14.87 15.87 14.88 16.31 16.58
13.72 12.85 15.11 13.58 10.29 9.42 6.72 6.35 9.93 9.93 7.01 7.59 7.15 5.84 6.42 5.69 5.18 5.99 5.77 7.66 7.74 5.69 5.77 6.20 6.72 7.08 6.94 7.45 9.71 8.32 8.91 8.69 10.44 10.66 9.64 9.64 9.93 9.86 8.10 8.69 10.00 10.80 10.66 11.02 7.66 6.94 8.10 4.82 4.60 4.74 6.20 6.06 5.55 9.49 12.63 11.02 15.91 15.26 18.10 17.23 17.23 17.30 17.45 17.01 17.37 13.80 14.02 15.55 18.83 21.02 19.82 20.55 21.01 19.74 19.74 20.63 22.19 15.38 15.16 17.07 16.38 16.00 16.19 14.60
10.88 10.29 12.78 11.10 9.93 7.15 7.96 5.55 5.33 5.33 5.77 5.62 5.84 5.62 5.69 5.62 5.40 5.48 5.91 7.74 3.72 6.42 5.33 6.28 5.77 5.69 6.42 7.96 7.52 8.18 8.18 9.93 10.44 10.15 10.29 10.29 10.22 9.42 8.76 9.42 9.56 10.07 7.74 6.06 6.42 6.06 3.14 3.07 2.77 3.36 3.07 2.92 3.72 7.15 4.96 9.34 12.85 13.21 14.89 15.04 15.04 15.55 14.75 14.67 14.67 15.11 14.60 16.21 18.10 19.37 19.61 21.16 19.02 17.55 24.04 24.46 19.41 17.67 16.77 18.20 14.88 16.88 15.28 17.38
9.93 8.18 7.66 10.51 10.37 7.66 8.10 7.01 5.26 5.26 4.89 4.67 5.77 6.28 6.20 5.91 5.33 5.26 7.45 5.48 6.28 8.25 5.84 5.40 6.06 6.35 5.99 7.81 7.59 7.15 7.81 8.91 10.15 9.71 9.78 9.78 8.25 8.18 8.10 8.69 8.83 5.91 5.11 3.80 3.29 3.94 3.50 4.09 3.80 3.36 3.36 3.80 2.70 2.41 1.90 4.74 5.62 10.80 13.07 10.80 10.80 11.68 13.14 14.09 14.53 11.97 14.97 15.62 16.28 17.08 17.08 22.19 24.38 23.73 24.24 23.70 22.56 27.58 25.05 18.07 18.17 15.68 14.69 16.91
7.45 8.25 7.30 5.99 6.79 8.18 6.06 6.28 5.62 5.62 4.31 5.11 6.28 6.86 6.86 5.40 5.33 7.15 6.06 5.84 6.42 7.45 6.79 7.08 6.50 6.06 5.62 6.20 6.35 6.06 7.66 10.15 11.02 11.97 10.80 10.80 10.15 8.61 6.42 5.18 4.96 5.40 4.67 3.65 3.43 3.65 3.58 3.43 3.43 2.63 0.22 0.29 0.88 0.00 2.41 4.60 3.87 8.18 7.52 8.69 8.69 8.18 10.44 9.20 8.76 9.49 10.37 11.32 15.91 19.35 18.03 22.34 25.33 24.60 25.37 24.17 26.68 26.07 25.16 21.24 23.68 17.23 17.36 14.11
6.79 6.06 5.99 6.06 5.77 5.48 5.26 4.45 6.28 6.28 5.18 4.96 5.55 5.69 6.86 6.42 5.33 5.11 8.40 4.74 6.35 7.59 7.30 7.37 7.30 7.59 7.15 8.61 8.76 10.22 11.46 11.46 11.97 12.70 11.97 11.97 10.59 7.88 6.13 4.74 6.20 4.53 4.67 4.38 3.65 2.77 1.75 2.12 1.46 0.44 0.66 0.22 0.80 1.83 2.26 3.80 4.23 5.33 5.69 5.55 5.55 6.64 4.92 5.26 4.89 6.20 5.18 9.86 15.70 17.67 22.41 23.73 22.70 23.94 24.94 24.33 27.60 25.03 25.82 20.05 18.92 18.38 18.04 15.83
6.79 6.06 5.99 6.06 5.77 5.48 5.26 4.45 6.28 6.28 5.18 4.96 5.55 5.69 6.86 6.42 5.33 5.11 8.40 4.74 6.35 7.59 7.30 7.37 7.30 7.59 7.15 8.61 8.76 10.22 11.46 11.46 11.97 12.70 11.97 11.97 10.59 7.88 6.13 4.74 6.20 4.53 4.67 4.38 3.65 2.77 1.75 2.12 1.46 0.44 0.66 0.22 0.80 1.83 2.26 3.80 4.23 5.33 5.69 5.55 5.55 6.64 4.92 5.26 4.89 6.20 5.18 9.86 15.70 17.67 22.41 23.73 22.70 23.94 23.94 24.46 21.43 22.02 21.63 23.34 23.14 18.77 14.14 14.60
5.04 5.04 6.79 6.20 6.57 5.33 6.64 6.28 6.06 6.06 6.64 6.42 5.26 5.33 5.18 5.18 5.48 8.69 5.40 8.61 9.13 10.44 8.47 7.01 8.61 8.91 9.05 11.75 14.09 14.16 12.92 12.26 10.66 9.13 7.15 7.15 5.69 6.13 6.06 7.08 7.08 5.91 4.38 2.77 3.14 2.41 2.19 2.12 1.68 1.68 1.02 1.75 1.75 2.04 1.61 3.87 4.31 3.58 3.43 3.80 3.80 3.87 2.34 0.00 2.04 6.20 10.37 13.51 17.37 16.35 19.71 20.29 21.39 22.92 23.73 23.11 25.13 31.56 28.07 29.20 22.34 16.67 18.27 18.14
3.80 3.58 5.33 6.28 6.64 6.64 5.55 4.60 8.40 8.40 9.05 10.44 6.50 5.26 8.03 7.74 7.01 7.74 12.34 12.99 12.63 10.95 10.44 11.75 12.48 11.90 12.05 12.56 14.82 14.53 14.45 13.72 11.61 9.34 7.45 7.45 10.80 9.86 8.18 8.61 6.64 6.42 4.31 2.77 1.46 2.56 0.80 0.88 0.44 1.53 2.19 3.14 4.31 3.87 4.82 4.31 4.67 3.87 4.23 2.34 2.34 1.97 0.00 0.00 0.00 7.66 12.19 14.16 17.59 19.20 19.71 22.78 20.51 28.69 28.45 27.56 28.80 27.70 32.90 28.99 26.89 18.00 21.30 24.08
3.21 4.60 4.31 5.48 5.40 5.62 5.91 8.32 10.51 10.51 13.43 13.58 12.56 13.43 13.43 15.26 16.35 15.91 15.70 13.80 16.06 12.99 12.41 12.56 11.97 13.36 14.60 15.33 15.26 15.91 16.28 15.55 12.92 11.61 13.58 13.58 13.14 12.19 9.64 12.12 7.74 4.16 4.31 3.29 2.77 1.24 0.80 2.19 2.48 3.21 3.21 3.43 4.09 3.87 4.23 3.94 3.58 2.04 2.19 0.00 0.00 0.00 2.99 3.07 9.56 9.27 11.97 13.72 12.70 16.50 18.91 23.00 27.64 29.79 29.05 30.74 29.29 23.43 23.01 28.98 22.58 17.93 19.08 16.98
4.96 4.67 4.09 3.80 4.09 4.60 3.07 4.67 5.77 5.77 9.64 12.26 12.05 12.99 12.48 14.16 15.11 14.31 17.23 15.77 16.13 13.94 12.70 12.78 13.65 13.58 15.55 17.74 16.79 16.35 17.81 17.01 14.82 16.43 16.35 16.35 17.52 15.70 18.54 13.07 7.74 3.94 3.43 1.68 3.65 5.62 5.40 5.48 5.69 7.30 6.42 6.57 4.67 3.94 5.55 4.45 4.82 3.43 3.65 3.80 3.80 4.31 6.86 6.50 9.20 8.25 10.51 11.90 11.61 15.11 15.55 18.83 26.26 27.93 29.36 31.52 30.27 30.44 21.49 18.74 16.48 15.27 18.08 15.94
2.92 4.89 5.11 3.65 2.19 2.04 2.04 2.19 3.21 3.21 7.23 11.02 12.34 12.05 12.99 11.53 11.24 12.05 14.16 13.29 10.66 13.14 12.92 14.24 13.87 16.86 16.79 15.84 15.62 16.94 19.42 18.25 19.20 20.00 18.32 18.32 16.86 15.33 16.21 12.70 6.50 4.96 5.26 4.45 7.30 6.64 6.94 7.66 9.20 8.03 6.79 8.18 7.52 6.13 6.57 4.60 5.84 4.31 3.50 4.60 4.60 6.94 7.30 6.72 6.86 9.78 11.83 12.63 15.40 15.33 16.17 18.68 30.83 25.98 30.03 34.41 31.33 25.55 22.84 17.80 15.79 13.26 14.06 13.35
2.92 4.89 5.11 3.65 2.19 2.04 2.04 2.19 3.21 3.21 7.23 11.02 12.34 12.05 12.99 11.53 11.24 12.05 14.16 13.29 10.66 13.14 12.92 14.24 13.87 16.86 16.79 15.84 15.62 16.94 19.42 18.25 19.20 20.00 18.32 18.32 16.86 15.33 16.21 12.70 6.50 4.96 5.26 4.45 7.30 6.64 6.94 7.66 9.20 8.03 6.79 8.18 7.52 6.13 6.57 4.60 5.84 4.31 3.50 4.60 4.60 6.94 7.30 6.72 6.86 9.78 11.83 12.63 15.40 15.33 16.26 18.48 27.88 28.95 32.05 40.15 36.37 24.73 23.86 17.29 16.70 15.73 12.84 11.34
3.07 4.31 4.89 5.48 3.07 2.48 2.63 2.77 5.55 5.55 8.61 9.64 11.75 11.53 12.34 12.63 10.88 12.26 10.80 11.90 9.34 11.39 11.46 12.12 12.92 14.09 15.18 12.99 14.31 16.35 18.54 19.13 17.30 11.39 11.83 11.83 11.90 9.71 7.52 7.30 7.30 6.72 8.83 5.84 5.77 7.45 9.86 9.71 10.00 9.49 8.76 8.83 8.61 7.30 6.79 6.94 6.72 5.04 8.76 9.05 9.10 9.10 9.24 5.77 7.66 10.51 15.26 18.40 17.31 16.22 25.88 27.43 32.26 33.84 32.46 26.31 23.11 22.62 20.68 17.12 14.51 14.60 8.85 6.64
6.13 4.74 5.33 3.21 0.00 3.29 2.41 2.34 4.09 4.09 4.38 7.15 9.05 9.71 11.75 13.29 12.05 11.97 14.24 14.16 11.61 11.24 10.66 12.56 10.95 13.21 12.78 13.72 15.04 15.99 17.96 16.79 9.56 8.54 8.40 8.40 8.10 8.47 9.78 9.56 10.15 8.98 8.76 8.54 9.86 9.71 9.56 9.49 9.93 8.54 8.40 8.76 8.69 8.18 7.30 7.30 8.18 9.71 11.61 11.46 11.46 10.88 10.51 11.97 11.10 12.99 19.56 19.64 18.69 20.51 27.45 28.22 33.12 34.44 29.66 23.24 19.68 16.41 17.10 17.52 15.54 13.09 7.38 6.55
6.50 6.50 4.89 4.38 3.80 0.00 0.00 4.02 3.87 3.87 3.58 5.62 8.03 7.37 11.53 11.97 12.56 14.02 14.02 14.16 15.33 13.36 9.71 11.10 14.97 10.66 9.71 10.44 12.34 8.69 9.27 7.37 7.88 7.66 9.05 9.05 10.07 9.78 10.29 10.51 10.59 8.03 8.69 8.47 8.40 9.49 8.18 7.37 7.37 7.96 7.88 9.05 8.83 9.05 7.81 8.54 8.61 9.42 12.05 12.41 12.41 12.05 11.53 12.92 16.35 19.78 21.02 24.02 25.33 22.78 23.94 28.89 29.76 35.76 29.10 23.43 18.42 17.61 15.42 16.41 10.53 8.55 7.76 6.56
5.62 6.50 5.33 4.67 4.23 3.87 0.00 0.00 2.92 2.92 3.14 3.43 5.33 7.37 13.36 12.12 12.99 12.70 10.00 6.79 6.72 7.45 8.83 8.47 12.41 12.63 8.98 9.34 10.22 8.76 8.40 8.25 9.20 9.86 10.44 10.44 10.07 9.93 10.44 8.98 9.56 7.88 7.01 8.10 7.37 7.45 6.64 6.64 7.01 8.10 10.00 9.56 8.91 6.86 7.66 8.76 7.88 9.56 12.05 11.75 11.75 12.48 12.12 15.18 16.79 20.59 22.48 25.19 26.94 24.75 29.71 26.77 28.92 35.23 22.69 16.29 17.28 15.49 14.24 10.55 8.79 8.87 6.21 6.52
5.55 3.58 1.68 0.00 3.14 3.94 3.94 0.00 0.00 0.00 0.00 0.00 3.07 5.11 6.28 10.37 9.34 10.66 6.64 6.79 7.23 8.18 8.61 8.40 9.56 8.69 10.07 10.51 10.95 10.73 9.20 8.47 7.81 8.25 9.05 9.05 7.23 7.66 7.59 7.15 5.69 4.89 6.28 5.99 7.01 6.64 6.72 6.64 8.76 12.92 12.41 9.93 11.61 10.00 9.05 12.56 11.17 11.53 12.92 12.41 12.41 15.99 16.43 16.21 18.25 20.00 19.35 22.12 24.09 26.35 27.96 25.84 24.01 18.54 16.50 15.64 13.72 9.13 8.58 8.17 7.42 4.65 4.38 5.75
6.42 2.41 0.00 0.00 0.00 0.00 0.00 0.00 0.00 0.00 0.00 0.00 2.63 4.09 5.77 3.87 4.38 4.16 4.82 5.18 7.45 7.88 7.01 6.42 5.91 6.94 7.96 8.91 9.93 10.29 5.26 6.42 5.91 6.64 7.59 7.59 7.59 6.72 7.30 6.94 6.13 5.48 7.66 7.52 9.56 10.29 16.79 17.74 16.64 17.08 14.82 13.58 14.02 12.34 11.53 14.53 14.02 15.04 16.06 15.40 15.40 15.18 15.55 15.55 15.11 17.01 16.35 18.25 21.17 24.09 25.92 24.72 18.55 17.06 15.19 12.26 10.93 8.47 6.60 2.97 3.25 2.77 3.85 6.03
6.42 2.41 0.00 0.00 0.00 0.00 0.00 0.00 0.00 0.00 0.00 0.00 2.63 4.09 5.77 3.87 4.38 4.16 4.82 5.18 7.45 7.88 7.01 6.42 5.91 6.94 7.96 8.91 9.93 10.29 5.26 6.42 5.91 6.64 7.59 7.59 7.59 6.72 7.30 6.94 6.13 5.48 7.66 7.52 9.56 10.29 16.79 17.74 16.64 17.08 14.82 13.58 14.02 12.34 11.53 14.53 14.02 15.04 16.06 15.40 15.40 15.18 15.55 15.55 15.11 17.01 16.35 18.25 21.17 24.09 25.92 24.60 18.27 16.80 15.19 12.81 9.73 8.13 6.45 3.12 3.19 2.92 3.85 5.91
2.85 1.46 0.00 0.00 0.00 0.00 0.00 0.00 0.00 0.00 0.95 1.17 3.50 3.43 4.82 4.60 3.94 4.60 5.77 5.69 4.96 6.06 5.62 5.91 5.91 6.57 8.03 6.13 4.45 4.45 6.28 6.57 9.93 9.27 7.88 7.88 8.10 7.81 7.23 7.37 6.42 5.77 8.18 10.22 12.78 14.16 16.79 18.76 18.98 19.71 16.86 16.21 16.43 16.79 16.43 15.48 15.40 16.35 14.60 15.11 15.11 15.26 15.04 16.79 15.77 16.72 18.76 22.34 20.15 23.29 17.81 15.48 15.99 13.94 13.94 9.58 9.03 8.22 3.04 1.79 1.85 3.44 6.23 5.62
