Wansh/Snow_depth/snowdepth-1993/winter/1994030.txt
ncols 321
nrows 161
xllcenter 60
yllcenter 15 
cellsize  0.25 
NODATA_value -1
[rows 0 to 36 of 161, columns 0 to 83 of 321]
14.97 14.97 14.31 20.37 19.93 19.56 19.05 18.83 21.39 23.21 23.00 24.38 24.38 24.38 23.65 23.73 23.80 22.92 23.00 21.75 21.17 20.88 23.29 24.24 24.31 23.94 23.94 24.24 23.58 23.43 23.29 23.87 23.14 23.73 23.29 23.07 23.00 23.21 23.07 23.87 23.29 22.19 22.56 21.39 20.15 19.20 19.05 18.69 19.42 19.42 16.35 16.35 16.64 16.13 13.65 14.75 14.24 15.70 15.91 15.91 16.50 15.84 15.84 16.79 15.91 16.79 16.35 16.06 15.62 15.70 16.57 11.17 13.21 12.63 14.60 15.77 15.77 17.89 17.52 19.93 18.98 19.42 18.98 19.93
16.72 16.72 20.44 20.59 20.22 21.17 21.24 21.53 21.46 22.63 24.24 24.24 23.87 22.92 23.21 22.34 20.88 21.17 20.15 20.15 20.22 21.53 21.68 21.75 21.97 22.41 22.41 22.48 22.56 23.07 23.07 23.21 23.00 22.92 22.48 23.65 23.73 23.73 24.02 23.00 21.68 21.90 20.88 18.98 18.40 17.59 16.50 12.99 14.38 14.53 14.09 14.09 13.87 14.02 13.87 12.92 12.92 13.21 15.18 15.04 15.33 15.40 15.33 15.26 14.89 14.67 14.75 13.58 12.63 11.39 11.17 10.66 14.09 15.11 15.11 15.48 15.48 19.49 20.22 19.93 21.61 22.34 22.05 20.88
19.49 19.49 20.81 18.83 20.08 21.17 21.39 21.68 22.05 22.92 22.85 22.48 20.00 22.92 21.53 21.61 21.02 19.64 19.78 19.49 20.00 19.71 20.81 21.61 21.46 22.27 22.27 20.59 20.59 20.81 21.53 22.12 22.34 22.41 22.92 23.21 23.36 23.29 23.07 23.51 21.83 16.13 14.97 14.67 13.72 11.97 11.17 11.10 12.56 12.05 13.43 13.43 13.94 12.70 12.34 12.78 12.41 12.85 12.85 15.84 15.55 16.06 17.08 16.50 16.21 16.21 14.38 15.11 14.45 15.77 15.62 15.18 14.82 16.57 18.10 19.86 19.86 19.35 22.19 22.92 22.63 22.48 22.48 22.85
19.49 19.49 20.81 18.83 20.08 21.17 21.39 21.68 22.05 22.92 22.85 22.48 20.00 22.92 21.53 21.61 21.02 19.64 19.78 19.49 20.00 19.71 20.81 21.61 21.46 22.27 22.27 20.59 20.59 20.81 21.53 22.12 22.34 22.41 22.92 23.21 23.36 23.29 23.07 23.51 21.83 16.13 14.97 14.67 13.72 11.97 11.17 11.10 12.56 12.05 13.43 13.43 13.94 12.70 12.34 12.78 12.41 12.85 12.85 15.84 15.55 16.06 17.08 16.50 16.21 16.21 14.38 15.11 14.45 15.77 15.62 15.18 14.82 16.57 18.10 19.86 19.86 19.35 22.19 22.92 22.63 22.48 22.48 22.85
15.33 15.33 15.33 18.32 21.10 20.81 21.02 21.90 21.68 22.63 21.75 21.83 19.71 17.89 18.03 18.47 18.91 18.76 18.18 16.79 16.79 18.03 19.35 19.20 19.56 20.29 20.29 20.29 20.08 20.00 19.35 21.61 21.90 22.70 23.00 20.88 21.46 20.22 19.35 17.52 15.99 15.84 15.55 13.80 14.24 12.56 11.32 11.53 10.88 11.17 12.56 12.56 12.19 12.12 11.75 13.87 13.29 16.35 17.01 15.99 15.48 16.86 16.79 17.08 16.72 16.50 16.50 17.16 15.77 16.28 15.77 16.64 17.01 17.01 18.61 21.90 21.90 23.36 22.63 24.31 23.36 23.94 22.34 19.64
15.48 15.48 15.48 19.64 19.27 21.61 21.39 21.46 20.88 19.05 19.35 18.25 17.52 17.52 16.79 16.79 16.64 18.61 20.00 17.74 17.74 16.21 17.74 17.74 18.18 17.67 17.67 17.37 18.10 19.93 19.49 22.34 23.29 23.00 22.92 22.63 20.00 18.32 17.52 17.23 16.94 17.08 15.26 15.18 13.58 12.41 11.75 11.75 11.46 11.24 10.95 10.95 9.93 10.15 11.24 13.51 12.12 19.05 19.05 17.67 16.64 17.01 16.50 16.72 17.74 18.54 18.32 17.37 18.47 18.18 17.16 16.86 18.54 19.78 21.90 21.53 21.53 21.46 22.92 23.14 21.68 22.27 21.90 20.44
15.26 15.26 17.01 17.23 17.37 20.29 18.10 19.20 20.37 19.13 17.96 18.25 16.72 16.57 16.72 16.35 18.18 17.74 19.71 17.01 16.13 16.13 17.37 18.76 18.61 18.61 18.61 19.49 20.00 19.78 21.32 22.27 20.59 20.08 20.44 20.00 18.03 16.50 16.50 16.35 14.53 14.75 13.80 13.58 12.85 12.99 12.70 13.14 10.66 10.73 10.37 10.37 9.42 7.74 8.25 8.03 11.61 19.20 19.49 19.13 18.69 18.03 18.69 18.54 18.18 18.54 18.54 19.42 19.05 18.54 19.42 18.76 18.54 19.13 19.49 19.64 19.64 19.78 18.61 20.00 19.42 21.68 20.37 20.37
15.26 15.26 17.01 17.23 17.37 20.29 18.10 19.20 20.37 19.13 17.96 18.25 16.72 16.57 16.72 16.35 18.18 17.74 19.71 17.01 16.13 16.13 17.37 18.76 18.61 18.61 18.61 19.49 20.00 19.78 21.32 22.27 20.59 20.08 20.44 20.00 18.03 16.50 16.50 16.35 14.53 14.75 13.80 13.58 12.85 12.99 12.70 13.14 10.66 10.73 10.37 10.37 9.42 7.74 8.25 8.03 11.61 19.20 19.49 19.13 18.69 18.03 18.69 18.54 18.18 18.54 18.54 19.42 19.05 18.54 19.42 18.76 18.54 19.13 19.49 19.64 19.64 19.78 18.61 20.00 19.42 21.68 20.37 20.37
18.54 18.54 16.35 16.79 16.35 19.78 18.54 18.98 17.37 16.64 17.01 15.55 15.62 16.57 16.79 18.18 17.81 18.98 17.23 16.43 16.43 16.43 18.47 18.61 19.56 19.93 19.93 19.93 19.78 18.47 19.42 19.71 20.00 19.35 17.45 18.03 16.94 16.64 16.57 16.35 15.18 13.21 11.97 13.36 13.07 12.48 10.95 9.93 10.29 10.51 11.39 11.39 11.61 9.20 9.49 10.80 12.12 16.57 16.43 16.06 17.89 18.47 18.83 18.91 18.03 18.32 18.25 19.49 20.15 20.73 20.66 21.02 20.66 18.91 19.27 18.10 18.10 17.16 17.89 14.16 14.75 14.16 17.89 17.45
17.45 17.45 17.30 16.86 16.50 15.11 17.74 16.06 16.43 15.62 14.53 14.89 14.53 16.50 16.13 17.45 18.10 16.79 17.52 16.28 17.16 17.16 17.37 20.29 20.22 19.64 19.64 19.27 17.67 17.96 16.21 16.57 16.72 16.06 14.09 15.48 15.33 16.43 16.64 16.72 14.89 13.72 12.70 14.24 12.92 13.21 11.97 10.88 12.99 12.41 11.90 11.90 12.05 11.32 10.15 10.29 13.87 12.99 15.04 16.64 18.76 18.32 18.91 19.05 18.03 18.18 18.98 18.76 19.56 18.10 20.73 20.08 21.10 17.89 17.74 17.67 17.67 16.64 14.82 15.04 13.87 15.26 16.21 16.72
16.21 16.21 16.13 15.62 15.84 14.53 14.24 13.51 13.14 12.70 12.92 12.56 13.87 14.53 15.84 16.50 17.01 16.86 17.59 18.61 18.32 19.64 20.22 20.22 19.78 19.27 19.27 17.16 16.13 16.06 16.21 15.48 12.70 12.78 10.51 10.73 11.75 14.09 13.43 15.33 13.36 13.21 14.38 14.89 17.08 15.91 15.33 15.55 14.53 12.34 11.68 11.68 10.66 10.59 10.73 10.22 12.41 13.58 13.21 15.18 16.28 17.59 13.14 14.45 14.16 16.21 12.05 14.09 16.35 16.43 18.98 18.18 17.81 18.10 15.11 15.62 15.62 15.62 15.99 15.62 15.40 15.40 16.43 13.29
16.21 16.21 16.13 15.62 15.84 14.53 14.24 13.51 13.14 12.70 12.92 12.56 13.87 14.53 15.84 16.50 17.01 16.86 17.59 18.61 18.32 19.64 20.22 20.22 19.78 19.27 19.27 17.16 16.13 16.06 16.21 15.48 12.70 12.78 10.51 10.73 11.75 14.09 13.43 15.33 13.36 13.21 14.38 14.89 17.08 15.91 15.33 15.55 14.53 12.34 11.68 11.68 10.66 10.59 10.73 10.22 12.41 13.58 13.21 15.18 16.28 17.59 13.14 14.45 14.16 16.21 12.05 14.09 16.35 16.43 18.98 18.18 17.81 18.10 15.11 15.62 15.62 15.62 15.99 15.62 15.40 15.40 16.43 13.29
11.97 11.97 12.12 11.83 11.39 13.07 12.05 12.63 12.70 12.26 12.63 12.56 13.07 14.67 16.72 16.35 16.94 17.74 17.45 18.18 18.69 19.64 19.05 19.35 17.74 16.79 16.79 17.30 15.70 12.41 12.34 11.68 10.88 10.22 10.59 9.49 10.29 10.80 12.70 12.34 12.19 14.60 14.24 15.18 16.06 16.86 15.55 13.14 12.70 11.53 11.90 11.90 11.61 11.32 10.95 13.51 13.07 13.36 12.56 12.99 9.78 9.05 10.29 11.39 9.13 7.88 9.34 11.24 10.51 13.36 12.92 15.91 14.02 14.16 14.75 12.92 12.92 12.70 12.63 14.75 16.43 15.77 15.55 11.39
9.34 9.34 9.71 9.86 9.56 9.42 9.78 9.86 10.59 12.26 11.90 12.56 13.14 13.51 14.89 17.81 18.83 18.61 17.81 17.23 17.01 18.69 18.54 17.01 14.53 14.89 14.89 13.43 11.32 9.93 10.00 10.73 10.66 11.75 9.78 9.42 9.49 10.51 10.51 9.86 10.51 13.51 13.51 13.87 14.31 12.99 12.99 13.14 12.05 12.63 11.61 11.61 11.24 11.39 10.88 12.12 8.32 6.20 6.79 7.52 7.15 7.74 7.37 5.62 6.64 7.45 7.74 6.79 8.47 11.32 11.32 10.51 12.48 12.70 13.43 13.51 13.51 13.29 14.02 14.09 13.87 11.24 10.44 10.80
6.86 6.86 8.32 8.40 9.42 9.42 9.78 10.44 10.37 11.90 12.63 12.56 13.07 15.62 17.89 17.30 19.35 18.40 18.83 17.16 16.86 16.50 15.55 16.28 15.62 13.29 13.29 11.61 10.51 10.80 12.12 11.90 12.12 12.48 11.83 11.32 9.86 9.93 9.49 9.42 9.71 11.68 10.73 11.02 11.83 12.48 11.75 12.63 12.85 12.92 12.99 12.99 12.85 12.19 12.41 10.29 7.37 5.48 5.26 5.26 5.62 5.26 5.33 5.62 6.20 6.72 6.35 6.50 7.52 8.54 8.98 8.98 11.61 10.73 13.58 14.67 14.67 14.24 14.82 14.09 13.29 13.14 12.99 11.17
7.08 7.08 8.03 7.96 9.42 10.07 10.66 10.29 11.97 13.80 12.78 12.92 14.67 15.70 15.48 17.59 18.47 18.47 18.54 17.01 16.28 16.43 15.84 13.21 13.07 12.12 12.12 12.26 12.99 12.56 12.19 12.12 14.24 12.41 11.17 10.80 10.88 10.51 10.15 9.27 9.64 10.22 10.44 10.80 10.29 10.80 11.61 12.85 12.56 12.26 11.46 11.46 12.12 13.07 11.02 11.32 9.78 5.84 4.23 4.67 5.26 5.55 7.88 7.81 8.25 7.01 6.94 8.03 8.54 8.32 7.59 8.32 9.42 11.17 10.51 13.07 13.07 13.94 13.94 14.16 12.92 13.72 13.43 13.72
7.08 7.08 8.03 7.96 9.42 10.07 10.66 10.29 11.97 13.80 12.78 12.92 14.67 15.70 15.48 17.59 18.47 18.47 18.54 17.01 16.28 16.43 15.84 13.21 13.07 12.12 12.12 12.26 12.99 12.56 12.19 12.12 14.24 12.41 11.17 10.80 10.88 10.51 10.15 9.27 9.64 10.22 10.44 10.80 10.29 10.80 11.61 12.85 12.56 12.26 11.46 11.46 12.12 13.07 11.02 11.32 9.78 5.84 4.23 4.67 5.26 5.55 7.88 7.81 8.25 7.01 6.94 8.03 8.54 8.32 7.59 8.32 9.42 11.17 10.51 13.07 13.07 13.94 13.94 14.16 12.92 13.72 13.43 13.72
8.32 8.32 9.34 10.37 10.15 10.15 10.29 12.70 12.05 14.09 14.60 15.33 14.97 15.55 16.43 15.99 17.67 17.74 14.75 13.72 13.80 13.51 12.34 11.32 12.12 12.26 12.26 11.68 12.70 13.14 11.68 10.95 10.95 9.64 10.73 9.13 8.10 8.61 8.61 9.86 8.54 10.15 10.59 10.00 10.15 10.80 11.53 11.39 11.53 10.88 10.80 10.80 11.61 13.07 13.21 7.88 6.64 6.72 6.64 5.04 7.74 7.74 7.74 7.23 7.96 7.08 7.08 7.81 7.23 7.59 7.37 7.74 8.76 9.78 11.02 10.80 10.80 12.34 11.32 12.05 12.05 12.63 13.36 13.94
10.22 10.22 11.17 11.02 10.22 11.24 10.07 12.34 14.09 14.02 14.02 13.65 14.60 13.94 14.24 12.85 12.12 12.48 12.41 11.90 11.75 11.10 10.95 11.46 11.68 11.83 11.83 11.68 11.97 11.02 11.10 10.07 9.27 9.86 10.07 7.37 6.06 7.37 7.88 8.03 8.91 10.29 10.00 11.68 11.02 11.75 11.02 11.17 11.83 12.19 12.48 12.48 13.07 12.99 12.48 11.02 10.22 10.15 13.72 11.61 9.27 10.15 8.32 10.44 9.13 7.96 7.88 7.37 7.37 8.98 9.42 9.56 9.34 9.56 10.80 10.80 10.80 10.80 11.02 11.32 11.53 11.39 11.10 10.88
10.59 10.59 10.59 11.02 10.95 11.53 13.36 15.48 15.48 14.60 13.58 13.51 13.51 13.51 12.05 12.56 11.17 10.51 8.47 8.91 10.15 9.86 10.59 11.97 11.53 11.17 11.17 11.17 11.17 10.44 10.66 9.93 11.24 9.64 10.29 7.96 8.40 9.34 9.86 11.68 9.64 8.47 12.78 13.72 12.63 11.83 11.39 12.48 12.92 12.85 12.56 12.56 12.05 11.24 11.97 11.39 14.02 15.55 15.99 15.18 15.70 13.58 12.05 12.70 10.29 11.24 8.25 7.37 9.64 9.42 9.56 9.93 9.71 9.56 9.86 10.15 10.15 11.75 11.75 11.97 11.32 11.75 12.48 12.63
10.22 10.22 10.00 11.17 13.29 14.97 14.60 15.55 14.75 15.04 14.09 13.80 12.19 11.61 12.41 10.07 9.27 9.71 9.42 9.20 11.24 14.31 14.02 14.67 13.80 11.53 11.53 12.26 13.14 13.07 11.02 12.19 10.88 11.32 10.95 10.29 10.29 10.15 10.51 11.10 11.24 12.56 12.48 12.70 12.70 11.90 13.21 12.99 12.92 13.43 11.24 11.24 11.61 10.95 14.60 15.62 15.33 16.06 16.43 16.72 15.91 13.94 12.48 12.26 11.10 11.61 9.56 10.00 10.37 10.51 10.44 10.37 9.93 9.86 10.00 10.73 10.73 12.41 13.87 15.48 15.11 14.53 13.94 14.45
11.02 11.02 10.59 13.07 12.63 14.60 14.24 13.21 13.80 11.46 11.39 11.97 11.90 12.19 11.10 11.46 10.88 13.07 15.18 13.58 15.18 19.35 18.69 17.89 15.55 14.67 14.67 15.18 13.87 13.14 15.48 15.18 14.82 13.29 10.59 9.34 8.91 9.05 8.91 11.61 11.90 12.56 13.07 14.16 14.60 15.04 14.09 13.87 16.94 14.82 12.85 12.85 15.91 11.68 14.97 16.86 18.18 16.79 15.99 15.48 15.77 12.12 12.85 11.83 11.75 12.05 11.24 10.88 12.26 10.95 10.00 9.93 10.00 10.88 12.19 13.14 13.14 12.70 14.45 15.62 15.99 15.70 14.89 13.07
11.02 11.02 10.59 13.07 12.63 14.60 14.24 13.21 13.80 11.46 11.39 11.97 11.90 12.19 11.10 11.46 10.88 13.07 15.18 13.58 15.18 19.35 18.69 17.89 15.55 14.67 14.67 15.18 13.87 13.14 15.48 15.18 14.82 13.29 10.59 9.34 8.91 9.05 8.91 11.61 11.90 12.56 13.07 14.16 14.60 15.04 14.09 13.87 16.94 14.82 12.85 12.85 15.91 11.68 14.97 16.86 18.18 16.79 15.99 15.48 15.77 12.12 12.85 11.83 11.75 12.05 11.24 10.88 12.26 10.95 10.00 9.93 10.00 10.88 12.19 13.14 13.14 12.70 14.45 15.62 15.99 15.70 14.89 13.07
10.00 10.00 10.07 12.12 13.51 13.43 13.36 11.97 10.29 10.66 10.29 11.02 11.97 11.68 12.48 12.34 13.94 17.08 19.64 20.44 20.73 20.29 19.49 19.05 19.35 14.89 14.89 15.62 14.82 16.43 16.72 15.26 12.41 13.29 10.80 10.80 9.71 9.34 10.44 11.02 12.05 15.18 15.99 16.21 17.30 16.86 18.10 19.05 19.20 17.45 20.81 20.81 17.81 11.97 15.18 18.10 18.03 17.59 15.62 15.70 13.51 13.36 13.29 13.29 13.72 13.51 15.40 13.36 14.09 11.75 14.38 12.19 14.09 12.34 12.26 13.94 13.94 14.24 13.94 14.67 15.33 15.26 15.18 13.51
10.07 10.07 11.75 12.05 12.99 10.66 8.40 6.79 7.08 6.86 8.61 10.07 10.15 11.24 12.12 13.80 13.29 15.91 17.74 19.13 21.02 20.73 21.17 21.39 19.64 16.13 16.13 14.38 13.94 15.04 15.91 14.60 13.51 12.56 11.10 11.53 11.02 10.73 11.68 12.05 12.63 16.06 15.99 17.30 21.83 22.56 20.81 21.10 21.68 21.53 21.68 21.68 17.96 19.49 19.42 19.49 19.13 18.83 19.42 17.67 15.26 16.13 14.16 14.38 14.31 14.24 17.23 17.45 20.73 17.74 17.16 19.05 15.48 13.65 13.43 14.67 14.67 13.87 13.80 13.94 14.45 15.33 14.75 14.67
10.44 10.44 8.98 9.86 7.01 5.40 5.69 1.75 2.12 1.39 2.85 5.18 5.91 6.57 5.84 6.72 10.29 13.51 17.89 20.44 21.97 20.81 18.47 20.22 13.29 15.11 15.11 12.19 11.97 14.38 15.18 14.82 13.43 12.92 12.56 12.56 12.41 12.41 13.58 15.91 14.02 16.43 20.08 21.32 21.10 21.90 22.27 21.39 21.46 21.10 20.22 20.22 19.42 20.37 21.90 23.21 21.90 20.66 21.17 19.27 17.81 18.47 16.35 15.91 20.29 21.17 20.29 23.07 22.34 20.51 19.13 19.86 17.96 17.59 15.40 15.11 15.11 15.91 13.87 14.09 13.87 14.82 14.24 15.26
14.45 14.45 13.29 10.44 7.45 7.23 4.45 4.09 3.65 5.99 6.42 5.55 2.85 3.65 4.38 5.48 17.96 21.68 20.88 23.36 23.87 21.10 18.76 15.99 13.21 11.02 11.02 10.15 10.51 13.65 12.78 12.78 13.14 12.85 12.99 13.80 13.94 15.26 14.82 16.13 15.48 17.16 18.69 19.93 20.29 19.78 20.37 20.22 20.66 18.91 20.29 20.29 19.42 21.32 22.19 22.92 23.29 22.27 22.70 21.90 20.51 21.39 20.88 20.88 21.90 22.56 22.12 21.39 21.75 20.81 20.29 19.71 18.40 18.32 17.89 15.99 15.99 14.16 14.16 13.65 12.48 12.34 14.09 15.91
16.35 16.35 14.60 12.70 11.02 11.10 10.66 13.07 13.29 13.07 14.31 11.61 7.45 14.02 16.79 15.11 18.54 19.86 20.08 20.29 19.71 16.06 13.07 11.97 10.73 8.76 8.76 8.61 12.63 12.26 11.83 11.75 13.07 14.02 13.65 14.75 15.48 15.91 14.02 15.18 15.40 16.79 17.23 18.03 19.05 19.42 19.20 17.89 17.81 17.52 20.00 20.00 19.49 20.51 19.49 22.41 21.24 21.10 21.97 22.19 19.27 20.81 22.19 21.83 22.05 21.97 21.46 20.66 20.08 19.93 20.66 19.71 19.42 17.96 18.25 15.48 15.48 14.38 13.65 13.72 12.41 15.84 16.94 16.35
16.35 16.35 14.60 12.70 11.02 11.10 10.66 13.07 13.29 13.07 14.31 11.61 7.45 14.02 16.79 15.11 18.54 19.86 20.08 20.29 19.71 16.06 13.07 11.97 10.73 8.76 8.76 8.61 12.63 12.26 11.83 11.75 13.07 14.02 13.65 14.75 15.48 15.91 14.02 15.18 15.40 16.79 17.23 18.03 19.05 19.42 19.20 17.89 17.81 17.52 20.00 20.00 19.49 20.51 19.49 22.41 21.24 21.10 21.97 22.19 19.27 20.81 22.19 21.83 22.05 21.97 21.46 20.66 20.08 19.93 20.66 19.71 19.42 17.96 18.25 15.48 15.48 14.38 13.65 13.72 12.41 15.84 16.94 16.35
14.31 14.31 14.53 13.51 11.39 11.75 13.58 12.70 15.33 18.25 22.27 23.21 21.24 18.47 18.83 21.17 23.80 21.02 18.83 15.99 16.43 14.09 12.92 13.29 8.54 9.20 9.20 11.90 11.75 12.85 14.89 13.87 12.78 14.31 16.21 15.77 15.91 16.35 13.80 13.87 15.70 15.77 17.30 17.89 18.91 19.78 18.98 16.72 15.91 13.51 15.91 15.91 17.45 16.86 19.93 19.56 18.54 18.91 19.05 16.13 17.01 20.73 21.46 20.22 21.68 21.53 21.53 21.32 19.20 18.32 18.25 18.91 16.43 17.23 15.18 15.26 15.26 14.75 12.85 10.80 13.51 14.60 13.43 16.50
14.75 14.75 13.07 12.12 12.26 12.63 14.38 18.18 20.81 23.07 21.97 24.16 23.65 24.45 24.02 24.31 24.24 23.65 20.37 16.06 11.97 13.43 13.14 12.26 10.29 9.42 9.42 12.05 12.78 16.28 16.13 15.77 14.02 16.72 16.79 17.52 18.61 13.94 13.87 11.83 14.24 15.18 16.64 16.28 18.91 17.81 18.03 17.30 13.21 13.43 15.04 15.04 16.21 18.69 20.15 20.08 17.37 15.99 14.31 15.77 14.60 17.96 17.74 19.56 18.54 20.44 20.08 20.66 18.25 17.01 15.33 15.84 15.77 13.51 14.02 11.02 11.02 11.39 11.90 8.40 7.23 9.71 9.64 10.00
15.70 15.70 16.28 14.67 14.89 14.82 18.18 17.16 21.39 23.14 24.09 25.55 24.97 25.33 23.80 23.65 21.53 19.56 15.40 12.19 11.61 10.59 11.24 9.78 9.64 10.88 10.88 13.29 15.48 16.35 16.21 17.01 17.81 17.59 17.67 19.27 17.96 13.58 5.48 5.77 8.69 10.00 12.26 11.17 14.60 15.62 15.55 13.65 14.31 13.36 13.29 13.29 14.45 17.74 19.49 20.29 14.53 15.11 14.75 14.31 14.97 15.48 15.18 16.57 15.84 17.89 15.99 15.84 16.13 16.43 14.24 14.60 11.17 10.95 11.10 9.20 9.20 7.59 7.23 7.59 7.23 7.66 8.32 8.25
15.26 15.26 14.60 14.67 15.40 15.11 17.16 19.49 20.81 22.41 23.14 24.53 24.82 20.66 19.93 20.51 17.01 16.35 11.32 7.88 9.34 9.13 9.27 9.20 9.64 10.73 10.73 12.70 14.82 13.94 15.26 18.03 18.47 16.13 16.06 16.43 16.06 9.78 8.98 2.56 3.29 2.63 6.20 9.64 13.43 14.16 14.53 13.80 12.48 13.21 12.70 12.70 13.51 14.82 13.80 13.36 13.72 14.89 14.75 13.51 12.48 13.65 13.51 14.38 13.94 14.09 13.87 14.16 10.51 11.17 11.46 8.91 8.61 4.23 6.35 6.86 6.86 5.99 7.81 7.96 7.88 8.83 6.06 6.57
11.61 11.61 11.32 11.10 13.07 14.82 16.86 16.28 19.86 21.39 23.21 21.17 20.51 21.24 18.25 17.59 15.99 15.48 13.14 9.71 6.28 5.40 4.38 9.71 8.47 10.88 10.88 12.34 11.39 11.02 13.14 16.64 11.90 12.78 11.32 2.04 0.00 8.54 5.11 2.26 5.33 4.60 6.72 9.34 11.17 12.34 13.07 11.97 12.48 14.31 13.65 13.65 12.99 14.16 14.16 14.16 14.16 13.21 10.80 11.17 10.95 0.00 12.12 13.07 11.83 10.73 11.32 10.00 8.47 6.42 5.77 6.06 7.08 1.83 2.12 5.40 5.40 4.09 10.88 10.44 11.24 12.19 12.34 7.08
8.03 8.03 10.22 9.49 13.29 14.67 16.13 17.89 17.08 18.32 17.89 18.91 19.13 17.89 15.77 14.16 13.80 11.97 9.20 8.91 8.47 8.47 10.07 10.07 10.15 9.42 9.42 7.59 8.03 7.74 11.32 8.25 8.83 8.91 8.47 0.00 0.00 6.28 3.36 4.82 6.13 8.18 8.69 10.51 11.17 11.17 10.66 10.37 11.61 11.32 11.10 11.10 12.92 13.72 14.53 11.61 10.95 9.34 0.00 6.28 9.49 8.69 10.80 11.24 9.34 10.95 10.51 10.15 7.37 7.37 4.74 5.91 3.43 3.58 6.06 6.86 6.86 13.65 13.87 17.96 14.82 15.70 16.35 16.43
8.03 8.03 10.22 9.49 13.29 14.67 16.13 17.89 17.08 18.32 17.89 18.91 19.13 17.89 15.77 14.16 13.80 11.97 9.20 8.91 8.47 8.47 10.07 10.07 10.15 9.42 9.42 7.59 8.03 7.74 11.32 8.25 8.83 8.91 8.47 0.00 0.00 6.28 3.36 4.82 6.13 8.18 8.69 10.51 11.17 11.17 10.66 10.37 11.61 11.32 11.10 11.10 12.92 13.72 14.53 11.61 10.95 9.34 0.00 6.28 9.49 8.69 10.80 11.24 9.34 10.95 10.51 10.15 7.37 7.37 4.74 5.91 3.43 3.58 6.06 6.86 6.86 13.65 13.87 17.96 14.82 15.70 16.35 16.43
5.69 5.69 8.91 12.70 14.16 14.09 14.97 15.18 15.84 16.57 17.23 16.57 16.50 17.52 17.52 15.11 14.97 11.02 8.47 9.05 12.99 12.41 14.60 10.59 7.37 4.96 4.96 3.14 6.64 10.07 8.32 3.72 4.89 0.00 0.00 0.00 1.17 3.58 5.40 6.86 7.52 7.59 8.10 9.27 10.29 9.42 9.42 9.56 10.07 10.07 10.00 10.00 11.17 12.78 10.44 9.13 7.59 0.00 4.74 7.88 9.34 11.17 9.78 10.15 10.66 12.41 10.44 11.46 7.96 8.47 8.61 8.98 12.85 10.80 10.29 14.75 14.75 17.37 21.32 26.28 25.33 20.59 19.49 17.45
