Wansh/Snow_depth/snowdepth-1993/winter/1994050.txt
ncols 321
nrows 161
xllcenter 60
yllcenter 15 
cellsize  0.25 
NODATA_value -1
[rows 74 to 110 of 161, columns 84 to 167 of 321]
0.00 0.00 0.00 0.00 0.66 0.58 1.02 0.73 0.00 0.00 1.02 0.22 0.51 0.00 0.00 0.00 0.00 0.00 0.00 0.00 0.00 0.00 0.00 0.00 3.50 3.36 2.77 2.56 2.48 2.63 0.00 0.00 0.00 0.00 0.00 0.00 0.00 0.00 0.00 0.00 0.00 0.58 0.95 0.95 0.22 0.00 0.51 1.10 1.10 0.66 0.73 0.66 1.53 0.00 1.71 1.17 1.10 1.17 1.68 0.73 0.00 0.00 0.37 0.00 0.00 0.00 0.00 1.10 1.10 0.00 2.57 1.31 0.00 0.00 0.00 0.00 0.00 0.00 0.00 0.00 0.00 0.73 0.37 0.07
0.00 0.00 0.00 0.51 1.68 2.63 1.90 2.70 1.97 0.58 0.00 0.00 3.21 0.00 2.48 3.94 2.77 2.77 2.77 0.00 0.00 0.00 0.00 0.00 0.00 4.31 0.00 2.77 2.99 0.00 0.00 0.00 0.00 0.00 0.00 0.00 0.00 0.00 0.00 0.00 1.83 1.31 1.24 1.24 0.73 0.29 0.95 1.24 0.66 0.00 0.07 0.07 0.00 0.80 0.73 0.88 0.51 1.02 0.51 0.00 0.29 0.51 1.17 0.44 0.37 0.29 0.00 0.00 0.00 1.54 2.56 2.41 0.88 0.22 0.00 0.00 0.00 0.00 0.00 0.00 0.00 0.00 0.44 0.00
1.10 0.00 1.24 1.97 1.68 3.21 2.77 3.36 0.00 3.72 2.77 2.99 4.96 4.60 3.43 4.67 3.72 3.72 3.72 3.50 0.00 0.00 0.00 0.00 0.00 4.02 0.00 0.00 0.00 0.00 0.00 0.00 0.00 0.00 0.00 0.00 0.00 0.00 0.00 0.00 0.00 0.00 1.61 1.61 1.39 0.88 1.31 1.83 0.00 0.00 0.58 0.00 0.51 0.22 0.51 0.73 0.00 0.51 0.51 0.00 0.15 0.44 0.44 0.51 0.37 0.00 0.15 0.00 0.00 0.51 1.31 1.61 0.88 0.58 0.00 0.00 0.00 0.00 0.00 0.00 0.00 0.00 0.07 0.45
0.88 2.12 0.00 2.26 2.12 2.56 2.77 0.00 3.65 3.80 4.23 4.45 5.33 5.11 4.74 4.82 4.38 3.87 3.87 3.36 0.00 3.50 3.07 2.77 2.99 0.00 0.00 0.00 0.00 0.00 0.00 0.00 0.00 0.00 0.00 0.00 0.00 0.00 0.00 0.00 0.00 0.00 1.53 1.53 0.00 0.00 0.00 0.00 0.00 0.00 0.00 1.68 0.88 0.44 0.37 1.10 1.02 0.51 0.37 0.00 1.10 0.58 1.46 0.80 0.66 0.00 0.00 0.00 0.00 0.00 0.58 1.10 1.39 0.37 0.00 0.00 0.00 0.22 0.00 0.00 0.00 0.00 0.81 0.74
1.97 0.00 1.31 2.34 0.88 1.75 2.70 0.00 4.23 4.38 4.23 4.96 4.45 4.67 4.74 4.60 4.74 0.00 0.00 3.50 2.85 4.23 3.65 4.09 4.16 0.00 0.00 0.00 0.00 0.00 0.00 0.00 0.00 0.00 0.00 0.00 0.00 0.00 0.00 0.00 0.00 0.00 0.00 0.00 0.00 0.00 0.00 2.19 2.04 0.00 0.00 0.00 0.00 0.00 0.00 1.17 0.58 1.46 1.39 1.83 1.90 1.53 0.00 0.88 0.00 0.00 0.15 0.58 0.58 0.00 0.00 0.00 0.88 0.58 0.80 0.80 0.58 0.00 0.00 0.00 0.00 1.10 1.91 0.96
0.00 1.61 1.97 1.75 0.00 0.00 2.77 3.29 3.87 4.23 4.02 3.94 4.23 4.38 4.31 4.38 4.38 4.02 4.02 3.94 4.60 4.16 4.16 3.50 3.14 0.00 0.00 2.63 0.00 0.00 0.00 0.00 0.00 0.00 0.00 0.00 0.00 0.00 0.00 0.00 0.00 0.00 0.00 0.00 0.00 0.00 0.00 0.80 0.00 0.00 0.00 0.00 0.00 0.00 0.00 2.48 0.00 0.00 0.00 1.75 2.19 2.56 1.10 0.37 0.00 0.00 0.00 0.00 0.00 1.24 0.07 0.80 0.66 2.41 2.86 2.77 0.81 0.58 0.15 0.00 0.00 1.17 2.04 0.37
0.00 0.00 0.00 0.00 2.41 0.00 3.29 2.99 0.00 3.94 3.58 3.80 4.02 3.58 4.09 4.09 3.87 4.53 4.53 4.02 0.00 3.36 3.72 3.14 2.92 0.00 0.00 0.00 0.00 0.00 0.00 0.00 0.00 0.00 0.00 0.00 0.00 0.00 0.00 0.00 0.00 0.00 0.00 0.00 0.00 0.00 0.00 0.80 0.00 0.00 0.00 0.00 0.00 0.00 0.00 0.00 0.00 0.00 0.00 1.75 0.80 2.41 2.19 0.51 0.00 0.00 0.00 0.66 0.66 0.80 1.17 1.46 3.80 5.69 5.26 4.18 2.10 1.30 0.88 1.39 0.88 1.31 1.24 0.73
0.00 0.00 0.00 0.00 2.70 0.00 3.07 0.00 0.00 3.72 3.94 4.02 4.09 3.80 3.94 3.50 4.09 4.31 4.31 4.67 2.85 0.00 2.48 0.00 0.00 2.99 3.14 0.00 0.00 0.00 0.00 0.00 0.00 0.00 0.00 0.00 0.00 0.00 0.00 0.00 0.00 0.00 0.00 0.00 0.00 0.00 0.00 0.00 0.00 0.00 0.00 0.00 0.00 0.37 0.00 0.29 0.00 0.15 0.15 1.83 1.02 0.07 1.10 0.00 0.00 0.00 0.00 0.00 0.00 0.00 1.61 1.24 3.87 4.82 7.52 5.80 3.02 3.52 1.74 2.02 1.17 0.66 0.58 0.66
0.00 0.00 0.00 0.00 0.00 0.00 0.00 0.00 0.00 0.00 0.00 4.02 0.00 3.94 3.80 4.45 0.00 4.23 4.23 2.41 1.75 0.00 0.00 0.00 0.00 0.00 0.00 0.00 0.00 0.00 0.00 0.00 0.00 0.00 0.00 0.00 0.00 0.00 0.00 0.00 0.00 0.00 0.00 0.00 0.00 0.00 0.00 0.00 0.00 0.00 0.00 0.29 0.73 0.44 0.22 0.00 0.00 0.00 0.00 0.00 0.58 0.44 0.95 1.53 1.10 0.58 0.51 0.58 0.58 0.73 1.10 0.73 1.39 7.08 8.10 8.83 5.99 3.07 3.21 1.39 1.46 1.10 0.00 0.58
3.80 3.80 3.50 2.85 0.00 0.00 0.00 0.00 0.00 0.00 0.00 0.00 0.00 3.29 4.16 4.53 0.00 0.00 0.00 0.00 0.00 0.00 0.00 0.00 0.00 0.00 0.00 0.00 0.00 0.00 0.00 0.00 0.00 0.00 0.00 0.00 0.00 0.00 0.22 0.00 0.00 0.00 0.00 0.00 0.00 0.00 0.00 0.00 0.00 0.00 0.58 0.29 0.73 0.44 0.22 0.00 0.00 0.00 0.00 0.00 0.00 0.66 0.88 1.68 0.88 0.66 1.10 0.44 0.44 0.44 1.39 1.31 1.31 5.40 7.59 7.52 8.47 4.82 5.26 1.53 1.68 1.61 0.00 1.68
0.00 2.85 0.00 0.00 0.00 0.00 0.00 0.00 0.00 4.31 3.43 3.80 3.50 3.43 4.09 4.38 0.00 0.00 0.00 0.00 0.00 0.00 2.41 0.00 0.00 0.00 2.12 0.00 2.34 0.00 0.00 0.00 0.00 0.00 0.00 0.00 0.00 0.00 0.00 0.00 0.00 0.00 0.00 0.00 0.00 0.00 0.00 0.00 0.00 0.00 0.00 0.15 0.29 0.29 0.95 0.73 0.29 0.29 0.00 0.00 0.66 0.51 1.02 0.88 1.53 2.04 0.88 1.17 1.17 1.90 2.41 1.10 1.90 1.97 4.82 9.34 8.91 5.62 4.96 1.83 3.14 2.41 2.19 2.56
0.00 0.00 0.00 2.56 2.99 0.00 0.00 0.00 3.94 3.50 3.65 3.58 3.21 3.65 0.00 3.87 3.80 3.94 3.94 0.00 4.23 4.16 3.80 3.80 0.00 3.29 0.00 0.00 2.04 2.04 0.00 0.00 0.00 0.00 0.00 0.00 0.00 0.00 0.00 0.00 0.00 1.17 0.80 0.80 0.00 0.00 1.68 0.00 0.00 0.00 0.73 0.80 0.00 0.00 1.24 2.48 2.70 1.46 0.95 0.22 0.66 0.74 1.88 2.41 3.72 2.85 2.70 1.68 1.68 2.63 2.92 3.80 2.04 2.85 4.02 7.15 8.47 9.86 4.67 4.23 4.82 4.38 3.14 3.50
2.04 2.92 2.19 2.12 2.41 3.07 2.70 2.92 2.85 3.07 3.65 2.85 2.77 0.00 2.77 2.92 0.00 3.65 3.65 3.72 4.67 4.67 5.04 4.45 0.00 0.00 2.63 3.50 3.29 0.00 0.00 0.00 0.00 2.99 0.00 0.00 0.00 0.00 3.36 2.56 2.70 2.41 1.10 1.10 1.24 0.88 1.10 1.31 0.88 0.73 0.44 0.44 0.00 0.15 0.95 2.77 3.94 4.53 4.74 4.60 3.29 2.12 1.49 2.63 3.65 2.63 4.16 3.43 3.43 5.04 6.79 7.88 6.72 4.96 6.13 5.18 9.93 10.37 4.82 4.89 6.79 7.66 4.60 1.90
1.83 2.04 3.14 0.00 3.43 2.56 3.50 2.77 2.70 0.00 0.00 2.77 2.41 3.58 3.14 3.07 3.43 3.80 3.80 4.09 4.02 3.87 3.80 0.00 0.00 2.04 2.99 3.07 2.92 0.00 0.00 0.00 0.00 3.36 0.00 0.00 0.00 0.00 2.77 2.85 3.21 2.48 1.10 1.10 1.90 1.17 2.41 1.46 1.39 0.80 0.44 0.73 0.00 0.00 1.39 1.68 3.07 5.04 6.06 5.33 2.77 1.68 2.41 2.99 3.41 4.89 6.57 5.84 5.84 3.58 7.59 8.61 8.98 8.91 7.23 5.99 6.13 5.33 5.18 5.40 6.64 7.88 4.53 3.65
2.48 2.41 0.00 0.00 0.00 0.00 2.77 0.00 0.00 0.00 0.00 0.00 3.72 3.80 3.36 3.21 4.82 3.58 3.58 3.80 3.58 2.99 3.72 2.34 0.00 2.56 3.50 2.85 2.26 0.00 0.00 0.00 0.00 3.87 3.87 3.07 0.00 2.85 2.70 3.07 2.63 0.00 1.75 1.75 2.63 2.56 2.19 2.99 2.12 1.39 1.39 1.39 0.58 0.58 1.17 1.68 2.04 3.21 4.09 5.40 3.87 2.41 3.50 4.60 4.94 5.79 9.56 8.47 8.47 7.74 7.30 9.05 8.03 7.37 6.94 5.48 5.33 6.57 6.86 7.01 6.86 6.86 6.35 4.38
1.83 1.24 0.00 0.00 0.00 0.00 0.00 0.00 0.00 0.00 0.00 0.00 3.72 0.00 4.02 3.29 4.23 3.43 3.43 3.72 3.29 3.80 2.56 2.48 3.29 3.80 3.07 3.43 0.00 0.00 3.21 3.50 3.87 3.87 3.87 2.85 0.00 2.48 0.00 0.00 0.00 0.00 2.41 2.41 2.12 2.48 2.34 2.34 2.41 2.41 3.07 2.56 1.90 1.97 1.97 1.68 1.61 1.39 2.67 4.13 4.53 2.92 5.74 5.55 7.04 10.16 10.45 10.80 10.80 10.59 7.52 7.30 6.42 7.01 6.72 4.02 4.23 6.94 6.86 6.19 7.48 6.77 6.97 6.68
1.61 0.88 0.00 1.46 0.00 0.00 0.00 0.00 0.00 0.95 0.00 0.00 0.00 0.00 0.00 3.80 4.23 1.90 1.90 0.00 3.21 3.14 2.99 0.00 0.00 0.00 0.00 0.00 2.04 0.00 2.48 3.36 2.41 3.21 0.00 0.00 0.00 0.00 0.00 0.00 0.00 0.00 0.00 0.00 0.58 1.24 2.12 1.83 2.77 3.07 3.07 3.07 3.72 4.23 4.74 3.36 2.85 1.97 2.56 2.19 3.69 3.14 5.31 7.66 8.10 10.07 11.73 11.19 10.83 10.71 8.03 7.23 6.86 6.13 5.33 4.53 6.72 5.62 7.26 6.80 6.78 8.84 8.62 6.20
2.12 1.24 0.51 0.00 1.02 1.31 1.61 1.68 1.46 0.00 0.00 0.00 0.00 0.00 0.00 0.00 0.00 0.00 0.00 0.00 0.00 0.00 0.00 0.00 0.00 0.00 0.00 0.00 0.00 0.00 0.00 1.97 0.00 2.12 0.00 0.00 0.00 0.00 0.00 0.00 0.00 0.00 0.00 0.00 0.00 0.00 0.80 0.95 1.53 1.68 2.26 2.77 4.96 6.79 7.01 6.94 6.06 4.96 4.28 4.42 6.28 4.38 4.17 5.93 4.33 8.42 10.51 9.64 9.68 8.99 6.53 7.45 6.86 8.69 6.24 10.37 6.50 6.50 8.00 8.16 8.96 10.66 9.65 8.91
1.46 1.02 0.66 0.88 1.24 1.46 1.83 2.41 1.53 0.00 0.00 0.51 0.00 0.00 0.00 0.00 0.00 0.00 0.00 0.00 0.00 0.00 0.00 0.00 0.00 0.00 0.00 0.00 0.00 0.00 0.00 0.00 0.00 0.00 0.00 0.00 0.00 0.00 0.00 0.00 0.00 0.00 0.00 0.00 0.00 0.07 0.44 1.02 1.39 2.19 2.26 2.56 5.40 7.23 9.49 10.22 12.26 11.75 10.66 7.41 12.54 7.41 4.33 3.59 8.15 10.00 5.69 7.74 7.74 8.56 8.08 9.02 10.64 12.75 5.87 5.01 9.64 10.67 8.96 10.06 10.58 10.69 11.85 11.95
1.75 2.12 1.31 1.39 1.53 0.95 1.31 0.00 0.00 0.00 1.31 0.88 0.00 0.00 0.00 0.00 0.00 0.00 0.00 0.00 0.00 0.00 0.00 0.00 0.00 0.00 0.00 0.00 0.00 0.00 0.00 0.00 0.00 0.00 0.00 0.00 0.00 0.00 0.00 0.00 0.00 0.00 0.00 0.00 0.00 0.22 1.02 1.75 1.68 3.14 3.50 5.11 8.32 10.29 10.15 11.53 14.67 15.04 16.13 18.76 10.29 5.71 4.06 1.92 5.94 7.86 5.36 3.14 3.14 1.40 5.57 3.25 10.01 12.84 12.45 15.41 13.21 13.41 10.52 10.39 13.45 13.56 16.22 15.46
2.99 2.56 1.83 1.24 1.02 0.00 0.00 0.00 0.00 0.00 1.24 0.00 0.00 0.00 0.00 1.53 1.46 1.46 1.46 0.00 0.00 0.00 0.00 0.00 0.00 0.00 0.00 0.00 0.00 0.00 0.00 0.00 0.00 0.00 0.00 0.00 0.00 0.00 0.00 0.00 0.00 0.00 0.00 0.00 0.00 0.37 0.80 2.48 2.12 4.96 6.64 7.37 9.16 10.08 13.30 15.86 18.06 16.79 19.05 19.86 16.43 8.22 3.61 3.07 1.02 4.36 3.55 1.68 1.69 0.62 1.02 5.84 3.47 8.12 15.30 15.11 16.54 14.90 11.79 9.78 12.22 13.27 13.97 18.75
2.92 2.41 2.48 2.34 1.31 1.46 1.24 0.00 0.00 0.00 0.00 0.00 0.00 0.00 0.00 0.00 0.44 0.00 0.00 0.00 0.00 0.00 0.00 0.00 0.00 0.00 0.00 0.00 0.73 0.73 0.00 0.00 0.00 0.00 0.00 0.00 0.00 0.00 0.00 0.00 0.00 0.00 0.00 0.00 0.37 1.10 0.66 2.56 3.50 5.84 8.91 9.64 10.07 9.94 12.58 15.05 16.78 20.00 15.12 15.48 16.80 13.28 6.94 1.79 1.75 1.00 2.70 2.27 2.27 0.37 0.00 1.87 0.91 7.67 11.30 12.47 17.95 15.48 12.58 10.63 10.27 13.39 15.30 10.37
3.43 3.14 2.85 2.85 2.19 2.12 2.19 1.90 1.90 1.31 1.53 0.00 0.00 0.00 0.00 0.00 0.00 0.00 0.00 0.00 0.00 0.00 0.00 0.00 0.00 0.00 0.00 2.04 1.97 0.00 0.00 0.58 0.00 0.00 1.97 0.00 0.00 0.00 0.00 0.00 0.00 0.00 2.56 2.56 3.14 2.92 3.50 5.04 4.09 7.01 10.80 12.78 12.70 13.13 12.14 14.03 13.63 14.06 12.11 11.71 11.36 7.53 5.72 1.93 0.74 0.00 0.68 0.00 0.00 0.00 0.00 0.00 1.72 2.42 8.98 13.06 10.45 11.03 11.65 9.29 7.45 11.44 16.92 9.61
3.29 3.80 4.02 0.66 1.97 2.41 2.34 3.36 2.48 1.90 3.07 0.44 1.68 0.00 0.00 0.00 0.00 0.00 0.00 0.00 0.00 0.00 0.00 0.00 0.00 0.00 0.00 2.12 1.97 2.26 0.00 1.90 0.00 0.00 1.97 0.00 1.31 0.00 0.00 0.00 1.39 4.09 4.38 4.38 4.74 5.48 4.82 6.57 8.18 11.83 15.43 15.79 15.98 16.04 13.40 10.34 10.95 10.15 8.93 8.41 8.22 5.69 5.73 3.87 0.74 0.16 0.00 0.08 0.07 0.00 0.00 0.57 1.08 7.26 7.70 8.91 5.50 2.66 6.11 5.36 6.43 10.20 11.26 9.22
4.31 2.41 2.41 3.50 4.82 5.40 5.55 5.18 4.53 4.02 0.00 3.72 2.04 0.66 1.31 0.73 1.17 1.68 1.68 3.07 1.68 1.24 0.00 2.41 2.12 2.34 2.56 1.97 1.97 3.07 2.26 2.34 2.70 4.53 3.43 3.36 4.67 0.00 1.83 0.95 0.66 1.97 2.56 2.56 4.96 6.64 7.15 6.28 9.64 12.26 14.30 17.54 16.32 13.17 10.21 7.30 5.60 8.15 9.41 9.61 9.46 7.72 5.65 3.91 3.80 2.42 0.38 0.15 0.15 0.00 0.00 0.00 0.59 4.79 4.27 6.13 3.40 0.91 1.17 1.43 3.60 6.29 5.36 8.31
3.65 5.48 4.89 5.62 6.86 6.06 5.84 5.11 0.00 0.00 0.00 0.00 1.83 1.61 1.46 2.12 2.04 2.56 2.56 2.48 1.68 1.83 1.53 1.61 2.19 1.17 1.46 1.31 2.26 2.77 2.92 2.41 3.29 5.04 5.55 4.89 5.33 5.40 1.97 0.29 0.00 0.88 2.77 2.77 5.48 4.96 4.16 4.45 7.83 9.73 11.21 11.70 10.87 9.40 10.95 5.75 4.78 6.39 8.94 11.82 9.73 9.15 5.43 4.29 2.41 1.39 0.66 0.70 0.68 0.00 0.00 0.00 2.46 3.42 2.10 1.97 2.58 1.12 0.30 0.00 1.68 1.15 5.51 4.94
5.11 5.91 6.28 6.50 5.04 6.94 4.96 5.69 4.45 0.00 0.00 0.00 1.61 2.26 2.12 2.85 2.12 2.63 2.63 2.34 1.61 2.26 2.41 2.41 1.61 0.44 0.44 0.73 2.85 1.97 2.19 2.12 2.92 3.94 6.06 5.40 4.02 4.23 1.39 0.00 0.00 0.00 1.46 1.46 2.77 2.77 2.56 3.98 6.00 7.94 10.89 11.35 11.09 11.25 11.24 8.36 4.87 6.08 7.90 9.62 7.06 9.98 9.20 5.18 1.97 1.64 1.34 0.73 0.82 0.00 0.00 0.00 0.00 1.10 3.14 2.65 0.51 0.00 0.00 0.00 0.51 0.56 2.02 2.55
4.09 6.35 5.91 3.21 4.31 4.31 6.06 5.65 3.50 3.36 0.00 1.46 0.00 0.00 0.00 2.34 2.41 2.77 2.77 2.34 1.75 2.56 2.19 2.41 1.61 0.66 0.07 0.37 1.61 1.10 2.77 1.39 3.29 2.04 4.96 3.94 2.56 3.07 0.58 0.00 0.00 0.00 0.00 0.00 1.24 1.46 1.90 3.82 5.26 7.62 9.25 10.84 12.04 11.29 7.97 8.12 4.73 3.70 3.73 5.66 5.32 7.34 7.92 6.50 3.07 6.49 2.17 1.33 1.29 1.58 0.00 0.00 0.00 0.61 1.38 1.27 0.22 0.08 0.77 0.00 0.10 1.82 2.01 2.39
0.00 1.97 0.00 0.00 0.00 4.38 6.64 6.06 5.62 5.18 3.07 2.99 0.00 0.00 2.41 0.88 1.10 1.68 1.68 1.46 1.17 2.26 1.46 1.75 1.83 0.00 0.58 0.66 0.29 1.39 0.22 1.39 0.66 2.63 2.12 1.31 1.39 0.00 0.44 0.00 0.00 0.00 0.00 0.00 0.00 0.22 0.00 3.72 5.18 7.52 8.60 10.78 10.93 10.65 7.06 5.22 5.09 3.28 3.85 5.02 4.77 8.03 7.22 8.59 7.70 3.84 3.69 2.14 2.16 2.65 1.62 0.00 0.27 0.33 1.12 0.62 0.67 0.07 0.00 0.00 0.74 0.84 1.98 2.68
0.00 0.00 0.00 0.00 0.00 4.67 5.84 7.30 6.64 6.13 5.11 4.02 2.77 2.26 1.10 0.00 1.39 2.19 2.19 1.39 0.37 1.02 0.58 0.44 0.00 0.00 0.07 0.44 0.00 0.00 0.00 0.00 0.00 1.10 0.37 0.29 0.07 0.00 0.00 0.00 0.00 0.00 0.00 0.00 0.00 0.00 1.03 1.02 3.26 5.27 8.25 10.05 8.09 5.22 3.87 1.75 2.22 2.81 5.26 3.39 5.25 5.38 5.16 8.43 7.26 6.96 6.46 1.96 2.30 2.70 0.18 1.23 0.36 0.00 0.41 0.75 0.57 0.73 0.00 0.00 1.30 1.23 3.49 3.29
0.00 0.00 0.00 0.00 0.00 0.00 3.29 5.62 7.23 6.20 3.50 3.72 1.10 2.85 0.00 2.41 2.26 2.04 2.04 0.00 0.00 0.00 0.00 0.00 0.00 0.00 0.00 0.00 0.00 0.00 0.00 0.07 0.00 0.00 0.00 0.00 0.00 0.00 0.00 0.00 0.00 0.00 0.00 0.00 0.00 0.00 0.00 0.30 2.27 5.81 7.26 7.43 5.13 3.88 2.72 0.00 0.00 3.05 4.00 0.00 4.56 6.38 6.79 8.29 9.70 8.46 5.20 4.84 5.42 2.73 0.18 0.94 0.00 0.00 0.00 0.47 0.00 0.44 0.79 0.00 0.17 2.79 4.16 1.64
0.00 0.00 0.00 0.00 0.00 0.00 0.00 3.21 5.18 6.64 3.14 5.26 2.04 2.63 5.48 5.41 4.65 3.29 3.29 3.21 0.00 1.10 0.00 0.00 0.00 0.00 0.00 0.00 0.00 0.00 0.00 0.00 0.00 0.00 0.00 0.00 0.00 0.00 0.00 0.00 0.00 0.00 0.00 0.00 0.00 0.00 0.00 0.15 2.68 5.76 6.18 6.39 4.74 2.75 0.00 0.00 0.00 0.00 0.00 0.00 6.26 6.41 7.52 8.98 5.14 6.78 8.23 3.52 3.59 3.51 3.55 0.51 0.62 0.00 0.00 0.00 0.86 0.00 0.00 0.00 0.00 1.38 1.34 0.00
0.00 0.00 0.00 0.00 0.00 0.00 0.00 0.00 4.67 3.58 1.68 4.89 3.43 5.55 5.77 5.65 6.79 4.44 4.14 3.36 1.31 2.41 1.53 0.00 0.07 0.00 0.73 0.00 0.00 0.00 0.00 0.00 0.00 0.00 0.00 0.15 0.37 0.00 0.00 0.00 0.22 0.95 0.88 0.88 1.39 0.66 0.00 0.00 1.45 7.01 8.70 9.34 2.94 0.00 0.00 0.00 0.00 0.00 0.00 0.00 4.69 0.00 5.02 4.08 7.12 4.26 5.64 4.84 5.92 7.40 5.78 2.36 2.07 0.00 0.00 1.01 1.04 0.00 0.09 0.00 0.00 0.00 0.00 0.00
0.00 0.00 0.00 0.00 0.00 0.00 0.00 0.00 0.00 0.00 0.00 0.00 1.90 0.00 0.00 0.00 2.99 2.14 2.17 4.89 5.84 4.31 5.04 4.60 3.50 4.45 3.80 4.09 2.56 2.99 0.00 4.45 2.70 2.48 3.72 4.02 5.33 6.35 6.79 6.31 5.19 4.87 4.74 4.74 4.82 2.56 2.26 2.79 2.01 0.00 0.00 0.00 0.00 0.00 0.00 0.00 0.00 0.00 0.00 0.00 0.00 0.00 2.87 0.00 0.00 5.17 2.30 3.89 4.35 8.90 8.34 5.30 3.54 0.00 0.00 0.00 0.73 0.00 0.00 0.00 0.00 0.00 0.00 0.00
0.00 0.00 0.00 0.00 0.00 0.00 0.00 0.00 0.00 0.00 0.00 0.00 0.00 0.00 0.00 0.00 0.00 0.00 0.00 0.00 3.95 5.60 4.38 5.26 5.18 3.73 5.69 5.26 3.87 5.11 4.96 5.11 4.53 4.67 4.60 5.84 6.57 7.08 5.62 6.64 6.04 6.49 4.45 4.98 4.82 4.02 2.99 2.10 0.00 0.00 0.00 0.00 0.00 0.00 0.00 0.00 0.00 0.00 0.00 0.00 0.00 0.00 0.00 0.00 0.00 0.00 0.00 0.00 0.00 0.00 0.00 0.00 2.42 0.00 0.00 0.00 0.00 0.00 0.00 0.00 0.00 0.00 0.00 0.00
0.00 0.00 0.00 0.00 0.00 0.00 0.00 0.00 0.00 0.00 0.00 0.00 0.00 0.00 0.00 0.00 0.00 0.00 0.00 0.00 0.00 0.00 5.26 2.99 4.45 2.35 4.10 3.72 6.28 4.23 4.89 3.94 7.26 7.45 3.80 4.24 3.58 4.09 3.21 4.89 3.17 2.26 0.00 0.00 0.00 3.15 2.95 0.00 3.58 0.00 0.00 0.00 0.00 0.00 0.00 0.00 0.00 0.00 0.00 0.00 0.00 0.00 0.00 0.00 0.00 0.00 0.00 0.00 0.00 0.00 0.00 0.00 0.00 0.00 0.00 0.00 0.00 0.00 0.00 0.00 0.00 0.00 0.00 0.00
0.00 0.00 0.00 0.00 0.00 0.00 0.00 0.00 0.00 0.00 0.00 0.00 0.00 0.00 0.00 0.00 0.00 0.00 0.00 0.00 0.00 0.00 0.00 0.00 3.21 0.00 0.00 2.63 2.48 3.43 0.00 6.62 4.99 0.00 0.00 0.00 0.00 0.00 4.31 2.26 0.00 0.00 0.00 0.00 0.00 0.00 0.00 0.00 0.00 0.00 0.00 0.00 0.00 0.00 0.00 0.00 0.00 0.00 0.00 0.00 0.00 0.00 0.00 0.00 0.00 0.00 0.00 0.00 0.00 0.00 0.00 0.00 0.00 0.00 0.00 0.00 0.00 0.00 0.00 0.00 0.00 0.00 0.00 0.00
