Wansh/Snow_depth/snowdepth-1993/winter/1994040.txt
ncols 321
nrows 161
xllcenter 60
yllcenter 15 
cellsize  0.25 
NODATA_value -1
[rows 74 to 110 of 161, columns 84 to 167 of 321]
0.00 0.00 0.00 0.22 0.80 0.73 1.24 0.07 0.58 0.00 0.22 0.00 1.17 1.83 0.00 0.00 0.00 0.00 0.00 0.00 2.63 0.00 0.00 1.83 2.85 2.77 2.26 0.00 0.00 0.00 0.00 0.00 0.00 0.00 0.00 0.58 1.31 0.00 0.00 0.00 0.00 1.10 0.07 0.07 0.00 0.00 0.00 0.22 0.00 0.00 0.00 2.19 0.00 0.00 1.94 0.80 0.80 1.31 1.17 0.37 0.29 0.80 0.00 0.00 1.61 0.73 0.29 0.29 0.29 0.37 1.47 1.46 0.00 0.00 0.00 0.00 0.00 0.00 0.00 0.00 0.00 0.73 0.37 0.07
0.00 0.00 0.00 0.80 1.10 2.19 0.80 0.88 1.97 0.66 0.00 0.00 0.00 0.00 0.00 0.00 2.41 2.04 2.04 2.04 1.68 0.00 0.00 1.46 2.70 0.00 0.00 0.00 0.00 0.00 0.00 0.00 0.00 0.00 0.00 0.00 0.00 0.00 0.00 0.00 1.61 0.66 0.73 0.73 0.07 0.00 0.22 0.00 0.00 0.00 0.00 0.66 1.10 0.44 1.53 1.53 0.80 1.02 1.31 1.10 0.80 0.88 0.88 1.68 0.37 0.29 0.00 0.80 0.80 1.32 1.97 0.88 0.00 0.00 0.00 0.00 0.00 0.00 0.00 0.00 0.00 0.00 0.44 0.00
0.80 0.37 0.00 1.24 2.19 2.34 2.34 0.00 0.00 0.00 0.00 0.00 0.00 0.00 0.00 0.00 3.21 2.85 2.85 1.83 0.00 0.00 0.00 0.00 0.00 0.00 0.00 0.00 0.00 0.00 0.00 0.00 0.00 0.00 0.00 0.00 0.00 0.00 0.00 0.00 0.00 1.46 1.17 1.17 1.17 0.73 0.66 0.00 0.00 0.00 0.00 1.17 1.17 0.44 0.51 0.00 0.66 0.95 0.66 0.58 1.02 0.80 0.00 0.88 0.15 0.00 0.15 0.00 0.00 0.95 1.53 2.12 1.61 0.00 0.00 0.00 0.00 0.00 0.00 0.00 0.00 0.00 0.07 0.45
1.90 1.10 0.80 1.68 1.90 1.97 1.90 0.00 3.29 2.56 0.00 3.14 0.00 3.58 0.00 2.77 3.21 2.77 2.77 0.00 0.00 0.00 0.00 0.00 0.00 0.00 0.00 0.00 0.00 0.00 0.00 0.00 0.00 0.00 0.00 0.00 0.00 0.00 0.00 0.00 0.00 0.00 0.00 0.00 0.00 0.95 0.29 1.46 0.00 0.00 0.00 2.04 1.39 1.53 0.66 0.15 0.00 0.00 0.29 0.66 1.10 0.66 1.24 0.44 0.44 0.00 0.00 0.15 0.15 0.29 0.58 0.95 1.24 0.66 1.39 0.22 0.00 0.22 0.00 0.00 0.00 0.51 0.81 0.74
2.85 2.41 2.04 2.19 1.97 1.83 0.00 2.34 0.00 2.70 0.00 0.00 0.00 0.00 3.50 3.50 2.70 2.92 2.92 0.00 0.00 0.00 0.00 0.00 0.00 0.00 0.00 0.00 0.00 0.00 0.00 0.00 0.00 0.00 0.00 0.00 0.00 0.00 0.00 0.00 0.00 0.00 0.00 0.00 0.00 0.00 0.00 0.00 0.00 0.00 0.00 0.00 0.00 2.04 1.83 2.19 1.39 0.58 1.53 1.68 1.10 2.12 1.90 1.31 0.00 0.00 0.00 0.44 0.44 0.22 0.22 1.10 0.15 1.46 0.95 0.95 1.46 1.50 1.61 0.44 0.00 1.10 1.91 0.96
1.97 0.00 2.04 0.00 0.00 0.00 0.00 0.00 0.00 0.00 0.00 0.00 0.00 0.00 3.21 3.14 2.85 0.00 0.00 1.68 0.00 0.00 0.00 0.00 0.00 0.00 0.00 0.00 0.00 0.00 0.00 0.00 0.00 0.00 0.00 0.00 0.00 0.00 0.00 0.00 0.00 0.00 0.00 0.00 0.00 0.00 0.00 0.00 0.00 0.00 0.00 0.00 0.00 0.00 0.00 0.00 1.17 0.88 2.26 2.19 2.63 1.83 1.10 0.58 0.00 0.00 0.00 0.95 0.95 0.95 1.39 0.00 0.66 0.37 0.37 1.02 0.59 0.58 0.73 0.95 1.10 1.17 2.04 0.37
1.31 0.00 0.00 0.00 0.00 2.70 2.77 0.00 0.00 0.00 0.00 2.48 0.00 2.85 2.77 2.41 0.00 2.04 2.04 1.61 1.53 0.00 0.00 0.00 0.00 0.00 0.00 0.00 0.00 0.00 0.00 0.00 0.00 0.00 0.00 0.00 0.00 0.00 0.00 0.00 0.00 0.00 0.00 0.00 0.00 0.00 0.00 0.00 0.29 0.00 0.00 0.00 0.00 1.17 0.58 0.66 0.88 1.17 2.19 2.19 2.12 2.04 2.48 1.24 0.00 0.00 0.00 0.00 0.00 0.95 0.00 0.58 1.68 3.29 1.97 3.30 1.80 1.38 1.02 1.02 0.88 1.31 1.24 0.73
0.00 0.00 0.00 0.00 0.00 2.34 0.00 1.97 0.00 2.56 2.41 2.34 2.70 2.63 2.48 2.92 1.97 2.26 2.26 1.75 1.10 0.00 0.00 0.00 0.00 0.15 0.00 0.00 0.00 0.00 1.90 0.00 0.00 0.00 0.00 0.00 0.00 0.00 0.00 0.00 0.07 0.00 0.00 0.00 0.00 0.00 0.00 0.00 0.00 0.00 0.00 0.00 0.00 1.53 1.46 0.58 0.44 0.95 1.39 2.26 1.68 1.68 1.53 0.00 0.00 0.00 0.00 0.00 0.00 0.73 0.00 0.80 2.77 3.58 4.67 1.54 3.91 1.38 1.21 2.02 1.17 0.66 0.58 0.66
3.36 2.99 3.07 2.92 0.00 2.63 2.56 2.26 1.83 2.12 1.90 2.41 2.26 2.99 3.58 3.58 2.63 2.56 2.56 2.12 1.02 0.15 0.00 0.00 0.66 0.00 0.00 0.00 0.37 0.95 1.24 0.00 0.00 0.00 0.00 0.00 0.00 0.00 0.00 0.00 0.00 0.00 0.00 0.00 0.00 0.00 0.00 0.00 0.00 0.00 0.44 0.00 0.00 0.29 0.58 1.02 1.10 0.66 1.02 1.90 2.26 1.17 1.31 1.53 0.44 0.15 0.66 0.44 0.44 1.31 1.17 0.88 1.10 3.21 5.62 4.89 7.08 0.00 0.00 1.39 1.46 1.10 0.00 0.58
4.23 2.56 2.56 2.63 3.29 2.04 2.77 2.34 2.48 1.68 1.46 2.26 2.34 2.77 3.07 3.80 3.14 1.61 1.61 0.22 0.44 0.22 0.15 0.37 0.00 0.15 0.00 0.44 0.00 0.00 0.22 0.22 0.00 0.00 0.00 0.00 0.00 0.00 0.00 0.00 0.07 0.00 0.00 0.00 0.00 0.00 0.00 0.00 0.00 0.51 1.17 0.80 0.73 1.10 1.24 1.10 1.17 0.80 0.00 1.10 2.12 1.83 1.53 1.83 1.68 1.90 0.95 2.26 2.26 2.26 0.00 1.31 1.75 1.17 4.96 5.40 5.11 6.35 0.00 1.53 1.68 1.61 0.00 1.68
3.07 1.61 2.63 2.26 2.19 2.04 1.61 2.34 1.53 1.97 2.12 2.34 1.61 1.97 2.41 3.21 3.36 1.46 1.46 1.46 1.90 1.10 1.02 0.22 0.73 1.10 0.66 0.29 0.44 0.00 0.00 0.00 0.00 0.00 0.00 0.00 0.00 0.00 0.00 0.00 0.00 0.00 0.00 0.00 0.00 0.00 0.00 0.00 0.00 0.00 1.39 0.07 0.15 1.24 1.61 1.24 0.80 0.95 1.39 0.07 1.39 1.31 1.75 3.07 2.41 2.56 1.53 2.04 2.04 2.34 1.75 1.17 1.24 5.11 3.65 4.31 5.33 4.67 4.96 1.83 3.14 2.41 2.19 2.56
2.77 1.68 2.12 2.41 2.41 1.97 1.68 2.26 2.19 2.63 2.12 1.83 1.46 2.04 1.46 2.34 2.85 2.56 2.56 2.04 2.34 2.41 2.19 1.02 0.00 1.39 1.24 1.24 0.95 1.17 0.37 0.58 0.44 0.00 0.00 0.00 0.00 0.00 0.00 0.00 0.00 0.00 0.00 0.00 0.07 0.00 0.00 0.00 0.00 1.46 1.31 2.04 0.95 1.02 1.39 1.75 1.24 1.97 0.44 0.88 0.44 1.49 1.88 2.63 3.14 2.41 2.85 2.34 2.34 0.37 0.37 0.29 0.73 0.95 2.77 3.65 4.67 5.18 4.67 4.23 4.82 4.38 3.14 3.50
1.83 1.90 1.83 2.26 2.12 1.83 1.68 1.68 1.75 0.00 0.00 0.00 0.00 1.75 1.46 1.39 1.61 1.97 1.97 2.41 2.92 3.65 2.41 2.77 0.00 1.68 1.39 0.37 0.95 0.95 1.24 0.00 0.00 0.00 0.00 0.00 0.00 0.00 0.00 1.61 1.68 2.04 0.07 0.07 0.00 0.15 1.68 1.97 1.75 1.61 1.39 0.95 0.07 0.58 1.31 3.72 3.43 4.09 4.45 3.29 1.39 1.75 1.71 2.56 2.12 2.99 3.36 2.92 2.92 0.95 1.53 5.11 2.19 1.46 3.21 3.21 4.67 4.23 4.82 4.89 6.79 7.66 4.60 1.90
1.68 1.61 1.17 1.83 1.02 1.39 0.80 0.00 0.00 0.00 0.00 0.00 0.00 0.00 1.46 1.46 1.46 0.00 0.00 2.34 2.34 3.43 2.99 0.00 0.00 1.10 0.00 0.00 0.00 0.00 0.00 0.00 0.00 0.00 0.00 0.00 0.00 0.00 0.00 1.75 1.02 1.17 1.17 1.17 1.10 0.29 0.80 1.24 1.39 2.19 1.83 1.75 1.17 1.10 1.24 1.97 2.34 3.80 3.36 3.94 2.56 2.99 2.26 2.56 3.26 2.70 3.36 1.39 1.39 2.77 1.31 5.11 4.31 6.72 5.48 5.33 4.60 5.33 5.18 5.40 6.64 7.88 4.53 3.65
1.61 1.61 0.95 0.66 0.66 0.00 0.00 0.00 0.58 1.39 1.46 0.00 1.97 1.90 1.61 0.80 1.61 0.00 0.00 0.00 1.83 2.41 2.41 0.00 0.00 0.00 0.00 0.00 0.00 0.00 0.00 0.00 0.00 0.00 0.00 0.00 0.00 0.00 1.83 0.88 0.88 0.73 2.85 2.85 1.75 3.29 3.07 2.63 2.56 2.56 2.56 2.34 1.46 1.46 1.97 1.90 1.53 2.70 2.70 4.02 3.80 3.36 3.36 3.29 3.17 5.48 4.60 5.11 5.11 2.26 2.41 1.75 6.28 6.06 6.72 6.06 5.33 6.57 6.86 7.01 6.86 6.86 6.35 4.38
1.61 1.68 0.66 1.02 1.10 0.00 0.00 0.22 0.80 0.58 0.37 1.83 1.53 0.51 0.00 0.58 1.02 1.61 1.61 1.53 1.97 1.97 1.83 0.00 0.00 0.00 0.00 0.00 0.00 0.00 0.00 0.00 0.00 0.00 0.00 0.00 0.00 0.00 1.02 0.00 1.97 1.68 1.97 1.97 2.41 3.58 3.43 3.07 3.14 3.58 3.43 3.65 3.14 2.41 2.85 2.04 2.48 2.12 2.96 2.43 2.34 2.85 3.58 4.74 5.63 7.38 6.61 7.88 7.88 4.38 5.26 2.85 4.53 5.77 6.13 6.57 5.91 6.94 6.86 6.19 7.48 6.77 6.97 6.68
1.90 0.95 0.80 0.37 0.58 0.58 0.44 0.80 0.73 0.58 0.00 0.66 0.00 0.00 0.00 0.00 0.29 1.61 1.61 2.26 1.90 0.00 0.00 0.00 0.00 0.00 0.00 0.00 0.00 0.00 0.00 0.00 0.00 0.00 0.00 0.00 0.00 0.00 1.97 0.00 0.00 1.02 1.68 1.68 0.22 1.53 2.70 3.14 2.41 3.43 3.65 3.50 4.53 3.50 5.11 4.31 3.07 3.58 2.63 3.29 2.94 2.77 4.13 4.23 6.28 6.50 7.58 9.92 9.61 6.60 3.87 4.09 5.48 7.96 7.01 8.10 6.72 5.62 7.26 6.80 6.78 8.84 8.62 6.20
0.88 0.95 0.80 0.29 0.44 1.46 1.24 0.73 0.37 0.73 0.00 0.00 0.00 0.00 0.00 0.00 0.07 0.66 0.66 1.02 0.00 0.00 0.00 0.00 0.00 0.00 0.00 0.00 0.00 0.00 0.00 0.00 0.00 0.00 0.00 0.00 0.00 0.00 0.00 0.00 0.00 0.00 0.00 0.00 0.00 2.26 2.12 1.68 2.85 2.77 2.34 2.70 5.04 5.84 5.69 4.82 9.13 7.15 4.20 3.10 4.16 2.77 3.80 3.12 5.63 6.48 9.64 8.25 8.29 8.00 6.90 7.96 11.75 10.22 9.83 10.37 6.50 6.50 8.00 8.16 8.96 10.66 9.65 8.91
1.24 0.80 0.37 0.29 0.00 0.66 1.10 0.73 0.00 0.00 0.22 0.00 0.00 0.00 0.00 0.00 0.29 0.29 0.29 1.02 0.95 0.00 0.00 0.00 0.00 0.00 0.00 0.00 0.00 0.00 0.00 0.00 0.00 0.00 0.00 0.00 0.00 0.00 0.00 0.00 0.00 0.00 0.00 0.00 0.66 1.39 1.61 1.10 2.12 2.34 2.56 3.36 5.69 6.72 7.01 8.32 12.34 11.61 9.13 9.88 4.13 3.29 2.94 3.44 5.01 5.16 6.51 7.88 7.88 6.12 8.00 7.95 15.19 13.12 12.91 13.79 9.64 10.67 8.96 10.06 10.58 10.69 11.85 11.95
1.83 0.88 0.73 0.22 0.00 0.44 0.58 0.29 0.00 0.44 0.51 0.00 0.00 0.00 0.15 0.37 0.00 0.15 0.15 0.15 0.07 0.00 0.00 0.00 0.00 0.00 0.00 0.00 0.00 0.00 0.00 0.00 0.00 0.00 0.00 0.00 0.00 0.00 0.00 0.00 0.00 0.00 0.00 0.00 0.00 1.31 1.31 1.24 1.83 3.36 3.21 3.29 6.28 7.15 8.54 9.56 16.10 15.26 18.91 14.38 10.88 9.92 4.58 3.15 3.79 7.64 6.38 2.41 2.41 1.92 3.31 11.57 12.15 15.33 16.45 15.41 13.21 13.41 10.52 10.39 13.45 13.56 16.22 15.46
2.70 1.31 0.58 0.73 0.73 0.29 0.00 0.44 0.07 0.00 0.00 0.00 0.00 0.00 0.00 0.00 0.00 0.00 0.00 0.00 0.66 0.00 0.00 0.00 0.00 0.00 0.00 0.00 0.00 0.00 0.00 0.00 0.00 0.00 0.00 0.00 0.00 0.00 0.00 0.00 0.00 0.00 0.00 0.00 0.22 0.37 1.46 1.97 1.90 3.65 4.82 8.40 8.27 8.43 8.33 13.56 15.35 18.18 18.18 19.35 16.94 6.38 7.15 2.66 2.28 2.50 6.03 1.90 1.91 1.94 5.02 8.92 7.74 14.03 15.30 15.11 16.54 14.90 11.79 9.78 12.22 13.27 13.97 18.75
1.68 1.90 1.75 1.24 0.07 0.58 0.66 1.53 0.22 0.00 0.37 0.00 0.00 0.00 0.00 0.00 0.00 0.00 0.00 0.00 0.00 0.00 0.00 0.00 0.00 0.00 0.00 0.80 0.00 0.00 0.00 0.00 0.00 0.00 0.00 0.00 0.00 0.00 0.00 0.00 0.00 0.22 0.80 0.80 1.17 1.10 2.26 2.70 4.89 4.16 11.17 11.10 10.22 8.71 11.05 12.19 15.41 17.83 17.05 13.27 16.95 7.92 9.08 3.26 2.46 3.71 2.40 2.35 2.35 2.21 1.85 3.57 3.07 13.05 10.12 12.47 17.95 15.48 12.58 10.63 10.27 13.39 15.30 10.37
2.70 0.88 0.58 0.88 1.53 0.95 2.19 0.37 1.10 1.24 1.31 0.00 0.00 0.00 0.00 0.00 0.00 0.00 0.00 0.00 0.00 0.00 0.00 0.00 0.00 0.00 0.00 0.66 0.15 0.00 0.00 0.00 0.00 0.00 0.00 0.00 0.00 0.00 0.00 0.00 0.00 0.07 2.63 2.63 2.56 2.63 2.85 2.92 5.18 8.54 12.99 15.26 13.87 12.25 11.02 13.30 11.53 10.40 16.85 9.31 10.73 8.36 7.75 0.46 0.33 0.00 0.99 0.89 0.88 0.30 0.00 2.43 5.08 8.87 8.98 13.06 10.45 11.03 11.65 9.29 7.45 11.44 16.92 9.61
2.12 0.00 0.00 0.00 1.10 0.29 2.19 1.31 1.83 2.26 2.04 0.00 0.00 0.37 0.00 0.00 0.00 0.00 0.00 0.00 0.00 0.00 0.00 0.00 0.66 0.44 0.80 0.95 0.07 0.00 0.07 0.22 0.00 0.58 0.00 0.00 0.00 0.00 0.00 0.00 0.44 2.70 4.82 4.82 5.11 4.74 3.29 3.50 5.18 8.98 12.87 16.38 17.35 16.85 12.95 9.76 10.22 10.07 9.01 8.56 5.65 5.92 5.27 5.18 2.89 0.40 0.67 1.13 1.10 0.00 0.00 3.44 4.09 7.26 7.70 8.91 5.50 2.66 6.11 5.36 6.43 10.20 11.26 9.22
3.80 0.00 2.19 2.34 3.65 3.43 3.80 2.70 1.83 1.10 2.34 1.53 1.75 1.46 1.10 0.15 0.51 0.58 0.58 0.29 0.00 0.00 0.73 0.00 0.29 0.00 0.66 1.02 0.73 0.73 1.46 0.88 1.97 3.14 1.17 2.34 0.44 2.34 2.70 0.29 2.63 0.58 4.96 4.96 8.03 7.52 6.35 7.81 6.86 10.29 14.00 18.46 17.09 13.00 10.21 9.07 8.47 11.78 9.93 11.59 7.26 7.49 5.57 4.67 2.63 2.20 1.84 1.35 1.33 0.00 0.07 0.68 0.00 4.79 4.27 6.13 3.40 0.91 1.17 1.43 3.60 6.29 5.36 8.31
2.92 2.77 3.94 3.94 4.38 4.09 0.00 2.48 0.80 0.51 1.68 1.46 1.75 1.61 1.68 1.83 0.07 0.44 0.44 0.44 0.22 0.22 0.66 0.00 0.00 0.00 0.00 0.15 1.17 1.39 1.39 1.24 2.04 3.58 4.31 2.56 3.65 3.36 0.44 0.00 0.00 0.15 2.34 2.34 5.99 7.08 6.35 6.35 4.97 6.39 10.84 12.77 12.89 13.68 10.15 9.23 9.11 9.15 6.06 9.28 11.65 5.52 4.20 3.09 0.95 1.83 2.20 0.23 0.23 0.00 0.00 0.00 2.46 3.42 2.10 1.97 2.58 1.12 0.30 0.00 1.68 1.15 5.51 4.94
1.83 3.65 2.19 4.53 3.50 3.29 3.72 2.70 1.02 1.31 0.58 1.02 1.68 2.04 2.41 1.75 1.46 1.46 1.46 0.44 0.29 1.02 0.51 0.15 0.00 0.07 0.37 1.10 0.95 1.17 1.31 1.17 0.88 2.41 4.89 3.87 1.90 1.68 0.00 0.00 0.00 0.00 0.80 0.80 2.77 4.89 4.23 4.13 6.73 6.02 10.30 13.11 12.98 14.44 14.52 12.68 7.35 4.96 7.35 5.41 8.79 8.79 8.25 8.98 5.84 1.49 0.37 0.15 0.16 0.00 0.00 0.00 0.45 1.10 3.14 2.65 0.51 0.00 0.00 0.00 0.51 0.56 2.02 2.55
0.00 2.99 1.39 2.04 1.46 2.34 4.53 2.93 2.56 2.34 0.22 0.00 0.37 0.44 1.39 1.39 0.80 0.88 0.88 0.29 0.22 0.73 0.58 0.66 0.00 0.00 0.00 0.00 0.00 0.58 0.66 1.31 1.39 3.87 1.97 3.80 2.19 0.00 0.73 0.00 0.00 0.00 0.00 0.00 0.80 1.31 3.50 3.52 5.26 8.41 10.54 12.76 14.11 13.72 12.00 8.39 4.56 2.98 3.57 6.81 6.18 7.34 11.15 8.98 4.89 6.80 1.44 0.31 0.30 0.00 0.24 0.00 0.00 0.61 1.38 1.27 0.22 0.08 0.77 0.00 0.10 1.82 2.01 2.39
0.00 0.00 0.00 1.39 0.00 0.00 3.50 3.87 3.87 3.72 1.10 1.31 0.66 0.00 0.00 0.07 0.51 0.15 0.15 0.00 0.22 0.00 0.00 0.00 0.15 0.00 0.00 0.00 0.00 0.00 0.73 0.00 0.07 0.07 0.00 0.66 0.37 0.00 0.00 0.00 0.00 0.00 0.73 0.73 0.95 1.68 2.19 2.48 3.14 6.79 9.34 10.24 10.23 11.51 6.59 5.61 4.51 4.87 7.24 6.39 5.67 6.72 11.18 11.48 9.61 6.70 4.27 1.65 1.66 0.68 0.00 0.00 0.27 0.33 1.12 0.62 0.67 0.07 0.00 0.00 0.74 0.84 1.98 2.68
0.00 0.00 0.00 0.00 0.00 2.12 4.53 4.09 4.16 4.89 2.41 2.56 2.19 0.73 0.00 0.00 0.80 0.73 0.73 0.00 0.00 0.00 0.00 0.00 0.00 0.00 0.00 0.00 0.00 0.00 0.00 0.00 0.00 0.00 0.00 0.00 0.00 0.00 0.00 0.00 0.00 0.00 0.00 0.00 0.00 0.51 1.47 0.66 1.48 2.86 6.62 9.53 11.24 8.32 4.36 5.68 3.15 5.33 4.96 5.21 6.77 6.02 11.78 9.86 11.83 10.27 6.46 2.59 3.03 1.35 0.27 1.23 0.36 0.00 0.41 0.75 0.57 0.73 0.00 0.00 1.30 1.23 3.49 3.29
0.00 0.00 0.00 0.00 0.00 0.00 3.14 3.72 4.09 3.21 2.77 2.48 3.07 1.10 1.83 2.56 2.12 0.73 0.73 0.00 0.00 0.00 0.00 0.00 0.00 0.00 0.00 0.00 0.00 0.00 0.00 0.00 0.00 0.00 0.00 0.00 0.00 0.00 0.00 0.00 0.00 0.00 0.00 0.00 0.00 0.00 0.44 1.37 3.27 5.57 5.98 6.72 8.29 9.10 5.23 4.61 0.00 3.92 0.00 4.73 6.89 12.06 10.74 14.79 11.42 11.36 5.47 1.89 2.11 1.32 1.66 1.22 0.00 0.00 0.00 0.47 0.00 0.44 0.79 0.00 0.17 2.79 4.16 1.64
0.00 0.00 0.00 0.00 0.00 0.00 0.00 2.26 2.48 3.87 3.65 3.50 4.74 3.36 3.50 3.71 3.83 2.56 2.56 0.37 0.51 0.58 0.00 0.00 0.00 0.00 0.00 0.00 0.00 0.00 0.00 0.00 0.00 0.00 0.00 0.00 0.00 0.00 0.00 0.00 0.00 0.00 0.00 0.00 0.00 0.00 0.15 0.37 3.75 6.08 7.54 7.22 7.12 0.00 0.00 0.00 0.00 0.00 0.00 0.00 7.95 7.72 9.53 11.34 15.01 13.19 6.89 4.28 4.37 4.07 3.55 0.51 0.62 0.00 0.00 0.00 0.86 0.00 0.00 0.00 0.00 1.38 1.34 0.00
0.00 0.00 0.00 0.00 0.00 0.00 0.00 0.00 0.00 2.70 2.19 2.56 3.87 3.36 3.87 3.89 4.23 3.95 3.69 2.77 1.46 1.83 0.95 0.00 0.00 0.00 0.00 0.00 0.00 0.00 0.00 0.00 0.00 0.00 0.00 0.00 0.00 0.00 0.00 1.46 1.90 1.10 0.80 0.80 0.29 0.58 0.00 0.08 2.90 7.78 7.00 7.84 8.71 0.00 0.00 0.00 0.00 0.00 0.00 0.00 0.00 10.74 8.12 5.74 6.88 5.44 4.79 4.76 5.82 5.68 5.78 2.36 2.07 0.00 0.00 1.01 1.04 0.00 0.09 0.00 0.00 0.00 0.00 0.00
0.00 0.00 0.00 0.00 0.00 0.00 0.00 0.00 0.00 0.00 0.00 0.00 0.00 0.00 0.00 0.00 0.00 0.00 0.00 2.70 3.21 4.02 3.14 2.56 2.19 2.77 3.21 2.41 0.00 2.63 1.53 3.43 1.10 1.68 2.92 4.09 5.62 3.94 4.60 5.28 6.32 4.50 3.29 3.29 2.85 0.95 2.77 4.04 4.70 0.00 0.00 0.00 0.00 0.00 0.00 0.00 0.00 0.00 0.00 0.00 0.00 0.00 0.00 0.00 0.00 5.26 0.00 5.43 6.07 8.90 8.34 5.30 3.54 0.00 0.00 0.00 0.73 0.00 0.00 0.00 0.00 0.00 0.00 0.00
0.00 0.00 0.00 0.00 0.00 0.00 0.00 0.00 0.00 0.00 0.00 0.00 0.00 0.00 0.00 0.00 0.00 0.00 0.00 0.00 0.00 2.87 3.36 3.87 4.02 3.18 2.77 3.65 3.65 3.65 4.31 3.94 4.09 4.02 2.56 5.48 6.20 5.40 6.13 5.62 6.96 6.75 3.94 4.40 4.02 2.63 2.92 4.27 4.72 0.00 0.00 0.00 0.00 0.00 0.00 0.00 0.00 0.00 0.00 0.00 0.00 0.00 0.00 0.00 0.00 0.00 0.00 0.00 0.00 0.00 0.00 0.00 2.42 0.00 0.00 0.00 0.00 0.00 0.00 0.00 0.00 0.00 0.00 0.00
0.00 0.00 0.00 0.00 0.00 0.00 0.00 0.00 0.00 0.00 0.00 0.00 0.00 0.00 0.00 0.00 0.00 0.00 0.00 0.00 0.00 0.00 0.00 4.67 4.60 0.00 0.00 5.40 3.14 3.50 3.07 5.04 4.37 5.55 0.00 3.63 3.80 6.28 5.33 4.09 3.02 4.23 3.93 4.99 2.85 2.46 3.43 5.77 6.01 0.00 0.00 0.00 0.00 0.00 0.00 0.00 0.00 0.00 0.00 0.00 0.00 0.00 0.00 0.00 0.00 0.00 0.00 0.00 0.00 0.00 0.00 0.00 0.00 0.00 0.00 0.00 0.00 0.00 0.00 0.00 0.00 0.00 0.00 0.00
0.00 0.00 0.00 0.00 0.00 0.00 0.00 0.00 0.00 0.00 0.00 0.00 0.00 0.00 0.00 0.00 0.00 0.00 0.00 0.00 0.00 0.00 0.00 0.00 0.00 0.00 0.00 0.00 0.00 4.38 0.00 3.99 6.19 0.00 0.00 0.00 0.00 3.72 2.04 0.00 0.00 0.00 0.00 0.00 4.71 0.00 0.00 0.00 0.00 0.00 0.00 0.00 0.00 0.00 0.00 0.00 0.00 0.00 0.00 0.00 0.00 0.00 0.00 0.00 0.00 0.00 0.00 0.00 0.00 0.00 0.00 0.00 0.00 0.00 0.00 0.00 0.00 0.00 0.00 0.00 0.00 0.00 0.00 0.00
