Wansh/Snow_depth/snowdepth-1993/winter/1994019.txt
ncols 321
nrows 161
xllcenter 60
yllcenter 15 
cellsize  0.25 
NODATA_value -1
[rows 0 to 36 of 161, columns 0 to 83 of 321]
10.29 10.29 13.43 17.37 17.81 17.81 17.59 20.44 20.95 22.41 21.90 26.21 26.21 26.06 26.06 26.06 27.23 25.62 25.26 25.55 25.62 25.55 27.67 27.01 27.16 27.52 27.52 26.43 26.13 26.43 27.23 27.52 27.08 28.11 28.25 28.18 27.16 27.01 27.01 27.96 28.03 27.96 27.30 24.97 25.26 23.43 20.37 20.29 17.81 19.78 19.78 19.78 18.83 18.98 18.69 18.83 18.83 17.37 17.52 17.96 17.23 17.16 16.21 15.26 15.18 16.28 16.57 14.31 12.34 12.85 11.02 12.63 12.63 14.75 14.45 16.94 16.94 19.42 19.78 20.88 21.83 20.66 21.75 21.17
18.76 18.76 17.96 20.08 20.44 21.53 21.24 20.81 21.83 23.07 24.82 24.31 25.19 25.92 25.26 25.92 24.60 24.38 24.24 22.34 25.04 24.31 27.01 26.35 24.82 26.06 26.06 25.70 26.72 26.65 26.50 27.16 26.86 27.38 25.04 26.72 26.43 26.94 27.74 27.74 27.59 24.16 24.16 22.85 18.47 18.76 15.55 16.43 16.35 17.59 18.25 18.25 18.54 16.35 16.57 15.48 15.84 15.99 15.40 14.67 14.75 15.18 15.99 15.11 14.60 14.89 13.14 12.70 12.92 12.12 9.34 11.53 14.24 13.80 16.64 19.93 19.93 19.27 21.24 21.17 21.97 22.78 22.78 22.85
19.86 19.86 19.42 20.73 20.81 21.24 21.75 23.00 22.63 23.14 24.82 24.82 24.02 24.82 23.29 23.00 21.90 21.53 21.39 21.39 22.63 21.17 22.19 22.12 23.58 24.82 24.82 24.31 23.94 26.06 26.35 26.72 24.16 24.67 24.53 24.97 25.40 25.19 26.72 21.83 22.05 21.90 17.30 17.52 16.43 14.67 14.89 14.60 16.79 16.86 16.06 16.06 15.11 16.13 15.55 15.48 16.50 15.55 15.40 14.02 15.04 14.89 15.91 15.70 13.72 13.58 13.58 13.87 13.43 13.51 14.31 16.13 15.77 17.67 20.15 19.71 19.71 22.19 23.14 23.14 23.87 23.00 23.00 21.90
19.86 19.86 19.42 20.73 20.81 21.24 21.75 23.00 22.63 23.14 24.82 24.82 24.02 24.82 23.29 23.00 21.90 21.53 21.39 21.39 22.63 21.17 22.19 22.12 23.58 24.82 24.82 24.31 23.94 26.06 26.35 26.72 24.16 24.67 24.53 24.97 25.40 25.19 26.72 21.83 22.05 21.90 17.30 17.52 16.43 14.67 14.89 14.60 16.79 16.86 16.06 16.06 15.11 16.13 15.55 15.48 16.50 15.55 15.40 14.02 15.04 14.89 15.91 15.70 13.72 13.58 13.58 13.87 13.43 13.51 14.31 16.13 15.77 17.67 20.15 19.71 19.71 22.19 23.14 23.14 23.87 23.00 23.00 21.90
19.93 19.93 20.44 21.02 21.10 21.02 21.46 22.48 23.21 24.31 24.02 24.53 21.24 20.37 23.21 20.15 19.86 19.93 19.93 20.22 20.15 20.29 21.68 22.12 21.75 21.90 21.90 23.14 21.39 20.59 21.17 23.58 23.43 24.97 24.45 24.45 23.94 21.39 21.83 20.00 17.37 17.81 16.64 14.09 14.31 14.60 14.31 14.31 13.07 15.55 15.55 15.55 14.60 15.04 14.75 17.45 16.50 16.64 15.40 15.62 14.89 15.70 15.55 15.84 15.70 15.91 16.43 16.43 16.57 16.06 14.82 16.06 18.47 17.37 19.78 22.05 22.05 21.53 23.43 23.29 23.29 22.78 21.24 21.90
19.35 19.35 20.15 20.73 21.68 22.85 23.87 23.51 24.09 22.27 21.53 20.59 21.61 21.61 21.32 19.20 18.76 20.51 21.17 21.61 20.51 20.59 20.00 21.24 21.24 21.61 21.61 19.93 19.71 22.05 20.22 24.09 25.77 25.40 25.19 23.51 23.80 21.68 17.52 17.67 18.40 16.21 14.53 14.53 14.67 13.07 13.36 12.12 11.90 13.29 12.48 12.48 14.31 14.09 16.06 14.45 16.64 16.35 16.28 16.43 16.57 16.35 16.28 16.94 17.01 16.79 16.57 17.67 16.79 17.16 17.08 18.25 17.89 19.42 20.08 19.56 19.56 22.48 22.63 22.63 22.19 21.39 21.32 20.51
21.53 21.53 21.68 21.75 21.53 22.70 23.07 21.53 21.24 21.10 20.73 20.00 20.73 19.13 18.76 18.61 18.61 19.78 21.24 21.17 19.13 19.86 19.42 19.42 20.00 20.00 20.00 19.78 20.95 22.34 23.94 23.58 22.70 23.29 23.21 20.15 19.05 16.57 17.23 17.37 14.75 17.16 14.16 13.65 13.65 13.51 12.63 12.85 12.41 12.48 12.63 12.63 10.00 10.88 11.83 15.33 14.45 17.08 17.30 17.45 16.86 16.72 16.64 17.37 17.23 17.30 17.96 19.20 19.05 19.05 19.20 18.47 18.91 18.98 18.47 17.59 17.59 16.79 20.22 15.18 17.96 17.01 19.78 18.54
21.53 21.53 21.68 21.75 21.53 22.70 23.07 21.53 21.24 21.10 20.73 20.00 20.73 19.13 18.76 18.61 18.61 19.78 21.24 21.17 19.13 19.86 19.42 19.42 20.00 20.00 20.00 19.78 20.95 22.34 23.94 23.58 22.70 23.29 23.21 20.15 19.05 16.57 17.23 17.37 14.75 17.16 14.16 13.65 13.65 13.51 12.63 12.85 12.41 12.48 12.63 12.63 10.00 10.88 11.83 15.33 14.45 17.08 17.30 17.45 16.86 16.72 16.64 17.37 17.23 17.30 17.96 19.20 19.05 19.05 19.20 18.47 18.91 18.98 18.47 17.59 17.59 16.79 20.22 15.18 17.96 17.01 19.78 18.54
21.10 21.10 21.61 21.24 20.81 20.51 20.44 20.44 18.40 18.83 19.20 19.27 19.86 20.22 17.16 19.64 20.29 21.32 21.24 20.95 18.83 19.86 19.64 19.93 20.59 19.27 19.27 19.93 19.86 21.39 21.24 21.53 21.97 18.83 18.54 18.54 18.98 16.50 16.06 16.13 14.31 13.21 12.92 13.87 12.92 13.65 11.90 11.97 11.90 13.80 11.39 11.39 11.97 10.07 12.26 11.97 16.28 16.06 16.57 16.72 16.06 17.16 17.45 17.23 16.50 17.16 16.79 18.98 19.42 19.49 19.35 19.42 19.56 17.74 16.72 16.79 16.79 15.91 12.56 13.43 13.36 18.03 15.91 17.81
18.32 18.32 18.54 19.20 19.49 19.71 17.23 17.16 16.57 16.79 15.26 16.50 16.50 17.52 17.52 19.27 19.93 19.86 19.27 18.69 18.91 18.54 20.66 20.95 20.00 19.64 19.64 21.39 20.22 19.93 20.29 17.45 16.50 17.08 15.62 16.06 15.48 16.13 16.28 15.48 15.33 14.16 16.06 15.55 14.97 13.94 14.75 13.07 13.14 13.14 13.29 13.29 12.12 12.05 11.97 11.83 11.83 12.34 13.80 14.75 16.43 15.91 17.16 15.99 15.33 15.48 14.38 15.33 14.82 17.16 17.89 19.13 17.16 15.70 16.50 15.11 15.11 15.84 15.77 13.21 13.07 14.89 14.82 14.97
17.16 17.16 17.59 17.89 16.50 16.21 15.33 15.55 16.50 15.04 15.55 16.06 16.43 17.74 18.83 19.93 19.78 20.08 19.20 21.32 21.46 22.27 22.27 21.53 22.12 20.81 20.81 21.10 20.15 15.91 16.35 16.72 14.16 14.53 14.31 14.45 14.16 14.02 16.43 15.18 14.53 15.40 15.91 18.40 18.18 16.86 16.50 17.01 14.31 12.85 13.07 13.07 12.12 12.05 11.46 12.26 12.34 12.19 12.70 11.61 11.61 10.66 9.64 14.45 14.24 13.36 13.51 13.07 15.40 14.82 16.43 16.72 16.72 15.18 14.45 14.60 14.60 14.24 15.04 15.48 14.02 16.06 14.67 13.94
17.16 17.16 17.59 17.89 16.50 16.21 15.33 15.55 16.50 15.04 15.55 16.06 16.43 17.74 18.83 19.93 19.78 20.08 19.20 21.32 21.46 22.27 22.27 21.53 22.12 20.81 20.81 21.10 20.15 15.91 16.35 16.72 14.16 14.53 14.31 14.45 14.16 14.02 16.43 15.18 14.53 15.40 15.91 18.40 18.18 16.86 16.50 17.01 14.31 12.85 13.07 13.07 12.12 12.05 11.46 12.26 12.34 12.19 12.70 11.61 11.61 10.66 9.64 14.45 14.24 13.36 13.51 13.07 15.40 14.82 16.43 16.72 16.72 15.18 14.45 14.60 14.60 14.24 15.04 15.48 14.02 16.06 14.67 13.94
15.84 15.84 16.13 15.55 15.55 15.70 13.58 14.60 15.48 15.40 15.77 15.04 15.99 17.16 18.40 19.86 21.32 21.75 21.61 21.83 21.83 22.19 22.12 20.59 21.61 18.69 18.69 15.11 13.65 14.45 11.83 13.36 12.85 12.92 11.02 11.02 12.48 13.29 12.48 14.09 13.21 13.43 15.18 17.67 16.50 16.72 16.72 14.16 14.82 12.56 11.68 11.68 11.75 11.68 11.17 10.88 8.98 7.96 9.93 10.07 8.61 8.83 7.30 6.20 6.20 7.59 7.88 8.32 7.96 9.93 11.61 14.82 13.21 12.99 13.14 12.12 12.12 12.12 14.31 14.53 15.84 14.45 14.67 13.14
13.58 13.58 14.82 12.70 13.36 13.51 13.43 13.58 14.45 15.62 15.99 15.77 16.35 16.43 17.23 20.00 22.41 22.63 22.12 20.59 20.51 21.39 21.24 17.45 15.70 15.99 15.99 13.65 11.46 10.88 11.17 9.64 10.00 10.15 11.02 11.61 11.68 12.05 12.05 11.90 11.90 12.34 12.26 14.82 14.89 13.36 13.58 14.24 12.26 12.34 12.41 12.41 11.83 11.53 10.44 7.66 7.88 6.79 5.33 5.26 6.72 5.62 5.69 5.26 6.06 6.86 6.64 7.30 8.40 8.03 9.78 11.02 10.51 12.56 12.99 12.48 12.48 12.48 12.85 13.29 12.99 13.43 12.99 11.53
13.14 13.14 13.29 12.19 12.12 12.92 13.07 13.29 13.14 14.75 15.40 16.72 18.32 19.71 21.46 21.10 22.41 22.85 20.15 19.71 19.86 18.25 18.40 16.28 13.94 12.78 12.78 13.21 12.12 11.02 10.15 10.29 10.73 11.17 11.24 10.51 11.10 11.10 11.39 10.80 10.22 10.88 11.32 10.66 10.66 12.12 12.70 12.56 12.26 12.34 12.05 12.05 12.05 12.05 9.78 10.29 5.69 4.53 4.31 5.62 5.33 5.48 5.26 5.91 5.04 5.91 5.84 6.42 6.42 6.42 6.50 8.25 7.45 10.07 12.41 11.90 11.90 14.24 13.94 13.94 14.53 12.70 13.14 11.90
13.29 13.29 13.58 13.21 13.21 13.29 13.72 13.58 14.97 14.60 13.87 16.79 17.74 18.91 17.37 19.56 20.15 20.08 19.93 20.73 17.67 16.35 16.94 15.84 13.43 12.63 12.63 12.56 12.12 12.34 11.97 11.53 11.97 11.32 11.02 10.15 10.37 9.64 11.17 11.10 10.44 10.37 10.15 10.44 10.88 11.68 11.83 11.97 10.95 11.17 12.48 12.48 12.92 12.92 10.73 7.30 8.25 6.28 7.30 5.40 5.91 5.55 5.69 5.91 6.42 5.40 5.62 5.77 6.13 6.13 5.84 6.86 6.64 7.66 11.02 10.73 10.73 11.53 11.61 12.48 14.16 14.60 14.82 13.87
13.29 13.29 13.58 13.21 13.21 13.29 13.72 13.58 14.97 14.60 13.87 16.79 17.74 18.91 17.37 19.56 20.15 20.08 19.93 20.73 17.67 16.35 16.94 15.84 13.43 12.63 12.63 12.56 12.12 12.34 11.97 11.53 11.97 11.32 11.02 10.15 10.37 9.64 11.17 11.10 10.44 10.37 10.15 10.44 10.88 11.68 11.83 11.97 10.95 11.17 12.48 12.48 12.92 12.92 10.73 7.30 8.25 6.28 7.30 5.40 5.91 5.55 5.69 5.91 6.42 5.40 5.62 5.77 6.13 6.13 5.84 6.86 6.64 7.66 11.02 10.73 10.73 11.53 11.61 12.48 14.16 14.60 14.82 13.87
15.04 15.04 13.80 13.36 13.14 13.14 13.65 14.67 16.57 17.74 14.89 16.06 16.06 16.64 16.72 18.18 18.32 16.21 16.72 16.57 16.50 15.33 11.75 12.85 12.78 13.29 13.29 13.36 13.58 13.43 13.65 11.83 10.66 11.24 11.02 10.07 8.98 8.98 8.98 9.42 9.49 9.71 11.24 11.10 10.95 11.53 11.53 11.97 10.51 10.59 10.73 10.73 12.05 11.97 12.12 8.10 8.25 8.18 8.91 9.42 8.61 8.76 8.98 8.91 6.79 6.13 4.89 5.04 6.50 6.94 7.01 5.91 6.72 7.37 8.10 8.98 8.98 10.95 10.88 9.71 11.90 10.29 13.94 13.29
15.40 15.40 14.75 14.24 14.24 14.31 15.26 14.60 16.43 17.59 17.67 16.28 15.04 15.48 16.35 12.78 13.51 13.80 12.41 9.05 9.34 9.34 10.73 11.90 13.36 13.58 13.58 14.09 12.56 12.92 11.75 12.48 11.17 11.97 10.07 10.66 8.10 8.54 8.03 10.51 10.44 10.00 11.83 12.85 11.46 11.53 11.32 11.68 11.39 11.68 11.97 11.97 11.97 11.68 11.97 12.05 10.22 11.75 11.53 11.53 10.22 10.22 10.00 10.51 8.18 8.83 6.72 5.84 7.23 7.08 7.37 6.79 6.79 6.72 7.30 9.27 9.27 10.00 11.10 10.29 8.69 10.15 10.66 10.88
13.72 13.72 14.24 13.94 14.53 14.67 16.94 17.74 17.37 18.25 16.94 16.06 13.51 14.16 12.26 11.24 11.46 10.15 6.86 7.08 7.59 9.34 11.53 11.24 13.87 13.87 13.87 12.70 12.63 13.72 13.29 14.16 12.26 12.34 12.05 9.20 8.98 11.39 11.32 10.88 13.80 13.07 14.09 13.72 14.24 11.68 11.97 12.12 12.78 12.70 12.05 12.05 11.75 11.83 12.05 12.99 15.04 14.67 15.40 15.04 13.65 11.39 12.05 11.90 11.10 8.61 7.23 7.59 7.30 8.91 8.25 7.88 7.96 8.47 8.03 7.66 7.66 8.69 11.39 13.29 12.05 12.78 10.37 10.37
13.87 13.87 14.75 14.60 17.30 16.72 17.89 18.91 16.06 18.10 18.54 14.45 12.78 11.68 11.24 8.47 7.08 6.79 6.79 6.35 9.49 10.15 13.36 16.72 16.57 14.60 14.60 15.84 14.75 14.97 13.29 15.84 13.29 13.29 13.43 11.32 11.97 11.83 10.88 13.80 13.72 13.29 14.31 14.45 14.38 14.38 14.24 13.07 13.14 12.70 13.36 13.36 12.48 13.58 14.02 13.51 15.48 15.04 15.26 14.60 14.09 12.41 12.70 12.26 11.32 11.53 11.10 10.51 9.86 9.93 9.86 8.76 9.20 9.05 9.56 11.75 11.75 12.19 13.65 12.99 15.18 16.64 14.60 13.65
14.31 14.31 13.36 14.31 16.57 16.06 16.50 17.08 18.03 11.90 10.88 11.10 10.80 11.75 10.59 9.86 9.86 9.78 12.78 11.97 12.12 12.41 18.47 18.18 19.20 17.30 17.30 17.59 16.06 17.16 17.37 16.50 15.70 13.51 13.87 11.90 10.66 10.15 10.07 11.61 13.14 12.78 14.89 14.67 14.97 14.82 15.99 17.16 14.53 14.97 13.21 13.21 14.24 14.38 17.08 18.10 16.35 15.77 14.60 14.60 14.38 12.26 11.90 11.83 11.75 11.75 11.24 11.32 11.17 13.21 11.83 12.12 12.05 11.83 11.90 12.85 12.85 12.63 13.07 15.55 17.96 16.94 16.06 14.75
14.31 14.31 13.36 14.31 16.57 16.06 16.50 17.08 18.03 11.90 10.88 11.10 10.80 11.75 10.59 9.86 9.86 9.78 12.78 11.97 12.12 12.41 18.47 18.18 19.20 17.30 17.30 17.59 16.06 17.16 17.37 16.50 15.70 13.51 13.87 11.90 10.66 10.15 10.07 11.61 13.14 12.78 14.89 14.67 14.97 14.82 15.99 17.16 14.53 14.97 13.21 13.21 14.24 14.38 17.08 18.10 16.35 15.77 14.60 14.60 14.38 12.26 11.90 11.83 11.75 11.75 11.24 11.32 11.17 13.21 11.83 12.12 12.05 11.83 11.90 12.85 12.85 12.63 13.07 15.55 17.96 16.94 16.06 14.75
13.72 13.72 12.78 13.80 16.57 14.97 14.97 15.04 14.67 9.64 9.56 9.20 10.44 11.90 11.61 11.46 13.51 13.29 14.75 15.40 19.27 20.51 19.56 19.56 21.17 19.13 19.13 17.89 18.69 17.96 18.47 16.43 16.94 13.94 12.26 11.46 11.53 10.66 11.32 11.24 13.21 15.77 17.74 17.59 20.29 17.67 17.52 18.03 19.86 21.02 16.21 16.21 16.72 17.89 17.67 18.61 18.83 17.16 17.74 15.18 14.16 13.65 13.65 14.09 14.16 12.19 15.70 17.45 16.64 15.70 13.65 13.14 12.92 14.02 12.70 13.72 13.72 13.94 15.11 16.28 18.10 18.18 17.74 14.89
12.70 12.70 13.21 13.65 13.80 14.09 11.61 6.13 11.75 10.15 5.77 8.03 9.34 10.29 9.13 11.24 12.26 11.68 14.16 18.91 21.46 25.04 24.09 24.38 22.05 18.76 18.76 17.01 15.84 17.08 18.61 16.50 14.82 15.33 14.60 12.56 12.70 12.70 12.26 14.75 14.67 15.70 19.05 21.39 21.02 22.19 20.37 20.44 20.29 21.53 20.88 20.88 21.17 18.61 20.00 19.78 19.93 18.32 17.01 17.37 15.77 15.26 15.40 15.33 15.77 17.23 18.98 18.61 19.35 17.81 19.71 17.96 18.47 15.62 14.53 14.09 14.09 14.24 14.31 14.45 17.08 18.32 18.03 15.55
15.77 15.77 13.80 11.46 12.26 7.96 7.96 5.77 5.55 5.48 4.02 5.55 7.52 7.74 8.47 9.71 11.39 16.28 20.44 19.42 21.75 25.99 25.04 20.44 16.79 17.74 17.74 14.38 15.55 17.67 17.67 16.72 15.91 15.77 15.91 14.16 13.80 15.84 15.40 16.43 17.23 18.18 17.67 20.95 21.46 21.39 20.73 20.22 20.66 20.95 19.86 19.86 21.02 20.88 23.51 22.85 22.19 20.51 19.78 19.64 19.78 18.91 18.25 18.91 22.70 19.64 22.48 22.92 21.32 20.66 20.51 18.98 17.67 18.18 17.16 16.50 16.50 15.18 13.94 14.02 17.23 18.18 18.40 16.79
18.47 18.47 16.06 14.09 11.68 8.47 9.20 4.60 4.82 3.87 7.88 6.42 6.64 6.28 7.74 7.15 11.32 17.52 21.24 24.31 25.99 26.13 24.97 16.35 14.16 12.34 12.34 11.83 14.09 15.77 16.13 16.50 15.18 16.50 17.59 17.59 15.91 17.08 19.27 16.79 18.61 18.40 17.96 18.18 20.08 19.71 19.93 18.61 17.37 17.16 19.05 19.05 20.66 23.14 23.36 23.58 22.85 23.29 24.53 24.31 24.45 21.53 21.75 21.46 22.63 22.48 22.12 22.27 21.97 20.66 21.24 20.08 18.83 18.32 17.89 18.47 18.47 16.86 14.24 14.60 15.70 15.91 18.47 17.30
19.05 19.05 15.55 15.40 13.65 12.05 12.41 7.45 12.70 12.26 10.73 9.93 7.30 14.67 12.99 16.35 15.26 18.10 20.51 22.27 18.98 18.54 13.94 15.40 12.12 11.75 11.75 14.16 15.26 15.11 16.57 15.48 15.77 16.72 18.03 17.37 17.67 17.59 19.20 20.08 19.27 17.81 16.94 17.59 17.45 18.69 17.74 15.99 16.57 14.82 16.72 16.72 17.37 18.98 21.39 20.66 20.88 21.24 23.29 23.51 23.65 22.63 21.61 23.21 22.92 23.87 21.90 20.22 19.78 20.29 21.32 20.51 19.27 18.25 18.54 18.18 18.18 18.54 17.16 15.33 14.89 16.13 18.76 16.72
19.05 19.05 15.55 15.40 13.65 12.05 12.41 7.45 12.70 12.26 10.73 9.93 7.30 14.67 12.99 16.35 15.26 18.10 20.51 22.27 18.98 18.54 13.94 15.40 12.12 11.75 11.75 14.16 15.26 15.11 16.57 15.48 15.77 16.72 18.03 17.37 17.67 17.59 19.20 20.08 19.27 17.81 16.94 17.59 17.45 18.69 17.74 15.99 16.57 14.82 16.72 16.72 17.37 18.98 21.39 20.66 20.88 21.24 23.29 23.51 23.65 22.63 21.61 23.21 22.92 23.87 21.90 20.22 19.78 20.29 21.32 20.51 19.27 18.25 18.54 18.18 18.18 18.54 17.16 15.33 14.89 16.13 18.76 16.72
15.18 15.18 14.67 14.82 12.41 12.05 12.41 13.87 12.48 14.02 13.94 14.02 22.27 20.59 19.35 23.43 23.00 21.83 22.27 20.37 17.23 16.28 12.92 12.05 12.19 12.12 12.12 13.94 15.62 17.30 17.37 17.08 18.10 18.69 17.45 17.08 18.32 19.56 18.83 21.24 19.93 17.45 17.59 17.59 18.83 18.76 17.96 13.58 12.48 12.70 14.67 14.67 17.16 17.74 17.59 18.25 15.99 15.84 19.49 17.01 17.89 19.35 21.32 19.20 20.88 22.85 21.53 22.41 19.35 19.20 18.18 18.98 18.32 18.40 17.96 16.72 16.72 15.84 15.26 12.12 14.75 12.78 17.96 18.69
14.60 14.60 12.78 11.24 12.26 11.97 14.97 14.60 13.58 21.97 24.02 23.73 23.87 23.07 22.56 23.29 23.21 22.05 17.59 14.38 15.11 14.82 11.68 12.48 12.56 14.24 14.24 13.87 16.57 18.76 20.44 20.59 19.05 19.64 18.03 18.18 18.69 18.83 21.17 21.10 20.44 14.53 17.08 16.79 18.69 17.01 15.33 15.91 12.41 14.16 13.43 13.43 17.30 18.25 18.47 18.47 18.10 15.77 15.62 16.43 14.97 17.67 18.40 19.71 19.49 20.59 21.39 17.52 17.08 16.79 17.89 17.74 17.37 14.67 15.70 13.94 13.94 11.02 10.80 7.74 7.96 12.63 15.55 18.98
14.97 14.97 15.04 12.63 13.94 15.18 13.94 19.71 20.95 22.56 23.14 22.63 22.41 22.56 22.70 22.63 22.41 20.59 16.28 12.70 9.86 10.66 10.88 9.78 11.39 12.41 12.41 16.79 15.70 19.71 20.59 20.51 19.86 19.86 20.29 18.83 19.42 15.62 9.20 15.48 16.57 12.12 11.24 17.23 16.86 17.23 16.57 15.11 15.91 14.16 15.40 15.40 17.81 17.74 18.40 19.35 17.96 18.61 15.62 15.48 17.23 16.57 17.74 18.25 15.84 15.84 15.77 16.43 15.55 15.77 14.75 11.39 11.75 11.46 13.29 10.88 10.88 12.05 9.42 9.64 7.74 6.64 8.03 8.54
13.87 13.87 13.87 14.16 13.14 15.70 15.91 17.89 20.00 20.29 21.53 22.63 22.56 22.27 21.61 18.91 17.81 18.03 17.08 11.97 8.54 9.20 9.71 9.20 10.00 12.26 12.26 15.77 18.03 17.45 20.22 19.64 19.71 19.42 19.93 14.24 9.56 2.77 2.41 1.10 7.74 10.15 9.20 13.51 15.99 17.01 17.16 15.99 15.55 16.28 15.91 15.91 18.54 18.40 19.78 19.20 19.20 15.99 11.10 15.40 15.62 13.87 15.62 14.89 15.11 14.16 14.82 13.51 8.91 9.34 10.29 10.37 9.49 5.62 7.59 10.29 10.29 10.29 10.15 11.68 10.22 10.66 8.54 7.59
10.44 10.44 7.81 10.88 10.00 13.72 16.28 16.94 17.96 21.10 20.51 21.75 22.12 22.12 17.01 16.13 16.21 13.65 10.59 11.90 8.32 6.42 9.64 12.19 11.90 11.75 11.75 14.53 16.35 16.43 17.89 18.32 15.62 17.96 13.14 14.67 1.39 0.00 0.00 0.00 3.87 8.76 12.99 11.61 15.40 13.87 13.29 14.45 15.55 16.28 18.03 18.03 17.67 18.47 18.47 17.52 17.81 13.58 8.32 7.08 11.68 10.22 13.43 14.02 12.85 13.51 11.61 12.48 7.88 6.64 7.23 7.45 4.82 3.29 3.80 8.91 8.91 11.39 13.21 14.97 9.27 10.44 10.07 9.42
8.10 8.10 7.52 8.76 9.56 12.92 13.51 14.60 16.50 18.10 19.35 18.25 17.52 16.35 16.72 15.70 14.82 12.78 11.17 8.47 9.34 8.83 10.07 13.36 12.19 11.68 11.68 11.53 13.65 15.62 16.86 14.38 14.24 12.70 10.73 0.22 2.34 0.00 0.00 3.43 2.77 6.13 11.90 14.09 13.58 13.65 12.78 12.56 14.75 15.11 16.57 16.57 17.59 17.45 17.16 13.80 6.94 2.85 2.99 3.43 10.00 13.87 14.53 13.80 14.31 15.04 13.14 10.95 10.07 8.10 7.81 7.66 7.37 11.10 4.31 3.58 3.58 11.90 14.24 15.70 16.50 15.11 15.18 13.94
8.10 8.10 7.52 8.76 9.56 12.92 13.51 14.60 16.50 18.10 19.35 18.25 17.52 16.35 16.72 15.70 14.82 12.78 11.17 8.47 9.34 8.83 10.07 13.36 12.19 11.68 11.68 11.53 13.65 15.62 16.86 14.38 14.24 12.70 10.73 0.22 2.34 0.00 0.00 3.43 2.77 6.13 11.90 14.09 13.58 13.65 12.78 12.56 14.75 15.11 16.57 16.57 17.59 17.45 17.16 13.80 6.94 2.85 2.99 3.43 10.00 13.87 14.53 13.80 14.31 15.04 13.14 10.95 10.07 8.10 7.81 7.66 7.37 11.10 4.31 3.58 3.58 11.90 14.24 15.70 16.50 15.11 15.18 13.94
5.33 5.33 7.23 8.18 9.20 10.80 11.97 12.70 14.75 15.77 16.50 16.57 16.21 16.57 15.84 15.04 15.33 14.02 11.75 10.15 11.46 13.14 12.85 14.53 12.48 8.18 8.18 8.47 15.33 14.45 14.75 13.14 10.37 10.07 10.15 0.37 3.94 2.85 2.41 5.11 7.30 9.42 8.83 12.41 13.07 11.75 12.12 10.66 10.59 10.88 10.73 10.73 12.41 12.19 5.55 10.29 1.46 0.00 4.16 11.46 14.89 14.67 15.48 13.21 13.21 13.72 14.67 15.84 12.78 11.90 10.59 14.16 15.40 18.54 14.53 12.78 12.78 18.76 18.25 20.95 19.78 20.29 17.96 19.13
