Wansh/Snow_depth/snowdepth-1993/winter/1994055.txt
ncols 321
nrows 161
xllcenter 60
yllcenter 15 
cellsize  0.25 
NODATA_value -1
[rows 0 to 36 of 161, columns 84 to 167 of 321]
24.75 24.75 24.75 24.09 24.31 23.51 19.49 16.94 15.84 19.05 18.69 21.32 20.08 20.81 20.88 21.10 17.67 21.02 21.02 21.17 18.69 17.23 17.74 13.14 10.66 11.90 6.06 4.74 4.60 6.20 7.08 6.42 10.29 8.54 8.98 8.18 8.54 7.74 6.13 11.10 10.44 12.41 11.90 11.90 13.07 9.93 7.52 6.35 6.94 6.94 8.25 11.32 11.46 11.83 10.51 10.95 10.07 10.51 9.34 10.00 7.52 6.28 5.04 6.72 4.67 5.18 7.15 6.79 6.79 8.54 11.24 10.73 12.99 14.09 14.02 14.02 14.45 15.40 15.40 15.40 14.67 13.43 13.87 12.56
25.33 25.04 23.73 22.48 20.66 17.96 18.83 16.79 16.79 20.37 19.71 20.00 19.20 16.72 14.89 14.97 15.18 14.38 14.38 17.74 17.01 18.47 17.52 17.37 12.63 10.07 10.51 4.89 3.87 3.94 5.40 6.50 6.28 7.59 4.89 5.62 5.69 5.69 5.69 9.78 9.13 13.51 15.33 15.33 14.97 16.28 14.45 8.91 6.42 6.57 6.42 5.91 5.99 5.77 7.08 8.47 10.22 10.15 10.51 9.56 9.93 9.13 9.34 9.49 9.27 9.42 9.34 11.61 11.61 12.78 12.70 13.07 14.53 14.24 15.40 17.96 18.54 18.76 17.37 15.55 16.28 14.31 14.45 14.31
25.26 22.05 24.89 20.95 18.03 17.67 18.83 21.46 21.10 21.10 20.95 19.78 17.67 18.03 14.31 12.99 13.43 12.85 12.85 12.34 14.24 13.87 16.86 16.50 16.13 12.63 8.91 10.29 4.53 4.09 4.38 5.55 6.79 6.64 6.64 8.47 8.25 10.15 10.59 10.07 12.05 12.05 12.78 12.78 18.10 17.52 18.18 14.45 16.50 11.68 7.88 5.91 5.26 5.40 5.99 8.18 6.86 8.91 11.02 10.66 12.41 13.36 13.21 13.07 13.87 11.24 16.64 17.96 17.96 17.89 17.08 15.91 15.99 15.04 17.89 17.59 18.61 18.47 17.96 15.77 16.21 15.48 16.21 16.21
25.26 22.05 24.89 20.95 18.03 17.67 18.83 21.46 21.10 21.10 20.95 19.78 17.67 18.03 14.31 12.99 13.43 12.85 12.85 12.34 14.24 13.87 16.86 16.50 16.13 12.63 8.91 10.29 4.53 4.09 4.38 5.55 6.79 6.64 6.64 8.47 8.25 10.15 10.59 10.07 12.05 12.05 12.78 12.78 18.10 17.52 18.18 14.45 16.50 11.68 7.88 5.91 5.26 5.40 5.99 8.18 6.86 8.91 11.02 10.66 12.41 13.36 13.21 13.07 13.87 11.24 16.64 17.96 17.96 17.89 17.08 15.91 15.99 15.04 17.89 17.59 18.61 18.47 17.96 15.77 16.21 15.48 16.21 16.21
24.16 19.27 19.05 18.47 18.47 18.10 19.49 20.15 17.08 18.54 18.10 19.71 17.45 17.16 17.52 14.82 16.50 12.99 12.99 13.51 13.29 12.99 12.78 16.35 14.89 14.97 10.59 6.42 7.59 4.53 4.53 4.45 6.64 8.69 7.96 12.05 11.75 11.83 11.17 9.05 11.68 11.39 14.31 14.31 12.85 15.40 18.83 18.83 15.55 16.43 10.07 6.86 7.23 5.77 5.40 5.26 6.72 6.57 8.40 11.24 10.66 12.78 13.29 13.51 12.85 16.21 15.40 17.89 17.89 18.03 17.52 17.59 17.01 15.48 14.31 14.38 17.45 17.81 17.59 14.75 14.38 15.33 16.21 16.43
22.85 21.53 20.59 18.98 18.40 17.01 15.40 15.70 15.48 15.62 16.06 16.06 16.57 16.28 18.40 18.18 18.03 18.61 18.61 15.33 16.21 13.14 12.41 12.78 13.87 11.46 12.19 8.18 4.96 5.55 4.67 5.18 5.26 8.32 10.95 10.73 11.53 10.51 11.24 8.69 8.98 8.98 11.02 11.02 13.14 12.41 17.74 18.91 18.61 14.16 14.38 7.37 5.55 5.69 5.26 6.28 6.06 7.88 9.13 9.05 11.32 14.60 17.08 17.08 15.84 15.18 15.40 15.77 15.77 16.64 16.64 17.01 16.64 16.79 14.75 14.24 11.90 11.90 12.34 14.02 14.60 16.86 16.72 18.32
23.07 22.63 19.64 19.20 18.54 17.74 17.30 16.35 16.79 15.62 15.33 13.36 14.31 14.31 17.37 16.94 18.69 18.69 18.69 18.40 18.69 19.20 14.53 13.36 13.65 11.17 7.52 7.81 5.91 6.28 5.84 6.28 7.01 7.08 8.69 11.83 11.61 12.12 9.93 9.78 9.49 10.44 9.86 9.86 11.39 12.70 14.16 17.45 13.51 14.60 8.03 5.69 5.69 5.69 6.35 5.91 8.03 7.59 9.34 11.46 14.75 14.24 17.37 16.79 17.67 15.99 17.01 15.04 15.04 15.99 15.77 16.79 17.37 17.96 16.43 15.77 14.53 14.45 12.12 12.12 11.97 15.99 14.97 17.23
23.07 22.63 19.64 19.20 18.54 17.74 17.30 16.35 16.79 15.62 15.33 13.36 14.31 14.31 17.37 16.94 18.69 18.69 18.69 18.40 18.69 19.20 14.53 13.36 13.65 11.17 7.52 7.81 5.91 6.28 5.84 6.28 7.01 7.08 8.69 11.83 11.61 12.12 9.93 9.78 9.49 10.44 9.86 9.86 11.39 12.70 14.16 17.45 13.51 14.60 8.03 5.69 5.69 5.69 6.35 5.91 8.03 7.59 9.34 11.46 14.75 14.24 17.37 16.79 17.67 15.99 17.01 15.04 15.04 15.99 15.77 16.79 17.37 17.96 16.43 15.77 14.53 14.45 12.12 12.12 11.97 15.99 14.97 17.23
18.76 17.74 17.23 17.89 16.64 16.79 16.21 15.91 14.16 12.85 13.36 11.97 13.14 13.36 12.70 16.50 19.56 21.17 21.17 20.88 21.02 20.29 21.17 15.40 9.64 10.73 7.45 6.64 6.57 6.50 7.08 6.64 7.23 9.27 13.51 12.48 13.58 11.17 11.68 10.59 10.66 9.93 10.66 10.66 10.29 10.66 8.32 8.54 11.02 8.18 8.83 7.01 7.59 7.66 7.74 8.54 8.54 9.27 9.71 11.17 10.95 13.29 14.53 14.24 15.99 17.16 17.08 16.21 16.21 14.82 14.89 15.91 15.55 14.45 16.35 16.35 15.77 18.03 16.28 16.72 13.21 14.38 11.90 12.92
18.83 17.30 17.30 17.16 16.64 16.86 16.64 15.91 13.72 13.43 14.38 13.14 13.43 13.72 15.70 19.35 18.61 21.53 21.53 21.32 21.39 21.46 16.94 18.25 10.29 7.66 7.23 7.15 8.03 7.30 7.45 6.20 7.96 7.52 12.19 13.43 12.70 12.99 10.80 11.24 8.61 8.32 8.32 8.32 7.96 6.57 6.79 7.52 8.98 9.34 10.22 12.41 11.83 12.48 11.61 9.93 10.00 9.93 10.29 10.73 12.34 11.61 13.51 13.80 13.80 15.40 16.50 17.37 17.37 16.72 16.43 14.82 14.60 13.94 13.94 15.70 18.98 22.85 20.88 20.66 16.57 14.89 12.99 13.07
18.32 18.54 17.74 17.16 17.59 16.79 14.82 15.40 14.24 16.28 15.55 14.53 16.06 15.91 16.50 19.49 20.15 19.71 19.71 22.70 24.16 24.38 17.16 11.24 8.47 8.32 8.76 7.88 8.10 6.72 7.59 6.64 7.96 9.42 9.05 11.53 12.63 12.41 12.48 11.32 8.61 9.05 8.98 8.98 9.93 9.05 8.83 7.45 10.07 11.32 11.24 13.14 13.87 14.16 11.83 13.14 12.78 15.70 15.99 15.62 14.67 14.97 14.82 15.04 15.18 16.35 16.13 16.57 16.57 17.67 18.03 15.11 15.91 13.58 14.89 17.23 22.34 21.61 21.61 21.53 17.16 16.21 14.09 13.29
18.32 18.54 17.74 17.16 17.59 16.79 14.82 15.40 14.24 16.28 15.55 14.53 16.06 15.91 16.50 19.49 20.15 19.71 19.71 22.70 24.16 24.38 17.16 11.24 8.47 8.32 8.76 7.88 8.10 6.72 7.59 6.64 7.96 9.42 9.05 11.53 12.63 12.41 12.48 11.32 8.61 9.05 8.98 8.98 9.93 9.05 8.83 7.45 10.07 11.32 11.24 13.14 13.87 14.16 11.83 13.14 12.78 15.70 15.99 15.62 14.67 14.97 14.82 15.04 15.18 16.35 16.13 16.57 16.57 17.67 18.03 15.11 15.91 13.58 14.89 17.23 22.34 21.61 21.61 21.53 17.16 16.21 14.09 13.29
17.45 17.81 18.69 18.69 18.76 17.45 17.16 16.72 16.06 16.13 15.91 15.91 17.52 21.24 20.59 21.83 22.12 25.62 25.62 25.33 24.60 17.01 12.12 12.92 11.17 8.83 8.91 8.32 7.01 6.86 8.91 13.14 8.18 10.73 13.51 13.87 13.43 14.02 14.24 13.43 13.51 13.43 11.46 11.46 10.51 10.73 10.88 13.29 16.43 16.28 16.86 15.99 15.55 12.99 13.72 12.56 15.48 17.59 17.45 16.57 14.31 15.70 15.40 15.62 15.26 15.33 15.70 16.72 16.72 17.67 17.74 17.81 17.16 14.53 15.62 15.91 19.27 21.24 23.80 19.86 18.32 14.75 13.07 14.67
17.89 19.05 19.13 16.94 17.37 16.21 16.28 15.91 14.97 15.48 17.01 16.13 21.39 22.48 23.73 23.14 25.26 25.70 25.70 22.48 22.85 17.08 15.77 12.19 12.19 11.83 8.54 8.61 11.53 11.97 11.17 16.13 19.05 14.02 16.64 18.76 18.61 17.30 14.16 14.60 14.09 15.84 18.69 18.69 18.61 18.83 15.11 16.28 18.83 18.25 18.76 16.21 14.24 14.53 14.89 17.59 17.16 19.93 16.50 13.14 13.36 14.24 15.91 15.70 16.35 15.40 15.04 15.77 15.77 15.40 17.59 17.08 14.89 13.58 14.09 13.87 14.45 12.48 17.01 14.60 14.97 17.89 14.75 13.51
17.81 18.54 15.84 14.53 14.82 14.45 13.94 15.04 14.75 17.96 18.03 20.81 20.29 22.12 21.68 24.53 24.97 22.27 22.27 21.39 18.76 18.91 17.01 15.70 13.65 13.87 14.45 12.99 12.26 15.70 18.03 17.37 20.08 18.61 18.76 18.83 15.11 14.82 14.16 18.91 18.69 17.59 20.95 20.95 19.64 20.15 18.10 17.45 17.52 17.67 17.45 17.89 16.43 16.86 16.57 18.76 22.56 18.25 19.42 15.26 9.13 8.91 11.61 9.13 12.41 14.24 13.87 14.67 14.67 14.75 15.18 14.89 15.33 12.92 12.41 13.36 9.27 3.43 7.37 19.13 15.33 17.89 14.60 16.35
16.21 14.16 14.75 13.87 13.72 14.38 12.63 13.65 11.83 11.02 15.26 16.86 15.99 19.56 19.64 18.25 21.53 20.81 20.81 21.83 18.40 16.57 16.79 15.77 14.60 15.77 15.91 14.45 14.97 14.82 17.16 18.69 20.59 18.69 15.18 12.78 14.16 15.26 19.64 18.61 19.78 16.94 20.51 20.51 18.18 15.04 15.40 14.24 15.11 16.50 16.06 16.13 15.55 15.26 17.52 19.27 17.52 18.83 14.97 10.51 10.95 9.56 8.32 9.64 8.10 10.66 13.14 15.18 15.18 14.97 15.04 13.43 12.70 12.48 15.11 14.97 6.86 3.80 16.72 7.66 17.23 16.72 14.09 15.33
16.21 14.16 14.75 13.87 13.72 14.38 12.63 13.65 11.83 11.02 15.26 16.86 15.99 19.56 19.64 18.25 21.53 20.81 20.81 21.83 18.40 16.57 16.79 15.77 14.60 15.77 15.91 14.45 14.97 14.82 17.16 18.69 20.59 18.69 15.18 12.78 14.16 15.26 19.64 18.61 19.78 16.94 20.51 20.51 18.18 15.04 15.40 14.24 15.11 16.50 16.06 16.13 15.55 15.26 17.52 19.27 17.52 18.83 14.97 10.51 10.95 9.56 8.32 9.64 8.10 10.66 13.14 15.18 15.18 14.97 15.04 13.43 12.70 12.48 15.11 14.97 6.86 3.80 16.72 7.66 17.23 16.72 14.09 15.33
15.99 16.35 16.43 16.35 16.57 15.62 13.36 10.22 7.88 8.54 10.07 9.49 14.09 16.64 18.47 18.18 20.15 20.51 20.51 18.40 19.05 15.91 13.80 13.87 13.21 15.62 14.75 15.18 14.97 16.13 15.77 17.45 19.35 16.06 16.72 12.78 11.39 11.24 17.30 16.72 17.16 14.09 11.46 11.46 11.83 11.32 12.85 12.85 12.48 14.53 15.40 15.48 14.60 15.33 15.26 16.06 15.55 14.16 14.60 12.12 14.45 14.89 13.72 12.99 11.39 12.56 15.18 16.86 16.86 16.50 17.08 14.16 13.07 13.80 13.29 11.68 6.57 7.01 4.09 2.19 11.24 10.15 10.22 11.24
15.84 15.91 15.62 16.64 17.16 16.21 16.86 12.34 8.76 9.27 11.24 14.31 16.94 16.21 20.29 19.42 18.47 20.29 20.29 17.30 15.91 16.35 14.53 13.43 14.53 14.24 14.97 15.62 15.77 15.18 17.37 18.91 18.83 15.84 13.51 14.45 10.88 7.66 7.52 3.50 3.94 9.86 10.22 10.22 12.63 14.89 14.75 14.45 16.72 15.91 17.45 14.89 13.43 13.87 11.17 11.46 12.41 11.83 12.99 14.24 15.99 15.91 14.60 15.33 15.18 16.57 15.48 16.13 16.13 19.20 15.55 13.29 11.39 12.05 12.48 12.26 11.46 8.47 7.30 7.81 8.76 9.78 9.27 10.73
15.84 15.18 16.79 16.64 17.37 17.74 17.52 13.65 14.60 10.88 14.24 13.43 14.97 15.04 14.16 14.09 13.07 16.50 16.50 16.43 15.99 14.89 15.48 13.21 13.72 15.55 15.48 15.48 13.43 14.31 10.66 15.26 13.80 13.94 11.17 6.50 10.22 4.16 2.12 2.12 1.46 3.94 9.05 9.05 11.53 17.30 16.79 17.23 16.72 17.59 14.89 15.62 12.85 10.73 11.10 10.66 11.90 13.29 12.85 14.09 13.29 15.18 15.55 15.62 15.11 15.62 16.43 19.49 19.49 15.77 9.20 5.77 8.40 9.93 8.69 10.07 8.83 10.44 9.27 7.23 7.88 8.91 9.42 10.88
17.45 17.37 17.74 17.74 18.54 18.54 18.10 15.48 18.03 16.72 16.79 14.45 19.20 14.45 14.24 16.13 12.41 14.60 14.60 15.33 15.26 15.70 13.65 14.24 15.40 16.28 16.72 17.45 11.97 9.27 6.57 6.94 6.72 9.86 10.22 5.18 0.51 0.00 0.00 0.00 3.94 3.29 6.42 6.42 10.29 7.52 11.53 11.90 12.85 17.81 11.02 12.05 11.83 11.24 11.17 12.26 12.34 12.85 10.51 12.41 13.29 12.92 14.31 14.60 15.26 15.99 15.84 13.51 13.51 14.16 11.10 6.57 4.02 6.57 4.02 4.67 6.06 5.62 5.40 5.69 6.64 8.40 8.25 9.05
17.37 17.74 17.89 16.57 17.16 17.08 17.59 16.64 19.56 20.00 23.07 22.56 21.97 23.58 19.20 20.81 14.53 18.25 18.25 15.62 16.64 17.16 15.70 17.52 19.56 19.35 19.71 18.18 18.91 12.70 7.52 5.84 6.06 4.67 3.87 4.89 1.10 0.00 0.00 0.00 4.31 4.16 4.45 4.45 4.09 7.45 7.59 7.45 9.78 8.91 9.64 9.34 10.00 11.02 10.88 11.46 12.48 10.15 10.73 9.34 9.13 10.22 12.99 15.11 16.43 14.45 14.53 13.43 13.43 13.51 8.83 4.23 5.48 3.50 3.29 3.94 3.58 4.96 4.82 4.89 4.89 5.91 5.62 7.01
17.37 17.74 17.89 16.57 17.16 17.08 17.59 16.64 19.56 20.00 23.07 22.56 21.97 23.58 19.20 20.81 14.53 18.25 18.25 15.62 16.64 17.16 15.70 17.52 19.56 19.35 19.71 18.18 18.91 12.70 7.52 5.84 6.06 4.67 3.87 4.89 1.10 0.00 0.00 0.00 4.31 4.16 4.45 4.45 4.09 7.45 7.59 7.45 9.78 8.91 9.64 9.34 10.00 11.02 10.88 11.46 12.48 10.15 10.73 9.34 9.13 10.22 12.99 15.11 16.43 14.45 14.53 13.43 13.43 13.51 8.83 4.23 5.48 3.50 3.29 3.94 3.58 4.96 4.82 4.89 4.89 5.91 5.62 7.01
17.30 15.91 16.21 15.91 15.04 15.33 16.72 15.84 18.61 22.12 24.67 24.09 22.70 22.85 22.48 21.39 19.93 20.00 20.00 18.61 17.74 18.69 18.69 18.25 19.56 18.54 19.20 18.32 14.75 12.19 10.44 6.06 4.53 4.96 2.41 0.37 1.31 0.07 0.00 0.00 0.00 0.95 0.00 0.00 0.00 0.00 0.00 3.14 2.26 4.96 6.28 7.15 6.64 8.18 6.28 8.25 7.96 8.32 6.86 8.76 10.29 10.29 10.66 11.97 16.35 14.97 13.80 14.09 14.09 13.87 15.48 9.05 9.34 3.72 5.84 2.34 3.07 2.26 2.34 2.85 4.96 4.53 4.38 4.31
16.35 15.55 15.84 18.03 18.47 16.64 16.86 22.27 23.73 23.36 24.67 22.05 21.10 19.64 19.71 20.15 17.74 18.98 18.98 19.05 19.93 19.93 21.61 22.05 19.37 19.20 16.74 17.45 15.40 14.89 12.70 13.65 5.26 2.56 3.07 1.10 0.00 0.29 0.00 0.44 0.73 0.00 0.00 0.00 0.00 0.00 0.00 0.00 0.00 0.00 0.00 0.00 2.34 5.48 6.72 6.50 7.15 6.13 4.89 7.08 6.35 8.32 11.02 15.40 12.41 12.78 13.14 11.90 11.90 11.75 14.16 13.21 13.14 10.44 6.50 4.16 4.23 3.36 2.56 3.72 3.14 4.09 2.63 2.48
18.25 21.10 21.17 20.44 20.88 20.00 20.15 21.68 22.56 18.61 19.93 20.51 15.70 15.40 10.15 16.21 14.75 19.93 19.93 20.88 21.32 21.53 22.56 22.87 22.29 19.44 19.13 20.09 16.79 17.89 14.89 12.56 12.85 5.48 1.97 0.95 0.88 1.53 0.95 0.37 1.39 0.00 0.00 0.00 0.00 0.00 0.00 0.00 0.00 0.00 0.00 0.00 0.00 1.97 4.45 0.00 0.00 0.00 2.99 5.48 7.66 8.25 8.47 10.00 9.34 10.88 12.26 13.51 13.51 15.55 13.07 12.41 12.56 7.81 8.61 4.89 6.72 4.45 4.23 4.02 2.63 1.83 2.77 3.94
21.17 21.24 20.59 19.86 17.30 18.03 17.89 14.67 15.33 15.62 8.32 10.37 9.86 11.75 5.91 12.78 15.77 14.16 14.16 19.93 18.40 21.20 21.82 21.45 20.20 20.80 21.48 21.16 22.13 18.47 19.20 15.91 17.23 17.59 7.01 4.60 3.29 3.72 1.31 1.46 0.29 0.51 0.00 0.00 0.00 0.00 0.00 0.00 0.00 0.00 0.00 0.00 0.00 0.00 0.00 0.00 0.00 0.00 0.00 3.07 7.08 7.30 9.20 9.13 11.17 12.41 16.43 17.30 17.30 15.11 15.40 10.88 13.21 9.71 9.27 7.88 8.18 5.11 3.94 3.43 3.29 3.65 3.36 5.04
19.35 19.78 16.35 16.35 16.35 15.62 16.35 14.75 15.18 8.10 9.27 6.35 4.74 4.09 3.80 7.74 13.51 19.13 19.13 19.19 15.78 10.82 16.48 15.91 16.30 13.58 21.90 22.85 23.60 23.96 19.15 19.13 19.35 17.45 17.81 17.89 15.40 4.09 4.96 2.34 0.58 0.00 0.00 0.00 0.00 0.00 0.00 0.00 0.00 0.00 0.00 0.00 0.00 0.00 0.00 0.00 0.00 0.00 0.00 0.00 5.91 6.28 10.80 13.58 16.79 16.28 14.60 17.37 17.37 16.50 12.56 12.48 9.56 10.29 8.32 9.05 7.15 7.66 7.59 8.10 4.16 3.29 3.65 2.41
19.35 19.78 16.35 16.35 16.35 15.62 16.35 14.75 15.18 8.10 9.27 6.35 4.74 4.09 3.80 7.74 13.51 19.13 19.22 19.81 16.02 11.58 16.07 16.32 16.06 13.58 21.24 21.24 22.05 24.33 19.34 19.92 21.74 18.46 18.27 17.89 15.40 4.09 4.96 2.34 0.58 0.00 0.00 0.00 0.00 0.00 0.00 0.00 0.00 0.00 0.00 0.00 0.00 0.00 0.00 0.00 0.00 0.00 0.00 0.00 5.91 6.28 10.80 13.58 16.79 16.28 14.60 17.37 17.37 16.50 12.56 12.48 9.56 10.29 8.32 9.05 7.15 7.66 7.59 8.10 4.16 3.29 3.65 2.41
18.18 16.35 16.86 16.57 16.35 16.79 17.30 16.64 17.30 13.36 13.07 15.48 8.61 12.92 13.14 12.48 14.97 21.97 21.97 17.16 9.71 10.73 5.72 9.49 9.43 7.96 7.30 18.64 23.14 22.23 25.66 23.00 26.40 24.42 21.07 19.59 20.94 17.16 11.24 7.37 1.61 0.51 0.00 0.00 0.00 0.00 0.00 0.00 0.00 0.00 0.00 0.00 0.00 0.00 0.00 0.00 0.00 0.00 0.00 0.00 2.56 1.53 6.50 16.57 17.45 18.54 17.16 17.52 17.52 17.59 13.65 12.34 8.91 7.15 8.61 9.13 9.13 8.47 8.83 5.48 4.53 2.04 2.12 1.75
12.92 15.99 16.43 15.40 15.91 17.16 17.23 15.99 17.59 17.96 17.59 18.10 15.11 14.89 17.23 21.61 20.37 24.02 24.02 16.14 10.22 4.84 5.48 3.50 4.99 4.08 3.50 6.05 17.88 22.49 21.39 24.60 26.50 25.65 27.49 25.25 21.79 16.14 19.05 14.60 11.24 5.40 0.95 0.95 1.02 0.00 0.00 0.00 0.00 0.00 0.00 0.00 0.00 0.00 0.00 0.00 0.00 0.00 0.00 0.00 0.00 0.00 6.57 15.48 17.89 18.76 16.06 16.79 16.79 14.82 10.29 8.40 6.50 7.23 6.64 8.76 8.98 8.98 9.42 9.56 7.30 3.43 2.26 4.82
11.75 13.94 13.36 15.26 15.26 14.97 15.70 15.26 16.28 20.44 17.01 16.13 13.94 14.02 14.60 17.96 13.94 13.51 13.51 15.11 7.88 5.40 4.16 4.96 5.48 2.63 4.74 4.28 9.66 18.44 21.83 21.39 22.63 25.92 29.74 28.30 29.68 22.56 20.08 20.88 17.81 12.85 3.14 3.14 4.53 0.88 0.00 0.00 0.00 0.00 0.00 0.00 0.00 0.00 0.00 0.00 0.00 0.00 0.00 0.00 0.00 0.00 4.02 14.45 12.19 14.60 12.26 12.48 12.48 11.10 11.90 7.66 5.62 6.20 5.62 8.76 9.64 12.70 10.07 9.93 12.19 10.95 6.79 7.52
10.73 12.63 12.12 13.36 13.07 15.33 17.52 21.97 23.29 23.51 19.71 19.35 14.82 16.21 17.23 15.11 11.90 5.04 5.04 4.82 5.26 6.72 7.30 8.54 9.71 4.45 5.55 9.76 8.40 11.75 15.48 17.30 16.72 19.93 23.73 29.05 31.13 31.39 26.89 23.45 24.09 19.35 9.64 9.64 3.43 1.17 1.31 0.80 0.00 0.22 0.00 0.00 0.00 0.00 0.00 0.00 0.00 0.00 0.00 0.00 0.00 0.00 0.00 3.36 4.96 9.86 8.69 11.17 11.17 8.32 4.89 0.00 0.00 0.00 2.34 8.47 13.07 12.05 14.31 13.14 13.51 12.63 11.75 8.83
7.81 8.47 7.52 10.29 14.60 14.16 15.55 20.22 22.49 19.93 22.05 21.75 20.59 17.52 10.59 8.10 9.93 4.16 4.16 5.84 10.00 9.78 15.70 13.51 15.99 14.45 7.59 8.92 12.12 14.97 14.53 13.21 14.16 19.35 17.59 24.16 23.87 26.79 26.31 29.05 25.31 21.90 18.83 18.83 11.68 13.80 9.93 6.50 3.14 3.94 0.22 0.00 0.00 0.00 0.00 0.00 0.00 0.00 2.34 3.87 1.90 0.00 0.00 0.00 0.00 3.58 0.00 4.31 4.31 0.00 0.00 0.00 0.00 0.66 0.29 2.56 7.74 6.13 11.83 13.58 13.07 12.34 9.27 6.28
8.61 9.05 6.72 8.76 11.32 19.27 21.53 20.95 23.43 18.54 15.11 16.06 16.06 15.84 9.71 3.94 4.67 4.60 4.60 8.03 13.94 19.71 22.34 18.47 19.78 18.25 18.40 12.19 13.49 18.00 21.11 20.47 19.12 13.29 17.16 16.50 17.37 21.02 24.82 22.19 23.01 21.32 21.17 21.17 19.13 18.83 16.86 11.17 7.30 3.07 4.16 1.53 0.15 0.00 0.00 0.00 0.00 0.00 0.00 0.00 4.82 0.00 0.00 0.00 0.00 1.46 0.00 0.00 0.00 0.00 0.00 0.00 0.00 0.00 0.00 0.00 3.14 7.37 5.04 9.34 9.05 12.41 11.24 7.88
8.61 9.05 6.72 8.76 11.32 19.27 21.53 20.95 22.85 18.54 15.11 16.06 16.06 15.84 9.71 3.94 4.67 4.62 4.60 8.03 13.94 19.71 22.34 18.47 19.78 18.25 18.40 12.19 13.29 17.37 20.37 20.37 18.54 13.29 17.24 16.58 17.37 20.91 25.07 22.19 22.78 21.32 21.17 21.17 19.13 18.83 16.86 11.17 7.30 3.07 4.16 1.53 0.15 0.00 0.00 0.00 0.00 0.00 0.00 0.00 4.82 0.00 0.00 0.00 0.00 1.46 0.00 0.00 0.00 0.00 0.00 0.00 0.00 0.00 0.00 0.00 3.14 7.37 5.04 9.34 9.05 12.41 11.24 7.88
11.61 12.26 8.54 7.45 12.48 19.78 21.17 23.05 23.49 19.42 15.99 14.38 10.80 7.01 8.40 4.82 5.33 10.00 10.00 16.13 14.09 19.05 22.19 26.50 23.21 23.80 22.34 24.89 17.74 20.95 23.58 20.81 16.94 17.89 13.14 10.29 13.72 12.56 17.39 18.32 16.06 16.43 16.72 16.72 20.37 20.59 17.45 18.40 15.04 11.83 12.92 6.57 0.00 0.00 0.00 0.00 0.00 0.00 0.00 0.00 3.14 2.92 1.90 0.00 0.00 0.00 0.00 0.00 0.00 0.00 0.00 0.00 0.00 0.00 0.00 0.00 0.00 1.97 4.02 7.96 8.10 8.83 6.64 3.58
