Wansh/Snow_depth/snowdepth-1993/winter/1994002.txt
ncols 321
nrows 161
xllcenter 60
yllcenter 15 
cellsize  0.25 
NODATA_value -1
[rows 37 to 73 of 161, columns 0 to 83 of 321]
3.07 3.07 2.70 5.04 4.60 7.30 10.07 12.63 14.16 13.65 14.82 11.61 9.86 10.37 7.74 7.23 4.96 5.48 4.38 2.77 3.58 3.21 4.60 4.02 2.48 2.70 2.70 2.77 2.70 0.00 2.41 1.17 3.58 5.91 5.33 6.94 6.20 5.84 1.17 0.00 0.00 0.00 0.58 3.14 2.70 3.36 2.48 2.92 4.89 3.65 6.20 6.20 7.37 6.86 1.75 0.00 0.00 0.00 0.00 0.00 0.00 1.75 0.07 0.00 0.00 0.00 0.00 8.18 4.31 3.21 1.53 7.81 8.61 11.68 12.99 13.58 13.58 12.26 11.24 13.21 18.10 16.21 13.14 15.11
0.00 0.00 0.00 3.43 3.36 2.12 7.52 9.56 14.38 14.16 14.53 10.95 8.98 6.42 6.50 4.96 5.99 5.91 6.35 6.13 5.04 3.14 3.43 1.61 1.46 2.34 2.34 0.88 1.61 0.00 0.00 0.00 0.00 0.00 0.58 1.46 1.75 1.90 1.97 0.88 0.00 0.15 1.68 2.48 2.26 2.63 1.46 0.58 0.80 3.14 3.72 3.72 7.01 7.45 1.39 0.00 0.00 0.00 0.00 0.00 0.00 0.00 0.00 0.00 0.00 0.00 6.13 14.38 14.67 17.45 16.43 9.13 11.24 12.05 12.92 12.85 12.85 12.63 16.13 18.83 17.74 18.18 18.91 16.50
0.00 0.00 0.00 0.00 0.07 1.46 5.62 5.48 7.74 11.02 10.29 10.51 8.69 5.62 5.04 5.26 6.42 7.45 7.66 7.15 7.74 7.01 4.02 1.17 0.66 2.85 2.85 0.00 0.00 0.00 0.00 0.00 0.00 0.15 0.00 1.75 2.92 2.26 1.31 1.61 0.00 2.19 3.94 4.67 3.80 6.13 3.21 2.63 1.61 2.77 2.19 2.19 7.96 7.37 6.64 0.00 1.97 7.52 0.00 0.00 0.00 0.00 0.00 0.00 0.00 7.96 4.82 13.65 17.01 16.28 14.31 12.99 11.61 11.53 10.59 9.78 9.78 9.93 13.43 17.30 15.84 16.43 16.50 16.06
0.00 0.00 0.00 0.00 0.00 3.36 3.87 8.69 7.88 10.29 11.02 9.93 10.66 7.23 6.86 8.10 10.07 8.91 8.47 8.18 8.18 8.61 7.74 7.59 7.52 4.16 4.16 2.41 0.00 0.00 0.95 0.66 2.12 2.99 4.96 4.53 6.06 5.40 7.45 6.94 6.35 6.50 5.77 8.25 8.10 11.39 7.52 8.61 5.18 3.72 6.35 6.35 8.10 8.98 8.83 10.00 8.32 0.00 0.00 0.00 0.00 0.00 0.00 0.00 0.00 4.74 12.63 14.82 15.99 15.55 13.58 11.53 12.85 11.17 11.24 11.53 11.53 10.95 12.56 13.29 14.45 13.43 12.26 12.56
0.00 0.00 0.00 2.92 6.72 4.89 12.12 10.80 14.24 14.09 12.85 11.17 11.32 10.22 9.42 9.64 9.86 11.24 9.86 8.98 9.20 9.49 9.34 10.29 10.22 8.83 8.83 5.77 0.07 0.00 3.36 4.38 8.83 7.15 9.86 11.53 10.66 9.42 9.93 8.32 7.74 8.91 13.21 15.70 15.33 18.76 16.43 11.53 14.38 8.47 11.32 11.32 10.51 10.59 8.03 6.35 9.78 0.00 0.00 0.29 0.80 0.00 0.00 0.00 0.00 4.67 14.53 14.89 14.31 10.00 12.41 13.80 10.51 13.29 12.92 14.02 14.02 12.99 13.07 12.78 12.99 12.41 12.70 12.99
0.00 0.00 0.00 6.79 10.44 13.72 13.94 13.87 14.97 14.31 14.45 12.26 10.88 9.64 9.78 9.71 11.10 12.92 14.45 15.70 12.63 11.61 12.19 12.63 12.41 12.41 12.41 10.66 8.25 4.96 5.11 3.50 6.28 8.03 9.05 11.68 12.34 11.61 11.39 11.24 10.88 13.65 12.92 15.55 17.52 18.03 20.08 18.61 20.73 17.52 16.86 16.86 13.29 13.58 16.72 12.70 14.38 0.00 0.00 0.00 0.00 0.00 0.00 0.00 0.95 14.09 16.35 15.91 14.31 10.07 11.97 12.63 11.10 11.46 11.90 4.23 4.23 7.96 8.47 7.96 11.61 6.35 10.84 14.38
7.37 7.37 0.00 7.45 12.05 14.38 15.84 15.55 14.09 14.09 12.56 10.73 11.39 9.71 9.86 12.78 12.19 14.02 15.48 15.62 15.04 14.75 14.16 15.99 16.13 16.13 16.13 14.16 11.02 7.30 4.23 4.89 3.87 5.40 6.79 10.15 7.59 10.80 11.02 8.47 10.66 11.02 13.51 12.85 17.52 14.53 16.57 19.86 17.52 17.81 18.69 18.69 18.69 17.30 12.63 15.70 17.01 0.00 0.00 0.00 0.00 0.00 8.25 16.57 17.89 17.89 18.32 16.43 15.70 12.99 12.19 6.42 4.38 4.96 0.00 0.00 0.00 1.02 2.04 0.00 2.63 9.20 8.83 11.90
9.20 9.20 10.51 9.86 12.05 14.45 17.23 16.64 14.31 14.82 12.78 11.10 10.15 10.66 9.13 11.83 15.55 15.18 14.89 14.89 13.94 14.45 14.45 15.40 16.43 15.11 15.11 12.78 13.36 10.00 6.72 5.40 5.26 5.40 4.67 4.16 4.16 4.38 6.28 7.59 2.19 2.99 2.26 7.59 10.73 10.73 14.82 15.99 15.11 17.37 16.28 16.28 18.25 25.62 24.60 24.31 20.29 0.00 0.00 0.00 0.00 10.37 16.79 18.03 18.54 18.54 18.25 15.55 16.43 12.70 0.00 3.07 0.00 0.00 0.00 0.00 0.00 0.00 0.00 0.00 0.00 6.28 11.75 11.01
11.24 11.24 13.51 13.07 15.40 15.04 17.23 15.18 13.87 11.97 12.63 10.66 10.22 9.42 9.34 10.00 12.99 13.36 13.51 13.36 12.63 12.99 14.45 15.11 14.89 14.67 14.67 14.16 13.65 11.97 11.24 8.25 10.80 8.03 5.84 3.87 4.23 3.87 4.16 0.00 1.39 0.37 3.58 1.90 8.25 11.32 0.00 0.00 0.00 0.00 0.00 0.00 0.00 26.35 25.62 21.83 0.00 0.00 0.00 0.00 7.66 11.61 15.84 18.25 19.05 21.32 18.91 15.70 14.31 6.94 6.57 0.00 2.92 0.00 0.00 0.00 0.00 0.00 2.04 2.04 2.34 11.83 13.36 15.77
11.24 11.24 13.51 13.07 15.40 15.04 17.23 15.18 13.87 11.97 12.63 10.66 10.22 9.42 9.34 10.00 12.99 13.36 13.51 13.36 12.63 12.99 14.45 15.11 14.89 14.67 14.67 14.16 13.65 11.97 11.24 8.25 10.80 8.03 5.84 3.87 4.23 3.87 4.16 0.00 1.39 0.37 3.58 1.90 8.25 11.32 0.00 0.00 0.00 0.00 0.00 0.00 0.00 26.35 25.62 21.83 0.00 0.00 0.00 0.00 7.66 11.61 15.84 18.25 19.05 21.32 18.91 15.70 14.31 6.94 6.57 0.00 2.92 0.00 0.00 0.00 0.00 0.00 2.04 2.04 2.34 11.83 13.36 15.93
14.31 14.31 14.31 14.09 14.24 15.04 15.48 12.99 8.25 9.71 10.80 9.71 12.56 11.10 11.61 12.85 12.26 12.19 12.19 10.37 11.39 10.95 12.41 13.14 12.26 12.12 12.12 12.05 14.02 15.04 12.70 11.75 12.19 9.86 0.00 0.00 3.14 0.00 0.00 1.53 1.46 0.80 0.00 0.00 0.00 1.90 0.00 0.00 0.00 0.00 0.00 0.00 25.33 24.45 24.89 22.41 0.00 0.00 9.13 0.00 11.83 14.38 13.51 17.74 21.32 20.29 21.68 17.67 13.43 0.00 9.13 11.46 9.78 6.13 4.45 9.20 9.20 5.91 6.57 7.01 14.67 14.02 15.04 18.47
14.31 14.31 14.24 14.09 11.75 10.59 10.29 6.13 6.57 6.72 9.86 13.43 10.22 12.12 11.17 12.12 11.46 10.29 9.05 8.76 8.91 10.37 9.93 11.32 11.24 12.70 12.70 15.18 16.28 16.57 14.31 11.90 8.83 0.00 0.00 0.00 0.00 0.00 0.00 0.00 0.00 0.00 1.31 3.50 2.34 3.94 6.06 0.00 13.80 0.00 20.66 20.66 22.41 21.61 24.60 18.76 16.06 14.53 11.97 10.37 9.93 10.59 8.76 13.36 17.16 16.06 14.67 14.31 13.43 9.56 9.27 12.12 11.68 10.51 10.22 10.80 10.80 10.29 8.69 14.38 17.01 19.35 19.49 20.51
13.80 13.80 12.99 11.97 12.12 11.24 8.76 5.77 3.36 3.43 6.13 9.49 5.69 4.45 9.42 8.32 7.88 6.35 3.80 4.16 6.28 8.10 9.13 10.95 10.59 12.78 12.78 14.38 13.36 10.59 10.80 10.15 7.96 0.00 0.00 0.00 0.00 0.00 2.99 0.00 0.00 0.00 3.50 7.37 5.04 9.49 8.25 11.53 12.70 15.11 14.53 14.53 18.69 18.40 16.21 16.57 15.48 11.97 10.80 8.83 7.37 7.15 8.40 8.83 11.97 8.18 9.93 9.71 13.65 0.00 0.00 2.85 6.13 0.00 8.10 10.80 10.80 11.61 18.83 17.08 16.94 19.54 19.66 20.29
11.90 11.90 10.37 9.93 11.32 10.59 9.56 6.35 3.72 0.95 3.94 5.26 2.12 1.68 3.65 5.69 6.20 0.00 2.34 0.00 0.00 0.00 0.00 11.90 11.46 0.00 0.00 13.87 0.00 0.00 0.00 0.00 0.00 0.00 0.00 0.00 0.00 10.66 6.35 1.83 0.15 4.09 8.76 10.15 11.97 11.10 12.34 11.90 12.12 13.43 14.97 14.97 16.64 15.26 15.40 15.04 13.87 13.21 12.12 9.78 8.69 12.85 10.88 8.25 7.45 3.50 0.00 0.00 0.00 0.00 0.00 0.00 3.72 10.29 8.83 11.46 11.46 23.00 22.56 21.75 22.19 18.31 19.22 15.71
1.46 1.46 8.32 5.84 9.34 8.10 7.59 7.15 4.23 0.00 0.00 0.00 0.00 0.00 1.17 0.00 0.00 0.00 0.00 0.00 0.00 0.00 0.00 0.00 0.00 0.00 0.00 0.00 0.00 0.00 0.00 0.00 0.00 10.07 12.78 10.22 9.13 5.69 7.23 4.38 6.06 5.18 6.13 8.40 9.49 10.51 11.61 9.56 11.97 13.14 14.09 14.09 10.88 13.21 13.94 13.51 14.16 15.70 16.21 13.94 16.21 11.46 12.92 8.03 8.54 6.64 0.00 0.00 0.00 0.00 0.00 6.13 11.24 12.48 15.77 20.22 20.22 24.45 24.53 17.08 17.08 17.45 11.75 11.24
1.68 1.68 1.46 1.39 6.57 4.45 1.02 1.53 2.19 0.00 0.00 0.00 0.00 0.00 0.00 0.00 0.00 0.00 0.00 0.00 0.00 0.00 0.00 0.00 0.00 0.00 0.00 0.00 0.00 0.00 0.00 0.00 0.00 9.20 10.29 6.20 6.64 4.74 1.31 3.80 6.72 6.79 6.64 8.18 8.76 10.00 9.27 9.20 8.61 9.71 11.53 11.53 7.52 10.44 11.02 10.73 16.72 16.21 18.47 19.86 19.49 14.38 18.69 14.31 12.41 13.14 12.34 13.21 0.00 17.89 14.97 16.79 16.64 16.21 14.60 15.26 15.26 17.81 7.66 9.64 10.66 12.56 9.56 11.61
0.00 0.00 0.00 0.00 0.95 0.37 0.00 0.00 0.00 0.00 0.00 0.00 0.00 0.00 0.00 0.00 0.00 0.00 0.00 0.00 0.00 0.00 0.00 0.00 0.00 0.00 0.00 0.00 0.00 0.00 0.00 0.00 0.80 3.65 5.33 5.48 3.80 2.34 0.00 1.68 4.96 6.13 6.50 8.40 8.25 8.54 7.88 6.50 8.76 5.84 5.55 5.55 5.91 8.03 10.29 12.05 14.31 14.67 16.79 19.93 21.53 21.46 22.12 20.37 18.98 21.46 19.78 11.24 23.94 23.65 23.94 24.82 23.36 19.71 14.02 11.97 11.97 11.24 4.45 7.37 9.34 9.86 9.34 13.11
0.00 0.00 0.00 0.00 0.00 0.00 0.00 0.00 0.00 0.00 0.00 0.00 0.00 0.00 0.00 0.00 0.00 0.00 0.00 0.00 0.00 0.00 0.00 0.00 0.00 0.00 0.00 0.00 0.00 0.00 0.00 0.00 0.00 0.58 4.53 3.07 0.00 0.00 0.07 2.04 5.91 6.57 6.79 7.96 6.94 7.37 6.28 6.64 1.24 3.21 6.28 6.28 7.52 8.40 7.74 11.53 11.24 14.38 15.62 18.47 20.51 21.32 22.19 22.48 22.05 20.95 21.83 23.94 23.29 25.55 25.55 26.43 12.34 8.91 9.86 8.03 8.03 5.26 4.45 6.35 8.47 8.69 10.15 10.42
0.00 0.00 0.00 0.00 0.00 0.00 0.00 0.00 0.00 0.00 0.00 0.00 0.00 0.00 0.00 0.00 0.00 0.00 0.00 0.00 0.00 0.00 0.00 0.00 0.00 0.00 0.00 0.00 0.00 0.00 0.00 0.00 0.00 0.00 0.00 0.00 0.58 0.00 0.00 0.00 3.43 6.13 6.50 6.50 6.42 6.50 6.64 3.72 0.00 1.75 5.26 5.26 6.13 9.13 9.13 9.86 9.93 12.85 16.72 18.47 24.02 23.80 23.94 21.75 22.27 21.46 22.56 22.92 24.67 27.23 12.99 9.42 6.64 5.26 1.90 4.23 4.23 6.42 5.99 7.23 7.23 8.82 0.00 1.32
0.00 0.00 0.00 0.00 0.00 0.00 0.00 0.00 0.00 0.00 0.00 0.00 0.00 0.00 0.00 0.00 0.00 0.00 0.00 0.00 0.00 0.00 0.00 0.00 0.00 0.00 0.00 0.00 0.00 0.00 0.00 0.00 0.00 0.00 0.00 0.00 0.00 0.00 0.00 0.00 3.21 5.99 7.37 0.51 0.00 0.00 0.00 0.00 0.00 0.00 3.65 3.65 3.29 7.45 9.49 10.37 12.78 12.05 19.35 25.11 27.89 26.21 26.86 27.16 28.91 33.14 27.52 29.86 20.08 4.89 4.09 4.53 3.72 2.85 1.68 3.14 3.14 5.77 5.40 4.45 2.26 0.00 0.00 0.00
0.00 0.00 0.00 0.00 0.00 0.00 0.00 0.00 0.00 0.00 0.00 0.00 0.00 0.00 0.00 0.00 0.00 0.00 0.00 0.00 0.00 0.00 0.00 0.00 0.00 0.00 0.00 0.00 0.00 0.00 0.00 0.00 0.00 0.00 0.00 0.00 0.00 0.00 0.00 0.00 0.29 3.14 0.00 0.00 0.00 0.00 0.00 0.00 0.00 0.00 3.36 3.36 1.75 10.51 10.29 10.59 12.12 15.40 20.08 24.82 29.64 25.77 26.94 29.64 32.78 22.12 33.29 12.70 7.37 2.26 0.80 2.85 1.39 2.12 2.19 2.19 2.19 3.65 1.02 1.61 0.00 0.00 0.00 0.00
0.00 0.00 0.00 0.00 0.00 0.00 0.00 0.00 0.00 0.00 0.00 0.00 0.00 0.00 0.00 0.00 0.00 0.00 0.00 0.00 0.00 0.00 0.00 0.00 0.00 0.37 0.37 0.51 0.00 0.00 0.00 0.00 0.00 0.00 0.00 0.00 0.00 0.00 0.00 0.00 0.00 0.00 0.00 0.00 0.00 0.00 0.00 0.00 0.00 2.48 6.06 6.06 11.90 10.37 11.32 11.17 13.14 18.18 19.20 24.02 26.13 21.02 20.37 25.55 9.34 11.39 21.90 4.67 2.19 0.95 0.95 0.66 2.77 2.41 2.92 2.70 2.70 0.07 0.00 0.00 0.00 0.00 0.00 0.00
0.00 0.00 0.00 0.00 0.00 0.00 0.00 0.00 0.00 0.00 0.00 0.00 0.00 0.00 0.00 0.00 0.00 0.00 0.00 0.00 0.00 0.00 0.00 0.00 0.00 0.00 0.00 0.00 0.00 0.00 0.00 0.00 0.00 0.00 0.00 0.00 0.00 0.00 0.00 0.00 0.51 0.00 0.00 1.39 0.00 0.00 0.00 0.00 4.23 5.77 9.05 9.05 13.29 11.46 13.36 12.34 17.30 20.15 20.51 22.05 13.87 14.16 11.53 14.82 3.14 5.33 1.46 4.23 0.00 0.00 0.00 0.95 1.31 2.34 0.00 0.00 0.00 0.00 0.00 0.00 0.00 0.00 0.00 0.00
0.00 0.00 0.00 0.00 0.00 0.00 0.00 0.00 0.00 0.00 0.00 0.00 0.00 0.00 0.00 0.00 0.00 0.00 0.00 0.00 0.00 0.00 0.00 0.00 0.00 0.00 0.00 0.00 0.00 0.00 0.00 0.00 0.00 0.00 0.00 0.00 2.19 1.10 3.94 3.29 4.89 2.56 1.31 3.50 3.87 3.65 3.29 6.64 6.50 8.32 11.17 11.17 14.31 13.14 12.78 20.15 18.10 19.05 17.30 11.39 7.74 5.55 0.00 0.15 0.00 0.29 0.00 0.00 0.00 0.00 0.00 0.00 0.00 0.22 0.00 0.00 0.00 0.00 0.00 0.00 0.00 0.00 0.00 0.00
0.00 0.00 0.00 0.00 0.00 0.00 0.00 0.00 0.00 0.00 0.00 0.00 0.00 0.00 0.00 0.00 0.00 0.00 0.00 0.00 0.00 0.00 0.00 0.00 0.00 0.00 0.00 0.00 0.00 0.00 0.00 3.07 4.74 5.33 3.50 6.35 3.43 2.92 6.42 5.91 6.64 5.18 4.45 6.13 5.62 6.28 6.86 7.74 9.93 12.34 15.70 15.70 14.82 14.38 18.98 16.79 14.67 11.53 9.20 6.64 3.43 1.90 0.00 0.00 0.00 0.00 0.00 0.00 0.00 0.00 0.00 0.00 0.00 0.00 0.00 0.00 0.00 0.00 0.00 0.00 0.00 0.00 0.00 0.00
0.00 0.00 0.00 0.00 0.00 0.00 0.00 0.00 0.00 0.00 0.00 0.00 0.00 0.00 0.00 0.00 0.00 0.00 0.00 0.00 0.00 0.00 0.00 0.00 0.00 0.00 0.00 0.00 0.00 0.51 4.74 4.09 5.11 6.28 7.01 7.66 7.59 7.08 6.79 6.50 6.28 5.84 4.89 4.96 4.60 6.06 6.94 8.18 10.29 11.17 12.85 12.85 10.88 14.60 12.48 12.70 11.32 9.93 10.73 8.10 5.40 4.45 0.51 0.00 0.00 0.00 0.00 0.22 0.00 0.00 0.00 0.00 0.00 0.00 0.00 0.00 0.00 0.00 0.00 0.00 0.00 0.00 0.00 0.00
0.00 0.00 0.00 0.00 0.00 0.00 0.00 0.00 0.00 0.00 0.00 0.00 0.00 0.00 0.00 0.00 0.00 0.00 0.00 0.00 0.00 0.00 0.00 0.00 0.00 0.00 0.00 0.00 0.29 3.72 6.57 5.99 5.55 6.42 7.37 8.32 6.79 7.23 6.72 7.30 5.84 6.42 5.18 4.96 5.18 6.79 7.59 8.40 6.42 7.74 10.44 10.44 14.45 10.07 9.49 8.69 10.07 8.32 10.15 10.88 7.52 7.23 2.56 0.00 0.00 0.00 0.00 0.29 0.00 0.00 0.00 0.00 0.00 0.00 0.00 0.00 0.00 0.00 0.00 0.00 0.00 0.00 0.00 0.00
0.00 0.00 0.00 0.00 0.00 0.00 0.00 0.00 0.00 0.00 0.00 0.00 0.00 0.00 0.00 0.00 0.00 0.00 0.00 0.00 0.00 0.00 0.00 0.00 0.00 0.00 0.00 1.02 0.22 2.70 5.77 6.64 3.72 4.38 4.60 1.75 4.16 6.57 6.13 5.33 6.28 6.28 6.28 5.62 6.57 6.42 6.86 6.64 4.89 6.57 8.47 8.47 10.59 8.32 8.54 7.52 9.27 12.34 11.32 11.32 6.94 4.26 3.58 0.80 2.12 0.00 0.00 0.00 0.00 0.00 0.00 0.00 0.00 0.00 0.00 0.00 0.00 0.00 0.00 0.00 0.00 0.00 0.00 0.00
0.00 0.00 0.00 0.00 0.00 0.00 0.00 0.00 0.00 0.00 0.00 0.00 0.00 0.00 0.00 0.00 0.00 0.00 0.00 0.00 0.00 0.00 0.00 0.00 0.00 0.00 0.00 0.51 4.09 5.11 2.77 1.10 0.66 1.97 0.00 0.73 0.00 2.26 4.89 2.77 5.18 6.86 5.40 5.77 5.91 6.13 5.55 4.67 5.26 5.33 7.08 7.08 8.32 9.27 8.18 11.02 13.36 13.65 13.58 10.22 7.08 3.87 4.82 3.50 1.10 0.00 0.00 0.00 0.00 0.00 0.00 0.00 0.00 0.00 0.00 0.00 0.00 0.00 0.00 0.00 0.00 0.00 0.00 0.00
0.00 0.00 0.00 0.00 0.00 0.00 0.00 0.00 0.00 0.00 0.00 0.00 0.00 0.00 0.00 0.00 0.00 0.00 0.00 0.00 0.00 0.00 0.00 0.00 0.00 0.00 0.00 0.00 2.41 3.72 0.00 0.00 0.00 0.00 0.00 0.00 0.00 0.00 0.44 0.00 3.65 2.56 5.33 6.28 5.69 4.96 6.06 5.99 4.31 6.35 7.23 7.23 7.23 7.52 11.46 12.99 14.38 13.21 11.02 9.86 6.42 5.91 4.16 2.26 3.14 2.41 0.73 0.00 0.00 0.00 0.00 0.00 0.00 0.00 0.00 0.00 0.00 0.00 0.00 0.00 0.00 0.00 0.00 0.00
0.00 0.00 0.00 0.00 0.00 0.00 0.00 0.00 0.00 0.00 0.00 0.00 0.00 0.00 0.00 0.00 0.00 0.00 0.00 0.00 0.00 0.00 0.00 0.00 0.00 0.00 0.00 0.00 0.00 0.00 0.00 0.00 0.00 0.00 0.00 0.00 0.00 0.00 0.00 0.00 4.16 2.12 5.04 5.69 5.62 5.62 6.50 6.35 7.37 7.37 8.03 8.03 9.27 10.88 11.53 12.41 12.26 11.97 9.13 9.34 7.15 4.60 3.36 3.21 0.51 0.88 1.97 0.88 0.00 0.00 0.00 0.00 0.00 0.00 0.00 0.00 0.00 0.00 0.00 0.00 0.00 0.00 0.00 0.00
0.00 0.00 0.00 0.00 0.00 0.00 0.00 0.00 0.00 0.00 0.00 0.00 0.00 0.00 0.00 0.00 0.00 0.00 0.00 0.00 0.00 0.00 0.00 0.00 0.00 0.00 0.00 0.00 0.00 0.00 0.00 0.00 0.00 0.00 0.00 0.00 0.00 0.00 0.00 0.00 0.00 1.10 3.87 6.28 5.55 6.64 6.64 6.50 7.96 8.54 9.42 9.42 11.17 12.70 11.83 11.39 10.95 8.69 8.32 8.54 8.10 3.58 4.31 1.90 0.58 1.46 1.61 0.88 0.00 0.00 0.00 0.00 0.00 0.00 0.00 0.00 0.00 0.00 0.00 0.00 0.00 0.00 0.00 0.00
0.00 0.00 0.00 0.00 0.00 0.00 0.00 0.00 0.00 0.00 0.00 0.00 0.00 0.00 0.00 0.00 0.00 0.00 0.00 0.00 0.00 0.00 0.00 0.00 0.00 0.00 0.00 0.00 0.00 0.00 0.00 0.00 0.00 0.00 0.00 0.00 0.00 0.00 0.00 0.80 0.00 0.00 3.29 5.99 8.40 7.52 7.81 10.29 11.83 11.39 11.75 11.75 13.43 14.16 12.70 12.41 14.53 12.26 10.80 13.72 11.83 4.82 6.42 4.16 0.51 1.39 2.64 1.90 0.66 0.00 0.00 0.00 0.00 0.00 0.00 0.00 0.00 0.00 0.00 0.00 0.00 0.00 0.00 0.00
0.00 0.00 0.00 0.00 0.00 0.00 0.00 0.00 0.00 0.00 0.00 0.00 0.00 0.00 0.00 0.00 0.00 0.00 0.00 0.00 0.00 0.00 0.00 0.00 0.00 0.00 0.00 0.00 0.00 0.00 0.00 0.00 0.00 0.00 0.00 0.00 0.00 0.00 0.00 0.58 1.24 3.94 6.86 8.10 9.93 10.15 9.64 14.38 16.64 18.10 19.71 19.71 18.40 15.18 14.97 17.23 17.01 14.53 12.85 15.62 14.53 9.42 9.20 5.62 3.36 2.77 2.56 1.31 0.22 0.37 0.00 0.00 0.00 0.00 0.00 0.00 0.00 0.00 0.00 0.00 0.00 0.00 0.00 0.00
0.00 0.00 0.00 0.00 0.00 0.00 0.00 0.00 0.00 0.00 0.00 0.00 0.00 0.00 0.00 0.00 0.00 0.00 0.00 0.00 0.00 0.00 0.00 0.00 0.00 0.00 0.00 0.00 0.00 0.00 0.00 0.00 0.00 0.00 0.00 0.00 0.00 0.00 0.00 0.00 0.00 1.97 5.40 7.52 10.44 11.24 12.63 15.70 18.25 14.16 19.71 19.71 17.89 17.23 17.08 17.08 17.52 16.57 13.94 14.82 15.18 11.02 9.86 8.61 3.50 2.99 2.56 1.31 0.29 0.58 0.07 0.00 0.58 0.00 0.00 0.00 0.00 0.00 0.29 0.00 0.00 0.00 0.00 0.00
0.00 0.00 0.00 0.00 0.00 0.00 0.00 0.00 0.00 0.00 0.00 0.00 0.00 0.00 0.00 0.00 0.00 0.00 0.00 0.00 0.00 0.00 0.00 0.00 0.00 0.00 0.00 0.00 0.00 0.00 0.00 0.00 0.00 0.00 0.00 0.00 0.00 0.00 0.00 0.00 0.00 0.80 6.94 7.96 8.91 10.95 12.26 13.87 16.50 15.70 13.14 13.14 13.36 14.97 11.97 14.97 15.55 15.70 12.12 11.75 11.75 10.29 9.56 8.25 2.34 3.65 2.26 1.90 0.37 0.07 0.00 0.00 0.15 0.00 0.07 0.44 0.44 1.02 0.88 0.51 0.00 0.51 0.00 0.00
0.00 0.00 0.00 0.00 0.00 0.00 0.00 0.00 0.00 0.00 0.00 0.00 0.00 0.00 0.00 0.00 0.00 0.00 0.00 0.00 0.00 0.00 0.00 0.00 0.00 0.00 0.00 0.00 0.00 0.00 0.00 0.00 0.00 0.00 0.00 0.00 0.00 0.00 0.00 0.00 0.00 1.31 9.42 10.37 10.95 11.68 12.26 12.34 8.10 11.02 9.71 9.71 10.66 11.53 10.73 11.24 11.75 8.76 9.42 8.54 7.37 8.91 7.66 8.54 4.23 2.56 1.75 1.31 3.58 1.17 1.83 0.00 1.02 0.00 0.00 0.15 0.15 1.10 0.29 0.73 0.07 0.00 1.39 0.00
