Wansh/Snow_depth/snowdepth-1993/winter/1994041.txt
ncols 321
nrows 161
xllcenter 60
yllcenter 15 
cellsize  0.25 
NODATA_value -1
[rows 0 to 36 of 161, columns 84 to 167 of 321]
22.92 22.70 21.90 20.29 20.22 17.89 13.87 15.84 15.11 15.11 16.72 18.54 18.91 18.91 20.44 15.84 18.18 18.18 18.18 16.43 16.43 16.50 14.24 15.04 11.24 5.48 3.07 2.77 2.63 3.29 5.48 6.06 9.20 7.23 7.74 8.61 5.04 7.23 8.61 9.13 7.08 8.69 8.83 8.83 9.71 5.33 5.18 5.26 5.04 4.60 6.13 9.71 10.07 8.18 8.03 10.15 9.86 9.20 7.01 4.96 5.55 3.65 4.16 4.16 4.67 2.56 3.80 5.55 5.55 5.04 8.40 10.80 10.80 11.10 11.68 9.42 10.80 10.37 13.51 12.99 12.48 10.88 11.53 11.17
22.12 22.34 20.66 20.22 18.18 15.26 14.89 15.40 15.70 15.70 16.86 16.64 17.16 14.75 15.26 14.16 11.83 14.82 14.82 14.45 15.48 17.08 14.89 15.99 9.13 10.66 6.28 2.85 3.21 3.72 3.29 5.69 5.84 6.13 5.33 4.09 3.94 4.74 5.69 7.45 6.50 12.05 12.78 12.78 12.05 14.75 7.59 7.45 8.03 4.45 4.31 3.80 3.87 6.06 5.62 5.11 7.52 7.01 7.08 7.81 8.76 5.40 6.35 6.86 6.64 9.56 9.56 11.32 11.32 9.78 9.49 10.66 12.63 12.26 14.60 16.28 16.28 16.28 14.45 15.26 13.21 12.19 11.39 13.36
22.12 20.51 18.69 16.35 17.45 19.05 17.16 19.78 20.29 20.51 20.22 20.22 18.32 16.06 13.21 11.39 11.61 11.83 11.83 12.70 13.87 10.66 13.07 14.60 11.90 12.99 5.26 7.23 3.29 3.07 3.94 3.58 5.04 5.55 5.77 6.79 7.37 9.86 6.64 10.73 11.61 11.17 12.48 12.48 16.79 16.21 16.64 10.88 11.39 9.64 3.21 3.21 3.58 2.92 4.31 6.13 6.94 6.13 7.88 9.49 9.78 11.32 11.17 11.53 11.39 11.17 13.72 15.40 15.40 15.77 15.55 13.94 13.94 13.80 13.94 17.52 18.03 18.18 17.08 14.31 15.11 13.65 14.24 14.16
22.12 20.51 18.69 16.35 17.45 19.05 17.16 19.78 20.29 20.51 20.22 20.22 18.32 16.06 13.21 11.39 11.61 11.83 11.83 12.70 13.87 10.66 13.07 14.60 11.90 12.99 5.26 7.23 3.29 3.07 3.94 3.58 5.04 5.55 5.77 6.79 7.37 9.86 6.64 10.73 11.61 11.17 12.48 12.48 16.79 16.21 16.64 10.88 11.39 9.64 3.21 3.21 3.58 2.92 4.31 6.13 6.94 6.13 7.88 9.49 9.78 11.32 11.17 11.53 11.39 11.17 13.72 15.40 15.40 15.77 15.55 13.94 13.94 13.80 13.94 17.52 18.03 18.18 17.08 14.31 15.11 13.65 14.24 14.16
20.81 18.83 16.28 14.89 15.18 17.37 16.13 16.28 17.74 17.45 15.91 16.35 16.50 16.43 14.97 16.06 13.07 8.91 8.91 9.49 8.98 9.20 10.37 14.38 12.34 11.61 8.40 9.49 3.94 3.94 3.21 3.43 3.14 5.33 8.18 7.15 9.71 10.37 10.59 10.73 9.05 11.39 11.02 11.02 11.61 16.43 15.99 16.43 12.85 13.14 10.29 4.82 3.87 2.63 2.85 2.77 4.45 5.77 5.62 7.81 11.24 11.10 12.41 12.34 13.14 14.31 13.80 16.86 16.86 16.86 17.16 15.33 14.24 14.38 14.09 13.51 13.65 14.09 13.72 13.94 13.72 15.11 14.67 15.33
20.73 19.42 15.70 18.83 17.23 14.89 13.43 14.75 13.51 13.58 14.45 15.40 14.16 15.99 16.64 16.50 16.72 11.97 11.97 10.29 12.63 9.34 8.98 10.15 10.22 12.34 8.32 5.84 3.87 4.23 3.07 3.65 5.77 5.48 6.42 8.40 9.05 10.22 8.76 8.54 8.91 8.47 9.56 9.56 9.56 10.00 15.11 14.38 15.77 11.46 12.99 4.82 2.70 3.29 2.77 3.94 4.16 6.20 7.74 7.37 9.56 13.51 12.56 14.31 14.16 14.09 15.48 15.33 15.33 15.18 15.26 15.62 15.62 13.51 13.80 12.63 11.46 11.53 11.68 12.85 12.26 15.04 16.28 16.21
19.71 18.40 20.08 17.37 16.72 18.47 17.74 16.28 15.70 13.94 13.58 13.43 13.21 14.02 13.21 16.79 15.62 15.33 15.33 15.55 15.70 12.19 14.60 10.66 8.03 6.20 7.30 5.62 2.85 3.14 3.07 4.02 5.40 6.94 6.72 8.47 11.17 8.91 9.05 8.69 8.47 8.32 8.25 8.25 10.22 12.63 11.46 15.26 10.00 10.66 4.53 2.77 2.92 3.36 3.21 4.60 6.06 5.84 7.81 9.42 9.34 12.99 15.84 15.04 15.04 15.26 14.89 15.62 15.62 15.26 15.40 15.40 15.99 15.99 14.60 14.24 14.31 13.51 12.34 12.70 11.39 13.07 12.70 16.13
19.71 18.40 20.08 17.37 16.72 18.47 17.74 16.28 15.70 13.94 13.58 13.43 13.21 14.02 13.21 16.79 15.62 15.33 15.33 15.55 15.70 12.19 14.60 10.66 8.03 6.20 7.30 5.62 2.85 3.14 3.07 4.02 5.40 6.94 6.72 8.47 11.17 8.91 9.05 8.69 8.47 8.32 8.25 8.25 10.22 12.63 11.46 15.26 10.00 10.66 4.53 2.77 2.92 3.36 3.21 4.60 6.06 5.84 7.81 9.42 9.34 12.99 15.84 15.04 15.04 15.26 14.89 15.62 15.62 15.26 15.40 15.40 15.99 15.99 14.60 14.24 14.31 13.51 12.34 12.70 11.39 13.07 12.70 16.13
17.96 17.23 16.64 17.37 17.45 17.23 17.89 16.06 15.33 13.87 12.12 10.15 9.71 9.42 11.83 15.62 16.06 17.16 17.16 18.98 18.91 16.28 17.96 12.85 6.13 4.74 3.65 3.65 2.63 4.60 5.04 5.69 5.40 6.50 10.15 8.98 12.12 12.19 9.34 9.78 7.81 7.59 7.30 7.30 6.79 9.27 7.08 6.79 7.37 4.96 4.96 7.15 4.74 4.53 5.91 7.81 6.35 7.23 8.25 7.96 9.56 10.80 12.92 13.43 13.58 14.09 14.67 14.38 14.38 14.24 15.33 15.55 16.35 14.45 16.35 15.55 16.13 16.43 14.31 12.48 12.99 11.83 13.72 11.97
17.16 17.16 16.57 16.64 15.62 15.40 15.84 14.38 14.75 14.31 12.41 10.73 9.13 11.61 13.87 13.07 18.18 15.70 15.70 18.83 18.61 17.16 13.14 7.37 9.42 5.48 3.43 4.31 5.33 5.04 5.04 4.89 6.42 5.55 9.56 11.17 11.90 12.48 9.78 7.37 8.03 5.69 5.55 5.55 5.11 5.40 4.53 5.40 5.55 6.50 8.32 7.88 10.66 8.76 8.83 9.42 11.24 10.88 8.32 9.27 9.13 10.88 11.39 11.68 11.46 11.75 13.72 15.26 15.26 16.21 15.91 15.84 14.60 15.04 13.65 16.57 15.40 21.90 20.37 20.22 14.75 11.24 10.51 10.51
16.28 16.50 16.21 15.26 15.55 15.33 13.65 12.78 13.14 12.19 12.56 10.95 12.26 13.14 14.31 17.67 13.65 15.48 15.48 17.08 20.59 18.76 13.14 7.88 5.26 4.60 4.67 4.60 4.74 4.82 4.60 5.40 5.69 6.57 6.13 9.05 9.64 9.86 10.15 9.34 6.72 8.47 8.47 8.47 6.79 6.35 7.37 7.30 9.71 9.71 12.12 11.68 11.17 11.83 9.56 9.71 12.41 14.75 14.60 15.26 14.02 12.99 12.19 11.75 11.68 13.65 15.55 15.40 15.40 16.86 17.74 17.01 14.16 12.48 12.78 14.31 21.68 20.08 22.56 17.45 15.55 14.24 12.92 12.78
16.28 16.50 16.21 15.26 15.55 15.33 13.65 12.78 13.14 12.19 12.56 10.95 12.26 13.14 14.31 17.67 13.65 15.48 15.48 17.08 20.59 18.76 13.14 7.88 5.26 4.60 4.67 4.60 4.74 4.82 4.60 5.40 5.69 6.57 6.13 9.05 9.64 9.86 10.15 9.34 6.72 8.47 8.47 8.47 6.79 6.35 7.37 7.30 9.71 9.71 12.12 11.68 11.17 11.83 9.56 9.71 12.41 14.75 14.60 15.26 14.02 12.99 12.19 11.75 11.68 13.65 15.55 15.40 15.40 16.86 17.74 17.01 14.16 12.48 12.78 14.31 21.68 20.08 22.56 17.45 15.55 14.24 12.92 12.78
14.31 15.40 15.62 15.26 13.29 12.41 12.56 12.56 12.19 12.05 13.58 14.53 14.24 14.67 20.37 16.86 19.78 20.95 20.95 20.73 21.10 19.42 12.92 8.69 5.91 5.77 5.77 4.96 5.18 4.89 8.54 7.45 7.74 5.99 10.07 10.44 9.56 14.16 10.37 10.51 12.26 10.15 9.71 9.71 10.73 8.98 11.32 11.61 11.17 14.02 14.09 16.13 13.14 13.94 10.15 11.46 10.73 15.33 15.70 15.99 13.58 12.63 12.70 12.63 13.36 13.29 14.31 15.48 15.48 15.26 17.08 16.57 15.11 15.70 12.99 16.35 14.97 21.53 20.37 16.86 17.45 14.24 13.51 13.80
14.89 14.60 15.99 13.58 13.07 12.41 12.26 12.26 12.48 12.05 13.58 18.54 20.00 22.12 21.32 18.54 18.91 19.78 19.78 18.54 15.48 11.10 8.32 9.05 7.96 8.76 6.57 5.33 8.25 8.10 9.64 15.70 14.89 15.48 13.94 17.89 15.62 15.70 13.07 12.12 12.48 13.07 13.58 13.58 18.40 17.74 15.62 18.76 18.54 16.72 16.35 16.50 14.24 12.19 10.44 11.24 17.16 17.52 18.03 11.68 11.75 11.61 12.19 13.36 12.26 13.07 12.99 14.60 14.60 15.84 16.21 17.37 15.40 13.21 13.80 13.29 16.28 6.06 15.62 15.91 16.79 15.48 16.13 13.58
14.31 11.97 16.94 14.67 11.75 11.24 11.75 13.80 14.89 16.86 18.47 17.59 19.56 17.16 21.53 20.22 19.78 19.35 19.35 19.05 16.86 12.26 12.41 11.46 9.05 9.20 7.88 11.17 11.46 13.72 16.79 15.84 19.27 18.10 17.30 17.52 13.21 12.48 12.41 15.40 17.81 20.66 20.59 20.59 19.78 15.84 16.50 19.27 17.74 17.37 16.79 15.55 16.13 14.16 17.23 19.20 18.32 19.35 12.92 14.97 7.37 7.08 8.69 9.71 11.61 11.24 12.34 12.99 12.99 12.56 15.18 14.97 12.12 13.14 12.41 14.60 13.87 8.25 0.00 14.53 11.24 17.45 14.97 15.99
14.24 12.48 12.63 11.53 12.12 11.17 10.88 10.07 8.40 13.07 14.53 13.36 15.55 14.60 16.43 16.57 17.81 17.52 17.52 16.43 14.24 15.40 13.29 11.53 11.39 12.63 11.90 11.90 11.39 12.78 16.43 17.30 16.94 17.16 14.24 12.19 12.56 13.29 18.32 17.45 20.37 18.69 13.07 13.07 19.35 13.36 11.02 11.02 13.94 14.24 13.29 13.51 13.87 16.06 15.33 16.28 14.60 20.37 13.14 8.03 8.69 7.81 9.42 9.49 9.20 11.10 11.46 12.92 12.92 14.97 14.67 15.04 12.92 13.21 12.48 15.40 8.61 1.02 0.00 0.00 13.07 12.56 14.31 13.07
14.24 12.48 12.63 11.53 12.12 11.17 10.88 10.07 8.40 13.07 14.53 13.36 15.55 14.60 16.43 16.57 17.81 17.52 17.52 16.43 14.24 15.40 13.29 11.53 11.39 12.63 11.90 11.90 11.39 12.78 16.43 17.30 16.94 17.16 14.24 12.19 12.56 13.29 18.32 17.45 20.37 18.69 13.07 13.07 19.35 13.36 11.02 11.02 13.94 14.24 13.29 13.51 13.87 16.06 15.33 16.28 14.60 20.37 13.14 8.03 8.69 7.81 9.42 9.49 9.20 11.10 11.46 12.92 12.92 14.97 14.67 15.04 12.92 13.21 12.48 15.40 8.61 1.02 0.00 0.00 13.07 12.56 14.31 13.07
15.33 13.43 14.97 14.45 15.11 11.83 9.34 10.15 7.23 7.45 8.10 11.17 13.65 16.94 14.38 16.57 17.16 16.64 16.64 15.62 14.38 12.19 9.86 10.66 9.93 12.48 12.70 11.75 12.12 11.61 13.43 15.48 17.37 15.70 15.84 11.75 12.41 11.83 15.84 12.70 12.26 14.97 10.88 10.88 9.78 11.02 10.00 9.42 9.56 11.61 12.34 11.75 11.97 12.92 13.07 13.21 11.46 10.07 10.15 9.27 10.66 10.15 11.24 10.44 11.39 10.95 13.80 15.84 15.84 15.40 16.79 14.16 13.51 13.36 15.18 12.92 4.96 7.37 2.56 10.00 8.25 12.26 10.00 10.66
12.99 14.31 14.38 13.87 14.97 14.60 11.32 11.83 8.18 9.05 7.74 11.39 14.67 18.10 15.18 15.48 16.86 16.64 16.64 15.91 15.18 13.94 11.02 10.15 12.26 11.97 12.99 14.60 14.38 13.72 14.02 15.70 17.37 15.91 16.57 13.87 10.29 6.79 7.74 7.59 6.06 8.10 8.25 8.25 10.51 12.99 10.44 9.56 12.26 14.89 11.75 11.90 10.51 10.66 9.71 9.71 9.86 9.64 10.80 12.85 12.19 15.48 14.82 13.07 12.41 13.80 13.58 15.77 15.77 17.96 14.31 15.26 12.99 13.80 13.58 13.29 9.13 9.13 7.96 8.32 7.81 10.00 10.44 10.07
12.78 12.70 12.70 13.80 15.18 17.59 17.45 13.36 11.17 13.43 12.85 13.07 13.87 14.53 13.29 13.94 12.78 14.24 14.24 13.51 15.33 15.04 13.51 11.90 11.97 13.51 14.24 14.31 13.36 11.10 11.39 11.02 14.31 12.41 12.41 13.29 8.18 5.84 1.97 2.26 2.56 5.18 11.90 11.90 10.51 13.36 14.75 14.09 13.21 15.70 13.43 14.02 10.15 9.34 9.64 8.69 9.86 8.83 10.51 12.41 14.82 14.45 14.89 13.80 14.38 13.87 17.23 18.83 18.83 18.98 12.78 7.45 8.25 7.30 10.66 8.98 9.20 9.20 8.47 7.30 7.01 8.83 8.25 10.44
12.78 14.60 16.50 17.16 17.01 17.08 17.01 15.18 16.43 15.77 15.84 19.56 16.72 12.19 16.50 14.16 11.75 13.07 13.07 14.09 14.31 14.16 14.24 12.05 12.12 16.06 15.40 16.72 12.41 13.51 8.40 8.32 10.44 10.51 7.88 5.69 0.80 3.36 0.80 0.00 5.26 4.60 6.50 6.50 12.26 11.61 14.24 12.19 15.77 16.21 13.65 13.51 13.58 10.44 10.07 9.71 11.32 11.17 10.22 11.02 12.12 13.36 13.07 14.31 13.87 16.28 15.70 17.08 17.08 12.41 7.59 8.47 6.64 8.25 8.03 7.96 6.79 5.77 5.11 4.82 5.40 7.37 9.20 7.45
15.11 15.77 15.77 15.91 16.28 14.31 16.13 17.67 17.30 18.61 20.81 21.53 21.53 19.86 18.61 16.64 14.38 18.40 18.40 17.45 16.06 15.91 16.94 17.96 17.81 17.81 21.02 19.42 15.26 12.92 13.87 8.32 7.30 6.64 6.86 3.94 0.37 0.00 0.00 0.00 3.36 5.11 5.99 5.99 2.04 9.20 9.20 8.10 6.50 6.72 12.99 12.05 10.15 10.22 11.17 13.43 11.97 12.70 9.49 9.49 9.27 10.59 12.85 15.04 14.67 15.33 14.67 14.02 14.02 14.24 8.76 11.32 8.10 8.69 5.62 3.72 4.74 4.31 4.74 4.09 3.94 4.45 5.99 5.62
15.11 15.77 15.77 15.91 16.28 14.31 16.13 17.67 17.30 18.61 20.81 21.53 21.53 19.86 18.61 16.64 14.38 18.40 18.40 17.45 16.06 15.91 16.94 17.96 17.81 17.81 21.02 19.42 15.26 12.92 13.87 8.32 7.30 6.64 6.86 3.94 0.37 0.00 0.00 0.00 3.36 5.11 5.99 5.99 2.04 9.20 9.20 8.10 6.50 6.72 12.99 12.05 10.15 10.22 11.17 13.43 11.97 12.70 9.49 9.49 9.27 10.59 12.85 15.04 14.67 15.33 14.67 14.02 14.02 14.24 8.76 11.32 8.10 8.69 5.62 3.72 4.74 4.31 4.74 4.09 3.94 4.45 5.99 5.62
15.70 15.77 14.97 14.89 13.51 13.29 15.33 17.16 20.95 22.63 22.19 23.73 23.73 23.00 22.78 20.37 18.47 18.91 18.91 17.74 16.86 17.01 16.86 18.18 19.13 19.86 20.00 20.73 15.18 13.36 11.75 9.71 7.88 5.26 2.70 3.29 1.39 0.00 0.00 0.00 1.02 1.53 1.10 1.10 1.17 0.00 0.00 3.43 3.21 2.77 3.58 8.98 7.66 8.91 8.47 8.25 8.69 8.54 9.13 8.69 10.44 12.41 11.97 14.67 16.21 15.11 15.40 13.94 13.94 14.60 14.97 15.40 10.66 7.45 8.18 5.18 3.58 3.58 3.29 3.87 4.16 4.02 3.94 3.65
16.57 15.99 16.06 14.75 15.55 13.94 14.09 18.54 21.90 23.94 21.90 22.27 23.14 19.27 18.03 17.74 17.52 20.08 20.08 19.13 19.93 20.15 18.83 23.76 20.47 21.30 18.21 16.21 16.64 15.55 15.99 8.83 9.27 7.45 2.92 1.90 0.00 0.07 0.73 0.95 0.80 1.02 0.44 0.44 0.00 0.00 0.44 0.95 0.00 0.00 0.00 0.00 5.11 5.62 6.57 6.94 6.28 5.84 5.77 7.30 8.91 10.59 13.43 12.63 15.18 14.60 14.02 14.31 14.31 13.21 15.26 13.36 14.75 10.66 8.18 4.96 4.16 4.23 3.65 3.29 3.80 2.63 3.43 3.29
18.83 18.91 18.32 18.47 18.69 17.67 20.00 19.42 21.24 18.18 20.44 20.00 19.64 20.08 16.06 15.26 15.84 20.73 20.73 22.63 23.14 23.21 24.24 25.26 26.44 22.27 20.14 20.09 21.75 21.75 19.13 14.75 9.64 10.51 4.89 2.92 4.38 1.46 1.10 1.39 0.58 0.15 0.37 0.37 0.15 0.80 0.88 0.00 0.00 0.00 0.00 0.00 1.61 0.00 4.74 4.96 4.67 4.67 4.38 6.13 7.37 7.15 8.69 10.29 10.07 12.56 11.61 15.62 15.62 15.04 13.65 13.94 11.90 9.27 6.50 7.08 5.40 5.40 5.26 4.53 4.96 3.14 4.31 3.50
18.69 19.78 20.88 17.37 16.72 16.43 16.57 13.80 13.29 13.65 14.38 8.32 17.37 18.25 7.01 6.42 10.37 17.81 17.81 21.83 16.43 20.38 21.00 18.96 22.54 21.86 22.02 22.34 22.95 22.64 17.45 18.47 13.94 14.75 6.72 6.57 9.05 3.72 1.90 2.56 1.83 0.73 0.22 0.22 0.15 0.00 0.00 0.00 0.00 0.00 0.00 0.00 0.00 0.00 1.53 1.17 0.00 0.00 0.00 0.00 7.37 8.98 11.17 10.80 10.88 12.78 17.30 16.64 16.64 17.30 15.11 12.41 13.14 10.80 8.91 8.03 6.06 4.38 4.45 4.74 5.26 4.02 4.38 4.53
19.93 17.23 17.81 16.50 15.62 14.24 13.58 12.78 10.88 11.17 5.99 7.08 3.80 0.00 3.58 6.86 14.89 15.11 15.11 14.29 14.60 14.45 10.08 11.90 17.79 13.58 20.85 20.71 24.78 24.33 22.16 22.70 23.58 18.69 20.08 13.36 13.51 12.78 4.45 2.77 3.87 0.51 0.00 0.00 0.00 0.00 0.00 0.00 0.00 0.00 0.00 0.00 0.00 0.00 0.00 0.00 0.00 0.00 0.00 0.00 4.16 8.40 12.26 14.24 14.24 14.09 18.40 18.18 18.18 15.70 12.48 13.21 9.78 8.54 8.98 9.05 8.32 7.01 7.15 5.84 4.60 3.58 3.58 2.92
19.93 17.23 17.81 16.50 15.62 14.24 13.58 12.78 10.88 11.17 5.99 7.08 3.80 0.00 3.58 6.86 14.89 15.11 15.19 14.76 14.82 15.47 9.83 12.20 17.52 13.58 20.22 19.25 23.15 24.71 22.38 23.65 26.49 19.78 20.59 13.36 13.51 12.78 4.45 2.77 3.87 0.51 0.00 0.00 0.00 0.00 0.00 0.00 0.00 0.00 0.00 0.00 0.00 0.00 0.00 0.00 0.00 0.00 0.00 0.00 4.16 8.40 12.26 14.24 14.24 14.09 18.40 18.18 18.18 15.70 12.48 13.21 9.78 8.54 8.98 9.05 8.32 7.01 7.15 5.84 4.60 3.58 3.58 2.92
17.01 17.01 16.21 15.99 15.48 15.33 15.18 15.11 16.35 14.53 10.73 7.45 8.03 6.94 6.42 17.37 19.64 19.56 19.56 14.89 10.88 6.86 7.48 7.86 4.49 9.44 15.56 14.31 23.73 23.04 24.48 24.74 28.52 25.87 22.50 24.96 16.59 15.11 15.84 5.48 2.92 4.31 0.22 0.22 0.00 0.00 0.00 0.00 0.58 0.00 0.00 0.00 0.00 0.00 0.00 0.00 0.00 0.00 0.00 0.00 0.00 6.13 5.62 10.15 19.27 19.64 18.10 18.25 18.25 16.06 12.56 9.56 10.44 7.88 8.10 9.42 8.98 9.86 10.22 7.66 7.01 3.21 2.56 1.97
14.38 15.48 14.45 15.55 15.55 16.13 14.31 16.13 15.62 15.99 16.35 11.97 9.93 11.68 14.45 17.23 20.37 21.90 21.90 14.60 10.37 6.31 0.00 0.00 0.00 4.97 3.36 10.29 13.26 21.61 19.71 25.26 26.50 28.64 30.10 29.91 22.16 19.44 18.25 10.95 8.03 8.18 0.80 0.80 1.46 0.00 0.00 0.00 0.95 1.68 0.00 0.00 0.00 0.00 0.00 0.00 0.00 0.00 0.00 0.00 0.00 0.00 9.13 17.23 15.62 19.42 17.08 16.72 16.72 17.01 14.16 11.83 7.81 7.30 9.34 8.98 9.42 11.53 10.88 8.69 4.96 5.62 3.58 5.69
12.34 11.53 13.58 14.75 15.40 13.94 14.24 15.99 21.24 17.89 18.76 15.70 12.12 12.63 12.41 13.87 13.07 10.88 10.88 11.32 9.93 6.35 6.06 0.00 6.06 3.80 3.72 6.49 11.51 18.90 19.05 25.04 24.75 24.24 30.51 30.33 32.17 25.99 23.43 24.82 15.84 13.87 8.47 8.47 4.16 0.00 0.00 0.00 0.37 0.95 1.24 0.00 0.00 0.00 0.00 0.00 0.00 0.00 0.00 0.00 2.04 0.00 3.87 13.87 18.47 12.78 12.41 12.34 12.34 11.17 7.74 6.86 6.94 6.28 7.23 8.83 11.83 11.83 13.51 11.61 9.93 12.99 8.69 9.34
10.44 10.73 11.53 12.70 12.41 12.26 15.48 19.27 24.09 22.27 18.47 17.23 16.06 12.85 14.60 13.14 10.37 8.32 8.32 8.18 9.34 9.05 8.47 6.72 10.88 6.06 8.18 9.98 9.34 11.97 14.09 19.13 19.20 17.74 25.84 29.42 30.76 30.33 30.02 28.17 24.45 12.48 13.72 13.72 10.07 7.01 0.73 0.80 1.02 0.73 0.95 1.02 1.68 0.00 0.00 0.00 0.00 0.00 3.14 0.00 3.94 0.00 3.21 5.48 4.89 9.34 9.78 8.98 8.98 9.27 6.42 4.89 0.00 1.10 6.50 11.68 11.83 14.89 14.75 14.38 14.75 12.92 12.56 11.75
8.98 6.13 7.15 9.78 11.83 14.97 18.18 17.52 22.27 19.42 21.97 21.02 18.47 13.43 11.90 10.51 7.74 7.37 7.37 9.78 12.34 13.65 16.79 17.96 13.29 9.34 9.20 9.36 11.53 11.10 12.48 13.58 13.58 16.43 14.89 24.89 23.51 23.29 28.98 29.57 26.19 19.64 15.04 15.04 16.13 13.07 11.83 2.41 2.56 1.90 2.48 1.02 1.39 1.39 0.00 0.00 0.00 0.00 2.41 4.82 4.53 3.87 0.00 2.70 4.38 4.02 5.77 6.79 6.79 2.41 0.00 0.00 0.00 0.00 1.31 1.68 8.25 13.65 11.02 15.11 13.80 12.92 11.68 8.69
11.97 8.32 6.35 7.52 10.51 17.16 20.51 22.34 19.09 18.98 19.93 21.68 10.51 10.80 10.00 8.32 7.15 7.45 7.45 10.80 18.54 21.32 20.51 18.47 15.48 16.57 12.12 14.24 12.60 20.58 17.70 17.97 18.89 14.24 13.21 16.72 17.45 15.71 27.45 24.82 26.10 21.39 20.51 20.51 18.10 18.25 19.35 16.57 6.06 6.20 5.04 2.56 0.73 0.00 0.00 0.00 0.00 0.00 0.00 5.69 6.72 2.77 3.43 0.00 0.00 0.00 0.00 0.00 0.00 0.00 0.00 0.00 0.00 0.00 0.66 3.36 2.41 3.94 4.31 9.64 13.80 11.39 8.98 3.21
11.97 8.32 6.35 7.52 10.51 17.16 20.51 22.34 18.61 18.98 19.93 21.68 10.51 10.80 10.00 8.32 7.15 7.48 7.45 10.80 18.54 21.32 20.51 18.47 15.48 16.57 12.12 14.24 12.41 19.86 17.08 17.89 18.32 14.24 13.28 16.80 17.45 15.63 27.73 24.82 25.84 21.39 20.51 20.51 18.10 18.25 19.35 16.57 6.06 6.20 5.04 2.56 0.73 0.00 0.00 0.00 0.00 0.00 0.00 5.69 6.72 2.77 3.43 0.00 0.00 0.00 0.00 0.00 0.00 0.00 0.00 0.00 0.00 0.00 0.66 3.36 2.41 3.94 4.31 9.64 13.80 11.39 8.98 3.21
15.91 11.68 7.66 9.78 10.59 14.89 24.31 20.60 19.05 15.77 13.43 11.53 9.78 7.37 5.91 6.20 8.83 7.74 7.74 11.46 16.28 19.13 19.78 20.08 20.44 24.97 17.52 19.35 15.84 25.04 22.05 20.88 22.56 15.40 12.99 11.61 12.26 11.68 14.31 19.78 16.94 16.43 14.38 14.38 21.68 22.56 22.63 21.83 18.18 16.28 5.48 6.28 2.26 0.00 0.00 0.00 0.00 0.00 3.14 7.08 6.28 7.52 3.21 0.00 0.00 0.00 0.00 0.00 0.00 0.00 0.00 0.00 0.00 0.00 0.00 0.00 0.00 2.41 3.58 5.69 8.40 10.95 3.36 6.64
