Wansh/Snow_depth/snowdepth-1993/winter/1994037.txt
ncols 321
nrows 161
xllcenter 60
yllcenter 15 
cellsize  0.25 
NODATA_value -1
[rows 37 to 73 of 161, columns 0 to 83 of 321]
15.33 15.33 14.16 18.47 21.24 21.83 24.75 25.19 26.86 25.77 27.59 13.51 14.31 9.20 11.83 11.32 9.05 9.64 8.69 3.50 4.89 4.31 5.91 3.50 2.92 2.63 2.63 3.21 7.52 8.47 8.10 6.35 4.82 2.56 0.29 1.97 3.72 2.99 4.96 6.94 7.88 0.58 2.12 0.00 3.07 8.98 10.07 10.51 9.56 9.64 9.34 9.34 8.40 8.47 8.69 6.57 4.02 4.38 11.10 16.21 15.48 18.10 17.96 19.78 19.56 19.49 19.05 14.24 13.58 13.21 16.94 16.35 18.25 19.93 19.49 18.25 18.25 23.00 26.65 25.70 27.74 25.26 22.12 20.22
10.44 10.44 9.42 13.51 13.14 17.74 21.90 23.29 26.06 28.69 28.40 27.59 17.30 14.31 21.61 18.83 15.26 17.96 10.95 8.18 4.67 7.59 2.41 0.66 0.88 1.68 1.68 2.77 7.30 8.47 8.10 7.23 6.20 4.31 6.28 3.36 2.41 3.07 0.00 0.00 4.67 3.14 0.00 0.00 0.00 2.34 6.50 4.60 7.01 8.69 8.47 8.47 8.98 7.88 9.13 5.33 5.84 7.08 11.17 15.70 18.25 17.81 19.71 20.22 19.13 21.02 20.37 23.29 18.76 22.12 23.43 18.76 19.13 20.37 20.15 20.00 20.00 20.95 25.19 27.01 24.82 25.26 22.19 21.02
6.64 6.64 6.64 11.24 15.18 16.64 22.19 25.70 24.67 25.04 25.04 25.33 21.83 27.23 25.26 22.56 24.31 23.07 18.69 15.55 11.68 15.77 8.03 3.07 5.77 4.53 4.53 3.21 5.26 7.37 8.98 9.27 8.40 6.94 10.59 6.06 3.94 3.58 0.00 0.00 0.00 0.00 0.00 0.00 0.00 6.79 7.37 7.66 7.37 9.93 8.98 8.98 8.91 13.43 13.14 8.54 11.61 11.61 12.34 15.99 17.81 18.91 19.13 19.56 20.00 22.85 26.79 26.57 28.47 26.06 26.13 23.29 21.53 20.37 19.86 16.06 16.06 15.84 18.98 22.27 22.41 20.22 20.66 18.69
5.40 5.40 5.40 9.13 10.66 13.07 15.40 20.95 22.56 24.75 24.75 22.92 20.15 27.89 27.96 26.35 26.43 26.50 23.65 21.32 24.09 19.78 15.55 19.05 11.17 6.13 6.13 2.70 12.63 13.51 12.85 15.55 20.00 17.37 17.89 11.68 7.08 8.69 0.44 0.00 0.66 0.73 1.61 15.77 13.21 14.67 12.78 16.72 12.05 11.02 11.24 11.24 14.60 14.31 14.45 14.16 13.80 16.79 17.59 17.16 17.89 20.37 24.89 22.78 23.36 24.53 28.25 28.32 27.16 27.96 27.08 22.05 21.32 20.66 20.81 17.37 17.37 17.52 18.61 18.18 20.59 17.81 15.40 14.89
4.16 4.16 6.20 8.32 10.15 11.75 14.53 19.71 21.32 23.43 19.93 20.66 19.05 29.35 26.13 27.45 27.08 27.52 27.16 25.99 26.50 23.65 22.63 23.51 18.54 13.72 13.72 16.86 15.84 15.99 15.91 18.61 23.29 23.29 21.46 21.75 13.94 16.21 13.21 3.80 10.88 10.37 20.37 21.90 22.34 19.93 18.91 22.41 18.54 15.26 17.08 17.08 15.77 15.70 15.33 16.35 14.97 17.74 21.17 23.21 23.21 22.34 26.65 26.21 25.40 26.79 26.65 28.47 24.53 23.94 24.97 20.22 19.05 17.52 19.42 19.56 19.56 19.20 19.13 16.28 15.70 17.30 15.33 14.53
6.94 6.94 9.78 13.51 12.85 19.20 19.13 19.05 22.92 18.40 17.59 19.27 27.38 21.83 23.94 25.19 26.72 28.25 29.42 28.47 31.32 29.05 27.08 26.06 20.95 20.44 20.44 16.06 12.99 10.37 11.90 15.84 18.25 21.46 13.87 20.37 22.27 23.80 20.95 13.21 10.00 17.52 19.71 21.17 23.36 24.75 22.92 25.33 24.67 26.28 23.80 23.80 19.71 23.29 20.51 20.81 17.96 17.16 20.08 21.97 18.91 25.77 24.16 25.33 25.40 26.86 26.43 26.79 23.43 19.93 18.54 17.45 17.67 13.14 8.61 15.91 15.91 16.21 14.09 11.90 10.29 16.21 20.94 20.38
9.20 9.20 12.12 15.40 15.77 19.35 21.39 23.51 15.62 17.01 13.65 12.85 22.85 21.97 22.48 29.49 30.88 29.27 30.66 31.46 31.61 28.98 27.16 27.89 23.73 23.00 23.00 21.17 11.53 10.22 11.10 12.63 13.07 9.34 7.96 15.26 14.97 21.02 22.27 19.20 12.34 13.29 12.34 11.02 15.99 20.37 18.69 24.53 29.05 29.20 26.79 26.79 32.27 31.32 25.55 25.77 19.86 18.91 20.08 19.35 16.57 21.17 23.14 22.70 25.11 26.86 24.82 20.44 19.27 19.13 15.70 13.51 7.45 8.25 2.92 0.29 0.29 6.42 5.62 5.69 5.99 12.92 19.56 22.85
18.61 18.61 18.61 21.17 21.46 20.51 20.73 22.41 23.80 15.40 13.36 11.97 22.19 20.88 25.99 32.56 33.94 33.43 34.02 35.26 32.78 30.08 28.84 27.96 24.67 24.16 24.16 8.61 9.64 11.97 11.39 18.47 11.83 8.47 8.03 10.59 10.51 13.80 15.33 3.72 3.80 4.23 6.06 4.89 12.63 19.71 29.05 30.51 31.83 33.87 35.48 35.48 35.19 34.38 38.76 34.31 32.85 20.15 15.84 16.35 15.84 19.78 22.34 25.04 26.50 26.35 27.08 24.45 19.56 15.33 16.43 9.78 0.00 1.02 0.00 0.37 0.37 0.51 2.19 4.96 11.61 10.07 17.37 22.89
17.16 17.16 20.81 21.68 20.73 22.70 25.11 8.98 11.97 11.53 12.70 12.63 23.58 33.73 34.67 35.48 35.55 30.51 33.07 32.27 27.59 28.62 28.54 26.79 18.98 9.86 9.86 7.37 8.61 13.36 20.15 21.32 18.91 22.05 15.62 9.93 13.94 8.18 5.62 2.77 0.00 0.00 0.00 2.48 12.34 24.97 27.81 31.24 32.12 34.53 37.96 37.96 38.76 40.73 41.03 38.91 36.21 23.80 19.42 15.99 18.69 18.47 21.32 26.21 28.40 29.71 30.08 27.45 22.85 18.47 12.99 14.75 4.16 4.38 3.87 3.29 3.29 4.96 5.69 12.56 18.98 19.27 18.18 22.48
17.16 17.16 20.81 21.68 20.73 22.70 25.11 8.98 11.97 11.53 12.70 12.63 23.58 33.73 34.67 35.48 35.55 30.51 33.07 32.27 27.59 28.62 28.54 26.79 18.98 9.86 9.86 7.37 8.61 13.36 20.15 21.32 18.91 22.05 15.62 9.93 13.94 8.18 5.62 2.77 0.00 0.00 0.00 2.48 12.34 24.97 27.81 31.24 32.12 34.53 37.96 37.96 38.76 40.73 41.03 38.91 36.21 23.80 19.42 15.99 18.69 18.47 21.32 26.21 28.40 29.71 30.08 27.45 22.85 18.47 12.99 14.75 4.16 4.38 3.87 3.29 3.29 4.96 5.69 12.56 18.98 19.27 18.18 22.71
22.56 22.56 24.53 25.19 23.21 25.40 23.43 10.88 10.95 11.53 11.39 12.56 32.05 31.76 31.68 32.85 19.86 21.61 26.43 28.32 20.81 23.87 15.62 15.70 15.62 8.54 8.54 7.74 11.32 17.52 21.17 23.73 23.73 24.75 19.64 15.26 19.93 15.26 8.25 8.10 2.56 5.69 0.00 0.00 7.74 11.61 20.44 29.64 30.73 33.80 40.37 40.37 43.29 42.85 39.71 36.14 37.60 28.25 25.11 18.32 18.03 17.45 25.33 24.75 25.55 30.51 26.94 22.19 25.92 21.75 16.94 19.20 17.96 11.10 10.66 9.20 9.20 9.20 16.28 14.97 21.24 27.23 30.30 30.69
21.83 21.83 26.50 25.77 25.62 23.14 13.14 14.82 13.51 13.36 13.14 28.54 23.51 21.90 19.64 8.40 11.75 16.79 20.00 11.46 13.80 16.94 6.20 8.54 13.07 5.11 5.11 6.42 10.44 16.43 22.19 26.21 24.82 24.82 22.85 20.08 22.56 19.20 13.58 10.44 7.81 3.80 5.69 5.11 7.30 13.51 11.97 23.43 34.75 31.61 40.37 40.37 39.27 43.07 35.04 36.65 29.57 27.67 28.11 23.43 17.52 14.02 19.35 20.51 18.91 27.59 24.16 17.08 11.02 18.47 15.48 14.97 14.67 19.35 17.81 17.59 17.59 16.35 18.98 23.36 26.86 26.06 30.15 31.61
23.94 23.94 27.16 25.70 26.28 19.35 18.76 15.91 14.89 8.76 0.00 25.55 26.86 13.29 0.00 0.00 4.45 8.25 3.14 2.56 6.79 8.54 0.00 2.85 8.40 8.03 8.03 12.12 18.40 21.68 17.89 24.02 23.80 23.43 24.02 24.24 24.24 22.63 16.64 15.77 10.73 8.54 11.83 11.24 7.74 8.61 16.50 21.68 28.91 28.40 31.83 31.83 30.88 36.35 28.69 30.59 23.36 26.43 19.42 20.37 16.72 14.60 14.31 14.31 11.02 12.48 19.27 11.17 1.46 0.00 7.88 8.10 8.91 18.47 21.90 24.02 24.02 20.73 22.41 24.24 25.04 28.09 29.79 30.17
17.01 17.01 17.89 25.19 21.39 20.73 14.16 13.14 12.85 4.38 0.00 18.91 17.67 0.00 0.00 0.00 0.00 0.00 0.00 0.00 0.00 0.00 0.00 0.00 3.07 5.48 5.48 9.93 12.99 5.40 8.40 15.77 21.53 16.86 23.73 25.77 26.94 22.05 21.02 17.96 14.67 12.05 12.63 13.43 13.14 15.91 17.74 20.37 19.35 23.14 25.19 25.19 20.88 22.85 22.19 21.83 21.68 21.97 21.17 24.38 17.30 17.23 16.35 11.46 8.10 0.00 0.00 6.20 0.00 0.00 0.00 6.79 18.40 15.70 20.59 23.65 23.65 27.96 26.79 29.13 25.48 23.49 23.70 23.60
0.37 0.37 9.64 11.02 7.66 7.37 7.23 0.00 0.00 0.00 0.00 0.00 0.00 0.00 0.00 0.00 0.00 0.00 0.00 0.00 0.00 0.00 0.00 0.00 0.00 0.00 0.00 3.50 5.18 0.00 1.17 9.20 14.31 10.00 18.61 25.84 24.67 25.40 19.49 17.45 15.18 11.17 10.95 11.68 14.38 13.80 15.84 18.10 15.55 20.15 21.75 21.75 19.35 19.71 21.24 24.75 30.15 29.27 26.50 31.61 23.21 18.54 16.43 10.95 8.03 11.24 0.00 0.00 0.00 0.00 0.00 10.59 20.95 21.02 20.29 19.56 19.56 22.63 20.59 16.06 13.51 19.27 17.67 17.52
0.00 0.00 0.00 9.42 4.31 0.00 0.00 0.00 0.00 0.00 0.00 0.00 0.00 0.00 0.00 0.00 0.00 0.00 0.00 0.00 0.00 0.00 0.00 0.00 0.00 0.00 0.00 0.00 0.00 0.00 0.00 0.73 0.00 2.26 11.61 9.78 16.28 23.73 23.58 14.45 9.20 9.27 9.78 12.48 14.89 15.70 13.94 13.21 13.14 16.21 17.30 17.30 19.49 19.27 22.05 26.50 30.08 31.83 34.67 34.67 30.30 25.77 26.13 15.04 19.71 21.97 24.38 0.00 11.75 16.64 18.98 13.65 23.58 19.27 17.67 15.91 15.91 15.91 13.65 11.53 12.92 13.94 15.40 18.54
0.00 0.00 0.00 0.00 0.00 0.00 0.00 0.00 0.00 0.00 0.00 0.00 0.00 0.00 0.00 0.00 0.00 0.00 0.00 0.00 0.00 0.00 0.00 0.00 0.00 0.00 0.00 0.00 0.00 0.00 0.00 0.00 0.00 0.00 8.76 10.22 10.73 11.61 7.88 7.59 8.69 8.83 10.88 14.82 17.59 15.99 12.78 12.05 10.00 14.75 16.72 16.72 16.94 16.79 21.61 22.56 27.52 30.95 34.16 35.41 35.26 33.43 35.11 36.14 29.42 31.39 31.83 23.65 26.50 25.55 27.59 26.65 27.38 22.05 14.75 12.85 12.85 10.51 10.66 10.07 12.99 15.18 17.59 20.19
0.00 0.00 0.00 0.00 0.00 0.00 0.00 0.00 0.00 0.00 0.00 0.00 0.00 0.00 0.00 0.00 0.00 0.00 0.00 0.00 0.00 0.00 0.00 0.00 0.00 0.00 0.00 0.00 0.00 0.00 0.00 0.00 0.00 0.00 6.20 8.32 4.23 1.46 2.77 5.62 7.45 9.49 9.64 13.58 17.23 13.43 11.75 10.07 5.99 10.44 14.97 14.97 14.89 18.69 18.10 16.72 24.60 30.15 33.80 37.38 38.03 38.69 38.91 37.60 35.11 32.41 34.09 33.80 32.34 30.37 26.65 20.51 13.43 7.23 13.94 8.83 8.83 8.91 11.75 13.87 13.51 13.58 14.67 15.99
0.00 0.00 0.00 0.00 0.00 0.00 0.00 0.00 0.00 0.00 0.00 0.00 0.00 0.00 0.00 0.00 0.00 0.00 0.00 0.00 0.00 0.00 0.00 0.00 0.00 0.00 0.00 0.00 0.00 0.00 0.00 0.00 0.00 0.00 1.90 0.00 0.00 0.00 0.29 3.87 6.42 7.15 9.13 11.83 8.03 8.10 6.28 7.52 3.07 7.45 7.74 7.74 11.24 9.56 12.78 22.41 28.69 26.13 34.82 38.25 41.03 39.35 34.89 36.21 35.92 33.58 35.99 31.39 30.44 23.36 25.04 16.72 7.81 3.94 1.90 4.45 4.45 6.13 12.12 14.53 10.66 10.30 10.07 10.34
0.00 0.00 0.00 0.00 0.00 0.00 0.00 0.00 0.00 0.00 0.00 0.00 0.00 0.00 0.00 0.00 0.00 0.00 0.00 0.00 0.00 0.00 0.00 0.00 0.00 0.00 0.00 0.00 0.00 0.00 0.00 0.00 0.00 0.00 0.00 0.00 0.00 0.00 0.00 2.77 7.30 8.47 8.61 3.21 1.31 1.61 0.44 1.46 1.02 4.74 3.94 3.94 8.54 8.40 11.39 14.02 22.85 28.76 36.65 36.14 39.20 39.57 33.65 33.65 36.06 34.53 38.18 27.45 12.26 15.33 7.52 8.47 4.53 2.04 1.83 2.12 2.12 4.60 7.23 13.21 7.52 3.21 2.34 0.00
0.00 0.00 0.00 0.00 0.00 0.00 0.00 0.00 0.00 0.00 0.00 0.00 0.00 0.00 0.00 0.00 0.00 0.00 0.00 0.00 0.00 0.00 0.00 0.00 0.00 0.00 0.00 0.00 0.00 0.00 0.00 0.00 0.00 0.00 0.00 0.00 0.00 0.00 0.00 3.50 4.31 3.94 0.00 0.00 0.00 0.00 0.00 0.00 0.73 2.99 6.13 6.13 10.88 10.44 10.66 16.35 19.35 26.35 33.87 37.60 32.12 34.38 33.36 33.43 27.52 33.14 17.96 20.95 6.86 9.49 3.58 2.04 2.70 2.19 3.14 2.04 2.04 1.31 0.00 0.00 0.00 0.00 0.00 0.00
0.00 0.00 0.00 0.00 0.00 0.00 0.00 0.00 0.00 0.00 0.00 0.00 0.00 0.00 0.00 0.00 0.00 0.00 0.00 0.00 0.00 0.00 0.00 0.00 0.00 1.46 1.46 2.63 0.00 0.00 0.00 0.00 0.00 0.00 0.00 0.00 0.00 0.00 0.00 0.07 0.00 0.00 0.00 0.00 0.00 0.00 0.00 0.00 4.23 5.69 14.82 14.82 15.04 22.12 20.66 21.10 19.35 25.11 30.81 34.09 27.59 16.13 25.40 26.06 16.64 21.39 9.71 3.07 1.46 1.39 1.46 1.17 2.26 4.02 1.97 0.00 0.00 0.00 0.00 0.00 0.00 0.00 0.00 0.00
0.00 0.00 0.00 0.00 0.00 0.00 0.00 0.00 0.00 0.00 0.00 0.00 0.00 0.00 0.00 0.00 0.00 0.00 0.00 0.00 0.00 0.00 0.00 0.00 0.00 0.00 0.00 0.00 1.83 0.00 0.00 0.00 0.00 0.00 0.00 0.00 0.00 0.00 1.31 0.00 0.00 0.58 1.17 0.00 0.00 3.87 2.26 0.15 8.54 9.20 18.76 18.76 18.98 24.60 23.51 26.86 28.18 27.38 27.74 30.51 19.86 8.76 13.87 7.66 6.28 2.26 4.38 0.80 0.51 0.37 0.88 0.44 1.83 2.85 1.68 0.00 0.00 0.00 0.00 0.00 0.00 0.00 0.00 0.00
0.00 0.00 0.00 0.00 0.00 0.00 0.00 0.00 0.00 0.00 0.00 0.00 0.00 0.00 0.00 0.00 0.00 0.00 0.00 0.00 0.00 0.00 0.00 0.00 0.00 0.00 0.00 0.00 0.00 0.22 0.00 0.00 2.12 1.83 0.00 0.00 8.47 5.62 5.18 6.57 7.96 6.50 4.53 10.07 9.71 9.56 11.39 12.70 12.34 13.80 19.13 19.13 20.59 25.84 25.70 27.16 27.16 20.29 20.59 23.51 15.77 6.79 4.96 1.46 0.00 0.15 0.95 0.73 0.80 0.00 0.00 0.00 0.73 0.29 0.15 0.00 0.00 0.00 0.00 0.00 0.00 0.00 0.00 0.00
0.00 0.00 0.00 0.00 0.00 0.00 0.00 0.00 0.00 0.00 0.00 0.00 0.00 0.00 0.00 0.00 0.00 0.00 0.00 0.00 0.00 0.00 0.00 0.00 0.00 0.00 0.00 0.00 0.00 0.00 1.90 4.67 6.42 11.68 9.71 9.64 7.15 11.83 11.10 12.70 11.39 9.20 8.54 8.54 10.73 11.02 11.02 13.36 17.16 20.00 19.64 19.64 26.72 26.06 27.16 23.87 22.85 14.31 10.95 9.42 4.02 5.48 2.19 0.00 0.00 0.22 0.00 0.44 0.51 0.00 0.00 0.00 0.00 0.00 0.00 0.00 0.00 0.00 0.00 0.00 0.00 0.00 0.00 0.00
0.00 0.00 0.00 0.00 0.00 0.00 0.00 0.00 0.00 0.00 0.00 0.00 0.00 0.00 0.00 0.00 0.00 0.00 0.00 0.00 0.00 0.00 0.00 0.00 0.00 0.00 0.00 0.00 0.00 0.58 4.74 7.81 10.22 11.97 13.14 12.26 13.43 13.07 11.75 10.95 10.51 9.42 8.10 7.81 8.98 11.10 13.21 14.75 14.97 19.27 17.30 17.30 21.61 15.40 17.59 18.83 12.19 12.48 11.68 8.54 6.13 5.62 0.22 0.44 0.00 0.00 0.29 0.07 0.00 0.00 0.00 0.00 0.00 0.00 0.00 0.00 0.00 0.00 0.00 0.00 0.00 0.00 0.00 0.00
0.00 0.00 0.00 0.00 0.00 0.00 0.00 0.00 0.00 0.00 0.00 0.00 0.00 0.00 0.00 0.00 0.00 0.00 0.00 0.00 0.00 0.00 0.00 0.00 0.00 0.00 0.00 0.00 0.66 2.19 5.40 9.71 11.02 9.78 12.63 12.48 13.14 12.26 8.83 9.34 10.22 9.13 9.86 9.49 8.61 11.17 13.51 15.11 12.48 15.18 12.99 12.99 15.91 12.78 11.75 9.56 9.49 11.75 11.68 14.38 10.22 8.32 5.40 0.00 0.00 0.00 0.00 0.22 0.00 0.00 0.00 0.00 0.00 0.00 0.00 0.00 0.00 0.00 0.00 0.00 0.00 0.00 0.00 0.00
0.00 0.00 0.00 0.00 0.00 0.00 0.00 0.00 0.00 0.00 0.00 0.00 0.00 0.00 0.00 0.00 0.00 0.00 0.00 0.00 0.00 0.00 0.00 0.00 0.00 0.00 0.00 0.00 0.00 3.14 7.01 9.05 7.08 7.23 10.07 8.69 8.47 7.01 7.59 8.91 10.22 10.00 10.51 10.22 11.24 12.05 12.05 9.49 9.42 11.53 10.07 10.07 13.43 12.85 8.03 9.27 14.09 14.82 16.86 16.72 12.34 8.80 6.72 1.83 0.80 0.07 0.00 0.00 0.00 0.00 0.00 0.00 0.00 0.00 0.00 0.00 0.00 0.00 0.00 0.00 0.00 0.00 0.00 0.00
0.00 0.00 0.00 0.00 0.00 0.00 0.00 0.00 0.00 0.00 0.00 0.00 0.00 0.00 0.00 0.00 0.00 0.00 0.00 0.00 0.00 0.00 0.00 0.00 0.00 0.00 0.00 0.00 6.42 8.98 7.59 4.31 3.94 3.80 7.59 8.32 6.64 6.50 9.49 9.93 8.40 9.56 9.86 9.71 10.59 10.73 10.80 8.54 8.32 9.56 8.47 8.47 11.32 12.12 8.61 10.88 17.67 17.01 17.08 11.90 8.32 8.76 5.77 3.87 3.65 2.48 0.95 0.00 0.00 0.00 0.00 0.00 0.00 0.00 0.00 0.00 0.00 0.00 0.00 0.00 0.00 0.00 0.00 0.00
0.00 0.00 0.00 0.00 0.00 0.00 0.00 0.00 0.00 0.00 0.00 0.00 0.00 0.00 0.00 0.00 0.00 0.00 0.00 0.00 0.00 0.00 0.00 0.00 0.00 0.00 0.00 2.19 5.99 7.59 6.28 0.44 0.00 0.00 4.67 5.18 1.90 3.07 5.55 3.65 6.64 9.20 9.27 9.13 10.44 10.73 11.46 10.51 9.64 9.56 10.95 10.95 12.05 12.78 15.04 13.80 18.32 17.96 15.18 10.80 6.72 5.69 4.53 4.16 5.04 4.45 2.41 0.00 0.00 0.00 0.00 0.00 0.00 0.00 0.00 0.00 0.00 0.00 0.00 0.00 0.00 0.00 0.00 0.00
0.00 0.00 0.00 0.00 0.00 0.00 0.00 0.00 0.00 0.00 0.00 0.00 0.00 0.00 0.00 0.00 0.00 0.00 0.00 0.00 0.00 0.00 0.00 0.00 0.00 0.00 0.00 0.58 3.65 3.07 0.00 0.00 0.00 0.00 0.22 0.51 0.80 1.46 2.34 1.53 4.23 7.30 8.69 8.76 10.07 9.64 11.83 11.17 11.32 11.02 12.19 12.19 12.34 14.24 15.70 17.52 17.30 16.94 12.85 9.93 7.01 5.11 3.94 2.85 3.87 3.87 2.99 1.39 0.00 0.00 0.00 0.00 0.00 0.00 0.00 0.00 0.00 0.00 0.00 0.00 0.00 0.00 0.00 0.00
0.00 0.00 0.00 0.00 0.00 0.00 0.00 0.00 0.00 0.00 0.00 0.00 0.00 0.00 0.00 0.00 0.00 0.00 0.00 0.00 0.00 0.00 0.00 0.00 0.00 0.00 0.00 0.00 0.37 0.00 0.00 0.00 0.00 0.00 0.00 0.00 0.00 0.58 0.73 0.66 2.48 7.01 8.03 7.52 10.15 11.83 11.53 13.07 13.07 12.63 14.60 14.60 13.94 16.06 15.40 15.33 13.21 10.15 10.29 10.15 7.74 5.91 3.72 2.99 2.48 1.46 1.39 0.22 1.17 0.00 0.00 0.00 0.00 0.00 0.00 0.00 0.00 0.00 0.00 0.00 0.00 0.00 0.00 0.00
0.00 0.00 0.00 0.00 0.00 0.00 0.00 0.00 0.00 0.00 0.00 0.00 0.00 0.00 0.00 0.00 0.00 0.00 0.00 0.00 0.00 0.00 0.00 0.00 0.00 0.00 0.00 0.00 0.00 0.00 0.00 0.00 0.00 0.00 0.00 0.00 0.00 0.00 0.95 2.70 4.02 6.42 7.59 10.15 11.02 11.32 13.94 13.29 19.35 18.98 19.05 19.05 17.96 17.96 14.67 14.97 15.70 11.17 12.12 14.60 7.88 4.23 4.60 4.31 2.56 2.77 2.79 1.39 0.07 0.00 0.00 0.00 0.00 0.00 0.00 0.00 0.00 0.00 0.00 0.00 0.00 0.00 0.00 0.00
0.00 0.00 0.00 0.00 0.00 0.00 0.00 0.00 0.00 0.00 0.00 0.00 0.00 0.00 0.00 0.00 0.00 0.00 0.00 0.00 0.00 0.00 0.00 0.00 0.00 0.00 0.00 0.00 0.00 0.00 0.00 0.00 0.00 0.00 0.00 0.00 0.00 0.37 1.02 2.26 4.23 7.96 8.76 11.75 11.39 12.63 15.48 16.28 22.48 22.63 20.15 20.15 18.25 18.76 17.59 17.45 18.54 14.16 14.24 15.99 12.56 7.01 6.79 5.99 6.64 3.14 3.14 1.46 0.44 0.51 1.10 1.24 0.00 0.00 0.00 0.00 0.00 0.00 0.00 0.00 0.00 0.00 0.00 0.00
0.00 0.00 0.00 0.00 0.00 0.00 0.00 0.00 0.00 0.00 0.00 0.00 0.00 0.00 0.00 0.00 0.00 0.00 0.00 0.00 0.00 0.00 0.00 0.00 0.00 0.00 0.00 0.00 0.00 0.00 0.00 0.00 0.00 0.00 0.00 0.00 0.00 0.00 0.66 1.31 2.70 7.23 9.64 12.70 12.56 12.63 15.26 18.03 19.71 21.90 17.81 17.81 20.00 17.23 18.47 19.78 16.50 15.40 15.62 14.45 14.16 9.93 9.42 6.94 2.85 3.29 3.14 1.46 0.00 0.00 0.00 0.66 0.44 0.29 0.07 0.66 0.66 0.15 0.51 0.00 0.00 0.00 0.00 0.00
0.00 0.00 0.00 0.00 0.00 0.00 0.00 0.00 0.00 0.00 0.00 0.00 0.00 0.00 0.00 0.00 0.00 0.00 0.00 0.00 0.00 0.00 0.00 0.00 0.00 0.00 0.00 0.00 0.00 0.00 0.00 0.00 0.00 0.00 0.00 0.00 0.00 0.00 0.07 0.22 2.92 7.66 14.60 14.60 14.45 14.82 15.11 16.64 16.21 18.47 14.31 14.31 18.03 15.26 18.10 18.69 13.07 14.16 12.41 12.19 10.15 11.90 10.73 7.30 3.21 2.70 0.22 0.00 0.00 0.00 0.00 0.00 0.37 0.22 0.66 0.00 0.00 0.29 0.00 0.00 0.00 0.15 0.00 0.00
0.00 0.00 0.00 0.00 0.00 0.00 0.00 0.00 0.00 0.00 0.00 0.00 0.00 0.00 0.00 0.00 0.00 0.00 0.00 0.00 0.00 0.00 0.00 0.00 0.00 0.00 0.00 0.00 0.00 0.00 0.00 0.00 0.00 0.00 0.00 0.00 0.00 0.00 0.00 6.94 10.59 14.45 14.89 14.89 15.55 15.70 13.14 12.70 12.70 12.19 11.83 11.83 14.31 14.38 13.14 15.77 9.93 12.41 10.59 7.45 7.01 9.86 9.86 8.47 4.09 3.58 2.26 1.46 0.80 1.53 1.24 0.58 1.02 0.22 0.00 0.00 0.00 0.00 0.22 0.22 0.00 0.00 0.15 0.00
