Wansh/Snow_depth/snowdepth-1993/winter/1994024.txt
ncols 321
nrows 161
xllcenter 60
yllcenter 15 
cellsize  0.25 
NODATA_value -1
[rows 74 to 110 of 161, columns 84 to 167 of 321]
0.00 0.00 0.00 0.00 0.00 0.88 0.00 0.00 1.17 0.00 0.22 1.46 1.31 3.07 0.00 3.94 3.14 2.99 2.99 2.70 3.50 2.99 2.85 3.50 4.09 5.33 5.04 3.50 3.29 3.43 0.00 0.00 0.00 0.00 0.00 0.00 1.31 1.31 0.00 0.00 1.83 1.97 0.73 0.73 0.22 0.29 1.02 0.88 1.17 1.46 1.17 1.53 1.68 1.25 2.23 1.97 2.41 2.19 2.48 1.17 1.17 1.31 0.00 0.00 0.44 1.53 0.00 0.44 0.44 1.17 1.54 1.53 0.00 0.00 0.00 0.00 0.00 0.00 0.00 0.00 0.00 0.73 0.37 0.07
0.00 0.00 0.00 0.00 2.26 2.12 1.61 2.12 3.21 3.14 0.00 0.00 0.00 3.65 4.23 4.23 4.23 3.50 3.50 3.36 3.07 2.85 2.41 0.00 4.31 5.99 4.45 3.36 3.80 3.29 0.00 0.00 0.00 0.00 0.00 0.00 0.00 0.00 3.14 3.80 2.12 2.70 1.10 1.10 0.66 0.22 0.51 1.39 1.75 0.00 0.00 0.58 1.31 0.88 0.88 1.02 0.44 0.73 0.80 0.73 0.95 1.46 1.39 1.10 0.58 0.00 0.29 1.10 1.10 3.08 3.43 2.56 0.37 0.15 0.00 0.00 0.00 0.00 0.00 0.00 0.00 0.00 0.44 0.00
0.00 1.02 1.83 1.39 3.07 2.77 1.97 3.87 3.65 4.53 3.21 4.60 5.33 5.04 4.96 5.11 4.16 2.70 2.70 2.77 2.92 2.99 2.56 2.85 3.94 4.38 4.60 4.31 3.50 0.00 0.00 0.00 0.00 0.00 0.00 0.00 0.00 0.00 0.00 3.07 2.19 2.99 1.24 1.24 0.51 0.88 0.58 2.19 2.48 0.73 1.17 0.80 0.15 0.22 0.29 0.15 0.66 1.31 1.02 1.39 1.46 1.10 1.10 1.24 1.39 0.73 0.22 0.22 0.22 0.58 0.80 2.85 0.73 0.00 0.00 0.00 0.00 0.00 0.00 0.00 0.00 0.00 0.07 0.45
0.00 1.68 3.29 1.39 2.70 2.63 3.29 5.11 5.33 5.18 4.67 5.04 5.55 5.99 5.33 5.77 5.18 2.99 2.99 3.21 3.36 3.07 2.99 3.80 3.65 3.87 0.00 3.36 0.00 0.00 0.00 0.00 0.00 0.00 0.00 0.00 0.00 0.00 0.00 0.00 0.00 1.75 1.46 1.46 1.10 1.02 0.73 2.12 2.92 1.53 2.04 1.68 1.24 1.61 1.61 1.53 1.83 0.88 0.95 1.02 1.97 1.90 1.24 1.53 0.15 0.44 0.29 0.00 0.00 0.66 0.58 0.29 1.24 0.66 1.39 0.22 0.00 0.22 0.00 0.00 0.00 0.51 0.81 0.74
3.21 4.45 3.80 4.02 3.43 2.77 2.77 4.74 4.96 5.33 5.33 6.20 6.13 6.20 5.91 5.84 6.20 5.04 5.04 4.16 3.94 4.09 4.16 3.87 4.09 4.31 0.00 0.00 0.00 0.00 0.00 0.00 0.00 0.00 0.00 0.00 0.00 0.00 0.00 0.00 1.46 1.61 1.61 1.61 1.02 0.73 1.90 1.68 1.61 1.53 0.00 0.00 2.12 2.41 2.19 2.19 1.68 1.46 1.97 1.46 2.19 1.90 1.61 1.68 0.00 1.10 0.29 0.88 0.88 0.73 0.07 0.00 0.15 1.46 0.95 0.95 1.46 1.50 1.61 0.44 0.00 1.10 1.91 0.96
3.58 4.09 3.87 3.43 3.36 3.14 2.92 3.50 4.89 4.38 4.38 5.55 5.33 5.55 5.18 5.48 5.40 5.40 5.40 5.04 4.82 4.23 4.38 4.53 4.53 3.94 0.00 2.99 0.00 0.00 0.00 0.00 0.00 0.00 0.00 0.00 0.00 0.00 0.00 0.00 0.00 1.31 0.95 0.95 1.10 0.00 0.15 0.58 0.80 0.00 0.00 0.00 2.34 1.97 2.48 3.07 2.41 2.04 1.83 1.83 2.41 2.56 2.26 1.61 0.00 0.00 0.15 0.00 0.00 1.02 0.00 0.00 0.66 0.37 0.37 1.02 0.59 0.58 0.73 0.95 1.10 1.17 2.04 0.37
0.00 0.00 0.00 3.65 3.14 3.36 3.50 4.31 4.45 3.58 3.50 4.38 4.67 5.18 4.60 5.33 4.60 4.67 4.67 4.60 3.87 4.09 3.72 3.58 3.65 0.00 0.00 0.00 0.00 2.48 0.00 0.00 0.00 0.00 0.00 0.00 0.00 0.00 0.00 0.00 1.02 0.66 0.44 0.44 0.73 0.07 0.51 0.00 0.29 0.00 0.00 0.00 0.00 1.02 0.95 1.10 3.36 0.88 0.80 1.31 1.90 2.85 2.92 0.00 0.00 0.00 0.00 0.00 0.00 0.00 0.51 0.51 1.68 3.29 1.97 3.30 1.80 1.38 1.02 1.02 0.88 1.31 1.24 0.73
0.00 0.00 3.14 0.00 0.00 3.36 3.07 3.94 3.36 3.65 4.23 4.09 4.09 4.16 4.45 3.80 4.45 4.09 4.09 3.43 2.85 3.14 3.21 2.63 2.92 3.80 3.29 3.14 0.00 0.00 0.00 0.00 0.00 0.00 0.00 0.00 0.00 0.00 0.00 0.00 0.00 0.07 0.00 0.00 0.00 0.00 0.00 0.00 0.00 0.00 0.00 0.00 0.00 0.80 0.95 0.88 0.88 0.51 0.58 0.80 1.53 1.02 1.39 1.53 0.00 0.00 0.00 0.00 0.00 0.00 0.00 0.80 2.77 3.58 4.67 1.54 3.91 1.38 1.21 2.02 1.17 0.66 0.58 0.66
2.92 4.16 4.02 4.09 0.00 0.00 3.07 0.00 0.00 4.02 4.02 0.00 0.00 4.23 4.02 4.89 4.09 2.85 2.85 2.19 0.00 0.00 2.19 0.00 2.85 0.00 0.00 0.00 0.00 2.04 2.56 0.00 0.00 0.00 0.00 0.00 0.00 0.00 0.00 0.00 0.00 0.00 0.00 0.00 0.00 0.00 0.00 0.00 0.00 0.00 0.00 0.00 0.29 0.29 0.58 0.37 0.58 0.37 0.58 1.10 1.46 0.44 1.10 1.02 0.00 0.73 0.00 0.00 0.00 0.88 1.17 0.88 1.10 3.21 5.62 4.89 7.08 0.00 0.00 1.39 1.46 1.10 0.00 0.58
4.16 3.58 3.80 2.99 0.00 3.72 0.00 0.00 0.00 0.00 4.02 4.45 3.94 4.02 5.11 5.55 3.80 4.02 4.02 3.14 2.12 0.00 0.00 0.00 2.19 3.58 2.92 0.00 0.00 0.00 1.53 0.00 0.00 0.00 0.00 0.00 0.00 0.00 0.00 0.00 0.00 0.00 0.00 0.00 0.00 0.00 0.00 0.00 0.00 0.00 0.00 0.07 0.22 0.22 0.15 0.00 0.00 0.29 0.07 0.80 0.95 0.66 1.53 1.31 0.95 0.15 0.07 0.80 0.80 1.02 1.90 1.31 1.75 1.17 4.96 5.40 5.11 6.35 0.00 1.53 1.68 1.61 0.00 1.68
3.65 2.56 2.85 3.21 3.07 0.00 0.00 4.45 4.23 4.38 3.43 4.16 3.87 3.58 4.16 5.04 4.16 4.23 4.23 3.43 3.87 3.65 0.00 0.00 3.07 0.00 2.56 2.77 0.00 1.61 0.00 0.00 0.00 0.00 0.00 0.00 0.00 0.00 0.00 0.00 0.00 0.00 0.00 0.00 0.00 0.00 0.00 0.00 0.00 0.00 0.73 0.07 0.07 0.22 0.00 0.00 0.00 0.00 0.00 0.22 0.00 0.00 0.29 0.00 0.00 0.29 0.15 0.00 0.00 1.46 1.75 1.17 1.24 5.11 3.65 4.31 5.33 4.67 4.96 1.83 3.14 2.41 2.19 2.56
4.23 2.56 2.63 2.99 0.00 0.00 2.85 3.87 4.16 3.14 3.72 3.65 3.21 3.29 3.43 3.87 4.60 3.87 3.87 4.38 4.89 5.18 0.00 0.00 0.00 0.00 0.00 2.99 2.77 0.00 0.00 0.00 0.00 0.00 0.00 0.00 0.00 0.00 0.00 0.00 0.00 0.00 0.44 0.44 0.51 0.00 0.00 0.00 0.00 0.37 0.15 0.07 0.00 0.22 0.07 0.73 0.88 0.37 0.15 0.44 0.22 0.15 0.00 0.88 0.00 0.00 0.37 0.66 0.66 0.37 0.37 0.29 0.73 0.95 2.77 3.65 4.67 5.18 4.67 4.23 4.82 4.38 3.14 3.50
2.19 2.70 2.99 3.43 3.43 2.56 2.99 2.56 3.65 3.14 2.56 3.07 0.00 0.00 0.00 0.00 3.58 3.94 3.94 3.87 4.23 5.48 4.53 0.00 0.00 0.00 3.07 3.21 3.72 0.00 0.00 0.00 0.00 0.00 0.00 0.00 0.00 0.00 2.48 0.00 0.00 1.97 1.10 1.10 0.44 0.80 1.02 1.17 1.10 0.51 0.80 0.15 0.00 0.00 1.83 1.31 2.63 2.12 1.75 0.29 0.00 0.00 0.00 0.37 0.44 1.24 0.88 0.88 0.88 0.95 1.53 5.11 2.19 1.46 3.21 3.21 4.67 4.23 4.82 4.89 6.79 7.66 4.60 1.90
2.56 2.56 2.92 0.00 0.00 0.00 0.00 0.00 0.00 0.00 2.99 2.77 2.92 3.21 0.00 2.85 3.80 4.02 4.02 4.53 3.36 4.02 4.02 2.19 0.00 0.00 0.00 0.00 0.00 0.00 0.00 0.00 0.00 0.00 0.00 0.00 0.00 2.34 2.41 2.34 2.26 1.68 1.68 1.68 1.02 1.10 1.10 1.24 1.24 1.24 1.02 1.02 0.66 0.44 0.73 2.56 0.00 1.53 2.12 1.02 0.44 0.37 0.73 0.44 2.45 1.39 2.92 1.39 1.39 2.77 1.31 5.11 4.31 6.72 5.48 5.33 4.60 5.33 5.18 5.40 6.64 7.88 4.53 3.65
1.46 1.90 0.00 0.00 0.00 0.00 0.00 0.00 0.00 0.00 0.00 0.00 2.99 2.85 4.09 2.77 4.23 4.23 4.23 4.23 4.02 3.87 2.56 0.00 0.00 0.00 0.00 0.00 0.00 0.00 0.00 0.00 0.00 0.00 0.00 2.56 0.00 0.00 0.00 2.41 2.48 1.75 1.61 1.61 2.70 3.29 1.97 1.61 1.02 0.88 1.10 0.00 0.00 0.00 0.44 0.00 0.00 0.00 1.10 2.56 1.46 0.22 0.29 2.63 3.24 3.32 4.89 4.53 4.53 2.26 2.41 1.75 6.28 6.06 6.72 6.06 5.33 6.57 6.86 7.01 6.86 6.86 6.35 4.38
2.26 2.19 0.00 0.00 0.00 0.00 0.00 0.00 0.00 0.00 0.00 2.85 0.00 0.00 3.94 4.45 3.21 3.87 3.87 3.58 3.21 3.50 2.19 3.14 2.41 0.00 2.41 0.00 0.00 0.00 0.00 0.00 0.00 3.87 3.29 2.19 0.00 0.00 0.00 1.53 0.00 0.00 0.00 0.00 1.75 3.07 2.77 2.26 2.34 2.41 2.04 1.97 1.75 0.73 0.95 0.51 0.07 0.00 0.22 0.00 0.00 0.00 1.34 2.34 4.15 3.84 6.61 7.88 7.88 4.38 5.26 2.85 4.53 5.77 6.13 6.57 5.91 6.94 6.86 6.19 7.48 6.77 6.97 6.68
1.75 1.46 2.04 0.00 0.00 0.00 0.00 0.00 0.00 0.00 0.00 0.00 0.00 0.00 0.00 2.85 0.00 0.00 0.00 0.00 0.00 0.00 2.92 3.07 0.00 0.00 0.00 0.00 0.00 0.00 0.00 3.21 0.00 3.65 2.92 0.00 0.00 0.00 0.00 0.00 0.00 0.00 0.00 0.00 0.00 1.83 2.19 2.63 2.12 1.90 2.04 2.48 1.68 3.14 2.77 2.48 1.83 0.44 0.29 1.46 0.68 0.07 0.15 1.61 2.99 6.94 7.58 9.92 9.61 6.60 3.87 4.09 5.48 7.96 7.01 8.10 6.72 5.62 7.26 6.80 6.78 8.84 8.62 6.20
1.39 1.10 1.53 1.10 1.10 1.46 0.00 0.00 0.00 0.00 0.00 0.00 0.00 0.00 0.00 0.00 0.00 0.00 0.00 0.00 0.00 0.00 0.00 0.00 0.00 0.00 0.00 0.00 0.00 0.00 0.00 0.00 0.00 0.00 0.00 0.00 0.00 0.00 0.00 0.00 0.00 0.00 0.00 0.00 0.00 0.58 2.41 1.83 2.41 1.61 2.26 2.56 3.21 3.87 4.02 5.18 4.23 3.21 1.18 6.12 1.61 0.88 0.74 2.51 3.35 6.18 7.30 8.25 8.29 8.00 6.90 7.96 11.75 10.22 9.83 10.37 6.50 6.50 8.00 8.16 8.96 10.66 9.65 8.91
1.97 1.24 0.44 1.10 0.00 0.00 1.53 1.53 0.00 1.31 0.95 0.00 0.00 0.00 0.00 0.00 0.00 0.00 0.00 2.34 1.97 0.00 0.00 0.00 0.00 0.00 0.00 0.00 0.00 0.00 0.00 0.00 0.00 0.00 0.00 0.00 0.00 0.00 0.00 0.00 0.00 0.00 0.00 0.00 0.00 1.39 0.95 1.68 1.31 1.10 1.31 1.90 2.12 3.50 4.67 6.20 8.76 8.91 6.79 7.49 1.40 0.69 2.47 1.72 2.97 5.16 6.51 7.88 7.88 6.12 8.00 7.95 15.19 13.12 12.91 13.79 9.64 10.67 8.96 10.06 10.58 10.69 11.85 11.95
3.72 1.75 1.61 1.10 0.88 1.39 1.39 0.00 0.00 0.00 0.80 0.00 0.00 0.00 1.24 0.00 0.00 0.00 0.00 0.00 0.00 2.70 0.00 0.00 0.00 0.00 0.00 0.00 0.00 0.00 0.00 0.00 0.00 0.00 0.00 0.00 0.00 0.00 0.00 0.00 0.00 0.00 0.00 0.00 0.00 1.10 0.95 0.80 1.46 2.26 3.21 3.21 3.58 4.60 7.37 10.80 13.55 13.72 18.54 14.16 7.30 4.84 4.41 2.46 4.62 5.69 6.38 2.41 2.41 1.92 3.31 11.57 12.15 15.33 16.45 15.41 13.21 13.41 10.52 10.39 13.45 13.56 16.22 15.46
1.68 2.41 0.66 0.73 0.73 0.95 1.02 0.00 0.00 0.00 1.83 0.00 0.00 0.00 0.00 0.88 1.31 0.88 0.88 0.00 0.00 0.00 0.00 0.00 0.00 0.00 0.00 0.00 0.00 0.00 0.00 0.00 0.00 0.00 0.00 0.00 0.00 0.00 0.00 0.00 0.00 0.00 0.00 0.00 0.00 0.00 0.95 1.53 1.10 2.70 5.91 6.50 5.96 6.25 7.64 12.45 15.43 17.16 18.25 19.49 17.23 7.78 2.31 3.23 3.22 2.50 6.03 1.90 1.91 1.94 5.02 8.92 7.74 14.03 15.30 15.11 16.54 14.90 11.79 9.78 12.22 13.27 13.97 18.75
2.63 2.04 1.31 1.02 1.17 1.10 2.19 1.61 0.00 0.00 0.00 1.31 0.00 0.00 0.00 0.00 0.00 0.00 0.00 0.00 0.00 0.00 0.00 0.00 0.00 0.00 0.00 0.00 0.00 0.00 0.00 0.00 0.00 0.00 0.00 0.00 0.00 0.00 0.00 0.00 0.00 0.00 0.00 0.00 0.00 0.00 0.95 1.39 1.83 3.80 8.03 10.73 10.15 9.86 8.79 10.39 15.81 16.70 17.27 17.11 13.13 9.02 4.89 5.13 2.46 3.71 2.40 2.35 2.35 2.21 1.85 3.57 3.07 13.05 10.12 12.47 17.95 15.48 12.58 10.63 10.27 13.39 15.30 10.37
2.77 0.00 1.61 1.61 1.68 1.53 2.56 2.48 0.00 0.95 0.00 0.00 0.00 0.00 0.00 0.00 0.00 0.00 0.00 0.00 0.00 0.00 0.00 0.00 0.00 0.00 0.00 0.00 0.66 0.00 0.00 0.88 0.00 1.75 0.00 0.00 0.00 0.00 0.00 0.00 0.00 0.00 2.48 2.48 2.63 2.04 2.26 3.50 6.06 9.56 13.58 14.09 13.36 11.37 11.77 11.19 10.18 11.24 15.08 16.28 8.92 9.35 4.82 2.16 0.33 0.00 0.99 0.89 0.88 0.30 0.00 2.43 5.08 8.87 8.98 13.06 10.45 11.03 11.65 9.29 7.45 11.44 16.92 9.61
3.65 1.17 0.00 0.00 1.46 1.53 2.41 2.26 2.26 2.48 0.00 0.00 0.00 0.00 0.00 0.00 0.00 0.00 0.00 0.00 0.00 0.00 0.00 0.00 0.00 0.00 0.00 2.63 1.75 1.68 0.66 2.04 1.39 0.22 1.17 0.00 1.02 0.00 0.00 0.00 0.00 3.80 3.80 3.80 5.04 4.16 3.36 4.82 7.37 11.16 15.13 17.42 17.20 17.49 13.40 10.20 10.88 10.66 11.11 9.86 7.92 6.53 6.12 2.26 2.89 0.40 0.67 1.13 1.10 0.00 0.00 1.31 3.00 7.26 7.70 8.91 5.50 2.66 6.11 5.36 6.43 10.20 11.26 9.22
2.85 0.22 1.97 4.67 4.67 3.58 0.00 2.99 2.63 2.77 0.00 2.56 1.83 1.53 1.02 0.00 1.83 1.75 1.75 0.00 1.31 2.48 1.46 0.88 1.90 2.12 2.63 2.34 2.56 2.99 2.41 2.12 2.04 4.02 1.97 1.97 3.87 4.60 0.00 1.61 2.26 1.10 1.10 1.10 2.77 5.91 6.42 4.74 5.84 7.52 11.89 16.78 16.32 15.02 12.10 7.45 9.68 12.60 11.12 13.35 10.78 14.07 5.81 4.67 2.63 2.20 1.84 1.35 1.33 0.00 0.00 0.23 1.61 4.79 4.27 6.13 3.40 0.91 1.17 1.43 3.60 6.29 5.36 8.31
4.02 2.70 3.43 4.09 4.96 4.82 3.87 2.70 0.00 0.00 0.00 2.56 1.53 2.34 2.85 1.97 2.04 2.04 2.04 1.90 1.39 2.41 2.48 1.90 1.53 2.41 1.68 2.04 2.26 2.77 2.70 2.99 3.65 4.45 4.96 4.96 5.55 4.67 1.83 0.88 0.29 0.00 1.61 1.61 3.80 4.45 3.29 3.80 5.34 8.82 11.14 12.46 12.74 11.62 14.33 9.61 9.47 11.05 6.46 11.19 14.01 11.57 4.74 3.09 0.95 1.83 2.20 0.23 0.23 0.37 0.00 0.80 2.46 3.42 2.10 1.97 2.58 1.12 0.30 0.00 1.68 1.15 5.51 4.94
0.00 4.96 4.96 4.60 3.94 3.94 4.31 2.92 0.00 0.00 0.00 0.00 1.53 2.26 2.34 2.70 2.48 2.63 2.63 2.41 2.19 2.04 2.63 1.90 1.61 1.17 0.22 1.39 1.90 2.41 3.50 3.58 3.29 2.85 5.40 5.69 4.82 2.99 1.10 0.00 0.07 0.00 0.58 0.58 1.17 2.19 2.26 2.73 4.46 6.82 10.30 12.65 12.71 14.12 13.43 11.24 7.75 5.99 8.26 14.08 11.07 12.66 10.29 8.18 1.68 1.27 0.89 0.37 0.41 0.48 0.22 0.00 0.45 1.10 3.14 2.65 0.51 0.00 0.00 0.00 0.51 0.56 2.02 2.55
0.00 3.43 2.34 2.04 0.00 2.12 3.50 4.33 2.92 2.12 0.00 0.00 0.00 0.00 0.00 1.61 2.56 2.48 2.48 2.04 1.61 1.83 3.43 1.68 1.75 1.02 0.00 0.22 1.31 1.31 1.39 2.56 1.53 1.31 5.62 4.09 2.92 1.68 0.58 0.00 0.00 0.00 0.00 0.00 0.22 0.66 1.39 3.08 3.50 6.27 8.76 13.68 14.90 14.31 8.68 11.86 7.63 4.32 6.39 8.94 9.53 11.37 11.08 4.89 7.52 1.70 2.65 0.63 0.61 0.17 0.00 0.00 0.00 0.61 1.38 1.27 0.22 0.08 0.77 0.00 0.10 1.82 2.01 2.39
0.00 0.00 0.00 0.00 0.00 2.26 4.16 4.23 3.58 3.43 1.61 1.75 1.68 0.00 0.00 1.02 2.04 1.83 1.83 1.68 0.22 1.10 0.88 0.07 1.10 0.37 1.10 0.00 0.00 1.02 0.22 0.44 0.00 1.83 1.75 0.95 0.00 0.00 0.22 0.00 0.00 0.00 0.00 0.00 0.00 0.00 0.00 1.75 2.99 4.31 6.74 9.33 10.54 7.82 6.97 6.57 4.02 3.81 8.49 8.39 8.93 8.96 10.79 10.46 9.46 8.05 6.40 1.65 1.66 0.94 0.00 0.00 0.27 0.33 1.12 0.62 0.67 0.07 0.00 0.00 0.74 0.84 1.98 2.68
0.00 0.00 0.00 0.00 0.00 0.00 2.70 2.41 2.41 2.26 2.70 2.48 2.34 1.31 0.51 1.10 1.39 0.51 0.51 0.88 0.00 0.37 0.58 0.00 0.66 0.00 0.00 0.00 0.00 0.00 0.29 0.00 0.00 0.00 0.15 0.73 0.00 0.00 0.00 0.00 0.00 0.00 0.00 0.00 0.00 0.00 0.29 1.31 2.59 4.29 7.80 9.70 10.92 7.06 5.16 5.07 5.14 3.09 4.57 7.21 10.59 10.49 9.92 10.39 9.58 4.33 2.07 4.16 4.87 1.43 0.27 1.23 0.36 0.00 0.41 0.75 0.57 0.73 0.00 0.00 1.30 1.23 3.49 3.29
0.00 0.00 0.00 0.00 0.00 0.00 0.00 0.00 3.07 3.58 3.29 3.07 4.45 4.02 2.70 2.04 2.34 1.10 1.10 0.00 0.29 0.15 0.00 0.00 0.15 0.00 0.00 0.00 0.00 0.00 0.00 0.00 0.00 0.00 0.00 0.00 0.00 0.00 0.00 0.00 0.00 0.00 0.00 0.00 0.00 0.00 0.00 0.00 3.44 4.28 5.11 7.96 7.50 5.95 5.01 4.87 0.00 0.00 5.65 0.00 11.21 9.27 8.91 11.11 10.82 7.30 5.47 1.89 2.11 1.32 1.66 0.09 0.00 0.00 0.00 0.47 0.00 0.44 0.79 0.00 0.17 2.79 4.16 1.64
0.00 0.00 0.00 0.00 0.00 0.00 0.00 0.00 2.48 3.21 3.21 3.29 3.87 5.04 4.89 3.93 3.61 2.48 2.48 0.00 0.00 0.00 0.15 0.00 0.37 0.15 0.00 0.00 0.00 0.00 0.00 0.00 0.00 0.00 0.00 0.00 0.22 0.00 0.00 0.00 0.00 0.00 0.00 0.00 0.00 0.00 0.00 0.00 1.61 6.57 7.30 8.13 8.39 0.00 0.00 0.00 0.00 0.00 0.00 0.00 0.00 12.46 7.78 8.68 8.84 7.44 6.89 4.28 4.37 3.33 4.06 0.51 0.62 0.00 0.00 0.00 0.86 0.00 0.00 0.00 0.00 1.38 1.34 0.00
0.00 0.00 0.00 0.00 0.00 0.00 0.00 0.00 2.19 3.87 4.16 2.85 2.85 3.50 5.04 5.58 4.67 3.55 3.31 2.92 1.31 0.66 0.29 0.37 0.00 0.00 0.00 0.00 0.00 0.00 0.22 0.73 0.00 0.00 0.00 1.10 1.10 0.00 0.00 0.00 0.22 1.46 0.44 0.44 0.15 0.29 0.00 0.00 1.62 8.16 10.10 5.05 0.00 0.00 0.00 0.00 0.00 0.00 0.00 0.00 0.00 9.18 8.12 5.74 6.88 5.44 4.79 6.71 8.21 5.68 5.78 2.36 2.07 0.00 0.00 1.01 1.04 0.00 0.09 0.00 0.00 0.00 0.00 0.00
0.00 0.00 0.00 0.00 0.00 0.00 0.00 0.00 0.00 0.00 0.00 0.00 0.00 0.00 0.00 0.00 2.41 0.00 0.00 3.58 3.72 2.70 3.36 2.99 1.75 2.12 2.99 1.97 2.63 0.00 2.56 4.23 2.12 1.17 2.41 4.38 4.23 3.87 4.74 4.70 5.19 4.42 3.50 3.50 2.41 1.31 1.53 3.37 5.37 5.86 0.00 0.00 0.00 0.00 0.00 0.00 0.00 0.00 0.00 0.00 0.00 0.00 0.00 6.12 0.00 4.08 6.45 4.84 5.41 8.99 8.34 5.30 3.54 0.00 0.00 0.00 0.73 0.00 0.00 0.00 0.00 0.00 0.00 0.00
0.00 0.00 0.00 0.00 0.00 0.00 0.00 0.00 0.00 0.00 0.00 0.00 0.00 0.00 0.00 0.00 0.00 0.00 0.00 0.00 3.71 3.40 1.83 4.02 4.02 4.35 2.77 3.94 4.31 3.07 3.65 4.09 4.16 2.48 2.48 2.70 5.26 5.84 5.26 4.60 4.36 5.81 4.67 5.22 3.14 2.63 2.34 4.42 5.39 3.82 0.00 0.00 0.00 0.00 0.00 0.00 0.00 0.00 0.00 0.00 0.00 0.00 0.00 0.00 0.00 4.87 0.00 0.00 0.00 0.00 0.00 0.00 2.42 0.00 0.00 0.00 0.00 0.00 0.00 0.00 0.00 0.00 0.00 0.00
0.00 0.00 0.00 0.00 0.00 0.00 0.00 0.00 0.00 0.00 0.00 0.00 0.00 0.00 0.00 0.00 0.00 0.00 0.00 0.00 0.00 0.00 3.07 2.12 1.83 2.05 0.00 1.39 5.99 4.96 3.94 2.85 3.93 3.07 1.90 0.76 3.87 5.48 4.96 3.80 3.10 0.00 2.87 3.65 2.76 1.92 1.83 4.78 2.58 0.00 0.00 0.00 0.00 0.00 0.00 0.00 0.00 0.00 0.00 0.00 0.00 0.00 0.00 0.00 0.00 0.00 0.00 0.00 0.00 0.00 0.00 0.00 0.00 0.00 0.00 0.00 0.00 0.00 0.00 0.00 0.00 0.00 0.00 0.00
0.00 0.00 0.00 0.00 0.00 0.00 0.00 0.00 0.00 0.00 0.00 0.00 0.00 0.00 0.00 0.00 0.00 0.00 0.00 0.00 0.00 0.00 0.00 0.00 0.00 0.00 0.00 0.00 3.29 2.04 0.00 4.14 3.33 1.39 0.00 0.00 2.85 2.19 0.00 0.00 0.00 0.00 0.00 0.00 0.00 3.24 3.13 0.00 0.00 0.00 0.00 0.00 0.00 0.00 0.00 0.00 0.00 0.00 0.00 0.00 0.00 0.00 0.00 0.00 0.00 0.00 0.00 0.00 0.00 0.00 0.00 0.00 0.00 0.00 0.00 0.00 0.00 0.00 0.00 0.00 0.00 0.00 0.00 0.00
