Wansh/Snow_depth/snowdepth-1993/winter/1994044.txt
ncols 321
nrows 161
xllcenter 60
yllcenter 15 
cellsize  0.25 
NODATA_value -1
[rows 0 to 36 of 161, columns 84 to 167 of 321]
24.38 24.09 23.94 24.09 21.97 22.34 17.59 15.70 15.70 18.47 17.59 20.00 19.86 19.56 17.89 16.86 16.79 18.10 18.10 17.37 18.32 17.45 16.06 10.80 11.17 7.66 6.42 4.45 4.31 4.31 6.72 9.86 9.71 8.03 8.47 6.72 5.11 6.50 8.03 7.52 9.71 12.12 10.22 10.22 11.10 8.40 6.28 4.89 4.89 4.67 6.13 9.71 10.07 8.18 8.03 10.15 9.86 9.20 7.01 4.96 5.55 3.65 4.16 4.16 4.67 2.56 3.80 5.55 5.55 5.04 8.40 10.80 10.80 11.10 11.68 9.42 10.80 10.37 13.51 12.99 12.48 10.88 11.53 11.17
23.94 24.09 22.78 19.35 21.61 17.16 17.89 17.01 19.42 18.69 20.59 19.27 18.98 16.13 16.64 14.67 16.28 15.77 15.77 17.08 17.08 16.94 17.30 14.16 15.40 8.10 4.67 5.04 3.65 3.21 4.82 4.23 6.79 5.77 6.50 4.38 5.55 6.64 7.96 6.28 10.59 12.48 14.31 14.31 14.53 8.25 12.99 5.55 8.03 4.45 4.31 3.80 3.87 6.06 5.62 5.11 7.52 7.01 7.08 7.81 8.76 5.40 6.35 6.86 6.64 9.56 9.56 11.32 11.32 9.78 9.49 10.66 12.63 12.26 14.60 16.28 16.28 16.28 14.45 15.26 13.21 12.19 11.39 13.36
24.02 21.97 22.27 18.32 16.13 15.99 18.61 17.74 19.78 21.46 21.46 19.93 17.30 17.81 15.55 12.34 12.85 11.53 11.53 11.83 11.68 13.65 15.99 15.55 15.99 10.44 10.59 5.11 3.65 4.02 3.87 5.99 5.84 8.47 8.10 7.81 7.45 10.07 9.78 10.00 10.29 11.02 16.79 16.79 19.20 16.21 13.43 10.88 11.39 9.64 3.21 3.21 3.58 2.92 4.31 6.13 6.94 6.13 7.88 9.49 9.78 11.32 11.17 11.53 11.39 11.17 13.72 15.40 15.40 15.77 15.55 13.94 13.94 13.80 13.94 17.52 18.03 18.18 17.08 14.31 15.11 13.65 14.24 14.16
24.02 21.97 22.27 18.32 16.13 15.99 18.61 17.74 19.78 21.46 21.46 19.93 17.30 17.81 15.55 12.34 12.85 11.53 11.53 11.83 11.68 13.65 15.99 15.55 15.99 10.44 10.59 5.11 3.65 4.02 3.87 5.99 5.84 8.47 8.10 7.81 7.45 10.07 9.78 10.00 10.29 11.02 16.79 16.79 19.20 16.21 13.43 10.88 11.39 9.64 3.21 3.21 3.58 2.92 4.31 6.13 6.94 6.13 7.88 9.49 9.78 11.32 11.17 11.53 11.39 11.17 13.72 15.40 15.40 15.77 15.55 13.94 13.94 13.80 13.94 17.52 18.03 18.18 17.08 14.31 15.11 13.65 14.24 14.16
20.59 21.02 18.98 17.30 16.57 17.23 16.94 16.35 16.35 15.77 17.59 17.89 19.05 17.45 17.67 15.77 12.78 13.21 13.21 11.24 11.24 10.95 13.94 16.86 15.18 14.38 11.53 6.28 4.67 4.60 4.23 5.04 4.74 6.20 9.34 11.46 11.46 10.73 9.64 10.29 10.15 10.37 18.32 18.32 11.61 16.43 15.99 16.43 12.85 13.14 10.29 4.82 3.87 2.63 2.85 2.77 4.45 5.77 5.62 7.81 11.24 11.10 12.41 12.34 13.14 14.31 13.80 16.86 16.86 16.86 17.16 15.33 14.24 14.38 14.09 13.51 13.65 14.09 13.72 13.94 13.72 15.11 14.67 15.33
21.10 20.00 20.29 19.64 19.35 19.49 17.52 16.28 14.45 16.43 16.35 16.28 17.74 17.59 17.52 17.74 17.81 17.37 17.37 12.99 10.80 11.53 10.15 13.58 13.07 12.26 7.66 8.61 5.26 4.89 5.04 4.67 5.48 7.52 9.56 10.95 10.66 9.93 8.32 7.59 8.03 10.29 9.56 9.56 9.56 10.00 15.11 14.38 15.77 11.46 12.99 4.82 2.70 3.29 2.77 3.94 4.16 6.20 7.74 7.37 9.56 13.51 12.56 14.31 14.16 14.09 15.48 15.33 15.33 15.18 15.26 15.62 15.62 13.51 13.80 12.63 11.46 11.53 11.68 12.85 12.26 15.04 16.28 16.21
22.19 19.71 20.00 20.15 19.71 18.98 19.27 17.81 16.28 16.50 13.80 12.48 14.67 15.91 15.26 17.01 18.18 18.32 18.32 17.89 15.62 17.08 12.05 13.07 10.00 8.10 9.05 5.40 5.26 5.48 4.89 6.20 6.50 8.47 7.81 11.39 10.66 8.91 9.56 8.40 9.27 8.32 10.51 10.51 10.22 12.63 11.46 15.26 10.00 10.66 4.53 2.77 2.92 3.36 3.21 4.60 6.06 5.84 7.81 9.42 9.34 12.99 15.84 15.04 15.04 15.26 14.89 15.62 15.62 15.26 15.40 15.40 15.99 15.99 14.60 14.24 14.31 13.51 12.34 12.70 11.39 13.07 12.70 16.13
22.19 19.71 20.00 20.15 19.71 18.98 19.27 17.81 16.28 16.50 13.80 12.48 14.67 15.91 15.26 17.01 18.18 18.32 18.32 17.89 15.62 17.08 12.05 13.07 10.00 8.10 9.05 5.40 5.26 5.48 4.89 6.20 6.50 8.47 7.81 11.39 10.66 8.91 9.56 8.40 9.27 8.32 10.51 10.51 10.22 12.63 11.46 15.26 10.00 10.66 4.53 2.77 2.92 3.36 3.21 4.60 6.06 5.84 7.81 9.42 9.34 12.99 15.84 15.04 15.04 15.26 14.89 15.62 15.62 15.26 15.40 15.40 15.99 15.99 14.60 14.24 14.31 13.51 12.34 12.70 11.39 13.07 12.70 16.13
19.42 18.76 18.40 17.67 17.96 19.27 17.67 18.25 15.77 13.87 14.45 11.61 10.51 10.66 11.68 17.01 18.83 18.40 18.40 19.86 19.71 20.00 14.89 10.22 11.02 8.69 6.13 5.69 6.06 6.06 6.35 5.99 6.79 10.88 10.07 12.05 13.14 11.02 9.93 8.54 7.81 7.59 7.30 7.30 6.79 9.27 7.08 6.79 7.37 4.96 4.96 7.15 4.74 4.53 5.91 7.81 6.35 7.23 8.25 7.96 9.56 10.80 12.92 13.43 13.58 14.09 14.67 14.38 14.38 14.24 15.33 15.55 16.35 14.45 16.35 15.55 16.13 16.43 14.31 12.48 12.99 11.83 13.72 11.97
19.35 17.96 17.37 17.52 17.08 16.43 16.57 14.53 13.43 14.31 12.63 11.75 9.86 10.59 13.87 13.65 18.18 20.15 20.15 21.97 21.46 20.00 13.87 15.77 9.34 6.50 6.42 6.50 6.57 5.99 6.42 6.57 6.20 6.35 9.64 12.99 12.56 11.53 7.81 7.37 8.03 5.69 5.55 5.55 5.11 5.40 4.53 5.40 5.55 6.50 8.32 7.88 10.66 8.76 8.83 9.42 11.24 10.88 8.32 9.27 9.13 10.88 11.39 11.68 11.46 11.75 13.72 15.26 15.26 16.21 15.91 15.84 14.60 15.04 13.65 16.57 15.40 21.90 20.37 20.22 14.75 11.24 10.51 10.51
17.81 17.67 17.16 16.21 16.72 15.48 13.80 14.02 12.99 12.41 12.41 12.70 13.94 14.75 14.53 17.59 21.10 20.73 20.73 22.63 22.34 23.07 17.16 8.69 8.47 7.08 6.79 6.42 5.69 6.13 6.42 5.69 5.33 7.52 8.69 10.88 11.39 8.69 10.15 9.34 6.72 8.47 8.47 8.47 6.79 6.35 7.37 7.30 9.71 9.71 12.12 11.68 11.17 11.83 9.56 9.71 12.41 14.75 14.60 15.26 14.02 12.99 12.19 11.75 11.68 13.65 15.55 15.40 15.40 16.86 17.74 17.01 14.16 12.48 12.78 14.31 21.68 20.08 22.56 17.45 15.55 14.24 12.92 12.78
17.81 17.67 17.16 16.21 16.72 15.48 13.80 14.02 12.99 12.41 12.41 12.70 13.94 14.75 14.53 17.59 21.10 20.73 20.73 22.63 22.34 23.07 17.16 8.69 8.47 7.08 6.79 6.42 5.69 6.13 6.42 5.69 5.33 7.52 8.69 10.88 11.39 8.69 10.15 9.34 6.72 8.47 8.47 8.47 6.79 6.35 7.37 7.30 9.71 9.71 12.12 11.68 11.17 11.83 9.56 9.71 12.41 14.75 14.60 15.26 14.02 12.99 12.19 11.75 11.68 13.65 15.55 15.40 15.40 16.86 17.74 17.01 14.16 12.48 12.78 14.31 21.68 20.08 22.56 17.45 15.55 14.24 12.92 12.78
16.72 17.45 16.50 16.86 13.94 13.29 13.29 12.48 13.21 12.12 15.40 17.81 16.13 18.03 21.75 21.75 21.68 24.97 24.97 24.53 19.27 19.86 12.12 8.98 9.05 8.32 7.15 6.35 7.08 7.23 6.72 10.66 7.74 12.70 12.26 12.56 12.85 14.16 10.37 10.51 12.26 10.15 9.71 9.71 10.73 8.98 11.32 11.61 11.17 14.02 14.09 16.13 13.14 13.94 10.15 11.46 10.73 15.33 15.70 15.99 13.58 12.63 12.70 12.63 13.36 13.29 14.31 15.48 15.48 15.26 17.08 16.57 15.11 15.70 12.99 16.35 14.97 21.53 20.37 16.86 17.45 14.24 13.51 13.80
15.70 16.43 15.33 14.24 14.53 13.51 13.43 13.36 14.24 16.13 15.33 17.52 20.81 23.87 23.43 23.73 24.31 23.73 23.73 24.82 19.71 15.33 12.63 12.99 10.80 8.61 9.64 10.37 9.93 10.59 12.92 15.62 13.14 13.21 17.16 16.57 15.62 15.70 13.07 12.12 12.48 13.07 13.58 13.58 18.40 17.74 15.62 18.76 18.54 16.72 16.35 16.50 14.24 12.19 10.44 11.24 17.16 17.52 18.03 11.68 11.75 11.61 12.19 13.36 12.26 13.07 12.99 14.60 14.60 15.84 16.21 17.37 15.40 13.21 13.80 13.29 16.28 6.06 15.62 15.91 16.79 15.48 16.13 13.58
15.62 13.43 13.94 13.36 13.29 12.56 12.78 12.92 14.31 17.30 18.83 16.64 18.54 21.61 20.44 22.19 22.05 22.12 22.12 20.66 16.72 17.74 13.94 12.19 13.36 12.56 11.83 10.80 12.56 15.55 17.45 18.40 18.25 17.74 14.82 17.74 13.21 12.48 12.41 15.40 17.81 20.66 20.59 20.59 19.78 15.84 16.50 19.27 17.74 17.37 16.79 15.55 16.13 14.16 17.23 19.20 18.32 19.35 12.92 14.97 7.37 7.08 8.69 9.71 11.61 11.24 12.34 12.99 12.99 12.56 15.18 14.97 12.12 13.14 12.41 14.60 13.87 8.25 0.00 14.53 11.24 17.45 14.97 15.99
16.28 13.58 13.36 12.99 13.87 13.07 10.73 10.88 11.02 13.07 12.41 14.75 14.67 17.23 16.43 19.35 20.95 20.81 20.81 20.29 19.27 14.38 12.92 13.80 13.58 13.51 13.65 12.12 13.94 14.24 18.91 18.25 19.05 16.94 15.62 14.67 12.56 13.29 18.32 17.45 20.37 18.69 13.07 13.07 19.35 13.36 11.02 11.02 13.94 14.24 13.29 13.51 13.87 16.06 15.33 16.28 14.60 20.37 13.14 8.03 8.69 7.81 9.42 9.49 9.20 11.10 11.46 12.92 12.92 14.97 14.67 15.04 12.92 13.21 12.48 15.40 8.61 1.02 0.00 0.00 13.07 12.56 14.31 13.07
16.28 13.58 13.36 12.99 13.87 13.07 10.73 10.88 11.02 13.07 12.41 14.75 14.67 17.23 16.43 19.35 20.95 20.81 20.81 20.29 19.27 14.38 12.92 13.80 13.58 13.51 13.65 12.12 13.94 14.24 18.91 18.25 19.05 16.94 15.62 14.67 12.56 13.29 18.32 17.45 20.37 18.69 13.07 13.07 19.35 13.36 11.02 11.02 13.94 14.24 13.29 13.51 13.87 16.06 15.33 16.28 14.60 20.37 13.14 8.03 8.69 7.81 9.42 9.49 9.20 11.10 11.46 12.92 12.92 14.97 14.67 15.04 12.92 13.21 12.48 15.40 8.61 1.02 0.00 0.00 13.07 12.56 14.31 13.07
15.33 15.33 15.04 16.79 17.74 15.33 10.07 7.30 7.30 7.59 10.15 11.24 12.41 14.38 17.37 19.05 19.78 19.93 19.93 16.94 14.31 14.82 12.85 11.75 13.14 14.53 14.89 14.31 12.78 13.07 16.43 15.99 17.59 17.23 12.85 11.75 12.41 11.83 15.84 12.70 12.26 14.97 10.88 10.88 9.78 11.02 10.00 9.42 9.56 11.61 12.34 11.75 11.97 12.92 13.07 13.21 11.46 10.07 10.15 9.27 10.66 10.15 11.24 10.44 11.39 10.95 13.80 15.84 15.84 15.40 16.79 14.16 13.51 13.36 15.18 12.92 4.96 7.37 2.56 10.00 8.25 12.26 10.00 10.66
14.45 14.24 15.33 14.97 16.28 17.23 12.26 13.43 8.76 9.71 12.26 11.24 14.16 17.16 16.72 18.18 19.93 17.30 17.30 16.79 14.45 14.89 11.53 11.17 12.34 13.58 14.45 14.89 13.65 14.16 14.89 17.08 17.08 14.16 14.67 11.97 9.34 10.07 7.15 7.59 6.06 8.10 8.25 8.25 10.51 12.99 10.44 9.56 12.26 14.89 11.75 11.90 10.51 10.66 9.71 9.71 9.86 9.64 10.80 12.85 12.19 15.48 14.82 13.07 12.41 13.80 13.58 15.77 15.77 17.96 14.31 15.26 12.99 13.80 13.58 13.29 9.13 9.13 7.96 8.32 7.81 10.00 10.44 10.07
13.29 12.63 13.36 15.84 15.33 17.30 14.53 10.29 10.95 9.56 12.48 12.85 12.78 14.24 13.14 12.48 14.02 15.18 15.18 16.50 15.40 14.60 12.85 12.48 11.24 12.34 14.67 13.36 10.80 10.37 13.51 14.31 13.65 12.19 10.29 10.73 8.76 5.33 1.68 2.26 2.56 5.18 11.90 11.90 10.51 13.36 14.75 14.09 13.21 15.70 13.43 14.02 10.15 9.34 9.64 8.69 9.86 8.83 10.51 12.41 14.82 14.45 14.89 13.80 14.38 13.87 17.23 18.83 18.83 18.98 12.78 7.45 8.25 7.30 10.66 8.98 9.20 9.20 8.47 7.30 7.01 8.83 8.25 10.44
13.80 15.99 17.16 17.08 17.23 17.52 18.25 18.10 17.74 17.89 18.91 18.61 16.72 15.11 16.13 12.41 11.24 14.82 14.82 14.97 15.48 15.62 14.24 14.97 15.26 14.60 17.74 12.78 9.20 8.32 10.80 8.32 8.18 7.88 7.15 7.59 1.68 1.97 1.31 0.00 4.16 3.43 5.40 5.40 12.26 11.61 14.24 12.19 15.77 16.21 13.65 13.51 13.58 10.44 10.07 9.71 11.32 11.17 10.22 11.02 12.12 13.36 13.07 14.31 13.87 16.28 15.70 17.08 17.08 12.41 7.59 8.47 6.64 8.25 8.03 7.96 6.79 5.77 5.11 4.82 5.40 7.37 9.20 7.45
15.91 15.40 17.67 17.08 17.16 16.57 18.32 19.56 19.49 20.00 20.08 19.56 19.78 20.08 23.51 20.15 16.50 16.72 16.72 16.13 15.91 17.52 16.79 16.79 18.32 18.83 18.91 18.18 18.18 6.57 11.10 10.37 7.88 7.01 4.82 2.19 0.66 0.15 0.00 0.00 4.09 2.99 3.65 3.65 2.04 9.20 9.20 8.10 6.50 6.72 12.99 12.05 10.15 10.22 11.17 13.43 11.97 12.70 9.49 9.49 9.27 10.59 12.85 15.04 14.67 15.33 14.67 14.02 14.02 14.24 8.76 11.32 8.10 8.69 5.62 3.72 4.74 4.31 4.74 4.09 3.94 4.45 5.99 5.62
15.91 15.40 17.67 17.08 17.16 16.57 18.32 19.56 19.49 20.00 20.08 19.56 19.78 20.08 23.51 20.15 16.50 16.72 16.72 16.13 15.91 17.52 16.79 16.79 18.32 18.83 18.91 18.18 18.18 6.57 11.10 10.37 7.88 7.01 4.82 2.19 0.66 0.15 0.00 0.00 4.09 2.99 3.65 3.65 2.04 9.20 9.20 8.10 6.50 6.72 12.99 12.05 10.15 10.22 11.17 13.43 11.97 12.70 9.49 9.49 9.27 10.59 12.85 15.04 14.67 15.33 14.67 14.02 14.02 14.24 8.76 11.32 8.10 8.69 5.62 3.72 4.74 4.31 4.74 4.09 3.94 4.45 5.99 5.62
15.70 15.62 15.33 15.62 15.48 16.64 15.91 18.69 21.75 22.19 22.48 22.48 22.41 22.56 22.34 22.85 19.71 19.64 19.64 16.57 17.59 20.00 19.13 18.98 18.98 19.64 19.64 18.61 16.21 13.87 8.18 10.15 5.91 0.00 4.09 0.00 0.00 0.00 0.00 0.00 1.24 1.02 1.53 1.53 0.29 0.00 0.00 0.00 2.12 1.97 1.31 0.00 7.66 8.91 8.47 8.25 8.69 8.54 9.13 8.69 10.44 12.41 11.97 14.67 16.21 15.11 15.40 13.94 13.94 14.60 14.97 15.40 10.66 7.45 8.18 5.18 3.58 3.58 3.29 3.87 4.16 4.02 3.94 3.65
17.16 15.70 17.23 16.72 17.16 16.28 19.35 21.61 20.95 22.48 21.83 22.12 22.34 21.46 17.89 20.22 20.73 19.27 19.27 21.39 22.34 20.73 20.66 23.84 17.83 19.36 17.48 17.16 17.74 10.29 11.39 12.70 6.94 3.80 3.14 0.15 0.80 0.00 0.66 0.58 0.29 0.22 0.80 0.80 0.00 0.66 1.61 1.17 1.75 0.00 0.00 0.00 5.11 5.62 6.57 6.94 6.28 5.84 5.77 7.30 8.91 10.59 13.43 12.63 15.18 14.60 14.02 14.31 14.31 13.21 15.26 13.36 14.75 10.66 8.18 4.96 4.16 4.23 3.65 3.29 3.80 2.63 3.43 3.29
17.96 17.59 19.35 19.35 17.23 17.45 18.54 20.00 19.13 12.19 13.65 12.78 15.18 14.60 16.72 15.55 20.51 19.93 19.93 23.14 23.51 23.73 24.24 22.32 26.61 19.74 22.56 18.36 18.76 21.53 19.20 15.55 10.22 10.00 4.31 0.66 3.94 1.17 1.83 0.95 0.95 0.00 0.00 0.00 0.00 0.37 1.17 0.00 0.00 0.00 0.00 0.00 0.00 0.00 0.00 0.00 0.00 0.00 4.38 6.13 7.37 7.15 8.69 10.29 10.07 12.56 11.61 15.62 15.62 15.04 13.65 13.94 11.90 9.27 6.50 7.08 5.40 5.40 5.26 4.53 4.96 3.14 4.31 3.50
21.39 18.69 17.23 15.91 16.28 14.75 13.58 12.85 13.58 9.42 7.81 10.22 9.78 10.00 4.74 10.51 17.30 21.17 21.17 16.64 16.86 20.01 20.85 24.01 24.43 23.45 23.33 22.86 22.05 19.29 19.64 15.84 14.38 15.48 9.34 5.04 9.20 3.87 3.80 0.95 1.75 0.22 0.51 0.51 0.00 0.00 0.00 0.00 0.00 0.00 0.00 0.00 0.00 0.00 0.00 0.00 0.00 0.00 0.00 0.00 7.37 8.98 11.17 10.80 10.88 12.78 17.30 16.64 16.64 17.30 15.11 12.41 13.14 10.80 8.91 8.03 6.06 4.38 4.45 4.74 5.26 4.02 4.38 4.53
18.91 19.56 17.30 15.70 14.82 14.75 14.02 13.36 9.56 6.20 6.57 8.47 4.82 4.02 8.91 14.53 17.23 16.94 16.94 16.59 13.35 9.78 13.70 16.06 16.60 20.81 20.24 23.65 23.91 20.79 23.48 21.39 19.56 20.44 17.96 18.32 13.29 6.06 5.04 2.26 1.90 0.44 0.58 0.58 0.00 0.00 0.00 0.00 0.00 0.00 0.00 0.00 0.00 0.00 0.00 0.00 0.00 0.00 0.00 0.00 6.28 9.56 11.61 10.80 16.72 18.61 18.18 18.18 18.18 17.23 13.14 9.64 10.37 7.45 8.32 9.34 9.13 9.56 10.44 8.03 4.02 2.56 2.56 2.34
18.91 19.56 17.30 15.70 14.82 14.75 14.02 13.36 9.56 6.20 6.57 8.47 4.82 4.02 8.91 14.53 17.23 16.94 17.02 17.13 13.55 10.47 13.35 16.47 16.35 20.81 19.64 21.97 22.34 21.11 23.72 22.28 21.98 21.63 18.42 18.32 13.29 6.06 5.04 2.26 1.90 0.44 0.58 0.58 0.00 0.00 0.00 0.00 0.00 0.00 0.00 0.00 0.00 0.00 0.00 0.00 0.00 0.00 0.00 0.00 6.28 9.56 11.61 10.80 16.72 18.61 18.18 18.18 18.18 17.23 13.14 9.64 10.37 7.45 8.32 9.34 9.13 9.56 10.44 8.03 4.02 2.56 2.56 2.34
18.83 17.23 16.72 16.35 15.18 14.82 14.97 16.57 16.06 16.21 12.48 8.18 5.48 5.62 17.52 15.18 19.86 17.96 17.96 15.48 7.37 5.62 5.14 9.34 4.64 20.87 16.52 17.24 13.72 18.78 23.89 24.06 26.82 25.70 21.22 17.55 16.96 18.18 10.66 10.07 2.41 1.17 0.00 0.00 0.73 0.00 0.00 0.73 0.44 1.39 0.00 0.00 0.00 0.00 0.00 0.00 0.00 0.00 0.00 0.00 0.00 7.08 10.07 16.86 14.53 20.15 18.40 16.79 16.79 17.37 12.78 9.20 7.08 7.45 8.25 8.69 8.32 8.10 9.71 7.52 3.65 4.16 2.63 2.26
15.77 15.26 16.57 16.13 15.26 15.18 14.53 16.06 17.59 17.52 17.67 15.99 15.70 14.53 17.81 17.59 19.71 18.32 18.32 19.30 7.96 8.51 2.63 1.97 3.45 7.34 5.40 8.78 7.00 13.13 20.08 23.65 22.70 26.38 27.41 27.86 21.94 22.82 14.67 16.43 7.74 10.66 1.75 1.75 3.65 0.00 0.00 0.00 1.53 1.31 1.53 0.00 0.00 0.00 0.00 0.00 0.00 0.00 0.00 0.00 0.00 3.21 5.48 14.45 19.78 19.35 18.25 15.33 15.33 14.31 9.13 10.88 7.96 7.96 7.66 9.56 10.22 11.10 11.17 9.56 6.35 9.34 7.08 5.91
14.53 15.70 15.48 16.13 15.04 14.89 15.99 15.77 17.30 23.29 16.94 14.89 13.58 13.72 13.21 14.53 16.28 16.57 16.57 10.73 10.15 8.91 4.67 0.00 0.00 2.85 3.21 6.05 11.90 13.06 17.23 21.17 20.08 25.33 25.67 26.79 28.64 27.96 21.53 23.94 14.89 17.23 5.55 5.55 2.19 0.00 0.00 0.00 0.51 1.17 0.88 0.00 0.00 0.00 0.00 0.00 0.00 0.00 0.00 0.00 0.00 0.00 5.33 4.38 17.37 15.91 13.87 13.87 13.87 13.43 8.10 3.72 4.23 2.70 5.18 9.93 12.70 12.41 13.29 12.63 12.48 11.46 10.22 8.03
11.39 13.87 14.67 13.87 15.18 18.61 17.52 22.48 25.55 20.88 22.85 17.08 20.37 14.38 13.14 9.93 8.40 8.10 8.10 9.20 9.20 13.29 9.93 8.91 3.94 5.26 4.45 7.04 7.96 10.29 12.48 16.64 14.38 20.08 25.33 24.97 27.20 31.09 27.71 26.77 19.93 15.77 18.32 18.32 7.52 7.15 0.58 1.24 2.12 0.44 0.95 1.61 1.61 0.00 0.00 0.00 0.00 0.00 0.00 0.00 0.00 0.00 3.36 4.96 4.53 12.99 10.73 9.93 9.93 10.22 6.28 0.00 1.24 3.29 2.56 7.81 12.26 14.75 14.24 14.67 13.65 13.29 11.90 8.76
6.79 7.52 6.64 9.93 14.31 17.01 20.08 19.49 20.94 17.37 20.08 22.27 16.43 11.32 8.54 7.66 8.03 11.68 11.68 10.15 18.98 15.18 14.02 17.96 7.37 6.13 8.03 8.92 7.96 8.40 9.93 10.73 11.46 14.31 16.57 24.45 28.18 26.72 25.57 29.57 25.90 21.75 19.78 19.78 11.17 13.29 5.18 4.89 5.55 0.88 1.02 1.97 0.00 0.58 0.00 0.00 0.00 0.00 0.00 4.23 3.50 0.00 0.00 0.00 3.87 3.07 3.21 3.58 3.58 0.00 0.00 0.00 0.00 1.31 3.43 2.77 7.30 12.99 14.75 12.78 14.31 14.09 12.70 8.91
11.10 7.45 8.40 13.72 11.97 19.27 22.56 24.67 17.97 15.11 14.60 17.59 10.29 11.61 8.10 6.79 7.01 8.83 8.83 15.84 20.15 22.70 20.51 18.47 17.37 14.45 11.97 9.93 11.78 15.28 15.28 15.19 12.94 14.82 13.80 16.50 12.26 20.28 26.79 26.94 23.74 23.14 20.00 20.00 17.37 18.40 19.42 11.02 9.86 4.31 4.09 3.58 0.00 0.00 0.00 0.00 0.00 0.00 4.16 2.70 8.25 5.55 0.00 0.00 0.00 0.00 0.00 0.00 0.00 0.00 0.00 0.00 0.00 0.00 0.00 0.00 2.48 4.45 3.87 6.86 13.14 12.26 9.13 9.71
11.10 7.45 8.40 13.72 11.97 19.27 22.56 24.67 17.52 15.11 14.60 17.59 10.29 11.61 8.10 6.79 7.01 8.88 8.83 15.84 20.15 22.70 20.51 18.47 17.37 14.45 11.97 9.93 11.61 14.75 14.75 15.11 12.56 14.82 13.87 16.58 12.26 20.18 27.06 26.94 23.51 23.14 20.00 20.00 17.37 18.40 19.42 11.02 9.86 4.31 4.09 3.58 0.00 0.00 0.00 0.00 0.00 0.00 4.16 2.70 8.25 5.55 0.00 0.00 0.00 0.00 0.00 0.00 0.00 0.00 0.00 0.00 0.00 0.00 0.00 0.00 2.48 4.45 3.87 6.86 13.14 12.26 9.13 9.71
15.48 13.29 10.51 9.93 10.29 21.97 26.43 27.05 23.49 17.89 14.82 11.39 9.78 7.88 6.50 6.72 10.66 13.58 13.58 16.86 22.56 21.02 21.61 21.90 20.88 19.78 15.77 23.14 20.15 19.93 19.93 22.27 17.16 13.51 13.80 12.56 10.29 13.94 13.87 18.32 13.29 14.24 17.59 17.59 21.39 21.75 21.02 17.01 17.30 15.70 6.64 4.96 6.64 3.87 0.00 0.00 0.00 0.00 3.94 7.52 7.08 6.79 3.65 0.00 0.00 0.00 0.00 0.00 0.00 0.00 0.00 0.00 0.00 0.00 0.00 0.00 0.00 3.07 5.55 4.89 8.40 11.68 8.54 4.82
