Wansh/Snow_depth/snowdepth-1993/winter/1994059.txt
ncols 321
nrows 161
xllcenter 60
yllcenter 15 
cellsize  0.25 
NODATA_value -1
[rows 0 to 36 of 161, columns 168 to 251 of 321]
14.38 10.59 8.76 8.76 9.20 8.98 8.25 8.40 8.40 8.40 8.61 9.42 9.34 10.00 9.49 9.86 10.00 12.26 11.61 15.18 14.75 15.40 13.21 11.97 10.80 11.68 7.01 0.00 0.00 0.00 0.00 0.00 9.86 16.57 14.67 14.67 14.67 13.14 14.24 13.65 15.84 14.02 12.92 15.18 15.55 15.55 15.55 10.95 15.48 11.90 11.02 10.29 10.22 10.95 10.07 10.51 11.46 13.94 13.58 13.58 13.58 12.05 14.09 17.37 23.21 26.21 26.35 26.06 26.57 23.14 18.32 18.32 19.49 19.49 16.13 18.03 17.45 18.91 20.15 21.39 20.37 19.86 19.42 18.83
15.55 12.92 9.49 9.86 9.56 8.25 7.37 7.37 8.32 8.32 7.96 9.86 10.37 10.29 10.44 10.66 12.34 14.75 14.53 16.13 13.80 14.60 11.83 11.39 7.66 8.76 0.00 0.00 0.00 0.00 0.00 0.66 10.07 14.67 10.88 10.88 11.46 12.05 14.82 18.54 17.45 17.96 16.64 15.48 17.01 14.24 13.43 11.61 11.90 11.02 10.88 10.29 12.19 12.99 12.63 12.92 12.56 11.68 14.38 14.75 14.75 17.37 19.56 18.54 22.34 22.78 24.31 24.16 24.60 23.73 18.25 16.50 17.45 13.65 14.02 15.40 13.80 17.16 15.55 17.16 17.30 10.59 10.95 10.80
16.79 14.24 12.48 12.78 12.34 12.26 12.78 9.93 9.42 9.42 9.05 10.44 10.44 10.51 11.17 12.85 12.26 15.26 16.79 15.48 15.91 14.02 12.19 12.63 10.66 2.34 0.00 0.00 0.00 0.00 0.00 4.38 11.83 11.10 10.88 10.88 11.61 12.56 18.18 19.86 19.78 18.98 19.20 17.45 15.55 15.11 11.32 10.80 12.41 11.32 11.61 11.17 12.12 12.34 12.78 12.78 12.63 11.24 13.87 13.65 13.65 17.45 18.98 20.15 21.32 20.95 22.12 15.55 16.79 14.60 15.11 16.21 15.40 16.86 8.40 9.13 9.71 11.90 13.36 8.32 8.25 8.47 8.32 5.55
16.79 14.24 12.48 12.78 12.34 12.26 12.78 9.93 9.42 9.42 9.05 10.44 10.44 10.51 11.17 12.85 12.26 15.26 16.79 15.48 15.91 14.02 12.19 12.63 10.66 2.34 0.00 0.00 0.00 0.00 0.00 4.38 11.83 11.10 10.88 10.88 11.61 12.56 18.18 19.86 19.78 18.98 19.20 17.45 15.55 15.11 11.32 10.80 12.41 11.32 11.61 11.17 12.12 12.34 12.78 12.78 12.63 11.24 13.87 13.65 13.65 17.45 18.98 20.15 21.32 20.95 22.12 15.55 16.79 14.60 15.11 16.21 15.40 16.86 8.40 9.13 9.71 11.90 13.36 8.32 8.25 8.47 8.32 5.55
18.54 17.74 15.40 16.86 14.82 14.09 15.26 13.14 10.29 10.29 11.90 14.31 11.61 15.33 16.72 16.06 18.54 18.10 18.40 17.01 12.56 9.86 5.11 6.13 2.85 0.00 0.00 0.00 0.00 0.00 1.10 9.64 0.00 10.51 12.05 12.05 14.82 13.72 17.45 17.01 17.45 18.32 18.10 17.30 17.08 13.51 12.99 14.31 14.24 14.16 14.60 13.36 13.51 12.48 13.21 12.70 12.26 13.36 16.43 17.81 17.81 17.16 19.35 20.73 18.25 15.26 12.70 13.14 12.12 5.62 6.72 6.94 5.84 5.91 5.91 6.72 6.94 5.40 5.18 6.06 5.11 5.40 5.26 5.33
19.35 19.86 19.05 19.35 17.45 16.79 17.08 16.21 13.07 13.07 13.51 14.38 16.94 17.01 17.01 19.56 18.83 15.70 16.64 12.12 6.35 0.00 0.00 0.00 0.00 0.00 0.00 0.00 8.32 3.72 0.88 9.78 4.96 10.37 12.41 12.41 16.86 16.64 15.99 16.21 16.64 17.30 18.83 17.67 15.62 15.04 15.11 14.89 15.48 15.62 16.35 15.33 17.23 14.45 15.04 12.92 12.85 13.94 15.77 17.52 17.52 17.45 16.94 16.64 17.45 14.53 7.45 5.69 5.84 5.04 4.67 5.40 6.79 4.23 4.23 4.09 5.11 4.45 5.84 5.40 4.96 4.89 4.89 5.62
19.05 23.14 22.56 23.73 21.61 22.27 20.29 20.88 20.66 20.66 19.71 19.05 19.71 19.64 19.86 18.98 19.27 16.72 10.29 4.38 6.06 0.00 0.00 0.00 0.00 0.00 0.00 7.88 2.12 9.05 6.42 10.51 13.65 16.57 15.40 15.40 17.81 18.40 19.49 16.79 17.08 16.79 18.32 19.35 16.21 18.76 18.40 17.23 17.89 18.25 17.08 17.96 17.30 14.67 11.97 11.02 11.24 13.94 13.87 13.14 13.14 13.07 12.99 10.95 9.93 10.15 8.54 5.55 6.79 5.69 4.09 4.38 5.18 5.04 4.67 5.04 4.82 5.11 5.48 5.63 5.92 8.66 6.98 8.18
19.05 23.14 22.56 23.73 21.61 22.27 20.29 20.88 20.66 20.66 19.71 19.05 19.71 19.64 19.86 18.98 19.27 16.72 10.29 4.38 6.06 0.00 0.00 0.00 0.00 0.00 0.00 7.88 2.12 9.05 6.42 10.51 13.65 16.57 15.40 15.40 17.81 18.40 19.49 16.79 17.08 16.79 18.32 19.35 16.21 18.76 18.40 17.23 17.89 18.25 17.08 17.96 17.30 14.67 11.97 11.02 11.24 13.94 13.87 13.14 13.14 13.07 12.99 10.95 9.93 10.15 8.54 5.55 6.79 5.69 4.09 4.38 5.18 5.04 4.67 5.82 6.65 7.35 7.50 9.56 9.78 11.53 8.98 8.49
16.21 21.46 23.87 23.80 23.21 20.66 20.88 20.29 20.37 20.37 20.22 19.64 20.51 19.78 17.52 18.69 16.13 9.13 0.00 0.00 0.00 0.00 0.00 0.00 0.00 3.07 7.01 0.00 4.67 5.99 7.08 8.03 14.31 16.79 18.10 18.10 20.73 19.71 20.22 17.52 17.01 18.10 20.00 17.96 17.74 18.18 19.86 19.27 21.24 19.64 18.61 18.91 16.86 13.58 11.24 10.22 12.78 11.68 12.41 11.61 11.61 11.32 11.75 11.83 10.51 11.32 8.83 9.42 7.45 7.15 6.06 5.99 6.86 5.34 5.65 7.24 7.42 7.41 8.01 10.60 11.21 9.32 8.93 10.62
12.56 13.43 18.54 16.94 19.20 20.37 20.37 19.20 20.00 20.00 19.49 20.81 19.49 20.08 17.45 8.18 0.00 0.00 0.00 0.00 0.00 0.00 3.14 6.06 4.16 8.40 5.69 6.20 8.32 9.64 8.47 12.63 14.16 13.21 16.21 16.21 17.16 14.16 15.04 16.21 15.91 19.49 20.29 19.05 19.27 19.27 20.00 19.78 20.73 19.64 16.28 14.97 12.19 12.78 10.80 9.49 10.95 12.70 12.78 12.78 12.78 12.85 14.67 13.58 14.24 12.05 10.15 8.69 7.59 7.74 7.81 8.47 7.78 8.42 8.97 7.79 8.78 9.05 11.17 11.77 13.01 11.76 12.78 12.78
13.87 12.70 13.43 12.85 16.13 19.56 19.86 19.86 19.93 19.93 13.94 10.88 11.75 11.17 5.69 0.00 0.00 0.00 0.00 0.00 6.94 7.96 10.51 10.88 10.07 4.89 9.93 8.32 8.54 10.29 9.93 10.22 10.66 10.15 13.14 13.14 12.56 13.80 16.35 20.00 20.37 20.29 20.37 18.54 17.16 17.59 17.45 12.92 15.91 16.13 16.06 15.18 13.51 12.26 10.73 10.73 12.63 11.02 14.82 19.64 19.64 19.13 17.16 14.60 15.55 10.73 11.61 8.61 8.18 8.40 8.40 8.32 6.74 7.11 6.70 8.58 11.16 13.08 12.78 12.70 13.86 14.71 16.11 15.23
13.87 12.70 13.43 12.85 16.13 19.56 19.86 19.86 19.93 19.93 13.94 10.88 11.75 11.17 5.69 0.00 0.00 0.00 0.00 0.00 6.94 7.96 10.51 10.88 10.07 4.89 9.93 8.32 8.54 10.29 9.93 10.22 10.66 10.15 13.14 13.14 12.56 13.80 16.35 20.00 20.37 20.29 20.37 18.54 17.16 17.59 17.45 12.92 15.91 16.13 16.06 15.18 13.51 12.26 10.73 10.73 12.63 11.02 14.82 19.64 19.64 19.13 17.16 14.60 15.55 10.73 11.61 8.61 8.18 8.40 8.40 8.32 6.57 7.01 6.50 7.96 9.94 12.11 13.63 13.17 13.86 14.39 17.70 16.30
15.62 14.97 13.36 13.36 12.41 11.90 12.92 12.48 9.64 9.64 10.37 7.74 3.94 0.00 0.00 0.00 0.00 0.00 4.53 7.23 10.29 10.00 9.64 10.73 10.73 9.34 7.30 8.40 8.10 10.80 10.66 10.59 10.51 12.26 14.24 14.24 16.64 17.74 17.01 19.49 19.05 16.06 15.48 18.18 18.18 10.15 9.13 10.59 13.51 12.12 14.16 13.29 13.80 12.70 14.38 15.70 17.59 18.83 18.69 18.91 18.91 18.91 17.96 17.01 13.94 11.10 11.39 9.86 11.53 11.39 9.49 9.71 8.40 8.98 8.31 11.22 13.91 12.27 13.85 16.23 16.63 17.18 19.32 19.47
15.33 15.77 15.26 13.87 14.16 11.90 10.73 5.48 2.04 2.04 1.68 0.00 0.00 0.00 0.00 0.00 0.00 5.69 7.37 10.80 10.37 11.68 11.02 8.83 9.93 9.27 8.76 9.27 9.93 11.90 11.24 11.46 10.73 11.61 11.68 11.68 13.58 14.97 14.67 16.13 15.70 15.99 14.75 8.91 7.30 7.52 7.59 9.78 9.49 9.78 11.83 11.39 13.21 12.70 14.38 16.06 16.43 16.28 15.91 16.72 16.72 18.54 18.47 18.83 16.28 16.94 14.16 12.34 12.41 12.70 10.88 10.29 14.31 14.76 14.71 15.17 13.42 15.46 15.84 13.96 16.34 15.64 16.80 20.13
19.13 20.00 18.61 19.42 16.86 13.58 14.67 10.80 4.96 4.96 10.00 7.23 6.13 2.99 1.46 7.23 6.57 5.04 9.20 10.59 10.73 11.32 12.70 8.91 9.27 10.95 10.73 11.02 11.53 11.32 10.80 10.59 10.51 10.88 10.59 10.59 12.05 11.39 13.94 13.87 13.94 14.31 12.41 7.01 8.32 8.91 8.47 8.03 8.10 9.86 9.42 11.02 11.97 12.41 15.04 16.28 16.72 17.59 18.40 17.23 17.23 18.47 17.67 16.79 16.64 16.94 16.28 13.72 13.29 13.07 16.79 17.45 18.52 19.53 16.70 18.14 17.07 16.87 15.06 14.79 15.97 14.51 16.23 14.50
17.01 20.29 18.83 16.13 16.43 15.55 13.29 13.14 12.99 12.99 13.29 12.12 11.90 10.22 8.54 8.76 7.23 7.01 6.94 7.88 10.37 10.51 13.21 7.96 9.78 9.42 11.46 10.00 12.19 11.68 11.32 11.39 11.10 11.32 11.02 11.02 11.83 11.61 11.90 8.25 7.59 8.10 7.59 6.79 9.93 8.98 8.10 7.45 7.88 8.40 8.25 9.42 7.37 11.32 14.53 16.86 18.40 18.18 18.54 17.96 17.96 18.83 17.89 17.45 16.72 14.09 14.89 13.65 14.67 19.42 20.51 19.34 20.03 18.30 22.01 17.50 17.88 16.27 16.02 15.99 16.31 18.93 15.58 14.70
17.01 20.29 18.83 16.13 16.43 15.55 13.29 13.14 12.99 12.99 13.29 12.12 11.90 10.22 8.54 8.76 7.23 7.01 6.94 7.88 10.37 10.51 13.21 7.96 9.78 9.42 11.46 10.00 12.19 11.68 11.32 11.39 11.10 11.32 11.02 11.02 11.83 11.61 11.90 8.25 7.59 8.10 7.59 6.79 9.93 8.98 8.10 7.45 7.88 8.40 8.25 9.42 7.37 11.32 14.53 16.86 18.40 18.18 18.54 17.96 17.96 18.83 17.89 17.45 16.72 14.09 14.89 13.65 14.67 19.42 20.51 23.75 18.77 19.89 19.76 21.65 18.14 17.99 16.34 14.42 15.77 16.27 16.94 16.69
14.24 16.79 16.43 16.86 13.51 11.83 12.12 11.68 11.90 11.90 10.51 10.59 11.02 9.20 8.47 9.20 8.03 7.08 7.52 8.91 10.37 10.15 5.77 8.03 8.54 8.18 9.56 10.51 10.44 11.32 11.68 11.68 10.66 10.80 10.80 10.80 11.53 9.86 8.61 8.76 8.54 9.13 12.34 10.80 7.52 5.55 6.13 5.26 6.79 3.21 3.58 4.74 3.80 8.54 12.63 15.62 17.52 15.40 17.81 18.18 18.18 18.10 18.40 16.86 14.97 13.94 16.43 18.10 15.77 15.62 22.01 20.24 21.10 19.37 17.58 21.36 21.14 17.64 16.09 19.43 17.66 18.10 18.41 14.69
15.11 14.67 15.84 14.31 13.87 11.24 11.24 8.91 8.54 8.54 6.86 7.74 7.74 8.69 8.69 7.74 7.23 7.08 7.81 9.34 3.72 6.42 5.33 7.88 7.74 8.18 8.47 9.93 10.22 9.49 9.86 10.73 10.51 10.73 11.02 11.02 9.64 9.34 9.64 8.83 9.05 11.24 7.74 6.57 5.33 3.50 2.77 1.75 2.12 1.97 2.92 3.36 3.65 7.59 10.80 9.93 9.86 12.63 14.67 14.45 14.45 15.40 14.38 14.89 14.31 14.82 16.50 19.05 19.49 20.03 20.20 19.91 19.69 21.74 23.52 20.55 17.68 19.21 17.76 19.57 16.74 17.60 16.24 17.58
12.92 11.83 10.51 11.24 12.34 12.19 9.49 8.69 7.66 7.66 7.74 7.23 8.61 9.49 8.83 8.10 7.88 7.96 10.07 5.48 6.28 8.25 5.84 7.08 7.74 8.40 8.40 8.69 7.96 8.91 10.00 10.95 12.05 10.73 9.86 9.86 10.22 9.13 8.98 7.96 7.81 8.98 9.20 5.55 4.31 2.85 3.50 2.92 1.75 0.44 0.80 0.66 2.48 5.84 4.09 6.06 4.38 8.91 10.00 12.34 12.34 14.38 14.97 13.36 14.24 14.16 15.77 18.32 17.16 17.89 21.90 23.65 23.65 24.02 22.12 20.82 23.45 22.60 22.32 19.22 21.29 16.07 15.50 19.12
11.10 11.32 10.44 10.44 9.93 10.00 10.59 10.07 7.96 7.96 7.59 7.96 9.64 10.07 8.69 8.91 8.03 7.52 6.06 10.88 6.42 7.45 9.20 9.05 7.88 8.18 7.59 8.03 7.74 8.03 10.80 12.48 12.26 10.37 12.19 12.19 11.02 8.76 9.64 7.45 7.08 6.86 6.35 2.77 3.36 3.29 3.58 3.65 0.88 0.00 0.00 0.00 0.00 3.14 0.00 1.68 4.67 7.01 8.61 6.79 6.79 9.05 8.47 11.17 11.61 7.81 10.29 15.11 15.62 19.05 23.21 24.45 25.11 24.53 24.05 26.77 28.19 21.81 26.06 22.12 23.80 18.07 20.35 16.76
9.93 8.98 10.00 9.42 9.49 9.42 8.32 9.20 7.59 7.59 7.81 8.18 8.40 9.49 10.00 8.91 10.88 7.37 8.40 4.74 6.35 7.59 9.64 7.59 7.52 9.20 8.83 11.46 11.17 12.34 12.41 13.51 13.07 12.85 11.83 11.83 10.88 5.04 4.96 4.23 4.60 4.45 3.87 3.50 2.99 1.61 1.75 0.66 1.10 0.00 0.00 0.00 0.00 1.02 0.44 1.10 2.70 3.72 4.89 7.23 7.23 6.57 6.82 3.87 3.36 5.84 8.54 9.13 10.51 17.81 21.39 21.61 22.70 24.02 25.02 24.41 28.60 22.31 27.02 22.11 17.81 16.44 19.94 18.05
9.93 8.98 10.00 9.42 9.49 9.42 8.32 9.20 7.59 7.59 7.81 8.18 8.40 9.49 10.00 8.91 10.88 7.37 8.40 4.74 6.35 7.59 9.64 7.59 7.52 9.20 8.83 11.46 11.17 12.34 12.41 13.51 13.07 12.85 11.83 11.83 10.88 5.04 4.96 4.23 4.60 4.45 3.87 3.50 2.99 1.61 1.75 0.66 1.10 0.00 0.00 0.00 0.00 1.02 0.44 1.10 2.70 3.72 4.89 7.23 7.23 6.57 6.82 3.87 3.36 5.84 8.54 9.13 10.51 17.81 21.39 21.61 22.70 24.02 24.02 24.54 22.21 19.63 22.63 25.73 21.79 16.79 15.62 16.66
7.59 7.37 8.61 9.86 9.93 8.47 8.69 8.03 10.66 10.66 9.27 8.91 8.76 6.94 7.37 6.13 5.99 10.80 5.40 8.61 9.13 10.44 9.42 9.64 10.51 10.59 12.05 13.58 13.72 14.31 14.45 11.10 9.71 9.20 10.00 10.00 9.20 4.96 4.60 5.84 5.04 4.96 4.67 2.85 1.97 1.39 1.39 0.80 0.44 0.00 0.00 0.00 0.00 0.66 0.37 0.88 4.23 3.58 4.60 5.33 5.33 4.02 0.00 0.00 0.00 3.65 8.47 14.60 17.08 18.83 21.83 20.66 22.27 23.14 24.24 24.72 23.82 30.06 28.63 30.78 23.56 18.20 18.37 20.72
5.40 6.13 8.83 9.49 9.20 9.20 7.81 8.61 11.39 11.39 14.45 10.29 7.52 8.83 6.94 8.47 7.01 7.74 12.34 12.99 12.63 10.88 11.46 10.29 12.05 12.05 12.99 11.83 15.48 16.50 15.18 11.97 10.15 10.88 7.30 7.30 7.37 7.37 5.40 7.45 5.18 5.48 1.17 2.04 1.10 2.04 1.31 0.00 0.00 0.00 1.10 0.22 0.00 0.00 2.92 3.87 3.50 3.50 3.80 0.00 0.00 0.00 0.00 0.00 5.55 9.93 8.69 15.84 17.30 20.44 21.39 23.00 26.57 27.45 28.15 28.26 26.42 30.35 30.33 24.37 24.58 18.54 22.28 23.09
4.45 4.31 6.13 7.37 5.69 6.79 8.61 9.78 15.26 15.26 15.26 15.33 15.04 11.75 10.37 15.26 16.35 15.91 15.70 13.80 16.06 11.61 12.56 13.80 13.43 14.24 14.89 17.37 17.45 17.74 16.21 13.51 14.09 12.92 11.24 11.24 15.26 10.88 9.27 8.61 6.13 3.65 2.41 0.66 0.51 0.37 0.44 0.37 0.00 2.48 2.26 1.46 2.99 2.26 2.34 3.07 2.12 2.12 0.00 0.00 0.00 0.00 3.87 3.58 5.55 10.88 10.29 11.75 16.43 18.54 18.76 22.78 27.20 30.23 28.98 31.76 31.05 29.62 25.14 23.81 19.54 17.93 18.25 18.43
5.26 4.09 4.16 4.82 3.14 4.16 6.72 5.84 9.64 9.64 10.95 14.16 13.29 13.36 12.48 15.33 15.11 14.31 17.23 15.77 16.13 13.21 13.14 13.72 14.67 15.48 17.30 18.47 18.40 15.62 14.38 13.94 14.09 13.51 18.54 18.54 18.98 16.94 14.67 10.37 6.50 3.72 1.17 2.63 2.77 2.85 1.75 4.60 5.48 5.26 3.58 4.31 3.36 2.41 2.99 4.23 2.99 2.77 2.99 5.26 5.26 5.99 6.28 6.20 9.20 8.98 11.10 12.41 16.06 19.27 18.25 21.75 26.79 26.44 30.18 32.73 27.81 27.47 27.10 22.53 16.69 14.79 13.25 13.26
3.07 2.99 3.21 2.77 3.07 3.50 4.74 4.38 7.23 7.23 7.96 10.66 11.24 12.78 12.05 11.53 11.24 12.05 14.16 13.29 10.66 11.75 12.70 12.85 14.60 17.01 17.16 16.13 14.60 15.91 16.28 15.99 19.78 19.49 21.61 21.61 21.24 20.08 12.99 12.70 11.46 3.14 3.94 4.53 4.45 5.62 7.59 7.81 7.01 7.96 6.20 6.35 4.02 6.57 4.60 3.36 3.72 3.36 5.99 5.77 5.77 6.86 7.59 7.45 8.61 9.42 14.38 16.50 16.64 19.35 23.43 27.87 31.95 27.55 30.28 32.43 27.18 25.55 21.59 17.58 16.59 14.60 10.41 8.07
3.07 2.99 3.21 2.77 3.07 3.50 4.74 4.38 7.23 7.23 7.96 10.66 11.24 12.78 12.05 11.53 11.24 12.05 14.16 13.29 10.66 11.75 12.70 12.85 14.60 17.01 17.16 16.13 14.60 15.91 16.28 15.99 19.78 19.49 21.61 21.61 21.24 20.08 12.99 12.70 11.46 3.14 3.94 4.53 4.45 5.62 7.59 7.81 7.01 7.96 6.20 6.35 4.02 6.57 4.60 3.36 3.72 3.36 5.99 5.77 5.77 6.86 7.59 7.45 8.61 9.42 14.38 16.50 16.64 19.35 23.56 27.57 28.89 30.70 32.32 37.84 31.55 24.73 22.55 17.09 17.54 17.32 9.50 6.85
1.83 2.41 4.02 2.92 3.29 4.16 4.16 4.74 8.40 8.40 8.54 10.00 12.78 11.53 12.34 12.63 10.88 12.26 10.80 11.90 9.34 9.56 9.42 11.68 12.26 17.01 14.02 14.02 14.67 16.72 18.61 17.96 15.70 17.08 9.71 9.71 9.56 7.45 9.05 6.06 6.42 6.57 6.79 5.99 8.40 8.18 8.54 8.76 10.15 8.91 7.74 8.54 9.93 8.03 7.74 5.91 8.03 8.10 8.40 8.32 8.36 8.88 9.61 7.23 8.47 10.51 18.25 19.20 19.30 24.19 27.06 29.13 34.62 32.26 30.66 27.94 30.34 20.46 19.59 15.91 11.88 8.61 8.76 3.55
3.87 4.89 5.55 4.45 4.60 3.58 4.60 4.38 4.82 4.82 5.99 10.22 9.05 9.71 11.75 13.29 12.05 11.97 14.24 14.16 10.44 11.24 10.44 11.32 11.24 15.40 13.51 14.67 13.36 15.48 13.43 14.09 13.36 7.96 8.25 8.25 7.81 9.56 7.01 8.91 8.32 6.94 6.28 7.08 8.10 8.98 9.27 9.20 9.13 8.61 6.50 10.00 9.13 8.98 9.49 8.61 8.69 10.22 11.17 11.53 11.53 10.59 10.80 8.76 13.72 12.48 13.43 20.22 24.09 26.21 27.52 30.18 35.86 36.11 29.31 22.43 19.04 16.73 16.16 14.71 10.86 6.77 3.41 3.16
7.01 7.59 6.20 4.89 3.94 4.60 4.45 4.02 4.45 4.45 4.23 5.04 7.74 7.37 11.53 11.97 12.56 14.02 14.02 14.16 13.36 12.92 10.51 14.02 15.62 13.51 13.07 9.93 10.95 11.61 9.64 8.61 8.25 9.42 9.20 9.20 7.81 10.37 9.20 8.83 9.20 7.74 5.91 6.79 8.40 8.40 9.13 7.74 7.30 6.35 6.28 9.20 9.34 9.20 10.00 8.25 8.03 9.71 11.39 13.07 13.07 11.90 13.29 15.40 14.67 14.67 25.77 27.74 29.42 29.05 31.46 29.89 37.57 37.13 28.48 20.72 16.96 15.94 12.24 13.75 10.09 5.34 2.15 2.11
7.23 5.55 4.16 3.94 3.94 3.65 3.94 3.14 3.65 3.65 3.14 3.43 5.33 7.37 13.36 12.12 12.99 12.70 10.00 6.79 10.80 10.29 8.61 8.47 14.53 16.86 8.98 10.37 10.37 10.88 9.42 8.61 10.00 10.51 9.13 9.13 10.66 10.22 10.29 8.40 6.79 7.37 5.33 5.84 6.94 7.45 8.32 8.32 8.76 7.59 11.02 11.10 10.51 8.83 7.15 8.83 10.15 11.83 11.46 12.78 12.78 14.67 14.31 16.43 17.67 25.11 27.45 30.08 31.90 32.41 32.41 29.49 29.66 25.60 19.20 18.97 13.51 12.53 10.36 5.79 3.98 5.25 3.37 1.78
4.53 2.19 3.07 2.70 0.00 2.70 2.41 4.02 0.00 0.00 0.00 0.00 3.07 5.11 6.28 10.37 9.34 10.66 6.64 6.79 8.25 8.69 8.40 8.98 9.34 9.78 9.71 10.07 10.80 8.54 8.69 8.54 9.27 8.10 8.32 8.32 8.54 10.95 8.03 7.66 6.57 6.79 6.13 6.72 7.59 7.15 9.27 9.13 9.34 15.18 12.19 12.41 10.80 10.44 14.45 11.61 11.10 13.14 16.35 17.89 17.89 18.03 16.64 18.47 19.05 20.37 26.06 27.89 26.79 31.10 32.92 27.67 26.12 18.62 15.55 13.64 10.03 9.60 9.56 3.96 2.47 0.37 0.29 0.44
4.67 2.12 0.95 0.00 0.00 0.00 1.17 0.00 0.00 0.00 0.00 0.00 2.63 4.09 5.77 3.87 4.38 4.16 4.82 5.91 7.59 8.32 8.25 10.44 8.03 8.40 8.47 7.74 6.06 6.06 6.06 5.55 6.20 6.20 7.37 7.37 8.10 7.81 7.96 7.59 7.74 7.30 7.81 7.81 12.70 12.63 12.99 13.14 17.89 18.10 15.55 13.72 12.92 18.47 18.32 14.60 13.51 17.37 18.91 19.64 19.64 17.81 17.08 16.94 19.20 21.32 21.46 20.37 24.16 29.64 25.55 26.34 23.99 19.67 12.76 10.70 9.70 5.27 3.04 3.36 0.68 0.00 0.00 0.97
4.67 2.12 0.95 0.00 0.00 0.00 1.17 0.00 0.00 0.00 0.00 0.00 2.63 4.09 5.77 3.87 4.38 4.16 4.82 5.91 7.59 8.32 8.25 10.44 8.03 8.40 8.47 7.74 6.06 6.06 6.06 5.55 6.20 6.20 7.37 7.37 8.10 7.81 7.96 7.59 7.74 7.30 7.81 7.81 12.70 12.63 12.99 13.14 17.89 18.10 15.55 13.72 12.92 18.47 18.32 14.60 13.51 17.37 18.91 19.64 19.64 17.81 17.08 16.94 19.20 21.32 21.46 20.37 24.16 29.64 25.55 26.21 23.62 19.37 12.76 11.17 8.64 5.06 2.97 3.53 0.67 0.00 0.00 0.95
2.34 1.46 1.24 0.00 0.00 0.00 0.00 0.00 0.00 0.00 0.95 1.17 3.50 3.43 4.82 4.60 3.94 4.60 5.77 5.33 6.28 7.01 7.45 7.52 4.89 6.35 6.64 5.84 3.50 2.77 5.84 7.08 7.81 9.93 9.13 9.13 9.42 8.03 7.37 8.18 7.52 7.81 7.81 8.69 12.85 16.13 17.89 18.76 18.76 19.13 19.49 19.20 19.64 19.64 19.56 18.18 15.70 15.33 17.74 19.05 19.05 19.13 18.18 18.40 18.03 20.22 22.63 25.48 22.85 24.02 22.92 22.92 14.53 10.03 11.15 10.11 5.57 4.44 2.28 0.00 0.00 0.00 0.00 0.67
