Wansh/Snow_depth/snowdepth-1993/winter/1994046.txt
ncols 321
nrows 161
xllcenter 60
yllcenter 15 
cellsize  0.25 
NODATA_value -1
[rows 0 to 36 of 161, columns 0 to 83 of 321]
16.43 16.43 19.71 26.50 25.55 26.35 25.48 24.45 25.77 25.77 26.06 27.30 26.86 27.59 27.89 27.59 28.40 28.32 27.59 27.38 27.45 27.74 27.59 28.47 28.84 28.84 28.84 29.05 28.98 28.91 29.49 29.05 28.91 29.78 29.78 29.86 29.35 29.05 29.05 29.93 29.35 29.49 28.54 25.19 24.45 24.75 24.09 24.45 21.61 23.00 23.00 23.00 21.02 19.71 21.83 21.39 23.29 23.73 23.73 19.13 19.56 20.44 20.59 21.17 19.20 16.43 16.43 20.95 20.95 12.41 13.14 13.07 14.45 17.52 19.42 20.73 20.73 20.29 22.78 22.85 24.38 22.12 24.24 23.00
23.51 23.51 23.21 26.79 26.94 27.23 26.13 24.89 25.26 25.84 25.77 26.79 26.86 26.65 27.52 27.74 27.74 26.72 26.86 26.43 26.28 25.77 26.35 25.40 25.70 26.13 26.13 27.16 27.96 27.67 28.32 29.35 27.23 26.43 28.69 27.96 28.32 28.32 28.32 27.30 27.81 25.77 24.24 19.86 18.03 19.42 18.40 16.94 17.30 17.67 18.91 18.91 19.56 18.18 19.93 17.01 17.37 18.03 17.81 18.40 16.35 16.79 17.30 17.16 18.47 16.57 14.97 18.10 15.70 12.48 13.21 13.51 18.83 18.91 19.49 22.19 22.19 23.07 23.87 23.80 24.60 26.13 24.97 25.48
25.26 25.26 26.50 26.79 24.67 24.38 25.84 24.82 24.89 24.82 25.33 25.04 26.21 25.99 25.92 25.55 23.36 23.73 22.34 22.63 24.97 25.11 24.67 24.89 25.26 26.57 26.57 26.43 26.72 26.43 27.38 27.23 27.59 25.99 27.23 27.01 27.89 25.19 23.51 20.81 21.53 19.20 17.74 17.89 17.45 15.33 16.43 16.21 16.86 17.30 17.67 17.67 16.57 16.72 18.61 18.91 16.06 16.64 16.13 15.84 16.13 16.35 18.69 18.40 17.01 17.52 16.79 16.64 16.35 18.25 18.61 18.47 19.35 19.27 21.75 21.39 21.39 23.36 24.60 26.06 25.84 25.70 25.19 23.65
25.26 25.26 26.50 26.79 24.67 24.38 25.84 24.82 24.89 24.82 25.33 25.04 26.21 25.99 25.92 25.55 23.36 23.73 22.34 22.63 24.97 25.11 24.67 24.89 25.26 26.57 26.57 26.43 26.72 26.43 27.38 27.23 27.59 25.99 27.23 27.01 27.89 25.19 23.51 20.81 21.53 19.20 17.74 17.89 17.45 15.33 16.43 16.21 16.86 17.30 17.67 17.67 16.57 16.72 18.61 18.91 16.06 16.64 16.13 15.84 16.13 16.35 18.69 18.40 17.01 17.52 16.79 16.64 16.35 18.25 18.61 18.47 19.35 19.27 21.75 21.39 21.39 23.36 24.60 26.06 25.84 25.70 25.19 23.65
24.82 24.82 25.40 23.94 24.24 24.31 23.65 23.65 24.67 25.19 25.19 24.38 23.00 23.29 23.51 22.70 22.92 22.19 22.05 22.05 21.97 22.05 22.05 23.29 22.63 22.63 22.63 23.07 22.92 22.92 24.38 26.50 26.21 26.43 25.04 25.11 23.87 22.41 22.63 21.61 18.10 16.72 16.50 15.04 15.48 16.13 15.26 15.26 15.91 15.99 15.99 15.99 17.52 17.23 17.81 18.03 18.18 17.81 16.64 18.03 17.59 18.61 18.54 18.54 20.15 20.22 18.98 18.98 18.76 18.69 17.96 18.32 20.29 21.10 21.61 21.53 21.53 23.43 25.92 26.35 25.19 25.62 23.43 22.41
24.97 24.97 24.24 24.75 24.09 23.87 23.58 24.53 23.87 24.02 23.87 24.38 22.78 21.46 21.68 21.24 22.56 22.34 23.94 21.53 21.97 21.32 23.07 22.78 22.34 21.97 21.97 21.75 23.00 24.16 23.73 26.50 27.59 27.59 26.72 23.65 20.51 21.32 18.61 18.83 17.23 15.55 15.84 14.53 15.77 15.99 15.99 15.48 14.45 15.77 15.70 15.70 16.28 15.70 17.23 19.13 19.20 18.76 19.05 18.69 18.10 19.27 18.91 19.13 20.29 18.98 19.64 19.27 21.68 20.73 20.08 20.88 20.51 21.32 22.63 23.94 23.94 25.11 25.11 24.24 24.53 23.65 23.80 23.87
25.62 25.62 24.82 24.16 24.16 24.82 23.80 24.89 24.09 23.29 23.58 21.32 20.37 21.24 20.73 22.27 21.97 23.58 22.78 23.29 20.37 20.88 20.29 22.05 21.68 21.75 21.75 22.19 23.00 23.07 25.55 25.26 25.48 24.82 23.73 24.16 21.61 18.03 17.16 17.01 16.79 16.79 15.55 14.82 15.40 15.04 14.53 15.48 15.26 13.29 13.94 13.94 14.75 13.14 15.33 13.87 17.59 19.49 19.86 19.93 19.42 19.35 19.93 20.51 19.71 21.39 21.46 21.53 21.75 21.75 21.46 21.32 21.17 21.68 21.75 22.19 22.19 21.32 22.48 22.19 23.07 20.88 23.21 23.00
25.62 25.62 24.82 24.16 24.16 24.82 23.80 24.89 24.09 23.29 23.58 21.32 20.37 21.24 20.73 22.27 21.97 23.58 22.78 23.29 20.37 20.88 20.29 22.05 21.68 21.75 21.75 22.19 23.00 23.07 25.55 25.26 25.48 24.82 23.73 24.16 21.61 18.03 17.16 17.01 16.79 16.79 15.55 14.82 15.40 15.04 14.53 15.48 15.26 13.29 13.94 13.94 14.75 13.14 15.33 13.87 17.59 19.49 19.86 19.93 19.42 19.35 19.93 20.51 19.71 21.39 21.46 21.53 21.75 21.75 21.46 21.32 21.17 21.68 21.75 22.19 22.19 21.32 22.48 22.19 23.07 20.88 23.21 23.00
24.75 24.75 24.97 23.73 24.24 24.45 22.92 20.00 20.66 21.61 19.78 20.37 18.69 19.71 19.78 21.53 22.78 22.78 23.07 20.29 21.10 20.51 21.83 21.53 21.61 22.34 22.34 22.19 22.34 21.10 21.10 23.87 20.44 19.49 20.59 20.73 18.69 17.23 16.72 17.01 15.84 15.18 15.33 15.33 14.89 13.43 13.58 13.43 14.02 15.33 15.40 15.40 13.36 13.80 12.12 14.24 15.77 16.86 17.52 18.32 18.76 20.88 20.37 20.44 19.27 20.59 20.66 21.10 21.75 22.41 22.19 21.90 22.19 20.73 19.42 19.78 19.78 20.22 18.03 15.70 18.40 18.25 18.54 19.56
24.45 24.45 22.19 21.17 21.10 20.66 21.32 18.98 16.43 15.40 15.84 15.91 18.25 19.27 21.68 21.24 22.78 21.46 19.93 20.08 20.66 20.95 20.95 21.46 21.68 21.68 21.68 20.66 19.93 19.86 19.64 18.98 15.11 17.08 17.30 15.48 16.43 16.50 16.21 15.48 15.70 16.21 16.28 18.40 18.10 16.35 16.57 13.87 15.48 15.91 15.48 15.48 15.33 14.89 14.38 14.24 14.53 14.60 16.72 16.43 18.61 20.08 18.10 19.27 19.05 19.20 19.49 20.22 20.66 18.98 21.90 21.61 21.53 20.88 19.56 19.35 19.35 17.37 18.03 15.55 17.67 18.69 18.25 18.91
19.42 19.42 21.24 19.71 17.81 18.54 15.62 15.62 16.64 14.97 16.43 16.06 18.54 19.49 19.35 19.71 20.08 20.95 19.71 21.24 20.08 20.95 21.97 21.68 21.75 19.78 19.78 17.96 19.13 16.35 15.84 14.82 15.26 12.78 13.51 13.14 14.45 14.02 14.60 14.60 14.45 17.81 17.59 19.27 19.86 18.25 15.70 18.76 15.55 15.26 15.26 15.26 15.84 15.62 14.67 14.89 15.04 15.18 16.21 15.70 17.52 15.99 16.06 17.08 18.91 18.69 19.56 18.25 14.38 16.21 19.13 19.93 18.61 19.05 18.91 19.27 19.27 18.40 17.67 16.94 18.25 19.71 18.91 19.13
19.42 19.42 21.24 19.71 17.81 18.54 15.62 15.62 16.64 14.97 16.43 16.06 18.54 19.49 19.35 19.71 20.08 20.95 19.71 21.24 20.08 20.95 21.97 21.68 21.75 19.78 19.78 17.96 19.13 16.35 15.84 14.82 15.26 12.78 13.51 13.14 14.45 14.02 14.60 14.60 14.45 17.81 17.59 19.27 19.86 18.25 15.70 18.76 15.55 15.26 15.26 15.26 15.84 15.62 14.67 14.89 15.04 15.18 16.21 15.70 17.52 15.99 16.06 17.08 18.91 18.69 19.56 18.25 14.38 16.21 19.13 19.93 18.61 19.05 18.91 19.27 19.27 18.40 17.67 16.94 18.25 19.71 18.91 19.13
19.05 19.05 17.74 18.25 17.01 15.26 15.55 15.18 13.43 13.72 16.13 17.67 17.23 18.91 18.83 18.98 18.69 20.59 21.32 21.39 21.39 22.05 22.05 21.53 18.76 19.27 19.27 17.67 15.33 14.89 15.04 14.53 12.41 11.02 10.66 11.24 13.80 13.21 13.14 14.02 13.94 14.60 17.16 19.71 18.91 17.59 18.76 18.91 17.08 14.45 14.24 14.24 13.72 14.31 14.60 14.67 14.53 14.38 11.75 12.56 13.21 12.92 14.53 10.00 11.17 8.83 11.46 12.26 11.90 13.94 16.57 15.91 18.03 18.03 16.35 15.84 15.84 15.70 16.64 17.96 19.42 19.13 19.13 16.43
16.79 16.79 16.50 14.45 14.97 13.36 13.94 14.53 12.12 12.56 15.55 14.53 16.94 17.45 17.30 18.54 20.37 19.42 21.10 21.24 20.95 22.34 20.66 18.25 18.40 15.84 15.84 14.02 11.90 12.41 11.53 12.05 12.26 11.32 10.80 11.97 12.85 12.63 12.85 12.05 12.63 15.11 14.16 17.08 16.57 17.01 17.08 14.89 14.45 14.60 14.02 14.02 14.24 13.36 13.07 12.05 11.24 10.22 10.37 11.24 6.79 7.23 7.15 7.74 9.71 7.45 9.05 8.03 9.71 11.90 14.67 13.72 15.70 15.62 16.06 15.91 15.91 17.23 17.37 17.37 17.23 16.79 16.79 15.40
12.92 12.92 14.67 13.43 12.78 11.17 11.75 9.27 10.80 10.73 14.38 16.21 15.84 16.13 17.45 17.08 19.56 20.81 19.78 20.22 19.71 18.69 18.91 17.74 15.70 14.53 14.53 14.82 12.70 12.34 12.19 13.36 12.99 12.34 12.41 11.61 10.80 11.02 11.02 11.39 12.92 14.02 13.65 15.04 13.72 13.36 14.16 15.18 14.89 13.72 14.16 14.16 13.36 13.80 14.09 12.12 9.56 7.74 5.55 5.84 5.84 6.13 5.62 6.57 6.86 7.15 7.01 7.37 8.91 11.68 11.39 12.41 14.09 14.16 15.62 17.59 17.59 18.54 18.40 17.96 17.74 16.72 18.32 16.72
13.21 13.21 12.78 12.12 12.78 10.73 9.27 9.42 11.24 14.16 13.58 14.31 13.21 14.82 14.53 17.52 16.64 18.83 19.64 18.40 18.18 18.03 15.11 14.89 15.77 14.53 14.53 14.02 13.43 13.58 12.99 13.29 13.36 13.21 13.29 11.90 10.73 10.00 11.10 11.02 11.68 13.43 12.26 12.41 12.19 13.58 13.21 13.72 13.58 13.87 12.78 12.78 14.38 13.94 14.67 12.56 10.29 6.86 6.13 8.10 6.72 6.50 6.42 6.57 7.88 7.30 7.74 8.83 10.29 9.78 10.22 11.46 11.17 13.58 16.21 16.13 16.13 17.37 19.20 18.54 18.47 18.54 19.78 17.45
13.21 13.21 12.78 12.12 12.78 10.73 9.27 9.42 11.24 14.16 13.58 14.31 13.21 14.82 14.53 17.52 16.64 18.83 19.64 18.40 18.18 18.03 15.11 14.89 15.77 14.53 14.53 14.02 13.43 13.58 12.99 13.29 13.36 13.21 13.29 11.90 10.73 10.00 11.10 11.02 11.68 13.43 12.26 12.41 12.19 13.58 13.21 13.72 13.58 13.87 12.78 12.78 14.38 13.94 14.67 12.56 10.29 6.86 6.13 8.10 6.72 6.50 6.42 6.57 7.88 7.30 7.74 8.83 10.29 9.78 10.22 11.46 11.17 13.58 16.21 16.13 16.13 17.37 19.20 18.54 18.47 18.54 19.78 17.45
12.92 12.92 12.99 12.63 10.88 11.61 10.37 12.41 11.61 14.24 14.38 13.21 13.43 11.75 12.12 11.68 13.87 13.94 14.09 13.87 14.31 13.87 14.24 14.38 14.45 14.60 14.60 14.82 13.72 14.53 13.87 13.80 13.87 14.09 14.60 11.10 9.56 10.07 10.66 10.66 11.83 12.34 11.75 11.97 13.51 13.87 13.07 12.70 12.99 12.41 12.99 12.99 14.31 13.87 12.05 9.05 9.78 7.37 10.29 10.15 8.98 11.17 9.42 9.20 8.98 8.91 8.91 9.05 9.42 10.07 10.59 10.29 10.44 12.41 13.14 16.86 16.86 15.99 17.96 16.35 17.67 17.08 17.23 17.59
14.24 14.24 12.92 13.14 11.97 10.88 11.24 12.85 14.89 13.87 14.67 12.26 11.39 11.83 10.07 11.02 11.02 10.95 11.53 12.48 12.34 12.12 13.87 14.31 14.67 14.67 14.67 14.45 13.65 14.31 14.38 14.02 14.24 14.53 11.24 9.42 9.49 9.34 12.63 10.59 10.73 13.29 12.41 13.58 13.43 13.58 13.21 13.14 13.36 12.56 12.85 12.85 14.75 14.02 12.48 11.46 13.51 12.92 12.99 11.61 11.02 12.48 10.88 11.90 11.32 10.80 9.27 9.13 9.56 10.15 10.51 11.61 11.24 11.17 12.05 14.53 14.53 14.09 15.62 15.99 15.33 14.97 16.35 15.40
14.89 14.89 12.78 13.21 13.14 12.41 13.51 14.82 14.67 13.51 10.88 11.24 10.95 10.37 8.47 9.13 7.08 8.61 9.42 9.34 11.32 12.92 14.97 14.67 14.82 14.89 14.89 15.91 14.45 15.91 14.82 14.45 14.53 13.72 10.95 11.90 12.56 12.70 13.87 14.97 14.75 14.67 14.45 13.94 14.31 13.72 13.94 12.99 14.09 14.31 13.51 13.51 14.16 14.53 13.14 13.14 14.24 15.11 16.64 15.55 15.99 13.65 13.14 14.53 13.43 12.92 10.95 10.59 10.59 10.29 11.39 11.83 11.32 11.83 11.90 11.53 11.53 13.51 14.53 14.75 14.97 14.53 15.91 14.60
13.14 13.14 13.21 13.80 13.43 13.51 13.72 14.97 13.07 13.87 10.29 10.66 10.66 10.73 9.42 7.59 7.52 8.54 10.59 11.39 10.66 13.43 15.77 18.91 17.08 17.01 17.01 17.23 17.23 16.72 16.72 15.04 15.04 14.53 14.31 13.51 12.99 14.31 15.26 15.55 15.84 13.80 14.24 15.11 15.62 15.11 15.48 14.31 13.43 14.31 13.51 13.51 12.70 13.36 14.02 13.87 14.75 17.37 16.79 16.72 15.26 13.58 15.99 14.53 13.94 13.43 12.78 12.63 13.87 12.85 13.21 12.48 11.97 11.68 11.75 13.29 13.29 14.45 14.09 16.13 17.37 17.08 16.79 16.86
14.53 14.53 13.21 13.21 13.43 13.29 12.48 12.63 9.93 7.88 8.03 9.05 9.71 11.32 10.44 10.59 11.61 15.18 17.16 16.64 18.18 21.17 22.12 22.41 19.42 17.01 17.01 18.98 18.98 18.91 18.32 17.37 17.08 15.18 15.04 13.94 13.80 13.36 16.28 12.63 12.41 14.31 16.35 15.91 16.21 16.21 17.30 15.77 15.55 17.16 14.89 14.89 13.65 14.02 17.45 17.45 17.45 17.67 17.08 16.64 14.89 13.87 15.62 14.60 14.38 14.38 14.82 15.18 14.60 13.80 13.58 12.05 12.34 12.63 14.16 13.65 13.65 15.11 16.35 16.35 17.59 18.18 17.01 17.67
14.53 14.53 13.21 13.21 13.43 13.29 12.48 12.63 9.93 7.88 8.03 9.05 9.71 11.32 10.44 10.59 11.61 15.18 17.16 16.64 18.18 21.17 22.12 22.41 19.42 17.01 17.01 18.98 18.98 18.91 18.32 17.37 17.08 15.18 15.04 13.94 13.80 13.36 16.28 12.63 12.41 14.31 16.35 15.91 16.21 16.21 17.30 15.77 15.55 17.16 14.89 14.89 13.65 14.02 17.45 17.45 17.45 17.67 17.08 16.64 14.89 13.87 15.62 14.60 14.38 14.38 14.82 15.18 14.60 13.80 13.58 12.05 12.34 12.63 14.16 13.65 13.65 15.11 16.35 16.35 17.59 18.18 17.01 17.67
15.11 15.11 14.16 13.21 13.51 14.02 11.39 8.61 9.56 7.01 7.96 10.00 9.34 11.75 12.41 13.65 13.65 15.33 18.25 20.66 20.22 21.46 24.38 25.26 21.61 19.71 19.71 19.86 19.27 20.37 19.78 17.74 18.18 16.06 14.75 15.04 13.87 14.16 12.05 13.87 15.04 16.28 17.52 18.76 18.54 18.47 17.96 20.59 18.10 17.45 17.16 17.16 16.35 18.54 18.54 18.32 18.76 17.89 16.43 16.86 15.55 15.70 16.35 14.97 16.06 16.21 16.28 15.99 16.06 18.03 15.40 14.02 17.45 15.11 15.62 13.94 13.94 16.28 16.35 16.72 17.08 17.59 18.10 17.59
14.16 14.16 12.92 13.07 11.75 8.47 5.99 8.32 5.26 6.42 5.84 8.91 10.66 11.83 11.68 12.19 15.70 20.08 18.40 21.83 26.57 26.35 25.40 25.40 23.87 20.00 20.00 17.59 19.71 20.08 20.08 17.30 17.30 17.30 16.72 15.40 15.55 15.33 15.18 15.48 15.40 16.72 19.27 20.15 20.59 22.48 22.34 22.27 20.59 22.34 21.39 21.39 19.86 20.51 18.98 20.95 21.53 19.71 17.67 19.49 16.79 16.21 20.15 19.93 18.98 18.61 24.97 22.34 22.05 22.78 18.98 23.36 21.46 18.18 19.20 17.08 17.08 17.52 16.35 17.01 19.13 18.40 19.49 18.03
14.45 14.45 13.72 11.75 12.34 10.15 6.72 6.94 7.01 6.28 7.59 9.13 8.61 9.78 12.41 15.40 14.53 18.69 24.31 27.52 26.86 27.59 26.50 23.14 20.22 17.52 17.52 18.32 16.94 16.72 18.25 17.74 16.86 17.59 15.18 15.55 15.26 16.86 16.94 16.79 17.67 19.20 18.54 21.02 21.17 22.48 23.14 22.85 21.46 21.39 20.37 20.37 20.95 24.16 23.80 23.21 23.65 21.68 22.56 20.44 20.73 21.17 20.00 21.02 21.10 27.89 28.03 26.94 25.55 26.72 25.11 25.55 23.43 23.73 20.73 19.13 19.13 18.54 17.74 17.37 17.96 19.20 19.05 19.27
17.89 17.89 18.47 12.92 9.64 10.51 8.40 9.86 9.78 9.93 9.34 9.56 8.91 11.24 10.22 16.21 20.08 23.43 22.27 26.13 25.33 22.78 20.95 21.02 20.15 18.47 18.47 15.77 16.43 17.01 16.64 16.86 16.64 17.59 17.16 16.13 16.94 16.72 17.89 17.45 17.81 18.40 18.83 20.44 19.71 21.61 21.61 22.19 23.21 20.73 20.66 20.66 22.34 24.31 24.75 25.62 26.06 24.45 25.04 23.36 27.16 24.53 22.63 28.11 27.74 28.98 28.98 28.32 27.08 26.35 26.50 26.13 24.60 25.19 22.92 22.41 22.41 19.20 18.61 17.52 17.37 19.64 20.95 20.44
18.69 18.69 16.06 12.26 13.43 10.29 13.14 10.88 12.48 13.43 20.81 13.58 10.95 10.73 19.64 23.80 24.67 24.97 23.14 23.21 21.90 22.48 19.42 15.70 13.94 15.99 15.99 15.91 16.72 16.21 17.16 17.45 16.79 17.59 17.96 16.21 17.30 18.18 18.83 18.83 18.54 19.49 19.05 19.78 21.32 21.02 21.32 22.12 21.90 20.44 20.00 20.00 20.88 23.21 23.58 24.09 26.65 26.65 25.33 25.26 25.99 26.50 28.03 28.76 29.57 28.69 26.86 25.33 25.70 25.40 25.19 24.38 24.53 22.85 22.19 22.78 22.78 20.73 20.37 18.40 18.98 18.69 20.44 19.27
18.69 18.69 16.06 12.26 13.43 10.29 13.14 10.88 12.48 13.43 20.81 13.58 10.95 10.73 19.64 23.80 24.67 24.97 23.14 23.21 21.90 22.48 19.42 15.70 13.94 15.99 15.99 15.91 16.72 16.21 17.16 17.45 16.79 17.59 17.96 16.21 17.30 18.18 18.83 18.83 18.54 19.49 19.05 19.78 21.32 21.02 21.32 22.12 21.90 20.44 20.00 20.00 20.88 23.21 23.58 24.09 26.65 26.65 25.33 25.26 25.99 26.50 28.03 28.76 29.57 28.69 26.86 25.33 25.70 25.40 25.19 24.38 24.53 22.85 22.19 22.78 22.78 20.73 20.37 18.40 18.98 18.69 20.44 19.27
18.47 18.47 15.91 12.99 11.10 11.53 12.70 15.11 17.37 16.72 20.88 25.26 24.02 24.60 22.05 24.89 26.50 22.92 23.87 20.51 16.28 15.99 14.38 13.43 12.63 14.45 14.45 14.75 17.52 17.67 18.32 17.74 17.67 17.59 18.91 17.52 18.40 18.32 18.76 20.22 20.59 20.44 18.98 21.46 22.34 22.19 21.46 19.42 18.18 17.59 19.56 19.56 19.35 20.66 22.85 22.27 25.26 23.21 23.29 23.29 23.58 25.19 27.08 27.96 26.50 27.38 27.23 25.19 23.07 23.51 23.58 23.73 22.34 21.90 22.48 21.10 21.10 20.66 20.88 15.91 16.28 14.60 17.74 18.18
15.91 15.91 16.57 13.29 12.99 12.26 12.26 13.87 16.21 20.44 24.60 23.94 25.92 25.84 26.79 26.50 27.67 25.26 18.91 14.67 14.24 14.38 13.51 11.39 12.05 13.43 13.43 15.70 19.20 19.71 20.15 19.05 20.00 18.76 18.40 19.13 19.42 21.24 20.95 21.46 20.81 19.27 20.59 19.86 22.41 20.95 21.83 18.32 17.16 17.45 18.69 18.69 19.42 21.83 23.36 23.65 22.56 22.92 21.75 19.13 21.68 22.92 24.89 23.00 24.02 25.92 25.99 22.70 22.56 22.12 19.42 19.35 19.42 20.81 17.45 19.27 19.27 13.51 13.43 13.58 13.58 11.46 13.21 12.48
16.50 16.50 13.94 14.53 14.45 14.67 14.89 15.40 16.94 18.83 23.73 23.51 24.75 26.21 24.60 24.67 25.04 20.44 22.05 15.84 13.80 10.07 11.10 11.17 10.51 13.21 13.21 17.67 18.98 20.29 20.15 19.86 21.39 17.96 20.51 20.88 20.66 19.56 19.56 19.13 13.65 15.18 16.86 19.78 20.81 20.51 21.75 20.81 17.96 18.10 18.03 18.03 18.98 20.51 20.95 22.05 21.46 19.42 18.83 19.05 19.20 20.59 20.88 21.24 21.10 20.51 20.88 20.44 21.53 20.81 16.94 17.45 13.21 14.02 13.94 15.40 15.40 11.61 12.05 10.73 10.07 10.37 8.98 10.07
16.57 16.57 14.89 14.60 15.62 15.11 15.33 17.01 18.32 20.22 19.42 21.97 22.78 21.53 20.81 20.51 22.12 21.17 17.30 11.53 9.86 9.78 9.20 9.13 10.22 12.26 12.26 11.68 15.70 17.96 18.25 21.24 20.51 18.61 18.98 21.32 19.86 17.81 16.21 10.95 10.95 12.12 15.91 18.69 21.17 21.24 20.51 18.54 18.25 17.81 17.89 17.89 20.22 20.15 20.00 20.66 20.29 19.56 19.78 18.25 15.33 16.06 16.50 15.77 16.35 17.52 18.10 15.91 16.43 16.13 16.21 15.70 12.12 11.24 7.52 10.07 10.07 10.15 9.71 10.88 9.42 9.71 9.86 8.98
11.75 11.75 12.85 12.56 14.82 16.43 18.32 17.81 20.29 21.24 22.70 22.70 22.41 20.59 18.32 12.19 14.16 16.06 15.91 13.29 9.86 8.98 9.93 8.83 10.37 11.32 11.32 13.51 11.68 17.08 14.97 16.35 20.81 17.74 18.03 16.50 17.23 10.07 9.78 10.66 10.59 15.48 14.67 18.25 20.81 21.17 17.30 17.96 18.25 17.37 19.49 19.49 20.22 20.22 19.13 18.69 18.98 19.86 14.24 17.23 12.41 13.14 15.62 16.94 15.26 15.11 15.91 14.97 13.94 12.99 10.95 11.46 11.24 10.51 5.77 7.59 7.59 10.51 10.51 11.39 14.38 11.61 10.66 11.75
12.34 12.34 14.09 16.13 14.53 15.55 18.91 21.75 22.63 23.29 22.34 21.46 18.10 14.24 11.02 11.83 12.19 12.92 12.05 8.69 10.22 13.43 12.99 11.32 10.22 7.96 7.96 8.76 8.61 12.85 12.05 9.86 16.06 14.24 15.33 12.92 8.91 9.64 9.78 11.83 13.14 15.99 17.96 17.59 17.59 19.05 16.21 16.94 15.77 15.26 17.23 17.23 17.96 13.07 13.21 15.04 7.01 8.61 8.61 13.94 14.02 16.28 16.57 17.08 15.77 15.18 16.28 15.04 11.17 10.51 10.44 11.68 9.42 10.00 6.35 12.26 12.26 13.58 16.43 15.48 16.13 14.60 14.24 11.61
12.34 12.34 14.09 16.13 14.53 15.55 18.91 21.75 22.63 23.29 22.34 21.46 18.10 14.24 11.02 11.83 12.19 12.92 12.05 8.69 10.22 13.43 12.99 11.32 10.22 7.96 7.96 8.76 8.61 12.85 12.05 9.86 16.06 14.24 15.33 12.92 8.91 9.64 9.78 11.83 13.14 15.99 17.96 17.59 17.59 19.05 16.21 16.94 15.77 15.26 17.23 17.23 17.96 13.07 13.21 15.04 7.01 8.61 8.61 13.94 14.02 16.28 16.57 17.08 15.77 15.18 16.28 15.04 11.17 10.51 10.44 11.68 9.42 10.00 6.35 12.26 12.26 13.58 16.43 15.48 16.13 14.60 14.24 11.61
13.29 13.29 12.85 14.16 17.37 19.20 20.51 20.29 22.27 23.51 23.21 19.35 20.44 16.13 11.61 10.80 12.26 9.42 7.15 6.57 7.15 9.34 13.72 12.56 9.78 7.37 7.37 6.50 7.59 8.40 9.64 8.18 11.24 12.92 12.63 6.28 6.06 8.69 10.88 13.80 13.07 12.92 10.22 14.31 16.28 17.16 13.58 12.56 12.70 13.36 15.26 15.26 9.86 10.29 11.24 9.93 2.63 5.04 7.45 15.99 16.79 17.89 16.28 17.23 15.84 16.86 16.86 14.67 14.60 11.75 10.22 13.87 13.65 15.91 15.84 15.55 15.55 13.87 18.47 18.83 22.56 22.70 18.69 14.60
