Wansh/Snow_depth/snowdepth-1993/winter/1994033.txt
ncols 321
nrows 161
xllcenter 60
yllcenter 15 
cellsize  0.25 
NODATA_value -1
[rows 0 to 36 of 161, columns 0 to 83 of 321]
14.02 14.02 16.50 20.08 21.83 21.68 22.41 21.83 23.58 25.33 25.99 25.77 26.28 27.38 27.08 28.18 26.65 28.32 27.08 26.86 27.08 27.45 28.76 28.62 27.81 28.84 28.84 29.05 27.30 27.67 27.59 27.96 27.67 27.59 28.11 28.11 25.77 23.87 25.48 24.60 21.68 22.05 18.69 23.21 19.42 15.99 16.64 14.02 14.89 14.89 15.70 15.70 16.50 15.48 16.13 15.70 17.08 16.79 16.43 17.52 17.52 17.59 17.01 17.23 17.81 17.52 17.59 16.86 14.45 14.89 13.65 16.13 15.40 17.23 17.59 21.10 21.10 20.51 21.75 21.90 24.09 22.56 23.21 21.97
22.34 22.34 22.41 22.12 22.48 23.29 23.87 24.53 24.45 25.33 25.84 26.94 26.79 26.50 25.92 26.06 26.06 26.06 25.19 24.60 26.86 26.79 25.19 26.21 26.79 24.97 24.97 26.79 26.72 25.92 25.33 27.52 26.57 23.29 23.65 24.60 25.04 22.63 20.15 20.59 19.27 16.43 17.08 13.36 12.26 12.26 12.63 12.78 13.43 14.82 14.60 14.60 14.53 13.65 13.72 14.45 14.53 14.53 14.60 16.06 16.72 17.37 17.30 17.01 15.91 17.16 15.11 14.09 14.02 12.78 12.85 12.56 14.60 17.01 19.35 21.53 21.53 20.81 23.07 24.31 25.70 25.04 25.62 23.14
21.97 21.97 22.05 20.95 22.56 21.75 23.58 23.73 24.31 25.40 25.48 25.40 24.97 24.97 24.67 22.48 22.85 23.36 23.07 22.70 22.48 23.94 22.56 22.19 24.53 24.38 24.38 23.36 24.53 24.53 23.00 20.00 20.15 21.61 20.88 20.59 19.20 18.83 19.35 16.06 16.72 13.36 11.61 12.12 10.73 10.44 10.51 11.02 12.78 12.34 14.16 14.16 12.99 13.36 14.60 14.31 14.97 14.45 14.53 14.97 17.01 16.50 18.18 17.01 17.16 16.50 16.35 15.40 15.26 15.84 17.01 17.08 17.89 19.49 19.05 20.29 20.29 22.63 23.87 25.19 25.55 25.92 26.13 24.75
21.97 21.97 22.05 20.95 22.56 21.75 23.58 23.73 24.31 25.40 25.48 25.40 24.97 24.97 24.67 22.48 22.85 23.36 23.07 22.70 22.48 23.94 22.56 22.19 24.53 24.38 24.38 23.36 24.53 24.53 23.00 20.00 20.15 21.61 20.88 20.59 19.20 18.83 19.35 16.06 16.72 13.36 11.61 12.12 10.73 10.44 10.51 11.02 12.78 12.34 14.16 14.16 12.99 13.36 14.60 14.31 14.97 14.45 14.53 14.97 17.01 16.50 18.18 17.01 17.16 16.50 16.35 15.40 15.26 15.84 17.01 17.08 17.89 19.49 19.05 20.29 20.29 22.63 23.87 25.19 25.55 25.92 26.13 24.75
21.02 21.02 21.17 21.24 22.41 22.70 22.78 22.63 24.02 23.65 23.87 23.94 23.73 20.29 21.24 21.24 19.93 20.73 20.44 21.61 20.29 20.37 20.51 20.15 19.78 21.24 21.24 19.56 19.05 17.74 19.35 19.35 20.00 19.78 19.42 18.69 18.83 16.86 14.24 15.84 12.85 13.58 11.10 10.22 10.07 10.15 10.59 10.37 12.34 14.02 13.87 13.87 14.31 16.35 15.77 19.20 17.89 18.32 16.72 15.70 16.06 17.01 18.47 18.54 18.10 17.74 17.89 16.79 15.84 15.91 16.35 18.32 19.71 19.42 21.10 23.36 23.36 24.67 25.77 25.62 25.99 25.55 24.09 21.10
20.88 20.88 21.75 22.56 22.27 23.00 23.29 23.21 23.14 22.70 22.63 20.44 20.37 19.64 17.96 19.05 19.35 19.71 20.15 19.86 19.42 17.52 17.16 18.91 17.67 17.67 17.67 18.25 17.30 17.23 18.98 20.44 20.37 20.15 20.00 18.54 16.57 17.30 14.02 13.72 13.58 11.10 9.86 9.93 11.46 12.26 12.34 12.92 14.45 13.94 15.18 15.18 15.18 15.18 18.83 18.32 18.54 17.37 17.74 16.57 15.18 15.18 17.16 17.52 18.69 17.59 19.93 20.22 19.49 18.25 18.40 19.64 20.08 19.93 22.70 24.53 24.53 24.82 24.67 25.77 25.92 25.19 24.38 22.27
20.81 20.81 21.83 22.70 23.00 22.63 23.07 22.56 19.78 19.42 19.49 18.25 15.55 16.13 15.70 13.29 16.79 15.91 18.69 16.28 17.01 15.91 17.89 17.23 17.89 19.35 19.35 19.56 19.49 19.27 19.27 18.54 16.86 18.98 17.30 15.84 16.28 14.16 13.94 13.51 12.41 12.78 11.32 11.68 11.53 12.78 13.21 13.29 13.80 15.26 15.11 15.11 12.99 12.63 12.26 16.43 19.13 19.05 19.56 18.10 18.25 17.59 17.81 17.59 18.25 19.86 20.44 20.81 21.75 20.44 18.98 18.98 19.20 19.71 19.86 22.48 22.48 18.32 17.45 21.32 23.29 22.63 19.64 21.97
20.81 20.81 21.83 22.70 23.00 22.63 23.07 22.56 19.78 19.42 19.49 18.25 15.55 16.13 15.70 13.29 16.79 15.91 18.69 16.28 17.01 15.91 17.89 17.23 17.89 19.35 19.35 19.56 19.49 19.27 19.27 18.54 16.86 18.98 17.30 15.84 16.28 14.16 13.94 13.51 12.41 12.78 11.32 11.68 11.53 12.78 13.21 13.29 13.80 15.26 15.11 15.11 12.99 12.63 12.26 16.43 19.13 19.05 19.56 18.10 18.25 17.59 17.81 17.59 18.25 19.86 20.44 20.81 21.75 20.44 18.98 18.98 19.20 19.71 19.86 22.48 22.48 18.32 17.45 21.32 23.29 22.63 19.64 21.97
19.86 19.86 21.10 19.64 21.32 21.17 21.83 18.91 18.18 17.08 13.36 13.87 13.80 12.19 13.29 13.21 15.48 15.70 15.77 15.70 15.40 14.53 18.32 21.83 21.46 21.17 21.17 20.29 20.73 17.74 17.59 17.81 15.99 14.97 15.11 15.48 14.89 14.67 15.91 13.21 12.26 11.10 10.95 11.90 12.19 12.05 12.41 11.75 13.94 15.11 15.70 15.70 15.40 11.83 14.53 13.36 17.52 19.13 18.69 19.42 18.76 19.93 19.49 19.42 18.25 19.49 18.98 21.83 22.05 21.90 21.83 21.83 20.22 19.56 18.32 18.69 18.69 18.40 16.86 14.38 16.43 15.26 17.89 19.93
17.45 17.45 17.01 18.61 14.75 14.09 15.84 15.55 15.99 11.75 12.12 11.90 11.24 12.41 14.45 14.38 14.67 14.89 14.16 13.87 14.89 19.27 18.25 22.70 23.21 23.29 23.29 21.02 17.30 18.03 16.43 17.30 16.94 15.04 13.72 14.16 14.16 15.33 15.33 13.36 11.75 11.75 13.72 16.86 14.24 13.80 12.70 12.92 13.36 14.75 14.24 14.24 15.18 13.72 14.24 13.65 14.67 14.67 15.55 18.69 19.93 19.56 20.29 19.42 19.64 18.91 17.89 20.66 20.00 21.24 21.68 20.44 19.86 18.03 16.94 18.40 18.40 18.10 17.52 16.79 16.64 14.60 16.72 16.13
12.99 12.99 11.90 11.75 11.68 12.85 10.59 11.32 11.32 11.61 10.80 11.90 13.87 13.07 14.24 15.04 14.60 14.24 13.21 13.36 12.92 18.40 22.41 21.17 23.58 20.95 20.95 21.68 16.35 16.35 16.35 16.86 16.35 16.28 13.94 12.26 12.19 10.88 10.51 13.65 10.88 13.58 12.56 17.74 19.20 18.98 17.30 14.31 13.21 13.72 13.58 13.58 14.60 14.75 13.29 13.29 13.51 12.92 14.38 14.89 14.97 14.16 15.55 15.33 16.72 17.59 14.45 13.87 14.02 18.40 19.20 17.67 17.30 17.45 17.01 14.45 14.45 15.55 15.26 17.81 16.35 16.72 16.43 16.72
12.99 12.99 11.90 11.75 11.68 12.85 10.59 11.32 11.32 11.61 10.80 11.90 13.87 13.07 14.24 15.04 14.60 14.24 13.21 13.36 12.92 18.40 22.41 21.17 23.58 20.95 20.95 21.68 16.35 16.35 16.35 16.86 16.35 16.28 13.94 12.26 12.19 10.88 10.51 13.65 10.88 13.58 12.56 17.74 19.20 18.98 17.30 14.31 13.21 13.72 13.58 13.58 14.60 14.75 13.29 13.29 13.51 12.92 14.38 14.89 14.97 14.16 15.55 15.33 16.72 17.59 14.45 13.87 14.02 18.40 19.20 17.67 17.30 17.45 17.01 14.45 14.45 15.55 15.26 17.81 16.35 16.72 16.43 16.72
10.44 10.44 11.61 10.51 9.56 8.98 9.20 10.66 9.34 11.02 10.73 12.63 14.45 14.24 14.24 12.48 11.68 9.42 9.34 12.12 16.28 14.24 22.41 22.85 23.00 19.64 19.64 15.18 15.99 12.85 15.26 15.11 15.77 13.21 14.02 11.17 9.42 9.56 9.34 10.29 13.07 12.12 17.30 16.43 18.40 18.69 15.33 16.28 13.36 13.43 13.43 13.43 15.04 14.67 14.97 13.07 12.34 12.19 11.61 13.14 12.63 12.78 12.05 8.10 9.86 12.26 11.68 12.63 11.32 13.87 16.35 15.84 15.18 15.04 13.43 14.45 14.45 12.85 14.45 16.35 16.06 16.64 17.23 12.41
8.83 8.83 8.76 8.76 8.47 8.18 8.25 7.96 8.25 9.42 13.72 12.70 15.40 13.14 10.07 11.10 7.59 9.20 10.00 9.05 15.62 17.45 17.08 19.78 15.26 15.62 15.62 14.09 11.32 11.53 10.88 11.39 12.56 13.07 11.90 11.90 12.34 9.05 10.51 9.93 12.99 14.60 13.87 14.89 15.40 15.26 15.91 14.67 14.89 14.53 14.82 14.82 14.53 15.77 11.97 9.20 10.66 7.96 7.45 7.88 8.54 7.23 6.35 6.28 6.42 5.77 7.81 9.34 8.91 10.44 10.73 11.61 14.02 14.89 15.26 14.67 14.67 13.43 14.75 15.04 13.94 14.24 14.67 13.58
8.47 8.47 8.10 7.23 7.01 7.08 6.72 5.62 8.76 7.66 12.05 13.29 11.46 12.85 7.30 8.18 7.66 10.07 8.69 8.98 8.32 14.31 13.87 13.51 14.60 11.90 11.90 8.54 9.27 9.64 10.59 10.51 12.78 14.09 14.09 12.85 11.17 11.61 10.73 12.48 12.41 13.65 14.53 14.31 14.60 15.04 15.40 15.33 15.33 15.26 15.33 15.33 15.48 14.45 15.04 10.80 7.52 6.64 6.86 6.86 7.74 7.30 7.08 6.94 6.64 6.79 6.06 7.08 7.96 9.78 7.66 9.13 12.63 13.29 15.99 14.31 14.31 14.97 14.89 15.18 14.24 14.60 12.34 12.63
8.54 8.54 8.98 7.88 6.50 5.48 5.62 5.84 9.56 12.48 12.26 11.61 6.13 7.45 6.50 8.61 10.00 7.37 7.66 8.18 11.97 10.88 12.85 10.95 11.10 11.53 11.53 7.96 7.66 7.66 9.86 12.70 12.26 13.21 12.05 13.07 10.29 10.51 10.15 11.53 12.70 12.63 12.63 13.65 14.75 15.18 15.55 15.04 15.70 15.11 16.21 16.21 15.91 16.72 12.63 10.22 7.88 7.96 8.18 7.45 8.40 8.32 7.74 8.47 7.37 6.13 6.57 5.84 7.52 7.88 7.15 6.57 10.37 14.60 8.91 13.14 13.14 14.60 13.80 14.75 14.67 15.55 15.48 14.53
8.54 8.54 8.98 7.88 6.50 5.48 5.62 5.84 9.56 12.48 12.26 11.61 6.13 7.45 6.50 8.61 10.00 7.37 7.66 8.18 11.97 10.88 12.85 10.95 11.10 11.53 11.53 7.96 7.66 7.66 9.86 12.70 12.26 13.21 12.05 13.07 10.29 10.51 10.15 11.53 12.70 12.63 12.63 13.65 14.75 15.18 15.55 15.04 15.70 15.11 16.21 16.21 15.91 16.72 12.63 10.22 7.88 7.96 8.18 7.45 8.40 8.32 7.74 8.47 7.37 6.13 6.57 5.84 7.52 7.88 7.15 6.57 10.37 14.60 8.91 13.14 13.14 14.60 13.80 14.75 14.67 15.55 15.48 14.53
8.54 8.54 9.20 7.74 6.28 6.94 12.34 13.94 13.43 12.99 10.51 7.15 7.15 7.15 10.15 10.29 10.88 7.52 7.74 7.01 11.17 10.51 8.91 9.64 7.45 7.96 7.96 7.96 8.40 7.81 8.18 8.47 11.61 11.53 11.32 9.34 9.20 8.98 11.02 10.80 11.17 11.68 13.07 12.70 14.97 15.11 14.82 15.26 14.45 15.11 15.11 15.11 15.33 14.67 11.83 12.70 9.42 10.07 10.00 9.42 11.17 10.37 10.00 10.37 8.10 7.74 7.37 6.72 8.10 8.10 8.61 8.10 12.78 8.83 8.18 10.44 10.44 11.02 12.56 13.14 12.78 14.82 14.97 15.62
7.52 7.52 6.94 8.10 6.94 12.48 13.43 14.53 13.21 13.80 10.66 8.47 8.18 8.47 11.02 7.23 7.15 5.77 7.15 9.64 8.83 9.64 8.69 9.05 8.61 9.56 9.56 9.86 9.05 7.74 7.74 7.88 9.34 10.44 10.37 9.27 8.32 10.73 10.07 11.75 12.70 11.24 12.70 14.31 13.80 15.18 15.11 14.97 15.11 15.55 14.89 14.89 14.89 14.82 13.94 15.40 16.43 16.50 15.40 13.07 10.73 11.24 10.59 13.07 9.49 7.30 8.10 7.88 9.20 8.69 8.54 9.42 9.20 9.27 9.86 10.88 10.88 10.59 11.61 11.32 11.32 11.46 11.83 11.75
9.34 9.34 9.93 10.29 12.34 11.97 12.99 10.37 12.19 12.12 10.66 8.18 8.98 5.48 5.62 2.48 2.41 6.28 5.33 9.56 10.07 8.98 9.20 12.63 10.29 10.00 10.00 10.59 10.51 10.66 8.18 9.56 9.05 10.80 9.42 9.13 7.74 10.80 12.41 12.34 13.21 14.24 15.77 15.55 16.21 15.48 15.84 15.26 15.11 15.40 15.40 15.40 14.60 13.51 15.18 14.75 17.08 17.81 18.76 17.52 17.89 16.35 14.31 15.11 14.09 9.93 10.51 10.15 9.27 9.56 10.29 10.22 9.93 9.56 9.56 10.15 10.15 10.66 11.24 11.24 11.83 12.99 12.85 11.46
9.56 9.56 6.57 7.23 8.10 7.88 9.93 9.42 11.02 4.89 6.13 6.94 2.99 2.77 1.39 0.80 1.61 9.56 11.10 10.29 11.75 13.43 14.24 13.87 13.87 11.61 11.61 11.61 11.75 12.41 12.41 10.37 10.88 10.07 10.51 9.13 8.98 10.29 12.05 13.07 13.14 13.65 15.62 15.77 15.70 16.43 15.70 15.04 14.97 15.04 14.67 14.67 14.82 13.94 15.70 17.96 18.47 18.18 18.40 17.67 16.50 15.18 14.60 14.53 15.18 14.82 12.48 11.53 12.41 12.41 12.92 10.95 9.27 9.34 8.98 9.34 9.34 11.24 12.85 15.70 13.14 15.70 16.35 15.70
5.11 5.11 6.06 6.20 5.77 7.30 7.88 3.07 3.29 3.50 0.00 0.66 0.22 1.61 4.31 9.93 12.26 10.80 14.89 12.70 12.70 15.48 15.77 15.91 16.06 15.40 15.40 14.89 13.65 13.65 14.67 14.38 14.53 10.88 10.00 10.15 9.34 9.93 10.88 10.80 12.48 15.91 15.40 18.03 19.71 18.98 18.25 17.45 19.05 18.76 19.05 19.05 16.28 15.62 18.10 17.52 19.42 18.18 17.74 16.57 15.40 15.99 14.24 14.45 14.45 13.80 14.31 13.43 14.09 13.94 9.13 8.98 9.86 10.00 10.88 10.51 10.51 11.90 14.53 15.48 16.43 16.94 16.79 16.28
5.11 5.11 6.06 6.20 5.77 7.30 7.88 3.07 3.29 3.50 0.00 0.66 0.22 1.61 4.31 9.93 12.26 10.80 14.89 12.70 12.70 15.48 15.77 15.91 16.06 15.40 15.40 14.89 13.65 13.65 14.67 14.38 14.53 10.88 10.00 10.15 9.34 9.93 10.88 10.80 12.48 15.91 15.40 18.03 19.71 18.98 18.25 17.45 19.05 18.76 19.05 19.05 16.28 15.62 18.10 17.52 19.42 18.18 17.74 16.57 15.40 15.99 14.24 14.45 14.45 13.80 14.31 13.43 14.09 13.94 9.13 8.98 9.86 10.00 10.88 10.51 10.51 11.90 14.53 15.48 16.43 16.94 16.79 16.28
4.96 4.96 5.40 5.18 5.26 5.33 1.68 0.00 0.00 0.00 0.00 1.31 6.42 6.20 7.01 10.07 13.58 14.75 14.02 17.23 17.08 16.50 19.56 17.96 17.01 17.23 17.23 15.62 14.75 14.82 14.89 15.40 13.80 14.75 12.41 11.83 10.95 10.59 11.10 12.41 12.05 16.35 19.20 20.88 20.59 20.37 19.42 20.51 20.37 20.29 18.69 18.69 16.86 17.30 17.01 20.37 20.15 19.64 19.13 17.01 16.86 14.89 14.75 16.35 14.38 14.02 17.16 15.99 15.84 11.61 10.29 14.45 12.78 11.68 14.89 13.58 13.58 15.11 14.75 16.94 17.01 16.50 17.23 16.94
4.89 4.89 5.04 3.29 1.53 0.00 0.00 0.00 0.00 0.00 4.96 3.87 7.30 6.64 8.76 8.61 9.71 14.24 17.96 17.30 21.17 21.61 21.17 21.90 18.98 15.48 15.48 16.21 14.16 15.99 16.72 15.91 15.04 13.14 13.51 12.85 12.48 13.72 12.34 13.21 15.99 15.18 18.83 21.17 21.02 21.17 19.86 19.86 20.51 21.68 21.02 21.02 20.81 20.29 20.73 20.66 20.15 20.51 21.68 18.10 16.57 18.47 17.89 17.96 19.86 20.73 17.89 18.18 24.31 21.61 19.78 20.66 16.57 19.05 17.08 15.70 15.70 14.67 14.75 16.06 17.74 18.69 18.61 17.23
5.18 5.18 5.33 5.77 1.53 0.00 0.00 0.00 0.00 3.87 4.60 5.11 6.42 5.84 6.42 10.29 9.34 14.45 18.54 22.41 21.83 23.80 21.83 17.74 18.40 13.43 13.43 13.29 13.14 15.40 16.79 14.75 15.77 14.24 13.36 13.36 13.43 14.31 15.33 15.11 16.86 18.25 21.10 21.83 21.68 21.83 20.95 20.51 20.59 21.32 21.53 21.53 22.63 21.97 23.94 25.84 24.16 22.78 24.82 24.31 23.07 21.02 18.69 22.27 22.48 25.40 24.31 26.43 23.07 24.53 22.63 21.68 19.56 18.10 18.91 16.64 16.64 16.43 15.40 15.70 15.55 17.81 18.32 18.10
14.16 14.16 7.81 9.42 4.02 2.04 0.00 6.06 6.35 5.91 5.48 6.06 6.35 5.04 4.89 11.39 16.57 15.26 19.35 23.36 22.56 22.19 21.24 15.84 12.85 13.29 13.29 13.51 16.57 16.13 16.64 14.24 14.16 14.02 14.75 14.24 14.38 14.45 15.04 16.94 17.81 17.45 20.00 21.46 21.83 21.75 21.46 20.66 20.08 20.00 21.10 21.10 22.27 24.60 26.28 25.26 25.70 25.99 26.57 26.43 24.89 24.45 23.21 25.26 25.84 25.70 25.26 25.19 25.26 24.75 21.97 22.27 20.29 21.17 19.78 17.45 17.45 18.25 15.77 15.70 16.64 16.72 20.51 20.08
15.55 15.55 10.29 7.08 1.97 3.43 1.61 7.01 9.42 11.53 11.68 8.69 12.99 6.86 14.38 13.65 17.96 21.10 20.95 21.83 19.35 16.06 13.51 14.53 12.78 13.65 13.65 13.36 15.62 15.77 14.45 14.60 14.60 15.40 15.84 15.91 15.91 17.45 18.61 16.86 17.81 19.56 20.95 20.29 20.88 21.90 19.56 18.25 18.47 17.74 20.29 20.29 21.61 20.88 24.16 23.94 23.94 25.04 24.16 24.75 25.62 24.38 24.45 24.24 26.86 23.87 25.99 21.32 21.97 21.61 22.12 21.75 21.39 21.39 19.71 18.47 18.47 18.25 15.62 17.52 17.52 19.35 19.13 20.15
15.55 15.55 10.29 7.08 1.97 3.43 1.61 7.01 9.42 11.53 11.68 8.69 12.99 6.86 14.38 13.65 17.96 21.10 20.95 21.83 19.35 16.06 13.51 14.53 12.78 13.65 13.65 13.36 15.62 15.77 14.45 14.60 14.60 15.40 15.84 15.91 15.91 17.45 18.61 16.86 17.81 19.56 20.95 20.29 20.88 21.90 19.56 18.25 18.47 17.74 20.29 20.29 21.61 20.88 24.16 23.94 23.94 25.04 24.16 24.75 25.62 24.38 24.45 24.24 26.86 23.87 25.99 21.32 21.97 21.61 22.12 21.75 21.39 21.39 19.71 18.47 18.47 18.25 15.62 17.52 17.52 19.35 19.13 20.15
15.11 15.11 12.19 8.03 4.60 5.48 8.61 7.45 11.10 15.18 23.21 19.86 18.76 23.65 19.56 23.21 23.07 22.85 20.15 15.40 18.76 16.06 14.02 13.94 14.02 14.24 14.24 16.28 17.16 17.67 17.16 16.79 14.24 15.04 15.40 15.77 15.70 16.86 19.20 19.93 19.93 19.93 20.15 21.46 22.27 22.12 21.10 17.81 18.03 17.74 19.93 19.93 19.20 19.20 23.51 23.29 19.49 19.42 20.00 22.05 22.70 23.21 23.94 23.14 24.82 24.82 23.07 22.34 20.88 21.39 20.51 20.66 19.78 20.15 20.00 19.42 19.42 18.69 19.05 15.26 15.70 17.01 19.05 14.38
10.66 10.66 11.90 8.69 10.07 7.74 9.34 13.87 12.26 16.57 26.35 26.21 25.92 26.21 23.29 23.80 23.00 23.51 21.83 15.11 12.92 14.67 14.16 14.31 14.67 14.97 14.97 15.77 17.89 17.30 17.59 17.30 16.64 17.23 16.43 16.21 17.16 18.76 18.61 19.35 19.42 19.13 19.27 19.86 21.17 20.37 20.00 18.18 15.18 16.21 18.76 18.76 19.20 19.42 20.81 23.00 22.92 20.44 18.25 19.05 21.53 20.73 21.24 20.00 21.68 23.65 22.12 21.17 19.56 18.25 19.42 19.49 15.99 17.52 16.86 17.01 17.01 17.81 18.10 17.45 12.26 13.72 9.42 11.17
12.19 12.19 13.80 12.99 13.36 10.44 10.88 16.13 22.85 27.01 26.13 28.25 26.35 26.13 26.50 25.26 22.78 19.56 14.53 15.77 11.75 11.90 14.53 14.45 14.38 15.11 15.11 17.45 17.30 17.45 17.16 17.16 17.08 17.74 18.54 15.77 16.64 12.92 11.46 11.83 16.13 13.36 14.60 18.54 20.37 20.15 20.66 19.42 17.16 17.45 17.23 17.23 18.47 18.91 20.66 22.78 21.46 20.15 17.74 16.50 18.47 16.50 19.42 17.59 19.35 20.59 20.37 16.79 16.86 16.64 17.89 17.74 12.85 13.51 13.65 10.07 10.07 9.71 12.92 8.54 8.69 7.74 8.03 8.32
12.70 12.70 13.14 14.45 12.26 13.21 12.48 15.84 22.56 25.77 28.11 27.96 27.74 25.70 21.24 21.53 22.27 18.69 15.33 11.53 12.34 10.29 12.78 14.16 14.31 14.82 14.82 17.16 17.67 17.89 16.06 16.79 17.01 16.79 17.16 14.09 9.42 10.51 8.10 8.18 11.02 14.16 14.16 16.13 20.59 20.59 20.81 20.08 19.71 18.91 18.76 18.76 19.35 19.27 20.22 20.37 21.75 21.39 17.30 15.70 12.63 13.21 14.89 15.62 16.57 14.53 14.60 15.04 14.45 11.46 11.61 11.46 11.32 11.17 7.08 7.45 7.45 8.03 9.56 9.34 8.69 8.10 9.64 8.76
8.69 8.69 9.49 7.30 10.51 12.99 14.97 12.85 20.37 23.14 28.62 26.35 26.13 25.84 19.42 16.43 17.74 18.03 15.11 10.73 9.20 9.05 11.97 15.04 14.89 14.82 14.82 16.64 17.45 17.30 17.67 17.01 16.86 17.30 17.45 15.40 8.69 6.72 7.01 6.79 8.76 13.87 16.79 15.84 19.42 19.64 16.50 17.59 18.32 18.69 18.18 18.18 19.64 19.42 20.08 20.22 17.67 15.99 12.99 8.98 10.88 10.80 12.41 12.92 13.29 12.78 11.61 12.34 10.22 10.22 8.91 8.91 6.28 3.50 4.31 4.74 4.74 5.91 7.81 11.10 10.80 13.94 12.41 9.78
0.00 0.00 0.00 0.00 0.00 0.00 0.00 0.00 18.61 15.33 15.40 22.92 20.29 19.20 20.15 18.03 17.08 13.80 14.38 10.73 8.61 13.43 12.19 16.43 14.89 12.05 12.05 15.99 15.70 17.52 16.43 13.21 13.80 11.83 8.98 6.64 8.47 5.48 9.56 10.66 12.05 11.97 13.80 16.86 17.37 15.91 16.50 15.99 16.86 16.21 16.50 16.50 19.05 20.15 14.53 12.19 15.04 6.35 7.88 8.98 7.30 12.12 10.80 15.11 13.72 11.61 11.53 12.56 11.39 9.34 8.47 11.46 7.88 5.33 11.46 11.75 11.75 5.77 6.86 16.21 17.08 17.45 16.21 11.90
0.00 0.00 0.00 0.00 0.00 0.00 0.00 0.00 18.61 15.33 15.40 22.92 20.29 19.20 20.15 18.03 17.08 13.80 14.38 10.73 8.61 13.43 12.19 16.43 14.89 12.05 12.05 15.99 15.70 17.52 16.43 13.21 13.80 11.83 8.98 6.64 8.47 5.48 9.56 10.66 12.05 11.97 13.80 16.86 17.37 15.91 16.50 15.99 16.86 16.21 16.50 16.50 19.05 20.15 14.53 12.19 15.04 6.35 7.88 8.98 7.30 12.12 10.80 15.11 13.72 11.61 11.53 12.56 11.39 9.34 8.47 11.46 7.88 5.33 11.46 11.75 11.75 5.77 6.86 16.21 17.08 17.45 16.21 11.90
0.00 0.00 0.00 0.00 0.00 0.00 0.00 0.00 0.00 0.00 0.00 18.40 18.91 17.59 18.98 19.35 18.76 14.53 10.59 10.07 9.93 13.65 16.72 15.18 16.79 11.83 11.83 10.59 17.08 16.50 17.52 12.63 9.86 5.84 7.15 3.21 7.23 11.24 10.44 12.26 11.97 13.36 15.26 14.67 16.21 16.13 14.24 11.97 13.72 15.40 15.33 15.33 14.38 14.75 13.80 11.61 3.29 4.09 5.40 10.66 11.90 11.17 9.78 14.16 12.19 15.40 15.40 16.35 14.24 11.32 13.14 14.24 13.21 16.43 15.26 15.26 15.26 17.45 20.00 20.88 22.27 20.73 22.63 16.06
