Wansh/Snow_depth/snowdepth-1993/winter/1994051.txt
ncols 321
nrows 161
xllcenter 60
yllcenter 15 
cellsize  0.25 
NODATA_value -1
[rows 0 to 36 of 161, columns 0 to 83 of 321]
14.89 14.89 20.00 18.69 22.70 21.90 22.05 21.90 23.36 24.09 23.58 24.38 25.77 25.26 25.04 25.04 25.19 25.19 25.84 25.99 25.19 24.82 24.82 25.92 26.43 26.50 26.50 26.50 26.21 25.40 27.59 27.52 27.52 27.52 26.50 26.86 26.79 26.65 26.94 27.38 27.96 27.38 27.59 26.86 26.94 27.23 22.63 23.80 23.51 24.97 21.46 21.46 22.70 22.92 21.24 23.07 23.00 21.53 22.78 23.29 21.83 23.65 23.87 21.32 23.80 23.80 21.10 21.90 21.75 16.79 17.37 15.18 20.73 20.59 21.46 21.17 21.17 23.36 25.48 25.77 24.38 25.26 25.19 25.26
21.10 21.10 21.24 21.61 23.87 23.73 23.80 24.02 23.58 23.21 23.36 24.60 25.40 24.16 24.38 24.31 24.24 23.21 25.11 23.14 24.38 24.31 24.24 25.70 25.55 23.29 23.29 25.19 24.60 25.26 25.11 26.21 26.13 25.77 25.92 25.70 26.13 26.86 26.65 27.01 26.13 26.13 22.34 22.34 20.88 20.44 21.46 16.94 19.05 18.47 20.95 20.95 19.56 20.08 20.44 18.32 19.49 19.93 18.47 20.15 20.51 18.76 19.78 19.78 19.05 18.54 19.35 16.28 17.23 15.62 15.62 14.89 19.27 20.95 20.81 22.34 22.34 24.16 23.80 25.40 26.13 25.26 25.62 25.55
20.81 20.81 20.51 21.17 23.14 22.63 23.00 23.36 23.14 23.58 22.70 22.92 22.78 23.58 21.68 22.48 21.83 22.12 22.48 23.21 22.78 20.95 20.95 21.17 20.95 23.29 23.29 22.48 23.80 24.53 24.16 26.86 26.86 27.38 25.40 25.62 26.13 26.13 25.26 25.99 22.12 20.29 19.13 18.98 19.49 16.06 16.21 16.21 16.43 18.10 18.69 18.69 18.91 18.03 18.03 18.25 17.96 17.89 17.96 17.81 18.61 18.25 19.13 19.27 19.64 18.69 19.20 17.37 18.25 18.98 18.76 19.78 21.17 21.32 21.90 21.61 21.61 24.09 25.70 25.33 26.06 25.26 25.26 23.94
20.81 20.81 20.51 21.17 23.14 22.63 23.00 23.36 23.14 23.58 22.70 22.92 22.78 23.58 21.68 22.48 21.83 22.12 22.48 23.21 22.78 20.95 20.95 21.17 20.95 23.29 23.29 22.48 23.80 24.53 24.16 26.86 26.86 27.38 25.40 25.62 26.13 26.13 25.26 25.99 22.12 20.29 19.13 18.98 19.49 16.06 16.21 16.21 16.43 18.10 18.69 18.69 18.91 18.03 18.03 18.25 17.96 17.89 17.96 17.81 18.61 18.25 19.13 19.27 19.64 18.69 19.20 17.37 18.25 18.98 18.76 19.78 21.17 21.32 21.90 21.61 21.61 24.09 25.70 25.33 26.06 25.26 25.26 23.94
20.95 20.95 20.22 20.15 21.02 22.63 22.48 22.12 21.90 22.48 21.46 20.88 21.39 21.24 19.71 20.95 19.71 20.08 20.22 20.15 20.08 20.15 20.44 20.73 21.02 21.10 21.10 21.17 23.00 19.86 21.39 23.58 24.97 25.33 25.55 25.62 25.11 23.36 21.10 19.42 20.15 19.42 16.64 15.70 15.91 15.84 16.21 15.77 15.84 16.21 17.67 17.67 17.52 17.89 17.37 19.13 18.76 19.56 18.03 18.18 18.32 18.47 18.18 19.71 19.56 19.49 19.86 20.08 19.13 19.71 20.00 19.78 20.95 22.85 22.48 24.67 24.67 24.16 25.62 25.55 26.06 24.09 23.00 23.14
21.24 21.24 21.17 20.22 21.90 22.78 22.92 23.07 22.34 21.53 21.17 20.08 20.66 19.71 19.05 20.66 18.10 19.64 20.66 20.59 20.15 19.64 19.64 20.00 20.51 19.13 19.13 18.54 19.27 18.76 21.97 22.34 23.51 26.21 26.28 25.19 23.29 23.87 21.02 18.25 18.54 17.59 17.67 15.48 15.48 16.35 16.28 15.77 15.62 16.28 16.57 16.57 14.60 16.06 15.99 15.84 18.54 18.91 19.35 19.05 18.61 18.69 18.76 19.05 19.13 19.13 20.81 20.73 20.37 20.66 19.86 20.88 20.66 21.17 21.97 21.83 21.83 25.04 24.53 24.53 23.65 23.21 23.14 22.05
20.88 20.88 21.75 22.41 21.97 21.61 22.78 22.78 22.19 20.95 21.10 20.73 19.78 18.98 19.64 17.37 18.47 18.76 19.86 21.10 19.86 18.54 17.89 19.13 19.71 19.64 19.64 19.86 21.02 21.90 22.56 24.24 25.04 24.67 25.70 22.41 19.42 18.54 18.18 18.18 18.47 15.77 14.67 14.89 15.55 15.55 15.70 15.77 16.13 15.04 14.38 14.38 14.67 11.83 12.99 12.92 15.40 19.49 19.27 18.76 18.69 19.05 19.35 19.20 18.47 18.54 19.71 21.24 21.24 20.73 20.73 20.59 20.73 20.29 21.17 20.66 20.66 19.93 19.56 17.52 22.12 22.48 21.97 22.27
20.88 20.88 21.75 22.41 21.97 21.61 22.78 22.78 22.19 20.95 21.10 20.73 19.78 18.98 19.64 17.37 18.47 18.76 19.86 21.10 19.86 18.54 17.89 19.13 19.71 19.64 19.64 19.86 21.02 21.90 22.56 24.24 25.04 24.67 25.70 22.41 19.42 18.54 18.18 18.18 18.47 15.77 14.67 14.89 15.55 15.55 15.70 15.77 16.13 15.04 14.38 14.38 14.67 11.83 12.99 12.92 15.40 19.49 19.27 18.76 18.69 19.05 19.35 19.20 18.47 18.54 19.71 21.24 21.24 20.73 20.73 20.59 20.73 20.29 21.17 20.66 20.66 19.93 19.56 17.52 22.12 22.48 21.97 22.27
21.32 21.32 21.90 20.73 22.19 20.81 21.17 17.67 18.03 18.47 18.54 18.61 18.10 18.40 17.16 18.83 19.56 20.29 20.08 20.51 18.76 16.50 17.67 19.20 18.61 18.69 18.69 18.76 20.37 20.22 23.00 22.56 19.13 20.66 19.93 20.15 19.13 19.27 18.18 17.16 15.04 15.62 14.53 15.11 15.18 15.26 15.04 13.94 14.97 14.82 15.84 15.84 12.78 13.29 13.80 15.55 15.26 15.11 16.43 18.03 17.37 19.86 19.35 19.27 18.91 18.98 18.54 20.51 20.88 21.10 20.95 21.53 21.17 20.88 19.49 19.42 19.42 18.76 19.35 16.35 16.64 19.05 18.76 18.91
20.00 20.00 19.93 19.13 18.76 17.16 16.43 18.03 16.79 13.80 14.67 15.84 16.21 14.45 16.64 16.94 19.49 16.86 15.91 15.40 16.28 16.13 17.16 18.03 18.40 18.61 18.61 18.10 17.52 17.74 17.81 20.51 17.08 17.01 17.37 15.04 16.21 15.99 17.81 16.21 14.89 16.35 15.91 16.28 17.81 15.70 16.28 14.75 15.33 15.77 15.84 15.84 14.82 14.02 14.31 14.02 13.94 14.24 13.94 17.52 18.03 17.67 19.35 18.32 17.96 17.23 18.83 18.54 19.71 19.27 19.05 21.10 20.08 20.37 19.05 18.54 18.54 18.69 15.77 16.06 15.40 18.40 18.83 18.83
19.20 19.20 17.08 15.99 15.40 14.45 13.58 14.75 14.31 13.94 14.45 14.02 13.43 15.62 16.64 16.57 16.94 18.10 15.55 16.79 17.37 17.37 18.76 18.40 18.91 19.20 19.20 17.67 16.64 18.25 17.89 18.47 16.57 14.16 13.94 13.72 14.67 14.09 14.60 14.53 14.82 15.04 17.45 19.13 18.54 20.08 18.32 15.70 15.84 14.89 14.75 14.75 15.04 14.24 14.24 13.80 13.94 14.75 13.21 13.21 16.64 14.67 14.16 16.13 15.33 15.55 13.80 12.56 15.70 17.59 18.76 17.96 17.89 18.25 18.25 17.89 17.89 17.81 17.45 18.25 19.42 19.27 18.03 17.96
19.20 19.20 17.08 15.99 15.40 14.45 13.58 14.75 14.31 13.94 14.45 14.02 13.43 15.62 16.64 16.57 16.94 18.10 15.55 16.79 17.37 17.37 18.76 18.40 18.91 19.20 19.20 17.67 16.64 18.25 17.89 18.47 16.57 14.16 13.94 13.72 14.67 14.09 14.60 14.53 14.82 15.04 17.45 19.13 18.54 20.08 18.32 15.70 15.84 14.89 14.75 14.75 15.04 14.24 14.24 13.80 13.94 14.75 13.21 13.21 16.64 14.67 14.16 16.13 15.33 15.55 13.80 12.56 15.70 17.59 18.76 17.96 17.89 18.25 18.25 17.89 17.89 17.81 17.45 18.25 19.42 19.27 18.03 17.96
16.79 16.79 16.72 14.16 13.14 13.43 12.70 12.70 12.78 12.70 15.55 13.43 12.92 14.16 15.26 16.72 16.86 16.35 17.01 16.86 17.16 17.59 19.35 18.91 17.59 18.10 18.10 17.16 13.80 17.59 12.99 13.14 12.99 12.85 13.36 13.14 12.92 14.09 14.16 13.65 14.60 14.24 17.81 16.94 19.35 18.98 19.64 16.06 14.97 15.26 14.38 14.38 14.09 14.16 13.80 12.78 10.66 10.66 11.68 10.80 10.51 11.24 9.42 9.20 7.59 11.90 12.12 10.88 11.75 13.87 16.50 16.57 16.57 16.86 16.50 16.86 16.86 16.35 17.16 16.64 18.40 17.74 15.11 15.70
14.75 14.75 14.24 14.45 11.90 11.46 11.75 10.22 10.66 13.51 10.88 12.56 14.16 15.40 15.18 15.55 16.13 17.52 17.52 17.89 19.35 18.83 19.20 18.32 14.89 13.36 13.36 11.68 12.12 13.51 13.94 11.75 12.19 12.70 12.41 13.14 12.78 13.58 13.21 11.97 12.48 13.43 12.85 15.11 17.16 15.91 15.84 15.91 14.09 14.02 14.24 14.24 13.80 13.36 13.51 11.61 9.64 8.10 10.59 8.98 7.66 7.45 7.08 6.20 6.20 6.94 9.42 10.15 9.93 10.88 11.61 14.89 15.91 15.99 15.77 17.16 17.16 17.37 17.23 16.79 16.43 17.52 14.97 14.45
11.97 11.97 11.90 12.19 11.39 10.15 9.86 8.69 12.12 8.18 8.76 10.88 13.87 15.18 14.60 15.84 15.77 17.01 16.35 16.72 16.79 16.94 14.75 13.94 14.31 12.78 12.78 11.97 11.46 13.07 12.63 12.78 12.78 12.78 14.16 13.29 12.19 11.90 12.05 11.68 11.39 12.41 12.34 14.02 13.72 14.31 13.51 14.02 13.94 14.89 13.94 13.94 13.72 13.51 11.83 10.15 9.86 7.74 6.72 6.50 6.72 6.86 7.08 6.57 7.59 6.64 7.23 7.59 10.29 10.15 10.29 11.24 10.29 13.14 17.08 16.57 16.57 17.67 17.08 17.23 16.79 16.43 15.48 15.70
10.80 10.80 11.46 10.51 9.71 8.98 8.61 10.29 8.83 10.15 11.61 11.39 12.41 11.97 13.87 13.21 14.89 14.45 15.77 15.26 14.38 13.72 13.58 13.21 12.85 12.34 12.34 12.48 13.94 13.80 13.87 13.14 14.02 13.43 12.48 12.78 11.97 10.15 10.07 10.51 10.51 11.39 11.39 12.48 12.92 12.70 13.36 13.43 12.92 13.21 12.63 12.63 13.51 13.21 14.02 10.51 6.86 7.52 7.01 8.76 8.40 7.74 8.47 8.61 8.91 7.74 7.45 7.37 8.69 9.27 9.78 9.64 11.46 10.88 13.65 16.06 16.06 16.79 16.28 16.21 16.28 16.72 16.28 14.38
10.80 10.80 11.46 10.51 9.71 8.98 8.61 10.29 8.83 10.15 11.61 11.39 12.41 11.97 13.87 13.21 14.89 14.45 15.77 15.26 14.38 13.72 13.58 13.21 12.85 12.34 12.34 12.48 13.94 13.80 13.87 13.14 14.02 13.43 12.48 12.78 11.97 10.15 10.07 10.51 10.51 11.39 11.39 12.48 12.92 12.70 13.36 13.43 12.92 13.21 12.63 12.63 13.51 13.21 14.02 10.51 6.86 7.52 7.01 8.76 8.40 7.74 8.47 8.61 8.91 7.74 7.45 7.37 8.69 9.27 9.78 9.64 11.46 10.88 13.65 16.06 16.06 16.79 16.28 16.21 16.28 16.72 16.28 14.38
11.53 11.53 11.97 10.73 9.27 9.93 11.46 7.88 9.05 11.68 12.78 11.17 10.73 11.02 10.15 11.68 13.65 10.15 10.59 11.53 11.46 12.70 10.29 11.39 12.41 12.56 12.56 13.29 14.97 15.33 14.60 13.94 13.72 12.56 11.90 11.39 10.29 10.44 10.07 9.42 10.44 10.07 10.88 12.12 12.78 13.21 13.58 12.99 12.19 11.83 11.68 11.68 13.80 13.65 13.72 11.68 9.34 11.39 7.88 10.00 11.24 10.51 10.15 9.34 8.91 9.05 8.32 8.61 8.61 9.49 10.15 10.22 10.29 12.78 11.97 14.75 14.75 15.26 14.97 14.89 13.87 14.75 14.82 14.89
13.14 13.14 12.78 11.39 11.17 10.73 9.93 9.64 12.34 12.12 12.85 11.75 9.78 9.93 9.27 8.98 6.57 6.86 7.88 8.69 8.54 8.69 10.88 10.80 10.95 11.90 11.90 12.92 14.16 14.45 14.24 13.58 13.51 13.21 12.85 10.66 7.88 8.25 10.44 10.07 10.95 14.09 13.07 13.29 13.07 13.07 12.78 12.78 12.92 13.07 13.07 13.07 13.36 12.99 11.68 11.02 10.73 13.80 15.26 12.63 12.63 13.21 14.16 11.24 10.95 9.86 10.51 8.69 9.93 9.86 10.51 10.37 10.80 10.95 11.39 12.78 12.78 13.72 14.02 13.72 13.80 13.58 13.36 14.45
12.70 12.70 13.07 12.63 11.46 11.32 11.32 12.05 12.48 12.41 10.80 11.24 9.64 7.66 4.96 4.31 4.45 4.82 3.50 5.48 6.79 8.54 8.91 10.22 10.80 11.10 11.10 15.33 13.94 14.45 15.48 14.82 13.72 14.09 13.14 10.07 11.53 11.61 11.97 14.31 14.45 14.75 14.82 15.04 13.29 13.36 13.58 13.87 13.36 13.29 12.26 12.26 12.19 11.90 11.75 14.31 15.18 14.75 16.35 16.79 14.24 14.24 14.67 14.38 13.51 11.75 10.22 11.10 11.24 11.83 11.10 10.80 11.24 10.80 10.59 12.48 12.48 13.43 14.38 14.24 14.97 15.26 12.05 15.11
12.56 12.56 13.21 13.29 13.07 12.85 12.34 12.63 12.99 9.93 9.20 8.98 7.96 5.77 3.07 2.63 2.04 2.99 4.23 3.87 5.84 7.15 8.25 11.24 11.32 10.22 10.22 14.09 15.91 17.52 16.35 15.55 14.97 15.11 13.36 13.29 13.21 12.19 13.21 14.75 14.31 15.11 14.82 14.82 15.40 14.02 13.87 15.04 13.72 14.67 13.07 13.07 11.83 13.80 14.97 14.16 17.52 17.01 17.01 16.64 15.91 14.31 14.60 14.09 14.16 13.80 11.97 12.19 12.26 12.78 12.12 12.34 11.90 11.46 12.48 12.34 12.34 12.92 14.45 15.77 15.40 16.13 15.70 14.45
12.48 12.48 12.92 12.99 12.70 13.36 11.46 10.88 11.10 9.56 7.01 6.28 7.59 1.75 1.53 2.04 3.80 5.40 8.54 8.40 8.83 8.61 9.56 13.36 12.70 11.53 11.53 16.86 16.43 18.40 17.74 17.16 17.59 15.48 13.29 12.56 11.24 12.12 11.68 13.72 14.02 14.38 14.38 15.48 15.77 15.62 16.35 16.43 15.33 16.43 13.21 13.21 13.14 15.62 16.21 17.89 17.74 17.96 16.57 15.77 15.77 15.11 14.16 13.87 14.82 14.82 15.26 13.36 13.29 12.34 12.63 13.07 13.72 13.94 14.02 14.53 14.53 15.40 15.70 16.79 18.18 18.10 17.30 15.18
12.48 12.48 12.92 12.99 12.70 13.36 11.46 10.88 11.10 9.56 7.01 6.28 7.59 1.75 1.53 2.04 3.80 5.40 8.54 8.40 8.83 8.61 9.56 13.36 12.70 11.53 11.53 16.86 16.43 18.40 17.74 17.16 17.59 15.48 13.29 12.56 11.24 12.12 11.68 13.72 14.02 14.38 14.38 15.48 15.77 15.62 16.35 16.43 15.33 16.43 13.21 13.21 13.14 15.62 16.21 17.89 17.74 17.96 16.57 15.77 15.77 15.11 14.16 13.87 14.82 14.82 15.26 13.36 13.29 12.34 12.63 13.07 13.72 13.94 14.02 14.53 14.53 15.40 15.70 16.79 18.18 18.10 17.30 15.18
12.92 12.92 12.78 12.63 12.78 11.75 10.73 8.03 4.60 4.89 4.67 6.42 8.47 0.29 0.73 3.50 5.48 8.03 9.78 10.44 11.61 16.50 15.18 14.67 14.16 18.91 18.91 19.35 18.61 18.76 19.13 17.45 18.03 16.43 15.33 13.72 13.07 12.41 13.36 13.43 13.51 15.91 17.30 16.94 16.64 19.20 18.40 20.08 19.05 18.76 20.81 20.81 17.67 17.30 19.42 18.69 18.54 18.61 18.10 15.84 15.33 15.48 16.79 15.40 15.40 15.55 16.57 18.83 18.76 14.24 14.45 14.31 14.53 15.11 14.75 14.75 14.75 14.89 15.62 17.67 17.16 19.20 17.89 15.84
12.34 12.34 12.92 11.90 12.05 11.17 9.78 4.45 3.72 4.23 4.60 7.08 2.99 5.84 7.23 8.40 10.15 9.64 12.56 19.20 18.61 18.10 19.05 21.17 18.10 21.39 21.39 17.81 17.16 18.61 18.91 17.45 16.21 15.55 15.70 14.67 13.65 14.60 14.31 16.64 16.79 16.57 17.01 20.59 21.32 20.66 22.70 21.02 22.41 21.75 21.90 21.90 20.88 20.08 21.83 21.90 20.51 19.42 20.51 19.42 16.79 18.03 17.89 20.00 16.86 17.16 17.89 21.17 21.39 22.85 22.05 21.97 20.37 16.64 16.35 14.89 14.89 15.18 14.82 17.52 19.64 19.35 19.20 16.64
15.48 15.48 11.53 10.66 11.17 7.15 4.60 5.33 3.72 3.29 4.96 6.79 5.04 8.40 8.32 10.22 12.41 16.28 19.71 21.02 20.88 21.61 24.02 22.19 18.47 13.58 13.58 20.59 15.99 17.01 17.23 16.43 16.13 15.70 15.40 14.89 15.55 14.97 15.62 17.16 17.23 18.91 21.17 20.51 22.19 22.70 22.78 22.70 22.48 20.66 21.24 21.24 21.32 20.88 23.43 24.02 24.82 21.68 21.39 24.16 23.65 20.37 21.53 21.53 23.87 27.30 27.23 24.60 24.97 23.94 23.65 24.38 22.63 21.10 20.66 20.66 20.66 18.03 16.28 16.79 16.43 19.49 19.35 18.25
17.59 17.59 14.97 13.07 10.44 7.88 6.35 9.42 8.32 8.18 6.72 10.22 4.53 6.06 7.52 9.05 11.97 16.50 20.51 23.00 21.75 20.95 18.76 20.15 14.38 19.71 19.71 18.18 16.64 16.28 16.35 15.84 15.77 15.48 16.43 16.06 17.45 17.37 17.23 17.08 18.98 18.98 21.17 21.24 21.02 22.41 21.90 21.75 22.12 19.93 21.17 21.17 23.58 23.36 25.11 25.92 25.84 26.13 23.73 25.84 24.45 25.55 23.14 26.13 28.11 27.89 27.08 24.53 26.13 24.97 24.67 23.07 23.29 22.48 21.46 20.08 20.08 20.51 17.74 16.35 17.81 17.67 20.08 18.54
18.98 18.98 16.28 14.53 11.61 8.40 9.93 11.53 11.46 10.66 13.72 13.94 6.28 13.58 12.48 15.55 14.75 17.23 20.22 21.10 20.44 17.81 13.36 11.90 11.97 14.45 14.45 15.99 16.43 15.40 15.48 15.99 16.79 16.64 16.86 17.45 18.18 18.10 19.56 19.35 19.49 18.91 19.35 20.29 21.75 21.75 21.90 20.15 19.56 19.78 19.56 19.56 21.97 21.75 21.68 25.19 25.40 25.04 24.97 26.86 25.11 24.67 24.31 26.43 28.62 27.01 27.67 23.94 22.48 22.19 21.97 22.05 22.12 22.27 21.68 21.83 21.83 19.78 20.51 17.30 17.45 19.35 17.67 17.30
18.98 18.98 16.28 14.53 11.61 8.40 9.93 11.53 11.46 10.66 13.72 13.94 6.28 13.58 12.48 15.55 14.75 17.23 20.22 21.10 20.44 17.81 13.36 11.90 11.97 14.45 14.45 15.99 16.43 15.40 15.48 15.99 16.79 16.64 16.86 17.45 18.18 18.10 19.56 19.35 19.49 18.91 19.35 20.29 21.75 21.75 21.90 20.15 19.56 19.78 19.56 19.56 21.97 21.75 21.68 25.19 25.40 25.04 24.97 26.86 25.11 24.67 24.31 26.43 28.62 27.01 27.67 23.94 22.48 22.19 21.97 22.05 22.12 22.27 21.68 21.83 21.83 19.78 20.51 17.30 17.45 19.35 17.67 17.30
16.35 16.35 14.67 15.18 12.34 11.39 11.24 11.75 13.72 16.50 17.81 17.08 20.66 18.91 18.91 20.51 23.51 22.34 19.71 20.59 17.89 14.75 13.87 11.61 13.94 13.87 13.87 15.48 15.77 16.28 17.52 16.50 17.30 18.83 18.32 18.54 18.32 18.47 20.00 20.00 21.32 19.49 19.64 19.56 22.34 21.17 19.78 20.59 18.83 18.18 19.20 19.20 19.56 20.29 22.34 23.00 25.19 23.80 21.75 21.61 24.16 24.53 25.55 25.62 25.48 27.52 24.38 25.19 22.27 21.02 21.61 21.10 20.37 20.08 20.29 19.64 19.64 19.93 17.01 14.16 13.21 13.36 15.26 16.43
16.28 16.28 13.80 12.78 12.63 12.63 12.70 13.72 13.51 16.35 18.18 20.08 22.41 22.34 22.48 24.09 24.09 22.78 19.35 15.40 13.14 12.26 12.78 10.44 13.72 13.51 13.51 14.38 15.18 17.52 18.76 18.76 19.49 19.78 19.56 19.35 20.59 20.22 20.00 20.81 21.02 19.27 18.98 18.83 22.12 21.46 20.08 17.96 19.05 17.52 19.78 19.78 19.86 20.37 22.56 23.36 22.56 22.56 21.24 20.29 20.44 22.78 23.65 23.94 22.85 22.78 22.12 22.19 20.51 20.66 19.93 18.98 18.61 18.25 18.83 17.81 17.81 15.84 15.99 14.16 11.10 11.17 10.80 12.70
17.45 17.45 14.24 13.21 13.21 13.72 12.99 13.94 15.26 15.99 15.70 20.08 20.44 22.12 22.48 23.51 23.80 23.36 19.56 14.38 11.90 9.64 9.34 8.32 11.46 12.56 12.56 15.26 18.18 17.23 20.15 19.13 19.20 19.93 19.78 22.63 21.17 17.16 18.40 17.96 17.89 13.58 16.57 17.81 20.73 20.37 21.46 20.15 19.86 19.93 19.64 19.64 20.00 22.48 23.00 23.00 22.48 21.75 22.12 19.86 18.76 17.37 21.10 21.46 20.66 20.81 20.00 19.93 17.16 16.28 14.67 17.08 15.26 15.04 14.97 14.67 14.67 13.72 12.78 10.73 10.66 9.20 8.40 8.32
15.84 15.84 14.09 13.07 13.43 13.21 13.87 14.09 14.82 16.64 19.35 18.76 19.78 21.68 20.88 20.88 19.42 17.30 18.10 15.40 11.75 9.20 8.18 9.71 11.10 11.83 11.83 14.02 16.86 15.26 17.89 18.76 18.47 22.05 22.41 22.56 21.24 13.43 13.07 11.10 12.26 11.61 14.09 17.89 20.88 21.17 21.46 20.66 19.35 18.83 20.81 20.81 20.29 21.32 21.02 21.61 21.17 20.88 18.98 16.79 17.16 15.33 15.91 16.43 18.98 18.47 18.54 16.28 16.64 15.11 14.09 12.34 9.13 9.78 7.52 9.78 9.78 11.61 11.46 11.97 10.51 9.56 8.18 8.40
11.02 11.02 10.15 11.39 12.78 12.41 16.86 15.70 16.79 18.10 14.60 17.96 17.74 17.30 11.68 11.17 13.58 14.82 10.95 8.47 7.37 7.88 8.98 10.00 9.49 10.59 10.59 12.41 10.59 12.19 16.06 18.54 17.37 19.71 20.15 15.70 11.24 12.48 11.17 11.24 12.63 15.18 18.25 17.30 19.86 19.78 17.01 17.30 18.10 17.74 20.08 20.08 19.93 20.15 17.89 20.22 19.05 19.35 14.53 14.24 14.38 13.94 15.18 15.70 16.06 16.28 16.86 14.75 12.99 13.43 12.41 11.46 8.76 6.06 6.64 6.79 6.79 11.17 12.34 12.05 12.26 10.59 8.03 8.76
11.10 11.10 11.46 12.70 13.72 16.86 18.47 20.15 20.95 19.86 17.59 17.96 16.86 14.09 12.05 9.42 10.73 8.25 8.54 6.57 7.30 11.17 11.61 10.59 10.80 7.59 7.59 7.30 7.37 9.56 12.48 12.63 14.89 16.21 13.21 12.05 10.80 10.15 11.53 10.80 13.36 14.60 17.81 18.10 17.67 18.76 16.43 14.38 16.57 17.01 15.04 15.04 17.16 15.55 14.82 13.80 15.04 10.80 10.15 10.95 13.58 15.26 15.04 15.84 16.06 16.13 14.53 14.09 11.39 10.29 10.51 10.44 10.44 7.88 8.25 8.10 8.10 11.10 15.04 17.89 18.25 16.94 13.29 12.26
11.10 11.10 11.46 12.70 13.72 16.86 18.47 20.15 20.95 19.86 17.59 17.96 16.86 14.09 12.05 9.42 10.73 8.25 8.54 6.57 7.30 11.17 11.61 10.59 10.80 7.59 7.59 7.30 7.37 9.56 12.48 12.63 14.89 16.21 13.21 12.05 10.80 10.15 11.53 10.80 13.36 14.60 17.81 18.10 17.67 18.76 16.43 14.38 16.57 17.01 15.04 15.04 17.16 15.55 14.82 13.80 15.04 10.80 10.15 10.95 13.58 15.26 15.04 15.84 16.06 16.13 14.53 14.09 11.39 10.29 10.51 10.44 10.44 7.88 8.25 8.10 8.10 11.10 15.04 17.89 18.25 16.94 13.29 12.26
9.64 9.64 11.39 12.70 14.53 16.64 18.91 18.54 19.93 22.19 17.67 17.81 13.21 13.65 11.24 9.93 7.23 7.88 7.37 6.28 6.06 9.34 11.39 11.32 7.96 5.77 5.77 5.55 7.66 10.07 10.29 10.22 11.32 8.83 9.27 9.78 7.01 9.93 13.14 13.07 13.14 12.85 10.80 14.67 14.24 13.94 16.64 12.12 14.38 13.29 13.72 13.72 11.32 12.19 10.29 10.15 11.10 7.66 11.68 16.06 15.70 17.16 15.18 15.62 15.62 16.21 15.70 13.94 12.78 12.48 13.87 13.87 15.62 16.79 16.86 16.35 16.35 17.81 19.71 20.66 20.88 19.49 15.55 17.30
