Wansh/Snow_depth/snowdepth-1993/winter/1994034.txt
ncols 321
nrows 161
xllcenter 60
yllcenter 15 
cellsize  0.25 
NODATA_value -1
[rows 0 to 36 of 161, columns 0 to 83 of 321]
12.34 12.34 12.34 20.08 21.83 21.68 22.41 25.77 25.77 25.77 25.70 25.77 26.35 26.13 26.21 26.13 26.43 25.84 26.43 26.28 26.57 25.48 27.01 27.74 27.89 25.40 25.40 26.35 26.43 26.35 24.82 25.92 25.77 24.31 25.48 25.33 22.27 23.87 24.16 22.70 24.75 24.75 22.12 25.40 22.27 19.71 19.71 20.59 19.20 19.42 18.76 18.76 18.54 18.40 18.54 18.25 18.69 17.23 20.15 18.61 18.83 18.54 18.69 18.47 17.74 16.43 16.64 16.79 17.08 14.45 13.72 13.51 16.43 18.18 17.74 21.17 21.17 20.29 22.63 23.00 22.85 23.43 22.92 24.09
22.34 22.34 22.41 22.12 22.48 23.29 23.87 24.53 24.45 25.04 24.75 25.11 25.33 24.67 25.04 24.82 24.45 24.89 22.27 22.12 24.31 24.02 26.06 22.34 23.21 22.92 22.92 24.89 22.85 24.09 24.09 22.56 22.05 22.70 20.15 21.02 21.17 21.75 21.53 21.53 19.56 19.64 20.51 15.77 16.50 16.79 13.87 13.72 13.94 17.67 17.45 17.45 16.86 17.08 16.94 17.16 17.08 16.21 15.99 15.70 16.94 17.52 17.96 16.86 17.01 15.48 14.60 14.82 13.51 13.21 13.43 14.82 17.52 17.37 18.98 21.90 21.90 21.75 23.87 25.33 24.97 26.65 25.04 25.40
21.97 21.97 22.05 20.95 22.56 21.75 23.58 23.73 24.31 22.78 23.07 23.36 23.36 23.29 23.94 22.05 20.37 20.44 20.73 20.66 19.56 21.17 21.32 21.68 21.10 21.61 21.61 21.46 22.12 21.75 21.75 21.97 21.24 20.95 21.10 21.83 21.68 21.61 19.78 18.25 18.91 15.77 14.38 15.04 12.19 12.56 12.19 13.21 12.70 14.31 15.33 15.33 16.64 15.77 15.55 15.77 15.70 16.21 15.33 16.06 15.84 17.30 17.81 18.10 17.45 17.37 15.48 17.16 15.91 15.18 15.55 15.26 17.30 19.13 18.98 20.15 20.15 24.45 23.07 25.19 27.01 25.99 26.35 24.89
21.97 21.97 22.05 20.95 22.56 21.75 23.58 23.73 24.31 22.78 23.07 23.36 23.36 23.29 23.94 22.05 20.37 20.44 20.73 20.66 19.56 21.17 21.32 21.68 21.10 21.61 21.61 21.46 22.12 21.75 21.75 21.97 21.24 20.95 21.10 21.83 21.68 21.61 19.78 18.25 18.91 15.77 14.38 15.04 12.19 12.56 12.19 13.21 12.70 14.31 15.33 15.33 16.64 15.77 15.55 15.77 15.70 16.21 15.33 16.06 15.84 17.30 17.81 18.10 17.45 17.37 15.48 17.16 15.91 15.18 15.55 15.26 17.30 19.13 18.98 20.15 20.15 24.45 23.07 25.19 27.01 25.99 26.35 24.89
21.02 21.02 21.17 21.24 22.41 22.70 22.78 22.63 24.02 22.12 22.78 21.97 20.37 19.78 19.71 19.64 19.64 18.25 18.91 18.91 18.83 19.78 19.20 20.95 20.73 20.37 20.37 19.93 19.86 21.46 19.78 21.46 21.02 22.92 22.12 22.05 21.17 19.35 19.93 17.59 15.84 16.21 13.80 12.99 12.70 13.43 13.36 13.58 13.43 13.29 15.18 15.18 14.24 14.38 16.06 17.01 16.94 17.16 17.37 17.81 16.35 17.67 17.96 18.40 18.54 18.25 18.10 18.18 17.52 17.37 17.16 18.54 20.22 19.86 22.12 24.75 24.75 24.31 26.21 27.23 27.16 26.21 24.53 23.14
20.88 20.88 21.75 22.56 22.27 23.00 23.29 23.21 21.83 21.39 20.37 20.66 20.29 19.27 18.18 17.96 18.54 18.32 19.13 20.44 18.69 19.27 18.98 19.20 19.05 19.42 19.42 18.69 18.76 20.00 19.49 22.63 23.80 23.51 23.14 21.17 21.61 18.10 17.23 17.52 16.28 13.87 14.45 13.72 13.72 13.87 13.21 13.21 13.21 14.02 13.43 13.43 13.65 13.80 13.80 15.91 18.47 17.67 18.54 16.72 17.23 16.94 18.18 18.32 18.91 19.86 19.56 21.17 20.37 18.18 19.35 19.64 19.42 20.51 21.75 21.46 21.46 24.53 26.06 26.21 26.35 25.33 23.94 24.38
20.81 20.81 21.83 22.70 23.00 22.63 23.07 22.56 22.41 21.10 20.44 19.49 18.18 18.54 17.67 17.59 17.89 19.64 20.37 20.51 18.61 17.30 18.91 18.47 20.00 20.15 20.15 20.15 19.56 21.46 22.78 22.63 21.02 21.97 22.56 18.76 18.03 18.61 15.99 16.06 16.06 13.87 11.75 14.09 13.58 13.51 13.72 13.65 13.87 13.65 14.16 14.16 12.19 12.63 13.87 18.03 17.37 18.69 19.27 19.20 18.98 16.79 18.40 18.91 19.05 19.42 21.68 21.32 22.12 20.66 21.02 19.93 20.73 20.59 20.88 22.56 22.56 19.86 23.51 18.18 21.32 22.92 23.87 23.14
20.81 20.81 21.83 22.70 23.00 22.63 23.07 22.56 22.41 21.10 20.44 19.49 18.18 18.54 17.67 17.59 17.89 19.64 20.37 20.51 18.61 17.30 18.91 18.47 20.00 20.15 20.15 20.15 19.56 21.46 22.78 22.63 21.02 21.97 22.56 18.76 18.03 18.61 15.99 16.06 16.06 13.87 11.75 14.09 13.58 13.51 13.72 13.65 13.87 13.65 14.16 14.16 12.19 12.63 13.87 18.03 17.37 18.69 19.27 19.20 18.98 16.79 18.40 18.91 19.05 19.42 21.68 21.32 22.12 20.66 21.02 19.93 20.73 20.59 20.88 22.56 22.56 19.86 23.51 18.18 21.32 22.92 23.87 23.14
19.86 19.86 21.10 19.64 21.32 21.17 21.83 18.91 18.18 20.66 18.03 17.89 17.01 14.75 15.84 15.48 16.94 19.27 17.96 16.64 16.72 16.86 18.54 20.22 19.78 21.02 21.02 20.59 20.37 20.51 18.54 19.27 19.78 17.23 17.52 17.89 15.04 16.13 16.35 15.26 12.70 13.51 11.46 13.80 12.41 12.70 11.17 11.53 11.39 14.31 13.94 13.94 13.87 12.99 13.14 14.53 17.01 17.23 17.89 19.35 19.13 20.15 19.93 20.22 18.54 18.91 18.76 20.44 21.75 21.46 21.32 21.83 20.22 20.81 18.18 19.35 19.35 19.42 15.40 16.57 15.18 20.51 19.49 20.22
17.45 17.45 17.01 18.61 14.75 14.09 15.84 19.71 15.55 18.61 16.21 13.43 12.56 14.31 14.97 15.77 16.28 16.21 17.96 14.89 15.62 18.25 17.89 20.00 21.24 21.02 21.02 20.59 16.64 16.94 17.30 13.21 15.26 16.35 9.93 12.56 11.68 10.73 13.80 10.66 10.73 11.68 14.02 13.51 14.67 13.14 12.41 11.02 11.02 11.46 12.48 12.48 15.11 14.31 12.92 13.07 12.85 14.02 17.30 17.30 18.25 20.51 19.93 19.27 19.20 19.13 19.49 19.13 21.17 21.17 21.24 21.17 20.15 17.96 18.18 17.67 17.67 17.96 16.43 16.13 15.91 18.54 18.69 17.89
12.99 12.99 11.90 11.75 11.68 12.85 10.59 14.24 11.97 12.56 12.41 12.85 12.70 14.38 14.60 15.04 15.26 15.18 14.53 14.89 16.28 17.52 19.20 18.98 19.86 16.64 16.64 15.70 16.50 11.02 10.88 10.80 9.13 8.10 8.25 4.74 6.72 5.77 5.26 8.61 8.76 8.10 10.22 14.53 14.31 13.43 10.00 11.32 9.27 9.86 9.71 9.71 10.22 10.66 12.56 12.92 13.07 12.78 16.06 16.57 16.57 14.60 13.14 13.29 14.16 14.60 14.45 14.16 15.18 17.16 16.79 17.81 17.16 17.81 15.91 16.06 16.06 15.55 18.03 17.74 18.47 18.18 17.89 18.32
12.99 12.99 11.90 11.75 11.68 12.85 10.59 14.24 11.97 12.56 12.41 12.85 12.70 14.38 14.60 15.04 15.26 15.18 14.53 14.89 16.28 17.52 19.20 18.98 19.86 16.64 16.64 15.70 16.50 11.02 10.88 10.80 9.13 8.10 8.25 4.74 6.72 5.77 5.26 8.61 8.76 8.10 10.22 14.53 14.31 13.43 10.00 11.32 9.27 9.86 9.71 9.71 10.22 10.66 12.56 12.92 13.07 12.78 16.06 16.57 16.57 14.60 13.14 13.29 14.16 14.60 14.45 14.16 15.18 17.16 16.79 17.81 17.16 17.81 15.91 16.06 16.06 15.55 18.03 17.74 18.47 18.18 17.89 18.32
10.44 10.44 11.61 10.51 9.56 8.98 9.20 13.07 13.36 11.97 13.51 14.31 14.97 14.53 14.75 14.97 14.16 13.94 14.16 15.62 15.04 16.64 19.35 18.91 19.42 15.70 15.70 12.26 9.64 10.44 9.78 8.69 8.69 7.15 3.58 4.45 3.65 4.02 4.45 4.16 6.86 8.91 7.45 10.51 12.56 12.92 9.93 7.66 8.10 7.81 8.76 8.76 8.69 9.20 8.61 8.98 7.15 8.18 12.56 13.07 12.34 12.56 10.88 10.51 10.07 11.90 12.63 12.70 12.34 14.60 16.21 15.91 16.50 14.53 13.36 12.56 12.56 12.41 15.48 18.10 16.21 14.97 15.55 13.87
8.83 8.83 8.76 8.76 8.47 8.18 8.25 12.26 10.66 10.59 10.37 12.48 13.87 13.43 13.87 13.87 13.87 14.16 15.77 15.70 16.79 19.27 18.76 18.18 14.67 12.19 12.19 12.78 10.88 9.34 9.64 8.32 8.54 9.13 6.13 5.26 6.28 6.28 2.92 3.80 3.21 6.94 8.40 8.18 8.83 9.56 10.29 8.69 9.27 9.56 10.22 10.22 9.93 8.03 7.88 5.48 5.91 4.74 6.13 5.99 5.91 5.33 5.33 5.26 6.13 6.72 7.66 7.66 9.34 9.86 9.71 11.39 13.65 13.36 13.51 12.85 12.85 15.18 14.31 14.31 14.60 14.67 13.36 12.85
8.47 8.47 8.10 7.23 7.01 7.08 10.22 6.42 6.42 7.74 10.59 12.12 11.97 12.78 12.78 11.68 14.89 15.62 15.70 15.55 15.99 16.43 16.72 15.55 14.45 13.21 13.21 11.61 11.97 10.80 10.88 10.88 10.88 11.97 12.41 8.18 7.45 4.45 4.89 4.23 6.72 6.20 8.40 8.32 7.96 9.78 10.88 10.22 10.88 11.39 11.46 11.46 11.02 11.10 8.83 9.64 4.67 3.36 3.36 4.45 4.53 4.60 4.74 5.77 5.55 5.62 5.84 7.37 6.64 8.76 9.05 7.66 10.80 10.44 14.67 16.57 16.57 16.57 15.91 15.70 14.09 13.87 14.16 14.45
8.54 8.54 8.98 7.88 6.50 5.48 9.05 8.98 7.52 10.22 9.86 10.00 9.49 7.23 9.93 9.05 12.41 14.02 15.40 14.60 14.97 13.94 13.21 13.51 13.80 11.97 11.97 11.24 9.78 9.93 10.80 12.19 11.32 13.51 10.51 6.50 7.66 4.60 5.04 4.38 7.52 8.83 8.54 9.64 11.10 11.02 11.39 12.19 10.73 10.88 11.90 11.90 12.70 12.63 10.15 5.55 6.50 4.09 4.74 4.53 4.60 4.02 5.11 4.89 4.82 4.16 4.67 4.53 5.69 5.69 6.06 6.35 8.69 8.32 12.99 14.45 14.45 15.55 15.55 14.53 14.16 15.48 15.84 15.18
8.54 8.54 8.98 7.88 6.50 5.48 9.05 8.98 7.52 10.22 9.86 10.00 9.49 7.23 9.93 9.05 12.41 14.02 15.40 14.60 14.97 13.94 13.21 13.51 13.80 11.97 11.97 11.24 9.78 9.93 10.80 12.19 11.32 13.51 10.51 6.50 7.66 4.60 5.04 4.38 7.52 8.83 8.54 9.64 11.10 11.02 11.39 12.19 10.73 10.88 11.90 11.90 12.70 12.63 10.15 5.55 6.50 4.09 4.74 4.53 4.60 4.02 5.11 4.89 4.82 4.16 4.67 4.53 5.69 5.69 6.06 6.35 8.69 8.32 12.99 14.45 14.45 15.55 15.55 14.53 14.16 15.48 15.84 15.18
8.54 8.54 9.20 7.74 6.28 7.37 7.74 9.78 9.13 10.66 10.88 11.24 8.32 7.81 9.42 11.10 11.17 12.48 11.46 10.07 12.48 11.90 12.63 10.66 11.02 11.17 11.17 10.66 9.71 10.29 10.51 9.64 9.42 9.34 10.29 5.40 3.87 5.40 6.35 7.74 7.52 8.69 9.49 9.20 10.44 10.88 11.75 12.05 10.29 10.73 10.07 10.07 11.32 10.95 11.53 7.96 5.69 5.91 5.91 6.13 5.11 5.55 5.33 5.04 5.40 3.50 3.87 4.89 4.45 5.69 4.74 5.69 5.77 6.13 9.86 12.99 12.99 11.17 11.68 12.41 12.26 12.99 14.97 15.48
7.52 7.52 6.94 8.10 6.94 7.66 10.66 11.02 11.97 11.61 9.93 10.44 8.83 7.96 8.32 9.05 7.30 4.82 4.96 8.18 9.71 10.29 10.15 10.37 12.41 11.39 11.39 11.39 11.68 11.32 11.32 11.39 9.93 8.83 4.74 5.62 3.50 5.77 5.84 6.94 8.54 8.47 9.34 10.66 10.51 10.66 8.69 8.69 10.00 9.86 10.80 10.80 10.80 10.59 11.17 11.68 11.53 12.41 12.41 8.76 11.24 9.27 10.22 7.15 8.54 5.48 3.43 3.65 3.94 4.02 4.96 4.67 5.40 4.82 6.94 9.56 9.56 9.05 10.80 11.83 11.02 11.68 10.66 13.07
9.34 9.34 9.93 10.29 12.34 10.00 10.07 11.39 11.97 11.83 9.86 8.32 7.15 7.66 8.03 5.91 2.99 4.89 7.45 9.20 8.83 8.91 11.61 12.63 12.34 12.19 12.19 11.32 11.32 11.39 11.61 11.97 9.13 9.64 8.25 4.45 4.16 5.55 7.81 6.72 9.34 9.64 9.42 9.49 9.34 7.66 7.88 7.81 8.91 8.32 10.59 10.59 10.59 10.59 11.24 12.70 13.80 13.72 14.24 12.85 11.32 11.90 11.10 11.24 11.68 9.34 5.04 4.74 4.74 4.45 5.84 4.74 3.94 3.94 4.45 5.77 5.77 8.54 11.32 13.87 14.60 11.83 12.63 12.26
9.56 9.56 6.57 7.23 10.51 10.88 10.07 11.46 12.48 11.10 8.76 7.01 6.28 4.02 3.50 3.43 3.21 6.35 8.76 8.10 7.96 10.00 12.99 14.24 12.63 12.85 12.85 11.24 11.10 12.34 11.61 12.41 13.14 10.29 10.44 9.49 6.35 6.72 8.18 10.51 10.15 10.15 8.91 8.83 8.69 9.93 8.10 8.10 8.76 9.93 9.34 9.34 9.64 9.27 11.10 12.56 14.38 15.04 14.97 15.40 14.24 12.78 13.14 12.92 12.41 10.22 8.69 9.13 8.61 7.59 5.77 5.84 5.62 7.59 7.59 9.27 9.27 11.17 12.99 12.19 16.57 15.91 15.18 14.97
5.11 5.11 6.06 6.20 10.44 11.53 10.07 9.56 7.45 8.03 6.50 5.26 3.14 3.87 4.67 8.54 10.15 9.56 10.44 11.90 10.88 13.29 12.41 14.53 12.99 12.56 12.56 12.56 11.24 12.34 13.21 13.07 13.80 12.48 10.51 10.73 9.34 8.69 8.25 9.64 8.91 8.91 8.61 9.20 10.95 10.80 11.90 11.61 10.29 10.29 9.78 9.78 9.42 9.27 10.51 12.19 13.21 13.29 13.58 14.09 12.70 13.29 12.05 12.70 10.66 11.17 9.56 8.91 11.02 9.71 9.71 9.34 9.05 10.80 10.88 11.97 11.97 11.61 12.41 12.99 15.33 16.21 15.26 14.67
5.11 5.11 6.06 6.20 10.44 11.53 10.07 9.56 7.45 8.03 6.50 5.26 3.14 3.87 4.67 8.54 10.15 9.56 10.44 11.90 10.88 13.29 12.41 14.53 12.99 12.56 12.56 12.56 11.24 12.34 13.21 13.07 13.80 12.48 10.51 10.73 9.34 8.69 8.25 9.64 8.91 8.91 8.61 9.20 10.95 10.80 11.90 11.61 10.29 10.29 9.78 9.78 9.42 9.27 10.51 12.19 13.21 13.29 13.58 14.09 12.70 13.29 12.05 12.70 10.66 11.17 9.56 8.91 11.02 9.71 9.71 9.34 9.05 10.80 10.88 11.97 11.97 11.61 12.41 12.99 15.33 16.21 15.26 14.67
4.96 4.96 5.40 5.18 11.02 9.42 8.47 5.91 5.18 1.17 2.48 4.60 3.87 5.11 8.54 8.76 10.73 11.68 11.97 11.97 11.24 16.21 15.99 15.40 17.16 14.02 14.02 13.07 11.97 12.48 10.66 13.51 13.36 12.99 11.02 9.78 9.93 10.22 9.78 9.20 9.20 10.07 11.61 9.64 12.05 12.85 12.05 12.48 12.56 12.63 10.59 10.59 9.93 10.29 10.29 10.73 12.85 12.41 12.56 12.85 13.21 11.75 11.68 12.70 11.83 13.58 14.16 14.97 13.72 10.88 10.51 12.78 12.63 11.97 11.24 11.32 11.32 12.41 13.21 13.80 15.18 16.06 13.65 13.43
4.89 4.89 5.04 3.29 11.02 11.24 6.94 4.53 0.44 0.51 3.87 5.77 6.20 7.81 7.30 8.40 8.18 11.53 13.14 17.08 16.06 16.72 19.49 18.03 18.47 16.06 16.06 12.41 10.07 9.71 10.15 9.34 12.12 11.17 11.10 10.88 10.44 10.66 10.15 9.34 10.37 10.07 12.34 14.09 13.72 13.72 13.14 13.14 13.07 13.21 12.56 12.56 13.29 12.99 14.89 15.04 14.67 14.89 15.11 15.55 15.40 15.62 14.09 15.55 16.28 16.50 16.28 16.28 18.25 17.45 14.75 15.26 13.94 15.40 14.09 11.75 11.75 11.90 13.29 12.92 14.82 15.33 18.61 17.23
5.18 5.18 5.33 5.77 9.56 10.51 0.37 0.00 0.00 0.00 2.26 2.77 5.40 7.30 6.64 9.27 8.47 10.51 14.97 18.10 18.54 19.42 19.56 18.03 13.87 11.24 11.24 12.12 10.29 9.05 7.74 8.47 6.94 10.88 11.68 11.32 11.10 10.15 10.66 8.54 9.27 12.19 11.53 14.16 14.31 14.16 14.02 14.89 13.65 14.02 12.78 12.78 13.72 15.70 15.40 16.43 15.84 15.40 15.33 17.16 17.01 15.26 15.77 15.77 19.13 23.51 21.90 20.22 20.15 18.32 17.96 18.54 16.94 15.04 14.45 12.63 12.63 13.21 12.99 13.14 16.28 17.81 18.32 18.10
14.16 14.16 7.81 10.51 6.35 3.80 1.39 0.51 4.60 3.58 3.58 3.29 4.67 3.80 4.82 8.83 15.18 17.74 17.01 17.96 14.67 16.43 12.78 12.19 13.29 9.13 9.13 10.29 10.07 10.00 7.08 4.60 4.09 4.74 11.46 11.39 11.83 10.22 8.54 8.83 8.25 10.15 13.43 12.85 13.58 12.26 11.90 11.75 11.39 11.97 13.87 13.87 13.14 15.11 16.21 15.99 17.37 17.08 18.91 20.08 19.56 19.71 17.96 21.10 23.65 23.14 22.56 20.29 19.35 19.27 19.86 20.22 17.96 17.96 16.13 14.53 14.53 13.14 11.24 11.46 12.92 15.91 20.51 20.08
15.55 15.55 10.29 11.32 6.35 3.72 3.21 6.20 7.66 7.88 5.77 10.22 6.57 6.94 4.82 13.14 17.08 18.76 15.99 11.97 13.43 8.03 8.47 5.18 7.74 7.96 7.96 7.37 8.98 8.76 5.62 2.04 4.16 3.36 10.07 10.15 10.51 10.29 10.66 8.69 10.66 10.15 10.80 10.00 9.42 9.56 9.34 8.98 9.93 9.71 12.41 12.41 12.99 13.80 13.43 14.75 14.31 15.99 15.62 16.79 18.69 17.52 17.45 18.76 23.21 21.90 21.32 19.05 19.56 18.54 19.05 19.20 17.81 16.86 16.13 13.94 13.94 13.80 12.12 14.31 15.48 19.35 19.13 20.15
15.55 15.55 10.29 11.32 6.35 3.72 3.21 6.20 7.66 7.88 5.77 10.22 6.57 6.94 4.82 13.14 17.08 18.76 15.99 11.97 13.43 8.03 8.47 5.18 7.74 7.96 7.96 7.37 8.98 8.76 5.62 2.04 4.16 3.36 10.07 10.15 10.51 10.29 10.66 8.69 10.66 10.15 10.80 10.00 9.42 9.56 9.34 8.98 9.93 9.71 12.41 12.41 12.99 13.80 13.43 14.75 14.31 15.99 15.62 16.79 18.69 17.52 17.45 18.76 23.21 21.90 21.32 19.05 19.56 18.54 19.05 19.20 17.81 16.86 16.13 13.94 13.94 13.80 12.12 14.31 15.48 19.35 19.13 20.15
15.11 15.11 12.19 11.61 10.29 6.13 5.48 6.86 8.32 9.05 13.65 14.97 13.72 19.20 17.96 18.03 18.54 20.95 15.99 10.44 6.79 7.81 6.28 2.48 5.62 5.18 5.18 4.60 6.64 4.45 3.87 2.63 3.50 3.58 5.11 7.74 10.22 11.39 12.34 12.48 11.68 10.88 11.24 10.00 10.80 9.86 8.98 8.03 8.40 12.12 11.46 11.46 13.58 14.02 14.82 15.11 12.85 12.05 13.07 12.85 14.82 15.33 15.91 15.11 17.96 19.64 21.68 19.35 17.81 17.37 18.69 16.94 17.74 16.35 14.38 11.75 11.75 9.64 13.43 15.26 15.70 17.01 19.05 14.38
10.66 10.66 11.90 6.13 6.79 6.42 7.30 10.15 12.70 14.97 14.75 16.72 18.61 19.27 20.08 20.88 20.51 21.02 17.45 9.93 5.84 0.37 0.00 0.29 0.00 1.68 1.68 2.77 1.53 4.82 4.45 2.48 3.21 1.97 4.45 8.91 9.49 12.78 12.34 10.29 10.88 10.73 10.15 11.10 11.24 10.22 9.20 8.47 8.69 10.15 13.43 13.43 14.67 13.65 15.04 16.13 14.09 11.53 11.24 9.42 11.02 11.97 12.12 13.07 13.72 19.20 16.79 17.52 16.86 16.86 13.72 15.18 15.77 13.58 14.97 13.21 13.21 8.76 18.10 8.83 12.26 13.72 9.42 11.17
12.19 12.19 10.29 9.20 8.69 8.61 11.10 11.46 11.83 14.82 16.06 17.45 17.30 17.81 18.91 19.86 19.56 16.64 9.34 11.32 3.87 0.00 0.00 0.00 0.00 0.00 0.00 0.00 0.07 3.21 2.70 1.90 1.83 1.97 3.80 7.74 9.13 11.90 11.68 8.54 7.88 7.66 9.27 12.19 11.68 12.12 11.46 11.39 12.85 12.85 13.87 13.87 15.26 15.62 16.72 16.35 16.79 12.85 10.15 10.15 10.66 11.75 11.90 12.05 12.92 14.24 14.75 16.13 13.72 15.04 13.07 10.59 11.24 12.99 9.42 9.20 9.20 7.52 5.91 8.54 8.69 7.74 8.03 8.32
12.70 12.70 11.17 9.34 10.80 12.26 11.90 10.95 11.75 13.94 15.55 15.91 16.94 18.10 17.30 16.64 13.72 14.75 8.91 2.56 4.67 0.00 0.00 0.00 0.00 0.00 0.00 0.00 0.00 0.37 1.83 1.83 0.37 2.92 5.84 5.48 4.82 3.50 5.11 5.69 6.86 10.29 14.16 13.14 14.97 14.82 14.89 14.60 14.82 14.82 15.62 15.62 15.33 16.21 16.64 17.81 17.59 16.79 14.09 11.39 9.86 11.17 12.26 11.61 11.83 13.58 11.83 12.12 12.26 9.42 9.05 10.29 5.62 7.23 5.18 7.23 7.23 8.03 9.56 9.34 8.69 8.10 9.64 8.76
8.69 8.69 11.83 11.24 11.90 11.75 11.97 11.97 15.99 15.55 15.70 16.86 15.70 12.70 7.37 10.07 8.98 10.88 6.28 2.70 0.44 0.00 0.00 2.26 0.00 0.00 0.00 0.00 0.00 0.00 1.02 0.00 0.00 0.00 0.73 1.68 1.90 1.02 3.87 6.42 5.62 9.34 14.09 16.21 15.33 16.79 14.31 14.89 16.21 16.57 16.35 16.35 16.28 16.64 16.21 18.03 14.31 9.93 8.18 8.10 7.74 10.07 11.32 11.39 11.83 10.00 9.86 11.02 11.02 9.42 8.18 7.15 5.84 4.23 2.19 4.74 4.74 5.91 7.81 11.10 10.80 13.94 12.41 9.78
9.71 9.71 13.65 14.67 15.55 15.33 18.98 20.37 19.05 20.15 17.59 14.67 15.11 12.78 6.86 6.28 4.02 2.99 3.21 2.19 1.61 4.38 2.41 3.65 0.00 0.00 0.00 0.00 0.00 0.00 0.37 0.00 0.00 0.00 0.00 0.00 0.00 0.00 3.14 5.84 3.80 7.15 9.34 13.29 15.33 13.72 14.09 12.34 13.14 12.92 13.14 13.14 13.58 13.58 13.14 9.78 11.97 7.37 5.77 7.15 9.42 9.64 9.71 11.24 13.07 12.56 12.78 10.22 9.34 11.10 8.03 11.97 9.78 4.09 5.33 7.81 7.81 5.77 6.86 16.21 17.08 17.45 16.21 11.90
9.71 9.71 13.65 14.67 15.55 15.33 18.98 20.37 19.05 20.15 17.59 14.67 15.11 12.78 6.86 6.28 4.02 2.99 3.21 2.19 1.61 4.38 2.41 3.65 0.00 0.00 0.00 0.00 0.00 0.00 0.37 0.00 0.00 0.00 0.00 0.00 0.00 0.00 3.14 5.84 3.80 7.15 9.34 13.29 15.33 13.72 14.09 12.34 13.14 12.92 13.14 13.14 13.58 13.58 13.14 9.78 11.97 7.37 5.77 7.15 9.42 9.64 9.71 11.24 13.07 12.56 12.78 10.22 9.34 11.10 8.03 11.97 9.78 4.09 5.33 7.81 7.81 5.77 6.86 16.21 17.08 17.45 16.21 11.90
10.37 10.37 15.48 17.45 19.49 20.66 22.34 21.53 21.53 23.00 21.24 15.70 12.56 7.15 7.96 5.77 2.34 0.00 0.00 0.15 0.00 0.07 1.53 0.00 0.00 0.00 0.00 0.00 0.00 0.66 0.44 0.15 0.00 0.00 0.00 0.00 0.00 3.87 5.55 5.69 0.15 0.00 0.00 7.52 12.05 12.12 10.07 10.37 10.22 11.61 11.24 11.24 10.73 10.80 10.44 6.72 2.70 3.58 3.43 6.28 11.68 10.15 9.13 10.80 16.21 15.77 16.21 14.53 12.85 12.70 13.72 11.61 16.79 9.34 15.26 15.26 15.26 17.45 20.00 20.88 22.27 20.73 22.63 16.06
