Wansh/Snow_depth/snowdepth-1993/winter/1994017.txt
ncols 321
nrows 161
xllcenter 60
yllcenter 15 
cellsize  0.25 
NODATA_value -1
[rows 0 to 36 of 161, columns 168 to 251 of 321]
7.88 5.62 4.45 4.53 4.09 4.45 4.53 4.53 4.96 4.96 6.20 5.84 5.91 5.77 5.69 5.69 6.86 6.50 9.05 10.80 10.95 8.69 7.81 8.40 8.40 8.10 6.20 7.08 0.37 0.00 0.00 0.00 0.00 7.96 11.39 11.39 11.39 11.39 11.02 13.72 14.24 14.24 12.56 12.78 13.07 13.51 13.51 14.09 12.85 12.05 12.70 10.88 11.75 11.83 12.19 11.53 12.56 12.48 12.48 13.58 13.58 15.77 15.11 21.17 20.22 27.81 29.35 29.57 28.84 24.02 25.33 21.90 22.27 19.56 15.33 15.84 20.51 20.08 23.07 22.56 22.92 20.08 18.76 18.76
8.69 7.01 7.59 5.04 4.31 4.74 4.82 4.96 5.11 5.11 6.06 6.94 5.84 5.99 5.77 5.77 6.13 8.18 10.15 9.56 10.73 9.64 10.07 8.91 7.08 0.22 0.00 0.00 0.00 0.00 0.00 0.00 6.20 10.59 10.51 10.51 12.63 12.41 11.90 12.63 17.16 16.35 15.33 15.77 13.80 14.97 12.78 11.46 11.97 11.83 11.24 10.66 13.21 13.07 12.99 13.21 13.14 13.14 13.72 13.87 13.87 15.18 20.95 19.64 23.51 27.52 27.52 22.78 28.18 22.85 17.81 18.76 17.52 13.87 12.99 11.68 14.67 16.57 16.79 16.35 12.92 9.27 9.86 6.86
8.98 8.98 8.32 5.26 4.96 6.13 6.50 5.84 5.62 5.62 7.59 5.91 5.84 6.72 7.52 7.52 8.98 9.64 9.34 10.51 10.15 9.86 10.29 10.22 0.80 0.00 0.00 0.00 0.00 0.00 0.00 0.00 5.62 8.76 8.76 8.76 10.29 13.29 16.86 15.91 17.37 18.03 15.77 15.62 13.51 14.16 12.78 13.14 12.92 12.85 11.97 13.43 12.99 12.92 12.92 13.07 12.34 13.58 13.14 15.62 15.62 15.40 20.81 21.10 21.61 17.74 19.49 19.93 14.24 15.33 15.18 9.93 9.34 10.22 9.34 9.27 8.40 8.32 13.94 11.02 11.53 7.88 6.28 6.28
8.98 8.98 8.32 5.26 4.96 6.13 6.50 5.84 5.62 5.62 7.59 5.91 5.84 6.72 7.52 7.52 8.98 9.64 9.34 10.51 10.15 9.86 10.29 10.22 0.80 0.00 0.00 0.00 0.00 0.00 0.00 0.00 5.62 8.76 8.76 8.76 10.29 13.29 16.86 15.91 17.37 18.03 15.77 15.62 13.51 14.16 12.78 13.14 12.92 12.85 11.97 13.43 12.99 12.92 12.92 13.07 12.34 13.58 13.14 15.62 15.62 15.40 20.81 21.10 21.61 17.74 19.49 19.93 14.24 15.33 15.18 9.93 9.34 10.22 9.34 9.27 8.40 8.32 13.94 11.02 11.53 7.88 6.28 6.28
10.00 8.83 9.64 6.13 5.48 5.18 6.79 6.86 8.40 8.40 5.04 5.40 7.96 9.86 9.49 11.32 12.19 11.39 12.05 9.93 7.08 8.83 9.78 8.76 2.63 0.00 0.00 0.00 0.00 0.00 5.99 5.99 8.10 7.96 9.86 9.86 10.22 10.37 14.97 14.89 15.40 15.62 15.55 15.33 15.33 14.31 14.16 13.65 14.09 15.33 14.45 14.53 15.40 13.80 14.02 12.63 12.99 14.38 14.75 14.97 14.97 18.03 17.23 20.81 18.47 19.05 16.35 10.88 11.97 7.52 6.86 7.37 6.13 6.06 4.67 6.28 6.35 6.28 6.20 6.13 6.64 6.86 5.04 5.33
12.26 11.02 13.72 12.48 10.37 7.45 9.71 10.22 9.93 9.93 7.23 8.47 7.96 10.00 11.68 12.70 12.41 11.75 8.83 9.20 6.13 2.04 9.34 8.10 0.00 0.00 0.00 0.00 0.00 6.42 0.00 7.88 8.83 8.76 10.66 10.66 14.02 14.31 14.38 14.45 14.97 15.84 16.86 15.99 16.13 15.70 15.77 16.21 15.91 15.70 17.52 16.64 16.79 15.11 14.24 14.75 13.51 13.14 14.75 14.67 14.67 14.38 14.60 15.62 16.64 9.71 10.73 5.84 4.74 4.89 3.94 4.45 4.96 4.53 4.45 4.23 4.45 4.67 5.48 5.40 5.33 5.91 5.33 5.40
16.28 16.06 17.45 16.21 15.40 13.65 13.65 13.14 12.34 12.34 10.66 11.24 11.32 13.07 13.14 13.14 11.61 6.28 0.29 2.04 0.00 6.13 0.00 0.00 0.00 0.00 0.00 0.00 0.00 3.87 8.76 9.13 10.15 13.43 14.31 14.31 14.67 14.67 14.67 14.60 14.60 15.40 16.28 18.18 18.10 18.03 16.72 16.86 18.47 18.69 17.81 17.74 16.35 16.86 14.89 12.56 12.34 12.63 11.02 12.63 12.63 12.78 11.68 10.59 11.10 8.47 6.42 6.20 6.64 6.42 4.89 4.67 5.26 5.18 4.23 4.31 4.38 5.40 5.33 5.63 6.89 6.93 6.11 6.33
16.28 16.06 17.45 16.21 15.40 13.65 13.65 13.14 12.34 12.34 10.66 11.24 11.32 13.07 13.14 13.14 11.61 6.28 0.29 2.04 0.00 6.13 0.00 0.00 0.00 0.00 0.00 0.00 0.00 3.87 8.76 9.13 10.15 13.43 14.31 14.31 14.67 14.67 14.67 14.60 14.60 15.40 16.28 18.18 18.10 18.03 16.72 16.86 18.47 18.69 17.81 17.74 16.35 16.86 14.89 12.56 12.34 12.63 11.02 12.63 12.63 12.78 11.68 10.59 11.10 8.47 6.42 6.20 6.64 6.42 4.89 4.67 5.26 5.18 4.23 4.98 6.04 7.77 7.30 9.56 11.39 9.22 7.86 6.57
12.85 17.01 16.21 15.99 16.35 15.18 14.16 11.61 11.53 11.53 10.95 11.32 13.87 12.99 13.43 10.37 4.96 7.08 1.68 0.00 0.00 0.00 0.00 0.00 0.00 0.00 0.00 0.00 0.29 5.91 7.45 7.08 9.05 12.78 14.24 14.24 15.99 16.64 15.91 14.82 15.99 18.32 17.74 18.69 19.78 20.59 20.66 20.73 19.71 18.40 17.30 17.59 15.77 13.58 13.80 12.26 9.71 10.51 10.59 10.95 10.95 11.61 11.53 11.90 9.42 9.64 9.34 7.45 7.30 7.37 7.45 6.86 6.94 6.32 7.06 6.91 7.90 6.86 6.88 9.18 8.25 7.08 8.43 8.94
9.42 10.07 11.83 14.45 14.97 13.87 12.12 11.32 10.95 10.95 13.36 14.53 14.53 13.14 10.29 11.10 7.96 4.60 1.24 0.00 0.00 0.00 0.00 0.00 0.00 5.62 5.69 6.86 6.50 6.35 8.18 9.64 10.88 10.66 11.68 11.68 14.75 15.33 13.07 16.64 17.45 17.45 18.25 18.61 18.25 19.78 20.00 17.23 17.30 17.89 15.70 14.31 14.75 12.70 11.39 9.93 10.07 11.68 11.68 11.24 11.24 13.65 12.56 12.70 11.90 10.44 10.51 9.05 7.59 7.74 7.88 7.59 8.58 8.53 8.97 8.44 9.73 12.11 13.33 12.48 10.69 11.86 12.56 13.63
10.29 11.61 9.49 8.54 13.51 12.48 12.63 9.93 8.54 8.54 9.93 10.73 4.74 3.94 0.00 4.23 7.52 0.00 0.00 0.00 0.00 2.48 0.88 7.15 5.77 7.30 6.72 7.15 7.52 7.88 7.81 8.25 7.37 9.05 8.47 8.47 11.02 13.51 13.14 15.99 17.23 16.64 16.79 16.86 15.40 15.04 15.04 14.45 14.38 15.62 15.70 14.24 13.87 13.80 12.19 12.92 13.07 12.41 14.45 14.60 14.60 14.31 14.38 12.26 12.63 11.39 8.69 8.98 8.47 9.20 8.25 7.81 7.86 7.93 7.83 10.31 11.51 13.32 12.17 12.59 14.49 14.71 13.29 15.76
10.29 11.61 9.49 8.54 13.51 12.48 12.63 9.93 8.54 8.54 9.93 10.73 4.74 3.94 0.00 4.23 7.52 0.00 0.00 0.00 0.00 2.48 0.88 7.15 5.77 7.30 6.72 7.15 7.52 7.88 7.81 8.25 7.37 9.05 8.47 8.47 11.02 13.51 13.14 15.99 17.23 16.64 16.79 16.86 15.40 15.04 15.04 14.45 14.38 15.62 15.70 14.24 13.87 13.80 12.19 12.92 13.07 12.41 14.45 14.60 14.60 14.31 14.38 12.26 12.63 11.39 8.69 8.98 8.47 9.20 8.25 7.81 7.66 7.81 7.59 9.58 10.26 12.33 12.98 13.06 14.49 14.39 14.60 16.86
12.05 12.05 10.66 8.61 10.59 6.35 5.55 5.26 6.35 6.35 0.00 0.00 0.00 0.00 0.00 0.00 0.00 0.00 4.23 2.85 0.00 5.99 6.13 6.79 6.79 6.13 6.50 6.50 6.86 7.37 7.37 7.74 7.52 8.54 10.73 10.73 13.65 12.85 14.97 15.04 14.75 15.99 13.65 14.89 11.83 11.83 10.29 10.00 12.63 15.18 14.02 13.94 13.29 13.87 14.45 14.09 14.75 14.31 14.24 14.53 14.53 14.31 14.31 15.40 12.34 12.78 12.05 9.93 9.78 9.78 9.56 9.64 8.03 8.47 9.43 11.70 13.91 12.27 12.89 15.14 13.48 17.07 18.08 18.77
13.14 14.60 9.78 9.71 7.74 6.13 6.86 4.45 0.00 0.00 0.00 0.00 0.00 0.00 0.00 0.00 0.00 0.00 0.44 5.48 6.50 5.40 6.20 6.06 6.57 6.35 6.35 8.69 9.49 9.56 9.05 8.47 9.20 9.71 10.73 10.73 10.29 11.53 11.24 13.14 11.46 10.95 11.53 6.57 6.86 7.30 7.81 11.53 11.10 11.32 12.48 12.48 12.26 14.16 14.09 14.60 14.67 14.38 14.60 14.75 14.75 16.79 16.28 16.43 14.89 13.43 13.51 12.85 10.88 11.02 11.02 12.85 12.78 12.13 13.97 15.40 13.02 14.92 15.50 12.50 16.13 14.60 15.90 16.48
14.60 15.99 14.67 12.34 11.68 11.97 7.88 3.58 4.89 4.89 0.00 0.00 2.48 0.00 0.00 0.00 0.95 2.48 4.23 3.58 7.08 7.37 8.69 8.40 6.35 7.59 7.96 9.49 9.86 9.86 9.49 8.54 9.71 9.71 9.20 9.20 8.83 9.93 9.42 9.34 10.44 6.06 6.06 6.50 6.20 7.96 7.74 11.68 11.75 11.61 11.68 12.41 11.97 13.14 13.14 14.60 16.13 15.99 15.55 16.13 16.13 15.91 16.64 14.82 15.26 13.58 13.07 13.51 12.41 16.21 15.18 14.89 15.31 16.01 17.44 15.82 16.10 16.01 14.51 14.97 14.11 13.65 13.89 13.51
12.92 14.09 12.41 12.99 11.46 10.59 9.71 7.74 8.61 8.61 3.94 1.31 1.61 0.95 2.85 1.17 1.17 3.94 3.07 4.02 5.04 6.28 5.99 8.40 9.49 9.42 7.96 7.52 8.32 8.40 8.47 8.61 8.98 8.76 8.61 8.61 8.91 8.98 9.05 6.57 5.91 6.20 6.35 7.37 7.37 4.60 6.79 6.50 8.40 7.45 7.01 6.57 7.96 12.63 12.78 12.05 15.99 15.62 15.62 15.70 15.70 15.40 15.33 14.97 13.58 13.94 12.41 12.92 16.86 15.55 19.27 15.20 19.23 16.06 17.14 16.30 16.72 14.51 14.69 14.20 14.40 15.36 14.11 13.25
12.92 14.09 12.41 12.99 11.46 10.59 9.71 7.74 8.61 8.61 3.94 1.31 1.61 0.95 2.85 1.17 1.17 3.94 3.07 4.02 5.04 6.28 5.99 8.40 9.49 9.42 7.96 7.52 8.32 8.40 8.47 8.61 8.98 8.76 8.61 8.61 8.91 8.98 9.05 6.57 5.91 6.20 6.35 7.37 7.37 4.60 6.79 6.50 8.40 7.45 7.01 6.57 7.96 12.63 12.78 12.05 15.99 15.62 15.62 15.70 15.70 15.40 15.33 14.97 13.58 13.94 12.41 12.92 16.86 15.55 19.27 18.67 18.02 17.46 15.39 20.17 16.96 16.04 14.99 12.81 13.92 13.21 15.35 15.04
10.59 13.65 12.19 10.44 10.07 11.10 10.66 10.15 8.61 8.61 4.67 5.33 2.41 3.21 4.53 4.02 2.99 3.29 3.72 4.53 6.57 5.69 5.77 6.42 9.93 9.93 8.76 8.76 8.10 8.18 7.81 9.49 9.05 8.47 8.25 8.25 8.03 8.40 7.59 6.79 7.37 8.47 8.54 7.15 3.58 5.84 5.04 4.82 3.58 3.72 4.89 5.26 4.67 12.63 12.63 14.82 14.45 15.48 14.82 15.11 15.11 14.67 14.16 13.80 12.41 12.63 14.31 14.16 17.23 19.20 19.90 17.46 19.76 17.81 18.51 19.91 19.97 15.19 14.41 15.35 13.81 13.90 15.34 13.48
8.69 9.56 10.66 9.27 6.86 6.64 3.94 4.89 3.72 3.72 2.26 2.56 3.87 4.67 4.60 3.50 3.43 2.26 3.65 5.11 3.72 6.42 5.33 5.40 5.62 6.06 8.61 8.61 7.66 7.74 6.35 8.47 8.18 8.54 7.30 7.30 7.52 7.59 7.15 7.23 6.57 7.01 6.79 3.43 6.35 2.99 2.77 3.07 3.07 3.58 3.72 3.72 4.23 4.31 7.59 7.96 7.88 8.54 10.15 12.26 12.26 13.21 12.34 11.97 12.26 13.07 14.97 16.06 15.62 15.41 16.89 16.89 17.74 18.79 21.16 17.67 15.33 16.43 16.38 15.87 13.95 15.22 14.31 16.45
8.10 5.99 6.57 6.72 7.59 7.74 6.13 5.04 3.29 3.29 2.04 3.07 2.70 4.45 4.67 3.72 3.07 2.85 3.94 5.48 6.28 8.25 6.06 5.91 5.77 5.48 5.69 7.66 7.59 7.59 9.13 8.10 9.78 8.91 8.03 8.03 7.15 7.08 7.08 6.42 5.69 6.13 4.53 2.48 2.19 2.41 3.07 3.72 4.16 3.58 2.63 3.87 3.07 0.00 0.00 0.00 7.15 8.61 8.32 8.61 8.61 8.54 11.97 11.97 12.63 14.38 13.94 14.82 13.72 13.51 15.70 18.61 18.40 18.25 17.96 17.95 20.44 19.14 21.96 15.76 16.05 14.80 13.52 16.39
7.01 6.13 4.53 4.09 4.60 4.38 5.26 4.09 2.99 2.99 2.70 2.56 3.58 4.31 3.87 3.07 3.36 4.23 4.23 5.84 6.42 7.45 7.96 7.08 5.91 5.55 5.55 5.69 4.96 6.94 8.54 8.32 9.27 9.78 8.54 8.54 10.29 8.03 5.55 5.99 3.80 4.16 4.45 2.56 3.50 3.50 4.09 4.45 2.41 3.21 1.53 1.68 2.85 0.00 0.00 0.00 3.65 6.57 7.59 7.52 7.52 7.23 5.62 5.91 4.09 8.61 8.32 9.71 12.19 15.70 14.97 17.59 19.20 19.27 20.14 19.30 21.04 20.29 19.99 17.70 19.63 15.86 18.16 15.38
2.99 3.87 3.87 4.23 3.80 4.23 4.02 4.16 3.58 3.58 2.99 3.80 3.58 4.45 3.87 3.94 4.53 5.11 5.91 4.74 6.35 7.59 8.32 7.74 7.88 8.18 7.81 9.13 9.71 9.78 10.37 10.00 11.32 10.51 9.93 9.93 10.29 8.61 5.62 5.84 4.02 4.60 5.26 3.36 4.31 4.31 4.60 2.26 3.14 2.56 2.19 2.19 2.12 2.19 2.34 3.07 3.43 3.14 4.67 5.55 5.55 5.69 3.15 1.61 3.07 2.41 6.28 9.64 10.51 14.24 14.53 15.77 19.27 18.47 19.62 18.45 20.90 19.50 20.16 16.14 13.59 15.42 16.26 17.05
2.99 3.87 3.87 4.23 3.80 4.23 4.02 4.16 3.58 3.58 2.99 3.80 3.58 4.45 3.87 3.94 4.53 5.11 5.91 4.74 6.35 7.59 8.32 7.74 7.88 8.18 7.81 9.13 9.71 9.78 10.37 10.00 11.32 10.51 9.93 9.93 10.29 8.61 5.62 5.84 4.02 4.60 5.26 3.36 4.31 4.31 4.60 2.26 3.14 2.56 2.19 2.19 2.12 2.19 2.34 3.07 3.43 3.14 4.67 5.55 5.55 5.69 3.15 1.61 3.07 2.41 6.28 9.64 10.51 14.24 14.53 15.77 19.27 18.47 18.83 18.55 16.23 17.15 16.88 18.79 16.62 15.75 12.74 15.73
2.70 2.41 4.16 4.60 4.67 4.89 4.23 4.45 5.77 5.77 6.13 3.21 3.80 3.80 3.80 4.31 3.94 4.67 5.40 8.61 9.13 10.44 10.00 9.05 9.13 11.39 11.75 8.91 10.37 11.61 12.85 11.68 10.29 9.13 7.88 7.88 6.94 6.57 7.15 6.64 6.35 6.57 4.67 5.11 4.31 4.67 4.09 3.14 3.50 3.36 2.41 2.70 2.70 2.85 3.07 2.99 3.50 3.80 3.58 2.19 2.19 0.00 0.00 0.00 0.00 6.06 5.40 8.76 12.26 15.18 14.89 16.21 18.32 17.89 19.56 18.78 19.06 26.41 26.48 21.62 17.92 15.95 15.86 19.32
2.99 3.21 3.50 3.87 4.74 3.29 3.80 5.84 5.26 5.26 8.76 7.30 4.82 4.31 6.13 5.40 7.01 7.74 12.34 12.99 12.63 10.95 12.70 13.21 11.97 12.41 11.68 14.24 14.97 14.53 13.72 13.14 10.95 11.68 10.51 10.51 9.20 9.13 11.10 8.69 6.13 7.08 5.55 3.58 4.53 2.92 2.92 2.70 3.29 2.19 2.92 2.63 3.80 4.60 4.45 4.53 4.16 2.48 0.00 0.00 0.00 0.00 0.00 0.00 0.00 7.01 8.98 8.18 11.46 15.04 16.72 16.43 18.76 22.12 22.39 23.73 22.06 23.54 23.75 20.59 24.58 16.66 20.31 24.21
2.48 2.85 2.92 2.41 2.04 2.56 3.36 4.16 5.18 5.18 9.78 9.56 7.08 8.10 9.86 8.18 10.37 9.64 9.56 13.80 16.06 15.55 13.51 13.51 15.26 15.04 15.33 15.40 15.91 17.08 16.28 14.16 13.14 13.36 12.48 12.48 11.61 12.99 13.14 9.78 7.81 5.62 2.70 3.58 2.26 0.00 0.00 0.00 3.21 2.70 3.43 3.36 3.36 4.53 3.87 2.85 2.26 2.56 1.75 0.00 0.00 0.00 0.00 5.99 4.16 6.86 8.40 11.68 11.39 13.51 16.94 20.00 19.42 23.52 24.23 26.04 25.69 24.36 23.21 19.54 16.70 16.21 17.21 18.33
4.31 2.26 1.17 1.39 1.68 0.29 1.24 4.09 4.23 4.23 8.47 7.66 8.76 10.44 13.43 12.85 11.90 12.48 17.01 15.77 16.13 14.53 14.45 14.97 15.55 15.55 17.23 18.03 16.57 17.16 15.33 14.31 13.21 13.80 17.01 17.01 16.28 17.23 14.02 12.34 7.08 4.74 2.63 2.85 2.63 1.68 1.75 2.99 3.58 3.72 2.63 3.87 3.80 3.65 2.63 2.63 1.68 1.83 2.12 5.40 5.40 4.82 4.31 6.50 6.50 9.42 9.27 9.86 11.68 10.95 13.14 16.50 15.88 20.04 22.35 26.60 27.49 24.25 26.51 17.36 15.54 13.83 14.94 15.16
4.60 3.65 1.17 0.95 0.00 0.44 0.07 0.73 0.29 0.29 6.50 6.28 7.88 12.05 10.80 11.61 15.70 13.87 14.16 13.29 10.66 12.26 14.24 16.86 16.64 15.48 17.08 17.08 16.13 17.30 15.62 15.62 17.23 17.45 18.83 18.83 17.89 8.54 7.01 4.74 5.11 3.80 2.77 2.19 2.70 3.43 3.29 2.92 4.45 4.53 4.45 4.02 3.58 2.85 3.14 2.92 1.61 1.83 1.53 4.74 4.74 7.37 6.86 7.45 6.06 9.49 10.44 9.93 12.12 14.02 19.47 18.37 25.76 22.84 25.61 29.30 25.38 24.21 24.71 19.08 15.39 11.45 13.74 8.84
4.60 3.65 1.17 0.95 0.00 0.44 0.07 0.73 0.29 0.29 6.50 6.28 7.88 12.05 10.80 11.61 15.70 13.87 14.16 13.29 10.66 12.26 14.24 16.86 16.64 15.48 17.08 17.08 16.13 17.30 15.62 15.62 17.23 17.45 18.83 18.83 17.89 8.54 7.01 4.74 5.11 3.80 2.77 2.19 2.70 3.43 3.29 2.92 4.45 4.53 4.45 4.02 3.58 2.85 3.14 2.92 1.61 1.83 1.53 4.74 4.74 7.37 6.86 7.45 6.06 9.49 10.44 9.93 12.12 14.02 19.57 18.17 23.30 25.45 27.33 34.19 29.46 23.43 25.81 18.53 16.28 13.58 12.54 7.50
4.09 3.58 1.97 2.63 0.44 0.29 0.44 1.31 1.83 1.83 3.94 7.37 7.37 9.20 9.05 10.37 11.10 12.26 10.80 11.90 11.90 11.53 12.92 11.24 13.07 13.51 13.36 13.07 15.84 15.91 16.06 16.06 15.11 15.40 15.70 15.70 8.54 4.89 4.02 3.29 4.09 2.77 3.07 2.77 3.58 4.02 5.26 4.89 4.96 4.45 4.16 4.31 4.23 3.80 3.07 2.04 2.41 3.07 5.11 6.13 6.16 5.94 6.90 6.13 9.49 8.54 11.97 12.85 12.84 14.08 19.91 23.89 27.63 29.89 28.08 25.17 26.41 21.78 21.66 16.21 14.96 12.75 7.03 4.94
5.99 5.18 4.09 2.92 0.80 0.66 0.66 2.34 4.60 4.60 8.25 9.34 9.56 10.00 11.17 11.68 12.05 12.19 14.24 14.16 13.43 12.70 11.61 12.41 14.45 13.65 12.26 13.36 14.53 13.29 12.12 9.78 9.71 5.11 4.74 4.74 4.82 4.53 4.53 5.69 4.67 3.58 3.87 3.94 3.87 4.38 5.18 5.48 4.89 4.96 4.23 3.94 3.29 3.65 2.92 3.80 7.15 5.69 10.07 5.91 5.91 7.45 6.72 7.96 8.18 14.38 14.60 14.89 15.40 17.16 16.94 19.34 26.28 31.21 30.91 21.26 20.69 17.26 17.52 17.84 11.51 12.11 6.11 4.44
8.47 6.20 3.50 2.85 0.00 0.29 0.51 0.15 2.48 2.48 3.94 7.23 6.79 7.52 8.98 12.78 13.51 14.02 14.02 14.16 9.56 10.44 9.49 12.05 15.40 11.90 10.51 11.02 12.34 9.34 8.03 5.48 5.40 5.99 5.84 5.84 7.74 7.74 6.57 7.37 5.55 4.09 3.87 4.38 5.48 5.69 5.91 4.74 4.16 5.11 3.80 4.45 5.18 3.94 3.72 5.40 5.48 9.93 9.13 12.78 12.78 12.26 12.85 12.26 14.09 15.33 16.79 18.83 18.91 18.40 19.42 22.40 25.02 29.62 23.92 21.19 15.84 13.26 13.67 13.21 9.64 8.37 5.15 4.92
6.72 7.45 5.55 3.50 0.00 0.00 0.00 0.00 0.00 0.00 0.00 5.18 4.67 6.79 7.08 12.12 12.99 12.70 10.00 6.79 7.52 6.94 9.71 8.83 8.61 8.98 8.40 8.98 9.64 10.66 5.91 5.11 5.91 6.28 7.37 7.37 7.74 7.88 8.10 5.62 3.72 4.53 4.16 5.26 6.28 7.30 5.18 5.69 5.33 6.13 4.96 4.82 6.72 5.26 6.35 6.72 6.86 8.32 9.20 8.76 8.76 11.17 12.05 13.07 15.04 14.24 18.25 20.37 19.93 20.81 22.48 21.97 24.15 21.90 18.19 15.99 14.00 13.61 12.71 9.13 7.22 5.44 4.64 4.67
9.34 7.96 6.13 0.00 0.00 0.00 0.00 0.00 0.00 0.00 0.00 4.45 5.40 6.86 6.28 11.32 9.34 10.66 6.64 6.64 6.35 8.25 8.69 7.96 7.88 7.96 8.76 8.83 8.25 8.61 6.35 5.26 5.55 5.11 5.69 5.69 6.13 7.01 6.20 5.40 4.53 4.74 5.62 5.40 6.42 8.47 7.37 10.15 10.22 8.10 10.00 7.74 8.83 8.83 7.96 8.10 8.61 6.72 9.56 11.39 11.39 11.24 12.05 11.83 13.36 14.16 14.16 17.81 20.51 21.17 21.24 19.13 18.57 15.37 15.95 14.77 13.46 8.49 11.33 7.75 5.18 3.32 4.31 4.35
3.07 0.00 0.00 0.00 0.00 0.00 0.00 0.00 0.00 0.00 0.00 1.97 3.29 4.74 5.55 3.87 4.38 4.16 4.82 5.40 8.10 7.96 8.32 7.96 5.77 7.23 7.88 8.10 6.50 5.40 5.91 4.45 5.40 5.84 5.91 5.91 5.84 6.42 6.64 6.28 6.35 6.42 6.79 9.13 8.61 9.13 14.16 14.38 15.99 12.26 12.41 12.26 10.73 10.80 10.07 9.86 10.15 10.51 10.07 11.39 11.39 11.39 11.39 10.95 11.24 12.70 14.16 13.58 18.10 20.00 17.59 18.42 15.64 13.78 12.17 9.45 11.96 7.95 5.04 2.81 2.65 2.77 4.08 4.39
3.07 0.00 0.00 0.00 0.00 0.00 0.00 0.00 0.00 0.00 0.00 1.97 3.29 4.74 5.55 3.87 4.38 4.16 4.82 5.40 8.10 7.96 8.32 7.96 5.77 7.23 7.88 8.10 6.50 5.40 5.91 4.45 5.40 5.84 5.91 5.91 5.84 6.42 6.64 6.28 6.35 6.42 6.79 9.13 8.61 9.13 14.16 14.38 15.99 12.26 12.41 12.26 10.73 10.80 10.07 9.86 10.15 10.51 10.07 11.39 11.39 11.39 11.39 10.95 11.24 12.70 14.16 13.58 18.10 20.00 17.59 18.32 15.41 13.57 12.17 9.87 10.66 7.63 4.92 2.95 2.59 2.92 4.08 4.31
3.65 0.00 0.00 0.00 0.00 0.00 0.00 0.00 0.00 0.00 0.00 0.00 2.19 3.43 4.82 4.60 3.94 4.60 5.77 6.72 7.08 6.79 7.45 4.89 4.67 6.42 7.52 7.52 4.02 4.38 5.18 6.42 7.37 7.30 10.15 10.15 8.40 7.88 7.96 7.08 7.23 6.72 7.23 9.34 11.53 14.45 13.94 16.21 18.32 15.04 13.21 14.16 12.34 12.92 11.75 11.61 10.80 10.51 11.68 11.53 11.53 11.68 12.34 11.53 12.26 12.05 13.80 15.62 14.16 14.45 15.91 12.92 11.17 11.36 10.49 8.90 6.53 7.95 5.06 2.01 2.59 2.85 2.67 4.12
