Wansh/Snow_depth/snowdepth-1983/winter/1983336.txt
ncols 321
nrows 161
xllcenter 60
yllcenter 15 
cellsize  0.25 
NODATA_value -1
[rows 0 to 36 of 161, columns 84 to 167 of 321]
10.15 10.37 8.47 7.45 0.00 0.00 0.00 0.00 5.62 8.61 9.86 8.32 8.32 7.96 7.08 6.50 9.42 9.86 9.86 11.32 9.86 9.71 7.74 9.13 7.45 6.86 5.77 4.16 2.70 2.12 1.97 2.99 3.65 1.90 1.24 0.73 0.07 0.22 1.39 0.00 0.00 0.00 0.00 0.00 0.00 0.00 0.00 0.00 0.00 0.00 0.00 0.00 0.00 1.31 3.14 0.00 0.00 0.00 0.00 0.00 0.00 0.00 0.00 0.00 0.00 0.00 0.00 0.00 0.00 0.00 0.00 0.00 0.00 0.00 0.00 0.00 0.00 0.00 0.00 0.00 0.00 0.00 0.00 0.00
6.13 5.91 5.33 0.00 2.85 0.00 0.00 0.00 0.00 6.35 8.10 7.37 6.28 6.13 0.00 4.02 4.82 5.77 5.77 5.55 4.53 4.45 4.67 3.94 4.53 5.84 7.08 5.91 6.06 5.69 4.31 1.75 1.97 0.73 0.44 0.51 0.00 0.00 0.00 0.00 0.00 0.00 0.00 0.00 0.00 0.00 0.00 0.00 1.17 0.95 0.00 1.17 2.26 3.07 3.36 3.43 3.58 3.43 3.65 1.75 2.04 2.04 0.00 0.00 0.00 0.00 0.00 0.00 0.00 0.00 0.00 0.00 0.00 0.00 0.00 0.00 0.00 0.00 0.00 0.00 0.00 0.00 0.00 0.00
0.00 0.00 0.00 2.19 2.41 0.00 0.00 0.00 0.00 4.67 5.77 8.47 7.52 9.64 8.18 6.64 5.69 5.69 5.69 3.87 2.56 2.56 2.41 2.34 3.58 4.60 6.20 7.08 7.45 7.96 4.23 1.24 0.00 0.00 0.00 0.00 0.00 0.00 0.00 0.00 0.00 0.00 0.00 0.00 0.00 0.29 1.75 2.63 1.97 0.37 1.53 1.83 3.14 2.70 7.01 8.25 8.91 9.93 10.15 5.33 5.40 6.20 6.28 7.52 0.00 0.00 0.00 0.00 0.00 0.00 0.00 0.00 0.00 0.00 0.00 0.00 0.00 0.00 0.00 0.00 0.00 0.00 0.00 0.00
0.00 0.00 0.00 2.19 2.41 0.00 0.00 0.00 0.00 4.67 5.77 8.47 7.52 9.64 8.18 6.64 5.69 5.69 5.69 3.87 2.56 2.56 2.41 2.34 3.58 4.60 6.20 7.08 7.45 7.96 4.23 1.24 0.00 0.00 0.00 0.00 0.00 0.00 0.00 0.00 0.00 0.00 0.00 0.00 0.00 0.29 1.75 2.63 1.97 0.37 1.53 1.83 3.14 2.70 7.01 8.25 8.91 9.93 10.15 5.33 5.40 6.20 6.28 7.52 0.00 0.00 0.00 0.00 0.00 0.00 0.00 0.00 0.00 0.00 0.00 0.00 0.00 0.00 0.00 0.00 0.00 0.00 0.00 0.00
0.00 0.00 0.00 3.36 4.23 3.94 3.94 3.36 3.72 5.04 5.33 7.01 5.69 0.00 5.62 6.20 4.31 4.82 4.82 5.84 4.82 4.16 2.34 1.68 1.83 2.12 3.29 8.40 9.20 8.18 7.23 6.50 4.74 3.65 3.58 1.90 0.66 0.07 0.00 0.00 0.00 0.00 0.00 0.00 0.00 0.37 1.68 5.26 4.09 2.19 3.07 1.61 2.56 0.73 0.37 1.53 3.80 5.40 7.37 8.03 8.40 9.05 10.88 10.07 7.15 4.60 2.92 0.00 0.00 0.00 0.00 0.00 0.00 0.00 0.00 0.00 0.00 0.00 0.00 0.00 0.00 0.00 0.00 0.00
0.15 2.99 6.42 6.13 4.16 3.29 3.80 4.02 4.16 6.13 6.28 2.99 3.29 4.82 4.38 3.43 2.26 2.77 2.77 3.58 6.35 5.18 4.16 3.94 3.43 3.21 5.26 6.64 6.72 5.18 5.77 6.13 6.28 5.99 4.60 3.21 1.83 0.58 0.00 0.00 0.00 0.00 0.00 0.00 0.00 0.58 1.53 4.23 0.00 2.70 2.70 0.00 2.19 1.90 1.90 1.53 1.31 3.43 6.28 6.57 7.45 8.91 10.15 11.24 10.07 7.01 5.26 0.00 0.00 0.00 0.00 0.00 0.00 0.00 0.00 0.00 0.00 0.00 0.00 0.00 0.00 0.00 0.00 0.00
0.00 0.00 2.12 3.21 3.65 5.33 3.80 3.50 2.70 3.94 0.00 0.00 0.00 2.34 2.99 3.14 2.77 2.12 2.12 2.26 2.77 3.14 4.38 3.50 4.96 3.29 2.70 3.43 3.07 3.36 3.65 3.21 4.67 4.60 2.92 2.56 1.31 0.00 0.00 0.00 0.00 0.00 0.00 0.00 0.51 1.39 2.56 0.00 0.00 0.00 2.85 3.72 4.31 4.31 4.45 5.26 4.96 5.40 5.84 5.62 7.81 10.29 10.80 8.61 7.81 8.83 11.24 10.07 10.07 7.23 8.10 9.78 0.00 0.00 0.00 0.00 0.00 0.00 0.00 0.00 0.00 0.00 0.00 0.00
0.00 0.00 2.12 3.21 3.65 5.33 3.80 3.50 2.70 3.94 0.00 0.00 0.00 2.34 2.99 3.14 2.77 2.12 2.12 2.26 2.77 3.14 4.38 3.50 4.96 3.29 2.70 3.43 3.07 3.36 3.65 3.21 4.67 4.60 2.92 2.56 1.31 0.00 0.00 0.00 0.00 0.00 0.00 0.00 0.51 1.39 2.56 0.00 0.00 0.00 2.85 3.72 4.31 4.31 4.45 5.26 4.96 5.40 5.84 5.62 7.81 10.29 10.80 8.61 7.81 8.83 11.24 10.07 10.07 7.23 8.10 9.78 0.00 0.00 0.00 0.00 0.00 0.00 0.00 0.00 0.00 0.00 0.00 0.00
0.00 0.00 1.31 0.00 1.90 3.07 1.68 1.10 1.46 3.14 2.85 4.38 3.36 3.50 0.00 0.00 0.00 0.00 0.00 0.00 3.58 5.69 6.20 6.06 6.06 5.33 4.31 4.23 5.48 5.04 3.58 3.72 3.14 3.36 3.50 2.56 1.53 0.88 0.00 0.00 0.88 0.00 0.00 0.00 0.00 0.00 0.00 0.00 0.00 0.07 2.92 3.80 0.00 0.00 2.34 0.51 1.10 1.83 2.99 2.12 2.19 1.90 2.99 3.72 2.34 3.72 8.25 6.94 6.94 7.15 9.05 11.02 12.70 11.97 11.90 11.32 7.37 4.74 0.00 0.00 0.00 0.00 0.00 0.00
1.75 0.00 0.00 0.00 0.00 0.00 0.00 0.00 3.14 3.94 3.21 1.68 1.46 1.97 2.34 1.90 1.24 1.53 1.53 3.21 5.48 6.50 5.99 4.82 4.89 4.82 4.96 5.62 6.72 5.99 4.45 3.07 3.21 4.60 4.02 2.12 1.83 1.46 1.83 1.46 1.83 1.46 0.80 0.80 0.00 0.00 0.00 3.65 3.50 3.58 5.91 7.30 7.01 4.16 2.56 2.63 2.41 2.56 1.68 1.83 1.68 1.46 2.41 3.14 4.09 5.26 3.58 3.94 3.94 7.88 10.15 11.97 12.92 12.26 6.86 5.69 6.64 8.18 8.32 0.00 0.00 0.00 0.00 0.00
0.00 0.00 0.00 0.00 0.00 0.00 0.00 3.29 3.29 2.63 1.97 1.53 1.83 2.04 1.46 2.70 2.92 4.45 4.45 4.74 4.31 3.50 2.26 3.07 3.65 3.65 4.38 4.16 3.07 3.36 4.09 4.09 4.74 4.09 1.68 0.00 1.31 2.04 2.19 1.39 3.21 5.62 4.67 4.67 2.12 3.21 3.14 3.87 0.00 0.00 0.00 3.94 4.16 3.80 2.99 4.67 4.31 3.07 2.19 2.34 2.19 1.90 1.46 1.31 2.41 4.74 9.42 14.97 14.97 18.91 16.13 15.33 12.99 9.71 5.84 4.82 5.84 5.48 6.35 5.62 5.55 0.00 0.00 0.00
0.00 0.00 0.00 0.00 0.00 0.00 0.00 3.29 3.29 2.63 1.97 1.53 1.83 2.04 1.46 2.70 2.92 4.45 4.45 4.74 4.31 3.50 2.26 3.07 3.65 3.65 4.38 4.16 3.07 3.36 4.09 4.09 4.74 4.09 1.68 0.00 1.31 2.04 2.19 1.39 3.21 5.62 4.67 4.67 2.12 3.21 3.14 3.87 0.00 0.00 0.00 3.94 4.16 3.80 2.99 4.67 4.31 3.07 2.19 2.34 2.19 1.90 1.46 1.31 2.41 4.74 9.42 14.97 14.97 18.91 16.13 15.33 12.99 9.71 5.84 4.82 5.84 5.48 6.35 5.62 5.55 0.00 0.00 0.00
0.00 0.00 0.00 0.00 1.31 0.00 0.00 2.12 2.85 2.12 2.85 3.07 2.48 2.56 3.14 2.48 2.26 3.65 3.65 0.00 0.00 2.77 3.72 4.16 5.62 2.99 1.83 1.90 1.83 2.77 2.92 1.68 2.41 2.26 1.24 2.70 5.77 4.53 3.29 6.94 7.74 8.03 6.94 6.94 5.55 2.04 1.31 1.75 0.58 0.00 0.00 0.00 1.17 1.75 3.14 4.45 5.55 6.72 7.08 4.89 3.50 1.97 1.17 0.88 4.23 4.23 7.81 14.02 14.02 17.01 17.08 14.67 12.41 9.93 7.30 6.86 7.45 7.15 7.45 9.13 9.27 9.42 8.98 7.15
0.22 0.22 0.00 0.00 0.80 2.12 0.00 2.12 2.77 4.53 4.38 4.02 0.00 0.00 0.00 0.00 0.00 0.00 0.00 0.00 0.00 0.00 1.68 2.04 2.19 2.12 1.83 3.07 5.69 8.98 10.29 10.37 10.29 7.66 6.20 8.91 10.51 8.18 4.82 4.74 6.42 8.91 3.80 3.80 3.36 4.38 3.87 3.94 3.14 2.41 2.56 2.12 2.99 3.58 3.14 1.68 2.99 5.18 5.33 5.84 5.69 6.57 0.00 6.50 7.74 8.18 11.97 14.09 14.09 12.92 14.16 15.48 13.94 11.75 8.83 6.86 4.96 5.55 5.77 3.80 3.36 4.45 4.96 5.04
0.00 0.00 0.00 0.00 0.00 0.00 0.00 0.00 5.04 5.26 4.74 3.72 0.00 0.00 0.00 0.00 0.00 0.00 0.00 0.00 0.00 3.50 4.96 3.80 0.00 2.12 5.33 7.45 8.10 10.37 13.94 16.06 13.87 8.54 6.79 4.74 3.65 3.58 1.46 2.92 4.02 3.21 3.87 3.87 2.04 2.41 2.41 2.92 3.14 3.50 3.72 2.41 1.75 2.12 2.70 3.72 5.77 6.28 4.09 3.07 3.58 4.53 5.91 7.88 8.40 8.18 9.20 9.56 9.56 12.56 10.51 9.64 8.25 5.77 4.31 3.21 0.00 0.00 0.00 0.00 0.00 1.24 3.50 3.72
0.00 0.00 0.00 0.00 1.61 1.17 0.00 0.00 4.82 4.96 4.53 4.82 4.89 3.87 0.00 0.00 3.80 3.65 3.65 3.58 1.46 3.14 9.34 9.78 8.98 6.20 3.80 3.21 7.37 9.93 11.90 13.51 11.10 7.08 5.18 3.21 1.61 1.39 1.02 2.63 3.36 0.58 0.00 0.00 2.12 3.14 2.04 0.73 0.00 0.00 0.58 0.44 0.37 1.39 3.50 4.09 4.45 4.02 2.04 0.95 1.53 1.24 1.83 4.53 4.89 6.50 7.66 9.64 9.64 13.94 12.56 10.29 6.57 3.43 2.26 0.00 0.00 0.00 0.00 0.00 0.00 2.19 1.90 4.96
0.00 0.00 0.00 0.00 1.61 1.17 0.00 0.00 4.82 4.96 4.53 4.82 4.89 3.87 0.00 0.00 3.80 3.65 3.65 3.58 1.46 3.14 9.34 9.78 8.98 6.20 3.80 3.21 7.37 9.93 11.90 13.51 11.10 7.08 5.18 3.21 1.61 1.39 1.02 2.63 3.36 0.58 0.00 0.00 2.12 3.14 2.04 0.73 0.00 0.00 0.58 0.44 0.37 1.39 3.50 4.09 4.45 4.02 2.04 0.95 1.53 1.24 1.83 4.53 4.89 6.50 7.66 9.64 9.64 13.94 12.56 10.29 6.57 3.43 2.26 0.00 0.00 0.00 0.00 0.00 0.00 2.19 1.90 4.96
0.00 0.00 0.00 0.00 3.29 2.12 2.41 5.55 6.06 7.08 8.18 7.37 6.20 5.77 4.38 2.92 4.45 2.77 2.77 3.50 2.19 1.97 2.26 2.63 5.84 7.81 4.23 2.48 4.53 5.18 7.01 9.34 11.75 11.83 7.52 2.41 0.00 1.68 2.19 3.07 2.77 5.48 3.29 3.29 3.80 2.34 0.00 0.00 0.00 0.00 0.80 2.99 2.92 4.53 3.58 2.99 0.00 0.95 0.00 0.80 1.90 0.95 5.40 5.04 4.16 4.09 4.67 9.20 9.20 13.80 12.78 8.18 2.63 2.85 2.77 1.24 0.00 0.00 0.00 0.00 0.00 6.35 1.61 0.00
0.00 0.00 0.00 4.60 3.29 2.41 2.26 3.65 5.18 5.33 5.91 4.67 6.35 8.40 8.18 7.52 6.06 5.69 5.69 6.28 5.55 3.72 3.50 3.87 6.72 9.42 8.32 6.72 6.57 7.30 8.76 11.02 14.45 15.33 12.56 9.71 6.35 4.38 3.21 3.65 2.92 3.29 0.00 0.00 0.00 0.00 0.00 0.00 0.00 0.00 0.00 0.00 0.88 1.90 2.48 2.63 2.12 3.21 5.77 8.25 10.66 11.61 6.94 5.18 4.89 4.60 7.52 11.46 11.46 12.99 9.49 6.06 2.99 4.23 5.04 0.95 5.26 0.00 0.00 0.00 0.00 4.31 2.77 0.00
0.00 0.00 0.95 2.63 0.00 2.19 1.83 0.00 2.48 3.94 6.06 5.18 5.33 6.06 7.52 8.47 7.81 8.61 8.61 8.10 6.86 6.06 5.48 4.38 6.35 8.69 8.83 8.76 8.98 8.98 10.88 14.09 16.35 15.26 11.10 8.83 6.79 4.96 5.11 10.80 0.00 0.00 0.00 0.00 0.00 0.00 0.00 0.00 0.00 0.00 0.00 0.00 0.00 0.00 0.00 1.17 2.19 2.56 3.07 5.33 8.91 11.61 9.64 7.45 8.03 6.50 8.25 7.08 7.08 6.57 5.33 3.80 2.77 2.77 1.97 0.00 0.95 0.37 0.00 1.39 2.19 1.24 2.12 2.85
0.00 0.88 0.00 2.99 0.00 0.00 2.92 4.02 4.96 8.91 10.66 8.91 9.78 9.86 7.88 7.74 7.15 5.91 5.91 3.80 5.77 7.01 8.61 7.01 6.50 7.81 10.15 11.17 10.07 7.74 9.86 14.24 13.07 11.68 9.05 5.04 0.00 4.67 0.00 0.00 3.21 1.97 0.51 0.51 0.00 0.00 0.00 0.00 0.00 0.00 0.00 0.22 0.51 0.00 0.00 0.51 0.95 0.00 0.00 0.66 3.36 6.94 7.08 9.13 11.17 10.37 7.45 3.21 3.21 2.70 2.70 2.85 2.04 1.24 1.97 1.90 2.26 1.53 2.12 3.87 3.80 0.00 0.00 1.83
0.00 1.83 2.48 0.00 0.00 0.00 0.00 2.12 2.99 8.54 10.95 10.22 11.39 12.92 11.90 10.51 9.93 9.64 9.64 8.18 6.50 6.72 8.69 9.86 10.44 10.37 10.88 11.53 10.88 7.52 4.82 5.04 0.00 5.91 7.23 3.80 3.65 0.00 0.00 0.00 6.86 5.11 2.19 2.19 1.53 0.00 0.00 0.00 0.00 0.00 0.00 0.00 0.00 1.31 2.92 3.50 3.29 2.41 0.58 0.00 0.51 6.79 5.11 5.40 6.94 6.50 4.16 2.99 2.99 1.75 0.37 0.37 0.95 0.66 1.90 2.34 2.41 0.00 0.00 0.00 5.18 3.36 4.09 4.45
0.00 1.83 2.48 0.00 0.00 0.00 0.00 2.12 2.99 8.54 10.95 10.22 11.39 12.92 11.90 10.51 9.93 9.64 9.64 8.18 6.50 6.72 8.69 9.86 10.44 10.37 10.88 11.53 10.88 7.52 4.82 5.04 0.00 5.91 7.23 3.80 3.65 0.00 0.00 0.00 6.86 5.11 2.19 2.19 1.53 0.00 0.00 0.00 0.00 0.00 0.00 0.00 0.00 1.31 2.92 3.50 3.29 2.41 0.58 0.00 0.51 6.79 5.11 5.40 6.94 6.50 4.16 2.99 2.99 1.75 0.37 0.37 0.95 0.66 1.90 2.34 2.41 0.00 0.00 0.00 5.18 3.36 4.09 4.45
0.00 0.00 2.63 0.00 0.00 0.00 4.67 5.04 3.94 2.85 0.00 0.00 5.77 4.67 9.49 10.37 9.78 8.18 8.18 4.23 3.58 5.55 8.83 10.37 12.34 13.58 13.80 15.11 13.94 12.05 8.18 5.62 3.87 0.00 0.00 0.00 0.00 0.00 0.00 0.00 0.00 3.94 0.00 0.00 0.00 0.00 0.00 0.00 0.00 0.00 0.00 0.00 0.00 3.21 6.50 6.57 5.62 0.00 0.00 0.00 9.05 6.28 4.09 4.09 3.65 4.45 4.45 4.38 4.38 2.77 1.90 0.00 0.00 2.70 1.10 1.53 0.95 1.46 2.26 4.31 5.26 4.02 3.50 0.00
0.00 0.00 0.00 0.00 6.28 5.84 5.84 5.69 3.87 0.00 0.00 0.00 5.11 0.00 5.18 6.86 8.47 7.81 7.81 6.06 4.82 8.40 8.98 7.97 9.10 12.02 10.10 11.75 13.43 9.42 7.01 5.62 3.58 2.41 0.00 0.00 0.00 0.00 0.00 0.00 0.00 0.00 3.29 3.29 0.00 0.00 0.00 0.00 0.00 0.00 0.00 0.00 0.00 1.39 2.26 0.00 0.00 5.33 6.94 7.30 9.13 8.25 6.42 7.23 7.59 6.86 5.77 6.28 6.28 5.62 4.38 4.96 5.04 5.11 2.77 2.77 1.75 0.29 1.53 3.14 0.00 0.00 0.00 0.00
0.00 5.91 5.69 6.50 6.57 0.00 0.00 0.00 0.00 0.00 0.00 0.00 0.00 0.00 4.38 4.89 5.33 7.08 7.08 9.34 9.13 6.86 7.15 8.88 12.27 10.80 10.77 12.42 15.40 14.53 8.61 7.59 5.99 5.33 0.00 0.00 0.00 0.00 0.00 0.00 0.00 0.00 0.00 0.00 1.68 0.00 0.00 0.00 0.00 0.00 0.00 0.00 0.00 0.00 0.00 0.00 0.00 3.14 5.26 9.20 8.98 7.01 7.15 6.79 8.10 7.81 6.64 7.74 7.74 7.74 5.77 5.11 5.69 4.67 2.99 3.29 3.50 2.12 1.68 1.68 0.00 0.00 0.00 4.60
4.67 0.00 0.00 4.60 5.48 3.72 0.00 0.00 0.00 0.00 0.00 0.00 0.00 0.00 0.00 2.99 0.95 0.00 0.00 0.00 0.00 0.00 3.39 5.64 7.56 8.70 11.43 11.65 12.79 13.11 12.85 11.46 11.83 9.78 5.62 5.04 0.00 4.89 3.50 0.00 0.00 0.00 0.00 0.00 0.00 0.00 0.00 0.00 0.00 0.00 0.00 0.00 0.00 0.00 0.00 0.00 0.00 0.00 0.00 8.98 8.76 8.32 7.23 8.10 6.42 7.15 6.64 7.81 7.81 6.64 7.30 5.84 4.67 4.45 4.96 4.53 5.26 5.62 4.82 3.50 3.29 0.00 0.00 4.53
4.89 6.20 4.16 0.00 3.65 0.00 3.58 0.00 0.00 0.00 0.00 0.00 0.00 0.00 0.00 0.00 0.00 0.00 0.00 0.00 0.00 0.00 0.00 0.00 1.48 3.58 6.70 9.28 13.02 16.07 16.14 13.43 15.26 14.24 8.10 8.10 7.01 7.23 0.00 0.00 0.00 0.00 0.00 0.00 0.00 0.00 0.00 0.00 0.00 0.00 0.00 0.00 0.00 0.00 0.00 0.00 0.00 0.00 0.00 6.86 9.64 11.68 10.80 10.80 8.61 6.64 7.01 10.37 10.37 10.15 9.93 8.91 8.03 7.37 7.37 5.11 4.31 5.69 6.06 4.53 2.99 2.19 1.02 1.39
4.89 6.20 4.16 0.00 3.65 0.00 3.58 0.00 0.00 0.00 0.00 0.00 0.00 0.00 0.00 0.00 0.00 0.00 0.00 0.00 0.00 0.00 0.00 0.00 1.46 3.58 6.50 8.63 12.17 16.32 16.30 13.99 17.14 15.06 8.31 8.10 7.01 7.23 0.00 0.00 0.00 0.00 0.00 0.00 0.00 0.00 0.00 0.00 0.00 0.00 0.00 0.00 0.00 0.00 0.00 0.00 0.00 0.00 0.00 6.86 9.64 11.68 10.80 10.80 8.61 6.64 7.01 10.37 10.37 10.15 9.93 8.91 8.03 7.37 7.37 5.11 4.31 5.69 6.06 4.53 2.99 2.19 1.02 1.39
0.00 3.94 3.07 3.29 3.94 4.53 0.00 0.00 0.00 0.00 0.00 0.00 0.00 0.00 0.00 0.00 0.00 0.00 0.00 0.00 0.00 0.00 0.00 0.00 0.00 0.00 2.73 0.00 4.96 7.26 7.15 6.51 7.81 14.09 13.70 12.63 11.87 8.83 8.98 5.91 3.29 0.00 3.58 3.58 0.00 0.00 0.00 0.00 0.00 0.00 0.00 0.00 0.00 0.00 0.00 0.00 0.00 0.00 0.00 3.72 7.59 8.32 10.07 10.80 10.29 10.88 11.46 11.32 11.32 9.71 9.05 6.72 6.50 5.91 5.84 4.96 3.80 6.42 5.69 3.14 2.56 2.70 3.21 3.07
5.91 5.55 2.92 3.36 2.77 3.21 2.48 1.17 0.00 0.66 0.00 0.00 0.00 0.00 1.31 3.58 6.06 5.04 5.04 0.00 0.00 0.00 0.00 0.00 0.00 0.00 0.00 0.00 0.00 0.00 0.00 0.00 4.09 9.11 12.72 14.99 13.41 12.40 14.75 14.24 10.66 8.83 5.48 5.48 0.00 0.00 0.00 0.00 0.00 2.92 0.00 0.00 0.00 0.00 0.00 0.00 0.00 0.00 0.00 0.00 0.00 0.00 5.77 8.98 11.32 10.44 9.27 8.91 8.91 5.48 5.69 6.50 6.64 6.35 5.99 4.74 3.87 5.04 5.48 4.31 3.50 2.56 4.23 4.67
4.23 4.31 5.04 4.74 0.00 0.00 1.97 2.56 2.63 2.19 1.97 2.56 2.70 2.19 2.41 4.60 4.38 4.31 4.31 3.72 2.77 2.26 2.41 0.00 6.64 0.00 0.00 0.00 0.00 0.00 0.00 0.00 1.97 4.60 6.76 11.59 16.12 18.91 19.42 19.78 16.64 9.71 5.26 5.26 2.85 0.00 0.00 0.00 0.00 0.00 1.83 0.00 0.00 0.00 0.00 0.00 0.00 0.00 0.00 0.00 0.00 0.00 0.00 7.74 10.59 8.03 7.81 8.61 8.61 9.27 7.59 7.66 7.52 5.91 5.91 5.77 5.48 6.13 5.62 5.77 5.69 5.55 5.33 6.13
0.00 0.00 0.00 0.00 0.00 0.00 0.00 0.00 1.31 3.58 3.14 3.14 3.14 3.87 3.94 5.18 5.55 5.04 5.04 5.26 3.50 1.31 0.00 0.00 0.00 0.00 0.00 0.00 0.00 0.00 0.00 3.50 3.36 2.85 4.02 5.62 10.89 15.36 18.03 18.58 16.72 11.24 8.69 8.69 8.47 8.69 6.42 4.53 0.00 0.00 0.00 0.00 4.09 0.00 0.00 0.00 0.00 0.00 0.00 0.00 0.00 0.00 6.06 6.28 5.99 6.06 7.08 9.78 9.78 11.61 12.78 11.83 11.90 10.07 7.23 5.91 7.08 7.74 7.30 6.64 6.57 6.64 6.79 6.86
0.00 0.00 0.00 0.00 0.00 0.00 0.00 0.00 0.00 0.00 2.85 3.29 3.80 4.23 3.43 4.09 2.85 0.00 0.00 0.00 0.00 0.00 0.00 0.00 0.00 0.00 0.00 0.00 0.00 0.00 0.00 0.00 0.00 0.00 0.00 3.36 4.60 6.28 10.67 14.75 13.06 11.90 10.73 10.73 10.44 10.00 7.66 6.79 0.00 5.91 6.86 5.04 2.99 2.48 1.97 0.00 0.00 3.94 4.23 5.62 9.71 11.61 12.12 11.53 10.80 10.59 12.48 12.26 12.26 10.95 12.05 15.84 15.48 14.02 12.48 11.39 9.42 6.79 6.13 6.13 7.30 8.25 7.30 5.33
0.00 0.00 0.00 0.00 0.00 0.00 2.04 3.14 0.45 0.00 0.00 2.56 3.80 3.94 3.21 0.00 0.00 0.00 0.00 0.00 0.00 0.00 0.00 0.00 0.00 0.00 0.00 0.00 0.00 0.00 0.00 0.00 0.00 0.00 0.00 4.67 3.50 5.38 7.30 6.28 5.75 7.45 9.86 9.86 10.22 9.56 8.10 7.01 6.79 7.59 8.54 6.64 0.00 2.70 2.48 0.00 0.00 0.00 3.65 7.37 10.80 12.26 15.84 15.91 15.26 14.60 14.82 12.34 12.34 9.13 8.76 12.63 14.53 11.97 10.37 12.19 13.29 12.05 9.64 7.30 8.25 8.32 7.23 6.86
0.00 0.00 0.00 0.00 0.00 0.00 2.04 3.14 0.44 0.00 0.00 2.56 3.80 3.94 3.21 0.00 0.00 0.00 0.00 0.00 0.00 0.00 0.00 0.00 0.00 0.00 0.00 0.00 0.00 0.00 0.00 0.00 0.00 0.00 0.00 4.70 3.50 5.36 7.37 6.28 5.69 7.45 9.86 9.86 10.22 9.56 8.10 7.01 6.79 7.59 8.54 6.64 0.00 2.70 2.48 0.00 0.00 0.00 3.65 7.37 10.80 12.26 15.84 15.91 15.26 14.60 14.82 12.34 12.34 9.13 8.76 12.63 14.53 11.97 10.37 12.19 13.29 12.05 9.64 7.30 8.25 8.32 7.23 6.86
0.00 0.00 12.85 6.94 0.00 0.00 0.00 5.04 4.52 0.00 0.00 1.02 3.43 2.70 2.99 0.00 0.00 0.00 0.00 0.00 0.00 0.00 0.00 0.00 0.00 0.00 0.00 0.00 0.00 0.00 0.00 0.00 0.00 0.00 0.00 4.96 2.85 3.07 3.23 4.60 0.00 3.21 4.38 4.38 6.42 6.35 6.35 8.32 9.20 9.56 8.61 6.57 0.00 0.00 0.00 0.00 0.00 0.00 0.00 0.00 5.91 7.15 6.72 8.91 11.17 12.78 11.02 9.71 9.71 10.51 10.29 10.15 9.93 8.10 8.91 10.44 10.66 9.34 8.83 8.40 7.74 8.03 7.01 7.37
