Wansh/Snow_depth/snowdepth-1983/winter/1983352.txt
ncols 321
nrows 161
xllcenter 60
yllcenter 15 
cellsize  0.25 
NODATA_value -1
[rows 0 to 36 of 161, columns 84 to 167 of 321]
10.95 10.07 10.51 10.07 9.13 6.42 5.55 4.67 7.59 9.20 10.15 8.98 8.98 7.37 5.40 5.33 6.13 5.91 5.91 7.52 6.86 6.13 6.64 4.38 4.09 5.77 4.60 4.09 3.43 3.21 2.85 4.23 3.87 2.77 0.00 0.00 0.51 0.37 1.02 2.85 3.58 4.31 5.18 5.18 0.00 0.00 0.00 0.00 2.19 4.38 3.87 3.80 4.02 3.29 4.45 3.50 4.09 5.33 4.60 2.63 1.17 1.31 1.90 2.04 3.36 2.12 2.12 3.14 3.14 3.80 4.31 4.38 4.38 4.31 3.14 2.85 3.36 0.00 3.80 3.72 2.92 1.83 0.00 0.66
8.10 8.54 9.27 6.57 4.82 0.00 0.00 0.00 4.74 7.45 8.98 7.96 6.57 6.06 4.60 2.99 3.29 0.00 0.00 0.00 0.00 0.00 2.99 2.56 2.99 4.53 4.96 4.96 4.89 3.43 1.61 1.90 1.46 2.56 0.00 0.00 1.31 1.39 2.63 1.53 0.00 0.00 0.00 0.00 0.00 0.00 1.53 1.97 1.68 1.75 1.31 2.26 3.94 3.50 2.85 2.85 4.02 4.60 4.38 2.77 2.41 1.68 1.46 1.46 3.80 3.80 3.29 3.80 3.80 0.66 2.41 3.36 3.94 4.89 5.77 5.18 5.69 6.94 6.13 5.11 4.60 4.23 3.87 3.43
6.06 5.40 4.02 3.58 3.43 4.89 6.86 6.79 7.81 10.44 12.41 9.64 7.59 7.08 5.48 4.16 4.23 4.67 4.67 3.80 2.77 0.00 0.00 0.00 0.73 2.70 2.99 4.09 5.48 5.84 0.00 2.48 2.70 0.66 0.73 0.66 0.00 0.00 0.00 0.00 0.66 0.37 0.00 0.00 0.66 2.99 4.38 4.16 3.36 2.77 1.61 2.04 4.09 4.67 7.96 8.10 8.83 9.78 9.42 6.64 6.86 7.37 5.99 4.82 4.74 5.62 6.06 4.96 4.96 4.89 4.02 3.43 4.09 6.13 6.79 6.86 6.50 7.15 6.86 7.23 7.96 6.13 5.48 4.53
6.06 5.40 4.02 3.58 3.43 4.89 6.86 6.79 7.81 10.44 12.41 9.64 7.59 7.08 5.48 4.16 4.23 4.67 4.67 3.80 2.77 0.00 0.00 0.00 0.73 2.70 2.99 4.09 5.48 5.84 0.00 2.48 2.70 0.66 0.73 0.66 0.00 0.00 0.00 0.00 0.66 0.37 0.00 0.00 0.66 2.99 4.38 4.16 3.36 2.77 1.61 2.04 4.09 4.67 7.96 8.10 8.83 9.78 9.42 6.64 6.86 7.37 5.99 4.82 4.74 5.62 6.06 4.96 4.96 4.89 4.02 3.43 4.09 6.13 6.79 6.86 6.50 7.15 6.86 7.23 7.96 6.13 5.48 4.53
5.18 0.00 3.94 5.91 7.15 7.37 8.76 8.91 9.49 10.15 10.15 9.34 7.66 6.64 6.28 6.20 4.45 4.96 4.96 5.62 4.45 4.67 0.00 0.00 0.00 0.95 2.77 5.18 6.64 7.23 5.11 4.89 4.09 2.99 2.70 1.61 1.10 0.00 0.00 0.00 0.00 1.46 0.29 0.29 0.66 1.75 0.37 0.00 4.74 3.50 4.38 4.38 3.14 2.56 3.14 3.29 3.58 5.99 8.69 9.86 11.90 12.41 11.83 7.96 7.15 7.37 6.28 7.66 7.66 6.72 6.06 5.26 4.60 4.23 6.28 7.52 8.98 8.61 8.03 8.03 7.96 6.86 7.37 5.11
6.06 5.84 6.64 6.42 5.11 2.99 4.96 5.40 5.55 6.13 6.28 6.20 6.72 5.69 5.55 5.48 5.04 4.82 4.82 4.16 3.72 3.43 3.80 3.87 0.00 0.00 2.34 4.96 5.40 4.60 4.82 5.48 5.84 5.91 3.87 2.56 1.02 0.73 0.29 0.37 0.51 1.46 1.24 1.24 1.10 2.12 2.19 3.72 4.09 3.72 3.36 2.92 2.63 3.21 4.16 3.80 4.31 6.20 6.57 8.18 9.34 12.34 15.26 16.86 13.36 10.00 9.49 8.83 8.83 7.15 6.86 7.81 7.37 6.57 5.69 4.74 4.16 4.89 5.26 6.42 7.30 7.96 7.37 7.37
7.88 8.40 7.45 7.37 7.81 5.77 4.31 3.94 3.36 2.77 1.83 2.26 5.26 0.00 0.00 0.00 0.00 0.00 0.00 1.17 1.53 2.26 3.07 3.36 4.16 4.38 4.23 3.58 3.14 3.94 4.67 5.99 6.72 5.99 3.58 2.19 0.58 1.97 1.31 1.39 1.17 1.17 0.15 0.15 0.66 3.21 3.21 4.02 2.41 0.51 2.26 4.53 4.74 3.72 4.38 6.35 8.18 11.17 11.17 9.86 12.99 15.55 18.61 16.72 16.79 13.43 12.85 11.10 11.10 10.29 11.75 12.63 12.19 10.59 9.86 9.86 8.10 5.84 3.07 3.94 5.84 7.52 7.52 7.74
7.88 8.40 7.45 7.37 7.81 5.77 4.31 3.94 3.36 2.77 1.83 2.26 5.26 0.00 0.00 0.00 0.00 0.00 0.00 1.17 1.53 2.26 3.07 3.36 4.16 4.38 4.23 3.58 3.14 3.94 4.67 5.99 6.72 5.99 3.58 2.19 0.58 1.97 1.31 1.39 1.17 1.17 0.15 0.15 0.66 3.21 3.21 4.02 2.41 0.51 2.26 4.53 4.74 3.72 4.38 6.35 8.18 11.17 11.17 9.86 12.99 15.55 18.61 16.72 16.79 13.43 12.85 11.10 11.10 10.29 11.75 12.63 12.19 10.59 9.86 9.86 8.10 5.84 3.07 3.94 5.84 7.52 7.52 7.74
7.45 5.18 4.89 6.13 7.37 7.45 6.20 5.04 3.72 2.99 1.68 0.00 0.88 0.00 0.00 0.00 0.00 0.00 0.00 0.00 0.00 0.00 0.00 4.82 5.48 5.77 5.26 6.57 4.31 5.26 4.53 4.60 5.55 3.14 2.77 1.97 1.17 1.31 1.46 0.73 0.29 0.07 1.39 1.39 1.83 1.39 1.68 1.61 0.95 1.90 4.53 5.33 4.96 5.84 4.53 6.79 5.77 6.86 7.59 7.37 7.45 7.81 10.66 14.09 9.42 11.97 12.70 11.46 11.46 11.46 13.21 13.65 13.36 13.36 13.72 13.43 10.22 8.69 7.88 5.62 4.38 5.77 6.72 6.57
5.40 3.43 3.14 3.65 3.72 2.99 0.00 0.00 0.00 2.85 3.36 2.63 2.63 2.85 1.68 0.00 0.00 0.00 0.00 0.00 0.00 0.00 5.40 4.60 4.23 4.53 4.53 5.84 5.33 5.40 5.40 4.89 5.40 5.40 3.43 2.12 1.17 0.00 1.02 2.34 2.77 2.77 2.41 2.41 3.14 4.38 4.96 6.50 8.47 9.27 10.66 12.56 11.68 8.91 7.96 7.15 5.69 6.06 6.64 6.86 5.99 5.55 6.50 4.74 6.42 7.59 8.03 8.32 8.32 9.56 11.53 13.07 14.89 12.34 11.02 9.93 11.97 13.07 13.29 7.96 4.09 3.43 2.12 4.45
4.31 0.00 0.00 4.02 0.00 0.00 0.00 0.00 0.00 0.00 0.00 0.00 0.00 0.00 0.00 0.00 0.00 0.00 0.00 0.00 0.00 0.00 1.97 2.99 4.23 3.14 3.80 4.38 3.94 3.36 3.87 3.87 4.16 4.53 4.09 3.50 4.67 4.53 4.16 4.16 6.06 6.72 7.01 7.01 6.86 6.35 6.64 9.86 7.66 6.64 8.69 9.78 8.76 7.15 7.59 8.61 8.91 8.83 7.15 7.66 7.66 5.62 6.06 4.09 4.74 9.64 15.77 18.18 18.18 24.09 20.00 14.67 13.21 11.17 8.83 8.03 9.05 9.27 8.98 7.45 6.79 7.15 4.16 6.50
4.31 0.00 0.00 4.02 0.00 0.00 0.00 0.00 0.00 0.00 0.00 0.00 0.00 0.00 0.00 0.00 0.00 0.00 0.00 0.00 0.00 0.00 1.97 2.99 4.23 3.14 3.80 4.38 3.94 3.36 3.87 3.87 4.16 4.53 4.09 3.50 4.67 4.53 4.16 4.16 6.06 6.72 7.01 7.01 6.86 6.35 6.64 9.86 7.66 6.64 8.69 9.78 8.76 7.15 7.59 8.61 8.91 8.83 7.15 7.66 7.66 5.62 6.06 4.09 4.74 9.64 15.77 18.18 18.18 24.09 20.00 14.67 13.21 11.17 8.83 8.03 9.05 9.27 8.98 7.45 6.79 7.15 4.16 6.50
0.00 0.00 0.00 0.00 0.00 0.00 6.64 7.08 0.00 0.00 0.00 0.00 0.00 0.00 0.00 0.00 0.00 0.00 0.00 0.00 0.00 0.00 3.29 4.23 4.31 4.09 2.34 3.07 2.99 4.67 4.45 3.65 4.02 4.09 4.74 7.08 6.86 7.30 5.99 10.29 10.66 9.93 9.27 9.27 5.62 6.42 6.72 7.08 5.69 5.11 4.31 5.04 5.62 6.28 7.66 9.49 12.05 13.72 12.12 9.20 8.61 4.38 4.74 5.62 5.84 8.03 14.16 17.16 17.16 18.47 19.93 19.05 16.86 13.14 10.95 9.42 8.69 9.20 10.37 11.46 13.65 13.29 11.53 12.12
0.00 0.00 0.00 0.00 0.00 0.00 0.00 0.00 0.00 0.00 0.00 0.00 0.00 0.00 0.00 0.00 0.00 0.00 0.00 0.00 0.00 0.00 0.00 0.00 0.00 4.45 3.72 4.74 6.28 8.76 10.59 13.58 11.32 9.42 8.32 13.80 15.62 10.80 8.40 8.18 7.81 7.01 7.01 7.01 5.91 7.52 0.00 0.00 0.00 0.00 0.00 3.36 5.69 5.62 5.40 7.30 8.98 9.49 9.71 10.73 8.54 11.24 9.42 9.27 10.88 12.78 14.67 17.01 17.01 16.79 18.98 18.98 16.35 13.21 11.24 9.34 7.08 6.72 7.88 6.42 6.72 8.47 6.94 8.10
0.00 0.00 0.00 5.40 0.00 0.00 0.00 0.00 0.00 0.00 6.42 5.77 5.40 0.00 0.00 0.00 0.00 0.00 0.00 0.00 0.00 5.26 7.52 0.00 0.00 1.68 5.26 9.64 9.78 12.41 18.25 21.10 16.50 10.44 9.71 9.49 8.69 6.06 4.38 4.89 5.48 6.28 6.28 6.28 5.55 10.29 0.00 0.00 0.00 0.00 0.00 0.00 6.13 4.89 5.48 9.13 12.19 12.78 8.18 5.55 6.79 8.54 11.39 12.26 11.53 11.97 12.41 13.14 13.14 15.99 18.10 16.06 10.80 4.45 5.26 3.07 0.00 0.00 0.00 0.00 0.00 3.72 4.31 4.23
0.00 0.00 0.00 4.96 5.18 0.00 3.58 5.18 5.40 5.55 5.99 6.28 6.28 4.89 2.70 2.99 0.00 5.99 5.99 4.23 2.41 4.53 7.96 10.80 9.56 7.66 6.13 7.15 10.44 14.16 17.01 18.10 15.18 9.20 5.48 2.70 3.36 4.31 4.67 4.53 5.04 4.09 5.18 5.18 6.13 6.86 7.52 5.04 5.18 4.31 6.42 4.82 5.48 6.13 8.83 10.66 13.80 11.46 9.56 4.82 5.40 6.79 6.50 8.32 9.64 11.97 13.14 13.65 13.65 17.52 17.67 11.75 4.53 3.36 2.19 0.00 0.00 22.41 0.00 0.00 0.00 3.80 5.33 6.13
0.00 0.00 0.00 4.96 5.18 0.00 3.58 5.18 5.40 5.55 5.99 6.28 6.28 4.89 2.70 2.99 0.00 5.99 5.99 4.23 2.41 4.53 7.96 10.80 9.56 7.66 6.13 7.15 10.44 14.16 17.01 18.10 15.18 9.20 5.48 2.70 3.36 4.31 4.67 4.53 5.04 4.09 5.18 5.18 6.13 6.86 7.52 5.04 5.18 4.31 6.42 4.82 5.48 6.13 8.83 10.66 13.80 11.46 9.56 4.82 5.40 6.79 6.50 8.32 9.64 11.97 13.14 13.65 13.65 17.52 17.67 11.75 4.53 3.36 2.19 0.00 0.00 22.41 0.00 0.00 0.00 3.80 5.33 6.13
0.00 0.00 0.00 0.00 0.00 3.58 4.09 6.28 7.59 7.74 7.59 7.30 6.79 7.23 5.04 5.26 0.00 0.00 0.00 3.58 4.09 3.36 4.38 7.45 11.24 8.83 6.50 5.04 5.77 8.69 10.73 14.97 15.84 13.14 7.37 4.09 3.80 4.09 5.77 7.81 9.64 8.98 7.23 7.23 7.74 8.83 7.88 7.30 7.81 5.99 6.79 7.88 8.32 8.03 8.83 9.05 8.18 7.66 4.89 7.30 7.45 7.15 5.62 6.13 7.59 8.83 10.22 16.43 16.43 19.42 15.62 8.91 4.02 3.87 4.74 3.94 11.32 0.00 0.00 0.00 1.10 4.74 5.18 6.28
0.00 0.00 0.00 0.00 0.00 4.89 3.72 3.72 4.31 6.13 6.72 6.79 7.88 9.93 9.34 7.15 8.18 8.32 8.32 8.18 4.96 5.40 2.99 5.18 7.88 8.69 8.25 6.86 7.59 10.29 13.51 16.64 18.25 17.59 13.87 8.91 7.59 5.62 6.64 7.23 8.54 7.59 4.31 4.31 1.83 0.00 0.37 0.00 1.31 1.97 2.19 2.26 3.72 4.09 6.35 8.32 8.25 4.67 8.91 12.63 16.86 14.24 7.96 4.67 6.06 7.08 9.86 14.82 14.82 17.37 13.36 5.55 4.74 6.13 4.60 2.26 4.67 0.00 0.00 1.02 6.13 5.33 5.04 4.96
0.00 0.00 0.00 0.00 0.00 0.00 0.00 3.21 4.53 6.06 6.72 6.20 7.30 7.15 7.30 7.30 7.45 9.34 9.34 11.53 11.53 7.74 5.62 5.84 9.78 10.80 11.24 12.26 12.34 12.26 14.89 19.71 20.66 17.30 14.97 12.63 9.71 7.01 5.33 2.92 3.36 2.56 1.10 1.10 0.00 0.00 0.00 0.00 0.00 0.00 0.00 0.00 3.14 3.50 3.87 6.06 7.66 7.15 8.54 12.19 14.38 15.77 11.83 9.78 9.20 10.59 10.73 8.98 8.98 7.30 6.13 3.94 3.21 2.12 0.73 1.46 0.00 0.00 1.68 5.18 4.09 4.45 5.77 5.69
0.00 0.00 0.00 0.00 0.00 0.00 0.00 4.45 7.37 9.64 7.66 7.01 6.94 5.91 6.57 7.66 7.74 6.94 6.94 8.91 8.18 8.25 10.00 9.71 11.83 12.70 12.92 12.99 10.95 11.02 13.29 14.97 16.21 14.67 10.95 6.20 4.45 2.77 3.94 4.16 4.53 2.41 0.15 0.15 0.29 0.95 4.09 0.00 0.00 0.00 1.97 0.00 0.00 0.00 0.00 3.43 5.33 3.94 4.09 5.91 8.40 7.52 7.88 9.64 10.73 9.78 7.66 3.36 3.36 0.00 1.97 2.77 0.29 0.29 0.95 1.39 2.48 2.34 1.90 3.07 6.42 5.33 6.50 6.28
0.00 0.00 0.00 0.00 0.00 0.00 0.00 2.63 3.87 7.30 9.71 8.54 10.00 11.02 10.00 9.20 9.42 7.66 7.66 7.88 8.25 8.32 11.61 12.56 14.75 16.35 16.35 16.21 14.09 10.15 6.94 6.06 6.94 8.69 6.72 3.50 0.00 0.00 2.12 6.06 7.81 5.18 4.53 4.53 0.00 4.09 4.60 0.00 0.00 0.00 0.00 4.16 6.13 6.13 5.62 7.81 7.88 6.28 6.42 6.94 6.86 4.31 5.26 6.06 7.66 6.94 4.31 1.83 1.83 0.66 0.66 0.80 0.95 1.24 2.34 2.63 2.56 1.90 2.41 4.89 5.33 5.18 7.45 7.81
0.00 0.00 0.00 0.00 0.00 0.00 0.00 2.63 3.87 7.30 9.71 8.54 10.00 11.02 10.00 9.20 9.42 7.66 7.66 7.88 8.25 8.32 11.61 12.56 14.75 16.35 16.35 16.21 14.09 10.15 6.94 6.06 6.94 8.69 6.72 3.50 0.00 0.00 2.12 6.06 7.81 5.18 4.53 4.53 0.00 4.09 4.60 0.00 0.00 0.00 0.00 4.16 6.13 6.13 5.62 7.81 7.88 6.28 6.42 6.94 6.86 4.31 5.26 6.06 7.66 6.94 4.31 1.83 1.83 0.66 0.66 0.80 0.95 1.24 2.34 2.63 2.56 1.90 2.41 4.89 5.33 5.18 7.45 7.81
0.00 0.00 0.00 0.00 0.00 0.00 0.00 6.28 4.96 0.00 4.53 0.00 8.54 8.54 9.78 10.29 10.88 9.13 9.13 8.25 8.03 9.13 12.05 14.24 17.96 19.78 19.93 18.10 15.91 12.26 9.05 6.42 5.69 3.72 4.23 1.83 0.00 0.00 0.95 3.80 5.11 3.72 3.07 3.07 0.00 0.00 0.00 0.00 0.00 0.00 0.00 0.00 6.35 9.56 11.24 10.15 9.49 8.76 10.51 11.10 9.42 6.42 6.64 7.74 6.50 6.94 5.04 4.02 4.02 4.16 3.58 3.36 1.97 1.17 1.02 1.10 1.61 3.21 3.21 4.60 4.96 5.91 5.69 7.23
4.60 0.00 0.00 0.00 0.00 0.00 0.00 0.00 5.11 4.82 6.06 9.49 8.98 5.91 8.25 10.15 10.22 8.98 8.98 10.00 8.91 11.53 12.48 11.99 13.13 14.52 14.08 15.18 14.89 12.12 8.61 5.91 5.69 3.58 2.70 3.07 3.50 3.29 3.50 0.00 2.92 2.70 2.99 2.99 2.41 0.95 0.00 0.00 0.00 0.00 0.00 0.00 0.00 7.88 6.28 6.28 6.94 8.25 11.75 12.70 12.48 9.13 9.27 10.37 9.64 7.88 6.79 6.94 6.94 7.23 6.94 4.89 4.02 3.43 3.07 1.90 1.24 1.02 5.69 5.26 4.38 1.61 4.23 5.91
5.40 6.79 0.00 0.00 0.00 0.00 0.00 0.00 0.00 3.36 3.21 2.77 4.60 0.00 5.55 0.00 6.20 7.59 7.59 8.69 8.40 10.51 10.95 11.51 14.77 13.18 14.29 18.44 19.20 16.86 12.41 9.20 7.23 5.55 3.36 3.36 4.67 4.82 3.94 1.90 2.34 4.82 6.28 6.28 5.11 2.85 0.00 0.00 0.00 0.00 0.00 0.00 0.00 0.00 2.63 2.12 4.96 7.23 10.15 12.78 11.68 9.13 9.13 9.56 9.34 9.13 7.96 8.61 8.61 7.08 6.42 4.09 3.58 3.58 2.77 2.19 2.63 2.92 3.87 4.23 0.00 3.94 5.69 8.47
7.96 6.64 0.00 0.00 0.00 0.00 0.00 0.00 0.00 0.00 0.00 0.00 0.00 0.00 0.00 0.00 0.00 3.72 3.72 0.00 0.00 0.00 0.00 0.00 11.73 13.24 14.75 17.18 18.66 16.83 13.51 12.26 10.07 8.32 7.15 6.50 6.50 5.40 3.58 0.00 3.29 0.00 0.00 0.00 0.00 0.00 0.00 0.00 0.00 0.00 0.00 0.00 0.00 0.00 0.00 0.00 0.00 4.45 5.62 8.18 9.78 7.74 8.25 8.98 8.03 8.98 10.37 10.66 10.66 9.86 8.25 6.13 6.28 5.84 4.89 4.38 4.16 4.02 3.87 3.58 3.50 4.23 5.69 6.79
7.01 0.00 0.00 0.00 0.00 0.00 0.00 0.00 0.00 0.00 0.00 0.00 0.00 0.00 0.00 0.00 0.00 0.00 0.00 0.00 0.00 0.00 0.00 0.00 0.00 7.30 11.97 17.85 21.47 21.53 19.81 17.81 17.96 15.77 12.63 10.66 10.66 9.86 7.01 3.50 2.77 3.50 0.00 0.00 0.00 0.00 0.00 0.00 0.00 0.00 0.00 0.00 0.00 0.00 0.00 0.00 0.00 0.00 4.45 7.59 11.10 10.88 11.97 12.05 8.61 8.83 10.66 12.99 12.99 12.19 10.88 9.27 8.54 8.25 7.15 4.60 3.72 5.26 4.96 1.75 4.31 4.31 4.67 4.02
7.01 0.00 0.00 0.00 0.00 0.00 0.00 0.00 0.00 0.00 0.00 0.00 0.00 0.00 0.00 0.00 0.00 0.00 0.00 0.00 0.00 0.00 0.00 0.00 0.00 7.30 11.61 16.59 20.06 21.86 20.01 18.55 20.18 16.69 12.95 10.66 10.66 9.86 7.01 3.50 2.77 3.50 0.00 0.00 0.00 0.00 0.00 0.00 0.00 0.00 0.00 0.00 0.00 0.00 0.00 0.00 0.00 0.00 4.45 7.59 11.10 10.88 11.97 12.05 8.61 8.83 10.66 12.99 12.99 12.19 10.88 9.27 8.54 8.25 7.15 4.60 3.72 5.26 4.96 1.75 4.31 4.31 4.67 4.02
6.86 6.13 4.74 4.67 5.55 0.00 0.00 0.00 2.41 0.00 0.00 0.00 0.00 0.00 0.66 0.00 0.00 0.00 0.00 0.00 0.00 0.00 0.00 0.00 0.00 0.00 0.00 0.00 12.78 15.19 14.45 13.09 17.15 20.92 17.99 15.58 12.61 11.83 11.46 7.81 5.26 7.15 5.18 5.18 0.00 0.00 3.50 0.00 0.00 0.00 0.00 0.00 0.00 0.00 0.00 0.00 0.00 0.00 4.31 5.91 8.10 8.83 10.88 13.94 13.51 12.26 12.41 12.41 12.41 11.68 9.86 7.66 7.37 8.54 8.61 6.86 4.02 6.13 5.11 3.58 2.12 3.14 0.00 4.16
5.55 4.89 2.99 0.00 0.00 0.00 0.00 0.00 0.00 0.00 2.85 1.75 2.04 0.73 0.00 0.00 0.00 7.45 7.45 3.67 0.00 0.00 0.00 0.00 0.00 0.00 0.00 0.00 0.00 0.00 0.00 7.15 10.15 16.62 18.03 19.02 16.97 16.36 16.57 14.60 11.90 9.42 4.60 4.60 0.95 0.00 4.09 4.38 4.53 0.00 0.00 0.00 0.00 0.00 0.00 0.00 0.00 0.00 0.00 0.00 4.38 5.91 8.98 12.41 14.45 13.72 10.59 10.51 10.51 6.94 7.52 8.47 8.47 8.32 7.74 5.77 4.89 7.23 5.77 5.11 5.69 4.67 5.33 6.86
4.96 4.09 3.58 3.80 2.04 0.00 0.00 0.00 0.00 0.00 0.00 0.00 3.50 5.33 5.40 6.06 6.57 6.13 6.13 4.09 0.00 0.00 0.00 0.00 0.00 0.00 1.97 2.21 3.79 5.07 5.40 5.91 7.08 9.64 14.22 17.99 22.94 22.85 25.04 24.53 18.10 11.24 6.72 6.72 4.09 0.00 0.00 4.16 5.99 6.64 0.00 0.00 0.00 0.00 0.00 0.00 0.00 0.00 0.00 0.00 0.00 0.00 7.45 8.83 8.69 7.52 7.30 9.27 9.27 10.22 8.40 7.59 6.94 7.30 7.66 7.01 8.98 7.15 6.86 7.81 9.64 8.61 8.54 9.71
5.62 4.23 3.36 5.84 4.31 0.00 0.00 0.00 0.00 0.00 5.04 3.50 0.00 0.00 6.86 6.50 7.23 8.54 8.54 7.08 6.28 4.89 0.00 0.00 0.00 0.00 0.00 0.00 0.00 5.33 0.00 6.28 5.69 5.62 6.28 11.68 16.97 21.71 24.43 23.96 20.81 14.24 9.27 9.27 9.49 10.66 8.83 4.67 4.02 4.38 0.00 0.00 0.00 0.00 0.00 0.00 0.00 0.00 0.00 0.00 5.26 5.26 6.86 8.32 8.40 7.15 10.80 12.63 12.63 14.67 15.11 15.04 13.21 11.17 8.91 7.37 9.86 10.00 10.88 9.13 11.32 11.24 8.91 8.91
5.11 4.23 1.24 1.46 3.36 0.00 4.67 0.00 0.00 0.00 7.96 0.00 8.61 5.26 4.60 4.60 4.45 0.00 0.00 3.65 2.70 2.99 0.00 0.00 0.00 2.34 0.00 0.00 0.00 0.00 0.00 0.00 0.00 0.00 5.04 6.79 8.25 12.63 16.45 17.97 17.53 16.64 12.05 12.05 13.58 12.99 10.29 9.56 7.96 6.42 7.59 4.45 0.00 0.95 0.00 0.00 3.65 4.60 5.62 7.45 10.29 12.41 12.48 11.39 11.02 10.44 12.99 14.02 14.02 13.94 16.50 20.81 18.47 15.77 13.58 15.62 14.02 12.12 9.49 8.32 9.27 10.88 8.98 8.03
0.00 2.85 3.87 0.00 0.00 6.79 9.05 9.78 8.98 5.91 7.81 0.00 5.26 3.50 0.00 0.00 0.00 0.00 0.00 0.00 0.00 0.00 0.00 0.00 0.00 0.00 5.55 0.00 5.11 3.93 3.86 0.00 3.99 3.21 0.00 4.38 3.94 4.57 7.23 10.88 9.66 13.29 13.58 13.58 16.13 15.62 12.85 9.49 7.81 9.13 9.20 6.50 5.48 4.09 3.14 2.92 0.00 0.00 4.96 7.59 10.22 13.65 16.64 19.13 16.57 14.24 13.94 10.51 10.51 6.79 9.20 14.67 14.60 10.80 10.66 16.64 17.08 12.99 12.05 10.22 10.37 9.20 8.32 7.59
0.00 2.85 3.87 0.00 0.00 6.79 9.05 9.78 8.76 5.91 7.81 0.00 5.26 3.50 0.00 0.00 0.00 0.00 0.00 0.00 0.00 0.00 0.00 0.00 0.00 0.00 5.55 0.00 5.04 3.80 3.72 0.00 3.87 3.21 0.00 4.40 3.94 4.55 7.30 10.88 9.56 13.29 13.58 13.58 16.13 15.62 12.85 9.49 7.81 9.13 9.20 6.50 5.48 4.09 3.14 2.92 0.00 0.00 4.96 7.59 10.22 13.65 16.64 19.13 16.57 14.24 13.94 10.51 10.51 6.79 9.20 14.67 14.60 10.80 10.66 16.64 17.08 12.99 12.05 10.22 10.37 9.20 8.32 7.59
0.00 0.00 16.35 7.66 0.00 5.91 12.70 10.38 8.89 0.00 0.00 4.96 5.11 0.00 0.00 0.00 0.00 0.00 0.00 0.00 0.00 0.00 0.00 0.00 0.00 0.00 0.00 0.00 4.53 0.00 0.00 3.80 3.14 0.00 0.00 4.53 0.00 0.00 4.48 6.28 4.45 4.02 6.94 6.94 7.96 10.80 11.53 13.21 12.70 10.88 9.13 6.94 5.48 0.00 0.00 0.00 0.00 0.00 2.56 3.80 6.79 8.91 10.51 12.41 14.02 13.72 11.53 9.71 9.71 9.56 8.83 10.88 11.02 8.61 11.24 11.75 14.31 12.48 11.46 8.32 9.42 9.49 9.64 9.27
