Wansh/Snow_depth/snowdepth-1983/winter/1983339.txt
ncols 321
nrows 161
xllcenter 60
yllcenter 15 
cellsize  0.25 
NODATA_value -1
[rows 0 to 36 of 161, columns 168 to 251 of 321]
0.00 0.00 0.00 0.00 0.00 0.00 0.00 0.00 0.00 0.00 0.00 0.00 0.00 0.00 0.22 2.41 3.43 3.87 4.53 3.94 4.89 4.16 3.72 3.50 1.39 0.00 0.00 0.00 0.00 0.00 0.00 0.00 1.75 11.17 9.56 9.56 8.32 8.61 12.78 12.19 9.71 7.88 7.74 9.64 9.78 11.53 15.11 14.31 10.22 7.08 6.79 8.83 8.91 8.18 7.88 7.88 8.10 7.81 7.08 8.25 8.25 10.15 9.27 9.56 12.12 10.73 12.12 11.46 10.00 9.86 11.68 12.05 11.61 12.70 13.87 15.11 14.60 16.86 17.08 17.30 17.74 17.45 16.50 16.21
0.00 0.00 0.00 0.00 0.00 0.00 0.00 0.00 0.00 0.00 0.00 0.00 0.00 0.00 0.00 0.00 2.04 2.70 3.07 3.50 3.72 3.14 2.92 1.75 0.00 0.00 0.00 0.00 0.00 0.00 0.00 0.00 5.99 7.74 4.89 4.89 5.99 9.27 13.94 14.53 10.88 10.80 9.93 9.93 10.95 8.40 7.45 7.30 6.64 6.13 7.01 9.27 8.10 7.66 7.96 8.25 8.76 9.64 8.61 9.71 9.71 13.29 14.45 15.99 14.38 12.99 9.93 8.76 9.13 9.56 11.53 13.07 13.58 14.02 13.58 15.18 16.94 17.74 16.72 15.40 15.48 15.11 12.70 12.12
0.00 0.00 0.00 0.80 2.92 0.00 0.00 0.00 0.00 0.00 0.00 0.00 0.00 0.00 0.00 3.58 3.07 3.14 2.99 2.92 3.14 2.48 4.23 0.51 0.00 0.00 0.00 0.00 0.00 0.00 0.00 0.00 7.81 2.63 3.94 3.94 3.21 7.88 11.83 10.66 10.15 10.95 11.10 9.13 7.01 5.48 5.84 6.72 7.59 6.94 7.08 6.42 5.69 7.15 8.32 6.72 6.28 7.37 8.25 9.78 9.78 11.02 13.87 16.50 11.39 11.02 10.15 10.80 11.02 11.75 12.85 13.72 13.87 14.24 13.36 13.14 14.53 15.55 15.26 14.53 14.24 12.26 11.46 10.00
0.00 0.00 0.00 0.80 2.92 0.00 0.00 0.00 0.00 0.00 0.00 0.00 0.00 0.00 0.00 3.58 3.07 3.14 2.99 2.92 3.14 2.48 4.23 0.51 0.00 0.00 0.00 0.00 0.00 0.00 0.00 0.00 7.81 2.63 3.94 3.94 3.21 7.88 11.83 10.66 10.15 10.95 11.10 9.13 7.01 5.48 5.84 6.72 7.59 6.94 7.08 6.42 5.69 7.15 8.32 6.72 6.28 7.37 8.25 9.78 9.78 11.02 13.87 16.50 11.39 11.02 10.15 10.80 11.02 11.75 12.85 13.72 13.87 14.24 13.36 13.14 14.53 15.55 15.26 14.53 14.24 12.26 11.46 10.00
0.00 0.00 0.00 3.72 2.19 0.00 0.00 0.00 0.00 0.00 0.00 0.00 0.00 0.00 3.87 3.80 2.99 3.80 4.16 3.43 0.73 0.00 0.00 0.00 0.00 0.00 0.00 0.00 0.00 0.00 0.00 2.99 0.00 1.97 7.15 7.15 11.17 9.05 7.01 4.23 3.94 6.20 5.69 4.53 4.31 4.89 5.48 6.13 5.91 6.57 7.66 7.74 7.30 7.66 7.81 6.64 5.62 6.64 8.47 9.49 9.49 11.39 11.61 8.91 8.69 9.13 8.25 8.32 7.01 7.52 9.05 9.49 10.88 11.83 10.95 10.80 12.26 13.80 14.97 12.92 11.90 10.22 10.00 9.86
0.00 0.00 0.00 0.00 3.50 0.00 0.00 0.00 0.00 0.00 0.00 0.00 0.00 0.00 4.16 3.80 2.12 1.75 0.66 0.00 0.00 0.00 0.00 0.00 0.00 0.00 0.00 0.00 0.00 0.00 0.00 0.00 2.92 7.01 7.08 7.08 7.59 5.99 3.07 2.56 2.41 2.85 3.87 4.60 5.04 5.04 5.99 5.99 6.42 7.74 7.81 7.96 6.94 6.20 5.99 6.42 6.64 7.30 7.37 8.61 8.61 10.44 11.32 9.27 8.03 7.88 6.13 7.45 6.57 6.50 6.50 7.66 7.74 7.74 9.20 8.91 9.34 10.80 11.32 9.27 8.83 7.74 6.72 7.52
0.00 0.00 0.00 0.00 0.00 0.00 0.00 0.00 0.00 0.00 0.00 0.00 0.00 0.00 5.99 3.80 1.97 1.61 0.00 0.00 0.00 0.00 0.00 0.00 0.00 0.00 0.00 0.00 0.00 0.00 5.99 4.45 6.35 6.94 7.15 7.15 6.06 4.74 3.87 3.07 2.77 2.63 3.50 4.23 5.40 5.55 5.91 6.28 6.86 6.50 6.86 6.86 5.55 5.99 5.48 5.62 6.50 7.37 7.23 6.64 6.64 6.42 7.59 6.94 5.91 6.50 4.45 4.31 3.72 4.16 6.20 6.06 6.57 8.18 9.71 8.83 7.45 7.15 7.23 7.22 7.62 7.01 7.06 5.19
0.00 0.00 0.00 0.00 0.00 0.00 0.00 0.00 0.00 0.00 0.00 0.00 0.00 0.00 5.99 3.80 1.97 1.61 0.00 0.00 0.00 0.00 0.00 0.00 0.00 0.00 0.00 0.00 0.00 0.00 5.99 4.45 6.35 6.94 7.15 7.15 6.06 4.74 3.87 3.07 2.77 2.63 3.50 4.23 5.40 5.55 5.91 6.28 6.86 6.50 6.86 6.86 5.55 5.99 5.48 5.62 6.50 7.37 7.23 6.64 6.64 6.42 7.59 6.94 5.91 6.50 4.45 4.31 3.72 4.16 6.20 6.06 6.57 8.18 9.71 10.21 10.27 10.29 9.90 12.27 12.59 9.33 9.09 5.38
0.00 0.00 0.00 0.00 0.00 0.00 0.00 0.00 0.00 0.00 0.00 0.00 0.00 3.80 3.14 0.58 0.00 0.00 0.00 0.00 0.00 0.00 0.00 0.00 0.00 0.00 0.00 0.00 0.00 3.87 4.16 4.82 7.30 7.96 7.59 7.59 6.28 4.96 4.60 5.99 5.62 5.40 5.33 6.50 7.01 6.13 7.01 7.23 6.72 5.77 6.06 6.06 5.04 5.40 5.84 3.94 4.16 5.69 6.50 5.91 5.91 4.60 5.11 5.62 5.26 4.45 4.23 4.16 4.96 5.04 5.48 6.72 7.52 7.07 8.76 9.03 8.50 8.41 7.16 10.36 10.26 8.15 6.59 6.02
0.00 0.00 0.00 0.00 0.00 0.00 0.00 0.00 0.00 0.00 0.00 0.00 4.02 3.21 0.00 0.00 0.00 0.00 0.00 0.00 0.00 0.00 0.00 0.00 0.00 0.00 2.70 2.41 3.21 4.45 3.80 3.14 6.35 7.15 6.79 6.79 6.13 5.77 6.86 7.23 7.30 7.37 6.94 8.10 8.47 5.91 7.52 6.94 6.50 6.42 5.04 4.74 4.67 4.74 3.94 3.07 4.09 5.77 4.89 5.91 5.91 6.79 5.40 5.18 4.67 4.67 4.82 4.53 4.60 4.09 5.91 5.84 6.18 9.48 10.00 10.06 8.78 8.60 9.39 9.65 9.52 8.23 8.05 7.73
0.00 0.00 0.00 0.00 0.00 0.00 0.00 0.00 0.00 0.00 0.00 0.00 0.00 0.00 0.00 0.00 0.00 0.00 0.00 0.00 0.00 0.00 0.00 0.00 0.00 0.88 3.80 3.87 4.53 5.11 5.40 5.77 5.26 5.18 5.48 5.48 4.60 4.45 3.87 3.58 2.77 2.85 3.94 3.72 3.21 4.60 4.16 5.77 5.69 5.69 4.45 3.87 3.43 3.80 3.36 3.94 6.13 6.64 6.28 7.23 7.23 6.64 5.77 0.00 3.94 4.89 5.62 6.57 7.52 4.31 5.33 5.55 5.09 4.67 3.46 6.43 8.07 7.94 5.47 6.67 8.09 8.87 7.75 7.72
0.00 0.00 0.00 0.00 0.00 0.00 0.00 0.00 0.00 0.00 0.00 0.00 0.00 0.00 0.00 0.00 0.00 0.00 0.00 0.00 0.00 0.00 0.00 0.00 0.00 0.88 3.80 3.87 4.53 5.11 5.40 5.77 5.26 5.18 5.48 5.48 4.60 4.45 3.87 3.58 2.77 2.85 3.94 3.72 3.21 4.60 4.16 5.77 5.69 5.69 4.45 3.87 3.43 3.80 3.36 3.94 6.13 6.64 6.28 7.23 7.23 6.64 5.77 0.00 3.94 4.89 5.62 6.57 7.52 4.31 5.33 5.55 4.96 4.60 3.36 5.97 7.19 7.35 5.84 6.92 8.09 8.68 8.52 8.26
6.72 0.00 0.00 0.00 0.00 0.00 0.00 0.00 0.00 0.00 0.00 0.00 0.00 0.00 0.00 0.00 0.00 0.00 0.00 0.00 0.00 0.00 0.07 1.83 2.56 4.09 3.94 3.65 4.38 5.33 5.99 5.11 4.67 5.33 5.04 5.04 4.60 4.89 3.50 2.12 1.83 1.83 2.12 2.70 2.99 3.80 3.87 4.82 4.60 4.16 3.50 3.94 3.50 4.96 3.72 4.53 6.06 4.74 4.74 5.33 5.33 0.00 0.00 3.43 3.94 5.26 5.99 6.28 5.69 4.16 4.31 4.09 4.31 4.38 4.57 5.03 6.55 5.18 5.44 6.97 7.20 7.41 7.08 6.49
4.60 0.00 0.00 0.00 0.00 0.00 2.63 0.00 0.00 0.00 0.00 0.00 0.00 0.00 0.00 0.00 0.00 0.00 0.00 0.00 0.00 3.72 4.02 4.38 2.77 3.58 3.43 2.85 4.96 5.77 5.77 5.11 4.23 2.99 3.36 3.36 4.23 4.53 4.45 4.53 3.58 3.43 1.75 1.24 1.10 1.17 1.39 1.90 1.75 2.70 2.34 1.61 1.24 3.72 3.94 4.60 1.83 1.97 2.41 3.80 3.80 0.00 0.00 0.00 5.11 5.18 5.33 5.48 4.60 4.67 3.43 2.70 3.21 4.95 5.08 5.36 4.34 4.62 5.39 6.30 8.17 7.72 7.90 6.00
0.00 0.00 0.00 0.00 3.80 1.97 0.00 0.00 0.00 0.00 0.00 0.00 0.00 0.00 0.00 0.00 0.00 0.00 0.66 2.12 3.29 3.50 2.77 2.70 3.58 3.50 2.99 3.87 5.04 4.74 4.67 6.86 4.53 3.87 4.16 4.16 4.96 4.38 3.72 4.38 3.94 3.94 2.04 1.90 2.04 0.73 0.00 0.07 1.61 0.88 0.00 0.29 0.88 1.24 2.92 4.96 1.75 2.99 3.50 0.00 0.00 2.92 0.00 0.00 0.00 4.53 3.14 3.14 3.43 4.09 3.65 3.50 3.85 5.24 3.99 4.42 5.47 5.08 5.49 6.36 6.27 8.63 9.09 5.26
0.00 0.00 0.00 0.00 0.00 3.29 1.97 0.00 0.00 0.00 0.00 0.00 0.00 0.00 0.00 0.00 0.66 1.68 3.14 1.61 1.75 2.26 2.77 2.63 3.72 4.89 3.36 3.50 3.14 2.85 2.19 2.48 3.21 3.80 4.45 4.45 4.16 3.58 3.29 1.83 1.31 2.77 4.02 3.14 2.12 1.17 0.00 1.75 2.34 1.75 1.10 1.02 0.07 0.44 0.00 2.70 3.21 2.26 3.21 4.09 4.09 4.45 4.53 0.00 0.00 2.70 0.58 0.37 2.04 5.18 5.40 5.27 6.14 6.42 8.07 7.50 7.30 5.95 5.97 5.36 6.75 8.11 6.17 5.41
0.00 0.00 0.00 0.00 0.00 3.29 1.97 0.00 0.00 0.00 0.00 0.00 0.00 0.00 0.00 0.00 0.66 1.68 3.14 1.61 1.75 2.26 2.77 2.63 3.72 4.89 3.36 3.50 3.14 2.85 2.19 2.48 3.21 3.80 4.45 4.45 4.16 3.58 3.29 1.83 1.31 2.77 4.02 3.14 2.12 1.17 0.00 1.75 2.34 1.75 1.10 1.02 0.07 0.44 0.00 2.70 3.21 2.26 3.21 4.09 4.09 4.45 4.53 0.00 0.00 2.70 0.58 0.37 2.04 5.18 5.40 6.47 5.76 6.98 7.25 9.28 7.41 6.58 6.09 4.84 6.52 6.97 6.71 6.15
0.00 0.00 0.00 0.00 2.92 0.00 0.00 0.00 1.10 1.10 1.24 1.39 1.46 0.00 2.70 2.04 1.24 0.15 1.02 0.07 0.07 0.22 0.80 1.24 1.61 1.68 2.04 2.63 1.83 1.68 2.77 2.99 4.45 4.82 5.18 5.18 4.23 2.26 2.26 2.63 3.43 5.04 5.33 3.94 2.63 1.10 0.37 0.22 0.00 0.80 0.80 0.88 2.12 2.12 1.68 1.24 3.50 2.26 1.61 2.34 2.34 2.77 4.02 2.70 0.00 0.00 0.00 2.70 3.14 0.00 5.30 4.82 6.59 6.34 5.96 6.52 6.31 4.80 5.21 6.66 6.81 5.80 5.18 6.55
0.00 0.00 0.00 0.00 0.00 0.00 0.00 0.00 1.97 1.97 2.26 2.70 3.14 2.77 2.56 1.90 0.58 0.15 1.02 0.07 0.00 0.29 0.00 0.29 0.00 1.02 1.68 2.19 1.17 1.39 2.26 3.80 4.82 3.43 4.02 4.02 3.72 2.77 3.21 3.50 4.09 5.26 3.21 1.61 2.26 2.63 1.53 1.46 1.24 0.80 0.88 0.00 1.31 0.07 0.00 0.00 1.39 2.12 2.19 0.44 0.44 0.66 1.75 0.00 0.00 0.00 0.00 3.80 0.00 4.26 3.54 3.98 4.49 4.66 5.60 5.77 5.53 6.05 5.03 5.40 5.39 6.32 5.61 6.27
3.50 3.43 0.00 0.00 0.00 0.00 0.00 0.00 0.58 0.58 0.88 0.00 2.48 2.26 0.73 0.00 0.51 0.00 0.29 0.73 0.66 0.51 1.10 1.10 1.97 1.97 1.24 1.24 0.15 0.00 1.46 3.94 4.60 4.45 4.38 4.38 4.53 3.94 4.16 3.21 2.48 0.95 0.00 1.39 1.39 0.51 0.88 1.83 0.44 0.29 0.00 0.00 0.00 0.00 0.00 0.00 0.00 0.00 1.31 2.77 2.77 1.83 1.97 1.83 0.00 0.00 0.00 0.00 5.40 6.20 5.40 4.82 4.96 6.72 6.06 5.82 6.81 8.33 8.90 6.83 3.90 4.12 6.40 7.35
0.00 5.77 3.43 0.00 0.00 0.00 0.00 1.39 1.97 1.97 2.12 0.73 2.99 2.85 2.56 2.26 1.46 0.00 1.17 1.61 2.19 1.24 1.75 2.70 2.56 2.70 2.99 3.29 3.50 4.31 4.89 5.18 4.89 4.45 6.28 6.28 6.50 3.80 2.77 2.12 1.53 0.80 1.10 0.95 0.58 0.29 1.31 1.17 1.53 0.00 0.00 0.00 0.00 0.00 0.00 0.00 4.45 2.99 3.07 4.82 4.82 0.00 0.00 4.23 4.89 0.00 0.00 6.57 6.86 6.50 7.66 8.18 8.25 7.52 7.03 7.55 7.35 6.35 8.42 7.52 6.99 7.04 8.62 6.37
4.67 5.99 7.01 5.77 3.87 0.00 0.00 3.80 1.61 1.61 2.26 3.87 5.26 3.94 3.50 3.80 2.99 2.77 2.63 3.14 3.80 3.21 1.75 2.63 2.56 3.36 4.09 4.45 5.33 6.72 6.35 5.33 4.96 5.26 5.18 5.18 3.58 1.75 1.75 2.04 2.26 1.31 2.99 0.73 0.73 1.39 2.48 3.14 3.29 4.74 0.00 0.00 3.65 3.43 4.96 6.20 6.42 5.33 4.60 4.23 4.23 0.00 0.00 0.00 0.00 0.00 0.00 0.00 0.00 7.96 8.47 8.69 9.34 9.13 8.82 9.34 10.10 6.98 7.41 7.92 5.78 5.92 6.17 6.35
4.67 5.99 7.01 5.77 3.87 0.00 0.00 3.80 1.61 1.61 2.26 3.87 5.26 3.94 3.50 3.80 2.99 2.77 2.63 3.14 3.80 3.21 1.75 2.63 2.56 3.36 4.09 4.45 5.33 6.72 6.35 5.33 4.96 5.26 5.18 5.18 3.58 1.75 1.75 2.04 2.26 1.31 2.99 0.73 0.73 1.39 2.48 3.14 3.29 4.74 0.00 0.00 3.65 3.43 4.96 6.20 6.42 5.33 4.60 4.23 4.23 0.00 0.00 0.00 0.00 0.00 0.00 0.00 0.00 7.96 8.47 8.69 9.34 9.13 8.47 9.39 7.84 6.14 6.21 9.21 7.08 6.05 4.84 5.86
5.40 5.18 3.94 0.00 0.00 0.00 0.00 2.85 3.58 3.58 1.61 2.70 4.96 5.04 3.72 4.82 3.58 4.09 2.99 2.56 2.34 1.83 2.92 3.29 3.58 5.33 6.13 5.99 6.79 6.86 6.06 4.82 4.53 2.99 1.10 1.10 1.02 1.10 2.04 1.53 1.02 0.07 1.02 1.39 2.70 4.67 4.38 3.72 4.96 5.99 7.74 6.79 0.00 6.20 6.42 5.91 0.00 4.53 5.48 0.00 0.00 0.00 0.00 0.00 0.00 0.00 0.00 5.69 0.00 7.08 8.10 8.83 10.66 11.39 11.24 10.93 8.53 9.34 8.38 7.81 6.30 7.39 7.83 0.00
0.00 0.00 0.00 0.00 0.00 0.00 7.37 6.50 3.50 3.50 1.53 2.85 3.80 3.65 2.12 3.07 3.94 4.53 4.31 3.94 3.94 2.41 3.36 4.16 4.38 4.74 6.13 7.30 6.35 5.62 3.50 3.14 2.77 4.96 4.45 4.45 3.94 3.58 3.50 3.65 2.56 1.46 1.53 3.50 4.45 3.43 3.58 5.40 6.42 6.50 6.13 6.94 5.11 6.57 5.91 5.77 0.00 4.16 0.00 0.00 0.00 0.00 0.00 0.00 0.00 0.00 6.79 7.01 6.79 7.37 9.13 9.27 9.78 10.00 10.03 0.00 8.57 6.81 0.00 0.00 9.00 8.60 6.81 0.00
6.94 7.08 6.79 0.00 0.00 0.00 6.42 6.35 5.26 5.26 3.14 3.07 2.92 2.63 2.77 2.48 2.41 3.36 4.09 3.72 1.83 2.04 3.07 4.53 4.74 4.16 6.20 6.35 6.28 4.53 4.09 3.80 3.80 4.82 6.06 6.06 6.13 6.57 6.06 5.77 5.40 3.21 3.29 4.53 4.74 3.72 3.29 4.60 6.86 5.84 6.64 5.62 3.94 5.11 6.50 5.62 0.00 2.41 0.00 0.00 0.00 0.00 0.00 0.00 4.09 0.00 0.00 0.00 8.98 9.34 0.00 9.34 9.34 9.00 0.00 0.00 8.32 5.60 5.12 0.00 0.00 0.00 0.00 0.00
5.84 6.42 4.82 0.00 0.00 4.67 5.48 4.02 3.72 3.72 3.72 3.58 3.07 2.12 1.24 0.66 2.41 2.77 3.50 3.29 4.31 4.23 5.04 4.31 4.45 5.48 7.01 7.37 6.35 4.16 4.31 5.04 5.04 5.55 6.13 6.13 7.23 7.66 8.40 7.15 4.16 5.33 6.94 6.50 3.94 3.14 4.09 5.62 6.50 4.82 5.11 5.18 0.00 4.38 5.48 5.33 2.92 2.41 0.00 0.00 0.00 0.00 0.00 1.39 4.89 0.00 0.00 0.00 0.00 0.00 0.00 8.32 8.81 9.24 7.67 0.00 0.00 6.81 5.14 0.00 0.00 0.00 0.00 0.00
3.07 4.31 2.99 0.00 0.00 3.21 4.89 0.00 4.16 4.16 3.58 4.09 4.09 3.36 2.70 2.99 1.75 1.83 2.41 1.61 1.83 0.58 3.50 5.04 5.04 7.52 6.42 5.18 5.84 6.79 6.64 6.79 5.33 5.91 6.94 6.94 7.15 7.01 7.01 6.28 5.84 6.72 6.79 6.72 5.69 5.99 5.26 6.64 6.64 5.11 4.74 3.58 4.38 4.96 5.40 3.94 0.00 0.00 0.00 0.00 0.00 0.00 0.00 0.00 2.99 0.00 0.00 0.00 0.00 0.00 0.00 0.00 9.53 8.31 7.68 0.00 0.00 6.20 0.00 0.00 0.00 0.00 0.00 0.00
3.07 4.31 2.99 0.00 0.00 3.21 4.89 0.00 4.16 4.16 3.58 4.09 4.09 3.36 2.70 2.99 1.75 1.83 2.41 1.61 1.83 0.58 3.50 5.04 5.04 7.52 6.42 5.18 5.84 6.79 6.64 6.79 5.33 5.91 6.94 6.94 7.15 7.01 7.01 6.28 5.84 6.72 6.79 6.72 5.69 5.99 5.26 6.64 6.64 5.11 4.74 3.58 4.38 4.96 5.40 3.94 0.00 0.00 0.00 0.00 0.00 0.00 0.00 0.00 2.99 0.00 0.00 0.00 0.00 0.00 0.00 0.00 8.62 9.26 8.19 0.00 0.00 6.00 0.00 0.00 0.00 0.00 0.00 0.00
4.82 6.94 5.33 4.09 1.97 0.00 0.00 0.00 0.00 0.00 0.00 0.00 0.00 2.34 0.00 1.31 0.00 0.00 0.00 0.00 0.44 2.34 3.14 4.23 6.20 8.03 7.52 6.64 5.18 6.94 7.45 6.86 7.01 7.37 5.77 5.77 4.60 5.48 5.91 6.86 6.42 6.86 7.88 6.64 6.42 7.23 5.77 5.48 4.16 4.67 0.00 0.00 5.18 5.62 5.18 4.96 4.38 4.45 3.50 0.00 0.00 0.00 0.00 0.00 2.48 6.13 8.25 0.00 0.00 0.00 7.59 8.63 10.05 0.00 7.97 0.00 0.00 0.00 0.00 0.00 0.00 0.00 0.00 0.00
6.64 6.42 0.00 0.00 0.00 0.00 0.00 0.00 0.00 0.00 0.00 0.00 0.00 0.00 0.00 2.12 2.70 0.00 0.00 0.00 0.00 0.00 4.16 4.82 7.74 7.23 6.28 6.13 6.35 6.42 6.35 6.42 5.91 5.04 5.62 5.62 6.42 6.86 5.40 5.55 4.89 6.72 6.94 5.40 7.23 5.48 0.00 6.06 4.16 3.94 0.00 0.00 4.53 4.09 3.58 2.85 4.38 5.62 4.82 0.00 0.00 0.00 0.00 0.00 5.18 7.88 0.00 12.26 12.56 10.37 9.20 8.20 7.66 7.24 0.00 0.00 0.00 0.00 0.00 0.00 0.00 0.00 0.00 0.00
6.42 5.11 0.00 4.09 0.00 0.00 0.00 0.00 0.00 0.00 0.00 0.00 0.00 0.00 0.00 2.77 0.00 0.00 0.00 0.00 0.00 0.00 3.58 6.20 7.30 5.77 4.82 5.55 6.42 5.77 6.79 6.64 6.57 5.77 4.96 4.96 6.28 6.28 6.06 7.23 6.72 7.01 6.28 4.89 4.45 4.53 0.00 0.00 0.00 0.00 1.75 0.00 0.00 0.00 0.00 0.00 0.00 5.18 4.60 0.00 0.00 0.00 1.90 0.00 0.00 0.00 0.00 10.80 11.61 11.02 10.15 8.03 5.49 0.00 0.00 0.00 0.00 0.00 0.00 0.00 0.00 0.00 0.00 0.00
6.28 5.33 4.96 0.00 0.00 0.00 0.00 0.00 0.00 0.00 0.00 0.00 0.00 0.00 0.00 0.00 0.00 0.00 0.00 3.14 0.00 0.00 5.48 5.99 6.35 6.72 6.42 5.48 4.09 3.07 4.89 6.06 3.87 3.21 4.23 4.23 4.38 3.87 4.53 5.48 4.02 2.99 4.67 6.28 5.84 0.00 0.00 0.00 5.11 0.00 0.00 2.92 0.00 0.00 0.00 0.00 0.00 0.00 3.87 0.00 0.00 0.00 0.00 0.00 0.00 0.00 8.47 10.44 12.12 11.68 9.64 7.01 6.61 5.29 6.96 0.00 0.00 0.00 0.00 0.00 0.00 0.00 0.00 0.00
3.80 4.38 5.69 0.00 0.00 0.00 0.00 0.00 0.00 0.00 0.00 0.00 0.00 0.00 0.00 0.00 0.00 0.00 0.00 0.00 0.00 4.16 4.23 5.04 7.15 8.03 5.18 0.00 0.00 0.00 0.00 0.00 0.00 0.00 0.00 0.00 0.00 0.00 0.00 0.00 0.00 0.00 0.00 5.11 0.00 0.00 0.00 4.16 0.00 0.00 0.00 0.00 0.00 0.00 0.00 0.00 0.00 0.00 0.00 0.00 0.00 0.00 0.00 0.00 0.00 0.00 8.25 10.73 12.05 11.68 9.34 0.00 0.00 4.79 4.68 0.00 0.00 0.00 0.00 0.00 0.00 0.00 0.00 0.00
7.30 7.66 6.86 0.00 0.00 0.00 0.00 0.00 0.00 0.00 0.00 0.00 0.00 0.00 0.00 0.00 0.00 0.00 0.00 0.00 0.00 0.00 0.00 0.00 2.92 4.45 3.43 0.00 0.00 0.00 0.00 0.00 0.00 0.00 0.00 0.00 0.00 0.00 0.00 0.00 0.00 0.00 0.00 0.00 0.00 0.00 0.00 0.00 0.00 0.00 0.00 0.00 0.00 0.00 0.00 0.00 0.00 0.00 0.00 0.00 0.00 0.00 0.00 0.00 0.00 0.00 0.00 0.00 10.37 10.29 8.69 0.00 0.00 0.00 0.00 0.00 0.00 0.00 0.00 0.00 0.00 0.00 0.00 0.00
7.30 7.66 6.86 0.00 0.00 0.00 0.00 0.00 0.00 0.00 0.00 0.00 0.00 0.00 0.00 0.00 0.00 0.00 0.00 0.00 0.00 0.00 0.00 0.00 2.92 4.45 3.43 0.00 0.00 0.00 0.00 0.00 0.00 0.00 0.00 0.00 0.00 0.00 0.00 0.00 0.00 0.00 0.00 0.00 0.00 0.00 0.00 0.00 0.00 0.00 0.00 0.00 0.00 0.00 0.00 0.00 0.00 0.00 0.00 0.00 0.00 0.00 0.00 0.00 0.00 0.00 0.00 0.00 10.37 10.29 8.69 0.00 0.00 0.00 0.00 0.00 0.00 0.00 0.00 0.00 0.00 0.00 0.00 0.00
8.10 9.86 9.13 8.69 8.54 0.00 0.00 0.00 0.00 0.00 0.00 0.00 0.00 5.11 0.00 0.00 0.00 0.00 0.00 0.00 0.00 0.00 0.00 0.00 0.00 0.00 0.00 1.10 0.00 0.00 0.00 0.00 0.00 0.00 0.07 0.07 0.00 0.00 0.00 0.00 0.00 0.00 0.00 0.00 0.00 0.00 0.00 0.00 0.00 0.00 0.00 0.00 0.00 0.00 0.00 0.00 0.00 0.00 0.00 0.00 0.00 0.00 0.00 0.00 0.00 4.38 6.57 8.10 8.10 8.40 7.52 0.00 0.00 0.00 0.00 0.00 0.00 0.00 0.00 0.00 0.00 0.00 0.00 0.00
