Wansh/Snow_depth/snowdepth-1983/winter/1983365.txt
ncols 321
nrows 161
xllcenter 60
yllcenter 15 
cellsize  0.25 
NODATA_value -1
[rows 0 to 36 of 161, columns 0 to 83 of 321]
0.00 0.00 0.00 0.00 0.00 0.00 0.00 0.00 0.00 0.00 0.00 0.00 0.00 0.00 0.00 0.00 0.00 0.00 4.53 5.62 7.23 6.86 7.30 6.13 5.77 7.88 7.88 8.76 8.47 8.03 6.64 6.79 7.37 7.37 6.06 6.72 7.66 7.45 8.10 9.56 10.37 10.88 11.10 12.56 12.12 11.75 11.97 11.10 9.34 10.80 11.83 11.83 10.59 11.10 11.68 12.26 12.70 11.90 0.00 0.00 9.86 9.78 0.00 0.00 0.00 0.00 0.00 0.00 0.00 0.00 0.00 0.00 0.00 0.00 0.00 9.71 9.71 10.37 11.32 11.61 11.68 11.97 12.63 12.78
0.00 0.00 0.00 0.00 0.00 0.00 0.00 0.00 0.00 0.00 0.00 0.00 0.00 0.00 0.00 0.00 0.00 5.26 5.26 5.77 8.40 5.55 4.67 5.11 5.04 6.50 6.50 6.20 5.91 6.28 4.60 5.48 5.48 5.11 6.42 6.57 7.59 8.32 7.81 7.52 7.30 8.91 10.51 10.44 10.22 9.56 10.22 10.29 0.00 0.00 0.00 0.00 11.61 0.00 0.00 0.00 0.00 0.00 0.00 0.00 0.00 0.00 0.00 0.00 0.00 0.00 0.00 0.00 0.00 0.00 0.00 0.00 0.00 0.00 0.00 0.00 0.00 7.08 8.03 9.71 10.07 9.05 8.18 8.47
0.00 0.00 0.00 0.00 0.00 0.00 0.00 0.00 0.00 0.00 8.18 7.23 7.74 5.99 5.69 4.67 3.36 2.85 5.84 5.91 4.23 3.80 4.82 4.82 4.45 4.23 4.23 3.80 3.36 3.36 4.45 3.94 4.23 4.23 5.91 8.61 8.47 7.74 5.04 6.79 7.37 8.25 9.49 8.76 8.69 9.93 10.22 10.44 0.00 0.00 0.00 0.00 0.00 0.00 0.00 0.00 0.00 0.00 0.00 0.00 0.00 0.00 0.00 0.00 0.00 0.00 0.00 0.00 0.00 0.00 0.00 0.00 0.00 0.00 0.00 0.00 0.00 0.00 0.00 7.45 7.08 0.00 6.35 7.23
0.00 0.00 0.00 0.00 0.00 0.00 0.00 0.00 0.00 0.00 8.18 7.23 7.74 5.99 5.69 4.67 3.36 2.85 5.84 5.91 4.23 3.80 4.82 4.82 4.45 4.23 4.23 3.80 3.36 3.36 4.45 3.94 4.23 4.23 5.91 8.61 8.47 7.74 5.04 6.79 7.37 8.25 9.49 8.76 8.69 9.93 10.22 10.44 0.00 0.00 0.00 0.00 0.00 0.00 0.00 0.00 0.00 0.00 0.00 0.00 0.00 0.00 0.00 0.00 0.00 0.00 0.00 0.00 0.00 0.00 0.00 0.00 0.00 0.00 0.00 0.00 0.00 0.00 0.00 7.45 7.08 0.00 6.35 7.23
0.00 0.00 0.00 0.00 0.00 0.00 0.00 0.00 0.00 6.57 6.72 7.08 7.52 6.64 5.33 5.33 3.72 0.00 4.23 3.80 1.61 2.48 4.67 2.63 3.72 4.67 4.67 0.00 5.77 4.60 4.23 3.80 0.00 2.12 3.50 5.40 5.40 6.57 7.23 7.88 8.47 9.20 9.34 9.49 10.07 10.51 10.15 9.27 8.76 9.05 8.83 8.83 6.94 0.00 0.00 0.00 0.00 0.00 0.00 0.00 0.00 0.00 0.00 0.00 0.00 0.00 0.00 0.00 0.00 0.00 0.00 0.00 0.00 0.00 0.00 0.00 0.00 0.00 0.00 0.00 6.28 5.40 5.99 6.64
0.00 0.00 0.00 0.00 0.00 0.00 7.81 7.96 8.10 6.64 5.91 5.77 4.53 4.82 5.04 4.16 7.81 5.18 5.04 4.02 4.02 4.96 5.18 4.60 4.09 5.04 5.04 5.99 6.06 5.04 6.72 7.15 7.23 0.00 5.26 3.07 5.33 6.50 6.20 6.57 6.35 7.37 8.91 9.34 7.59 6.57 3.43 0.00 0.00 0.00 4.23 4.23 0.00 0.00 0.00 0.00 0.00 0.00 0.00 0.00 0.00 0.00 0.00 0.00 0.00 0.00 0.00 0.00 0.00 0.00 0.00 0.00 0.00 0.00 0.00 0.00 0.00 0.00 0.00 0.00 6.42 7.01 7.01 6.79
0.00 0.00 0.00 0.00 0.00 6.86 8.83 8.76 7.45 6.42 4.67 5.77 6.13 5.26 4.96 3.72 8.25 6.79 5.62 4.45 3.58 4.53 4.16 5.77 7.01 6.06 6.06 5.26 5.04 4.23 0.00 0.00 0.00 0.00 6.64 6.42 7.74 8.61 7.96 6.86 5.84 6.13 6.94 7.30 6.35 4.09 2.85 0.00 0.00 0.00 0.00 0.00 0.00 0.00 3.43 3.65 0.00 0.00 0.00 0.00 0.00 0.00 0.00 0.00 0.00 0.00 0.00 0.00 0.00 0.00 0.00 0.00 0.00 0.00 0.00 0.00 0.00 0.00 0.00 0.00 0.00 5.69 6.28 7.96
0.00 0.00 0.00 0.00 0.00 6.86 8.83 8.76 7.45 6.42 4.67 5.77 6.13 5.26 4.96 3.72 8.25 6.79 5.62 4.45 3.58 4.53 4.16 5.77 7.01 6.06 6.06 5.26 5.04 4.23 0.00 0.00 0.00 0.00 6.64 6.42 7.74 8.61 7.96 6.86 5.84 6.13 6.94 7.30 6.35 4.09 2.85 0.00 0.00 0.00 0.00 0.00 0.00 0.00 3.43 3.65 0.00 0.00 0.00 0.00 0.00 0.00 0.00 0.00 0.00 0.00 0.00 0.00 0.00 0.00 0.00 0.00 0.00 0.00 0.00 0.00 0.00 0.00 0.00 0.00 0.00 5.69 6.28 7.96
0.00 0.00 0.00 4.09 2.63 3.58 4.53 5.40 5.91 6.86 4.96 4.60 4.23 4.67 4.96 8.40 8.91 8.47 5.91 0.00 6.13 6.72 5.91 7.45 7.96 6.94 6.94 6.20 6.13 6.42 6.79 0.00 0.00 0.00 6.64 8.40 9.05 8.32 7.15 0.00 0.00 0.00 4.02 4.82 5.48 0.00 0.00 0.00 0.00 0.00 0.00 0.00 0.00 0.00 0.00 0.00 0.00 0.00 0.00 0.00 0.00 0.00 0.00 0.00 0.00 0.00 0.00 0.00 0.00 0.00 0.00 0.00 0.00 0.00 0.00 0.00 0.00 0.00 0.00 0.00 0.00 0.00 6.79 8.10
0.00 0.00 0.00 0.00 0.00 0.00 0.00 1.83 2.70 3.72 3.65 3.87 4.31 4.96 4.02 9.86 9.20 8.69 4.02 5.55 9.34 10.00 7.66 6.64 4.31 5.91 5.91 6.57 7.01 8.76 8.32 8.32 8.98 9.27 7.45 7.81 9.64 10.88 10.07 9.71 7.23 0.00 0.00 0.00 0.00 0.00 0.00 0.00 0.00 0.00 0.00 0.00 2.48 3.29 3.36 4.02 4.09 2.92 0.00 0.00 0.00 0.00 0.00 0.00 0.00 0.00 0.00 0.00 0.00 0.00 0.00 0.00 0.00 0.00 4.60 3.80 3.80 0.00 0.00 0.00 0.00 0.00 6.50 7.37
0.00 0.00 0.00 0.00 0.00 0.00 0.00 0.00 1.46 1.61 2.19 0.00 3.58 3.50 7.30 6.79 6.57 7.23 7.45 8.61 10.37 11.83 8.61 8.69 7.45 7.23 7.23 6.64 7.66 10.00 11.90 10.59 11.24 11.10 10.37 9.05 9.20 9.71 10.59 10.73 8.40 5.55 0.00 0.00 0.00 0.00 0.00 0.00 0.00 1.39 2.70 2.70 2.48 1.97 3.14 0.37 0.00 4.16 3.94 0.00 0.00 0.00 0.00 0.00 0.00 0.00 0.00 0.00 0.00 0.00 0.00 0.00 0.00 0.00 0.00 4.96 4.96 0.00 0.00 0.00 0.00 7.23 8.40 7.01
0.00 0.00 0.00 0.00 0.00 0.00 0.00 0.00 1.46 1.61 2.19 0.00 3.58 3.50 7.30 6.79 6.57 7.23 7.45 8.61 10.37 11.83 8.61 8.69 7.45 7.23 7.23 6.64 7.66 10.00 11.90 10.59 11.24 11.10 10.37 9.05 9.20 9.71 10.59 10.73 8.40 5.55 0.00 0.00 0.00 0.00 0.00 0.00 0.00 1.39 2.70 2.70 2.48 1.97 3.14 0.37 0.00 4.16 3.94 0.00 0.00 0.00 0.00 0.00 0.00 0.00 0.00 0.00 0.00 0.00 0.00 0.00 0.00 0.00 0.00 4.96 4.96 0.00 0.00 0.00 0.00 7.23 8.40 7.01
0.00 0.00 0.00 0.00 0.00 0.00 0.00 0.00 4.74 3.80 3.87 3.14 2.99 3.43 6.35 7.66 7.37 6.72 0.00 9.27 10.44 9.27 7.37 0.00 6.50 9.86 9.86 12.85 11.75 11.75 12.19 10.73 8.25 7.15 8.61 9.05 9.20 9.27 7.96 6.86 6.64 0.00 0.00 0.00 0.00 0.00 0.00 0.00 0.00 3.29 3.36 3.36 2.77 0.00 0.00 0.00 0.00 0.00 0.00 0.00 0.00 0.00 0.00 0.00 0.00 0.00 0.00 0.00 0.00 0.00 0.00 0.00 0.00 0.00 0.00 0.00 0.00 0.00 0.00 0.00 10.07 7.81 3.50 2.56
5.48 5.48 6.28 5.40 6.06 5.55 6.42 7.52 7.96 6.86 4.89 3.36 5.04 10.29 12.12 10.29 8.10 8.83 9.49 8.76 9.34 7.52 0.00 8.54 9.56 11.32 11.32 12.41 11.53 10.37 8.18 6.64 4.16 3.07 4.38 0.00 3.58 0.00 0.00 0.00 0.00 0.00 0.00 0.00 0.00 0.00 0.00 0.00 3.14 3.14 0.00 0.00 0.00 0.00 0.00 0.00 0.00 0.00 0.00 0.00 0.00 0.00 0.00 0.00 0.00 0.00 0.00 0.00 0.00 0.00 0.00 0.00 0.00 0.00 0.00 0.00 0.00 0.00 0.00 0.00 5.69 2.41 0.00 0.00
9.34 9.34 8.40 7.96 7.45 7.81 7.74 7.74 6.94 5.77 4.74 4.31 3.80 9.64 10.88 10.66 10.15 10.59 11.24 10.15 10.07 11.10 0.00 11.17 11.53 11.10 11.10 10.29 9.34 5.69 2.99 2.41 0.00 0.00 0.00 0.00 0.00 0.00 0.00 0.00 0.00 0.00 0.00 0.00 0.00 0.00 0.00 0.00 0.00 0.00 0.00 0.00 0.00 0.00 0.00 0.00 0.00 0.00 0.00 0.00 0.00 0.00 0.00 0.00 0.00 0.00 0.00 0.00 0.00 0.00 0.00 0.00 0.00 0.00 0.00 0.00 0.00 0.00 4.09 3.72 0.00 0.00 0.00 0.00
10.80 10.80 11.17 8.98 10.37 9.27 7.59 5.91 5.18 4.23 4.45 4.82 6.50 8.47 10.29 12.12 10.66 11.39 11.32 10.73 10.51 10.73 11.17 10.66 10.95 10.22 10.22 9.42 4.60 0.00 0.00 0.00 0.00 0.00 0.00 0.00 0.00 0.00 0.00 0.00 0.00 0.00 0.00 0.00 0.00 0.00 0.00 0.00 0.00 0.00 0.00 0.00 0.00 0.00 0.00 0.00 0.00 0.00 0.00 0.00 0.00 0.00 4.31 0.00 0.00 0.00 4.60 0.00 0.00 0.00 0.00 0.00 0.00 0.00 0.00 0.00 0.00 0.00 0.00 3.36 0.00 3.50 0.00 0.00
10.80 10.80 11.17 8.98 10.37 9.27 7.59 5.91 5.18 4.23 4.45 4.82 6.50 8.47 10.29 12.12 10.66 11.39 11.32 10.73 10.51 10.73 11.17 10.66 10.95 10.22 10.22 9.42 4.60 0.00 0.00 0.00 0.00 0.00 0.00 0.00 0.00 0.00 0.00 0.00 0.00 0.00 0.00 0.00 0.00 0.00 0.00 0.00 0.00 0.00 0.00 0.00 0.00 0.00 0.00 0.00 0.00 0.00 0.00 0.00 0.00 0.00 4.31 0.00 0.00 0.00 4.60 0.00 0.00 0.00 0.00 0.00 0.00 0.00 0.00 0.00 0.00 0.00 0.00 3.36 0.00 3.50 0.00 0.00
8.47 8.47 6.72 7.30 8.32 6.79 5.26 5.62 5.26 6.35 7.01 7.37 11.39 11.39 11.61 11.61 12.05 11.46 10.66 12.05 11.10 10.29 9.05 8.98 7.30 7.01 7.01 7.30 7.01 5.18 0.00 0.00 0.00 0.00 0.95 0.00 0.00 0.00 1.61 0.00 0.00 0.00 0.00 0.00 0.00 0.00 0.00 0.00 0.00 0.00 0.00 0.00 0.00 0.00 0.00 0.00 0.00 0.00 0.00 0.00 0.00 0.00 0.00 0.00 5.04 0.00 0.00 4.82 0.00 0.00 0.00 0.00 0.00 0.00 0.00 0.00 0.00 0.00 0.00 0.00 0.00 4.31 0.00 0.00
8.69 8.69 8.10 6.28 5.55 5.04 6.06 7.52 7.15 6.86 7.74 12.19 12.63 11.46 11.61 10.80 10.66 11.10 12.12 10.59 8.18 6.06 5.84 7.59 6.94 7.08 7.08 0.00 0.00 4.31 4.38 4.38 4.23 2.92 2.34 2.99 1.17 2.77 4.89 0.00 0.00 0.00 0.00 0.00 0.00 0.00 0.00 0.00 0.00 0.00 0.00 0.00 4.09 2.70 0.00 0.00 0.00 0.00 0.00 0.00 0.00 0.00 0.00 0.00 0.00 0.00 0.00 3.94 0.00 0.00 5.33 0.00 0.00 0.00 0.00 0.00 0.00 0.00 0.00 0.00 0.00 0.00 0.00 0.00
4.23 4.23 5.04 6.50 6.57 5.33 5.33 8.83 9.78 8.76 8.32 11.75 12.19 12.92 10.29 8.03 7.66 10.15 8.83 7.15 5.55 5.11 0.00 0.00 7.23 7.52 7.52 6.94 5.91 5.40 7.23 7.88 6.42 6.35 6.64 4.31 3.21 4.74 6.42 6.20 0.00 0.00 0.00 0.00 0.00 0.00 0.00 6.20 5.26 4.38 0.00 0.00 2.41 4.38 2.70 2.04 6.50 6.06 5.55 3.80 4.09 0.00 6.13 0.00 0.00 0.00 0.00 0.00 0.00 6.13 7.52 6.79 0.00 0.00 0.00 0.00 0.00 0.00 0.00 0.00 6.79 7.01 4.82 3.50
4.45 4.45 4.74 6.72 9.49 10.88 10.80 10.00 9.93 10.22 9.42 10.22 11.02 10.59 12.05 10.37 8.40 7.59 6.28 6.20 8.54 7.96 7.08 7.15 6.28 7.15 7.15 5.69 4.67 3.94 3.87 4.45 4.82 5.55 4.60 3.72 4.74 6.35 6.06 4.82 3.50 0.00 0.00 0.00 0.00 0.00 0.00 0.00 6.57 4.96 3.36 3.36 0.00 2.70 1.68 6.57 6.57 6.50 6.72 7.37 6.86 0.00 5.91 4.53 2.85 3.21 0.00 0.00 5.04 5.91 7.01 0.00 5.91 0.00 0.00 0.00 0.00 0.00 4.60 0.00 6.86 6.20 0.00 0.00
5.26 5.26 5.40 7.52 9.71 11.24 11.83 9.93 8.47 9.42 9.49 9.20 10.15 10.66 8.40 6.13 6.06 5.91 7.37 6.94 7.96 9.34 10.22 7.96 6.13 6.06 6.06 5.77 4.82 3.07 1.39 0.80 1.90 1.83 0.00 2.26 3.14 3.94 4.31 4.45 5.26 6.72 0.00 0.00 0.00 0.00 8.40 6.86 6.57 5.62 5.33 5.33 5.26 4.67 10.07 9.56 7.37 5.40 3.80 5.48 4.45 0.00 4.45 3.07 0.00 5.26 7.74 8.54 7.88 7.74 7.30 6.42 5.91 5.91 5.99 0.00 0.00 4.60 0.00 0.00 4.82 0.00 4.53 4.23
5.26 5.26 5.40 7.52 9.71 11.24 11.83 9.93 8.47 9.42 9.49 9.20 10.15 10.66 8.40 6.13 6.06 5.91 7.37 6.94 7.96 9.34 10.22 7.96 6.13 6.06 6.06 5.77 4.82 3.07 1.39 0.80 1.90 1.83 0.00 2.26 3.14 3.94 4.31 4.45 5.26 6.72 0.00 0.00 0.00 0.00 8.40 6.86 6.57 5.62 5.33 5.33 5.26 4.67 10.07 9.56 7.37 5.40 3.80 5.48 4.45 0.00 4.45 3.07 0.00 5.26 7.74 8.54 7.88 7.74 7.30 6.42 5.91 5.91 5.99 0.00 0.00 4.60 0.00 0.00 4.82 0.00 4.53 4.23
8.91 8.91 8.69 9.56 9.78 7.37 6.28 5.84 5.55 5.33 6.57 6.13 5.04 3.94 0.95 1.61 2.85 5.04 5.26 4.38 4.16 2.41 5.48 5.91 3.43 3.43 3.43 4.45 4.09 3.58 2.04 2.63 3.07 0.00 0.00 0.00 0.00 1.97 1.24 1.39 1.61 0.00 5.26 0.00 0.00 8.69 8.98 8.76 7.08 0.00 5.99 5.99 5.11 7.37 9.05 8.03 6.72 5.33 4.16 4.82 4.60 4.31 6.94 6.94 7.66 9.13 9.78 9.42 7.96 7.37 8.18 7.59 5.91 5.91 5.18 0.00 0.00 5.48 6.42 8.47 8.32 6.64 6.57 5.04
8.32 8.32 8.76 8.18 6.86 5.84 5.11 3.43 2.77 2.63 2.63 3.50 3.21 2.26 0.00 0.00 1.31 3.72 0.00 0.00 0.00 0.00 0.00 0.00 0.00 0.00 0.00 2.99 3.14 4.96 4.74 4.23 0.00 0.00 0.00 0.00 1.53 2.48 2.70 2.70 2.85 3.07 0.00 0.00 0.00 7.30 7.66 7.59 6.79 0.00 4.16 4.16 4.53 6.42 6.79 7.37 8.03 7.81 9.34 9.78 8.47 9.13 11.46 10.44 10.73 12.41 12.99 13.51 13.43 12.85 11.39 10.66 9.05 8.91 6.72 5.48 5.48 6.42 7.37 9.34 9.56 8.83 8.32 7.59
6.28 6.28 6.13 0.00 5.33 0.00 4.60 3.58 0.00 0.00 5.40 0.00 0.00 0.00 0.00 2.77 3.80 2.34 0.00 0.00 0.00 0.00 0.00 0.00 0.00 0.00 0.00 0.00 2.12 2.77 4.31 4.09 3.07 0.66 0.00 0.58 2.34 2.19 1.39 2.41 3.94 0.00 0.00 0.00 0.00 0.00 8.47 8.47 0.00 5.04 0.00 0.00 7.59 6.86 6.28 7.59 9.13 11.17 14.24 14.67 14.24 13.36 14.16 15.11 14.89 15.48 15.62 17.45 17.96 16.28 12.19 10.37 11.02 10.95 9.56 8.32 8.32 7.52 8.47 10.59 12.48 10.07 7.88 8.18
0.00 0.00 0.00 2.85 0.00 1.31 2.85 2.04 0.00 0.00 5.84 0.00 0.00 0.00 0.00 0.00 0.00 0.00 0.00 0.00 0.00 0.00 0.00 0.00 0.00 3.21 3.21 3.50 4.38 4.67 2.99 1.68 2.48 3.14 2.70 3.29 3.50 4.09 5.91 7.23 7.74 9.42 9.49 9.20 7.52 7.81 10.29 10.80 5.91 11.83 7.23 7.23 5.77 8.32 9.27 9.71 10.15 10.59 13.21 14.75 14.60 13.51 14.67 17.59 17.01 15.91 14.82 14.31 14.60 13.51 11.10 9.05 9.64 11.61 12.34 12.34 12.34 10.44 7.66 10.73 10.29 10.29 10.66 10.29
3.72 3.72 2.12 1.68 1.61 0.00 0.00 0.00 7.01 7.23 8.10 8.25 6.79 0.00 0.00 0.00 0.00 0.00 0.00 0.00 0.00 0.00 0.00 0.00 2.77 6.57 6.57 3.50 1.61 2.56 3.07 3.36 3.80 4.53 5.77 5.69 7.15 7.74 8.61 7.88 7.81 7.96 8.25 8.18 6.64 6.72 9.71 9.05 7.88 8.98 8.69 8.69 9.93 13.29 9.93 9.71 10.29 10.80 11.10 12.99 16.94 15.04 13.29 13.51 12.41 10.80 10.37 11.17 12.78 13.07 12.92 12.85 13.51 13.87 15.70 19.05 19.05 15.84 11.83 10.80 10.51 13.14 12.05 11.90
3.72 3.72 2.12 1.68 1.61 0.00 0.00 0.00 7.01 7.23 8.10 8.25 6.79 0.00 0.00 0.00 0.00 0.00 0.00 0.00 0.00 0.00 0.00 0.00 2.77 6.57 6.57 3.50 1.61 2.56 3.07 3.36 3.80 4.53 5.77 5.69 7.15 7.74 8.61 7.88 7.81 7.96 8.25 8.18 6.64 6.72 9.71 9.05 7.88 8.98 8.69 8.69 9.93 13.29 9.93 9.71 10.29 10.80 11.10 12.99 16.94 15.04 13.29 13.51 12.41 10.80 10.37 11.17 12.78 13.07 12.92 12.85 13.51 13.87 15.70 19.05 19.05 15.84 11.83 10.80 10.51 13.14 12.05 11.90
0.00 0.00 3.29 2.56 0.00 0.00 0.00 0.00 10.37 11.83 11.75 12.56 8.91 0.00 0.00 0.00 0.00 0.00 0.00 0.00 0.00 0.00 0.00 0.00 0.00 5.77 5.77 3.80 3.80 3.72 3.14 3.72 4.09 4.16 6.79 8.83 11.10 11.17 8.25 5.33 6.50 7.88 7.81 8.10 6.64 5.40 5.99 5.69 6.28 9.56 7.88 7.88 8.61 11.10 10.66 9.64 7.08 6.94 8.10 9.93 10.59 11.46 10.88 10.22 9.86 9.86 10.95 10.59 11.32 13.14 14.24 14.53 13.43 12.99 11.83 10.73 10.73 9.71 11.46 11.17 10.44 10.80 10.51 11.83
0.00 0.00 3.50 1.97 1.53 0.00 0.00 0.00 11.39 13.29 14.67 0.00 0.00 0.00 0.00 0.00 0.00 0.00 0.00 0.00 0.00 0.00 0.00 0.00 5.69 6.86 6.86 4.45 5.55 5.55 5.48 5.33 4.09 5.40 7.96 10.66 12.99 13.51 10.95 9.71 10.73 9.86 8.47 8.83 9.05 7.88 6.86 7.08 7.74 10.59 8.91 8.91 8.47 9.20 9.86 9.64 8.10 7.08 7.45 7.96 10.51 9.93 9.13 9.42 8.47 9.34 9.71 9.13 8.98 9.64 9.64 10.66 10.88 10.22 8.18 7.01 7.01 5.99 5.26 6.06 7.66 7.59 8.25 9.78
2.04 2.04 0.00 0.00 0.00 0.00 0.00 11.32 10.95 13.65 12.56 12.05 0.00 0.00 0.00 0.00 0.00 0.00 0.00 0.00 0.00 0.00 0.00 0.00 0.00 8.03 8.03 5.77 4.67 4.89 3.65 4.02 3.94 6.28 10.00 13.14 14.67 12.85 11.75 10.44 11.53 11.68 10.00 8.10 7.30 7.88 9.49 8.47 6.86 7.88 9.49 9.49 7.74 7.88 8.47 9.56 11.24 8.61 7.66 8.47 8.98 8.47 7.01 6.64 7.59 8.98 9.64 9.20 7.88 7.37 7.59 8.98 9.05 7.01 6.42 6.64 6.64 6.28 5.99 5.48 7.74 6.86 7.01 7.59
0.00 0.00 0.00 0.00 0.00 0.00 0.00 12.48 11.90 10.95 12.05 11.68 0.00 0.00 0.00 0.00 0.00 0.00 0.00 0.00 0.00 0.00 0.00 0.00 2.63 3.80 3.80 5.40 4.53 3.80 4.74 6.50 8.10 12.63 15.26 15.84 15.91 14.45 13.29 11.39 11.97 11.90 10.51 9.49 9.42 10.66 10.00 9.27 9.20 6.86 8.10 8.10 8.47 7.96 8.69 9.05 7.88 6.20 5.48 5.55 6.13 5.77 6.28 7.52 8.32 8.40 9.13 7.45 6.42 6.72 7.15 7.01 8.25 8.69 7.59 5.99 5.99 5.55 7.01 7.88 8.91 7.01 6.35 5.40
0.00 0.00 0.00 0.00 0.00 0.00 13.07 12.78 11.90 13.14 13.36 10.88 0.00 0.00 0.00 0.00 0.00 0.00 7.01 8.25 0.00 0.00 5.55 5.62 4.53 4.23 4.23 5.77 5.40 5.91 9.93 12.41 15.18 18.61 19.05 18.40 16.64 14.82 15.40 15.33 13.58 11.24 11.46 12.05 12.05 10.00 10.00 6.72 6.57 4.67 6.35 6.35 7.52 5.91 6.57 5.26 3.80 0.00 0.00 0.00 0.00 0.00 3.50 5.18 5.55 3.58 3.65 4.45 5.40 5.62 0.00 0.00 1.97 3.50 2.99 1.61 1.61 0.00 4.09 5.33 4.96 5.91 6.35 8.10
0.00 0.00 0.00 0.00 0.00 0.00 18.40 18.61 15.99 15.91 15.62 12.41 0.00 0.00 0.00 0.00 0.00 0.00 8.91 8.61 8.32 11.39 10.22 8.32 7.88 9.64 9.64 11.10 11.97 14.82 16.94 17.52 17.37 15.26 13.14 12.41 11.61 12.78 16.06 16.28 14.82 13.43 12.05 11.32 13.36 11.90 6.06 5.91 4.74 5.40 4.82 4.82 0.00 3.50 0.00 0.00 0.00 0.00 0.00 0.00 0.00 0.00 0.00 0.00 0.00 0.00 0.00 0.00 0.00 0.00 0.00 0.00 0.00 0.00 0.00 2.12 2.12 3.36 5.18 5.40 4.23 3.72 5.26 4.23
0.00 0.00 0.00 0.00 0.00 0.00 18.40 18.61 15.99 15.91 15.62 12.41 0.00 0.00 0.00 0.00 0.00 0.00 8.91 8.61 8.32 11.39 10.22 8.32 7.88 9.64 9.64 11.10 11.97 14.82 16.94 17.52 17.37 15.26 13.14 12.41 11.61 12.78 16.06 16.28 14.82 13.43 12.05 11.32 13.36 11.90 6.06 5.91 4.74 5.40 4.82 4.82 0.00 3.50 0.00 0.00 0.00 0.00 0.00 0.00 0.00 0.00 0.00 0.00 0.00 0.00 0.00 0.00 0.00 0.00 0.00 0.00 0.00 0.00 0.00 2.12 2.12 3.36 5.18 5.40 4.23 3.72 5.26 4.23
0.00 0.00 0.00 0.00 0.00 0.00 15.70 18.76 18.03 17.45 15.33 13.87 12.34 11.53 10.88 7.96 8.03 8.40 6.06 5.11 7.23 10.73 7.96 6.35 9.27 12.48 12.48 16.43 16.57 14.45 14.09 13.07 11.53 9.27 9.20 8.69 8.25 11.24 14.60 14.60 0.00 8.83 6.35 4.82 7.45 9.56 0.00 6.35 4.89 4.82 5.11 5.11 3.36 0.00 0.00 0.00 0.00 0.00 0.00 0.00 0.00 3.29 2.48 2.48 3.58 4.31 4.02 0.00 0.00 0.00 0.00 2.77 2.48 2.85 4.23 4.53 4.53 4.60 7.37 6.94 8.10 8.32 7.66 3.65
