Wansh/Snow_depth/snowdepth-1983/winter/1983360.txt
ncols 321
nrows 161
xllcenter 60
yllcenter 15 
cellsize  0.25 
NODATA_value -1
[rows 0 to 36 of 161, columns 168 to 251 of 321]
1.83 1.02 0.51 0.44 0.00 0.00 1.17 1.24 4.16 4.16 2.77 6.35 6.06 6.28 5.77 5.04 5.91 7.66 8.40 9.86 9.34 7.37 6.57 5.62 3.94 0.00 0.00 0.00 0.00 0.00 0.00 0.00 2.77 12.63 12.34 12.34 11.39 13.29 16.64 15.55 11.61 11.24 13.65 14.53 14.53 18.32 19.78 19.64 17.08 13.65 13.58 14.02 13.14 11.90 11.61 11.97 13.21 14.38 14.16 14.97 14.97 16.06 15.91 18.91 19.78 18.03 17.59 17.74 16.28 14.97 15.33 17.89 18.91 19.49 20.95 21.83 21.83 23.80 25.92 25.55 24.53 23.80 23.80 25.04
0.00 0.00 1.17 1.39 1.24 1.46 1.75 3.07 4.31 4.31 6.42 6.72 6.50 4.53 4.89 4.31 5.40 7.08 7.88 9.13 8.83 8.03 6.86 4.96 2.56 0.00 0.00 0.00 0.00 0.00 0.00 0.00 8.40 8.32 7.74 7.74 8.61 14.09 19.42 17.96 15.40 14.97 13.87 14.82 17.45 17.59 14.24 12.34 12.41 11.83 12.05 13.80 12.99 12.85 14.31 15.18 16.79 17.16 17.67 17.37 17.37 18.40 20.15 21.24 21.75 19.27 18.10 16.94 16.50 17.89 17.96 18.76 20.15 20.51 20.66 22.12 23.00 24.24 25.33 25.04 22.56 20.81 19.49 19.93
4.96 3.87 2.92 2.19 1.31 0.07 0.51 1.17 5.26 5.26 5.69 5.40 5.18 4.60 3.87 4.74 5.48 5.62 6.13 7.37 7.88 7.30 4.96 1.68 0.00 0.00 0.00 0.00 0.00 0.00 0.00 1.97 5.04 6.57 6.06 6.06 8.69 13.72 15.11 15.48 15.99 14.31 13.58 14.60 13.80 9.49 8.18 9.71 10.80 12.12 12.19 12.92 13.36 14.82 15.18 14.53 13.94 15.33 15.33 15.77 15.77 17.96 21.39 21.61 19.05 18.47 18.32 18.54 19.13 19.71 19.27 18.98 19.27 21.17 20.73 20.95 21.61 22.63 21.97 19.93 20.29 18.69 17.74 17.81
4.96 3.87 2.92 2.19 1.31 0.07 0.51 1.17 5.26 5.26 5.69 5.40 5.18 4.60 3.87 4.74 5.48 5.62 6.13 7.37 7.88 7.30 4.96 1.68 0.00 0.00 0.00 0.00 0.00 0.00 0.00 1.97 5.04 6.57 6.06 6.06 8.69 13.72 15.11 15.48 15.99 14.31 13.58 14.60 13.80 9.49 8.18 9.71 10.80 12.12 12.19 12.92 13.36 14.82 15.18 14.53 13.94 15.33 15.33 15.77 15.77 17.96 21.39 21.61 19.05 18.47 18.32 18.54 19.13 19.71 19.27 18.98 19.27 21.17 20.73 20.95 21.61 22.63 21.97 19.93 20.29 18.69 17.74 17.81
0.00 5.99 5.62 4.82 0.00 0.07 0.58 3.72 5.04 5.04 5.55 4.89 5.40 6.86 8.40 6.50 5.62 4.96 5.04 5.91 4.96 3.50 0.00 0.00 0.00 0.00 0.00 0.00 0.00 0.00 0.00 2.48 2.19 5.40 8.47 8.47 10.95 10.95 9.05 6.64 6.28 6.28 7.81 9.64 10.66 10.66 9.34 9.86 10.59 12.19 12.48 12.41 13.36 13.43 13.80 14.09 14.45 15.33 14.89 14.97 14.97 15.99 18.25 17.45 17.74 15.70 15.40 14.02 14.60 15.99 14.97 15.33 17.74 17.59 18.32 17.96 18.25 18.54 19.05 19.93 19.71 18.61 17.45 17.30
0.00 0.00 8.32 7.45 0.00 0.00 4.74 4.96 6.28 6.28 6.50 6.72 6.72 6.13 5.62 5.91 5.69 5.91 4.60 2.34 0.00 0.00 0.00 0.00 0.00 0.00 0.00 0.00 0.00 0.00 1.83 3.21 6.20 8.54 10.22 10.22 9.05 4.89 3.58 3.43 4.60 7.08 7.15 8.18 11.10 10.88 9.71 10.44 11.46 12.99 14.31 13.80 11.46 9.71 8.83 9.78 14.45 14.38 14.09 16.13 16.13 16.35 17.16 16.06 15.11 13.21 12.05 13.21 11.97 12.99 12.48 11.24 12.19 14.45 16.13 15.84 15.84 15.91 17.08 17.23 17.23 16.64 15.84 15.40
0.00 0.00 0.00 8.47 8.76 6.50 7.52 6.50 4.89 4.89 6.20 6.79 7.88 8.47 7.37 7.15 5.55 1.97 0.00 0.00 0.00 0.00 0.00 0.00 0.00 0.00 0.00 0.00 0.00 6.35 5.48 7.37 9.71 12.70 11.61 11.61 7.81 5.77 6.42 5.48 6.64 6.94 6.86 8.40 9.13 10.15 10.37 11.53 11.68 12.12 12.41 12.63 11.68 11.39 11.97 13.43 12.63 13.07 13.58 10.22 10.22 11.75 12.99 12.99 13.43 10.51 10.95 10.66 9.86 11.10 11.53 11.02 12.19 12.63 13.21 12.56 12.63 12.85 12.63 13.84 15.01 14.93 13.09 13.46
0.00 0.00 0.00 8.47 8.76 6.50 7.52 6.50 4.89 4.89 6.20 6.79 7.88 8.47 7.37 7.15 5.55 1.97 0.00 0.00 0.00 0.00 0.00 0.00 0.00 0.00 0.00 0.00 0.00 6.35 5.48 7.37 9.71 12.70 11.61 11.61 7.81 5.77 6.42 5.48 6.64 6.94 6.86 8.40 9.13 10.15 10.37 11.53 11.68 12.12 12.41 12.63 11.68 11.39 11.97 13.43 12.63 13.07 13.58 10.22 10.22 11.75 12.99 12.99 13.43 10.51 10.95 10.66 9.86 11.10 11.53 11.02 12.19 12.63 13.21 14.52 17.42 18.49 17.30 23.52 24.78 19.87 16.85 13.96
0.00 0.00 12.19 0.00 10.07 9.13 8.54 8.10 7.45 7.45 7.15 7.08 7.88 7.96 5.40 2.04 0.00 0.00 0.00 0.00 0.00 0.00 0.00 0.00 0.00 0.00 0.00 0.00 3.21 4.89 7.96 9.78 11.02 13.58 12.63 12.63 9.78 8.10 7.96 8.32 9.56 8.91 12.85 11.68 10.37 10.73 11.32 13.07 12.78 11.75 10.66 10.00 9.42 9.42 10.73 10.73 11.17 11.61 12.70 12.63 12.63 12.26 12.26 11.17 12.41 11.24 10.95 10.73 11.32 12.48 11.83 11.75 11.90 11.89 14.51 18.39 19.39 17.48 14.69 18.72 19.89 16.84 13.35 14.42
6.57 8.40 8.03 0.00 9.78 9.86 8.76 9.56 9.34 9.34 8.98 7.37 5.26 2.63 0.00 0.00 0.00 0.00 0.00 0.00 0.00 0.00 0.00 0.00 0.00 0.00 0.88 6.50 7.74 7.52 8.69 10.44 11.83 11.46 12.26 12.26 10.44 10.00 10.15 10.66 11.97 13.29 13.07 13.07 12.12 11.10 11.83 12.41 11.53 8.83 8.54 9.34 9.64 9.49 9.34 8.61 8.91 10.15 11.02 11.53 11.53 11.75 13.80 13.72 12.85 12.48 10.80 10.80 11.90 12.05 11.75 11.97 12.35 15.35 16.44 15.57 13.86 16.98 21.20 19.19 16.93 17.44 20.08 18.57
4.23 3.43 4.74 8.47 9.20 10.15 9.42 8.25 7.23 7.23 4.16 2.77 0.00 0.00 0.00 0.00 0.00 0.00 0.00 0.00 0.00 0.00 0.00 0.00 3.43 5.48 6.28 7.08 6.64 7.59 8.61 8.40 9.42 9.42 10.59 10.59 9.27 8.03 8.54 8.61 10.00 9.56 9.42 9.49 8.54 8.69 8.91 10.15 9.49 8.83 8.40 7.37 7.30 7.37 7.88 8.47 8.76 8.98 9.78 11.10 11.10 12.78 13.65 12.34 11.97 11.39 10.29 10.37 11.17 10.59 8.91 9.34 9.51 9.19 9.71 12.86 16.62 17.17 15.31 16.29 17.12 16.55 15.91 16.19
4.23 3.43 4.74 8.47 9.20 10.15 9.42 8.25 7.23 7.23 4.16 2.77 0.00 0.00 0.00 0.00 0.00 0.00 0.00 0.00 0.00 0.00 0.00 0.00 3.43 5.48 6.28 7.08 6.64 7.59 8.61 8.40 9.42 9.42 10.59 10.59 9.27 8.03 8.54 8.61 10.00 9.56 9.42 9.49 8.54 8.69 8.91 10.15 9.49 8.83 8.40 7.37 7.30 7.37 7.88 8.47 8.76 8.98 9.78 11.10 11.10 12.78 13.65 12.34 11.97 11.39 10.29 10.37 11.17 10.59 8.91 9.34 9.27 9.05 9.42 11.95 14.81 15.90 16.33 16.91 17.12 16.19 17.48 17.32
10.15 5.48 6.79 5.18 4.45 5.40 5.69 2.04 0.00 0.00 0.00 0.00 0.00 0.00 0.00 0.00 0.00 0.00 0.00 0.00 0.00 2.04 4.82 5.04 6.79 6.79 6.86 7.96 8.54 7.96 7.52 7.59 8.25 9.56 9.20 9.20 10.07 8.40 6.50 8.54 6.20 5.48 5.18 3.94 5.04 5.55 6.64 7.96 8.91 8.54 7.52 7.01 7.01 6.20 6.64 7.45 7.01 6.42 8.25 9.34 9.34 10.07 10.07 9.27 10.37 11.46 10.37 10.88 11.61 10.66 10.22 8.47 7.96 8.47 9.06 11.70 13.91 14.18 15.77 17.54 15.82 16.53 15.95 15.30
11.75 7.45 8.18 6.42 2.56 2.63 5.99 0.00 0.00 0.00 0.00 0.00 0.00 0.00 0.00 0.00 0.00 0.00 0.22 4.09 5.11 6.79 6.28 6.50 5.91 6.64 7.52 8.32 9.27 8.25 6.28 5.62 7.08 9.27 8.18 8.18 8.61 7.66 7.74 7.15 5.77 4.02 2.70 3.07 4.31 4.60 4.89 4.60 4.31 4.82 4.45 4.82 5.18 5.84 5.18 5.99 6.28 7.81 8.25 11.02 11.02 9.86 9.86 10.29 11.97 12.26 11.97 10.80 11.17 11.10 10.59 9.27 9.13 9.98 11.85 13.00 11.44 12.45 14.94 11.41 14.50 14.41 15.00 14.01
10.00 9.49 9.20 10.07 8.54 5.62 2.34 0.00 0.00 0.00 0.00 0.00 0.00 0.00 0.00 0.00 0.00 1.53 10.51 6.28 6.42 4.82 3.72 5.18 7.52 7.01 6.79 7.30 7.59 6.06 6.06 5.91 6.64 7.15 7.74 7.74 7.30 6.42 7.37 6.64 5.33 3.29 2.19 3.43 4.16 3.50 3.87 3.29 3.72 3.58 2.92 2.41 2.19 2.92 3.72 5.18 6.86 8.54 10.07 12.26 12.26 12.70 11.24 9.64 10.22 10.29 9.13 7.88 8.76 10.37 10.59 8.69 9.42 11.88 10.29 11.72 13.85 14.49 12.93 12.73 14.21 12.70 13.17 11.32
8.54 9.78 10.15 10.07 9.42 8.10 5.11 1.02 0.00 0.00 0.00 0.00 0.00 0.00 0.51 3.87 2.85 5.26 5.62 5.33 5.18 6.35 5.40 4.53 4.96 5.91 6.28 5.33 4.74 4.23 4.96 5.91 5.91 6.13 8.25 8.25 8.47 6.86 6.79 5.55 4.74 4.53 4.38 5.18 4.82 3.94 4.23 4.02 3.58 2.85 2.41 2.56 2.99 2.99 4.60 6.13 8.25 9.42 8.03 10.66 10.66 10.73 10.07 9.78 7.81 7.66 5.99 5.91 6.50 7.66 9.13 9.33 8.99 10.61 13.27 13.20 15.23 12.37 12.89 13.71 13.49 13.41 11.66 11.22
8.54 9.78 10.15 10.07 9.42 8.10 5.11 1.02 0.00 0.00 0.00 0.00 0.00 0.00 0.51 3.87 2.85 5.26 5.62 5.33 5.18 6.35 5.40 4.53 4.96 5.91 6.28 5.33 4.74 4.23 4.96 5.91 5.91 6.13 8.25 8.25 8.47 6.86 6.79 5.55 4.74 4.53 4.38 5.18 4.82 3.94 4.23 4.02 3.58 2.85 2.41 2.56 2.99 2.99 4.60 6.13 8.25 9.42 8.03 10.66 10.66 10.73 10.07 9.78 7.81 7.66 5.99 5.91 6.50 7.66 9.13 11.46 8.43 11.53 11.92 16.33 15.46 13.67 13.15 12.36 13.04 11.53 12.68 12.73
8.32 10.80 10.51 9.05 7.81 7.52 6.86 7.74 8.10 8.10 6.20 4.16 4.02 4.02 3.87 4.60 4.02 3.07 3.29 2.70 3.14 3.58 3.80 4.23 3.65 3.94 4.82 4.23 5.33 5.91 4.23 5.18 5.84 6.64 7.45 7.45 7.88 6.13 5.40 5.11 7.59 8.61 8.76 7.59 4.60 3.14 2.56 2.34 2.04 2.34 2.12 0.00 2.92 3.07 3.36 4.89 6.79 7.59 6.13 6.50 6.50 7.01 5.40 5.77 5.48 5.99 4.82 3.94 4.60 6.20 7.64 7.60 8.19 8.45 9.97 12.79 14.13 10.78 9.21 12.13 10.65 9.80 10.79 10.58
8.18 8.91 9.20 8.69 7.30 6.57 5.69 3.94 3.65 3.65 3.07 3.65 4.16 4.67 4.82 4.45 3.65 2.48 2.92 3.14 3.94 4.31 3.80 3.43 3.80 3.94 4.45 5.11 5.77 6.57 6.28 6.72 7.01 5.62 7.15 7.15 7.59 7.96 7.59 6.06 6.13 8.10 4.60 4.02 3.07 2.26 2.48 2.19 1.90 1.17 0.00 0.00 2.19 0.00 0.00 2.63 4.31 5.84 5.11 4.53 4.53 3.58 5.04 4.45 4.31 3.65 4.09 5.62 5.84 7.04 7.45 7.67 9.13 9.55 10.84 11.16 11.97 13.16 13.32 13.01 11.35 10.67 11.99 14.91
7.74 9.05 8.76 7.74 7.59 7.23 6.28 5.11 3.65 3.65 2.34 3.21 4.74 6.06 5.33 3.94 2.48 4.67 4.23 3.36 4.09 5.11 4.53 3.80 3.36 3.65 3.80 4.23 4.96 6.13 7.88 7.59 6.42 4.67 7.88 7.88 7.66 7.37 8.61 7.37 5.84 4.82 3.07 1.83 2.48 1.97 2.41 2.41 1.83 1.46 0.95 0.00 0.00 0.00 0.00 2.04 2.56 5.62 5.84 4.82 4.82 4.89 5.69 5.77 5.91 5.11 7.59 8.10 8.10 8.83 9.34 10.37 10.95 11.90 11.46 12.61 13.45 17.30 20.30 14.07 13.60 10.09 10.09 13.86
8.40 8.54 7.37 6.79 6.64 7.37 6.86 6.13 5.40 5.40 6.13 6.86 8.47 9.20 6.94 3.94 3.07 4.45 4.02 3.72 5.99 6.20 4.53 4.23 4.23 4.38 4.53 4.96 6.28 7.74 8.91 9.56 9.64 8.18 9.05 9.05 10.00 8.76 6.72 6.06 4.96 3.72 3.94 4.16 3.72 2.92 1.10 1.83 2.12 2.70 3.65 3.58 3.07 3.65 4.89 6.20 6.57 7.88 7.01 5.33 5.33 8.25 8.61 6.79 6.13 7.45 8.03 12.12 14.53 14.67 13.87 14.09 14.89 16.50 15.15 15.36 17.82 16.31 19.20 17.25 17.54 12.71 13.57 12.35
7.15 9.71 10.00 8.25 6.50 5.77 5.69 6.28 6.20 6.20 6.28 6.57 8.25 7.37 6.35 5.04 4.23 4.31 4.31 4.45 4.53 4.16 4.53 4.74 4.60 6.79 6.86 6.86 7.74 11.61 9.71 9.20 10.37 11.75 12.85 12.85 8.03 5.33 4.31 3.72 3.14 0.00 1.75 2.92 2.19 2.48 3.72 4.67 5.40 6.06 6.28 5.91 4.60 6.06 7.30 9.42 13.36 12.12 11.24 8.69 8.69 10.07 6.90 4.74 4.45 7.01 9.86 16.50 17.67 15.99 16.57 15.99 17.67 17.67 17.19 17.58 19.60 15.96 17.43 17.27 13.13 12.46 15.43 15.49
7.15 9.71 10.00 8.25 6.50 5.77 5.69 6.28 6.20 6.20 6.28 6.57 8.25 7.37 6.35 5.04 4.23 4.31 4.31 4.45 4.53 4.16 4.53 4.74 4.60 6.79 6.86 6.86 7.74 11.61 9.71 9.20 10.37 11.75 12.85 12.85 8.03 5.33 4.31 3.72 3.14 0.00 1.75 2.92 2.19 2.48 3.72 4.67 5.40 6.06 6.28 5.91 4.60 6.06 7.30 9.42 13.36 12.12 11.24 8.69 8.69 10.07 6.90 4.74 4.45 7.01 9.86 16.50 17.67 15.99 16.57 15.99 17.67 17.67 16.50 17.68 15.22 14.04 14.60 20.10 16.06 12.72 12.09 14.29
7.96 8.61 8.76 7.37 6.06 6.28 6.28 5.40 4.82 4.82 5.04 6.20 7.45 7.15 5.48 3.80 4.02 4.23 4.23 4.38 4.89 5.69 7.59 7.52 7.52 7.23 8.83 8.98 9.05 10.66 11.02 9.13 9.27 8.18 7.74 7.74 4.82 3.36 2.99 3.14 5.11 4.31 2.19 2.48 3.72 5.26 6.42 7.37 9.27 10.07 9.20 10.44 11.24 10.73 11.61 13.72 13.36 11.39 10.66 9.20 9.20 4.53 0.00 2.70 5.99 8.61 8.76 9.78 14.09 14.16 14.16 16.35 18.32 20.66 20.44 19.88 19.06 23.19 21.05 19.92 18.03 14.42 15.86 17.50
8.69 7.45 7.96 6.94 8.25 9.56 9.34 8.10 5.91 5.91 5.18 5.91 4.67 4.38 3.58 3.43 3.87 5.62 4.96 5.04 6.28 7.01 7.37 6.35 6.28 7.23 9.86 9.34 9.20 9.49 9.20 5.91 6.20 7.88 6.50 6.50 7.15 4.45 5.62 7.52 6.79 3.87 2.77 5.04 6.94 6.72 7.30 8.54 10.51 11.46 10.22 11.02 11.32 12.85 12.70 15.62 13.58 9.64 7.81 3.87 3.87 0.00 0.00 4.16 8.25 10.95 13.72 14.45 14.60 14.53 15.91 19.20 21.10 21.75 23.29 25.06 23.49 22.48 23.55 19.22 21.90 16.75 21.08 23.83
9.56 9.64 9.27 5.69 6.13 7.96 7.59 6.57 6.64 6.64 5.33 4.38 6.20 4.89 4.45 5.11 4.31 4.89 4.82 5.62 6.94 7.37 7.66 7.88 6.94 9.64 11.53 10.73 10.29 9.34 7.52 6.79 5.69 8.69 8.25 8.25 7.88 7.37 7.96 9.86 8.03 5.48 5.69 6.86 7.08 6.13 5.40 5.99 8.54 8.54 9.64 9.20 9.20 10.15 10.59 11.90 10.66 7.45 4.16 0.00 0.00 0.00 3.14 7.45 12.34 14.45 16.57 18.40 17.16 17.01 16.94 18.98 22.90 23.08 20.53 22.11 22.73 18.84 19.14 20.78 19.85 20.50 20.65 22.78
8.47 7.30 5.04 4.60 5.11 4.74 6.64 6.20 7.15 7.15 6.28 4.74 4.45 2.63 1.53 3.14 4.38 4.45 4.38 4.67 6.57 8.10 8.03 8.40 8.91 9.93 11.32 10.29 9.78 8.98 6.86 8.10 7.59 7.45 8.10 8.10 8.76 8.61 9.34 9.13 7.74 8.32 9.56 8.18 7.15 6.79 8.03 8.69 8.10 7.59 8.03 8.40 7.96 9.13 8.83 9.56 6.79 5.33 3.07 3.21 3.21 2.92 3.94 7.66 10.15 12.41 13.80 13.43 14.82 18.25 19.49 19.78 21.15 21.45 22.35 21.39 20.78 21.78 18.22 20.69 21.27 20.46 24.48 23.85
4.60 6.13 5.33 4.60 4.09 4.02 4.38 5.26 5.55 5.55 4.60 3.43 3.58 0.00 3.21 4.38 5.26 4.89 4.96 4.45 4.96 6.13 8.10 8.47 8.25 10.59 10.66 10.73 10.29 8.83 9.49 9.71 9.34 7.52 8.10 8.10 9.64 9.86 10.15 9.42 9.05 9.64 10.00 9.27 9.56 9.86 10.80 10.00 7.96 6.72 7.96 8.61 8.61 8.61 9.13 9.13 7.52 6.13 4.74 2.99 2.99 3.21 3.65 5.77 9.13 11.97 13.58 14.67 16.86 18.61 18.94 18.52 22.16 20.44 19.94 20.02 18.98 19.10 18.72 21.21 20.86 19.37 21.47 18.25
4.60 6.13 5.33 4.60 4.09 4.02 4.38 5.26 5.55 5.55 4.60 3.43 3.58 0.00 3.21 4.38 5.26 4.89 4.96 4.45 4.96 6.13 8.10 8.47 8.25 10.59 10.66 10.73 10.29 8.83 9.49 9.71 9.34 7.52 8.10 8.10 9.64 9.86 10.15 9.42 9.05 9.64 10.00 9.27 9.56 9.86 10.80 10.00 7.96 6.72 7.96 8.61 8.61 8.61 9.13 9.13 7.52 6.13 4.74 2.99 2.99 3.21 3.65 5.77 9.13 11.97 13.58 14.67 16.86 18.61 19.04 18.33 20.04 22.78 21.28 23.36 22.03 18.49 19.55 20.61 22.06 22.98 19.60 15.50
6.72 8.03 6.50 2.56 0.00 2.19 2.85 4.38 5.33 5.33 4.74 2.99 2.12 0.00 2.41 3.14 1.75 2.70 4.82 3.80 3.29 4.45 6.13 7.59 10.73 11.90 10.59 10.66 12.70 12.19 11.02 11.02 10.37 10.22 8.69 8.69 8.25 8.47 8.61 9.78 9.20 11.83 14.02 12.85 10.88 10.44 10.00 8.76 7.52 6.35 7.96 6.94 7.15 6.72 8.18 8.83 8.76 8.98 7.37 4.96 4.99 3.15 1.98 5.18 11.24 15.33 18.61 19.05 19.52 21.09 20.65 19.02 21.16 22.39 21.68 17.62 17.39 19.15 17.28 19.63 20.22 22.88 18.71 13.21
8.03 5.40 3.94 2.77 2.41 3.29 4.38 5.11 7.01 7.01 6.86 5.77 3.94 0.00 2.34 2.85 4.16 4.09 0.00 4.38 5.77 5.77 6.64 6.57 10.80 10.37 10.88 10.44 9.86 11.68 11.24 11.10 8.91 9.78 9.78 9.78 8.69 8.83 9.71 10.51 10.44 11.10 11.83 10.95 9.49 10.80 9.20 8.25 5.77 5.04 6.13 7.45 8.40 6.35 6.35 7.23 7.88 9.20 8.83 7.01 7.01 5.69 5.33 8.03 13.72 16.86 18.83 23.00 23.58 22.41 20.22 18.51 19.53 21.18 15.85 14.37 17.14 16.31 18.46 22.82 21.71 20.30 16.43 11.36
10.22 8.32 6.06 5.62 6.35 5.18 3.65 4.82 7.01 7.01 7.01 5.11 0.00 0.00 0.00 0.00 0.00 2.70 3.65 5.11 5.69 4.31 5.91 10.44 11.17 7.96 6.13 7.66 9.05 11.02 10.07 8.91 8.76 8.83 8.40 8.40 9.56 9.05 9.34 11.24 11.39 13.51 11.83 8.54 6.64 6.64 5.99 4.60 4.02 3.80 3.29 6.42 6.72 6.79 6.28 2.70 5.69 5.91 6.72 6.35 6.35 6.42 7.01 8.40 12.85 15.99 18.32 22.56 23.58 21.97 18.69 17.20 18.41 17.77 12.63 12.25 15.27 18.05 20.36 24.40 21.94 19.23 14.52 12.57
9.49 9.64 8.69 7.37 6.72 6.64 6.72 5.77 5.26 5.26 5.48 0.00 0.00 0.00 0.00 0.00 0.00 0.00 2.63 4.38 4.96 6.42 8.03 9.93 12.70 11.68 7.15 7.81 4.23 3.21 4.31 5.69 5.55 7.01 6.94 6.94 8.32 8.10 7.96 7.08 7.37 8.32 9.34 8.61 6.64 4.96 5.04 4.60 4.23 4.45 5.84 5.55 4.89 0.00 0.73 0.00 0.00 3.14 4.60 3.43 3.43 4.23 7.15 9.78 13.94 16.35 18.10 21.90 23.87 21.02 18.91 17.25 16.25 13.86 12.92 12.12 13.21 17.16 16.49 15.63 16.76 18.99 12.13 10.52
9.13 9.49 7.45 5.84 4.96 4.23 4.23 3.80 0.00 0.00 0.00 0.00 0.00 0.00 1.10 1.61 2.26 0.00 2.48 3.14 4.89 7.08 7.08 7.88 11.10 12.63 7.81 0.00 0.00 0.00 0.00 0.00 0.00 0.00 0.00 0.00 5.33 5.11 5.11 2.56 0.00 3.65 4.89 5.62 5.62 4.89 5.69 5.99 5.18 3.36 3.50 3.94 0.00 0.00 0.00 0.00 2.92 4.02 7.52 6.28 6.28 5.84 6.42 9.71 11.53 12.34 15.70 19.71 21.24 20.44 19.64 17.16 13.30 7.65 6.82 6.17 8.71 8.01 9.11 9.49 11.36 12.17 10.44 9.88
7.81 8.83 7.88 5.77 4.96 3.65 4.45 0.00 0.00 0.00 2.63 0.00 3.36 3.43 0.00 0.00 0.00 0.00 0.00 0.00 2.04 3.36 4.96 2.85 3.29 10.22 4.60 0.00 0.00 0.00 0.00 0.00 2.12 2.92 0.00 0.00 0.00 0.00 0.00 0.00 0.00 0.00 0.00 2.19 2.70 3.94 2.85 2.85 3.21 0.00 0.00 0.00 0.00 0.00 0.00 3.94 3.43 5.48 7.37 7.66 7.66 5.77 4.09 4.74 6.94 10.37 14.24 16.94 18.54 18.03 15.33 12.25 9.83 7.67 6.12 5.62 6.50 5.44 4.61 5.23 9.00 9.34 10.38 9.68
7.81 8.83 7.88 5.77 4.96 3.65 4.45 0.00 0.00 0.00 2.63 0.00 3.36 3.43 0.00 0.00 0.00 0.00 0.00 0.00 2.04 3.36 4.96 2.85 3.29 10.22 4.60 0.00 0.00 0.00 0.00 0.00 2.12 2.92 0.00 0.00 0.00 0.00 0.00 0.00 0.00 0.00 0.00 2.19 2.70 3.94 2.85 2.85 3.21 0.00 0.00 0.00 0.00 0.00 0.00 3.94 3.43 5.48 7.37 7.66 7.66 5.77 4.09 4.74 6.94 10.37 14.24 16.94 18.54 18.03 15.33 12.19 9.68 7.56 6.12 5.87 5.79 5.23 4.50 5.50 8.82 9.84 10.38 9.49
6.50 9.34 10.15 8.54 7.52 5.91 0.00 0.00 2.70 2.70 0.00 3.21 4.09 5.11 0.00 0.00 0.00 0.00 0.00 0.00 0.00 0.00 0.15 0.00 1.61 1.90 1.53 0.00 0.00 0.00 0.00 0.00 0.00 0.00 2.63 2.63 2.12 0.00 0.00 0.00 0.00 0.00 0.00 0.00 2.92 2.85 2.12 0.00 0.00 0.00 0.00 1.17 1.10 0.00 4.38 5.33 0.00 1.68 6.20 5.84 5.84 5.55 5.18 5.18 7.37 9.56 11.53 13.58 13.87 11.97 10.51 4.67 4.60 4.94 3.52 2.66 2.90 2.77 1.94 0.00 6.60 10.63 12.01 9.88
