Wansh/Snow_depth/snowdepth-1983/winter/1983343.txt
ncols 321
nrows 161
xllcenter 60
yllcenter 15 
cellsize  0.25 
NODATA_value -1
[rows 74 to 110 of 161, columns 84 to 167 of 321]
0.00 0.00 0.00 0.00 0.00 0.73 0.00 0.66 0.00 0.73 0.37 2.92 6.64 6.28 8.32 7.74 6.57 6.35 6.35 5.48 0.00 4.67 4.74 6.50 8.18 8.83 5.40 4.82 5.18 5.26 4.67 4.53 4.60 6.57 5.62 5.04 3.50 5.33 5.40 7.66 5.55 0.00 1.53 1.53 0.00 3.43 0.00 0.00 0.00 0.00 0.00 0.00 0.00 0.00 0.00 0.00 0.00 0.00 0.95 0.00 0.00 0.00 0.00 0.00 0.15 0.00 0.00 0.00 0.00 0.00 1.69 2.56 3.14 0.00 0.00 0.00 0.00 0.00 0.00 0.00 0.15 0.00 0.00 0.00
0.00 0.00 0.00 0.00 6.42 5.99 4.45 6.42 8.69 8.54 7.08 8.54 8.91 5.69 6.72 6.64 5.48 5.40 5.40 5.55 5.40 4.89 5.11 7.45 10.07 11.46 8.18 4.38 7.66 10.37 9.49 6.64 4.96 6.79 7.01 7.52 8.10 7.81 6.79 8.76 7.52 3.43 5.26 5.26 5.26 3.50 3.80 5.04 5.69 3.07 3.29 3.14 0.00 0.00 0.00 0.00 0.00 0.00 0.00 0.00 0.00 0.00 0.00 0.00 0.00 0.00 0.00 0.00 0.00 0.22 1.75 4.09 2.48 0.00 0.00 0.00 0.00 0.00 0.00 0.00 0.00 1.53 1.61 1.26
4.67 6.28 3.65 1.83 6.57 6.86 6.94 7.30 8.25 8.69 9.56 11.61 10.15 7.81 8.54 8.69 7.15 6.50 6.50 6.64 6.94 6.50 0.00 0.00 0.00 0.00 0.00 7.96 8.54 11.61 10.00 6.42 6.13 7.30 7.96 7.23 8.69 9.78 13.07 13.51 8.83 3.72 5.26 5.26 4.16 5.84 6.57 9.78 9.86 7.59 8.03 6.64 5.11 4.09 1.61 1.68 2.92 3.65 2.48 1.53 1.61 0.37 1.83 0.80 1.10 1.10 1.68 0.80 0.80 1.46 3.07 3.50 4.38 3.65 1.10 0.00 0.00 0.00 0.00 0.44 1.10 1.84 1.54 0.98
5.26 4.89 6.28 5.26 5.69 6.64 6.64 6.64 6.50 8.40 7.88 8.98 8.98 8.61 8.18 9.13 8.25 7.15 7.15 5.62 4.82 4.96 3.87 3.36 0.00 5.69 7.01 9.20 9.42 12.26 12.70 7.15 5.40 7.59 10.44 7.96 8.32 8.18 11.75 9.27 8.32 5.18 6.57 6.57 0.00 7.01 9.05 8.69 9.27 11.39 12.63 7.96 4.96 5.99 4.23 4.09 5.11 5.18 4.45 5.18 6.28 4.89 5.99 9.05 7.52 4.96 3.29 1.17 1.17 1.17 0.44 0.00 2.48 4.23 1.46 0.00 0.00 0.00 0.00 0.88 0.37 2.27 0.00 0.00
6.64 7.74 7.15 7.37 9.64 10.66 7.01 6.06 5.48 5.55 5.69 5.99 6.64 9.13 8.18 9.34 8.54 7.88 7.88 7.45 7.66 7.30 6.86 5.62 6.13 6.42 6.35 6.79 6.94 8.40 7.15 5.91 5.69 7.45 11.39 5.33 0.00 0.00 6.42 8.69 8.83 6.94 5.99 5.99 0.00 0.00 0.00 0.00 3.14 7.37 11.61 7.66 0.00 8.40 10.88 8.91 7.37 6.13 4.09 5.48 8.10 9.56 9.86 11.68 12.56 13.43 12.48 7.96 7.96 5.91 4.60 2.19 2.56 4.60 0.00 0.00 0.00 0.00 0.00 0.00 0.80 2.20 0.00 0.00
15.48 9.93 8.61 9.05 8.98 5.55 4.45 0.00 0.00 0.00 4.09 4.89 7.01 8.47 9.78 10.22 8.83 5.69 5.69 7.01 8.32 6.94 5.99 5.40 3.43 3.65 3.94 4.60 4.31 5.91 4.89 0.00 8.10 0.00 8.25 0.00 4.74 6.13 0.00 7.01 8.54 8.03 6.13 6.13 0.00 0.00 4.31 1.97 2.04 3.43 6.20 0.00 0.00 8.10 8.25 7.15 7.74 7.88 4.31 5.26 6.35 8.10 11.83 15.33 18.76 19.49 15.84 10.37 10.37 8.54 9.49 4.89 3.87 4.31 2.27 1.75 0.00 0.00 0.00 0.00 0.00 4.60 0.00 0.00
0.00 0.00 2.63 3.50 5.18 4.23 3.50 0.00 0.00 7.01 7.88 5.77 5.11 6.28 8.25 11.53 12.34 8.03 8.03 5.11 4.31 5.04 6.28 5.55 4.02 3.72 3.21 4.60 4.82 4.89 3.50 0.00 0.00 0.00 2.77 0.00 5.04 0.00 0.00 2.63 5.99 6.28 2.92 2.92 2.92 0.00 0.00 0.00 0.00 0.00 0.00 0.00 0.00 0.00 0.00 5.48 6.28 6.57 8.76 8.32 7.81 8.91 9.78 12.12 14.67 14.24 11.83 0.00 0.00 0.00 5.99 8.98 12.70 10.95 4.96 2.86 0.75 0.00 0.00 0.00 0.00 0.00 0.00 0.00
0.00 0.00 0.00 0.00 5.04 6.13 4.09 0.00 4.96 6.86 7.37 7.45 7.30 5.18 7.59 8.32 9.20 8.91 8.91 6.13 5.55 5.40 4.89 3.94 2.99 4.09 4.45 5.04 5.11 3.72 3.36 0.00 0.00 0.00 5.18 3.80 0.00 0.00 0.00 0.00 6.06 5.48 0.00 0.00 4.60 0.00 0.00 0.00 3.14 0.00 0.00 8.10 4.53 4.89 5.26 4.96 8.47 10.59 13.21 16.64 15.40 15.84 12.41 8.03 0.00 0.00 0.00 0.00 0.00 0.00 3.14 10.29 20.59 21.90 15.33 9.39 3.83 0.00 0.00 0.00 0.00 0.00 0.00 0.00
0.00 4.16 0.00 0.00 1.61 5.04 4.60 0.00 0.00 4.53 5.77 6.57 7.01 6.28 7.45 11.75 15.70 13.87 13.87 8.61 6.86 6.50 4.89 3.87 0.00 4.45 4.53 4.31 3.29 3.58 4.96 9.05 0.00 0.00 4.38 3.87 0.00 2.70 0.00 4.16 5.62 4.82 0.00 0.00 0.00 0.00 0.00 0.00 0.00 0.00 0.00 0.00 7.01 5.84 6.06 6.42 4.67 7.88 11.61 18.54 23.94 20.51 10.95 6.28 3.80 0.44 0.15 0.95 0.95 2.48 0.00 8.10 19.86 27.30 23.29 15.62 9.49 8.10 4.96 0.00 0.00 0.00 0.00 0.00
5.18 4.31 0.00 0.00 0.00 0.00 0.00 4.53 0.00 4.67 0.00 6.28 7.96 7.59 6.86 8.91 11.90 13.72 13.72 10.22 8.10 5.99 4.82 5.40 5.77 5.48 5.48 4.16 3.50 3.36 3.58 6.13 0.00 0.00 4.38 4.60 4.53 2.26 0.00 0.00 0.00 0.00 0.00 0.00 0.00 0.00 3.36 0.00 0.00 0.00 4.53 6.57 8.10 7.59 7.81 8.47 10.66 10.00 10.37 18.25 19.86 16.57 12.48 9.27 8.69 6.94 7.74 7.37 7.37 5.55 7.15 8.98 13.43 31.03 31.54 28.11 14.82 9.13 0.00 0.00 0.00 0.00 0.00 0.00
0.00 0.00 0.00 4.82 5.26 0.00 0.00 4.45 6.06 3.87 4.09 5.62 6.79 6.35 5.40 5.40 6.86 7.74 7.74 8.10 7.23 4.96 6.42 6.06 6.42 5.91 5.62 5.48 4.89 5.40 1.97 0.00 0.00 1.17 3.87 5.62 10.29 11.68 7.88 3.14 2.70 0.00 0.00 0.00 0.00 0.00 0.00 0.00 0.00 0.00 7.23 10.73 11.83 11.61 10.88 11.53 13.65 12.85 8.40 14.09 14.75 11.17 12.05 11.02 10.51 14.53 17.16 16.50 16.50 17.30 19.64 22.19 19.64 30.44 30.30 27.30 25.11 16.94 0.00 0.00 0.00 0.00 0.00 0.00
3.80 0.00 0.00 0.00 3.72 4.60 3.21 5.04 5.33 4.60 5.77 6.86 5.69 5.18 4.60 5.04 6.86 6.13 6.13 7.59 8.25 7.08 6.13 6.20 6.28 5.62 6.50 5.48 5.26 3.80 0.00 4.96 8.69 3.07 2.41 2.41 8.83 12.92 13.36 7.59 6.06 0.00 0.00 0.00 0.00 0.00 0.00 0.00 3.94 4.45 4.02 4.89 8.10 11.90 23.43 24.16 21.24 18.91 11.39 9.56 10.93 12.81 15.43 12.85 15.40 24.53 30.81 35.19 35.19 37.60 38.91 34.60 28.76 23.07 16.79 17.08 17.96 17.67 0.00 0.00 0.00 0.00 0.00 0.00
4.02 4.82 4.74 5.11 5.91 5.11 5.04 5.48 7.81 7.81 5.69 5.33 4.38 5.18 4.23 5.33 7.88 6.72 6.72 5.18 3.72 5.18 7.01 5.55 4.96 6.64 5.26 3.94 4.53 0.00 0.00 0.00 5.91 4.82 0.00 11.32 7.01 9.34 18.54 22.12 18.03 18.03 12.70 12.70 10.88 13.21 9.20 11.10 13.14 15.33 20.73 22.63 19.78 26.65 35.33 39.42 37.74 35.41 36.21 32.78 30.08 28.03 24.43 23.21 24.45 20.88 18.76 15.99 15.99 17.16 22.12 23.51 17.08 14.38 8.10 4.96 3.87 6.57 0.00 0.00 0.00 0.00 0.00 0.00
0.00 0.00 0.00 4.23 5.48 4.16 5.11 5.26 7.01 4.96 6.20 7.15 6.42 6.06 7.52 11.17 12.92 10.29 10.29 9.34 8.03 4.89 7.74 6.06 5.84 6.20 7.96 4.38 4.02 3.21 3.36 2.26 0.00 4.23 0.00 6.79 5.33 6.94 19.05 23.21 21.75 24.82 19.49 19.49 20.44 23.00 21.32 26.50 25.48 29.20 36.57 38.76 42.27 40.59 40.95 39.35 35.26 37.45 38.03 33.80 28.91 26.94 24.67 17.37 13.64 14.02 8.40 4.38 4.38 5.91 9.34 17.30 12.99 12.12 8.18 6.35 6.72 5.18 7.15 0.00 0.00 0.00 0.00 0.00
0.00 0.00 0.00 0.00 0.00 4.02 4.02 0.00 0.00 0.00 4.53 6.72 6.64 7.88 11.53 12.78 11.39 11.24 11.24 12.12 9.71 6.35 8.83 7.66 4.89 6.06 5.62 5.18 6.50 4.82 5.69 5.26 4.60 0.00 0.00 6.28 5.62 10.29 15.55 18.03 26.65 29.05 28.91 28.91 35.99 34.75 33.87 33.00 34.09 37.38 39.13 42.78 43.44 45.19 42.34 37.08 29.20 26.50 26.79 22.48 18.40 19.71 17.30 13.07 11.13 14.83 15.11 10.22 10.22 7.74 7.30 9.05 12.48 12.92 10.59 8.91 8.32 0.00 0.00 0.00 0.00 0.00 0.00 0.00
0.00 0.00 0.00 0.00 0.00 0.00 0.00 0.00 0.00 0.00 4.09 4.89 7.52 13.07 17.52 18.10 13.43 15.48 15.48 17.08 10.88 7.23 5.26 6.35 5.55 4.74 5.91 4.82 6.20 7.01 6.50 5.40 6.64 7.37 5.48 4.89 6.50 9.78 11.90 14.45 32.70 34.53 38.11 38.11 38.76 39.27 40.00 39.42 40.22 38.18 37.60 38.91 43.44 45.19 40.22 32.78 24.09 21.68 18.60 12.98 6.72 5.69 9.39 14.97 15.64 13.85 15.37 15.62 15.62 10.44 8.47 0.00 0.00 0.00 4.96 0.00 0.00 0.00 0.00 0.00 0.00 0.00 0.00 0.00
2.48 0.00 0.00 1.68 0.00 0.00 0.00 0.00 0.00 0.00 2.99 2.41 4.89 13.87 19.49 19.05 14.02 14.60 14.60 12.56 7.88 6.06 5.91 7.52 7.96 7.23 4.89 4.89 0.00 5.18 4.02 3.14 5.48 6.50 6.50 4.96 4.60 8.61 9.05 11.97 27.89 29.64 32.19 32.19 29.05 34.38 35.33 37.52 34.97 31.54 33.51 35.92 38.84 40.51 37.74 33.94 23.07 15.26 11.75 5.99 3.46 3.43 5.75 8.18 11.17 11.97 11.01 10.39 10.07 6.90 0.00 0.00 0.00 0.00 0.00 0.00 0.00 0.00 0.00 0.00 0.00 0.00 0.00 0.00
0.00 0.00 5.91 0.00 0.00 0.00 0.00 4.60 3.21 3.14 4.16 0.00 0.00 5.40 8.69 8.83 6.72 6.13 6.13 4.96 4.02 0.00 5.33 6.64 6.64 5.84 3.58 0.00 3.50 2.56 2.56 0.00 0.51 0.00 5.69 5.91 5.91 5.91 6.72 5.55 6.86 13.29 9.13 9.13 11.53 11.53 12.48 19.42 19.64 17.16 20.00 22.34 29.86 33.43 36.35 35.48 26.43 16.35 12.39 8.77 6.57 5.84 3.80 5.02 7.76 9.24 10.29 8.69 8.73 6.68 5.14 0.00 0.00 0.00 0.00 0.00 0.00 0.00 0.00 0.00 0.00 0.00 0.00 0.00
0.00 0.00 4.09 0.00 0.00 4.60 4.60 5.91 5.91 4.02 5.33 0.00 4.89 5.26 0.00 0.00 0.00 5.40 5.40 5.62 3.14 0.00 0.00 0.00 0.00 0.00 0.00 0.00 0.00 0.00 0.00 0.00 0.00 0.00 0.00 4.96 0.00 0.00 4.67 0.00 0.00 0.00 0.00 0.00 3.72 4.89 4.45 2.48 8.69 10.80 8.69 16.13 21.90 27.81 31.76 29.64 26.13 22.41 16.43 10.11 6.42 5.58 3.17 0.00 5.18 5.55 6.06 5.62 5.62 3.82 4.35 7.95 7.85 0.00 0.00 0.00 0.00 0.00 0.00 0.00 0.00 0.00 0.00 0.00
2.12 2.63 0.00 0.00 0.00 0.00 3.94 0.00 0.00 0.00 0.00 0.00 0.00 4.31 4.16 0.00 4.38 5.18 5.18 5.69 5.33 4.09 2.63 2.99 0.00 0.00 0.00 0.00 0.00 0.00 0.00 16.13 14.24 0.00 0.00 0.00 2.99 0.00 0.00 0.00 0.00 0.00 0.29 0.29 4.16 5.84 3.94 3.58 6.72 13.72 12.70 12.12 15.48 16.28 17.89 18.32 18.34 20.59 19.42 14.31 7.81 4.68 2.68 2.69 2.89 2.47 2.86 3.07 3.07 1.25 3.39 8.02 8.75 0.00 0.00 0.00 0.00 0.00 0.00 0.00 0.00 0.00 0.00 0.00
3.72 2.41 2.56 1.75 0.00 0.00 0.00 0.00 0.00 3.87 0.00 0.00 0.00 0.00 3.87 7.30 5.62 4.23 4.23 3.43 4.38 4.60 3.58 2.77 0.00 0.00 0.00 7.52 0.00 0.00 0.00 0.00 11.90 0.00 0.00 0.00 0.00 0.00 0.00 0.00 0.00 0.00 1.83 1.83 1.31 1.24 3.50 3.07 6.72 12.92 11.68 10.66 10.35 6.70 7.41 8.23 10.01 11.90 12.48 11.02 7.59 5.06 3.23 2.66 2.51 3.23 2.70 1.39 1.39 1.16 0.93 0.00 0.00 0.00 0.00 0.00 0.00 0.00 0.00 0.00 0.00 0.00 0.00 0.00
4.60 3.94 3.80 3.43 2.19 0.00 2.92 0.00 0.00 5.48 0.00 0.00 0.00 0.00 0.00 5.84 0.00 0.00 0.00 0.00 0.00 0.00 0.00 4.31 0.00 0.00 0.00 0.00 0.00 0.00 0.00 0.00 0.00 0.00 0.00 0.00 0.00 0.00 0.00 0.00 0.00 0.00 1.90 1.90 1.68 1.24 3.43 5.11 7.66 8.03 8.54 7.30 5.62 3.36 5.49 7.75 7.90 7.82 6.37 6.86 6.24 4.11 2.76 1.63 1.35 2.86 2.40 2.05 2.05 1.18 0.00 0.00 0.00 0.00 0.00 0.00 0.00 0.00 0.00 0.00 0.00 0.00 0.00 0.00
6.35 8.61 7.59 5.69 7.59 6.20 3.80 0.00 0.00 4.23 0.00 0.00 0.00 0.00 0.00 0.00 0.00 0.00 0.00 0.00 0.00 0.00 7.52 0.00 0.00 0.00 0.00 0.00 0.00 5.69 0.00 0.00 0.00 0.00 0.00 0.00 0.00 0.00 0.00 0.00 0.00 1.68 1.31 1.31 0.00 0.07 1.61 3.14 3.65 4.45 6.28 5.55 6.42 7.85 8.86 7.87 5.54 5.12 7.46 5.78 6.16 4.64 2.56 1.24 0.25 2.31 3.19 1.56 1.53 0.00 0.00 0.00 0.00 0.00 0.00 4.48 0.00 0.00 0.00 0.00 0.00 0.00 0.00 0.00
0.00 0.00 8.47 7.74 12.26 14.60 12.05 9.34 5.26 4.16 0.00 4.96 0.00 0.00 0.00 0.00 0.00 15.55 15.55 12.05 0.00 0.00 0.00 0.00 0.00 0.00 1.53 0.00 0.00 0.00 0.00 0.00 0.00 5.84 6.72 0.00 0.00 0.00 0.00 0.00 0.00 4.67 2.85 2.85 2.56 2.48 1.46 1.97 1.97 3.59 7.00 8.37 10.17 13.80 12.95 10.34 7.23 3.87 3.34 2.52 3.15 4.30 5.58 2.85 0.74 1.67 4.00 4.36 4.26 0.95 0.00 0.00 0.00 0.00 0.00 5.26 0.00 0.00 0.00 0.00 0.00 0.00 0.00 0.00
9.27 13.51 10.15 26.35 30.73 37.52 29.05 15.62 11.46 11.75 11.53 11.97 6.42 0.00 0.00 0.00 0.00 0.00 0.00 0.00 0.00 0.00 0.00 0.00 3.58 3.07 4.74 3.21 2.48 0.88 0.00 2.41 1.97 2.92 2.63 0.00 0.00 0.00 0.00 0.00 0.00 1.17 2.70 2.70 4.31 2.41 1.90 3.65 5.18 7.08 11.06 11.50 7.73 7.26 8.70 9.51 13.16 15.19 16.30 15.70 9.10 2.72 0.71 3.01 4.16 2.20 1.00 1.72 1.70 0.00 0.00 0.00 5.94 7.58 10.78 7.23 0.00 0.00 0.00 0.00 0.00 0.00 0.00 0.00
13.29 17.01 19.78 25.11 34.60 40.66 30.15 12.05 5.99 0.00 9.93 11.46 7.59 5.11 6.35 3.72 2.70 0.00 0.00 0.00 0.00 0.00 0.00 0.00 2.48 4.53 3.50 4.82 3.72 2.63 0.00 2.04 2.77 5.11 3.36 3.21 5.26 3.80 0.00 0.00 0.07 0.29 0.07 0.07 1.75 3.58 2.19 2.12 1.58 7.07 8.96 9.48 7.61 5.96 4.72 4.05 7.43 10.34 13.16 16.35 13.64 7.94 3.90 1.35 2.12 2.63 2.49 1.31 1.29 0.00 0.00 0.00 1.58 4.69 6.37 5.69 0.00 0.00 0.00 0.00 0.00 0.00 0.00 0.00
19.42 19.93 15.11 15.11 21.61 33.58 29.49 15.99 0.00 0.00 0.00 3.87 4.82 5.18 4.96 3.58 2.48 2.63 2.63 0.00 2.04 0.00 0.00 2.85 2.85 0.07 0.00 2.41 2.77 2.99 3.36 1.46 2.41 2.56 3.65 4.74 6.13 0.00 0.00 0.00 0.51 0.00 0.00 0.00 0.00 0.00 2.26 2.21 2.51 3.61 3.97 3.44 7.48 8.70 6.63 3.94 3.18 5.80 7.99 14.17 14.68 12.29 6.06 2.56 0.73 0.45 1.64 0.59 0.65 0.00 0.00 0.00 0.00 3.38 5.62 4.06 2.19 0.00 0.00 0.00 0.00 0.00 0.00 0.00
9.71 14.97 9.93 1.90 10.29 19.56 23.73 18.05 4.31 0.00 0.00 0.00 0.00 3.58 2.77 1.46 2.19 4.09 4.09 3.50 3.43 0.95 1.24 3.72 2.12 0.88 0.80 0.95 2.12 2.85 2.41 1.68 1.10 0.66 1.68 2.77 3.21 0.00 0.00 0.66 0.81 1.24 0.73 0.73 0.58 1.83 2.92 3.52 5.04 4.21 3.08 3.03 3.06 8.95 9.08 7.30 4.48 4.63 7.30 11.40 15.03 16.62 10.34 7.52 4.02 0.93 2.17 2.04 1.97 0.00 0.00 0.00 0.47 2.54 3.29 3.82 2.82 0.00 0.00 0.00 0.00 0.00 0.00 0.00
0.00 0.00 0.00 0.00 4.02 11.83 16.50 15.40 8.98 3.14 2.99 0.00 0.00 0.00 0.00 2.85 3.80 2.77 2.77 0.00 0.00 1.39 1.83 2.04 0.95 1.68 2.92 1.10 2.56 1.24 0.00 0.00 0.22 0.00 1.53 0.00 0.07 0.00 0.00 0.00 0.00 0.00 0.88 0.88 1.39 2.41 4.45 6.20 5.69 5.62 6.00 6.65 7.50 7.56 9.33 9.86 0.00 0.00 9.51 15.06 11.95 14.29 14.83 15.22 11.52 3.39 1.48 0.00 0.00 0.00 0.00 0.00 0.00 2.31 0.00 0.00 0.00 0.00 0.00 0.00 0.00 0.00 0.00 0.00
0.00 0.00 0.00 0.00 0.00 10.95 17.89 18.98 13.43 8.47 7.96 0.00 0.00 0.00 0.00 0.73 0.00 0.00 0.00 0.00 1.24 1.97 0.00 0.00 0.00 1.10 1.68 0.29 0.95 0.00 0.07 0.80 1.17 0.00 0.00 0.00 0.00 0.00 0.00 0.00 1.39 1.10 0.88 0.88 1.32 0.73 3.23 2.41 3.11 3.99 4.62 5.25 9.98 0.00 0.00 0.00 0.00 0.00 0.00 11.47 14.24 16.97 16.21 16.11 14.15 11.03 5.50 3.61 4.22 4.28 0.00 0.00 0.00 0.00 0.00 0.00 0.00 0.00 0.00 0.00 0.00 0.00 0.00 0.00
0.00 0.00 0.00 0.00 0.00 0.00 13.29 14.16 12.56 8.98 6.57 1.17 5.40 0.00 0.00 0.00 0.00 0.00 0.00 0.00 0.15 1.61 0.00 1.02 0.51 0.00 0.44 0.22 0.07 0.00 0.00 0.00 0.00 0.00 0.00 0.00 0.00 0.00 0.00 0.00 0.00 0.00 0.44 0.44 1.68 1.46 0.44 0.00 2.43 2.26 2.79 6.46 0.00 0.00 0.00 0.00 0.00 0.00 0.00 10.95 17.52 11.28 14.42 16.86 14.08 13.27 11.68 3.61 4.04 0.00 0.00 0.00 0.00 0.00 0.00 0.00 3.15 0.00 0.00 0.00 0.00 0.00 0.00 0.00
0.00 0.00 0.00 0.00 0.00 0.00 0.00 10.59 11.61 12.26 9.42 6.57 11.68 11.24 8.32 4.59 4.28 9.13 9.13 0.00 1.39 0.00 0.00 0.00 2.19 0.00 0.00 0.00 0.00 0.00 0.00 0.00 0.00 0.00 0.00 0.00 0.00 0.00 0.00 0.00 0.07 1.53 0.80 0.80 2.85 1.68 0.95 1.95 5.81 9.41 11.39 0.00 0.00 0.00 0.00 0.00 0.00 0.00 0.00 0.00 12.78 12.11 6.91 10.06 13.26 10.55 15.83 6.96 7.10 6.75 0.00 0.00 0.00 0.00 0.00 0.00 0.00 0.00 0.00 0.00 0.00 0.00 0.00 0.00
0.00 0.00 0.00 0.00 0.00 0.00 0.00 0.00 8.91 8.40 8.54 13.14 10.00 11.53 11.68 12.11 9.56 10.32 9.63 0.00 2.99 0.00 0.00 0.00 0.00 0.00 0.00 0.00 0.00 0.00 0.00 0.00 0.00 0.00 0.00 0.00 0.00 0.00 0.00 0.00 4.23 3.58 3.07 3.07 2.63 2.04 2.35 3.48 7.85 13.26 0.00 0.00 0.00 0.00 0.00 0.00 0.00 0.00 0.00 0.00 0.00 12.51 9.13 0.00 7.12 7.99 11.12 10.77 13.17 8.52 0.00 0.00 0.00 0.00 0.00 0.00 0.00 0.00 0.00 0.00 0.00 0.00 0.00 0.00
0.00 0.00 0.00 0.00 0.00 0.00 0.00 0.00 0.00 0.00 0.00 0.00 0.00 0.00 0.00 0.00 2.48 12.84 13.05 15.84 13.65 12.85 9.56 5.91 5.33 4.09 5.55 4.82 0.00 0.00 0.00 5.33 0.00 3.80 4.82 8.10 0.00 4.96 0.51 0.37 3.46 4.42 5.18 5.18 4.89 1.75 5.84 10.05 5.03 0.00 0.00 0.00 0.00 0.00 0.00 0.00 0.00 0.00 0.00 0.00 0.00 0.00 0.00 0.00 0.00 0.00 0.00 0.00 0.00 0.00 0.00 0.00 0.00 0.00 0.00 0.00 0.00 0.00 0.00 0.00 0.00 0.00 0.00 0.00
0.00 0.00 0.00 0.00 0.00 0.00 0.00 0.00 0.00 0.00 0.00 0.00 0.00 0.00 0.00 0.00 0.00 4.38 4.38 6.35 8.31 9.53 12.70 11.39 13.87 7.07 9.36 11.32 11.02 9.20 8.47 9.34 6.64 4.02 1.02 3.72 7.66 8.47 5.77 2.19 3.19 10.59 6.35 7.10 7.66 9.20 12.99 10.03 0.00 0.00 0.00 0.00 0.00 0.00 0.00 0.00 0.00 0.00 0.00 0.00 0.00 0.00 0.00 0.00 0.00 0.00 0.00 0.00 0.00 0.00 0.00 0.00 0.00 0.00 0.00 0.00 0.00 0.00 0.00 0.00 0.00 0.00 0.00 0.00
0.00 0.00 0.00 0.00 0.00 0.00 0.00 0.00 0.00 0.00 0.00 0.00 0.00 0.00 0.00 0.00 0.00 0.00 0.00 0.00 0.00 4.74 8.10 8.25 18.47 3.82 7.75 12.12 15.62 14.24 14.31 8.25 3.71 4.60 0.58 2.87 4.23 2.19 0.00 0.00 0.00 0.00 3.25 4.13 8.38 14.75 12.05 0.00 0.00 0.00 0.00 0.00 0.00 0.00 0.00 0.00 0.00 0.00 0.00 0.00 0.00 0.00 0.00 0.00 0.00 0.00 0.00 0.00 0.00 0.00 0.00 0.00 0.00 0.00 0.00 0.00 0.00 0.00 0.00 0.00 0.00 0.00 0.00 0.00
0.00 0.00 0.00 0.00 0.00 0.00 0.00 0.00 0.00 0.00 0.00 0.00 0.00 0.00 0.00 0.00 0.00 0.00 0.00 0.00 0.00 0.00 2.34 2.70 2.34 0.00 2.56 4.60 8.47 9.13 0.00 0.00 0.00 0.00 0.00 0.00 0.00 0.00 0.00 0.00 0.00 0.00 0.00 0.00 0.00 0.00 0.00 0.00 0.00 0.00 0.00 0.00 0.00 0.00 0.00 0.00 0.00 0.00 0.00 0.00 0.00 0.00 0.00 0.00 0.00 0.00 0.00 0.00 0.00 0.00 0.00 0.00 0.00 0.00 0.00 0.00 0.00 0.00 0.00 0.00 0.00 0.00 0.00 0.00
