Wansh/Snow_depth/snowdepth-1983/winter/1983364.txt
ncols 321
nrows 161
xllcenter 60
yllcenter 15 
cellsize  0.25 
NODATA_value -1
[rows 0 to 36 of 161, columns 84 to 167 of 321]
13.07 12.78 12.19 11.53 8.25 5.04 4.16 5.40 8.47 10.88 11.46 10.66 10.00 8.32 7.96 7.15 7.45 7.45 7.45 8.03 10.37 11.32 6.42 6.35 6.50 6.20 4.02 3.14 2.77 2.99 3.87 4.74 4.02 2.63 1.31 1.46 1.31 1.97 3.21 2.70 3.65 5.91 0.00 0.00 0.37 0.73 2.12 2.77 3.50 4.31 6.42 6.35 5.04 4.60 5.18 6.35 8.32 9.71 0.00 0.00 2.63 2.26 2.70 1.97 1.83 1.39 1.46 2.04 2.04 0.00 0.00 0.00 0.00 0.00 0.00 0.00 9.42 9.56 10.80 9.64 6.72 4.96 5.40 7.74
9.71 10.07 9.13 8.03 0.00 0.00 0.00 0.00 5.48 8.10 9.05 8.40 7.01 5.55 0.00 0.00 0.00 0.00 0.00 0.00 0.00 3.87 4.45 4.16 4.67 6.28 5.26 3.58 3.36 5.26 5.04 4.16 3.29 3.43 1.53 1.61 0.58 0.58 2.19 1.02 0.00 0.15 1.68 1.68 3.21 2.63 2.70 3.36 3.65 2.99 2.41 3.50 4.67 4.23 3.80 2.99 5.18 7.08 6.42 4.89 3.80 3.87 3.72 2.99 2.70 2.92 3.58 3.94 3.94 3.50 0.00 0.00 0.00 0.00 0.00 12.19 10.80 12.26 12.78 9.78 8.98 7.96 8.03 7.30
0.00 8.69 6.86 5.33 0.00 5.04 0.00 6.28 7.37 7.96 9.13 9.20 9.13 8.76 5.18 3.72 5.77 6.72 6.72 4.74 3.43 4.16 2.99 2.77 3.21 4.53 3.80 3.50 4.67 4.45 4.38 3.36 2.63 4.23 2.34 1.68 0.88 1.53 1.17 1.39 2.34 1.68 1.24 1.24 3.21 5.18 5.40 4.02 3.80 3.87 3.80 2.63 3.07 5.04 6.64 7.45 8.18 9.64 9.49 8.40 8.32 9.13 9.20 7.66 5.99 5.18 5.33 5.26 5.26 5.18 5.18 4.09 0.00 0.00 0.00 13.87 11.97 12.19 12.26 13.07 12.78 12.92 12.63 10.66
0.00 8.69 6.86 5.33 0.00 5.04 0.00 6.28 7.37 7.96 9.13 9.20 9.13 8.76 5.18 3.72 5.77 6.72 6.72 4.74 3.43 4.16 2.99 2.77 3.21 4.53 3.80 3.50 4.67 4.45 4.38 3.36 2.63 4.23 2.34 1.68 0.88 1.53 1.17 1.39 2.34 1.68 1.24 1.24 3.21 5.18 5.40 4.02 3.80 3.87 3.80 2.63 3.07 5.04 6.64 7.45 8.18 9.64 9.49 8.40 8.32 9.13 9.20 7.66 5.99 5.18 5.33 5.26 5.26 5.18 5.18 4.09 0.00 0.00 0.00 13.87 11.97 12.19 12.26 13.07 12.78 12.92 12.63 10.66
0.00 4.74 5.91 8.10 8.83 8.25 8.18 8.32 10.80 11.02 9.34 8.83 8.69 8.54 7.66 6.13 4.96 8.54 8.54 6.42 6.06 5.26 4.89 3.72 2.77 3.43 3.80 3.72 4.45 4.45 4.82 4.60 4.82 5.26 5.62 4.31 3.14 2.70 2.12 1.61 2.04 2.26 0.00 0.00 0.00 0.00 5.62 5.55 4.38 3.87 4.16 4.89 2.41 3.65 4.82 1.90 5.55 7.66 8.98 10.51 12.12 12.85 13.43 10.59 11.32 10.88 9.78 8.83 8.83 7.15 5.77 4.89 4.67 4.31 11.75 12.63 13.80 15.33 13.36 12.34 11.53 12.56 11.68 10.66
7.37 7.30 7.15 7.45 6.86 5.18 4.45 4.45 6.42 6.94 6.42 7.30 8.03 7.81 6.94 6.50 6.64 4.82 4.82 4.96 5.62 5.04 5.33 4.89 3.87 3.21 2.63 3.21 3.43 3.21 3.87 5.48 6.64 7.23 6.50 5.11 3.87 3.65 1.97 0.07 0.00 1.53 2.26 2.26 4.09 0.00 5.04 6.28 6.13 4.89 3.94 2.85 2.77 2.63 4.45 4.60 4.67 6.20 7.88 9.86 10.07 13.14 16.06 16.50 15.55 12.70 9.20 7.37 7.37 7.15 7.74 8.18 7.81 9.27 8.83 6.35 7.66 10.29 9.49 10.44 11.39 13.65 12.63 12.92
9.13 7.52 6.50 6.50 7.01 5.55 4.45 3.65 4.31 4.67 4.45 5.26 5.84 5.99 6.94 7.15 0.00 0.00 0.00 0.00 4.60 4.23 4.53 5.11 5.99 4.96 4.31 4.45 4.09 3.72 3.58 5.33 6.06 5.91 4.09 2.70 2.70 2.70 1.61 0.73 0.80 2.19 2.92 2.92 3.29 3.29 2.99 4.53 3.80 1.68 4.02 4.74 4.09 4.60 7.37 9.34 9.71 11.61 13.14 11.90 14.82 16.79 18.69 18.61 17.23 18.32 16.13 14.53 14.53 13.36 14.16 14.89 15.91 16.28 13.94 11.68 11.24 9.27 7.66 7.59 10.80 11.97 12.26 13.58
9.13 7.52 6.50 6.50 7.01 5.55 4.45 3.65 4.31 4.67 4.45 5.26 5.84 5.99 6.94 7.15 0.00 0.00 0.00 0.00 4.60 4.23 4.53 5.11 5.99 4.96 4.31 4.45 4.09 3.72 3.58 5.33 6.06 5.91 4.09 2.70 2.70 2.70 1.61 0.73 0.80 2.19 2.92 2.92 3.29 3.29 2.99 4.53 3.80 1.68 4.02 4.74 4.09 4.60 7.37 9.34 9.71 11.61 13.14 11.90 14.82 16.79 18.69 18.61 17.23 18.32 16.13 14.53 14.53 13.36 14.16 14.89 15.91 16.28 13.94 11.68 11.24 9.27 7.66 7.59 10.80 11.97 12.26 13.58
7.59 5.84 5.62 7.74 7.74 5.55 3.87 4.60 4.96 4.96 3.80 3.65 3.87 0.00 0.00 0.00 0.00 0.00 0.00 0.00 0.00 5.91 6.28 6.42 3.80 4.53 3.94 4.96 5.55 4.60 5.40 5.18 5.84 6.50 5.04 2.63 2.26 2.12 1.75 1.97 2.70 2.19 1.53 1.53 1.61 2.34 1.53 1.97 2.41 3.29 4.53 5.26 3.87 4.23 4.60 6.50 6.86 7.88 8.69 9.93 10.73 11.02 11.24 11.10 13.36 15.04 15.55 16.28 16.28 15.40 16.43 17.67 17.81 17.96 19.78 16.57 13.94 13.29 12.05 8.18 6.72 9.13 10.51 13.29
6.64 0.00 4.53 5.11 4.53 3.29 3.07 3.58 2.99 4.23 3.58 2.77 3.50 3.87 4.23 0.00 0.00 0.00 0.00 0.00 0.00 7.88 5.91 5.62 5.33 5.11 6.86 7.01 6.94 6.64 6.35 5.40 5.26 5.48 4.45 3.87 3.58 3.72 3.50 3.50 3.58 2.99 3.36 3.36 4.53 4.89 3.29 5.26 8.10 9.13 7.88 13.87 12.78 9.93 8.10 6.72 8.10 8.03 7.08 7.81 6.42 4.82 4.53 5.69 8.25 9.71 10.44 13.51 13.51 14.82 15.40 17.37 15.26 17.08 14.75 13.36 16.28 17.01 15.04 11.32 9.05 8.69 8.32 9.13
0.00 0.00 0.00 2.92 2.48 3.80 3.87 2.85 0.00 4.31 5.62 4.67 3.80 4.31 4.23 0.00 0.00 0.00 0.00 0.00 6.72 6.86 5.48 3.94 3.72 4.45 5.99 6.50 5.77 4.74 4.02 4.60 5.40 5.62 4.23 3.29 5.18 5.40 4.82 5.62 6.79 7.59 7.96 7.96 8.83 6.72 6.13 8.61 8.40 9.42 6.13 8.40 9.64 8.76 7.08 8.25 9.64 9.49 6.64 6.79 6.35 6.20 6.20 6.42 9.42 12.41 16.43 22.78 22.78 24.38 21.61 17.89 18.18 13.21 9.71 11.39 13.80 12.78 10.95 10.29 10.88 10.88 8.40 8.03
0.00 0.00 0.00 2.92 2.48 3.80 3.87 2.85 0.00 4.31 5.62 4.67 3.80 4.31 4.23 0.00 0.00 0.00 0.00 0.00 6.72 6.86 5.48 3.94 3.72 4.45 5.99 6.50 5.77 4.74 4.02 4.60 5.40 5.62 4.23 3.29 5.18 5.40 4.82 5.62 6.79 7.59 7.96 7.96 8.83 6.72 6.13 8.61 8.40 9.42 6.13 8.40 9.64 8.76 7.08 8.25 9.64 9.49 6.64 6.79 6.35 6.20 6.20 6.42 9.42 12.41 16.43 22.78 22.78 24.38 21.61 17.89 18.18 13.21 9.71 11.39 13.80 12.78 10.95 10.29 10.88 10.88 8.40 8.03
0.00 0.00 0.00 0.00 0.00 3.94 4.82 0.00 0.00 5.04 5.18 5.55 4.09 4.16 0.00 0.00 0.00 0.00 0.00 0.00 0.00 5.33 5.55 5.77 5.33 4.60 4.38 4.23 4.16 4.82 5.55 3.80 6.13 6.06 6.28 8.76 10.66 8.61 7.74 11.02 13.29 12.92 10.00 10.00 8.25 6.50 6.86 7.30 7.15 5.48 5.62 5.69 4.74 6.13 7.81 9.93 12.26 14.16 16.35 11.61 7.15 7.37 7.81 6.94 7.66 10.37 15.77 19.35 19.35 22.41 23.29 23.21 18.83 14.24 12.85 14.60 13.72 14.24 15.11 15.62 14.75 16.21 15.84 13.65
0.00 1.83 3.36 0.00 0.00 4.38 4.67 4.82 5.77 6.57 6.64 7.45 6.42 0.00 0.00 0.00 0.00 0.00 0.00 0.00 0.00 3.50 3.87 5.62 3.21 4.60 5.33 5.62 6.94 9.27 13.07 14.67 13.36 10.37 11.10 16.21 16.43 12.41 9.71 9.27 10.07 8.98 6.13 6.13 6.50 8.83 9.27 10.22 10.59 6.28 5.26 2.99 5.11 6.64 6.72 6.57 9.13 8.69 8.83 10.66 11.97 12.41 12.63 14.38 14.89 16.94 19.05 20.81 20.81 21.83 26.94 25.40 23.07 17.37 14.89 14.02 14.97 13.36 15.91 15.40 13.07 11.97 11.24 11.10
0.00 3.36 4.89 4.45 0.00 4.89 6.13 7.30 7.81 8.98 7.88 7.45 7.45 0.00 7.88 6.50 6.35 7.01 7.01 6.13 0.00 7.96 8.18 6.13 3.29 5.18 9.93 10.95 13.58 15.84 18.91 21.17 18.25 13.51 12.12 10.37 9.20 6.64 5.99 5.55 5.69 7.08 6.79 6.79 5.33 6.06 7.37 9.56 7.08 6.72 5.91 4.67 5.62 5.69 9.13 11.39 13.14 13.58 10.59 7.88 6.86 7.30 9.05 11.39 13.87 15.91 16.21 15.99 15.99 18.25 21.90 18.76 13.87 9.42 10.07 9.56 3.43 3.94 3.80 4.16 8.98 8.10 5.91 8.03
0.00 0.00 5.84 7.30 5.55 2.85 3.43 6.42 7.37 7.74 7.59 8.18 9.13 8.03 6.86 7.23 6.57 7.66 7.66 7.45 6.86 7.81 12.41 13.58 10.88 8.91 8.40 9.86 14.75 18.54 21.24 20.08 15.18 11.02 7.66 4.53 3.36 4.82 5.62 5.69 6.13 5.48 5.84 5.84 6.64 6.35 6.06 5.69 5.33 5.84 5.55 5.40 5.77 7.01 9.93 11.97 13.51 11.17 8.91 7.45 6.13 4.89 5.91 8.32 10.88 14.09 14.89 17.16 17.16 20.51 22.19 17.96 8.10 5.84 8.61 7.52 2.41 0.00 0.00 0.00 7.37 7.96 9.13 10.88
0.00 0.00 5.84 7.30 5.55 2.85 3.43 6.42 7.37 7.74 7.59 8.18 9.13 8.03 6.86 7.23 6.57 7.66 7.66 7.45 6.86 7.81 12.41 13.58 10.88 8.91 8.40 9.86 14.75 18.54 21.24 20.08 15.18 11.02 7.66 4.53 3.36 4.82 5.62 5.69 6.13 5.48 5.84 5.84 6.64 6.35 6.06 5.69 5.33 5.84 5.55 5.40 5.77 7.01 9.93 11.97 13.51 11.17 8.91 7.45 6.13 4.89 5.91 8.32 10.88 14.09 14.89 17.16 17.16 20.51 22.19 17.96 8.10 5.84 8.61 7.52 2.41 0.00 0.00 0.00 7.37 7.96 9.13 10.88
0.00 0.00 5.69 7.81 6.94 4.53 5.26 7.37 7.08 7.74 8.69 9.49 9.05 8.69 7.45 6.79 7.66 6.72 6.72 6.35 6.42 5.99 7.81 9.86 11.24 13.58 8.47 7.01 8.32 11.90 15.70 18.03 17.16 14.67 8.10 4.31 4.60 6.20 8.10 9.42 11.97 12.78 9.34 9.34 10.07 11.53 9.27 8.03 8.18 9.56 10.51 9.71 10.15 9.49 9.49 9.34 9.13 8.76 6.28 8.47 9.27 9.64 7.37 6.42 7.37 8.47 11.53 17.96 17.96 22.85 19.64 11.83 4.38 7.59 11.68 9.64 3.14 0.00 0.00 2.56 5.69 5.40 7.52 8.54
0.00 4.09 5.55 0.00 0.00 0.00 6.06 6.86 7.96 7.66 8.91 9.20 11.97 13.14 13.87 13.94 11.75 10.73 10.73 10.22 9.27 6.86 5.33 8.10 11.53 12.78 11.68 10.22 10.95 12.41 15.70 19.49 22.78 22.41 18.18 12.70 8.54 7.30 8.69 8.91 10.15 8.91 8.25 8.25 6.86 9.13 0.00 0.00 4.60 6.13 5.40 5.48 6.79 7.96 8.98 10.51 9.71 9.64 12.26 15.84 19.35 18.10 11.61 7.37 7.74 9.42 13.07 17.23 17.23 22.12 17.01 10.00 6.72 8.91 6.42 2.92 2.77 0.00 0.00 4.09 6.13 7.59 6.35 5.18
4.02 4.96 5.26 5.33 5.91 0.00 0.00 4.53 6.28 8.25 9.93 9.13 9.13 10.22 11.02 12.12 11.97 14.31 14.31 13.58 12.78 10.00 9.49 8.47 10.95 15.40 15.84 15.84 13.58 14.24 16.94 20.73 21.90 18.91 14.89 12.85 8.32 4.31 3.43 4.31 5.77 7.08 6.94 6.94 6.20 1.68 0.00 0.00 1.75 0.00 0.00 5.11 5.18 5.11 5.40 6.64 8.40 9.13 10.22 13.58 18.03 17.37 13.21 10.22 9.86 9.64 9.78 11.02 11.02 11.90 8.69 5.11 4.02 4.16 2.56 1.90 5.18 5.62 5.04 5.26 5.26 5.99 6.79 7.59
0.00 0.00 4.96 5.84 0.00 0.00 0.00 5.11 7.74 10.51 10.29 9.86 10.59 10.00 7.96 10.29 10.44 10.51 10.51 11.61 11.46 11.61 14.75 13.94 11.97 13.51 15.84 15.48 12.99 11.24 12.92 15.70 17.23 16.13 9.78 4.96 0.00 0.00 0.00 4.67 6.42 5.62 5.91 5.91 7.66 6.86 6.28 5.77 5.62 0.00 5.99 6.64 7.08 7.37 6.28 7.01 7.88 7.96 8.03 9.42 9.86 10.15 10.95 11.39 12.34 10.80 5.48 4.82 4.82 4.09 4.23 2.70 1.75 1.17 1.61 2.48 3.43 5.55 6.20 4.82 5.69 6.42 7.23 7.88
3.50 0.00 0.00 0.00 0.00 0.00 0.00 6.64 9.27 13.29 14.16 13.58 14.09 15.55 12.05 10.80 10.07 8.98 8.98 10.51 12.41 11.90 13.36 16.43 17.81 19.86 21.46 18.91 14.75 9.78 7.01 7.15 7.37 10.66 7.59 2.92 0.00 0.00 4.53 12.26 11.17 6.13 3.87 3.87 7.01 7.15 7.52 6.79 4.74 3.58 4.31 7.23 9.05 10.80 11.46 12.34 11.83 11.17 8.61 7.81 7.96 8.18 8.40 8.10 7.88 7.52 6.06 5.62 5.62 2.56 2.85 2.56 3.07 4.16 3.50 2.77 2.56 3.72 5.55 6.28 6.50 6.64 7.23 6.50
3.50 0.00 0.00 0.00 0.00 0.00 0.00 6.64 9.27 13.29 14.16 13.58 14.09 15.55 12.05 10.80 10.07 8.98 8.98 10.51 12.41 11.90 13.36 16.43 17.81 19.86 21.46 18.91 14.75 9.78 7.01 7.15 7.37 10.66 7.59 2.92 0.00 0.00 4.53 12.26 11.17 6.13 3.87 3.87 7.01 7.15 7.52 6.79 4.74 3.58 4.31 7.23 9.05 10.80 11.46 12.34 11.83 11.17 8.61 7.81 7.96 8.18 8.40 8.10 7.88 7.52 6.06 5.62 5.62 2.56 2.85 2.56 3.07 4.16 3.50 2.77 2.56 3.72 5.55 6.28 6.50 6.64 7.23 6.50
0.00 0.00 0.00 6.64 7.01 0.00 10.00 9.64 8.47 8.76 10.80 10.95 11.90 14.75 14.53 13.65 12.78 11.17 11.17 11.61 13.94 13.43 15.26 21.32 26.06 23.65 22.85 21.17 17.81 13.43 10.07 7.88 5.84 4.67 0.00 1.90 0.07 0.00 0.00 5.40 9.42 8.69 4.67 4.67 0.00 5.84 0.00 0.00 0.00 0.00 0.00 5.26 7.96 10.51 12.56 12.78 12.63 12.92 12.48 12.41 11.83 10.00 7.96 7.59 7.59 6.06 8.40 7.15 7.15 7.59 6.20 4.16 2.99 3.72 2.04 1.97 3.36 4.09 5.04 5.26 6.06 7.01 8.18 9.20
6.79 6.35 7.23 8.91 9.34 9.49 11.68 11.75 11.17 9.13 8.83 10.22 11.53 11.46 12.85 12.41 12.48 12.78 12.78 14.53 15.62 15.84 15.99 16.91 18.49 20.57 18.21 19.64 17.96 13.87 10.73 9.05 6.72 4.82 3.21 0.00 2.19 0.00 3.07 3.65 4.09 3.36 3.14 3.14 3.87 0.00 0.00 0.00 0.00 0.00 0.00 0.00 5.99 7.15 8.69 8.69 8.47 9.86 12.19 13.43 12.05 9.42 9.64 12.05 12.56 9.78 8.54 9.34 9.34 10.44 10.15 7.52 5.69 4.53 3.50 1.97 2.85 3.43 5.11 6.64 5.69 5.77 6.35 8.47
8.83 8.25 9.78 10.59 9.78 0.00 0.00 0.00 6.57 6.50 6.28 6.13 8.98 8.98 8.91 9.05 10.29 11.90 11.90 14.53 15.55 17.37 17.89 18.93 20.99 16.91 18.50 22.65 24.38 18.98 12.70 8.61 8.91 6.20 3.94 2.92 3.80 4.23 6.06 5.18 4.02 5.04 0.00 0.00 0.00 0.00 2.48 0.00 0.00 0.00 0.00 0.00 0.00 2.99 2.99 3.29 5.33 8.69 13.36 15.40 13.21 9.05 10.51 11.75 11.39 11.17 10.37 10.37 10.37 7.66 6.64 4.60 5.26 5.84 5.33 4.74 4.67 4.89 5.55 5.18 4.67 5.40 6.35 8.32
8.32 9.42 10.00 10.80 10.07 8.83 0.00 2.99 3.94 0.00 0.00 0.00 5.11 0.00 7.15 9.05 8.18 7.15 7.15 8.91 11.39 13.86 15.65 18.29 19.97 17.78 21.63 22.71 23.71 20.86 15.55 13.94 11.97 7.88 6.20 6.50 7.30 6.06 6.28 7.81 5.48 4.16 0.00 0.00 0.00 0.00 0.00 0.00 0.00 0.00 0.00 0.00 0.00 0.00 0.00 0.00 3.21 0.00 8.18 12.85 11.24 9.27 10.44 8.40 5.99 12.34 11.90 12.63 12.63 10.66 10.29 9.93 9.05 8.47 7.74 8.18 8.32 5.91 6.50 4.74 3.65 4.38 6.06 7.59
10.44 9.93 10.73 9.78 9.64 10.07 8.47 6.57 6.79 0.00 0.00 0.00 0.00 0.00 3.94 5.04 0.00 0.00 0.00 5.43 0.00 6.82 8.88 10.59 9.78 12.70 16.03 21.50 26.83 27.21 22.82 20.44 20.08 16.43 12.19 12.26 9.64 8.98 7.96 0.00 0.00 5.26 0.00 0.00 0.00 0.00 0.00 0.00 0.00 0.00 0.00 0.00 0.00 0.00 0.00 0.95 0.00 0.00 5.62 9.86 13.43 14.02 14.75 13.51 9.34 13.72 16.57 16.86 16.86 15.40 13.29 11.68 12.34 11.68 10.88 9.20 7.81 7.88 7.88 4.74 5.62 4.31 4.23 4.82
10.44 9.93 10.73 9.78 9.64 10.07 8.47 6.57 6.79 0.00 0.00 0.00 0.00 0.00 3.94 5.04 0.00 0.00 0.00 5.60 0.00 7.30 8.66 10.86 9.64 12.70 15.55 19.98 25.07 27.63 23.05 21.29 22.56 17.38 12.50 12.26 9.64 8.98 7.96 0.00 0.00 5.26 0.00 0.00 0.00 0.00 0.00 0.00 0.00 0.00 0.00 0.00 0.00 0.00 0.00 0.95 0.00 0.00 5.62 9.86 13.43 14.02 14.75 13.51 9.34 13.72 16.57 16.86 16.86 15.40 13.29 11.68 12.34 11.68 10.88 9.20 7.81 7.88 7.88 4.74 5.62 4.31 4.23 4.82
10.29 9.71 8.54 8.98 9.49 9.34 7.74 4.82 2.12 0.00 0.00 0.00 0.00 0.00 0.00 5.33 0.00 0.00 0.00 0.00 0.00 0.00 4.62 5.26 6.29 7.23 8.48 10.86 14.67 19.66 20.06 17.32 21.05 24.50 20.39 17.55 14.60 10.95 10.59 8.61 5.04 7.15 8.03 8.03 0.00 0.00 0.00 1.02 0.00 0.00 0.00 0.00 0.00 0.00 0.00 0.00 0.00 0.00 3.07 7.30 10.80 11.46 14.82 16.06 19.13 16.28 14.89 16.28 16.28 12.99 11.10 10.95 10.66 10.51 11.02 9.13 7.23 7.52 6.35 4.31 3.29 3.65 3.94 4.60
9.56 9.13 6.79 6.42 6.57 7.01 7.08 5.77 5.33 5.26 0.00 0.00 3.80 3.65 5.69 7.88 9.56 8.69 8.69 6.82 5.40 0.00 0.00 0.00 0.00 0.00 0.00 6.35 6.48 9.44 10.15 10.44 14.09 20.65 25.37 25.18 20.68 16.87 17.89 15.62 12.92 8.61 5.91 5.91 5.62 0.00 5.48 5.04 4.53 1.75 0.00 0.00 0.00 0.00 0.00 0.00 0.00 0.00 0.00 2.77 4.09 6.20 9.78 15.48 17.59 15.70 13.36 13.29 13.29 8.47 9.05 11.02 10.80 10.44 9.56 7.01 5.84 5.77 5.26 5.33 5.11 5.48 6.79 8.18
7.23 6.57 5.11 6.06 6.06 5.69 6.28 6.50 7.08 7.08 7.23 7.74 7.30 6.35 7.59 10.15 9.86 9.34 9.34 7.88 5.99 4.89 5.11 5.40 0.00 2.48 0.00 0.00 6.10 7.91 7.96 8.54 11.53 13.14 15.83 21.90 25.35 23.51 26.28 27.52 19.42 11.46 5.77 5.77 6.42 6.35 0.00 4.23 5.40 3.94 3.36 2.77 2.12 0.88 0.00 0.00 0.00 0.00 0.00 0.00 0.00 0.00 8.25 10.88 12.48 11.24 11.83 12.41 12.41 9.93 8.83 10.22 9.42 9.56 9.20 8.47 7.74 9.49 9.05 8.91 8.91 10.00 11.10 12.48
5.69 6.79 9.27 11.68 7.81 6.94 5.77 7.15 8.61 9.78 8.32 6.94 6.94 6.79 8.61 7.45 7.01 9.42 9.42 10.15 7.96 7.45 6.28 5.84 0.00 0.00 0.00 5.21 5.55 6.20 7.74 9.13 10.00 9.27 11.32 17.52 22.68 23.83 26.15 26.55 21.97 13.94 9.86 9.86 10.66 10.59 7.37 8.61 6.13 0.00 0.00 4.67 4.45 3.58 0.00 0.00 0.00 0.00 3.50 3.72 4.67 6.72 7.81 8.61 8.98 9.49 14.02 15.99 15.99 16.72 13.65 14.38 15.26 10.66 9.93 10.44 10.29 10.88 10.15 9.93 11.02 12.19 9.42 9.49
5.77 5.91 7.15 9.05 8.18 7.08 6.20 6.50 7.96 9.27 10.80 10.80 7.45 6.94 7.23 5.55 4.38 4.74 4.74 5.55 6.06 7.15 7.23 8.47 7.88 6.13 5.69 5.68 0.00 5.77 5.91 0.00 7.23 7.96 10.29 12.99 12.56 13.36 18.82 22.09 19.59 16.43 13.14 13.14 13.29 12.99 10.22 8.54 8.03 8.25 8.25 7.59 6.79 4.45 4.82 0.00 0.00 4.53 5.99 7.96 10.73 13.14 13.14 14.60 12.34 11.39 16.79 16.13 16.13 16.50 21.68 24.82 22.70 19.20 15.55 14.67 14.89 13.87 10.66 7.37 8.25 8.69 8.69 8.03
3.21 3.21 3.07 0.00 3.50 8.10 10.37 9.20 7.04 8.69 10.37 8.83 6.64 5.77 3.87 3.58 2.34 0.00 0.00 0.00 0.00 3.65 5.33 8.54 10.00 9.49 7.96 7.59 6.52 5.45 4.39 4.99 5.49 6.72 7.59 8.25 7.15 7.74 9.93 13.07 14.01 12.85 14.89 14.89 16.64 15.77 11.61 8.54 8.83 9.78 8.83 7.52 5.40 4.38 3.14 1.68 2.12 0.00 4.82 8.18 12.19 15.18 20.29 24.45 18.83 16.43 17.52 13.58 13.58 10.80 14.75 19.86 18.91 16.50 15.33 16.43 16.13 14.09 10.66 8.47 9.27 9.93 8.91 9.20
3.21 3.21 3.07 0.00 3.50 8.10 10.37 9.20 6.86 8.69 10.37 8.83 6.64 5.77 3.87 3.58 2.34 0.00 0.00 0.00 0.00 3.65 5.33 8.54 10.00 9.49 7.96 7.59 6.42 5.26 4.23 4.96 5.33 6.72 7.63 8.29 7.15 7.70 10.03 13.07 13.87 12.85 14.89 14.89 16.64 15.77 11.61 8.54 8.83 9.78 8.83 7.52 5.40 4.38 3.14 1.68 2.12 0.00 4.82 8.18 12.19 15.18 20.29 24.45 18.83 16.43 17.52 13.58 13.58 10.80 14.75 19.86 18.91 16.50 15.33 16.43 16.13 14.09 10.66 8.47 9.27 9.93 8.91 9.20
0.00 0.00 11.75 3.65 2.92 7.74 10.95 10.38 6.52 4.45 0.00 4.82 4.74 5.26 4.45 0.00 0.00 0.00 0.00 0.00 0.00 0.00 5.11 6.64 8.91 8.61 9.93 10.00 8.10 6.79 4.45 4.82 3.80 4.16 4.74 6.06 0.00 6.28 6.75 7.81 7.23 7.52 9.13 9.13 11.32 13.07 13.72 14.97 14.82 10.95 8.61 5.91 4.23 4.31 3.87 1.61 0.00 1.46 0.00 3.72 8.40 10.07 11.68 14.89 14.24 14.53 12.34 12.92 12.92 13.36 11.24 14.09 14.45 10.59 11.32 13.14 14.16 11.68 10.29 8.76 9.34 9.34 8.91 8.03
