Wansh/Snow_depth/snowdepth-1983/winter/1983348.txt
ncols 321
nrows 161
xllcenter 60
yllcenter 15 
cellsize  0.25 
NODATA_value -1
[rows 0 to 36 of 161, columns 168 to 251 of 321]
0.00 0.07 0.00 0.00 1.46 0.15 0.88 2.70 4.02 4.02 3.80 3.50 4.60 4.45 3.87 3.87 5.48 7.74 7.23 5.99 5.26 4.82 4.38 3.94 2.34 0.00 0.00 0.00 0.00 0.00 0.00 0.00 6.06 10.00 10.44 10.44 11.02 13.58 15.70 15.04 11.75 9.78 9.64 8.69 10.73 14.09 16.50 15.84 13.29 10.51 10.44 10.88 10.15 7.45 8.10 9.05 10.73 10.88 10.51 10.59 10.59 11.32 11.61 13.58 14.02 15.33 15.84 13.94 12.26 11.24 12.63 13.51 14.67 15.62 17.30 18.18 19.27 23.14 22.63 22.70 21.17 21.02 20.73 22.56
1.83 0.95 0.95 4.38 0.73 1.31 1.10 2.41 3.58 3.58 2.26 2.56 5.33 4.31 3.87 4.09 5.04 5.11 4.60 4.67 6.28 6.20 3.94 2.12 0.00 0.00 0.00 0.00 0.00 0.00 0.00 0.00 3.58 7.88 9.05 9.05 8.25 11.32 16.86 15.33 12.70 11.02 10.44 9.56 10.80 9.86 9.20 10.29 8.61 8.25 8.98 9.20 10.37 11.17 11.61 11.53 12.85 14.02 11.83 12.63 12.63 14.02 14.24 16.72 16.64 14.97 12.92 10.37 11.46 12.41 14.53 15.04 16.79 16.79 15.62 16.43 18.03 22.27 22.56 21.46 19.93 18.18 18.40 17.52
3.50 1.61 1.68 2.12 2.12 1.31 1.31 2.34 1.68 1.68 2.56 3.50 3.14 3.14 2.26 3.43 3.65 3.72 3.29 3.80 6.50 3.36 2.70 0.07 0.00 0.00 0.00 0.00 0.00 0.00 0.00 5.91 3.07 5.26 4.53 4.53 6.57 11.61 13.65 13.94 12.05 11.32 10.80 9.78 9.05 7.59 7.23 6.94 7.66 8.47 9.64 9.71 11.24 12.41 11.39 10.66 11.39 9.20 10.00 11.17 11.17 12.70 17.52 14.60 13.65 13.80 13.72 16.72 15.18 14.31 15.48 15.26 14.75 15.33 15.04 15.33 18.69 21.90 21.02 19.05 16.79 17.16 15.48 14.38
3.50 1.61 1.68 2.12 2.12 1.31 1.31 2.34 1.68 1.68 2.56 3.50 3.14 3.14 2.26 3.43 3.65 3.72 3.29 3.80 6.50 3.36 2.70 0.07 0.00 0.00 0.00 0.00 0.00 0.00 0.00 5.91 3.07 5.26 4.53 4.53 6.57 11.61 13.65 13.94 12.05 11.32 10.80 9.78 9.05 7.59 7.23 6.94 7.66 8.47 9.64 9.71 11.24 12.41 11.39 10.66 11.39 9.20 10.00 11.17 11.17 12.70 17.52 14.60 13.65 13.80 13.72 16.72 15.18 14.31 15.48 15.26 14.75 15.33 15.04 15.33 18.69 21.90 21.02 19.05 16.79 17.16 15.48 14.38
3.21 2.70 2.04 2.12 1.46 0.07 0.00 0.88 1.90 1.90 2.34 2.63 2.92 4.67 3.43 3.65 4.23 4.02 3.43 3.21 2.56 0.00 0.00 0.00 0.00 0.00 0.00 0.00 0.00 0.00 0.00 0.07 3.36 8.47 5.33 5.33 8.10 9.93 8.98 7.37 7.59 7.52 7.81 7.66 7.30 7.96 8.40 7.96 7.08 7.96 10.00 10.15 10.00 10.51 10.15 10.88 7.66 8.10 9.71 10.07 10.07 12.34 13.43 12.99 12.99 10.88 10.66 10.88 10.59 8.98 10.22 10.80 11.61 11.53 12.70 13.94 17.45 17.52 18.91 17.74 17.45 15.77 14.38 14.24
7.23 6.94 4.53 5.48 4.09 2.26 1.90 2.41 2.34 2.34 3.87 3.50 3.80 3.14 3.80 5.26 3.87 2.92 3.65 0.00 0.00 0.00 0.00 0.00 0.00 0.00 0.00 0.00 0.00 0.00 0.73 2.70 7.66 7.15 8.03 8.03 8.54 5.33 3.94 3.87 5.62 5.55 6.64 7.88 8.69 9.20 10.29 10.00 9.27 9.49 10.66 11.24 10.15 9.93 9.56 8.18 7.59 8.03 9.49 11.24 11.24 12.92 13.87 12.41 10.51 8.32 6.86 6.50 6.86 6.86 7.01 8.18 8.18 10.88 11.32 12.78 12.92 13.72 16.57 14.53 12.63 11.17 9.42 10.37
8.91 8.76 6.86 4.89 4.53 4.89 4.31 3.72 3.87 3.87 2.99 3.87 4.23 4.67 4.45 4.02 2.19 1.31 0.00 0.00 0.00 0.00 0.00 0.00 0.00 0.00 0.00 0.00 0.00 2.04 3.21 5.62 7.52 9.05 9.78 9.78 8.83 7.30 5.55 4.53 4.60 4.67 6.57 7.30 7.01 7.45 8.03 9.56 9.34 9.13 9.78 9.71 8.18 7.96 8.32 6.86 6.50 8.10 9.05 9.42 9.42 9.78 10.51 10.29 8.69 6.28 6.20 7.08 7.15 6.35 6.64 7.23 7.52 8.76 10.59 10.80 11.32 11.61 11.61 11.25 10.79 10.06 9.36 9.15
8.91 8.76 6.86 4.89 4.53 4.89 4.31 3.72 3.87 3.87 2.99 3.87 4.23 4.67 4.45 4.02 2.19 1.31 0.00 0.00 0.00 0.00 0.00 0.00 0.00 0.00 0.00 0.00 0.00 2.04 3.21 5.62 7.52 9.05 9.78 9.78 8.83 7.30 5.55 4.53 4.60 4.67 6.57 7.30 7.01 7.45 8.03 9.56 9.34 9.13 9.78 9.71 8.18 7.96 8.32 6.86 6.50 8.10 9.05 9.42 9.42 9.78 10.51 10.29 8.69 6.28 6.20 7.08 7.15 6.35 6.64 7.23 7.52 8.76 10.59 12.49 15.61 16.70 15.90 19.12 17.81 13.39 12.05 9.49
7.30 8.61 0.00 7.59 6.20 5.26 4.23 4.31 4.60 4.60 4.45 4.38 5.40 3.94 2.63 0.88 0.22 0.00 0.00 0.00 0.00 0.00 0.00 0.00 0.00 0.00 0.00 0.00 4.74 3.80 5.26 5.84 7.23 8.69 9.20 9.20 8.76 7.23 7.52 7.81 8.03 7.74 7.88 8.03 8.03 8.47 8.40 9.42 9.05 8.32 7.74 6.72 8.61 8.03 7.45 7.01 6.42 7.01 7.74 7.81 7.81 8.54 8.18 8.61 7.01 6.79 7.08 7.52 7.66 7.37 7.96 7.96 7.74 9.18 12.72 15.60 16.63 13.49 12.06 16.01 14.81 12.18 9.93 11.33
6.42 6.35 6.50 6.42 5.40 5.55 5.40 4.53 3.87 3.87 3.21 3.07 2.56 1.39 0.00 0.00 0.00 0.00 0.00 0.00 0.00 0.00 0.00 0.00 0.00 0.00 0.00 4.38 7.52 5.18 6.79 7.45 7.66 8.54 10.15 10.15 10.44 10.15 8.83 9.05 8.83 9.13 8.47 8.54 7.30 8.76 8.76 8.47 8.40 7.59 7.30 7.66 6.35 5.77 6.94 5.77 5.04 7.66 9.42 8.76 8.76 8.25 8.32 7.96 7.74 8.03 7.01 6.35 6.64 7.15 8.03 7.30 7.46 12.15 13.34 13.52 12.91 13.69 14.98 14.95 13.97 14.50 13.96 13.63
1.75 2.34 3.14 4.67 5.33 6.57 5.48 4.96 3.87 3.87 0.80 0.00 0.00 0.00 0.00 0.00 0.00 0.00 0.00 0.00 0.00 0.00 0.00 0.00 0.29 3.87 4.53 5.77 4.67 5.40 6.72 7.08 7.37 7.37 6.57 6.57 6.28 5.99 5.55 5.18 5.91 6.13 6.57 6.35 5.62 5.04 4.67 5.62 6.13 5.77 6.50 7.74 5.18 4.60 4.96 6.57 8.98 7.37 8.25 8.61 8.61 7.96 8.40 8.32 7.30 6.72 6.64 6.28 6.50 6.13 5.40 5.04 4.64 7.63 7.38 8.98 14.13 15.07 10.54 13.44 13.65 12.22 11.38 13.01
1.75 2.34 3.14 4.67 5.33 6.57 5.48 4.96 3.87 3.87 0.80 0.00 0.00 0.00 0.00 0.00 0.00 0.00 0.00 0.00 0.00 0.00 0.00 0.00 0.29 3.87 4.53 5.77 4.67 5.40 6.72 7.08 7.37 7.37 6.57 6.57 6.28 5.99 5.55 5.18 5.91 6.13 6.57 6.35 5.62 5.04 4.67 5.62 6.13 5.77 6.50 7.74 5.18 4.60 4.96 6.57 8.98 7.37 8.25 8.61 8.61 7.96 8.40 8.32 7.30 6.72 6.64 6.28 6.50 6.13 5.40 5.04 4.53 7.52 7.15 8.34 12.59 13.95 11.25 13.94 13.65 11.96 12.50 13.92
7.66 5.40 3.43 3.29 3.29 2.04 0.29 0.00 0.00 0.00 0.00 0.00 0.00 0.00 0.00 0.00 0.00 0.00 0.00 0.00 0.00 0.00 2.04 2.12 3.43 3.87 4.53 4.89 4.53 4.74 5.55 6.42 7.30 7.01 5.18 5.18 5.55 5.26 4.89 4.67 5.04 4.53 3.65 3.14 3.87 3.50 3.58 4.96 4.96 5.26 6.06 5.11 5.18 5.69 3.87 4.23 4.09 5.04 5.55 5.55 5.55 5.84 6.13 5.91 5.91 6.79 6.72 7.15 7.08 6.57 6.06 5.04 6.64 6.20 7.34 8.70 11.50 11.21 11.94 13.62 13.28 13.63 12.47 11.01
5.84 5.77 4.96 3.43 2.63 1.17 5.84 0.00 0.00 0.00 0.00 0.00 0.00 0.00 0.00 0.00 0.00 0.00 0.00 2.92 1.68 2.70 1.68 1.46 2.41 0.95 5.26 5.84 6.20 5.69 5.33 6.42 5.26 6.79 6.06 6.06 6.20 5.04 4.02 2.92 3.14 4.31 2.56 2.12 2.48 3.72 1.83 1.46 2.70 4.38 3.07 3.07 3.94 3.50 3.72 2.77 2.92 4.16 5.26 6.06 6.06 7.59 7.45 5.99 6.20 7.01 7.37 7.52 7.08 6.72 6.50 5.40 7.23 8.00 11.74 10.84 8.88 9.02 11.79 10.95 13.89 13.56 13.30 12.48
5.26 6.13 6.28 7.74 5.33 2.85 0.00 0.00 0.00 0.00 0.00 0.00 0.00 0.00 0.00 0.00 0.00 0.00 4.02 3.80 3.36 3.14 0.44 1.68 2.26 3.14 2.77 3.80 4.45 4.16 2.77 2.12 2.41 4.96 5.26 5.26 3.87 3.29 3.80 2.56 2.19 2.56 2.04 2.48 2.56 2.63 2.19 1.97 2.34 2.56 1.17 1.61 0.00 0.00 2.26 3.36 3.87 5.55 5.62 5.84 5.84 5.91 5.84 6.28 7.37 7.08 7.52 5.91 5.33 5.40 5.91 5.99 7.46 9.16 10.08 10.07 11.27 12.33 8.93 9.92 11.76 10.33 11.13 11.12
6.64 6.28 5.62 6.72 7.23 6.06 3.72 0.51 0.00 0.00 0.00 0.00 0.00 0.00 0.00 0.15 2.19 3.07 2.70 1.46 1.24 3.50 3.43 3.14 3.58 3.58 3.50 3.14 2.41 2.12 2.19 2.77 3.65 3.80 3.14 3.14 2.92 3.14 2.92 2.19 2.12 1.97 3.07 1.97 1.17 0.88 1.39 0.51 1.31 1.39 0.73 2.63 2.34 1.97 3.07 4.02 5.99 4.82 4.38 4.38 4.38 5.11 5.77 5.11 4.89 4.45 3.94 4.74 5.48 6.06 5.99 5.57 6.77 8.37 12.28 12.70 11.53 10.79 10.71 10.83 11.98 13.19 10.68 8.32
6.64 6.28 5.62 6.72 7.23 6.06 3.72 0.51 0.00 0.00 0.00 0.00 0.00 0.00 0.00 0.15 2.19 3.07 2.70 1.46 1.24 3.50 3.43 3.14 3.58 3.58 3.50 3.14 2.41 2.12 2.19 2.77 3.65 3.80 3.14 3.14 2.92 3.14 2.92 2.19 2.12 1.97 3.07 1.97 1.17 0.88 1.39 0.51 1.31 1.39 0.73 2.63 2.34 1.97 3.07 4.02 5.99 4.82 4.38 4.38 4.38 5.11 5.77 5.11 4.89 4.45 3.94 4.74 5.48 6.06 5.99 6.84 6.34 9.10 11.02 15.71 11.70 11.93 10.93 9.76 11.58 11.35 11.62 9.44
5.55 7.37 7.52 6.42 7.96 5.62 4.74 4.67 4.23 4.23 3.43 5.04 1.83 2.77 3.43 3.21 1.75 1.53 1.83 1.75 2.56 2.92 1.97 2.26 3.21 3.50 3.43 2.99 2.41 2.77 3.21 3.80 4.23 4.02 3.36 3.36 3.36 3.43 3.21 3.21 3.50 3.80 3.80 4.16 2.77 2.04 1.39 0.88 2.12 2.12 0.00 0.00 0.00 0.00 0.00 0.00 0.00 3.94 3.87 1.90 1.90 2.48 3.14 3.50 3.50 4.02 3.43 4.67 5.69 5.91 5.75 6.62 8.28 7.99 10.90 14.36 10.98 9.01 8.09 10.63 10.46 10.70 11.32 9.73
7.30 7.01 6.50 4.96 5.33 5.55 4.31 3.87 4.02 4.02 3.36 1.97 1.75 2.56 3.29 3.65 1.97 0.00 1.10 2.19 2.56 0.00 1.31 1.68 2.34 2.19 2.70 2.77 2.19 2.34 2.04 4.16 4.23 3.72 3.87 3.87 4.16 3.65 3.50 3.21 3.21 2.99 2.41 1.02 1.53 2.56 3.07 2.34 2.04 0.00 0.00 0.00 0.00 0.00 0.00 0.00 1.53 1.61 1.68 1.02 1.02 1.31 2.77 2.92 3.50 3.72 4.09 4.67 5.11 4.70 7.08 7.01 6.66 5.82 7.52 7.81 9.88 10.76 9.96 10.05 10.42 10.77 11.51 12.03
4.31 4.31 5.18 5.55 6.28 5.40 4.16 3.80 3.94 3.94 1.10 1.53 2.12 3.80 4.31 1.90 0.37 0.00 0.73 1.31 0.37 0.88 2.34 2.77 1.24 1.31 2.41 2.41 2.56 2.56 3.50 5.11 4.74 4.89 4.23 4.23 3.50 3.80 4.74 4.09 2.41 2.04 1.90 1.17 1.46 0.00 0.00 0.00 0.00 0.00 0.00 0.00 0.00 0.00 0.00 0.00 0.15 0.95 3.07 5.18 5.18 3.94 3.50 3.29 3.29 3.43 5.62 6.72 7.30 7.30 8.32 7.59 8.32 7.23 8.98 10.61 10.71 13.52 12.70 10.08 10.81 9.11 10.27 14.18
4.23 5.99 4.96 3.58 3.14 4.67 5.40 4.53 3.65 3.65 1.46 2.34 4.02 4.23 5.33 3.87 2.41 0.51 0.73 2.12 3.58 3.36 3.43 2.04 1.02 1.02 2.70 3.87 3.87 3.87 5.11 5.99 5.33 5.18 5.55 5.55 5.69 3.29 2.56 1.24 1.39 1.31 0.88 0.22 0.00 0.00 1.17 1.97 1.17 0.00 0.00 0.00 0.00 0.00 0.00 0.00 4.96 5.18 0.00 0.00 0.00 4.31 4.09 3.43 2.85 3.43 6.13 10.15 11.32 12.70 13.14 12.85 12.99 12.41 11.32 12.59 14.90 13.84 16.17 13.16 14.11 11.66 11.84 11.27
5.99 6.57 6.64 6.50 3.58 4.02 4.74 4.60 3.65 3.65 2.77 0.00 0.00 3.43 3.94 3.72 2.85 2.41 1.53 0.88 1.53 2.41 1.83 0.51 2.12 3.80 4.89 4.38 4.16 4.74 6.13 4.96 4.09 5.62 7.01 7.01 5.04 1.17 1.10 2.34 1.68 1.75 1.17 0.80 1.31 1.61 2.70 2.48 4.45 5.62 4.74 4.89 4.74 4.67 0.00 0.00 0.00 7.66 6.50 5.18 5.18 4.31 2.49 0.00 2.04 3.72 7.66 11.46 11.61 14.38 14.09 12.12 15.26 14.53 14.83 14.44 17.70 14.51 15.91 13.88 11.57 10.82 12.82 12.93
5.99 6.57 6.64 6.50 3.58 4.02 4.74 4.60 3.65 3.65 2.77 0.00 0.00 3.43 3.94 3.72 2.85 2.41 1.53 0.88 1.53 2.41 1.83 0.51 2.12 3.80 4.89 4.38 4.16 4.74 6.13 4.96 4.09 5.62 7.01 7.01 5.04 1.17 1.10 2.34 1.68 1.75 1.17 0.80 1.31 1.61 2.70 2.48 4.45 5.62 4.74 4.89 4.74 4.67 0.00 0.00 0.00 7.66 6.50 5.18 5.18 4.31 2.49 0.00 2.04 3.72 7.66 11.46 11.61 14.38 14.09 12.12 15.26 14.53 14.24 14.52 13.75 12.77 13.32 16.16 14.15 11.05 10.04 11.93
6.86 7.01 5.84 5.04 4.23 4.89 5.18 3.65 3.36 3.36 3.14 2.70 4.31 3.87 3.29 3.94 3.21 2.77 3.29 2.99 2.70 3.07 3.58 4.23 5.69 6.64 6.57 5.69 4.82 5.91 5.04 3.80 4.16 3.72 3.29 3.29 3.80 2.77 1.83 2.19 2.26 2.34 0.00 2.99 0.00 4.74 5.77 4.89 6.13 8.10 7.23 6.50 5.99 5.99 7.23 7.23 7.45 6.28 5.55 4.96 4.96 1.39 0.00 0.00 0.00 4.31 6.42 8.18 8.18 11.97 11.61 13.36 16.13 15.04 15.99 15.70 14.91 21.47 19.13 14.03 13.49 10.90 13.63 14.92
6.06 6.42 7.45 7.15 6.06 3.58 5.40 4.96 4.16 4.16 2.12 1.31 2.04 3.07 0.00 2.77 2.56 2.77 3.50 2.70 2.04 2.56 3.07 3.94 4.45 4.89 6.42 7.23 6.64 5.84 4.82 3.43 4.16 5.11 5.48 5.48 4.89 4.67 3.29 2.92 3.94 1.17 2.85 3.58 7.01 5.55 4.96 6.35 8.61 10.37 7.88 7.30 6.50 8.03 8.25 7.01 5.62 4.60 3.21 0.00 0.00 0.00 0.00 0.00 5.69 7.52 9.27 10.88 11.83 12.19 11.10 14.75 17.08 16.72 16.02 16.01 13.97 15.22 16.35 15.97 18.74 12.00 15.15 20.09
7.45 8.69 8.76 6.13 3.58 2.70 5.11 4.60 2.12 2.12 2.34 3.43 3.36 3.80 2.41 2.48 2.41 2.26 2.77 4.02 5.18 4.53 4.31 4.53 5.55 5.69 7.81 8.18 6.72 4.82 4.60 3.50 3.65 4.67 6.94 6.94 6.94 5.69 5.11 6.35 7.01 4.60 1.97 5.11 6.64 5.91 5.69 6.35 8.03 7.96 7.45 6.64 5.77 7.66 7.37 7.37 5.84 3.87 0.00 0.00 0.00 0.00 0.00 4.74 6.06 9.13 11.53 12.05 11.90 11.02 12.05 14.75 15.49 14.67 13.34 14.34 15.62 11.97 12.76 15.95 15.97 17.39 16.79 16.57
6.20 5.04 3.65 1.68 0.00 4.31 5.48 5.69 5.18 5.18 3.58 4.38 3.21 2.63 1.53 2.19 3.36 4.09 3.94 3.50 5.77 6.72 7.01 6.79 6.28 7.66 8.83 8.32 6.50 6.35 7.59 7.74 7.08 6.50 7.23 7.23 7.81 8.32 7.23 7.96 6.28 4.89 5.62 6.13 5.77 7.15 7.30 7.66 7.45 8.18 8.32 7.45 5.91 5.91 5.77 5.40 3.72 1.31 0.00 0.00 0.00 0.00 0.00 4.16 6.86 9.42 10.95 9.64 11.10 12.78 12.85 13.72 15.28 13.86 13.13 11.62 12.36 16.21 16.82 18.16 16.48 16.43 19.88 18.84
4.31 5.33 0.00 0.00 0.00 0.00 0.00 4.02 0.00 0.00 0.00 0.00 0.00 0.00 2.12 1.46 1.75 3.50 4.16 2.99 2.56 4.09 6.06 7.45 6.94 8.32 10.00 8.69 7.52 8.18 8.47 7.81 7.37 5.69 5.33 5.33 7.37 7.23 6.86 6.13 6.20 5.55 8.40 8.61 8.91 8.61 9.05 8.83 7.30 6.64 7.52 6.35 5.33 5.33 6.35 4.96 2.92 1.68 0.00 0.00 0.00 0.00 0.00 3.50 5.26 7.96 9.34 0.00 0.00 13.72 14.15 14.52 15.37 12.73 12.43 13.56 15.84 15.33 17.10 17.05 17.18 16.03 17.39 15.94
4.31 5.33 0.00 0.00 0.00 0.00 0.00 4.02 0.00 0.00 0.00 0.00 0.00 0.00 2.12 1.46 1.75 3.50 4.16 2.99 2.56 4.09 6.06 7.45 6.94 8.32 10.00 8.69 7.52 8.18 8.47 7.81 7.37 5.69 5.33 5.33 7.37 7.23 6.86 6.13 6.20 5.55 8.40 8.61 8.91 8.61 9.05 8.83 7.30 6.64 7.52 6.35 5.33 5.33 6.35 4.96 2.92 1.68 0.00 0.00 0.00 0.00 0.00 3.50 5.26 7.96 9.34 0.00 0.00 13.72 14.22 14.37 13.90 14.18 13.26 15.82 18.38 14.84 17.86 16.57 18.17 19.01 15.87 13.54
6.86 8.98 4.09 2.63 0.00 0.00 0.00 0.00 0.00 0.00 0.00 0.00 0.00 0.00 0.00 1.61 2.26 2.48 3.21 2.63 2.77 2.63 5.77 7.01 8.18 9.78 10.59 9.86 9.05 9.34 9.34 9.05 8.40 7.88 6.72 6.72 6.06 5.55 6.13 6.72 6.86 9.13 9.86 9.05 10.15 9.71 7.96 7.01 5.26 3.50 3.14 4.96 5.69 6.50 6.28 5.33 2.56 2.04 2.56 0.00 0.00 0.00 0.00 0.00 5.11 9.93 0.00 14.24 0.00 14.60 14.31 14.38 14.86 14.40 15.50 13.22 13.46 14.00 18.01 16.61 16.50 19.61 13.69 9.89
8.03 6.50 5.55 0.00 0.00 0.00 0.00 0.00 0.00 0.00 0.00 0.00 0.00 0.00 0.00 2.34 4.23 4.45 0.00 0.00 4.45 5.48 5.91 6.64 6.94 8.25 8.47 7.59 7.37 7.37 8.61 7.59 6.50 7.30 7.15 7.15 7.45 7.81 6.86 7.37 6.35 9.05 10.15 8.69 9.05 9.49 7.81 6.57 7.52 5.91 4.60 4.67 5.04 4.89 3.72 3.80 4.38 4.53 1.97 1.24 1.24 1.39 0.00 3.65 6.13 9.71 15.33 16.50 16.06 14.89 12.63 11.74 13.23 13.93 9.81 10.98 13.97 17.80 16.37 18.49 18.16 15.76 12.62 10.31
9.13 7.23 6.20 7.52 5.48 5.62 5.55 4.89 4.60 4.60 0.00 0.00 0.00 2.41 0.00 0.00 4.16 3.43 4.74 4.82 4.02 3.07 5.33 8.03 6.20 3.58 2.77 7.52 9.05 7.88 6.94 7.08 7.96 8.32 5.48 5.48 5.48 6.79 7.81 8.47 7.45 9.13 8.91 7.59 5.84 5.04 5.40 5.48 4.74 4.67 4.60 5.33 5.11 2.99 0.00 0.00 3.50 3.50 2.34 2.12 2.12 2.26 3.21 5.77 7.96 10.59 14.60 0.00 16.86 15.33 11.24 10.01 12.09 12.59 10.04 12.25 15.84 16.83 17.48 18.01 15.93 15.58 11.07 9.13
8.83 8.10 7.81 7.74 6.42 6.20 4.53 4.74 0.00 0.00 0.00 0.00 0.00 0.00 0.00 0.00 0.00 0.00 0.00 4.02 4.09 3.87 4.23 5.91 7.52 6.94 6.57 4.53 3.29 4.31 5.33 4.74 4.23 5.18 5.26 5.26 4.82 5.33 5.99 5.26 3.50 5.40 7.66 9.05 7.74 6.20 4.53 5.33 4.89 4.09 4.74 4.45 2.99 0.00 0.00 0.00 0.00 2.19 1.61 0.00 0.00 0.00 0.00 0.00 0.00 10.22 13.07 14.24 15.26 14.38 12.99 10.03 10.19 11.00 11.68 11.72 13.21 15.09 15.14 14.12 14.27 14.98 10.41 9.12
5.62 4.96 5.33 5.62 3.80 3.50 2.92 0.00 0.00 0.00 0.00 0.00 0.00 0.00 0.00 0.00 0.00 0.00 0.00 0.00 3.50 4.96 6.20 5.62 7.08 7.74 4.45 0.00 0.00 0.00 0.00 0.00 0.00 0.00 0.00 0.00 0.00 0.00 0.00 0.00 0.00 0.00 0.00 4.67 5.18 5.18 5.11 4.23 4.23 0.00 0.00 0.00 0.00 0.00 0.00 0.00 0.00 3.07 2.77 0.00 0.00 0.00 0.00 0.00 5.99 9.64 12.41 13.58 14.45 15.11 14.97 12.05 8.84 7.26 6.98 8.86 9.76 9.05 10.44 10.64 11.05 9.73 8.47 6.93
6.50 9.78 7.01 5.18 4.60 3.07 0.00 2.56 2.12 2.12 0.00 0.00 0.00 0.00 1.97 1.53 0.00 0.00 0.00 0.00 0.00 0.00 1.61 0.00 3.14 4.45 2.26 0.00 1.83 2.26 0.00 0.00 0.00 0.00 0.00 0.00 0.00 0.00 0.00 0.00 0.00 0.00 0.00 0.00 0.00 0.00 0.00 0.00 0.00 0.00 0.00 0.00 0.00 0.00 0.00 0.00 0.00 0.00 4.02 2.99 2.99 0.00 0.00 0.00 4.16 11.75 11.61 12.19 13.80 13.87 12.78 10.05 9.46 8.04 4.87 3.12 4.62 4.92 6.87 8.74 10.97 11.83 11.71 7.90
6.50 9.78 7.01 5.18 4.60 3.07 0.00 2.56 2.12 2.12 0.00 0.00 0.00 0.00 1.97 1.53 0.00 0.00 0.00 0.00 0.00 0.00 1.61 0.00 3.14 4.45 2.26 0.00 1.83 2.26 0.00 0.00 0.00 0.00 0.00 0.00 0.00 0.00 0.00 0.00 0.00 0.00 0.00 0.00 0.00 0.00 0.00 0.00 0.00 0.00 0.00 0.00 0.00 0.00 0.00 0.00 0.00 0.00 4.02 2.99 2.99 0.00 0.00 0.00 4.16 11.75 11.61 12.19 13.80 13.87 12.78 10.00 9.32 7.92 4.87 3.26 4.11 4.73 6.71 9.19 10.75 12.45 11.71 7.74
5.33 9.34 9.78 7.52 7.45 5.48 0.00 0.00 3.14 3.14 2.26 0.00 3.58 4.89 3.21 0.00 0.00 0.00 0.00 0.00 0.00 0.00 0.00 0.00 0.00 0.00 0.00 0.00 0.00 0.00 0.00 0.00 0.00 0.00 0.00 0.00 0.00 0.00 0.00 0.00 0.00 0.00 0.00 0.00 0.00 0.00 0.00 0.00 0.00 0.00 0.00 0.00 0.00 0.00 0.00 0.00 0.00 0.00 0.00 0.00 0.00 0.00 0.00 0.00 8.32 8.76 9.42 10.07 10.15 10.80 9.42 5.33 5.26 3.69 3.37 1.60 1.05 1.11 1.60 3.95 7.71 10.11 10.15 8.24
