Wansh/Snow_depth/snowdepth-1983/winter/1984033.txt
ncols 321
nrows 161
xllcenter 60
yllcenter 15 
cellsize  0.25 
NODATA_value -1
[rows 0 to 36 of 161, columns 166 to 248 of 321]
11.32 10.44 9.49 7.96 8.25 8.76 9.42 8.32 7.66 8.61 9.93 9.93 10.51 12.05 11.90 10.44 9.34 10.15 13.43 14.31 16.72 16.57 15.26 14.97 14.89 14.67 11.97 8.54 2.19 0.00 0.00 0.00 0.00 10.80 15.91 18.40 18.03 18.03 17.67 21.46 22.12 19.49 17.74 17.30 18.47 18.32 18.98 23.21 25.55 25.11 20.81 17.37 17.59 18.10 18.03 15.40 16.06 18.76 20.15 20.73 20.44 21.17 21.17 21.90 22.92 26.21 29.71 28.91 26.72 23.73 22.12 20.66 21.39 22.27 22.27 23.36 25.19 25.33 27.67 26.28 28.76 28.69 27.74
15.18 14.60 12.70 10.29 10.00 10.29 9.20 8.61 7.74 8.10 10.29 10.29 11.39 12.34 10.95 11.32 10.07 10.88 11.24 13.87 13.65 13.94 13.87 13.36 13.29 12.78 8.76 0.00 0.00 0.00 0.00 0.00 4.02 11.68 14.89 13.36 12.85 12.85 15.40 22.70 28.62 23.21 21.46 19.64 19.64 20.15 20.51 20.22 18.61 18.98 18.61 18.32 18.76 20.15 20.08 21.39 21.17 20.22 23.43 23.51 24.02 24.75 24.75 25.62 27.23 28.69 28.98 27.45 26.06 24.53 22.48 21.90 24.16 24.24 25.33 25.77 26.35 27.59 28.47 28.62 28.54 28.32 25.77
19.78 18.69 15.11 12.19 12.05 12.34 11.53 8.47 7.96 8.03 9.13 9.13 10.44 8.69 9.49 9.49 9.93 12.05 13.87 13.29 13.43 13.51 12.78 13.29 13.51 11.75 1.90 0.00 0.00 0.00 0.00 0.00 3.94 9.42 11.32 10.51 11.02 11.02 15.40 20.88 27.16 23.29 21.10 19.27 20.59 17.16 14.67 12.78 14.89 15.26 15.55 17.01 20.22 20.00 20.29 21.10 22.05 20.29 19.42 21.24 23.94 24.60 24.60 24.16 24.67 25.19 24.53 24.53 24.38 25.19 26.94 25.84 25.62 25.48 24.45 26.28 27.08 27.38 26.28 25.55 25.48 23.73 22.12
19.78 18.69 15.11 12.19 12.05 12.34 11.53 8.47 7.96 8.03 9.13 9.13 10.44 8.69 9.49 9.49 9.93 12.05 13.87 13.29 13.43 13.51 12.78 13.29 13.51 11.75 1.90 0.00 0.00 0.00 0.00 0.00 3.94 9.42 11.32 10.51 11.02 11.02 15.40 20.88 27.16 23.29 21.10 19.27 20.59 17.16 14.67 12.78 14.89 15.26 15.55 17.01 20.22 20.00 20.29 21.10 22.05 20.29 19.42 21.24 23.94 24.60 24.60 24.16 24.67 25.19 24.53 24.53 24.38 25.19 26.94 25.84 25.62 25.48 24.45 26.28 27.08 27.38 26.28 25.55 25.48 23.73 22.12
17.59 18.91 16.79 16.86 18.69 15.91 13.07 11.61 8.91 7.66 8.83 8.83 9.56 10.00 10.44 11.83 11.68 11.90 12.63 12.63 11.24 10.80 10.22 8.91 7.01 0.00 0.00 0.00 0.00 0.00 0.00 0.00 7.96 8.76 8.10 10.22 13.51 13.51 16.43 18.40 14.60 13.14 11.68 10.80 11.32 13.21 13.94 15.91 17.59 17.30 18.18 19.13 20.22 20.08 20.44 20.81 18.83 19.64 19.20 20.22 21.17 22.70 22.70 25.04 24.53 23.51 22.27 20.73 19.42 19.56 20.66 20.66 21.46 22.27 22.27 23.21 25.11 20.66 21.75 21.97 23.73 22.92 21.39
17.96 20.59 22.70 21.75 19.64 17.37 14.97 13.87 11.97 11.68 9.93 9.93 12.63 13.36 13.65 13.43 12.34 11.97 10.66 9.49 8.10 6.64 3.43 0.58 0.00 0.00 0.00 0.00 0.00 0.00 2.12 8.18 10.66 10.59 11.17 13.94 16.28 16.28 16.43 11.83 7.81 6.42 9.13 12.34 13.43 13.72 14.45 16.06 16.72 17.59 18.32 19.20 22.85 21.75 20.00 19.05 18.25 19.78 19.13 19.13 20.59 23.14 23.14 25.19 25.92 25.33 21.10 17.37 15.55 15.26 16.94 17.67 19.13 18.83 19.05 20.29 19.05 17.96 18.18 19.13 20.00 20.44 20.37
17.59 20.29 23.07 23.43 21.32 18.76 17.30 17.67 17.89 16.57 13.72 13.72 12.85 14.60 14.67 14.53 13.51 13.14 9.49 7.88 6.57 0.80 0.00 0.00 0.00 0.00 0.00 0.00 0.00 3.72 6.50 10.88 13.51 15.70 16.79 18.76 17.96 17.96 14.82 10.66 8.10 11.02 12.12 11.68 13.14 14.53 15.04 16.72 17.59 18.10 19.64 20.66 21.32 20.88 19.64 19.13 17.81 18.03 18.47 18.25 18.91 19.20 19.20 20.81 21.24 20.22 16.64 17.37 16.72 16.35 15.55 15.77 16.28 17.16 16.94 17.01 17.01 16.50 16.43 15.70 14.60 16.43 19.63
17.59 20.29 23.07 23.43 21.32 18.76 17.30 17.67 17.89 16.57 13.72 13.72 12.85 14.60 14.67 14.53 13.51 13.14 9.49 7.88 6.57 0.80 0.00 0.00 0.00 0.00 0.00 0.00 0.00 3.72 6.50 10.88 13.51 15.70 16.79 18.76 17.96 17.96 14.82 10.66 8.10 11.02 12.12 11.68 13.14 14.53 15.04 16.72 17.59 18.10 19.64 20.66 21.32 20.88 19.64 19.13 17.81 18.03 18.47 18.25 18.91 19.20 19.20 20.81 21.24 20.22 16.64 17.37 16.72 16.35 15.55 15.77 16.28 17.16 16.94 17.01 17.01 19.07 22.66 22.58 20.00 27.91 32.41
12.48 15.26 17.23 21.24 21.39 18.61 16.64 15.04 16.35 17.59 15.55 15.55 14.38 16.64 16.13 14.09 12.05 9.49 5.18 2.99 0.00 0.00 0.00 0.00 0.00 0.00 0.00 0.00 1.46 3.65 7.59 11.02 13.43 15.55 17.67 20.22 20.51 20.51 17.30 14.31 14.24 15.70 16.79 17.37 17.96 17.67 19.49 18.54 20.81 21.97 20.51 19.05 17.45 16.43 16.13 16.57 16.21 15.26 15.26 16.72 16.79 17.01 17.01 17.52 17.81 18.25 17.45 16.50 15.70 16.13 15.84 16.64 18.32 17.45 17.16 16.63 20.06 23.96 24.89 23.89 20.35 26.96 25.81
11.90 11.53 13.51 16.28 15.62 14.67 14.89 15.26 15.48 16.06 16.72 16.72 16.94 15.11 13.21 9.49 6.79 3.14 0.00 0.00 0.00 0.00 0.00 0.00 0.00 0.00 1.75 6.57 9.34 11.75 13.07 13.58 14.60 15.11 15.48 17.01 20.66 20.66 17.96 15.04 14.89 17.81 20.08 20.15 18.83 19.49 18.69 18.69 19.42 19.56 17.16 14.89 12.63 11.97 10.80 11.75 13.36 14.24 14.82 15.70 16.64 18.03 18.03 18.83 18.10 17.74 17.89 17.74 17.45 16.28 17.23 18.69 18.32 15.33 15.32 17.16 22.07 22.49 22.01 26.14 28.57 27.08 24.65
14.16 13.29 10.88 9.49 10.44 11.90 14.38 15.04 15.11 15.18 14.02 14.02 12.70 8.83 5.62 2.85 0.00 0.00 0.00 0.00 0.00 0.00 0.00 2.77 5.91 8.03 9.05 10.73 12.05 12.85 13.87 13.94 14.38 13.65 14.45 13.51 12.99 12.99 13.21 12.70 14.24 16.57 18.47 16.35 14.24 13.94 14.09 15.33 17.23 16.57 15.62 14.60 13.07 12.92 12.70 12.63 11.97 11.61 12.05 12.12 14.45 17.52 17.52 18.47 17.23 17.23 17.16 17.01 16.43 16.72 18.10 17.30 12.56 12.26 13.33 13.27 13.09 19.40 23.86 24.64 21.90 23.49 23.42
14.16 13.29 10.88 9.49 10.44 11.90 14.38 15.04 15.11 15.18 14.02 14.02 12.70 8.83 5.62 2.85 0.00 0.00 0.00 0.00 0.00 0.00 0.00 2.77 5.91 8.03 9.05 10.73 12.05 12.85 13.87 13.94 14.38 13.65 14.45 13.51 12.99 12.99 13.21 12.70 14.24 16.57 18.47 16.35 14.24 13.94 14.09 15.33 17.23 16.57 15.62 14.60 13.07 12.92 12.70 12.63 11.97 11.61 12.05 12.12 14.45 17.52 17.52 18.47 17.23 17.23 17.16 17.01 16.43 16.72 18.10 17.30 12.56 12.26 12.99 13.07 12.70 18.01 21.27 22.82 23.36 24.37 23.42
18.40 18.03 15.33 12.78 10.29 8.61 8.32 8.83 9.27 8.25 5.55 5.55 2.41 0.00 0.00 0.00 0.00 0.00 0.00 0.00 1.02 3.50 6.57 8.25 10.07 9.86 8.69 8.61 10.37 10.80 12.63 11.83 10.07 10.22 15.77 14.67 14.24 14.24 13.14 14.24 15.62 15.11 14.38 12.92 9.78 8.10 7.96 8.54 10.66 12.41 14.24 13.58 12.05 11.53 10.73 11.32 9.05 7.23 9.27 10.29 12.26 13.58 13.58 14.60 15.48 15.91 17.74 16.35 16.57 16.79 16.57 16.50 14.97 12.99 12.70 14.75 15.12 18.37 21.61 20.21 22.59 23.75 21.90
12.85 14.97 15.04 13.87 11.83 11.32 10.44 8.18 8.03 4.31 0.00 0.00 0.00 0.00 0.00 0.00 0.00 0.00 0.00 2.48 5.84 9.05 10.80 10.07 9.64 8.76 8.47 8.40 11.68 13.51 14.53 13.21 10.59 8.69 12.05 14.67 14.31 14.31 14.09 14.16 13.80 12.34 11.02 9.42 7.59 6.64 6.57 6.06 6.79 9.64 10.73 10.22 8.83 8.32 7.52 7.52 8.10 8.40 9.93 12.34 14.97 16.64 16.64 16.50 14.89 17.01 17.30 17.08 17.45 15.33 16.35 15.84 15.33 14.16 12.70 14.19 17.99 20.19 18.64 21.47 23.14 19.62 22.77
11.24 12.63 16.21 18.32 16.64 15.55 13.94 10.88 7.15 2.34 0.00 0.00 0.00 0.00 0.00 0.00 0.00 1.31 4.82 8.18 10.66 10.73 10.88 10.73 10.29 10.37 12.41 12.34 10.59 11.24 11.46 10.73 11.24 10.51 11.68 12.70 13.14 13.14 13.65 13.65 13.51 11.32 10.00 8.25 6.72 6.72 7.74 7.15 6.50 6.79 7.52 8.10 6.94 5.69 5.91 6.86 8.61 12.12 14.24 14.89 16.50 17.23 17.23 17.59 17.59 16.79 16.28 15.91 14.97 14.24 14.02 14.75 13.94 14.97 13.66 15.51 17.65 19.25 19.97 21.20 19.06 18.06 15.87
13.36 15.77 16.13 16.06 15.33 14.31 14.24 12.70 11.53 10.51 8.47 8.47 7.08 8.98 9.64 5.04 5.11 6.86 6.64 6.35 7.88 7.96 7.59 9.05 8.69 8.54 10.07 9.86 8.32 8.61 8.25 7.96 10.29 11.10 11.68 11.68 12.85 12.85 13.14 13.58 11.46 8.76 8.03 8.98 9.49 9.13 9.27 9.56 8.98 6.50 5.55 5.91 6.35 6.42 7.08 8.47 8.83 11.75 14.09 16.43 16.50 16.21 16.21 15.84 14.53 13.80 12.41 13.29 13.58 9.42 9.86 12.05 13.43 13.17 14.42 15.48 17.81 17.50 18.51 16.46 18.20 19.96 19.03
13.36 15.77 16.13 16.06 15.33 14.31 14.24 12.70 11.53 10.51 8.47 8.47 7.08 8.98 9.64 5.04 5.11 6.86 6.64 6.35 7.88 7.96 7.59 9.05 8.69 8.54 10.07 9.86 8.32 8.61 8.25 7.96 10.29 11.10 11.68 11.68 12.85 12.85 13.14 13.58 11.46 8.76 8.03 8.98 9.49 9.13 9.27 9.56 8.98 6.50 5.55 5.91 6.35 6.42 7.08 8.47 8.83 11.75 14.09 16.43 16.50 16.21 16.21 15.84 14.53 13.80 12.41 13.29 13.58 9.42 9.86 12.05 13.43 16.17 13.52 16.82 15.99 21.65 18.79 18.20 18.56 18.00 18.40
9.42 11.90 13.87 15.04 14.45 13.07 11.68 10.51 9.56 9.49 9.13 9.13 8.54 6.06 5.11 5.04 6.57 6.50 6.50 5.69 4.82 5.11 4.67 4.96 6.50 7.52 7.74 6.13 6.57 7.37 8.61 11.32 11.61 10.15 11.46 12.19 12.92 12.92 11.53 10.73 10.15 9.71 10.95 13.14 14.75 11.61 9.20 8.18 6.57 5.55 5.11 4.38 4.02 4.96 5.91 7.74 9.34 9.78 11.02 13.29 12.78 10.07 10.07 10.66 9.64 8.91 10.66 11.53 7.81 8.32 10.07 10.95 13.16 11.97 14.07 14.23 16.04 18.82 18.34 14.50 13.76 18.57 17.07
8.83 9.78 12.26 15.70 15.70 14.24 12.34 11.46 8.61 7.23 7.01 7.01 6.28 6.13 6.72 7.74 10.07 9.34 6.06 4.16 3.80 5.18 4.67 5.04 6.13 6.57 7.15 6.72 7.23 7.96 8.25 9.27 10.73 10.44 11.53 11.24 11.53 11.53 11.61 12.05 12.78 11.24 11.10 10.80 7.96 5.77 4.60 4.60 5.55 5.11 4.67 4.09 4.45 5.69 5.91 6.79 7.81 9.05 9.27 8.91 8.10 7.52 7.52 7.59 6.50 5.48 6.79 5.48 7.96 9.27 10.59 11.23 10.62 11.65 12.95 13.28 15.65 16.27 15.87 17.19 17.56 18.94 13.86
7.45 10.29 9.34 9.20 10.80 12.99 13.58 12.63 9.93 8.10 7.66 7.66 7.52 8.18 10.44 12.19 10.88 9.71 6.64 5.84 5.99 6.28 6.06 6.86 8.10 7.01 7.15 6.50 5.91 8.18 9.42 9.34 11.61 12.85 12.63 12.26 12.26 12.26 11.68 12.19 13.51 11.17 9.34 6.94 4.67 3.36 3.94 5.26 5.33 5.62 6.42 5.48 4.53 4.38 5.04 0.00 6.06 9.56 9.34 9.05 9.27 7.96 7.96 8.10 9.56 7.45 6.64 8.32 11.97 14.45 14.97 13.94 14.82 15.18 16.43 17.59 16.57 16.99 17.96 24.01 26.59 18.91 18.39
10.15 10.44 9.34 10.37 11.02 10.44 9.20 10.59 10.29 8.47 7.37 7.37 8.91 10.88 13.36 16.50 15.48 10.73 7.96 7.30 6.79 6.79 6.28 5.91 6.50 7.37 8.10 9.20 7.23 8.76 7.23 11.39 15.11 15.62 14.60 14.09 15.33 15.33 15.62 13.94 8.76 5.55 2.92 2.85 3.72 4.82 4.53 4.82 4.09 3.14 4.74 5.62 5.48 4.60 5.99 7.08 9.27 11.97 12.12 10.51 9.56 9.56 9.56 10.88 10.51 8.76 10.37 9.64 11.46 18.18 22.19 21.53 22.63 25.11 24.89 23.00 21.86 21.23 23.26 21.14 24.15 22.56 24.54
8.32 10.59 11.46 12.34 12.26 10.88 9.86 8.83 8.83 6.79 7.88 7.88 9.49 12.78 15.04 15.33 12.56 8.98 6.94 7.15 8.47 7.59 7.23 6.94 9.05 9.27 9.20 10.37 11.39 11.24 13.07 15.62 17.23 14.97 14.16 15.04 16.57 16.57 10.07 6.06 4.38 4.16 4.09 3.58 3.80 3.50 4.60 6.13 5.40 4.38 5.84 8.25 9.86 11.24 13.43 13.94 15.70 16.64 19.20 15.70 12.92 11.97 11.97 10.51 9.10 7.59 8.10 10.59 13.94 21.39 23.14 22.85 22.70 24.31 25.33 25.48 25.40 25.98 30.90 24.48 25.50 20.87 17.08
8.32 10.59 11.46 12.34 12.26 10.88 9.86 8.83 8.83 6.79 7.88 7.88 9.49 12.78 15.04 15.33 12.56 8.98 6.94 7.15 8.47 7.59 7.23 6.94 9.05 9.27 9.20 10.37 11.39 11.24 13.07 15.62 17.23 14.97 14.16 15.04 16.57 16.57 10.07 6.06 4.38 4.16 4.09 3.58 3.80 3.50 4.60 6.13 5.40 4.38 5.84 8.25 9.86 11.24 13.43 13.94 15.70 16.64 19.20 15.70 12.92 11.97 11.97 10.51 9.10 7.59 8.10 10.59 13.94 21.39 23.14 22.85 22.70 24.31 25.33 25.48 24.38 26.12 24.00 21.54 21.35 24.29 20.89
6.20 8.18 10.07 11.10 9.42 8.61 10.37 11.10 12.19 10.22 7.74 7.74 6.28 6.79 10.80 12.19 10.51 8.69 7.66 8.76 9.49 8.54 7.96 8.32 10.51 10.37 10.00 10.37 12.78 13.43 14.97 16.72 14.89 10.95 9.56 9.20 8.98 8.98 6.57 2.56 2.70 4.67 5.55 3.72 3.94 4.74 6.06 7.08 7.15 8.47 12.12 15.70 17.08 17.59 18.25 19.64 22.92 23.21 18.10 15.26 12.92 12.78 12.78 7.23 6.72 6.20 10.51 14.67 14.82 16.57 18.91 20.00 21.32 23.21 27.08 28.62 28.98 29.20 28.35 35.00 30.90 26.26 25.66
5.33 7.59 10.80 13.51 13.29 11.83 11.90 13.29 15.11 13.21 8.83 8.83 5.62 7.23 10.07 10.15 8.18 7.88 7.59 7.45 8.32 9.56 9.93 8.83 9.27 9.05 8.98 12.12 15.11 15.91 16.21 12.92 10.66 8.03 6.79 8.32 8.32 8.32 7.08 7.30 6.72 7.37 6.42 4.74 4.09 6.86 8.98 7.23 6.35 9.56 13.72 15.18 15.11 16.35 17.37 21.02 23.21 23.87 17.52 11.53 9.78 8.25 8.25 4.89 0.00 9.93 15.84 20.15 21.90 22.56 23.58 23.58 24.09 26.79 31.10 32.27 33.54 35.68 32.61 32.39 33.42 29.52 30.78
7.23 8.47 11.53 13.65 12.85 9.78 7.23 9.86 12.12 11.02 9.49 9.49 8.32 10.51 11.97 10.80 6.94 6.72 6.64 5.91 7.59 10.29 10.88 10.07 10.29 11.24 11.75 11.61 15.91 16.86 15.04 11.90 10.88 8.47 7.15 8.69 10.29 10.29 9.56 9.93 10.07 10.07 7.01 4.16 5.55 6.94 7.15 6.57 6.57 8.47 11.32 14.16 14.67 12.92 13.65 18.18 18.69 18.61 12.41 7.96 5.26 0.00 0.00 0.00 11.02 14.97 18.40 22.34 23.65 23.87 24.45 24.67 24.89 28.69 33.05 33.55 31.65 33.47 32.71 26.23 25.72 26.62 25.21
7.59 10.22 10.37 8.83 6.72 4.96 5.69 9.71 11.32 11.53 11.46 11.46 11.02 10.80 8.03 6.50 6.50 7.15 7.74 8.32 8.47 8.98 11.24 11.39 12.99 12.99 12.48 14.45 14.89 15.62 13.72 10.37 10.15 10.15 7.88 8.47 10.15 10.15 12.05 12.19 11.61 10.88 8.69 7.45 10.88 9.93 8.76 8.76 13.65 15.62 14.89 14.09 13.58 13.65 13.72 15.11 15.62 10.88 10.66 8.98 6.72 4.60 4.60 8.69 11.61 12.85 15.11 20.59 20.95 21.10 22.70 28.98 29.42 29.49 33.87 35.08 35.32 33.20 26.86 27.96 26.16 29.43 30.56
6.50 7.66 6.35 7.59 7.45 4.23 4.02 4.53 5.04 7.08 9.20 9.20 9.20 7.74 6.06 5.99 6.79 5.84 5.99 6.86 7.23 8.25 7.08 7.88 9.93 11.68 12.05 15.11 14.16 14.16 13.29 12.92 13.36 12.34 12.48 10.59 8.76 8.76 10.51 12.41 10.29 9.34 10.88 13.29 13.80 12.63 12.70 12.48 15.04 16.50 14.67 13.14 14.31 15.18 15.33 15.77 13.07 13.43 12.12 9.13 10.00 7.81 7.81 9.27 10.80 11.32 14.16 18.76 20.66 23.00 25.40 29.20 32.05 34.15 38.05 32.79 31.12 29.30 26.62 29.44 29.45 29.63 29.20
6.50 7.66 6.35 7.59 7.45 4.23 4.02 4.53 5.04 7.08 9.20 9.20 9.20 7.74 6.06 5.99 6.79 5.84 5.99 6.86 7.23 8.25 7.08 7.88 9.93 11.68 12.05 15.11 14.16 14.16 13.29 12.92 13.36 12.34 12.48 10.59 8.76 8.76 10.51 12.41 10.29 9.34 10.88 13.29 13.80 12.63 12.70 12.48 15.04 16.50 14.67 13.14 14.31 15.18 15.33 15.77 13.07 13.43 12.12 9.13 10.00 7.81 7.81 9.27 10.80 11.32 14.16 18.76 20.66 23.00 25.40 29.20 32.21 33.78 34.40 36.54 33.21 34.19 30.89 28.49 30.76 28.79 30.88
4.31 4.82 7.59 8.25 6.28 0.00 0.00 0.00 0.00 4.82 6.06 6.06 6.06 3.72 4.60 4.67 4.23 3.80 3.29 4.82 5.40 3.65 3.65 4.96 7.15 8.18 11.83 14.97 15.48 13.43 13.87 15.04 16.94 14.53 13.58 13.29 11.32 11.32 10.51 11.46 11.17 11.53 13.21 14.75 16.86 16.72 17.45 18.40 17.59 14.82 12.70 11.61 11.61 13.21 14.02 12.70 11.46 12.34 11.39 11.61 10.66 11.39 11.45 9.39 7.78 11.17 18.69 24.09 25.48 27.38 28.83 30.53 32.59 32.81 36.19 35.51 31.45 28.95 26.66 26.81 27.50 25.47 24.67
4.45 6.06 8.18 7.59 5.33 0.00 0.00 4.23 3.36 5.77 9.71 9.71 7.23 3.36 3.36 0.00 3.94 4.67 5.62 5.84 6.42 4.23 4.53 5.40 6.20 8.54 12.56 12.34 12.48 12.12 12.19 12.85 15.70 12.19 10.44 10.44 10.73 10.73 11.53 13.29 12.34 13.29 13.29 14.38 16.06 15.40 15.40 15.70 16.13 14.16 11.02 9.78 9.64 9.27 11.68 12.48 9.13 9.13 13.51 13.80 14.82 10.80 10.80 10.44 11.53 17.81 21.75 24.16 27.81 31.83 33.87 34.16 32.70 30.48 30.57 31.43 25.09 20.91 23.36 23.45 23.99 25.85 26.58
12.12 12.63 11.90 9.78 8.10 8.76 9.34 9.42 7.37 7.96 9.49 9.49 6.72 4.16 0.00 2.19 0.00 3.65 7.15 6.79 7.23 7.30 4.82 4.09 8.69 14.02 14.53 7.66 4.31 8.91 10.29 10.73 10.15 10.00 12.41 11.68 11.02 11.02 9.86 10.51 11.02 13.43 16.79 16.94 16.35 14.09 10.95 8.10 7.37 6.06 4.74 5.69 8.91 9.05 10.07 9.71 4.38 5.69 10.80 12.41 12.48 10.59 10.59 10.07 13.21 17.16 21.32 24.67 29.64 32.70 33.80 33.43 29.78 27.90 27.53 24.97 17.29 17.66 19.32 22.62 23.24 29.09 23.45
13.58 12.99 12.41 13.43 11.83 10.51 9.71 8.61 9.64 9.86 7.08 7.08 5.84 5.26 0.00 0.00 0.00 2.92 0.00 0.00 5.69 6.28 6.13 4.38 8.91 12.99 14.53 10.07 6.94 7.45 6.35 6.20 6.79 5.91 8.18 8.98 9.27 9.27 7.88 8.69 9.13 8.18 7.30 9.13 11.39 13.07 11.61 7.81 8.40 9.93 8.03 7.45 10.95 11.17 6.57 6.13 0.00 1.17 1.53 7.88 9.05 8.69 8.69 9.05 13.07 17.81 26.94 30.81 29.05 31.90 31.24 31.90 31.10 26.18 20.57 15.34 13.59 12.51 18.57 19.73 17.03 15.63 17.75
12.19 10.80 10.80 10.44 9.34 8.25 7.45 7.01 7.37 5.84 1.83 1.83 0.00 0.00 0.00 0.00 0.00 4.38 4.96 0.00 5.84 6.64 6.64 7.88 7.96 8.18 10.29 11.53 8.18 2.34 0.00 0.00 0.00 0.00 0.00 3.87 4.38 4.38 4.31 5.26 6.35 5.84 4.45 5.11 7.74 9.86 10.59 8.83 8.32 8.40 8.18 6.64 6.20 5.99 3.29 0.00 0.00 1.61 6.06 10.73 12.26 13.43 13.43 13.80 15.62 17.45 19.64 20.44 24.38 29.42 32.49 31.76 29.20 22.48 14.60 7.26 5.47 6.95 8.88 7.62 9.73 10.97 13.90
12.19 9.20 9.71 8.98 7.66 6.94 5.55 4.67 3.07 0.00 0.00 0.00 0.00 2.26 2.56 0.00 0.00 0.00 0.00 0.00 0.00 0.00 0.00 0.00 2.63 2.92 5.26 5.84 4.31 0.00 0.00 0.00 0.00 0.00 0.00 0.00 0.00 0.00 0.00 0.00 0.00 0.00 0.00 4.31 4.16 4.23 3.87 4.45 5.69 5.91 4.96 3.58 0.00 0.00 0.00 0.00 3.07 0.00 7.81 11.75 13.07 13.58 13.58 12.56 12.34 12.19 14.38 18.40 21.10 24.67 26.72 24.89 20.29 14.82 9.68 6.03 4.35 3.67 4.71 4.75 4.95 6.09 12.03
12.19 9.20 9.71 8.98 7.66 6.94 5.55 4.67 3.07 0.00 0.00 0.00 0.00 2.26 2.56 0.00 0.00 0.00 0.00 0.00 0.00 0.00 0.00 0.00 2.63 2.92 5.26 5.84 4.31 0.00 0.00 0.00 0.00 0.00 0.00 0.00 0.00 0.00 0.00 0.00 0.00 0.00 0.00 4.31 4.16 4.23 3.87 4.45 5.69 5.91 4.96 3.58 0.00 0.00 0.00 0.00 3.07 0.00 7.81 11.75 13.07 13.58 13.58 12.56 12.34 12.19 14.38 18.40 21.10 24.67 26.72 24.89 20.29 14.75 9.54 5.94 4.35 3.83 4.20 4.56 4.84 6.40 11.78
11.24 9.64 8.32 10.00 11.24 10.07 8.40 5.26 3.87 2.70 0.00 0.00 0.00 0.00 4.53 7.37 4.45 0.00 0.00 0.00 0.00 0.00 0.00 0.00 2.99 0.00 0.51 0.73 0.66 2.63 3.21 2.63 0.00 0.00 0.00 0.00 1.68 1.68 0.00 1.46 0.00 0.00 0.00 0.00 2.04 4.38 4.89 5.99 5.99 3.94 2.19 0.00 0.00 0.00 0.00 5.18 5.62 7.15 4.60 6.72 10.15 8.91 8.91 11.39 10.44 12.19 16.21 18.25 20.44 21.46 19.27 18.03 13.07 6.28 4.67 4.28 3.08 1.83 1.45 0.83 0.34 1.12 5.85
