Wansh/Snow_depth/snowdepth-1983/winter/1984014.txt
ncols 321
nrows 161
xllcenter 60
yllcenter 15 
cellsize  0.25 
NODATA_value -1
[rows 0 to 36 of 161, columns 168 to 251 of 321]
5.11 3.21 2.92 3.14 3.65 2.63 2.99 3.14 4.31 4.31 5.84 11.46 10.88 10.15 9.56 10.88 11.02 11.83 14.38 17.01 14.97 13.14 13.36 13.29 12.41 8.47 2.63 0.00 0.00 0.00 0.00 3.29 12.19 18.03 17.59 17.59 16.72 19.42 20.08 18.47 16.35 16.79 17.74 17.89 19.35 22.12 23.80 23.94 21.39 16.43 15.33 16.43 16.28 14.09 15.33 17.67 19.20 18.40 16.13 18.76 18.76 20.22 20.44 22.92 24.24 23.51 22.63 20.73 20.29 19.49 20.73 21.61 21.75 22.34 24.16 24.53 26.21 27.08 29.78 28.98 27.23 26.86 27.16 27.81
8.61 5.99 3.72 4.23 3.87 2.26 1.97 3.72 5.26 5.26 9.78 10.51 11.10 11.32 10.07 9.27 9.86 12.26 14.02 13.80 13.43 13.65 12.99 11.83 8.83 1.83 0.00 0.00 0.00 0.00 0.00 6.64 14.60 13.51 13.94 13.94 14.53 19.13 24.02 20.95 18.54 17.96 18.98 19.71 20.81 18.61 17.16 16.94 17.89 16.57 15.77 18.18 16.64 17.45 17.59 18.83 21.61 23.51 22.92 23.51 23.51 23.65 25.99 27.96 26.86 24.60 22.92 20.44 21.17 22.78 23.14 24.31 25.55 25.26 24.97 26.06 27.59 27.59 27.45 26.79 24.45 22.63 19.71 20.73
12.19 8.61 7.88 8.32 7.23 5.18 4.02 5.04 5.33 5.33 8.83 9.42 10.07 8.61 8.98 10.66 11.17 11.53 11.97 12.05 12.41 12.92 13.14 11.17 4.89 0.00 0.00 0.00 0.00 0.00 0.00 7.01 9.56 11.53 11.39 11.39 13.43 18.32 21.10 20.95 19.64 18.91 17.96 17.45 15.04 12.19 12.63 14.09 15.77 17.59 18.98 18.91 18.10 18.25 18.47 17.96 18.83 17.96 19.86 21.17 21.17 22.41 24.02 24.45 24.97 23.43 23.07 24.31 24.02 24.60 25.77 24.45 24.75 24.45 25.19 25.11 25.48 24.53 23.00 21.83 20.81 19.56 18.47 18.32
12.19 8.61 7.88 8.32 7.23 5.18 4.02 5.04 5.33 5.33 8.83 9.42 10.07 8.61 8.98 10.66 11.17 11.53 11.97 12.05 12.41 12.92 13.14 11.17 4.89 0.00 0.00 0.00 0.00 0.00 0.00 7.01 9.56 11.53 11.39 11.39 13.43 18.32 21.10 20.95 19.64 18.91 17.96 17.45 15.04 12.19 12.63 14.09 15.77 17.59 18.98 18.91 18.10 18.25 18.47 17.96 18.83 17.96 19.86 21.17 21.17 22.41 24.02 24.45 24.97 23.43 23.07 24.31 24.02 24.60 25.77 24.45 24.75 24.45 25.19 25.11 25.48 24.53 23.00 21.83 20.81 19.56 18.47 18.32
13.94 12.70 11.97 11.68 9.42 4.02 2.56 2.48 9.93 9.93 9.13 9.64 10.44 10.00 11.10 11.02 12.12 12.12 11.24 11.32 9.86 6.64 5.33 5.26 0.00 0.00 0.00 0.00 0.00 0.00 2.56 5.48 8.98 11.83 12.70 12.70 14.02 15.91 13.36 10.59 10.59 11.61 11.61 12.70 13.51 14.75 15.18 15.70 17.23 18.54 20.51 19.78 18.91 18.98 18.54 18.76 18.47 18.18 19.35 21.10 21.10 22.34 22.70 21.90 22.19 19.42 18.98 19.35 19.71 17.59 18.61 19.78 20.37 19.35 18.61 19.71 21.24 21.10 21.17 21.24 20.95 19.49 19.20 19.20
17.89 17.67 16.57 14.24 13.07 10.15 8.40 6.79 10.73 10.73 10.15 11.83 12.34 13.21 13.87 12.92 11.75 10.44 8.83 7.45 4.96 0.00 0.00 0.00 0.00 0.00 0.00 0.00 0.00 0.00 7.59 8.25 11.61 11.90 13.51 13.51 13.65 9.20 5.91 6.64 8.10 10.37 12.19 12.63 13.36 15.26 15.18 15.26 17.01 19.42 21.39 21.39 19.49 16.72 15.55 17.67 18.10 17.52 18.18 19.49 19.49 20.44 20.44 20.66 18.91 17.01 16.21 16.13 14.60 14.24 14.89 15.33 15.70 17.52 18.10 18.76 19.42 18.69 19.86 20.15 19.05 19.05 16.43 17.52
18.40 18.18 16.50 15.55 14.45 11.10 12.85 15.84 12.99 12.99 12.19 13.36 15.33 15.18 13.58 13.43 11.53 9.20 4.67 2.63 0.00 0.00 0.00 0.00 0.00 0.00 0.00 0.00 2.41 11.24 9.71 11.97 13.36 14.45 14.60 14.60 12.63 9.56 8.10 8.61 10.73 11.97 12.12 12.41 14.31 15.77 17.23 16.72 17.16 17.45 19.05 18.61 17.89 17.37 16.13 15.33 15.77 16.94 17.01 17.45 17.45 18.25 19.27 18.40 16.57 15.99 15.99 15.84 15.11 13.43 13.29 14.45 15.62 16.79 17.01 15.33 15.55 13.51 14.75 15.59 17.20 16.83 15.87 18.56
18.40 18.18 16.50 15.55 14.45 11.10 12.85 15.84 12.99 12.99 12.19 13.36 15.33 15.18 13.58 13.43 11.53 9.20 4.67 2.63 0.00 0.00 0.00 0.00 0.00 0.00 0.00 0.00 2.41 11.24 9.71 11.97 13.36 14.45 14.60 14.60 12.63 9.56 8.10 8.61 10.73 11.97 12.12 12.41 14.31 15.77 17.23 16.72 17.16 17.45 19.05 18.61 17.89 17.37 16.13 15.33 15.77 16.94 17.01 17.45 17.45 18.25 19.27 18.40 16.57 15.99 15.99 15.84 15.11 13.43 13.29 14.45 15.62 16.79 17.01 17.72 21.45 19.43 20.20 26.49 28.40 22.39 20.42 19.25
13.36 16.28 16.06 14.82 16.35 15.33 13.21 16.94 16.28 16.28 13.87 14.67 15.48 14.67 13.87 11.83 8.47 2.77 0.00 0.00 0.00 0.00 0.00 0.00 0.00 0.00 0.00 2.34 7.81 9.64 10.37 14.02 14.97 16.13 16.57 16.57 14.89 12.85 12.63 13.94 16.43 16.21 16.13 16.57 16.64 16.13 18.32 20.44 20.44 17.81 15.99 15.33 16.79 15.55 13.87 12.78 13.51 14.75 15.55 15.11 15.11 14.38 15.04 15.55 14.60 13.87 13.36 14.53 13.07 13.87 14.82 15.84 16.06 14.68 18.84 21.18 22.38 20.68 18.74 24.37 22.64 20.33 19.02 19.47
8.40 9.78 10.37 11.39 12.12 12.12 15.91 15.77 16.06 16.06 16.28 14.09 11.90 9.93 7.96 3.21 0.00 0.00 0.00 0.00 0.00 0.00 0.00 0.00 0.00 2.41 3.72 10.73 11.68 10.37 11.24 12.99 14.60 15.77 16.86 16.86 15.91 14.60 13.80 14.82 16.94 17.37 17.81 17.96 16.35 17.67 18.98 18.10 16.94 15.33 12.34 12.12 12.56 11.53 12.26 11.68 11.61 12.26 15.11 15.77 15.77 15.62 16.57 16.21 13.80 13.94 15.04 14.16 14.31 14.60 15.18 13.43 15.08 19.18 21.04 20.98 21.79 22.52 25.39 23.55 21.90 21.07 22.54 21.47
7.81 7.81 7.81 9.13 10.59 12.26 14.24 16.72 13.29 13.29 9.93 7.81 3.94 2.41 2.04 0.00 0.00 0.00 0.00 0.00 0.00 0.00 0.00 0.80 7.15 9.86 10.51 12.41 11.39 10.95 11.75 12.05 12.19 12.05 11.02 11.02 11.68 12.78 13.51 13.51 13.14 11.90 12.12 12.12 12.63 14.38 15.40 14.97 13.87 13.87 12.85 11.83 10.07 10.37 10.44 11.10 11.39 12.12 13.72 15.55 15.55 16.13 15.11 14.38 14.31 14.02 13.14 13.07 13.14 12.19 11.97 11.68 11.46 11.19 12.42 17.36 21.37 21.37 19.26 21.58 22.16 22.71 20.24 19.47
7.81 7.81 7.81 9.13 10.59 12.26 14.24 16.72 13.29 13.29 9.93 7.81 3.94 2.41 2.04 0.00 0.00 0.00 0.00 0.00 0.00 0.00 0.00 0.80 7.15 9.86 10.51 12.41 11.39 10.95 11.75 12.05 12.19 12.05 11.02 11.02 11.68 12.78 13.51 13.51 13.14 11.90 12.12 12.12 12.63 14.38 15.40 14.97 13.87 13.87 12.85 11.83 10.07 10.37 10.44 11.10 11.39 12.12 13.72 15.55 15.55 16.13 15.11 14.38 14.31 14.02 13.14 13.07 13.14 12.19 11.97 11.68 11.17 11.02 12.05 16.12 19.04 19.79 20.55 22.39 22.16 22.22 22.23 20.82
13.29 9.56 5.69 5.18 5.18 6.79 8.03 8.69 1.24 1.24 0.00 0.00 0.00 0.00 0.00 0.00 0.00 0.00 0.00 0.07 2.56 6.64 8.98 8.69 9.34 9.42 10.00 11.46 11.24 10.95 9.49 10.44 11.83 12.26 12.48 12.48 12.85 13.51 12.63 12.41 11.68 9.71 8.47 8.25 7.08 7.74 9.64 11.75 12.56 11.39 11.83 8.32 8.76 8.54 8.76 7.74 7.37 8.18 9.34 11.75 11.75 12.63 13.36 12.99 12.92 14.09 13.43 12.92 13.14 12.41 12.12 11.75 11.46 11.10 10.86 13.54 17.36 17.88 20.35 21.25 20.89 22.01 20.78 19.93
8.61 10.51 9.34 7.15 4.96 5.77 13.87 0.00 0.00 0.00 0.00 0.00 0.00 0.00 0.00 0.00 0.00 0.00 3.36 9.86 5.91 7.66 8.10 8.47 8.47 9.20 10.95 10.59 11.17 11.10 10.07 10.95 13.21 12.48 11.83 11.83 11.68 12.12 12.12 10.29 9.27 7.88 5.69 4.31 5.04 5.62 6.86 9.71 9.56 10.44 6.79 6.86 6.94 7.74 7.74 7.66 7.81 8.61 10.73 13.07 13.07 14.38 14.60 14.31 13.07 13.65 14.09 11.24 10.95 12.78 11.61 11.10 10.59 10.89 13.86 15.74 14.21 16.00 18.19 16.06 19.30 18.93 19.10 19.78
10.73 13.14 12.85 12.41 10.44 7.37 0.00 0.00 0.00 0.00 0.00 0.00 0.00 0.00 0.00 0.00 0.51 4.31 8.69 8.18 7.59 8.18 7.96 9.20 10.07 10.07 10.66 11.02 11.61 11.53 9.42 9.93 11.53 11.83 11.83 11.83 11.10 10.15 9.56 9.20 6.57 6.79 4.96 4.96 4.60 5.18 5.91 5.18 5.77 5.33 5.11 5.77 5.40 5.26 5.55 8.54 10.88 11.24 12.85 15.04 15.04 15.04 15.04 14.75 13.80 12.05 11.10 10.44 10.51 11.24 10.22 10.29 10.91 13.90 14.39 15.71 16.43 18.60 15.06 14.13 15.97 16.21 14.40 14.50
13.07 13.29 12.26 11.90 12.85 10.37 7.01 4.09 0.00 0.00 0.00 1.46 1.31 3.14 1.24 3.29 4.96 3.72 5.18 6.72 7.66 8.25 8.40 8.83 8.98 9.34 8.91 9.56 8.18 8.91 9.13 10.29 12.48 11.83 10.59 10.59 10.51 10.37 7.96 6.13 6.86 8.25 7.88 7.74 5.84 7.23 6.79 6.06 5.18 4.67 5.04 5.62 6.20 6.20 6.86 10.00 10.95 11.90 12.26 12.63 12.63 13.43 11.83 9.93 9.93 9.34 8.18 7.96 8.40 10.66 10.15 10.39 11.48 12.56 16.26 15.20 16.50 14.79 15.45 16.09 16.31 18.60 16.17 14.41
13.07 13.29 12.26 11.90 12.85 10.37 7.01 4.09 0.00 0.00 0.00 1.46 1.31 3.14 1.24 3.29 4.96 3.72 5.18 6.72 7.66 8.25 8.40 8.83 8.98 9.34 8.91 9.56 8.18 8.91 9.13 10.29 12.48 11.83 10.59 10.59 10.51 10.37 7.96 6.13 6.86 8.25 7.88 7.74 5.84 7.23 6.79 6.06 5.18 4.67 5.04 5.62 6.20 6.20 6.86 10.00 10.95 11.90 12.26 12.63 12.63 13.43 11.83 9.93 9.93 9.34 8.18 7.96 8.40 10.66 10.15 12.75 10.76 13.65 14.60 18.81 16.75 16.35 15.76 14.51 15.77 15.99 17.58 16.36
11.17 12.05 10.07 11.68 10.73 10.37 8.91 9.05 8.10 8.10 8.25 5.99 5.33 4.53 4.31 5.69 5.04 3.65 3.72 4.02 5.04 6.28 5.84 6.50 6.86 6.35 6.13 6.86 8.32 9.64 9.27 8.98 8.98 9.20 10.00 10.00 9.93 9.05 7.45 6.72 7.74 10.88 10.88 8.25 5.33 5.11 5.48 6.50 3.87 3.21 2.99 2.19 4.45 5.99 6.86 8.69 8.32 9.34 7.88 8.18 8.18 8.32 8.10 7.15 5.91 6.13 7.01 7.30 9.13 9.78 9.61 9.48 10.95 11.29 12.34 14.84 17.52 15.58 14.41 16.75 15.29 12.30 15.55 14.32
11.24 12.56 11.24 13.29 11.83 9.42 8.25 6.42 6.57 6.57 6.06 6.06 6.28 7.59 7.59 6.57 4.74 3.43 3.58 4.53 5.40 5.40 5.84 4.96 4.82 5.11 6.50 7.01 7.96 8.91 8.98 9.42 9.20 8.69 8.98 8.98 9.78 10.15 9.71 9.27 10.22 10.07 8.10 5.77 3.58 4.31 4.23 3.43 4.67 3.72 2.56 0.00 0.00 5.62 3.65 5.91 6.79 7.23 6.64 5.84 5.84 5.11 5.77 5.40 3.80 4.82 5.99 6.50 9.05 10.56 10.03 9.51 10.03 9.86 11.19 12.55 14.15 15.56 15.29 16.19 12.46 14.19 16.63 16.35
8.25 9.05 12.85 12.92 12.85 12.05 10.59 8.03 5.91 5.91 5.84 5.11 7.37 9.56 9.34 6.20 3.65 3.58 4.02 4.89 5.69 6.64 7.37 6.42 5.11 5.48 5.84 5.77 6.06 7.88 9.49 10.73 10.44 9.86 9.93 9.93 10.37 11.10 10.51 9.71 10.15 8.76 4.82 4.31 2.99 4.23 4.74 4.38 3.80 3.65 2.56 0.00 0.00 0.00 4.60 5.77 6.42 6.42 6.28 6.20 6.20 7.59 7.52 7.59 6.86 7.37 10.73 11.90 12.41 11.53 12.99 14.16 14.24 13.43 13.43 13.88 14.33 17.09 20.06 15.55 17.05 15.48 16.13 16.91
7.66 9.42 11.46 11.24 10.59 9.13 10.07 9.71 8.54 8.54 7.45 8.25 10.37 11.46 11.10 9.42 6.64 5.91 5.55 5.18 5.69 5.40 5.84 5.91 5.11 7.01 6.86 5.62 7.88 11.39 11.61 12.05 11.53 11.02 11.10 11.10 11.68 10.44 8.32 6.20 6.06 5.55 4.02 3.94 4.02 3.80 2.77 0.44 0.66 2.92 3.80 0.00 4.96 6.79 8.40 9.64 9.86 9.56 9.20 9.86 9.86 10.44 10.29 9.93 8.91 9.05 13.51 17.81 18.83 17.81 20.15 21.83 21.32 18.10 17.41 18.12 19.84 15.64 20.22 20.13 21.35 17.65 18.16 13.62
9.27 12.85 11.97 11.68 9.56 9.05 7.37 7.23 6.13 6.13 7.30 9.34 12.41 12.12 10.37 9.27 7.15 6.50 5.69 5.33 5.91 4.89 5.69 5.77 7.96 9.27 9.27 9.13 10.15 12.56 13.51 12.70 12.12 12.85 13.14 13.14 10.51 5.33 4.16 3.14 2.70 3.29 4.45 3.80 2.92 4.09 3.80 0.00 2.04 5.91 6.72 9.42 11.24 11.10 11.46 14.60 15.48 14.97 12.19 10.44 10.44 9.34 7.56 6.06 7.81 9.86 14.60 19.64 20.15 19.42 20.81 21.32 22.19 21.61 23.04 23.55 27.50 19.50 21.14 18.10 15.79 15.42 17.45 17.61
9.27 12.85 11.97 11.68 9.56 9.05 7.37 7.23 6.13 6.13 7.30 9.34 12.41 12.12 10.37 9.27 7.15 6.50 5.69 5.33 5.91 4.89 5.69 5.77 7.96 9.27 9.27 9.13 10.15 12.56 13.51 12.70 12.12 12.85 13.14 13.14 10.51 5.33 4.16 3.14 2.70 3.29 4.45 3.80 2.92 4.09 3.80 0.00 2.04 5.91 6.72 9.42 11.24 11.10 11.46 14.60 15.48 14.97 12.19 10.44 10.44 9.34 7.56 6.06 7.81 9.86 14.60 19.64 20.15 19.42 20.81 21.32 22.19 21.61 22.12 23.68 21.36 17.15 17.70 21.06 19.32 15.75 13.67 16.25
10.22 9.20 9.05 10.59 10.37 10.66 8.32 10.95 8.91 8.91 7.74 8.18 9.42 10.37 9.86 9.05 7.59 7.45 7.81 7.30 7.30 7.96 8.47 8.61 9.71 9.78 10.37 11.39 11.97 12.85 13.51 12.05 11.75 9.49 7.15 7.15 5.04 3.87 4.38 3.65 4.67 4.67 3.72 2.92 4.60 6.50 7.52 6.13 8.32 13.43 11.61 12.56 14.89 17.67 18.83 18.10 15.62 12.26 10.88 9.78 9.78 6.42 0.00 5.33 9.64 12.48 13.43 16.21 17.52 18.18 18.47 21.17 24.75 24.82 25.55 26.34 23.51 27.91 25.13 22.52 18.03 16.67 19.14 20.18
9.05 11.46 12.12 10.95 12.85 13.36 13.80 13.51 9.86 9.86 5.91 5.11 7.52 8.61 9.05 7.81 7.45 6.35 8.91 9.34 8.25 8.18 8.98 9.05 8.83 10.66 13.43 14.16 13.14 12.70 12.41 9.78 8.98 7.37 8.10 8.10 6.79 5.55 6.57 6.57 6.57 4.67 2.99 0.00 5.99 6.28 6.42 6.72 9.05 11.68 11.46 11.61 12.92 15.91 18.47 18.83 14.38 10.44 8.40 3.65 3.65 0.00 0.00 7.52 12.34 15.77 17.59 18.47 18.76 18.91 19.93 23.43 27.16 28.32 28.53 28.03 25.55 24.33 26.53 24.26 27.86 18.45 21.63 25.46
11.83 12.56 11.32 9.64 8.69 11.32 12.78 12.19 11.32 11.32 8.91 8.10 9.86 8.40 5.84 5.91 8.25 6.35 6.42 9.20 10.07 8.03 8.25 8.91 8.25 11.24 14.82 16.50 13.43 10.88 10.15 8.10 7.59 8.47 9.64 9.64 11.39 10.73 10.51 10.15 9.71 6.57 4.09 4.96 4.16 4.74 0.00 5.77 8.10 11.75 10.15 8.76 8.98 11.97 13.80 14.09 11.02 6.57 5.18 0.00 0.00 1.61 5.91 9.86 12.99 17.23 19.49 19.64 19.71 20.00 20.73 24.16 27.72 27.50 24.01 25.10 26.06 20.29 21.46 24.82 24.89 25.55 24.19 25.37
9.78 8.83 7.88 5.26 5.40 9.42 11.02 11.83 12.56 12.56 12.26 12.48 7.52 5.48 6.42 4.82 6.20 6.50 5.77 7.66 9.27 9.56 10.59 12.70 11.97 11.32 13.14 14.45 13.87 10.51 9.20 9.64 9.27 8.98 10.37 10.37 12.05 11.97 11.90 11.90 7.52 7.37 9.20 9.34 8.83 7.59 9.78 10.44 9.71 11.61 9.20 9.05 8.98 11.46 11.02 8.40 7.88 7.66 6.35 5.62 5.62 5.62 7.15 9.27 12.63 17.01 17.45 18.91 22.56 27.67 27.45 24.38 27.09 27.78 23.98 19.90 21.95 25.61 21.61 25.98 27.01 23.44 28.08 27.64
4.82 7.74 8.47 5.04 5.33 5.91 7.23 8.47 10.37 10.37 9.13 7.52 5.69 5.18 7.74 7.74 5.69 6.28 6.13 6.64 6.35 7.23 9.86 11.83 12.26 13.36 12.99 11.61 11.46 11.83 11.97 12.05 11.61 9.93 11.17 11.17 12.99 12.56 11.10 9.05 9.49 8.69 13.29 12.63 14.53 13.21 13.43 12.85 11.32 10.22 10.15 10.88 11.39 11.75 11.61 10.80 9.34 7.15 5.77 5.69 5.69 7.66 6.94 7.08 11.97 15.70 17.37 19.93 21.97 24.45 25.23 27.24 31.43 23.81 20.77 20.96 22.12 22.39 25.08 26.54 25.72 23.38 25.76 21.13
4.82 7.74 8.47 5.04 5.33 5.91 7.23 8.47 10.37 10.37 9.13 7.52 5.69 5.18 7.74 7.74 5.69 6.28 6.13 6.64 6.35 7.23 9.86 11.83 12.26 13.36 12.99 11.61 11.46 11.83 11.97 12.05 11.61 9.93 11.17 11.17 12.99 12.56 11.10 9.05 9.49 8.69 13.29 12.63 14.53 13.21 13.43 12.85 11.32 10.22 10.15 10.88 11.39 11.75 11.61 10.80 9.34 7.15 5.77 5.69 5.69 7.66 6.94 7.08 11.97 15.70 17.37 19.93 21.97 24.45 25.36 26.95 28.42 26.53 22.17 24.45 25.68 21.66 26.20 25.78 27.20 27.73 23.52 17.94
5.99 8.83 6.64 3.43 2.70 3.50 5.11 6.79 8.54 8.54 7.08 5.26 1.75 3.72 4.16 4.53 2.70 0.00 5.69 5.11 4.53 5.04 6.42 8.69 12.70 14.97 14.89 13.65 14.24 15.70 15.33 14.16 12.56 12.34 11.90 11.90 10.59 9.64 10.29 11.61 11.83 11.75 15.11 15.55 14.53 16.50 15.04 12.48 9.93 8.32 7.45 8.10 9.49 8.10 9.56 10.22 10.00 9.64 8.54 6.64 6.68 6.75 6.09 9.27 16.06 20.37 21.83 23.94 26.27 26.84 27.28 26.55 27.98 26.14 22.35 21.27 21.58 22.74 26.04 22.76 23.58 28.55 20.53 14.75
8.69 7.66 6.13 3.65 4.16 4.23 6.35 7.74 7.15 7.15 7.88 6.86 4.96 3.36 1.97 3.14 4.67 4.53 0.00 5.18 6.57 6.50 6.20 8.98 12.70 13.43 14.53 12.63 13.65 15.11 14.75 12.78 9.49 9.86 10.88 10.88 11.24 12.85 11.83 14.02 13.65 13.87 15.55 14.75 13.29 13.29 12.19 10.95 8.25 7.08 7.37 7.30 7.59 7.52 6.06 8.32 8.98 11.32 9.56 5.55 5.55 6.28 10.80 16.21 18.98 20.95 23.00 27.30 29.93 28.18 26.43 24.68 23.18 21.84 16.77 13.90 18.03 19.40 20.65 24.44 23.77 24.39 19.44 13.85
12.85 11.83 7.81 7.45 9.42 9.34 8.47 8.10 8.25 8.25 7.30 5.69 4.02 3.43 2.77 3.58 5.99 6.13 6.13 5.77 6.86 5.18 6.13 10.73 12.92 10.66 8.83 10.00 11.24 12.19 12.48 10.51 10.51 11.17 10.51 10.51 11.02 11.24 12.34 13.21 13.51 15.62 13.87 12.92 10.07 8.03 7.23 5.48 4.09 4.74 6.50 7.52 7.15 6.13 0.00 0.00 5.48 7.23 7.30 6.94 6.94 7.15 10.07 15.33 18.91 21.68 24.75 28.54 30.59 27.81 24.82 23.08 20.74 16.61 11.80 12.72 17.86 20.51 20.67 21.74 23.89 20.74 15.75 13.43
12.05 11.61 10.07 9.78 10.29 9.42 9.27 10.59 8.91 8.91 7.96 6.13 2.63 0.00 3.36 3.94 0.00 0.00 0.00 4.23 5.77 6.28 7.15 9.42 12.26 9.49 9.27 9.93 6.42 5.84 7.96 7.74 7.96 8.61 8.83 8.83 8.47 9.05 10.51 8.83 8.98 9.71 11.46 12.19 10.66 6.57 8.54 9.27 9.20 6.42 6.64 8.10 6.35 0.00 0.00 0.00 2.77 3.94 5.48 5.62 5.62 7.01 11.39 17.81 20.95 22.27 24.45 28.47 29.13 27.96 26.21 21.90 16.16 11.32 11.12 10.83 15.30 18.05 17.75 15.63 18.42 20.52 13.78 13.19
10.07 9.78 7.23 7.59 6.94 4.96 6.35 6.64 5.48 5.48 4.31 0.00 2.99 0.00 1.75 0.00 3.87 4.38 0.00 3.65 5.91 7.37 8.47 7.01 11.46 13.87 7.23 0.00 0.00 0.00 0.00 0.00 3.65 3.07 4.23 4.23 3.50 6.20 7.88 0.00 0.00 4.74 6.79 7.30 9.71 8.40 7.74 5.04 4.82 2.63 0.00 1.39 0.00 0.00 0.00 0.00 4.67 7.88 10.15 10.44 10.44 10.59 11.68 13.14 15.33 17.45 20.88 27.38 28.03 25.77 23.87 17.59 11.52 6.57 5.40 7.04 8.71 8.65 9.38 9.40 11.66 14.45 14.38 13.05
10.07 10.80 8.83 6.94 5.77 5.33 4.38 3.29 2.85 2.85 0.00 0.00 4.09 0.00 0.00 0.00 0.00 0.00 0.00 0.00 0.00 2.63 2.99 3.21 4.74 6.42 4.60 0.00 0.00 0.00 0.00 0.00 0.00 4.09 0.00 0.00 0.00 0.00 0.00 3.29 2.77 0.00 0.00 3.21 4.67 2.85 4.23 4.67 3.80 0.37 0.00 0.00 0.00 0.00 0.00 6.28 5.33 8.76 9.34 5.91 5.91 6.35 7.01 8.10 11.53 15.33 19.27 22.48 23.14 20.59 16.50 11.89 6.70 6.26 3.91 6.64 6.22 2.25 3.04 3.83 8.55 12.56 13.86 12.22
10.07 10.80 8.83 6.94 5.77 5.33 4.38 3.29 2.85 2.85 0.00 0.00 4.09 0.00 0.00 0.00 0.00 0.00 0.00 0.00 0.00 2.63 2.99 3.21 4.74 6.42 4.60 0.00 0.00 0.00 0.00 0.00 0.00 4.09 0.00 0.00 0.00 0.00 0.00 3.29 2.77 0.00 0.00 3.21 4.67 2.85 4.23 4.67 3.80 0.37 0.00 0.00 0.00 0.00 0.00 6.28 5.33 8.76 9.34 5.91 5.91 6.35 7.01 8.10 11.53 15.33 19.27 22.48 23.14 20.59 16.50 11.83 6.60 6.16 3.91 6.93 5.54 2.16 2.97 4.02 8.37 13.22 13.86 11.97
7.81 9.49 11.24 10.29 9.49 8.91 4.67 2.19 2.85 2.85 0.00 2.63 5.33 6.42 0.00 0.00 0.00 0.00 0.00 0.00 0.00 0.00 1.02 0.00 0.00 0.00 0.00 0.00 0.00 0.00 0.00 0.00 0.00 1.97 3.43 3.43 0.00 0.00 0.00 4.02 4.38 0.00 0.00 2.77 5.11 5.33 4.53 0.00 0.00 0.00 0.00 0.00 0.00 2.77 4.09 4.74 3.29 5.18 7.08 5.99 5.99 6.13 6.86 8.47 11.53 12.63 16.43 18.76 16.57 13.80 10.44 3.65 2.56 4.79 4.40 3.57 2.82 2.77 1.94 0.00 7.49 11.08 12.97 10.78
