Wansh/Snow_depth/snowdepth-1983/winter/1984060.txt
ncols 321
nrows 161
xllcenter 60
yllcenter 15 
cellsize  0.25 
NODATA_value -1
[rows 0 to 36 of 161, columns 83 to 165 of 321]
25.77 25.26 27.23 26.13 23.94 21.53 16.94 14.97 14.16 15.99 16.94 18.18 17.52 17.45 15.77 15.33 16.06 18.40 18.98 18.98 20.73 20.08 16.86 12.41 7.15 5.40 4.23 3.80 5.99 6.13 7.37 9.42 10.95 8.40 7.30 6.28 7.45 5.91 7.74 8.10 10.15 12.48 12.70 12.05 12.05 7.15 5.77 4.60 6.35 9.42 12.56 14.89 14.09 11.39 10.95 12.63 13.07 12.34 10.88 8.25 5.04 4.67 5.18 3.36 2.04 6.06 7.88 9.42 10.29 10.29 13.14 14.82 17.37 17.89 15.99 14.75 15.55 17.37 19.49 21.39 20.66 17.37 14.97
21.61 22.78 23.29 22.34 20.22 16.28 15.33 14.75 13.58 14.60 15.48 15.55 14.60 13.51 12.63 11.97 13.07 15.18 16.21 16.21 14.75 15.11 17.52 15.70 11.83 6.86 4.16 5.11 3.94 7.30 7.59 7.23 8.54 7.74 5.77 4.16 4.31 5.18 0.00 6.79 9.93 13.21 14.97 15.33 15.33 12.41 8.03 5.69 4.82 6.72 7.81 8.18 8.32 8.03 9.13 9.27 9.13 8.98 7.81 7.81 5.04 6.57 7.01 5.11 7.96 9.05 9.49 10.07 10.88 10.88 14.16 15.11 16.57 19.27 19.78 20.22 20.95 20.29 21.68 22.92 20.81 19.78 18.10
18.76 19.64 20.59 16.94 15.70 14.16 15.48 15.91 16.86 17.89 19.42 20.59 18.47 15.99 12.99 9.86 10.66 11.02 11.90 11.90 12.78 13.21 14.60 15.62 12.85 8.98 9.13 6.86 5.11 6.28 8.10 7.96 7.23 7.45 7.08 6.20 5.91 6.79 7.52 8.76 10.44 13.14 13.58 15.55 15.55 17.45 19.27 17.16 10.44 5.91 6.50 7.88 7.45 6.64 8.18 11.02 13.29 14.89 15.91 16.43 13.21 10.29 10.37 15.99 14.97 13.58 12.63 13.07 16.28 16.28 15.26 14.97 12.48 13.14 17.45 20.00 22.70 22.78 23.43 24.60 23.73 23.07 24.45
18.76 19.64 20.59 16.94 15.70 14.16 15.48 15.91 16.86 17.89 19.42 20.59 18.47 15.99 12.99 9.86 10.66 11.02 11.90 11.90 12.78 13.21 14.60 15.62 12.85 8.98 9.13 6.86 5.11 6.28 8.10 7.96 7.23 7.45 7.08 6.20 5.91 6.79 7.52 8.76 10.44 13.14 13.58 15.55 15.55 17.45 19.27 17.16 10.44 5.91 6.50 7.88 7.45 6.64 8.18 11.02 13.29 14.89 15.91 16.43 13.21 10.29 10.37 15.99 14.97 13.58 12.63 13.07 16.28 16.28 15.26 14.97 12.48 13.14 17.45 20.00 22.70 22.78 23.43 24.60 23.73 23.07 24.45
18.10 16.35 15.70 15.04 15.99 17.23 16.06 15.40 15.91 18.98 19.78 18.03 16.06 16.28 15.99 15.26 12.78 8.18 7.52 7.52 8.98 10.88 13.58 15.91 17.08 18.18 15.11 10.15 7.66 7.96 7.59 7.74 6.42 7.37 9.49 9.86 9.86 8.54 9.27 11.17 10.44 10.15 10.51 12.48 12.48 15.99 20.51 22.78 20.29 15.04 10.88 8.61 7.74 7.66 6.94 6.28 7.37 9.13 10.51 14.24 17.01 12.78 20.08 17.74 15.91 16.86 18.91 20.37 20.44 20.44 21.02 18.76 17.37 16.64 17.37 17.52 21.53 24.97 24.97 23.94 22.85 22.48 17.67
18.91 16.79 17.96 18.47 16.72 13.94 10.66 9.34 10.07 12.19 12.70 13.72 15.70 17.23 16.06 16.06 17.59 18.91 14.89 14.89 10.44 7.59 7.01 11.68 16.43 18.54 17.45 12.99 10.15 9.42 8.61 7.88 8.03 11.32 12.92 12.26 11.02 7.88 7.23 7.15 6.86 6.64 6.79 7.59 7.59 10.51 16.86 21.68 23.36 20.44 12.99 9.78 8.69 8.69 9.27 9.05 7.45 7.23 10.59 14.60 16.86 18.83 21.24 22.56 24.16 20.81 19.64 19.13 17.74 17.74 18.10 18.47 18.18 18.03 16.28 14.60 15.26 16.28 15.26 16.50 19.35 19.35 18.10
19.64 18.83 17.59 15.70 14.16 12.48 11.90 11.53 12.48 12.63 11.90 11.46 12.78 14.82 15.26 15.40 15.84 15.11 14.53 14.53 16.64 15.40 9.56 5.18 11.90 14.97 13.87 10.59 10.15 10.15 9.56 9.05 9.56 10.80 12.34 11.17 8.47 5.04 2.99 0.00 4.09 6.42 8.83 11.53 11.53 13.43 17.23 21.02 21.61 17.08 11.83 9.78 9.93 10.07 9.56 12.05 15.55 16.86 20.29 14.02 19.05 22.19 28.25 30.73 28.91 26.13 23.87 21.24 19.78 19.78 19.42 21.02 23.87 21.10 20.44 19.78 18.69 17.01 14.75 12.63 15.04 10.51 14.89
19.64 18.83 17.59 15.70 14.16 12.48 11.90 11.53 12.48 12.63 11.90 11.46 12.78 14.82 15.26 15.40 15.84 15.11 14.53 14.53 16.64 15.40 9.56 5.18 11.90 14.97 13.87 10.59 10.15 10.15 9.56 9.05 9.56 10.80 12.34 11.17 8.47 5.04 2.99 0.00 4.09 6.42 8.83 11.53 11.53 13.43 17.23 21.02 21.61 17.08 11.83 9.78 9.93 10.07 9.56 12.05 15.55 16.86 20.29 14.02 19.05 22.19 28.25 30.73 28.91 26.13 23.87 21.24 19.78 19.78 19.42 21.02 23.87 21.10 20.44 19.78 18.69 17.01 14.75 12.63 15.04 10.51 14.89
14.53 13.94 14.09 12.70 12.85 12.12 10.95 9.49 9.42 10.88 11.68 11.97 10.51 12.19 14.89 16.79 15.77 14.89 12.78 12.78 15.33 17.59 15.91 15.99 12.70 12.05 12.19 11.10 10.51 9.93 9.78 10.22 9.86 10.29 11.75 11.02 8.03 4.74 3.87 5.77 6.42 7.59 9.93 12.26 12.26 12.78 12.48 10.95 10.07 9.56 9.20 9.64 9.56 8.03 8.61 10.66 12.05 12.70 17.23 15.70 16.72 19.42 22.85 24.45 23.80 24.67 25.77 26.50 25.84 25.84 24.45 23.87 23.51 21.17 20.95 22.41 22.05 19.42 16.64 15.99 12.99 10.51 9.27
11.39 9.42 9.42 11.46 13.21 13.72 12.34 10.15 7.37 7.74 9.49 10.37 11.02 11.46 11.90 12.78 14.82 15.84 15.55 15.55 17.52 18.61 20.73 15.62 9.71 9.78 10.51 11.32 11.97 11.24 11.68 10.29 9.56 10.22 15.40 15.26 9.42 8.32 8.10 7.96 6.79 6.64 6.86 7.30 7.30 6.86 7.15 7.59 9.34 14.97 14.82 17.23 21.24 18.91 12.70 12.34 12.48 10.22 12.99 12.26 12.05 12.85 14.02 15.04 16.35 16.64 19.56 20.73 20.73 20.73 21.39 21.83 21.17 20.73 19.35 18.47 18.61 18.69 20.22 19.42 14.75 12.78 11.17
14.02 12.34 10.59 10.00 11.17 11.02 9.71 7.88 7.08 7.96 8.47 7.66 7.37 10.37 12.34 12.78 14.16 15.84 19.49 19.49 19.05 23.36 19.42 13.14 10.37 10.95 11.68 11.61 9.93 9.27 8.47 9.05 9.56 11.02 10.88 9.78 8.54 8.03 8.25 7.88 7.66 9.42 10.37 10.37 10.37 11.10 9.71 9.86 12.41 13.51 11.53 12.63 16.79 15.11 12.05 11.24 11.53 17.16 16.35 15.33 14.16 13.65 15.91 15.18 16.86 18.10 21.90 26.06 29.71 29.71 29.64 26.06 23.51 20.73 17.45 14.60 17.52 19.93 19.27 16.79 14.09 13.72 12.41
14.02 12.34 10.59 10.00 11.17 11.02 9.71 7.88 7.08 7.96 8.47 7.66 7.37 10.37 12.34 12.78 14.16 15.84 19.49 19.49 19.05 23.36 19.42 13.14 10.37 10.95 11.68 11.61 9.93 9.27 8.47 9.05 9.56 11.02 10.88 9.78 8.54 8.03 8.25 7.88 7.66 9.42 10.37 10.37 10.37 11.10 9.71 9.86 12.41 13.51 11.53 12.63 16.79 15.11 12.05 11.24 11.53 17.16 16.35 15.33 14.16 13.65 15.91 15.18 16.86 18.10 21.90 26.06 29.71 29.71 29.64 26.06 23.51 20.73 17.45 14.60 17.52 19.93 19.27 16.79 14.09 13.72 12.41
11.53 13.29 11.32 9.20 7.01 5.11 4.89 4.60 6.35 7.08 8.03 9.93 12.05 15.55 18.98 21.46 24.45 26.86 28.47 28.47 0.00 0.00 20.22 13.14 11.24 11.75 11.17 9.34 8.47 8.61 8.91 8.40 8.83 9.27 9.93 9.64 14.02 17.37 13.58 11.90 12.85 14.82 15.18 13.36 13.36 11.61 9.86 9.13 10.59 12.41 13.58 16.13 17.96 12.78 11.61 13.43 13.87 22.78 26.50 23.87 20.00 18.40 16.35 15.04 15.26 17.45 19.56 23.29 25.84 25.84 28.84 28.62 26.72 21.97 19.05 18.10 20.51 23.80 23.43 21.97 19.86 20.00 19.42
11.39 10.37 10.22 7.81 5.55 4.67 5.04 5.99 7.59 9.71 12.05 12.99 15.99 21.46 25.84 24.67 23.87 26.72 30.88 30.88 22.19 19.64 15.11 13.29 12.56 11.32 10.80 10.80 10.44 12.85 15.40 14.60 18.10 20.15 15.84 18.40 21.68 22.41 18.98 16.06 14.24 14.16 12.26 9.64 9.64 10.07 11.46 13.36 15.48 14.67 15.11 15.91 14.09 14.45 14.09 14.45 17.23 20.00 21.90 18.83 20.66 21.24 21.90 21.83 21.24 20.95 21.90 26.79 26.72 26.72 28.54 29.49 29.20 26.86 22.70 20.44 20.29 19.49 10.15 16.64 18.69 18.61 12.85
10.88 8.91 7.23 7.23 7.30 7.08 7.01 7.52 8.47 11.97 17.52 18.91 17.30 19.71 23.73 23.73 23.43 25.04 17.16 17.16 15.70 13.87 15.70 16.79 13.87 10.73 11.32 14.60 17.59 19.20 22.56 27.59 27.89 24.38 20.73 18.76 16.72 14.24 9.49 8.54 9.64 9.13 9.86 11.02 11.02 11.61 13.36 15.40 16.13 15.99 16.94 15.70 13.21 14.02 14.97 19.64 23.21 24.16 21.61 18.18 14.24 17.52 18.47 18.40 23.29 22.78 20.95 21.24 22.56 22.56 25.70 26.57 21.53 15.48 12.70 14.24 15.11 10.37 0.00 0.00 12.19 12.26 11.83
9.56 8.10 8.54 9.49 11.53 12.70 12.41 12.48 11.68 12.78 14.16 14.24 15.04 16.35 14.45 12.63 15.84 14.16 14.67 14.67 12.92 10.95 13.80 20.22 21.53 21.17 17.08 12.85 16.57 20.44 24.60 27.23 27.89 19.35 13.65 10.95 9.13 8.47 9.20 9.64 9.86 10.51 11.32 11.32 11.32 12.05 12.70 13.72 13.07 14.16 15.70 12.85 11.53 13.21 19.49 23.36 26.50 26.50 22.78 16.43 11.24 9.49 11.17 11.46 13.14 16.35 18.40 19.71 22.48 22.48 26.06 25.99 19.86 12.78 7.66 11.39 12.78 0.00 0.00 0.00 12.92 13.43 10.15
9.56 8.10 8.54 9.49 11.53 12.70 12.41 12.48 11.68 12.78 14.16 14.24 15.04 16.35 14.45 12.63 15.84 14.16 14.67 14.67 12.92 10.95 13.80 20.22 21.53 21.17 17.08 12.85 16.57 20.44 24.60 27.23 27.89 19.35 13.65 10.95 9.13 8.47 9.20 9.64 9.86 10.51 11.32 11.32 11.32 12.05 12.70 13.72 13.07 14.16 15.70 12.85 11.53 13.21 19.49 23.36 26.50 26.50 22.78 16.43 11.24 9.49 11.17 11.46 13.14 16.35 18.40 19.71 22.48 22.48 26.06 25.99 19.86 12.78 7.66 11.39 12.78 0.00 0.00 0.00 12.92 13.43 10.15
12.19 10.00 8.54 11.61 13.72 16.28 14.24 10.29 9.86 12.05 15.84 15.99 16.43 19.27 16.64 10.80 10.22 15.04 13.58 13.58 12.12 12.05 11.39 14.38 18.54 21.61 18.76 11.68 9.64 12.63 17.08 22.12 25.26 24.67 19.20 11.61 5.77 5.77 7.66 10.29 12.92 15.40 16.28 16.13 16.13 18.25 18.61 18.32 19.49 17.67 17.67 17.16 16.43 23.51 23.14 22.92 24.53 21.10 16.21 15.26 15.04 18.98 16.43 13.21 11.61 15.70 17.45 20.15 24.67 24.67 27.45 23.65 14.53 9.05 9.64 13.72 14.97 0.00 0.00 0.00 7.30 5.91 8.32
13.65 15.70 16.43 17.96 20.08 21.53 18.98 16.35 14.09 14.89 17.96 20.51 21.90 25.55 27.45 27.08 19.71 22.78 19.27 19.27 15.48 16.13 11.32 9.13 12.12 16.43 18.61 16.35 14.09 15.99 18.61 22.48 26.94 32.34 30.08 19.78 10.66 8.91 9.78 11.68 15.55 17.67 19.78 18.25 18.25 18.47 17.16 13.36 13.80 12.78 14.75 16.43 20.88 17.81 18.98 20.37 20.66 18.25 17.74 20.95 24.45 27.01 25.19 18.91 16.35 17.01 16.35 20.29 29.64 29.64 30.22 24.31 15.18 10.07 10.59 11.10 7.59 0.00 0.00 3.07 3.94 6.06 7.74
13.43 14.60 15.40 17.45 20.44 23.29 24.82 22.05 16.43 17.45 20.88 22.48 20.29 20.66 22.56 21.39 22.41 24.60 26.94 26.94 26.79 23.94 16.35 11.97 11.32 15.99 21.90 21.90 22.12 21.53 20.08 25.19 29.27 29.86 29.05 27.38 20.44 11.75 8.10 7.52 8.32 11.90 15.99 19.13 19.13 23.29 19.20 11.39 9.78 11.32 18.54 16.94 17.59 18.18 16.64 16.06 16.57 16.57 17.89 19.42 23.94 29.05 30.88 22.34 17.37 16.94 20.15 22.70 23.58 23.58 19.20 14.02 8.83 5.40 5.04 5.11 3.65 4.82 5.99 5.84 4.74 5.84 6.06
10.51 12.34 15.62 18.54 19.64 21.46 23.29 22.78 20.59 21.24 25.26 26.13 24.75 22.78 21.10 20.59 21.75 21.61 22.34 22.34 23.43 22.85 21.24 20.08 19.13 20.73 24.53 23.80 20.22 17.23 14.38 16.79 22.56 25.11 22.05 13.21 9.13 7.01 5.91 5.33 7.45 10.00 12.26 16.06 16.06 21.61 23.00 18.32 13.72 13.21 15.11 15.91 17.23 17.16 15.33 16.13 17.59 16.57 14.09 14.16 15.91 12.78 15.62 16.72 16.79 17.37 17.74 15.26 11.97 11.97 6.94 3.65 3.14 1.97 0.15 0.66 0.00 2.34 3.58 4.02 3.94 4.67 4.89
13.14 14.82 16.72 18.32 18.25 18.54 19.27 20.37 22.85 25.04 28.47 30.59 32.19 34.38 32.27 26.21 24.16 25.26 23.29 23.29 27.81 29.49 26.65 26.28 28.84 28.84 29.71 30.59 26.43 20.88 15.84 9.34 8.83 10.95 13.80 11.75 6.28 0.00 0.00 4.23 11.46 16.50 9.56 9.27 9.27 12.48 12.48 14.45 14.75 10.73 11.32 14.53 20.37 22.05 21.17 21.10 22.48 21.97 18.40 16.06 15.91 13.72 12.63 13.07 14.02 14.67 13.21 10.15 7.45 7.45 4.74 1.10 1.46 2.56 2.41 0.00 0.00 3.07 2.92 4.38 5.62 6.13 4.45
13.14 14.82 16.72 18.32 18.25 18.54 19.27 20.37 22.85 25.04 28.47 30.59 32.19 34.38 32.27 26.21 24.16 25.26 23.29 23.29 27.81 29.49 26.65 26.28 28.84 28.84 29.71 30.59 26.43 20.88 15.84 9.34 8.83 10.95 13.80 11.75 6.28 0.00 0.00 4.23 11.46 16.50 9.56 9.27 9.27 12.48 12.48 14.45 14.75 10.73 11.32 14.53 20.37 22.05 21.17 21.10 22.48 21.97 18.40 16.06 15.91 13.72 12.63 13.07 14.02 14.67 13.21 10.15 7.45 7.45 4.74 1.10 1.46 2.56 2.41 0.00 0.00 3.07 2.92 4.38 5.62 6.13 4.45
12.19 12.99 15.33 17.37 20.08 18.69 17.52 23.80 27.23 25.04 26.35 29.35 33.43 33.94 35.55 33.87 30.95 29.93 28.76 28.76 28.62 30.59 30.00 30.44 31.76 33.94 33.73 32.12 29.42 24.45 18.47 11.46 8.98 8.18 7.15 5.26 3.29 1.97 0.00 0.00 7.23 9.64 7.45 6.06 6.06 7.59 7.88 9.78 12.41 12.85 15.99 14.53 15.33 18.32 21.90 23.07 24.82 24.75 21.90 21.97 21.32 20.22 16.28 14.53 15.77 16.57 14.53 9.42 10.88 10.88 12.41 12.92 7.15 4.23 5.26 0.00 0.00 3.36 3.50 3.50 4.31 3.50 3.29
14.24 15.77 16.43 17.30 20.00 20.66 24.09 33.29 39.78 33.43 30.88 30.15 27.16 27.74 29.49 30.00 27.23 27.96 27.23 27.23 26.35 29.35 30.08 30.08 29.27 30.45 32.27 26.91 24.24 20.51 13.29 10.07 8.83 6.64 3.80 0.00 0.00 0.00 0.00 4.45 4.67 4.23 0.00 0.00 0.00 4.89 4.82 6.42 6.57 7.30 5.77 7.88 12.63 14.31 12.12 11.68 12.85 13.14 17.52 23.00 24.67 23.07 17.74 17.74 21.32 23.29 17.23 12.56 13.51 13.51 16.94 17.01 13.07 9.49 0.00 0.00 0.00 0.00 1.53 3.87 7.08 5.62 2.26
18.18 19.71 23.00 25.40 29.20 33.29 33.36 34.75 36.28 31.39 28.84 24.89 24.09 23.94 20.08 22.12 27.52 30.37 32.56 32.56 36.28 37.67 37.30 37.30 36.46 38.01 31.73 33.88 33.72 31.61 24.53 15.70 10.73 7.88 5.40 3.80 2.85 0.00 0.00 6.42 7.45 6.06 6.64 7.01 7.01 8.69 7.23 7.74 8.10 7.59 5.99 4.67 5.40 5.33 5.40 0.00 5.84 9.86 19.78 25.99 25.99 22.19 18.10 18.76 20.44 20.22 17.37 14.82 15.33 15.33 14.16 13.80 10.59 8.54 4.60 0.00 0.00 3.07 5.11 5.62 4.45 2.92 3.14
20.88 21.24 21.53 23.58 27.96 34.46 34.97 31.03 28.25 24.53 25.33 13.07 13.94 11.24 9.86 15.77 23.58 27.89 26.28 26.28 28.25 30.81 33.05 35.37 36.50 36.54 36.76 40.25 38.27 33.56 26.22 19.35 16.57 13.36 9.20 7.96 10.00 8.61 7.23 6.86 7.01 8.76 8.69 5.48 5.48 7.52 9.86 9.56 9.05 8.69 8.10 7.45 6.86 5.84 0.00 3.43 3.94 5.99 8.91 15.62 23.36 22.70 17.16 17.37 16.72 15.18 20.59 25.33 23.29 23.29 21.32 18.32 13.65 11.75 11.90 10.37 12.48 11.17 5.69 6.28 3.87 3.21 4.31
23.94 21.68 20.37 22.12 26.57 30.73 32.85 29.35 26.43 24.45 13.14 7.37 0.00 5.99 6.28 9.05 11.75 13.21 14.02 14.02 12.92 10.69 15.19 22.28 23.80 24.98 30.95 37.10 40.55 40.64 35.91 28.69 25.62 24.60 17.30 14.53 13.36 10.07 9.13 6.86 4.74 7.45 10.29 9.42 9.42 7.45 8.69 6.79 7.23 7.52 7.01 6.64 4.67 0.00 0.00 0.00 6.06 0.00 7.08 12.41 19.86 22.78 22.48 24.09 23.07 16.28 21.46 27.59 27.23 27.23 24.82 21.17 16.50 14.89 15.04 16.06 11.24 6.13 2.77 6.64 4.02 4.02 5.40
23.94 21.68 20.37 22.12 26.57 30.73 32.85 29.35 26.43 24.45 13.14 7.37 0.00 5.99 6.28 9.05 11.75 13.21 14.02 14.09 13.34 10.86 16.27 21.72 24.41 24.60 30.95 35.99 37.68 37.97 36.46 28.98 26.69 27.64 18.31 14.90 13.36 10.07 9.13 6.86 4.74 7.45 10.29 9.42 9.42 7.45 8.69 6.79 7.23 7.52 7.01 6.64 4.67 0.00 0.00 0.00 6.06 0.00 7.08 12.41 19.86 22.78 22.48 24.09 23.07 16.28 21.46 27.59 27.23 27.23 24.82 21.17 16.50 14.89 15.04 16.06 11.24 6.13 2.77 6.64 4.02 4.02 5.40
22.48 21.53 21.68 21.90 23.80 30.73 31.39 28.91 26.35 24.89 15.77 11.46 9.56 8.83 9.34 12.63 14.16 16.21 16.94 16.94 12.56 8.10 4.96 5.94 10.30 15.87 23.89 31.04 31.47 33.14 35.22 31.49 26.70 30.47 31.93 23.78 19.06 13.13 10.88 11.32 7.59 6.28 15.11 17.37 17.37 14.53 11.75 10.22 10.95 10.00 6.64 0.00 0.00 0.00 0.00 0.00 0.00 4.38 5.55 7.59 11.17 18.18 18.69 21.17 27.30 26.13 24.75 25.99 24.09 24.09 18.83 16.13 13.29 12.63 13.80 14.75 11.75 6.94 9.78 5.77 2.99 2.48 2.63
20.29 20.08 19.27 17.59 15.33 17.23 20.22 25.84 27.16 30.08 24.16 22.05 18.54 16.86 19.20 21.75 25.33 28.32 27.96 27.96 19.44 11.17 7.48 5.84 7.59 9.24 10.67 14.45 21.41 27.34 30.01 26.43 22.12 23.07 30.49 33.28 34.09 26.83 19.66 19.05 20.08 11.90 10.37 11.46 11.46 13.80 12.70 11.02 11.83 10.88 9.27 6.50 0.00 0.00 0.00 0.00 0.00 0.00 0.00 3.80 5.18 7.08 10.95 18.76 27.38 28.84 24.09 19.27 20.08 20.08 14.97 12.92 13.43 12.78 14.24 13.87 7.23 5.55 5.40 4.53 2.34 1.31 1.90
21.97 23.14 23.65 24.31 17.67 16.50 15.84 19.35 23.36 22.63 19.78 20.51 16.86 15.77 16.28 21.53 25.11 28.32 26.21 26.21 18.98 13.58 10.22 9.20 7.45 6.35 7.30 12.48 16.59 21.09 27.51 26.72 24.67 25.84 24.24 25.51 29.35 32.73 28.47 30.81 32.05 23.80 12.48 7.01 7.01 5.04 11.24 9.93 9.42 9.78 10.00 9.49 6.20 4.96 2.99 0.00 0.00 0.00 0.00 2.99 2.92 4.74 8.98 19.49 23.36 18.98 15.26 16.35 16.21 16.21 14.24 11.39 8.61 8.69 10.44 12.19 11.97 11.46 10.00 8.76 8.10 9.78 9.64
24.38 30.44 32.63 33.29 30.37 27.52 27.96 30.15 32.78 33.80 25.48 17.52 16.79 17.30 17.37 19.13 20.59 17.01 15.62 15.62 15.55 13.51 12.19 10.00 9.27 7.59 8.61 13.94 17.17 18.91 21.02 22.78 25.40 26.21 24.31 22.70 27.52 29.87 31.92 34.19 33.03 28.25 16.64 8.98 8.98 12.85 14.02 12.48 11.02 9.86 9.71 10.66 9.64 7.59 0.00 0.00 0.00 0.00 5.04 6.79 8.32 8.18 8.76 11.83 12.41 11.97 12.63 16.86 18.40 18.40 19.05 20.00 24.97 15.91 16.64 15.55 14.02 14.09 14.02 13.07 12.05 13.87 14.24
18.03 20.44 27.52 27.16 26.35 23.36 26.86 25.84 26.13 30.45 31.76 30.22 28.11 23.36 20.81 18.54 11.53 7.66 8.32 8.32 8.76 8.76 11.97 13.14 13.87 15.26 14.60 14.60 15.19 17.89 17.37 16.35 17.89 22.12 24.75 24.60 25.19 23.58 22.63 28.09 26.73 21.86 21.75 17.08 17.08 18.47 17.30 12.63 11.83 9.64 10.51 12.05 12.99 10.66 7.66 6.86 5.26 7.23 8.98 9.27 13.36 19.20 20.51 18.61 17.30 15.33 16.35 19.20 17.01 17.01 19.49 33.94 31.39 26.72 22.34 20.44 20.37 21.90 18.98 12.63 10.00 11.17 10.73
10.07 8.69 10.95 12.26 18.69 22.41 20.37 24.97 20.29 13.70 10.73 21.02 26.13 20.37 12.70 8.76 4.74 3.07 3.87 3.87 5.26 7.45 9.42 13.21 17.67 21.68 23.29 20.66 16.43 14.82 12.94 11.42 11.23 11.74 13.80 14.31 12.92 14.16 15.63 17.74 23.00 19.91 20.22 20.73 20.73 20.95 20.08 14.97 12.48 11.17 11.02 13.80 9.86 8.10 8.25 8.18 6.13 5.62 5.99 7.15 11.39 16.28 19.27 23.51 28.03 22.85 19.64 19.78 15.11 15.11 11.39 17.08 20.66 20.51 15.48 16.21 19.56 18.61 17.52 15.33 13.51 12.34 12.12
10.07 8.69 10.95 12.26 18.69 22.41 20.37 24.97 20.29 13.36 10.73 21.02 26.13 20.37 12.70 8.76 4.74 3.07 3.89 3.87 5.26 7.45 9.42 13.21 17.67 21.68 23.29 20.66 16.43 14.60 12.48 11.02 11.17 11.39 13.80 14.38 12.99 14.16 15.55 17.92 23.00 19.71 20.22 20.73 20.73 20.95 20.08 14.97 12.48 11.17 11.02 13.80 9.86 8.10 8.25 8.18 6.13 5.62 5.99 7.15 11.39 16.28 19.27 23.51 28.03 22.85 19.64 19.78 15.11 15.11 11.39 17.08 20.66 20.51 15.48 16.21 19.56 18.61 17.52 15.33 13.51 12.34 12.12
13.94 11.17 7.15 0.00 7.88 17.23 34.67 35.41 30.90 16.60 13.58 13.36 12.63 11.46 8.40 6.06 4.53 1.61 0.00 0.00 2.26 4.96 6.94 11.02 18.47 23.73 27.52 27.16 23.21 17.74 12.05 9.56 10.00 7.81 6.20 5.91 5.33 7.15 9.42 9.90 12.05 12.41 8.40 11.90 11.90 14.02 16.21 17.45 18.91 18.91 15.91 13.07 8.54 6.79 5.84 3.94 0.00 3.50 0.00 5.33 9.13 13.43 14.02 13.80 16.06 17.30 17.23 14.89 13.29 13.29 12.85 10.51 12.78 12.92 9.93 10.22 12.99 13.14 12.05 11.10 10.66 11.17 10.44
