Wansh/Snow_depth/snowdepth-1983/winter/1984002.txt
ncols 321
nrows 161
xllcenter 60
yllcenter 15 
cellsize  0.25 
NODATA_value -1
[rows 0 to 36 of 161, columns 84 to 167 of 321]
13.07 12.78 0.00 10.00 9.78 7.23 0.00 5.33 7.74 10.29 10.51 10.73 8.10 8.25 7.52 7.01 8.98 10.07 10.07 10.59 8.83 7.81 7.59 5.48 4.53 4.96 4.60 4.09 5.26 3.58 5.04 6.57 5.33 2.48 2.34 1.68 0.00 0.00 0.00 0.00 2.41 2.85 1.68 1.68 1.10 0.95 2.04 4.09 5.91 7.15 8.98 9.05 6.72 6.35 6.79 8.76 9.13 8.03 6.86 4.96 4.53 4.31 4.38 4.09 5.33 3.72 2.99 3.36 3.36 5.55 8.54 9.86 10.29 9.42 7.81 7.81 8.91 10.37 10.95 10.15 8.61 7.74 6.42 6.57
9.71 10.07 0.00 0.00 7.01 0.00 0.00 0.00 4.67 8.40 9.42 7.01 5.48 5.40 3.43 0.00 5.26 0.00 0.00 0.00 0.00 0.00 4.89 4.67 4.31 5.55 6.57 5.62 5.04 5.18 5.40 4.96 4.09 2.85 2.63 2.48 2.26 2.63 0.00 0.00 0.66 1.75 2.19 2.19 2.99 3.80 5.11 5.04 4.74 4.16 4.60 4.82 4.89 4.60 4.96 5.33 4.89 5.33 4.82 3.72 3.58 4.53 4.53 4.53 4.96 3.94 3.87 6.57 6.57 5.55 4.89 6.13 10.22 11.68 12.26 12.85 12.41 12.56 11.53 9.86 10.07 9.42 9.27 9.64
0.00 0.00 0.00 0.00 0.00 0.00 6.28 0.00 8.61 9.13 9.34 9.27 8.76 9.64 6.94 4.67 5.04 5.40 5.40 5.04 0.00 0.00 0.00 3.80 2.77 2.26 3.50 3.65 4.96 7.15 5.04 5.18 4.38 2.85 2.26 2.34 1.75 1.17 0.44 0.00 0.22 0.00 0.00 0.00 4.31 5.84 0.00 5.48 5.99 6.20 5.48 4.45 5.48 5.91 7.52 9.71 11.39 12.99 12.63 8.40 9.71 9.86 8.10 5.77 6.94 7.59 8.10 9.42 9.42 8.18 5.55 4.31 7.30 12.63 13.72 13.80 14.16 14.53 16.13 15.04 13.14 12.48 12.78 11.39
0.00 0.00 0.00 0.00 0.00 0.00 6.28 0.00 8.61 9.13 9.34 9.27 8.76 9.64 6.94 4.67 5.04 5.40 5.40 5.04 0.00 0.00 0.00 3.80 2.77 2.26 3.50 3.65 4.96 7.15 5.04 5.18 4.38 2.85 2.26 2.34 1.75 1.17 0.44 0.00 0.22 0.00 0.00 0.00 4.31 5.84 0.00 5.48 5.99 6.20 5.48 4.45 5.48 5.91 7.52 9.71 11.39 12.99 12.63 8.40 9.71 9.86 8.10 5.77 6.94 7.59 8.10 9.42 9.42 8.18 5.55 4.31 7.30 12.63 13.72 13.80 14.16 14.53 16.13 15.04 13.14 12.48 12.78 11.39
0.00 0.00 0.00 0.00 9.13 7.96 8.10 9.34 10.59 9.78 9.34 8.69 8.69 10.15 9.42 8.03 6.57 5.33 5.33 4.23 4.23 0.00 5.40 4.38 3.43 2.48 2.77 5.04 4.96 4.96 5.11 6.06 6.64 6.35 7.37 4.96 2.34 2.70 2.04 1.39 1.24 0.00 3.07 3.07 4.31 5.91 7.45 7.30 6.72 6.06 5.91 5.18 3.87 3.36 4.38 5.26 6.94 8.83 11.83 12.78 13.80 14.38 11.46 10.88 10.95 10.66 11.90 10.29 10.29 9.93 9.20 7.45 7.45 8.54 10.66 13.36 13.51 14.16 15.04 13.80 13.58 12.99 12.92 12.78
0.00 0.00 0.00 0.00 0.00 2.77 3.07 0.80 4.09 5.99 6.35 6.94 7.30 0.00 0.00 0.00 0.00 0.00 0.00 4.31 5.62 6.72 7.30 7.96 6.57 4.96 3.80 4.45 3.72 2.19 3.29 6.35 8.32 9.27 9.34 6.35 2.26 2.12 3.14 2.99 0.00 2.99 2.70 2.70 4.23 6.20 6.13 7.30 6.06 4.31 4.53 3.80 4.53 4.53 4.96 4.31 6.35 7.59 8.91 11.02 14.16 16.13 17.74 17.30 15.70 14.31 11.75 11.61 11.61 10.44 11.39 11.39 9.20 7.74 7.23 6.86 7.81 8.91 9.86 13.07 13.80 12.85 13.87 14.67
0.00 0.00 0.00 0.00 0.00 0.00 6.20 4.82 0.00 0.00 0.00 0.00 0.00 0.00 0.00 0.00 0.00 0.00 0.00 0.00 5.18 5.62 5.26 4.89 4.31 4.60 4.53 4.89 5.26 5.33 5.26 6.72 8.10 8.03 7.01 5.99 3.80 3.36 3.29 2.48 3.87 4.89 3.87 3.87 3.94 4.74 5.84 6.57 5.18 1.97 1.75 3.07 4.60 6.57 7.59 8.03 9.49 13.43 13.21 13.72 16.35 19.42 23.07 21.75 19.27 18.47 17.01 15.84 15.84 15.55 16.06 17.89 17.30 15.77 14.09 12.99 10.37 6.94 5.84 7.88 11.46 13.36 14.53 15.26
0.00 0.00 0.00 0.00 0.00 0.00 6.20 4.82 0.00 0.00 0.00 0.00 0.00 0.00 0.00 0.00 0.00 0.00 0.00 0.00 5.18 5.62 5.26 4.89 4.31 4.60 4.53 4.89 5.26 5.33 5.26 6.72 8.10 8.03 7.01 5.99 3.80 3.36 3.29 2.48 3.87 4.89 3.87 3.87 3.94 4.74 5.84 6.57 5.18 1.97 1.75 3.07 4.60 6.57 7.59 8.03 9.49 13.43 13.21 13.72 16.35 19.42 23.07 21.75 19.27 18.47 17.01 15.84 15.84 15.55 16.06 17.89 17.30 15.77 14.09 12.99 10.37 6.94 5.84 7.88 11.46 13.36 14.53 15.26
0.00 0.00 0.00 0.00 7.08 0.00 0.00 0.00 0.00 0.00 0.00 0.00 0.00 0.00 0.00 0.00 0.00 0.00 0.00 0.00 0.00 7.52 6.72 6.06 6.13 5.62 4.23 5.26 6.35 7.01 6.13 5.84 6.28 7.15 7.15 4.53 3.21 3.65 3.21 2.19 1.68 1.90 2.56 2.56 2.85 2.92 5.48 3.29 2.99 3.94 6.72 7.01 6.94 7.81 8.83 9.93 9.86 10.88 12.92 13.72 13.21 14.24 14.89 15.99 16.50 18.25 17.16 16.72 16.72 16.86 18.18 18.54 17.59 16.43 16.94 16.43 13.58 12.56 9.93 7.37 6.13 7.08 11.39 13.29
0.00 0.00 0.00 0.00 0.00 0.00 0.00 0.00 0.00 0.00 0.00 0.00 0.00 0.00 7.23 0.00 0.00 0.00 0.00 0.00 0.00 0.00 5.77 3.80 4.31 5.26 6.20 6.72 6.64 5.40 6.20 6.64 6.64 6.28 4.89 3.72 3.36 3.65 3.58 3.14 4.23 3.29 3.87 3.87 4.02 3.94 6.06 7.66 9.49 11.46 12.48 14.31 13.14 11.68 10.22 9.13 8.10 7.74 10.15 9.93 9.13 8.61 8.83 10.00 11.97 13.58 13.87 14.97 14.97 16.57 16.86 18.03 17.74 14.31 11.97 13.36 15.62 17.59 16.21 12.41 9.05 6.42 8.32 9.13
0.00 0.00 0.00 0.00 0.00 0.00 0.00 0.00 6.64 6.64 6.13 5.40 0.00 3.72 0.00 0.00 0.00 0.00 0.00 0.00 0.00 6.50 5.04 4.16 4.74 5.69 6.35 6.20 5.11 5.40 5.77 5.99 6.86 6.79 4.89 3.65 5.91 5.48 5.48 4.74 6.42 7.74 7.96 7.96 4.67 7.88 7.23 9.05 9.93 8.91 10.59 11.32 11.83 9.71 10.37 11.32 12.56 11.83 10.66 9.05 10.15 10.44 9.86 10.22 11.24 15.91 22.19 26.86 26.86 25.48 22.63 19.42 18.40 13.65 9.78 11.75 13.87 12.56 12.48 10.44 10.44 10.88 8.40 8.03
0.00 0.00 0.00 0.00 0.00 0.00 0.00 0.00 6.64 6.64 6.13 5.40 0.00 3.72 0.00 0.00 0.00 0.00 0.00 0.00 0.00 6.50 5.04 4.16 4.74 5.69 6.35 6.20 5.11 5.40 5.77 5.99 6.86 6.79 4.89 3.65 5.91 5.48 5.48 4.74 6.42 7.74 7.96 7.96 4.67 7.88 7.23 9.05 9.93 8.91 10.59 11.32 11.83 9.71 10.37 11.32 12.56 11.83 10.66 9.05 10.15 10.44 9.86 10.22 11.24 15.91 22.19 26.86 26.86 25.48 22.63 19.42 18.40 13.65 9.78 11.75 13.87 12.56 12.48 10.44 10.44 10.88 8.40 8.03
0.00 0.00 0.00 0.00 0.00 0.00 0.00 0.00 0.00 6.79 8.25 0.00 0.00 0.00 0.00 0.00 0.00 0.00 0.00 0.00 0.00 0.00 6.50 7.96 7.01 5.69 4.02 4.60 4.82 6.13 5.48 6.42 7.52 6.28 6.28 10.66 13.65 10.37 9.78 11.53 12.70 12.48 13.43 13.43 8.98 7.74 7.59 8.47 8.32 7.59 7.52 8.32 8.61 10.00 11.02 12.92 14.31 16.43 15.84 13.58 12.63 11.24 10.07 10.66 12.19 15.33 17.89 22.63 22.63 25.33 25.92 23.80 20.29 14.67 11.97 12.34 14.16 14.45 14.02 13.65 14.75 16.21 15.84 13.65
0.00 0.00 0.00 0.00 0.00 0.00 0.00 0.00 0.00 0.00 0.00 0.00 0.00 0.00 0.00 0.00 0.00 0.00 0.00 0.00 0.00 0.00 6.13 5.91 4.67 4.67 6.06 6.94 8.54 11.24 13.58 15.40 15.18 13.14 12.19 16.64 17.74 14.45 10.22 8.61 10.22 10.15 8.83 8.83 8.18 8.54 9.49 8.98 8.47 9.86 8.98 8.10 7.81 7.88 9.56 10.59 12.56 13.14 14.45 14.89 14.67 15.11 14.97 15.99 16.94 18.83 21.75 22.63 22.63 24.31 27.16 24.82 23.00 18.03 13.87 13.80 10.88 11.24 11.24 15.40 13.07 11.97 11.24 11.10
0.00 0.00 0.00 0.00 0.00 0.00 0.00 0.00 0.00 0.00 11.32 9.42 9.20 0.00 0.00 0.00 0.00 0.00 0.00 0.00 0.00 8.03 8.83 7.88 5.11 6.79 10.22 12.92 14.89 16.28 19.13 20.37 17.59 14.60 12.92 11.39 8.91 7.96 6.64 7.01 6.94 6.64 6.94 6.94 6.86 7.15 8.32 8.61 8.76 9.05 7.96 6.57 6.72 8.61 9.64 12.05 14.89 17.08 11.75 10.00 10.73 11.46 12.34 16.21 16.50 17.74 17.96 19.13 19.13 21.61 21.83 18.47 13.21 9.56 10.29 10.15 1.83 1.46 2.12 4.16 8.98 8.10 5.91 8.03
0.00 0.00 0.00 0.00 0.00 0.00 0.00 5.11 6.86 8.47 8.18 9.20 10.00 7.96 6.50 6.64 7.66 8.18 8.18 7.66 7.01 9.42 13.36 14.02 11.83 8.69 7.88 10.22 15.18 18.03 21.10 20.15 13.87 10.95 9.27 5.84 4.23 5.84 6.13 6.13 6.94 7.23 7.59 7.59 7.96 9.71 9.78 9.27 8.69 8.69 8.69 7.74 8.69 9.78 12.05 14.02 15.62 12.99 10.44 9.13 9.20 8.32 6.79 9.34 12.78 17.16 17.89 19.56 19.56 20.95 20.44 15.91 8.98 5.84 8.18 8.47 2.04 0.00 0.00 0.00 7.37 7.96 9.13 10.88
0.00 0.00 0.00 0.00 0.00 0.00 0.00 5.11 6.86 8.47 8.18 9.20 10.00 7.96 6.50 6.64 7.66 8.18 8.18 7.66 7.01 9.42 13.36 14.02 11.83 8.69 7.88 10.22 15.18 18.03 21.10 20.15 13.87 10.95 9.27 5.84 4.23 5.84 6.13 6.13 6.94 7.23 7.59 7.59 7.96 9.71 9.78 9.27 8.69 8.69 8.69 7.74 8.69 9.78 12.05 14.02 15.62 12.99 10.44 9.13 9.20 8.32 6.79 9.34 12.78 17.16 17.89 19.56 19.56 20.95 20.44 15.91 8.98 5.84 8.18 8.47 2.04 0.00 0.00 0.00 7.37 7.96 9.13 10.88
0.00 0.00 0.00 0.00 0.00 0.00 0.00 5.18 5.99 8.76 8.40 10.44 12.26 10.15 7.66 7.15 9.13 8.18 8.18 7.08 6.28 6.06 8.32 10.29 14.67 12.05 7.01 5.55 9.34 11.68 15.91 18.54 19.27 14.82 6.57 4.02 3.72 5.91 6.20 5.55 12.56 12.26 11.46 11.46 9.93 10.07 10.51 10.95 10.88 11.46 14.16 13.29 13.14 12.78 13.36 13.21 12.48 10.00 9.27 10.66 13.29 11.90 9.49 9.56 10.29 13.14 16.57 21.68 21.68 23.51 19.20 10.59 5.04 6.35 11.32 10.44 7.37 0.00 0.00 2.56 5.69 5.40 7.52 8.54
0.00 0.00 0.00 0.00 0.00 0.00 0.00 3.72 4.96 6.42 7.74 10.29 16.35 15.91 12.26 12.56 13.21 12.70 12.70 10.15 8.47 4.23 6.06 8.47 12.92 13.58 11.61 10.59 11.10 13.72 17.59 22.78 25.62 23.36 15.04 10.15 7.30 6.28 7.23 9.27 10.73 12.56 9.78 9.78 7.15 5.04 4.67 3.58 5.62 8.10 11.02 10.07 10.29 11.32 12.19 12.56 11.83 11.61 14.09 18.32 20.95 18.25 11.53 8.47 7.96 11.10 15.18 21.17 21.17 20.51 16.06 7.81 6.06 8.98 8.76 8.83 2.77 0.00 0.00 4.09 6.13 7.59 6.35 5.18
0.00 0.00 0.00 0.00 0.00 0.00 0.00 0.00 5.26 8.47 10.37 9.49 10.80 11.75 11.39 11.24 14.16 16.64 16.64 14.67 13.43 11.02 7.88 8.47 13.58 16.57 16.28 16.21 15.18 15.70 20.73 23.29 24.53 20.37 17.23 13.94 8.91 6.57 6.20 5.84 6.50 9.34 10.29 10.29 8.40 0.00 0.22 1.83 0.00 6.35 7.52 7.30 8.10 7.66 8.54 9.86 10.73 10.51 9.78 13.94 19.64 19.35 12.48 9.86 9.86 12.92 14.24 13.87 13.87 11.75 6.72 5.33 4.31 5.99 2.63 5.18 5.18 5.62 5.04 5.26 5.26 5.99 6.79 7.59
0.00 0.00 0.00 8.83 0.00 0.00 0.00 5.18 7.01 9.49 10.88 11.02 10.80 10.22 9.78 10.22 11.02 10.95 10.95 10.88 11.61 12.05 13.14 12.85 14.67 17.16 17.59 16.28 11.90 11.32 15.11 20.00 20.59 18.10 11.24 8.61 0.00 0.00 0.00 3.58 6.72 7.52 7.96 7.96 9.05 7.74 0.00 6.50 6.35 5.55 6.13 6.94 7.52 8.10 7.81 8.98 10.37 8.69 8.69 8.76 9.42 10.22 11.61 12.48 13.87 12.19 7.74 5.11 5.11 4.23 4.02 3.94 3.14 0.07 0.00 2.48 3.43 5.55 6.20 4.82 5.69 6.42 7.23 7.88
0.00 0.00 0.00 0.00 0.00 0.00 0.00 6.86 8.69 11.97 12.85 14.97 16.94 15.77 12.26 10.88 10.88 9.64 9.64 11.53 13.94 15.04 15.84 17.59 18.91 22.63 22.41 21.10 18.83 13.07 8.76 8.25 8.76 9.93 8.25 5.84 0.00 0.00 5.62 8.32 9.93 6.35 5.62 5.62 7.66 8.25 7.96 7.59 4.96 4.23 6.28 8.69 10.51 11.39 12.70 12.34 11.83 10.37 9.78 9.05 8.10 8.10 8.83 10.07 9.93 9.27 8.32 4.09 4.09 0.95 2.41 1.61 1.90 1.31 3.50 2.77 2.56 3.72 5.55 6.28 6.50 6.64 7.23 6.50
0.00 0.00 0.00 0.00 0.00 0.00 0.00 6.86 8.69 11.97 12.85 14.97 16.94 15.77 12.26 10.88 10.88 9.64 9.64 11.53 13.94 15.04 15.84 17.59 18.91 22.63 22.41 21.10 18.83 13.07 8.76 8.25 8.76 9.93 8.25 5.84 0.00 0.00 5.62 8.32 9.93 6.35 5.62 5.62 7.66 8.25 7.96 7.59 4.96 4.23 6.28 8.69 10.51 11.39 12.70 12.34 11.83 10.37 9.78 9.05 8.10 8.10 8.83 10.07 9.93 9.27 8.32 4.09 4.09 0.95 2.41 1.61 1.90 1.31 3.50 2.77 2.56 3.72 5.55 6.28 6.50 6.64 7.23 6.50
0.00 5.48 0.00 0.00 0.00 8.40 9.64 10.29 9.93 10.44 10.95 12.48 15.18 18.47 20.29 17.16 14.16 11.90 11.90 12.05 14.60 16.21 17.59 21.97 24.53 24.60 23.21 22.41 18.40 14.09 10.29 7.59 6.94 5.11 4.60 4.31 2.04 0.00 4.96 6.94 8.40 5.99 6.06 6.06 7.96 8.10 6.94 5.69 3.29 3.80 5.48 7.81 11.17 13.65 17.16 17.30 15.26 12.85 11.02 12.63 12.12 8.54 7.88 8.83 8.83 7.08 6.20 6.42 6.42 6.42 5.84 4.02 2.12 3.72 2.04 1.97 3.36 4.09 5.04 5.26 6.06 7.01 8.18 9.20
8.61 7.15 7.30 8.76 9.34 11.61 14.53 16.06 12.70 10.95 11.39 10.66 10.29 12.63 15.11 15.48 13.87 13.58 13.58 14.60 15.55 17.89 16.94 17.95 19.44 20.00 19.32 20.59 18.98 13.14 9.64 7.81 6.94 0.00 0.00 2.99 4.82 4.45 4.45 5.55 5.04 4.60 0.00 0.00 0.00 4.82 5.69 4.67 0.00 0.00 0.00 6.20 9.71 8.47 6.64 9.20 9.49 11.53 14.60 15.62 14.60 11.61 11.39 12.92 12.99 8.10 6.64 8.10 8.10 10.15 10.22 7.23 4.74 4.53 3.50 1.97 2.85 3.43 5.11 6.64 5.69 5.77 6.35 8.47
10.44 10.59 11.61 12.48 12.19 11.75 10.66 0.00 9.05 8.10 9.42 9.71 7.81 7.15 10.44 12.92 14.45 14.82 14.82 16.21 17.01 20.51 20.73 19.31 23.58 19.22 19.05 23.33 24.38 18.61 11.83 9.49 8.69 5.55 2.41 4.09 4.09 4.67 5.55 6.35 5.55 5.33 4.60 4.60 6.13 5.26 5.33 4.89 0.00 0.00 0.00 4.23 4.89 4.09 4.02 6.13 8.40 11.61 14.89 16.57 14.45 12.05 12.78 13.51 13.07 13.07 12.12 10.59 10.59 9.56 8.98 7.74 5.26 5.84 5.33 4.74 4.67 4.89 5.55 5.18 4.67 5.40 6.35 8.32
12.78 11.83 11.53 11.46 11.24 10.59 0.00 0.00 6.64 6.06 0.00 0.00 4.16 4.31 7.45 9.71 8.98 10.59 10.59 11.10 14.60 14.82 16.48 17.84 18.84 19.82 24.41 24.55 24.91 18.55 11.83 15.18 12.56 8.61 7.59 6.79 7.88 7.23 5.26 6.57 7.81 5.99 4.60 4.60 0.00 4.53 5.33 4.67 4.09 0.00 0.00 0.00 0.00 0.00 0.00 0.00 4.74 6.20 10.66 15.48 15.33 12.85 12.05 10.66 10.66 12.70 15.18 15.55 15.55 13.07 12.70 9.93 9.05 8.47 7.74 8.18 8.32 5.91 6.50 4.74 3.65 4.38 6.06 7.59
11.24 11.39 12.26 11.75 12.05 12.34 0.00 7.74 7.01 5.69 0.00 0.00 0.00 0.00 2.56 5.18 6.06 5.77 5.77 4.97 0.00 7.49 10.69 12.85 14.38 14.53 19.64 25.07 30.62 28.24 22.08 21.75 20.95 21.17 12.12 11.83 9.78 9.64 6.35 0.00 4.96 6.35 5.48 5.48 0.00 0.00 0.00 0.00 0.00 0.00 0.00 0.00 0.00 0.00 0.00 0.00 3.21 4.38 7.81 11.75 14.16 16.35 18.76 14.53 11.39 13.80 16.43 18.98 18.98 17.30 16.79 11.68 12.34 11.68 10.88 9.20 7.81 7.88 7.88 4.74 5.62 4.31 4.23 4.82
11.24 11.39 12.26 11.75 12.05 12.34 0.00 7.74 7.01 5.69 0.00 0.00 0.00 0.00 2.56 5.18 6.06 5.77 5.80 5.13 0.00 8.01 10.42 13.18 14.16 14.53 19.05 23.30 28.61 28.68 22.31 22.66 23.54 22.40 12.43 11.83 9.78 9.64 6.35 0.00 4.96 6.35 5.48 5.48 0.00 0.00 0.00 0.00 0.00 0.00 0.00 0.00 0.00 0.00 0.00 0.00 3.21 4.38 7.81 11.75 14.16 16.35 18.76 14.53 11.39 13.80 16.43 18.98 18.98 17.30 16.79 11.68 12.34 11.68 10.88 9.20 7.81 7.88 7.88 4.74 5.62 4.31 4.23 4.82
11.68 12.48 10.88 11.61 11.24 9.71 7.96 6.35 0.00 0.00 0.00 0.00 0.00 0.00 5.69 7.59 7.30 7.30 7.30 0.00 0.00 0.00 3.01 5.78 8.16 9.73 12.83 15.99 19.42 23.77 21.46 20.20 25.89 22.80 17.99 15.58 12.76 11.46 11.24 7.52 5.26 7.96 7.45 7.45 0.00 0.00 3.80 4.53 0.00 0.00 0.00 0.00 0.00 0.00 0.00 0.00 0.00 0.73 2.19 6.86 10.51 12.48 16.13 18.10 16.79 15.70 17.23 17.67 17.67 17.52 11.10 10.95 10.66 10.51 11.02 9.13 7.23 7.52 6.35 4.31 3.29 3.65 3.94 4.60
10.22 9.78 9.56 8.32 7.45 8.18 7.66 7.81 9.49 6.72 0.00 4.67 3.94 6.94 10.37 11.39 12.05 10.95 10.95 7.56 4.60 0.00 2.48 3.94 5.36 5.04 7.45 10.06 12.07 13.35 13.14 12.78 14.60 24.20 25.28 25.02 20.08 17.53 18.54 15.70 11.68 8.32 6.86 6.86 6.20 0.00 4.60 5.55 4.96 0.00 0.00 0.00 0.00 0.00 0.00 0.00 0.00 0.00 0.00 3.94 4.09 5.69 12.34 19.05 19.78 15.04 12.05 13.72 13.72 14.02 9.05 11.02 10.80 10.44 9.56 7.01 5.84 5.77 5.26 5.33 5.11 5.48 6.79 8.18
7.74 8.54 7.74 7.74 6.13 6.57 6.86 7.81 8.32 7.88 7.52 7.74 7.81 8.03 8.10 8.61 10.07 10.37 10.37 9.05 7.37 5.99 5.69 5.77 0.00 0.00 6.35 7.37 11.12 13.14 11.83 10.59 14.89 15.11 16.75 21.98 27.52 27.01 29.05 27.08 21.24 11.90 6.28 6.28 6.94 6.42 4.82 4.96 4.89 0.00 0.00 0.00 2.63 0.00 0.00 0.00 0.00 0.00 0.00 0.00 0.00 6.50 12.12 13.07 10.07 10.29 11.39 13.43 13.43 9.93 8.83 10.22 9.42 9.56 9.20 8.47 7.74 9.49 9.05 8.91 8.91 10.00 11.10 12.48
7.59 8.83 10.37 13.51 9.27 7.59 8.32 10.66 11.75 9.64 7.15 6.42 7.66 9.49 10.59 11.46 10.73 10.88 10.88 11.53 10.22 8.83 8.10 7.59 5.11 0.00 4.96 7.78 8.18 9.78 11.75 11.32 12.26 13.43 13.58 19.35 22.23 26.10 28.60 27.58 22.12 12.92 9.34 9.34 12.78 12.70 9.86 7.30 5.62 0.00 0.00 0.00 4.67 0.00 0.00 0.00 0.00 0.00 2.85 4.09 5.11 6.35 7.81 8.25 6.79 8.98 12.12 15.99 15.99 16.72 13.65 14.38 15.26 10.66 9.93 10.44 10.29 10.88 10.15 9.93 11.02 12.19 9.42 9.49
7.59 8.98 10.66 11.46 9.78 7.96 8.76 10.15 12.46 13.43 13.29 11.83 11.02 9.93 8.47 7.45 5.99 6.86 6.86 8.10 9.05 9.93 8.83 8.91 9.49 8.54 5.55 8.41 8.25 7.30 7.88 8.10 10.59 10.37 11.53 13.36 13.80 16.64 20.45 20.51 19.59 16.86 15.11 15.11 14.60 13.36 10.37 9.64 9.20 9.20 9.64 8.25 5.33 5.11 5.48 4.09 0.00 4.31 5.77 9.13 12.41 12.05 13.36 12.41 11.32 11.75 13.29 16.13 16.13 16.50 21.68 24.82 22.70 19.20 15.55 14.67 14.89 13.87 10.66 7.37 8.25 8.69 8.69 8.03
4.31 2.63 2.04 2.34 7.15 10.66 11.61 9.71 0.00 0.00 10.44 11.17 9.05 7.08 5.91 5.48 5.40 4.74 4.74 4.31 5.40 7.01 7.74 11.97 14.53 12.70 11.75 9.34 9.04 8.09 4.61 4.62 5.12 4.96 5.91 7.81 7.88 8.33 11.68 14.67 13.64 14.24 15.77 15.77 17.01 15.62 12.63 9.64 9.05 10.29 10.00 7.52 6.06 7.01 6.72 5.55 4.74 0.00 0.00 8.25 12.85 15.33 19.05 21.10 17.81 16.21 17.52 13.58 13.58 10.80 14.75 19.86 18.91 16.50 15.33 16.43 16.13 14.09 10.66 8.47 9.27 9.93 8.91 9.20
4.31 2.63 2.04 2.34 7.15 10.66 11.61 9.71 0.00 0.00 10.44 11.17 9.05 7.08 5.91 5.48 5.40 4.77 4.74 4.31 5.40 7.01 7.74 11.97 14.53 12.70 11.75 9.34 8.91 7.81 4.45 4.60 4.96 4.96 5.94 7.85 7.88 8.29 11.80 14.67 13.51 14.24 15.77 15.77 17.01 15.62 12.63 9.64 9.05 10.29 10.00 7.52 6.06 7.01 6.72 5.55 4.74 0.00 0.00 8.25 12.85 15.33 19.05 21.10 17.81 16.21 17.52 13.58 13.58 10.80 14.75 19.86 18.91 16.50 15.33 16.43 16.13 14.09 10.66 8.47 9.27 9.93 8.91 9.20
0.00 0.00 4.89 4.89 7.37 11.61 14.09 14.23 9.41 5.26 5.40 0.00 5.55 6.64 5.99 0.00 0.00 0.00 0.00 2.99 3.58 4.31 4.31 7.08 11.02 11.83 12.70 11.90 11.53 6.72 4.02 3.80 3.21 2.85 0.00 4.67 5.33 6.79 7.56 6.50 6.64 7.30 11.24 11.24 14.38 14.67 14.38 13.21 14.09 12.19 10.29 7.66 6.20 5.69 4.23 0.00 0.00 0.00 3.65 6.13 9.34 10.73 13.29 15.99 15.04 14.67 12.34 12.92 12.92 13.36 11.24 14.09 14.45 10.59 11.32 13.14 14.16 11.68 10.29 8.76 9.34 9.34 8.91 8.03
