Wansh/Snow_depth/snowdepth-1983/winter/1984054.txt
ncols 321
nrows 161
xllcenter 60
yllcenter 15 
cellsize  0.25 
NODATA_value -1
[rows 37 to 73 of 161, columns 0 to 82 of 321]
0.00 0.00 0.00 0.00 9.34 9.86 10.00 10.29 11.10 12.85 15.33 14.31 12.41 11.68 11.10 10.95 11.17 11.02 12.05 13.51 13.80 13.29 10.37 5.69 5.04 6.79 6.79 8.83 12.34 10.00 11.68 15.26 15.18 12.63 10.44 9.34 10.07 8.40 7.59 7.52 6.72 5.48 3.07 3.29 4.60 4.96 4.16 7.15 5.69 4.82 5.33 5.33 3.94 0.00 0.00 0.00 0.00 0.00 4.89 13.07 15.99 15.70 15.55 15.48 14.02 14.89 14.75 13.51 12.63 12.63 12.63 11.97 10.44 11.39 13.65 15.70 15.70 17.01 18.18 20.29 22.70 24.24 25.11
0.00 0.00 0.00 0.00 7.01 7.88 6.94 8.18 10.22 11.61 12.48 11.53 9.56 10.29 9.34 7.96 8.25 10.51 14.97 15.70 15.11 15.04 13.51 10.88 9.64 8.03 8.03 5.91 4.02 0.00 6.64 7.45 9.78 9.34 8.76 6.28 5.99 5.48 5.33 4.23 0.00 0.00 0.00 3.50 0.00 3.72 2.26 2.85 3.43 3.87 3.21 3.21 1.53 0.00 0.00 0.00 0.00 0.00 5.40 9.78 12.85 15.48 15.40 13.36 13.21 13.87 15.33 14.31 13.21 12.70 14.31 15.48 12.05 11.24 12.78 15.33 15.33 17.23 18.40 20.95 23.80 26.43 30.81
0.00 0.00 0.00 0.00 5.18 7.88 8.47 8.10 8.76 9.64 9.71 8.47 7.74 11.17 11.10 10.73 11.53 12.19 13.51 12.34 14.09 12.48 9.56 7.45 8.10 2.26 2.26 0.00 0.00 0.00 0.00 0.00 0.00 5.11 4.02 4.45 2.85 0.00 0.29 0.00 0.00 0.00 0.00 0.00 0.00 1.39 1.61 2.92 1.10 0.00 4.23 4.23 5.91 4.31 0.00 0.00 0.00 7.01 9.93 8.98 8.18 10.59 14.16 14.53 14.82 15.04 15.04 15.18 12.99 11.97 15.26 17.37 16.94 15.04 14.67 15.26 15.26 15.91 18.91 23.94 26.28 29.64 33.22
0.00 0.00 0.00 0.00 0.00 5.69 7.30 6.79 7.37 7.30 6.79 6.79 7.59 9.42 11.24 11.61 11.90 10.44 7.01 5.99 6.28 0.00 0.00 0.00 0.00 0.00 0.00 0.00 0.00 0.00 0.00 0.00 0.00 0.00 0.00 1.97 1.17 0.00 0.00 0.00 0.00 0.00 0.00 0.00 0.00 3.87 4.31 3.87 3.29 3.50 6.57 6.57 8.54 9.34 7.01 3.43 8.03 10.44 10.59 8.18 7.23 7.15 10.00 13.43 14.67 15.33 15.48 15.18 13.58 13.14 12.99 15.62 17.30 18.18 18.25 19.78 19.78 20.29 24.38 29.27 27.96 27.23 26.28
0.00 0.00 0.00 0.00 0.58 0.00 2.85 0.00 0.00 0.00 4.60 6.79 7.88 8.83 9.42 10.51 8.03 4.96 0.00 0.00 0.00 0.00 0.00 0.00 0.00 0.00 0.00 0.00 0.00 0.00 3.94 0.00 0.00 0.00 0.00 0.00 0.00 0.00 0.00 0.00 0.00 0.00 0.00 0.00 0.00 0.00 0.00 0.00 3.36 3.72 6.42 6.42 9.27 10.80 11.53 10.73 11.90 11.32 9.13 8.25 7.15 6.72 7.66 9.86 11.83 14.02 14.97 14.97 11.46 11.39 12.70 15.99 16.86 20.44 25.77 30.08 30.08 31.39 31.83 30.37 25.40 24.45 23.94
0.00 0.00 0.00 0.00 0.00 0.00 0.00 0.00 0.00 2.41 5.84 7.74 8.61 8.54 6.57 4.60 0.00 0.00 0.00 0.00 0.00 0.00 0.00 0.00 0.00 0.00 0.00 2.19 4.60 6.86 0.00 6.42 0.00 0.00 0.00 0.00 0.00 0.00 0.00 0.00 0.00 3.50 3.80 4.53 4.53 0.00 0.00 0.00 4.31 4.23 5.62 5.62 11.17 11.46 12.12 11.68 9.78 6.79 7.01 8.32 7.01 4.89 5.62 7.01 6.57 9.13 12.34 13.14 10.07 8.10 8.91 11.75 14.16 18.47 25.70 27.89 27.89 27.96 24.60 21.24 22.56 24.09 25.66
0.00 0.00 0.00 0.00 0.00 0.00 0.00 0.00 0.00 3.72 5.04 4.96 4.60 2.41 0.00 0.00 0.00 0.00 0.00 0.00 0.00 0.00 0.00 0.00 0.00 0.00 0.00 0.00 2.48 3.80 6.79 8.83 9.86 8.03 6.86 0.00 0.00 0.00 0.00 3.14 4.82 5.18 4.89 0.00 0.00 3.72 4.89 7.88 8.83 7.59 8.03 8.03 10.44 11.32 11.90 10.00 7.52 5.48 4.38 7.08 5.62 4.09 5.84 5.62 6.28 7.59 7.74 8.47 7.08 5.55 5.55 7.08 8.61 9.05 11.75 12.63 12.63 12.12 11.68 11.46 14.60 17.23 19.42
0.00 0.00 0.00 0.00 0.00 0.00 0.00 0.00 0.00 0.00 1.17 0.00 0.00 0.00 0.00 0.00 0.00 0.00 0.00 0.00 0.00 0.00 0.00 0.00 0.00 0.00 0.00 0.00 1.39 2.19 4.74 8.10 12.70 12.48 12.41 11.53 11.24 9.42 7.23 0.00 6.35 7.30 5.84 0.00 0.00 4.31 6.42 9.27 9.42 8.10 9.05 9.05 12.26 14.89 12.56 11.46 8.76 3.36 0.00 7.74 7.74 8.10 6.94 6.50 7.15 7.37 5.40 0.00 0.00 0.00 0.00 0.00 4.09 5.26 0.00 4.09 4.09 2.56 3.43 3.65 7.88 12.63 12.85
0.00 0.00 0.00 0.00 0.00 0.00 0.00 0.00 0.00 0.00 0.00 0.00 0.00 0.00 0.00 0.00 0.00 0.00 0.00 0.00 0.00 0.00 0.00 0.00 0.00 0.00 0.00 0.00 0.00 0.00 0.00 3.94 7.01 12.48 11.61 14.60 14.89 11.24 9.42 7.96 6.64 8.54 8.32 6.79 6.79 4.16 7.74 8.83 9.42 8.54 10.80 10.80 16.86 16.72 17.30 16.35 12.19 3.43 3.80 8.91 12.63 9.78 9.86 12.26 13.58 12.48 9.64 7.96 7.74 0.00 0.00 0.00 0.00 0.00 0.00 3.21 3.21 0.00 0.00 0.00 5.91 8.10 10.59
0.00 0.00 0.00 0.00 0.00 0.00 0.00 0.00 0.00 0.00 0.00 0.00 0.00 0.00 0.00 0.00 0.00 0.00 0.00 0.00 0.00 0.00 0.00 0.00 0.00 0.00 0.00 0.00 0.00 0.00 0.00 3.94 7.01 12.48 11.61 14.60 14.89 11.24 9.42 7.96 6.64 8.54 8.32 6.79 6.79 4.16 7.74 8.83 9.42 8.54 10.80 10.80 16.86 16.72 17.30 16.35 12.19 3.43 3.80 8.91 12.63 9.78 9.86 12.26 13.58 12.48 9.64 7.96 7.74 0.00 0.00 0.00 0.00 0.00 0.00 3.21 3.21 0.00 0.00 0.00 5.91 8.10 10.59
0.00 0.00 0.00 0.00 0.00 0.00 0.00 0.00 0.00 0.00 0.00 0.00 0.00 0.00 0.00 0.00 0.00 0.00 0.00 0.00 0.00 0.00 0.00 0.00 0.00 0.00 0.00 0.00 0.00 0.00 0.00 0.00 2.56 3.50 5.40 9.93 11.17 11.39 10.37 9.42 9.13 10.07 9.71 7.88 7.66 8.76 9.71 12.99 17.08 18.54 20.88 20.88 25.11 24.75 24.02 0.00 15.62 8.47 4.74 7.81 11.02 12.70 15.04 16.43 16.64 17.45 16.79 15.04 12.05 11.17 12.19 10.80 6.06 4.89 4.60 6.20 6.20 6.64 6.35 8.69 11.02 16.13 16.28
0.00 0.00 0.00 0.00 0.00 0.00 0.00 0.00 0.00 0.00 0.00 0.00 0.00 0.00 0.00 0.00 0.00 0.00 0.00 0.00 0.00 0.00 0.00 0.00 0.00 0.00 0.00 0.00 0.00 4.96 5.62 0.00 0.00 0.00 0.00 3.80 6.13 8.10 9.71 11.97 11.61 9.56 8.69 7.66 8.18 10.15 0.00 16.06 19.71 22.78 23.94 23.94 28.32 30.44 27.74 25.55 18.10 10.73 6.57 10.44 13.72 17.74 18.47 17.01 16.06 16.21 16.86 16.35 15.77 18.98 21.10 17.37 11.10 7.08 6.06 8.18 8.18 9.49 13.94 14.09 15.77 21.02 22.63
0.00 0.00 0.00 0.00 0.00 0.00 0.00 0.00 0.00 0.00 0.00 0.00 0.00 0.00 0.00 0.00 0.00 0.00 0.00 0.00 0.00 0.00 0.00 0.00 0.00 0.00 0.00 0.00 4.60 6.42 3.72 0.00 0.00 0.00 0.00 0.00 5.99 7.96 8.98 12.78 14.09 13.51 11.02 9.20 11.02 15.33 19.05 22.19 23.80 23.87 21.10 21.10 23.87 22.85 22.56 19.64 17.01 15.26 11.32 10.59 10.66 11.39 13.72 16.21 16.79 15.77 16.57 16.43 17.08 13.65 12.99 13.21 13.36 17.08 19.64 19.71 19.71 19.49 14.89 7.88 7.81 10.99 16.87
0.00 0.00 0.00 0.00 0.00 0.00 0.00 0.00 0.00 0.00 0.00 0.00 0.00 0.00 0.00 0.00 0.00 0.00 0.00 0.00 0.00 0.00 0.00 0.00 0.00 0.00 0.00 0.00 0.00 0.00 4.74 7.37 0.00 5.55 5.26 4.74 5.11 0.00 6.86 10.88 13.51 14.60 14.53 12.99 14.97 19.64 22.27 24.45 24.45 23.00 17.52 17.52 19.05 20.15 20.73 19.13 18.32 17.74 16.06 14.82 12.70 11.90 8.76 9.42 10.66 8.40 11.53 0.00 0.00 0.00 8.98 17.74 15.33 18.32 17.74 25.33 25.33 26.28 19.42 10.95 9.42 12.60 14.97
0.00 0.00 0.00 0.00 0.00 0.00 0.00 0.00 0.00 0.00 0.00 0.00 0.00 0.00 0.00 0.00 0.00 0.00 0.00 0.00 0.00 0.00 0.00 0.00 0.00 0.00 0.00 0.00 0.00 0.00 0.00 9.27 7.52 0.00 5.91 0.00 0.00 0.00 0.00 11.75 15.99 18.98 19.42 17.30 17.16 18.18 19.86 19.35 21.02 21.39 21.46 21.46 22.05 28.18 31.46 26.57 30.81 30.08 31.03 25.77 16.79 10.29 7.08 5.26 0.00 0.00 0.00 0.00 0.00 0.00 0.00 7.45 13.29 21.75 22.19 20.81 20.81 16.94 15.18 17.37 18.69 15.11 16.21
0.00 0.00 0.00 0.00 0.00 0.00 0.00 0.00 0.00 0.00 0.00 0.00 0.00 0.00 0.00 0.00 0.00 0.00 0.00 0.00 0.00 0.00 0.00 0.00 0.00 0.00 0.00 4.89 0.00 2.41 2.92 0.00 4.96 0.00 0.00 0.00 0.00 0.00 12.12 13.94 15.48 17.37 20.15 21.61 23.51 24.97 21.83 18.98 22.92 22.48 21.75 21.75 21.83 28.76 31.76 32.92 29.20 25.48 17.81 19.05 15.40 8.61 6.64 7.96 4.74 0.00 0.00 0.00 0.00 0.00 3.07 7.52 15.77 21.83 16.79 10.29 10.29 8.18 11.46 15.55 16.72 12.92 10.51
0.00 0.00 0.00 0.00 0.00 0.00 0.00 0.00 0.00 0.00 0.00 0.00 0.00 0.00 0.00 0.00 0.00 0.00 0.00 0.00 0.00 0.00 0.00 0.00 0.00 2.99 2.99 0.00 0.00 2.85 3.94 4.38 0.00 0.00 0.00 0.00 0.00 0.00 11.39 12.70 13.43 17.16 22.19 22.19 24.45 22.27 16.43 12.41 16.57 19.71 19.71 19.71 16.50 14.31 18.83 22.34 15.48 10.80 10.15 16.28 20.66 21.83 18.18 18.54 16.94 15.48 15.26 13.29 14.09 11.68 12.48 12.12 16.21 11.83 6.86 4.31 4.31 0.80 3.29 10.73 14.38 10.15 10.37
0.00 0.00 0.00 0.00 0.00 0.00 0.00 0.00 0.00 0.00 0.00 0.00 0.00 0.00 0.00 0.00 0.00 0.00 0.00 0.00 0.00 0.00 0.00 0.00 0.00 0.00 0.00 4.53 4.23 0.00 0.00 0.00 0.00 0.00 0.00 0.00 0.00 6.28 9.42 12.48 14.97 19.35 23.36 21.97 18.54 17.59 16.06 12.19 12.41 16.64 19.20 19.20 16.21 19.78 22.63 13.87 10.59 10.88 13.07 12.70 10.29 12.41 9.42 11.68 19.56 20.81 21.10 21.53 18.69 13.65 8.25 7.96 10.15 6.86 3.94 3.58 3.58 2.63 0.73 0.00 2.56 2.19 0.73
0.00 0.00 0.00 0.00 0.00 0.00 0.00 0.00 0.00 0.00 0.00 0.00 0.00 0.00 0.00 0.00 0.00 0.00 0.00 0.00 0.00 0.00 0.00 0.00 0.00 0.00 0.00 0.00 0.00 0.00 0.00 0.00 0.00 0.00 0.00 0.00 0.00 0.00 9.64 14.02 15.04 16.28 17.37 14.31 11.75 0.00 9.27 7.88 9.56 16.28 17.16 17.16 15.48 15.91 18.83 11.39 8.47 7.52 4.67 1.61 2.99 3.29 3.87 8.32 15.99 21.53 25.04 23.29 18.25 13.94 9.49 5.84 6.94 7.59 2.34 0.00 0.00 0.00 0.00 0.00 0.00 0.00 0.00
0.00 0.00 0.00 0.00 0.00 0.00 0.00 0.00 0.00 0.00 0.00 0.00 0.00 0.00 0.00 0.00 0.00 0.00 0.00 0.00 0.00 0.00 0.00 0.00 0.00 0.00 0.00 0.00 0.00 0.00 0.00 0.00 0.00 0.00 0.00 0.00 0.00 0.00 0.00 9.71 11.46 9.20 6.35 3.87 0.00 0.00 0.00 0.00 0.00 9.78 10.95 10.95 13.07 13.87 14.16 15.55 13.51 6.57 5.69 6.64 7.59 7.01 8.10 10.37 14.38 19.05 21.39 16.57 14.45 13.43 9.42 6.20 3.43 1.39 0.00 0.00 0.00 0.00 2.41 0.00 0.00 0.00 0.00
0.00 0.00 0.00 0.00 0.00 0.00 0.00 0.00 0.00 0.00 0.00 0.00 0.00 0.00 0.80 0.00 0.00 0.00 0.00 0.00 0.00 0.00 0.00 0.00 0.00 0.00 0.00 0.00 0.00 0.00 0.00 0.00 0.00 0.00 0.00 0.00 0.00 0.00 0.00 8.91 6.72 4.09 0.00 0.00 0.00 0.00 0.00 0.00 0.00 0.00 0.00 0.00 9.05 11.53 11.46 13.87 14.82 10.22 7.59 6.94 8.03 9.42 9.42 7.96 7.45 8.32 7.45 4.60 2.99 1.31 1.83 1.24 0.00 0.29 0.00 0.00 0.00 0.00 0.00 0.00 0.00 0.00 0.00
0.00 0.00 0.00 0.00 0.00 0.00 0.00 0.00 0.00 0.00 0.00 0.00 0.00 0.00 0.00 0.00 0.00 0.00 0.00 0.00 0.00 0.00 5.04 5.48 7.15 8.54 8.54 8.10 0.00 0.00 0.00 0.00 0.00 0.00 0.00 0.00 0.00 0.00 0.00 4.45 4.38 0.00 0.00 0.00 0.00 0.00 0.00 0.00 4.09 4.82 6.35 6.35 9.13 10.15 10.51 12.99 12.99 13.72 13.36 10.29 7.01 6.13 6.20 0.00 5.26 7.37 5.91 2.56 1.90 0.00 1.53 1.68 0.00 3.87 2.92 0.00 0.00 0.00 0.00 0.00 0.00 0.00 0.00
0.00 0.00 0.00 0.00 0.00 0.00 0.00 0.00 0.00 0.00 0.00 0.00 0.00 0.00 0.00 0.00 0.00 0.00 0.00 0.00 0.00 2.99 7.15 9.13 11.83 11.83 11.83 11.24 8.18 0.00 0.00 0.00 0.00 0.00 0.00 0.00 0.00 0.00 4.38 3.50 4.09 0.00 0.00 0.00 1.90 0.00 0.00 10.73 10.44 12.26 14.53 14.53 15.18 15.11 14.02 15.18 11.90 12.78 15.33 12.05 4.74 0.00 4.53 0.00 0.00 5.91 2.99 1.75 2.41 2.56 2.63 0.00 0.00 0.00 0.00 0.00 0.00 0.00 0.00 0.00 0.00 0.00 0.00
0.00 0.00 0.00 0.00 0.00 0.00 0.00 0.00 0.00 0.00 0.00 0.00 0.00 0.00 0.00 0.00 0.00 0.00 0.00 0.00 0.00 4.60 8.40 11.02 12.26 12.12 12.12 13.29 11.83 7.37 0.00 0.00 0.00 0.00 0.00 0.00 0.00 9.93 8.69 7.59 6.20 3.65 3.94 6.06 12.26 11.90 8.76 13.94 15.18 17.74 18.76 18.76 18.91 16.79 14.53 14.89 10.29 8.83 10.66 9.86 3.07 0.00 0.95 1.97 2.26 2.92 1.68 0.00 0.00 0.00 0.00 0.00 0.00 0.00 0.00 0.00 0.00 0.00 0.00 0.00 0.00 0.00 0.00
0.00 0.00 0.00 0.00 0.00 2.26 0.00 0.00 0.00 0.00 0.00 0.00 0.00 0.00 0.00 0.00 0.00 0.00 0.00 0.00 0.00 2.26 5.55 10.66 12.05 10.00 10.00 11.02 13.14 12.34 11.39 15.70 17.01 15.26 16.64 20.29 20.81 18.54 16.06 15.11 12.85 8.98 10.88 11.75 11.97 14.09 11.97 10.22 12.34 14.45 18.10 18.10 18.76 17.01 16.43 9.56 5.11 2.56 2.56 2.04 1.31 2.63 3.80 0.00 0.00 0.00 0.00 0.00 0.00 0.00 0.00 0.00 0.00 0.00 0.00 0.00 0.00 0.00 0.00 0.00 0.00 0.00 0.00
0.00 0.00 0.00 0.00 0.00 0.00 0.00 0.00 0.00 0.00 0.00 0.00 0.00 0.00 0.00 0.00 0.00 0.00 0.00 0.00 0.00 6.20 7.88 9.42 7.74 6.50 6.50 9.56 11.68 13.43 15.26 18.10 19.71 18.03 17.37 18.25 17.52 16.94 15.26 13.43 12.78 12.41 10.88 9.49 9.49 10.73 10.44 11.24 11.83 13.72 17.81 17.81 17.89 15.62 14.60 10.22 4.67 2.56 2.63 0.44 1.17 1.75 0.00 0.00 0.00 2.12 0.00 0.00 0.00 0.00 0.00 0.00 0.00 0.00 0.00 0.00 0.00 0.00 0.00 0.00 0.00 0.00 0.00
0.00 0.00 0.00 0.00 0.00 0.00 0.00 0.00 0.00 0.00 0.00 0.00 0.00 0.00 0.00 0.00 0.00 0.00 0.00 0.00 0.00 4.60 11.90 11.68 8.54 8.61 8.61 12.12 14.97 17.30 18.18 18.47 19.35 19.27 15.77 17.37 17.30 16.50 15.55 13.72 11.24 11.97 10.88 10.88 10.59 11.46 11.39 12.12 10.51 12.05 13.21 13.21 12.99 0.00 5.84 4.96 4.82 6.42 8.03 6.94 3.87 4.31 3.43 0.88 0.00 0.00 0.37 0.00 0.00 0.00 0.00 0.00 0.00 0.00 0.00 0.00 0.00 0.00 0.00 0.00 0.00 0.00 0.00
0.00 0.00 0.00 0.00 0.00 0.00 0.00 0.00 0.00 0.00 0.00 0.00 0.00 0.00 0.00 0.00 0.00 0.00 0.00 0.00 0.00 2.12 9.49 12.12 10.88 9.93 9.93 10.51 11.83 14.82 12.92 10.15 12.78 14.38 12.85 12.34 11.97 10.15 12.34 14.60 15.18 14.16 12.48 12.41 13.58 12.56 9.86 10.29 7.96 8.61 10.07 10.07 7.96 0.00 2.99 4.67 5.26 5.26 8.25 9.34 4.89 1.69 1.68 2.19 1.53 0.00 0.00 0.00 0.00 0.00 0.00 0.00 0.00 0.00 0.00 0.00 0.00 0.00 0.00 0.00 0.00 0.00 0.00
0.00 0.00 0.00 0.00 0.00 0.00 0.00 0.00 0.00 0.00 0.00 0.00 0.00 0.00 0.00 0.00 0.00 0.00 0.00 0.00 0.00 0.00 3.87 6.79 4.53 5.84 5.84 10.80 15.84 14.67 11.10 10.29 10.15 8.98 9.86 9.05 10.29 12.99 15.04 14.16 12.56 11.75 12.99 13.36 12.48 11.61 11.90 9.42 9.64 13.21 8.61 8.61 7.15 0.00 4.53 4.67 0.00 4.45 2.56 4.09 6.50 4.82 0.29 0.00 0.88 0.00 0.00 0.00 0.00 0.00 0.00 0.00 0.00 0.00 0.00 0.00 0.00 0.00 0.00 0.00 0.00 0.00 0.00
0.00 0.00 0.00 0.00 0.00 0.00 0.00 0.00 0.00 0.00 0.00 0.00 0.00 0.00 0.00 0.00 0.00 0.00 0.00 0.00 0.00 0.00 2.63 0.00 1.83 2.85 2.85 12.41 19.93 15.62 9.56 7.45 4.96 2.77 4.74 4.23 6.72 11.02 12.26 13.80 12.63 11.61 12.34 11.39 10.80 9.13 8.10 8.47 12.05 9.42 4.16 4.16 2.99 5.26 6.20 5.26 0.00 5.04 4.02 3.58 7.81 8.98 5.33 2.77 0.73 2.34 4.96 0.00 0.00 0.00 0.00 0.00 0.00 0.00 0.00 0.00 0.00 0.00 0.00 0.00 0.00 0.00 0.00
0.00 0.00 0.00 0.00 0.00 0.00 0.00 0.00 0.00 0.00 0.00 0.00 0.00 0.00 0.00 0.00 0.00 0.00 0.00 0.00 0.00 0.00 0.00 0.00 0.00 0.00 0.00 12.99 11.24 7.81 3.07 0.73 1.90 2.77 3.07 2.99 4.23 6.20 7.66 12.63 12.92 10.80 10.51 10.00 7.15 7.15 7.08 6.72 5.84 4.31 3.58 3.58 4.89 4.89 4.31 4.02 4.09 4.67 3.87 4.60 8.76 10.59 6.86 3.65 1.61 0.22 3.29 0.00 0.00 0.00 0.00 0.00 0.00 0.00 0.00 0.00 0.00 0.00 0.00 0.00 0.00 0.00 0.00
0.00 0.00 0.00 0.00 0.00 0.00 0.00 0.00 0.00 0.00 0.00 0.00 0.00 0.00 0.00 0.00 0.00 0.00 0.00 0.00 0.00 0.00 0.00 0.00 0.00 5.55 5.55 6.94 0.00 0.22 0.00 0.00 0.88 3.29 3.58 2.26 0.00 0.22 3.14 9.71 11.24 11.90 13.21 11.39 6.20 8.69 7.96 7.15 7.37 9.34 7.45 7.45 7.30 6.28 3.36 4.82 4.89 5.11 4.89 5.69 5.99 8.83 8.10 1.97 1.17 1.39 2.34 3.80 0.00 0.00 0.00 0.00 0.00 0.00 0.00 0.00 0.00 0.00 0.00 0.00 0.00 0.00 0.00
0.00 0.00 0.00 0.00 0.00 0.00 0.00 0.00 0.00 0.00 0.00 0.00 0.00 0.00 0.00 0.00 0.00 0.00 0.00 0.00 0.00 0.00 0.00 0.00 0.00 0.00 0.00 0.00 0.00 0.00 0.00 0.00 0.00 2.04 2.85 2.26 0.00 1.46 4.23 7.88 10.51 12.85 13.72 10.00 7.37 8.47 8.32 10.29 11.90 9.64 10.51 10.51 7.81 5.91 7.08 6.86 6.64 6.13 7.23 9.86 7.52 4.31 5.40 3.29 1.97 2.77 1.61 0.00 0.00 0.00 0.00 0.00 0.00 0.00 0.00 0.00 0.00 0.00 0.00 0.00 0.00 0.00 0.00
0.00 0.00 0.00 0.00 0.00 0.00 0.00 0.00 0.00 0.00 0.00 0.00 0.00 0.00 0.00 0.00 0.00 0.00 0.00 0.00 0.00 0.00 0.00 0.00 0.00 0.00 0.00 0.00 0.00 0.00 0.00 0.00 0.00 0.00 0.00 0.88 0.00 0.00 5.33 9.56 11.83 13.87 13.65 13.80 10.73 9.42 10.59 13.80 14.60 13.36 11.83 11.83 7.66 7.66 9.56 10.44 11.53 8.18 10.44 13.87 13.36 8.76 7.88 6.64 2.99 2.12 0.07 0.58 0.00 0.00 0.00 0.00 0.00 0.00 0.00 0.00 0.00 0.00 0.00 0.00 0.00 0.00 0.00
0.00 0.00 0.00 0.00 0.00 0.00 0.00 0.00 0.00 0.00 0.00 0.00 0.00 0.00 0.00 0.00 0.00 0.00 0.00 0.00 0.00 0.00 0.00 0.00 0.00 0.00 0.00 0.00 0.00 0.00 0.00 0.00 0.37 0.00 0.00 0.00 0.00 0.15 6.86 13.29 12.85 15.91 14.82 14.45 9.93 10.15 11.83 11.97 11.53 12.41 12.41 12.41 12.56 14.82 17.81 19.42 16.50 15.04 14.09 18.61 18.98 11.75 11.83 7.23 2.41 3.65 2.63 0.00 1.97 0.73 0.00 0.00 0.00 0.00 0.00 0.00 0.00 0.00 0.00 0.00 0.00 0.00 0.00
0.00 0.00 0.00 0.00 0.00 0.00 0.00 0.00 0.00 0.00 0.00 0.00 0.00 0.00 0.00 0.00 0.00 0.00 0.00 0.00 0.00 0.00 0.00 0.00 0.00 0.00 0.00 0.00 0.00 0.00 0.00 0.00 0.00 0.00 0.00 0.00 0.00 2.26 5.84 9.27 12.34 18.25 11.68 10.37 10.00 8.69 11.53 8.91 8.83 8.10 13.65 13.65 14.31 15.99 21.17 22.05 20.81 19.56 17.45 16.35 19.49 17.16 14.45 7.81 5.48 6.28 2.26 0.51 0.66 0.00 0.51 0.00 0.00 0.00 0.73 3.72 3.72 0.00 0.00 0.00 0.00 0.00 0.00
0.00 0.00 0.00 0.00 0.00 0.00 0.00 0.00 0.00 0.00 0.00 0.00 0.00 0.00 0.00 0.00 0.00 0.00 0.00 0.00 0.00 0.00 0.00 0.00 0.00 0.00 0.00 0.00 0.00 0.00 0.29 0.00 0.00 0.00 0.00 0.00 1.17 1.90 5.04 10.37 12.41 14.67 13.21 11.83 9.56 7.30 6.28 6.50 9.34 9.78 12.05 12.05 14.16 15.18 19.64 18.61 15.55 16.35 10.95 9.34 14.75 17.01 16.64 8.03 4.74 8.69 8.54 1.68 0.95 3.50 6.20 5.69 2.34 1.10 0.00 0.00 0.00 0.51 1.90 2.26 0.00 0.00 0.00
