Wansh/Snow_depth/snowdepth-1983/winter/1984039.txt
ncols 321
nrows 161
xllcenter 60
yllcenter 15 
cellsize  0.25 
NODATA_value -1
[rows 0 to 36 of 161, columns 0 to 82 of 321]
18.61 18.61 23.00 23.21 23.00 22.34 22.92 23.87 23.29 25.33 26.13 27.16 26.13 25.70 26.13 25.62 24.53 23.21 21.10 19.13 18.40 17.52 16.86 16.86 17.01 17.16 17.16 19.27 19.35 18.69 18.61 18.83 15.70 16.72 16.43 15.04 16.28 18.61 19.78 21.53 21.75 21.46 20.73 19.56 20.08 21.53 22.56 24.02 22.19 24.60 23.58 23.58 22.56 21.24 21.61 22.27 25.11 25.40 23.73 23.58 23.65 22.70 22.27 21.39 21.32 19.56 19.05 16.43 16.28 15.26 14.82 16.35 18.91 19.35 20.81 23.00 23.00 24.53 25.33 24.82 23.14 23.36 22.78
23.21 23.21 23.43 24.89 26.43 26.50 25.48 25.55 25.77 25.04 26.21 24.67 24.16 24.16 23.00 21.61 19.56 19.49 18.69 17.08 16.28 15.33 13.07 13.14 14.89 15.18 15.18 15.62 16.28 13.87 15.77 10.66 9.34 10.15 12.78 13.36 15.77 17.30 17.08 17.08 17.08 15.77 15.04 15.48 16.64 17.45 17.52 18.91 19.86 22.41 23.14 23.14 21.61 19.13 18.98 22.12 21.75 21.97 20.66 19.13 18.03 17.30 16.79 16.50 15.26 15.11 14.67 12.34 11.24 11.02 12.63 15.33 16.35 16.43 18.91 21.24 21.24 21.83 22.41 23.07 24.38 21.90 20.51
21.83 21.83 22.19 23.51 24.53 24.31 24.24 23.58 22.63 21.10 19.78 18.47 17.08 16.79 16.28 15.84 14.09 13.65 12.12 12.12 12.05 11.17 11.10 10.37 11.39 12.63 12.63 12.41 11.90 12.12 11.10 9.86 9.27 9.78 12.92 14.45 13.80 15.18 15.11 13.87 13.07 12.78 12.34 14.82 15.99 16.43 17.01 18.40 15.84 17.67 17.89 17.89 16.43 13.94 13.07 12.99 13.87 15.04 15.26 14.89 13.29 14.16 13.51 12.85 13.51 12.70 12.85 12.19 12.78 12.56 13.65 16.28 17.45 17.74 17.30 17.89 17.89 18.76 19.78 18.69 18.32 17.67 16.94
21.83 21.83 22.19 23.51 24.53 24.31 24.24 23.58 22.63 21.10 19.78 18.47 17.08 16.79 16.28 15.84 14.09 13.65 12.12 12.12 12.05 11.17 11.10 10.37 11.39 12.63 12.63 12.41 11.90 12.12 11.10 9.86 9.27 9.78 12.92 14.45 13.80 15.18 15.11 13.87 13.07 12.78 12.34 14.82 15.99 16.43 17.01 18.40 15.84 17.67 17.89 17.89 16.43 13.94 13.07 12.99 13.87 15.04 15.26 14.89 13.29 14.16 13.51 12.85 13.51 12.70 12.85 12.19 12.78 12.56 13.65 16.28 17.45 17.74 17.30 17.89 17.89 18.76 19.78 18.69 18.32 17.67 16.94
18.47 18.47 20.08 21.02 21.46 20.81 19.64 19.05 18.03 16.79 16.06 15.40 13.87 13.07 12.12 11.17 10.95 11.24 11.10 9.13 8.69 8.91 8.10 7.88 9.13 10.88 10.88 10.73 11.02 9.86 10.29 9.56 9.05 8.10 9.05 8.69 9.05 7.81 11.39 12.78 13.07 12.63 12.19 13.14 13.29 12.92 12.70 11.75 11.46 11.75 13.29 13.29 12.85 10.95 11.02 10.80 10.07 9.71 10.66 12.41 13.14 12.56 12.41 12.63 12.19 11.68 12.63 12.48 12.63 12.99 12.48 12.70 14.16 14.38 14.16 14.09 14.09 16.13 17.45 17.08 17.45 18.25 18.83
17.45 17.45 17.16 16.94 18.32 17.59 15.77 15.91 17.52 15.04 12.70 11.68 12.26 11.10 9.56 11.61 12.70 12.12 12.12 13.14 9.56 7.52 7.15 7.96 8.10 8.98 8.98 8.61 9.56 9.34 10.73 11.32 10.59 10.29 9.20 7.66 8.83 11.02 11.46 11.32 10.73 9.86 11.39 11.17 12.12 9.71 9.05 9.56 9.20 7.15 9.27 9.27 8.40 9.05 8.18 7.66 7.30 7.59 7.08 8.10 10.07 10.22 11.17 12.05 10.59 10.51 11.53 11.46 11.24 10.95 11.24 11.90 12.26 14.09 15.04 15.77 15.77 16.79 17.08 18.76 19.64 21.02 19.42
18.40 18.40 18.32 19.64 20.51 20.00 19.20 18.18 18.47 17.16 15.33 14.60 13.14 12.41 13.21 13.14 12.56 11.46 10.80 11.02 10.37 8.03 7.74 7.74 9.71 10.15 10.15 8.98 9.93 11.10 13.43 15.26 15.18 14.16 13.21 11.97 11.68 12.56 13.36 12.05 9.56 8.18 9.71 10.59 10.22 8.47 9.56 8.10 8.47 6.42 7.81 7.81 8.69 9.34 10.44 10.15 10.80 10.15 9.56 8.98 9.20 8.83 9.71 12.48 11.90 11.24 10.88 11.24 12.19 12.34 11.32 10.73 10.15 11.24 12.99 14.67 14.67 14.97 14.31 15.33 18.10 19.42 18.98
18.40 18.40 18.32 19.64 20.51 20.00 19.20 18.18 18.47 17.16 15.33 14.60 13.14 12.41 13.21 13.14 12.56 11.46 10.80 11.02 10.37 8.03 7.74 7.74 9.71 10.15 10.15 8.98 9.93 11.10 13.43 15.26 15.18 14.16 13.21 11.97 11.68 12.56 13.36 12.05 9.56 8.18 9.71 10.59 10.22 8.47 9.56 8.10 8.47 6.42 7.81 7.81 8.69 9.34 10.44 10.15 10.80 10.15 9.56 8.98 9.20 8.83 9.71 12.48 11.90 11.24 10.88 11.24 12.19 12.34 11.32 10.73 10.15 11.24 12.99 14.67 14.67 14.97 14.31 15.33 18.10 19.42 18.98
20.00 20.00 20.08 20.59 20.73 19.27 18.03 17.37 16.79 17.23 16.50 14.75 13.21 12.99 13.72 14.45 13.65 11.61 11.46 11.24 10.59 8.83 8.10 9.20 10.73 9.20 9.20 9.20 11.75 12.56 12.85 12.41 13.80 14.67 14.53 13.87 13.72 13.29 13.72 12.48 11.53 9.05 7.59 7.45 7.30 7.23 7.23 6.50 6.94 7.74 8.83 8.83 8.32 9.71 10.15 10.15 10.44 12.12 10.07 7.74 7.01 8.47 9.20 9.78 9.93 10.66 11.61 10.80 10.73 11.02 10.59 10.00 9.27 10.00 10.95 10.73 10.73 9.27 8.91 10.95 13.21 14.60 15.40
16.72 16.72 16.06 14.89 14.31 13.58 12.99 12.63 12.70 12.48 11.68 11.61 12.41 14.60 14.45 13.80 12.63 10.80 8.98 8.91 8.83 8.76 9.93 10.80 9.93 10.29 10.29 12.19 13.51 14.38 15.26 15.18 16.50 16.79 16.28 16.43 17.16 15.48 14.75 15.40 13.58 11.68 7.88 5.84 4.16 4.16 7.45 7.52 8.54 9.71 7.81 7.81 6.28 6.79 7.23 8.32 10.07 11.83 12.19 10.29 9.42 9.64 8.83 8.69 9.78 10.44 11.17 9.78 9.64 8.98 7.01 7.08 8.03 8.69 9.86 9.56 9.56 8.25 10.66 10.51 9.27 10.29 10.95
12.70 12.70 12.19 11.24 10.59 10.15 9.86 8.54 8.69 8.98 8.98 9.13 11.24 13.94 14.53 12.34 12.05 11.68 10.07 10.37 10.15 7.96 8.10 10.22 10.15 9.86 9.86 11.10 13.21 14.82 17.45 18.25 16.43 17.96 16.79 17.96 17.81 16.79 16.13 16.57 14.31 11.10 8.61 6.86 6.57 8.69 8.25 7.88 9.71 9.64 7.74 7.74 6.64 6.28 5.84 6.50 7.96 9.71 10.80 9.05 9.78 11.17 9.56 8.69 8.91 8.98 8.18 8.32 8.32 10.51 10.00 8.76 8.54 8.47 8.10 7.74 7.74 7.96 8.69 8.47 8.47 11.02 12.78
12.70 12.70 12.19 11.24 10.59 10.15 9.86 8.54 8.69 8.98 8.98 9.13 11.24 13.94 14.53 12.34 12.05 11.68 10.07 10.37 10.15 7.96 8.10 10.22 10.15 9.86 9.86 11.10 13.21 14.82 17.45 18.25 16.43 17.96 16.79 17.96 17.81 16.79 16.13 16.57 14.31 11.10 8.61 6.86 6.57 8.69 8.25 7.88 9.71 9.64 7.74 7.74 6.64 6.28 5.84 6.50 7.96 9.71 10.80 9.05 9.78 11.17 9.56 8.69 8.91 8.98 8.18 8.32 8.32 10.51 10.00 8.76 8.54 8.47 8.10 7.74 7.74 7.96 8.69 8.47 8.47 11.02 12.78
13.07 13.07 11.75 10.29 8.91 8.83 8.32 8.32 8.61 9.93 9.64 8.76 9.27 9.93 10.44 10.00 9.64 9.64 12.48 14.31 14.53 10.95 7.52 8.47 10.44 12.56 12.56 14.97 17.16 18.32 19.27 17.59 15.04 13.58 13.36 13.94 14.67 13.87 12.19 11.90 12.26 12.12 10.51 9.93 9.64 7.66 8.18 8.32 5.11 7.37 8.03 8.03 8.61 6.64 6.94 6.72 7.45 9.05 9.42 9.56 9.13 9.20 7.59 7.96 8.40 7.74 7.81 9.78 9.20 8.40 8.83 9.34 11.02 10.80 10.22 10.00 10.00 9.93 10.37 12.26 13.94 13.65 11.53
13.87 13.87 12.63 11.61 9.78 8.76 8.10 8.91 10.44 11.75 10.73 9.20 10.29 12.19 12.26 12.34 12.41 12.48 12.19 13.51 13.58 12.05 9.86 10.88 13.14 16.79 16.79 18.61 20.00 18.32 17.16 15.26 11.53 9.27 9.78 10.44 9.13 8.91 9.42 8.10 7.37 10.51 11.02 10.00 0.00 7.08 5.62 8.18 8.91 7.88 7.96 7.96 10.07 7.81 7.37 7.01 9.34 10.00 9.64 8.91 8.10 8.32 7.96 8.61 7.81 7.96 8.98 11.24 10.73 10.22 11.10 11.61 11.68 12.48 12.78 11.24 11.24 10.80 11.39 12.56 13.36 12.70 12.41
13.51 13.51 11.53 9.93 10.80 9.05 8.83 10.15 10.29 11.32 10.29 9.71 12.34 14.31 15.33 17.30 15.91 14.75 14.75 14.60 14.45 15.48 14.09 16.21 15.18 15.91 15.91 17.96 15.33 12.34 10.29 9.78 8.61 8.69 9.56 9.64 8.61 7.96 7.59 6.06 7.88 9.20 8.83 8.61 8.10 8.03 8.18 6.35 7.23 7.59 6.72 6.72 8.10 7.08 5.69 6.42 8.54 9.56 10.44 10.37 9.93 8.83 8.91 7.96 7.81 8.32 10.15 11.02 10.51 10.44 10.66 11.02 12.05 11.97 11.17 9.64 9.64 10.66 10.66 11.46 12.56 12.99 12.48
15.04 15.04 16.28 15.33 14.31 11.24 8.54 9.49 11.90 12.63 12.63 13.14 12.41 11.39 11.68 15.11 17.37 16.57 15.99 15.99 17.89 15.62 15.91 13.51 12.34 11.61 11.61 10.80 9.49 8.76 9.64 10.66 10.29 8.83 10.15 7.30 5.55 6.28 6.06 5.40 6.06 7.74 8.32 7.66 7.45 8.32 8.54 7.81 7.01 7.88 8.91 8.91 8.69 5.84 6.42 7.88 8.69 10.37 11.17 11.53 11.02 9.42 8.10 6.86 6.94 7.23 7.81 8.91 9.71 10.37 12.56 12.63 12.92 12.85 12.56 12.19 12.19 11.68 12.34 12.92 14.09 12.63 9.20
15.04 15.04 16.28 15.33 14.31 11.24 8.54 9.49 11.90 12.63 12.63 13.14 12.41 11.39 11.68 15.11 17.37 16.57 15.99 15.99 17.89 15.62 15.91 13.51 12.34 11.61 11.61 10.80 9.49 8.76 9.64 10.66 10.29 8.83 10.15 7.30 5.55 6.28 6.06 5.40 6.06 7.74 8.32 7.66 7.45 8.32 8.54 7.81 7.01 7.88 8.91 8.91 8.69 5.84 6.42 7.88 8.69 10.37 11.17 11.53 11.02 9.42 8.10 6.86 6.94 7.23 7.81 8.91 9.71 10.37 12.56 12.63 12.92 12.85 12.56 12.19 12.19 11.68 12.34 12.92 14.09 12.63 9.20
14.97 14.97 14.97 14.45 14.09 12.41 11.17 12.63 14.02 15.04 15.91 16.21 16.64 15.77 15.91 17.23 17.74 17.23 16.72 17.23 18.10 17.37 14.16 11.90 10.15 9.27 9.27 9.13 9.27 8.91 9.20 9.42 11.46 11.24 9.27 7.81 8.03 8.40 8.61 7.81 7.37 8.10 8.18 6.57 7.01 7.08 8.98 8.10 8.18 8.18 9.56 9.56 9.78 8.83 8.83 9.56 11.32 10.95 11.24 11.39 10.66 9.05 7.59 7.96 7.96 8.47 8.98 9.05 9.13 10.00 11.39 12.19 13.07 13.87 14.31 14.16 14.16 14.09 15.33 14.89 13.21 11.83 9.56
14.02 14.02 14.97 15.04 14.09 14.09 15.48 17.23 17.30 17.52 18.76 18.32 18.91 18.18 18.25 18.10 17.96 17.16 17.45 17.30 15.84 14.16 13.21 12.63 12.19 10.66 10.66 9.20 9.27 9.13 10.59 11.53 12.34 12.48 10.51 6.50 8.76 9.56 9.49 9.71 9.64 10.07 7.81 7.66 7.08 8.91 9.78 10.44 11.61 10.51 11.10 11.10 10.44 10.51 10.22 10.44 11.10 10.37 9.42 9.20 9.93 10.95 11.17 10.07 9.86 10.00 9.71 9.71 11.17 11.46 12.26 13.07 13.51 13.14 14.09 13.72 13.72 11.39 11.97 12.63 13.07 14.16 13.58
15.40 15.40 15.26 15.70 17.37 18.03 19.13 20.00 19.93 20.37 20.08 19.71 21.53 19.64 18.76 16.28 14.89 15.48 15.26 11.83 13.58 13.72 13.14 13.51 13.87 11.39 11.39 10.51 10.07 10.29 11.10 11.61 11.24 10.22 7.37 6.50 10.73 13.07 12.41 11.75 9.56 9.20 10.59 9.56 9.56 9.56 8.98 10.29 9.42 8.91 9.71 9.71 9.78 11.68 13.51 13.29 12.48 11.83 13.87 12.26 11.17 11.75 13.87 14.24 12.85 10.66 10.59 10.00 10.59 11.53 11.68 11.83 11.90 11.90 13.29 11.90 11.90 11.10 11.90 11.39 12.56 14.16 14.60
15.04 15.04 15.33 15.18 17.96 17.30 17.16 17.59 17.52 18.25 18.83 16.94 17.23 16.21 15.99 14.82 13.58 13.80 14.09 12.26 13.14 14.38 14.60 12.63 13.07 12.99 12.99 13.14 13.94 14.24 12.41 12.12 11.32 9.27 7.96 9.86 10.07 10.80 11.39 11.24 10.59 10.80 10.37 8.76 12.41 11.68 12.99 12.41 11.02 10.59 10.59 10.59 10.29 10.37 12.26 13.14 13.36 13.87 16.06 17.08 14.31 13.58 14.60 13.51 11.24 10.73 10.66 13.29 14.16 14.02 12.63 10.80 10.88 12.05 13.29 13.43 13.43 13.58 12.70 13.36 15.91 13.94 12.56
13.21 13.21 13.07 14.16 15.48 14.97 15.04 15.84 16.79 15.48 15.40 16.06 16.43 14.38 13.94 13.21 13.14 12.34 13.29 13.65 14.60 15.04 15.48 14.02 13.43 14.53 14.53 12.85 12.12 11.75 8.61 6.20 8.10 7.96 6.72 6.50 6.79 7.52 8.76 10.66 10.29 12.48 12.41 13.51 14.89 14.45 14.09 15.84 14.53 12.26 12.26 12.26 12.70 13.29 15.55 16.72 14.24 13.14 13.72 13.87 12.78 11.90 12.48 13.87 12.63 13.36 15.77 16.28 16.64 15.62 14.67 13.36 11.97 12.85 12.41 13.07 13.07 14.09 14.02 14.67 14.75 12.99 13.65
13.21 13.21 13.07 14.16 15.48 14.97 15.04 15.84 16.79 15.48 15.40 16.06 16.43 14.38 13.94 13.21 13.14 12.34 13.29 13.65 14.60 15.04 15.48 14.02 13.43 14.53 14.53 12.85 12.12 11.75 8.61 6.20 8.10 7.96 6.72 6.50 6.79 7.52 8.76 10.66 10.29 12.48 12.41 13.51 14.89 14.45 14.09 15.84 14.53 12.26 12.26 12.26 12.70 13.29 15.55 16.72 14.24 13.14 13.72 13.87 12.78 11.90 12.48 13.87 12.63 13.36 15.77 16.28 16.64 15.62 14.67 13.36 11.97 12.85 12.41 13.07 13.07 14.09 14.02 14.67 14.75 12.99 13.65
12.19 12.19 12.78 15.84 16.43 14.67 13.51 15.40 16.21 15.33 15.04 15.99 14.97 14.24 15.04 15.70 12.05 12.56 11.83 12.05 12.63 13.65 13.72 12.12 11.83 14.60 14.60 12.63 13.07 12.85 11.75 10.29 8.25 7.88 7.66 7.88 9.42 10.07 9.34 10.15 11.83 13.07 12.70 14.53 16.06 15.55 16.06 16.35 16.13 15.99 16.64 16.64 17.59 18.10 18.18 18.25 15.99 14.53 16.13 15.33 13.21 13.29 15.11 15.84 16.28 17.59 19.13 18.69 16.50 14.53 15.91 14.67 13.65 12.26 13.14 16.13 16.13 16.57 15.70 16.21 17.08 15.33 13.72
16.35 16.35 15.18 14.31 12.78 13.21 14.02 15.26 16.13 15.04 13.72 12.41 13.65 14.75 15.62 13.72 12.92 11.32 6.86 9.42 11.10 10.22 11.53 11.61 10.95 14.02 14.02 14.67 13.65 12.41 10.00 10.66 10.07 8.03 8.54 10.37 11.32 11.39 12.56 13.94 17.08 15.40 15.48 14.89 15.26 16.94 15.77 15.84 16.21 16.64 18.98 18.98 18.18 17.37 18.03 18.18 18.98 18.10 19.78 18.91 17.45 17.96 18.18 19.35 22.05 23.58 23.87 25.11 23.43 19.49 18.32 18.10 18.40 18.69 15.40 12.99 12.99 13.87 17.45 20.66 20.51 17.23 16.13
14.02 14.02 14.97 14.97 14.53 14.02 15.33 14.31 13.80 13.14 12.34 11.17 12.70 13.21 14.16 14.02 12.41 12.12 8.91 10.00 11.53 10.15 9.71 11.24 12.48 12.41 12.41 12.19 12.85 12.56 10.66 9.71 9.71 8.69 9.20 11.53 14.16 14.67 15.62 17.45 18.40 18.76 16.79 14.97 14.97 15.77 15.26 15.26 15.11 15.84 16.94 16.94 18.61 19.42 18.91 18.10 19.05 19.93 21.90 22.85 22.12 23.43 25.19 25.62 24.24 24.45 25.55 26.21 25.04 22.48 19.78 18.61 20.44 21.17 19.49 15.33 15.33 12.85 16.06 19.49 21.53 21.46 18.61
12.41 12.41 13.07 12.78 12.26 12.70 14.67 14.24 13.07 12.56 12.99 12.78 12.63 13.87 14.45 12.56 11.10 11.90 10.80 11.39 11.39 12.26 11.46 11.10 11.68 13.72 13.72 14.38 13.65 14.31 11.10 9.64 9.05 10.15 12.26 13.36 14.75 15.33 16.57 17.89 17.52 18.25 19.20 18.91 19.35 20.00 18.61 18.69 17.96 19.78 19.56 19.56 20.00 22.48 23.73 22.41 21.46 20.59 20.88 21.68 22.78 23.36 24.67 25.48 24.24 23.51 23.21 22.56 22.05 20.51 19.35 19.86 21.90 23.80 23.94 21.24 21.24 17.89 16.06 17.30 18.76 18.76 20.81
11.90 11.90 12.63 11.97 11.97 11.53 10.80 10.37 10.95 13.07 14.09 11.61 10.00 17.45 16.79 13.58 13.29 12.63 12.12 13.21 13.94 12.63 12.19 12.70 12.12 12.56 12.56 12.56 12.34 12.19 11.83 10.59 9.56 10.51 11.83 12.34 13.21 14.97 15.70 13.58 13.94 14.53 15.48 19.05 18.91 17.89 17.23 17.45 18.03 19.49 19.78 19.78 19.71 19.93 23.29 23.00 21.53 22.27 20.81 21.39 23.29 23.65 24.45 23.36 20.81 19.78 18.91 20.22 21.02 20.59 21.10 22.70 23.36 23.29 24.31 24.02 24.02 22.34 20.95 18.25 18.32 20.73 22.92
11.90 11.90 12.63 11.97 11.97 11.53 10.80 10.37 10.95 13.07 14.09 11.61 10.00 17.45 16.79 13.58 13.29 12.63 12.12 13.21 13.94 12.63 12.19 12.70 12.12 12.56 12.56 12.56 12.34 12.19 11.83 10.59 9.56 10.51 11.83 12.34 13.21 14.97 15.70 13.58 13.94 14.53 15.48 19.05 18.91 17.89 17.23 17.45 18.03 19.49 19.78 19.78 19.71 19.93 23.29 23.00 21.53 22.27 20.81 21.39 23.29 23.65 24.45 23.36 20.81 19.78 18.91 20.22 21.02 20.59 21.10 22.70 23.36 23.29 24.31 24.02 24.02 22.34 20.95 18.25 18.32 20.73 22.92
12.12 12.12 11.90 12.12 11.61 10.51 10.00 11.24 14.31 15.70 17.37 16.79 12.05 18.40 17.67 17.74 17.01 15.62 14.24 14.53 13.72 12.92 11.10 9.27 12.26 12.05 12.05 11.10 10.88 10.07 9.13 7.74 7.88 9.05 10.22 11.17 12.19 14.31 15.18 15.11 14.31 15.18 16.13 18.54 19.71 17.81 16.94 18.69 19.86 20.81 18.98 18.98 19.71 20.73 20.88 21.17 20.15 20.81 21.68 22.19 22.70 22.12 20.22 17.37 18.40 18.61 18.69 19.49 21.10 22.27 24.16 25.26 24.24 20.08 20.81 23.14 23.14 24.16 23.36 22.12 19.71 21.39 20.29
9.20 9.20 8.25 9.34 9.86 10.00 10.22 11.61 16.13 18.10 18.69 19.05 18.18 17.45 18.18 17.81 18.83 16.79 14.97 14.53 13.58 10.51 9.27 10.44 12.85 11.83 11.83 10.80 11.39 11.75 10.22 7.01 5.84 7.15 8.40 10.07 13.14 14.97 17.37 18.47 18.98 19.49 18.54 18.98 20.22 19.27 19.27 20.44 21.53 20.81 19.64 19.64 20.08 19.05 19.64 20.81 19.49 20.37 20.88 22.41 22.92 18.83 17.30 17.96 17.96 18.98 19.78 19.56 19.20 19.27 19.71 20.37 20.88 19.20 18.10 19.49 19.49 21.68 20.88 19.93 18.47 19.27 18.25
8.47 8.47 7.30 9.13 9.71 8.91 11.02 12.92 15.48 15.62 18.54 19.35 17.45 15.26 16.57 16.28 14.53 15.33 14.82 14.16 13.51 10.15 8.83 10.59 13.36 13.65 13.65 11.10 9.42 10.51 12.12 10.44 9.86 11.02 11.53 14.24 14.53 13.72 15.62 16.21 18.03 15.33 17.16 17.23 18.10 19.78 20.81 21.61 20.95 20.08 19.78 19.78 23.14 23.00 21.46 21.46 19.49 18.18 18.10 18.76 18.76 17.81 17.37 18.32 19.20 20.81 20.29 18.54 15.99 16.28 15.91 17.37 17.67 17.81 15.70 15.91 15.91 19.27 20.51 17.16 17.30 16.94 17.16
9.64 9.64 7.81 10.37 12.26 9.93 12.12 15.11 15.77 17.59 18.25 17.74 14.82 14.38 12.99 11.24 10.15 11.39 11.97 12.19 12.19 9.64 8.98 9.71 8.69 9.27 9.27 9.34 7.81 9.20 11.39 11.17 12.12 14.53 16.35 15.70 13.58 14.45 14.60 14.09 14.97 13.80 17.67 17.67 18.54 18.61 20.15 20.22 20.59 19.35 20.29 20.29 22.05 21.83 21.97 22.92 21.10 18.83 17.45 14.75 15.70 16.06 15.18 15.77 18.25 18.40 15.04 14.82 14.24 12.85 11.17 10.29 13.29 16.64 14.45 13.36 13.36 13.29 16.86 13.43 16.79 17.59 19.27
0.00 0.00 2.34 6.64 9.49 3.65 8.98 16.13 16.79 18.40 20.81 17.52 16.64 15.18 12.05 12.19 12.34 8.32 4.16 5.84 8.47 9.20 10.29 10.37 11.24 10.73 10.73 8.83 9.05 10.88 11.68 13.21 14.67 15.18 16.13 16.28 17.45 14.97 16.57 14.16 14.75 15.33 15.77 16.72 17.30 16.21 17.23 19.49 21.02 20.95 21.68 21.68 22.63 21.75 20.73 19.20 15.70 10.88 7.88 8.10 11.17 13.07 10.73 10.37 10.59 11.32 10.22 9.93 9.27 9.49 9.13 9.34 8.83 8.47 9.05 9.34 9.34 8.76 9.27 11.10 11.97 13.07 13.87
0.00 0.00 0.00 0.00 0.00 8.40 16.35 17.52 19.56 20.15 17.67 15.77 16.06 18.61 13.87 13.29 13.80 12.78 9.93 8.03 9.13 10.37 10.51 10.07 10.59 11.10 11.10 10.29 10.37 10.44 12.05 14.31 13.43 13.51 10.66 9.64 11.68 9.56 12.78 15.11 14.09 13.87 13.07 12.63 13.58 17.67 15.26 17.52 17.52 17.30 18.32 18.32 15.77 14.75 12.56 8.32 2.26 0.00 0.00 4.82 10.00 11.32 12.34 11.75 11.24 9.86 8.40 8.61 8.25 8.98 8.76 8.10 7.08 8.25 10.07 10.44 10.44 11.02 16.72 13.43 12.85 13.51 11.32
0.00 0.00 0.00 0.00 0.00 8.40 16.35 17.52 19.56 20.15 17.67 15.77 16.06 18.61 13.87 13.29 13.80 12.78 9.93 8.03 9.13 10.37 10.51 10.07 10.59 11.10 11.10 10.29 10.37 10.44 12.05 14.31 13.43 13.51 10.66 9.64 11.68 9.56 12.78 15.11 14.09 13.87 13.07 12.63 13.58 17.67 15.26 17.52 17.52 17.30 18.32 18.32 15.77 14.75 12.56 8.32 2.26 0.00 0.00 4.82 10.00 11.32 12.34 11.75 11.24 9.86 8.40 8.61 8.25 8.98 8.76 8.10 7.08 8.25 10.07 10.44 10.44 11.02 16.72 13.43 12.85 13.51 11.32
0.00 0.00 0.00 0.00 5.99 11.39 12.78 13.29 16.72 16.35 15.48 14.24 13.21 11.90 11.90 10.80 11.46 11.39 9.78 8.91 11.90 11.24 8.69 6.72 7.45 7.66 7.66 8.98 10.95 10.00 10.15 9.86 8.61 7.15 5.04 5.91 8.03 8.32 8.61 10.95 9.49 8.03 6.72 5.11 5.69 8.91 11.46 14.31 12.26 9.49 10.59 10.59 9.42 5.33 1.61 0.00 0.00 0.00 0.00 7.96 10.59 11.39 11.97 13.14 12.99 13.58 11.61 8.61 9.20 10.51 10.00 7.59 7.96 10.66 11.83 11.75 11.75 14.97 17.01 17.89 17.45 15.91 13.87
