Wansh/Snow_depth/snowdepth-1983/winter/1984009.txt
ncols 321
nrows 161
xllcenter 60
yllcenter 15 
cellsize  0.25 
NODATA_value -1
[rows 0 to 36 of 161, columns 168 to 251 of 321]
4.16 2.99 3.21 5.77 2.92 3.36 4.53 4.74 7.81 7.81 7.01 7.88 8.61 7.96 6.42 6.94 7.01 6.94 9.20 10.51 9.05 7.96 8.25 7.08 5.99 2.99 0.00 0.00 0.00 0.00 0.00 0.00 8.98 15.33 14.02 14.02 11.39 15.33 18.83 17.37 14.24 13.51 14.16 15.26 16.79 19.49 21.90 20.37 17.08 14.53 13.14 14.75 14.75 13.87 14.89 17.01 17.89 18.03 17.67 17.37 17.37 17.67 19.42 21.90 23.36 21.61 22.27 20.73 19.64 17.81 17.59 20.22 21.53 21.75 22.70 23.51 22.92 25.48 25.40 25.77 24.09 24.45 25.84 27.01
6.72 5.18 4.82 4.38 2.48 2.19 3.72 5.04 5.99 5.99 6.72 8.18 10.00 8.18 7.66 7.81 6.35 7.08 8.76 9.86 8.54 7.45 5.99 4.82 0.44 0.00 0.00 0.00 0.00 0.00 0.00 1.10 10.37 10.59 10.51 10.51 9.71 12.85 18.32 19.71 14.24 14.45 15.62 16.06 17.96 17.16 16.13 15.55 14.16 13.65 14.16 14.97 14.82 15.48 16.35 17.23 19.56 21.02 19.71 18.69 18.69 20.66 23.00 24.60 24.45 23.07 20.88 20.15 18.10 18.32 20.73 22.12 22.63 22.41 21.53 22.27 24.82 26.13 25.33 24.31 23.43 20.81 19.56 19.71
8.83 6.20 4.96 6.28 5.33 3.80 3.50 4.82 6.20 6.20 6.94 6.57 5.91 4.96 4.38 9.05 7.45 8.25 8.61 7.96 7.74 6.13 5.40 1.83 0.00 0.00 0.00 0.00 0.00 0.00 0.00 2.63 10.95 5.04 5.69 5.69 7.81 12.48 17.08 16.94 16.06 15.91 14.60 13.14 10.80 11.02 11.02 12.70 13.58 15.04 16.13 15.84 14.53 16.72 18.25 15.84 14.75 17.01 17.96 15.62 15.62 18.83 20.44 25.11 21.39 21.46 21.24 21.24 20.95 19.78 20.51 21.46 22.19 21.61 21.17 22.41 24.45 23.14 22.27 21.53 20.29 17.74 16.35 17.59
8.83 6.20 4.96 6.28 5.33 3.80 3.50 4.82 6.20 6.20 6.94 6.57 5.91 4.96 4.38 9.05 7.45 8.25 8.61 7.96 7.74 6.13 5.40 1.83 0.00 0.00 0.00 0.00 0.00 0.00 0.00 2.63 10.95 5.04 5.69 5.69 7.81 12.48 17.08 16.94 16.06 15.91 14.60 13.14 10.80 11.02 11.02 12.70 13.58 15.04 16.13 15.84 14.53 16.72 18.25 15.84 14.75 17.01 17.96 15.62 15.62 18.83 20.44 25.11 21.39 21.46 21.24 21.24 20.95 19.78 20.51 21.46 22.19 21.61 21.17 22.41 24.45 23.14 22.27 21.53 20.29 17.74 16.35 17.59
10.51 9.13 7.66 7.52 5.91 4.82 4.02 3.29 4.31 4.31 5.99 6.72 5.91 8.10 7.88 9.27 10.15 10.44 6.94 6.57 0.00 2.19 0.00 0.00 0.00 0.00 0.00 0.00 0.00 0.00 0.00 6.20 4.89 4.82 7.01 7.01 11.17 11.75 11.39 9.27 9.56 10.07 10.44 9.93 9.49 12.05 14.97 15.48 14.67 15.91 15.84 15.48 14.31 14.24 15.33 15.48 15.70 15.99 18.10 18.83 18.83 18.32 18.76 19.49 18.54 18.03 17.30 17.16 17.37 16.94 16.72 16.21 17.59 18.25 17.67 18.18 19.78 20.73 20.37 20.88 19.71 18.40 18.25 18.40
17.52 15.40 14.16 10.95 6.42 4.67 6.42 4.60 5.11 5.11 6.57 7.66 9.20 8.83 8.98 8.25 9.13 7.52 3.94 2.26 0.00 0.00 0.00 0.00 0.00 0.00 0.00 0.00 0.00 0.00 2.92 5.99 7.74 10.51 9.78 9.78 9.71 10.44 6.20 6.28 7.45 8.61 9.49 10.15 10.95 11.32 11.24 11.53 13.07 14.31 15.55 16.21 15.11 14.02 14.09 13.94 14.67 15.48 15.77 16.43 16.43 18.91 20.88 20.08 16.64 14.53 13.43 13.43 12.92 14.60 14.38 14.97 14.31 16.28 16.35 15.77 17.37 19.71 20.22 18.61 17.30 16.43 17.45 17.37
17.67 18.40 16.79 12.99 11.53 10.51 9.49 9.20 7.74 7.74 7.96 8.76 9.93 9.64 11.83 10.29 8.40 3.87 0.22 0.00 0.00 0.00 0.00 0.00 0.00 0.00 0.00 0.00 0.00 1.53 12.41 9.42 11.32 12.26 12.48 12.48 7.96 8.47 8.54 7.74 7.59 8.18 8.25 9.71 11.53 11.24 12.05 13.43 14.09 15.26 15.62 15.11 14.24 14.97 14.24 13.58 14.75 14.09 14.02 14.60 14.60 15.84 16.28 16.35 14.67 13.43 13.43 13.51 12.56 12.12 12.19 12.78 13.29 14.09 13.94 13.07 13.87 14.16 14.60 14.75 16.30 16.66 14.60 16.27
17.67 18.40 16.79 12.99 11.53 10.51 9.49 9.20 7.74 7.74 7.96 8.76 9.93 9.64 11.83 10.29 8.40 3.87 0.22 0.00 0.00 0.00 0.00 0.00 0.00 0.00 0.00 0.00 0.00 1.53 12.41 9.42 11.32 12.26 12.48 12.48 7.96 8.47 8.54 7.74 7.59 8.18 8.25 9.71 11.53 11.24 12.05 13.43 14.09 15.26 15.62 15.11 14.24 14.97 14.24 13.58 14.75 14.09 14.02 14.60 14.60 15.84 16.28 16.35 14.67 13.43 13.43 13.51 12.56 12.12 12.19 12.78 13.29 14.09 13.94 15.11 19.13 20.38 20.00 25.07 26.92 22.17 18.79 16.88
15.26 17.81 17.08 14.24 11.97 11.02 10.44 11.53 10.80 10.80 8.91 8.61 10.80 9.78 12.19 8.10 3.21 0.00 0.00 0.00 0.00 0.00 0.00 0.00 0.00 0.00 0.00 0.00 2.19 6.50 8.18 9.78 11.24 12.63 14.53 14.53 12.92 11.53 10.66 10.73 11.53 12.12 12.70 13.51 13.58 12.56 14.16 16.28 16.35 13.29 12.70 12.48 12.34 12.70 12.41 11.24 10.73 12.48 13.51 13.07 13.07 13.80 14.97 15.91 15.11 14.16 12.56 13.36 12.56 12.78 13.72 13.65 13.80 14.00 17.24 18.95 19.27 18.47 17.24 22.14 19.89 17.20 17.19 18.76
11.46 16.43 16.43 15.04 12.92 11.83 11.39 10.37 11.02 11.02 11.10 10.00 8.25 4.60 3.14 0.00 0.00 0.00 0.00 0.00 0.00 0.00 0.00 0.00 0.00 0.00 4.45 6.06 6.35 8.69 9.27 10.66 12.12 13.36 15.26 15.26 14.02 12.26 11.75 12.26 13.43 13.80 14.16 13.51 13.07 12.12 12.92 14.31 13.72 11.53 10.00 8.91 8.83 9.34 10.37 8.98 9.34 10.51 13.14 15.04 15.04 14.97 16.35 15.55 15.40 14.16 11.83 11.46 12.12 13.58 14.82 14.38 13.64 17.16 19.20 18.60 21.58 24.90 25.90 22.49 19.36 19.60 21.58 21.47
6.20 5.69 8.47 10.44 11.75 12.63 12.41 13.65 9.71 9.71 6.50 3.80 0.00 0.00 0.00 0.00 0.00 0.00 0.00 0.00 0.00 0.00 0.00 0.00 1.39 3.43 9.27 8.69 7.96 8.40 9.27 10.07 11.53 12.05 10.66 10.66 10.07 9.56 10.15 10.29 10.15 9.20 9.27 9.34 9.20 9.20 10.22 10.66 10.29 10.07 10.07 9.05 8.61 8.10 8.40 9.86 10.00 9.13 13.51 14.97 14.97 15.99 16.06 14.75 13.65 11.97 9.13 9.93 10.88 10.66 11.53 11.17 10.41 10.89 11.51 17.05 23.27 22.78 18.55 20.52 22.27 22.39 19.74 20.00
6.20 5.69 8.47 10.44 11.75 12.63 12.41 13.65 9.71 9.71 6.50 3.80 0.00 0.00 0.00 0.00 0.00 0.00 0.00 0.00 0.00 0.00 0.00 0.00 1.39 3.43 9.27 8.69 7.96 8.40 9.27 10.07 11.53 12.05 10.66 10.66 10.07 9.56 10.15 10.29 10.15 9.20 9.27 9.34 9.20 9.20 10.22 10.66 10.29 10.07 10.07 9.05 8.61 8.10 8.40 9.86 10.00 9.13 13.51 14.97 14.97 15.99 16.06 14.75 13.65 11.97 9.13 9.93 10.88 10.66 11.53 11.17 10.15 10.73 11.17 15.83 20.74 21.09 19.79 21.30 22.27 21.90 21.68 21.39
11.39 7.88 6.13 5.99 6.35 6.42 6.13 5.26 1.90 1.90 0.00 0.00 0.00 0.00 0.00 0.00 0.00 0.00 0.00 0.00 0.58 2.41 2.85 7.66 5.91 6.94 7.08 7.66 9.05 8.61 7.52 7.30 9.49 10.73 11.61 11.61 8.83 8.69 10.00 9.78 7.88 5.48 4.45 5.55 4.82 4.96 7.15 8.91 8.18 7.59 7.74 8.25 8.54 9.13 8.32 6.64 7.52 10.07 10.73 10.73 10.73 11.68 12.78 11.83 11.83 12.85 12.99 12.26 11.75 11.68 10.95 9.34 9.86 10.29 10.63 14.12 17.47 17.77 19.18 20.27 17.13 20.93 19.88 17.73
10.44 9.71 8.10 6.72 5.04 3.65 0.00 0.00 0.00 0.00 0.00 0.00 0.00 0.00 0.00 0.00 0.00 0.00 2.70 6.28 7.66 7.81 7.23 4.38 4.09 4.82 5.69 7.15 7.45 7.52 7.08 7.15 8.10 8.61 7.66 7.66 7.81 7.59 8.03 8.54 7.30 5.33 3.43 3.07 3.29 3.94 4.16 4.82 6.20 5.77 5.04 5.69 6.06 6.64 6.57 5.33 6.20 8.03 9.49 11.39 11.39 11.61 13.51 12.92 11.90 12.70 13.29 13.21 13.21 12.78 10.29 9.42 9.34 10.39 13.44 15.85 13.42 15.03 17.63 15.79 17.77 17.05 16.90 16.95
10.73 11.39 10.37 11.97 10.22 6.79 4.89 0.00 0.00 0.00 0.00 0.00 0.00 0.00 0.00 0.00 0.00 3.58 8.10 9.05 9.05 7.66 7.23 5.84 6.72 6.57 6.42 8.10 8.69 8.03 5.91 5.33 6.35 7.59 7.88 7.88 7.37 7.52 6.79 5.48 3.94 2.70 2.56 3.07 4.74 4.60 3.50 2.63 2.92 4.60 3.72 3.65 4.53 5.69 7.01 8.25 8.40 8.98 10.51 12.78 12.78 13.58 14.75 11.97 10.88 11.17 11.02 10.37 10.95 11.10 10.37 9.71 10.68 11.58 12.81 14.27 13.63 14.82 15.81 15.44 16.17 16.12 15.31 12.51
12.26 10.66 11.90 12.48 11.75 8.69 5.91 3.58 0.88 0.88 9.42 0.00 1.61 0.15 3.36 2.70 3.94 5.55 7.30 7.15 6.35 6.20 6.86 8.76 9.56 8.91 7.37 6.50 6.64 6.20 5.48 4.96 5.69 6.79 7.23 7.23 7.15 6.13 5.40 3.50 2.77 4.23 4.31 4.53 5.18 3.72 4.23 4.31 3.72 3.29 3.87 3.65 4.67 4.74 6.28 7.66 9.13 10.73 11.46 11.53 11.53 11.68 11.90 10.95 10.00 9.20 8.98 7.81 8.47 8.91 8.83 11.06 13.35 13.14 15.15 13.70 15.45 14.41 14.41 13.41 15.41 16.65 14.60 13.15
12.26 10.66 11.90 12.48 11.75 8.69 5.91 3.58 0.88 0.88 9.42 0.00 1.61 0.15 3.36 2.70 3.94 5.55 7.30 7.15 6.35 6.20 6.86 8.76 9.56 8.91 7.37 6.50 6.64 6.20 5.48 4.96 5.69 6.79 7.23 7.23 7.15 6.13 5.40 3.50 2.77 4.23 4.31 4.53 5.18 3.72 4.23 4.31 3.72 3.29 3.87 3.65 4.67 4.74 6.28 7.66 9.13 10.73 11.46 11.53 11.53 11.68 11.90 10.95 10.00 9.20 8.98 7.81 8.47 8.91 8.83 13.58 12.51 14.28 13.61 16.95 15.67 15.94 14.70 12.09 14.89 14.32 15.88 14.93
10.66 10.80 10.73 9.49 7.52 6.20 6.42 6.13 6.57 6.57 5.04 6.20 3.43 4.23 3.87 6.28 5.77 4.45 3.87 2.99 3.50 2.77 1.02 3.50 4.45 5.33 6.57 5.77 5.26 5.99 6.94 6.72 6.57 6.50 6.28 6.28 7.37 5.99 5.40 5.33 7.59 9.05 7.66 5.69 4.96 3.80 3.29 3.43 2.26 2.34 1.90 3.94 3.21 4.60 5.26 5.84 8.47 9.05 8.91 6.94 6.94 5.99 7.52 5.84 6.50 7.01 5.69 6.57 7.01 7.88 9.91 11.89 12.20 11.75 14.19 17.74 17.05 12.54 11.07 14.06 13.81 12.90 12.80 11.79
8.61 11.02 11.61 10.29 8.61 6.94 5.99 5.40 4.96 4.96 4.31 5.55 4.89 6.50 7.08 6.06 4.96 3.65 0.00 2.04 2.99 3.50 3.65 4.53 4.45 4.45 4.31 5.33 4.09 4.60 6.20 6.79 5.48 4.38 5.40 5.40 6.64 6.28 7.30 7.45 7.08 5.99 4.74 3.14 3.14 3.50 2.92 3.58 2.85 2.48 1.53 1.31 0.00 3.21 4.09 4.82 5.91 6.64 5.91 4.31 4.31 4.31 5.99 3.80 4.31 5.26 6.20 8.25 9.93 10.49 10.25 10.62 10.26 10.25 12.15 12.18 13.06 14.02 13.71 14.28 13.48 15.32 15.57 16.66
7.08 8.32 10.07 11.39 10.73 8.18 5.91 5.62 4.96 4.96 3.94 3.94 6.50 8.91 8.83 6.20 3.65 2.70 3.65 3.94 5.04 4.96 4.96 4.82 4.53 3.58 3.50 4.45 4.38 4.60 6.50 7.66 7.45 7.08 7.15 7.15 7.08 6.64 7.52 7.01 6.06 3.87 1.39 2.12 2.12 1.83 1.97 1.39 1.46 1.75 0.00 0.00 0.00 0.00 4.02 5.33 6.42 7.23 6.72 4.53 4.53 5.33 7.81 7.23 7.01 7.52 10.22 11.90 12.63 12.78 12.70 12.19 12.34 12.99 12.63 13.72 14.25 17.52 20.53 17.12 18.05 14.50 12.80 16.28
7.01 8.18 9.27 7.08 7.37 6.57 5.99 5.99 5.18 5.18 5.99 8.10 10.15 10.44 9.34 7.30 4.45 3.94 4.53 4.82 5.26 4.74 5.77 6.79 3.80 4.96 5.77 5.69 6.35 7.59 8.83 9.05 8.03 8.83 11.02 11.02 9.93 8.40 5.26 5.18 6.06 2.99 2.56 2.56 2.41 1.75 1.46 1.53 1.46 2.12 3.50 1.97 3.65 4.67 5.91 9.05 9.34 9.13 8.83 8.18 8.18 9.05 9.71 10.07 9.64 9.34 11.90 16.21 18.18 16.13 20.29 21.02 20.44 17.96 17.64 18.12 19.43 17.35 20.44 18.91 19.63 15.65 18.51 17.54
8.61 10.73 11.10 7.96 6.50 5.26 5.11 2.99 3.87 3.87 5.04 7.74 9.93 9.42 8.76 7.15 5.18 4.45 3.29 4.16 4.96 3.36 3.29 3.72 4.23 5.77 6.94 7.66 7.15 9.93 10.73 10.07 9.93 9.93 9.56 9.56 7.37 3.36 2.34 2.48 2.04 1.90 2.41 2.04 2.19 3.50 4.16 2.85 2.92 4.96 0.00 9.49 9.86 8.98 7.45 11.97 12.85 12.92 11.32 10.73 10.73 10.51 10.27 7.08 8.54 9.27 14.75 18.91 20.29 19.42 20.59 21.17 20.73 20.00 20.68 20.80 23.80 20.04 21.90 15.42 12.12 13.89 18.04 19.17
8.61 10.73 11.10 7.96 6.50 5.26 5.11 2.99 3.87 3.87 5.04 7.74 9.93 9.42 8.76 7.15 5.18 4.45 3.29 4.16 4.96 3.36 3.29 3.72 4.23 5.77 6.94 7.66 7.15 9.93 10.73 10.07 9.93 9.93 9.56 9.56 7.37 3.36 2.34 2.48 2.04 1.90 2.41 2.04 2.19 3.50 4.16 2.85 2.92 4.96 0.00 9.49 9.86 8.98 7.45 11.97 12.85 12.92 11.32 10.73 10.73 10.51 10.27 7.08 8.54 9.27 14.75 18.91 20.29 19.42 20.59 21.17 20.73 20.00 19.86 20.91 18.48 17.63 18.34 17.95 14.82 14.18 14.14 17.68
9.71 10.15 9.42 8.69 7.37 7.37 7.88 8.10 6.20 6.20 4.89 4.60 7.45 7.37 7.96 6.13 4.53 4.82 4.23 4.31 5.40 5.40 6.35 6.28 6.28 7.96 8.32 9.13 8.40 9.05 9.13 9.13 6.42 5.99 4.16 4.16 2.99 3.14 3.65 3.43 2.77 1.17 1.46 2.70 5.69 6.50 5.84 5.99 9.27 10.00 12.34 12.70 12.56 13.14 15.84 16.50 14.82 11.53 11.83 11.90 11.90 7.23 0.00 3.94 6.50 9.05 12.12 15.48 16.86 17.01 19.64 21.97 23.07 23.87 24.53 23.70 21.98 24.91 24.33 20.03 16.26 14.33 17.98 19.22
8.61 9.42 8.54 8.10 9.05 8.91 11.61 10.29 7.52 7.52 5.11 5.04 8.54 8.10 6.42 4.02 5.33 4.31 5.48 6.50 6.42 5.77 6.94 6.72 6.13 6.13 7.52 10.66 8.76 8.25 6.35 5.55 5.26 6.13 7.30 7.30 6.79 4.82 3.65 3.80 4.31 3.65 3.65 5.99 6.79 5.84 3.72 7.01 9.42 10.95 11.68 12.63 14.45 15.99 18.25 19.42 15.62 10.80 9.56 7.15 7.15 0.00 0.00 5.26 8.98 12.78 15.48 16.72 16.35 16.86 19.93 23.21 27.01 27.52 28.15 27.56 24.68 23.27 25.09 24.05 27.62 18.18 20.42 27.33
9.27 11.46 9.05 6.28 6.06 8.25 9.64 9.56 6.72 6.72 6.79 8.25 8.98 8.03 5.55 4.96 4.16 4.23 4.02 5.69 7.01 6.57 6.35 7.23 6.28 7.23 10.88 12.56 10.73 7.66 7.08 7.15 7.88 8.61 9.78 9.78 9.86 9.34 9.27 9.05 7.74 5.55 4.09 5.11 6.79 6.42 5.40 6.06 6.42 10.80 11.32 11.39 10.80 12.63 13.87 13.72 11.10 8.61 5.84 0.00 0.00 0.00 3.36 8.47 12.92 16.13 20.81 20.88 20.51 19.78 20.73 24.75 27.64 28.46 26.61 27.15 27.26 21.39 20.69 24.37 24.37 23.83 23.15 25.68
8.40 8.18 6.13 4.60 4.74 7.45 10.66 10.51 9.78 9.78 8.69 8.03 5.69 5.84 4.60 4.31 4.60 5.84 6.06 6.06 8.32 7.66 7.74 8.61 8.98 8.91 11.02 12.56 10.29 8.18 7.01 7.66 8.54 9.05 9.78 9.78 10.88 11.10 10.80 9.64 7.30 6.64 7.96 8.83 8.32 7.52 11.24 9.78 10.51 9.93 9.78 11.32 9.78 11.17 11.75 10.00 8.25 7.15 6.57 4.02 4.02 4.16 5.91 8.83 11.83 14.75 16.72 18.32 20.73 23.51 24.38 23.87 27.92 27.86 26.43 24.74 24.72 25.49 22.66 25.18 24.40 23.63 27.96 26.19
4.74 7.59 6.20 4.16 3.94 0.00 4.89 6.35 8.03 8.03 6.64 6.06 5.69 5.69 4.89 4.74 4.89 5.33 4.96 4.67 5.04 5.99 7.23 9.13 9.93 13.29 12.99 11.10 10.88 11.24 10.80 10.07 10.66 9.56 10.51 10.51 11.39 10.95 9.42 7.96 7.59 10.66 11.46 12.34 13.87 11.53 12.78 13.65 12.41 10.29 10.15 11.53 11.75 12.99 12.34 10.88 9.27 7.81 5.99 4.60 4.60 4.67 5.77 7.01 9.49 14.60 18.18 19.56 22.05 24.16 24.86 25.59 30.92 27.40 24.78 22.21 21.11 21.29 24.71 24.51 25.33 23.47 26.09 22.19
4.74 7.59 6.20 4.16 3.94 0.00 4.89 6.35 8.03 8.03 6.64 6.06 5.69 5.69 4.89 4.74 4.89 5.33 4.96 4.67 5.04 5.99 7.23 9.13 9.93 13.29 12.99 11.10 10.88 11.24 10.80 10.07 10.66 9.56 10.51 10.51 11.39 10.95 9.42 7.96 7.59 10.66 11.46 12.34 13.87 11.53 12.78 13.65 12.41 10.29 10.15 11.53 11.75 12.99 12.34 10.88 9.27 7.81 5.99 4.60 4.60 4.67 5.77 7.01 9.49 14.60 18.18 19.56 22.05 24.16 24.99 25.32 27.96 30.53 26.44 25.91 24.51 20.60 25.81 23.82 26.78 27.84 23.81 18.84
5.55 6.94 5.77 2.70 0.00 0.00 0.00 0.00 6.13 6.13 6.06 4.31 3.87 2.92 2.56 2.92 2.99 4.38 4.89 4.82 5.18 5.33 5.48 6.42 7.45 11.61 11.46 10.88 12.92 14.09 13.51 12.12 11.97 10.51 8.61 8.61 6.28 7.23 8.98 9.93 11.24 13.51 14.67 16.50 13.80 16.28 15.33 12.05 10.51 8.98 9.56 9.78 10.51 11.46 12.12 11.90 10.22 9.42 9.78 6.94 6.97 4.70 3.82 6.50 13.72 20.00 22.34 23.00 24.80 25.59 25.07 24.04 27.45 30.38 26.28 22.78 21.07 20.10 22.02 22.25 22.40 27.46 21.90 14.91
7.96 8.91 4.96 3.43 3.65 3.50 3.29 4.45 6.42 6.42 5.99 0.00 0.00 0.00 1.61 3.58 3.80 0.00 0.00 6.13 5.91 6.35 5.40 8.25 11.17 11.10 10.00 9.56 10.88 12.85 14.60 13.51 12.85 12.48 11.46 11.46 10.37 10.95 11.02 11.32 11.24 12.26 12.12 12.34 12.34 15.40 11.83 10.00 8.40 8.54 8.32 8.40 10.22 10.07 9.05 12.34 11.97 10.73 9.93 8.98 8.98 8.47 9.42 12.92 18.32 21.90 24.09 27.89 29.05 27.96 27.45 24.76 26.65 25.52 17.79 15.65 18.92 18.54 18.56 24.12 23.58 22.70 20.31 11.59
10.37 9.13 6.20 5.55 9.71 8.76 7.30 7.88 7.66 7.66 6.06 2.63 1.68 0.00 1.90 4.16 4.23 3.65 3.72 5.48 5.77 5.40 6.20 10.29 12.34 7.66 4.96 7.74 9.78 11.24 11.53 8.69 10.15 10.00 8.03 8.03 8.40 9.20 10.88 11.46 11.75 11.90 12.19 10.88 8.25 9.78 5.40 5.91 5.33 5.69 7.52 7.66 8.40 8.03 4.67 3.50 7.15 9.34 9.05 7.66 7.66 7.88 12.26 15.99 20.29 23.51 25.40 28.69 30.08 27.67 24.67 22.63 21.76 17.03 12.84 14.36 17.52 21.51 19.54 24.08 22.12 22.79 14.60 10.85
11.39 11.75 10.95 9.27 9.64 8.91 9.42 9.20 7.08 7.08 5.99 0.00 0.00 0.00 0.00 3.58 0.00 0.00 0.00 4.23 5.18 6.13 6.86 9.93 11.10 10.29 8.69 7.66 5.77 4.53 5.26 4.38 4.82 5.18 5.69 5.69 7.23 6.50 7.08 6.13 5.33 7.66 9.13 10.37 10.73 6.94 7.15 7.81 6.72 6.72 9.56 9.78 7.37 4.45 2.85 0.00 4.23 6.57 6.94 6.79 6.79 6.64 9.64 15.04 20.44 24.67 25.33 28.32 29.93 27.89 26.28 21.38 16.16 11.64 11.23 10.93 14.60 17.86 15.77 16.43 19.25 24.05 12.73 12.45
9.49 9.86 8.76 4.89 6.79 0.00 6.50 6.79 0.00 0.00 0.00 0.00 0.00 0.00 0.00 2.70 0.00 0.00 0.00 2.26 4.16 6.50 7.66 7.52 9.93 13.80 7.15 0.00 0.00 0.00 0.00 0.00 0.00 0.00 0.00 0.00 0.00 2.63 2.34 0.00 0.00 2.56 4.89 7.81 10.66 6.64 6.42 7.15 5.99 4.23 4.74 5.77 0.00 0.00 0.00 0.00 6.35 8.32 9.05 9.20 9.20 10.22 11.90 15.84 19.27 19.71 23.51 27.08 28.40 28.18 25.77 18.91 11.27 6.03 5.79 7.13 8.88 9.76 11.50 12.87 13.36 13.57 13.29 12.17
9.20 9.42 7.45 5.91 0.00 0.00 0.00 0.00 0.00 0.00 0.00 0.00 0.00 0.00 0.00 0.00 0.00 0.00 0.00 0.00 0.00 0.00 0.00 3.21 4.53 5.04 3.14 0.00 0.00 0.00 0.00 0.00 0.00 0.00 0.00 0.00 0.00 0.00 0.00 0.00 0.00 0.00 0.00 3.43 0.00 4.23 3.65 3.65 3.07 0.58 0.00 0.00 0.00 0.00 0.00 4.23 6.06 8.47 10.88 9.93 9.93 9.34 7.59 7.88 11.02 13.07 17.81 22.19 23.65 21.68 18.69 13.94 8.49 5.29 5.24 5.62 4.14 4.75 5.04 7.89 12.94 12.05 13.27 11.25
9.20 9.42 7.45 5.91 0.00 0.00 0.00 0.00 0.00 0.00 0.00 0.00 0.00 0.00 0.00 0.00 0.00 0.00 0.00 0.00 0.00 0.00 0.00 3.21 4.53 5.04 3.14 0.00 0.00 0.00 0.00 0.00 0.00 0.00 0.00 0.00 0.00 0.00 0.00 0.00 0.00 0.00 0.00 3.43 0.00 4.23 3.65 3.65 3.07 0.58 0.00 0.00 0.00 0.00 0.00 4.23 6.06 8.47 10.88 9.93 9.93 9.34 7.59 7.88 11.02 13.07 17.81 22.19 23.65 21.68 18.69 13.87 8.36 5.21 5.24 5.87 3.69 4.56 4.92 8.28 12.67 12.68 13.27 11.02
7.52 10.22 11.90 10.66 7.88 5.26 0.00 2.77 0.00 0.00 3.07 0.00 3.07 0.00 0.00 0.00 0.00 0.00 0.00 0.00 0.00 0.00 0.00 0.00 0.00 0.00 0.00 0.00 0.00 0.00 0.00 0.00 0.00 0.00 0.00 0.00 0.00 0.00 0.00 0.00 0.00 0.00 0.00 2.77 4.16 5.11 4.31 2.12 0.00 0.00 0.00 0.00 0.00 0.00 5.99 4.89 3.50 7.15 7.81 6.35 6.35 6.20 6.06 7.37 10.22 12.05 15.84 17.52 17.08 15.18 10.88 7.23 4.96 4.72 4.04 2.36 2.10 2.68 0.00 1.42 12.01 13.40 12.45 9.28
