Wansh/Snow_depth/snowdepth-1983/winter/1984034.txt
ncols 321
nrows 161
xllcenter 60
yllcenter 15 
cellsize  0.25 
NODATA_value -1
[rows 74 to 110 of 161, columns 83 to 165 of 321]
0.00 0.00 0.00 0.00 0.00 0.00 0.00 0.00 0.00 0.00 0.00 0.00 2.48 0.00 4.82 0.00 0.00 0.00 0.00 0.00 0.00 0.00 0.00 0.00 0.00 5.40 10.88 0.00 0.00 1.90 2.85 2.63 3.36 0.00 4.38 2.85 0.00 0.00 0.00 0.00 4.60 4.74 0.00 0.00 0.00 0.00 0.00 0.00 0.00 0.00 0.00 0.00 0.00 0.00 0.00 0.00 0.00 0.00 0.00 0.00 0.00 0.00 0.00 0.00 0.00 2.34 0.00 0.00 0.00 0.00 1.47 2.13 1.53 0.00 0.00 0.00 0.00 0.00 0.00 0.00 0.73 1.31 2.93
0.00 0.00 0.00 0.00 2.56 5.99 7.15 5.33 4.60 5.26 0.00 5.99 6.28 5.99 5.26 0.00 0.00 0.00 2.04 2.04 0.00 0.00 3.07 4.89 5.84 7.88 8.10 0.00 0.00 0.00 4.02 0.00 0.00 0.00 0.00 3.21 4.45 4.16 3.36 2.85 4.89 2.85 0.00 2.92 2.92 2.04 0.00 0.00 0.00 0.00 0.00 0.00 0.00 0.00 0.00 0.00 0.00 0.00 0.00 2.41 0.00 0.00 2.12 1.97 2.19 0.00 0.00 0.00 0.00 0.00 1.17 3.14 3.80 0.00 0.00 0.00 0.00 0.00 0.00 0.00 0.07 1.24 1.61
1.24 0.95 2.04 3.43 3.65 4.38 5.26 5.26 5.26 5.18 5.62 5.77 6.86 6.50 5.18 4.23 0.00 0.00 0.00 0.00 0.00 0.00 0.00 0.00 0.00 0.00 0.00 0.00 0.00 0.00 0.00 0.00 0.00 0.00 4.09 3.72 3.36 3.50 5.33 9.93 9.64 4.60 4.16 3.72 3.72 2.34 0.00 3.58 5.18 6.13 4.53 4.02 5.48 2.63 1.53 1.17 0.37 1.17 1.39 0.80 2.41 2.04 0.58 0.73 0.00 2.56 0.00 0.00 0.00 0.00 0.29 2.63 4.02 4.02 0.00 0.00 0.00 0.00 0.00 0.00 0.00 0.37 1.11
0.73 3.36 3.94 3.43 2.85 3.50 5.11 4.09 5.77 5.91 7.08 7.23 7.74 5.84 5.26 4.23 0.00 0.00 5.33 5.33 0.00 0.00 0.00 0.00 0.00 4.23 3.29 0.00 0.00 2.48 5.26 6.72 3.58 0.00 5.77 5.04 2.99 2.70 5.33 7.52 2.85 0.00 3.36 0.00 0.00 0.00 0.00 4.96 6.20 8.54 8.69 9.56 0.00 4.74 3.43 5.33 4.31 3.43 3.80 4.31 6.35 6.42 3.87 5.69 6.79 5.33 2.04 1.10 1.02 1.02 1.46 1.53 3.50 4.89 2.92 0.00 0.00 0.00 0.00 0.00 0.00 0.29 0.29
9.27 7.59 3.65 0.00 4.31 7.81 8.18 3.72 4.31 4.67 0.00 5.26 6.06 6.57 3.29 0.00 0.00 0.00 5.91 5.91 5.33 3.72 3.94 5.48 3.50 0.00 0.00 0.00 0.00 0.00 0.00 0.00 0.00 0.00 6.13 7.23 0.00 0.00 0.00 0.00 0.00 0.00 3.36 0.00 0.00 0.00 0.00 3.72 0.00 0.00 8.10 7.37 6.86 6.50 9.13 7.88 6.57 5.18 2.99 2.56 4.67 8.40 9.05 8.40 10.15 12.85 13.14 9.71 5.55 5.55 4.89 3.94 4.09 4.31 3.29 1.24 0.00 0.00 0.00 0.00 0.00 0.00 1.91
12.92 12.78 11.10 7.66 5.99 4.96 3.43 0.00 0.00 0.00 6.28 5.99 6.20 6.42 5.99 0.00 0.00 0.00 0.00 0.00 4.67 4.82 0.00 4.53 2.34 0.00 0.00 0.00 0.00 0.00 0.00 2.19 0.00 7.08 0.00 0.00 0.00 0.00 0.00 0.00 0.00 2.63 2.85 0.00 0.00 0.00 0.00 0.00 0.00 1.24 3.65 0.00 0.00 0.00 0.00 4.82 0.00 4.45 4.60 0.00 4.96 4.82 7.30 9.56 13.87 20.08 20.51 13.65 8.54 8.54 5.11 0.00 2.77 3.80 2.63 1.76 0.00 0.00 0.00 0.00 0.00 0.00 3.87
0.00 0.00 0.00 0.00 0.00 4.23 3.36 2.77 3.58 5.18 7.37 6.64 6.50 4.31 4.67 5.26 6.20 0.00 0.00 0.00 0.00 0.00 0.00 5.18 4.02 0.00 2.92 0.00 0.00 0.00 1.75 0.00 0.00 0.00 0.00 0.00 0.00 0.00 0.00 0.00 0.00 3.07 3.43 3.87 3.87 0.00 1.83 0.00 0.00 2.77 0.00 0.00 0.00 0.00 0.00 0.00 0.00 4.89 0.00 7.08 8.76 6.06 5.99 7.74 11.68 14.38 11.61 5.26 0.00 0.00 3.58 4.23 9.13 9.56 8.83 9.42 3.96 1.50 0.00 0.00 0.00 0.00 1.53
0.95 0.00 1.61 0.00 0.00 4.60 6.35 4.53 4.02 4.45 6.50 7.23 6.94 6.42 5.18 6.06 7.74 8.40 6.50 6.50 0.00 0.00 3.80 3.65 0.00 0.00 2.56 0.00 0.00 0.00 2.70 0.00 0.00 0.00 3.21 4.23 0.00 0.00 0.00 0.00 3.65 3.65 3.29 3.43 3.43 0.00 0.00 0.00 0.00 0.00 0.00 0.00 0.00 0.00 0.00 0.00 0.00 8.32 10.29 13.07 14.02 13.58 10.37 8.40 6.72 0.00 0.00 0.00 0.00 0.00 0.00 0.00 17.52 24.02 22.48 15.99 7.48 5.46 0.00 0.00 0.00 0.00 0.00
4.60 0.00 5.26 0.00 0.00 0.00 4.67 4.16 3.43 3.07 3.50 4.89 5.04 5.18 4.89 5.48 9.56 13.43 12.48 12.48 7.01 5.55 5.69 2.85 0.00 0.00 4.09 0.00 0.00 2.19 0.00 0.00 7.15 0.00 0.00 0.00 0.00 0.00 0.00 0.00 0.00 3.87 0.00 0.00 0.00 0.00 0.00 0.00 0.00 0.00 0.00 0.00 0.00 0.00 0.00 0.00 4.67 5.33 7.81 11.32 19.05 21.68 15.04 9.34 4.96 3.65 0.00 0.00 0.00 0.00 0.00 5.62 9.93 23.58 29.64 21.10 12.34 7.15 5.33 0.00 0.00 0.00 0.00
8.40 5.18 5.55 6.06 5.40 0.00 0.00 0.00 4.45 4.02 4.02 4.09 3.43 5.69 5.26 5.91 8.10 9.20 10.88 10.88 7.30 5.33 0.00 3.43 0.00 0.00 3.50 5.62 0.00 0.00 3.43 5.40 4.89 0.00 0.00 4.16 0.00 0.00 0.00 0.00 0.00 0.00 0.00 0.00 0.00 0.00 0.00 0.00 0.00 2.48 0.00 0.00 0.00 5.99 5.18 4.89 6.06 7.01 5.77 8.47 15.99 18.10 12.48 7.23 7.01 7.74 5.55 5.11 5.18 5.18 5.40 7.30 11.10 17.45 28.25 30.37 22.34 14.09 6.94 5.18 0.00 0.00 0.00
0.00 0.00 0.00 0.00 3.21 3.14 0.00 2.19 4.23 0.00 3.87 0.00 6.28 4.82 4.02 0.00 0.00 5.99 7.08 7.08 4.96 4.16 4.09 4.23 5.04 4.82 6.13 3.72 4.09 4.45 0.00 0.00 0.00 0.00 0.00 3.21 0.00 6.64 6.13 2.26 0.00 0.00 0.00 0.00 0.00 0.00 0.00 0.00 0.00 0.00 5.26 5.91 10.59 11.02 8.18 6.72 7.81 9.78 7.30 7.15 13.87 11.97 10.44 10.44 11.97 12.70 16.21 13.65 11.61 11.61 13.43 17.81 18.98 20.29 27.38 28.25 22.92 19.64 15.26 11.10 9.34 8.03 6.64
0.00 0.00 0.00 0.00 0.00 0.00 4.96 3.36 3.50 3.80 4.53 3.80 0.00 0.00 0.00 0.00 0.00 4.02 4.45 4.45 6.79 5.91 4.67 3.80 2.63 0.00 5.91 4.53 4.16 5.62 4.53 3.36 7.81 8.47 2.70 2.70 0.00 4.96 7.66 5.99 3.14 0.00 0.00 0.00 0.00 4.89 0.00 0.00 0.00 0.00 0.00 0.00 4.23 5.84 13.51 19.64 17.81 15.33 11.39 7.08 7.74 11.23 13.26 11.36 8.98 13.21 22.34 29.64 36.57 36.57 38.03 41.32 33.73 25.77 21.02 13.51 14.89 16.50 18.03 11.75 8.61 9.86 8.69
0.00 2.56 4.31 5.11 5.84 4.82 5.04 4.09 5.26 6.72 4.67 4.09 0.00 0.00 0.00 0.00 4.82 6.79 4.96 4.96 0.00 3.43 3.58 5.33 4.45 0.00 3.58 4.02 2.04 2.99 2.34 0.00 2.56 3.50 3.58 0.00 0.00 0.00 5.18 11.75 16.79 9.93 8.91 8.10 8.10 5.77 3.94 3.36 5.55 0.00 7.59 12.99 12.19 15.40 20.95 35.04 40.73 39.27 35.04 30.15 23.51 25.70 22.34 21.68 23.14 25.70 21.75 17.08 18.25 18.25 21.24 23.65 20.08 16.57 8.91 3.65 4.09 4.31 7.15 10.66 10.15 9.56 0.00
0.00 1.61 0.00 3.50 0.00 5.69 4.89 4.89 4.02 4.74 4.82 5.40 6.13 0.00 5.18 0.00 5.69 7.23 6.20 6.20 5.26 5.77 0.00 3.87 2.92 4.60 4.60 4.45 0.00 0.00 1.10 0.00 0.00 4.82 4.45 0.00 0.00 0.00 3.21 12.19 21.83 18.40 18.61 16.21 16.21 17.01 14.38 10.07 10.15 17.67 22.92 30.30 39.13 34.89 38.25 38.91 38.84 36.28 35.26 37.96 32.27 27.08 24.02 19.71 11.75 10.75 7.01 4.09 3.58 3.58 6.79 9.86 14.89 11.10 5.84 5.18 4.31 3.36 5.18 7.30 10.44 11.24 8.32
2.26 0.00 0.00 0.00 0.00 0.00 0.00 0.00 0.00 0.00 2.63 4.53 5.33 5.26 5.11 5.69 4.60 4.67 5.69 5.69 6.35 4.82 5.55 5.18 4.16 6.28 6.13 3.72 0.00 5.84 3.80 4.96 4.74 4.53 4.53 6.79 0.00 0.00 0.00 7.59 8.83 12.99 26.79 28.76 28.76 32.92 30.37 25.40 21.75 28.25 29.57 35.62 38.76 41.83 43.29 39.78 33.14 23.73 24.53 25.55 21.83 16.21 16.72 13.07 8.40 8.77 11.36 8.91 3.36 3.36 2.34 5.33 8.32 9.56 9.27 6.64 6.86 7.66 9.86 10.07 10.80 0.00 0.00
5.18 4.67 0.00 0.00 0.00 0.00 0.00 0.00 0.00 0.00 0.00 0.00 0.00 5.55 6.50 8.91 8.18 4.74 4.82 4.82 5.33 4.96 4.53 4.67 5.04 4.38 4.82 4.45 0.00 2.34 2.19 2.41 3.87 4.60 4.89 5.40 4.53 4.82 5.33 5.33 8.40 16.28 35.26 37.23 37.23 37.60 35.99 36.28 36.50 34.09 29.71 22.63 32.85 39.06 44.24 35.92 25.40 17.23 16.28 14.30 9.22 6.64 7.52 10.88 13.51 12.82 14.15 16.60 12.63 12.63 7.88 7.15 7.08 9.34 9.20 8.83 8.98 10.80 13.36 12.19 10.55 9.26 0.00
2.26 3.21 0.00 0.00 0.00 0.00 0.00 0.00 0.00 0.00 0.00 0.00 0.00 0.00 0.00 6.20 8.32 5.04 4.96 4.96 6.42 4.89 3.80 4.31 4.38 4.31 4.67 0.00 1.17 0.00 0.00 2.70 2.34 2.19 3.50 4.23 4.23 4.23 4.74 6.13 9.20 15.33 22.12 22.41 22.41 31.54 32.12 32.70 25.84 25.04 26.86 25.55 29.49 33.22 34.09 30.44 29.13 15.11 8.83 5.69 4.16 2.26 3.50 7.37 12.70 14.67 10.07 9.02 8.57 8.30 8.80 10.80 7.59 6.42 7.37 7.30 6.64 8.47 10.15 11.70 11.92 0.00 0.00
1.61 0.00 2.70 2.56 1.39 0.00 0.00 1.17 2.48 2.48 2.85 0.00 0.00 0.00 0.00 0.00 0.00 2.04 2.63 2.63 4.02 2.63 2.26 2.63 0.00 2.26 4.23 0.00 0.00 2.85 3.14 0.00 3.65 3.50 0.00 4.67 4.02 3.72 3.87 4.82 3.50 6.13 6.79 9.05 9.05 9.13 11.90 13.51 11.53 12.99 12.48 13.80 23.14 29.27 31.83 35.92 32.70 21.75 9.20 6.05 4.65 5.11 4.23 4.32 4.49 7.76 9.91 10.80 8.10 8.14 5.20 4.99 6.06 6.13 3.94 3.52 3.07 3.94 5.91 8.22 0.00 0.00 0.00
1.31 0.00 0.00 0.00 0.00 0.00 0.00 3.29 4.23 5.77 4.31 0.00 0.00 0.00 0.00 0.00 0.00 0.00 3.87 3.87 3.65 2.34 0.00 0.00 0.00 0.00 0.00 0.00 0.00 3.65 3.72 0.00 0.00 0.00 0.00 3.43 3.72 0.00 0.00 0.00 0.00 0.00 0.00 0.00 0.00 0.00 1.97 2.85 4.53 6.20 6.86 7.96 14.45 20.00 27.96 33.22 31.03 24.45 20.73 9.93 6.96 6.71 5.43 3.79 3.04 4.67 4.52 6.29 4.67 4.67 2.14 3.65 5.81 5.94 1.48 2.27 1.99 3.14 3.93 4.21 0.00 6.87 7.45
0.00 0.00 0.00 1.02 0.00 0.00 0.00 0.00 0.00 0.00 0.00 0.00 0.00 0.00 0.00 1.90 0.00 0.00 0.00 0.00 3.14 2.56 0.00 0.00 0.00 0.00 0.00 0.00 0.00 0.00 0.00 0.00 0.00 0.00 0.00 0.00 0.00 2.04 0.00 0.00 0.00 0.00 0.00 0.00 0.00 1.68 1.39 2.99 4.53 6.64 15.18 9.20 9.71 12.78 16.86 23.94 21.83 23.14 21.75 20.66 10.88 3.87 1.83 2.07 2.23 3.88 2.47 2.93 2.04 2.04 1.33 1.58 5.60 9.34 4.33 2.52 3.74 3.21 0.00 3.06 1.43 0.00 0.00
4.02 0.00 0.00 0.00 0.00 0.00 0.00 0.00 0.00 0.00 0.00 0.00 0.00 0.00 0.00 0.00 3.72 3.14 3.65 3.65 2.70 2.99 2.77 2.48 0.00 0.00 0.00 0.00 0.00 0.00 0.00 0.00 0.00 0.00 0.00 0.00 1.68 2.41 1.90 0.00 0.00 0.00 0.00 0.00 0.00 1.90 0.80 2.99 2.56 7.15 11.53 9.27 9.49 8.34 6.70 7.57 11.71 11.29 13.80 14.16 12.26 6.20 1.91 0.00 0.24 2.90 3.63 3.32 1.39 1.39 0.00 0.00 2.84 4.60 4.92 5.72 5.04 3.58 1.89 0.47 0.46 2.31 4.40
4.38 4.31 4.53 3.21 2.48 3.07 3.65 2.99 0.00 0.00 0.00 0.00 0.00 0.00 0.00 0.00 0.00 0.00 0.00 0.00 0.00 0.00 0.00 4.02 5.11 0.00 0.00 0.00 0.00 0.00 0.00 0.00 0.00 0.00 2.56 1.46 0.00 0.00 0.00 0.00 0.00 0.00 0.00 0.00 0.00 1.90 1.39 2.19 2.34 5.69 7.37 7.01 7.08 5.69 4.05 8.79 8.96 8.87 8.79 6.23 5.09 2.57 1.76 0.00 0.00 0.00 1.54 3.14 2.05 2.05 0.00 0.00 0.00 0.00 2.69 2.93 4.40 2.98 6.46 2.17 0.71 3.09 5.37
3.21 5.04 6.50 6.50 5.55 5.40 6.28 3.87 2.34 0.00 0.00 0.00 0.00 0.00 0.00 0.00 0.00 0.00 0.00 0.00 0.00 0.00 0.00 4.60 6.28 0.00 0.00 0.00 0.00 0.00 0.00 0.00 0.00 0.00 2.70 3.14 0.00 0.00 0.00 0.00 0.00 0.00 0.00 1.39 1.39 0.95 1.24 2.56 3.29 5.04 6.13 6.28 8.98 9.42 7.92 5.81 5.11 1.65 5.81 5.13 4.41 3.71 1.67 0.00 0.00 0.00 1.90 3.35 0.00 0.00 0.00 0.00 0.00 0.00 0.00 2.12 3.59 2.08 1.59 1.82 1.09 4.52 6.32
0.00 3.43 3.72 7.37 9.27 9.13 12.05 11.32 8.10 6.13 0.00 0.00 0.00 0.00 0.00 0.00 0.00 0.00 0.00 0.00 0.00 0.00 0.00 0.00 0.00 0.00 0.00 0.00 0.00 0.00 0.00 0.00 0.00 0.00 0.00 0.00 0.00 0.00 0.00 0.00 0.00 0.00 4.09 1.75 1.75 2.70 2.04 2.56 3.80 4.96 5.62 11.06 14.08 16.43 21.10 14.30 8.66 4.23 1.46 3.96 2.83 2.05 3.23 2.75 1.17 0.00 1.67 3.56 2.41 2.35 0.00 0.00 0.00 0.00 3.43 2.13 1.39 0.61 0.56 0.00 0.00 0.00 4.32
15.77 6.13 7.59 11.17 21.32 30.44 34.89 25.62 13.94 7.88 8.18 9.27 6.50 3.72 0.00 0.00 0.00 0.00 0.00 0.00 0.00 0.00 0.00 4.23 0.00 0.00 2.70 2.34 3.07 2.92 0.00 1.61 1.31 1.02 2.56 0.00 0.00 0.00 0.00 2.48 2.12 0.80 0.95 1.83 1.83 3.21 0.58 2.12 5.04 7.45 12.48 18.51 15.94 11.85 11.39 10.97 9.07 14.15 17.19 18.68 16.87 7.70 1.21 2.04 3.09 4.38 3.45 1.54 0.00 0.00 0.00 0.00 0.00 6.54 8.38 10.71 4.60 0.00 0.00 0.00 0.00 1.08 3.10
18.91 14.02 18.03 24.02 29.71 35.11 39.35 27.30 8.47 0.00 0.00 5.18 7.08 4.23 0.00 0.00 0.00 0.00 0.00 0.00 0.00 0.00 0.00 4.23 1.39 0.95 1.97 3.21 0.88 1.24 2.19 1.83 1.61 1.83 2.34 3.50 1.31 5.99 3.94 0.66 0.58 0.00 0.15 2.12 2.12 1.97 1.83 1.75 1.68 6.70 13.54 14.83 13.38 11.18 9.86 6.68 5.09 6.90 9.63 15.64 18.81 12.46 6.73 2.75 2.56 3.65 4.09 3.01 0.00 0.00 0.00 0.00 0.00 1.14 1.62 4.81 2.48 2.73 1.35 0.00 0.00 0.00 3.38
12.63 20.08 21.32 17.08 16.28 23.07 29.05 28.03 12.05 0.00 0.00 0.00 0.00 0.00 0.00 0.00 0.00 0.00 1.75 1.75 0.00 0.00 0.00 2.04 1.90 1.46 0.00 0.00 0.00 0.15 2.77 2.26 1.31 1.31 1.75 1.02 2.56 3.87 0.00 0.00 0.88 0.15 0.00 0.66 0.66 0.73 0.88 1.61 0.66 6.89 9.55 9.03 10.42 14.24 12.53 9.15 3.65 1.79 7.11 8.36 15.12 17.35 15.20 6.57 1.46 0.80 2.31 1.86 0.29 0.33 0.00 0.00 0.00 1.78 3.77 5.02 5.01 5.11 2.12 0.00 0.00 0.00 1.91
5.69 13.51 15.62 14.02 3.14 10.22 18.10 19.93 9.24 0.00 0.00 0.00 0.00 0.00 4.45 2.63 3.14 0.00 0.00 0.00 0.00 0.00 0.00 1.97 1.68 1.75 0.00 0.00 0.00 0.66 2.12 1.10 0.07 0.00 0.00 0.00 0.88 1.46 0.00 0.00 1.46 1.61 0.00 0.37 0.37 1.02 1.31 0.95 5.14 7.74 8.73 7.71 8.08 10.75 18.20 10.18 8.94 2.32 5.35 8.13 10.17 15.29 20.00 12.03 8.40 5.04 3.32 3.69 2.43 2.35 0.33 0.00 0.00 1.22 3.00 5.96 5.24 3.85 2.68 0.00 0.00 0.00 0.00
0.00 0.00 0.00 0.00 0.00 4.67 12.56 15.04 12.34 7.08 2.12 2.12 0.00 0.00 0.00 0.00 0.00 0.00 0.00 0.00 2.56 1.46 0.95 0.29 1.02 1.68 1.24 0.00 0.44 1.39 0.00 0.00 0.29 0.00 0.00 0.00 0.07 0.00 0.07 0.00 0.00 0.00 0.37 0.07 0.07 0.00 1.68 4.23 5.77 5.62 9.34 13.19 13.38 10.85 9.45 10.17 11.99 0.00 0.00 13.13 15.15 12.33 15.37 16.39 17.02 11.30 3.76 3.36 3.79 3.82 0.26 0.00 0.00 1.25 2.64 5.50 5.79 4.39 1.69 3.47 0.00 0.00 2.05
0.00 0.00 0.00 0.00 0.00 0.00 13.36 20.88 13.65 10.07 3.87 5.55 0.00 0.00 0.00 0.00 0.00 0.00 0.00 0.00 0.00 0.00 0.00 0.00 0.00 1.10 0.07 0.00 0.00 1.46 0.22 0.00 1.24 2.13 0.00 0.00 0.00 0.00 0.00 0.00 0.00 0.00 0.00 0.00 0.00 0.00 1.10 3.37 2.26 3.26 6.47 11.15 11.10 13.76 0.00 0.00 0.00 0.00 0.00 0.00 11.38 11.93 17.61 17.91 15.65 13.70 9.93 5.27 4.87 5.69 1.90 0.00 0.00 0.00 0.00 0.00 0.00 5.03 4.31 3.81 2.95 1.82 5.99
0.00 0.00 0.00 0.00 0.00 0.00 8.47 11.46 11.90 8.69 4.89 5.11 0.00 5.77 3.07 0.00 0.00 0.00 0.00 0.00 0.00 0.00 0.00 0.00 0.00 0.00 0.44 0.00 0.00 0.73 0.00 0.00 0.00 0.58 0.29 0.00 0.22 0.00 0.00 0.00 0.00 0.00 0.00 0.00 0.00 1.97 1.10 0.00 0.00 0.00 5.16 5.66 10.80 0.00 0.00 0.00 0.00 0.00 0.00 0.00 0.00 10.40 10.67 14.78 15.45 13.23 12.36 8.21 3.36 3.76 6.22 4.07 0.00 0.00 0.00 0.00 0.66 3.65 2.70 3.02 0.00 0.00 7.63
0.00 0.00 0.00 0.00 0.00 0.00 0.00 6.50 10.00 11.02 9.42 5.99 6.13 10.00 9.49 9.05 7.71 3.83 0.00 0.00 0.00 0.00 0.00 0.00 0.00 0.00 3.21 0.00 0.00 0.00 0.00 0.00 0.00 0.00 0.00 0.00 0.00 0.00 0.00 0.00 0.00 0.00 0.00 0.00 0.00 2.26 0.88 0.00 1.50 7.26 12.00 16.77 14.02 0.00 0.00 0.00 0.00 0.00 0.00 0.00 0.00 11.86 13.18 7.69 11.15 12.54 10.27 11.62 5.20 5.31 7.21 6.29 0.00 0.00 0.00 0.00 2.61 4.95 3.30 2.79 0.00 0.00 0.00
0.00 0.00 0.00 0.00 0.00 0.00 0.00 0.00 0.00 6.86 8.03 5.84 11.68 8.98 8.69 10.07 11.59 7.96 6.05 5.64 0.00 0.00 0.00 0.00 0.00 0.00 1.46 0.00 0.00 0.00 0.00 0.00 0.00 0.00 0.00 0.00 0.00 0.00 0.00 0.00 0.00 0.00 0.00 0.00 0.00 0.00 0.00 0.88 5.72 13.23 21.32 18.80 0.00 0.00 0.00 0.00 0.00 0.00 0.00 0.00 0.00 0.00 0.00 0.00 0.00 0.00 12.47 13.98 11.95 14.60 6.79 4.94 0.00 0.00 0.00 0.00 7.25 7.02 1.12 0.00 0.00 0.00 0.00
0.00 0.00 0.00 0.00 0.00 0.00 0.00 0.00 0.00 0.00 0.00 0.00 0.00 0.00 0.00 0.00 0.00 2.12 8.64 8.78 11.24 11.68 9.56 7.01 5.48 3.29 4.38 5.33 0.00 0.00 0.00 0.00 0.00 0.00 0.00 5.04 7.88 6.13 5.91 1.83 1.61 4.36 4.50 5.11 5.11 0.00 1.90 5.33 12.91 0.00 0.00 0.00 0.00 0.00 0.00 0.00 0.00 0.00 0.00 0.00 0.00 0.00 0.00 0.00 0.00 0.00 13.15 0.00 0.00 0.00 0.00 0.00 0.00 0.00 0.00 0.00 0.00 0.00 0.00 0.00 0.00 0.00 0.00
0.00 0.00 0.00 0.00 0.00 0.00 0.00 0.00 0.00 0.00 0.00 0.00 0.00 0.00 0.00 0.00 0.00 0.00 0.00 0.00 0.51 5.65 8.02 7.88 8.91 8.54 7.38 8.46 12.92 10.29 8.32 8.76 7.23 4.23 3.21 4.60 7.52 8.98 10.37 7.52 4.82 5.79 10.76 5.48 6.12 6.13 5.04 10.95 11.23 0.00 0.00 0.00 0.00 0.00 0.00 0.00 0.00 0.00 0.00 0.00 0.00 0.00 0.00 0.00 0.00 0.00 0.00 0.00 0.00 0.00 0.00 0.00 0.00 0.00 0.00 0.00 0.00 0.00 0.00 0.00 0.00 0.00 0.00
0.00 0.00 0.00 0.00 0.00 0.00 0.00 0.00 0.00 0.00 0.00 0.00 0.00 0.00 0.00 0.00 0.00 0.00 0.00 0.00 0.00 0.00 0.00 3.87 6.86 7.88 1.98 9.61 11.32 12.12 10.29 13.21 8.98 3.48 4.60 1.97 0.00 3.80 3.87 5.18 2.04 2.43 8.76 0.00 0.00 8.38 11.30 8.54 0.00 0.00 0.00 0.00 0.00 0.00 0.00 0.00 0.00 0.00 0.00 0.00 0.00 0.00 0.00 0.00 0.00 0.00 0.00 0.00 0.00 0.00 0.00 0.00 0.00 0.00 0.00 0.00 0.00 0.00 0.00 0.00 0.00 0.00 0.00
0.00 0.00 0.00 0.00 0.00 0.00 0.00 0.00 0.00 0.00 0.00 0.00 0.00 0.00 0.00 0.00 0.00 0.00 0.00 0.00 0.00 0.00 0.00 0.00 0.00 0.00 0.00 0.00 3.43 6.42 2.56 1.83 0.00 0.00 0.00 0.00 0.00 0.00 0.00 0.00 0.00 0.00 0.00 0.00 0.00 0.00 0.00 0.00 0.00 0.00 0.00 0.00 0.00 0.00 0.00 0.00 0.00 0.00 0.00 0.00 0.00 0.00 0.00 0.00 0.00 0.00 0.00 0.00 0.00 0.00 0.00 0.00 0.00 0.00 0.00 0.00 0.00 0.00 0.00 0.00 0.00 0.00 0.00
