Wansh/Snow_depth/snowdepth-1983/winter/1984029.txt
ncols 321
nrows 161
xllcenter 60
yllcenter 15 
cellsize  0.25 
NODATA_value -1
[rows 0 to 36 of 161, columns 166 to 248 of 321]
10.66 10.95 9.56 7.23 6.35 6.94 7.52 7.23 7.66 7.52 7.66 7.66 8.25 9.13 10.59 10.51 10.15 11.10 12.34 14.31 15.48 15.77 15.18 13.14 13.51 14.24 14.24 10.37 4.60 0.00 0.00 0.00 0.00 2.48 12.85 17.81 14.53 14.53 13.72 16.79 21.24 20.66 15.99 15.62 17.52 18.83 21.17 22.63 25.11 24.45 20.59 17.89 14.82 16.28 14.60 16.13 16.13 17.16 18.54 20.22 19.42 19.71 19.71 20.15 21.17 24.16 24.02 23.07 24.53 24.53 21.39 19.64 21.39 23.73 23.58 24.09 25.55 25.77 26.35 27.74 28.76 28.69 27.74
14.38 13.94 13.14 9.93 7.74 7.88 7.01 5.62 6.57 7.74 7.37 7.37 10.44 10.44 10.44 10.88 10.37 9.64 10.88 12.19 13.58 14.75 13.65 13.29 13.36 12.78 10.22 4.02 0.00 0.00 0.00 0.00 0.00 6.13 12.99 13.36 12.70 12.70 12.56 17.52 23.21 22.34 18.54 16.72 18.25 19.05 22.27 22.70 17.96 17.23 17.81 16.43 17.01 17.30 17.81 18.18 19.35 17.81 18.76 21.61 21.97 22.12 22.12 23.36 25.92 26.65 26.35 23.94 25.62 25.04 22.41 23.21 24.97 25.33 26.50 26.35 25.70 26.06 28.32 28.62 28.54 28.32 25.77
18.40 17.67 14.82 12.05 12.34 12.19 10.73 8.10 6.79 8.03 7.15 7.15 8.40 9.27 9.42 9.13 9.93 9.86 11.68 12.12 13.07 13.07 12.70 13.36 15.48 12.34 7.45 0.00 0.00 0.00 0.00 0.00 1.17 9.86 11.39 10.88 11.46 11.46 13.51 17.96 21.61 21.90 20.00 18.69 17.16 16.50 17.45 12.70 12.48 14.09 15.77 16.72 18.32 18.32 19.71 19.93 19.27 17.45 17.01 18.83 21.46 21.02 21.02 21.53 22.56 22.41 20.59 23.80 25.26 26.43 25.40 24.24 24.31 24.53 25.48 26.06 24.97 27.38 26.28 25.55 25.48 23.73 22.12
18.40 17.67 14.82 12.05 12.34 12.19 10.73 8.10 6.79 8.03 7.15 7.15 8.40 9.27 9.42 9.13 9.93 9.86 11.68 12.12 13.07 13.07 12.70 13.36 15.48 12.34 7.45 0.00 0.00 0.00 0.00 0.00 1.17 9.86 11.39 10.88 11.46 11.46 13.51 17.96 21.61 21.90 20.00 18.69 17.16 16.50 17.45 12.70 12.48 14.09 15.77 16.72 18.32 18.32 19.71 19.93 19.27 17.45 17.01 18.83 21.46 21.02 21.02 21.53 22.56 22.41 20.59 23.80 25.26 26.43 25.40 24.24 24.31 24.53 25.48 26.06 24.97 27.38 26.28 25.55 25.48 23.73 22.12
16.06 17.96 18.91 17.01 16.50 15.62 13.29 10.66 8.69 8.03 7.52 7.52 7.74 9.49 10.59 10.80 11.61 13.07 12.19 11.53 11.32 11.46 10.80 9.34 7.59 6.94 0.00 0.00 0.00 0.00 0.00 0.00 6.35 7.74 8.40 9.20 10.73 10.73 13.72 14.75 13.14 11.68 12.48 10.80 10.95 12.19 12.70 14.09 14.97 16.79 17.23 18.83 19.64 18.83 19.13 20.88 20.22 18.61 18.54 19.13 20.95 21.17 21.17 22.41 21.53 20.22 20.66 19.56 20.66 21.39 19.49 19.13 18.47 20.22 21.68 21.02 20.15 20.66 21.75 21.97 23.73 22.92 21.39
18.61 23.00 24.31 21.68 20.08 16.43 12.26 11.61 14.45 12.56 10.29 10.29 10.95 11.83 13.29 13.14 12.56 12.19 11.68 10.95 9.13 7.66 6.42 3.07 0.00 0.00 0.00 0.00 0.00 0.00 0.00 4.53 9.78 8.91 10.29 11.61 14.02 14.02 12.48 8.40 4.53 6.28 8.47 11.46 12.26 12.34 13.87 15.11 15.77 16.57 17.52 18.40 19.78 20.73 19.13 16.86 17.01 17.74 17.37 16.28 19.78 22.34 22.34 22.92 22.70 21.83 19.78 16.72 16.64 16.72 16.21 15.70 15.99 16.79 16.94 18.03 19.05 17.96 18.18 19.13 20.00 20.44 20.37
16.64 21.10 24.16 23.00 20.66 18.83 15.55 15.40 16.57 17.89 16.79 16.79 13.87 14.16 15.26 14.97 13.87 12.26 10.51 8.83 6.35 4.09 0.00 0.00 0.00 0.00 0.00 0.00 0.00 0.00 4.23 8.18 9.78 11.97 15.91 18.61 16.64 16.64 11.97 9.13 8.54 8.61 8.91 9.27 12.63 12.85 13.36 14.02 16.43 16.79 17.08 18.47 19.93 17.01 16.64 15.84 17.08 17.45 18.18 16.72 17.37 18.10 18.10 18.54 19.27 17.45 17.08 17.08 17.16 15.62 15.48 15.11 13.29 14.09 16.64 17.01 17.01 16.50 16.43 15.70 14.60 16.43 19.63
16.64 21.10 24.16 23.00 20.66 18.83 15.55 15.40 16.57 17.89 16.79 16.79 13.87 14.16 15.26 14.97 13.87 12.26 10.51 8.83 6.35 4.09 0.00 0.00 0.00 0.00 0.00 0.00 0.00 0.00 4.23 8.18 9.78 11.97 15.91 18.61 16.64 16.64 11.97 9.13 8.54 8.61 8.91 9.27 12.63 12.85 13.36 14.02 16.43 16.79 17.08 18.47 19.93 17.01 16.64 15.84 17.08 17.45 18.18 16.72 17.37 18.10 18.10 18.54 19.27 17.45 17.08 17.08 17.16 15.62 15.48 15.11 13.29 14.09 16.64 17.01 17.01 19.07 22.66 22.58 20.00 27.91 32.41
13.21 14.53 19.05 22.48 21.75 20.44 17.08 16.35 16.72 17.96 16.72 16.72 15.48 16.06 16.79 16.50 12.78 9.86 6.86 2.04 0.00 0.00 0.00 0.00 0.00 0.00 0.00 0.00 0.00 2.41 7.15 9.93 13.29 15.40 17.45 18.69 20.08 20.08 16.21 12.70 13.36 14.53 14.09 14.24 16.43 17.59 17.01 16.79 18.47 20.51 20.95 19.13 17.37 14.97 12.63 13.14 14.97 14.45 14.53 15.26 15.55 16.13 16.13 16.06 20.00 18.32 16.64 17.23 16.13 15.48 15.48 16.57 17.45 17.67 17.16 16.63 20.06 23.96 24.89 23.89 20.35 26.96 25.81
10.73 10.00 12.05 14.24 15.99 20.22 15.11 15.11 15.84 16.86 15.99 15.99 15.33 12.85 11.17 9.64 7.30 6.64 3.50 0.00 0.00 0.00 0.00 0.00 0.00 0.00 1.24 4.09 7.59 11.17 11.32 11.97 12.99 13.07 14.89 17.23 19.35 19.35 16.43 14.67 13.36 15.91 15.99 18.69 18.40 18.03 15.77 16.06 15.84 15.70 15.84 14.24 12.48 11.32 11.32 11.39 12.70 11.90 12.92 13.94 14.89 15.84 15.84 16.06 19.56 19.13 19.42 18.25 16.79 15.40 15.55 16.35 16.43 15.33 15.32 17.16 22.07 22.49 22.01 26.14 28.57 27.08 24.65
15.26 13.29 11.10 10.51 11.39 11.90 13.51 14.16 15.91 16.57 16.13 16.13 13.29 10.15 7.37 3.80 1.97 0.00 0.00 0.00 0.00 0.00 0.00 0.00 3.58 6.94 7.59 9.05 10.44 11.46 10.95 11.90 12.70 12.70 12.48 13.29 11.61 11.61 10.88 11.68 12.05 13.21 16.28 13.51 13.07 13.51 11.61 12.26 13.87 13.58 12.99 10.95 10.37 9.64 11.39 10.66 10.29 11.46 10.95 11.75 13.29 15.62 15.62 16.35 18.25 16.50 16.86 16.94 14.67 15.04 14.24 13.94 12.56 12.26 13.33 13.27 13.09 19.40 23.86 24.64 21.90 23.49 23.42
15.26 13.29 11.10 10.51 11.39 11.90 13.51 14.16 15.91 16.57 16.13 16.13 13.29 10.15 7.37 3.80 1.97 0.00 0.00 0.00 0.00 0.00 0.00 0.00 3.58 6.94 7.59 9.05 10.44 11.46 10.95 11.90 12.70 12.70 12.48 13.29 11.61 11.61 10.88 11.68 12.05 13.21 16.28 13.51 13.07 13.51 11.61 12.26 13.87 13.58 12.99 10.95 10.37 9.64 11.39 10.66 10.29 11.46 10.95 11.75 13.29 15.62 15.62 16.35 18.25 16.50 16.86 16.94 14.67 15.04 14.24 13.94 12.56 12.26 12.99 13.07 12.70 18.01 21.27 22.82 23.36 24.37 23.42
17.81 17.08 14.53 12.12 12.41 10.44 9.93 8.40 8.03 7.52 4.31 4.31 4.38 1.97 1.02 0.00 0.00 0.00 0.00 0.00 0.00 2.34 4.89 7.23 8.83 9.42 9.86 8.40 9.05 10.37 10.22 11.17 11.02 10.29 12.85 13.94 12.70 12.70 12.41 12.48 12.26 14.53 12.99 9.49 7.74 6.64 7.01 7.52 9.27 11.68 13.07 12.41 10.44 9.78 8.40 8.54 8.61 7.37 8.25 8.69 10.51 11.32 11.32 14.31 16.21 14.97 15.04 15.70 16.72 15.62 16.43 16.50 14.97 12.99 12.70 14.75 15.12 18.37 21.61 20.21 22.59 23.75 21.90
10.51 11.90 14.89 15.62 14.02 11.46 9.20 7.59 10.15 9.71 0.00 0.00 0.00 0.00 0.00 0.00 0.00 0.00 0.00 0.00 4.53 10.15 9.13 9.20 8.69 7.52 6.35 7.01 8.83 11.24 12.41 11.90 10.44 8.54 10.51 12.12 12.41 12.41 13.07 13.51 12.34 12.26 10.44 7.52 5.91 5.40 4.82 5.62 5.04 7.59 8.47 8.10 8.10 7.08 6.20 6.50 8.40 8.32 7.96 9.34 12.12 13.72 13.72 17.01 17.37 17.01 16.57 17.67 17.67 15.48 14.89 15.84 15.33 14.16 12.70 14.19 17.99 20.19 18.64 21.47 23.14 19.62 22.77
10.51 9.93 13.87 17.45 16.94 15.40 15.55 11.10 8.40 3.94 0.00 0.00 0.00 0.00 0.00 0.00 0.00 1.02 5.77 5.99 9.86 11.61 10.66 9.71 9.86 10.00 10.29 10.29 10.73 11.10 10.80 9.78 8.47 9.34 11.53 13.14 12.63 12.63 12.05 13.43 12.05 11.10 9.56 7.59 5.48 4.31 7.23 6.79 6.20 6.20 7.15 6.20 6.35 5.55 6.35 6.20 8.10 10.37 10.22 11.32 13.43 19.13 19.13 18.54 16.94 15.48 15.11 15.70 14.24 12.48 14.02 14.75 13.94 14.97 13.66 15.51 17.65 19.25 19.97 21.20 19.06 18.06 15.87
11.17 14.45 14.97 15.91 15.91 13.80 13.43 12.85 11.39 9.34 8.03 8.03 7.23 5.91 6.64 5.04 4.02 5.55 5.91 5.48 6.35 7.37 7.59 8.47 8.83 9.78 10.59 10.88 9.93 8.10 9.49 9.34 9.56 8.98 10.29 11.46 11.83 11.83 12.19 11.83 9.78 8.47 6.72 8.47 8.98 9.64 9.05 7.23 6.20 5.33 5.40 5.40 6.06 6.64 7.01 7.66 7.37 10.37 12.99 13.94 13.58 14.67 14.67 14.16 13.29 12.63 10.22 11.83 10.07 9.42 9.86 12.05 13.43 13.17 14.42 15.48 17.81 17.50 18.51 16.46 18.20 19.96 19.03
11.17 14.45 14.97 15.91 15.91 13.80 13.43 12.85 11.39 9.34 8.03 8.03 7.23 5.91 6.64 5.04 4.02 5.55 5.91 5.48 6.35 7.37 7.59 8.47 8.83 9.78 10.59 10.88 9.93 8.10 9.49 9.34 9.56 8.98 10.29 11.46 11.83 11.83 12.19 11.83 9.78 8.47 6.72 8.47 8.98 9.64 9.05 7.23 6.20 5.33 5.40 5.40 6.06 6.64 7.01 7.66 7.37 10.37 12.99 13.94 13.58 14.67 14.67 14.16 13.29 12.63 10.22 11.83 10.07 9.42 9.86 12.05 13.43 16.17 13.52 16.82 15.99 21.65 18.79 18.20 18.56 18.00 18.40
9.05 11.17 13.94 12.99 13.94 12.70 11.39 10.73 9.71 10.37 9.05 9.05 7.96 6.06 6.13 5.84 5.11 5.91 6.28 4.09 3.36 3.07 4.16 4.96 6.06 7.23 7.15 7.81 7.01 7.96 8.32 9.78 11.17 11.90 11.24 10.66 10.07 10.07 11.97 11.10 9.86 9.86 11.02 12.92 13.43 10.80 8.83 6.20 5.69 6.20 5.69 3.87 3.65 4.74 5.40 6.35 8.25 9.34 9.86 11.10 7.74 7.74 7.74 8.25 8.83 7.74 6.79 7.37 7.81 8.32 10.07 10.95 13.16 11.97 14.07 14.23 16.04 18.82 18.34 14.50 13.76 18.57 17.07
8.40 10.29 12.70 15.40 16.13 13.51 12.26 10.88 9.05 7.88 7.01 7.01 5.84 4.89 6.79 8.54 9.13 6.86 5.55 4.89 3.87 3.80 4.45 4.96 5.33 6.06 6.94 6.94 7.74 8.69 11.32 10.15 11.17 10.95 10.07 10.07 10.95 10.95 11.75 11.90 12.34 12.05 12.12 11.17 9.27 7.37 4.96 2.41 4.60 6.94 2.92 2.41 2.41 2.99 3.80 4.82 6.64 7.66 7.15 7.30 7.37 6.20 6.20 6.20 5.48 5.91 4.45 3.50 7.96 9.27 10.59 11.23 10.62 11.65 12.95 13.28 15.65 16.27 15.87 17.19 17.56 18.94 13.86
9.64 10.29 11.02 11.24 12.26 13.07 14.53 12.26 9.64 8.10 6.86 6.86 6.57 7.01 9.64 11.46 10.80 8.25 5.11 4.38 4.96 5.04 5.77 6.79 7.37 7.37 6.42 6.35 7.15 8.18 8.98 10.29 12.19 12.63 11.17 10.07 12.26 12.26 12.56 11.75 11.53 11.83 10.59 8.25 4.31 3.72 4.67 4.45 3.50 3.50 4.31 3.58 2.26 2.41 2.99 0.00 4.45 5.48 5.26 6.94 8.03 5.40 5.40 8.40 8.61 8.40 7.96 8.32 11.97 14.45 14.97 13.94 14.82 15.18 16.43 17.59 16.57 16.99 17.96 24.01 26.59 18.91 18.39
10.44 10.80 10.73 10.95 10.66 10.29 11.75 11.24 9.20 8.47 7.74 7.74 8.03 9.93 12.63 14.60 12.63 9.86 7.96 7.23 6.86 7.37 4.89 5.55 6.20 6.57 7.01 8.98 10.51 8.10 9.27 12.48 15.04 15.04 12.63 13.72 14.09 14.09 15.91 11.24 9.27 8.03 5.11 3.65 3.36 4.60 6.13 5.33 2.77 2.63 3.29 3.87 4.16 3.72 4.38 5.11 7.45 10.29 10.95 11.39 11.02 9.49 9.49 12.41 10.88 9.49 10.37 9.64 11.46 18.18 22.19 21.53 22.63 25.11 24.89 23.00 21.86 21.23 23.26 21.14 24.15 22.56 24.54
8.69 9.93 10.44 12.63 13.94 11.17 8.69 7.59 8.32 7.45 6.94 6.94 7.74 11.83 14.53 15.99 15.18 11.24 8.10 7.52 7.01 7.37 7.81 7.23 7.66 8.18 8.76 10.73 11.39 9.78 11.10 15.84 15.70 15.48 15.48 15.91 15.40 15.40 11.97 6.50 5.40 5.33 3.94 4.23 4.45 2.92 3.80 4.89 5.55 5.18 5.84 7.52 10.95 10.00 10.66 11.02 13.94 15.11 17.59 18.47 14.53 13.29 13.29 10.51 7.92 5.18 8.10 10.59 13.94 21.39 23.14 22.85 22.70 24.31 25.33 25.48 25.40 25.98 30.90 24.48 25.50 20.87 17.08
8.69 9.93 10.44 12.63 13.94 11.17 8.69 7.59 8.32 7.45 6.94 6.94 7.74 11.83 14.53 15.99 15.18 11.24 8.10 7.52 7.01 7.37 7.81 7.23 7.66 8.18 8.76 10.73 11.39 9.78 11.10 15.84 15.70 15.48 15.48 15.91 15.40 15.40 11.97 6.50 5.40 5.33 3.94 4.23 4.45 2.92 3.80 4.89 5.55 5.18 5.84 7.52 10.95 10.00 10.66 11.02 13.94 15.11 17.59 18.47 14.53 13.29 13.29 10.51 7.92 5.18 8.10 10.59 13.94 21.39 23.14 22.85 22.70 24.31 25.33 25.48 24.38 26.12 24.00 21.54 21.35 24.29 20.89
6.94 7.88 10.07 11.68 12.34 11.17 9.93 10.07 11.46 10.37 8.25 8.25 7.23 6.72 9.64 12.85 11.83 10.22 8.03 7.52 8.47 8.91 8.25 8.03 9.78 10.88 11.02 10.73 11.61 13.43 13.65 14.53 15.55 12.05 9.64 9.05 7.88 7.88 5.77 4.02 3.43 5.40 5.69 4.89 4.96 4.45 4.67 6.79 7.30 7.37 12.70 15.40 15.77 15.84 16.28 17.30 19.27 20.00 15.04 12.99 14.09 11.97 11.97 7.37 0.00 6.20 10.51 14.67 14.82 16.57 18.91 20.00 21.32 23.21 27.08 28.62 28.98 29.20 28.35 35.00 30.90 26.26 25.66
7.52 8.03 11.10 12.19 12.99 12.56 12.05 13.29 15.11 13.14 7.30 7.30 5.18 6.28 7.96 8.83 8.83 7.96 8.10 7.52 8.54 9.20 7.15 6.94 9.05 9.93 10.22 10.95 13.58 15.70 14.53 12.19 12.05 9.42 7.96 8.10 8.32 8.32 6.79 6.06 6.20 6.64 6.50 4.53 5.26 7.30 8.25 7.74 7.66 10.37 14.45 16.13 15.04 15.62 16.35 20.66 22.34 22.34 16.28 14.60 9.78 6.35 6.35 0.00 0.00 9.93 15.84 20.15 21.90 22.56 23.58 23.58 24.09 26.79 31.10 32.27 33.54 35.68 32.61 32.39 33.42 29.52 30.78
6.20 5.55 12.85 13.80 13.43 9.56 5.69 7.81 11.46 12.99 11.02 11.02 8.69 10.51 13.51 11.61 6.57 5.26 6.72 7.37 9.34 11.97 10.66 9.27 9.78 11.10 11.02 10.88 15.70 16.35 15.62 13.72 9.86 8.91 7.30 6.28 8.10 8.10 9.64 10.00 12.12 11.39 8.47 7.45 6.42 6.86 8.32 8.25 7.23 9.93 13.21 15.33 14.82 11.53 11.10 13.94 16.64 15.04 12.78 9.05 5.91 0.00 0.00 0.00 11.02 14.97 18.40 22.34 23.65 23.87 24.45 24.67 24.89 28.69 33.05 33.55 31.65 33.47 32.71 26.23 25.72 26.62 25.21
6.86 9.49 9.05 7.66 7.01 5.48 5.40 7.45 12.12 13.87 12.19 12.19 11.53 10.44 9.05 6.64 4.02 4.16 7.74 9.49 8.40 8.91 10.51 11.32 12.12 12.78 11.10 11.10 14.09 14.31 14.60 14.31 8.76 10.00 7.66 8.10 9.64 9.64 10.80 12.12 13.07 14.24 10.00 8.25 10.51 10.22 8.61 9.56 11.83 14.82 14.38 12.92 11.02 10.80 11.46 12.41 12.85 12.12 11.61 9.27 8.54 6.28 6.28 8.69 11.61 12.85 15.11 20.59 20.95 21.10 22.70 28.98 29.42 29.49 33.87 35.08 35.32 33.20 26.86 27.96 26.16 29.43 30.56
5.62 3.80 5.04 6.13 6.86 5.11 5.26 7.23 8.18 6.28 9.05 9.05 9.86 8.61 6.20 5.18 5.62 5.33 7.52 8.83 6.79 8.47 9.64 11.02 11.61 11.10 10.66 10.51 12.48 12.63 12.48 11.32 11.53 11.53 11.53 8.76 7.66 7.66 9.34 11.32 11.61 9.78 9.93 12.26 15.70 15.18 15.04 14.24 17.08 16.50 14.75 12.85 11.97 12.70 13.65 14.60 12.48 15.84 11.53 9.86 8.69 7.81 7.81 9.27 10.80 11.32 14.16 18.76 20.66 23.00 25.40 29.20 32.05 34.15 38.05 32.79 31.12 29.30 26.62 29.44 29.45 29.63 29.20
5.62 3.80 5.04 6.13 6.86 5.11 5.26 7.23 8.18 6.28 9.05 9.05 9.86 8.61 6.20 5.18 5.62 5.33 7.52 8.83 6.79 8.47 9.64 11.02 11.61 11.10 10.66 10.51 12.48 12.63 12.48 11.32 11.53 11.53 11.53 8.76 7.66 7.66 9.34 11.32 11.61 9.78 9.93 12.26 15.70 15.18 15.04 14.24 17.08 16.50 14.75 12.85 11.97 12.70 13.65 14.60 12.48 15.84 11.53 9.86 8.69 7.81 7.81 9.27 10.80 11.32 14.16 18.76 20.66 23.00 25.40 29.20 32.21 33.78 34.40 36.54 33.21 34.19 30.89 28.49 30.76 28.79 30.88
4.53 3.65 7.01 8.54 7.96 3.50 3.80 4.38 3.29 5.18 7.23 7.23 7.23 5.62 4.53 4.16 4.31 4.09 3.58 4.60 4.96 3.21 2.99 4.02 5.33 8.10 11.61 13.51 13.80 12.70 12.70 13.58 12.63 12.19 12.19 10.95 10.07 10.07 7.81 7.74 8.61 10.80 12.70 16.35 17.89 17.23 18.10 18.18 17.59 14.89 12.99 12.41 11.46 9.05 11.46 12.26 12.48 13.80 13.87 13.58 12.78 11.39 11.45 9.39 7.78 11.17 18.69 24.09 25.48 27.38 28.83 30.53 32.59 32.81 36.19 35.51 31.45 28.95 26.66 26.81 27.50 25.47 24.67
5.26 6.64 8.54 8.61 5.99 4.38 4.67 5.33 5.69 7.01 8.47 8.47 8.47 4.31 2.99 3.07 2.77 3.58 4.45 5.33 4.23 3.80 5.48 6.42 5.33 13.87 14.16 13.94 12.92 10.22 10.51 13.43 13.51 10.95 9.86 11.02 11.53 11.53 12.70 12.12 10.29 11.75 12.41 15.26 16.57 16.50 16.35 16.64 14.38 12.99 11.39 12.12 10.15 10.95 12.26 11.53 7.88 8.10 11.97 14.67 14.82 10.80 10.80 10.44 11.53 17.81 21.75 24.16 27.81 31.83 33.87 34.16 32.70 30.48 30.57 31.43 25.09 20.91 23.36 23.45 23.99 25.85 26.58
12.12 12.85 14.02 12.12 7.81 7.01 8.32 9.13 8.61 8.47 8.98 8.98 8.03 5.26 0.00 4.02 6.06 5.62 4.74 4.60 4.45 5.62 6.06 5.18 9.20 14.24 16.64 11.46 7.52 8.32 9.05 9.05 9.93 8.54 10.44 12.12 8.98 8.98 8.32 10.22 9.78 11.97 14.82 16.72 18.25 15.18 11.39 9.20 7.66 6.13 4.60 6.86 9.71 10.22 10.15 4.53 4.23 3.94 8.40 12.41 12.48 10.59 10.59 10.07 13.21 17.16 21.32 24.67 29.64 32.70 33.80 33.43 29.78 27.90 27.53 24.97 17.29 17.66 19.32 22.62 23.24 29.09 23.45
13.58 12.56 13.21 13.51 12.34 10.44 9.49 9.78 8.98 10.00 9.71 9.71 7.30 7.01 3.58 0.00 2.85 4.45 4.31 2.92 3.65 5.55 6.64 8.40 9.34 12.56 13.80 12.70 7.52 8.10 5.33 4.31 6.50 5.91 8.10 6.94 5.91 5.91 6.50 8.54 8.76 9.49 9.64 11.53 13.72 14.53 11.10 7.88 8.61 9.71 8.03 7.74 9.93 9.42 6.28 0.00 1.83 0.00 5.26 7.88 9.05 8.69 8.69 9.05 13.07 17.81 26.94 30.81 29.05 31.90 31.24 31.90 31.10 26.18 20.57 15.34 13.59 12.51 18.57 19.73 17.03 15.63 17.75
11.32 11.90 10.51 10.73 10.22 9.27 8.18 6.94 6.64 5.99 4.31 4.31 3.65 4.02 4.23 3.21 3.94 6.13 0.00 0.00 4.60 0.00 5.91 7.52 8.40 8.10 11.24 13.07 8.61 2.48 0.00 0.00 0.00 0.00 0.00 0.00 0.00 0.00 1.02 2.34 4.31 5.91 0.00 5.77 7.81 9.78 8.83 7.23 7.88 8.69 7.96 5.84 4.31 3.50 1.75 0.00 0.00 0.00 6.06 10.73 12.26 13.43 13.43 13.80 15.62 17.45 19.64 20.44 24.38 29.42 32.49 31.76 29.20 22.48 14.60 7.26 5.47 6.95 8.88 7.62 9.73 10.97 13.90
11.68 10.51 9.93 10.15 9.20 7.96 7.23 6.72 6.06 3.29 2.34 2.34 2.56 2.99 2.56 2.63 0.00 0.00 0.00 2.34 0.00 0.00 3.43 3.80 3.72 2.19 3.72 6.28 4.53 0.00 3.50 0.00 0.00 0.00 0.00 0.00 0.00 0.00 0.00 0.00 0.00 0.00 0.00 0.00 4.16 5.18 4.89 4.60 4.96 4.23 3.21 1.90 0.00 0.00 0.00 0.00 0.00 6.42 7.81 11.75 13.07 13.58 13.58 12.56 12.34 12.19 14.38 18.40 21.10 24.67 26.72 24.89 20.29 14.82 9.68 6.03 4.35 3.67 4.71 4.75 4.95 6.09 12.03
11.68 10.51 9.93 10.15 9.20 7.96 7.23 6.72 6.06 3.29 2.34 2.34 2.56 2.99 2.56 2.63 0.00 0.00 0.00 2.34 0.00 0.00 3.43 3.80 3.72 2.19 3.72 6.28 4.53 0.00 3.50 0.00 0.00 0.00 0.00 0.00 0.00 0.00 0.00 0.00 0.00 0.00 0.00 0.00 4.16 5.18 4.89 4.60 4.96 4.23 3.21 1.90 0.00 0.00 0.00 0.00 0.00 6.42 7.81 11.75 13.07 13.58 13.58 12.56 12.34 12.19 14.38 18.40 21.10 24.67 26.72 24.89 20.29 14.75 9.54 5.94 4.35 3.83 4.20 4.56 4.84 6.40 11.78
10.59 9.42 9.56 9.56 12.34 10.44 8.69 7.37 5.48 3.58 3.43 3.43 4.74 3.36 3.50 5.69 4.96 0.00 0.00 0.00 0.00 0.00 0.00 0.00 0.00 0.00 1.53 0.00 0.00 0.00 3.36 0.00 2.04 0.00 0.00 0.00 0.00 0.00 0.00 0.00 0.00 0.00 3.14 0.00 0.00 0.00 6.28 6.64 6.06 3.72 2.63 0.00 0.00 0.00 5.91 5.40 7.37 7.15 4.60 6.72 10.15 8.91 8.91 11.39 10.44 12.19 16.21 18.25 20.44 21.46 19.27 18.03 13.07 6.28 4.67 4.28 3.08 1.83 1.45 0.83 0.34 1.12 5.85
