Wansh/Snow_depth/snowdepth-1983/winter/1984042.txt
ncols 321
nrows 161
xllcenter 60
yllcenter 15 
cellsize  0.25 
NODATA_value -1
[rows 0 to 36 of 161, columns 166 to 248 of 321]
9.78 11.24 12.34 7.81 6.28 7.96 8.98 9.64 7.81 7.37 9.13 9.13 9.78 10.88 10.07 9.20 9.71 9.34 11.02 15.77 16.28 15.99 13.87 13.29 14.16 15.70 12.34 8.10 0.00 0.00 0.00 0.00 1.68 8.40 16.57 19.78 18.54 18.54 15.70 18.54 21.90 20.51 16.21 16.64 18.91 19.86 21.75 25.62 27.89 26.65 22.63 18.54 17.01 18.10 19.05 18.83 18.47 20.73 23.65 23.14 22.12 21.32 21.32 22.70 25.33 27.52 29.35 29.05 25.11 23.36 22.27 21.83 21.53 21.75 22.27 22.92 23.51 23.00 24.97 27.59 27.01 28.25 27.45
13.94 14.53 12.05 9.71 9.20 8.98 8.03 6.28 7.23 8.25 9.64 9.64 11.17 11.68 9.20 9.20 9.49 9.13 11.53 13.51 15.18 13.65 13.07 12.78 12.63 12.26 7.88 0.00 0.00 0.00 0.00 0.00 3.21 10.29 15.48 16.86 15.62 15.62 15.70 18.91 24.09 21.90 22.27 20.08 20.00 20.51 21.68 19.49 18.83 19.71 20.44 19.27 18.98 19.49 19.93 21.10 21.75 22.63 24.97 25.40 25.40 25.11 25.11 25.62 30.30 30.59 31.54 25.62 24.45 22.78 22.56 23.51 25.84 25.48 25.40 25.48 24.02 26.35 27.74 28.47 27.59 27.96 24.60
21.24 19.42 15.77 12.48 11.32 11.83 9.86 7.59 6.64 7.15 8.47 8.47 9.56 9.42 8.40 7.45 8.25 9.78 13.07 13.58 12.78 10.80 12.56 13.43 13.65 8.69 0.00 0.00 0.00 0.00 0.00 0.00 3.72 10.51 14.60 13.87 13.80 13.80 15.40 20.37 24.24 21.17 21.10 19.71 18.54 16.94 15.84 14.53 15.48 16.79 18.47 20.44 20.73 20.59 20.00 21.75 22.92 20.37 19.78 21.39 22.63 22.48 22.48 23.29 25.19 28.32 26.21 24.09 26.28 27.89 27.16 24.31 26.72 25.48 24.82 26.13 25.48 26.21 26.50 25.11 23.73 23.58 21.68
21.24 19.42 15.77 12.48 11.32 11.83 9.86 7.59 6.64 7.15 8.47 8.47 9.56 9.42 8.40 7.45 8.25 9.78 13.07 13.58 12.78 10.80 12.56 13.43 13.65 8.69 0.00 0.00 0.00 0.00 0.00 0.00 3.72 10.51 14.60 13.87 13.80 13.80 15.40 20.37 24.24 21.17 21.10 19.71 18.54 16.94 15.84 14.53 15.48 16.79 18.47 20.44 20.73 20.59 20.00 21.75 22.92 20.37 19.78 21.39 22.63 22.48 22.48 23.29 25.19 28.32 26.21 24.09 26.28 27.89 27.16 24.31 26.72 25.48 24.82 26.13 25.48 26.21 26.50 25.11 23.73 23.58 21.68
20.37 20.73 18.61 18.47 17.74 16.79 14.09 9.49 6.50 7.74 8.83 8.83 9.56 9.20 8.69 8.98 9.27 12.41 12.70 11.61 10.29 10.51 9.78 7.96 6.79 0.00 0.00 0.00 0.00 0.00 0.00 0.00 6.64 11.02 11.24 11.24 15.26 15.26 16.72 16.13 14.97 12.92 12.34 12.19 13.65 14.82 16.13 17.81 18.47 19.35 20.66 21.24 20.73 19.78 19.64 19.56 18.91 17.23 17.08 21.39 23.73 24.45 24.45 24.31 24.45 25.19 25.55 24.45 23.29 24.16 25.62 21.61 22.12 22.92 22.70 22.19 21.61 22.78 23.94 22.27 21.83 21.32 20.66
20.37 23.43 23.94 22.92 19.42 18.47 14.45 13.51 11.61 10.95 10.59 10.59 11.90 13.58 12.26 11.68 11.17 12.05 10.95 9.27 8.25 7.59 8.10 0.00 0.00 0.00 0.00 0.00 0.00 0.00 0.00 6.28 10.22 12.12 11.53 15.04 15.11 15.11 13.80 10.00 7.01 8.54 10.00 11.90 14.16 15.40 17.16 17.59 18.25 18.76 20.44 21.90 22.92 23.51 21.75 18.83 19.42 19.27 19.20 18.69 20.81 24.16 24.16 26.86 23.94 24.16 20.29 19.27 19.78 21.97 18.83 19.42 19.27 18.83 18.10 18.98 20.29 20.66 20.88 21.97 22.85 22.27 20.37
21.46 22.56 26.06 24.82 22.56 20.59 19.27 17.89 19.35 18.61 14.82 14.82 13.58 14.45 15.48 15.48 16.28 16.06 12.41 9.78 7.74 3.58 0.00 0.00 0.00 0.00 0.00 0.00 0.00 2.34 5.26 9.05 12.70 13.29 15.11 17.52 16.06 16.06 12.26 10.88 11.17 11.75 11.75 11.75 14.38 16.28 17.01 17.74 18.98 19.86 20.08 20.88 20.59 20.37 18.32 19.13 17.96 17.30 17.23 18.10 18.54 20.95 20.95 13.80 15.55 13.14 14.89 14.60 13.80 14.24 14.89 14.75 15.84 15.77 17.52 18.40 18.69 18.25 18.83 17.74 17.96 19.62 20.93
21.46 22.56 26.06 24.82 22.56 20.59 19.27 17.89 19.35 18.61 14.82 14.82 13.58 14.45 15.48 15.48 16.28 16.06 12.41 9.78 7.74 3.58 0.00 0.00 0.00 0.00 0.00 0.00 0.00 2.34 5.26 9.05 12.70 13.29 15.11 17.52 16.06 16.06 12.26 10.88 11.17 11.75 11.75 11.75 14.38 16.28 17.01 17.74 18.98 19.86 20.08 20.88 20.59 20.37 18.32 19.13 17.96 17.30 17.23 18.10 18.54 20.95 20.95 13.80 15.55 13.14 14.89 14.60 13.80 14.24 14.89 14.75 15.84 15.77 17.52 18.40 18.69 21.10 25.98 25.52 24.60 33.33 34.56
14.67 18.76 21.68 24.24 23.00 20.37 17.45 17.30 17.16 17.37 16.50 16.50 16.28 17.23 17.67 15.70 14.31 12.99 10.37 7.59 0.00 0.00 0.00 0.00 0.00 0.00 0.00 0.00 1.24 5.84 6.94 9.49 11.68 15.99 17.81 19.05 18.03 18.03 14.82 12.48 13.14 15.55 17.45 18.76 19.64 20.29 18.61 18.91 21.83 23.87 22.05 19.27 18.03 16.13 15.11 14.38 14.67 14.97 14.31 15.33 18.10 3.94 3.94 9.13 9.34 9.42 10.29 7.88 8.32 9.64 9.78 11.53 14.38 16.72 15.62 15.43 18.09 23.63 26.69 27.21 22.98 30.14 28.35
10.22 12.26 14.31 18.54 18.54 18.03 17.01 16.06 14.89 15.18 17.30 17.30 18.03 16.79 13.94 10.37 10.59 7.52 2.92 0.00 0.00 0.00 0.00 0.00 0.00 0.00 3.58 4.60 9.42 11.61 12.41 12.78 13.51 14.45 15.91 16.94 19.05 19.05 17.96 15.40 16.86 18.18 19.71 19.71 19.78 20.08 20.08 20.22 21.10 20.29 17.74 14.24 13.36 12.19 12.70 12.78 13.14 12.19 12.34 13.72 15.11 7.45 7.45 10.00 10.29 10.15 9.86 8.83 8.54 8.10 7.96 8.91 10.22 8.32 7.54 10.98 14.71 17.41 19.89 23.20 25.14 24.61 22.01
13.07 11.24 11.24 10.88 10.95 14.75 18.10 15.91 16.79 17.23 16.06 16.06 12.12 9.64 7.59 6.13 4.53 0.00 0.00 0.00 0.00 0.00 0.00 6.57 7.37 10.07 10.29 12.56 13.29 12.63 12.99 12.99 13.58 13.87 12.99 13.80 13.36 13.36 13.51 13.72 15.40 18.54 18.69 16.06 14.09 14.24 17.08 16.79 16.28 13.36 13.65 13.87 13.21 12.92 12.85 11.97 11.68 12.56 12.12 11.97 6.86 10.00 10.00 10.59 9.34 9.56 9.20 7.45 7.37 7.37 8.32 7.59 6.13 4.89 3.22 4.08 7.00 13.37 17.80 16.82 12.78 15.13 15.44
13.07 11.24 11.24 10.88 10.95 14.75 18.10 15.91 16.79 17.23 16.06 16.06 12.12 9.64 7.59 6.13 4.53 0.00 0.00 0.00 0.00 0.00 0.00 6.57 7.37 10.07 10.29 12.56 13.29 12.63 12.99 12.99 13.58 13.87 12.99 13.80 13.36 13.36 13.51 13.72 15.40 18.54 18.69 16.06 14.09 14.24 17.08 16.79 16.28 13.36 13.65 13.87 13.21 12.92 12.85 11.97 11.68 12.56 12.12 11.97 6.86 10.00 10.00 10.59 9.34 9.56 9.20 7.45 7.37 7.37 8.32 7.59 6.13 4.89 3.14 4.02 6.79 12.42 15.87 15.57 13.63 15.70 15.44
18.25 19.27 14.75 12.48 9.64 9.86 10.59 10.44 10.44 9.49 6.79 6.79 4.31 2.12 0.00 0.00 0.00 0.00 0.00 0.00 3.29 7.37 8.54 9.56 10.44 11.17 10.37 9.86 12.19 13.21 12.48 11.46 11.39 13.21 13.87 15.26 14.45 14.45 14.09 15.48 14.09 15.04 14.31 11.97 9.42 8.32 8.32 7.74 9.93 12.56 12.48 11.39 10.88 11.10 11.02 12.12 9.93 9.05 10.22 0.00 5.18 6.79 6.79 5.62 7.45 7.30 6.86 6.35 7.23 7.30 7.74 6.79 6.06 3.72 4.74 5.48 7.94 14.12 15.63 11.96 9.80 12.31 13.28
10.29 13.51 14.67 13.51 11.17 9.71 7.81 5.77 4.60 1.90 0.00 0.00 0.00 0.00 0.00 0.00 0.00 0.00 0.00 4.89 6.79 8.91 11.17 10.29 8.83 9.27 8.61 9.13 13.29 15.04 14.16 13.65 12.70 12.34 13.58 13.58 13.87 13.87 14.16 14.16 13.14 12.56 11.90 10.15 7.37 5.84 6.06 6.35 7.23 9.20 9.34 8.54 8.47 8.40 8.61 9.34 9.49 9.78 4.82 3.65 6.79 7.45 7.45 8.47 9.64 9.49 8.83 8.40 8.91 5.99 5.84 7.08 5.40 4.31 4.16 4.37 5.71 8.10 8.98 11.16 13.03 11.50 12.56
10.66 12.12 15.11 18.47 16.43 16.35 13.80 8.69 1.75 0.00 0.00 0.00 0.00 0.00 0.00 0.00 0.00 2.12 5.77 8.47 12.63 11.46 11.75 10.51 10.44 11.39 12.26 12.63 13.58 13.65 13.14 11.68 11.46 12.05 12.05 12.41 12.34 12.34 12.26 12.85 13.21 11.75 8.98 7.88 6.57 5.55 6.35 6.42 6.20 7.96 8.32 8.54 8.10 7.01 6.13 7.96 9.64 11.24 11.39 10.95 12.63 13.07 13.07 12.12 10.15 8.98 7.74 7.30 6.13 4.67 5.18 5.77 4.45 3.21 2.51 2.92 4.31 6.75 8.37 9.30 9.02 8.98 9.11
13.43 16.57 16.86 15.99 15.11 16.57 16.21 14.67 11.02 9.86 7.23 7.23 5.18 8.83 7.01 5.62 5.91 7.08 8.61 8.40 8.25 8.69 10.29 9.71 9.86 11.83 12.70 11.97 11.10 10.37 9.71 10.22 10.29 10.88 10.29 11.02 11.97 11.97 13.07 11.83 10.59 7.52 6.86 6.64 7.52 8.32 8.83 7.59 6.79 6.79 4.89 6.42 6.79 6.64 7.15 7.45 8.61 11.32 14.02 13.58 11.90 12.99 12.99 12.99 11.53 9.71 8.61 7.88 4.96 3.29 4.74 5.11 4.96 4.36 2.58 2.04 4.87 7.10 7.72 6.04 7.87 9.24 9.67
13.43 16.57 16.86 15.99 15.11 16.57 16.21 14.67 11.02 9.86 7.23 7.23 5.18 8.83 7.01 5.62 5.91 7.08 8.61 8.40 8.25 8.69 10.29 9.71 9.86 11.83 12.70 11.97 11.10 10.37 9.71 10.22 10.29 10.88 10.29 11.02 11.97 11.97 13.07 11.83 10.59 7.52 6.86 6.64 7.52 8.32 8.83 7.59 6.79 6.79 4.89 6.42 6.79 6.64 7.15 7.45 8.61 11.32 14.02 13.58 11.90 12.99 12.99 12.99 11.53 9.71 8.61 7.88 4.96 3.29 4.74 5.11 4.96 5.36 2.42 2.22 4.37 8.78 7.84 6.68 8.03 8.33 9.34
9.71 11.53 13.87 13.51 13.65 12.99 11.83 11.17 11.46 10.80 10.37 10.37 9.64 10.88 5.99 6.42 6.64 6.28 5.84 5.48 4.89 6.06 7.23 6.86 7.08 8.98 9.34 8.76 8.76 8.69 10.59 11.02 11.97 11.90 11.46 11.83 12.19 12.19 12.70 10.66 8.69 8.98 11.24 13.72 12.92 10.07 7.96 6.72 6.50 5.18 4.60 0.00 5.11 4.89 7.52 9.05 6.57 8.03 8.03 9.05 8.25 5.55 5.55 5.84 6.57 5.84 5.48 5.18 3.72 5.11 6.94 8.03 9.15 8.43 6.59 5.78 7.51 7.96 8.29 5.98 5.11 6.01 6.91
8.83 10.73 14.16 16.72 16.13 13.51 11.46 10.07 8.40 6.06 4.45 4.45 6.13 6.20 6.13 7.59 8.25 8.18 7.52 6.13 5.48 5.33 5.26 4.45 6.57 7.59 8.18 8.61 10.59 10.88 10.88 11.97 11.97 11.90 12.05 12.12 12.48 12.48 11.68 10.73 10.95 11.61 12.34 11.97 8.40 6.06 4.31 3.65 4.53 5.40 5.69 3.65 0.00 4.89 5.69 0.00 0.00 0.00 0.00 4.82 4.89 3.50 3.50 3.14 2.34 1.97 2.26 3.43 4.96 6.57 8.91 9.76 8.77 8.55 7.49 7.38 7.69 7.53 8.98 10.18 10.36 10.90 9.67
8.91 9.93 10.44 12.26 15.84 15.04 13.51 11.75 9.56 7.59 6.86 6.86 6.42 7.88 10.51 11.46 11.24 10.00 6.94 6.42 6.13 7.08 7.08 6.20 7.37 8.10 7.74 5.69 6.28 8.69 8.83 10.44 14.53 14.31 12.63 11.83 12.12 12.12 11.61 11.46 12.85 11.83 11.46 7.96 4.53 4.53 4.53 4.02 3.65 5.18 5.33 5.91 0.00 4.53 0.00 0.00 0.00 4.38 4.82 0.00 4.38 0.00 0.00 3.87 5.11 3.29 3.50 6.42 9.20 12.19 12.26 10.80 10.15 10.66 11.75 11.75 10.80 11.25 12.65 16.98 18.75 13.13 11.81
8.98 9.20 9.05 10.51 10.73 10.88 11.10 10.88 9.86 9.42 7.88 7.88 7.08 9.86 12.56 15.99 13.72 11.32 8.83 8.61 8.69 8.69 7.66 7.37 7.23 6.86 8.32 9.34 8.40 8.54 11.10 13.07 14.97 15.11 14.53 13.58 14.09 14.09 13.80 9.34 6.57 4.74 4.09 3.36 2.99 3.29 4.45 5.55 4.60 4.96 5.33 6.64 6.50 6.20 0.00 0.00 0.00 7.15 8.25 7.81 5.33 6.13 6.13 7.23 6.64 5.91 5.69 7.15 10.22 16.28 17.74 16.79 19.78 20.81 18.61 17.16 15.61 17.03 18.43 17.73 20.33 18.14 16.93
7.37 7.81 10.22 13.07 12.70 10.15 8.32 8.32 8.25 7.66 7.74 7.74 8.98 14.09 16.79 17.45 15.40 10.15 9.49 10.07 9.56 9.93 8.76 8.47 7.45 8.40 9.49 10.88 10.80 10.59 13.58 17.52 17.30 15.70 15.70 16.13 15.04 15.04 9.27 4.74 3.14 2.56 2.26 2.34 2.99 3.21 3.72 2.70 0.00 4.82 6.13 7.01 7.15 9.05 9.56 11.90 14.60 15.99 15.62 12.63 10.59 11.32 11.32 7.88 5.28 0.00 4.67 6.94 15.55 19.86 22.12 20.15 22.41 22.48 22.85 21.32 20.53 20.33 22.70 18.41 18.96 15.11 13.68
7.37 7.81 10.22 13.07 12.70 10.15 8.32 8.32 8.25 7.66 7.74 7.74 8.98 14.09 16.79 17.45 15.40 10.15 9.49 10.07 9.56 9.93 8.76 8.47 7.45 8.40 9.49 10.88 10.80 10.59 13.58 17.52 17.30 15.70 15.70 16.13 15.04 15.04 9.27 4.74 3.14 2.56 2.26 2.34 2.99 3.21 3.72 2.70 0.00 4.82 6.13 7.01 7.15 9.05 9.56 11.90 14.60 15.99 15.62 12.63 10.59 11.32 11.32 7.88 5.28 0.00 4.67 6.94 15.55 19.86 22.12 20.15 22.41 22.48 22.85 21.32 19.71 20.44 17.63 16.20 15.88 17.59 16.73
7.23 8.61 9.78 11.24 11.53 10.80 8.98 8.83 8.98 11.75 11.10 11.10 8.61 10.22 13.29 14.67 12.05 10.00 9.93 9.78 10.00 8.03 8.40 9.78 10.37 10.51 10.88 10.44 12.85 13.65 14.24 14.89 14.45 12.12 10.59 10.22 7.52 7.52 4.23 2.63 3.94 3.58 2.85 3.36 2.26 2.99 5.26 6.50 5.04 6.79 10.88 13.07 16.57 16.43 17.74 20.73 23.58 22.27 18.03 12.41 12.34 11.90 11.90 5.33 0.00 0.00 7.08 10.66 12.48 15.91 17.37 17.96 18.98 22.63 26.21 27.01 27.16 26.41 24.21 24.26 19.92 18.33 16.70
6.57 9.20 11.97 12.05 11.53 11.39 12.12 13.36 16.35 11.53 6.86 6.86 6.64 6.79 10.00 10.88 8.69 8.83 9.86 10.15 10.37 10.00 10.00 10.15 10.51 10.37 9.64 11.32 14.97 16.06 15.55 13.14 9.93 6.28 5.40 5.69 5.33 5.33 4.53 2.85 5.18 5.11 4.74 2.70 3.14 6.94 8.32 7.66 8.40 12.26 14.97 16.94 14.24 14.31 15.99 20.51 22.63 22.12 17.89 11.32 9.27 7.52 7.52 0.00 0.00 8.69 11.97 16.28 18.61 18.76 19.56 21.46 23.43 26.57 30.88 32.56 33.17 31.62 28.25 26.72 27.35 25.31 28.47
6.13 9.56 11.39 11.90 11.10 8.32 6.72 8.47 10.73 11.24 9.93 9.93 8.69 9.64 12.12 9.64 7.30 6.64 8.40 9.34 10.51 11.61 11.39 10.95 11.46 12.12 10.73 13.14 16.43 16.72 14.09 11.53 9.27 6.64 6.28 7.88 8.03 8.03 8.32 9.27 10.00 9.42 6.50 4.16 5.55 6.50 7.45 7.15 6.35 8.47 13.29 13.14 12.34 9.71 9.64 15.62 18.40 13.51 11.53 6.94 2.19 0.00 0.00 0.00 6.50 11.75 14.53 19.64 24.60 22.78 22.27 23.58 26.21 30.81 34.02 34.58 30.76 34.15 34.10 24.70 23.88 27.40 26.47
6.79 10.66 11.39 9.42 7.66 5.33 6.28 8.61 13.29 12.41 13.21 13.21 10.95 11.02 7.15 6.79 6.13 7.30 9.49 10.22 9.86 11.10 12.48 12.85 12.41 12.78 11.24 11.90 16.35 15.04 12.85 9.93 8.32 6.86 6.57 6.94 8.98 8.98 11.02 11.61 13.65 13.07 8.69 7.96 8.91 7.23 7.08 7.59 12.41 11.02 11.17 10.73 9.20 8.76 8.61 9.78 12.56 10.37 8.32 6.64 6.57 5.84 5.84 6.64 9.20 11.61 15.62 19.27 20.37 21.10 24.31 29.86 30.95 30.15 34.62 33.74 31.24 28.64 27.28 27.22 23.83 29.20 29.72
5.69 5.77 6.64 8.61 7.66 5.77 6.06 6.06 7.30 9.13 10.59 10.59 8.83 7.23 5.33 5.55 7.37 6.42 9.93 9.71 8.98 10.00 9.49 8.03 9.56 9.42 11.90 13.80 13.72 12.92 12.05 11.90 11.32 9.71 9.78 9.05 10.15 10.15 12.70 13.29 12.78 11.39 10.44 12.12 13.65 14.16 14.16 13.72 16.06 18.69 13.94 11.39 11.75 14.38 12.48 13.36 12.63 12.48 9.27 8.10 7.52 7.52 7.52 8.25 8.61 10.29 13.14 17.67 19.71 22.48 25.77 30.59 31.97 33.05 39.25 31.22 26.78 26.49 26.06 25.06 27.33 29.84 28.60
5.69 5.77 6.64 8.61 7.66 5.77 6.06 6.06 7.30 9.13 10.59 10.59 8.83 7.23 5.33 5.55 7.37 6.42 9.93 9.71 8.98 10.00 9.49 8.03 9.56 9.42 11.90 13.80 13.72 12.92 12.05 11.90 11.32 9.71 9.78 9.05 10.15 10.15 12.70 13.29 12.78 11.39 10.44 12.12 13.65 14.16 14.16 13.72 16.06 18.69 13.94 11.39 11.75 14.38 12.48 13.36 12.63 12.48 9.27 8.10 7.52 7.52 7.52 8.25 8.61 10.29 13.14 17.67 19.71 22.48 25.77 30.59 32.14 32.69 35.49 34.79 28.58 30.90 30.24 24.25 28.55 28.99 30.25
3.94 3.36 5.77 7.74 4.74 1.75 2.19 0.00 0.00 4.96 5.77 5.77 3.29 5.33 0.00 0.00 0.00 3.43 4.74 4.23 3.29 4.02 4.23 4.60 4.45 6.72 11.53 15.18 13.43 11.17 13.14 15.55 15.26 14.75 14.24 11.97 8.69 8.69 7.45 9.78 10.44 11.97 13.94 15.04 17.59 18.98 18.69 19.35 16.94 14.53 11.24 10.95 10.44 13.51 13.51 12.34 13.43 13.21 11.75 10.95 10.15 7.88 7.92 6.82 6.09 12.05 18.61 23.87 25.99 27.89 30.59 32.08 32.22 33.03 36.19 33.94 28.08 22.78 23.87 24.05 23.73 26.38 26.57
5.40 6.64 8.03 5.99 2.99 0.00 1.97 6.28 4.45 5.91 8.18 8.18 7.23 4.45 0.00 0.00 3.50 0.00 3.87 3.50 4.82 6.20 7.66 6.50 5.91 9.13 13.21 14.09 12.12 10.15 11.97 13.65 12.99 11.39 10.44 9.93 9.49 9.49 10.66 11.90 11.97 14.09 12.63 14.60 17.37 16.57 17.01 19.93 16.79 14.02 11.46 12.26 11.75 12.05 13.80 12.05 9.56 10.80 14.31 14.53 13.36 11.32 11.32 8.76 11.39 18.61 24.09 28.40 29.71 32.12 34.38 36.21 34.82 30.25 30.48 28.09 19.16 16.59 22.22 22.17 21.17 25.20 23.77
10.88 11.46 11.17 7.88 5.84 6.94 7.01 9.34 7.74 8.61 10.44 10.44 0.00 0.00 0.00 0.00 0.00 4.09 4.96 5.18 6.20 6.20 4.82 5.99 8.47 13.58 15.40 8.18 5.26 9.27 10.66 12.12 11.68 11.39 13.07 12.12 9.86 9.86 10.95 11.32 12.41 14.02 14.82 16.57 15.99 13.21 11.75 11.75 6.86 6.50 7.08 8.03 9.13 10.51 12.78 11.75 6.13 5.11 10.15 13.29 12.19 10.22 10.22 10.22 15.62 21.75 25.48 27.96 30.73 34.67 36.72 34.67 31.61 28.05 25.02 22.22 14.70 14.84 18.87 22.18 21.90 26.32 23.36
12.26 13.07 12.48 10.66 9.86 10.66 8.61 8.69 11.02 14.75 9.49 9.49 5.55 3.43 0.00 0.00 0.00 0.00 0.00 0.00 1.31 4.67 5.77 7.15 10.73 13.65 14.82 10.15 7.15 8.32 6.42 5.84 8.03 9.64 10.59 10.59 8.69 8.69 8.47 8.47 10.22 9.86 10.88 11.75 14.75 14.31 12.05 8.54 8.32 8.83 7.30 6.94 9.42 10.29 9.86 5.48 0.00 0.00 2.34 9.20 10.29 9.56 9.56 10.73 14.24 22.41 27.74 28.91 31.68 35.11 35.11 34.09 31.61 25.66 19.37 15.55 14.04 13.01 16.69 18.05 16.58 17.62 19.83
9.34 10.00 11.17 10.07 8.76 8.18 7.23 7.01 7.81 7.15 3.50 3.50 0.00 0.00 0.00 0.00 0.00 3.29 3.94 2.48 1.90 3.65 7.15 10.80 9.42 9.42 12.34 11.39 6.35 1.97 0.00 0.00 0.00 0.00 2.70 2.41 4.09 4.09 3.58 3.36 4.89 4.09 0.00 5.11 7.74 9.27 13.21 6.42 7.81 8.61 5.77 5.91 5.91 2.04 0.00 0.00 0.00 0.00 7.81 11.83 12.70 13.65 13.65 15.33 16.64 20.37 24.02 24.16 27.45 32.70 34.02 32.49 30.22 23.58 13.79 6.41 5.79 7.47 9.06 9.44 11.68 10.48 15.06
8.18 8.83 9.64 8.76 7.01 4.53 5.55 5.77 0.00 0.00 0.00 0.00 0.00 0.00 2.56 0.00 0.00 0.44 0.00 2.04 0.00 0.00 1.83 3.58 4.67 4.23 6.28 7.08 3.43 0.58 1.53 0.00 0.00 0.00 0.00 0.00 0.00 0.00 0.00 0.00 0.00 0.00 0.00 2.48 3.36 4.09 0.00 3.87 3.58 4.89 4.74 0.00 0.00 0.00 0.00 0.00 2.99 5.77 8.03 11.10 14.89 12.63 12.63 12.26 11.53 11.68 15.18 18.25 22.78 27.89 29.64 27.16 23.00 15.77 7.82 6.56 5.38 4.37 5.75 5.10 3.56 5.15 11.73
8.18 8.83 9.64 8.76 7.01 4.53 5.55 5.77 0.00 0.00 0.00 0.00 0.00 0.00 2.56 0.00 0.00 0.44 0.00 2.04 0.00 0.00 1.83 3.58 4.67 4.23 6.28 7.08 3.43 0.58 1.53 0.00 0.00 0.00 0.00 0.00 0.00 0.00 0.00 0.00 0.00 0.00 0.00 2.48 3.36 4.09 0.00 3.87 3.58 4.89 4.74 0.00 0.00 0.00 0.00 0.00 2.99 5.77 8.03 11.10 14.89 12.63 12.63 12.26 11.53 11.68 15.18 18.25 22.78 27.89 29.64 27.16 23.00 15.70 7.70 6.46 5.38 4.57 5.12 4.89 3.48 5.41 11.49
9.86 8.25 6.28 7.96 12.05 7.88 6.35 4.23 3.36 0.00 4.09 4.09 3.29 3.65 4.31 5.99 0.00 0.00 0.00 0.00 0.00 0.00 0.00 0.00 0.00 0.00 1.53 1.39 3.07 3.21 3.07 2.41 0.00 0.00 0.95 1.53 0.00 0.00 0.00 0.00 0.00 0.00 0.00 0.00 0.00 0.00 7.45 6.50 6.57 4.53 0.00 0.00 0.00 0.00 3.43 4.82 7.52 7.30 3.14 7.74 9.93 9.27 9.27 9.71 11.10 12.85 16.35 19.05 21.17 23.14 21.24 18.83 14.16 6.20 3.50 4.13 3.45 1.83 0.00 0.00 0.00 0.00 6.37
