Wansh/Snow_depth/snowdepth-1990/winter/1979362.txt
ncols 321
nrows 161
xllcenter 60
yllcenter 15 
cellsize  0.25 
NODATA_value -1
[rows 0 to 36 of 161, columns 0 to 83 of 321]
10.15 10.15 13.65 14.89 14.97 13.29 12.99 13.87 14.38 15.18 15.18 15.84 15.70 14.97 15.18 14.45 13.29 13.94 15.33 14.45 14.82 13.72 18.47 19.64 20.81 20.59 20.59 18.32 19.42 18.91 18.61 18.83 17.89 17.74 16.43 14.53 13.87 13.65 14.67 14.38 14.16 13.36 13.87 15.11 15.18 16.21 15.84 16.50 15.62 14.89 12.99 12.99 11.53 10.59 10.88 11.17 11.02 11.46 11.17 12.12 10.80 10.51 9.71 9.05 8.91 8.98 8.69 7.66 7.96 7.88 8.40 7.96 7.74 10.37 11.46 12.70 12.70 17.89 18.10 16.50 15.91 15.70 16.21 16.13
15.26 15.26 16.06 15.33 17.08 16.13 15.48 16.50 17.89 18.54 17.81 18.10 18.25 19.71 18.25 16.43 15.55 13.94 12.56 13.87 15.70 18.10 16.94 18.32 19.13 19.27 19.27 19.05 18.91 18.76 18.03 19.49 19.78 19.42 17.81 17.81 16.86 16.86 18.18 17.52 17.01 15.48 15.70 16.86 16.79 14.97 15.33 16.13 16.79 15.70 14.53 14.53 13.43 12.56 11.97 13.29 13.07 13.07 12.56 12.70 11.75 11.17 12.26 11.46 11.46 10.66 7.74 7.74 7.30 6.20 5.62 5.91 7.45 9.27 10.73 14.38 14.38 15.55 15.99 12.26 15.18 16.57 17.23 15.48
19.27 19.27 16.94 17.96 19.49 18.91 18.10 18.69 18.83 20.22 20.44 19.13 19.27 17.96 16.13 17.45 14.89 11.97 13.36 11.97 19.64 21.10 18.98 18.54 19.05 19.56 19.56 19.64 19.49 20.08 19.86 20.29 20.37 20.29 20.37 19.78 19.13 17.89 17.37 17.89 17.01 14.60 15.91 16.43 14.82 13.94 14.31 15.11 16.13 16.43 16.13 16.13 14.89 13.94 14.16 14.09 14.24 12.70 12.12 11.53 12.34 14.09 13.58 12.85 11.97 10.95 9.71 8.76 9.20 8.83 7.15 6.64 6.35 7.01 9.27 11.97 11.97 12.99 14.38 12.78 12.70 12.26 12.85 11.39
19.27 19.27 16.94 17.96 19.49 18.91 18.10 18.69 18.83 20.22 20.44 19.13 19.27 17.96 16.13 17.45 14.89 11.97 13.36 11.97 19.64 21.10 18.98 18.54 19.05 19.56 19.56 19.64 19.49 20.08 19.86 20.29 20.37 20.29 20.37 19.78 19.13 17.89 17.37 17.89 17.01 14.60 15.91 16.43 14.82 13.94 14.31 15.11 16.13 16.43 16.13 16.13 14.89 13.94 14.16 14.09 14.24 12.70 12.12 11.53 12.34 14.09 13.58 12.85 11.97 10.95 9.71 8.76 9.20 8.83 7.15 6.64 6.35 7.01 9.27 11.97 11.97 12.99 14.38 12.78 12.70 12.26 12.85 11.39
19.71 19.71 19.42 20.59 23.21 20.81 17.96 18.32 20.59 21.39 21.24 20.51 20.37 19.93 18.61 19.20 18.91 17.16 15.99 19.93 21.10 21.17 20.95 21.90 22.56 21.75 21.75 21.53 21.24 21.17 20.15 20.15 20.81 20.81 20.88 19.56 17.81 17.16 16.50 17.01 16.57 16.94 16.50 14.82 13.29 12.48 13.21 14.60 15.55 15.84 14.24 14.24 14.38 14.82 13.87 14.82 14.89 12.63 11.97 10.15 9.49 11.10 12.78 12.63 12.12 11.97 11.53 10.44 9.42 7.66 5.55 6.06 7.15 8.10 12.12 10.80 10.80 12.34 15.62 15.18 14.24 12.63 11.75 12.41
23.00 23.00 24.45 25.33 23.73 22.85 21.61 21.32 21.53 22.27 23.07 23.73 22.12 21.17 18.76 17.96 18.61 18.76 19.35 18.98 20.08 20.81 21.02 22.34 23.58 24.09 24.09 23.65 22.92 20.00 20.08 20.22 21.02 22.05 20.08 18.25 16.64 15.33 13.29 12.12 10.73 11.46 12.26 11.61 11.97 12.26 11.46 11.46 13.80 14.31 15.26 15.26 12.12 12.41 14.45 14.31 11.68 10.22 11.90 10.44 10.07 10.51 12.78 14.53 10.95 10.80 10.80 9.78 8.61 6.50 5.40 5.91 7.15 8.32 11.68 12.34 12.34 13.80 15.99 16.35 15.11 14.09 13.14 13.07
21.17 21.17 21.90 23.36 24.67 24.31 22.92 21.10 20.51 20.22 20.37 19.42 18.61 17.59 15.70 13.94 14.45 20.73 22.34 21.10 20.81 19.71 20.15 22.12 24.16 23.36 23.36 21.68 20.08 18.54 17.74 17.74 17.01 16.86 16.64 15.91 13.65 9.71 9.78 9.27 8.40 8.91 10.22 11.02 12.26 13.51 13.58 14.60 14.60 12.41 9.34 9.34 7.88 7.30 12.70 8.47 8.10 7.23 7.59 7.30 8.25 8.40 7.74 7.74 8.91 10.51 11.97 9.56 8.91 7.81 7.01 6.72 5.62 8.47 8.40 9.13 9.13 14.82 16.50 16.35 14.45 13.80 12.26 11.02
21.17 21.17 21.90 23.36 24.67 24.31 22.92 21.10 20.51 20.22 20.37 19.42 18.61 17.59 15.70 13.94 14.45 20.73 22.34 21.10 20.81 19.71 20.15 22.12 24.16 23.36 23.36 21.68 20.08 18.54 17.74 17.74 17.01 16.86 16.64 15.91 13.65 9.71 9.78 9.27 8.40 8.91 10.22 11.02 12.26 13.51 13.58 14.60 14.60 12.41 9.34 9.34 7.88 7.30 12.70 8.47 8.10 7.23 7.59 7.30 8.25 8.40 7.74 7.74 8.91 10.51 11.97 9.56 8.91 7.81 7.01 6.72 5.62 8.47 8.40 9.13 9.13 14.82 16.50 16.35 14.45 13.80 12.26 11.02
21.17 21.17 23.21 24.82 25.77 24.38 22.56 21.39 19.78 18.40 16.35 15.11 15.04 14.67 13.14 12.12 18.25 20.15 20.88 18.32 18.83 19.64 18.76 18.76 19.27 20.00 20.00 18.98 17.16 15.77 15.99 15.91 14.53 13.07 13.72 11.53 9.86 9.27 9.78 8.83 6.79 7.08 10.66 14.24 14.67 13.51 12.56 11.24 9.71 6.79 3.07 3.07 0.00 0.00 6.79 4.60 6.72 5.62 3.72 3.07 0.00 0.00 0.00 0.00 2.77 5.33 6.50 5.69 4.67 4.02 3.29 3.94 3.36 4.82 7.15 7.52 7.52 8.40 7.96 7.52 10.59 11.24 9.78 10.88
26.13 26.13 27.67 25.33 23.43 20.15 17.81 16.72 15.99 13.80 12.56 12.34 12.70 14.09 15.55 15.91 17.16 18.54 16.43 15.33 14.97 14.38 13.72 13.87 14.24 15.48 15.48 15.33 15.70 15.11 16.06 16.57 14.67 14.02 13.07 11.97 11.97 13.36 13.21 13.72 13.36 10.73 11.39 14.75 14.45 10.88 7.81 8.10 9.13 8.54 5.11 5.11 0.00 0.00 0.00 0.00 0.00 0.00 0.00 0.00 0.00 0.00 0.00 0.00 0.00 0.00 0.00 0.00 0.00 1.17 3.29 5.26 4.67 5.77 5.62 3.58 3.58 5.84 8.47 10.00 9.78 10.59 11.53 12.26
22.05 22.05 22.85 20.37 17.52 15.04 14.45 14.45 12.70 10.73 10.29 9.27 8.91 10.51 13.58 13.65 15.26 18.61 18.54 16.21 15.33 14.16 13.65 13.14 13.51 13.87 13.87 13.36 14.82 14.67 14.45 15.33 15.70 15.91 15.33 14.82 13.14 14.97 16.06 15.77 14.45 12.26 12.48 12.41 10.95 8.98 7.45 4.23 3.87 3.65 0.00 0.00 3.58 0.00 0.00 0.00 2.26 2.34 0.00 0.00 0.00 0.00 0.00 0.00 0.00 0.00 0.00 0.00 0.00 0.00 3.50 3.36 4.02 3.72 0.00 5.62 5.62 8.76 13.80 14.31 11.32 11.61 13.51 12.41
22.05 22.05 22.85 20.37 17.52 15.04 14.45 14.45 12.70 10.73 10.29 9.27 8.91 10.51 13.58 13.65 15.26 18.61 18.54 16.21 15.33 14.16 13.65 13.14 13.51 13.87 13.87 13.36 14.82 14.67 14.45 15.33 15.70 15.91 15.33 14.82 13.14 14.97 16.06 15.77 14.45 12.26 12.48 12.41 10.95 8.98 7.45 4.23 3.87 3.65 0.00 0.00 3.58 0.00 0.00 0.00 2.26 2.34 0.00 0.00 0.00 0.00 0.00 0.00 0.00 0.00 0.00 0.00 0.00 0.00 3.50 3.36 4.02 3.72 0.00 5.62 5.62 8.76 13.80 14.31 11.32 11.61 13.51 12.41
21.68 21.68 20.81 18.61 16.64 14.31 13.43 13.36 13.07 11.61 11.17 9.56 9.34 10.22 15.62 15.48 17.74 20.73 20.73 19.20 17.37 16.28 14.75 13.21 12.12 10.73 10.73 11.68 13.87 14.82 15.11 15.91 15.33 12.78 12.41 13.87 15.48 16.43 16.43 16.13 14.82 13.72 13.43 12.85 12.63 8.83 5.91 4.31 4.45 0.00 0.00 0.00 0.00 0.00 0.00 1.10 2.12 1.90 1.24 0.00 0.80 0.58 1.83 0.00 0.00 0.00 0.00 0.00 0.00 0.00 1.90 6.20 6.72 6.57 5.77 8.76 8.76 9.27 12.41 15.18 16.57 13.65 8.54 4.60
18.47 18.47 17.01 16.35 14.89 14.67 13.29 13.72 12.78 11.39 11.24 11.61 10.80 19.86 18.69 20.51 21.24 20.88 19.86 18.10 17.23 16.13 17.30 15.91 12.92 11.10 11.10 12.41 15.77 16.35 17.01 15.18 12.48 10.15 9.05 9.49 10.00 10.44 11.02 11.53 11.90 12.19 12.48 12.92 12.26 9.05 5.55 2.48 0.00 0.00 0.00 0.00 0.00 0.00 0.00 0.00 0.95 2.99 4.31 3.50 3.07 3.36 3.80 3.43 0.00 0.00 0.00 0.00 0.00 1.17 3.58 5.62 8.98 11.02 10.15 11.32 11.32 10.07 8.40 8.32 8.54 9.93 7.15 5.62
14.60 14.60 14.31 15.04 15.33 14.24 12.48 11.90 12.63 13.87 15.04 14.38 18.18 18.25 19.42 20.66 18.76 18.25 17.45 16.64 16.79 17.59 17.89 16.72 13.43 11.90 11.90 13.80 15.11 15.40 14.67 12.63 10.80 10.15 8.69 8.69 8.32 9.64 11.10 12.34 12.48 12.63 12.19 11.02 9.13 6.64 3.50 1.39 0.00 0.00 0.00 0.00 0.00 0.00 0.00 0.00 0.00 0.73 2.26 2.41 2.99 2.70 3.21 2.70 0.00 0.00 0.00 0.00 0.00 0.00 5.04 5.55 7.81 10.73 10.44 8.98 8.98 5.48 4.82 6.13 6.94 7.01 7.81 8.83
14.67 14.67 13.87 13.36 14.67 13.65 13.36 14.16 14.82 14.31 15.04 16.06 15.18 14.38 14.09 13.94 12.85 11.68 12.12 12.92 13.14 12.05 14.02 13.29 10.59 8.40 8.40 7.96 8.25 9.93 10.07 9.49 9.05 9.93 10.37 11.90 13.14 13.43 12.05 11.75 10.88 8.91 7.37 5.40 5.04 4.96 5.99 5.33 1.39 4.74 5.84 5.84 7.08 5.84 0.00 0.00 0.00 0.00 1.24 2.26 3.07 3.65 4.23 3.80 2.41 3.94 2.48 1.61 2.04 2.19 0.00 3.72 5.99 10.22 8.47 8.61 8.61 8.91 9.86 9.20 8.10 9.20 7.45 5.62
14.67 14.67 13.87 13.36 14.67 13.65 13.36 14.16 14.82 14.31 15.04 16.06 15.18 14.38 14.09 13.94 12.85 11.68 12.12 12.92 13.14 12.05 14.02 13.29 10.59 8.40 8.40 7.96 8.25 9.93 10.07 9.49 9.05 9.93 10.37 11.90 13.14 13.43 12.05 11.75 10.88 8.91 7.37 5.40 5.04 4.96 5.99 5.33 1.39 4.74 5.84 5.84 7.08 5.84 0.00 0.00 0.00 0.00 1.24 2.26 3.07 3.65 4.23 3.80 2.41 3.94 2.48 1.61 2.04 2.19 0.00 3.72 5.99 10.22 8.47 8.61 8.61 8.91 9.86 9.20 8.10 9.20 7.45 5.62
12.41 12.41 13.72 13.07 12.56 14.75 14.67 14.16 15.18 15.77 18.40 18.61 18.98 17.23 14.38 12.34 10.59 7.96 4.82 4.82 4.60 4.60 6.72 8.03 7.81 5.77 5.77 4.60 0.00 2.99 3.87 5.62 7.45 11.53 14.67 15.91 13.43 11.83 11.17 9.86 9.42 7.74 5.26 3.72 3.80 4.38 5.40 5.40 4.53 6.28 8.18 8.18 8.47 5.84 0.00 0.00 0.00 0.80 1.53 2.04 2.77 2.48 3.58 3.72 4.09 4.23 3.94 3.07 1.90 5.11 0.00 0.00 0.00 4.74 5.69 6.13 6.13 7.37 6.06 5.69 5.48 8.47 9.64 7.08
13.80 13.80 14.38 15.04 15.40 16.79 17.01 17.01 17.37 16.94 18.91 17.30 15.70 15.40 12.48 8.47 5.55 4.16 3.36 3.50 3.72 2.70 2.99 4.23 4.16 4.09 4.09 3.87 0.00 4.09 3.80 2.48 0.00 3.43 7.45 6.72 4.16 3.58 0.00 5.18 4.31 0.00 1.17 0.00 3.80 3.58 5.18 1.46 1.53 2.48 4.16 4.16 5.11 4.09 0.00 0.00 0.44 0.00 0.37 1.10 0.95 1.31 2.41 2.26 2.34 3.21 2.70 1.68 2.19 6.06 4.67 3.07 0.00 0.00 0.00 0.00 0.00 0.00 0.00 0.95 3.29 5.69 6.86 8.03
14.31 14.31 17.59 21.24 21.17 21.24 19.93 18.83 18.91 17.16 14.60 11.10 8.10 9.13 9.71 5.26 2.04 2.04 3.80 5.62 3.43 3.07 3.43 4.38 3.87 0.00 0.00 2.70 0.00 2.56 2.77 0.00 0.00 0.00 0.00 0.00 0.00 0.00 0.00 0.00 0.00 0.00 0.00 5.11 5.04 0.00 0.00 0.00 0.00 0.00 3.80 3.80 1.46 0.00 0.00 0.00 1.97 2.48 3.14 4.16 2.12 0.00 2.04 2.63 1.90 1.61 1.83 1.97 2.19 0.00 4.38 0.00 0.00 0.00 1.90 1.53 1.53 4.53 8.03 6.50 3.36 3.29 2.04 1.31
17.96 17.96 21.39 21.32 21.53 20.37 18.54 16.86 9.42 4.96 5.26 3.58 0.00 0.00 0.00 0.00 0.00 0.00 0.00 2.12 0.00 0.00 0.00 0.00 0.00 0.00 0.00 0.00 3.80 0.00 0.00 0.00 0.00 0.00 0.00 0.00 0.00 0.00 2.12 0.00 0.00 0.00 0.00 0.00 0.00 0.00 0.00 0.00 2.26 0.00 0.00 0.00 0.00 0.00 0.00 0.00 0.00 0.00 0.80 0.00 0.00 1.53 1.31 1.53 0.95 1.83 1.39 2.41 4.82 4.60 0.00 0.00 0.00 0.00 0.00 2.48 2.48 3.36 4.96 5.99 9.42 6.86 3.94 3.14
15.62 15.62 14.67 14.75 14.09 10.29 8.25 11.02 3.65 0.00 0.00 0.00 0.00 0.00 0.00 0.00 0.00 0.00 0.22 0.00 0.00 0.00 0.00 0.00 0.00 0.00 0.00 0.00 0.00 7.81 6.42 5.84 5.33 3.80 3.50 0.00 0.00 3.58 0.00 0.00 0.00 0.00 0.00 0.00 0.00 0.00 0.00 0.00 0.07 0.66 0.00 0.00 0.00 0.00 0.00 0.00 2.26 1.24 0.00 0.00 0.00 1.39 2.77 2.12 1.61 2.26 3.14 4.31 3.58 4.45 0.00 4.89 3.50 3.43 2.34 2.63 2.63 3.87 6.13 6.42 8.40 6.06 4.16 6.28
15.62 15.62 14.67 14.75 14.09 10.29 8.25 11.02 3.65 0.00 0.00 0.00 0.00 0.00 0.00 0.00 0.00 0.00 0.22 0.00 0.00 0.00 0.00 0.00 0.00 0.00 0.00 0.00 0.00 7.81 6.42 5.84 5.33 3.80 3.50 0.00 0.00 3.58 0.00 0.00 0.00 0.00 0.00 0.00 0.00 0.00 0.00 0.00 0.07 0.66 0.00 0.00 0.00 0.00 0.00 0.00 2.26 1.24 0.00 0.00 0.00 1.39 2.77 2.12 1.61 2.26 3.14 4.31 3.58 4.45 0.00 4.89 3.50 3.43 2.34 2.63 2.63 3.87 6.13 6.42 8.40 6.06 4.16 6.28
9.05 9.05 5.99 5.84 5.33 4.60 4.53 0.00 0.00 0.00 0.00 0.00 0.00 0.00 0.00 0.00 0.00 0.00 0.00 0.00 0.00 0.00 0.00 0.00 0.00 0.00 0.00 0.00 0.00 0.00 9.86 8.76 6.86 4.82 0.00 0.00 0.00 0.00 0.00 0.00 0.00 0.00 0.00 0.00 0.00 0.00 0.00 0.00 0.00 0.37 1.39 1.39 1.39 2.19 3.58 4.45 3.72 3.07 2.70 1.75 0.80 0.88 1.61 1.53 2.34 2.48 2.34 3.21 3.14 4.74 0.00 3.58 3.43 3.87 4.96 4.31 4.31 6.50 8.40 9.13 7.66 5.99 6.50 6.86
4.82 4.82 0.00 0.00 0.00 0.00 0.00 0.00 0.00 0.00 0.00 0.00 0.00 0.00 0.00 0.00 0.00 0.00 0.00 0.00 0.00 0.00 0.00 0.00 0.00 0.00 0.00 0.00 0.00 7.30 7.81 6.35 5.62 0.00 0.00 0.00 0.00 0.00 0.00 0.00 0.00 0.00 0.00 0.00 0.00 0.00 0.00 0.00 0.00 3.14 5.11 5.11 4.45 3.80 3.43 4.16 5.26 6.50 6.94 5.40 5.18 3.87 3.72 4.96 4.96 5.55 5.69 5.69 5.99 6.35 6.42 4.96 4.89 5.77 8.32 7.23 7.23 5.84 7.23 8.91 8.03 6.64 6.28 6.50
0.00 0.00 0.00 0.00 0.00 0.00 0.00 0.00 0.00 0.00 0.00 0.00 0.00 0.00 0.00 0.00 0.00 0.00 0.00 0.00 0.00 0.00 0.00 0.00 0.00 0.00 0.00 0.00 0.00 5.40 5.04 0.00 0.00 0.00 0.00 0.00 0.00 0.00 0.00 0.00 0.00 0.00 0.00 0.00 0.00 0.00 0.00 0.00 0.00 0.00 0.73 0.73 4.89 6.86 6.86 7.52 7.30 7.08 8.03 7.30 6.64 6.28 6.20 6.28 5.77 5.26 8.40 6.79 6.86 6.50 4.60 5.84 5.91 6.94 10.29 10.37 10.37 7.88 5.11 4.96 5.48 6.57 8.18 8.40
0.00 0.00 0.00 0.00 0.00 0.00 0.00 0.00 0.00 0.00 0.00 0.00 0.00 0.00 0.00 0.00 0.00 0.00 0.00 0.00 0.00 0.00 0.00 0.00 0.00 0.00 0.00 0.00 0.00 0.00 0.00 0.00 0.00 0.00 0.00 0.00 0.00 0.00 0.00 0.00 0.00 0.00 0.00 0.00 0.00 0.00 0.00 0.00 0.00 0.00 0.66 0.66 2.19 4.60 6.13 6.94 7.37 6.94 7.96 9.34 5.69 4.82 5.69 6.35 6.86 7.01 7.08 7.23 6.79 6.72 5.55 5.18 5.84 7.88 10.44 11.10 11.10 10.59 8.83 6.42 7.88 6.64 9.42 10.95
0.00 0.00 0.00 0.00 0.00 0.00 0.00 0.00 0.00 0.00 0.00 0.00 0.00 0.00 0.00 0.00 0.00 0.00 0.00 0.00 0.00 0.00 0.00 0.00 0.00 0.00 0.00 0.00 0.00 0.00 0.00 0.00 0.00 0.00 0.00 0.00 0.00 0.00 0.00 0.00 0.00 0.00 0.00 0.00 0.00 0.00 0.00 0.00 1.90 2.26 2.70 2.70 2.26 3.50 4.96 6.28 6.79 7.74 6.79 5.33 5.69 5.69 5.69 7.01 8.83 9.27 5.69 6.57 6.50 5.62 5.99 4.89 4.67 6.50 9.05 10.00 10.00 9.20 8.54 8.47 7.08 6.79 8.40 9.93
0.00 0.00 0.00 0.00 0.00 0.00 0.00 0.00 0.00 0.00 0.00 0.00 0.00 0.00 0.00 0.00 0.00 0.00 0.00 0.00 0.00 0.00 0.00 0.00 0.00 0.00 0.00 0.00 0.00 0.00 0.00 0.00 0.00 0.00 0.00 0.00 0.00 0.00 0.00 0.00 0.00 0.00 0.00 0.00 0.00 0.00 0.00 0.00 1.90 2.26 2.70 2.70 2.26 3.50 4.96 6.28 6.79 7.74 6.79 5.33 5.69 5.69 5.69 7.01 8.83 9.27 5.69 6.57 6.50 5.62 5.99 4.89 4.67 6.50 9.05 10.00 10.00 9.20 8.54 8.47 7.08 6.79 8.40 9.93
0.00 0.00 0.00 0.00 0.00 0.00 0.00 0.00 0.00 0.00 0.00 0.00 0.00 0.00 0.00 0.00 0.00 0.00 0.00 0.00 0.00 0.00 0.00 0.00 0.00 0.00 0.00 0.00 0.00 0.00 0.00 0.00 0.00 0.00 0.00 0.00 0.00 0.00 0.00 0.00 0.00 0.00 0.00 0.00 0.00 0.00 0.00 0.00 4.74 6.57 5.55 5.55 5.33 5.69 5.26 5.26 4.82 6.57 7.74 5.77 7.15 6.06 4.96 5.77 6.28 0.00 4.53 3.94 4.02 5.77 4.89 4.67 2.99 0.00 0.00 3.50 3.50 3.14 4.89 5.11 4.67 5.55 8.32 9.64
0.00 0.00 0.00 0.00 0.00 0.00 0.00 0.00 0.00 0.00 0.00 0.00 0.00 0.00 0.00 0.00 0.00 0.00 0.00 0.00 0.00 0.00 0.00 0.00 0.00 0.00 0.00 0.00 0.00 0.00 0.00 0.00 0.00 0.00 0.00 0.00 0.00 0.00 0.00 0.00 0.00 0.00 0.00 0.00 0.00 0.00 0.00 0.00 0.00 4.53 3.94 3.94 0.00 5.26 4.96 4.23 3.87 5.33 6.35 6.57 6.13 4.67 0.00 3.07 2.92 0.00 2.34 1.17 1.17 0.00 2.34 0.00 0.00 0.00 0.00 0.00 0.00 2.04 0.00 0.00 0.00 5.55 7.45 8.91
0.00 0.00 0.00 0.00 0.00 0.00 0.00 0.00 0.00 0.00 0.00 0.00 0.00 0.00 0.00 0.00 0.00 0.00 0.00 0.00 0.00 0.00 0.00 0.00 3.21 0.00 0.00 0.00 0.00 0.00 0.00 0.00 0.00 0.00 0.00 0.00 0.00 0.00 0.00 0.00 0.00 0.00 0.00 0.00 0.00 0.00 0.00 0.00 0.00 2.19 4.53 4.53 4.67 2.99 2.63 0.00 0.00 0.00 2.92 3.29 1.83 0.44 0.00 0.00 0.00 0.00 0.95 0.00 1.68 0.00 0.00 0.00 0.00 0.00 0.00 0.00 0.00 0.00 2.48 2.99 2.19 2.92 5.62 8.10
0.00 0.00 0.00 0.00 0.00 0.00 0.00 0.00 0.00 0.00 0.00 0.00 0.00 0.00 0.00 0.00 0.00 0.00 0.00 0.00 0.00 0.00 0.00 4.74 0.00 0.00 0.00 0.00 0.00 0.00 0.00 0.00 0.00 0.00 0.00 0.00 0.00 0.00 0.00 0.00 0.00 0.00 0.00 0.00 0.00 0.00 0.00 0.00 0.00 0.00 2.48 2.48 2.41 1.31 1.02 1.39 0.22 0.00 0.00 0.00 0.00 0.00 0.00 0.00 0.00 0.00 0.00 0.00 0.00 0.00 0.00 0.00 0.00 0.00 1.90 0.00 0.00 0.00 0.00 1.83 1.97 1.97 3.87 9.64
0.00 0.00 0.00 0.00 0.00 0.00 0.00 0.00 0.00 0.00 0.00 0.00 0.00 0.00 0.00 0.00 0.00 0.00 0.00 0.00 0.00 0.00 0.00 5.99 2.34 0.00 0.00 0.00 0.00 0.00 0.00 0.00 0.00 0.00 0.00 0.00 0.00 0.00 0.00 0.00 0.00 0.00 0.00 0.00 0.00 0.00 0.00 0.00 0.00 0.00 0.00 0.00 0.22 0.00 0.51 1.83 0.22 0.00 0.00 0.00 0.00 0.00 0.00 0.00 0.00 0.00 0.00 0.00 0.00 0.00 0.00 0.00 0.00 0.00 0.00 0.00 0.00 0.00 1.10 1.61 1.53 0.88 0.00 0.00
0.00 0.00 0.00 0.00 0.00 0.00 0.00 0.00 0.00 0.00 0.00 0.00 0.00 0.00 0.00 0.00 0.00 0.00 0.00 0.00 0.00 0.00 0.00 3.94 3.43 0.00 0.00 0.00 0.00 0.00 0.00 0.00 0.00 0.00 0.00 0.00 0.00 0.00 0.00 0.00 0.00 0.00 0.00 0.00 0.00 0.00 0.00 0.00 0.00 0.00 1.61 1.61 1.39 0.44 0.00 0.00 0.00 0.00 0.00 0.00 0.00 0.00 0.00 0.00 0.00 0.00 0.00 0.00 0.00 0.00 0.00 0.00 0.00 0.00 0.00 0.00 0.00 1.17 1.61 1.53 2.19 1.46 0.58 0.00
0.00 0.00 0.00 0.00 0.00 0.00 0.00 0.00 0.00 0.00 0.00 0.00 0.00 0.00 0.00 0.00 0.00 0.00 0.00 0.00 0.00 0.00 0.00 3.94 3.43 0.00 0.00 0.00 0.00 0.00 0.00 0.00 0.00 0.00 0.00 0.00 0.00 0.00 0.00 0.00 0.00 0.00 0.00 0.00 0.00 0.00 0.00 0.00 0.00 0.00 1.61 1.61 1.39 0.44 0.00 0.00 0.00 0.00 0.00 0.00 0.00 0.00 0.00 0.00 0.00 0.00 0.00 0.00 0.00 0.00 0.00 0.00 0.00 0.00 0.00 0.00 0.00 1.17 1.61 1.53 2.19 1.46 0.58 0.00
0.00 0.00 0.00 0.00 0.00 0.00 0.00 0.00 0.00 0.00 0.00 0.00 0.00 0.00 0.00 0.00 0.00 0.00 0.00 0.00 0.00 0.00 0.00 5.04 3.07 0.00 0.00 0.00 3.14 2.92 0.00 0.00 0.00 5.40 6.50 4.60 3.50 0.00 0.00 0.00 0.00 0.00 0.00 0.00 0.00 0.00 0.00 0.00 0.00 0.00 0.73 0.73 1.24 0.00 0.00 0.00 0.00 0.00 0.00 0.00 0.00 0.00 0.00 0.00 0.00 0.00 0.00 0.00 0.00 0.00 0.00 0.00 0.00 0.00 0.00 0.00 0.00 1.83 1.61 0.95 0.73 1.24 0.95 1.02
