Wansh/Snow_depth/snowdepth-1990/winter/1979352.txt
ncols 321
nrows 161
xllcenter 60
yllcenter 15 
cellsize  0.25 
NODATA_value -1
[rows 0 to 36 of 161, columns 168 to 251 of 321]
4.23 3.72 4.67 4.67 5.48 5.84 5.18 5.33 4.38 4.38 5.55 6.28 5.91 5.99 7.37 6.50 6.20 8.40 10.29 10.59 9.93 8.40 8.47 5.99 3.29 1.17 0.00 0.00 0.00 0.00 0.00 0.00 0.07 9.13 11.46 11.46 11.02 11.46 13.87 14.45 10.07 8.18 9.49 7.59 8.40 8.83 9.78 10.59 8.61 6.86 7.01 7.96 8.83 7.15 5.62 5.55 5.77 5.69 6.13 7.01 7.01 7.88 7.81 9.34 11.32 12.05 11.24 10.22 9.86 10.15 9.34 9.13 9.42 9.56 8.25 7.37 7.66 6.42 4.53 6.06 7.30 6.50 7.01 6.86
7.37 6.28 4.53 3.29 3.07 3.87 4.02 4.09 5.04 5.04 6.28 8.40 8.25 7.37 7.30 6.79 6.35 7.74 9.86 10.80 11.17 10.00 7.74 4.67 0.88 0.00 0.00 0.00 0.00 0.00 0.00 0.00 5.62 9.71 8.32 8.32 8.32 9.86 11.68 13.07 8.25 7.52 10.59 10.22 9.78 8.69 6.79 6.50 6.28 5.40 5.55 5.11 6.86 7.30 7.01 7.66 7.08 7.23 7.96 7.74 7.74 8.18 8.61 9.20 9.49 9.20 9.64 9.20 8.47 7.96 8.10 8.18 6.50 5.33 4.89 5.40 5.84 6.13 4.89 5.11 5.69 5.62 5.11 4.45
11.90 8.54 6.42 6.42 5.04 3.80 3.43 4.82 6.50 6.50 8.32 8.25 7.52 7.15 6.20 6.35 7.01 7.37 8.69 9.78 10.44 8.47 4.89 0.00 0.00 0.00 0.00 0.00 0.00 0.00 0.00 0.00 3.21 5.77 6.06 6.06 8.32 12.05 16.21 16.06 13.58 12.85 12.63 11.53 9.71 8.54 7.96 6.79 8.32 7.74 6.72 6.72 7.59 8.76 8.61 7.88 6.35 6.06 6.06 7.52 7.52 7.81 7.96 7.74 6.57 6.50 5.77 5.26 6.72 7.37 6.64 6.13 4.96 5.04 5.99 4.89 5.18 7.45 6.50 5.69 5.77 5.55 5.62 5.26
11.90 8.54 6.42 6.42 5.04 3.80 3.43 4.82 6.50 6.50 8.32 8.25 7.52 7.15 6.20 6.35 7.01 7.37 8.69 9.78 10.44 8.47 4.89 0.00 0.00 0.00 0.00 0.00 0.00 0.00 0.00 0.00 3.21 5.77 6.06 6.06 8.32 12.05 16.21 16.06 13.58 12.85 12.63 11.53 9.71 8.54 7.96 6.79 8.32 7.74 6.72 6.72 7.59 8.76 8.61 7.88 6.35 6.06 6.06 7.52 7.52 7.81 7.96 7.74 6.57 6.50 5.77 5.26 6.72 7.37 6.64 6.13 4.96 5.04 5.99 4.89 5.18 7.45 6.50 5.69 5.77 5.55 5.62 5.26
14.67 12.78 9.71 10.07 8.47 6.42 5.91 6.35 6.64 6.64 7.23 6.64 7.08 8.83 10.15 11.17 12.12 14.82 12.99 11.46 10.00 5.33 0.00 0.00 0.00 0.00 0.00 0.00 0.00 0.00 0.00 0.00 3.07 3.43 5.69 5.69 10.15 13.87 13.94 14.02 14.97 10.73 10.88 10.07 8.98 8.76 9.71 10.80 10.00 9.20 7.74 5.99 6.35 7.45 7.52 7.81 7.30 7.66 7.52 7.66 7.66 7.74 8.47 7.30 6.42 5.48 5.62 6.20 6.94 6.86 6.79 6.57 6.06 5.69 5.84 4.02 4.38 5.99 4.60 5.11 6.13 5.77 6.50 5.84
16.57 16.35 13.14 11.24 8.91 7.30 6.06 6.06 6.35 6.35 9.49 11.46 11.10 10.80 11.02 13.87 14.60 13.36 11.10 6.94 1.53 0.00 0.00 0.00 0.00 0.00 0.00 0.00 0.00 0.00 0.00 2.77 3.65 4.82 8.47 8.47 10.59 10.44 10.07 10.66 9.78 10.29 12.34 10.73 11.24 12.48 11.90 11.53 11.02 10.51 9.27 8.54 7.81 7.96 7.88 8.40 8.10 8.18 8.25 9.20 9.20 10.51 8.98 8.69 7.81 4.89 4.60 5.48 5.62 5.62 5.33 6.06 6.06 4.60 5.84 5.62 4.96 4.67 4.89 5.11 5.33 5.91 5.77 6.28
19.27 20.15 17.67 15.04 13.65 10.44 9.20 10.66 9.20 9.20 8.98 10.44 12.85 12.34 11.46 11.32 11.17 9.27 3.94 0.00 0.00 0.00 0.00 0.00 0.00 0.00 0.00 0.00 0.00 0.00 3.14 4.23 6.64 9.05 11.90 11.90 10.95 11.61 8.69 9.78 9.93 9.27 8.61 10.15 11.17 12.41 12.41 12.99 12.19 12.05 11.46 10.80 10.07 10.66 10.07 9.93 9.27 7.66 6.94 7.15 7.15 8.25 7.81 6.94 6.50 6.20 6.06 5.69 5.69 6.64 6.50 5.77 5.62 3.87 4.02 3.80 4.67 5.62 5.77 6.77 6.65 7.51 5.32 6.60
19.27 20.15 17.67 15.04 13.65 10.44 9.20 10.66 9.20 9.20 8.98 10.44 12.85 12.34 11.46 11.32 11.17 9.27 3.94 0.00 0.00 0.00 0.00 0.00 0.00 0.00 0.00 0.00 0.00 0.00 3.14 4.23 6.64 9.05 11.90 11.90 10.95 11.61 8.69 9.78 9.93 9.27 8.61 10.15 11.17 12.41 12.41 12.99 12.19 12.05 11.46 10.80 10.07 10.66 10.07 9.93 9.27 7.66 6.94 7.15 7.15 8.25 7.81 6.94 6.50 6.20 6.06 5.69 5.69 6.64 6.50 5.77 5.62 3.87 4.02 4.39 6.44 8.09 7.90 11.50 10.98 9.99 6.84 6.84
18.03 20.59 21.10 16.64 14.53 12.63 12.63 13.87 12.78 12.78 11.46 12.05 12.56 12.63 10.66 7.66 3.80 0.00 0.00 0.00 0.00 0.00 0.00 0.00 0.00 0.00 0.00 0.00 0.00 3.87 7.01 8.69 8.91 11.61 14.16 14.16 14.89 13.43 7.30 7.74 9.56 10.51 10.29 10.66 12.26 12.85 14.53 15.26 15.40 15.84 15.70 14.16 12.63 12.56 12.05 10.51 9.27 8.91 8.54 8.40 8.40 9.42 9.05 9.05 8.10 7.30 7.15 6.50 6.20 6.50 6.06 7.15 6.79 4.74 7.25 9.58 8.50 11.39 7.16 8.24 9.20 8.06 7.01 7.17
12.99 14.75 15.55 14.60 13.21 11.90 10.95 11.02 11.68 11.68 11.97 12.34 9.93 9.05 4.45 2.70 0.00 0.00 0.00 0.00 0.00 0.00 0.00 0.00 0.00 0.00 0.00 0.58 3.80 5.91 8.03 8.25 10.15 10.37 10.66 10.66 12.48 7.52 10.07 9.93 12.19 15.40 15.70 14.24 14.89 15.26 15.99 14.97 14.75 13.94 13.36 12.26 10.73 10.80 10.07 10.66 11.17 11.97 12.34 11.97 11.97 10.22 9.42 9.64 9.20 8.32 7.66 6.20 5.18 6.28 6.94 6.42 4.89 4.90 10.35 10.38 8.78 10.19 11.55 11.19 9.63 8.92 11.06 10.63
6.50 8.10 9.27 11.75 12.99 12.70 11.90 12.63 12.26 12.26 10.66 6.64 3.58 0.58 0.00 0.00 0.00 0.00 0.00 0.00 0.00 0.00 0.00 0.00 0.00 1.02 3.07 5.84 7.23 6.57 6.50 6.42 6.94 8.40 9.13 9.13 7.23 9.86 9.86 11.24 13.07 15.33 15.99 16.28 17.23 15.70 11.83 10.80 11.75 13.43 12.63 11.83 11.97 12.56 12.56 15.62 19.49 18.69 17.67 14.82 14.82 11.90 9.93 9.93 8.91 9.05 7.08 5.91 5.84 5.91 5.84 5.99 3.29 2.00 6.25 8.27 7.48 10.75 11.36 10.37 10.19 10.17 9.16 9.63
6.50 8.10 9.27 11.75 12.99 12.70 11.90 12.63 12.26 12.26 10.66 6.64 3.58 0.58 0.00 0.00 0.00 0.00 0.00 0.00 0.00 0.00 0.00 0.00 0.00 1.02 3.07 5.84 7.23 6.57 6.50 6.42 6.94 8.40 9.13 9.13 7.23 9.86 9.86 11.24 13.07 15.33 15.99 16.28 17.23 15.70 11.83 10.80 11.75 13.43 12.63 11.83 11.97 12.56 12.56 15.62 19.49 18.69 17.67 14.82 14.82 11.90 9.93 9.93 8.91 9.05 7.08 5.91 5.84 5.91 5.84 5.99 3.21 1.97 6.06 7.68 6.67 9.95 12.11 10.76 10.19 9.94 10.07 10.30
10.29 9.64 8.40 7.74 7.37 6.35 6.64 4.31 3.29 3.29 0.00 0.00 0.00 0.00 0.00 0.00 0.00 0.00 0.00 0.00 0.00 0.00 2.26 3.94 5.04 4.74 6.20 6.79 6.28 6.50 5.40 4.74 5.33 7.59 7.15 7.15 10.44 10.95 10.29 12.92 14.75 14.24 16.06 15.33 14.82 13.72 10.73 10.59 12.41 12.41 12.63 11.97 12.19 15.48 18.18 19.42 20.15 20.29 19.93 16.43 16.43 12.70 10.44 8.18 7.15 6.50 6.13 5.69 6.13 5.77 5.48 4.45 3.87 3.50 4.64 8.61 10.23 9.52 10.02 9.81 9.02 11.27 11.68 12.98
12.48 13.14 11.39 8.98 7.66 6.28 5.62 0.00 0.00 0.00 0.00 0.00 0.00 0.00 0.00 0.00 0.00 0.00 0.00 1.46 2.85 3.94 4.31 4.16 3.94 4.09 5.11 6.35 7.66 6.57 5.04 5.69 6.64 6.94 6.42 6.42 8.47 9.71 11.53 12.78 13.51 14.31 13.87 12.48 12.48 11.68 13.14 13.29 13.36 13.29 14.38 13.94 14.60 15.84 16.28 16.35 15.99 14.16 12.05 13.36 13.36 14.53 14.31 12.26 10.07 9.78 8.91 7.30 7.01 6.20 5.55 4.82 6.79 6.02 8.89 10.49 9.08 8.91 8.20 9.58 10.82 11.59 12.10 13.19
14.02 14.82 13.21 11.53 8.47 5.33 1.90 0.00 0.00 0.00 0.00 0.00 0.00 0.00 0.00 0.00 0.00 0.00 2.34 4.16 4.53 4.82 4.31 4.53 4.82 5.84 5.91 7.01 9.27 9.13 8.47 8.61 8.76 7.74 7.45 7.45 8.32 9.64 10.44 11.24 10.59 9.86 9.71 9.42 9.86 10.80 11.90 12.92 12.63 11.97 12.63 13.29 14.24 15.99 17.89 16.43 15.40 13.43 12.12 13.51 13.51 13.65 13.43 11.10 11.90 11.61 10.51 9.86 9.64 9.78 7.45 9.49 8.95 10.57 10.71 9.95 10.52 12.44 12.00 11.98 11.07 10.81 12.25 13.41
16.72 16.72 15.70 14.24 14.31 12.05 8.10 3.80 0.37 0.37 0.00 0.80 0.00 0.00 0.00 1.68 2.12 2.85 2.41 3.07 3.87 4.60 5.99 6.86 5.69 6.64 7.01 8.76 8.10 8.83 9.13 7.96 7.52 6.28 6.57 6.57 7.23 7.52 7.66 7.74 7.45 7.01 7.74 9.20 9.42 9.20 10.66 11.17 10.88 10.66 11.97 13.36 14.53 13.94 14.53 16.72 17.89 15.99 13.80 14.16 14.16 16.35 16.43 14.89 15.55 14.09 12.12 12.41 14.75 13.80 14.24 13.47 12.46 12.17 13.49 11.70 13.12 13.39 14.03 13.41 12.99 15.25 13.33 11.89
16.72 16.72 15.70 14.24 14.31 12.05 8.10 3.80 0.37 0.37 0.00 0.80 0.00 0.00 0.00 1.68 2.12 2.85 2.41 3.07 3.87 4.60 5.99 6.86 5.69 6.64 7.01 8.76 8.10 8.83 9.13 7.96 7.52 6.28 6.57 6.57 7.23 7.52 7.66 7.74 7.45 7.01 7.74 9.20 9.42 9.20 10.66 11.17 10.88 10.66 11.97 13.36 14.53 13.94 14.53 16.72 17.89 15.99 13.80 14.16 14.16 16.35 16.43 14.89 15.55 14.09 12.12 12.41 14.75 13.80 14.24 16.54 11.68 13.22 12.12 14.48 13.31 14.81 14.31 12.09 12.56 13.11 14.49 13.50
15.77 17.08 16.50 15.18 15.77 15.26 14.16 12.05 10.59 10.59 10.00 11.10 9.71 8.25 7.30 6.35 4.74 3.58 3.21 3.87 5.40 5.91 6.35 7.15 8.25 8.83 8.91 8.32 8.47 8.61 9.93 6.86 7.37 7.23 6.86 6.86 7.59 7.88 6.50 6.64 6.50 8.03 8.69 7.96 7.66 7.30 8.18 8.54 9.13 9.71 11.24 11.90 12.85 13.43 12.78 14.89 18.54 18.61 18.61 20.08 20.08 21.90 21.68 19.05 16.50 15.70 15.62 15.33 20.29 19.27 17.40 17.16 17.45 16.25 15.94 19.06 18.22 14.89 14.88 16.43 14.21 15.80 14.71 11.04
12.48 15.91 17.23 16.72 16.28 15.62 13.58 11.75 11.39 11.39 10.29 11.83 13.21 12.85 12.34 10.59 8.25 6.64 6.06 6.42 8.03 8.10 7.52 7.88 6.50 8.25 8.10 8.03 8.10 8.91 10.07 6.72 6.86 8.54 7.01 7.01 6.57 6.06 6.13 6.28 7.01 7.01 6.57 6.28 7.52 4.89 5.18 6.79 8.10 9.49 11.32 11.10 12.92 13.21 12.41 13.58 15.33 16.86 18.18 18.10 18.10 18.40 19.71 19.71 18.76 19.93 19.56 18.61 18.61 20.62 23.82 24.11 22.99 22.29 21.16 19.90 18.14 17.29 17.76 20.74 16.18 16.67 15.18 15.11
11.17 13.43 15.84 16.79 16.13 14.82 13.43 11.32 11.90 11.90 11.75 12.41 14.02 15.70 18.83 17.08 14.16 11.75 10.88 9.93 10.07 9.27 8.69 7.37 7.88 8.98 8.83 7.96 8.10 7.81 7.81 8.18 6.42 6.72 6.94 6.94 6.86 6.28 6.79 7.37 8.32 9.78 8.76 7.96 7.15 6.42 6.06 6.42 7.23 8.18 9.42 10.59 10.95 11.10 9.93 12.99 15.84 14.82 15.18 17.52 17.52 19.05 20.37 19.42 19.05 18.91 19.20 20.29 17.89 21.90 24.67 26.43 28.11 27.67 26.06 23.38 22.03 24.77 26.23 21.22 21.29 17.93 19.74 23.00
6.50 6.42 8.91 11.24 12.85 12.99 12.26 11.32 10.95 10.95 12.41 13.87 16.57 18.69 18.25 16.94 15.18 13.14 12.34 12.63 13.51 14.02 12.26 10.95 8.61 7.81 7.59 7.52 7.74 6.50 8.54 9.78 8.10 7.01 7.01 7.01 6.86 5.69 4.96 5.77 5.77 5.62 4.60 5.04 3.72 4.67 4.45 4.67 6.28 8.47 9.49 8.98 8.76 7.45 8.98 10.73 12.19 12.41 14.31 15.77 15.77 15.77 15.40 17.16 16.21 14.97 15.70 18.10 21.24 21.97 22.92 24.45 26.79 26.43 27.25 25.17 27.39 25.03 28.41 25.77 25.76 20.48 22.76 19.40
3.50 4.67 5.77 7.45 9.64 11.61 12.70 12.99 13.58 13.58 14.53 16.35 17.45 18.03 17.67 15.18 14.60 14.97 16.13 16.06 14.09 12.78 9.71 7.30 8.18 9.20 8.69 7.15 7.81 9.05 9.93 9.93 7.74 7.23 9.27 9.27 7.01 4.38 1.90 2.77 2.63 2.92 3.29 2.63 2.77 4.53 5.62 4.53 5.04 6.35 7.15 7.52 8.25 8.83 10.15 11.39 10.44 10.37 12.78 15.04 15.04 13.72 12.03 13.51 14.24 15.04 14.60 15.18 18.47 18.98 17.52 20.29 21.61 22.85 23.42 22.76 28.80 25.03 26.69 22.11 17.63 19.60 23.03 23.74
3.50 4.67 5.77 7.45 9.64 11.61 12.70 12.99 13.58 13.58 14.53 16.35 17.45 18.03 17.67 15.18 14.60 14.97 16.13 16.06 14.09 12.78 9.71 7.30 8.18 9.20 8.69 7.15 7.81 9.05 9.93 9.93 7.74 7.23 9.27 9.27 7.01 4.38 1.90 2.77 2.63 2.92 3.29 2.63 2.77 4.53 5.62 4.53 5.04 6.35 7.15 7.52 8.25 8.83 10.15 11.39 10.44 10.37 12.78 15.04 15.04 13.72 12.03 13.51 14.24 15.04 14.60 15.18 18.47 18.98 17.52 20.29 21.61 22.85 22.48 22.89 22.37 22.02 22.36 25.73 21.56 20.02 18.04 21.90
3.65 2.85 3.94 4.96 7.01 9.13 10.95 12.99 12.34 12.34 11.90 13.72 14.45 14.75 13.51 11.68 13.14 15.91 15.84 13.65 11.97 9.86 7.88 7.74 9.64 9.93 9.42 9.93 7.37 9.42 9.42 8.76 7.01 6.50 4.53 4.53 2.48 1.83 2.04 3.14 3.50 2.99 1.53 1.90 2.92 3.58 4.16 4.09 4.53 6.42 8.10 8.91 10.37 9.34 11.24 12.26 11.02 9.86 9.93 9.64 9.64 7.52 5.48 6.86 11.17 14.16 12.70 12.34 13.14 14.16 15.55 17.81 20.44 21.68 21.90 21.57 23.67 28.34 25.47 24.90 24.78 20.37 21.56 23.83
2.48 2.12 2.70 5.33 5.33 7.96 12.26 14.97 14.97 14.97 13.29 11.97 11.53 11.39 10.51 8.91 8.47 9.27 10.73 10.80 10.95 9.86 9.20 8.61 9.20 9.34 8.69 11.02 11.53 9.42 7.45 7.37 6.86 6.72 4.82 4.82 4.31 3.43 2.63 2.63 4.45 4.89 2.99 2.99 3.58 3.50 2.70 3.58 2.63 3.36 4.31 5.62 6.42 6.79 8.03 9.42 6.72 6.72 6.35 1.31 1.31 0.00 0.00 1.75 4.60 12.05 8.25 10.15 11.75 14.31 14.89 15.55 20.44 21.61 23.51 23.58 23.01 24.69 27.04 26.05 29.56 20.69 22.61 24.83
1.61 1.61 1.68 3.21 5.18 7.52 10.59 12.41 13.07 13.07 12.12 10.29 9.93 8.25 9.13 9.42 8.61 8.69 8.54 10.07 9.05 8.18 10.15 9.34 8.69 8.32 7.96 9.86 10.15 8.91 7.23 7.96 7.81 7.52 8.18 8.18 7.96 6.94 6.20 6.94 8.32 8.32 4.16 3.58 3.72 3.87 0.00 0.00 0.00 0.00 0.73 2.41 2.92 3.21 3.58 3.29 2.85 2.99 2.77 0.00 0.00 0.00 0.00 3.87 4.89 5.99 6.86 7.52 8.98 9.56 9.71 12.48 16.53 18.14 18.68 20.66 21.16 19.95 21.95 24.71 21.64 19.86 16.69 16.77
2.99 2.04 2.41 2.63 1.90 5.91 9.71 11.75 12.26 12.26 11.10 9.49 8.03 6.28 6.86 7.01 7.23 8.47 9.13 8.91 9.27 9.64 8.61 8.10 7.01 6.42 7.01 6.94 5.99 6.20 3.43 5.55 6.42 6.57 8.69 8.69 8.61 9.78 9.93 11.17 9.34 7.30 5.77 5.33 5.62 5.18 2.85 0.00 1.53 0.00 0.00 0.73 1.68 2.19 2.34 1.31 1.83 2.34 3.07 2.48 2.48 2.48 4.23 4.67 8.83 8.03 6.06 4.82 7.88 8.69 8.69 11.24 15.43 17.36 19.09 18.60 17.58 18.44 17.17 17.13 16.06 13.64 14.38 12.71
3.72 2.19 1.39 1.17 2.04 4.53 7.15 8.25 6.72 6.72 6.20 7.08 6.50 5.33 5.69 5.18 6.06 6.57 7.88 7.59 10.07 8.10 8.47 7.74 7.74 6.28 5.69 4.60 4.89 4.31 5.69 6.42 7.45 7.88 7.37 7.37 7.45 9.27 10.29 9.56 7.96 6.86 5.62 3.72 0.00 0.00 1.24 1.53 1.75 1.10 1.02 0.44 0.29 0.00 3.80 3.72 3.21 4.09 2.70 0.00 0.00 4.60 7.96 5.26 7.37 7.66 6.28 5.69 7.37 9.93 13.93 15.46 16.92 16.10 17.69 15.54 12.47 12.41 14.60 12.58 11.62 10.21 8.80 6.15
3.72 2.19 1.39 1.17 2.04 4.53 7.15 8.25 6.72 6.72 6.20 7.08 6.50 5.33 5.69 5.18 6.06 6.57 7.88 7.59 10.07 8.10 8.47 7.74 7.74 6.28 5.69 4.60 4.89 4.31 5.69 6.42 7.45 7.88 7.37 7.37 7.45 9.27 10.29 9.56 7.96 6.86 5.62 3.72 0.00 0.00 1.24 1.53 1.75 1.10 1.02 0.44 0.29 0.00 3.80 3.72 3.21 4.09 2.70 0.00 0.00 4.60 7.96 5.26 7.37 7.66 6.28 5.69 7.37 9.93 14.00 15.30 15.30 17.94 18.87 18.13 14.47 12.01 15.25 12.22 12.29 12.11 8.03 5.22
2.48 1.39 0.00 0.00 0.00 0.00 4.23 4.31 3.87 3.87 4.31 5.62 5.99 5.11 4.89 4.38 4.23 4.82 0.00 5.48 6.20 6.28 8.03 7.96 4.74 5.99 7.01 6.42 7.88 6.13 7.96 9.20 8.18 7.96 8.69 8.69 6.86 4.38 5.40 5.33 4.60 3.94 4.09 4.82 3.58 1.68 2.41 2.92 2.85 0.00 0.00 0.88 0.00 0.00 0.88 2.12 2.92 4.53 5.84 5.26 5.28 5.43 5.58 0.00 5.33 7.59 6.28 7.66 10.34 14.45 16.44 15.93 17.14 17.36 16.62 14.35 10.54 10.05 11.56 8.16 5.08 4.36 2.37 0.70
2.99 0.00 0.00 0.00 2.26 2.77 0.00 1.68 2.56 2.56 4.31 3.50 5.26 5.77 5.48 4.23 5.62 5.84 4.60 4.89 5.55 5.33 5.99 6.79 6.50 7.59 7.59 6.64 6.57 7.01 7.37 7.88 7.96 7.59 7.37 7.37 6.86 5.77 5.77 5.55 4.23 0.00 2.63 3.87 4.53 5.04 5.48 5.40 4.74 3.07 1.90 1.68 0.51 0.66 0.00 0.80 4.23 6.42 8.18 6.94 6.94 5.99 5.99 5.99 5.48 5.77 6.86 10.07 12.99 16.57 17.16 15.65 16.15 18.39 13.23 8.88 9.65 6.82 5.94 5.62 4.02 2.76 1.67 1.73
7.74 4.31 3.14 0.00 0.00 2.92 0.00 3.94 0.00 0.00 0.00 0.00 2.04 4.82 5.77 6.64 6.13 6.42 5.99 6.20 6.57 5.62 5.48 7.59 5.99 7.74 6.57 6.20 7.52 5.91 7.59 7.23 7.66 0.00 6.13 6.13 5.48 5.77 6.28 5.99 5.18 4.45 4.02 5.11 4.23 6.42 5.48 6.42 5.04 3.87 4.89 4.60 4.02 3.14 0.00 0.00 4.02 6.28 5.55 3.80 3.80 3.87 4.53 4.60 7.74 9.64 8.91 0.00 11.68 14.24 14.67 14.91 15.90 15.55 11.70 8.36 6.74 5.24 4.63 6.18 3.10 1.78 0.38 0.31
8.76 6.86 4.53 0.00 3.80 3.80 0.00 5.91 5.26 5.26 0.00 0.00 0.00 0.00 5.84 6.35 6.57 9.27 7.81 6.72 7.30 5.33 3.94 7.81 5.99 6.28 6.64 7.96 8.54 7.15 7.23 6.28 6.50 5.77 5.11 5.11 4.31 4.02 3.50 3.29 0.00 3.58 4.96 5.99 5.55 5.77 5.84 5.99 5.91 6.28 7.52 6.42 3.65 0.00 0.00 0.00 0.00 5.33 5.04 3.87 3.87 0.00 4.38 6.13 7.81 8.76 8.91 8.47 0.00 10.07 12.19 14.82 12.76 9.63 3.82 3.28 2.68 1.97 1.89 1.98 1.33 0.67 0.90 0.44
6.64 5.84 3.94 4.23 5.18 3.50 0.00 0.00 0.00 0.00 0.00 0.00 0.00 2.34 0.00 0.00 4.23 4.67 6.57 6.57 6.42 6.20 5.77 5.48 5.77 5.84 6.35 7.15 6.79 5.91 4.67 4.09 3.94 4.02 3.87 3.87 2.99 2.92 2.92 0.00 0.00 1.68 3.87 3.94 4.53 7.08 7.37 7.15 6.57 6.28 6.79 6.42 3.72 0.00 0.00 0.00 0.00 6.20 6.86 7.01 7.01 6.20 3.80 6.28 6.79 7.01 6.94 7.15 7.74 8.10 9.78 10.66 8.27 2.78 0.71 0.61 0.00 0.00 0.00 0.00 0.00 0.59 1.53 0.07
3.29 3.29 2.70 3.72 4.67 4.67 3.50 0.00 0.00 0.00 0.00 0.73 1.10 0.00 0.00 0.00 1.83 0.00 3.65 3.94 4.89 5.26 4.31 5.18 4.23 4.53 4.16 4.82 5.18 4.09 0.00 0.00 0.00 1.83 3.80 3.80 3.50 2.70 3.94 5.04 4.09 4.53 5.26 5.11 5.18 6.57 8.10 7.96 6.86 5.55 4.96 4.67 3.43 1.90 0.00 0.00 0.00 5.84 7.23 4.74 4.74 1.97 2.41 2.77 2.85 3.50 4.16 5.04 7.23 8.25 8.10 7.19 3.95 2.09 0.81 1.01 1.22 0.00 0.00 0.00 0.00 0.00 0.52 1.42
3.29 3.29 2.70 3.72 4.67 4.67 3.50 0.00 0.00 0.00 0.00 0.73 1.10 0.00 0.00 0.00 1.83 0.00 3.65 3.94 4.89 5.26 4.31 5.18 4.23 4.53 4.16 4.82 5.18 4.09 0.00 0.00 0.00 1.83 3.80 3.80 3.50 2.70 3.94 5.04 4.09 4.53 5.26 5.11 5.18 6.57 8.10 7.96 6.86 5.55 4.96 4.67 3.43 1.90 0.00 0.00 0.00 5.84 7.23 4.74 4.74 1.97 2.41 2.77 2.85 3.50 4.16 5.04 7.23 8.25 8.10 7.15 3.89 2.05 0.81 1.06 1.09 0.00 0.00 0.00 0.00 0.00 0.52 1.39
3.72 3.58 3.07 0.00 2.92 0.00 0.00 0.00 0.00 0.00 0.00 0.00 1.90 2.26 0.00 0.00 0.00 2.34 3.50 3.65 3.80 3.36 0.00 0.00 4.31 4.02 2.48 0.00 0.00 2.19 2.48 1.90 2.12 3.07 3.94 3.94 4.89 4.67 4.45 4.96 5.04 5.62 4.31 5.40 6.72 7.52 9.64 8.83 7.96 2.99 0.00 0.00 0.00 0.00 0.00 0.00 0.00 0.00 0.00 0.00 0.00 0.00 1.53 1.68 2.41 2.92 3.14 3.80 4.60 4.45 4.09 1.97 0.51 0.22 0.15 0.00 0.00 0.00 0.00 0.00 0.00 0.00 0.00 0.37
