Wansh/Snow_depth/snowdepth-1990/winter/1979335.txt
ncols 321
nrows 161
xllcenter 60
yllcenter 15 
cellsize  0.25 
NODATA_value -1
[rows 0 to 37 of 161, columns 84 to 167 of 321]
0.00 0.00 0.00 0.00 0.00 0.00 0.00 1.53 1.97 0.00 0.00 0.00 0.00 0.00 0.00 0.00 0.00 0.00 0.00 8.69 8.18 7.81 6.42 0.00 0.00 0.00 1.17 2.04 2.12 2.12 2.70 5.77 9.13 11.83 14.02 13.43 11.97 10.66 11.10 11.68 9.71 7.08 0.00 0.00 0.00 0.00 0.00 0.00 0.00 0.00 0.00 0.00 0.00 0.00 0.00 0.00 0.00 0.00 0.00 0.00 0.00 0.00 0.00 0.00 0.00 0.00 0.00 0.00 0.00 0.00 0.00 0.00 0.00 0.00 0.00 0.00 0.00 0.00 0.00 0.00 0.00 0.00 0.00 0.00
0.00 0.00 0.00 0.00 0.00 0.00 0.00 0.00 0.00 0.00 0.00 0.00 0.00 0.00 0.00 0.00 0.00 0.00 0.00 8.10 8.32 9.27 8.25 4.82 0.00 0.00 0.51 1.97 3.65 4.23 2.92 2.99 5.91 7.74 6.28 7.88 8.47 8.47 8.98 8.61 0.00 0.00 0.00 0.00 0.51 0.00 0.00 0.00 0.00 0.00 0.00 0.00 0.00 0.00 0.00 0.00 0.00 0.00 0.00 0.00 0.00 0.00 0.00 0.00 0.00 0.00 0.00 0.00 0.00 0.00 0.00 0.00 0.00 0.00 0.00 0.00 0.00 0.00 0.00 0.00 0.00 0.00 0.00 0.00
0.00 0.00 0.00 0.00 0.00 0.00 0.00 0.00 0.00 0.00 0.00 0.00 0.00 0.00 0.00 0.00 0.00 0.00 0.00 4.60 6.42 7.88 8.10 8.76 5.33 1.46 0.00 1.46 3.14 4.02 4.31 3.29 1.61 3.07 3.50 4.16 5.91 6.50 7.01 8.25 8.69 7.37 6.57 6.57 0.00 0.00 0.00 0.00 0.00 0.00 0.00 0.00 0.00 0.00 0.00 0.00 0.00 0.00 0.00 4.74 3.80 3.94 5.11 5.26 3.72 3.21 2.56 0.88 0.88 0.00 0.00 0.00 0.00 0.00 0.00 0.00 0.00 0.00 0.00 0.00 0.00 0.00 0.00 0.00
0.00 0.00 0.00 0.00 0.00 0.00 0.00 0.00 0.00 0.00 0.00 0.00 0.00 0.00 0.00 0.00 0.00 0.00 0.00 4.60 6.42 7.88 8.10 8.76 5.33 1.46 0.00 1.46 3.14 4.02 4.31 3.29 1.61 3.07 3.50 4.16 5.91 6.50 7.01 8.25 8.69 7.37 6.57 6.57 0.00 0.00 0.00 0.00 0.00 0.00 0.00 0.00 0.00 0.00 0.00 0.00 0.00 0.00 0.00 4.74 3.80 3.94 5.11 5.26 3.72 3.21 2.56 0.88 0.88 0.00 0.00 0.00 0.00 0.00 0.00 0.00 0.00 0.00 0.00 0.00 0.00 0.00 0.00 0.00
4.23 2.34 0.00 0.00 0.00 0.00 4.09 5.26 0.00 0.00 0.00 0.00 0.00 0.00 5.84 4.53 3.36 2.26 2.26 0.58 0.00 4.60 6.13 7.81 7.59 0.00 1.10 1.39 3.36 4.96 4.09 4.38 3.36 3.36 4.02 5.48 6.79 7.08 7.08 6.79 5.48 4.53 4.82 4.82 0.00 0.00 0.00 0.00 0.00 0.00 0.00 0.00 0.00 0.00 0.00 0.00 0.22 3.50 4.82 5.04 5.40 3.80 6.28 7.01 6.79 6.86 6.86 6.42 6.42 5.77 4.31 0.00 0.00 0.00 0.00 0.00 0.00 0.00 0.00 0.00 0.00 0.00 0.00 0.00
0.00 4.60 0.00 0.00 0.00 0.00 3.50 4.16 4.02 4.89 5.99 6.50 7.01 0.00 0.00 8.54 9.56 5.99 5.99 4.31 2.63 2.63 1.31 1.10 3.36 2.41 0.58 1.17 0.66 1.75 3.58 5.48 6.06 5.40 6.35 6.86 6.06 5.04 4.60 0.00 0.00 0.00 4.53 4.53 0.00 0.00 0.00 0.00 0.00 0.00 0.00 0.00 0.00 0.00 0.00 0.80 0.58 1.17 2.92 5.48 6.86 6.28 6.72 8.47 8.40 8.10 7.37 6.28 6.28 5.48 5.11 5.62 0.00 0.00 0.00 0.00 0.00 0.00 0.00 0.00 0.00 0.00 0.00 0.00
0.00 0.00 0.00 0.00 0.00 0.00 3.36 3.43 3.14 3.58 3.36 3.87 4.45 0.00 0.00 0.00 0.00 0.00 0.00 0.00 0.00 1.83 0.80 0.44 1.31 0.00 0.00 0.00 0.66 0.00 0.95 2.41 4.16 5.48 6.50 6.94 4.09 0.00 0.00 0.00 0.00 0.00 0.00 0.00 0.00 0.00 0.00 0.00 0.00 0.00 0.00 0.44 1.68 1.31 2.34 4.31 5.26 6.28 5.18 4.74 5.62 6.72 7.52 8.03 7.88 9.05 9.20 7.52 7.52 6.13 7.45 8.18 8.25 8.03 6.72 6.06 5.55 4.02 0.00 0.00 0.00 0.00 0.00 0.00
0.00 0.00 0.00 0.00 0.00 0.00 3.36 3.43 3.14 3.58 3.36 3.87 4.45 0.00 0.00 0.00 0.00 0.00 0.00 0.00 0.00 1.83 0.80 0.44 1.31 0.00 0.00 0.00 0.66 0.00 0.95 2.41 4.16 5.48 6.50 6.94 4.09 0.00 0.00 0.00 0.00 0.00 0.00 0.00 0.00 0.00 0.00 0.00 0.00 0.00 0.00 0.44 1.68 1.31 2.34 4.31 5.26 6.28 5.18 4.74 5.62 6.72 7.52 8.03 7.88 9.05 9.20 7.52 7.52 6.13 7.45 8.18 8.25 8.03 6.72 6.06 5.55 4.02 0.00 0.00 0.00 0.00 0.00 0.00
0.00 0.00 0.00 0.00 0.00 0.00 0.00 5.33 5.04 3.50 3.14 3.07 2.63 0.00 0.00 0.00 0.00 0.00 0.00 0.00 0.00 0.00 0.00 0.00 1.02 0.37 0.51 0.44 1.90 1.90 1.31 1.90 2.04 2.92 4.96 6.50 4.53 1.10 0.00 0.00 0.00 0.58 1.75 1.75 1.75 4.53 0.00 0.00 0.00 0.00 0.66 0.88 1.39 0.51 1.46 1.97 1.61 3.07 4.53 5.11 5.18 5.04 5.69 5.91 6.20 6.64 6.42 6.28 6.28 6.86 8.03 8.40 8.03 8.69 7.96 4.96 3.50 5.04 5.77 5.62 0.00 0.00 0.00 0.00
0.00 0.00 0.00 0.00 0.00 0.00 0.00 0.00 4.38 4.31 2.41 0.51 0.00 0.29 0.00 0.00 0.00 0.00 0.00 0.00 0.00 0.00 0.00 0.00 0.00 0.00 0.00 1.90 2.70 2.41 2.70 2.41 2.04 3.50 5.48 4.23 3.58 1.61 0.00 0.00 1.17 0.51 0.00 0.00 0.73 1.31 1.10 2.56 2.63 2.34 5.62 5.62 4.82 4.96 4.67 3.50 2.04 0.51 1.75 2.63 2.85 2.56 1.83 2.77 3.14 3.43 3.80 3.50 3.50 3.72 4.23 5.99 7.15 8.69 7.74 7.59 7.96 7.08 7.88 6.57 4.16 0.00 3.14 0.00
0.00 0.00 0.00 0.00 0.00 3.58 3.14 2.48 1.31 4.45 4.89 2.92 1.75 2.04 3.07 0.00 0.00 0.00 0.00 0.00 0.00 0.00 0.00 0.00 0.00 0.00 0.29 1.10 0.58 0.44 1.10 1.46 1.46 2.70 2.34 1.90 1.68 1.53 1.39 1.83 2.99 4.02 1.17 1.17 5.04 4.53 2.77 3.50 5.99 5.55 4.82 5.33 5.69 4.89 3.50 4.96 6.42 6.50 4.74 3.94 4.67 4.23 3.29 2.92 3.43 4.45 6.72 7.74 7.74 7.88 8.03 8.76 8.76 8.25 7.88 7.01 8.03 8.61 7.66 5.40 2.99 2.70 3.58 2.99
0.00 0.00 0.00 0.00 0.00 3.58 3.14 2.48 1.31 4.45 4.89 2.92 1.75 2.04 3.07 0.00 0.00 0.00 0.00 0.00 0.00 0.00 0.00 0.00 0.00 0.00 0.29 1.10 0.58 0.44 1.10 1.46 1.46 2.70 2.34 1.90 1.68 1.53 1.39 1.83 2.99 4.02 1.17 1.17 5.04 4.53 2.77 3.50 5.99 5.55 4.82 5.33 5.69 4.89 3.50 4.96 6.42 6.50 4.74 3.94 4.67 4.23 3.29 2.92 3.43 4.45 6.72 7.74 7.74 7.88 8.03 8.76 8.76 8.25 7.88 7.01 8.03 8.61 7.66 5.40 2.99 2.70 3.58 2.99
0.00 0.00 0.00 0.00 3.29 0.00 0.00 5.48 4.09 4.23 5.26 5.69 5.26 0.00 0.00 0.00 0.00 0.00 0.00 0.00 0.00 0.00 0.00 0.73 0.00 0.00 0.00 0.00 0.00 1.31 1.02 0.58 1.31 1.31 0.88 2.34 5.04 4.89 1.02 3.80 4.74 6.13 5.91 5.91 4.45 4.38 2.56 2.77 3.94 4.38 3.87 3.43 3.36 3.72 4.23 6.06 9.34 12.70 11.53 8.03 6.13 4.89 4.16 3.58 3.36 3.43 4.96 6.13 6.13 6.35 6.13 6.94 7.52 7.66 9.20 9.93 10.44 9.27 8.83 7.66 7.01 7.66 7.15 6.42
0.00 0.00 0.00 0.00 0.00 0.00 0.00 0.00 0.00 0.00 0.00 0.00 0.00 0.00 0.00 0.00 0.00 0.00 0.00 0.00 0.00 0.00 0.00 1.83 0.15 0.00 1.46 3.50 4.82 6.79 8.25 8.25 8.98 7.30 5.33 7.74 9.86 8.47 6.64 5.33 4.96 4.82 3.72 3.72 3.87 3.14 4.82 5.69 5.18 5.26 5.26 4.60 3.80 3.65 5.40 5.84 6.28 6.72 7.52 7.52 7.52 6.57 6.13 5.77 4.53 4.23 5.91 6.57 6.57 8.18 8.83 7.74 7.96 7.88 8.25 8.69 6.06 3.72 2.48 8.69 6.42 3.50 3.65 5.26
0.00 0.00 0.00 0.00 0.00 0.00 0.00 0.00 0.00 0.00 0.00 0.00 0.00 0.00 0.00 0.00 0.00 0.00 0.00 0.00 0.00 0.00 0.00 0.00 0.00 0.58 3.87 7.45 6.86 7.81 11.68 14.67 14.31 11.83 8.18 6.13 7.15 7.66 6.20 7.52 6.20 7.88 7.23 7.23 6.57 6.42 5.99 6.13 5.48 5.33 6.13 6.79 7.45 7.74 7.30 7.66 7.37 0.00 3.29 2.92 4.16 5.11 5.11 5.91 7.15 6.57 6.13 5.84 5.84 5.11 7.59 8.25 8.40 7.23 5.77 3.36 0.00 0.00 0.00 0.00 2.04 4.67 5.62 5.48
0.00 0.00 0.00 0.00 0.00 0.00 0.00 0.00 0.00 0.00 0.00 0.00 0.00 0.00 0.00 0.00 0.00 0.00 0.00 0.00 0.00 0.00 9.05 10.59 10.07 7.52 2.92 3.36 7.52 10.51 12.19 12.63 10.51 8.10 5.91 6.06 7.15 10.59 10.37 9.93 7.96 6.42 6.35 6.35 5.48 4.09 4.09 2.99 3.07 3.94 4.31 4.16 4.74 5.84 0.00 0.00 5.91 4.53 2.85 1.90 2.12 2.19 2.56 3.65 4.23 5.48 5.77 5.69 5.69 7.59 7.59 7.96 8.03 6.64 6.13 3.14 0.00 0.00 13.51 0.00 0.00 4.96 6.79 9.05
0.00 0.00 0.00 0.00 0.00 0.00 0.00 0.00 0.00 0.00 0.00 0.00 0.00 0.00 0.00 0.00 0.00 0.00 0.00 0.00 0.00 0.00 9.05 10.59 10.07 7.52 2.92 3.36 7.52 10.51 12.19 12.63 10.51 8.10 5.91 6.06 7.15 10.59 10.37 9.93 7.96 6.42 6.35 6.35 5.48 4.09 4.09 2.99 3.07 3.94 4.31 4.16 4.74 5.84 0.00 0.00 5.91 4.53 2.85 1.90 2.12 2.19 2.56 3.65 4.23 5.48 5.77 5.69 5.69 7.59 7.59 7.96 8.03 6.64 6.13 3.14 0.00 0.00 13.51 0.00 0.00 4.96 6.79 9.05
0.00 0.00 0.00 0.00 0.00 0.00 0.00 0.00 0.00 0.00 6.57 7.08 7.74 6.57 3.43 0.00 4.53 5.55 5.55 5.77 4.96 3.36 4.38 5.55 8.40 8.03 6.72 5.55 6.42 6.50 8.76 10.00 10.73 8.18 5.62 0.00 3.80 5.40 7.59 5.04 4.02 3.65 4.38 4.38 4.16 4.38 0.00 0.00 0.00 3.65 4.60 4.60 5.55 5.91 6.13 5.62 4.09 1.90 1.24 2.04 4.38 5.04 3.94 2.77 3.14 4.89 4.53 5.55 5.55 7.37 7.96 8.18 6.79 8.98 7.01 4.60 0.00 0.00 0.00 0.00 0.00 4.23 6.86 6.57
0.00 0.00 0.00 0.00 0.00 9.71 5.40 2.85 0.44 2.12 3.87 5.69 8.91 9.20 7.59 5.62 4.89 5.48 5.48 7.08 6.64 4.82 4.09 3.87 5.18 6.86 6.79 7.45 6.42 5.18 5.84 7.74 11.10 11.02 7.96 4.82 1.24 3.21 2.85 2.41 3.36 4.16 4.38 4.38 0.00 0.00 0.00 0.00 0.00 0.00 3.65 6.28 7.96 9.27 8.98 7.96 4.89 3.58 3.50 4.82 7.96 11.32 8.83 5.55 4.60 4.67 6.28 10.37 10.37 11.32 10.73 9.27 6.50 6.06 5.40 2.48 0.73 0.00 0.00 0.00 2.99 2.77 4.38 4.96
0.00 0.00 0.00 0.00 0.00 13.43 0.00 0.00 2.12 4.45 7.88 9.78 10.51 10.51 11.17 8.69 6.79 5.99 5.99 6.06 5.84 4.82 3.58 2.70 4.38 6.28 7.45 8.25 6.64 4.67 5.55 5.91 7.01 9.64 10.22 7.45 0.00 0.00 3.58 9.78 0.00 0.00 0.00 0.00 0.00 0.00 0.00 0.00 0.00 0.00 3.21 6.64 6.42 7.30 7.74 7.08 5.84 4.31 4.38 5.69 9.13 11.39 10.15 7.66 5.48 5.48 7.45 8.83 8.83 7.01 4.16 3.58 3.43 2.92 2.77 2.19 0.00 0.00 0.44 1.31 3.29 3.50 2.85 3.21
0.00 0.00 0.00 0.00 0.00 0.00 0.00 0.00 5.26 4.96 5.62 6.35 6.50 7.15 7.74 8.83 11.17 9.56 9.56 8.47 9.27 8.03 7.52 7.23 7.88 9.27 9.42 8.91 7.08 6.57 0.00 4.45 0.00 4.38 4.23 0.00 0.00 0.00 0.00 0.00 0.00 1.46 0.00 0.00 0.00 0.00 0.00 0.00 0.00 0.00 0.00 3.80 4.74 4.38 4.16 5.91 7.59 6.50 5.77 5.99 6.35 6.94 8.61 7.81 7.45 8.40 8.25 6.35 6.35 4.53 0.00 0.58 0.00 0.07 1.17 0.44 0.00 0.95 0.66 0.88 1.17 2.48 1.61 1.53
0.00 0.00 0.00 0.00 0.00 0.00 0.00 5.62 5.26 8.54 9.34 6.57 5.33 8.32 5.77 6.64 10.00 11.02 11.02 12.34 14.24 15.70 15.62 15.84 14.24 12.34 11.97 10.95 9.20 7.01 0.00 0.00 0.00 0.00 0.00 0.00 0.00 0.00 0.00 0.00 1.61 0.00 0.00 0.00 0.00 0.00 0.00 0.00 0.00 0.00 0.00 0.00 0.00 4.09 4.45 4.60 5.18 5.62 5.62 4.89 4.09 4.45 4.45 4.82 7.08 7.23 7.96 5.55 5.55 3.58 0.00 0.00 0.66 0.37 0.73 0.00 0.00 0.66 0.37 1.17 1.39 2.63 0.44 0.73
0.00 0.00 0.00 0.00 0.00 0.00 0.00 5.62 5.26 8.54 9.34 6.57 5.33 8.32 5.77 6.64 10.00 11.02 11.02 12.34 14.24 15.70 15.62 15.84 14.24 12.34 11.97 10.95 9.20 7.01 0.00 0.00 0.00 0.00 0.00 0.00 0.00 0.00 0.00 0.00 1.61 0.00 0.00 0.00 0.00 0.00 0.00 0.00 0.00 0.00 0.00 0.00 0.00 4.09 4.45 4.60 5.18 5.62 5.62 4.89 4.09 4.45 4.45 4.82 7.08 7.23 7.96 5.55 5.55 3.58 0.00 0.00 0.66 0.37 0.73 0.00 0.00 0.66 0.37 1.17 1.39 2.63 0.44 0.73
6.72 6.20 0.00 0.00 0.00 0.00 0.00 4.53 2.12 0.00 4.82 6.86 7.52 8.03 8.25 7.66 7.30 6.94 6.94 9.34 10.00 9.64 10.59 13.72 15.62 14.82 13.07 11.83 9.05 6.72 4.89 0.00 0.00 0.00 0.00 0.00 0.00 0.00 0.00 0.00 0.00 0.00 0.00 0.00 0.00 0.00 0.00 0.00 0.00 4.89 0.00 0.00 0.00 0.00 3.21 2.99 0.00 0.00 0.00 0.00 0.00 0.00 0.00 0.00 0.00 4.38 5.26 5.48 5.48 0.00 0.00 0.00 3.14 1.24 0.00 0.22 1.61 1.02 0.95 1.17 0.00 0.00 0.00 0.00
3.94 0.00 5.26 3.87 0.00 0.00 0.00 3.14 2.04 1.39 0.00 6.72 9.13 5.69 7.52 10.80 10.88 10.00 10.00 9.13 8.91 10.00 11.68 13.63 13.57 12.83 12.68 11.90 10.44 6.94 4.82 0.00 0.00 0.00 0.00 0.00 0.00 0.00 2.04 0.00 0.00 0.00 0.00 0.00 0.00 0.00 0.00 0.00 0.00 5.77 0.00 0.00 0.00 0.00 0.00 0.00 0.00 0.00 0.00 1.17 0.00 0.00 0.00 0.00 0.00 0.00 3.50 2.48 2.48 0.00 4.45 4.09 3.14 2.19 0.00 0.00 0.00 1.10 0.00 0.15 0.00 0.00 0.44 0.29
0.00 0.00 7.81 6.86 4.53 0.00 0.00 1.31 1.39 2.34 0.00 0.00 0.00 2.63 4.53 6.86 8.54 10.95 10.95 11.39 10.15 9.71 9.71 11.28 16.33 15.79 13.27 13.70 13.14 11.61 6.20 3.65 5.62 4.16 0.00 0.00 2.85 0.00 0.00 0.00 0.00 0.00 0.00 0.00 0.00 0.00 0.00 0.00 0.00 0.00 0.00 0.00 0.00 0.00 0.00 0.00 0.00 0.00 0.00 0.00 0.00 0.00 0.00 0.00 0.00 0.00 0.00 4.74 4.74 5.18 4.60 4.53 5.26 1.39 1.10 1.17 0.15 0.15 0.73 0.00 0.00 0.15 0.44 0.15
6.72 7.15 7.01 6.13 3.87 2.99 0.00 0.00 0.00 0.00 0.00 0.00 0.00 0.00 0.00 0.00 2.48 0.00 0.00 5.04 6.42 7.11 7.15 8.65 11.35 11.35 13.44 14.75 14.15 13.11 10.51 9.86 9.56 7.66 0.00 2.04 3.07 3.21 2.77 0.00 0.00 0.00 0.00 0.00 0.00 0.00 0.00 0.00 0.00 0.00 0.00 0.00 0.00 0.00 0.00 0.00 0.00 0.00 0.00 0.00 0.00 0.00 0.00 0.00 0.00 0.00 0.00 4.45 4.45 4.53 3.94 3.36 3.36 2.34 1.02 1.75 1.46 0.80 0.37 0.44 0.00 0.00 0.15 0.37
7.59 7.15 7.23 7.23 5.33 0.00 3.21 2.26 0.00 0.00 0.00 0.00 0.00 0.00 0.00 0.00 0.00 0.00 0.00 0.00 0.00 0.00 4.97 5.77 6.97 9.49 11.74 13.73 17.20 18.88 16.80 12.26 12.70 11.02 8.69 6.64 4.45 3.36 0.00 0.00 0.00 0.00 0.00 0.00 0.00 0.00 0.00 0.00 0.00 0.00 0.00 0.00 0.00 0.00 0.00 0.00 0.00 0.00 0.00 0.00 0.00 0.00 0.00 3.58 0.00 4.67 4.16 5.04 5.04 5.48 5.55 4.82 4.09 2.63 2.12 1.97 1.61 1.10 0.73 0.37 0.44 0.66 0.51 0.88
7.59 7.15 7.23 7.23 5.33 0.00 3.21 2.26 0.00 0.00 0.00 0.00 0.00 0.00 0.00 0.00 0.00 0.00 0.00 0.00 0.00 0.00 4.84 5.91 6.86 9.49 11.39 12.76 16.07 19.17 16.97 12.78 14.27 11.66 8.91 6.64 4.45 3.36 0.00 0.00 0.00 0.00 0.00 0.00 0.00 0.00 0.00 0.00 0.00 0.00 0.00 0.00 0.00 0.00 0.00 0.00 0.00 0.00 0.00 0.00 0.00 0.00 0.00 3.58 0.00 4.67 4.16 5.04 5.04 5.48 5.55 4.82 4.09 2.63 2.12 1.97 1.61 1.10 0.73 0.37 0.44 0.66 0.51 0.88
6.94 6.64 5.91 5.91 5.48 4.23 3.87 3.07 0.00 0.00 0.00 0.00 0.00 0.00 0.00 0.00 0.00 0.00 0.00 0.00 0.00 0.00 0.00 0.00 0.00 3.24 0.00 5.28 8.47 13.50 12.90 12.56 10.44 13.92 13.62 11.57 9.36 7.15 5.69 3.65 0.00 0.00 0.00 0.00 0.00 0.00 0.00 0.00 0.00 0.00 0.00 0.00 0.00 0.00 0.00 0.00 0.00 0.00 0.00 0.00 0.00 0.00 0.00 0.00 6.79 7.08 6.28 6.28 6.28 6.13 7.23 2.85 2.99 2.48 0.80 0.44 0.00 0.95 0.58 0.00 0.07 1.39 1.97 2.56
6.94 7.66 3.94 4.60 6.57 3.94 4.23 5.99 6.20 5.48 4.74 0.00 0.00 0.00 4.02 6.35 8.32 8.61 8.61 5.36 0.00 0.00 0.00 0.00 0.00 0.00 0.00 0.00 0.00 8.11 9.05 8.47 6.20 9.76 12.81 13.42 12.08 11.08 9.13 5.26 1.97 1.24 0.00 0.00 0.00 0.00 0.00 0.00 0.00 0.00 0.00 0.00 0.00 0.00 0.00 0.00 0.00 0.00 0.00 0.00 0.00 0.00 0.00 3.36 5.18 5.04 3.65 0.00 0.00 5.26 4.31 2.56 2.56 1.97 1.24 0.44 0.00 0.00 1.61 2.12 3.21 4.09 4.09 4.09
4.67 4.23 5.04 5.69 5.55 5.26 4.02 4.31 6.13 5.62 5.55 3.14 2.70 3.21 3.87 4.45 4.23 4.45 4.45 3.58 2.19 0.00 0.00 0.00 0.00 0.00 0.00 0.00 0.00 5.69 7.88 6.50 7.15 7.01 7.84 10.76 13.56 13.36 12.99 11.39 10.00 5.62 0.00 0.00 0.00 0.00 0.00 0.00 0.00 0.00 0.00 0.00 0.00 0.00 0.00 0.00 0.00 0.00 0.00 0.00 0.00 0.00 0.00 0.00 4.31 0.00 0.00 2.92 2.92 0.00 4.02 0.00 0.00 1.02 1.17 0.51 2.92 2.77 1.83 2.41 3.65 3.29 2.99 3.43
4.45 4.38 5.40 6.13 4.53 4.53 4.67 5.77 8.25 8.54 6.13 4.45 4.45 4.67 5.55 4.45 5.33 5.11 5.11 3.50 1.10 0.00 0.00 0.00 0.00 0.00 0.00 0.00 0.00 0.00 0.00 0.00 4.74 5.18 6.64 8.98 10.67 13.24 13.71 14.60 12.78 8.76 4.82 4.82 2.92 0.00 0.00 2.92 0.00 0.00 0.00 0.00 0.00 0.00 0.00 0.00 0.00 0.00 0.00 0.00 0.00 0.00 0.00 0.00 0.00 0.00 0.00 0.00 0.00 0.00 0.00 0.00 0.00 0.00 1.24 1.46 0.95 1.90 2.77 3.72 4.96 5.40 4.16 3.36
0.00 0.00 0.00 0.00 0.00 2.48 3.58 3.36 6.05 6.28 6.86 5.99 5.62 5.62 4.89 3.87 2.85 0.00 0.00 0.00 0.00 2.34 2.48 0.00 0.00 0.00 0.00 0.00 2.77 1.24 0.00 0.00 0.00 3.14 5.40 8.10 7.01 6.57 10.60 14.38 13.28 12.48 11.17 11.17 10.29 7.59 4.74 4.16 0.00 0.00 0.00 0.00 0.00 0.00 0.00 0.00 0.00 0.00 0.00 0.00 0.66 0.00 0.00 1.46 0.00 0.00 0.00 0.00 0.00 0.00 0.00 0.00 0.00 0.00 0.00 0.00 1.02 1.02 1.10 3.07 4.02 3.87 3.58 2.92
0.00 0.00 0.00 0.00 0.00 2.41 4.45 3.36 2.25 2.56 3.94 4.45 4.16 4.09 0.00 0.00 0.00 0.00 0.00 0.00 0.00 3.14 5.26 6.13 4.74 3.21 4.45 4.74 4.82 3.56 0.00 0.00 0.00 3.21 4.31 5.04 0.00 3.83 6.20 8.98 9.66 10.00 11.68 11.68 11.75 11.17 10.66 9.49 7.01 0.00 0.00 0.00 0.00 0.00 0.00 0.00 0.00 0.00 0.00 0.00 0.00 0.00 0.00 0.00 0.00 0.00 0.00 0.00 0.00 0.00 0.00 0.00 0.00 0.00 0.00 0.00 0.00 0.00 0.00 1.83 1.31 2.77 3.72 0.00
0.00 0.00 0.00 0.00 0.00 2.41 4.45 3.36 2.19 2.56 3.94 4.45 4.16 4.09 0.00 0.00 0.00 0.00 0.00 0.00 0.00 3.14 5.26 6.13 4.74 3.21 4.45 4.74 4.74 3.43 0.00 0.00 0.00 3.21 4.33 5.06 0.00 3.82 6.27 8.98 9.56 10.00 11.68 11.68 11.75 11.17 10.66 9.49 7.01 0.00 0.00 0.00 0.00 0.00 0.00 0.00 0.00 0.00 0.00 0.00 0.00 0.00 0.00 0.00 0.00 0.00 0.00 0.00 0.00 0.00 0.00 0.00 0.00 0.00 0.00 0.00 0.00 0.00 0.00 1.83 1.31 2.77 3.72 0.00
0.00 0.00 12.78 16.72 0.00 2.92 8.32 6.89 5.41 5.04 5.11 5.48 4.96 0.00 0.00 0.00 0.00 0.00 0.00 0.00 0.00 1.39 0.00 1.90 1.39 4.96 6.20 7.01 6.72 5.77 0.00 3.50 3.87 3.80 4.53 3.65 1.83 0.00 0.00 2.77 0.00 2.99 5.26 5.26 5.91 6.72 8.32 10.73 11.83 9.13 4.60 2.26 0.00 0.00 0.00 0.00 0.00 0.00 0.00 0.00 0.00 0.00 0.00 0.00 0.00 0.00 0.00 0.00 0.00 0.00 0.00 0.00 0.00 0.00 0.00 0.00 0.00 0.00 0.00 0.00 0.00 0.00 0.00 0.00
0.00 0.00 0.00 0.00 0.00 1.53 4.45 5.19 6.50 6.50 6.28 6.42 6.20 0.00 0.00 0.00 0.00 0.00 0.00 0.00 0.00 0.00 0.00 0.00 0.00 0.00 6.57 8.61 6.86 7.45 6.28 4.82 4.38 4.60 4.96 0.00 0.00 0.00 0.00 0.00 0.00 0.00 0.00 0.00 0.00 0.00 0.00 3.87 6.06 7.81 7.45 5.40 3.36 1.68 0.00 0.00 0.00 0.00 0.00 0.00 0.00 0.00 0.00 0.00 0.00 0.00 0.00 0.00 0.00 0.00 0.00 0.00 0.00 0.00 0.00 0.00 0.00 0.00 0.00 1.75 0.00 0.00 0.00 0.00
