Wansh/Snow_depth/snowdepth-1990/winter/1979356.txt
ncols 321
nrows 161
xllcenter 60
yllcenter 15 
cellsize  0.25 
NODATA_value -1
[rows 74 to 110 of 161, columns 84 to 167 of 321]
0.00 0.00 0.00 0.00 0.00 0.00 0.00 0.00 0.00 0.80 0.00 0.00 2.63 6.28 5.91 6.64 5.91 0.00 0.00 0.00 0.00 0.00 0.00 0.00 7.88 12.63 10.37 6.94 7.15 7.59 6.64 0.00 6.35 8.18 8.83 6.42 4.96 4.60 6.64 11.17 11.97 0.00 0.00 0.00 0.00 0.00 0.00 0.00 0.00 0.00 0.00 0.00 0.00 0.00 0.00 0.00 0.00 0.00 0.00 0.00 0.00 0.00 0.00 0.00 1.61 0.00 0.00 0.00 0.00 1.98 2.93 4.38 0.00 0.00 0.00 0.00 0.00 0.00 0.00 0.00 0.00 1.83 1.68 1.53
0.00 0.00 0.00 0.00 4.02 6.72 5.62 5.26 7.15 6.57 6.50 5.84 0.00 4.89 6.64 5.62 4.96 0.00 0.00 5.69 5.91 5.91 5.62 8.10 9.78 13.65 11.10 7.23 6.42 0.00 6.64 5.84 4.96 6.13 6.28 6.79 7.01 6.86 9.78 11.90 11.68 6.50 5.77 5.77 5.99 3.87 4.09 6.06 4.60 0.00 2.56 0.00 4.53 4.02 0.00 3.36 2.41 0.00 0.00 0.00 0.00 0.00 0.00 0.00 0.00 0.00 0.00 0.00 0.00 0.66 3.50 5.48 2.77 0.00 0.00 0.00 0.00 0.00 0.00 0.00 0.00 1.75 1.17 1.04
2.85 4.74 5.99 5.99 7.88 8.69 6.50 5.62 4.89 5.26 6.20 7.15 6.42 5.55 6.20 5.62 4.45 5.33 5.33 5.77 5.55 5.77 3.72 4.60 5.33 5.99 0.00 0.00 0.00 0.00 5.62 4.96 5.48 5.04 6.28 0.00 6.20 9.49 17.74 21.39 16.43 11.10 9.93 9.93 8.91 6.42 9.42 12.26 11.61 7.15 5.99 6.50 5.84 6.94 5.55 1.61 5.91 3.21 0.95 2.41 2.41 0.58 1.17 1.83 0.00 0.00 0.00 1.97 1.97 3.07 5.18 7.59 5.48 1.83 0.00 0.00 0.00 0.00 0.00 0.00 1.24 1.55 0.51 1.13
12.99 13.87 11.17 10.59 8.40 10.22 7.74 6.64 6.64 5.48 4.31 8.25 6.86 3.94 5.69 6.86 5.48 4.89 4.89 8.76 6.13 3.87 0.00 0.00 3.72 0.00 5.33 4.96 0.00 0.00 0.00 0.00 5.48 7.45 9.34 7.96 0.00 10.15 14.82 12.19 9.78 10.51 8.98 8.98 7.45 6.72 9.49 11.24 12.19 11.39 10.29 9.13 8.69 6.64 7.66 3.14 6.64 7.08 6.13 6.57 6.86 4.60 4.09 6.57 8.32 6.50 6.57 3.29 3.29 2.99 3.72 4.16 5.84 4.45 0.95 0.00 0.00 0.00 0.00 0.00 0.00 0.88 2.86 1.62
14.16 17.01 15.48 14.60 15.33 15.91 8.10 6.86 6.28 5.84 7.01 7.01 5.55 7.45 6.64 5.91 6.28 9.13 9.13 10.66 7.15 5.40 6.64 4.53 5.18 4.45 0.00 0.00 0.00 5.77 0.00 0.00 0.00 0.00 8.10 4.96 0.00 0.00 0.00 0.00 5.69 8.18 7.66 7.66 6.64 6.06 6.28 0.00 5.77 9.13 11.17 11.17 7.96 9.34 8.03 8.03 7.37 0.00 5.18 0.00 6.57 7.01 5.69 4.38 7.30 9.64 8.47 7.08 7.08 5.55 3.29 2.92 0.00 5.84 3.14 0.29 1.31 0.45 0.00 2.04 1.68 2.35 5.50 1.85
21.02 20.22 19.42 15.62 16.50 10.29 5.18 2.48 4.38 3.94 6.28 6.57 7.15 8.32 7.01 7.37 6.13 6.42 6.42 5.55 6.35 5.26 4.31 5.69 0.00 0.00 0.00 0.00 0.00 0.00 0.00 0.00 0.00 5.99 0.00 0.00 6.13 0.00 0.00 0.00 0.00 5.77 0.00 0.00 0.00 6.06 0.00 0.00 4.45 6.42 7.45 0.00 0.00 0.00 0.00 0.00 0.00 0.00 0.00 0.00 5.18 4.02 0.00 0.00 0.00 2.41 0.00 3.14 3.14 4.38 4.74 4.16 4.16 2.92 0.95 0.15 2.20 2.34 1.68 0.73 0.00 4.23 3.07 1.47
0.00 0.00 6.94 5.40 6.20 6.06 2.70 3.72 3.72 4.23 9.27 6.64 7.23 4.23 4.60 5.91 0.00 4.02 4.02 0.00 0.00 3.21 5.26 6.35 4.53 0.00 0.00 0.00 0.00 3.21 3.21 0.00 0.00 3.14 2.63 0.00 4.45 0.00 0.00 0.00 4.53 0.00 0.00 0.00 0.00 0.00 0.00 0.00 0.00 0.00 0.00 0.00 0.00 0.00 0.00 0.00 0.00 0.00 1.68 1.83 3.43 2.48 2.85 0.00 0.00 0.00 0.00 0.00 0.00 0.00 0.00 6.13 6.57 5.91 3.94 1.76 0.90 0.69 0.00 0.95 1.02 3.14 0.80 2.77
0.00 0.00 0.00 0.00 5.40 6.86 2.99 2.19 3.21 8.47 9.71 8.40 7.59 6.06 4.02 4.38 4.89 3.50 3.50 3.07 2.48 0.00 0.00 0.00 0.00 0.00 0.00 0.00 0.00 0.00 0.00 0.00 0.00 0.00 4.67 3.29 0.00 0.00 0.00 0.00 4.53 0.00 0.00 0.00 0.00 0.00 0.00 0.00 0.00 0.00 0.00 0.00 0.00 0.00 0.00 0.00 0.00 3.36 2.41 1.61 0.95 2.41 1.39 0.00 0.00 0.00 0.00 0.00 0.00 0.00 0.00 9.27 11.53 8.98 8.98 3.37 0.74 1.53 2.27 2.47 1.76 0.66 2.12 2.56
0.00 5.40 4.09 0.00 4.82 8.54 4.31 2.41 1.02 0.00 5.84 5.18 0.00 0.00 0.00 5.40 6.28 6.94 6.94 5.33 2.19 3.50 0.00 0.00 0.00 0.00 0.00 2.92 0.00 0.00 0.00 0.00 0.00 0.00 3.07 3.07 0.00 0.00 0.00 0.00 3.80 0.00 0.00 0.00 0.00 0.00 0.00 0.00 0.00 0.00 0.00 0.00 0.00 0.00 2.41 0.00 0.00 0.00 3.80 4.53 3.21 1.97 1.68 1.90 0.00 0.00 0.00 0.00 0.00 0.00 0.00 3.65 6.06 5.99 6.06 4.16 2.41 0.00 0.00 3.30 3.07 2.41 1.83 0.00
9.13 7.37 9.86 7.88 0.00 0.00 0.00 0.00 3.87 3.87 0.00 0.00 5.91 5.04 0.00 0.00 0.00 6.20 6.20 4.89 5.18 5.18 3.21 0.00 0.00 0.00 4.23 0.00 0.00 0.00 0.00 3.87 0.00 0.00 0.00 4.23 3.94 2.92 2.19 0.00 0.00 0.00 0.00 0.00 0.00 0.00 0.00 4.82 0.00 0.00 0.00 0.00 0.00 1.17 0.58 1.75 2.34 0.00 3.07 4.23 6.28 4.02 2.77 2.70 2.48 1.31 0.95 2.70 2.70 4.31 3.65 4.23 5.18 5.77 7.74 8.25 8.91 5.84 3.43 4.82 3.65 2.92 2.12 0.00
4.82 0.00 0.00 6.28 5.77 0.00 0.00 0.00 5.84 5.04 0.00 0.00 5.77 0.00 0.00 0.00 0.00 0.00 0.00 0.00 5.48 5.11 4.45 5.26 5.26 4.96 4.60 4.02 3.29 1.83 0.00 0.00 0.00 2.63 4.16 4.89 4.38 3.36 3.87 0.00 0.00 0.00 0.00 0.00 0.00 0.00 0.00 0.00 0.00 0.00 0.00 0.00 0.00 1.68 2.92 3.80 2.70 4.09 2.56 2.34 4.16 4.45 4.23 3.80 3.58 4.16 3.87 3.87 3.87 4.31 3.36 2.48 1.75 2.99 5.55 8.03 6.86 3.50 6.50 6.50 5.77 6.57 2.92 0.00
3.14 0.00 0.00 0.00 0.00 0.00 0.00 0.00 5.77 4.02 3.50 4.74 5.55 0.00 0.00 0.00 0.00 0.00 0.00 5.18 7.01 5.91 5.18 4.82 0.00 0.00 4.23 0.00 1.46 2.26 0.00 0.00 6.79 4.89 3.50 0.00 0.00 0.00 5.55 0.00 0.00 0.00 0.00 0.00 0.00 0.00 0.00 0.00 0.00 0.00 0.00 0.00 0.00 5.11 12.41 12.41 8.03 4.89 1.46 1.83 4.11 3.58 3.99 7.08 6.86 7.59 7.59 8.40 8.40 7.96 5.33 3.72 2.85 1.68 3.72 5.62 5.77 6.28 5.77 5.33 4.96 5.26 4.38 0.00
3.07 0.00 0.00 4.45 4.38 4.09 4.38 5.11 4.53 5.62 4.02 0.00 0.00 0.00 0.00 0.00 4.45 4.82 4.82 0.00 0.00 0.00 5.33 5.26 4.60 4.09 3.29 4.02 4.60 3.58 0.00 0.00 0.00 0.51 0.00 0.00 0.00 0.00 5.18 9.78 13.21 5.11 3.43 3.43 1.75 1.75 0.00 1.97 3.43 0.00 0.00 2.34 5.40 5.48 9.13 17.74 16.86 15.48 13.43 8.91 6.50 7.59 7.82 9.42 8.25 8.25 7.74 7.74 7.74 8.54 8.25 9.78 9.86 8.10 2.85 3.94 4.23 4.31 6.50 6.28 6.42 0.00 0.00 0.00
1.24 2.48 0.00 0.00 4.53 4.74 4.38 5.55 3.87 6.57 6.13 7.37 6.57 0.00 0.00 0.00 5.18 5.26 5.26 0.00 0.00 0.00 3.58 5.33 0.00 4.31 3.87 0.00 5.40 0.00 1.90 0.00 0.00 0.00 0.00 0.00 0.00 0.00 5.26 6.06 9.64 5.84 4.74 4.74 5.84 4.89 2.41 2.41 2.41 0.00 0.00 7.08 8.61 8.98 8.98 10.51 10.51 14.09 16.94 13.14 10.73 9.64 9.49 8.18 8.30 5.62 4.23 5.26 5.26 7.23 9.93 15.11 15.84 10.37 6.64 4.82 6.13 3.80 3.14 6.86 10.37 6.50 4.89 0.00
2.63 0.00 0.00 0.00 0.00 0.00 4.89 4.23 4.23 4.09 4.96 6.28 5.84 5.18 5.91 5.77 5.62 5.11 5.11 0.00 0.00 0.00 0.00 6.06 4.45 4.09 0.00 0.00 0.00 0.00 4.82 2.99 1.75 0.00 0.00 0.00 0.00 0.00 0.00 0.00 3.65 3.80 6.13 6.13 6.28 8.18 5.18 5.11 4.67 0.00 0.00 8.47 7.96 8.83 9.49 10.73 9.78 11.24 12.34 13.43 9.86 7.52 6.35 6.86 7.96 11.51 11.17 10.51 10.51 7.74 7.08 11.90 16.21 14.97 11.53 11.24 5.33 5.62 5.40 5.40 5.48 5.84 0.00 0.00
6.06 0.00 0.00 0.00 0.00 0.00 2.92 0.00 0.00 0.00 3.07 2.70 4.16 3.80 4.45 6.64 5.55 4.23 4.23 6.57 7.45 5.69 5.69 5.40 5.18 4.45 0.00 4.53 4.82 4.09 0.00 5.69 5.84 5.91 5.55 3.50 3.65 4.09 3.50 0.00 0.00 8.54 9.78 9.78 10.66 12.70 14.31 13.21 10.73 6.86 5.18 0.00 7.01 10.22 11.17 11.53 10.44 10.15 8.82 8.33 4.96 3.94 9.24 18.32 19.12 17.31 21.29 21.10 21.10 13.65 6.64 9.78 11.61 11.97 7.66 6.72 4.16 9.13 7.08 5.05 6.41 6.25 5.65 6.09
0.00 0.00 0.00 0.00 0.00 0.00 0.00 0.00 0.00 0.00 0.00 0.00 0.00 0.00 0.00 5.55 4.45 3.43 3.43 4.23 5.62 5.26 5.99 7.08 6.20 4.60 3.94 3.50 0.00 0.00 0.00 0.00 4.09 4.60 3.80 3.43 0.00 5.48 0.00 0.00 7.52 7.96 7.52 7.52 6.35 10.00 13.87 13.51 11.46 9.56 11.24 11.68 12.63 14.24 12.70 12.41 9.34 5.91 3.65 2.12 1.88 1.53 7.01 15.33 22.63 22.34 21.38 20.95 20.29 15.99 12.70 13.72 11.02 9.56 8.47 8.03 7.66 11.68 9.71 6.04 4.84 5.07 4.18 4.84
0.00 0.00 0.00 0.00 0.00 0.00 0.00 0.00 2.26 2.48 0.00 0.00 0.00 0.00 0.00 0.00 0.00 0.00 0.00 0.00 3.43 0.00 3.87 5.11 5.55 5.18 4.31 0.00 0.00 2.34 2.12 0.00 0.00 0.00 0.00 0.00 0.00 0.00 0.00 0.00 6.06 6.42 6.13 6.13 4.96 6.35 7.23 8.98 10.07 9.71 9.78 12.05 16.35 15.11 12.70 13.43 11.32 5.11 5.60 3.32 2.99 5.11 5.59 7.98 14.45 20.34 21.90 20.73 20.84 16.58 13.13 11.90 12.56 11.83 9.68 7.88 6.86 8.83 9.61 8.24 6.80 5.69 4.70 5.43
0.00 0.00 4.09 0.00 0.00 0.00 2.48 4.45 5.48 4.74 0.00 0.00 5.04 0.00 0.00 0.00 0.00 0.00 0.00 0.00 0.00 0.00 0.00 0.00 0.00 0.00 0.00 0.00 0.00 0.00 0.00 0.00 0.00 0.00 0.00 0.00 0.00 0.00 0.00 5.55 7.74 0.00 5.91 5.91 0.00 0.00 0.00 5.55 9.13 8.69 7.08 7.74 10.07 11.75 13.51 16.57 15.33 15.48 9.05 5.02 3.61 6.96 6.64 7.34 11.29 13.25 13.85 15.77 15.77 13.68 14.99 16.36 18.93 14.60 11.01 0.00 8.40 8.00 10.16 9.39 6.16 4.67 6.52 7.03
1.17 0.95 0.00 0.00 0.00 0.00 3.29 0.00 0.00 0.00 0.00 0.00 0.00 0.00 0.00 0.00 2.85 3.07 3.07 0.00 0.00 0.00 0.00 0.00 0.00 0.00 0.00 0.00 0.00 0.00 0.00 0.00 9.71 0.00 0.00 0.00 0.00 0.00 0.00 0.00 0.00 3.43 0.00 0.00 0.00 4.82 6.35 6.79 8.32 10.37 8.32 4.09 5.62 8.47 15.26 16.35 17.22 18.61 18.91 15.70 11.24 10.63 10.45 8.91 14.52 17.89 11.89 9.20 9.20 9.14 8.81 15.05 21.12 19.08 12.82 10.20 7.23 7.41 6.59 5.64 5.05 5.62 6.97 5.06
0.00 0.00 0.00 0.00 0.00 0.00 2.70 0.00 0.00 0.00 0.00 0.00 0.00 0.00 0.00 4.53 4.67 5.33 5.33 4.02 4.09 0.00 0.00 3.36 0.00 0.00 0.00 0.00 0.00 0.00 0.00 0.00 6.64 0.00 0.00 0.00 0.00 0.00 0.00 0.00 0.00 0.58 0.00 0.00 0.00 0.00 7.08 4.96 6.64 9.78 7.96 6.94 7.75 7.83 9.78 15.71 14.45 17.30 21.24 23.00 19.64 14.01 12.06 9.11 9.65 14.04 13.21 6.72 6.75 6.68 8.28 8.68 10.41 16.32 18.08 13.65 11.69 8.55 5.23 3.52 4.46 8.56 7.73 4.39
0.00 0.00 0.00 0.00 0.00 3.43 0.00 0.00 0.00 0.00 0.00 0.00 0.00 0.00 0.00 0.00 0.00 0.00 0.00 0.00 0.00 0.00 0.00 6.06 0.00 0.00 0.00 0.00 0.00 0.00 0.00 0.00 0.00 0.00 0.00 3.14 0.00 0.00 0.00 0.00 0.00 0.00 3.80 3.80 4.82 0.00 5.11 8.40 8.18 12.85 14.09 12.26 10.07 7.34 12.99 18.06 20.09 22.75 19.64 19.02 15.99 11.08 9.63 6.45 5.16 9.58 11.46 6.09 6.09 6.27 0.00 4.54 3.73 4.08 9.61 13.50 12.14 13.64 9.58 4.44 7.57 11.80 14.99 7.18
1.97 0.00 0.00 0.00 2.70 3.07 2.85 0.00 0.00 0.00 0.00 0.00 0.00 0.00 0.00 0.00 0.00 0.00 0.00 0.00 0.00 0.00 4.74 7.52 0.00 0.00 0.00 0.00 0.00 8.76 0.00 0.00 0.00 0.00 0.00 0.00 0.00 0.00 0.00 0.00 9.05 9.49 7.37 7.37 6.64 5.99 6.28 9.78 11.83 19.64 21.10 18.91 16.35 15.55 15.49 16.06 11.98 16.21 21.34 18.77 14.84 11.33 8.73 5.33 3.77 9.65 11.03 6.30 6.20 5.48 6.87 5.59 5.17 5.24 3.36 11.96 10.38 8.81 9.76 6.95 9.86 13.02 12.77 7.25
0.00 0.00 0.00 0.00 5.11 6.50 5.69 3.14 0.44 3.80 0.00 0.00 0.00 0.00 0.00 0.00 0.00 9.78 9.78 11.97 0.00 0.00 5.84 0.00 0.00 0.00 2.77 0.00 0.00 0.00 0.00 0.00 1.17 2.34 2.48 0.00 0.00 0.00 8.18 9.42 15.48 19.42 16.86 16.86 17.16 14.38 10.66 17.96 21.39 21.04 24.08 24.75 24.38 30.00 22.91 14.01 11.83 10.07 10.87 11.01 11.08 15.45 16.74 11.17 5.78 5.55 10.89 10.39 10.12 6.20 6.35 8.28 7.51 14.03 6.24 10.37 7.49 7.26 9.16 6.63 6.08 11.38 7.34 4.84
2.41 0.00 0.00 3.65 5.91 4.53 3.21 4.16 0.00 0.00 2.92 3.50 2.70 0.58 0.00 0.00 0.00 0.00 0.00 0.00 0.00 0.00 0.00 0.00 0.00 3.36 2.12 1.97 2.34 2.19 1.46 0.00 1.46 5.18 4.82 1.68 0.00 11.83 9.49 6.28 6.35 11.61 14.31 14.31 18.47 18.18 18.18 20.95 20.44 18.91 19.42 17.70 11.51 10.55 11.65 9.29 14.90 19.12 22.16 18.34 14.45 9.99 12.40 16.03 12.34 9.17 5.76 1.50 1.47 0.00 3.72 6.96 10.53 17.15 23.14 19.20 14.52 9.24 6.17 3.97 6.58 7.55 10.21 10.91
7.88 4.74 4.38 7.15 12.78 8.61 0.00 2.41 0.00 0.00 0.00 0.00 0.00 0.00 0.00 2.12 1.75 2.41 2.41 0.00 0.00 0.00 0.00 0.51 1.10 1.83 1.53 2.70 2.19 1.31 1.31 2.04 3.72 9.71 12.41 10.51 13.07 8.83 3.94 7.01 8.10 9.71 14.16 14.16 19.35 22.92 22.70 20.81 13.62 16.58 15.95 12.54 12.27 9.71 5.96 4.52 6.28 9.15 13.40 19.92 19.91 16.79 17.89 14.22 9.42 11.02 12.18 4.48 4.41 1.90 3.65 4.87 6.68 13.34 25.08 21.39 22.27 13.78 6.92 3.97 6.62 6.52 9.01 12.93
11.75 8.98 6.94 5.33 12.78 15.48 9.42 4.74 0.00 0.00 0.00 0.00 0.00 0.00 0.00 2.63 1.61 3.36 3.36 0.00 0.00 0.00 0.00 1.75 1.02 0.00 0.00 1.02 2.04 3.07 2.48 2.26 4.23 9.64 15.40 15.99 14.24 3.50 2.70 5.04 5.33 6.79 9.42 9.42 20.22 26.50 20.37 17.84 15.98 14.68 10.89 11.07 11.90 10.69 8.89 3.75 2.38 6.83 9.09 16.40 22.06 27.11 25.55 16.21 6.13 8.49 16.83 7.26 8.07 0.80 2.46 6.51 6.23 17.19 18.42 19.61 18.32 11.97 9.00 6.10 2.23 6.14 8.91 14.15
11.24 9.78 12.19 0.00 1.75 11.10 12.05 0.00 0.00 0.00 0.00 0.00 0.00 0.00 3.58 0.00 1.31 2.26 2.26 0.00 0.00 1.90 2.19 2.92 1.61 1.46 0.37 1.46 3.14 2.63 1.83 2.99 4.45 8.47 12.85 13.80 12.41 9.86 5.99 3.29 3.89 7.23 13.14 13.14 19.64 24.24 18.83 18.64 17.89 12.62 12.09 11.66 9.86 10.41 7.73 10.31 5.97 2.98 7.38 10.66 16.40 25.17 28.03 26.43 14.53 4.63 7.78 8.48 8.17 4.65 3.22 6.08 8.98 17.37 12.61 13.93 18.82 10.40 10.66 9.32 8.27 8.52 14.50 14.83
0.00 0.00 0.00 0.00 1.02 4.02 5.26 4.45 3.65 2.77 0.00 0.00 0.00 0.00 0.00 0.00 0.00 1.31 1.31 0.00 0.00 2.12 0.37 0.00 0.00 0.95 0.00 0.73 3.21 1.61 1.61 3.58 3.29 5.69 10.07 11.46 8.25 12.12 7.23 3.43 6.35 12.85 19.05 19.05 19.56 17.89 19.71 20.44 18.76 16.86 15.71 13.61 11.79 7.13 4.52 8.80 7.14 1.06 10.41 13.32 13.39 17.92 24.46 30.45 23.11 8.35 4.35 9.73 9.79 7.77 3.85 0.00 5.34 11.47 7.42 8.19 13.04 12.62 9.73 11.23 11.48 15.16 18.02 16.47
0.00 0.00 0.00 0.00 0.00 3.36 8.98 5.55 4.82 4.96 5.77 0.00 0.00 0.00 0.00 0.00 0.95 0.00 0.00 1.02 0.29 0.00 0.00 0.00 0.00 0.00 0.00 0.00 0.29 0.00 0.15 0.44 0.00 2.93 6.72 7.59 3.29 0.00 0.95 0.00 5.26 9.86 10.37 10.37 9.61 17.59 17.53 14.31 16.82 15.80 17.68 14.51 11.76 6.86 7.90 0.00 0.00 0.00 9.25 11.56 13.80 13.23 18.96 23.56 22.61 20.20 9.73 6.59 7.71 10.63 5.29 4.79 2.61 4.31 5.09 5.42 11.36 10.80 9.94 10.45 11.65 15.06 21.98 15.90
0.00 0.00 0.00 0.00 0.00 0.00 5.40 3.29 4.74 5.62 5.26 0.00 3.80 5.11 5.18 0.00 0.00 0.00 0.00 0.00 1.90 0.95 0.37 0.44 0.07 0.00 0.66 0.22 0.00 0.37 0.00 0.00 0.00 0.29 2.20 4.09 5.55 0.00 0.00 0.00 2.85 3.50 2.77 2.77 2.99 5.33 3.67 5.02 8.14 8.79 6.78 7.70 6.00 5.86 0.00 0.00 0.00 0.00 0.00 10.81 11.91 10.67 15.06 20.82 16.58 16.59 15.42 5.00 5.60 11.11 8.87 4.43 2.46 2.21 3.74 5.99 10.95 8.47 7.14 9.64 9.79 17.39 20.59 13.94
0.00 0.00 0.00 0.00 0.00 0.00 0.00 2.99 6.35 8.25 4.74 4.02 8.10 8.69 7.88 6.30 5.53 11.24 11.24 7.30 0.00 0.00 0.00 0.00 3.43 2.77 2.70 0.00 0.00 1.53 0.29 0.00 0.00 0.00 0.00 2.56 3.58 0.00 0.00 6.20 0.00 1.90 2.56 2.56 4.38 3.65 2.41 3.29 7.34 9.57 10.11 9.71 0.00 0.00 0.00 0.00 0.00 0.00 0.00 0.00 10.04 13.53 9.88 13.42 19.12 16.67 22.52 12.54 12.80 10.53 8.01 7.13 7.12 4.39 3.95 7.48 11.93 7.45 5.39 4.62 7.45 15.49 11.04 0.00
0.00 0.00 0.00 0.00 0.00 0.00 0.00 0.00 5.11 2.19 2.85 7.23 6.20 5.55 7.01 5.36 5.18 9.20 8.58 9.27 4.60 2.12 0.00 0.00 0.00 2.34 2.26 0.00 0.00 3.65 4.38 0.00 0.00 0.00 0.00 0.00 0.00 0.00 0.00 3.43 5.33 0.00 3.94 3.94 3.72 2.34 3.74 5.18 10.16 14.31 14.40 11.06 0.00 0.00 0.00 0.00 0.00 0.00 0.00 0.00 0.00 12.31 12.23 9.47 13.18 17.80 21.78 19.28 23.57 12.07 5.99 7.25 5.23 4.51 3.41 8.54 14.84 7.77 4.65 0.00 0.00 0.00 0.00 0.00
0.00 0.00 0.00 0.00 0.00 0.00 0.00 0.00 0.00 0.00 0.00 0.00 0.00 0.00 0.00 0.00 0.00 4.97 5.05 6.86 7.81 8.98 9.71 10.51 7.37 2.34 5.69 8.32 6.35 4.16 7.37 7.81 4.60 3.94 5.18 10.44 13.51 13.43 8.18 6.82 9.86 10.84 8.47 8.47 5.48 4.82 3.29 8.22 5.96 0.00 0.00 0.00 0.00 0.00 0.00 0.00 0.00 0.00 0.00 0.00 0.00 0.00 0.00 8.60 14.01 19.04 7.93 9.17 10.25 10.25 6.50 8.28 0.00 0.00 0.00 7.71 8.56 8.58 0.00 0.00 0.00 0.00 0.00 0.00
0.00 0.00 0.00 0.00 0.00 0.00 0.00 0.00 0.00 0.00 0.00 0.00 0.00 0.00 0.00 0.00 0.00 0.00 0.00 0.00 0.81 3.48 9.71 10.44 10.29 3.11 7.34 15.48 16.72 8.61 9.49 12.70 9.86 7.15 3.80 7.30 11.24 14.89 14.24 8.10 10.24 17.59 11.90 13.29 12.05 11.90 9.64 10.33 0.00 0.00 0.00 0.00 0.00 0.00 0.00 0.00 0.00 0.00 0.00 0.00 0.00 0.00 0.00 0.00 0.00 0.00 0.00 0.00 0.00 0.00 0.00 0.00 0.00 0.00 0.00 0.00 0.00 0.00 0.00 0.00 0.00 0.00 0.00 0.00
0.00 0.00 0.00 0.00 0.00 0.00 0.00 0.00 0.00 0.00 0.00 0.00 0.00 0.00 0.00 0.00 0.00 0.00 0.00 0.00 0.00 0.15 4.82 5.77 5.91 1.47 5.96 10.88 15.33 8.91 4.82 10.00 9.86 7.81 2.41 0.00 3.14 8.91 6.94 4.53 1.84 8.83 10.44 13.26 15.38 13.45 13.24 0.00 0.00 0.00 0.00 0.00 0.00 0.00 0.00 0.00 0.00 0.00 0.00 0.00 0.00 0.00 0.00 0.00 0.00 0.00 0.00 0.00 0.00 0.00 0.00 0.00 0.00 0.00 0.00 0.00 0.00 0.00 0.00 0.00 0.00 0.00 0.00 0.00
0.00 0.00 0.00 0.00 0.00 0.00 0.00 0.00 0.00 0.00 0.00 0.00 0.00 0.00 0.00 0.00 0.00 0.00 0.00 0.00 0.00 0.00 0.00 0.00 0.00 0.00 0.00 1.39 7.01 1.02 0.00 6.47 9.89 4.45 0.00 0.00 0.00 0.00 0.00 0.00 0.00 0.00 0.00 0.00 0.00 8.22 0.00 0.00 0.00 0.00 0.00 0.00 0.00 0.00 0.00 0.00 0.00 0.00 0.00 0.00 0.00 0.00 0.00 0.00 0.00 0.00 0.00 0.00 0.00 0.00 0.00 0.00 0.00 0.00 0.00 0.00 0.00 0.00 0.00 0.00 0.00 0.00 0.00 0.00
