Wansh/Snow_depth/snowdepth-1990/winter/1991042.txt
ncols 321
nrows 161
xllcenter 60
yllcenter 15 
cellsize  0.25 
NODATA_value -1
[rows 0 to 36 of 161, columns 84 to 167 of 321]
15.26 15.48 15.77 15.40 13.80 11.68 9.78 8.54 8.69 10.66 12.70 12.78 12.85 13.58 13.94 14.53 14.89 16.57 16.57 16.57 15.77 15.18 12.34 9.27 5.18 2.77 1.75 1.61 1.90 2.92 4.45 7.66 8.32 7.01 5.55 3.87 4.23 4.89 4.31 4.67 6.42 6.79 6.50 6.50 5.33 4.82 4.09 4.02 4.67 6.28 8.03 8.83 7.74 6.79 6.86 7.23 6.86 6.13 6.13 6.20 5.84 4.16 3.14 2.41 3.21 3.50 3.50 3.50 3.50 5.91 6.86 7.81 8.47 9.71 9.34 9.20 9.20 9.20 10.00 12.12 11.46 11.46 11.46 12.92
12.99 13.36 13.87 13.72 12.12 9.78 8.40 7.45 8.32 10.07 12.63 13.58 13.29 11.61 9.78 9.42 9.34 11.53 11.53 12.41 12.85 13.51 13.21 11.17 7.96 5.33 4.09 1.61 1.68 2.26 3.72 4.53 5.48 4.82 3.50 2.04 0.00 0.00 0.00 0.00 5.55 9.49 10.95 10.95 9.93 8.10 5.55 3.94 3.36 3.29 3.80 4.38 5.11 5.62 5.84 6.20 6.86 7.37 6.86 5.48 5.84 5.69 4.53 4.60 2.63 4.31 5.84 6.42 6.42 8.10 9.56 9.71 9.86 9.05 9.49 11.32 12.78 13.72 14.16 11.97 11.68 11.90 12.05 11.75
12.26 12.26 11.83 11.24 9.64 9.49 9.49 9.56 10.59 12.41 14.45 14.82 14.38 12.19 10.51 7.59 6.42 6.86 6.86 7.30 8.32 9.20 10.59 10.95 9.20 7.15 3.80 2.63 2.48 2.99 3.14 3.29 4.38 5.55 4.89 4.74 3.14 3.29 3.94 4.23 4.45 5.77 9.27 9.27 12.78 13.43 12.05 8.76 5.55 3.65 2.48 1.97 2.99 3.50 4.82 6.20 7.45 8.32 9.34 10.00 9.64 8.91 8.91 8.76 9.49 7.23 8.25 11.24 11.24 12.12 12.05 11.46 10.88 10.88 12.56 15.70 17.16 17.30 16.57 15.04 13.65 13.72 14.31 14.53
12.26 12.26 11.83 11.24 9.64 9.49 9.49 9.56 10.59 12.41 14.45 14.82 14.38 12.19 10.51 7.59 6.42 6.86 6.86 7.30 8.32 9.20 10.59 10.95 9.20 7.15 3.80 2.63 2.48 2.99 3.14 3.29 4.38 5.55 4.89 4.74 3.14 3.29 3.94 4.23 4.45 5.77 9.27 9.27 12.78 13.43 12.05 8.76 5.55 3.65 2.48 1.97 2.99 3.50 4.82 6.20 7.45 8.32 9.34 10.00 9.64 8.91 8.91 8.76 9.49 7.23 8.25 11.24 11.24 12.12 12.05 11.46 10.88 10.88 12.56 15.70 17.16 17.30 16.57 15.04 13.65 13.72 14.31 14.53
11.24 10.95 11.17 10.80 10.59 10.73 10.88 10.88 11.17 12.34 13.87 14.24 13.65 12.70 12.19 11.39 9.71 8.32 8.32 5.99 5.11 6.06 8.54 10.07 10.73 9.20 5.77 3.07 1.97 2.19 2.41 2.85 3.87 5.33 8.03 8.32 7.23 5.48 4.60 3.87 0.00 0.00 4.82 4.82 8.69 10.66 12.85 12.92 9.78 6.06 4.09 3.14 2.48 1.90 2.26 3.21 5.18 6.64 8.83 10.44 10.88 11.90 10.29 9.93 9.71 11.46 12.34 11.32 11.32 13.51 12.70 11.97 11.39 12.19 14.75 16.64 18.25 18.98 18.76 17.01 15.26 14.75 14.97 16.13
12.41 12.12 12.48 13.43 12.92 11.75 10.29 9.93 10.22 10.95 12.26 12.63 12.99 13.72 13.43 14.02 14.38 13.87 13.87 10.88 8.18 6.42 6.13 7.15 8.98 8.69 6.79 4.67 3.21 2.41 1.75 2.19 3.94 4.96 5.99 8.10 6.64 3.94 2.56 2.70 0.00 0.00 1.68 1.68 2.70 4.89 8.25 10.07 10.22 8.25 5.77 4.16 3.43 3.14 3.36 2.63 3.80 4.74 5.62 8.91 10.88 12.05 14.02 14.31 13.43 11.61 13.87 12.85 12.85 12.99 11.17 11.10 11.83 12.34 12.85 13.14 13.14 13.21 13.51 14.24 13.87 15.77 15.62 18.54
15.11 14.75 14.24 13.87 13.94 13.80 12.78 11.68 11.53 11.39 11.24 11.24 10.73 11.97 12.92 14.97 15.91 16.64 16.64 16.06 14.09 12.34 8.47 6.50 6.79 6.72 5.48 4.31 3.29 3.29 3.07 3.07 3.58 4.74 6.64 7.15 6.28 4.16 2.12 0.00 0.00 0.00 3.07 3.07 4.31 5.91 7.23 9.27 9.49 7.08 4.67 3.43 2.63 2.77 3.87 4.96 6.20 7.52 8.76 9.34 11.24 13.29 15.62 16.64 17.59 17.23 11.39 15.91 15.91 14.45 13.36 14.53 14.53 14.38 14.53 13.65 11.97 11.68 11.32 11.10 11.24 13.14 15.33 17.59
15.11 14.75 14.24 13.87 13.94 13.80 12.78 11.68 11.53 11.39 11.24 11.24 10.73 11.97 12.92 14.97 15.91 16.64 16.64 16.06 14.09 12.34 8.47 6.50 6.79 6.72 5.48 4.31 3.29 3.29 3.07 3.07 3.58 4.74 6.64 7.15 6.28 4.16 2.12 0.00 0.00 0.00 3.07 3.07 4.31 5.91 7.23 9.27 9.49 7.08 4.67 3.43 2.63 2.77 3.87 4.96 6.20 7.52 8.76 9.34 11.24 13.29 15.62 16.64 17.59 17.23 11.39 15.91 15.91 14.45 13.36 14.53 14.53 14.38 14.53 13.65 11.97 11.68 11.32 11.10 11.24 13.14 15.33 17.59
16.43 16.06 15.04 14.09 14.60 15.62 15.26 14.67 14.09 12.85 11.53 10.59 8.98 9.71 13.29 15.40 17.67 18.54 18.54 18.47 18.25 15.77 13.29 8.83 5.91 5.91 4.96 3.36 3.65 4.23 4.23 4.16 4.67 6.50 8.03 8.91 7.59 5.99 4.96 3.58 2.85 3.65 4.09 4.09 4.74 5.99 6.79 6.28 6.13 6.42 5.62 4.67 3.43 3.36 3.14 3.87 4.60 5.18 7.08 8.18 8.61 10.22 10.80 13.43 14.53 15.48 16.13 16.06 16.06 15.33 15.48 16.28 16.72 16.94 15.62 15.18 14.38 13.58 12.70 12.78 11.61 10.95 12.12 14.24
16.64 17.16 17.30 16.13 16.43 17.23 16.35 15.04 13.80 12.12 11.61 10.88 9.71 9.71 12.99 15.91 18.98 19.78 19.78 19.86 19.13 17.45 13.80 10.00 5.99 4.53 4.23 4.60 4.74 4.74 4.53 4.31 4.53 5.91 8.47 9.78 9.86 8.76 7.01 5.40 4.67 3.80 3.43 3.43 3.87 4.67 4.96 4.82 5.11 5.48 6.64 7.96 8.76 8.40 8.25 7.74 7.23 6.86 6.72 6.86 8.03 8.25 7.96 8.91 10.29 11.02 12.85 15.11 15.11 15.99 16.72 16.57 16.94 16.06 15.18 13.58 13.58 15.84 17.08 16.86 14.97 12.56 11.10 10.44
18.83 18.98 17.96 17.74 17.37 16.50 15.55 14.38 13.14 13.29 13.43 13.36 13.80 13.94 17.30 18.61 20.00 21.32 21.32 21.24 20.59 17.59 13.80 10.15 5.84 4.60 4.89 5.04 4.31 3.72 3.65 4.31 4.53 5.40 6.72 8.40 9.20 8.76 8.18 7.08 7.01 6.57 6.13 6.13 6.06 5.11 4.82 6.57 8.61 8.47 9.49 10.22 10.66 10.15 9.78 10.07 11.39 10.88 10.66 9.56 9.56 10.22 11.02 11.24 11.83 14.16 15.33 15.26 15.26 19.56 20.00 19.49 17.45 17.67 14.60 13.43 15.18 16.94 18.10 18.61 15.77 12.41 10.66 10.29
18.83 18.98 17.96 17.74 17.37 16.50 15.55 14.38 13.14 13.29 13.43 13.36 13.80 13.94 17.30 18.61 20.00 21.32 21.32 21.24 20.59 17.59 13.80 10.15 5.84 4.60 4.89 5.04 4.31 3.72 3.65 4.31 4.53 5.40 6.72 8.40 9.20 8.76 8.18 7.08 7.01 6.57 6.13 6.13 6.06 5.11 4.82 6.57 8.61 8.47 9.49 10.22 10.66 10.15 9.78 10.07 11.39 10.88 10.66 9.56 9.56 10.22 11.02 11.24 11.83 14.16 15.33 15.26 15.26 19.56 20.00 19.49 17.45 17.67 14.60 13.43 15.18 16.94 18.10 18.61 15.77 12.41 10.66 10.29
16.35 17.74 18.18 17.16 15.77 14.89 13.36 12.99 13.29 13.72 15.26 16.79 18.32 20.08 21.02 21.39 22.12 23.00 23.00 22.19 19.78 17.01 12.48 8.76 7.45 7.23 6.06 4.74 4.16 4.89 4.74 4.82 6.28 7.45 8.61 10.00 11.32 11.53 10.44 10.00 9.20 8.98 8.03 8.03 8.25 7.96 8.83 9.42 10.44 13.29 15.04 16.50 15.33 13.94 12.26 11.75 13.51 15.91 16.86 15.40 12.05 12.12 11.68 11.32 12.26 12.92 14.97 19.49 19.49 20.22 21.24 21.83 20.95 18.54 18.18 16.06 16.35 17.37 19.13 18.54 16.28 14.89 14.75 14.53
15.99 17.37 16.21 15.04 13.87 12.41 11.17 11.61 12.92 13.80 15.26 15.84 18.03 21.39 23.00 22.05 21.32 21.10 21.10 20.37 17.16 14.16 11.61 9.71 8.91 7.37 6.86 6.06 6.64 8.83 10.80 12.12 12.19 12.26 12.63 13.14 14.82 15.18 14.02 12.26 11.53 10.44 10.95 10.95 10.51 10.73 12.99 14.38 14.82 15.55 15.18 16.28 16.50 15.91 14.60 13.29 12.63 11.90 13.14 13.07 14.09 14.97 15.99 15.48 15.04 15.33 16.06 18.25 18.25 18.76 20.15 21.32 21.32 19.64 17.52 18.83 17.67 17.52 15.04 14.09 14.24 15.26 14.60 13.65
17.67 17.52 15.84 13.94 12.56 10.15 9.13 9.27 11.10 13.29 14.60 15.55 15.77 17.67 18.98 18.47 17.81 16.21 16.21 14.75 12.85 11.97 10.59 10.37 10.22 9.20 8.54 8.98 10.15 13.21 15.48 17.08 17.23 16.43 15.70 13.87 11.75 11.75 12.34 12.63 13.51 14.24 14.02 14.02 14.31 14.89 15.84 16.57 17.08 17.81 17.81 18.18 19.35 20.81 20.22 18.69 16.06 13.51 11.39 9.49 9.42 10.22 11.90 14.60 14.89 15.84 14.89 14.31 14.31 17.89 17.96 18.98 18.76 16.43 13.65 14.75 15.70 10.37 3.94 3.80 7.74 13.87 13.72 13.14
17.81 15.77 13.58 12.34 11.10 9.49 6.94 5.33 7.74 8.32 10.29 11.75 12.12 12.12 11.75 11.32 11.83 11.90 11.90 10.88 10.00 9.56 9.93 11.17 11.83 12.56 11.68 10.66 12.19 13.80 16.50 18.61 18.25 15.40 12.92 10.29 8.91 9.56 11.46 12.63 14.38 15.55 15.84 15.84 14.67 13.21 12.63 13.58 13.80 15.04 16.79 16.28 17.59 19.93 22.05 23.00 20.37 15.91 12.56 10.59 8.76 8.18 8.76 8.61 10.44 13.14 15.77 16.50 16.50 15.11 18.03 18.10 16.72 13.72 11.90 13.07 11.39 13.14 0.00 0.00 8.98 16.72 15.77 14.82
17.81 15.77 13.58 12.34 11.10 9.49 6.94 5.33 7.74 8.32 10.29 11.75 12.12 12.12 11.75 11.32 11.83 11.90 11.90 10.88 10.00 9.56 9.93 11.17 11.83 12.56 11.68 10.66 12.19 13.80 16.50 18.61 18.25 15.40 12.92 10.29 8.91 9.56 11.46 12.63 14.38 15.55 15.84 15.84 14.67 13.21 12.63 13.58 13.80 15.04 16.79 16.28 17.59 19.93 22.05 23.00 20.37 15.91 12.56 10.59 8.76 8.18 8.76 8.61 10.44 13.14 15.77 16.50 16.50 15.11 18.03 18.10 16.72 13.72 11.90 13.07 11.39 13.14 0.00 0.00 8.98 16.72 15.77 14.82
15.11 12.56 10.51 10.15 11.46 10.73 7.37 4.89 3.72 4.16 5.77 7.01 9.34 11.97 12.05 10.29 10.88 11.61 11.61 10.80 9.56 9.05 8.98 9.05 10.95 12.70 12.26 11.32 11.97 13.51 16.06 18.32 19.49 17.59 12.34 7.88 6.86 7.96 9.71 12.78 15.18 15.26 15.40 15.40 15.04 14.82 12.99 12.26 12.05 13.80 14.97 16.50 16.06 16.79 18.10 18.32 17.81 15.18 13.14 12.70 12.78 13.36 11.61 12.48 12.41 14.16 15.70 16.79 16.79 16.21 20.37 18.69 16.50 15.11 14.53 14.82 11.39 12.26 6.86 4.60 13.58 13.36 12.26 14.16
11.75 11.17 10.95 11.53 12.78 11.97 9.42 6.64 4.09 3.72 5.40 8.03 10.00 14.09 15.26 13.72 13.94 14.24 14.24 13.72 11.83 9.78 8.76 7.74 9.49 12.12 13.51 13.72 13.87 14.45 16.21 18.69 20.37 19.78 17.96 13.21 8.32 6.13 6.64 8.10 10.95 14.67 16.79 16.79 17.59 18.54 17.74 16.06 15.11 14.97 15.48 16.50 17.52 18.98 20.15 20.73 19.64 17.81 17.01 18.03 18.54 18.83 17.23 17.08 17.37 18.69 18.91 19.56 19.56 20.44 17.37 19.27 17.74 16.13 14.31 12.34 9.05 5.26 4.38 8.18 9.42 9.20 10.37 11.68
10.07 10.15 10.59 10.44 11.75 12.92 12.63 9.78 7.30 5.99 7.23 8.54 9.27 10.80 11.68 11.68 12.48 14.02 14.02 15.48 15.26 12.92 9.64 7.45 8.03 10.73 13.58 13.80 12.70 11.39 12.34 13.80 15.26 16.13 14.16 11.97 9.05 5.99 4.67 4.09 4.96 8.40 13.65 13.65 17.45 19.71 19.42 17.67 17.45 18.54 19.78 20.37 19.86 20.66 22.05 23.07 23.29 22.63 21.97 21.83 23.58 24.97 24.53 20.08 20.44 21.02 22.63 23.07 23.07 20.88 17.67 15.48 12.92 12.63 11.39 9.71 7.66 6.79 7.52 6.79 8.18 8.61 9.56 11.97
8.69 9.05 9.78 10.44 10.73 11.83 13.14 13.14 11.97 10.88 10.88 10.51 10.95 11.75 11.68 10.07 9.56 11.02 11.02 13.14 13.94 13.29 11.90 11.75 11.53 13.07 15.04 14.60 11.61 8.18 5.69 5.99 8.25 9.49 8.83 6.79 4.53 4.23 5.33 5.04 3.50 4.53 8.47 8.47 13.21 14.31 15.77 15.48 15.04 17.96 21.46 24.67 25.33 25.04 24.45 24.60 24.16 23.00 21.75 20.88 20.88 23.07 24.45 24.02 23.43 22.70 21.53 19.64 19.64 16.72 13.21 9.86 8.03 8.18 7.37 6.28 5.04 5.40 6.42 6.06 6.20 6.13 8.98 10.95
7.96 8.40 9.27 10.59 10.80 10.95 12.70 14.60 15.91 16.64 16.28 17.81 18.69 19.93 17.67 14.75 13.87 12.56 12.56 12.70 13.51 14.75 15.48 15.55 17.37 19.05 19.86 18.54 15.04 11.39 6.57 4.74 4.53 5.18 4.96 3.94 2.04 0.00 0.00 6.42 6.86 5.11 3.36 3.36 4.53 7.37 8.47 10.22 11.83 12.48 14.60 19.05 21.46 24.02 25.33 25.55 23.00 20.95 20.08 18.32 19.42 21.46 22.56 24.45 24.89 23.80 23.07 20.29 20.29 15.84 7.37 10.07 7.52 5.55 4.60 3.87 3.58 3.07 3.72 4.53 4.67 4.82 6.86 7.52
7.96 8.40 9.27 10.59 10.80 10.95 12.70 14.60 15.91 16.64 16.28 17.81 18.69 19.93 17.67 14.75 13.87 12.56 12.56 12.70 13.51 14.75 15.48 15.55 17.37 19.05 19.86 18.54 15.04 11.39 6.57 4.74 4.53 5.18 4.96 3.94 2.04 0.00 0.00 6.42 6.86 5.11 3.36 3.36 4.53 7.37 8.47 10.22 11.83 12.48 14.60 19.05 21.46 24.02 25.33 25.55 23.00 20.95 20.08 18.32 19.42 21.46 22.56 24.45 24.89 23.80 23.07 20.29 20.29 15.84 7.37 10.07 7.52 5.55 4.60 3.87 3.58 3.07 3.72 4.53 4.67 4.82 6.86 7.52
7.59 7.66 8.98 10.66 11.46 12.19 12.34 13.65 17.45 19.13 19.64 21.02 21.68 22.63 23.21 21.53 18.47 16.64 16.64 16.35 15.40 17.37 18.83 18.47 18.91 20.73 20.37 19.78 17.23 13.65 8.91 5.48 3.72 0.00 0.00 0.00 1.17 0.88 2.26 0.00 4.89 4.16 2.12 2.12 0.00 0.00 5.26 7.23 9.42 10.22 10.22 9.71 10.73 14.31 17.37 18.76 18.69 17.08 16.57 17.45 19.27 21.24 24.02 24.82 24.82 25.11 24.67 24.45 24.45 23.36 19.20 7.66 12.92 10.00 7.96 4.89 3.87 3.21 3.21 3.50 3.87 4.53 5.40 4.74
8.32 9.56 10.95 12.78 14.75 16.35 17.16 18.10 21.02 21.90 21.53 21.46 20.08 19.27 19.27 19.27 18.98 17.59 17.59 17.74 17.16 19.35 20.37 19.96 18.64 19.92 17.70 17.37 17.08 14.38 10.22 7.08 5.55 3.14 1.17 0.73 0.66 0.44 1.68 2.48 2.56 2.41 0.00 0.00 0.00 0.00 4.31 5.84 6.28 5.99 6.72 6.72 7.74 8.69 12.26 15.26 17.52 17.81 18.69 20.00 21.10 22.34 24.02 26.06 27.08 25.99 25.77 25.11 25.11 25.04 24.24 14.31 19.20 14.75 10.73 6.64 5.26 4.53 3.65 3.94 4.74 4.31 4.60 3.80
12.48 15.04 15.70 17.67 19.56 20.88 21.61 23.14 22.70 20.66 19.42 18.83 19.20 18.03 16.57 16.35 17.81 18.76 18.76 19.93 19.78 20.29 21.68 23.10 23.93 19.07 19.28 19.94 20.00 19.35 15.84 11.75 7.81 4.53 1.61 1.10 1.39 1.61 1.90 2.04 1.97 1.53 1.10 1.10 0.00 0.00 0.00 3.50 4.02 4.09 3.43 3.07 3.65 3.94 5.99 8.10 10.22 15.11 18.61 21.97 22.34 21.02 20.73 21.83 23.73 25.77 26.13 25.62 25.62 25.04 24.09 18.83 21.83 18.18 13.94 10.29 9.64 8.61 6.42 5.69 5.26 4.31 4.16 3.65
15.77 15.84 16.79 17.59 18.91 19.49 20.29 20.37 18.76 15.04 12.48 13.51 14.31 12.41 10.95 12.92 16.43 20.81 20.81 22.27 20.88 20.08 22.43 24.46 23.83 22.32 21.78 21.46 22.35 21.90 18.69 16.28 13.51 11.46 6.64 4.96 3.58 2.92 2.48 2.04 1.31 1.53 0.00 0.00 0.00 0.00 0.00 0.00 0.00 0.00 0.00 0.00 0.00 0.00 0.00 0.00 3.50 4.67 7.81 14.89 17.89 18.47 17.59 16.64 15.77 18.40 22.78 24.97 24.97 24.09 22.27 20.44 20.66 18.40 15.48 13.07 11.97 9.34 6.50 6.42 5.33 4.38 4.60 4.96
15.04 14.09 13.51 14.09 15.26 16.57 17.59 17.08 14.75 10.44 7.30 8.18 10.00 9.27 9.27 12.70 15.26 20.08 20.08 22.24 17.25 14.38 15.05 17.96 20.16 20.08 23.03 25.63 25.41 23.96 22.38 20.73 19.64 19.13 15.04 12.19 9.20 5.55 4.02 1.97 0.51 0.95 0.00 0.00 0.00 0.00 0.00 0.00 0.00 0.00 0.00 0.00 0.00 0.00 0.00 0.00 0.00 0.00 4.60 9.05 14.38 17.67 19.05 19.05 15.18 15.91 17.30 20.81 20.81 21.83 19.49 17.67 16.79 15.04 13.29 12.12 10.44 6.64 5.48 5.99 3.87 3.65 4.23 3.80
15.04 14.09 13.51 14.09 15.26 16.57 17.59 17.08 14.75 10.44 7.30 8.18 10.00 9.27 9.27 12.70 15.26 20.08 20.18 22.97 17.52 15.39 14.67 18.42 19.86 20.08 22.34 23.82 23.74 24.33 22.60 21.60 22.06 20.24 15.42 12.19 9.20 5.55 4.02 1.97 0.51 0.95 0.00 0.00 0.00 0.00 0.00 0.00 0.00 0.00 0.00 0.00 0.00 0.00 0.00 0.00 0.00 0.00 4.60 9.05 14.38 17.67 19.05 19.05 15.18 15.91 17.30 20.81 20.81 21.83 19.49 17.67 16.79 15.04 13.29 12.12 10.44 6.64 5.48 5.99 3.87 3.65 4.23 3.80
14.89 13.51 13.36 12.12 10.66 12.19 13.94 14.97 12.78 10.66 9.49 11.10 12.56 13.14 14.89 16.72 20.00 23.07 23.07 20.95 14.53 9.49 8.73 10.23 11.68 13.79 16.89 22.38 24.82 26.56 25.29 23.98 24.62 25.44 21.90 19.52 14.31 9.27 6.35 3.94 1.17 0.00 0.66 0.66 0.00 0.00 0.00 0.00 0.00 0.00 0.00 0.00 0.00 0.00 0.00 0.00 0.00 0.00 0.00 4.09 7.23 13.51 17.30 22.19 23.36 19.86 18.47 18.69 18.69 17.81 15.70 13.36 12.92 10.51 9.49 10.00 7.37 4.38 3.72 3.14 2.26 2.48 1.68 1.10
15.40 14.53 13.65 11.75 10.00 9.56 8.83 10.29 10.29 11.17 11.90 13.36 14.60 14.89 15.62 18.18 21.61 24.67 24.67 20.84 13.87 8.22 4.96 5.40 7.85 9.04 10.44 13.16 18.85 25.29 29.13 29.78 27.96 27.59 26.67 25.57 22.38 17.90 13.43 10.37 7.52 3.80 0.88 0.88 0.00 0.00 0.00 0.00 0.58 0.00 0.00 0.00 0.00 0.00 0.00 0.00 0.00 0.00 0.00 0.00 0.00 4.16 11.68 18.32 21.24 21.97 19.78 18.76 18.76 16.28 13.58 10.73 8.47 7.15 7.52 6.86 5.04 2.56 1.90 1.46 1.31 1.46 0.51 0.66
16.28 15.48 15.48 14.67 13.07 12.12 11.90 12.34 13.14 13.80 13.87 12.78 12.19 12.41 11.83 14.82 17.96 17.67 17.67 16.57 11.02 8.18 5.91 5.69 7.37 8.98 9.56 9.81 13.98 19.83 25.62 30.95 31.39 30.00 30.74 28.37 28.24 23.51 20.37 18.76 16.79 11.53 4.16 4.16 0.73 0.15 0.00 0.00 0.00 0.58 0.00 0.00 0.00 0.00 0.00 0.00 0.00 0.00 0.00 0.00 0.00 4.67 11.17 18.76 20.66 20.37 18.18 15.84 15.84 14.02 10.66 7.74 5.55 6.64 5.18 5.77 4.53 2.41 2.34 1.90 2.04 2.70 2.77 2.26
16.35 16.43 17.52 17.74 18.10 17.81 18.91 20.51 22.92 22.05 18.76 16.28 15.26 13.29 12.05 12.56 12.41 10.22 10.22 8.54 9.78 10.07 8.98 7.96 9.20 10.44 10.29 10.12 10.51 12.12 15.91 22.12 24.67 28.32 30.08 31.83 32.09 30.64 27.19 23.89 19.42 16.35 9.64 9.64 4.31 1.97 0.37 0.00 0.00 0.00 0.00 0.00 0.00 0.00 0.00 0.00 0.00 0.00 3.36 0.00 0.00 4.82 10.51 15.33 17.96 17.45 15.04 12.12 12.12 9.27 6.06 3.87 2.63 5.40 3.58 4.96 4.74 3.87 4.02 2.92 2.77 3.58 2.85 3.21
14.82 13.21 13.80 16.28 18.03 18.18 18.61 20.44 23.60 22.78 20.95 18.98 16.86 14.89 12.78 10.37 7.96 6.57 6.57 7.37 9.56 10.73 11.10 11.17 10.73 10.07 9.93 9.88 8.91 8.61 10.51 12.41 14.60 19.56 22.85 25.92 28.18 29.78 30.46 29.72 24.80 21.24 17.74 17.74 10.95 7.08 4.23 3.43 1.75 0.22 0.00 0.00 0.00 0.00 0.00 0.00 0.00 0.00 5.84 6.35 4.38 5.04 7.88 9.64 10.29 9.34 8.18 6.28 6.28 5.11 0.00 0.00 0.00 3.14 0.00 3.65 4.60 4.31 4.02 1.68 1.24 1.10 0.88 1.46
8.83 10.95 9.56 10.15 11.90 14.82 17.16 17.67 18.87 15.91 13.87 13.65 12.78 9.71 7.52 4.96 3.50 5.55 5.55 7.81 9.86 11.02 11.39 10.88 10.44 10.51 10.51 10.59 9.86 9.76 9.38 8.73 9.48 10.29 11.61 13.58 14.45 19.02 23.58 24.97 22.86 19.49 20.00 20.00 19.35 15.70 14.16 11.75 10.07 5.18 1.97 0.88 0.00 0.00 0.00 0.00 0.00 0.00 4.02 5.55 5.91 4.02 3.43 4.60 5.91 6.50 4.45 3.58 3.58 0.00 0.00 0.00 0.00 2.48 2.04 0.00 3.50 2.99 0.00 0.95 1.02 0.88 0.51 0.80
8.83 10.95 9.56 10.15 11.90 14.82 17.16 17.67 18.40 15.91 13.87 13.65 12.78 9.71 7.52 4.96 3.50 5.58 5.55 7.81 9.86 11.02 11.39 10.88 10.44 10.51 10.51 10.59 9.71 9.42 9.05 8.69 9.20 10.29 11.67 13.65 14.45 18.93 23.82 24.97 22.63 19.49 20.00 20.00 19.35 15.70 14.16 11.75 10.07 5.18 1.97 0.88 0.00 0.00 0.00 0.00 0.00 0.00 4.02 5.55 5.91 4.02 3.43 4.60 5.91 6.50 4.45 3.58 3.58 0.00 0.00 0.00 0.00 2.48 2.04 0.00 3.50 2.99 0.00 0.95 1.02 0.88 0.51 0.80
12.48 9.78 9.86 7.01 8.40 13.29 17.52 19.27 18.38 14.31 10.51 10.51 9.49 6.50 3.80 2.56 3.21 4.82 4.82 6.28 7.96 8.98 8.69 7.59 8.54 9.86 10.07 10.80 10.73 10.15 9.49 9.71 9.56 8.10 7.08 6.79 5.69 9.34 12.11 12.92 11.75 10.59 12.41 12.41 14.67 14.53 14.60 18.03 19.86 18.47 10.59 4.67 1.53 0.00 0.00 0.00 0.00 3.29 0.00 0.00 3.87 3.50 0.00 0.00 0.00 0.00 0.00 0.00 0.00 0.00 0.00 0.00 0.00 0.00 3.14 0.00 0.00 0.00 0.00 0.00 0.00 0.58 0.22 0.80
