Wansh/Snow_depth/snowdepth-1990/winter/1991046.txt
ncols 321
nrows 161
xllcenter 60
yllcenter 15 
cellsize  0.25 
NODATA_value -1
[rows 74 to 110 of 161, columns 84 to 167 of 321]
0.00 0.00 0.00 0.00 0.00 0.00 0.00 0.00 0.00 0.00 0.00 0.00 0.00 0.00 0.00 0.00 0.00 0.00 0.00 0.00 0.00 0.00 0.00 0.00 0.00 0.00 0.00 0.00 0.00 0.00 0.00 0.00 0.00 0.00 0.00 0.00 0.66 0.37 0.00 0.00 0.00 0.51 0.58 0.58 0.88 0.51 0.07 0.07 0.00 0.88 0.80 1.24 0.00 0.00 0.00 2.41 2.85 2.85 2.19 0.58 0.22 0.00 0.00 0.00 0.00 0.00 0.00 0.00 0.00 0.51 2.42 2.63 0.66 0.00 0.00 0.00 0.00 0.00 0.00 0.00 0.00 0.00 1.31 0.07
0.00 0.00 0.00 0.00 0.00 0.15 0.66 0.66 0.00 0.00 0.00 0.00 0.00 0.00 0.00 0.00 2.19 1.83 1.83 2.70 1.83 1.83 0.00 0.00 0.00 0.00 1.83 0.00 0.00 0.00 0.00 0.00 0.00 0.00 0.00 0.00 0.00 0.00 0.00 0.00 2.19 1.46 0.51 0.51 1.24 1.10 0.00 0.07 0.00 0.80 0.73 0.80 1.17 1.24 1.90 2.12 2.12 2.48 2.04 1.24 1.24 1.61 1.90 1.53 1.10 0.58 0.00 0.00 0.00 1.03 2.99 4.09 2.34 0.00 0.00 0.00 0.00 0.00 0.00 0.00 0.00 0.00 0.66 0.67
0.00 0.00 0.00 0.00 0.00 1.17 1.53 0.00 0.00 0.00 0.00 0.00 3.21 2.34 2.19 2.12 2.12 2.63 2.63 1.90 2.19 0.00 0.00 0.00 0.00 0.00 0.00 0.00 0.00 0.00 0.00 0.00 0.00 0.00 0.00 0.00 0.00 0.00 0.00 2.26 2.77 1.83 2.34 2.34 2.12 0.95 0.37 0.88 1.31 1.24 0.00 0.15 0.37 0.66 1.53 0.66 1.46 2.12 1.90 1.53 1.53 1.83 1.46 1.31 1.31 0.88 0.22 1.31 1.31 1.90 2.92 4.02 2.77 1.17 0.00 0.00 0.00 0.00 0.00 0.00 0.00 0.00 0.22 0.53
0.58 0.80 0.58 0.00 0.58 1.10 0.00 2.92 3.21 3.07 3.58 3.58 4.23 3.65 4.31 2.92 2.99 2.70 2.70 2.41 0.00 2.34 0.00 0.00 0.00 0.00 0.00 0.00 0.00 0.00 0.00 0.00 0.00 0.00 0.00 0.00 0.00 0.00 0.00 2.77 0.00 0.00 1.97 1.97 0.00 1.46 0.80 0.00 0.00 0.00 0.00 1.83 0.22 1.46 1.68 1.90 1.97 1.68 1.61 1.68 1.31 1.97 1.61 1.97 2.34 2.19 2.19 2.56 2.56 2.41 2.77 2.70 1.97 1.61 0.00 0.00 0.00 0.00 0.00 0.00 0.00 0.00 0.44 0.74
1.39 2.48 2.41 2.04 1.53 0.00 1.90 2.04 3.36 3.43 3.72 4.09 4.67 4.67 4.23 4.23 3.58 2.92 2.92 2.92 2.41 2.85 2.77 1.75 0.00 0.00 0.00 0.00 0.00 0.00 0.00 0.00 0.00 0.00 0.00 0.00 0.00 0.00 0.00 0.00 0.00 0.00 0.00 0.00 0.00 0.00 0.00 0.00 0.00 0.00 0.00 2.19 0.00 2.48 2.04 2.77 1.68 1.90 1.61 1.68 1.53 2.34 2.12 2.56 1.83 2.12 2.99 2.04 2.04 2.34 2.12 0.80 0.88 1.46 0.73 0.00 0.00 0.00 0.00 0.00 0.00 0.00 1.54 0.96
5.04 4.53 3.94 3.29 3.29 3.29 3.50 3.21 3.65 3.43 3.50 3.87 4.16 4.16 4.02 4.53 4.53 4.09 4.09 3.50 2.99 0.00 2.99 0.00 0.00 0.00 0.00 0.00 0.00 0.00 0.00 0.00 0.00 0.00 0.00 0.00 0.00 0.00 0.00 0.00 0.00 0.00 0.00 0.00 0.00 0.00 0.00 1.24 0.00 0.00 0.00 0.00 0.00 0.00 2.56 2.34 1.68 1.75 1.61 1.24 2.04 2.34 2.85 2.41 1.02 0.58 1.24 0.29 0.29 1.83 0.95 0.22 0.88 1.31 1.03 0.15 0.00 0.00 0.00 0.00 0.00 0.00 1.31 0.88
0.00 0.00 0.00 0.00 3.72 3.58 3.29 3.50 3.29 2.77 3.29 3.36 3.65 4.02 3.58 3.87 3.94 4.23 4.23 3.50 3.72 3.43 2.41 3.29 0.00 0.00 0.00 0.00 0.00 0.00 0.00 0.00 0.00 0.00 0.00 0.00 0.00 0.00 0.00 0.00 0.00 0.00 0.00 0.00 0.00 0.00 0.07 0.00 0.07 0.00 0.00 0.00 0.00 0.00 0.00 0.00 1.17 1.39 2.04 1.83 2.04 2.12 2.34 1.97 0.29 0.00 0.00 0.00 0.00 0.15 0.00 0.15 1.61 1.68 1.75 1.10 0.22 0.38 0.00 0.00 0.00 0.00 0.44 0.29
0.00 0.00 0.00 0.00 0.00 3.43 2.85 1.97 2.41 3.36 3.65 3.80 2.99 3.50 3.07 3.14 3.36 3.14 3.14 2.70 1.75 2.19 1.97 2.70 0.00 0.00 0.00 0.00 0.00 0.00 0.00 0.00 0.00 0.00 0.00 0.00 0.00 0.00 0.00 0.00 0.00 0.00 0.00 0.00 0.00 0.00 0.00 0.00 0.00 0.00 0.00 0.00 0.00 0.00 0.22 0.29 0.44 0.88 1.53 1.24 1.75 2.12 2.41 1.90 0.00 0.00 0.00 0.00 0.00 0.00 0.00 0.15 2.48 4.67 5.18 3.45 1.25 0.69 0.00 0.00 0.00 0.00 0.00 0.00
0.00 2.92 3.94 2.63 2.04 2.77 0.00 0.00 0.00 0.00 3.58 0.00 3.72 3.72 3.80 3.72 3.07 3.29 3.29 1.61 0.00 0.00 0.00 2.70 0.00 0.00 0.00 0.00 0.00 0.00 0.00 0.00 0.00 0.00 0.00 0.00 0.00 0.00 0.00 0.00 0.00 0.00 0.00 0.00 0.00 0.00 0.00 0.00 0.00 0.00 0.00 0.00 0.00 0.07 0.00 0.00 1.31 1.02 1.17 1.75 1.90 1.68 1.90 1.75 0.88 0.37 0.00 0.00 0.00 0.22 0.44 0.37 2.26 6.42 8.98 7.23 3.29 1.53 1.31 0.66 0.00 0.00 0.00 0.00
4.09 4.53 5.77 4.82 2.99 0.00 0.00 0.00 0.00 0.00 0.00 0.00 3.21 2.99 4.09 4.23 2.41 1.90 1.90 3.14 2.12 0.00 0.00 0.00 0.00 0.00 0.00 0.00 0.00 0.00 0.00 0.00 0.00 0.00 0.00 0.00 3.50 3.14 0.00 0.00 0.00 0.37 0.00 0.00 0.00 0.00 0.00 0.00 0.00 0.00 0.00 0.00 0.00 0.37 0.22 0.58 0.95 1.24 1.61 1.46 2.19 2.19 1.61 2.04 2.19 2.04 2.63 2.12 2.12 1.68 1.10 0.80 1.53 5.48 8.40 8.18 5.33 2.56 1.83 0.95 1.68 0.80 0.00 0.00
3.72 4.09 4.31 5.04 5.26 3.29 0.00 0.00 0.00 0.00 2.70 0.00 0.00 3.65 4.02 3.80 3.58 2.99 2.99 1.97 2.34 2.92 0.00 0.00 0.00 0.00 0.00 0.00 0.00 0.00 0.00 0.00 0.00 0.00 0.00 0.00 0.00 2.77 4.02 0.73 0.22 0.00 0.00 0.00 0.00 0.00 0.00 0.00 0.00 0.00 0.00 0.00 0.00 0.15 1.02 1.61 1.39 1.75 2.34 2.04 2.77 3.21 3.80 3.21 3.43 4.53 5.55 3.07 3.07 2.56 2.48 2.04 2.48 3.80 6.86 7.88 7.23 6.06 4.23 2.92 2.19 2.70 1.83 0.00
0.00 2.56 3.07 3.65 4.89 4.31 0.00 2.56 3.29 3.65 2.85 0.00 0.00 2.92 3.72 3.87 3.65 2.56 2.56 2.70 3.58 2.77 0.00 0.00 0.00 0.00 0.00 0.00 0.37 0.00 0.00 0.00 1.83 1.46 0.00 0.00 0.00 0.00 1.39 0.80 0.00 0.00 0.37 0.37 0.00 0.00 0.00 0.00 0.00 0.00 0.00 0.00 0.58 0.51 3.29 4.67 6.50 5.33 4.45 2.92 3.08 4.32 4.74 5.33 6.72 7.01 8.10 5.84 5.84 3.94 4.60 4.74 2.77 2.77 3.50 4.96 6.28 6.42 5.84 4.16 2.99 4.23 2.77 0.00
1.10 2.12 2.85 3.14 3.14 3.36 3.07 2.56 2.77 2.41 2.34 2.48 2.12 0.00 0.00 0.00 0.00 3.43 3.43 3.50 4.82 5.11 4.31 2.48 0.00 0.00 0.00 0.00 0.00 2.12 0.00 0.00 0.00 0.00 0.00 0.00 0.00 0.00 0.00 0.00 4.89 3.87 3.07 3.07 1.39 1.31 1.17 0.80 0.29 0.44 0.66 0.15 0.29 0.58 4.45 12.48 16.86 16.86 15.77 11.97 8.25 6.28 6.78 8.61 9.71 9.13 7.96 5.84 5.84 6.35 9.27 10.95 11.02 7.15 2.99 1.02 1.90 3.36 4.82 5.91 4.89 4.60 2.12 0.00
1.17 1.83 2.70 3.21 0.00 2.56 0.00 0.00 0.00 0.00 0.00 2.34 1.90 1.97 0.00 2.26 2.99 3.36 3.36 3.21 4.02 3.65 2.19 2.48 0.00 1.17 0.00 1.68 0.00 0.00 0.00 0.00 0.00 0.00 0.00 0.00 0.00 0.00 0.00 3.94 6.06 4.60 2.41 2.41 1.39 2.77 2.19 1.83 1.02 1.10 0.88 0.66 1.02 2.12 6.94 13.14 17.30 19.71 20.08 16.79 11.75 9.13 8.61 9.42 9.34 9.78 10.51 7.59 7.59 7.45 9.20 12.92 14.60 10.88 5.62 3.36 1.53 1.46 3.43 4.53 4.96 4.38 2.63 0.00
1.61 1.61 2.26 0.00 0.00 0.00 3.29 2.63 0.00 0.00 0.00 2.56 3.07 2.56 1.97 1.83 3.36 3.58 3.58 2.85 3.50 2.99 2.48 1.90 2.41 0.00 1.61 2.12 0.00 0.00 0.00 0.00 0.00 0.00 0.00 0.00 0.00 0.00 1.97 2.04 3.94 2.77 1.75 1.75 2.77 4.60 4.45 3.72 4.02 2.48 2.12 1.46 2.19 2.99 2.63 11.68 15.99 17.81 20.00 19.93 14.24 11.17 10.15 11.17 11.13 13.21 14.45 12.70 12.70 8.91 7.81 11.61 12.26 10.29 6.50 3.07 2.12 1.68 2.56 2.85 3.50 4.23 1.90 0.00
2.56 1.75 0.00 0.00 0.00 0.00 0.00 0.00 0.00 0.00 0.00 0.00 3.07 0.00 2.48 2.56 2.85 2.92 2.92 3.07 3.50 3.14 2.56 2.04 2.92 4.02 3.21 2.26 0.00 0.00 0.00 2.19 3.43 3.14 2.34 0.00 0.00 2.56 0.00 1.83 2.41 0.00 3.58 3.58 4.82 6.35 7.37 7.52 7.23 6.13 5.40 4.02 4.16 5.91 4.82 10.80 13.36 13.43 17.79 16.96 12.70 10.80 10.65 11.39 13.27 15.05 15.91 14.31 14.31 10.29 5.77 7.96 8.40 7.23 4.82 3.43 1.83 2.04 2.99 0.00 0.00 0.00 3.52 0.00
2.77 2.26 0.00 0.00 0.00 0.00 0.00 0.00 0.00 0.00 0.00 0.00 0.00 0.00 0.00 0.00 2.85 2.56 2.56 2.41 3.14 2.77 2.92 2.41 3.21 3.14 2.70 3.07 0.00 0.00 0.00 2.85 2.77 2.41 2.56 0.00 0.00 0.00 0.00 0.00 0.00 0.00 3.14 3.14 3.21 6.35 7.81 8.98 9.20 9.64 9.13 9.20 10.88 12.41 13.36 14.82 14.60 12.92 11.90 10.66 9.18 8.10 8.04 10.07 12.26 12.85 14.76 13.49 13.06 10.86 6.13 5.62 5.55 4.89 3.87 2.85 0.00 0.00 2.37 0.00 0.00 0.00 2.90 0.00
1.90 1.17 0.88 0.00 0.00 0.00 0.37 0.22 0.00 0.00 0.00 0.00 0.00 0.00 0.00 0.00 0.00 0.00 0.00 0.00 0.00 0.00 0.00 0.95 0.00 2.63 0.00 2.85 0.00 0.00 0.00 0.00 0.00 0.00 0.00 0.00 0.00 0.00 0.00 0.00 0.00 0.00 1.31 1.31 2.77 4.16 5.40 6.13 8.47 11.17 12.19 14.67 17.96 19.27 20.66 15.70 20.66 14.97 12.09 9.36 6.35 5.40 4.84 5.48 6.46 8.94 8.61 9.56 9.61 9.49 5.58 5.55 5.48 4.96 3.67 0.00 0.00 0.00 0.00 0.00 0.00 0.00 2.60 2.38
1.61 0.80 1.10 0.88 0.00 0.00 0.73 0.95 0.00 0.15 0.00 0.00 0.00 0.00 0.00 0.00 0.00 0.00 0.00 0.00 0.00 0.00 0.00 0.00 0.00 1.97 0.00 0.00 0.00 0.00 0.00 0.00 0.00 0.00 0.00 0.00 0.00 0.00 0.00 0.00 0.00 0.00 0.00 0.00 1.68 3.94 4.45 4.96 7.08 12.19 14.97 15.18 18.83 21.90 23.21 23.73 22.27 17.89 15.84 11.90 7.23 4.20 2.86 2.81 4.67 6.67 6.59 6.50 6.50 5.50 4.50 5.58 7.92 6.67 4.40 0.00 0.00 0.00 0.00 0.00 0.00 0.00 0.00 2.74
1.61 1.39 1.39 1.39 1.24 0.00 0.00 0.00 0.00 0.00 0.58 0.00 0.00 0.00 0.00 0.00 0.00 0.00 0.00 0.00 0.00 0.00 0.00 0.00 0.00 0.00 0.00 0.00 0.00 0.00 0.00 0.00 0.00 0.00 0.00 0.00 0.00 0.00 0.00 0.00 0.00 0.00 0.37 0.37 2.70 3.58 4.31 5.91 7.23 14.75 15.91 13.94 16.72 18.76 19.42 20.44 19.84 18.61 17.96 13.21 9.27 4.92 2.85 1.92 3.63 5.62 5.72 4.38 4.38 3.32 3.61 4.99 8.23 8.36 7.04 4.92 3.65 0.00 0.00 0.00 0.00 0.00 0.00 4.10
2.92 1.83 1.75 1.90 1.39 1.17 1.68 0.00 0.00 0.00 0.95 0.00 0.00 0.00 0.00 0.00 0.22 0.00 0.00 0.00 1.17 1.75 0.00 0.00 0.00 0.00 0.00 0.00 0.00 0.00 0.00 0.00 0.00 0.00 0.00 0.00 0.00 0.00 0.00 0.00 0.00 0.00 0.44 0.44 1.90 2.99 5.04 6.79 7.01 12.99 14.67 12.19 12.81 12.94 12.54 14.53 19.04 16.43 16.64 13.80 10.80 6.60 3.77 3.07 3.30 5.97 7.03 4.45 4.48 0.00 4.28 4.38 6.78 9.02 9.66 8.47 6.93 5.22 3.36 0.00 0.00 6.20 6.23 5.90
4.74 3.65 3.58 4.45 2.34 1.39 1.75 0.00 0.00 0.00 0.00 0.00 0.00 0.00 0.00 0.00 0.00 0.00 0.00 0.00 0.00 0.00 0.00 0.00 0.00 0.00 0.00 0.95 0.00 0.00 0.00 0.00 0.00 0.00 0.00 0.00 0.00 0.00 0.00 0.00 0.00 0.00 0.00 0.00 0.80 1.02 4.23 5.40 6.42 10.80 12.05 11.24 10.07 9.17 10.00 11.66 14.12 12.58 12.67 12.76 11.01 7.78 6.63 4.58 4.13 6.10 8.09 4.99 4.99 3.02 5.01 0.00 4.89 7.01 9.54 10.05 10.21 8.30 5.77 0.00 0.00 7.94 8.93 6.62
7.01 5.40 5.55 6.79 4.89 2.63 1.97 2.26 1.68 0.00 0.00 0.00 0.00 0.00 0.00 0.00 0.00 0.00 0.00 0.00 0.00 0.00 0.00 0.00 0.00 0.00 0.00 2.19 0.66 0.00 0.00 0.00 0.00 0.00 0.00 0.00 0.00 0.00 0.00 0.00 0.00 4.02 0.00 0.00 2.99 2.12 3.58 5.33 8.03 10.15 10.95 11.02 10.00 9.61 10.21 10.87 11.23 9.40 10.91 10.99 10.50 10.34 9.56 8.27 5.99 5.44 7.00 5.41 5.33 3.71 3.65 3.88 5.44 7.74 9.71 9.68 10.52 7.86 6.13 3.90 4.36 8.35 10.54 9.80
10.15 5.91 3.50 5.62 4.96 3.29 5.62 4.09 3.87 2.92 1.02 0.37 0.00 0.00 0.00 0.00 0.00 0.00 0.00 0.00 0.00 0.00 0.00 0.00 0.00 0.00 2.04 2.19 1.53 0.95 0.00 0.73 0.00 0.95 1.61 0.00 0.00 0.00 0.00 0.00 0.00 8.40 8.10 8.10 7.01 5.69 6.06 6.20 8.25 10.41 10.54 11.71 12.15 12.27 12.05 9.98 9.56 7.52 10.25 8.18 8.14 10.53 13.15 12.26 8.37 5.47 4.74 5.64 5.50 4.23 2.26 4.27 5.92 9.95 11.67 10.00 10.09 6.70 5.66 4.25 5.13 7.93 9.76 8.94
12.78 7.52 5.77 7.45 9.34 12.99 16.43 14.89 10.44 7.08 4.74 2.85 2.41 1.53 1.17 0.37 0.66 1.53 1.53 1.10 0.00 0.88 0.15 2.34 2.41 2.63 1.97 2.04 1.61 1.10 1.24 1.10 1.39 1.83 2.04 1.68 1.02 0.00 0.00 4.23 4.53 5.26 7.59 7.59 9.20 12.26 11.68 13.21 12.63 12.70 12.64 15.69 13.83 10.63 9.76 8.41 9.15 9.93 10.89 11.81 12.55 13.01 12.87 16.63 14.75 9.83 7.53 4.72 4.65 1.24 0.58 3.71 6.20 9.02 14.23 18.61 13.24 7.92 4.92 3.33 4.42 4.36 6.26 9.06
9.64 8.76 8.61 9.56 10.88 14.82 17.59 16.57 11.97 6.13 0.00 2.70 3.21 2.41 1.68 1.24 1.31 0.88 0.88 1.10 1.39 1.10 0.37 1.02 1.83 2.41 1.31 1.31 1.68 1.83 1.46 0.66 1.68 1.97 3.07 2.99 3.43 5.11 5.69 4.02 2.92 2.70 4.82 4.82 8.76 12.12 14.38 14.24 12.27 11.18 12.04 10.78 8.93 8.48 9.97 8.01 6.55 7.18 11.09 11.74 14.82 15.51 16.36 18.29 12.92 7.66 8.80 7.49 7.38 1.02 0.22 2.71 4.49 8.38 13.51 18.83 15.93 9.58 5.25 2.49 3.78 2.47 4.17 7.91
7.45 8.69 9.34 8.25 8.98 11.83 14.60 13.14 9.27 5.18 0.00 0.00 0.00 3.29 2.63 1.90 1.61 1.02 1.02 0.51 1.02 1.46 1.31 0.51 1.68 0.37 0.73 0.95 1.24 2.26 1.31 1.31 0.95 1.97 3.72 4.23 4.45 4.45 2.63 0.29 0.58 1.17 3.14 3.14 5.55 9.42 11.83 11.50 10.38 10.03 10.80 9.95 8.65 8.38 8.39 6.82 5.07 4.96 6.52 9.45 14.76 17.13 20.22 19.78 13.14 6.56 8.04 7.48 8.32 2.73 0.30 1.23 3.03 6.28 12.50 16.37 14.75 9.42 5.01 2.47 2.53 2.95 4.04 8.61
4.60 6.72 7.52 5.99 6.28 8.10 9.27 9.54 7.74 4.45 0.00 0.00 0.00 0.00 2.26 1.97 1.68 1.83 1.83 1.17 1.02 1.97 1.46 1.46 0.73 1.10 0.00 0.58 0.80 1.68 1.83 1.61 0.58 1.75 2.12 3.50 4.16 2.19 0.44 0.00 0.00 0.00 0.95 0.95 2.70 5.33 7.45 8.29 9.20 9.52 9.65 10.38 10.75 10.03 7.66 6.75 3.90 3.39 3.48 6.56 11.85 17.26 20.32 21.10 17.89 9.04 7.70 8.40 8.09 5.89 0.78 0.09 1.12 4.46 8.71 10.71 9.41 8.33 4.63 3.49 3.41 4.10 7.05 9.12
0.00 3.21 3.94 3.58 4.02 6.57 7.66 7.45 6.86 3.72 2.04 0.00 0.00 0.00 0.00 1.53 1.75 2.56 2.56 1.68 1.31 0.44 0.88 1.46 1.02 0.66 0.29 0.66 0.51 1.10 0.58 0.66 0.07 0.15 1.68 2.12 1.83 0.22 0.00 0.00 0.00 0.00 1.17 1.17 2.04 3.72 5.18 7.88 9.93 11.17 11.04 9.78 9.21 8.16 7.16 6.19 3.61 0.00 3.17 7.39 7.34 12.13 16.77 21.86 20.25 12.72 8.45 8.66 8.71 8.11 3.24 0.48 0.45 2.47 4.71 5.64 5.29 5.50 3.10 3.61 4.59 6.79 9.19 10.79
0.00 0.00 0.00 0.00 0.00 6.20 7.37 7.74 7.74 4.31 3.21 2.56 1.46 0.00 0.00 0.00 0.44 1.02 1.02 2.12 1.17 0.88 0.58 0.51 0.29 0.00 0.37 0.00 0.00 0.00 0.00 0.22 0.00 0.00 0.07 0.95 0.44 0.00 0.00 0.00 0.00 0.00 0.00 0.00 1.10 1.83 3.01 5.91 8.60 10.01 11.61 9.97 9.45 6.57 4.28 4.81 4.44 0.00 0.00 3.74 6.59 9.95 12.10 16.33 18.12 16.21 12.05 9.34 10.93 8.09 6.84 2.45 0.81 1.50 1.80 2.25 3.00 3.07 2.25 1.99 3.04 7.07 9.65 10.40
0.00 0.00 0.00 0.00 0.00 0.00 6.42 7.08 7.01 5.91 4.53 4.31 2.85 2.04 1.46 1.02 1.75 0.00 0.00 0.00 0.44 0.00 0.00 0.00 0.22 0.00 0.00 0.00 0.00 0.00 0.00 0.00 0.00 0.00 0.00 0.80 0.15 0.00 0.00 0.00 0.00 0.00 0.00 0.00 0.00 0.73 0.88 2.97 4.03 7.50 6.54 8.49 6.94 6.40 5.56 0.00 0.00 0.00 0.00 8.65 8.18 7.34 9.83 12.72 13.66 14.02 15.33 10.17 11.39 8.67 8.41 3.67 1.67 1.06 0.47 1.31 2.49 2.77 1.83 1.43 1.58 6.88 10.93 10.33
0.00 0.00 0.00 0.00 0.00 0.00 0.00 5.84 5.33 5.18 4.45 5.04 4.89 4.74 3.87 6.08 4.06 0.00 0.00 0.00 0.00 0.00 0.00 0.00 0.37 0.00 0.00 0.00 0.00 0.00 0.00 0.00 0.00 0.00 0.00 0.00 0.51 0.00 0.00 0.00 0.00 0.00 0.00 0.00 0.00 0.00 0.29 0.00 2.14 5.68 7.54 8.46 8.12 0.00 0.00 0.00 0.00 0.00 0.00 0.00 4.43 7.48 8.31 10.06 11.21 12.53 16.76 12.00 12.26 9.89 7.71 3.57 3.69 0.84 0.77 1.62 3.14 2.61 0.93 0.66 1.11 3.65 5.79 8.58
0.00 0.00 0.00 0.00 0.00 0.00 0.00 0.00 4.16 3.72 4.09 5.99 6.13 6.42 7.15 8.44 8.25 4.84 4.52 2.92 0.95 0.66 0.00 0.00 0.66 0.22 0.00 0.00 0.00 0.00 0.00 0.00 0.00 0.00 0.00 0.00 0.29 0.00 0.00 0.00 0.80 0.80 0.00 0.00 0.00 0.00 0.00 0.62 4.10 8.74 11.60 10.84 7.77 0.00 0.00 0.00 0.00 0.00 0.00 0.00 0.00 5.84 6.75 4.95 9.61 11.62 12.13 13.35 16.32 11.66 5.78 3.54 4.69 1.92 1.38 2.11 3.83 2.99 0.73 0.00 0.00 0.00 0.00 0.00
0.00 0.00 0.00 0.00 0.00 0.00 0.00 0.00 0.00 0.00 0.00 0.00 0.00 0.00 0.00 3.07 4.31 5.27 5.36 6.13 7.08 6.13 5.33 3.29 4.38 4.82 3.29 1.75 0.00 0.00 0.00 2.99 2.12 0.00 1.46 3.14 4.38 3.58 5.18 6.24 7.00 6.56 5.33 5.33 5.77 4.74 1.75 0.00 5.54 5.54 0.00 0.00 0.00 0.00 0.00 0.00 0.00 0.00 0.00 0.00 0.00 0.00 0.00 0.00 5.93 9.52 8.67 7.63 8.53 9.57 6.99 3.63 4.87 2.73 1.21 2.13 3.59 2.65 2.02 0.00 0.00 0.00 0.00 0.00
0.00 0.00 0.00 0.00 0.00 0.00 0.00 0.00 0.00 0.00 0.00 0.00 0.00 0.00 0.00 0.00 0.00 0.00 0.00 2.77 5.89 6.88 5.55 5.69 5.55 7.69 8.91 5.69 4.38 5.26 5.11 6.13 6.28 2.26 3.87 5.04 6.06 9.13 9.20 8.61 6.29 7.77 6.86 7.67 8.98 8.61 4.31 5.02 7.08 0.00 0.00 0.00 0.00 0.00 0.00 0.00 0.00 0.00 0.00 0.00 0.00 0.00 0.00 0.00 5.16 6.34 0.00 0.00 0.00 6.34 5.26 0.00 0.00 0.00 0.00 0.00 3.06 0.00 0.00 0.00 0.00 0.00 0.00 0.00
0.00 0.00 0.00 0.00 0.00 0.00 0.00 0.00 0.00 0.00 0.00 0.00 0.00 0.00 0.00 0.00 0.00 0.00 0.00 0.00 0.00 2.19 3.14 3.50 4.67 8.00 7.00 7.37 6.72 7.96 7.23 8.98 9.71 7.66 6.20 6.20 4.53 7.01 8.76 6.50 4.65 5.18 6.13 7.78 11.06 10.53 7.50 5.28 9.02 0.00 0.00 0.00 0.00 0.00 0.00 0.00 0.00 0.00 0.00 0.00 0.00 0.00 0.00 0.00 0.00 0.00 0.00 0.00 0.00 0.00 0.00 0.00 0.00 0.00 0.00 0.00 0.00 0.00 0.00 0.00 0.00 0.00 0.00 0.00
0.00 0.00 0.00 0.00 0.00 0.00 0.00 0.00 0.00 0.00 0.00 0.00 0.00 0.00 0.00 0.00 0.00 0.00 0.00 0.00 0.00 0.00 0.00 0.00 2.48 2.56 0.00 4.53 5.69 6.20 4.60 6.47 10.53 7.66 6.20 0.00 0.00 0.00 0.00 0.00 0.00 0.00 0.00 0.00 0.00 9.52 9.13 0.00 4.67 0.00 0.00 0.00 0.00 0.00 0.00 0.00 0.00 0.00 0.00 0.00 0.00 0.00 0.00 0.00 0.00 0.00 0.00 0.00 0.00 0.00 0.00 0.00 0.00 0.00 0.00 0.00 0.00 0.00 0.00 0.00 0.00 0.00 0.00 0.00
