Wansh/Snow_depth/snowdepth-1990/winter/1991009.txt
ncols 321
nrows 161
xllcenter 60
yllcenter 15 
cellsize  0.25 
NODATA_value -1
[rows 38 to 75 of 161, columns 0 to 83 of 321]
0.00 0.00 0.00 0.00 0.00 0.00 0.00 0.00 7.15 0.00 0.00 0.00 9.13 8.40 8.47 9.86 10.37 9.64 8.76 7.01 6.50 5.77 5.77 6.35 0.00 5.11 5.11 3.21 3.87 4.16 4.23 3.87 3.58 0.00 0.00 0.00 0.00 0.00 0.00 0.00 0.00 0.00 0.00 0.00 0.00 0.00 0.00 0.00 0.00 0.00 0.00 0.00 0.00 0.00 0.00 0.00 0.00 0.00 0.00 0.58 1.90 0.00 0.00 0.00 0.00 0.00 0.00 1.68 1.97 0.00 0.00 0.00 0.00 0.00 4.74 0.00 0.00 0.00 0.00 0.00 8.61 10.44 11.46 13.07
0.00 0.00 0.00 0.00 0.00 0.00 0.00 0.00 0.00 0.00 0.00 0.00 10.66 10.73 10.07 9.34 9.71 10.07 9.71 7.52 6.94 7.01 7.23 7.30 5.77 6.20 6.20 4.60 4.89 5.62 5.48 5.55 4.96 4.31 4.23 3.50 0.00 0.00 0.00 0.00 0.00 0.00 0.00 0.00 0.00 0.00 3.65 4.16 0.00 0.00 0.00 0.00 0.00 0.00 0.00 0.00 0.00 0.00 0.00 0.00 0.51 1.31 1.75 2.12 1.90 1.61 1.83 2.19 3.14 0.00 0.00 0.00 0.00 0.00 7.52 7.88 7.88 8.03 9.34 10.73 11.53 11.97 11.75 13.43
0.00 0.00 0.00 0.00 0.00 0.00 0.00 0.00 0.00 0.00 0.00 0.00 0.00 11.83 11.24 11.68 12.05 10.80 8.98 7.15 6.94 7.15 7.52 8.69 7.96 5.91 5.91 4.96 5.99 7.52 7.37 7.37 6.28 6.79 7.37 6.72 0.00 0.00 0.00 0.00 0.00 6.35 5.55 5.55 5.84 5.40 5.55 5.40 3.72 2.34 1.46 1.46 0.00 0.00 0.00 0.00 0.00 0.00 0.00 0.00 2.41 2.12 2.12 2.48 2.41 2.48 2.70 0.00 0.00 0.00 0.00 0.00 0.00 0.00 7.96 8.76 8.76 9.64 11.24 12.26 12.78 12.63 11.32 7.45
0.00 0.00 0.00 0.00 0.00 0.00 0.00 0.00 0.00 0.00 0.00 0.00 0.00 13.21 14.53 13.43 11.39 10.22 9.13 8.91 7.52 7.96 8.18 8.25 7.96 6.50 6.50 5.62 6.13 7.23 7.59 8.25 8.18 8.25 8.83 8.32 7.01 5.77 0.00 0.00 0.00 6.64 6.42 7.08 7.52 6.57 7.30 6.57 4.23 0.00 0.00 0.00 0.00 0.00 2.99 3.29 3.29 0.00 0.00 0.00 0.00 3.36 3.36 2.92 0.00 3.43 3.36 0.00 0.00 0.00 0.00 0.00 0.00 0.00 9.64 10.80 10.80 11.53 12.05 12.92 12.85 13.21 11.32 8.91
0.00 0.00 0.00 0.00 0.00 0.00 0.00 0.00 0.00 0.00 0.00 0.00 0.00 0.00 14.67 11.61 11.90 11.39 11.02 10.51 9.13 8.03 7.08 7.74 7.15 6.35 6.35 6.28 5.99 6.64 6.35 6.79 7.23 7.66 7.52 7.30 0.00 0.00 0.00 0.00 0.00 4.89 5.18 6.79 8.40 7.23 5.69 3.87 0.00 0.00 0.00 0.00 0.00 0.00 0.00 3.72 3.36 0.00 0.00 0.00 3.94 3.43 3.29 0.00 0.00 0.00 0.00 0.00 0.00 0.00 0.00 0.00 0.00 6.20 7.15 7.45 7.45 8.61 8.98 8.98 8.83 10.15 10.91 10.23
0.00 0.00 0.00 0.00 0.00 0.00 0.00 0.00 0.00 0.00 0.00 0.00 0.00 0.00 0.00 13.43 12.70 12.12 12.56 10.73 9.27 8.32 7.81 7.88 6.50 7.23 7.23 6.13 6.79 7.08 7.08 6.57 5.33 5.77 5.77 0.00 0.00 0.00 0.00 0.00 0.00 0.00 2.56 3.65 3.58 3.29 2.04 2.04 1.39 0.73 0.51 0.51 1.75 2.92 3.29 3.43 3.87 0.00 0.00 0.00 0.00 3.43 2.56 0.00 0.00 0.00 0.00 0.00 0.00 0.00 0.00 0.00 2.41 3.72 3.94 3.94 3.94 4.09 4.02 4.89 3.72 3.07 3.43 3.72
0.00 0.00 0.00 0.00 0.00 0.00 0.00 0.00 0.00 0.00 0.00 0.00 0.00 0.00 0.00 10.88 12.26 12.70 11.97 9.71 8.32 8.40 8.40 8.47 8.40 9.05 9.05 9.42 9.78 9.34 11.17 8.18 6.42 4.60 3.80 0.00 0.00 0.00 0.00 3.87 0.00 0.00 0.00 0.00 1.75 2.56 2.41 2.26 1.10 1.02 0.95 0.95 2.26 2.92 3.80 5.33 6.13 0.00 0.00 0.00 0.00 0.00 3.43 3.58 0.00 0.00 0.00 0.00 0.00 0.00 0.00 0.00 0.58 0.00 0.00 0.00 0.00 0.00 0.58 0.51 0.44 1.02 2.34 0.00
0.00 0.00 0.00 0.00 0.00 0.00 0.00 0.00 0.00 0.00 0.00 0.00 0.00 0.00 0.00 0.00 11.39 11.90 10.22 9.49 9.05 8.25 8.98 9.20 10.22 11.10 11.10 12.78 12.63 12.48 12.48 10.07 9.13 7.88 6.57 5.26 2.48 0.00 3.07 2.77 0.00 0.00 0.00 0.00 3.65 5.18 4.53 3.94 3.07 3.29 2.56 2.56 3.72 3.80 5.04 7.30 8.98 0.00 0.00 0.00 0.00 0.00 4.53 4.89 0.00 0.00 0.00 0.00 6.13 0.00 0.00 2.92 1.90 1.17 0.00 0.15 0.15 1.02 1.31 1.68 3.14 4.82 5.04 4.31
0.00 0.00 0.00 0.00 0.00 0.00 0.00 0.00 0.00 0.00 0.00 0.00 0.00 0.00 0.00 0.00 11.39 11.90 10.22 9.49 9.05 8.25 8.98 9.20 10.22 11.10 11.10 12.78 12.63 12.48 12.48 10.07 9.13 7.88 6.57 5.26 2.48 0.00 3.07 2.77 0.00 0.00 0.00 0.00 3.65 5.18 4.53 3.94 3.07 3.29 2.56 2.56 3.72 3.80 5.04 7.30 8.98 0.00 0.00 0.00 0.00 0.00 4.53 4.89 0.00 0.00 0.00 0.00 6.13 0.00 0.00 2.92 1.90 1.17 0.00 0.15 0.15 1.02 1.31 1.68 3.14 4.82 5.04 4.35
0.00 0.00 0.00 0.00 0.00 0.00 0.00 0.00 0.00 0.00 0.00 0.00 0.00 0.00 0.00 0.00 10.22 10.80 10.07 9.49 9.13 9.42 10.80 11.24 12.99 13.65 13.65 13.72 13.87 13.14 14.97 14.82 14.09 11.68 11.17 9.13 7.88 7.74 6.50 4.82 3.07 0.00 3.50 3.43 4.31 6.72 7.01 5.77 4.82 4.74 5.11 5.11 0.00 6.06 7.15 8.69 9.86 0.00 0.00 0.00 0.00 0.00 0.00 6.20 7.01 0.00 7.81 8.40 8.47 8.91 9.34 10.44 8.47 5.62 3.07 2.77 2.77 3.21 4.23 6.50 7.88 11.39 13.87 14.08
0.00 0.00 0.00 0.00 0.00 0.00 0.00 0.00 0.00 0.00 0.00 0.00 0.00 0.00 0.00 0.00 0.00 10.44 11.17 11.17 10.88 11.46 12.63 13.14 13.43 12.70 12.70 11.83 12.99 14.24 14.16 14.60 15.33 15.40 14.53 13.65 13.94 12.26 10.95 6.94 5.40 5.62 5.26 4.02 2.92 5.48 5.77 5.84 6.94 7.01 6.94 6.94 8.10 9.78 11.32 11.02 10.66 10.07 0.00 0.00 0.00 0.00 7.52 7.96 8.47 8.69 8.76 9.71 9.86 8.32 8.40 11.68 11.61 9.78 8.18 9.34 9.34 8.91 9.71 10.22 11.39 14.75 19.93 21.24
0.00 0.00 0.00 0.00 0.00 0.00 0.00 0.00 0.00 0.00 0.00 0.00 0.00 0.00 0.00 0.00 0.00 10.37 10.73 10.51 10.66 11.61 12.34 12.70 11.68 10.59 10.59 10.22 11.32 13.72 14.53 12.12 15.40 12.48 11.90 12.85 13.51 14.02 13.14 10.59 8.32 8.10 6.72 3.87 2.85 4.45 4.60 5.26 8.10 9.05 9.49 9.49 9.86 11.83 11.97 11.24 11.68 11.02 10.00 9.13 8.18 0.00 7.15 7.96 8.32 6.64 5.62 4.45 4.09 1.39 1.17 5.99 8.54 10.73 12.41 15.33 15.33 16.13 16.35 14.97 12.78 14.01 18.42 21.64
0.00 0.00 0.00 0.00 0.00 0.00 0.00 0.00 0.00 0.00 0.00 0.00 0.00 0.00 0.00 0.00 0.00 0.00 9.56 9.93 9.86 10.07 11.61 11.68 8.83 8.18 8.18 9.27 11.53 13.29 11.32 7.52 10.37 7.88 9.64 9.13 9.93 10.88 10.95 10.80 10.07 9.42 7.74 7.45 6.06 4.96 4.96 5.40 7.08 10.15 11.83 11.83 11.10 13.21 13.21 13.36 14.89 13.51 14.38 12.85 9.56 8.40 6.94 5.04 4.82 0.00 0.00 0.00 0.00 0.00 0.00 0.00 3.80 8.61 11.90 14.60 14.60 16.64 16.79 14.38 13.29 13.71 15.11 16.81
0.00 0.00 0.00 0.00 0.00 0.00 0.00 0.00 0.00 0.00 0.00 0.00 0.00 0.00 0.00 0.00 0.00 0.00 7.52 6.86 7.88 8.76 11.32 10.15 8.69 8.54 8.54 9.56 9.56 7.52 4.60 2.04 2.99 5.18 4.53 5.48 5.77 6.94 8.91 10.59 11.39 10.15 9.05 8.40 8.10 8.32 7.96 7.52 8.61 10.59 13.14 13.14 12.12 14.16 17.16 18.69 20.00 20.00 20.51 18.69 14.60 8.98 6.42 5.18 4.89 0.00 0.00 0.00 0.00 0.00 0.00 0.00 0.00 10.00 10.29 10.66 10.66 10.80 8.98 10.59 9.78 9.27 10.15 9.64
0.00 0.00 0.00 0.00 0.00 0.00 0.00 0.00 0.00 0.00 0.00 0.00 0.00 0.00 0.00 0.00 0.00 0.00 0.00 4.60 4.67 5.26 6.86 8.61 9.20 9.86 9.86 8.18 7.37 3.29 0.00 0.00 0.00 0.00 1.61 3.65 4.96 7.45 10.00 10.51 9.56 8.25 8.47 9.93 11.32 11.39 10.95 9.34 9.13 11.83 13.07 13.07 11.10 12.34 17.96 21.17 24.02 23.94 23.29 21.24 19.05 14.60 9.71 9.42 8.69 8.18 4.82 0.00 0.00 0.00 0.00 0.00 10.07 9.20 8.47 7.96 7.96 5.33 4.23 4.89 6.57 6.94 5.55 4.67
0.00 0.00 0.00 0.00 0.00 0.00 0.00 0.00 0.00 0.00 0.00 0.00 0.00 0.00 0.00 0.00 0.00 0.00 0.00 1.39 0.00 0.00 3.14 6.79 8.10 4.53 4.53 4.09 1.68 0.00 0.00 0.00 0.00 0.00 0.00 7.01 8.61 9.42 9.93 9.42 8.61 7.30 9.42 11.90 14.16 13.36 11.39 7.52 7.23 7.96 9.56 9.56 9.34 11.17 15.48 18.83 19.93 19.86 19.35 19.20 19.64 17.08 15.11 14.82 15.77 15.99 17.16 16.94 14.24 11.24 9.34 8.98 8.69 8.18 5.91 4.02 4.02 2.26 0.66 1.31 2.92 3.29 3.87 2.53
0.00 0.00 0.00 0.00 0.00 0.00 0.00 0.00 0.00 0.00 0.00 0.00 0.00 0.00 0.00 0.00 0.00 0.00 0.00 0.00 0.00 0.00 0.00 1.90 1.10 0.00 0.00 0.00 0.00 0.00 0.00 0.00 0.00 2.34 1.02 10.22 9.64 7.59 7.23 7.59 7.30 7.66 10.51 13.94 12.85 11.10 7.96 3.72 3.50 5.48 7.30 7.30 9.56 10.15 13.43 17.01 16.06 15.84 15.33 14.75 15.18 14.89 13.58 14.02 15.62 19.05 21.90 22.27 20.29 15.18 8.69 4.89 4.74 4.53 2.85 1.46 1.46 1.39 0.00 0.00 0.00 0.29 0.00 0.00
0.00 0.00 0.00 0.00 0.00 0.00 0.00 0.00 0.00 0.00 0.00 0.00 0.00 0.00 0.00 0.00 0.00 0.00 0.00 0.00 0.00 0.00 0.00 0.00 0.00 0.00 0.00 0.00 0.00 0.00 0.00 2.48 3.94 4.02 6.13 5.69 7.59 4.67 5.18 6.64 7.08 8.83 10.51 11.24 9.78 8.10 6.64 3.94 3.21 4.31 7.15 7.15 7.96 7.52 11.75 15.11 16.06 15.18 13.07 11.68 10.88 10.00 9.78 9.13 12.70 17.01 21.83 23.00 20.29 14.53 7.59 4.38 2.77 2.41 1.75 0.80 0.80 0.00 0.00 0.00 0.00 0.00 0.00 0.00
0.00 0.00 0.00 0.00 0.00 0.00 0.00 0.00 0.00 0.00 0.00 0.00 0.00 0.00 0.00 0.00 0.00 0.00 0.00 0.00 0.00 0.00 0.00 0.00 0.00 0.00 0.00 0.00 0.00 0.00 0.29 1.02 2.70 3.07 4.23 6.28 6.35 5.33 6.35 7.15 7.59 6.94 6.42 6.94 4.82 5.77 5.77 5.55 5.91 7.30 7.45 7.45 6.20 6.86 8.40 12.41 15.55 15.62 13.43 12.05 10.66 9.20 7.59 8.03 9.71 14.31 18.61 18.98 14.89 10.51 6.57 3.43 1.97 1.02 0.73 1.17 1.17 0.00 0.00 0.00 0.00 0.00 0.00 0.00
0.00 0.00 0.00 0.00 0.00 0.00 0.00 0.00 0.00 0.00 0.00 0.00 0.00 0.00 0.00 0.00 0.00 0.00 0.00 0.00 0.00 0.00 0.00 0.00 0.00 0.00 0.00 0.00 0.00 0.00 0.00 0.00 0.00 0.00 0.95 1.97 5.84 6.64 6.94 6.79 3.94 1.97 1.68 1.83 2.04 3.72 5.48 8.40 9.34 9.49 7.81 7.81 6.64 6.42 0.00 10.51 15.18 18.10 16.72 14.60 11.75 9.13 7.37 8.40 9.20 9.86 12.70 10.22 7.30 4.96 3.21 2.19 1.10 0.51 0.00 0.00 0.00 0.00 0.00 0.00 0.00 0.00 0.00 0.00
0.00 0.00 0.00 0.00 0.00 0.00 0.00 0.00 0.00 0.00 0.00 0.00 0.00 0.00 0.00 0.00 0.00 0.00 0.00 0.00 0.00 0.00 0.00 0.00 0.00 0.00 0.00 2.12 0.00 0.00 0.00 0.00 0.00 0.00 0.00 0.00 2.48 4.74 4.96 3.29 0.00 0.00 0.00 0.00 0.58 2.19 5.11 7.96 10.22 9.64 7.74 7.74 7.01 8.40 9.64 11.68 15.99 18.54 19.20 18.32 14.31 8.61 7.30 7.52 6.72 6.94 5.62 4.53 2.48 2.04 1.97 1.61 1.10 0.07 0.00 0.00 0.00 0.00 0.00 0.00 0.00 0.00 0.00 0.00
0.00 0.00 0.00 0.00 0.00 0.00 0.00 0.00 0.00 0.00 0.00 0.00 0.00 0.00 0.00 0.00 0.00 0.00 0.00 0.00 0.00 0.00 0.00 0.00 0.66 4.74 4.74 6.79 8.40 4.74 0.00 0.51 0.00 0.00 0.00 0.00 0.51 3.50 4.53 0.00 0.00 0.00 0.00 0.00 2.04 3.36 5.55 6.79 8.32 8.54 8.10 8.10 8.91 10.88 11.53 14.02 16.64 16.13 16.28 18.25 12.92 6.57 4.31 4.74 4.96 3.72 2.77 2.04 1.75 1.83 1.24 0.22 0.00 0.00 0.00 0.00 0.00 0.00 0.00 0.00 0.00 0.00 0.00 0.00
0.00 0.00 0.00 0.00 0.00 0.00 0.00 0.00 0.00 0.00 0.00 0.00 0.00 0.00 0.00 0.00 0.00 0.00 0.00 0.00 0.00 0.00 0.00 0.00 0.00 3.29 3.29 6.20 7.74 7.74 6.06 2.63 0.00 0.00 0.00 0.00 0.00 3.36 4.96 4.53 2.92 2.85 1.90 2.99 4.16 5.69 6.28 7.23 8.10 9.42 9.05 9.05 10.59 13.36 13.94 14.75 14.82 11.24 11.68 13.29 7.96 4.16 2.63 3.65 3.07 2.70 1.97 1.02 0.44 0.73 0.29 0.00 0.00 0.00 0.00 0.00 0.00 0.00 0.00 0.00 0.00 0.00 0.00 0.00
0.00 0.00 0.00 0.00 0.00 0.00 0.00 0.00 0.00 0.00 0.00 0.00 0.00 0.00 0.00 0.00 0.00 0.00 0.00 0.00 0.00 0.00 0.00 0.00 0.00 0.00 0.00 1.02 4.02 4.60 6.06 0.00 0.00 0.00 0.00 1.61 1.24 7.08 5.11 4.74 4.74 5.18 3.94 4.67 5.04 6.72 7.45 8.32 8.32 9.20 10.51 10.51 12.70 12.26 12.70 11.83 10.15 6.50 5.84 5.69 3.87 2.19 1.68 2.56 2.19 1.39 1.10 0.22 0.00 0.00 0.00 0.00 0.00 0.00 0.00 0.00 0.00 0.00 0.00 0.00 0.00 0.00 0.00 0.00
0.00 0.00 0.00 0.00 0.00 0.00 0.00 0.00 0.00 0.00 0.00 0.00 0.00 0.00 0.00 0.00 0.00 0.00 0.00 0.00 0.00 0.00 0.00 0.00 0.00 0.00 0.00 0.00 0.66 2.26 0.00 4.82 4.23 3.94 5.55 4.45 3.58 4.31 5.18 6.64 6.42 6.06 5.84 5.84 5.84 8.18 10.80 10.73 9.49 8.98 10.15 10.15 12.41 11.32 9.78 8.98 7.15 3.43 2.92 3.94 3.58 2.26 2.04 1.75 1.76 1.31 0.37 0.00 0.00 0.00 0.00 0.00 0.00 0.00 0.00 0.00 0.00 0.00 0.00 0.00 0.00 0.00 0.00 0.00
0.00 0.00 0.00 0.00 0.00 0.00 0.00 0.00 0.00 0.00 0.00 0.00 0.00 0.00 0.00 0.00 0.00 0.00 0.00 0.00 0.00 0.00 0.00 0.00 0.00 0.00 0.00 0.00 0.00 0.51 4.60 5.69 5.84 5.91 6.20 4.82 5.04 5.91 7.23 8.40 8.47 7.01 6.50 6.86 7.81 10.51 12.05 10.07 8.25 7.66 10.15 10.15 10.66 8.91 6.86 5.26 4.31 3.80 3.36 3.50 2.99 2.04 2.56 2.04 1.46 1.17 0.51 0.00 0.00 0.00 0.00 0.00 0.00 0.00 0.00 0.00 0.00 0.00 0.00 0.00 0.00 0.00 0.00 0.00
0.00 0.00 0.00 0.00 0.00 0.00 0.00 0.00 0.00 0.00 0.00 0.00 0.00 0.00 0.00 0.00 0.00 0.00 0.00 0.00 0.00 0.00 0.00 0.00 0.00 0.00 0.00 0.00 0.00 1.24 7.01 7.15 6.06 5.77 4.60 4.89 5.26 6.20 6.28 7.08 6.79 5.84 8.03 7.88 9.42 10.80 11.53 9.71 7.37 6.13 8.18 8.18 9.78 6.72 4.31 4.38 4.82 5.26 5.55 5.18 2.70 1.69 1.75 1.97 1.68 1.61 0.73 0.22 0.00 0.00 0.00 0.00 0.00 0.00 0.00 0.00 0.00 0.00 0.00 0.00 0.00 0.00 0.00 0.00
0.00 0.00 0.00 0.00 0.00 0.00 0.00 0.00 0.00 0.00 0.00 0.00 0.00 0.00 0.00 0.00 0.00 0.00 0.00 0.00 0.00 0.00 0.00 0.00 0.00 0.00 0.00 0.00 0.00 4.60 5.91 5.33 2.92 1.31 1.97 2.04 2.41 4.02 4.74 6.35 5.55 6.42 8.18 8.10 10.22 11.32 10.59 8.61 7.08 6.79 7.23 7.23 7.59 5.84 4.67 5.99 7.52 7.81 6.79 4.82 2.48 1.46 0.58 1.31 1.17 1.31 1.24 1.02 0.58 0.22 0.00 0.00 0.00 0.00 0.00 0.00 0.00 0.00 0.00 0.00 0.00 0.00 0.00 0.00
0.00 0.00 0.00 0.00 0.00 0.00 0.00 0.00 0.00 0.00 0.00 0.00 0.00 0.00 0.00 0.00 0.00 0.00 0.00 0.00 0.00 0.00 1.53 0.00 0.00 0.00 0.00 0.00 0.80 4.31 3.72 1.10 0.00 0.00 0.00 0.00 0.22 0.88 2.41 2.34 4.31 5.26 8.03 8.40 9.71 9.34 8.61 7.59 7.01 5.62 5.26 5.26 5.11 5.40 5.48 6.72 7.88 7.66 5.99 4.45 3.29 1.90 1.61 0.66 0.95 1.31 1.46 1.61 1.39 1.17 0.51 0.00 0.00 0.00 0.00 0.00 0.00 0.00 0.00 0.00 0.00 0.00 0.00 0.00
0.00 0.00 0.00 0.00 0.00 0.00 0.00 0.00 0.00 0.00 0.00 0.00 0.00 0.00 0.00 0.00 0.00 0.00 0.00 0.00 0.00 2.63 2.34 0.00 0.00 0.00 0.00 0.00 1.83 0.88 0.00 0.00 0.00 0.00 0.00 0.00 0.00 0.00 0.66 0.00 3.21 5.77 7.45 8.61 9.05 7.88 7.52 7.45 6.79 5.48 4.53 4.53 4.67 5.18 5.18 6.06 6.35 5.33 4.60 4.23 3.65 3.29 2.85 0.88 1.02 1.53 1.31 2.41 2.41 1.31 1.39 0.00 0.00 0.00 0.00 0.00 0.00 0.00 0.00 0.00 0.00 0.00 0.00 0.00
0.00 0.00 0.00 0.00 0.00 0.00 0.00 0.00 0.00 0.00 0.00 0.00 0.00 0.00 0.00 0.00 0.00 0.00 0.00 0.00 3.07 2.56 0.00 0.00 0.00 0.00 0.00 0.00 0.00 0.00 0.00 0.00 0.00 0.00 0.00 0.00 0.00 0.00 0.00 0.00 3.94 5.40 8.76 9.71 9.20 7.15 6.79 6.86 6.64 6.50 6.20 6.20 5.62 5.04 4.31 4.45 3.72 3.94 4.02 4.60 4.16 3.94 3.07 0.00 0.29 1.53 1.46 2.41 2.41 2.20 1.98 0.00 0.00 0.00 0.00 0.00 0.00 0.00 0.00 0.00 0.00 0.00 0.00 0.00
0.00 0.00 0.00 0.00 0.00 0.00 0.00 0.00 0.00 0.00 0.00 0.00 0.00 0.00 0.00 0.00 0.00 0.00 0.00 4.09 3.87 0.00 0.00 0.00 0.00 0.00 0.00 0.00 0.00 0.00 0.00 0.00 0.00 0.00 0.00 0.00 0.00 0.00 0.00 0.00 0.00 3.14 9.49 11.10 9.42 9.05 7.59 7.74 8.18 8.69 8.40 8.40 6.64 5.62 5.11 5.26 5.40 4.89 4.16 3.87 4.23 3.87 2.48 0.95 0.22 0.37 0.88 2.04 2.56 2.70 2.12 0.00 0.00 0.00 0.00 0.00 0.00 0.00 0.00 0.00 0.00 0.00 0.00 0.00
0.00 0.00 0.00 0.00 0.00 0.00 0.00 0.00 0.00 0.00 0.00 0.00 0.00 0.00 0.00 0.00 0.00 0.00 9.34 8.10 2.92 0.00 0.00 0.00 0.00 0.00 0.00 0.00 0.00 0.00 0.00 0.00 0.00 0.00 0.00 0.00 0.00 0.00 0.00 0.00 0.00 3.87 8.40 11.75 12.48 12.12 9.27 10.73 11.46 10.15 9.64 9.64 8.83 8.25 8.03 8.91 9.05 7.88 4.60 4.45 5.77 4.38 2.77 1.83 0.66 0.15 0.29 1.46 1.98 1.68 1.53 1.75 0.00 0.00 0.00 0.00 0.00 0.00 0.00 0.00 0.00 0.00 0.00 0.00
0.00 0.00 0.00 0.00 0.00 0.00 0.00 0.00 0.00 0.00 0.00 0.00 0.00 0.00 0.00 0.00 0.00 10.95 10.44 6.06 1.61 0.00 0.00 0.00 0.00 0.00 0.00 0.00 0.00 0.00 0.00 0.00 0.00 0.00 0.00 0.00 0.00 0.00 0.00 0.00 1.24 4.82 6.13 11.46 13.51 14.24 11.46 11.75 11.46 10.07 11.17 11.17 12.12 11.90 12.26 13.87 12.78 10.22 7.08 5.91 5.84 4.45 2.56 1.17 0.00 0.00 0.00 0.00 1.46 1.24 1.02 0.95 0.95 2.04 2.41 1.97 1.97 0.00 0.00 0.00 0.00 0.00 0.00 0.00
0.00 0.00 0.00 0.00 0.00 0.00 0.00 0.00 0.00 0.00 0.00 0.00 0.00 0.00 0.00 0.00 11.02 10.51 7.08 2.56 0.00 0.00 0.00 0.00 0.00 0.00 0.00 0.00 0.00 0.00 0.00 0.00 0.00 0.00 0.00 0.00 0.00 0.00 0.00 0.00 2.12 4.60 5.91 10.95 12.63 12.19 11.02 10.66 9.05 9.20 10.88 10.88 12.63 12.85 13.72 15.77 13.87 9.56 8.32 6.28 5.77 6.06 3.50 1.90 1.46 1.90 1.02 0.58 0.73 0.37 0.73 0.44 0.00 0.58 1.10 1.97 1.97 2.26 1.75 1.25 0.44 0.00 0.00 0.00
0.00 0.00 0.00 0.00 0.00 0.00 0.00 0.00 0.00 0.00 0.00 0.00 0.00 0.00 0.00 9.20 11.68 8.76 0.00 0.00 0.00 0.00 0.00 0.00 0.00 0.00 0.00 0.00 0.00 0.00 0.00 0.00 0.00 0.00 0.00 0.00 0.00 1.97 1.90 2.56 3.50 6.42 10.15 11.17 10.80 10.95 8.54 7.96 7.45 8.61 9.86 9.86 11.53 11.68 13.36 14.24 10.44 8.54 8.54 6.57 5.11 5.11 5.55 4.31 1.97 2.34 1.53 1.97 0.58 0.80 2.26 1.53 0.15 0.22 0.00 0.88 0.88 0.80 0.51 0.95 0.95 0.73 0.00 0.00
0.00 0.00 0.00 0.00 0.00 0.00 0.00 0.00 0.00 0.00 0.00 0.00 0.00 0.00 0.00 13.80 12.85 10.37 8.18 0.00 0.00 0.00 0.00 0.00 0.00 0.00 0.00 0.00 0.00 0.66 0.00 0.00 0.00 0.00 0.00 4.45 4.16 4.31 3.94 4.53 5.84 8.18 11.83 11.90 10.07 8.98 7.59 8.40 7.37 7.52 8.98 8.98 10.07 10.29 10.29 9.56 8.40 7.30 6.86 4.74 3.58 4.53 5.40 5.04 2.63 3.72 3.94 2.92 1.17 1.68 3.21 2.85 1.17 0.00 0.00 0.00 0.00 0.00 0.15 0.44 0.51 0.07 0.37 0.00
0.00 0.00 0.00 0.00 0.00 0.00 0.00 0.00 0.00 0.00 0.00 0.00 0.00 0.00 0.00 0.00 15.26 10.88 8.83 5.91 2.19 0.00 0.00 0.00 0.00 2.92 2.92 4.09 4.16 4.31 0.00 2.85 2.63 2.85 4.45 5.84 5.33 5.26 4.31 5.33 7.88 10.15 11.32 12.26 8.83 8.32 7.88 7.15 6.72 7.88 9.56 9.56 9.93 9.20 8.61 8.18 6.86 5.69 4.96 4.31 3.87 4.96 5.33 6.13 4.45 4.16 3.58 3.43 3.29 2.63 3.36 3.14 2.77 2.12 1.68 0.15 0.15 0.00 0.00 0.00 0.07 0.00 0.00 0.00
