Wansh/Snow_depth/snowdepth-1990/winter/1991006.txt
ncols 321
nrows 161
xllcenter 60
yllcenter 15 
cellsize  0.25 
NODATA_value -1
[rows 0 to 37 of 161, columns 168 to 251 of 321]
8.40 7.15 6.64 4.23 4.31 4.38 4.45 5.55 6.13 6.13 6.50 5.91 5.69 6.35 6.72 6.06 5.33 6.28 6.79 8.54 10.66 11.02 9.42 10.00 10.07 8.18 5.69 0.58 0.00 0.00 0.00 0.00 4.38 9.13 10.66 10.66 10.59 9.34 10.15 11.32 11.90 11.39 10.29 10.73 11.39 12.48 13.80 14.45 13.51 11.53 9.27 9.56 12.05 13.14 13.87 14.24 16.13 17.74 17.74 17.45 17.45 17.89 18.47 19.42 20.29 22.34 23.21 23.29 21.61 20.00 18.40 18.03 18.03 19.20 19.27 20.00 20.51 20.66 19.86 19.35 18.83 17.52 17.45 17.01
9.64 9.05 8.47 7.81 6.72 5.48 5.48 4.23 4.96 4.96 5.69 6.20 6.06 6.42 5.55 5.62 5.69 7.01 8.83 10.80 10.95 9.93 9.42 9.34 8.32 5.77 1.46 0.00 0.00 0.00 0.00 0.00 4.82 9.20 9.34 9.34 8.98 8.69 9.56 12.70 13.07 11.83 11.90 11.90 12.05 12.92 13.21 11.97 11.97 11.53 10.88 10.80 11.75 12.70 14.24 15.18 16.64 17.59 19.49 19.93 19.93 20.00 19.78 20.00 20.51 21.02 21.61 21.68 20.95 20.00 19.35 18.69 18.18 17.08 16.72 17.37 17.89 18.47 18.61 17.30 15.40 12.99 11.39 11.46
11.75 10.07 8.83 8.25 6.42 5.33 5.40 5.62 3.58 3.58 4.74 6.42 5.69 5.26 5.33 5.91 6.13 7.37 9.42 9.64 10.15 9.05 8.54 8.61 8.18 3.94 0.00 0.00 0.00 0.00 0.00 0.00 6.13 8.83 8.03 8.03 8.03 9.78 11.53 14.24 14.38 13.51 12.78 11.97 11.68 11.90 10.73 10.44 10.88 10.00 10.22 11.32 12.34 13.43 14.02 15.11 15.77 16.43 17.23 19.05 19.05 19.93 19.64 18.76 18.47 18.10 18.18 19.78 19.78 17.89 17.59 17.74 17.16 15.99 15.18 13.65 13.36 14.67 14.02 13.87 12.41 11.53 10.80 10.22
11.75 10.07 8.83 8.25 6.42 5.33 5.40 5.62 3.58 3.58 4.74 6.42 5.69 5.26 5.33 5.91 6.13 7.37 9.42 9.64 10.15 9.05 8.54 8.61 8.18 3.94 0.00 0.00 0.00 0.00 0.00 0.00 6.13 8.83 8.03 8.03 8.03 9.78 11.53 14.24 14.38 13.51 12.78 11.97 11.68 11.90 10.73 10.44 10.88 10.00 10.22 11.32 12.34 13.43 14.02 15.11 15.77 16.43 17.23 19.05 19.05 19.93 19.64 18.76 18.47 18.10 18.18 19.78 19.78 17.89 17.59 17.74 17.16 15.99 15.18 13.65 13.36 14.67 14.02 13.87 12.41 11.53 10.80 10.22
12.26 10.59 9.71 8.18 6.42 5.18 5.91 5.84 5.55 5.55 5.04 4.53 5.33 5.33 6.20 7.37 8.47 9.42 9.78 8.83 8.40 6.86 6.86 4.67 0.00 0.00 0.00 0.00 0.00 0.00 0.00 3.72 6.13 7.08 6.79 6.79 8.18 9.93 11.61 11.24 10.80 11.24 11.39 11.17 10.88 10.66 10.44 10.44 9.71 9.49 9.86 11.53 12.26 12.63 13.07 13.43 13.43 15.04 17.52 18.76 18.76 19.13 18.61 17.37 16.79 16.50 16.06 16.28 16.06 15.18 14.82 14.53 14.38 13.87 12.56 11.24 11.68 12.26 12.85 12.92 13.29 13.29 12.85 13.21
13.94 13.43 12.12 10.37 7.81 6.20 6.20 6.64 7.30 7.30 6.06 5.99 5.84 7.81 8.25 9.20 9.05 9.64 8.47 6.20 5.33 3.43 0.80 0.00 0.00 0.00 0.00 0.00 0.00 0.00 3.36 5.69 6.94 7.23 7.30 7.30 9.13 10.22 10.37 9.13 9.13 9.49 9.49 9.49 9.13 8.91 9.05 9.56 9.71 10.00 10.44 11.75 12.70 12.12 10.88 11.24 12.41 13.51 14.89 16.13 16.13 16.94 17.96 17.01 15.33 14.53 13.94 12.63 12.63 12.99 12.34 13.29 13.72 13.29 12.19 11.90 11.75 12.41 13.94 14.82 14.67 14.67 15.33 15.70
15.55 15.70 15.62 14.75 13.58 11.10 9.86 9.42 9.78 9.78 8.69 8.47 8.32 6.94 8.61 9.27 10.07 9.56 6.64 3.72 0.22 0.00 0.00 0.00 0.00 0.00 0.00 0.00 0.00 0.51 4.23 6.50 8.03 9.42 9.49 9.49 10.66 10.95 8.69 8.03 8.03 8.47 9.05 9.42 9.64 9.42 8.98 9.42 10.37 10.51 10.66 11.02 11.68 11.90 10.80 10.37 10.80 11.39 12.05 13.36 13.36 13.87 13.58 13.58 13.07 11.83 10.59 10.73 10.95 9.78 9.93 10.44 10.29 10.95 11.46 10.29 10.51 11.61 12.41 13.61 16.55 18.23 17.62 19.17
15.55 15.70 15.62 14.75 13.58 11.10 9.86 9.42 9.78 9.78 8.69 8.47 8.32 6.94 8.61 9.27 10.07 9.56 6.64 3.72 0.22 0.00 0.00 0.00 0.00 0.00 0.00 0.00 0.00 0.51 4.23 6.50 8.03 9.42 9.49 9.49 10.66 10.95 8.69 8.03 8.03 8.47 9.05 9.42 9.64 9.42 8.98 9.42 10.37 10.51 10.66 11.02 11.68 11.90 10.80 10.37 10.80 11.39 12.05 13.36 13.36 13.87 13.58 13.58 13.07 11.83 10.59 10.73 10.95 9.78 9.93 10.44 10.29 10.95 11.46 11.90 14.50 16.70 17.00 23.13 27.32 24.26 22.67 19.89
11.02 16.06 16.86 16.64 15.91 13.51 10.95 10.59 10.59 10.59 9.13 8.69 8.69 8.32 7.66 9.20 9.71 7.37 1.39 0.00 0.00 0.00 0.00 0.00 0.00 0.00 0.00 0.44 3.58 5.18 6.57 7.45 8.76 9.86 10.80 10.80 11.68 10.66 8.40 7.37 6.64 7.88 8.25 9.34 9.64 8.91 8.83 10.44 11.53 12.41 12.19 11.83 11.17 10.07 9.71 9.64 9.78 10.15 9.86 9.56 9.56 9.86 9.49 9.05 8.54 8.18 7.52 7.52 8.61 8.61 8.40 8.10 7.96 8.35 10.83 12.48 12.92 12.28 11.77 17.19 17.77 17.02 16.27 17.08
7.88 10.00 13.43 13.94 14.16 12.85 11.02 10.44 9.93 9.93 8.91 8.83 8.61 9.05 8.18 8.83 5.33 0.00 0.00 0.00 0.00 0.00 0.00 0.00 0.00 2.77 3.87 5.40 5.33 5.91 8.10 7.52 7.15 7.74 7.81 7.81 8.83 8.69 6.50 5.26 6.06 7.01 7.74 8.91 9.05 8.61 8.18 9.27 10.44 11.17 11.17 10.59 9.78 9.49 9.05 8.47 8.32 8.10 7.52 7.45 7.45 7.74 7.15 6.42 6.50 7.01 7.08 6.57 6.72 7.45 6.86 7.37 8.10 9.80 11.15 10.81 10.47 10.19 12.19 12.13 11.00 11.27 14.39 13.20
8.10 7.96 8.10 10.00 11.61 10.95 10.73 10.73 10.37 10.37 9.27 8.18 6.35 6.28 3.72 0.00 5.18 0.00 0.00 0.00 0.00 0.00 0.00 1.75 2.19 4.82 5.84 5.55 5.48 6.13 6.06 5.18 4.38 4.53 5.04 5.04 5.18 5.40 4.67 4.53 6.20 7.08 6.64 5.62 5.62 6.20 6.35 6.86 8.10 9.20 9.71 9.27 8.69 8.25 8.18 8.03 7.52 6.79 6.13 5.77 5.77 5.91 5.91 5.62 5.62 5.77 5.84 5.62 5.33 5.33 5.99 6.57 6.51 6.30 6.40 9.50 11.75 11.68 10.44 11.21 11.34 11.25 10.37 10.79
8.10 7.96 8.10 10.00 11.61 10.95 10.73 10.73 10.37 10.37 9.27 8.18 6.35 6.28 3.72 0.00 5.18 0.00 0.00 0.00 0.00 0.00 0.00 1.75 2.19 4.82 5.84 5.55 5.48 6.13 6.06 5.18 4.38 4.53 5.04 5.04 5.18 5.40 4.67 4.53 6.20 7.08 6.64 5.62 5.62 6.20 6.35 6.86 8.10 9.20 9.71 9.27 8.69 8.25 8.18 8.03 7.52 6.79 6.13 5.77 5.77 5.91 5.91 5.62 5.62 5.77 5.84 5.62 5.33 5.33 5.99 6.57 6.35 6.20 6.20 8.82 10.47 10.81 11.14 11.64 11.34 11.00 11.39 11.54
10.59 9.13 8.47 8.25 7.96 7.96 8.40 7.52 6.35 6.35 3.50 0.00 1.02 0.00 0.00 0.00 0.00 0.00 0.00 0.00 2.56 4.02 3.80 4.96 4.23 4.16 3.94 4.60 4.31 4.02 3.43 3.14 2.63 3.14 3.87 3.87 4.23 4.45 4.82 5.04 5.48 5.18 4.74 3.58 3.43 4.38 4.82 5.62 7.23 7.81 7.88 7.81 7.15 7.23 7.66 7.23 6.79 6.42 6.13 5.62 5.62 5.62 6.20 6.13 5.69 5.55 5.55 5.48 5.33 5.11 4.96 4.89 5.26 5.40 6.14 8.90 11.61 10.58 11.19 12.53 12.88 14.06 13.93 11.82
11.02 10.07 8.91 8.10 6.13 6.20 5.18 4.09 0.00 0.00 0.00 0.00 0.00 0.00 0.00 0.00 0.00 0.00 0.00 4.02 3.72 4.31 3.43 3.58 3.72 3.36 2.63 4.16 4.60 4.31 3.72 3.29 3.36 3.94 4.23 4.23 5.26 5.99 6.13 5.84 5.18 4.38 3.58 3.14 3.21 2.99 3.36 4.09 5.11 5.84 5.91 5.69 5.26 5.84 5.69 6.13 7.01 7.30 7.23 6.64 6.64 6.86 6.94 7.01 7.01 7.23 7.30 6.06 5.48 5.55 5.48 5.18 5.55 7.34 9.63 10.95 10.95 12.78 13.93 12.68 15.01 13.28 13.00 14.13
11.83 11.97 11.10 8.54 9.49 8.98 6.94 4.82 0.00 0.00 0.00 0.00 0.00 0.00 0.00 0.00 0.00 0.15 1.10 2.48 4.09 3.87 3.94 4.16 3.94 3.87 4.09 5.26 5.48 5.04 4.53 4.67 4.53 5.11 5.33 5.33 5.62 5.84 6.13 5.69 4.67 3.58 2.99 3.21 4.02 4.31 4.38 4.23 4.16 4.23 3.80 3.87 3.94 3.72 4.67 5.69 7.45 8.32 7.74 7.52 7.52 7.74 7.66 7.23 7.08 7.45 7.15 6.79 6.20 6.06 6.28 6.35 6.91 9.26 10.19 12.06 13.74 16.44 14.97 14.32 14.89 14.13 14.60 13.71
13.87 13.72 11.83 10.51 11.61 10.59 10.29 8.83 7.81 7.81 6.06 2.26 3.87 4.23 3.14 3.58 2.92 2.99 2.19 2.41 3.07 3.50 4.09 5.18 5.62 5.91 5.04 5.48 5.62 5.91 5.99 6.13 6.57 6.35 6.28 6.28 6.57 6.72 5.69 5.40 5.26 4.74 5.40 5.33 4.74 3.94 3.65 4.09 3.80 3.72 3.14 2.04 2.34 3.14 3.58 5.48 8.40 9.05 8.69 8.10 8.10 6.86 6.64 6.72 6.06 5.55 5.69 5.11 5.18 5.77 6.64 8.88 9.88 10.22 13.60 12.70 14.60 15.62 17.06 17.18 16.11 16.11 14.31 13.15
13.87 13.72 11.83 10.51 11.61 10.59 10.29 8.83 7.81 7.81 6.06 2.26 3.87 4.23 3.14 3.58 2.92 2.99 2.19 2.41 3.07 3.50 4.09 5.18 5.62 5.91 5.04 5.48 5.62 5.91 5.99 6.13 6.57 6.35 6.28 6.28 6.57 6.72 5.69 5.40 5.26 4.74 5.40 5.33 4.74 3.94 3.65 4.09 3.80 3.72 3.14 2.04 2.34 3.14 3.58 5.48 8.40 9.05 8.69 8.10 8.10 6.86 6.64 6.72 6.06 5.55 5.69 5.11 5.18 5.77 6.64 10.90 9.26 11.11 12.22 15.71 14.81 17.27 17.40 15.50 15.57 13.86 15.56 14.93
12.34 13.36 12.63 12.12 12.63 13.36 12.26 12.63 12.92 12.92 11.53 10.00 8.69 7.23 5.91 5.48 4.89 4.09 4.38 3.87 3.58 4.45 4.96 6.20 6.35 6.50 6.28 6.64 6.28 6.79 7.59 8.10 7.66 7.15 6.94 6.94 7.45 7.08 5.26 5.40 5.69 6.06 6.35 5.77 4.74 3.94 3.58 2.92 2.92 3.21 2.70 1.46 1.46 2.04 2.70 4.53 6.94 8.32 8.47 7.59 7.59 6.35 5.84 5.33 4.82 4.23 4.16 3.07 3.21 4.82 7.34 9.86 12.64 12.76 13.78 17.01 18.57 16.95 16.92 19.32 16.08 14.80 14.71 11.89
9.56 11.46 13.36 14.24 14.53 15.04 14.89 14.67 13.29 13.29 11.10 10.00 9.20 10.29 10.88 10.59 9.13 7.66 6.79 6.28 6.06 5.55 5.99 6.72 6.50 6.64 6.86 7.15 6.79 6.94 7.08 6.86 7.23 7.96 7.96 7.96 7.74 7.23 7.45 7.74 7.52 6.50 5.84 5.18 4.02 3.29 3.29 2.99 2.41 2.19 1.83 1.61 1.39 1.24 0.00 3.36 5.04 6.57 7.23 5.99 5.99 4.82 4.60 4.60 3.65 2.41 2.70 2.77 2.63 5.06 9.07 11.95 13.55 13.90 15.30 17.20 16.78 18.35 18.64 20.00 17.30 17.81 13.92 13.26
12.48 10.51 12.63 13.43 13.36 14.09 13.29 15.70 13.21 13.21 11.39 12.05 12.99 14.24 14.82 13.36 10.15 7.74 6.20 6.79 6.57 6.57 6.94 6.50 6.06 6.13 6.28 5.91 5.84 6.64 7.15 8.69 8.98 8.03 7.37 7.37 7.88 7.96 7.66 7.52 7.52 6.72 5.62 3.80 2.92 3.58 3.87 2.99 2.70 1.83 1.31 1.61 1.83 0.00 0.00 0.00 3.94 5.99 6.94 6.28 6.28 5.40 5.33 4.60 3.72 2.92 2.77 2.85 3.72 6.72 9.64 13.21 15.77 17.52 18.91 20.26 20.44 23.04 22.67 19.01 19.39 15.87 13.70 14.28
10.66 8.98 9.78 10.73 11.68 11.32 10.73 10.73 12.34 12.34 11.68 12.99 13.43 14.31 14.45 12.26 9.42 6.86 6.06 6.42 6.72 6.94 7.52 6.72 6.50 5.40 5.69 5.55 5.33 6.06 7.15 8.47 10.15 9.27 8.54 8.54 9.56 9.49 7.45 6.86 6.79 6.35 5.18 3.58 3.58 4.23 3.58 3.07 2.41 1.53 1.61 2.48 1.68 0.00 0.00 0.00 4.38 7.01 7.01 7.23 7.23 6.79 5.84 4.31 3.21 3.14 3.43 4.16 5.77 8.32 11.10 14.16 17.37 19.20 22.49 24.75 28.09 23.89 24.82 21.46 20.12 13.23 12.07 9.31
9.78 6.50 9.27 10.95 11.46 10.22 9.56 9.78 10.59 10.59 10.44 12.41 13.43 14.16 15.04 12.34 7.66 4.96 5.40 6.72 7.01 7.23 8.25 7.88 7.01 6.35 6.42 5.69 6.13 7.37 9.27 10.95 10.29 8.98 9.71 9.71 9.64 8.91 7.45 6.94 6.20 5.18 4.60 4.82 3.87 2.99 2.41 1.83 1.39 1.61 2.19 2.26 0.00 0.00 0.00 4.16 6.79 8.91 10.07 8.54 8.54 4.74 3.23 0.00 0.00 0.00 3.72 5.62 7.66 9.56 11.75 14.02 17.08 19.78 22.13 22.76 29.20 24.30 24.30 19.23 13.22 12.05 10.80 7.69
9.78 6.50 9.27 10.95 11.46 10.22 9.56 9.78 10.59 10.59 10.44 12.41 13.43 14.16 15.04 12.34 7.66 4.96 5.40 6.72 7.01 7.23 8.25 7.88 7.01 6.35 6.42 5.69 6.13 7.37 9.27 10.95 10.29 8.98 9.71 9.71 9.64 8.91 7.45 6.94 6.20 5.18 4.60 4.82 3.87 2.99 2.41 1.83 1.39 1.61 2.19 2.26 0.00 0.00 0.00 4.16 6.79 8.91 10.07 8.54 8.54 4.74 3.23 0.00 0.00 0.00 3.72 5.62 7.66 9.56 11.75 14.02 17.08 19.78 21.24 22.89 22.68 21.38 20.35 22.38 16.17 12.31 8.46 7.09
7.81 3.43 7.37 8.98 9.56 9.78 9.42 8.40 8.32 8.32 8.83 10.80 9.20 10.22 11.02 8.47 5.77 4.45 6.20 8.40 9.20 8.83 8.40 7.88 7.01 6.94 7.01 7.74 8.61 11.17 11.02 11.17 9.27 8.25 8.10 8.10 7.88 6.72 6.35 7.30 6.94 6.50 6.20 4.96 4.16 3.29 2.04 1.24 1.10 1.31 1.24 0.00 3.29 3.72 4.09 5.84 7.15 9.71 9.78 6.86 6.86 3.14 0.00 0.00 0.00 0.00 3.65 5.77 6.64 7.88 10.07 12.63 16.13 19.13 20.15 19.88 20.52 27.70 24.90 19.24 13.16 8.20 6.09 6.23
2.48 6.57 4.53 5.99 7.37 7.96 7.74 7.08 7.15 7.15 6.86 5.91 6.94 6.86 7.01 6.28 5.55 5.84 8.32 10.22 11.46 9.78 8.40 8.47 8.54 7.88 8.76 11.10 12.85 13.14 11.68 9.86 9.05 7.08 5.84 5.84 6.35 6.50 8.03 9.64 9.05 8.40 7.15 6.06 5.04 3.65 2.34 1.39 1.31 1.17 1.97 3.58 5.11 5.55 6.20 6.57 6.50 5.69 5.11 0.00 0.00 0.00 0.00 0.00 0.00 0.00 3.94 5.62 6.13 7.37 8.83 11.32 15.33 18.61 19.54 19.67 19.20 19.91 19.23 16.91 14.48 7.88 6.48 6.11
1.61 4.38 3.58 4.45 5.18 4.53 4.96 4.45 4.16 4.16 4.89 6.06 6.79 5.84 6.94 6.72 8.18 9.78 10.37 12.12 13.07 11.17 10.15 10.51 11.75 11.53 10.22 13.94 16.13 15.11 13.51 10.80 9.05 7.59 7.81 7.81 8.32 9.56 10.07 10.37 10.51 8.61 5.91 3.94 2.63 2.04 0.66 0.00 0.00 0.00 1.10 1.90 3.87 3.94 3.94 4.09 3.21 0.00 0.00 0.00 0.00 0.00 0.00 0.00 0.00 2.41 4.60 5.33 5.99 7.52 9.49 11.61 13.41 16.44 18.68 21.69 19.68 15.62 15.18 12.69 10.40 8.37 6.47 4.66
1.10 1.53 2.48 2.70 3.07 2.48 2.70 1.68 2.70 2.70 2.92 3.94 4.45 6.13 8.10 10.59 11.83 12.26 12.19 12.99 13.21 12.41 12.26 13.21 13.87 13.72 12.48 15.70 16.50 16.86 13.65 11.39 10.51 8.91 9.34 9.34 10.59 12.41 11.68 10.07 8.61 6.13 4.60 3.21 1.83 0.66 0.00 0.00 0.00 0.00 0.00 0.00 0.00 0.00 0.00 0.00 0.00 0.00 0.00 0.00 0.00 0.00 0.00 0.00 0.00 3.65 6.35 6.64 6.64 7.52 9.34 10.07 12.64 15.72 18.76 20.37 18.97 18.06 13.78 9.66 7.61 6.24 5.73 4.57
2.12 1.61 1.97 1.68 0.37 0.80 0.73 0.07 0.95 0.95 3.07 4.38 5.04 6.79 6.50 10.66 11.02 10.88 10.00 10.44 11.75 12.48 12.85 14.38 15.55 14.89 15.48 14.16 16.43 14.82 13.36 13.29 13.80 13.36 14.75 14.75 15.18 14.82 12.48 9.13 8.18 6.50 5.99 4.45 2.85 0.00 0.00 0.00 0.15 0.00 0.00 0.00 0.00 0.00 0.00 0.00 0.00 0.00 0.00 0.00 0.00 2.92 1.46 1.75 3.58 6.20 8.10 8.91 9.56 10.00 11.68 13.27 15.80 15.50 16.60 17.83 15.84 12.29 9.86 6.82 5.46 4.68 3.33 2.59
2.12 1.61 1.97 1.68 0.37 0.80 0.73 0.07 0.95 0.95 3.07 4.38 5.04 6.79 6.50 10.66 11.02 10.88 10.00 10.44 11.75 12.48 12.85 14.38 15.55 14.89 15.48 14.16 16.43 14.82 13.36 13.29 13.80 13.36 14.75 14.75 15.18 14.82 12.48 9.13 8.18 6.50 5.99 4.45 2.85 0.00 0.00 0.00 0.15 0.00 0.00 0.00 0.00 0.00 0.00 0.00 0.00 0.00 0.00 0.00 0.00 2.92 1.46 1.75 3.58 6.20 8.10 8.91 9.56 10.00 11.74 13.12 14.29 17.27 17.72 20.81 18.38 11.89 10.30 6.63 5.78 5.55 3.04 2.20
1.97 1.61 1.53 1.31 0.22 0.07 0.07 1.61 2.56 2.56 5.62 6.42 6.94 8.32 8.91 8.83 8.54 8.91 8.76 8.40 9.71 10.80 11.02 11.97 12.63 14.02 14.97 16.86 16.57 14.09 13.43 13.87 14.53 14.45 14.67 14.67 13.21 11.53 10.37 9.49 9.56 9.71 9.13 7.37 5.40 2.99 2.56 2.92 1.83 0.00 0.00 0.00 0.00 0.00 0.00 0.00 1.61 3.07 4.02 5.26 5.28 6.09 3.52 2.99 5.84 10.44 12.19 10.88 11.23 11.87 13.05 14.53 18.45 20.03 20.10 17.24 13.08 10.17 8.15 5.44 2.99 3.16 1.10 0.00
1.24 1.31 1.68 1.75 0.44 0.29 0.95 0.00 2.63 2.63 4.89 5.55 6.28 6.79 6.06 7.88 8.32 9.71 10.07 9.71 9.78 9.86 9.34 9.34 11.97 16.21 17.08 16.79 17.67 15.77 13.51 13.51 13.14 11.83 12.41 12.41 11.10 11.46 12.26 12.19 13.07 12.41 12.70 12.48 9.78 7.30 4.82 4.23 3.07 1.83 0.00 0.73 1.31 1.90 2.63 2.04 3.72 5.11 5.91 7.59 7.59 8.61 7.96 7.74 8.54 10.80 12.99 13.14 13.29 13.65 14.09 16.48 20.53 21.51 16.54 11.91 8.63 6.50 5.84 3.35 1.87 0.45 0.00 0.00
2.92 2.04 1.02 1.61 1.02 0.66 0.07 0.00 1.90 1.90 0.00 0.00 0.00 4.45 5.77 7.15 6.79 11.39 12.26 11.75 10.59 10.15 9.71 10.66 14.16 16.94 16.94 16.72 16.50 14.16 14.16 14.24 12.63 12.70 12.56 12.56 11.97 11.75 13.14 13.94 12.99 11.46 11.17 10.51 9.56 7.81 5.26 3.94 2.99 2.12 1.90 3.14 4.53 5.33 5.04 4.82 5.40 6.42 7.74 8.83 8.83 9.34 10.22 10.80 11.02 10.44 11.02 12.41 13.72 14.53 15.18 17.20 20.55 18.41 12.32 7.77 4.72 4.35 3.08 1.81 0.80 0.27 0.00 0.00
1.68 2.04 1.02 1.10 0.95 0.37 0.00 0.00 0.00 0.00 0.00 0.00 0.00 0.00 4.09 6.35 8.47 9.42 10.59 10.95 10.37 10.88 11.17 12.78 16.35 18.25 19.20 19.05 18.69 17.67 17.52 15.26 14.09 14.24 13.07 13.07 10.66 10.07 9.56 8.61 8.25 7.74 5.99 6.35 6.35 5.99 4.60 3.80 3.87 3.80 3.36 4.09 5.18 5.04 4.45 5.18 5.91 7.08 7.96 9.49 9.49 10.15 10.37 10.51 10.66 9.56 9.27 11.24 12.99 13.87 15.40 16.44 17.91 15.02 10.33 5.46 2.78 1.97 1.35 0.79 0.83 0.00 0.00 0.00
0.95 0.00 1.17 0.66 0.37 0.37 0.73 0.00 0.00 0.00 0.00 0.00 0.00 0.00 0.00 0.00 4.67 5.99 7.74 8.10 10.29 10.88 11.83 12.92 14.82 17.45 18.83 18.03 17.08 16.86 15.70 15.70 12.85 12.12 10.15 10.15 8.18 8.47 6.64 5.04 3.58 4.53 4.60 3.87 3.07 3.50 3.94 4.23 4.45 4.45 4.74 5.40 5.18 4.38 4.31 5.26 5.77 7.15 8.03 8.76 8.76 8.76 9.42 10.44 11.17 10.80 9.86 10.07 12.41 15.26 15.62 15.55 15.09 10.58 6.43 5.04 3.61 1.51 0.44 0.00 0.00 0.00 0.00 0.00
0.88 1.02 0.00 0.00 0.00 0.00 0.00 0.00 0.00 0.00 0.00 0.00 0.00 0.00 0.00 0.00 3.14 3.14 3.80 5.40 7.66 8.47 9.13 9.71 11.39 12.56 12.85 11.83 11.53 10.73 9.71 12.48 8.91 8.61 7.81 7.81 7.45 5.84 3.94 3.43 2.85 3.36 3.21 2.77 1.97 2.56 3.50 4.16 4.53 5.40 5.62 5.26 5.48 5.48 4.74 5.99 7.52 8.61 9.27 8.61 8.61 8.10 8.69 9.05 9.86 10.51 9.93 10.51 13.72 15.70 16.13 14.45 11.77 9.01 6.64 4.22 2.73 1.64 0.00 0.00 0.00 0.00 0.00 0.00
0.88 1.02 0.00 0.00 0.00 0.00 0.00 0.00 0.00 0.00 0.00 0.00 0.00 0.00 0.00 0.00 3.14 3.14 3.80 5.40 7.66 8.47 9.13 9.71 11.39 12.56 12.85 11.83 11.53 10.73 9.71 12.48 8.91 8.61 7.81 7.81 7.45 5.84 3.94 3.43 2.85 3.36 3.21 2.77 1.97 2.56 3.50 4.16 4.53 5.40 5.62 5.26 5.48 5.48 4.74 5.99 7.52 8.61 9.27 8.61 8.61 8.10 8.69 9.05 9.86 10.51 9.93 10.51 13.72 15.70 16.13 14.38 11.59 8.88 6.64 4.40 2.43 1.58 0.00 0.00 0.00 0.00 0.00 0.00
1.31 0.51 0.00 0.00 0.15 0.00 0.00 0.00 0.00 0.00 0.00 0.00 0.00 1.90 2.04 2.34 2.04 2.26 2.70 2.56 5.26 4.89 5.55 5.99 7.01 8.32 8.10 8.40 7.88 5.84 5.84 5.18 6.42 3.80 4.96 4.96 4.67 4.60 4.09 4.45 4.31 4.60 3.21 2.48 2.26 2.85 1.97 2.92 4.02 4.31 3.87 3.87 4.96 6.28 6.35 7.52 8.47 8.98 9.34 9.20 9.20 8.98 7.96 7.30 7.52 9.27 10.66 12.19 14.45 15.33 15.40 13.72 9.71 6.71 4.40 3.04 1.77 0.55 0.00 0.00 0.00 0.00 0.00 0.00
2.48 1.53 1.97 0.73 0.00 0.00 0.00 0.00 0.00 0.00 1.68 2.70 3.14 3.21 3.07 2.99 2.85 1.61 2.56 2.56 4.38 3.29 3.72 2.99 4.96 6.06 5.26 4.38 3.94 3.14 2.99 1.75 2.19 2.85 2.63 2.63 3.07 4.02 4.89 5.33 5.62 5.55 3.65 3.29 2.04 2.34 1.90 2.63 3.50 4.23 4.16 3.80 4.96 5.26 5.62 6.50 6.79 7.45 8.40 8.83 8.83 8.18 7.37 6.86 6.86 7.37 8.54 10.00 12.05 13.87 13.80 11.53 8.47 5.84 4.16 2.95 1.27 0.00 0.00 0.00 0.00 0.00 0.00 0.00
