Wansh/Snow_depth/snowdepth-1990/winter/1991034.txt
ncols 321
nrows 161
xllcenter 60
yllcenter 15 
cellsize  0.25 
NODATA_value -1
[rows 37 to 73 of 161, columns 0 to 83 of 321]
0.00 0.00 0.00 4.53 10.22 14.82 17.81 18.91 19.49 20.81 21.17 19.35 19.05 18.83 18.25 18.47 18.10 17.08 17.16 16.72 15.99 14.75 14.38 11.53 10.59 9.93 9.93 11.10 12.70 11.61 10.37 9.05 8.18 8.98 8.32 9.93 8.40 9.13 8.47 7.88 7.81 7.52 7.45 7.08 7.45 7.30 7.30 8.10 9.05 8.61 8.69 8.69 7.59 6.20 3.58 0.00 0.00 0.00 2.99 6.42 6.86 5.62 4.09 3.80 7.74 7.08 7.52 6.86 6.35 5.11 6.42 7.30 7.30 8.10 9.64 10.59 10.59 0.00 12.78 16.28 18.69 0.00 0.00 16.86
0.00 0.00 0.00 8.10 12.78 16.35 18.69 20.81 21.83 21.61 21.46 20.59 19.42 18.32 17.37 17.52 17.89 18.03 17.37 16.64 15.62 13.29 11.46 9.93 9.20 10.37 10.37 10.80 11.90 11.90 10.29 9.64 9.27 8.69 8.40 9.71 11.17 8.91 9.56 9.49 9.27 8.18 6.28 5.55 5.91 6.35 6.72 7.30 7.01 6.20 6.20 6.20 6.86 6.42 0.00 0.00 0.00 0.00 1.31 3.50 4.60 5.04 4.67 3.65 7.88 7.23 6.28 6.06 5.62 6.64 8.03 9.05 9.27 10.15 11.39 0.00 0.00 0.00 0.00 0.00 21.90 21.97 20.88 19.13
0.00 0.00 0.00 6.50 11.39 13.36 16.28 18.40 19.93 20.66 20.44 19.78 17.81 16.72 16.79 17.89 17.45 16.50 15.62 16.35 14.75 13.21 11.32 9.05 6.79 7.45 7.45 9.93 9.64 10.22 11.83 11.17 11.32 11.24 9.56 9.27 10.88 7.59 10.51 10.15 9.49 8.76 7.81 6.64 6.64 5.99 7.23 7.66 7.01 5.77 5.55 5.55 6.06 7.37 6.86 2.85 0.00 0.00 0.95 1.39 2.56 4.02 3.94 3.50 3.36 5.62 6.86 6.86 7.45 8.10 9.13 11.17 12.85 13.14 12.56 13.14 13.14 14.09 17.30 17.59 21.68 22.27 20.29 19.93
0.00 0.00 0.00 1.68 6.94 11.02 13.14 15.91 17.30 17.67 17.81 17.45 17.08 15.55 15.18 16.50 17.45 17.08 15.84 14.75 13.36 11.97 9.78 8.76 7.59 6.86 6.86 6.28 7.15 5.77 5.04 8.32 8.10 9.20 10.29 7.96 9.71 10.88 9.56 8.69 9.71 9.86 9.27 8.98 9.13 8.61 8.91 9.34 8.69 7.08 5.62 5.62 5.77 7.59 7.37 6.20 3.14 2.26 1.83 1.39 2.41 3.65 4.67 4.74 4.16 4.96 6.79 8.76 9.05 10.15 11.02 13.29 14.24 13.94 13.72 14.02 14.02 14.02 16.50 18.98 20.44 19.64 16.13 15.48
0.00 0.00 0.00 2.04 6.20 9.49 11.75 13.94 15.33 15.40 15.99 15.77 14.75 14.45 13.72 14.75 16.21 15.99 13.65 12.48 11.02 9.93 8.91 7.96 6.28 7.45 7.45 7.52 5.26 3.21 0.00 1.39 2.85 3.14 4.38 7.66 4.82 7.15 7.88 8.25 10.22 10.44 10.88 10.88 10.95 10.15 10.15 9.64 8.47 6.86 5.26 5.26 5.55 6.79 7.01 7.30 7.15 6.79 5.40 3.94 4.02 4.96 4.96 5.40 5.99 5.99 7.88 9.05 8.69 9.49 10.66 11.90 13.29 13.80 15.26 16.21 16.21 16.28 17.08 17.67 18.18 16.50 15.18 13.51
0.00 0.00 0.00 2.85 8.25 10.88 11.39 12.26 12.19 11.68 11.97 12.12 12.34 11.32 11.68 11.61 12.41 13.29 12.48 10.95 9.13 8.47 8.32 8.18 8.91 9.64 9.64 10.66 8.03 3.94 0.00 0.73 0.00 0.07 0.44 4.89 0.80 2.85 3.87 7.08 6.86 7.74 8.61 10.29 10.73 9.93 9.56 8.25 7.45 5.91 5.18 5.18 6.64 7.01 7.66 8.18 7.96 8.47 6.64 5.91 6.50 0.00 6.86 6.28 6.86 7.01 6.79 8.18 7.52 8.32 0.00 0.00 11.32 12.26 13.87 15.33 15.33 15.18 15.11 14.09 12.63 16.06 14.89 13.71
0.00 0.00 0.00 3.07 6.64 10.51 10.15 9.27 7.81 6.28 6.64 7.81 7.23 7.01 6.79 8.25 10.15 10.15 9.27 8.69 7.30 7.52 8.61 9.93 11.32 12.63 12.63 13.51 13.87 8.03 0.00 0.00 0.00 0.00 0.00 0.66 0.00 0.29 1.46 0.07 4.16 3.72 5.77 7.08 8.10 8.47 9.86 9.86 9.42 8.03 8.69 8.69 10.59 10.37 9.05 9.56 9.86 10.07 8.40 7.81 7.96 8.25 7.74 7.52 8.10 8.76 7.59 7.74 7.52 8.25 8.18 7.45 7.52 7.37 8.76 8.18 8.18 6.86 7.30 7.23 8.18 11.24 11.17 11.90
0.00 0.00 0.00 0.00 0.00 4.45 5.33 4.82 4.45 3.87 4.09 3.65 3.94 5.26 6.35 6.57 7.66 7.66 7.45 7.88 7.52 8.18 10.44 12.12 13.43 16.06 16.06 16.06 14.82 12.70 0.00 0.00 0.00 1.97 1.46 0.00 0.00 0.00 0.00 0.00 0.66 0.00 3.58 7.59 13.29 15.04 15.40 15.11 13.65 12.12 12.41 12.41 13.51 12.85 12.26 12.48 13.36 12.99 10.80 7.88 8.69 9.13 9.20 10.00 10.07 10.66 11.39 11.61 11.24 8.61 5.62 4.16 3.58 2.70 2.41 2.41 2.41 1.10 0.00 2.34 4.53 5.40 7.08 8.80
0.00 0.00 0.00 0.00 0.00 0.00 0.00 0.00 3.07 3.58 4.16 4.45 4.23 4.38 5.33 6.57 7.30 7.08 7.96 9.13 10.00 11.53 14.09 16.28 17.52 17.96 17.96 18.25 17.30 14.09 10.44 0.00 0.00 0.00 0.00 7.08 5.18 3.58 1.46 0.00 2.34 0.00 10.80 15.84 19.49 22.63 20.37 19.93 17.23 15.84 15.99 15.99 15.77 14.67 14.24 15.26 16.13 15.70 12.41 10.29 10.59 11.39 13.51 13.36 13.14 14.75 15.04 14.38 14.60 12.41 9.27 7.15 5.48 3.36 2.63 2.19 2.19 0.66 1.39 4.09 6.13 7.52 8.54 6.94
0.00 0.00 0.00 0.00 0.00 0.00 0.00 0.00 3.07 3.58 4.16 4.45 4.23 4.38 5.33 6.57 7.30 7.08 7.96 9.13 10.00 11.53 14.09 16.28 17.52 17.96 17.96 18.25 17.30 14.09 10.44 0.00 0.00 0.00 0.00 7.08 5.18 3.58 1.46 0.00 2.34 0.00 10.80 15.84 19.49 22.63 20.37 19.93 17.23 15.84 15.99 15.99 15.77 14.67 14.24 15.26 16.13 15.70 12.41 10.29 10.59 11.39 13.51 13.36 13.14 14.75 15.04 14.38 14.60 12.41 9.27 7.15 5.48 3.36 2.63 2.19 2.19 0.66 1.39 4.09 6.13 7.52 8.54 7.01
0.00 0.00 0.00 0.00 0.00 0.00 0.00 1.46 2.85 4.31 5.18 6.06 7.15 6.13 4.89 5.55 7.08 9.34 9.20 10.44 12.48 14.31 15.91 17.81 18.10 17.30 17.30 16.43 16.57 15.04 9.56 0.00 0.00 0.00 0.00 11.17 8.47 12.92 9.93 7.37 7.74 3.14 15.04 21.32 24.09 23.94 22.34 21.46 18.47 16.79 16.79 16.79 17.08 17.01 16.79 17.52 18.10 17.81 17.01 13.87 13.21 13.58 14.60 14.97 15.18 15.84 15.70 15.77 15.40 16.50 14.31 14.38 13.29 9.56 6.86 5.04 5.04 4.16 5.99 9.13 11.02 12.99 18.10 12.14
0.00 0.00 0.00 0.00 0.00 0.00 1.24 3.29 5.77 7.74 8.69 8.61 7.45 5.48 3.87 4.60 6.72 9.56 11.46 12.41 12.85 14.53 16.43 17.23 17.01 15.77 15.77 14.53 15.70 13.94 7.52 1.68 0.00 0.00 0.00 0.00 17.30 19.78 18.61 13.65 10.51 11.17 10.73 17.89 21.32 22.12 20.15 17.96 16.50 17.30 18.25 18.25 19.64 20.51 20.73 20.37 20.73 21.75 20.22 19.56 16.50 14.67 13.94 15.04 14.89 15.18 14.82 14.45 12.05 17.96 13.72 15.48 12.56 10.80 11.32 10.73 10.73 12.05 13.80 14.97 14.89 18.40 23.87 25.77
0.00 0.00 0.00 0.00 0.00 0.00 3.14 6.42 8.91 10.80 11.10 11.24 8.83 5.11 2.85 3.36 6.13 9.42 10.95 11.39 11.39 13.72 15.11 15.77 15.84 14.02 14.02 10.66 10.73 8.91 4.67 0.00 0.00 0.00 0.00 0.00 17.59 20.22 0.00 0.00 13.07 11.02 10.51 12.85 16.06 16.50 13.43 13.72 14.53 16.13 18.25 18.25 19.42 19.71 21.24 21.24 21.24 20.29 19.35 18.91 17.08 15.48 13.58 12.56 11.68 10.95 9.56 9.93 9.05 2.77 13.51 7.15 7.74 9.42 14.09 15.77 15.77 18.83 19.93 18.91 17.59 19.32 23.92 27.85
0.00 0.00 0.00 0.00 0.00 0.00 3.72 8.25 10.37 11.75 11.75 11.53 9.71 7.52 5.48 4.38 5.11 7.81 9.34 10.59 10.80 11.61 12.92 13.87 13.58 10.15 10.15 6.42 2.41 0.51 0.00 0.00 0.00 0.00 0.00 0.73 7.23 17.81 0.00 0.00 0.00 0.00 9.78 9.20 11.61 11.32 10.22 11.17 12.41 14.09 16.64 16.64 16.72 16.64 18.91 19.05 18.47 18.98 18.40 17.89 16.28 14.09 11.53 8.98 6.86 5.40 0.00 0.00 0.00 0.00 0.00 0.00 0.00 10.15 13.80 17.96 17.96 20.59 19.35 17.74 16.43 16.60 19.08 20.28
0.00 0.00 0.00 0.00 0.00 0.00 4.45 7.52 8.32 8.83 8.47 7.66 7.59 5.77 5.04 4.82 4.53 4.74 4.89 6.79 7.15 7.66 10.07 12.26 10.07 6.57 6.57 2.19 0.00 0.00 0.00 0.00 0.00 0.00 0.00 0.00 0.00 0.00 0.00 0.00 0.00 11.24 9.78 8.69 9.93 9.93 11.10 10.51 10.88 14.82 16.72 16.72 15.26 16.13 18.32 20.51 21.83 23.65 23.07 21.68 17.45 13.80 8.32 5.40 4.67 0.00 0.00 0.00 0.00 0.00 0.00 0.00 6.35 12.63 15.11 16.06 16.06 13.80 11.90 11.75 11.97 11.24 11.32 12.05
0.00 0.00 0.00 0.00 0.00 0.00 1.61 3.43 3.65 4.67 1.97 0.00 0.00 0.00 0.00 0.00 0.00 0.00 0.00 0.00 0.80 1.90 4.16 6.86 4.89 2.26 2.26 0.00 0.00 0.00 0.00 0.00 0.00 0.00 0.00 0.00 0.00 0.00 0.00 0.00 12.41 9.42 9.49 11.39 9.42 13.87 14.67 11.97 11.61 13.21 15.62 15.62 14.16 14.89 18.69 22.34 24.60 25.55 25.26 23.21 21.32 16.21 10.95 10.51 11.32 11.32 9.64 8.47 0.00 0.00 0.00 8.18 12.99 14.02 10.59 9.49 9.49 7.23 4.96 6.86 6.64 6.35 6.57 6.13
0.00 0.00 0.00 0.00 0.00 0.00 0.00 0.00 0.00 0.00 0.00 0.00 0.00 0.00 0.00 0.00 0.00 0.00 0.00 0.00 0.00 0.00 0.00 0.00 0.00 0.00 0.00 0.00 0.00 0.00 0.00 0.00 0.00 0.00 0.00 0.00 0.00 0.00 0.00 0.00 9.93 8.25 10.37 14.09 13.43 17.16 15.70 10.66 9.78 10.88 12.48 12.48 12.48 12.48 15.40 18.61 20.59 20.95 21.39 21.02 20.66 19.78 19.13 18.32 18.69 20.59 21.02 19.42 17.96 15.70 10.88 10.29 10.95 10.73 7.37 3.80 3.80 2.34 1.83 2.70 4.82 4.67 3.65 3.50
0.00 0.00 0.00 0.00 0.00 0.00 0.00 0.00 0.00 0.00 0.00 0.00 0.00 0.00 0.00 0.00 0.00 0.00 0.00 0.00 0.00 0.00 0.00 0.00 0.00 0.00 0.00 0.00 0.00 0.00 0.00 0.00 0.00 0.00 0.00 0.00 0.00 0.00 9.20 10.00 9.20 8.69 12.19 15.11 15.70 17.30 14.09 12.56 11.10 9.71 9.78 9.78 10.88 10.88 13.58 16.57 17.23 17.74 17.59 17.37 17.74 17.89 17.59 18.40 19.42 20.81 24.09 25.19 22.78 17.89 11.90 6.79 11.24 4.74 3.14 0.95 0.95 1.10 0.95 0.00 0.44 1.02 1.02 0.51
0.00 0.00 0.00 0.00 0.00 0.00 0.00 0.00 0.00 0.00 0.00 0.00 0.00 0.00 0.00 0.00 0.00 0.00 0.00 0.00 0.00 0.00 0.00 0.00 0.00 0.00 0.00 0.00 0.00 0.00 0.00 0.00 0.00 0.00 0.00 0.00 0.00 0.00 0.00 8.25 8.91 8.61 9.78 11.17 11.61 12.56 14.60 13.94 14.02 11.83 12.48 12.48 11.24 9.86 10.37 13.14 16.35 17.08 15.70 15.04 14.53 14.16 13.72 14.67 15.33 19.49 24.02 25.99 23.07 15.99 10.29 4.02 3.87 4.89 1.83 1.31 1.31 1.83 0.00 0.00 0.00 0.00 0.00 0.00
0.00 0.00 0.00 0.00 0.00 0.00 0.00 0.00 0.00 0.00 0.00 0.00 0.00 0.00 0.00 0.00 0.00 0.00 0.00 0.00 0.00 0.00 0.00 0.00 0.00 0.00 0.00 0.00 0.00 0.00 0.00 0.00 0.00 0.00 0.00 0.00 0.00 0.00 0.00 7.66 7.59 7.30 5.84 4.16 4.16 8.76 10.29 14.97 16.35 17.59 16.79 16.79 14.38 11.17 9.93 11.24 15.48 16.72 15.99 14.67 13.36 12.34 11.02 11.97 14.53 18.47 23.21 22.27 15.40 11.68 6.86 3.94 2.85 2.04 1.17 0.44 0.44 0.00 0.00 0.00 0.00 0.00 0.00 0.00
0.00 0.00 0.00 0.00 0.00 0.00 0.00 0.00 0.00 0.00 0.00 0.00 0.00 0.00 0.00 0.00 0.00 0.00 0.00 0.00 0.00 0.00 0.00 0.00 0.00 0.00 0.00 0.00 0.00 0.00 0.00 0.00 0.00 0.00 0.00 0.00 0.00 0.00 0.00 3.94 4.45 2.41 0.51 0.00 0.00 1.02 6.13 11.97 15.91 17.81 17.81 17.81 17.37 14.31 11.83 11.97 15.04 17.52 17.30 17.30 14.38 12.26 10.88 11.75 12.85 15.33 15.77 11.39 8.25 6.13 3.65 1.75 0.44 0.00 1.83 0.00 0.00 0.00 0.00 0.00 0.00 0.00 0.00 0.00
0.00 0.00 0.00 0.00 0.00 0.00 0.00 0.00 0.00 0.00 0.00 0.00 0.00 0.00 0.00 0.00 0.00 0.00 0.00 0.00 0.00 0.00 0.00 0.00 0.00 0.00 0.00 0.00 0.00 0.00 0.00 0.00 0.00 0.00 0.00 0.00 0.00 0.00 0.00 1.53 0.00 0.00 0.00 0.00 0.00 0.00 2.19 4.09 13.43 16.06 17.52 17.52 17.30 13.51 12.34 13.29 16.06 18.40 19.27 19.20 14.97 9.64 8.91 10.29 10.37 9.20 7.23 5.69 4.02 2.19 1.46 0.58 0.00 0.00 0.44 0.00 0.00 0.00 0.00 0.00 0.00 0.00 0.00 0.00
0.00 0.00 0.00 0.00 0.00 0.00 0.00 0.00 0.00 0.00 0.00 0.00 0.00 0.00 0.00 0.00 0.00 0.00 0.00 0.00 0.00 0.00 0.00 0.00 0.00 0.00 0.00 0.00 0.00 0.00 0.00 0.00 0.00 0.00 0.00 0.00 0.00 0.00 0.00 2.04 0.00 0.66 0.00 2.26 3.50 2.92 3.50 2.56 11.90 14.75 15.04 15.04 14.02 14.09 14.67 14.97 17.37 17.67 17.96 18.76 13.07 6.50 5.77 5.18 5.62 5.18 3.07 2.85 2.12 1.24 0.29 0.00 0.00 0.00 0.00 0.00 0.00 0.00 0.00 0.00 0.00 0.00 0.00 0.00
0.00 0.00 0.00 0.00 0.00 0.00 0.00 0.00 0.00 0.00 0.00 0.00 0.00 0.00 0.00 0.00 0.00 0.00 0.00 0.00 0.00 0.00 0.00 0.00 0.00 0.00 0.00 0.00 0.00 2.92 0.00 4.38 1.53 0.00 0.58 2.41 3.80 4.89 5.11 0.00 6.42 5.26 3.50 5.69 7.30 8.03 7.37 8.03 8.91 12.05 12.41 12.41 14.60 15.40 14.89 15.18 15.55 12.63 12.78 11.46 7.88 3.43 2.12 2.63 3.07 1.68 1.53 0.95 0.15 0.07 0.00 0.00 0.00 0.00 0.00 0.00 0.00 0.00 0.00 0.00 0.00 0.00 0.00 0.00
0.00 0.00 0.00 0.00 0.00 0.00 0.00 0.00 0.00 0.00 0.00 0.00 0.00 0.00 0.00 0.00 0.00 0.00 0.00 0.00 0.00 0.00 0.00 0.00 0.00 0.00 0.00 0.00 0.00 1.68 7.52 9.86 7.88 7.37 6.64 7.30 8.69 9.05 10.00 7.52 8.54 6.42 6.28 7.30 8.61 8.76 9.13 9.64 9.56 12.05 14.02 14.02 14.97 13.87 13.65 13.07 10.80 7.01 7.01 6.35 4.23 1.68 0.58 1.10 0.44 0.00 0.15 0.15 0.00 0.00 0.00 0.15 0.00 0.00 0.00 0.00 0.00 0.00 0.00 0.00 0.00 0.00 0.00 0.00
0.00 0.00 0.00 0.00 0.00 0.00 0.00 0.00 0.00 0.00 0.00 0.00 0.00 0.00 0.00 0.00 0.00 0.00 0.00 0.00 0.00 0.00 0.00 0.00 0.00 0.00 0.00 0.00 0.00 1.39 4.89 7.45 9.05 9.42 9.93 9.64 8.83 8.91 8.32 7.45 8.69 7.59 7.30 7.15 7.66 9.34 10.73 10.51 9.20 10.66 14.16 14.16 14.24 13.43 11.17 10.29 6.35 4.38 4.31 3.94 4.16 3.29 1.17 0.00 0.00 0.00 0.15 0.22 0.00 0.00 0.00 0.00 0.00 0.00 0.00 0.00 0.00 0.00 0.00 0.00 0.00 0.00 0.00 0.00
0.00 0.00 0.00 0.00 0.00 0.00 0.00 0.00 0.00 0.00 0.00 0.00 0.00 0.00 0.00 0.00 0.00 0.00 0.00 0.00 0.00 0.00 0.00 0.00 0.00 0.00 0.00 0.00 0.00 4.96 7.52 8.61 8.69 8.61 9.27 9.20 8.98 8.98 9.27 8.18 9.42 9.13 8.47 8.83 9.20 10.59 11.17 8.32 7.66 12.12 11.32 11.32 11.02 8.47 6.35 5.69 3.87 3.80 5.11 5.84 6.28 4.82 1.83 0.00 0.00 0.00 0.00 0.00 0.00 0.00 0.00 0.00 0.00 0.00 0.00 0.00 0.00 0.00 0.00 0.00 0.00 0.00 0.00 0.00
0.00 0.00 0.00 0.00 0.00 0.00 0.00 0.00 0.00 0.00 0.00 0.00 0.00 0.00 0.00 0.00 0.00 0.00 0.00 0.00 0.00 0.00 0.00 0.00 0.00 0.00 0.00 0.00 0.15 5.40 8.32 8.10 7.74 7.15 6.28 6.72 7.15 7.59 9.05 8.54 11.10 10.66 9.93 10.15 10.00 10.59 10.80 7.37 6.57 6.28 7.96 7.96 8.69 7.74 5.62 4.89 5.04 5.91 7.01 5.26 4.74 3.59 1.83 0.00 0.00 0.00 0.00 0.00 0.00 0.00 0.00 0.00 0.00 0.00 0.00 0.00 0.00 0.00 0.00 0.00 0.00 0.00 0.00 0.00
0.00 0.00 0.00 0.00 0.00 0.00 0.00 0.00 0.00 0.00 0.00 0.00 0.00 0.00 0.00 0.00 0.00 0.00 0.00 0.00 0.00 0.00 0.00 0.00 0.00 0.00 0.00 0.29 3.50 6.79 6.35 4.74 2.19 1.53 1.53 0.00 0.73 3.43 5.33 7.96 10.07 9.78 10.00 10.29 10.22 10.22 9.13 7.45 5.91 4.96 7.01 7.01 7.45 6.50 5.26 5.91 8.25 8.76 9.20 6.86 4.09 2.70 2.04 0.80 0.22 0.15 0.00 0.00 0.00 0.00 0.00 0.00 0.00 0.00 0.00 0.00 0.00 0.00 0.00 0.00 0.00 0.00 0.00 0.00
0.00 0.00 0.00 0.00 0.00 0.00 0.00 0.00 0.00 0.00 0.00 0.00 0.00 0.00 0.00 0.00 0.00 0.00 0.00 0.00 0.00 0.00 0.00 0.00 0.00 0.00 0.00 0.00 3.14 5.84 4.02 1.46 0.00 0.00 0.00 0.00 0.00 0.00 0.00 2.19 8.47 8.25 8.91 9.20 9.71 9.42 7.74 7.15 6.20 4.82 7.01 7.01 4.82 5.55 4.96 7.81 10.66 10.22 8.69 6.28 4.31 2.56 1.39 0.51 0.88 0.29 0.00 0.00 0.00 0.00 0.00 0.00 0.00 0.00 0.00 0.00 0.00 0.00 0.00 0.00 0.00 0.00 0.00 0.00
0.00 0.00 0.00 0.00 0.00 0.00 0.00 0.00 0.00 0.00 0.00 0.00 0.00 0.00 0.00 0.00 0.00 0.00 0.00 0.00 0.00 0.00 0.00 0.00 0.00 0.00 0.00 0.00 0.66 0.00 0.00 0.00 0.00 0.00 0.00 0.00 0.00 0.00 0.00 0.00 5.91 7.81 9.05 9.20 8.54 8.10 7.66 6.86 5.04 4.45 4.45 4.45 4.96 4.82 4.60 6.64 8.83 8.40 7.59 6.64 4.74 3.50 2.77 0.95 0.66 0.73 0.58 0.22 0.00 0.00 0.00 0.00 0.00 0.00 0.00 0.00 0.00 0.00 0.00 0.00 0.00 0.00 0.00 0.00
0.00 0.00 0.00 0.00 0.00 0.00 0.00 0.00 0.00 0.00 0.00 0.00 0.00 0.00 0.00 0.00 0.00 0.00 0.00 0.00 0.00 0.00 0.00 0.00 0.00 0.00 0.00 0.00 0.00 0.00 0.00 0.00 0.00 0.00 0.00 0.00 0.00 0.00 0.00 0.00 3.72 6.50 8.69 8.91 8.03 7.81 7.52 6.72 5.84 5.62 6.35 6.35 5.40 5.26 4.82 5.99 7.08 8.54 7.52 6.86 5.33 4.16 3.29 0.80 0.44 1.17 1.39 1.90 0.80 0.00 0.00 0.00 0.00 0.00 0.00 0.00 0.00 0.00 0.00 0.00 0.00 0.00 0.00 0.00
0.00 0.00 0.00 0.00 0.00 0.00 0.00 0.00 0.00 0.00 0.00 0.00 0.00 0.00 0.00 0.00 0.00 0.00 0.00 0.00 0.00 0.00 0.00 0.00 0.00 0.00 0.00 0.00 0.00 0.00 0.00 0.00 0.00 0.00 0.00 0.00 0.00 0.00 0.00 0.00 0.73 5.91 8.54 9.27 9.20 8.40 7.88 7.30 7.45 7.52 8.10 8.10 7.23 6.42 6.35 8.03 8.47 9.42 8.03 6.94 5.77 4.53 2.92 0.66 0.44 0.22 0.81 2.41 1.31 0.00 0.00 0.00 0.00 0.00 0.00 0.00 0.00 0.00 0.00 0.00 0.00 0.00 0.00 0.00
0.00 0.00 0.00 0.00 0.00 0.00 0.00 0.00 0.00 0.00 0.00 0.00 0.00 0.00 0.00 0.00 0.00 0.00 0.00 0.00 0.00 0.00 0.00 0.00 0.00 0.00 0.00 0.00 0.00 0.00 0.00 0.00 0.00 0.00 0.00 0.00 0.00 0.00 0.00 0.00 0.00 6.13 9.78 11.17 10.80 9.20 8.91 9.13 9.71 9.42 9.78 9.78 9.49 8.47 9.27 11.61 11.90 11.17 7.59 6.72 6.86 5.62 3.14 1.39 0.37 0.22 0.80 2.04 1.54 0.07 0.00 0.00 0.00 0.00 0.00 0.00 0.00 0.00 0.00 0.00 0.00 0.00 0.00 0.00
0.00 0.00 0.00 17.23 0.00 0.00 0.00 0.00 0.00 0.00 0.00 0.00 0.00 0.00 0.00 0.00 0.00 0.00 0.00 0.00 0.00 0.00 0.00 0.00 0.00 0.00 0.00 0.00 0.00 0.00 0.00 0.00 0.00 0.00 0.00 0.00 0.00 0.00 0.00 0.00 0.00 5.18 11.97 12.26 12.63 10.73 9.93 10.00 10.73 10.44 10.80 10.80 11.90 11.75 12.56 13.87 13.65 9.93 8.03 8.03 8.61 6.79 4.67 2.41 0.95 0.80 0.80 1.17 0.00 0.29 0.00 0.00 0.00 0.00 0.00 0.00 0.00 0.00 0.00 0.00 0.00 0.00 0.00 0.00
0.00 0.00 0.00 0.00 0.00 0.00 0.00 0.00 0.00 0.00 0.00 0.00 0.00 0.00 0.00 0.00 0.00 0.00 0.00 0.00 0.00 0.00 0.00 0.00 0.00 0.00 0.00 0.00 0.00 0.00 0.00 0.00 0.00 0.00 0.00 0.00 0.00 0.00 0.00 0.00 0.00 3.65 13.07 13.14 12.78 10.15 9.27 9.42 9.20 9.42 10.51 10.51 11.61 12.19 12.41 15.26 13.14 9.05 8.69 7.74 6.94 6.50 5.99 3.58 0.80 0.22 0.66 0.15 0.00 0.44 0.00 0.00 0.00 0.00 0.00 0.29 0.29 0.66 0.66 0.00 0.00 0.00 0.00 0.00
0.00 0.00 0.00 0.00 0.00 0.00 0.00 0.00 0.00 0.00 0.00 0.00 0.00 0.00 0.00 0.00 0.00 0.00 0.00 0.00 0.00 0.00 0.00 0.00 0.00 0.00 0.00 0.00 0.00 0.00 0.00 0.00 0.00 0.00 0.00 0.00 0.00 0.00 0.00 0.00 1.61 5.40 14.16 14.31 13.51 9.86 8.18 8.69 8.25 9.20 9.42 9.42 10.22 11.39 11.83 12.19 10.29 8.18 7.96 5.55 4.89 6.06 5.69 4.16 1.68 2.48 2.19 1.10 0.29 0.37 0.95 1.83 0.15 0.44 0.29 0.00 0.00 0.15 0.29 0.00 0.00 0.00 0.00 0.00
