Wansh/Snow_depth/snowdepth-1990/winter/1991056.txt
ncols 321
nrows 161
xllcenter 60
yllcenter 15 
cellsize  0.25 
NODATA_value -1
[rows 0 to 36 of 161, columns 84 to 167 of 321]
18.10 18.32 17.74 16.35 13.43 11.53 9.78 9.56 10.73 12.78 13.72 13.94 13.72 14.24 14.97 15.40 16.94 17.89 17.89 18.47 18.18 16.28 13.72 8.98 5.69 2.70 1.46 1.31 2.04 3.21 5.55 8.03 9.13 8.32 7.08 5.77 7.15 6.50 7.52 8.03 10.73 10.80 9.05 9.05 7.01 6.13 6.20 5.69 6.20 7.08 9.93 10.37 10.00 8.25 9.56 9.56 9.56 9.56 8.03 6.86 5.69 4.60 4.31 3.72 4.67 4.02 3.72 3.94 3.94 6.13 7.45 9.13 10.15 10.37 10.51 10.73 11.24 13.80 15.84 17.67 17.08 15.48 14.31 13.87
15.33 15.62 16.35 15.26 12.56 10.00 9.05 9.20 10.51 12.85 14.31 14.16 12.85 11.97 10.66 10.80 11.61 12.56 12.56 14.60 15.55 16.28 15.77 12.99 8.91 4.89 2.63 1.61 1.68 2.63 4.23 5.69 6.72 6.50 4.96 3.80 3.80 4.38 5.26 7.52 10.88 13.94 15.48 15.48 13.51 11.83 8.10 5.69 5.04 4.82 4.89 5.11 5.18 6.79 7.96 7.96 7.23 7.37 7.59 8.03 8.10 8.10 8.03 7.23 6.79 7.37 7.37 8.10 8.10 7.01 10.15 10.73 10.88 11.24 11.53 14.09 14.82 16.06 16.28 16.64 16.21 15.77 15.40 15.11
14.53 13.94 13.14 12.34 11.75 11.10 10.88 11.46 13.07 14.16 15.62 16.28 15.70 13.36 10.15 8.61 7.52 7.81 7.81 9.34 10.51 12.56 15.04 14.53 11.17 6.94 4.89 2.99 2.34 2.63 2.70 4.53 6.35 7.66 7.37 5.33 4.60 4.74 5.91 6.57 7.59 9.49 14.45 14.45 17.45 17.89 15.62 11.24 7.01 4.60 3.72 2.85 2.56 3.50 5.04 7.74 5.33 7.52 9.05 10.88 11.10 10.59 10.95 10.51 10.29 10.37 12.05 13.14 13.14 13.51 11.53 12.26 11.97 12.48 14.67 17.59 19.93 19.78 20.08 18.32 16.86 17.16 18.54 18.61
14.53 13.94 13.14 12.34 11.75 11.10 10.88 11.46 13.07 14.16 15.62 16.28 15.70 13.36 10.15 8.61 7.52 7.81 7.81 9.34 10.51 12.56 15.04 14.53 11.17 6.94 4.89 2.99 2.34 2.63 2.70 4.53 6.35 7.66 7.37 5.33 4.60 4.74 5.91 6.57 7.59 9.49 14.45 14.45 17.45 17.89 15.62 11.24 7.01 4.60 3.72 2.85 2.56 3.50 5.04 7.74 5.33 7.52 9.05 10.88 11.10 10.59 10.95 10.51 10.29 10.37 12.05 13.14 13.14 13.51 11.53 12.26 11.97 12.48 14.67 17.59 19.93 19.78 20.08 18.32 16.86 17.16 18.54 18.61
13.65 13.29 13.65 13.65 12.70 12.41 11.90 12.34 13.07 15.18 16.79 17.16 16.50 15.70 15.11 14.53 11.10 9.27 9.27 7.45 7.08 8.69 11.97 14.24 14.45 11.53 7.30 4.02 2.99 2.85 2.99 3.50 6.79 9.05 10.51 10.37 8.61 6.94 6.06 5.69 5.69 5.48 7.15 7.15 10.37 16.43 18.40 17.16 14.45 10.00 5.04 4.02 3.14 2.41 2.85 6.20 3.14 4.23 6.72 9.64 10.44 11.61 12.41 12.56 12.34 12.85 14.38 14.38 14.38 13.72 13.58 12.99 12.26 13.21 14.31 17.16 18.69 19.13 18.10 17.16 16.94 17.81 18.91 19.71
14.60 14.38 15.33 15.77 15.55 14.16 13.51 12.85 13.14 14.02 14.60 15.62 16.72 16.72 16.64 17.52 18.91 18.03 18.03 13.36 9.49 7.23 6.86 9.56 11.53 10.88 8.76 6.06 3.87 2.70 2.92 3.14 4.38 6.57 8.61 8.76 6.57 4.67 2.70 2.26 2.41 5.91 0.00 0.00 7.08 9.93 13.07 15.70 14.82 11.61 6.79 5.11 4.53 4.96 4.67 4.45 5.04 3.87 4.74 8.03 9.20 11.53 13.51 15.62 16.79 16.28 16.35 14.53 14.53 13.14 12.05 11.75 11.24 12.56 12.56 12.12 12.41 12.26 12.56 12.92 13.58 16.13 18.18 20.81
17.37 17.01 16.64 16.06 15.91 15.77 15.40 15.33 15.33 14.60 13.80 13.36 13.51 15.62 17.16 18.54 20.08 20.66 20.66 20.66 18.61 14.60 9.49 8.32 9.05 8.25 6.72 5.11 4.89 4.89 4.67 4.82 5.26 7.01 9.20 9.13 7.52 5.04 3.43 2.34 2.56 3.72 4.67 4.67 7.45 8.40 10.66 13.65 12.26 10.00 6.86 4.38 3.65 3.87 5.04 6.57 7.96 5.62 7.15 7.88 11.02 12.41 15.70 17.67 18.25 18.69 18.25 17.08 17.08 16.28 15.33 15.26 14.97 13.43 14.75 13.94 13.36 11.90 10.80 10.29 11.10 13.65 15.91 17.81
17.37 17.01 16.64 16.06 15.91 15.77 15.40 15.33 15.33 14.60 13.80 13.36 13.51 15.62 17.16 18.54 20.08 20.66 20.66 20.66 18.61 14.60 9.49 8.32 9.05 8.25 6.72 5.11 4.89 4.89 4.67 4.82 5.26 7.01 9.20 9.13 7.52 5.04 3.43 2.34 2.56 3.72 4.67 4.67 7.45 8.40 10.66 13.65 12.26 10.00 6.86 4.38 3.65 3.87 5.04 6.57 7.96 5.62 7.15 7.88 11.02 12.41 15.70 17.67 18.25 18.69 18.25 17.08 17.08 16.28 15.33 15.26 14.97 13.43 14.75 13.94 13.36 11.90 10.80 10.29 11.10 13.65 15.91 17.81
18.61 18.76 18.32 17.74 17.23 17.30 17.01 16.13 15.26 14.24 13.07 11.46 11.24 12.56 15.70 19.20 20.51 20.81 20.81 20.66 20.08 17.16 14.53 10.15 7.74 6.94 6.28 5.69 5.40 5.77 5.91 5.91 7.01 9.34 10.51 10.66 9.64 8.32 6.94 5.18 4.38 5.40 6.42 6.42 7.52 8.69 9.05 8.40 7.66 8.03 7.74 6.64 6.20 5.26 5.26 6.86 8.76 6.72 7.30 7.52 10.00 11.17 13.51 14.16 15.26 17.01 16.94 16.43 16.43 16.06 15.84 16.79 16.72 16.64 17.45 15.84 15.26 14.53 13.87 13.21 11.97 11.75 12.19 13.36
18.76 18.83 18.54 18.98 18.98 17.52 16.06 14.97 13.94 13.43 13.14 12.12 11.39 11.32 14.38 18.40 20.81 21.46 21.46 20.88 20.08 17.81 14.31 10.44 7.81 6.72 6.13 6.50 6.20 6.13 6.28 5.40 6.13 9.49 11.24 12.12 11.75 9.78 8.47 7.01 5.40 5.18 7.37 7.37 6.20 6.28 6.28 7.23 7.30 7.59 9.05 10.37 11.39 11.90 10.59 10.44 10.44 9.05 7.30 8.10 7.81 9.20 11.24 11.90 12.34 14.31 15.84 15.91 15.91 16.28 17.52 17.37 16.94 16.79 15.26 16.79 14.82 17.67 18.25 17.67 15.55 12.34 10.51 11.10
19.13 19.56 19.56 18.40 17.16 16.28 14.67 13.80 13.72 14.24 14.53 15.70 16.72 18.47 19.71 21.10 23.43 23.80 23.80 23.43 21.68 17.59 12.34 8.76 7.81 7.59 6.94 5.91 5.26 5.26 5.69 5.62 5.77 7.30 8.76 10.07 10.59 10.15 8.98 8.32 7.88 7.59 7.59 7.59 6.79 6.86 7.30 8.40 11.39 12.70 13.14 12.34 12.85 11.75 11.68 12.99 12.85 10.66 12.34 11.02 10.88 11.75 10.73 12.56 12.63 14.38 16.13 17.96 17.96 18.91 20.08 18.61 17.23 16.50 15.26 14.45 13.87 17.74 20.44 18.98 16.64 13.94 12.48 11.32
19.13 19.56 19.56 18.40 17.16 16.28 14.67 13.80 13.72 14.24 14.53 15.70 16.72 18.47 19.71 21.10 23.43 23.80 23.80 23.43 21.68 17.59 12.34 8.76 7.81 7.59 6.94 5.91 5.26 5.26 5.69 5.62 5.77 7.30 8.76 10.07 10.59 10.15 8.98 8.32 7.88 7.59 7.59 7.59 6.79 6.86 7.30 8.40 11.39 12.70 13.14 12.34 12.85 11.75 11.68 12.99 12.85 10.66 12.34 11.02 10.88 11.75 10.73 12.56 12.63 14.38 16.13 17.96 17.96 18.91 20.08 18.61 17.23 16.50 15.26 14.45 13.87 17.74 20.44 18.98 16.64 13.94 12.48 11.32
16.06 17.81 17.16 16.43 15.33 14.60 14.89 14.75 14.82 15.55 16.86 19.05 21.17 22.41 23.00 23.94 24.60 25.92 25.92 24.53 20.81 18.83 13.80 11.17 9.05 7.81 7.01 7.30 7.15 5.91 5.84 7.66 8.47 9.13 9.93 12.56 12.85 12.05 13.07 11.61 11.17 11.39 9.71 9.71 10.22 9.93 9.93 10.95 13.43 15.91 18.83 19.64 18.25 15.70 15.18 14.82 17.08 15.33 15.91 15.84 14.45 13.43 12.92 13.51 14.24 14.89 15.70 17.59 17.59 18.98 20.73 21.32 20.08 17.74 16.79 16.43 17.23 16.72 20.29 19.42 17.89 17.01 15.33 14.97
14.82 15.62 15.48 13.94 13.14 12.63 12.92 13.58 14.67 15.84 16.06 17.59 19.64 23.43 24.67 23.36 22.12 22.19 22.19 21.83 19.56 16.35 13.07 11.75 10.80 9.20 8.25 8.98 10.37 12.19 14.09 13.94 14.60 15.33 15.04 15.70 16.72 16.13 15.33 13.51 13.58 12.56 12.48 12.48 10.51 11.10 15.26 15.55 15.48 17.08 16.43 16.43 16.64 16.79 16.72 15.77 14.09 17.74 14.53 13.36 12.05 12.12 12.78 13.80 15.04 16.79 17.45 18.10 18.10 18.54 19.64 21.68 19.86 18.76 17.59 16.35 16.94 15.91 18.91 14.31 13.72 14.31 14.09 13.72
15.04 14.82 14.31 13.80 12.78 11.17 10.37 10.80 13.07 15.04 16.21 15.70 15.91 18.10 18.69 18.18 16.79 16.28 16.28 14.60 13.65 13.21 13.21 12.85 11.75 11.10 10.88 12.05 14.45 17.08 18.91 20.08 18.76 17.37 16.50 14.60 14.60 13.80 13.58 14.16 14.38 15.55 15.70 15.70 15.11 16.35 17.30 18.61 19.64 20.15 19.78 19.35 20.59 21.90 22.48 21.02 18.98 15.77 11.83 10.95 8.83 8.83 9.86 11.17 12.99 14.38 15.77 16.35 16.35 17.16 18.25 19.35 17.89 16.94 13.87 13.29 14.45 9.27 0.00 9.78 9.13 14.67 15.11 14.31
13.36 12.92 12.12 11.97 12.05 10.22 7.15 6.06 6.72 9.71 11.61 12.85 13.36 13.43 11.61 10.37 11.68 12.70 12.70 12.05 11.24 11.24 11.75 12.70 13.43 13.72 13.51 12.70 13.94 16.94 19.42 20.37 19.05 15.33 12.70 11.24 10.95 11.90 13.07 14.02 15.26 15.77 15.18 15.18 15.04 16.64 13.29 13.94 14.97 16.94 17.37 16.86 18.32 20.08 23.43 24.02 21.68 17.96 10.88 10.07 6.86 7.52 8.91 9.13 9.49 10.66 11.53 16.35 16.35 17.96 18.61 17.96 15.40 13.43 12.34 14.02 14.60 4.82 0.00 0.00 0.00 17.67 17.08 16.79
13.36 12.92 12.12 11.97 12.05 10.22 7.15 6.06 6.72 9.71 11.61 12.85 13.36 13.43 11.61 10.37 11.68 12.70 12.70 12.05 11.24 11.24 11.75 12.70 13.43 13.72 13.51 12.70 13.94 16.94 19.42 20.37 19.05 15.33 12.70 11.24 10.95 11.90 13.07 14.02 15.26 15.77 15.18 15.18 15.04 16.64 13.29 13.94 14.97 16.94 17.37 16.86 18.32 20.08 23.43 24.02 21.68 17.96 10.88 10.07 6.86 7.52 8.91 9.13 9.49 10.66 11.53 16.35 16.35 17.96 18.61 17.96 15.40 13.43 12.34 14.02 14.60 4.82 0.00 0.00 0.00 17.67 17.08 16.79
11.39 10.66 10.44 11.24 11.32 10.29 8.18 4.45 4.02 5.55 7.59 9.13 12.70 15.04 14.60 11.97 11.97 12.26 12.26 11.46 10.59 9.93 9.05 10.80 12.92 14.24 14.02 14.67 14.38 15.48 17.16 19.86 20.22 17.52 11.24 8.98 8.32 10.59 12.41 13.94 14.82 15.18 15.33 15.33 15.04 12.63 14.89 13.94 13.72 13.94 15.99 17.67 17.37 18.18 19.13 18.40 17.37 15.40 12.63 9.13 11.02 13.51 14.24 12.12 11.02 12.78 13.29 14.89 14.89 18.61 19.27 17.89 14.97 14.45 14.24 13.72 9.34 3.80 0.00 7.01 13.58 12.85 13.51 14.97
9.71 10.15 10.95 12.41 14.02 13.43 10.00 6.20 5.33 6.50 9.20 10.88 13.72 16.94 17.23 16.35 16.50 17.23 17.23 16.28 12.85 10.37 8.69 8.69 11.68 14.45 15.26 14.75 15.04 17.52 19.93 20.22 19.93 20.08 17.81 12.12 9.05 6.72 6.64 8.83 11.39 13.07 15.91 15.91 19.49 15.62 22.56 20.15 18.25 18.10 17.89 19.20 20.51 21.39 22.48 22.12 19.93 19.13 18.69 16.43 17.23 20.81 20.22 18.54 16.72 17.74 18.10 16.28 16.28 21.53 21.97 18.18 16.79 15.33 13.51 10.88 7.15 5.69 5.84 8.47 10.00 13.07 11.24 13.29
8.18 9.20 10.22 12.05 13.29 14.24 13.87 11.39 8.25 7.96 9.56 10.29 10.95 12.05 12.26 12.05 13.65 16.57 16.57 17.37 16.28 14.60 10.22 9.13 10.22 11.24 13.43 12.70 11.83 10.15 11.02 13.58 15.70 14.31 12.26 10.00 7.96 4.89 4.16 4.45 5.69 10.37 16.43 16.43 21.90 23.51 23.21 21.46 21.39 22.41 23.36 24.02 22.27 23.14 24.45 24.60 24.38 24.60 22.92 23.29 21.53 23.80 23.80 22.63 20.73 20.37 20.59 23.94 23.94 21.10 20.95 13.94 11.97 10.15 8.83 8.40 7.15 6.86 7.23 7.23 8.10 8.83 9.71 13.21
8.54 9.13 11.24 12.48 12.19 13.21 15.11 16.06 14.75 13.07 13.07 14.16 14.60 13.51 11.17 9.78 10.44 12.56 12.56 14.02 14.89 14.60 13.65 13.14 13.07 15.04 15.62 13.14 8.83 6.13 4.02 4.16 5.84 8.40 6.64 4.38 0.00 4.45 4.89 4.89 3.80 4.31 9.86 9.86 14.45 15.55 20.37 14.60 18.54 20.95 25.19 27.38 28.98 28.62 27.59 26.43 24.97 23.73 21.83 23.36 20.29 22.05 23.14 22.92 22.56 23.29 23.73 23.80 23.80 18.98 22.41 8.76 6.57 6.50 5.77 5.04 3.80 4.02 4.31 4.53 5.11 6.13 8.47 9.27
8.03 9.49 11.24 12.34 12.34 12.05 12.92 16.13 18.18 18.69 19.42 20.81 22.41 23.29 21.53 17.30 14.09 13.72 13.72 14.24 15.48 17.45 18.25 17.96 18.98 20.95 20.81 19.05 16.35 11.68 6.35 4.23 3.29 3.72 3.43 1.83 1.24 0.00 3.65 6.57 7.08 5.04 2.04 2.04 3.07 5.33 15.18 6.86 9.93 11.02 12.92 17.16 20.73 25.19 27.52 25.92 24.38 22.34 20.81 19.78 17.23 19.56 21.24 22.85 23.65 24.45 24.75 23.21 23.21 19.20 14.31 14.67 6.79 5.18 3.43 2.77 1.83 2.41 2.56 3.21 2.92 4.09 5.33 5.69
8.03 9.49 11.24 12.34 12.34 12.05 12.92 16.13 18.18 18.69 19.42 20.81 22.41 23.29 21.53 17.30 14.09 13.72 13.72 14.24 15.48 17.45 18.25 17.96 18.98 20.95 20.81 19.05 16.35 11.68 6.35 4.23 3.29 3.72 3.43 1.83 1.24 0.00 3.65 6.57 7.08 5.04 2.04 2.04 3.07 5.33 15.18 6.86 9.93 11.02 12.92 17.16 20.73 25.19 27.52 25.92 24.38 22.34 20.81 19.78 17.23 19.56 21.24 22.85 23.65 24.45 24.75 23.21 23.21 19.20 14.31 14.67 6.79 5.18 3.43 2.77 1.83 2.41 2.56 3.21 2.92 4.09 5.33 5.69
8.03 8.61 9.56 11.53 12.99 13.51 14.31 17.30 20.37 21.46 22.05 22.92 22.63 23.43 24.60 23.21 20.15 19.13 19.13 18.83 18.83 19.64 19.78 19.78 20.95 20.88 20.81 18.54 15.26 12.26 8.47 4.45 2.92 2.12 0.00 0.44 0.00 0.95 0.00 3.07 4.31 3.36 0.00 0.00 0.00 0.00 2.63 3.36 3.94 6.86 7.45 7.08 8.91 12.48 14.67 15.99 15.18 14.89 17.01 18.25 21.17 21.02 22.27 24.45 26.21 26.21 24.67 23.00 23.00 22.48 20.66 17.30 15.77 10.07 8.32 5.11 2.56 2.04 1.68 1.61 1.97 2.99 3.07 2.99
10.29 11.10 13.43 14.31 16.57 17.52 19.78 20.66 22.41 23.58 23.73 23.36 20.95 19.35 20.00 21.10 21.02 20.15 20.15 19.78 19.93 21.17 21.53 21.08 20.10 21.78 18.80 18.69 16.64 13.51 9.56 5.48 3.21 1.02 0.22 0.00 0.00 0.07 0.58 1.61 2.63 1.10 0.00 0.00 0.00 0.00 1.83 3.87 3.50 4.45 6.06 6.35 7.45 7.88 11.02 14.16 16.21 18.03 18.25 21.46 21.39 22.85 23.07 25.04 26.28 27.08 26.21 25.04 25.04 25.40 25.11 23.43 21.90 14.45 9.86 6.35 4.82 3.94 2.77 2.85 3.21 2.99 2.12 2.12
13.51 15.99 17.08 18.18 19.49 20.44 21.90 22.48 21.53 20.73 20.29 21.90 20.22 17.08 15.91 18.03 20.95 21.46 21.46 20.95 21.10 22.92 24.97 26.26 26.52 21.45 22.10 20.39 20.00 18.98 15.84 9.93 6.86 3.94 1.90 0.73 0.29 1.17 1.10 1.24 0.80 0.66 0.00 0.00 0.00 0.00 0.00 2.85 2.26 2.77 2.34 2.77 2.77 4.02 5.18 6.86 9.71 14.60 19.78 23.07 21.61 22.34 20.29 21.83 22.63 23.00 24.45 25.62 25.62 26.06 24.82 23.94 21.39 21.02 12.05 9.20 9.42 7.30 5.77 4.60 4.31 3.58 2.19 1.75
15.91 15.77 16.06 17.45 18.54 19.78 19.78 18.47 16.57 12.85 11.53 13.14 11.90 10.59 11.68 15.26 19.64 22.12 22.12 21.39 20.15 21.64 24.23 25.74 24.96 23.30 23.87 23.08 23.25 22.05 18.69 16.79 14.24 8.40 5.48 4.31 2.34 1.46 1.39 0.95 1.02 0.07 0.00 0.00 0.00 0.00 0.00 1.61 0.00 0.00 0.00 0.00 0.00 0.00 0.00 0.00 2.77 4.82 7.88 14.89 18.18 18.76 18.03 18.40 18.32 15.99 18.98 24.09 24.09 24.97 22.85 20.88 19.49 17.23 17.67 13.29 11.39 8.25 5.40 4.53 3.58 1.90 1.68 2.04
16.28 15.33 14.82 13.43 15.18 17.81 18.10 17.01 13.87 10.00 8.76 8.40 7.81 7.52 10.44 13.87 18.10 20.08 20.08 18.42 14.82 14.45 15.05 18.10 19.57 22.41 25.36 27.85 27.23 24.85 23.40 22.12 21.83 18.76 14.97 11.02 7.15 4.23 3.07 1.75 0.07 0.15 0.00 0.00 0.00 0.00 0.00 0.00 0.00 0.00 0.00 0.00 0.00 0.00 0.00 0.00 0.00 0.00 4.96 11.17 16.06 18.69 18.03 19.20 18.61 16.79 18.91 22.27 22.27 22.27 19.86 17.67 15.70 13.72 13.58 12.34 10.15 4.89 3.72 4.67 2.63 1.10 2.04 2.63
16.28 15.33 14.82 13.43 15.18 17.81 18.10 17.01 13.87 10.00 8.76 8.40 7.81 7.52 10.44 13.87 18.10 20.08 20.18 19.02 15.05 15.47 14.67 18.57 19.27 22.41 24.60 25.88 25.44 25.23 23.64 23.04 24.52 19.85 15.35 11.02 7.15 4.23 3.07 1.75 0.07 0.15 0.00 0.00 0.00 0.00 0.00 0.00 0.00 0.00 0.00 0.00 0.00 0.00 0.00 0.00 0.00 0.00 4.96 11.17 16.06 18.69 18.03 19.20 18.61 16.79 18.91 22.27 22.27 22.27 19.86 17.67 15.70 13.72 13.58 12.34 10.15 4.89 3.72 4.67 2.63 1.10 2.04 2.63
17.59 16.57 14.60 13.21 13.29 13.43 15.48 16.50 15.84 14.53 13.94 13.29 12.78 12.56 14.53 18.47 21.39 22.12 22.12 18.54 12.63 7.52 6.24 8.82 11.31 12.31 19.25 24.72 28.25 28.69 25.88 23.90 25.80 27.07 23.56 21.41 14.01 9.42 5.48 3.80 1.39 0.80 0.15 0.15 0.00 0.00 0.00 0.00 0.00 0.00 0.00 0.00 0.00 0.00 0.00 0.00 0.00 0.00 0.00 4.53 9.27 18.83 14.31 17.52 22.41 22.78 21.61 21.02 21.02 20.59 18.18 14.67 11.61 8.91 8.47 10.15 7.01 3.14 2.12 2.04 0.29 0.00 0.51 0.66
17.89 17.01 14.60 12.92 11.68 11.02 11.46 12.99 14.89 15.40 15.62 15.48 14.82 14.67 15.91 19.05 21.68 21.68 21.68 18.05 12.12 7.78 5.55 5.84 6.90 8.08 9.20 14.52 20.86 27.36 30.73 29.20 26.72 28.07 27.41 26.20 22.97 18.71 11.10 8.47 4.23 1.24 0.80 0.80 0.58 0.00 0.00 0.00 0.00 0.00 0.00 0.00 0.00 0.00 0.00 0.00 0.00 0.00 0.00 0.00 2.92 14.02 6.28 14.38 22.63 24.82 20.88 20.00 20.00 19.20 15.33 10.66 8.32 6.20 6.64 7.15 7.23 0.95 0.58 0.37 0.44 0.66 0.66 0.15
17.81 16.43 15.40 14.31 14.38 12.99 13.07 15.99 17.16 17.89 14.53 13.58 12.19 11.24 12.12 15.18 16.72 15.99 15.99 13.58 11.32 8.18 6.35 6.79 7.59 8.69 9.78 10.54 13.36 18.98 23.58 30.22 32.56 32.92 30.43 29.88 29.28 23.43 20.22 18.91 15.33 10.59 4.60 4.60 1.17 0.15 0.00 0.00 0.00 0.29 0.15 0.00 0.00 0.00 0.00 0.00 0.00 0.00 0.00 0.00 0.00 6.94 14.02 17.59 23.14 23.00 19.05 17.67 17.67 16.35 11.97 6.64 5.11 4.53 3.87 4.96 3.36 1.39 0.66 0.29 0.73 1.31 1.02 1.31
15.40 15.33 15.11 14.67 15.77 16.43 18.54 22.48 24.53 24.60 21.75 19.27 15.99 13.72 11.17 10.15 9.71 7.88 7.88 8.25 10.80 11.17 9.86 7.88 7.45 8.25 9.56 10.42 11.68 13.29 14.45 18.98 24.75 28.69 31.90 33.80 33.13 32.00 28.23 21.31 18.91 15.04 7.88 7.88 3.07 0.66 0.00 0.07 0.00 0.00 0.00 0.37 0.07 0.07 0.88 1.24 2.04 3.50 3.65 0.00 0.00 6.13 15.77 7.96 18.98 17.81 14.75 13.87 13.87 11.39 5.91 3.43 0.00 0.00 2.12 3.72 3.36 4.38 3.36 2.34 1.24 1.10 1.17 0.95
11.90 11.97 13.07 13.36 14.31 15.40 17.96 18.47 21.02 20.66 21.83 20.81 17.81 13.51 10.88 7.59 5.55 5.18 5.18 7.15 9.49 11.24 12.85 11.97 9.27 7.96 7.96 8.85 10.07 10.88 11.17 11.10 13.36 17.30 20.81 26.79 29.71 31.61 31.05 28.83 22.96 20.44 16.64 16.64 11.46 7.23 4.38 1.31 0.22 0.29 0.00 0.00 0.00 0.37 0.00 0.00 0.00 3.65 5.84 5.99 4.53 3.72 12.12 7.81 11.90 10.15 8.61 7.01 7.01 4.53 0.00 0.00 0.00 0.00 0.00 2.63 3.43 3.58 3.14 1.53 0.00 0.00 0.44 0.58
12.05 10.07 7.52 0.00 13.72 16.94 17.16 15.11 13.10 11.02 11.53 12.48 10.80 8.47 5.11 2.12 1.31 2.85 2.85 6.28 9.42 10.66 11.75 12.70 11.17 10.15 9.86 10.59 12.08 12.56 11.95 10.20 8.35 7.74 9.93 14.31 15.62 18.95 20.73 24.09 21.53 20.00 18.98 18.98 17.59 15.91 13.94 10.80 6.57 0.00 1.02 0.22 0.07 0.66 0.66 0.00 0.00 0.00 2.70 5.18 4.53 3.21 5.91 4.31 5.91 5.69 4.45 1.68 1.68 0.00 0.00 0.00 0.00 0.00 0.00 0.00 0.00 1.68 0.00 0.00 0.00 0.00 0.00 0.00
12.05 10.07 7.52 0.00 13.72 16.94 17.16 15.11 12.78 11.02 11.53 12.48 10.80 8.47 5.11 2.12 1.31 2.86 2.85 6.28 9.42 10.66 11.75 12.70 11.17 10.15 9.86 10.59 11.90 12.12 11.53 10.15 8.10 7.74 9.98 14.38 15.62 18.86 20.94 24.09 21.32 20.00 18.98 18.98 17.59 15.91 13.94 10.80 6.57 0.00 1.02 0.22 0.07 0.66 0.66 0.00 0.00 0.00 2.70 5.18 4.53 3.21 5.91 4.31 5.91 5.69 4.45 1.68 1.68 0.00 0.00 0.00 0.00 0.00 0.00 0.00 0.00 1.68 0.00 0.00 0.00 0.00 0.00 0.00
15.62 11.39 0.00 0.00 8.18 14.38 17.30 16.60 12.97 10.22 8.18 7.08 6.50 3.58 0.51 0.00 0.00 0.00 0.00 0.00 4.38 6.42 7.66 10.00 10.88 9.86 9.56 10.95 13.14 13.87 12.70 12.05 10.80 7.59 6.50 6.50 6.35 8.76 10.05 9.93 9.93 8.76 12.12 12.12 13.29 14.24 15.91 17.89 17.81 2.56 8.98 3.07 1.31 0.07 0.73 1.53 0.00 0.00 0.00 0.00 3.29 2.92 0.00 2.41 0.00 3.29 0.00 0.00 0.00 0.00 0.00 0.00 0.00 0.00 0.00 0.00 0.00 0.00 0.00 0.00 0.00 0.00 0.00 0.00
