Wansh/Snow_depth/snowdepth-1990/winter/1991041.txt
ncols 321
nrows 161
xllcenter 60
yllcenter 15 
cellsize  0.25 
NODATA_value -1
[rows 0 to 36 of 161, columns 84 to 167 of 321]
13.43 14.38 14.16 12.63 11.24 9.05 7.15 6.13 7.66 9.56 11.39 11.61 10.44 10.44 10.44 10.66 10.80 11.24 11.24 11.10 10.66 9.34 6.42 3.58 1.68 1.17 1.46 1.83 2.34 2.99 4.02 5.62 5.62 5.18 4.02 3.29 7.59 3.36 4.16 4.82 6.72 7.74 6.94 6.94 5.04 4.31 4.38 4.31 5.62 6.64 8.83 7.88 7.88 7.88 6.42 6.72 6.64 6.57 6.86 6.79 5.55 4.89 5.04 4.38 3.36 3.36 3.87 5.11 5.11 5.91 6.86 7.81 8.47 9.71 9.34 9.42 10.51 11.68 13.21 14.67 14.60 13.72 13.72 12.92
12.19 12.41 12.70 12.05 9.78 8.32 6.86 6.42 7.37 9.20 10.51 10.73 9.71 8.40 7.37 6.94 7.74 8.61 8.61 9.20 10.07 10.15 8.98 6.64 3.87 1.90 0.51 0.00 0.44 2.19 2.77 3.50 3.94 2.48 1.24 0.00 0.00 0.00 0.00 2.99 6.35 9.93 10.37 10.37 9.13 7.81 5.48 4.60 3.65 3.58 4.67 7.74 5.48 5.33 5.33 6.06 6.79 7.01 7.59 7.23 7.01 6.64 7.01 5.48 4.82 4.31 5.84 6.42 6.42 8.10 9.56 9.71 9.86 9.05 9.49 11.32 12.78 13.72 14.16 14.31 14.09 13.43 13.21 12.70
11.97 11.75 11.10 10.80 10.29 9.71 9.64 9.05 10.66 11.90 13.29 13.80 12.99 11.32 8.47 6.06 5.48 6.20 6.20 7.08 7.96 8.32 9.78 9.49 7.15 4.60 2.41 1.10 1.02 1.31 2.19 3.07 3.36 4.60 3.87 2.99 2.12 0.00 3.36 3.65 4.74 8.03 11.61 11.61 14.45 15.04 12.19 7.45 5.11 3.43 2.63 3.07 3.29 3.36 4.38 5.40 6.72 7.88 9.05 10.73 9.93 10.22 10.51 10.07 9.20 9.56 8.25 11.24 11.24 12.12 12.05 11.46 10.88 10.88 12.56 15.70 17.16 17.30 16.57 15.04 14.53 14.53 15.33 15.48
11.97 11.75 11.10 10.80 10.29 9.71 9.64 9.05 10.66 11.90 13.29 13.80 12.99 11.32 8.47 6.06 5.48 6.20 6.20 7.08 7.96 8.32 9.78 9.49 7.15 4.60 2.41 1.10 1.02 1.31 2.19 3.07 3.36 4.60 3.87 2.99 2.12 0.00 3.36 3.65 4.74 8.03 11.61 11.61 14.45 15.04 12.19 7.45 5.11 3.43 2.63 3.07 3.29 3.36 4.38 5.40 6.72 7.88 9.05 10.73 9.93 10.22 10.51 10.07 9.20 9.56 8.25 11.24 11.24 12.12 12.05 11.46 10.88 10.88 12.56 15.70 17.16 17.30 16.57 15.04 14.53 14.53 15.33 15.48
11.46 11.24 11.02 11.39 11.24 10.88 10.73 11.17 12.56 14.31 15.11 14.97 14.16 13.58 13.36 11.97 8.98 5.91 5.91 4.74 5.33 6.72 8.91 10.66 10.73 8.40 4.96 2.70 1.53 0.95 1.02 2.04 3.87 5.18 7.01 7.01 5.69 3.43 2.48 3.50 0.00 0.00 5.91 5.91 9.78 12.26 15.40 14.97 10.37 6.86 4.09 3.80 2.41 3.72 3.29 3.43 5.04 6.20 7.23 9.13 11.39 12.12 12.26 11.90 11.02 11.32 12.34 11.32 11.32 13.51 12.70 11.97 11.39 12.19 14.75 16.64 18.25 18.98 18.76 17.01 15.26 15.99 17.45 17.37
12.26 12.12 12.70 13.14 12.92 12.26 10.66 9.78 10.15 10.88 12.48 14.82 15.84 15.62 15.26 15.77 15.55 15.48 15.48 11.24 7.08 5.04 5.91 8.83 10.80 8.83 6.28 4.02 2.48 1.10 1.39 2.19 2.92 4.16 5.40 5.48 4.31 3.14 3.21 0.00 0.00 0.00 3.58 3.58 5.04 7.23 9.78 13.07 12.26 9.49 7.01 4.09 2.99 3.65 3.14 3.50 4.74 5.69 7.23 8.76 10.44 12.85 14.24 15.77 15.99 14.89 13.87 12.85 12.85 12.99 11.17 11.10 11.83 12.34 12.85 13.14 13.14 13.21 13.51 14.24 13.87 15.77 17.45 18.25
14.82 15.18 14.97 14.31 14.38 14.97 14.02 13.43 12.70 12.63 11.97 11.61 12.26 14.82 16.28 17.16 17.67 18.03 18.03 17.89 15.04 11.10 7.74 6.79 6.28 6.42 5.33 3.65 2.92 2.85 2.41 1.97 2.63 4.16 4.74 4.82 3.94 2.77 0.00 0.00 0.00 0.00 4.02 4.02 5.77 7.96 9.64 10.73 9.93 8.47 6.06 4.09 4.82 3.21 3.94 4.82 6.20 6.94 8.91 10.44 10.59 12.63 14.89 17.96 18.76 18.18 16.79 15.91 15.91 14.45 13.36 14.53 14.53 14.38 14.53 13.65 11.97 11.68 11.32 11.10 11.24 13.14 15.33 17.08
14.82 15.18 14.97 14.31 14.38 14.97 14.02 13.43 12.70 12.63 11.97 11.61 12.26 14.82 16.28 17.16 17.67 18.03 18.03 17.89 15.04 11.10 7.74 6.79 6.28 6.42 5.33 3.65 2.92 2.85 2.41 1.97 2.63 4.16 4.74 4.82 3.94 2.77 0.00 0.00 0.00 0.00 4.02 4.02 5.77 7.96 9.64 10.73 9.93 8.47 6.06 4.09 4.82 3.21 3.94 4.82 6.20 6.94 8.91 10.44 10.59 12.63 14.89 17.96 18.76 18.18 16.79 15.91 15.91 14.45 13.36 14.53 14.53 14.38 14.53 13.65 11.97 11.68 11.32 11.10 11.24 13.14 15.33 17.08
16.79 16.50 15.84 15.26 15.70 16.06 15.62 14.67 14.45 13.72 11.46 9.49 9.05 10.59 14.75 17.89 18.69 19.05 19.05 17.96 17.74 15.84 12.12 8.61 6.94 5.26 2.99 2.19 2.77 3.07 2.99 2.92 3.80 4.89 6.28 6.50 5.48 5.04 4.16 3.72 3.58 3.29 4.53 4.53 6.50 6.94 7.01 7.15 7.15 7.23 6.06 4.89 4.74 3.14 5.18 5.91 7.66 7.74 7.96 8.69 8.69 10.29 12.63 14.24 15.33 16.57 16.43 16.06 16.06 15.33 15.48 16.28 16.72 16.94 15.62 15.18 14.38 13.58 12.70 12.78 11.61 10.95 12.12 14.24
17.74 17.52 16.43 16.13 16.72 16.72 15.55 14.16 13.14 12.56 11.17 10.44 9.34 9.71 13.51 16.21 18.47 18.83 18.83 18.40 17.08 15.26 12.78 8.18 4.89 4.74 4.74 3.65 2.99 2.85 2.77 2.92 4.23 5.33 6.79 8.69 7.88 6.72 5.77 5.84 5.11 3.94 3.80 3.80 4.23 5.04 5.55 6.28 5.77 4.53 7.59 8.69 9.34 6.72 9.64 9.05 8.54 8.32 8.32 8.69 8.54 9.56 10.59 10.73 10.88 12.70 14.09 15.11 15.11 15.99 16.72 16.57 16.94 16.06 15.18 13.58 13.58 15.84 17.08 16.86 14.97 12.56 11.10 10.44
18.18 17.96 17.52 17.08 16.50 14.67 13.07 12.34 12.34 12.34 12.34 12.19 13.58 14.38 15.62 17.89 19.86 20.00 20.00 19.49 16.86 14.89 11.24 7.59 6.57 4.67 3.94 3.65 2.99 3.07 2.99 2.77 3.65 4.96 5.91 7.66 8.03 7.45 6.79 4.23 6.94 6.79 6.42 6.42 6.42 6.28 6.57 6.72 8.40 9.64 9.13 9.93 10.29 10.15 10.00 10.29 11.39 11.75 12.70 11.10 10.44 10.88 11.68 11.68 11.83 13.14 15.62 17.37 17.37 19.56 20.00 19.49 17.45 17.67 14.60 13.43 15.18 16.94 18.10 18.61 15.77 12.41 10.66 10.29
18.18 17.96 17.52 17.08 16.50 14.67 13.07 12.34 12.34 12.34 12.34 12.19 13.58 14.38 15.62 17.89 19.86 20.00 20.00 19.49 16.86 14.89 11.24 7.59 6.57 4.67 3.94 3.65 2.99 3.07 2.99 2.77 3.65 4.96 5.91 7.66 8.03 7.45 6.79 4.23 6.94 6.79 6.42 6.42 6.42 6.28 6.57 6.72 8.40 9.64 9.13 9.93 10.29 10.15 10.00 10.29 11.39 11.75 12.70 11.10 10.44 10.88 11.68 11.68 11.83 13.14 15.62 17.37 17.37 19.56 20.00 19.49 17.45 17.67 14.60 13.43 15.18 16.94 18.10 18.61 15.77 12.41 10.66 10.29
15.91 16.72 16.21 15.33 14.45 13.07 12.26 12.26 12.48 13.36 15.11 16.57 18.18 18.83 19.78 21.53 22.63 22.85 22.85 21.90 19.20 15.18 11.46 8.54 6.57 5.62 5.40 4.67 4.31 3.94 5.40 4.38 4.31 6.35 8.18 8.83 9.93 10.29 8.69 7.59 10.29 10.07 9.49 9.49 8.98 8.25 8.61 9.13 11.24 14.24 16.43 15.84 16.06 13.80 11.24 10.95 12.41 14.16 16.50 15.55 14.09 13.72 12.99 13.36 13.21 14.16 16.13 18.18 18.18 20.22 21.24 21.83 20.95 18.54 18.18 16.06 16.35 17.37 19.13 18.54 16.28 14.89 14.75 14.53
13.87 15.11 14.45 13.72 12.70 11.68 10.59 11.32 12.70 13.14 14.31 16.43 18.91 21.17 21.90 20.22 19.49 20.15 20.15 19.49 17.01 13.80 11.53 10.07 8.18 5.91 5.62 5.84 7.30 8.25 10.15 11.46 11.90 12.26 10.80 13.43 14.24 13.72 13.87 11.97 10.29 11.46 10.88 10.88 10.59 11.75 13.21 14.16 14.60 15.33 16.13 16.43 16.43 15.99 12.70 14.16 13.43 14.31 14.97 14.45 14.53 14.82 14.97 15.84 15.99 15.84 16.43 17.74 17.74 18.76 20.15 21.32 21.32 19.64 17.52 18.83 17.67 17.52 15.04 14.09 14.24 15.26 14.60 13.65
15.18 15.55 14.31 12.99 12.05 10.29 9.64 9.34 11.24 14.09 14.82 14.97 15.04 16.79 18.69 17.74 17.37 15.77 15.77 14.60 12.63 12.12 11.46 11.46 10.44 9.27 8.32 9.05 11.32 13.29 14.75 16.28 16.28 15.84 14.82 12.85 12.26 12.99 12.78 12.41 11.90 13.80 14.16 14.16 14.45 15.11 16.86 17.45 17.52 18.03 18.76 19.35 19.78 20.15 14.82 19.56 16.79 15.70 14.38 11.61 10.07 10.95 11.97 12.12 13.80 15.04 15.91 16.79 16.79 16.43 17.96 18.98 18.76 16.43 13.65 14.75 15.70 10.37 3.94 3.80 7.74 13.87 13.72 13.14
15.04 14.16 12.85 11.53 11.83 10.22 6.86 6.28 7.96 8.83 10.15 11.24 12.19 12.12 10.22 10.37 11.75 11.83 11.83 11.46 10.51 9.56 10.15 11.24 11.46 11.39 11.39 11.39 12.70 15.62 17.96 17.81 16.72 14.53 12.05 10.80 9.56 9.64 10.66 12.34 13.58 15.62 14.53 14.53 13.21 13.21 12.92 13.07 14.67 15.91 15.99 16.43 19.35 20.66 23.29 20.08 20.73 18.32 14.60 10.44 8.83 9.34 9.93 9.78 10.44 12.12 14.82 16.28 16.28 17.37 18.03 18.10 16.72 13.72 11.90 13.07 11.39 13.14 0.00 0.00 8.98 16.72 15.77 14.82
15.04 14.16 12.85 11.53 11.83 10.22 6.86 6.28 7.96 8.83 10.15 11.24 12.19 12.12 10.22 10.37 11.75 11.83 11.83 11.46 10.51 9.56 10.15 11.24 11.46 11.39 11.39 11.39 12.70 15.62 17.96 17.81 16.72 14.53 12.05 10.80 9.56 9.64 10.66 12.34 13.58 15.62 14.53 14.53 13.21 13.21 12.92 13.07 14.67 15.91 15.99 16.43 19.35 20.66 23.29 20.08 20.73 18.32 14.60 10.44 8.83 9.34 9.93 9.78 10.44 12.12 14.82 16.28 16.28 17.37 18.03 18.10 16.72 13.72 11.90 13.07 11.39 13.14 0.00 0.00 8.98 16.72 15.77 14.82
13.07 11.90 11.24 11.39 11.97 9.93 6.06 4.23 3.87 4.82 6.57 8.98 11.39 12.78 11.61 10.00 10.59 11.02 11.02 10.51 9.49 8.98 9.34 10.88 12.12 13.07 13.07 13.07 13.14 13.29 16.06 18.61 18.54 15.99 10.80 8.10 7.45 8.47 10.88 13.80 14.67 15.70 15.91 15.91 14.82 13.51 12.48 12.05 11.83 13.14 15.26 15.99 16.28 17.01 17.52 21.17 20.15 16.43 13.58 11.39 11.75 13.51 15.04 13.29 12.19 14.53 16.28 18.10 18.10 18.98 20.37 18.69 16.50 15.11 14.53 14.82 11.39 12.26 6.86 4.60 13.58 13.36 12.26 14.16
10.88 11.02 11.02 12.63 13.07 12.41 9.34 5.33 4.45 5.62 6.64 8.61 11.68 14.82 15.48 14.89 14.97 14.82 14.82 12.99 10.44 8.76 7.66 8.47 11.39 13.36 14.16 14.38 15.26 16.64 18.54 19.49 20.15 19.86 15.77 12.85 7.30 5.26 6.42 8.69 10.66 15.77 13.58 13.58 17.45 17.96 17.16 15.48 14.45 14.67 14.45 16.64 17.81 18.98 20.00 16.64 19.93 17.37 17.16 17.01 18.32 19.71 20.29 17.89 18.18 17.59 18.18 20.51 20.51 22.56 21.75 19.27 17.74 16.13 14.31 12.34 9.05 5.26 4.38 8.18 9.42 9.20 10.37 11.68
9.86 10.22 10.44 11.75 13.43 14.09 12.26 10.51 7.74 6.79 7.88 9.05 10.15 12.12 12.41 13.07 14.38 15.84 15.84 16.86 16.13 13.14 8.98 8.10 9.42 11.32 13.29 13.43 12.26 11.10 12.41 15.11 16.57 14.45 13.51 11.39 8.10 6.13 3.94 4.16 6.06 15.99 10.59 10.59 18.25 20.00 18.69 17.30 16.72 17.74 20.29 20.51 20.08 20.81 21.61 23.29 21.24 21.39 21.17 20.81 22.56 24.53 24.67 22.85 22.27 21.83 21.97 24.75 24.75 24.82 21.02 15.48 12.92 12.63 11.39 9.71 7.66 6.79 7.52 6.79 8.18 8.61 9.56 11.97
8.32 9.93 11.53 12.41 13.07 13.65 15.18 14.67 12.12 10.66 10.29 10.44 10.73 10.95 9.42 8.18 9.86 11.53 11.53 12.85 14.24 13.72 12.19 11.24 11.24 12.99 12.70 11.17 8.91 7.30 5.69 6.28 8.32 9.27 7.52 6.06 4.74 4.82 5.55 3.87 3.80 5.26 16.57 16.57 12.63 14.75 15.84 15.26 16.21 18.54 22.34 24.24 25.70 24.60 23.80 23.73 24.38 24.75 23.14 21.90 21.83 22.85 23.73 24.45 24.09 24.82 25.04 25.48 25.48 22.19 16.21 9.86 8.03 8.18 7.37 6.28 5.04 5.40 6.42 6.06 6.20 6.13 8.98 10.95
7.96 9.20 11.97 13.58 12.63 12.26 14.16 15.55 16.86 17.30 17.23 17.74 19.20 19.56 16.86 14.16 11.61 12.12 12.12 12.85 14.60 15.62 15.33 16.28 17.01 18.69 18.98 17.59 14.60 10.37 7.15 4.02 3.65 4.60 4.89 3.21 2.19 2.99 5.11 6.86 5.77 4.82 9.56 9.56 5.77 7.37 8.32 10.29 11.10 13.87 13.94 17.45 21.97 25.55 26.94 25.92 23.73 24.24 21.17 18.91 18.69 20.29 21.97 23.07 24.45 25.33 25.11 24.24 24.24 21.46 14.31 10.07 7.52 5.55 4.60 3.87 3.58 3.07 3.72 4.53 4.67 4.82 6.86 7.52
7.96 9.20 11.97 13.58 12.63 12.26 14.16 15.55 16.86 17.30 17.23 17.74 19.20 19.56 16.86 14.16 11.61 12.12 12.12 12.85 14.60 15.62 15.33 16.28 17.01 18.69 18.98 17.59 14.60 10.37 7.15 4.02 3.65 4.60 4.89 3.21 2.19 2.99 5.11 6.86 5.77 4.82 9.56 9.56 5.77 7.37 8.32 10.29 11.10 13.87 13.94 17.45 21.97 25.55 26.94 25.92 23.73 24.24 21.17 18.91 18.69 20.29 21.97 23.07 24.45 25.33 25.11 24.24 24.24 21.46 14.31 10.07 7.52 5.55 4.60 3.87 3.58 3.07 3.72 4.53 4.67 4.82 6.86 7.52
7.96 9.27 11.17 13.58 14.24 13.51 13.87 15.91 18.47 19.49 20.22 20.51 21.24 23.51 24.89 21.90 17.89 15.84 15.84 16.13 16.35 17.52 18.40 19.35 19.86 20.66 20.51 17.89 15.48 12.78 8.40 5.69 4.02 3.50 0.00 0.00 1.24 2.34 3.50 4.23 4.60 3.87 3.21 3.21 0.00 0.00 5.40 7.59 8.32 9.49 9.42 9.56 11.32 12.85 17.01 18.61 20.81 17.52 15.84 16.21 18.91 21.10 21.90 24.09 25.11 25.92 25.55 25.11 25.11 23.87 21.61 18.03 12.92 10.00 7.96 4.89 3.87 3.21 3.21 3.50 3.87 4.53 5.40 4.74
9.71 11.02 12.92 14.82 16.28 17.30 17.96 19.71 20.73 21.46 21.24 20.00 18.76 17.96 19.42 20.59 18.76 18.03 18.03 18.03 18.61 19.49 19.35 18.62 18.49 20.89 18.36 17.89 15.40 12.12 9.49 6.35 4.74 3.14 1.83 0.00 0.00 1.10 1.90 2.70 3.36 2.41 0.00 0.00 0.00 0.00 4.16 5.33 5.91 6.35 7.30 7.66 7.81 10.88 12.78 16.50 18.03 13.58 16.79 18.98 21.32 22.63 23.00 24.82 26.86 26.50 26.06 25.33 25.33 25.33 25.99 23.65 19.20 14.75 10.73 6.64 5.26 4.53 3.65 3.94 4.74 4.31 4.60 3.80
13.72 15.04 16.43 18.76 20.29 21.32 22.41 22.48 21.68 20.51 19.86 20.29 19.49 17.01 15.99 18.32 19.20 18.40 18.40 18.40 19.56 21.39 22.70 23.87 24.36 20.26 19.99 18.96 19.71 18.03 14.82 11.53 6.06 4.23 2.04 1.31 0.95 1.17 1.53 1.97 1.31 1.31 1.10 1.10 0.00 0.00 0.00 3.50 3.72 3.80 0.00 3.72 2.85 4.09 5.99 7.96 12.41 19.05 14.09 19.13 21.39 22.05 21.53 21.90 23.43 23.36 24.09 25.33 25.33 26.50 26.06 24.67 21.83 18.18 13.94 10.29 9.64 8.61 6.42 5.69 5.26 4.31 4.16 3.65
15.62 16.06 16.86 18.18 19.78 20.37 20.29 19.13 17.59 13.65 12.63 13.94 14.45 13.21 12.99 15.62 19.93 21.90 21.90 21.53 19.86 20.38 22.73 24.61 23.83 22.54 22.79 21.68 22.05 19.81 18.10 16.64 12.99 9.27 5.48 3.72 2.63 2.56 1.97 2.34 2.63 1.97 0.00 0.00 0.00 0.00 0.00 0.00 0.00 0.00 0.00 0.00 0.00 0.00 0.00 0.00 0.00 13.29 7.96 12.05 16.94 19.20 17.89 18.54 18.61 16.43 20.66 24.45 24.45 25.40 23.73 22.63 20.66 18.40 15.48 13.07 11.97 9.34 6.50 6.42 5.33 4.38 4.60 4.96
15.26 14.53 14.16 13.72 15.48 17.89 17.16 15.62 14.24 9.78 6.64 7.88 8.76 9.56 10.44 12.70 16.50 20.66 20.66 20.56 16.44 14.90 17.38 19.13 22.23 22.48 24.84 25.95 25.18 23.67 22.60 21.68 21.17 18.54 14.97 11.46 6.94 4.74 2.85 1.53 1.02 1.31 0.29 0.29 0.00 0.00 0.00 0.00 0.00 0.00 0.00 0.00 0.00 0.00 0.00 0.00 0.00 0.00 3.14 6.28 12.05 15.91 17.74 18.54 17.96 15.77 18.61 22.27 22.27 22.12 20.95 19.86 16.79 15.04 13.29 12.12 10.44 6.64 5.48 5.99 3.87 3.65 4.23 3.80
15.26 14.53 14.16 13.72 15.48 17.89 17.16 15.62 14.24 9.78 6.64 7.88 8.76 9.56 10.44 12.70 16.50 20.66 20.76 21.23 16.70 15.95 16.95 19.62 21.90 22.48 24.09 24.11 23.52 24.03 22.83 22.58 23.79 19.62 15.35 11.46 6.94 4.74 2.85 1.53 1.02 1.31 0.29 0.29 0.00 0.00 0.00 0.00 0.00 0.00 0.00 0.00 0.00 0.00 0.00 0.00 0.00 0.00 3.14 6.28 12.05 15.91 17.74 18.54 17.96 15.77 18.61 22.27 22.27 22.12 20.95 19.86 16.79 15.04 13.29 12.12 10.44 6.64 5.48 5.99 3.87 3.65 4.23 3.80
15.91 14.53 12.85 11.02 10.95 12.48 14.09 14.45 13.14 10.44 9.78 11.46 12.70 13.51 15.70 17.96 21.02 21.83 21.83 19.20 13.21 7.74 8.07 11.41 13.70 14.31 19.10 25.38 26.94 26.05 23.60 23.15 24.96 26.04 22.13 18.84 13.05 9.13 5.91 3.87 1.46 0.73 0.00 0.00 0.00 0.00 0.00 0.00 0.00 0.00 0.00 0.00 0.00 0.00 0.00 0.00 0.00 0.00 5.04 4.02 6.94 10.29 12.92 16.28 20.81 21.75 21.02 21.02 21.02 21.02 18.10 15.26 12.56 10.51 9.49 10.00 7.37 4.38 3.72 3.14 2.26 2.48 1.68 1.10
17.23 15.62 13.87 11.61 9.64 9.27 10.00 10.22 10.00 11.32 11.46 12.99 14.89 15.62 17.01 19.78 23.14 23.29 23.29 18.56 12.12 8.14 5.77 5.77 7.26 8.30 8.98 15.13 22.57 29.05 31.03 28.11 25.04 25.89 25.94 24.86 22.60 15.41 10.51 7.96 4.09 1.90 0.44 0.44 0.58 0.00 0.00 0.00 0.37 0.00 0.00 0.00 0.00 0.00 0.00 0.00 0.00 0.00 0.00 0.00 0.00 4.82 7.23 16.35 23.80 24.89 21.53 20.51 20.51 20.08 15.77 12.41 9.27 7.15 7.52 6.86 5.04 2.56 1.90 1.46 1.31 1.46 0.51 0.66
18.10 17.08 16.79 15.91 14.97 12.48 12.05 11.83 13.87 13.72 12.34 11.61 12.12 12.34 12.63 15.04 16.64 16.57 16.57 15.40 11.68 7.66 5.77 6.06 8.83 10.37 9.78 10.40 14.37 20.06 26.79 33.73 33.73 29.35 29.28 27.47 26.71 21.97 20.00 17.74 14.16 9.34 3.50 3.50 0.51 0.00 0.00 0.00 0.00 0.29 0.00 0.00 0.00 0.00 0.00 0.00 0.00 0.00 0.00 0.00 0.00 0.00 6.57 15.11 23.43 23.07 19.71 18.32 18.32 17.37 12.26 8.18 5.84 4.53 5.18 5.77 4.53 2.41 2.34 1.90 2.04 2.70 2.77 2.26
16.64 17.23 18.61 19.64 19.27 18.18 18.98 20.81 22.78 21.46 18.40 14.89 13.72 12.63 12.19 11.68 10.51 8.61 8.61 9.34 10.66 9.86 9.20 8.47 8.98 10.37 10.29 9.39 10.15 13.14 17.16 22.34 27.67 31.24 31.76 31.97 32.98 30.64 24.51 21.31 18.54 16.28 10.44 10.44 3.36 0.22 0.00 0.00 0.00 0.00 0.00 0.00 0.00 0.00 0.00 0.00 0.00 0.00 0.00 0.00 0.00 4.02 8.32 15.18 18.91 18.18 16.79 15.04 15.04 11.68 8.32 4.31 0.00 0.00 3.58 4.96 4.74 3.87 4.02 2.92 2.77 3.58 2.85 3.21
11.02 11.61 14.60 17.23 17.81 17.52 17.96 21.39 22.56 21.68 21.24 18.98 16.72 14.24 11.17 8.91 7.74 7.08 7.08 7.66 10.51 11.90 12.41 12.26 11.10 9.78 9.27 8.48 7.74 8.83 9.71 11.61 16.72 19.93 24.38 27.81 30.59 32.92 32.31 28.68 23.99 20.29 15.62 15.62 10.59 5.18 3.87 1.61 0.22 0.00 0.00 0.00 0.00 0.00 0.00 0.00 0.00 3.29 5.55 3.07 4.74 7.37 8.47 11.75 11.17 11.39 10.95 8.76 8.76 5.11 3.07 0.00 0.00 0.00 0.00 3.65 4.60 4.31 4.02 1.68 1.24 1.10 0.88 1.46
8.83 7.74 8.10 10.59 14.09 16.72 17.23 18.32 17.89 14.02 13.29 13.51 12.92 9.49 6.13 4.53 5.18 6.57 6.57 8.69 10.44 10.88 11.24 11.10 10.95 11.10 10.44 9.34 8.89 7.94 8.09 8.36 8.58 9.13 12.26 12.99 15.91 23.15 25.33 26.21 24.78 22.19 21.17 21.17 18.54 15.33 14.45 12.12 8.76 2.63 1.61 0.51 0.00 0.00 0.00 0.00 0.00 0.00 4.23 5.55 5.99 6.72 4.96 5.77 6.50 6.35 5.40 4.60 4.60 3.14 0.00 0.00 0.00 0.00 2.04 0.00 3.50 2.99 0.00 0.95 1.02 0.88 0.51 0.80
8.83 7.74 8.10 10.59 14.09 16.72 17.23 18.32 17.45 14.02 13.29 13.51 12.92 9.49 6.13 4.53 5.18 6.60 6.57 8.69 10.44 10.88 11.24 11.10 10.95 11.10 10.44 9.34 8.76 7.66 7.81 8.32 8.32 9.13 12.33 13.06 15.91 23.04 25.59 26.21 24.53 22.19 21.17 21.17 18.54 15.33 14.45 12.12 8.76 2.63 1.61 0.51 0.00 0.00 0.00 0.00 0.00 0.00 4.23 5.55 5.99 6.72 4.96 5.77 6.50 6.35 5.40 4.60 4.60 3.14 0.00 0.00 0.00 0.00 2.04 0.00 3.50 2.99 0.00 0.95 1.02 0.88 0.51 0.80
12.48 9.78 6.86 4.74 7.15 16.28 19.42 20.16 17.79 13.36 10.00 9.05 7.88 5.33 3.58 2.56 3.29 4.96 4.96 6.86 8.40 9.49 8.61 9.27 9.49 9.64 10.00 10.22 10.22 9.42 8.98 9.93 9.20 7.52 6.28 6.13 5.77 7.66 9.76 11.24 11.10 11.17 13.07 13.07 14.75 15.91 16.50 18.61 20.51 17.08 9.05 3.43 2.04 0.00 0.00 0.00 0.00 0.00 0.00 4.74 0.00 4.23 5.04 3.29 3.80 2.63 0.00 0.00 0.00 0.00 0.00 0.00 0.00 0.00 0.00 0.00 0.00 0.00 0.00 0.00 0.00 0.58 0.22 0.80
