Wansh/Snow_depth/snowdepth-1990/winter/1991040.txt
ncols 321
nrows 161
xllcenter 60
yllcenter 15 
cellsize  0.25 
NODATA_value -1
[rows 74 to 110 of 161, columns 84 to 167 of 321]
0.00 0.00 0.00 0.00 0.00 0.00 0.00 0.00 0.15 0.66 0.37 0.37 0.44 0.80 0.00 0.00 0.00 0.00 0.00 0.00 0.00 0.00 0.00 0.00 1.68 0.00 0.00 0.00 0.00 0.00 0.00 0.00 0.00 0.00 0.00 0.88 1.75 0.00 0.00 2.85 1.97 2.04 0.73 0.73 1.61 0.66 0.29 0.66 0.58 0.66 0.66 1.31 0.00 0.00 0.00 1.39 0.22 1.10 2.63 1.10 0.00 1.31 0.00 0.00 0.00 0.00 0.00 0.00 0.00 0.59 1.83 1.75 0.07 0.00 0.00 0.00 0.00 0.00 0.00 0.00 0.07 0.00 1.68 1.10
0.00 0.00 0.00 0.22 0.22 0.80 0.73 0.73 0.88 1.39 1.90 1.68 1.10 0.00 0.00 0.00 0.00 0.00 0.00 0.00 0.00 0.00 0.00 0.00 0.00 0.00 0.00 0.00 0.00 0.00 0.00 0.00 0.00 0.00 0.00 0.00 0.00 0.00 0.00 0.00 2.99 2.99 2.34 2.34 2.41 1.39 0.58 1.24 0.66 0.22 0.66 0.44 0.51 1.17 0.00 1.61 1.46 1.68 1.31 0.80 0.80 0.95 1.10 1.61 1.53 1.02 0.00 0.00 0.00 0.37 2.26 2.63 1.83 0.15 0.00 0.00 0.00 0.00 0.00 0.00 0.00 0.00 1.32 1.33
0.00 0.07 0.00 0.00 0.00 0.95 1.39 2.34 0.00 0.00 0.00 0.00 0.00 0.00 0.00 0.00 0.00 0.00 0.00 0.00 0.00 0.00 0.00 0.00 0.00 0.00 0.00 0.00 0.00 0.00 0.00 0.00 0.00 0.00 0.00 0.00 0.00 0.00 3.21 3.65 2.77 3.43 3.43 3.43 3.21 1.46 0.44 1.46 1.46 1.46 1.17 1.46 0.66 1.39 1.02 0.66 0.37 1.46 1.02 1.31 1.68 1.17 1.24 2.12 1.83 0.59 0.37 0.00 0.00 1.24 2.70 3.14 2.26 0.51 0.00 0.00 0.00 0.00 0.00 0.00 0.00 0.00 0.00 0.68
0.00 1.90 2.34 1.75 1.75 3.07 0.00 0.00 3.94 3.21 3.14 4.09 3.87 3.14 0.00 0.00 0.00 0.00 0.00 0.00 0.00 0.00 0.00 0.00 0.00 0.00 0.00 0.00 0.00 0.00 0.00 0.00 0.00 0.00 0.00 0.00 0.00 0.00 0.00 0.00 3.36 3.29 4.02 4.02 2.63 1.75 1.31 0.00 0.00 0.00 0.00 2.26 1.61 1.39 1.39 0.51 0.73 1.17 0.95 1.31 1.90 1.46 1.02 1.24 1.53 1.31 1.46 1.17 1.17 1.39 2.70 2.63 2.41 0.80 0.07 0.00 0.00 0.00 0.00 0.00 0.00 0.00 0.00 0.59
4.31 3.72 1.97 1.24 2.04 2.34 0.00 0.00 4.16 3.87 4.02 4.60 4.09 3.58 0.00 3.36 3.72 0.00 0.00 0.00 0.00 0.00 0.00 0.00 0.00 0.00 0.00 0.00 0.00 0.00 0.00 0.00 0.00 0.00 0.00 0.00 0.00 0.00 0.00 0.00 0.00 2.26 0.00 0.00 0.00 0.00 0.00 0.00 0.00 0.00 0.00 0.00 0.00 0.00 2.70 1.24 1.17 1.90 1.24 0.73 1.83 2.19 1.68 2.70 2.70 2.19 2.56 2.19 2.19 2.70 2.19 0.58 0.44 1.02 0.44 0.00 0.00 0.00 0.00 0.00 0.00 0.15 0.00 1.56
4.96 5.11 4.38 4.09 3.72 3.36 3.29 0.00 3.94 3.29 3.36 2.99 3.58 3.72 3.21 3.87 4.31 0.00 0.00 0.00 0.00 0.00 0.00 2.70 0.00 0.00 0.00 0.00 0.00 0.00 0.00 0.00 0.00 0.00 0.00 0.00 0.00 0.00 0.00 0.00 0.00 0.00 0.00 0.00 0.00 0.00 0.00 0.00 0.00 0.00 0.00 0.00 0.00 0.00 2.19 1.83 1.39 1.75 0.95 0.73 1.97 3.14 2.77 2.19 1.10 0.00 0.66 0.51 0.51 0.29 1.68 0.29 0.00 0.80 0.07 0.00 0.07 0.07 0.44 0.37 0.00 0.15 2.12 1.91
5.11 3.87 3.43 3.80 3.29 3.36 3.21 3.07 3.58 3.36 3.29 3.43 3.50 3.29 2.92 3.07 3.87 3.94 3.94 0.00 0.00 0.00 0.00 0.00 0.00 0.00 0.00 0.00 0.00 0.00 0.00 0.00 0.00 0.00 0.00 0.00 0.00 0.00 0.00 0.00 0.00 0.00 0.00 0.00 0.00 0.00 0.00 0.00 0.00 0.00 0.00 0.00 0.00 0.00 0.00 1.97 1.10 1.83 1.61 1.31 1.53 1.61 1.83 1.75 0.37 0.00 0.00 0.00 0.00 0.00 0.80 0.00 0.73 1.02 0.29 0.29 0.00 0.00 0.22 0.00 0.00 0.00 0.00 1.61
0.00 0.00 0.00 0.00 2.56 3.72 2.92 2.70 2.70 3.14 3.21 3.29 2.99 3.14 0.00 2.56 2.41 2.70 2.70 0.00 0.00 0.00 0.00 2.34 0.00 0.00 0.00 0.00 0.00 0.00 0.00 0.00 0.00 0.00 0.00 2.85 3.14 0.00 0.00 0.00 0.00 0.00 0.00 0.00 0.00 0.00 0.00 0.00 0.00 0.00 0.00 0.00 0.00 0.00 0.00 0.00 0.88 1.46 1.68 1.90 1.46 1.46 1.61 1.24 0.00 0.00 0.00 0.00 0.00 0.00 0.00 0.00 1.24 3.58 3.80 2.86 0.66 0.38 0.08 0.90 0.88 0.00 0.00 0.00
0.00 2.85 5.18 4.16 2.63 3.29 3.80 2.34 0.00 0.00 0.00 3.50 0.00 3.21 3.29 2.92 3.14 3.29 3.29 2.56 0.00 0.00 0.00 0.00 2.70 0.00 0.00 0.00 0.00 0.00 0.00 0.00 0.00 0.00 0.00 2.85 4.74 4.82 0.00 0.00 0.00 0.00 2.85 2.85 0.00 0.00 0.00 0.00 0.00 0.00 0.00 0.00 0.00 0.22 0.00 0.00 0.00 0.29 1.02 1.46 1.90 1.75 1.61 0.51 0.00 0.00 0.00 0.00 0.00 0.00 0.00 0.00 1.53 4.53 7.37 5.91 2.19 0.95 1.24 1.54 1.10 0.80 0.00 0.00
4.67 4.96 6.79 5.91 3.65 3.21 0.00 0.00 0.00 0.00 0.00 0.00 3.87 2.70 3.58 3.43 3.14 3.50 3.50 3.14 1.31 0.00 0.00 0.00 1.83 1.53 0.00 0.00 0.00 0.00 0.00 0.00 0.00 0.00 0.00 0.00 4.02 4.82 3.14 0.73 0.88 0.00 0.00 0.00 0.00 0.00 0.00 0.00 0.00 0.00 0.00 0.44 1.10 0.58 0.22 0.37 0.44 0.07 1.68 1.31 2.34 2.34 1.83 1.31 0.95 1.83 0.58 1.10 1.10 0.80 0.66 0.58 1.39 4.60 7.96 7.45 5.69 3.07 1.61 1.68 2.63 2.19 1.02 0.44
5.69 4.67 5.84 5.99 5.55 4.02 0.00 0.00 0.00 0.00 0.00 0.00 0.00 3.21 3.58 4.16 3.50 2.56 2.56 2.99 2.92 0.00 0.00 0.00 0.00 1.83 0.00 0.00 0.00 0.00 0.00 0.00 0.00 0.00 0.00 0.00 0.00 1.75 2.48 0.73 0.66 0.58 0.00 0.00 0.00 0.00 0.00 0.00 0.00 0.00 0.00 0.29 0.44 0.00 0.00 1.31 1.31 0.37 2.26 1.97 2.26 3.14 2.70 3.29 3.36 3.58 4.82 2.92 2.92 1.83 2.34 1.17 1.75 4.38 6.35 7.74 6.06 4.53 4.53 3.72 4.38 3.87 2.92 1.39
4.02 3.65 3.87 4.09 4.16 4.53 3.14 3.14 3.36 3.21 3.36 2.70 0.00 2.77 4.09 4.60 3.65 0.00 0.00 0.00 3.36 3.43 2.99 0.00 0.00 0.00 1.75 0.00 0.00 0.00 0.00 0.00 2.41 1.61 0.00 0.00 0.00 0.29 1.46 1.61 1.10 0.44 0.00 0.00 0.00 0.00 0.00 0.00 0.00 0.29 0.95 0.44 0.00 0.44 4.02 5.84 5.55 2.04 3.29 1.75 2.27 4.39 4.44 5.62 6.86 7.45 7.59 5.18 5.18 3.43 4.23 4.23 2.92 2.41 3.80 4.23 4.96 5.40 5.84 4.74 4.82 5.48 3.94 0.00
1.90 2.19 3.50 3.87 3.50 3.29 3.07 2.56 3.14 3.14 2.63 2.26 2.92 2.41 1.97 1.68 2.85 3.65 3.65 3.36 4.31 4.82 4.23 3.29 2.34 2.56 0.00 2.48 0.00 2.77 0.00 0.00 0.00 3.65 0.00 0.00 0.00 0.00 0.00 4.16 4.74 2.77 2.19 2.19 1.53 0.80 1.75 0.80 0.73 1.31 0.37 0.22 0.44 1.68 6.20 12.19 16.72 16.43 10.95 9.71 6.64 6.50 7.37 8.83 9.71 9.20 8.18 5.69 5.69 6.94 8.98 10.29 7.45 6.13 3.07 1.90 1.68 3.21 5.04 6.13 5.04 4.96 3.50 0.00
1.61 1.39 2.99 0.00 2.63 2.99 2.56 2.41 0.00 2.34 0.00 2.85 2.92 2.63 2.04 1.61 2.77 3.50 3.50 3.58 3.80 4.31 3.80 2.63 2.12 2.41 2.85 2.34 2.19 0.00 0.00 0.00 0.00 0.00 0.00 0.00 0.00 0.00 0.00 4.16 4.67 5.62 3.36 3.36 2.77 1.10 1.97 1.46 1.46 0.73 0.15 0.58 1.61 3.43 8.18 13.29 17.45 18.83 17.74 16.79 11.68 8.25 8.69 8.98 9.49 10.44 10.73 8.47 8.47 8.32 10.07 12.85 14.09 12.41 6.13 2.48 2.04 1.90 3.87 4.67 5.11 6.72 4.16 0.00
2.56 2.56 2.56 3.21 0.00 0.00 3.43 2.99 0.00 0.00 0.00 2.85 3.65 2.85 2.63 2.26 2.70 2.70 2.70 2.70 3.72 3.94 2.56 0.00 2.34 2.70 3.21 3.07 2.19 0.00 0.00 0.00 0.00 3.14 0.00 0.00 0.00 0.00 2.48 1.83 2.99 3.87 3.43 3.43 3.80 6.50 4.60 3.80 3.14 0.88 1.39 2.34 2.70 4.74 8.76 12.56 15.33 16.72 17.16 18.91 13.58 11.53 10.88 10.51 10.18 12.67 13.58 12.34 12.34 11.17 9.05 11.32 13.21 14.75 7.45 4.23 1.97 2.34 3.58 4.45 4.89 5.04 3.21 0.00
3.94 2.56 0.00 0.00 0.00 0.00 0.00 0.00 0.00 0.00 0.00 2.85 3.65 0.00 2.41 2.48 3.07 3.14 3.14 2.48 2.70 3.29 2.26 2.41 2.99 2.63 3.50 3.21 2.92 2.56 3.14 3.50 3.50 3.50 2.70 0.00 2.63 2.56 2.04 2.26 2.99 4.09 5.69 5.69 6.28 7.59 5.84 7.96 7.30 5.99 4.53 4.96 5.26 8.18 9.13 12.34 13.65 14.09 15.04 17.33 12.48 12.05 11.17 12.34 13.56 15.13 15.14 14.67 14.67 11.53 7.88 9.42 9.71 10.80 6.06 2.77 2.56 3.14 2.92 2.83 3.38 3.69 3.23 0.00
3.94 2.34 2.12 0.00 0.00 0.00 0.00 0.00 0.00 0.00 0.00 0.00 0.00 0.00 0.00 2.19 2.04 2.63 2.63 2.34 2.56 2.99 2.26 2.04 2.85 2.41 2.34 3.50 0.00 0.00 0.00 3.29 3.87 3.80 3.07 0.00 3.14 2.56 0.00 3.43 3.43 4.45 4.60 4.60 7.66 7.59 8.25 10.73 10.07 9.64 8.91 10.07 12.63 13.36 13.65 15.91 16.35 13.29 12.85 11.68 10.31 8.91 9.14 11.02 12.05 12.56 13.56 13.25 12.83 10.05 6.72 6.50 5.91 5.91 6.72 3.43 3.36 3.72 3.82 2.68 2.09 2.61 2.65 2.19
2.85 1.75 2.04 0.00 0.00 0.00 0.00 1.17 1.10 0.00 0.00 0.00 0.00 0.00 0.00 0.00 0.00 0.00 0.00 0.00 0.00 0.00 0.00 0.00 0.00 0.00 0.00 0.00 0.00 0.00 0.00 2.70 0.00 3.50 2.99 0.00 0.00 0.00 0.00 0.00 1.75 2.04 3.87 3.87 4.31 6.64 7.59 8.18 9.86 12.63 13.72 14.89 19.13 20.81 19.93 20.88 19.20 15.40 10.25 10.62 10.44 6.06 6.11 5.55 8.36 8.12 8.32 8.03 8.07 8.99 5.21 5.40 6.28 5.62 5.36 2.70 2.12 2.19 2.57 2.35 2.01 1.68 1.62 2.63
2.12 0.95 1.10 1.31 1.24 0.00 1.10 1.17 0.00 0.00 0.00 0.00 0.00 0.00 0.00 0.00 0.00 0.00 0.00 0.00 0.00 0.00 0.00 0.00 0.00 0.00 0.00 0.00 0.00 0.00 0.00 0.00 0.00 0.00 0.00 0.00 0.00 0.00 0.00 0.00 1.61 0.44 3.43 3.43 4.89 7.66 7.74 6.94 9.13 13.21 15.40 15.33 19.35 21.53 21.97 23.80 21.90 18.10 8.98 11.46 8.63 4.43 2.63 1.64 4.41 5.63 6.44 6.20 6.20 5.43 4.74 6.57 8.51 8.45 4.92 2.51 2.34 1.85 1.73 2.01 2.05 1.66 2.35 4.11
1.90 0.95 1.68 1.61 1.53 1.61 1.39 1.75 0.00 0.00 0.73 0.44 0.00 0.00 0.00 0.00 0.00 0.00 0.00 0.00 1.68 1.97 1.68 0.00 0.00 0.00 0.00 0.00 0.00 0.00 0.00 0.00 0.00 0.00 0.00 0.00 0.00 0.00 0.00 0.00 1.53 0.22 1.53 1.53 4.89 4.53 7.88 6.06 9.56 14.67 16.28 14.02 16.57 16.50 19.05 19.20 15.72 17.37 10.88 13.58 10.00 5.32 1.81 1.15 2.64 5.47 5.87 4.53 4.53 3.32 3.54 5.67 8.82 8.95 7.71 3.82 2.70 3.19 2.04 2.03 2.22 3.28 4.39 3.63
3.07 2.19 2.26 2.04 1.97 1.24 0.00 0.00 0.00 0.00 1.90 0.00 0.00 0.00 0.00 0.66 1.10 1.02 1.02 0.00 2.77 2.85 1.68 0.00 0.00 0.00 0.00 0.00 0.00 0.00 0.00 0.00 0.00 0.00 0.00 0.00 0.00 0.00 0.00 0.00 0.00 1.31 1.17 1.17 2.41 7.23 7.37 7.88 8.54 13.58 13.72 10.88 12.74 11.82 11.16 13.04 13.17 11.90 14.45 13.51 11.61 8.22 3.46 3.15 3.06 5.97 7.57 4.02 4.04 2.56 4.00 5.11 7.42 9.68 9.89 8.10 7.00 6.28 3.67 2.29 3.00 4.40 6.79 6.06
4.53 3.36 3.29 4.82 4.02 1.97 2.04 0.00 0.00 0.66 0.95 0.00 0.00 0.00 0.00 0.73 1.02 1.02 1.02 0.00 0.00 2.77 2.26 0.00 0.00 0.00 2.19 1.75 0.51 0.00 0.00 0.00 0.00 0.00 0.00 2.19 0.00 0.00 0.00 0.00 0.00 1.75 1.90 1.90 1.31 5.48 6.06 7.08 6.72 11.61 11.75 10.88 9.34 8.03 7.82 9.41 10.08 10.97 10.01 12.61 12.11 9.68 4.74 5.13 3.73 5.18 8.61 6.02 6.02 3.17 4.40 3.65 4.89 8.32 9.68 9.83 10.35 8.86 6.21 4.21 4.63 6.35 8.70 7.10
6.72 6.06 5.04 7.08 5.33 3.50 3.07 2.92 2.19 1.83 1.83 0.00 0.00 0.00 0.00 0.00 0.00 0.00 0.00 0.00 0.00 0.00 0.00 0.00 0.00 0.00 0.00 2.04 0.95 0.00 0.00 0.00 0.00 0.00 2.41 0.00 0.00 0.00 0.00 0.00 4.02 3.50 3.07 3.07 2.70 2.85 4.89 6.42 5.69 9.27 9.78 9.64 10.00 9.02 7.08 7.30 7.94 8.79 11.39 11.07 12.31 11.56 10.01 9.58 4.51 5.69 7.76 6.08 5.99 3.85 4.00 4.06 5.71 8.39 10.80 9.98 10.52 8.01 5.90 3.59 4.14 7.90 11.53 8.38
10.22 6.50 4.31 6.06 5.11 4.82 4.23 5.04 4.16 4.16 3.21 0.66 0.00 0.00 0.80 0.00 0.00 0.00 0.00 0.00 0.00 0.00 0.00 0.00 0.00 0.00 0.00 2.19 1.53 0.51 0.07 0.07 1.10 1.31 1.75 0.00 0.00 0.00 0.00 0.00 4.31 8.18 7.88 7.88 5.69 4.16 6.42 6.42 7.88 8.69 9.33 11.19 13.61 13.72 10.71 9.76 7.15 6.79 5.90 9.86 10.42 11.30 10.78 11.39 8.75 6.43 6.08 6.40 6.24 3.50 2.63 4.59 5.76 9.79 12.33 11.02 11.01 6.70 5.96 4.69 4.26 6.67 10.26 7.57
12.05 6.79 5.84 7.37 9.13 12.41 15.91 13.72 11.10 9.13 4.82 3.21 2.99 1.90 1.24 0.80 0.58 0.88 0.88 2.19 0.00 0.73 1.68 1.68 2.04 2.26 1.83 1.90 1.39 1.02 1.75 1.90 2.12 2.48 1.97 1.17 0.73 0.66 0.73 3.94 4.45 5.77 6.64 6.64 8.91 9.71 7.59 12.34 11.90 9.56 12.42 13.51 13.40 9.54 9.00 7.89 11.04 13.93 12.15 12.40 14.60 13.54 11.62 16.26 14.97 10.05 8.61 5.47 5.38 1.97 0.29 4.16 5.94 10.21 16.10 18.32 15.81 11.96 6.59 4.28 3.60 5.45 5.66 9.48
10.44 9.20 9.49 10.73 10.22 15.11 17.59 14.82 12.05 8.10 0.00 2.48 3.58 3.14 2.56 1.17 1.68 1.68 1.68 2.12 1.97 1.10 1.31 1.39 2.04 1.97 1.46 1.24 1.75 1.61 1.68 1.61 2.41 3.14 3.29 3.14 2.85 3.07 4.38 2.70 3.36 3.80 5.40 5.40 7.81 10.44 10.73 12.48 10.99 11.25 10.54 10.85 9.63 9.48 8.37 6.69 9.56 8.84 10.61 12.85 16.37 17.02 18.50 14.00 12.56 8.03 8.95 7.26 7.15 1.83 0.58 2.31 4.13 8.92 15.84 19.71 17.33 13.10 8.52 4.44 2.73 3.22 4.69 8.97
8.47 9.71 10.44 9.93 9.71 13.43 16.35 13.29 11.02 5.55 0.00 0.00 2.77 3.50 3.65 2.26 1.97 2.19 2.19 1.83 1.68 1.61 1.97 1.10 1.39 0.00 0.37 0.37 1.10 2.26 2.70 0.95 0.51 2.26 3.94 4.09 3.94 3.65 0.95 1.31 1.61 0.51 3.07 3.07 5.91 7.30 11.24 10.18 9.98 7.46 8.52 9.39 9.82 10.05 9.82 6.82 4.67 5.90 4.22 7.30 14.36 18.92 22.12 20.59 12.78 8.27 8.72 7.34 8.16 2.01 1.19 1.23 1.96 5.81 12.50 16.81 15.84 15.11 6.93 3.79 3.55 3.27 3.97 8.69
5.40 7.52 8.61 6.86 6.42 9.56 12.19 10.27 7.81 3.94 0.00 0.00 0.00 0.00 3.43 2.77 2.48 2.34 2.34 1.61 1.24 1.68 1.46 1.53 1.31 0.80 0.29 0.15 0.58 1.97 2.48 1.68 0.66 1.46 2.56 3.14 3.36 1.83 1.68 0.00 0.00 1.02 1.39 1.39 2.92 4.16 5.99 7.41 8.47 8.81 8.76 9.73 8.68 10.12 8.68 6.30 4.98 5.65 3.82 7.55 12.62 18.71 21.64 23.29 19.05 10.97 7.94 7.85 7.56 5.72 1.88 0.00 1.03 4.15 10.93 11.31 11.49 12.23 5.64 2.80 4.38 4.42 8.66 10.27
0.00 0.00 4.23 0.00 0.00 6.79 8.91 8.47 8.03 5.04 2.04 2.12 0.00 0.00 1.61 1.31 2.04 2.41 2.41 2.34 1.68 1.53 1.17 0.66 1.10 0.88 0.00 0.15 1.02 1.39 1.53 1.02 0.15 0.37 1.10 2.12 1.68 1.24 0.66 0.00 0.00 0.15 1.31 1.31 2.04 2.85 5.40 7.15 8.91 9.78 9.93 10.09 8.20 7.82 8.10 6.28 1.80 2.33 6.34 7.66 9.46 13.52 18.02 24.20 19.00 13.32 9.76 8.17 8.21 8.20 3.45 0.73 0.62 3.30 4.95 5.25 6.26 5.72 7.01 4.33 4.92 8.93 10.36 12.25
0.00 0.00 0.00 0.00 0.00 6.06 8.18 8.69 8.98 5.48 3.58 4.16 2.99 0.00 0.00 0.73 1.31 1.31 1.31 0.95 1.17 1.24 0.80 0.07 0.37 0.73 0.07 0.22 0.22 0.29 0.58 0.00 0.00 0.00 0.00 0.44 0.22 0.00 0.00 0.00 0.00 0.00 0.58 0.58 0.59 0.80 2.93 4.96 6.82 8.81 10.79 10.23 12.50 7.35 4.52 5.33 2.45 7.16 6.13 6.17 8.72 11.22 14.20 17.31 21.34 15.28 13.16 10.28 12.03 8.33 6.11 2.90 0.18 1.41 2.21 2.34 3.57 3.94 5.51 2.31 4.87 7.22 10.22 11.92
0.00 0.00 0.00 0.00 0.00 0.00 6.64 7.81 8.61 5.33 5.18 5.11 4.09 2.34 0.00 2.19 1.83 0.00 0.00 0.00 0.44 0.44 0.37 0.00 0.22 0.15 0.00 0.00 0.00 0.00 0.00 0.00 0.00 0.00 0.51 0.00 0.00 0.00 0.00 0.00 0.00 0.00 0.00 0.00 0.22 0.44 0.73 1.67 4.53 6.13 6.94 7.96 6.23 6.49 0.00 0.00 0.00 0.00 6.59 9.73 9.58 9.00 12.21 14.98 19.15 15.84 16.79 11.07 12.40 8.95 7.12 3.67 2.37 0.71 0.19 1.12 3.07 3.21 1.27 2.00 4.48 7.90 11.70 11.40
0.00 0.00 0.00 0.00 0.00 0.00 0.00 5.69 7.74 6.42 5.04 5.33 5.69 4.89 4.53 4.89 4.50 2.70 2.70 0.00 0.15 0.29 0.00 0.00 0.37 0.29 0.00 0.29 0.00 0.00 0.00 0.00 0.00 0.00 0.00 0.37 0.00 0.00 0.00 0.00 0.07 0.07 0.00 0.00 0.00 0.00 0.66 2.17 4.59 6.57 8.66 6.06 8.76 7.93 0.00 0.00 0.00 0.00 0.00 0.00 11.99 9.85 8.66 9.67 12.85 13.94 18.92 12.31 12.57 10.90 8.82 3.82 4.13 1.43 1.20 2.61 2.90 3.07 1.39 1.32 3.02 5.43 7.03 9.90
0.00 0.00 0.00 0.00 0.00 0.00 0.00 0.00 5.62 4.60 3.72 4.74 6.06 6.79 7.15 7.48 7.45 6.53 6.10 2.92 1.68 2.12 0.58 0.00 0.51 1.02 0.58 0.22 0.00 0.00 0.00 0.29 0.00 0.00 0.00 0.00 0.00 0.00 0.00 0.73 0.80 0.95 0.22 0.22 0.44 0.00 0.00 1.70 3.93 9.70 11.30 10.31 0.00 0.00 0.00 0.00 0.00 0.00 0.00 0.00 0.00 9.59 9.86 7.82 9.73 11.83 13.06 13.66 16.70 14.50 7.14 5.17 5.50 2.25 1.46 2.85 3.51 3.46 1.00 0.39 1.25 3.16 4.03 0.00
0.00 0.00 0.00 0.00 0.00 0.00 0.00 0.00 0.00 0.00 0.00 0.00 0.00 0.00 1.68 3.50 3.58 5.50 5.59 6.64 7.01 6.28 5.33 3.29 4.38 4.60 4.45 2.56 0.00 0.00 0.00 2.77 2.19 2.41 3.87 5.11 6.28 5.40 4.67 7.04 7.45 7.15 6.64 6.64 5.40 5.48 1.75 4.40 5.96 0.00 0.00 0.00 0.00 0.00 0.00 0.00 0.00 0.00 0.00 0.00 0.00 7.30 4.95 5.77 6.17 6.44 9.56 8.66 9.68 9.77 7.73 5.49 4.51 3.52 1.77 3.75 3.67 2.74 2.30 0.00 0.00 0.00 0.00 0.00
0.00 0.00 0.00 0.00 0.00 0.00 0.00 0.00 0.00 0.00 0.00 0.00 0.00 0.00 0.00 0.00 0.00 0.00 0.00 3.36 7.10 7.26 6.86 5.69 5.84 6.91 6.81 7.01 5.69 5.62 6.86 6.50 6.13 4.16 4.89 7.01 8.40 8.83 10.07 8.61 8.64 12.29 9.13 10.20 10.22 10.15 5.84 2.99 0.00 0.00 0.00 0.00 0.00 0.00 0.00 0.00 0.00 0.00 0.00 0.00 0.00 0.00 0.00 0.00 5.16 6.52 9.51 4.38 4.38 5.65 6.33 4.90 4.56 2.99 2.39 2.96 2.80 1.84 0.00 0.00 0.00 0.00 0.00 0.00
0.00 0.00 0.00 0.00 0.00 0.00 0.00 0.00 0.00 0.00 0.00 0.00 0.00 0.00 0.00 0.00 0.00 0.00 0.00 0.00 0.00 0.00 4.60 3.80 5.55 5.94 6.26 7.15 8.03 6.94 8.69 9.42 8.97 6.72 5.55 4.54 6.06 9.13 7.23 6.50 6.93 4.96 8.55 10.85 12.61 13.45 0.00 0.00 0.00 0.00 0.00 0.00 0.00 0.00 0.00 0.00 0.00 0.00 0.00 0.00 0.00 0.00 0.00 0.00 0.00 0.00 4.67 0.00 0.00 0.00 0.00 0.00 0.00 0.00 0.00 2.54 2.73 0.00 0.00 0.00 0.00 0.00 0.00 0.00
0.00 0.00 0.00 0.00 0.00 0.00 0.00 0.00 0.00 0.00 0.00 0.00 0.00 0.00 0.00 0.00 0.00 0.00 0.00 0.00 0.00 0.00 0.00 0.00 2.99 3.87 0.00 4.23 4.74 5.77 6.57 7.00 9.61 5.99 4.82 0.00 0.00 0.00 3.58 0.00 0.00 0.00 0.00 0.00 5.27 7.57 0.00 0.00 0.00 0.00 0.00 0.00 0.00 0.00 0.00 0.00 0.00 0.00 0.00 0.00 0.00 0.00 0.00 0.00 0.00 0.00 0.00 0.00 0.00 0.00 0.00 0.00 0.00 0.00 0.00 0.00 0.00 0.00 0.00 0.00 0.00 0.00 0.00 0.00
