Wansh/Snow_depth/snowdepth-1990/winter/1991037.txt
ncols 321
nrows 161
xllcenter 60
yllcenter 15 
cellsize  0.25 
NODATA_value -1
[rows 37 to 73 of 161, columns 0 to 83 of 321]
0.00 0.00 0.00 4.09 9.05 13.07 16.50 18.61 20.95 20.81 20.66 20.59 20.88 19.78 18.25 17.30 17.37 17.52 17.52 17.23 16.64 16.72 13.94 9.71 7.08 8.69 8.69 11.75 13.51 13.72 12.63 11.61 10.66 10.22 10.15 10.80 10.22 8.98 8.32 7.52 6.94 7.66 7.45 7.88 8.25 8.32 8.54 8.69 8.83 9.13 8.76 8.76 8.69 4.31 0.00 0.00 0.00 0.00 5.77 9.56 9.05 7.66 4.09 3.80 7.74 7.08 7.52 6.86 6.35 5.11 6.42 7.30 7.30 8.10 9.64 10.59 10.59 0.00 12.78 16.28 18.69 0.00 0.00 16.86
0.00 0.00 0.00 6.28 13.29 16.28 18.91 20.81 21.97 22.56 22.34 21.68 20.44 18.98 17.96 17.81 17.81 17.59 17.74 16.86 16.13 14.82 12.85 9.56 7.74 9.56 9.56 12.41 12.70 12.48 11.97 12.05 11.90 11.61 10.73 10.07 10.22 10.07 9.34 8.91 8.03 7.23 7.08 6.72 6.50 6.94 7.30 7.88 7.45 7.74 9.20 9.20 8.69 7.37 3.07 0.00 0.00 2.48 5.91 7.52 8.69 7.96 4.67 3.65 7.88 7.23 6.28 6.06 5.62 6.64 8.03 9.05 9.27 10.15 11.39 0.00 0.00 0.00 0.00 0.00 21.90 21.97 20.88 19.13
0.00 0.00 0.00 3.29 11.83 15.18 16.43 18.32 20.44 20.44 20.44 20.88 19.35 17.08 16.06 15.99 15.84 15.04 14.60 14.45 14.38 13.07 11.68 9.64 8.32 8.83 8.83 9.86 10.66 11.02 11.17 12.56 12.48 12.56 12.12 11.24 10.44 9.49 9.49 9.13 9.64 8.76 6.79 5.62 6.28 7.23 6.86 6.57 7.37 7.45 8.25 8.25 9.78 9.86 7.81 4.82 0.00 3.43 4.74 5.91 6.35 7.30 6.64 3.50 3.36 5.62 6.86 6.86 7.45 8.10 9.13 11.17 12.85 13.14 12.56 13.14 13.14 14.09 17.30 17.59 21.68 22.27 20.29 19.93
0.00 0.00 0.00 0.73 7.37 11.97 12.78 16.06 17.37 18.69 18.47 17.30 16.57 15.33 13.87 14.60 14.97 14.24 12.70 12.26 11.90 10.37 9.42 7.74 6.64 6.28 6.28 7.08 7.88 7.08 6.72 7.30 9.13 10.07 11.02 10.51 9.93 9.05 8.18 8.69 9.64 10.00 9.34 8.03 7.37 7.08 7.52 7.81 7.45 6.50 6.57 6.57 8.40 10.22 9.64 8.03 5.69 3.50 4.09 5.04 5.26 6.20 7.30 4.74 4.16 4.96 6.79 8.76 9.05 10.15 11.02 13.29 14.24 13.94 13.72 14.02 14.02 14.02 16.50 18.98 20.44 19.64 16.13 15.48
0.00 0.00 0.00 0.00 5.55 10.73 12.92 14.97 15.77 15.99 15.62 14.53 14.24 12.99 12.56 12.85 12.26 11.83 10.44 10.00 9.34 8.25 7.45 5.84 5.26 5.26 5.26 6.72 8.10 6.64 3.43 0.00 0.00 5.62 6.86 7.15 7.01 7.15 6.79 6.86 8.98 10.59 10.80 9.78 8.83 8.10 8.54 6.50 4.31 4.31 5.40 5.40 5.77 7.30 8.61 9.05 7.88 6.42 5.40 5.91 6.79 7.08 5.84 5.40 5.99 5.99 7.88 9.05 8.69 9.49 10.66 11.90 13.29 13.80 15.26 16.21 16.21 16.28 17.08 17.67 18.18 16.50 15.18 13.51
0.00 0.00 0.00 0.22 7.88 10.59 12.70 13.51 12.78 11.97 9.42 10.37 10.88 10.37 9.86 9.78 9.86 9.71 9.42 7.81 6.72 6.13 5.40 5.84 6.42 7.08 7.08 11.10 14.16 10.73 6.20 2.85 0.00 0.00 0.00 0.00 0.00 2.92 4.09 4.82 5.33 7.81 9.64 9.34 8.76 8.10 6.94 6.13 5.48 3.87 3.65 3.65 4.45 5.33 7.15 7.88 9.20 9.42 7.59 7.74 6.94 7.08 7.96 6.28 6.86 7.01 6.79 8.18 7.52 8.32 0.00 0.00 11.32 12.26 13.87 15.33 15.33 15.18 15.11 14.09 12.63 16.06 14.89 13.71
0.00 0.00 0.00 2.04 4.96 8.25 10.80 10.00 7.74 6.79 5.40 6.13 6.20 6.28 5.84 5.69 7.37 8.10 7.15 5.77 4.60 4.45 4.74 6.28 9.13 11.46 11.46 14.31 17.74 19.35 14.53 9.13 5.40 0.00 0.00 0.00 0.00 0.00 0.00 0.00 0.00 2.19 6.13 7.59 8.25 8.32 7.37 6.57 6.42 5.11 7.08 7.08 7.96 7.59 8.32 9.42 10.88 12.26 12.12 10.66 7.88 9.05 7.23 8.18 8.10 8.76 7.59 7.74 7.52 8.25 8.18 7.45 7.52 7.37 8.76 8.18 8.18 6.86 7.30 7.23 8.18 11.24 11.17 11.90
0.00 0.00 0.00 0.00 2.85 4.60 4.60 3.87 3.58 3.72 2.99 2.92 3.14 3.72 3.65 4.96 6.57 6.35 5.84 5.48 5.04 4.60 6.20 9.42 11.61 14.24 14.24 16.94 20.00 22.27 23.73 17.67 12.85 9.42 4.74 1.31 0.00 0.00 0.00 0.00 0.00 0.00 5.84 8.40 10.88 12.05 12.48 10.00 7.66 7.45 8.47 8.47 10.95 11.53 10.59 11.46 12.56 14.38 14.45 13.80 12.41 10.59 11.10 8.32 10.07 10.66 11.39 11.61 11.24 8.61 5.62 4.16 3.58 2.70 2.41 2.41 2.41 1.10 0.00 2.34 4.53 5.40 7.08 8.80
0.00 0.00 0.00 0.00 0.00 0.00 0.00 0.95 1.24 2.48 4.02 3.94 4.09 4.23 3.94 4.53 5.91 5.84 5.84 6.42 7.59 7.66 9.13 12.99 14.09 15.62 15.62 17.52 19.86 22.19 25.04 26.35 23.80 20.08 15.84 11.97 6.72 3.21 0.00 0.00 0.00 5.04 9.42 14.75 17.08 17.08 15.18 13.29 11.39 10.29 11.61 11.61 12.34 12.85 12.85 13.51 15.55 16.35 15.04 14.45 14.60 14.45 13.36 12.26 13.14 14.75 15.04 14.38 14.60 12.41 9.27 7.15 5.48 3.36 2.63 2.19 2.19 0.66 1.39 4.09 6.13 7.52 8.54 6.94
0.00 0.00 0.00 0.00 0.00 0.00 0.00 0.95 1.24 2.48 4.02 3.94 4.09 4.23 3.94 4.53 5.91 5.84 5.84 6.42 7.59 7.66 9.13 12.99 14.09 15.62 15.62 17.52 19.86 22.19 25.04 26.35 23.80 20.08 15.84 11.97 6.72 3.21 0.00 0.00 0.00 5.04 9.42 14.75 17.08 17.08 15.18 13.29 11.39 10.29 11.61 11.61 12.34 12.85 12.85 13.51 15.55 16.35 15.04 14.45 14.60 14.45 13.36 12.26 13.14 14.75 15.04 14.38 14.60 12.41 9.27 7.15 5.48 3.36 2.63 2.19 2.19 0.66 1.39 4.09 6.13 7.52 8.54 7.01
0.00 0.00 0.00 0.00 0.00 0.00 0.00 0.29 2.04 3.94 5.77 6.86 7.88 5.69 4.23 3.58 4.23 4.67 6.57 7.66 8.25 9.71 11.83 13.72 14.82 15.55 15.55 15.84 17.08 19.49 21.46 22.34 24.97 22.27 18.61 16.50 14.97 14.02 12.78 9.20 6.42 7.81 11.83 16.79 18.91 19.49 16.86 14.75 14.31 14.09 14.24 14.24 16.35 14.89 14.16 15.40 16.72 18.03 18.40 16.79 15.55 16.57 16.43 15.62 15.18 15.84 15.70 15.77 15.40 16.50 14.31 14.38 13.29 9.56 6.86 5.04 5.04 4.16 5.99 9.13 11.02 12.99 18.10 12.14
0.00 0.00 0.00 0.00 0.00 0.00 0.00 2.41 4.09 6.13 8.03 9.27 9.42 6.86 2.63 1.39 3.50 4.45 6.35 7.52 7.96 9.42 12.63 14.53 15.26 15.11 15.11 13.36 13.07 14.38 16.21 13.80 12.48 12.05 9.71 8.54 9.93 16.64 18.47 16.94 13.29 10.51 10.66 14.24 15.11 15.33 15.26 15.84 16.21 16.64 19.05 19.05 18.40 18.32 19.71 18.61 18.91 20.37 21.46 20.51 18.25 16.21 14.31 15.70 14.89 15.18 14.82 14.45 12.05 17.96 13.72 15.48 12.56 10.80 11.32 10.73 10.73 12.05 13.80 14.97 14.89 18.40 23.87 25.77
0.00 0.00 0.00 0.00 0.00 0.00 1.17 4.82 7.15 8.54 11.10 11.61 9.78 5.55 1.83 0.88 2.70 5.84 7.81 9.05 8.83 10.29 12.56 13.94 14.09 13.07 13.07 10.73 9.13 9.49 7.74 2.85 0.00 0.00 0.00 0.80 3.72 14.82 20.95 22.05 19.27 15.70 11.83 11.53 12.41 12.19 12.63 14.75 17.08 18.25 18.10 18.10 18.83 19.71 20.51 20.59 20.73 21.10 20.29 21.39 20.81 17.45 14.60 12.12 15.77 10.95 9.56 9.93 9.05 2.77 13.51 7.15 7.74 9.42 14.09 15.77 15.77 18.83 19.93 18.91 17.59 19.32 23.92 27.85
0.00 0.00 0.00 0.00 0.00 0.00 2.85 7.59 9.71 10.15 11.68 13.07 10.59 3.14 1.53 2.04 3.65 6.64 8.47 8.83 8.47 9.05 10.73 11.75 12.26 10.95 10.95 6.79 2.99 0.58 0.66 0.00 0.00 0.00 0.00 0.00 3.43 12.99 22.70 25.04 22.70 18.69 14.45 11.10 10.59 10.73 10.88 12.41 14.09 17.01 17.23 17.23 16.28 17.16 17.01 17.67 18.83 18.47 16.64 15.77 14.75 14.89 11.61 4.23 7.15 5.40 0.00 0.00 0.00 0.00 0.00 0.00 0.00 10.15 13.80 17.96 17.96 20.59 19.35 17.74 16.43 16.60 19.08 20.28
0.00 0.00 0.00 0.00 0.00 0.00 3.43 7.66 8.69 8.18 9.56 9.20 4.67 0.00 0.00 2.12 3.07 4.60 4.67 5.04 4.53 3.50 6.79 9.42 9.05 6.86 6.86 1.46 0.00 0.00 0.00 0.00 0.00 0.00 0.00 0.00 3.65 12.26 22.70 24.53 22.56 17.81 14.38 12.12 11.46 11.32 11.32 11.17 12.19 14.89 15.62 15.62 17.37 19.05 20.81 21.97 23.00 24.16 21.75 19.13 12.92 8.69 6.94 5.91 0.00 0.00 0.00 0.00 0.00 0.00 0.00 0.00 6.35 12.63 15.11 16.06 16.06 13.80 11.90 11.75 11.97 11.24 11.32 12.05
0.00 0.00 0.00 0.00 0.00 0.00 2.77 4.31 3.50 0.00 0.00 0.00 0.00 0.00 0.00 0.00 0.00 0.00 0.00 0.00 0.00 0.00 0.00 2.48 3.94 0.51 0.51 0.00 0.00 0.00 0.00 0.00 0.00 0.00 0.00 0.00 0.88 9.71 20.88 21.24 17.37 13.36 12.41 14.09 15.11 15.77 13.87 11.61 12.05 14.31 15.40 15.40 14.38 16.72 21.68 23.87 25.48 26.43 26.13 24.60 20.88 15.55 10.73 8.18 0.00 11.32 9.64 8.47 0.00 0.00 0.00 8.18 12.99 14.02 10.59 9.49 9.49 7.23 4.96 6.86 6.64 6.35 6.57 6.13
0.00 0.00 0.00 0.00 0.00 0.00 0.00 0.00 0.00 0.00 0.00 0.00 0.00 0.00 0.00 0.00 0.00 0.00 0.00 0.00 0.00 0.00 0.00 0.00 0.00 0.00 0.00 0.00 0.00 0.00 0.00 0.00 0.00 0.00 0.00 0.00 0.00 3.94 12.63 15.55 12.12 10.22 12.85 15.62 16.57 16.57 15.18 13.14 11.90 12.56 13.65 13.65 13.07 13.80 15.91 17.89 19.93 20.88 20.59 21.32 21.32 21.83 21.24 19.78 19.64 8.61 21.02 19.42 17.96 15.70 10.88 10.29 10.95 10.73 7.37 3.80 3.80 2.34 1.83 2.70 4.82 4.67 3.65 3.50
0.00 0.00 0.00 0.00 0.00 0.00 0.00 0.00 0.00 0.00 0.00 0.00 0.00 0.00 0.00 0.00 0.00 0.00 0.00 0.00 0.00 0.00 0.00 0.00 0.00 0.00 0.00 0.00 0.00 0.00 0.00 0.00 0.00 0.00 0.00 0.00 0.00 0.00 2.56 9.34 9.34 8.32 11.83 15.40 14.89 14.97 15.26 12.41 9.56 10.22 11.32 11.32 11.53 13.21 17.01 17.37 16.57 16.79 17.45 17.89 17.74 18.10 18.61 20.00 20.81 22.56 24.09 25.19 22.78 17.89 11.90 6.79 11.24 4.74 3.14 0.95 0.95 1.10 0.95 0.00 0.44 1.02 1.02 0.51
0.00 0.00 0.00 0.00 0.00 0.00 0.00 0.00 0.00 0.00 0.00 0.00 0.00 0.00 0.00 0.00 0.00 0.00 0.00 0.00 0.00 0.00 0.00 0.00 0.00 0.00 0.00 0.00 0.00 0.00 0.00 0.00 0.00 0.00 0.00 0.00 0.00 0.00 0.00 5.55 7.74 7.66 8.91 9.93 8.69 9.27 11.02 10.44 9.42 11.10 12.48 12.48 11.61 11.75 12.78 16.13 17.52 15.77 13.72 14.16 13.51 12.63 12.99 14.16 17.74 23.73 24.02 25.99 23.07 15.99 10.29 4.02 3.87 4.89 1.83 1.31 1.31 1.83 0.00 0.00 0.00 0.00 0.00 0.00
0.00 0.00 0.00 0.00 0.00 0.00 0.00 0.00 0.00 0.00 0.00 0.00 0.00 0.00 0.00 0.00 0.00 0.00 0.00 0.00 0.00 0.00 0.00 0.00 0.00 0.00 0.00 0.00 0.00 0.00 0.00 0.00 0.00 0.00 0.00 0.00 0.00 0.00 0.00 2.56 4.31 5.04 4.16 1.61 0.66 0.00 4.09 7.37 8.61 12.70 15.70 15.70 15.62 12.92 12.34 14.60 15.77 15.11 15.55 14.02 12.34 11.90 10.29 12.78 15.55 23.07 23.21 22.27 15.40 11.68 6.86 3.94 2.85 2.04 1.17 0.44 0.44 0.00 0.00 0.00 0.00 0.00 0.00 0.00
0.00 0.00 0.00 0.00 0.00 0.00 0.00 0.00 0.00 0.00 0.00 0.00 0.00 0.00 0.00 0.00 0.00 0.00 0.00 0.00 0.00 0.00 0.00 0.00 0.00 0.00 0.00 0.00 0.00 0.00 0.00 0.00 0.00 0.00 0.00 0.00 0.00 0.00 0.00 0.51 1.24 1.31 0.00 0.00 0.00 0.00 0.00 2.56 8.18 12.26 15.62 15.62 17.45 16.35 14.67 14.67 16.86 17.52 15.55 14.09 13.07 10.66 11.61 11.53 12.41 14.53 15.77 11.39 8.25 6.13 3.65 1.75 0.44 0.00 1.83 0.00 0.00 0.00 0.00 0.00 0.00 0.00 0.00 0.00
0.00 0.00 0.00 0.00 0.00 0.00 0.00 0.00 0.00 0.00 0.00 0.00 0.00 0.00 0.00 0.00 0.00 0.00 0.00 0.00 0.00 0.00 0.00 0.00 0.00 0.00 0.00 0.00 0.00 0.00 0.00 0.00 0.00 0.00 0.00 0.00 0.00 0.00 0.00 0.00 0.00 0.00 0.00 0.00 0.00 0.00 0.00 2.85 8.47 12.92 14.89 14.89 16.06 15.99 16.35 15.91 16.43 18.03 17.96 15.91 12.85 9.20 9.34 9.49 9.49 8.40 8.76 5.69 4.02 2.19 1.46 0.58 0.00 0.00 0.44 0.00 0.00 0.00 0.00 0.00 0.00 0.00 0.00 0.00
0.00 0.00 0.00 0.00 0.00 0.00 0.00 0.00 0.00 0.00 0.00 0.00 0.00 0.00 0.00 0.00 0.00 0.00 0.00 0.00 0.00 0.00 0.00 0.00 0.00 0.00 0.00 0.00 0.00 0.00 0.00 0.00 0.00 0.00 0.00 0.00 0.00 0.00 0.29 1.02 1.31 0.00 0.00 0.07 2.04 1.31 2.34 6.20 9.56 12.12 13.87 13.87 15.04 15.84 16.06 16.06 16.13 16.13 17.74 15.33 10.95 5.99 5.77 5.55 5.26 3.43 3.50 2.85 2.12 1.24 0.29 0.00 0.00 0.00 0.00 0.00 0.00 0.00 0.00 0.00 0.00 0.00 0.00 0.00
0.00 0.00 0.00 0.00 0.00 0.00 0.00 0.00 0.00 0.00 0.00 0.00 0.00 0.00 0.00 0.00 0.00 0.00 0.00 0.00 0.00 0.00 0.00 0.00 0.00 0.00 0.00 0.00 0.00 0.00 0.00 0.88 1.53 0.00 0.95 3.29 5.99 7.74 7.08 7.08 6.20 4.89 4.02 5.40 7.45 7.74 6.50 8.32 9.49 12.41 12.41 12.41 13.29 15.62 15.40 13.58 13.14 10.80 11.02 10.15 7.45 4.02 2.12 2.34 3.14 3.14 1.24 0.95 0.15 0.07 0.00 0.00 0.00 0.00 0.00 0.00 0.00 0.00 0.00 0.00 0.00 0.00 0.00 0.00
0.00 0.00 0.00 0.00 0.00 0.00 0.00 0.00 0.00 0.00 0.00 0.00 0.00 0.00 0.00 0.00 0.00 0.00 0.00 0.00 0.00 0.00 0.00 0.00 0.00 0.00 0.00 0.00 0.00 0.00 0.58 6.79 7.23 7.30 7.66 8.61 10.37 11.10 10.15 9.05 8.83 7.23 5.62 6.86 8.54 9.49 9.56 10.29 8.91 9.71 12.56 12.56 13.36 12.19 11.97 11.75 10.44 7.96 4.82 3.21 1.68 0.73 0.88 0.58 0.88 1.02 0.00 0.15 0.00 0.00 0.00 0.15 0.00 0.00 0.00 0.00 0.00 0.00 0.00 0.00 0.00 0.00 0.00 0.00
0.00 0.00 0.00 0.00 0.00 0.00 0.00 0.00 0.00 0.00 0.00 0.00 0.00 0.00 0.00 0.00 0.00 0.00 0.00 0.00 0.00 0.00 0.00 0.00 0.00 0.00 0.00 0.00 0.00 0.00 3.87 6.86 9.93 10.44 9.49 10.07 10.44 10.15 10.22 9.20 7.96 7.45 6.57 6.28 7.37 9.93 10.15 10.00 9.86 10.95 11.68 11.68 10.95 10.51 8.83 8.10 6.94 6.06 4.31 4.60 2.04 0.00 0.00 0.00 0.00 0.00 0.00 0.22 0.00 0.00 0.00 0.00 0.00 0.00 0.00 0.00 0.00 0.00 0.00 0.00 0.00 0.00 0.00 0.00
0.00 0.00 0.00 0.00 0.00 0.00 0.00 0.00 0.00 0.00 0.00 0.00 0.00 0.00 0.00 0.00 0.00 0.00 0.00 0.00 0.00 0.00 0.00 0.00 0.00 0.00 0.00 0.00 0.00 2.85 7.52 8.76 9.78 9.86 9.42 9.56 9.71 9.56 9.42 9.49 10.00 9.20 8.18 8.03 8.18 10.15 10.29 8.32 7.08 8.76 9.93 9.93 10.00 7.59 5.48 5.18 4.89 4.09 4.53 5.04 5.11 3.43 0.00 0.00 0.00 0.00 0.00 0.00 0.00 0.00 0.00 0.00 0.00 0.00 0.00 0.00 0.00 0.00 0.00 0.00 0.00 0.00 0.00 0.00
0.00 0.00 0.00 0.00 0.00 0.00 0.00 0.00 0.00 0.00 0.00 0.00 0.00 0.00 0.00 0.00 0.00 0.00 0.00 0.00 0.00 0.00 0.00 0.00 0.00 0.00 0.00 0.00 0.00 4.60 8.18 8.69 8.10 8.10 7.96 8.10 8.32 8.40 9.05 10.37 10.95 10.59 9.86 8.98 8.91 9.78 9.20 7.30 3.87 5.69 7.08 7.08 7.59 6.13 4.82 4.38 4.96 5.33 5.26 3.50 3.29 3.74 2.12 0.00 0.00 0.00 0.00 0.00 0.00 0.00 0.00 0.00 0.00 0.00 0.00 0.00 0.00 0.00 0.00 0.00 0.00 0.00 0.00 0.00
0.00 0.00 0.00 0.00 0.00 0.00 0.00 0.00 0.00 0.00 0.00 0.00 0.00 0.00 0.00 0.00 0.00 0.00 0.00 0.00 0.00 0.00 0.00 0.00 0.00 0.00 0.00 0.00 1.53 6.13 8.54 6.86 4.74 3.14 3.65 3.50 4.89 5.04 7.08 8.91 10.51 10.88 10.22 9.78 9.05 8.61 8.40 7.45 4.60 4.67 5.99 5.99 6.79 6.13 5.62 7.66 8.25 7.15 7.08 4.53 2.92 1.68 1.75 0.80 0.00 0.00 0.00 0.00 0.00 0.00 0.00 0.00 0.00 0.00 0.00 0.00 0.00 0.00 0.00 0.00 0.00 0.00 0.00 0.00
0.00 0.00 0.00 0.00 0.00 0.00 0.00 0.00 0.00 0.00 0.00 0.00 0.00 0.00 0.00 0.00 0.00 0.00 0.00 0.00 0.00 0.00 0.00 0.00 0.00 0.00 0.00 0.00 2.92 5.40 5.62 3.29 0.00 0.00 0.00 0.00 0.00 0.00 1.83 3.87 5.69 8.76 8.91 8.76 9.93 8.83 7.88 7.52 5.99 4.23 4.02 4.02 4.67 5.26 5.69 8.25 10.00 9.56 8.18 5.40 3.80 2.41 2.04 2.34 0.95 0.00 0.00 0.00 0.00 0.00 0.00 0.00 0.00 0.00 0.00 0.00 0.00 0.00 0.00 0.00 0.00 0.00 0.00 0.00
0.00 0.00 0.00 0.00 0.00 0.00 0.00 0.00 0.00 0.00 0.00 0.00 0.00 0.00 0.00 0.00 0.00 0.00 0.00 0.00 0.00 0.00 0.00 0.00 0.00 0.00 0.00 0.00 1.24 1.61 0.00 0.00 0.00 0.00 0.00 0.00 0.00 0.00 0.00 0.00 1.68 6.72 8.32 8.47 8.40 8.03 7.01 6.35 5.91 4.74 4.02 4.02 4.60 4.45 4.53 6.35 9.20 9.34 7.96 7.23 4.38 3.43 2.04 1.31 0.88 0.00 0.00 0.00 0.00 0.00 0.00 0.00 0.00 0.00 0.00 0.00 0.00 0.00 0.00 0.00 0.00 0.00 0.00 0.00
0.00 0.00 0.00 0.00 0.00 0.00 0.00 0.00 0.00 0.00 0.00 0.00 0.00 0.00 0.00 0.00 0.00 0.00 0.00 0.00 0.00 0.00 0.00 0.00 0.00 0.00 0.00 0.00 0.00 0.00 0.00 0.00 0.00 0.00 0.00 0.00 0.00 0.00 0.00 0.00 0.00 5.69 8.03 8.03 7.81 7.66 6.79 6.20 5.77 6.28 5.99 5.99 5.26 4.45 5.48 7.81 8.18 7.88 7.81 7.23 4.96 2.70 2.26 2.77 0.58 0.80 0.37 0.00 0.00 0.00 0.00 0.00 0.00 0.00 0.00 0.00 0.00 0.00 0.00 0.00 0.00 0.00 0.00 0.00
0.00 0.00 0.00 0.00 0.00 0.00 0.00 0.00 0.00 0.00 0.00 0.00 0.00 0.00 0.00 0.00 0.00 0.00 0.00 0.00 0.00 0.00 0.00 0.00 0.00 0.00 0.00 0.00 0.00 0.00 0.00 0.00 0.00 0.00 0.00 0.00 0.00 0.00 0.00 0.00 0.00 4.38 7.66 8.40 8.18 7.59 8.47 7.45 7.15 8.10 7.59 7.59 6.72 6.72 7.30 7.74 8.69 8.98 8.10 7.15 5.33 3.94 2.85 1.24 0.95 0.66 0.00 0.00 0.00 0.00 0.00 0.00 0.00 0.00 0.00 0.00 0.00 0.00 0.00 0.00 0.00 0.00 0.00 0.00
0.00 0.00 0.00 0.00 0.00 0.00 0.00 0.00 0.00 0.00 0.00 0.00 0.00 0.00 0.00 0.00 0.00 0.00 0.00 0.00 0.00 0.00 0.00 0.00 0.00 0.00 0.00 0.00 0.00 0.00 0.00 0.00 0.00 0.00 0.00 0.00 0.00 0.00 0.00 0.00 0.00 3.43 7.30 10.15 9.93 8.47 8.69 9.78 9.49 10.22 10.44 10.44 9.20 9.05 9.78 10.80 9.71 8.18 7.88 8.47 7.30 4.53 2.48 2.19 0.66 1.24 0.22 0.58 0.00 0.07 0.00 0.00 0.00 0.00 0.00 0.00 0.00 0.00 0.00 0.00 0.00 0.00 0.00 0.00
0.00 0.00 0.00 0.00 0.00 0.00 0.00 0.00 0.00 0.00 0.00 0.00 0.00 0.00 0.00 0.00 0.00 0.00 0.00 0.00 0.00 0.00 0.00 0.00 0.00 0.00 0.00 0.00 0.00 0.00 0.00 0.00 0.00 0.00 0.00 0.00 0.00 0.00 0.00 0.00 0.00 4.23 7.45 11.10 12.05 10.22 9.27 10.15 10.29 10.44 11.97 11.97 12.19 11.53 12.99 13.43 11.68 9.42 7.37 8.18 7.96 6.64 4.82 1.68 0.15 0.29 0.66 0.29 0.22 0.29 0.00 0.00 0.00 0.00 0.00 0.00 0.00 0.00 0.00 0.00 0.00 0.00 0.00 0.00
0.00 0.00 0.00 0.00 0.00 0.00 0.00 0.00 0.00 0.00 0.00 0.00 0.00 0.00 0.00 0.00 0.00 0.00 0.00 0.00 0.00 0.00 0.00 0.00 0.00 0.00 0.00 0.00 0.00 0.00 0.00 0.00 0.00 0.00 0.00 0.00 0.00 0.00 0.00 0.00 0.00 6.06 9.05 11.53 12.05 9.34 7.88 8.98 9.86 10.00 10.88 10.88 11.90 12.05 13.36 13.43 12.48 10.07 8.03 7.52 7.30 6.79 5.04 2.56 1.46 0.00 0.00 0.00 0.00 0.66 0.00 0.00 0.00 0.00 0.00 0.29 0.29 0.66 0.66 0.00 0.00 0.00 0.00 0.00
0.00 0.00 0.00 0.00 0.00 0.00 0.00 0.00 0.00 0.00 0.00 0.00 0.00 0.00 0.00 0.00 0.00 0.00 0.00 0.00 0.00 0.00 0.00 0.00 0.00 0.00 0.00 0.00 0.00 0.00 0.00 0.00 0.00 0.00 0.00 0.00 0.00 0.00 0.00 0.66 3.94 8.61 12.48 13.21 11.83 9.86 8.25 7.45 8.18 9.13 8.98 8.98 9.86 10.37 12.19 11.97 10.44 8.69 6.50 5.55 4.45 5.11 5.69 3.36 2.04 1.02 2.26 0.00 0.00 1.31 0.95 1.83 0.15 0.44 0.29 0.00 0.00 0.15 0.29 0.00 0.00 0.00 0.00 0.00
