Wansh/Snow_depth/snowdepth-1990/winter/1991038.txt
ncols 321
nrows 161
xllcenter 60
yllcenter 15 
cellsize  0.25 
NODATA_value -1
[rows 37 to 73 of 161, columns 0 to 83 of 321]
0.00 0.00 0.00 4.09 9.05 13.07 16.50 18.61 20.95 20.81 20.66 20.59 20.88 19.78 18.25 17.30 17.37 17.52 17.52 17.23 12.92 12.78 12.34 8.98 6.06 4.45 4.45 7.23 9.34 10.88 9.56 7.01 7.15 8.40 9.20 10.88 10.44 10.00 9.71 9.78 9.86 9.78 8.76 8.83 8.18 7.45 7.08 6.86 7.37 7.96 8.61 8.61 8.54 7.74 4.45 0.00 0.00 0.00 6.50 10.15 10.80 11.10 10.22 9.27 9.42 7.08 7.52 6.86 6.35 5.11 10.88 10.07 8.54 8.91 11.10 11.97 11.97 14.09 16.28 17.74 18.98 18.91 17.37 15.18
0.00 0.00 0.00 6.28 13.29 16.28 18.91 20.81 21.97 22.56 22.34 21.68 20.44 18.98 17.96 17.81 17.81 17.59 11.02 16.86 16.13 14.82 12.85 9.56 9.13 7.81 7.81 10.22 10.88 9.78 7.37 7.45 8.10 8.69 9.05 10.44 10.88 11.53 10.80 11.46 11.17 10.00 8.69 7.59 6.94 6.28 6.28 6.35 6.57 6.57 7.23 7.23 8.69 8.10 5.55 0.00 0.00 0.00 5.33 9.49 10.44 7.96 4.67 3.65 7.88 7.23 6.28 6.06 5.62 10.51 11.02 10.95 9.42 9.64 12.12 13.14 13.14 0.00 0.00 0.00 19.64 19.20 19.05 18.98
0.00 0.00 0.00 3.29 11.83 15.18 16.43 18.32 20.44 20.44 20.44 20.88 19.35 17.08 16.06 15.99 15.84 15.04 11.17 7.30 6.42 6.35 11.68 9.64 8.32 8.83 8.83 9.86 10.66 7.66 8.18 9.27 9.05 9.71 8.54 9.27 10.73 11.17 12.26 12.12 10.95 10.59 8.32 6.94 6.42 6.42 6.64 6.13 5.55 5.40 6.86 6.86 8.47 10.00 8.10 3.36 0.00 3.43 4.74 5.91 6.35 7.30 6.64 3.50 8.18 7.96 8.32 8.47 8.91 11.17 13.21 13.43 11.83 10.44 9.93 10.88 10.88 12.78 15.91 17.96 18.91 18.18 18.47 18.98
0.00 0.00 0.00 0.73 7.37 11.97 12.78 16.06 17.37 18.69 18.47 17.30 16.57 15.33 13.87 14.60 14.97 14.24 12.70 10.88 8.25 7.30 6.64 5.62 3.80 6.28 6.28 7.08 7.88 7.08 6.72 7.30 9.13 10.07 11.02 10.51 9.93 9.05 10.80 10.07 10.29 10.73 9.42 7.74 6.64 6.72 6.94 7.81 7.45 6.50 6.57 6.57 8.40 10.22 9.64 8.03 5.69 3.50 4.09 5.04 5.26 6.20 7.30 9.27 8.54 8.03 7.96 9.34 10.37 11.39 13.14 14.09 13.87 12.78 12.48 11.61 11.61 12.34 15.48 17.74 16.79 14.75 13.14 13.29
0.00 0.00 0.00 0.00 5.55 10.73 12.92 14.97 15.77 15.99 15.62 14.53 14.24 12.99 12.56 12.85 12.26 11.83 10.44 8.61 6.94 7.23 7.23 6.86 5.48 4.31 4.31 5.18 6.28 8.69 8.40 4.38 0.00 5.62 6.86 7.15 7.01 7.15 6.79 6.86 8.98 10.59 10.80 9.78 8.83 8.10 8.54 6.50 4.31 4.31 5.40 5.40 5.77 7.30 8.61 8.83 9.34 8.40 7.45 6.79 8.61 10.07 10.51 9.93 8.83 8.47 7.45 7.45 9.56 10.80 11.24 11.97 12.99 14.38 14.60 14.89 14.89 15.40 15.18 16.13 16.57 15.40 13.80 9.42
0.00 0.00 0.00 0.22 7.88 10.59 12.70 13.51 12.78 11.97 9.42 10.37 10.88 10.37 9.86 9.78 9.86 9.71 9.42 7.81 6.64 4.89 5.91 5.55 5.04 6.35 6.35 8.69 9.71 11.90 9.05 5.48 0.58 0.00 0.00 0.00 0.00 2.92 4.09 4.82 5.33 7.81 9.64 9.34 8.76 8.10 6.94 6.13 5.48 3.87 4.74 4.74 7.15 7.08 6.79 8.47 9.34 10.07 9.64 9.34 10.07 9.86 8.91 8.76 8.83 8.54 7.81 7.01 7.59 8.76 9.71 10.22 10.51 11.53 13.07 13.65 13.65 13.58 13.65 13.51 14.02 14.82 14.60 14.97
0.00 0.00 0.00 2.04 4.96 8.25 10.80 10.00 7.74 6.79 5.40 6.13 6.20 6.28 5.84 5.69 7.37 8.10 7.15 5.77 5.62 3.43 4.38 5.62 7.23 10.59 10.59 12.48 15.26 17.23 14.38 8.61 6.28 2.70 0.00 0.00 0.00 0.00 0.00 0.00 0.00 1.17 3.50 5.77 6.50 6.50 6.57 6.42 5.18 5.33 6.79 6.79 8.83 9.42 8.10 9.42 12.05 12.85 11.53 10.66 10.22 9.71 8.83 8.76 8.47 7.74 7.15 7.23 7.08 7.74 8.47 8.32 6.79 5.69 5.99 6.28 6.28 5.91 5.62 7.74 8.32 10.15 12.19 11.39
0.00 0.00 0.00 0.00 2.85 4.60 4.60 3.87 3.58 3.72 2.99 2.92 3.14 3.72 3.65 4.96 6.57 6.35 5.84 5.48 5.04 3.43 4.89 9.20 12.56 14.67 14.67 15.99 17.59 19.71 20.88 17.01 13.65 9.49 4.60 0.95 0.00 0.00 0.00 0.00 0.00 0.00 4.67 8.98 11.83 13.87 12.85 10.51 8.03 7.52 9.86 9.86 12.48 12.70 12.05 12.85 14.09 14.24 12.70 12.05 12.05 11.46 11.46 11.24 10.29 10.44 11.02 9.64 6.79 5.18 4.82 4.67 2.34 1.46 0.58 0.00 0.00 0.00 0.00 1.10 2.99 5.40 7.15 0.00
0.00 0.00 0.00 0.00 0.00 0.00 0.00 0.95 1.24 2.48 4.02 3.94 4.09 4.23 3.94 4.53 5.91 5.84 5.84 6.42 7.59 5.40 5.55 11.97 15.11 17.08 17.08 17.67 18.40 21.32 22.92 22.70 21.39 19.13 12.92 8.03 4.16 2.99 1.97 0.37 0.00 3.58 8.98 14.97 18.54 18.69 14.97 12.56 10.51 9.56 11.61 11.61 14.75 14.60 14.97 14.38 15.26 16.06 14.02 12.78 13.58 14.38 14.38 14.60 15.11 14.75 13.21 11.68 10.07 7.96 6.35 4.60 1.90 0.66 0.66 0.00 0.00 0.00 0.00 1.31 3.21 5.55 7.52 8.47
0.00 0.00 0.00 0.00 0.00 0.00 0.00 0.95 1.24 2.48 4.02 3.94 4.09 4.23 3.94 4.53 5.91 5.84 5.84 6.42 7.59 5.40 5.55 11.97 15.11 17.08 17.08 17.67 18.40 21.32 22.92 22.70 21.39 19.13 12.92 8.03 4.16 2.99 1.97 0.37 0.00 3.58 8.98 14.97 18.54 18.69 14.97 12.56 10.51 9.56 11.61 11.61 14.75 14.60 14.97 14.38 15.26 16.06 14.02 12.78 13.58 14.38 14.38 14.60 15.11 14.75 13.21 11.68 10.07 7.96 6.35 4.60 1.90 0.66 0.66 0.00 0.00 0.00 0.00 1.31 3.21 5.55 7.52 8.55
0.00 0.00 0.00 0.00 0.00 0.00 0.00 0.29 2.04 3.94 5.77 6.86 7.88 5.69 4.23 3.58 4.23 4.67 6.57 7.66 8.25 9.71 7.59 13.43 15.48 17.37 17.37 17.37 17.16 18.91 21.46 23.14 23.00 19.42 16.43 12.19 8.91 7.81 7.74 7.52 5.91 9.34 14.38 17.96 21.83 19.86 16.79 14.31 13.65 13.80 14.67 14.67 15.55 15.18 13.72 13.14 13.07 14.31 15.04 14.31 14.09 15.62 15.77 14.75 14.53 13.43 11.61 10.15 8.69 9.64 10.59 10.66 9.05 5.11 3.50 3.29 3.29 4.53 7.23 10.07 11.83 13.36 15.26 15.34
0.00 0.00 0.00 0.00 0.00 0.00 0.00 2.41 4.09 6.13 8.03 9.27 9.42 6.86 2.63 1.39 3.50 4.45 6.35 7.52 7.96 9.42 12.63 11.32 16.21 15.62 15.62 14.75 13.36 15.18 17.96 15.18 14.89 12.12 7.74 4.60 4.67 7.66 11.32 11.24 12.19 14.45 14.89 17.30 17.96 17.59 15.26 13.65 15.04 16.13 16.43 16.43 15.04 13.94 12.41 0.00 0.00 12.56 14.31 15.77 14.53 13.87 14.02 12.70 12.41 12.41 11.83 10.22 8.69 9.93 10.51 13.29 14.53 12.85 12.05 10.59 10.59 11.46 11.10 11.97 14.75 21.17 25.77 25.62
0.00 0.00 0.00 0.00 0.00 0.00 1.17 4.82 7.15 8.54 11.10 11.61 9.78 5.55 1.83 0.88 2.70 5.84 7.81 9.05 8.83 10.29 12.56 12.56 15.04 13.51 13.51 11.68 9.42 9.56 9.49 5.69 1.02 0.00 0.00 0.00 0.00 4.82 10.88 12.70 12.85 13.21 12.48 12.78 14.38 13.21 12.26 12.92 14.60 16.94 16.50 16.50 15.18 14.45 13.80 13.72 12.78 12.41 12.41 13.07 14.02 13.43 11.17 10.15 10.15 8.91 10.66 8.32 5.62 1.02 2.48 7.59 12.70 14.16 16.35 18.40 18.40 19.64 17.89 16.86 15.99 18.88 24.94 27.78
0.00 0.00 0.00 0.00 0.00 0.00 2.85 7.59 9.71 10.15 11.68 13.07 10.59 3.14 1.53 2.04 3.65 6.64 8.47 8.83 8.47 9.05 10.73 11.75 13.29 11.39 11.39 8.32 4.31 1.83 0.00 0.00 0.00 0.00 0.00 0.00 0.00 3.65 10.80 11.24 0.00 10.07 10.51 10.80 10.59 9.49 9.27 10.37 12.12 14.38 17.16 17.16 15.26 15.40 16.64 15.70 16.43 15.77 15.04 14.16 13.72 13.43 9.86 6.86 5.33 0.00 0.00 0.00 0.00 0.00 0.00 0.00 7.52 12.85 15.62 17.30 17.30 18.83 18.91 17.08 15.18 17.19 17.61 19.54
0.00 0.00 0.00 0.00 0.00 0.00 3.43 7.66 8.69 8.18 9.56 9.20 4.67 0.00 0.00 2.12 3.07 4.60 4.67 5.04 4.53 3.50 6.79 9.42 10.29 9.34 9.34 5.04 0.00 0.00 0.00 0.00 0.00 0.00 0.00 0.00 0.00 1.46 7.96 0.00 0.00 8.91 9.34 9.64 9.56 9.71 9.42 9.78 10.15 14.09 16.64 16.64 14.82 16.35 18.61 21.17 21.53 23.00 21.53 20.37 16.50 10.88 7.66 5.77 3.43 0.00 0.00 0.00 0.00 0.00 0.00 0.00 7.15 10.80 12.85 14.02 14.02 13.07 12.92 11.90 9.64 9.34 9.42 10.88
0.00 0.00 0.00 0.00 0.00 0.00 2.77 4.31 3.50 0.00 0.00 0.00 0.00 0.00 0.00 0.00 0.00 0.00 0.00 0.00 0.00 0.00 0.00 2.48 3.94 8.83 8.83 0.00 0.00 0.00 0.00 0.00 0.00 0.00 0.00 0.00 0.00 2.41 0.00 0.00 9.56 8.83 9.34 11.39 12.41 14.89 13.87 11.17 10.29 14.09 14.89 14.89 13.80 15.55 19.05 22.05 24.82 26.06 26.50 23.94 21.53 15.55 11.24 9.78 9.20 10.22 8.40 0.00 0.00 0.00 0.00 0.00 12.70 12.05 9.49 7.81 7.81 6.57 5.55 6.28 6.42 6.86 5.62 5.18
0.00 0.00 0.00 0.00 0.00 0.00 0.00 0.00 0.00 0.00 0.00 0.00 0.00 0.00 0.00 0.00 0.00 0.00 0.00 0.00 0.00 0.00 0.00 0.00 0.00 4.31 4.31 0.00 0.00 0.00 0.00 0.00 0.00 0.00 0.00 0.00 0.00 0.00 6.35 9.27 8.47 8.69 11.10 14.97 16.50 17.01 14.16 10.37 8.32 10.73 12.63 12.63 12.05 12.92 15.99 19.13 20.73 22.78 23.87 23.00 21.90 21.75 18.91 18.47 19.56 20.73 20.08 17.08 14.97 15.04 13.07 11.02 12.41 10.00 5.40 3.58 3.58 1.90 0.44 1.24 3.07 3.29 3.80 3.58
0.00 0.00 0.00 0.00 0.00 0.00 0.00 0.00 0.00 0.00 0.00 0.00 0.00 0.00 0.00 0.00 0.00 0.00 0.00 0.00 0.00 0.00 0.00 0.00 0.00 0.00 0.00 0.00 0.00 0.00 0.00 0.00 0.00 0.00 0.00 0.00 0.00 0.00 1.02 4.82 6.94 8.03 11.17 15.33 16.13 13.29 9.34 4.53 4.23 8.03 10.00 10.00 10.51 10.88 14.38 17.74 18.03 18.10 19.42 18.76 18.03 20.00 20.59 20.37 20.95 23.73 25.48 25.26 22.27 16.94 9.93 7.37 7.01 6.20 2.77 1.24 1.24 0.58 0.00 0.00 0.00 1.61 0.29 0.00
0.00 0.00 0.00 0.00 0.00 0.00 0.00 0.00 0.00 0.00 0.00 0.00 0.00 0.00 0.00 0.00 0.00 0.00 0.00 0.00 0.00 0.00 0.00 0.00 0.00 0.00 0.00 0.00 0.00 0.00 0.00 0.00 0.00 0.00 0.00 0.00 0.00 0.00 0.00 0.66 6.06 8.18 11.46 12.05 9.56 4.96 0.80 0.00 1.31 7.15 10.73 10.73 11.46 9.42 10.66 15.55 17.23 17.45 16.79 16.35 15.11 14.60 14.82 15.70 17.81 21.46 26.28 25.84 21.68 16.35 8.47 4.96 3.14 2.41 1.83 0.44 0.44 0.00 0.00 0.00 0.00 0.00 0.00 0.00
0.00 0.00 0.00 0.00 0.00 0.00 0.00 0.00 0.00 0.00 0.00 0.00 0.00 0.00 0.00 0.00 0.00 0.00 0.00 0.00 0.00 0.00 0.00 0.00 0.00 0.00 0.00 0.00 0.00 0.00 0.00 0.00 0.00 0.00 0.00 0.00 0.00 0.00 0.00 0.15 5.26 5.91 6.72 2.63 0.00 0.00 0.00 0.00 0.00 4.60 10.95 10.95 11.02 8.54 8.32 12.34 15.99 17.67 16.43 15.40 13.94 12.12 11.83 13.80 16.28 19.49 23.14 21.61 17.08 11.61 7.08 3.58 1.83 0.88 0.37 0.00 0.00 0.00 0.00 0.00 0.00 0.00 0.00 0.00
0.00 0.00 0.00 0.00 0.00 0.00 0.00 0.00 0.00 0.00 0.00 0.00 0.00 0.00 0.00 0.00 0.00 0.00 0.00 0.00 0.00 0.00 0.00 0.00 0.00 0.00 0.00 0.00 0.00 0.00 0.00 0.00 0.00 0.00 0.00 0.00 0.00 0.00 0.00 0.37 2.48 1.97 0.00 0.00 0.00 0.00 0.00 0.00 0.00 3.80 8.98 8.98 10.95 9.20 7.08 9.49 15.55 17.96 17.59 15.84 14.16 12.12 11.75 12.19 13.72 15.77 16.79 13.29 6.79 4.09 2.63 1.10 0.15 0.00 0.00 0.00 0.00 0.00 0.00 0.00 0.00 0.00 0.00 0.00
0.00 0.00 0.00 0.00 0.00 0.00 0.00 0.00 0.00 0.00 0.00 0.00 0.00 0.00 0.00 0.00 0.00 0.00 0.00 0.00 0.00 0.00 0.00 0.00 0.00 0.00 0.00 0.00 0.00 0.00 0.00 0.00 0.00 0.00 0.00 0.00 0.00 0.00 0.00 0.00 0.00 0.00 0.00 0.00 0.00 0.00 0.00 0.00 1.75 6.64 9.78 9.78 10.88 11.02 10.07 11.68 15.62 18.25 19.20 17.59 14.24 10.22 10.22 10.37 9.34 8.69 6.72 4.96 3.14 2.56 1.17 0.22 0.00 0.00 0.00 0.00 0.00 0.00 0.00 0.00 0.00 0.00 0.00 0.00
0.00 0.00 0.00 0.00 0.00 0.00 0.00 0.00 0.00 0.00 0.00 0.00 0.00 0.00 0.00 0.00 0.00 0.00 0.00 0.00 0.00 0.00 0.00 0.00 0.00 0.00 0.00 0.00 0.00 3.72 1.83 0.00 0.00 0.00 0.00 0.00 0.00 0.00 0.00 0.00 0.00 0.00 0.00 0.00 0.58 0.44 1.02 2.99 6.50 9.71 12.85 12.85 12.48 12.92 13.36 14.60 16.06 16.86 17.67 18.03 12.19 6.94 6.06 6.35 6.13 5.77 2.48 1.61 1.10 0.51 0.15 0.00 0.00 0.00 0.00 0.00 0.00 0.00 0.00 0.00 0.00 0.00 0.00 0.00
0.00 0.00 0.00 0.00 0.00 0.00 0.00 0.00 0.00 0.00 0.00 0.00 0.00 0.00 0.00 0.00 0.00 0.00 0.00 0.00 0.00 0.00 0.00 0.00 0.00 0.00 0.00 0.00 0.00 0.00 3.14 0.22 0.29 0.00 0.00 0.00 0.15 0.00 1.53 4.16 5.18 4.82 3.29 3.58 5.48 6.28 5.62 6.64 8.47 10.59 12.56 12.56 13.29 14.60 15.18 15.33 15.40 12.05 12.41 12.26 8.91 4.16 2.19 2.26 3.21 2.56 1.46 0.73 0.15 0.00 0.00 0.00 0.00 0.00 0.00 0.00 0.00 0.00 0.00 0.00 0.00 0.00 0.00 0.00
0.00 0.00 0.00 0.00 0.00 0.00 0.00 0.00 0.00 0.00 0.00 0.00 0.00 0.00 0.00 0.00 0.00 0.00 0.00 0.00 0.00 0.00 0.00 0.00 0.00 0.00 0.00 0.00 0.00 0.00 2.26 4.02 5.33 4.23 4.82 5.33 5.91 6.20 7.88 8.25 7.30 7.01 5.26 6.13 8.40 7.96 8.61 9.42 10.07 11.17 13.29 13.29 13.72 13.65 12.85 12.78 11.17 8.10 5.62 6.35 4.23 2.04 0.80 0.37 1.17 1.61 0.37 0.00 0.00 0.00 0.00 0.00 0.00 0.00 0.00 0.00 0.00 0.00 0.00 0.00 0.00 0.00 0.00 0.00
0.00 0.00 0.00 0.00 0.00 0.00 0.00 0.00 0.00 0.00 0.00 0.00 0.00 0.00 0.00 0.00 0.00 0.00 0.00 0.00 0.00 0.00 0.00 0.00 0.00 0.00 0.00 0.00 0.00 0.00 0.00 5.84 7.23 8.91 9.13 8.83 8.61 8.61 9.34 8.98 8.61 7.37 5.69 6.72 6.72 7.88 9.71 9.56 9.71 10.59 12.48 12.48 12.12 11.24 9.64 9.20 7.37 5.33 4.82 4.53 3.72 1.75 0.00 0.00 0.00 0.00 0.00 0.00 0.00 0.00 0.00 0.00 0.00 0.00 0.00 0.00 0.00 0.00 0.00 0.00 0.00 0.00 0.00 0.00
0.00 0.00 0.00 0.00 0.00 0.00 0.00 0.00 0.00 0.00 0.00 0.00 0.00 0.00 0.00 0.00 0.00 0.00 0.00 0.00 0.00 0.00 0.00 0.00 0.00 0.00 0.00 0.00 0.00 2.85 7.52 2.70 8.76 9.49 9.86 9.20 9.27 9.05 8.61 9.05 8.54 8.03 6.94 7.52 7.59 9.71 10.66 9.64 8.40 9.13 10.29 10.29 10.66 8.10 6.06 5.48 3.50 3.21 4.38 4.53 4.96 3.80 1.02 0.00 0.00 0.00 0.00 0.00 0.00 0.00 0.00 0.00 0.00 0.00 0.00 0.00 0.00 0.00 0.00 0.00 0.00 0.00 0.00 0.00
0.00 0.00 0.00 0.00 0.00 0.00 0.00 0.00 0.00 0.00 0.00 0.00 0.00 0.00 0.00 0.00 0.00 0.00 0.00 0.00 0.00 0.00 0.00 0.00 0.00 0.00 0.00 0.00 0.00 4.60 8.18 5.84 8.18 8.40 7.59 6.42 6.79 7.15 8.25 8.32 8.91 8.98 8.54 8.54 8.54 9.27 9.64 7.59 5.77 5.33 6.64 6.64 8.83 7.45 4.23 4.02 4.02 5.62 5.69 4.67 3.87 3.67 1.68 0.00 0.00 0.00 0.00 0.00 0.00 0.00 0.00 0.00 0.00 0.00 0.00 0.00 0.00 0.00 0.00 0.00 0.00 0.00 0.00 0.00
0.00 0.00 0.00 0.00 0.00 0.00 0.00 0.00 0.00 0.00 0.00 0.00 0.00 0.00 0.00 0.00 0.00 0.00 0.00 0.00 0.00 0.00 0.00 0.00 0.00 0.00 0.00 0.00 1.53 6.13 8.54 6.86 8.40 4.38 2.70 0.95 2.63 3.14 5.18 6.06 7.37 7.45 7.88 8.32 8.03 8.25 7.74 6.50 5.40 4.96 5.84 5.84 6.28 5.77 4.09 5.18 8.18 8.61 7.15 5.55 2.77 1.75 1.83 1.17 0.51 0.00 0.00 0.00 0.00 0.00 0.00 0.00 0.00 0.00 0.00 0.00 0.00 0.00 0.00 0.00 0.00 0.00 0.00 0.00
0.00 0.00 0.00 0.00 0.00 0.00 0.00 0.00 0.00 0.00 0.00 0.00 0.00 0.00 0.00 0.00 0.00 0.00 0.00 0.00 0.00 0.00 0.00 0.00 0.00 0.00 0.00 0.00 2.92 5.40 5.62 3.29 5.55 0.00 0.00 0.00 0.00 0.00 0.66 1.83 3.07 7.01 7.52 8.25 8.32 8.69 7.96 6.86 5.91 4.67 4.53 4.53 4.96 4.82 4.74 7.01 10.66 10.59 8.40 7.08 3.36 1.90 1.97 1.39 1.02 0.00 0.00 0.00 0.00 0.00 0.00 0.00 0.00 0.00 0.00 0.00 0.00 0.00 0.00 0.00 0.00 0.00 0.00 0.00
0.00 0.00 0.00 0.00 0.00 0.00 0.00 0.00 0.00 0.00 0.00 0.00 0.00 0.00 0.00 0.00 0.00 0.00 0.00 0.00 0.00 0.00 0.00 0.00 0.00 0.00 0.00 0.00 1.24 1.61 0.00 0.00 0.00 0.00 0.00 0.00 0.00 0.00 0.00 0.00 0.00 4.82 7.23 7.96 7.88 7.81 6.72 5.69 5.11 4.38 3.72 3.72 4.67 4.31 5.55 6.86 9.71 9.93 8.03 6.57 4.45 3.36 2.26 0.00 0.00 0.00 0.00 0.00 0.00 0.00 0.00 0.00 0.00 0.00 0.00 0.00 0.00 0.00 0.00 0.00 0.00 0.00 0.00 0.00
0.00 0.00 0.00 0.00 0.00 0.00 0.00 0.00 0.00 0.00 0.00 0.00 0.00 0.00 0.00 0.00 0.00 0.00 0.00 0.00 0.00 0.00 0.00 0.00 0.00 0.00 0.00 0.00 0.00 0.00 0.00 0.00 0.00 0.00 0.00 0.00 0.00 0.00 0.00 0.00 0.00 4.16 6.64 6.72 7.08 7.01 7.01 5.91 5.69 5.40 5.26 5.26 5.40 4.74 5.26 6.64 7.96 8.40 8.18 7.15 5.26 2.77 2.04 0.22 0.00 0.44 0.58 0.00 0.00 0.00 0.00 0.00 0.00 0.00 0.00 0.00 0.00 0.00 0.00 0.00 0.00 0.00 0.00 0.00
0.00 0.00 0.00 0.00 0.00 0.00 0.00 0.00 0.00 0.00 0.00 0.00 0.00 0.00 0.00 0.00 0.00 0.00 0.00 0.00 0.00 0.00 0.00 0.00 0.00 0.00 0.00 0.00 0.00 0.00 0.00 0.00 0.00 0.00 0.00 0.00 0.00 0.00 0.00 0.00 0.00 3.50 7.15 7.59 7.37 7.23 7.30 6.72 7.59 7.23 7.88 7.88 7.15 5.99 7.08 8.10 9.05 8.91 7.30 6.35 5.91 4.16 1.83 0.73 0.00 0.00 0.07 0.44 0.00 0.00 0.00 0.00 0.00 0.00 0.00 0.00 0.00 0.00 0.00 0.00 0.00 0.00 0.00 0.00
0.00 0.00 0.00 0.00 0.00 0.00 0.00 0.00 0.00 0.00 0.00 0.00 0.00 0.00 0.00 0.00 0.00 0.00 0.00 0.00 0.00 0.00 0.00 0.00 0.00 0.00 0.00 0.00 0.00 0.00 0.00 0.00 0.00 0.00 0.00 0.00 0.00 0.00 0.00 0.00 0.00 3.43 6.79 8.47 8.69 7.88 8.18 9.05 9.42 10.15 10.80 10.80 9.34 8.98 9.20 11.02 11.24 8.32 7.01 6.79 6.79 5.11 2.85 2.19 0.00 0.00 0.51 0.51 0.29 0.00 0.00 0.00 0.00 0.00 0.00 0.00 0.00 0.00 0.00 0.00 0.00 0.00 0.00 0.00
0.00 0.00 0.00 0.00 0.00 0.00 0.00 0.00 0.00 0.00 0.00 0.00 0.00 0.00 0.00 0.00 0.00 0.00 0.00 0.00 0.00 0.00 0.00 0.00 0.00 0.00 0.00 0.00 0.00 0.00 0.00 0.00 0.00 0.00 0.00 0.00 0.00 0.00 0.00 0.00 0.00 2.63 6.42 8.76 10.59 8.91 8.83 10.59 10.51 10.95 11.24 11.24 11.46 11.75 12.56 13.36 12.70 10.07 7.30 7.81 8.03 6.50 4.02 2.26 0.66 0.00 0.00 0.00 0.00 0.00 0.00 0.00 0.00 0.00 0.00 0.00 0.00 0.00 0.00 0.00 0.00 0.00 0.00 0.00
0.00 0.00 0.00 0.00 0.00 0.00 0.00 0.00 0.00 0.00 0.00 0.00 0.00 0.00 0.00 0.00 0.00 0.00 0.00 0.00 0.00 0.00 0.00 0.00 0.00 0.00 0.00 0.00 0.00 0.00 0.00 0.00 0.00 0.00 0.00 0.00 0.00 0.00 0.00 0.00 0.22 2.85 6.94 9.93 10.95 9.05 9.05 8.83 9.05 10.15 10.15 10.15 11.17 11.46 12.70 13.87 12.63 10.22 7.45 7.30 6.79 5.99 4.45 2.19 0.37 0.15 0.00 0.00 0.00 0.00 0.00 0.00 0.00 0.00 0.22 0.00 0.00 0.44 0.95 0.29 0.00 0.00 0.00 0.00
0.00 0.00 0.00 0.00 0.00 0.00 0.00 0.00 0.00 0.00 0.00 0.00 0.00 0.00 0.00 0.00 0.00 0.00 0.00 0.00 0.00 0.00 0.00 0.00 0.00 0.00 0.00 0.00 0.00 0.00 0.00 0.00 0.00 0.00 0.00 0.00 0.00 0.00 0.00 0.00 2.12 6.94 10.15 11.61 10.59 8.76 8.40 7.88 8.10 8.61 9.49 9.49 9.64 10.37 11.53 12.99 10.00 8.18 7.01 6.06 4.96 4.67 4.82 3.43 1.90 1.83 1.83 0.51 0.00 0.00 0.15 0.22 0.00 0.00 0.00 0.00 0.00 0.07 0.44 0.00 0.00 0.00 0.00 0.00
