Wansh/Snow_depth/snowdepth-1990/winter/1991032.txt
ncols 321
nrows 161
xllcenter 60
yllcenter 15 
cellsize  0.25 
NODATA_value -1
[rows 74 to 110 of 161, columns 84 to 167 of 321]
0.00 0.00 0.00 0.00 0.00 0.00 0.44 0.00 0.15 0.00 0.00 0.29 0.73 1.17 0.00 1.61 2.63 2.92 2.92 2.99 2.63 2.70 0.00 0.00 0.00 0.00 2.99 3.07 2.63 3.72 3.58 3.65 2.70 0.00 0.00 0.00 0.00 0.00 0.00 0.00 0.00 0.95 0.29 0.29 0.29 0.07 0.00 0.00 0.15 0.00 0.00 0.00 0.00 0.00 0.00 0.00 0.00 0.00 0.00 0.00 0.00 0.00 0.00 0.00 0.00 0.00 0.00 0.00 0.00 0.00 0.15 0.95 0.00 0.22 0.00 0.00 0.00 0.00 0.00 0.00 0.00 0.95 0.44 0.29
0.00 0.00 0.00 0.00 0.80 1.17 1.97 1.75 0.00 2.12 2.63 0.00 0.00 1.53 0.00 3.36 3.21 3.36 3.36 4.16 4.23 3.65 2.99 3.58 0.00 4.67 4.96 4.67 4.16 3.80 3.72 3.50 3.43 0.00 0.00 0.00 0.00 0.00 0.00 0.00 0.00 0.00 0.29 0.29 1.02 0.51 0.00 0.00 0.07 0.00 0.00 0.00 0.00 0.00 0.00 0.00 0.00 0.00 0.00 0.00 0.22 0.00 0.00 0.00 0.00 0.00 0.00 0.00 0.00 0.00 1.02 1.90 1.10 1.83 0.00 0.00 0.00 0.00 0.00 0.00 0.00 0.00 0.59 0.30
0.00 0.00 0.58 0.00 0.80 2.56 3.65 4.02 4.02 3.65 3.43 4.16 3.87 4.38 3.94 4.31 4.60 4.09 4.09 3.87 4.02 3.43 3.14 3.50 0.00 0.00 0.00 5.11 4.67 3.80 0.00 3.14 3.65 0.00 0.00 0.00 0.00 0.00 0.00 3.50 3.21 2.56 2.70 2.70 2.92 1.24 0.22 0.66 1.17 0.00 0.00 0.00 0.00 0.00 0.00 0.22 0.00 0.58 0.00 0.80 0.44 0.73 0.22 0.00 0.00 0.00 0.00 0.00 0.00 0.00 1.61 2.19 2.19 3.50 0.22 0.00 0.00 0.00 0.00 0.00 0.00 0.00 0.95 0.98
0.95 2.12 2.41 1.68 1.46 2.70 3.87 4.16 4.60 4.23 5.62 5.77 5.84 5.26 5.04 5.18 4.74 3.65 3.65 3.58 3.50 3.50 3.07 0.00 0.00 3.43 0.00 0.00 0.00 0.00 0.00 0.00 0.00 0.00 0.00 0.00 0.00 0.00 0.00 3.72 3.14 0.00 0.00 0.00 2.34 0.00 0.00 1.53 0.00 0.00 0.66 0.00 0.00 0.00 0.00 0.58 0.22 0.22 0.00 0.00 1.17 0.95 0.95 1.24 0.58 1.17 2.12 1.24 1.24 0.51 1.31 1.97 2.04 1.10 1.39 0.00 0.00 0.00 0.00 0.00 0.00 0.22 1.25 1.33
4.60 4.82 5.04 4.16 2.92 2.99 3.50 4.02 4.82 4.74 4.53 5.04 6.06 6.20 5.62 5.62 5.18 4.67 4.67 4.09 3.43 3.50 3.94 3.43 2.92 0.00 0.00 3.50 0.00 0.00 0.00 0.00 0.00 3.50 0.00 0.00 0.00 0.00 0.00 0.00 0.00 0.00 0.00 0.00 0.00 0.00 0.00 1.97 0.00 0.00 0.00 0.00 0.00 1.53 1.39 1.02 0.22 0.51 0.00 0.07 1.61 1.68 1.17 2.26 1.68 1.46 3.21 2.92 2.92 1.83 0.88 0.00 0.22 0.73 1.24 0.00 0.00 0.00 0.00 0.00 0.95 1.47 3.01 3.11
5.91 5.91 5.55 4.16 3.87 3.80 4.02 5.18 4.60 3.65 3.87 4.53 4.96 5.40 5.26 5.04 5.26 4.96 4.96 4.67 4.09 3.21 3.29 0.00 0.00 2.77 0.00 0.00 0.00 0.00 0.00 0.00 0.00 0.00 0.00 0.00 0.00 0.00 0.00 0.00 0.00 0.00 0.00 0.00 0.00 0.00 0.00 1.39 2.26 2.34 0.00 0.00 0.00 0.00 0.00 0.00 0.22 0.07 0.00 0.29 1.68 2.48 2.92 3.21 1.46 0.15 0.88 1.39 1.39 1.17 0.00 0.00 0.00 0.29 0.66 0.00 0.00 0.00 0.00 0.15 1.61 2.70 3.50 1.61
0.00 4.23 5.11 4.67 4.45 4.23 4.45 4.67 4.31 3.87 3.50 3.43 4.45 5.33 4.60 3.72 4.74 4.60 4.60 4.23 4.53 4.23 2.77 2.70 3.29 3.14 2.56 3.29 2.19 0.00 0.00 0.00 0.00 0.00 0.00 0.00 0.00 0.00 0.00 0.00 0.00 0.00 0.00 0.00 0.00 0.00 0.00 0.29 1.46 1.46 0.00 0.00 0.00 0.00 0.00 0.00 0.00 0.00 0.00 0.73 0.00 1.61 2.41 2.56 0.00 0.00 0.00 0.00 0.00 0.07 0.00 0.00 0.66 1.02 1.46 0.81 0.45 0.38 0.66 1.61 2.48 1.90 1.90 0.80
0.00 0.00 0.00 3.43 3.72 4.23 3.94 3.65 3.50 3.80 3.87 4.09 3.29 4.45 3.87 4.31 4.23 4.02 4.02 3.50 2.85 1.68 1.02 2.63 2.70 0.00 2.85 2.77 3.07 2.70 0.00 0.00 0.00 0.00 0.00 0.00 0.00 0.00 0.00 0.00 0.00 0.00 0.00 0.00 0.00 0.00 0.00 0.00 1.31 0.00 0.00 0.00 0.29 0.00 0.00 0.00 0.00 0.00 0.00 0.29 0.15 1.53 1.46 0.80 0.00 0.00 0.00 0.00 0.00 0.00 0.00 0.00 0.73 3.29 4.02 3.01 0.66 0.69 1.29 1.65 1.25 0.66 0.22 0.95
3.07 4.16 4.96 4.23 3.65 4.16 4.02 2.92 2.77 3.65 4.23 4.16 4.53 3.94 4.16 4.31 3.72 2.77 2.77 3.07 1.83 0.00 0.00 1.17 1.97 2.92 1.31 0.00 2.41 2.70 0.00 0.00 0.00 0.00 0.00 0.00 3.14 5.40 0.00 0.00 0.00 0.00 0.00 0.00 0.00 0.00 0.00 0.00 0.29 0.00 0.00 0.00 0.00 0.00 0.00 0.00 0.00 0.00 0.00 0.00 0.29 0.15 0.58 1.10 0.15 0.00 0.00 0.00 0.00 0.00 0.00 0.00 0.80 4.45 7.52 6.06 5.11 2.26 2.04 1.76 1.83 0.80 0.51 0.95
5.26 4.96 6.42 6.35 5.11 3.58 0.00 0.00 0.00 0.00 0.00 4.09 4.23 4.31 3.94 4.53 4.02 3.80 3.80 3.07 2.48 0.00 0.00 0.00 2.04 2.34 2.34 0.00 1.10 2.04 2.19 0.00 0.00 0.00 3.29 0.00 4.38 6.13 2.77 0.00 0.00 0.00 0.00 0.00 0.00 0.00 0.00 0.00 0.00 0.00 0.00 0.00 0.00 0.00 0.00 0.00 0.00 0.00 0.37 0.51 1.75 1.17 0.51 0.80 0.80 1.17 0.73 0.95 0.95 0.51 0.66 0.51 1.83 4.96 7.96 8.18 6.72 3.80 2.99 3.65 3.50 2.19 1.75 1.39
5.18 4.67 4.60 5.26 5.62 4.16 0.00 0.00 0.00 0.00 3.65 3.36 3.65 3.65 3.94 4.45 3.50 3.14 3.14 2.77 3.29 3.80 0.00 0.00 0.00 2.26 2.34 0.00 0.00 0.00 0.00 2.48 2.92 2.63 2.48 0.00 0.00 0.00 1.46 0.44 0.00 0.00 0.00 0.00 0.00 0.00 0.00 0.00 0.00 0.00 0.00 0.07 0.00 0.00 0.00 0.51 1.53 2.04 1.90 1.24 2.48 1.83 1.10 2.63 2.70 3.29 3.94 3.72 3.72 2.04 2.48 3.36 2.41 4.23 7.45 8.91 8.98 6.57 6.64 6.13 4.60 4.60 4.16 2.34
0.00 3.72 3.50 4.16 5.04 4.53 3.80 4.09 4.53 3.72 3.58 3.58 2.99 3.14 3.94 4.09 4.02 3.21 3.21 3.21 3.87 4.31 0.00 0.00 0.00 0.00 3.07 3.29 0.00 0.00 0.00 2.56 3.14 3.07 0.00 0.00 0.00 0.00 1.68 0.88 0.00 0.00 0.00 0.00 0.00 0.00 0.00 0.00 0.00 0.00 0.00 0.00 0.00 0.58 2.26 4.67 4.74 5.18 3.72 2.56 2.86 3.80 2.26 4.67 5.48 8.25 7.52 5.26 5.26 4.16 4.89 4.82 3.14 3.50 4.38 5.69 5.77 7.23 7.74 6.20 6.06 6.42 4.74 2.77
2.12 3.07 3.14 4.38 3.58 3.29 3.58 3.65 3.50 3.72 3.14 2.48 2.56 0.00 0.00 2.48 2.77 3.29 3.29 3.58 4.16 4.67 4.74 3.50 0.00 2.70 2.85 2.85 2.77 3.80 0.00 0.00 4.23 0.00 0.00 0.00 0.00 0.00 0.00 3.72 5.77 3.36 1.97 1.97 1.02 1.24 0.80 0.73 0.00 0.00 0.73 0.73 0.95 1.75 5.91 12.56 15.70 15.11 14.16 10.00 7.37 6.94 7.52 5.62 10.07 10.15 9.27 6.94 6.94 7.96 9.05 10.07 10.15 7.66 4.09 2.56 2.48 3.29 5.48 7.08 6.57 6.79 5.04 3.36
1.97 2.77 3.07 3.07 0.00 2.41 3.29 3.58 0.00 0.00 0.00 2.26 2.77 3.14 2.34 1.97 2.92 3.94 3.94 3.87 4.23 3.80 3.58 2.19 0.00 2.99 2.92 3.14 0.00 2.77 0.00 0.00 0.00 3.87 0.00 0.00 0.00 0.00 0.00 4.82 6.06 4.38 2.34 2.34 1.39 2.34 1.75 1.17 0.00 0.00 0.95 1.68 1.61 2.85 6.42 11.10 15.26 17.16 17.08 15.77 12.12 9.34 9.42 9.93 10.23 10.73 11.68 10.44 10.44 9.64 10.51 13.36 14.67 11.83 7.74 3.72 2.77 3.80 4.02 5.62 6.20 7.01 4.67 2.41
2.04 2.41 2.56 0.00 0.00 0.00 2.77 2.85 0.00 0.00 0.00 2.41 3.07 3.58 2.99 2.26 3.58 3.65 3.65 3.94 4.23 4.45 2.92 2.19 1.97 3.50 3.87 3.50 2.92 2.70 0.00 0.00 3.07 3.58 3.29 0.00 0.00 1.83 2.34 2.19 2.77 2.56 2.85 2.85 3.21 4.16 3.72 4.16 2.77 1.31 1.31 2.04 3.14 5.77 8.40 11.32 13.36 14.82 16.94 16.13 12.99 10.66 10.15 11.10 10.03 12.98 14.53 14.16 14.16 12.34 10.66 11.90 14.02 11.97 7.74 4.67 3.21 3.50 3.58 4.82 5.55 5.18 3.65 2.70
3.07 2.48 2.34 0.00 0.00 0.00 0.00 0.00 0.00 0.00 0.00 2.41 2.77 2.92 3.29 2.99 2.70 3.50 3.50 4.09 4.53 4.16 2.92 3.21 2.99 3.50 3.21 3.36 3.43 3.21 3.36 4.31 3.36 3.94 3.36 0.00 0.00 0.00 0.00 1.75 2.12 3.07 3.80 3.80 5.18 7.08 7.23 7.08 6.13 4.60 4.23 3.07 6.28 7.66 10.22 11.61 11.75 12.99 14.45 12.61 10.88 10.44 11.02 12.34 11.64 14.83 15.83 14.75 14.75 12.12 9.05 10.07 10.80 9.56 7.59 4.53 3.94 3.87 4.02 3.97 4.54 4.06 2.42 1.91
2.41 2.19 1.53 0.00 0.00 0.00 0.00 0.00 0.00 0.00 0.00 0.00 0.00 0.00 0.00 0.00 3.50 2.99 2.99 2.70 2.85 3.43 3.07 3.58 3.65 3.72 2.99 2.41 2.34 0.00 2.63 3.65 4.23 3.72 3.29 1.90 0.00 0.00 0.00 0.00 0.00 2.92 4.02 4.02 5.48 7.45 7.74 8.91 9.20 9.13 8.83 7.59 11.10 15.11 13.80 14.38 15.62 13.14 12.48 10.51 10.39 8.18 8.77 9.78 10.80 12.26 12.69 13.65 13.22 10.27 8.54 8.10 6.50 6.64 5.26 3.87 3.58 2.99 3.52 3.97 2.46 3.00 2.48 2.35
2.19 1.68 1.53 1.10 0.00 0.00 0.00 0.73 0.80 0.00 0.00 0.00 0.00 0.00 0.00 0.00 0.00 0.00 0.00 2.77 2.77 2.41 2.56 0.00 0.00 2.70 3.07 0.00 0.00 0.00 0.00 0.00 2.77 0.00 2.48 0.00 0.00 0.00 0.00 0.00 0.00 0.00 0.00 0.00 5.26 7.08 7.45 7.81 8.61 11.02 11.10 12.34 18.40 19.86 20.29 21.53 18.47 13.94 12.83 10.03 8.76 7.01 6.26 6.24 7.98 11.32 8.03 8.47 8.51 9.40 7.26 6.64 7.01 5.91 4.33 3.29 2.70 2.41 2.35 3.69 2.01 1.83 2.27 2.72
1.53 0.73 1.10 1.02 0.88 0.00 0.00 0.80 0.95 0.37 0.29 0.00 0.00 0.00 0.00 0.00 0.00 0.00 0.00 2.85 0.00 0.00 0.00 0.00 0.00 0.00 0.00 0.00 0.00 0.00 0.00 0.00 0.00 0.00 0.00 0.00 0.00 0.00 0.00 0.00 0.00 0.00 0.00 0.00 5.69 6.86 6.79 6.64 8.61 12.63 12.99 13.21 14.75 21.17 22.05 21.97 19.86 17.37 13.94 11.01 8.55 4.66 3.55 2.97 4.84 6.43 6.59 5.11 5.11 4.36 5.36 6.42 8.22 7.56 5.14 3.76 2.77 2.15 1.73 2.16 2.29 1.88 2.28 3.19
1.97 0.58 0.58 0.44 0.88 0.00 0.00 1.17 0.00 0.00 0.51 0.00 0.00 0.00 0.00 0.00 1.39 1.46 1.46 1.83 3.07 0.00 0.00 0.00 0.00 0.00 0.00 0.00 0.00 0.00 0.00 0.00 0.00 0.00 0.00 0.00 0.00 0.00 0.00 0.00 0.00 0.00 0.00 0.00 6.06 7.15 7.81 8.32 8.76 14.53 15.62 11.24 13.43 16.94 15.91 17.96 16.55 15.77 14.60 12.48 9.34 4.76 3.80 1.46 3.71 5.39 5.94 3.72 3.72 2.73 3.99 6.58 9.71 9.32 7.93 5.72 4.16 2.82 2.28 2.48 2.52 3.02 3.91 4.68
2.92 1.68 1.17 1.68 1.61 0.73 1.31 0.00 0.00 0.00 1.39 0.00 0.00 0.00 0.00 1.02 1.17 1.02 1.02 0.95 2.04 2.41 0.00 0.00 0.00 0.00 0.00 0.58 0.00 0.00 0.00 0.00 0.00 0.00 3.50 2.70 0.00 0.00 0.00 0.00 0.00 0.00 3.29 3.29 5.04 5.48 7.74 8.32 8.03 13.58 14.09 9.93 10.50 8.73 10.24 12.30 11.97 13.51 13.14 12.78 10.29 6.31 3.77 2.66 3.85 6.86 7.42 4.31 4.33 2.87 4.18 5.35 8.47 9.35 10.20 9.05 7.75 5.75 3.98 2.45 1.54 4.32 6.55 5.58
3.50 3.36 3.29 4.09 2.92 1.61 1.53 0.00 0.00 0.88 0.95 0.00 0.00 0.00 0.00 0.22 0.00 0.88 0.88 1.10 0.00 2.34 2.34 0.00 0.00 2.26 2.41 1.68 0.00 0.00 0.37 0.00 0.00 0.00 0.00 1.75 0.00 0.00 0.00 0.00 0.00 0.00 3.58 3.58 3.80 3.58 5.04 6.13 7.08 9.78 11.24 9.05 7.96 9.25 7.74 8.96 10.16 11.05 11.49 12.02 10.42 7.48 6.39 5.44 3.33 6.26 7.11 4.70 4.70 2.80 4.49 3.97 5.47 7.26 9.46 9.32 9.91 8.46 6.29 3.89 1.62 6.51 9.09 6.46
6.79 4.74 4.23 5.55 4.31 2.04 2.34 2.63 1.83 1.61 1.02 0.00 0.00 0.00 0.00 0.00 0.00 0.00 0.00 0.00 0.00 0.00 0.00 0.00 0.00 0.00 0.00 1.83 0.51 0.00 0.00 0.00 0.00 1.75 0.00 0.44 0.00 0.00 0.00 0.00 0.00 4.23 5.33 5.33 3.58 3.87 4.09 4.67 6.72 7.52 9.42 8.83 9.93 7.92 9.09 9.73 7.49 8.56 10.91 10.35 10.73 10.11 10.54 9.81 5.00 5.20 6.84 5.93 5.84 4.45 4.00 4.42 5.89 8.39 9.27 9.10 10.30 6.98 6.20 3.67 3.46 3.99 10.04 7.72
9.42 4.89 2.77 4.67 4.82 3.58 4.74 4.67 3.94 2.99 2.12 0.58 0.00 0.00 0.29 0.00 0.00 0.00 0.00 0.00 0.00 0.00 0.00 0.00 0.00 0.00 0.00 2.99 1.68 0.44 0.00 0.58 1.10 1.31 0.00 0.00 0.00 0.00 0.00 0.00 0.00 8.61 8.76 8.76 6.94 6.57 4.67 4.74 7.15 8.09 9.33 10.60 11.77 11.71 12.65 10.27 8.83 9.20 10.25 8.79 8.95 11.14 14.22 12.63 9.63 6.51 6.23 6.55 6.38 4.09 3.14 5.00 6.67 10.93 12.18 11.53 11.39 7.02 6.18 4.32 4.69 5.10 9.09 6.93
10.44 5.69 4.23 5.91 8.32 11.17 12.85 11.32 8.32 6.94 4.45 3.07 1.83 1.83 1.46 0.22 0.58 1.02 1.02 1.10 0.88 0.44 1.17 1.97 1.75 1.97 2.85 2.12 1.68 1.39 1.46 2.12 1.61 1.10 1.46 1.02 1.02 0.00 0.00 4.67 0.00 6.20 7.37 7.37 9.64 11.83 11.17 11.61 11.46 11.17 12.04 14.68 12.80 12.24 11.80 10.03 11.65 12.23 13.19 12.69 14.75 13.54 15.38 17.84 14.38 9.76 8.61 4.79 4.72 1.90 0.95 4.46 7.05 10.77 15.35 17.52 14.83 11.05 8.01 3.81 3.88 5.12 6.56 9.06
10.15 8.10 7.66 9.05 10.15 13.43 15.04 12.56 10.07 6.28 0.00 0.00 2.99 3.29 2.12 1.17 1.39 1.17 1.17 0.80 1.39 1.02 0.73 0.95 1.02 1.61 1.61 1.31 1.46 2.19 1.39 1.53 2.12 2.41 3.50 2.92 3.94 3.50 4.82 2.99 4.02 2.48 5.40 5.40 9.05 11.90 12.85 12.48 10.08 10.72 11.21 12.00 10.41 10.09 11.40 8.10 9.38 9.63 11.49 13.81 16.52 18.91 19.11 18.36 12.34 7.88 10.34 7.03 6.92 5.33 0.73 2.55 4.40 9.28 16.08 19.78 17.11 14.38 8.67 4.99 3.26 3.71 3.20 8.82
7.88 8.98 9.34 7.88 7.96 11.83 13.58 11.53 8.98 4.67 0.00 0.00 0.00 3.21 2.85 1.90 1.97 1.31 1.31 1.02 1.31 1.75 1.31 1.24 0.88 0.51 0.00 0.22 1.68 1.75 1.90 1.83 0.15 2.63 3.29 3.87 3.50 4.38 2.56 1.10 1.10 1.61 3.58 3.58 5.26 8.76 10.95 9.73 8.92 9.06 9.96 10.79 9.73 9.73 11.08 9.89 5.36 5.71 7.16 12.71 15.38 18.25 21.61 20.15 14.82 8.12 9.39 7.34 8.16 5.70 0.22 0.70 3.03 7.22 13.33 16.52 15.33 15.26 9.36 4.54 3.45 4.23 4.12 8.39
5.40 6.72 8.10 6.35 5.62 9.49 10.80 9.10 7.30 3.80 0.00 0.00 0.00 0.00 2.63 2.48 1.90 2.41 2.41 1.61 1.46 1.83 1.39 0.66 1.02 0.44 0.07 1.39 0.29 1.39 1.53 0.51 0.73 0.29 1.83 1.97 2.04 1.17 0.15 0.00 0.00 0.00 0.73 0.73 1.97 5.69 6.42 6.31 7.66 9.60 9.65 11.02 11.34 11.68 8.21 9.67 4.73 5.04 4.73 8.45 12.88 18.96 22.30 22.70 18.10 10.43 8.98 8.71 8.40 7.13 2.04 0.56 1.31 5.69 9.63 11.08 10.60 11.47 6.88 3.26 4.09 4.81 8.46 10.43
0.00 3.14 5.33 0.00 0.00 6.72 8.40 8.69 7.66 4.02 2.41 1.90 0.00 0.00 0.00 1.24 1.31 1.90 1.90 2.41 1.46 1.24 0.95 0.51 0.73 0.58 0.22 0.22 0.22 0.73 0.88 0.88 0.00 0.00 0.00 0.95 0.80 0.29 0.00 0.00 0.00 0.00 0.15 0.15 1.10 2.12 3.65 6.86 8.10 9.86 9.49 9.71 9.68 8.85 7.82 8.32 4.84 4.66 6.56 8.94 10.29 14.37 18.56 23.81 21.64 12.64 8.94 8.17 8.21 9.05 7.50 1.21 0.98 2.89 5.03 4.40 4.92 5.28 4.50 3.93 4.92 8.46 11.36 8.35
0.00 0.00 0.00 0.00 0.00 5.33 7.52 8.10 7.96 5.11 2.99 2.85 2.12 0.00 0.00 0.00 0.00 0.73 0.73 1.90 1.39 0.88 0.37 0.29 0.00 0.00 0.00 0.00 0.00 0.00 0.00 0.00 0.00 0.00 0.00 0.00 0.00 0.00 0.58 0.00 0.00 0.00 0.22 0.22 0.07 0.37 2.93 4.60 5.71 8.58 9.61 9.27 10.71 8.32 6.29 6.73 8.64 0.00 4.28 7.56 10.95 12.59 16.29 18.36 19.32 16.81 11.41 8.40 9.83 7.93 7.94 2.23 1.17 1.32 0.82 1.75 2.76 2.85 3.26 2.39 4.61 7.45 10.87 10.40
0.00 0.00 0.00 0.00 0.00 0.00 5.48 7.52 7.66 5.99 3.94 4.38 3.50 2.56 1.46 1.97 1.83 0.00 0.00 0.00 0.73 0.22 0.00 0.00 0.00 0.00 0.00 0.00 0.00 0.00 0.00 0.00 0.00 0.00 0.00 0.00 0.00 0.00 0.00 0.00 0.00 0.00 0.00 0.00 0.00 0.00 1.39 2.21 3.86 6.70 7.02 7.61 6.79 7.12 8.06 7.30 9.59 0.00 0.00 11.49 11.45 10.05 12.76 15.64 14.60 14.77 15.24 10.42 11.66 9.14 6.75 3.58 2.29 0.00 0.00 0.09 1.99 2.19 2.06 1.81 3.24 7.63 11.89 11.16
0.00 0.00 0.00 0.00 0.00 0.00 0.00 5.55 6.79 5.62 4.60 5.99 5.62 4.96 4.31 4.82 4.13 1.68 1.68 0.00 0.22 0.00 0.00 0.00 0.00 0.00 0.00 0.00 0.00 0.00 0.00 0.00 0.00 0.00 0.00 0.00 0.00 0.00 0.00 0.00 0.00 0.00 0.00 0.00 0.00 0.00 0.15 0.00 2.06 6.00 8.34 8.13 9.13 6.24 0.00 0.00 0.00 0.00 0.00 0.00 7.69 11.87 10.32 12.23 13.16 13.75 16.45 11.16 11.40 9.61 8.11 3.48 4.13 1.27 0.17 1.44 2.51 2.07 1.39 0.00 2.22 5.23 6.14 9.19
0.00 0.00 0.00 0.00 0.00 0.00 0.00 0.00 4.02 4.09 3.14 4.96 6.35 5.84 6.50 7.56 7.08 5.49 5.12 2.70 2.19 1.24 0.22 0.00 0.07 0.37 0.51 0.00 0.00 0.00 0.00 0.00 0.00 0.00 0.00 0.00 0.00 0.00 0.00 0.00 1.61 0.66 0.00 0.00 0.22 0.29 0.00 1.00 3.42 9.03 11.10 10.20 0.00 0.00 0.00 0.00 0.00 0.00 0.00 0.00 0.00 10.01 9.95 8.34 9.26 12.26 12.51 13.04 15.94 12.78 7.14 4.44 5.41 1.50 1.46 2.02 2.95 3.28 0.27 0.00 0.00 0.00 0.00 0.00
0.00 0.00 0.00 0.00 0.00 0.00 0.00 0.00 0.00 0.00 0.00 0.00 0.00 0.00 0.00 3.58 2.04 4.89 4.97 6.50 6.13 6.50 5.84 3.21 3.43 4.02 3.94 2.92 0.00 0.00 0.00 2.41 0.66 2.34 3.36 4.67 5.11 5.48 4.96 3.89 7.07 6.71 6.13 6.13 3.50 4.02 1.39 2.20 6.21 6.61 0.00 0.00 0.00 0.00 0.00 0.00 0.00 0.00 0.00 0.00 0.00 0.00 0.00 0.00 7.00 11.88 8.97 8.14 9.10 9.67 8.22 5.21 4.69 0.00 0.00 1.82 3.18 1.10 0.00 0.00 0.00 0.00 0.00 0.00
0.00 0.00 0.00 0.00 0.00 0.00 0.00 0.00 0.00 0.00 0.00 0.00 0.00 0.00 0.00 0.00 0.00 0.00 0.00 3.29 5.73 6.66 6.06 5.99 6.20 6.91 7.34 7.08 5.33 5.55 7.08 6.50 5.11 2.70 4.09 8.10 7.96 10.59 8.76 4.82 9.06 9.56 8.25 9.22 7.52 9.34 5.62 5.54 7.64 0.00 0.00 0.00 0.00 0.00 0.00 0.00 0.00 0.00 0.00 0.00 0.00 0.00 0.00 0.00 0.00 9.18 4.57 0.00 0.00 0.00 0.00 0.00 5.21 0.00 0.00 0.00 2.01 0.00 0.00 0.00 0.00 0.00 0.00 0.00
0.00 0.00 0.00 0.00 0.00 0.00 0.00 0.00 0.00 0.00 0.00 0.00 0.00 0.00 0.00 0.00 0.00 0.00 0.00 0.00 0.00 2.26 4.45 4.67 4.89 5.43 5.96 6.94 7.08 6.13 6.64 9.78 8.00 5.62 7.01 3.33 7.30 5.48 7.74 4.60 3.69 5.26 6.28 7.97 10.45 10.83 10.53 8.96 0.00 0.00 0.00 0.00 0.00 0.00 0.00 0.00 0.00 0.00 0.00 0.00 0.00 0.00 0.00 0.00 0.00 0.00 0.00 0.00 0.00 0.00 0.00 0.00 0.00 0.00 0.00 0.00 0.00 0.00 0.00 0.00 0.00 0.00 0.00 0.00
0.00 0.00 0.00 0.00 0.00 0.00 0.00 0.00 0.00 0.00 0.00 0.00 0.00 0.00 0.00 0.00 0.00 0.00 0.00 0.00 0.00 0.00 0.00 0.00 1.68 2.85 0.00 3.94 3.72 3.80 5.11 6.62 8.41 7.37 3.21 0.00 0.00 0.00 0.00 0.00 0.00 0.00 0.00 0.00 0.00 16.01 8.86 0.00 0.00 0.00 0.00 0.00 0.00 0.00 0.00 0.00 0.00 0.00 0.00 0.00 0.00 0.00 0.00 0.00 0.00 0.00 0.00 0.00 0.00 0.00 0.00 0.00 0.00 0.00 0.00 0.00 0.00 0.00 0.00 0.00 0.00 0.00 0.00 0.00
