Wansh/Snow_depth/snowdepth-1990/winter/1991028.txt
ncols 321
nrows 161
xllcenter 60
yllcenter 15 
cellsize  0.25 
NODATA_value -1
[rows 0 to 37 of 161, columns 84 to 167 of 321]
10.66 11.61 12.48 12.63 11.61 10.59 8.03 6.50 6.50 10.22 11.97 11.83 12.41 11.90 11.68 12.26 12.78 13.80 13.80 13.65 13.72 13.14 10.66 6.79 3.87 1.90 1.46 1.46 1.61 1.24 2.41 5.48 7.08 5.69 3.72 3.72 4.16 3.94 2.77 2.85 4.96 5.77 5.55 5.55 4.38 3.50 3.14 3.14 4.09 4.96 6.35 7.37 6.64 6.06 5.18 6.06 6.06 6.13 5.91 6.13 5.55 4.09 2.56 2.19 2.48 3.58 4.16 4.45 4.45 4.82 5.77 6.42 6.79 8.10 8.25 8.91 9.64 9.64 9.64 14.45 13.51 12.63 11.90 11.83
10.88 11.32 11.68 11.83 10.66 9.20 7.37 5.99 6.64 8.40 10.73 12.41 12.12 10.29 8.10 7.88 9.20 10.22 10.22 10.15 11.61 11.97 12.26 9.93 7.74 4.02 1.97 1.24 0.95 1.39 1.83 3.14 4.67 4.23 2.56 1.75 1.61 1.31 1.10 1.90 3.94 7.30 9.05 9.05 8.69 7.59 4.67 2.56 2.26 2.70 3.29 3.94 4.89 5.04 5.11 5.77 5.91 6.57 6.64 6.13 5.26 5.26 5.91 5.33 4.89 4.09 5.69 6.94 6.94 6.50 6.64 7.66 8.47 8.98 10.00 10.59 11.39 12.48 13.07 13.80 13.43 12.63 12.34 11.83
10.66 11.17 10.80 9.05 8.03 7.74 8.03 8.32 10.15 11.61 12.48 12.85 12.26 10.88 8.69 7.08 5.33 5.55 5.55 6.28 8.03 9.42 11.24 11.68 10.15 5.77 3.87 2.41 1.97 1.75 2.41 2.48 3.07 3.94 4.53 4.45 2.99 2.34 3.07 2.70 0.00 4.53 6.57 6.57 9.78 10.29 11.10 9.42 4.82 3.14 2.26 1.61 1.46 2.04 3.72 5.04 6.42 7.74 9.13 9.93 8.98 8.25 8.69 8.10 8.83 9.56 9.05 9.86 9.86 10.44 10.15 9.05 11.17 13.21 14.31 17.16 12.85 15.55 15.62 15.26 14.38 14.16 14.31 14.09
10.66 11.17 10.80 9.05 8.03 7.74 8.03 8.32 10.15 11.61 12.48 12.85 12.26 10.88 8.69 7.08 5.33 5.55 5.55 6.28 8.03 9.42 11.24 11.68 10.15 5.77 3.87 2.41 1.97 1.75 2.41 2.48 3.07 3.94 4.53 4.45 2.99 2.34 3.07 2.70 0.00 4.53 6.57 6.57 9.78 10.29 11.10 9.42 4.82 3.14 2.26 1.61 1.46 2.04 3.72 5.04 6.42 7.74 9.13 9.93 8.98 8.25 8.69 8.10 8.83 9.56 9.05 9.86 9.86 10.44 10.15 9.05 11.17 13.21 14.31 17.16 12.85 15.55 15.62 15.26 14.38 14.16 14.31 14.09
9.93 9.56 8.61 7.96 7.66 7.37 7.52 7.66 9.27 11.17 13.43 14.02 13.87 13.51 12.48 11.24 9.78 8.03 8.03 5.69 5.48 6.28 8.32 10.88 11.39 8.83 6.35 3.43 1.97 1.61 2.12 2.48 3.14 4.02 6.72 7.52 6.50 5.11 4.09 3.29 0.00 0.00 3.29 3.29 6.86 8.98 11.83 12.12 9.93 6.35 3.36 3.07 2.77 1.90 2.12 2.48 3.36 6.06 7.30 8.98 10.15 10.44 8.69 8.61 9.42 9.71 10.88 11.02 11.02 10.88 10.95 10.44 10.44 11.75 13.14 17.23 18.83 18.47 20.81 17.16 15.11 15.40 16.21 16.64
10.00 10.29 10.66 11.32 10.66 8.54 7.37 6.35 7.01 9.42 11.10 12.34 13.36 13.94 14.16 15.77 16.72 14.09 14.09 11.39 8.10 6.79 5.91 7.08 9.34 9.71 7.66 4.67 2.41 1.53 1.61 2.26 2.99 4.23 5.18 6.50 5.77 4.02 1.83 1.39 0.00 0.00 2.85 2.85 4.53 6.86 8.61 11.02 10.88 8.83 5.40 3.58 2.70 2.56 2.63 2.99 4.31 4.96 5.69 6.79 9.34 11.83 14.16 13.80 13.29 12.78 10.73 9.78 9.78 10.07 10.29 9.78 10.15 10.37 10.15 8.98 9.05 17.23 12.78 13.94 13.07 15.84 17.23 17.96
10.66 11.17 12.70 12.05 10.88 10.22 10.15 8.69 9.13 10.15 9.93 9.78 10.51 11.90 12.85 14.97 16.43 17.96 17.96 16.64 15.48 12.63 8.47 7.59 7.88 8.03 6.35 4.38 3.50 3.58 3.29 2.41 2.70 4.38 6.42 7.23 6.79 4.23 1.90 1.17 2.04 0.00 0.00 0.00 4.45 7.01 8.91 9.49 10.00 7.74 4.31 2.99 2.77 2.92 3.65 4.67 5.18 6.94 8.83 9.05 9.71 12.70 15.11 17.30 17.96 17.59 16.86 14.02 14.02 12.26 11.53 12.85 11.90 11.46 11.90 11.83 9.78 8.69 9.86 8.10 7.52 12.26 14.31 16.57
10.66 11.17 12.70 12.05 10.88 10.22 10.15 8.69 9.13 10.15 9.93 9.78 10.51 11.90 12.85 14.97 16.43 17.96 17.96 16.64 15.48 12.63 8.47 7.59 7.88 8.03 6.35 4.38 3.50 3.58 3.29 2.41 2.70 4.38 6.42 7.23 6.79 4.23 1.90 1.17 2.04 0.00 0.00 0.00 4.45 7.01 8.91 9.49 10.00 7.74 4.31 2.99 2.77 2.92 3.65 4.67 5.18 6.94 8.83 9.05 9.71 12.70 15.11 17.30 17.96 17.59 16.86 14.02 14.02 12.26 11.53 12.85 11.90 11.46 11.90 11.83 9.78 8.69 9.86 8.10 7.52 12.26 14.31 16.57
11.10 12.19 12.63 11.90 11.90 12.78 11.97 11.39 11.53 11.90 11.39 9.27 7.81 8.83 12.34 14.02 15.33 16.79 16.79 16.72 17.08 15.04 12.05 9.93 6.86 5.69 4.23 3.43 3.21 3.72 3.87 3.29 3.94 5.40 7.37 8.69 8.32 6.50 4.45 3.29 2.56 3.07 4.23 4.23 5.62 6.86 7.01 6.79 7.01 5.77 4.74 4.45 4.31 4.89 4.45 4.53 5.69 6.50 6.86 8.32 8.98 9.93 11.24 12.63 13.87 15.04 15.26 15.70 15.70 15.84 16.13 15.99 16.13 14.67 13.43 13.29 12.78 8.91 11.24 10.88 10.07 8.47 10.15 13.87
12.99 14.38 14.60 14.09 13.58 13.58 12.85 11.46 10.44 10.80 10.22 7.96 7.45 7.88 10.80 14.38 16.50 16.94 16.94 17.23 16.28 15.40 13.58 8.40 5.62 4.60 3.14 3.58 3.87 3.80 3.50 3.29 4.23 5.69 7.96 9.34 9.20 8.47 7.01 5.18 4.45 3.58 3.65 3.65 4.16 5.26 4.67 5.62 6.50 5.55 5.91 7.37 8.83 9.64 9.05 9.49 8.25 7.66 8.18 7.66 8.03 8.69 9.05 9.93 11.24 13.14 13.65 14.60 14.60 14.45 15.33 15.11 15.04 14.53 13.07 13.07 14.97 15.70 13.07 15.84 13.72 11.02 8.61 9.05
15.18 15.40 14.67 14.09 13.21 12.78 11.68 9.13 8.76 8.91 8.98 10.29 11.24 11.46 13.51 16.86 18.76 18.83 18.83 19.35 18.32 15.18 11.24 8.40 4.96 4.23 4.38 3.94 3.50 3.21 2.56 2.34 3.14 5.11 6.42 7.96 8.83 8.61 8.10 6.94 6.72 6.64 6.20 6.20 5.55 5.33 5.55 6.57 7.45 8.83 9.86 11.53 10.59 9.42 9.78 10.95 12.26 13.07 12.19 10.95 10.59 9.64 9.93 10.51 11.68 12.85 16.64 19.20 19.20 20.29 19.71 18.10 16.50 14.02 13.72 13.36 13.65 15.33 14.97 17.96 15.18 11.10 10.00 8.54
15.18 15.40 14.67 14.09 13.21 12.78 11.68 9.13 8.76 8.91 8.98 10.29 11.24 11.46 13.51 16.86 18.76 18.83 18.83 19.35 18.32 15.18 11.24 8.40 4.96 4.23 4.38 3.94 3.50 3.21 2.56 2.34 3.14 5.11 6.42 7.96 8.83 8.61 8.10 6.94 6.72 6.64 6.20 6.20 5.55 5.33 5.55 6.57 7.45 8.83 9.86 11.53 10.59 9.42 9.78 10.95 12.26 13.07 12.19 10.95 10.59 9.64 9.93 10.51 11.68 12.85 16.64 19.20 19.20 20.29 19.71 18.10 16.50 14.02 13.72 13.36 13.65 15.33 14.97 17.96 15.18 11.10 10.00 8.54
11.17 13.43 13.36 12.78 12.41 10.37 9.27 8.98 9.20 10.07 11.39 13.94 15.26 16.35 17.01 17.74 18.61 20.00 20.00 20.95 18.76 14.75 10.29 6.79 6.06 5.77 4.23 3.21 3.14 3.58 4.31 5.55 5.48 6.42 7.08 8.25 9.27 10.29 10.07 9.71 9.20 9.34 8.98 8.98 8.47 7.66 7.74 8.54 10.15 12.34 13.65 14.89 14.31 13.29 11.39 10.88 12.78 15.84 16.79 15.11 14.16 13.07 12.56 12.12 12.12 12.85 14.67 17.74 17.74 20.00 21.17 21.24 18.61 16.86 15.04 14.67 15.62 16.72 15.99 17.52 15.48 14.02 14.38 13.36
10.22 12.92 12.70 11.46 10.80 10.07 8.83 8.47 9.56 10.95 11.68 12.85 14.31 16.86 17.59 16.79 16.64 17.08 17.08 17.37 14.89 10.66 8.76 7.08 6.57 5.84 4.38 3.43 5.04 7.01 8.54 9.34 11.46 11.53 11.32 11.46 12.85 12.78 12.05 10.66 10.29 10.59 10.00 10.00 8.76 9.13 10.51 12.56 13.72 14.31 14.38 14.38 14.02 13.43 12.56 12.12 11.97 12.26 13.14 13.29 13.21 13.65 15.11 15.84 15.84 15.11 15.62 17.37 17.37 19.78 21.17 20.51 19.64 18.18 17.16 15.40 13.43 13.58 14.67 16.13 12.63 13.72 14.02 12.99
12.56 12.41 10.73 10.07 8.69 8.10 7.81 8.32 8.25 10.15 11.24 12.48 12.63 14.89 15.55 15.26 14.38 13.07 13.07 12.63 10.66 8.76 8.69 8.32 8.25 7.01 6.79 7.37 8.54 10.37 13.07 14.45 14.82 14.02 13.36 12.48 11.17 10.37 10.88 10.44 10.37 11.53 12.48 12.48 13.21 12.63 13.43 15.04 14.97 15.40 16.21 15.62 16.57 18.61 18.03 16.72 15.18 13.29 11.53 9.05 8.18 9.20 11.75 13.14 13.94 14.97 14.89 15.26 15.26 15.40 17.16 17.23 14.82 13.94 12.34 9.78 6.57 1.53 3.80 12.48 7.81 12.99 13.07 12.70
13.29 11.68 9.71 7.96 7.52 7.23 4.89 4.02 4.82 5.99 8.10 8.03 8.54 9.42 9.64 8.76 8.91 9.64 9.64 9.42 8.25 7.45 8.10 8.76 9.27 9.34 8.83 8.69 9.56 12.48 15.11 16.64 16.35 13.87 11.17 9.42 7.59 7.52 8.98 10.66 11.53 13.43 13.80 13.80 13.36 12.26 11.83 11.53 12.41 14.02 15.91 15.70 15.26 16.35 19.71 20.88 18.83 15.62 12.41 10.15 8.83 9.27 8.83 9.13 10.51 12.41 14.75 16.50 16.50 16.79 16.35 15.70 14.16 11.61 10.95 8.91 3.87 0.00 0.22 10.29 11.24 15.11 14.16 14.38
13.29 11.68 9.71 7.96 7.52 7.23 4.89 4.02 4.82 5.99 8.10 8.03 8.54 9.42 9.64 8.76 8.91 9.64 9.64 9.42 8.25 7.45 8.10 8.76 9.27 9.34 8.83 8.69 9.56 12.48 15.11 16.64 16.35 13.87 11.17 9.42 7.59 7.52 8.98 10.66 11.53 13.43 13.80 13.80 13.36 12.26 11.83 11.53 12.41 14.02 15.91 15.70 15.26 16.35 19.71 20.88 18.83 15.62 12.41 10.15 8.83 9.27 8.83 9.13 10.51 12.41 14.75 16.50 16.50 16.79 16.35 15.70 14.16 11.61 10.95 8.91 3.87 0.00 0.22 10.29 11.24 15.11 14.16 14.38
14.82 8.76 6.86 6.64 6.94 6.86 4.38 2.63 2.34 1.90 2.70 4.45 6.79 9.42 9.93 8.69 8.40 10.51 10.51 10.00 8.25 7.74 7.30 7.45 8.69 10.80 11.10 10.66 10.22 11.10 13.14 15.77 16.64 15.48 11.61 6.86 5.40 6.64 8.03 10.37 12.63 13.21 12.99 12.99 12.63 12.19 11.83 11.10 11.24 11.90 12.85 13.80 14.24 14.89 16.50 17.96 16.64 15.40 13.72 12.70 12.48 13.36 12.56 11.83 12.05 12.92 14.89 17.59 17.59 18.91 18.03 16.21 14.89 13.72 11.39 8.91 6.28 3.21 3.21 6.72 12.70 12.85 12.34 13.87
4.23 6.57 6.50 7.01 7.37 8.25 5.62 2.99 2.70 1.68 2.70 4.96 6.86 10.29 12.05 11.39 11.24 12.12 12.12 11.97 9.42 8.47 6.94 6.28 7.37 10.73 11.83 12.19 12.19 12.41 13.51 15.48 16.72 16.94 13.51 10.29 6.72 5.62 5.91 7.37 7.81 10.29 13.80 13.80 15.40 15.40 14.82 13.43 12.92 13.36 14.09 14.97 15.55 17.08 18.10 18.18 17.81 16.50 15.91 16.72 19.20 19.42 18.61 17.23 17.08 17.59 19.05 20.08 20.08 20.37 20.00 18.18 16.21 15.26 12.19 10.00 7.45 5.48 5.48 8.10 11.61 9.13 10.15 11.90
1.90 2.19 4.74 5.91 6.42 7.59 7.15 6.28 5.04 3.29 4.09 5.26 6.06 7.96 8.91 9.34 10.29 11.61 11.61 11.97 11.17 10.22 7.96 6.86 7.01 9.71 12.12 12.99 11.61 10.22 9.20 11.24 13.21 13.07 11.97 9.71 7.52 5.40 3.36 2.99 3.43 6.13 11.68 11.68 15.33 17.37 16.28 14.31 13.80 15.18 17.16 18.69 18.47 19.20 19.78 20.73 21.02 19.86 18.69 19.05 21.53 24.16 23.87 22.12 20.37 20.51 22.34 22.63 22.63 20.15 14.75 12.78 11.17 10.88 9.71 8.83 8.25 7.66 7.81 7.30 9.49 7.96 9.71 12.99
2.34 2.92 4.82 4.53 6.57 6.50 7.23 8.25 7.88 6.86 6.28 6.42 5.11 7.23 7.23 6.20 7.23 9.42 9.42 10.15 10.88 10.66 9.05 8.54 9.78 12.34 13.87 13.36 10.95 7.74 6.13 5.62 4.74 7.52 7.66 4.74 3.94 0.00 0.00 2.48 2.92 3.50 5.77 5.77 10.73 13.80 12.85 12.12 11.68 13.72 17.52 21.10 22.48 22.70 22.56 22.92 22.27 20.44 18.03 17.01 17.96 20.88 22.56 23.00 23.00 22.41 20.95 19.78 19.78 17.52 10.80 7.74 5.99 5.18 4.96 4.45 4.31 4.38 4.53 5.26 5.99 5.84 8.40 10.88
3.58 5.04 5.91 5.55 5.69 5.91 6.72 8.98 11.24 10.66 10.37 10.44 11.61 13.21 12.78 9.56 8.98 8.76 8.76 8.91 9.27 10.73 11.24 12.34 14.60 17.30 18.69 18.18 15.70 11.68 7.59 4.23 3.43 5.11 5.26 3.72 1.83 0.00 0.00 0.00 4.09 3.07 2.26 2.26 3.21 4.96 6.50 6.79 8.03 9.27 11.68 14.97 18.25 19.35 21.10 21.32 20.81 18.47 17.52 16.35 16.21 17.01 18.91 21.02 22.05 23.43 24.24 21.90 21.90 16.79 11.83 5.69 3.43 3.14 2.85 2.48 1.97 2.48 2.63 2.92 3.87 6.86 5.55 6.42
3.58 5.04 5.91 5.55 5.69 5.91 6.72 8.98 11.24 10.66 10.37 10.44 11.61 13.21 12.78 9.56 8.98 8.76 8.76 8.91 9.27 10.73 11.24 12.34 14.60 17.30 18.69 18.18 15.70 11.68 7.59 4.23 3.43 5.11 5.26 3.72 1.83 0.00 0.00 0.00 4.09 3.07 2.26 2.26 3.21 4.96 6.50 6.79 8.03 9.27 11.68 14.97 18.25 19.35 21.10 21.32 20.81 18.47 17.52 16.35 16.21 17.01 18.91 21.02 22.05 23.43 24.24 21.90 21.90 16.79 11.83 5.69 3.43 3.14 2.85 2.48 1.97 2.48 2.63 2.92 3.87 6.86 5.55 6.42
4.23 5.33 5.84 6.64 6.72 6.57 7.30 9.78 12.92 13.21 13.43 14.53 15.33 14.82 16.13 14.89 12.92 11.61 11.61 11.46 11.68 13.94 14.82 14.67 15.33 18.32 19.27 18.47 16.64 13.29 9.05 5.55 3.72 3.43 3.80 2.70 1.39 1.02 0.00 0.00 0.00 2.99 1.39 1.39 0.00 0.00 0.00 3.80 4.89 5.04 5.18 5.62 7.30 10.29 11.75 14.16 15.55 14.09 14.02 15.33 16.72 18.40 20.59 22.19 23.36 23.43 23.65 23.58 23.58 22.92 20.37 15.11 10.51 6.86 3.87 2.56 2.63 2.19 2.26 2.12 2.34 4.02 4.02 3.50
6.86 7.52 8.76 9.13 11.39 7.96 11.39 13.51 14.97 15.70 15.84 15.55 13.72 12.41 13.07 13.21 12.92 12.41 12.41 12.85 13.36 14.67 16.50 16.69 15.63 17.18 14.67 14.67 15.62 14.75 10.80 7.52 4.89 3.65 2.70 1.31 0.58 0.29 0.88 1.97 1.90 0.66 0.51 0.51 0.00 0.00 0.00 0.00 2.85 2.63 2.56 3.07 3.14 4.23 6.50 10.15 12.41 13.29 14.60 16.94 18.91 19.35 20.88 23.00 24.38 24.53 24.60 24.31 24.31 24.16 23.65 21.75 15.77 10.15 6.86 4.96 3.72 2.77 2.56 2.63 2.63 3.21 3.07 0.00
10.51 11.75 14.09 14.75 15.99 12.85 13.58 15.84 16.94 15.84 14.60 14.53 13.14 12.12 10.73 10.29 11.46 14.02 14.02 13.94 14.60 16.79 18.25 18.62 19.27 16.16 16.55 16.03 17.81 17.67 14.53 10.44 7.45 5.33 2.41 1.17 0.73 0.88 1.61 1.61 0.88 0.58 0.00 0.00 0.00 0.00 0.00 0.00 0.00 0.00 0.00 0.00 0.00 0.00 0.00 4.02 6.94 8.91 12.99 17.52 19.35 18.32 17.89 19.13 21.24 23.65 24.82 25.04 25.04 23.94 23.43 21.90 18.69 15.33 11.39 9.20 7.23 6.06 4.82 3.80 2.77 4.02 2.77 3.21
13.65 14.09 14.09 14.60 14.75 14.24 14.16 13.51 13.43 9.27 7.30 8.10 8.47 8.54 8.18 9.20 12.48 14.97 14.97 15.70 16.06 15.34 16.56 17.91 18.00 17.17 17.07 16.74 18.51 18.99 17.30 14.89 13.87 10.80 6.86 4.82 3.87 2.41 1.75 1.53 1.24 1.10 0.29 0.29 0.00 0.00 0.00 0.00 0.00 0.00 0.00 0.00 0.00 0.00 0.00 0.00 0.00 0.00 5.04 10.73 15.62 16.57 15.33 14.60 14.16 17.08 21.46 24.16 24.16 23.73 21.53 19.71 18.03 16.79 12.41 10.51 8.54 7.23 6.50 5.48 3.58 3.80 2.99 3.72
13.21 11.61 10.51 9.86 9.13 9.27 10.22 11.61 9.05 4.45 0.00 2.12 3.94 4.16 5.11 7.96 12.92 15.70 15.70 16.59 13.05 10.89 11.89 12.99 14.82 14.97 16.78 20.31 20.36 19.32 19.22 18.32 18.25 16.35 13.51 12.26 9.27 6.50 4.02 1.83 0.58 1.02 1.10 1.10 0.00 0.00 0.00 0.00 0.00 0.00 0.00 0.00 0.00 0.00 0.00 0.00 0.00 0.00 0.00 4.16 9.56 14.02 15.18 16.06 15.26 13.51 16.79 19.93 19.93 20.66 17.96 16.79 13.87 13.43 12.48 9.93 6.79 6.06 5.62 4.38 3.65 3.36 3.21 4.02
13.21 11.61 10.51 9.86 9.13 9.27 10.22 11.61 9.05 4.45 0.00 2.12 3.94 4.16 5.11 7.96 12.92 15.70 15.77 17.13 13.25 11.66 11.59 13.33 14.60 14.97 16.28 18.88 19.02 19.62 19.42 19.09 20.51 17.30 13.85 12.26 9.27 6.50 4.02 1.83 0.58 1.02 1.10 1.10 0.00 0.00 0.00 0.00 0.00 0.00 0.00 0.00 0.00 0.00 0.00 0.00 0.00 0.00 0.00 4.16 9.56 14.02 15.18 16.06 15.26 13.51 16.79 19.93 19.93 20.66 17.96 16.79 13.87 13.43 12.48 9.93 6.79 6.06 5.62 4.38 3.65 3.36 3.21 4.02
11.53 11.39 9.64 7.88 7.37 6.72 7.37 7.74 9.78 5.33 4.60 5.48 7.37 7.30 9.78 12.05 15.84 17.52 17.52 15.55 10.44 7.01 6.46 6.89 9.36 10.32 14.75 16.51 18.69 21.35 22.34 20.50 21.90 21.00 18.51 17.32 14.31 10.37 6.72 3.87 2.19 0.58 1.10 1.10 0.00 0.00 0.00 0.00 0.00 0.00 0.00 0.00 0.00 0.00 0.00 0.00 0.00 0.00 0.00 1.24 4.02 8.25 13.51 17.08 19.93 18.61 17.30 18.10 18.10 17.59 15.62 13.51 10.95 8.54 7.81 6.94 6.06 3.14 2.41 1.97 1.46 0.88 1.61 1.46
12.26 10.88 9.64 8.83 6.94 5.26 4.96 5.18 7.88 7.23 7.96 8.69 9.13 9.42 10.59 14.31 17.01 18.76 18.76 15.04 11.24 6.46 4.23 4.23 5.28 6.52 7.66 9.99 13.63 21.61 25.11 25.40 23.21 23.07 21.94 20.36 18.97 16.21 12.70 10.37 8.69 3.80 1.31 1.31 0.15 0.15 0.00 0.00 0.29 1.17 0.00 0.00 0.00 0.00 0.00 0.00 0.00 0.00 0.00 0.44 0.88 3.21 8.18 15.33 19.71 20.37 18.83 18.54 18.54 17.74 14.38 10.37 8.91 7.37 6.64 5.26 2.63 2.41 1.02 0.80 1.24 1.75 0.00 0.00
11.68 11.17 10.80 10.88 9.56 7.66 6.64 8.10 10.51 6.64 9.49 9.13 7.52 7.15 7.66 10.88 13.36 13.65 13.65 10.66 8.40 5.33 3.87 0.00 4.60 5.48 5.77 6.34 9.58 18.44 23.58 27.16 27.38 25.62 23.82 22.88 24.79 20.44 19.05 18.25 16.43 10.88 5.04 5.04 0.80 0.51 0.37 0.00 0.00 0.00 0.58 0.00 0.00 0.00 0.00 0.00 0.00 0.00 0.00 0.00 0.00 0.00 8.83 16.06 19.71 19.64 17.30 15.70 15.70 14.31 11.68 8.03 6.50 6.06 6.06 5.55 3.87 1.97 1.75 1.39 1.83 2.12 3.07 1.90
9.64 10.44 12.05 14.02 12.19 10.95 10.95 14.02 15.33 15.84 13.87 12.26 10.29 10.44 8.83 10.07 10.37 7.37 7.37 6.20 6.57 5.91 5.33 5.69 6.42 6.13 4.96 5.28 8.03 11.68 15.55 18.76 21.10 24.31 25.26 26.43 28.01 27.54 24.95 23.74 20.73 15.99 8.91 8.91 2.92 2.19 0.80 0.00 0.00 0.00 0.00 0.07 0.00 0.00 0.00 0.00 0.00 0.00 2.99 2.34 2.19 0.00 7.37 13.21 17.59 16.43 13.87 11.90 11.90 8.40 6.28 4.31 3.72 3.43 3.58 4.89 4.96 4.09 2.56 2.04 2.19 2.34 1.39 2.85
4.89 5.40 9.78 11.83 11.46 10.95 11.32 12.70 14.45 15.33 17.01 14.31 13.72 11.97 10.88 8.03 6.42 3.36 3.36 4.31 5.48 6.13 6.13 7.88 7.96 6.50 4.96 5.31 6.57 8.61 10.66 11.46 12.63 14.67 18.18 20.88 25.55 27.30 27.64 27.03 22.38 20.51 17.89 17.89 11.39 8.91 6.06 4.23 2.34 0.58 0.00 0.00 0.00 0.00 0.00 0.00 0.00 2.19 4.23 5.33 4.45 4.31 5.77 8.83 10.15 9.49 8.61 6.57 6.57 5.33 0.00 0.00 0.00 1.53 1.90 2.85 3.43 2.63 2.19 1.90 1.10 0.80 0.00 0.44
3.94 3.43 3.80 0.00 0.00 0.00 0.00 0.00 0.00 0.00 9.05 11.61 8.98 7.74 5.91 4.02 2.41 1.97 1.97 4.23 5.99 6.42 6.86 7.37 7.59 6.06 5.69 5.40 6.23 8.02 8.40 7.56 7.30 7.30 10.80 12.41 14.31 18.43 21.75 21.68 20.87 18.91 18.83 18.83 17.08 16.06 14.82 13.14 11.24 6.20 2.56 0.44 0.58 0.51 0.73 1.61 1.68 1.39 2.48 4.53 5.91 3.94 0.00 0.00 6.42 6.42 5.40 0.00 0.00 0.00 0.00 0.00 0.00 1.39 1.68 0.00 0.00 0.00 0.95 0.00 0.37 0.88 0.44 0.00
3.94 3.43 3.80 0.00 0.00 0.00 0.00 0.00 0.00 0.00 9.05 11.61 8.98 7.74 5.91 4.02 2.41 1.98 1.97 4.23 5.99 6.42 6.86 7.37 7.59 6.06 5.69 5.40 6.13 7.74 8.10 7.52 7.08 7.30 10.86 12.47 14.31 18.34 21.97 21.68 20.66 18.91 18.83 18.83 17.08 16.06 14.82 13.14 11.24 6.20 2.56 0.44 0.58 0.51 0.73 1.61 1.68 1.39 2.48 4.53 5.91 3.94 0.00 0.00 6.42 6.42 5.40 0.00 0.00 0.00 0.00 0.00 0.00 1.39 1.68 0.00 0.00 0.00 0.95 0.00 0.37 0.88 0.44 0.00
6.86 5.99 0.00 0.00 4.74 8.47 11.24 13.71 12.45 8.98 7.15 6.72 6.50 4.09 2.41 2.12 1.68 2.48 2.48 4.53 4.60 4.67 4.74 4.53 4.96 5.91 5.69 5.55 6.79 7.66 7.15 6.64 6.42 5.77 6.28 6.13 6.35 8.98 10.56 12.19 11.83 10.51 11.46 11.46 14.67 14.82 15.62 16.64 18.32 16.79 11.02 6.06 2.12 0.00 1.24 1.75 1.68 1.83 2.04 0.00 2.77 4.16 2.77 0.00 2.77 3.14 3.50 3.43 3.43 0.00 0.00 0.00 0.00 0.00 0.00 0.00 0.00 0.00 0.00 0.00 0.66 1.10 0.22 0.29
11.24 9.64 7.88 5.62 5.26 7.88 9.86 12.45 11.83 9.78 7.45 5.77 5.04 3.43 1.68 1.97 2.77 2.04 2.04 0.00 0.00 0.00 0.00 0.00 4.31 5.84 6.28 6.06 6.94 6.64 6.57 6.28 5.69 6.35 6.13 5.11 4.45 4.23 5.69 6.50 4.89 3.80 4.45 4.45 7.15 7.96 8.76 9.93 13.87 18.03 17.37 13.65 8.10 2.85 1.31 1.90 2.48 3.14 3.65 3.94 3.94 4.02 3.36 1.39 0.80 0.66 0.95 0.00 0.00 0.00 0.00 0.00 0.00 0.00 0.00 0.00 0.00 0.00 0.00 0.00 0.00 0.00 0.00 0.00
