Wansh/Snow_depth/snowdepth-1990/winter/1991052.txt
ncols 321
nrows 161
xllcenter 60
yllcenter 15 
cellsize  0.25 
NODATA_value -1
[rows 0 to 36 of 161, columns 168 to 251 of 321]
11.32 9.13 7.66 7.52 7.37 7.74 8.03 8.25 7.52 7.52 7.66 7.74 8.32 7.81 7.52 8.03 8.61 10.95 11.24 11.24 15.33 15.11 14.45 14.16 14.60 13.80 11.02 4.82 7.08 4.89 0.00 0.00 4.82 14.53 15.91 15.91 15.33 14.82 15.33 16.86 16.50 15.40 15.26 18.25 19.13 21.17 22.12 22.63 21.39 18.25 16.13 14.97 15.91 18.25 18.69 19.64 21.97 23.07 23.73 23.87 23.87 23.36 23.51 24.60 25.84 27.23 28.18 28.03 26.13 23.58 22.92 23.14 23.00 22.70 22.70 23.58 25.26 25.84 25.40 24.75 23.94 21.90 20.81 21.02
12.78 10.73 8.83 8.40 7.45 6.57 6.94 7.30 7.59 7.59 7.96 7.96 7.96 8.40 8.83 8.83 10.29 13.14 9.42 14.02 15.04 14.24 14.09 14.31 14.67 13.14 7.81 0.00 0.00 0.00 0.00 0.00 11.24 13.80 14.75 14.75 13.72 13.72 15.04 18.61 20.15 19.13 19.56 20.29 20.95 21.90 20.73 19.42 18.61 17.08 15.91 16.21 17.67 19.71 20.22 20.81 21.75 22.92 23.73 24.38 24.38 24.82 25.19 25.48 25.70 25.26 26.28 26.65 25.84 24.31 23.21 23.58 23.87 23.29 21.97 22.48 23.00 23.29 23.36 21.90 20.37 17.96 15.99 15.33
15.33 14.24 12.70 12.05 11.02 10.59 8.32 7.15 7.37 7.37 7.96 8.32 8.40 8.10 8.98 10.44 11.39 12.70 13.29 12.34 15.55 15.04 14.02 14.60 14.16 10.59 0.00 0.00 0.00 0.00 0.00 3.72 0.00 13.72 14.24 14.24 13.29 13.65 17.74 20.73 21.68 21.24 20.51 20.44 20.44 19.20 18.25 17.23 16.64 15.48 15.77 16.86 18.32 19.42 19.64 19.64 18.98 19.78 21.10 23.00 23.00 24.82 25.55 24.09 23.51 23.36 24.09 23.80 23.07 21.68 21.83 22.34 22.78 21.68 20.59 19.05 18.98 19.42 18.98 18.69 17.89 17.08 16.43 15.91
15.33 14.24 12.70 12.05 11.02 10.59 8.32 7.15 7.37 7.37 7.96 8.32 8.40 8.10 8.98 10.44 11.39 12.70 13.29 12.34 15.55 15.04 14.02 14.60 14.16 10.59 0.00 0.00 0.00 0.00 0.00 3.72 0.00 13.72 14.24 14.24 13.29 13.65 17.74 20.73 21.68 21.24 20.51 20.44 20.44 19.20 18.25 17.23 16.64 15.48 15.77 16.86 18.32 19.42 19.64 19.64 18.98 19.78 21.10 23.00 23.00 24.82 25.55 24.09 23.51 23.36 24.09 23.80 23.07 21.68 21.83 22.34 22.78 21.68 20.59 19.05 18.98 19.42 18.98 18.69 17.89 17.08 16.43 15.91
17.37 16.57 15.48 14.31 13.72 13.43 11.53 8.40 7.96 7.96 8.32 9.20 9.78 10.80 11.53 13.58 15.04 14.38 14.38 14.38 15.11 13.94 13.58 12.70 8.91 0.00 0.00 0.00 0.00 0.00 4.02 9.71 11.53 10.73 12.41 12.41 14.02 16.13 17.30 19.42 18.69 18.47 18.10 17.67 16.94 16.64 17.16 17.81 17.16 16.21 15.84 16.79 17.67 18.47 18.03 17.81 18.40 19.27 20.81 22.41 22.41 23.58 24.16 23.29 22.41 21.17 21.02 20.95 21.02 20.73 19.93 19.27 19.20 18.98 18.32 17.01 17.01 17.96 19.27 20.00 20.00 19.64 19.64 20.08
20.51 20.00 18.32 17.23 17.01 16.64 15.26 12.92 10.88 10.88 10.44 12.48 13.58 13.94 14.67 14.60 14.53 13.94 12.05 11.24 10.22 11.61 8.03 2.19 0.00 0.00 0.00 0.00 0.00 3.29 8.54 12.12 11.61 11.97 11.24 11.24 16.43 17.52 18.03 16.86 15.18 15.84 16.35 15.99 15.77 15.91 15.77 15.70 16.35 16.06 16.43 17.59 18.40 18.54 17.96 16.94 17.30 18.40 19.42 20.44 20.44 21.97 23.14 23.21 21.61 19.05 18.32 16.86 17.16 17.01 16.28 17.16 17.37 17.16 16.50 16.64 17.01 17.45 18.83 20.66 21.02 21.02 21.32 21.90
22.48 24.02 23.14 21.46 19.78 18.98 18.98 17.96 16.06 16.06 14.09 14.16 14.31 16.86 17.08 16.21 14.02 11.83 7.96 6.64 6.50 0.00 7.01 0.00 0.00 0.00 0.00 0.00 5.26 10.29 12.56 14.53 14.82 16.13 18.69 18.69 15.26 19.64 17.59 14.82 14.24 14.67 16.06 16.13 16.72 16.86 16.86 16.57 17.01 16.86 17.37 18.40 17.89 16.94 16.57 15.70 15.62 15.55 16.43 17.45 17.45 18.03 18.18 18.32 17.74 16.06 14.31 13.51 14.75 14.60 14.09 14.38 14.82 15.04 15.40 14.97 15.04 15.91 16.79 19.54 23.28 24.91 24.92 27.70
22.48 24.02 23.14 21.46 19.78 18.98 18.98 17.96 16.06 16.06 14.09 14.16 14.31 16.86 17.08 16.21 14.02 11.83 7.96 6.64 6.50 0.00 7.01 0.00 0.00 0.00 0.00 0.00 5.26 10.29 12.56 14.53 14.82 16.13 18.69 18.69 15.26 19.64 17.59 14.82 14.24 14.67 16.06 16.13 16.72 16.86 16.86 16.57 17.01 16.86 17.37 18.40 17.89 16.94 16.57 15.70 15.62 15.55 16.43 17.45 17.45 18.03 18.18 18.32 17.74 16.06 14.31 13.51 14.75 14.60 14.09 14.38 14.82 15.04 15.40 17.30 20.74 22.90 23.00 33.21 38.44 33.15 32.06 28.74
17.96 21.17 23.29 23.29 21.53 19.35 18.03 17.59 17.01 17.01 16.86 17.23 16.57 16.21 16.43 14.67 11.83 7.52 0.37 0.00 0.00 0.00 0.00 0.00 0.00 0.00 1.46 7.59 10.07 11.90 12.85 14.02 15.48 16.94 18.91 18.91 19.71 20.66 15.84 14.09 13.94 14.75 16.79 17.52 18.32 18.03 17.23 17.89 19.64 19.93 19.64 18.76 17.23 16.06 14.97 14.02 14.02 13.87 14.45 15.33 15.33 14.67 14.16 13.58 12.34 12.34 12.26 11.83 12.85 13.21 13.43 13.29 13.07 12.94 15.82 19.28 22.26 21.57 18.93 24.25 24.76 24.27 23.11 25.57
11.61 14.75 17.23 18.83 19.05 17.89 16.06 14.45 15.11 15.11 15.91 16.06 15.77 14.60 10.80 6.35 1.31 0.00 0.00 0.00 0.00 0.00 0.00 0.00 0.00 7.59 10.66 12.19 12.19 11.75 13.07 13.58 13.65 13.72 14.75 14.75 15.11 15.33 16.94 12.34 13.29 15.62 16.72 17.67 17.37 16.43 16.28 17.08 17.23 18.40 18.18 17.01 15.70 14.67 14.31 13.43 12.70 12.56 12.34 11.90 11.90 11.90 11.97 11.10 11.61 11.75 10.73 10.59 10.80 11.17 11.75 11.90 12.75 16.41 17.93 17.84 18.62 19.81 22.34 20.49 18.83 19.40 23.08 23.19
8.83 9.05 10.15 13.36 15.48 16.79 17.16 16.21 14.89 14.89 13.87 12.12 9.71 6.79 0.95 0.00 0.00 0.00 0.00 0.00 0.00 2.63 5.18 8.25 9.93 9.42 11.61 12.05 12.19 11.24 11.46 10.15 9.05 9.71 10.51 10.51 10.88 11.61 12.34 11.90 13.94 15.62 15.18 14.02 13.21 13.14 13.14 13.80 13.94 15.33 15.40 15.40 14.67 14.82 14.16 13.29 12.26 12.48 11.90 11.17 11.17 11.39 11.46 10.80 10.88 10.37 10.29 10.66 10.51 9.93 9.93 10.22 11.16 10.82 10.61 15.31 20.30 20.09 17.34 18.51 19.64 20.98 18.73 18.83
8.83 9.05 10.15 13.36 15.48 16.79 17.16 16.21 14.89 14.89 13.87 12.12 9.71 6.79 0.95 0.00 0.00 0.00 0.00 0.00 0.00 2.63 5.18 8.25 9.93 9.42 11.61 12.05 12.19 11.24 11.46 10.15 9.05 9.71 10.51 10.51 10.88 11.61 12.34 11.90 13.94 15.62 15.18 14.02 13.21 13.14 13.14 13.80 13.94 15.33 15.40 15.40 14.67 14.82 14.16 13.29 12.26 12.48 11.90 11.17 11.17 11.39 11.46 10.80 10.88 10.37 10.29 10.66 10.51 9.93 9.93 10.22 10.88 10.66 10.29 14.22 18.09 18.60 18.49 19.21 19.64 20.52 20.57 20.15
11.97 10.66 9.27 8.40 9.20 9.27 8.91 7.59 7.52 7.52 6.64 0.95 0.00 0.00 0.00 0.00 0.00 0.00 4.53 7.52 7.52 8.32 7.88 8.61 8.98 8.83 9.56 9.27 9.42 8.69 8.18 8.25 7.66 9.05 9.71 9.71 10.88 11.75 12.26 12.92 12.70 12.63 11.53 10.51 9.78 8.40 8.76 9.93 11.61 13.65 14.45 13.94 12.99 12.78 13.29 13.43 12.19 12.41 12.78 12.78 12.78 12.26 12.48 12.41 11.24 11.39 11.02 10.66 10.73 10.22 9.93 10.15 10.73 10.80 11.31 14.89 18.05 17.56 18.97 20.59 20.07 21.47 22.46 20.63
14.60 14.45 12.78 11.24 9.42 7.30 4.89 0.44 0.00 0.00 0.00 0.00 0.00 0.00 0.00 0.00 0.00 3.58 6.64 8.61 8.40 8.03 7.45 6.72 6.72 6.50 8.47 7.30 8.32 8.98 8.69 8.47 8.47 8.91 9.71 9.71 10.73 11.75 12.19 12.41 10.88 11.39 9.56 8.25 8.25 7.74 8.61 9.27 9.78 10.59 10.66 10.80 10.37 10.44 11.24 12.34 13.36 12.92 12.56 12.56 12.56 12.85 14.31 13.94 13.58 14.02 13.94 13.29 12.05 11.17 11.24 11.90 11.39 13.12 16.82 18.14 17.16 19.86 22.57 18.71 21.44 20.72 21.20 20.84
14.53 14.82 14.82 13.87 12.85 11.46 9.71 6.79 0.80 0.80 0.00 0.00 0.29 0.00 1.61 3.80 5.18 6.64 7.81 8.18 8.76 6.86 6.35 7.66 6.94 6.86 6.94 6.64 7.74 8.76 8.32 7.88 8.40 9.34 10.00 10.00 10.37 11.39 12.26 11.53 10.29 9.27 10.44 7.37 7.81 8.61 9.42 9.34 9.13 8.91 8.98 8.18 8.25 8.98 9.93 11.46 14.02 13.72 13.14 13.21 13.21 13.58 14.89 14.82 14.02 13.80 13.80 13.36 11.83 11.97 13.21 13.14 14.36 17.92 17.75 19.91 20.29 23.14 22.04 21.34 20.68 20.19 21.85 19.67
17.81 16.79 14.97 14.53 14.24 14.24 14.09 14.16 12.05 12.05 10.80 8.98 8.32 8.18 7.52 6.64 7.15 7.23 7.37 7.59 7.88 8.32 7.01 8.18 7.88 8.25 8.61 8.91 8.61 8.40 8.54 8.91 10.15 10.29 9.78 9.78 10.07 11.02 10.37 9.42 9.05 9.27 8.25 7.88 10.29 10.29 9.34 8.69 8.98 7.96 6.72 6.13 6.28 7.23 9.78 11.83 14.31 15.84 15.04 13.94 13.94 13.58 13.72 12.41 12.26 11.68 11.02 10.44 10.00 11.10 13.65 15.50 18.16 19.17 20.13 18.50 21.90 21.57 22.66 22.64 21.55 22.17 19.11 17.89
17.81 16.79 14.97 14.53 14.24 14.24 14.09 14.16 12.05 12.05 10.80 8.98 8.32 8.18 7.52 6.64 7.15 7.23 7.37 7.59 7.88 8.32 7.01 8.18 7.88 8.25 8.61 8.91 8.61 8.40 8.54 8.91 10.15 10.29 9.78 9.78 10.07 11.02 10.37 9.42 9.05 9.27 8.25 7.88 10.29 10.29 9.34 8.69 8.98 7.96 6.72 6.13 6.28 7.23 9.78 11.83 14.31 15.84 15.04 13.94 13.94 13.58 13.72 12.41 12.26 11.68 11.02 10.44 10.00 11.10 13.65 19.04 17.02 20.84 18.08 22.89 22.22 23.85 23.11 20.42 20.83 19.06 20.78 20.31
15.26 17.52 17.23 15.40 15.55 15.04 13.94 14.02 14.60 14.60 13.72 12.05 10.73 10.00 8.98 9.27 9.34 9.49 10.15 9.34 9.42 9.20 8.69 9.71 9.93 9.34 9.78 9.49 9.05 9.20 9.71 10.44 11.02 10.66 10.44 10.44 11.02 11.17 10.00 9.71 10.22 9.78 11.02 10.88 12.05 8.25 7.15 5.99 6.50 5.26 4.16 4.38 5.77 7.30 8.69 11.39 13.87 15.11 14.53 13.51 13.51 11.32 10.80 9.78 9.13 8.83 8.10 7.81 8.61 10.66 14.98 17.76 21.54 20.84 21.49 25.34 24.41 22.24 22.04 25.12 22.10 21.60 20.84 17.22
12.78 16.79 19.05 19.13 17.52 16.72 14.89 13.14 12.78 12.78 12.63 13.58 14.89 14.97 14.53 12.48 11.39 11.10 11.24 11.46 11.02 9.86 9.71 9.86 9.86 8.98 8.83 8.91 9.34 9.56 9.93 10.29 10.80 10.22 10.37 10.37 10.22 10.00 10.22 10.44 10.73 10.44 10.59 8.03 9.86 4.23 4.23 4.45 4.09 3.72 3.07 4.31 5.62 6.50 7.15 8.47 10.29 12.34 12.63 11.97 11.97 10.00 9.42 8.47 7.08 6.42 6.64 7.81 8.32 10.71 15.04 19.39 22.01 23.30 25.18 25.02 24.21 23.73 23.87 26.13 22.32 22.16 19.34 19.02
13.51 13.51 14.16 15.62 17.23 15.99 15.26 13.94 13.58 13.58 14.31 14.75 17.01 17.89 17.37 15.62 12.56 11.68 11.17 11.97 11.61 12.05 9.78 10.37 9.05 8.10 8.40 8.40 8.47 9.27 10.29 9.56 11.75 10.80 9.86 9.86 10.15 10.80 10.95 10.95 10.73 9.93 8.25 5.04 4.31 4.60 4.96 5.18 4.96 3.72 3.50 4.96 5.84 6.20 5.40 5.99 8.03 10.66 11.10 10.59 10.59 10.15 10.73 10.66 8.54 7.59 7.52 7.96 8.98 12.05 16.06 20.51 24.24 25.62 25.99 27.29 28.23 29.52 29.67 26.05 24.96 20.38 16.94 18.59
11.39 12.85 14.31 13.80 13.36 12.63 12.05 12.12 13.51 13.51 15.40 17.67 18.83 18.83 17.23 14.24 12.99 10.95 10.44 11.68 12.05 11.75 9.64 10.37 9.05 7.74 8.10 7.88 7.30 8.47 11.02 13.58 11.75 11.90 10.51 10.51 11.68 12.05 10.22 8.91 8.69 7.88 5.99 4.45 5.26 5.33 5.48 3.58 2.70 2.70 3.21 4.38 5.62 5.48 4.31 6.64 10.07 12.41 12.78 12.48 12.48 11.61 11.97 10.44 7.88 7.59 8.54 9.56 11.17 13.80 18.91 21.83 25.19 26.94 28.97 30.54 35.34 30.24 31.56 27.76 26.62 18.07 17.01 13.52
7.59 10.07 12.99 14.97 14.24 12.05 10.88 11.61 11.32 11.32 12.41 14.75 17.45 20.08 18.18 14.67 11.24 11.32 11.46 11.17 10.51 9.78 9.86 9.56 8.76 8.18 8.98 8.98 9.20 10.07 13.21 15.48 13.58 13.21 12.70 12.70 13.07 11.61 7.74 6.79 6.35 5.48 5.11 5.18 5.04 3.80 1.90 2.70 1.90 1.75 2.77 5.26 6.72 7.81 7.59 10.07 12.56 15.40 15.62 14.75 14.75 11.10 9.32 5.69 5.11 6.35 8.25 10.44 12.92 15.11 17.89 21.17 24.31 26.57 28.97 29.20 36.50 31.47 32.90 24.98 18.46 16.13 16.26 13.93
7.59 10.07 12.99 14.97 14.24 12.05 10.88 11.61 11.32 11.32 12.41 14.75 17.45 20.08 18.18 14.67 11.24 11.32 11.46 11.17 10.51 9.78 9.86 9.56 8.76 8.18 8.98 8.98 9.20 10.07 13.21 15.48 13.58 13.21 12.70 12.70 13.07 11.61 7.74 6.79 6.35 5.48 5.11 5.18 5.04 3.80 1.90 2.70 1.90 1.75 2.77 5.26 6.72 7.81 7.59 10.07 12.56 15.40 15.62 14.75 14.75 11.10 9.32 5.69 5.11 6.35 8.25 10.44 12.92 15.11 17.89 21.17 24.31 26.57 27.81 29.36 28.35 27.68 27.56 29.08 22.57 16.48 12.74 12.85
3.50 5.48 8.98 11.02 11.68 12.26 11.32 10.80 10.73 10.73 9.78 10.88 11.24 13.58 14.45 13.29 12.63 12.85 12.70 12.85 11.68 11.24 10.15 10.37 9.71 10.07 9.56 10.44 12.63 13.51 14.97 14.09 12.05 12.85 9.20 9.20 8.83 7.30 7.23 7.15 7.01 7.74 7.08 6.20 5.55 3.80 2.92 2.56 2.19 2.34 3.65 6.28 8.69 9.64 10.73 11.68 12.85 15.33 15.84 11.53 11.53 7.23 2.41 0.00 2.34 5.55 8.40 10.29 12.34 14.67 16.13 17.89 21.24 25.55 26.57 26.34 27.28 36.29 33.73 26.03 21.35 13.43 10.64 10.52
3.50 4.09 6.50 8.47 8.61 9.34 9.56 9.93 10.80 10.80 11.17 10.44 11.17 12.70 14.09 14.75 14.89 15.11 15.62 14.67 13.58 12.56 11.46 11.02 12.19 11.53 11.90 15.04 17.37 16.35 15.48 13.43 11.32 8.76 8.91 8.91 8.54 8.47 9.20 10.15 10.07 8.40 7.01 5.62 4.96 3.72 1.68 1.10 1.83 2.63 2.99 5.62 8.32 11.02 11.97 12.41 11.75 10.37 8.40 3.87 3.87 0.88 0.00 0.00 1.31 5.55 9.34 11.83 13.58 15.77 17.16 18.03 21.02 26.72 29.13 29.20 28.17 28.93 30.23 24.16 21.41 11.55 11.09 10.61
3.65 3.65 4.45 5.62 5.84 5.33 6.35 7.45 8.32 8.32 9.93 11.61 11.61 12.78 16.50 17.16 18.61 18.47 17.67 17.01 15.55 13.43 13.43 12.19 14.53 14.53 15.18 17.23 19.20 18.61 16.21 13.36 11.75 9.49 9.13 9.13 9.05 11.90 13.07 12.70 11.68 9.20 6.64 2.85 1.83 0.80 0.07 0.00 0.00 0.73 0.00 3.65 5.11 5.48 6.28 6.86 5.62 4.09 1.10 0.00 0.00 0.00 0.00 1.46 4.09 7.59 10.59 13.87 15.18 16.13 17.89 20.37 23.94 28.61 30.39 32.96 31.97 24.19 23.59 20.78 15.13 12.24 10.32 7.87
2.99 2.56 2.48 2.70 2.48 1.68 1.97 4.02 6.64 6.64 8.76 9.86 10.59 13.07 14.45 15.99 18.03 19.13 19.20 18.03 16.72 15.33 15.40 14.67 17.74 16.64 17.37 18.76 20.44 19.93 17.37 15.70 14.67 13.65 13.65 13.65 11.68 12.85 16.06 13.80 11.61 7.66 4.82 2.41 1.02 0.00 0.00 0.00 0.00 0.00 0.00 0.00 0.00 1.97 2.26 2.34 1.61 1.24 1.24 1.61 1.61 2.77 4.82 5.26 7.96 10.51 13.94 15.99 16.72 18.03 20.73 22.63 25.51 29.13 31.89 32.64 30.16 26.97 19.39 14.71 10.64 8.74 8.20 5.02
1.24 1.90 1.97 0.73 0.37 0.07 1.02 2.41 4.16 4.16 6.79 8.10 10.37 12.12 13.94 14.38 13.07 13.72 14.09 14.60 15.04 14.97 15.40 16.21 16.79 18.91 20.08 20.44 19.35 17.45 16.64 17.96 18.25 17.37 18.18 18.18 18.61 17.96 15.33 11.17 8.69 6.35 6.50 4.45 3.50 2.77 2.99 2.41 1.75 1.10 0.15 0.00 0.00 0.00 0.00 2.48 1.97 2.63 3.87 4.74 4.74 7.08 8.40 7.81 8.76 13.43 16.28 17.96 18.83 20.29 23.21 26.45 30.49 28.00 29.87 31.70 24.03 20.20 16.47 10.34 6.85 5.15 4.19 1.25
1.24 1.90 1.97 0.73 0.37 0.07 1.02 2.41 4.16 4.16 6.79 8.10 10.37 12.12 13.94 14.38 13.07 13.72 14.09 14.60 15.04 14.97 15.40 16.21 16.79 18.91 20.08 20.44 19.35 17.45 16.64 17.96 18.25 17.37 18.18 18.18 18.61 17.96 15.33 11.17 8.69 6.35 6.50 4.45 3.50 2.77 2.99 2.41 1.75 1.10 0.15 0.00 0.00 0.00 0.00 2.48 1.97 2.63 3.87 4.74 4.74 7.08 8.40 7.81 8.76 13.43 16.28 17.96 18.83 20.29 23.33 26.17 27.57 31.20 31.87 36.99 27.90 19.55 17.21 10.04 7.25 6.11 3.82 1.06
0.29 0.80 0.00 1.24 0.00 0.00 0.00 1.83 4.96 4.96 7.59 8.10 9.71 11.53 11.68 11.90 11.53 10.73 10.15 11.10 10.80 12.41 13.07 13.58 18.25 18.32 20.59 20.29 18.25 15.77 15.62 16.86 17.45 16.94 16.50 16.50 16.28 15.18 17.37 10.15 10.80 11.02 11.97 11.61 10.80 9.86 7.81 6.20 4.45 3.14 0.00 0.00 0.00 2.34 3.07 3.80 3.80 4.96 7.81 9.20 9.24 9.76 11.08 10.15 13.36 17.74 21.75 22.41 22.30 23.15 26.18 28.02 33.57 36.70 35.26 30.71 21.96 13.64 12.04 6.65 3.90 3.05 0.64 0.00
1.17 0.73 1.53 0.95 0.00 0.00 0.00 0.22 1.68 1.68 3.58 6.13 7.23 8.98 10.00 11.97 12.63 13.80 13.43 11.75 10.95 10.95 12.34 14.09 17.37 17.52 19.93 18.03 16.86 14.97 15.04 15.26 14.67 12.85 13.21 13.21 13.21 13.07 12.05 11.97 15.18 14.45 15.77 16.72 14.89 12.63 10.73 9.56 7.74 5.84 4.53 4.23 4.74 5.11 5.99 5.84 6.64 8.69 12.34 13.58 13.58 14.53 14.97 15.77 19.20 21.53 23.43 24.82 25.19 26.28 28.11 30.33 34.86 36.89 29.77 17.87 9.90 5.54 5.21 4.65 2.71 0.80 0.00 0.00
1.68 2.04 1.46 0.22 0.07 0.00 0.07 0.22 0.00 0.00 0.00 0.00 0.00 5.91 8.61 12.78 14.60 15.26 15.18 13.72 12.41 11.83 13.72 15.62 16.64 15.55 19.71 18.03 18.98 18.03 16.79 15.84 14.53 14.45 13.29 13.29 13.07 13.29 14.24 14.31 13.87 13.07 13.43 14.09 12.99 12.48 9.93 7.66 7.52 7.37 7.23 8.25 9.05 8.69 9.56 8.61 10.07 12.26 14.89 17.30 17.30 17.23 18.03 19.71 20.08 20.08 20.00 23.07 26.65 27.30 28.18 30.58 33.29 30.15 21.12 14.36 7.30 4.57 3.50 2.98 1.42 0.00 0.00 0.00
0.95 0.37 0.07 0.00 0.00 0.00 0.00 0.15 0.15 0.15 0.00 0.00 0.00 0.00 2.26 5.91 11.83 12.99 13.80 13.58 14.60 15.33 16.21 20.44 21.61 21.61 22.48 22.05 22.05 21.32 20.00 17.16 15.99 15.40 14.45 14.45 12.12 11.83 12.19 10.73 12.63 8.40 7.66 7.66 8.54 8.03 6.57 5.62 7.01 7.96 8.40 9.34 10.07 8.98 9.13 10.00 11.17 13.43 17.30 19.78 19.78 19.42 19.42 19.27 20.37 21.02 19.13 21.83 25.40 26.79 28.11 28.02 29.84 23.06 15.05 8.04 5.76 2.96 1.98 1.43 0.00 0.00 0.00 0.00
0.15 0.00 0.00 0.00 0.00 0.00 0.00 0.00 0.00 0.00 0.00 0.00 0.00 0.00 0.00 1.31 3.94 7.23 8.61 10.66 12.99 15.04 17.74 18.54 20.88 23.65 21.97 21.24 20.29 18.54 17.37 16.43 15.11 14.60 12.92 12.92 11.17 9.20 7.23 5.11 4.96 6.50 5.18 4.74 5.62 4.96 5.26 6.64 8.76 9.78 10.44 10.44 11.02 10.22 10.66 11.83 13.43 15.40 18.18 19.27 19.27 18.54 17.59 18.98 20.66 19.71 17.67 19.71 24.02 26.21 27.67 26.50 22.22 14.68 8.65 5.91 3.78 2.38 1.42 0.00 0.00 0.00 0.00 0.00
0.00 0.00 0.00 0.00 0.00 0.00 0.00 0.00 0.00 0.00 0.00 0.00 0.00 0.00 0.00 0.00 0.00 2.04 4.96 7.59 9.93 11.32 12.99 14.67 14.45 20.81 14.67 18.32 14.75 13.07 10.15 10.29 9.93 9.93 8.54 8.54 8.10 7.01 4.67 3.58 4.02 2.77 4.23 5.11 5.99 5.33 6.79 8.76 9.56 10.66 11.02 12.05 12.85 12.48 12.34 13.80 15.33 16.28 16.57 16.79 16.79 15.70 15.62 17.08 17.96 18.47 18.47 21.17 23.87 25.92 25.62 21.79 17.58 11.02 6.12 4.29 3.39 1.64 0.26 0.00 0.00 0.00 0.00 0.00
0.00 0.00 0.00 0.00 0.00 0.00 0.00 0.00 0.00 0.00 0.00 0.00 0.00 0.00 0.00 0.00 0.00 2.04 4.96 7.59 9.93 11.32 12.99 14.67 14.45 20.81 14.67 18.32 14.75 13.07 10.15 10.29 9.93 9.93 8.54 8.54 8.10 7.01 4.67 3.58 4.02 2.77 4.23 5.11 5.99 5.33 6.79 8.76 9.56 10.66 11.02 12.05 12.85 12.48 12.34 13.80 15.33 16.28 16.57 16.79 16.79 15.70 15.62 17.08 17.96 18.47 18.47 21.17 23.87 25.92 25.62 21.68 17.31 10.86 6.12 4.49 3.02 1.58 0.25 0.00 0.00 0.00 0.00 0.00
0.15 0.00 0.00 0.00 0.00 0.00 0.00 0.00 0.00 0.00 0.00 0.00 0.00 1.39 0.00 0.00 0.00 0.00 2.19 4.82 6.28 6.57 6.64 8.47 9.13 12.92 9.78 8.10 11.61 5.18 4.89 4.23 4.23 4.89 4.16 4.16 4.89 5.33 4.96 5.40 6.42 7.52 4.82 5.33 5.04 5.91 7.23 7.45 8.47 8.69 9.42 10.44 11.53 12.41 11.97 12.48 13.36 13.72 15.33 16.43 16.43 15.48 16.21 16.35 15.70 16.57 17.52 19.93 22.56 23.65 22.34 19.35 14.53 9.14 5.43 3.04 2.50 2.31 0.00 0.00 0.00 0.00 0.00 0.00
