Wansh/Snow_depth/snowdepth-1990/winter/1991002.txt
ncols 321
nrows 161
xllcenter 60
yllcenter 15 
cellsize  0.25 
NODATA_value -1
[rows 76 to 113 of 161, columns 84 to 167 of 321]
0.80 0.37 0.15 0.00 0.88 1.97 2.19 2.04 1.75 2.12 1.75 1.68 2.56 2.04 0.00 0.00 0.00 1.68 1.68 0.00 0.00 0.00 0.00 0.00 3.36 4.16 5.48 3.36 2.26 0.00 0.00 0.00 0.00 0.00 0.00 0.00 0.00 0.00 0.00 0.00 3.14 2.56 3.87 3.87 2.77 0.80 0.22 0.22 0.58 0.73 0.44 0.37 0.00 0.00 0.22 0.29 0.15 1.02 1.10 1.68 2.04 1.68 1.02 1.02 1.24 1.47 0.37 0.37 0.37 0.73 1.68 2.12 1.46 0.37 0.00 0.00 0.00 0.00 0.00 0.00 0.00 0.00 0.00 1.81
2.12 2.26 2.26 2.77 1.90 2.12 2.26 2.12 3.29 3.87 4.16 4.82 3.87 3.80 3.36 0.00 0.00 3.58 3.58 2.77 2.99 0.00 0.00 0.00 0.00 0.00 0.00 0.00 0.00 0.00 0.00 0.00 0.00 0.00 0.00 0.00 0.00 0.00 0.00 3.72 4.09 0.00 2.85 2.85 2.04 0.58 0.00 1.24 1.97 0.73 1.17 0.58 0.88 0.95 1.46 0.88 1.10 1.68 1.46 1.83 1.97 1.61 1.24 1.31 1.61 2.12 1.39 1.17 1.17 1.46 1.46 1.39 1.68 0.66 0.00 0.00 0.00 0.00 0.00 0.00 0.00 0.00 0.44 0.81
3.58 3.43 4.02 2.99 2.99 3.43 3.43 2.77 3.07 3.58 4.23 4.82 5.11 5.11 4.67 4.23 4.38 4.16 4.16 3.50 0.00 0.00 0.00 0.00 0.00 0.00 0.00 0.00 0.00 0.00 0.00 0.00 0.00 0.00 0.00 0.00 0.00 0.00 0.00 0.00 0.00 0.00 2.26 2.26 0.00 0.66 0.00 0.00 0.00 0.00 0.00 0.00 0.00 1.39 1.68 1.10 1.39 1.10 0.58 1.61 1.39 1.39 1.53 1.02 1.24 1.53 1.97 1.90 1.90 1.31 0.66 0.15 1.10 1.10 0.66 0.00 0.00 0.00 0.00 0.00 0.00 0.44 0.00 2.08
6.13 5.91 5.55 5.04 4.82 5.04 4.89 3.87 3.87 3.14 3.87 4.45 4.45 4.31 0.00 4.02 3.87 0.00 0.00 0.00 0.00 0.00 0.00 0.00 0.00 0.00 0.00 0.00 0.00 0.00 0.00 0.00 0.00 0.00 0.00 0.00 0.00 0.00 0.00 0.00 0.00 0.00 0.00 0.00 0.00 0.00 0.00 0.00 0.00 0.00 0.00 0.00 0.00 0.00 0.88 0.95 0.73 0.37 0.00 0.95 1.10 1.46 1.68 1.46 0.80 0.15 0.58 0.44 0.44 1.39 0.00 0.00 0.15 0.80 0.44 0.00 0.00 0.00 0.00 0.00 0.00 0.00 0.00 2.35
6.20 5.55 5.84 5.69 5.40 5.55 4.82 5.04 4.31 4.09 0.00 2.70 3.07 3.36 0.00 0.00 3.80 3.72 3.72 4.16 0.00 0.00 0.00 0.00 0.00 3.72 3.72 0.00 0.00 0.00 0.00 0.00 0.00 0.00 0.00 0.00 0.00 0.00 0.00 0.00 0.00 0.00 0.00 0.00 0.00 0.00 0.00 0.00 0.00 0.00 0.00 0.00 0.00 0.00 0.29 0.00 0.00 0.07 0.73 1.53 0.95 1.83 1.97 1.39 0.00 0.00 0.00 0.00 0.00 0.00 0.00 0.00 0.29 1.46 2.26 0.81 0.00 0.00 0.00 0.00 0.00 0.00 0.00 0.88
2.92 3.80 5.40 5.18 4.53 5.55 5.18 4.31 4.38 4.02 3.72 0.00 3.14 3.43 0.00 0.00 3.87 0.00 0.00 0.00 0.00 2.04 0.00 2.99 3.58 5.04 3.87 3.07 3.43 0.00 0.00 0.00 0.00 0.00 0.00 0.00 0.00 0.00 0.00 0.00 0.00 0.00 0.00 0.00 0.00 0.00 0.00 0.00 0.00 0.00 0.00 0.00 0.88 0.00 0.00 0.00 0.00 0.37 0.58 1.17 1.02 1.24 0.51 1.17 0.00 0.00 0.00 0.00 0.00 0.00 0.00 0.00 0.95 3.80 4.89 2.79 1.18 0.00 0.00 0.00 0.00 0.00 0.00 0.44
2.92 3.50 5.26 4.31 3.87 5.26 4.45 3.72 3.14 3.14 3.58 4.02 3.87 3.80 3.94 4.02 3.94 4.45 4.45 3.94 1.68 0.00 0.00 2.41 3.65 3.72 4.02 3.87 2.63 0.00 0.00 0.00 0.00 0.00 0.00 2.99 4.67 6.86 4.38 0.00 0.00 0.00 0.00 0.00 0.00 0.00 0.00 0.00 0.00 0.00 0.00 0.00 0.07 0.00 0.00 0.00 0.00 0.51 0.51 0.80 1.61 0.66 0.66 0.95 0.80 0.00 0.00 0.00 0.00 0.00 0.00 0.00 1.24 3.14 6.50 5.33 2.48 0.00 0.00 0.00 0.00 0.00 0.00 0.00
5.18 4.60 6.42 6.64 4.96 4.67 4.16 3.14 3.07 2.34 2.99 0.00 3.65 4.67 4.31 4.09 4.02 4.38 4.38 3.87 2.77 2.19 0.88 1.90 3.07 3.21 3.43 2.26 3.07 0.00 0.00 0.00 0.00 0.00 0.00 2.77 4.96 7.01 4.89 1.97 1.68 0.00 0.00 0.00 0.00 0.00 0.00 0.00 0.00 0.00 0.00 0.00 0.00 0.00 0.00 0.00 0.22 1.10 1.02 0.73 1.75 1.02 1.68 0.95 1.10 0.00 0.00 0.07 0.07 0.22 0.29 0.00 0.00 1.24 5.91 7.08 4.23 1.75 0.00 0.00 0.00 0.00 0.00 0.00
4.89 4.82 5.11 6.28 6.42 4.53 3.65 3.87 3.87 4.16 4.16 0.00 4.45 4.53 5.55 4.74 4.67 4.09 4.09 3.58 3.58 2.56 1.83 2.77 2.48 3.14 2.63 3.07 2.70 0.00 0.00 0.00 0.00 0.00 0.00 0.00 3.50 4.38 3.50 1.46 1.31 0.80 0.00 0.00 0.00 0.00 0.00 0.00 0.00 0.00 0.00 0.00 0.00 0.00 0.00 0.95 1.75 2.70 2.63 0.66 1.68 1.68 2.63 0.73 0.66 0.95 1.10 0.00 0.00 0.37 0.73 0.15 0.00 0.00 2.19 4.67 4.23 2.70 2.34 0.00 0.00 2.77 0.00 0.00
2.99 3.58 3.65 4.23 6.06 5.84 3.65 4.31 4.67 5.26 4.74 4.53 4.38 4.38 4.53 5.33 0.00 0.00 0.00 0.00 3.21 4.02 0.00 3.43 3.58 3.94 3.80 2.85 2.12 1.83 2.70 0.00 2.99 3.65 2.04 0.00 0.00 0.00 1.75 1.53 1.31 0.44 0.73 0.73 0.00 0.00 0.00 0.00 0.00 0.00 0.00 0.00 0.00 0.07 0.95 3.87 3.58 4.38 3.07 0.95 1.91 2.76 2.86 1.90 1.24 0.88 1.46 0.66 0.66 0.73 0.51 0.88 0.95 0.00 0.22 2.19 3.43 4.60 4.31 3.36 3.36 0.00 0.00 0.00
1.61 2.34 3.21 3.80 3.50 3.87 3.87 4.16 4.82 4.23 4.31 4.60 3.36 0.00 0.00 4.09 4.31 5.04 5.04 4.31 5.69 6.50 5.84 4.60 4.02 4.45 4.16 3.87 3.58 3.72 0.00 0.00 0.00 0.00 0.00 0.00 0.00 0.00 0.00 4.09 5.48 3.72 2.41 2.41 0.73 0.66 0.29 0.07 0.00 0.15 0.00 0.51 0.00 0.00 2.04 7.81 10.95 10.37 10.51 6.64 2.92 1.97 2.83 3.14 2.99 3.07 2.56 1.46 1.46 2.12 2.77 6.57 7.74 4.60 2.56 1.10 1.31 2.48 4.74 5.62 4.89 4.16 0.00 0.00
1.31 2.92 2.99 2.41 3.36 3.50 3.36 3.50 3.80 4.02 4.23 3.65 3.50 2.70 3.29 0.00 3.21 5.48 5.48 4.96 5.69 6.50 5.48 3.94 4.60 4.31 4.09 3.80 0.00 0.00 0.00 0.00 0.00 0.00 0.00 0.00 0.00 0.00 0.00 4.74 6.06 4.38 2.77 2.77 2.63 0.29 1.39 0.73 0.15 0.07 0.22 0.00 0.00 0.37 2.34 5.62 8.83 10.00 11.61 8.69 3.43 1.02 2.19 3.14 3.78 4.60 4.45 2.92 2.92 2.12 2.41 7.23 11.39 8.54 5.40 2.56 1.53 1.46 2.92 4.02 4.60 3.43 0.00 0.00
1.75 2.70 3.36 2.77 2.92 3.50 3.87 3.80 0.00 0.00 0.00 3.72 4.02 3.43 2.19 3.21 4.31 4.60 4.60 5.40 4.74 4.38 4.23 0.00 0.00 3.80 0.00 0.00 0.00 0.00 0.00 0.00 0.00 3.07 0.00 0.00 0.00 0.00 3.50 4.23 5.26 3.43 2.99 2.99 3.50 1.97 1.97 1.75 2.12 1.17 1.24 0.58 0.66 0.95 2.26 4.23 4.89 7.15 9.20 7.88 3.50 1.17 1.83 3.80 5.09 6.49 7.66 5.91 5.91 3.36 2.19 4.74 8.83 8.69 5.40 2.77 1.53 1.46 2.34 2.04 3.36 3.50 1.90 0.00
2.41 2.56 2.56 2.19 2.41 0.00 0.00 3.21 0.00 0.00 0.00 0.00 3.50 3.87 3.72 3.14 3.50 3.94 3.94 4.74 5.26 5.04 4.53 0.00 0.00 0.00 0.00 0.00 0.00 0.00 0.00 0.00 3.07 3.14 3.43 2.70 0.00 2.04 2.85 2.04 2.92 2.77 3.21 3.21 3.21 4.60 4.31 5.62 5.33 4.38 2.48 1.75 2.12 3.36 3.72 5.04 6.13 5.40 5.11 4.72 2.56 0.80 1.86 4.82 6.60 8.13 9.61 9.27 9.27 5.33 3.36 2.77 5.48 6.20 4.16 2.34 1.10 1.90 2.92 2.06 2.49 2.03 0.00 0.00
1.75 2.85 2.99 2.41 2.12 0.00 0.00 0.00 0.00 0.00 0.00 0.00 0.00 0.00 0.00 3.14 3.58 3.80 3.80 4.67 4.89 4.45 4.38 0.00 3.65 3.87 4.09 0.00 3.58 3.94 3.58 3.58 3.14 2.99 2.77 0.00 2.63 0.00 0.00 0.00 0.00 1.97 1.83 1.83 1.53 3.14 3.87 5.04 6.79 5.69 5.48 5.18 6.42 9.27 9.64 11.39 9.49 5.91 3.87 2.77 1.96 1.17 1.55 3.65 5.91 7.23 8.54 9.68 9.37 5.94 3.29 2.41 3.07 3.36 2.63 1.83 1.75 2.56 3.06 2.14 1.34 0.00 0.00 0.00
2.41 2.12 2.77 2.34 1.75 1.75 1.53 1.75 0.00 0.00 0.00 0.00 0.00 0.00 0.00 0.00 0.00 3.07 3.07 3.29 3.94 3.80 0.00 0.00 3.58 3.58 4.23 2.12 2.19 2.56 2.77 3.43 3.36 0.00 0.00 0.00 0.00 0.00 0.00 0.00 1.90 0.80 0.15 0.15 0.22 2.19 1.90 2.92 5.62 6.50 7.23 7.96 11.83 16.64 16.79 17.74 16.94 9.78 6.19 3.17 1.24 0.66 0.82 1.52 3.50 4.92 6.06 6.86 6.90 6.19 3.67 3.29 4.53 3.94 2.35 1.39 1.83 2.19 2.64 2.59 0.00 0.00 0.00 0.00
2.56 2.04 2.77 2.70 1.97 2.12 1.68 1.53 0.88 0.00 0.00 0.00 0.00 0.00 0.00 0.00 0.00 0.00 0.00 0.00 0.00 0.00 0.00 0.00 0.00 2.70 2.19 0.00 0.00 0.00 0.00 0.00 0.00 0.00 0.00 0.00 0.00 0.00 0.00 0.00 0.00 0.00 0.00 0.00 0.29 1.53 1.97 2.04 4.53 7.37 8.61 9.13 13.58 17.45 18.54 20.44 17.81 12.85 8.98 5.09 3.47 1.76 0.93 0.78 1.87 4.21 5.09 4.45 4.45 4.05 3.57 5.27 7.63 6.15 4.11 2.43 1.90 1.78 1.66 2.38 2.21 0.00 0.00 0.00
2.41 1.75 3.21 3.07 2.12 2.63 1.97 2.12 0.00 0.00 1.39 1.02 0.00 0.00 0.00 0.00 0.00 0.00 0.00 3.21 2.85 0.00 0.00 0.00 0.00 0.00 0.00 0.00 0.00 0.00 0.00 0.00 0.00 0.00 0.00 0.00 0.00 0.00 0.00 0.00 0.00 0.00 0.00 0.00 1.53 1.83 3.65 1.17 5.40 9.27 11.24 9.13 9.78 12.85 14.09 14.82 14.90 14.09 12.12 8.32 6.35 3.02 1.38 1.46 2.89 5.09 4.99 2.77 2.77 2.65 3.54 5.98 9.12 9.24 8.75 4.62 3.50 3.48 2.90 2.03 2.68 3.54 0.00 0.00
2.56 1.83 2.85 2.63 2.19 2.04 2.19 0.00 0.00 0.00 1.68 0.00 0.00 0.00 2.04 2.92 2.99 1.83 1.83 2.19 2.77 2.41 0.00 0.00 0.00 0.00 0.00 0.00 0.00 0.00 0.00 0.00 0.00 0.00 0.00 0.00 0.00 0.00 0.00 0.00 0.00 0.00 0.00 0.00 0.95 1.68 4.31 4.67 5.18 10.22 11.75 8.10 7.75 7.98 7.41 10.60 10.69 10.59 11.53 10.51 8.98 5.28 3.46 2.66 3.77 6.21 7.80 3.29 3.30 2.80 4.37 5.19 8.31 10.74 11.05 9.78 7.23 6.13 3.83 1.99 0.00 5.18 5.76 0.00
3.07 2.19 2.63 3.14 2.34 1.53 1.97 0.00 0.00 0.00 2.12 0.00 0.00 0.00 1.53 2.41 2.34 1.83 1.83 2.26 3.14 2.26 0.00 0.00 0.00 0.00 2.48 0.00 0.00 0.00 0.15 0.00 0.00 0.00 0.00 0.00 0.00 0.00 0.00 0.00 0.00 0.00 0.00 0.00 0.00 0.80 3.21 4.53 4.96 8.83 9.34 7.59 7.08 4.59 5.08 7.53 8.23 10.00 10.82 11.72 11.01 6.97 4.74 3.81 3.02 5.79 9.73 5.94 5.94 2.73 4.66 3.65 5.89 8.97 10.27 11.67 9.91 8.70 6.44 3.09 2.63 7.41 7.77 7.10
3.07 1.83 1.75 3.65 2.92 1.39 2.34 2.92 0.00 0.00 1.75 0.00 0.00 0.00 1.31 1.61 2.04 0.00 0.00 0.00 0.00 0.00 0.00 0.00 0.00 0.00 0.00 1.02 0.00 0.00 0.00 1.10 0.00 0.00 0.00 0.00 0.00 0.00 0.00 0.00 0.00 0.00 3.58 3.58 3.14 2.19 2.56 3.21 3.87 7.01 7.45 8.18 7.74 5.14 7.67 8.60 7.49 7.87 10.75 11.87 11.52 9.81 10.69 9.35 5.33 5.53 9.20 6.97 6.86 2.96 5.21 4.69 6.71 8.63 9.86 10.64 11.19 8.49 6.81 5.39 3.16 8.35 9.71 7.63
2.92 0.95 0.00 2.26 3.07 2.19 2.63 3.07 3.72 2.56 1.97 1.31 0.00 0.00 1.61 1.68 0.00 0.00 0.00 0.00 0.00 0.00 0.00 0.00 0.00 0.00 0.00 2.70 1.46 0.00 0.00 0.00 1.75 0.51 0.00 1.10 0.00 0.00 0.00 0.00 0.00 7.74 7.66 7.66 6.06 6.06 3.07 3.07 3.72 5.47 7.68 10.45 10.63 11.47 12.58 10.78 8.69 8.18 10.41 8.71 9.32 10.76 13.99 11.90 7.86 4.84 7.11 6.47 6.31 3.80 3.87 5.99 7.43 11.58 13.57 11.61 11.01 8.79 6.85 4.92 4.00 7.61 10.76 7.03
5.18 1.31 0.00 3.43 4.53 6.20 6.20 4.38 4.23 4.82 4.02 2.99 2.48 2.26 2.12 1.75 1.75 1.61 1.61 0.00 0.00 0.00 0.00 1.68 2.77 3.21 1.53 2.63 2.19 1.83 1.75 2.48 2.48 1.75 1.75 1.02 2.63 0.00 0.00 4.60 4.31 4.31 7.81 7.81 10.88 11.17 9.93 9.42 9.64 8.40 13.09 16.19 15.46 14.18 12.33 10.77 12.10 14.82 15.19 15.48 16.87 14.83 15.78 18.44 15.62 9.39 8.30 6.21 6.12 2.19 0.80 4.54 7.47 10.85 17.37 18.91 14.98 11.88 7.43 4.05 5.14 7.38 7.67 10.40
5.33 3.43 4.31 5.77 7.66 9.34 8.76 5.11 2.56 3.58 4.02 3.58 2.99 2.70 2.34 0.80 2.04 2.26 2.26 1.75 2.19 1.90 1.53 2.12 2.77 2.70 2.70 2.04 2.12 2.26 1.75 1.46 2.34 1.90 2.48 1.90 1.90 5.04 7.01 3.36 1.17 2.12 4.45 4.45 8.83 10.73 11.53 10.66 9.71 10.34 11.59 12.31 11.49 11.77 13.18 12.25 10.35 10.97 13.00 17.14 19.39 20.42 20.03 19.94 13.58 9.27 9.98 7.49 7.38 1.39 0.00 2.07 5.10 10.27 16.46 20.29 17.62 13.63 8.97 0.00 0.00 0.00 6.93 10.27
5.62 6.13 5.91 6.42 7.15 9.64 9.71 5.99 2.41 2.19 0.00 3.14 2.77 3.21 2.63 2.34 2.77 2.48 2.48 1.46 1.83 2.56 2.63 1.75 1.75 1.46 1.53 1.68 1.83 2.63 2.19 1.68 2.12 2.04 3.36 3.58 5.26 5.48 1.46 0.00 0.37 0.66 2.63 2.63 5.55 8.10 9.64 9.00 7.79 8.10 9.62 11.35 10.72 10.21 10.07 9.51 7.05 8.98 10.38 12.80 18.37 22.05 23.51 21.32 14.31 7.08 8.27 8.44 9.38 2.17 0.00 1.67 3.83 7.22 14.15 18.07 16.06 15.70 12.61 6.85 0.00 6.14 7.56 9.66
3.72 5.69 6.20 4.02 4.23 7.88 7.37 5.72 2.99 1.17 0.00 2.70 2.19 2.26 3.21 2.56 2.92 2.41 2.41 1.39 1.46 2.70 1.90 2.12 2.12 0.73 1.46 1.39 1.61 2.85 1.83 1.68 1.31 1.68 1.53 2.56 3.43 1.90 0.22 0.00 0.00 0.00 0.15 0.15 1.39 4.74 6.06 7.04 7.08 8.09 7.22 9.73 10.65 10.71 7.34 6.02 4.73 5.14 5.06 9.10 16.23 22.18 24.80 24.45 19.49 10.27 6.90 9.50 9.15 6.06 0.63 0.00 2.15 4.61 9.55 11.46 11.12 13.38 12.05 7.69 0.00 6.71 11.78 10.27
2.19 2.92 4.02 2.99 2.85 4.89 5.91 5.33 3.36 1.24 1.97 2.48 0.00 0.00 2.26 3.29 2.85 2.70 2.70 2.63 1.90 2.04 2.41 2.41 1.97 2.56 1.10 1.02 1.68 1.17 1.90 0.58 0.15 1.17 0.73 1.75 3.36 0.22 0.07 0.00 0.00 0.00 0.00 0.00 0.58 1.17 3.21 6.35 6.79 7.74 7.71 8.87 7.65 6.61 5.75 4.74 5.17 0.00 0.00 9.95 12.63 17.77 22.06 25.84 23.18 14.68 8.61 9.65 9.71 8.79 4.36 0.48 0.98 2.23 4.55 5.95 5.96 7.92 7.59 6.34 6.64 8.83 11.63 11.11
0.00 0.00 0.00 0.00 0.00 3.07 4.82 4.82 3.07 1.83 2.77 2.56 1.17 0.00 0.95 1.83 1.61 1.83 1.83 2.41 2.26 2.12 1.83 0.73 1.53 0.88 0.66 1.39 0.80 1.10 0.73 0.00 0.00 0.88 0.00 0.51 1.10 0.80 0.00 0.00 0.00 0.00 0.00 0.00 0.00 0.00 2.86 4.45 5.78 6.77 10.07 6.21 7.04 4.64 3.63 5.07 5.02 0.00 0.00 8.52 12.64 16.06 17.99 20.02 21.79 18.67 12.77 9.34 10.93 8.09 6.30 1.23 0.72 0.09 1.15 2.34 3.08 3.87 4.27 3.67 6.08 9.30 11.27 10.55
0.00 0.00 0.00 0.00 0.00 0.00 3.87 4.89 3.50 2.26 2.99 3.58 2.19 1.39 1.17 0.95 0.66 0.15 0.15 0.00 1.68 2.12 1.31 0.51 0.29 0.80 1.10 0.00 0.00 0.22 0.00 0.00 0.00 0.00 0.00 0.37 0.44 0.00 0.00 0.00 0.00 0.00 0.00 0.00 0.00 0.00 0.66 1.67 2.60 4.60 4.95 3.45 4.42 5.41 0.00 0.00 0.00 0.00 0.00 10.54 14.60 12.76 15.15 17.80 18.64 16.67 16.52 10.42 11.66 8.57 7.48 2.64 1.06 0.44 0.00 1.40 1.83 1.61 1.43 1.72 0.00 8.74 11.51 10.99
0.00 0.00 0.00 0.00 0.00 0.00 2.34 4.31 4.23 4.53 3.36 3.58 2.92 2.85 2.99 3.34 2.80 1.46 1.46 0.00 1.17 1.46 1.46 1.10 0.66 1.02 0.95 0.22 0.29 0.00 0.00 0.00 0.22 0.00 0.00 0.00 0.22 0.66 0.00 0.00 0.00 0.00 0.00 0.00 0.00 0.00 0.00 0.52 2.29 5.11 7.30 5.72 6.93 0.00 0.00 0.00 0.00 0.00 0.00 0.00 10.17 12.46 13.46 14.60 15.63 14.13 17.48 11.62 11.87 8.04 6.89 2.80 2.46 1.35 0.00 0.00 1.18 1.00 0.00 0.00 0.00 0.00 6.77 7.96
0.00 0.00 0.00 0.00 0.00 0.00 0.00 0.00 2.70 3.29 3.36 3.80 3.29 3.65 4.45 5.43 4.60 2.34 2.18 1.31 1.68 1.46 0.95 0.80 0.80 1.10 0.95 0.44 0.58 0.00 0.15 0.29 0.29 0.00 0.00 0.58 0.88 0.00 0.00 0.00 0.80 1.31 0.00 0.00 0.00 0.00 0.00 0.46 3.67 9.22 12.00 9.34 0.00 0.00 0.00 0.00 0.00 0.00 0.00 0.00 0.00 9.28 10.40 8.34 11.63 11.19 11.74 12.26 14.98 11.05 6.93 3.45 3.42 1.33 0.00 0.00 1.52 1.31 0.46 0.00 0.00 0.00 0.00 0.00
0.00 0.00 0.00 0.00 0.00 0.00 0.00 0.00 0.00 0.00 0.00 0.00 0.00 0.00 2.56 2.63 3.80 3.67 3.73 4.89 5.26 4.60 4.67 3.50 2.56 2.26 2.70 0.73 0.37 1.39 0.51 1.46 1.61 0.88 0.00 3.43 4.96 4.60 5.40 5.65 5.87 7.08 4.96 4.96 3.72 3.21 1.90 2.57 6.04 7.14 0.00 0.00 0.00 0.00 0.00 0.00 0.00 0.00 0.00 0.00 0.00 0.00 0.00 0.00 0.00 8.71 7.78 7.70 8.61 8.51 0.00 0.00 0.00 0.00 0.00 0.00 1.39 0.00 0.00 0.00 0.00 0.00 0.00 0.00
0.00 0.00 0.00 0.00 0.00 0.00 0.00 0.00 0.00 0.00 0.00 0.00 0.00 0.00 0.00 0.00 0.00 0.00 0.00 2.19 5.73 5.75 4.96 5.69 6.57 4.35 4.49 4.31 3.72 4.38 4.09 4.45 2.63 2.99 1.75 4.67 6.13 8.91 6.35 8.10 7.38 7.85 7.88 8.81 7.96 8.32 5.91 5.91 7.75 0.00 0.00 0.00 0.00 0.00 0.00 0.00 0.00 0.00 0.00 0.00 0.00 0.00 0.00 0.00 0.00 6.89 0.00 0.00 0.00 0.00 0.00 0.00 0.00 0.00 0.00 0.00 0.00 0.00 0.00 0.00 0.00 0.00 0.00 0.00
0.00 0.00 0.00 0.00 0.00 0.00 0.00 0.00 0.00 0.00 0.00 0.00 0.00 0.00 0.00 0.00 0.00 0.00 0.00 0.00 0.00 2.70 4.60 4.67 4.38 6.60 5.81 5.62 7.30 5.40 6.86 4.82 5.04 2.19 3.21 2.50 4.09 6.28 7.96 4.82 4.94 5.40 7.11 9.03 7.86 9.84 9.49 8.22 0.00 0.00 0.00 0.00 0.00 0.00 0.00 0.00 0.00 0.00 0.00 0.00 0.00 0.00 0.00 0.00 0.00 0.00 0.00 0.00 0.00 0.00 0.00 0.00 0.00 0.00 0.00 0.00 0.00 0.00 0.00 0.00 0.00 0.00 0.00 0.00
0.00 0.00 0.00 0.00 0.00 0.00 0.00 0.00 0.00 0.00 0.00 0.00 0.00 0.00 0.00 0.00 0.00 0.00 0.00 0.00 0.00 0.00 0.00 1.53 3.50 2.92 0.00 3.58 2.85 6.86 3.72 4.44 3.88 2.12 1.17 0.00 0.00 3.43 7.23 0.00 0.00 0.00 0.00 0.00 6.28 11.46 8.21 3.50 0.00 0.00 0.00 0.00 0.00 0.00 0.00 0.00 0.00 0.00 0.00 0.00 0.00 0.00 0.00 0.00 0.00 0.00 0.00 0.00 0.00 0.00 0.00 0.00 0.00 0.00 0.00 0.00 0.00 0.00 0.00 0.00 0.00 0.00 0.00 0.00
0.00 0.00 0.00 0.00 0.00 0.00 0.00 0.00 0.00 0.00 0.00 0.00 0.00 0.00 0.00 0.00 0.00 0.00 0.00 0.00 0.00 0.00 0.00 0.00 0.00 0.00 0.00 0.00 0.00 0.00 0.00 0.00 0.00 0.00 0.00 0.00 0.00 0.00 0.00 0.00 0.00 0.00 0.00 0.00 0.00 0.00 0.00 0.00 0.00 0.00 0.00 0.00 0.00 0.00 0.00 0.00 0.00 0.00 0.00 0.00 0.00 0.00 0.00 0.00 0.00 0.00 0.00 0.00 0.00 0.00 0.00 0.00 0.00 0.00 0.00 0.00 0.00 0.00 0.00 0.00 0.00 0.00 0.00 0.00
0.00 0.00 0.00 0.00 0.00 0.00 0.00 0.00 0.00 0.00 0.00 0.00 0.00 0.00 0.00 0.00 0.00 0.00 0.00 0.00 0.00 0.00 0.00 0.00 0.00 0.00 0.00 0.00 0.00 0.00 0.00 0.00 0.00 0.00 0.00 0.00 0.00 0.00 0.00 0.00 0.00 0.00 0.00 0.00 0.00 0.00 0.00 0.00 0.00 0.00 0.00 0.00 0.00 0.00 0.00 0.00 0.00 0.00 0.00 0.00 0.00 0.00 0.00 0.00 0.00 0.00 0.00 0.00 0.00 0.00 0.00 0.00 0.00 0.00 0.00 0.00 0.00 0.00 0.00 0.00 0.00 0.00 0.00 0.00
0.00 0.00 0.00 0.00 0.00 0.00 0.00 0.00 0.00 0.00 0.00 0.00 0.00 0.00 0.00 0.00 0.00 0.00 0.00 0.00 0.00 0.00 0.00 0.00 0.00 0.00 0.00 0.00 0.00 0.00 0.00 0.00 0.00 0.00 0.00 0.00 0.00 0.00 0.00 0.00 0.00 0.00 0.00 0.00 0.00 0.00 0.00 0.00 0.00 0.00 0.00 0.00 0.00 0.00 0.00 0.00 0.00 0.00 0.00 0.00 0.00 0.00 0.00 0.00 0.00 0.00 0.00 0.00 0.00 0.00 0.00 0.00 0.00 0.00 0.00 0.00 0.00 0.00 0.00 0.00 0.00 0.00 0.00 0.00
