Wansh/Snow_depth/snowdepth-1990/winter/1991021.txt
ncols 321
nrows 161
xllcenter 60
yllcenter 15 
cellsize  0.25 
NODATA_value -1
[rows 0 to 36 of 161, columns 0 to 83 of 321]
2.48 2.48 3.14 4.09 5.48 5.11 4.67 5.04 5.84 6.28 6.86 8.54 10.73 11.24 11.17 11.24 11.10 11.02 11.02 11.17 10.59 9.20 8.32 8.03 8.18 7.66 7.66 7.66 7.30 7.37 7.59 7.23 6.64 7.15 7.81 8.61 9.13 9.78 11.10 11.53 11.61 11.68 11.24 10.29 10.66 11.02 11.10 11.61 12.41 10.88 10.88 10.88 10.88 9.13 9.05 9.93 11.10 11.46 11.53 12.78 13.14 13.51 13.87 14.53 14.60 15.11 14.67 13.72 12.70 11.32 9.27 8.61 9.20 13.87 12.56 11.83 11.83 12.12 12.99 12.78 12.41 12.99 12.48 12.41
4.67 4.67 5.04 5.55 6.50 6.64 5.91 5.77 6.13 6.20 6.72 7.30 8.18 10.15 9.27 8.18 8.32 8.91 9.20 8.83 8.54 8.54 8.40 7.08 6.13 5.84 5.84 6.06 5.99 6.20 6.35 6.28 6.06 6.86 7.96 8.69 9.56 10.07 10.00 9.56 9.20 8.32 8.18 8.40 8.18 7.96 8.98 9.56 10.37 12.26 10.15 10.15 10.15 9.34 8.98 9.56 9.56 10.29 10.95 10.59 10.51 11.32 11.68 13.65 13.07 13.36 11.75 9.86 8.25 6.72 5.33 5.84 6.86 7.59 7.96 8.83 8.83 10.00 11.02 11.39 12.34 12.48 11.83 11.61
6.35 6.35 6.06 5.84 6.35 6.20 5.84 5.55 5.62 5.84 5.77 6.20 7.08 7.59 7.23 6.64 6.42 6.86 7.23 6.72 6.42 6.57 6.86 7.37 6.86 5.69 5.69 5.04 5.26 5.26 6.06 6.79 6.79 6.86 7.23 8.10 8.54 8.76 9.13 8.25 7.81 7.66 7.15 7.01 8.10 8.69 9.13 9.64 9.56 10.59 11.02 11.02 9.05 8.25 8.61 9.64 9.05 8.69 8.32 8.54 9.64 9.78 10.37 11.17 11.39 11.02 9.93 9.05 7.81 7.01 6.72 6.57 8.03 8.76 8.69 8.61 8.61 8.83 10.95 11.53 11.39 11.46 11.39 11.39
6.35 6.35 6.06 5.84 6.35 6.20 5.84 5.55 5.62 5.84 5.77 6.20 7.08 7.59 7.23 6.64 6.42 6.86 7.23 6.72 6.42 6.57 6.86 7.37 6.86 5.69 5.69 5.04 5.26 5.26 6.06 6.79 6.79 6.86 7.23 8.10 8.54 8.76 9.13 8.25 7.81 7.66 7.15 7.01 8.10 8.69 9.13 9.64 9.56 10.59 11.02 11.02 9.05 8.25 8.61 9.64 9.05 8.69 8.32 8.54 9.64 9.78 10.37 11.17 11.39 11.02 9.93 9.05 7.81 7.01 6.72 6.57 8.03 8.76 8.69 8.61 8.61 8.83 10.95 11.53 11.39 11.46 11.39 11.39
6.06 6.06 5.77 5.40 5.69 5.77 5.55 5.40 5.84 5.99 5.84 6.35 6.42 6.50 6.79 6.64 6.42 5.40 5.40 6.06 5.62 5.69 6.06 6.57 6.42 5.99 5.99 6.06 6.57 6.94 7.59 7.74 8.40 7.88 7.01 6.06 6.20 6.57 6.42 6.35 5.99 5.26 5.84 6.72 6.94 7.74 8.25 8.47 9.42 7.88 8.91 8.91 7.23 7.08 8.03 9.78 9.49 8.40 7.81 7.96 9.27 9.64 9.42 9.78 9.78 9.56 10.07 8.18 7.45 7.15 7.23 7.74 8.03 8.54 8.76 8.61 8.61 8.83 9.05 9.34 11.10 11.75 11.32 11.17
5.04 5.04 4.67 5.04 5.84 0.00 0.00 0.00 0.00 6.50 5.91 6.06 6.79 6.86 6.94 7.15 7.15 6.94 6.72 6.13 5.18 4.82 5.40 6.35 7.23 7.45 7.45 7.15 6.28 6.35 8.03 9.93 10.37 8.98 8.18 7.37 6.50 5.91 5.77 5.40 5.33 5.55 5.69 5.84 6.64 6.86 6.64 6.79 6.64 6.64 6.94 6.94 6.79 7.08 7.74 8.76 8.32 7.59 7.66 8.10 8.10 8.76 9.05 9.49 10.15 10.37 10.37 9.20 7.66 7.59 7.37 7.88 8.32 9.42 8.61 8.54 8.54 9.42 10.29 9.34 9.86 10.95 11.17 10.80
4.45 4.45 0.00 4.82 5.26 0.00 0.00 0.00 6.86 7.59 7.45 6.57 6.50 6.28 5.99 6.64 7.88 8.40 7.66 6.28 5.91 5.91 6.50 7.15 8.32 8.61 8.61 7.96 7.15 7.15 7.88 8.18 9.05 9.42 8.91 8.40 7.81 7.08 6.42 6.06 5.62 4.53 5.40 6.28 5.84 6.42 7.08 7.15 6.86 6.20 5.26 5.26 6.50 6.42 6.86 7.74 8.03 7.30 7.59 7.15 6.79 6.86 7.81 8.69 8.25 8.03 8.40 8.25 8.54 7.81 7.81 8.61 8.91 9.13 8.18 8.32 8.32 8.69 8.98 9.13 10.00 10.44 11.46 11.17
4.45 4.45 0.00 4.82 5.26 0.00 0.00 0.00 6.86 7.59 7.45 6.57 6.50 6.28 5.99 6.64 7.88 8.40 7.66 6.28 5.91 5.91 6.50 7.15 8.32 8.61 8.61 7.96 7.15 7.15 7.88 8.18 9.05 9.42 8.91 8.40 7.81 7.08 6.42 6.06 5.62 4.53 5.40 6.28 5.84 6.42 7.08 7.15 6.86 6.20 5.26 5.26 6.50 6.42 6.86 7.74 8.03 7.30 7.59 7.15 6.79 6.86 7.81 8.69 8.25 8.03 8.40 8.25 8.54 7.81 7.81 8.61 8.91 9.13 8.18 8.32 8.32 8.69 8.98 9.13 10.00 10.44 11.46 11.17
0.00 0.00 4.23 0.00 5.84 0.00 5.40 6.72 7.08 7.45 8.18 7.01 5.69 6.06 6.57 7.74 8.76 8.98 7.59 6.35 5.62 6.35 7.30 7.52 7.23 7.30 7.30 6.86 6.72 7.08 7.37 9.27 9.49 8.61 9.13 8.54 8.03 7.74 7.59 6.64 6.13 6.28 5.04 4.31 5.91 5.91 5.69 6.42 6.50 7.08 6.64 6.64 4.38 6.86 5.18 6.20 7.81 7.08 6.86 6.57 6.20 6.64 7.30 7.30 7.15 6.86 7.52 8.69 7.74 8.25 8.69 8.76 9.27 9.64 8.61 8.54 8.54 8.76 8.25 7.37 9.42 11.02 12.05 10.15
0.00 0.00 0.00 0.00 4.31 5.11 5.69 5.91 6.13 6.57 6.13 5.77 5.84 5.99 6.35 7.01 8.25 8.03 6.79 5.40 4.60 4.38 5.62 7.01 7.01 6.28 6.28 6.28 7.08 8.25 8.76 10.15 11.61 11.68 10.88 10.51 10.07 10.22 10.00 9.86 10.15 9.71 8.91 7.88 6.64 6.50 6.13 5.69 6.79 6.72 6.35 6.35 4.02 6.06 5.26 5.77 5.91 5.69 7.74 8.10 8.18 7.08 7.30 7.66 7.96 8.18 8.83 9.34 9.64 8.54 8.83 7.88 7.96 8.47 8.54 9.42 9.42 10.44 10.29 10.07 11.39 12.05 12.99 13.94
2.56 2.56 0.00 0.00 5.04 5.18 5.04 5.18 5.55 5.33 5.11 4.82 4.96 5.26 5.69 5.91 6.35 6.42 5.77 5.11 4.96 5.04 5.91 7.01 8.18 8.76 8.76 9.49 10.37 10.73 10.88 11.32 11.75 11.83 11.68 10.73 10.00 9.64 9.78 10.15 10.29 10.88 10.59 10.07 9.78 8.98 8.69 7.74 6.72 7.08 6.94 6.94 4.67 5.84 7.81 7.52 7.74 9.34 10.29 10.37 9.49 9.20 10.15 9.86 10.15 10.22 10.15 9.78 9.49 9.20 8.40 7.81 8.40 9.34 10.66 12.05 12.05 12.99 14.82 15.70 16.06 15.48 15.26 15.26
2.56 2.56 0.00 0.00 5.04 5.18 5.04 5.18 5.55 5.33 5.11 4.82 4.96 5.26 5.69 5.91 6.35 6.42 5.77 5.11 4.96 5.04 5.91 7.01 8.18 8.76 8.76 9.49 10.37 10.73 10.88 11.32 11.75 11.83 11.68 10.73 10.00 9.64 9.78 10.15 10.29 10.88 10.59 10.07 9.78 8.98 8.69 7.74 6.72 7.08 6.94 6.94 4.67 5.84 7.81 7.52 7.74 9.34 10.29 10.37 9.49 9.20 10.15 9.86 10.15 10.22 10.15 9.78 9.49 9.20 8.40 7.81 8.40 9.34 10.66 12.05 12.05 12.99 14.82 15.70 16.06 15.48 15.26 15.26
2.92 2.92 3.65 4.45 4.67 5.04 5.26 5.18 5.18 5.33 4.89 4.53 5.04 5.84 6.20 6.57 7.23 7.30 7.08 6.13 5.04 5.04 5.69 7.01 8.10 9.71 9.71 11.32 12.05 12.41 12.85 12.41 11.46 10.73 10.59 10.07 10.00 10.66 9.49 9.93 10.59 10.88 11.61 12.56 12.34 11.53 10.37 9.42 9.42 9.20 8.69 8.69 8.61 7.81 9.78 9.78 10.95 12.26 12.78 12.05 11.97 12.05 11.83 11.90 12.34 12.05 11.83 11.68 10.95 9.86 10.00 10.15 8.98 10.73 12.12 10.88 10.88 11.46 14.24 16.13 16.94 17.52 16.79 12.85
3.94 3.94 4.31 4.60 4.74 5.48 5.84 5.18 5.40 5.40 5.33 5.91 5.62 5.69 6.94 7.81 8.47 8.98 8.03 6.94 6.42 6.72 7.96 9.64 10.51 11.61 11.61 11.97 11.61 11.75 12.12 12.78 12.26 11.90 11.53 11.46 11.17 11.24 11.32 10.73 10.73 11.53 11.02 11.61 12.63 12.48 11.17 11.61 10.88 10.95 10.80 10.80 10.95 10.37 10.59 11.53 13.14 14.38 14.16 13.72 13.29 12.78 12.41 12.48 12.34 11.68 12.41 13.29 13.07 11.90 11.68 11.97 10.22 12.63 12.92 12.05 12.05 11.90 12.56 14.45 14.75 14.31 12.41 8.98
2.56 2.56 2.99 3.87 4.96 5.26 5.26 6.06 6.86 7.15 6.86 5.99 5.91 6.57 7.74 9.93 10.88 10.80 10.59 9.64 8.83 9.05 9.86 10.07 10.66 11.61 11.61 12.05 11.61 11.32 11.97 12.12 11.97 11.68 11.24 11.17 11.75 11.32 10.95 11.53 10.88 10.66 11.17 11.24 12.41 12.41 13.21 12.48 11.97 11.75 11.61 11.61 10.59 10.44 11.24 12.56 14.24 14.53 14.24 14.60 13.94 13.07 11.75 11.17 11.68 11.90 12.41 12.92 13.94 14.16 13.87 13.58 14.16 13.80 15.84 15.11 15.11 14.02 14.02 12.99 12.12 11.83 10.95 10.88
3.72 3.72 4.16 4.16 4.67 5.62 6.79 7.30 8.03 8.54 8.47 7.52 7.23 6.79 7.88 10.07 11.10 11.83 12.70 13.36 13.80 13.65 12.63 11.39 11.10 11.10 11.10 11.32 11.32 11.32 11.17 11.68 11.39 10.37 9.34 8.76 9.42 9.78 9.56 9.20 9.27 9.78 10.73 10.88 11.90 11.17 10.15 10.88 10.00 10.59 10.51 10.51 10.00 10.59 10.44 13.29 13.65 13.80 13.80 13.94 13.14 12.05 11.53 11.17 10.88 11.17 12.56 13.14 13.51 13.58 13.87 13.29 13.72 15.33 15.84 16.94 16.94 15.77 14.75 13.21 12.48 11.61 11.39 11.46
3.72 3.72 4.16 4.16 4.67 5.62 6.79 7.30 8.03 8.54 8.47 7.52 7.23 6.79 7.88 10.07 11.10 11.83 12.70 13.36 13.80 13.65 12.63 11.39 11.10 11.10 11.10 11.32 11.32 11.32 11.17 11.68 11.39 10.37 9.34 8.76 9.42 9.78 9.56 9.20 9.27 9.78 10.73 10.88 11.90 11.17 10.15 10.88 10.00 10.59 10.51 10.51 10.00 10.59 10.44 13.29 13.65 13.80 13.80 13.94 13.14 12.05 11.53 11.17 10.88 11.17 12.56 13.14 13.51 13.58 13.87 13.29 13.72 15.33 15.84 16.94 16.94 15.77 14.75 13.21 12.48 11.61 11.39 11.46
3.58 3.58 4.09 5.11 5.77 6.86 8.83 9.71 10.37 11.32 11.32 10.29 9.93 9.05 9.27 10.88 12.41 13.43 14.24 14.97 14.82 14.82 14.38 12.99 11.32 9.49 9.49 8.03 8.25 9.71 10.59 10.51 9.05 8.47 7.66 6.50 6.35 6.42 6.64 7.08 7.15 7.01 7.23 8.10 8.25 8.61 7.45 6.64 6.79 6.57 6.57 6.57 8.83 7.52 9.42 12.41 12.12 11.75 12.56 12.56 11.75 11.32 10.80 10.15 10.59 10.80 10.80 11.10 10.88 11.10 11.10 11.17 12.05 12.41 13.29 14.38 14.38 11.83 11.75 11.68 10.66 10.88 11.90 10.95
7.66 7.66 7.45 7.74 9.05 10.22 11.32 12.26 13.72 13.94 13.43 12.92 13.36 12.85 12.99 13.29 13.21 14.24 15.55 15.70 15.40 15.04 14.16 13.29 10.73 6.94 6.94 4.45 4.74 5.04 5.55 7.81 7.45 6.86 5.48 5.04 4.31 3.80 3.80 3.72 4.74 4.60 4.53 5.26 6.13 6.20 6.13 5.40 4.23 5.33 5.99 5.99 6.06 8.47 8.83 12.56 13.51 13.80 13.87 12.78 12.05 12.19 12.05 11.61 10.59 9.49 8.10 7.37 7.01 6.79 7.08 7.74 8.83 10.22 10.73 11.75 11.75 9.20 11.02 10.51 9.49 8.98 7.01 6.28
12.85 12.85 11.24 12.63 13.58 14.53 16.21 16.50 16.21 15.91 15.04 15.11 15.40 15.26 14.67 14.67 14.09 13.94 14.45 14.38 14.16 13.65 12.63 11.24 8.47 6.20 6.20 4.67 3.80 4.38 5.18 5.77 5.33 4.60 4.89 4.02 2.92 2.63 3.50 4.16 4.67 4.45 4.60 6.57 7.37 8.47 8.61 8.25 7.37 7.23 7.37 7.37 8.10 8.91 10.22 11.53 14.02 13.87 13.36 13.29 12.78 12.85 13.65 13.14 11.61 9.78 7.88 6.72 6.20 5.55 5.91 7.15 7.52 8.69 10.07 9.64 9.64 7.96 9.42 9.27 8.69 6.64 6.72 5.91
15.33 15.33 14.75 15.40 16.43 17.37 18.10 17.81 17.52 16.86 16.64 16.43 15.84 15.40 15.11 14.24 13.29 12.99 12.34 12.48 12.63 11.46 10.15 8.61 7.08 5.99 5.99 5.18 5.18 6.72 7.96 7.81 7.37 7.30 6.50 6.06 5.91 6.50 6.42 6.79 8.47 8.98 8.98 9.56 12.05 12.63 13.51 14.02 12.85 12.34 11.39 11.39 10.80 10.95 10.80 12.48 13.94 14.02 14.38 14.02 13.14 12.70 12.05 11.83 11.02 10.15 8.47 6.50 6.42 6.64 7.15 7.23 7.23 8.10 8.69 8.18 8.18 7.66 8.69 7.01 6.72 6.86 7.15 5.77
16.79 16.79 16.13 17.01 17.52 18.40 18.18 17.37 17.01 16.06 15.26 15.77 15.91 15.18 13.58 13.14 12.12 10.66 8.98 8.18 8.40 8.32 7.37 6.64 6.20 6.42 6.42 6.50 7.30 8.98 10.51 10.44 10.51 9.86 9.05 9.78 10.51 10.59 11.68 12.34 11.97 11.83 12.99 13.87 14.89 15.55 15.62 16.64 16.35 14.53 13.43 13.43 12.48 12.12 12.26 12.34 14.45 14.53 13.72 13.36 12.26 10.80 10.15 10.15 10.00 10.15 8.76 8.25 8.25 7.59 7.45 6.72 7.01 6.28 5.40 5.18 5.18 5.26 5.18 4.82 5.04 6.13 6.28 5.99
16.79 16.79 16.13 17.01 17.52 18.40 18.18 17.37 17.01 16.06 15.26 15.77 15.91 15.18 13.58 13.14 12.12 10.66 8.98 8.18 8.40 8.32 7.37 6.64 6.20 6.42 6.42 6.50 7.30 8.98 10.51 10.44 10.51 9.86 9.05 9.78 10.51 10.59 11.68 12.34 11.97 11.83 12.99 13.87 14.89 15.55 15.62 16.64 16.35 14.53 13.43 13.43 12.48 12.12 12.26 12.34 14.45 14.53 13.72 13.36 12.26 10.80 10.15 10.15 10.00 10.15 8.76 8.25 8.25 7.59 7.45 6.72 7.01 6.28 5.40 5.18 5.18 5.26 5.18 4.82 5.04 6.13 6.28 5.99
17.16 17.16 17.08 18.18 18.83 19.20 18.83 17.52 16.06 14.60 14.09 14.09 13.80 12.48 10.66 9.42 9.13 8.40 7.88 7.30 6.35 6.28 5.26 4.96 6.13 7.30 7.30 8.10 8.69 9.05 10.44 12.78 13.72 14.24 14.09 14.38 14.89 14.82 15.55 15.70 15.77 15.55 15.48 14.75 15.84 17.30 17.52 17.52 17.16 15.77 14.09 14.09 13.65 13.51 14.97 12.99 15.70 14.97 13.36 12.34 11.32 9.93 9.86 10.29 11.02 10.88 9.42 9.56 8.83 7.74 6.72 5.62 5.91 5.40 4.96 4.82 4.82 4.38 4.38 4.82 3.94 6.06 6.50 6.35
16.57 16.57 17.01 17.67 18.25 18.54 18.25 17.01 14.31 12.56 12.19 12.41 11.97 10.66 9.78 8.47 8.03 8.54 8.98 7.88 7.45 7.66 7.37 6.06 7.23 8.91 8.91 9.64 10.15 11.83 13.29 14.97 16.28 17.01 16.94 16.94 16.94 17.37 17.45 17.74 17.67 17.59 17.16 16.79 16.79 17.08 17.23 17.74 16.86 16.28 14.09 14.09 13.51 13.87 15.26 15.62 14.02 16.35 14.89 13.07 11.24 10.66 11.17 12.19 12.12 12.78 13.58 13.72 12.78 11.39 10.22 10.07 9.86 7.74 7.59 6.64 6.64 5.04 4.23 4.67 5.84 4.82 6.86 7.08
15.84 15.84 14.38 12.85 13.14 13.65 14.38 14.53 12.78 10.66 10.51 11.90 10.66 10.07 10.44 11.32 10.80 11.02 10.80 10.51 9.49 8.76 9.13 9.20 9.34 10.44 10.44 11.75 12.78 14.53 15.99 17.30 18.32 18.61 18.61 17.89 16.79 17.37 17.96 18.47 17.74 17.23 17.30 17.96 17.30 16.79 16.79 16.21 16.57 14.53 14.38 14.38 14.31 14.31 15.77 16.28 14.67 16.50 16.28 15.26 14.38 14.02 14.45 15.04 15.70 15.99 15.77 16.35 15.48 14.67 13.87 14.16 14.67 14.24 13.51 12.12 12.12 9.64 7.37 5.91 5.18 4.74 4.02 8.98
16.28 16.28 13.87 10.59 9.13 8.83 9.93 11.17 9.20 7.45 7.23 8.76 9.20 10.66 11.10 11.83 12.78 12.99 12.63 12.56 11.02 9.42 10.29 11.90 13.21 12.85 12.85 13.43 14.31 16.28 17.08 17.59 18.40 19.27 18.47 17.89 17.67 17.59 16.79 16.35 16.28 15.62 15.40 16.21 16.13 16.28 15.18 14.89 14.02 14.45 14.89 14.89 15.84 17.52 18.54 19.42 17.52 17.59 17.23 17.01 17.16 16.13 15.77 16.21 16.86 16.06 15.70 16.72 16.35 15.84 14.89 14.31 13.58 13.94 14.38 14.97 14.97 13.80 10.80 8.10 6.64 7.01 5.04 10.29
14.38 14.38 11.46 8.40 5.84 4.67 5.55 6.42 4.96 4.09 4.31 5.48 6.57 8.18 10.95 13.36 14.60 13.58 13.51 13.36 13.65 13.43 13.21 14.38 14.31 14.16 14.16 15.33 17.74 18.47 18.10 17.96 18.32 18.76 18.40 16.86 16.50 16.06 15.33 14.38 14.09 12.99 13.29 14.45 14.67 14.38 13.94 14.38 14.89 13.87 14.38 14.38 15.55 16.35 19.20 20.37 20.44 18.47 17.45 17.59 16.86 15.40 15.84 15.33 15.04 14.89 15.18 15.70 15.70 15.48 14.60 13.07 11.17 10.95 12.26 13.36 13.36 14.02 13.72 12.78 11.46 11.32 11.61 8.91
14.38 14.38 11.46 8.40 5.84 4.67 5.55 6.42 4.96 4.09 4.31 5.48 6.57 8.18 10.95 13.36 14.60 13.58 13.51 13.36 13.65 13.43 13.21 14.38 14.31 14.16 14.16 15.33 17.74 18.47 18.10 17.96 18.32 18.76 18.40 16.86 16.50 16.06 15.33 14.38 14.09 12.99 13.29 14.45 14.67 14.38 13.94 14.38 14.89 13.87 14.38 14.38 15.55 16.35 19.20 20.37 20.44 18.47 17.45 17.59 16.86 15.40 15.84 15.33 15.04 14.89 15.18 15.70 15.70 15.48 14.60 13.07 11.17 10.95 12.26 13.36 13.36 14.02 13.72 12.78 11.46 11.32 11.61 8.91
9.20 9.20 6.86 4.89 3.43 2.19 3.36 3.80 3.43 2.77 3.87 4.89 6.06 8.10 11.68 15.33 17.37 16.86 15.33 14.09 14.02 14.53 14.24 14.24 14.53 15.91 15.91 17.23 17.45 17.08 15.91 15.62 15.91 15.62 15.70 15.77 15.18 14.67 14.60 14.09 13.07 12.78 13.72 14.60 14.82 14.75 15.11 15.33 16.06 17.67 16.13 16.13 15.18 15.40 16.50 17.89 19.27 19.42 15.62 16.64 16.06 14.97 14.82 13.43 13.21 14.53 14.53 14.82 15.11 14.89 14.16 13.14 11.02 9.78 8.54 8.61 8.61 11.02 12.12 12.92 13.29 13.07 13.36 13.07
6.20 6.20 3.58 2.99 3.29 3.29 3.65 3.94 4.09 4.67 5.62 5.91 7.08 9.78 12.63 15.33 17.45 17.89 16.43 15.33 15.18 14.60 13.58 12.34 12.34 13.51 13.51 14.75 14.89 14.53 14.16 13.29 13.14 13.21 12.92 12.78 12.85 12.78 12.34 12.26 11.97 12.41 13.87 15.40 16.79 17.23 17.08 17.67 18.25 18.32 18.54 18.54 18.32 17.59 16.79 17.30 16.28 17.37 15.18 15.55 15.62 14.97 13.87 12.92 12.70 12.99 12.70 12.41 12.99 11.97 12.41 12.19 11.24 9.20 7.01 6.06 6.06 7.37 9.13 10.37 11.53 11.97 13.51 12.99
4.02 4.02 2.19 2.70 4.74 4.74 4.38 5.26 5.11 5.84 7.23 8.47 9.64 11.53 13.36 15.26 16.86 17.81 17.08 14.82 15.11 15.91 14.89 11.75 8.83 9.05 9.05 10.73 12.78 13.43 13.07 13.07 13.72 13.65 13.65 12.34 10.95 10.95 11.39 11.46 11.75 11.75 12.78 14.45 15.84 17.08 18.61 19.05 17.89 17.89 18.76 18.76 17.96 17.23 16.64 16.21 15.48 16.57 12.63 13.58 13.80 13.14 11.90 10.29 11.02 11.02 10.59 10.22 10.66 10.51 10.88 9.71 10.00 8.47 6.20 5.11 5.11 5.11 6.06 6.94 8.32 10.22 12.63 12.85
3.21 3.21 1.97 2.85 4.53 4.23 4.45 5.55 6.06 7.23 10.07 11.90 14.24 15.48 15.55 16.28 17.23 17.81 17.45 15.99 14.89 14.38 13.80 11.53 8.83 8.03 8.03 9.56 11.68 12.70 12.78 13.21 14.09 14.31 13.36 11.83 10.29 9.05 9.34 9.86 10.00 10.44 11.24 12.26 14.67 15.18 15.55 15.99 15.26 14.16 14.38 14.38 15.04 14.45 13.43 12.12 12.26 12.05 13.65 10.37 10.59 10.44 10.07 9.64 9.56 7.81 7.59 7.30 6.64 7.15 7.37 7.45 8.18 7.37 6.28 5.48 5.48 5.11 6.28 6.57 6.94 7.30 8.54 10.15
0.00 0.00 0.00 2.70 3.36 3.94 4.82 7.66 9.42 11.61 13.80 16.72 17.74 18.25 17.37 16.50 16.43 17.67 17.89 17.08 15.62 15.33 14.60 12.48 10.29 9.05 9.05 10.15 11.75 11.97 11.46 11.68 13.14 13.72 11.53 9.86 8.10 7.88 7.96 8.40 8.83 9.42 10.00 11.24 11.68 11.90 11.97 12.41 12.26 11.53 10.44 10.44 9.34 9.27 8.76 8.40 7.81 6.50 9.20 8.61 6.28 7.15 7.30 6.79 5.48 4.67 5.26 5.40 5.11 5.04 4.82 5.04 5.40 4.60 0.00 0.00 0.00 4.82 6.28 5.77 6.06 5.48 6.20 6.13
0.00 0.00 0.00 2.56 3.36 6.28 8.98 12.19 14.24 16.43 18.25 18.98 19.71 19.49 18.25 17.89 17.74 17.67 17.74 18.18 17.59 17.74 17.74 15.99 13.14 11.39 11.39 11.46 12.12 11.68 11.02 10.66 11.02 11.53 10.95 8.54 7.15 7.23 7.81 8.40 8.61 9.05 9.49 9.78 9.34 9.71 10.22 10.66 10.07 9.78 8.47 8.47 7.66 5.33 3.94 3.58 0.00 0.00 5.40 0.00 3.29 4.89 4.82 4.89 4.02 3.87 3.80 3.72 4.60 3.80 3.50 4.09 0.00 0.00 0.00 0.00 0.00 0.00 0.00 5.99 5.77 5.48 0.00 0.00
0.00 0.00 0.00 2.56 3.36 6.28 8.98 12.19 14.24 16.43 18.25 18.98 19.71 19.49 18.25 17.89 17.74 17.67 17.74 18.18 17.59 17.74 17.74 15.99 13.14 11.39 11.39 11.46 12.12 11.68 11.02 10.66 11.02 11.53 10.95 8.54 7.15 7.23 7.81 8.40 8.61 9.05 9.49 9.78 9.34 9.71 10.22 10.66 10.07 9.78 8.47 8.47 7.66 5.33 3.94 3.58 0.00 0.00 5.40 0.00 3.29 4.89 4.82 4.89 4.02 3.87 3.80 3.72 4.60 3.80 3.50 4.09 0.00 0.00 0.00 0.00 0.00 0.00 0.00 5.99 5.77 5.48 0.00 0.00
0.00 0.00 2.04 5.04 7.74 11.83 14.67 15.77 17.74 20.08 21.24 20.73 20.44 21.02 20.66 20.51 19.86 18.69 18.32 17.96 18.32 19.27 18.61 16.72 14.38 13.29 13.29 14.45 14.60 13.43 12.05 10.66 10.29 10.51 10.95 10.44 9.71 9.13 8.40 9.13 9.20 8.76 8.91 9.49 9.34 8.91 8.32 9.27 9.05 6.86 6.28 6.28 4.89 0.00 0.00 0.00 0.00 0.00 0.00 0.00 0.00 3.80 3.43 4.38 3.65 4.45 5.48 4.96 4.09 0.00 0.00 0.00 3.07 2.56 0.00 0.00 0.00 0.00 0.00 0.00 0.00 0.00 0.00 7.88
