Wansh/Snow_depth/snowdepth-1990/winter/1991001.txt
ncols 321
nrows 161
xllcenter 60
yllcenter 15 
cellsize  0.25 
NODATA_value -1
[rows 38 to 75 of 161, columns 0 to 83 of 321]
0.00 0.00 0.00 0.00 0.00 5.33 6.20 8.10 8.91 9.20 8.91 8.91 8.03 7.30 6.13 6.35 7.74 7.37 7.08 5.62 4.74 3.36 3.07 3.43 0.00 0.00 0.00 1.90 0.00 2.19 0.00 0.00 0.00 0.00 0.00 0.80 0.95 1.53 1.97 1.90 1.61 1.31 1.02 0.88 2.04 2.48 2.04 2.19 1.39 0.80 0.88 0.88 1.31 0.00 0.00 0.00 0.00 0.00 0.00 0.00 0.00 0.00 0.00 0.00 0.00 0.00 0.00 0.00 0.00 0.00 0.00 0.00 0.00 0.00 0.00 0.00 0.00 0.00 0.00 0.00 0.00 5.99 6.35 8.98
0.00 0.00 0.00 0.00 0.00 3.21 4.67 6.57 7.59 7.88 8.25 8.32 7.15 6.42 5.33 5.04 5.77 5.77 5.11 4.02 3.14 2.19 2.04 0.00 0.00 0.00 0.00 0.00 0.00 1.17 1.24 1.46 0.00 0.00 0.00 0.15 0.51 0.51 0.07 0.44 0.15 0.00 0.00 0.66 1.10 1.61 1.61 1.02 0.58 0.07 0.00 0.00 0.00 0.29 0.00 0.00 0.00 0.00 0.00 0.00 0.00 0.00 0.00 0.00 0.00 0.00 0.00 0.00 0.00 0.00 0.00 0.00 0.00 0.00 0.00 0.00 0.00 0.00 0.00 0.00 6.35 9.13 10.51 12.41
0.00 0.00 0.00 0.00 0.00 0.00 2.26 4.31 5.55 5.62 7.59 7.15 6.79 6.20 5.26 4.82 5.77 5.62 4.23 3.80 3.21 1.61 1.39 2.26 0.00 0.00 0.00 0.00 0.00 0.37 0.44 0.00 0.00 0.00 0.00 0.00 0.00 0.00 0.00 0.00 0.00 0.00 0.00 0.00 0.73 1.39 1.10 0.88 0.66 0.73 0.73 0.73 0.07 0.00 0.29 0.00 0.00 0.00 0.00 0.00 0.00 0.00 0.07 0.00 0.00 0.00 0.00 0.00 0.00 0.00 0.00 0.00 0.00 0.00 0.00 3.43 3.43 3.43 4.09 5.33 10.88 10.95 10.73 10.07
0.00 0.00 0.00 0.00 0.00 0.00 1.46 3.21 4.38 4.89 5.11 4.89 4.82 4.82 5.04 5.11 5.33 5.18 3.72 3.43 2.92 1.97 1.53 1.68 0.95 0.00 0.00 0.00 0.51 0.80 0.95 0.07 0.00 0.00 0.00 0.00 0.22 0.00 0.00 0.00 0.00 0.00 0.00 0.00 0.22 0.44 0.58 0.37 0.00 0.29 0.29 0.29 0.37 0.00 0.80 0.95 0.15 0.00 0.29 0.07 0.00 0.00 0.00 0.00 0.00 0.00 0.00 0.00 0.00 0.00 0.00 0.00 0.00 0.00 2.99 5.84 5.84 6.94 6.64 6.94 10.44 11.61 11.10 9.05
0.00 0.00 0.00 0.00 0.00 0.00 1.68 3.72 4.23 4.02 3.65 3.29 2.99 3.36 3.65 4.02 0.00 3.43 3.65 2.85 1.24 1.10 1.61 1.17 0.80 0.80 0.80 1.61 1.39 1.53 1.10 0.00 0.00 0.07 0.00 0.00 0.44 0.58 0.00 0.00 0.00 0.00 0.00 0.00 0.15 0.29 0.00 0.00 0.00 0.22 0.51 0.51 0.00 0.07 0.73 0.44 0.66 0.73 0.73 0.80 0.58 1.24 1.02 0.44 0.00 0.00 0.00 0.00 0.00 0.00 0.00 0.00 0.00 0.00 4.45 5.48 5.48 6.13 5.99 4.89 8.47 10.37 6.93 6.23
0.00 0.00 0.00 0.00 0.00 1.10 2.19 3.07 2.99 2.48 2.56 2.26 1.75 2.77 2.92 3.07 2.41 2.70 3.29 2.70 2.34 1.61 1.31 1.68 1.53 1.31 1.31 1.24 1.02 1.53 2.04 0.00 2.26 1.17 0.44 0.66 0.00 0.00 0.00 0.00 0.00 0.00 0.00 0.00 0.37 0.44 0.29 0.29 0.22 0.07 0.00 0.00 0.29 0.15 0.51 0.58 0.29 0.00 0.00 0.66 0.95 0.51 0.00 0.00 0.00 0.00 0.00 0.00 0.00 0.00 0.00 0.00 0.00 0.00 2.04 1.31 1.31 1.75 0.37 0.00 0.00 3.29 1.83 1.83
0.00 0.00 0.00 0.00 0.51 1.31 1.17 0.88 0.80 0.73 1.31 1.17 1.68 2.41 2.34 2.48 3.07 3.65 3.43 2.56 2.12 1.97 2.19 1.46 1.53 1.39 1.39 1.39 1.90 1.39 1.39 2.77 3.72 3.14 2.77 1.68 0.51 0.00 0.00 0.00 0.00 0.00 0.00 0.00 0.00 0.58 1.17 0.29 0.00 0.44 0.66 0.66 0.88 0.66 0.00 0.00 0.00 0.00 1.31 0.58 0.66 1.39 1.10 0.00 0.00 0.00 0.00 0.00 0.00 0.00 0.00 0.00 0.00 0.00 0.00 0.00 0.00 0.00 0.00 0.00 0.00 0.00 0.00 0.00
0.00 0.00 0.00 0.73 0.73 0.95 0.58 0.66 0.22 0.00 0.88 1.10 1.97 2.19 1.68 1.10 1.68 2.63 2.92 2.56 2.56 2.41 1.83 1.53 1.97 1.10 1.10 1.10 0.37 0.80 0.73 1.17 3.36 3.94 3.87 3.50 2.48 0.29 0.00 0.15 0.07 0.00 0.51 0.07 0.00 0.51 1.24 0.00 0.00 0.00 0.00 0.00 0.00 0.00 0.00 0.00 0.00 0.00 0.00 0.00 0.95 1.02 0.00 0.00 0.00 0.00 0.00 0.00 0.00 0.00 0.00 0.00 0.00 0.00 0.00 0.00 0.00 0.00 0.00 0.00 0.00 0.00 0.00 0.00
0.00 0.00 0.00 0.73 0.73 0.95 0.58 0.66 0.22 0.00 0.88 1.10 1.97 2.19 1.68 1.10 1.68 2.63 2.92 2.56 2.56 2.41 1.83 1.53 1.97 1.10 1.10 1.10 0.37 0.80 0.73 1.17 3.36 3.94 3.87 3.50 2.48 0.29 0.00 0.15 0.07 0.00 0.51 0.07 0.00 0.51 1.24 0.00 0.00 0.00 0.00 0.00 0.00 0.00 0.00 0.00 0.00 0.00 0.00 0.00 0.95 1.02 0.00 0.00 0.00 0.00 0.00 0.00 0.00 0.00 0.00 0.00 0.00 0.00 0.00 0.00 0.00 0.00 0.00 0.00 0.00 0.00 0.00 0.00
0.00 0.00 0.37 1.10 0.80 0.00 0.00 0.00 0.00 0.00 0.07 0.73 2.19 0.29 0.44 0.51 1.24 2.63 2.77 2.48 3.07 3.14 1.83 1.83 1.46 0.73 0.73 0.51 0.80 0.58 0.00 0.58 1.39 2.56 3.14 3.87 4.09 2.85 1.02 1.39 1.24 0.44 0.37 0.15 0.00 0.00 0.00 0.00 0.00 0.00 0.00 0.00 0.00 0.00 0.00 0.00 0.00 0.00 0.00 0.00 0.00 0.00 0.00 0.00 0.00 0.00 0.00 0.00 0.00 0.00 1.83 3.65 2.70 1.39 0.44 0.22 0.22 0.00 0.00 0.00 0.00 5.55 5.55 2.91
0.00 0.00 0.00 0.80 0.00 0.00 0.00 0.00 0.00 0.00 0.44 1.24 1.75 1.53 1.68 0.66 1.46 2.19 3.07 2.92 2.70 2.04 0.88 0.37 0.44 0.00 0.00 0.44 0.58 0.15 0.00 0.00 0.95 1.68 1.46 1.75 2.85 3.07 1.97 1.97 1.97 1.24 0.88 1.02 0.22 0.00 0.00 0.00 0.00 0.00 0.00 0.00 0.00 0.00 0.00 0.00 0.00 0.00 0.00 0.00 0.00 0.00 4.74 5.26 3.72 0.00 0.00 2.26 3.29 4.09 6.86 7.74 6.42 4.31 4.74 3.87 3.87 3.94 5.04 5.99 7.37 9.71 11.90 14.38
0.00 0.00 0.58 1.10 0.00 0.00 0.00 0.88 0.15 0.66 1.31 1.97 1.61 0.00 1.75 0.00 0.00 1.75 1.61 0.00 0.66 1.46 0.00 0.00 0.00 0.00 0.00 0.00 0.29 0.80 0.95 0.51 0.80 0.66 1.17 1.53 1.75 1.97 1.61 1.83 2.70 2.56 1.46 1.46 1.53 1.10 1.68 3.36 4.74 5.55 4.31 4.31 4.45 0.00 0.00 2.19 3.21 3.21 2.26 4.02 3.80 4.89 5.55 4.53 6.06 5.55 5.77 5.69 3.43 2.19 0.00 0.00 0.44 3.72 6.42 8.18 8.18 11.10 10.73 10.88 9.86 10.25 11.81 16.25
0.66 0.66 0.00 0.00 0.00 0.00 0.00 0.66 0.29 1.31 1.97 1.53 1.97 2.12 1.97 1.46 1.02 1.61 0.80 0.00 0.29 0.00 0.00 0.00 0.00 0.00 0.00 0.22 0.73 1.31 0.95 0.37 0.73 0.88 1.02 1.39 1.39 1.39 1.02 1.17 2.19 2.92 3.14 3.07 2.41 2.19 1.83 3.43 6.13 8.91 9.71 9.71 10.00 8.40 9.13 8.54 8.03 8.32 7.96 5.40 6.28 5.33 5.04 2.92 0.00 3.29 0.00 0.00 0.00 0.00 0.00 0.00 0.00 4.82 8.25 11.10 11.10 13.72 12.70 11.68 10.95 10.30 12.03 14.23
0.15 0.15 0.00 0.00 0.00 0.00 0.58 1.10 1.83 2.34 1.68 0.00 0.00 0.00 0.00 0.00 0.00 0.37 0.00 0.00 0.00 0.00 0.00 0.00 0.00 0.00 0.00 0.44 0.07 0.22 0.73 0.00 0.51 0.51 1.17 0.00 0.00 1.53 0.95 1.46 3.72 5.33 5.99 6.42 5.99 5.62 6.13 5.40 6.86 9.20 10.88 10.88 13.21 15.84 16.64 16.35 18.61 18.61 16.57 14.97 9.78 7.08 5.84 1.75 3.50 0.00 0.00 0.00 0.00 0.00 0.00 0.00 0.00 6.72 8.32 10.59 10.59 9.78 8.69 8.32 8.25 7.52 8.32 9.27
0.00 0.00 0.00 0.00 0.00 0.00 0.58 2.04 2.77 1.83 0.00 0.00 0.00 0.00 0.00 0.00 0.66 0.22 0.00 0.00 0.44 0.07 0.00 0.00 0.07 1.24 1.24 1.02 0.00 0.00 0.00 0.00 0.51 0.44 0.00 0.00 1.61 1.61 2.04 3.29 4.67 6.13 8.10 8.69 9.49 9.86 9.42 9.05 9.56 9.34 9.78 9.78 9.56 12.48 17.45 20.00 20.00 19.78 19.71 17.89 15.40 12.05 8.98 7.37 5.55 0.00 0.00 0.00 0.00 0.00 0.00 5.48 7.01 9.49 8.54 7.52 7.52 5.55 3.94 4.74 7.59 7.45 5.84 4.67
0.00 0.00 0.00 0.00 0.00 0.00 1.10 0.00 0.00 0.00 0.00 0.00 0.00 0.00 0.00 0.00 0.00 0.51 0.29 0.07 0.00 0.00 0.00 0.00 0.00 0.00 0.00 0.00 0.00 0.00 0.00 0.00 0.00 0.00 0.00 0.00 1.97 2.48 2.41 3.36 5.11 6.50 8.54 10.88 10.59 8.69 8.10 7.01 8.10 9.13 7.37 7.37 7.01 8.32 11.39 13.51 15.33 15.40 15.99 15.40 15.55 15.77 14.89 15.48 15.77 16.21 6.28 10.73 12.19 7.96 8.25 8.10 9.27 8.47 4.67 2.92 2.92 1.46 0.80 1.83 2.48 3.14 2.92 1.94
0.07 0.07 0.00 0.00 0.00 0.00 0.00 0.00 0.00 0.00 0.00 0.00 0.00 0.00 0.00 0.22 0.00 0.29 0.88 0.29 0.29 1.17 0.00 0.00 0.00 0.00 0.00 0.00 0.00 0.00 0.00 0.00 0.00 0.00 0.00 0.00 0.95 1.61 1.75 2.92 5.62 7.23 8.98 10.00 9.20 6.94 5.33 3.50 2.99 4.82 6.79 6.79 7.15 8.69 11.68 13.07 12.56 11.75 11.83 12.05 12.05 12.26 11.83 13.51 15.77 17.59 17.30 15.77 16.43 13.43 9.05 5.48 4.74 5.33 3.14 1.68 1.68 0.15 0.00 0.00 0.07 0.73 0.00 0.00
0.00 0.00 0.00 0.00 0.00 0.00 0.00 0.00 0.00 0.00 0.00 0.00 0.00 0.00 0.00 0.00 0.00 0.29 0.22 0.22 0.51 0.00 0.00 0.00 0.00 0.00 0.00 0.00 0.00 0.00 0.00 0.00 0.00 0.00 0.00 0.00 1.02 1.24 1.46 2.99 5.33 7.37 8.69 8.25 5.55 4.02 1.83 1.17 1.46 2.56 4.89 4.89 5.99 6.86 9.86 13.07 12.92 11.61 9.64 9.05 8.76 6.86 7.08 8.83 9.49 15.91 17.52 16.86 17.59 12.99 7.52 3.58 2.56 2.34 1.83 0.51 0.51 0.00 0.00 0.00 0.00 0.00 0.00 0.00
0.00 0.00 0.00 0.00 0.00 0.00 0.00 0.00 0.00 0.00 0.00 0.00 0.00 0.00 0.00 0.07 0.37 0.00 0.00 0.00 0.00 0.00 0.00 0.00 0.00 0.00 0.00 0.00 0.00 0.00 0.00 0.15 0.00 0.00 0.00 0.00 0.95 0.95 2.04 2.70 3.94 3.58 4.45 4.96 2.12 0.80 0.22 0.00 0.00 0.95 1.83 1.83 2.77 4.60 6.79 11.02 13.80 13.51 9.93 10.00 7.15 7.08 7.01 6.79 10.29 13.51 18.98 16.06 13.94 8.76 6.64 3.21 1.97 1.02 0.37 0.00 0.00 0.00 0.00 0.00 0.00 0.00 0.00 0.00
0.00 0.00 0.00 0.00 0.00 0.00 0.00 0.00 0.00 0.00 0.00 0.00 0.00 0.00 0.07 0.15 0.00 0.00 0.00 0.00 0.00 0.00 0.00 0.00 0.00 0.00 0.00 0.00 0.00 0.00 0.00 0.00 0.00 0.00 0.00 0.66 0.88 1.02 1.02 0.00 0.22 0.15 0.37 0.00 0.00 0.00 0.00 0.44 0.80 0.51 0.73 0.73 0.51 1.83 5.18 9.64 12.56 15.77 14.89 11.02 9.49 6.94 6.13 6.79 7.01 8.61 9.34 9.27 5.84 4.38 2.12 1.02 0.88 0.00 0.00 0.00 0.00 0.00 0.00 0.00 0.00 0.00 0.00 0.00
0.00 0.00 0.00 0.00 0.00 0.00 0.00 0.00 0.00 0.00 0.00 0.00 0.00 0.00 0.00 0.00 0.00 0.00 0.00 0.00 0.00 0.00 0.00 0.00 0.00 0.00 0.00 0.00 1.75 0.00 0.00 0.00 0.07 1.39 0.88 1.10 1.17 0.88 0.37 0.00 0.00 0.00 0.00 0.00 0.00 0.00 0.37 0.73 1.83 3.07 2.48 2.48 3.21 4.67 6.50 9.78 13.21 15.40 16.43 14.02 10.00 7.66 6.20 5.33 4.31 4.23 3.87 4.60 1.02 0.22 0.29 0.37 0.15 0.00 0.00 0.00 0.00 0.00 0.00 0.00 0.00 0.00 0.00 0.00
0.00 0.00 0.00 0.00 0.00 0.00 0.00 0.00 0.00 0.00 0.00 0.00 0.00 0.00 0.00 0.00 0.00 0.00 0.00 0.00 0.00 0.00 0.00 0.00 0.00 0.00 0.00 0.00 0.00 0.00 0.44 0.29 0.58 0.51 1.39 1.24 0.73 0.88 0.58 0.00 0.00 0.00 0.00 0.00 0.22 0.66 1.90 2.41 3.36 4.23 5.62 5.62 6.94 8.03 8.83 11.39 12.12 12.48 16.13 14.60 9.34 6.20 4.67 4.45 4.31 2.63 1.68 2.34 0.29 0.00 0.00 0.00 0.00 0.00 0.00 0.00 0.00 0.00 0.00 0.00 0.00 0.00 0.00 0.00
0.00 0.00 0.00 0.00 0.00 0.00 0.00 0.00 0.00 0.00 0.00 0.00 0.00 0.00 0.00 0.00 0.00 0.00 0.00 0.00 0.00 0.00 0.00 0.00 0.00 0.00 0.00 0.00 0.00 0.00 0.88 0.44 1.24 1.97 1.39 1.31 1.17 1.39 1.31 0.00 0.95 1.39 1.31 1.83 2.48 3.94 4.31 3.65 5.48 7.52 8.32 8.32 9.13 10.73 11.32 10.73 8.83 8.10 8.83 9.49 6.64 4.45 2.99 2.12 1.39 1.90 0.15 0.00 0.00 0.00 0.00 0.00 0.00 0.00 0.00 0.00 0.00 0.00 0.00 0.00 0.00 0.00 0.00 0.00
0.00 0.00 0.00 0.00 0.00 0.00 0.00 0.00 0.00 0.00 0.00 0.00 0.00 0.00 0.00 0.00 0.00 0.00 0.00 0.00 0.00 0.00 0.00 0.00 0.00 0.00 0.00 0.00 1.17 1.02 1.46 1.31 1.97 2.92 3.58 3.50 2.04 2.26 2.99 2.92 2.77 3.58 3.43 4.09 3.50 4.45 7.01 6.13 5.62 6.50 8.32 8.32 10.44 10.44 9.42 8.32 6.35 4.38 4.02 2.48 2.26 1.39 0.15 0.37 0.00 0.00 0.00 0.00 0.00 0.00 0.00 0.00 0.00 0.00 0.00 0.00 0.00 0.00 0.00 0.00 0.00 0.00 0.00 0.00
0.00 0.00 0.00 0.00 0.00 0.00 0.00 0.00 0.00 0.00 0.00 0.00 0.00 0.00 0.00 0.00 0.00 0.00 0.00 0.00 0.00 0.00 0.00 0.00 0.00 0.00 0.00 0.00 0.37 1.46 2.04 2.77 4.09 4.02 4.53 4.89 4.02 3.43 4.82 5.40 4.96 4.89 5.62 4.53 5.04 7.59 8.47 7.88 7.01 7.15 8.32 8.32 8.83 8.91 8.69 6.86 4.45 2.99 1.97 1.61 0.58 0.00 0.00 0.00 0.00 0.00 0.00 0.00 0.00 0.00 0.00 0.00 0.00 0.00 0.00 0.00 0.00 0.00 0.00 0.00 0.00 0.00 0.00 0.00
0.00 0.00 0.00 0.00 0.00 0.00 0.00 0.00 0.00 0.00 0.00 0.00 0.00 0.00 0.00 0.00 0.00 0.00 0.00 0.00 0.00 0.00 0.00 0.00 0.00 0.00 0.00 0.00 0.44 2.41 3.72 4.53 4.82 5.48 5.33 5.33 5.91 6.35 6.35 6.72 5.91 5.55 5.84 6.20 6.50 8.10 7.88 6.72 6.28 6.79 7.81 7.81 8.32 7.01 5.62 4.67 4.16 3.43 2.19 1.97 0.58 0.00 0.00 0.00 0.00 0.00 0.00 0.00 0.00 0.00 0.00 0.00 0.00 0.00 0.00 0.00 0.00 0.00 0.00 0.00 0.00 0.00 0.00 0.00
0.00 0.00 0.00 0.00 0.00 0.00 0.00 0.00 0.00 0.00 0.00 0.00 0.00 0.00 0.00 0.00 0.00 0.00 0.00 0.00 0.00 0.00 0.00 0.00 0.00 0.22 0.22 0.00 0.29 2.04 4.60 4.60 4.60 5.33 4.89 4.60 5.55 5.69 6.28 6.42 5.40 5.48 5.91 6.06 7.45 8.61 8.76 6.64 5.11 5.04 5.99 5.99 6.79 5.55 5.11 4.38 4.67 4.23 4.67 3.07 1.10 0.00 0.00 0.00 0.00 0.00 0.00 0.00 0.00 0.00 0.00 0.00 0.00 0.00 0.00 0.00 0.00 0.00 0.00 0.00 0.00 0.00 0.00 0.00
0.00 0.00 0.00 0.00 0.00 0.00 0.00 0.00 0.00 0.00 0.00 0.00 0.00 0.00 0.00 0.00 0.00 0.00 0.00 0.00 0.00 0.00 0.00 0.00 0.00 0.00 0.00 0.00 1.61 3.72 5.62 4.53 3.07 2.99 3.58 3.07 3.65 3.58 3.80 4.16 4.31 5.26 5.77 7.37 7.96 8.47 8.32 6.79 4.96 4.23 5.04 5.04 5.33 4.53 4.67 5.33 6.50 5.48 5.18 3.21 2.41 2.04 0.44 0.00 0.00 0.00 0.00 0.00 0.00 0.00 0.00 0.00 0.00 0.00 0.00 0.00 0.00 0.00 0.00 0.00 0.00 0.00 0.00 0.00
0.00 0.00 0.00 0.00 0.00 0.00 0.00 0.00 0.00 0.00 0.00 0.00 0.00 0.00 0.00 0.00 0.00 0.00 0.00 0.00 0.00 0.00 0.00 0.58 0.00 0.00 0.00 1.75 1.97 3.36 4.02 3.07 1.17 0.58 0.66 0.95 0.51 0.58 0.88 1.90 3.14 4.67 6.28 6.35 6.50 7.37 6.50 5.84 5.62 3.72 2.34 2.34 2.99 4.02 4.60 4.96 5.62 5.33 4.82 4.23 3.36 2.70 1.31 0.15 0.00 0.00 0.00 0.00 0.00 0.00 0.00 0.00 0.00 0.00 0.00 0.00 0.00 0.00 0.00 0.00 0.00 0.00 0.00 0.00
0.00 0.00 0.00 0.00 0.00 0.00 0.00 0.00 0.00 0.00 0.00 0.00 0.00 0.00 0.00 0.00 0.00 0.00 0.00 0.00 0.00 0.00 0.00 0.00 0.00 0.95 0.95 1.10 1.53 2.12 0.95 0.37 0.00 0.00 0.44 0.00 0.00 0.00 0.00 1.10 2.34 4.38 6.64 6.94 5.69 5.48 5.04 4.23 4.31 4.53 3.36 3.36 3.07 3.58 3.14 3.29 3.65 3.14 3.14 3.21 3.29 3.14 3.14 1.17 0.44 0.00 0.00 0.00 0.00 0.00 0.00 0.00 0.00 0.00 0.00 0.00 0.00 0.00 0.00 0.00 0.00 0.00 0.00 0.00
0.00 0.00 0.00 0.00 0.00 0.00 0.00 0.00 0.00 0.00 0.00 0.00 0.00 0.00 0.00 0.00 0.00 0.00 0.00 0.00 0.00 0.00 0.00 0.00 0.00 0.66 0.66 0.73 0.88 0.29 0.00 0.00 0.00 0.00 0.00 0.00 0.00 0.00 0.00 0.58 1.68 4.45 7.59 8.47 6.42 4.67 4.38 4.45 4.82 4.67 4.23 4.23 3.58 3.36 2.63 2.34 2.04 1.97 1.83 2.41 2.56 3.07 0.44 1.68 0.37 0.00 0.00 0.00 0.00 0.00 0.00 0.00 0.00 0.00 0.00 0.00 0.00 0.00 0.00 0.00 0.00 0.00 0.00 0.00
0.00 0.00 0.00 0.00 0.00 0.00 0.00 0.00 0.00 0.00 0.00 0.00 0.00 0.00 0.00 0.00 0.00 0.00 0.00 0.00 0.00 0.00 0.00 0.00 0.00 0.29 0.29 0.15 0.00 0.00 0.00 0.00 0.00 0.00 0.00 0.00 0.00 0.00 0.00 0.00 0.44 3.65 7.74 9.86 8.40 6.64 5.62 5.55 5.84 5.62 5.18 5.18 4.67 4.38 4.38 4.38 3.65 3.36 2.19 2.12 2.34 1.61 2.04 0.58 0.00 0.00 0.00 0.00 0.00 0.00 0.00 0.00 0.00 0.00 0.00 0.00 0.00 0.00 0.00 0.00 0.00 0.00 0.00 0.00
0.00 0.00 0.00 0.00 0.00 0.00 0.00 0.00 0.00 0.00 0.00 0.00 0.00 0.00 0.00 0.00 0.00 0.00 0.00 0.00 0.00 0.00 0.00 0.00 0.00 0.00 0.00 0.00 0.00 0.00 0.00 0.00 0.00 0.00 0.00 0.00 0.00 0.00 0.00 0.00 0.66 2.70 6.28 11.17 11.39 8.47 6.57 7.45 7.66 7.74 7.30 7.30 6.50 5.91 6.72 7.66 6.06 4.53 3.07 2.56 3.07 1.90 1.02 0.44 0.00 0.00 0.00 0.00 0.00 0.00 0.00 0.00 0.00 0.00 0.00 0.00 0.00 0.00 0.00 0.00 0.00 0.00 0.00 0.00
0.00 0.00 0.00 0.00 0.00 0.00 0.00 0.00 0.00 0.00 0.00 0.00 0.00 0.00 0.00 0.00 0.00 0.00 1.02 0.00 0.00 0.00 0.00 0.00 0.00 0.00 0.00 0.00 0.00 0.00 0.00 0.00 0.00 0.00 0.00 0.00 0.00 0.00 0.00 0.00 0.37 2.77 4.67 8.47 11.39 10.73 8.61 7.74 7.74 7.74 9.13 9.13 9.93 9.49 9.93 10.59 9.64 6.57 4.82 3.29 3.43 2.34 1.24 0.51 0.00 0.00 0.00 0.00 0.00 0.00 0.00 0.15 0.00 0.00 0.00 0.00 0.00 0.00 0.00 0.00 0.00 0.00 0.00 0.00
0.00 0.00 0.00 0.00 0.00 0.00 0.00 0.00 0.00 0.00 0.00 0.00 0.00 1.68 2.85 1.75 2.26 2.56 2.19 0.00 0.00 0.00 0.00 0.00 0.00 0.00 0.00 0.00 0.00 0.00 0.00 0.00 0.00 0.00 0.00 0.00 0.00 0.00 0.00 0.00 0.73 3.07 4.82 5.77 9.20 9.42 8.47 6.50 6.35 6.72 8.40 8.40 10.15 10.73 11.83 11.53 9.71 7.74 5.91 4.38 3.80 3.58 2.85 1.02 0.00 0.00 0.00 0.00 0.00 0.00 0.00 0.00 0.00 0.07 0.00 0.44 0.44 0.51 0.95 0.00 0.00 0.00 0.00 0.00
0.58 0.58 0.00 0.00 0.00 0.00 0.00 0.00 0.00 0.00 0.00 0.00 1.68 5.33 5.55 4.53 4.74 2.92 0.66 0.00 0.00 0.00 0.00 0.00 0.00 0.00 0.00 0.00 0.00 0.00 0.00 0.00 0.00 0.00 0.00 0.00 0.00 0.00 0.00 0.44 2.19 5.33 7.52 5.99 6.72 7.52 7.01 5.69 5.40 6.72 7.08 7.08 7.74 8.83 10.37 10.37 9.13 7.23 6.50 4.45 3.36 3.36 3.87 1.97 0.95 1.83 1.39 0.00 0.00 0.00 0.00 1.75 1.75 0.00 0.00 0.00 0.00 0.00 0.95 0.51 0.58 0.95 0.00 0.00
0.22 0.22 0.00 0.00 0.00 0.00 0.00 0.00 0.00 0.00 0.00 2.92 4.09 6.35 5.84 5.40 4.23 2.34 0.00 0.00 0.00 0.00 0.00 0.00 0.00 0.00 0.00 0.00 0.00 0.73 0.00 0.00 0.00 0.00 0.00 0.00 0.00 0.00 0.15 1.39 3.87 6.20 8.47 7.01 6.28 6.42 5.69 5.69 5.18 6.06 7.59 7.59 8.10 6.86 6.50 7.23 7.59 5.62 4.23 2.48 1.61 2.56 3.36 4.02 2.04 1.24 1.90 2.26 1.46 1.61 1.39 2.70 0.00 0.00 0.00 0.00 0.00 0.00 0.00 0.00 0.44 0.15 0.22 0.00
0.29 0.29 0.00 0.00 0.00 0.00 0.00 0.00 0.00 0.00 2.26 3.21 4.96 5.91 3.94 2.63 0.00 0.00 0.00 0.00 0.00 0.00 0.00 0.00 0.00 0.00 0.00 0.00 0.00 0.58 0.00 0.00 0.00 0.00 0.00 0.00 0.00 1.39 1.97 3.72 5.33 7.37 7.52 6.42 6.72 6.64 6.28 5.62 5.91 5.48 7.59 7.59 8.03 7.08 6.13 4.38 4.02 4.02 3.80 3.29 2.41 2.12 2.63 3.50 3.87 2.56 0.66 1.17 0.80 0.07 2.92 3.14 2.85 2.04 2.12 2.04 2.04 0.58 0.00 0.00 0.00 0.00 0.07 0.00
