Wansh/Snow_depth/snowdepth-1990/winter/1991054.txt
ncols 321
nrows 161
xllcenter 60
yllcenter 15 
cellsize  0.25 
NODATA_value -1
[rows 0 to 36 of 161, columns 168 to 251 of 321]
10.73 9.05 6.79 5.99 5.62 6.42 6.79 6.20 5.91 5.91 6.13 6.13 6.79 7.15 6.28 5.91 6.94 8.25 9.56 10.88 11.90 11.68 11.24 11.02 10.07 8.69 4.53 0.00 0.00 0.00 0.00 3.07 12.19 14.24 14.02 14.02 13.51 13.51 14.67 14.75 15.84 15.62 16.43 18.83 19.27 20.00 20.15 22.63 21.68 17.81 15.33 14.60 15.62 16.86 18.47 17.59 17.96 19.64 24.02 22.92 22.92 22.48 22.34 23.29 25.48 27.16 27.96 27.52 26.21 24.09 23.58 22.63 23.07 23.43 22.63 23.58 24.60 25.48 26.28 25.55 23.58 22.34 21.32 20.37
12.05 11.39 9.13 8.32 7.74 6.50 5.91 5.69 5.77 5.77 6.64 6.86 7.01 6.50 5.99 6.42 7.37 9.13 11.02 12.26 12.48 11.97 11.75 11.46 8.91 1.10 0.00 0.00 0.00 0.00 0.44 7.01 11.32 13.14 13.14 13.14 13.80 14.82 16.94 17.96 18.61 19.42 19.27 19.78 20.00 21.02 20.81 20.00 17.96 16.13 15.55 15.70 17.08 18.76 20.15 21.17 21.68 22.56 23.65 23.21 23.21 23.36 24.60 25.26 25.77 25.62 25.48 25.92 25.77 24.75 23.43 22.48 23.51 23.00 22.78 22.27 22.70 23.21 23.94 22.41 20.08 18.83 16.50 15.18
15.62 14.31 12.19 11.32 11.17 10.07 8.40 5.91 6.35 6.35 6.79 6.72 6.50 6.72 7.96 8.61 10.29 11.46 11.90 12.41 12.85 12.12 11.02 10.66 4.96 0.07 0.00 0.00 0.00 0.00 2.85 9.27 12.70 13.29 13.58 13.58 14.31 15.77 18.91 20.37 20.59 19.13 19.13 18.03 17.96 17.08 19.71 17.23 15.91 15.18 15.55 16.06 17.30 18.32 19.42 20.00 19.13 19.78 20.95 22.41 22.41 21.75 24.97 24.02 22.92 22.34 22.70 23.36 23.80 23.00 21.61 21.61 23.00 22.63 21.17 19.20 18.69 19.49 18.32 17.96 17.45 16.57 15.84 16.13
15.62 14.31 12.19 11.32 11.17 10.07 8.40 5.91 6.35 6.35 6.79 6.72 6.50 6.72 7.96 8.61 10.29 11.46 11.90 12.41 12.85 12.12 11.02 10.66 4.96 0.07 0.00 0.00 0.00 0.00 2.85 9.27 12.70 13.29 13.58 13.58 14.31 15.77 18.91 20.37 20.59 19.13 19.13 18.03 17.96 17.08 19.71 17.23 15.91 15.18 15.55 16.06 17.30 18.32 19.42 20.00 19.13 19.78 20.95 22.41 22.41 21.75 24.97 24.02 22.92 22.34 22.70 23.36 23.80 23.00 21.61 21.61 23.00 22.63 21.17 19.20 18.69 19.49 18.32 17.96 17.45 16.57 15.84 16.13
17.37 16.06 15.40 13.65 13.87 14.09 11.32 8.54 6.28 6.28 6.64 8.25 9.20 10.59 10.80 11.90 13.36 14.02 12.99 11.53 10.88 10.00 6.94 4.31 0.00 0.00 0.00 0.00 0.00 0.00 3.58 8.10 9.78 11.39 12.63 12.63 13.80 14.60 15.70 17.23 17.59 17.45 16.57 16.28 16.79 16.86 17.16 17.37 16.13 15.62 15.40 16.06 17.37 17.67 18.18 17.74 18.18 19.71 20.81 22.63 22.63 21.68 22.70 22.27 21.61 21.53 21.68 20.95 20.81 20.08 18.91 19.49 20.15 18.83 17.52 16.72 16.72 17.37 18.25 18.98 18.83 18.91 18.83 19.05
20.59 21.17 19.20 17.89 16.79 16.50 15.48 12.12 10.15 10.15 9.13 10.80 12.26 12.99 13.51 13.87 14.45 13.29 12.12 9.78 7.59 1.31 0.00 0.00 0.00 0.00 0.00 0.00 2.48 6.13 9.42 10.15 10.80 11.75 13.21 13.21 15.11 15.11 14.31 14.38 15.04 15.11 15.70 15.11 14.45 14.09 15.26 15.70 15.62 15.84 16.13 16.79 17.81 18.03 17.30 16.86 17.96 18.69 18.61 20.66 20.66 21.53 20.81 22.19 21.68 20.22 18.32 17.45 17.52 16.43 16.13 16.64 16.79 16.86 16.72 16.35 16.35 17.01 17.96 19.78 20.37 20.22 21.17 21.90
21.46 24.09 23.94 22.63 20.51 19.42 18.40 17.52 15.33 15.33 13.36 12.85 13.36 14.16 16.21 16.28 14.45 11.24 6.94 3.94 0.00 0.00 0.00 0.00 0.00 0.00 0.00 0.00 7.01 10.95 13.07 14.53 15.18 16.28 16.86 16.86 17.16 15.33 14.31 13.58 13.87 15.33 15.48 15.70 16.21 15.70 13.58 16.57 17.01 15.62 17.74 17.89 17.89 17.89 16.06 15.70 15.62 15.84 16.21 18.25 18.25 19.20 19.64 19.35 20.81 16.06 14.53 14.09 14.31 13.87 13.87 13.65 13.94 14.67 14.97 14.31 14.31 14.09 15.18 17.72 21.09 22.85 22.77 26.74
21.46 24.09 23.94 22.63 20.51 19.42 18.40 17.52 15.33 15.33 13.36 12.85 13.36 14.16 16.21 16.28 14.45 11.24 6.94 3.94 0.00 0.00 0.00 0.00 0.00 0.00 0.00 0.00 7.01 10.95 13.07 14.53 15.18 16.28 16.86 16.86 17.16 15.33 14.31 13.58 13.87 15.33 15.48 15.70 16.21 15.70 13.58 16.57 17.01 15.62 17.74 17.89 17.89 17.89 16.06 15.70 15.62 15.84 16.21 18.25 18.25 19.20 19.64 19.35 20.81 16.06 14.53 14.09 14.31 13.87 13.87 13.65 13.94 14.67 14.97 16.54 19.74 20.27 20.80 30.10 34.83 30.41 29.30 27.74
17.74 20.15 23.36 23.36 21.97 19.20 16.79 16.64 16.06 16.06 15.77 15.91 16.06 16.21 15.77 14.24 11.53 8.10 2.99 0.00 0.00 0.00 0.00 0.00 0.00 0.00 5.48 7.88 9.93 11.02 12.12 12.92 14.45 17.23 17.81 17.81 18.18 16.64 14.75 14.89 14.89 15.70 16.28 16.94 16.79 16.86 17.81 17.89 19.64 19.93 18.25 18.10 17.67 15.55 14.53 14.09 13.72 12.85 13.58 14.24 14.24 14.53 14.60 13.80 15.77 15.18 12.12 11.83 11.75 11.61 12.56 12.19 12.63 12.87 15.17 18.72 19.63 18.36 15.45 20.96 22.22 21.41 21.94 24.69
11.10 14.38 16.86 18.83 19.78 18.40 16.21 14.75 14.67 14.67 15.40 15.77 15.70 13.87 10.22 7.01 3.65 0.00 0.00 0.00 0.00 0.00 0.00 0.00 4.45 6.28 8.83 9.78 9.78 10.59 11.24 10.80 11.39 12.12 12.92 12.92 13.80 14.02 13.07 13.21 14.75 15.55 15.70 15.26 15.04 15.40 15.91 17.52 17.23 18.40 18.18 18.47 14.45 14.24 14.16 12.99 12.12 11.90 12.19 11.97 11.97 11.24 11.68 11.02 10.95 11.46 10.73 10.51 10.29 10.66 11.39 11.10 11.95 14.81 15.63 15.57 15.98 18.00 19.30 18.37 16.82 17.83 22.01 23.40
9.27 8.40 9.56 10.95 13.94 15.33 16.28 15.11 14.53 14.53 13.94 12.05 9.13 7.30 2.34 0.00 0.00 0.00 0.00 0.00 0.00 3.80 6.64 8.32 9.86 10.22 10.59 10.15 10.15 9.42 8.98 8.40 8.47 8.76 9.64 9.64 10.66 11.68 12.34 13.14 13.51 13.65 13.43 12.26 12.56 12.85 13.80 15.77 13.94 15.33 15.40 15.40 15.77 14.16 13.36 12.34 11.90 12.56 12.12 11.32 11.32 11.68 11.61 10.66 10.29 10.15 9.93 9.93 9.86 9.78 10.29 10.22 10.03 10.08 9.86 14.09 17.33 18.22 15.51 15.98 16.81 19.68 18.33 17.67
9.27 8.40 9.56 10.95 13.94 15.33 16.28 15.11 14.53 14.53 13.94 12.05 9.13 7.30 2.34 0.00 0.00 0.00 0.00 0.00 0.00 3.80 6.64 8.32 9.86 10.22 10.59 10.15 10.15 9.42 8.98 8.40 8.47 8.76 9.64 9.64 10.66 11.68 12.34 13.14 13.51 13.65 13.43 12.26 12.56 12.85 13.80 15.77 13.94 15.33 15.40 15.40 15.77 14.16 13.36 12.34 11.90 12.56 12.12 11.32 11.32 11.68 11.61 10.66 10.29 10.15 9.93 9.93 9.86 9.78 10.29 10.22 9.78 9.93 9.56 13.08 15.45 16.87 16.55 16.58 16.81 19.26 20.13 18.90
12.48 10.95 9.34 7.96 8.47 10.22 9.71 8.18 5.40 5.40 5.04 1.53 0.00 0.00 0.00 0.00 0.00 0.00 3.80 6.72 7.96 7.88 7.45 7.88 8.47 8.91 8.69 8.47 8.10 7.88 7.45 7.74 7.74 8.03 9.05 9.05 10.51 11.24 11.10 11.32 11.46 10.29 9.71 8.32 8.18 8.54 9.56 13.51 11.61 13.65 14.45 13.94 12.99 13.87 12.41 12.41 12.48 12.85 12.05 11.75 11.75 11.61 11.46 11.39 11.39 11.39 11.32 10.95 9.93 9.34 9.78 10.29 10.15 10.15 10.63 13.73 17.59 16.40 16.62 17.76 18.15 19.75 21.90 20.16
13.65 14.02 12.85 10.66 9.64 9.49 7.01 2.63 0.00 0.00 0.00 0.00 0.00 0.00 0.00 0.00 0.00 1.39 4.82 8.25 8.61 7.66 7.08 6.79 7.01 7.37 7.81 8.25 8.10 7.81 7.59 7.74 7.59 8.69 9.34 9.34 9.93 10.51 10.44 9.93 9.49 8.76 8.40 8.40 7.23 7.30 7.01 8.03 11.83 10.59 10.66 10.80 10.37 10.44 10.66 11.53 12.56 12.56 12.34 11.61 11.61 12.19 13.21 14.02 14.09 14.02 12.92 12.70 11.46 10.80 10.66 10.73 11.32 12.79 15.34 16.20 14.99 16.64 19.99 17.79 20.62 18.93 21.00 22.61
14.38 14.82 15.04 13.43 12.41 11.24 10.00 7.74 3.87 3.87 1.24 0.00 1.17 0.73 1.10 1.83 3.36 6.28 8.10 8.76 8.25 8.47 8.47 8.18 7.52 7.37 7.23 8.40 8.83 8.54 8.25 7.52 7.66 7.81 8.32 8.32 9.42 9.56 9.78 9.56 8.40 7.96 7.01 7.37 7.88 8.32 7.96 8.40 8.69 8.91 8.98 8.18 8.25 8.98 9.93 10.00 12.85 13.43 12.48 12.92 12.92 13.36 14.24 14.24 13.36 13.51 13.21 12.34 11.24 12.41 11.90 11.90 13.58 16.51 16.91 16.92 16.64 20.12 21.02 20.31 20.09 19.25 21.75 19.96
16.94 16.86 14.82 13.51 13.87 14.16 12.85 12.63 12.26 12.26 11.02 8.61 8.10 8.32 8.47 7.66 7.66 7.96 8.54 8.40 8.10 8.54 8.98 9.27 9.13 8.91 8.61 8.76 8.76 8.83 9.34 9.42 9.20 9.20 9.42 9.42 9.13 8.91 8.69 8.83 8.91 8.69 8.25 8.10 7.52 7.52 8.32 8.10 7.08 7.96 6.72 6.13 6.28 7.23 9.78 11.83 11.02 15.48 14.97 14.31 14.31 12.85 12.63 12.26 11.46 11.68 10.59 8.76 8.76 9.93 11.61 13.92 17.63 17.81 18.36 17.00 20.31 19.81 21.33 21.95 20.84 21.31 19.70 17.79
16.94 16.86 14.82 13.51 13.87 14.16 12.85 12.63 12.26 12.26 11.02 8.61 8.10 8.32 8.47 7.66 7.66 7.96 8.54 8.40 8.10 8.54 8.98 9.27 9.13 8.91 8.61 8.76 8.76 8.83 9.34 9.42 9.20 9.20 9.42 9.42 9.13 8.91 8.69 8.83 8.91 8.69 8.25 8.10 7.52 7.52 8.32 8.10 7.08 7.96 6.72 6.13 6.28 7.23 9.78 11.83 11.02 15.48 14.97 14.31 14.31 12.85 12.63 12.26 11.46 11.68 10.59 8.76 8.76 9.93 11.61 17.09 16.52 19.36 16.49 21.03 20.61 21.90 21.75 19.80 20.15 18.32 21.42 20.20
14.89 16.86 17.45 16.21 15.77 15.33 14.82 14.60 14.02 14.02 12.12 11.83 11.75 11.32 10.73 10.44 10.29 10.73 10.80 10.37 9.93 10.15 10.15 10.15 9.93 9.20 9.42 9.86 9.86 9.71 10.07 10.73 10.73 10.59 10.80 10.80 11.02 10.22 8.54 9.27 9.64 9.56 9.27 7.88 6.20 5.62 4.82 4.89 5.11 4.09 4.16 4.38 5.77 7.30 8.69 11.39 13.87 13.07 14.24 12.34 12.34 10.80 10.51 9.56 8.91 7.23 6.42 6.50 7.59 10.15 13.01 12.19 19.41 19.74 20.05 23.17 24.64 22.63 21.39 23.51 21.21 20.20 19.36 15.54
12.41 15.70 18.10 18.76 17.16 16.50 15.62 13.72 13.07 13.07 13.36 14.09 14.24 15.40 16.35 15.18 12.12 11.32 12.19 11.90 11.68 11.02 9.71 9.42 9.56 9.20 9.05 9.13 9.05 9.42 10.15 9.93 10.00 10.07 10.37 10.37 11.10 10.73 10.80 9.93 9.56 8.76 7.08 5.69 4.38 3.72 3.07 3.07 2.34 2.77 3.07 4.31 5.62 6.50 7.15 8.47 10.29 10.66 12.63 10.37 10.37 9.13 8.32 7.08 6.13 5.69 6.13 6.72 7.37 9.61 13.57 17.48 17.15 22.29 23.52 25.39 24.39 24.21 23.18 24.23 21.11 22.47 18.95 17.79
13.51 13.94 15.62 15.62 16.43 16.13 15.11 12.92 12.63 12.63 13.29 14.82 17.08 18.83 18.47 16.57 14.16 11.97 11.02 11.32 12.34 12.56 11.75 9.71 8.47 8.40 9.05 9.05 8.47 9.71 11.17 11.53 10.44 9.93 9.86 9.86 10.29 10.59 10.44 10.07 9.42 7.96 5.99 4.60 3.87 3.21 3.29 3.36 2.77 3.43 3.50 4.96 5.84 6.20 5.40 5.99 8.03 10.66 8.76 10.66 10.66 10.07 9.71 9.49 7.59 6.86 7.15 7.66 8.54 11.39 14.09 20.00 23.07 20.95 26.13 28.00 28.85 30.17 30.39 25.42 25.19 18.72 15.95 16.91
11.32 11.46 13.51 14.31 13.58 13.43 12.34 11.17 12.12 12.12 13.36 15.48 18.40 20.44 19.20 17.16 13.51 11.24 10.88 11.53 11.97 12.41 11.32 9.86 8.61 7.96 7.45 7.30 8.61 10.29 11.39 12.26 12.63 12.05 11.24 11.24 11.24 9.20 8.25 7.74 7.01 5.77 3.94 3.36 3.29 3.50 2.99 2.48 1.83 1.90 3.21 4.38 5.62 5.48 4.31 6.64 10.07 12.41 12.78 11.39 11.39 11.24 11.46 9.49 8.18 7.52 7.52 8.83 11.10 12.92 17.30 20.59 24.02 24.16 28.11 31.47 34.34 29.77 32.57 27.87 27.73 18.91 18.05 13.33
6.72 8.32 12.05 14.45 13.94 12.63 10.88 10.00 11.24 11.24 12.56 13.87 15.99 18.54 19.49 16.43 12.34 10.95 11.83 11.68 11.61 10.88 9.27 8.76 7.74 7.96 8.61 8.83 9.86 11.46 13.58 12.48 11.24 11.75 12.12 12.12 10.95 8.69 7.23 6.20 5.40 5.33 4.45 3.14 2.34 1.75 1.53 1.24 0.66 2.70 3.29 5.26 6.72 7.81 7.59 10.07 12.56 15.40 15.62 14.75 14.75 12.78 8.95 5.69 4.23 5.04 7.08 9.34 12.05 13.72 16.57 20.29 23.29 26.79 28.44 30.53 36.00 31.83 33.45 25.91 18.73 15.62 15.07 12.04
6.72 8.32 12.05 14.45 13.94 12.63 10.88 10.00 11.24 11.24 12.56 13.87 15.99 18.54 19.49 16.43 12.34 10.95 11.83 11.68 11.61 10.88 9.27 8.76 7.74 7.96 8.61 8.83 9.86 11.46 13.58 12.48 11.24 11.75 12.12 12.12 10.95 8.69 7.23 6.20 5.40 5.33 4.45 3.14 2.34 1.75 1.53 1.24 0.66 2.70 3.29 5.26 6.72 7.81 7.59 10.07 12.56 15.40 15.62 14.75 14.75 12.78 8.95 5.69 4.23 5.04 7.08 9.34 12.05 13.72 16.57 20.29 23.29 26.79 27.30 30.70 27.96 28.00 28.01 30.16 22.91 15.96 11.81 11.10
3.65 5.26 8.32 11.02 11.75 11.32 10.88 10.15 10.00 10.00 10.29 10.51 11.68 13.94 14.60 14.53 13.29 11.75 12.78 13.36 11.97 10.00 9.27 9.20 8.83 10.15 12.41 12.78 12.34 12.99 13.58 12.05 10.22 9.05 8.69 8.69 8.61 7.66 7.30 7.01 6.79 6.28 5.40 4.67 3.21 1.97 1.68 1.83 2.04 2.19 5.99 6.28 8.69 9.64 10.73 11.68 12.85 15.33 15.84 11.53 11.53 7.23 9.86 0.00 0.00 3.36 7.01 8.61 11.53 12.78 15.11 16.86 22.70 25.40 26.72 27.73 27.05 36.61 33.39 27.39 21.24 11.99 11.12 11.06
2.70 3.29 5.40 7.81 8.54 8.91 9.49 9.86 9.86 9.86 10.00 10.07 10.73 11.61 13.87 15.99 15.62 15.26 15.48 15.40 13.80 12.05 10.95 11.39 12.12 11.75 14.09 17.30 17.16 15.99 14.02 12.12 10.00 8.61 8.69 8.69 8.83 9.56 9.49 8.76 8.10 6.28 5.55 4.67 3.65 2.70 1.61 1.75 1.97 3.07 6.13 5.62 8.32 11.02 11.97 12.41 11.75 10.37 8.40 3.87 3.87 0.88 3.87 0.00 0.00 4.53 7.23 9.42 12.34 13.29 14.75 16.94 22.05 25.55 28.38 29.28 28.80 29.11 30.54 25.73 22.02 12.18 11.31 10.48
3.07 3.58 3.65 4.45 5.33 5.11 5.48 7.37 7.52 7.52 8.69 10.73 10.88 12.12 14.97 17.16 17.96 18.18 18.61 17.89 15.26 13.36 13.36 13.29 14.02 13.72 14.75 18.47 19.13 17.30 15.18 13.14 11.39 10.00 10.88 10.88 11.83 12.92 13.72 12.34 9.78 6.20 2.99 1.68 0.44 0.00 0.00 0.00 0.00 1.53 1.83 5.99 5.11 5.48 6.28 6.86 5.62 4.09 1.10 0.00 0.00 0.00 0.00 0.00 2.99 6.64 9.71 12.70 14.31 15.33 16.13 17.74 22.60 27.65 29.42 32.62 33.82 30.13 24.66 20.22 13.97 10.31 8.55 6.32
3.58 2.92 2.34 2.41 2.41 1.39 2.56 4.23 5.40 5.40 8.32 9.64 10.15 11.75 13.58 15.62 16.86 17.81 18.47 17.74 16.43 15.40 14.89 16.13 16.43 16.72 17.37 18.76 19.49 18.98 16.94 14.89 14.38 13.80 15.33 15.33 15.99 15.70 14.16 11.61 8.83 6.79 3.07 0.66 0.80 0.00 0.00 0.00 0.00 0.00 0.00 1.75 0.00 1.97 2.26 2.34 1.61 1.24 1.24 1.61 1.61 2.77 4.82 5.26 3.29 8.76 11.90 13.94 15.18 16.13 17.67 20.22 24.31 26.67 31.08 33.29 31.01 38.85 18.80 13.22 10.32 8.26 6.40 5.02
1.46 1.02 0.00 0.80 0.00 0.00 0.00 1.46 4.23 4.23 6.50 7.66 9.64 11.10 13.14 13.58 13.43 13.43 13.80 13.58 14.09 14.97 15.11 15.55 17.01 16.35 18.32 19.13 17.52 16.86 17.81 18.83 18.10 18.40 19.05 19.05 20.08 18.32 15.62 13.21 10.15 7.23 5.26 4.38 2.04 1.75 2.19 1.39 1.02 0.00 0.00 0.00 0.00 0.00 0.00 2.48 1.97 2.63 3.87 4.74 4.74 7.08 8.40 7.81 8.76 8.18 14.60 16.72 17.81 18.47 20.37 24.18 28.94 27.18 28.95 31.08 24.71 18.49 22.21 10.76 8.54 5.82 4.08 2.40
1.46 1.02 0.00 0.80 0.00 0.00 0.00 1.46 4.23 4.23 6.50 7.66 9.64 11.10 13.14 13.58 13.43 13.43 13.80 13.58 14.09 14.97 15.11 15.55 17.01 16.35 18.32 19.13 17.52 16.86 17.81 18.83 18.10 18.40 19.05 19.05 20.08 18.32 15.62 13.21 10.15 7.23 5.26 4.38 2.04 1.75 2.19 1.39 1.02 0.00 0.00 0.00 0.00 0.00 0.00 2.48 1.97 2.63 3.87 4.74 4.74 7.08 8.40 7.81 8.76 8.18 14.60 16.72 17.81 18.47 20.47 23.92 26.17 30.28 30.89 36.26 28.68 17.90 23.20 10.46 9.03 6.90 3.72 2.04
0.00 0.58 1.75 1.75 0.07 0.00 0.00 0.22 3.87 3.87 6.50 7.66 9.56 11.17 11.24 12.05 12.34 12.34 11.83 11.46 11.02 12.05 13.21 14.31 16.35 18.40 18.98 17.67 16.21 15.40 16.28 16.43 16.57 16.50 17.08 17.08 16.72 16.13 15.18 15.26 13.65 12.85 12.70 11.46 9.64 6.64 4.60 4.60 3.36 2.92 1.46 0.00 0.00 2.34 3.07 3.80 3.80 4.96 7.81 9.20 9.24 9.76 11.08 10.15 13.36 8.76 20.66 20.51 21.06 21.38 23.74 26.84 32.78 35.41 34.59 28.32 21.71 13.64 10.46 10.98 4.35 3.05 0.73 0.00
0.73 1.17 1.61 1.02 0.00 0.00 0.00 0.00 1.10 1.10 3.29 4.82 5.84 8.47 9.56 11.24 13.43 14.75 15.11 13.80 12.12 11.32 12.12 13.21 15.48 17.30 17.89 17.74 15.99 14.45 14.75 15.40 14.75 13.51 13.36 13.36 13.51 14.89 15.91 16.72 15.99 15.55 15.70 15.77 14.24 11.10 9.20 7.37 5.91 4.53 4.67 3.80 3.65 5.11 5.99 5.84 6.64 8.69 12.34 13.58 13.58 14.53 14.97 15.77 19.20 21.53 18.76 21.46 24.16 25.92 27.16 29.50 34.49 35.55 28.52 19.27 12.82 5.97 5.74 6.49 2.90 1.07 0.00 0.00
2.70 2.34 1.53 0.51 0.00 0.00 0.00 0.07 0.00 0.00 0.00 0.80 0.00 4.45 6.86 10.22 13.87 15.62 15.55 13.80 12.26 12.12 13.72 16.28 18.98 21.53 20.73 18.54 17.59 16.43 16.35 15.70 15.55 14.75 13.43 13.43 12.34 13.21 15.04 15.26 13.72 14.09 13.80 14.38 13.80 11.75 9.20 7.52 6.64 6.79 6.86 7.15 5.77 8.69 9.56 8.61 10.07 12.26 14.89 17.30 17.30 17.23 18.03 19.71 20.08 20.08 20.00 19.86 25.40 26.35 26.79 29.35 33.11 29.41 22.06 13.54 7.19 4.57 2.57 2.77 2.30 0.53 0.00 0.00
1.31 1.46 0.44 0.00 0.00 0.00 0.00 0.00 0.00 0.00 0.00 0.00 0.00 0.00 2.26 7.30 10.29 12.63 12.63 13.21 13.87 14.97 16.43 18.76 21.68 23.65 23.29 22.12 21.75 20.66 18.18 16.57 15.55 14.53 12.26 12.26 10.88 9.86 9.78 9.64 9.42 7.37 6.72 6.94 8.69 7.52 6.94 6.50 7.08 7.37 8.40 8.69 9.13 8.98 9.13 10.00 11.17 13.43 17.30 19.78 19.78 19.42 19.42 19.27 20.37 21.02 19.13 18.76 24.97 26.50 27.23 27.80 31.31 26.34 16.40 7.15 4.57 3.65 2.07 1.11 0.41 0.86 0.00 0.00
0.00 0.29 0.00 0.00 0.00 0.00 0.00 0.00 0.00 0.00 0.00 0.00 0.00 0.00 0.00 0.00 2.85 6.13 8.25 9.93 11.75 14.09 16.28 17.74 19.71 20.59 20.88 20.44 19.86 17.52 17.01 15.77 14.24 12.78 10.00 10.00 8.47 6.79 5.55 4.67 5.18 6.28 6.20 4.53 4.45 4.96 6.57 7.96 9.71 9.20 9.20 9.13 8.47 10.22 10.66 11.83 13.43 15.40 18.18 19.27 19.27 18.54 17.59 18.98 20.66 19.71 17.67 19.71 18.47 25.77 26.94 26.72 22.55 14.37 7.54 5.74 3.61 2.30 0.88 0.58 0.00 0.00 0.00 0.00
0.00 0.00 0.00 0.00 0.00 0.00 0.00 0.00 0.00 0.00 0.00 0.00 0.00 0.00 0.00 0.00 0.00 2.04 4.67 7.81 10.29 10.88 11.39 12.85 14.67 14.45 14.45 12.78 11.61 10.88 9.49 8.83 8.10 9.34 8.54 8.54 6.64 5.84 4.74 3.07 2.70 4.45 5.48 5.91 5.77 5.69 7.37 9.05 9.78 11.61 13.65 13.43 14.09 9.93 12.34 13.80 15.33 16.28 16.57 16.79 16.79 15.70 15.62 17.08 17.96 18.47 18.47 21.17 23.87 23.07 25.33 23.48 16.61 11.32 6.86 5.15 3.49 2.16 0.52 0.00 0.00 0.00 0.00 0.00
0.00 0.00 0.00 0.00 0.00 0.00 0.00 0.00 0.00 0.00 0.00 0.00 0.00 0.00 0.00 0.00 0.00 2.04 4.67 7.81 10.29 10.88 11.39 12.85 14.67 14.45 14.45 12.78 11.61 10.88 9.49 8.83 8.10 9.34 8.54 8.54 6.64 5.84 4.74 3.07 2.70 4.45 5.48 5.91 5.77 5.69 7.37 9.05 9.78 11.61 13.65 13.43 14.09 9.93 12.34 13.80 15.33 16.28 16.57 16.79 16.79 15.70 15.62 17.08 17.96 18.47 18.47 21.17 23.87 23.07 25.33 23.36 16.36 11.15 6.86 5.38 3.10 2.07 0.51 0.00 0.00 0.00 0.00 0.00
0.07 0.00 0.00 0.00 0.00 0.00 0.00 0.00 0.00 0.00 0.00 0.00 0.00 1.02 0.80 0.00 0.00 0.00 2.04 5.77 7.01 5.99 4.96 6.50 8.54 9.42 8.83 8.10 5.26 4.09 3.21 3.07 3.14 3.21 3.80 3.80 4.67 5.69 5.99 6.35 6.42 5.33 5.18 4.96 5.40 6.13 7.30 7.52 7.81 7.96 9.05 11.17 12.63 13.07 11.97 12.48 13.36 13.72 15.33 16.43 16.43 15.48 16.21 16.35 15.70 16.57 17.52 19.93 22.56 23.07 22.56 20.22 14.60 9.66 5.65 3.27 2.58 1.66 0.00 0.00 0.00 0.00 0.00 0.00
