Wansh/Snow_depth/snowdepth-1990/winter/1991039.txt
ncols 321
nrows 161
xllcenter 60
yllcenter 15 
cellsize  0.25 
NODATA_value -1
[rows 0 to 36 of 161, columns 0 to 83 of 321]
6.79 6.79 7.15 6.42 7.74 9.05 10.15 10.29 10.88 11.97 12.34 13.21 14.82 15.99 16.94 17.52 17.16 17.45 17.67 15.55 13.80 12.56 12.26 11.61 10.66 8.03 8.03 7.45 6.72 6.94 7.30 7.23 6.64 6.13 6.64 7.01 7.08 7.74 8.47 8.98 8.47 7.74 6.94 5.91 5.84 5.91 7.37 7.23 7.01 6.57 6.57 6.57 6.50 6.57 7.15 8.25 9.64 10.29 10.29 10.22 10.37 10.80 11.24 11.10 11.10 11.02 10.37 10.00 10.00 11.32 10.51 10.95 10.66 11.46 12.48 13.43 13.43 14.45 14.60 14.60 14.38 14.53 14.67 14.75
9.71 9.71 9.93 10.44 11.75 11.61 12.19 11.10 10.44 10.59 10.95 12.05 13.36 14.45 15.11 14.60 13.58 12.92 13.43 13.51 13.29 13.72 13.58 10.95 8.76 7.01 7.01 6.28 5.84 5.40 5.26 5.69 4.60 5.04 6.20 7.74 7.96 7.88 7.81 6.86 5.84 4.89 4.74 3.94 4.16 4.02 4.23 4.96 5.48 6.50 7.37 7.37 7.59 7.52 7.30 7.52 8.54 9.64 9.34 9.20 9.20 9.78 9.93 10.29 10.44 9.71 8.69 8.25 7.52 6.50 6.64 7.96 8.83 9.27 9.49 10.15 10.15 11.68 12.78 13.43 13.94 14.09 13.72 13.21
10.15 10.15 10.07 10.37 11.24 11.39 11.02 11.17 10.29 10.15 10.15 10.66 11.53 12.26 11.68 10.95 9.86 9.13 9.86 10.44 9.86 9.34 9.34 8.32 7.37 6.79 6.79 5.77 5.18 4.60 4.82 4.60 4.82 4.74 4.96 5.91 6.79 6.79 6.64 6.06 4.74 3.94 2.92 2.41 2.56 3.07 3.87 4.67 5.40 5.48 5.62 5.62 6.28 6.64 6.64 6.79 6.79 6.57 6.20 6.42 7.37 7.88 8.98 8.76 8.32 7.88 7.59 7.23 7.66 7.81 7.66 8.18 8.76 9.13 9.78 10.22 10.22 10.73 11.24 11.90 11.90 11.68 11.97 12.12
10.15 10.15 10.07 10.37 11.24 11.39 11.02 11.17 10.29 10.15 10.15 10.66 11.53 12.26 11.68 10.95 9.86 9.13 9.86 10.44 9.86 9.34 9.34 8.32 7.37 6.79 6.79 5.77 5.18 4.60 4.82 4.60 4.82 4.74 4.96 5.91 6.79 6.79 6.64 6.06 4.74 3.94 2.92 2.41 2.56 3.07 3.87 4.67 5.40 5.48 5.62 5.62 6.28 6.64 6.64 6.79 6.79 6.57 6.20 6.42 7.37 7.88 8.98 8.76 8.32 7.88 7.59 7.23 7.66 7.81 7.66 8.18 8.76 9.13 9.78 10.22 10.22 10.73 11.24 11.90 11.90 11.68 11.97 12.12
9.42 9.42 8.83 8.69 9.56 9.49 9.20 8.69 9.71 8.76 9.64 9.71 9.34 9.64 8.98 8.76 8.47 8.47 9.05 8.76 7.81 7.37 6.94 7.59 8.03 7.59 7.59 6.64 5.99 5.77 5.69 6.06 7.08 6.50 5.33 4.82 4.31 4.38 4.02 4.16 4.23 3.07 2.85 2.56 0.00 2.70 3.65 4.16 4.96 5.55 3.58 3.58 3.29 4.82 6.42 6.86 5.40 4.89 4.67 4.89 6.57 7.74 8.32 9.05 9.13 8.69 8.10 8.10 8.40 8.61 8.69 8.40 8.32 8.76 9.20 9.13 9.13 8.83 9.34 9.78 9.71 9.56 9.86 9.71
8.03 8.03 8.10 8.61 9.34 9.56 9.86 10.07 10.22 9.27 9.49 8.91 8.61 9.05 9.42 9.20 9.56 9.78 9.49 8.83 7.45 5.91 5.26 6.28 7.01 7.59 7.59 8.10 7.45 7.37 7.30 8.98 10.15 9.64 9.05 7.23 5.48 4.60 3.36 0.00 3.29 0.00 0.00 0.00 3.36 4.38 4.45 3.50 3.87 4.53 3.43 3.43 2.63 2.70 4.23 4.67 4.82 4.82 4.53 3.94 4.60 7.52 9.34 9.64 9.78 10.22 9.93 9.56 9.05 8.83 8.98 9.27 8.47 7.81 8.91 9.71 9.71 9.78 9.42 9.13 9.56 9.42 8.69 9.27
7.81 7.81 8.83 9.78 10.29 10.66 11.90 11.61 11.24 11.17 11.24 10.66 10.15 9.49 9.27 8.83 10.07 10.66 10.88 9.93 8.03 6.57 6.35 7.23 7.88 9.42 9.42 9.64 8.47 8.76 8.83 9.86 10.51 10.66 10.00 8.54 7.59 6.79 5.91 5.48 5.18 4.38 3.94 4.31 5.18 5.11 4.96 4.82 4.67 4.82 3.94 3.94 0.00 0.00 3.50 4.23 3.65 2.48 2.26 3.21 4.09 6.06 7.37 8.61 8.61 8.32 8.76 9.34 8.83 8.47 8.40 8.32 8.47 7.59 7.59 8.40 8.40 9.86 10.15 10.29 10.66 11.53 11.46 11.02
7.81 7.81 8.83 9.78 10.29 10.66 11.90 11.61 11.24 11.17 11.24 10.66 10.15 9.49 9.27 8.83 10.07 10.66 10.88 9.93 8.03 6.57 6.35 7.23 7.88 9.42 9.42 9.64 8.47 8.76 8.83 9.86 10.51 10.66 10.00 8.54 7.59 6.79 5.91 5.48 5.18 4.38 3.94 4.31 5.18 5.11 4.96 4.82 4.67 4.82 3.94 3.94 0.00 0.00 3.50 4.23 3.65 2.48 2.26 3.21 4.09 6.06 7.37 8.61 8.61 8.32 8.76 9.34 8.83 8.47 8.40 8.32 8.47 7.59 7.59 8.40 8.40 9.86 10.15 10.29 10.66 11.53 11.46 11.02
8.18 8.18 9.42 10.22 10.44 10.66 10.88 11.02 11.46 11.24 10.80 12.34 11.53 8.91 8.47 8.54 9.93 10.88 10.88 9.05 7.30 6.79 6.94 7.96 9.64 10.00 10.00 9.64 9.86 10.07 10.44 11.39 11.46 10.51 11.02 10.37 9.71 9.27 8.98 8.47 7.96 6.94 5.99 5.11 5.48 5.84 4.96 4.60 5.04 5.69 5.40 5.40 3.65 0.00 0.00 2.99 2.70 2.48 2.63 3.36 3.14 3.80 5.99 6.57 6.79 7.45 7.30 7.30 7.66 7.74 8.03 8.32 8.03 7.96 8.25 8.54 8.54 7.08 7.52 9.49 11.17 12.12 12.99 14.02
7.74 7.74 8.03 8.69 10.07 10.22 9.56 9.20 9.49 9.64 9.05 8.61 9.86 9.13 8.03 9.27 10.00 10.88 9.78 7.37 5.91 6.20 6.86 7.81 9.20 9.86 9.86 9.64 10.51 11.46 12.78 13.65 14.75 14.45 13.87 13.43 12.41 11.75 11.53 11.53 11.46 11.17 8.91 7.59 7.30 6.79 5.48 4.74 5.26 5.99 6.06 6.06 4.74 2.56 0.00 0.00 0.00 3.14 4.09 3.58 3.58 3.87 4.60 6.06 7.45 7.59 8.25 9.13 9.13 8.98 8.76 8.54 8.69 9.64 10.88 11.39 11.39 11.68 10.66 8.98 9.64 11.61 12.85 13.21
7.01 7.01 6.86 7.74 9.05 9.71 9.49 9.27 9.20 8.76 8.47 8.61 8.69 8.32 7.59 10.07 9.71 9.78 8.98 7.30 6.13 6.28 7.59 8.18 9.34 10.15 10.15 10.59 12.48 14.45 15.48 17.01 17.81 17.52 16.79 16.28 14.38 12.99 12.78 12.85 12.92 13.29 12.05 10.51 10.15 9.64 8.40 7.81 7.52 7.45 7.23 7.23 6.42 5.62 3.87 2.92 2.99 5.69 7.30 7.15 7.15 7.30 8.10 8.61 9.71 10.29 9.64 9.71 9.20 8.76 9.34 8.83 9.64 10.95 12.26 13.87 13.87 15.62 15.33 14.75 14.38 14.60 15.04 15.40
7.01 7.01 6.86 7.74 9.05 9.71 9.49 9.27 9.20 8.76 8.47 8.61 8.69 8.32 7.59 10.07 9.71 9.78 8.98 7.30 6.13 6.28 7.59 8.18 9.34 10.15 10.15 10.59 12.48 14.45 15.48 17.01 17.81 17.52 16.79 16.28 14.38 12.99 12.78 12.85 12.92 13.29 12.05 10.51 10.15 9.64 8.40 7.81 7.52 7.45 7.23 7.23 6.42 5.62 3.87 2.92 2.99 5.69 7.30 7.15 7.15 7.30 8.10 8.61 9.71 10.29 9.64 9.71 9.20 8.76 9.34 8.83 9.64 10.95 12.26 13.87 13.87 15.62 15.33 14.75 14.38 14.60 15.04 15.40
7.15 7.15 7.59 8.25 8.47 8.69 8.18 8.18 8.47 8.10 7.81 8.83 9.20 8.83 9.34 10.15 9.78 10.07 9.27 9.86 9.49 9.13 10.51 11.17 11.53 12.48 12.48 13.58 14.82 16.64 17.08 17.81 18.18 17.30 17.16 16.86 16.06 14.97 13.36 12.63 12.92 13.43 13.80 13.65 13.58 12.99 11.10 10.15 10.07 9.78 9.49 9.49 8.61 8.10 7.88 7.37 8.40 10.00 11.02 11.24 10.95 10.59 10.44 11.32 12.05 12.19 12.78 12.56 11.24 9.05 8.40 9.13 10.37 11.53 11.39 11.68 11.68 14.67 18.03 19.71 20.51 17.01 14.97 14.82
8.54 8.54 8.83 8.47 8.54 7.66 7.59 7.81 7.96 8.18 7.88 8.10 8.69 9.13 10.00 9.93 11.68 11.46 11.53 11.97 11.53 11.97 13.65 15.33 16.28 15.62 15.62 15.04 15.70 15.77 16.28 17.89 17.37 16.72 17.23 17.23 17.23 15.70 14.09 13.51 13.58 14.16 14.38 14.24 14.75 15.18 14.09 12.48 12.48 12.26 12.41 12.41 11.53 10.44 10.29 11.53 12.99 14.09 14.16 14.53 13.87 12.70 11.68 11.75 11.97 11.97 12.85 13.72 13.43 11.17 9.78 8.83 10.73 12.78 13.36 13.07 13.07 13.36 14.16 15.70 16.72 16.13 14.31 13.29
7.45 7.45 7.66 7.30 7.30 7.15 7.23 7.96 8.61 9.20 9.42 9.42 9.86 11.10 13.07 14.16 13.65 15.11 14.53 13.58 12.19 12.19 15.26 17.08 17.52 16.64 16.64 16.28 16.43 16.28 16.57 16.50 16.72 17.08 16.57 15.55 15.77 15.48 15.11 15.04 16.35 15.77 15.40 15.62 16.35 17.16 17.23 15.70 14.45 14.16 13.87 13.87 13.07 11.68 11.53 13.07 15.77 16.28 16.43 16.13 15.18 14.24 13.07 12.48 12.19 12.12 12.19 13.36 14.82 14.53 12.85 11.90 13.07 14.89 16.06 15.91 15.91 15.26 15.55 14.82 13.94 13.21 13.43 12.78
6.64 6.64 7.45 8.47 6.86 7.81 8.18 8.69 9.71 10.80 10.95 10.88 11.90 11.97 11.53 11.83 14.24 15.26 17.16 16.79 17.23 18.10 18.18 17.67 16.64 16.50 16.50 15.55 16.06 17.08 17.08 16.50 17.01 16.86 16.57 14.09 13.43 14.02 14.24 14.24 15.18 15.48 16.50 17.45 18.40 19.35 19.13 17.16 16.21 14.67 13.72 13.72 13.43 12.99 13.07 12.56 13.14 14.82 15.48 15.26 14.38 12.92 11.53 11.53 11.39 11.39 11.97 13.36 14.16 14.38 14.24 14.02 15.11 17.01 18.25 18.32 18.32 17.23 16.28 15.62 15.84 15.33 14.60 13.36
6.64 6.64 7.45 8.47 6.86 7.81 8.18 8.69 9.71 10.80 10.95 10.88 11.90 11.97 11.53 11.83 14.24 15.26 17.16 16.79 17.23 18.10 18.18 17.67 16.64 16.50 16.50 15.55 16.06 17.08 17.08 16.50 17.01 16.86 16.57 14.09 13.43 14.02 14.24 14.24 15.18 15.48 16.50 17.45 18.40 19.35 19.13 17.16 16.21 14.67 13.72 13.72 13.43 12.99 13.07 12.56 13.14 14.82 15.48 15.26 14.38 12.92 11.53 11.53 11.39 11.39 11.97 13.36 14.16 14.38 14.24 14.02 15.11 17.01 18.25 18.32 18.32 17.23 16.28 15.62 15.84 15.33 14.60 13.36
6.79 6.79 7.66 9.05 9.42 7.15 9.27 9.93 11.32 13.43 13.43 12.78 12.63 12.48 12.70 13.36 15.04 16.50 17.59 19.56 20.37 19.64 18.69 17.81 16.86 15.84 15.84 14.67 13.87 15.40 16.43 17.08 16.94 16.50 15.84 14.09 14.02 13.94 13.58 13.51 14.53 14.75 16.21 18.03 19.13 20.37 20.66 19.05 16.86 15.33 13.58 13.58 13.07 13.72 14.24 14.09 13.36 12.70 12.99 13.36 12.63 12.48 11.53 10.15 9.34 8.98 9.34 10.15 10.95 11.24 11.90 11.83 13.29 15.04 16.57 17.16 17.16 18.10 16.86 14.53 13.14 12.85 13.29 12.56
11.02 11.02 11.17 11.53 12.70 8.54 10.29 14.53 15.33 15.84 15.33 14.82 15.55 16.50 17.01 16.28 16.13 16.35 18.18 19.05 20.66 19.86 20.37 18.83 16.43 14.16 14.16 12.85 12.34 13.58 15.11 15.62 15.55 16.50 15.84 13.94 12.41 10.29 9.27 10.73 13.51 14.60 16.06 17.67 18.40 20.22 21.24 19.49 17.45 15.84 14.97 14.97 14.60 13.94 14.24 14.89 14.89 14.67 14.60 13.87 13.07 13.14 13.58 12.99 10.51 8.18 6.94 7.08 7.45 7.59 8.54 9.05 9.78 11.24 13.07 14.02 14.02 14.31 15.70 14.67 12.12 10.44 10.29 8.83
15.26 15.26 15.11 16.94 18.61 20.08 15.04 18.69 18.18 17.52 16.79 16.43 17.45 18.61 18.18 16.64 16.50 16.94 17.89 20.51 20.37 18.91 19.56 17.96 16.28 14.89 14.89 13.43 12.19 12.12 13.65 15.33 15.70 15.77 15.55 14.02 11.46 10.29 11.02 13.51 15.33 17.89 18.40 18.83 19.42 20.66 21.75 20.59 18.40 17.16 16.21 16.21 14.97 14.89 15.48 16.35 16.72 17.30 16.50 15.77 15.18 13.94 14.60 14.97 12.78 9.71 7.52 6.94 6.35 5.26 5.11 6.94 8.03 9.64 11.32 12.92 12.92 13.29 13.21 12.78 12.70 10.95 9.13 8.76
17.08 17.08 17.23 18.98 21.24 22.48 21.46 19.64 20.44 19.05 18.40 18.54 19.42 19.35 18.18 15.18 14.24 14.82 15.62 15.33 17.59 18.47 18.91 17.74 16.94 16.06 16.06 14.45 13.14 13.29 15.55 16.13 16.50 16.72 15.55 14.67 13.94 14.45 15.91 17.08 19.05 20.44 20.37 20.66 19.64 20.59 22.34 21.68 20.08 19.13 18.18 18.18 16.79 15.99 15.99 17.08 17.74 17.52 17.37 17.01 15.84 14.24 14.38 14.24 13.87 12.19 10.29 9.49 8.91 7.59 6.42 6.79 7.23 7.96 8.69 10.22 10.22 10.00 10.73 11.39 12.63 12.05 10.88 9.56
17.37 17.37 17.59 20.15 22.48 21.68 20.37 20.08 20.37 16.72 16.72 18.18 18.18 17.37 15.91 13.80 14.45 15.70 16.57 16.43 18.10 17.74 18.18 17.37 16.28 15.18 15.18 14.53 14.89 14.97 15.55 16.21 17.37 18.47 18.61 20.51 20.66 20.59 21.02 20.22 19.27 19.35 20.00 20.29 20.88 21.75 22.85 22.12 21.53 21.17 19.42 19.42 17.52 16.21 16.35 17.08 17.74 17.37 16.86 16.57 15.26 13.65 13.21 13.36 13.43 12.70 11.53 10.29 8.98 8.10 7.59 7.52 7.23 6.86 6.35 6.72 6.72 6.86 6.86 8.69 10.15 10.44 9.34 8.32
17.37 17.37 17.59 20.15 22.48 21.68 20.37 20.08 20.37 16.72 16.72 18.18 18.18 17.37 15.91 13.80 14.45 15.70 16.57 16.43 18.10 17.74 18.18 17.37 16.28 15.18 15.18 14.53 14.89 14.97 15.55 16.21 17.37 18.47 18.61 20.51 20.66 20.59 21.02 20.22 19.27 19.35 20.00 20.29 20.88 21.75 22.85 22.12 21.53 21.17 19.42 19.42 17.52 16.21 16.35 17.08 17.74 17.37 16.86 16.57 15.26 13.65 13.21 13.36 13.43 12.70 11.53 10.29 8.98 8.10 7.59 7.52 7.23 6.86 6.35 6.72 6.72 6.86 6.86 8.69 10.15 10.44 9.34 8.32
18.40 18.40 17.52 18.61 19.78 18.83 17.08 16.06 14.82 17.23 15.11 16.13 15.77 16.06 15.40 14.53 14.82 15.62 16.50 16.72 16.50 16.13 19.64 15.62 14.45 14.82 14.82 15.33 16.06 15.11 15.04 16.72 18.61 20.15 22.05 23.00 22.78 21.68 20.95 20.44 19.71 20.15 19.78 20.59 21.17 22.92 24.09 23.80 22.70 21.46 19.56 19.56 17.89 17.59 18.25 19.13 19.27 18.54 17.23 15.70 14.67 13.87 14.45 15.40 14.24 13.51 13.43 12.70 11.46 9.56 8.18 7.23 7.37 6.79 5.99 4.96 4.96 4.45 5.04 6.50 7.74 8.69 8.69 8.10
16.43 16.43 16.13 16.43 17.08 16.64 15.40 14.24 12.99 14.60 11.75 12.63 12.12 11.68 12.78 12.34 12.99 14.89 16.64 16.86 15.77 14.16 13.14 14.97 14.16 14.97 14.97 15.91 15.48 15.11 17.96 19.27 20.59 21.39 22.63 21.97 21.97 22.19 22.70 22.27 23.21 23.73 23.21 22.19 21.46 22.48 22.92 23.00 23.07 22.48 20.44 20.44 18.10 17.89 19.35 20.81 20.59 19.27 17.30 16.64 15.99 15.62 16.21 18.47 18.25 17.52 17.45 17.45 16.86 15.62 14.24 13.80 13.58 11.46 9.78 7.96 7.96 5.48 4.45 5.11 6.72 8.98 9.93 9.71
15.33 15.33 13.80 11.75 11.02 11.17 11.10 11.32 9.42 7.59 9.56 8.83 9.34 10.22 10.95 12.48 13.29 14.53 16.06 17.08 15.55 13.87 13.87 13.51 15.18 16.57 16.57 16.21 15.40 17.45 20.15 20.88 20.88 21.10 21.46 21.32 22.27 22.85 23.00 24.02 24.60 23.87 23.73 23.07 22.19 22.12 21.75 21.75 21.68 20.95 19.35 19.35 17.96 18.10 19.13 20.81 21.61 21.17 20.08 19.71 18.40 18.03 18.91 20.95 22.12 21.53 21.02 20.29 19.20 18.76 19.20 19.71 19.42 18.61 17.23 15.04 15.04 10.95 7.08 5.40 5.62 8.03 11.75 14.45
14.45 14.45 11.46 8.47 7.15 6.94 7.74 8.47 7.15 6.13 5.62 6.28 6.86 7.23 9.49 11.46 13.51 15.11 15.84 16.86 15.91 15.26 15.04 15.48 14.89 16.28 16.28 16.21 17.96 20.73 21.02 20.29 20.00 20.44 21.46 22.27 21.97 21.97 22.63 23.07 22.92 21.24 21.24 21.10 20.66 20.44 19.35 19.20 19.49 18.40 17.08 17.08 15.99 16.35 18.54 21.17 22.19 22.63 22.34 20.88 21.24 20.59 20.51 21.10 21.32 21.24 20.22 19.93 18.98 18.03 17.74 18.47 19.71 20.51 21.02 20.73 20.73 18.91 12.48 9.27 7.81 9.27 11.32 14.16
12.48 12.48 9.34 6.35 5.33 5.33 5.48 6.28 6.50 4.74 3.58 4.74 4.38 4.45 7.96 11.17 15.18 16.28 16.64 16.50 15.70 15.62 16.06 15.70 16.50 15.70 15.70 17.89 20.66 22.27 21.61 19.35 19.56 20.95 21.02 21.61 20.73 20.81 22.05 22.05 21.02 18.98 17.96 18.76 18.91 19.20 18.03 17.52 16.72 15.99 16.64 16.64 16.43 16.43 18.40 21.90 23.58 24.53 24.02 23.14 21.90 20.59 20.95 20.73 20.15 19.56 19.78 18.98 17.59 16.72 16.79 16.86 16.57 17.01 17.52 19.35 19.35 19.86 18.91 16.28 13.36 13.07 14.16 15.26
12.48 12.48 9.34 6.35 5.33 5.33 5.48 6.28 6.50 4.74 3.58 4.74 4.38 4.45 7.96 11.17 15.18 16.28 16.64 16.50 15.70 15.62 16.06 15.70 16.50 15.70 15.70 17.89 20.66 22.27 21.61 19.35 19.56 20.95 21.02 21.61 20.73 20.81 22.05 22.05 21.02 18.98 17.96 18.76 18.91 19.20 18.03 17.52 16.72 15.99 16.64 16.64 16.43 16.43 18.40 21.90 23.58 24.53 24.02 23.14 21.90 20.59 20.95 20.73 20.15 19.56 19.78 18.98 17.59 16.72 16.79 16.86 16.57 17.01 17.52 19.35 19.35 19.86 18.91 16.28 13.36 13.07 14.16 15.26
8.69 8.69 7.37 4.53 0.00 5.04 5.33 5.77 6.42 5.62 5.55 5.26 3.94 6.50 9.34 13.29 16.06 18.76 17.89 16.64 15.84 16.57 15.62 15.77 17.01 17.52 17.52 17.96 20.66 20.88 19.05 17.52 18.61 18.91 18.69 19.49 20.15 21.17 22.05 21.32 20.22 18.54 17.96 18.40 18.61 19.05 18.61 18.69 19.13 19.27 18.61 18.61 18.47 17.96 18.98 21.61 23.00 23.43 23.21 22.92 21.75 20.66 19.42 19.13 19.49 19.13 19.20 18.76 17.96 16.86 16.43 15.70 14.45 12.78 12.85 13.58 13.58 16.06 16.13 17.30 17.37 17.01 17.23 16.43
6.06 6.06 5.33 0.00 0.00 5.91 6.50 6.79 7.08 7.30 7.59 8.03 8.83 8.03 11.75 15.18 17.89 18.98 17.59 16.28 16.50 16.13 15.04 14.89 14.67 15.33 15.33 17.52 17.23 16.79 15.91 16.28 15.40 15.62 17.74 19.86 20.73 21.32 21.61 20.95 20.95 20.88 20.73 20.59 20.88 20.81 21.46 22.56 23.58 23.73 22.92 22.92 20.81 19.64 20.00 21.24 21.75 21.75 22.12 22.12 21.46 20.44 18.03 15.70 16.94 17.67 17.30 17.16 16.43 15.33 14.82 14.60 13.80 11.75 9.93 8.76 8.76 9.42 11.17 12.34 15.11 17.52 18.54 17.52
4.96 4.96 0.00 0.00 5.69 4.96 5.77 6.42 7.23 7.88 8.69 10.73 11.75 13.58 10.00 15.99 16.50 17.52 18.10 17.96 17.67 16.50 14.75 13.87 12.26 11.75 11.75 12.05 15.48 15.18 15.77 16.13 14.89 16.28 19.71 20.95 20.08 19.13 19.05 19.64 20.00 20.73 20.88 20.81 22.34 23.43 24.60 24.67 25.26 24.38 22.48 22.48 21.32 20.88 19.93 20.15 20.51 20.66 20.08 19.64 18.69 16.57 14.89 12.26 12.92 14.45 15.33 15.55 15.04 13.80 12.99 12.41 12.05 11.02 9.27 7.96 7.96 7.88 8.54 9.49 11.10 14.89 17.45 17.37
3.65 3.65 0.00 3.58 4.60 4.31 4.60 5.62 7.01 8.18 11.53 14.67 16.64 17.74 15.99 16.94 18.10 19.20 19.20 17.89 16.43 14.82 14.38 13.65 10.95 10.22 10.22 11.53 13.14 13.51 17.52 17.52 17.74 18.83 19.71 19.35 17.08 16.94 16.79 17.01 17.52 17.59 17.74 19.86 22.92 24.24 23.87 22.63 23.29 21.90 20.37 20.37 19.13 17.74 17.23 18.25 18.18 17.67 16.06 13.36 13.80 13.29 12.12 10.15 10.88 13.14 14.45 14.24 13.07 12.34 11.61 10.73 10.00 8.76 7.52 7.81 7.81 8.83 10.07 10.44 10.15 11.46 13.29 15.48
0.00 0.00 0.00 0.00 0.00 0.00 4.74 6.79 9.71 12.26 14.82 17.81 19.56 19.27 17.89 16.72 17.37 17.52 18.47 17.23 15.55 14.45 14.97 14.16 10.95 7.66 7.66 10.15 12.56 13.43 17.96 17.45 17.08 17.74 16.94 16.50 14.97 15.04 14.82 14.60 15.04 15.70 16.43 17.74 20.51 19.78 18.25 17.81 17.89 17.59 16.43 16.43 14.89 13.80 13.36 14.31 13.65 11.02 9.27 8.47 10.00 11.39 11.24 10.66 10.37 11.53 12.56 12.85 12.05 11.61 11.02 8.61 6.28 4.82 5.26 7.37 7.37 10.00 11.24 11.46 10.15 9.64 9.86 8.61
0.00 0.00 0.00 0.00 2.26 5.11 7.96 10.44 13.21 16.35 18.03 18.54 19.78 20.15 18.18 17.67 16.79 16.13 16.79 15.62 14.53 14.16 14.67 12.19 8.32 4.53 4.53 7.30 9.42 11.68 14.89 16.21 15.04 15.04 14.82 13.72 13.36 12.05 12.85 12.78 13.43 13.94 14.67 15.40 15.77 14.45 14.31 14.09 14.38 14.53 13.07 13.07 11.83 11.02 10.44 8.83 5.91 3.21 3.36 5.26 8.32 10.37 10.88 10.44 10.66 10.95 11.32 10.59 9.93 10.00 9.49 8.40 6.79 5.69 6.20 7.81 7.81 10.51 12.41 12.26 12.12 11.24 10.80 8.83
0.00 0.00 0.00 0.00 2.26 5.11 7.96 10.44 13.21 16.35 18.03 18.54 19.78 20.15 18.18 17.67 16.79 16.13 16.79 15.62 14.53 14.16 14.67 12.19 8.32 4.53 4.53 7.30 9.42 11.68 14.89 16.21 15.04 15.04 14.82 13.72 13.36 12.05 12.85 12.78 13.43 13.94 14.67 15.40 15.77 14.45 14.31 14.09 14.38 14.53 13.07 13.07 11.83 11.02 10.44 8.83 5.91 3.21 3.36 5.26 8.32 10.37 10.88 10.44 10.66 10.95 11.32 10.59 9.93 10.00 9.49 8.40 6.79 5.69 6.20 7.81 7.81 10.51 12.41 12.26 12.12 11.24 10.80 8.83
0.00 0.00 0.00 3.07 6.42 8.32 13.21 14.31 16.86 19.13 19.71 19.42 20.59 20.51 19.49 17.59 17.67 16.50 15.91 13.58 12.41 12.70 13.87 11.68 5.77 3.72 3.72 6.94 8.91 10.66 14.24 15.04 11.97 12.48 13.07 13.14 12.70 11.75 11.17 10.44 11.10 12.41 12.85 12.92 12.63 11.90 11.32 11.53 12.05 12.63 11.53 11.53 10.80 9.20 7.66 3.87 0.07 0.00 2.92 8.40 9.78 10.66 10.22 9.56 9.42 9.13 8.32 7.88 8.10 8.03 8.69 8.18 7.01 7.08 8.03 10.07 10.07 11.75 13.65 14.31 15.26 15.26 14.53 12.63
