Wansh/Snow_depth/snowdepth-1990/winter/1991019.txt
ncols 321
nrows 161
xllcenter 60
yllcenter 15 
cellsize  0.25 
NODATA_value -1
[rows 0 to 36 of 161, columns 0 to 83 of 321]
1.97 1.97 2.56 3.80 4.16 3.29 2.26 2.26 1.83 2.63 3.14 3.58 5.04 5.77 6.42 6.64 6.35 6.94 8.32 7.74 7.52 7.81 7.96 7.96 7.59 7.74 7.74 7.01 7.74 7.88 7.45 6.57 6.42 6.20 5.77 6.20 6.50 6.35 7.59 9.49 10.44 10.73 10.95 10.66 10.51 11.02 11.39 11.02 11.02 10.88 10.37 10.37 9.93 9.13 9.05 9.93 11.10 11.46 11.53 11.24 11.39 12.12 12.92 13.87 14.97 14.89 14.02 12.99 12.70 11.17 10.15 10.59 10.00 11.10 11.46 11.75 11.75 12.41 13.51 13.80 13.51 13.29 12.92 13.43
4.45 4.45 4.82 4.96 4.09 2.63 2.04 0.66 0.73 1.61 2.04 2.63 2.77 2.92 4.38 4.74 5.62 5.55 6.13 7.23 8.18 8.47 7.30 8.10 5.99 5.40 5.40 5.26 4.67 5.18 5.99 5.48 4.96 5.26 6.64 8.25 6.42 7.30 7.66 7.52 7.74 7.74 6.79 6.42 7.01 8.03 8.18 8.98 9.42 9.71 10.15 10.15 10.15 9.34 8.98 9.56 9.56 10.29 10.95 10.59 10.51 11.32 11.68 12.48 12.63 12.48 11.83 10.59 8.40 7.30 7.08 8.25 8.98 9.93 10.37 10.44 10.44 11.02 11.53 11.75 12.19 12.48 12.12 11.46
5.18 5.18 5.40 5.84 5.55 4.45 2.63 3.50 3.87 3.72 2.70 2.12 3.50 3.36 2.77 3.87 4.23 4.23 5.99 6.50 6.28 6.72 6.13 7.01 5.77 5.26 5.26 5.04 4.60 4.89 4.67 4.82 5.62 6.64 7.88 8.54 8.69 7.30 6.79 5.99 6.13 5.33 5.33 5.04 5.33 5.91 7.59 9.05 9.20 9.56 9.56 9.56 9.05 8.25 8.61 9.64 9.05 8.69 8.32 8.54 9.64 9.78 10.37 11.17 11.10 10.95 10.44 9.49 8.61 8.32 8.10 8.32 9.20 9.71 9.42 9.86 9.86 10.29 11.10 11.10 10.80 10.80 10.95 10.95
5.18 5.18 5.40 5.84 5.55 4.45 2.63 3.50 3.87 3.72 2.70 2.12 3.50 3.36 2.77 3.87 4.23 4.23 5.99 6.50 6.28 6.72 6.13 7.01 5.77 5.26 5.26 5.04 4.60 4.89 4.67 4.82 5.62 6.64 7.88 8.54 8.69 7.30 6.79 5.99 6.13 5.33 5.33 5.04 5.33 5.91 7.59 9.05 9.20 9.56 9.56 9.56 9.05 8.25 8.61 9.64 9.05 8.69 8.32 8.54 9.64 9.78 10.37 11.17 11.10 10.95 10.44 9.49 8.61 8.32 8.10 8.32 9.20 9.71 9.42 9.86 9.86 10.29 11.10 11.10 10.80 10.80 10.95 10.95
4.74 4.74 4.89 4.82 4.96 0.00 4.89 4.31 3.50 4.60 4.60 3.29 2.70 4.16 4.53 4.38 5.55 5.48 4.74 4.67 5.33 5.62 5.84 6.06 5.48 6.35 6.35 5.26 4.82 5.62 5.77 6.06 7.59 8.54 7.88 7.96 7.45 6.50 5.40 4.31 4.60 4.31 3.72 4.16 5.33 6.50 7.74 8.25 8.32 8.47 7.96 7.96 7.23 7.08 8.03 9.78 9.49 8.40 7.81 7.96 9.27 9.64 9.42 9.78 9.78 10.29 9.34 8.76 8.91 8.98 8.83 8.83 8.69 9.13 10.00 10.44 10.44 10.15 9.71 9.93 9.93 9.93 10.00 10.29
4.53 4.53 4.53 0.00 5.11 4.60 3.94 4.53 4.67 3.72 2.99 4.02 4.09 3.80 4.09 4.89 4.82 4.53 5.91 5.33 4.38 4.74 5.33 5.18 6.72 6.35 6.35 6.72 6.79 6.72 7.37 8.32 10.29 10.51 9.71 8.54 8.10 6.79 6.42 4.16 3.87 3.87 4.38 4.67 5.91 6.72 6.79 7.52 7.59 7.01 6.86 6.86 6.79 7.08 7.74 8.76 8.32 7.59 7.66 8.10 8.10 8.76 9.05 9.49 10.15 10.37 9.71 9.13 8.98 8.61 8.32 9.05 9.56 9.42 9.20 9.78 9.78 10.29 10.15 9.71 9.78 10.66 10.66 10.66
5.33 5.33 5.77 5.33 0.00 4.96 6.06 5.69 4.89 5.33 5.69 5.18 5.26 5.11 5.91 6.13 6.50 6.28 5.33 5.26 4.82 5.11 4.60 6.20 7.66 8.10 8.10 6.94 7.45 7.37 8.83 9.93 10.66 11.17 10.88 10.44 9.42 8.40 7.52 7.45 5.69 5.62 5.33 6.28 7.23 8.10 7.81 7.74 7.52 7.52 7.15 7.15 6.72 6.42 6.86 7.74 8.03 7.30 7.59 7.15 6.79 6.86 7.81 8.69 8.25 8.03 8.40 8.76 8.10 8.69 9.42 9.64 9.64 8.98 8.61 8.83 8.83 9.20 8.69 9.71 11.24 11.32 12.05 13.14
5.33 5.33 5.77 5.33 0.00 4.96 6.06 5.69 4.89 5.33 5.69 5.18 5.26 5.11 5.91 6.13 6.50 6.28 5.33 5.26 4.82 5.11 4.60 6.20 7.66 8.10 8.10 6.94 7.45 7.37 8.83 9.93 10.66 11.17 10.88 10.44 9.42 8.40 7.52 7.45 5.69 5.62 5.33 6.28 7.23 8.10 7.81 7.74 7.52 7.52 7.15 7.15 6.72 6.42 6.86 7.74 8.03 7.30 7.59 7.15 6.79 6.86 7.81 8.69 8.25 8.03 8.40 8.76 8.10 8.69 9.42 9.64 9.64 8.98 8.61 8.83 8.83 9.20 8.69 9.71 11.24 11.32 12.05 13.14
4.53 4.53 4.96 5.55 5.77 5.69 5.40 6.28 7.01 6.20 5.69 6.28 5.84 5.91 6.42 7.81 7.52 6.64 4.74 4.09 3.43 4.02 4.89 6.79 8.47 7.96 7.96 7.66 7.37 6.72 8.40 9.78 10.51 10.73 10.66 11.90 11.10 10.73 10.80 10.07 9.20 7.52 6.86 7.74 7.96 7.96 7.45 7.01 7.23 8.47 8.98 8.98 8.18 6.86 5.18 6.20 7.81 7.08 6.86 6.57 6.20 6.64 7.30 7.30 7.15 6.86 7.52 8.69 8.47 8.61 8.54 8.47 8.91 8.98 9.05 9.64 9.64 9.27 7.74 8.03 10.66 12.56 12.63 12.85
4.45 4.45 4.82 5.33 5.99 6.28 6.64 5.99 5.48 6.28 6.06 5.55 5.55 5.91 6.57 6.35 6.35 6.28 4.31 2.92 2.48 1.90 2.48 2.63 4.31 7.45 7.45 7.08 8.40 7.15 10.73 11.75 12.85 13.21 14.31 14.31 12.92 12.78 12.19 12.12 11.61 11.02 9.56 9.64 9.20 8.76 7.81 6.64 7.15 8.18 8.18 8.18 7.15 6.06 5.26 5.77 5.91 5.69 7.74 8.10 8.18 7.08 7.30 7.66 7.96 8.18 8.83 9.34 9.64 9.49 8.98 8.98 8.69 9.34 10.66 11.53 11.53 12.19 10.29 9.71 10.15 12.41 12.12 12.70
4.67 4.67 4.96 5.55 5.48 5.33 6.13 6.42 6.13 5.33 5.18 5.33 4.89 4.82 5.99 6.86 6.35 5.69 5.91 4.82 2.56 3.21 3.36 3.65 4.23 8.54 8.54 9.13 10.66 11.39 10.66 13.07 13.80 14.09 13.80 13.87 13.21 12.12 11.75 11.68 11.83 12.41 12.26 10.80 11.17 10.37 9.13 9.20 8.69 8.54 8.03 8.03 7.66 7.96 7.81 7.52 7.74 9.34 10.29 10.37 9.49 9.20 10.15 9.86 10.15 10.22 10.15 9.78 9.49 9.20 8.83 9.56 9.78 10.44 11.61 12.12 12.12 12.99 14.60 14.31 14.45 13.29 13.36 13.65
4.67 4.67 4.96 5.55 5.48 5.33 6.13 6.42 6.13 5.33 5.18 5.33 4.89 4.82 5.99 6.86 6.35 5.69 5.91 4.82 2.56 3.21 3.36 3.65 4.23 8.54 8.54 9.13 10.66 11.39 10.66 13.07 13.80 14.09 13.80 13.87 13.21 12.12 11.75 11.68 11.83 12.41 12.26 10.80 11.17 10.37 9.13 9.20 8.69 8.54 8.03 8.03 7.66 7.96 7.81 7.52 7.74 9.34 10.29 10.37 9.49 9.20 10.15 9.86 10.15 10.22 10.15 9.78 9.49 9.20 8.83 9.56 9.78 10.44 11.61 12.12 12.12 12.99 14.60 14.31 14.45 13.29 13.36 13.65
4.60 4.60 4.45 5.40 5.77 5.84 5.62 6.13 6.06 6.06 5.62 5.33 6.57 7.01 6.20 5.91 7.59 8.32 7.08 7.15 6.79 5.33 5.91 8.25 7.08 11.46 11.46 12.85 13.14 13.51 14.38 13.51 13.94 13.14 13.51 13.80 13.51 13.36 12.70 12.19 11.97 12.12 12.12 13.29 11.90 12.26 11.24 10.44 9.64 10.44 10.73 10.73 9.71 9.56 9.78 9.78 10.95 12.26 12.78 12.05 11.97 12.05 11.83 11.90 12.34 12.05 11.83 11.68 10.95 9.86 10.00 10.22 10.66 11.53 11.32 10.80 10.80 11.97 13.58 15.91 16.28 14.75 12.48 11.53
4.53 4.53 4.96 5.91 6.13 5.91 6.06 6.35 5.91 5.77 5.99 6.35 6.57 7.45 8.10 9.34 9.56 10.07 9.78 8.69 8.32 8.69 8.98 9.86 11.75 12.05 12.05 13.58 13.43 13.36 14.24 12.85 14.16 13.36 13.51 13.51 13.80 13.80 12.99 12.56 12.63 12.48 12.34 12.85 12.48 12.92 12.05 11.61 12.12 12.78 12.05 12.05 11.02 10.95 10.59 11.53 13.14 14.38 14.16 13.72 13.29 12.78 12.41 12.48 12.34 11.68 12.41 13.29 13.07 11.90 11.68 11.97 12.99 13.21 13.51 13.21 13.21 12.99 12.99 13.58 13.51 12.34 10.66 9.78
4.74 4.74 4.02 4.02 5.11 5.77 6.13 6.13 5.84 5.91 6.06 7.30 8.32 9.27 10.07 11.61 12.41 12.12 11.39 10.51 10.66 11.17 11.32 12.41 12.48 12.48 12.48 14.60 14.09 13.65 14.02 14.60 13.87 14.75 13.07 12.99 12.85 12.63 12.26 12.05 12.41 11.90 11.75 12.48 13.58 14.31 13.07 14.31 13.94 13.36 12.85 12.85 12.48 12.26 11.24 12.56 14.24 14.53 14.24 14.60 13.94 13.07 11.75 11.17 11.68 11.90 12.41 12.92 13.94 14.16 13.87 13.58 14.16 15.04 16.13 14.97 14.97 14.82 14.31 13.29 12.85 12.19 10.73 11.02
4.09 4.09 4.82 5.11 5.33 5.84 7.01 8.03 8.47 8.91 8.83 7.88 8.18 8.32 10.00 11.97 14.09 15.04 15.40 15.33 15.91 15.55 14.45 13.58 13.07 13.36 13.36 13.80 13.51 12.99 12.92 13.21 13.07 12.63 12.48 11.68 11.10 10.73 11.02 11.10 11.97 11.68 12.48 12.48 13.94 15.04 14.75 14.31 12.99 12.34 12.78 12.78 12.63 12.19 11.97 13.29 13.65 13.80 13.80 13.94 13.14 12.05 11.53 11.17 10.88 11.17 12.56 13.14 13.51 13.58 13.87 13.29 13.72 15.33 16.06 15.70 15.70 15.70 15.55 14.53 13.87 13.51 12.92 12.34
4.09 4.09 4.82 5.11 5.33 5.84 7.01 8.03 8.47 8.91 8.83 7.88 8.18 8.32 10.00 11.97 14.09 15.04 15.40 15.33 15.91 15.55 14.45 13.58 13.07 13.36 13.36 13.80 13.51 12.99 12.92 13.21 13.07 12.63 12.48 11.68 11.10 10.73 11.02 11.10 11.97 11.68 12.48 12.48 13.94 15.04 14.75 14.31 12.99 12.34 12.78 12.78 12.63 12.19 11.97 13.29 13.65 13.80 13.80 13.94 13.14 12.05 11.53 11.17 10.88 11.17 12.56 13.14 13.51 13.58 13.87 13.29 13.72 15.33 16.06 15.70 15.70 15.70 15.55 14.53 13.87 13.51 12.92 12.34
5.04 5.04 5.55 6.72 7.01 7.88 9.34 9.56 11.02 11.83 11.68 10.95 10.37 10.51 11.10 11.90 13.51 15.04 16.21 17.23 17.30 16.79 16.64 15.11 12.63 11.97 11.97 11.97 11.46 11.83 12.26 12.99 12.48 11.97 11.39 10.88 10.29 10.44 11.02 11.02 11.10 11.39 11.90 12.12 13.43 14.02 14.16 12.70 12.85 11.17 11.39 11.39 11.61 11.83 12.12 12.41 12.12 11.75 12.56 12.56 11.75 11.32 10.80 10.15 10.59 10.80 10.80 11.10 10.88 11.10 11.10 11.17 12.05 12.41 13.29 14.38 14.38 14.38 14.60 13.65 12.19 12.05 12.41 10.95
8.76 8.76 9.34 9.49 9.93 11.46 12.92 13.51 14.16 14.24 13.65 13.87 14.60 15.11 13.51 13.58 15.33 16.21 16.43 16.13 16.72 16.94 15.18 14.53 12.70 11.24 11.24 9.93 10.15 9.86 10.51 12.63 12.41 12.19 12.05 12.34 9.93 9.49 9.78 9.78 9.64 10.66 11.46 12.12 12.48 13.21 14.31 13.72 11.90 11.46 11.90 11.90 11.97 11.17 11.83 12.56 13.51 13.80 13.87 12.78 12.05 12.19 12.05 11.61 10.59 9.49 8.10 7.37 7.01 6.79 7.08 7.74 8.83 10.22 10.73 11.75 11.75 12.26 12.05 12.19 10.22 8.98 7.96 7.52
14.60 14.60 15.33 15.70 15.40 16.72 17.01 17.01 15.91 15.99 16.43 16.13 15.99 15.84 16.28 15.70 15.26 15.26 15.84 16.35 15.99 14.97 14.97 14.16 13.94 11.90 11.90 8.32 10.15 8.98 9.86 11.61 11.32 11.10 10.95 10.88 10.95 9.42 9.05 10.15 10.88 11.75 12.34 12.48 12.92 13.65 14.38 14.31 13.65 12.70 11.83 11.83 11.75 11.24 11.68 12.63 14.02 13.87 13.36 13.29 12.78 12.85 13.65 13.14 11.61 9.78 7.88 6.72 6.20 5.55 5.91 7.15 7.52 8.69 10.07 9.64 9.64 9.13 9.34 9.27 8.18 7.37 6.64 5.99
18.69 18.69 18.83 19.64 19.78 19.86 19.20 19.13 18.25 17.59 17.37 17.01 15.99 15.33 14.67 14.75 15.26 15.40 15.91 15.62 15.26 14.53 13.72 13.72 13.87 13.14 13.14 11.24 10.66 11.17 11.68 11.97 12.48 12.26 12.56 12.19 12.85 9.71 11.68 12.26 12.41 13.65 13.87 13.87 14.31 14.60 14.97 15.11 15.40 14.97 14.38 14.38 13.58 12.26 12.56 12.92 13.94 14.02 14.38 14.02 13.14 12.70 12.05 11.83 11.02 10.15 8.47 6.50 6.42 6.64 7.15 7.23 7.23 8.10 8.69 8.18 8.18 7.66 7.15 6.50 7.15 8.03 7.81 6.50
19.56 19.56 20.22 20.51 20.88 21.24 20.00 19.20 18.61 17.45 16.64 16.50 16.79 16.57 16.50 16.13 16.13 15.91 15.91 15.48 15.77 13.80 13.29 12.63 12.41 12.26 12.26 11.17 10.00 11.83 12.26 11.97 13.58 13.80 13.94 14.38 15.18 12.78 13.36 14.53 14.24 14.67 14.16 14.31 14.60 15.04 15.55 15.99 16.35 14.89 12.99 12.99 15.33 11.75 12.56 13.65 14.45 14.53 13.72 13.36 12.26 10.80 10.15 10.15 10.00 10.15 8.76 8.25 8.25 7.59 7.45 6.72 7.01 6.28 5.40 5.18 5.18 5.26 5.18 5.55 6.50 7.59 6.72 6.13
19.56 19.56 20.22 20.51 20.88 21.24 20.00 19.20 18.61 17.45 16.64 16.50 16.79 16.57 16.50 16.13 16.13 15.91 15.91 15.48 15.77 13.80 13.29 12.63 12.41 12.26 12.26 11.17 10.00 11.83 12.26 11.97 13.58 13.80 13.94 14.38 15.18 12.78 13.36 14.53 14.24 14.67 14.16 14.31 14.60 15.04 15.55 15.99 16.35 14.89 12.99 12.99 15.33 11.75 12.56 13.65 14.45 14.53 13.72 13.36 12.26 10.80 10.15 10.15 10.00 10.15 8.76 8.25 8.25 7.59 7.45 6.72 7.01 6.28 5.40 5.18 5.18 5.26 5.18 5.55 6.50 7.59 6.72 6.13
18.91 18.91 19.49 20.37 20.37 20.37 19.71 18.40 16.79 16.13 17.16 17.30 16.35 15.40 17.01 17.59 16.13 14.24 16.35 15.77 13.29 13.07 10.51 10.44 10.88 11.68 11.68 11.61 10.66 10.95 11.46 12.85 15.18 16.13 16.72 16.72 16.43 16.64 15.04 15.26 14.67 14.31 15.04 15.18 14.75 15.55 15.40 15.91 17.16 15.84 13.65 13.65 14.75 13.29 13.51 14.89 15.70 14.97 13.36 12.34 11.32 9.93 9.86 10.29 11.02 10.88 9.42 9.56 8.83 7.74 6.72 5.62 5.91 5.40 4.96 4.82 4.82 4.38 4.38 4.82 5.91 7.37 7.59 7.96
16.64 16.64 17.59 18.32 18.76 18.83 18.61 17.16 15.40 14.89 14.67 13.87 15.04 15.84 15.26 14.24 16.43 15.70 10.95 11.39 13.14 12.99 11.68 10.95 12.56 11.46 11.46 12.56 10.95 12.05 13.58 14.82 15.99 16.86 17.30 17.37 17.74 17.52 17.59 16.06 16.72 17.08 16.94 16.79 16.50 16.79 16.64 16.72 16.57 15.91 14.75 14.75 12.92 14.60 15.77 17.08 17.16 16.35 14.89 13.07 11.24 10.66 11.17 12.19 12.12 12.78 13.58 13.72 12.78 11.39 10.22 10.07 9.86 7.74 7.59 6.64 6.64 5.04 4.23 4.67 5.84 7.30 7.96 8.47
15.33 15.33 14.02 13.87 13.43 14.97 15.84 15.26 13.14 11.83 13.87 14.24 13.58 14.02 14.67 15.48 13.43 12.78 12.56 10.29 10.15 10.80 13.21 14.67 11.10 12.70 12.70 12.48 13.80 13.65 16.50 16.79 17.67 18.32 18.54 18.18 17.23 17.23 17.59 18.03 16.72 16.86 16.28 16.35 16.06 16.86 16.50 16.43 16.21 15.11 13.87 13.87 14.09 15.18 14.97 16.94 16.43 16.50 16.28 15.26 14.38 14.02 14.45 15.04 15.70 15.99 15.77 16.35 15.48 14.67 13.87 14.16 14.67 14.24 13.51 12.12 12.12 9.64 7.37 5.91 5.18 6.72 8.54 10.15
15.91 15.91 13.29 10.07 8.18 8.91 10.66 10.51 9.42 7.45 7.74 10.73 11.97 12.85 12.85 12.70 13.43 12.92 11.83 10.88 11.68 13.51 11.75 13.07 15.04 13.07 13.07 14.75 15.40 16.28 17.16 17.16 18.69 18.76 18.40 18.10 17.74 16.13 15.48 15.48 15.48 15.40 14.82 15.40 16.13 16.50 15.55 15.18 14.38 13.58 13.94 13.94 14.53 15.26 17.16 16.94 17.01 17.59 17.23 17.01 17.16 16.13 15.77 16.21 16.86 16.06 15.70 16.72 16.35 15.84 14.89 14.31 13.58 13.94 14.38 14.97 14.97 13.80 10.80 8.10 6.64 7.01 9.56 11.97
13.36 13.36 10.37 7.59 5.91 5.04 6.42 7.37 5.48 3.87 4.16 5.62 8.54 11.10 13.21 13.21 12.70 12.85 12.48 12.63 13.29 13.80 14.16 13.87 13.80 15.18 15.18 15.70 16.79 16.57 17.89 17.30 17.52 17.81 17.45 16.50 15.26 12.85 13.58 13.14 12.63 13.51 12.92 13.58 14.89 14.53 13.87 13.14 12.63 13.58 14.24 14.24 14.82 15.40 16.79 16.50 18.18 17.89 17.45 17.59 16.86 15.40 15.84 15.33 15.04 14.89 15.18 15.70 15.70 15.48 14.60 13.07 11.17 10.95 12.26 13.36 13.36 14.02 13.72 12.78 11.46 11.32 11.61 12.78
13.36 13.36 10.37 7.59 5.91 5.04 6.42 7.37 5.48 3.87 4.16 5.62 8.54 11.10 13.21 13.21 12.70 12.85 12.48 12.63 13.29 13.80 14.16 13.87 13.80 15.18 15.18 15.70 16.79 16.57 17.89 17.30 17.52 17.81 17.45 16.50 15.26 12.85 13.58 13.14 12.63 13.51 12.92 13.58 14.89 14.53 13.87 13.14 12.63 13.58 14.24 14.24 14.82 15.40 16.79 16.50 18.18 17.89 17.45 17.59 16.86 15.40 15.84 15.33 15.04 14.89 15.18 15.70 15.70 15.48 14.60 13.07 11.17 10.95 12.26 13.36 13.36 14.02 13.72 12.78 11.46 11.32 11.61 12.78
9.93 9.93 7.45 4.31 3.07 0.00 3.50 4.38 4.09 3.72 4.74 6.42 7.81 11.17 14.16 16.79 18.10 16.50 14.24 14.53 13.14 13.65 13.87 14.16 14.53 15.18 15.18 15.99 17.37 17.08 17.16 15.91 14.53 14.89 13.94 12.56 11.83 11.10 11.39 10.51 9.56 9.71 11.32 13.14 14.02 13.65 13.51 13.36 13.65 14.67 15.26 15.26 14.16 14.16 15.40 16.72 15.62 15.55 15.62 16.64 16.06 14.97 14.82 13.43 13.21 14.53 14.53 14.82 15.11 14.89 14.16 13.14 11.02 9.78 8.54 8.61 8.61 11.02 12.12 12.92 13.29 13.07 13.36 13.07
5.55 5.55 4.23 3.87 3.58 3.36 3.21 4.16 5.77 5.40 6.42 7.74 9.86 12.26 15.04 18.18 18.98 18.47 16.64 14.97 14.97 13.51 11.61 10.44 11.46 12.78 12.78 13.51 14.31 14.16 13.80 12.05 10.80 10.37 11.02 11.17 10.29 0.00 0.00 0.00 0.00 8.83 11.53 11.02 13.87 14.31 14.31 14.16 15.26 16.35 16.79 16.79 16.43 14.89 14.45 14.89 14.16 16.28 15.18 15.55 15.62 14.97 13.87 12.92 12.70 12.99 12.70 12.41 12.99 11.97 12.41 12.19 11.24 9.20 7.01 6.06 6.06 7.37 9.13 10.37 11.53 11.97 13.51 12.99
4.23 4.23 3.36 3.94 4.60 3.80 3.43 4.74 5.48 7.15 7.88 8.61 11.32 13.94 16.28 17.08 18.32 17.45 15.91 15.70 14.97 14.09 11.61 9.49 7.45 8.47 8.47 10.51 11.68 12.26 11.90 9.93 10.15 10.88 11.24 11.24 0.00 0.00 0.00 0.00 0.00 8.83 9.05 11.10 12.78 14.38 14.60 14.82 15.99 16.43 16.57 16.57 16.43 15.11 13.51 12.34 11.61 13.65 12.63 13.58 13.80 13.14 11.90 10.29 11.02 11.02 10.59 10.22 10.66 10.51 10.88 9.71 10.00 8.47 6.20 5.11 5.11 5.11 6.06 6.94 8.32 10.22 12.63 12.85
3.36 3.36 2.92 3.43 4.31 4.02 4.74 5.69 7.45 8.54 11.10 13.94 14.82 15.48 16.21 17.30 18.03 18.10 16.79 15.11 13.80 14.09 13.07 10.44 8.32 7.81 7.81 9.49 10.15 10.95 12.78 8.69 9.86 11.24 0.00 0.00 0.00 0.00 0.00 7.88 7.30 7.01 8.10 10.22 10.00 13.36 13.51 12.99 13.36 13.72 14.45 14.45 14.16 12.92 11.97 9.93 9.49 9.49 11.10 10.37 10.59 10.44 10.07 9.64 9.56 7.81 7.59 7.30 6.64 7.15 7.37 7.45 8.18 7.37 6.28 5.48 5.48 5.11 6.28 6.57 6.94 7.30 8.54 10.15
0.00 0.00 0.00 1.75 3.94 5.04 6.50 8.10 11.61 13.87 14.89 16.86 17.74 17.81 16.72 15.84 16.35 17.59 16.94 16.06 15.40 14.16 13.58 12.12 9.49 9.20 9.20 8.83 10.29 10.29 9.71 8.03 8.61 0.00 0.00 0.00 0.00 0.00 0.00 5.84 5.91 7.37 7.45 8.98 10.00 11.02 10.29 11.24 11.39 11.02 11.17 11.17 11.10 10.22 8.25 6.86 6.94 6.13 5.55 8.61 6.28 7.15 7.30 6.79 5.48 4.67 5.26 5.40 5.11 5.04 4.82 5.04 5.40 4.60 0.00 0.00 0.00 4.82 6.28 5.77 6.06 5.48 6.20 6.13
0.00 0.00 0.00 2.04 4.16 8.10 9.86 12.99 15.18 16.86 18.03 19.71 20.81 20.51 18.61 16.50 15.70 15.70 16.64 17.01 16.57 16.28 15.91 14.45 13.29 12.34 12.34 10.88 10.22 10.15 9.71 10.59 8.10 8.91 9.42 8.69 7.01 6.57 5.55 6.20 6.13 0.00 6.72 7.66 7.81 9.93 8.91 9.49 9.42 8.76 8.69 8.69 8.91 7.74 6.20 5.33 0.00 0.00 0.00 0.00 3.29 4.89 4.82 4.89 4.02 3.87 3.80 3.72 4.60 3.80 3.50 4.09 0.00 0.00 0.00 0.00 0.00 0.00 0.00 5.99 5.77 5.48 0.00 0.00
0.00 0.00 0.00 2.04 4.16 8.10 9.86 12.99 15.18 16.86 18.03 19.71 20.81 20.51 18.61 16.50 15.70 15.70 16.64 17.01 16.57 16.28 15.91 14.45 13.29 12.34 12.34 10.88 10.22 10.15 9.71 10.59 8.10 8.91 9.42 8.69 7.01 6.57 5.55 6.20 6.13 0.00 6.72 7.66 7.81 9.93 8.91 9.49 9.42 8.76 8.69 8.69 8.91 7.74 6.20 5.33 0.00 0.00 0.00 0.00 3.29 4.89 4.82 4.89 4.02 3.87 3.80 3.72 4.60 3.80 3.50 4.09 0.00 0.00 0.00 0.00 0.00 0.00 0.00 5.99 5.77 5.48 0.00 0.00
0.07 0.07 2.34 5.77 8.83 11.97 15.55 16.72 19.93 21.61 22.27 22.05 20.88 21.83 21.75 20.44 19.64 18.18 18.32 18.25 18.40 17.16 16.86 14.97 14.02 14.16 14.16 14.09 12.63 11.24 9.49 9.27 8.76 7.01 9.56 8.32 8.83 7.74 7.01 6.50 6.35 6.42 6.94 6.72 6.28 0.00 7.37 7.81 8.03 7.59 7.37 7.37 7.23 7.08 5.55 0.00 0.00 0.00 0.00 0.00 0.00 3.80 3.43 4.38 3.65 4.45 5.48 4.96 4.09 0.00 0.00 0.00 3.07 2.56 0.00 0.00 0.00 0.00 0.00 0.00 0.00 0.00 0.00 7.88
