Wansh/Snow_depth/snowdepth-1990/winter/1991014.txt
ncols 321
nrows 161
xllcenter 60
yllcenter 15 
cellsize  0.25 
NODATA_value -1
[rows 0 to 36 of 161, columns 84 to 167 of 321]
12.41 12.56 12.56 12.19 10.88 9.56 7.66 5.84 6.20 8.10 10.59 10.88 10.37 9.93 10.66 11.02 11.90 11.90 11.90 12.26 11.83 11.02 9.13 7.30 5.18 2.77 1.90 2.34 2.48 2.92 3.87 4.89 5.26 5.62 4.67 0.00 0.00 0.00 0.00 0.00 0.00 3.65 3.58 3.58 3.14 1.90 2.04 2.48 2.56 3.65 4.60 5.40 4.89 4.09 4.16 4.82 4.60 4.67 4.31 3.65 3.36 2.56 2.19 2.48 2.70 2.41 2.63 3.14 3.14 4.38 5.33 5.11 4.38 4.67 5.11 5.99 7.23 8.18 9.86 10.59 9.71 8.83 7.81 6.50
11.46 12.12 12.56 11.83 10.59 9.27 6.64 5.62 5.62 8.03 10.37 10.59 10.37 9.64 8.69 7.81 7.96 8.47 8.47 9.42 10.66 10.29 10.07 9.13 6.57 3.36 2.63 2.12 1.46 2.48 2.48 2.99 4.16 4.23 2.99 2.34 0.00 0.00 0.00 0.00 0.00 4.02 5.99 5.99 5.84 5.40 4.53 3.29 2.26 2.26 3.14 3.94 4.23 3.80 3.58 4.09 5.40 6.20 6.57 5.99 4.96 4.16 4.23 4.67 3.43 4.16 5.04 5.26 5.26 5.40 5.04 5.84 6.86 6.50 6.57 8.54 9.20 9.13 8.98 9.86 9.93 9.34 9.56 9.05
10.59 11.83 10.95 9.49 8.83 8.25 7.81 8.10 9.42 11.24 11.83 11.75 11.32 9.49 8.76 7.66 6.42 5.91 5.91 6.35 7.37 8.18 8.98 9.20 7.45 5.11 3.29 2.77 2.70 2.99 3.07 2.92 2.99 4.23 3.87 3.72 3.21 2.85 3.43 0.00 0.00 0.00 0.00 0.00 6.35 7.01 7.15 6.06 4.02 3.21 2.48 1.90 1.83 2.34 3.07 4.45 6.13 7.37 8.54 8.76 8.69 8.18 7.74 7.45 8.10 8.03 8.98 8.32 8.32 8.25 8.40 8.40 8.83 10.80 12.41 13.36 13.58 12.70 11.75 11.32 11.10 10.66 9.56 8.98
10.59 11.83 10.95 9.49 8.83 8.25 7.81 8.10 9.42 11.24 11.83 11.75 11.32 9.49 8.76 7.66 6.42 5.91 5.91 6.35 7.37 8.18 8.98 9.20 7.45 5.11 3.29 2.77 2.70 2.99 3.07 2.92 2.99 4.23 3.87 3.72 3.21 2.85 3.43 0.00 0.00 0.00 0.00 0.00 6.35 7.01 7.15 6.06 4.02 3.21 2.48 1.90 1.83 2.34 3.07 4.45 6.13 7.37 8.54 8.76 8.69 8.18 7.74 7.45 8.10 8.03 8.98 8.32 8.32 8.25 8.40 8.40 8.83 10.80 12.41 13.36 13.58 12.70 11.75 11.32 11.10 10.66 9.56 8.98
8.54 10.37 8.69 8.83 8.47 9.56 9.27 9.34 10.22 11.10 12.19 12.05 12.34 11.61 10.66 9.71 9.05 7.30 7.30 6.28 5.48 5.77 8.18 9.05 9.42 7.66 4.82 3.36 2.56 2.48 3.14 3.72 3.72 4.53 5.55 5.99 4.74 4.09 3.07 0.00 0.00 0.00 0.00 0.00 0.00 5.91 8.32 7.96 7.08 4.74 3.14 2.70 2.70 2.41 2.34 2.92 4.16 5.77 6.94 8.54 10.15 10.73 10.44 9.93 9.71 10.51 10.95 10.37 10.37 9.78 8.54 8.40 8.83 9.13 10.95 13.87 15.62 16.06 15.11 12.85 11.39 11.10 11.10 10.59
8.61 8.98 9.20 10.66 10.51 10.07 8.98 8.91 9.78 10.29 10.66 11.17 11.68 11.46 11.32 13.14 13.36 12.92 12.92 10.59 8.32 6.64 5.99 7.08 8.61 8.54 7.01 4.09 3.14 2.99 2.92 2.92 3.65 5.18 5.40 5.18 5.04 3.43 0.00 0.00 0.00 0.00 0.00 0.00 0.00 4.53 5.11 7.08 7.23 5.84 3.43 2.12 1.83 2.04 2.63 3.58 3.94 4.53 5.77 7.01 9.05 10.80 12.34 14.38 13.72 13.21 11.17 10.44 10.44 9.93 9.71 8.69 8.76 8.98 8.25 7.66 7.59 7.23 8.47 11.02 13.07 13.72 14.09 14.38
11.53 11.39 11.39 12.56 11.97 11.32 11.39 11.02 10.80 11.10 9.78 9.20 9.49 10.15 12.56 13.51 14.60 14.75 14.75 13.80 12.63 10.22 8.10 6.42 6.72 6.79 6.06 4.16 3.07 2.92 2.99 3.14 3.58 4.45 5.33 5.77 5.11 3.80 0.00 0.00 0.00 0.00 0.00 0.00 3.50 4.31 5.33 5.91 6.50 5.55 3.29 2.41 2.48 2.99 4.09 4.38 5.04 5.84 7.23 7.74 9.05 10.29 12.99 14.89 15.55 16.35 15.33 14.16 14.16 12.78 12.26 12.70 12.12 11.24 10.66 9.93 9.34 8.40 6.79 7.08 8.32 10.15 12.41 13.94
11.53 11.39 11.39 12.56 11.97 11.32 11.39 11.02 10.80 11.10 9.78 9.20 9.49 10.15 12.56 13.51 14.60 14.75 14.75 13.80 12.63 10.22 8.10 6.42 6.72 6.79 6.06 4.16 3.07 2.92 2.99 3.14 3.58 4.45 5.33 5.77 5.11 3.80 0.00 0.00 0.00 0.00 0.00 0.00 3.50 4.31 5.33 5.91 6.50 5.55 3.29 2.41 2.48 2.99 4.09 4.38 5.04 5.84 7.23 7.74 9.05 10.29 12.99 14.89 15.55 16.35 15.33 14.16 14.16 12.78 12.26 12.70 12.12 11.24 10.66 9.93 9.34 8.40 6.79 7.08 8.32 10.15 12.41 13.94
11.83 11.17 10.73 9.93 12.05 11.53 11.46 10.80 10.59 10.51 9.20 7.88 6.86 7.30 10.59 12.56 14.09 14.16 14.16 13.87 13.43 12.19 10.88 7.96 5.91 4.96 4.53 3.50 3.43 3.87 4.16 4.09 3.80 4.60 6.20 7.01 6.64 5.18 4.09 3.21 2.56 2.48 2.26 2.26 3.72 4.67 4.74 4.31 4.31 4.67 4.82 4.60 4.23 4.23 4.60 5.04 5.48 5.18 5.33 5.84 6.94 7.81 9.20 10.29 12.70 13.58 14.02 14.60 14.60 14.45 14.02 14.16 14.82 13.94 13.14 12.41 11.61 11.75 10.07 8.10 6.64 7.59 8.25 10.80
11.39 11.53 10.59 9.71 8.61 11.68 11.17 10.37 9.13 8.40 7.96 6.57 5.40 6.42 9.20 12.19 12.99 13.51 13.51 12.92 12.26 11.75 10.59 7.08 5.11 3.50 3.07 3.14 3.21 3.50 3.36 3.07 3.65 5.40 6.50 6.94 7.23 6.72 6.13 5.11 4.09 3.29 3.14 3.14 3.72 3.94 4.16 4.09 4.16 4.67 5.91 6.06 7.52 8.54 7.88 7.52 7.37 7.01 6.35 6.06 7.23 6.94 7.01 7.74 8.18 9.93 11.61 12.41 12.41 13.36 13.65 13.58 12.92 12.05 11.24 12.26 13.80 14.45 14.16 12.12 9.42 6.72 6.42 6.79
12.70 12.05 9.56 8.83 9.13 8.69 10.73 9.13 8.32 8.69 8.91 8.03 8.10 9.64 11.17 12.34 13.72 13.94 13.94 13.14 12.05 11.17 9.05 5.18 4.16 3.14 2.92 3.29 3.36 2.63 3.21 3.43 3.58 4.23 5.69 7.23 7.74 7.81 6.72 5.69 6.42 6.57 6.28 6.28 5.69 5.04 4.45 4.96 6.28 7.45 8.25 8.83 8.91 8.61 8.61 9.27 9.71 11.39 11.02 9.05 8.91 9.05 8.32 8.10 8.69 10.44 13.21 15.70 15.70 16.72 16.79 15.84 14.24 12.48 11.46 10.73 11.10 13.07 13.51 13.43 11.53 9.64 8.54 7.66
12.70 12.05 9.56 8.83 9.13 8.69 10.73 9.13 8.32 8.69 8.91 8.03 8.10 9.64 11.17 12.34 13.72 13.94 13.94 13.14 12.05 11.17 9.05 5.18 4.16 3.14 2.92 3.29 3.36 2.63 3.21 3.43 3.58 4.23 5.69 7.23 7.74 7.81 6.72 5.69 6.42 6.57 6.28 6.28 5.69 5.04 4.45 4.96 6.28 7.45 8.25 8.83 8.91 8.61 8.61 9.27 9.71 11.39 11.02 9.05 8.91 9.05 8.32 8.10 8.69 10.44 13.21 15.70 15.70 16.72 16.79 15.84 14.24 12.48 11.46 10.73 11.10 13.07 13.51 13.43 11.53 9.64 8.54 7.66
8.91 9.71 9.05 8.32 8.03 7.88 7.74 8.61 9.78 10.51 10.88 11.39 12.19 13.21 14.16 15.04 14.75 15.11 15.11 14.67 12.78 10.07 7.15 4.89 4.60 4.53 3.65 3.07 2.63 3.14 4.53 5.18 5.48 5.84 7.08 8.98 10.00 10.07 9.05 8.10 8.47 8.83 8.03 8.03 7.52 7.01 6.72 7.81 9.71 10.22 10.59 10.88 11.10 9.78 9.20 8.83 10.66 13.72 15.26 14.75 12.19 10.29 9.56 9.56 9.56 10.73 12.41 14.31 14.31 16.43 17.52 18.03 16.79 14.82 13.14 12.63 13.43 13.29 14.24 14.24 13.80 13.29 12.19 10.15
7.37 8.91 8.61 8.10 8.32 8.18 8.10 8.61 9.78 11.61 12.26 12.63 13.51 14.75 15.33 13.94 13.14 14.31 14.31 13.21 11.10 8.54 6.64 5.91 5.26 4.16 3.94 3.29 3.94 6.50 7.23 9.05 10.15 10.51 10.37 11.17 12.05 12.26 11.32 10.15 9.27 9.27 8.76 8.76 8.40 8.69 9.13 11.46 11.68 11.83 12.63 11.83 11.17 10.59 9.34 8.98 9.34 10.66 11.17 11.39 11.68 12.70 12.99 12.85 12.41 12.26 12.41 13.87 13.87 15.18 16.13 17.01 16.28 15.11 14.31 13.36 11.90 10.59 10.80 12.05 12.19 11.75 11.24 11.68
8.76 9.13 8.25 7.59 7.37 6.20 5.91 5.91 7.23 8.25 11.17 11.17 10.59 11.68 13.51 12.99 13.29 12.48 12.48 11.17 9.64 7.74 7.15 7.08 7.23 5.99 5.91 5.48 7.74 9.93 10.88 12.99 14.09 13.14 12.56 11.83 11.24 10.00 9.27 9.20 9.27 9.34 10.73 10.73 12.34 11.46 11.32 12.41 12.99 13.43 13.72 13.43 13.43 13.87 14.38 12.99 11.97 10.88 9.56 7.52 7.30 7.81 8.98 10.73 11.75 12.85 12.56 11.75 11.75 13.36 15.04 13.94 12.34 10.22 9.49 10.59 5.84 0.29 0.00 4.38 10.80 11.68 11.17 10.66
9.78 8.03 6.06 5.62 5.33 5.69 4.45 5.11 6.06 7.59 7.88 8.69 8.83 8.76 9.20 8.76 8.83 9.78 9.78 9.34 8.98 7.08 7.30 7.96 7.96 7.88 8.47 8.40 9.86 10.66 11.97 14.09 14.67 13.21 10.88 8.83 7.45 7.01 6.72 8.18 10.73 11.61 12.19 12.19 11.90 11.02 10.73 10.51 11.17 11.61 12.56 13.72 12.92 13.80 16.72 17.52 16.50 13.58 10.15 7.74 7.52 7.52 7.81 7.59 8.47 10.88 12.92 14.31 14.31 14.82 14.16 13.51 12.34 10.07 9.20 8.03 3.65 0.00 0.00 0.58 8.10 12.05 12.85 13.07
9.78 8.03 6.06 5.62 5.33 5.69 4.45 5.11 6.06 7.59 7.88 8.69 8.83 8.76 9.20 8.76 8.83 9.78 9.78 9.34 8.98 7.08 7.30 7.96 7.96 7.88 8.47 8.40 9.86 10.66 11.97 14.09 14.67 13.21 10.88 8.83 7.45 7.01 6.72 8.18 10.73 11.61 12.19 12.19 11.90 11.02 10.73 10.51 11.17 11.61 12.56 13.72 12.92 13.80 16.72 17.52 16.50 13.58 10.15 7.74 7.52 7.52 7.81 7.59 8.47 10.88 12.92 14.31 14.31 14.82 14.16 13.51 12.34 10.07 9.20 8.03 3.65 0.00 0.00 0.58 8.10 12.05 12.85 13.07
7.81 5.69 5.26 4.45 5.48 5.77 3.87 2.12 1.61 1.97 4.74 5.77 6.28 7.96 9.64 8.10 8.47 9.42 9.42 9.27 8.61 7.96 7.15 7.01 8.10 9.78 10.00 9.78 9.56 10.59 11.90 13.87 14.45 14.09 11.46 8.10 6.13 5.99 7.15 10.37 11.10 11.68 11.90 11.90 10.73 9.86 9.56 9.20 8.61 9.49 11.24 11.90 12.12 13.58 14.38 15.62 15.55 13.80 11.32 10.80 11.10 12.26 11.61 10.15 10.44 11.17 12.48 14.02 14.02 15.40 15.70 14.31 13.14 12.05 11.32 9.27 5.18 0.00 0.00 5.40 9.05 9.42 9.71 11.53
4.02 4.16 5.04 5.55 7.37 5.62 3.80 2.56 0.29 0.88 2.56 4.09 7.59 9.86 11.10 10.00 10.95 11.53 11.53 10.44 9.49 7.81 5.99 6.06 6.86 9.56 10.73 10.51 11.32 12.19 12.41 13.80 15.77 15.77 13.51 10.37 7.88 6.50 6.42 7.37 8.25 9.13 10.51 10.51 11.53 11.97 10.59 8.91 7.74 9.56 10.88 12.05 13.43 14.16 15.33 16.43 15.70 15.11 14.97 15.40 17.59 18.47 16.64 15.70 14.97 15.11 15.55 17.01 17.01 16.72 16.21 15.55 14.09 12.63 10.29 8.32 5.91 4.53 3.50 5.69 8.10 9.49 9.71 9.20
3.07 0.00 4.45 5.48 7.01 6.64 4.96 3.07 1.46 2.04 4.09 5.11 6.06 9.05 8.54 8.83 10.00 10.29 10.29 10.88 11.24 9.64 7.59 6.86 7.30 9.49 10.95 11.24 11.24 10.22 9.49 11.24 12.41 11.97 10.15 8.61 6.57 4.89 0.00 0.00 0.00 5.33 7.52 7.52 11.10 13.14 12.12 9.20 8.10 9.64 13.80 15.48 16.13 16.94 17.23 17.89 18.40 18.18 17.01 17.08 18.54 21.90 22.48 20.44 19.42 18.32 18.91 19.64 19.64 17.08 12.56 10.37 9.20 9.56 8.32 6.94 5.69 6.06 6.13 6.42 6.94 8.25 10.37 11.32
5.18 4.60 5.33 5.99 6.42 6.57 5.91 5.62 4.16 4.96 5.69 6.28 6.57 5.40 7.30 6.79 7.59 8.54 8.54 9.05 9.64 9.20 8.61 8.61 8.61 11.10 12.56 11.39 9.42 7.74 6.13 5.69 6.86 6.79 6.86 5.99 4.53 0.00 0.00 0.00 0.00 3.80 5.26 5.26 8.47 9.86 10.88 9.20 8.40 10.73 14.97 17.67 18.69 19.56 19.93 20.66 20.15 18.98 17.59 16.13 16.50 18.03 20.08 22.05 21.90 21.39 21.02 20.22 20.22 16.13 11.02 6.42 5.40 4.53 4.31 3.94 3.36 2.56 2.92 4.09 4.53 5.69 7.30 8.98
4.53 5.18 5.99 6.06 5.40 5.69 5.99 7.59 7.96 8.54 8.18 8.40 8.47 7.01 8.61 9.34 9.49 8.91 8.91 8.83 9.27 10.37 10.80 12.05 13.14 15.26 16.79 16.57 14.31 10.22 7.81 5.62 0.00 0.00 0.00 0.00 0.00 0.00 0.00 0.00 4.60 4.82 3.50 3.50 4.67 6.50 7.66 7.59 8.32 8.61 9.56 11.10 14.16 16.50 18.91 20.37 19.93 17.89 15.99 14.67 15.70 17.37 18.18 19.20 20.88 22.41 22.56 21.32 21.32 17.67 11.53 7.01 0.00 2.70 2.41 2.26 2.04 1.61 1.46 1.83 2.77 2.77 4.02 4.82
4.53 5.18 5.99 6.06 5.40 5.69 5.99 7.59 7.96 8.54 8.18 8.40 8.47 7.01 8.61 9.34 9.49 8.91 8.91 8.83 9.27 10.37 10.80 12.05 13.14 15.26 16.79 16.57 14.31 10.22 7.81 5.62 0.00 0.00 0.00 0.00 0.00 0.00 0.00 0.00 4.60 4.82 3.50 3.50 4.67 6.50 7.66 7.59 8.32 8.61 9.56 11.10 14.16 16.50 18.91 20.37 19.93 17.89 15.99 14.67 15.70 17.37 18.18 19.20 20.88 22.41 22.56 21.32 21.32 17.67 11.53 7.01 0.00 2.70 2.41 2.26 2.04 1.61 1.46 1.83 2.77 2.77 4.02 4.82
4.09 5.99 5.69 5.62 5.33 5.69 7.15 9.34 10.07 9.86 9.78 10.22 10.22 10.29 11.17 12.70 11.46 10.59 10.59 10.29 10.95 12.34 13.14 13.72 15.11 16.35 17.08 16.43 15.70 11.83 9.05 6.13 4.67 0.00 0.00 0.00 0.00 0.00 0.00 0.00 3.21 3.80 3.07 3.07 0.00 0.00 4.96 5.04 0.00 4.67 4.45 4.38 6.72 7.96 11.02 13.80 15.11 14.16 13.80 14.75 16.06 17.74 19.20 20.66 21.75 22.48 21.83 21.68 21.68 21.90 19.49 15.26 9.86 6.72 0.00 2.63 2.04 1.31 1.75 2.04 1.53 1.75 1.97 2.48
4.16 5.11 6.57 7.15 6.72 8.54 10.37 11.90 11.83 12.41 11.02 10.73 10.29 9.56 10.44 11.68 11.61 11.32 11.32 11.83 12.41 13.72 14.60 14.38 14.31 15.73 14.45 14.09 14.16 12.78 10.66 8.18 6.28 4.09 0.00 0.00 0.00 0.00 1.46 2.56 2.56 2.19 2.04 2.04 0.00 0.00 2.77 0.00 0.00 0.00 0.00 0.00 0.00 3.50 5.77 9.13 12.41 12.92 14.38 16.94 18.32 18.10 18.83 21.39 22.41 22.19 22.63 22.27 22.27 22.12 22.48 20.08 14.82 10.88 7.66 5.26 3.58 1.61 1.68 1.68 2.12 1.53 1.61 0.00
4.23 4.74 7.74 9.05 11.61 12.48 13.43 0.00 13.07 12.41 10.00 10.51 11.02 10.00 8.98 9.34 10.59 11.75 11.75 12.48 12.92 13.43 14.97 15.84 17.88 15.27 14.83 14.90 15.70 16.21 14.82 10.95 8.18 5.55 3.80 1.83 1.61 1.46 2.04 2.85 2.77 1.97 1.17 1.17 0.00 0.00 0.00 0.00 0.00 0.00 0.00 0.00 0.00 0.00 0.00 0.00 6.28 9.64 13.14 17.01 18.69 17.52 17.08 19.05 19.49 20.29 21.61 22.78 22.78 22.41 21.17 20.00 16.72 14.31 9.86 8.61 6.57 5.18 3.80 2.63 2.48 2.56 0.00 0.00
3.36 3.50 5.18 11.32 12.70 12.56 11.46 10.22 9.49 6.06 4.67 5.84 6.50 5.55 4.82 7.96 10.95 10.66 10.66 13.43 13.29 12.97 14.37 15.95 16.64 15.36 15.37 15.48 16.48 16.69 15.33 13.80 12.19 10.29 6.35 4.53 4.09 2.77 2.63 2.41 1.53 1.83 2.04 2.04 1.46 0.00 0.00 0.00 0.00 0.00 0.00 0.00 0.00 0.00 0.00 0.00 0.00 0.00 5.84 8.91 14.75 17.30 17.08 15.48 14.24 15.18 19.05 21.10 21.10 20.81 18.91 17.23 16.21 14.31 11.39 9.34 7.74 6.06 4.82 4.31 3.21 2.99 3.36 3.14
4.16 4.31 5.91 8.76 11.83 9.27 8.54 7.30 5.40 0.00 0.00 0.00 0.00 0.00 2.77 6.28 9.56 9.13 9.13 14.06 11.80 9.26 10.46 11.90 12.97 13.43 14.98 17.30 17.13 17.11 16.73 15.62 15.33 14.75 12.85 11.24 8.83 7.15 4.89 2.99 1.53 1.61 1.68 1.68 0.29 0.00 0.00 0.00 0.00 0.00 0.00 0.00 0.00 0.00 0.00 0.00 0.00 0.00 0.00 5.48 10.00 13.36 15.55 17.16 15.91 13.43 15.04 18.03 18.03 18.54 17.01 14.67 12.70 10.80 10.37 7.81 5.84 4.74 4.38 3.43 3.50 3.29 3.43 2.85
4.16 4.31 5.91 8.76 11.83 9.27 8.54 7.30 5.40 0.00 0.00 0.00 0.00 0.00 2.77 6.28 9.56 9.13 9.17 14.52 11.98 9.92 10.20 12.20 12.78 13.43 14.53 16.07 16.00 17.37 16.90 16.27 17.22 15.60 13.18 11.24 8.83 7.15 4.89 2.99 1.53 1.61 1.68 1.68 0.29 0.00 0.00 0.00 0.00 0.00 0.00 0.00 0.00 0.00 0.00 0.00 0.00 0.00 0.00 5.48 10.00 13.36 15.55 17.16 15.91 13.43 15.04 18.03 18.03 18.54 17.01 14.67 12.70 10.80 10.37 7.81 5.84 4.74 4.38 3.43 3.50 3.29 3.43 2.85
7.59 7.37 7.37 7.01 6.13 7.15 6.72 6.57 6.13 4.74 4.89 4.67 4.16 3.58 5.11 8.18 12.12 14.24 14.24 12.34 9.93 6.64 5.80 6.08 6.96 7.74 9.95 11.89 13.87 16.73 16.52 16.42 17.66 17.76 15.95 15.05 13.49 10.88 6.50 4.45 2.70 1.17 0.95 0.95 0.00 0.00 0.00 0.00 0.80 0.00 0.00 0.00 0.00 0.00 0.00 0.00 0.00 0.00 0.00 2.99 5.91 8.69 12.34 17.45 19.78 18.10 16.13 16.21 16.21 15.04 13.14 11.02 9.56 7.81 7.23 6.13 4.45 2.77 2.41 2.04 1.61 1.75 2.12 1.61
9.34 9.78 8.40 6.72 5.84 5.62 4.60 4.74 5.91 6.35 6.86 6.79 6.94 5.91 6.57 8.98 12.85 14.97 14.97 12.33 13.51 6.02 0.00 0.00 0.00 0.00 0.00 5.60 9.91 14.82 17.37 18.98 19.35 19.04 19.00 18.31 16.23 13.28 11.68 9.86 7.23 4.02 2.12 2.12 0.22 0.00 0.07 0.29 1.17 0.00 0.00 0.00 0.00 0.00 0.00 0.00 0.00 0.00 2.34 2.63 2.56 3.58 7.01 12.56 19.56 19.64 17.81 17.16 17.16 15.11 10.37 8.47 7.01 6.42 5.40 4.89 3.14 1.61 1.17 1.10 1.83 1.46 1.39 1.90
9.34 9.20 8.25 7.66 8.18 7.30 4.96 7.15 8.10 8.03 8.32 7.01 5.69 5.40 4.96 7.23 10.73 11.17 11.17 8.10 12.05 5.18 0.00 0.00 0.00 0.00 0.00 2.06 6.03 10.14 15.33 18.91 21.02 20.08 20.29 20.17 20.78 17.30 16.50 15.33 14.89 11.32 6.50 6.50 1.10 0.66 0.22 0.00 0.00 0.29 0.00 0.00 0.00 0.00 0.00 0.00 0.00 1.39 1.68 1.46 1.53 0.00 7.96 15.48 18.83 17.74 16.35 14.24 14.24 12.63 9.64 7.66 4.89 4.09 4.53 4.67 3.80 2.12 1.39 1.24 2.48 2.99 2.41 2.19
8.61 9.13 9.86 10.29 10.59 10.00 9.78 9.71 13.43 13.29 11.61 9.71 7.74 7.74 7.30 8.03 8.25 6.35 6.35 5.26 5.55 6.06 0.00 0.00 0.00 0.00 0.00 0.00 2.56 5.77 8.98 13.21 16.79 18.69 19.71 21.17 22.60 22.39 21.45 20.43 17.23 14.31 9.78 9.78 4.89 2.48 1.61 0.73 0.00 0.00 0.15 0.29 0.00 0.00 0.00 0.00 0.00 0.00 3.80 3.72 2.34 0.00 9.13 14.38 16.57 15.33 12.26 10.44 10.44 9.49 7.74 4.09 3.14 3.21 3.36 3.29 3.36 3.72 2.48 1.97 1.90 2.19 1.97 2.48
5.04 5.33 6.79 8.32 7.96 0.00 0.00 12.12 0.00 0.00 12.41 11.53 10.88 10.51 8.83 7.08 4.60 3.43 3.43 3.58 4.82 4.53 4.45 0.00 4.09 0.00 0.00 0.00 0.00 4.09 5.99 7.88 10.37 10.88 13.43 16.43 19.78 21.32 22.60 22.69 20.25 17.45 15.48 15.48 11.24 7.01 5.91 4.02 1.75 1.46 0.66 0.37 0.80 0.88 0.00 0.00 0.00 0.00 4.23 5.69 4.89 4.74 6.28 9.64 11.46 10.22 8.47 7.52 7.52 5.48 3.87 3.36 2.63 2.19 2.41 2.99 2.99 2.48 1.39 1.39 1.46 1.10 1.61 0.73
0.00 2.04 0.00 0.00 0.00 0.00 0.00 0.00 0.00 0.00 8.25 8.47 8.25 7.88 4.82 2.85 1.75 1.31 1.31 2.56 3.80 4.82 0.00 0.00 3.07 0.00 0.00 0.00 3.48 4.31 5.30 6.16 7.38 7.74 8.40 9.27 10.80 13.20 17.23 18.40 19.25 15.55 14.89 14.89 13.72 13.14 12.05 11.32 10.73 8.40 3.94 1.68 0.29 0.00 0.00 0.95 0.00 0.00 0.00 0.00 4.31 4.02 0.00 0.00 6.06 6.42 5.69 0.00 0.00 3.72 0.00 0.00 1.90 1.24 1.97 2.99 2.63 0.00 1.10 0.29 0.58 0.73 0.80 0.80
0.00 2.04 0.00 0.00 0.00 0.00 0.00 0.00 0.00 0.00 8.25 8.47 8.25 7.88 4.82 2.85 1.75 1.32 1.31 2.56 3.80 4.82 0.00 0.00 3.07 0.00 0.00 0.00 3.43 4.16 5.11 6.13 7.15 7.74 8.44 9.32 10.80 13.13 17.40 18.40 19.05 15.55 14.89 14.89 13.72 13.14 12.05 11.32 10.73 8.40 3.94 1.68 0.29 0.00 0.00 0.95 0.00 0.00 0.00 0.00 4.31 4.02 0.00 0.00 6.06 6.42 5.69 0.00 0.00 3.72 0.00 0.00 1.90 1.24 1.97 2.99 2.63 0.00 1.10 0.29 0.58 0.73 0.80 0.80
0.00 3.50 2.34 0.00 0.00 4.89 0.00 10.67 10.08 0.00 6.13 6.79 5.40 5.04 3.29 1.02 1.10 0.88 0.88 2.19 2.99 0.00 0.00 0.00 0.00 0.00 0.00 0.00 5.04 6.20 6.06 6.35 7.08 6.06 5.04 4.89 5.18 6.79 9.83 10.73 8.98 8.32 8.40 8.40 8.98 10.80 11.39 13.43 15.70 14.89 10.51 6.13 3.80 0.00 0.00 0.88 1.46 0.00 0.00 0.00 0.00 2.92 0.00 0.00 0.00 3.14 2.85 0.00 0.00 3.21 0.00 0.00 0.00 0.00 0.00 0.00 0.00 0.00 0.00 0.00 0.22 0.44 1.31 1.90
