Wansh/Snow_depth/snowdepth-1990/winter/1991024.txt
ncols 321
nrows 161
xllcenter 60
yllcenter 15 
cellsize  0.25 
NODATA_value -1
[rows 37 to 73 of 161, columns 0 to 83 of 321]
0.00 0.00 2.26 7.15 11.68 15.77 19.05 20.00 21.90 23.14 23.36 23.29 22.27 21.90 22.41 20.88 21.32 21.46 20.81 20.81 20.44 19.42 18.83 17.37 14.60 13.87 13.87 14.53 14.16 16.79 13.65 10.73 10.07 9.71 9.64 10.66 12.26 13.80 13.14 12.56 10.73 10.80 10.15 8.69 8.03 7.74 8.25 7.37 6.57 5.99 5.62 5.62 5.84 5.55 0.00 0.00 0.00 0.00 0.00 4.96 6.72 5.62 5.11 4.89 5.04 5.55 5.77 5.48 4.38 4.31 4.89 4.67 4.53 5.40 6.28 7.15 7.15 7.45 10.15 12.48 14.60 14.82 13.21 12.34
0.00 0.00 3.43 9.20 15.11 18.03 20.08 21.53 23.29 23.80 24.16 23.14 21.75 21.32 21.61 19.93 19.42 19.42 19.20 19.78 19.05 17.23 15.99 15.48 14.53 14.16 14.16 14.60 16.72 15.91 13.07 11.17 10.22 9.27 9.93 11.24 13.80 15.77 15.55 14.97 12.85 12.12 9.78 7.66 7.59 6.79 7.74 7.01 5.26 4.38 4.09 4.09 5.26 5.11 0.00 0.00 0.00 0.00 1.90 4.89 5.55 5.99 5.26 5.26 5.33 5.33 5.04 4.31 4.53 5.04 6.13 6.86 5.99 6.20 8.10 9.42 9.42 10.73 0.00 14.24 16.35 16.86 15.77 16.64
0.00 0.00 0.00 8.40 13.72 16.57 18.03 19.35 21.24 22.19 22.19 21.24 19.93 19.35 17.74 19.78 17.16 17.59 17.74 17.08 16.50 15.62 14.60 13.80 13.21 12.48 12.48 12.56 13.07 15.18 12.12 11.68 11.90 10.88 11.46 13.29 14.75 15.62 15.33 14.97 14.24 12.85 10.37 8.40 7.08 6.79 7.74 7.01 6.57 4.45 3.50 3.50 4.67 6.06 4.38 0.29 0.00 0.00 1.10 4.23 4.45 5.18 4.67 4.45 5.11 4.89 5.91 6.13 6.57 7.37 7.96 9.20 9.05 8.40 8.91 9.49 9.49 11.90 15.18 16.86 17.37 17.59 16.94 17.23
0.00 0.00 0.00 3.36 9.86 13.65 14.53 16.94 18.76 20.15 19.20 17.89 17.89 17.59 16.57 17.01 17.23 17.08 16.21 15.40 14.38 13.43 12.92 12.12 11.17 9.64 9.64 10.07 10.66 9.78 10.80 8.61 8.32 8.40 9.71 11.10 11.97 12.70 11.83 12.41 12.48 11.90 10.80 9.13 8.54 8.25 7.96 8.69 7.08 5.40 4.53 4.53 4.74 5.84 6.20 5.18 1.90 1.46 3.58 4.16 4.67 4.89 4.89 5.55 6.13 5.62 5.77 6.06 7.23 8.69 9.13 9.56 0.00 11.46 11.46 10.80 10.80 12.05 14.31 16.43 17.23 15.18 13.21 12.12
0.00 0.00 0.00 0.00 8.18 12.34 14.31 17.16 17.23 17.52 16.94 16.28 17.16 16.94 15.91 15.40 16.79 15.70 15.18 15.33 13.94 12.92 11.61 10.59 9.71 9.05 9.05 9.34 8.76 7.23 6.50 3.94 2.41 0.00 4.31 6.28 7.01 6.86 9.20 9.27 10.29 10.73 10.51 9.64 10.15 9.42 8.91 7.52 6.42 4.82 3.94 3.94 4.82 4.31 5.11 5.48 4.96 4.45 3.80 4.60 5.62 5.77 5.69 5.55 4.89 5.04 5.48 5.77 7.01 7.81 8.54 0.00 0.00 11.17 12.48 12.99 12.99 13.14 14.38 15.26 16.28 16.21 13.72 10.51
0.00 0.00 0.00 3.65 0.00 12.48 13.80 15.48 14.45 14.31 14.02 13.21 13.72 13.43 11.97 12.12 13.87 14.97 15.18 14.67 13.14 10.59 9.64 9.56 8.98 9.27 9.27 9.27 9.13 7.37 4.45 2.63 0.00 0.00 0.00 0.00 2.85 4.16 6.06 6.35 7.59 7.96 7.74 9.20 9.34 7.88 6.35 5.62 4.45 2.56 2.56 2.56 2.63 3.14 4.09 4.45 4.67 4.74 3.87 3.72 4.82 5.18 4.67 4.60 4.31 4.82 5.40 5.26 6.42 7.88 0.00 0.00 7.30 8.83 10.80 12.48 12.48 12.34 13.14 12.78 12.41 13.36 13.35 12.75
0.00 0.00 0.00 5.62 3.36 10.73 12.12 13.07 10.15 9.78 9.27 8.83 9.49 8.83 8.18 9.64 11.83 10.80 12.85 11.90 10.44 9.42 9.13 9.34 10.15 10.44 10.44 10.51 10.44 8.91 5.99 4.38 1.90 0.00 1.46 0.73 1.53 2.99 3.94 4.67 4.16 4.38 5.04 5.62 6.20 5.18 4.53 4.23 2.70 1.75 1.31 1.31 2.19 2.92 3.07 3.87 4.89 4.82 4.09 4.53 4.53 4.31 3.43 2.92 0.00 2.99 4.02 4.16 0.00 0.00 4.31 4.67 4.89 4.45 4.60 4.53 4.53 6.13 7.30 6.64 7.59 8.25 8.10 9.56
0.00 0.00 0.00 3.43 4.74 6.57 8.98 7.23 5.91 4.96 6.94 7.01 6.94 6.13 6.20 7.59 10.44 10.73 11.53 10.22 9.20 8.69 9.93 11.46 12.19 12.41 12.41 12.12 12.05 10.95 10.66 8.98 6.20 4.53 2.12 2.34 2.19 2.12 2.56 2.92 2.56 2.19 2.04 2.34 2.77 2.70 2.70 3.07 2.85 2.41 1.90 1.90 2.41 2.41 3.07 4.38 6.06 6.79 5.62 5.04 5.18 4.53 3.58 4.02 3.87 4.02 0.00 5.55 0.00 0.00 0.00 0.00 1.31 1.61 1.90 1.24 1.24 0.88 1.83 2.99 3.72 4.53 5.40 7.19
0.00 0.00 0.00 0.00 1.83 3.87 3.43 3.14 2.70 4.74 6.86 7.23 7.81 7.15 8.03 8.25 10.15 9.64 11.53 10.37 9.20 10.80 12.05 13.29 13.43 13.36 13.36 13.07 12.99 13.21 13.21 11.90 10.66 7.45 6.28 5.77 5.11 3.43 3.50 2.34 0.95 0.66 0.00 0.00 2.70 3.72 3.72 4.02 0.00 0.00 0.00 0.00 3.36 0.00 0.00 5.69 7.30 0.00 0.00 0.00 5.77 5.69 5.04 5.77 6.35 0.00 0.00 7.74 6.57 4.67 4.23 2.85 2.56 1.61 1.02 1.39 1.39 2.41 2.63 3.80 4.60 6.50 6.28 8.25
0.00 0.00 0.00 0.00 1.83 3.87 3.43 3.14 2.70 4.74 6.86 7.23 7.81 7.15 8.03 8.25 10.15 9.64 11.53 10.37 9.20 10.80 12.05 13.29 13.43 13.36 13.36 13.07 12.99 13.21 13.21 11.90 10.66 7.45 6.28 5.77 5.11 3.43 3.50 2.34 0.95 0.66 0.00 0.00 2.70 3.72 3.72 4.02 0.00 0.00 0.00 0.00 3.36 0.00 0.00 5.69 7.30 0.00 0.00 0.00 5.77 5.69 5.04 5.77 6.35 0.00 0.00 7.74 6.57 4.67 4.23 2.85 2.56 1.61 1.02 1.39 1.39 2.41 2.63 3.80 4.60 6.50 6.28 8.33
0.00 0.00 0.00 0.00 0.00 0.00 0.00 3.14 3.14 5.40 7.88 9.71 11.10 10.44 10.00 9.64 11.46 11.24 11.39 10.22 12.05 13.36 14.45 14.45 13.87 14.02 14.02 13.80 13.58 14.24 13.94 14.45 13.51 11.75 11.10 9.49 8.10 6.94 6.57 4.23 2.04 0.00 0.00 0.00 0.00 0.00 0.00 0.00 0.00 0.00 0.00 0.00 0.00 0.00 0.00 8.32 0.00 0.00 0.00 0.00 0.00 7.45 6.94 7.15 8.98 9.34 9.42 9.13 8.32 9.20 10.22 11.02 9.56 7.08 5.11 4.67 4.67 4.89 7.59 8.40 11.68 14.24 16.94 16.39
0.00 0.00 0.00 0.00 0.00 0.00 0.00 4.60 4.89 6.64 9.78 11.39 11.61 10.88 9.56 9.27 10.15 10.37 11.61 12.70 13.29 14.89 14.67 15.11 14.45 13.58 13.58 11.68 11.46 13.07 14.45 14.67 13.29 11.68 13.07 10.51 9.93 9.56 8.83 6.86 3.50 0.00 0.00 0.00 0.00 0.00 0.00 0.00 0.00 0.00 0.00 0.00 0.00 0.00 0.00 0.00 0.00 0.00 0.00 0.00 0.00 8.32 9.20 9.71 10.73 10.80 10.66 10.73 11.10 10.22 11.97 13.72 14.53 12.34 10.73 11.17 11.17 11.68 11.61 12.92 14.24 19.86 24.38 26.65
0.00 0.00 0.00 0.00 0.00 0.00 3.43 3.07 6.20 8.47 10.66 12.26 11.24 9.56 6.72 6.57 7.66 9.13 11.32 12.05 12.70 13.07 13.58 13.65 12.41 10.66 10.66 9.27 10.66 11.46 12.05 9.34 8.40 6.50 8.54 5.40 6.42 7.66 7.81 6.86 4.82 4.09 0.00 0.00 0.00 0.00 0.00 0.00 8.40 10.15 11.32 11.32 11.24 11.46 11.83 11.97 11.83 11.83 11.39 10.29 9.42 9.34 9.27 8.76 9.78 9.13 8.61 7.37 4.82 4.16 3.94 8.83 10.88 13.29 14.67 17.52 17.52 19.42 19.49 16.57 15.70 17.62 23.55 26.95
0.00 0.00 0.00 0.00 0.00 0.00 3.65 4.23 7.23 9.71 10.88 11.46 9.93 6.64 5.26 6.06 6.94 9.13 9.93 10.29 9.78 11.46 11.24 12.05 10.00 8.91 8.91 8.54 8.32 8.10 6.28 3.94 2.19 2.70 2.85 3.87 3.58 5.48 5.55 5.84 4.96 5.26 6.06 5.62 5.26 4.89 6.35 7.59 9.64 11.53 13.87 13.87 12.85 13.21 14.45 14.97 15.40 15.48 15.99 13.72 12.99 10.51 8.40 6.35 5.99 4.82 0.00 0.00 0.00 0.00 0.00 0.00 7.52 12.85 15.40 17.37 17.37 19.71 20.37 17.67 14.82 15.86 18.71 21.38
0.00 0.00 0.00 0.00 0.00 0.00 3.58 6.42 6.72 7.45 8.76 7.37 6.35 4.82 4.02 4.09 5.04 5.62 6.13 6.94 6.50 8.18 9.13 10.44 9.86 9.78 9.78 8.18 5.99 2.34 0.58 0.73 0.29 0.00 0.22 1.75 0.00 0.00 3.65 5.04 5.40 6.42 7.88 8.61 8.47 8.98 10.73 9.49 10.00 13.36 16.72 16.72 15.48 16.28 19.20 21.68 22.85 21.90 22.34 20.15 16.21 11.83 6.42 5.11 4.53 0.00 0.00 0.00 0.00 0.00 0.00 0.00 9.42 13.36 12.99 14.09 14.09 13.80 13.21 11.97 11.75 12.26 11.83 12.85
0.00 0.00 0.00 0.00 0.00 0.00 1.68 3.58 6.72 4.82 3.43 2.99 0.00 0.00 0.00 0.00 0.00 0.00 0.00 3.94 4.16 4.45 6.57 8.25 9.13 7.52 7.52 4.45 0.88 0.00 0.00 0.00 0.00 0.00 0.00 0.00 0.00 0.00 2.92 4.53 5.26 6.35 8.40 9.86 11.61 14.16 13.21 11.61 11.32 13.87 15.91 15.91 14.16 15.18 20.51 23.87 26.43 27.23 26.43 24.31 20.73 15.99 11.24 9.34 9.42 10.29 6.28 7.23 0.00 0.00 0.00 7.88 10.95 11.53 10.66 8.98 8.98 5.91 5.84 7.59 8.32 7.59 6.57 5.18
0.00 0.00 0.00 0.00 0.00 0.00 0.00 0.00 0.00 2.41 0.00 0.00 0.00 0.00 0.00 0.00 0.00 0.00 0.00 0.80 1.53 0.51 2.77 4.02 3.36 1.75 1.75 0.00 0.00 0.00 0.00 0.00 0.00 0.00 0.00 0.00 0.00 0.00 3.43 3.36 3.72 5.40 8.98 13.21 16.43 16.64 14.97 10.95 9.78 12.19 12.85 12.85 12.41 12.92 16.35 20.51 21.46 22.48 22.63 21.02 20.81 18.54 16.13 16.79 18.10 18.98 19.05 16.72 16.28 13.51 10.22 9.34 9.71 8.47 5.77 3.65 3.65 1.83 1.31 1.97 4.31 5.40 3.36 3.20
0.00 0.00 0.00 0.00 0.00 0.00 0.00 0.00 0.00 0.00 0.00 0.00 0.00 0.00 0.00 0.00 0.00 0.00 0.15 0.07 0.00 0.00 0.00 0.44 0.00 0.00 0.00 0.00 0.00 0.00 0.00 0.00 0.00 0.00 0.00 4.53 4.82 0.00 0.00 1.83 3.29 5.55 10.44 15.11 16.79 14.09 10.66 8.91 8.03 8.32 10.44 10.44 10.80 10.44 14.02 17.16 17.81 17.52 17.81 17.08 17.23 16.43 15.84 17.08 18.10 21.32 23.58 25.19 22.34 17.89 11.68 7.08 6.50 6.06 2.34 1.68 1.68 1.10 0.00 0.00 0.00 0.44 0.58 0.00
0.00 0.00 0.00 0.00 0.00 0.00 0.00 0.00 0.00 0.00 0.00 0.00 0.00 0.00 0.00 0.00 0.00 0.00 0.00 0.00 0.00 0.00 0.00 0.07 0.00 0.00 0.00 0.00 0.00 0.00 0.00 0.00 0.00 0.00 0.00 4.23 3.43 0.00 1.90 3.14 4.67 6.94 10.44 12.78 11.61 10.37 9.64 10.37 9.27 9.05 9.34 9.34 9.20 8.25 10.73 14.53 15.77 15.70 14.38 13.80 13.43 12.48 11.53 11.90 14.02 19.20 24.53 26.65 21.97 16.64 9.64 3.72 2.92 1.53 0.29 0.00 0.00 0.00 0.00 0.00 0.00 0.00 0.00 0.00
0.00 0.00 0.00 0.00 0.00 0.00 0.00 0.00 0.00 0.00 0.00 0.00 0.00 0.00 0.00 0.00 0.00 0.00 0.00 0.00 0.00 0.00 0.00 0.00 0.00 0.00 0.00 0.00 0.00 0.00 0.00 0.00 0.00 0.00 0.00 1.61 1.31 1.17 0.80 3.50 4.31 5.18 6.79 6.35 5.11 5.84 9.93 13.07 14.02 12.12 9.71 9.71 8.69 6.13 7.59 9.56 13.51 16.06 15.48 14.24 12.63 11.24 10.29 10.00 13.21 17.67 22.78 21.39 15.55 12.05 7.37 3.14 2.41 0.80 0.00 0.00 0.00 0.00 0.00 0.00 0.00 0.00 0.00 0.00
0.00 0.00 0.00 0.00 0.00 0.00 0.00 0.00 0.00 0.00 0.00 0.00 0.00 0.00 0.00 0.00 0.00 0.00 0.00 0.00 0.00 0.00 0.00 0.00 0.00 0.00 0.00 0.00 0.00 0.00 0.00 0.00 0.00 0.00 0.00 0.00 0.44 1.68 2.19 3.65 3.43 2.85 1.53 0.66 2.26 4.82 9.05 13.36 14.45 13.07 10.15 10.15 8.25 6.50 7.45 9.86 14.24 17.08 18.03 16.06 13.43 10.95 9.86 10.66 12.19 13.80 16.21 11.32 8.03 3.87 2.85 0.88 0.51 0.00 0.00 0.00 0.00 0.00 0.00 0.00 0.00 0.00 0.00 0.00
0.00 0.00 0.00 0.00 0.00 0.00 0.00 0.00 0.00 0.00 0.00 0.00 0.00 0.00 0.00 0.00 0.00 0.00 0.00 0.00 0.00 0.00 0.00 0.00 0.37 0.00 0.00 2.92 4.53 0.00 0.00 0.88 0.00 0.00 0.00 0.00 0.37 1.97 3.50 2.99 0.88 0.00 0.00 0.00 0.07 1.75 5.55 10.00 11.39 11.75 10.37 10.37 8.47 8.32 9.42 11.32 15.26 17.81 19.42 18.83 15.48 9.42 7.74 8.40 8.47 8.83 7.15 4.82 3.21 1.46 0.07 0.00 0.00 0.00 0.00 0.00 0.00 0.00 0.00 0.00 0.00 0.00 0.00 0.00
0.00 0.00 0.00 0.00 0.00 0.00 0.00 0.00 0.00 0.00 0.00 0.00 0.00 0.00 0.00 0.00 0.00 0.00 0.00 0.00 0.00 0.00 0.00 0.00 0.95 0.00 0.00 6.13 9.78 8.47 6.64 3.29 1.31 0.80 1.46 1.90 2.77 3.80 5.11 2.70 0.00 0.00 0.00 0.29 1.31 2.99 5.18 7.15 9.27 10.22 9.86 9.86 10.51 11.90 12.92 14.97 16.64 17.16 18.47 19.20 13.07 6.28 3.72 4.60 4.31 3.58 2.63 1.61 1.10 0.95 0.44 0.00 0.00 0.00 0.00 0.00 0.00 0.00 0.00 0.00 0.00 0.00 0.00 0.00
0.00 0.00 0.00 0.00 0.00 0.00 0.00 0.00 0.00 0.00 0.00 0.00 0.00 0.00 0.00 0.00 0.00 0.00 0.00 0.00 0.00 0.00 0.00 0.00 0.00 0.00 0.00 4.31 8.10 9.71 9.86 6.64 3.36 3.58 0.00 6.13 7.08 6.35 6.86 5.84 4.23 2.48 2.56 3.50 5.48 6.94 7.81 8.32 10.07 10.59 11.75 11.75 13.51 15.70 15.40 15.48 15.91 13.14 11.90 11.97 8.61 3.50 1.53 1.61 1.97 1.39 1.17 1.17 0.95 0.51 0.00 0.00 0.00 0.00 0.00 0.00 0.00 0.00 0.00 0.00 0.00 0.00 0.00 0.00
0.00 0.00 0.00 0.00 0.00 0.00 0.00 0.00 0.00 0.00 0.00 0.00 0.00 0.00 0.00 0.00 0.00 0.00 0.00 0.00 0.00 0.00 0.00 0.00 0.00 0.00 0.00 0.00 3.21 6.79 9.42 8.32 6.72 7.59 7.96 8.47 8.91 8.61 8.83 8.61 7.23 6.20 6.06 7.23 7.66 8.76 9.49 11.24 10.59 10.73 12.56 12.56 13.58 14.82 13.36 13.94 10.07 7.37 4.82 5.91 4.31 1.02 0.00 0.58 0.22 0.22 0.37 0.00 0.00 0.00 0.00 0.00 0.00 0.00 0.00 0.00 0.00 0.00 0.00 0.00 0.00 0.00 0.00 0.00
0.00 0.00 0.00 0.00 0.00 0.00 0.00 0.00 0.00 0.00 0.00 0.00 0.00 0.00 0.00 0.00 0.00 0.00 0.00 0.00 0.00 0.00 0.00 0.00 0.00 0.00 0.00 0.00 1.75 4.09 8.03 8.18 8.40 9.64 9.86 9.56 9.71 9.34 9.20 8.83 9.56 8.32 7.59 6.57 7.01 8.83 11.75 13.65 12.78 12.70 14.45 14.45 15.48 12.99 11.24 10.07 5.62 3.14 3.36 3.07 3.36 2.26 0.51 0.00 0.00 0.00 0.00 0.00 0.00 0.00 0.00 0.00 0.00 0.00 0.00 0.00 0.00 0.00 0.00 0.00 0.00 0.00 0.00 0.00
0.00 0.00 0.00 0.00 0.00 0.00 0.00 0.00 0.00 0.00 0.00 0.00 0.00 0.00 0.00 0.00 0.00 0.00 0.00 0.00 0.00 0.00 0.00 0.00 0.00 0.00 0.00 0.00 0.00 3.43 7.08 8.76 9.86 9.78 9.71 9.13 8.83 10.07 10.29 10.37 10.07 8.83 7.74 7.30 8.10 10.88 14.24 12.78 10.44 10.44 12.41 12.41 12.34 9.64 6.28 5.33 2.99 2.19 3.65 4.53 4.89 3.07 1.46 0.22 0.00 0.00 0.00 0.00 0.00 0.00 0.00 0.00 0.00 0.00 0.00 0.00 0.00 0.00 0.00 0.00 0.00 0.00 0.00 0.00
0.00 0.00 0.00 0.00 0.00 0.00 0.00 0.00 0.00 0.00 0.00 0.00 0.00 0.00 0.00 0.00 0.00 0.00 0.00 0.00 0.00 0.00 0.00 0.00 0.00 0.00 0.00 0.00 0.00 5.99 8.47 9.20 8.18 8.54 8.40 8.54 8.61 8.76 8.25 8.69 8.69 8.10 7.37 8.18 9.20 12.34 12.78 11.39 8.69 8.18 10.59 10.59 9.05 7.37 5.04 4.82 3.94 5.40 6.28 4.96 4.38 2.93 2.41 1.53 1.10 0.80 1.10 0.37 0.00 0.00 0.00 0.00 0.00 0.00 0.00 0.00 0.00 0.00 0.00 0.00 0.00 0.00 0.00 0.00
0.00 0.00 0.00 0.00 0.00 0.00 0.00 0.00 0.00 0.00 0.00 0.00 0.00 0.00 0.00 0.00 0.00 0.00 0.00 0.00 0.00 0.00 0.00 0.00 0.00 0.00 0.00 0.00 3.36 1.97 8.76 7.88 6.35 5.48 5.26 6.35 6.35 7.01 7.15 7.96 7.15 7.59 7.01 9.13 10.88 11.53 12.12 10.29 8.03 7.88 8.98 8.98 8.83 6.79 4.96 6.35 7.88 7.59 7.74 5.91 3.07 1.61 1.46 1.24 2.26 1.83 1.68 0.00 0.00 0.00 0.00 0.00 0.00 0.00 0.00 0.00 0.00 0.00 0.00 0.00 0.00 0.00 0.00 0.00
0.00 0.00 0.00 0.00 0.00 0.00 0.00 0.00 0.00 0.00 0.00 0.00 0.00 0.00 0.00 0.00 0.00 0.00 0.00 0.00 0.00 0.00 0.00 0.00 0.00 0.00 0.00 0.00 3.80 3.50 5.99 4.67 1.02 1.24 1.75 2.77 3.58 5.04 5.91 6.50 6.79 7.15 5.62 9.78 11.10 11.17 10.29 9.71 8.54 6.86 6.28 6.28 6.35 6.06 6.06 8.18 10.22 9.93 7.96 5.69 3.65 3.80 1.68 0.88 1.17 1.68 2.26 2.85 2.26 0.00 0.00 0.00 0.00 0.00 0.00 0.00 0.00 0.00 0.00 0.00 0.00 0.00 0.00 0.00
0.00 0.00 0.00 0.00 0.00 0.00 0.00 0.00 0.00 0.00 0.00 0.00 0.00 0.00 0.00 0.00 0.00 0.00 0.00 0.00 0.00 0.00 0.00 0.00 0.00 0.00 0.00 0.66 2.92 2.34 6.35 0.00 0.00 0.00 0.07 1.97 0.88 1.39 3.07 5.69 7.30 7.01 9.71 7.96 10.88 11.24 8.98 8.40 6.86 6.42 5.99 5.99 5.55 6.42 6.50 8.18 8.76 7.37 6.64 5.62 4.38 2.70 1.75 0.88 0.37 1.17 1.46 3.07 4.16 3.87 2.04 0.00 0.00 0.00 0.00 0.00 0.00 0.00 0.00 0.00 0.00 0.00 0.00 0.00
0.00 0.00 0.00 0.00 0.00 0.00 0.00 0.00 0.00 0.00 0.00 0.00 0.00 0.00 0.00 0.00 0.00 0.00 0.00 0.00 0.00 0.00 0.00 0.00 0.00 0.00 0.00 0.00 0.00 0.00 0.80 0.00 0.00 0.00 0.00 0.00 0.00 0.00 0.00 2.70 5.84 6.64 10.15 9.71 10.44 10.15 8.54 8.03 7.59 8.03 8.18 8.18 7.15 6.86 5.77 6.42 6.64 6.57 6.72 5.91 5.18 3.14 2.63 1.10 0.00 0.07 1.17 2.85 5.33 5.06 3.67 1.97 0.00 0.00 0.00 0.00 0.00 0.00 0.00 0.00 0.00 0.00 0.00 0.00
0.00 0.00 0.00 0.00 0.00 0.00 0.00 0.00 0.00 0.00 0.00 0.00 0.00 0.00 0.00 0.00 0.00 0.00 0.00 0.00 0.00 0.00 0.00 0.00 0.00 0.00 0.00 0.00 0.00 0.00 0.00 0.00 0.00 0.00 0.00 0.00 0.00 0.00 0.00 0.00 4.16 7.08 11.10 13.58 12.34 10.29 9.34 9.86 10.95 10.15 10.15 10.15 8.76 6.79 7.08 7.15 7.74 8.32 7.01 5.91 5.77 3.43 2.56 0.00 0.00 0.00 1.69 2.56 4.60 5.77 4.96 3.43 0.00 0.00 0.00 0.00 0.00 0.00 0.00 0.00 0.00 0.00 0.00 0.00
0.00 0.00 0.00 0.00 0.00 0.00 0.00 0.00 0.00 0.00 0.00 0.00 0.00 0.00 0.00 0.00 0.00 0.00 0.00 0.00 0.00 0.00 0.00 0.00 0.00 0.00 0.00 0.00 0.00 0.00 0.00 0.00 0.00 0.00 0.00 0.00 0.00 0.00 0.00 0.37 4.74 8.03 11.61 14.53 12.85 12.48 11.75 12.34 12.70 12.05 11.61 11.61 10.51 8.76 9.56 10.51 11.46 9.49 7.66 6.06 7.30 5.33 2.85 0.22 0.44 0.00 0.66 1.75 3.52 4.53 4.23 4.23 4.02 2.41 0.00 0.00 0.00 0.00 0.00 0.00 0.00 0.00 0.00 0.00
0.00 0.00 0.00 0.00 0.00 0.00 0.00 0.00 0.00 0.00 0.00 0.00 0.00 0.00 0.00 0.00 0.00 0.00 0.00 0.00 0.00 0.00 0.00 0.00 0.00 0.00 0.00 0.00 0.00 0.00 0.00 0.00 0.00 0.00 0.00 0.00 0.00 0.00 0.00 1.68 6.28 8.18 11.53 14.60 14.67 14.16 13.43 13.36 13.51 12.63 12.70 12.70 13.51 12.19 13.21 15.11 13.87 10.66 8.47 7.74 8.32 6.13 3.36 2.41 0.29 0.00 0.00 0.51 2.12 2.77 2.92 3.50 3.36 0.00 0.00 0.00 0.00 0.00 0.00 0.00 0.00 0.00 0.00 0.00
0.00 0.00 0.00 0.00 0.00 0.00 0.00 0.00 0.00 0.00 0.00 0.00 0.00 0.00 0.00 0.00 0.00 0.00 0.00 0.00 0.00 0.00 0.00 0.00 0.00 0.00 0.00 0.00 0.00 0.00 0.00 0.00 0.00 0.00 0.00 0.00 0.00 0.00 0.00 3.43 6.94 10.00 12.48 14.45 15.55 15.99 11.83 12.05 11.75 10.29 12.48 12.48 13.29 14.02 14.97 17.16 13.94 10.73 9.42 8.47 7.74 6.64 5.33 3.80 0.73 1.31 0.66 0.00 0.29 1.10 1.17 1.17 1.46 1.83 1.97 2.04 2.04 1.68 0.58 0.00 0.00 0.00 0.00 0.00
0.00 0.00 0.00 0.00 0.00 0.00 0.00 0.00 0.00 0.00 0.00 0.00 0.00 0.00 0.00 0.00 0.00 0.00 0.00 0.00 0.00 0.00 0.00 0.00 0.00 0.00 0.00 0.00 0.00 0.00 0.00 0.00 0.00 0.00 0.00 0.00 0.00 0.00 1.53 3.87 7.88 11.39 14.09 14.38 14.53 14.67 9.78 8.47 8.18 8.91 11.53 11.53 12.70 13.36 14.67 16.86 12.85 10.22 9.34 8.40 6.72 6.13 5.77 4.60 1.02 1.53 2.34 0.58 0.58 0.73 2.19 2.19 0.66 0.44 0.15 0.00 0.00 0.51 1.24 0.44 0.15 0.00 0.00 0.00
