Wansh/Snow_depth/snowdepth-1987/spring/1987089.txt
ncols 321
nrows 161
xllcenter 60
yllcenter 15 
cellsize  0.25 
NODATA_value -1
[rows 0 to 36 of 161, columns 0 to 83 of 321]
20.81 20.81 27.38 27.96 24.38 23.21 25.92 25.55 26.13 26.21 25.77 26.94 25.99 25.84 26.35 26.65 26.13 25.92 26.65 24.09 23.65 23.80 24.67 25.26 25.77 25.92 25.92 26.79 26.86 26.65 27.89 26.65 24.97 25.33 24.89 23.00 23.14 22.56 21.75 21.17 19.78 19.20 19.71 19.42 18.76 20.15 21.39 24.45 24.82 23.94 23.51 23.51 22.41 23.94 27.74 27.16 27.23 28.98 30.30 29.13 29.64 30.15 31.24 30.37 30.30 27.89 28.18 27.67 26.28 25.70 24.09 27.16 28.69 28.32 30.37 31.46 31.46 31.90 30.37 28.54 29.86 29.86 30.15 29.13
27.16 27.16 25.92 25.70 27.81 27.96 24.89 25.99 27.30 25.62 27.45 26.86 27.30 27.08 26.72 26.79 25.62 25.40 25.62 26.35 25.92 25.48 26.28 26.35 26.86 25.26 25.26 24.53 23.58 23.94 24.75 23.43 21.53 21.24 22.34 22.70 22.56 21.90 19.86 18.40 16.94 17.67 17.16 17.01 18.61 19.05 16.43 18.25 21.02 20.37 21.02 21.02 21.17 21.97 22.85 23.65 25.11 27.45 26.13 26.43 26.50 27.67 25.19 25.40 24.16 24.02 23.94 19.05 20.73 21.10 23.65 26.06 27.59 28.62 29.86 30.81 30.81 31.24 31.76 30.37 30.30 30.30 29.49 28.32
28.03 28.03 22.85 24.60 28.18 25.92 24.89 24.97 25.99 27.45 25.19 25.33 25.77 26.13 25.70 25.40 26.06 26.72 24.31 23.65 24.82 24.82 25.92 25.84 23.87 23.73 23.73 22.48 21.61 23.07 23.00 21.46 20.81 21.10 21.90 21.61 20.66 20.08 20.51 18.25 17.59 15.91 16.06 16.35 16.13 14.31 16.72 17.67 19.13 18.18 18.76 18.76 20.29 20.81 21.68 22.92 23.65 24.02 23.94 24.60 23.73 23.14 23.21 22.92 23.58 23.07 25.33 24.60 26.06 26.94 27.67 28.62 27.52 28.11 29.13 30.08 30.08 30.66 28.91 29.20 28.11 27.67 27.01 25.62
28.03 28.03 22.85 24.60 28.18 25.92 24.89 24.97 25.99 27.45 25.19 25.33 25.77 26.13 25.70 25.40 26.06 26.72 24.31 23.65 24.82 24.82 25.92 25.84 23.87 23.73 23.73 22.48 21.61 23.07 23.00 21.46 20.81 21.10 21.90 21.61 20.66 20.08 20.51 18.25 17.59 15.91 16.06 16.35 16.13 14.31 16.72 17.67 19.13 18.18 18.76 18.76 20.29 20.81 21.68 22.92 23.65 24.02 23.94 24.60 23.73 23.14 23.21 22.92 23.58 23.07 25.33 24.60 26.06 26.94 27.67 28.62 27.52 28.11 29.13 30.08 30.08 30.66 28.91 29.20 28.11 27.67 27.01 25.62
27.52 27.52 22.12 25.62 29.49 28.91 27.30 25.92 25.62 25.11 24.16 23.51 23.94 24.31 23.94 23.73 24.09 23.80 23.07 23.94 24.75 25.26 22.78 22.85 23.29 22.63 22.63 23.21 23.00 23.43 23.21 23.14 21.97 19.71 21.10 20.59 19.86 19.05 19.93 19.78 19.42 18.18 16.57 16.43 14.53 13.87 14.02 15.04 16.28 16.35 16.43 16.43 17.59 19.05 19.93 21.24 21.83 22.34 21.97 22.63 23.21 23.00 22.12 22.41 25.84 25.26 23.14 24.02 24.31 24.97 25.92 25.11 25.33 26.57 26.79 26.86 26.86 27.30 26.79 25.77 24.31 23.00 23.73 23.00
26.28 26.28 26.79 27.38 27.96 28.76 30.00 25.62 25.48 25.55 25.11 25.33 25.04 25.48 23.80 23.51 24.09 23.14 20.29 21.10 23.36 24.24 24.09 24.16 23.65 22.34 22.34 22.19 23.21 25.11 26.50 27.67 28.40 28.25 25.33 21.97 19.64 22.05 20.73 18.54 17.74 17.52 15.77 16.06 15.48 15.11 13.94 14.09 15.11 14.09 13.14 13.14 13.87 14.53 15.84 16.13 15.48 16.64 17.45 18.40 20.59 22.63 22.56 26.06 25.55 27.16 24.82 24.75 23.07 22.70 22.85 22.12 23.65 23.43 22.34 22.48 22.48 23.07 22.05 21.90 21.32 20.59 23.80 25.04
24.60 24.60 24.82 25.40 23.87 26.28 25.70 25.55 28.03 28.40 27.67 26.86 27.23 25.92 24.24 22.85 23.43 26.21 23.65 22.78 22.78 24.24 23.51 23.87 24.31 24.38 24.38 24.31 24.38 24.89 25.77 26.94 26.28 24.89 24.31 23.00 20.95 21.32 20.37 18.25 16.21 16.72 15.55 15.77 16.21 15.26 15.62 17.89 16.43 16.64 15.99 15.99 13.58 14.02 17.45 17.37 15.99 15.70 16.86 17.52 18.83 21.46 21.61 24.31 24.45 24.97 23.80 22.12 22.70 20.22 17.81 18.32 18.61 17.52 16.43 18.40 18.40 18.76 18.47 18.25 18.76 19.78 21.17 21.02
24.60 24.60 24.82 25.40 23.87 26.28 25.70 25.55 28.03 28.40 27.67 26.86 27.23 25.92 24.24 22.85 23.43 26.21 23.65 22.78 22.78 24.24 23.51 23.87 24.31 24.38 24.38 24.31 24.38 24.89 25.77 26.94 26.28 24.89 24.31 23.00 20.95 21.32 20.37 18.25 16.21 16.72 15.55 15.77 16.21 15.26 15.62 17.89 16.43 16.64 15.99 15.99 13.58 14.02 17.45 17.37 15.99 15.70 16.86 17.52 18.83 21.46 21.61 24.31 24.45 24.97 23.80 22.12 22.70 20.22 17.81 18.32 18.61 17.52 16.43 18.40 18.40 18.76 18.47 18.25 18.76 19.78 21.17 21.02
21.61 21.61 23.65 24.24 23.87 25.92 26.50 25.99 26.50 25.92 25.04 25.11 23.94 23.00 21.68 24.02 24.45 24.75 25.11 24.75 23.87 21.75 22.63 22.27 23.07 23.00 23.00 23.07 22.85 21.90 22.56 23.87 22.41 21.46 21.68 20.00 17.67 17.52 16.06 12.63 12.41 9.71 12.41 14.38 15.99 16.43 16.86 16.64 17.01 17.52 16.64 16.64 15.04 12.70 12.78 12.70 14.82 14.67 14.09 15.04 15.84 17.45 19.71 20.44 21.24 21.10 22.12 21.39 19.05 17.30 16.13 14.31 16.43 17.30 17.59 18.76 18.76 15.70 11.75 13.21 15.99 19.27 19.86 19.78
22.85 22.85 21.97 23.07 23.80 24.89 23.94 22.92 23.29 22.27 20.66 21.39 22.56 22.63 22.34 23.87 23.07 21.68 19.05 18.32 19.20 18.25 20.29 21.17 21.39 21.83 21.83 23.21 23.80 22.85 21.61 21.83 21.61 21.10 18.76 15.55 15.55 14.60 14.53 13.65 11.32 12.48 12.05 15.04 15.33 13.94 14.02 15.55 16.86 17.37 15.99 15.99 14.38 13.21 11.68 12.26 13.29 13.51 13.58 15.70 15.70 15.55 17.89 19.64 19.49 21.53 22.92 21.39 19.78 19.20 19.64 17.23 16.50 17.37 19.27 19.56 19.56 19.27 18.18 20.88 18.69 17.16 18.32 19.86
22.12 22.12 23.07 23.73 20.95 21.46 20.08 18.91 17.74 17.59 18.47 19.64 22.92 22.56 20.51 19.49 20.22 18.61 16.72 15.77 15.26 14.97 16.72 17.52 17.96 18.18 18.18 19.05 18.83 19.20 17.96 16.94 16.86 17.96 16.57 15.62 14.97 16.79 15.84 14.60 12.48 12.85 12.56 11.10 12.05 12.92 13.36 14.53 14.45 12.78 12.12 12.12 12.26 12.99 12.70 12.78 13.07 15.40 16.86 16.64 14.45 15.84 16.57 16.64 18.10 19.05 17.45 15.91 18.69 22.05 21.24 20.15 20.37 18.54 18.98 20.37 20.37 21.39 20.00 18.47 16.72 16.50 18.32 19.35
22.12 22.12 23.07 23.73 20.95 21.46 20.08 18.91 17.74 17.59 18.47 19.64 22.92 22.56 20.51 19.49 20.22 18.61 16.72 15.77 15.26 14.97 16.72 17.52 17.96 18.18 18.18 19.05 18.83 19.20 17.96 16.94 16.86 17.96 16.57 15.62 14.97 16.79 15.84 14.60 12.48 12.85 12.56 11.10 12.05 12.92 13.36 14.53 14.45 12.78 12.12 12.12 12.26 12.99 12.70 12.78 13.07 15.40 16.86 16.64 14.45 15.84 16.57 16.64 18.10 19.05 17.45 15.91 18.69 22.05 21.24 20.15 20.37 18.54 18.98 20.37 20.37 21.39 20.00 18.47 16.72 16.50 18.32 19.35
19.71 19.71 21.02 18.32 18.76 18.61 17.45 17.81 15.84 15.99 17.67 19.78 21.83 21.17 19.27 17.89 18.54 19.64 16.64 15.55 13.94 14.16 15.99 16.72 16.13 16.43 16.43 16.35 15.55 15.40 14.89 13.43 11.97 13.58 15.40 14.75 15.33 15.70 15.40 12.99 12.78 13.21 13.94 11.83 12.19 12.92 12.12 9.34 9.34 9.42 11.10 11.10 11.90 12.92 11.90 12.63 14.24 15.40 15.40 17.30 16.50 11.61 17.81 18.25 20.22 22.12 14.75 11.17 16.57 18.03 17.59 15.84 15.11 15.40 11.24 11.97 11.97 16.21 17.89 17.89 21.02 16.64 10.88 12.63
20.00 20.00 19.13 18.32 19.27 18.03 16.50 15.77 15.11 14.89 16.13 17.74 18.25 18.18 18.54 17.16 18.47 18.98 17.74 15.18 15.77 14.02 14.89 16.35 14.45 12.78 12.78 13.21 14.60 14.02 13.58 12.63 12.63 11.90 12.34 11.83 12.92 14.09 11.24 11.90 12.63 12.78 13.07 12.63 11.02 9.49 6.13 5.18 6.50 7.23 8.40 8.40 9.71 10.66 12.12 13.07 14.16 13.07 12.48 14.53 9.49 6.57 4.16 17.23 21.90 24.60 24.82 21.39 19.05 17.23 15.70 13.58 16.43 16.57 14.38 14.38 14.38 15.40 16.28 14.67 14.31 11.61 7.30 11.17
17.96 17.96 18.69 19.78 19.35 17.89 15.55 15.62 15.48 14.02 13.65 13.51 16.94 16.79 18.40 19.56 19.27 17.16 14.89 16.28 15.91 16.13 14.75 13.87 13.36 12.99 12.99 13.21 13.94 12.99 12.05 11.17 10.73 10.00 10.66 10.51 11.24 10.29 11.02 10.80 11.24 10.88 11.02 13.36 12.85 11.61 9.27 7.45 8.18 8.91 9.34 9.34 9.64 10.59 12.12 14.53 13.65 12.26 12.63 14.09 15.48 16.43 16.57 18.18 18.69 18.10 19.20 18.91 18.47 17.52 16.79 15.62 15.99 17.74 19.35 19.71 19.71 18.91 15.77 13.80 13.43 13.72 17.52 19.20
17.16 17.16 19.35 20.37 19.35 17.37 16.57 16.06 16.50 15.48 14.89 14.24 13.72 12.48 12.99 14.97 16.43 15.91 15.18 15.33 15.04 13.94 12.63 12.56 13.80 14.97 14.97 13.65 13.07 10.66 10.37 10.88 9.93 8.83 9.42 10.22 10.80 8.61 9.13 9.49 10.00 9.34 8.98 11.53 12.12 9.93 7.59 6.79 8.54 8.47 9.13 9.13 8.40 8.76 9.93 9.34 9.64 12.63 14.89 15.70 14.75 14.31 13.72 12.63 14.24 14.31 12.92 14.45 15.55 16.64 16.50 16.64 17.52 19.42 20.73 20.08 20.08 19.20 18.10 16.06 15.33 13.87 17.37 19.35
17.16 17.16 19.35 20.37 19.35 17.37 16.57 16.06 16.50 15.48 14.89 14.24 13.72 12.48 12.99 14.97 16.43 15.91 15.18 15.33 15.04 13.94 12.63 12.56 13.80 14.97 14.97 13.65 13.07 10.66 10.37 10.88 9.93 8.83 9.42 10.22 10.80 8.61 9.13 9.49 10.00 9.34 8.98 11.53 12.12 9.93 7.59 6.79 8.54 8.47 9.13 9.13 8.40 8.76 9.93 9.34 9.64 12.63 14.89 15.70 14.75 14.31 13.72 12.63 14.24 14.31 12.92 14.45 15.55 16.64 16.50 16.64 17.52 19.42 20.73 20.08 20.08 19.20 18.10 16.06 15.33 13.87 17.37 19.35
19.56 19.56 18.10 18.32 18.69 15.26 13.80 13.51 14.89 14.53 13.94 12.56 10.22 11.39 12.99 14.67 16.28 16.43 16.79 16.06 14.82 13.58 13.72 13.58 11.97 11.53 11.53 11.02 9.86 9.13 9.42 10.07 10.07 10.73 10.66 10.88 7.66 8.54 9.78 11.46 11.61 10.37 9.78 10.95 11.75 9.78 7.81 7.37 10.44 11.32 11.02 11.02 10.44 10.80 12.85 13.72 14.60 14.53 15.11 16.35 14.97 13.21 10.22 9.93 9.27 10.22 9.71 10.73 11.10 13.21 15.48 17.96 20.44 20.44 20.37 21.83 21.83 22.34 21.17 14.38 16.50 17.52 14.97 14.09
14.60 14.60 15.84 13.87 12.12 12.26 12.63 13.72 14.75 13.80 12.56 12.56 13.51 14.45 16.43 16.57 19.05 21.02 20.15 16.86 15.11 14.45 14.97 14.31 12.26 11.24 11.24 10.59 9.86 9.27 11.24 12.70 13.36 13.36 12.41 6.50 10.51 9.34 9.42 10.22 11.17 10.29 11.02 10.51 10.66 10.07 10.95 12.56 13.36 12.41 12.92 12.92 13.87 14.38 13.72 13.65 15.11 14.53 12.92 13.29 13.36 15.62 15.04 8.54 0.00 1.10 4.31 4.16 8.32 12.19 14.89 17.37 19.64 20.88 19.71 21.46 21.46 24.89 21.17 17.08 13.43 13.65 13.29 12.56
17.37 17.37 18.47 18.54 16.57 15.77 15.33 15.91 16.43 17.01 16.64 16.06 16.86 18.98 18.91 17.96 17.96 18.10 17.37 16.94 16.06 15.26 14.09 12.70 12.26 11.32 11.32 10.80 11.61 11.83 13.36 13.80 13.65 15.62 7.23 4.16 8.91 10.66 9.27 9.05 9.78 9.71 9.93 11.53 12.19 9.05 10.88 14.75 14.45 13.14 13.72 13.72 17.23 19.27 18.54 17.67 16.86 13.43 17.81 14.97 13.29 15.18 16.86 14.53 8.91 2.63 0.00 0.00 1.31 4.67 9.42 10.66 13.29 19.93 19.93 19.78 19.78 20.37 19.86 21.53 21.53 20.59 18.98 17.08
18.54 18.54 17.37 17.16 16.43 15.70 16.50 17.23 17.89 16.86 17.45 18.10 18.83 18.83 19.13 17.67 17.45 17.01 16.86 16.43 14.97 14.60 12.85 13.14 14.09 10.95 10.95 11.39 12.92 14.45 15.04 14.24 14.60 15.11 10.00 10.44 12.48 13.21 13.65 12.48 11.61 12.05 12.19 12.19 8.10 6.64 8.18 10.59 12.48 11.61 11.53 11.53 14.45 15.77 17.89 16.57 15.33 18.54 21.53 20.44 20.44 19.20 19.49 18.91 12.19 7.59 7.74 10.66 11.39 5.77 4.82 4.23 5.04 12.99 22.27 22.92 22.92 21.68 21.90 23.94 24.24 23.80 21.61 17.74
18.91 18.91 17.81 16.06 17.16 18.18 20.00 21.97 20.81 19.42 19.93 19.35 18.54 17.37 15.99 14.45 12.99 12.41 14.24 13.94 13.94 12.41 10.07 10.95 14.16 13.43 13.43 12.78 13.07 13.51 14.38 14.24 13.72 9.86 12.26 12.85 13.51 13.80 11.83 11.24 11.02 9.86 9.86 8.69 5.11 0.00 0.00 0.00 8.91 10.44 12.63 12.63 16.43 16.35 16.86 17.23 16.79 19.35 19.64 20.37 20.95 14.16 9.64 12.12 14.02 14.97 16.64 11.75 8.10 6.13 13.58 12.26 11.10 15.26 23.36 26.65 26.65 25.40 23.73 24.24 23.65 23.00 19.86 18.83
18.91 18.91 17.81 16.06 17.16 18.18 20.00 21.97 20.81 19.42 19.93 19.35 18.54 17.37 15.99 14.45 12.99 12.41 14.24 13.94 13.94 12.41 10.07 10.95 14.16 13.43 13.43 12.78 13.07 13.51 14.38 14.24 13.72 9.86 12.26 12.85 13.51 13.80 11.83 11.24 11.02 9.86 9.86 8.69 5.11 0.00 0.00 0.00 8.91 10.44 12.63 12.63 16.43 16.35 16.86 17.23 16.79 19.35 19.64 20.37 20.95 14.16 9.64 12.12 14.02 14.97 16.64 11.75 8.10 6.13 13.58 12.26 11.10 15.26 23.36 26.65 26.65 25.40 23.73 24.24 23.65 23.00 19.86 18.83
18.91 18.91 17.59 17.01 17.89 20.66 20.66 20.37 21.32 21.68 20.15 19.05 17.01 13.36 12.34 11.46 12.48 13.43 15.18 14.82 14.02 12.70 11.46 13.07 14.09 12.63 12.63 11.83 11.75 13.72 14.97 14.24 11.39 13.29 13.43 12.12 9.78 7.74 6.50 4.82 8.83 9.93 8.10 0.00 0.00 0.00 0.00 0.00 0.00 10.66 13.94 13.94 16.79 17.45 18.32 18.98 17.67 17.08 14.09 14.31 15.48 15.04 13.80 11.10 10.95 13.14 16.06 14.16 9.05 3.80 9.49 10.51 7.52 5.48 8.32 14.53 14.53 15.70 16.79 18.76 20.29 18.91 13.80 12.05
18.03 18.03 17.59 17.16 19.78 21.02 19.56 19.13 21.32 21.32 17.30 14.38 14.97 13.58 12.92 13.21 13.87 13.51 13.21 13.51 13.14 12.34 12.56 12.12 12.70 12.48 12.48 11.75 13.43 14.16 14.89 15.18 11.61 12.05 11.83 11.90 9.49 8.10 8.32 7.81 3.65 0.00 0.00 0.00 0.00 0.00 0.00 0.00 0.00 11.17 12.26 12.26 13.72 15.77 18.25 19.13 18.91 17.59 15.48 16.43 17.01 19.05 20.29 18.91 18.32 21.32 21.90 18.83 21.68 20.59 19.13 16.50 14.31 10.80 11.32 7.15 7.15 3.50 5.18 12.19 17.52 15.11 12.70 11.02
18.32 18.32 18.54 18.10 18.47 19.86 21.17 19.78 19.20 16.43 13.87 13.72 15.18 14.31 12.05 12.78 13.65 13.65 11.53 11.02 10.15 11.32 11.90 10.44 10.80 12.26 12.26 11.46 13.36 15.26 15.84 8.91 9.20 7.81 7.52 8.69 7.96 2.41 0.66 1.46 0.00 0.00 0.00 0.00 0.00 0.00 0.00 0.00 0.00 0.00 11.53 11.53 14.16 16.06 15.33 17.81 21.17 20.22 23.00 25.33 23.87 22.63 26.28 25.26 27.45 28.32 29.05 28.76 27.45 26.94 24.67 24.89 23.07 23.29 18.76 13.58 13.58 7.59 7.59 11.39 17.30 18.40 17.96 18.76
17.67 17.67 16.35 14.89 14.67 16.79 18.03 17.59 15.40 12.19 8.54 10.15 9.71 11.17 11.97 11.68 12.99 12.85 12.05 10.59 9.20 8.03 8.40 9.49 10.15 11.97 11.97 12.63 14.45 14.53 4.82 6.28 7.74 7.66 7.15 8.10 6.28 0.00 0.00 0.00 0.00 0.00 0.00 0.00 0.00 0.00 0.00 0.00 0.00 0.00 0.00 0.00 9.64 10.51 12.92 16.72 26.13 26.72 30.30 32.05 28.03 24.82 29.20 34.82 35.77 34.09 28.76 27.52 30.66 33.29 28.54 25.55 25.77 26.86 25.77 23.21 23.21 17.81 12.34 12.99 19.93 20.66 22.27 24.24
15.55 15.55 15.40 14.02 14.75 16.13 15.77 14.82 13.43 11.53 9.86 8.47 7.45 10.15 10.59 10.95 10.29 10.37 10.44 9.05 7.66 7.59 7.45 8.83 10.51 10.73 10.73 10.80 10.07 11.68 3.94 4.67 5.84 7.08 6.79 1.90 0.00 0.00 0.00 0.00 0.00 0.00 0.00 0.00 0.00 0.00 0.00 0.00 16.79 16.50 0.00 0.00 0.00 12.85 13.14 34.60 34.24 33.94 34.53 32.19 31.46 31.03 34.24 36.94 36.21 33.00 27.16 25.77 25.92 24.02 17.52 12.92 16.50 22.56 26.86 28.69 28.69 26.50 21.61 18.47 20.51 23.65 25.11 23.43
15.55 15.55 15.40 14.02 14.75 16.13 15.77 14.82 13.43 11.53 9.86 8.47 7.45 10.15 10.59 10.95 10.29 10.37 10.44 9.05 7.66 7.59 7.45 8.83 10.51 10.73 10.73 10.80 10.07 11.68 3.94 4.67 5.84 7.08 6.79 1.90 0.00 0.00 0.00 0.00 0.00 0.00 0.00 0.00 0.00 0.00 0.00 0.00 16.79 16.50 0.00 0.00 0.00 12.85 13.14 34.60 34.24 33.94 34.53 32.19 31.46 31.03 34.24 36.94 36.21 33.00 27.16 25.77 25.92 24.02 17.52 12.92 16.50 22.56 26.86 28.69 28.69 26.50 21.61 18.47 20.51 23.65 25.11 23.43
14.82 14.82 13.29 11.97 13.07 13.07 14.16 14.53 12.92 12.05 12.70 11.83 10.59 11.17 13.14 12.70 9.56 8.25 8.10 8.32 7.45 7.30 8.25 7.59 8.03 8.03 8.03 9.27 9.27 0.00 0.00 1.39 0.22 0.00 0.00 1.46 0.00 0.00 0.00 0.00 18.69 21.32 0.00 0.00 0.00 0.00 17.01 17.67 18.25 18.10 18.91 18.91 16.57 12.56 0.00 37.96 36.35 34.16 31.46 29.13 30.22 29.78 24.24 25.62 27.23 23.14 17.81 20.44 20.22 16.28 13.29 11.61 13.07 20.00 27.96 33.58 33.58 35.04 29.86 24.38 23.58 25.19 24.67 21.75
11.02 11.02 9.56 9.42 9.42 8.69 10.22 12.78 13.14 13.51 14.09 14.45 14.60 14.09 13.29 11.83 10.22 9.71 9.13 9.20 10.29 12.92 12.41 9.78 7.88 7.88 7.88 8.91 8.69 0.00 1.61 3.94 5.99 6.42 13.36 19.42 22.12 24.16 27.45 26.65 25.62 25.92 25.84 23.80 22.41 0.00 0.00 15.99 16.79 18.03 15.84 15.84 0.00 0.00 0.00 32.92 29.42 24.45 24.38 27.30 21.68 13.87 4.16 3.29 5.26 2.34 5.40 8.69 8.25 8.61 13.65 17.45 15.62 12.85 16.13 21.39 21.39 24.02 22.85 20.51 23.29 25.40 20.95 20.37
8.61 8.61 8.54 7.88 5.33 5.33 8.03 11.68 12.34 12.85 13.36 12.99 12.34 12.56 11.02 10.51 11.17 11.61 12.05 13.80 14.02 16.79 15.11 12.99 11.24 10.00 10.00 9.13 7.01 6.35 7.74 10.59 19.13 24.02 25.33 21.83 23.80 25.99 25.40 27.23 28.69 28.03 27.96 27.23 23.36 0.00 0.00 0.00 0.00 0.00 0.00 0.00 0.00 0.00 10.29 9.64 1.97 0.00 4.02 5.48 0.00 0.00 0.00 0.00 0.00 0.00 1.61 1.68 1.75 1.97 4.89 11.90 14.31 9.27 4.23 1.10 1.10 0.00 3.94 8.10 15.70 20.59 22.19 24.75
6.57 6.57 8.83 8.69 7.23 7.15 10.07 12.19 12.41 12.70 13.29 12.56 11.53 9.78 8.54 8.54 12.48 13.87 12.12 11.39 15.04 16.86 18.32 16.13 13.65 13.80 13.80 12.34 14.09 17.45 21.46 26.65 26.65 20.51 18.25 12.85 16.94 16.64 13.21 15.04 21.10 24.31 27.89 30.51 28.91 26.13 19.35 0.00 0.00 0.00 0.00 0.00 0.00 0.00 0.00 0.00 0.00 0.00 0.00 0.00 0.00 0.00 0.00 0.00 0.00 0.00 0.00 0.00 0.00 0.00 0.00 0.00 6.13 5.33 1.46 0.00 0.00 0.00 0.00 0.00 7.30 17.81 27.59 38.18
3.36 3.36 5.62 6.13 8.91 10.00 9.86 14.02 12.05 11.24 11.75 11.75 11.02 9.13 7.74 9.20 14.60 14.31 6.79 0.29 3.14 13.29 16.72 17.45 18.83 19.13 19.13 22.05 26.06 25.19 23.80 22.48 19.93 5.33 2.77 10.22 17.30 16.86 11.61 10.66 18.91 27.08 29.20 26.21 21.68 18.47 16.57 18.83 0.00 0.00 0.00 0.00 0.00 0.00 0.00 0.00 0.00 0.00 0.00 0.00 0.00 0.00 0.00 0.00 0.00 0.00 0.00 0.00 0.00 0.00 0.00 0.00 0.00 0.00 0.00 0.00 0.00 0.00 0.00 0.00 1.68 8.32 21.02 26.13
1.24 1.24 3.65 4.60 6.42 7.66 9.64 11.83 11.97 11.53 11.75 12.05 12.41 13.21 13.58 13.72 13.29 12.05 4.82 0.00 1.53 4.74 0.73 2.26 13.07 21.10 21.10 25.40 25.92 19.71 10.37 6.79 0.58 0.00 0.00 0.00 0.00 0.66 2.77 1.83 6.06 12.12 12.63 9.49 7.23 7.45 11.10 13.65 12.92 14.09 11.83 11.83 0.00 0.00 0.00 0.00 0.00 0.00 0.00 0.00 0.00 0.00 0.00 0.00 0.00 0.00 0.00 0.00 0.00 0.00 0.00 0.00 0.00 0.00 0.00 0.00 0.00 0.00 0.00 0.00 0.00 0.00 0.00 3.07
1.24 1.24 3.65 4.60 6.42 7.66 9.64 11.83 11.97 11.53 11.75 12.05 12.41 13.21 13.58 13.72 13.29 12.05 4.82 0.00 1.53 4.74 0.73 2.26 13.07 21.10 21.10 25.40 25.92 19.71 10.37 6.79 0.58 0.00 0.00 0.00 0.00 0.66 2.77 1.83 6.06 12.12 12.63 9.49 7.23 7.45 11.10 13.65 12.92 14.09 11.83 11.83 0.00 0.00 0.00 0.00 0.00 0.00 0.00 0.00 0.00 0.00 0.00 0.00 0.00 0.00 0.00 0.00 0.00 0.00 0.00 0.00 0.00 0.00 0.00 0.00 0.00 0.00 0.00 0.00 0.00 0.00 0.00 3.07
4.16 4.16 5.48 1.53 4.09 8.32 8.18 8.61 9.78 11.61 11.90 15.18 16.13 15.55 13.87 11.10 6.86 2.48 2.12 7.74 12.48 0.00 0.00 0.00 0.00 0.00 0.00 6.64 9.78 1.68 0.00 0.00 0.00 0.00 0.00 0.00 0.00 0.00 0.00 0.00 0.00 0.00 0.00 0.00 0.00 0.00 0.00 0.00 0.00 0.00 0.00 0.00 0.00 0.00 0.00 0.00 0.00 0.00 0.00 0.00 0.00 0.00 0.00 0.00 0.00 0.00 0.00 0.00 0.00 0.00 0.00 0.00 0.00 0.00 0.00 0.00 0.00 0.00 0.00 0.00 0.00 0.00 0.00 0.00
