Wansh/Snow_depth/snowdepth-1987/spring/1987107.txt
ncols 321
nrows 161
xllcenter 60
yllcenter 15 
cellsize  0.25 
NODATA_value -1
[rows 0 to 36 of 161, columns 0 to 83 of 321]
18.61 18.61 23.65 22.92 12.26 5.11 10.29 18.76 30.37 35.99 37.23 37.23 37.30 36.72 37.16 37.01 35.48 36.72 37.81 36.57 35.11 35.62 34.60 35.48 35.19 33.87 33.87 33.14 33.29 37.60 37.96 38.91 39.35 40.15 39.35 37.67 36.43 38.33 36.43 36.35 35.99 32.85 32.70 31.76 31.24 31.17 30.88 30.95 19.71 18.69 10.07 10.07 0.00 0.00 0.00 0.00 0.00 0.00 0.00 0.00 0.00 4.89 5.04 4.89 5.55 5.48 5.40 5.04 5.84 5.04 3.14 0.00 5.26 8.91 13.07 18.91 18.91 24.75 26.50 27.74 28.76 27.59 30.51 30.88
32.49 32.49 31.83 27.30 18.61 13.87 20.51 31.17 37.16 40.22 41.17 41.46 42.85 43.65 42.63 40.22 38.91 39.42 37.30 35.04 35.70 34.67 33.14 34.02 33.94 31.32 31.32 31.46 32.34 35.19 36.50 38.03 38.25 38.03 37.01 34.89 32.41 34.67 35.33 33.14 32.19 30.00 30.22 29.49 29.13 28.98 26.72 19.42 20.00 16.35 11.10 11.10 5.62 0.00 0.00 0.00 0.00 0.00 3.14 0.00 0.00 0.00 2.85 3.14 3.36 0.00 0.00 0.00 0.00 0.00 0.00 4.38 7.74 12.05 21.24 25.04 25.04 28.47 29.57 30.88 32.12 33.87 34.97 35.26
40.30 40.30 35.33 30.37 23.87 22.92 28.32 32.63 40.00 41.39 43.07 43.36 43.29 41.83 39.93 38.62 38.11 37.08 34.82 32.78 32.34 33.29 33.51 32.27 31.61 30.44 30.44 30.15 30.15 33.29 34.60 33.51 33.94 31.61 32.41 33.00 32.85 31.68 30.88 29.57 30.08 28.11 27.23 26.28 25.48 24.97 23.65 19.64 15.33 12.12 5.91 5.91 0.00 0.00 0.00 0.00 0.00 0.00 0.00 0.00 0.00 0.00 5.04 4.23 4.23 4.96 2.48 1.17 0.00 6.64 10.95 17.74 23.21 26.28 28.03 30.22 30.22 32.63 34.38 35.84 35.84 35.99 35.48 35.48
40.30 40.30 35.33 30.37 23.87 22.92 28.32 32.63 40.00 41.39 43.07 43.36 43.29 41.83 39.93 38.62 38.11 37.08 34.82 32.78 32.34 33.29 33.51 32.27 31.61 30.44 30.44 30.15 30.15 33.29 34.60 33.51 33.94 31.61 32.41 33.00 32.85 31.68 30.88 29.57 30.08 28.11 27.23 26.28 25.48 24.97 23.65 19.64 15.33 12.12 5.91 5.91 0.00 0.00 0.00 0.00 0.00 0.00 0.00 0.00 0.00 0.00 5.04 4.23 4.23 4.96 2.48 1.17 0.00 6.64 10.95 17.74 23.21 26.28 28.03 30.22 30.22 32.63 34.38 35.84 35.84 35.99 35.48 35.48
40.81 40.81 33.29 34.09 23.73 17.16 10.59 18.18 29.64 37.52 41.32 42.34 42.85 41.25 38.40 37.23 36.72 35.62 35.48 32.85 28.84 28.91 30.15 30.44 31.03 30.37 30.37 32.05 33.07 33.07 33.73 31.39 31.90 31.10 30.30 29.86 29.20 26.65 25.48 25.55 25.77 26.21 26.94 27.08 26.57 25.99 13.21 18.25 16.43 13.36 5.40 5.40 5.40 7.37 6.13 3.36 4.23 1.97 0.00 0.00 0.00 5.84 9.13 11.24 9.05 8.18 9.20 9.27 10.15 13.29 17.96 22.63 27.23 30.00 33.80 35.41 35.41 37.67 37.89 38.03 34.60 30.59 28.25 27.89
41.61 41.61 41.39 37.96 30.15 28.11 33.73 35.70 39.49 42.41 43.22 44.17 44.68 44.53 39.86 35.99 35.11 35.48 34.67 32.12 28.47 27.89 30.51 32.34 32.12 30.88 30.88 34.53 32.27 31.54 30.73 32.19 33.73 33.65 30.15 25.26 22.63 20.22 20.15 20.15 19.64 20.95 23.21 24.38 24.02 23.73 5.04 5.48 9.34 10.15 7.30 7.30 6.28 9.93 11.39 8.54 6.86 7.66 5.91 2.12 0.00 7.08 10.51 11.24 10.29 10.59 12.56 12.99 12.12 14.82 17.67 21.39 26.72 35.48 38.54 37.89 37.89 36.72 36.50 35.04 30.73 27.67 30.00 30.59
41.25 41.25 43.14 42.12 42.71 41.54 42.63 43.29 44.24 45.04 44.17 42.34 41.25 39.49 35.55 33.07 33.94 36.43 34.09 31.39 29.35 30.15 31.17 33.07 33.36 31.39 31.39 29.49 29.49 29.35 29.35 30.22 30.59 30.51 29.57 26.21 22.19 18.03 17.01 18.47 18.18 17.08 18.83 19.64 21.68 11.17 9.13 4.60 4.38 8.69 12.85 12.85 15.40 20.81 21.10 16.06 12.34 11.75 11.39 10.22 8.98 6.86 7.08 9.78 12.92 14.31 17.08 21.46 22.27 21.61 21.68 23.94 24.60 30.30 34.67 35.62 35.62 35.26 35.26 34.46 34.24 34.24 32.85 30.37
41.25 41.25 43.14 42.12 42.71 41.54 42.63 43.29 44.24 45.04 44.17 42.34 41.25 39.49 35.55 33.07 33.94 36.43 34.09 31.39 29.35 30.15 31.17 33.07 33.36 31.39 31.39 29.49 29.49 29.35 29.35 30.22 30.59 30.51 29.57 26.21 22.19 18.03 17.01 18.47 18.18 17.08 18.83 19.64 21.68 11.17 9.13 4.60 4.38 8.69 12.85 12.85 15.40 20.81 21.10 16.06 12.34 11.75 11.39 10.22 8.98 6.86 7.08 9.78 12.92 14.31 17.08 21.46 22.27 21.61 21.68 23.94 24.60 30.30 34.67 35.62 35.62 35.26 35.26 34.46 34.24 34.24 32.85 30.37
39.49 39.49 42.12 43.44 43.51 41.68 41.10 41.68 40.88 39.78 38.18 33.07 29.86 27.52 30.08 34.09 34.67 34.53 32.19 29.78 28.54 29.71 30.51 29.05 28.03 29.49 29.49 28.91 28.03 28.69 29.20 28.62 24.89 24.09 23.51 23.51 22.34 19.93 19.49 17.52 12.05 7.66 11.53 16.13 16.13 12.48 10.44 9.64 7.81 8.03 8.03 8.03 10.51 8.83 11.02 14.75 16.64 15.33 14.45 16.21 17.59 17.01 13.36 9.64 9.93 13.14 17.59 21.02 22.70 21.17 23.51 24.09 21.46 24.31 29.93 31.61 31.61 34.60 35.62 33.00 31.39 34.60 32.41 29.27
39.64 39.64 40.88 40.08 40.15 39.78 41.10 41.10 37.38 30.08 25.70 28.25 34.09 36.65 36.57 37.96 38.91 35.55 32.12 30.00 29.71 28.40 30.22 28.62 28.54 29.64 29.64 30.30 26.79 25.70 25.11 22.41 19.35 16.13 15.18 16.28 17.67 18.47 18.69 18.54 17.37 16.21 17.89 19.64 14.53 14.16 11.83 11.17 11.75 12.63 9.93 9.93 4.89 0.00 1.53 4.60 8.25 14.09 17.96 20.73 21.46 24.09 23.51 23.80 19.27 8.83 0.00 0.00 4.45 7.96 14.97 23.94 24.82 18.18 15.70 14.31 14.31 15.11 16.86 14.75 10.66 13.43 16.79 13.72
35.70 35.70 34.31 33.58 33.36 33.80 36.87 35.19 31.61 28.69 27.59 34.53 37.89 36.50 32.41 28.69 29.35 33.58 30.37 27.23 27.01 28.18 26.57 24.24 23.65 25.70 25.70 25.11 23.00 20.51 19.64 19.27 19.35 17.59 15.55 13.72 13.21 17.81 19.64 19.13 19.27 18.10 21.02 19.93 17.16 14.45 10.88 4.31 9.27 11.24 11.97 11.97 14.31 9.49 7.15 7.88 10.95 17.67 22.12 20.51 19.64 16.72 16.72 13.87 9.34 0.00 0.00 0.00 0.00 0.00 0.00 6.72 8.61 6.13 2.41 0.00 0.00 0.00 0.00 0.00 0.00 0.00 0.00 0.00
35.70 35.70 34.31 33.58 33.36 33.80 36.87 35.19 31.61 28.69 27.59 34.53 37.89 36.50 32.41 28.69 29.35 33.58 30.37 27.23 27.01 28.18 26.57 24.24 23.65 25.70 25.70 25.11 23.00 20.51 19.64 19.27 19.35 17.59 15.55 13.72 13.21 17.81 19.64 19.13 19.27 18.10 21.02 19.93 17.16 14.45 10.88 4.31 9.27 11.24 11.97 11.97 14.31 9.49 7.15 7.88 10.95 17.67 22.12 20.51 19.64 16.72 16.72 13.87 9.34 0.00 0.00 0.00 0.00 0.00 0.00 6.72 8.61 6.13 2.41 0.00 0.00 0.00 0.00 0.00 0.00 0.00 0.00 0.00
31.39 31.39 31.32 28.40 26.28 27.01 31.17 34.60 34.09 32.63 32.27 35.55 37.16 35.99 36.21 35.62 34.53 32.41 29.49 26.50 25.26 26.21 23.00 24.67 24.67 23.58 23.58 20.37 17.81 17.37 16.72 17.08 18.10 17.67 16.13 15.40 15.62 16.64 17.45 16.64 15.77 18.47 20.29 23.14 19.42 20.73 19.05 17.89 17.96 20.15 21.68 21.68 20.15 14.02 9.20 10.66 11.46 9.42 3.94 0.66 0.00 0.00 0.00 0.00 0.00 0.00 0.00 0.00 0.00 0.00 0.00 0.00 0.00 0.00 0.00 0.00 0.00 0.00 0.00 0.00 0.00 0.00 0.00 2.85
31.68 31.68 31.54 30.00 29.57 30.51 30.15 31.24 32.63 31.83 32.12 32.85 33.14 32.05 33.36 34.16 32.56 31.10 28.18 25.92 24.67 21.83 22.05 21.53 22.34 20.15 20.15 17.89 17.81 16.72 15.40 12.56 15.70 15.70 15.18 15.40 15.18 15.26 14.31 14.89 15.84 17.37 18.98 23.65 24.45 24.31 21.90 21.24 24.16 24.24 24.31 24.31 19.93 9.34 8.32 11.32 9.13 1.97 0.00 0.00 0.00 0.00 0.00 0.00 0.00 0.00 0.00 0.00 0.00 0.00 0.00 0.00 0.00 0.00 0.00 0.00 0.00 0.00 0.00 0.00 1.10 0.00 0.00 0.00
32.27 32.27 31.54 28.84 27.96 29.42 29.49 30.88 31.46 31.32 32.49 32.56 32.34 34.09 33.87 32.92 31.24 29.42 27.67 26.50 23.00 19.86 16.21 17.59 19.35 19.42 19.42 17.67 16.43 14.02 11.83 12.34 14.24 13.94 13.14 14.67 16.13 16.79 16.57 16.79 18.83 21.53 25.77 24.67 25.33 26.43 27.96 27.89 27.52 19.20 12.92 12.92 5.84 0.95 4.96 9.49 7.08 0.00 0.00 0.00 0.00 0.00 0.00 0.00 0.00 0.00 0.00 0.00 0.00 0.00 0.00 0.00 0.00 0.00 0.00 0.00 0.00 0.00 0.00 0.00 0.00 0.00 0.00 0.00
32.34 32.34 32.49 31.24 31.97 31.61 31.97 31.90 31.54 31.54 30.66 29.57 29.13 28.32 28.25 29.57 28.84 29.64 29.78 24.31 23.21 19.64 16.57 15.48 17.52 17.81 17.81 17.16 14.75 12.92 10.88 12.48 16.13 16.64 16.50 16.28 16.64 18.10 18.98 19.35 21.24 24.02 27.59 25.48 20.44 20.59 25.70 27.23 25.77 16.86 12.19 12.19 8.83 8.83 10.59 7.74 4.53 3.29 0.00 0.00 0.00 0.00 0.00 0.00 0.00 0.00 0.00 0.00 0.00 0.00 0.00 0.00 0.00 0.00 0.00 0.00 0.00 0.00 0.00 0.00 0.00 0.00 0.00 0.00
32.34 32.34 32.49 31.24 31.97 31.61 31.97 31.90 31.54 31.54 30.66 29.57 29.13 28.32 28.25 29.57 28.84 29.64 29.78 24.31 23.21 19.64 16.57 15.48 17.52 17.81 17.81 17.16 14.75 12.92 10.88 12.48 16.13 16.64 16.50 16.28 16.64 18.10 18.98 19.35 21.24 24.02 27.59 25.48 20.44 20.59 25.70 27.23 25.77 16.86 12.19 12.19 8.83 8.83 10.59 7.74 4.53 3.29 0.00 0.00 0.00 0.00 0.00 0.00 0.00 0.00 0.00 0.00 0.00 0.00 0.00 0.00 0.00 0.00 0.00 0.00 0.00 0.00 0.00 0.00 0.00 0.00 0.00 0.00
32.41 32.41 32.34 33.43 33.73 32.27 30.73 30.81 30.81 28.40 26.57 26.57 26.65 24.67 24.09 26.28 30.00 29.57 27.16 27.45 23.65 19.27 13.36 14.38 15.77 15.84 15.84 14.67 14.09 14.75 15.26 15.84 17.81 18.61 18.03 18.91 20.44 21.53 21.75 21.75 25.11 26.13 28.32 28.32 28.40 29.78 28.32 23.51 21.68 20.81 19.78 19.78 18.25 15.33 8.76 0.00 0.00 0.00 0.00 0.00 0.00 0.00 0.00 0.00 0.00 0.00 0.00 0.00 0.00 0.00 0.00 0.00 0.00 0.00 0.00 0.00 0.00 0.00 0.00 0.00 0.00 0.00 0.00 0.00
33.00 33.00 31.68 31.10 30.51 29.57 29.78 31.68 33.22 33.51 32.63 29.35 28.54 26.28 29.93 29.13 33.58 31.90 27.81 26.94 22.34 19.20 18.54 16.72 15.40 15.84 15.84 15.55 16.35 19.78 19.56 19.56 20.00 19.93 21.24 22.48 21.24 22.63 23.36 24.24 23.73 33.87 31.76 33.22 32.92 34.38 31.90 28.76 19.71 9.56 6.72 6.72 5.33 3.36 0.00 0.00 0.00 0.00 0.00 0.00 0.00 0.00 0.00 0.00 0.00 0.00 0.00 0.00 0.00 0.00 0.00 0.00 0.00 0.00 0.00 0.00 0.00 0.00 0.00 0.00 0.00 0.00 0.00 0.00
34.31 34.31 34.16 32.19 33.43 34.16 34.75 33.00 31.39 30.44 33.43 33.94 32.12 30.22 31.03 31.24 31.54 27.45 28.84 26.28 23.43 21.61 19.71 18.98 17.74 17.23 17.23 17.30 17.52 17.96 17.81 17.52 18.10 19.56 20.51 21.68 21.68 20.29 20.51 21.68 0.00 36.65 38.18 39.42 37.45 30.66 22.70 18.03 11.90 8.76 4.45 4.45 0.00 0.00 0.00 0.00 0.00 0.00 0.00 0.00 0.00 0.00 0.00 0.00 0.00 0.00 0.00 0.00 0.00 0.00 0.00 0.00 0.00 0.00 0.00 0.00 0.00 0.00 0.00 0.00 0.00 0.00 0.00 0.00
37.16 37.16 36.79 35.19 34.16 33.73 35.48 36.57 35.48 31.90 32.34 34.53 34.46 33.43 32.27 30.88 24.24 25.40 24.97 23.00 22.12 21.75 19.78 18.10 18.83 18.25 18.25 19.71 18.91 16.79 14.97 12.92 13.51 15.55 17.37 18.54 20.15 20.95 0.00 0.00 34.02 34.53 37.01 36.43 33.00 24.89 14.82 7.96 4.09 0.00 0.00 0.00 0.00 0.00 0.00 0.00 0.00 0.00 0.00 0.00 0.00 0.00 0.00 0.00 0.00 0.00 0.00 0.00 0.00 0.00 0.00 0.00 0.00 0.00 0.00 0.00 0.00 0.00 0.00 0.00 0.00 0.00 0.00 0.00
36.21 36.21 36.65 36.65 37.16 37.81 36.43 35.84 34.53 33.80 33.80 33.58 33.58 29.93 24.09 29.35 20.88 22.27 23.07 22.48 21.68 21.46 20.81 17.96 15.70 18.32 18.32 21.39 20.22 16.86 15.26 14.24 14.16 0.00 18.47 22.19 23.21 22.56 0.00 0.00 20.81 18.47 21.02 17.37 17.01 10.80 6.28 0.00 0.00 0.00 0.00 0.00 0.00 0.00 0.00 0.00 0.00 0.00 0.00 0.00 0.00 0.00 0.00 0.00 0.00 0.00 0.00 0.00 0.00 0.00 0.00 0.00 0.00 0.00 0.00 0.00 0.00 0.00 0.00 0.00 0.00 0.00 0.00 0.00
36.21 36.21 36.65 36.65 37.16 37.81 36.43 35.84 34.53 33.80 33.80 33.58 33.58 29.93 24.09 29.35 20.88 22.27 23.07 22.48 21.68 21.46 20.81 17.96 15.70 18.32 18.32 21.39 20.22 16.86 15.26 14.24 14.16 0.00 18.47 22.19 23.21 22.56 0.00 0.00 20.81 18.47 21.02 17.37 17.01 10.80 6.28 0.00 0.00 0.00 0.00 0.00 0.00 0.00 0.00 0.00 0.00 0.00 0.00 0.00 0.00 0.00 0.00 0.00 0.00 0.00 0.00 0.00 0.00 0.00 0.00 0.00 0.00 0.00 0.00 0.00 0.00 0.00 0.00 0.00 0.00 0.00 0.00 0.00
35.62 35.62 34.60 33.58 33.58 33.94 33.43 29.71 27.30 27.16 23.87 19.56 20.00 22.27 23.21 17.89 17.74 19.93 21.39 20.81 19.64 18.47 19.86 17.81 12.48 14.09 14.09 18.61 0.00 0.00 0.00 0.00 0.00 0.00 0.00 0.00 0.00 0.00 0.00 24.09 14.53 15.04 13.51 9.05 4.74 2.99 0.00 0.00 0.00 0.00 0.00 0.00 0.00 0.00 0.00 0.00 0.00 0.00 0.00 0.00 0.00 0.00 0.00 0.00 0.00 0.00 0.00 0.00 0.00 0.00 0.00 0.00 0.00 0.00 0.00 0.00 0.00 0.00 0.00 0.00 0.00 0.00 0.00 0.00
31.46 31.46 34.16 30.15 25.04 19.49 15.77 14.82 12.05 8.69 7.01 11.17 13.14 16.06 11.10 5.48 9.78 15.33 18.47 18.61 15.33 13.58 16.86 17.59 15.33 12.05 12.05 0.00 0.00 0.00 0.00 0.00 0.00 0.00 0.00 0.00 0.00 0.00 0.00 21.24 21.02 21.24 15.33 11.10 7.96 5.99 5.62 0.00 0.00 0.00 0.00 0.00 0.00 0.00 0.00 0.00 0.00 0.00 0.00 0.00 0.00 0.00 0.00 0.00 0.00 0.00 0.00 0.00 0.00 0.00 0.00 0.00 0.00 0.00 0.00 0.00 0.00 0.00 0.00 0.00 0.00 0.00 0.00 0.00
12.26 12.26 11.61 10.07 4.82 0.00 0.00 1.75 0.95 1.31 3.65 3.80 0.58 2.56 0.73 0.00 4.23 11.90 14.67 16.35 17.67 15.33 13.21 12.85 11.02 5.40 5.40 0.00 0.00 0.00 0.00 0.00 0.00 0.00 0.00 0.00 0.00 0.00 0.00 12.26 9.34 8.03 0.00 6.28 5.11 0.00 0.00 0.00 0.00 0.00 0.00 0.00 0.00 0.00 0.00 0.00 0.00 0.00 0.00 0.00 0.00 0.00 0.00 0.00 0.00 0.00 0.00 0.00 0.00 0.00 0.00 0.00 0.00 0.00 0.00 0.00 0.00 0.00 0.00 0.00 0.00 0.00 0.00 6.28
10.51 10.51 3.14 0.00 0.00 0.00 0.00 2.77 3.21 0.00 0.00 0.00 0.00 0.00 0.00 0.00 4.89 9.42 12.34 14.24 16.13 14.89 10.44 4.60 0.00 0.00 0.00 0.00 0.00 0.00 0.00 0.00 0.00 0.00 0.00 0.00 0.00 0.00 0.00 0.00 0.00 0.00 0.00 0.00 0.00 0.00 0.00 0.00 0.00 0.00 0.00 0.00 0.00 0.00 0.00 0.00 0.00 0.00 0.00 0.00 0.00 0.00 0.00 0.00 0.00 0.00 0.00 0.00 0.00 0.00 0.00 0.00 0.00 0.00 0.00 0.00 0.00 0.00 0.00 0.00 0.00 0.00 0.00 0.00
4.09 4.09 0.00 0.00 0.00 0.00 0.00 0.00 0.00 0.00 0.00 0.00 0.00 0.00 0.00 0.00 4.74 8.32 8.32 9.93 10.15 5.04 0.00 0.00 0.00 0.00 0.00 0.00 0.00 0.00 0.00 0.00 0.00 0.00 0.00 0.00 0.00 0.00 0.00 0.00 0.00 0.00 0.00 0.00 0.00 0.00 0.00 0.00 0.00 0.00 0.00 0.00 0.00 0.00 0.00 0.00 0.00 0.00 0.00 0.00 0.00 0.00 0.00 0.00 0.00 0.00 0.00 0.00 0.00 0.00 0.00 0.00 0.00 0.00 0.00 0.00 0.00 0.00 0.00 0.00 0.00 0.00 0.00 0.00
4.09 4.09 0.00 0.00 0.00 0.00 0.00 0.00 0.00 0.00 0.00 0.00 0.00 0.00 0.00 0.00 4.74 8.32 8.32 9.93 10.15 5.04 0.00 0.00 0.00 0.00 0.00 0.00 0.00 0.00 0.00 0.00 0.00 0.00 0.00 0.00 0.00 0.00 0.00 0.00 0.00 0.00 0.00 0.00 0.00 0.00 0.00 0.00 0.00 0.00 0.00 0.00 0.00 0.00 0.00 0.00 0.00 0.00 0.00 0.00 0.00 0.00 0.00 0.00 0.00 0.00 0.00 0.00 0.00 0.00 0.00 0.00 0.00 0.00 0.00 0.00 0.00 0.00 0.00 0.00 0.00 0.00 0.00 0.00
0.00 0.00 0.00 0.00 0.00 0.00 0.00 0.00 0.00 0.00 0.00 0.00 0.00 0.00 0.00 0.00 0.00 0.00 4.16 0.00 0.00 0.00 0.00 0.00 5.04 0.00 0.00 0.00 0.00 0.00 0.00 0.00 0.00 0.00 0.00 0.00 0.00 0.00 0.00 0.00 0.00 0.00 0.00 0.00 0.00 0.00 0.00 0.00 0.00 0.00 0.00 0.00 0.00 0.00 0.00 0.00 0.00 0.00 0.00 0.00 0.00 0.00 0.00 0.00 0.00 0.00 0.00 0.00 0.00 0.00 0.00 0.00 0.00 0.00 0.00 0.00 0.00 0.00 0.00 0.00 0.00 0.00 0.00 0.00
0.00 0.00 0.00 0.00 0.00 0.00 0.00 0.00 0.00 0.00 0.00 0.00 0.00 0.00 0.00 0.00 0.00 0.00 0.00 0.00 0.00 0.00 0.00 0.00 4.38 0.00 0.00 1.31 0.00 0.00 0.00 0.00 0.00 0.00 0.00 0.00 0.00 0.00 0.00 0.00 0.00 0.00 0.00 0.00 0.00 0.00 0.00 0.00 0.00 0.00 0.00 0.00 0.00 0.00 0.00 0.00 0.00 0.00 0.00 0.00 0.00 0.00 0.00 0.00 0.00 0.00 0.00 0.00 0.00 0.00 0.00 0.00 0.00 0.00 0.00 0.00 0.00 0.00 0.00 0.00 0.00 0.00 0.00 0.00
0.00 0.00 0.00 0.00 0.00 0.00 0.00 0.00 0.00 0.00 0.00 0.00 0.00 0.00 0.00 0.00 0.00 0.00 0.00 0.00 0.00 0.00 0.00 0.00 0.00 3.94 3.94 0.00 0.00 0.00 0.00 0.00 0.00 0.00 0.00 0.00 0.00 0.00 0.00 0.00 0.00 0.00 0.00 0.00 0.00 0.00 0.00 0.00 0.00 0.00 0.00 0.00 0.00 0.00 0.00 0.00 0.00 0.00 0.00 0.00 0.00 0.00 0.00 0.00 0.00 0.00 0.00 0.00 0.00 0.00 0.00 0.00 0.00 0.00 0.00 0.00 0.00 0.00 0.00 0.00 0.00 0.00 0.00 0.00
0.00 0.00 0.00 0.00 0.00 0.00 0.00 0.00 0.00 0.00 0.00 0.00 0.00 0.00 0.00 0.00 0.00 0.00 0.00 0.00 0.00 0.00 0.00 0.00 0.00 0.00 0.00 0.00 0.00 0.00 0.00 0.00 0.00 0.00 0.00 0.00 0.00 0.00 0.00 0.00 0.00 0.00 0.00 0.00 0.00 0.00 0.00 0.00 0.00 0.00 0.00 0.00 0.00 0.00 0.00 0.00 0.00 0.00 0.00 0.00 0.00 0.00 0.00 0.00 0.00 0.00 0.00 0.00 0.00 0.00 0.00 0.00 0.00 0.00 0.00 0.00 0.00 0.00 0.00 0.00 0.00 0.00 0.00 0.00
0.00 0.00 0.00 0.00 0.00 0.00 0.00 0.00 0.00 0.00 0.00 0.00 0.00 0.00 0.00 0.00 0.00 0.00 0.00 0.00 0.00 0.00 0.00 0.00 0.00 0.00 0.00 0.00 0.00 0.00 0.00 0.00 0.00 0.00 0.00 0.00 0.00 0.00 0.00 0.00 0.00 0.00 0.00 0.00 0.00 0.00 0.00 0.00 0.00 0.00 0.00 0.00 0.00 0.00 0.00 0.00 0.00 0.00 0.00 0.00 0.00 0.00 0.00 0.00 0.00 0.00 0.00 0.00 0.00 0.00 0.00 0.00 0.00 0.00 0.00 0.00 0.00 0.00 0.00 0.00 0.00 0.00 0.00 0.00
0.00 0.00 0.00 0.00 0.00 0.00 0.00 0.00 0.00 0.00 0.00 0.00 0.00 0.00 0.00 0.00 0.00 0.00 0.00 0.00 0.00 0.00 0.00 0.00 0.00 0.00 0.00 0.00 0.00 0.00 0.00 0.00 0.00 0.00 0.00 0.00 0.00 0.00 0.00 0.00 0.00 0.00 0.00 0.00 0.00 0.00 0.00 0.00 0.00 0.00 0.00 0.00 0.00 0.00 0.00 0.00 0.00 0.00 0.00 0.00 0.00 0.00 0.00 0.00 0.00 0.00 0.00 0.00 0.00 0.00 0.00 0.00 0.00 0.00 0.00 0.00 0.00 0.00 0.00 0.00 0.00 0.00 0.00 0.00
0.00 0.00 0.00 0.00 0.00 0.00 0.00 0.00 0.00 0.00 0.00 0.00 0.00 0.00 0.00 0.00 0.00 0.00 0.00 0.00 0.00 0.00 0.00 0.00 0.00 0.00 0.00 0.00 0.00 0.00 0.00 0.00 0.00 0.00 0.00 0.00 0.00 0.00 0.00 0.00 0.00 0.00 0.00 0.00 0.00 0.00 0.00 0.00 0.00 0.00 0.00 0.00 0.00 0.00 0.00 0.00 0.00 0.00 0.00 0.00 0.00 0.00 0.00 0.00 0.00 0.00 0.00 0.00 0.00 0.00 0.00 0.00 0.00 0.00 0.00 0.00 0.00 0.00 0.00 0.00 0.00 0.00 0.00 0.00
0.00 0.00 0.00 0.00 0.00 0.00 0.00 0.00 0.00 0.00 0.00 0.00 0.00 0.00 0.00 0.00 0.00 0.00 0.00 0.00 0.00 0.00 0.00 0.00 0.00 0.00 0.00 0.00 0.00 0.00 0.00 0.00 0.00 0.00 0.00 0.00 0.00 0.00 0.00 0.00 0.00 0.00 0.00 0.00 0.00 0.00 0.00 0.00 0.00 0.00 0.00 0.00 0.00 0.00 0.00 0.00 0.00 0.00 0.00 0.00 0.00 0.00 0.00 0.00 0.00 0.00 0.00 0.00 0.00 0.00 0.00 0.00 0.00 0.00 0.00 0.00 0.00 0.00 0.00 0.00 0.00 0.00 0.00 0.00
