Wansh/Snow_depth/snowdepth-1987/spring/1987067.txt
ncols 321
nrows 161
xllcenter 60
yllcenter 15 
cellsize  0.25 
NODATA_value -1
[rows 0 to 36 of 161, columns 0 to 83 of 321]
20.00 20.00 25.11 26.06 23.87 22.34 22.12 22.70 22.27 21.10 21.02 21.46 21.39 19.35 21.32 22.19 21.24 22.27 22.19 21.17 20.66 21.24 20.73 19.64 20.15 20.73 20.73 21.17 22.12 22.63 22.70 21.68 23.65 23.73 20.73 18.98 20.00 20.22 18.10 17.74 16.06 14.82 14.31 15.33 16.13 16.06 15.99 16.28 17.81 18.18 17.45 17.45 16.94 18.61 19.42 22.78 24.31 26.65 26.57 26.43 27.08 27.30 27.38 26.35 26.57 25.55 24.24 22.92 22.12 20.73 20.81 21.17 23.80 24.24 26.06 26.65 26.65 27.23 27.01 26.28 26.13 27.23 26.57 24.75
26.94 26.94 26.86 25.62 24.82 23.94 22.05 22.48 23.73 23.21 22.34 22.19 22.78 22.19 22.19 24.16 24.38 23.36 21.97 21.97 21.24 21.68 21.17 21.39 20.51 19.71 19.71 19.71 19.20 20.88 20.81 20.15 20.37 18.32 17.59 17.08 16.64 16.13 15.26 13.87 13.07 13.21 12.99 13.07 13.80 13.65 13.21 13.43 14.38 14.97 15.04 15.04 17.67 19.05 18.98 21.75 23.21 24.45 23.14 22.85 24.89 25.33 24.53 24.02 23.65 20.59 19.49 15.99 16.21 16.64 19.42 22.70 24.45 26.13 27.08 29.05 29.05 28.32 28.62 28.03 27.59 26.57 25.55 23.80
27.38 27.38 25.70 25.19 25.19 26.65 24.24 23.29 24.89 23.51 21.75 21.90 22.78 23.07 22.41 22.19 22.12 20.44 20.44 21.61 22.19 21.17 22.05 21.83 20.29 19.42 19.42 18.32 18.91 18.91 19.35 18.03 16.86 16.94 17.74 16.06 13.80 13.58 13.65 12.26 11.24 12.34 12.12 11.83 12.78 12.26 12.99 13.72 14.16 14.02 14.75 14.75 17.30 19.49 19.49 20.51 20.88 21.97 20.81 21.17 22.63 23.36 23.73 22.70 21.46 20.00 20.66 21.83 22.41 23.07 24.60 25.48 26.86 26.43 26.43 26.21 26.21 26.35 27.38 26.28 25.19 24.02 22.34 22.92
27.38 27.38 25.70 25.19 25.19 26.65 24.24 23.29 24.89 23.51 21.75 21.90 22.78 23.07 22.41 22.19 22.12 20.44 20.44 21.61 22.19 21.17 22.05 21.83 20.29 19.42 19.42 18.32 18.91 18.91 19.35 18.03 16.86 16.94 17.74 16.06 13.80 13.58 13.65 12.26 11.24 12.34 12.12 11.83 12.78 12.26 12.99 13.72 14.16 14.02 14.75 14.75 17.30 19.49 19.49 20.51 20.88 21.97 20.81 21.17 22.63 23.36 23.73 22.70 21.46 20.00 20.66 21.83 22.41 23.07 24.60 25.48 26.86 26.43 26.43 26.21 26.21 26.35 27.38 26.28 25.19 24.02 22.34 22.92
25.11 25.11 20.81 22.41 23.36 22.56 22.41 21.90 20.29 20.95 21.53 21.75 21.10 22.19 22.27 21.97 20.37 18.98 20.00 22.34 21.83 20.95 23.07 21.90 19.49 16.86 16.86 16.72 18.54 18.18 18.18 20.22 18.69 18.03 17.89 16.21 16.06 16.50 17.30 16.50 15.77 14.60 13.14 12.56 12.99 12.92 13.51 12.05 14.16 13.87 12.63 12.63 14.38 17.08 17.16 19.13 19.35 18.40 18.69 20.95 21.53 23.14 22.48 22.48 21.83 21.02 20.88 22.19 21.53 21.83 22.85 23.00 23.51 23.58 24.16 23.65 23.65 24.02 24.89 24.16 23.36 23.21 19.56 19.86
22.41 22.41 20.81 20.37 20.59 20.22 21.17 20.88 20.88 20.88 20.29 19.71 20.95 20.88 21.39 21.32 20.29 20.00 19.13 20.51 21.10 21.53 21.83 22.48 20.15 15.77 15.77 17.96 19.56 18.91 22.63 24.67 23.00 20.81 19.35 18.25 16.86 16.35 17.08 17.01 15.33 13.65 13.58 13.36 12.48 11.53 12.26 13.07 12.63 10.59 11.53 11.53 12.78 13.36 13.94 15.04 16.28 15.84 14.60 16.86 20.44 21.68 22.05 21.53 20.95 19.78 20.66 21.02 19.64 17.59 19.71 20.37 20.59 20.81 20.29 20.73 20.73 20.44 20.51 19.93 18.83 19.35 20.81 21.10
20.95 20.95 20.66 20.22 20.00 20.59 22.34 23.43 24.45 23.21 21.90 21.17 21.61 21.17 19.93 19.71 19.93 20.95 21.02 21.10 20.73 20.37 20.81 21.17 19.78 19.49 19.49 20.51 20.66 20.95 22.12 22.63 21.46 20.66 20.08 19.20 17.74 17.74 17.59 16.50 14.53 13.80 14.89 14.60 12.26 11.61 12.19 13.58 13.29 14.45 13.72 13.72 12.12 10.29 13.72 15.55 13.87 13.87 14.60 15.84 17.67 19.93 19.64 18.69 18.76 19.78 18.40 17.45 16.43 16.35 16.50 17.52 15.91 17.08 18.47 18.61 18.61 19.05 18.10 17.74 17.67 20.29 22.63 20.66
20.95 20.95 20.66 20.22 20.00 20.59 22.34 23.43 24.45 23.21 21.90 21.17 21.61 21.17 19.93 19.71 19.93 20.95 21.02 21.10 20.73 20.37 20.81 21.17 19.78 19.49 19.49 20.51 20.66 20.95 22.12 22.63 21.46 20.66 20.08 19.20 17.74 17.74 17.59 16.50 14.53 13.80 14.89 14.60 12.26 11.61 12.19 13.58 13.29 14.45 13.72 13.72 12.12 10.29 13.72 15.55 13.87 13.87 14.60 15.84 17.67 19.93 19.64 18.69 18.76 19.78 18.40 17.45 16.43 16.35 16.50 17.52 15.91 17.08 18.47 18.61 18.61 19.05 18.10 17.74 17.67 20.29 22.63 20.66
19.05 19.05 19.56 19.71 21.46 23.00 22.63 21.75 21.75 22.56 24.31 23.14 20.00 18.10 17.16 18.40 19.56 21.32 20.44 19.86 20.00 20.66 22.27 21.24 19.27 19.64 19.64 20.15 19.64 19.78 19.78 19.93 19.49 18.32 17.52 16.35 14.75 14.16 13.94 11.46 8.32 9.27 11.17 11.53 9.78 10.37 12.19 13.14 13.80 15.33 15.26 15.26 13.43 11.10 10.51 11.90 12.99 12.34 13.36 15.11 14.82 16.50 18.69 19.20 18.47 18.61 17.30 14.45 13.21 14.09 13.80 14.60 15.18 17.16 16.86 18.03 18.03 16.13 11.02 10.59 17.59 21.24 20.88 16.28
18.40 18.40 19.49 20.15 21.90 21.46 20.51 20.95 18.54 17.01 16.13 17.37 17.01 16.35 17.89 19.56 20.95 20.81 18.32 17.23 18.10 20.37 22.34 20.88 19.13 18.98 18.98 18.91 21.39 21.75 19.86 19.13 18.47 16.50 14.53 12.63 12.70 11.75 12.92 12.26 11.24 9.27 10.73 11.97 10.44 10.37 11.32 12.12 16.79 17.16 14.45 14.45 13.21 11.61 9.78 10.29 12.05 11.75 12.12 12.85 13.51 15.18 18.25 20.51 17.74 15.70 15.04 14.02 12.85 12.48 12.56 12.48 13.51 14.75 16.13 17.52 17.52 15.62 15.18 16.43 16.06 15.04 13.72 14.31
17.81 17.81 18.61 19.13 19.20 20.08 17.89 17.52 16.94 16.57 15.55 16.35 18.10 18.25 17.52 16.13 17.45 18.76 17.74 15.62 16.64 17.30 18.32 18.03 14.09 16.94 16.94 17.59 15.91 16.79 16.06 14.24 15.33 14.38 12.78 13.43 12.56 12.12 12.85 13.14 11.61 7.96 10.59 11.02 11.17 11.46 11.02 11.32 13.87 13.87 12.41 12.41 13.43 12.85 12.41 12.48 12.34 13.43 15.33 16.06 15.40 16.35 17.52 16.86 15.99 16.43 14.16 13.43 14.45 14.97 14.24 13.29 13.43 15.18 17.30 17.67 17.67 16.43 16.43 15.70 15.26 15.62 15.48 14.45
17.81 17.81 18.61 19.13 19.20 20.08 17.89 17.52 16.94 16.57 15.55 16.35 18.10 18.25 17.52 16.13 17.45 18.76 17.74 15.62 16.64 17.30 18.32 18.03 14.09 16.94 16.94 17.59 15.91 16.79 16.06 14.24 15.33 14.38 12.78 13.43 12.56 12.12 12.85 13.14 11.61 7.96 10.59 11.02 11.17 11.46 11.02 11.32 13.87 13.87 12.41 12.41 13.43 12.85 12.41 12.48 12.34 13.43 15.33 16.06 15.40 16.35 17.52 16.86 15.99 16.43 14.16 13.43 14.45 14.97 14.24 13.29 13.43 15.18 17.30 17.67 17.67 16.43 16.43 15.70 15.26 15.62 15.48 14.45
15.84 15.84 15.91 15.91 15.40 16.06 16.43 16.79 16.50 16.79 16.50 16.64 17.30 17.23 15.04 15.26 17.08 17.81 18.10 17.08 15.91 14.45 15.70 15.84 13.29 14.16 14.16 11.97 12.48 12.19 11.61 11.24 12.63 13.36 12.48 12.05 12.99 12.34 11.97 13.43 13.72 12.85 13.80 14.16 13.87 13.51 11.53 11.97 10.88 11.75 13.65 13.65 14.09 12.63 12.48 13.65 13.65 14.16 15.33 14.60 15.26 14.24 14.09 15.04 15.55 17.23 17.45 15.62 16.13 14.53 11.83 12.56 14.31 14.53 13.65 12.05 12.05 11.61 14.97 15.11 16.21 16.13 13.65 10.88
16.13 16.13 16.28 15.77 15.26 14.67 13.87 13.58 14.75 15.33 15.48 16.50 17.45 18.25 16.57 17.23 16.06 15.70 13.94 15.77 16.57 16.64 17.16 17.01 14.60 11.97 11.97 12.19 12.78 11.75 12.41 10.95 11.39 11.90 11.32 11.61 13.14 12.48 13.14 14.45 15.04 13.43 12.48 12.34 11.83 11.90 12.26 12.34 11.61 11.75 11.75 11.75 11.61 11.32 11.39 10.80 10.44 11.39 11.68 12.63 10.44 4.74 6.20 14.53 17.74 17.16 14.97 14.53 13.80 13.21 12.63 13.07 14.60 14.89 14.02 12.78 12.78 11.53 12.85 14.31 14.67 12.26 8.76 9.20
14.89 14.89 15.11 15.77 15.40 13.65 13.07 12.78 12.78 13.58 12.63 13.72 16.72 16.79 15.48 15.62 14.97 13.72 15.91 18.32 16.50 16.79 17.08 14.60 12.78 12.63 12.63 12.41 12.19 11.46 9.93 9.56 10.29 10.37 11.32 11.97 10.22 10.29 12.99 12.63 13.36 12.99 12.34 13.36 14.67 13.87 13.21 15.48 12.92 10.37 11.32 11.32 9.78 8.25 10.51 11.32 10.29 12.19 12.70 13.51 13.94 12.26 12.78 13.80 15.70 15.40 14.60 14.31 13.58 13.65 13.51 13.80 14.31 14.09 14.38 14.82 14.82 14.45 13.72 13.51 13.14 12.56 10.66 12.48
13.51 13.51 14.89 14.24 13.80 12.78 11.02 10.44 12.12 13.72 13.58 13.80 14.09 10.88 10.22 12.12 14.53 14.16 14.45 15.11 14.24 14.38 14.60 14.31 14.75 13.58 13.58 12.41 10.29 9.78 9.27 10.88 11.39 9.93 9.20 11.02 12.78 12.48 12.70 12.63 14.09 11.61 9.49 14.09 14.45 14.97 15.62 17.45 14.97 11.24 10.59 10.59 9.27 9.13 12.12 14.31 12.78 15.04 16.06 16.64 17.52 15.70 11.97 11.83 12.63 12.12 12.56 12.48 12.85 13.36 13.51 13.51 14.16 14.97 16.43 15.91 15.91 15.18 15.26 16.43 14.75 12.92 12.78 14.16
13.51 13.51 14.89 14.24 13.80 12.78 11.02 10.44 12.12 13.72 13.58 13.80 14.09 10.88 10.22 12.12 14.53 14.16 14.45 15.11 14.24 14.38 14.60 14.31 14.75 13.58 13.58 12.41 10.29 9.78 9.27 10.88 11.39 9.93 9.20 11.02 12.78 12.48 12.70 12.63 14.09 11.61 9.49 14.09 14.45 14.97 15.62 17.45 14.97 11.24 10.59 10.59 9.27 9.13 12.12 14.31 12.78 15.04 16.06 16.64 17.52 15.70 11.97 11.83 12.63 12.12 12.56 12.48 12.85 13.36 13.51 13.51 14.16 14.97 16.43 15.91 15.91 15.18 15.26 16.43 14.75 12.92 12.78 14.16
14.38 14.38 14.89 13.58 11.75 9.64 9.56 10.80 12.41 13.14 12.85 12.05 7.59 8.76 11.02 12.70 16.13 17.30 14.82 14.38 15.18 13.94 15.18 14.67 13.21 12.05 12.05 9.93 10.51 10.15 9.86 10.22 9.34 8.32 9.56 9.34 9.71 11.24 13.14 14.16 12.63 10.95 10.44 12.48 12.99 14.24 16.57 16.06 13.94 11.75 9.64 9.64 8.40 9.86 12.92 12.56 15.91 16.86 17.30 15.91 13.87 9.13 6.79 6.64 8.10 9.13 9.05 8.91 9.42 10.95 13.36 15.04 16.72 18.03 17.89 17.89 17.89 18.69 18.10 13.72 13.51 14.53 12.63 11.02
11.53 11.53 12.12 11.68 10.29 8.32 7.74 9.71 10.51 11.32 12.85 11.17 11.32 12.26 14.75 16.43 17.30 18.54 17.01 15.11 14.97 17.45 16.64 14.45 11.97 10.59 10.59 9.49 9.49 8.03 10.29 10.37 9.49 7.74 6.72 6.72 7.88 8.83 10.22 10.00 9.05 8.40 10.59 12.26 12.63 16.64 17.30 17.16 15.18 12.12 10.07 10.07 10.73 13.07 15.77 15.84 18.18 16.64 15.33 12.92 12.12 12.56 11.53 5.69 3.29 2.48 4.09 3.14 7.37 10.15 13.80 16.13 18.91 20.29 18.18 17.89 17.89 18.91 19.35 18.91 18.10 16.72 15.91 15.77
12.85 12.85 12.63 12.92 11.39 12.70 11.61 12.05 11.97 12.70 12.78 15.26 17.96 16.79 16.43 16.35 18.10 19.56 17.67 16.06 15.84 17.08 15.77 14.16 11.53 11.02 11.02 9.05 7.88 7.88 9.05 8.98 7.74 7.30 5.69 6.35 7.88 9.05 10.80 10.51 7.74 7.59 9.34 10.66 17.08 16.06 20.08 17.01 12.92 10.95 12.63 12.63 15.26 18.69 19.71 21.75 18.98 17.08 14.09 11.61 10.95 10.88 13.94 12.19 8.98 6.64 2.77 2.41 2.26 6.57 10.59 9.78 11.32 15.55 17.23 17.16 17.16 17.59 16.50 19.13 18.91 17.01 14.60 14.16
15.62 15.62 15.11 14.53 13.43 13.21 12.92 13.07 13.58 14.82 14.89 15.70 19.35 21.32 21.46 17.96 17.01 17.37 17.01 16.64 13.87 12.85 11.75 11.83 11.46 11.24 11.24 11.10 10.37 10.44 10.29 8.91 8.40 9.27 9.42 10.80 11.97 12.99 13.14 12.05 10.37 10.07 10.88 10.51 18.76 18.40 19.20 16.35 14.24 15.99 16.35 16.35 15.26 15.91 18.10 17.67 18.69 20.15 21.83 21.10 19.56 18.25 17.23 14.75 10.37 8.40 7.30 9.93 10.44 6.42 5.33 3.65 5.33 14.16 20.22 20.59 20.59 19.56 16.94 16.94 16.57 15.84 15.26 12.26
16.21 16.21 15.55 13.58 11.61 12.78 15.33 16.13 16.50 16.72 16.57 15.33 15.40 16.43 18.25 16.57 14.97 14.53 14.38 13.14 11.39 7.96 8.10 10.88 12.92 12.70 12.70 11.97 11.32 12.78 12.63 11.39 11.39 12.92 12.70 13.51 15.26 15.62 15.99 12.63 11.53 11.53 11.32 16.57 17.08 17.59 15.70 15.18 16.57 16.79 16.64 16.64 16.13 13.72 13.65 15.84 16.28 15.33 16.94 17.23 15.99 13.72 12.99 14.53 12.78 11.24 12.78 12.34 11.02 8.76 8.83 10.59 11.90 17.01 22.05 22.41 22.41 21.53 21.53 20.51 20.73 19.64 15.77 13.29
16.21 16.21 15.55 13.58 11.61 12.78 15.33 16.13 16.50 16.72 16.57 15.33 15.40 16.43 18.25 16.57 14.97 14.53 14.38 13.14 11.39 7.96 8.10 10.88 12.92 12.70 12.70 11.97 11.32 12.78 12.63 11.39 11.39 12.92 12.70 13.51 15.26 15.62 15.99 12.63 11.53 11.53 11.32 16.57 17.08 17.59 15.70 15.18 16.57 16.79 16.64 16.64 16.13 13.72 13.65 15.84 16.28 15.33 16.94 17.23 15.99 13.72 12.99 14.53 12.78 11.24 12.78 12.34 11.02 8.76 8.83 10.59 11.90 17.01 22.05 22.41 22.41 21.53 21.53 20.51 20.73 19.64 15.77 13.29
16.13 16.13 14.82 13.87 13.65 17.96 18.69 14.97 17.89 18.69 17.89 15.84 13.43 13.87 11.61 11.53 11.97 13.65 13.80 13.36 12.34 11.61 11.32 14.16 14.89 13.58 13.58 12.12 10.44 12.12 12.12 11.32 12.12 14.53 17.23 16.64 16.13 13.51 12.63 12.05 11.02 11.32 9.64 13.80 15.40 15.26 14.09 14.60 15.91 14.60 15.62 15.62 15.33 15.99 18.03 18.69 16.35 15.84 13.94 12.92 12.63 11.68 9.56 9.34 10.66 12.12 13.21 12.85 6.06 5.55 8.83 10.00 8.03 8.47 13.51 18.10 18.10 17.67 17.67 18.40 19.13 18.54 14.53 13.72
14.97 14.97 13.80 15.18 16.50 16.86 15.18 15.70 18.18 18.25 16.28 14.02 13.65 13.07 12.63 12.12 11.24 12.56 12.63 13.58 13.80 14.02 13.21 14.89 14.38 16.21 16.21 13.65 11.97 13.43 12.41 10.44 11.61 12.85 15.55 17.74 16.13 13.07 11.17 11.61 12.85 13.80 12.92 13.80 13.29 12.41 13.72 17.67 17.52 17.30 15.55 15.55 14.02 15.62 19.71 19.27 18.18 16.43 13.51 12.05 13.43 17.08 17.30 15.26 12.78 17.16 17.67 16.79 15.11 13.87 14.45 13.65 10.51 8.69 7.23 6.64 6.64 6.72 9.86 13.43 14.09 12.92 11.68 11.32
15.26 15.26 17.45 16.64 16.43 16.72 16.43 17.16 18.32 16.64 14.82 12.63 12.56 11.17 11.61 13.07 12.63 15.26 15.11 12.99 13.51 15.62 15.77 13.07 9.42 11.17 11.17 9.56 9.49 11.97 11.46 11.90 14.97 14.02 13.80 13.80 13.14 11.90 12.05 13.43 14.38 13.14 12.34 13.36 14.02 15.33 15.55 15.91 15.77 16.06 14.67 14.67 14.89 17.74 20.51 18.61 18.91 20.95 22.27 19.86 19.13 19.27 20.51 23.21 22.92 22.92 23.58 23.00 22.34 21.46 19.86 18.40 18.32 18.54 17.16 11.53 11.53 7.96 11.24 18.32 17.67 14.82 12.56 11.97
17.37 17.37 16.50 14.45 16.57 19.20 20.29 17.08 13.58 10.88 10.73 10.95 11.39 13.87 14.60 15.40 15.62 14.75 14.67 13.21 13.14 10.00 10.80 11.39 10.15 10.88 10.88 9.71 11.24 12.34 11.97 9.78 11.17 11.68 10.29 10.00 9.64 9.34 12.05 12.78 12.56 13.14 14.24 15.04 17.89 19.56 18.18 17.23 15.84 15.91 17.30 17.30 17.16 20.59 20.00 18.61 20.81 24.16 24.16 25.92 24.60 21.68 22.41 26.13 28.40 26.50 24.75 23.43 22.56 22.70 21.32 18.91 19.86 21.97 22.19 19.05 19.05 13.65 11.02 12.12 14.16 15.48 17.67 17.59
17.16 17.16 15.26 15.77 16.28 17.89 18.40 16.35 13.80 13.58 13.51 12.92 12.05 14.24 15.62 16.21 15.04 14.45 13.94 10.44 8.91 6.28 5.77 6.35 8.98 10.44 10.44 10.73 11.46 9.27 7.01 6.79 8.10 7.74 8.03 6.06 6.86 8.54 11.17 10.22 10.22 10.22 13.65 14.45 17.45 17.81 15.99 16.86 15.77 16.57 16.72 16.72 17.01 19.27 22.70 25.92 27.16 27.74 25.40 23.87 24.31 24.53 24.67 25.77 26.72 26.21 23.65 21.97 21.02 21.39 20.66 19.05 20.73 22.92 23.00 22.19 22.19 19.93 16.50 12.34 14.89 18.47 21.83 19.56
17.16 17.16 15.26 15.77 16.28 17.89 18.40 16.35 13.80 13.58 13.51 12.92 12.05 14.24 15.62 16.21 15.04 14.45 13.94 10.44 8.91 6.28 5.77 6.35 8.98 10.44 10.44 10.73 11.46 9.27 7.01 6.79 8.10 7.74 8.03 6.06 6.86 8.54 11.17 10.22 10.22 10.22 13.65 14.45 17.45 17.81 15.99 16.86 15.77 16.57 16.72 16.72 17.01 19.27 22.70 25.92 27.16 27.74 25.40 23.87 24.31 24.53 24.67 25.77 26.72 26.21 23.65 21.97 21.02 21.39 20.66 19.05 20.73 22.92 23.00 22.19 22.19 19.93 16.50 12.34 14.89 18.47 21.83 19.56
17.16 17.16 15.84 13.07 13.14 14.53 15.26 16.35 15.70 16.21 17.37 16.28 15.91 17.81 17.67 15.77 13.87 12.19 10.00 7.30 5.11 4.96 5.77 6.72 8.47 6.72 6.72 7.15 9.78 6.28 3.80 2.34 1.83 2.99 3.94 5.91 8.98 10.66 10.59 10.37 11.39 13.65 12.85 15.40 15.48 14.31 17.16 17.08 16.64 17.81 18.91 18.91 18.76 21.83 25.26 27.67 28.11 26.43 24.53 22.70 23.58 23.80 23.73 25.40 27.45 29.05 27.59 25.19 24.02 22.41 19.71 16.43 15.99 18.32 21.90 26.94 26.94 25.11 22.12 16.86 16.94 19.20 19.78 15.77
14.60 14.60 13.51 11.68 9.71 10.29 14.75 17.89 18.98 18.61 19.49 19.64 19.27 18.98 21.10 15.55 12.48 8.69 5.18 5.26 4.82 5.69 5.77 4.16 4.09 3.14 3.14 2.63 2.56 1.68 0.37 0.00 1.02 2.12 4.53 8.25 10.66 10.44 10.73 12.41 13.43 14.89 15.26 16.50 16.79 15.84 15.11 17.52 18.47 21.75 21.83 21.83 23.51 26.72 28.18 27.16 26.57 24.38 21.83 20.66 23.00 23.73 23.65 25.19 27.74 28.03 29.86 27.52 23.58 21.24 20.66 18.98 17.59 18.47 21.46 24.67 24.67 23.80 18.32 14.60 15.11 16.35 16.06 13.87
11.17 11.17 11.90 11.17 11.02 10.88 15.18 17.37 17.74 17.81 20.00 18.98 16.64 16.79 10.73 8.76 6.57 3.29 1.46 2.19 2.70 3.14 3.21 2.04 1.31 1.10 1.10 1.90 0.95 0.00 0.37 1.83 3.87 6.50 9.49 11.46 12.19 12.05 13.14 16.72 15.26 15.18 14.02 14.97 14.31 16.79 18.10 18.91 18.03 16.35 20.15 20.15 22.70 23.94 25.70 26.13 25.99 22.12 17.23 18.83 20.44 18.32 16.72 16.57 13.80 19.27 23.51 19.93 21.61 23.36 23.00 21.68 20.00 18.69 20.73 23.73 23.73 22.85 18.40 14.53 13.72 14.53 16.94 12.41
12.12 12.12 12.78 12.92 12.78 12.26 14.02 19.20 18.91 18.47 20.88 18.61 18.10 10.22 7.01 4.09 3.07 1.61 0.00 0.00 1.75 1.53 0.00 0.00 0.00 0.00 0.00 0.00 0.66 1.90 2.99 5.48 8.98 11.39 13.94 15.04 14.89 16.06 16.64 16.79 17.37 15.40 14.97 17.89 20.15 19.71 18.91 20.29 19.13 18.40 20.22 20.22 23.65 23.36 22.27 20.73 17.37 12.41 10.07 8.03 7.52 5.69 4.74 3.50 5.91 12.12 14.09 12.26 15.70 17.16 16.86 19.42 20.08 20.29 22.92 24.82 24.82 24.45 20.44 19.86 17.16 17.23 14.16 11.90
9.42 9.42 11.61 12.12 15.55 14.38 14.09 17.81 19.27 18.69 17.08 15.70 15.55 5.55 2.92 1.31 1.97 2.70 0.00 0.00 0.00 1.24 1.68 2.41 5.55 6.94 6.94 4.23 3.29 6.06 7.81 10.37 14.16 17.01 18.10 18.25 21.24 21.83 20.15 19.93 20.44 19.13 20.73 23.00 21.90 20.44 22.27 22.78 22.48 21.75 23.94 23.94 23.94 23.07 23.07 17.30 11.32 6.28 2.41 1.31 0.00 0.00 2.63 6.94 10.15 12.05 11.10 9.20 12.99 16.43 20.37 18.98 13.21 12.63 14.45 19.27 19.27 21.39 19.42 23.21 25.11 21.10 21.10 19.71
9.13 9.13 11.90 11.75 13.87 16.86 18.83 19.05 18.32 15.62 15.70 15.91 7.66 2.70 0.00 0.00 0.00 1.17 0.00 0.00 0.00 1.10 1.90 1.83 3.80 6.86 6.86 8.10 8.76 9.27 10.07 14.24 15.99 13.80 12.78 10.07 11.10 13.36 15.91 20.22 19.71 20.88 21.10 20.88 21.10 21.32 22.78 24.31 23.73 24.97 26.35 26.35 23.21 17.01 13.43 7.45 1.90 0.00 0.00 0.00 0.00 0.00 0.00 4.31 10.00 13.29 16.13 19.42 19.27 22.41 21.97 15.18 12.19 10.66 10.15 10.22 10.22 9.71 10.29 14.53 7.01 18.25 17.74 14.75
9.13 9.13 11.90 11.75 13.87 16.86 18.83 19.05 18.32 15.62 15.70 15.91 7.66 2.70 0.00 0.00 0.00 1.17 0.00 0.00 0.00 1.10 1.90 1.83 3.80 6.86 6.86 8.10 8.76 9.27 10.07 14.24 15.99 13.80 12.78 10.07 11.10 13.36 15.91 20.22 19.71 20.88 21.10 20.88 21.10 21.32 22.78 24.31 23.73 24.97 26.35 26.35 23.21 17.01 13.43 7.45 1.90 0.00 0.00 0.00 0.00 0.00 0.00 4.31 10.00 13.29 16.13 19.42 19.27 22.41 21.97 15.18 12.19 10.66 10.15 10.22 10.22 9.71 10.29 14.53 7.01 18.25 17.74 14.75
7.37 7.37 11.90 8.10 8.10 13.94 13.29 14.16 17.23 17.74 16.57 17.08 7.30 3.43 0.00 0.00 0.00 0.00 2.19 3.94 5.26 0.00 0.00 0.00 0.00 0.00 0.00 2.04 5.48 5.40 4.02 2.34 2.19 0.07 0.00 0.00 0.00 0.00 0.00 4.45 5.26 9.78 9.56 9.56 5.11 6.28 7.52 16.79 19.56 18.40 17.37 17.37 13.80 10.29 5.04 0.00 0.00 0.00 0.00 0.00 0.00 0.00 0.00 0.00 3.50 4.16 6.57 8.47 9.27 8.91 4.02 3.21 2.19 2.12 2.04 0.00 0.00 0.00 7.52 7.37 9.93 8.76 5.69 3.80
