Wansh/Snow_depth/snowdepth-1987/spring/1987090.txt
ncols 321
nrows 161
xllcenter 60
yllcenter 15 
cellsize  0.25 
NODATA_value -1
[rows 0 to 36 of 161, columns 0 to 83 of 321]
20.81 20.81 27.38 27.96 24.38 23.21 25.92 25.55 26.13 26.21 25.77 26.94 25.99 25.84 26.35 26.65 26.13 25.92 26.65 24.09 23.65 23.80 24.67 25.26 25.77 25.92 25.92 26.79 26.86 21.75 19.64 0.00 0.00 0.00 0.00 18.18 17.81 16.57 16.06 14.97 13.58 12.99 13.14 15.77 16.50 17.16 16.35 15.62 15.55 15.48 14.67 14.67 14.75 16.21 16.50 0.00 0.00 0.00 0.00 23.80 27.08 28.11 27.38 27.45 27.08 25.92 24.45 23.36 24.24 21.97 21.32 23.14 24.45 26.43 27.89 28.69 28.69 29.27 29.64 28.54 29.86 29.86 30.15 29.13
27.16 27.16 25.92 25.70 27.81 27.96 24.89 25.99 27.30 25.62 27.45 26.86 27.30 27.08 26.72 26.79 25.62 25.40 25.62 26.35 25.92 25.48 26.28 26.35 26.86 25.26 25.26 24.53 23.58 23.14 22.34 21.39 19.86 19.56 21.39 21.24 20.66 19.56 19.05 17.74 16.64 17.59 16.72 15.40 15.04 14.02 14.09 15.91 16.21 15.99 16.06 16.06 15.99 16.86 18.10 19.64 20.44 21.97 23.94 27.38 27.01 27.74 25.84 25.19 25.19 23.07 19.56 17.30 17.16 17.52 19.35 23.65 24.97 25.92 26.65 29.42 29.42 29.57 31.76 30.37 30.30 30.30 29.49 28.32
28.03 28.03 22.85 24.60 28.18 25.92 24.89 24.97 25.99 27.45 25.19 25.33 25.77 26.13 25.70 25.40 26.06 26.72 24.31 23.65 24.82 24.82 25.92 25.84 23.87 23.73 23.73 22.48 22.12 23.00 22.56 22.12 22.12 20.95 20.73 20.66 19.13 18.18 18.18 18.91 17.81 17.52 15.99 15.26 15.04 14.38 13.87 14.75 15.70 15.55 17.08 17.08 19.56 19.49 20.44 21.97 23.73 23.58 24.24 23.73 23.36 23.14 23.43 22.70 23.80 23.14 21.24 21.97 24.60 24.60 24.16 25.70 26.43 26.72 28.25 29.57 29.57 30.66 28.91 29.20 28.11 27.67 27.01 25.62
28.03 28.03 22.85 24.60 28.18 25.92 24.89 24.97 25.99 27.45 25.19 25.33 25.77 26.13 25.70 25.40 26.06 26.72 24.31 23.65 24.82 24.82 25.92 25.84 23.87 23.73 23.73 22.48 22.12 23.00 22.56 22.12 22.12 20.95 20.73 20.66 19.13 18.18 18.18 18.91 17.81 17.52 15.99 15.26 15.04 14.38 13.87 14.75 15.70 15.55 17.08 17.08 19.56 19.49 20.44 21.97 23.73 23.58 24.24 23.73 23.36 23.14 23.43 22.70 23.80 23.14 21.24 21.97 24.60 24.60 24.16 25.70 26.43 26.72 28.25 29.57 29.57 30.66 28.91 29.20 28.11 27.67 27.01 25.62
27.52 27.52 22.12 25.62 29.49 28.91 27.30 25.92 25.62 25.11 24.16 23.51 23.94 24.31 23.94 23.73 24.09 23.80 23.07 23.94 24.75 25.26 22.78 22.85 23.29 22.63 22.63 23.21 21.83 23.65 24.09 25.40 24.24 23.07 22.48 22.05 21.17 20.88 21.10 20.08 20.08 18.69 16.50 15.70 14.82 15.11 14.53 13.80 15.55 16.35 15.91 15.91 17.30 19.86 21.24 21.75 20.29 20.51 21.46 22.48 22.85 23.00 23.14 22.85 23.07 23.51 22.34 23.00 24.16 23.21 24.16 24.45 25.26 25.11 25.99 26.86 26.86 27.30 26.79 25.77 24.31 23.00 23.73 23.00
26.28 26.28 26.79 27.38 27.96 28.76 30.00 25.62 25.48 25.55 25.11 25.33 25.04 25.48 23.80 23.51 24.09 23.14 20.29 21.10 23.36 24.24 24.09 24.16 23.65 22.34 22.34 23.73 23.21 25.11 26.94 27.89 27.96 24.09 23.43 22.78 22.05 21.46 22.70 21.02 18.61 15.91 15.33 15.62 16.50 15.77 14.82 15.33 16.13 16.28 14.60 14.60 13.65 14.97 17.37 17.16 18.76 19.20 21.53 22.78 23.51 23.51 24.60 22.70 21.10 22.85 24.82 23.43 21.39 20.88 22.41 23.14 24.97 25.99 22.34 22.48 22.48 23.07 22.05 21.90 21.32 20.59 23.80 25.04
24.60 24.60 24.82 25.40 23.87 26.28 25.70 25.55 28.03 28.40 27.67 26.86 27.23 25.92 24.24 22.85 23.43 26.21 23.65 22.78 22.78 24.24 23.51 23.87 24.31 24.38 24.38 24.16 24.60 25.70 27.74 28.18 26.28 24.82 23.58 23.29 22.63 22.41 22.48 19.35 17.30 17.01 17.89 17.59 17.23 16.50 16.06 15.84 16.21 14.82 13.80 13.80 13.87 15.04 17.23 17.37 15.04 16.64 18.18 18.40 20.00 21.97 22.92 22.12 21.17 21.17 22.34 21.02 20.22 18.98 18.54 19.20 21.83 17.52 16.43 18.40 18.40 18.76 18.47 18.25 18.76 19.78 21.17 21.02
24.60 24.60 24.82 25.40 23.87 26.28 25.70 25.55 28.03 28.40 27.67 26.86 27.23 25.92 24.24 22.85 23.43 26.21 23.65 22.78 22.78 24.24 23.51 23.87 24.31 24.38 24.38 24.16 24.60 25.70 27.74 28.18 26.28 24.82 23.58 23.29 22.63 22.41 22.48 19.35 17.30 17.01 17.89 17.59 17.23 16.50 16.06 15.84 16.21 14.82 13.80 13.80 13.87 15.04 17.23 17.37 15.04 16.64 18.18 18.40 20.00 21.97 22.92 22.12 21.17 21.17 22.34 21.02 20.22 18.98 18.54 19.20 21.83 17.52 16.43 18.40 18.40 18.76 18.47 18.25 18.76 19.78 21.17 21.02
21.61 21.61 23.65 24.24 23.87 25.92 26.50 25.99 26.50 25.92 25.04 25.11 23.94 23.00 21.68 24.02 24.45 24.75 25.11 24.75 23.87 21.75 22.63 22.27 23.07 21.10 21.10 21.39 22.34 23.80 24.67 23.94 24.38 22.78 22.70 21.75 19.13 18.76 18.25 15.99 10.15 10.73 15.33 16.79 16.57 15.77 16.13 15.99 15.04 14.09 12.78 12.78 13.43 14.31 14.75 13.72 14.09 14.45 15.18 16.35 17.74 19.27 20.00 20.37 21.68 22.05 21.68 20.51 19.20 17.52 16.21 14.75 16.43 17.30 17.59 18.76 18.76 15.70 11.75 13.21 15.99 19.27 19.86 19.78
22.85 22.85 21.97 23.07 23.80 24.89 23.94 22.92 23.29 22.27 20.66 21.39 22.56 22.63 22.34 23.87 23.07 21.68 19.05 18.32 19.20 18.25 20.29 21.17 21.39 20.37 20.37 21.75 23.29 22.78 20.08 20.59 21.53 20.29 17.96 16.50 14.67 15.33 15.55 15.70 15.11 13.43 14.38 14.82 14.24 14.97 15.04 16.43 17.23 17.23 15.70 15.70 15.48 15.18 15.11 14.31 14.31 13.94 15.55 17.67 18.54 18.54 18.61 18.98 19.93 21.46 20.51 20.66 19.05 17.59 16.50 17.23 16.50 17.37 19.27 19.56 19.56 19.27 18.18 20.88 18.69 17.16 18.32 19.86
22.12 22.12 23.07 23.73 20.95 21.46 20.08 18.91 17.74 17.59 18.47 19.64 22.92 22.56 20.51 19.49 20.22 18.61 16.72 15.77 15.26 14.97 16.72 17.52 17.16 18.61 18.61 18.47 19.86 19.20 18.10 16.79 18.61 18.61 16.35 15.77 14.02 15.26 16.72 16.06 15.99 13.94 13.36 13.07 12.92 13.29 14.16 14.38 14.45 14.60 15.33 15.33 16.21 15.26 13.58 13.43 12.63 13.80 15.70 17.45 16.86 17.08 18.18 17.81 18.61 19.78 16.79 15.18 17.96 18.98 18.98 20.15 20.37 18.54 18.98 20.37 20.37 21.39 20.00 18.47 16.72 16.50 18.32 19.35
22.12 22.12 23.07 23.73 20.95 21.46 20.08 18.91 17.74 17.59 18.47 19.64 22.92 22.56 20.51 19.49 20.22 18.61 16.72 15.77 15.26 14.97 16.72 17.52 17.16 18.61 18.61 18.47 19.86 19.20 18.10 16.79 18.61 18.61 16.35 15.77 14.02 15.26 16.72 16.06 15.99 13.94 13.36 13.07 12.92 13.29 14.16 14.38 14.45 14.60 15.33 15.33 16.21 15.26 13.58 13.43 12.63 13.80 15.70 17.45 16.86 17.08 18.18 17.81 18.61 19.78 16.79 15.18 17.96 18.98 18.98 20.15 20.37 18.54 18.98 20.37 20.37 21.39 20.00 18.47 16.72 16.50 18.32 19.35
19.71 19.71 21.02 18.32 18.76 18.61 17.45 17.81 15.84 15.99 17.67 19.78 21.83 21.17 19.27 17.89 18.54 19.64 16.64 15.55 13.94 14.16 15.99 16.72 15.84 16.50 16.50 14.97 15.11 14.89 14.02 12.78 12.78 13.58 14.97 14.38 15.55 15.40 14.45 14.24 14.75 16.28 17.08 14.09 15.04 14.97 13.58 13.14 12.85 11.97 12.56 12.56 13.94 14.09 13.07 14.38 16.57 18.83 20.44 19.35 16.72 16.64 15.40 15.77 17.23 14.31 7.52 0.88 12.48 19.20 17.59 15.84 15.11 15.40 11.24 11.97 11.97 16.21 17.89 17.89 21.02 16.64 10.88 12.63
20.00 20.00 19.13 18.32 19.27 18.03 16.50 15.77 15.11 14.89 16.13 17.74 18.25 18.18 18.54 17.16 18.47 18.98 17.74 15.18 15.77 14.02 14.89 14.67 15.62 13.43 13.43 14.97 14.89 14.67 13.94 13.36 11.02 11.68 12.99 12.56 14.09 13.87 13.21 13.51 13.87 15.33 16.43 15.26 14.82 14.38 12.34 11.68 13.29 11.75 10.73 10.73 9.71 11.10 13.43 15.84 18.47 20.88 21.10 17.52 7.88 0.73 1.53 9.13 15.99 16.86 15.11 13.36 10.88 17.23 15.70 13.58 16.43 16.57 14.38 14.38 14.38 15.40 16.28 14.67 14.31 11.61 7.30 11.17
17.96 17.96 18.69 19.78 19.35 17.89 15.55 15.62 15.48 14.02 13.65 13.51 16.94 16.79 18.40 19.56 19.27 17.16 14.89 16.28 15.91 16.13 14.75 13.36 14.09 14.31 14.31 15.33 14.24 12.19 10.95 11.75 9.86 9.56 10.37 11.02 12.12 12.78 13.14 14.60 15.26 15.04 15.11 14.60 13.29 16.28 16.64 16.06 15.70 14.75 11.97 11.97 10.95 11.90 14.89 16.28 15.62 16.21 16.64 17.30 16.06 16.21 14.82 18.10 22.70 24.45 23.65 23.65 18.47 17.52 16.79 15.62 15.99 17.74 19.35 19.71 19.71 18.91 15.77 13.80 13.43 13.72 17.52 19.20
17.16 17.16 19.35 20.37 19.35 17.37 16.57 16.06 16.50 15.48 14.89 14.24 13.72 12.48 12.99 14.97 16.43 15.91 15.18 15.33 15.04 13.94 11.10 13.51 15.18 13.80 13.80 14.60 13.14 11.53 11.17 10.95 10.59 11.61 10.22 10.51 10.00 9.71 11.32 13.29 13.80 14.09 12.85 12.56 13.21 13.72 12.92 13.29 12.12 14.24 12.63 12.63 11.83 11.02 12.19 13.58 13.65 14.97 16.43 17.67 18.54 17.37 18.25 17.30 19.13 20.88 22.05 14.45 15.55 16.64 16.50 16.64 17.52 19.42 20.73 20.08 20.08 19.20 18.10 16.06 15.33 13.87 17.37 19.35
17.16 17.16 19.35 20.37 19.35 17.37 16.57 16.06 16.50 15.48 14.89 14.24 13.72 12.48 12.99 14.97 16.43 15.91 15.18 15.33 15.04 13.94 11.10 13.51 15.18 13.80 13.80 14.60 13.14 11.53 11.17 10.95 10.59 11.61 10.22 10.51 10.00 9.71 11.32 13.29 13.80 14.09 12.85 12.56 13.21 13.72 12.92 13.29 12.12 14.24 12.63 12.63 11.83 11.02 12.19 13.58 13.65 14.97 16.43 17.67 18.54 17.37 18.25 17.30 19.13 20.88 22.05 14.45 15.55 16.64 16.50 16.64 17.52 19.42 20.73 20.08 20.08 19.20 18.10 16.06 15.33 13.87 17.37 19.35
19.56 19.56 18.10 18.32 18.69 15.26 13.80 13.51 14.89 14.53 13.94 12.56 10.22 11.39 12.99 14.67 16.28 16.43 16.79 16.06 14.82 13.58 12.85 13.72 13.43 13.65 13.65 11.02 11.10 10.73 11.68 12.85 11.39 11.02 11.90 11.02 10.44 10.80 12.41 14.31 13.65 12.99 12.12 11.24 12.56 14.16 16.28 16.50 18.18 19.56 17.89 17.89 14.67 12.56 14.31 16.28 17.59 18.91 19.64 22.19 20.29 16.13 10.29 10.22 10.88 16.50 21.46 10.73 11.10 13.21 15.48 17.96 20.44 20.44 20.37 21.83 21.83 22.34 21.17 14.38 16.50 17.52 14.97 14.09
14.60 14.60 15.84 13.87 12.12 12.26 12.63 13.72 14.75 13.80 12.56 12.56 13.51 14.45 16.43 16.57 19.05 21.02 20.15 16.86 15.11 14.45 16.64 14.97 13.07 12.99 12.99 10.59 8.61 9.86 10.07 10.44 10.51 11.75 11.17 7.81 9.05 11.46 9.86 11.17 11.61 11.02 11.61 13.07 13.29 15.04 16.57 18.10 21.75 22.70 22.92 22.92 20.51 17.16 19.27 21.24 21.02 17.01 10.95 9.20 13.21 19.05 15.26 5.77 0.00 7.74 4.31 4.16 8.32 12.19 14.89 17.37 19.64 20.88 19.71 21.46 21.46 24.89 21.17 17.08 13.43 13.65 13.29 12.56
17.37 17.37 18.47 18.54 16.57 15.77 15.33 15.91 16.43 17.01 16.64 16.06 16.86 18.98 18.91 17.96 17.96 18.10 17.37 16.94 16.06 16.64 17.59 15.62 13.80 12.19 12.19 11.90 11.10 10.95 10.73 10.07 10.07 9.86 8.83 7.08 11.32 12.34 12.05 12.26 12.26 12.78 15.26 17.08 16.57 17.16 20.44 24.02 26.28 26.06 23.73 23.73 20.08 23.51 28.11 28.69 26.28 22.56 18.40 14.31 8.03 14.38 18.25 11.24 2.19 2.63 0.00 0.00 1.31 4.67 9.42 10.66 13.29 19.93 19.93 19.78 19.78 20.37 19.86 21.53 21.53 20.59 18.98 17.08
18.54 18.54 17.37 17.16 16.43 15.70 16.50 17.23 17.89 16.86 17.45 18.10 18.83 18.83 19.13 17.67 17.45 17.01 16.86 16.43 14.97 12.99 13.65 14.97 13.65 11.83 11.83 13.29 14.53 15.55 12.85 12.99 11.53 11.90 13.36 15.40 18.18 16.64 16.86 15.99 15.11 14.16 14.16 14.16 16.06 18.18 19.42 21.68 23.73 22.92 15.04 15.04 10.44 16.79 24.31 25.33 26.13 28.11 28.03 25.92 22.12 21.24 21.53 20.59 15.55 7.59 7.74 10.66 11.39 5.77 4.82 4.23 5.04 12.99 22.27 22.92 22.92 21.68 21.90 23.94 24.24 23.80 21.61 17.74
18.91 18.91 17.81 16.06 17.16 18.18 20.00 21.97 20.81 19.42 19.93 19.35 18.54 17.37 15.99 14.45 12.99 12.41 14.24 13.94 16.28 15.48 16.94 18.25 18.54 17.23 17.23 15.62 13.80 13.65 12.78 12.56 12.56 13.21 15.40 17.45 18.54 18.54 17.23 16.43 15.26 14.82 14.53 15.33 18.76 20.66 20.51 21.24 23.14 18.25 12.85 12.85 14.31 19.71 21.83 19.20 18.76 21.17 24.38 26.06 21.46 14.38 8.54 15.48 14.02 14.97 16.64 11.75 8.10 6.13 13.58 12.26 11.10 15.26 23.36 26.65 26.65 25.40 23.73 24.24 23.65 23.00 19.86 18.83
18.91 18.91 17.81 16.06 17.16 18.18 20.00 21.97 20.81 19.42 19.93 19.35 18.54 17.37 15.99 14.45 12.99 12.41 14.24 13.94 16.28 15.48 16.94 18.25 18.54 17.23 17.23 15.62 13.80 13.65 12.78 12.56 12.56 13.21 15.40 17.45 18.54 18.54 17.23 16.43 15.26 14.82 14.53 15.33 18.76 20.66 20.51 21.24 23.14 18.25 12.85 12.85 14.31 19.71 21.83 19.20 18.76 21.17 24.38 26.06 21.46 14.38 8.54 15.48 14.02 14.97 16.64 11.75 8.10 6.13 13.58 12.26 11.10 15.26 23.36 26.65 26.65 25.40 23.73 24.24 23.65 23.00 19.86 18.83
18.91 18.91 17.59 17.01 17.89 20.66 20.66 20.37 21.32 21.68 20.15 19.05 17.01 13.36 12.34 11.46 12.48 13.43 15.18 14.82 19.35 20.22 20.73 22.56 24.09 21.17 21.17 17.37 15.55 14.89 14.02 13.80 13.43 13.43 16.06 15.77 16.79 16.94 15.40 15.55 15.40 16.43 17.16 19.71 20.95 21.61 21.90 22.34 22.78 22.56 22.63 22.63 23.80 23.36 22.05 19.64 18.47 18.03 16.79 15.84 14.75 10.66 6.20 11.10 10.95 13.14 16.06 14.16 9.05 3.80 9.49 10.51 7.52 5.48 8.32 14.53 14.53 15.70 16.79 18.76 20.29 18.91 13.80 12.05
18.03 18.03 17.59 17.16 19.78 21.02 19.56 19.13 21.32 21.32 17.30 14.38 14.97 13.58 12.92 13.21 13.87 13.51 13.21 21.68 20.88 23.07 23.14 24.60 25.26 23.07 23.07 20.15 17.52 17.30 13.51 11.32 11.90 12.05 13.58 14.02 12.85 12.05 12.34 14.24 15.77 16.43 16.28 18.25 21.39 22.34 23.07 23.21 21.46 21.97 21.97 21.97 18.83 22.70 24.89 21.32 20.51 19.93 18.10 14.97 14.38 16.57 18.03 18.91 18.32 21.32 21.90 18.83 21.68 20.59 19.13 16.50 14.31 10.80 11.32 7.15 7.15 3.50 5.18 12.19 17.52 15.11 12.70 11.02
18.32 18.32 18.54 18.10 18.47 19.86 21.17 19.78 19.20 16.43 13.87 13.72 15.18 14.31 12.05 12.78 13.65 13.65 11.53 0.00 20.73 22.70 23.94 21.90 22.27 20.15 20.15 15.84 18.10 18.98 16.43 13.51 10.15 9.78 10.66 9.27 10.07 11.17 14.75 21.32 25.04 24.09 23.14 23.51 25.19 27.01 29.49 29.93 30.37 28.25 21.97 21.97 18.40 22.92 25.70 24.60 21.75 22.19 24.67 23.73 23.07 21.90 26.28 25.26 27.45 28.32 29.05 28.76 27.45 26.94 24.67 24.89 23.07 23.29 18.76 13.58 13.58 7.59 7.59 11.39 17.30 18.40 17.96 18.76
17.67 17.67 16.35 14.89 14.67 16.79 18.03 17.59 15.40 12.19 8.54 10.15 9.71 11.17 11.97 11.68 12.99 12.85 12.05 0.00 18.61 18.03 20.81 19.35 18.91 17.23 17.23 17.45 20.15 17.81 16.13 14.53 12.85 11.32 10.29 10.00 13.14 17.37 21.53 25.70 28.62 28.40 26.57 26.65 27.59 26.86 28.47 27.08 25.84 28.03 26.57 26.57 25.92 26.35 25.62 28.18 25.99 26.06 31.54 34.60 31.32 24.82 29.20 34.82 35.77 34.09 28.76 27.52 30.66 33.29 28.54 25.55 25.77 26.86 25.77 23.21 23.21 17.81 12.34 12.99 19.93 20.66 22.27 24.24
15.55 15.55 15.40 14.02 14.75 16.13 15.77 14.82 13.43 11.53 9.86 8.47 7.45 10.15 10.59 10.95 10.29 10.37 0.00 0.00 26.57 23.43 21.46 18.47 17.30 19.13 19.13 18.69 19.35 18.91 17.37 17.01 17.45 16.86 13.51 14.97 22.56 24.31 27.01 28.62 25.62 23.29 22.78 23.73 25.40 21.46 19.42 20.08 19.86 24.38 28.11 28.11 27.74 29.27 35.04 37.01 33.65 35.26 32.85 34.46 39.06 31.03 34.24 36.94 36.21 33.00 27.16 25.77 25.92 24.02 17.52 12.92 16.50 22.56 26.86 28.69 28.69 26.50 21.61 18.47 20.51 23.65 25.11 23.43
15.55 15.55 15.40 14.02 14.75 16.13 15.77 14.82 13.43 11.53 9.86 8.47 7.45 10.15 10.59 10.95 10.29 10.37 0.00 0.00 26.57 23.43 21.46 18.47 17.30 19.13 19.13 18.69 19.35 18.91 17.37 17.01 17.45 16.86 13.51 14.97 22.56 24.31 27.01 28.62 25.62 23.29 22.78 23.73 25.40 21.46 19.42 20.08 19.86 24.38 28.11 28.11 27.74 29.27 35.04 37.01 33.65 35.26 32.85 34.46 39.06 31.03 34.24 36.94 36.21 33.00 27.16 25.77 25.92 24.02 17.52 12.92 16.50 22.56 26.86 28.69 28.69 26.50 21.61 18.47 20.51 23.65 25.11 23.43
14.82 14.82 13.29 11.97 13.07 13.07 14.16 14.53 12.92 12.05 12.70 11.83 10.59 11.17 13.14 12.70 9.56 8.25 0.00 26.13 27.59 24.38 21.97 20.15 18.25 19.78 19.78 20.95 20.88 20.73 22.19 22.34 23.00 22.92 24.38 25.11 26.57 27.16 24.75 22.48 21.97 22.27 21.75 24.89 23.58 19.20 18.10 19.86 21.97 21.46 22.05 22.05 23.94 30.88 38.98 37.30 32.34 28.40 25.11 27.45 30.22 29.78 24.24 25.62 27.23 23.14 17.81 20.44 20.22 16.28 13.29 11.61 13.07 20.00 27.96 33.58 33.58 35.04 29.86 24.38 23.58 25.19 24.67 21.75
11.02 11.02 9.56 9.42 9.42 8.69 10.22 12.78 13.14 13.51 14.09 14.45 14.60 14.09 13.29 11.83 10.22 22.48 24.67 25.70 24.75 21.46 18.91 18.69 18.54 21.46 21.46 23.00 24.67 24.67 24.09 23.29 24.82 25.70 23.21 20.51 15.70 14.24 10.95 11.46 15.99 20.51 24.09 26.06 24.31 21.90 19.56 23.00 24.60 26.79 27.52 27.52 29.35 36.35 37.89 31.83 16.28 8.69 14.97 27.30 21.68 13.87 4.16 3.29 5.26 2.34 5.40 8.69 8.25 8.61 13.65 17.45 15.62 12.85 16.13 21.39 21.39 24.02 22.85 20.51 23.29 25.40 20.95 20.37
8.61 8.61 8.54 7.88 5.33 5.33 8.03 11.68 12.34 12.85 13.36 12.99 12.34 12.56 11.02 10.51 11.17 20.81 21.68 18.76 18.32 17.52 16.64 17.23 17.81 20.37 20.37 23.00 24.24 24.97 25.77 23.80 22.92 23.51 14.45 6.94 2.92 1.02 0.00 2.63 6.94 10.44 15.04 18.69 21.75 23.29 24.53 25.84 24.09 25.92 32.70 32.70 34.31 29.71 21.83 8.03 0.00 0.00 0.00 5.48 0.00 0.00 0.00 0.00 0.00 0.00 1.61 1.68 1.75 1.97 4.89 11.90 14.31 9.27 4.23 1.10 1.10 0.00 3.94 8.10 15.70 20.59 22.19 24.75
6.57 6.57 8.83 8.69 7.23 7.15 10.07 12.19 12.41 12.70 13.29 12.56 11.53 9.78 8.54 8.54 12.48 13.36 9.86 5.62 8.10 11.97 12.92 13.80 16.50 19.27 19.27 23.00 25.04 23.87 20.37 12.99 7.37 1.68 0.00 0.00 0.00 0.00 0.00 0.00 0.00 0.00 9.27 16.64 18.98 18.98 16.43 11.90 10.80 11.24 21.32 21.32 20.22 10.37 0.00 0.00 0.00 0.00 0.00 0.00 0.00 0.00 0.00 0.00 0.00 0.00 0.00 0.00 0.00 0.00 0.00 0.00 6.13 5.33 1.46 0.00 0.00 0.00 0.00 0.00 7.30 17.81 27.59 38.18
3.36 3.36 5.62 6.13 8.91 10.00 9.86 14.02 12.05 11.24 11.75 11.75 11.02 9.13 7.74 9.20 8.61 7.01 0.00 0.00 0.00 3.50 4.23 5.33 8.61 16.06 16.06 21.90 20.88 13.43 8.98 1.17 0.00 0.00 0.00 0.00 0.00 0.00 0.00 0.00 0.00 3.50 8.76 12.05 5.33 0.00 2.26 4.31 4.02 3.36 3.14 3.14 0.00 0.00 0.00 0.00 0.00 0.00 0.00 0.00 0.00 0.00 0.00 0.00 0.00 0.00 0.00 0.00 0.00 0.00 0.00 0.00 0.00 0.00 0.00 0.00 0.00 0.00 0.00 0.00 1.68 8.32 21.02 26.13
1.24 1.24 3.65 4.60 6.42 7.66 9.64 11.83 11.97 11.53 11.75 12.05 12.41 13.21 13.58 13.72 2.99 0.00 0.00 0.00 0.00 0.00 0.00 0.00 0.00 0.00 0.00 4.60 5.99 0.00 0.00 0.00 0.00 0.00 0.00 0.00 0.00 0.00 0.00 0.00 0.00 0.00 0.00 0.00 0.00 0.00 0.00 0.00 0.00 0.00 0.00 0.00 0.00 0.00 0.00 0.00 0.00 0.00 0.00 0.00 0.00 0.00 0.00 0.00 0.00 0.00 0.00 0.00 0.00 0.00 0.00 0.00 0.00 0.00 0.00 0.00 0.00 0.00 0.00 0.00 0.00 0.00 0.00 3.07
1.24 1.24 3.65 4.60 6.42 7.66 9.64 11.83 11.97 11.53 11.75 12.05 12.41 13.21 13.58 13.72 2.99 0.00 0.00 0.00 0.00 0.00 0.00 0.00 0.00 0.00 0.00 4.60 5.99 0.00 0.00 0.00 0.00 0.00 0.00 0.00 0.00 0.00 0.00 0.00 0.00 0.00 0.00 0.00 0.00 0.00 0.00 0.00 0.00 0.00 0.00 0.00 0.00 0.00 0.00 0.00 0.00 0.00 0.00 0.00 0.00 0.00 0.00 0.00 0.00 0.00 0.00 0.00 0.00 0.00 0.00 0.00 0.00 0.00 0.00 0.00 0.00 0.00 0.00 0.00 0.00 0.00 0.00 3.07
4.16 4.16 5.48 1.53 4.09 8.32 8.18 8.61 9.78 11.61 11.90 15.18 16.13 15.55 13.87 11.10 0.00 0.00 0.00 0.00 0.00 0.00 0.00 0.00 0.00 0.00 0.00 0.00 0.00 0.00 0.00 0.00 0.00 0.00 0.00 0.00 0.00 0.00 0.00 0.00 0.00 0.00 0.00 0.00 0.00 0.00 0.00 0.00 0.00 0.00 0.00 0.00 0.00 0.00 0.00 0.00 0.00 0.00 0.00 0.00 0.00 0.00 0.00 0.00 0.00 0.00 0.00 0.00 0.00 0.00 0.00 0.00 0.00 0.00 0.00 0.00 0.00 0.00 0.00 0.00 0.00 0.00 0.00 0.00
