Wansh/Snow_depth/snowdepth-1987/spring/1987061.txt
ncols 321
nrows 161
xllcenter 60
yllcenter 15 
cellsize  0.25 
NODATA_value -1
[rows 0 to 36 of 161, columns 168 to 251 of 321]
11.46 9.20 8.32 7.45 8.18 8.03 8.10 7.37 8.98 8.98 9.78 8.98 9.78 7.88 6.64 8.18 9.86 11.46 12.78 12.92 10.88 10.07 11.10 12.48 12.19 8.18 3.07 0.00 0.00 0.00 0.00 8.18 15.04 15.48 13.72 13.72 10.73 13.21 16.94 14.45 9.49 11.83 12.63 17.08 18.98 22.85 27.38 24.75 21.83 16.64 12.05 10.59 11.83 12.70 10.88 15.18 15.84 14.75 13.14 13.65 13.65 13.87 15.84 17.67 18.76 18.61 17.96 17.01 14.60 12.78 11.90 14.45 15.62 13.07 13.14 14.60 16.06 18.83 17.96 16.94 18.03 19.42 21.46 18.32
13.51 9.93 7.66 7.59 8.47 6.06 6.42 8.10 8.76 8.76 10.59 11.75 10.95 9.42 8.83 7.01 8.10 10.07 14.67 13.43 11.10 9.20 11.02 11.46 8.91 2.99 0.00 0.00 0.00 0.00 3.50 10.51 12.05 11.02 11.61 11.61 11.32 13.07 19.13 19.27 18.76 17.74 13.87 26.43 28.32 25.55 23.80 18.83 17.23 16.21 14.67 15.48 14.89 15.84 15.99 15.91 17.52 18.32 17.30 16.50 16.50 17.16 20.29 22.48 21.53 19.42 17.30 17.08 16.13 16.50 16.72 15.77 16.79 15.91 15.48 17.81 19.35 19.27 20.44 17.89 16.35 14.75 13.43 13.72
17.89 14.09 12.12 13.58 11.17 6.57 6.20 7.08 8.40 8.40 9.20 8.10 6.94 7.15 7.37 9.27 12.56 12.26 11.46 11.17 10.51 10.00 10.88 10.80 4.60 0.00 0.00 0.00 0.00 0.00 2.99 8.83 13.14 14.89 10.80 10.80 11.53 14.45 22.63 23.87 23.29 23.80 22.78 22.85 21.39 17.74 15.70 14.67 14.09 14.75 16.21 20.81 23.43 23.21 21.39 19.71 18.76 18.40 19.56 20.88 20.88 21.61 21.24 20.59 20.08 20.88 22.56 22.27 21.61 20.15 19.27 19.27 18.54 16.79 14.97 16.21 18.03 18.91 18.25 14.67 12.92 12.12 10.95 11.17
17.89 14.09 12.12 13.58 11.17 6.57 6.20 7.08 8.40 8.40 9.20 8.10 6.94 7.15 7.37 9.27 12.56 12.26 11.46 11.17 10.51 10.00 10.88 10.80 4.60 0.00 0.00 0.00 0.00 0.00 2.99 8.83 13.14 14.89 10.80 10.80 11.53 14.45 22.63 23.87 23.29 23.80 22.78 22.85 21.39 17.74 15.70 14.67 14.09 14.75 16.21 20.81 23.43 23.21 21.39 19.71 18.76 18.40 19.56 20.88 20.88 21.61 21.24 20.59 20.08 20.88 22.56 22.27 21.61 20.15 19.27 19.27 18.54 16.79 14.97 16.21 18.03 18.91 18.25 14.67 12.92 12.12 10.95 11.17
20.59 17.16 17.30 18.18 14.89 12.34 7.66 5.55 6.72 6.72 8.61 9.42 9.42 10.59 10.95 13.29 15.55 14.02 11.53 11.24 10.15 9.42 8.69 6.94 0.00 0.00 0.00 0.00 0.00 0.00 5.69 9.71 8.47 7.81 11.39 11.39 13.72 17.01 19.35 21.17 22.34 20.51 17.81 15.33 15.77 15.84 15.55 16.13 16.57 16.06 16.50 20.22 21.32 22.56 19.71 19.86 20.44 21.32 23.36 24.82 24.82 24.97 24.67 25.26 25.92 25.26 24.60 23.14 21.53 20.08 19.93 19.05 17.74 16.64 12.26 12.48 12.92 10.73 11.24 11.17 10.44 10.88 11.39 12.41
24.31 23.07 22.27 22.12 19.86 17.67 14.09 9.64 7.96 7.96 9.56 13.87 15.26 15.11 15.18 16.79 15.91 11.46 8.91 7.96 7.08 6.06 0.00 0.00 0.00 0.00 0.00 0.00 1.10 5.91 8.40 7.52 7.52 9.13 14.97 14.97 14.45 14.89 13.43 15.91 12.78 13.65 14.89 12.70 11.32 13.65 15.04 15.91 17.45 19.13 20.00 25.70 24.60 18.98 19.35 19.71 19.35 17.81 20.81 23.43 23.43 25.62 26.65 27.52 25.11 18.76 17.81 20.59 19.71 17.30 17.30 16.72 14.67 11.90 12.12 11.90 10.07 8.76 9.78 10.51 10.73 10.51 10.07 8.91
21.97 22.19 23.07 23.65 24.60 22.12 20.88 19.64 15.70 15.70 12.63 14.82 16.06 17.16 17.96 17.67 12.99 10.37 7.45 4.96 0.00 0.00 0.00 0.00 0.00 0.00 0.00 5.33 6.64 8.76 11.53 11.39 13.72 17.59 20.37 20.37 18.18 14.53 12.92 9.49 9.34 8.69 7.52 6.86 6.72 6.64 10.44 15.26 17.45 19.20 20.44 20.22 19.86 18.10 18.32 16.21 16.06 17.01 18.03 18.25 18.25 20.51 21.75 21.32 18.76 15.26 15.70 15.26 13.51 11.97 10.44 11.83 10.95 10.15 10.73 10.59 10.29 10.59 10.51 10.57 11.60 12.13 11.82 11.52
21.97 22.19 23.07 23.65 24.60 22.12 20.88 19.64 15.70 15.70 12.63 14.82 16.06 17.16 17.96 17.67 12.99 10.37 7.45 4.96 0.00 0.00 0.00 0.00 0.00 0.00 0.00 5.33 6.64 8.76 11.53 11.39 13.72 17.59 20.37 20.37 18.18 14.53 12.92 9.49 9.34 8.69 7.52 6.86 6.72 6.64 10.44 15.26 17.45 19.20 20.44 20.22 19.86 18.10 18.32 16.21 16.06 17.01 18.03 18.25 18.25 20.51 21.75 21.32 18.76 15.26 15.70 15.26 13.51 11.97 10.44 11.83 10.95 10.15 10.73 12.24 14.20 15.23 14.40 17.96 19.15 16.14 15.21 11.95
15.48 23.36 23.29 24.24 25.04 23.51 18.32 16.64 16.57 16.57 16.57 20.73 22.05 22.05 17.74 14.60 9.71 8.98 7.01 0.00 0.00 0.00 0.00 0.00 0.00 0.00 0.00 5.62 0.00 9.20 11.10 12.70 14.02 18.69 21.53 21.53 13.21 12.56 4.16 5.84 5.48 5.55 7.66 8.25 8.18 7.96 8.98 14.16 19.13 20.22 18.83 15.70 12.48 11.46 12.26 12.19 13.65 14.24 15.33 17.45 17.45 17.89 17.01 14.67 13.65 14.16 12.78 11.97 12.05 11.17 11.97 12.41 10.95 11.44 15.17 18.61 18.43 16.70 15.73 18.84 16.40 14.87 14.77 15.40
9.20 12.63 15.62 15.11 16.86 17.81 17.23 15.48 17.01 17.01 21.90 20.08 15.04 12.70 9.13 6.94 0.00 0.00 0.00 0.00 0.00 0.00 0.00 0.00 3.94 0.00 0.00 0.00 0.00 0.00 11.24 10.59 9.78 9.34 11.17 11.17 12.12 4.45 2.63 3.29 6.13 9.71 9.05 9.13 7.96 8.25 11.61 13.58 16.28 15.55 11.97 7.96 6.72 6.86 7.88 8.61 8.10 8.32 9.05 11.46 11.46 13.80 13.87 14.67 15.18 14.24 13.36 13.72 11.24 12.78 13.87 9.20 10.99 12.15 15.29 18.06 18.09 20.49 21.71 18.25 15.98 15.38 18.57 18.25
9.27 8.91 10.95 13.21 15.18 16.79 15.62 17.96 17.30 17.30 14.67 8.76 5.99 5.33 3.36 0.00 0.00 0.00 0.00 0.00 0.00 0.00 0.00 0.00 9.13 0.00 10.44 10.22 8.91 0.00 0.00 0.00 0.00 0.66 3.50 3.50 3.36 4.16 3.36 6.57 8.61 8.61 8.10 8.76 7.30 7.52 7.52 8.03 6.13 7.74 7.08 5.11 5.62 5.48 5.84 4.74 3.14 2.92 4.31 10.73 10.73 17.08 16.72 15.26 15.18 13.94 11.83 10.37 10.66 12.05 11.39 10.07 11.90 10.15 10.16 18.38 19.94 20.09 17.24 18.09 19.33 20.55 17.12 17.67
9.27 8.91 10.95 13.21 15.18 16.79 15.62 17.96 17.30 17.30 14.67 8.76 5.99 5.33 3.36 0.00 0.00 0.00 0.00 0.00 0.00 0.00 0.00 0.00 9.13 0.00 10.44 10.22 8.91 0.00 0.00 0.00 0.00 0.66 3.50 3.50 3.36 4.16 3.36 6.57 8.61 8.61 8.10 8.76 7.30 7.52 7.52 8.03 6.13 7.74 7.08 5.11 5.62 5.48 5.84 4.74 3.14 2.92 4.31 10.73 10.73 17.08 16.72 15.26 15.18 13.94 11.83 10.37 10.66 12.05 11.39 10.07 11.61 10.00 9.86 17.06 17.77 18.60 18.39 18.77 19.33 20.10 18.80 18.90
14.31 12.05 9.42 9.20 10.44 0.00 10.95 12.85 9.86 9.86 7.37 3.07 0.15 0.73 0.00 0.00 0.00 3.87 0.00 0.00 7.23 0.00 0.00 0.00 0.00 0.00 0.00 0.00 0.00 0.00 0.00 0.00 0.00 0.00 5.26 5.26 7.74 10.22 11.02 10.80 10.44 8.76 7.08 6.42 4.74 2.99 4.38 5.33 5.77 4.82 5.55 5.84 5.84 4.67 3.80 3.80 3.80 3.94 6.72 11.68 11.68 15.40 15.33 13.80 14.89 13.80 11.90 11.02 10.22 10.88 10.51 10.73 12.19 11.97 12.20 14.99 18.39 16.82 18.54 19.07 19.57 22.01 20.33 17.61
12.78 14.60 13.94 12.05 9.49 0.00 8.54 10.15 5.91 5.91 0.00 0.00 0.00 0.00 0.00 0.00 0.00 0.00 0.00 0.00 10.51 11.24 0.00 0.00 0.00 0.00 0.00 0.00 0.00 0.00 0.00 0.00 0.00 5.84 0.00 0.00 10.29 11.75 11.90 10.88 10.37 8.91 7.01 4.23 3.50 2.70 2.99 3.14 4.45 4.38 3.50 3.58 2.99 2.70 2.19 4.38 5.62 6.50 7.30 8.76 8.76 11.02 14.09 14.75 14.24 13.72 14.38 11.46 11.17 11.90 11.68 11.61 11.83 14.44 16.93 15.51 13.81 17.28 20.55 17.79 21.54 19.50 16.80 15.90
19.27 19.13 16.79 19.49 17.23 14.67 11.02 10.80 9.05 9.05 5.69 0.00 0.00 0.00 0.44 0.00 0.00 0.00 9.34 13.65 11.53 10.80 9.42 8.40 8.25 0.00 0.00 0.00 0.00 0.00 0.00 0.00 0.00 0.00 0.00 0.00 9.93 11.17 13.36 10.66 8.32 6.86 4.96 5.62 7.08 5.69 4.31 4.23 4.96 3.94 2.77 2.48 2.34 1.97 2.19 5.62 7.88 8.61 8.91 9.49 9.49 10.22 11.32 12.12 9.86 11.32 12.78 11.10 10.66 11.75 13.94 14.31 14.36 15.51 16.28 15.82 17.93 21.52 19.16 18.81 18.23 16.59 17.05 15.59
25.26 22.92 18.91 17.89 19.27 17.67 15.77 14.16 12.12 12.12 10.00 8.61 9.20 6.50 4.89 3.94 4.96 5.62 5.62 4.09 0.00 8.03 12.56 14.24 13.29 12.26 10.07 0.00 0.00 0.00 0.00 0.00 8.54 0.00 0.00 0.00 8.98 10.37 8.98 8.10 7.01 7.52 8.25 8.83 8.25 6.64 5.69 5.62 4.67 4.23 3.50 2.19 1.61 0.80 2.99 5.40 10.44 12.48 12.05 10.59 10.59 10.07 9.78 10.07 10.00 11.02 8.69 8.61 9.05 12.85 14.89 17.76 17.36 17.91 19.36 17.50 19.26 18.51 18.11 17.38 17.22 17.84 17.34 16.34
25.26 22.92 18.91 17.89 19.27 17.67 15.77 14.16 12.12 12.12 10.00 8.61 9.20 6.50 4.89 3.94 4.96 5.62 5.62 4.09 0.00 8.03 12.56 14.24 13.29 12.26 10.07 0.00 0.00 0.00 0.00 0.00 8.54 0.00 0.00 0.00 8.98 10.37 8.98 8.10 7.01 7.52 8.25 8.83 8.25 6.64 5.69 5.62 4.67 4.23 3.50 2.19 1.61 0.80 2.99 5.40 10.44 12.48 12.05 10.59 10.59 10.07 9.78 10.07 10.00 11.02 8.69 8.61 9.05 12.85 14.89 21.81 16.27 19.47 17.38 21.65 19.54 20.46 18.47 15.67 16.64 15.34 18.86 18.55
20.15 19.78 16.86 14.82 13.94 12.05 10.15 13.94 15.11 15.11 15.62 12.12 11.53 8.69 5.84 3.72 4.23 4.23 5.11 6.28 7.59 8.10 9.42 10.73 11.10 11.02 10.59 11.97 9.64 10.07 0.00 0.00 11.32 10.07 9.20 9.20 9.78 9.34 9.05 8.83 10.44 11.61 12.70 10.07 7.15 5.62 4.67 4.74 5.40 5.18 3.72 3.72 3.72 4.38 7.81 10.95 14.60 15.77 14.02 11.46 11.46 9.71 9.42 8.98 8.25 6.86 5.77 6.35 7.23 11.02 14.83 16.03 16.91 16.62 17.68 19.31 19.04 15.19 16.55 17.93 16.18 16.40 18.09 17.13
14.60 20.08 20.66 17.89 15.40 13.58 11.53 9.42 8.32 8.32 7.81 9.78 12.05 10.88 9.49 8.10 7.30 8.91 11.90 13.29 12.85 12.12 12.85 10.95 0.00 0.00 8.32 0.00 0.00 0.00 0.00 7.88 0.00 0.00 0.00 0.00 8.69 9.49 9.56 9.64 9.56 9.42 7.15 7.45 6.94 6.57 6.20 5.77 6.79 3.72 5.04 5.40 5.99 7.23 9.56 11.10 13.14 15.70 17.74 14.89 14.89 9.42 6.50 7.37 6.50 7.23 7.15 6.13 7.81 9.76 13.35 16.44 17.15 17.16 18.71 18.51 19.04 20.08 20.52 21.16 16.74 17.29 17.69 21.80
16.28 15.70 16.21 17.52 18.18 16.13 11.46 8.69 8.40 8.40 7.88 9.71 12.12 13.72 13.72 12.63 11.24 9.78 12.41 13.51 14.67 12.70 10.29 0.00 0.00 0.00 0.00 0.00 0.00 7.52 6.28 8.10 7.52 8.32 8.47 8.47 7.88 7.15 10.15 9.78 11.32 10.00 8.91 8.91 7.74 6.28 7.66 8.25 8.54 9.34 11.46 12.41 10.51 7.15 5.99 7.59 8.69 9.64 11.24 11.46 11.46 9.42 9.64 9.20 7.01 7.23 8.69 10.44 8.69 9.64 13.07 16.43 18.03 19.71 19.49 20.34 20.53 21.95 23.27 20.06 21.84 19.30 16.85 19.64
18.18 17.08 18.10 15.48 15.11 14.31 11.68 9.20 8.03 8.03 8.40 10.59 14.09 15.99 15.40 14.75 15.26 13.21 13.36 14.02 15.26 18.47 16.28 10.44 8.10 7.45 0.00 0.00 0.00 9.20 11.17 10.22 9.05 9.05 10.07 10.07 9.86 9.20 7.08 7.08 8.10 8.10 8.54 7.30 7.96 8.32 10.00 12.26 12.92 12.78 11.46 11.17 9.86 7.88 4.53 4.74 5.33 5.62 7.01 9.05 9.05 9.13 10.07 9.86 7.74 7.37 7.59 7.66 8.61 10.29 12.92 15.99 17.96 18.25 17.57 18.63 21.14 19.06 21.45 20.79 23.43 19.64 21.04 18.62
23.14 22.12 20.59 16.57 15.33 15.11 13.72 12.34 9.78 9.78 11.68 12.48 15.04 17.16 16.79 15.40 17.59 19.35 19.27 16.35 14.53 13.21 10.15 7.01 7.81 9.93 7.52 5.69 5.48 10.80 12.78 12.63 11.53 11.17 13.29 13.29 8.69 8.18 6.20 6.06 7.01 7.88 7.08 7.01 9.64 10.44 10.29 9.93 10.37 10.88 10.29 9.56 8.25 6.06 5.11 5.26 6.86 6.42 4.89 6.42 6.42 6.35 3.08 2.85 3.50 4.31 7.81 8.32 7.74 8.47 11.90 13.36 12.78 13.80 14.83 16.72 21.60 19.13 23.10 19.02 13.59 14.60 20.77 22.29
23.14 22.12 20.59 16.57 15.33 15.11 13.72 12.34 9.78 9.78 11.68 12.48 15.04 17.16 16.79 15.40 17.59 19.35 19.27 16.35 14.53 13.21 10.15 7.01 7.81 9.93 7.52 5.69 5.48 10.80 12.78 12.63 11.53 11.17 13.29 13.29 8.69 8.18 6.20 6.06 7.01 7.88 7.08 7.01 9.64 10.44 10.29 9.93 10.37 10.88 10.29 9.56 8.25 6.06 5.11 5.26 6.86 6.42 4.89 6.42 6.42 6.35 3.08 2.85 3.50 4.31 7.81 8.32 7.74 8.47 11.90 13.36 12.78 13.80 14.24 16.81 16.77 16.83 19.35 22.14 16.62 14.91 16.27 20.56
19.93 19.64 17.52 16.35 16.57 15.99 15.55 15.91 15.77 15.77 14.02 11.97 13.14 14.75 16.64 17.96 19.71 19.05 12.78 11.39 11.10 9.05 8.69 9.34 9.64 10.00 11.39 10.51 10.88 10.95 11.10 8.98 7.59 6.57 4.45 4.45 5.84 8.40 9.78 9.05 7.23 6.50 8.69 10.00 11.75 12.70 12.05 11.17 11.10 10.51 10.37 10.66 9.71 8.32 7.96 7.59 7.30 5.40 3.65 3.65 3.65 0.00 0.00 0.00 3.80 4.82 4.45 4.74 4.96 6.57 9.49 12.26 13.36 14.09 15.62 17.53 19.98 25.55 24.79 20.26 17.70 15.50 20.40 23.30
15.11 16.50 18.18 17.59 18.47 18.91 20.95 23.65 20.95 20.95 15.48 14.60 14.89 14.75 15.33 16.72 16.64 16.35 13.72 12.63 9.20 8.61 9.34 8.69 7.66 10.66 12.63 15.11 12.92 10.66 8.47 7.59 7.59 7.59 7.66 7.66 8.32 9.93 10.29 10.66 9.27 9.20 11.24 11.53 10.15 9.71 9.64 9.49 9.49 8.69 7.96 8.03 6.35 8.54 9.13 9.13 7.59 3.72 0.00 0.00 0.00 0.00 0.00 0.00 0.00 0.00 4.02 5.77 5.99 6.72 8.47 11.39 14.60 16.64 21.94 24.05 25.15 26.72 28.89 25.21 27.01 18.90 23.27 29.08
10.88 15.26 17.96 17.08 14.09 17.01 18.47 18.69 16.94 16.94 12.63 11.90 16.86 18.83 17.01 16.35 15.70 14.53 14.02 13.07 9.78 9.13 11.24 11.02 9.49 9.71 12.05 14.09 13.21 10.37 8.54 8.47 8.03 7.96 10.88 10.88 10.88 11.61 13.87 12.41 11.53 10.73 8.61 7.37 6.28 0.00 5.48 4.53 3.87 3.87 4.53 3.87 2.34 3.14 2.70 2.12 2.41 0.00 0.00 0.00 0.00 0.00 0.00 0.00 0.00 0.00 0.00 6.13 7.96 9.49 10.73 12.48 16.38 20.20 24.38 27.15 26.15 22.75 23.69 24.26 21.01 20.50 21.17 22.68
13.43 14.53 13.80 8.98 6.28 10.59 14.60 10.66 10.95 10.95 12.92 16.79 16.43 16.57 16.43 14.75 15.70 15.26 14.60 12.05 10.88 12.26 13.94 14.02 12.19 10.88 10.88 12.19 13.58 9.93 7.52 9.34 11.83 12.99 11.68 11.68 11.61 12.05 12.05 12.63 12.26 6.72 5.33 6.13 4.96 4.53 5.62 5.77 4.82 3.29 1.75 1.53 0.00 3.21 0.00 0.00 0.00 0.00 0.00 0.00 0.00 0.00 0.00 0.00 0.00 0.00 4.67 5.55 8.69 12.48 14.02 13.14 16.03 20.78 26.18 25.67 21.85 22.64 18.92 16.90 15.12 14.70 17.30 15.60
12.34 15.40 10.80 4.60 2.92 4.53 5.69 4.96 3.87 3.87 6.06 9.56 13.14 15.11 15.77 14.38 15.04 16.57 15.91 14.82 10.51 8.32 9.34 13.94 12.85 12.85 12.26 10.80 10.44 8.98 11.02 13.29 14.16 14.60 12.78 12.78 13.58 12.19 10.88 6.50 5.99 7.45 7.37 8.03 8.10 6.57 5.91 5.11 3.29 3.80 3.43 2.63 2.19 2.85 5.18 2.99 0.00 0.00 0.00 0.00 0.00 0.00 0.00 0.00 2.77 4.60 5.69 7.96 9.64 12.26 14.15 17.50 23.45 25.16 27.70 25.65 19.99 15.94 13.73 10.87 12.51 9.16 8.59 6.72
12.34 15.40 10.80 4.60 2.92 4.53 5.69 4.96 3.87 3.87 6.06 9.56 13.14 15.11 15.77 14.38 15.04 16.57 15.91 14.82 10.51 8.32 9.34 13.94 12.85 12.85 12.26 10.80 10.44 8.98 11.02 13.29 14.16 14.60 12.78 12.78 13.58 12.19 10.88 6.50 5.99 7.45 7.37 8.03 8.10 6.57 5.91 5.11 3.29 3.80 3.43 2.63 2.19 2.85 5.18 2.99 0.00 0.00 0.00 0.00 0.00 0.00 0.00 0.00 2.77 4.60 5.69 7.96 9.64 12.26 14.22 17.32 21.20 28.03 29.56 29.93 23.20 15.42 14.34 10.56 13.23 10.87 7.84 5.71
11.90 13.21 11.61 4.89 1.83 2.34 3.50 5.48 7.45 7.45 6.42 7.66 11.97 13.58 12.63 13.21 16.72 17.67 13.58 10.07 13.07 13.14 11.10 10.22 10.59 18.76 19.71 17.74 13.51 14.67 15.77 15.18 14.45 13.14 11.10 11.10 10.66 7.01 6.13 6.28 5.91 6.42 8.54 8.69 7.59 7.23 7.81 6.64 4.45 4.16 3.65 2.12 0.00 0.00 2.63 2.26 0.00 2.12 0.00 0.00 0.00 0.00 0.00 0.00 5.84 7.88 9.13 10.80 12.84 15.78 20.65 22.49 30.34 35.91 32.91 23.91 17.01 14.48 10.22 8.46 6.89 5.45 3.19 1.54
11.90 13.94 12.78 5.84 2.12 2.19 0.00 0.00 7.23 7.23 9.71 9.49 12.63 13.29 12.48 17.59 19.78 19.49 18.40 17.08 18.32 20.00 18.40 13.87 20.66 19.35 23.21 23.58 19.20 17.74 16.06 13.72 11.61 11.46 10.88 10.88 11.24 10.00 9.86 9.93 9.42 9.42 9.71 10.37 8.10 9.20 10.22 9.42 6.57 5.55 4.60 4.02 5.62 4.09 1.83 2.92 6.13 7.45 5.26 2.99 2.99 3.87 3.65 5.11 5.48 9.20 11.39 13.65 15.99 17.37 23.29 28.67 30.39 31.87 20.65 12.50 11.17 9.38 7.61 6.06 3.56 2.67 1.83 1.88
19.27 16.94 13.07 7.59 1.68 3.65 5.33 4.02 5.91 5.91 7.88 7.37 9.20 11.83 13.65 15.70 15.55 16.64 16.72 14.24 11.32 13.51 17.01 18.61 12.63 9.93 10.66 13.14 17.81 17.89 16.86 16.28 17.16 18.61 19.78 19.78 18.47 18.10 17.37 15.91 15.91 17.89 15.70 14.02 13.36 12.34 10.66 7.15 5.04 6.20 7.88 8.76 7.88 7.15 4.31 2.41 7.74 10.51 9.27 8.10 8.10 5.62 6.06 7.01 9.56 12.56 15.91 19.35 20.81 20.81 23.29 27.82 31.25 26.45 13.56 5.65 6.06 8.25 5.24 4.26 3.10 2.23 2.38 2.58
21.46 18.25 14.67 12.12 9.86 8.47 9.86 10.59 7.74 7.74 7.96 8.69 9.20 10.22 10.66 9.78 10.88 13.51 13.07 14.75 11.90 9.49 11.68 9.56 7.66 10.73 12.78 13.43 13.94 14.89 15.99 15.70 18.83 18.25 16.72 16.72 17.23 16.50 15.11 11.75 8.03 8.18 9.20 10.73 11.97 11.17 12.70 11.68 9.71 6.79 9.34 11.39 7.23 5.55 2.56 2.04 7.08 9.49 10.51 11.24 11.24 12.05 14.09 17.01 18.61 22.48 22.05 23.94 24.60 24.60 26.65 27.65 24.52 17.56 12.24 7.75 7.95 8.19 7.03 5.00 1.41 1.15 1.87 1.48
16.64 15.26 16.21 12.78 9.13 6.57 6.94 7.59 5.48 5.48 4.45 7.15 10.29 10.22 10.15 8.91 8.47 9.64 12.70 21.10 19.93 21.02 20.08 16.21 10.95 13.72 17.37 16.21 15.48 15.33 16.72 16.43 18.03 17.37 13.65 13.65 14.45 13.87 10.37 8.32 7.08 7.08 7.96 8.32 8.76 9.86 8.98 9.56 9.05 6.72 6.72 8.98 5.84 6.20 7.15 8.98 11.61 12.48 9.56 18.40 18.40 20.44 22.92 23.00 24.24 23.29 21.90 23.00 23.21 24.82 27.96 22.92 13.46 7.18 7.54 7.91 7.48 4.76 3.72 2.47 1.78 1.03 0.58 0.07
4.02 5.18 6.13 6.20 5.77 5.11 5.40 5.04 5.11 5.11 2.92 3.65 7.96 10.44 8.32 7.45 8.91 9.56 12.48 19.56 27.08 30.15 24.24 21.17 15.33 10.29 8.10 14.02 13.07 5.84 5.55 7.96 9.71 10.07 12.12 12.12 10.44 7.81 7.30 7.15 7.08 7.45 8.98 10.15 7.88 9.20 12.19 13.65 12.78 11.53 12.12 11.53 10.51 12.92 14.02 17.23 18.03 16.50 21.32 20.44 20.44 18.91 17.45 16.64 15.62 18.25 20.15 23.80 26.21 25.33 23.43 17.46 8.49 5.81 5.53 5.47 5.46 4.15 2.35 1.95 0.00 0.00 0.00 0.00
4.02 5.18 6.13 6.20 5.77 5.11 5.40 5.04 5.11 5.11 2.92 3.65 7.96 10.44 8.32 7.45 8.91 9.56 12.48 19.56 27.08 30.15 24.24 21.17 15.33 10.29 8.10 14.02 13.07 5.84 5.55 7.96 9.71 10.07 12.12 12.12 10.44 7.81 7.30 7.15 7.08 7.45 8.98 10.15 7.88 9.20 12.19 13.65 12.78 11.53 12.12 11.53 10.51 12.92 14.02 17.23 18.03 16.50 21.32 20.44 20.44 18.91 17.45 16.64 15.62 18.25 20.15 23.80 26.21 25.33 23.43 17.37 8.36 5.72 5.53 5.71 4.87 3.98 2.29 2.05 0.00 0.00 0.00 0.00
0.00 0.00 0.00 5.40 5.04 8.54 9.78 7.45 5.62 5.62 5.77 7.59 9.56 10.15 9.13 7.96 7.08 8.91 11.83 12.34 17.08 15.33 13.94 15.55 17.96 12.56 6.72 5.69 3.14 4.60 6.86 7.59 8.32 8.18 7.96 7.96 7.81 7.88 9.20 8.98 6.86 7.59 11.75 14.16 14.60 16.06 16.28 14.97 12.05 11.02 11.32 12.70 15.55 15.11 15.11 14.53 14.82 14.45 14.38 13.87 13.87 12.92 16.13 15.04 15.70 18.40 18.76 21.90 24.38 24.24 21.97 15.62 7.74 5.24 4.18 4.26 3.47 3.33 2.11 1.27 1.85 0.90 0.00 0.00
