Wansh/Snow_depth/snowdepth-1987/spring/1987071.txt
ncols 321
nrows 161
xllcenter 60
yllcenter 15 
cellsize  0.25 
NODATA_value -1
[rows 74 to 110 of 161, columns 84 to 167 of 321]
0.00 0.00 0.00 0.00 0.00 0.00 0.00 0.00 0.00 0.00 0.00 4.38 5.33 6.57 7.08 0.00 4.45 0.00 0.00 0.00 0.00 0.00 0.00 3.72 0.00 5.91 3.65 0.00 2.63 2.85 2.26 0.00 0.00 4.74 1.61 0.00 0.00 0.00 0.00 4.74 5.91 0.00 0.00 0.00 0.00 0.00 3.43 0.00 0.00 0.00 0.00 0.00 0.00 0.00 0.00 0.00 0.00 0.00 0.00 0.00 0.00 0.00 0.00 0.00 0.00 0.00 0.00 0.00 0.00 0.00 3.08 2.70 0.00 0.00 0.00 0.00 0.00 0.00 0.00 0.00 0.00 0.00 0.00 0.00
0.00 0.00 0.00 0.00 0.95 4.02 1.75 0.44 0.00 4.31 3.14 4.53 0.00 0.00 0.00 0.00 3.72 0.00 0.00 0.00 4.74 4.96 5.11 4.02 5.91 7.23 0.00 0.00 3.87 4.16 3.58 3.36 0.00 4.60 0.00 4.89 5.99 4.74 0.00 4.31 5.69 0.00 0.00 0.00 0.00 0.00 2.19 0.00 1.10 0.00 0.00 0.00 0.00 0.00 0.00 0.00 0.00 0.00 0.58 2.34 2.26 0.00 0.00 0.00 0.00 0.00 0.00 0.00 0.00 0.00 5.99 7.30 2.26 0.00 0.00 0.00 0.00 0.00 0.00 0.00 0.00 0.00 0.00 0.00
0.00 0.00 0.00 1.39 5.11 6.42 5.99 4.89 6.64 4.82 5.77 0.00 6.13 0.00 4.53 4.82 6.06 0.00 0.00 4.96 5.62 0.00 0.00 0.00 3.94 0.00 0.00 0.00 0.00 4.02 0.00 0.00 3.07 0.00 3.36 5.11 5.11 5.18 8.03 10.22 5.11 3.43 4.96 4.96 5.26 1.10 0.00 5.11 3.94 0.00 0.00 1.02 0.07 0.00 0.00 0.00 0.00 0.58 1.31 1.02 0.37 0.00 0.00 0.00 0.00 0.00 0.00 0.00 0.00 3.87 8.98 11.17 4.96 0.00 0.00 0.00 0.00 0.00 0.00 0.00 0.00 0.00 0.00 0.00
4.67 6.57 5.62 4.02 1.97 4.16 4.16 4.02 0.00 5.91 5.99 4.96 6.64 5.11 5.77 4.31 3.50 0.00 0.00 5.18 4.16 0.00 0.00 0.00 3.07 2.85 0.00 3.72 0.00 3.65 0.00 0.00 0.00 3.21 4.89 4.67 3.72 5.55 6.50 5.11 0.00 4.09 4.53 4.53 4.02 0.00 4.96 0.00 0.00 0.00 0.00 1.61 0.37 0.00 0.00 0.00 1.53 1.68 2.19 2.77 1.61 0.00 0.80 2.12 0.00 0.00 0.00 1.17 1.17 2.85 2.48 5.62 5.69 4.23 1.31 0.00 0.00 0.00 0.00 0.00 0.00 0.00 0.00 0.00
7.01 6.72 5.55 4.96 6.42 8.91 5.91 0.00 4.82 4.74 4.82 4.23 6.28 5.99 6.86 6.28 4.74 6.64 6.64 9.13 5.91 6.64 4.96 0.00 4.45 4.16 4.38 5.18 0.00 5.55 4.31 0.00 0.00 3.43 5.91 3.07 0.00 0.00 0.00 0.00 0.00 0.00 0.00 0.00 0.00 4.60 6.42 0.00 0.00 0.00 0.00 0.00 2.04 2.77 4.82 2.26 1.53 1.46 0.66 0.95 1.61 1.46 1.39 1.02 1.17 2.04 2.63 0.44 0.44 0.51 0.58 1.17 3.80 3.80 2.48 0.00 0.00 0.00 0.00 0.00 0.00 0.00 0.00 0.00
17.89 16.13 11.39 9.78 8.98 7.15 6.72 4.53 3.29 3.21 0.00 5.04 7.52 6.42 7.52 6.28 4.45 5.55 5.55 5.77 0.00 0.00 5.69 4.60 1.61 3.21 4.23 3.72 3.72 5.26 4.31 0.00 0.00 5.69 3.21 0.00 2.19 0.00 0.00 3.07 0.00 0.00 0.00 0.00 0.00 0.00 0.00 0.00 0.00 0.00 0.00 0.00 0.00 0.00 0.00 0.95 1.68 2.26 0.73 1.31 1.53 2.56 2.26 0.00 0.00 0.29 1.97 1.75 1.75 2.56 2.26 2.04 2.26 0.00 2.27 0.00 0.00 0.00 0.00 0.00 0.00 0.00 0.00 0.00
10.66 10.07 9.42 9.20 6.64 5.11 4.67 4.82 4.23 6.28 6.13 6.86 7.01 5.11 6.13 7.01 5.91 5.04 5.04 0.00 0.00 5.26 5.48 6.20 0.00 3.50 0.00 0.00 2.63 2.99 1.46 0.51 0.00 0.00 0.00 0.00 0.00 0.00 0.00 0.00 0.00 0.00 6.35 6.35 0.00 0.00 0.00 0.00 0.00 0.00 0.00 0.00 0.00 0.00 0.00 0.00 0.00 0.00 2.34 1.31 0.88 0.88 0.00 0.95 0.00 0.00 0.00 0.00 0.00 1.24 0.00 0.00 0.00 0.00 0.37 0.00 0.00 0.00 0.00 0.00 0.00 0.00 0.00 0.00
0.00 0.00 3.72 4.89 6.06 7.15 4.53 4.82 4.38 6.50 7.37 6.57 5.91 5.69 6.28 6.42 6.94 6.20 6.20 4.45 4.89 5.26 5.84 3.29 0.00 3.72 3.87 3.50 0.00 3.14 0.00 0.00 0.00 2.12 2.92 3.65 0.00 0.00 0.00 4.16 3.80 3.87 4.67 4.67 3.43 0.00 0.00 0.00 0.00 0.00 0.00 0.00 0.00 0.00 0.00 0.00 2.12 2.12 1.39 2.04 2.70 2.19 1.97 2.19 0.00 0.00 0.00 0.00 0.00 0.00 0.00 0.00 2.99 3.87 5.26 0.00 0.00 0.00 0.00 0.00 0.00 0.00 0.00 0.00
4.16 5.48 3.87 2.63 6.42 8.61 5.48 4.31 2.77 6.64 5.99 5.33 5.62 4.45 4.60 8.10 9.93 8.47 8.47 0.00 0.00 4.82 5.91 5.33 0.00 3.43 4.31 4.60 4.31 3.36 0.00 0.00 0.00 0.00 4.45 0.00 0.00 0.00 0.00 0.00 2.99 3.43 0.00 0.00 0.00 0.00 0.00 0.00 0.00 0.00 0.00 0.00 0.00 0.51 2.26 1.31 0.73 0.80 1.97 1.75 3.21 3.14 1.90 0.00 0.00 0.00 0.00 0.00 0.00 0.00 0.00 1.46 3.43 5.26 5.77 1.02 0.00 0.00 0.00 0.00 0.00 0.00 0.00 0.00
8.91 10.29 8.61 7.15 4.60 5.91 4.38 5.04 4.82 5.99 0.00 0.00 6.50 6.57 6.28 6.94 7.30 6.79 6.79 5.04 5.55 3.80 4.45 5.11 4.96 0.00 3.94 4.45 4.45 3.43 2.19 5.48 0.00 0.00 5.33 4.09 0.00 0.00 0.00 0.00 0.00 0.00 0.00 0.00 0.00 0.00 0.00 0.00 0.00 0.00 0.00 0.00 0.66 0.00 0.00 1.17 0.80 1.31 2.41 3.50 2.77 3.50 4.23 3.80 1.97 0.29 0.00 0.00 0.00 0.00 0.00 0.00 0.66 1.83 4.53 3.94 0.00 0.00 0.00 0.00 0.00 0.00 0.00 0.00
7.96 7.15 7.15 12.34 10.95 0.00 2.99 3.65 0.00 5.11 0.00 5.91 7.01 6.35 6.35 0.00 4.31 5.91 5.91 5.40 7.15 5.55 3.43 4.09 5.77 5.18 4.38 3.43 3.94 4.09 0.00 0.00 0.00 0.00 3.36 3.50 3.43 3.72 0.00 0.00 0.00 0.00 0.00 0.00 2.92 0.00 0.00 0.00 0.00 0.00 0.00 0.00 0.29 0.22 0.00 0.00 0.66 1.10 0.95 4.53 3.58 2.99 2.70 3.36 0.00 0.00 0.00 4.82 4.82 2.04 1.46 0.00 0.00 0.00 0.00 0.00 0.00 0.00 0.00 0.00 0.00 0.00 0.00 0.00
6.64 5.18 0.00 5.69 6.72 5.04 3.50 4.96 7.23 6.13 6.72 6.86 6.94 6.79 5.99 5.11 5.33 5.48 5.48 6.86 6.57 5.77 6.57 5.04 4.31 3.80 5.26 5.62 4.82 4.45 0.00 4.16 7.52 3.43 2.99 0.00 0.00 2.63 2.99 1.97 1.17 0.00 0.00 0.00 0.00 0.00 0.00 0.00 0.00 0.00 1.68 1.02 2.04 2.56 3.87 2.26 3.21 2.92 0.00 1.46 3.23 2.76 2.94 4.16 0.00 0.00 4.82 5.99 5.99 4.45 0.00 0.00 0.00 0.00 0.00 0.00 0.00 0.00 0.00 0.00 0.00 0.00 0.00 0.00
7.23 7.15 8.98 9.27 7.81 7.30 5.91 7.59 10.15 8.91 5.84 5.84 5.84 5.99 5.77 5.48 6.06 4.38 4.38 4.02 4.09 4.53 5.55 4.31 0.00 4.16 4.02 4.31 5.26 4.45 3.58 4.74 3.94 4.67 4.16 0.00 0.00 4.74 7.15 8.98 7.37 2.34 3.29 3.29 0.00 0.00 0.00 0.80 2.26 1.97 1.61 0.51 0.00 0.73 6.06 14.31 13.80 11.83 11.10 6.06 4.31 5.18 3.43 3.14 4.38 5.18 2.99 3.07 3.07 5.77 5.77 5.91 5.33 3.21 0.00 0.00 0.00 0.00 0.00 0.00 0.00 0.00 0.00 0.00
2.92 2.34 5.04 0.00 5.69 4.60 5.62 4.82 6.94 7.74 5.40 5.91 6.20 5.55 4.02 5.33 8.32 4.60 4.60 5.04 3.72 3.50 5.48 0.00 2.70 4.16 5.69 4.82 4.60 3.36 2.70 0.00 5.18 4.96 4.53 4.60 4.74 5.69 7.96 9.78 9.05 5.77 4.53 4.53 5.11 2.77 3.72 1.31 2.99 4.16 1.75 2.70 2.26 2.48 2.77 5.99 8.18 14.89 15.99 11.24 5.77 4.09 0.00 0.00 0.00 0.00 0.00 0.00 0.00 0.00 7.15 10.88 10.44 7.66 5.55 0.00 0.00 0.00 0.00 0.00 0.00 0.00 0.00 0.00
0.00 0.00 0.00 0.00 0.00 3.65 5.48 2.56 0.00 3.43 4.60 6.28 5.99 6.20 5.33 6.72 7.01 6.72 6.72 6.57 5.77 5.18 7.01 0.00 6.35 6.86 6.72 5.33 5.69 3.29 6.50 5.04 0.00 3.58 4.60 4.67 4.02 4.60 5.55 7.37 7.45 4.67 4.89 4.89 7.30 3.65 3.72 3.50 3.65 2.70 1.61 1.24 1.17 1.97 2.99 1.39 4.16 9.05 8.61 6.64 3.14 0.00 0.00 0.00 0.00 0.00 0.00 0.00 0.00 0.00 0.00 0.00 0.00 6.64 0.00 0.00 0.00 0.00 0.00 0.00 0.00 0.00 0.00 0.00
7.66 0.00 0.00 0.00 0.00 3.43 0.00 0.00 0.00 3.94 5.04 0.00 4.60 6.42 6.94 7.23 5.99 4.38 4.38 5.84 6.57 5.69 5.40 6.13 5.62 5.33 5.40 5.69 7.30 5.55 6.64 6.50 6.13 5.62 7.59 5.69 5.26 6.20 0.00 3.58 5.11 6.06 6.57 6.57 9.13 7.74 11.61 7.15 7.52 5.11 1.31 1.02 1.53 1.90 3.80 4.09 3.07 4.53 4.59 2.14 0.00 0.00 0.00 9.71 8.82 7.38 9.07 0.00 0.00 0.00 0.00 0.00 0.00 0.00 0.00 0.00 0.00 0.00 0.00 0.00 0.00 0.00 0.00 0.00
5.69 4.67 1.61 0.00 0.00 2.70 0.00 0.00 0.00 0.00 3.21 0.00 2.19 0.00 3.14 4.74 3.65 3.65 3.65 4.89 5.33 4.45 5.04 5.18 4.96 5.18 4.67 4.02 3.65 3.94 4.23 5.33 5.99 5.91 6.86 5.69 7.01 6.64 4.96 5.40 4.89 5.04 4.45 4.45 5.91 8.69 6.42 6.86 11.17 7.45 6.42 6.79 6.50 4.96 4.67 6.28 3.65 1.75 0.66 1.17 0.00 0.00 0.00 12.05 15.99 12.70 10.05 11.03 10.68 0.00 0.00 0.00 0.00 0.00 0.00 0.00 0.00 0.00 0.00 0.00 0.00 0.00 0.00 0.00
0.00 0.00 0.00 0.00 4.31 4.31 0.00 0.00 0.00 4.31 0.00 0.00 0.00 0.00 0.00 2.41 0.00 0.00 0.00 0.00 3.87 3.58 0.00 4.02 4.02 3.50 3.72 3.14 2.92 2.56 4.45 3.94 0.00 0.00 6.13 4.45 4.82 5.48 5.33 0.00 0.00 0.00 0.00 0.00 1.17 1.90 1.10 3.65 4.74 4.74 5.91 9.86 15.33 13.94 11.97 11.32 6.20 1.97 1.03 1.47 0.00 0.00 0.00 5.02 8.06 11.84 13.65 10.73 10.78 0.00 0.00 0.00 0.00 0.00 0.00 0.00 0.00 0.00 0.00 0.00 0.00 0.00 0.00 0.00
1.17 3.94 4.09 0.00 0.00 0.00 3.94 5.33 7.15 0.00 2.77 0.00 4.16 4.16 0.00 0.00 0.00 3.50 3.50 0.00 0.00 2.99 3.14 0.00 2.41 2.92 0.00 0.00 0.00 3.14 4.02 0.00 0.00 2.99 4.31 4.53 4.53 0.00 3.94 0.00 0.00 0.00 4.23 4.23 2.48 0.66 0.00 2.41 4.09 4.02 3.80 6.94 13.72 16.28 16.72 14.31 12.41 9.64 3.43 0.67 0.00 0.00 0.00 2.42 4.84 6.35 10.63 8.54 8.54 0.00 0.00 0.00 0.00 0.00 0.00 0.00 0.00 0.00 0.00 0.00 0.00 0.00 0.00 0.00
0.00 0.00 0.00 0.00 0.00 0.00 2.19 2.41 0.00 3.36 0.00 0.00 3.43 0.00 0.00 0.00 3.36 4.02 4.02 3.72 3.14 4.82 4.31 2.99 3.94 0.00 0.00 0.00 0.00 0.00 0.00 0.00 0.00 4.16 4.82 3.07 0.00 0.00 0.00 0.00 0.00 0.00 2.63 2.63 3.94 3.80 1.24 1.90 5.33 10.22 6.94 4.89 6.94 10.44 17.16 18.54 20.96 21.90 15.40 4.31 2.26 0.00 0.00 0.00 0.00 0.00 0.00 1.97 1.97 0.00 0.00 10.89 11.34 0.00 0.00 0.00 0.00 0.00 0.00 0.00 0.00 0.00 0.00 0.00
2.48 0.58 2.34 1.90 0.00 0.00 0.00 0.00 0.00 8.40 0.00 0.00 0.00 0.00 0.00 0.00 3.94 3.87 3.87 4.67 3.94 4.02 3.43 2.70 0.00 4.16 4.16 0.00 0.00 0.00 0.00 0.00 0.00 3.72 3.43 2.19 0.00 0.00 0.00 0.00 0.00 0.00 2.77 2.77 1.39 2.26 3.94 2.70 5.77 12.12 9.64 7.59 8.19 8.65 14.06 16.97 17.69 19.64 22.19 21.68 13.21 6.90 0.00 0.00 0.00 11.29 0.00 0.00 0.00 0.00 0.00 0.00 9.76 9.51 0.00 0.00 0.00 0.00 0.00 0.00 0.00 0.00 0.00 0.00
6.86 5.40 4.16 2.85 0.00 0.00 0.00 0.00 0.00 0.00 0.00 0.00 0.00 0.00 0.00 0.00 0.00 2.41 2.41 2.34 0.00 0.00 6.64 8.83 0.00 2.70 4.74 0.00 2.34 0.00 0.00 0.00 0.00 3.21 3.29 0.00 1.68 0.00 0.00 0.00 0.00 0.00 2.41 2.41 2.41 2.63 5.33 5.04 8.10 11.46 14.16 13.14 10.44 8.18 14.84 18.21 17.75 17.91 15.12 16.15 12.91 8.22 6.94 0.00 0.00 8.03 0.00 0.00 0.00 0.00 0.00 0.00 0.00 0.00 0.00 0.00 7.82 0.00 0.00 0.00 0.00 0.00 0.00 0.00
10.15 6.94 7.52 6.20 3.43 10.07 5.18 0.00 0.00 0.00 0.00 0.00 0.00 0.00 0.00 0.00 0.00 0.00 0.00 0.00 0.00 0.00 0.00 14.82 2.99 2.04 3.43 0.00 0.00 0.00 0.00 0.00 0.00 3.21 4.09 0.00 0.00 0.00 0.00 0.00 0.00 0.00 3.80 3.80 0.00 4.53 7.96 8.03 9.42 14.45 16.72 15.40 11.83 13.28 11.25 11.76 9.28 14.37 17.65 18.77 17.13 12.55 7.22 3.48 0.00 0.00 0.00 0.00 0.00 0.00 0.00 0.00 0.00 0.00 0.00 0.00 0.00 0.00 0.00 0.00 0.00 0.00 0.00 0.00
14.67 5.11 7.37 7.52 5.91 10.44 10.00 9.42 6.57 6.35 0.00 0.00 0.00 0.00 0.00 0.00 0.00 0.00 0.00 0.00 0.00 0.00 0.00 0.00 0.00 0.00 3.50 2.48 1.97 0.00 0.00 0.00 0.00 0.00 0.00 0.00 0.00 0.00 0.00 0.00 9.64 11.90 11.97 11.97 12.34 10.29 7.52 7.81 11.02 14.23 20.55 22.46 21.17 21.66 17.82 11.30 12.05 10.07 12.81 11.92 13.28 18.06 18.35 10.00 3.04 0.00 0.00 0.00 0.00 0.00 0.00 0.00 0.00 0.00 0.00 0.00 0.00 0.00 0.00 0.00 0.00 0.00 0.00 0.00
12.05 6.42 7.15 11.39 11.61 18.32 24.38 24.24 19.93 18.40 10.44 10.00 6.20 0.00 0.00 0.00 0.00 0.00 0.00 0.00 3.50 3.87 3.87 0.00 2.41 2.70 1.46 2.34 0.00 4.09 5.18 1.90 2.77 3.87 0.00 0.00 0.80 3.58 9.71 10.95 8.98 12.92 12.26 12.26 17.81 12.56 13.80 16.06 17.23 19.27 18.66 13.84 8.76 8.44 7.34 7.67 14.45 18.08 20.97 18.78 14.09 9.00 14.99 17.23 9.71 8.29 4.07 0.00 0.00 0.00 0.00 0.00 7.72 14.36 13.78 6.50 0.00 0.00 0.00 0.00 0.00 0.00 0.00 0.00
12.70 11.24 13.21 15.55 15.18 19.42 24.67 28.69 25.19 15.48 6.42 7.88 7.66 6.13 6.57 6.42 6.13 3.58 3.58 2.99 3.43 4.23 0.00 2.56 4.09 4.82 4.67 4.53 4.23 4.23 6.79 7.37 7.96 11.46 8.32 4.96 9.78 13.14 8.25 6.13 7.30 10.95 13.51 13.51 17.74 17.96 17.81 16.28 12.72 15.82 15.88 10.24 8.85 4.13 3.03 1.70 5.31 8.29 11.57 16.27 18.66 15.66 13.07 10.84 4.23 8.47 7.12 0.00 0.00 0.00 0.00 0.00 4.66 11.54 15.76 8.98 0.00 0.00 0.00 0.00 0.00 0.00 0.00 0.00
13.14 13.21 12.05 9.93 12.26 13.65 18.03 24.24 24.75 10.88 0.00 0.00 6.35 10.15 10.37 7.81 5.11 5.84 5.84 2.48 0.00 3.43 2.92 3.65 3.14 3.43 2.19 2.41 2.92 4.23 6.13 8.54 11.02 15.84 13.72 10.07 15.70 8.03 3.50 4.09 4.23 5.55 4.45 4.45 11.24 12.19 12.78 10.10 11.52 13.00 8.44 7.63 10.54 10.85 7.72 3.84 2.48 5.90 6.89 13.74 19.55 22.50 13.80 3.87 2.26 6.85 10.13 0.00 0.00 0.00 0.00 0.00 18.25 19.70 24.33 17.48 6.64 0.00 0.00 0.00 0.00 0.00 0.00 0.00
10.15 10.66 8.76 0.00 10.37 9.13 11.46 18.12 20.37 10.73 0.00 0.00 2.92 5.55 8.03 7.08 6.35 5.84 5.84 0.00 0.00 3.58 3.07 3.80 4.02 3.80 1.10 1.83 3.14 5.62 7.74 7.37 7.30 10.37 12.41 13.29 12.63 9.27 6.13 5.18 3.30 0.51 4.23 4.23 9.78 9.34 8.91 14.16 14.09 12.22 8.35 10.10 10.06 14.21 10.58 8.76 2.65 2.78 4.89 8.94 11.16 19.44 18.42 19.42 9.71 1.54 6.98 7.54 7.26 0.00 0.00 0.00 16.94 17.83 16.21 12.65 14.60 4.43 0.00 0.00 0.00 0.00 0.00 0.00
0.00 0.00 0.00 0.00 0.00 6.35 10.88 14.60 14.97 10.80 6.35 0.00 0.00 0.00 0.00 0.00 4.31 4.53 4.53 0.00 2.26 2.48 3.14 2.99 3.07 2.19 1.24 2.99 3.14 3.07 4.31 8.61 3.50 5.91 8.10 10.73 7.66 10.22 7.01 2.92 7.08 10.29 11.61 11.61 14.89 9.13 16.28 17.67 17.08 15.33 15.56 13.68 11.16 8.16 10.27 11.31 0.00 0.00 6.90 10.68 7.94 13.06 17.71 24.75 21.20 8.20 10.33 11.38 11.45 6.15 0.00 0.00 9.35 9.90 7.98 0.00 0.00 0.00 0.00 0.00 0.00 0.00 9.82 0.00
0.00 0.00 0.00 0.00 0.00 9.42 15.48 19.42 15.40 8.25 9.93 5.33 5.11 0.00 0.00 0.00 0.00 0.00 0.00 0.00 0.00 1.17 0.88 0.00 0.00 0.00 0.00 1.46 2.19 1.31 1.46 2.26 0.00 2.27 4.67 9.20 3.21 3.94 0.00 0.00 4.53 4.60 7.59 7.59 7.78 6.79 15.11 12.99 13.64 13.70 14.33 14.25 14.28 10.54 0.00 0.00 0.00 0.00 0.00 10.95 9.26 10.04 14.92 17.31 17.15 18.42 9.65 8.32 9.73 10.00 0.00 0.00 0.00 0.00 0.00 0.00 0.00 0.00 0.00 0.00 0.00 9.76 12.65 0.00
0.00 0.00 0.00 0.00 0.00 0.00 10.73 12.78 16.06 10.95 9.71 0.00 8.40 8.03 0.00 0.00 6.42 4.23 4.23 0.00 2.19 0.00 0.00 0.00 0.07 0.66 0.29 0.22 0.00 0.00 0.00 0.00 0.00 0.00 0.59 1.17 1.46 0.00 0.00 0.00 0.00 0.66 0.22 0.22 2.63 4.23 2.35 4.71 7.13 9.76 11.25 6.81 7.02 0.00 0.00 0.00 0.00 0.00 0.00 12.57 12.26 8.31 10.84 17.33 15.46 20.74 20.26 3.61 4.04 17.05 0.00 0.00 0.00 0.00 0.00 0.00 0.00 0.00 0.00 0.00 0.00 12.28 13.92 0.00
0.00 0.00 0.00 0.00 0.00 0.00 0.00 9.27 12.48 11.53 9.13 7.81 13.72 14.89 14.67 17.12 16.74 9.56 9.56 0.00 4.23 0.00 0.00 0.00 0.00 0.00 0.00 0.00 0.00 0.00 0.00 0.00 0.00 0.00 0.00 0.00 4.89 0.00 0.00 0.00 0.07 1.31 4.67 4.67 4.96 2.41 2.56 4.72 8.79 15.17 20.05 12.53 0.00 0.00 0.00 0.00 0.00 0.00 0.00 0.00 13.17 13.77 6.73 12.13 16.86 15.54 22.21 9.17 9.37 13.49 12.07 0.00 0.00 0.00 0.00 0.00 0.00 0.00 0.00 0.00 0.00 0.00 0.00 0.00
0.00 0.00 0.00 0.00 0.00 0.00 0.00 0.00 10.88 6.35 5.26 12.63 13.43 12.19 13.43 14.97 15.99 15.41 14.37 7.88 6.35 5.40 2.41 0.00 0.00 0.00 4.60 0.00 0.00 0.00 0.00 0.00 0.00 0.00 0.00 0.00 0.00 0.00 0.00 5.33 6.86 4.53 4.89 4.89 3.36 1.39 3.01 10.27 15.45 16.81 17.40 0.00 0.00 0.00 0.00 0.00 0.00 0.00 0.00 0.00 0.00 13.77 9.58 5.82 12.34 18.22 24.26 21.08 25.76 11.25 7.88 0.00 0.00 0.00 0.00 0.00 9.89 0.00 0.00 0.00 0.00 0.00 0.00 0.00
0.00 0.00 0.00 0.00 0.00 0.00 0.00 0.00 0.00 0.00 0.00 0.00 0.00 0.00 0.00 0.00 3.36 8.71 8.85 15.11 15.77 14.97 9.34 8.69 8.76 7.88 5.69 0.00 0.00 0.00 0.00 0.00 0.00 0.00 5.91 9.78 7.74 6.94 7.96 6.31 8.58 11.43 11.83 11.83 8.40 3.80 6.06 7.78 5.20 0.00 0.00 0.00 0.00 0.00 0.00 0.00 0.00 0.00 0.00 0.00 0.00 0.00 0.00 0.00 17.57 18.41 9.78 11.81 13.21 0.00 0.00 0.00 0.00 0.00 0.00 0.00 0.00 0.00 0.00 0.00 0.00 0.00 0.00 0.00
0.00 0.00 0.00 0.00 0.00 0.00 0.00 0.00 0.00 0.00 0.00 0.00 0.00 0.00 0.00 0.00 0.00 0.00 0.00 5.84 9.03 10.52 13.07 14.45 14.67 8.08 10.33 10.37 12.92 10.51 8.32 7.74 6.06 4.31 9.05 13.51 15.11 17.45 15.84 4.53 10.49 16.56 13.72 15.33 15.62 13.07 11.24 9.66 0.00 0.00 0.00 0.00 0.00 0.00 0.00 0.00 0.00 0.00 0.00 0.00 0.00 0.00 0.00 0.00 0.00 0.00 0.00 0.00 0.00 0.00 0.00 0.00 0.00 0.00 0.00 0.00 0.00 0.00 0.00 0.00 0.00 0.00 0.00 0.00
0.00 0.00 0.00 0.00 0.00 0.00 0.00 0.00 0.00 0.00 0.00 0.00 0.00 0.00 0.00 0.00 0.00 0.00 0.00 0.00 0.00 2.41 10.15 11.10 13.51 2.42 9.09 13.94 15.62 10.80 7.15 14.31 12.15 11.24 6.13 6.20 15.84 15.77 0.00 0.00 0.00 0.00 10.82 13.74 20.99 16.14 10.45 0.00 0.00 0.00 0.00 0.00 0.00 0.00 0.00 0.00 0.00 0.00 0.00 0.00 0.00 0.00 0.00 0.00 0.00 0.00 0.00 0.00 0.00 0.00 0.00 0.00 0.00 0.00 0.00 0.00 0.00 0.00 0.00 0.00 0.00 0.00 0.00 0.00
0.00 0.00 0.00 0.00 0.00 0.00 0.00 0.00 0.00 0.00 0.00 0.00 0.00 0.00 0.00 0.00 0.00 0.00 0.00 0.00 0.00 0.00 0.00 0.15 1.83 0.00 2.63 3.43 9.13 2.26 1.61 10.76 13.21 0.00 0.00 0.00 0.00 5.33 0.00 0.00 0.00 0.00 0.00 0.00 0.00 0.00 0.00 0.00 0.00 0.00 0.00 0.00 0.00 0.00 0.00 0.00 0.00 0.00 0.00 0.00 0.00 0.00 0.00 0.00 0.00 0.00 0.00 0.00 0.00 0.00 0.00 0.00 0.00 0.00 0.00 0.00 0.00 0.00 0.00 0.00 0.00 0.00 0.00 0.00
