Wansh/Snow_depth/snowdepth-1987/spring/1987085.txt
ncols 321
nrows 161
xllcenter 60
yllcenter 15 
cellsize  0.25 
NODATA_value -1
[rows 0 to 36 of 161, columns 0 to 83 of 321]
21.61 21.61 27.59 27.74 26.43 27.30 27.96 26.86 27.81 27.52 26.86 25.62 25.70 27.01 27.08 26.35 26.13 25.92 27.38 28.18 25.99 25.11 24.97 25.11 27.01 26.72 26.72 27.45 28.69 28.98 27.67 28.40 27.45 27.38 25.92 23.07 23.87 22.34 19.93 22.12 20.22 18.47 18.03 19.86 21.24 21.97 22.63 24.45 24.82 23.94 23.51 23.51 22.41 23.94 27.74 27.16 27.23 28.98 30.30 29.13 29.64 30.15 31.24 30.37 30.30 29.49 28.11 25.92 25.04 24.31 23.43 24.02 26.79 27.52 29.64 30.73 30.73 31.39 31.61 29.93 29.86 30.37 29.35 29.78
29.64 29.64 28.40 28.91 29.57 27.89 27.01 26.50 26.43 26.65 26.94 25.48 27.16 28.40 27.52 25.62 27.38 27.52 26.72 25.70 25.77 25.04 24.24 25.40 26.28 25.99 25.99 25.70 24.97 25.26 25.26 24.82 22.78 23.21 19.27 20.44 21.46 19.93 19.05 17.52 17.08 15.33 14.67 14.09 15.04 16.57 16.43 18.25 21.02 20.37 21.02 21.02 21.17 21.97 22.85 23.65 25.11 27.45 26.13 26.43 26.50 27.67 25.19 25.40 24.16 23.80 22.19 19.13 18.03 18.76 21.17 24.53 27.38 29.35 31.24 30.30 30.30 31.32 32.34 32.05 31.61 30.44 28.69 26.50
29.05 29.05 27.38 28.40 29.35 26.50 25.19 25.19 25.11 24.02 24.75 24.38 26.72 28.32 28.18 25.11 26.35 25.84 24.31 23.80 24.53 25.33 25.55 25.77 24.24 21.46 21.46 22.34 22.12 22.85 23.51 22.92 21.75 22.27 19.93 19.86 18.98 18.76 18.10 16.64 16.13 15.62 15.04 15.11 14.24 14.31 16.72 17.67 19.13 18.18 18.76 18.76 20.29 20.81 21.68 22.92 23.65 24.02 23.94 24.60 23.73 23.14 23.21 22.92 23.00 22.12 22.63 24.02 24.45 26.35 27.30 26.94 28.11 28.32 29.05 29.71 29.71 30.59 30.00 29.13 29.42 30.08 26.28 26.65
29.05 29.05 27.38 28.40 29.35 26.50 25.19 25.19 25.11 24.02 24.75 24.38 26.72 28.32 28.18 25.11 26.35 25.84 24.31 23.80 24.53 25.33 25.55 25.77 24.24 21.46 21.46 22.34 22.12 22.85 23.51 22.92 21.75 22.27 19.93 19.86 18.98 18.76 18.10 16.64 16.13 15.62 15.04 15.11 14.24 14.31 16.72 17.67 19.13 18.18 18.76 18.76 20.29 20.81 21.68 22.92 23.65 24.02 23.94 24.60 23.73 23.14 23.21 22.92 23.00 22.12 22.63 24.02 24.45 26.35 27.30 26.94 28.11 28.32 29.05 29.71 29.71 30.59 30.00 29.13 29.42 30.08 26.28 26.65
26.13 26.13 24.02 24.38 25.62 26.21 25.70 24.16 24.02 23.80 23.00 23.43 25.70 27.30 24.09 24.31 25.04 23.87 22.48 23.73 23.21 23.73 26.06 22.63 21.02 21.46 21.46 21.68 21.32 20.73 23.07 23.73 22.70 23.51 21.46 20.95 19.49 20.44 21.61 20.37 18.18 16.79 15.26 14.60 14.53 13.87 14.02 15.04 16.28 16.35 16.43 16.43 17.59 19.05 19.93 21.24 21.83 22.34 21.97 22.63 23.21 23.00 22.12 22.41 22.63 22.05 21.39 22.78 23.87 24.60 25.04 25.04 24.31 26.28 26.57 25.70 25.70 26.94 26.65 24.75 25.84 23.36 22.78 21.02
24.97 24.97 24.38 23.21 24.09 24.89 23.94 23.80 25.11 24.75 24.82 25.04 23.58 25.19 24.16 23.51 25.11 24.24 23.43 22.70 22.27 24.02 24.82 22.92 21.75 21.39 21.39 21.32 22.56 24.45 26.35 27.67 27.96 24.24 23.00 21.39 18.76 18.61 18.69 18.03 16.72 16.64 15.84 16.06 15.48 15.11 13.94 14.09 15.11 14.09 13.14 13.14 13.87 14.53 15.84 16.13 15.48 16.64 17.45 18.40 20.59 22.63 22.56 22.78 23.14 22.92 22.27 21.90 21.46 20.81 21.83 22.48 22.27 22.85 21.90 21.53 21.53 22.48 23.00 23.65 22.34 21.68 22.34 21.53
22.05 22.05 21.39 22.63 23.07 23.00 24.60 24.82 27.01 27.38 27.81 26.86 26.43 25.04 24.75 24.45 23.51 24.67 24.60 22.34 22.41 24.31 24.45 22.27 21.46 21.97 21.97 21.97 22.92 24.97 26.35 26.57 23.58 24.89 23.21 21.17 18.47 19.49 18.98 17.30 15.55 15.62 15.55 15.77 16.21 15.26 15.62 17.89 16.43 16.64 15.99 15.99 13.58 14.02 17.45 17.37 15.99 15.70 16.86 17.52 18.83 21.46 21.61 21.24 20.37 19.64 18.25 19.27 18.83 18.03 16.64 16.28 17.16 15.62 15.91 17.16 17.16 18.40 19.42 22.41 20.08 22.12 21.32 18.69
22.05 22.05 21.39 22.63 23.07 23.00 24.60 24.82 27.01 27.38 27.81 26.86 26.43 25.04 24.75 24.45 23.51 24.67 24.60 22.34 22.41 24.31 24.45 22.27 21.46 21.97 21.97 21.97 22.92 24.97 26.35 26.57 23.58 24.89 23.21 21.17 18.47 19.49 18.98 17.30 15.55 15.62 15.55 15.77 16.21 15.26 15.62 17.89 16.43 16.64 15.99 15.99 13.58 14.02 17.45 17.37 15.99 15.70 16.86 17.52 18.83 21.46 21.61 21.24 20.37 19.64 18.25 19.27 18.83 18.03 16.64 16.28 17.16 15.62 15.91 17.16 17.16 18.40 19.42 22.41 20.08 22.12 21.32 18.69
21.17 21.17 22.70 24.38 25.84 25.19 26.57 28.47 27.38 27.81 29.57 25.11 22.63 23.36 22.92 23.80 23.00 23.36 23.21 22.34 22.85 22.19 22.34 21.97 21.02 20.51 20.51 20.29 21.61 21.46 23.00 22.34 21.17 20.44 19.78 17.08 16.06 15.55 14.82 12.78 8.32 9.71 12.41 14.38 15.99 16.43 16.86 16.64 17.01 17.52 16.64 16.64 15.04 12.70 12.78 12.70 14.82 14.67 14.09 15.04 15.84 17.45 18.18 18.03 18.47 19.05 18.03 17.52 15.70 14.31 13.14 13.58 16.13 15.70 15.77 16.21 16.21 15.11 15.48 11.83 15.91 18.91 18.54 17.74
22.19 22.19 22.70 23.00 23.36 22.70 23.73 26.06 24.24 23.73 20.22 19.64 20.08 21.97 24.09 22.56 22.48 22.92 20.15 16.72 18.25 19.49 20.44 21.75 20.88 19.49 19.49 20.44 19.93 22.48 20.44 19.49 20.73 19.56 16.79 16.28 14.67 15.48 13.58 13.36 14.53 12.48 12.05 15.04 15.33 13.94 14.02 15.55 16.86 17.37 15.99 15.99 14.38 13.21 11.68 12.26 13.29 13.51 13.58 15.70 15.70 15.55 15.62 15.99 15.84 17.23 18.25 17.67 14.60 13.87 13.07 13.29 13.87 14.53 16.13 18.69 18.69 14.24 14.75 15.62 15.91 16.43 16.64 16.43
19.49 19.49 20.88 21.97 22.92 21.46 21.02 21.02 20.00 17.89 17.81 20.44 21.90 21.90 21.75 20.00 20.29 18.83 16.13 15.55 15.40 17.16 16.79 17.30 17.01 17.16 17.16 16.94 16.86 16.21 14.53 14.38 16.86 16.43 15.26 14.45 12.92 13.94 13.72 13.36 12.48 12.85 12.56 11.10 12.05 12.92 13.36 14.53 14.45 12.78 12.12 12.12 12.26 12.99 12.70 12.78 13.07 15.40 16.86 16.64 14.45 12.41 13.51 13.72 13.51 13.36 14.97 15.70 16.86 17.23 15.91 14.09 15.26 15.40 18.61 19.78 19.78 14.82 13.80 14.67 12.78 14.38 16.13 16.06
19.49 19.49 20.88 21.97 22.92 21.46 21.02 21.02 20.00 17.89 17.81 20.44 21.90 21.90 21.75 20.00 20.29 18.83 16.13 15.55 15.40 17.16 16.79 17.30 17.01 17.16 17.16 16.94 16.86 16.21 14.53 14.38 16.86 16.43 15.26 14.45 12.92 13.94 13.72 13.36 12.48 12.85 12.56 11.10 12.05 12.92 13.36 14.53 14.45 12.78 12.12 12.12 12.26 12.99 12.70 12.78 13.07 15.40 16.86 16.64 14.45 12.41 13.51 13.72 13.51 13.36 14.97 15.70 16.86 17.23 15.91 14.09 15.26 15.40 18.61 19.78 19.78 14.82 13.80 14.67 12.78 14.38 16.13 16.06
18.40 18.40 18.69 18.76 19.56 18.98 20.37 20.88 17.37 17.45 17.16 18.76 20.66 20.08 18.03 16.72 17.67 18.25 17.01 14.31 13.21 12.99 14.02 15.77 14.89 14.24 14.24 13.51 13.72 13.51 11.61 13.14 11.61 11.83 12.70 13.94 12.92 12.92 13.21 12.99 12.78 13.21 13.94 11.83 12.19 12.92 12.12 9.34 9.34 9.42 11.10 11.10 11.90 12.92 11.90 12.63 14.24 15.40 15.40 17.30 16.50 12.99 13.36 16.06 17.81 19.42 16.50 14.82 15.77 12.92 11.68 12.99 14.31 14.02 13.21 9.71 9.71 14.16 14.31 15.04 17.74 16.13 11.97 10.66
18.10 18.10 18.47 19.05 19.05 19.42 18.25 18.47 15.99 13.94 15.26 17.52 17.52 17.45 16.35 15.84 17.01 15.84 14.24 13.80 14.53 14.02 13.29 13.51 12.92 12.34 12.34 11.32 13.29 13.58 10.66 10.00 9.20 10.00 10.37 11.53 12.05 9.86 11.24 11.90 12.63 12.78 13.07 12.63 11.02 9.49 6.13 5.18 6.50 7.23 8.40 8.40 9.71 10.66 12.12 13.07 14.16 13.07 12.48 14.53 12.12 6.28 6.35 12.19 17.67 20.22 18.54 17.52 15.84 12.99 11.68 12.78 14.45 15.18 14.53 14.45 14.45 13.65 13.36 14.31 13.36 12.05 9.34 10.07
17.16 17.16 18.91 17.23 16.79 17.16 16.72 15.77 15.18 15.11 14.45 15.99 17.96 17.59 16.21 16.64 17.30 13.43 13.43 13.51 13.29 12.70 12.48 12.56 12.05 12.41 12.41 12.85 13.36 7.01 8.03 6.72 7.45 6.50 6.64 9.27 10.15 10.29 11.02 10.80 11.24 10.88 11.02 13.36 12.85 11.61 9.27 7.45 8.18 8.91 9.34 9.34 9.64 10.59 12.12 14.53 13.65 12.26 12.63 14.09 14.67 13.36 12.99 14.75 14.02 13.65 14.45 15.77 15.55 14.67 15.11 14.31 13.58 13.51 15.84 15.77 15.77 13.80 12.63 12.99 10.95 11.24 13.21 11.83
16.13 16.13 17.89 17.52 17.89 17.52 14.45 14.60 15.11 16.13 15.04 14.24 14.67 12.26 10.80 12.48 13.58 13.94 13.80 14.53 13.72 12.41 12.56 14.82 14.31 13.80 13.80 12.70 11.46 9.78 8.98 8.18 8.61 7.88 7.52 8.32 9.05 8.61 9.13 9.49 10.00 9.34 8.98 11.53 12.12 9.93 7.59 6.79 8.54 8.47 9.13 9.13 8.40 8.76 9.93 9.34 9.64 12.63 14.89 15.70 16.06 13.51 13.21 13.14 14.24 13.58 14.24 13.87 14.24 15.33 16.43 15.84 15.70 17.08 16.94 16.35 16.35 15.99 15.18 14.60 15.26 13.36 12.92 11.10
16.13 16.13 17.89 17.52 17.89 17.52 14.45 14.60 15.11 16.13 15.04 14.24 14.67 12.26 10.80 12.48 13.58 13.94 13.80 14.53 13.72 12.41 12.56 14.82 14.31 13.80 13.80 12.70 11.46 9.78 8.98 8.18 8.61 7.88 7.52 8.32 9.05 8.61 9.13 9.49 10.00 9.34 8.98 11.53 12.12 9.93 7.59 6.79 8.54 8.47 9.13 9.13 8.40 8.76 9.93 9.34 9.64 12.63 14.89 15.70 16.06 13.51 13.21 13.14 14.24 13.58 14.24 13.87 14.24 15.33 16.43 15.84 15.70 17.08 16.94 16.35 16.35 15.99 15.18 14.60 15.26 13.36 12.92 11.10
16.64 16.64 18.25 16.57 16.57 11.46 10.80 11.83 14.09 13.58 12.48 12.12 12.26 13.72 13.21 13.72 14.67 15.62 14.75 14.75 13.58 13.36 13.58 13.65 13.72 12.85 12.85 11.24 7.59 9.34 9.71 8.69 9.71 8.10 7.30 6.79 7.66 8.54 9.78 11.46 11.61 10.37 9.78 10.95 11.75 9.78 7.81 7.37 10.44 11.32 11.02 11.02 10.44 10.80 12.85 13.72 14.60 14.53 15.11 15.62 13.14 10.66 9.34 8.76 8.25 10.37 12.34 11.32 12.12 13.80 15.77 16.94 18.76 19.20 18.76 19.35 19.35 20.95 17.89 14.09 13.94 15.40 14.02 12.41
16.35 16.35 14.24 14.89 13.94 8.32 9.20 11.90 13.14 13.51 12.19 12.48 14.67 15.84 16.50 16.72 17.23 17.81 17.16 15.91 14.89 12.92 13.51 12.63 12.92 11.83 11.83 10.07 8.61 7.88 9.42 10.00 10.07 9.20 7.66 6.50 10.51 9.34 9.42 10.22 11.17 10.29 11.02 10.51 10.66 10.07 10.95 12.56 13.36 12.41 12.92 12.92 13.87 14.38 13.72 13.65 15.11 14.53 12.92 11.32 10.73 13.51 14.09 7.88 0.00 2.85 2.04 0.73 9.05 13.07 15.18 16.64 18.76 19.93 18.47 18.76 18.76 19.49 22.05 17.08 13.94 14.53 12.34 13.14
16.50 16.50 16.57 17.16 13.14 12.41 10.88 12.05 13.72 14.38 14.24 15.33 15.40 15.99 17.74 17.96 18.32 17.59 17.59 16.35 14.60 14.24 13.07 12.26 10.95 9.56 9.56 9.05 8.61 9.20 10.66 10.59 9.56 8.32 7.23 4.16 8.91 10.66 9.27 9.05 9.78 9.71 9.93 11.53 12.19 9.05 10.88 14.75 14.45 13.14 13.72 13.72 17.23 19.27 18.54 17.67 16.86 13.43 13.80 11.53 10.95 15.62 17.45 13.80 8.91 4.60 0.00 0.66 2.77 8.18 17.74 10.07 12.78 16.64 17.52 17.67 17.67 17.01 16.57 18.32 19.27 17.81 18.10 16.79
18.98 18.98 19.20 14.53 14.09 13.14 13.65 15.55 16.57 16.86 17.08 16.28 16.64 17.96 18.76 17.30 16.57 16.06 16.21 15.26 13.94 12.78 11.97 11.24 9.93 9.78 9.78 10.07 11.10 11.61 10.88 11.90 11.39 9.93 10.00 10.44 12.48 13.21 13.65 12.48 11.61 12.05 12.19 12.19 8.10 6.64 8.18 10.59 12.48 11.61 11.53 11.53 14.45 15.77 17.89 16.57 15.33 18.54 18.69 19.86 20.08 20.51 19.93 17.52 11.53 7.88 7.88 11.53 6.86 5.11 6.35 6.86 7.66 14.97 18.69 20.51 20.51 19.71 19.64 18.83 17.81 17.52 16.57 15.99
20.66 20.66 21.46 15.11 15.33 16.43 17.81 19.49 20.59 18.69 18.32 17.89 16.72 16.86 15.70 13.36 13.72 12.70 11.68 13.58 13.36 11.97 11.97 11.24 11.10 11.61 11.61 10.51 10.15 10.37 11.02 11.24 10.59 9.86 12.26 12.85 13.51 13.80 11.83 11.24 11.02 9.86 9.86 8.69 5.11 0.00 0.00 0.00 8.91 10.44 12.63 12.63 16.43 16.35 16.86 17.23 16.79 17.01 18.76 19.35 19.13 16.72 13.14 13.43 13.94 13.29 13.58 11.97 12.63 7.37 12.12 12.41 12.56 15.77 21.75 23.51 23.51 23.21 22.41 20.95 20.37 19.13 16.50 15.99
20.66 20.66 21.46 15.11 15.33 16.43 17.81 19.49 20.59 18.69 18.32 17.89 16.72 16.86 15.70 13.36 13.72 12.70 11.68 13.58 13.36 11.97 11.97 11.24 11.10 11.61 11.61 10.51 10.15 10.37 11.02 11.24 10.59 9.86 12.26 12.85 13.51 13.80 11.83 11.24 11.02 9.86 9.86 8.69 5.11 0.00 0.00 0.00 8.91 10.44 12.63 12.63 16.43 16.35 16.86 17.23 16.79 17.01 18.76 19.35 19.13 16.72 13.14 13.43 13.94 13.29 13.58 11.97 12.63 7.37 12.12 12.41 12.56 15.77 21.75 23.51 23.51 23.21 22.41 20.95 20.37 19.13 16.50 15.99
22.78 22.78 19.49 16.28 17.67 19.20 19.05 18.18 20.22 19.42 17.74 17.59 16.50 13.43 11.90 10.29 12.63 13.80 14.67 15.33 13.65 12.70 12.41 11.61 12.12 6.42 6.42 8.18 10.15 10.80 12.99 11.32 11.39 13.29 13.43 12.12 9.78 7.74 6.50 4.82 8.83 9.93 8.10 0.00 0.00 0.00 0.00 0.00 0.00 10.66 13.94 13.94 16.79 17.45 18.32 18.98 17.67 15.48 14.60 15.26 15.62 13.80 13.65 10.37 9.27 11.39 15.48 14.31 8.54 6.50 10.37 11.53 7.37 5.69 9.78 13.65 13.65 15.11 16.06 17.59 19.71 16.06 12.99 13.94
18.03 18.03 17.52 18.18 19.64 20.37 16.86 18.40 20.95 19.42 17.16 16.72 15.04 12.85 11.46 11.61 13.29 11.83 14.38 16.06 12.78 13.29 11.90 11.24 11.90 8.25 8.25 8.40 9.78 10.95 11.02 11.32 11.61 12.05 11.83 11.90 9.49 8.10 8.32 7.81 3.65 0.00 0.00 0.00 0.00 0.00 0.00 0.00 0.00 11.17 12.26 12.26 13.72 15.77 18.25 19.13 18.91 17.37 16.50 14.60 15.70 17.74 17.16 14.82 13.72 17.59 19.42 17.08 19.35 20.00 17.89 16.13 14.53 14.38 11.17 5.55 5.55 4.53 8.40 13.51 15.40 12.63 11.46 11.32
17.23 17.23 18.54 18.10 17.96 18.10 18.03 17.59 15.91 16.06 14.38 12.70 12.26 11.39 10.88 12.48 13.72 13.65 13.51 11.97 10.51 10.88 10.80 9.34 9.34 7.15 7.15 4.82 7.81 9.20 9.34 8.91 9.20 7.81 7.52 8.69 7.96 2.41 0.66 1.46 0.00 0.00 0.00 0.00 0.00 0.00 0.00 0.00 0.00 0.00 11.53 11.53 14.16 16.06 15.33 17.81 20.51 21.61 21.53 21.97 21.68 21.83 21.17 23.65 25.04 25.11 24.97 24.89 25.84 23.58 20.81 20.37 20.81 19.56 18.61 14.16 14.16 8.25 9.56 16.79 17.67 14.67 13.21 13.14
17.59 17.59 17.96 15.62 15.11 16.79 17.96 15.62 13.65 12.56 10.88 9.05 9.13 11.39 12.48 11.68 11.97 13.36 11.75 10.59 9.20 8.10 7.37 6.50 8.40 7.01 7.01 6.28 8.32 7.15 4.82 6.28 7.74 7.66 7.15 8.10 6.28 0.00 0.00 0.00 0.00 0.00 0.00 0.00 0.00 0.00 0.00 0.00 0.00 0.00 0.00 0.00 9.64 10.51 12.92 16.72 19.27 22.12 22.92 23.80 24.24 22.56 24.53 26.94 28.25 27.38 26.65 22.63 23.94 25.48 25.48 24.97 24.89 24.09 22.92 20.15 20.15 16.06 10.44 11.17 14.53 16.57 18.25 18.03
16.28 16.28 15.91 14.75 14.45 15.33 15.62 15.84 13.65 11.24 10.07 9.05 9.64 11.75 11.02 10.29 9.86 10.37 9.78 9.05 9.20 7.81 6.06 6.57 8.91 8.54 8.54 7.81 6.13 4.60 3.94 4.67 5.84 7.08 6.79 1.90 0.00 0.00 0.00 0.00 0.00 0.00 0.00 0.00 0.00 0.00 0.00 0.00 16.79 16.50 0.00 0.00 0.00 12.85 13.14 0.00 0.00 20.22 20.22 20.95 20.66 22.63 24.09 27.74 30.88 31.76 24.53 21.83 21.68 23.87 24.60 23.36 24.67 24.60 24.31 24.38 24.38 21.02 15.84 12.19 13.94 19.86 21.24 18.61
16.28 16.28 15.91 14.75 14.45 15.33 15.62 15.84 13.65 11.24 10.07 9.05 9.64 11.75 11.02 10.29 9.86 10.37 9.78 9.05 9.20 7.81 6.06 6.57 8.91 8.54 8.54 7.81 6.13 4.60 3.94 4.67 5.84 7.08 6.79 1.90 0.00 0.00 0.00 0.00 0.00 0.00 0.00 0.00 0.00 0.00 0.00 0.00 16.79 16.50 0.00 0.00 0.00 12.85 13.14 0.00 0.00 20.22 20.22 20.95 20.66 22.63 24.09 27.74 30.88 31.76 24.53 21.83 21.68 23.87 24.60 23.36 24.67 24.60 24.31 24.38 24.38 21.02 15.84 12.19 13.94 19.86 21.24 18.61
16.35 16.35 14.31 12.85 11.53 11.97 12.19 12.99 13.87 13.80 14.67 14.67 12.56 13.43 13.43 11.90 8.91 8.10 7.88 6.57 6.72 6.06 5.91 6.20 6.64 8.10 8.10 7.74 4.45 0.00 0.00 1.39 0.22 0.00 0.00 1.46 0.00 0.00 0.00 0.00 18.69 21.32 0.00 0.00 0.00 0.00 17.01 17.67 18.25 18.10 18.91 18.91 16.57 12.56 0.00 0.00 0.00 0.00 18.61 16.21 19.71 24.09 24.24 27.38 30.73 32.34 30.44 24.97 24.38 22.70 22.78 21.97 22.34 24.31 29.13 30.08 30.08 26.50 20.44 16.94 17.16 19.20 18.54 17.37
11.17 11.17 10.15 9.42 9.93 10.15 10.51 12.99 13.29 13.94 14.24 14.82 13.94 13.21 12.26 10.80 8.69 5.69 4.74 5.77 7.01 7.81 7.74 4.53 7.15 6.28 6.28 4.60 0.00 0.00 1.61 3.94 5.99 6.42 13.36 19.42 22.12 24.16 27.45 26.65 25.62 25.92 25.84 23.80 22.41 0.00 0.00 15.99 16.79 18.03 15.84 15.84 0.00 0.00 0.00 0.00 0.00 0.00 0.00 0.00 0.00 18.25 14.82 17.08 22.92 21.32 24.38 21.97 19.78 20.59 22.92 23.00 24.60 27.23 29.78 28.62 28.62 26.65 22.12 17.96 17.59 18.40 15.55 14.60
9.05 9.05 8.18 7.88 7.81 7.01 11.17 12.48 13.58 13.94 13.51 12.05 10.29 8.61 9.27 8.83 8.98 8.76 7.74 9.78 10.88 11.24 11.90 8.61 6.64 5.33 5.33 5.99 7.01 6.35 7.74 10.59 19.13 24.02 25.33 21.83 23.80 25.99 25.40 27.23 28.69 28.03 27.96 27.23 23.36 0.00 0.00 0.00 0.00 0.00 0.00 0.00 0.00 0.00 0.00 0.00 0.00 8.18 0.00 0.00 0.00 0.00 3.14 6.13 1.83 6.06 7.37 4.74 7.08 12.26 17.59 19.05 25.77 28.47 23.36 20.81 20.81 19.20 19.56 19.56 20.73 20.81 19.27 20.88
8.10 8.10 9.20 9.56 7.81 7.45 10.59 12.70 12.56 14.45 11.68 9.42 7.23 6.35 4.96 5.91 8.40 8.54 8.76 10.66 12.26 14.02 16.72 16.28 11.83 12.63 12.63 12.34 14.09 17.45 21.46 26.65 26.65 20.51 18.25 12.85 16.94 16.64 13.21 15.04 21.10 24.31 27.89 30.51 28.91 26.13 19.35 0.00 0.00 0.00 0.00 0.00 0.00 0.00 0.00 0.00 0.00 0.00 0.00 0.00 0.00 0.00 0.00 0.00 0.00 0.00 0.00 0.00 0.00 0.00 0.00 1.31 11.39 12.70 9.42 7.59 7.59 8.03 8.47 12.41 17.37 23.00 26.86 28.47
3.87 3.87 5.77 8.40 10.73 10.07 9.93 12.48 12.99 12.70 11.53 10.66 9.42 6.35 3.80 3.72 7.52 5.99 6.35 4.82 8.18 15.04 19.56 20.59 18.76 20.00 20.00 22.05 26.06 25.19 23.80 22.48 19.93 5.33 2.77 10.22 17.30 16.86 11.61 10.66 18.91 27.08 29.20 26.21 21.68 18.47 16.57 18.83 0.00 0.00 0.00 0.00 0.00 0.00 0.00 0.00 0.00 0.00 0.00 0.00 0.00 0.00 0.00 0.00 0.00 0.00 0.00 0.00 0.00 0.00 0.00 0.00 0.00 0.00 0.00 0.00 0.00 0.00 0.00 3.94 7.81 12.48 18.40 0.00
4.67 4.67 4.16 4.38 6.28 8.98 12.34 11.83 12.48 12.19 12.12 11.32 10.66 8.76 6.50 5.62 6.79 9.27 8.61 6.20 8.40 12.26 6.86 7.08 15.04 21.10 21.10 25.40 25.92 19.71 10.37 6.79 0.58 0.00 0.00 0.00 0.00 0.66 2.77 1.83 6.06 12.12 12.63 9.49 7.23 7.45 11.10 13.65 12.92 14.09 11.83 11.83 0.00 0.00 0.00 0.00 0.00 0.00 0.00 0.00 0.00 0.00 0.00 0.00 0.00 0.00 0.00 0.00 0.00 0.00 0.00 0.00 0.00 0.00 0.00 0.00 0.00 0.00 0.00 0.00 0.00 0.00 0.00 0.00
4.67 4.67 4.16 4.38 6.28 8.98 12.34 11.83 12.48 12.19 12.12 11.32 10.66 8.76 6.50 5.62 6.79 9.27 8.61 6.20 8.40 12.26 6.86 7.08 15.04 21.10 21.10 25.40 25.92 19.71 10.37 6.79 0.58 0.00 0.00 0.00 0.00 0.66 2.77 1.83 6.06 12.12 12.63 9.49 7.23 7.45 11.10 13.65 12.92 14.09 11.83 11.83 0.00 0.00 0.00 0.00 0.00 0.00 0.00 0.00 0.00 0.00 0.00 0.00 0.00 0.00 0.00 0.00 0.00 0.00 0.00 0.00 0.00 0.00 0.00 0.00 0.00 0.00 0.00 0.00 0.00 0.00 0.00 0.00
4.60 4.60 6.72 5.33 5.11 8.47 7.23 7.01 9.42 11.68 12.56 12.12 11.32 10.22 10.95 10.73 10.51 8.76 11.97 16.79 19.93 0.00 0.00 0.00 0.00 0.00 0.00 6.64 9.78 1.68 0.00 0.00 0.00 0.00 0.00 0.00 0.00 0.00 0.00 0.00 0.00 0.00 0.00 0.00 0.00 0.00 0.00 0.00 0.00 0.00 0.00 0.00 0.00 0.00 0.00 0.00 0.00 0.00 0.00 0.00 0.00 0.00 0.00 0.00 0.00 0.00 0.00 0.00 0.00 0.00 0.00 0.00 0.00 0.00 0.00 0.00 0.00 0.00 0.00 0.00 0.00 0.00 0.00 0.00
