Wansh/Snow_depth/snowdepth-1987/spring/1987082.txt
ncols 321
nrows 161
xllcenter 60
yllcenter 15 
cellsize  0.25 
NODATA_value -1
[rows 0 to 36 of 161, columns 0 to 83 of 321]
21.61 21.61 27.59 27.74 26.43 27.30 27.96 26.86 27.81 27.52 26.86 25.62 25.70 27.01 27.08 26.35 26.13 25.92 27.38 28.18 25.99 25.11 24.97 25.11 27.01 26.72 26.72 27.45 28.69 28.98 27.67 28.40 27.45 27.38 25.92 25.77 24.67 23.51 22.48 23.07 21.17 19.71 18.54 18.91 19.27 21.24 22.12 23.07 24.82 24.67 22.78 22.78 20.29 20.95 23.36 25.92 27.01 27.96 28.54 28.18 28.03 28.62 29.35 29.35 29.13 27.08 26.65 25.70 25.77 23.94 24.31 28.25 28.47 29.35 29.78 30.08 30.08 30.15 31.24 29.78 29.27 29.86 29.05 27.74
29.64 29.64 28.40 28.91 29.57 27.89 27.01 26.50 26.43 26.65 26.94 25.48 27.16 28.40 27.52 25.62 27.38 27.52 26.72 25.70 25.77 25.04 24.24 25.40 26.28 25.99 25.99 25.70 24.97 25.26 25.26 24.82 22.78 23.21 23.43 23.87 23.80 22.34 21.75 21.39 18.25 17.45 17.30 17.96 18.69 17.01 16.28 18.98 20.37 21.02 20.00 20.00 19.42 19.42 22.34 24.16 24.60 27.01 27.52 28.18 27.96 26.57 25.77 26.06 26.06 23.73 22.78 19.42 20.51 21.46 23.21 28.84 30.88 30.66 32.05 30.95 30.95 31.61 33.00 31.39 30.95 29.49 27.38 26.50
29.05 29.05 27.38 28.40 29.35 26.50 25.19 25.19 25.11 24.02 24.75 24.38 26.72 28.32 28.18 25.11 26.35 25.84 24.31 23.80 24.53 25.33 25.55 25.77 24.24 21.46 21.46 22.34 22.12 22.85 23.51 22.92 21.75 22.27 23.43 24.31 22.92 20.59 18.40 18.83 17.89 15.99 14.60 14.53 14.53 16.13 16.72 18.10 18.98 20.37 20.51 20.51 19.71 18.98 19.27 22.19 23.36 24.75 24.82 24.97 26.13 26.86 25.77 24.53 23.58 23.80 24.53 24.09 24.82 26.28 30.73 28.98 29.35 30.08 29.86 30.15 30.15 29.64 30.51 29.35 27.52 26.28 26.28 26.65
29.05 29.05 27.38 28.40 29.35 26.50 25.19 25.19 25.11 24.02 24.75 24.38 26.72 28.32 28.18 25.11 26.35 25.84 24.31 23.80 24.53 25.33 25.55 25.77 24.24 21.46 21.46 22.34 22.12 22.85 23.51 22.92 21.75 22.27 23.43 24.31 22.92 20.59 18.40 18.83 17.89 15.99 14.60 14.53 14.53 16.13 16.72 18.10 18.98 20.37 20.51 20.51 19.71 18.98 19.27 22.19 23.36 24.75 24.82 24.97 26.13 26.86 25.77 24.53 23.58 23.80 24.53 24.09 24.82 26.28 30.73 28.98 29.35 30.08 29.86 30.15 30.15 29.64 30.51 29.35 27.52 26.28 26.28 26.65
26.13 26.13 24.02 24.38 25.62 26.21 25.70 24.16 24.02 23.80 23.00 23.43 25.70 27.30 24.09 24.31 25.04 23.87 22.48 23.73 23.21 23.73 26.06 22.63 21.02 21.46 21.46 21.68 21.32 20.73 23.07 23.73 22.70 23.14 23.00 23.29 21.90 20.51 20.22 20.00 18.91 17.16 15.18 14.82 14.89 15.33 14.53 15.48 16.64 18.47 17.59 17.59 17.01 18.32 21.17 20.66 22.05 22.63 21.46 22.05 24.16 24.09 23.80 22.27 21.24 21.90 22.92 23.43 23.94 25.55 25.40 26.65 26.35 26.21 26.21 26.21 26.21 25.26 25.92 25.48 24.60 23.36 22.78 21.02
24.97 24.97 24.38 23.21 24.09 24.89 23.94 23.80 25.11 24.75 24.82 25.04 23.58 25.19 24.16 23.51 25.11 24.24 23.43 22.70 22.27 24.02 24.82 22.92 21.75 21.39 21.39 21.32 22.56 24.45 26.35 27.67 27.96 25.92 23.43 19.64 19.20 18.18 19.20 18.40 17.37 15.91 14.31 14.09 14.24 14.09 13.58 13.72 14.89 16.06 13.94 13.94 14.75 15.77 15.48 15.84 17.30 18.18 18.83 20.00 21.75 23.21 23.51 21.75 21.24 21.39 22.56 22.19 21.39 18.40 22.27 21.90 23.94 24.38 23.65 23.14 23.14 22.92 22.48 22.63 22.34 21.68 22.34 21.53
22.05 22.05 21.39 22.63 23.07 23.00 24.60 24.82 27.01 27.38 27.81 26.86 26.43 25.04 24.75 24.45 23.51 24.67 24.60 22.34 22.41 24.31 24.45 22.27 21.46 21.97 21.97 21.97 22.92 24.97 26.35 26.57 25.70 25.33 24.31 21.53 18.76 17.96 18.10 18.76 18.98 17.67 16.86 15.62 14.31 15.33 15.04 14.67 14.24 14.89 14.24 14.24 14.24 15.84 17.59 17.23 18.03 16.86 17.16 18.25 20.29 20.59 20.73 21.10 21.61 20.51 19.35 18.54 18.61 19.13 17.23 17.81 16.28 17.74 17.67 18.91 18.91 19.05 18.98 18.10 20.08 22.12 21.32 18.69
22.05 22.05 21.39 22.63 23.07 23.00 24.60 24.82 27.01 27.38 27.81 26.86 26.43 25.04 24.75 24.45 23.51 24.67 24.60 22.34 22.41 24.31 24.45 22.27 21.46 21.97 21.97 21.97 22.92 24.97 26.35 26.57 25.70 25.33 24.31 21.53 18.76 17.96 18.10 18.76 18.98 17.67 16.86 15.62 14.31 15.33 15.04 14.67 14.24 14.89 14.24 14.24 14.24 15.84 17.59 17.23 18.03 16.86 17.16 18.25 20.29 20.59 20.73 21.10 21.61 20.51 19.35 18.54 18.61 19.13 17.23 17.81 16.28 17.74 17.67 18.91 18.91 19.05 18.98 18.10 20.08 22.12 21.32 18.69
21.17 21.17 22.70 24.38 25.84 25.19 26.57 28.47 27.38 27.81 29.57 25.11 22.63 23.36 22.92 23.80 23.00 23.36 23.21 22.34 22.85 22.19 22.34 21.97 21.02 20.51 20.51 20.29 21.61 21.46 23.00 22.34 22.12 21.97 21.24 18.98 16.86 16.86 16.57 13.36 9.20 9.86 12.78 14.31 15.62 15.18 14.82 16.50 17.16 17.16 14.67 14.67 13.36 12.19 13.36 13.94 14.60 13.29 14.53 15.62 16.86 18.54 19.13 18.61 17.37 18.32 18.61 15.84 14.02 14.16 14.31 13.29 13.58 14.75 15.62 16.86 16.86 14.38 11.39 11.83 15.91 18.91 18.54 17.74
22.19 22.19 22.70 23.00 23.36 22.70 23.73 26.06 24.24 23.73 20.22 19.64 20.08 21.97 24.09 22.56 22.48 22.92 20.15 16.72 18.25 19.49 20.44 21.75 20.88 19.49 19.49 20.44 19.93 22.48 20.44 21.17 20.15 17.01 16.86 15.11 13.07 13.14 14.09 13.14 14.02 13.29 13.87 14.16 13.65 15.70 15.91 16.06 16.94 16.72 15.91 15.91 15.40 12.99 10.95 11.68 13.51 14.02 13.65 14.16 14.02 15.48 16.35 15.70 15.18 15.26 15.48 15.04 14.89 14.09 14.09 12.78 13.43 15.04 15.99 14.89 14.89 12.70 14.75 15.62 15.91 16.43 16.64 16.43
19.49 19.49 20.88 21.97 22.92 21.46 21.02 21.02 20.00 17.89 17.81 20.44 21.90 21.90 21.75 20.00 20.29 18.83 16.13 15.55 15.40 17.16 16.79 17.30 17.01 17.16 17.16 16.94 16.86 16.21 14.53 14.82 16.28 16.43 14.45 13.94 13.14 13.29 15.26 14.60 14.09 12.92 14.24 12.85 12.41 13.65 14.16 14.02 15.18 14.60 13.72 13.72 13.58 12.92 13.14 12.70 13.14 14.45 15.77 15.26 14.45 14.09 14.67 12.56 12.99 14.53 14.82 12.85 14.09 14.75 14.89 13.51 15.04 16.64 16.57 15.99 15.99 14.82 13.80 14.67 12.78 14.38 16.13 16.06
19.49 19.49 20.88 21.97 22.92 21.46 21.02 21.02 20.00 17.89 17.81 20.44 21.90 21.90 21.75 20.00 20.29 18.83 16.13 15.55 15.40 17.16 16.79 17.30 17.01 17.16 17.16 16.94 16.86 16.21 14.53 14.82 16.28 16.43 14.45 13.94 13.14 13.29 15.26 14.60 14.09 12.92 14.24 12.85 12.41 13.65 14.16 14.02 15.18 14.60 13.72 13.72 13.58 12.92 13.14 12.70 13.14 14.45 15.77 15.26 14.45 14.09 14.67 12.56 12.99 14.53 14.82 12.85 14.09 14.75 14.89 13.51 15.04 16.64 16.57 15.99 15.99 14.82 13.80 14.67 12.78 14.38 16.13 16.06
18.40 18.40 18.69 18.76 19.56 18.98 20.37 20.88 17.37 17.45 17.16 18.76 20.66 20.08 18.03 16.72 17.67 18.25 17.01 14.31 13.21 12.99 14.02 15.77 14.89 14.24 14.24 13.51 13.72 13.51 12.56 12.05 11.90 12.41 11.83 12.12 13.36 13.51 14.02 14.31 14.82 14.53 15.26 12.99 14.09 14.60 13.29 12.99 12.70 13.72 14.89 14.89 14.09 12.99 13.07 15.33 15.55 15.77 16.35 16.50 16.79 14.60 14.24 13.51 12.85 15.70 16.06 14.97 14.02 12.85 12.92 13.80 15.55 14.97 11.61 9.71 9.71 14.16 14.31 15.04 17.74 16.13 11.97 10.66
18.10 18.10 18.47 19.05 19.05 19.42 18.25 18.47 15.99 13.94 15.26 17.52 17.52 17.45 16.35 15.84 17.01 15.84 14.24 13.80 14.53 14.02 13.29 13.51 12.92 12.34 12.34 11.32 13.29 13.58 12.63 11.17 10.66 10.37 9.86 10.29 10.66 11.90 11.24 11.97 13.51 14.02 13.94 12.99 13.36 12.99 12.41 12.26 12.19 12.48 11.83 11.83 11.10 11.46 12.26 14.82 16.50 15.55 13.94 14.53 11.46 7.74 5.11 12.63 15.91 15.99 18.98 17.08 14.60 13.58 14.60 14.60 14.75 16.50 14.53 14.45 14.45 13.65 13.36 14.31 13.36 12.05 9.34 10.07
17.16 17.16 18.91 17.23 16.79 17.16 16.72 15.77 15.18 15.11 14.45 15.99 17.96 17.59 16.21 16.64 17.30 13.43 13.43 13.51 13.29 12.70 12.48 12.56 12.05 12.41 12.41 12.85 13.36 11.83 9.56 9.64 8.76 9.05 10.59 10.80 10.00 10.07 10.95 11.24 11.97 12.05 12.41 14.38 14.24 13.94 13.21 13.58 13.43 13.14 11.97 11.97 11.61 11.53 13.43 15.62 15.26 15.26 15.26 14.97 13.07 13.51 13.58 14.45 14.53 15.84 15.33 15.62 15.62 14.97 14.45 14.89 15.11 15.18 15.84 15.77 15.77 13.80 12.63 12.99 10.95 11.24 13.21 11.83
16.13 16.13 17.89 17.52 17.89 17.52 14.45 14.60 15.11 16.13 15.04 14.24 14.67 12.26 10.80 12.48 13.58 13.94 13.80 14.53 13.72 12.41 12.56 14.82 14.31 13.80 13.80 12.70 11.46 11.17 11.17 10.80 8.83 9.34 9.27 10.59 10.66 9.93 10.59 11.32 11.83 11.24 15.40 14.67 15.40 16.50 15.77 13.80 11.32 10.80 10.80 10.80 11.02 11.17 11.61 13.43 13.21 14.53 14.82 14.16 13.14 12.85 12.26 12.41 12.41 11.32 11.83 14.60 15.55 17.23 18.32 15.48 15.77 17.08 16.94 16.35 16.35 15.99 15.18 14.60 15.26 13.36 12.92 11.10
16.13 16.13 17.89 17.52 17.89 17.52 14.45 14.60 15.11 16.13 15.04 14.24 14.67 12.26 10.80 12.48 13.58 13.94 13.80 14.53 13.72 12.41 12.56 14.82 14.31 13.80 13.80 12.70 11.46 11.17 11.17 10.80 8.83 9.34 9.27 10.59 10.66 9.93 10.59 11.32 11.83 11.24 15.40 14.67 15.40 16.50 15.77 13.80 11.32 10.80 10.80 10.80 11.02 11.17 11.61 13.43 13.21 14.53 14.82 14.16 13.14 12.85 12.26 12.41 12.41 11.32 11.83 14.60 15.55 17.23 18.32 15.48 15.77 17.08 16.94 16.35 16.35 15.99 15.18 14.60 15.26 13.36 12.92 11.10
16.64 16.64 18.25 16.57 16.57 11.46 10.80 11.83 14.09 13.58 12.48 12.12 12.26 13.72 13.21 13.72 14.67 15.62 14.75 14.75 13.58 13.36 13.58 13.65 13.72 12.85 12.85 11.24 9.64 9.78 10.73 9.71 7.52 9.27 8.98 9.27 9.42 9.49 11.53 12.56 12.99 11.39 12.41 13.58 15.62 16.86 14.89 12.48 12.99 13.07 12.63 12.63 11.75 12.48 13.58 12.78 15.11 16.64 16.43 15.33 12.99 9.93 7.81 6.94 8.32 8.18 9.27 10.80 10.73 12.56 13.14 15.99 18.76 19.20 18.76 19.35 19.35 20.95 17.89 14.09 13.94 15.40 14.02 12.41
16.35 16.35 14.24 14.89 13.94 8.32 9.20 11.90 13.14 13.51 12.19 12.48 14.67 15.84 16.50 16.72 17.23 17.81 17.16 15.91 14.89 12.92 13.51 12.63 12.92 11.83 11.83 10.07 8.98 9.49 8.76 10.88 11.75 12.56 11.39 8.61 12.78 11.97 12.34 13.58 14.31 9.86 11.83 11.97 14.75 16.35 17.08 17.30 16.28 14.60 13.07 13.07 12.05 13.58 14.38 15.33 16.13 16.28 14.89 11.32 12.05 14.24 14.60 10.15 5.04 2.12 0.58 5.11 6.50 10.15 14.53 16.64 18.76 19.93 18.47 18.76 18.76 19.49 22.05 17.08 13.94 14.53 12.34 13.14
16.50 16.50 16.57 17.16 13.14 12.41 10.88 12.05 13.72 14.38 14.24 15.33 15.40 15.99 17.74 17.96 18.32 17.59 17.59 16.35 14.60 14.24 13.07 12.26 10.95 9.56 9.56 9.05 8.61 9.56 11.46 12.92 13.36 14.31 11.97 10.29 14.75 13.07 14.38 15.04 11.90 12.26 13.21 14.60 14.24 14.24 16.28 15.84 14.82 14.67 14.45 14.45 18.76 18.91 17.59 18.40 18.03 16.79 14.45 11.61 11.10 13.43 13.87 11.53 7.15 4.02 0.00 3.21 3.58 6.13 9.42 10.07 12.78 16.64 17.52 17.67 17.67 17.01 16.57 18.32 19.27 17.81 18.10 16.79
18.98 18.98 19.20 14.53 14.09 13.14 13.65 15.55 16.57 16.86 17.08 16.28 16.64 17.96 18.76 17.30 16.57 16.06 16.21 15.26 13.94 12.78 11.97 11.24 9.93 9.78 9.78 10.51 10.88 11.39 11.83 12.70 12.26 11.53 13.14 15.70 16.43 16.57 16.43 15.48 10.15 12.41 12.63 14.31 16.06 16.50 15.77 16.21 17.16 18.69 16.13 16.13 14.82 14.45 15.33 16.13 17.16 17.52 18.32 16.57 14.89 15.18 15.70 14.45 11.61 9.42 11.32 11.97 9.93 5.48 6.35 6.86 7.66 14.97 18.69 20.51 20.51 19.71 19.64 18.83 17.81 17.52 16.57 15.99
20.66 20.66 21.46 15.11 15.33 16.43 17.81 19.49 20.59 18.69 18.32 17.89 16.72 16.86 15.70 13.36 13.72 12.70 11.68 13.58 13.36 11.97 11.97 11.24 11.10 11.61 11.61 11.75 12.12 10.66 10.59 11.83 10.44 10.88 14.09 17.45 16.86 17.81 18.40 8.76 8.25 9.20 8.83 10.73 12.34 13.94 13.65 13.80 16.35 15.40 14.97 14.97 14.45 13.14 11.75 11.97 13.87 15.91 16.94 16.43 14.16 12.48 11.46 10.80 11.61 12.19 13.87 13.51 9.56 7.37 12.12 12.41 12.56 15.77 21.75 23.51 23.51 23.21 22.41 20.95 20.37 19.13 16.50 15.99
20.66 20.66 21.46 15.11 15.33 16.43 17.81 19.49 20.59 18.69 18.32 17.89 16.72 16.86 15.70 13.36 13.72 12.70 11.68 13.58 13.36 11.97 11.97 11.24 11.10 11.61 11.61 11.75 12.12 10.66 10.59 11.83 10.44 10.88 14.09 17.45 16.86 17.81 18.40 8.76 8.25 9.20 8.83 10.73 12.34 13.94 13.65 13.80 16.35 15.40 14.97 14.97 14.45 13.14 11.75 11.97 13.87 15.91 16.94 16.43 14.16 12.48 11.46 10.80 11.61 12.19 13.87 13.51 9.56 7.37 12.12 12.41 12.56 15.77 21.75 23.51 23.51 23.21 22.41 20.95 20.37 19.13 16.50 15.99
22.78 22.78 19.49 16.28 17.67 19.20 19.05 18.18 20.22 19.42 17.74 17.59 16.50 13.43 11.90 10.29 12.63 13.80 14.67 15.33 13.65 12.70 12.41 11.61 12.12 11.46 11.46 10.80 12.26 12.85 13.07 12.41 12.26 13.94 16.64 15.55 15.62 16.50 7.23 7.74 8.25 7.23 8.32 7.81 9.42 10.22 10.66 10.88 11.10 11.02 11.83 11.83 13.07 14.02 14.09 13.65 12.70 11.17 13.72 15.48 14.16 14.09 12.85 10.44 9.56 12.34 14.09 13.72 11.10 6.50 10.37 11.53 7.37 5.69 9.78 13.65 13.65 15.11 16.06 17.59 19.71 16.06 12.99 13.94
18.03 18.03 17.52 18.18 19.64 20.37 16.86 18.40 20.95 19.42 17.16 16.72 15.04 12.85 11.46 11.61 13.29 11.83 14.38 16.06 12.78 13.29 11.90 11.24 11.90 10.44 10.44 11.24 13.43 14.09 13.94 11.24 13.14 13.94 14.16 14.45 14.09 13.51 4.38 5.11 7.15 4.23 1.97 3.50 6.42 7.45 7.88 10.37 10.15 10.44 10.80 10.80 9.42 13.58 16.21 14.45 12.48 11.24 9.34 10.88 13.94 16.06 16.86 14.75 14.02 17.89 19.56 18.83 19.35 20.00 17.89 16.13 14.53 14.38 11.17 5.55 5.55 4.53 8.40 13.51 15.40 12.63 11.46 11.32
17.23 17.23 18.54 18.10 17.96 18.10 18.03 17.59 15.91 16.06 14.38 12.70 12.26 11.39 10.88 12.48 13.72 13.65 13.51 11.97 10.51 10.88 10.80 9.34 9.34 10.44 10.44 12.19 12.26 14.31 11.61 10.88 11.90 12.12 10.66 10.44 11.24 0.00 1.53 2.48 3.14 3.21 1.17 2.99 5.40 6.20 5.91 9.27 9.13 7.96 9.49 9.49 11.90 14.60 15.91 15.99 15.18 15.55 16.28 17.81 17.89 18.18 23.73 24.24 23.58 23.36 25.19 24.89 25.84 23.58 20.81 20.37 20.81 19.56 18.61 14.16 14.16 8.25 9.56 16.79 17.67 14.67 13.21 13.14
17.59 17.59 17.96 15.62 15.11 16.79 17.96 15.62 13.65 12.56 10.88 9.05 9.13 11.39 12.48 11.68 11.97 13.36 11.75 10.59 9.20 8.10 7.37 6.50 6.64 9.78 9.78 12.78 13.87 14.02 10.59 8.25 8.47 8.76 7.37 7.52 0.00 0.00 0.00 0.00 0.07 3.50 4.67 4.16 4.16 4.09 4.67 9.05 10.95 11.97 13.87 13.87 16.72 17.16 17.67 17.81 18.03 19.35 20.22 21.17 20.51 18.10 27.67 30.51 28.62 25.92 23.65 22.63 23.94 25.48 25.48 24.97 24.89 24.09 22.92 20.15 20.15 16.06 10.44 11.17 14.53 16.57 18.25 18.03
16.28 16.28 15.91 14.75 14.45 15.33 15.62 15.84 13.65 11.24 10.07 9.05 9.64 11.75 11.02 10.29 9.86 10.37 9.78 9.05 9.20 7.81 6.06 6.57 7.66 8.61 8.61 9.86 10.88 9.34 7.52 8.25 8.18 8.47 8.98 9.27 0.00 0.00 0.00 0.00 0.00 0.00 2.92 5.91 7.52 8.54 8.98 10.80 11.68 14.24 15.70 15.70 18.18 20.29 20.15 21.46 19.86 20.59 19.35 19.64 21.10 26.86 27.81 30.30 29.49 28.32 24.53 21.83 21.68 23.87 24.60 23.36 24.67 24.60 24.31 24.38 24.38 21.02 15.84 12.19 13.94 19.86 21.24 18.61
16.28 16.28 15.91 14.75 14.45 15.33 15.62 15.84 13.65 11.24 10.07 9.05 9.64 11.75 11.02 10.29 9.86 10.37 9.78 9.05 9.20 7.81 6.06 6.57 7.66 8.61 8.61 9.86 10.88 9.34 7.52 8.25 8.18 8.47 8.98 9.27 0.00 0.00 0.00 0.00 0.00 0.00 2.92 5.91 7.52 8.54 8.98 10.80 11.68 14.24 15.70 15.70 18.18 20.29 20.15 21.46 19.86 20.59 19.35 19.64 21.10 26.86 27.81 30.30 29.49 28.32 24.53 21.83 21.68 23.87 24.60 23.36 24.67 24.60 24.31 24.38 24.38 21.02 15.84 12.19 13.94 19.86 21.24 18.61
16.35 16.35 14.31 12.85 11.53 11.97 12.19 12.99 13.87 13.80 14.67 14.67 12.56 13.43 13.43 11.90 8.91 8.10 7.88 6.57 6.72 6.06 5.91 5.84 7.15 7.81 7.81 8.54 9.05 8.69 9.13 8.03 7.08 7.23 7.81 0.00 0.00 0.00 0.00 0.00 0.00 4.82 6.06 5.62 6.50 11.10 12.48 12.63 11.83 12.63 13.36 13.36 16.64 21.83 22.92 23.14 22.70 21.83 18.61 17.52 20.59 26.86 27.59 29.93 30.59 32.34 30.44 24.97 24.38 22.70 22.78 21.97 22.34 24.31 29.13 30.08 30.08 26.50 20.44 16.94 17.16 19.20 18.54 17.37
11.17 11.17 10.15 9.42 9.93 10.15 10.51 12.99 13.29 13.94 14.24 14.82 13.94 13.21 12.26 10.80 8.69 5.69 4.74 5.77 7.01 7.81 7.74 6.64 6.42 6.86 6.86 6.42 5.62 4.74 3.21 4.45 5.33 8.47 0.00 0.00 0.00 0.00 0.00 0.00 3.50 8.83 8.18 8.18 7.66 9.78 12.19 12.92 13.72 15.33 17.52 17.52 18.83 20.44 22.63 24.02 24.02 24.24 22.70 22.12 28.69 28.54 23.29 25.33 15.62 21.32 24.38 21.97 19.78 20.59 22.92 23.00 24.60 27.23 29.78 28.62 28.62 26.65 22.12 17.96 17.59 18.40 15.55 14.60
9.05 9.05 8.18 7.88 7.81 7.01 11.17 12.48 13.58 13.94 13.51 12.05 10.29 8.61 9.27 8.83 8.98 8.76 7.74 9.78 10.88 11.24 11.90 10.80 8.40 7.59 7.59 6.20 4.16 3.21 4.02 7.08 9.86 11.10 0.00 0.00 0.00 0.00 0.00 3.14 8.76 12.19 14.75 10.59 9.05 8.18 8.40 11.61 12.41 15.18 19.49 19.49 20.15 20.29 21.75 21.90 18.25 14.60 14.45 17.08 11.32 14.45 4.96 5.33 1.83 6.06 7.37 4.74 7.08 12.26 17.59 19.05 25.77 28.47 23.36 20.81 20.81 19.20 19.56 19.56 20.73 20.81 19.27 20.88
8.10 8.10 9.20 9.56 7.81 7.45 10.59 12.70 12.56 14.45 11.68 9.42 7.23 6.35 4.96 5.91 8.40 8.54 8.76 10.66 12.26 14.02 14.16 11.53 9.34 9.34 9.34 8.83 9.86 10.00 11.61 12.70 13.07 0.00 0.00 0.00 0.00 0.00 0.00 6.64 9.20 15.04 15.62 11.17 12.19 14.02 15.84 15.70 14.97 15.91 19.71 19.71 22.12 24.09 21.75 17.16 10.29 3.43 0.80 1.24 0.00 0.00 0.00 0.00 0.00 0.00 0.00 0.00 0.00 0.00 0.00 1.31 11.39 12.70 9.42 7.59 7.59 8.03 8.47 12.41 17.37 23.00 26.86 28.47
3.87 3.87 5.77 8.40 10.73 10.07 9.93 12.48 12.99 12.70 11.53 10.66 9.42 6.35 3.80 3.72 7.52 5.99 6.35 4.82 8.18 15.04 15.04 14.60 12.92 12.41 12.41 12.63 13.72 12.70 12.78 13.21 12.99 0.00 0.00 0.00 0.00 0.00 0.00 12.19 15.99 18.32 17.52 15.91 11.61 7.45 8.47 6.50 1.97 3.94 8.10 8.10 10.73 10.95 9.20 4.67 0.00 0.00 0.00 0.00 0.00 0.00 0.00 0.00 0.00 0.00 0.00 0.00 0.00 0.00 0.00 0.00 0.00 0.00 0.00 0.00 0.00 0.00 0.00 3.94 7.81 12.48 18.40 0.00
4.67 4.67 4.16 4.38 6.28 8.98 12.34 11.83 12.48 12.19 12.12 11.32 10.66 8.76 6.50 5.62 6.79 9.27 8.61 6.20 8.40 12.26 9.86 5.77 10.00 12.70 12.70 12.63 11.90 7.74 6.06 8.47 0.00 0.00 0.00 0.00 0.00 0.00 4.74 7.15 10.80 13.72 11.02 11.39 3.87 0.00 0.00 0.00 0.00 0.00 0.00 0.00 0.00 0.00 0.00 0.00 0.00 0.00 0.00 0.00 0.00 0.00 0.00 0.00 0.00 0.00 0.00 0.00 0.00 0.00 0.00 0.00 0.00 0.00 0.00 0.00 0.00 0.00 0.00 0.00 0.00 0.00 0.00 0.00
4.67 4.67 4.16 4.38 6.28 8.98 12.34 11.83 12.48 12.19 12.12 11.32 10.66 8.76 6.50 5.62 6.79 9.27 8.61 6.20 8.40 12.26 9.86 5.77 10.00 12.70 12.70 12.63 11.90 7.74 6.06 8.47 0.00 0.00 0.00 0.00 0.00 0.00 4.74 7.15 10.80 13.72 11.02 11.39 3.87 0.00 0.00 0.00 0.00 0.00 0.00 0.00 0.00 0.00 0.00 0.00 0.00 0.00 0.00 0.00 0.00 0.00 0.00 0.00 0.00 0.00 0.00 0.00 0.00 0.00 0.00 0.00 0.00 0.00 0.00 0.00 0.00 0.00 0.00 0.00 0.00 0.00 0.00 0.00
4.60 4.60 6.72 5.33 5.11 8.47 7.23 7.01 9.42 11.68 12.56 12.12 11.32 10.22 10.95 10.73 10.51 8.76 11.97 16.79 19.93 9.86 0.00 0.00 0.00 0.00 0.00 0.73 1.24 0.00 0.00 0.00 0.00 0.00 0.00 0.00 0.00 0.00 0.00 0.00 0.00 0.00 0.00 0.00 0.00 0.00 0.00 0.00 0.00 0.00 0.00 0.00 0.00 0.00 0.00 0.00 0.00 0.00 0.00 0.00 0.00 0.00 0.00 0.00 0.00 0.00 0.00 0.00 0.00 0.00 0.00 0.00 0.00 0.00 0.00 0.00 0.00 0.00 0.00 0.00 0.00 0.00 0.00 0.00
