Wansh/Snow_depth/snowdepth-1987/spring/1987065.txt
ncols 321
nrows 161
xllcenter 60
yllcenter 15 
cellsize  0.25 
NODATA_value -1
[rows 0 to 36 of 161, columns 0 to 83 of 321]
20.00 20.00 25.11 26.06 23.87 22.34 22.12 22.70 22.27 21.10 21.02 21.46 21.39 19.35 21.32 22.19 21.24 22.27 22.19 21.17 20.66 21.24 20.73 19.64 20.15 20.73 20.73 21.17 22.12 22.63 22.70 21.68 23.65 23.73 20.73 18.98 20.00 20.22 18.10 17.74 16.06 14.82 14.31 15.33 16.13 16.06 15.99 16.28 17.81 18.18 17.45 17.45 16.94 17.45 18.18 18.91 0.00 0.00 0.00 0.00 0.00 0.00 0.00 0.00 0.00 0.00 0.00 0.00 0.00 0.00 0.00 0.00 18.91 19.78 0.00 22.48 22.48 23.29 23.07 22.05 22.27 20.95 21.02 19.86
26.94 26.94 26.86 25.62 24.82 23.94 22.05 22.48 23.73 23.21 22.34 22.19 22.78 22.19 22.19 24.16 24.38 23.36 21.97 21.97 21.24 21.68 21.17 21.39 20.51 19.71 19.71 19.71 19.20 20.88 20.81 20.15 20.37 18.32 17.59 17.08 16.64 16.13 15.26 13.87 13.07 13.21 12.99 13.07 13.80 13.65 13.21 13.43 14.38 14.97 15.04 15.04 15.18 15.04 14.53 19.20 19.93 20.88 0.00 0.00 0.00 0.00 0.00 0.00 0.00 15.77 0.00 0.00 0.00 0.00 0.00 0.00 19.93 22.27 24.02 25.19 25.19 24.75 23.51 22.78 21.17 19.71 18.69 15.99
27.38 27.38 25.70 25.19 25.19 26.65 24.24 23.29 24.89 23.51 21.75 21.90 22.78 23.07 22.41 22.19 22.12 20.44 20.44 21.61 22.19 21.17 22.05 21.83 20.29 19.42 19.42 18.32 18.91 18.91 19.35 18.03 16.86 16.94 17.74 16.06 13.80 13.58 13.65 12.26 11.24 12.34 12.12 11.83 12.78 12.26 12.99 13.72 14.16 14.02 14.75 14.75 16.06 15.99 17.37 18.61 18.32 18.03 17.89 17.08 16.79 16.64 15.55 14.89 16.28 16.13 16.13 15.04 14.38 16.13 15.26 17.74 20.51 21.02 22.12 23.21 23.21 23.14 22.05 21.17 20.37 20.88 18.83 14.75
27.38 27.38 25.70 25.19 25.19 26.65 24.24 23.29 24.89 23.51 21.75 21.90 22.78 23.07 22.41 22.19 22.12 20.44 20.44 21.61 22.19 21.17 22.05 21.83 20.29 19.42 19.42 18.32 18.91 18.91 19.35 18.03 16.86 16.94 17.74 16.06 13.80 13.58 13.65 12.26 11.24 12.34 12.12 11.83 12.78 12.26 12.99 13.72 14.16 14.02 14.75 14.75 16.06 15.99 17.37 18.61 18.32 18.03 17.89 17.08 16.79 16.64 15.55 14.89 16.28 16.13 16.13 15.04 14.38 16.13 15.26 17.74 20.51 21.02 22.12 23.21 23.21 23.14 22.05 21.17 20.37 20.88 18.83 14.75
25.11 25.11 20.81 22.41 23.36 22.56 22.41 21.90 20.29 20.95 21.53 21.75 21.10 22.19 22.27 21.97 20.37 18.98 20.00 22.34 21.83 20.95 23.07 21.90 19.49 16.86 16.86 16.72 18.54 18.18 18.18 20.22 18.69 18.03 17.89 16.21 16.06 16.50 17.30 16.50 15.77 14.60 13.14 12.56 12.99 12.92 13.51 12.05 14.16 13.87 13.80 13.80 14.45 14.82 16.06 16.35 17.23 17.16 16.50 15.33 15.70 15.77 15.55 15.55 15.99 15.26 14.89 12.92 13.80 14.31 14.97 15.11 14.89 15.77 17.74 0.00 0.00 0.00 0.00 0.00 18.40 19.20 14.89 10.15
22.41 22.41 20.81 20.37 20.59 20.22 21.17 20.88 20.88 20.88 20.29 19.71 20.95 20.88 21.39 21.32 20.29 20.00 19.13 20.51 21.10 21.53 21.83 22.48 20.15 15.77 15.77 17.96 19.56 18.91 22.63 24.67 23.00 20.81 19.35 18.25 16.86 16.35 17.08 17.01 15.33 13.65 13.58 13.36 12.48 11.53 12.26 13.07 12.63 10.59 9.34 9.34 10.80 12.48 13.58 13.51 14.45 13.80 13.87 14.24 15.99 16.57 16.13 15.55 14.38 13.87 13.21 11.97 9.42 9.49 12.41 13.87 12.85 13.87 0.00 0.00 0.00 0.00 14.38 15.55 14.53 15.18 14.45 14.31
20.95 20.95 20.66 20.22 20.00 20.59 22.34 23.43 24.45 23.21 21.90 21.17 21.61 21.17 19.93 19.71 19.93 20.95 21.02 21.10 20.73 20.37 20.81 21.17 19.78 19.49 19.49 20.51 20.66 20.95 22.12 22.63 21.46 20.66 20.08 19.20 17.74 17.74 17.59 16.50 14.53 13.80 14.89 14.60 12.26 11.61 12.19 13.58 13.29 11.02 8.54 8.54 9.34 10.66 12.70 13.87 13.51 12.99 12.92 13.07 14.16 15.18 15.62 13.65 12.05 9.05 9.42 8.25 8.69 8.10 0.00 11.61 0.00 0.00 11.10 0.00 0.00 0.00 0.00 12.34 14.09 13.36 13.36 15.04
20.95 20.95 20.66 20.22 20.00 20.59 22.34 23.43 24.45 23.21 21.90 21.17 21.61 21.17 19.93 19.71 19.93 20.95 21.02 21.10 20.73 20.37 20.81 21.17 19.78 19.49 19.49 20.51 20.66 20.95 22.12 22.63 21.46 20.66 20.08 19.20 17.74 17.74 17.59 16.50 14.53 13.80 14.89 14.60 12.26 11.61 12.19 13.58 13.29 11.02 8.54 8.54 9.34 10.66 12.70 13.87 13.51 12.99 12.92 13.07 14.16 15.18 15.62 13.65 12.05 9.05 9.42 8.25 8.69 8.10 0.00 11.61 0.00 0.00 11.10 0.00 0.00 0.00 0.00 12.34 14.09 13.36 13.36 15.04
19.05 19.05 19.56 19.71 21.46 23.00 22.63 21.75 21.75 22.56 24.31 23.14 20.00 18.10 17.16 18.40 19.56 21.32 20.44 19.86 20.00 20.66 22.27 21.24 19.27 19.64 19.64 20.15 19.64 19.78 19.78 19.93 19.49 18.32 17.52 16.35 14.75 14.16 13.94 11.46 8.32 9.27 11.17 11.53 9.78 10.37 12.19 13.14 13.80 13.36 11.90 11.90 11.10 9.05 9.34 10.29 10.80 10.88 11.68 11.32 12.99 14.60 15.77 14.16 12.78 6.79 7.74 6.86 8.76 8.98 9.05 9.56 10.07 10.80 11.68 11.83 11.83 8.10 6.86 9.64 12.48 11.02 13.07 14.67
18.40 18.40 19.49 20.15 21.90 21.46 20.51 20.95 18.54 17.01 16.13 17.37 17.01 16.35 17.89 19.56 20.95 20.81 18.32 17.23 18.10 20.37 22.34 20.88 19.13 18.98 18.98 18.91 21.39 21.75 19.86 19.13 18.47 16.50 14.53 12.63 12.70 11.75 12.92 12.26 11.24 9.27 10.73 11.97 10.44 10.37 11.32 12.12 13.14 13.65 12.19 12.19 11.53 9.20 7.08 8.40 10.51 10.80 10.95 11.39 11.10 13.43 16.13 14.97 7.08 7.45 7.52 9.86 12.19 12.56 9.71 8.32 8.76 10.51 11.97 11.24 11.24 9.20 8.10 12.63 11.32 12.05 13.80 12.12
17.81 17.81 18.61 19.13 19.20 20.08 17.89 17.52 16.94 16.57 15.55 16.35 18.10 18.25 17.52 16.13 17.45 18.76 17.74 15.62 16.64 17.30 18.32 18.03 14.09 16.94 16.94 17.59 15.91 16.79 16.06 14.24 15.33 14.38 12.78 13.43 12.56 12.12 12.85 13.14 11.61 7.96 10.59 11.02 11.17 11.46 11.02 11.32 11.61 11.39 11.53 11.53 12.12 11.90 10.66 11.83 12.48 14.16 14.53 14.09 13.72 15.84 15.04 3.50 3.58 6.20 8.10 10.88 13.72 11.75 9.20 9.42 10.37 11.10 12.85 14.31 14.31 14.75 13.36 11.90 11.75 12.78 14.67 13.21
17.81 17.81 18.61 19.13 19.20 20.08 17.89 17.52 16.94 16.57 15.55 16.35 18.10 18.25 17.52 16.13 17.45 18.76 17.74 15.62 16.64 17.30 18.32 18.03 14.09 16.94 16.94 17.59 15.91 16.79 16.06 14.24 15.33 14.38 12.78 13.43 12.56 12.12 12.85 13.14 11.61 7.96 10.59 11.02 11.17 11.46 11.02 11.32 11.61 11.39 11.53 11.53 12.12 11.90 10.66 11.83 12.48 14.16 14.53 14.09 13.72 15.84 15.04 3.50 3.58 6.20 8.10 10.88 13.72 11.75 9.20 9.42 10.37 11.10 12.85 14.31 14.31 14.75 13.36 11.90 11.75 12.78 14.67 13.21
15.84 15.84 15.91 15.91 15.40 16.06 16.43 16.79 16.50 16.79 16.50 16.64 17.30 17.23 15.04 15.26 17.08 17.81 18.10 17.08 15.91 14.45 15.70 15.84 13.29 14.16 14.16 11.97 12.48 12.19 11.61 11.24 12.63 13.36 12.48 12.05 12.99 12.34 11.97 13.43 13.72 12.85 13.80 14.16 13.87 13.51 11.53 10.44 10.29 11.17 13.07 13.07 12.70 10.44 10.66 13.29 15.55 11.97 12.85 14.67 16.28 18.25 0.00 0.00 0.00 0.00 4.74 6.64 6.57 7.88 7.81 8.18 10.73 11.68 0.00 9.27 9.27 11.17 13.72 11.32 13.51 0.00 0.00 0.00
16.13 16.13 16.28 15.77 15.26 14.67 13.87 13.58 14.75 15.33 15.48 16.50 17.45 18.25 16.57 17.23 16.06 15.70 13.94 15.77 16.57 16.64 17.16 17.01 14.60 11.97 11.97 12.19 12.78 11.75 12.41 10.95 11.39 11.90 11.32 11.61 13.14 12.48 13.14 14.45 15.04 13.43 12.48 12.34 11.83 11.90 12.26 10.59 11.39 12.78 11.83 11.83 9.42 7.66 7.74 7.52 7.96 8.83 10.66 14.89 15.91 0.00 0.00 0.00 0.00 0.00 3.50 5.11 4.96 4.31 5.26 8.76 0.00 0.00 0.00 0.00 0.00 0.00 0.00 10.59 0.00 0.00 0.00 0.00
14.89 14.89 15.11 15.77 15.40 13.65 13.07 12.78 12.78 13.58 12.63 13.72 16.72 16.79 15.48 15.62 14.97 13.72 15.91 18.32 16.50 16.79 17.08 14.60 12.78 12.63 12.63 12.41 12.19 11.46 9.93 9.56 10.29 10.37 11.32 11.97 10.22 10.29 12.99 12.63 13.36 12.99 12.34 13.36 14.67 13.87 14.09 13.43 13.29 12.63 12.26 12.26 8.18 6.28 8.76 11.46 11.61 12.63 14.45 16.94 15.04 0.00 0.00 0.00 0.00 0.00 0.00 0.00 6.28 5.26 5.18 7.37 10.66 0.00 0.00 0.00 0.00 0.00 0.00 0.00 0.00 0.00 0.00 9.93
13.51 13.51 14.89 14.24 13.80 12.78 11.02 10.44 12.12 13.72 13.58 13.80 14.09 10.88 10.22 12.12 14.53 14.16 14.45 15.11 14.24 14.38 14.60 14.31 14.75 13.58 13.58 12.41 10.29 9.78 9.27 10.88 11.39 9.93 9.20 11.02 12.78 12.48 12.70 12.63 14.09 11.61 9.49 14.09 14.45 14.97 16.06 15.99 14.89 13.87 11.68 11.68 7.37 5.04 10.29 13.72 15.11 17.81 20.22 19.64 0.00 0.00 0.00 0.00 0.00 0.00 0.00 0.00 6.64 6.72 6.20 8.54 11.97 13.87 0.00 0.00 0.00 0.00 0.00 0.00 0.00 0.00 0.00 9.13
13.51 13.51 14.89 14.24 13.80 12.78 11.02 10.44 12.12 13.72 13.58 13.80 14.09 10.88 10.22 12.12 14.53 14.16 14.45 15.11 14.24 14.38 14.60 14.31 14.75 13.58 13.58 12.41 10.29 9.78 9.27 10.88 11.39 9.93 9.20 11.02 12.78 12.48 12.70 12.63 14.09 11.61 9.49 14.09 14.45 14.97 16.06 15.99 14.89 13.87 11.68 11.68 7.37 5.04 10.29 13.72 15.11 17.81 20.22 19.64 0.00 0.00 0.00 0.00 0.00 0.00 0.00 0.00 6.64 6.72 6.20 8.54 11.97 13.87 0.00 0.00 0.00 0.00 0.00 0.00 0.00 0.00 0.00 9.13
14.38 14.38 14.89 13.58 11.75 9.64 9.56 10.80 12.41 13.14 12.85 12.05 7.59 8.76 11.02 12.70 16.13 17.30 14.82 14.38 15.18 13.94 15.18 14.67 13.21 12.05 12.05 9.93 10.51 10.15 9.86 10.22 9.34 8.32 9.56 9.34 9.71 11.24 13.14 14.16 12.63 10.95 10.44 12.48 12.99 14.09 14.38 13.51 13.94 12.56 8.47 8.47 4.23 6.35 12.41 14.02 16.21 19.56 19.56 0.00 0.00 0.00 0.00 0.00 0.00 0.00 0.00 2.56 3.07 5.77 7.74 11.61 15.70 17.52 13.58 0.00 0.00 0.00 0.00 7.81 8.69 12.92 11.97 11.97
11.53 11.53 12.12 11.68 10.29 8.32 7.74 9.71 10.51 11.32 12.85 11.17 11.32 12.26 14.75 16.43 17.30 18.54 17.01 15.11 14.97 17.45 16.64 14.45 11.97 10.59 10.59 9.49 9.49 8.03 10.29 10.37 9.49 7.74 6.72 6.72 7.88 8.83 10.22 10.00 9.05 8.40 10.59 12.26 12.63 13.94 14.09 13.87 12.63 10.51 7.81 7.81 7.37 10.88 15.04 16.72 17.67 18.83 0.00 0.00 0.00 0.00 0.00 0.00 0.00 0.00 0.00 2.92 3.36 5.04 10.73 14.60 17.16 16.79 15.26 15.55 15.55 17.67 18.69 14.97 11.75 10.15 11.17 12.05
12.85 12.85 12.63 12.92 11.39 12.70 11.61 12.05 11.97 12.70 12.78 15.26 17.96 16.79 16.43 16.35 18.10 19.56 17.67 16.06 15.84 17.08 15.77 14.16 11.53 11.02 11.02 9.05 7.88 7.88 9.05 8.98 7.74 7.30 5.69 6.35 7.88 9.05 10.80 10.51 7.74 7.59 9.34 10.66 11.53 13.14 14.82 14.45 9.34 6.28 9.20 9.20 12.70 15.77 16.72 17.96 18.03 15.84 2.92 0.00 0.00 0.00 0.00 0.00 0.00 0.00 0.00 0.00 1.97 5.40 9.34 12.05 14.38 16.13 15.84 15.26 15.26 14.67 15.04 15.62 16.50 15.77 12.41 11.97
15.62 15.62 15.11 14.53 13.43 13.21 12.92 13.07 13.58 14.82 14.89 15.70 19.35 21.32 21.46 17.96 17.01 17.37 17.01 16.64 13.87 12.85 11.75 11.83 11.46 11.24 11.24 11.10 10.37 10.44 10.29 8.91 8.40 9.27 9.42 10.80 11.97 12.99 13.14 12.05 10.37 10.07 10.88 10.51 11.90 14.45 14.75 13.87 12.48 15.62 17.16 17.16 12.70 13.21 15.91 16.21 17.30 0.51 0.00 0.00 0.00 0.00 0.00 0.00 0.00 4.16 0.00 0.00 0.00 4.67 5.04 4.53 8.03 12.41 15.99 17.59 17.59 16.28 15.40 14.45 12.78 15.11 13.94 12.05
16.21 16.21 15.55 13.58 11.61 12.78 15.33 16.13 16.50 16.72 16.57 15.33 15.40 16.43 18.25 16.57 14.97 14.53 14.38 13.14 11.39 7.96 8.10 10.88 12.92 12.70 12.70 11.97 11.32 12.78 12.63 11.39 11.39 12.92 12.70 13.51 15.26 15.62 15.99 12.63 11.53 11.53 11.32 10.37 12.19 12.26 11.46 11.83 14.09 15.26 14.75 14.75 12.78 11.75 12.41 12.85 4.38 2.85 0.00 0.00 0.00 0.00 0.00 0.00 0.00 0.00 9.86 10.29 8.91 8.03 10.07 8.91 10.66 12.78 15.11 16.72 16.72 17.16 17.74 16.79 14.53 17.59 13.65 13.80
16.21 16.21 15.55 13.58 11.61 12.78 15.33 16.13 16.50 16.72 16.57 15.33 15.40 16.43 18.25 16.57 14.97 14.53 14.38 13.14 11.39 7.96 8.10 10.88 12.92 12.70 12.70 11.97 11.32 12.78 12.63 11.39 11.39 12.92 12.70 13.51 15.26 15.62 15.99 12.63 11.53 11.53 11.32 10.37 12.19 12.26 11.46 11.83 14.09 15.26 14.75 14.75 12.78 11.75 12.41 12.85 4.38 2.85 0.00 0.00 0.00 0.00 0.00 0.00 0.00 0.00 9.86 10.29 8.91 8.03 10.07 8.91 10.66 12.78 15.11 16.72 16.72 17.16 17.74 16.79 14.53 17.59 13.65 13.80
16.13 16.13 14.82 13.87 13.65 17.96 18.69 14.97 17.89 18.69 17.89 15.84 13.43 13.87 11.61 11.53 11.97 13.65 13.80 13.36 12.34 11.61 11.32 14.16 14.89 13.58 13.58 12.12 10.44 12.12 12.12 11.32 12.12 14.53 17.23 16.64 16.13 13.51 12.63 12.05 11.02 11.32 9.64 12.19 11.90 9.42 8.76 11.97 14.02 12.85 13.87 13.87 13.43 12.19 12.63 12.48 9.56 7.59 0.00 0.00 0.00 0.00 0.00 0.00 0.00 8.91 11.10 10.51 5.11 6.50 7.37 7.52 6.06 4.96 5.99 9.42 9.42 12.41 15.26 16.79 11.83 15.18 9.86 11.97
14.97 14.97 13.80 15.18 16.50 16.86 15.18 15.70 18.18 18.25 16.28 14.02 13.65 13.07 12.63 12.12 11.24 12.56 12.63 13.58 13.80 14.02 13.21 14.89 14.38 16.21 16.21 13.65 11.97 13.43 12.41 10.44 11.61 12.85 15.55 17.74 16.13 13.07 11.17 11.61 12.85 13.80 12.92 11.17 9.20 8.47 9.49 12.19 14.16 13.94 13.43 13.43 13.14 12.92 13.14 10.00 10.88 11.02 10.07 10.51 0.00 11.90 13.07 12.26 12.34 16.13 16.57 15.11 14.75 13.72 11.68 11.90 11.39 10.59 8.32 0.00 0.00 7.23 11.90 14.24 15.40 13.43 11.17 10.88
15.26 15.26 17.45 16.64 16.43 16.72 16.43 17.16 18.32 16.64 14.82 12.63 12.56 11.17 11.61 13.07 12.63 15.26 15.11 12.99 13.51 15.62 15.77 13.07 9.42 11.17 11.17 9.56 9.49 11.97 11.46 11.90 14.97 14.02 13.80 13.80 13.14 11.90 12.05 13.43 14.38 13.14 10.80 11.24 11.68 13.58 13.21 14.60 15.99 14.16 13.58 13.58 12.92 13.43 12.41 12.26 11.32 12.63 14.67 14.31 17.30 17.30 17.59 20.29 21.68 20.66 21.10 20.00 19.05 18.18 17.67 17.01 17.96 18.32 16.64 12.12 12.12 9.56 10.00 0.00 18.47 15.70 14.38 13.36
17.37 17.37 16.50 14.45 16.57 19.20 20.29 17.08 13.58 10.88 10.73 10.95 11.39 13.87 14.60 15.40 15.62 14.75 14.67 13.21 13.14 10.00 10.80 11.39 10.15 10.88 10.88 9.71 11.24 12.34 11.97 9.78 11.17 11.68 10.29 10.00 9.64 9.34 12.05 12.78 12.56 13.14 12.92 13.07 16.21 18.76 18.76 18.32 15.62 15.40 15.55 15.55 14.45 12.99 15.99 17.01 14.60 15.62 19.20 20.37 19.27 18.69 21.61 23.58 22.34 21.53 20.88 19.56 19.27 20.15 19.42 18.83 19.71 20.00 18.91 16.06 16.06 12.05 9.27 14.89 15.84 18.91 20.00 20.37
17.16 17.16 15.26 15.77 16.28 17.89 18.40 16.35 13.80 13.58 13.51 12.92 12.05 14.24 15.62 16.21 15.04 14.45 13.94 10.44 8.91 6.28 5.77 6.35 8.98 10.44 10.44 10.73 11.46 9.27 7.01 6.79 8.10 7.74 8.03 6.06 6.86 8.54 11.17 10.22 10.22 10.22 12.12 15.62 20.44 17.81 13.58 13.21 12.48 15.55 17.01 17.01 15.55 16.06 18.32 18.40 17.52 17.67 17.81 19.42 19.78 17.96 18.32 20.37 18.25 18.91 16.35 17.01 17.74 18.83 18.25 17.89 19.20 20.81 20.44 18.61 18.61 15.77 12.34 18.61 18.54 23.21 21.39 19.93
17.16 17.16 15.26 15.77 16.28 17.89 18.40 16.35 13.80 13.58 13.51 12.92 12.05 14.24 15.62 16.21 15.04 14.45 13.94 10.44 8.91 6.28 5.77 6.35 8.98 10.44 10.44 10.73 11.46 9.27 7.01 6.79 8.10 7.74 8.03 6.06 6.86 8.54 11.17 10.22 10.22 10.22 12.12 15.62 20.44 17.81 13.58 13.21 12.48 15.55 17.01 17.01 15.55 16.06 18.32 18.40 17.52 17.67 17.81 19.42 19.78 17.96 18.32 20.37 18.25 18.91 16.35 17.01 17.74 18.83 18.25 17.89 19.20 20.81 20.44 18.61 18.61 15.77 12.34 18.61 18.54 23.21 21.39 19.93
17.16 17.16 15.84 13.07 13.14 14.53 15.26 16.35 15.70 16.21 17.37 16.28 15.91 17.81 17.67 15.77 13.87 12.19 10.00 7.30 5.11 4.96 5.77 6.72 8.47 6.72 6.72 7.15 9.78 6.28 3.80 2.34 1.83 2.99 3.94 5.91 8.98 10.66 10.59 10.37 11.39 11.17 11.10 12.78 14.45 12.70 13.58 13.94 13.65 16.21 15.55 15.55 14.60 15.77 18.18 17.81 14.16 14.82 16.43 15.99 15.99 16.06 13.51 14.24 17.08 20.37 21.10 20.15 19.35 18.91 17.67 14.60 14.53 17.81 20.37 22.92 22.92 20.00 18.76 20.22 19.35 19.78 17.16 15.77
14.60 14.60 13.51 11.68 9.71 10.29 14.75 17.89 18.98 18.61 19.49 19.64 19.27 18.98 21.10 15.55 12.48 8.69 5.18 5.26 4.82 5.69 5.77 4.16 4.09 3.14 3.14 2.63 2.56 1.68 0.37 0.00 1.02 2.12 4.53 8.25 10.66 10.44 10.73 12.41 13.43 13.80 14.53 14.97 14.53 14.02 14.16 15.18 15.84 17.67 17.59 17.59 12.05 12.12 11.46 10.95 8.54 12.78 13.94 11.75 13.29 14.53 18.61 19.49 22.56 25.33 24.45 23.65 21.02 19.27 17.74 16.06 16.13 16.43 17.96 17.52 17.52 15.91 17.96 17.74 15.62 16.06 16.06 13.87
11.17 11.17 11.90 11.17 11.02 10.88 15.18 17.37 17.74 17.81 20.00 18.98 16.64 16.79 10.73 8.76 6.57 3.29 1.46 2.19 2.70 3.14 3.21 2.04 1.31 1.10 1.10 1.90 0.95 0.00 0.37 1.83 3.87 6.50 9.49 11.46 12.19 12.05 13.14 16.72 15.99 15.33 14.60 12.99 15.11 17.89 21.10 21.32 17.52 18.61 6.64 6.64 3.94 0.00 0.00 0.00 9.71 10.95 10.07 10.59 15.18 13.80 15.40 14.75 14.82 20.29 22.78 20.15 19.86 20.15 18.61 16.50 15.55 14.60 13.65 13.14 13.14 10.95 18.98 15.62 15.62 14.53 16.94 12.41
12.12 12.12 12.78 12.92 12.78 12.26 14.02 19.20 18.91 18.47 20.88 18.61 18.10 10.22 7.01 4.09 3.07 1.61 0.00 0.00 1.75 1.53 0.00 0.00 0.00 0.00 0.00 0.00 0.66 1.90 2.99 5.48 8.98 11.39 13.94 15.04 14.89 16.06 16.64 16.79 16.28 14.31 16.50 18.10 19.42 20.29 20.37 23.00 23.07 0.00 0.00 0.00 0.00 0.00 0.00 0.00 0.00 8.32 8.10 9.13 6.06 2.26 2.63 2.56 5.99 14.16 13.65 14.82 16.79 18.47 17.45 15.11 14.16 14.53 14.16 15.55 15.55 22.19 20.51 19.64 19.13 17.23 14.16 11.90
9.42 9.42 11.61 12.12 15.55 14.38 14.09 17.81 19.27 18.69 17.08 15.70 15.55 5.55 2.92 1.31 1.97 2.70 0.00 0.00 0.00 1.24 1.68 2.41 5.55 6.94 6.94 4.23 3.29 6.06 7.81 10.37 14.16 17.01 18.10 18.25 21.24 21.83 20.15 19.93 22.78 20.22 20.15 22.63 23.73 20.08 22.19 24.38 23.07 0.00 0.00 0.00 0.00 0.00 0.00 0.00 0.00 0.00 12.26 10.66 11.10 6.42 7.96 10.73 12.78 16.50 19.20 19.20 20.51 21.39 19.56 17.59 14.97 13.14 13.36 16.57 16.57 15.91 15.99 17.23 17.81 21.10 21.10 19.71
9.13 9.13 11.90 11.75 13.87 16.86 18.83 19.05 18.32 15.62 15.70 15.91 7.66 2.70 0.00 0.00 0.00 1.17 0.00 0.00 0.00 1.10 1.90 1.83 3.80 6.86 6.86 8.10 8.76 9.27 10.07 14.24 15.99 13.80 12.78 10.07 11.10 13.36 15.91 18.25 21.32 22.63 23.43 22.85 22.56 23.87 24.82 26.65 0.00 0.00 0.00 0.00 0.00 0.00 0.00 0.00 0.00 0.00 15.18 10.88 0.00 0.00 2.26 4.02 8.54 13.72 18.54 19.86 19.13 17.89 16.13 12.85 9.93 9.05 10.37 14.45 14.45 5.69 5.33 7.52 7.01 18.25 17.74 14.75
9.13 9.13 11.90 11.75 13.87 16.86 18.83 19.05 18.32 15.62 15.70 15.91 7.66 2.70 0.00 0.00 0.00 1.17 0.00 0.00 0.00 1.10 1.90 1.83 3.80 6.86 6.86 8.10 8.76 9.27 10.07 14.24 15.99 13.80 12.78 10.07 11.10 13.36 15.91 18.25 21.32 22.63 23.43 22.85 22.56 23.87 24.82 26.65 0.00 0.00 0.00 0.00 0.00 0.00 0.00 0.00 0.00 0.00 15.18 10.88 0.00 0.00 2.26 4.02 8.54 13.72 18.54 19.86 19.13 17.89 16.13 12.85 9.93 9.05 10.37 14.45 14.45 5.69 5.33 7.52 7.01 18.25 17.74 14.75
7.37 7.37 11.90 8.10 8.10 13.94 13.29 14.16 17.23 17.74 16.57 17.08 7.30 3.43 0.00 0.00 0.00 0.00 2.19 3.94 5.26 0.00 0.00 0.00 0.00 0.00 0.00 2.04 5.48 5.40 4.02 2.34 2.19 0.07 0.00 0.00 0.00 0.00 0.00 3.36 6.20 7.81 8.03 8.32 8.91 9.42 12.99 20.44 0.00 0.00 0.00 0.00 0.00 0.00 0.00 3.43 9.64 6.50 0.00 0.00 0.00 0.00 0.00 0.44 2.41 5.91 9.49 12.34 12.99 12.78 5.33 2.04 0.00 1.39 1.39 0.00 0.00 0.00 5.77 8.40 9.93 8.76 5.69 3.80
