Wansh/Snow_depth/snowdepth-1986/spring/1986071.txt
ncols 321
nrows 161
xllcenter 60
yllcenter 15 
cellsize  0.25 
NODATA_value -1
[rows 0 to 36 of 161, columns 166 to 248 of 321]
10.44 11.75 11.32 8.69 6.79 7.96 9.34 8.69 7.30 9.42 10.66 10.66 10.59 10.37 11.10 9.93 9.78 10.51 10.80 12.48 14.60 13.29 12.92 11.97 11.97 13.07 12.26 11.24 4.38 0.00 0.00 0.00 0.88 12.26 20.15 22.78 17.74 17.74 11.83 13.51 21.53 24.53 23.43 23.21 24.82 26.65 28.11 30.59 31.97 31.83 28.69 23.51 18.47 19.13 22.92 22.12 20.08 25.92 28.32 28.47 26.43 25.04 25.04 25.33 28.69 32.92 36.14 37.08 33.73 30.81 27.81 25.11 23.07 22.27 22.48 21.90 21.83 22.63 23.14 23.87 22.41 22.56 22.48
13.72 13.58 11.02 7.88 8.25 10.29 8.69 6.42 8.61 9.20 10.95 10.95 12.05 12.48 12.70 11.17 11.39 10.51 11.02 14.31 15.91 14.60 12.56 11.61 11.39 11.83 10.07 0.00 0.00 0.00 0.00 0.00 6.64 15.26 18.83 14.38 10.22 10.22 11.46 18.32 26.50 29.27 31.03 31.46 34.24 34.53 35.41 30.88 30.59 30.22 29.78 28.25 22.92 19.86 18.91 21.53 22.27 25.33 30.37 31.17 29.35 27.23 27.23 27.01 31.03 35.77 38.03 37.01 33.65 30.30 27.67 26.72 25.40 23.87 22.34 21.83 22.63 21.10 21.75 21.61 23.07 22.92 22.48
25.70 22.34 17.08 14.53 15.18 17.16 13.07 11.97 9.42 9.49 10.66 10.66 10.37 11.61 10.29 10.44 10.44 13.07 15.70 15.77 17.01 15.99 14.60 13.51 12.63 12.48 7.88 0.00 0.00 0.00 0.00 0.00 8.69 13.43 11.97 15.33 14.60 14.60 15.40 23.51 32.05 33.58 32.27 32.63 31.24 32.92 31.61 28.54 26.28 24.60 25.48 26.06 25.55 24.97 23.43 24.82 25.40 23.80 23.94 27.30 28.25 25.92 25.92 24.60 28.32 31.39 29.20 30.08 29.71 28.32 28.98 30.73 28.98 25.33 24.16 22.56 21.32 21.46 22.12 24.24 22.85 25.19 22.12
25.70 22.34 17.08 14.53 15.18 17.16 13.07 11.97 9.42 9.49 10.66 10.66 10.37 11.61 10.29 10.44 10.44 13.07 15.70 15.77 17.01 15.99 14.60 13.51 12.63 12.48 7.88 0.00 0.00 0.00 0.00 0.00 8.69 13.43 11.97 15.33 14.60 14.60 15.40 23.51 32.05 33.58 32.27 32.63 31.24 32.92 31.61 28.54 26.28 24.60 25.48 26.06 25.55 24.97 23.43 24.82 25.40 23.80 23.94 27.30 28.25 25.92 25.92 24.60 28.32 31.39 29.20 30.08 29.71 28.32 28.98 30.73 28.98 25.33 24.16 22.56 21.32 21.46 22.12 24.24 22.85 25.19 22.12
23.07 21.53 18.61 17.45 19.35 19.78 17.37 15.26 10.22 8.25 9.86 9.86 12.41 11.39 11.61 12.85 15.55 19.13 21.32 20.15 15.18 14.60 15.11 13.80 12.26 11.02 0.00 0.00 0.00 0.00 0.00 6.42 12.41 14.97 17.59 16.43 17.81 17.81 23.73 28.98 31.17 28.62 29.05 30.30 30.08 29.64 30.37 31.54 31.17 28.69 27.38 25.26 25.19 25.40 24.75 26.43 27.16 24.45 24.38 25.26 25.19 24.09 24.09 26.65 30.73 30.22 29.64 29.27 25.99 25.33 24.60 24.53 24.45 25.33 21.32 20.00 16.13 14.24 15.26 14.67 15.48 15.48 16.50
22.19 22.92 25.33 21.17 18.40 21.53 20.08 17.08 14.24 10.66 11.02 11.02 14.16 16.50 16.64 16.79 18.32 23.43 20.81 17.08 13.36 8.03 9.64 8.03 4.31 0.00 0.00 0.00 0.00 0.00 7.88 13.36 14.53 15.26 17.08 17.74 20.59 20.59 20.59 22.19 21.83 23.73 26.72 31.10 31.03 30.81 30.66 31.76 31.97 29.42 29.27 28.11 28.11 31.68 27.74 24.67 24.16 23.73 21.75 19.27 20.37 23.51 23.51 27.67 29.93 30.08 25.04 18.25 16.50 15.91 16.35 16.43 17.52 17.52 15.84 15.99 14.53 12.12 11.75 13.21 14.60 14.75 14.75
21.61 23.29 25.33 25.77 18.98 22.05 20.15 18.25 18.40 18.18 15.77 15.77 16.06 19.86 21.97 22.12 25.19 23.51 19.56 10.44 9.13 7.45 5.26 0.00 0.00 0.00 0.00 0.00 0.00 9.64 11.17 15.04 17.37 17.16 20.81 22.78 25.19 25.19 24.53 23.14 23.14 25.19 25.19 24.82 26.57 25.70 25.77 26.86 29.78 31.39 30.00 26.43 27.45 28.62 27.52 26.35 24.24 21.32 19.49 18.98 19.35 19.56 19.56 21.32 22.41 21.61 18.47 13.94 12.56 12.85 12.41 12.41 10.22 11.10 11.75 12.63 11.32 11.75 11.75 12.56 13.87 13.46 13.71
21.61 23.29 25.33 25.77 18.98 22.05 20.15 18.25 18.40 18.18 15.77 15.77 16.06 19.86 21.97 22.12 25.19 23.51 19.56 10.44 9.13 7.45 5.26 0.00 0.00 0.00 0.00 0.00 0.00 9.64 11.17 15.04 17.37 17.16 20.81 22.78 25.19 25.19 24.53 23.14 23.14 25.19 25.19 24.82 26.57 25.70 25.77 26.86 29.78 31.39 30.00 26.43 27.45 28.62 27.52 26.35 24.24 21.32 19.49 18.98 19.35 19.56 19.56 21.32 22.41 21.61 18.47 13.94 12.56 12.85 12.41 12.41 10.22 11.10 11.75 12.63 11.32 13.59 16.21 18.07 19.00 22.87 22.64
14.45 17.89 23.58 27.67 25.70 22.85 21.10 19.42 18.61 21.68 21.39 21.39 18.18 24.24 25.55 26.06 26.13 19.56 13.58 10.80 9.34 0.00 0.00 0.00 0.00 0.00 0.00 0.00 4.96 10.07 12.48 13.87 13.51 17.16 20.66 25.48 27.81 27.81 25.40 22.05 22.56 23.21 25.33 25.84 24.60 24.97 22.92 23.43 26.21 32.12 31.97 28.40 26.28 24.16 20.81 18.25 16.50 18.03 18.91 17.37 17.16 16.79 16.79 15.55 15.33 15.91 14.09 13.87 10.80 9.78 10.07 10.80 11.97 11.02 11.10 9.26 11.59 15.60 19.39 18.36 17.71 21.78 20.84
8.47 9.86 16.94 19.20 21.32 21.75 20.22 18.76 15.99 15.91 19.56 19.56 24.09 28.40 25.92 16.21 16.28 13.14 10.44 5.62 0.00 0.00 0.00 0.00 4.60 3.87 6.94 9.20 11.61 13.87 14.16 14.82 16.06 16.86 19.05 20.95 22.85 22.85 21.53 19.78 22.19 23.87 26.50 25.70 23.51 22.41 21.75 23.65 24.09 24.09 25.99 23.58 19.71 13.36 10.44 10.44 10.22 9.13 10.07 11.61 12.78 14.38 14.38 15.26 16.64 18.03 17.01 15.84 13.07 13.07 8.61 14.24 14.24 12.63 11.71 13.21 15.17 16.33 20.00 22.86 24.88 20.49 16.82
13.87 9.64 11.39 12.34 16.28 19.93 21.68 21.97 22.85 21.83 21.61 21.61 18.76 15.77 12.34 10.80 9.34 4.60 0.00 0.00 0.00 0.00 0.00 3.72 12.41 13.65 12.70 14.67 15.70 14.75 14.38 13.94 13.21 14.31 17.52 18.83 18.40 18.40 18.91 21.24 23.58 26.06 25.04 23.87 22.12 20.81 18.40 16.64 16.13 14.45 14.02 12.48 10.29 7.37 6.42 5.91 5.99 5.62 6.86 8.03 9.56 11.32 11.32 12.78 13.07 12.56 14.31 12.78 12.92 12.99 16.57 15.55 14.67 12.12 11.83 10.82 10.39 17.66 22.91 20.67 16.93 18.94 18.59
13.87 9.64 11.39 12.34 16.28 19.93 21.68 21.97 22.85 21.83 21.61 21.61 18.76 15.77 12.34 10.80 9.34 4.60 0.00 0.00 0.00 0.00 0.00 3.72 12.41 13.65 12.70 14.67 15.70 14.75 14.38 13.94 13.21 14.31 17.52 18.83 18.40 18.40 18.91 21.24 23.58 26.06 25.04 23.87 22.12 20.81 18.40 16.64 16.13 14.45 14.02 12.48 10.29 7.37 6.42 5.91 5.99 5.62 6.86 8.03 9.56 11.32 11.32 12.78 13.07 12.56 14.31 12.78 12.92 12.99 16.57 15.55 14.67 12.12 11.53 10.66 10.07 16.40 20.42 19.14 18.06 19.65 18.59
20.22 19.56 16.79 13.51 11.90 12.34 13.51 14.45 15.48 16.50 15.62 15.62 11.46 6.72 4.45 0.00 0.00 0.00 0.00 7.66 17.37 12.92 10.59 13.36 12.85 12.63 10.73 11.75 15.26 14.75 10.66 12.05 15.99 17.52 20.44 22.27 21.97 21.97 21.24 21.02 23.00 24.75 23.65 22.34 20.44 17.16 11.83 6.94 8.54 10.15 11.02 9.20 8.32 7.66 6.28 4.67 3.80 3.80 7.45 11.02 13.87 15.91 15.91 13.72 12.78 13.36 16.43 16.21 15.55 17.59 17.52 17.23 15.77 14.38 13.07 12.92 12.05 14.99 17.82 17.46 18.33 18.09 16.63
17.81 16.86 17.81 17.01 14.89 11.24 10.44 10.59 10.15 9.86 7.08 7.08 0.00 0.00 0.00 0.00 0.00 0.00 0.00 5.04 10.29 10.73 12.41 15.33 13.07 12.99 13.36 16.21 19.05 19.20 18.98 19.13 20.22 20.81 21.46 21.32 20.44 20.44 21.02 20.22 19.93 22.48 25.62 26.43 20.08 10.37 8.91 7.23 6.94 5.84 6.42 5.84 3.14 3.29 3.87 4.45 3.43 5.77 9.86 11.68 14.45 15.91 15.91 15.55 17.08 18.03 18.03 17.81 20.37 21.90 20.59 20.00 17.01 12.70 11.10 11.47 14.71 16.31 15.49 18.46 21.34 17.06 17.97
18.69 20.59 21.61 22.78 21.68 18.98 16.94 13.36 9.27 9.86 9.86 9.86 8.98 6.94 0.00 0.00 0.22 0.15 1.75 7.66 11.90 13.36 19.35 19.78 17.59 15.84 18.61 21.68 21.83 21.61 20.08 18.32 17.01 16.94 17.16 17.37 17.81 17.81 20.08 22.12 20.73 20.08 15.48 11.10 11.90 11.97 13.21 11.39 7.88 5.84 5.62 6.42 6.13 3.14 2.85 4.31 9.64 13.65 13.36 11.53 12.41 14.60 14.60 15.18 16.13 16.13 15.33 17.67 22.92 22.19 20.88 20.37 14.45 11.90 11.15 13.59 14.07 16.48 17.82 18.28 16.27 16.47 14.80
23.07 27.52 29.20 24.89 22.19 22.34 21.17 19.64 20.15 15.77 12.12 12.12 10.22 9.78 7.96 6.50 8.69 9.86 8.32 11.53 14.09 15.04 20.00 23.14 21.68 21.61 23.58 20.88 18.61 17.37 16.06 15.91 16.28 17.01 17.81 18.25 17.23 17.23 16.72 17.01 15.33 13.29 12.19 11.39 13.65 15.84 13.51 11.97 10.22 8.40 6.42 4.96 3.72 2.48 2.41 3.65 9.27 13.14 13.07 11.46 11.32 10.88 10.88 12.12 12.85 13.14 11.39 9.34 12.05 13.58 13.87 13.94 13.36 13.09 13.62 13.82 16.15 14.50 17.24 13.02 13.46 13.11 12.99
23.07 27.52 29.20 24.89 22.19 22.34 21.17 19.64 20.15 15.77 12.12 12.12 10.22 9.78 7.96 6.50 8.69 9.86 8.32 11.53 14.09 15.04 20.00 23.14 21.68 21.61 23.58 20.88 18.61 17.37 16.06 15.91 16.28 17.01 17.81 18.25 17.23 17.23 16.72 17.01 15.33 13.29 12.19 11.39 13.65 15.84 13.51 11.97 10.22 8.40 6.42 4.96 3.72 2.48 2.41 3.65 9.27 13.14 13.07 11.46 11.32 10.88 10.88 12.12 12.85 13.14 11.39 9.34 12.05 13.58 13.87 13.94 13.36 16.08 12.76 15.02 14.50 17.94 17.50 14.39 13.73 11.82 12.56
21.10 23.21 24.67 23.14 17.52 14.75 13.36 12.19 14.60 16.64 16.64 16.64 16.13 16.50 11.46 10.66 11.97 11.83 10.37 11.90 15.48 18.40 16.86 18.91 18.47 20.15 18.03 16.86 16.13 16.86 15.11 15.77 17.23 19.13 17.81 17.74 18.69 18.69 19.27 16.28 13.80 15.70 17.81 19.27 17.08 14.67 11.24 5.77 6.57 6.86 4.38 2.70 1.90 0.95 0.95 1.68 2.48 2.56 5.18 9.86 8.69 4.23 4.23 6.28 8.18 9.27 3.58 2.48 3.14 5.26 8.03 12.48 14.22 13.25 13.71 11.39 12.65 15.32 14.83 12.64 12.93 15.35 14.01
20.29 20.59 25.48 29.64 27.59 20.59 17.37 14.02 12.19 12.12 9.42 9.42 10.15 13.14 15.84 17.59 19.05 19.35 16.79 16.57 17.74 22.85 22.56 19.71 19.35 14.02 13.43 12.48 14.38 13.87 14.09 14.75 14.67 15.48 15.11 14.82 16.21 16.21 16.43 15.04 15.55 15.62 15.91 15.77 13.58 8.54 6.72 5.33 4.74 5.26 3.43 1.90 1.17 0.73 0.22 0.00 0.00 1.61 2.77 3.65 2.77 4.67 4.67 3.36 4.53 1.61 2.56 1.68 1.53 2.92 6.13 11.74 15.85 15.63 14.15 12.19 11.71 12.55 12.15 14.02 15.39 13.86 10.42
17.45 17.37 17.37 19.64 21.90 22.19 23.51 20.29 15.77 13.72 13.43 13.43 13.72 15.77 20.29 23.07 21.97 19.27 16.06 14.60 22.85 24.31 24.16 22.27 15.33 14.67 13.72 15.18 14.24 12.05 12.85 12.85 15.62 16.86 17.52 16.06 14.82 14.82 14.09 14.89 15.99 15.77 13.87 9.27 6.42 5.40 4.96 6.28 6.35 5.84 3.94 2.12 1.61 1.17 0.00 0.00 0.00 0.00 0.73 1.97 3.07 2.41 2.41 1.75 1.53 1.68 2.48 3.65 3.58 3.58 5.69 10.66 14.97 17.16 16.43 16.57 15.62 14.60 16.02 19.57 20.18 13.65 11.26
16.72 11.83 11.39 15.11 17.08 18.69 20.29 20.88 16.21 14.24 13.72 13.72 15.62 20.00 23.29 26.21 26.94 24.09 21.53 20.08 22.78 23.80 26.28 26.72 20.08 14.31 12.41 12.12 10.95 9.64 11.61 14.67 17.08 17.96 17.67 17.59 17.45 17.45 16.13 11.24 9.34 7.74 7.23 5.48 2.34 5.33 6.06 5.77 3.94 2.70 1.02 0.80 0.00 3.65 0.00 0.00 0.00 0.00 0.00 1.24 0.15 2.26 2.26 2.70 0.29 0.22 1.02 2.41 5.99 8.10 10.88 15.26 16.94 16.79 16.21 15.84 16.94 17.20 20.74 19.25 20.66 16.15 14.23
10.66 8.98 10.51 15.55 19.27 17.67 15.48 15.62 15.84 14.24 14.24 14.24 15.99 21.02 23.73 23.94 23.29 21.17 20.51 23.07 28.25 23.43 20.66 16.35 12.05 11.17 10.95 13.72 11.68 10.00 13.14 16.43 17.16 14.53 14.16 17.45 19.56 19.56 12.70 6.64 4.82 3.36 2.41 3.21 3.50 3.87 3.07 0.95 0.66 0.29 1.39 1.97 1.17 0.00 0.00 0.00 0.00 0.00 0.00 0.00 0.00 0.51 0.51 1.68 0.00 0.00 0.00 1.17 4.23 7.08 10.88 15.40 15.55 16.72 16.50 16.43 16.20 19.70 23.40 18.95 20.16 16.96 12.21
10.66 8.98 10.51 15.55 19.27 17.67 15.48 15.62 15.84 14.24 14.24 14.24 15.99 21.02 23.73 23.94 23.29 21.17 20.51 23.07 28.25 23.43 20.66 16.35 12.05 11.17 10.95 13.72 11.68 10.00 13.14 16.43 17.16 14.53 14.16 17.45 19.56 19.56 12.70 6.64 4.82 3.36 2.41 3.21 3.50 3.87 3.07 0.95 0.66 0.29 1.39 1.97 1.17 0.00 0.00 0.00 0.00 0.00 0.00 0.00 0.00 0.51 0.51 1.68 0.00 0.00 0.00 1.17 4.23 7.08 10.88 15.40 15.55 16.72 16.50 16.43 15.55 19.81 18.17 16.67 16.88 19.75 14.94
7.74 8.18 9.93 13.80 15.77 15.99 14.89 15.33 16.43 18.32 17.74 17.74 17.52 18.40 18.40 17.59 16.28 16.21 17.74 18.98 19.56 16.50 14.75 13.07 14.75 13.72 12.92 11.97 12.85 15.48 15.18 14.89 14.60 10.44 6.79 4.74 3.87 3.87 1.53 1.02 1.53 3.14 3.14 3.21 0.00 0.00 0.00 0.00 0.00 0.00 0.00 0.00 0.00 0.00 0.00 0.00 0.00 0.00 0.00 0.73 0.80 0.00 0.00 0.00 0.00 0.00 0.88 1.83 2.48 2.92 6.13 10.37 13.72 16.94 19.78 21.17 22.05 22.67 23.28 25.66 21.05 16.52 14.05
8.18 7.30 10.44 14.45 16.13 16.86 15.40 14.97 18.18 22.56 24.45 24.45 23.29 21.90 17.74 16.21 15.33 12.85 11.32 12.05 15.99 17.08 14.97 13.94 16.72 13.58 9.93 12.92 17.23 19.56 15.26 10.37 6.86 5.33 2.85 1.90 1.83 1.83 2.19 1.61 0.00 1.24 0.00 0.00 0.00 0.00 0.00 0.00 0.00 0.00 0.00 0.00 0.00 0.00 0.00 0.00 0.00 0.00 0.00 0.00 0.00 0.00 0.00 0.00 0.00 0.00 0.66 3.07 3.21 2.85 7.88 11.32 13.87 18.54 22.92 26.94 27.78 26.16 23.72 23.71 23.96 21.22 20.93
5.69 5.77 8.10 9.71 11.24 11.39 10.00 10.51 15.33 20.15 22.12 22.12 21.39 18.91 15.18 14.53 14.24 14.82 12.19 11.10 14.38 16.06 15.40 14.53 14.67 14.45 12.63 14.02 17.01 17.52 12.99 7.81 4.16 1.90 1.83 1.90 2.34 2.34 2.41 1.61 1.39 1.46 0.00 0.00 0.00 0.00 0.00 0.00 0.00 0.00 0.00 0.00 0.00 0.00 0.00 0.00 0.00 0.00 0.00 0.00 0.00 0.00 0.00 0.00 0.00 0.00 0.00 0.00 5.26 6.42 10.80 14.89 17.16 23.58 29.79 29.20 27.50 28.35 25.87 20.37 18.47 17.74 14.28
5.62 4.16 4.89 5.84 7.59 6.06 6.79 12.05 15.55 17.01 18.40 18.40 19.42 19.20 11.90 8.25 11.10 13.14 13.87 16.13 15.40 14.53 16.50 16.13 17.37 17.01 13.29 10.73 8.54 8.69 7.15 2.85 1.97 1.02 0.51 0.15 0.00 0.00 0.00 0.00 0.00 0.00 0.00 0.00 0.00 0.00 0.00 0.00 0.00 0.00 0.00 0.00 0.00 0.00 0.00 0.00 0.00 0.00 0.00 0.00 0.00 0.00 0.00 0.00 0.00 0.00 0.00 3.72 9.71 14.60 15.11 17.37 22.78 28.25 31.53 30.32 28.79 24.18 20.67 20.42 14.83 12.88 11.99
6.57 6.06 4.82 5.11 7.23 7.88 7.23 8.32 8.91 8.61 10.00 10.00 10.73 10.80 9.49 10.22 11.32 10.22 9.05 11.68 9.20 12.12 13.87 9.93 8.76 8.69 5.69 1.68 3.72 5.40 3.36 1.39 0.80 0.15 0.88 1.02 0.66 0.66 1.68 0.00 0.00 0.00 0.00 0.00 0.00 0.00 0.00 0.00 0.00 0.00 0.00 0.00 0.00 0.00 0.00 0.00 0.00 0.00 0.00 0.00 0.00 0.00 0.00 0.00 0.00 0.00 0.00 4.96 4.23 4.67 14.09 21.61 25.38 30.53 33.92 25.68 23.19 21.80 14.82 11.92 9.73 8.21 8.44
6.57 6.06 4.82 5.11 7.23 7.88 7.23 8.32 8.91 8.61 10.00 10.00 10.73 10.80 9.49 10.22 11.32 10.22 9.05 11.68 9.20 12.12 13.87 9.93 8.76 8.69 5.69 1.68 3.72 5.40 3.36 1.39 0.80 0.15 0.88 1.02 0.66 0.66 1.68 0.00 0.00 0.00 0.00 0.00 0.00 0.00 0.00 0.00 0.00 0.00 0.00 0.00 0.00 0.00 0.00 0.00 0.00 0.00 0.00 0.00 0.00 0.00 0.00 0.00 0.00 0.00 0.00 4.96 4.23 4.67 14.09 21.61 25.51 30.21 30.68 28.62 24.75 25.43 17.21 11.54 10.17 7.97 8.93
4.16 3.80 3.07 4.09 4.96 5.40 4.60 4.45 0.00 3.94 5.04 5.04 5.55 4.60 4.38 4.02 5.11 0.00 5.26 4.60 0.00 7.59 6.28 6.57 4.60 2.48 2.26 3.21 3.65 3.36 2.12 1.24 1.39 0.95 1.10 1.75 1.97 1.97 0.00 0.00 0.00 0.00 0.00 0.00 0.00 0.00 0.00 0.00 0.00 0.00 0.00 0.00 0.00 0.00 0.00 0.00 0.00 0.00 0.00 0.00 0.00 0.00 0.00 0.00 0.00 0.00 0.00 0.00 0.00 6.06 15.85 22.49 28.02 30.90 34.80 31.37 25.83 19.76 17.01 12.21 9.13 6.65 4.44
3.65 3.58 3.94 4.82 4.82 3.36 0.00 3.87 3.80 3.87 4.09 4.09 4.60 4.38 3.29 3.36 4.16 3.43 6.13 8.76 10.51 13.21 9.34 0.00 0.00 0.00 0.00 3.07 4.38 2.99 1.10 1.46 0.00 0.00 1.61 0.88 0.00 0.00 0.00 0.00 0.00 0.00 0.00 0.00 0.00 0.00 0.00 0.00 0.00 0.00 0.00 0.00 0.00 0.00 0.00 0.00 0.00 0.00 0.00 0.00 0.00 0.00 0.00 0.00 0.00 0.00 0.00 0.00 0.95 10.22 20.66 27.30 30.88 30.33 31.02 29.42 19.50 8.29 5.97 7.57 6.47 6.16 0.00
11.24 9.49 8.91 7.01 4.82 3.50 4.38 5.33 6.42 7.52 8.54 8.54 8.10 4.45 1.68 0.00 0.00 0.00 8.10 14.38 16.06 8.83 6.06 3.07 3.29 3.65 1.61 0.00 0.00 0.00 0.00 0.00 0.00 0.37 0.00 0.00 0.00 0.00 0.00 0.00 0.00 0.00 0.00 0.00 0.00 0.00 0.00 0.00 0.00 0.00 0.00 0.00 0.00 0.00 0.00 0.00 0.00 0.00 0.00 0.00 0.00 0.00 0.00 0.00 0.00 0.00 0.00 0.00 2.92 17.96 26.57 27.59 28.11 29.89 27.71 21.69 13.36 5.42 2.58 5.13 0.00 0.00 2.12
11.61 8.69 8.32 7.66 6.20 0.00 7.01 4.89 7.66 9.78 10.15 10.15 6.79 2.41 0.00 3.36 5.18 6.28 11.10 12.41 9.34 10.73 10.66 8.54 3.87 4.89 3.07 2.85 0.00 0.00 0.00 0.00 0.00 1.39 0.00 0.00 0.00 0.00 0.00 0.00 0.00 0.00 0.00 0.00 0.00 0.00 0.00 0.00 0.00 0.00 0.00 0.00 0.00 0.00 0.00 0.00 0.00 0.00 0.00 0.00 0.00 0.00 0.00 0.00 0.00 0.00 0.00 0.00 4.82 15.18 23.51 27.81 29.57 25.51 20.29 14.18 7.97 3.48 3.48 3.26 0.00 0.00 0.00
6.20 6.57 4.89 3.80 4.53 5.04 4.96 5.04 6.57 5.26 3.50 3.50 0.00 0.00 5.48 7.96 6.50 4.74 3.80 3.80 7.74 10.95 11.75 11.46 9.34 5.04 1.68 0.00 0.00 0.00 0.00 0.00 0.00 0.00 0.00 0.00 2.04 2.04 0.00 0.00 0.00 0.00 0.00 0.00 0.00 0.00 0.00 0.00 0.00 0.00 0.00 0.00 0.00 0.00 0.00 0.00 0.00 0.00 0.00 0.00 0.00 0.00 0.00 0.00 0.00 0.00 0.00 0.00 3.29 17.37 25.55 27.01 26.57 16.21 7.46 2.63 1.90 2.09 0.00 0.00 0.00 0.00 0.00
4.82 3.94 2.99 2.77 2.92 3.94 3.14 4.89 4.60 3.50 3.21 3.21 0.00 0.00 5.18 9.05 8.10 5.26 2.63 0.00 0.00 2.41 8.10 14.89 10.51 4.09 0.00 0.00 2.04 1.83 0.00 0.00 0.00 0.00 0.00 0.00 0.00 0.00 0.00 0.00 0.00 0.00 0.95 1.46 2.48 3.07 6.20 8.25 9.56 10.95 7.37 0.00 0.00 0.00 0.00 0.00 0.00 0.00 0.00 0.00 0.00 0.00 0.00 0.00 0.00 0.00 0.00 0.00 8.25 19.64 23.00 22.05 18.83 10.27 3.58 0.00 0.00 0.00 0.00 0.00 0.00 0.00 0.00
4.82 3.94 2.99 2.77 2.92 3.94 3.14 4.89 4.60 3.50 3.21 3.21 0.00 0.00 5.18 9.05 8.10 5.26 2.63 0.00 0.00 2.41 8.10 14.89 10.51 4.09 0.00 0.00 2.04 1.83 0.00 0.00 0.00 0.00 0.00 0.00 0.00 0.00 0.00 0.00 0.00 0.00 0.95 1.46 2.48 3.07 6.20 8.25 9.56 10.95 7.37 0.00 0.00 0.00 0.00 0.00 0.00 0.00 0.00 0.00 0.00 0.00 0.00 0.00 0.00 0.00 0.00 0.00 8.25 19.64 23.00 22.05 18.83 10.22 3.52 0.00 0.00 0.00 0.00 0.00 0.00 0.00 0.00
2.92 1.46 2.26 0.00 2.99 3.21 3.36 3.14 3.50 3.14 2.77 2.77 0.00 4.09 4.38 0.00 0.00 0.00 0.00 0.00 0.00 0.00 3.50 6.86 6.06 2.99 0.00 0.00 1.61 2.56 1.97 0.00 0.00 0.00 0.00 0.00 0.00 0.00 1.97 0.00 0.00 0.00 6.06 6.28 0.00 6.50 12.05 15.91 17.96 15.77 10.51 2.41 1.39 6.64 7.08 6.94 5.33 5.33 0.00 2.56 0.00 1.97 1.97 0.00 0.00 0.00 0.00 8.76 17.01 19.64 12.34 12.05 9.78 6.57 3.14 0.00 0.00 0.00 0.00 0.00 0.00 0.00 0.00
