Wansh/Snow_depth/snowdepth-1986/spring/1986064.txt
ncols 321
nrows 161
xllcenter 60
yllcenter 15 
cellsize  0.25 
NODATA_value -1
[rows 37 to 73 of 161, columns 83 to 165 of 321]
10.37 12.41 12.05 7.81 5.48 12.41 18.91 23.00 15.49 12.78 12.41 10.73 10.73 8.61 5.26 4.09 2.04 0.00 1.53 1.53 1.90 0.37 5.40 11.97 12.12 8.18 9.34 9.27 11.02 14.09 16.64 17.52 18.18 15.33 9.86 6.28 5.99 6.13 7.88 8.32 6.86 5.04 0.00 0.00 0.00 5.55 5.18 4.09 4.67 6.64 7.59 4.74 3.14 2.41 2.19 3.14 0.00 2.77 4.31 7.52 7.37 4.67 3.58 3.36 0.00 0.00 0.00 0.00 0.00 0.00 1.31 0.73 0.66 2.12 0.00 0.37 0.00 0.00 0.15 0.00 0.00 0.00 2.63
20.59 22.56 15.91 8.91 7.96 8.98 7.96 13.07 9.93 9.78 9.34 10.00 8.25 5.84 4.23 6.13 4.60 0.00 5.55 5.55 6.79 6.35 9.13 13.58 14.16 11.10 8.76 8.40 8.76 10.22 11.68 13.51 13.94 12.78 7.81 4.89 5.26 6.86 9.20 7.59 5.33 4.09 0.00 0.37 0.37 3.36 3.72 7.74 11.75 10.59 10.73 12.41 9.56 5.18 2.77 1.61 2.77 0.00 3.07 5.04 4.09 3.72 5.04 3.80 0.95 0.00 0.00 0.00 1.17 1.17 0.00 0.00 0.00 0.00 0.00 0.00 0.00 0.00 0.00 0.00 0.00 0.00 0.00
26.43 26.21 23.51 18.19 14.60 14.01 9.34 9.34 12.26 15.18 16.72 23.14 23.58 18.25 13.36 14.60 14.53 16.43 20.81 20.81 24.09 18.83 14.75 14.31 15.62 12.92 9.86 7.08 5.40 4.16 5.26 5.77 3.80 4.67 5.91 2.56 4.74 8.03 9.71 6.35 3.21 4.31 0.00 3.14 3.14 6.42 6.94 9.05 18.10 16.43 14.67 15.40 12.34 5.18 0.00 0.00 0.00 0.00 0.00 0.00 0.00 0.00 0.00 3.65 2.99 3.58 5.91 3.72 3.72 3.72 0.00 0.00 0.00 0.00 0.00 0.00 0.00 0.00 0.00 0.00 0.00 0.00 0.00
15.40 22.05 31.91 33.24 29.86 30.22 23.00 10.95 10.29 16.06 24.16 30.89 28.62 23.29 21.02 25.33 27.08 30.59 33.29 33.29 32.27 27.74 22.56 19.49 16.79 13.51 10.44 8.03 7.08 4.96 3.36 0.00 1.97 3.29 4.09 5.33 4.67 5.04 4.89 4.45 3.80 2.85 0.00 3.14 3.14 5.11 5.11 2.77 4.31 5.04 6.28 5.84 3.07 0.00 0.00 0.00 0.00 0.00 0.00 0.00 0.00 0.00 0.00 0.00 0.00 0.00 0.00 1.53 5.62 5.62 3.94 2.85 4.53 3.80 0.00 0.00 0.00 0.00 0.00 0.00 0.00 0.00 0.00
9.71 11.78 15.93 18.71 22.92 28.98 9.64 5.62 0.00 10.88 18.32 22.01 25.61 27.15 28.54 30.97 32.06 33.07 33.82 33.99 31.76 28.76 26.50 24.16 21.61 18.83 16.35 15.62 13.94 10.59 6.64 2.99 0.00 0.66 0.00 0.00 2.26 2.48 2.85 3.87 4.82 2.99 0.00 0.80 0.80 2.92 0.00 0.00 2.26 2.92 3.87 3.21 1.75 0.00 0.00 0.00 2.48 2.19 0.00 2.19 2.26 0.00 0.00 0.00 0.00 0.00 0.00 0.00 3.72 3.72 3.58 2.56 3.87 4.82 0.00 3.65 0.00 0.00 0.00 0.00 0.95 1.46 0.80
16.38 15.53 15.05 10.40 10.62 6.42 6.20 7.88 10.15 9.64 11.55 16.15 21.39 26.13 31.90 32.27 32.87 34.16 34.91 34.56 35.07 33.03 30.45 26.86 23.07 21.39 19.64 19.20 19.35 16.13 11.53 6.86 3.29 0.00 0.00 0.00 0.00 0.00 0.00 0.00 0.00 0.00 2.63 2.56 2.56 0.00 0.00 0.00 2.48 2.56 3.07 2.56 1.75 1.83 0.88 0.00 0.00 0.00 0.00 2.19 2.99 2.92 1.97 0.58 0.88 1.31 0.00 0.00 0.00 0.00 0.00 2.19 4.09 4.38 3.72 2.85 1.83 2.63 0.00 0.00 0.00 0.00 0.00
22.41 19.54 23.27 19.32 15.28 15.48 11.88 11.34 8.76 14.52 15.96 10.37 9.05 12.91 18.27 19.81 23.65 29.93 33.43 34.65 34.97 35.26 33.55 30.81 27.15 22.74 20.76 21.50 19.05 15.99 17.88 16.89 12.63 11.53 9.93 7.78 9.56 10.29 9.42 7.88 0.00 2.34 3.94 4.82 4.82 4.02 0.00 2.41 3.29 2.70 2.77 2.63 0.00 1.31 0.00 0.00 0.00 0.00 0.00 0.29 1.68 3.43 3.36 2.41 0.00 0.00 1.75 2.34 0.00 0.00 0.00 0.00 1.61 0.00 0.00 3.29 3.43 3.58 4.09 2.92 0.00 0.00 0.00
30.67 28.62 26.63 0.00 21.06 24.51 26.61 21.16 22.17 28.36 24.88 21.35 17.08 13.72 8.47 6.00 7.67 9.93 18.12 17.84 19.64 22.41 31.03 29.93 27.08 23.07 18.34 18.12 13.65 8.01 9.10 11.72 17.75 28.40 26.13 31.77 35.26 28.69 24.82 18.10 5.62 0.00 4.38 4.02 4.02 4.16 3.14 2.48 3.94 7.08 8.61 5.99 4.74 3.50 0.00 0.00 0.00 0.00 1.10 1.10 0.00 1.75 3.65 0.00 0.00 0.00 0.58 1.46 1.90 1.90 1.31 0.00 1.61 0.00 0.00 2.63 1.24 0.00 0.00 0.00 0.00 0.00 0.00
0.00 32.12 27.67 26.93 20.37 18.61 12.61 20.43 24.24 23.94 24.24 30.15 31.26 26.65 20.59 19.05 12.48 8.03 5.75 5.99 6.55 8.20 7.73 8.54 9.11 9.56 7.37 0.00 3.50 4.64 4.18 5.04 7.98 10.72 14.90 24.38 19.49 14.37 7.22 7.78 7.23 4.82 3.07 2.19 2.19 1.10 0.00 0.00 0.00 10.66 20.84 17.31 8.80 4.74 3.07 3.80 2.77 0.00 0.00 0.00 0.00 0.00 0.00 0.00 0.00 0.00 0.00 1.75 2.26 2.26 3.50 2.70 2.34 3.87 2.34 0.00 0.00 0.00 0.00 1.53 0.00 0.00 0.00
0.00 33.11 29.59 28.05 20.78 18.71 12.55 20.22 24.24 23.94 24.24 30.15 31.26 26.65 20.59 19.05 12.48 8.03 5.69 5.69 6.35 7.66 7.23 7.97 9.45 10.28 7.89 0.00 3.56 4.45 4.16 5.04 7.66 10.29 14.45 25.15 20.30 14.45 7.04 7.86 7.26 4.82 3.07 2.19 2.19 1.10 0.00 0.00 0.00 10.77 21.26 17.40 8.80 4.77 3.07 3.80 2.77 0.00 0.00 0.00 0.00 0.00 0.00 0.00 0.00 0.00 0.00 1.75 2.26 2.26 3.50 2.70 2.34 3.87 2.34 0.00 0.00 0.00 0.00 1.53 0.00 0.00 0.00
21.45 22.87 21.72 21.42 19.00 16.18 13.71 23.20 26.65 26.36 21.47 20.20 21.75 24.85 28.45 28.44 19.30 10.59 6.64 6.64 6.64 6.50 4.38 3.94 4.34 4.02 4.94 4.99 3.58 2.48 1.02 0.00 2.56 5.40 7.59 11.68 7.37 4.23 0.00 2.77 3.72 2.12 0.00 0.00 0.00 0.00 3.14 2.26 2.85 6.72 14.24 16.74 13.84 8.89 3.80 0.00 2.63 3.14 2.34 0.00 1.90 0.00 0.29 0.00 0.00 0.88 0.00 2.63 3.50 3.50 3.43 0.00 0.00 0.00 0.00 0.00 0.00 0.00 1.97 0.00 0.00 0.00 0.00
33.87 35.77 26.57 28.25 15.86 17.00 27.34 27.17 25.49 22.66 23.95 21.46 20.29 20.81 24.89 21.97 15.70 11.90 13.72 13.72 13.65 10.00 6.28 5.69 7.23 3.87 4.45 5.69 5.48 3.07 0.00 0.00 0.00 0.00 0.00 0.00 0.00 2.04 0.00 0.00 4.67 3.14 0.00 0.00 0.00 0.00 2.99 0.00 0.00 0.00 5.06 6.68 7.66 8.73 9.13 6.38 3.39 0.00 0.00 1.75 1.83 1.61 2.56 2.77 3.50 1.46 1.46 2.41 3.94 3.94 0.00 4.09 0.00 0.00 0.00 3.50 0.00 0.00 0.80 0.00 0.00 0.00 0.00
38.78 36.50 27.59 25.44 15.28 18.25 21.90 18.85 19.93 18.03 13.72 15.40 16.94 21.17 22.78 19.27 15.11 14.24 15.62 15.62 12.70 5.99 2.26 2.06 3.43 4.16 3.29 3.96 3.08 0.00 0.00 0.00 0.00 0.00 0.00 0.00 0.00 0.00 0.00 1.53 3.87 0.00 0.00 0.00 0.00 0.00 0.80 0.88 0.00 0.00 0.00 2.53 4.38 4.60 9.42 11.17 5.77 0.00 3.14 2.56 1.75 0.00 2.56 0.00 0.00 2.77 2.70 3.50 4.31 4.31 4.23 3.36 2.48 3.87 4.82 3.58 0.00 0.00 0.00 1.39 0.00 0.00 3.50
25.00 26.27 20.20 20.08 12.78 9.33 7.30 6.97 10.40 12.03 10.48 12.63 19.49 26.62 21.90 12.78 10.30 12.33 11.02 11.02 5.99 1.68 0.66 1.24 0.66 1.62 2.12 1.39 0.00 0.00 0.00 0.00 0.00 0.00 0.00 0.00 0.00 0.00 0.00 0.00 0.15 0.00 0.00 0.00 0.00 2.56 0.00 0.00 0.00 0.00 2.19 1.68 2.04 3.80 6.06 6.20 4.96 4.23 3.50 4.67 5.11 3.50 2.92 1.68 0.00 0.00 0.73 1.31 2.56 2.56 2.92 3.72 0.00 3.80 4.74 3.94 4.31 2.85 1.97 3.07 3.21 2.63 2.92
19.27 20.00 17.39 11.45 7.92 2.27 0.59 0.37 0.00 0.00 2.04 4.54 5.48 6.31 7.23 5.34 1.39 2.04 1.83 1.83 2.19 1.39 1.17 1.39 0.80 1.02 1.61 0.00 3.21 0.00 0.00 2.56 0.00 0.00 0.00 0.00 0.00 0.00 0.00 0.15 0.00 0.00 4.09 3.80 3.80 3.07 0.00 0.00 0.00 0.00 4.74 4.45 4.60 4.74 4.09 5.84 6.20 4.16 0.00 3.50 3.50 3.29 1.97 0.00 2.26 4.09 4.60 3.50 0.00 0.00 0.00 0.00 0.00 0.00 0.00 0.00 2.12 3.21 2.85 3.07 2.19 1.05 1.03
8.76 11.04 4.35 0.00 0.00 1.53 2.85 1.61 0.00 0.95 1.61 0.37 0.00 0.00 0.58 0.51 0.00 0.00 0.00 0.00 0.00 0.00 0.00 0.00 0.00 0.00 0.00 0.00 0.00 0.00 0.00 0.00 0.00 0.00 0.00 0.00 0.00 0.00 3.21 2.56 2.56 4.23 5.04 4.31 4.31 5.26 5.91 3.87 0.00 0.00 2.41 3.80 5.18 5.40 5.26 5.62 4.31 3.43 3.58 4.67 5.33 4.74 3.43 2.85 2.63 1.90 3.36 3.72 4.53 4.53 3.94 1.90 2.41 0.00 0.00 0.29 0.00 0.00 0.00 0.00 0.00 0.00 0.00
10.58 0.00 0.00 0.00 0.00 0.00 0.00 0.00 0.00 0.00 0.00 0.00 0.00 0.00 2.19 0.00 0.00 0.00 0.00 0.00 0.00 1.83 0.00 0.00 0.00 0.00 0.00 0.00 0.00 3.29 0.00 0.00 0.00 0.00 0.00 2.56 4.45 3.36 2.92 1.75 2.04 0.51 3.14 3.87 3.87 3.43 3.29 4.31 3.50 0.00 3.36 4.23 5.40 5.84 5.99 6.13 4.02 2.70 2.48 0.00 5.69 4.67 3.07 4.23 4.09 0.00 0.00 0.00 0.00 0.00 3.94 4.16 3.80 2.19 2.63 2.12 0.80 1.53 1.90 0.00 0.00 0.00 0.00
0.00 0.00 0.00 0.00 0.00 0.00 0.00 0.00 0.00 0.00 0.00 0.00 0.00 0.00 0.00 0.00 0.00 0.00 0.00 0.00 0.00 0.00 0.00 0.00 0.00 0.00 0.00 0.00 0.00 0.00 0.00 0.00 0.00 0.00 0.00 0.00 0.00 4.23 0.00 3.14 0.00 0.00 3.36 3.21 3.21 2.48 4.45 6.35 5.48 4.96 5.18 5.48 5.18 6.28 5.77 5.11 3.21 3.14 2.41 2.41 3.14 4.38 3.94 3.58 3.80 2.12 1.90 0.00 0.00 0.00 2.48 0.00 0.00 3.45 2.56 2.56 2.56 2.70 0.00 2.43 2.33 0.00 0.00
0.00 0.00 0.00 0.00 0.00 0.00 0.00 0.00 0.00 1.98 0.00 0.00 0.00 0.00 0.00 0.00 0.00 0.00 0.00 0.00 0.00 0.00 0.00 0.00 0.00 0.00 0.00 2.19 0.00 2.48 3.50 3.07 2.56 2.04 0.00 2.77 3.50 2.85 3.07 2.77 0.00 0.00 1.02 2.26 2.26 2.41 2.48 3.87 2.26 1.17 2.56 4.23 5.40 5.18 4.45 3.80 2.85 3.58 3.36 3.50 4.74 4.53 0.00 3.14 3.87 2.41 0.00 0.00 0.00 0.00 0.00 0.00 0.00 0.00 0.00 2.34 1.75 2.77 0.00 1.39 0.00 0.00 0.00
0.00 4.09 0.00 0.00 0.00 0.00 0.00 0.00 0.00 0.00 0.00 0.00 0.00 0.00 0.00 0.00 0.00 0.00 0.00 0.00 0.00 0.00 0.00 0.00 0.00 0.00 0.00 0.00 0.00 0.00 0.00 4.38 3.36 2.56 2.34 2.99 0.00 1.24 0.00 0.00 0.00 0.00 2.70 3.65 3.65 6.06 4.45 4.16 2.41 0.00 1.17 3.65 4.23 4.45 3.14 3.94 4.96 4.60 4.38 5.26 5.62 4.38 3.72 3.87 2.99 1.83 0.00 0.00 0.00 0.00 0.00 0.00 0.00 0.00 0.00 2.26 1.10 0.00 2.56 2.34 0.00 0.00 0.00
0.00 0.00 0.00 0.00 0.00 0.00 0.00 0.00 0.00 0.00 0.00 0.00 0.00 0.00 0.00 0.00 0.00 0.00 0.00 0.00 0.00 0.00 0.00 0.00 0.00 0.00 0.00 0.00 0.00 0.00 0.00 0.00 1.75 0.00 1.31 2.48 0.00 0.00 0.00 0.00 0.00 0.00 2.56 3.50 3.50 4.82 3.50 2.63 2.48 2.12 3.07 3.94 5.62 5.55 5.04 5.40 4.74 4.16 4.16 5.26 4.82 4.16 3.87 4.23 5.77 3.50 6.20 0.00 2.99 2.99 2.19 0.00 0.00 0.00 1.90 0.00 0.00 0.00 1.68 0.00 0.00 0.00 0.00
0.00 0.00 0.00 0.00 0.00 0.00 0.00 0.00 0.00 0.00 0.00 0.00 0.00 0.00 0.00 0.00 0.00 0.00 0.00 0.00 0.00 0.00 0.00 0.00 0.00 0.00 0.00 0.00 0.00 0.00 0.00 0.00 0.00 0.00 0.00 0.00 0.00 0.00 0.00 0.00 0.00 0.00 0.00 1.68 1.68 1.39 0.00 0.00 0.00 0.00 2.48 3.50 4.09 0.00 2.34 2.34 0.00 0.00 0.00 2.70 2.41 0.00 0.00 0.00 0.00 3.89 0.00 3.94 2.85 2.85 2.70 1.53 1.10 3.43 2.70 2.12 0.00 0.00 0.00 0.00 0.00 0.00 0.00
0.00 0.00 0.00 0.00 0.00 0.00 0.00 0.00 0.00 0.00 0.00 0.00 0.00 0.00 0.00 0.00 0.00 0.00 0.00 0.00 0.00 0.00 0.00 0.00 0.00 0.00 0.00 0.00 0.00 0.00 0.00 0.00 0.00 0.00 0.00 0.00 0.00 0.00 0.00 0.00 0.00 0.00 0.00 0.00 0.00 0.00 0.00 0.00 0.00 0.00 0.22 1.97 0.00 0.88 0.00 0.00 0.88 2.48 2.12 2.41 1.68 0.00 5.48 0.00 0.00 3.43 0.00 0.00 0.00 0.00 3.80 3.50 0.00 0.00 0.00 0.00 0.00 0.00 0.00 0.00 0.00 0.00 0.00
0.00 0.00 0.00 0.00 0.00 0.00 0.00 0.00 0.00 0.00 0.00 0.00 0.00 0.00 0.00 0.00 0.00 0.00 0.00 0.00 0.00 0.00 0.00 0.00 0.00 0.00 0.00 0.00 0.00 0.00 0.00 0.00 0.00 0.00 0.00 0.00 0.00 0.00 0.00 0.00 0.00 0.00 0.00 0.00 0.00 0.00 0.00 0.00 0.00 0.00 0.00 0.00 0.00 0.00 0.00 0.00 2.56 5.11 4.53 3.50 4.38 0.00 0.00 0.00 2.63 0.00 0.00 0.00 0.00 0.00 0.00 0.00 0.00 0.00 0.00 0.00 0.00 0.00 0.00 0.00 0.00 0.00 0.00
0.00 0.00 0.00 0.00 0.00 0.00 0.00 0.00 0.00 0.00 0.00 0.00 0.00 0.00 0.00 0.00 0.00 0.00 0.00 0.00 0.00 0.00 0.00 0.00 0.00 0.00 0.00 0.00 0.00 0.00 0.00 0.00 0.00 0.00 0.00 0.00 0.00 0.00 0.00 0.00 0.00 0.00 0.00 0.00 0.00 0.00 0.00 0.00 0.00 0.00 0.00 0.00 0.00 0.00 0.00 0.00 0.00 1.46 0.00 1.90 1.53 0.00 0.00 0.00 0.66 0.66 0.00 0.00 0.00 0.00 0.00 0.00 0.00 0.00 0.00 0.00 0.00 0.00 0.00 0.00 0.00 0.00 0.00
0.00 0.00 0.00 0.00 0.00 0.00 0.00 0.00 0.00 0.00 0.00 0.00 0.00 0.00 0.00 0.00 0.00 0.00 0.00 0.00 0.00 0.00 0.00 0.00 0.00 0.00 0.00 0.00 0.00 0.00 0.00 0.00 0.00 0.00 0.00 0.00 0.00 0.00 0.00 0.00 0.00 0.00 0.00 0.00 0.00 0.00 1.90 0.00 3.07 0.00 0.00 0.00 0.00 0.00 0.00 0.00 0.00 0.00 1.90 2.48 0.00 3.21 3.58 1.24 2.41 4.09 5.11 1.75 0.00 0.00 0.58 0.00 0.00 0.00 0.00 0.00 0.00 0.00 0.00 0.00 0.00 0.00 0.00
0.00 0.00 0.00 0.00 0.00 0.00 0.00 0.00 0.00 0.00 0.00 0.00 0.00 0.00 0.00 0.00 0.00 0.00 0.00 0.00 0.00 0.00 0.00 0.00 0.00 0.00 0.00 0.00 0.00 0.00 0.00 0.00 0.00 0.00 0.00 3.21 0.00 0.00 0.00 0.00 0.00 0.00 0.00 0.00 0.00 0.00 0.00 0.00 0.00 0.00 0.00 1.75 0.00 0.00 3.65 0.00 0.00 3.87 2.77 0.00 0.00 4.16 7.81 6.64 2.70 5.11 7.01 3.36 2.77 2.77 3.58 5.11 3.72 0.00 0.00 0.00 0.00 0.00 0.00 0.00 0.00 0.00 0.00
0.00 0.00 0.00 0.00 0.00 0.00 0.00 0.00 0.00 0.00 0.00 0.00 0.00 0.00 0.00 0.00 0.00 0.00 0.00 0.00 0.00 0.00 0.00 0.00 0.00 0.00 0.00 0.00 0.00 0.00 0.00 0.00 0.00 0.00 0.00 0.00 0.00 0.00 0.00 0.00 0.00 0.00 0.22 0.00 0.00 0.00 2.70 2.92 0.00 0.00 3.36 4.89 3.07 0.00 6.94 7.15 5.77 5.84 5.91 0.00 0.00 0.00 0.00 2.92 3.50 1.97 1.90 2.92 1.31 1.31 3.58 4.53 7.15 7.23 4.60 1.10 0.80 0.00 0.00 0.00 0.00 0.00 0.00
0.00 0.00 0.00 0.00 0.00 0.00 0.00 0.00 0.00 0.00 0.00 0.00 0.00 0.00 0.00 0.00 0.00 0.00 0.00 0.00 0.00 0.00 0.00 0.00 0.00 0.00 0.00 3.72 3.65 0.00 1.39 0.15 0.00 0.00 0.00 4.96 6.42 6.28 8.91 8.47 6.64 4.16 3.14 3.80 3.80 3.65 3.94 0.00 0.00 3.58 0.00 0.00 0.00 0.00 4.02 0.00 0.00 0.00 0.00 0.00 3.21 2.77 1.24 5.33 7.01 6.28 5.40 3.36 2.63 2.63 1.17 1.61 5.84 7.74 6.28 3.71 1.66 0.38 0.00 0.00 1.10 0.00 0.00
0.00 0.00 0.00 0.00 0.00 0.00 0.00 0.00 0.00 0.00 0.00 0.00 0.00 0.00 0.00 0.00 0.00 0.00 0.00 0.00 0.00 0.00 0.00 0.00 0.00 0.00 0.00 0.00 0.00 0.00 1.10 2.19 4.02 4.38 4.82 6.35 5.33 3.14 2.92 5.40 3.43 0.00 0.00 4.09 4.09 3.36 0.00 0.00 0.00 0.00 0.00 2.04 3.87 3.80 3.65 0.00 0.00 3.21 5.26 7.45 4.89 4.16 6.79 6.64 7.01 6.28 6.20 8.91 6.20 6.20 3.87 3.50 5.26 5.69 5.69 4.82 3.26 1.76 1.74 1.28 1.03 2.41 1.87
0.00 0.00 0.00 0.00 0.00 0.00 0.00 0.00 0.00 0.00 0.00 0.00 0.00 0.00 0.00 0.00 0.00 0.00 0.00 0.00 0.00 0.00 0.00 0.00 0.00 0.00 0.00 0.00 2.77 3.80 3.21 5.04 7.66 8.32 5.33 3.50 4.38 3.94 0.00 3.80 0.00 0.00 0.00 3.29 3.29 2.77 0.00 0.00 0.00 0.00 0.00 0.29 0.00 4.45 3.72 2.70 0.00 5.91 10.66 17.37 17.96 18.32 11.46 10.00 6.86 5.04 0.00 6.94 9.86 9.86 0.00 7.30 7.08 3.72 4.45 6.42 5.40 4.94 6.97 7.96 4.82 3.36 1.75
0.00 0.00 0.00 0.00 0.00 0.00 0.00 0.00 0.00 0.00 0.00 0.00 0.00 0.00 0.00 0.00 0.00 0.00 0.00 0.00 0.00 0.00 0.00 0.00 0.00 0.00 3.50 1.83 4.96 7.15 7.74 7.15 7.59 0.00 0.00 2.92 3.65 0.00 0.00 0.00 0.00 0.00 0.00 0.00 0.00 0.00 0.00 1.46 2.48 1.53 0.00 0.00 0.00 0.00 0.00 1.61 2.19 2.48 6.50 8.47 11.90 9.86 8.76 8.40 7.96 8.54 5.77 5.99 5.69 5.69 3.58 3.87 2.77 2.99 1.97 3.65 4.67 3.87 3.72 4.82 6.13 7.01 5.04
0.00 0.00 0.00 0.00 0.00 0.00 0.00 0.00 0.00 0.00 0.00 0.00 0.00 0.00 0.00 0.00 0.00 0.00 0.00 0.00 0.00 0.00 0.29 2.04 3.87 5.40 4.23 6.79 6.57 0.00 5.48 4.53 4.09 4.89 2.19 0.66 0.00 0.00 0.00 0.00 0.00 0.00 0.00 0.00 0.00 0.00 2.92 5.48 4.67 3.14 2.26 0.00 3.87 0.00 0.00 0.00 0.00 0.00 0.00 3.43 0.00 6.20 6.94 6.50 6.72 6.13 6.86 7.23 8.10 8.10 4.67 2.63 1.68 1.83 1.02 2.92 3.07 3.43 4.09 5.18 5.55 7.08 13.43
0.00 0.00 0.00 0.00 0.00 0.00 0.00 0.00 0.00 0.00 0.00 0.00 0.00 2.04 0.00 0.00 0.00 0.00 0.00 0.00 0.00 0.00 2.99 1.75 0.00 0.00 2.56 5.33 6.35 6.64 5.40 4.74 6.28 9.20 13.87 5.99 3.80 3.80 4.38 3.36 0.00 0.00 0.00 0.00 0.00 0.00 0.00 2.70 3.07 2.85 2.70 0.00 7.52 7.15 0.00 0.00 0.00 2.19 0.00 0.00 0.00 0.00 0.00 0.00 0.00 3.36 3.07 4.16 7.81 7.81 6.13 1.83 1.02 0.00 0.00 0.44 0.00 0.00 1.39 5.26 7.37 7.15 9.86
0.00 0.00 0.00 0.00 0.00 0.00 0.00 0.00 0.00 0.00 0.00 0.00 0.00 0.00 0.00 0.00 0.00 0.00 0.00 0.00 2.99 5.26 4.96 2.99 0.00 0.00 0.00 4.82 5.62 0.00 4.96 4.67 1.61 0.00 0.00 5.18 5.33 0.00 0.00 4.60 6.72 4.38 0.00 2.63 2.63 3.72 0.00 0.00 2.04 1.75 0.00 0.00 2.92 3.50 4.02 0.00 0.00 0.00 0.00 2.48 2.92 3.29 3.87 0.00 0.00 0.00 0.00 0.00 4.23 4.23 5.62 6.86 1.17 0.00 0.00 0.00 0.00 0.00 0.00 2.63 6.50 6.42 6.94
0.00 0.00 0.00 0.00 0.00 0.00 0.00 0.00 0.00 0.00 0.00 0.00 0.00 0.00 0.00 0.00 0.00 0.00 2.56 2.56 7.74 7.88 6.28 3.36 4.60 0.00 0.00 4.45 0.00 0.00 0.00 4.23 5.48 4.31 4.02 4.09 0.00 0.00 0.00 0.00 0.00 4.53 3.50 3.80 3.80 4.38 4.60 0.00 0.00 0.00 3.29 5.62 4.60 5.77 6.64 4.31 5.99 0.00 3.21 1.31 5.40 5.26 4.82 0.00 0.00 0.00 0.00 0.00 0.00 0.00 5.84 7.74 2.93 0.80 0.00 0.00 0.00 0.00 0.00 0.00 1.17 3.87 4.45
0.00 0.00 0.00 0.00 0.00 0.00 0.00 0.00 0.00 0.00 0.00 0.00 0.00 0.00 0.00 6.79 7.59 6.20 4.67 4.67 5.40 4.74 4.89 3.21 4.96 0.00 0.00 1.90 0.00 2.85 1.97 3.80 5.69 3.80 3.72 1.39 0.00 0.00 0.00 0.00 0.00 2.56 2.41 3.21 3.21 0.00 0.00 0.00 0.00 0.00 0.00 4.23 4.96 0.00 0.00 5.99 2.77 5.40 5.18 4.16 2.85 0.00 0.00 0.00 0.00 0.00 0.00 0.00 0.00 0.00 5.91 6.20 4.53 4.96 0.00 0.00 0.00 0.00 0.00 0.00 2.92 3.72 3.23
