Wansh/Snow_depth/snowdepth-1986/spring/1986108.txt
ncols 321
nrows 161
xllcenter 60
yllcenter 15 
cellsize  0.25 
NODATA_value -1
[rows 0 to 36 of 161, columns 168 to 251 of 321]
0.00 0.00 0.00 0.00 0.00 0.00 0.00 0.00 3.14 3.14 3.43 3.80 4.74 3.80 3.43 3.58 4.96 6.64 9.42 11.39 8.18 6.86 7.37 9.27 8.69 5.69 5.91 8.47 12.05 15.26 10.22 8.76 10.51 11.46 11.90 11.90 7.15 7.66 19.20 22.92 21.53 24.24 25.48 25.40 31.61 32.92 33.14 30.37 28.32 22.56 18.18 20.73 19.71 18.40 18.18 22.34 27.16 25.55 23.51 23.80 23.80 21.83 22.27 27.96 32.05 33.36 31.97 28.69 25.19 22.56 22.19 22.48 23.29 21.83 21.83 22.27 21.75 20.29 20.73 20.81 19.71 18.98 18.40 19.64
0.00 0.00 0.00 0.00 0.00 0.00 0.00 3.21 3.80 3.80 4.82 5.26 5.77 4.31 2.70 2.77 4.82 6.35 9.34 9.20 7.01 6.42 7.88 8.03 4.96 2.99 4.89 9.78 14.02 12.12 8.47 9.93 9.78 7.88 2.99 2.99 2.19 6.94 13.21 27.74 28.54 30.08 34.09 37.23 38.40 33.94 29.86 25.84 27.01 25.70 22.34 18.03 15.48 17.89 19.71 22.48 29.49 29.78 27.16 25.70 25.70 25.40 29.93 33.51 34.67 36.43 31.10 25.48 25.62 25.04 24.02 23.36 21.83 21.17 20.44 20.73 19.86 19.93 20.00 19.93 19.05 18.54 19.35 21.24
9.78 0.00 0.00 8.47 6.79 3.94 2.85 3.14 0.00 0.00 0.00 5.91 4.82 4.38 4.82 5.33 8.25 9.27 7.59 6.13 3.21 3.72 6.35 6.79 4.89 0.00 0.00 0.00 13.72 10.80 6.13 6.28 1.53 0.00 0.37 0.37 10.59 10.22 31.39 31.83 32.63 32.41 34.16 35.92 26.72 25.26 25.19 23.36 23.00 22.92 20.44 20.08 20.22 23.00 24.45 23.87 22.56 24.02 26.50 25.77 25.77 24.16 26.28 28.25 28.11 28.40 27.38 26.06 26.86 30.73 27.30 24.67 23.36 21.61 21.02 20.44 20.66 20.73 21.68 21.75 19.71 16.72 16.13 15.11
9.78 0.00 0.00 8.47 6.79 3.94 2.85 3.14 0.00 0.00 0.00 5.91 4.82 4.38 4.82 5.33 8.25 9.27 7.59 6.13 3.21 3.72 6.35 6.79 4.89 0.00 0.00 0.00 13.72 10.80 6.13 6.28 1.53 0.00 0.37 0.37 10.59 10.22 31.39 31.83 32.63 32.41 34.16 35.92 26.72 25.26 25.19 23.36 23.00 22.92 20.44 20.08 20.22 23.00 24.45 23.87 22.56 24.02 26.50 25.77 25.77 24.16 26.28 28.25 28.11 28.40 27.38 26.06 26.86 30.73 27.30 24.67 23.36 21.61 21.02 20.44 20.66 20.73 21.68 21.75 19.71 16.72 16.13 15.11
7.74 9.93 0.00 0.00 0.00 5.84 4.16 2.77 3.29 3.29 3.94 5.91 5.11 4.31 5.55 5.77 10.29 11.32 10.29 7.30 6.42 6.50 8.10 8.32 4.82 0.00 0.00 0.00 9.64 12.78 6.64 1.61 0.00 2.34 8.40 8.40 10.80 26.28 30.88 31.46 29.42 30.00 28.76 24.60 26.86 26.50 27.67 25.84 26.57 24.16 22.48 21.10 20.51 22.70 25.04 22.56 20.95 23.87 25.04 24.53 24.53 25.48 27.89 28.91 28.18 26.28 25.84 24.89 24.24 23.73 24.02 22.05 22.63 19.05 15.77 13.94 12.56 12.99 13.51 15.18 15.62 15.26 15.33 13.65
2.77 0.00 0.00 0.00 0.00 0.00 0.00 4.23 4.60 4.60 7.15 10.51 10.88 9.34 7.59 5.69 6.72 7.37 4.23 4.31 6.64 7.01 3.87 0.00 0.00 0.00 0.00 7.66 9.49 9.42 4.96 0.29 1.17 7.01 10.59 10.59 21.97 20.44 22.12 23.94 25.48 30.44 33.43 27.59 28.91 30.59 28.47 27.08 26.57 25.26 26.28 28.62 25.77 22.27 21.17 21.39 21.17 19.35 18.40 20.44 20.44 24.60 27.96 29.27 25.40 19.05 15.99 16.79 17.01 16.06 17.30 16.06 16.35 14.75 11.68 10.59 10.66 11.61 13.36 13.65 12.85 12.26 13.21 14.38
2.04 0.00 0.00 0.00 0.00 0.00 0.00 5.40 7.66 7.66 8.83 11.90 11.02 10.66 9.86 6.57 6.06 5.11 5.11 7.08 7.08 0.00 0.00 0.00 0.00 0.00 0.00 8.76 10.29 9.27 7.23 8.32 10.88 12.26 24.53 24.53 24.67 22.92 23.14 24.38 24.75 26.50 23.29 24.02 23.80 24.82 26.79 29.42 28.32 25.55 26.50 28.54 27.67 25.92 22.56 19.93 17.16 15.55 16.79 17.08 17.08 18.32 21.53 21.46 14.75 13.58 12.85 13.58 12.12 11.53 11.39 10.37 10.59 10.37 9.05 9.34 10.95 11.97 13.07 13.08 14.03 12.46 9.05 12.49
2.04 0.00 0.00 0.00 0.00 0.00 0.00 5.40 7.66 7.66 8.83 11.90 11.02 10.66 9.86 6.57 6.06 5.11 5.11 7.08 7.08 0.00 0.00 0.00 0.00 0.00 0.00 8.76 10.29 9.27 7.23 8.32 10.88 12.26 24.53 24.53 24.67 22.92 23.14 24.38 24.75 26.50 23.29 24.02 23.80 24.82 26.79 29.42 28.32 25.55 26.50 28.54 27.67 25.92 22.56 19.93 17.16 15.55 16.79 17.08 17.08 18.32 21.53 21.46 14.75 13.58 12.85 13.58 12.12 11.53 11.39 10.37 10.59 10.37 9.05 10.80 15.10 17.23 17.90 22.22 23.17 16.58 11.64 12.96
4.45 0.00 0.00 0.00 0.00 0.00 0.80 3.36 5.55 5.55 6.42 3.36 2.56 2.48 3.43 5.18 5.33 9.20 0.00 0.00 0.00 0.00 0.00 0.00 0.00 0.00 4.45 6.72 8.47 8.47 7.23 8.47 12.41 25.26 27.52 27.52 27.45 24.24 22.27 22.85 24.02 26.94 25.62 23.87 23.21 19.42 22.41 28.32 31.39 27.89 26.13 26.94 21.53 18.54 16.86 16.13 14.31 13.94 15.11 15.11 15.11 13.51 14.24 13.14 12.34 11.83 10.59 9.78 9.49 8.91 9.71 9.49 9.05 8.65 12.34 14.93 16.51 15.37 15.26 20.72 18.41 16.21 14.35 13.98
5.55 4.38 3.21 0.00 0.00 0.00 0.00 0.00 0.00 0.00 0.00 2.56 3.50 3.87 0.00 0.00 0.00 0.00 0.00 0.00 0.00 0.00 0.00 0.00 0.00 4.82 8.40 8.18 6.57 7.37 9.86 11.46 17.96 21.17 25.26 25.26 21.61 21.53 22.70 24.24 24.60 21.17 23.36 22.05 21.17 23.14 21.02 23.00 25.40 21.68 20.15 13.94 8.76 8.69 9.56 10.37 8.10 8.25 9.78 11.68 11.68 11.97 13.36 15.40 16.13 14.38 12.99 11.24 10.51 11.53 12.63 12.78 11.47 13.75 15.40 16.44 17.56 20.49 22.73 20.25 17.35 18.91 20.29 17.71
5.84 5.11 6.42 7.81 5.84 0.00 1.24 0.15 0.15 0.15 1.97 4.45 0.00 0.00 0.00 0.00 0.00 0.00 0.00 0.00 0.00 0.00 0.00 0.00 6.13 8.25 6.28 4.53 3.43 5.48 6.86 8.76 13.94 14.60 17.67 17.67 18.25 20.51 23.80 27.08 26.28 19.93 19.56 18.91 18.61 16.64 11.68 9.71 9.71 10.15 8.25 5.04 2.99 6.20 4.82 3.72 0.00 3.14 4.67 7.08 7.08 9.27 11.39 12.92 14.09 12.41 11.90 12.99 13.14 13.21 12.70 11.68 10.56 9.86 10.24 16.23 22.67 22.19 17.13 17.67 18.07 20.12 15.51 15.23
5.84 5.11 6.42 7.81 5.84 0.00 1.24 0.15 0.15 0.15 1.97 4.45 0.00 0.00 0.00 0.00 0.00 0.00 0.00 0.00 0.00 0.00 0.00 0.00 6.13 8.25 6.28 4.53 3.43 5.48 6.86 8.76 13.94 14.60 17.67 17.67 18.25 20.51 23.80 27.08 26.28 19.93 19.56 18.91 18.61 16.64 11.68 9.71 9.71 10.15 8.25 5.04 2.99 6.20 4.82 3.72 0.00 3.14 4.67 7.08 7.08 9.27 11.39 12.92 14.09 12.41 11.90 12.99 13.14 13.21 12.70 11.68 10.29 9.71 9.93 15.07 20.21 20.55 18.28 18.33 18.07 19.68 17.03 16.30
11.46 9.56 6.28 5.40 5.69 6.94 6.06 2.77 1.75 1.75 3.29 0.00 0.00 0.00 0.00 0.00 0.00 0.00 0.00 0.00 0.00 0.00 0.00 2.63 3.65 0.00 0.00 0.00 0.00 0.00 0.00 15.48 16.72 17.23 18.76 18.76 20.44 22.05 24.53 25.70 23.87 18.91 20.22 17.81 11.39 7.23 5.48 6.72 6.50 5.91 5.18 3.94 3.87 3.14 3.29 0.00 0.00 0.00 4.82 7.08 7.08 8.10 8.98 11.02 14.67 14.02 13.87 14.53 17.89 16.79 15.26 11.75 10.66 11.24 11.23 13.44 17.47 15.76 14.92 14.93 14.60 17.18 16.62 12.17
1.24 2.99 2.85 3.80 3.87 4.82 6.20 0.00 0.00 0.00 0.00 0.00 0.00 0.00 0.00 0.00 0.00 0.00 0.00 0.00 0.00 0.00 0.00 0.00 0.00 0.00 0.00 0.00 0.00 0.00 19.64 21.02 20.73 20.08 19.05 19.05 19.13 18.98 19.20 21.90 23.94 25.33 22.41 9.42 5.11 6.42 5.99 4.02 3.21 3.07 0.00 0.00 0.00 0.00 0.00 4.45 5.77 6.28 7.74 10.37 10.37 10.59 13.94 14.53 14.89 14.60 16.57 18.54 19.49 19.86 17.23 11.68 11.61 11.96 12.91 13.12 12.43 14.28 17.52 14.60 18.48 15.82 12.40 11.66
10.29 11.61 11.97 12.99 13.29 9.78 7.59 7.15 5.91 5.91 7.15 7.37 4.16 2.92 0.00 0.00 0.00 0.00 0.00 0.00 0.00 0.00 0.00 0.00 0.00 0.00 0.00 0.00 0.00 18.61 16.94 17.59 17.37 16.94 15.84 15.84 16.79 20.29 20.44 13.80 14.45 15.77 5.33 6.42 8.61 8.98 6.35 4.67 0.00 0.00 0.00 0.00 0.00 0.00 0.00 0.00 6.79 6.79 8.25 10.07 10.07 10.95 11.17 12.12 11.02 14.82 19.13 21.61 20.66 18.61 13.14 8.25 8.16 11.28 10.82 12.17 14.81 16.98 14.79 14.79 17.25 14.79 14.09 13.51
22.19 16.86 15.99 16.79 17.52 16.13 14.24 12.92 10.51 10.51 8.47 7.59 5.84 3.87 0.00 0.00 0.00 0.00 0.00 0.00 0.00 0.00 0.00 0.00 0.00 0.00 0.00 0.00 15.91 14.67 14.89 14.67 15.91 17.89 17.37 17.37 16.64 16.43 14.82 5.55 3.36 7.52 10.15 11.90 10.29 6.50 5.99 5.91 4.53 0.00 0.00 0.00 0.00 0.00 0.00 0.00 0.00 7.08 8.91 8.40 8.40 9.13 10.44 10.22 9.34 10.15 12.19 12.63 12.92 10.73 8.32 8.35 10.68 11.87 13.72 13.30 17.14 13.39 13.56 14.00 12.28 13.84 11.46 11.89
22.19 16.86 15.99 16.79 17.52 16.13 14.24 12.92 10.51 10.51 8.47 7.59 5.84 3.87 0.00 0.00 0.00 0.00 0.00 0.00 0.00 0.00 0.00 0.00 0.00 0.00 0.00 0.00 15.91 14.67 14.89 14.67 15.91 17.89 17.37 17.37 16.64 16.43 14.82 5.55 3.36 7.52 10.15 11.90 10.29 6.50 5.99 5.91 4.53 0.00 0.00 0.00 0.00 0.00 0.00 0.00 0.00 7.08 8.91 8.40 8.40 9.13 10.44 10.22 9.34 10.15 12.19 12.63 12.92 10.73 8.32 10.26 10.01 12.91 12.32 16.46 17.39 14.81 13.83 12.63 11.87 11.90 12.47 13.50
14.09 9.93 2.70 3.80 4.23 4.45 6.64 7.59 7.66 7.66 5.33 5.11 3.14 0.51 0.00 0.00 0.00 0.00 0.00 0.00 0.00 0.00 0.00 0.00 0.00 0.00 0.00 0.00 14.31 14.60 15.40 15.62 16.79 17.23 17.67 17.67 17.67 14.16 11.32 11.97 14.53 16.43 15.70 13.36 10.15 6.20 0.00 0.00 0.00 0.00 0.00 0.00 0.00 0.00 0.00 0.00 0.00 0.00 4.53 4.16 4.16 4.09 5.18 4.82 4.16 4.16 4.82 5.33 6.72 6.72 8.17 10.54 10.59 9.83 12.34 15.93 15.88 11.56 11.35 14.71 12.33 11.40 11.53 11.61
12.12 15.55 10.80 5.55 2.77 0.37 1.39 3.21 1.68 1.68 0.80 0.00 0.00 0.00 0.00 0.00 0.00 0.00 0.00 0.00 0.00 0.00 0.00 0.00 0.00 0.00 0.00 15.04 14.67 14.82 14.82 15.33 15.48 15.55 16.35 16.35 17.59 16.21 12.78 12.41 13.07 13.07 11.39 6.13 4.67 0.00 0.00 0.00 0.00 0.00 0.00 0.00 0.00 0.00 0.00 0.00 0.00 0.00 0.00 1.75 1.75 3.21 1.90 2.04 1.53 0.00 2.70 3.14 5.18 7.19 10.77 11.50 10.18 6.99 8.57 7.72 7.53 10.37 12.04 16.61 13.11 12.43 11.89 12.44
3.43 0.00 8.61 8.83 7.66 5.40 3.14 1.10 0.00 0.00 0.15 0.00 0.00 0.00 0.00 0.00 0.00 0.00 0.00 0.00 0.00 0.00 0.00 0.00 0.00 0.00 16.43 16.13 11.68 11.75 14.82 15.99 16.57 17.01 14.82 14.82 14.75 13.36 13.65 12.12 11.83 10.80 0.00 0.00 0.00 0.00 0.00 0.00 0.00 0.00 0.00 0.00 0.00 0.00 0.00 0.00 0.00 0.00 0.00 0.00 0.00 0.00 0.00 0.00 0.00 3.80 4.45 4.67 4.67 5.26 7.01 10.07 9.93 8.69 8.18 7.90 10.62 14.17 17.33 16.49 16.72 12.35 10.27 11.24
0.00 0.00 0.00 0.00 0.00 0.00 5.26 4.09 2.77 2.77 0.00 0.00 0.00 0.00 0.00 0.00 0.00 0.00 0.00 0.00 0.00 0.00 0.00 0.00 0.00 0.00 10.00 9.78 11.32 13.51 16.43 17.67 17.37 14.97 16.86 16.86 16.86 5.91 8.61 6.50 7.74 4.96 0.00 0.00 0.00 0.00 0.00 0.00 0.00 0.00 0.00 0.00 0.00 0.00 0.00 0.00 0.00 0.00 0.00 0.00 0.00 0.00 0.00 0.00 0.00 3.07 5.33 8.18 6.64 4.02 7.52 10.95 10.66 11.97 13.35 14.01 16.71 15.93 17.86 15.37 14.97 11.34 12.30 9.01
0.00 0.00 0.00 0.00 0.00 0.00 0.00 0.00 0.00 0.00 0.00 0.00 0.00 0.00 0.00 0.00 0.00 0.00 0.00 0.00 0.00 0.00 0.00 0.00 0.00 11.10 10.37 9.13 10.37 18.10 18.83 16.57 16.06 18.91 21.39 21.39 17.45 2.99 2.85 1.83 3.94 0.00 0.00 0.00 0.00 0.00 0.00 0.00 0.00 0.00 0.00 0.00 0.00 0.00 0.00 0.00 0.00 0.00 0.00 0.00 0.00 0.00 0.00 0.00 0.00 0.00 0.00 3.72 0.00 0.00 8.47 11.83 13.21 14.45 15.74 17.35 18.70 14.42 17.32 16.45 13.04 9.70 10.68 12.93
0.00 0.00 0.00 0.00 0.00 0.00 0.00 0.00 0.00 0.00 0.00 0.00 0.00 0.00 0.00 0.00 0.00 0.00 0.00 0.00 0.00 0.00 0.00 0.00 0.00 11.10 10.37 9.13 10.37 18.10 18.83 16.57 16.06 18.91 21.39 21.39 17.45 2.99 2.85 1.83 3.94 0.00 0.00 0.00 0.00 0.00 0.00 0.00 0.00 0.00 0.00 0.00 0.00 0.00 0.00 0.00 0.00 0.00 0.00 0.00 0.00 0.00 0.00 0.00 0.00 0.00 0.00 3.72 0.00 0.00 8.47 11.83 13.21 14.45 15.11 17.44 14.52 12.69 14.51 19.15 15.95 9.91 8.37 11.93
0.00 0.00 0.00 0.00 0.00 0.00 0.00 0.00 0.00 0.00 0.00 0.00 0.00 0.00 0.00 0.00 0.00 0.00 0.00 0.00 0.00 0.00 0.00 0.00 12.48 11.61 10.22 12.85 14.09 16.43 18.83 14.82 11.02 10.73 9.64 9.64 0.00 0.51 1.46 2.41 0.00 0.00 0.00 0.00 0.00 0.00 0.00 0.00 0.00 0.00 0.00 0.00 0.00 0.00 0.00 0.00 0.00 0.00 0.00 0.00 0.00 0.00 0.00 0.00 0.00 0.00 0.00 0.00 0.00 1.02 5.69 9.34 14.24 15.91 15.91 14.09 15.52 18.68 18.67 16.18 13.94 14.06 12.28 13.20
0.00 0.00 0.00 0.00 0.00 0.00 0.00 0.00 0.00 0.00 0.00 0.00 0.00 0.00 0.00 0.00 0.00 0.00 0.00 0.00 0.00 0.00 0.00 12.70 9.93 11.53 15.11 18.61 14.82 11.17 8.18 4.09 2.41 1.10 0.29 0.29 0.00 0.00 0.00 0.00 0.00 0.00 0.00 0.00 0.00 0.00 0.00 0.00 0.00 0.00 0.00 0.00 0.00 0.00 0.00 0.00 0.00 0.00 0.00 0.00 0.00 0.00 0.00 0.00 0.00 0.00 0.00 0.00 0.37 4.53 8.10 12.78 18.69 18.83 19.54 17.72 20.07 23.63 27.04 22.27 20.44 12.72 14.05 15.47
0.00 0.00 0.00 0.00 0.00 0.00 0.00 0.00 0.00 0.00 0.00 0.00 0.00 0.00 0.00 0.00 0.00 0.00 0.00 0.00 0.00 0.00 0.00 12.92 10.80 14.24 17.96 16.43 12.78 9.13 5.69 2.48 1.97 1.61 0.00 0.00 0.00 0.00 0.00 0.00 0.00 0.00 0.00 0.00 0.00 0.00 0.00 0.00 0.00 0.00 0.00 0.00 0.00 0.00 0.00 0.00 0.00 0.00 0.00 0.00 0.00 0.00 0.00 0.00 0.00 0.00 0.00 0.00 2.34 6.64 14.31 19.49 25.86 27.14 24.46 24.33 24.58 21.56 18.66 18.53 16.28 16.96 17.52 16.46
0.00 0.00 0.00 0.00 0.00 0.00 0.00 0.00 0.00 0.00 0.00 0.00 0.00 0.00 0.00 0.00 0.00 0.00 0.00 0.00 0.00 0.00 16.94 15.55 13.43 11.75 11.97 8.69 8.03 5.04 2.92 1.90 1.61 0.95 0.00 0.00 0.00 0.00 0.00 0.00 0.00 0.00 0.00 0.00 0.00 0.00 0.00 0.00 0.00 0.00 0.00 0.00 0.00 0.00 0.00 0.00 0.00 0.00 0.00 0.00 0.00 0.00 0.00 0.00 0.00 0.00 0.00 0.00 3.43 9.86 14.89 18.69 29.12 28.90 27.32 27.81 31.76 20.91 16.82 14.83 13.87 13.54 15.16 16.49
0.00 0.00 0.00 0.00 0.00 0.00 0.00 0.00 0.00 0.00 0.00 0.00 0.00 0.00 0.00 0.00 0.00 0.00 0.00 0.00 0.00 6.79 9.34 10.29 6.42 2.12 3.36 4.31 4.09 1.97 1.39 0.44 0.00 0.00 0.00 0.00 0.00 0.00 0.00 0.00 0.00 0.00 0.00 0.00 0.00 0.00 0.00 0.00 0.00 0.00 0.00 0.00 0.00 0.00 0.00 0.00 0.00 0.00 0.00 0.00 0.00 0.00 0.00 0.00 0.00 0.00 0.00 0.00 2.92 13.07 21.71 22.37 29.89 27.10 24.44 28.57 20.89 19.83 14.85 13.64 9.93 8.49 10.52 7.78
0.00 0.00 0.00 0.00 0.00 0.00 0.00 0.00 0.00 0.00 0.00 0.00 0.00 0.00 0.00 0.00 0.00 0.00 0.00 0.00 0.00 6.79 9.34 10.29 6.42 2.12 3.36 4.31 4.09 1.97 1.39 0.44 0.00 0.00 0.00 0.00 0.00 0.00 0.00 0.00 0.00 0.00 0.00 0.00 0.00 0.00 0.00 0.00 0.00 0.00 0.00 0.00 0.00 0.00 0.00 0.00 0.00 0.00 0.00 0.00 0.00 0.00 0.00 0.00 0.00 0.00 0.00 0.00 2.92 13.07 21.82 22.13 27.03 30.20 26.08 33.34 24.25 19.19 15.51 13.25 10.50 10.07 9.60 6.61
0.00 0.00 0.00 0.00 0.00 0.00 0.00 0.00 0.00 0.00 0.00 0.00 0.00 0.00 0.00 0.00 0.00 0.00 0.00 0.00 0.00 2.48 2.41 4.31 4.38 2.04 1.68 2.92 2.19 1.17 0.00 0.00 0.00 0.00 0.00 0.00 0.00 0.00 0.00 0.00 0.00 0.00 0.00 0.00 0.00 0.00 0.00 0.00 0.00 0.00 0.00 0.00 0.00 0.00 0.00 0.00 0.00 0.00 0.00 0.00 0.00 0.00 0.00 0.00 0.00 0.00 0.00 0.00 8.66 19.17 26.47 28.61 32.52 31.27 31.45 24.04 18.03 16.04 15.82 14.60 11.52 11.00 5.93 0.00
0.00 0.00 0.00 0.00 0.00 0.00 0.00 0.00 0.00 0.00 0.00 0.00 0.00 0.00 0.00 0.00 0.00 0.00 0.00 0.00 5.62 6.06 1.68 2.85 2.70 2.41 2.70 2.48 1.68 0.00 0.00 0.00 0.00 0.00 0.00 0.00 0.00 0.00 0.00 0.00 0.00 0.00 0.00 0.00 0.00 0.00 0.00 0.00 0.00 0.00 0.00 0.00 0.00 0.00 0.00 0.00 0.00 0.00 0.00 0.00 0.00 0.00 0.00 0.00 0.00 0.00 0.00 0.00 13.51 24.75 30.59 26.87 26.83 26.41 27.60 14.25 10.54 11.08 12.93 14.28 11.51 8.19 0.00 0.00
0.00 0.00 0.00 0.00 0.00 0.00 0.00 0.00 0.00 0.00 0.00 0.00 0.00 0.00 0.00 0.00 0.00 0.00 0.00 0.00 2.34 0.66 0.00 0.00 0.00 1.17 2.12 1.75 0.00 0.00 0.00 0.00 0.00 0.00 0.00 0.00 0.00 0.00 0.00 0.00 0.00 0.00 0.00 0.00 0.00 0.00 0.00 0.00 0.00 0.00 0.00 0.00 0.00 0.00 0.00 0.00 0.00 0.00 0.00 0.00 0.00 0.00 0.00 0.00 0.00 0.00 0.00 9.64 20.95 25.33 28.76 27.82 27.90 27.30 16.77 7.42 6.85 10.92 15.32 17.69 11.95 3.83 0.00 0.00
0.00 0.00 0.00 0.00 0.00 0.00 0.00 0.00 0.00 0.00 0.00 0.00 0.00 0.00 0.00 0.00 0.00 0.00 0.00 2.99 4.23 0.00 0.00 0.00 0.00 0.00 0.00 0.00 0.00 0.00 0.00 0.00 0.00 0.00 0.00 0.00 0.00 0.00 0.00 0.00 0.00 0.00 0.00 0.00 0.00 0.00 0.00 0.00 0.00 0.00 0.00 0.00 0.00 0.00 0.00 0.00 0.00 0.00 0.00 0.00 0.00 0.00 0.00 0.00 0.00 0.00 0.00 11.46 24.67 26.28 29.71 25.88 24.33 29.31 8.98 2.98 4.57 6.71 9.10 11.82 0.00 0.00 0.00 0.00
0.00 0.00 0.00 0.00 0.00 0.00 0.00 0.00 0.00 0.00 0.00 0.00 0.00 0.00 0.00 0.00 0.00 0.00 0.00 8.25 8.32 7.66 4.74 2.63 0.00 0.00 0.00 0.00 0.00 0.00 0.00 0.00 0.00 0.00 0.00 0.00 0.00 0.00 0.00 0.00 0.00 0.00 0.00 0.00 0.00 0.00 0.00 0.00 0.00 0.00 0.00 0.00 0.00 0.00 0.00 0.00 0.00 0.00 0.00 0.00 0.00 0.00 0.00 0.00 0.00 0.00 0.00 7.37 24.53 28.47 32.12 24.24 19.06 2.32 3.09 2.52 4.05 4.36 0.00 0.00 0.00 0.00 0.00 0.00
0.00 0.00 0.00 0.00 0.00 0.00 0.00 0.00 0.00 0.00 0.00 0.00 0.00 0.00 0.00 0.00 0.00 0.00 0.15 3.58 10.59 14.67 10.44 3.94 0.00 1.17 2.34 0.00 0.00 0.00 0.00 0.00 0.00 0.00 0.00 0.00 0.00 0.00 0.00 0.00 0.00 0.00 0.00 0.00 0.00 0.00 0.00 0.00 0.00 0.00 0.00 0.00 0.00 0.00 0.00 0.00 0.00 0.00 0.00 0.00 0.00 0.00 0.00 0.00 0.00 0.00 0.00 11.46 25.84 25.19 23.21 18.71 1.86 2.16 0.00 0.00 0.00 0.00 0.00 0.00 0.00 0.00 0.00 0.00
0.00 0.00 0.00 0.00 0.00 0.00 0.00 0.00 0.00 0.00 0.00 0.00 0.00 0.00 0.00 0.00 0.00 0.00 0.15 3.58 10.59 14.67 10.44 3.94 0.00 1.17 2.34 0.00 0.00 0.00 0.00 0.00 0.00 0.00 0.00 0.00 0.00 0.00 0.00 0.00 0.00 0.00 0.00 0.00 0.00 0.00 0.00 0.00 0.00 0.00 0.00 0.00 0.00 0.00 0.00 0.00 0.00 0.00 0.00 0.00 0.00 0.00 0.00 0.00 0.00 0.00 0.00 11.46 25.84 25.19 23.21 18.61 1.83 2.13 0.00 0.00 0.00 0.00 0.00 0.00 0.00 0.00 0.00 0.00
0.00 0.00 0.00 0.00 0.00 0.00 0.00 0.00 0.00 0.00 0.00 0.00 0.00 0.00 0.00 0.00 0.00 0.00 0.00 0.00 5.33 10.29 7.66 0.00 4.16 0.00 0.00 0.00 0.00 0.00 0.00 0.00 0.00 0.00 0.00 0.00 0.00 0.00 0.00 0.00 0.00 0.00 0.00 0.00 0.00 0.00 0.00 0.00 0.00 0.00 0.00 0.00 0.00 0.00 0.00 0.00 0.00 0.00 0.00 0.00 0.00 0.00 0.00 0.00 0.00 0.00 6.06 14.67 13.14 9.56 8.54 11.75 0.00 0.00 0.00 0.00 0.00 0.00 0.00 0.00 0.00 0.00 0.00 0.00
