Wansh/Snow_depth/snowdepth-1986/spring/1986079.txt
ncols 321
nrows 161
xllcenter 60
yllcenter 15 
cellsize  0.25 
NODATA_value -1
[rows 0 to 36 of 161, columns 83 to 165 of 321]
23.14 24.67 26.28 25.48 26.57 26.43 23.07 18.25 17.01 17.08 17.96 21.53 24.82 22.78 24.02 24.67 24.02 25.04 25.77 25.77 24.67 24.16 20.37 14.97 7.23 6.13 5.48 4.31 1.75 2.99 4.31 7.81 12.34 14.82 13.29 11.68 11.83 11.97 12.05 12.85 12.99 14.16 15.11 13.21 13.21 9.78 9.05 6.57 6.72 7.23 13.07 14.75 13.65 12.12 11.46 12.48 14.75 13.07 9.56 7.96 5.69 5.26 5.18 5.55 5.11 5.33 5.77 5.69 8.10 8.10 8.76 12.19 16.13 16.86 14.75 13.72 14.60 17.74 20.08 21.97 21.90 19.56 15.11
24.31 23.94 23.58 23.43 23.65 22.27 20.44 17.52 15.48 17.67 16.57 16.35 14.38 13.07 13.94 11.83 14.67 18.98 22.63 22.63 23.21 23.21 22.48 18.32 12.63 7.59 5.55 4.38 4.60 4.16 5.26 5.91 10.37 11.90 8.61 6.42 6.64 6.50 5.04 4.16 8.18 14.82 17.59 17.23 17.23 12.78 7.74 5.33 3.94 6.57 7.45 8.47 9.05 8.10 8.32 9.71 9.71 10.15 10.51 9.27 7.74 7.66 7.81 7.59 7.08 6.94 6.28 12.99 12.26 12.26 13.65 15.55 17.08 19.64 17.52 18.54 20.88 23.73 24.09 22.56 19.78 19.20 18.32
25.11 25.19 26.65 24.02 19.35 16.94 20.51 22.70 25.33 25.04 23.14 17.08 14.67 12.92 10.15 7.52 7.08 10.29 15.55 15.55 20.00 21.83 22.63 22.19 18.61 10.44 6.50 4.89 5.18 6.06 6.79 4.96 5.69 8.91 8.32 7.74 7.01 6.72 7.96 9.20 11.90 13.87 17.96 21.39 21.39 21.53 20.51 0.00 10.95 6.20 5.62 3.43 4.60 6.13 7.30 11.10 15.55 14.38 15.40 16.28 12.92 12.78 13.51 13.87 14.75 13.80 14.02 17.23 16.72 16.72 16.50 14.75 12.41 12.12 14.60 17.45 21.10 22.41 22.48 23.14 23.00 24.67 27.74
25.11 25.19 26.65 24.02 19.35 16.94 20.51 22.70 25.33 25.04 23.14 17.08 14.67 12.92 10.15 7.52 7.08 10.29 15.55 15.55 20.00 21.83 22.63 22.19 18.61 10.44 6.50 4.89 5.18 6.06 6.79 4.96 5.69 8.91 8.32 7.74 7.01 6.72 7.96 9.20 11.90 13.87 17.96 21.39 21.39 21.53 20.51 0.00 10.95 6.20 5.62 3.43 4.60 6.13 7.30 11.10 15.55 14.38 15.40 16.28 12.92 12.78 13.51 13.87 14.75 13.80 14.02 17.23 16.72 16.72 16.50 14.75 12.41 12.12 14.60 17.45 21.10 22.41 22.48 23.14 23.00 24.67 27.74
23.94 22.70 20.44 16.50 15.70 20.44 21.97 22.34 23.14 26.13 22.56 18.98 17.52 17.01 16.13 14.31 12.05 6.79 5.40 5.40 7.15 11.46 17.08 22.63 23.43 19.49 14.60 8.69 6.72 7.23 6.79 7.08 7.30 9.49 12.56 14.89 12.85 9.42 10.51 11.68 8.54 9.13 10.29 14.31 14.31 21.32 26.13 25.70 20.00 14.97 10.29 9.05 10.00 7.45 5.33 6.13 7.23 8.18 9.64 13.21 14.67 15.62 18.03 15.91 16.21 16.35 20.59 20.08 19.86 19.86 18.98 16.06 12.63 13.07 15.77 17.96 20.88 23.87 23.14 21.10 19.71 18.83 21.68
26.43 25.48 24.31 23.80 23.87 18.83 12.78 11.02 9.42 13.14 16.79 17.89 19.13 19.27 19.20 20.81 22.85 20.44 16.94 16.94 8.91 3.29 7.52 13.94 19.78 21.32 16.35 11.17 8.69 6.86 6.06 6.20 7.23 9.93 12.12 14.97 13.58 8.18 4.82 3.80 3.58 4.38 8.18 10.44 10.44 11.61 22.12 24.82 25.48 17.81 12.41 7.52 7.30 6.79 6.42 6.72 6.35 6.64 8.76 10.80 11.83 13.21 17.23 18.83 20.51 17.89 18.47 17.81 16.50 16.50 16.94 18.61 18.61 18.76 15.77 11.97 9.56 12.41 14.38 16.72 17.81 19.86 20.88
27.23 27.67 27.74 27.01 25.19 24.97 23.58 18.03 19.20 18.25 15.77 17.96 19.05 19.56 18.61 18.76 20.95 22.19 21.46 21.46 17.67 13.07 6.72 3.07 9.64 13.43 12.41 6.79 7.30 6.86 6.72 5.91 7.59 9.13 11.02 11.68 11.75 9.78 4.96 1.10 0.66 1.90 4.74 7.30 7.30 8.03 19.71 23.07 26.50 19.35 12.78 9.93 7.66 7.01 7.23 8.10 9.78 11.17 12.99 15.91 15.33 16.72 20.29 25.48 24.38 23.51 21.68 19.78 18.69 18.69 17.23 20.29 21.32 22.78 22.92 20.37 16.64 15.40 12.12 10.95 13.21 20.08 20.88
27.23 27.67 27.74 27.01 25.19 24.97 23.58 18.03 19.20 18.25 15.77 17.96 19.05 19.56 18.61 18.76 20.95 22.19 21.46 21.46 17.67 13.07 6.72 3.07 9.64 13.43 12.41 6.79 7.30 6.86 6.72 5.91 7.59 9.13 11.02 11.68 11.75 9.78 4.96 1.10 0.66 1.90 4.74 7.30 7.30 8.03 19.71 23.07 26.50 19.35 12.78 9.93 7.66 7.01 7.23 8.10 9.78 11.17 12.99 15.91 15.33 16.72 20.29 25.48 24.38 23.51 21.68 19.78 18.69 18.69 17.23 20.29 21.32 22.78 22.92 20.37 16.64 15.40 12.12 10.95 13.21 20.08 20.88
26.65 25.62 23.36 21.68 22.85 23.87 24.02 19.42 18.91 17.81 16.50 11.61 9.13 8.32 14.60 18.10 19.35 18.54 18.76 18.76 18.69 18.83 15.91 12.41 10.88 10.88 8.69 8.25 8.25 8.83 8.76 8.32 7.37 8.25 10.07 12.63 11.39 8.83 5.40 5.33 3.58 0.00 6.57 7.01 7.01 12.26 12.85 12.34 10.37 9.93 9.05 9.71 8.32 6.94 7.59 6.94 7.15 7.66 10.66 13.43 15.11 16.64 17.74 20.73 21.75 23.73 22.56 23.07 22.92 22.92 19.78 20.00 21.46 22.48 22.34 21.61 20.59 18.61 15.48 14.60 12.92 11.75 12.63
22.19 20.44 19.86 20.22 19.78 20.22 22.12 16.28 15.84 16.43 15.40 10.80 7.74 7.37 10.95 17.30 20.15 19.27 18.10 18.10 19.49 20.51 20.73 18.10 9.64 8.32 8.83 8.98 9.05 8.83 8.25 7.37 7.01 9.34 16.72 18.61 14.75 12.12 9.86 9.20 6.94 6.28 6.13 6.50 6.50 7.08 7.01 7.74 9.93 11.17 12.26 14.67 18.83 16.28 10.44 9.13 9.71 9.86 9.42 9.86 11.24 12.41 14.02 15.33 13.94 15.70 16.21 15.84 15.62 15.62 15.62 17.30 19.35 20.37 18.40 16.64 20.22 24.67 23.43 24.67 19.35 14.53 12.26
17.96 17.08 17.59 18.61 18.76 19.56 16.43 15.62 14.97 16.28 15.33 11.02 8.18 7.59 8.10 13.51 15.48 17.45 20.22 20.22 20.51 21.10 18.61 11.97 8.98 7.45 7.81 9.05 8.83 7.08 6.57 5.40 6.50 8.54 9.64 10.51 12.05 12.12 10.44 8.40 7.81 7.15 10.07 9.34 9.34 9.05 7.08 8.32 10.22 12.19 9.27 12.41 16.21 14.67 11.61 10.37 11.75 11.83 12.12 11.02 10.80 13.51 14.82 12.78 15.26 16.86 19.64 22.12 22.63 22.63 23.94 23.29 20.44 20.51 19.20 19.05 26.50 32.56 33.22 28.11 21.61 18.18 16.13
17.96 17.08 17.59 18.61 18.76 19.56 16.43 15.62 14.97 16.28 15.33 11.02 8.18 7.59 8.10 13.51 15.48 17.45 20.22 20.22 20.51 21.10 18.61 11.97 8.98 7.45 7.81 9.05 8.83 7.08 6.57 5.40 6.50 8.54 9.64 10.51 12.05 12.12 10.44 8.40 7.81 7.15 10.07 9.34 9.34 9.05 7.08 8.32 10.22 12.19 9.27 12.41 16.21 14.67 11.61 10.37 11.75 11.83 12.12 11.02 10.80 13.51 14.82 12.78 15.26 16.86 19.64 22.12 22.63 22.63 23.94 23.29 20.44 20.51 19.20 19.05 26.50 32.56 33.22 28.11 21.61 18.18 16.13
13.51 16.79 17.30 17.52 17.08 12.41 13.07 11.90 11.17 10.73 11.10 10.15 10.29 10.15 12.78 14.60 16.94 19.56 23.07 23.07 23.73 20.81 17.37 10.88 9.34 11.32 8.69 6.94 5.48 5.84 7.37 6.42 5.48 7.01 8.40 9.13 12.34 15.33 12.99 10.88 9.34 13.07 13.51 11.53 11.53 10.88 8.91 8.40 10.80 12.92 14.02 17.30 18.32 15.77 12.05 13.51 16.06 18.61 22.41 21.97 16.94 14.45 13.80 16.28 13.87 13.07 16.86 15.99 20.81 20.81 22.78 22.56 23.58 21.61 20.81 24.89 28.69 32.49 32.63 31.83 27.01 25.11 24.02
12.26 17.16 17.89 18.18 8.54 7.88 8.40 8.10 8.25 7.08 7.37 9.64 11.32 16.43 19.42 18.10 19.71 21.75 21.32 21.32 20.29 16.43 12.41 12.99 11.61 9.20 7.23 7.45 8.69 9.93 12.12 13.07 13.51 14.97 14.53 14.82 19.42 20.15 17.67 14.75 14.53 14.02 13.36 12.05 12.05 12.92 14.82 16.94 18.03 16.79 16.86 17.52 16.86 17.37 16.57 14.09 14.02 15.77 17.96 18.98 17.52 15.77 23.00 21.75 20.95 19.13 18.98 22.70 23.14 23.14 23.87 24.45 23.43 23.07 21.83 24.09 27.59 27.67 27.01 28.40 24.60 21.75 19.13
17.23 15.70 16.06 9.78 8.69 8.83 7.74 7.37 8.54 10.95 13.51 14.82 15.91 19.71 22.70 22.12 21.32 20.59 16.79 16.79 13.51 13.43 14.02 13.87 11.97 9.42 9.49 13.87 16.86 16.64 16.94 21.53 23.87 21.53 19.27 19.49 15.91 12.63 14.38 17.08 13.29 16.35 19.56 23.87 23.87 21.53 21.17 21.75 22.48 23.14 22.63 20.95 20.59 20.88 21.68 22.34 21.83 19.56 19.27 14.38 12.99 13.51 14.02 16.28 21.61 22.92 20.66 19.56 17.45 17.45 20.15 22.70 19.71 17.52 15.04 18.47 19.42 14.02 7.30 8.32 19.71 24.89 21.90
19.86 18.18 16.35 12.70 13.43 10.22 6.28 6.57 8.76 10.37 11.83 13.65 15.04 15.55 16.06 15.62 17.23 17.45 16.06 16.06 13.94 11.97 13.43 17.23 16.13 14.82 15.11 12.63 14.60 19.27 21.02 23.65 24.16 19.78 16.94 16.13 9.71 7.45 5.77 12.12 15.26 19.78 21.32 18.03 18.03 17.16 16.28 16.43 14.45 13.21 18.69 20.51 14.53 17.96 23.00 27.30 29.64 25.84 20.15 13.72 10.88 9.42 10.37 10.37 10.44 14.02 18.98 18.47 17.67 17.67 20.08 20.37 18.91 13.36 11.61 18.03 20.81 13.80 0.00 12.19 22.70 27.59 23.29
19.86 18.18 16.35 12.70 13.43 10.22 6.28 6.57 8.76 10.37 11.83 13.65 15.04 15.55 16.06 15.62 17.23 17.45 16.06 16.06 13.94 11.97 13.43 17.23 16.13 14.82 15.11 12.63 14.60 19.27 21.02 23.65 24.16 19.78 16.94 16.13 9.71 7.45 5.77 12.12 15.26 19.78 21.32 18.03 18.03 17.16 16.28 16.43 14.45 13.21 18.69 20.51 14.53 17.96 23.00 27.30 29.64 25.84 20.15 13.72 10.88 9.42 10.37 10.37 10.44 14.02 18.98 18.47 17.67 17.67 20.08 20.37 18.91 13.36 11.61 18.03 20.81 13.80 0.00 12.19 22.70 27.59 23.29
15.91 16.50 13.72 15.26 15.48 14.31 8.32 4.53 4.31 6.57 8.18 10.44 13.14 15.40 15.11 13.29 16.13 18.91 16.50 16.50 11.46 11.02 10.37 10.44 12.78 15.70 15.04 12.12 12.41 14.45 16.79 19.56 20.08 17.67 15.11 10.29 4.67 6.20 9.71 11.90 14.75 14.09 15.84 15.55 15.55 15.40 17.45 17.67 15.84 15.48 16.06 15.99 14.60 15.33 18.47 20.00 20.37 19.35 15.04 10.88 13.72 20.73 17.89 13.87 12.63 14.09 17.16 19.35 22.63 22.63 23.07 20.81 18.47 16.43 25.33 27.30 24.38 14.45 0.00 14.89 26.57 18.32 18.40
15.62 18.83 21.53 21.61 21.32 19.13 14.67 11.46 6.28 6.79 10.37 12.05 13.43 19.64 21.83 19.05 19.64 20.73 17.81 17.81 13.36 12.34 7.88 6.79 11.10 14.97 17.37 18.61 18.54 17.01 17.23 19.56 22.05 23.80 23.73 16.43 8.76 12.92 11.75 13.36 14.38 15.18 17.74 17.89 17.89 19.27 18.98 19.71 17.59 16.13 14.31 14.60 17.52 16.94 16.35 16.86 17.81 15.48 15.62 16.72 20.15 26.21 25.48 20.95 16.79 18.25 18.40 18.61 25.55 25.55 26.94 26.28 23.00 23.00 24.60 21.83 16.72 8.83 8.83 12.05 15.99 17.37 17.96
15.40 15.55 17.23 20.81 23.58 23.87 21.39 18.32 12.26 10.37 12.78 14.45 13.58 15.91 16.13 15.99 16.79 19.86 23.36 23.36 23.80 19.78 14.60 9.78 8.61 13.36 17.74 18.69 19.20 17.96 17.52 21.61 22.48 21.02 20.51 23.65 16.43 11.39 10.07 7.52 7.30 10.51 16.50 22.19 22.19 24.97 24.67 21.61 21.32 22.78 23.21 23.65 24.16 22.85 17.45 18.83 20.44 20.51 19.86 19.13 23.80 28.76 30.00 24.82 22.19 21.68 23.58 31.76 30.22 30.22 24.09 18.98 14.89 15.18 15.04 9.93 5.48 6.72 10.22 9.78 12.92 15.84 16.64
13.29 13.58 15.18 16.94 20.15 23.00 23.00 21.90 17.67 19.05 19.42 18.91 17.74 15.77 13.65 12.12 13.65 16.57 18.69 18.69 19.05 18.32 15.84 13.94 15.77 15.55 18.25 17.81 14.75 10.73 9.71 12.85 15.84 18.76 16.79 17.16 4.60 4.09 0.00 4.31 4.02 7.15 14.97 24.02 24.02 31.10 31.32 27.59 26.86 28.84 28.76 28.32 27.81 25.33 22.34 22.70 27.67 26.28 21.39 20.44 21.02 22.78 22.41 20.15 22.41 25.48 26.94 28.32 24.16 24.16 13.29 5.26 4.02 5.26 5.77 4.60 4.09 2.63 4.96 7.88 10.00 12.12 12.70
11.32 13.07 14.02 16.57 14.97 14.67 16.57 18.40 21.61 25.40 29.49 31.24 31.46 29.57 26.50 21.02 19.05 18.83 18.61 18.61 18.10 19.71 19.78 20.00 21.46 24.53 25.70 25.92 22.05 18.98 14.75 10.73 10.44 11.32 14.53 7.59 0.00 1.61 0.00 0.00 6.79 9.34 8.47 14.02 14.02 19.93 19.71 12.99 18.10 20.44 23.29 28.84 31.61 32.19 32.49 33.58 32.05 27.74 22.12 20.51 21.46 20.88 20.22 22.85 23.00 23.80 23.51 23.51 19.20 19.20 9.64 7.37 4.53 2.77 2.63 2.99 3.58 3.87 3.87 5.33 7.96 11.24 8.40
11.32 13.07 14.02 16.57 14.97 14.67 16.57 18.40 21.61 25.40 29.49 31.24 31.46 29.57 26.50 21.02 19.05 18.83 18.61 18.61 18.10 19.71 19.78 20.00 21.46 24.53 25.70 25.92 22.05 18.98 14.75 10.73 10.44 11.32 14.53 7.59 0.00 1.61 0.00 0.00 6.79 9.34 8.47 14.02 14.02 19.93 19.71 12.99 18.10 20.44 23.29 28.84 31.61 32.19 32.49 33.58 32.05 27.74 22.12 20.51 21.46 20.88 20.22 22.85 23.00 23.80 23.51 23.51 19.20 19.20 9.64 7.37 4.53 2.77 2.63 2.99 3.58 3.87 3.87 5.33 7.96 11.24 8.40
8.98 10.73 12.70 14.16 13.43 13.29 12.92 17.52 20.00 23.94 27.89 30.59 32.49 33.22 34.53 35.62 31.61 27.38 25.04 25.04 24.09 24.97 24.16 23.87 25.26 28.40 29.78 31.24 31.03 21.32 17.16 9.78 8.25 6.13 5.33 3.87 3.21 1.46 2.34 1.61 2.41 4.67 2.12 3.94 3.94 6.28 4.31 3.87 4.23 5.69 4.67 6.94 12.19 17.23 20.95 24.97 26.13 21.46 14.60 15.62 18.10 21.10 21.90 22.41 25.99 26.21 23.80 22.34 21.53 21.53 24.53 21.83 14.97 10.66 8.32 4.23 4.09 4.45 2.85 2.48 4.82 6.28 4.89
10.22 10.22 12.63 13.29 14.02 16.79 19.56 25.19 32.92 33.07 32.12 30.51 27.74 26.86 27.45 28.62 27.23 25.99 24.89 24.89 24.24 25.92 26.86 24.45 23.39 22.30 24.76 22.19 22.05 18.98 13.58 9.49 7.23 4.82 0.00 2.85 4.02 3.21 2.77 2.56 0.58 1.46 2.92 2.48 2.48 0.00 0.00 0.00 0.00 2.26 2.12 2.19 2.26 2.34 4.67 4.16 4.31 5.62 4.82 13.94 15.91 18.61 19.93 23.36 24.89 26.21 26.21 23.65 23.80 23.80 28.91 30.88 24.89 19.35 15.04 7.45 4.89 4.09 3.80 3.80 8.25 8.98 6.20
12.78 16.43 20.66 22.56 25.33 28.32 36.28 36.21 35.41 34.53 31.61 27.74 25.55 23.14 19.86 20.29 23.87 26.43 27.74 27.74 30.51 31.54 31.83 30.51 27.50 29.89 25.62 23.27 24.61 26.94 21.83 15.40 9.42 7.30 4.60 3.50 5.26 4.82 4.74 5.33 4.02 2.19 2.34 3.14 3.14 3.21 2.34 1.02 1.10 0.00 0.00 0.00 0.00 0.00 0.00 0.00 0.00 1.61 4.82 8.83 15.91 20.22 22.56 24.67 25.04 23.36 21.90 21.61 21.53 21.53 20.88 21.10 18.47 14.89 9.93 5.40 6.13 5.04 5.69 7.23 6.94 5.99 2.12
17.01 17.89 18.32 23.07 25.40 26.21 29.42 30.51 29.93 28.47 23.14 17.16 11.97 8.83 10.07 14.89 24.82 30.66 32.19 32.19 32.63 31.54 31.50 32.21 29.35 27.99 28.14 28.50 26.10 25.14 20.63 13.94 14.16 13.14 6.50 6.64 5.04 4.67 5.33 4.82 5.04 2.99 1.24 1.90 1.90 2.34 0.00 0.00 0.00 0.00 0.00 0.00 0.00 0.00 0.00 0.00 0.00 0.00 0.00 4.60 14.45 20.15 20.29 20.37 21.68 21.53 25.04 27.16 26.43 26.43 25.11 23.94 21.53 18.69 14.09 13.21 12.05 9.71 7.59 7.45 6.13 2.85 2.26
20.22 18.25 17.16 21.75 22.63 20.88 22.12 23.36 22.27 19.78 15.70 10.29 5.99 1.53 0.00 6.94 12.26 20.44 22.70 22.70 19.80 20.28 23.57 28.22 30.08 31.20 30.66 31.46 30.15 31.41 28.09 24.06 25.26 20.88 16.43 12.70 13.36 6.13 4.23 3.80 4.09 3.58 1.61 0.51 0.51 0.00 0.00 0.00 0.00 0.00 0.00 0.00 0.00 0.00 0.00 0.00 0.00 0.00 0.00 0.00 11.46 20.29 21.61 22.34 20.08 22.92 28.84 28.62 28.69 28.69 27.23 26.86 24.53 22.48 20.59 18.32 14.09 8.61 7.88 7.59 5.69 2.48 2.99
20.22 18.25 17.16 21.75 22.63 20.88 22.12 23.36 22.27 19.78 15.70 10.29 5.99 1.53 0.00 6.94 12.26 20.44 22.70 22.82 20.44 20.59 25.23 27.51 30.85 30.73 30.66 30.51 28.02 29.35 28.53 24.31 26.31 23.46 17.38 13.03 13.36 6.13 4.23 3.80 4.09 3.58 1.61 0.51 0.51 0.00 0.00 0.00 0.00 0.00 0.00 0.00 0.00 0.00 0.00 0.00 0.00 0.00 0.00 0.00 11.46 20.29 21.61 22.34 20.08 22.92 28.84 28.62 28.69 28.69 27.23 26.86 24.53 22.48 20.59 18.32 14.09 8.61 7.88 7.59 5.69 2.48 2.99
21.90 20.00 19.71 20.29 20.08 19.35 19.13 22.12 23.94 23.73 18.98 15.11 12.05 8.91 10.29 15.62 19.71 24.02 20.22 20.22 10.15 5.55 4.67 7.92 12.08 14.45 18.73 30.16 36.10 37.60 35.95 31.93 27.46 31.15 32.02 23.25 17.17 12.02 6.94 4.89 4.23 3.29 2.92 0.00 0.00 0.00 0.00 0.00 0.00 0.00 0.00 0.00 0.00 0.00 0.00 0.00 0.00 0.00 0.00 1.61 10.00 15.33 18.10 22.19 26.35 25.55 24.60 25.77 25.33 25.33 22.92 22.78 21.46 19.27 17.67 16.50 12.63 8.47 7.01 8.18 4.89 3.94 3.36
22.19 20.37 16.35 15.91 13.43 14.53 15.33 19.35 24.24 26.43 25.33 24.67 21.39 20.00 21.68 25.26 29.35 29.20 22.41 22.41 13.65 8.61 4.48 4.45 4.23 2.57 0.00 8.10 23.00 39.70 39.97 29.05 24.31 23.58 27.18 28.47 26.91 21.71 12.33 6.86 4.16 2.85 2.26 2.12 2.12 2.12 3.36 2.19 0.00 0.00 0.00 0.00 0.00 0.00 0.00 0.00 0.00 0.00 0.00 0.00 7.01 10.59 11.53 22.48 27.74 26.28 21.46 20.73 22.70 22.70 20.00 17.30 13.21 12.70 11.90 9.86 7.23 4.23 3.43 3.94 3.50 3.36 3.21
21.53 26.43 26.50 24.75 21.97 17.30 12.48 12.12 14.02 15.26 15.18 12.85 10.80 9.20 8.98 12.85 16.72 15.99 13.94 13.94 10.00 9.86 9.64 7.37 4.16 4.82 0.00 0.00 2.80 8.19 19.36 29.86 28.18 27.52 26.13 27.51 26.42 26.71 19.56 21.53 17.89 11.24 3.21 3.65 3.65 4.16 2.12 1.31 0.44 0.00 0.00 0.00 0.00 0.00 0.00 0.00 0.00 0.00 0.00 0.00 0.00 5.11 10.15 19.71 21.83 19.93 15.55 14.53 14.45 14.45 11.32 8.10 4.74 3.29 5.62 5.26 5.33 5.40 8.91 6.42 6.42 7.01 6.72
30.22 35.92 34.24 33.29 30.22 26.35 27.89 30.30 32.05 28.84 24.31 18.40 14.67 16.86 17.30 14.82 14.82 10.73 8.61 8.61 8.10 7.23 8.61 7.81 4.96 2.77 0.00 0.00 0.00 0.00 4.67 14.67 25.11 28.11 28.76 31.39 32.27 31.13 29.73 27.93 24.41 20.95 11.53 4.89 4.89 4.16 4.09 2.12 1.53 0.29 1.17 0.00 0.00 0.00 0.00 0.00 0.00 0.00 2.70 0.00 0.00 0.00 5.84 9.93 10.07 10.15 9.20 10.59 8.03 8.03 4.89 3.36 2.04 0.00 0.00 4.31 5.99 7.01 8.03 7.96 9.13 11.61 13.07
23.58 22.48 22.56 15.26 7.08 9.05 15.40 10.15 19.05 28.83 33.36 35.04 30.66 23.29 17.52 13.87 9.13 5.91 4.45 4.45 2.48 0.00 9.20 11.75 9.49 6.35 0.00 0.00 0.00 1.39 0.00 3.58 10.07 20.81 27.01 30.00 31.90 30.51 29.57 29.42 25.53 19.44 15.40 8.61 8.61 6.35 6.42 5.84 4.23 4.45 4.45 2.56 2.19 0.00 2.56 0.00 0.00 3.50 9.05 6.94 5.91 3.36 2.63 2.70 0.00 0.00 2.56 5.11 3.94 3.94 0.88 1.17 0.00 0.00 3.07 3.21 0.00 4.23 6.13 6.28 6.42 6.86 7.59
10.95 9.78 15.18 14.97 7.30 3.58 8.40 6.57 2.19 4.04 14.53 23.65 22.12 14.02 10.51 6.06 1.83 0.00 0.00 0.00 0.00 0.00 0.00 2.41 8.83 19.05 4.89 0.00 0.00 0.00 6.58 6.13 2.64 5.42 12.92 13.65 8.47 17.01 22.27 25.40 24.16 17.03 15.33 14.31 14.31 9.78 7.08 5.26 4.60 3.43 0.00 3.50 3.14 1.68 0.00 3.07 0.00 4.16 5.11 6.13 7.96 4.38 2.92 0.00 0.00 0.00 0.00 2.63 0.00 0.00 0.00 0.00 0.73 0.00 0.00 3.80 3.72 3.80 0.00 0.00 3.80 6.42 7.08
10.95 9.78 15.18 14.97 7.30 3.58 8.40 6.57 2.19 3.94 14.53 23.65 22.12 14.02 10.51 6.06 1.83 0.00 0.00 0.00 0.00 0.00 0.00 2.41 8.83 19.05 4.89 0.00 0.00 0.00 6.35 5.91 2.63 5.26 12.92 13.72 8.51 17.01 22.16 25.66 24.16 16.86 15.33 14.31 14.31 9.78 7.08 5.26 4.60 3.43 0.00 3.50 3.14 1.68 0.00 3.07 0.00 4.16 5.11 6.13 7.96 4.38 2.92 0.00 0.00 0.00 0.00 2.63 0.00 0.00 0.00 0.00 0.73 0.00 0.00 3.80 3.72 3.80 0.00 0.00 3.80 6.42 7.08
8.98 5.84 8.69 9.42 10.59 26.13 36.28 31.17 20.83 12.30 11.97 15.91 15.04 12.85 6.94 2.56 0.00 0.00 0.00 0.00 0.00 0.00 0.00 0.00 0.00 6.20 6.13 4.45 0.00 2.85 4.82 7.37 6.94 5.26 3.07 1.75 0.00 5.26 8.54 9.83 8.10 6.06 5.40 5.84 5.84 6.06 5.91 4.74 6.72 8.03 5.26 3.87 3.65 0.00 0.00 0.00 0.00 0.00 0.00 0.00 0.00 5.55 3.50 3.58 3.36 3.43 0.00 1.97 1.97 1.97 0.00 0.00 0.00 1.31 0.00 1.83 0.00 1.68 0.00 0.00 1.83 3.21 3.21
