Wansh/Snow_depth/snowdepth-1986/spring/1986076.txt
ncols 321
nrows 161
xllcenter 60
yllcenter 15 
cellsize  0.25 
NODATA_value -1
[rows 74 to 110 of 161, columns 83 to 165 of 321]
0.00 0.00 0.00 0.00 0.00 0.00 0.00 0.00 0.00 0.00 0.00 0.00 0.00 4.02 5.18 6.28 0.00 0.00 0.00 0.00 0.00 0.00 0.00 0.00 0.00 0.00 5.84 1.90 0.00 0.00 1.46 2.12 3.80 0.00 3.65 2.41 0.00 0.00 1.31 2.77 6.20 6.06 0.00 0.00 0.00 0.00 0.00 0.00 0.00 0.00 0.00 0.00 0.00 0.00 0.00 2.68 0.00 0.00 0.00 0.00 0.00 0.00 0.00 0.00 0.00 0.00 0.00 0.00 0.00 0.00 0.00 0.00 0.00 0.00 0.00 0.00 0.00 0.00 0.00 0.00 0.00 0.00 0.00
0.00 0.00 0.00 0.00 0.00 3.65 3.21 1.10 1.83 4.31 5.99 3.21 0.00 4.89 0.00 0.00 0.00 0.00 0.00 0.00 0.00 0.00 0.00 3.72 0.00 5.11 6.86 4.09 0.00 0.00 4.82 4.09 4.45 5.18 0.00 3.21 4.45 0.00 2.70 2.63 3.87 2.85 4.23 3.58 3.58 0.00 0.00 3.94 0.00 2.26 2.34 0.00 0.00 0.00 1.46 0.00 0.00 3.72 0.00 0.00 0.00 2.92 0.00 0.00 0.00 0.00 0.00 0.00 0.00 0.00 2.86 6.72 7.23 0.00 0.00 0.00 0.00 0.00 0.00 0.00 0.00 0.00 0.00
0.00 0.00 0.00 0.95 2.85 6.13 5.69 6.28 5.04 5.40 4.53 5.77 0.00 5.48 0.00 5.48 4.89 3.94 4.82 4.82 4.38 0.00 0.00 0.00 0.00 0.00 3.29 2.92 0.00 4.45 5.40 0.00 0.00 0.00 3.29 2.92 4.82 4.45 2.92 6.28 9.64 4.82 4.67 6.35 6.35 3.50 0.00 4.96 7.37 5.18 0.00 5.99 5.18 6.28 3.50 1.90 3.29 5.40 5.48 4.38 4.23 6.79 4.02 4.82 0.00 0.00 0.00 0.00 0.00 0.00 4.31 12.19 15.55 8.91 2.04 0.00 0.00 0.00 0.00 0.00 0.00 0.00 0.00
2.19 4.38 6.50 6.79 4.53 0.00 2.77 4.02 5.69 7.23 5.91 6.86 7.01 6.50 5.55 6.20 5.04 6.28 5.55 5.55 4.16 0.00 0.00 0.00 0.00 3.07 3.58 4.60 5.11 4.23 4.53 3.43 2.77 2.99 4.09 4.96 5.18 4.60 8.54 10.15 5.04 0.00 4.96 6.20 6.20 4.31 1.97 8.54 10.00 7.45 8.54 11.24 9.64 9.56 7.88 5.40 7.59 10.88 10.37 9.49 10.59 8.40 6.50 10.80 10.66 7.08 7.01 6.86 3.72 3.72 6.35 10.51 11.61 11.46 8.76 0.00 0.00 0.00 0.00 0.00 0.00 0.00 0.00
8.83 10.15 6.94 4.31 0.00 5.18 6.13 0.00 4.45 5.48 4.53 4.96 6.28 4.09 4.96 4.02 4.96 8.54 10.51 10.51 5.84 4.82 5.40 5.11 4.67 4.60 5.18 6.42 6.50 6.13 6.28 4.82 3.87 5.18 10.00 8.47 2.92 0.00 4.53 4.38 5.48 0.00 5.40 0.00 0.00 4.67 3.36 4.96 3.50 6.64 8.69 10.44 16.43 25.11 26.28 27.01 20.95 14.97 9.13 8.69 14.82 24.67 27.96 21.97 12.26 12.19 15.62 14.09 8.91 8.91 7.88 7.74 8.47 14.53 18.18 4.67 0.00 0.00 0.00 0.00 0.00 0.00 0.00
15.04 14.89 11.83 7.08 5.18 5.04 2.77 0.00 0.00 3.80 4.38 4.67 5.48 6.72 6.42 5.26 4.09 0.00 6.13 6.13 4.74 0.00 5.69 7.23 7.23 4.23 4.82 7.01 10.07 8.25 7.52 4.89 3.87 6.86 9.34 6.57 0.00 3.72 4.16 0.00 5.11 4.74 4.96 0.00 0.00 0.00 0.00 0.00 2.48 0.00 0.00 0.00 0.00 11.53 22.85 27.52 31.61 32.63 24.67 12.92 13.72 26.28 30.30 22.34 10.80 16.06 21.46 20.66 19.35 19.35 13.72 7.88 8.61 14.75 12.05 3.15 0.00 0.00 0.00 0.00 0.00 0.00 1.61
4.53 5.18 5.33 0.00 4.82 2.92 3.65 4.02 4.02 3.87 4.45 5.69 4.60 4.38 0.00 0.00 0.00 5.40 0.00 0.00 5.91 0.00 5.04 5.33 7.88 7.01 7.88 8.83 8.83 8.91 10.29 9.20 4.16 3.58 3.94 0.00 0.00 0.00 0.00 0.00 4.96 0.00 0.00 0.00 0.00 0.00 0.00 0.00 0.00 0.00 0.00 1.24 1.53 4.09 6.50 15.18 27.81 34.97 26.79 19.35 16.43 15.84 14.53 13.65 11.83 18.76 26.21 32.41 37.81 37.81 30.15 18.47 15.99 15.55 7.59 5.40 0.00 0.00 0.00 0.00 0.00 0.00 1.90
0.00 0.00 0.00 0.00 3.07 5.11 4.38 0.00 4.16 5.69 7.59 5.69 4.82 4.09 0.00 4.89 5.33 4.96 4.38 4.38 0.00 0.00 5.48 4.38 4.45 5.26 6.86 7.15 5.69 4.60 4.74 3.43 0.00 0.00 4.23 3.72 0.00 0.00 0.00 0.00 2.92 2.77 2.56 4.16 4.16 7.15 10.07 5.33 0.00 0.00 0.00 6.42 11.53 10.29 8.47 10.59 19.42 28.62 21.24 24.97 28.69 22.56 15.70 15.99 14.75 11.02 14.45 24.38 26.72 26.72 23.07 23.80 24.53 20.73 15.84 11.61 2.93 0.00 0.00 0.00 0.00 0.00 0.00
0.00 0.00 1.90 0.88 0.00 5.99 6.20 4.74 4.23 4.31 4.67 0.00 3.21 4.45 6.13 7.15 9.05 12.34 10.15 10.15 5.77 6.35 6.86 6.35 6.86 0.00 5.40 7.01 4.89 3.80 2.19 0.00 0.00 0.00 0.00 4.96 0.00 0.00 0.00 0.00 0.00 3.07 2.56 3.36 3.36 22.41 28.76 25.26 17.23 12.70 10.66 8.40 17.45 23.80 21.53 16.79 18.25 27.96 23.43 25.48 31.46 28.62 15.18 10.80 8.10 4.67 3.36 4.02 2.70 2.70 0.00 0.00 7.52 10.07 13.29 9.13 2.99 0.00 0.00 0.00 0.00 0.00 0.00
0.00 2.48 5.40 4.16 4.38 3.72 4.53 5.62 4.96 3.94 0.00 0.00 0.00 0.00 6.86 8.18 11.24 20.44 20.08 20.08 11.46 8.03 6.94 6.72 4.89 4.74 4.67 4.74 4.16 4.02 3.87 2.34 4.96 0.00 0.00 5.04 5.18 0.00 1.46 0.00 0.00 2.99 5.26 7.08 7.08 33.07 35.84 40.66 33.00 35.41 29.42 23.58 25.19 25.92 26.79 25.40 26.43 23.58 18.83 19.56 25.62 16.72 9.34 3.50 3.36 2.04 0.51 0.00 0.80 0.80 2.34 0.00 0.00 1.46 4.23 5.77 0.00 0.00 0.00 0.00 0.00 0.00 0.00
0.00 3.87 2.26 4.31 5.84 3.80 0.00 0.00 4.31 3.58 0.00 0.00 4.16 7.37 8.40 11.32 17.30 21.90 17.45 17.45 12.99 5.77 5.26 5.77 5.33 5.18 5.55 4.53 6.35 7.08 5.84 4.31 1.10 0.00 1.39 2.92 4.45 10.51 14.67 6.42 4.53 10.44 10.66 20.59 20.59 26.28 31.97 35.55 33.07 36.35 37.81 36.65 35.41 27.74 21.68 18.91 23.94 20.08 11.02 6.28 9.20 6.94 3.65 1.46 1.17 0.95 1.31 0.00 0.00 0.00 2.85 1.61 0.00 0.00 0.00 0.00 0.00 0.00 0.00 0.00 0.00 4.38 0.00
0.00 0.00 0.00 0.00 0.00 3.58 2.85 3.65 4.16 4.38 6.20 4.53 5.62 4.60 7.52 11.39 17.08 10.44 6.57 6.57 7.74 6.50 5.33 3.14 3.65 3.72 5.77 5.26 3.87 3.65 4.89 3.87 5.77 9.05 2.04 1.68 4.60 16.06 24.31 20.81 17.23 22.56 19.56 8.98 8.98 17.16 30.88 29.20 34.09 32.78 29.13 27.01 36.94 42.63 35.77 20.08 18.25 12.19 8.40 0.95 3.65 7.04 5.44 5.34 3.50 1.17 1.46 0.00 0.00 0.00 2.41 0.73 1.02 0.00 0.00 0.00 0.00 0.00 0.00 0.00 5.69 5.69 0.00
2.34 0.00 4.38 6.42 4.89 4.89 4.60 5.04 5.69 8.54 5.91 0.00 0.00 5.18 6.35 6.06 4.67 6.86 7.52 7.52 6.06 5.62 3.80 6.72 4.60 3.80 3.36 3.14 0.00 3.07 3.43 3.65 4.23 3.58 4.16 4.23 9.42 17.16 24.97 33.00 26.28 20.59 8.47 8.03 8.03 8.69 9.42 2.63 2.48 0.00 3.29 4.60 9.64 8.54 9.42 19.56 25.84 22.41 16.28 8.69 2.41 2.41 4.02 5.96 5.18 3.94 0.00 0.00 3.72 3.72 4.23 6.28 7.08 6.64 3.50 0.00 0.00 0.00 0.00 0.00 5.77 6.13 4.31
0.88 2.41 4.02 0.00 3.94 4.82 4.89 4.23 0.00 6.13 6.13 6.94 6.50 5.40 6.13 6.72 10.22 8.98 6.20 6.20 6.06 7.30 5.48 5.04 4.38 3.80 3.58 3.43 4.02 3.21 3.21 2.92 2.41 4.23 7.15 8.47 16.86 23.07 27.96 33.43 27.52 23.58 13.36 12.19 12.19 11.02 6.57 3.43 1.24 0.00 1.24 3.65 5.11 1.90 2.85 3.43 9.86 14.45 20.22 15.62 8.10 2.92 3.07 3.29 2.04 0.00 0.00 0.00 0.00 0.00 0.00 6.79 12.48 6.94 5.84 0.00 0.00 0.00 0.00 3.72 7.08 7.15 0.00
0.95 2.26 0.00 0.00 0.00 0.00 3.72 3.36 3.14 0.00 4.16 5.18 7.37 5.48 6.13 4.96 5.55 6.72 6.42 6.42 7.01 7.81 4.31 3.72 3.50 4.60 5.62 5.69 4.96 3.58 4.38 6.64 3.58 2.85 4.67 10.51 20.37 24.67 21.75 21.10 18.83 24.09 11.32 16.94 16.94 23.94 14.45 9.34 9.27 5.84 3.36 2.12 3.07 3.50 5.84 6.50 4.02 7.01 11.32 8.25 6.86 4.16 3.43 2.34 1.90 1.77 0.00 0.00 0.00 0.00 0.00 0.00 5.40 4.23 4.16 0.00 0.00 0.00 0.00 0.00 0.00 4.38 0.00
3.29 4.60 0.00 0.00 0.00 3.36 0.00 1.90 2.12 0.00 0.00 2.92 4.96 4.31 5.77 6.72 7.45 5.91 4.53 4.53 5.99 5.99 4.82 4.16 4.16 4.38 0.00 4.96 0.00 4.16 4.02 6.50 4.74 4.82 9.05 13.14 15.77 12.41 7.88 6.79 7.15 6.06 9.71 17.74 17.74 26.21 24.60 27.01 25.77 14.24 10.29 5.69 3.36 4.16 5.40 7.15 5.91 3.21 4.45 5.11 2.73 1.46 2.19 4.32 7.30 7.04 6.47 8.22 0.00 0.00 0.00 0.00 0.00 0.00 0.00 0.00 0.00 0.00 0.00 2.77 0.00 0.00 0.00
3.29 4.74 0.00 0.00 0.00 0.00 0.00 0.00 0.00 0.00 0.00 2.34 0.00 3.65 0.00 5.04 7.08 7.08 4.38 4.38 4.45 4.38 4.23 0.00 3.14 4.82 4.45 3.87 4.82 3.07 2.48 3.14 5.55 5.40 7.52 9.56 8.76 7.45 6.20 0.00 3.50 5.55 5.26 7.30 7.30 12.99 23.87 29.27 26.50 23.07 14.97 9.78 11.46 16.57 10.07 8.69 10.07 5.55 2.63 2.77 1.53 0.00 0.00 0.00 7.52 10.15 8.40 7.10 7.22 6.99 0.00 0.00 0.00 0.00 0.00 0.00 0.00 0.00 0.00 4.74 0.00 0.00 0.00
2.34 1.75 0.00 3.43 0.00 0.00 0.00 0.00 4.31 4.53 0.00 3.29 0.00 0.00 0.00 0.00 4.09 0.00 2.99 2.99 0.00 0.00 0.00 3.80 3.87 5.48 5.55 5.48 3.94 2.99 2.19 3.50 4.60 4.23 4.53 5.55 0.00 4.96 0.00 0.00 5.04 1.24 0.00 1.75 1.75 3.29 6.86 4.16 10.15 8.61 8.40 8.83 13.07 18.40 18.83 17.45 19.05 8.91 5.40 2.80 1.84 0.00 0.00 0.00 0.00 0.00 9.16 11.17 6.94 6.97 0.00 0.00 0.00 0.00 0.00 0.00 0.00 0.00 0.00 7.41 0.00 0.00 0.00
0.00 0.00 1.75 1.90 0.00 0.00 0.00 0.00 5.91 5.62 5.33 0.00 0.00 0.00 4.67 0.00 0.00 0.00 2.48 2.48 1.75 0.00 0.00 0.00 0.00 0.00 0.00 0.00 0.00 0.00 0.00 0.00 0.00 0.00 0.00 0.00 0.00 0.00 0.00 0.00 0.00 0.00 0.00 0.00 0.00 0.00 0.00 0.00 1.53 2.48 3.58 2.41 5.18 12.63 17.45 22.12 21.61 17.16 14.75 5.33 0.30 1.62 0.00 0.00 0.00 0.00 0.00 5.84 7.81 7.81 3.97 0.00 9.10 8.44 0.00 0.00 0.00 0.00 0.00 7.68 8.12 0.00 0.00
1.68 0.15 0.51 0.95 0.00 0.00 0.00 0.00 0.00 0.00 4.02 0.00 0.00 1.24 0.00 0.00 0.00 0.00 0.00 0.00 3.29 0.00 0.00 0.00 0.00 0.00 0.00 0.00 0.00 0.00 0.00 0.00 0.00 0.00 0.00 0.00 0.00 0.00 0.00 0.00 0.00 0.00 0.00 0.00 0.00 0.00 0.00 3.36 2.41 3.65 8.61 3.94 4.02 8.18 13.94 18.83 20.08 25.23 27.74 19.86 10.00 3.72 2.38 0.00 0.00 0.00 0.00 0.00 0.00 0.00 0.00 2.94 10.21 14.08 9.83 0.00 0.00 0.00 0.00 0.00 5.87 0.00 0.00
6.50 2.92 0.00 0.00 2.48 2.26 0.00 0.00 0.00 0.00 6.13 0.00 0.00 0.00 0.00 0.00 4.31 3.07 3.21 3.21 4.53 3.14 0.00 3.29 2.04 0.00 0.00 2.56 0.00 0.00 0.00 0.00 0.00 0.00 0.00 0.00 0.00 0.00 0.00 2.34 0.00 0.00 0.00 0.00 0.00 0.00 0.00 0.00 2.12 3.07 11.24 8.91 7.96 8.27 8.43 13.45 17.05 18.36 22.34 26.13 20.44 8.83 4.40 0.00 0.00 0.00 0.00 0.00 0.00 0.00 0.00 0.00 7.46 10.41 18.04 13.29 9.13 9.31 6.51 0.00 0.00 0.00 0.00
9.05 7.52 5.99 3.87 4.31 3.14 0.00 0.00 0.00 0.00 0.00 0.00 0.00 0.00 0.00 0.00 0.00 0.00 2.26 2.26 3.07 2.12 0.00 7.74 5.77 0.00 2.99 3.50 0.00 0.00 0.00 0.00 0.00 0.00 3.21 2.34 0.00 0.00 0.00 0.00 0.00 0.00 0.00 0.00 0.00 0.00 0.00 3.07 3.14 6.20 13.36 16.06 11.90 7.30 7.87 14.28 20.32 17.34 16.46 14.01 13.57 8.95 5.58 6.00 0.00 3.65 8.73 6.51 0.00 0.00 0.00 0.00 0.00 3.07 9.71 14.38 14.89 11.62 9.41 0.00 0.00 0.00 0.00
7.30 9.56 11.61 11.53 10.22 5.91 5.26 0.00 0.00 0.00 0.00 0.00 0.00 0.00 0.00 0.00 0.00 0.00 0.00 0.00 0.00 0.00 0.00 6.50 4.53 0.00 0.00 0.00 0.00 1.53 0.00 0.00 0.00 0.00 0.00 0.00 0.00 0.00 0.00 0.00 0.00 0.00 0.00 2.85 2.85 1.46 1.17 2.92 2.48 6.13 12.19 16.72 16.64 12.92 14.60 10.88 9.25 6.89 12.38 15.64 14.28 14.36 12.39 9.18 2.39 1.80 7.84 6.31 0.00 0.00 0.00 0.00 0.00 0.00 7.42 6.86 8.80 9.63 0.00 0.00 0.00 0.00 0.00
7.08 6.64 6.50 10.29 10.80 7.59 8.10 10.22 7.15 5.33 6.94 0.00 0.00 0.00 0.00 0.00 0.00 0.00 0.00 0.00 0.00 0.00 0.00 0.00 0.00 0.00 0.00 1.75 0.00 1.97 0.00 0.00 0.00 0.00 0.00 0.00 0.00 0.00 0.00 0.00 0.00 3.65 8.18 7.66 7.66 6.79 4.02 2.41 4.74 11.24 13.48 19.34 20.45 21.63 21.74 15.05 7.19 6.57 7.08 9.40 10.47 12.25 19.21 21.40 9.27 1.26 3.02 0.00 0.00 0.00 0.00 0.00 0.00 4.84 7.01 4.55 6.42 5.27 0.00 0.00 0.00 0.00 0.00
21.61 12.34 6.64 8.10 13.51 16.13 25.33 22.78 22.19 15.70 14.31 10.66 9.42 6.94 0.00 0.00 0.00 0.00 0.00 0.00 0.00 2.70 3.87 2.77 0.00 0.00 0.00 0.00 0.00 2.56 4.38 3.87 2.26 2.85 4.45 0.00 0.00 0.00 9.49 12.48 5.40 3.07 4.53 6.50 6.50 9.86 8.83 9.64 11.32 14.02 16.50 16.48 13.76 7.73 7.68 6.35 9.14 14.15 16.45 18.16 16.14 11.81 7.04 12.95 14.07 9.20 6.38 4.30 0.00 0.00 0.00 0.00 0.00 9.85 12.69 20.81 11.97 6.88 0.00 0.00 0.00 0.00 0.00
17.52 16.21 13.72 17.81 20.44 20.66 22.70 24.38 22.12 12.92 6.94 9.34 12.78 10.51 5.77 0.00 2.56 0.00 0.00 0.00 0.00 2.26 0.00 0.00 3.21 4.23 3.87 3.07 2.92 4.16 4.74 4.02 4.38 3.65 3.72 4.67 2.48 1.46 11.32 5.04 1.53 1.39 7.52 7.52 7.52 8.40 12.78 11.24 10.51 9.63 13.38 14.52 10.85 8.23 3.75 3.38 2.73 5.49 7.81 12.69 16.82 15.56 13.54 10.17 6.25 7.52 13.21 9.68 4.63 4.56 0.00 0.00 0.00 6.42 8.65 12.35 9.56 7.15 0.00 0.00 0.00 0.00 0.00
14.53 19.20 18.32 15.55 14.82 17.30 18.10 21.02 14.67 5.91 0.00 0.00 5.18 9.05 8.32 6.79 4.96 3.80 0.00 0.00 0.00 1.83 2.04 0.00 1.97 2.41 1.68 0.00 2.19 3.50 4.23 4.02 3.29 4.09 7.23 6.86 5.77 8.61 3.58 0.00 0.00 0.00 0.00 0.51 0.51 3.87 8.03 6.79 4.50 7.95 11.71 9.45 8.65 11.81 15.24 10.74 5.57 1.49 5.43 7.25 10.99 15.38 19.67 11.75 1.97 4.45 13.48 14.75 0.00 0.00 0.00 0.00 0.00 0.00 5.49 10.78 8.55 5.11 0.00 0.00 0.00 0.00 0.00
6.13 15.70 16.06 15.11 4.45 10.95 13.65 14.89 12.99 4.31 0.00 0.00 0.00 0.00 5.55 4.31 3.58 3.07 4.31 4.31 4.53 4.31 5.04 4.67 2.70 2.04 0.88 0.00 0.58 2.56 4.74 2.92 2.63 1.68 4.09 5.18 6.13 11.02 1.68 0.00 0.00 0.00 0.00 0.00 0.00 4.31 4.38 4.82 8.36 11.02 9.60 5.52 8.36 8.88 16.64 13.73 11.04 0.00 0.00 5.81 7.05 10.48 16.86 17.97 16.13 7.96 3.01 7.38 8.79 8.47 0.00 0.00 0.00 0.00 6.30 8.26 6.06 0.00 0.00 0.00 0.00 0.00 0.00
0.00 0.00 0.00 0.00 0.00 5.40 9.20 12.56 14.24 11.02 6.64 2.56 0.00 0.00 0.00 1.31 0.00 2.92 5.26 5.26 4.53 4.09 4.89 4.09 2.48 2.34 1.75 0.44 2.41 2.92 3.07 1.24 0.37 0.00 0.58 2.77 4.23 0.15 0.00 0.00 0.00 0.00 0.00 0.00 0.00 4.31 1.24 7.15 9.49 10.51 12.26 15.42 14.06 12.18 9.62 0.00 0.00 0.00 0.00 0.00 8.03 8.62 11.74 17.09 21.16 14.75 4.82 5.82 8.83 8.88 0.00 0.00 0.00 0.00 0.00 0.00 1.31 0.00 0.00 0.00 0.00 0.00 0.00
0.00 0.00 0.00 0.00 0.00 12.34 11.90 14.82 17.37 16.21 11.75 9.13 3.29 0.00 0.00 0.00 0.00 0.00 0.00 0.00 0.00 0.00 1.97 2.48 1.10 0.00 0.66 0.00 0.00 0.29 0.00 0.00 1.75 0.95 1.17 1.17 2.99 0.00 0.00 0.00 0.00 0.00 0.00 0.00 0.00 0.00 0.29 3.30 3.50 8.30 12.57 16.14 16.35 14.92 0.00 0.00 0.00 0.00 0.00 0.00 0.00 6.85 11.77 15.65 16.86 15.87 13.67 5.27 6.20 7.25 8.25 0.00 0.00 0.00 0.00 0.00 0.00 0.00 0.00 0.00 0.00 0.00 0.00
0.00 0.00 0.00 0.00 0.00 0.00 0.00 10.07 13.94 16.35 15.33 11.90 3.29 8.25 0.00 0.00 0.00 0.00 0.00 0.00 0.00 2.70 2.41 1.24 1.31 0.00 0.00 0.22 0.00 0.00 0.00 0.00 0.00 0.00 1.17 0.00 0.00 0.00 0.00 0.00 0.00 0.00 0.00 0.00 0.00 0.00 0.00 0.00 0.00 3.78 5.00 7.18 7.34 0.00 0.00 0.00 0.00 0.00 0.00 0.00 0.00 0.00 4.55 10.47 13.94 13.40 15.51 13.41 2.87 3.21 0.00 0.00 0.00 0.00 0.00 0.00 0.00 0.00 0.00 0.00 0.00 0.00 0.00
0.00 0.00 0.00 0.00 0.00 0.00 0.00 0.00 7.15 15.40 16.21 8.61 3.87 11.75 12.19 11.90 12.30 8.70 0.00 0.00 2.34 4.02 1.46 0.00 0.00 0.00 2.26 1.02 0.00 0.66 1.53 0.00 0.00 0.00 0.00 0.00 0.00 1.31 0.00 0.00 0.00 0.00 0.73 1.97 1.97 4.02 0.00 0.00 0.00 0.00 8.03 0.00 0.00 0.00 0.00 0.00 0.00 0.00 0.00 0.00 0.00 0.00 0.00 3.85 6.61 12.54 11.49 15.01 7.11 7.26 10.72 0.00 0.00 0.00 0.00 0.00 0.00 0.00 0.00 0.00 0.00 0.00 0.00
0.00 0.00 0.00 0.00 0.00 0.00 0.00 0.00 0.00 14.53 11.24 7.66 13.51 12.26 11.97 12.12 13.79 10.88 4.11 3.84 0.80 3.65 1.83 0.00 0.00 0.00 2.04 0.00 0.00 0.00 0.00 0.00 0.00 0.00 0.00 0.00 0.00 0.00 0.00 0.00 0.00 2.92 2.41 1.68 1.68 1.83 1.61 3.01 0.00 0.00 0.00 0.00 0.00 0.00 0.00 0.00 0.00 0.00 0.00 0.00 0.00 0.00 0.00 0.00 3.74 10.21 16.09 19.16 14.05 17.18 0.00 0.00 0.00 0.00 0.00 0.00 0.00 0.00 0.00 0.00 0.00 0.00 0.00
0.00 0.00 0.00 0.00 0.00 0.00 0.00 0.00 0.00 0.00 0.00 0.00 0.00 0.00 0.00 0.00 2.19 5.77 10.85 11.03 16.86 15.84 14.89 9.20 7.23 8.18 8.25 5.77 0.00 0.00 0.00 0.00 0.00 0.00 0.00 3.65 10.00 7.96 6.72 4.16 4.70 6.02 4.65 6.06 6.06 3.36 0.00 3.14 5.50 0.00 0.00 0.00 0.00 0.00 0.00 0.00 0.00 0.00 0.00 0.00 0.00 0.00 0.00 0.00 0.00 0.00 0.00 0.00 0.00 0.00 0.00 0.00 0.00 0.00 0.00 0.00 0.00 0.00 0.00 0.00 0.00 0.00 0.00
0.00 0.00 0.00 0.00 0.00 0.00 0.00 0.00 0.00 0.00 0.00 0.00 0.00 0.00 0.00 0.00 0.00 0.00 6.20 6.20 8.91 13.31 13.99 15.48 16.64 16.94 13.36 12.13 11.90 11.17 11.46 8.83 5.33 5.33 3.50 6.13 12.12 15.48 16.64 13.72 0.00 0.00 0.00 0.00 0.00 4.60 5.04 6.86 0.00 0.00 0.00 0.00 0.00 0.00 0.00 0.00 0.00 0.00 0.00 0.00 0.00 0.00 0.00 0.00 0.00 0.00 0.00 0.00 0.00 0.00 0.00 0.00 0.00 0.00 0.00 0.00 0.00 0.00 0.00 0.00 0.00 0.00 0.00
0.00 0.00 0.00 0.00 0.00 0.00 0.00 0.00 0.00 0.00 0.00 0.00 0.00 0.00 0.00 0.00 0.00 0.00 0.00 0.00 0.00 0.00 7.96 12.85 14.38 16.57 8.36 14.82 14.97 15.04 15.11 14.82 19.49 11.93 9.20 3.29 0.00 12.41 12.34 10.88 0.00 0.00 0.00 0.00 0.00 0.00 0.00 0.00 0.00 0.00 0.00 0.00 0.00 0.00 0.00 0.00 0.00 0.00 0.00 0.00 0.00 0.00 0.00 0.00 0.00 0.00 0.00 0.00 0.00 0.00 0.00 0.00 0.00 0.00 0.00 0.00 0.00 0.00 0.00 0.00 0.00 0.00 0.00
0.00 0.00 0.00 0.00 0.00 0.00 0.00 0.00 0.00 0.00 0.00 0.00 0.00 0.00 0.00 0.00 0.00 0.00 0.00 0.00 0.00 0.00 0.00 5.77 4.82 4.38 0.00 8.47 6.50 10.37 5.33 4.23 19.19 21.25 14.38 0.00 0.00 0.00 0.00 0.00 0.00 0.00 0.00 0.00 0.00 0.00 0.00 0.00 0.00 0.00 0.00 0.00 0.00 0.00 0.00 0.00 0.00 0.00 0.00 0.00 0.00 0.00 0.00 0.00 0.00 0.00 0.00 0.00 0.00 0.00 0.00 0.00 0.00 0.00 0.00 0.00 0.00 0.00 0.00 0.00 0.00 0.00 0.00
