Wansh/Snow_depth/snowdepth-1986/spring/1986086.txt
ncols 321
nrows 161
xllcenter 60
yllcenter 15 
cellsize  0.25 
NODATA_value -1
[rows 0 to 36 of 161, columns 84 to 167 of 321]
27.23 28.47 27.59 28.32 29.86 28.11 21.68 19.64 19.78 20.44 22.78 24.09 26.06 26.28 26.79 27.52 27.01 26.35 26.35 24.60 23.87 21.10 13.58 8.69 6.20 4.67 2.77 2.41 2.85 3.80 8.18 12.34 12.70 15.04 16.35 18.76 19.78 15.04 11.97 14.24 14.89 16.64 20.59 20.59 11.46 8.25 5.69 5.77 7.81 10.15 12.85 12.85 10.07 11.46 14.09 15.84 0.00 9.78 8.83 0.00 0.00 0.00 0.00 0.00 0.00 0.00 0.00 0.00 0.00 0.00 0.00 0.00 14.60 0.00 0.00 12.48 13.29 15.40 17.37 17.59 14.31 10.80 9.42 10.88
28.25 27.16 25.92 27.01 28.03 23.87 22.05 19.78 18.69 18.69 17.52 16.21 14.16 16.86 16.57 21.83 26.50 29.27 29.27 30.66 29.49 28.47 24.31 15.26 7.23 4.96 4.31 3.50 4.23 4.53 6.64 11.02 10.88 5.69 0.00 0.00 0.00 1.90 3.43 9.64 11.61 13.51 15.33 15.33 12.12 9.71 6.50 5.04 5.40 6.06 6.86 7.81 7.74 8.03 7.96 9.42 10.22 8.98 6.57 6.13 6.50 0.00 0.00 6.28 0.00 0.00 0.00 8.32 8.32 10.66 12.26 16.21 17.74 15.84 16.64 20.44 20.88 21.97 20.15 18.69 16.50 14.97 13.51 0.00
28.32 29.57 27.38 26.65 19.35 22.27 26.43 28.62 27.96 27.52 23.87 21.68 18.18 13.29 10.15 8.91 13.14 18.69 18.69 22.27 25.48 25.48 25.84 20.29 10.66 7.23 6.20 5.18 5.77 6.42 5.48 6.79 9.13 8.10 0.00 0.00 0.00 3.65 6.86 13.07 13.58 25.77 26.65 26.65 28.84 25.62 19.27 9.42 5.69 5.18 4.89 4.23 5.11 5.91 8.47 10.73 13.94 15.18 14.53 12.12 13.21 11.83 13.51 12.78 12.41 12.05 13.87 14.82 14.82 15.77 14.09 12.19 11.17 14.02 19.49 22.41 22.63 23.00 22.63 21.75 22.85 25.11 24.31 20.44
28.32 29.57 27.38 26.65 19.35 22.27 26.43 28.62 27.96 27.52 23.87 21.68 18.18 13.29 10.15 8.91 13.14 18.69 18.69 22.27 25.48 25.48 25.84 20.29 10.66 7.23 6.20 5.18 5.77 6.42 5.48 6.79 9.13 8.10 0.00 0.00 0.00 3.65 6.86 13.07 13.58 25.77 26.65 26.65 28.84 25.62 19.27 9.42 5.69 5.18 4.89 4.23 5.11 5.91 8.47 10.73 13.94 15.18 14.53 12.12 13.21 11.83 13.51 12.78 12.41 12.05 13.87 14.82 14.82 15.77 14.09 12.19 11.17 14.02 19.49 22.41 22.63 23.00 22.63 21.75 22.85 25.11 24.31 20.44
25.48 23.14 20.73 16.86 22.05 24.82 26.65 24.60 27.59 27.81 25.04 22.19 19.86 18.76 18.47 14.24 10.51 8.25 8.25 6.79 10.66 16.64 21.46 24.09 18.69 9.86 5.26 5.33 6.28 5.69 4.23 5.26 8.54 13.14 15.62 13.29 7.66 0.00 8.98 8.69 8.98 11.17 17.23 17.23 23.07 27.52 26.79 20.59 13.21 8.32 6.72 5.84 4.45 0.00 4.45 0.00 7.74 9.78 11.17 14.31 15.04 16.21 14.97 13.65 15.70 16.79 18.32 18.69 18.69 17.59 15.55 13.65 12.99 12.99 15.99 20.00 24.24 24.60 21.90 19.49 19.27 21.02 22.41 20.22
28.84 26.13 19.27 23.65 19.86 14.60 13.80 14.75 18.69 20.88 23.21 23.51 21.75 21.75 23.80 24.75 23.80 17.37 17.37 11.68 7.74 7.59 11.02 18.98 17.96 13.51 9.27 7.30 5.69 4.53 4.45 6.20 9.27 11.97 15.26 12.56 5.91 0.00 6.35 0.00 2.34 4.38 7.15 7.15 11.97 18.61 24.45 25.11 19.78 11.24 7.59 5.77 0.00 0.00 0.00 5.04 4.74 7.01 9.34 10.88 12.05 13.29 18.10 19.71 18.54 17.89 16.06 14.75 14.75 14.38 13.65 15.84 15.70 13.29 12.26 12.12 11.10 13.72 16.28 18.32 18.83 19.56 19.13 20.37
28.69 29.13 29.35 29.42 28.11 26.06 22.78 20.88 20.73 19.71 23.73 22.70 22.27 21.53 22.85 25.19 26.86 27.23 27.23 26.94 20.15 12.19 8.98 12.41 14.75 10.00 5.77 5.62 4.89 4.60 4.67 5.48 6.57 9.42 10.66 10.59 0.00 0.00 0.00 0.00 0.00 0.00 4.23 4.23 8.25 13.87 19.35 20.88 0.00 12.41 9.93 7.15 5.40 5.62 6.94 9.05 11.75 13.21 15.84 15.40 15.11 18.69 23.80 23.73 21.90 20.81 18.25 18.69 18.69 17.74 19.86 22.19 21.24 21.75 18.83 16.50 14.53 11.32 9.34 10.15 14.16 18.25 20.00 21.90
28.69 29.13 29.35 29.42 28.11 26.06 22.78 20.88 20.73 19.71 23.73 22.70 22.27 21.53 22.85 25.19 26.86 27.23 27.23 26.94 20.15 12.19 8.98 12.41 14.75 10.00 5.77 5.62 4.89 4.60 4.67 5.48 6.57 9.42 10.66 10.59 0.00 0.00 0.00 0.00 0.00 0.00 4.23 4.23 8.25 13.87 19.35 20.88 0.00 12.41 9.93 7.15 5.40 5.62 6.94 9.05 11.75 13.21 15.84 15.40 15.11 18.69 23.80 23.73 21.90 20.81 18.25 18.69 18.69 17.74 19.86 22.19 21.24 21.75 18.83 16.50 14.53 11.32 9.34 10.15 14.16 18.25 20.00 21.90
28.62 26.21 25.11 25.62 25.99 25.33 24.09 22.41 21.97 22.12 18.54 13.43 12.12 16.86 21.61 23.58 24.31 25.33 25.33 25.99 25.19 22.27 14.53 11.90 10.29 8.32 6.42 6.57 0.00 9.42 7.66 6.35 7.96 10.51 10.59 0.00 0.00 0.00 0.00 0.00 2.34 4.38 6.13 6.13 8.54 10.29 11.39 0.00 0.00 0.00 0.00 7.30 4.60 4.38 6.35 7.52 8.54 9.78 12.12 13.58 13.51 18.10 20.88 19.42 22.34 22.05 21.53 21.46 21.46 20.73 21.53 21.61 21.17 20.59 20.29 19.35 17.08 14.31 12.92 11.32 10.95 10.00 15.18 18.47
21.46 21.17 21.17 22.34 23.58 23.21 22.56 21.90 22.41 21.24 16.79 12.92 11.97 15.77 24.24 26.50 26.21 24.45 24.45 23.07 21.83 20.59 12.41 5.84 3.94 5.84 7.30 0.00 0.00 0.00 0.00 5.55 7.59 0.00 0.00 12.19 10.29 9.56 0.00 0.00 6.35 6.79 6.79 6.79 6.50 0.00 0.00 7.37 9.78 11.46 17.01 20.44 13.65 10.15 9.78 9.42 9.05 10.00 10.29 10.15 11.24 13.80 12.92 12.78 14.60 14.45 14.67 15.70 15.70 15.33 14.82 18.18 18.54 17.74 17.45 20.08 22.12 23.65 24.09 17.37 13.72 10.95 10.51 10.44
19.27 18.10 18.98 19.78 18.76 20.59 20.29 19.71 19.35 18.47 14.45 10.80 11.46 13.94 19.05 21.39 21.32 20.51 20.51 15.77 13.87 10.22 5.48 0.00 0.00 7.08 7.30 6.28 5.91 3.72 4.60 0.00 7.66 0.00 0.00 10.66 11.61 9.42 8.40 7.96 8.10 8.69 9.78 9.78 9.56 7.59 8.10 12.05 12.70 10.44 14.31 15.77 14.45 11.10 11.68 11.39 10.44 13.51 10.37 9.93 12.41 13.94 14.24 14.16 16.13 18.03 20.51 26.94 26.94 25.99 20.15 19.13 19.86 18.10 17.96 25.11 32.27 30.66 25.77 20.95 17.37 15.77 12.78 10.88
19.27 18.10 18.98 19.78 18.76 20.59 20.29 19.71 19.35 18.47 14.45 10.80 11.46 13.94 19.05 21.39 21.32 20.51 20.51 15.77 13.87 10.22 5.48 0.00 0.00 7.08 7.30 6.28 5.91 3.72 4.60 0.00 7.66 0.00 0.00 10.66 11.61 9.42 8.40 7.96 8.10 8.69 9.78 9.78 9.56 7.59 8.10 12.05 12.70 10.44 14.31 15.77 14.45 11.10 11.68 11.39 10.44 13.51 10.37 9.93 12.41 13.94 14.24 14.16 16.13 18.03 20.51 26.94 26.94 25.99 20.15 19.13 19.86 18.10 17.96 25.11 32.27 30.66 25.77 20.95 17.37 15.77 12.78 10.88
18.61 19.64 18.76 18.32 18.32 17.96 16.94 16.94 17.59 14.75 16.13 14.24 15.40 18.32 22.27 21.39 22.78 23.65 23.65 21.61 16.86 11.75 0.00 0.00 0.00 0.00 0.00 0.00 0.00 5.84 5.26 4.31 5.99 8.32 10.00 13.65 14.82 11.24 10.15 12.34 13.65 12.56 12.78 12.78 9.34 7.96 9.42 12.78 13.65 15.33 19.86 22.48 16.57 13.72 12.26 14.89 27.89 22.05 21.32 18.61 15.33 15.26 11.68 13.07 13.29 14.82 18.18 20.15 20.15 22.70 22.63 21.61 21.02 22.19 24.89 28.69 33.14 32.34 29.13 25.77 22.85 21.24 20.00 18.91
18.03 16.94 16.50 17.08 16.21 14.97 15.18 14.82 14.31 13.58 13.87 14.02 17.81 21.32 21.97 20.95 20.37 21.10 21.10 17.16 14.45 11.90 10.73 9.05 7.15 5.62 7.37 7.15 9.71 12.85 14.31 16.79 16.72 12.26 17.01 21.32 24.67 19.78 14.09 13.29 12.41 11.02 12.85 12.85 13.21 14.75 15.55 17.16 16.06 16.57 17.59 19.27 18.18 17.89 15.84 15.48 17.30 18.47 20.15 17.23 17.08 18.47 19.05 18.91 17.16 15.77 20.51 19.78 19.78 22.34 25.33 24.31 23.36 23.51 25.11 28.98 29.42 27.45 25.62 25.84 23.43 19.13 16.35 15.77
17.81 16.72 14.97 14.31 11.24 11.75 10.59 10.51 12.63 16.06 16.50 16.43 18.10 21.61 24.24 23.43 21.02 14.38 14.38 12.63 11.53 13.21 14.16 12.41 8.91 8.91 12.41 15.04 17.30 18.47 20.59 23.73 21.24 21.02 21.10 15.77 12.78 12.99 12.12 13.29 15.04 20.00 22.41 22.41 21.83 23.87 24.38 22.85 21.90 22.48 22.12 22.34 22.92 23.73 23.58 23.21 25.11 23.65 12.99 11.39 12.41 17.30 19.20 20.08 22.70 21.68 17.16 16.43 16.43 19.13 20.00 20.29 17.52 16.28 20.15 21.61 15.62 9.13 9.13 21.39 25.04 19.86 17.01 15.70
17.74 16.28 14.82 14.09 13.29 7.74 5.91 8.54 10.66 12.05 13.80 14.02 13.94 13.72 13.87 15.26 14.89 13.29 13.29 12.19 10.80 13.51 18.10 17.52 14.97 13.58 11.53 14.02 18.83 20.51 23.43 25.92 19.20 16.43 14.89 9.05 5.40 5.62 8.76 15.18 20.37 22.41 21.17 21.17 18.54 18.32 17.52 15.04 14.02 19.27 20.59 19.71 21.32 26.28 28.76 27.45 27.08 22.48 11.61 8.69 8.47 8.83 7.74 8.83 13.36 17.96 16.86 18.54 18.54 20.59 20.44 19.20 14.45 11.46 13.94 21.32 13.58 0.00 11.24 20.15 29.05 21.46 22.48 26.94
17.74 16.28 14.82 14.09 13.29 7.74 5.91 8.54 10.66 12.05 13.80 14.02 13.94 13.72 13.87 15.26 14.89 13.29 13.29 12.19 10.80 13.51 18.10 17.52 14.97 13.58 11.53 14.02 18.83 20.51 23.43 25.92 19.20 16.43 14.89 9.05 5.40 5.62 8.76 15.18 20.37 22.41 21.17 21.17 18.54 18.32 17.52 15.04 14.02 19.27 20.59 19.71 21.32 26.28 28.76 27.45 27.08 22.48 11.61 8.69 8.47 8.83 7.74 8.83 13.36 17.96 16.86 18.54 18.54 20.59 20.44 19.20 14.45 11.46 13.94 21.32 13.58 0.00 11.24 20.15 29.05 21.46 22.48 26.94
14.75 15.70 15.40 16.06 14.38 8.32 4.89 5.84 7.59 9.34 11.32 13.07 14.53 13.58 9.05 11.68 15.62 14.97 14.97 12.99 10.73 9.56 10.80 12.85 15.33 15.77 10.15 11.61 12.56 17.74 21.61 23.14 18.98 17.23 11.83 6.06 7.74 10.22 13.43 15.70 17.01 16.06 14.97 14.97 19.13 19.49 18.61 17.01 16.64 17.30 18.40 16.94 17.37 18.47 20.44 20.51 17.81 12.34 9.05 11.24 14.45 16.21 11.75 11.24 14.24 17.30 18.40 21.46 21.46 24.24 22.85 17.01 14.45 22.70 24.97 21.97 12.34 0.00 12.26 24.60 19.64 17.30 19.71 21.10
14.24 15.55 18.54 18.54 16.57 13.51 11.53 9.34 7.66 10.44 11.46 12.34 18.32 21.17 17.23 18.91 19.78 15.84 15.84 12.41 9.05 5.18 5.69 9.93 14.02 15.77 14.82 15.77 16.21 15.40 13.58 23.73 25.92 23.14 16.72 14.45 13.21 13.21 15.04 17.08 19.05 17.37 17.23 17.23 19.86 20.95 19.20 17.89 18.69 17.81 17.30 18.76 19.05 18.40 22.70 20.37 16.13 14.45 16.13 19.86 24.45 23.65 20.00 16.72 19.56 20.15 18.10 24.53 24.53 28.25 25.62 21.53 20.51 21.90 21.24 16.64 5.77 7.88 11.32 15.40 14.60 15.62 18.10 18.32
14.60 17.74 20.81 22.48 20.59 20.22 0.00 0.00 9.93 15.62 15.26 14.82 16.64 17.08 15.91 16.06 18.83 20.73 20.73 20.22 17.16 11.68 8.03 7.88 11.68 16.06 17.45 18.54 18.69 17.67 21.53 23.87 22.70 22.92 21.39 16.35 12.56 10.37 9.34 10.22 12.48 19.13 23.73 23.73 26.57 24.97 21.39 22.48 23.07 22.41 22.56 25.84 23.07 20.00 24.09 23.80 23.58 22.34 18.83 23.21 26.65 29.71 24.67 21.10 19.78 20.29 26.06 30.30 30.30 25.92 19.71 15.48 15.11 13.87 9.49 5.99 4.96 8.18 10.66 13.43 15.40 16.50 15.77 15.40
10.95 13.58 15.91 14.60 0.00 0.00 0.00 0.00 17.23 17.74 15.40 13.51 14.60 15.33 13.80 14.02 15.99 18.25 18.25 18.61 17.23 14.02 13.87 12.56 14.53 18.32 17.30 14.38 13.80 11.32 14.16 18.47 19.86 17.67 11.75 7.66 5.33 6.35 5.77 5.99 9.34 17.81 29.13 29.13 33.80 32.05 27.96 31.24 33.87 31.46 28.18 28.69 24.53 25.62 28.18 30.95 27.08 24.16 22.56 21.02 19.56 22.41 23.21 20.08 22.70 25.40 29.35 22.56 22.56 15.48 7.15 5.69 6.42 6.13 3.87 2.04 2.70 5.04 7.15 9.86 11.61 14.24 15.62 12.78
10.88 10.00 0.00 0.00 0.00 0.00 0.00 17.52 20.73 25.19 27.96 29.86 29.20 26.21 19.20 17.08 17.45 18.69 18.69 19.64 19.93 18.91 18.76 19.64 22.92 26.13 25.55 19.86 11.02 13.80 11.97 12.78 12.56 12.41 6.57 0.00 0.00 0.00 0.00 9.05 8.98 8.25 13.94 13.94 24.60 23.80 21.02 21.83 25.92 27.16 29.57 31.46 32.34 34.60 37.08 35.70 28.18 23.58 21.75 22.12 20.73 19.49 21.39 21.17 22.34 22.63 24.89 19.93 19.93 7.74 4.67 4.16 2.63 2.99 2.56 2.63 2.85 3.58 4.60 6.42 10.66 9.49 8.03 7.23
10.88 10.00 0.00 0.00 0.00 0.00 0.00 17.52 20.73 25.19 27.96 29.86 29.20 26.21 19.20 17.08 17.45 18.69 18.69 19.64 19.93 18.91 18.76 19.64 22.92 26.13 25.55 19.86 11.02 13.80 11.97 12.78 12.56 12.41 6.57 0.00 0.00 0.00 0.00 9.05 8.98 8.25 13.94 13.94 24.60 23.80 21.02 21.83 25.92 27.16 29.57 31.46 32.34 34.60 37.08 35.70 28.18 23.58 21.75 22.12 20.73 19.49 21.39 21.17 22.34 22.63 24.89 19.93 19.93 7.74 4.67 4.16 2.63 2.99 2.56 2.63 2.85 3.58 4.60 6.42 10.66 9.49 8.03 7.23
0.00 0.00 0.00 0.00 8.40 8.10 0.00 20.59 21.97 24.67 28.69 33.00 32.12 33.65 31.39 28.62 26.35 24.60 24.60 23.07 24.31 24.38 25.26 26.21 28.69 30.51 33.36 28.18 22.78 14.45 10.51 9.64 7.59 5.91 3.72 0.00 1.02 0.00 0.00 2.92 3.36 1.83 4.16 4.16 6.20 5.91 6.13 5.91 5.04 8.18 10.95 15.70 11.10 22.34 25.99 22.48 23.51 17.45 14.09 17.01 19.20 19.93 23.73 26.28 27.59 24.97 23.29 22.27 22.27 20.73 18.18 13.80 9.05 6.42 3.58 4.23 4.23 3.94 3.80 3.87 4.53 3.65 2.85 3.87
5.55 5.55 5.33 9.13 12.56 17.59 23.94 28.76 29.27 29.35 27.74 25.19 25.62 26.06 27.59 27.74 26.50 25.55 25.55 24.38 24.53 26.13 24.97 23.91 23.11 26.38 25.22 21.17 15.70 8.54 6.86 5.84 0.00 0.00 0.00 0.00 0.00 0.00 1.10 0.00 0.00 0.00 0.00 0.00 0.00 2.04 2.41 0.00 1.68 2.77 2.77 2.77 2.41 4.89 6.13 5.40 4.96 3.29 10.22 17.30 20.15 21.53 24.75 27.23 27.23 25.99 22.78 22.85 22.85 26.86 29.42 23.43 18.98 12.12 7.23 5.04 4.16 3.36 2.99 5.48 0.00 0.00 0.00 2.56
9.71 14.24 19.93 22.41 27.23 31.76 35.62 35.70 35.04 32.49 27.59 23.43 21.17 19.27 21.46 24.67 26.86 29.78 29.78 32.27 32.41 34.46 32.05 27.66 31.19 28.31 22.64 26.04 26.13 22.12 14.75 8.91 6.35 3.50 0.00 0.00 0.00 4.74 4.74 3.36 0.00 0.00 0.00 0.00 2.19 2.41 3.14 4.23 0.00 0.00 0.00 0.00 0.00 0.00 0.00 0.00 0.00 0.00 7.88 17.45 22.27 21.83 22.56 22.78 23.36 21.97 22.41 21.61 21.61 21.32 21.10 17.16 12.78 7.81 2.34 3.87 4.67 4.38 4.45 2.99 0.00 0.00 0.00 0.00
16.06 17.67 22.27 25.04 26.86 29.20 32.05 31.39 28.32 23.21 16.72 12.19 5.84 5.55 15.18 23.87 30.51 34.09 34.09 33.65 32.05 30.02 31.98 28.82 29.35 29.12 27.27 27.50 27.92 22.87 15.77 14.97 12.41 6.72 6.86 5.77 4.82 5.18 4.45 2.85 0.00 0.00 1.68 1.68 0.00 0.00 0.00 2.34 1.53 0.00 0.00 0.00 0.00 0.00 0.00 0.00 0.00 0.00 4.09 12.12 19.13 18.54 19.78 20.95 20.88 25.11 26.21 24.53 24.53 23.51 22.05 19.64 17.81 14.82 12.12 9.93 10.51 7.37 5.91 0.00 0.00 0.00 0.00 0.00
17.01 16.13 21.02 19.27 17.89 21.10 22.85 22.41 20.59 16.57 9.86 2.12 0.00 0.66 5.84 12.12 20.00 22.27 22.27 17.73 19.91 23.27 29.20 30.00 32.02 31.90 31.68 30.47 32.99 28.32 26.63 24.09 20.08 14.16 12.92 11.17 6.06 4.67 2.92 0.95 2.41 0.00 0.00 0.00 0.00 0.00 0.00 0.00 0.00 0.00 0.00 0.00 0.00 0.00 0.00 0.00 0.00 0.00 0.00 9.64 17.08 20.15 21.61 18.83 19.27 25.48 28.11 27.38 27.38 26.57 24.24 22.78 22.63 23.36 18.83 13.29 8.76 4.82 4.67 3.29 0.00 0.00 0.00 0.00
17.01 16.13 21.02 19.27 17.89 21.10 22.85 22.41 20.59 16.57 9.86 2.12 0.00 0.66 5.84 12.12 20.00 22.27 22.38 18.31 20.22 24.92 28.47 30.77 31.54 31.90 30.73 28.32 30.82 28.75 26.90 25.09 22.56 14.99 13.25 11.17 6.06 4.67 2.92 0.95 2.41 0.00 0.00 0.00 0.00 0.00 0.00 0.00 0.00 0.00 0.00 0.00 0.00 0.00 0.00 0.00 0.00 0.00 0.00 9.64 17.08 20.15 21.61 18.83 19.27 25.48 28.11 27.38 27.38 26.57 24.24 22.78 22.63 23.36 18.83 13.29 8.76 4.82 4.67 3.29 0.00 0.00 0.00 0.00
18.40 19.42 21.46 20.73 20.66 22.12 22.63 20.81 19.20 16.86 13.58 8.03 4.53 6.42 8.32 11.02 17.08 12.26 12.26 2.48 1.31 1.61 6.46 12.90 26.50 22.93 30.60 36.46 37.52 36.24 30.82 26.40 30.56 30.57 22.35 16.34 10.91 6.79 5.04 3.07 2.77 2.70 0.00 0.00 0.00 0.00 0.00 0.00 0.00 0.00 0.00 0.00 0.00 0.00 0.00 0.00 0.00 0.00 0.00 5.84 15.11 18.32 21.97 24.53 24.75 23.51 24.67 23.51 23.51 19.27 20.44 19.35 17.96 17.74 15.77 12.56 8.10 4.60 3.58 0.00 0.00 0.00 0.00 0.00
18.32 16.72 14.02 11.46 13.65 16.72 21.10 25.40 27.45 24.89 21.83 18.83 19.13 22.63 24.45 27.08 26.50 15.33 15.33 8.29 2.04 0.00 0.00 0.00 0.00 0.00 6.86 22.54 34.94 38.34 34.46 29.20 25.70 30.01 30.26 26.99 19.71 11.96 6.42 5.26 4.38 3.50 0.00 0.00 2.56 2.04 2.77 3.43 3.94 0.00 0.00 0.00 0.00 0.00 0.00 0.00 0.00 0.00 0.00 5.62 8.98 11.46 19.05 27.01 26.28 22.34 19.35 21.46 21.46 18.10 16.79 14.97 9.64 9.13 8.69 8.18 4.60 3.58 2.12 0.95 0.00 0.00 0.00 0.00
20.51 21.75 21.46 18.03 12.99 8.10 7.52 14.53 18.61 17.59 13.36 7.37 6.28 10.37 17.23 20.81 19.42 18.76 18.76 6.64 8.61 5.84 2.26 3.87 0.00 0.00 0.00 0.22 3.01 19.29 29.42 33.07 32.70 30.44 29.12 29.12 28.00 21.97 19.86 17.52 13.07 5.77 1.83 1.83 3.14 2.12 2.19 0.00 3.36 3.29 0.00 0.00 0.00 0.00 0.00 0.00 0.00 0.00 0.00 0.00 0.00 6.64 16.79 22.12 21.10 15.77 14.97 13.72 13.72 9.49 5.48 3.50 3.21 4.60 4.89 4.45 3.36 5.62 5.40 4.23 5.26 6.57 5.91 4.45
17.81 18.98 20.44 17.01 16.86 18.98 21.90 25.99 26.43 21.68 15.55 11.90 11.17 9.27 12.70 15.18 10.07 7.59 7.59 6.42 7.08 6.06 3.80 2.19 0.00 0.00 0.00 0.00 0.00 0.00 9.78 23.58 32.05 33.58 35.41 34.24 31.05 29.43 28.08 22.93 17.23 10.29 5.04 5.04 4.60 3.87 2.19 0.00 0.00 3.58 0.00 0.00 0.00 0.00 0.00 0.00 0.00 0.73 2.34 0.00 0.00 3.14 8.83 11.39 8.54 8.91 9.49 7.96 7.96 3.21 0.00 0.00 0.00 0.00 2.63 3.87 6.13 8.98 8.10 6.94 11.39 12.78 8.61 5.26
1.31 1.46 0.00 0.00 0.00 3.43 7.96 11.10 19.91 26.86 27.89 24.75 17.74 15.99 13.43 8.69 3.14 0.00 0.00 3.21 3.50 4.16 6.13 3.21 0.00 0.00 0.00 0.00 0.00 0.00 0.00 10.80 19.42 25.55 33.80 35.41 34.09 30.08 30.53 27.03 18.42 15.40 11.61 11.61 6.79 4.82 4.82 4.09 0.00 4.16 0.00 0.00 0.00 0.00 0.00 0.00 0.00 5.84 6.79 6.28 3.29 0.00 0.00 0.00 0.00 3.72 3.29 0.00 0.00 0.00 0.00 0.00 0.00 2.48 0.00 0.00 1.53 4.45 5.91 5.77 6.57 7.66 7.81 5.55
0.00 0.00 0.00 0.00 0.00 0.00 0.00 0.00 0.00 11.02 20.00 20.73 16.06 10.29 4.74 0.00 0.00 0.00 0.00 0.00 0.00 0.00 0.00 0.00 0.00 0.00 0.00 0.00 0.00 0.00 0.00 0.00 4.29 9.27 10.66 11.10 17.01 21.02 22.78 23.00 17.84 14.97 16.21 16.21 10.44 6.72 4.82 4.96 4.38 0.00 0.00 3.50 0.00 0.00 3.43 2.41 3.43 4.23 5.33 5.84 0.00 0.00 0.00 0.00 0.00 3.65 0.00 0.00 0.00 0.00 0.00 0.00 0.00 2.48 0.00 1.39 0.80 0.00 0.00 2.85 4.31 4.16 5.40 4.23
0.00 0.00 0.00 0.00 0.00 0.00 0.00 0.00 0.00 11.02 20.00 20.73 16.06 10.29 4.74 0.00 0.00 0.00 0.00 0.00 0.00 0.00 0.00 0.00 0.00 0.00 0.00 0.00 0.00 0.00 0.00 0.00 4.16 9.27 10.71 11.15 17.01 20.91 23.01 23.00 17.67 14.97 16.21 16.21 10.44 6.72 4.82 4.96 4.38 0.00 0.00 3.50 0.00 0.00 3.43 2.41 3.43 4.23 5.33 5.84 0.00 0.00 0.00 0.00 0.00 3.65 0.00 0.00 0.00 0.00 0.00 0.00 0.00 2.48 0.00 1.39 0.80 0.00 0.00 2.85 4.31 4.16 5.40 4.23
0.00 0.00 14.16 0.00 0.00 22.27 16.28 6.82 0.00 7.15 11.24 12.05 8.03 3.21 1.68 0.00 0.00 0.00 0.00 0.00 0.00 0.00 0.00 0.00 0.00 0.00 0.00 0.00 0.00 0.00 0.00 0.00 2.41 0.51 2.99 4.38 6.35 7.30 7.26 6.94 5.11 3.36 5.69 5.69 6.42 6.79 6.42 7.01 6.94 6.72 5.69 0.00 2.85 0.00 0.00 0.00 0.00 0.00 0.00 3.36 4.23 0.00 0.00 2.70 2.70 3.14 3.58 0.00 0.00 0.00 0.00 0.00 1.46 2.12 3.58 0.00 0.00 0.00 0.00 0.00 1.97 2.63 0.51 0.88
