Wansh/Snow_depth/snowdepth-1986/spring/1986069.txt
ncols 321
nrows 161
xllcenter 60
yllcenter 15 
cellsize  0.25 
NODATA_value -1
[rows 0 to 36 of 161, columns 166 to 248 of 321]
10.44 11.75 11.32 8.69 6.79 7.96 9.34 8.69 7.30 9.42 10.66 10.66 10.59 10.37 11.10 9.93 9.78 10.51 10.80 12.48 14.60 13.29 12.92 11.97 11.97 13.07 12.26 11.24 9.27 1.83 0.00 0.00 2.41 12.63 19.64 20.66 18.98 18.98 13.14 15.33 23.14 24.89 22.92 24.75 24.60 20.37 30.30 32.27 32.92 32.70 29.57 23.65 20.59 20.73 23.94 21.53 22.12 27.23 29.20 30.37 27.96 26.65 26.65 26.79 28.32 36.50 36.72 39.57 35.77 31.03 30.44 26.94 24.24 24.38 24.38 23.51 22.41 22.63 23.14 23.87 22.41 22.56 22.48
13.72 13.58 11.02 7.88 8.25 10.29 8.69 6.42 8.61 9.20 10.95 10.95 12.05 12.48 12.70 11.17 11.39 10.51 11.02 14.31 15.91 14.60 12.56 11.61 11.39 11.83 10.07 6.35 0.00 0.00 0.00 0.00 5.99 16.35 18.76 16.79 12.92 12.92 9.64 12.63 23.80 26.79 27.96 31.03 32.27 39.13 38.40 35.19 31.68 30.44 29.35 26.86 24.16 20.29 19.13 21.61 22.85 26.43 32.12 31.10 30.08 27.96 27.96 28.25 34.97 36.57 38.91 37.96 35.33 31.76 29.42 28.32 27.01 25.84 26.28 23.80 22.63 21.10 21.75 21.61 23.07 22.92 22.48
25.70 22.34 17.08 14.53 15.18 17.16 13.07 11.97 9.42 9.49 10.66 10.66 10.37 11.61 10.29 10.44 10.44 13.07 15.70 15.77 17.01 15.99 14.60 13.51 12.63 12.48 7.88 0.00 0.00 0.00 0.00 0.00 9.13 14.31 13.07 13.36 13.58 13.58 14.31 23.07 32.12 32.92 33.94 35.48 34.02 34.89 34.46 29.13 27.81 25.84 25.33 25.48 24.53 24.53 24.53 25.26 24.09 24.38 24.75 26.72 29.78 27.38 27.38 27.16 32.34 32.49 27.89 31.03 29.71 30.15 31.10 33.22 30.22 26.65 25.33 22.56 21.32 21.46 22.12 24.24 22.85 25.19 22.12
25.70 22.34 17.08 14.53 15.18 17.16 13.07 11.97 9.42 9.49 10.66 10.66 10.37 11.61 10.29 10.44 10.44 13.07 15.70 15.77 17.01 15.99 14.60 13.51 12.63 12.48 7.88 0.00 0.00 0.00 0.00 0.00 9.13 14.31 13.07 13.36 13.58 13.58 14.31 23.07 32.12 32.92 33.94 35.48 34.02 34.89 34.46 29.13 27.81 25.84 25.33 25.48 24.53 24.53 24.53 25.26 24.09 24.38 24.75 26.72 29.78 27.38 27.38 27.16 32.34 32.49 27.89 31.03 29.71 30.15 31.10 33.22 30.22 26.65 25.33 22.56 21.32 21.46 22.12 24.24 22.85 25.19 22.12
23.07 21.53 18.61 17.45 19.35 19.78 17.37 15.26 10.22 8.25 9.86 9.86 12.41 11.39 11.61 12.85 15.55 19.13 21.32 20.15 15.18 14.60 15.11 13.80 12.26 11.02 0.00 0.00 0.00 0.00 0.00 7.52 12.34 13.51 17.67 17.59 17.52 17.52 21.17 29.86 31.03 30.59 31.54 30.66 30.22 29.64 30.81 30.37 31.46 30.81 29.05 27.59 25.77 24.67 25.70 26.94 26.86 26.35 24.38 24.75 23.87 25.19 25.19 32.41 32.56 31.54 31.10 29.05 28.69 28.11 26.35 25.84 24.67 21.83 21.32 20.00 16.13 14.24 15.26 14.67 15.48 15.48 16.50
22.19 22.92 25.33 21.17 18.40 21.53 20.08 17.08 14.24 10.66 11.02 11.02 14.16 16.50 16.64 16.79 18.32 23.43 20.81 17.08 13.36 8.03 9.64 8.03 4.31 0.00 0.00 0.00 0.00 0.00 5.48 14.24 16.13 18.76 18.18 17.37 20.37 20.37 21.39 19.49 20.88 23.21 25.04 31.61 33.29 33.43 32.85 31.90 31.10 31.32 30.44 29.42 30.30 31.39 28.84 26.94 25.48 25.84 23.80 23.21 20.59 23.21 23.21 27.16 31.46 31.24 27.01 21.10 18.18 18.83 16.94 17.37 18.83 17.52 15.84 15.99 14.53 12.12 11.75 13.21 14.60 14.75 14.75
21.61 23.29 25.33 25.77 18.98 22.05 20.15 18.25 18.40 18.18 15.77 15.77 16.06 19.86 21.97 22.12 25.19 23.51 19.56 10.44 9.13 7.45 5.26 0.00 0.00 0.00 0.00 0.00 0.00 6.64 10.88 14.45 17.52 18.10 19.20 21.97 23.87 23.87 23.73 22.56 22.05 21.90 26.21 26.21 26.21 27.74 28.98 28.32 28.62 30.95 30.81 29.05 29.64 30.30 29.49 28.91 23.80 22.56 20.29 18.40 18.98 17.89 17.89 19.64 20.88 21.17 16.86 14.16 11.97 11.39 12.41 11.17 10.22 11.10 11.75 12.63 11.32 11.75 11.75 12.56 13.87 13.46 13.71
21.61 23.29 25.33 25.77 18.98 22.05 20.15 18.25 18.40 18.18 15.77 15.77 16.06 19.86 21.97 22.12 25.19 23.51 19.56 10.44 9.13 7.45 5.26 0.00 0.00 0.00 0.00 0.00 0.00 6.64 10.88 14.45 17.52 18.10 19.20 21.97 23.87 23.87 23.73 22.56 22.05 21.90 26.21 26.21 26.21 27.74 28.98 28.32 28.62 30.95 30.81 29.05 29.64 30.30 29.49 28.91 23.80 22.56 20.29 18.40 18.98 17.89 17.89 19.64 20.88 21.17 16.86 14.16 11.97 11.39 12.41 11.17 10.22 11.10 11.75 12.63 11.32 13.59 16.21 18.07 19.00 22.87 22.64
14.45 17.89 23.58 27.67 25.70 22.85 21.10 19.42 18.61 21.68 21.39 21.39 18.18 24.24 25.55 26.06 26.13 19.56 13.58 10.80 9.34 0.00 0.00 0.00 0.00 0.00 0.00 0.00 4.74 10.44 10.80 13.51 15.40 18.10 20.88 25.84 28.98 28.98 26.79 23.58 22.27 23.80 24.97 27.74 26.43 26.06 25.70 24.31 24.97 30.00 31.90 30.00 27.08 23.43 19.05 18.54 17.67 17.59 17.52 17.30 17.67 15.55 15.55 15.62 14.31 11.46 12.26 13.14 10.80 9.20 10.51 11.10 11.97 11.02 11.10 9.26 11.59 15.60 19.39 18.36 17.71 21.78 20.84
8.47 9.86 16.94 19.20 21.32 21.75 20.22 18.76 15.99 15.91 19.56 19.56 24.09 28.40 25.92 16.21 16.28 13.14 10.44 5.62 0.00 0.00 0.00 0.00 0.00 0.00 4.09 7.08 11.24 12.99 13.14 14.82 16.64 18.32 19.20 21.32 23.58 23.58 22.41 22.78 22.78 23.94 24.67 25.92 24.53 22.78 23.07 21.83 21.61 25.33 26.06 22.70 20.08 16.79 12.63 11.46 11.68 11.02 11.02 11.75 10.22 11.90 11.90 12.85 15.04 15.99 17.30 16.57 14.24 13.29 13.51 14.24 14.24 12.63 11.71 13.21 15.17 16.33 20.00 22.86 24.88 20.49 16.82
13.87 9.64 11.39 12.34 16.28 19.93 21.68 21.97 22.85 21.83 21.61 21.61 18.76 15.77 12.34 10.80 9.34 4.60 0.00 0.00 0.00 0.00 0.00 3.72 8.91 11.83 13.80 14.45 14.82 14.38 15.18 14.24 12.85 13.14 17.01 17.67 17.81 17.81 18.25 21.75 25.11 26.79 26.06 24.53 22.12 20.37 20.37 17.08 12.92 13.14 13.94 14.38 11.68 8.83 8.76 8.25 8.10 6.86 6.57 9.34 12.12 13.36 13.36 12.05 12.34 12.63 13.21 14.45 15.40 16.28 16.57 15.55 14.67 12.12 11.83 10.82 10.39 17.66 22.91 20.67 16.93 18.94 18.59
13.87 9.64 11.39 12.34 16.28 19.93 21.68 21.97 22.85 21.83 21.61 21.61 18.76 15.77 12.34 10.80 9.34 4.60 0.00 0.00 0.00 0.00 0.00 3.72 8.91 11.83 13.80 14.45 14.82 14.38 15.18 14.24 12.85 13.14 17.01 17.67 17.81 17.81 18.25 21.75 25.11 26.79 26.06 24.53 22.12 20.37 20.37 17.08 12.92 13.14 13.94 14.38 11.68 8.83 8.76 8.25 8.10 6.86 6.57 9.34 12.12 13.36 13.36 12.05 12.34 12.63 13.21 14.45 15.40 16.28 16.57 15.55 14.67 12.12 11.53 10.66 10.07 16.40 20.42 19.14 18.06 19.65 18.59
20.22 19.56 16.79 13.51 11.90 12.34 13.51 14.45 15.48 16.50 15.62 15.62 11.46 6.72 4.45 0.00 0.00 0.00 0.00 7.66 17.37 12.92 10.59 11.61 12.34 13.14 12.99 13.72 16.13 16.43 12.92 9.49 13.72 17.01 20.29 21.17 20.00 20.00 21.68 21.90 22.70 24.53 25.19 23.29 23.21 18.32 13.58 8.98 8.76 11.39 10.29 8.83 8.40 8.61 6.94 6.20 6.42 6.86 7.30 13.14 14.38 14.67 14.67 13.21 11.39 12.70 14.09 13.87 16.57 17.59 17.52 17.23 15.77 14.38 13.07 12.92 12.05 14.99 17.82 17.46 18.33 18.09 16.63
17.81 16.86 17.81 17.01 14.89 11.24 10.44 10.59 10.15 9.86 7.08 7.08 0.00 0.00 0.00 0.00 0.00 0.00 0.00 5.04 10.29 10.73 12.41 13.14 12.34 12.63 13.72 17.74 18.83 18.10 17.96 19.93 21.68 21.61 22.34 23.58 24.38 24.38 20.37 20.37 20.22 23.00 25.48 25.48 20.29 12.70 8.54 8.76 8.03 8.47 8.54 8.32 7.45 7.59 7.37 6.64 6.57 8.61 10.37 13.36 13.21 13.51 13.51 14.16 15.55 16.21 15.70 16.86 20.37 21.90 20.59 20.00 17.01 12.70 11.10 11.47 14.71 16.31 15.49 18.46 21.34 17.06 17.97
18.69 20.59 21.61 22.78 21.68 18.98 16.94 13.36 9.27 9.86 9.86 9.86 8.98 6.94 0.00 0.00 0.22 0.15 1.75 7.66 11.90 13.36 15.48 17.16 15.55 14.45 17.08 18.91 19.49 22.12 22.92 20.22 18.98 18.69 17.81 19.05 15.84 15.84 17.74 19.93 21.32 20.66 18.91 15.26 12.19 11.68 11.75 11.61 9.56 7.30 7.30 8.25 6.20 5.77 5.55 7.30 12.34 15.18 13.21 12.70 12.26 13.36 13.36 14.45 14.31 14.45 13.94 17.67 22.92 22.19 20.88 20.37 14.45 11.90 11.15 13.59 14.07 16.48 17.82 18.28 16.27 16.47 14.80
23.07 27.52 29.20 24.89 22.19 22.34 21.17 19.64 20.15 15.77 12.12 12.12 10.22 9.78 7.96 6.50 8.69 9.86 8.32 11.53 14.09 15.04 15.48 18.91 20.44 20.15 21.46 20.88 18.61 17.81 17.01 17.67 16.57 15.40 15.99 17.37 17.16 17.16 16.86 17.16 15.40 14.60 13.29 13.87 14.02 16.94 14.60 11.61 11.24 9.86 7.96 7.52 5.40 4.02 3.72 5.11 10.07 14.82 11.75 11.68 10.44 8.61 8.61 9.93 10.44 9.93 9.13 9.34 12.05 13.58 13.87 13.94 13.36 13.09 13.62 13.82 16.15 14.50 17.24 13.02 13.46 13.11 12.99
23.07 27.52 29.20 24.89 22.19 22.34 21.17 19.64 20.15 15.77 12.12 12.12 10.22 9.78 7.96 6.50 8.69 9.86 8.32 11.53 14.09 15.04 15.48 18.91 20.44 20.15 21.46 20.88 18.61 17.81 17.01 17.67 16.57 15.40 15.99 17.37 17.16 17.16 16.86 17.16 15.40 14.60 13.29 13.87 14.02 16.94 14.60 11.61 11.24 9.86 7.96 7.52 5.40 4.02 3.72 5.11 10.07 14.82 11.75 11.68 10.44 8.61 8.61 9.93 10.44 9.93 9.13 9.34 12.05 13.58 13.87 13.94 13.36 16.08 12.76 15.02 14.50 17.94 17.50 14.39 13.73 11.82 12.56
21.10 23.21 24.67 23.14 17.52 14.75 13.36 12.19 14.60 16.64 16.64 16.64 16.13 16.50 11.46 10.66 11.97 11.83 10.37 11.90 15.48 16.43 16.28 17.67 18.10 18.47 17.89 17.30 16.50 15.55 16.06 17.67 16.79 16.50 17.30 17.16 19.05 19.05 17.59 14.53 13.58 14.82 16.57 18.91 18.98 14.60 12.34 9.56 8.91 8.10 5.26 2.48 2.56 1.61 1.24 2.26 5.40 2.04 6.13 9.56 7.88 3.07 3.07 3.72 5.91 4.96 3.58 2.48 3.14 5.26 8.03 12.48 14.22 13.25 13.71 11.39 12.65 15.32 14.83 12.64 12.93 15.35 14.01
20.29 20.59 25.48 29.64 27.59 20.59 17.37 14.02 12.19 12.12 9.42 9.42 10.15 13.14 15.84 17.59 19.05 19.35 16.79 16.57 17.74 18.83 19.56 20.81 20.15 17.81 15.04 14.24 12.78 13.80 13.80 16.43 16.06 17.52 15.84 15.84 17.08 17.08 16.64 13.72 14.67 14.16 14.97 15.33 13.21 10.88 8.18 5.91 5.26 4.67 3.87 3.07 2.92 2.12 1.97 1.46 2.04 0.00 0.00 3.72 1.83 3.72 3.72 4.67 2.48 1.61 2.56 1.68 1.53 2.92 6.13 11.74 15.85 15.63 14.15 12.19 11.71 12.55 12.15 14.02 15.39 13.86 10.42
17.45 17.37 17.37 19.64 21.90 22.19 23.51 20.29 15.77 13.72 13.43 13.43 13.72 15.77 20.29 23.07 21.97 19.27 16.06 14.60 18.25 22.12 22.41 18.76 15.48 13.43 12.41 13.80 15.40 15.33 13.87 14.02 14.89 16.57 14.38 13.51 14.45 14.45 14.38 14.45 14.38 14.24 13.43 10.51 6.79 4.89 6.72 7.37 6.86 6.94 4.60 1.10 0.51 1.24 0.00 0.00 0.00 0.00 0.00 0.00 0.00 0.95 0.95 1.46 1.53 1.68 2.48 3.65 3.58 3.58 5.69 10.66 14.97 17.16 16.43 16.57 15.62 14.60 16.02 19.57 20.18 13.65 11.26
16.72 11.83 11.39 15.11 17.08 18.69 20.29 20.88 16.21 14.24 13.72 13.72 15.62 20.00 23.29 26.21 26.94 24.09 21.53 20.08 19.93 22.05 25.04 26.06 23.00 15.77 12.05 12.34 12.48 10.51 12.26 12.41 16.86 17.16 15.70 16.35 16.64 16.64 17.89 12.19 9.56 8.03 7.59 6.20 2.04 4.89 6.42 5.77 4.67 3.58 2.48 1.39 0.37 0.00 0.00 0.00 0.00 0.00 0.00 0.00 0.00 0.00 0.00 1.39 0.29 0.22 1.02 2.41 5.99 8.10 10.88 15.26 16.94 16.79 16.21 15.84 16.94 17.20 20.74 19.25 20.66 16.15 14.23
10.66 8.98 10.51 15.55 19.27 17.67 15.48 15.62 15.84 14.24 14.24 14.24 15.99 21.02 23.73 23.94 23.29 21.17 20.51 23.07 24.02 22.92 21.83 20.08 15.18 11.02 12.12 14.38 12.12 8.47 10.95 15.18 16.50 15.18 14.16 17.52 22.05 22.05 13.87 7.37 2.85 1.68 2.92 4.74 4.96 4.45 3.50 2.92 2.19 1.68 0.66 0.00 0.00 0.00 0.00 0.00 0.00 0.00 0.00 0.00 0.00 0.00 0.00 1.68 0.00 0.00 0.00 1.17 4.23 7.08 10.88 15.40 15.55 16.72 16.50 16.43 16.20 19.70 23.40 18.95 20.16 16.96 12.21
10.66 8.98 10.51 15.55 19.27 17.67 15.48 15.62 15.84 14.24 14.24 14.24 15.99 21.02 23.73 23.94 23.29 21.17 20.51 23.07 24.02 22.92 21.83 20.08 15.18 11.02 12.12 14.38 12.12 8.47 10.95 15.18 16.50 15.18 14.16 17.52 22.05 22.05 13.87 7.37 2.85 1.68 2.92 4.74 4.96 4.45 3.50 2.92 2.19 1.68 0.66 0.00 0.00 0.00 0.00 0.00 0.00 0.00 0.00 0.00 0.00 0.00 0.00 1.68 0.00 0.00 0.00 1.17 4.23 7.08 10.88 15.40 15.55 16.72 16.50 16.43 15.55 19.81 18.17 16.67 16.88 19.75 14.94
7.74 8.18 9.93 13.80 15.77 15.99 14.89 15.33 16.43 18.32 17.74 17.74 17.52 18.40 18.40 17.59 16.28 16.21 17.74 20.88 19.64 17.81 15.40 13.58 12.78 13.94 13.43 11.68 12.78 12.12 10.73 12.85 10.66 10.73 7.30 4.09 5.33 5.33 2.99 1.53 2.48 2.04 0.00 2.19 2.63 2.34 1.53 0.00 0.00 0.00 0.00 0.00 0.00 1.17 0.00 0.00 0.00 0.00 0.00 0.00 0.00 0.00 0.00 0.00 0.00 0.00 0.88 1.83 2.48 2.92 6.13 10.37 13.72 16.94 19.78 21.17 22.05 22.67 23.28 25.66 21.05 16.52 14.05
8.18 7.30 10.44 14.45 16.13 16.86 15.40 14.97 18.18 22.56 24.45 24.45 23.29 21.90 17.74 16.21 15.33 12.85 11.32 12.48 15.55 16.06 15.18 13.65 15.18 14.89 12.26 11.53 18.25 16.79 12.85 10.07 6.20 3.07 0.00 0.22 0.51 0.51 1.17 0.00 0.00 0.00 0.00 0.00 0.00 0.00 0.00 0.00 0.00 0.00 0.00 0.00 0.00 3.94 3.07 0.00 0.00 0.00 0.00 0.00 0.00 0.00 0.00 0.00 0.00 0.00 0.66 3.07 3.21 2.85 7.88 11.32 13.87 18.54 22.92 26.94 27.78 26.16 23.72 23.71 23.96 21.22 20.93
5.69 5.77 8.10 9.71 11.24 11.39 10.00 10.51 15.33 20.15 22.12 22.12 21.39 18.91 15.18 14.53 14.24 14.82 13.51 12.26 14.24 16.21 15.26 12.48 13.80 16.13 11.46 13.21 16.64 15.70 10.44 7.37 3.14 0.00 0.00 0.00 0.00 0.00 0.00 0.00 0.00 0.00 0.00 0.00 0.00 0.00 0.00 0.00 0.00 0.00 0.00 0.00 2.26 2.63 0.00 0.00 0.00 0.00 0.00 0.00 0.00 0.00 0.00 0.00 0.00 0.00 0.00 0.00 5.26 6.42 10.80 14.89 17.16 23.58 29.79 29.20 27.50 28.35 25.87 20.37 18.47 17.74 14.28
5.62 4.16 4.89 5.84 7.59 6.06 6.79 12.05 15.55 17.01 18.40 18.40 19.42 19.20 11.90 8.25 11.10 13.14 13.72 15.11 14.82 14.24 15.04 15.84 17.08 17.67 14.24 12.34 14.60 7.96 6.13 4.53 0.00 0.00 0.00 0.00 0.00 0.00 0.00 0.00 0.00 0.00 0.00 0.00 0.00 0.00 0.00 0.00 0.00 0.00 0.00 0.00 0.00 0.00 0.00 0.00 0.00 0.00 0.00 0.00 0.00 0.00 0.00 0.00 0.00 0.00 0.00 3.72 9.71 14.60 15.11 17.37 22.78 28.25 31.53 30.32 28.79 24.18 20.67 20.42 14.83 12.88 11.99
6.57 6.06 4.82 5.11 7.23 7.88 7.23 8.32 8.91 8.61 10.00 10.00 10.73 10.80 9.49 10.22 11.32 10.22 10.00 12.78 12.19 14.09 15.48 11.97 9.78 12.34 6.86 7.08 2.56 5.11 3.94 0.29 0.00 0.00 0.00 0.00 0.00 0.00 0.00 0.00 0.00 0.00 0.00 0.00 0.00 0.00 0.00 0.00 0.00 0.00 0.00 0.00 0.00 0.00 0.00 0.00 0.00 0.00 0.00 0.00 0.00 0.00 0.00 0.00 0.00 0.00 0.00 4.96 4.23 4.67 14.09 21.61 25.38 30.53 33.92 25.68 23.19 21.80 14.82 11.92 9.73 8.21 8.44
6.57 6.06 4.82 5.11 7.23 7.88 7.23 8.32 8.91 8.61 10.00 10.00 10.73 10.80 9.49 10.22 11.32 10.22 10.00 12.78 12.19 14.09 15.48 11.97 9.78 12.34 6.86 7.08 2.56 5.11 3.94 0.29 0.00 0.00 0.00 0.00 0.00 0.00 0.00 0.00 0.00 0.00 0.00 0.00 0.00 0.00 0.00 0.00 0.00 0.00 0.00 0.00 0.00 0.00 0.00 0.00 0.00 0.00 0.00 0.00 0.00 0.00 0.00 0.00 0.00 0.00 0.00 4.96 4.23 4.67 14.09 21.61 25.51 30.21 30.68 28.62 24.75 25.43 17.21 11.54 10.17 7.97 8.93
4.16 3.80 3.07 4.09 4.96 5.40 4.60 4.45 0.00 3.94 5.04 5.04 5.55 4.60 4.38 4.02 5.11 4.89 6.57 7.59 6.79 8.32 7.66 5.48 6.42 5.26 5.04 5.26 2.63 1.83 0.00 0.00 0.00 0.00 0.00 0.00 0.00 0.00 0.00 0.00 0.00 0.00 0.00 0.00 0.00 0.00 0.00 0.00 0.00 0.00 0.00 0.00 0.00 0.00 0.00 0.00 0.00 0.00 0.00 0.00 0.00 0.00 0.00 0.00 0.00 0.00 0.00 0.00 0.00 6.06 15.85 22.49 28.02 30.90 34.80 31.37 25.83 19.76 17.01 12.21 9.13 6.65 4.44
3.65 3.58 3.94 4.82 4.82 3.36 0.00 3.87 3.80 3.87 4.09 4.09 4.60 4.38 3.29 3.36 4.16 4.96 6.42 7.81 8.83 8.83 7.30 7.52 5.40 0.00 0.00 2.63 4.09 0.00 0.00 0.00 0.00 0.00 0.00 0.00 0.00 0.00 0.00 0.00 0.00 0.00 0.00 0.00 0.00 0.00 0.00 0.00 0.00 0.00 0.00 0.00 0.00 0.00 0.00 0.00 0.00 0.00 0.00 0.00 0.00 0.00 0.00 0.00 0.00 0.00 0.00 0.00 0.95 10.22 20.66 27.30 30.88 30.33 31.02 29.42 19.50 8.29 5.97 7.57 6.47 6.16 0.00
11.24 9.49 8.91 7.01 4.82 3.50 4.38 5.33 6.42 7.52 8.54 8.54 8.10 4.45 1.68 0.00 0.00 4.82 10.07 15.40 16.28 12.48 7.59 4.67 5.69 5.11 0.00 0.00 0.00 0.00 0.00 0.00 0.00 0.00 0.00 0.00 0.00 0.00 0.00 0.00 0.00 0.00 0.00 0.00 0.00 0.00 0.00 0.00 0.00 0.00 0.00 0.00 0.00 0.00 0.00 0.00 0.00 0.00 0.00 0.00 0.00 0.00 0.00 0.00 0.00 0.00 0.00 0.00 2.92 17.96 26.57 27.59 28.11 29.89 27.71 21.69 13.36 5.42 2.58 5.13 0.00 0.00 2.12
11.61 8.69 8.32 7.66 6.20 0.00 7.01 4.89 7.66 9.78 10.15 10.15 6.79 2.41 0.00 3.36 4.16 8.83 13.58 14.97 11.02 6.86 11.17 8.61 6.72 6.64 0.00 0.00 0.00 0.00 0.00 0.00 0.00 0.00 0.00 0.00 0.00 0.00 0.00 0.00 0.00 0.00 0.00 0.00 0.00 0.00 0.00 0.00 0.00 0.00 0.00 0.00 0.00 0.00 0.00 0.00 0.00 0.00 0.00 0.00 0.00 0.00 0.00 0.00 0.00 0.00 0.00 0.00 4.82 15.18 23.51 27.81 29.57 25.51 20.29 14.18 7.97 3.48 3.48 3.26 0.00 0.00 0.00
6.20 6.57 4.89 3.80 4.53 5.04 4.96 5.04 6.57 5.26 3.50 3.50 0.00 0.00 5.48 7.96 7.74 7.45 7.23 5.84 7.74 11.32 11.32 11.75 8.54 4.23 0.00 0.00 0.00 0.00 0.00 0.00 0.00 0.00 0.00 0.00 0.00 0.00 0.00 0.00 0.00 0.00 0.00 0.00 0.00 0.00 0.00 1.10 0.00 0.00 0.00 0.00 1.24 0.00 0.00 0.00 0.00 0.00 0.00 0.00 0.00 0.00 0.00 0.00 0.00 0.00 0.00 0.00 3.29 17.37 25.55 27.01 26.57 16.21 7.46 2.63 1.90 2.09 0.00 0.00 0.00 0.00 0.00
4.82 3.94 2.99 2.77 2.92 3.94 3.14 4.89 4.60 3.50 3.21 3.21 0.00 0.00 5.18 7.01 8.47 8.03 7.08 4.96 3.87 4.23 9.05 14.24 16.06 3.72 0.00 0.00 0.00 0.00 0.00 0.00 0.00 0.00 0.00 0.00 0.00 0.00 0.00 0.00 0.00 0.00 0.00 3.58 5.11 5.48 4.96 5.48 5.69 5.04 3.65 0.00 0.00 0.00 0.00 0.00 0.00 0.00 0.00 0.00 0.00 0.00 0.00 0.00 0.00 0.00 0.00 0.00 8.25 19.64 23.00 22.05 18.83 10.27 3.58 0.00 0.00 0.00 0.00 0.00 0.00 0.00 0.00
4.82 3.94 2.99 2.77 2.92 3.94 3.14 4.89 4.60 3.50 3.21 3.21 0.00 0.00 5.18 7.01 8.47 8.03 7.08 4.96 3.87 4.23 9.05 14.24 16.06 3.72 0.00 0.00 0.00 0.00 0.00 0.00 0.00 0.00 0.00 0.00 0.00 0.00 0.00 0.00 0.00 0.00 0.00 3.58 5.11 5.48 4.96 5.48 5.69 5.04 3.65 0.00 0.00 0.00 0.00 0.00 0.00 0.00 0.00 0.00 0.00 0.00 0.00 0.00 0.00 0.00 0.00 0.00 8.25 19.64 23.00 22.05 18.83 10.22 3.52 0.00 0.00 0.00 0.00 0.00 0.00 0.00 0.00
2.92 1.46 2.26 0.00 2.99 3.21 3.36 3.14 3.50 3.14 2.77 2.77 0.00 4.09 4.38 4.67 5.04 4.45 2.77 0.00 2.19 0.00 4.09 11.97 5.40 0.00 0.00 0.00 0.00 0.00 0.00 0.00 0.00 0.00 0.00 0.00 0.00 0.00 0.00 0.00 0.00 2.63 5.18 5.91 4.02 8.54 11.61 14.38 16.79 16.35 13.58 0.00 0.00 5.26 5.77 6.94 5.33 5.33 0.00 2.56 0.00 1.97 1.97 0.00 0.00 0.00 0.00 8.76 17.01 19.64 12.34 12.05 9.78 6.57 3.14 0.00 0.00 0.00 0.00 0.00 0.00 0.00 0.00
