Wansh/Snow_depth/snowdepth-1992/winter/1992339.txt
ncols 321
nrows 161
xllcenter 60
yllcenter 15 
cellsize  0.25 
NODATA_value -1
[rows 0 to 37 of 161, columns 84 to 167 of 321]
11.17 11.46 11.46 12.12 9.34 8.03 8.76 5.69 5.55 6.35 8.03 7.88 8.25 7.74 9.13 11.02 10.15 11.39 11.39 11.32 11.61 5.84 5.84 5.84 5.26 3.36 4.38 1.68 1.17 1.02 1.02 3.14 2.26 4.23 3.72 5.91 4.89 6.64 6.28 6.86 0.00 0.00 0.00 0.00 0.00 0.00 0.07 0.51 1.24 1.10 2.19 2.63 2.19 3.29 3.58 3.07 3.87 4.23 1.75 1.90 2.04 1.17 1.39 0.95 0.80 0.66 1.10 1.31 1.31 1.46 1.83 1.61 2.92 2.70 2.41 2.19 2.41 2.77 2.77 2.99 3.21 3.36 2.99 2.12
7.96 7.59 7.66 7.59 7.52 5.99 5.26 4.60 5.91 7.08 7.96 7.96 8.10 7.74 6.42 4.89 7.37 6.28 6.28 10.44 12.78 11.97 13.51 10.59 8.69 4.60 2.56 1.68 2.04 1.02 1.39 0.95 0.44 0.51 2.19 4.23 4.23 3.43 3.58 3.07 0.00 0.51 0.80 0.80 0.51 0.80 0.95 1.10 1.39 0.73 0.66 1.10 0.88 1.02 2.56 2.56 2.34 2.19 2.04 2.63 3.29 1.61 1.68 1.61 2.77 3.21 1.75 1.90 1.90 1.68 2.26 1.97 1.90 2.26 2.12 1.97 2.99 2.99 2.04 1.75 1.68 2.70 2.99 2.63
7.88 6.79 4.67 4.45 4.16 5.26 7.01 8.83 10.66 10.15 10.15 8.69 7.66 5.77 6.72 4.67 4.89 5.11 5.11 5.91 5.40 10.15 11.53 10.66 11.46 7.88 4.67 1.97 1.61 0.95 1.10 1.10 0.66 0.66 0.95 1.31 2.70 2.34 4.09 3.36 0.22 0.51 0.00 0.00 0.29 0.00 2.04 1.68 2.26 0.58 0.80 1.10 1.02 1.24 0.88 2.70 3.21 3.21 3.50 4.38 4.96 6.13 6.28 4.74 4.74 4.74 6.57 6.57 6.57 5.91 2.56 2.70 2.19 2.34 1.90 2.12 2.26 1.83 2.19 2.12 2.41 2.34 2.77 2.34
7.88 6.79 4.67 4.45 4.16 5.26 7.01 8.83 10.66 10.15 10.15 8.69 7.66 5.77 6.72 4.67 4.89 5.11 5.11 5.91 5.40 10.15 11.53 10.66 11.46 7.88 4.67 1.97 1.61 0.95 1.10 1.10 0.66 0.66 0.95 1.31 2.70 2.34 4.09 3.36 0.22 0.51 0.00 0.00 0.29 0.00 2.04 1.68 2.26 0.58 0.80 1.10 1.02 1.24 0.88 2.70 3.21 3.21 3.50 4.38 4.96 6.13 6.28 4.74 4.74 4.74 6.57 6.57 6.57 5.91 2.56 2.70 2.19 2.34 1.90 2.12 2.26 1.83 2.19 2.12 2.41 2.34 2.77 2.34
4.60 5.11 4.53 5.26 6.57 6.86 7.01 7.52 7.96 8.40 9.13 8.98 8.69 8.47 9.34 6.79 7.74 6.20 6.20 4.23 3.87 4.23 7.96 7.96 8.10 6.20 6.86 4.74 1.90 1.10 1.46 1.17 1.24 1.97 1.53 1.39 2.63 2.85 2.92 2.99 1.31 0.44 0.58 0.58 1.24 3.07 2.48 3.80 3.36 3.87 0.80 0.66 1.24 0.15 0.07 0.15 0.80 3.29 3.29 3.87 3.65 7.15 8.76 8.40 12.19 8.91 9.05 7.66 7.66 7.96 5.99 5.40 5.33 2.26 2.26 2.19 1.90 1.90 2.19 2.48 2.41 2.19 2.41 2.26
6.28 6.20 7.30 7.45 6.42 5.62 5.69 5.91 6.72 7.52 6.64 8.10 8.32 8.83 9.64 9.93 9.78 7.59 7.59 9.93 6.28 3.87 2.99 3.58 4.38 5.26 5.26 4.45 1.46 1.02 1.61 1.39 1.39 1.46 1.53 1.53 1.75 0.66 0.51 1.17 1.39 0.00 1.75 1.75 1.02 4.09 6.72 6.20 5.55 4.09 5.26 1.75 0.95 0.95 0.58 1.10 0.73 2.34 3.36 2.99 5.40 4.82 7.59 13.14 12.41 13.51 12.41 13.07 13.07 6.86 7.45 6.50 6.50 7.37 6.79 6.06 6.20 4.82 2.70 2.04 2.04 2.12 2.26 2.56
6.86 6.35 7.66 7.15 7.37 8.69 8.61 8.83 8.98 9.64 9.05 8.10 8.54 7.74 6.86 8.91 11.02 11.17 11.17 11.17 11.24 9.34 4.82 3.36 2.92 2.12 1.39 1.46 0.66 0.73 1.17 1.24 1.24 1.24 1.39 1.24 1.02 1.02 0.00 0.00 0.00 0.00 0.73 0.73 2.77 2.19 7.15 7.52 7.01 5.48 2.34 2.77 0.73 0.66 0.44 1.17 1.83 1.61 2.48 3.07 3.94 6.64 5.91 8.10 12.70 12.56 12.56 9.71 9.71 10.29 8.98 10.00 8.76 9.20 9.49 8.32 7.23 7.74 5.18 4.38 4.60 2.70 1.53 1.68
6.86 6.35 7.66 7.15 7.37 8.69 8.61 8.83 8.98 9.64 9.05 8.10 8.54 7.74 6.86 8.91 11.02 11.17 11.17 11.17 11.24 9.34 4.82 3.36 2.92 2.12 1.39 1.46 0.66 0.73 1.17 1.24 1.24 1.24 1.39 1.24 1.02 1.02 0.00 0.00 0.00 0.00 0.73 0.73 2.77 2.19 7.15 7.52 7.01 5.48 2.34 2.77 0.73 0.66 0.44 1.17 1.83 1.61 2.48 3.07 3.94 6.64 5.91 8.10 12.70 12.56 12.56 9.71 9.71 10.29 8.98 10.00 8.76 9.20 9.49 8.32 7.23 7.74 5.18 4.38 4.60 2.70 1.53 1.68
6.79 7.23 7.01 7.74 8.83 8.69 8.10 8.61 9.93 9.34 9.64 7.52 7.45 7.08 7.37 8.76 10.44 11.24 11.24 11.39 11.32 7.74 6.72 3.72 4.82 2.77 1.17 1.10 0.80 0.88 0.80 1.02 1.17 1.61 2.12 1.75 2.34 0.22 0.07 0.00 0.95 1.24 1.31 1.31 1.83 3.72 3.07 4.60 2.63 2.48 2.63 1.90 1.83 1.10 1.61 1.46 2.48 1.75 1.75 2.19 2.56 2.48 5.26 6.57 6.20 7.15 7.01 9.42 9.42 8.40 8.47 9.93 11.61 11.53 11.97 12.26 9.86 7.96 8.32 7.08 4.09 4.82 1.97 1.10
4.67 3.87 6.64 7.59 6.86 7.59 7.23 8.54 9.78 9.49 9.71 8.32 6.50 8.54 7.66 8.69 8.98 10.66 10.66 9.56 12.70 8.54 8.18 5.04 3.87 2.19 1.10 1.53 0.95 2.48 2.04 1.46 1.53 2.12 2.70 2.48 2.63 1.75 2.19 1.10 0.95 2.56 1.10 1.10 1.31 1.83 1.90 2.12 1.97 2.92 2.99 2.26 3.72 3.80 4.53 2.99 3.14 3.87 4.67 2.34 2.34 2.48 2.70 3.50 5.11 4.96 6.06 8.25 8.25 7.74 10.22 8.47 11.90 13.36 13.29 13.65 15.04 14.45 17.01 14.82 16.13 8.83 5.18 5.84
2.26 1.61 4.09 3.58 6.57 7.66 5.84 7.88 8.40 8.25 3.94 4.02 4.09 4.02 5.26 6.35 6.72 10.88 10.88 9.86 9.56 10.00 9.93 7.88 4.53 3.14 3.14 2.19 2.48 2.48 1.31 1.83 1.90 1.61 2.41 2.70 3.36 3.58 2.99 3.43 3.29 3.29 2.63 2.63 2.99 3.50 2.48 2.77 2.63 3.14 3.80 3.50 5.18 5.18 5.33 5.55 5.55 5.04 6.86 6.86 4.02 3.14 2.70 2.92 4.09 5.77 5.69 8.69 8.69 11.61 11.32 13.51 17.08 16.06 21.68 23.36 18.69 19.42 19.20 18.40 11.68 12.85 8.76 4.45
2.26 1.61 4.09 3.58 6.57 7.66 5.84 7.88 8.40 8.25 3.94 4.02 4.09 4.02 5.26 6.35 6.72 10.88 10.88 9.86 9.56 10.00 9.93 7.88 4.53 3.14 3.14 2.19 2.48 2.48 1.31 1.83 1.90 1.61 2.41 2.70 3.36 3.58 2.99 3.43 3.29 3.29 2.63 2.63 2.99 3.50 2.48 2.77 2.63 3.14 3.80 3.50 5.18 5.18 5.33 5.55 5.55 5.04 6.86 6.86 4.02 3.14 2.70 2.92 4.09 5.77 5.69 8.69 8.69 11.61 11.32 13.51 17.08 16.06 21.68 23.36 18.69 19.42 19.20 18.40 11.68 12.85 8.76 4.45
0.00 0.37 2.41 1.17 2.63 1.97 3.94 1.31 5.11 1.90 2.99 3.14 2.99 3.07 5.04 4.31 7.59 11.32 11.32 10.22 12.26 8.98 6.50 7.52 3.14 3.36 3.29 2.19 1.83 2.41 2.63 2.63 2.92 5.18 3.80 4.09 4.60 6.72 4.53 4.31 4.60 5.84 5.84 5.84 4.02 3.14 3.58 2.85 3.72 3.65 4.09 4.89 5.04 5.26 5.33 5.33 6.42 7.88 7.59 8.40 6.20 6.86 3.72 4.38 4.23 5.48 7.66 7.15 7.15 11.61 13.94 13.65 16.43 20.95 20.00 24.31 23.58 24.31 20.00 17.37 18.25 14.53 10.95 8.40
0.00 0.00 0.00 0.00 1.24 0.00 1.24 0.00 0.66 1.53 2.92 3.87 4.89 5.62 6.72 7.88 7.74 7.88 7.88 8.47 6.57 4.89 4.16 4.60 3.50 3.94 3.14 1.61 2.77 3.87 4.09 7.01 7.37 7.08 5.99 8.03 8.10 6.79 5.84 6.28 6.06 5.33 5.18 5.18 5.33 4.45 4.82 4.74 4.09 4.74 4.53 4.96 4.53 4.23 4.82 6.42 5.77 8.03 5.99 5.40 5.77 5.26 5.77 5.62 6.64 6.72 7.37 9.42 9.42 9.05 10.95 13.29 13.07 13.07 21.17 19.27 22.56 15.91 18.25 12.85 13.58 13.51 11.90 8.91
0.00 0.00 0.00 0.00 0.80 0.00 0.00 0.73 1.90 3.65 4.45 4.23 4.96 5.48 4.38 6.06 5.77 6.35 6.35 4.31 6.06 5.40 4.31 4.38 5.18 4.38 3.29 3.58 2.85 4.67 7.23 9.20 8.91 7.74 8.10 7.30 7.45 6.72 5.18 5.11 5.69 5.69 6.20 6.20 7.37 7.52 5.04 6.79 5.18 5.11 5.33 5.40 4.16 5.40 7.74 7.23 8.18 5.99 6.72 2.77 4.02 3.94 4.38 4.67 4.31 5.33 6.86 7.59 7.59 9.56 11.90 11.53 11.90 13.07 11.97 17.01 9.78 13.87 0.00 2.92 0.00 12.19 11.46 10.15
0.00 0.00 0.51 0.80 0.80 0.80 0.00 0.44 1.68 3.36 3.72 4.38 4.82 4.67 3.80 3.87 4.23 4.31 4.31 3.58 3.43 4.02 4.09 4.09 5.04 5.77 5.11 4.74 5.77 5.40 6.42 9.56 10.29 9.42 9.27 9.27 5.40 5.26 5.04 7.52 7.96 9.34 9.64 9.64 7.59 8.10 8.25 7.81 4.09 5.69 5.62 6.35 6.13 5.69 7.45 7.01 7.15 5.91 2.56 3.29 3.21 5.69 2.85 3.50 4.60 4.31 6.20 8.25 8.25 7.74 11.39 12.63 12.19 13.87 16.57 16.21 11.17 0.00 0.00 0.00 10.95 9.34 9.86 10.44
0.00 0.00 0.51 0.80 0.80 0.80 0.00 0.44 1.68 3.36 3.72 4.38 4.82 4.67 3.80 3.87 4.23 4.31 4.31 3.58 3.43 4.02 4.09 4.09 5.04 5.77 5.11 4.74 5.77 5.40 6.42 9.56 10.29 9.42 9.27 9.27 5.40 5.26 5.04 7.52 7.96 9.34 9.64 9.64 7.59 8.10 8.25 7.81 4.09 5.69 5.62 6.35 6.13 5.69 7.45 7.01 7.15 5.91 2.56 3.29 3.21 5.69 2.85 3.50 4.60 4.31 6.20 8.25 8.25 7.74 11.39 12.63 12.19 13.87 16.57 16.21 11.17 0.00 0.00 0.00 10.95 9.34 9.86 10.44
0.00 0.00 0.00 0.00 0.00 0.00 0.00 1.31 2.12 1.75 2.70 4.60 4.53 5.69 5.04 4.96 4.38 4.89 4.89 4.60 3.14 2.92 2.70 3.50 4.16 5.11 4.82 4.74 4.82 5.62 7.52 6.79 9.49 10.15 8.76 9.20 6.72 9.42 9.64 8.83 9.93 8.61 5.55 5.55 8.32 6.50 0.00 0.00 0.00 0.00 5.40 4.74 5.91 5.18 6.64 5.91 4.45 4.82 4.45 4.67 4.23 7.52 9.71 9.86 7.66 5.33 5.26 7.59 7.59 11.10 10.59 13.21 15.18 16.43 16.57 14.53 9.42 10.95 0.00 5.33 4.31 6.64 4.23 5.62
0.00 0.00 0.00 0.00 0.00 0.00 0.29 0.44 2.34 1.46 2.34 5.84 5.11 6.57 5.77 6.42 5.77 6.06 6.06 5.26 4.53 3.50 4.53 4.31 3.72 5.33 4.82 7.08 6.94 6.42 6.64 8.91 10.66 10.51 9.20 8.25 8.40 8.69 5.99 7.52 7.37 7.74 3.65 3.65 1.31 4.89 0.00 0.00 0.00 0.00 0.00 4.67 4.23 3.87 4.60 4.38 4.89 4.89 5.18 7.08 9.93 9.42 12.19 10.07 10.73 9.20 9.34 10.44 10.44 9.93 12.63 12.26 13.87 15.26 13.87 14.97 10.07 0.00 6.13 2.77 6.94 6.06 4.74 4.74
0.44 0.00 0.00 0.00 0.00 0.00 0.00 1.46 1.97 2.63 5.04 5.62 5.48 6.64 5.55 6.28 6.28 5.18 5.18 5.04 5.48 5.48 5.48 4.09 4.74 7.30 7.59 6.94 7.37 6.94 6.06 6.50 8.91 7.23 6.64 8.03 2.99 3.14 3.14 4.67 0.00 0.00 3.14 3.14 3.14 0.00 0.00 0.00 0.00 3.80 0.00 7.88 4.38 4.23 5.69 7.66 7.37 6.28 6.86 6.86 7.23 8.98 12.63 12.70 11.32 11.75 10.44 10.51 10.51 9.86 10.59 8.03 10.15 9.71 9.93 8.10 8.10 7.88 8.18 6.94 7.01 5.77 6.20 6.72
0.00 0.00 0.00 0.00 0.00 0.00 1.10 1.46 1.68 3.58 4.31 3.36 3.94 5.33 5.11 5.69 6.72 5.91 5.91 7.01 7.15 6.86 8.10 9.49 9.20 9.20 7.59 9.78 7.08 4.45 5.18 4.89 3.21 6.28 3.72 1.39 2.04 0.58 0.00 0.00 0.00 5.99 3.94 3.94 4.96 1.75 0.00 0.00 2.77 3.94 7.37 6.86 8.10 7.96 7.59 9.56 9.34 9.78 7.37 6.06 6.28 6.13 8.32 11.32 10.80 12.34 12.19 11.39 11.39 9.93 7.59 7.96 8.61 9.34 9.49 7.88 7.59 8.47 8.47 6.94 5.40 6.42 6.28 6.13
0.07 0.22 0.00 0.00 0.00 0.00 2.19 1.97 2.41 3.50 3.94 3.14 4.45 5.11 6.35 5.69 5.91 6.86 6.86 6.94 7.66 9.13 10.51 11.46 11.68 12.78 11.61 12.34 8.61 5.99 5.40 2.48 2.48 3.07 2.34 0.66 1.31 0.00 0.00 0.00 0.00 6.06 1.02 1.02 1.17 1.02 0.00 3.14 3.21 0.00 4.09 4.82 4.60 5.91 7.01 10.07 8.54 5.48 6.06 3.94 4.89 4.31 6.72 11.10 12.34 12.56 12.63 14.09 14.09 14.02 10.80 12.12 8.69 8.25 7.59 6.20 6.20 5.26 3.87 2.70 2.12 2.34 3.14 3.65
0.07 0.22 0.00 0.00 0.00 0.00 2.19 1.97 2.41 3.50 3.94 3.14 4.45 5.11 6.35 5.69 5.91 6.86 6.86 6.94 7.66 9.13 10.51 11.46 11.68 12.78 11.61 12.34 8.61 5.99 5.40 2.48 2.48 3.07 2.34 0.66 1.31 0.00 0.00 0.00 0.00 6.06 1.02 1.02 1.17 1.02 0.00 3.14 3.21 0.00 4.09 4.82 4.60 5.91 7.01 10.07 8.54 5.48 6.06 3.94 4.89 4.31 6.72 11.10 12.34 12.56 12.63 14.09 14.09 14.02 10.80 12.12 8.69 8.25 7.59 6.20 6.20 5.26 3.87 2.70 2.12 2.34 3.14 3.65
0.29 0.58 0.00 0.00 0.00 1.46 2.19 2.63 3.21 4.02 2.41 2.56 3.87 1.61 2.99 5.18 6.50 4.67 4.67 5.77 7.30 8.03 9.71 10.88 12.41 13.43 13.21 11.53 9.86 10.59 5.77 5.40 2.48 3.14 1.75 0.44 0.00 0.00 0.00 0.00 0.95 0.44 0.73 0.73 0.00 0.00 0.00 0.00 0.00 0.00 0.00 0.00 2.26 0.00 2.92 1.97 6.86 4.89 3.58 3.65 5.04 8.18 11.39 9.93 12.48 12.70 12.63 14.82 14.82 15.77 14.60 15.62 10.15 8.18 8.54 7.23 4.38 3.58 3.65 2.63 1.75 2.04 3.14 2.77
0.66 0.73 0.00 2.12 0.00 0.73 0.73 1.90 2.04 1.31 0.00 0.00 0.07 0.00 2.92 4.09 5.55 7.96 7.96 8.76 8.32 9.71 11.10 10.88 12.47 14.12 13.20 12.78 12.63 12.63 8.83 7.30 2.77 3.14 0.58 0.80 0.00 0.37 0.07 0.44 1.10 0.37 0.00 0.00 0.00 0.00 0.00 0.00 0.00 0.00 0.00 0.00 0.00 0.00 0.00 0.00 0.00 1.83 1.90 5.48 8.25 7.66 10.73 12.41 12.48 12.19 14.38 14.45 14.45 16.21 16.72 13.07 13.80 10.66 7.23 7.52 5.91 4.31 3.65 3.43 2.92 2.92 2.70 4.60
1.24 1.17 2.34 1.90 0.22 2.34 0.00 0.00 0.00 0.00 0.00 0.00 0.00 0.00 2.26 1.46 6.64 6.72 6.72 4.09 6.20 7.96 10.59 11.82 14.77 11.84 13.59 15.35 16.21 14.53 8.98 10.15 8.10 4.53 1.83 1.97 2.04 1.02 1.83 1.10 1.31 0.44 0.15 0.15 0.00 0.00 0.00 0.00 0.00 0.00 0.00 0.00 0.00 0.00 0.00 0.00 0.00 0.00 0.00 0.00 7.37 9.93 9.49 11.90 12.34 15.11 14.67 18.18 18.18 15.77 16.50 14.24 12.12 9.20 9.78 6.79 4.74 3.50 3.65 3.80 3.36 4.09 5.62 7.01
0.37 1.31 1.17 1.90 0.44 0.00 0.00 0.00 0.00 0.00 0.00 0.00 0.00 0.00 0.00 0.00 2.19 2.70 2.70 1.90 3.80 4.59 1.96 4.89 9.68 12.18 13.44 15.34 14.68 16.31 14.97 11.83 12.56 8.10 10.29 4.38 5.26 6.06 2.48 1.61 0.00 0.00 0.00 0.00 0.00 0.00 0.00 0.00 0.00 0.00 0.00 0.00 0.00 0.00 0.00 0.00 0.00 0.00 0.07 4.60 0.00 10.66 14.67 12.70 15.18 17.08 20.15 19.86 19.86 17.23 14.60 13.36 13.80 10.37 8.10 8.83 6.42 3.29 3.50 6.13 5.33 4.67 5.40 6.72
0.07 0.00 0.00 0.15 0.00 0.00 0.00 0.00 0.00 0.00 0.00 0.00 0.00 0.00 0.00 0.00 0.00 0.00 0.00 0.00 0.00 0.00 0.15 2.26 4.00 2.41 7.00 14.04 13.42 11.95 14.60 14.97 12.19 13.21 13.07 9.34 8.18 4.09 4.09 2.85 0.15 0.00 0.00 0.00 0.00 0.00 0.00 0.00 0.00 0.00 0.00 0.00 0.00 0.00 0.00 0.00 0.07 0.44 0.51 4.09 11.17 9.78 15.99 19.05 21.02 17.96 20.22 19.64 19.64 16.43 15.40 13.21 11.32 9.71 9.42 7.59 6.79 7.66 6.42 7.08 5.99 6.13 3.43 3.50
0.07 0.00 0.00 0.15 0.00 0.00 0.00 0.00 0.00 0.00 0.00 0.00 0.00 0.00 0.00 0.00 0.00 0.00 0.00 0.00 0.00 0.00 0.15 2.32 3.94 2.41 6.79 13.05 12.54 12.13 14.75 15.59 13.70 13.98 13.40 9.34 8.18 4.09 4.09 2.85 0.15 0.00 0.00 0.00 0.00 0.00 0.00 0.00 0.00 0.00 0.00 0.00 0.00 0.00 0.00 0.00 0.07 0.44 0.51 4.09 11.17 9.78 15.99 19.05 21.02 17.96 20.22 19.64 19.64 16.43 15.40 13.21 11.32 9.71 9.42 7.59 6.79 7.66 6.42 7.08 5.99 6.13 3.43 3.50
0.00 0.00 0.00 0.00 0.07 0.00 0.00 0.00 0.00 0.00 0.00 0.00 0.00 0.00 0.00 0.00 1.39 1.83 1.83 1.02 0.00 0.00 0.00 0.00 0.00 0.66 3.61 0.73 6.72 10.93 11.58 7.87 12.56 14.69 14.52 14.45 13.27 10.88 3.80 4.16 4.02 0.00 0.00 0.00 0.00 0.00 0.00 0.07 0.00 0.00 0.00 0.00 0.00 0.00 0.00 0.00 0.00 0.73 0.00 2.70 10.88 15.33 14.75 18.25 22.56 22.56 23.00 20.44 20.44 17.52 13.58 14.31 12.12 9.49 7.81 8.18 6.72 7.45 9.49 8.32 7.66 7.01 4.74 2.85
0.00 0.00 0.00 0.00 0.29 1.39 1.83 1.68 2.12 1.10 2.48 0.66 0.00 0.00 0.00 0.00 2.77 3.07 3.07 2.93 1.17 1.32 0.73 0.80 0.00 0.00 0.00 0.00 1.49 1.55 5.18 4.23 8.18 8.55 14.93 14.28 13.19 13.35 12.63 6.28 7.59 7.37 1.17 1.17 1.10 1.17 0.00 0.00 0.44 0.00 0.00 0.00 0.00 0.00 0.00 0.00 0.00 1.02 4.31 7.30 7.15 12.56 17.23 22.70 21.90 23.07 21.02 18.40 18.40 19.13 14.75 12.41 10.44 11.02 9.20 10.29 7.81 8.61 8.25 9.05 8.54 7.01 8.47 6.94
0.00 0.00 0.66 0.00 0.22 1.24 2.41 2.70 1.97 2.48 1.83 1.75 0.07 0.44 1.17 0.58 1.24 4.09 4.09 2.99 2.63 1.61 0.80 1.75 0.00 0.00 0.00 0.00 0.00 0.00 2.56 2.19 6.64 5.69 10.37 11.59 16.45 14.97 15.11 11.39 10.44 11.61 5.04 5.04 2.48 1.61 0.00 0.00 0.22 0.66 0.00 0.00 0.00 0.00 0.00 0.00 2.92 5.69 5.11 7.45 9.20 12.34 11.68 16.13 17.01 21.39 21.39 16.86 16.86 13.94 13.07 13.94 13.94 14.16 12.70 12.99 10.15 9.49 9.93 12.48 12.63 12.05 10.51 9.93
0.00 0.00 0.00 0.00 0.00 0.00 0.22 0.00 1.17 1.39 1.53 0.22 0.80 0.37 1.46 1.46 2.26 1.53 1.53 1.83 1.53 1.61 1.46 0.95 0.00 0.00 0.00 0.00 0.00 0.00 0.00 0.88 4.09 4.02 3.29 8.54 10.82 15.28 14.67 14.53 13.29 10.44 4.96 4.96 5.55 3.72 3.50 1.02 1.10 0.95 1.39 0.00 0.00 0.00 0.00 0.00 3.21 7.08 8.32 8.32 8.18 10.22 11.97 11.46 11.90 13.43 14.24 14.02 14.02 13.43 10.66 12.41 12.05 13.80 13.72 13.29 13.65 12.41 12.63 12.41 12.99 12.19 11.83 10.22
0.00 0.00 0.00 0.00 0.00 0.00 0.00 0.00 0.00 0.00 0.00 0.00 0.00 2.04 4.09 1.61 0.00 0.44 0.44 0.00 0.00 0.00 0.44 0.37 0.73 0.00 0.00 0.00 0.00 0.00 0.00 0.00 0.00 1.75 3.80 8.10 7.01 12.63 12.30 9.36 13.57 11.10 10.66 10.66 7.66 8.18 5.55 5.04 2.34 2.34 2.12 2.34 0.00 0.00 0.00 3.43 3.07 3.14 3.87 7.59 8.76 9.20 9.34 9.27 9.42 9.05 10.51 10.95 10.95 9.13 9.56 9.42 10.88 6.94 9.93 11.10 12.19 12.85 12.99 12.05 11.75 11.97 12.26 11.10
0.00 0.00 0.00 0.00 0.00 0.00 0.00 0.00 0.00 0.00 0.00 0.00 1.02 1.83 3.29 0.00 0.00 0.00 0.00 0.00 0.00 0.00 0.00 0.00 0.00 0.00 0.00 0.00 0.00 0.00 0.38 0.00 0.00 0.66 2.04 5.18 5.77 5.24 8.03 7.01 9.14 9.42 8.69 8.69 6.57 7.30 7.88 5.99 5.69 4.53 4.53 3.94 1.68 0.00 0.00 2.12 2.48 2.92 2.85 4.67 9.42 6.94 7.66 6.86 3.72 2.04 5.40 5.48 5.48 1.75 2.70 2.26 2.48 0.00 6.79 9.49 8.10 9.71 10.15 10.44 11.39 11.24 9.49 7.45
0.00 0.00 0.00 0.00 0.00 0.00 0.00 0.00 0.00 0.00 0.00 0.00 1.02 1.83 3.29 0.00 0.00 0.00 0.00 0.00 0.00 0.00 0.00 0.00 0.00 0.00 0.00 0.00 0.00 0.00 0.37 0.00 0.00 0.66 2.05 5.21 5.77 5.21 8.11 7.01 9.05 9.42 8.69 8.69 6.57 7.30 7.88 5.99 5.69 4.53 4.53 3.94 1.68 0.00 0.00 2.12 2.48 2.92 2.85 4.67 9.42 6.94 7.66 6.86 3.72 2.04 5.40 5.48 5.48 1.75 2.70 2.26 2.48 0.00 6.79 9.49 8.10 9.71 10.15 10.44 11.39 11.24 9.49 7.45
0.00 0.00 0.00 0.00 0.00 0.00 0.00 0.82 0.00 0.00 0.00 0.95 0.58 1.39 2.77 2.48 0.00 0.00 0.00 0.00 0.00 0.00 0.00 0.00 0.00 0.00 0.00 0.00 0.00 0.00 0.44 0.80 0.37 1.46 1.17 2.19 3.29 2.19 2.57 4.38 2.48 4.38 4.67 4.67 2.92 2.63 4.82 5.18 4.60 5.91 4.53 2.99 3.43 0.00 0.00 0.00 2.77 3.72 5.18 4.38 7.59 6.94 4.31 0.00 0.00 0.00 0.95 0.00 0.00 0.00 0.00 0.00 0.00 0.00 0.00 4.96 4.16 8.76 9.64 9.13 9.71 8.83 9.05 5.11
0.00 0.00 0.00 0.00 0.00 0.00 0.00 1.70 1.17 0.22 0.73 0.73 0.51 0.07 3.36 0.00 0.00 0.00 0.00 0.00 0.00 0.00 0.00 0.00 0.00 0.00 0.00 0.00 0.00 0.00 0.00 0.00 0.00 1.17 1.53 1.31 2.26 1.31 2.19 1.90 1.90 0.22 0.66 0.66 0.00 0.00 2.77 4.09 5.04 4.74 5.48 4.96 4.09 4.53 2.99 3.36 4.31 5.11 4.89 6.35 6.20 6.28 5.62 0.00 0.00 1.17 0.00 0.00 0.00 0.00 0.00 0.00 0.00 0.00 0.00 0.00 6.13 5.40 8.47 8.10 8.83 8.03 4.45 5.26
