Wansh/Snow_depth/snowdepth-1992/winter/1992343.txt
ncols 321
nrows 161
xllcenter 60
yllcenter 15 
cellsize  0.25 
NODATA_value -1
[rows 0 to 37 of 161, columns 0 to 83 of 321]
0.00 0.00 0.51 3.43 2.99 4.89 5.77 5.69 6.94 7.74 7.74 8.69 8.76 8.69 8.61 7.59 3.80 3.21 3.29 3.72 3.50 3.80 5.62 3.36 2.26 2.41 2.41 2.41 2.12 2.56 3.43 3.80 4.16 3.58 4.45 3.29 3.21 3.21 5.11 5.48 6.42 5.40 7.08 7.08 6.72 0.00 6.13 6.13 5.69 7.01 6.64 6.64 7.96 8.47 8.10 8.83 9.34 9.42 8.76 7.08 5.55 6.06 5.33 5.69 5.48 5.40 4.38 3.50 3.50 2.63 2.99 2.04 2.26 2.92 3.14 2.70 2.70 5.33 5.99 5.69 5.11 7.08 7.08 5.77
3.87 3.87 4.38 3.43 5.77 5.69 6.28 6.94 6.57 7.30 7.88 7.81 8.54 9.27 9.27 9.34 8.18 7.59 6.28 8.10 7.81 7.30 5.84 3.07 3.80 2.70 2.70 2.04 1.31 1.83 1.53 4.02 4.45 4.82 6.94 6.06 6.28 5.40 7.23 6.50 6.72 6.86 6.42 6.28 0.00 0.00 6.79 5.69 7.15 8.10 7.74 7.74 8.18 7.59 7.74 8.18 7.74 7.88 6.79 7.08 5.26 5.04 4.96 4.96 2.99 3.07 3.36 0.00 0.00 0.00 0.00 0.00 0.00 1.90 2.85 3.58 3.58 3.43 5.04 4.09 4.45 3.65 4.67 4.82
0.00 0.00 3.50 3.94 3.94 0.00 7.01 6.72 8.69 8.03 8.18 8.47 9.34 8.83 10.15 10.00 10.29 8.40 7.88 9.13 9.49 6.86 4.16 4.96 4.31 2.70 2.70 1.90 2.34 2.70 2.48 2.19 5.99 7.37 6.94 8.32 7.08 7.52 7.37 6.86 6.86 7.01 6.50 0.00 6.86 6.50 7.08 6.20 6.79 6.72 6.72 6.72 7.88 5.33 5.55 6.20 6.72 7.01 5.69 0.00 5.26 0.00 0.00 0.00 0.00 0.00 0.00 0.00 0.00 0.00 0.00 0.00 0.00 0.00 0.00 2.34 2.34 0.00 0.00 0.00 3.58 3.72 2.70 0.00
0.00 0.00 3.50 3.94 3.94 0.00 7.01 6.72 8.69 8.03 8.18 8.47 9.34 8.83 10.15 10.00 10.29 8.40 7.88 9.13 9.49 6.86 4.16 4.96 4.31 2.70 2.70 1.90 2.34 2.70 2.48 2.19 5.99 7.37 6.94 8.32 7.08 7.52 7.37 6.86 6.86 7.01 6.50 0.00 6.86 6.50 7.08 6.20 6.79 6.72 6.72 6.72 7.88 5.33 5.55 6.20 6.72 7.01 5.69 0.00 5.26 0.00 0.00 0.00 0.00 0.00 0.00 0.00 0.00 0.00 0.00 0.00 0.00 0.00 0.00 2.34 2.34 0.00 0.00 0.00 3.58 3.72 2.70 0.00
7.37 7.37 5.84 5.18 6.64 9.42 8.40 10.51 10.80 11.17 10.15 9.05 9.42 9.34 9.78 9.78 9.64 9.42 9.86 8.54 7.23 6.06 6.50 4.89 4.82 3.58 3.58 2.56 2.77 2.77 2.99 6.86 6.35 9.86 8.69 9.20 7.96 6.79 5.99 6.06 6.13 6.35 6.72 6.42 5.48 4.38 4.67 5.11 0.00 0.00 0.00 0.00 0.00 3.65 3.65 0.00 0.00 0.00 0.00 0.00 0.00 0.00 0.00 0.00 0.00 0.00 0.00 0.00 0.00 0.00 0.00 0.00 0.00 0.00 0.00 0.00 0.00 0.00 0.00 0.00 0.00 0.00 0.00 0.00
9.20 9.20 8.25 7.37 7.01 8.98 11.02 10.88 11.39 10.15 10.73 9.34 8.76 8.40 8.83 8.18 9.13 9.27 9.34 7.88 5.69 5.62 5.84 5.18 4.74 3.94 3.94 3.50 3.43 3.65 3.65 8.69 9.71 9.56 8.69 8.03 8.40 7.23 5.99 6.13 6.20 4.96 0.00 6.20 6.06 0.00 0.00 0.00 0.00 0.00 0.00 0.00 0.00 0.00 0.00 0.00 0.00 0.00 0.00 0.00 0.00 0.00 0.00 0.00 0.00 0.00 0.00 0.00 0.00 0.00 0.00 0.00 0.00 0.00 0.00 0.00 0.00 0.00 0.00 0.00 0.00 0.00 0.00 0.00
9.34 9.34 7.88 7.88 7.88 8.61 9.27 9.27 10.66 10.73 9.49 8.54 8.98 8.18 7.45 6.28 8.47 6.94 9.13 6.72 7.74 5.48 6.64 5.91 5.48 4.53 4.53 4.16 4.02 5.48 7.96 7.74 6.94 7.37 7.30 8.32 7.23 7.01 6.64 4.96 4.23 0.00 0.00 0.00 0.00 0.00 0.00 0.00 0.00 0.00 0.00 0.00 0.00 0.00 0.00 0.00 0.00 0.00 0.00 0.00 0.00 0.00 0.00 0.00 0.00 0.00 0.00 0.00 0.00 0.00 0.44 0.00 0.00 0.00 0.00 1.10 1.10 0.00 0.00 0.00 0.00 0.00 0.00 0.00
9.34 9.34 7.88 7.88 7.88 8.61 9.27 9.27 10.66 10.73 9.49 8.54 8.98 8.18 7.45 6.28 8.47 6.94 9.13 6.72 7.74 5.48 6.64 5.91 5.48 4.53 4.53 4.16 4.02 5.48 7.96 7.74 6.94 7.37 7.30 8.32 7.23 7.01 6.64 4.96 4.23 0.00 0.00 0.00 0.00 0.00 0.00 0.00 0.00 0.00 0.00 0.00 0.00 0.00 0.00 0.00 0.00 0.00 0.00 0.00 0.00 0.00 0.00 0.00 0.00 0.00 0.00 0.00 0.00 0.00 0.44 0.00 0.00 0.00 0.00 1.10 1.10 0.00 0.00 0.00 0.00 0.00 0.00 0.00
9.42 9.42 7.52 7.15 7.66 7.30 8.91 10.51 10.29 10.15 8.47 7.81 8.03 7.66 7.52 7.88 6.13 6.42 7.01 6.72 6.57 6.86 6.94 6.35 6.72 4.82 4.82 5.40 4.45 6.50 7.15 6.50 6.64 4.45 4.31 4.53 5.69 5.69 0.00 0.00 5.40 2.77 0.00 0.00 0.00 0.00 0.00 0.00 0.00 0.00 0.00 0.00 0.00 0.00 0.00 0.00 0.00 0.00 0.00 0.00 0.00 0.00 0.00 0.00 0.00 0.00 0.00 0.00 0.00 0.00 0.00 0.00 0.00 1.10 1.24 0.66 0.66 1.02 0.00 0.00 0.00 0.00 0.00 0.00
8.32 8.32 7.01 7.59 7.66 7.74 8.91 9.78 9.56 8.69 8.98 7.88 7.15 7.15 7.01 5.77 6.42 5.91 6.42 5.69 5.48 5.69 3.21 2.92 4.60 4.74 4.74 3.87 3.58 7.52 6.35 5.55 3.50 4.16 4.60 5.55 5.18 4.82 6.64 6.06 6.06 6.13 4.74 4.09 2.48 0.00 2.85 1.39 0.00 0.00 0.00 0.00 0.00 0.00 0.00 0.00 0.00 0.00 0.00 0.00 0.00 0.00 0.00 0.00 0.00 0.00 0.00 0.00 0.00 0.00 0.00 0.00 0.00 0.00 0.00 0.00 0.00 0.00 0.00 0.00 0.00 0.00 0.00 0.00
7.74 7.74 8.25 7.52 7.74 7.96 8.69 10.44 10.66 10.66 9.34 7.23 7.74 5.26 5.33 3.07 4.23 4.82 4.89 4.16 3.50 2.19 2.56 0.22 2.12 1.53 1.53 2.77 7.81 6.20 6.50 5.40 6.86 6.86 6.57 5.69 7.81 7.37 7.08 9.20 7.01 6.28 6.94 6.06 5.18 5.99 4.82 2.77 1.31 0.29 0.00 0.00 0.00 0.00 0.00 0.00 0.00 0.00 0.00 0.00 0.00 0.00 0.00 0.00 0.00 0.00 0.00 0.00 0.00 0.00 0.00 0.00 0.00 0.00 0.00 0.00 0.00 0.00 0.00 0.00 0.00 0.00 0.00 0.00
7.74 7.74 8.25 7.52 7.74 7.96 8.69 10.44 10.66 10.66 9.34 7.23 7.74 5.26 5.33 3.07 4.23 4.82 4.89 4.16 3.50 2.19 2.56 0.22 2.12 1.53 1.53 2.77 7.81 6.20 6.50 5.40 6.86 6.86 6.57 5.69 7.81 7.37 7.08 9.20 7.01 6.28 6.94 6.06 5.18 5.99 4.82 2.77 1.31 0.29 0.00 0.00 0.00 0.00 0.00 0.00 0.00 0.00 0.00 0.00 0.00 0.00 0.00 0.00 0.00 0.00 0.00 0.00 0.00 0.00 0.00 0.00 0.00 0.00 0.00 0.00 0.00 0.00 0.00 0.00 0.00 0.00 0.00 0.00
8.25 8.25 8.91 10.66 10.07 10.15 10.73 10.73 10.51 10.80 10.95 9.34 5.55 2.56 1.75 1.39 2.41 2.19 3.65 2.19 1.39 1.46 0.00 0.00 0.51 3.87 3.87 6.50 7.01 6.28 6.79 7.52 7.37 6.50 7.30 6.86 8.18 8.47 9.78 9.42 8.83 8.40 8.25 7.15 7.30 7.23 5.91 5.62 4.45 1.83 0.00 0.00 0.00 0.00 0.00 0.00 0.00 0.00 0.00 0.00 0.00 0.00 0.00 0.00 0.00 0.00 0.00 0.00 0.00 0.00 0.00 0.00 0.00 0.00 0.00 0.00 0.00 0.00 0.00 0.00 0.00 0.00 0.00 0.00
9.13 9.13 8.83 10.51 10.73 11.68 11.61 8.83 7.88 9.34 8.40 5.33 1.53 0.15 0.15 0.00 0.44 0.73 2.19 2.26 2.26 1.61 0.00 0.00 1.97 5.26 5.26 6.50 6.28 6.06 6.79 6.06 5.99 5.99 6.13 7.37 8.40 8.25 9.13 8.03 8.32 7.59 8.69 7.01 6.50 5.84 4.74 3.36 4.09 1.31 0.00 0.00 0.00 0.00 0.00 0.00 0.00 0.00 0.00 0.00 0.00 0.00 0.00 0.00 0.00 0.00 0.00 0.00 0.00 0.00 0.00 0.00 0.00 0.00 0.00 0.00 0.00 0.00 0.00 0.00 0.00 0.00 0.00 0.00
7.30 7.30 8.83 10.07 9.86 10.66 8.03 8.91 6.72 3.72 1.97 0.44 0.88 0.95 1.46 0.80 0.00 0.00 1.97 1.75 1.68 2.56 0.66 3.50 3.29 4.31 4.31 5.77 6.13 6.35 7.01 5.77 6.20 5.55 5.84 7.37 6.42 7.08 6.94 7.23 6.42 6.79 6.42 6.50 6.72 4.82 2.63 1.02 0.73 1.02 0.00 0.00 0.00 1.46 0.00 0.00 0.00 0.00 0.00 0.00 0.00 0.00 0.00 0.00 0.00 0.00 0.00 0.00 0.00 0.00 0.00 0.00 0.00 0.00 0.00 0.00 0.00 0.00 0.00 0.00 0.00 0.00 0.00 0.00
8.32 8.32 8.25 8.91 7.96 6.64 7.15 4.23 3.14 1.61 1.97 1.10 4.74 4.67 3.29 3.65 4.02 0.73 0.95 2.12 3.43 3.29 3.43 3.43 4.16 4.02 4.02 5.26 5.55 6.13 5.18 5.40 4.16 4.74 3.14 5.18 5.26 6.06 5.69 4.96 5.99 6.28 6.20 4.38 3.07 0.88 1.46 0.58 0.44 0.44 1.46 1.46 1.24 2.41 0.44 0.00 0.00 0.00 0.00 0.00 0.00 0.00 0.00 0.00 0.00 0.00 0.00 0.00 0.00 0.00 0.00 0.00 0.00 0.00 0.00 0.00 0.00 0.00 0.00 0.00 0.00 0.00 0.00 0.00
8.32 8.32 8.25 8.91 7.96 6.64 7.15 4.23 3.14 1.61 1.97 1.10 4.74 4.67 3.29 3.65 4.02 0.73 0.95 2.12 3.43 3.29 3.43 3.43 4.16 4.02 4.02 5.26 5.55 6.13 5.18 5.40 4.16 4.74 3.14 5.18 5.26 6.06 5.69 4.96 5.99 6.28 6.20 4.38 3.07 0.88 1.46 0.58 0.44 0.44 1.46 1.46 1.24 2.41 0.44 0.00 0.00 0.00 0.00 0.00 0.00 0.00 0.00 0.00 0.00 0.00 0.00 0.00 0.00 0.00 0.00 0.00 0.00 0.00 0.00 0.00 0.00 0.00 0.00 0.00 0.00 0.00 0.00 0.00
7.74 7.74 8.69 7.88 8.10 6.86 4.82 4.16 4.60 4.38 3.65 3.94 8.69 8.83 8.83 8.10 7.30 4.67 3.80 5.33 4.45 5.18 4.82 3.94 4.60 4.31 4.31 5.69 5.26 5.48 2.99 2.99 2.92 2.26 1.90 3.36 3.80 0.00 0.00 0.00 5.62 2.77 2.41 3.80 2.04 1.17 1.02 0.88 0.95 0.58 2.48 2.48 1.46 0.00 0.00 0.00 0.00 0.00 0.00 0.00 0.00 0.00 0.00 0.00 0.00 0.00 0.00 0.00 0.00 0.00 0.00 0.00 0.00 0.00 0.00 0.00 0.00 0.00 0.00 0.00 0.00 0.00 0.00 0.00
7.45 7.45 7.23 7.01 4.89 0.00 3.87 0.00 5.77 6.13 8.18 7.96 7.74 8.32 9.78 9.78 9.49 8.40 5.69 4.67 5.77 4.82 0.88 2.85 1.83 3.94 3.94 4.23 3.65 3.14 3.36 1.53 0.00 0.15 1.10 0.00 0.00 0.00 0.00 1.83 0.00 0.00 1.46 2.12 1.61 2.34 1.97 2.34 2.26 3.14 3.29 3.29 0.95 0.00 0.00 0.00 0.00 0.00 0.00 0.00 0.00 0.00 0.00 0.00 0.00 0.00 0.00 0.00 0.00 0.00 0.00 0.00 0.00 0.00 0.00 0.00 0.00 0.00 0.00 0.00 0.00 0.00 0.00 0.00
4.82 4.82 0.00 0.00 0.00 0.00 0.00 3.43 4.89 5.04 7.52 9.78 8.83 10.66 8.61 7.30 9.93 5.62 4.45 5.18 4.60 0.80 0.37 1.02 0.73 1.97 1.97 1.68 3.58 2.85 1.39 1.68 0.15 0.00 0.00 0.00 0.00 0.00 0.00 0.00 0.66 1.68 1.24 1.83 1.61 2.19 2.85 0.15 1.90 1.68 1.90 1.90 0.95 0.00 0.00 0.44 1.46 1.24 0.88 1.61 0.80 0.73 1.10 1.39 0.00 1.10 0.00 0.51 0.00 0.00 0.07 0.73 0.00 0.00 0.00 0.00 0.00 0.00 0.00 0.00 0.00 0.00 0.00 0.00
0.00 0.00 0.00 0.00 0.00 0.00 4.23 4.31 4.45 4.02 5.99 7.45 5.84 6.13 7.74 7.45 5.91 6.64 1.61 1.61 0.00 0.00 0.00 0.44 0.51 1.53 1.53 1.31 1.90 2.34 1.17 1.02 1.61 0.37 2.63 1.10 1.39 0.73 2.41 1.39 1.68 1.46 1.31 0.66 0.00 0.00 0.00 0.00 0.15 0.00 0.00 0.00 0.00 0.00 0.00 1.83 1.75 1.75 1.61 1.90 2.19 1.10 1.24 1.61 1.46 1.46 1.46 3.21 4.02 3.80 2.77 2.92 3.21 0.00 0.00 0.00 0.00 0.00 0.00 0.00 0.00 0.00 0.00 0.00
0.00 0.00 0.00 0.00 0.00 0.00 0.00 0.00 0.00 0.00 0.00 0.00 0.00 0.00 2.77 2.26 1.17 2.26 0.29 0.00 0.00 0.07 0.80 0.58 0.66 1.53 1.53 2.04 1.90 1.90 3.58 4.02 6.94 4.89 5.55 3.07 3.58 3.72 2.70 2.04 2.12 0.95 0.58 0.07 0.00 0.00 0.00 0.00 0.00 0.00 0.29 0.29 2.70 2.70 2.85 2.34 3.21 2.85 2.99 1.90 2.63 1.83 2.48 2.70 2.48 3.07 3.07 3.80 4.02 3.65 3.65 3.21 2.48 2.63 0.00 0.00 0.00 0.00 0.00 0.80 0.00 0.00 0.00 0.80
0.00 0.00 0.00 0.00 0.00 0.00 0.00 0.00 0.00 0.00 0.00 0.00 0.00 0.00 2.77 2.26 1.17 2.26 0.29 0.00 0.00 0.07 0.80 0.58 0.66 1.53 1.53 2.04 1.90 1.90 3.58 4.02 6.94 4.89 5.55 3.07 3.58 3.72 2.70 2.04 2.12 0.95 0.58 0.07 0.00 0.00 0.00 0.00 0.00 0.00 0.29 0.29 2.70 2.70 2.85 2.34 3.21 2.85 2.99 1.90 2.63 1.83 2.48 2.70 2.48 3.07 3.07 3.80 4.02 3.65 3.65 3.21 2.48 2.63 0.00 0.00 0.00 0.00 0.00 0.80 0.00 0.00 0.00 0.80
0.00 0.00 0.00 1.90 0.00 0.00 0.00 0.00 0.00 0.00 0.00 0.00 0.15 1.02 0.00 0.00 0.00 0.00 0.00 0.00 0.00 0.37 0.37 0.66 1.97 1.68 1.68 1.97 3.58 5.77 5.18 5.40 8.40 7.01 7.15 5.77 3.50 2.41 2.41 1.39 0.00 0.07 0.07 0.29 0.00 0.00 0.88 0.66 0.66 2.12 2.34 2.34 2.34 3.36 3.14 3.14 3.43 3.07 3.58 3.58 3.07 5.18 3.87 3.43 4.09 3.14 3.72 3.58 4.09 3.43 3.21 3.43 2.92 1.97 2.19 2.26 2.26 0.95 1.75 1.97 2.34 1.68 1.10 1.46
0.00 0.00 0.00 1.83 1.61 0.44 0.07 0.88 0.00 0.00 0.00 0.00 0.00 0.00 0.00 0.00 0.00 0.00 0.00 0.00 0.00 0.29 0.88 0.29 1.02 1.53 1.53 1.39 3.50 6.13 8.25 7.96 8.83 5.40 4.96 5.04 1.68 2.34 0.88 1.02 0.58 0.73 1.10 1.46 0.66 1.02 0.73 0.73 1.10 1.68 2.04 2.04 2.19 1.83 2.70 3.36 3.80 3.80 3.65 6.13 5.55 5.69 4.96 3.87 2.63 3.72 3.21 2.19 2.56 2.48 2.70 2.19 2.92 2.56 2.56 2.63 2.63 3.29 3.29 3.58 3.65 2.04 1.68 1.46
0.00 0.00 0.07 0.37 1.10 0.00 0.00 0.00 0.00 0.00 0.00 0.00 0.00 0.00 0.00 0.00 0.00 0.00 0.00 0.00 0.66 0.66 0.66 0.95 1.24 1.17 1.17 2.70 2.26 3.80 6.28 3.36 3.65 3.58 2.99 1.83 1.10 2.04 0.51 0.51 0.58 0.00 0.15 0.22 0.44 0.51 0.80 0.95 0.95 0.95 1.02 1.02 1.75 1.53 2.34 2.41 3.65 3.50 5.26 4.82 5.04 3.58 3.50 3.87 2.77 2.48 2.85 2.41 2.19 2.41 2.41 2.12 2.19 2.19 2.99 4.31 4.31 4.16 4.23 4.02 2.77 3.29 1.46 2.34
0.00 0.00 0.00 0.00 0.00 0.00 0.00 0.00 0.00 0.00 0.00 0.00 0.00 0.00 0.00 0.00 0.00 0.00 0.00 0.00 0.00 0.44 1.02 1.53 1.46 1.53 1.53 3.36 3.21 3.07 4.16 1.53 1.46 1.53 1.17 1.90 0.58 0.00 0.00 0.00 0.00 0.00 0.00 0.15 0.07 0.95 1.10 1.31 1.61 1.17 1.24 1.24 1.24 1.24 1.83 1.68 2.77 2.77 2.77 2.04 1.90 2.70 1.68 1.39 2.12 2.34 2.19 2.34 2.12 2.04 2.70 2.70 3.07 3.07 3.14 4.16 4.16 2.92 2.77 2.92 2.34 2.56 1.75 1.75
0.00 0.00 0.00 0.00 0.00 0.00 0.00 0.00 0.00 0.00 0.00 0.00 0.00 0.00 0.00 0.00 0.00 0.00 0.00 0.00 0.00 0.00 0.37 1.31 2.19 2.26 2.26 3.43 3.14 0.88 0.07 0.44 0.00 0.22 0.00 0.00 0.80 0.66 0.00 0.00 0.00 0.00 0.00 0.66 0.37 1.10 1.02 1.90 2.41 2.19 2.26 2.26 1.97 0.95 1.61 0.95 0.88 1.10 1.10 1.39 1.68 1.68 1.17 2.04 1.83 1.90 2.56 2.19 1.90 1.75 2.48 2.48 2.70 1.83 1.10 1.10 1.10 2.34 2.56 2.04 2.12 2.26 2.19 1.75
0.00 0.00 0.00 0.00 0.00 0.00 0.00 0.00 0.00 0.00 0.00 0.00 0.00 0.00 0.00 0.00 0.00 0.00 0.00 0.00 0.00 0.00 0.37 1.31 2.19 2.26 2.26 3.43 3.14 0.88 0.07 0.44 0.00 0.22 0.00 0.00 0.80 0.66 0.00 0.00 0.00 0.00 0.00 0.66 0.37 1.10 1.02 1.90 2.41 2.19 2.26 2.26 1.97 0.95 1.61 0.95 0.88 1.10 1.10 1.39 1.68 1.68 1.17 2.04 1.83 1.90 2.56 2.19 1.90 1.75 2.48 2.48 2.70 1.83 1.10 1.10 1.10 2.34 2.56 2.04 2.12 2.26 2.19 1.75
0.00 0.00 0.00 0.00 0.00 0.00 0.00 0.00 0.00 0.00 0.00 0.00 0.00 0.00 0.00 0.00 0.00 0.00 0.00 0.00 0.00 0.00 0.00 0.15 2.12 2.34 2.34 2.26 2.41 0.44 0.00 0.00 0.00 0.00 0.00 0.00 0.00 0.00 0.00 0.00 0.00 0.00 0.22 0.44 0.29 0.88 0.73 1.24 1.97 2.34 2.41 2.41 2.26 1.24 1.53 0.07 2.04 2.04 2.04 1.24 1.39 2.70 2.04 2.12 2.19 2.77 2.70 1.97 1.61 1.83 1.83 0.73 0.95 1.17 0.29 0.29 0.29 0.00 1.02 0.29 1.68 1.39 1.90 1.53
0.00 0.00 0.00 0.00 0.00 0.00 0.00 0.00 0.00 0.00 0.00 0.00 0.00 0.00 0.00 0.00 0.00 0.00 0.00 0.00 0.00 0.00 0.00 0.00 0.51 1.02 1.02 1.02 1.10 0.80 0.00 0.00 0.00 0.00 0.00 0.00 0.00 0.00 0.00 0.00 0.00 0.00 0.00 0.00 0.00 0.73 1.53 0.88 2.34 1.97 1.53 1.53 1.61 1.31 1.24 1.39 1.83 2.19 0.88 1.10 1.46 2.56 2.19 2.41 1.97 1.75 1.17 1.39 0.22 0.80 0.29 0.66 0.00 0.07 0.00 0.07 0.07 0.00 0.00 0.00 0.51 1.39 1.24 1.46
0.00 0.00 0.00 0.00 0.00 0.00 0.00 0.00 0.00 0.00 0.00 0.00 0.00 0.00 0.00 0.00 0.00 0.00 0.00 0.00 0.00 0.00 0.00 0.00 0.00 0.00 0.00 0.07 0.00 0.00 0.00 0.00 0.00 0.00 0.00 0.00 0.00 0.00 0.00 0.00 0.00 0.00 0.00 0.00 0.00 0.73 0.73 1.24 1.39 1.46 1.24 1.24 1.39 1.10 1.83 1.68 1.75 1.53 1.61 0.00 1.17 1.46 0.00 0.73 1.31 0.00 0.00 0.00 0.00 0.00 0.00 0.00 0.00 0.00 0.00 0.00 0.00 0.00 0.00 0.00 0.00 0.00 0.22 0.00
0.00 0.00 0.00 0.00 0.00 0.00 0.00 0.00 0.00 0.00 0.00 0.00 0.00 0.00 0.00 0.00 0.00 0.00 0.00 0.00 0.00 0.00 0.00 0.00 0.00 0.00 0.00 0.00 0.00 0.00 0.00 0.00 0.00 0.00 0.00 0.00 0.00 0.00 0.00 0.00 0.00 0.00 0.00 0.00 0.00 0.15 0.66 0.51 1.17 1.53 1.61 1.61 1.68 2.04 1.68 2.12 1.17 1.17 0.95 0.00 0.00 0.00 0.00 0.00 0.00 0.00 0.00 0.00 0.00 0.00 0.00 0.00 0.00 0.00 0.00 0.00 0.00 0.00 0.00 0.00 0.07 0.22 0.00 0.00
0.00 0.00 0.00 0.00 0.00 0.00 0.00 0.00 0.00 0.00 0.00 0.00 0.00 0.00 0.00 0.00 0.00 0.00 0.00 0.00 0.00 0.00 0.00 0.00 0.00 0.00 0.00 0.00 0.00 0.00 0.00 0.00 0.00 0.00 0.00 0.00 0.00 0.00 0.00 0.00 0.00 0.00 0.00 0.00 0.51 0.88 0.80 1.17 1.31 1.68 2.63 2.63 2.85 2.85 2.70 1.75 0.22 0.00 0.00 0.00 0.00 0.00 0.00 0.00 0.00 0.00 0.00 0.00 0.00 0.00 0.00 0.00 0.00 0.00 0.00 0.00 0.00 0.00 0.00 0.00 0.00 0.00 0.00 0.00
0.00 0.00 0.00 0.00 0.00 0.00 0.00 0.00 0.00 0.00 0.00 0.00 0.00 0.00 0.00 0.00 0.00 0.00 0.00 0.00 0.00 0.00 0.00 0.00 0.00 0.00 0.00 0.00 0.00 0.00 0.00 0.00 0.00 0.00 0.00 0.00 0.00 0.00 0.00 0.00 0.00 0.00 0.00 0.00 0.00 0.22 2.19 1.61 1.53 1.90 2.99 2.99 3.07 2.41 0.37 1.61 0.00 0.00 0.00 0.00 0.00 0.00 0.00 0.00 0.00 0.00 0.00 0.00 0.00 0.00 0.00 0.00 0.00 0.00 0.00 0.00 0.00 0.00 0.00 0.29 0.00 0.00 0.00 0.00
0.00 0.00 0.00 0.00 0.00 0.00 0.00 0.00 0.00 0.00 0.00 0.00 0.00 0.00 0.00 0.00 0.00 0.00 0.00 0.00 0.00 0.00 0.00 0.00 0.00 0.00 0.00 0.00 0.00 0.00 0.00 0.00 0.00 0.00 0.00 0.00 0.00 0.00 0.00 0.00 0.00 0.00 0.00 0.00 0.00 0.22 2.19 1.61 1.53 1.90 2.99 2.99 3.07 2.41 0.37 1.61 0.00 0.00 0.00 0.00 0.00 0.00 0.00 0.00 0.00 0.00 0.00 0.00 0.00 0.00 0.00 0.00 0.00 0.00 0.00 0.00 0.00 0.00 0.00 0.29 0.00 0.00 0.00 0.00
0.00 0.00 0.00 0.00 0.00 0.00 0.00 0.00 0.00 0.00 0.00 0.00 0.00 0.00 0.00 0.00 0.00 0.00 0.00 0.00 0.00 0.00 0.00 0.00 0.00 0.00 0.00 0.00 0.00 0.00 0.00 0.00 0.00 0.00 0.00 0.00 0.00 0.00 0.00 0.00 0.00 0.00 0.00 0.00 0.00 0.00 1.61 1.90 2.63 2.99 3.14 3.14 3.50 1.46 0.00 0.00 0.00 0.00 0.00 0.00 0.00 0.00 0.00 0.00 0.00 0.00 0.00 0.00 0.00 0.00 0.00 0.00 0.00 0.00 0.00 0.00 0.00 0.00 0.00 0.00 0.00 0.00 0.00 0.00
0.00 0.00 0.00 0.00 0.00 0.00 0.00 0.00 0.00 0.00 0.00 0.00 0.00 0.00 0.00 0.00 0.00 0.00 0.00 0.00 0.00 0.00 0.00 0.00 0.00 0.00 0.00 0.00 0.00 0.00 0.00 0.00 0.00 0.00 0.00 0.00 0.00 0.00 0.00 0.00 0.00 0.00 0.00 0.00 0.00 0.00 1.17 0.00 0.73 1.90 0.00 0.00 0.00 0.07 0.00 0.00 0.00 0.00 0.00 0.00 0.00 0.00 0.00 0.00 0.00 0.00 0.00 0.00 0.00 0.00 0.00 0.00 0.00 0.00 0.00 0.00 0.00 0.00 0.00 0.00 0.00 0.00 0.00 2.19
