Wansh/Snow_depth/snowdepth-1992/winter/1992365.txt
ncols 321
nrows 161
xllcenter 60
yllcenter 15 
cellsize  0.25 
NODATA_value -1
[rows 76 to 113 of 161, columns 84 to 167 of 321]
0.37 3.21 0.15 2.48 2.48 2.12 1.90 4.16 4.31 4.23 0.00 4.09 4.67 4.67 4.09 3.43 4.45 4.09 4.09 4.23 3.65 3.21 3.36 3.94 4.67 4.09 0.00 3.87 3.80 0.00 0.00 0.00 0.00 0.00 0.00 3.65 0.00 0.00 0.00 3.21 3.21 2.92 3.07 3.07 1.90 1.68 2.19 2.34 2.56 2.34 2.34 2.19 2.19 2.63 2.04 2.12 1.68 2.26 1.31 1.68 1.68 1.83 3.50 2.77 1.46 1.25 3.50 3.29 3.29 5.77 6.64 8.98 9.13 0.37 0.00 0.00 0.00 0.00 0.00 0.00 0.00 0.00 0.00 0.45
1.24 2.99 2.63 2.70 3.14 1.31 2.12 0.00 0.00 3.43 2.85 4.67 4.23 5.26 5.26 4.09 4.16 3.87 3.87 0.00 0.00 3.29 2.70 3.43 3.58 3.94 0.00 3.50 0.00 0.00 0.00 0.00 0.00 0.00 0.00 0.00 0.00 0.00 0.00 3.07 2.77 0.00 2.04 2.04 0.00 0.00 1.10 2.41 3.58 2.99 4.02 3.21 2.77 3.21 2.85 3.07 2.34 2.34 2.04 1.68 2.34 3.21 4.23 3.43 3.14 3.07 3.43 4.02 4.02 3.65 7.01 6.50 4.16 2.41 2.48 0.00 0.00 0.00 0.00 0.00 0.00 0.00 1.03 0.22
3.58 1.97 1.53 3.72 3.21 3.72 1.68 3.72 3.36 3.80 4.53 4.82 4.53 5.84 5.04 5.18 4.82 4.23 4.23 4.82 3.94 4.02 3.21 3.58 3.21 0.00 0.00 0.00 2.92 0.00 0.00 0.00 0.00 0.00 0.00 0.00 0.00 0.00 0.00 0.00 0.00 0.00 0.00 0.00 0.00 0.00 2.12 2.63 0.00 0.00 4.38 4.16 3.43 4.82 4.31 3.80 3.14 2.56 2.70 2.70 3.94 4.45 4.16 4.38 2.99 1.75 3.14 4.53 4.53 3.36 3.14 1.97 3.65 2.48 0.07 0.15 0.00 0.00 0.00 0.00 0.00 1.32 2.42 2.89
0.00 4.23 4.09 3.29 3.07 2.92 3.87 3.94 4.45 4.02 3.72 3.43 3.65 6.50 6.20 5.11 5.40 5.18 5.18 4.74 4.60 4.31 3.80 3.58 3.65 0.00 0.00 0.00 2.56 0.00 0.00 0.00 0.00 0.00 0.00 0.00 0.00 0.00 0.00 0.00 0.00 0.00 0.00 0.00 0.00 0.00 1.75 1.68 1.90 4.38 3.94 4.38 0.00 0.00 3.72 3.80 2.48 2.19 2.34 2.63 2.56 3.07 3.72 2.34 0.00 0.00 1.31 3.72 3.72 2.99 3.07 1.97 4.23 2.70 2.79 0.00 0.00 0.00 0.00 0.00 0.00 0.07 2.04 2.71
4.53 0.00 0.00 0.00 3.14 3.21 3.29 4.09 4.09 3.29 3.50 3.50 3.80 6.28 4.02 4.23 4.53 4.31 4.31 3.65 4.16 3.65 3.58 3.36 2.92 2.99 2.63 0.00 0.00 0.00 0.00 0.00 0.00 0.00 0.00 0.00 0.00 0.00 0.00 0.00 0.00 2.70 0.00 0.00 0.00 0.00 0.00 1.10 1.83 3.21 3.14 2.19 2.26 1.97 2.41 2.41 2.34 2.41 2.63 1.97 1.90 1.83 2.19 2.19 0.51 0.00 0.00 0.00 0.00 0.00 1.10 2.19 4.45 6.50 5.26 7.85 3.37 0.54 0.00 0.00 0.22 0.00 0.00 0.95
0.00 0.00 0.00 0.00 2.92 0.00 2.56 0.00 4.09 2.85 3.21 3.94 4.09 3.50 3.14 4.02 3.65 3.21 3.21 2.99 2.70 0.00 0.00 2.34 0.00 0.00 0.00 0.00 0.00 0.00 0.00 0.00 0.00 0.00 0.00 0.00 1.31 0.00 0.00 0.00 1.10 1.46 0.00 0.00 0.00 0.00 0.00 0.00 0.00 2.41 2.63 2.85 2.26 2.12 2.04 1.24 0.88 1.31 1.68 1.90 2.48 2.48 2.63 1.39 0.00 0.00 0.00 0.00 0.00 0.22 0.00 1.75 8.40 10.66 10.15 10.05 3.61 2.75 1.74 0.52 1.10 0.07 0.00 1.39
0.00 0.95 1.83 0.00 0.00 0.00 0.00 0.00 0.00 3.80 3.50 4.45 3.72 4.31 4.53 3.94 3.72 1.68 1.68 0.37 1.02 0.15 0.00 0.00 0.00 0.00 0.00 0.00 0.00 0.00 0.00 0.00 0.00 0.00 0.73 0.58 0.58 0.00 0.00 0.00 0.80 0.00 0.00 0.00 0.00 0.00 0.00 0.00 0.00 1.46 1.97 2.04 2.70 1.53 1.46 0.66 0.95 0.80 0.73 1.53 1.90 1.46 1.75 1.53 1.17 0.00 1.75 1.10 1.10 0.66 0.22 1.53 6.50 6.42 8.47 9.42 6.64 4.67 1.97 1.39 0.73 0.37 1.83 1.68
0.00 0.51 0.66 0.00 0.00 0.00 0.00 3.36 0.00 0.00 3.65 4.53 4.82 3.72 4.31 5.11 0.00 0.00 0.00 1.10 0.00 0.00 0.00 0.00 0.00 0.00 0.00 0.00 0.00 0.00 0.00 0.00 0.00 0.00 0.00 0.15 0.00 0.07 0.00 0.00 0.00 0.00 0.00 0.00 0.00 0.00 0.00 0.00 0.00 1.24 1.31 0.95 1.39 1.53 1.46 1.24 1.39 0.66 0.29 0.66 1.02 1.31 1.31 1.97 1.68 2.99 2.48 2.12 2.12 1.61 0.95 1.31 2.41 4.02 9.49 9.13 8.76 6.72 4.16 2.70 2.41 1.24 2.26 2.26
0.00 0.00 0.00 0.00 0.00 0.00 0.00 3.36 3.94 3.50 4.23 3.72 0.00 3.58 4.02 3.50 3.72 0.00 0.00 0.00 3.72 0.00 0.00 0.00 0.00 0.00 2.12 2.04 0.00 1.75 0.00 0.00 0.00 0.00 1.10 1.02 0.00 0.29 0.00 0.00 0.00 0.00 0.00 0.00 0.00 0.00 0.00 0.00 0.00 0.22 0.73 0.29 1.02 2.48 3.50 2.70 1.10 0.22 0.22 0.00 0.80 1.24 1.68 1.90 2.19 2.99 2.92 2.26 2.26 2.19 2.63 2.99 2.48 9.93 7.74 8.76 5.99 6.72 4.82 3.94 3.21 2.34 2.63 1.75
1.61 1.02 0.66 1.90 2.04 1.75 0.00 3.07 4.60 4.67 4.09 3.50 4.31 4.02 4.02 3.43 0.00 4.23 4.23 0.00 4.16 3.87 3.07 0.00 0.00 0.00 2.04 2.26 2.26 2.04 0.00 0.00 0.00 0.00 1.61 0.00 0.00 0.00 0.37 0.66 0.00 0.73 0.66 0.66 0.00 0.00 0.00 0.00 0.00 0.07 0.58 0.00 0.37 1.61 4.23 4.82 2.70 0.00 0.00 0.00 0.95 0.67 2.26 1.17 2.99 2.70 3.21 2.26 2.26 4.02 3.36 6.50 3.43 5.48 4.96 3.58 5.40 3.94 6.35 5.04 3.65 2.92 2.92 1.61
1.24 1.75 1.83 1.97 1.75 2.41 4.16 3.36 3.58 3.29 3.14 0.00 2.92 0.00 0.00 0.00 3.50 0.00 0.00 4.23 4.60 5.11 4.53 3.87 3.14 0.00 1.68 2.56 3.50 0.00 0.00 0.00 1.90 0.00 0.00 0.00 0.00 2.77 0.00 3.07 3.21 2.34 0.80 0.80 0.66 1.46 1.39 1.39 0.88 1.02 0.80 0.73 0.37 1.31 1.10 2.56 5.40 5.84 4.96 2.63 1.46 1.53 3.20 4.38 3.94 4.89 2.92 2.92 2.92 3.58 8.10 10.07 10.15 8.69 3.50 2.77 4.23 2.70 4.38 4.53 4.96 3.65 1.97 0.80
1.68 1.83 0.00 0.00 2.56 0.00 2.48 0.00 0.00 0.00 0.00 2.77 3.21 2.77 0.00 2.99 3.50 3.58 3.58 3.72 4.60 4.38 4.31 0.00 0.00 0.00 2.12 3.07 2.70 0.00 0.00 0.00 0.00 0.00 0.00 0.00 1.31 2.99 3.29 3.50 3.07 2.92 3.07 3.07 1.02 1.75 1.24 1.46 1.46 1.31 1.24 1.17 0.22 0.58 0.66 2.04 3.58 3.72 4.89 4.82 2.77 1.97 3.36 4.16 5.04 6.72 4.74 4.23 4.23 5.55 5.11 8.25 7.45 5.69 3.29 2.26 2.63 1.97 2.70 4.23 4.45 3.72 3.50 2.56
2.34 1.97 1.75 0.00 0.00 0.00 0.00 0.00 0.00 0.00 0.00 0.00 2.41 3.21 3.43 4.45 2.77 3.14 3.14 2.85 3.50 4.02 3.65 3.29 3.29 3.21 3.80 3.72 0.00 0.00 0.00 0.00 0.00 3.07 3.07 0.00 2.41 3.43 3.14 2.85 3.65 3.80 2.56 2.56 1.90 2.77 2.63 2.63 3.21 2.77 2.63 1.75 0.95 0.51 0.95 1.31 2.70 2.56 2.92 3.43 3.58 3.29 3.72 5.62 10.10 8.81 9.93 7.08 7.08 4.53 3.50 6.86 5.77 5.11 3.50 2.63 2.77 3.36 3.21 4.16 3.14 3.14 2.92 2.56
1.61 2.34 1.90 0.00 0.00 0.00 0.00 0.00 0.00 0.00 0.00 0.00 2.56 0.00 0.00 3.50 3.94 2.92 2.92 3.07 2.77 3.14 3.29 3.36 3.80 3.14 3.65 0.00 0.00 0.00 0.00 3.43 3.58 3.65 3.21 2.19 2.77 4.02 2.12 1.90 0.00 3.72 2.26 2.26 3.36 4.31 4.74 4.53 4.31 4.45 3.72 3.36 3.72 3.14 2.04 1.90 1.68 3.21 3.63 3.24 2.63 3.07 6.33 7.01 11.86 10.99 12.29 10.07 10.07 6.35 7.37 4.82 6.13 4.60 3.65 3.50 3.72 3.50 3.50 3.75 3.29 2.78 2.64 1.83
1.24 0.66 1.61 1.39 0.00 0.00 0.00 0.00 0.00 0.00 0.00 0.00 0.00 0.00 0.00 0.00 3.07 0.00 0.00 3.14 3.50 0.00 2.85 0.00 2.77 0.00 2.85 0.00 0.00 0.00 3.07 2.12 2.92 0.00 2.85 4.16 3.65 5.11 2.26 0.00 3.29 0.00 0.58 0.58 2.56 3.94 4.23 4.38 4.67 4.02 4.38 5.84 7.01 4.89 3.72 11.68 11.53 7.81 3.94 3.14 3.16 2.85 3.61 4.31 7.96 12.63 12.21 11.19 10.83 9.17 5.84 5.55 7.15 4.74 3.43 2.56 3.65 2.99 3.82 3.52 2.46 2.69 2.31 2.12
1.31 1.46 1.83 1.75 1.75 1.39 0.88 2.04 0.80 0.00 0.00 0.00 0.00 0.00 0.00 0.00 0.00 0.00 0.00 0.00 2.48 0.00 0.00 0.00 0.00 0.00 0.00 0.00 0.00 0.00 0.00 0.00 0.00 0.00 2.63 4.67 4.45 0.00 0.00 0.00 0.00 0.00 0.00 0.00 1.10 2.12 3.07 3.50 3.80 4.45 4.82 7.15 9.78 10.66 8.91 14.97 18.18 13.29 8.92 5.09 8.76 3.36 3.65 3.88 9.96 7.67 10.29 8.91 8.95 8.83 7.41 7.45 9.13 6.42 5.43 2.70 1.83 1.97 2.64 2.90 2.55 3.07 3.65 2.72
1.10 1.24 1.31 1.39 1.75 1.75 1.83 1.75 1.68 0.00 0.00 0.00 0.00 0.00 0.00 0.00 1.90 0.00 0.00 0.00 0.00 0.00 0.00 0.00 0.00 0.00 0.00 0.00 0.00 0.00 0.00 0.00 0.00 0.00 0.00 4.60 0.00 0.00 0.00 0.00 0.00 0.00 0.00 0.00 1.24 1.31 1.10 1.31 1.61 3.14 4.74 5.48 8.83 11.10 12.05 15.55 20.08 21.75 19.05 12.95 9.51 4.36 3.79 3.83 5.94 6.43 4.27 7.08 7.08 4.59 7.77 8.94 8.66 7.11 3.67 4.65 3.07 2.59 3.09 2.09 3.16 3.09 5.34 5.47
0.66 0.73 0.88 1.17 1.83 2.04 2.04 0.00 0.00 0.00 0.00 0.29 0.00 0.00 0.00 0.00 1.10 1.75 1.75 1.97 0.00 0.00 2.34 0.00 0.00 0.00 0.00 0.00 0.00 0.00 0.00 0.00 0.00 0.00 0.00 4.09 0.00 0.00 0.00 0.00 0.00 0.00 0.15 0.15 0.80 1.31 1.68 1.90 4.16 6.79 6.35 7.37 8.76 11.68 15.26 19.71 23.66 25.77 27.45 24.67 13.29 6.59 7.34 3.69 4.78 6.44 5.43 3.87 3.87 3.69 6.55 7.64 5.78 7.26 5.41 6.31 5.91 4.67 4.40 2.78 3.06 4.67 8.11 6.78
0.80 1.31 1.02 2.12 1.24 1.39 1.61 2.19 0.00 0.00 0.00 1.39 0.00 0.00 0.00 1.02 1.17 1.17 1.17 0.00 0.00 0.00 0.00 0.00 0.00 0.00 1.83 0.00 0.00 0.00 0.00 0.00 0.00 0.00 0.00 0.00 0.00 0.00 0.00 0.00 0.00 0.00 0.00 0.00 1.61 1.83 2.56 2.70 6.06 9.86 10.44 11.68 16.54 14.15 15.14 18.31 21.98 25.26 23.58 25.26 23.80 16.87 4.84 4.60 3.30 4.28 4.94 1.75 1.76 2.02 3.72 5.11 4.36 7.71 7.18 8.03 7.52 5.07 6.09 4.59 3.69 8.79 7.97 8.54
1.68 1.97 2.26 2.41 2.04 1.46 2.70 2.77 0.00 0.00 0.00 0.00 0.00 0.00 0.00 1.68 1.17 0.00 0.00 0.00 0.00 2.04 0.00 0.00 0.00 0.00 2.04 1.83 1.02 0.00 0.00 0.00 0.00 0.00 0.00 0.00 0.00 0.00 0.00 0.00 0.00 0.00 4.60 4.60 4.45 1.24 2.19 4.23 8.61 13.72 15.40 15.26 15.55 17.73 16.78 16.48 19.28 21.62 16.82 21.83 22.08 12.84 8.29 7.07 3.65 2.94 2.62 2.35 2.35 1.99 2.20 3.73 7.55 6.53 9.46 8.73 9.39 7.74 6.06 5.47 4.87 9.91 9.09 7.66
2.48 3.21 2.56 0.00 2.04 2.12 3.65 2.63 2.48 1.46 0.58 0.00 0.00 0.00 0.00 0.00 0.00 0.00 0.00 0.00 0.00 0.00 0.00 0.00 0.00 0.00 0.00 1.83 2.56 0.00 0.00 0.00 0.00 0.00 0.00 1.10 0.00 0.00 0.00 0.00 5.18 8.83 7.66 7.66 7.08 3.50 4.45 7.15 10.37 14.89 18.40 18.32 17.01 18.93 18.85 17.03 15.65 12.92 12.27 16.20 17.13 12.62 11.82 7.42 5.25 2.72 2.59 2.37 2.34 2.15 2.87 6.04 8.34 6.29 8.40 7.78 8.30 8.49 5.90 6.48 8.96 10.31 11.45 10.83
3.80 2.63 0.00 0.00 3.36 4.38 4.45 3.36 3.43 2.41 1.75 0.44 0.51 0.00 1.75 0.00 0.00 0.00 0.00 0.00 0.00 0.00 0.00 0.00 0.00 0.00 2.77 2.77 2.56 1.75 2.63 0.58 1.46 2.04 0.00 0.00 0.29 0.00 0.00 0.00 7.88 11.61 9.27 9.27 9.49 9.20 10.80 13.36 16.72 16.40 18.14 18.23 18.80 20.54 17.15 14.60 12.85 13.36 10.41 9.48 9.83 9.76 11.70 8.91 8.37 3.57 3.04 2.86 2.79 2.99 3.29 5.58 8.26 10.52 11.08 9.64 7.95 8.39 9.39 8.64 10.34 11.93 12.43 12.14
12.26 9.78 9.27 6.72 6.64 9.05 7.30 3.94 4.45 3.43 2.85 2.26 2.56 2.63 3.07 2.12 2.12 2.77 2.77 2.63 2.70 3.07 0.00 0.80 2.34 1.75 2.56 1.83 3.36 2.48 2.34 1.31 2.12 2.48 2.77 4.38 7.96 0.00 5.48 5.33 6.64 7.45 7.01 7.01 6.28 9.93 10.95 13.14 15.26 15.04 14.30 17.37 15.63 15.87 13.92 12.46 12.33 16.08 15.49 17.97 13.79 8.47 11.85 10.76 7.88 7.04 5.69 1.72 1.70 1.31 2.19 3.33 7.30 8.30 11.53 13.58 10.82 9.32 9.18 7.30 8.29 6.96 9.83 11.33
12.48 10.95 10.00 10.15 8.32 12.99 11.61 7.52 0.00 2.56 0.00 0.00 2.70 2.77 3.65 2.85 2.19 1.83 1.83 2.77 2.04 2.92 1.97 0.80 2.41 0.73 1.46 0.88 2.63 1.75 1.68 1.46 1.46 2.48 3.21 5.40 8.32 8.47 6.28 5.91 6.06 4.45 5.04 5.04 7.52 9.86 10.73 12.78 14.15 12.47 12.42 11.62 12.97 12.23 14.69 10.17 9.82 11.92 16.75 14.84 17.77 20.27 11.54 15.58 9.64 6.06 8.22 7.03 6.92 3.29 2.70 2.95 4.49 6.22 12.97 12.78 9.51 8.31 6.16 5.17 6.72 8.83 9.16 10.19
11.17 11.90 8.83 8.40 7.81 13.07 13.14 10.37 4.23 3.43 0.00 0.00 2.26 3.87 2.92 2.41 1.68 1.75 1.75 1.97 1.68 1.75 1.97 0.88 1.75 0.73 0.66 0.07 1.10 1.17 1.61 1.17 0.44 2.12 3.80 5.84 5.55 4.89 2.19 2.19 3.72 3.14 3.58 3.58 5.55 7.15 8.32 9.95 12.25 12.03 12.91 13.86 14.51 14.52 12.50 11.33 8.44 11.42 13.31 8.76 14.36 22.20 20.44 23.00 14.89 6.78 8.19 10.27 11.42 8.58 3.28 5.89 8.81 12.79 13.85 11.72 10.66 8.47 6.64 6.43 8.82 7.26 10.63 10.71
6.06 9.93 6.13 5.11 3.07 11.32 12.99 8.95 5.40 2.26 2.12 1.17 2.41 0.00 2.19 1.83 1.17 1.68 1.68 1.68 1.68 1.90 1.46 1.39 0.51 0.00 0.00 0.00 1.10 0.73 0.44 0.58 0.37 0.80 2.77 3.43 3.36 3.87 1.61 1.17 2.05 2.48 2.63 2.63 3.43 4.60 5.26 8.58 10.00 12.06 12.57 14.78 15.88 15.96 13.02 12.14 7.80 6.37 8.46 12.71 13.74 17.67 23.55 24.24 26.28 13.98 8.18 11.70 11.27 11.45 4.95 5.90 10.58 11.22 12.61 12.95 9.56 8.64 7.26 9.16 11.19 9.15 15.81 12.82
0.00 0.00 0.00 0.00 0.00 4.60 10.44 8.32 6.64 6.79 4.60 2.77 2.26 0.73 0.00 0.88 1.68 1.39 1.39 1.46 1.17 1.61 1.24 0.51 0.00 0.07 0.00 0.15 0.22 0.22 0.22 0.00 0.00 1.75 1.68 2.12 0.15 1.39 0.44 0.00 0.00 0.00 1.10 1.10 1.31 1.97 5.48 8.91 6.72 8.98 10.30 11.92 12.80 13.40 12.81 8.12 5.50 5.71 9.28 12.87 14.30 13.52 21.90 28.50 27.81 20.70 19.52 15.26 15.35 13.49 9.94 5.24 8.01 8.99 10.21 10.12 10.13 8.95 9.22 9.55 10.50 12.93 16.13 16.95
0.00 0.00 0.00 0.00 0.00 3.36 6.28 6.50 8.10 8.69 7.59 2.63 1.83 0.73 0.00 0.00 0.95 0.58 0.58 0.00 0.00 0.66 0.00 0.29 0.00 0.00 0.00 0.00 0.00 0.00 0.00 0.00 0.00 0.00 0.00 0.73 0.22 0.00 0.00 0.00 0.00 0.00 0.00 0.00 0.59 1.39 3.15 3.72 6.52 8.58 12.06 13.64 15.76 9.96 7.50 6.21 6.89 6.88 0.00 10.08 14.07 20.62 16.05 19.87 27.48 26.99 19.71 16.48 19.28 14.76 12.87 7.91 7.03 7.12 6.73 8.84 10.46 10.44 9.55 9.81 9.91 14.68 18.49 12.00
0.00 0.00 0.00 0.00 0.00 0.00 4.74 8.69 7.74 8.98 4.89 2.41 2.04 2.56 1.46 1.83 1.10 1.17 1.17 0.00 0.00 0.00 0.00 0.00 0.00 0.00 0.00 0.00 0.00 0.00 0.00 0.00 0.00 0.00 0.00 0.51 0.88 0.00 0.00 0.00 0.00 0.00 0.00 0.00 0.37 0.73 1.03 2.66 5.45 8.47 9.41 13.27 9.94 9.82 7.30 9.22 7.87 0.00 9.18 0.00 16.00 14.43 16.90 20.06 21.73 22.98 22.90 18.78 21.03 14.22 15.80 9.70 7.65 7.52 7.30 10.86 12.36 11.90 9.44 9.64 11.20 14.04 18.47 9.10
0.00 0.00 0.00 0.00 0.00 0.00 0.00 5.69 8.69 6.13 3.14 5.26 3.65 3.29 2.41 3.93 2.73 1.83 1.83 1.97 0.00 0.00 0.37 0.00 0.00 0.00 0.00 0.00 0.00 0.00 0.00 0.00 0.00 0.00 0.29 0.95 0.88 0.00 0.00 0.00 1.53 1.75 0.73 0.73 1.02 0.80 0.07 1.50 4.89 8.52 10.43 11.12 11.86 10.37 0.00 0.00 0.00 0.00 0.00 0.00 0.00 16.50 14.08 15.59 20.46 17.33 20.77 19.03 19.44 15.71 11.76 7.98 9.15 5.99 8.33 9.64 13.27 15.91 10.42 9.33 10.17 9.27 13.35 8.07
0.00 0.00 0.00 0.00 0.00 0.00 0.00 0.00 2.77 1.46 4.53 4.02 4.38 4.67 4.02 3.96 5.33 4.19 3.91 4.53 1.75 1.75 1.39 0.00 0.00 0.00 0.88 0.00 0.00 0.00 0.00 0.66 0.07 0.00 0.37 1.17 1.83 1.17 0.00 0.00 2.92 4.02 1.97 1.97 1.61 1.46 0.00 0.77 2.99 8.74 12.80 12.99 12.36 0.00 0.00 0.00 0.00 0.00 0.00 0.00 0.00 13.04 11.50 11.47 14.24 26.75 22.71 16.86 20.61 17.95 11.76 7.53 9.37 7.84 7.22 15.43 15.56 11.79 9.49 7.40 6.81 6.42 7.89 4.90
0.00 0.00 0.00 0.00 0.00 0.00 0.00 0.00 0.00 0.00 0.00 0.00 0.00 0.00 0.00 0.00 2.99 3.21 3.26 4.53 4.60 5.91 3.29 5.33 3.07 3.36 3.07 3.50 3.65 0.00 2.77 4.02 1.68 1.61 3.14 4.96 5.33 5.40 6.42 6.90 5.87 7.01 5.69 5.69 3.87 1.97 3.07 5.87 6.54 0.00 0.00 0.00 0.00 0.00 0.00 0.00 0.00 0.00 0.00 0.00 0.00 0.00 0.00 8.36 8.07 12.24 11.41 5.87 6.56 9.38 10.18 7.44 7.17 7.12 4.93 8.62 8.07 10.86 5.23 3.63 0.66 1.65 0.00 0.00
0.00 0.00 0.00 0.00 0.00 0.00 0.00 0.00 0.00 0.00 0.00 0.00 0.00 0.00 0.00 0.00 0.00 0.00 0.00 2.41 3.15 2.35 6.13 5.91 3.65 5.20 5.32 5.26 4.89 4.23 4.60 4.53 2.85 1.97 2.19 5.55 7.08 7.96 6.86 5.26 4.11 6.49 5.04 5.63 3.94 4.02 3.94 5.47 5.73 0.00 0.00 0.00 0.00 0.00 0.00 0.00 0.00 0.00 0.00 0.00 0.00 0.00 0.00 6.40 14.47 7.07 6.78 4.67 4.67 4.52 7.19 4.08 5.21 6.08 1.53 4.16 7.26 8.17 2.02 1.71 0.00 0.00 0.00 0.00
0.00 0.00 0.00 0.00 0.00 0.00 0.00 0.00 0.00 0.00 0.00 0.00 0.00 0.00 0.00 0.00 0.00 0.00 0.00 0.00 0.00 0.00 2.92 3.07 6.20 3.74 4.10 3.43 4.89 5.99 4.82 5.33 4.74 2.56 1.53 3.78 4.23 6.57 4.82 2.12 0.00 0.00 0.00 0.00 2.16 2.54 2.71 3.31 6.15 0.00 0.00 0.00 0.00 0.00 0.00 0.00 0.00 0.00 0.00 0.00 0.00 0.00 0.00 0.00 6.69 0.00 0.00 0.00 0.00 0.00 0.00 0.00 0.00 0.00 0.00 0.00 3.89 0.00 0.00 1.08 0.00 0.00 0.00 0.00
0.00 0.00 0.00 0.00 0.00 0.00 0.00 0.00 0.00 0.00 0.00 0.00 0.00 0.00 0.00 0.00 0.00 0.00 0.00 0.00 0.00 0.00 0.00 2.12 0.00 0.00 0.00 0.00 4.45 2.48 0.00 2.71 0.18 0.00 0.00 0.00 0.00 0.00 0.00 0.00 0.00 0.00 0.00 0.00 0.00 0.00 0.00 0.00 0.00 0.00 0.00 0.00 0.00 0.00 0.00 0.00 0.00 0.00 0.00 0.00 0.00 0.00 0.00 0.00 0.00 0.00 0.00 0.00 0.00 0.00 0.00 0.00 0.00 0.00 0.00 0.00 0.00 0.00 0.00 0.00 0.00 0.00 0.00 0.00
0.00 0.00 0.00 0.00 0.00 0.00 0.00 0.00 0.00 0.00 0.00 0.00 0.00 0.00 0.00 0.00 0.00 0.00 0.00 0.00 0.00 0.00 0.00 0.00 0.00 0.00 0.00 0.00 0.00 0.00 0.00 0.00 0.00 0.00 0.00 0.00 0.00 0.00 0.00 0.00 0.00 0.00 0.00 0.00 0.00 0.00 0.00 0.00 0.00 0.00 0.00 0.00 0.00 0.00 0.00 0.00 0.00 0.00 0.00 0.00 0.00 0.00 0.00 0.00 0.00 0.00 0.00 0.00 0.00 0.00 0.00 0.00 0.00 0.00 0.00 0.00 0.00 0.00 0.00 0.00 0.00 0.00 0.00 0.00
0.00 0.00 0.00 0.00 0.00 0.00 0.00 0.00 0.00 0.00 0.00 0.00 0.00 0.00 0.00 0.00 0.00 0.00 0.00 0.00 0.00 0.00 0.00 0.00 0.00 0.00 0.00 0.00 0.00 0.00 0.00 0.00 0.00 0.00 0.00 0.00 0.00 0.00 0.00 0.00 0.00 0.00 0.00 0.00 0.00 0.00 0.00 0.00 0.00 0.00 0.00 0.00 0.00 0.00 0.00 0.00 0.00 0.00 0.00 0.00 0.00 0.00 0.00 0.00 0.00 0.00 0.00 0.00 0.00 0.00 0.00 0.00 0.00 0.00 0.00 0.00 0.00 0.00 0.00 0.00 0.00 0.00 0.00 0.00
0.00 0.00 0.00 0.00 0.00 0.00 0.00 0.00 0.00 0.00 0.00 0.00 0.00 0.00 0.00 0.00 0.00 0.00 0.00 0.00 0.00 0.00 0.00 0.00 0.00 0.00 0.00 0.00 0.00 0.00 0.00 0.00 0.00 0.00 0.00 0.00 0.00 0.00 0.00 0.00 0.00 0.00 0.00 0.00 0.00 0.00 0.00 0.00 0.00 0.00 0.00 0.00 0.00 0.00 0.00 0.00 0.00 0.00 0.00 0.00 0.00 0.00 0.00 0.00 0.00 0.00 0.00 0.00 0.00 0.00 0.00 0.00 0.00 0.00 0.00 0.00 0.00 0.00 0.00 0.00 0.00 0.00 0.00 0.00
