Wansh/Snow_depth/snowdepth-1992/winter/1992336.txt
ncols 321
nrows 161
xllcenter 60
yllcenter 15 
cellsize  0.25 
NODATA_value -1
[rows 0 to 37 of 161, columns 84 to 167 of 321]
7.88 9.13 7.30 9.56 8.25 8.40 4.31 2.99 3.43 5.04 7.30 7.81 8.54 8.54 8.10 8.91 10.66 11.90 11.90 11.68 11.75 11.68 11.39 10.00 5.55 2.26 0.88 0.88 0.22 0.00 0.00 1.02 0.80 2.19 3.65 3.43 3.07 0.00 3.65 0.00 0.00 0.00 1.83 1.83 2.12 1.10 0.00 0.00 0.73 2.41 1.46 3.65 2.70 2.99 2.92 4.60 3.94 3.21 4.89 4.45 1.90 1.97 1.75 2.04 2.04 1.97 1.31 1.17 1.17 1.10 1.83 2.26 1.97 2.19 1.17 1.31 2.77 2.77 3.21 3.36 2.41 3.07 2.92 0.58
5.48 5.84 6.13 5.18 5.04 3.50 4.16 0.00 6.57 4.31 6.94 7.08 7.23 5.62 6.79 6.72 8.25 6.50 6.50 9.64 12.05 13.43 12.41 12.85 7.45 4.23 4.38 1.68 0.58 0.00 0.29 0.15 0.88 0.95 1.46 2.41 2.70 3.72 0.00 0.00 0.00 1.53 0.80 0.80 3.21 2.19 1.31 1.68 0.29 0.51 0.37 2.04 0.44 1.46 1.39 2.19 3.14 3.21 3.21 3.36 2.63 1.61 2.70 1.90 2.19 2.63 1.46 3.14 3.14 2.26 2.41 1.90 1.97 2.19 1.39 1.39 1.61 1.61 1.10 2.34 2.34 1.75 1.97 2.04
5.11 3.50 3.80 0.00 3.80 3.21 5.33 8.10 7.88 7.37 7.23 7.45 5.62 5.91 4.89 4.74 4.31 6.50 6.50 5.99 8.03 9.05 8.47 11.17 10.66 5.69 3.07 3.50 0.88 0.88 0.80 0.29 0.44 0.44 1.02 0.73 1.83 2.85 2.48 1.90 0.00 0.00 0.00 0.00 1.53 0.95 2.04 2.63 1.46 1.10 0.22 0.22 0.44 0.22 2.12 2.63 3.14 3.72 3.50 4.02 3.50 4.67 5.04 4.45 5.99 5.40 5.77 4.45 4.45 2.99 3.65 4.45 1.53 1.17 1.10 1.24 1.24 0.66 0.73 1.02 1.61 1.53 2.04 1.46
5.11 3.50 3.80 0.00 3.80 3.21 5.33 8.10 7.88 7.37 7.23 7.45 5.62 5.91 4.89 4.74 4.31 6.50 6.50 5.99 8.03 9.05 8.47 11.17 10.66 5.69 3.07 3.50 0.88 0.88 0.80 0.29 0.44 0.44 1.02 0.73 1.83 2.85 2.48 1.90 0.00 0.00 0.00 0.00 1.53 0.95 2.04 2.63 1.46 1.10 0.22 0.22 0.44 0.22 2.12 2.63 3.14 3.72 3.50 4.02 3.50 4.67 5.04 4.45 5.99 5.40 5.77 4.45 4.45 2.99 3.65 4.45 1.53 1.17 1.10 1.24 1.24 0.66 0.73 1.02 1.61 1.53 2.04 1.46
2.99 2.77 3.07 3.07 4.38 5.40 5.11 5.26 7.08 7.08 6.64 6.86 6.50 6.28 6.06 6.79 6.20 6.35 6.35 4.74 3.65 4.96 8.47 7.81 9.78 7.01 8.18 3.21 1.31 1.31 0.44 0.80 1.17 1.31 0.95 1.83 0.73 1.46 0.51 0.37 1.17 0.00 0.00 0.00 0.00 3.72 3.21 3.43 2.77 3.72 0.73 1.24 0.95 0.44 1.10 1.61 1.02 2.26 2.63 4.31 6.28 7.45 6.94 8.61 9.34 8.76 8.03 11.24 11.24 8.25 5.04 5.84 3.14 3.50 1.31 2.04 1.02 1.24 1.17 1.17 1.17 1.68 1.53 1.75
2.77 2.99 4.23 5.62 5.40 6.06 4.60 4.67 5.99 6.64 6.13 6.57 6.42 8.03 8.54 8.32 8.40 7.45 7.45 7.81 6.13 3.87 3.87 4.38 7.23 7.81 4.23 4.89 2.26 0.80 1.10 0.51 1.90 1.75 1.61 0.95 1.24 0.00 0.15 0.00 0.22 0.00 0.00 0.00 3.36 6.06 8.25 7.74 5.77 5.48 2.70 3.72 1.68 0.95 1.46 1.31 1.17 2.04 2.41 3.72 4.53 7.01 6.06 8.91 11.10 13.21 11.17 11.90 11.90 9.20 8.47 6.42 4.89 4.53 7.30 4.31 4.82 1.68 2.56 0.73 0.73 1.31 0.44 0.51
2.85 6.13 5.55 5.91 7.01 7.15 8.18 7.96 7.74 7.52 7.08 7.52 7.15 7.30 7.74 10.22 9.86 10.51 10.51 9.56 10.07 6.20 4.38 4.45 5.04 3.14 3.58 1.53 1.10 0.88 1.24 0.80 0.80 0.66 1.24 1.02 0.37 0.00 0.00 0.00 0.00 0.00 1.68 1.68 5.91 4.74 5.62 8.61 6.57 7.15 5.26 2.85 1.24 1.02 1.46 1.17 1.83 2.48 3.07 1.83 2.99 4.82 8.54 11.17 10.44 12.85 10.59 11.10 11.10 9.71 10.07 7.59 9.78 9.27 9.42 6.94 7.88 3.94 4.09 5.48 1.97 2.56 0.51 0.88
2.85 6.13 5.55 5.91 7.01 7.15 8.18 7.96 7.74 7.52 7.08 7.52 7.15 7.30 7.74 10.22 9.86 10.51 10.51 9.56 10.07 6.20 4.38 4.45 5.04 3.14 3.58 1.53 1.10 0.88 1.24 0.80 0.80 0.66 1.24 1.02 0.37 0.00 0.00 0.00 0.00 0.00 1.68 1.68 5.91 4.74 5.62 8.61 6.57 7.15 5.26 2.85 1.24 1.02 1.46 1.17 1.83 2.48 3.07 1.83 2.99 4.82 8.54 11.17 10.44 12.85 10.59 11.10 11.10 9.71 10.07 7.59 9.78 9.27 9.42 6.94 7.88 3.94 4.09 5.48 1.97 2.56 0.51 0.88
5.18 5.84 7.23 6.64 7.37 7.96 8.10 7.59 9.86 8.47 7.74 5.26 6.13 6.64 10.22 9.86 10.59 10.73 10.73 11.39 13.14 12.78 10.95 6.13 4.96 2.41 1.75 1.75 1.39 1.46 1.31 0.95 0.73 0.73 1.46 1.31 1.61 0.51 0.58 0.00 0.07 0.22 0.80 0.80 0.73 3.21 2.41 2.85 3.21 3.07 3.07 3.07 1.53 1.83 2.70 2.19 0.95 2.41 2.12 2.85 2.41 3.94 5.18 2.92 6.06 8.10 7.37 10.15 10.15 5.69 7.52 7.15 9.13 10.59 10.07 10.37 9.20 10.51 8.32 7.81 9.49 2.48 4.02 1.24
3.36 3.07 6.57 7.08 6.50 6.28 7.74 7.45 9.34 9.05 9.42 6.42 6.28 5.62 6.86 6.64 6.72 10.37 10.37 12.99 12.19 12.63 7.37 8.54 3.50 2.34 2.19 1.53 1.68 1.53 1.53 1.46 1.39 1.90 2.70 2.63 2.56 1.75 1.97 1.17 0.51 1.83 0.58 0.58 1.53 1.31 2.56 2.19 1.97 2.19 2.70 3.65 4.23 4.02 2.92 3.50 2.56 1.90 2.85 3.14 2.26 2.19 2.12 2.26 3.72 3.50 5.40 5.33 5.33 5.04 7.52 11.02 11.61 11.53 11.32 14.16 12.85 11.46 17.37 11.46 13.36 4.96 2.99 1.24
0.00 0.88 0.00 5.04 5.62 5.91 5.11 3.65 7.74 8.10 0.00 3.14 0.00 4.09 3.80 0.00 8.03 6.79 6.79 12.41 13.29 13.36 9.49 4.31 5.04 2.77 2.26 2.34 1.61 1.46 1.53 1.53 1.90 1.68 2.41 2.63 3.50 2.63 3.07 3.14 2.48 2.70 2.41 2.41 2.92 1.83 2.04 1.61 2.77 3.29 3.72 3.50 3.50 3.65 2.99 4.82 3.07 4.38 3.94 4.60 3.72 2.70 3.36 2.92 2.92 3.36 6.06 8.18 8.18 10.44 10.07 12.12 14.97 17.37 17.01 17.67 21.90 18.69 18.40 19.27 12.34 13.72 6.42 5.62
0.00 0.88 0.00 5.04 5.62 5.91 5.11 3.65 7.74 8.10 0.00 3.14 0.00 4.09 3.80 0.00 8.03 6.79 6.79 12.41 13.29 13.36 9.49 4.31 5.04 2.77 2.26 2.34 1.61 1.46 1.53 1.53 1.90 1.68 2.41 2.63 3.50 2.63 3.07 3.14 2.48 2.70 2.41 2.41 2.92 1.83 2.04 1.61 2.77 3.29 3.72 3.50 3.50 3.65 2.99 4.82 3.07 4.38 3.94 4.60 3.72 2.70 3.36 2.92 2.92 3.36 6.06 8.18 8.18 10.44 10.07 12.12 14.97 17.37 17.01 17.67 21.90 18.69 18.40 19.27 12.34 13.72 6.42 5.62
0.00 0.00 0.00 0.00 0.00 2.26 0.00 0.00 0.00 0.00 0.00 0.00 0.00 0.00 0.00 0.00 5.55 10.80 10.80 9.86 12.48 9.42 10.59 5.33 3.87 2.12 2.56 1.46 1.83 1.75 2.99 3.43 3.36 2.99 3.43 3.43 4.45 3.87 4.38 3.72 4.53 4.09 3.36 3.36 3.72 2.85 1.97 2.26 3.29 3.58 4.53 4.53 3.72 3.80 4.60 3.65 5.33 7.01 5.77 6.35 6.28 5.18 4.23 3.94 5.40 4.89 4.96 6.86 6.86 9.64 10.88 14.82 13.65 17.67 20.08 19.49 22.56 21.24 20.44 20.29 13.87 10.88 12.12 9.42
0.00 0.00 0.00 0.00 0.00 0.00 0.00 0.00 0.00 0.00 0.00 0.00 0.00 3.29 0.00 5.04 5.84 5.77 5.77 5.69 4.23 6.64 4.38 4.38 3.87 1.61 1.10 1.02 1.83 3.14 2.99 3.80 4.16 4.45 3.72 5.33 5.33 4.82 5.26 4.67 4.16 5.55 5.69 5.69 4.45 3.21 3.21 3.21 3.07 2.85 3.21 2.34 3.29 4.09 2.34 3.07 4.09 5.84 5.11 4.96 4.67 4.89 5.40 5.33 6.50 7.08 6.13 8.69 8.69 8.18 11.10 13.80 13.51 12.78 17.01 15.70 19.35 20.29 15.04 4.23 5.33 10.44 7.52 6.35
0.00 0.00 0.00 0.00 0.00 0.00 0.00 0.00 0.00 0.00 0.00 1.97 2.12 2.70 5.04 4.96 4.96 4.53 4.53 4.67 3.14 2.19 2.12 3.87 3.50 2.92 2.92 2.77 4.45 4.23 5.91 8.03 7.37 6.42 5.04 5.26 5.11 4.09 4.45 5.77 5.33 5.33 5.40 5.40 6.79 5.04 5.40 4.53 4.02 3.94 5.11 3.14 3.14 2.92 2.48 3.80 4.67 5.26 4.96 3.50 1.46 2.85 3.87 3.50 5.55 4.02 4.74 6.79 6.79 6.06 9.42 9.78 10.66 10.59 12.99 14.38 14.60 16.35 0.00 0.00 7.81 5.04 4.09 8.98
0.00 0.00 0.00 0.00 0.00 0.00 0.00 0.00 0.00 2.04 0.00 3.21 2.92 3.07 3.21 0.00 0.00 3.65 3.65 3.07 3.14 2.34 2.92 2.48 4.31 3.87 2.99 3.07 3.94 5.69 5.26 7.30 8.47 8.83 6.86 7.01 4.23 4.31 4.02 5.40 7.59 6.79 7.59 7.59 5.48 3.14 6.20 5.40 4.60 6.28 5.18 3.72 5.11 5.04 4.53 4.74 5.26 2.85 1.83 1.97 0.95 1.61 4.16 3.07 3.29 3.21 4.53 5.69 5.69 9.13 10.29 9.86 11.75 12.12 11.75 14.09 14.24 0.00 0.00 0.00 5.84 8.54 0.00 8.40
0.00 0.00 0.00 0.00 0.00 0.00 0.00 0.00 0.00 2.04 0.00 3.21 2.92 3.07 3.21 0.00 0.00 3.65 3.65 3.07 3.14 2.34 2.92 2.48 4.31 3.87 2.99 3.07 3.94 5.69 5.26 7.30 8.47 8.83 6.86 7.01 4.23 4.31 4.02 5.40 7.59 6.79 7.59 7.59 5.48 3.14 6.20 5.40 4.60 6.28 5.18 3.72 5.11 5.04 4.53 4.74 5.26 2.85 1.83 1.97 0.95 1.61 4.16 3.07 3.29 3.21 4.53 5.69 5.69 9.13 10.29 9.86 11.75 12.12 11.75 14.09 14.24 0.00 0.00 0.00 5.84 8.54 0.00 8.40
0.00 0.00 0.00 0.00 0.00 0.00 0.00 0.00 0.00 1.17 2.63 4.38 4.60 4.09 4.23 3.36 3.50 3.21 3.21 3.87 3.07 2.26 2.34 2.12 3.07 3.87 3.87 2.99 3.36 3.21 4.38 7.37 8.18 9.93 7.30 5.91 6.72 6.72 7.23 7.66 7.15 6.20 6.06 6.06 4.02 2.85 0.00 1.68 0.00 6.50 0.00 2.63 1.61 4.74 4.82 5.69 3.65 3.36 1.68 4.89 6.42 5.84 6.64 5.04 6.79 4.74 5.26 4.96 4.96 8.76 11.17 12.34 12.26 13.36 15.99 13.36 16.21 0.00 0.00 2.41 1.53 0.00 4.23 4.53
0.00 0.00 0.00 0.00 0.00 0.00 0.00 0.00 0.00 0.00 0.00 4.74 5.99 5.99 6.13 4.96 3.94 4.53 4.53 3.87 4.02 3.29 2.12 2.48 1.46 3.50 3.14 3.21 2.92 3.36 3.36 5.33 7.74 8.98 6.20 6.79 6.13 6.13 5.04 6.50 6.72 5.69 4.02 4.02 0.00 0.00 0.00 0.00 0.00 0.00 0.00 0.00 0.66 1.02 1.02 3.87 2.99 2.85 5.04 6.28 8.61 9.93 11.32 11.90 9.93 6.35 6.20 9.42 9.42 9.05 10.66 12.41 12.48 11.90 14.45 10.80 10.22 9.42 0.00 4.16 5.04 1.17 4.31 5.69
0.00 0.00 0.00 0.00 0.00 0.00 0.00 0.00 0.00 1.61 4.60 4.45 5.40 5.55 5.69 5.33 5.33 5.33 5.33 5.33 5.55 4.82 4.96 5.40 5.69 3.80 6.28 5.55 3.58 4.31 2.63 4.82 8.25 7.74 8.25 4.16 1.75 2.19 2.19 2.85 3.58 2.77 2.34 2.34 2.19 0.00 0.00 0.00 0.00 0.00 0.00 0.00 0.00 0.00 2.04 2.99 4.09 3.80 5.04 6.35 5.69 7.81 11.17 10.66 11.02 10.29 10.00 9.71 9.71 9.56 8.40 8.47 9.42 9.71 10.00 11.02 7.01 6.79 6.86 5.77 5.40 3.72 5.11 5.91
0.00 0.00 0.00 0.00 0.00 0.00 0.00 0.00 1.68 1.46 1.75 2.26 3.87 5.33 4.74 4.82 5.69 6.13 6.13 6.57 6.42 6.64 7.37 7.30 7.30 7.66 7.01 7.37 4.53 2.56 2.99 2.70 1.17 4.16 3.87 5.11 1.61 0.00 0.00 3.94 5.11 3.50 3.36 3.36 0.95 1.97 0.00 0.00 0.00 2.63 3.80 3.43 2.70 5.91 2.77 6.28 6.50 7.30 5.48 4.16 4.31 5.55 7.45 7.81 10.66 10.66 10.51 11.10 11.10 9.78 7.81 7.96 8.10 8.32 6.20 6.06 6.28 5.69 5.48 5.18 4.23 4.82 4.45 5.40
0.00 0.00 0.00 0.00 0.00 0.00 0.00 0.00 1.83 2.19 2.41 1.31 2.48 4.16 3.50 5.40 5.48 5.18 5.18 6.79 7.37 7.74 8.69 9.64 12.12 9.93 11.61 8.91 6.64 7.15 2.99 0.58 1.17 0.51 2.77 0.58 0.00 0.00 0.00 1.90 2.92 5.77 1.97 1.97 1.39 0.00 0.00 0.00 0.00 2.63 0.00 0.00 2.85 0.00 6.79 8.54 5.69 4.53 3.65 2.85 2.48 5.26 4.67 6.79 9.93 10.95 11.24 11.17 11.17 10.29 12.26 9.20 7.30 7.37 6.79 5.77 4.38 4.67 4.38 2.34 3.43 1.10 1.39 1.46
0.00 0.00 0.00 0.00 0.00 0.00 0.00 0.00 1.83 2.19 2.41 1.31 2.48 4.16 3.50 5.40 5.48 5.18 5.18 6.79 7.37 7.74 8.69 9.64 12.12 9.93 11.61 8.91 6.64 7.15 2.99 0.58 1.17 0.51 2.77 0.58 0.00 0.00 0.00 1.90 2.92 5.77 1.97 1.97 1.39 0.00 0.00 0.00 0.00 2.63 0.00 0.00 2.85 0.00 6.79 8.54 5.69 4.53 3.65 2.85 2.48 5.26 4.67 6.79 9.93 10.95 11.24 11.17 11.17 10.29 12.26 9.20 7.30 7.37 6.79 5.77 4.38 4.67 4.38 2.34 3.43 1.10 1.39 1.46
0.07 0.15 0.00 0.00 0.00 0.00 0.37 1.17 1.39 1.61 0.58 1.10 1.02 3.80 5.33 4.96 5.77 5.99 5.99 6.28 5.69 7.88 9.64 9.56 10.80 12.19 10.07 10.73 7.66 4.89 4.09 2.04 2.41 0.22 0.00 0.00 0.00 0.00 0.00 0.00 0.51 1.39 0.00 0.00 0.00 0.00 0.00 0.00 0.00 0.00 0.00 0.00 0.00 0.00 0.00 4.23 2.92 3.80 1.31 1.97 4.38 6.13 5.62 10.22 10.51 10.88 12.12 14.02 14.02 13.94 14.24 12.19 10.80 8.03 7.88 6.94 3.58 2.34 3.21 1.75 0.80 0.51 1.24 1.24
0.58 0.95 0.58 1.61 0.00 0.00 0.00 0.22 0.00 0.00 0.00 0.00 0.00 1.39 4.23 5.91 5.26 6.42 6.42 5.55 7.37 6.86 9.20 10.13 9.98 12.74 11.65 13.58 13.29 13.58 8.10 3.36 1.83 1.46 0.00 0.00 0.00 0.00 0.22 0.15 0.07 0.07 0.00 0.00 0.00 0.00 0.00 0.00 0.00 0.00 0.00 0.00 0.00 0.00 0.00 0.00 0.00 0.00 0.00 0.00 3.29 8.03 9.42 11.32 11.32 11.17 11.61 13.65 13.65 14.89 13.43 13.65 11.61 8.61 5.33 5.91 3.50 2.48 2.63 1.46 0.29 1.24 3.50 3.58
1.17 2.12 2.12 0.51 1.02 0.00 0.00 0.00 0.00 0.00 0.00 0.00 0.00 0.00 0.00 0.37 2.92 2.70 2.70 2.92 2.41 4.60 6.64 6.49 10.19 11.47 14.21 13.02 15.04 10.95 9.78 6.28 6.35 3.65 0.37 1.10 0.29 0.66 0.51 0.22 0.51 0.00 0.00 0.00 0.00 0.00 0.00 0.00 0.00 0.00 0.00 0.00 0.00 0.00 0.00 0.00 0.00 0.00 0.00 0.00 6.06 4.74 8.40 9.78 11.90 12.12 11.75 13.21 13.21 16.35 13.14 12.12 9.34 9.93 5.33 5.26 5.33 2.70 3.43 2.63 3.14 2.99 4.23 7.08
0.88 0.51 2.77 0.88 0.00 0.00 0.00 0.00 0.00 0.00 0.00 0.00 0.00 0.00 0.00 0.00 0.00 0.00 0.00 0.44 0.58 1.19 4.06 6.47 5.60 8.55 12.82 11.28 15.73 15.94 15.91 8.98 6.72 9.56 4.16 5.11 1.83 2.77 0.80 0.66 0.88 0.00 0.00 0.00 0.00 0.00 0.00 0.00 0.00 0.00 0.00 0.00 0.00 0.00 0.00 0.00 0.00 0.00 0.00 0.00 5.04 4.16 11.90 11.53 13.07 13.94 18.03 17.67 17.67 18.03 14.89 14.02 10.95 9.20 10.37 6.64 5.77 4.16 4.02 2.26 3.80 4.82 5.48 5.91
0.00 0.00 0.00 0.00 0.00 0.00 0.00 0.00 0.00 0.00 0.00 0.00 0.00 0.00 0.00 0.00 0.00 0.00 0.00 0.00 0.00 0.00 0.00 2.48 0.00 1.24 3.46 5.24 11.52 16.15 13.57 12.34 13.36 13.94 11.24 12.63 5.91 5.91 1.24 0.80 0.00 0.00 0.00 0.00 0.00 0.00 0.00 0.00 0.00 0.00 0.00 0.00 0.00 0.00 0.00 0.00 0.00 0.00 0.00 0.00 7.37 11.68 14.31 15.04 14.24 18.47 18.69 16.72 16.72 15.70 13.94 14.24 11.97 10.00 10.44 7.30 5.91 6.94 7.23 2.92 3.07 5.91 5.55 5.04
0.00 0.00 0.00 0.00 0.00 0.00 0.00 0.00 0.00 0.00 0.00 0.00 0.00 0.00 0.00 0.00 0.00 0.00 0.00 0.00 0.00 0.00 0.00 2.55 0.00 1.24 3.36 4.87 10.77 16.40 13.71 12.85 15.01 14.75 11.53 12.63 5.91 5.91 1.24 0.80 0.00 0.00 0.00 0.00 0.00 0.00 0.00 0.00 0.00 0.00 0.00 0.00 0.00 0.00 0.00 0.00 0.00 0.00 0.00 0.00 7.37 11.68 14.31 15.04 14.24 18.47 18.69 16.72 16.72 15.70 13.94 14.24 11.97 10.00 10.44 7.30 5.91 6.94 7.23 2.92 3.07 5.91 5.55 5.04
0.00 0.00 0.00 0.00 0.00 0.00 0.00 0.00 0.00 0.00 0.00 0.00 0.00 0.00 0.00 0.00 0.00 0.58 0.58 0.00 0.00 0.00 0.00 0.00 0.00 0.00 1.03 0.00 2.70 6.24 8.55 10.52 9.17 14.51 14.75 14.52 9.81 3.21 3.72 1.17 0.15 0.22 0.00 0.00 0.00 0.00 0.00 0.00 0.00 0.00 0.00 0.00 0.00 0.00 0.00 0.00 0.00 0.00 0.00 6.72 5.48 10.88 14.53 17.30 20.51 20.00 20.22 19.42 19.42 15.48 14.16 12.05 11.97 9.34 8.76 7.01 7.23 6.57 8.98 7.74 6.28 4.09 4.89 3.72
0.00 0.00 0.00 0.58 0.29 0.00 0.00 0.58 0.00 0.58 0.00 0.00 0.00 0.00 0.00 0.00 0.00 1.75 1.75 0.59 0.00 0.00 0.00 0.00 0.00 0.00 0.00 0.00 0.00 3.83 2.26 5.04 7.96 7.82 13.38 13.57 14.75 15.33 8.61 6.72 4.16 2.85 1.02 1.02 1.90 0.00 0.00 0.00 0.00 0.00 0.00 0.00 0.00 0.00 0.00 0.00 0.00 0.00 3.65 6.20 5.33 8.54 11.53 15.26 21.32 20.44 18.91 19.49 19.49 17.30 15.40 11.68 11.10 12.05 9.49 8.83 7.01 6.57 6.94 7.30 5.77 5.84 9.49 7.45
0.00 0.00 0.00 0.00 0.00 0.00 0.00 0.00 0.00 0.00 1.17 0.44 0.00 0.00 0.00 0.37 2.56 1.75 1.75 2.26 0.51 0.00 0.00 0.00 0.00 0.00 0.00 0.00 0.00 0.00 0.00 2.41 2.41 5.18 10.53 9.33 16.69 14.38 12.05 13.94 4.02 5.91 2.92 2.92 1.39 1.68 0.00 0.22 0.00 0.00 0.00 0.00 0.00 0.00 0.00 0.00 0.00 3.65 5.91 6.94 8.76 11.97 17.01 15.70 17.08 18.98 18.98 15.33 15.33 14.67 15.55 12.41 12.78 10.66 10.37 11.02 11.61 9.93 6.86 6.86 10.59 12.19 11.53 10.88
0.00 0.00 0.00 0.00 0.00 0.00 0.00 0.00 0.00 0.00 0.00 0.00 0.00 0.07 0.73 0.80 0.88 0.88 0.88 0.00 0.00 0.00 0.00 0.00 0.00 0.00 0.00 0.00 0.00 0.00 0.00 0.00 2.92 2.48 5.62 5.11 8.60 9.46 11.77 11.87 11.90 8.61 8.98 8.98 7.15 3.58 1.97 2.85 0.51 0.73 0.66 0.00 0.00 0.00 0.00 0.00 1.68 4.31 6.64 7.15 8.54 10.44 9.49 12.26 11.75 15.77 10.88 13.07 13.07 12.99 11.32 10.95 12.26 11.53 12.48 12.34 11.97 11.17 8.40 12.99 13.07 12.63 12.05 10.66
0.00 0.00 0.00 0.00 0.00 0.00 0.00 0.00 0.00 0.00 0.00 0.00 0.00 0.00 0.66 0.00 0.00 0.00 0.00 0.00 0.00 0.00 0.00 0.00 0.00 0.00 0.00 0.00 0.00 0.00 0.00 0.00 0.00 0.00 1.61 2.48 5.62 6.28 9.49 12.35 10.42 7.81 9.13 9.13 8.98 7.23 5.55 3.80 2.26 1.97 1.53 0.00 0.00 0.00 0.00 3.50 3.36 4.16 5.40 4.67 6.94 7.08 7.52 8.25 5.99 8.25 7.66 10.95 10.95 6.06 8.18 4.96 9.34 9.56 7.08 10.51 10.15 12.26 11.90 12.19 12.56 12.34 9.86 7.37
0.00 0.00 0.00 0.00 0.00 0.00 0.00 0.00 0.00 0.00 0.00 0.00 0.00 1.10 0.00 0.44 0.00 0.00 0.00 0.00 0.00 0.00 0.00 0.00 0.00 0.00 0.00 0.00 0.00 0.00 0.00 0.00 0.00 0.00 2.12 1.83 2.77 3.61 5.99 4.74 4.42 6.50 5.84 5.84 7.37 4.67 4.60 4.02 4.16 4.16 3.72 2.19 0.00 0.00 0.00 0.00 0.00 0.00 2.63 5.40 7.30 6.79 7.88 6.79 4.60 5.18 2.34 4.23 4.23 3.58 5.77 3.07 4.89 4.45 3.94 7.88 8.83 11.32 9.20 10.51 8.98 9.64 8.83 6.72
0.00 0.00 0.00 0.00 0.00 0.00 0.00 0.00 0.00 0.00 0.00 0.00 0.00 1.10 0.00 0.44 0.00 0.00 0.00 0.00 0.00 0.00 0.00 0.00 0.00 0.00 0.00 0.00 0.00 0.00 0.00 0.00 0.00 0.00 2.13 1.83 2.77 3.59 6.05 4.74 4.38 6.50 5.84 5.84 7.37 4.67 4.60 4.02 4.16 4.16 3.72 2.19 0.00 0.00 0.00 0.00 0.00 0.00 2.63 5.40 7.30 6.79 7.88 6.79 4.60 5.18 2.34 4.23 4.23 3.58 5.77 3.07 4.89 4.45 3.94 7.88 8.83 11.32 9.20 10.51 8.98 9.64 8.83 6.72
0.00 0.00 0.00 0.00 0.00 0.00 0.00 0.00 0.00 0.00 0.00 0.00 0.00 0.00 0.00 0.00 0.00 0.00 0.00 0.00 0.00 0.00 0.00 0.00 0.00 0.00 0.00 0.00 0.00 0.00 0.00 0.00 0.00 0.00 0.00 0.00 2.99 0.00 1.54 1.39 1.39 2.26 0.00 0.00 0.00 2.04 0.00 3.72 0.00 3.43 3.94 3.50 0.00 0.00 0.00 0.00 0.00 3.58 4.31 5.84 7.81 6.86 4.38 4.82 3.80 0.00 0.00 0.00 0.00 0.00 0.00 0.00 0.00 0.00 2.63 0.00 6.06 8.47 8.25 8.18 8.76 8.61 7.88 5.77
0.00 0.00 2.77 0.00 0.00 0.00 0.00 0.22 0.00 0.00 0.00 0.00 0.00 0.00 0.00 0.00 0.00 0.00 0.00 0.00 0.00 0.00 0.00 0.00 0.00 0.00 0.00 0.00 0.00 0.00 0.00 0.00 0.00 0.00 0.00 0.00 0.00 1.02 0.00 0.00 0.00 0.00 0.00 0.00 0.00 0.00 0.00 0.00 0.00 0.00 2.85 3.58 0.00 0.00 0.00 3.29 3.72 3.87 3.50 4.89 6.86 5.04 3.65 0.00 1.39 0.00 0.00 0.00 0.00 0.00 0.00 0.00 0.00 0.00 0.00 0.00 3.21 4.23 4.67 6.20 7.15 7.23 6.94 3.94
