Wansh/Snow_depth/snowdepth-1992/winter/1992355.txt
ncols 321
nrows 161
xllcenter 60
yllcenter 15 
cellsize  0.25 
NODATA_value -1
[rows 0 to 37 of 161, columns 0 to 83 of 321]
1.02 1.02 0.37 2.56 3.94 6.06 6.06 6.06 6.64 8.10 7.52 7.66 9.20 8.69 8.25 9.93 8.61 8.76 9.27 9.34 9.49 8.47 8.47 7.15 7.52 6.42 6.42 5.77 6.20 6.50 9.34 8.98 8.91 10.22 12.19 10.37 10.66 11.68 11.46 10.07 9.86 9.93 8.91 9.42 7.88 8.03 7.01 7.01 7.15 8.54 10.15 10.15 7.15 6.79 6.94 8.61 9.27 9.20 10.37 10.29 10.15 10.59 10.07 10.37 11.10 11.10 10.07 9.42 10.80 8.83 9.86 9.71 10.51 10.51 10.51 9.13 9.13 8.32 8.18 8.83 8.47 8.47 9.34 9.20
4.96 4.96 5.91 5.40 6.13 6.64 7.23 8.03 7.88 7.81 8.40 8.18 9.13 9.86 10.73 10.66 10.51 9.71 10.15 9.86 10.51 10.88 10.59 8.47 8.61 7.30 7.30 6.50 7.30 7.59 7.59 7.88 8.61 11.61 11.61 12.34 12.26 12.63 13.07 12.92 12.19 11.90 10.00 9.86 9.86 9.78 9.56 8.40 9.49 9.34 10.95 10.95 11.10 11.32 9.93 9.20 9.20 9.27 11.10 8.32 7.59 9.42 9.13 9.20 9.20 6.50 5.84 8.25 5.04 4.89 4.67 6.13 7.74 7.45 8.18 7.01 7.01 7.08 6.42 6.86 6.94 7.52 7.81 8.10
5.40 5.40 5.62 6.94 6.72 6.50 6.79 8.25 8.98 9.93 10.37 9.13 9.56 10.95 11.68 10.73 10.80 11.24 9.42 10.07 10.66 9.05 9.34 8.47 10.07 9.64 9.64 9.78 10.22 10.07 7.15 6.28 7.59 8.03 9.27 8.54 8.76 7.96 7.52 8.76 8.61 8.69 11.24 9.93 9.71 9.64 10.29 10.59 10.29 10.59 7.88 7.88 7.88 6.57 9.27 8.18 7.59 7.59 6.50 6.64 6.13 7.01 6.72 7.37 5.99 5.99 4.74 4.60 4.82 3.87 0.00 3.80 3.29 4.60 5.48 4.89 4.89 6.35 6.20 6.13 6.13 6.20 7.45 11.02
5.40 5.40 5.62 6.94 6.72 6.50 6.79 8.25 8.98 9.93 10.37 9.13 9.56 10.95 11.68 10.73 10.80 11.24 9.42 10.07 10.66 9.05 9.34 8.47 10.07 9.64 9.64 9.78 10.22 10.07 7.15 6.28 7.59 8.03 9.27 8.54 8.76 7.96 7.52 8.76 8.61 8.69 11.24 9.93 9.71 9.64 10.29 10.59 10.29 10.59 7.88 7.88 7.88 6.57 9.27 8.18 7.59 7.59 6.50 6.64 6.13 7.01 6.72 7.37 5.99 5.99 4.74 4.60 4.82 3.87 0.00 3.80 3.29 4.60 5.48 4.89 4.89 6.35 6.20 6.13 6.13 6.20 7.45 11.02
7.96 7.96 8.32 8.03 6.94 9.34 10.73 10.37 11.10 11.10 10.88 11.24 11.90 11.53 11.24 11.39 10.51 10.95 9.93 9.64 9.42 9.27 9.78 9.93 10.00 10.95 10.95 10.88 10.29 10.29 10.29 11.61 13.65 12.85 15.04 14.16 7.81 6.72 6.94 7.30 5.55 7.15 7.08 7.30 5.11 6.28 4.31 10.59 10.37 10.88 7.96 7.96 8.61 6.57 7.45 7.52 6.57 5.11 5.26 4.60 4.96 4.96 5.11 4.82 4.82 4.09 4.45 0.00 0.00 0.00 0.00 3.72 3.80 5.11 0.00 5.84 5.84 5.84 5.62 6.72 8.76 7.30 7.88 5.18
10.59 10.59 10.07 10.80 10.00 10.00 12.05 11.46 12.34 12.78 12.05 12.19 11.32 11.90 11.17 11.39 11.39 11.02 10.88 9.78 10.51 10.80 11.32 11.83 11.68 10.51 10.51 10.29 10.51 10.07 11.83 11.17 13.65 15.04 15.04 14.31 12.70 12.99 11.39 11.46 10.37 8.54 8.61 4.60 3.36 0.00 8.03 7.30 5.99 5.77 4.53 4.53 3.80 4.02 0.00 4.89 2.56 3.58 4.16 0.00 0.00 0.00 0.00 0.00 0.00 0.00 0.00 0.00 0.00 0.00 0.00 0.00 0.00 0.00 0.00 3.72 3.72 4.74 4.89 4.23 3.58 4.67 4.53 4.60
10.59 10.59 8.25 8.25 8.83 8.32 9.78 12.05 11.61 12.78 12.05 11.10 11.32 10.88 10.66 11.17 11.17 11.53 12.12 12.34 11.53 11.75 11.53 11.61 11.83 12.05 12.05 10.51 10.44 10.29 11.24 12.99 12.70 12.92 12.26 13.72 12.63 11.32 11.61 9.71 9.93 8.10 6.72 6.86 5.55 4.38 5.91 3.87 3.58 3.72 0.00 0.00 0.00 0.00 0.00 0.00 0.00 0.00 0.00 0.00 0.00 0.00 0.00 0.00 0.00 0.00 0.00 0.00 0.00 0.00 0.00 0.00 0.00 0.00 3.07 0.00 0.00 0.00 3.43 3.80 1.97 3.21 3.14 3.87
10.59 10.59 8.25 8.25 8.83 8.32 9.78 12.05 11.61 12.78 12.05 11.10 11.32 10.88 10.66 11.17 11.17 11.53 12.12 12.34 11.53 11.75 11.53 11.61 11.83 12.05 12.05 10.51 10.44 10.29 11.24 12.99 12.70 12.92 12.26 13.72 12.63 11.32 11.61 9.71 9.93 8.10 6.72 6.86 5.55 4.38 5.91 3.87 3.58 3.72 0.00 0.00 0.00 0.00 0.00 0.00 0.00 0.00 0.00 0.00 0.00 0.00 0.00 0.00 0.00 0.00 0.00 0.00 0.00 0.00 0.00 0.00 0.00 0.00 3.07 0.00 0.00 0.00 3.43 3.80 1.97 3.21 3.14 3.87
8.18 8.18 8.54 6.72 7.45 9.34 9.27 9.64 11.53 12.05 12.19 10.88 10.15 10.80 10.59 11.46 11.02 11.02 11.61 10.80 10.88 12.05 13.36 13.14 12.48 10.88 10.88 11.24 10.44 11.32 10.95 12.19 12.34 12.41 11.17 11.53 11.10 11.97 10.66 11.24 8.40 7.23 5.77 5.18 4.31 4.31 4.16 0.00 0.00 0.00 0.00 0.00 0.00 0.00 0.00 0.00 0.00 0.00 0.00 0.00 0.00 0.00 0.00 0.00 0.00 0.00 0.00 0.00 0.00 0.00 0.00 0.00 0.00 0.00 0.00 0.00 0.00 0.00 0.00 0.00 0.00 3.07 2.19 4.16
8.69 8.69 7.01 7.30 7.30 9.42 9.93 11.10 10.95 9.93 10.00 10.07 10.00 10.66 10.88 11.10 9.05 9.20 9.20 10.00 10.51 9.71 12.56 10.44 10.44 10.80 10.80 10.95 12.12 11.83 11.75 11.90 11.53 9.86 11.10 11.53 12.41 11.83 11.75 10.07 10.44 8.61 7.59 8.83 6.64 6.35 0.00 3.36 0.00 0.00 0.00 0.00 0.00 0.00 0.00 0.00 0.00 0.00 0.00 0.00 0.00 0.00 0.00 0.00 0.00 0.00 0.00 0.00 0.00 0.00 0.00 0.00 0.00 0.00 0.00 0.00 0.00 0.00 0.00 0.00 0.00 0.00 0.00 0.00
8.91 8.91 7.59 6.72 8.03 8.18 8.69 9.49 9.49 10.59 10.59 11.17 11.02 10.88 10.00 8.69 8.69 8.54 8.47 8.32 9.27 9.64 9.56 9.05 9.42 10.00 10.00 9.71 11.97 11.32 11.68 11.39 10.22 10.29 10.22 11.90 11.53 12.41 12.19 13.14 12.92 11.75 9.86 8.25 8.54 7.66 6.94 7.30 4.45 0.00 0.00 0.00 0.00 0.00 0.00 0.00 0.00 0.00 0.00 0.00 0.00 0.00 0.00 0.00 0.00 0.00 0.00 0.00 0.00 0.00 0.00 0.00 0.00 0.00 0.00 0.29 0.29 0.00 0.00 0.00 0.37 0.00 0.00 0.00
8.91 8.91 7.59 6.72 8.03 8.18 8.69 9.49 9.49 10.59 10.59 11.17 11.02 10.88 10.00 8.69 8.69 8.54 8.47 8.32 9.27 9.64 9.56 9.05 9.42 10.00 10.00 9.71 11.97 11.32 11.68 11.39 10.22 10.29 10.22 11.90 11.53 12.41 12.19 13.14 12.92 11.75 9.86 8.25 8.54 7.66 6.94 7.30 4.45 0.00 0.00 0.00 0.00 0.00 0.00 0.00 0.00 0.00 0.00 0.00 0.00 0.00 0.00 0.00 0.00 0.00 0.00 0.00 0.00 0.00 0.00 0.00 0.00 0.00 0.00 0.29 0.29 0.00 0.00 0.00 0.37 0.00 0.00 0.00
7.96 7.96 7.37 5.77 8.32 8.91 8.98 9.34 10.07 11.17 11.17 11.24 11.24 9.86 10.37 7.59 5.62 5.84 7.08 7.81 7.37 8.76 7.96 8.76 8.69 10.00 10.00 9.78 10.00 10.37 8.76 8.98 9.78 9.20 9.20 8.32 10.44 12.26 12.92 12.41 12.48 11.39 10.80 9.93 8.61 8.61 8.25 5.33 6.06 0.00 0.00 0.00 0.00 0.00 0.00 0.00 0.00 0.00 0.00 0.00 0.00 0.00 0.00 0.00 0.00 0.00 0.00 0.00 0.00 0.00 0.00 0.00 0.00 0.00 0.00 0.00 0.00 0.00 0.00 0.29 0.00 0.00 0.00 0.00
7.66 7.66 10.44 10.88 11.02 9.93 8.25 8.54 7.30 6.86 8.83 8.47 6.64 6.94 4.09 4.96 4.96 4.60 4.60 6.28 6.50 7.66 8.32 6.42 7.52 8.10 8.10 8.40 7.30 7.15 8.98 7.37 6.72 4.96 6.72 6.28 8.61 7.96 8.10 7.37 9.86 9.78 10.29 9.20 9.20 7.88 5.55 5.69 0.00 0.00 0.00 0.00 0.00 0.00 0.00 0.00 0.00 0.00 0.00 0.00 0.00 0.00 0.00 0.00 0.00 0.00 0.00 0.00 0.00 0.00 0.00 0.00 0.00 0.00 0.37 0.22 0.22 0.07 0.00 0.00 0.00 0.00 0.00 0.73
10.95 10.95 11.32 11.24 11.97 10.88 9.42 4.60 4.16 4.16 2.56 2.34 2.41 2.48 0.80 4.96 4.23 4.23 4.60 5.48 5.55 6.28 6.50 6.13 6.72 5.04 5.04 7.08 5.91 4.09 4.31 4.09 3.58 3.65 1.90 5.91 5.77 6.57 6.94 6.57 6.28 7.59 8.25 8.98 7.37 7.81 0.00 0.00 0.00 0.00 0.00 0.00 0.00 0.00 0.00 0.00 0.00 0.00 0.00 0.00 0.00 0.00 0.00 0.00 0.00 0.00 0.00 0.00 0.00 0.00 0.00 0.00 0.00 0.00 0.00 0.00 0.00 0.44 0.51 0.00 0.00 0.00 0.00 0.95
10.15 10.15 10.88 10.95 10.88 9.78 7.52 3.50 2.04 2.56 3.50 0.00 1.61 1.10 2.26 0.58 0.00 0.66 2.04 0.00 0.00 6.13 5.91 5.04 5.18 4.16 4.16 4.02 4.45 3.50 1.90 1.90 1.68 0.51 0.51 0.22 0.00 0.00 4.89 5.18 4.96 6.86 6.64 5.84 5.84 0.00 0.00 0.00 0.00 0.00 0.00 0.00 0.00 0.00 0.00 0.00 1.39 0.00 0.00 0.00 0.00 0.00 0.00 0.00 0.00 0.00 0.00 0.00 0.00 0.00 0.00 0.00 0.00 0.00 0.00 0.00 0.00 0.00 0.00 0.00 0.00 0.00 1.90 1.97
10.15 10.15 10.88 10.95 10.88 9.78 7.52 3.50 2.04 2.56 3.50 0.00 1.61 1.10 2.26 0.58 0.00 0.66 2.04 0.00 0.00 6.13 5.91 5.04 5.18 4.16 4.16 4.02 4.45 3.50 1.90 1.90 1.68 0.51 0.51 0.22 0.00 0.00 4.89 5.18 4.96 6.86 6.64 5.84 5.84 0.00 0.00 0.00 0.00 0.00 0.00 0.00 0.00 0.00 0.00 0.00 1.39 0.00 0.00 0.00 0.00 0.00 0.00 0.00 0.00 0.00 0.00 0.00 0.00 0.00 0.00 0.00 0.00 0.00 0.00 0.00 0.00 0.00 0.00 0.00 0.00 0.00 1.90 1.97
9.49 9.49 10.29 8.61 6.86 5.84 5.99 4.23 6.20 4.45 4.67 3.21 2.85 0.00 1.46 1.24 0.95 0.00 0.00 0.00 0.00 5.91 5.84 5.04 4.16 4.16 4.16 3.72 3.58 3.72 1.75 1.53 1.39 1.31 0.00 0.00 0.00 0.00 0.00 0.00 5.33 4.82 5.84 5.26 5.77 5.55 0.00 0.00 0.00 0.00 0.00 0.00 0.00 0.00 0.00 1.83 1.90 0.00 0.00 0.00 0.00 0.00 0.00 0.00 0.00 0.00 0.00 0.00 0.00 0.00 0.00 0.00 0.00 0.00 0.00 0.00 0.00 0.00 0.00 0.00 0.00 0.00 1.31 1.68
9.05 9.05 8.61 8.91 7.81 7.01 6.42 6.50 6.35 4.82 4.89 2.85 2.99 3.36 2.19 2.12 0.44 0.51 0.00 0.00 0.00 0.00 0.00 0.00 0.00 0.00 0.00 0.00 0.00 0.00 0.00 0.00 0.00 0.00 0.95 0.00 0.00 0.00 0.00 1.90 0.66 5.18 6.06 5.18 5.55 0.00 0.00 5.11 0.00 0.00 0.00 0.00 0.00 0.00 0.00 0.00 0.00 0.00 0.00 0.00 0.00 0.00 0.00 0.00 0.00 0.00 0.00 0.00 0.00 0.00 0.00 0.00 0.00 0.00 0.00 0.00 0.00 0.00 0.00 0.00 0.00 0.00 1.61 1.10
9.56 9.56 8.47 8.76 6.72 6.86 6.06 5.91 5.84 5.48 6.35 6.42 3.94 4.89 2.41 4.89 5.40 4.45 5.33 1.24 0.00 0.00 0.00 0.00 0.00 0.00 0.00 0.00 0.00 0.00 0.00 0.00 0.00 0.00 0.95 0.00 0.00 0.00 0.00 2.12 1.02 4.67 5.84 5.62 5.55 0.00 5.48 5.55 5.18 3.87 4.31 4.31 0.00 0.00 0.00 0.00 0.00 0.00 0.00 0.00 0.00 0.00 0.00 0.00 0.00 0.00 0.00 0.00 0.00 0.00 0.00 0.00 0.00 0.00 0.00 0.00 0.00 0.00 0.00 0.00 0.00 0.00 0.00 1.46
10.00 10.00 7.23 8.10 7.45 7.74 6.50 4.60 5.33 2.12 3.50 3.50 3.43 2.92 0.95 3.87 0.00 3.07 3.07 1.53 2.48 4.23 4.02 4.53 1.90 1.17 1.17 1.02 2.99 1.97 2.34 1.24 0.51 0.00 0.00 0.00 1.10 0.00 2.34 2.12 1.75 1.68 2.34 3.36 2.63 0.00 0.00 2.77 3.58 3.58 2.70 2.70 2.99 2.41 1.75 0.00 0.00 0.00 0.00 0.00 0.00 0.00 0.00 0.00 0.00 2.26 2.63 2.63 0.00 0.00 0.00 0.00 0.00 0.00 0.00 0.00 0.00 0.00 0.00 0.00 0.00 0.00 0.00 0.00
6.86 6.86 6.79 6.86 7.30 4.96 4.02 4.60 2.34 0.00 0.00 0.00 0.00 0.00 0.00 0.00 0.00 0.00 1.24 0.88 2.56 4.23 4.89 4.45 4.67 7.23 7.23 6.64 7.96 8.32 3.14 2.77 3.72 3.50 2.19 3.21 3.21 2.48 2.77 2.70 1.97 2.70 2.92 2.92 2.92 2.26 1.39 3.58 3.87 3.36 3.14 3.14 4.16 4.09 4.16 0.00 0.00 0.00 0.00 0.00 0.00 0.00 0.00 0.00 4.38 0.00 4.09 4.31 3.80 0.00 3.80 3.50 0.00 0.00 0.00 0.00 0.00 0.00 0.00 0.00 0.00 0.00 0.00 0.00
6.86 6.86 6.79 6.86 7.30 4.96 4.02 4.60 2.34 0.00 0.00 0.00 0.00 0.00 0.00 0.00 0.00 0.00 1.24 0.88 2.56 4.23 4.89 4.45 4.67 7.23 7.23 6.64 7.96 8.32 3.14 2.77 3.72 3.50 2.19 3.21 3.21 2.48 2.77 2.70 1.97 2.70 2.92 2.92 2.92 2.26 1.39 3.58 3.87 3.36 3.14 3.14 4.16 4.09 4.16 0.00 0.00 0.00 0.00 0.00 0.00 0.00 0.00 0.00 4.38 0.00 4.09 4.31 3.80 0.00 3.80 3.50 0.00 0.00 0.00 0.00 0.00 0.00 0.00 0.00 0.00 0.00 0.00 0.00
6.72 6.72 5.18 5.48 5.26 2.99 1.97 0.95 1.39 0.00 0.00 0.00 0.00 0.00 0.00 0.00 0.00 0.00 0.00 2.26 2.26 0.00 3.94 3.43 3.43 3.58 3.58 7.15 6.72 8.10 9.78 8.40 8.25 8.32 6.57 6.79 5.26 6.06 2.92 3.36 3.29 3.50 3.65 3.07 4.60 3.72 3.80 0.00 0.00 4.23 5.18 5.18 0.00 0.00 4.38 0.00 4.96 5.18 5.40 4.89 4.96 4.45 5.26 4.96 0.00 0.00 5.26 5.33 4.45 3.72 3.80 0.00 0.00 2.12 2.19 0.00 0.00 0.00 1.68 0.80 0.73 0.00 0.00 0.00
4.67 4.67 4.82 3.50 1.61 1.46 1.61 0.00 0.00 0.00 0.00 0.00 0.00 0.00 0.00 0.00 0.00 0.00 0.00 0.00 0.00 0.00 1.53 2.56 3.36 2.70 2.70 4.60 8.40 7.88 9.27 7.96 6.20 8.32 5.77 5.11 5.04 4.96 6.50 5.91 6.13 4.89 0.00 3.94 5.77 6.86 6.57 7.01 5.84 5.48 5.18 5.18 4.67 4.45 5.18 4.67 5.55 5.40 5.62 6.72 6.42 6.13 6.13 5.77 5.18 4.89 5.18 4.96 3.87 4.45 0.00 0.00 3.21 2.34 2.70 3.21 3.21 3.07 3.36 2.19 3.36 0.00 0.00 2.12
3.43 3.43 3.87 0.22 0.80 0.07 0.58 0.00 0.00 0.00 0.00 0.00 0.00 0.00 0.00 0.00 0.00 0.00 0.00 0.00 0.00 2.26 0.00 0.00 2.70 3.43 3.43 2.85 3.94 7.52 6.57 7.01 4.60 4.23 4.31 4.02 4.53 4.45 5.11 6.13 5.11 5.33 5.18 4.82 5.99 5.84 6.50 5.69 5.26 5.48 5.18 5.18 4.74 5.40 5.33 5.33 5.04 5.62 6.35 6.64 6.28 6.06 5.26 5.18 5.11 4.67 4.60 0.00 4.67 4.96 0.00 0.00 0.00 4.67 4.45 3.80 3.80 4.09 3.72 4.16 4.31 2.99 2.04 2.70
0.00 0.00 0.00 0.00 0.00 0.00 0.00 0.00 0.00 0.00 0.00 0.00 0.00 0.00 0.00 0.00 0.00 0.00 0.00 0.00 0.00 0.00 2.85 1.90 2.04 2.70 2.70 4.16 3.72 4.74 4.02 3.58 3.65 3.36 3.58 3.94 3.80 4.38 4.16 5.33 5.18 5.48 5.11 4.96 5.69 5.69 5.55 5.55 5.04 4.89 4.53 4.53 5.33 4.89 5.26 4.74 5.11 5.04 5.48 5.33 4.45 4.60 4.53 4.53 4.74 4.82 4.82 4.82 5.77 4.31 4.53 4.67 4.60 4.89 4.74 4.82 4.82 3.50 3.43 3.50 4.23 3.14 3.14 3.43
0.00 0.00 0.00 0.00 0.00 0.00 0.00 0.00 0.00 0.00 0.00 0.00 0.00 0.00 0.00 0.00 0.00 0.00 0.00 0.00 0.00 0.00 0.73 1.17 2.56 2.04 2.04 4.96 4.31 2.34 2.77 1.24 1.53 1.46 2.77 3.58 3.80 3.50 3.87 0.00 4.31 4.45 4.53 5.48 5.18 3.87 3.87 4.23 4.53 4.45 4.02 4.02 4.96 4.96 4.67 5.40 4.67 0.00 4.82 4.96 4.53 4.53 3.94 0.00 4.31 5.04 5.26 4.96 4.02 5.62 4.60 4.31 4.02 4.02 3.29 3.07 3.07 2.77 3.29 2.63 3.72 4.67 4.45 3.87
0.00 0.00 0.00 0.00 0.00 0.00 0.00 0.00 0.00 0.00 0.00 0.00 0.00 0.00 0.00 0.00 0.00 0.00 0.00 0.00 0.00 0.00 0.73 1.17 2.56 2.04 2.04 4.96 4.31 2.34 2.77 1.24 1.53 1.46 2.77 3.58 3.80 3.50 3.87 0.00 4.31 4.45 4.53 5.48 5.18 3.87 3.87 4.23 4.53 4.45 4.02 4.02 4.96 4.96 4.67 5.40 4.67 0.00 4.82 4.96 4.53 4.53 3.94 0.00 4.31 5.04 5.26 4.96 4.02 5.62 4.60 4.31 4.02 4.02 3.29 3.07 3.07 2.77 3.29 2.63 3.72 4.67 4.45 3.87
0.00 0.00 0.00 0.00 0.00 0.00 0.00 0.00 0.00 0.00 0.00 0.00 0.00 0.00 0.00 0.00 0.00 0.00 0.00 0.00 0.00 0.00 0.22 0.15 2.34 3.50 3.50 3.43 3.58 1.97 0.80 1.24 0.37 1.53 1.97 3.07 2.70 3.50 3.50 2.85 2.85 3.94 3.65 4.60 4.60 3.43 3.58 3.43 4.09 4.23 4.38 4.38 4.60 4.82 5.33 5.04 0.00 0.00 0.00 0.00 4.38 5.04 0.00 3.94 2.85 3.94 5.04 5.11 3.21 3.21 3.14 3.07 2.70 2.19 1.68 1.83 1.83 1.97 0.22 3.87 3.72 3.58 3.58 4.09
0.00 0.00 0.00 0.00 0.00 0.00 0.00 0.00 0.00 0.00 0.00 0.00 0.00 0.00 0.00 0.00 0.00 0.00 0.00 0.00 0.00 0.00 0.00 1.39 1.10 2.26 2.26 1.90 2.04 1.10 1.75 0.73 0.88 0.95 2.41 2.99 2.70 2.41 1.97 2.26 2.26 2.56 3.29 3.14 3.14 3.36 2.99 2.99 3.43 3.72 3.50 3.50 4.67 5.40 5.04 5.33 4.74 2.77 0.00 0.00 0.00 0.00 0.00 1.61 2.04 2.77 4.31 2.48 2.41 2.56 1.90 1.68 1.97 1.46 0.51 0.00 0.00 0.00 0.00 2.92 2.12 0.00 0.00 2.26
0.00 0.00 0.00 0.00 0.00 0.00 0.00 0.00 0.00 0.00 0.00 0.00 0.00 0.00 0.00 0.00 0.00 0.00 0.00 0.00 0.00 0.00 0.00 0.00 1.02 0.80 0.80 1.90 1.90 1.46 1.90 0.95 0.66 1.39 1.17 2.77 2.92 1.61 1.97 1.17 1.02 1.90 1.68 2.48 2.41 2.56 2.77 2.41 3.21 3.43 3.50 3.50 4.38 4.67 4.67 4.31 2.48 0.00 0.00 0.00 0.00 0.00 0.00 0.00 0.00 1.90 1.68 1.83 0.73 0.95 1.10 1.02 1.31 1.24 0.00 0.00 0.00 0.00 0.00 0.37 0.00 0.00 0.00 0.00
0.00 0.00 0.00 0.00 0.00 0.00 0.00 0.00 0.00 0.00 0.00 0.00 0.00 0.00 0.00 0.00 0.00 0.00 0.00 0.00 0.00 0.00 0.00 0.00 0.29 1.17 1.17 1.24 1.83 1.24 0.00 0.00 0.00 1.02 1.17 1.10 1.90 1.10 0.44 0.58 0.66 0.58 1.83 1.83 1.68 1.24 0.00 0.00 0.00 2.41 4.38 4.38 4.09 3.21 3.21 4.09 2.92 0.00 0.00 0.00 0.00 0.00 0.00 0.00 0.00 0.00 2.92 0.00 0.29 0.88 0.22 0.00 0.00 0.00 0.00 0.00 0.00 0.00 0.00 0.00 0.00 0.00 0.00 0.00
0.00 0.00 0.00 0.00 0.00 0.00 0.00 0.00 0.00 0.00 0.00 0.00 0.00 0.00 0.00 0.00 0.00 0.00 0.00 0.00 0.00 0.00 0.22 0.00 0.00 0.22 0.22 1.17 1.24 0.66 0.00 0.00 0.00 0.00 0.00 0.00 0.00 0.00 0.00 0.00 0.00 0.00 0.00 3.58 3.29 3.50 3.29 2.77 3.72 4.38 3.36 3.36 3.65 3.43 1.10 0.00 0.00 0.00 0.00 0.00 0.00 0.00 0.00 0.00 0.00 0.00 0.00 0.00 0.00 0.00 0.00 0.00 0.00 0.00 0.00 0.00 0.00 0.00 0.00 0.00 0.00 1.31 0.00 0.00
0.00 0.00 0.00 0.00 0.00 0.00 0.00 0.00 0.00 0.00 0.00 0.00 0.00 0.00 0.00 0.00 0.00 0.00 0.00 0.07 0.00 0.00 0.00 0.00 0.00 0.00 0.00 0.00 0.00 0.00 0.00 0.00 0.00 0.00 0.00 0.00 0.00 0.00 0.00 0.00 0.00 0.44 2.34 2.12 4.38 5.04 5.18 5.40 4.96 5.26 3.94 3.94 3.07 0.58 0.00 0.00 0.00 0.00 0.00 0.00 0.00 0.00 0.00 0.00 0.58 0.00 0.00 0.00 0.00 0.00 0.00 0.00 0.00 0.00 0.00 0.00 0.00 2.63 0.00 3.72 3.58 3.29 2.77 0.00
0.00 0.00 0.00 0.00 0.00 0.00 0.00 0.00 0.00 0.00 0.00 0.00 0.00 0.00 0.00 0.00 0.00 0.00 0.00 0.07 0.00 0.00 0.00 0.00 0.00 0.00 0.00 0.00 0.00 0.00 0.00 0.00 0.00 0.00 0.00 0.00 0.00 0.00 0.00 0.00 0.00 0.44 2.34 2.12 4.38 5.04 5.18 5.40 4.96 5.26 3.94 3.94 3.07 0.58 0.00 0.00 0.00 0.00 0.00 0.00 0.00 0.00 0.00 0.00 0.58 0.00 0.00 0.00 0.00 0.00 0.00 0.00 0.00 0.00 0.00 0.00 0.00 2.63 0.00 3.72 3.58 3.29 2.77 0.00
0.00 0.00 0.00 0.00 0.00 0.00 0.00 0.00 0.00 0.00 0.00 0.00 0.00 0.00 0.00 0.00 0.00 0.00 0.00 0.00 0.00 0.00 0.00 0.00 0.00 0.00 0.00 0.00 0.00 0.00 0.00 0.00 0.00 0.00 0.00 0.00 0.00 0.00 0.00 0.00 0.00 0.00 1.53 3.14 3.07 4.16 4.89 5.77 6.35 4.74 3.14 3.14 3.80 1.39 0.00 0.00 0.00 0.00 0.00 0.00 0.00 0.73 0.00 1.31 1.17 0.00 0.00 0.00 0.00 0.00 0.00 0.00 0.00 0.58 0.00 1.68 1.68 4.02 4.45 6.57 6.57 6.20 6.28 7.52
0.00 0.00 0.00 0.00 0.00 0.00 0.00 0.00 0.00 0.00 0.00 0.00 0.00 0.00 0.00 0.00 0.00 0.00 0.00 0.00 0.00 0.00 0.00 0.00 0.00 0.00 0.00 0.00 0.00 0.00 0.00 0.00 0.00 0.00 0.00 0.00 0.00 0.00 0.00 0.00 0.00 0.00 0.00 0.00 0.00 1.61 3.29 2.70 5.55 5.84 3.21 3.21 1.31 0.00 0.00 0.00 0.00 0.00 0.00 0.00 0.00 0.00 0.00 0.00 0.00 0.00 0.00 0.00 0.00 0.00 2.77 1.68 1.83 1.83 3.36 2.56 2.56 4.74 5.18 5.40 8.32 8.47 9.42 9.13
