Wansh/Snow_depth/snowdepth-1992/winter/1992338.txt
ncols 321
nrows 161
xllcenter 60
yllcenter 15 
cellsize  0.25 
NODATA_value -1
[rows 0 to 37 of 161, columns 84 to 167 of 321]
10.51 10.66 10.37 10.29 9.34 8.03 8.76 5.69 5.55 6.35 8.03 7.88 8.25 7.74 9.13 11.02 10.15 11.39 11.39 11.32 11.61 11.68 10.44 6.86 8.03 3.58 2.99 1.75 1.75 1.31 1.61 1.39 3.14 4.09 3.80 6.57 6.06 6.13 5.62 0.00 0.00 0.00 0.00 0.00 0.88 0.15 0.00 0.80 0.15 1.75 2.70 2.70 2.19 2.19 3.80 4.23 4.09 2.99 2.63 2.63 1.83 1.75 1.61 0.44 0.44 1.02 1.17 1.17 1.17 1.31 1.53 1.75 1.53 2.04 1.90 2.04 2.19 2.63 2.48 3.21 2.56 2.77 2.48 2.19
7.96 7.59 7.66 7.59 7.52 5.99 5.26 4.60 5.91 7.08 7.96 7.96 8.10 7.74 6.42 4.89 7.37 6.28 6.28 10.44 12.78 11.97 13.51 12.48 7.88 9.42 3.94 2.99 1.10 1.24 1.46 1.31 1.10 2.70 2.56 2.26 4.74 4.89 4.31 0.00 0.88 1.31 1.17 1.17 0.66 1.68 2.34 1.10 0.58 0.44 0.58 1.53 1.68 1.46 2.56 2.34 2.56 2.48 3.21 3.14 3.50 3.29 3.50 1.68 1.61 1.75 1.17 1.53 1.53 1.39 2.04 2.19 2.26 1.75 1.61 1.83 1.53 1.53 1.68 2.04 1.97 2.19 2.34 2.48
7.88 6.79 4.67 4.45 4.16 5.26 7.01 8.83 10.66 10.15 10.15 8.69 7.66 5.77 6.72 4.67 4.89 5.11 5.11 5.91 5.40 10.15 11.97 12.19 10.44 7.59 3.43 3.72 2.70 1.61 1.39 0.80 1.02 0.88 2.19 2.04 2.19 3.50 3.07 3.50 1.75 0.00 0.00 0.00 0.07 0.37 2.77 2.56 1.39 0.15 0.22 0.44 0.80 0.51 2.04 2.99 2.77 3.65 4.23 3.94 4.96 4.82 5.77 5.33 5.55 6.42 5.99 6.28 6.28 4.38 2.12 3.58 2.12 1.24 1.61 1.90 1.75 2.04 1.83 1.53 1.61 2.19 2.34 2.12
7.88 6.79 4.67 4.45 4.16 5.26 7.01 8.83 10.66 10.15 10.15 8.69 7.66 5.77 6.72 4.67 4.89 5.11 5.11 5.91 5.40 10.15 11.97 12.19 10.44 7.59 3.43 3.72 2.70 1.61 1.39 0.80 1.02 0.88 2.19 2.04 2.19 3.50 3.07 3.50 1.75 0.00 0.00 0.00 0.07 0.37 2.77 2.56 1.39 0.15 0.22 0.44 0.80 0.51 2.04 2.99 2.77 3.65 4.23 3.94 4.96 4.82 5.77 5.33 5.55 6.42 5.99 6.28 6.28 4.38 2.12 3.58 2.12 1.24 1.61 1.90 1.75 2.04 1.83 1.53 1.61 2.19 2.34 2.12
4.60 5.11 4.53 5.26 6.57 6.86 7.01 7.52 7.96 8.40 9.13 8.98 8.69 8.47 9.34 6.79 7.74 6.20 6.20 4.23 3.87 4.23 4.96 9.42 8.69 9.27 6.50 3.43 3.87 2.19 1.31 1.39 1.31 1.68 1.39 2.92 2.70 2.56 2.56 1.90 1.97 0.00 0.51 0.51 0.00 3.80 4.38 4.02 3.80 4.96 0.73 1.02 0.95 0.95 0.95 0.95 2.77 2.63 3.58 4.74 4.45 6.86 10.00 9.34 9.13 8.98 8.40 6.28 6.28 6.72 4.31 3.43 3.65 2.56 1.97 2.04 1.97 1.97 2.56 1.46 1.53 2.04 1.46 1.46
6.28 6.20 7.30 7.45 6.42 5.62 5.69 5.91 6.72 7.52 6.64 8.10 8.32 8.83 9.64 9.93 9.78 7.59 7.59 9.93 6.28 3.87 3.65 5.55 7.59 6.79 7.96 2.99 2.12 2.41 0.80 1.61 1.10 1.17 2.19 2.04 1.97 0.51 0.66 0.66 0.07 0.15 0.95 0.95 3.65 3.07 7.08 6.57 6.86 3.65 4.45 1.46 0.73 0.73 0.58 1.68 1.46 2.34 2.56 3.72 6.13 5.62 9.78 12.85 12.41 13.72 11.68 12.70 12.70 8.25 7.96 8.10 7.96 7.15 7.15 5.62 3.87 4.38 2.26 1.53 1.39 1.97 1.31 1.39
6.86 6.35 7.66 7.15 7.37 8.69 8.61 8.83 8.98 9.64 9.05 8.10 8.54 7.74 6.86 8.91 11.02 11.17 11.17 11.17 11.24 9.34 6.57 6.42 6.86 4.16 1.97 2.77 1.10 1.10 1.02 0.73 0.73 0.73 1.53 1.75 1.90 0.73 0.00 0.00 0.00 0.58 0.66 0.66 2.41 6.79 6.06 7.96 4.74 6.94 2.19 2.63 1.31 1.17 0.88 1.17 1.68 1.39 2.77 2.77 2.63 4.74 6.79 11.10 12.85 12.56 12.99 9.71 9.71 10.29 9.27 9.05 9.05 8.91 7.30 7.74 5.62 3.07 3.58 1.68 2.34 1.02 0.95 1.24
6.86 6.35 7.66 7.15 7.37 8.69 8.61 8.83 8.98 9.64 9.05 8.10 8.54 7.74 6.86 8.91 11.02 11.17 11.17 11.17 11.24 9.34 6.57 6.42 6.86 4.16 1.97 2.77 1.10 1.10 1.02 0.73 0.73 0.73 1.53 1.75 1.90 0.73 0.00 0.00 0.00 0.58 0.66 0.66 2.41 6.79 6.06 7.96 4.74 6.94 2.19 2.63 1.31 1.17 0.88 1.17 1.68 1.39 2.77 2.77 2.63 4.74 6.79 11.10 12.85 12.56 12.99 9.71 9.71 10.29 9.27 9.05 9.05 8.91 7.30 7.74 5.62 3.07 3.58 1.68 2.34 1.02 0.95 1.24
6.79 7.23 7.01 7.74 8.83 8.69 8.10 8.61 9.93 9.34 9.64 7.52 7.45 7.08 7.37 8.76 10.44 11.24 11.24 11.39 11.32 10.80 11.68 7.59 8.47 4.16 2.26 1.02 1.17 1.46 1.53 1.61 0.66 1.83 1.46 2.34 1.90 2.34 0.00 0.58 1.39 0.88 2.19 2.19 1.83 2.70 2.56 5.11 3.43 2.19 2.12 1.83 1.90 1.46 2.19 1.75 2.26 1.97 2.48 1.68 3.36 2.92 4.31 5.40 5.11 5.84 6.64 6.64 6.64 7.01 8.83 8.18 11.24 11.17 11.46 10.80 11.61 9.78 8.25 5.33 6.28 3.36 1.90 0.95
4.67 3.87 6.64 7.59 6.86 7.59 7.23 8.54 9.78 9.49 9.71 8.32 6.50 8.54 7.66 8.69 8.98 10.66 10.66 9.56 12.70 12.48 12.70 8.32 4.31 2.63 2.85 2.56 2.12 2.26 1.68 1.68 1.90 2.19 3.80 3.36 2.85 1.53 1.83 2.04 1.61 1.75 1.46 1.46 2.04 1.83 2.04 1.75 1.83 2.56 2.92 3.14 4.02 4.16 2.04 2.70 2.41 2.48 2.34 1.68 1.68 1.53 2.56 2.63 4.02 3.72 5.62 6.57 6.57 6.28 8.91 11.90 11.24 13.36 11.83 12.12 12.56 16.35 15.40 16.06 9.34 4.31 5.62 1.46
2.26 1.61 4.09 3.58 6.57 7.66 5.84 7.88 8.40 8.25 3.94 4.02 4.09 4.02 5.26 6.35 6.72 10.88 10.88 9.86 13.07 13.29 8.98 10.37 4.60 4.31 3.14 3.07 2.63 1.68 1.90 1.75 2.26 1.90 2.34 2.19 2.26 2.48 2.77 2.99 1.90 2.12 1.83 1.83 3.29 1.97 2.04 1.83 2.56 2.41 3.29 4.02 3.87 4.23 4.23 3.87 4.53 4.23 4.45 3.14 2.70 2.85 2.19 2.41 2.41 4.31 7.15 6.42 6.42 10.29 12.56 12.19 15.70 20.08 19.49 18.98 18.69 18.83 18.47 19.13 14.38 11.32 10.59 5.84
2.26 1.61 4.09 3.58 6.57 7.66 5.84 7.88 8.40 8.25 3.94 4.02 4.09 4.02 5.26 6.35 6.72 10.88 10.88 9.86 13.07 13.29 8.98 10.37 4.60 4.31 3.14 3.07 2.63 1.68 1.90 1.75 2.26 1.90 2.34 2.19 2.26 2.48 2.77 2.99 1.90 2.12 1.83 1.83 3.29 1.97 2.04 1.83 2.56 2.41 3.29 4.02 3.87 4.23 4.23 3.87 4.53 4.23 4.45 3.14 2.70 2.85 2.19 2.41 2.41 4.31 7.15 6.42 6.42 10.29 12.56 12.19 15.70 20.08 19.49 18.98 18.69 18.83 18.47 19.13 14.38 11.32 10.59 5.84
0.00 0.37 2.41 1.17 2.63 1.97 3.94 1.31 5.11 1.90 2.99 3.14 2.99 3.07 5.04 4.31 7.59 11.32 11.32 10.22 10.59 12.34 8.10 5.62 5.62 4.74 3.29 2.77 2.85 2.19 3.50 2.92 2.92 3.80 4.82 2.99 5.62 5.04 3.65 3.80 4.53 4.82 4.16 4.16 2.92 3.43 2.70 2.12 2.63 3.50 3.58 3.87 3.58 3.87 3.65 5.69 5.33 6.86 6.94 7.15 5.04 4.09 3.50 3.50 4.16 4.02 6.35 9.64 9.64 9.13 11.46 14.53 13.87 17.81 18.91 23.58 20.15 21.75 18.69 15.99 17.08 14.09 11.02 8.47
0.00 0.00 0.00 0.00 1.24 0.00 1.24 0.00 0.66 1.53 2.92 3.87 4.89 5.62 6.72 7.88 7.74 7.88 7.88 8.47 5.69 6.28 6.06 5.40 4.16 2.77 3.07 2.26 3.07 2.77 4.23 7.01 6.20 6.64 6.79 6.57 6.20 6.28 6.94 5.84 5.55 5.18 5.04 5.04 3.87 3.72 3.65 3.87 3.65 3.65 3.43 3.36 3.50 3.43 3.07 4.89 6.42 5.99 6.79 4.67 5.18 3.80 5.26 5.77 5.62 6.50 7.59 7.45 7.45 9.64 12.56 11.97 13.65 15.33 14.82 18.91 18.10 7.59 4.16 3.94 11.68 10.37 8.98 7.96
0.00 0.00 0.00 0.00 0.80 0.00 0.00 0.73 1.90 3.65 4.45 4.23 4.96 5.48 4.38 6.06 5.77 6.35 6.35 4.31 4.60 4.96 5.26 4.09 4.89 3.50 3.87 4.09 4.09 6.64 6.35 8.10 9.20 9.34 6.72 7.66 6.06 6.64 5.18 4.74 5.48 6.13 7.08 7.08 7.37 5.18 4.96 4.89 5.48 4.82 4.74 2.63 3.43 2.92 5.62 6.57 6.42 5.77 2.63 3.87 2.77 1.90 3.72 4.96 5.48 5.26 7.01 8.61 8.61 8.10 11.10 11.17 11.24 12.48 11.97 14.31 7.52 11.24 0.00 0.00 10.15 11.53 12.70 9.56
0.00 0.00 0.51 0.80 0.80 0.80 0.00 0.44 1.68 3.36 3.72 4.38 4.82 4.67 3.80 3.87 4.23 4.31 4.31 4.23 4.53 4.53 4.31 4.38 4.74 4.53 4.82 4.96 4.60 6.28 7.59 7.45 9.93 9.78 7.66 7.96 6.28 4.67 4.38 7.45 9.20 7.96 7.88 7.88 8.25 8.18 7.23 5.99 6.57 4.67 5.69 5.48 6.35 6.86 6.50 6.86 5.69 6.13 2.77 2.04 1.90 3.36 3.21 2.92 2.99 3.65 5.77 5.40 5.40 9.64 11.17 10.95 12.26 12.63 14.31 14.67 14.16 0.00 0.00 0.00 0.00 5.91 7.15 9.56
0.00 0.00 0.51 0.80 0.80 0.80 0.00 0.44 1.68 3.36 3.72 4.38 4.82 4.67 3.80 3.87 4.23 4.31 4.31 4.23 4.53 4.53 4.31 4.38 4.74 4.53 4.82 4.96 4.60 6.28 7.59 7.45 9.93 9.78 7.66 7.96 6.28 4.67 4.38 7.45 9.20 7.96 7.88 7.88 8.25 8.18 7.23 5.99 6.57 4.67 5.69 5.48 6.35 6.86 6.50 6.86 5.69 6.13 2.77 2.04 1.90 3.36 3.21 2.92 2.99 3.65 5.77 5.40 5.40 9.64 11.17 10.95 12.26 12.63 14.31 14.67 14.16 0.00 0.00 0.00 0.00 5.91 7.15 9.56
0.00 0.00 0.00 0.00 0.00 0.00 0.00 1.31 2.12 1.75 2.70 4.60 4.53 5.69 5.04 4.96 4.38 4.89 4.89 5.04 4.60 4.67 3.65 2.92 3.94 3.80 4.89 4.16 4.23 5.91 6.94 9.56 9.64 10.37 9.64 6.94 6.86 8.61 9.13 8.69 9.49 6.86 7.52 7.52 7.30 5.33 6.50 0.00 0.00 1.83 4.96 5.77 5.69 4.82 4.53 4.53 4.16 3.87 3.65 3.29 4.67 4.31 5.55 3.50 3.14 3.07 4.89 8.03 8.03 7.15 11.17 12.48 13.94 15.33 16.21 14.31 8.83 9.93 0.00 0.00 4.23 4.53 3.14 5.26
0.00 0.00 0.00 0.00 0.00 0.00 0.29 0.44 2.34 1.46 2.34 5.84 5.11 6.57 5.77 6.42 5.77 6.06 6.06 6.20 6.13 4.53 5.26 3.21 4.74 5.33 5.55 4.82 6.13 6.13 6.57 8.32 8.40 10.66 10.37 7.74 7.96 8.25 6.28 8.40 8.76 5.55 3.50 3.50 3.87 0.00 0.00 0.00 0.00 0.00 0.00 4.31 3.29 3.21 3.36 3.65 4.16 4.16 5.04 7.30 6.72 11.02 12.56 9.05 10.00 6.79 7.37 6.64 6.64 8.91 10.59 10.07 12.48 14.02 11.61 9.71 7.08 10.15 6.64 4.02 4.53 3.36 3.14 5.40
0.44 0.00 0.00 0.00 0.00 0.00 0.00 1.46 1.97 2.63 5.04 5.62 5.48 6.64 5.55 6.28 6.28 5.18 5.18 5.62 5.62 5.33 6.06 4.82 5.18 6.13 8.03 8.03 8.03 5.77 5.62 5.69 6.13 8.76 9.13 8.25 2.92 4.09 4.89 0.00 2.99 3.87 3.43 3.43 1.90 2.99 0.00 0.00 0.00 0.00 4.82 6.64 5.91 6.35 7.52 4.02 4.89 4.89 4.60 6.20 8.54 7.88 11.17 10.88 9.13 9.34 7.88 9.42 9.42 9.56 8.61 7.66 9.86 10.88 11.46 9.93 6.50 6.57 5.99 6.57 5.11 4.82 5.33 5.04
0.00 0.00 0.00 0.00 0.00 0.00 1.10 1.46 1.68 3.58 4.31 3.36 3.94 5.33 5.11 5.69 6.72 5.99 5.99 6.35 5.99 7.66 7.88 7.37 9.64 9.64 8.61 9.34 5.55 6.13 4.02 4.23 4.45 4.60 6.64 2.12 3.14 0.00 0.00 0.00 4.09 4.67 3.87 3.87 2.56 0.00 1.90 0.00 1.31 0.00 4.02 7.23 8.40 8.18 9.64 9.64 9.78 7.66 5.04 2.99 3.50 4.09 7.30 10.51 9.93 11.17 10.22 10.59 10.59 9.64 6.94 8.47 7.66 10.37 8.32 6.20 5.69 5.91 5.62 4.02 4.09 3.07 4.60 4.45
0.07 0.22 0.00 0.00 0.00 0.00 2.19 1.97 2.41 3.50 3.94 3.14 4.45 5.11 6.35 5.69 5.91 6.42 6.42 6.64 8.69 8.18 9.49 10.59 11.39 12.26 12.63 10.88 10.07 5.11 5.62 3.21 3.58 3.36 2.56 1.10 0.00 0.00 0.00 3.80 0.00 4.23 0.73 0.73 1.24 2.19 0.00 0.00 0.00 0.00 0.00 3.65 7.23 8.69 8.25 9.49 7.08 7.88 4.96 2.63 2.63 2.19 6.20 9.49 10.73 10.66 11.39 10.80 10.80 12.99 10.07 11.53 8.10 7.81 7.88 6.42 4.16 3.36 3.43 2.12 1.75 0.95 1.68 1.61
0.07 0.22 0.00 0.00 0.00 0.00 2.19 1.97 2.41 3.50 3.94 3.14 4.45 5.11 6.35 5.69 5.91 6.42 6.42 6.64 8.69 8.18 9.49 10.59 11.39 12.26 12.63 10.88 10.07 5.11 5.62 3.21 3.58 3.36 2.56 1.10 0.00 0.00 0.00 3.80 0.00 4.23 0.73 0.73 1.24 2.19 0.00 0.00 0.00 0.00 0.00 3.65 7.23 8.69 8.25 9.49 7.08 7.88 4.96 2.63 2.63 2.19 6.20 9.49 10.73 10.66 11.39 10.80 10.80 12.99 10.07 11.53 8.10 7.81 7.88 6.42 4.16 3.36 3.43 2.12 1.75 0.95 1.68 1.61
0.29 0.58 0.00 0.00 0.00 1.46 2.19 2.63 3.21 4.02 2.41 2.56 3.87 1.61 2.99 5.18 6.50 6.64 6.64 6.50 7.30 7.96 10.44 10.07 11.83 13.36 11.61 11.97 11.17 10.66 3.94 5.62 3.29 1.61 1.90 0.66 0.00 0.00 0.00 0.37 2.26 2.63 0.07 0.07 0.00 0.00 0.00 0.00 0.00 0.00 0.00 0.00 0.00 0.00 0.00 5.77 5.40 2.48 0.80 2.56 3.80 6.94 10.07 9.78 12.12 11.75 12.92 12.56 12.56 14.45 13.58 10.07 11.24 7.74 7.59 3.94 2.92 1.75 2.26 2.56 1.17 1.31 1.10 1.75
0.66 0.73 0.00 2.12 0.00 0.73 0.73 1.90 2.04 1.31 0.00 0.00 0.07 0.00 2.92 4.09 6.86 7.96 7.96 7.45 7.30 7.45 9.34 11.84 11.15 13.87 12.54 11.68 11.46 13.14 7.30 4.53 5.55 1.61 0.95 1.10 0.15 0.00 0.58 0.29 0.66 0.51 0.73 0.73 0.00 0.00 0.00 0.00 0.00 0.00 0.00 0.00 0.00 0.00 0.00 0.00 0.00 0.00 0.00 3.07 6.86 6.28 10.15 12.19 11.68 11.90 12.78 14.16 14.16 13.80 13.29 13.58 10.66 7.45 5.18 2.63 2.34 2.41 2.04 2.56 1.68 2.41 2.77 4.02
1.24 1.17 2.34 1.90 0.22 2.34 0.00 0.00 0.00 0.00 0.00 0.00 0.00 0.00 2.26 1.46 5.77 4.02 4.02 5.26 4.09 8.03 7.08 10.74 13.04 13.78 14.44 13.17 15.18 15.04 13.43 6.20 5.69 6.20 1.53 1.02 1.46 2.04 1.90 0.95 1.24 0.00 0.00 0.00 0.00 0.00 0.00 0.00 0.00 0.00 0.00 0.00 0.00 0.00 0.00 0.00 0.00 0.00 0.00 0.73 5.62 8.76 8.10 10.88 12.56 14.31 16.72 16.43 16.43 13.94 12.26 10.80 10.59 7.23 7.01 4.74 2.12 2.19 2.63 3.21 2.34 3.87 6.28 7.08
0.37 1.31 1.17 1.90 0.44 0.00 0.00 0.00 0.00 0.00 0.00 0.00 0.00 0.00 0.00 0.00 2.19 2.48 2.48 3.58 0.44 4.08 4.67 2.71 8.70 6.51 11.36 10.62 13.70 14.53 14.60 13.72 9.20 9.20 10.00 3.72 3.80 3.36 3.72 1.17 0.00 0.22 0.00 0.00 0.00 0.00 0.00 0.00 0.00 0.00 0.00 0.00 0.00 0.00 0.00 0.00 0.00 0.00 0.00 2.85 8.98 7.81 12.05 14.09 15.04 14.53 16.86 16.35 16.35 15.18 13.21 13.72 11.46 8.40 8.54 6.57 3.36 5.26 3.58 3.65 5.33 4.67 5.48 5.91
0.07 0.00 0.00 0.15 0.00 0.00 0.00 0.00 0.00 0.00 0.00 0.00 0.00 0.00 0.00 0.00 0.00 0.00 0.00 0.00 0.00 0.00 0.00 0.00 3.41 1.61 9.63 11.90 10.26 14.82 13.65 10.66 12.85 12.05 12.12 12.34 8.32 4.74 2.56 3.58 0.37 0.00 0.00 0.00 0.00 0.00 0.00 0.00 0.00 0.00 0.00 0.00 0.00 0.00 0.00 0.00 0.00 0.00 0.00 1.61 9.42 12.78 12.63 14.45 15.26 18.91 17.59 15.55 15.55 17.23 13.87 12.26 10.15 8.91 9.42 7.88 6.35 5.55 6.06 6.79 3.87 4.60 5.55 5.04
0.07 0.00 0.00 0.15 0.00 0.00 0.00 0.00 0.00 0.00 0.00 0.00 0.00 0.00 0.00 0.00 0.00 0.00 0.00 0.00 0.00 0.00 0.00 0.00 3.36 1.61 9.34 11.06 9.59 15.05 13.78 11.10 14.44 12.75 12.43 12.34 8.32 4.74 2.56 3.58 0.37 0.00 0.00 0.00 0.00 0.00 0.00 0.00 0.00 0.00 0.00 0.00 0.00 0.00 0.00 0.00 0.00 0.00 0.00 1.61 9.42 12.78 12.63 14.45 15.26 18.91 17.59 15.55 15.55 17.23 13.87 12.26 10.15 8.91 9.42 7.88 6.35 5.55 6.06 6.79 3.87 4.60 5.55 5.04
0.00 0.00 0.00 0.00 0.07 0.00 0.00 0.00 0.00 0.00 0.00 0.00 0.00 0.00 0.00 0.00 0.00 0.22 0.22 0.29 0.00 0.00 0.00 0.00 0.00 0.00 0.00 4.40 4.96 3.67 10.84 8.25 7.98 13.15 12.64 13.16 12.83 9.05 5.11 2.70 3.87 1.83 0.00 0.00 0.00 0.00 0.00 0.00 0.00 0.00 0.00 0.00 0.00 0.00 0.00 0.00 0.00 0.00 1.53 0.22 6.72 11.83 15.40 19.56 21.32 20.29 18.47 15.40 15.40 14.97 12.85 10.00 10.88 9.27 8.32 6.28 5.99 6.64 7.96 7.59 4.16 3.43 4.89 3.72
0.00 0.00 0.00 0.00 0.29 1.39 1.83 1.68 2.12 1.10 2.48 0.66 0.00 0.00 0.00 1.31 0.95 1.24 1.24 1.76 0.00 0.00 0.00 0.00 0.00 0.00 0.00 0.00 0.67 0.66 4.74 4.67 4.09 6.53 11.01 13.34 13.27 12.91 9.20 5.84 3.50 5.11 3.87 3.87 1.31 0.00 0.00 0.00 0.00 0.00 0.00 0.00 0.00 0.00 0.00 0.00 0.00 0.00 0.00 5.40 8.76 13.94 13.07 16.94 21.61 20.29 19.64 17.08 17.08 16.43 13.14 12.99 12.92 8.25 9.56 7.52 6.13 7.45 7.81 7.74 5.77 5.84 9.49 7.45
0.00 0.00 0.66 0.00 0.22 1.24 2.41 2.70 1.97 2.48 1.83 1.75 0.07 0.44 1.17 3.43 4.09 4.38 4.38 2.34 1.68 0.29 0.44 0.80 0.07 0.00 0.00 0.00 0.00 0.00 0.00 2.04 2.19 2.41 9.30 8.65 13.16 13.51 13.36 11.32 8.69 6.20 2.70 2.70 4.16 1.53 0.66 0.00 0.00 0.00 0.00 0.00 0.00 0.00 0.00 0.00 0.00 5.48 5.84 5.55 7.66 11.75 16.06 15.55 16.06 18.83 18.98 17.37 17.37 13.58 13.14 13.36 13.14 13.58 12.34 9.42 11.24 9.20 8.47 6.86 10.59 12.19 11.53 10.88
0.00 0.00 0.00 0.00 0.00 0.00 0.22 0.00 1.17 1.39 1.53 0.22 0.80 0.37 1.46 3.72 4.09 2.19 2.19 0.95 0.73 0.80 0.29 0.44 0.66 0.00 0.00 0.00 0.00 0.00 0.00 0.00 0.22 0.37 0.00 8.61 8.08 11.95 12.74 12.17 12.34 9.49 6.20 6.20 3.72 4.23 2.99 1.90 0.37 0.00 0.00 0.00 0.00 0.00 0.00 0.00 0.00 4.09 7.37 7.45 7.37 8.18 7.59 10.66 13.36 15.33 11.97 11.02 11.02 12.63 12.12 9.64 12.70 13.94 13.36 13.07 14.09 13.36 12.85 12.78 13.07 12.63 12.05 10.66
0.00 0.00 0.00 0.00 0.00 0.00 0.00 0.00 0.00 0.00 0.00 0.00 0.00 2.04 2.04 2.19 2.56 0.00 0.00 0.00 0.00 0.00 0.00 0.00 0.00 0.00 0.00 0.00 0.00 0.00 0.00 0.00 0.00 0.51 0.07 0.00 8.54 10.29 10.23 9.88 8.36 8.47 10.07 10.07 8.25 5.40 6.20 3.72 1.97 1.97 1.97 1.90 0.00 0.00 0.00 0.00 1.90 2.63 6.79 5.91 8.10 7.59 8.98 6.42 5.55 5.62 8.54 10.00 10.00 6.20 7.96 9.93 6.42 11.24 8.76 10.44 13.65 11.90 11.90 12.19 12.56 12.34 9.86 7.37
0.00 0.00 0.00 0.00 0.00 0.00 0.00 0.00 0.00 0.00 0.00 0.00 1.02 1.83 1.02 0.00 0.00 0.00 0.00 0.00 0.00 0.00 0.00 0.00 0.00 0.00 0.00 0.00 0.00 0.00 0.00 0.00 0.00 0.00 0.88 0.44 2.56 6.42 7.15 7.08 5.75 4.74 6.06 6.06 8.83 6.20 4.23 4.74 3.58 2.99 2.92 1.61 2.19 0.00 0.00 2.41 2.26 2.34 3.58 8.03 9.13 7.66 6.72 5.48 4.89 4.74 2.12 2.34 2.34 3.58 4.74 2.12 3.87 5.11 4.60 8.10 8.47 11.32 9.20 10.51 8.98 9.64 8.83 6.72
0.00 0.00 0.00 0.00 0.00 0.00 0.00 0.00 0.00 0.00 0.00 0.00 1.02 1.83 1.02 0.00 0.00 0.00 0.00 0.00 0.00 0.00 0.00 0.00 0.00 0.00 0.00 0.00 0.00 0.00 0.00 0.00 0.00 0.00 0.88 0.44 2.56 6.38 7.23 7.08 5.69 4.74 6.06 6.06 8.83 6.20 4.23 4.74 3.58 2.99 2.92 1.61 2.19 0.00 0.00 2.41 2.26 2.34 3.58 8.03 9.13 7.66 6.72 5.48 4.89 4.74 2.12 2.34 2.34 3.58 4.74 2.12 3.87 5.11 4.60 8.10 8.47 11.32 9.20 10.51 8.98 9.64 8.83 6.72
0.00 0.00 0.00 0.00 0.00 0.00 0.00 0.82 0.00 0.00 0.00 0.95 0.58 1.39 0.22 0.00 0.00 0.00 0.00 0.00 0.00 0.00 0.00 0.00 0.00 0.00 0.00 0.00 0.00 0.00 0.00 0.00 0.00 0.00 0.00 1.10 0.95 1.39 4.77 3.29 3.72 2.41 2.92 2.92 3.58 3.65 2.56 2.34 4.09 4.96 4.67 2.56 1.53 1.83 0.00 2.70 2.99 4.53 5.33 4.96 7.59 6.50 3.87 0.00 3.43 0.00 1.83 0.00 0.00 0.00 0.00 0.00 0.00 0.00 0.00 5.18 3.94 9.27 8.25 8.18 8.76 8.61 7.88 5.77
0.00 0.00 0.00 0.00 0.00 0.00 0.00 1.70 1.17 0.22 0.73 0.73 0.51 0.07 0.00 0.00 0.00 0.00 0.00 0.00 0.00 0.00 0.00 0.00 0.00 0.00 0.00 0.00 0.00 0.00 0.00 0.00 0.00 0.00 0.00 0.00 0.44 0.37 1.24 1.61 0.73 0.80 1.10 1.10 2.12 1.02 0.00 0.00 0.00 0.00 0.00 0.00 4.09 3.43 0.00 3.72 3.21 4.45 4.96 6.06 5.62 7.01 5.69 2.63 0.00 1.24 0.00 0.00 0.00 0.00 0.00 0.00 0.00 0.00 0.00 6.57 3.21 4.23 4.67 6.20 7.15 7.23 6.94 3.94
