Wansh/Snow_depth/snowdepth-1992/winter/1992359.txt
ncols 321
nrows 161
xllcenter 60
yllcenter 15 
cellsize  0.25 
NODATA_value -1
[rows 0 to 37 of 161, columns 0 to 83 of 321]
1.90 1.90 3.07 6.13 6.20 7.23 5.69 7.01 6.94 8.18 8.40 8.32 10.15 10.66 10.80 10.22 9.42 9.56 9.42 9.56 9.64 11.02 11.83 11.24 11.46 11.53 11.53 10.80 11.46 12.70 13.80 12.63 13.36 13.14 14.31 12.99 12.70 12.48 12.92 11.83 12.12 11.90 12.56 13.07 13.51 12.99 13.29 12.48 15.55 15.55 15.55 15.55 15.11 15.18 14.45 16.86 18.69 19.56 19.64 19.56 19.35 19.13 19.27 16.43 15.99 16.57 13.07 13.87 13.58 14.31 9.34 13.14 13.14 12.56 13.43 13.43 13.43 13.80 13.87 13.72 12.92 12.85 12.63 11.75
6.06 6.06 3.94 6.42 7.52 7.52 8.91 8.54 9.93 10.15 10.37 10.44 12.99 12.85 13.51 13.21 12.26 11.68 11.83 11.83 13.36 12.99 13.43 11.83 10.88 12.05 12.05 11.68 11.46 12.26 11.61 13.65 13.87 14.53 14.38 14.38 14.16 13.87 14.16 13.80 13.80 13.21 13.36 13.29 13.36 12.56 12.70 13.07 13.07 15.04 17.30 17.30 15.11 17.08 17.23 17.45 17.96 19.42 19.56 17.08 17.08 16.79 16.79 16.35 10.59 11.02 10.80 9.86 6.42 7.30 7.81 8.32 11.39 11.53 11.90 10.88 10.88 11.02 10.07 11.90 11.90 11.10 12.41 11.39
6.50 6.50 7.08 7.23 7.45 8.25 8.10 10.15 11.90 11.39 12.70 12.78 13.36 12.56 13.94 13.94 13.51 11.46 11.90 12.12 12.63 12.78 11.02 11.24 11.46 11.24 11.24 12.19 11.39 11.68 11.75 13.29 14.16 15.26 14.82 15.70 15.55 14.31 13.43 13.72 13.72 13.58 13.21 12.19 12.12 12.34 13.29 11.32 14.02 14.75 14.97 14.97 15.33 15.18 16.28 11.90 10.66 13.43 13.87 13.87 15.62 10.73 11.46 9.42 10.44 6.13 6.13 5.91 5.99 4.82 6.28 6.20 5.48 8.03 8.25 6.06 6.06 8.47 8.54 7.74 9.56 9.86 8.98 10.88
6.50 6.50 7.08 7.23 7.45 8.25 8.10 10.15 11.90 11.39 12.70 12.78 13.36 12.56 13.94 13.94 13.51 11.46 11.90 12.12 12.63 12.78 11.02 11.24 11.46 11.24 11.24 12.19 11.39 11.68 11.75 13.29 14.16 15.26 14.82 15.70 15.55 14.31 13.43 13.72 13.72 13.58 13.21 12.19 12.12 12.34 13.29 11.32 14.02 14.75 14.97 14.97 15.33 15.18 16.28 11.90 10.66 13.43 13.87 13.87 15.62 10.73 11.46 9.42 10.44 6.13 6.13 5.91 5.99 4.82 6.28 6.20 5.48 8.03 8.25 6.06 6.06 8.47 8.54 7.74 9.56 9.86 8.98 10.88
11.61 11.61 8.91 7.88 8.91 8.54 11.32 13.51 13.36 13.51 13.72 13.58 13.87 14.24 13.94 14.24 14.53 12.99 11.24 11.46 12.63 12.05 12.12 11.90 12.05 12.41 12.41 11.83 10.80 11.02 12.70 13.65 15.33 14.89 15.26 15.33 15.33 11.90 12.26 10.51 9.49 10.07 10.15 9.86 11.10 8.40 8.10 9.34 11.24 14.09 14.82 14.82 9.05 5.99 6.20 7.59 6.20 9.20 6.64 8.03 8.40 8.98 10.29 5.69 5.04 5.77 2.99 0.00 3.94 0.00 3.21 4.67 4.53 4.82 5.62 5.84 5.84 4.23 6.42 6.28 5.84 7.88 8.03 6.64
14.09 14.09 11.10 12.05 9.05 10.37 13.87 13.87 14.97 13.72 13.72 13.43 13.80 13.80 13.87 13.58 13.58 13.36 11.39 11.83 12.26 12.12 12.12 13.51 12.05 11.46 11.46 11.53 11.46 10.95 13.07 13.07 14.45 15.11 16.21 14.67 11.17 13.29 10.07 8.61 8.25 7.52 6.35 6.35 6.57 6.06 3.80 3.50 7.88 5.84 4.53 4.53 5.04 5.48 3.50 0.00 0.00 4.16 4.60 5.77 0.00 5.40 5.11 5.55 1.97 2.85 2.56 3.87 2.19 2.34 2.70 0.00 0.00 4.23 0.00 4.23 4.23 4.16 4.67 4.89 4.89 5.11 6.20 6.13
12.78 12.78 12.70 9.42 9.86 9.49 12.78 14.53 14.38 13.80 13.07 13.14 13.51 14.16 14.16 13.51 14.53 13.87 14.16 11.68 12.19 11.53 13.94 14.82 13.65 13.94 13.94 11.90 10.73 10.95 12.12 11.90 12.92 12.85 13.43 13.87 10.00 13.87 9.34 8.03 7.01 5.48 5.62 5.40 5.91 0.00 3.80 3.21 5.33 4.53 0.00 0.00 0.00 0.00 0.00 0.00 0.00 0.00 0.00 0.00 0.00 2.99 0.00 0.00 0.00 0.00 0.00 0.00 2.34 0.00 0.00 0.00 0.00 0.00 0.00 0.00 0.00 0.00 0.00 0.00 3.94 3.94 3.72 4.31
12.78 12.78 12.70 9.42 9.86 9.49 12.78 14.53 14.38 13.80 13.07 13.14 13.51 14.16 14.16 13.51 14.53 13.87 14.16 11.68 12.19 11.53 13.94 14.82 13.65 13.94 13.94 11.90 10.73 10.95 12.12 11.90 12.92 12.85 13.43 13.87 10.00 13.87 9.34 8.03 7.01 5.48 5.62 5.40 5.91 0.00 3.80 3.21 5.33 4.53 0.00 0.00 0.00 0.00 0.00 0.00 0.00 0.00 0.00 0.00 0.00 2.99 0.00 0.00 0.00 0.00 0.00 0.00 2.34 0.00 0.00 0.00 0.00 0.00 0.00 0.00 0.00 0.00 0.00 0.00 3.94 3.94 3.72 4.31
13.43 13.43 10.73 10.73 10.95 11.90 12.41 12.48 12.26 12.05 12.26 11.75 13.21 13.36 14.31 14.75 14.60 14.60 12.26 11.10 11.90 13.94 15.62 15.84 14.38 13.72 13.72 11.10 10.29 11.39 10.07 10.95 11.53 10.51 13.36 9.49 8.25 8.03 8.03 5.48 6.13 5.18 4.38 3.72 0.00 0.00 0.00 4.96 5.33 4.60 0.00 0.00 0.00 0.00 0.00 0.00 0.00 0.00 0.00 0.00 0.00 0.00 1.17 0.00 0.00 0.00 1.02 0.00 0.00 0.00 0.00 0.00 0.00 0.00 0.00 0.00 0.00 0.00 0.00 0.00 0.00 0.00 2.77 0.00
11.53 11.53 11.32 11.02 11.68 11.61 12.19 11.46 11.90 11.24 11.39 11.39 11.68 11.75 11.97 11.90 11.68 12.26 12.41 10.88 12.34 11.61 12.78 13.36 13.58 12.41 12.41 12.05 10.66 10.51 10.73 10.07 9.05 11.61 7.52 10.22 8.83 9.34 8.10 9.20 8.03 6.35 7.01 4.89 5.55 0.00 0.00 4.09 0.00 0.00 0.00 0.00 0.00 0.00 0.00 0.00 0.00 0.00 0.00 0.00 0.00 0.00 0.00 0.00 0.00 0.00 0.00 0.00 0.00 0.00 0.00 0.00 0.00 0.00 0.00 0.00 0.00 0.00 0.00 0.00 0.00 0.00 0.00 0.00
12.26 12.26 10.80 11.17 10.07 10.95 10.66 11.10 10.29 12.34 11.97 11.97 11.97 11.90 11.39 10.88 9.71 11.02 10.29 10.29 10.15 10.15 10.66 11.24 12.63 12.92 12.92 13.29 12.12 11.83 12.63 11.61 10.59 7.59 6.72 9.05 9.71 10.07 10.29 9.86 9.78 10.07 8.18 7.52 7.74 5.40 7.45 7.01 5.33 0.00 3.87 3.87 0.00 2.85 2.99 2.92 0.00 0.00 0.00 0.00 0.00 0.00 0.00 0.00 0.00 0.00 0.00 0.00 0.00 0.00 0.00 0.00 0.00 0.00 0.00 0.00 0.00 0.00 0.00 0.00 0.00 0.00 0.00 0.00
12.26 12.26 10.80 11.17 10.07 10.95 10.66 11.10 10.29 12.34 11.97 11.97 11.97 11.90 11.39 10.88 9.71 11.02 10.29 10.29 10.15 10.15 10.66 11.24 12.63 12.92 12.92 13.29 12.12 11.83 12.63 11.61 10.59 7.59 6.72 9.05 9.71 10.07 10.29 9.86 9.78 10.07 8.18 7.52 7.74 5.40 7.45 7.01 5.33 0.00 3.87 3.87 0.00 2.85 2.99 2.92 0.00 0.00 0.00 0.00 0.00 0.00 0.00 0.00 0.00 0.00 0.00 0.00 0.00 0.00 0.00 0.00 0.00 0.00 0.00 0.00 0.00 0.00 0.00 0.00 0.00 0.00 0.00 0.00
10.44 10.44 11.10 9.86 10.51 10.51 10.95 10.88 10.88 12.70 13.29 12.63 12.26 11.10 9.34 8.03 7.96 9.27 9.13 10.07 9.78 10.07 9.86 9.86 12.63 11.90 11.90 13.72 12.92 12.70 12.05 11.10 7.23 6.13 7.81 9.78 10.88 12.34 12.85 10.73 11.24 10.15 8.54 6.57 6.94 7.01 7.59 8.69 6.79 4.53 3.58 3.58 3.07 2.70 0.00 0.00 1.75 1.39 0.00 0.00 0.00 0.00 0.00 0.00 0.00 0.00 0.00 0.00 0.00 0.00 0.00 0.00 0.00 0.00 0.00 0.00 0.00 0.00 0.00 0.00 0.00 0.00 0.00 0.00
11.24 11.24 11.24 11.90 11.97 11.61 10.51 11.02 10.29 11.53 11.10 11.83 10.66 11.10 9.05 7.45 6.57 7.15 6.64 9.05 10.22 9.86 8.69 8.47 8.91 10.00 10.00 10.51 9.64 11.90 10.15 6.64 6.86 5.84 7.45 8.91 9.05 7.88 8.40 9.13 7.81 6.42 6.72 5.99 5.04 3.14 7.30 5.40 4.02 3.94 3.94 3.94 4.23 0.00 0.00 0.58 1.17 1.02 0.00 1.31 0.00 0.00 0.00 0.00 0.00 0.00 0.00 0.00 0.00 0.00 0.00 0.00 0.00 0.00 0.00 0.00 0.00 0.00 0.00 0.00 0.00 0.00 0.00 0.00
12.19 12.19 12.41 12.48 11.39 11.68 10.15 8.83 9.05 8.98 7.01 6.72 6.50 8.47 7.96 6.57 7.08 6.57 7.96 10.66 10.88 9.64 9.34 8.91 8.83 7.30 7.30 8.47 6.64 5.48 4.60 4.74 1.53 6.28 4.96 4.60 4.60 5.48 5.99 6.28 5.62 5.55 5.62 3.14 3.29 2.41 7.37 5.55 5.69 0.00 0.00 0.00 0.00 0.00 0.00 0.00 0.00 0.95 0.95 1.17 0.00 0.00 0.00 0.00 0.00 0.00 0.00 0.00 0.00 0.00 0.00 0.00 0.00 0.00 0.00 0.00 0.00 0.00 0.00 0.00 0.00 0.00 0.00 0.00
12.78 12.78 12.48 10.15 10.73 7.96 6.20 6.57 6.42 4.82 5.18 4.74 5.11 6.57 7.15 7.30 6.57 6.20 8.03 10.95 11.17 11.75 9.86 9.56 7.45 6.72 6.72 4.96 2.48 1.10 0.22 0.37 0.00 3.29 1.83 1.90 4.23 4.89 6.20 5.69 5.77 4.60 4.16 2.48 3.14 0.00 6.35 5.69 5.33 0.00 0.00 0.00 3.87 2.19 1.46 1.75 0.00 0.73 0.00 0.00 0.00 0.00 0.00 0.00 0.00 0.00 0.00 0.00 0.00 0.00 0.00 0.00 0.00 0.00 0.00 0.00 0.00 0.00 0.00 0.00 0.00 0.00 0.00 0.00
12.78 12.78 12.48 10.15 10.73 7.96 6.20 6.57 6.42 4.82 5.18 4.74 5.11 6.57 7.15 7.30 6.57 6.20 8.03 10.95 11.17 11.75 9.86 9.56 7.45 6.72 6.72 4.96 2.48 1.10 0.22 0.37 0.00 3.29 1.83 1.90 4.23 4.89 6.20 5.69 5.77 4.60 4.16 2.48 3.14 0.00 6.35 5.69 5.33 0.00 0.00 0.00 3.87 2.19 1.46 1.75 0.00 0.73 0.00 0.00 0.00 0.00 0.00 0.00 0.00 0.00 0.00 0.00 0.00 0.00 0.00 0.00 0.00 0.00 0.00 0.00 0.00 0.00 0.00 0.00 0.00 0.00 0.00 0.00
11.02 11.02 12.05 9.20 8.18 8.25 7.08 7.45 7.01 7.15 6.50 5.11 4.02 3.80 5.99 6.86 6.28 7.45 7.52 9.05 8.03 8.76 9.05 8.10 8.40 4.96 4.96 2.77 2.92 1.39 0.00 0.51 0.00 0.00 0.00 1.83 2.77 2.70 0.00 2.70 4.31 3.58 4.60 0.00 0.00 5.18 0.00 0.00 0.00 0.00 0.00 0.00 0.00 1.24 0.80 0.00 0.00 0.00 0.00 0.00 0.00 0.00 0.00 0.00 0.00 0.00 0.00 0.00 0.00 0.00 0.00 0.00 0.00 0.00 0.00 0.00 0.00 0.00 0.00 0.00 0.00 0.00 0.00 0.00
9.05 9.05 8.69 9.86 9.27 11.17 8.61 9.13 7.30 7.74 7.01 7.45 6.13 5.91 6.50 6.72 7.52 5.84 5.18 8.32 3.58 4.45 6.42 4.96 6.42 2.12 2.12 3.36 3.50 2.63 0.00 0.00 0.73 0.88 0.37 1.97 0.00 0.00 0.00 0.00 0.00 0.00 0.00 0.00 1.61 0.00 4.45 0.00 0.00 0.00 0.00 0.00 0.00 1.39 2.04 0.00 0.00 0.00 0.00 0.00 0.00 0.00 0.00 0.00 0.00 1.75 0.00 0.00 0.00 0.00 0.00 0.00 0.00 0.00 0.00 0.00 0.00 0.00 0.00 0.00 0.00 0.00 0.00 0.00
8.32 8.32 8.25 10.00 11.97 11.75 10.29 6.35 5.11 7.30 6.79 8.54 7.66 7.81 6.79 6.57 5.18 2.99 3.29 4.89 2.26 1.61 1.83 3.65 0.22 0.00 0.00 1.31 1.83 0.00 1.02 0.00 1.46 0.51 0.00 0.00 0.00 0.00 0.00 0.00 3.94 0.00 0.00 0.00 0.00 0.00 5.91 0.00 0.00 4.16 0.00 0.00 0.00 0.00 0.00 0.00 0.00 0.00 0.00 0.00 0.00 0.00 0.00 2.63 2.70 2.26 2.26 0.00 0.00 0.00 0.00 0.00 0.00 0.00 0.00 0.00 0.00 0.00 0.00 0.00 0.00 0.00 0.00 0.00
6.94 6.94 8.69 10.73 10.07 9.34 5.11 6.13 3.14 5.48 7.88 5.11 4.82 7.01 7.81 7.59 1.75 1.75 1.68 1.53 1.68 2.04 2.99 2.12 3.14 0.66 0.66 2.19 1.46 1.39 1.17 1.10 2.85 3.14 1.97 0.00 4.23 3.80 4.09 4.45 4.16 5.18 4.74 0.00 0.00 5.04 5.91 0.00 0.00 4.31 0.00 0.00 0.00 0.00 0.00 0.00 0.00 0.00 0.00 0.00 0.00 0.00 0.00 0.00 0.00 2.99 0.00 2.99 0.00 0.00 0.00 0.00 0.00 0.00 0.00 0.00 0.00 0.00 0.00 0.00 0.00 0.00 0.00 0.00
6.72 6.72 6.86 9.42 9.20 9.49 6.35 2.04 0.07 1.68 2.92 4.31 4.02 1.10 0.00 2.04 2.41 0.00 0.00 0.00 1.31 2.41 2.26 2.41 0.73 0.58 0.58 2.12 1.97 1.75 1.31 3.14 3.94 3.14 4.31 8.18 6.13 3.58 3.80 4.96 5.40 4.82 5.11 0.00 5.48 0.00 4.02 4.09 4.23 4.23 0.00 0.00 0.00 0.00 0.00 0.00 2.48 0.00 0.00 0.00 0.00 0.00 0.00 0.00 0.00 0.00 4.89 4.67 4.16 0.00 3.65 0.00 2.85 2.56 0.00 0.00 0.00 0.00 0.00 0.00 0.00 0.00 0.00 0.00
6.72 6.72 6.86 9.42 9.20 9.49 6.35 2.04 0.07 1.68 2.92 4.31 4.02 1.10 0.00 2.04 2.41 0.00 0.00 0.00 1.31 2.41 2.26 2.41 0.73 0.58 0.58 2.12 1.97 1.75 1.31 3.14 3.94 3.14 4.31 8.18 6.13 3.58 3.80 4.96 5.40 4.82 5.11 0.00 5.48 0.00 4.02 4.09 4.23 4.23 0.00 0.00 0.00 0.00 0.00 0.00 2.48 0.00 0.00 0.00 0.00 0.00 0.00 0.00 0.00 0.00 4.89 4.67 4.16 0.00 3.65 0.00 2.85 2.56 0.00 0.00 0.00 0.00 0.00 0.00 0.00 0.00 0.00 0.00
6.28 6.28 5.62 7.59 5.33 4.38 3.72 0.73 1.24 0.88 2.70 0.00 0.00 0.00 0.00 0.00 0.00 0.00 0.00 1.31 0.00 2.56 0.00 0.00 0.00 0.00 0.00 0.00 0.00 1.68 2.48 4.31 11.24 9.78 7.59 8.47 5.84 3.72 5.62 5.62 5.18 0.00 0.00 0.00 0.00 4.74 4.60 4.31 4.09 4.09 3.50 3.50 3.50 3.43 0.00 0.00 2.12 2.56 3.72 3.21 3.80 3.14 4.31 0.00 3.80 4.53 5.04 5.26 5.55 0.00 0.00 3.29 3.43 2.34 2.70 2.92 2.92 1.75 3.50 4.67 0.00 0.00 0.00 0.00
4.38 4.38 5.04 5.18 4.96 4.96 4.53 2.70 0.00 0.00 0.00 0.00 0.00 0.00 0.00 0.00 0.00 0.00 0.00 0.00 0.00 0.00 0.00 0.00 0.00 0.00 0.00 0.73 2.34 5.33 4.67 10.51 10.07 9.42 7.88 9.64 8.69 8.18 8.61 6.50 5.04 0.00 0.00 0.00 2.77 0.00 5.33 0.00 0.00 0.00 0.00 0.00 0.00 0.00 2.12 2.34 2.04 2.34 3.80 5.69 5.40 5.55 5.91 5.84 4.67 5.04 5.33 5.40 4.09 3.80 0.00 0.00 2.63 2.63 3.14 3.29 3.29 2.41 4.09 4.38 0.00 0.00 0.00 0.00
3.87 3.87 1.68 4.53 3.50 2.26 2.63 0.00 0.00 0.00 0.00 0.00 1.68 0.95 0.00 0.00 0.00 0.00 0.00 0.00 0.00 0.00 0.00 0.00 0.00 0.00 0.00 0.00 1.97 3.80 3.14 10.15 11.61 8.40 9.13 9.56 8.91 6.57 1.97 2.12 0.00 0.00 0.00 0.00 0.00 0.00 0.00 0.00 0.00 0.00 4.16 4.16 0.00 3.80 2.99 2.12 2.26 2.12 3.36 5.26 5.62 5.48 6.06 5.99 5.40 5.33 5.48 4.60 0.00 4.45 3.94 0.00 0.00 0.00 0.00 0.00 0.00 3.21 3.36 2.56 0.00 0.00 0.00 0.00
0.00 0.00 0.29 0.95 1.46 1.39 1.31 0.00 0.00 0.00 0.00 3.29 1.61 2.70 0.95 0.00 0.00 0.00 0.00 0.00 0.00 0.00 0.00 0.00 0.00 0.00 0.00 0.00 1.75 2.99 0.00 5.18 6.28 5.40 7.08 8.76 7.59 3.65 2.04 0.00 0.00 0.00 0.00 0.00 2.56 3.43 0.00 0.00 3.29 3.58 3.36 3.36 3.36 3.14 2.12 2.12 2.63 0.00 0.00 4.82 5.62 5.11 0.00 0.00 4.67 0.00 0.00 0.00 0.00 0.00 0.00 0.00 0.00 0.00 0.00 0.00 0.00 0.00 0.00 0.00 0.00 0.00 0.00 0.00
0.00 0.00 0.00 0.00 0.51 1.61 1.17 0.00 1.61 0.00 3.80 2.04 1.46 0.00 0.00 0.00 0.00 0.00 0.00 0.00 0.00 0.00 0.00 0.00 0.00 1.10 1.10 0.00 0.00 0.00 2.34 3.87 4.67 4.82 0.00 3.50 4.67 4.23 4.38 3.94 0.00 0.00 0.00 0.00 0.00 0.00 0.00 0.00 2.77 3.50 2.70 2.70 0.00 0.00 0.00 1.39 0.00 0.00 0.00 0.00 0.00 4.31 4.67 4.23 4.31 0.00 0.00 0.00 0.00 0.00 0.00 0.00 0.00 0.00 0.00 0.00 0.00 0.00 0.00 0.00 0.00 0.00 0.00 0.00
0.00 0.00 0.00 0.00 0.51 1.61 1.17 0.00 1.61 0.00 3.80 2.04 1.46 0.00 0.00 0.00 0.00 0.00 0.00 0.00 0.00 0.00 0.00 0.00 0.00 1.10 1.10 0.00 0.00 0.00 2.34 3.87 4.67 4.82 0.00 3.50 4.67 4.23 4.38 3.94 0.00 0.00 0.00 0.00 0.00 0.00 0.00 0.00 2.77 3.50 2.70 2.70 0.00 0.00 0.00 1.39 0.00 0.00 0.00 0.00 0.00 4.31 4.67 4.23 4.31 0.00 0.00 0.00 0.00 0.00 0.00 0.00 0.00 0.00 0.00 0.00 0.00 0.00 0.00 0.00 0.00 0.00 0.00 0.00
0.00 0.00 1.75 2.70 2.77 2.77 1.75 1.75 3.29 4.67 3.50 1.10 0.00 0.00 0.00 0.00 0.00 0.00 0.00 0.00 0.00 0.00 0.00 0.00 0.00 0.00 0.00 0.00 0.00 0.00 0.80 0.00 0.00 1.31 1.61 4.02 4.89 3.07 1.90 2.41 0.00 0.00 0.00 0.00 0.00 0.00 0.00 0.00 0.00 0.00 0.00 0.00 0.00 2.48 0.00 3.65 3.21 0.00 4.38 4.31 3.80 3.80 4.16 3.36 0.88 0.00 0.00 0.00 0.00 0.00 0.00 0.00 0.00 0.00 0.00 0.00 0.00 0.00 0.00 0.00 0.00 0.00 0.00 0.00
0.00 0.00 2.99 2.85 3.21 3.36 3.72 2.04 1.24 2.26 3.07 2.48 0.00 0.00 0.00 0.00 0.00 0.00 0.00 0.00 0.00 0.00 0.00 0.00 0.00 0.00 0.00 0.00 0.00 0.00 0.00 0.00 2.34 1.75 1.46 3.72 2.99 2.04 0.00 0.00 0.00 0.00 2.04 0.95 1.17 1.10 1.10 0.00 0.00 0.00 0.00 0.00 0.00 0.00 3.50 4.23 5.62 5.33 5.33 3.87 2.70 1.53 0.00 0.00 0.00 0.00 0.00 0.00 0.00 0.00 0.00 0.00 0.00 0.00 0.00 0.00 0.00 0.00 0.00 0.00 0.00 0.00 0.00 0.00
0.00 0.00 1.46 3.65 3.14 3.43 2.92 2.99 0.00 0.07 1.53 0.00 0.00 0.00 0.00 0.00 0.00 0.00 0.00 0.00 0.00 0.00 0.00 0.00 0.00 0.00 0.00 0.00 0.00 0.00 2.04 0.73 1.31 0.88 0.00 0.37 0.07 1.46 0.00 0.00 0.00 0.00 1.31 0.37 0.37 0.00 0.00 0.00 0.00 0.00 0.37 0.37 2.92 2.19 3.50 5.33 5.62 4.09 1.53 2.19 2.34 0.00 0.00 0.00 0.00 0.00 0.00 0.00 0.00 0.00 0.00 0.00 0.00 0.00 0.00 0.00 0.00 0.00 0.00 0.00 0.00 0.00 0.00 0.00
0.00 0.00 0.00 0.00 1.39 0.00 0.15 0.00 0.00 0.00 0.00 0.00 0.00 0.00 0.00 0.00 0.00 0.00 0.00 0.00 0.00 0.00 0.00 0.00 0.00 0.00 0.00 0.00 0.00 0.66 0.00 0.00 0.00 0.00 0.00 0.00 0.00 0.00 0.00 0.00 0.00 0.00 1.17 0.44 0.00 0.00 0.00 0.00 0.00 0.00 0.07 0.07 1.90 4.67 4.38 4.60 3.36 0.00 0.00 0.00 0.00 0.00 0.00 0.00 0.00 0.00 0.00 0.00 0.00 0.00 0.00 0.00 0.00 0.00 0.00 0.00 0.00 0.00 0.00 0.00 0.00 0.00 0.00 0.00
0.00 0.00 0.00 0.00 0.00 0.00 0.00 0.00 0.00 0.00 0.00 0.00 0.00 0.00 0.00 0.00 0.00 0.00 0.00 0.00 0.00 0.00 0.00 0.00 0.00 0.00 0.00 0.00 0.00 0.00 0.00 0.00 0.00 0.00 0.00 0.00 0.00 0.00 0.00 0.00 0.00 0.00 0.00 0.00 0.00 0.00 0.00 0.00 0.00 0.00 0.07 0.07 4.96 4.38 2.19 0.00 0.00 0.00 0.00 0.00 0.00 0.00 0.00 0.00 0.00 0.00 0.00 0.00 0.00 0.00 0.00 0.00 0.00 0.00 0.00 0.00 0.00 0.00 0.00 0.00 0.00 0.00 0.00 0.00
0.00 0.00 0.00 0.00 0.00 0.00 0.00 0.00 0.00 0.00 0.00 0.00 0.00 0.00 0.00 0.00 0.00 0.00 0.00 0.00 0.00 0.00 0.00 0.00 0.00 0.00 0.00 0.00 0.00 0.00 0.00 0.00 0.00 0.00 0.00 0.00 0.00 0.00 0.00 0.00 0.00 0.00 0.00 0.00 0.00 0.37 1.10 0.29 0.88 5.18 5.99 5.99 6.50 3.87 1.68 0.00 0.00 0.00 0.00 0.00 0.00 0.00 0.00 0.00 0.00 0.00 0.00 0.00 0.00 0.00 0.00 0.00 0.00 0.00 0.00 0.00 0.00 0.00 0.00 0.00 0.00 0.00 0.00 0.00
0.00 0.00 0.00 0.00 0.00 0.00 0.00 0.00 0.00 0.00 0.00 0.00 0.00 0.00 0.00 0.00 0.00 0.00 0.00 0.00 0.00 0.00 0.00 0.00 0.00 0.00 0.00 0.00 0.00 0.00 0.00 0.00 0.00 0.00 0.00 0.00 0.00 0.00 0.00 0.00 0.00 0.00 0.00 0.00 0.00 0.37 1.10 0.29 0.88 5.18 5.99 5.99 6.50 3.87 1.68 0.00 0.00 0.00 0.00 0.00 0.00 0.00 0.00 0.00 0.00 0.00 0.00 0.00 0.00 0.00 0.00 0.00 0.00 0.00 0.00 0.00 0.00 0.00 0.00 0.00 0.00 0.00 0.00 0.00
0.00 0.00 0.00 0.00 0.00 0.00 0.00 0.29 0.00 0.00 0.00 0.00 0.00 0.00 0.00 0.00 0.00 0.00 0.00 0.00 0.00 0.00 0.00 0.00 0.00 0.00 0.00 0.00 0.00 0.00 0.00 0.00 0.00 0.00 0.00 0.00 0.00 0.00 0.00 0.00 0.00 0.00 0.00 0.00 0.00 0.66 1.97 3.21 5.84 6.94 6.86 6.86 3.50 1.24 2.48 0.00 0.00 0.00 0.00 0.00 0.00 0.00 0.00 0.00 0.00 0.00 0.00 0.00 0.00 0.00 0.00 0.00 0.00 0.00 0.00 0.00 0.00 0.00 0.00 0.00 0.00 0.00 0.00 0.00
0.00 0.00 0.00 0.00 0.00 0.00 0.66 1.02 0.29 0.00 0.00 0.00 0.00 0.00 0.00 0.00 0.00 0.00 0.00 0.00 0.00 0.00 0.00 0.00 0.00 0.00 0.00 0.00 0.00 0.00 0.00 0.00 0.00 0.00 0.00 0.00 0.00 0.00 0.00 0.00 0.00 0.00 0.00 0.00 0.00 0.00 1.53 2.34 3.65 5.26 5.11 5.11 1.68 0.15 0.00 0.00 0.00 0.00 0.00 0.00 0.00 0.00 0.00 0.00 0.00 0.00 0.00 0.00 0.00 0.00 0.00 0.00 0.00 0.00 0.00 0.00 0.00 0.00 0.00 0.00 0.00 0.00 0.00 0.00
