Wansh/Snow_depth/snowdepth-1992/winter/1992353.txt
ncols 321
nrows 161
xllcenter 60
yllcenter 15 
cellsize  0.25 
NODATA_value -1
[rows 76 to 113 of 161, columns 84 to 167 of 321]
0.80 1.39 2.04 1.83 1.61 2.70 3.36 2.85 3.87 3.72 4.45 5.33 5.40 5.33 5.04 5.11 4.67 3.80 3.80 3.36 3.58 3.50 2.92 2.77 3.36 4.16 0.00 4.45 3.72 2.56 0.00 0.00 0.00 0.00 0.00 0.00 0.00 0.00 0.00 2.70 2.12 1.97 2.48 2.48 2.56 0.66 3.07 2.99 2.99 2.56 3.50 2.04 1.46 1.39 2.41 0.58 0.80 1.17 1.10 1.75 1.39 3.07 3.36 2.34 2.26 0.95 1.68 2.34 2.34 5.99 8.10 8.76 4.09 1.10 1.17 0.00 0.00 0.00 0.00 0.00 0.00 0.00 0.00 0.75
2.04 3.29 2.92 2.48 2.56 2.99 3.21 2.85 3.65 4.45 4.89 6.06 6.13 5.62 5.40 5.48 4.23 2.85 2.85 2.99 3.36 2.63 4.09 4.09 3.50 3.07 0.00 3.58 2.77 2.41 0.00 0.00 0.00 0.00 0.00 0.00 0.00 0.00 0.00 0.00 0.00 2.92 0.00 0.00 0.00 2.19 0.00 4.31 0.00 3.29 3.43 3.58 1.75 1.10 3.29 2.48 2.77 2.04 1.90 2.19 1.39 1.68 4.45 4.89 4.16 3.29 3.36 4.23 4.23 5.11 5.26 6.06 1.97 0.95 1.61 0.00 0.00 0.00 0.00 0.00 0.00 0.00 0.00 0.44
3.21 4.53 3.43 3.58 2.77 3.07 3.07 4.96 5.33 5.26 5.04 5.55 5.84 5.62 5.33 5.55 5.26 3.94 3.94 3.80 4.82 4.89 4.45 3.65 4.02 3.58 3.29 3.58 0.00 0.00 0.00 0.00 0.00 0.00 0.00 0.00 0.00 0.00 0.00 0.00 0.00 0.00 0.00 0.00 0.00 0.00 0.00 0.00 0.00 0.00 0.00 0.00 0.00 3.87 3.87 2.85 2.99 2.56 2.56 2.56 2.26 4.31 4.53 4.16 2.04 2.12 4.02 4.60 4.60 4.23 3.94 3.80 0.80 0.88 0.00 0.00 0.00 0.00 0.00 0.00 0.00 1.39 2.71 3.11
3.94 3.36 2.77 2.92 3.29 3.72 3.50 4.89 5.04 5.40 5.55 5.55 5.48 5.33 5.26 4.60 5.55 5.26 5.26 4.53 4.16 4.23 4.67 4.60 3.87 3.58 0.00 0.00 0.00 0.00 0.00 0.00 0.00 0.00 0.00 0.00 0.00 0.00 0.00 0.00 0.00 0.00 0.00 0.00 0.00 0.00 0.00 0.00 0.00 0.00 0.00 0.00 0.00 0.00 3.29 0.00 2.19 1.83 2.85 2.63 2.99 3.21 3.50 2.63 1.31 1.10 1.90 3.80 3.80 2.04 2.26 0.58 0.44 0.37 0.81 0.00 2.20 0.00 0.00 0.00 0.00 1.46 3.07 1.98
0.00 0.00 0.00 0.00 3.87 3.29 2.63 4.09 4.31 5.04 5.91 5.48 5.18 4.23 4.16 4.23 4.31 2.99 2.99 3.07 2.56 0.00 3.14 3.72 0.00 0.00 0.00 0.00 0.00 0.00 0.00 0.00 0.00 0.00 0.00 0.00 0.00 0.00 0.00 0.00 0.00 0.00 0.00 0.00 0.00 0.00 0.00 0.00 0.00 0.00 0.00 0.00 0.00 0.00 0.00 0.00 0.00 0.00 1.90 1.75 1.68 1.68 2.70 2.48 0.73 0.00 0.00 0.00 0.00 0.37 0.66 1.97 3.43 0.44 0.95 2.05 1.87 0.99 0.66 1.39 0.22 0.00 2.12 0.00
0.00 0.00 0.00 0.00 3.72 5.04 3.43 3.21 0.00 4.02 5.18 5.33 4.60 4.02 3.94 3.94 4.16 2.99 2.99 2.34 2.12 0.00 3.29 2.99 3.94 0.00 1.17 1.83 0.00 0.00 0.00 0.00 0.00 0.00 0.00 0.00 0.00 0.00 0.00 0.00 3.50 0.00 0.00 0.00 0.00 0.00 0.00 0.00 0.00 0.00 0.00 0.00 0.00 0.00 0.00 1.17 0.00 1.97 1.02 0.88 1.61 2.26 1.75 0.44 0.00 0.00 0.00 0.00 0.00 0.00 1.83 3.21 5.48 3.87 2.70 7.04 5.53 2.98 2.72 2.17 1.17 0.15 0.00 0.00
0.73 0.66 0.00 0.00 3.80 4.67 2.70 2.77 3.43 2.92 5.18 6.50 6.57 4.67 4.67 4.45 1.68 0.22 0.22 0.29 0.00 0.00 0.00 0.00 1.53 1.68 0.00 0.00 0.00 0.00 0.00 0.00 0.00 0.00 0.00 0.00 0.00 0.00 0.00 2.12 0.00 0.00 0.00 0.00 0.00 0.00 0.00 0.00 0.00 0.00 0.00 0.00 0.00 0.00 1.02 0.73 0.66 0.51 0.95 0.00 0.73 1.90 1.97 1.46 1.24 0.00 1.61 0.80 0.80 0.88 2.41 2.92 4.67 5.40 8.76 8.91 7.23 5.84 3.07 3.30 1.97 0.51 1.97 1.75
0.88 0.37 0.44 0.00 1.02 0.00 2.70 2.77 3.43 5.77 5.18 6.50 6.57 4.67 3.43 0.00 0.00 0.00 0.00 0.00 0.00 0.00 0.00 0.00 0.00 0.00 0.00 0.00 0.00 0.00 0.00 0.00 0.00 0.00 0.00 0.00 0.00 0.00 0.00 0.95 0.00 0.00 0.00 0.00 0.00 0.00 0.00 0.00 0.00 0.00 0.00 1.61 0.80 1.10 0.80 0.95 0.88 0.88 0.88 0.51 0.29 1.39 1.24 1.90 0.80 1.17 2.19 2.70 2.70 2.04 1.97 1.68 2.12 3.87 7.88 8.91 9.42 7.08 4.16 2.70 1.39 2.99 2.70 0.00
1.83 0.66 0.66 0.37 0.51 1.46 0.00 0.00 0.00 0.00 0.00 0.00 2.41 0.00 0.00 0.00 2.63 0.00 0.00 0.00 4.31 0.00 1.90 1.61 2.56 0.00 2.92 2.77 1.83 0.00 0.00 0.00 0.00 0.00 2.04 0.00 0.00 0.66 1.24 1.10 1.97 2.04 0.95 0.95 0.00 0.00 0.00 0.00 0.00 1.68 2.26 1.17 1.24 1.39 1.97 3.29 2.04 1.39 0.44 1.17 0.22 0.95 1.10 1.39 1.53 2.34 2.12 2.41 2.41 1.61 1.61 1.61 3.21 3.58 4.31 5.62 6.50 4.89 4.67 3.65 2.41 3.72 2.92 0.00
1.97 1.39 1.46 1.83 2.19 1.83 3.36 4.23 3.50 3.80 0.00 0.00 0.00 0.00 0.00 4.31 0.00 3.87 3.87 0.00 5.40 5.77 4.38 2.63 4.45 2.92 2.99 2.99 2.77 1.83 0.00 0.00 0.00 2.56 0.00 0.00 0.00 0.00 2.34 0.00 1.31 0.29 0.00 0.00 1.02 0.00 0.00 0.00 2.12 0.66 1.24 1.02 0.88 1.83 3.14 4.74 3.21 0.00 0.00 0.00 0.44 0.22 1.13 1.02 1.61 1.90 1.31 1.17 1.17 2.19 3.29 5.26 4.67 2.92 2.56 2.56 4.67 5.33 5.40 4.31 3.50 3.94 2.77 0.00
0.95 0.80 1.75 2.19 2.34 1.90 0.00 3.07 0.00 3.14 3.14 3.72 0.00 3.36 3.80 3.80 4.23 4.38 4.38 4.67 4.60 5.33 4.89 3.50 2.41 2.77 2.92 3.21 3.14 4.45 0.00 0.00 0.00 0.00 0.00 0.00 0.00 0.00 0.00 4.67 2.56 1.90 0.00 0.00 0.66 1.39 1.39 1.53 0.66 0.95 0.07 0.44 1.68 1.46 3.07 5.04 3.50 3.43 0.29 2.04 0.37 1.10 2.16 2.77 2.92 2.77 2.19 3.07 3.07 3.43 5.33 6.94 8.47 4.82 2.56 2.63 2.77 3.36 4.67 4.38 3.94 2.92 0.00 0.00
1.53 1.75 1.83 2.34 0.00 2.12 0.00 0.00 0.00 0.00 2.70 2.99 3.58 3.43 3.43 2.99 3.29 3.58 3.58 4.31 4.74 4.02 4.23 4.53 2.99 3.14 3.36 2.85 3.07 2.85 0.00 0.00 0.00 0.00 0.00 0.00 0.00 4.23 3.72 4.45 4.31 2.70 0.00 0.00 2.12 1.39 1.24 1.10 0.73 1.10 0.37 0.73 0.29 1.02 2.19 2.63 2.41 3.58 3.36 1.97 1.75 1.68 2.34 2.34 3.11 3.58 3.07 4.09 4.09 4.23 5.11 8.61 6.06 4.45 2.70 2.48 1.90 2.85 2.56 3.87 4.60 3.50 2.77 0.00
0.95 1.17 1.61 0.00 0.00 0.00 0.00 0.00 0.00 1.90 0.00 2.70 0.00 0.00 3.65 3.80 3.65 2.92 2.92 2.99 3.87 2.99 2.56 3.29 3.43 3.50 4.23 3.07 0.00 3.14 0.00 0.00 2.92 0.00 3.14 0.00 3.58 4.23 3.50 3.07 3.36 3.14 0.00 0.00 3.14 2.63 1.61 1.90 2.26 1.53 1.10 1.31 0.00 0.51 1.97 2.04 1.46 2.19 3.21 2.41 1.68 1.24 1.97 2.04 6.19 7.18 8.47 6.79 6.79 7.30 5.26 6.20 3.94 2.99 3.72 1.24 1.53 1.90 2.56 2.26 3.43 3.80 2.19 0.00
1.31 0.51 1.10 1.83 0.00 0.00 0.00 0.00 0.00 0.00 0.00 0.00 0.00 2.85 0.00 2.77 2.63 0.00 0.00 3.36 0.00 0.00 3.50 0.00 3.50 3.43 3.65 2.92 2.19 0.00 0.00 0.00 3.07 3.29 3.21 0.00 2.56 3.65 0.00 0.00 3.43 3.58 0.00 0.00 3.07 3.07 3.14 3.58 4.31 3.50 1.61 3.80 1.75 0.73 4.16 2.92 2.04 1.68 3.11 1.70 2.19 1.97 2.61 8.83 11.26 12.12 11.68 8.69 8.69 8.32 5.62 4.16 5.04 4.16 2.41 2.56 2.26 2.34 2.41 2.75 2.76 2.56 2.27 2.79
0.95 0.66 0.73 0.95 1.02 0.00 0.00 0.88 0.80 0.00 0.00 0.00 0.00 0.00 0.00 0.00 2.70 2.12 2.12 2.92 0.00 0.00 0.00 0.00 0.00 2.99 3.14 1.46 1.46 0.00 0.00 2.63 0.00 2.19 0.00 0.00 2.26 2.19 0.00 0.00 0.00 0.00 0.00 0.00 0.00 1.39 3.14 2.26 4.31 4.53 3.72 4.89 3.94 4.67 7.59 5.18 5.11 3.29 7.88 5.77 3.61 2.41 5.97 7.88 10.66 8.69 11.33 11.27 10.91 9.10 8.18 5.55 5.33 5.62 5.26 3.65 3.21 2.70 1.99 2.29 2.09 2.77 2.90 2.72
0.73 0.80 0.95 0.88 1.10 1.10 0.88 0.58 1.10 0.73 0.00 0.00 0.00 0.00 0.00 0.00 0.00 0.00 0.00 2.12 0.00 0.00 0.00 0.00 0.00 0.00 1.61 0.00 0.00 0.00 0.00 0.00 0.00 0.00 0.00 0.00 0.00 0.00 0.00 0.00 0.00 0.00 0.00 0.00 0.66 0.95 2.34 1.46 2.56 4.02 5.11 4.96 6.35 9.93 8.25 11.02 9.86 17.67 15.93 11.65 8.18 6.13 4.25 5.25 8.06 10.21 9.20 10.73 10.78 9.16 7.92 6.20 7.08 5.18 5.50 3.80 2.19 2.34 2.05 2.35 3.40 2.41 2.92 3.99
0.73 0.73 1.02 0.44 0.44 0.80 0.73 0.22 0.00 0.73 0.73 0.29 0.00 0.58 1.02 1.90 2.12 1.46 1.46 1.83 0.00 0.00 0.00 0.00 0.00 0.00 0.00 0.00 0.00 0.00 0.00 0.00 0.00 0.00 0.00 0.00 0.00 0.00 0.00 0.00 0.00 0.00 0.00 0.00 0.00 1.17 1.39 1.53 2.12 5.55 5.69 7.66 9.86 10.44 10.80 14.89 17.23 18.61 14.97 18.42 7.74 11.70 6.49 4.22 5.69 9.13 7.79 9.20 9.20 6.50 6.06 6.27 7.85 6.45 5.58 4.42 3.21 2.08 1.96 2.61 3.87 4.21 4.08 3.65
1.68 0.58 0.37 0.88 1.02 1.31 1.75 0.00 0.00 0.66 0.88 0.00 0.00 0.00 0.88 1.68 2.04 0.51 0.51 1.31 2.41 1.68 1.97 0.00 0.00 1.90 1.39 0.00 0.00 0.00 0.00 0.00 0.00 0.00 0.00 0.00 0.00 0.00 0.00 0.00 0.00 0.00 0.00 0.00 0.00 0.00 1.75 2.70 3.36 7.81 7.96 8.10 10.73 10.80 11.61 11.83 18.27 20.08 22.48 19.93 13.65 17.22 12.18 6.45 5.03 6.36 6.16 2.92 2.92 2.88 5.34 5.90 7.34 6.75 6.00 4.99 2.77 4.74 3.14 2.48 3.67 5.53 6.97 4.87
1.10 1.02 1.02 0.44 0.80 1.31 1.53 1.68 0.00 0.00 1.31 0.22 0.00 0.00 0.58 2.04 1.90 0.00 0.00 0.00 2.04 1.31 0.00 0.00 1.53 1.68 1.17 0.00 0.00 0.00 0.00 0.00 0.00 0.00 0.00 0.00 0.00 0.00 0.00 0.00 0.00 0.00 0.00 0.00 0.00 0.00 2.19 3.14 4.82 9.78 10.73 9.20 12.74 11.44 11.62 11.93 19.49 22.92 24.82 24.60 19.93 16.80 7.15 8.79 4.95 5.65 4.79 2.12 2.13 2.41 3.16 4.22 5.65 7.46 7.34 6.86 6.26 7.11 5.07 3.06 4.00 5.10 7.26 5.74
0.95 1.31 0.80 0.95 1.31 1.02 2.19 2.56 0.00 0.00 0.73 0.44 0.00 0.00 0.00 0.58 0.00 0.00 0.00 0.00 0.00 2.04 0.88 0.00 1.02 1.83 1.46 0.00 0.44 1.39 0.00 0.00 0.00 0.00 0.00 0.00 1.75 0.00 0.00 0.00 0.00 0.00 0.00 0.00 0.00 1.75 3.36 4.53 7.88 10.66 12.34 12.05 13.43 14.29 12.58 12.72 15.89 20.00 22.38 23.45 21.35 10.78 9.39 5.59 5.95 3.32 3.82 2.05 2.05 1.47 2.29 2.03 4.73 7.99 8.22 8.51 8.49 8.30 6.06 5.24 7.11 6.35 9.55 6.22
2.41 0.88 0.66 2.56 2.56 2.92 2.99 1.75 0.73 0.80 1.75 0.29 0.00 0.00 1.02 0.51 0.73 0.00 0.00 0.00 0.00 0.00 0.00 0.00 2.56 2.04 1.90 2.04 0.00 0.00 0.00 0.00 0.00 0.00 0.00 0.22 0.00 0.00 0.00 0.00 0.00 0.00 0.00 0.00 5.18 4.82 5.04 5.55 7.23 13.29 12.78 13.43 13.58 16.14 12.29 15.98 16.10 13.30 13.56 17.81 11.13 10.42 9.86 8.03 8.45 3.55 2.59 2.59 2.56 2.00 1.04 1.89 7.80 8.71 9.20 8.36 6.30 5.71 5.75 6.56 7.53 11.14 11.12 8.48
6.79 0.00 0.00 1.75 2.85 2.85 3.29 3.50 2.19 2.12 2.70 2.19 0.00 0.00 1.10 0.58 0.58 0.58 0.58 0.00 0.00 0.00 0.00 0.00 0.00 2.34 3.07 2.99 2.56 3.21 0.00 0.00 0.00 2.48 1.46 0.95 0.00 0.00 0.00 0.00 0.00 5.04 4.31 4.31 5.40 5.62 5.55 6.57 9.49 11.46 12.79 14.53 15.36 16.45 16.17 11.81 12.70 9.86 9.55 8.41 8.88 9.68 10.01 9.05 8.08 6.82 3.63 3.24 3.15 1.90 1.10 1.89 8.18 10.03 9.61 9.27 9.33 7.42 8.49 8.72 10.86 10.91 11.85 9.40
12.48 0.00 4.45 6.13 6.79 6.35 5.77 3.58 2.92 0.80 1.10 2.41 2.70 1.83 2.26 0.95 0.51 0.00 0.00 1.31 3.36 1.10 1.31 0.66 1.83 1.31 1.90 1.90 2.63 2.48 2.56 1.90 2.41 1.61 2.70 3.14 3.80 0.00 4.89 3.14 3.21 3.29 4.53 4.53 4.53 5.84 7.30 6.94 8.47 10.51 12.49 12.00 13.48 14.77 17.32 7.82 9.99 12.75 13.56 11.45 12.47 12.41 12.32 11.06 7.88 6.02 5.07 3.97 3.91 3.36 2.56 4.99 5.18 11.65 13.70 12.85 11.57 11.22 10.43 6.19 8.38 9.82 9.53 9.31
10.37 11.02 8.69 8.69 9.20 10.15 6.79 8.69 2.48 0.07 0.00 0.95 2.77 2.77 4.09 2.70 1.02 0.73 0.73 1.53 1.24 1.02 1.10 1.31 1.31 0.22 1.02 1.83 1.83 3.14 1.39 1.53 0.88 2.92 2.56 2.70 4.23 6.06 4.23 1.10 1.10 2.41 2.04 2.04 3.50 5.40 7.15 5.84 7.07 8.90 7.98 8.10 8.85 8.64 10.06 8.01 8.05 8.37 12.05 13.17 14.67 14.52 18.96 14.52 8.03 10.73 7.19 5.48 5.40 2.26 2.26 3.19 7.39 10.90 13.44 13.65 11.95 9.73 4.64 6.01 7.35 8.50 10.50 7.53
4.89 11.68 9.42 7.30 8.61 13.07 13.29 7.66 5.62 1.17 0.00 0.00 1.02 3.43 3.21 3.07 2.41 1.31 1.31 0.29 0.66 1.39 0.73 0.73 0.07 1.61 0.58 0.37 1.31 1.97 1.17 1.24 0.95 1.39 1.90 4.31 4.60 1.61 1.02 0.00 0.29 0.95 2.48 2.48 2.41 5.18 6.20 5.60 7.22 7.54 8.44 8.83 10.09 9.25 8.98 8.45 6.56 5.99 6.70 14.69 16.09 17.88 20.81 20.44 13.72 7.52 11.40 7.70 8.56 3.69 2.38 5.10 7.57 11.07 12.50 12.31 10.80 9.05 6.05 5.94 11.05 8.38 8.91 8.46
2.77 9.78 9.13 6.79 4.67 8.61 12.85 12.11 8.47 4.53 0.73 0.00 0.00 1.10 2.12 1.97 0.80 1.68 1.68 1.39 0.58 0.00 1.39 0.58 0.00 0.00 0.00 0.15 0.37 1.39 0.58 0.95 0.00 1.53 1.24 3.14 2.63 0.95 0.15 0.73 0.00 0.66 0.37 0.37 1.61 2.77 4.89 7.04 6.79 8.01 8.52 9.83 11.74 9.05 6.63 8.39 4.81 6.27 4.48 10.09 15.97 19.52 18.56 22.92 20.81 15.06 12.67 13.19 12.71 6.72 6.28 5.71 7.86 9.76 13.07 10.03 10.23 9.33 8.11 7.46 12.17 10.34 17.62 12.21
0.00 0.00 0.00 0.00 0.00 3.50 6.64 8.98 7.52 4.16 1.61 0.15 0.00 0.00 0.95 1.31 0.07 0.00 0.00 0.29 0.66 0.00 0.00 0.29 0.00 0.00 0.00 0.00 0.00 0.29 0.00 0.44 0.00 0.00 0.15 1.75 2.26 0.51 0.00 0.66 0.00 0.15 0.00 0.00 0.51 1.75 4.16 5.62 6.20 6.06 8.45 8.71 7.89 7.90 7.06 6.77 5.74 5.50 7.24 9.22 10.97 15.37 23.14 26.47 20.10 17.38 15.91 14.85 14.93 11.53 10.44 6.29 6.05 8.17 8.22 8.88 9.61 9.61 8.85 8.98 9.10 12.09 17.39 15.82
0.00 0.00 0.00 0.00 0.00 0.00 4.16 7.52 9.56 7.15 4.31 1.68 0.00 0.22 0.00 0.00 0.00 0.15 0.15 0.00 0.00 0.00 0.00 0.00 0.00 0.00 0.00 0.00 0.00 0.00 0.00 0.00 0.00 0.00 0.00 1.39 1.17 1.17 0.00 0.00 0.00 0.00 0.00 0.00 0.22 2.04 1.61 3.29 4.97 3.61 6.53 8.57 11.55 7.25 5.57 5.25 8.76 6.04 5.06 7.04 9.61 16.79 17.58 22.35 15.57 19.78 16.99 14.44 16.90 8.65 10.68 11.15 7.12 6.95 5.33 7.34 8.84 9.05 10.56 9.10 11.04 8.91 11.11 10.40
0.00 0.00 0.00 0.00 0.00 0.00 0.00 3.94 6.79 9.49 6.79 4.16 2.04 0.95 1.90 1.75 0.00 0.00 0.00 0.00 0.00 0.00 0.00 0.00 0.00 0.00 0.00 0.00 0.00 0.00 0.00 0.00 0.00 0.00 0.59 1.02 0.95 2.12 0.00 0.00 0.00 0.00 0.00 0.00 0.22 0.00 0.44 0.76 2.52 3.31 4.55 8.05 6.00 4.60 5.23 6.92 0.00 0.00 0.00 0.00 11.91 9.27 15.89 18.84 12.54 18.25 19.62 17.31 19.37 13.00 10.16 8.29 6.60 5.75 6.64 7.67 9.46 11.02 13.09 9.16 10.20 8.93 14.41 9.19
0.00 0.00 0.00 0.00 0.00 0.00 0.00 0.00 8.69 8.32 8.10 3.94 4.16 5.69 2.56 3.48 1.70 1.83 1.83 0.00 0.00 0.00 0.00 0.00 0.00 0.00 0.00 0.00 0.00 0.00 0.00 0.00 0.00 0.00 0.73 2.04 1.97 0.00 0.00 0.00 0.00 0.22 0.51 0.51 0.44 0.88 0.44 0.15 1.68 6.16 6.90 6.47 6.57 3.60 0.00 0.00 0.00 0.00 0.00 0.00 11.08 10.33 9.88 15.39 11.21 13.94 21.59 14.29 14.60 15.80 10.24 7.98 8.80 7.00 6.27 7.84 14.60 12.06 9.67 6.59 8.06 9.47 8.55 7.35
0.00 0.00 0.00 0.00 0.00 0.00 0.00 0.00 3.29 4.09 4.74 3.07 3.58 3.58 3.43 6.60 5.48 4.28 3.99 0.00 1.02 0.73 0.00 0.00 0.00 0.00 0.00 0.22 0.00 0.00 0.00 0.00 0.00 0.58 1.24 1.46 3.21 2.26 0.00 0.00 1.68 2.26 1.31 1.31 1.02 1.02 0.73 1.00 3.59 6.72 8.00 4.08 7.89 0.00 0.00 0.00 0.00 0.00 0.00 0.00 0.00 5.94 8.67 10.69 15.31 11.83 18.54 16.86 20.61 19.77 10.50 8.98 8.65 7.68 7.06 13.96 11.01 12.63 8.85 5.62 5.11 6.14 4.45 4.52
0.00 0.00 0.00 0.00 0.00 0.00 0.00 0.00 0.00 0.00 0.00 0.00 0.00 0.00 0.00 0.00 3.36 1.83 1.86 3.72 3.72 5.91 3.72 5.11 2.70 3.58 1.97 2.48 2.99 0.88 3.58 2.92 1.17 1.46 3.72 2.99 4.96 4.31 1.53 4.18 3.91 4.57 4.38 4.38 4.09 1.46 1.61 2.20 3.94 3.30 2.49 0.00 0.00 0.00 0.00 0.00 0.00 0.00 0.00 0.00 0.00 0.00 5.61 4.59 14.13 15.51 6.37 12.55 14.03 5.61 6.87 7.35 6.90 4.93 3.07 8.01 6.28 7.94 7.25 1.91 1.32 0.00 0.00 0.00
0.00 0.00 0.00 0.00 0.00 0.00 0.00 0.00 0.00 0.00 0.00 0.00 0.00 0.00 0.00 0.00 0.00 0.00 0.00 0.00 0.00 4.54 5.33 4.96 4.23 4.43 3.89 5.40 4.38 3.87 4.23 4.89 2.19 1.39 3.36 4.02 3.14 5.33 4.45 5.18 5.62 5.12 4.96 5.55 3.50 2.99 4.82 3.67 2.92 0.00 0.00 0.00 0.00 0.00 0.00 0.00 0.00 0.00 0.00 0.00 0.00 0.00 0.00 0.00 10.07 11.29 0.00 5.26 5.26 0.00 3.22 5.82 5.21 2.99 3.24 4.62 3.93 4.80 0.32 1.11 0.00 0.00 0.00 0.00
0.00 0.00 0.00 0.00 0.00 0.00 0.00 0.00 0.00 0.00 0.00 0.00 0.00 0.00 0.00 0.00 0.00 0.00 0.00 0.00 0.00 0.00 3.07 4.53 3.29 2.64 0.00 4.31 3.72 5.55 2.41 3.94 2.15 0.95 1.68 0.00 0.00 4.82 3.36 3.14 4.42 0.00 1.74 2.21 4.92 2.00 2.63 6.50 0.00 0.00 0.00 0.00 0.00 0.00 0.00 0.00 0.00 0.00 0.00 0.00 0.00 0.00 0.00 0.00 0.00 4.35 3.21 0.00 0.00 4.37 3.97 4.27 3.50 1.85 2.21 3.76 2.92 0.00 0.00 0.00 0.00 0.00 0.00 0.00
0.00 0.00 0.00 0.00 0.00 0.00 0.00 0.00 0.00 0.00 0.00 0.00 0.00 0.00 0.00 0.00 0.00 0.00 0.00 0.00 0.00 0.00 0.00 0.00 0.00 0.00 0.00 3.21 0.00 3.43 0.00 3.31 1.85 0.00 0.00 0.00 0.00 2.41 0.00 0.00 0.00 0.00 0.00 0.00 0.00 0.00 0.00 0.00 0.00 0.00 0.00 0.00 0.00 0.00 0.00 0.00 0.00 0.00 0.00 0.00 0.00 0.00 0.00 0.00 0.00 0.00 0.00 0.00 0.00 0.00 0.00 0.00 2.45 0.00 0.00 2.20 2.88 0.00 0.00 0.00 0.00 0.00 0.00 0.00
0.00 0.00 0.00 0.00 0.00 0.00 0.00 0.00 0.00 0.00 0.00 0.00 0.00 0.00 0.00 0.00 0.00 0.00 0.00 0.00 0.00 0.00 0.00 0.00 0.00 0.00 0.00 0.00 0.00 0.00 0.00 0.00 0.00 0.00 0.00 0.00 0.00 0.00 0.00 0.00 0.00 0.00 0.00 0.00 0.00 0.00 0.00 0.00 0.00 0.00 0.00 0.00 0.00 0.00 0.00 0.00 0.00 0.00 0.00 0.00 0.00 0.00 0.00 0.00 0.00 0.00 0.00 0.00 0.00 0.00 0.00 0.00 0.00 0.00 0.00 0.00 0.00 0.00 0.00 0.00 0.00 0.00 0.00 0.00
0.00 0.00 0.00 0.00 0.00 0.00 0.00 0.00 0.00 0.00 0.00 0.00 0.00 0.00 0.00 0.00 0.00 0.00 0.00 0.00 0.00 0.00 0.00 0.00 0.00 0.00 0.00 0.00 0.00 0.00 0.00 0.00 0.00 0.00 0.00 0.00 0.00 0.00 0.00 0.00 0.00 0.00 0.00 0.00 0.00 0.00 0.00 0.00 0.00 0.00 0.00 0.00 0.00 0.00 0.00 0.00 0.00 0.00 0.00 0.00 0.00 0.00 0.00 0.00 0.00 0.00 0.00 0.00 0.00 0.00 0.00 0.00 0.00 0.00 0.00 0.00 0.00 0.00 0.00 0.00 0.00 0.00 0.00 0.00
0.00 0.00 0.00 0.00 0.00 0.00 0.00 0.00 0.00 0.00 0.00 0.00 0.00 0.00 0.00 0.00 0.00 0.00 0.00 0.00 0.00 0.00 0.00 0.00 0.00 0.00 0.00 0.00 0.00 0.00 0.00 0.00 0.00 0.00 0.00 0.00 0.00 0.00 0.00 0.00 0.00 0.00 0.00 0.00 0.00 0.00 0.00 0.00 0.00 0.00 0.00 0.00 0.00 0.00 0.00 0.00 0.00 0.00 0.00 0.00 0.00 0.00 0.00 0.00 0.00 0.00 0.00 0.00 0.00 0.00 0.00 0.00 0.00 0.00 0.00 0.00 0.00 0.00 0.00 0.00 0.00 0.00 0.00 0.00
