Wansh/Snow_depth/snowdepth-1992/winter/1992356.txt
ncols 321
nrows 161
xllcenter 60
yllcenter 15 
cellsize  0.25 
NODATA_value -1
[rows 0 to 37 of 161, columns 168 to 251 of 321]
4.60 1.24 2.04 1.83 1.83 1.83 1.31 2.99 2.77 2.77 3.29 3.36 3.43 3.07 3.36 3.21 4.38 4.09 6.64 6.06 6.86 5.91 5.91 6.06 5.84 5.91 0.00 2.19 0.00 0.00 0.00 0.00 6.86 9.56 8.98 8.98 7.88 9.05 8.69 9.93 9.05 7.01 7.30 6.06 5.84 6.20 5.91 5.55 5.77 5.40 5.69 4.38 4.38 5.55 4.74 5.69 6.28 8.40 8.40 8.40 8.40 8.40 9.78 9.27 10.15 12.56 11.97 11.39 10.15 10.51 7.88 7.66 6.86 6.86 7.96 8.76 8.76 10.29 11.90 11.53 10.95 11.61 11.61 11.32
5.11 5.62 5.33 3.36 2.19 1.46 2.04 1.68 3.58 3.58 3.14 3.87 3.36 3.21 2.92 2.92 4.16 5.04 4.74 6.35 5.48 5.77 5.62 5.26 5.84 0.00 0.00 0.00 0.00 0.00 0.00 6.64 4.74 7.96 7.01 7.01 6.94 6.50 8.03 10.15 9.42 8.69 9.13 7.88 7.30 6.57 6.79 5.40 5.62 5.77 6.06 5.91 6.28 5.84 5.91 5.84 5.77 6.06 7.08 7.45 7.45 8.61 9.64 11.32 11.53 11.53 11.90 11.75 10.66 8.91 9.34 8.25 7.37 7.66 7.74 8.18 7.88 9.34 8.98 10.07 10.29 8.25 7.45 7.74
6.72 5.84 6.13 3.94 0.44 1.17 0.80 2.99 2.41 2.41 4.09 3.94 3.50 3.43 3.36 4.67 6.50 5.55 6.20 5.04 5.40 5.40 4.96 5.99 0.00 0.29 0.00 0.00 0.00 0.00 0.00 6.35 4.74 6.64 5.33 5.33 5.40 5.40 8.61 10.29 10.51 9.64 8.03 7.37 6.50 6.64 6.57 6.28 4.67 6.64 6.42 6.50 6.28 6.06 5.33 5.62 5.55 5.91 6.57 9.13 9.13 7.45 9.56 10.37 10.73 11.32 11.02 11.32 10.29 8.47 7.08 7.23 7.74 7.66 6.79 7.08 6.94 8.10 8.25 7.30 7.23 7.52 7.01 6.94
6.72 5.84 6.13 3.94 0.44 1.17 0.80 2.99 2.41 2.41 4.09 3.94 3.50 3.43 3.36 4.67 6.50 5.55 6.20 5.04 5.40 5.40 4.96 5.99 0.00 0.29 0.00 0.00 0.00 0.00 0.00 6.35 4.74 6.64 5.33 5.33 5.40 5.40 8.61 10.29 10.51 9.64 8.03 7.37 6.50 6.64 6.57 6.28 4.67 6.64 6.42 6.50 6.28 6.06 5.33 5.62 5.55 5.91 6.57 9.13 9.13 7.45 9.56 10.37 10.73 11.32 11.02 11.32 10.29 8.47 7.08 7.23 7.74 7.66 6.79 7.08 6.94 8.10 8.25 7.30 7.23 7.52 7.01 6.94
5.99 6.28 4.89 4.82 1.83 0.00 0.00 1.75 2.48 2.48 2.34 3.29 4.38 3.36 4.74 4.60 5.33 6.42 6.64 4.67 3.58 3.43 0.00 0.00 0.00 0.00 0.00 0.00 0.00 0.00 4.60 1.53 5.62 5.48 5.18 5.18 5.40 6.57 7.96 8.61 8.47 8.69 7.81 6.72 6.13 6.42 6.64 5.77 5.77 5.99 5.77 5.91 5.84 5.91 5.91 5.04 4.96 5.04 6.79 8.10 8.10 8.69 9.71 9.34 10.29 10.37 9.86 8.25 7.59 7.74 7.59 6.94 6.35 6.57 6.50 5.84 6.86 6.57 7.23 7.23 7.88 8.03 7.88 7.45
5.77 5.48 5.69 4.02 2.19 2.77 1.75 1.31 2.56 2.56 3.29 2.99 4.31 5.62 5.33 6.13 5.77 5.62 5.04 1.24 3.36 0.00 0.00 0.00 0.00 0.00 0.00 0.00 0.00 0.00 0.00 6.06 5.69 6.35 5.40 5.40 6.94 7.01 6.72 6.50 8.32 8.61 8.18 7.15 6.86 6.72 6.79 6.57 6.50 6.57 5.91 5.84 5.48 5.55 5.62 5.04 5.40 4.89 5.62 6.72 6.72 8.03 9.13 7.66 8.18 8.03 7.01 6.42 6.86 6.13 5.91 5.55 6.20 5.69 5.40 5.18 6.13 6.20 6.57 7.96 8.03 7.23 8.47 8.10
5.26 5.11 4.89 5.04 3.80 2.19 2.85 3.72 4.74 4.74 4.67 4.16 4.16 5.04 5.91 5.69 5.40 3.87 4.09 1.17 0.00 0.00 0.00 0.00 0.00 0.00 0.00 0.00 2.26 0.22 4.16 4.89 3.80 6.13 8.32 8.32 8.25 7.74 6.86 6.28 6.94 8.32 8.69 8.18 6.72 7.30 8.40 7.74 7.59 7.37 6.28 6.64 5.55 5.11 3.65 4.38 4.23 4.38 4.96 5.84 5.84 5.40 6.79 7.74 7.52 6.06 6.50 5.99 6.20 6.06 6.35 5.69 4.53 4.16 4.38 4.60 3.80 5.18 5.26 5.09 8.03 7.51 7.86 11.08
5.26 5.11 4.89 5.04 3.80 2.19 2.85 3.72 4.74 4.74 4.67 4.16 4.16 5.04 5.91 5.69 5.40 3.87 4.09 1.17 0.00 0.00 0.00 0.00 0.00 0.00 0.00 0.00 2.26 0.22 4.16 4.89 3.80 6.13 8.32 8.32 8.25 7.74 6.86 6.28 6.94 8.32 8.69 8.18 6.72 7.30 8.40 7.74 7.59 7.37 6.28 6.64 5.55 5.11 3.65 4.38 4.23 4.38 4.96 5.84 5.84 5.40 6.79 7.74 7.52 6.06 6.50 5.99 6.20 6.06 6.35 5.69 4.53 4.16 4.38 5.32 5.24 7.46 7.20 8.66 13.26 9.99 10.11 11.50
4.74 4.96 4.82 4.53 4.60 4.45 3.65 3.50 4.67 4.67 4.31 4.31 4.60 4.96 4.67 2.77 0.00 0.58 0.00 0.00 0.00 0.00 0.00 0.00 0.00 0.00 5.69 0.00 4.16 3.43 4.09 3.58 5.40 7.52 8.25 8.25 7.81 8.61 6.94 5.77 6.64 7.37 9.05 7.52 6.79 8.54 9.34 8.10 7.81 7.45 6.50 5.18 4.23 4.31 3.29 3.21 3.87 4.74 5.62 5.62 5.62 6.20 6.06 7.23 6.79 7.01 6.28 6.50 6.13 4.67 3.94 4.16 4.16 4.06 4.43 5.46 5.74 6.75 6.22 7.65 7.09 7.97 7.17 8.58
5.55 3.80 4.53 4.45 4.67 4.45 4.53 4.02 3.36 3.36 3.58 3.65 3.29 3.65 0.00 1.83 0.00 0.00 0.00 0.00 0.00 0.00 0.00 0.00 4.89 5.11 3.58 4.23 3.50 3.07 3.43 4.67 5.11 6.79 6.35 6.35 7.52 7.15 5.77 6.50 8.10 7.15 7.15 7.59 7.66 7.96 8.32 7.96 8.10 6.57 5.48 5.48 4.09 4.09 4.16 3.87 4.09 5.11 6.42 7.66 7.66 7.66 6.64 7.59 7.52 7.01 6.13 5.62 4.67 4.89 4.31 3.65 3.77 5.12 5.06 4.87 6.67 6.79 6.35 6.95 5.71 8.23 8.37 7.94
6.94 8.40 5.26 4.60 4.09 4.74 4.16 4.60 1.83 1.83 0.00 0.07 0.00 0.00 0.00 0.00 0.00 0.00 0.00 0.00 0.00 0.00 0.00 0.88 0.00 3.50 3.80 3.29 3.80 3.87 4.53 4.53 5.48 5.18 6.06 6.06 6.42 7.52 6.64 7.30 7.52 7.08 7.52 5.26 8.03 6.35 4.31 4.38 4.82 4.67 5.48 4.82 4.45 4.09 4.38 3.94 5.69 7.74 5.77 8.32 8.32 8.69 8.18 7.59 6.64 6.06 6.28 5.18 4.60 3.65 3.80 3.72 3.97 3.41 3.54 5.21 5.70 5.72 4.97 5.92 6.62 6.60 6.34 6.24
6.94 8.40 5.26 4.60 4.09 4.74 4.16 4.60 1.83 1.83 0.00 0.07 0.00 0.00 0.00 0.00 0.00 0.00 0.00 0.00 0.00 0.00 0.00 0.88 0.00 3.50 3.80 3.29 3.80 3.87 4.53 4.53 5.48 5.18 6.06 6.06 6.42 7.52 6.64 7.30 7.52 7.08 7.52 5.26 8.03 6.35 4.31 4.38 4.82 4.67 5.48 4.82 4.45 4.09 4.38 3.94 5.69 7.74 5.77 8.32 8.32 8.69 8.18 7.59 6.64 6.06 6.28 5.18 4.60 3.65 3.80 3.72 3.87 3.36 3.43 4.84 5.08 5.30 5.30 6.15 6.62 6.45 6.97 6.68
10.95 7.30 7.74 5.77 4.82 3.80 4.60 0.07 2.19 2.19 0.00 0.00 0.00 0.00 0.00 0.00 0.00 0.00 1.75 0.00 4.23 3.07 3.21 2.85 3.29 3.65 2.92 4.09 4.16 5.26 4.31 4.31 5.04 5.62 6.42 6.42 7.08 6.94 6.72 7.45 5.91 6.64 4.96 5.26 6.20 5.55 4.09 3.94 4.53 4.82 5.40 4.31 4.60 4.60 4.38 4.74 6.13 7.74 8.91 7.88 7.88 7.81 7.66 7.66 7.15 6.50 5.04 4.60 4.60 4.67 5.40 4.31 4.53 3.29 3.97 4.35 5.75 5.08 5.54 5.67 5.37 6.01 6.63 6.26
11.83 11.61 7.81 6.35 6.50 5.04 1.83 3.21 0.00 0.00 0.00 0.00 0.00 0.00 0.00 0.00 0.00 2.92 1.02 2.99 2.85 2.04 2.70 3.50 3.80 3.65 4.31 5.26 5.26 5.11 5.40 5.55 5.55 5.99 6.28 6.28 7.59 7.59 6.94 7.45 6.86 7.37 4.96 5.69 4.67 6.35 5.62 5.91 4.89 4.82 4.89 5.04 4.45 4.45 3.94 4.89 5.26 6.06 6.72 7.96 7.96 7.81 8.25 8.47 8.47 7.08 6.42 6.94 5.91 6.13 5.84 6.06 5.26 6.10 5.92 7.53 5.52 5.80 6.85 6.48 7.25 6.41 5.30 7.18
13.94 13.29 13.72 11.46 11.02 8.32 5.11 0.00 3.07 3.07 0.00 0.00 0.00 0.00 0.00 0.00 0.00 2.19 2.56 1.83 2.85 3.58 3.94 3.87 3.65 4.31 4.96 5.55 5.26 5.48 6.20 6.13 5.69 5.62 7.30 7.30 6.72 6.86 6.86 8.10 7.45 5.55 6.06 6.28 7.37 6.79 7.30 6.20 6.64 5.91 6.20 5.48 3.58 4.09 0.00 4.02 4.45 5.69 6.50 7.08 7.08 7.30 7.81 7.66 8.40 7.81 7.96 7.30 6.72 7.66 6.94 7.15 7.22 10.17 9.03 9.29 10.63 9.08 8.00 7.21 7.25 7.21 7.04 5.96
14.53 14.09 12.56 12.92 11.97 10.22 9.78 9.71 9.20 9.20 8.61 8.76 8.47 5.84 3.65 3.87 3.50 3.36 3.14 3.36 4.45 4.53 4.67 4.38 4.96 5.55 5.40 4.67 5.84 5.84 6.64 8.10 8.10 7.88 7.74 7.74 8.69 8.32 7.96 7.15 7.66 7.01 8.91 6.50 6.06 8.32 8.03 7.52 8.18 6.57 4.16 2.85 3.21 3.94 3.87 4.23 6.20 5.84 7.81 7.37 7.37 7.88 7.23 9.56 9.20 8.32 8.76 7.23 7.37 8.40 9.13 10.24 12.64 11.49 12.72 10.30 11.00 8.65 8.44 9.04 7.55 7.89 5.39 5.70
14.53 14.09 12.56 12.92 11.97 10.22 9.78 9.71 9.20 9.20 8.61 8.76 8.47 5.84 3.65 3.87 3.50 3.36 3.14 3.36 4.45 4.53 4.67 4.38 4.96 5.55 5.40 4.67 5.84 5.84 6.64 8.10 8.10 7.88 7.74 7.74 8.69 8.32 7.96 7.15 7.66 7.01 8.91 6.50 6.06 8.32 8.03 7.52 8.18 6.57 4.16 2.85 3.21 3.94 3.87 4.23 6.20 5.84 7.81 7.37 7.37 7.88 7.23 9.56 9.20 8.32 8.76 7.23 7.37 8.40 9.13 12.57 11.85 12.48 11.42 12.74 11.16 9.56 8.61 8.15 7.30 6.79 5.86 6.48
10.80 13.72 13.21 13.14 11.02 11.17 8.32 8.03 8.32 8.32 7.01 6.50 6.35 6.06 4.23 3.07 2.85 3.87 4.89 4.38 4.60 4.60 4.89 5.04 4.82 5.18 5.40 5.99 6.13 6.50 8.10 7.88 8.32 8.40 8.76 8.76 9.49 8.47 8.91 8.98 10.00 9.64 10.07 9.42 8.32 7.59 7.74 7.30 7.59 5.33 3.58 0.00 0.00 0.00 0.00 3.65 5.77 7.59 7.96 7.37 7.37 7.88 9.13 8.83 9.71 6.79 7.23 7.59 7.59 8.32 10.82 11.21 13.26 12.86 11.62 11.10 10.63 9.21 8.37 8.27 7.89 7.10 6.35 4.49
9.64 13.36 13.72 14.09 11.61 10.15 10.51 7.66 5.62 5.62 4.60 4.67 5.84 6.72 7.59 7.52 5.69 5.62 5.48 5.91 5.40 6.64 6.35 6.42 6.20 6.20 6.50 6.28 5.84 7.01 7.88 8.10 8.54 9.34 9.05 9.05 9.86 9.42 9.49 9.20 9.78 11.53 10.44 10.07 8.98 7.96 8.10 6.79 7.23 5.99 3.80 0.00 0.00 0.00 0.00 3.29 3.94 6.79 5.84 6.72 6.72 6.57 6.94 5.84 6.13 5.84 6.64 7.88 6.42 8.88 9.00 7.59 8.54 8.70 9.97 9.86 9.52 9.80 10.26 8.25 8.18 7.35 6.96 7.30
9.93 11.10 11.17 10.88 10.88 10.73 8.98 6.57 7.15 7.15 5.18 5.99 5.62 7.08 7.88 7.01 7.45 6.13 7.88 8.25 7.88 8.10 7.37 6.50 7.23 6.79 6.86 6.28 6.86 7.81 9.20 10.51 10.51 10.59 10.37 10.37 10.51 10.66 10.07 10.00 10.44 10.15 11.02 10.66 10.44 10.22 10.22 8.40 6.72 4.89 0.00 3.29 0.00 0.00 0.00 0.00 3.80 3.43 4.60 6.35 6.35 4.82 3.87 4.60 4.16 3.21 3.80 3.43 5.40 5.91 6.35 6.50 7.88 6.64 6.86 7.58 9.56 11.68 13.89 10.29 10.92 10.29 6.94 7.88
9.42 7.30 6.42 6.35 7.01 8.18 9.05 8.25 8.10 8.10 6.13 6.42 9.86 11.83 10.80 11.32 8.91 9.13 8.83 9.71 10.59 12.78 10.07 10.00 8.54 7.66 8.25 7.15 9.13 10.07 10.66 12.56 12.12 11.90 14.02 14.02 12.19 12.63 10.51 10.29 10.51 11.97 9.93 11.17 9.78 10.00 10.00 7.66 6.86 5.48 4.53 3.65 0.00 0.00 0.00 0.00 0.00 0.00 2.99 0.00 0.00 0.00 0.00 2.41 0.00 0.00 2.70 3.65 3.14 4.67 6.72 5.18 5.99 6.13 7.03 9.06 10.27 11.57 13.93 13.60 14.11 12.08 10.46 9.21
6.42 6.50 5.77 6.06 5.84 7.23 8.03 8.10 8.10 8.10 9.56 9.64 9.56 11.39 11.24 9.20 9.64 9.13 14.67 13.72 13.43 13.65 11.83 10.51 9.42 9.56 12.12 11.75 10.29 12.12 11.53 14.24 13.94 13.43 14.60 14.60 13.07 12.12 12.56 11.90 12.48 11.02 11.68 9.93 11.53 8.40 7.08 7.45 7.23 7.15 8.61 5.99 0.00 0.00 0.00 0.00 0.00 0.00 0.00 0.00 0.00 0.00 0.00 0.00 0.00 0.00 0.00 2.56 4.82 4.67 3.50 4.31 5.77 6.86 7.00 8.16 13.80 12.24 15.14 12.54 10.65 11.95 13.29 11.59
6.42 6.50 5.77 6.06 5.84 7.23 8.03 8.10 8.10 8.10 9.56 9.64 9.56 11.39 11.24 9.20 9.64 9.13 14.67 13.72 13.43 13.65 11.83 10.51 9.42 9.56 12.12 11.75 10.29 12.12 11.53 14.24 13.94 13.43 14.60 14.60 13.07 12.12 12.56 11.90 12.48 11.02 11.68 9.93 11.53 8.40 7.08 7.45 7.23 7.15 8.61 5.99 0.00 0.00 0.00 0.00 0.00 0.00 0.00 0.00 0.00 0.00 0.00 0.00 0.00 0.00 0.00 2.56 4.82 4.67 3.50 4.31 5.77 6.86 6.72 8.21 10.72 10.77 12.68 14.60 13.03 12.20 10.42 10.69
6.28 8.32 5.55 6.20 7.15 6.86 8.32 9.42 11.61 11.61 11.17 11.53 13.87 15.18 14.67 15.11 11.83 15.18 14.45 16.13 14.31 11.75 10.44 10.15 11.83 12.63 12.26 14.09 14.67 12.41 14.31 13.14 14.38 13.58 13.65 13.65 14.31 14.60 17.37 17.89 15.77 14.24 17.30 17.23 14.97 12.63 9.93 10.07 8.91 9.13 9.34 7.66 0.00 0.00 0.00 0.00 0.00 0.00 0.00 0.00 0.00 0.00 0.00 0.00 0.00 0.00 0.00 0.00 2.41 2.63 2.56 4.09 6.79 6.64 8.47 7.78 9.91 11.38 13.24 13.36 11.61 9.64 9.09 9.88
6.20 8.76 10.95 10.66 10.15 7.45 8.91 8.10 12.48 12.48 15.77 16.79 16.86 16.79 17.16 14.82 15.91 14.02 14.97 15.11 12.99 12.26 11.46 11.46 11.68 11.90 13.51 16.43 17.30 14.82 14.16 15.26 13.14 15.99 16.72 16.72 16.35 17.08 20.51 20.59 18.47 18.40 17.45 18.54 17.45 13.65 6.94 7.23 6.35 0.00 0.00 0.00 0.00 0.00 0.00 0.00 0.00 0.00 0.00 0.00 0.00 0.00 0.00 0.00 0.00 0.00 1.39 1.02 2.41 3.72 6.28 6.94 6.94 5.40 7.56 7.89 9.76 9.64 8.95 10.61 12.53 7.26 8.89 9.23
10.22 10.07 10.95 9.42 6.57 7.23 7.37 11.39 15.11 15.11 14.24 16.94 18.25 18.03 17.37 17.37 16.06 15.33 14.89 14.75 12.63 13.72 12.12 12.63 13.07 13.94 14.89 17.45 17.89 15.77 17.08 17.67 17.23 17.08 18.76 18.76 22.63 21.90 23.14 21.24 18.47 17.23 19.71 11.46 6.72 7.88 4.74 4.23 0.00 0.00 0.00 0.00 0.00 0.00 0.00 0.00 0.00 0.00 0.00 0.00 0.00 0.00 0.00 0.00 0.00 0.00 1.75 2.85 4.38 4.09 5.99 5.04 5.26 5.16 6.60 8.79 8.87 7.13 8.41 9.32 8.09 8.05 7.09 7.04
6.86 7.52 7.74 8.47 5.40 4.96 5.84 8.83 7.45 7.45 10.80 14.09 13.36 16.64 16.35 16.06 16.35 15.33 11.68 12.70 12.41 9.86 10.95 13.94 13.14 13.36 14.16 16.43 17.08 17.74 17.16 17.59 18.40 19.35 18.61 18.61 21.83 16.21 19.20 20.29 17.52 10.00 8.47 7.88 4.60 0.00 0.00 0.00 0.00 0.00 0.00 0.00 0.00 3.58 0.00 0.00 0.00 0.00 0.00 0.00 0.00 0.00 0.00 0.00 0.00 0.00 0.88 2.92 4.16 3.94 5.33 5.33 6.25 7.90 8.97 9.86 12.15 12.13 11.45 11.27 8.13 7.20 8.42 6.46
5.40 5.33 6.35 4.45 5.18 2.63 0.00 4.53 3.94 3.94 6.94 10.00 11.68 6.28 6.20 6.06 8.18 8.32 10.15 5.04 6.13 6.94 8.47 5.99 10.59 12.41 11.10 13.07 14.09 14.45 14.53 16.13 9.64 13.43 5.99 5.99 7.15 10.51 4.16 7.23 9.34 12.41 5.04 3.21 0.00 0.00 0.00 0.00 0.00 0.00 0.00 0.00 0.00 0.00 0.00 0.00 0.00 0.00 0.00 0.00 0.00 0.00 0.00 0.00 0.00 1.97 0.00 3.07 4.89 5.40 6.29 6.36 8.59 9.36 11.60 12.51 14.04 13.02 11.98 10.02 9.24 7.16 7.51 6.92
5.40 5.33 6.35 4.45 5.18 2.63 0.00 4.53 3.94 3.94 6.94 10.00 11.68 6.28 6.20 6.06 8.18 8.32 10.15 5.04 6.13 6.94 8.47 5.99 10.59 12.41 11.10 13.07 14.09 14.45 14.53 16.13 9.64 13.43 5.99 5.99 7.15 10.51 4.16 7.23 9.34 12.41 5.04 3.21 0.00 0.00 0.00 0.00 0.00 0.00 0.00 0.00 0.00 0.00 0.00 0.00 0.00 0.00 0.00 0.00 0.00 0.00 0.00 0.00 0.00 1.97 0.00 3.07 4.89 5.40 6.32 6.29 7.77 10.43 12.37 14.60 16.29 12.60 12.51 9.73 9.77 8.49 6.86 5.87
0.00 0.00 0.00 4.23 0.00 0.00 0.00 0.00 4.60 4.60 4.89 5.33 5.55 4.60 3.72 3.50 2.34 2.77 3.29 3.43 3.87 0.00 3.80 0.00 5.18 8.03 7.08 13.29 10.95 10.66 3.29 5.55 6.28 7.52 2.56 2.56 0.66 4.45 1.39 0.37 4.89 6.64 1.31 1.24 1.53 1.68 0.00 4.16 0.00 0.00 0.00 2.85 0.00 2.92 0.00 0.00 0.00 0.00 1.31 0.00 0.00 0.00 0.00 0.00 0.00 0.00 4.82 4.45 4.40 5.24 6.56 8.33 9.53 12.43 15.72 14.85 13.46 13.52 11.92 9.46 6.89 8.28 6.48 4.40
11.97 9.71 6.50 0.00 4.23 0.00 0.00 0.00 0.00 0.00 0.00 4.82 4.38 4.31 3.65 3.72 2.41 1.97 4.31 3.87 0.00 0.00 0.00 2.12 0.00 4.38 7.01 8.18 7.81 7.59 1.31 1.97 1.24 1.61 1.97 1.97 1.10 0.37 0.07 0.00 1.31 1.10 1.39 1.53 1.02 3.29 4.53 4.23 5.11 4.82 5.18 4.23 4.38 3.36 0.00 0.00 0.00 0.00 0.73 1.75 1.75 1.02 0.00 2.12 0.00 3.14 3.29 4.67 5.33 6.20 5.99 8.65 12.87 15.49 15.74 15.07 13.84 9.38 8.86 9.19 5.90 4.18 6.35 4.59
12.05 12.85 9.27 4.53 0.00 0.00 0.00 0.00 0.00 0.00 3.50 3.36 3.87 3.94 4.02 4.02 3.94 4.02 3.94 4.02 3.58 2.77 0.00 0.00 0.00 0.00 0.00 2.04 1.39 0.73 0.88 0.73 1.53 0.00 0.73 0.73 0.80 0.00 0.00 0.00 0.15 0.51 1.17 1.90 2.19 3.43 3.58 3.65 4.82 4.53 5.33 4.16 5.62 4.23 2.41 1.61 1.02 0.00 0.88 0.95 0.95 0.95 1.61 2.70 3.72 3.58 3.72 4.89 6.28 7.15 6.72 8.56 13.11 14.81 12.63 14.95 10.22 8.92 5.86 5.12 4.78 2.67 1.08 3.44
14.53 9.93 6.06 7.01 4.16 0.00 0.00 0.00 0.00 0.00 0.00 0.00 3.21 3.36 3.87 3.80 4.89 4.60 4.23 3.36 2.48 2.56 0.00 0.00 0.00 0.00 0.00 2.92 0.80 1.24 0.58 0.51 0.00 0.00 0.00 0.00 0.00 0.00 0.00 0.00 0.00 0.58 0.44 1.17 2.26 2.56 0.00 0.00 4.02 4.67 4.23 4.09 4.67 3.21 2.19 1.10 1.46 0.73 1.46 1.90 1.90 0.88 1.61 5.69 5.48 5.69 5.91 5.91 6.35 7.23 9.05 8.85 12.86 13.97 12.02 8.24 7.95 8.09 4.69 1.43 1.24 1.62 0.15 0.67
8.98 9.93 5.26 3.50 0.00 0.00 0.00 0.00 0.00 0.00 0.00 0.00 0.00 0.00 3.14 3.14 3.65 3.50 3.50 2.12 2.19 1.90 0.00 0.00 4.09 3.21 4.38 4.45 3.14 1.24 0.22 0.00 0.29 0.00 0.00 0.00 0.00 0.00 0.00 0.00 0.00 0.00 0.00 0.00 1.75 0.00 0.00 0.00 0.00 0.00 2.77 3.21 2.34 3.65 4.09 3.72 6.94 6.13 4.82 3.80 3.80 5.62 6.20 6.28 6.28 6.86 6.28 7.01 9.05 9.05 9.78 11.75 8.68 8.96 6.43 6.17 4.40 3.17 4.34 0.74 0.08 0.00 0.29 0.00
9.42 5.55 6.50 3.50 2.99 2.63 0.00 0.00 0.00 0.00 0.00 0.00 0.00 4.16 2.85 2.41 2.70 2.48 2.77 0.00 0.00 0.00 0.00 0.00 0.00 3.94 4.89 0.00 0.00 0.00 1.46 0.00 2.85 2.77 2.85 2.85 3.50 0.00 0.00 0.00 0.00 0.00 0.00 2.34 0.00 0.00 0.00 0.00 2.48 0.00 1.53 2.92 2.92 3.36 5.04 6.94 8.32 8.40 7.08 8.32 8.32 6.94 7.15 7.01 7.52 7.96 7.59 11.61 12.05 12.12 10.66 11.45 8.57 4.99 4.65 3.67 3.58 1.56 0.26 0.39 0.00 0.00 0.00 0.00
9.42 5.55 6.50 3.50 2.99 2.63 0.00 0.00 0.00 0.00 0.00 0.00 0.00 4.16 2.85 2.41 2.70 2.48 2.77 0.00 0.00 0.00 0.00 0.00 0.00 3.94 4.89 0.00 0.00 0.00 1.46 0.00 2.85 2.77 2.85 2.85 3.50 0.00 0.00 0.00 0.00 0.00 0.00 2.34 0.00 0.00 0.00 0.00 2.48 0.00 1.53 2.92 2.92 3.36 5.04 6.94 8.32 8.40 7.08 8.32 8.32 6.94 7.15 7.01 7.52 7.96 7.59 11.61 12.05 12.12 10.66 11.39 8.44 4.92 4.65 3.83 3.19 1.49 0.25 0.41 0.00 0.00 0.00 0.00
9.86 5.77 3.65 5.55 3.80 3.80 6.06 3.87 3.14 3.14 0.00 3.07 0.00 3.21 3.58 2.48 0.00 0.00 0.00 0.00 0.00 0.00 0.00 0.00 0.00 2.48 2.26 0.00 0.00 0.00 0.00 0.00 4.31 4.16 4.60 4.60 4.89 2.19 0.29 0.44 0.37 0.37 2.04 3.80 3.07 3.50 2.41 2.56 1.83 1.83 1.97 1.97 1.68 5.77 5.18 7.08 7.74 9.27 9.27 9.34 9.34 9.49 8.10 10.15 10.15 9.64 13.07 12.41 13.58 10.73 9.56 10.07 6.06 3.61 2.57 2.36 2.66 1.76 0.00 0.00 0.00 0.00 0.37 0.45
4.02 3.21 3.14 5.48 7.81 8.03 4.96 5.62 4.09 4.09 4.16 3.50 0.00 0.00 3.14 2.70 2.85 0.00 0.00 0.00 0.00 0.00 0.00 2.85 0.00 1.97 0.00 2.85 0.00 0.00 2.85 4.60 4.16 5.48 4.45 4.45 2.99 1.02 1.46 0.37 0.80 0.00 1.24 3.21 3.87 3.21 2.56 2.48 2.70 3.21 3.29 4.53 5.04 5.33 6.35 6.13 8.10 9.78 9.34 10.22 10.22 10.29 10.00 11.10 8.10 8.91 11.39 11.39 9.78 10.73 10.00 5.18 6.50 4.02 2.26 1.06 0.68 0.86 0.00 0.00 0.00 0.29 0.37 1.20
