Wansh/Snow_depth/snowdepth-1992/winter/1992361.txt
ncols 321
nrows 161
xllcenter 60
yllcenter 15 
cellsize  0.25 
NODATA_value -1
[rows 0 to 37 of 161, columns 0 to 83 of 321]
2.26 2.26 1.75 5.84 6.28 6.06 8.10 7.08 9.56 9.86 9.71 10.00 11.10 11.02 12.56 10.73 11.02 10.80 11.46 11.97 10.15 10.66 11.17 11.53 10.73 11.24 11.24 11.17 11.32 10.95 11.39 11.24 11.39 12.26 11.90 12.78 13.07 13.14 14.02 14.38 14.38 14.09 13.51 13.80 14.09 13.72 14.38 15.55 16.64 16.50 16.79 16.79 17.16 15.55 16.57 18.76 20.08 19.56 19.86 19.27 19.05 19.13 18.18 17.08 16.43 14.60 16.57 16.64 16.64 12.99 12.78 12.78 14.60 15.70 15.70 15.99 15.99 15.91 15.84 15.70 14.75 14.31 14.53 14.97
6.64 6.64 6.13 5.77 7.30 8.54 8.25 9.42 9.27 9.78 10.51 11.02 11.68 12.70 12.63 13.21 13.51 13.07 12.26 12.48 12.12 12.19 12.85 10.80 11.10 11.17 11.17 11.53 11.90 10.80 12.63 12.12 13.58 12.99 15.26 15.99 14.45 14.89 14.53 15.55 14.24 14.67 13.65 14.09 15.04 13.65 14.97 16.13 16.21 18.61 17.59 17.59 18.32 17.30 16.50 17.59 17.30 19.05 19.71 17.01 15.70 17.67 16.50 13.43 13.14 10.95 10.29 9.86 10.66 9.49 10.07 11.17 13.21 13.29 12.78 14.31 14.31 12.78 13.87 12.99 13.94 14.38 13.21 12.85
6.79 6.79 7.15 6.86 6.86 8.25 8.83 8.76 9.56 10.07 10.88 11.68 11.68 12.26 13.72 13.29 13.07 11.97 12.26 11.90 12.85 12.19 10.44 10.73 11.46 11.83 11.83 11.97 12.12 11.97 12.85 13.94 13.72 14.97 15.77 15.40 15.91 15.18 15.04 15.40 15.48 14.60 13.72 13.87 14.45 14.67 14.97 15.62 14.02 14.89 12.99 12.99 14.53 15.26 15.04 15.99 12.34 13.58 15.18 12.78 12.48 13.72 13.58 11.17 13.94 10.66 7.59 7.52 7.88 9.05 9.42 9.78 7.66 9.42 8.98 11.75 11.75 11.02 8.98 11.32 10.73 11.83 12.26 11.97
6.79 6.79 7.15 6.86 6.86 8.25 8.83 8.76 9.56 10.07 10.88 11.68 11.68 12.26 13.72 13.29 13.07 11.97 12.26 11.90 12.85 12.19 10.44 10.73 11.46 11.83 11.83 11.97 12.12 11.97 12.85 13.94 13.72 14.97 15.77 15.40 15.91 15.18 15.04 15.40 15.48 14.60 13.72 13.87 14.45 14.67 14.97 15.62 14.02 14.89 12.99 12.99 14.53 15.26 15.04 15.99 12.34 13.58 15.18 12.78 12.48 13.72 13.58 11.17 13.94 10.66 7.59 7.52 7.88 9.05 9.42 9.78 7.66 9.42 8.98 11.75 11.75 11.02 8.98 11.32 10.73 11.83 12.26 11.97
8.25 8.25 8.03 8.54 8.03 8.03 9.86 13.07 10.73 12.63 13.14 13.43 12.19 11.83 13.72 13.29 13.21 12.34 11.39 11.46 11.32 11.61 11.61 11.46 11.17 12.19 12.19 11.83 11.83 12.05 12.85 12.41 14.97 15.40 15.33 15.11 13.43 13.43 12.26 12.34 12.34 11.39 11.53 11.53 11.32 10.95 11.10 12.12 11.83 12.92 8.54 8.54 7.52 9.34 9.05 10.37 6.42 8.54 8.18 9.71 7.96 10.59 9.49 7.37 7.45 7.15 7.01 7.15 6.42 6.35 6.13 6.06 6.64 7.37 7.66 8.32 8.32 7.30 7.88 8.69 8.10 9.64 8.69 9.34
11.90 11.90 9.56 9.71 10.00 11.68 11.53 13.87 14.82 15.04 13.72 14.09 14.31 13.29 13.72 13.29 13.87 13.72 12.70 11.24 11.32 11.68 12.41 12.56 12.34 11.90 11.90 11.90 11.46 11.32 12.34 14.67 14.09 15.62 15.48 15.55 13.94 12.56 12.85 12.05 11.53 11.68 11.10 8.83 11.02 8.61 6.72 6.35 7.37 7.15 5.40 5.40 2.70 0.00 4.67 4.96 3.87 4.82 5.48 6.28 4.89 7.01 7.81 5.91 5.77 4.67 5.11 5.48 5.18 6.06 5.55 5.18 6.35 6.20 7.88 8.10 8.10 7.66 7.74 7.74 8.54 8.76 9.93 9.05
11.90 11.90 11.46 9.93 10.00 11.61 12.48 13.87 14.67 14.38 14.67 13.80 12.99 12.99 13.51 12.85 13.43 13.14 13.07 12.19 12.26 12.19 12.85 12.85 12.92 12.05 12.05 11.61 11.68 11.90 13.80 13.29 13.43 13.07 12.92 14.02 13.72 13.94 12.12 10.44 10.73 8.61 8.18 8.18 7.66 6.72 6.86 6.20 4.53 4.45 4.67 4.67 0.00 0.00 0.00 0.00 0.00 0.00 3.21 3.65 2.63 2.99 3.14 3.50 3.50 4.23 4.74 4.45 3.80 4.02 4.09 0.00 0.00 6.06 6.13 6.28 6.28 7.08 7.88 8.03 7.74 6.50 6.86 6.57
11.90 11.90 11.46 9.93 10.00 11.61 12.48 13.87 14.67 14.38 14.67 13.80 12.99 12.99 13.51 12.85 13.43 13.14 13.07 12.19 12.26 12.19 12.85 12.85 12.92 12.05 12.05 11.61 11.68 11.90 13.80 13.29 13.43 13.07 12.92 14.02 13.72 13.94 12.12 10.44 10.73 8.61 8.18 8.18 7.66 6.72 6.86 6.20 4.53 4.45 4.67 4.67 0.00 0.00 0.00 0.00 0.00 0.00 3.21 3.65 2.63 2.99 3.14 3.50 3.50 4.23 4.74 4.45 3.80 4.02 4.09 0.00 0.00 6.06 6.13 6.28 6.28 7.08 7.88 8.03 7.74 6.50 6.86 6.57
11.39 11.39 11.61 10.51 10.95 11.02 11.46 12.26 14.16 14.02 13.07 13.14 12.92 14.09 14.09 13.29 13.51 13.29 13.14 12.34 12.34 13.94 13.51 13.80 13.07 13.36 13.36 12.19 12.48 12.26 13.51 13.43 13.58 12.48 13.07 12.78 13.87 13.21 13.51 11.83 10.29 7.52 7.74 6.13 5.33 5.62 4.82 4.53 3.21 2.41 2.70 2.70 0.00 0.00 0.00 0.00 0.00 0.00 0.00 0.00 2.34 2.56 2.26 2.63 2.34 2.77 2.92 3.29 3.14 3.21 3.43 3.29 3.65 0.00 5.62 4.23 4.23 2.41 0.00 0.00 4.82 3.72 6.20 5.69
11.83 11.83 10.37 10.51 11.17 11.39 11.90 11.97 11.24 11.32 12.26 12.41 12.19 13.29 13.36 13.51 12.63 11.97 12.19 11.53 12.19 12.41 12.99 12.70 12.92 12.12 12.12 12.56 12.19 14.38 13.29 13.87 12.12 11.83 11.61 12.99 13.51 12.78 12.63 11.75 12.12 10.22 7.15 7.81 6.50 6.86 5.33 3.36 3.87 2.70 0.00 0.00 0.00 0.00 0.00 0.00 0.00 0.00 0.00 0.00 0.00 0.00 0.00 0.00 0.00 2.04 2.19 2.77 2.12 1.83 0.00 3.21 3.43 2.92 2.70 2.99 2.99 2.70 2.41 0.00 2.92 0.00 5.33 4.89
11.61 11.61 10.15 10.59 11.53 11.68 11.68 11.17 11.17 11.97 11.97 12.19 13.29 12.85 12.85 10.73 10.88 11.97 11.90 11.90 11.53 10.37 10.88 9.71 11.17 11.83 11.83 13.14 14.24 14.24 14.09 12.05 12.41 11.75 13.43 13.14 14.24 13.87 14.53 13.72 14.53 12.99 9.93 10.80 7.81 9.34 7.66 4.96 4.82 0.00 0.00 0.00 0.00 0.00 0.00 0.00 0.00 0.00 3.50 0.00 0.00 0.00 0.00 0.00 0.00 2.56 2.48 1.83 2.12 1.97 0.00 0.00 0.00 3.14 2.99 2.85 2.85 2.70 1.83 1.90 2.70 3.58 0.00 3.07
11.61 11.61 10.15 10.59 11.53 11.68 11.68 11.17 11.17 11.97 11.97 12.19 13.29 12.85 12.85 10.73 10.88 11.97 11.90 11.90 11.53 10.37 10.88 9.71 11.17 11.83 11.83 13.14 14.24 14.24 14.09 12.05 12.41 11.75 13.43 13.14 14.24 13.87 14.53 13.72 14.53 12.99 9.93 10.80 7.81 9.34 7.66 4.96 4.82 0.00 0.00 0.00 0.00 0.00 0.00 0.00 0.00 0.00 3.50 0.00 0.00 0.00 0.00 0.00 0.00 2.56 2.48 1.83 2.12 1.97 0.00 0.00 0.00 3.14 2.99 2.85 2.85 2.70 1.83 1.90 2.70 3.58 0.00 3.07
9.56 9.56 10.44 10.22 10.88 11.97 11.83 12.41 12.70 12.48 13.87 14.02 14.02 12.63 10.95 11.32 10.00 10.66 10.37 12.12 11.39 10.80 9.56 9.93 10.00 12.92 12.92 13.58 13.36 12.78 12.05 12.26 11.17 10.29 10.00 12.26 14.53 13.80 14.31 14.89 12.34 14.24 13.14 11.90 10.00 10.15 9.64 6.35 5.26 0.00 0.00 0.00 0.00 0.00 0.00 0.00 0.00 1.68 0.00 0.00 0.00 0.00 0.00 0.00 0.00 0.00 0.00 0.00 0.00 0.00 0.00 0.00 0.00 0.00 0.00 2.85 2.85 1.97 2.26 2.19 0.00 2.04 0.00 2.41
10.29 10.29 10.95 13.07 12.85 13.94 12.48 12.70 11.61 11.46 13.14 12.78 11.24 11.39 9.34 8.18 8.76 8.98 11.10 10.80 12.12 11.10 11.97 9.93 10.29 11.46 11.46 12.41 12.48 12.56 11.83 11.32 11.32 10.15 11.10 8.61 12.48 10.22 9.78 9.42 10.07 11.53 11.53 11.53 10.95 9.49 7.23 4.67 4.16 3.72 3.94 3.94 3.80 3.72 0.00 1.97 1.17 1.02 0.00 1.31 2.99 0.00 0.00 0.00 2.63 0.00 2.92 3.14 1.90 0.00 0.00 0.00 0.00 3.21 0.00 2.41 2.41 2.12 1.97 1.97 1.46 1.10 1.39 1.17
12.26 12.26 12.19 13.51 13.58 13.43 10.29 10.29 10.44 9.71 8.25 8.47 9.64 8.32 8.83 7.37 6.72 6.86 10.51 12.41 12.34 12.12 10.66 10.80 10.15 8.91 8.91 8.40 8.10 7.01 6.20 6.06 6.57 7.01 7.08 7.01 8.47 9.05 8.83 8.69 7.37 7.96 8.32 9.93 9.27 6.57 5.11 5.69 5.18 3.87 4.16 4.16 4.23 4.02 2.34 0.00 0.00 0.95 0.95 1.17 2.92 2.92 0.00 0.00 2.92 0.00 0.00 2.77 0.00 0.00 0.00 0.00 0.00 0.00 0.00 0.00 0.00 0.00 2.12 1.53 0.00 1.31 1.68 1.46
12.63 12.63 13.87 13.87 11.97 9.34 9.64 8.47 8.10 8.10 7.23 6.50 6.94 6.72 7.45 7.96 7.30 8.03 8.10 9.05 11.10 9.93 11.24 10.15 10.29 8.98 8.98 7.66 6.28 6.28 4.89 5.11 4.67 5.11 5.84 3.94 4.53 4.23 7.30 7.88 8.25 7.52 8.03 7.30 5.77 6.13 5.40 4.09 3.14 3.36 4.02 4.02 3.72 1.83 1.46 1.75 0.00 0.73 0.00 1.46 0.00 0.00 0.00 0.00 0.00 2.19 2.70 0.00 0.00 0.00 0.88 1.10 0.00 0.00 0.00 0.00 0.00 0.00 0.00 1.83 1.83 1.75 1.90 0.00
12.63 12.63 13.87 13.87 11.97 9.34 9.64 8.47 8.10 8.10 7.23 6.50 6.94 6.72 7.45 7.96 7.30 8.03 8.10 9.05 11.10 9.93 11.24 10.15 10.29 8.98 8.98 7.66 6.28 6.28 4.89 5.11 4.67 5.11 5.84 3.94 4.53 4.23 7.30 7.88 8.25 7.52 8.03 7.30 5.77 6.13 5.40 4.09 3.14 3.36 4.02 4.02 3.72 1.83 1.46 1.75 0.00 0.73 0.00 1.46 0.00 0.00 0.00 0.00 0.00 2.19 2.70 0.00 0.00 0.00 0.88 1.10 0.00 0.00 0.00 0.00 0.00 0.00 0.00 1.83 1.83 1.75 1.90 0.00
11.83 11.83 12.85 10.73 11.17 8.98 9.49 9.34 9.71 7.81 7.81 6.28 7.08 6.94 8.03 7.74 7.30 7.74 8.32 9.93 9.34 9.20 7.37 7.08 8.61 9.05 9.05 8.76 8.10 6.13 4.60 4.60 3.36 3.29 2.85 2.92 2.63 4.96 3.21 6.42 6.13 7.30 5.99 6.28 5.91 5.11 0.00 0.00 0.00 0.00 0.00 0.00 2.34 1.24 0.80 0.00 0.00 0.00 0.00 1.83 0.00 0.00 0.00 0.00 0.00 0.00 2.34 2.19 0.00 0.00 1.68 0.00 0.00 0.00 2.34 1.90 1.90 0.00 2.04 2.19 2.34 1.61 2.12 1.83
10.73 10.73 10.66 11.53 11.97 11.83 13.80 10.80 11.39 8.47 9.71 7.52 8.10 8.83 7.96 7.81 8.40 7.15 6.72 6.42 7.30 7.15 5.18 6.42 5.26 8.25 8.25 7.88 6.86 6.86 5.69 4.16 4.38 3.36 0.95 0.00 0.00 0.00 0.00 4.67 4.89 5.26 5.26 4.60 4.31 4.60 0.00 0.00 4.09 0.00 0.00 0.00 0.00 1.39 2.04 0.00 0.00 0.00 0.00 0.00 0.00 0.00 0.00 0.00 0.00 2.48 2.19 0.00 0.00 0.00 0.00 3.50 0.00 0.00 0.00 0.00 0.00 2.41 0.00 2.85 1.68 1.90 1.53 0.58
9.64 9.64 11.10 10.07 13.80 14.67 15.11 10.80 9.05 9.49 10.59 12.99 11.53 11.97 8.69 8.76 8.40 6.86 4.96 4.74 4.02 3.43 3.07 2.70 3.94 5.77 5.77 5.40 6.28 5.04 4.31 4.60 3.14 1.31 0.00 0.00 0.00 2.41 3.58 5.11 5.18 5.18 4.38 5.11 5.04 0.00 3.80 4.09 0.00 3.87 0.00 0.00 0.00 0.00 0.00 0.00 0.00 0.00 0.00 0.00 0.00 0.00 0.00 3.21 2.92 2.34 2.85 2.77 0.00 0.00 0.00 0.00 0.00 0.00 0.00 0.00 0.00 3.29 2.70 2.77 0.00 2.70 1.83 1.39
9.05 9.05 11.61 14.60 13.72 14.97 10.73 12.34 6.13 10.29 12.34 12.41 10.00 8.32 7.59 5.91 2.92 7.37 4.02 2.85 2.41 3.65 3.43 4.09 3.94 5.91 5.91 6.50 5.40 5.62 4.23 2.56 2.63 2.26 2.92 2.77 3.21 2.70 4.60 4.67 5.11 4.67 4.53 3.50 0.00 0.00 4.31 4.31 4.60 4.02 0.00 0.00 0.00 0.00 0.00 0.00 0.00 0.00 0.00 0.00 0.00 0.00 0.00 3.14 3.58 2.63 0.00 4.67 4.02 4.82 0.00 4.96 3.87 4.02 0.00 0.00 0.00 0.00 0.00 3.58 0.00 0.00 3.36 0.00
9.42 9.42 10.15 14.02 12.05 12.56 11.02 4.02 2.04 1.83 2.99 3.36 7.30 5.77 3.21 3.58 0.37 0.80 1.61 0.95 2.85 3.80 5.40 5.62 4.82 6.42 6.42 6.94 5.84 5.18 5.62 5.62 5.69 5.04 3.87 4.23 3.72 5.26 5.69 5.84 6.28 0.00 0.00 0.00 0.00 3.50 4.74 5.04 0.00 0.00 0.00 0.00 0.00 0.00 0.00 0.00 2.48 0.00 4.02 4.31 3.29 0.00 0.00 4.82 5.04 4.89 5.11 5.11 5.18 5.18 5.26 5.18 4.31 4.74 3.80 3.80 3.80 3.94 0.00 3.87 4.89 0.00 0.00 0.00
9.42 9.42 10.15 14.02 12.05 12.56 11.02 4.02 2.04 1.83 2.99 3.36 7.30 5.77 3.21 3.58 0.37 0.80 1.61 0.95 2.85 3.80 5.40 5.62 4.82 6.42 6.42 6.94 5.84 5.18 5.62 5.62 5.69 5.04 3.87 4.23 3.72 5.26 5.69 5.84 6.28 0.00 0.00 0.00 0.00 3.50 4.74 5.04 0.00 0.00 0.00 0.00 0.00 0.00 0.00 0.00 2.48 0.00 4.02 4.31 3.29 0.00 0.00 4.82 5.04 4.89 5.11 5.11 5.18 5.18 5.26 5.18 4.31 4.74 3.80 3.80 3.80 3.94 0.00 3.87 4.89 0.00 0.00 0.00
8.83 8.83 8.61 10.44 10.29 7.52 7.96 5.33 2.04 2.04 1.46 2.34 0.00 1.68 0.00 0.00 0.00 0.00 1.17 1.90 0.00 2.19 3.87 4.02 3.72 4.23 4.23 5.62 5.55 5.55 6.72 6.79 6.64 6.79 7.74 6.06 4.53 5.40 5.40 4.67 4.82 0.00 0.00 0.00 0.00 0.00 4.82 4.82 4.09 4.09 3.50 3.50 3.50 3.43 0.00 0.00 2.12 2.56 3.58 4.53 3.43 3.14 5.48 5.77 5.26 6.13 6.79 6.72 6.94 5.18 4.96 4.89 4.82 0.00 0.00 4.31 4.31 4.23 3.65 5.11 5.77 0.00 0.00 0.00
8.32 8.32 7.15 5.84 8.32 6.94 5.84 2.99 3.14 1.02 1.17 0.00 0.00 0.00 0.00 0.00 0.00 0.00 0.00 0.00 0.00 0.00 0.00 2.48 3.58 3.80 3.80 3.14 5.33 5.77 7.81 7.37 7.74 8.10 6.79 7.08 6.72 6.72 6.94 4.89 0.00 0.00 0.00 0.00 0.00 0.00 3.94 0.00 0.00 0.00 0.00 0.00 0.00 0.00 2.12 2.34 2.04 4.23 4.96 6.13 6.50 5.99 6.20 5.91 6.42 6.72 7.01 6.57 5.91 5.69 5.04 5.18 5.26 5.18 4.60 6.64 6.64 6.28 6.72 6.72 6.57 6.50 0.00 0.00
6.20 6.20 6.72 3.80 0.15 4.82 3.80 2.34 0.00 0.00 0.00 1.83 1.68 0.95 0.00 0.00 0.00 0.00 0.00 0.00 0.00 0.00 0.00 0.73 0.44 1.10 1.10 1.90 5.11 4.38 6.50 6.86 5.62 8.69 7.96 8.10 6.42 6.94 5.55 0.00 0.00 0.00 0.00 0.00 0.00 0.00 0.00 0.00 0.00 0.00 4.16 4.16 0.00 3.80 2.99 2.12 2.26 4.45 5.26 5.99 7.01 6.94 5.69 6.28 7.15 6.79 7.08 6.06 5.69 5.91 5.69 5.40 5.48 5.55 6.94 7.37 7.37 6.79 6.35 6.13 6.20 0.00 0.00 0.00
2.04 2.04 2.26 3.43 0.00 0.00 1.17 0.73 1.46 0.00 0.00 3.65 2.26 0.51 0.37 0.00 0.00 0.00 0.00 0.00 0.00 0.00 0.00 0.29 1.02 0.66 0.66 0.73 3.36 4.96 3.58 4.96 5.04 7.66 8.76 7.08 5.40 5.48 4.96 5.18 0.00 0.00 0.00 0.00 0.00 0.00 0.00 0.00 3.29 3.58 3.36 3.36 3.36 3.14 2.12 2.12 2.63 2.99 4.45 4.89 5.11 4.09 5.04 5.77 5.77 5.84 6.28 6.06 6.06 6.94 7.08 7.37 7.52 7.52 7.52 7.45 7.45 7.23 7.74 6.86 5.33 7.45 0.00 6.57
0.00 0.00 0.00 0.00 0.00 0.00 0.00 2.26 0.00 2.77 3.14 3.14 2.04 0.80 0.15 0.29 0.00 0.00 1.31 0.00 0.00 0.00 0.29 0.00 0.22 0.00 0.00 0.00 2.04 2.34 2.41 3.94 0.00 0.00 5.26 6.13 6.50 4.82 4.02 0.00 0.00 0.00 0.00 0.00 0.00 0.00 0.00 0.00 2.77 3.50 2.70 2.70 0.00 0.00 0.00 1.39 0.00 2.26 3.50 3.87 3.43 4.38 4.31 5.18 4.96 6.50 6.50 5.04 5.77 5.99 5.99 6.94 8.25 7.23 0.00 0.00 0.00 7.88 8.10 6.94 6.64 7.81 7.66 4.09
0.00 0.00 0.00 0.00 0.00 0.00 0.00 2.26 0.00 2.77 3.14 3.14 2.04 0.80 0.15 0.29 0.00 0.00 1.31 0.00 0.00 0.00 0.29 0.00 0.22 0.00 0.00 0.00 2.04 2.34 2.41 3.94 0.00 0.00 5.26 6.13 6.50 4.82 4.02 0.00 0.00 0.00 0.00 0.00 0.00 0.00 0.00 0.00 2.77 3.50 2.70 2.70 0.00 0.00 0.00 1.39 0.00 2.26 3.50 3.87 3.43 4.38 4.31 5.18 4.96 6.50 6.50 5.04 5.77 5.99 5.99 6.94 8.25 7.23 0.00 0.00 0.00 7.88 8.10 6.94 6.64 7.81 7.66 4.09
0.00 0.00 0.00 0.00 0.00 0.00 0.00 3.58 2.56 2.04 2.99 2.12 1.68 1.61 1.53 0.88 1.17 0.95 1.97 0.00 0.00 0.00 0.00 0.15 0.00 0.00 0.00 0.73 0.00 0.00 0.00 0.00 0.00 0.00 4.23 0.00 2.99 3.50 1.39 0.00 0.00 0.00 0.00 0.00 0.00 0.00 0.00 0.00 0.00 0.00 0.00 0.00 0.00 2.48 0.00 3.65 3.14 3.21 2.92 3.72 3.65 2.26 2.77 3.36 3.14 5.18 1.31 2.19 3.87 4.67 5.40 5.84 6.64 0.00 0.00 0.00 0.00 7.01 0.00 0.00 7.30 7.74 0.00 0.00
0.00 0.00 5.55 5.26 7.08 4.89 4.45 4.60 2.56 2.04 2.92 2.12 2.63 2.63 2.70 2.12 2.04 0.00 2.48 0.00 0.00 0.00 0.00 0.00 0.00 0.00 0.00 0.00 0.00 0.00 0.00 0.00 0.00 0.00 0.00 4.09 3.65 1.97 0.37 0.00 0.00 0.00 0.00 0.00 1.17 1.10 1.10 0.00 0.00 0.00 0.00 0.00 0.00 0.00 3.50 4.23 4.23 0.00 0.00 0.00 0.95 0.00 0.00 0.00 0.00 0.00 0.00 0.00 0.00 1.83 4.09 2.70 0.00 2.99 0.00 0.00 0.00 0.00 0.00 0.00 0.00 0.00 0.00 0.00
0.00 0.00 5.77 6.42 6.64 4.45 3.50 1.53 1.83 1.31 3.07 3.72 3.43 3.43 2.99 2.04 2.26 3.50 2.48 0.44 1.10 0.00 0.00 0.00 0.00 0.00 0.00 0.00 0.00 0.00 0.00 0.00 0.00 0.00 0.00 1.31 0.00 0.00 0.00 0.00 0.00 0.00 0.00 0.00 0.37 0.00 0.00 0.00 0.00 0.00 0.37 0.37 2.92 2.19 3.50 5.33 5.48 5.26 0.22 1.24 0.00 0.00 0.00 0.00 0.00 0.00 0.00 0.00 0.00 2.41 2.12 2.34 3.50 0.00 0.00 0.00 0.00 0.00 0.00 0.00 0.00 0.00 0.00 0.00
0.00 0.00 0.00 3.14 2.04 1.02 1.24 0.22 0.51 0.15 0.58 3.43 2.70 2.99 2.04 1.10 0.00 0.00 0.00 0.00 0.00 0.00 0.00 0.00 0.00 0.00 0.00 0.00 0.00 0.00 0.00 0.00 0.00 0.00 0.00 0.00 0.00 0.00 0.00 0.00 0.00 0.00 1.17 0.44 0.00 0.00 0.00 0.00 0.00 0.00 0.07 0.07 1.90 4.67 4.38 5.69 2.99 0.58 0.00 0.00 0.00 0.00 0.00 0.00 0.00 0.00 0.00 0.00 0.37 0.95 2.04 1.02 0.00 0.00 0.00 0.00 0.00 0.00 0.00 0.00 0.00 0.00 0.00 0.00
0.00 0.00 0.00 0.00 0.00 0.00 0.29 0.44 0.66 1.61 2.12 1.97 2.41 1.24 0.58 0.95 0.00 0.00 0.00 0.00 0.00 0.00 0.00 0.00 0.00 0.00 0.00 0.00 0.00 0.00 0.00 0.00 0.00 0.00 0.00 0.00 0.00 0.00 0.00 0.00 0.00 0.00 0.00 0.00 0.00 0.00 0.00 0.00 0.00 0.00 0.07 0.07 4.96 4.38 2.19 4.23 0.00 0.00 0.00 0.00 0.00 0.00 0.00 0.00 0.00 0.00 0.00 0.00 0.00 1.83 0.00 0.00 0.00 0.00 0.00 0.00 0.00 0.00 0.00 0.00 0.00 0.00 0.00 0.00
0.00 0.00 0.00 0.00 0.00 0.00 0.00 0.00 0.00 0.00 0.00 0.00 2.70 2.85 0.00 0.00 0.00 0.00 0.00 0.00 0.00 0.00 0.00 0.00 0.00 0.00 0.00 0.00 0.00 0.00 0.00 0.00 0.00 0.00 0.00 0.00 0.00 0.00 0.00 0.00 0.00 0.00 0.00 0.00 0.00 0.37 1.10 0.29 0.88 5.18 5.99 5.99 6.50 3.87 1.68 3.14 2.41 0.00 0.00 0.00 0.00 0.00 0.00 0.00 0.00 0.00 0.00 0.00 0.00 0.00 0.00 0.00 0.00 0.00 0.00 0.00 0.00 0.00 0.51 5.26 1.61 0.00 4.53 4.82
0.00 0.00 0.00 0.00 0.00 0.00 0.00 0.00 0.00 0.00 0.00 0.00 2.70 2.85 0.00 0.00 0.00 0.00 0.00 0.00 0.00 0.00 0.00 0.00 0.00 0.00 0.00 0.00 0.00 0.00 0.00 0.00 0.00 0.00 0.00 0.00 0.00 0.00 0.00 0.00 0.00 0.00 0.00 0.00 0.00 0.37 1.10 0.29 0.88 5.18 5.99 5.99 6.50 3.87 1.68 3.14 2.41 0.00 0.00 0.00 0.00 0.00 0.00 0.00 0.00 0.00 0.00 0.00 0.00 0.00 0.00 0.00 0.00 0.00 0.00 0.00 0.00 0.00 0.51 5.26 1.61 0.00 4.53 4.82
0.00 0.00 0.00 0.00 0.00 0.00 0.00 0.00 0.00 0.00 0.00 2.56 3.36 3.21 3.21 2.92 0.00 0.00 0.00 0.00 0.00 0.00 0.00 0.00 0.00 0.00 0.00 0.00 0.00 0.00 0.00 0.00 0.00 0.00 0.00 0.00 0.00 0.00 0.00 0.00 0.00 0.00 0.00 0.00 0.00 0.66 1.97 3.21 5.84 6.94 6.86 6.86 3.50 1.24 2.48 2.19 0.00 0.00 0.00 0.00 0.00 0.00 0.00 0.00 0.00 0.00 0.00 0.00 0.00 0.00 0.00 0.00 0.00 1.10 4.16 3.36 3.36 7.23 6.94 7.01 5.62 10.59 9.64 7.37
0.00 0.00 0.00 0.00 0.00 1.46 1.90 1.53 0.00 0.00 0.00 0.00 3.72 3.36 3.50 3.80 0.00 0.00 0.00 1.61 0.00 1.39 1.46 0.00 0.00 0.00 0.00 0.00 0.00 0.00 0.00 0.00 0.00 0.00 0.00 0.00 0.00 0.00 0.00 0.00 0.00 0.00 0.00 0.00 0.00 0.00 1.53 2.34 3.65 5.26 5.11 5.11 1.68 0.15 0.00 0.00 0.00 0.00 0.00 0.00 0.00 0.00 0.00 0.00 0.00 0.00 0.00 0.00 0.00 0.00 0.00 0.00 0.00 0.51 4.16 5.33 5.33 8.32 8.25 10.15 11.83 11.39 12.63 12.19
