Wansh/Snow_depth/snowdepth-1992/winter/1992351.txt
ncols 321
nrows 161
xllcenter 60
yllcenter 15 
cellsize  0.25 
NODATA_value -1
[rows 76 to 113 of 161, columns 84 to 167 of 321]
1.61 1.46 0.95 0.44 1.83 0.44 4.60 4.45 0.00 0.00 5.26 5.62 5.84 4.96 5.04 5.33 4.96 4.60 4.60 4.45 3.94 4.16 3.43 3.58 3.87 3.58 5.33 0.00 0.00 0.00 0.00 0.00 0.00 0.00 0.00 0.00 0.00 0.00 0.00 2.70 2.12 1.97 2.48 2.48 2.56 0.66 3.07 2.99 2.99 2.56 3.50 2.04 1.46 1.39 2.41 0.58 0.80 1.17 1.10 1.75 1.39 3.07 3.36 2.34 2.26 0.95 1.68 2.34 2.34 5.99 8.10 8.76 4.09 1.10 0.00 0.00 0.00 0.00 0.00 0.00 0.00 0.00 0.00 0.90
0.00 3.94 1.53 0.00 3.07 3.36 3.29 4.16 4.89 4.74 5.40 5.26 5.62 5.26 4.82 5.26 5.40 4.82 4.82 3.94 3.36 4.31 4.53 3.72 4.09 0.00 0.00 3.94 0.00 0.00 0.00 0.00 0.00 0.00 0.00 0.00 0.00 0.00 0.00 0.00 0.00 2.92 0.00 0.00 0.00 2.19 0.00 4.31 0.00 3.29 3.43 3.58 1.75 1.10 3.29 2.48 2.77 2.04 1.90 2.19 1.39 1.68 4.45 4.89 4.16 3.29 3.36 4.23 4.23 5.11 5.26 6.06 1.97 0.95 0.00 0.00 0.00 0.00 0.00 0.00 0.00 0.29 0.00 1.03
3.58 3.21 3.43 3.50 3.14 3.50 0.00 4.02 4.60 5.11 5.84 4.67 6.06 5.48 5.11 5.18 5.55 5.33 5.33 4.89 4.09 4.16 4.09 4.16 3.87 3.72 0.00 0.00 0.00 0.00 0.00 0.00 0.00 0.00 0.00 0.00 0.00 0.00 0.00 0.00 0.00 0.00 0.00 0.00 0.00 0.00 0.00 0.00 0.00 0.00 0.00 0.00 0.00 3.87 3.87 2.85 2.99 2.56 2.56 2.56 2.26 4.31 4.53 4.16 2.04 2.12 4.02 4.60 4.60 4.23 3.94 3.80 0.80 0.88 0.22 0.73 0.00 0.07 0.00 0.00 0.00 0.95 2.35 2.52
0.00 4.38 4.67 4.09 3.21 2.92 3.72 3.87 4.45 4.23 4.02 3.65 4.74 4.82 5.11 4.96 5.55 4.96 4.96 4.16 3.43 3.94 3.07 3.14 3.21 0.00 0.00 0.00 0.00 0.00 0.00 0.00 0.00 0.00 0.00 0.00 0.00 0.00 0.00 0.00 0.00 0.00 0.00 0.00 0.00 0.00 0.00 0.00 0.00 0.00 0.00 0.00 0.00 0.00 3.29 0.00 2.19 1.83 2.85 2.63 2.99 3.21 3.50 2.63 1.31 1.10 1.90 3.80 3.80 2.04 2.26 0.58 0.44 1.46 1.91 2.77 0.22 1.53 0.00 0.15 0.00 1.24 1.39 2.93
0.00 0.00 0.00 4.60 0.00 0.00 3.14 2.99 3.72 4.53 3.72 4.23 3.65 4.23 4.60 4.89 4.31 4.60 4.60 3.14 0.00 0.00 2.04 2.70 2.56 0.00 0.00 0.00 0.00 0.00 0.00 0.00 0.00 0.00 0.00 0.00 0.00 0.00 0.00 0.00 0.00 0.00 0.00 0.00 0.00 0.00 0.00 0.00 0.00 0.00 0.00 0.00 0.00 0.00 0.00 0.00 0.00 0.00 1.90 1.75 1.68 1.68 2.70 2.48 0.73 0.00 0.00 0.00 0.00 0.37 0.66 1.97 3.43 7.66 6.28 6.82 2.85 3.67 1.17 1.61 0.29 0.29 0.00 2.12
0.00 0.00 0.00 0.00 0.00 0.00 2.85 0.00 0.00 3.65 4.82 4.45 4.16 4.31 4.23 4.74 3.80 3.58 3.58 2.56 1.83 1.97 0.00 0.00 0.00 0.00 1.17 1.83 0.00 0.00 0.00 0.00 0.00 0.00 0.00 0.00 0.00 0.00 0.00 0.00 3.50 0.00 0.00 0.00 0.00 0.00 0.00 0.00 0.00 0.00 0.00 0.00 0.00 0.00 0.00 1.17 0.00 1.97 1.02 0.88 1.61 2.26 1.75 0.44 0.00 0.00 0.00 0.00 0.00 0.00 1.83 3.21 5.48 8.61 9.42 8.95 4.57 5.66 2.65 1.50 0.59 0.58 0.51 0.15
0.00 0.73 1.10 0.00 0.00 0.00 0.00 0.00 0.00 0.00 4.09 4.67 4.02 4.09 4.60 4.38 3.29 0.00 0.00 0.00 0.00 0.00 0.00 0.00 1.53 1.68 0.00 0.00 0.00 0.00 0.00 0.00 0.00 0.00 0.00 0.00 0.00 0.00 0.00 2.12 0.00 0.00 0.00 0.00 0.00 0.00 0.00 0.00 0.00 0.00 0.00 0.00 0.00 0.00 1.02 0.73 0.66 0.51 0.95 0.00 0.73 1.90 1.97 1.46 1.24 0.00 1.61 0.80 0.80 0.88 2.41 2.92 4.67 5.18 10.00 10.59 8.47 7.08 2.99 2.71 0.88 1.46 2.48 2.48
0.80 0.15 0.00 0.00 0.00 0.00 0.00 0.00 2.56 0.00 0.00 3.72 3.36 3.50 4.89 4.45 3.21 0.00 0.00 0.00 0.00 0.00 0.00 0.00 0.00 0.00 0.00 0.00 0.00 0.00 0.00 0.00 0.00 0.00 0.00 0.00 0.00 0.00 0.00 0.95 0.00 0.00 0.00 0.00 0.00 0.00 0.00 0.00 0.00 0.00 0.00 1.61 0.80 1.10 0.80 0.95 0.88 0.88 0.88 0.51 0.29 1.39 1.24 1.90 0.80 1.17 2.19 2.70 2.70 2.04 1.97 1.68 2.12 3.07 7.88 9.20 10.29 7.45 4.82 3.87 1.97 2.70 2.99 2.99
0.95 0.51 0.00 0.00 1.68 0.00 0.00 3.87 0.00 3.72 3.50 0.00 0.00 2.48 4.16 3.58 3.87 3.50 3.50 0.00 0.00 0.00 0.00 0.00 0.00 0.00 0.00 0.00 0.00 3.07 0.00 0.00 0.00 0.00 2.04 0.00 0.00 0.66 1.24 1.10 1.97 2.04 0.95 0.95 0.00 0.00 0.00 0.00 0.00 1.68 2.26 1.17 1.24 1.39 1.97 3.29 2.04 1.39 0.44 1.17 0.22 0.95 1.10 1.39 1.53 2.34 2.12 2.41 2.41 1.61 1.61 1.61 3.21 6.72 6.28 7.96 8.47 5.99 6.72 5.33 2.99 3.50 3.21 2.04
0.00 0.29 1.10 1.24 0.95 0.00 0.00 3.36 4.23 3.29 3.36 0.00 0.00 0.00 2.85 3.21 0.00 3.29 3.29 3.94 4.02 3.50 0.00 0.00 0.00 0.00 2.99 0.00 1.97 3.65 0.00 0.00 0.00 2.56 0.00 0.00 0.00 0.00 2.34 0.00 1.31 0.29 0.00 0.00 1.02 0.00 0.00 0.00 2.12 0.66 1.24 1.02 0.88 1.83 3.14 4.74 3.21 0.00 0.00 0.00 0.44 0.22 1.13 1.02 1.61 1.90 1.31 1.17 1.17 2.19 3.29 5.26 3.87 4.16 3.07 4.96 4.67 6.50 6.50 6.94 3.87 3.72 3.65 1.24
0.66 1.75 1.61 1.75 1.31 1.31 2.56 3.43 2.92 0.00 3.14 2.92 2.41 2.92 2.48 2.85 3.43 3.21 3.21 3.07 4.09 4.09 4.38 0.00 0.00 0.00 0.00 3.36 0.00 0.00 3.36 2.99 0.00 0.00 0.00 0.00 0.00 0.00 0.00 4.67 2.56 1.90 0.00 0.00 0.66 1.39 1.39 1.53 0.66 0.95 0.07 0.44 1.68 1.46 3.07 5.04 3.50 3.43 0.29 2.04 0.37 1.10 2.16 2.77 2.92 2.77 2.19 3.07 3.07 3.43 5.33 6.94 8.47 7.52 4.23 2.56 3.36 6.20 5.84 4.96 5.33 5.18 2.12 0.66
0.66 1.83 2.70 2.34 0.00 0.00 2.99 2.56 0.00 0.00 0.00 2.99 3.07 0.00 0.00 0.00 3.21 3.43 3.43 3.58 3.72 3.50 4.23 0.00 0.00 0.00 0.00 0.00 0.00 3.72 0.00 0.00 0.00 0.00 0.00 0.00 0.00 4.23 3.72 4.45 4.31 2.70 0.00 0.00 2.12 1.39 1.24 1.10 0.73 1.10 0.37 0.73 0.29 1.02 2.19 2.63 2.41 3.58 3.36 1.97 1.75 1.68 2.34 2.34 3.11 3.58 3.07 4.09 4.09 4.23 5.11 8.61 8.10 3.72 4.23 2.99 2.41 3.72 4.02 4.02 5.11 4.89 3.36 2.63
0.80 1.17 0.00 0.00 0.00 0.00 0.00 0.00 0.00 0.00 0.00 0.00 0.00 3.36 3.14 0.00 2.34 2.85 2.85 3.21 3.14 3.50 2.70 0.00 0.00 0.00 0.00 0.00 0.00 0.00 0.00 0.00 2.92 0.00 3.14 0.00 3.58 4.23 3.50 3.07 3.36 3.14 0.00 0.00 3.14 2.63 1.61 1.90 2.26 1.53 1.10 1.31 0.00 0.51 1.97 2.04 1.46 2.19 3.21 2.41 1.68 1.24 1.97 2.04 6.19 7.18 8.47 6.79 6.79 7.30 5.26 6.28 5.48 4.23 2.99 2.12 2.63 3.29 2.85 3.58 4.31 3.94 3.72 3.36
0.37 0.88 0.00 0.00 0.00 0.00 0.00 0.00 0.00 0.00 0.00 0.00 0.00 0.00 0.00 0.00 0.00 3.58 3.58 0.00 3.50 0.00 2.19 0.00 0.00 0.00 3.14 0.00 0.00 3.29 0.00 0.00 3.07 3.29 3.21 0.00 2.56 3.65 0.00 0.00 3.43 3.58 0.00 0.00 3.07 3.07 3.14 3.58 4.31 3.50 1.61 3.80 1.75 0.73 4.16 2.92 2.04 1.68 3.11 1.70 2.19 1.97 2.61 8.83 11.26 12.12 11.68 8.69 8.69 8.32 5.62 6.13 6.57 4.60 4.38 2.99 3.36 3.65 3.07 3.52 3.92 3.24 4.18 3.45
1.46 1.61 1.61 1.10 0.00 0.00 0.73 0.73 0.51 0.00 0.00 0.00 0.00 0.00 0.00 0.00 2.70 0.00 0.00 0.00 2.48 0.00 0.00 0.00 0.00 0.00 0.00 0.00 0.00 0.00 0.00 2.63 0.00 2.19 0.00 0.00 2.26 2.19 0.00 0.00 0.00 0.00 0.00 0.00 0.00 1.39 3.14 2.26 4.31 4.53 3.72 4.89 3.94 4.67 7.59 5.18 5.11 3.29 7.88 5.77 3.61 2.41 5.97 7.88 10.66 8.69 11.33 11.27 10.91 9.10 8.18 6.86 7.23 5.99 5.84 3.58 2.56 2.99 2.90 2.83 2.61 3.00 3.07 2.87
1.53 0.66 0.00 1.68 0.00 0.00 0.95 0.80 0.00 0.44 0.29 0.00 0.00 0.00 0.00 0.00 0.00 0.00 0.00 0.00 0.00 0.00 0.00 0.00 0.00 0.00 0.00 0.00 0.00 0.00 0.00 0.00 0.00 0.00 0.00 0.00 0.00 0.00 0.00 0.00 0.00 0.00 0.00 0.00 0.66 0.95 2.34 1.46 2.56 4.02 5.11 4.96 6.35 9.93 8.25 11.02 9.86 17.67 15.93 11.65 8.18 6.13 4.25 5.25 8.06 10.21 9.20 10.73 10.78 9.16 7.92 8.25 7.88 6.94 6.68 4.53 2.56 2.41 2.79 2.90 2.94 3.50 2.76 3.90
1.39 0.88 1.68 0.95 1.39 1.46 1.02 1.24 0.00 0.00 0.29 0.00 0.00 0.00 0.00 0.00 0.00 0.00 0.00 0.00 2.26 0.00 0.00 0.00 0.00 0.00 0.00 0.00 0.00 0.00 0.00 0.00 0.00 0.00 0.00 0.00 0.00 0.00 0.00 0.00 0.00 0.00 0.00 0.00 0.00 1.17 1.39 1.53 2.12 5.55 5.69 7.66 9.86 10.44 10.80 14.89 17.23 18.61 14.97 18.42 7.74 11.70 6.49 4.22 5.69 9.13 7.79 9.20 9.20 6.50 6.06 8.56 9.46 6.74 3.89 3.39 3.87 2.74 3.09 3.13 3.24 4.14 3.61 5.47
1.10 0.88 1.02 0.66 1.10 1.53 0.00 0.00 0.00 0.00 0.00 0.07 0.00 0.58 0.00 1.53 0.66 1.17 1.17 0.00 2.34 2.19 0.00 0.00 0.00 0.00 0.00 0.00 0.00 0.00 0.00 0.00 0.00 0.00 0.00 0.00 0.00 0.00 0.00 0.00 0.00 0.00 0.00 0.00 0.00 0.00 1.75 2.70 3.36 7.81 7.96 8.10 10.73 10.80 11.61 11.83 18.27 20.08 22.48 19.93 13.65 17.22 12.18 6.45 5.03 6.36 6.16 2.92 2.92 2.88 5.34 5.60 7.86 7.04 5.93 5.94 3.21 4.22 4.24 2.78 2.60 4.92 6.87 7.54
1.17 0.29 2.12 1.68 1.02 1.75 0.00 0.00 0.00 0.00 0.80 0.00 0.00 0.00 0.95 0.73 1.02 0.07 0.07 0.00 0.00 1.46 0.00 0.00 0.00 0.00 0.00 0.00 0.00 0.00 0.00 0.00 0.00 0.00 0.00 0.00 0.00 0.00 0.00 0.00 0.00 0.00 0.00 0.00 0.00 0.00 2.19 3.14 4.82 9.78 10.73 9.20 12.74 11.44 11.62 11.93 19.49 22.92 24.82 24.60 19.93 16.80 7.15 8.79 4.95 5.65 4.79 2.12 2.13 2.41 4.18 4.62 6.53 7.71 7.49 7.66 6.78 6.73 5.62 3.29 5.23 10.52 8.37 6.78
0.00 1.10 0.73 1.75 1.97 1.68 2.41 1.53 0.00 0.00 0.00 0.00 0.00 0.00 0.00 0.58 0.00 0.00 0.00 0.00 2.63 0.95 0.00 0.00 0.00 2.12 3.29 2.85 0.44 1.39 0.00 0.00 0.00 0.00 0.00 0.00 1.75 0.00 0.00 0.00 0.00 0.00 0.00 0.00 0.00 1.75 3.36 4.53 7.88 10.66 12.34 12.05 13.43 14.29 12.58 12.72 15.89 20.00 22.38 23.45 21.35 10.78 9.39 5.59 5.95 3.32 3.82 2.05 2.05 1.47 3.34 3.08 5.39 7.26 8.29 9.24 9.01 7.90 6.59 4.05 6.49 11.20 10.17 7.34
0.00 2.63 0.00 0.00 2.41 2.56 3.36 3.43 2.19 0.80 0.00 0.00 0.00 0.00 0.00 0.00 0.00 0.00 0.00 0.00 0.00 0.00 0.00 0.00 0.00 2.56 2.63 2.92 0.00 0.00 0.00 0.00 0.00 0.00 0.00 0.22 0.00 0.00 0.00 0.00 0.00 0.00 0.00 0.00 5.18 4.82 5.04 5.55 7.23 13.29 12.78 13.43 13.58 16.14 12.29 15.98 16.10 13.30 13.56 17.81 11.13 10.42 9.86 8.03 8.45 3.55 2.59 2.59 2.56 2.00 1.91 3.60 5.26 7.58 9.20 9.24 8.82 8.25 7.41 5.93 7.22 11.06 12.53 9.51
3.29 0.00 0.00 2.70 3.65 3.36 3.29 3.29 3.43 2.92 1.17 1.83 0.00 0.00 0.58 0.00 0.00 0.00 0.00 0.00 0.00 0.00 0.00 0.00 0.00 0.00 3.36 2.99 2.56 3.21 0.00 0.00 0.00 2.48 1.46 0.95 0.00 0.00 0.00 0.00 0.00 5.04 4.31 4.31 5.40 5.62 5.55 6.57 9.49 11.46 12.79 14.53 15.36 16.45 16.17 11.81 12.70 9.86 9.55 8.41 8.88 9.68 10.01 9.05 8.08 6.82 3.63 3.24 3.15 1.90 3.43 5.50 8.18 10.28 11.08 12.78 9.17 10.89 8.64 8.27 10.78 9.50 13.43 11.41
11.24 10.37 9.27 6.28 7.37 7.30 5.04 2.92 2.48 2.26 0.00 1.68 2.12 2.41 2.41 1.39 1.53 2.48 2.48 1.83 3.36 0.00 0.00 2.04 2.34 2.56 3.80 1.90 2.63 2.48 2.56 1.90 2.41 1.61 2.70 3.14 3.80 0.00 4.89 3.14 3.21 3.29 4.53 4.53 4.53 5.84 7.30 6.94 8.47 10.51 12.49 12.00 13.48 14.77 17.32 7.82 9.99 12.75 13.56 11.45 12.47 12.41 12.32 11.06 7.88 6.02 5.07 3.97 3.91 3.36 2.34 3.93 7.89 12.29 14.15 14.16 12.41 10.97 9.09 6.67 6.94 10.82 10.21 11.33
11.75 13.21 11.32 8.69 8.18 10.29 11.97 7.59 3.50 0.00 0.00 2.63 2.26 3.80 2.70 2.04 2.26 2.04 2.04 3.07 1.90 3.50 0.95 1.02 2.41 2.48 1.02 1.83 1.83 3.14 1.39 1.53 0.88 2.92 2.56 2.70 4.23 6.06 4.23 1.10 1.10 2.41 2.04 2.04 3.50 5.40 7.15 5.84 7.07 8.90 7.98 8.10 8.85 8.64 10.06 8.01 8.05 8.37 12.05 13.17 14.67 14.52 18.96 14.52 8.03 10.73 7.19 5.48 5.40 6.06 2.12 3.67 6.24 10.36 12.50 14.09 12.09 9.66 7.91 5.54 8.40 8.58 9.39 10.57
12.48 9.05 6.86 6.13 10.37 14.31 13.07 6.86 3.87 0.88 0.00 0.00 0.00 2.77 4.09 3.21 2.92 1.24 1.24 2.12 1.39 1.75 2.12 1.10 1.17 0.44 0.00 0.37 1.31 1.97 1.17 1.24 0.95 1.39 1.90 4.31 4.60 1.61 1.02 0.00 0.29 0.95 2.48 2.48 2.41 5.18 6.20 5.60 7.22 7.54 8.44 8.83 10.09 9.25 8.98 8.45 6.56 5.99 6.70 14.69 16.09 17.88 20.81 20.44 13.72 7.52 11.40 7.70 8.56 4.41 4.17 5.01 4.90 13.89 11.83 10.40 10.66 9.78 6.49 6.10 10.85 7.26 8.76 12.28
4.60 5.77 4.96 0.00 4.45 9.93 12.48 10.27 6.94 2.77 0.22 0.00 0.00 0.00 2.77 0.88 1.31 0.80 0.80 1.61 1.68 0.95 0.58 0.51 0.66 0.00 0.00 0.15 0.37 1.39 0.58 0.95 0.00 1.53 1.24 3.14 2.63 0.95 0.15 0.73 0.00 0.66 0.37 0.37 1.61 2.77 4.89 7.04 6.79 8.01 8.52 9.83 11.74 9.05 6.63 8.39 4.81 6.27 4.48 10.09 15.97 19.52 18.56 22.92 20.81 15.06 12.67 13.19 12.71 8.21 5.73 5.43 8.98 12.60 9.17 10.78 10.01 9.17 8.03 9.16 11.97 8.76 14.40 14.29
0.00 0.00 0.00 0.00 0.00 3.87 9.13 10.44 8.25 7.08 3.58 2.04 0.00 0.00 0.00 0.51 0.80 1.61 1.61 0.73 1.02 0.58 0.07 0.00 0.37 0.00 0.00 0.00 0.00 0.29 0.00 0.44 0.00 0.00 0.15 1.75 2.26 0.51 0.00 0.66 0.00 0.15 0.00 0.00 0.51 1.75 4.16 5.62 6.20 6.06 8.45 8.71 7.89 7.90 7.06 6.77 5.74 5.50 7.24 9.22 10.97 15.37 23.14 26.47 20.10 17.38 15.91 14.85 14.93 10.50 11.05 5.08 7.39 10.15 6.22 9.89 9.39 8.36 8.26 9.06 10.01 17.20 19.92 13.95
0.00 0.00 0.00 0.00 0.00 0.00 3.29 7.52 9.13 7.01 3.50 2.04 0.66 0.00 1.31 0.00 0.00 0.00 0.00 0.00 0.07 0.00 0.00 0.00 0.00 0.00 0.00 0.00 0.00 0.00 0.00 0.00 0.00 0.00 0.00 1.39 1.17 1.17 0.00 0.00 0.00 0.00 0.00 0.00 0.22 2.04 1.61 3.29 4.97 3.61 6.53 8.57 11.55 7.25 5.57 5.25 8.76 6.04 5.06 7.04 9.61 16.79 17.58 22.35 15.57 19.78 16.99 14.44 16.90 10.79 11.86 10.03 7.75 7.21 5.25 7.93 10.22 9.93 9.16 7.90 10.95 13.68 17.84 13.45
0.00 0.00 0.00 0.00 0.00 1.75 0.00 4.45 8.40 8.76 5.33 4.23 2.04 1.53 1.46 0.00 0.95 0.00 0.00 0.00 0.00 0.00 0.00 0.00 0.00 0.00 0.00 0.00 0.00 0.00 0.00 0.00 0.00 0.00 0.59 1.02 0.95 2.12 0.00 0.00 0.00 0.00 0.00 0.00 0.22 0.00 0.44 0.76 2.52 3.31 4.55 8.05 6.00 4.60 5.23 6.92 0.00 0.00 0.00 0.00 11.91 9.27 15.89 18.84 12.54 18.25 19.62 17.31 19.37 15.45 13.86 9.61 7.30 6.90 6.08 8.52 10.04 11.68 11.51 8.78 9.13 12.09 17.79 10.83
0.00 0.00 0.00 0.00 0.00 0.00 0.00 0.00 5.91 8.47 7.30 2.92 4.38 4.96 2.70 1.63 2.95 1.39 1.39 0.00 0.00 0.00 0.00 0.00 0.00 0.00 0.00 0.00 0.00 0.00 0.00 0.00 0.00 0.00 0.73 2.04 1.97 0.00 0.00 0.00 0.00 0.22 0.51 0.51 0.44 0.88 0.44 0.15 1.68 6.16 6.90 6.47 6.57 3.60 0.00 0.00 0.00 0.00 0.00 0.00 11.08 10.33 9.88 15.39 11.21 13.94 21.59 15.36 15.69 19.04 9.73 8.32 8.27 5.32 7.13 13.16 9.42 15.21 15.53 8.29 9.06 9.47 11.93 8.07
0.00 0.00 0.00 0.00 0.00 0.00 0.00 0.00 0.00 3.43 1.83 3.87 3.43 3.50 7.96 3.67 2.99 3.47 3.24 2.04 2.12 0.58 1.61 0.00 0.00 0.00 0.00 0.22 0.00 0.00 0.00 0.00 0.00 0.58 1.24 1.46 3.21 2.26 0.00 0.00 1.68 2.26 1.31 1.31 1.02 1.02 0.73 1.00 3.59 6.72 8.00 4.08 7.89 0.00 0.00 0.00 0.00 0.00 0.00 0.00 0.00 5.94 8.67 10.69 15.31 11.83 18.54 16.86 20.61 12.57 9.03 8.07 8.65 5.76 6.65 11.29 11.97 12.63 8.03 5.33 6.18 7.25 0.00 0.00
0.00 0.00 0.00 0.00 0.00 0.00 0.00 0.00 0.00 0.00 0.00 0.00 0.00 0.00 0.00 0.00 0.00 4.20 4.27 5.11 2.26 1.75 3.87 5.11 2.70 3.58 1.97 2.48 2.99 0.88 3.58 2.92 1.17 1.46 3.72 2.99 4.96 4.31 1.53 4.18 3.91 4.57 4.38 4.38 4.09 1.46 1.61 2.20 3.94 3.30 2.49 0.00 0.00 0.00 0.00 0.00 0.00 0.00 0.00 0.00 0.00 0.00 5.61 4.59 14.13 15.51 6.37 7.70 8.61 5.70 10.43 5.95 6.99 5.72 4.65 4.56 10.36 7.85 3.86 4.20 1.79 0.00 0.00 0.00
0.00 0.00 0.00 0.00 0.00 0.00 0.00 0.00 0.00 0.00 0.00 0.00 0.00 0.00 0.00 0.00 0.00 0.00 0.00 0.00 3.55 2.72 6.79 4.96 4.23 4.43 3.89 5.40 4.38 3.87 4.23 4.89 2.19 1.39 3.36 4.02 3.14 5.33 4.45 5.18 5.62 5.12 4.96 5.55 3.50 2.99 4.82 3.67 2.92 0.00 0.00 0.00 0.00 0.00 0.00 0.00 0.00 0.00 0.00 0.00 0.00 0.00 0.00 0.00 10.07 11.29 0.00 5.26 5.26 0.00 4.83 4.29 6.14 3.98 3.15 3.51 7.26 5.92 0.00 1.31 0.00 0.00 0.00 0.00
0.00 0.00 0.00 0.00 0.00 0.00 0.00 0.00 0.00 0.00 0.00 0.00 0.00 0.00 0.00 0.00 0.00 0.00 0.00 0.00 0.00 0.00 2.56 5.18 3.29 2.64 0.00 4.31 3.72 5.55 2.41 3.94 2.15 0.95 1.68 0.00 0.00 4.82 3.36 3.14 4.42 0.00 1.74 2.21 4.92 2.00 2.63 6.50 0.00 0.00 0.00 0.00 0.00 0.00 0.00 0.00 0.00 0.00 0.00 0.00 0.00 0.00 0.00 0.00 0.00 4.35 0.00 0.00 0.00 0.00 2.15 3.93 1.31 1.20 3.17 2.36 2.53 0.00 0.00 0.00 0.00 0.00 0.00 0.00
0.00 0.00 0.00 0.00 0.00 0.00 0.00 0.00 0.00 0.00 0.00 0.00 0.00 0.00 0.00 0.00 0.00 0.00 0.00 0.00 0.00 0.00 0.00 0.00 0.00 0.00 0.00 3.21 0.00 3.43 0.00 3.31 1.85 0.00 0.00 0.00 0.00 2.41 0.00 0.00 0.00 0.00 0.00 0.00 0.00 0.00 0.00 0.00 0.00 0.00 0.00 0.00 0.00 0.00 0.00 0.00 0.00 0.00 0.00 0.00 0.00 0.00 0.00 0.00 0.00 0.00 0.00 0.00 0.00 0.00 0.00 1.52 0.00 0.00 0.00 0.00 1.67 0.00 0.00 0.00 0.00 0.00 0.00 0.00
0.00 0.00 0.00 0.00 0.00 0.00 0.00 0.00 0.00 0.00 0.00 0.00 0.00 0.00 0.00 0.00 0.00 0.00 0.00 0.00 0.00 0.00 0.00 0.00 0.00 0.00 0.00 0.00 0.00 0.00 0.00 0.00 0.00 0.00 0.00 0.00 0.00 0.00 0.00 0.00 0.00 0.00 0.00 0.00 0.00 0.00 0.00 0.00 0.00 0.00 0.00 0.00 0.00 0.00 0.00 0.00 0.00 0.00 0.00 0.00 0.00 0.00 0.00 0.00 0.00 0.00 0.00 0.00 0.00 0.00 0.00 0.00 0.00 0.00 0.00 0.00 0.00 0.00 0.00 0.00 0.00 0.00 0.00 0.00
0.00 0.00 0.00 0.00 0.00 0.00 0.00 0.00 0.00 0.00 0.00 0.00 0.00 0.00 0.00 0.00 0.00 0.00 0.00 0.00 0.00 0.00 0.00 0.00 0.00 0.00 0.00 0.00 0.00 0.00 0.00 0.00 0.00 0.00 0.00 0.00 0.00 0.00 0.00 0.00 0.00 0.00 0.00 0.00 0.00 0.00 0.00 0.00 0.00 0.00 0.00 0.00 0.00 0.00 0.00 0.00 0.00 0.00 0.00 0.00 0.00 0.00 0.00 0.00 0.00 0.00 0.00 0.00 0.00 0.00 0.00 0.00 0.00 0.00 0.00 0.00 0.00 0.00 0.00 0.00 0.00 0.00 0.00 0.00
0.00 0.00 0.00 0.00 0.00 0.00 0.00 0.00 0.00 0.00 0.00 0.00 0.00 0.00 0.00 0.00 0.00 0.00 0.00 0.00 0.00 0.00 0.00 0.00 0.00 0.00 0.00 0.00 0.00 0.00 0.00 0.00 0.00 0.00 0.00 0.00 0.00 0.00 0.00 0.00 0.00 0.00 0.00 0.00 0.00 0.00 0.00 0.00 0.00 0.00 0.00 0.00 0.00 0.00 0.00 0.00 0.00 0.00 0.00 0.00 0.00 0.00 0.00 0.00 0.00 0.00 0.00 0.00 0.00 0.00 0.00 0.00 0.00 0.00 0.00 0.00 0.00 0.00 0.00 0.00 0.00 0.00 0.00 0.00
