Wansh/Snow_depth/snowdepth-1992/winter/1993026.txt
ncols 321
nrows 161
xllcenter 60
yllcenter 15 
cellsize  0.25 
NODATA_value -1
[rows 74 to 110 of 161, columns 84 to 167 of 321]
3.94 5.33 4.02 4.74 3.94 2.85 2.19 3.58 3.14 2.41 1.75 1.46 2.34 2.92 3.14 4.67 4.60 4.96 4.96 4.96 5.18 4.67 0.00 3.72 3.72 4.74 4.53 3.50 3.29 0.00 0.00 0.00 0.00 0.00 1.39 2.48 2.34 0.00 0.00 0.00 0.00 2.26 2.34 2.34 1.61 1.75 2.19 2.26 2.85 2.99 4.23 3.07 3.43 3.08 2.16 1.97 3.07 3.07 2.41 0.88 1.39 0.22 0.00 0.00 0.00 0.00 3.14 0.00 0.00 4.70 10.78 8.47 3.94 2.19 0.00 0.00 0.00 0.15 0.80 0.51 0.07 2.93 3.29 2.92
3.87 4.89 4.09 4.09 2.99 3.14 2.92 3.43 2.41 3.14 3.36 3.43 3.87 4.31 4.38 4.38 4.53 4.38 4.38 4.02 4.38 3.94 3.07 0.00 5.55 5.69 5.40 3.80 4.02 4.38 3.43 0.00 0.00 3.72 0.00 0.00 1.53 1.68 0.00 0.00 0.00 0.51 2.26 2.26 2.26 1.24 2.12 2.04 2.34 2.92 3.94 3.14 3.29 3.36 3.07 3.14 4.23 3.72 3.80 2.34 1.97 2.70 1.61 1.83 0.88 4.02 4.09 6.13 6.13 11.67 15.99 13.94 7.45 4.45 0.00 0.00 0.00 0.00 0.00 0.00 0.00 1.75 2.20 2.00
3.72 4.09 2.99 3.87 2.41 3.07 3.58 3.50 4.31 2.85 3.43 4.09 4.89 5.11 4.16 5.11 4.45 4.31 4.31 3.72 0.00 3.80 3.14 0.00 3.94 4.23 5.55 5.48 4.67 4.16 4.09 0.00 0.00 0.00 3.65 0.00 0.00 0.00 0.00 0.00 2.04 2.77 0.00 0.00 2.19 2.04 3.07 3.21 3.80 3.80 1.75 2.56 3.14 3.29 3.50 3.43 2.85 3.21 2.85 3.36 3.58 3.65 3.29 2.19 3.36 4.33 5.48 6.50 6.50 11.24 15.04 17.30 12.99 5.99 1.46 0.22 0.00 0.00 0.00 0.00 0.00 1.18 1.17 2.33
2.77 3.72 3.07 1.53 2.77 2.34 3.80 3.65 4.23 4.96 5.69 6.13 5.84 5.04 4.96 5.11 5.26 4.53 4.53 4.16 4.16 4.53 4.67 4.16 4.67 4.02 4.38 4.31 4.09 3.36 0.00 0.00 0.00 0.00 0.00 0.00 0.00 0.00 0.00 0.00 2.12 0.00 0.00 0.00 2.70 0.00 4.09 0.00 4.31 3.80 3.80 3.87 3.36 4.02 2.77 4.89 4.16 2.85 3.50 2.92 3.65 4.60 4.02 3.72 4.38 5.11 6.13 7.37 7.37 8.61 10.95 14.45 3.94 4.53 0.80 0.00 0.00 0.00 0.00 0.00 0.00 1.17 1.54 3.61
2.99 4.09 3.21 2.70 2.99 3.80 3.72 4.60 4.38 5.11 5.40 5.69 5.99 5.91 5.84 5.69 5.84 4.89 4.89 5.04 4.53 4.53 4.31 4.82 4.74 4.23 3.50 3.80 4.31 0.00 0.00 0.00 0.00 0.00 0.00 0.00 0.00 0.00 0.00 0.00 0.00 0.00 0.00 0.00 0.00 0.00 0.00 0.00 4.16 4.74 3.43 2.77 3.58 3.29 0.00 4.53 4.45 4.02 3.87 3.43 3.50 4.23 4.67 3.94 3.65 4.23 5.18 6.28 6.28 7.59 7.30 3.29 2.99 3.14 1.83 0.37 1.10 0.15 2.63 1.02 2.85 3.30 2.49 4.97
3.29 3.36 0.00 2.41 3.29 3.43 3.80 4.60 4.09 4.82 4.31 4.16 5.62 5.77 5.62 4.82 4.53 5.04 5.04 4.96 5.04 4.31 4.31 4.16 4.60 4.45 4.09 3.58 0.00 0.00 0.00 0.00 0.00 0.00 0.00 0.00 0.00 0.00 0.00 0.00 0.00 0.00 0.00 0.00 0.00 0.00 0.00 0.00 0.00 4.67 0.00 0.00 0.00 0.00 0.00 0.00 4.23 3.36 3.14 3.21 3.50 3.50 3.94 3.14 3.36 3.07 0.95 3.94 3.94 4.89 2.19 2.85 3.07 5.62 3.74 2.48 3.52 2.92 4.82 2.26 3.94 4.31 5.26 6.38
0.00 0.00 0.00 0.00 4.23 0.00 3.65 4.02 3.58 4.16 4.38 4.23 4.67 4.02 4.16 4.02 4.53 4.53 4.53 4.60 4.60 4.23 3.72 3.87 3.80 3.87 0.00 0.00 0.00 0.00 0.00 0.00 0.00 0.00 0.00 0.00 0.00 0.00 0.00 0.00 0.00 0.00 0.00 0.00 0.00 0.00 0.00 0.00 0.00 0.00 0.00 0.00 0.00 0.00 0.00 0.00 2.04 2.26 2.92 2.99 3.58 3.80 3.14 2.77 2.19 0.88 0.00 0.00 0.00 1.68 2.26 3.43 4.31 8.25 7.81 4.62 5.99 3.75 5.77 4.89 5.69 5.18 5.48 6.50
0.00 0.00 0.00 0.00 3.58 3.43 3.36 3.21 0.00 0.00 4.16 4.16 4.38 4.09 4.45 3.94 3.58 3.87 3.87 3.94 3.14 0.00 2.56 3.65 4.16 2.92 0.00 0.00 2.56 2.70 0.00 0.00 0.00 0.00 0.00 0.00 0.00 0.00 0.00 0.00 0.00 0.00 0.00 0.00 0.00 0.00 0.00 0.00 0.00 0.00 0.00 0.00 0.00 0.00 0.00 0.00 0.73 1.53 2.48 2.41 2.12 2.70 2.63 0.95 0.00 0.88 0.58 0.00 0.00 0.00 3.14 0.00 6.20 9.78 11.32 7.70 8.26 6.12 7.11 5.91 7.12 5.99 6.79 7.30
0.00 2.12 1.97 0.00 0.00 0.00 0.00 0.00 0.00 0.00 0.00 4.67 0.00 0.00 4.82 5.11 0.00 0.00 0.00 0.00 0.00 1.83 0.00 0.00 0.00 2.34 2.99 0.00 2.34 2.77 0.00 0.00 0.00 0.00 0.00 0.00 0.00 0.00 0.00 0.00 0.00 0.00 0.00 0.00 0.00 0.00 0.00 0.00 0.00 0.00 0.00 0.00 0.00 0.37 0.95 0.66 0.80 0.95 1.83 1.61 2.56 2.48 2.63 2.12 1.97 3.80 3.29 2.70 2.70 0.00 0.00 0.00 9.34 12.63 12.12 9.42 10.44 7.81 8.03 7.34 7.23 7.66 7.45 7.23
1.90 0.00 1.53 0.00 0.00 0.00 0.00 0.00 0.00 4.31 4.45 4.23 0.00 5.33 5.99 5.91 0.00 0.00 0.00 0.00 0.00 0.00 1.83 0.00 0.00 0.00 0.00 0.00 0.00 0.00 0.00 0.00 0.00 0.00 0.00 0.00 0.00 0.00 0.22 0.00 0.00 0.00 0.00 0.00 0.00 0.00 0.00 0.00 0.00 0.00 0.00 0.66 0.44 0.88 0.66 1.61 1.53 1.24 1.39 1.24 1.68 2.85 2.99 3.65 3.14 5.26 5.55 5.18 5.18 4.16 4.67 5.48 8.03 11.17 11.90 12.12 11.10 9.86 9.56 7.66 8.61 7.37 6.79 6.86
1.75 2.34 1.97 1.53 0.00 0.00 0.00 0.00 4.16 4.02 0.00 0.00 0.00 4.23 5.48 5.04 0.00 0.00 0.00 4.16 0.00 0.00 3.36 0.00 0.00 0.00 0.00 3.43 0.00 0.00 0.00 0.00 0.00 0.00 0.00 0.00 0.00 0.00 0.29 0.29 0.00 0.00 0.44 0.44 0.00 0.00 0.00 0.00 0.00 0.00 0.00 0.37 0.29 0.88 1.17 2.70 1.46 2.34 1.10 1.75 2.63 3.43 3.87 4.02 6.35 6.20 6.06 4.89 4.89 4.23 4.82 5.99 7.15 10.29 9.64 10.88 9.20 10.73 10.29 8.61 8.83 7.81 6.42 4.74
1.83 1.97 1.90 2.04 0.00 0.00 0.00 0.00 3.80 4.02 3.94 3.36 3.58 0.00 4.74 5.11 4.74 0.00 0.00 4.38 5.33 0.00 0.00 4.53 0.00 0.00 0.00 0.00 3.36 2.77 0.00 0.00 0.00 0.00 0.00 0.00 0.00 0.00 0.00 1.17 0.22 0.66 0.00 0.00 0.66 0.80 0.00 0.00 0.00 0.37 0.51 0.51 0.51 1.75 5.48 5.33 3.36 3.80 1.83 1.75 1.54 3.05 3.91 4.89 6.13 6.35 5.69 4.45 4.45 4.45 5.48 7.59 7.30 7.66 7.37 8.25 7.15 9.86 10.59 8.83 8.69 8.10 7.01 5.84
1.39 1.75 2.19 2.63 2.41 2.48 3.07 3.07 2.99 3.43 3.29 3.29 0.00 2.92 0.00 0.00 3.72 4.31 4.31 3.94 4.45 5.04 5.18 3.65 3.58 2.70 0.00 0.00 3.14 4.67 0.00 0.00 0.00 0.00 0.00 0.00 0.00 0.00 0.00 3.07 2.12 2.04 0.22 0.22 0.58 0.95 1.53 0.95 0.58 0.73 1.17 0.95 1.53 3.29 2.26 5.26 5.04 6.13 6.20 5.18 3.43 3.72 5.29 5.04 5.69 5.77 5.91 5.33 5.33 5.33 10.00 11.75 11.68 8.10 5.91 5.84 7.96 6.79 8.98 7.81 7.96 7.23 7.45 7.30
1.83 2.04 0.00 0.00 1.90 2.56 2.77 3.14 0.00 0.00 0.00 3.29 3.21 2.70 0.00 0.00 3.50 4.09 4.09 4.09 0.00 4.09 4.60 4.09 2.99 0.00 3.36 3.80 0.00 0.00 0.00 0.00 0.00 0.00 0.00 0.00 0.00 0.00 0.00 3.14 3.07 1.97 2.92 2.92 1.61 1.68 1.97 0.00 0.88 0.73 1.17 1.24 1.17 1.10 1.68 2.56 6.57 5.62 7.74 7.08 6.57 4.82 4.82 5.84 6.30 7.01 7.45 6.86 6.86 7.59 8.98 12.05 9.20 8.40 5.26 5.26 5.62 5.11 7.01 7.45 7.30 7.81 7.59 7.45
0.80 1.17 0.00 0.00 0.00 0.00 0.00 2.92 0.00 0.00 0.00 0.00 3.50 3.21 3.50 3.50 2.77 3.43 3.43 4.53 3.80 3.50 0.00 3.36 3.14 3.80 4.16 3.36 0.00 3.14 2.63 0.00 0.00 0.00 0.00 0.00 0.00 3.50 3.65 0.00 3.29 2.63 2.48 2.48 0.00 2.26 2.92 1.02 0.88 2.99 1.61 1.24 1.10 2.77 2.63 2.99 5.04 7.45 6.64 7.01 6.28 6.42 5.91 7.96 9.07 14.14 10.80 8.47 8.47 7.59 7.88 9.20 8.69 8.32 6.28 6.28 4.96 5.99 6.13 6.50 5.69 6.79 7.08 8.03
1.17 0.88 0.00 0.00 0.00 0.00 0.00 0.00 0.00 0.00 0.00 0.00 0.00 0.00 0.00 3.29 3.07 3.29 3.29 2.26 3.72 3.87 3.80 3.07 3.72 3.72 3.58 0.00 0.00 3.29 3.36 0.00 0.00 0.00 0.00 0.00 3.65 0.00 0.00 0.00 0.00 0.00 3.87 3.87 0.00 4.38 4.38 1.90 3.36 4.16 3.36 3.21 2.19 4.23 3.29 6.28 5.40 5.26 6.37 7.30 6.72 6.79 9.68 11.24 13.27 13.77 13.83 10.88 10.88 8.54 8.10 7.88 8.32 8.98 7.01 7.01 7.88 7.88 7.30 6.65 6.41 5.87 6.24 7.56
1.75 0.88 1.39 1.68 1.83 0.00 0.00 0.00 0.00 0.00 0.00 0.00 0.00 0.00 0.00 0.00 2.92 0.00 0.00 0.00 0.00 3.14 1.97 2.92 0.00 0.00 2.99 2.85 0.00 0.00 2.63 0.00 0.00 0.00 0.00 3.80 4.60 3.94 3.80 0.00 3.94 0.00 2.56 2.56 3.94 5.11 4.53 5.18 5.40 4.02 4.31 4.31 8.91 7.81 6.42 9.93 8.83 6.06 8.69 5.77 6.62 6.94 8.85 10.66 12.85 11.39 13.40 13.33 12.91 8.73 9.13 10.07 9.78 9.49 7.74 7.08 7.96 6.50 6.65 6.19 5.59 5.46 7.09 6.35
1.10 1.39 1.10 1.02 1.31 0.00 0.00 0.00 0.00 0.00 0.00 0.00 0.00 0.00 0.00 0.00 0.00 0.00 0.00 0.00 0.00 0.00 0.00 0.00 0.00 0.00 0.00 0.00 0.00 0.00 0.00 0.00 0.00 0.00 0.00 0.00 4.38 4.45 0.00 0.00 0.00 0.00 0.00 0.00 2.26 2.26 4.74 3.87 4.53 3.14 5.26 6.72 9.56 10.00 9.64 12.99 13.21 10.51 14.08 7.23 7.96 7.01 7.08 7.76 10.27 11.32 10.44 8.98 9.02 9.73 9.61 9.05 10.88 9.27 7.63 6.64 6.79 6.64 6.09 5.49 6.10 6.79 7.46 8.40
0.66 0.66 0.73 0.88 0.88 1.02 0.00 0.95 1.17 0.22 0.15 0.00 0.00 0.00 0.00 0.00 0.00 0.00 0.00 0.00 1.68 0.00 0.00 0.00 0.00 0.00 0.00 0.00 0.00 0.00 0.00 0.00 0.00 0.00 0.00 0.00 3.72 0.00 0.00 0.00 0.00 0.00 0.00 0.00 1.10 1.53 2.92 3.80 3.58 5.40 6.06 8.32 9.13 11.90 11.97 17.67 17.37 18.76 14.45 11.90 10.77 9.63 6.80 6.25 7.64 8.73 10.18 6.28 6.28 6.80 8.15 7.57 11.01 8.60 7.70 7.45 7.15 6.00 6.10 4.54 6.87 7.68 8.79 7.94
1.46 0.80 0.88 0.58 0.88 1.10 1.61 0.00 0.00 0.00 0.66 0.00 0.00 0.00 0.00 0.00 0.00 0.37 0.37 0.00 0.00 2.56 0.00 0.00 0.00 0.00 0.00 0.00 0.00 0.00 0.00 0.00 0.00 0.00 0.00 0.00 0.00 0.00 0.00 0.00 0.00 0.00 0.00 0.00 1.10 0.80 1.39 1.68 5.04 7.15 8.47 8.03 12.05 13.58 16.06 17.89 18.64 20.95 20.66 15.18 11.97 15.95 11.32 6.22 6.85 6.74 7.56 4.74 4.74 4.94 5.49 4.69 8.89 7.34 7.78 6.68 7.30 7.26 5.97 5.57 5.35 9.42 12.02 9.35
1.10 0.88 1.46 0.37 1.02 0.88 2.41 0.00 0.00 0.00 0.51 0.00 0.00 0.00 0.00 0.66 0.95 0.00 0.00 0.00 0.00 0.00 0.00 0.00 0.00 0.00 0.00 0.00 0.00 0.00 0.00 0.00 0.00 0.00 0.00 0.00 0.00 0.00 0.00 0.00 0.00 0.00 0.00 0.00 0.00 1.17 1.17 4.89 6.72 9.64 8.83 15.62 16.02 15.43 15.98 16.82 17.54 20.51 23.07 21.83 18.18 16.21 6.76 5.32 4.40 5.57 6.64 4.09 4.11 3.42 4.37 6.57 6.78 9.19 9.81 9.05 9.76 6.88 7.03 6.80 5.84 8.56 11.68 10.85
0.51 0.58 0.80 1.39 1.75 1.90 1.97 0.00 0.00 0.00 0.37 0.00 0.00 0.00 0.00 0.00 0.00 0.00 0.00 0.00 0.00 0.00 0.00 0.00 0.00 0.00 0.00 1.10 0.00 0.00 0.00 0.00 0.00 0.00 0.00 0.00 0.00 0.00 0.00 0.00 0.00 0.00 2.70 2.70 0.80 1.10 0.29 7.74 11.46 12.85 13.72 18.18 16.57 16.13 17.67 15.50 17.42 19.04 23.42 19.61 10.86 9.24 6.39 5.05 4.76 3.40 4.72 2.27 2.27 2.21 3.61 3.49 5.97 9.79 9.39 9.76 8.79 8.38 6.89 6.43 8.81 13.09 11.80 8.22
2.19 1.97 1.02 1.39 3.14 2.56 3.07 2.41 2.04 1.02 0.00 0.00 0.00 0.00 0.00 0.00 0.00 0.00 0.00 0.00 0.00 0.00 0.00 0.00 0.00 0.00 1.75 1.97 0.00 0.00 0.00 0.00 0.00 0.00 0.00 0.00 0.00 0.00 0.00 0.00 0.00 0.00 5.99 5.99 3.50 2.63 5.77 10.80 12.92 17.08 17.89 17.59 16.86 14.60 17.88 18.41 12.80 13.15 23.18 24.07 9.47 8.52 8.81 5.48 7.46 4.62 1.98 1.56 1.53 1.85 1.91 4.33 6.35 9.11 9.78 9.32 8.45 6.67 7.64 6.56 8.58 12.72 12.86 9.89
2.92 0.00 0.00 1.61 3.65 3.58 2.99 3.07 2.56 2.04 1.02 0.51 0.00 0.00 0.00 0.29 0.00 0.00 0.00 0.00 0.00 0.00 0.00 0.00 0.00 2.48 0.00 2.41 0.00 1.10 0.73 0.00 0.00 1.39 1.39 0.00 0.00 0.00 0.00 0.00 0.00 3.14 7.74 7.74 6.94 3.14 8.69 11.53 18.61 18.79 16.93 17.19 17.20 19.73 17.07 11.67 11.46 11.39 15.92 7.57 7.26 9.30 9.33 7.37 4.74 2.86 2.89 1.81 1.76 1.53 1.61 3.12 5.51 8.16 10.93 9.05 10.93 7.99 8.42 7.37 10.17 11.38 12.60 9.49
7.01 5.55 6.20 7.15 6.86 6.94 7.88 6.42 3.65 0.00 0.00 0.00 1.02 1.83 0.15 0.29 0.58 0.80 0.80 1.31 1.39 0.00 0.00 1.17 1.31 2.19 2.19 1.10 1.17 1.02 1.39 0.73 0.22 1.24 1.68 1.75 3.58 4.16 0.00 5.11 3.94 6.06 6.20 6.20 7.30 7.74 15.40 15.91 16.28 15.55 15.43 16.45 11.51 11.73 10.67 8.33 9.76 11.93 10.15 11.30 10.78 10.82 13.58 10.76 7.96 4.62 4.53 3.44 3.39 0.88 1.39 4.61 8.66 11.17 13.33 10.73 9.38 7.18 4.59 5.95 7.03 5.87 9.39 10.32
8.76 8.32 7.74 6.79 7.66 9.86 9.05 5.11 0.00 0.00 0.00 1.53 2.04 2.12 1.02 0.44 0.51 0.73 0.73 0.88 1.02 0.88 0.51 1.46 0.51 1.46 1.31 0.44 0.66 0.95 1.31 1.10 0.73 0.88 1.75 2.85 4.38 4.89 5.55 1.24 3.50 1.97 5.26 5.26 7.23 7.88 14.24 14.45 15.43 13.23 11.89 11.31 9.55 10.85 11.57 11.96 8.85 11.60 11.17 10.08 11.95 12.25 17.12 14.30 9.78 5.33 5.50 6.80 6.69 1.83 1.53 2.87 6.77 11.18 13.67 11.46 8.18 5.47 3.57 4.53 5.57 6.52 7.90 9.96
7.74 8.76 7.15 4.74 4.67 8.10 9.86 7.30 2.63 0.00 0.00 0.00 0.00 0.00 1.90 1.02 1.61 0.58 0.58 0.80 0.00 1.10 0.15 0.22 0.29 0.00 0.00 0.22 0.51 0.95 0.29 0.37 0.37 0.15 1.53 2.04 3.50 2.92 0.00 0.44 1.53 1.24 2.85 2.85 6.64 6.57 8.25 9.73 11.44 12.67 11.73 11.72 12.62 11.89 12.25 7.97 8.74 8.80 13.13 13.05 14.05 15.94 16.43 17.52 14.38 8.86 7.75 10.05 11.17 5.29 1.64 3.34 5.88 10.13 14.08 10.47 8.91 7.01 5.01 4.04 7.20 7.98 7.56 7.56
3.29 5.77 4.16 3.65 1.68 4.02 7.15 7.56 5.55 2.19 0.00 0.00 0.00 0.00 1.90 1.53 0.29 0.73 0.73 0.15 0.51 0.66 0.51 1.02 0.80 0.00 0.00 0.15 0.58 0.80 0.00 0.29 0.00 0.00 0.73 1.31 0.73 0.88 0.00 0.29 0.66 0.00 2.26 2.26 6.50 3.50 5.48 7.56 11.53 13.09 12.49 13.22 16.38 16.25 9.00 7.39 5.89 7.09 6.47 8.53 14.26 15.65 20.25 18.32 18.10 13.83 11.15 13.58 13.09 9.21 3.77 5.52 5.71 7.91 14.06 10.18 9.34 10.55 4.71 5.20 10.32 7.81 12.38 8.27
0.00 0.00 0.00 0.00 0.00 0.00 6.13 6.28 4.60 2.12 2.34 1.31 0.00 0.00 0.00 0.80 0.00 0.00 0.00 1.02 0.95 1.53 0.00 0.00 0.22 0.00 0.00 0.00 0.00 0.44 0.00 0.00 0.00 0.00 0.00 0.00 0.29 0.00 0.00 0.00 0.00 0.00 0.37 0.37 3.72 2.19 7.52 10.51 11.68 11.61 13.64 13.45 11.56 12.71 7.54 8.32 5.58 7.51 7.24 9.40 9.38 15.53 19.18 21.78 16.51 15.43 14.68 15.92 16.01 13.49 10.04 6.94 5.70 7.34 8.46 8.03 11.62 10.93 6.71 6.82 8.45 10.69 14.78 11.11
0.00 0.00 0.00 0.00 0.00 2.70 4.31 7.01 6.35 3.94 2.48 1.68 1.10 0.00 0.00 0.00 0.00 0.00 0.00 0.00 0.15 0.15 0.00 0.00 0.00 0.00 0.00 0.00 0.00 0.00 0.00 0.00 0.00 0.00 0.00 0.00 0.00 0.29 0.00 0.00 0.00 0.00 0.00 0.00 1.25 2.41 5.21 7.37 10.89 7.98 12.60 9.97 12.60 10.25 7.10 7.26 8.41 0.00 7.20 7.73 9.26 11.22 15.00 17.31 13.78 16.13 15.56 12.32 14.42 13.01 8.76 8.36 8.47 8.44 6.97 10.43 12.17 11.68 7.07 7.34 10.60 15.68 18.17 11.92
0.00 0.00 0.00 0.00 0.00 0.00 2.04 4.96 7.45 6.06 3.87 3.36 2.34 2.26 2.04 1.90 0.80 0.00 0.00 0.00 0.00 0.00 0.00 0.00 0.00 0.00 0.00 0.00 0.00 0.00 0.00 0.00 0.00 0.00 0.00 0.00 0.00 0.00 0.00 0.00 0.00 0.00 0.00 0.00 0.22 0.44 1.39 3.50 5.79 7.18 8.86 12.65 9.39 9.82 8.28 9.35 7.73 0.00 0.00 9.19 13.20 7.43 10.65 15.82 14.86 15.84 16.61 13.37 14.97 12.15 8.59 8.19 8.80 7.08 7.67 12.63 15.01 14.24 8.49 8.59 7.80 16.27 18.37 13.29
0.00 0.00 0.00 0.00 0.00 0.00 0.00 0.00 5.69 6.94 5.11 3.29 3.43 4.09 2.34 2.96 2.36 0.95 0.95 0.00 0.51 0.00 0.00 0.00 0.00 0.00 0.00 0.00 0.00 0.00 0.00 0.00 0.00 0.00 0.00 0.00 0.00 0.00 0.00 0.00 0.00 0.00 0.00 0.00 0.00 0.00 0.00 0.22 5.66 8.68 11.15 11.86 11.59 11.00 0.00 0.00 0.00 0.00 0.00 0.00 10.30 7.83 7.69 12.33 12.13 15.73 20.46 14.29 14.60 13.31 9.33 7.38 8.62 7.60 6.53 11.09 13.97 15.29 13.39 8.38 7.55 11.94 12.37 7.04
0.00 0.00 0.00 0.00 0.00 0.00 0.00 2.41 3.94 4.23 0.00 2.99 3.07 4.23 4.16 4.48 4.96 4.36 4.06 2.04 3.21 0.73 0.00 0.37 0.00 0.00 0.00 0.15 0.00 0.00 0.00 0.00 0.00 0.00 0.00 0.00 0.00 0.00 0.00 0.00 1.61 0.51 0.07 0.07 0.22 0.22 0.00 0.00 6.32 11.24 14.00 7.62 8.60 0.00 0.00 0.00 0.00 0.00 0.00 0.00 0.00 0.00 8.39 5.04 11.40 15.13 14.29 15.22 18.61 16.12 9.56 6.89 7.84 7.93 5.84 11.02 10.77 19.09 13.41 7.60 7.08 7.53 7.80 0.00
0.00 0.00 0.00 0.00 0.00 0.00 0.00 0.00 0.00 0.00 0.00 0.00 0.00 0.00 0.00 0.00 2.85 0.00 0.00 3.36 4.02 3.80 3.87 2.85 2.26 2.12 1.17 3.36 1.31 0.00 0.00 1.24 0.00 0.95 3.29 3.65 3.29 5.84 4.74 8.36 5.72 5.90 1.90 1.90 3.50 1.75 1.02 2.79 5.71 6.50 0.00 0.00 0.00 0.00 0.00 0.00 0.00 0.00 0.00 0.00 0.00 0.00 0.00 0.00 6.65 10.07 6.15 5.14 5.74 5.12 6.26 4.74 5.66 4.05 2.23 8.31 6.77 7.66 3.40 0.00 0.00 0.00 0.00 0.00
0.00 0.00 0.00 0.00 0.00 0.00 0.00 0.00 0.00 0.00 0.00 0.00 0.00 0.00 0.00 0.00 0.00 0.00 0.00 0.00 5.00 4.39 3.50 5.77 6.06 4.43 4.04 4.96 4.38 3.80 5.18 3.94 2.70 2.56 3.36 5.40 5.84 7.88 6.94 5.55 6.96 4.78 6.13 6.85 6.64 4.82 4.67 3.89 3.71 0.00 0.00 0.00 0.00 0.00 0.00 0.00 0.00 0.00 0.00 0.00 0.00 0.00 0.00 5.05 0.00 0.00 0.00 3.94 3.94 0.00 3.97 2.55 4.28 2.10 2.96 6.38 4.98 5.10 0.00 0.00 0.00 0.00 0.00 0.00
0.00 0.00 0.00 0.00 0.00 0.00 0.00 0.00 0.00 0.00 0.00 0.00 0.00 0.00 0.00 0.00 0.00 0.00 0.00 0.00 0.00 0.00 5.26 3.65 2.85 3.37 3.13 6.64 3.07 4.09 3.87 4.02 4.00 1.75 2.85 3.25 5.18 5.04 6.28 1.10 2.95 4.96 6.58 8.36 7.26 6.38 6.38 2.33 0.00 0.00 0.00 0.00 0.00 0.00 0.00 0.00 0.00 0.00 0.00 0.00 0.00 0.00 0.00 0.00 0.00 0.00 0.00 0.00 0.00 0.00 0.00 0.00 3.23 0.00 1.73 3.76 6.42 3.86 0.00 0.00 0.00 0.00 0.00 0.00
0.00 0.00 0.00 0.00 0.00 0.00 0.00 0.00 0.00 0.00 0.00 0.00 0.00 0.00 0.00 0.00 0.00 0.00 0.00 0.00 0.00 0.00 0.00 0.00 0.00 0.00 0.00 1.83 0.00 3.65 2.26 3.54 3.42 1.46 0.00 0.00 0.00 3.21 1.68 0.00 0.00 2.34 0.00 0.00 0.00 4.33 3.91 0.00 0.00 0.00 0.00 0.00 0.00 0.00 0.00 0.00 0.00 0.00 0.00 0.00 0.00 0.00 0.00 0.00 0.00 0.00 0.00 0.00 0.00 0.00 0.00 0.00 0.00 0.00 0.00 0.00 0.00 2.92 0.00 0.00 0.00 0.00 0.00 0.00
