Wansh/Snow_depth/snowdepth-1992/winter/1993023.txt
ncols 321
nrows 161
xllcenter 60
yllcenter 15 
cellsize  0.25 
NODATA_value -1
[rows 0 to 36 of 161, columns 168 to 251 of 321]
9.64 7.37 7.96 5.91 6.35 6.42 5.55 6.20 7.01 7.01 6.72 7.23 7.01 6.72 7.01 7.37 7.74 9.49 8.91 11.24 11.10 10.00 9.56 9.56 9.71 7.08 8.54 0.00 1.61 0.00 0.00 0.00 11.02 14.02 13.80 13.80 10.51 12.92 12.70 12.70 13.29 10.80 12.12 11.90 11.97 11.90 12.41 10.95 11.24 9.05 7.74 7.88 8.69 9.05 9.05 10.59 12.12 12.12 11.46 10.95 10.95 12.56 12.41 15.55 18.47 18.03 19.05 17.30 14.02 11.68 11.46 12.05 10.88 11.02 11.32 11.32 13.29 13.07 14.53 16.64 14.38 14.75 15.99 15.99
11.39 8.76 8.61 9.42 6.86 5.55 6.28 5.40 6.20 6.20 5.77 7.30 7.37 7.59 6.64 7.96 7.81 9.34 11.02 11.17 11.39 11.02 9.93 10.51 10.22 6.57 0.00 0.00 0.00 0.00 0.00 3.94 4.89 12.99 10.37 10.37 11.32 10.88 14.67 14.16 15.33 14.60 14.60 13.14 13.07 12.26 10.29 10.66 8.98 8.18 8.32 9.42 10.44 10.44 10.88 11.02 11.90 11.90 12.41 12.12 12.12 13.07 13.94 15.18 17.01 17.52 18.10 16.94 14.97 15.62 11.90 11.83 12.26 11.61 11.24 12.12 13.07 12.12 12.70 12.85 12.78 12.26 10.00 10.95
15.11 15.91 10.88 10.44 11.10 8.03 7.37 7.37 6.13 6.13 6.57 6.28 7.08 7.23 7.15 8.69 12.12 11.75 12.63 11.32 11.61 10.37 10.37 10.51 5.91 8.76 0.00 0.00 0.00 0.00 2.34 0.00 10.66 11.75 12.05 12.05 9.78 9.93 14.53 15.91 15.70 15.18 12.34 12.78 10.88 9.49 9.64 8.98 9.05 9.27 9.71 10.73 10.59 11.39 10.66 10.88 10.37 10.66 11.39 11.75 11.75 14.67 15.04 15.40 15.18 15.70 16.86 15.18 13.14 14.09 12.19 11.90 11.39 10.88 11.68 10.22 10.29 10.44 11.61 9.64 9.71 9.93 9.86 10.22
15.11 15.91 10.88 10.44 11.10 8.03 7.37 7.37 6.13 6.13 6.57 6.28 7.08 7.23 7.15 8.69 12.12 11.75 12.63 11.32 11.61 10.37 10.37 10.51 5.91 8.76 0.00 0.00 0.00 0.00 2.34 0.00 10.66 11.75 12.05 12.05 9.78 9.93 14.53 15.91 15.70 15.18 12.34 12.78 10.88 9.49 9.64 8.98 9.05 9.27 9.71 10.73 10.59 11.39 10.66 10.88 10.37 10.66 11.39 11.75 11.75 14.67 15.04 15.40 15.18 15.70 16.86 15.18 13.14 14.09 12.19 11.90 11.39 10.88 11.68 10.22 10.29 10.44 11.61 9.64 9.71 9.93 9.86 10.22
15.62 15.04 15.62 12.99 11.53 12.34 7.37 8.32 7.88 7.88 6.79 8.10 7.59 8.10 12.19 12.19 14.82 15.62 16.50 10.95 9.78 9.78 8.32 0.00 0.00 0.00 0.00 0.00 0.00 0.00 2.04 9.42 7.15 11.53 10.07 10.07 10.66 10.66 13.07 12.48 15.26 16.35 16.13 14.45 12.48 12.63 12.12 11.68 11.90 11.17 11.24 11.17 10.66 10.59 10.51 9.93 10.73 10.07 10.80 11.75 11.75 14.60 15.40 15.26 14.89 13.94 14.24 11.97 12.12 12.34 10.95 11.61 9.71 10.07 9.78 8.32 8.98 8.98 8.83 9.71 11.10 11.24 11.39 12.19
16.79 17.59 17.81 18.40 14.02 14.24 11.17 11.02 11.83 11.83 11.61 7.88 12.92 12.34 13.29 15.77 15.11 16.43 10.37 11.75 6.79 0.00 5.48 0.00 0.00 0.00 0.00 0.00 0.00 3.80 8.83 7.59 9.86 10.95 10.95 10.95 13.21 10.66 12.70 14.82 14.38 16.50 15.70 16.43 13.58 12.78 12.85 12.63 11.61 11.90 11.24 11.02 10.73 10.80 9.71 9.56 9.20 9.20 10.51 10.22 10.22 12.19 12.78 14.02 12.56 11.32 10.66 10.07 10.51 10.37 10.15 10.51 10.00 8.83 6.94 6.79 8.40 8.91 8.83 8.98 9.86 11.75 11.17 13.07
17.96 17.08 19.86 20.29 20.22 16.79 16.57 14.16 14.02 14.02 13.58 13.14 12.92 15.40 15.18 15.99 15.62 16.50 10.95 5.69 7.15 0.00 0.00 0.00 0.00 0.00 0.00 0.00 6.20 4.60 8.47 10.07 9.71 12.56 14.67 14.67 14.24 14.31 12.05 12.85 12.19 14.09 13.80 14.38 14.24 14.38 13.21 13.36 13.29 11.90 10.73 10.88 10.44 9.86 8.40 8.40 8.32 8.83 9.34 9.20 9.20 10.95 11.32 12.05 11.75 10.44 9.64 9.27 9.71 9.49 8.03 7.23 6.13 5.99 6.06 5.91 5.62 5.77 7.52 7.22 10.46 11.22 14.44 15.22
17.96 17.08 19.86 20.29 20.22 16.79 16.57 14.16 14.02 14.02 13.58 13.14 12.92 15.40 15.18 15.99 15.62 16.50 10.95 5.69 7.15 0.00 0.00 0.00 0.00 0.00 0.00 0.00 6.20 4.60 8.47 10.07 9.71 12.56 14.67 14.67 14.24 14.31 12.05 12.85 12.19 14.09 13.80 14.38 14.24 14.38 13.21 13.36 13.29 11.90 10.73 10.88 10.44 9.86 8.40 8.40 8.32 8.83 9.34 9.20 9.20 10.95 11.32 12.05 11.75 10.44 9.64 9.27 9.71 9.49 8.03 7.23 6.13 5.99 6.06 6.84 7.75 8.30 10.30 12.27 17.28 14.93 18.58 15.79
15.48 17.16 16.06 19.35 17.01 16.79 17.08 14.60 13.58 13.58 14.31 14.38 17.01 16.21 15.77 10.29 15.40 8.40 0.00 1.02 0.00 0.00 0.00 0.00 0.00 0.00 1.75 0.00 5.40 7.59 7.15 9.42 11.24 14.02 14.02 14.02 15.40 16.06 12.56 11.10 10.95 13.21 14.45 13.94 14.97 13.72 13.94 13.80 13.80 13.36 11.46 11.90 9.86 8.61 8.83 8.32 8.91 9.71 9.27 9.34 9.34 9.34 12.12 12.12 11.46 11.10 11.02 10.59 8.32 8.40 8.32 7.01 6.35 6.17 7.25 8.58 9.10 8.41 7.35 11.77 14.07 10.93 15.68 16.19
10.95 12.70 12.26 11.68 15.55 14.24 14.89 14.97 14.75 14.75 15.04 14.16 13.21 9.05 13.87 7.81 0.00 0.00 0.00 0.00 0.00 0.00 0.00 0.00 2.70 7.30 6.42 9.34 10.29 8.10 8.83 10.80 10.51 12.05 13.87 13.87 13.36 13.87 14.16 13.80 15.99 16.94 16.86 15.77 13.87 13.87 13.65 14.24 13.29 13.65 11.97 11.75 10.66 9.78 9.49 9.56 12.78 10.66 14.45 12.41 12.41 11.61 12.85 11.46 10.95 8.69 10.37 8.40 7.30 7.52 7.52 6.72 7.86 9.16 8.97 7.79 8.36 8.60 9.52 10.01 9.20 10.58 17.28 12.88
12.85 13.29 9.71 10.66 13.29 13.21 12.05 14.31 14.38 14.38 11.24 10.88 12.12 6.35 0.00 5.99 0.00 0.00 0.00 0.00 2.63 0.66 8.18 9.56 9.49 8.54 10.44 10.29 10.00 10.44 10.51 10.51 11.46 11.75 13.21 13.21 14.53 14.53 15.04 17.30 17.01 17.67 16.13 13.21 14.60 12.78 9.93 11.46 10.88 12.63 11.90 12.12 11.32 10.73 13.21 14.97 14.02 15.91 18.10 17.30 17.30 14.82 13.87 11.32 9.64 10.00 9.05 8.47 7.81 6.86 7.30 7.01 7.49 6.23 7.00 8.37 9.50 9.69 9.02 9.10 9.35 10.06 11.18 12.27
12.85 13.29 9.71 10.66 13.29 13.21 12.05 14.31 14.38 14.38 11.24 10.88 12.12 6.35 0.00 5.99 0.00 0.00 0.00 0.00 2.63 0.66 8.18 9.56 9.49 8.54 10.44 10.29 10.00 10.44 10.51 10.51 11.46 11.75 13.21 13.21 14.53 14.53 15.04 17.30 17.01 17.67 16.13 13.21 14.60 12.78 9.93 11.46 10.88 12.63 11.90 12.12 11.32 10.73 13.21 14.97 14.02 15.91 18.10 17.30 17.30 14.82 13.87 11.32 9.64 10.00 9.05 8.47 7.81 6.86 7.30 7.01 7.30 6.13 6.79 7.77 8.46 8.98 9.63 9.44 9.35 9.84 12.28 13.13
14.67 13.72 13.65 10.44 10.15 10.22 10.51 7.52 7.01 7.01 9.05 0.00 0.80 2.92 0.00 0.00 0.00 0.00 8.76 6.13 8.83 8.40 7.81 9.93 10.88 10.66 12.05 10.73 11.17 10.59 11.61 11.46 12.19 14.09 14.67 14.67 14.45 14.53 14.67 14.24 15.77 15.91 16.21 14.67 11.17 9.20 9.49 9.93 12.19 11.75 12.41 11.75 11.46 12.70 12.12 14.16 15.62 17.67 15.33 15.70 15.70 15.48 14.45 9.78 11.90 10.22 10.95 9.34 9.93 7.88 9.78 9.56 8.25 7.37 6.96 8.12 9.31 8.36 9.70 10.57 9.33 10.09 12.69 9.97
16.35 15.26 15.62 11.02 11.02 12.41 6.42 7.88 0.00 0.00 0.00 0.00 0.00 0.00 0.00 0.00 1.24 0.00 4.45 8.61 10.88 10.66 10.88 10.15 10.29 11.17 11.83 11.90 12.12 11.97 11.97 11.46 13.65 13.43 12.99 12.99 13.58 13.29 13.94 15.48 15.11 15.48 14.45 12.92 12.34 11.17 12.26 11.24 10.29 10.88 11.32 11.39 12.78 12.34 12.85 14.82 14.24 14.16 14.09 15.33 15.33 15.55 15.77 16.28 11.75 15.62 13.58 11.24 11.61 12.26 10.29 10.66 9.13 12.54 13.12 10.49 8.58 9.02 10.33 8.85 10.31 11.11 10.10 10.60
19.93 16.57 16.86 17.08 15.26 15.33 14.16 4.89 5.55 5.55 6.72 0.00 0.00 4.89 0.00 0.00 2.26 6.50 8.25 7.52 10.59 10.73 10.73 11.10 11.61 11.24 12.12 11.75 11.90 11.10 11.17 10.95 11.46 10.66 11.53 11.53 11.46 12.05 12.78 12.92 12.34 12.78 12.26 12.34 12.70 13.21 13.21 12.41 12.12 11.39 11.24 11.17 12.34 14.02 14.97 14.97 16.35 14.60 14.16 14.09 14.09 15.26 17.01 16.43 15.99 16.28 16.06 15.04 12.56 14.31 17.96 15.77 14.05 19.63 14.60 12.39 13.42 13.63 11.16 10.67 11.86 9.76 10.82 9.93
18.76 18.91 19.56 16.43 16.06 14.60 15.18 12.12 11.53 11.53 11.61 12.63 9.13 8.83 9.27 8.83 7.45 7.37 8.76 10.29 10.22 10.22 10.51 10.29 11.02 10.22 10.15 9.42 9.64 10.37 9.64 11.32 10.88 11.32 11.39 11.39 11.32 11.24 12.26 11.53 11.75 12.05 11.53 11.53 10.80 11.02 11.17 12.34 11.46 11.68 10.88 10.37 13.14 14.53 14.67 16.35 16.13 16.94 16.50 15.33 15.33 17.30 17.81 18.40 19.42 17.16 15.40 15.48 15.55 20.81 20.22 18.96 18.78 17.62 17.70 16.60 13.97 13.02 12.32 11.52 11.98 12.33 12.44 10.06
18.76 18.91 19.56 16.43 16.06 14.60 15.18 12.12 11.53 11.53 11.61 12.63 9.13 8.83 9.27 8.83 7.45 7.37 8.76 10.29 10.22 10.22 10.51 10.29 11.02 10.22 10.15 9.42 9.64 10.37 9.64 11.32 10.88 11.32 11.39 11.39 11.32 11.24 12.26 11.53 11.75 12.05 11.53 11.53 10.80 11.02 11.17 12.34 11.46 11.68 10.88 10.37 13.14 14.53 14.67 16.35 16.13 16.94 16.50 15.33 15.33 17.30 17.81 18.40 19.42 17.16 15.40 15.48 15.55 20.81 20.22 23.29 17.60 19.15 15.89 20.54 14.17 14.39 12.57 10.39 11.58 10.60 13.53 11.42
15.26 15.77 16.57 16.50 17.16 14.67 12.34 12.85 12.12 12.12 11.02 11.46 10.00 9.34 9.56 9.56 11.97 12.85 10.51 10.66 9.86 10.22 10.88 10.44 10.07 9.42 9.64 9.49 9.49 10.22 11.46 11.10 11.46 12.34 12.34 12.34 12.26 12.19 11.53 11.61 12.34 12.85 13.36 12.92 10.51 9.49 10.22 10.88 10.73 10.22 8.83 8.03 10.37 13.94 13.51 14.38 15.99 17.67 17.52 17.30 17.30 18.91 19.35 18.69 18.25 18.32 19.86 21.68 17.45 17.30 22.69 23.25 24.48 20.38 17.99 21.72 17.64 15.19 12.93 13.20 12.04 11.20 10.79 9.83
15.62 15.11 17.45 18.10 15.99 16.43 12.85 10.07 10.95 10.95 8.76 9.86 9.56 11.61 12.19 13.43 13.51 12.78 11.97 12.12 11.61 11.32 11.24 11.02 10.44 10.15 9.56 9.86 10.07 9.86 11.32 12.26 12.34 12.26 12.70 12.70 12.56 12.48 12.63 12.41 13.51 13.21 13.51 13.14 12.19 10.37 10.22 10.66 10.15 9.71 7.88 8.40 8.69 8.47 10.07 14.82 14.53 17.16 16.21 15.04 15.04 15.48 17.01 16.64 17.45 17.52 17.89 20.81 20.66 21.28 22.56 22.34 22.16 20.66 22.38 18.88 15.96 16.52 15.39 16.72 12.18 13.36 11.60 11.31
14.16 15.62 15.77 12.78 16.28 14.60 14.97 10.95 9.78 9.78 10.44 9.78 12.34 15.26 14.82 16.57 12.92 13.58 12.34 15.11 14.53 12.70 12.26 11.17 11.39 10.07 10.00 10.15 10.59 12.63 14.60 14.16 15.62 15.48 14.38 14.38 13.58 13.65 12.63 13.29 13.14 13.51 13.58 13.51 13.43 11.61 11.32 11.90 11.10 11.61 10.95 11.61 8.25 7.23 6.20 11.68 11.68 15.55 12.63 13.29 13.29 14.38 14.82 12.26 14.45 13.94 16.13 18.76 17.30 19.56 20.29 19.13 20.59 19.27 20.00 18.99 20.00 20.12 19.11 17.33 17.16 14.31 12.35 13.23
12.92 12.19 11.32 11.02 11.39 13.14 11.53 11.68 11.39 11.39 12.41 12.12 12.12 16.64 17.74 18.76 16.43 14.60 14.31 16.35 18.54 18.61 18.91 14.16 10.80 11.02 10.66 10.80 13.07 12.63 15.33 17.16 17.08 17.16 16.57 16.57 15.11 15.77 13.65 12.48 12.92 13.14 12.34 13.14 10.15 9.13 9.13 10.51 11.02 12.05 11.75 10.80 9.05 5.77 6.94 10.00 11.39 12.26 11.83 11.75 11.75 9.42 9.27 10.73 10.51 7.59 11.68 15.55 16.86 15.40 16.35 18.40 19.27 19.35 19.91 18.21 23.16 19.06 23.92 19.02 18.77 17.23 14.71 12.74
9.93 9.49 10.88 10.66 10.73 11.39 11.83 13.58 13.21 13.21 13.29 15.91 18.10 17.67 19.78 17.52 18.47 18.76 23.29 19.49 20.37 18.76 14.60 15.40 12.41 14.45 16.72 12.85 13.80 18.32 15.55 17.74 18.18 17.52 17.59 17.59 17.08 16.57 18.18 18.69 18.98 15.18 13.29 13.36 12.85 9.64 9.27 10.22 13.14 14.75 12.99 13.94 8.47 8.98 7.74 10.15 9.64 10.59 9.42 8.83 8.83 6.42 7.19 1.83 1.61 5.11 8.98 11.61 12.34 11.75 13.58 16.35 16.28 18.18 19.62 19.31 26.00 19.59 25.28 19.74 14.23 13.58 15.91 15.05
9.93 9.49 10.88 10.66 10.73 11.39 11.83 13.58 13.21 13.21 13.29 15.91 18.10 17.67 19.78 17.52 18.47 18.76 23.29 19.49 20.37 18.76 14.60 15.40 12.41 14.45 16.72 12.85 13.80 18.32 15.55 17.74 18.18 17.52 17.59 17.59 17.08 16.57 18.18 18.69 18.98 15.18 13.29 13.36 12.85 9.64 9.27 10.22 13.14 14.75 12.99 13.94 8.47 8.98 7.74 10.15 9.64 10.59 9.42 8.83 8.83 6.42 7.19 1.83 1.61 5.11 8.98 11.61 12.34 11.75 13.58 16.35 16.28 18.18 18.83 19.41 20.19 17.23 21.17 22.98 17.41 13.87 12.46 13.88
9.56 11.17 11.02 11.39 12.56 12.99 11.90 14.31 17.67 17.67 17.30 17.01 18.91 22.70 22.12 19.20 20.00 19.13 22.85 20.81 17.89 18.47 14.16 13.43 13.36 14.67 18.25 20.15 20.81 19.56 18.54 16.79 17.16 16.79 18.32 18.32 18.10 17.81 19.78 21.24 19.05 20.81 19.49 19.64 18.83 13.51 14.31 11.32 12.12 14.24 14.82 11.46 10.07 7.08 7.52 6.28 8.98 8.47 8.25 7.52 7.52 2.99 0.00 0.00 0.00 2.12 5.26 9.42 11.39 13.21 14.89 17.67 18.61 18.69 18.69 18.93 18.44 22.65 21.39 21.39 20.02 12.89 13.15 13.10
9.13 12.99 15.77 15.26 14.09 11.53 12.19 14.24 17.74 17.74 21.32 20.59 21.75 24.67 25.62 25.92 21.68 21.32 20.73 20.59 18.61 15.48 15.77 15.18 17.67 19.05 18.40 21.75 20.81 18.91 19.49 16.86 16.64 16.72 17.89 17.89 19.71 25.40 24.38 23.43 23.65 22.70 20.95 19.93 15.70 12.92 15.62 11.90 11.02 8.32 9.20 5.77 5.84 4.45 6.64 6.94 6.06 6.13 6.64 0.00 0.00 0.00 0.00 0.00 3.21 5.91 5.62 10.59 13.14 15.40 15.77 17.01 15.70 17.67 19.17 19.99 19.36 19.02 18.92 19.75 22.99 9.67 12.18 13.10
10.15 13.51 15.11 11.83 15.40 10.80 11.10 17.16 16.35 16.35 21.17 26.50 25.92 27.01 25.19 23.87 22.12 22.27 20.88 19.71 20.08 16.79 16.06 18.25 17.89 17.96 19.20 22.12 21.68 21.90 20.51 20.59 20.59 21.75 23.65 23.65 24.97 24.97 24.60 24.45 24.75 21.83 18.03 19.13 15.18 11.10 6.13 4.82 4.23 2.48 4.38 3.87 4.09 4.60 5.04 4.96 4.67 4.53 0.00 0.00 0.00 0.00 1.53 1.39 2.85 7.52 5.26 8.40 12.63 15.18 15.55 15.84 16.16 17.70 18.97 19.30 17.65 17.06 15.76 14.04 10.92 9.45 9.49 8.70
11.97 11.61 13.36 10.37 7.74 10.73 9.71 11.46 20.66 20.66 19.93 23.29 21.68 18.83 23.73 22.56 21.17 20.29 19.13 16.50 16.57 17.23 15.70 18.03 18.18 18.54 18.10 21.10 21.46 21.83 20.51 20.51 21.24 20.66 22.34 22.34 24.09 23.29 15.84 15.91 15.33 18.40 17.37 13.43 8.91 5.99 6.64 4.89 2.34 2.63 2.70 3.14 3.43 3.14 4.60 4.16 4.82 5.11 4.82 4.89 4.89 2.99 2.70 2.56 5.69 6.50 10.29 12.92 13.80 15.33 16.43 16.13 16.71 17.88 19.90 20.18 18.54 15.96 16.59 11.96 9.70 7.68 8.65 8.69
8.83 6.28 8.83 9.42 5.33 3.58 7.52 7.96 6.86 6.86 17.01 17.16 17.30 13.72 10.51 18.69 16.21 14.82 12.85 13.14 10.80 9.71 9.71 15.55 17.16 16.35 18.40 17.59 19.71 19.20 18.61 18.76 17.67 9.56 8.69 8.69 8.54 8.32 11.32 11.39 12.12 5.04 6.72 7.66 7.52 7.52 6.06 5.04 4.38 2.77 2.12 2.26 2.34 3.80 4.09 3.80 4.82 5.62 4.74 5.26 5.26 3.50 2.19 0.29 3.36 5.84 10.15 13.14 13.80 15.04 16.47 18.05 21.81 19.69 22.19 24.92 21.23 15.21 17.72 13.32 8.54 8.68 8.48 7.40
8.83 6.28 8.83 9.42 5.33 3.58 7.52 7.96 6.86 6.86 17.01 17.16 17.30 13.72 10.51 18.69 16.21 14.82 12.85 13.14 10.80 9.71 9.71 15.55 17.16 16.35 18.40 17.59 19.71 19.20 18.61 18.76 17.67 9.56 8.69 8.69 8.54 8.32 11.32 11.39 12.12 5.04 6.72 7.66 7.52 7.52 6.06 5.04 4.38 2.77 2.12 2.26 2.34 3.80 4.09 3.80 4.82 5.62 4.74 5.26 5.26 3.50 2.19 0.29 3.36 5.84 10.15 13.14 13.80 15.04 16.56 17.86 19.73 21.94 23.68 29.08 24.64 14.72 18.51 12.94 9.03 10.30 7.74 6.28
5.33 5.11 7.30 4.09 4.82 2.63 3.65 4.53 4.09 4.09 5.77 8.83 10.80 11.32 7.88 7.59 7.88 10.22 9.05 8.61 7.88 8.03 7.23 5.84 4.16 4.53 7.45 12.56 9.78 10.66 6.06 4.09 5.40 5.62 4.45 4.45 4.67 5.26 1.61 1.75 2.04 3.29 4.38 5.99 3.94 5.40 5.55 5.91 5.62 7.08 2.63 2.70 4.09 3.80 4.45 5.26 5.33 5.33 5.48 5.40 5.43 2.79 3.67 0.00 3.14 8.47 4.82 11.32 13.50 14.23 14.08 17.70 22.38 25.85 23.81 20.39 22.47 15.08 11.56 8.66 7.25 9.26 4.93 4.17
8.61 9.56 11.02 7.15 2.85 2.99 3.43 3.58 4.96 4.96 4.23 6.72 6.57 7.59 7.74 7.52 7.88 10.15 9.42 8.69 7.59 5.26 5.62 4.31 2.41 4.38 3.21 8.32 8.18 4.16 2.12 2.56 1.75 1.31 0.00 0.00 0.29 0.15 0.88 0.80 1.53 0.15 1.02 2.63 2.04 3.36 3.87 6.06 6.86 7.88 2.92 7.37 5.91 4.45 5.69 4.89 4.31 5.18 5.33 4.67 4.67 3.29 3.87 1.61 4.82 3.43 5.55 8.91 14.38 16.28 15.91 17.99 23.45 27.08 22.81 17.64 13.20 10.66 8.24 7.89 5.05 3.56 3.09 2.63
20.08 13.65 8.98 10.66 4.09 3.80 3.14 3.07 4.53 4.53 5.26 5.62 4.82 6.13 6.35 7.30 7.01 9.71 10.37 7.08 8.10 4.31 2.85 3.58 2.70 2.19 4.67 0.00 5.26 3.21 0.00 0.00 0.00 0.58 0.51 0.51 0.00 0.00 0.00 0.00 0.00 0.51 0.00 0.95 0.29 1.53 1.46 3.36 6.50 7.37 8.47 7.45 8.10 5.69 6.72 4.45 4.09 4.60 5.48 5.77 5.77 4.53 6.13 5.69 5.11 8.03 14.09 15.62 16.79 17.37 18.03 20.26 21.76 26.34 20.81 16.01 11.68 9.70 9.66 7.67 3.72 2.94 2.31 0.86
20.08 15.77 10.37 7.45 7.88 4.31 2.92 3.14 3.29 3.29 3.50 0.00 4.89 3.87 6.35 7.15 9.20 8.61 9.34 7.15 5.26 5.04 4.38 2.12 2.63 5.04 4.60 3.50 0.00 0.00 0.00 0.00 0.00 0.37 0.15 0.15 0.00 0.00 0.00 0.00 0.00 0.00 0.37 1.02 1.31 1.83 2.48 2.19 5.48 8.32 7.08 7.45 7.23 5.40 5.84 7.74 6.42 6.94 7.15 5.62 5.62 8.61 7.81 8.47 8.98 14.45 16.13 17.37 18.76 20.15 20.59 20.06 21.67 14.92 11.46 11.12 9.14 7.69 3.42 1.67 2.24 1.91 0.00 0.00
13.72 14.67 10.66 6.57 2.99 3.50 2.85 0.00 0.00 0.00 0.00 0.00 2.99 6.35 6.94 6.86 6.50 7.74 7.81 6.42 4.16 3.94 2.26 2.63 2.19 5.55 5.40 6.06 2.26 0.00 0.00 0.00 0.00 0.00 1.17 1.17 0.44 0.00 0.00 0.00 0.00 0.00 0.00 2.63 1.46 1.46 2.63 2.19 4.89 3.07 5.99 5.11 5.04 5.48 8.32 10.37 11.32 10.37 13.43 13.07 13.07 13.58 10.88 13.43 10.88 12.19 15.26 16.50 17.96 20.73 22.12 20.66 16.79 9.50 6.67 4.26 4.93 1.75 1.33 0.33 0.00 0.00 0.00 0.00
12.78 7.01 8.18 5.26 0.00 3.07 0.00 0.00 0.00 0.00 0.00 2.56 0.00 5.69 6.64 5.62 5.84 3.94 2.77 0.00 3.07 2.85 1.68 0.00 0.00 1.90 5.99 2.70 0.00 0.00 0.00 0.00 0.88 2.34 2.12 2.12 2.41 0.73 1.17 1.53 0.80 1.31 2.92 3.29 6.06 3.14 1.46 3.07 5.04 1.02 3.80 4.23 4.16 4.96 7.52 10.66 13.29 15.91 17.16 16.35 16.35 16.57 14.89 15.18 12.26 12.41 17.37 20.73 23.00 22.63 19.64 14.01 16.16 9.39 5.38 2.81 3.86 1.73 0.35 0.00 0.00 0.00 0.00 0.00
12.78 7.01 8.18 5.26 0.00 3.07 0.00 0.00 0.00 0.00 0.00 2.56 0.00 5.69 6.64 5.62 5.84 3.94 2.77 0.00 3.07 2.85 1.68 0.00 0.00 1.90 5.99 2.70 0.00 0.00 0.00 0.00 0.88 2.34 2.12 2.12 2.41 0.73 1.17 1.53 0.80 1.31 2.92 3.29 6.06 3.14 1.46 3.07 5.04 1.02 3.80 4.23 4.16 4.96 7.52 10.66 13.29 15.91 17.16 16.35 16.35 16.57 14.89 15.18 12.26 12.41 17.37 20.73 23.00 22.63 19.64 13.94 15.92 9.24 5.38 2.94 3.44 1.66 0.34 0.00 0.00 0.00 0.00 0.00
13.07 6.50 4.02 3.14 2.77 4.89 6.50 1.75 1.83 1.83 2.77 3.65 3.94 4.23 6.06 5.69 3.29 3.94 1.97 0.00 0.00 0.00 0.00 0.00 0.00 0.88 0.66 0.66 0.00 0.00 0.00 0.73 0.58 2.19 3.94 3.94 3.58 1.61 1.39 1.83 2.48 2.99 4.74 7.66 8.69 9.49 4.02 2.63 2.26 3.94 4.23 4.02 5.62 5.33 7.37 12.48 14.60 13.58 16.35 17.23 17.23 18.18 17.45 12.99 17.30 18.25 19.71 22.41 23.94 19.71 17.45 12.56 6.42 3.10 3.59 2.36 2.02 2.31 0.25 0.00 0.00 0.00 0.00 0.00
