Wansh/Snow_depth/snowdepth-1992/winter/1993007.txt
ncols 321
nrows 161
xllcenter 60
yllcenter 15 
cellsize  0.25 
NODATA_value -1
[rows 76 to 113 of 161, columns 84 to 167 of 321]
0.00 1.90 0.00 0.66 2.34 2.41 2.12 2.48 3.36 0.00 3.87 0.00 0.00 0.00 0.00 0.00 0.00 3.07 3.07 0.00 0.00 0.00 0.00 0.00 4.74 0.00 0.00 0.00 0.00 0.00 2.56 2.63 2.70 0.00 2.12 1.75 2.04 1.61 2.12 2.48 2.04 1.31 2.48 2.48 1.39 0.73 1.83 2.70 3.72 2.77 2.63 1.68 1.90 1.83 1.46 1.46 2.41 1.68 1.83 1.75 1.68 1.24 1.61 3.14 1.10 1.61 1.10 4.16 4.16 7.52 13.07 10.44 11.83 5.33 0.73 0.00 0.00 0.00 0.00 0.00 0.00 0.81 1.10 0.00
0.37 1.53 1.02 1.68 1.68 0.00 0.00 0.00 0.00 0.00 3.87 4.23 5.04 4.60 3.50 3.94 3.36 0.00 0.00 0.00 0.00 0.00 0.00 0.00 0.00 0.00 3.14 0.00 0.00 0.00 0.00 1.39 2.04 1.75 0.00 0.00 0.00 1.10 0.73 1.17 1.17 1.24 0.73 0.73 0.00 1.53 1.31 2.99 2.34 2.56 2.41 1.97 1.53 2.34 2.56 2.26 1.97 1.24 1.53 2.26 3.65 3.72 5.18 4.96 2.70 2.77 1.97 5.55 5.55 5.33 9.86 8.32 3.65 1.53 0.37 0.00 0.00 0.00 0.00 0.00 0.00 0.88 2.35 1.18
3.07 2.48 1.31 1.68 1.68 2.34 0.00 0.00 3.65 3.36 3.80 3.65 4.60 4.82 3.87 4.45 3.87 0.00 0.00 0.00 0.00 0.00 0.00 3.21 2.77 0.00 0.00 0.00 0.00 0.00 0.00 0.00 0.00 0.00 0.00 0.00 1.02 0.00 0.00 0.00 1.39 1.83 1.24 1.24 0.00 0.00 1.17 0.58 1.24 1.97 0.00 0.00 1.75 1.10 2.04 2.41 0.00 1.83 1.24 2.70 3.50 4.31 4.23 3.65 3.36 1.90 3.29 4.23 4.23 3.80 6.64 3.72 1.97 2.77 1.83 0.00 0.00 0.00 0.00 0.00 0.00 0.00 2.20 1.93
2.04 0.00 0.00 0.00 1.39 0.00 0.00 3.36 3.65 3.14 3.07 3.65 4.82 4.82 4.60 3.65 4.09 4.60 4.60 0.00 4.16 0.00 0.00 0.00 0.00 0.00 0.00 4.45 4.53 0.00 0.00 2.19 0.00 0.00 0.00 0.00 0.00 0.00 0.00 0.00 1.39 0.00 1.02 1.02 0.29 0.00 0.00 0.00 0.00 0.88 0.00 0.00 0.00 0.00 0.00 2.12 0.00 0.00 0.00 2.19 1.97 3.94 3.21 3.36 1.61 0.00 2.04 2.12 2.12 0.95 3.87 1.68 1.53 4.23 4.92 0.07 0.00 0.00 0.00 0.00 0.00 0.00 0.37 1.39
0.58 0.00 0.00 0.00 0.00 0.00 0.00 0.00 0.00 3.14 3.58 3.94 3.43 3.36 3.72 3.58 0.00 4.31 4.31 4.60 2.85 2.85 2.85 0.00 0.00 0.00 2.85 3.72 3.43 0.00 1.97 1.75 0.00 0.00 0.00 0.00 0.00 0.00 0.00 0.00 1.39 0.00 0.66 0.66 0.00 0.00 0.00 0.00 0.00 0.00 0.00 0.00 0.00 0.00 0.00 0.00 0.00 1.17 0.80 1.10 1.61 2.70 2.56 2.85 0.00 0.00 0.00 0.00 0.00 0.00 0.73 3.14 2.48 6.06 8.18 3.08 1.27 0.69 0.51 0.44 0.07 0.00 1.17 2.56
0.00 0.00 0.00 0.00 0.00 0.00 0.00 0.00 0.00 0.00 0.00 4.02 3.65 3.50 4.09 0.00 3.07 3.36 3.36 3.87 1.61 1.17 1.53 0.00 0.00 0.00 0.00 1.83 2.70 1.97 1.97 1.31 0.00 0.00 0.00 0.00 0.00 0.00 0.00 0.00 0.00 0.00 0.00 0.00 0.00 0.66 0.07 0.44 0.00 0.22 0.00 0.00 0.00 0.00 0.58 0.51 1.02 1.24 1.90 1.46 1.68 2.48 2.34 1.97 0.22 0.00 0.00 0.00 0.00 0.95 0.88 3.50 7.45 9.13 10.22 6.90 4.72 2.83 2.42 1.35 1.17 0.95 1.31 2.48
0.00 0.07 0.44 0.00 0.00 0.00 0.00 0.00 0.00 0.00 3.87 0.00 0.00 0.00 0.00 0.00 0.00 2.41 2.41 2.04 0.22 0.00 0.00 0.00 0.00 0.00 0.00 0.00 0.00 0.00 2.19 0.00 0.00 0.00 0.00 0.00 0.00 0.00 0.22 0.37 0.66 1.02 0.07 0.07 1.31 1.31 1.02 0.80 0.66 0.73 1.46 1.39 0.73 0.37 0.15 0.95 0.58 0.29 1.17 1.75 1.97 2.19 1.68 0.51 0.58 1.10 0.00 0.00 0.00 1.83 1.61 2.85 5.48 7.01 10.37 9.64 4.96 3.36 3.43 2.64 1.83 1.31 1.39 1.83
0.00 0.00 0.22 0.00 0.00 0.00 0.00 0.00 0.00 0.00 0.00 0.00 0.00 3.65 4.38 0.00 0.00 0.00 0.00 0.88 0.00 0.22 0.00 0.00 0.00 0.00 0.00 0.00 0.00 0.15 0.00 0.00 0.00 0.00 0.00 0.00 0.00 0.00 0.00 0.00 0.00 0.00 0.95 0.95 0.80 0.51 0.00 0.44 0.15 0.37 1.24 0.66 1.10 0.00 0.88 0.29 0.37 0.66 1.02 1.53 1.68 1.68 2.26 1.61 2.85 3.14 2.26 2.63 2.63 2.56 1.97 1.02 1.61 3.36 7.96 8.10 7.45 4.60 3.87 2.99 3.07 2.92 2.99 2.92
0.00 0.00 0.00 0.00 0.00 0.00 0.00 0.00 0.00 0.00 0.00 0.00 0.00 3.21 4.02 0.00 0.00 0.00 0.00 0.00 0.00 0.00 0.00 0.00 0.00 0.00 0.00 1.75 1.75 0.00 0.00 0.00 0.00 0.00 0.00 0.15 0.00 0.00 0.00 0.00 0.00 0.00 0.15 0.15 0.73 0.15 0.44 0.51 0.66 0.73 1.02 0.95 0.95 1.02 1.61 1.24 1.97 0.44 0.51 0.58 0.44 1.61 1.68 2.19 2.12 2.48 2.85 1.75 1.75 1.02 2.12 1.10 1.24 2.19 4.74 4.31 8.25 5.84 3.87 2.34 2.77 2.48 1.46 1.31
0.00 0.00 0.00 0.00 0.00 0.00 0.00 0.00 3.14 3.50 3.29 3.21 3.14 0.00 3.29 0.00 0.00 0.00 0.00 0.00 0.00 0.00 0.00 0.00 0.00 0.00 0.00 1.90 0.88 0.88 0.00 0.00 0.00 0.00 0.66 0.00 0.00 0.00 0.00 0.00 0.00 0.58 0.15 0.15 0.44 0.95 0.58 0.88 1.02 0.80 0.66 1.39 1.24 2.04 2.85 4.60 1.31 0.95 0.00 0.00 0.15 0.37 0.83 2.19 2.56 1.97 2.41 0.66 0.66 1.24 4.38 2.48 3.29 3.50 2.04 2.77 5.91 6.20 5.91 4.09 2.56 2.92 1.83 1.02
0.88 0.58 0.80 1.10 1.46 1.61 0.00 2.92 2.92 2.85 2.34 2.70 2.77 2.63 2.12 0.00 0.00 0.00 0.00 0.00 0.00 3.58 0.00 0.00 0.00 0.00 0.00 2.04 0.00 0.00 1.61 1.31 0.00 0.00 0.00 0.00 0.00 0.00 2.70 3.43 0.00 1.46 0.29 0.29 0.51 0.37 0.51 0.80 0.73 0.15 0.66 0.44 0.44 1.31 3.21 2.77 4.09 4.23 5.04 4.38 1.02 0.80 2.68 2.92 2.77 4.60 1.61 1.83 1.83 1.90 3.80 7.59 8.18 6.79 2.63 1.83 2.04 2.85 4.45 4.09 4.45 3.58 2.48 0.00
1.10 1.39 1.90 0.00 0.00 0.00 0.00 0.00 0.00 0.00 0.00 2.63 2.48 2.26 0.00 0.00 0.00 0.00 0.00 0.00 0.00 0.00 0.00 0.00 0.00 0.00 0.00 0.00 0.00 0.00 0.00 0.00 0.00 0.00 0.00 0.00 0.00 0.00 1.97 3.80 2.63 1.46 0.80 0.80 1.10 0.37 0.80 0.37 0.15 0.95 0.66 0.37 0.73 0.00 1.53 1.31 3.29 3.72 5.48 4.67 2.19 1.68 3.65 3.80 4.22 7.01 2.85 2.85 2.85 3.50 4.60 9.34 9.05 7.88 3.72 1.97 1.46 1.75 2.56 2.92 3.72 3.21 2.26 1.75
1.68 0.58 0.00 0.00 0.00 0.00 0.00 0.00 0.00 0.00 0.00 0.00 3.21 2.92 0.00 0.00 0.00 0.00 0.00 0.00 0.00 0.00 0.00 0.00 0.00 0.00 0.00 0.00 0.00 0.00 0.00 0.00 0.00 0.00 0.00 0.00 0.00 0.00 0.00 1.53 0.00 0.95 0.00 0.00 0.00 2.48 2.26 2.19 0.66 2.12 2.04 0.73 1.75 0.58 0.73 0.95 3.29 2.70 4.53 3.80 3.80 2.41 3.14 5.11 6.56 10.58 6.35 5.84 5.84 4.60 4.16 7.52 6.42 3.94 2.56 2.19 2.19 2.19 2.12 2.70 3.80 2.92 2.56 0.00
0.29 0.00 1.10 0.00 0.00 0.00 0.00 0.00 0.00 0.00 0.00 0.00 0.00 0.00 0.00 0.00 0.00 0.00 0.00 0.00 0.00 0.00 0.00 0.00 0.00 0.00 2.48 0.00 0.15 0.00 0.00 0.00 0.00 0.00 0.00 0.00 0.00 0.00 0.00 2.12 0.00 0.00 1.61 1.61 2.41 2.48 3.21 4.02 4.45 2.77 3.29 3.07 1.97 5.26 2.85 6.42 3.80 3.94 4.08 4.13 2.12 2.85 5.66 4.96 8.82 11.14 10.99 8.47 8.47 7.45 5.77 5.33 4.82 4.09 3.21 2.92 2.85 2.77 3.21 1.99 2.58 2.33 0.00 0.00
0.00 0.07 0.51 1.61 0.00 0.00 0.00 0.44 0.00 0.00 0.00 0.00 0.00 0.00 0.00 0.00 0.00 0.00 0.00 0.00 0.00 0.00 0.00 0.00 0.00 0.00 0.00 0.73 0.00 0.00 0.00 0.00 0.00 0.00 0.00 0.00 0.00 0.00 0.00 0.00 0.00 1.39 0.95 0.95 1.90 0.80 2.63 4.09 3.94 4.02 4.09 5.04 5.11 9.05 6.57 10.44 7.52 4.09 5.26 6.79 2.63 3.65 5.01 7.74 8.54 11.68 10.85 11.03 10.68 8.66 6.72 5.62 5.55 4.96 3.50 3.14 2.63 2.56 2.60 2.29 2.23 2.84 2.48 0.00
0.95 0.29 1.17 0.00 0.00 0.00 0.95 0.80 0.37 0.00 0.00 0.00 0.00 0.00 0.00 0.00 0.00 0.00 0.00 0.00 0.00 0.00 0.00 0.00 0.00 0.00 0.00 0.00 0.00 0.00 0.00 0.00 0.00 0.00 0.00 0.00 0.00 0.00 0.00 0.00 0.00 0.00 0.00 0.00 0.29 1.24 2.63 1.31 2.41 3.87 4.53 5.77 7.01 10.44 9.49 12.92 12.05 8.47 10.32 12.24 3.65 5.11 4.25 4.33 5.93 9.46 8.54 7.74 7.78 5.94 5.80 6.50 7.01 7.08 4.92 2.85 2.41 1.75 1.83 2.20 2.39 3.58 2.60 0.00
1.02 0.29 1.24 1.31 1.24 1.17 0.95 0.00 0.00 0.00 0.00 0.00 0.00 0.00 0.00 0.00 0.00 0.66 0.66 0.00 0.00 0.00 0.00 0.00 0.00 0.00 0.00 0.00 0.00 0.00 0.00 0.00 0.00 0.00 0.00 0.00 0.00 0.00 0.00 0.00 0.00 0.00 0.00 0.00 0.00 1.39 1.10 0.88 1.46 2.77 5.55 6.35 7.96 11.10 11.02 14.89 17.30 20.29 16.72 19.02 9.22 9.63 3.01 2.26 4.84 8.17 7.19 6.13 6.13 3.67 4.12 8.03 8.73 6.08 3.59 2.51 2.70 2.67 2.33 2.01 3.08 3.69 3.77 3.83
0.80 0.00 1.10 0.88 0.80 0.95 1.02 0.00 0.00 1.39 0.58 0.00 0.00 0.00 0.00 0.00 0.44 0.00 0.00 0.00 0.00 0.00 0.00 0.00 0.00 0.00 0.00 0.00 0.00 0.00 0.00 0.00 0.00 0.00 0.00 0.00 0.00 0.00 0.00 0.00 0.00 0.00 0.00 0.00 0.00 0.00 0.44 0.66 1.53 2.77 7.88 8.32 12.92 13.21 15.40 18.98 20.44 22.27 23.36 16.43 13.36 17.06 6.22 3.30 3.79 5.39 5.58 4.23 4.23 1.70 2.33 5.90 8.23 7.56 5.93 4.62 4.16 4.22 2.75 2.86 5.66 8.47 8.78 7.16
0.15 0.00 0.44 0.88 0.73 1.02 1.75 0.00 0.00 0.00 1.24 0.00 0.00 0.00 0.00 0.29 0.15 0.00 0.00 0.00 0.00 1.24 0.95 0.00 0.00 0.00 0.00 0.00 0.00 0.00 0.00 0.00 0.00 0.00 0.00 0.00 0.00 0.00 0.00 0.00 0.00 0.00 0.00 0.00 0.00 0.00 0.00 3.14 6.13 12.56 11.83 11.75 15.94 13.55 15.21 18.23 18.66 23.29 25.04 22.85 17.74 10.56 4.92 3.95 3.61 5.32 4.48 3.21 3.23 0.78 2.42 3.08 6.05 7.05 7.88 7.15 7.15 6.51 3.90 3.44 4.99 8.56 9.31 6.06
0.58 1.31 1.02 0.66 0.80 1.24 2.41 2.04 0.00 0.00 0.00 0.00 0.00 0.00 0.00 0.00 0.00 0.00 0.00 0.00 0.00 0.00 0.00 0.00 0.00 0.00 0.00 0.00 0.00 0.00 0.00 0.00 0.00 0.00 0.00 0.00 0.00 0.00 0.00 0.00 0.00 0.00 0.00 0.00 1.10 0.29 3.87 6.06 9.86 17.23 15.91 16.06 15.48 13.76 17.34 16.26 16.94 22.02 17.79 21.97 15.99 9.76 7.42 5.51 3.81 2.94 1.95 0.66 0.66 1.11 2.20 2.84 3.73 6.61 8.07 8.51 8.49 7.98 6.59 4.21 4.79 8.40 11.26 9.33
1.53 0.00 0.22 1.68 2.34 3.14 3.07 2.48 1.90 0.95 0.58 0.00 0.00 0.00 0.00 0.00 0.00 0.00 0.00 0.00 0.00 0.00 0.00 0.00 0.00 0.00 0.00 0.00 0.00 0.00 0.00 0.00 0.00 0.00 0.00 0.00 0.00 0.00 0.00 0.00 0.00 0.00 5.04 5.04 4.09 2.70 7.37 10.22 13.21 17.89 18.61 16.72 16.57 14.23 17.43 17.28 13.70 16.28 13.80 17.41 12.31 9.05 8.81 7.96 6.40 2.56 2.59 1.56 1.53 1.19 2.35 3.88 8.07 9.28 7.01 8.29 7.41 6.82 6.05 6.32 5.19 7.07 12.77 8.29
3.65 0.00 0.00 1.61 4.53 3.50 3.65 3.14 2.48 2.19 1.53 0.00 0.00 0.29 0.00 0.07 0.00 0.00 0.00 0.00 0.00 0.00 0.00 0.00 0.00 1.02 0.00 0.00 0.00 0.66 0.00 0.00 0.00 0.73 0.00 0.00 0.00 0.00 0.00 0.00 0.00 2.12 6.72 6.72 6.79 6.57 9.93 12.63 14.75 17.22 16.86 17.34 17.73 18.85 17.74 16.07 12.56 11.75 11.34 10.47 8.80 8.38 10.09 9.27 8.89 3.41 2.82 2.48 2.42 1.61 1.39 4.02 7.17 10.28 9.76 9.05 8.87 7.74 8.27 6.56 9.65 12.48 11.35 10.77
11.02 9.78 5.11 4.67 7.45 8.25 8.98 7.74 3.72 1.53 1.61 1.90 1.31 1.02 0.95 1.53 1.02 0.80 0.80 0.73 1.68 1.31 0.66 0.00 1.17 0.80 0.80 0.66 0.51 0.44 0.22 0.00 0.15 0.29 1.02 1.46 2.63 7.01 0.00 0.00 7.45 5.84 7.30 7.30 8.32 8.54 10.07 12.99 13.80 14.97 13.17 16.36 16.23 13.00 11.12 8.33 11.04 12.45 13.27 12.47 13.43 9.23 12.17 12.42 4.96 3.59 4.23 2.85 2.80 0.73 1.10 1.66 6.62 9.81 11.38 13.21 12.25 9.40 6.84 6.90 7.30 8.47 9.83 10.32
10.80 10.80 8.69 9.27 11.39 13.07 12.26 6.42 1.46 0.00 0.00 1.61 0.00 2.12 1.17 1.83 1.10 1.02 1.02 0.73 0.88 1.61 0.00 0.00 1.02 0.00 0.00 0.44 0.51 0.58 0.58 0.07 0.00 0.07 0.29 5.18 4.38 4.16 7.81 5.69 1.68 1.90 3.07 3.07 5.48 10.88 13.14 13.51 10.31 13.16 10.46 10.40 11.96 10.55 12.46 10.36 10.00 9.31 12.53 12.38 13.35 13.69 15.82 17.08 5.69 4.31 6.16 6.72 6.62 2.85 1.31 4.79 8.62 14.06 14.68 10.95 8.18 4.94 3.65 4.62 4.83 7.67 8.34 10.04
7.01 11.02 10.44 7.88 9.27 12.41 13.65 9.78 3.43 1.17 0.00 0.00 1.24 1.83 2.19 0.66 0.00 0.66 0.66 0.22 0.80 0.66 0.15 0.00 0.58 0.00 0.00 0.00 0.07 0.22 0.07 0.00 0.00 0.00 2.92 5.18 2.34 1.97 3.14 1.83 1.46 1.39 2.04 2.04 3.21 8.10 9.42 10.10 11.03 12.03 11.14 11.44 11.18 11.41 12.00 11.91 7.35 6.27 11.11 10.22 11.22 16.09 19.42 21.97 11.83 7.97 8.86 10.34 11.50 7.78 2.98 3.25 7.57 12.01 13.85 10.77 8.47 5.26 4.42 4.12 7.00 8.70 8.76 10.11
0.00 9.42 8.83 6.35 5.11 7.23 10.37 9.98 6.06 3.50 1.68 0.00 0.00 0.00 1.83 0.58 0.66 0.44 0.44 0.51 0.00 0.15 0.29 0.22 0.00 0.00 0.00 0.00 0.00 0.00 0.66 0.00 0.00 0.44 1.53 3.80 2.48 0.00 0.80 1.31 1.25 0.88 3.36 3.36 2.26 4.82 5.84 8.14 9.56 11.19 12.17 13.68 16.77 15.96 8.21 6.93 4.98 2.88 6.39 8.86 8.85 22.50 19.74 22.63 19.49 16.92 11.95 13.58 13.09 13.60 2.75 2.53 6.08 9.07 12.77 10.41 8.75 7.49 5.48 5.67 7.40 10.73 15.41 12.44
0.00 0.00 0.00 0.00 0.00 0.00 5.48 8.69 8.76 7.59 4.53 1.31 0.66 0.15 0.00 0.00 0.00 0.29 0.29 0.73 0.44 0.00 0.51 0.00 0.00 0.00 0.00 0.00 0.00 0.00 0.00 0.00 0.00 0.07 0.51 1.02 1.83 0.00 0.00 0.44 0.00 0.22 1.02 1.02 0.00 1.39 4.23 8.25 7.66 9.42 12.08 10.24 11.09 11.85 6.97 6.09 3.12 0.00 8.04 6.02 5.82 16.92 19.49 22.88 20.47 16.71 17.47 14.52 14.60 12.29 9.83 3.15 4.36 7.18 9.97 9.89 9.53 8.66 6.64 7.70 11.07 17.67 18.84 11.11
0.00 0.00 0.00 0.00 0.00 2.56 5.84 8.25 9.20 6.86 3.94 2.48 1.46 0.00 0.00 0.00 0.00 0.00 0.00 0.07 0.00 0.00 0.00 0.00 0.00 0.00 0.00 0.00 0.00 0.00 0.00 0.00 0.00 0.00 0.00 0.00 0.00 0.07 0.00 0.00 0.00 0.00 0.00 0.00 0.00 0.00 1.32 4.74 7.49 5.49 11.43 12.50 12.81 9.77 4.92 6.29 0.00 0.00 3.80 3.39 8.64 13.32 14.12 15.50 21.41 21.90 19.39 14.52 16.99 13.09 9.86 6.46 7.30 7.92 7.22 10.43 10.79 8.10 7.07 7.50 9.30 13.75 18.57 13.99
0.00 0.00 0.00 0.00 0.00 0.00 0.00 5.84 8.40 7.37 4.67 3.50 2.19 0.58 1.39 0.29 0.37 0.29 0.29 0.00 0.00 0.00 0.00 0.00 0.00 0.00 0.00 0.00 0.00 0.00 0.00 0.00 0.00 0.00 0.00 0.00 0.00 0.00 0.00 0.00 0.00 0.00 0.00 0.00 0.00 0.80 2.49 1.83 4.61 5.57 7.42 10.09 9.08 10.09 6.54 5.64 0.00 0.00 0.00 0.00 5.84 7.43 10.84 13.47 19.75 20.66 22.90 19.52 21.85 17.14 9.15 7.82 7.92 6.02 6.36 10.86 13.60 10.66 6.98 7.44 6.97 13.76 18.47 16.24
0.00 0.00 0.00 0.00 0.00 0.00 0.00 0.00 4.16 5.55 3.65 3.36 3.14 2.26 2.99 3.04 2.06 3.43 3.43 0.00 0.00 0.00 0.07 0.00 0.00 0.00 0.00 0.00 0.00 0.00 0.00 0.00 0.00 0.00 0.00 0.66 0.37 0.58 0.00 0.00 0.00 0.00 0.00 0.00 0.07 0.00 0.00 0.45 2.37 6.16 8.90 9.95 10.86 10.58 0.00 0.00 0.00 0.00 0.00 0.00 0.00 6.29 8.92 15.78 17.17 18.09 23.65 21.40 21.86 20.61 13.59 8.66 9.67 7.60 7.47 10.63 14.05 16.60 12.37 7.91 6.95 7.89 10.95 14.91
0.00 0.00 0.00 0.00 0.00 0.00 0.00 0.00 0.00 0.00 0.00 4.53 5.40 3.21 6.28 4.18 5.40 5.16 4.82 3.14 0.80 0.95 0.66 0.07 0.00 0.00 0.00 0.00 0.00 0.00 0.00 0.00 0.00 0.00 0.00 1.17 0.51 0.73 0.00 1.46 1.83 1.90 1.46 1.46 0.00 0.00 0.00 0.39 2.22 11.33 11.40 8.27 8.83 0.00 0.00 0.00 0.00 0.00 0.00 0.00 0.00 10.74 7.66 10.86 19.70 26.22 19.16 15.07 18.42 20.89 13.76 7.16 10.09 8.68 6.16 10.65 11.65 19.84 7.03 5.62 0.00 10.32 7.64 0.00
0.00 0.00 0.00 0.00 0.00 0.00 0.00 0.00 0.00 0.00 0.00 0.00 0.00 0.00 0.00 0.00 4.38 4.82 4.89 3.36 2.70 5.55 3.58 4.02 1.02 1.46 4.02 2.99 2.34 2.56 1.10 0.58 0.00 0.00 0.00 4.67 1.17 3.65 2.19 5.65 4.44 3.98 5.26 5.26 4.02 2.04 2.48 3.59 3.86 0.00 0.00 0.00 0.00 0.00 0.00 0.00 0.00 0.00 0.00 0.00 0.00 0.00 0.00 8.24 13.29 12.24 5.63 0.00 0.00 4.54 6.87 6.79 7.96 4.75 5.11 8.52 10.28 0.00 0.00 0.00 0.00 0.00 0.00 0.00
0.00 0.00 0.00 0.00 0.00 0.00 0.00 0.00 0.00 0.00 0.00 0.00 0.00 0.00 0.00 0.00 0.00 0.00 0.00 2.92 0.00 3.40 5.99 4.53 3.43 4.58 2.99 4.82 3.43 2.63 3.87 3.80 1.68 1.17 0.44 6.13 4.60 3.43 5.91 5.48 6.21 6.57 4.74 5.30 2.92 1.53 4.31 4.49 0.00 0.00 0.00 0.00 0.00 0.00 0.00 0.00 0.00 0.00 0.00 0.00 0.00 0.00 0.00 0.00 8.43 8.91 0.00 0.00 0.00 5.04 4.19 3.88 5.30 5.09 0.00 3.97 8.22 8.27 0.00 0.00 0.00 0.00 0.00 0.00
0.00 0.00 0.00 0.00 0.00 0.00 0.00 0.00 0.00 0.00 0.00 0.00 0.00 0.00 0.00 0.00 0.00 0.00 0.00 0.00 0.00 0.00 3.07 3.58 4.09 3.82 5.14 4.96 4.38 5.33 3.80 3.58 1.85 1.10 0.00 0.00 5.18 5.18 0.00 0.00 0.00 4.45 0.00 0.00 4.92 2.31 1.68 4.29 0.00 0.00 0.00 0.00 0.00 0.00 0.00 0.00 0.00 0.00 0.00 0.00 0.00 0.00 0.00 0.00 0.00 0.00 0.00 0.00 0.00 0.00 0.00 0.00 0.00 0.00 0.00 0.00 0.00 0.00 0.00 0.00 0.00 0.00 0.00 0.00
0.00 0.00 0.00 0.00 0.00 0.00 0.00 0.00 0.00 0.00 0.00 0.00 0.00 0.00 0.00 0.00 0.00 0.00 0.00 0.00 0.00 0.00 0.00 3.65 0.00 2.26 0.00 1.83 4.16 4.02 0.00 2.11 0.00 0.00 0.00 0.00 0.00 3.07 0.00 0.00 0.00 0.00 0.00 0.00 0.00 4.76 0.00 0.00 0.00 0.00 0.00 0.00 0.00 0.00 0.00 0.00 0.00 0.00 0.00 0.00 0.00 0.00 0.00 0.00 0.00 0.00 0.00 0.00 0.00 0.00 0.00 0.00 0.00 0.00 0.00 0.00 0.00 0.00 0.00 0.00 0.00 0.00 0.00 0.00
0.00 0.00 0.00 0.00 0.00 0.00 0.00 0.00 0.00 0.00 0.00 0.00 0.00 0.00 0.00 0.00 0.00 0.00 0.00 0.00 0.00 0.00 0.00 0.00 0.00 0.00 0.00 0.00 0.00 0.00 0.00 0.00 0.00 0.00 0.00 0.00 0.00 0.00 0.00 0.00 0.00 0.00 0.00 0.00 0.00 0.00 0.00 0.00 0.00 0.00 0.00 0.00 0.00 0.00 0.00 0.00 0.00 0.00 0.00 0.00 0.00 0.00 0.00 0.00 0.00 0.00 0.00 0.00 0.00 0.00 0.00 0.00 0.00 0.00 0.00 0.00 0.00 0.00 0.00 0.00 0.00 0.00 0.00 0.00
0.00 0.00 0.00 0.00 0.00 0.00 0.00 0.00 0.00 0.00 0.00 0.00 0.00 0.00 0.00 0.00 0.00 0.00 0.00 0.00 0.00 0.00 0.00 0.00 0.00 0.00 0.00 0.00 0.00 0.00 0.00 0.00 0.00 0.00 0.00 0.00 0.00 0.00 0.00 0.00 0.00 0.00 0.00 0.00 0.00 0.00 0.00 0.00 0.00 0.00 0.00 0.00 0.00 0.00 0.00 0.00 0.00 0.00 0.00 0.00 0.00 0.00 0.00 0.00 0.00 0.00 0.00 0.00 0.00 0.00 0.00 0.00 0.00 0.00 0.00 0.00 0.00 0.00 0.00 0.00 0.00 0.00 0.00 0.00
0.00 0.00 0.00 0.00 0.00 0.00 0.00 0.00 0.00 0.00 0.00 0.00 0.00 0.00 0.00 0.00 0.00 0.00 0.00 0.00 0.00 0.00 0.00 0.00 0.00 0.00 0.00 0.00 0.00 0.00 0.00 0.00 0.00 0.00 0.00 0.00 0.00 0.00 0.00 0.00 0.00 0.00 0.00 0.00 0.00 0.00 0.00 0.00 0.00 0.00 0.00 0.00 0.00 0.00 0.00 0.00 0.00 0.00 0.00 0.00 0.00 0.00 0.00 0.00 0.00 0.00 0.00 0.00 0.00 0.00 0.00 0.00 0.00 0.00 0.00 0.00 0.00 0.00 0.00 0.00 0.00 0.00 0.00 0.00
