Wansh/Snow_depth/snowdepth-1992/winter/1993056.txt
ncols 321
nrows 161
xllcenter 60
yllcenter 15 
cellsize  0.25 
NODATA_value -1
[rows 0 to 36 of 161, columns 84 to 167 of 321]
18.10 17.81 15.91 16.35 16.64 16.94 17.01 13.65 13.80 13.43 16.13 16.57 16.13 17.23 22.05 21.61 23.65 21.97 21.97 23.80 23.94 23.21 19.49 20.29 11.75 4.82 2.12 1.90 1.39 2.85 8.76 7.45 11.90 11.39 16.72 19.05 14.02 15.11 15.70 18.25 18.91 19.27 14.02 14.02 13.94 7.96 9.27 6.57 8.91 7.81 7.37 13.29 13.58 11.10 18.25 14.09 14.09 18.32 9.20 6.94 6.94 6.64 6.72 6.13 5.69 4.31 4.82 9.71 9.71 7.88 8.10 8.10 8.10 14.38 13.07 13.29 13.29 15.99 15.33 17.23 16.13 14.02 14.38 13.72
15.55 14.82 15.70 15.91 15.18 17.08 16.35 16.35 14.89 18.47 17.67 18.98 15.70 15.70 13.21 11.83 18.03 21.61 21.61 21.02 20.88 21.61 23.36 18.32 10.00 11.68 3.43 5.40 2.41 2.19 2.04 4.53 8.91 8.18 8.76 10.29 9.71 11.61 13.51 16.13 15.33 20.29 20.15 20.15 20.81 17.08 16.86 7.30 8.69 6.35 5.33 6.86 8.61 7.45 7.23 6.64 11.53 12.26 12.56 11.17 12.99 10.44 13.80 10.80 8.98 9.71 12.26 8.47 8.47 10.59 10.15 12.56 13.72 15.84 15.33 18.32 19.71 18.32 18.83 16.57 18.18 18.69 15.84 14.31
14.16 14.38 11.83 14.67 13.58 17.52 16.43 21.61 22.70 21.83 20.15 20.15 18.25 13.14 13.80 10.59 9.56 9.86 9.86 16.06 18.47 17.89 22.41 20.37 21.24 13.51 8.83 3.07 2.19 1.97 2.19 2.41 2.41 5.62 6.86 7.01 9.78 9.05 14.75 17.16 17.08 20.22 20.59 20.59 24.82 27.45 26.28 18.03 16.13 7.23 4.45 4.02 2.77 2.85 4.45 4.60 7.74 10.15 10.95 13.51 15.40 15.62 15.70 16.72 16.50 16.13 16.35 15.40 15.40 15.62 15.99 13.72 14.16 14.31 18.69 20.15 22.63 22.05 21.83 20.37 20.44 20.37 21.53 19.35
14.16 14.38 11.83 14.67 13.58 17.52 16.43 21.61 22.70 21.83 20.15 20.15 18.25 13.14 13.80 10.59 9.56 9.86 9.86 16.06 18.47 17.89 22.41 20.37 21.24 13.51 8.83 3.07 2.19 1.97 2.19 2.41 2.41 5.62 6.86 7.01 9.78 9.05 14.75 17.16 17.08 20.22 20.59 20.59 24.82 27.45 26.28 18.03 16.13 7.23 4.45 4.02 2.77 2.85 4.45 4.60 7.74 10.15 10.95 13.51 15.40 15.62 15.70 16.72 16.50 16.13 16.35 15.40 15.40 15.62 15.99 13.72 14.16 14.31 18.69 20.15 22.63 22.05 21.83 20.37 20.44 20.37 21.53 19.35
13.43 12.99 11.02 14.60 13.29 17.01 15.11 15.77 19.13 18.10 17.45 18.76 16.86 17.16 15.84 16.35 10.80 8.61 8.61 10.07 8.54 10.00 16.06 20.51 20.29 17.59 8.69 3.50 3.50 2.26 2.19 1.75 4.60 3.80 8.61 9.71 9.78 10.88 10.51 12.85 13.36 15.91 14.02 14.02 25.33 29.05 28.62 23.29 20.29 14.89 10.15 5.48 4.23 4.38 3.58 5.55 5.04 6.28 7.37 13.07 12.26 15.48 15.33 19.56 17.59 19.27 19.49 18.18 18.18 18.69 16.50 16.06 15.55 14.89 17.45 16.06 20.15 17.67 19.05 20.15 20.15 20.22 22.05 21.90
14.82 15.26 14.82 15.33 16.57 16.13 13.65 14.16 13.65 16.35 16.72 16.28 17.59 16.50 17.08 16.50 16.50 17.30 17.30 10.80 10.88 9.71 8.40 8.54 9.71 9.42 11.17 4.09 2.48 2.41 2.48 3.07 2.70 5.91 8.03 8.03 7.15 8.18 8.03 4.82 6.72 6.42 11.46 11.46 18.18 16.57 23.65 22.92 24.31 12.99 6.06 7.23 4.89 3.80 4.45 4.31 4.82 7.37 7.96 10.73 12.56 15.70 14.82 16.13 19.20 19.35 19.71 17.30 17.30 15.70 15.77 15.99 17.01 16.43 16.79 13.80 13.87 12.48 13.21 12.56 16.86 21.53 21.75 23.87
16.06 15.99 17.01 16.72 17.30 17.52 17.30 15.33 17.23 17.37 15.84 14.24 14.89 11.46 15.77 15.77 17.37 18.32 18.32 17.96 18.32 14.89 9.71 7.59 7.30 5.99 2.99 3.43 2.70 1.97 1.75 2.77 4.60 4.09 7.30 7.88 8.25 5.33 4.09 4.02 6.28 9.42 8.10 8.10 15.55 21.10 15.11 22.05 14.24 9.64 10.88 5.33 3.94 4.53 5.26 5.48 7.08 8.47 11.24 12.99 14.67 19.49 16.35 17.37 18.69 18.54 19.13 17.16 17.16 17.37 16.57 17.16 16.79 18.03 18.61 17.59 13.36 13.72 12.70 13.21 14.45 20.22 17.74 24.97
16.06 15.99 17.01 16.72 17.30 17.52 17.30 15.33 17.23 17.37 15.84 14.24 14.89 11.46 15.77 15.77 17.37 18.32 18.32 17.96 18.32 14.89 9.71 7.59 7.30 5.99 2.99 3.43 2.70 1.97 1.75 2.77 4.60 4.09 7.30 7.88 8.25 5.33 4.09 4.02 6.28 9.42 8.10 8.10 15.55 21.10 15.11 22.05 14.24 9.64 10.88 5.33 3.94 4.53 5.26 5.48 7.08 8.47 11.24 12.99 14.67 19.49 16.35 17.37 18.69 18.54 19.13 17.16 17.16 17.37 16.57 17.16 16.79 18.03 18.61 17.59 13.36 13.72 12.70 13.21 14.45 20.22 17.74 24.97
16.50 16.21 17.08 17.45 17.23 17.67 16.43 16.79 17.37 15.70 15.91 12.05 9.20 9.86 9.64 13.07 15.33 17.30 17.30 17.81 17.89 15.40 9.42 8.03 5.18 5.55 3.50 2.70 2.92 2.70 2.48 2.41 2.56 6.13 10.73 9.86 11.46 8.54 9.20 6.86 6.13 6.06 7.59 7.59 10.80 10.22 11.61 10.95 11.10 9.86 7.30 6.64 5.26 5.62 5.11 8.10 8.40 9.71 9.86 13.80 15.33 13.80 18.54 15.48 17.16 17.96 17.89 17.08 17.08 14.89 15.26 15.99 16.79 17.96 19.05 19.05 19.71 17.37 16.28 19.20 14.53 13.51 11.10 12.12
16.64 15.62 16.50 16.79 15.84 17.37 15.48 14.60 14.45 13.87 9.34 10.73 6.79 8.18 7.37 11.10 12.05 11.90 11.90 14.89 15.26 14.89 11.10 4.67 5.33 3.50 3.21 2.04 2.48 1.90 2.04 2.12 4.09 3.29 9.05 11.32 11.39 9.20 7.37 7.96 5.77 5.26 6.64 6.64 6.06 6.06 6.20 7.96 7.52 7.96 10.95 12.41 13.14 11.68 10.73 13.14 10.44 10.80 11.39 11.32 12.41 13.51 13.94 13.07 14.02 15.33 15.48 14.45 14.45 14.38 14.16 14.75 17.52 18.91 19.05 18.83 20.15 24.75 22.27 22.63 18.25 16.57 11.02 11.97
15.91 14.60 13.43 14.60 14.60 11.61 12.48 12.78 11.02 11.53 10.73 7.81 7.96 10.15 14.16 12.92 12.48 15.70 15.70 14.97 17.81 13.80 13.65 5.18 3.72 3.14 3.72 2.56 2.77 2.12 2.77 3.58 3.50 4.53 7.88 7.37 11.24 9.64 10.29 8.83 8.47 7.74 7.81 7.81 7.23 6.13 6.20 6.64 10.66 12.92 12.56 14.89 15.11 13.80 13.36 14.67 16.13 14.09 13.36 15.04 12.70 14.82 13.65 13.87 13.80 15.33 15.62 17.30 17.30 16.50 17.01 16.86 20.88 23.94 23.43 23.14 24.82 27.59 25.04 26.06 21.53 20.15 16.64 12.70
15.91 14.60 13.43 14.60 14.60 11.61 12.48 12.78 11.02 11.53 10.73 7.81 7.96 10.15 14.16 12.92 12.48 15.70 15.70 14.97 17.81 13.80 13.65 5.18 3.72 3.14 3.72 2.56 2.77 2.12 2.77 3.58 3.50 4.53 7.88 7.37 11.24 9.64 10.29 8.83 8.47 7.74 7.81 7.81 7.23 6.13 6.20 6.64 10.66 12.92 12.56 14.89 15.11 13.80 13.36 14.67 16.13 14.09 13.36 15.04 12.70 14.82 13.65 13.87 13.80 15.33 15.62 17.30 17.30 16.50 17.01 16.86 20.88 23.94 23.43 23.14 24.82 27.59 25.04 26.06 21.53 20.15 16.64 12.70
10.66 12.92 12.92 10.37 10.51 11.17 9.71 10.59 11.17 9.27 10.59 10.22 13.14 16.50 15.84 17.59 19.42 16.79 16.79 19.35 14.89 16.35 8.47 6.94 6.50 5.62 3.29 2.70 2.26 3.80 3.65 4.89 5.55 5.40 7.96 10.95 10.29 11.83 9.93 10.00 10.37 13.36 12.05 12.05 10.88 10.44 7.81 9.27 12.70 14.82 15.48 20.37 18.47 19.20 15.04 15.33 17.81 16.79 16.50 15.18 15.48 15.84 16.64 16.13 15.55 15.11 15.11 16.57 16.57 18.61 20.88 20.81 20.88 21.39 25.11 27.67 27.74 26.13 26.43 27.38 19.49 22.92 17.67 18.18
10.95 10.73 9.34 10.07 9.34 9.86 9.78 9.71 10.00 10.15 11.61 14.16 13.21 17.81 19.27 18.98 20.81 21.10 21.10 21.10 15.48 10.22 11.10 7.88 6.28 6.86 5.40 5.84 5.62 9.34 13.29 16.28 15.62 16.86 16.06 16.28 16.72 16.86 15.77 14.97 13.80 13.58 13.87 13.87 12.99 14.60 14.24 13.14 13.43 13.14 14.89 16.64 18.54 20.59 22.63 21.68 17.01 19.71 18.25 14.24 15.48 15.26 17.08 16.57 17.16 17.30 17.16 18.47 18.47 20.88 20.29 21.83 21.97 23.94 24.45 24.38 26.28 23.87 24.16 18.76 20.51 19.27 16.72 15.55
10.88 10.51 9.49 10.00 9.93 9.42 8.91 9.13 8.91 9.27 11.97 13.14 14.67 13.07 15.40 19.86 19.64 19.71 19.71 17.23 17.89 14.38 12.12 10.00 8.54 7.37 7.81 7.66 10.73 10.00 14.82 18.54 19.35 19.86 17.23 16.86 16.94 16.64 16.06 16.13 17.01 16.79 16.43 16.43 15.70 15.99 15.70 16.35 15.11 14.24 14.67 15.26 15.70 17.67 19.35 24.45 25.55 18.03 13.43 9.20 9.49 9.56 12.85 11.90 15.91 16.72 18.10 18.32 18.32 18.25 20.44 21.53 19.56 21.10 21.90 23.73 22.19 12.70 0.00 8.47 19.56 20.00 20.29 17.81
10.44 10.29 9.86 10.37 8.98 9.56 6.13 6.94 7.15 6.72 6.42 6.28 11.02 12.92 12.56 12.70 15.26 17.89 17.89 17.01 14.82 15.40 12.99 11.97 11.61 11.68 12.41 12.85 12.63 16.06 19.05 19.49 21.10 18.76 15.62 16.28 14.97 16.64 17.45 17.37 17.52 16.94 16.94 16.94 16.72 16.79 17.08 15.84 15.55 15.04 14.31 14.75 15.26 15.70 17.01 19.71 20.08 20.81 16.13 9.78 8.69 8.40 9.71 11.61 12.63 16.79 16.86 19.05 19.05 20.37 19.49 18.91 18.69 19.27 22.48 23.07 17.52 4.82 12.19 14.31 14.31 16.06 16.35 18.91
10.44 10.29 9.86 10.37 8.98 9.56 6.13 6.94 7.15 6.72 6.42 6.28 11.02 12.92 12.56 12.70 15.26 17.89 17.89 17.01 14.82 15.40 12.99 11.97 11.61 11.68 12.41 12.85 12.63 16.06 19.05 19.49 21.10 18.76 15.62 16.28 14.97 16.64 17.45 17.37 17.52 16.94 16.94 16.94 16.72 16.79 17.08 15.84 15.55 15.04 14.31 14.75 15.26 15.70 17.01 19.71 20.08 20.81 16.13 9.78 8.69 8.40 9.71 11.61 12.63 16.79 16.86 19.05 19.05 20.37 19.49 18.91 18.69 19.27 22.48 23.07 17.52 4.82 12.19 14.31 14.31 16.06 16.35 18.91
9.42 9.56 9.86 9.93 9.93 5.99 6.86 4.38 3.50 3.36 4.38 5.84 5.40 10.37 11.97 11.83 13.72 16.13 16.13 14.02 14.24 14.45 11.97 12.12 11.97 12.85 12.63 13.43 16.06 15.48 18.10 20.22 20.00 20.59 17.08 14.16 14.02 16.43 17.52 18.32 18.25 18.61 16.72 16.72 16.43 20.37 20.00 17.37 18.32 16.21 17.01 17.23 18.61 17.52 17.67 18.32 18.18 15.84 14.16 14.75 14.24 15.77 14.31 15.11 13.14 14.09 18.54 19.56 19.56 18.83 20.66 19.64 20.73 23.00 21.90 19.05 14.97 7.08 5.84 10.00 11.90 14.45 10.88 12.12
8.32 10.00 9.71 9.93 10.00 9.71 5.77 5.91 4.60 4.82 3.07 5.77 9.49 8.32 11.53 10.80 15.48 15.33 15.33 14.82 14.45 14.82 13.36 12.63 12.70 14.31 17.45 17.89 17.08 18.40 18.61 20.29 22.56 22.34 18.83 14.31 15.48 12.78 14.89 14.16 16.64 18.32 19.86 19.86 21.68 20.95 22.70 21.46 19.71 18.25 21.75 20.81 21.53 19.13 20.44 19.35 18.10 18.69 17.01 17.16 19.49 25.19 22.78 23.29 18.76 18.91 21.46 24.16 24.16 22.70 22.63 21.02 20.66 20.66 17.37 15.18 10.00 10.66 8.69 6.94 10.73 12.34 12.12 11.32
10.00 10.29 9.56 10.00 10.80 10.88 8.18 5.99 6.28 6.20 7.01 5.77 7.45 9.64 8.40 8.47 8.47 11.02 11.02 14.67 15.48 13.14 13.80 12.26 14.67 17.52 17.45 17.30 15.55 16.28 15.18 20.08 22.56 22.63 20.08 14.31 6.20 10.22 8.98 5.99 10.07 17.96 16.06 16.06 20.88 23.29 21.75 21.02 23.58 22.05 27.08 23.51 21.17 20.44 24.38 25.99 21.10 24.38 22.19 22.05 21.46 24.24 24.67 25.04 22.63 23.21 22.19 24.75 24.75 21.75 18.61 19.56 17.52 16.94 18.18 11.90 13.43 12.34 11.75 10.88 10.88 12.05 13.72 13.65
9.13 10.07 9.71 10.88 11.24 10.29 10.22 10.59 8.32 8.10 7.96 10.07 11.39 8.10 7.45 6.86 6.72 9.05 9.05 10.66 11.90 11.90 12.48 13.21 12.85 15.91 14.89 15.33 14.02 10.37 13.65 12.78 16.06 15.48 12.70 4.89 6.28 3.72 5.48 4.89 6.86 8.76 11.17 11.17 19.86 15.04 16.72 22.27 20.08 22.05 27.16 27.52 29.42 27.81 27.89 27.96 26.21 23.07 23.65 22.05 20.00 23.00 25.26 25.62 24.24 21.90 23.58 21.90 21.90 22.05 12.78 13.87 12.85 12.63 14.89 10.51 10.95 11.97 9.86 10.15 9.27 13.58 13.29 13.14
10.59 10.95 9.86 8.91 8.54 10.37 11.02 10.15 12.85 12.56 12.34 12.63 15.48 16.79 16.57 9.78 9.93 9.71 9.71 10.80 11.61 13.14 13.51 14.45 16.21 19.05 18.54 19.64 16.94 17.89 12.63 7.15 10.66 9.56 12.12 5.11 1.83 0.00 1.61 2.26 9.13 7.66 3.87 3.87 4.89 7.88 12.70 6.79 12.78 16.43 15.04 18.32 25.92 25.92 27.23 26.86 27.38 22.12 15.77 18.54 18.03 20.00 23.87 24.38 24.97 24.53 24.60 23.80 23.80 22.63 18.10 19.78 11.24 11.02 11.46 10.44 7.96 9.93 10.22 6.72 7.30 8.91 7.37 11.97
10.59 10.95 9.86 8.91 8.54 10.37 11.02 10.15 12.85 12.56 12.34 12.63 15.48 16.79 16.57 9.78 9.93 9.71 9.71 10.80 11.61 13.14 13.51 14.45 16.21 19.05 18.54 19.64 16.94 17.89 12.63 7.15 10.66 9.56 12.12 5.11 1.83 0.00 1.61 2.26 9.13 7.66 3.87 3.87 4.89 7.88 12.70 6.79 12.78 16.43 15.04 18.32 25.92 25.92 27.23 26.86 27.38 22.12 15.77 18.54 18.03 20.00 23.87 24.38 24.97 24.53 24.60 23.80 23.80 22.63 18.10 19.78 11.24 11.02 11.46 10.44 7.96 9.93 10.22 6.72 7.30 8.91 7.37 11.97
9.86 9.64 8.32 8.32 9.56 9.13 9.34 11.90 11.46 13.29 14.60 16.86 16.57 18.18 18.83 18.54 16.13 14.09 14.09 13.21 12.63 14.60 15.40 15.40 16.43 18.91 20.22 20.15 19.05 12.99 7.52 8.54 6.13 3.80 2.70 1.02 1.61 0.88 0.00 0.88 3.43 3.58 4.45 4.45 2.41 1.39 1.90 0.00 3.50 5.91 3.50 11.02 4.09 8.32 7.23 12.12 11.24 11.39 10.88 13.80 15.77 18.69 22.85 21.61 25.26 24.75 24.45 24.45 24.45 25.04 22.92 14.53 15.11 9.93 9.64 9.56 7.81 5.77 6.79 5.69 5.99 7.23 6.79 7.45
10.59 9.86 10.44 8.25 9.64 11.46 10.95 11.61 13.29 15.11 14.53 14.16 12.19 14.45 15.99 14.67 13.14 13.43 13.43 11.75 13.43 12.85 15.70 16.54 15.41 18.23 14.89 14.60 16.28 13.14 14.16 8.91 5.18 5.11 2.19 0.80 0.95 0.44 0.95 1.17 1.10 1.31 0.29 0.29 0.58 0.07 0.51 0.00 0.00 3.50 0.00 0.00 0.00 4.23 7.01 6.57 7.08 5.40 8.25 13.80 17.23 16.64 18.47 19.27 24.02 24.38 23.73 24.38 24.38 23.65 24.24 20.22 12.99 17.45 12.92 7.96 6.35 5.62 6.28 6.13 5.77 7.01 7.30 7.96
11.97 10.95 12.63 11.32 10.95 12.41 13.72 13.65 13.65 13.65 12.41 12.99 9.20 6.72 11.10 10.00 11.32 10.95 10.95 11.10 12.70 15.18 16.72 17.77 18.14 15.42 14.91 15.13 16.43 15.48 11.39 12.56 8.32 10.51 5.62 4.31 1.83 1.02 0.66 2.26 0.58 0.00 0.00 0.00 0.07 0.15 0.00 0.00 0.00 0.00 0.00 0.00 0.00 0.00 0.00 3.21 6.06 8.40 7.81 10.80 14.45 15.33 17.89 21.53 21.02 23.58 23.29 24.09 24.09 24.09 23.07 22.41 18.10 16.28 8.98 6.64 7.01 5.99 6.13 7.81 7.59 5.84 7.01 11.83
13.21 12.99 13.43 14.60 14.75 13.07 14.53 14.16 9.71 13.14 7.88 5.62 6.20 3.80 3.07 5.69 4.82 8.40 8.40 10.66 10.29 12.67 14.30 15.35 15.43 15.43 14.83 15.85 17.69 17.58 17.08 15.70 15.33 10.29 11.39 8.10 3.50 4.45 2.34 2.48 1.61 0.00 0.00 0.00 0.00 0.00 0.00 0.00 0.00 0.00 0.00 0.00 0.00 0.00 0.00 0.00 4.23 7.15 8.83 13.58 16.35 19.49 20.88 18.98 19.42 21.61 25.40 26.79 26.79 25.84 23.14 21.68 16.13 16.43 14.53 9.42 9.78 6.50 7.88 9.56 7.45 7.15 6.13 11.24
13.21 13.58 14.75 14.67 14.38 15.33 14.97 15.18 10.44 4.89 6.06 0.00 0.00 0.00 0.00 5.11 8.47 8.47 8.47 9.94 5.46 4.52 6.32 5.55 9.12 12.34 16.56 16.58 19.18 17.92 16.58 16.64 17.52 15.91 18.32 16.35 8.10 10.07 5.55 4.16 0.73 0.00 0.00 0.00 0.00 0.00 0.00 0.00 0.00 0.00 0.00 0.00 0.00 0.00 0.00 0.80 4.02 7.59 6.64 10.88 14.60 20.59 21.90 25.84 24.45 24.97 25.55 26.13 26.13 23.65 20.81 20.22 19.35 16.21 15.04 13.43 12.48 10.22 10.80 11.24 8.91 8.61 8.54 5.55
13.21 13.58 14.75 14.67 14.38 15.33 14.97 15.18 10.44 4.89 6.06 0.00 0.00 0.00 0.00 5.11 8.47 8.47 8.51 10.26 5.54 4.84 6.16 5.69 8.98 12.34 16.06 15.41 17.92 18.19 16.75 17.34 19.69 16.84 18.79 16.35 8.10 10.07 5.55 4.16 0.73 0.00 0.00 0.00 0.00 0.00 0.00 0.00 0.00 0.00 0.00 0.00 0.00 0.00 0.00 0.80 4.02 7.59 6.64 10.88 14.60 20.59 21.90 25.84 24.45 24.97 25.55 26.13 26.13 23.65 20.81 20.22 19.35 16.21 15.04 13.43 12.48 10.22 10.80 11.24 8.91 8.61 8.54 5.55
12.26 11.97 12.99 13.07 12.85 12.70 12.19 15.26 12.41 7.81 3.50 4.89 2.85 0.00 7.45 6.06 12.41 12.56 12.56 7.01 8.32 3.80 0.00 5.04 4.57 8.11 12.54 17.24 16.28 20.10 19.17 22.77 21.90 22.20 19.34 19.37 16.22 12.99 5.33 2.19 2.92 0.00 0.15 0.15 0.00 0.00 0.00 0.66 0.00 0.00 0.00 0.00 0.00 0.00 0.44 0.00 0.00 0.00 6.28 13.14 20.08 21.24 26.79 26.79 30.08 26.57 27.45 25.33 25.33 21.17 22.12 18.54 14.97 15.11 13.07 12.99 9.93 11.46 10.59 11.53 9.34 7.37 7.96 6.72
9.56 9.20 7.59 9.42 9.56 9.42 8.69 10.51 9.27 10.00 5.99 5.04 6.28 6.06 8.47 13.51 16.50 17.23 17.23 11.08 5.26 6.24 3.80 0.00 4.84 4.15 7.59 8.55 16.76 23.08 25.92 26.43 24.02 21.46 25.12 22.41 16.75 17.75 14.31 11.61 6.79 4.31 3.07 3.07 0.80 0.07 0.00 0.22 0.22 0.29 0.00 0.00 0.00 0.00 0.00 0.00 0.00 6.13 10.22 11.75 15.33 16.35 21.90 24.16 30.44 30.15 31.10 27.74 27.74 27.30 20.29 20.66 16.79 18.61 16.94 10.73 13.72 11.10 13.36 10.00 11.17 6.42 6.64 5.62
6.35 4.67 4.89 4.38 6.42 6.86 6.50 9.20 12.56 13.51 8.18 6.35 7.01 8.47 8.10 11.53 12.92 10.73 10.73 11.32 9.27 8.32 8.61 7.66 8.25 5.91 8.25 14.16 13.29 19.67 25.26 24.02 28.47 28.47 29.66 25.06 24.39 22.34 17.37 20.29 14.02 5.77 6.94 6.94 0.80 0.95 0.00 0.00 0.00 0.00 0.66 0.00 0.00 0.00 0.00 3.94 0.00 7.15 11.83 10.22 13.80 14.60 23.14 22.34 28.84 31.39 28.25 29.13 29.13 23.94 22.19 23.00 21.83 22.63 17.45 18.54 16.50 14.09 17.81 15.11 18.25 9.49 19.93 19.78
4.82 5.18 6.57 7.59 7.66 6.35 10.44 13.80 12.99 16.43 16.35 15.48 9.56 9.78 10.66 10.37 11.24 8.18 8.18 7.96 9.64 9.13 11.17 11.32 9.78 10.29 9.13 13.13 17.59 17.59 18.18 18.61 23.21 27.89 29.13 32.34 28.83 31.70 26.37 19.98 20.44 12.12 13.94 13.94 0.80 6.94 4.23 1.02 1.75 0.00 0.22 0.00 0.00 0.00 0.00 0.00 4.60 11.90 11.90 11.24 10.07 11.17 13.80 23.73 17.81 25.04 22.12 20.22 20.22 20.29 20.95 17.89 23.07 20.08 22.34 20.15 21.10 20.95 20.44 21.02 20.51 19.49 18.03 20.73
7.81 7.08 9.34 10.00 10.22 9.71 12.12 15.33 15.41 15.40 16.21 15.84 12.78 13.36 9.71 4.67 5.55 5.99 5.99 5.69 9.71 14.67 14.09 15.99 16.28 21.83 19.93 19.10 18.61 17.74 18.18 18.98 17.67 22.12 23.21 28.62 29.35 30.95 30.61 30.10 23.99 21.90 20.81 20.81 12.70 15.48 11.02 4.16 0.51 0.58 0.29 1.02 0.00 0.00 0.00 3.65 3.14 4.38 3.65 11.02 11.24 10.22 10.66 9.27 10.73 14.24 13.58 15.91 15.91 11.02 14.24 9.71 17.16 16.57 18.40 13.58 21.32 21.61 19.49 19.42 20.73 19.20 20.66 18.61
8.47 10.37 9.34 11.24 11.90 16.86 15.11 19.71 14.53 13.36 12.78 13.43 11.24 6.94 2.26 2.77 0.66 0.00 0.00 2.63 0.00 7.74 17.16 21.53 23.58 23.07 24.24 20.66 18.97 21.41 20.12 18.05 18.29 17.37 18.32 21.46 25.62 20.87 27.67 25.84 19.84 21.53 19.78 19.78 14.31 14.67 15.55 11.68 7.66 2.85 5.77 1.53 0.00 0.22 0.22 1.75 1.17 1.83 6.50 9.05 11.46 10.22 8.61 8.98 7.15 7.88 9.56 4.67 4.67 7.88 9.13 6.28 7.81 5.77 9.56 8.18 16.13 12.19 17.01 17.89 19.64 20.00 17.59 17.30
8.47 10.37 9.34 11.24 11.90 16.86 15.11 19.71 14.16 13.36 12.78 13.43 11.24 6.94 2.26 2.77 0.66 0.00 0.00 2.63 0.00 7.74 17.16 21.53 23.58 23.07 24.24 20.66 18.69 20.66 19.42 17.96 17.74 17.37 18.42 21.57 25.62 20.76 27.95 25.84 19.64 21.53 19.78 19.78 14.31 14.67 15.55 11.68 7.66 2.85 5.77 1.53 0.00 0.22 0.22 1.75 1.17 1.83 6.50 9.05 11.46 10.22 8.61 8.98 7.15 7.88 9.56 4.67 4.67 7.88 9.13 6.28 7.81 5.77 9.56 8.18 16.13 12.19 17.01 17.89 19.64 20.00 17.59 17.30
11.17 10.88 11.68 11.53 10.66 18.25 21.39 18.08 18.97 12.78 11.02 9.13 9.56 5.26 1.24 0.00 0.07 0.00 0.00 0.00 5.84 13.87 12.26 19.05 23.87 25.99 23.36 24.67 22.41 22.12 20.22 19.05 17.96 17.81 18.47 13.87 12.26 14.09 14.60 16.43 9.64 21.17 10.37 10.37 17.89 18.69 17.45 16.72 15.33 13.72 12.70 5.99 1.61 2.85 0.95 0.80 0.51 4.16 5.18 3.80 11.17 11.39 7.74 5.26 3.36 0.00 0.00 4.23 4.23 0.00 3.36 0.00 0.00 0.00 5.18 5.55 9.78 8.47 14.16 17.37 19.27 16.35 14.97 13.51
