Wansh/Snow_depth/snowdepth-1992/winter/1993006.txt
ncols 321
nrows 161
xllcenter 60
yllcenter 15 
cellsize  0.25 
NODATA_value -1
[rows 76 to 113 of 161, columns 84 to 167 of 321]
0.00 1.90 0.00 0.66 2.34 2.41 2.12 2.48 3.36 0.00 3.87 0.00 0.00 0.00 0.00 0.00 0.00 3.07 3.07 0.00 0.00 0.00 0.00 0.00 4.74 0.00 0.00 0.00 0.00 0.00 2.56 2.63 2.70 0.00 2.12 1.75 2.04 1.61 2.12 2.48 2.04 1.31 2.48 2.48 1.24 0.66 1.97 2.12 1.75 2.04 2.48 1.61 1.75 1.75 0.95 1.61 0.51 0.95 0.95 1.02 1.31 1.75 1.90 1.61 2.12 2.13 1.46 3.72 3.72 6.28 11.32 11.10 4.82 0.73 0.00 0.00 0.00 0.00 0.00 0.00 0.00 0.00 0.15 0.75
0.37 1.53 1.02 1.68 1.68 0.00 0.00 0.00 0.00 0.00 3.87 4.23 5.04 4.60 3.50 3.94 3.36 0.00 0.00 0.00 0.00 0.00 0.00 0.00 0.00 0.00 3.14 0.00 0.00 0.00 0.00 1.39 2.04 1.75 0.00 0.00 0.00 1.10 0.73 1.17 1.17 1.24 2.26 2.26 2.19 1.39 1.24 2.12 3.14 2.48 2.12 2.77 2.19 2.34 3.21 2.63 2.19 2.04 1.61 1.31 1.83 2.63 3.36 3.14 2.56 2.63 4.38 4.38 4.38 4.23 7.88 9.56 3.50 1.31 0.44 0.00 0.00 0.22 0.00 0.00 0.00 0.00 0.29 0.37
3.07 2.48 1.31 1.68 1.68 2.34 0.00 0.00 3.65 3.36 3.80 3.65 4.60 4.82 3.87 4.45 3.87 0.00 0.00 0.00 0.00 0.00 0.00 3.21 2.77 0.00 0.00 0.00 0.00 0.00 0.00 0.00 0.00 0.00 0.00 0.00 1.02 0.00 0.00 0.00 1.39 1.83 0.00 0.00 0.66 0.00 1.61 1.39 2.63 2.77 1.68 2.63 1.83 3.43 3.21 2.63 2.12 1.10 1.75 2.04 1.75 3.36 4.38 3.58 1.83 1.75 2.63 3.29 3.29 3.43 1.97 1.24 0.73 0.73 1.10 0.29 0.00 0.00 0.00 0.00 0.00 0.00 1.03 3.19
2.04 0.00 0.00 0.00 1.39 0.00 0.00 3.36 3.65 3.14 3.07 3.65 4.82 4.82 4.60 3.65 4.09 4.60 4.60 0.00 4.16 0.00 0.00 0.00 0.00 0.00 0.00 4.45 4.53 0.00 0.00 2.19 0.00 0.00 0.00 0.00 0.00 0.00 0.00 0.00 1.39 0.00 0.00 0.00 0.00 0.00 1.10 1.02 1.61 1.46 1.17 1.17 0.95 2.19 2.41 1.97 2.41 1.31 1.61 1.68 1.97 3.65 3.50 3.50 1.39 0.00 0.00 0.07 0.07 1.24 0.58 0.58 1.75 2.92 1.32 0.58 0.22 0.00 0.66 0.07 0.00 0.51 1.97 4.18
0.58 0.00 0.00 0.00 0.00 0.00 0.00 0.00 0.00 3.14 3.58 3.94 3.43 3.36 3.72 3.58 0.00 4.31 4.31 4.60 2.85 2.85 2.85 0.00 0.00 0.00 2.85 3.72 3.43 0.00 1.97 1.75 0.00 0.00 0.00 0.00 0.00 0.00 0.00 0.00 1.39 0.00 1.83 1.83 0.00 1.31 0.15 1.10 0.95 0.15 0.95 0.00 1.46 1.02 1.10 1.10 2.12 1.46 1.46 1.10 1.02 2.70 1.97 0.22 0.00 0.00 0.00 0.00 0.00 0.00 0.00 0.73 3.72 5.62 5.55 2.64 0.82 2.68 1.83 1.68 0.29 0.37 1.17 1.90
0.00 0.00 0.00 0.00 0.00 0.00 0.00 0.00 0.00 0.00 0.00 4.02 3.65 3.50 4.09 0.00 3.07 3.36 3.36 3.87 1.61 1.17 1.53 0.00 0.00 0.00 0.00 1.83 2.70 1.97 1.97 1.31 0.00 0.00 0.00 0.00 0.00 0.00 0.00 0.00 0.00 0.00 1.75 1.75 2.12 1.31 0.29 0.80 0.66 0.00 1.02 0.00 1.17 0.66 1.02 1.02 1.17 1.39 1.10 1.10 0.88 1.46 0.95 0.51 0.00 0.00 0.00 0.00 0.00 0.15 0.00 1.02 3.87 8.47 9.13 6.90 3.83 5.20 2.80 1.95 1.10 2.04 1.61 2.85
0.00 0.07 0.44 0.00 0.00 0.00 0.00 0.00 0.00 0.00 3.87 0.00 0.00 0.00 0.00 0.00 0.00 2.41 2.41 2.04 0.22 0.00 0.00 0.00 0.00 0.00 0.00 0.00 0.00 0.00 2.19 0.00 0.00 0.00 0.00 0.00 0.00 0.00 0.22 0.37 0.66 1.02 0.80 0.80 0.58 0.51 0.00 0.00 0.00 0.07 0.00 0.00 0.51 0.73 0.00 0.37 0.51 1.02 1.02 1.46 1.31 0.88 1.97 1.53 0.58 0.00 0.00 0.07 0.07 0.51 1.53 2.48 7.30 10.22 9.64 10.66 7.30 4.31 2.48 2.79 2.19 2.26 2.99 2.99
0.00 0.00 0.22 0.00 0.00 0.00 0.00 0.00 0.00 0.00 0.00 0.00 0.00 3.65 4.38 0.00 0.00 0.00 0.00 0.88 0.00 0.22 0.00 0.00 0.00 0.00 0.00 0.00 0.00 0.15 0.00 0.00 0.00 0.00 0.00 0.00 0.00 0.00 0.00 0.00 0.00 0.00 0.00 0.00 0.51 0.00 0.00 0.00 0.44 0.07 0.95 0.88 0.44 0.29 0.51 0.73 0.80 0.44 0.66 1.31 1.61 1.61 1.75 1.83 2.56 1.46 2.85 1.90 1.90 2.63 2.19 2.26 4.74 9.27 12.78 9.78 8.61 6.94 3.80 3.72 3.29 3.14 2.41 2.85
0.00 0.00 0.00 0.00 0.00 0.00 0.00 0.00 0.00 0.00 0.00 0.00 0.00 3.21 4.02 0.00 0.00 0.00 0.00 0.00 0.00 0.00 0.00 0.00 0.00 0.00 0.00 1.75 1.75 0.00 0.00 0.00 0.00 0.00 0.00 0.15 0.00 0.00 0.00 0.00 0.00 0.00 0.00 0.00 0.00 0.00 0.00 0.00 0.00 0.44 1.24 0.29 1.31 1.17 1.02 1.90 2.56 0.15 0.66 0.66 1.10 1.31 1.61 1.46 2.34 2.34 2.85 3.36 3.36 2.48 2.26 1.97 1.75 4.16 8.03 5.48 8.18 7.74 5.84 5.77 3.14 4.02 1.97 2.12
0.00 0.00 0.00 0.00 0.00 0.00 0.00 0.00 3.14 3.50 3.29 3.21 3.14 0.00 3.29 0.00 0.00 0.00 0.00 0.00 0.00 0.00 0.00 0.00 0.00 0.00 0.00 1.90 0.88 0.88 0.00 0.00 0.00 0.00 0.66 0.00 0.00 0.00 0.00 0.00 0.00 0.00 0.00 0.00 0.00 0.00 0.00 0.00 0.00 0.22 0.58 0.51 1.24 2.48 3.80 4.45 4.60 1.17 1.02 0.29 0.51 0.74 1.81 1.75 1.24 2.41 2.63 2.04 2.04 2.56 3.14 2.92 3.14 3.58 2.77 5.69 7.37 6.72 6.79 4.53 4.02 2.99 2.34 1.75
0.88 0.58 0.80 1.10 1.46 1.61 0.00 2.92 2.92 2.85 2.34 2.70 2.77 2.63 2.12 0.00 0.00 0.00 0.00 0.00 0.00 3.58 0.00 0.00 0.00 0.00 0.00 2.04 0.00 0.00 1.61 1.31 0.00 0.00 0.00 0.00 0.00 0.00 2.70 3.43 0.00 0.51 0.22 0.22 0.29 0.29 0.88 0.58 0.29 0.58 0.00 0.00 0.00 0.95 1.90 2.77 3.43 4.67 5.33 2.77 1.53 1.97 3.28 2.70 3.58 3.72 3.58 1.31 1.31 2.70 5.84 8.91 10.15 8.03 3.21 1.97 2.48 2.70 5.33 6.42 4.89 3.50 3.36 1.68
1.10 1.39 1.90 0.00 0.00 0.00 0.00 0.00 0.00 0.00 0.00 2.63 2.48 2.26 0.00 0.00 0.00 0.00 0.00 0.00 0.00 0.00 0.00 0.00 0.00 0.00 0.00 0.00 0.00 0.00 0.00 0.00 0.00 0.00 0.00 0.00 0.00 0.00 1.97 3.80 2.63 2.26 1.53 1.53 1.61 1.24 1.02 0.66 0.29 1.46 0.73 0.07 0.51 0.00 0.15 0.22 2.04 4.60 6.64 4.74 2.77 2.48 3.94 5.84 7.26 7.59 6.94 4.09 4.09 3.72 4.89 8.10 7.96 4.74 5.40 2.77 2.41 2.63 4.74 3.21 4.82 4.60 4.09 3.14
1.68 0.58 0.00 0.00 0.00 0.00 0.00 0.00 0.00 0.00 0.00 0.00 3.21 2.92 0.00 0.00 0.00 0.00 0.00 0.00 0.00 0.00 0.00 0.00 0.00 0.00 0.00 0.00 0.00 0.00 0.00 0.00 0.00 0.00 0.00 0.00 0.00 0.00 0.00 1.53 2.70 0.00 2.19 2.19 2.04 2.19 3.21 1.17 1.68 3.43 1.10 1.39 1.46 0.00 0.00 2.04 1.97 2.63 4.74 4.67 3.58 2.63 4.31 7.52 9.73 11.51 6.13 7.81 7.81 5.11 4.31 6.13 6.72 4.60 2.85 1.68 2.85 2.92 3.29 3.29 3.14 4.74 3.07 2.26
0.29 0.00 1.10 0.00 0.00 0.00 0.00 0.00 0.00 0.00 0.00 0.00 0.00 0.00 0.00 0.00 0.00 0.00 0.00 0.00 0.00 0.00 0.00 0.00 0.00 0.00 2.48 0.00 0.15 0.00 0.00 0.00 0.00 0.00 0.00 0.00 0.00 0.00 0.00 2.12 1.97 0.00 2.77 2.77 1.39 2.34 3.80 3.43 3.50 4.02 2.56 2.48 4.82 0.88 1.83 4.67 5.99 3.65 3.34 3.32 3.29 2.77 3.65 6.20 9.04 12.19 10.30 10.29 10.29 7.88 5.99 6.72 6.86 5.55 5.40 3.07 2.63 3.58 3.50 2.83 4.10 2.78 2.57 2.93
0.00 0.07 0.51 1.61 0.00 0.00 0.00 0.44 0.00 0.00 0.00 0.00 0.00 0.00 0.00 0.00 0.00 0.00 0.00 0.00 0.00 0.00 0.00 0.00 0.00 0.00 0.00 0.73 0.00 0.00 0.00 0.00 0.00 0.00 0.00 0.00 0.00 0.00 0.00 0.00 0.00 0.00 0.00 0.00 0.00 3.43 2.77 4.53 4.38 3.36 3.07 3.94 6.64 5.69 6.42 9.42 12.19 3.80 4.09 3.36 3.01 3.94 4.13 6.06 9.27 10.29 11.09 9.92 9.61 9.39 7.74 7.15 7.15 5.55 4.53 2.70 2.85 2.34 3.67 3.44 2.01 2.69 3.24 3.40
0.95 0.29 1.17 0.00 0.00 0.00 0.95 0.80 0.37 0.00 0.00 0.00 0.00 0.00 0.00 0.00 0.00 0.00 0.00 0.00 0.00 0.00 0.00 0.00 0.00 0.00 0.00 0.00 0.00 0.00 0.00 0.00 0.00 0.00 0.00 0.00 0.00 0.00 0.00 0.00 0.00 0.00 0.00 0.00 0.00 1.53 1.17 1.90 1.68 3.94 4.67 4.67 6.79 9.13 10.15 12.63 17.45 9.93 9.73 7.08 4.53 4.53 2.68 2.74 5.70 7.15 7.52 8.10 8.14 8.17 7.19 8.18 7.08 6.94 3.89 2.92 2.04 2.41 2.35 4.08 3.63 3.14 4.54 3.14
1.02 0.29 1.24 1.31 1.24 1.17 0.95 0.00 0.00 0.00 0.00 0.00 0.00 0.00 0.00 0.00 0.00 0.66 0.66 0.00 0.00 0.00 0.00 0.00 0.00 0.00 0.00 0.00 0.00 0.00 0.00 0.00 0.00 0.00 0.00 0.00 0.00 0.00 0.00 0.00 0.00 0.00 0.00 0.00 0.00 0.51 1.02 0.80 1.83 3.58 5.04 7.66 11.10 11.97 15.40 14.60 18.98 17.52 17.96 14.82 9.66 8.10 4.17 2.42 4.33 6.27 5.47 4.96 4.96 5.73 5.90 8.18 9.46 8.23 5.72 3.98 2.63 2.08 1.73 3.28 4.10 4.14 5.34 5.47
0.80 0.00 1.10 0.88 0.80 0.95 1.02 0.00 0.00 1.39 0.58 0.00 0.00 0.00 0.00 0.00 0.44 0.00 0.00 0.00 0.00 0.00 0.00 0.00 0.00 0.00 0.00 0.00 0.00 0.00 0.00 0.00 0.00 0.00 0.00 0.00 0.00 0.00 0.00 0.00 0.00 0.00 0.00 0.00 0.00 0.15 0.44 1.10 2.70 4.74 7.15 10.51 11.39 13.29 15.11 17.89 20.59 23.36 21.90 22.19 19.13 15.47 9.85 3.92 3.46 4.19 5.36 3.36 3.36 3.69 3.76 4.84 8.23 8.80 7.41 6.38 6.50 4.37 2.90 3.31 4.05 5.27 5.82 6.68
0.15 0.00 0.44 0.88 0.73 1.02 1.75 0.00 0.00 0.00 1.24 0.00 0.00 0.00 0.00 0.29 0.15 0.00 0.00 0.00 0.00 1.24 0.95 0.00 0.00 0.00 0.00 0.00 0.00 0.00 0.00 0.00 0.00 0.00 0.00 0.00 0.00 0.00 0.00 0.00 0.00 0.00 0.00 0.00 0.00 0.07 0.29 1.10 3.58 5.91 11.17 14.45 13.41 13.62 14.06 16.45 21.82 24.97 25.40 23.07 17.08 9.90 6.30 3.87 2.59 3.95 2.86 1.10 1.10 2.25 2.42 2.35 5.65 7.96 9.12 6.86 8.04 6.81 5.47 4.59 3.77 8.87 8.52 8.70
0.58 1.31 1.02 0.66 0.80 1.24 2.41 2.04 0.00 0.00 0.00 0.00 0.00 0.00 0.00 0.00 0.00 0.00 0.00 0.00 0.00 0.00 0.00 0.00 0.00 0.00 0.00 0.00 0.00 0.00 0.00 0.00 0.00 0.00 0.00 0.00 0.00 0.00 0.00 0.00 0.00 0.00 2.56 2.56 0.00 1.83 2.77 6.50 15.18 15.40 14.75 17.96 15.99 15.75 15.73 15.95 20.09 22.18 22.38 21.24 17.46 11.52 8.44 6.14 2.86 2.16 2.70 0.73 0.73 0.96 2.37 3.08 4.98 7.50 8.36 8.36 8.57 7.98 5.77 3.97 5.18 7.26 10.17 7.10
1.53 0.00 0.22 1.68 2.34 3.14 3.07 2.48 1.90 0.95 0.58 0.00 0.00 0.00 0.00 0.00 0.00 0.00 0.00 0.00 0.00 0.00 0.00 0.00 0.00 0.00 0.00 0.00 0.00 0.00 0.00 0.00 0.00 0.00 0.00 0.00 0.00 0.00 0.00 0.00 0.00 0.00 5.26 5.26 2.85 5.77 5.48 11.02 17.01 18.69 18.47 18.03 15.55 16.43 16.02 18.57 16.02 16.05 17.89 16.45 14.84 11.41 10.16 8.88 5.66 2.64 2.81 1.70 1.68 0.67 1.82 2.88 5.44 6.53 8.10 7.56 7.86 6.59 7.04 5.39 8.20 9.86 10.95 11.59
3.65 0.00 0.00 1.61 4.53 3.50 3.65 3.14 2.48 2.19 1.53 0.00 0.00 0.29 0.00 0.07 0.00 0.00 0.00 0.00 0.00 0.00 0.00 0.00 0.00 1.02 0.00 0.00 0.00 0.66 0.00 0.00 0.00 0.73 0.00 0.00 0.00 0.00 0.00 0.00 0.00 9.27 7.81 7.81 5.26 8.40 8.61 13.51 17.16 18.57 17.91 17.86 18.27 20.30 16.85 12.84 11.97 11.61 12.11 11.31 8.73 8.53 10.01 9.42 7.71 4.44 2.67 3.16 3.08 1.75 0.95 5.82 8.59 10.36 11.59 9.93 7.95 7.34 8.34 7.75 8.86 11.22 10.60 9.40
11.02 9.78 5.11 4.67 7.45 8.25 8.98 7.74 3.72 1.53 1.61 1.90 1.31 1.02 0.95 1.53 1.02 0.80 0.80 0.73 1.68 1.31 0.66 0.00 1.17 0.80 0.80 0.66 0.51 0.44 0.22 0.00 0.15 0.29 1.02 1.46 2.63 7.01 6.50 3.50 5.40 6.94 5.62 5.62 9.20 11.75 14.53 15.26 16.79 16.79 17.99 20.39 19.32 16.03 12.56 9.95 12.48 14.67 14.45 13.94 12.77 10.14 11.07 10.08 6.50 4.26 3.30 1.95 1.92 0.44 0.88 3.25 6.54 8.62 12.05 14.02 13.84 6.93 6.34 4.60 7.84 5.54 6.70 7.13
10.80 10.80 8.69 9.27 11.39 13.07 12.26 6.42 1.46 0.00 0.00 1.61 0.00 2.12 1.17 1.83 1.10 1.02 1.02 0.73 0.88 1.61 0.00 0.00 1.02 0.00 0.00 0.44 0.51 0.58 0.58 0.07 0.00 0.07 0.29 5.18 4.38 4.16 4.31 2.70 7.01 2.77 6.79 6.79 8.61 11.17 13.87 13.58 17.16 18.86 18.21 15.36 16.54 12.54 12.91 11.11 11.41 11.84 14.12 13.89 16.74 17.32 15.59 15.73 10.66 5.99 6.09 5.25 5.17 1.02 0.44 1.60 4.84 7.57 11.26 14.02 14.08 4.57 3.50 4.71 4.83 4.95 8.72 9.05
7.01 11.02 10.44 7.88 9.27 12.41 13.65 9.78 3.43 1.17 0.00 0.00 1.24 1.83 2.19 0.66 0.00 0.66 0.66 0.22 0.80 0.66 0.15 0.00 0.58 0.00 0.00 0.00 0.07 0.22 0.07 0.00 0.00 0.00 2.92 5.18 2.34 1.97 0.88 0.29 2.19 1.31 3.65 3.65 6.20 9.13 10.51 11.50 13.22 12.67 13.76 14.14 14.33 14.12 13.76 9.32 9.34 11.42 11.20 11.85 17.03 19.89 21.53 17.81 11.24 5.29 6.56 6.31 7.01 1.68 1.49 4.22 7.66 11.54 14.38 13.13 8.83 7.30 5.24 4.54 7.20 7.10 5.69 11.16
0.00 9.42 8.83 6.35 5.11 7.23 10.37 9.98 6.06 3.50 1.68 0.00 0.00 0.00 1.83 0.58 0.66 0.44 0.44 0.51 0.00 0.15 0.29 0.22 0.00 0.00 0.00 0.00 0.00 0.00 0.66 0.00 0.00 0.44 1.53 3.80 2.48 0.00 0.29 0.00 1.39 0.95 2.19 2.19 2.63 6.72 6.50 8.73 11.32 13.17 13.46 15.33 16.97 17.13 13.34 13.41 7.80 12.54 12.44 11.32 18.64 21.54 21.64 17.81 11.24 5.48 7.06 6.75 6.51 5.31 5.89 4.31 8.24 9.37 13.91 9.88 8.89 5.96 6.03 7.07 7.01 10.10 13.19 10.89
0.00 0.00 0.00 0.00 0.00 0.00 5.48 8.69 8.76 7.59 4.53 1.31 0.66 0.15 0.00 0.00 0.00 0.29 0.29 0.73 0.44 0.00 0.51 0.00 0.00 0.00 0.00 0.00 0.00 0.00 0.00 0.00 0.00 0.07 0.51 1.02 1.83 0.00 0.00 0.00 0.00 0.00 1.53 1.53 1.17 3.72 3.72 5.91 9.93 10.66 10.38 13.30 12.65 11.16 9.14 8.80 4.92 6.03 11.66 11.22 12.48 15.22 22.68 30.92 27.00 24.91 13.12 14.60 14.68 4.95 11.96 6.70 7.03 7.59 9.02 7.88 8.64 8.44 6.78 7.38 9.35 11.35 12.98 10.87
0.00 0.00 0.00 0.00 0.00 2.56 5.84 8.25 9.20 6.86 3.94 2.48 1.46 0.00 0.00 0.00 0.00 0.00 0.00 0.07 0.00 0.00 0.00 0.00 0.00 0.00 0.00 0.00 0.00 0.00 0.00 0.00 0.00 0.00 0.00 0.00 0.00 0.00 0.00 0.00 0.00 0.58 0.15 0.15 0.00 2.12 2.71 2.70 7.86 6.70 9.79 13.20 15.44 13.05 7.02 5.42 5.49 6.74 6.91 11.04 11.57 16.06 20.41 26.64 21.56 24.36 17.47 19.55 22.86 13.17 14.42 9.03 6.31 6.68 7.46 6.26 9.33 9.56 6.29 7.18 9.65 12.76 13.79 12.46
0.00 0.00 0.00 0.00 0.00 0.00 0.00 5.84 8.40 7.37 4.67 3.50 2.19 0.58 1.39 0.29 0.37 0.29 0.29 0.00 0.00 0.00 0.00 0.00 0.00 0.00 0.00 0.00 0.00 0.00 0.00 0.00 0.00 0.00 0.00 0.00 0.00 0.00 0.00 0.00 0.00 0.00 0.00 0.00 0.44 0.58 0.37 3.50 5.29 8.31 8.86 11.50 9.15 5.59 0.00 0.00 0.00 0.00 0.00 0.00 9.58 10.75 14.69 19.31 23.70 23.14 25.09 15.58 17.45 15.17 10.16 7.44 8.97 6.11 5.71 13.01 15.26 11.10 9.92 8.87 7.55 15.81 15.37 12.06
0.00 0.00 0.00 0.00 0.00 0.00 0.00 0.00 4.16 5.55 3.65 3.36 3.14 2.26 2.99 3.04 2.06 3.43 3.43 0.00 0.00 0.00 0.07 0.00 0.00 0.00 0.00 0.00 0.00 0.00 0.00 0.00 0.00 0.00 0.00 0.66 0.37 0.00 0.00 0.00 1.10 0.00 0.44 0.44 0.00 0.00 0.00 1.42 4.05 8.68 8.58 10.54 9.40 0.00 0.00 0.00 0.00 0.00 0.00 0.00 10.82 13.77 12.15 15.88 20.05 22.89 26.94 18.57 18.97 14.14 12.07 9.34 10.47 8.35 8.42 12.26 11.46 15.37 8.93 7.91 6.34 13.71 9.61 12.86
0.00 0.00 0.00 0.00 0.00 0.00 0.00 0.00 0.00 0.00 0.00 4.53 5.40 3.21 6.28 4.18 5.40 5.16 4.82 3.14 0.80 0.95 0.66 0.07 0.00 0.00 0.00 0.00 0.00 0.00 0.00 0.00 0.00 0.00 0.00 1.17 0.51 0.00 0.00 0.00 2.41 1.46 1.10 1.10 0.95 0.00 0.00 1.08 3.76 8.16 11.60 11.70 0.00 0.00 0.00 0.00 0.00 0.00 0.00 0.00 0.00 11.05 11.59 10.95 17.45 23.13 15.45 19.21 23.47 20.99 12.39 9.16 9.37 6.34 6.57 10.74 12.92 15.26 8.58 4.93 0.00 5.21 5.54 0.00
0.00 0.00 0.00 0.00 0.00 0.00 0.00 0.00 0.00 0.00 0.00 0.00 0.00 0.00 0.00 0.00 4.38 4.82 4.89 3.36 2.70 5.55 3.58 4.02 1.02 1.46 4.02 2.99 2.34 2.56 1.10 0.58 0.00 0.00 0.00 4.67 4.74 6.13 4.89 6.09 5.04 5.97 5.26 5.26 2.19 1.68 3.36 5.43 4.11 0.00 0.00 0.00 0.00 0.00 0.00 0.00 0.00 0.00 0.00 0.00 0.00 0.00 0.00 0.00 8.19 7.25 4.82 8.07 9.02 9.57 4.29 3.81 6.19 4.40 4.37 4.56 9.46 0.00 0.00 0.00 0.00 0.00 0.00 0.00
0.00 0.00 0.00 0.00 0.00 0.00 0.00 0.00 0.00 0.00 0.00 0.00 0.00 0.00 0.00 0.00 0.00 0.00 0.00 2.92 0.00 3.40 5.99 4.53 3.43 4.58 2.99 4.82 3.43 2.63 3.87 3.80 1.68 1.17 0.44 6.13 5.84 6.42 6.94 4.23 5.37 7.00 3.36 3.75 3.50 3.21 3.65 5.47 0.00 0.00 0.00 0.00 0.00 0.00 0.00 0.00 0.00 0.00 0.00 0.00 0.00 0.00 0.00 4.04 0.00 0.00 0.00 0.00 0.00 4.69 5.05 2.86 3.53 0.00 0.00 0.00 4.98 0.00 0.00 0.00 0.00 0.00 0.00 0.00
0.00 0.00 0.00 0.00 0.00 0.00 0.00 0.00 0.00 0.00 0.00 0.00 0.00 0.00 0.00 0.00 0.00 0.00 0.00 0.00 0.00 0.00 3.07 3.58 4.09 3.82 5.14 4.96 4.38 5.33 3.80 3.58 1.85 1.10 0.00 0.00 6.20 5.26 4.74 0.00 4.57 0.00 4.69 5.96 3.28 2.46 3.99 3.80 0.00 0.00 0.00 0.00 0.00 0.00 0.00 0.00 0.00 0.00 0.00 0.00 0.00 0.00 0.00 0.00 0.00 0.00 0.00 0.00 0.00 0.00 0.00 0.00 2.54 0.00 0.00 0.00 0.00 0.00 0.00 0.00 0.00 0.00 0.00 0.00
0.00 0.00 0.00 0.00 0.00 0.00 0.00 0.00 0.00 0.00 0.00 0.00 0.00 0.00 0.00 0.00 0.00 0.00 0.00 0.00 0.00 0.00 0.00 3.65 0.00 2.26 0.00 1.83 4.16 4.02 0.00 2.11 0.00 0.00 0.00 0.00 0.00 0.00 0.00 0.00 0.00 0.00 0.00 0.00 0.00 0.00 4.30 0.00 0.00 0.00 0.00 0.00 0.00 0.00 0.00 0.00 0.00 0.00 0.00 0.00 0.00 0.00 0.00 0.00 0.00 0.00 0.00 0.00 0.00 0.00 0.00 0.00 0.00 0.00 0.00 0.00 0.00 0.00 0.00 0.00 0.00 0.00 0.00 0.00
0.00 0.00 0.00 0.00 0.00 0.00 0.00 0.00 0.00 0.00 0.00 0.00 0.00 0.00 0.00 0.00 0.00 0.00 0.00 0.00 0.00 0.00 0.00 0.00 0.00 0.00 0.00 0.00 0.00 0.00 0.00 0.00 0.00 0.00 0.00 0.00 0.00 0.00 0.00 0.00 0.00 0.00 0.00 0.00 0.00 0.00 0.00 0.00 0.00 0.00 0.00 0.00 0.00 0.00 0.00 0.00 0.00 0.00 0.00 0.00 0.00 0.00 0.00 0.00 0.00 0.00 0.00 0.00 0.00 0.00 0.00 0.00 0.00 0.00 0.00 0.00 0.00 0.00 0.00 0.00 0.00 0.00 0.00 0.00
0.00 0.00 0.00 0.00 0.00 0.00 0.00 0.00 0.00 0.00 0.00 0.00 0.00 0.00 0.00 0.00 0.00 0.00 0.00 0.00 0.00 0.00 0.00 0.00 0.00 0.00 0.00 0.00 0.00 0.00 0.00 0.00 0.00 0.00 0.00 0.00 0.00 0.00 0.00 0.00 0.00 0.00 0.00 0.00 0.00 0.00 0.00 0.00 0.00 0.00 0.00 0.00 0.00 0.00 0.00 0.00 0.00 0.00 0.00 0.00 0.00 0.00 0.00 0.00 0.00 0.00 0.00 0.00 0.00 0.00 0.00 0.00 0.00 0.00 0.00 0.00 0.00 0.00 0.00 0.00 0.00 0.00 0.00 0.00
0.00 0.00 0.00 0.00 0.00 0.00 0.00 0.00 0.00 0.00 0.00 0.00 0.00 0.00 0.00 0.00 0.00 0.00 0.00 0.00 0.00 0.00 0.00 0.00 0.00 0.00 0.00 0.00 0.00 0.00 0.00 0.00 0.00 0.00 0.00 0.00 0.00 0.00 0.00 0.00 0.00 0.00 0.00 0.00 0.00 0.00 0.00 0.00 0.00 0.00 0.00 0.00 0.00 0.00 0.00 0.00 0.00 0.00 0.00 0.00 0.00 0.00 0.00 0.00 0.00 0.00 0.00 0.00 0.00 0.00 0.00 0.00 0.00 0.00 0.00 0.00 0.00 0.00 0.00 0.00 0.00 0.00 0.00 0.00
