Wansh/Snow_depth/snowdepth-1992/winter/1993046.txt
ncols 321
nrows 161
xllcenter 60
yllcenter 15 
cellsize  0.25 
NODATA_value -1
[rows 0 to 36 of 161, columns 84 to 167 of 321]
18.91 16.06 15.70 15.70 16.72 16.43 16.86 14.53 14.97 13.36 13.80 13.51 14.02 14.38 13.65 16.57 20.29 19.49 19.49 22.85 23.21 22.19 16.28 7.52 9.71 1.68 1.90 1.39 1.31 2.12 6.06 5.62 9.05 12.26 17.45 12.26 15.40 17.45 19.93 20.37 20.37 14.09 14.82 14.82 11.10 9.20 9.13 4.89 4.53 5.84 8.76 8.10 8.10 7.15 7.30 8.47 13.21 10.73 7.81 8.25 4.67 2.92 2.92 2.34 2.70 2.04 4.45 4.09 4.09 5.77 8.98 12.92 15.33 15.18 12.48 12.78 12.26 13.51 15.99 15.33 15.91 13.14 13.36 13.14
15.70 14.31 14.31 14.45 14.09 16.35 17.30 16.35 15.99 15.84 15.26 14.16 14.45 12.19 12.99 12.41 15.91 21.90 21.90 17.96 23.21 20.95 20.08 20.08 11.02 4.02 5.33 2.41 1.68 1.39 3.50 2.92 2.77 7.30 9.05 6.86 13.29 10.80 12.85 13.65 16.86 16.50 14.89 14.89 14.75 13.80 10.15 13.21 6.64 4.09 5.26 5.69 5.84 4.89 5.91 5.55 7.52 9.42 9.13 9.05 9.71 9.86 7.37 6.64 7.08 6.20 7.96 7.59 7.59 9.64 11.32 10.59 14.82 14.89 18.40 17.08 17.74 16.79 17.16 16.35 17.59 15.62 18.10 16.43
15.84 13.65 12.78 12.70 14.16 17.30 16.35 20.95 21.61 21.68 19.20 14.97 15.62 11.17 7.81 8.25 8.03 7.15 7.15 11.53 18.61 13.58 20.81 20.15 15.77 4.82 6.13 1.83 1.83 1.75 2.12 1.46 2.26 5.55 6.35 9.34 6.57 10.15 13.94 13.72 16.57 16.57 16.28 16.28 20.51 23.14 18.47 10.59 12.05 5.55 2.85 3.14 1.97 2.04 1.90 3.29 5.04 4.82 7.74 10.80 11.10 13.58 14.31 12.34 14.97 16.57 16.43 16.06 16.06 15.62 14.67 12.85 13.87 13.14 15.84 19.56 22.92 20.95 21.46 20.59 19.71 20.22 20.15 20.44
15.84 13.65 12.78 12.70 14.16 17.30 16.35 20.95 21.61 21.68 19.20 14.97 15.62 11.17 7.81 8.25 8.03 7.15 7.15 11.53 18.61 13.58 20.81 20.15 15.77 4.82 6.13 1.83 1.83 1.75 2.12 1.46 2.26 5.55 6.35 9.34 6.57 10.15 13.94 13.72 16.57 16.57 16.28 16.28 20.51 23.14 18.47 10.59 12.05 5.55 2.85 3.14 1.97 2.04 1.90 3.29 5.04 4.82 7.74 10.80 11.10 13.58 14.31 12.34 14.97 16.57 16.43 16.06 16.06 15.62 14.67 12.85 13.87 13.14 15.84 19.56 22.92 20.95 21.46 20.59 19.71 20.22 20.15 20.44
12.70 11.24 11.46 13.14 14.89 14.89 13.65 17.89 20.44 16.13 19.86 17.01 15.84 15.04 15.04 13.58 10.59 11.75 11.75 5.04 8.10 6.86 15.84 11.97 13.72 14.67 7.66 2.19 1.53 1.46 1.46 1.75 2.77 4.96 6.94 5.91 9.78 11.97 11.83 10.00 10.51 9.93 18.10 18.10 16.72 22.41 21.61 21.61 16.35 8.61 5.04 2.41 2.70 1.39 1.83 1.61 3.36 5.18 4.60 8.91 11.97 11.24 14.53 16.72 16.35 18.03 18.32 16.64 16.64 16.94 15.04 14.67 13.51 13.87 15.11 12.78 16.94 18.18 21.24 19.86 18.40 20.51 19.86 19.71
14.53 12.63 13.87 13.14 14.89 13.14 13.51 12.70 12.92 12.34 14.53 15.11 14.75 15.11 15.04 14.82 15.11 16.72 16.72 13.29 14.89 6.94 6.50 5.69 11.02 8.10 5.62 3.07 3.87 1.75 1.90 1.90 3.14 6.06 5.84 7.01 7.15 5.48 6.64 6.72 7.81 9.56 8.10 8.10 11.10 16.64 19.78 18.18 18.61 10.66 3.65 4.53 2.26 2.19 2.19 3.36 5.04 4.82 7.37 8.83 8.61 11.68 16.13 15.40 18.25 19.27 17.67 18.32 18.32 15.33 14.16 14.02 15.48 14.97 12.63 13.65 11.90 12.19 12.85 17.16 16.43 20.59 20.22 18.18
16.64 16.57 16.35 16.21 16.79 16.35 14.89 14.24 14.31 13.36 10.88 11.32 8.83 9.93 9.71 14.02 16.79 16.06 16.06 18.03 11.39 11.53 5.04 5.40 5.11 4.53 2.56 2.63 2.48 2.34 1.75 2.70 4.16 4.53 4.02 6.57 6.42 7.01 4.45 5.11 4.96 6.86 9.20 9.20 8.40 12.92 12.48 12.56 8.69 5.18 5.33 1.83 1.61 2.12 3.07 2.77 4.60 7.59 7.01 9.05 11.53 10.95 14.75 17.59 17.37 18.10 18.18 17.08 17.08 16.57 16.79 16.06 15.77 18.10 17.16 17.08 14.97 14.16 10.59 12.34 11.24 11.24 14.97 22.05
16.64 16.57 16.35 16.21 16.79 16.35 14.89 14.24 14.31 13.36 10.88 11.32 8.83 9.93 9.71 14.02 16.79 16.06 16.06 18.03 11.39 11.53 5.04 5.40 5.11 4.53 2.56 2.63 2.48 2.34 1.75 2.70 4.16 4.53 4.02 6.57 6.42 7.01 4.45 5.11 4.96 6.86 9.20 9.20 8.40 12.92 12.48 12.56 8.69 5.18 5.33 1.83 1.61 2.12 3.07 2.77 4.60 7.59 7.01 9.05 11.53 10.95 14.75 17.59 17.37 18.10 18.18 17.08 17.08 16.57 16.79 16.06 15.77 18.10 17.16 17.08 14.97 14.16 10.59 12.34 11.24 11.24 14.97 22.05
15.55 16.43 15.33 15.26 16.13 14.82 14.89 13.87 12.56 12.85 10.59 7.37 8.18 6.94 6.50 10.29 11.61 12.34 12.34 14.02 14.02 14.97 10.95 5.99 2.34 2.34 2.77 2.12 1.31 2.34 2.34 3.65 3.72 3.72 7.23 6.13 10.00 6.13 6.57 5.84 5.62 5.40 4.67 4.67 9.64 9.05 9.13 6.72 7.01 5.69 4.82 4.67 6.42 6.64 6.64 7.74 7.59 8.25 8.25 9.71 11.24 11.39 13.65 15.33 14.89 17.67 16.72 14.38 14.38 16.35 15.18 16.86 17.01 16.86 17.30 17.23 15.91 19.42 17.81 17.30 11.90 11.97 11.61 9.71
15.26 14.02 13.72 14.09 13.36 13.36 12.26 11.90 12.19 10.88 8.03 9.20 5.18 4.16 7.52 6.72 10.00 10.59 10.59 11.75 11.61 12.78 8.47 5.04 3.07 2.41 1.68 2.26 2.19 2.04 1.97 1.83 2.41 4.60 5.91 9.42 8.61 8.91 7.15 5.55 5.11 3.43 3.50 3.50 4.09 4.82 4.82 4.67 7.52 5.11 5.91 8.40 8.03 8.98 9.56 9.42 9.56 9.05 9.20 9.13 10.80 12.41 12.05 12.56 12.41 14.53 14.09 14.31 14.31 14.38 16.35 17.45 15.70 16.72 17.30 20.29 20.59 25.19 23.94 23.21 21.17 12.70 9.27 9.78
15.26 13.80 13.72 13.21 12.56 11.02 11.39 11.46 11.10 11.32 10.44 7.08 10.00 10.73 10.51 11.02 12.48 12.85 12.85 12.34 14.31 11.68 6.79 7.59 5.55 2.41 2.26 1.97 1.02 1.02 2.26 2.04 1.97 3.72 6.79 6.35 8.61 7.74 8.25 6.64 7.96 7.59 5.69 5.69 5.77 6.06 5.18 7.96 7.30 11.02 14.24 13.29 16.57 12.92 14.09 12.05 14.09 15.84 14.60 13.36 13.43 13.51 13.21 12.26 13.36 13.58 13.72 16.28 16.28 18.54 18.32 17.67 19.42 20.81 21.39 26.13 26.86 24.02 22.56 26.28 18.40 19.05 16.64 14.75
15.26 13.80 13.72 13.21 12.56 11.02 11.39 11.46 11.10 11.32 10.44 7.08 10.00 10.73 10.51 11.02 12.48 12.85 12.85 12.34 14.31 11.68 6.79 7.59 5.55 2.41 2.26 1.97 1.02 1.02 2.26 2.04 1.97 3.72 6.79 6.35 8.61 7.74 8.25 6.64 7.96 7.59 5.69 5.69 5.77 6.06 5.18 7.96 7.30 11.02 14.24 13.29 16.57 12.92 14.09 12.05 14.09 15.84 14.60 13.36 13.43 13.51 13.21 12.26 13.36 13.58 13.72 16.28 16.28 18.54 18.32 17.67 19.42 20.81 21.39 26.13 26.86 24.02 22.56 26.28 18.40 19.05 16.64 14.75
9.86 10.88 10.51 10.22 9.42 9.64 10.00 10.44 10.59 9.86 10.59 12.26 11.75 13.43 13.36 15.84 14.60 16.50 16.50 14.97 11.75 10.07 6.72 7.88 5.69 3.94 1.68 2.04 1.46 2.85 2.41 5.69 8.47 4.23 7.66 11.46 10.88 13.21 8.54 8.69 10.00 10.00 11.46 11.46 10.07 9.71 9.86 8.76 11.83 11.53 13.72 17.96 18.03 16.13 12.26 13.51 12.85 16.94 15.91 16.57 14.97 14.60 14.67 15.70 14.16 13.21 14.97 16.86 16.86 19.64 19.35 20.73 21.53 23.14 27.74 27.08 25.55 27.38 25.04 25.04 21.17 21.90 19.71 18.18
8.25 10.07 9.27 9.56 9.13 10.00 9.78 10.73 11.02 10.22 12.26 10.80 12.63 15.84 16.94 17.59 18.32 17.52 17.52 15.33 14.31 10.29 8.40 6.13 4.96 5.04 1.90 5.55 3.43 4.02 7.96 7.23 12.56 14.31 10.15 13.14 14.38 14.60 13.43 13.43 12.34 12.92 12.26 12.26 12.56 11.90 12.41 12.99 13.07 12.99 14.45 14.53 14.38 17.01 20.08 19.42 21.46 17.16 18.40 13.51 13.65 13.36 14.45 16.64 16.86 15.91 15.70 15.48 15.48 18.98 19.13 21.53 20.44 21.53 21.83 25.26 23.87 22.41 20.22 21.39 16.72 20.08 16.72 15.55
9.13 8.69 8.83 8.47 7.08 7.30 6.86 7.88 8.47 10.07 11.10 11.39 11.17 13.14 12.19 15.33 17.59 17.37 17.37 16.64 14.09 10.29 8.10 8.76 6.28 7.08 5.69 5.04 8.83 8.40 13.58 15.04 14.75 15.70 14.75 13.14 14.67 14.16 13.87 13.80 15.77 16.64 16.64 16.64 15.33 15.26 13.87 13.43 12.78 12.99 13.72 13.80 14.09 15.70 20.44 23.07 22.78 21.53 14.02 7.74 7.45 7.23 10.88 14.31 13.21 15.70 15.04 16.06 16.06 17.67 18.10 18.98 19.27 19.86 18.83 22.12 20.51 8.10 4.74 12.19 20.95 20.00 20.29 17.81
9.13 9.20 9.20 9.34 7.88 5.62 6.42 4.67 6.86 4.09 5.77 5.33 7.15 9.71 11.46 10.88 13.51 14.24 14.24 13.65 11.83 11.10 9.27 8.91 8.91 9.78 8.54 8.54 9.42 13.21 12.63 15.48 16.43 14.24 14.89 13.14 14.16 13.65 15.55 16.94 16.72 16.64 15.33 15.33 15.77 15.11 15.91 14.82 15.40 13.65 14.24 14.16 14.45 16.79 18.40 18.18 17.96 13.51 14.53 8.98 7.15 10.29 9.78 10.07 9.64 13.87 15.77 17.81 17.81 17.59 17.52 18.03 17.59 18.61 21.39 21.68 9.86 5.84 6.94 14.31 14.31 16.06 16.35 18.91
9.13 9.20 9.20 9.34 7.88 5.62 6.42 4.67 6.86 4.09 5.77 5.33 7.15 9.71 11.46 10.88 13.51 14.24 14.24 13.65 11.83 11.10 9.27 8.91 8.91 9.78 8.54 8.54 9.42 13.21 12.63 15.48 16.43 14.24 14.89 13.14 14.16 13.65 15.55 16.94 16.72 16.64 15.33 15.33 15.77 15.11 15.91 14.82 15.40 13.65 14.24 14.16 14.45 16.79 18.40 18.18 17.96 13.51 14.53 8.98 7.15 10.29 9.78 10.07 9.64 13.87 15.77 17.81 17.81 17.59 17.52 18.03 17.59 18.61 21.39 21.68 9.86 5.84 6.94 14.31 14.31 16.06 16.35 18.91
7.45 8.10 8.25 8.47 8.47 8.76 5.62 2.48 2.34 2.12 3.65 5.48 7.23 10.00 9.42 9.56 12.19 12.70 12.70 11.75 11.90 11.17 8.91 9.34 10.44 9.78 9.49 11.75 11.46 11.97 14.89 17.89 17.81 18.18 12.99 13.51 13.51 15.84 14.97 15.55 15.33 16.72 15.26 15.26 15.33 15.18 16.50 16.35 14.67 15.04 14.97 15.26 15.33 16.28 17.74 17.08 17.30 14.45 12.63 12.26 12.05 11.75 11.68 10.22 13.51 15.11 14.97 16.50 16.50 20.00 21.97 19.71 19.93 21.02 19.93 20.73 13.87 0.00 5.84 10.00 11.90 14.45 10.88 12.12
6.42 7.66 7.96 7.96 8.40 6.42 2.99 3.50 2.34 3.72 4.67 6.57 5.99 8.47 9.34 9.71 12.92 12.34 12.34 13.43 13.07 11.39 11.61 9.56 10.44 12.41 10.73 12.70 15.11 14.24 14.82 18.54 19.35 19.56 17.52 13.43 13.51 12.85 12.41 12.19 13.65 14.24 17.01 17.01 16.06 20.37 17.52 15.18 15.18 18.54 20.81 18.18 19.78 18.18 18.25 18.25 18.98 16.06 14.60 14.31 15.84 22.12 20.51 15.33 16.28 14.60 18.47 20.81 20.81 21.75 22.05 20.59 19.86 19.71 19.35 16.06 12.41 10.66 8.69 6.94 10.73 12.34 12.12 11.32
9.13 8.83 9.71 10.15 11.02 10.51 10.66 6.64 4.02 4.02 4.53 5.11 4.74 7.01 8.25 8.10 7.88 8.83 8.83 11.17 12.34 11.90 10.66 9.49 12.34 13.14 14.38 14.16 15.18 12.12 12.56 12.48 19.20 18.25 18.76 12.85 5.55 3.43 7.15 7.74 10.59 9.64 16.21 16.21 20.29 19.35 19.71 16.06 20.66 19.27 24.09 22.63 20.15 20.88 19.42 20.66 20.44 20.51 22.34 20.22 23.00 21.97 24.31 24.31 21.17 19.20 21.75 23.94 23.94 21.39 16.28 18.10 17.16 18.10 14.60 16.43 13.43 12.34 11.75 10.88 10.88 12.05 13.72 13.65
10.80 10.66 10.15 10.29 10.80 11.39 10.07 10.66 8.10 9.93 8.61 5.84 6.28 7.52 8.76 5.11 6.35 7.15 7.15 9.78 9.64 10.73 10.51 11.32 12.78 12.63 13.80 13.94 12.63 11.32 10.15 10.88 9.71 13.07 12.12 13.94 5.18 1.46 0.00 0.00 7.30 8.25 8.76 8.76 15.77 12.41 12.63 16.57 20.44 18.54 21.32 27.45 25.33 26.43 27.45 27.23 27.38 22.85 20.44 20.88 19.78 20.29 24.09 23.65 24.16 22.34 22.48 20.37 20.37 16.72 17.52 17.37 12.92 15.33 15.99 10.51 10.88 11.97 9.86 10.15 9.27 13.58 13.29 13.14
11.17 10.66 10.00 7.59 7.96 7.59 7.59 10.29 11.61 10.00 12.78 13.43 13.36 11.97 15.62 12.05 8.54 10.73 10.73 8.98 11.39 11.32 12.34 12.56 14.75 14.82 14.24 15.77 15.04 11.17 10.44 7.59 8.91 6.94 7.52 2.41 0.29 0.51 0.00 6.13 4.60 7.59 4.38 4.38 7.15 6.28 7.74 7.23 8.25 7.74 13.72 18.69 23.07 22.05 25.84 25.33 17.52 16.06 16.57 17.23 18.25 18.03 22.48 25.11 24.31 23.58 24.02 23.36 23.36 23.87 16.72 19.64 13.07 11.39 10.44 8.61 7.96 9.93 10.22 6.72 7.30 8.91 7.37 8.98
11.17 10.66 10.00 7.59 7.96 7.59 7.59 10.29 11.61 10.00 12.78 13.43 13.36 11.97 15.62 12.05 8.54 10.73 10.73 8.98 11.39 11.32 12.34 12.56 14.75 14.82 14.24 15.77 15.04 11.17 10.44 7.59 8.91 6.94 7.52 2.41 0.29 0.51 0.00 6.13 4.60 7.59 4.38 4.38 7.15 6.28 7.74 7.23 8.25 7.74 13.72 18.69 23.07 22.05 25.84 25.33 17.52 16.06 16.57 17.23 18.25 18.03 22.48 25.11 24.31 23.58 24.02 23.36 23.36 23.87 16.72 19.64 13.07 11.39 10.44 8.61 7.96 9.93 10.22 6.72 7.30 8.91 7.37 8.98
11.53 9.56 7.37 7.59 7.01 6.57 8.03 9.05 10.66 10.22 11.17 13.51 13.43 15.11 15.11 14.16 12.48 12.99 12.99 12.12 10.88 12.92 13.87 15.40 15.40 15.62 14.97 15.62 16.28 11.39 7.74 6.50 5.26 0.00 0.00 0.00 0.00 0.00 0.00 0.00 4.45 1.68 2.41 2.41 0.00 0.00 0.00 0.00 3.58 4.31 3.80 6.79 12.99 7.45 10.15 13.07 13.07 12.26 12.99 12.99 16.43 16.21 19.56 23.00 25.19 23.73 23.87 25.33 25.33 25.19 25.19 13.80 13.58 14.67 9.64 9.56 7.81 5.77 6.79 5.69 5.99 7.23 6.79 8.61
10.00 10.44 8.54 7.30 8.54 7.81 8.32 7.96 10.15 8.98 10.29 11.39 11.39 12.19 8.98 11.90 12.48 10.73 10.73 11.24 11.17 14.09 14.24 14.90 15.04 16.54 14.38 13.36 13.14 13.51 10.15 6.79 0.00 3.36 0.00 0.00 0.00 0.00 0.22 0.66 0.80 0.00 0.00 0.00 0.00 0.00 0.00 0.00 0.00 0.00 0.00 0.00 5.48 4.89 7.30 8.25 6.64 7.59 11.10 10.07 13.72 15.77 19.71 23.80 21.75 22.70 23.43 24.38 24.38 25.19 25.04 26.06 16.94 17.45 12.92 7.96 6.35 5.62 6.28 6.13 5.77 7.01 7.30 7.88
10.88 10.73 10.59 10.15 9.42 8.32 7.45 9.64 7.81 9.42 9.86 10.37 7.66 7.45 5.77 7.81 9.34 9.13 9.13 13.58 10.44 14.16 14.45 14.68 17.54 13.93 15.22 13.92 15.77 12.56 13.58 8.47 6.35 5.69 6.13 0.22 0.00 0.00 0.22 1.31 0.00 0.07 0.00 0.00 0.00 0.00 0.00 0.00 0.00 0.00 0.00 0.00 0.00 2.34 3.29 4.74 5.11 6.50 10.07 13.14 15.99 15.99 16.86 19.71 18.76 24.16 23.07 22.41 22.41 23.58 24.38 22.34 18.10 16.28 8.98 6.64 7.01 5.99 6.13 7.81 7.59 5.84 8.47 7.59
10.51 10.51 10.73 11.24 12.05 11.39 11.83 10.15 9.27 6.28 2.70 5.26 0.00 0.00 5.55 4.53 7.81 7.59 7.59 8.54 8.10 7.19 11.29 11.21 11.04 14.22 14.60 15.85 15.95 15.72 15.18 13.21 10.73 10.00 9.86 9.86 9.05 3.87 2.12 1.17 0.00 0.00 0.00 0.00 0.00 0.00 0.00 0.00 0.00 0.00 0.00 0.00 0.00 0.00 0.00 3.94 4.53 7.30 11.75 10.88 19.13 17.89 17.16 17.08 18.76 20.00 23.58 26.50 26.50 22.78 22.12 20.88 18.40 16.43 14.53 9.42 9.78 6.50 7.88 9.56 7.45 7.15 8.98 11.17
11.39 11.90 13.14 14.16 12.99 13.87 13.80 14.45 8.76 1.90 3.50 0.00 0.00 0.00 0.00 4.23 6.20 4.96 4.96 7.34 4.65 5.71 7.00 7.52 9.19 8.03 10.39 16.19 17.84 16.37 18.12 16.13 15.55 14.67 14.24 12.56 7.37 8.69 3.65 1.90 0.00 0.15 0.00 0.00 0.00 0.00 0.00 0.00 0.00 0.00 0.00 0.00 0.00 0.00 0.00 0.00 0.00 5.04 7.66 10.66 20.29 22.70 22.56 21.53 26.13 23.58 25.04 25.99 25.99 21.61 20.73 20.22 19.35 16.21 15.04 13.43 12.48 10.22 10.80 11.24 8.91 8.61 8.98 8.54
11.39 11.90 13.14 14.16 12.99 13.87 13.80 14.45 8.76 1.90 3.50 0.00 0.00 0.00 0.00 4.23 6.20 4.96 4.99 7.58 4.72 6.11 6.82 7.71 9.05 8.03 10.07 15.04 16.66 16.62 18.31 16.81 17.47 15.53 14.60 12.56 7.37 8.69 3.65 1.90 0.00 0.15 0.00 0.00 0.00 0.00 0.00 0.00 0.00 0.00 0.00 0.00 0.00 0.00 0.00 0.00 0.00 5.04 7.66 10.66 20.29 22.70 22.56 21.53 26.13 23.58 25.04 25.99 25.99 21.61 20.73 20.22 19.35 16.21 15.04 13.43 12.48 10.22 10.80 11.24 8.91 8.61 8.98 8.54
10.07 11.61 11.83 14.45 9.93 12.12 14.45 13.87 13.72 12.48 6.79 2.77 3.07 0.00 4.74 9.42 9.93 7.45 7.45 15.40 6.28 3.21 0.00 0.00 6.06 7.15 7.82 7.56 15.70 19.74 19.10 20.35 20.71 21.09 17.08 17.47 12.98 7.23 8.40 3.87 0.73 0.00 0.00 0.00 0.00 0.00 0.00 0.00 0.00 0.00 0.00 0.00 0.00 0.00 0.00 0.00 3.21 4.45 9.56 12.26 17.74 24.82 26.28 27.38 30.44 25.70 26.50 26.43 26.43 24.09 22.12 18.54 14.97 15.11 13.07 12.99 9.93 11.46 10.59 11.53 9.34 7.37 7.96 6.79
8.10 4.74 5.18 5.91 5.99 9.93 13.36 9.05 11.02 8.40 5.62 4.96 7.01 6.86 11.32 15.70 13.65 16.06 16.06 10.86 11.10 5.28 0.00 0.00 0.00 0.00 4.31 8.55 7.52 18.51 21.02 21.61 21.75 24.36 24.06 23.28 22.23 19.00 14.89 12.78 6.20 2.92 3.43 3.43 0.29 0.00 0.07 0.00 0.58 0.00 0.00 0.00 0.00 0.00 2.04 3.43 5.33 4.60 9.71 8.47 12.41 15.62 20.81 26.57 29.57 30.30 28.32 27.38 27.38 24.31 20.29 20.66 16.79 18.61 16.94 10.73 13.72 11.10 13.36 10.00 11.17 8.91 11.68 8.54
1.83 3.36 3.29 4.23 5.48 5.77 7.45 7.01 9.20 10.88 6.42 7.01 6.64 5.91 8.47 10.66 13.14 13.94 13.94 10.15 6.20 4.45 4.45 5.40 5.55 0.00 2.48 7.37 12.59 11.45 15.40 24.38 24.97 25.04 26.05 24.84 25.03 24.89 22.41 18.18 15.91 9.56 11.24 11.24 2.77 0.00 0.00 0.00 0.00 0.00 2.41 0.00 0.00 0.00 1.68 1.97 3.43 10.37 10.44 12.12 14.97 18.83 21.46 29.78 28.47 30.66 27.08 28.91 28.91 26.57 22.19 23.00 21.83 22.63 17.45 18.54 16.50 14.09 17.81 15.11 18.25 18.25 16.43 20.22
1.90 0.00 4.60 5.11 5.04 6.42 7.59 9.71 14.02 12.41 12.85 8.69 13.21 10.59 10.37 8.98 4.89 6.13 6.13 7.08 4.67 7.52 8.47 8.25 10.22 10.95 7.23 6.82 10.95 14.53 16.13 15.84 24.16 20.73 25.04 27.89 27.87 26.25 21.90 22.71 19.56 14.09 6.64 6.64 8.40 2.63 0.00 0.07 0.88 0.29 0.00 0.00 0.00 0.00 0.00 3.43 9.56 9.20 12.78 12.85 10.88 16.43 14.89 28.98 16.72 21.68 25.33 20.22 20.22 20.29 20.95 17.89 23.07 20.08 22.34 20.15 21.10 20.95 20.44 21.02 20.51 21.75 20.15 20.81
4.74 4.82 6.72 5.91 5.26 10.73 10.66 12.12 12.54 16.86 14.75 15.04 11.97 8.54 9.13 9.93 1.97 0.00 0.00 0.00 3.07 5.11 10.44 12.48 11.97 14.60 13.51 13.57 11.10 13.29 15.99 15.91 16.06 16.06 21.46 23.65 24.89 29.35 26.75 25.31 20.40 19.93 15.70 15.70 17.01 12.78 8.40 9.42 4.74 1.61 1.17 0.00 0.00 0.00 0.00 3.14 3.94 4.23 7.81 10.07 11.61 9.78 10.66 13.29 15.62 9.93 12.05 15.91 15.91 11.02 14.24 9.71 17.16 16.57 18.40 13.58 21.32 21.61 19.49 19.42 20.73 20.88 20.15 15.84
5.99 7.37 9.27 11.24 13.80 13.51 13.87 18.18 14.30 10.66 11.10 12.92 11.75 6.64 1.68 0.00 0.88 0.00 0.00 0.00 5.40 4.31 9.13 14.45 15.84 15.77 16.35 15.84 14.82 13.99 15.89 15.85 15.88 17.23 16.21 19.64 17.45 21.83 21.32 21.90 17.62 15.84 18.69 18.69 18.47 17.81 13.29 9.20 13.36 8.40 4.38 3.72 0.00 0.00 0.00 3.14 3.07 2.48 6.13 9.13 12.78 9.71 8.54 10.29 5.33 7.59 9.13 4.67 4.67 7.88 9.13 6.28 7.81 5.77 9.56 8.18 16.13 12.19 17.01 17.89 20.37 19.93 19.86 15.04
5.99 7.37 9.27 11.24 13.80 13.51 13.87 18.18 13.94 10.66 11.10 12.92 11.75 6.64 1.68 0.00 0.88 0.00 0.00 0.00 5.40 4.31 9.13 14.45 15.84 15.77 16.35 15.84 14.60 13.51 15.33 15.77 15.40 17.23 16.29 19.74 17.45 21.72 21.53 21.90 17.45 15.84 18.69 18.69 18.47 17.81 13.29 9.20 13.36 8.40 4.38 3.72 0.00 0.00 0.00 3.14 3.07 2.48 6.13 9.13 12.78 9.71 8.54 10.29 5.33 7.59 9.13 4.67 4.67 7.88 9.13 6.28 7.81 5.77 9.56 8.18 16.13 12.19 17.01 17.89 20.37 19.93 19.86 15.04
11.10 9.42 10.37 8.32 14.67 14.75 18.18 15.71 14.23 11.24 8.76 8.83 7.37 2.12 1.17 0.00 0.00 0.00 0.00 0.00 2.56 7.66 10.73 9.20 15.48 17.52 16.28 16.94 13.94 14.53 14.38 16.35 15.33 14.38 15.26 15.26 14.09 15.33 17.46 14.16 14.97 12.12 14.09 14.09 17.59 14.67 15.77 16.13 16.21 12.48 6.57 0.00 3.21 0.00 0.00 4.31 6.20 4.82 6.57 5.40 11.90 8.03 7.81 5.18 4.45 0.00 0.00 4.23 4.23 0.00 3.36 0.00 0.00 0.00 5.18 5.55 9.78 8.47 14.16 17.37 20.59 17.37 17.45 15.26
