Wansh/Snow_depth/snowdepth-1992/winter/1993020.txt
ncols 321
nrows 161
xllcenter 60
yllcenter 15 
cellsize  0.25 
NODATA_value -1
[rows 0 to 36 of 161, columns 0 to 83 of 321]
3.80 3.80 5.55 10.88 12.26 13.51 12.70 14.67 17.30 17.37 17.37 17.23 18.18 17.23 18.40 16.28 16.21 17.08 16.06 16.06 14.38 15.04 15.77 15.11 13.14 13.65 13.65 13.51 13.14 12.92 11.83 11.53 11.97 12.48 12.70 12.70 12.41 12.48 14.09 16.35 15.70 16.94 16.13 16.43 17.01 17.45 17.81 18.69 18.40 20.88 21.10 21.10 21.32 19.93 18.91 20.29 23.43 23.00 22.70 22.27 22.34 21.02 21.53 20.66 20.88 20.95 20.59 18.32 18.69 17.37 14.38 16.50 15.70 19.78 21.75 21.46 21.46 22.48 21.68 21.61 20.88 21.24 19.42 19.56
11.24 11.24 11.17 11.75 13.14 14.97 16.57 15.99 17.16 17.30 17.30 17.30 18.54 17.59 17.52 17.89 17.08 17.16 17.08 16.35 16.79 16.72 14.09 14.82 13.14 12.34 12.34 12.19 12.34 10.07 10.51 11.10 13.07 12.78 14.09 15.04 13.36 14.31 17.23 16.57 17.37 17.30 16.50 16.64 16.57 17.74 17.96 18.25 20.88 20.37 21.83 21.83 20.95 21.32 20.08 21.02 20.95 21.10 19.35 19.27 17.74 16.86 17.23 15.48 13.43 14.75 14.45 13.43 13.65 12.99 12.99 14.16 17.67 17.01 17.67 18.54 18.54 20.15 21.39 20.51 20.15 20.44 19.86 19.35
12.78 12.78 13.58 13.72 13.94 14.97 15.99 16.21 16.94 16.86 17.01 17.37 17.37 17.01 17.59 17.37 17.23 16.35 16.64 16.50 15.91 13.94 14.60 12.48 11.17 11.32 11.32 9.78 9.78 9.86 11.17 12.63 12.12 14.75 14.24 15.33 15.18 14.89 16.43 17.16 17.37 16.28 16.35 16.35 17.52 18.32 18.10 18.40 18.10 19.49 16.79 16.79 17.01 16.28 16.28 19.05 15.33 18.10 17.08 15.99 15.84 16.50 13.51 15.18 13.07 11.61 11.39 11.24 10.88 12.26 12.19 13.14 15.84 15.40 16.43 15.04 15.04 16.86 16.50 17.74 16.79 19.13 18.98 16.86
12.78 12.78 13.58 13.72 13.94 14.97 15.99 16.21 16.94 16.86 17.01 17.37 17.37 17.01 17.59 17.37 17.23 16.35 16.64 16.50 15.91 13.94 14.60 12.48 11.17 11.32 11.32 9.78 9.78 9.86 11.17 12.63 12.12 14.75 14.24 15.33 15.18 14.89 16.43 17.16 17.37 16.28 16.35 16.35 17.52 18.32 18.10 18.40 18.10 19.49 16.79 16.79 17.01 16.28 16.28 19.05 15.33 18.10 17.08 15.99 15.84 16.50 13.51 15.18 13.07 11.61 11.39 11.24 10.88 12.26 12.19 13.14 15.84 15.40 16.43 15.04 15.04 16.86 16.50 17.74 16.79 19.13 18.98 16.86
14.75 14.75 13.43 14.45 15.62 16.13 16.35 16.79 17.59 17.81 17.96 17.45 17.16 17.16 17.08 16.72 15.84 16.28 15.18 13.07 14.60 13.21 11.46 11.53 11.02 9.78 9.78 10.07 9.64 10.15 9.71 13.14 15.26 14.75 16.06 16.06 14.89 14.24 14.45 14.09 14.02 15.77 15.18 15.91 15.70 14.60 12.48 12.78 12.26 16.43 14.24 14.24 13.58 13.07 14.53 13.94 14.09 12.34 10.15 11.32 11.10 12.85 12.92 11.90 11.39 11.61 10.95 10.88 9.78 10.59 10.37 11.32 11.17 12.12 14.16 13.58 13.58 14.16 13.80 14.97 15.11 15.70 14.67 14.09
16.35 16.35 18.54 18.10 16.64 17.37 19.20 18.76 19.20 18.83 18.47 18.98 17.01 16.50 15.48 15.62 15.99 14.67 14.82 13.14 11.10 11.68 10.95 10.66 10.66 10.73 10.73 9.27 9.64 9.78 10.80 9.93 12.99 15.99 15.99 15.70 15.11 15.26 14.16 14.31 13.72 12.92 13.14 12.41 13.36 13.65 11.39 10.29 10.15 9.05 7.96 7.96 8.10 7.37 8.98 8.54 8.83 8.76 9.64 8.32 8.18 7.96 9.05 9.86 9.86 9.56 9.49 9.42 8.98 9.78 8.98 9.49 9.86 11.90 13.43 13.14 13.14 13.87 14.02 14.67 14.53 14.53 14.16 13.58
18.10 18.10 17.81 18.03 18.83 19.42 18.83 20.37 20.08 19.86 18.91 17.23 16.13 16.13 15.04 15.33 15.55 14.89 14.24 14.38 11.32 11.83 11.75 10.51 11.68 11.61 11.61 8.69 7.96 7.52 10.29 12.34 12.05 12.70 14.89 14.60 15.26 14.97 15.04 13.72 12.05 12.48 10.80 9.34 9.56 8.32 8.61 8.61 8.54 8.83 6.86 6.86 5.55 5.69 6.72 7.66 7.52 7.74 8.47 8.40 7.88 7.96 7.88 8.61 8.69 7.37 7.88 7.81 7.96 7.81 7.96 8.03 9.13 9.71 12.05 11.61 11.61 12.92 12.41 13.80 12.41 13.36 13.94 12.85
18.10 18.10 17.81 18.03 18.83 19.42 18.83 20.37 20.08 19.86 18.91 17.23 16.13 16.13 15.04 15.33 15.55 14.89 14.24 14.38 11.32 11.83 11.75 10.51 11.68 11.61 11.61 8.69 7.96 7.52 10.29 12.34 12.05 12.70 14.89 14.60 15.26 14.97 15.04 13.72 12.05 12.48 10.80 9.34 9.56 8.32 8.61 8.61 8.54 8.83 6.86 6.86 5.55 5.69 6.72 7.66 7.52 7.74 8.47 8.40 7.88 7.96 7.88 8.61 8.69 7.37 7.88 7.81 7.96 7.81 7.96 8.03 9.13 9.71 12.05 11.61 11.61 12.92 12.41 13.80 12.41 13.36 13.94 12.85
18.25 18.25 19.05 19.05 18.98 18.98 19.42 19.86 19.42 19.78 17.59 16.94 15.91 16.13 16.79 16.35 16.50 16.50 14.67 12.70 12.99 12.34 12.56 12.19 12.19 9.20 9.20 9.71 6.72 8.83 7.66 11.32 12.19 12.26 12.12 13.29 14.97 15.40 14.16 14.45 12.56 10.66 8.98 8.18 7.37 7.52 7.52 7.74 7.66 7.23 5.48 5.48 5.99 0.00 4.16 3.72 5.62 6.13 5.84 7.74 8.69 8.91 8.83 8.40 7.45 7.96 7.45 8.10 7.88 7.74 8.54 8.69 10.15 10.00 9.86 10.15 10.15 10.00 7.15 10.00 13.29 9.20 10.80 12.34
17.59 17.59 18.83 18.61 19.64 19.42 19.42 19.20 17.01 16.86 16.79 16.86 17.89 18.25 17.96 17.59 15.84 14.67 14.97 13.14 12.85 12.26 12.26 9.56 11.61 8.91 8.91 5.91 6.20 7.66 10.88 10.15 13.43 12.34 12.26 12.41 13.58 12.99 14.38 13.43 13.51 12.12 9.42 10.59 8.76 8.98 6.79 7.01 6.86 6.94 6.06 6.06 4.16 4.74 3.58 5.33 4.89 5.77 7.52 7.01 8.91 9.56 8.98 9.78 9.42 8.69 8.25 8.32 7.59 8.40 9.13 10.37 10.07 10.22 10.29 9.42 9.42 6.86 6.72 11.02 6.06 7.88 9.71 9.93
17.45 17.45 17.52 17.59 19.20 16.28 17.01 16.64 16.94 17.30 17.81 18.54 17.96 19.05 16.64 17.08 15.62 14.97 13.80 13.43 12.78 10.73 8.98 9.27 7.30 7.81 7.81 6.50 9.20 9.05 10.66 14.24 13.72 14.16 11.46 13.72 13.07 14.53 14.60 14.31 14.53 14.09 11.90 10.73 10.88 10.15 9.49 8.18 8.91 6.13 5.40 5.40 5.48 5.99 5.77 5.91 6.50 6.94 8.18 7.96 8.98 9.05 9.13 8.83 9.49 8.69 7.81 7.66 8.03 9.13 9.93 9.64 9.93 9.93 9.20 9.49 9.49 8.18 6.79 6.50 8.03 8.98 8.83 9.27
17.45 17.45 17.52 17.59 19.20 16.28 17.01 16.64 16.94 17.30 17.81 18.54 17.96 19.05 16.64 17.08 15.62 14.97 13.80 13.43 12.78 10.73 8.98 9.27 7.30 7.81 7.81 6.50 9.20 9.05 10.66 14.24 13.72 14.16 11.46 13.72 13.07 14.53 14.60 14.31 14.53 14.09 11.90 10.73 10.88 10.15 9.49 8.18 8.91 6.13 5.40 5.40 5.48 5.99 5.77 5.91 6.50 6.94 8.18 7.96 8.98 9.05 9.13 8.83 9.49 8.69 7.81 7.66 8.03 9.13 9.93 9.64 9.93 9.93 9.20 9.49 9.49 8.18 6.79 6.50 8.03 8.98 8.83 9.27
16.86 16.86 16.43 16.72 15.91 16.06 17.23 16.57 18.03 17.74 18.18 19.49 18.69 19.27 16.13 15.62 15.33 15.18 13.07 11.53 13.14 10.37 9.34 7.30 7.37 10.29 10.29 9.78 10.73 13.80 13.29 13.21 13.80 11.02 11.32 11.53 12.34 13.65 13.58 13.87 13.80 13.51 12.92 13.21 12.19 10.80 10.95 9.34 6.50 7.01 6.20 6.20 7.01 6.79 7.23 6.42 6.57 6.94 7.52 7.45 8.47 7.66 6.28 7.30 8.32 8.18 8.40 9.71 9.20 8.69 9.86 10.44 10.15 9.42 9.49 7.74 7.74 9.20 7.81 9.27 8.76 9.05 8.83 9.05
16.50 16.50 16.94 16.35 16.06 15.48 15.40 16.28 18.25 18.76 18.98 19.27 16.79 15.33 15.55 14.97 12.92 11.17 12.48 11.46 12.05 9.93 10.22 10.51 11.46 11.10 11.10 12.48 13.80 13.58 12.70 11.32 11.24 10.37 10.66 10.00 11.17 8.69 9.20 10.66 12.41 12.12 12.70 11.97 11.97 11.17 8.18 7.37 7.37 7.23 7.59 7.59 7.15 7.74 6.06 6.13 6.06 6.35 6.72 6.13 7.30 6.42 6.64 6.13 7.59 8.25 9.27 8.83 10.22 10.44 10.51 10.44 10.73 10.37 10.51 9.05 9.05 7.59 7.74 8.32 8.18 8.61 7.66 6.13
16.43 16.43 16.64 16.57 16.64 15.91 15.91 16.28 16.21 17.74 15.99 15.91 16.28 14.67 12.85 12.99 12.34 11.10 10.88 10.73 12.34 11.32 11.10 10.95 10.22 11.61 11.61 11.32 11.53 10.66 11.90 10.95 9.05 9.20 7.52 9.34 9.20 8.61 8.25 8.25 8.98 10.51 10.88 11.68 10.88 8.83 9.42 7.74 7.74 7.74 7.96 7.96 8.98 8.91 7.15 6.50 6.86 6.86 7.01 8.83 9.71 9.20 8.54 8.25 8.32 8.32 8.61 8.25 9.20 9.42 9.49 10.59 10.37 10.95 8.76 8.18 8.18 8.32 8.69 8.10 7.15 6.35 6.50 6.79
15.04 15.04 16.57 16.64 16.79 16.43 14.16 15.33 15.11 13.94 14.97 13.51 10.00 10.00 11.02 8.69 8.83 9.05 8.69 11.46 11.32 10.59 9.86 9.78 9.93 9.49 9.49 10.88 10.66 10.15 8.25 8.32 7.88 6.42 6.64 6.64 8.40 7.45 8.32 9.13 10.37 10.07 10.66 9.34 9.64 8.83 8.47 7.45 7.66 7.59 8.76 8.76 8.83 8.76 7.01 5.91 5.91 7.08 9.20 8.83 10.07 10.00 9.34 8.10 8.40 9.42 8.91 8.54 8.76 9.42 8.76 9.56 9.42 9.56 10.95 10.22 10.22 9.49 9.05 7.08 7.45 6.57 6.64 6.79
15.04 15.04 16.57 16.64 16.79 16.43 14.16 15.33 15.11 13.94 14.97 13.51 10.00 10.00 11.02 8.69 8.83 9.05 8.69 11.46 11.32 10.59 9.86 9.78 9.93 9.49 9.49 10.88 10.66 10.15 8.25 8.32 7.88 6.42 6.64 6.64 8.40 7.45 8.32 9.13 10.37 10.07 10.66 9.34 9.64 8.83 8.47 7.45 7.66 7.59 8.76 8.76 8.83 8.76 7.01 5.91 5.91 7.08 9.20 8.83 10.07 10.00 9.34 8.10 8.40 9.42 8.91 8.54 8.76 9.42 8.76 9.56 9.42 9.56 10.95 10.22 10.22 9.49 9.05 7.08 7.45 6.57 6.64 6.79
14.31 14.31 16.13 14.24 12.63 13.21 13.36 12.12 12.41 12.48 9.05 9.20 8.18 6.72 6.79 7.37 6.86 8.10 8.03 7.30 9.64 8.54 7.81 7.23 9.93 9.42 9.42 10.15 9.13 9.42 7.52 4.60 5.18 5.04 7.01 7.08 7.37 4.74 5.84 5.33 8.40 10.59 10.59 9.78 9.20 9.27 8.76 8.47 7.88 7.74 8.32 8.32 8.61 8.76 7.66 6.20 6.86 6.64 8.47 10.15 9.71 8.91 9.20 8.03 7.45 8.69 8.83 7.96 8.03 8.98 9.05 7.15 8.47 9.34 10.80 7.23 7.23 8.32 8.54 7.37 6.13 6.28 5.18 4.96
14.75 14.75 14.97 14.02 12.85 13.07 13.14 13.07 12.99 10.37 8.18 7.23 7.96 5.69 5.48 6.28 6.13 6.35 6.64 6.20 6.13 6.94 6.50 5.84 7.08 9.64 9.64 9.56 8.18 6.86 8.10 4.53 3.07 0.00 0.00 0.00 0.00 0.00 3.80 7.45 6.72 9.56 10.22 11.17 10.00 11.53 11.24 11.32 8.69 8.69 8.61 8.61 8.61 8.03 8.10 9.27 8.98 9.56 9.93 9.86 10.00 9.78 9.86 6.94 6.35 5.91 7.23 7.96 7.74 7.88 8.10 6.35 7.45 6.50 8.69 5.69 5.69 7.15 7.15 7.15 7.23 5.99 4.67 4.74
13.87 13.87 14.60 14.60 14.60 13.94 14.45 12.05 10.07 10.73 8.54 7.88 6.94 6.13 6.20 7.45 6.64 6.28 4.53 5.11 5.48 2.77 4.60 5.77 5.18 5.91 5.91 7.96 8.03 7.15 5.55 0.00 0.00 0.00 0.00 0.00 0.00 4.82 0.00 6.06 9.20 10.37 10.15 11.53 11.32 11.24 11.97 9.86 8.91 8.98 8.25 8.25 8.18 8.32 8.25 8.83 10.22 10.51 10.37 10.44 9.64 9.78 10.15 9.42 9.64 7.23 5.33 5.55 5.48 4.82 6.20 6.64 7.59 7.30 7.81 6.50 6.50 5.99 7.45 8.76 8.83 5.91 4.74 6.94
15.26 15.26 15.04 15.18 14.89 13.07 13.80 11.02 6.50 7.74 7.30 7.96 6.35 8.25 7.59 6.35 5.18 2.77 2.70 2.63 2.77 2.41 3.65 4.74 4.89 4.53 4.53 6.86 7.37 7.52 6.50 5.11 4.31 0.00 0.00 4.09 4.02 5.55 7.74 9.13 8.98 9.56 10.59 11.02 11.24 11.10 11.10 10.15 7.45 7.45 8.69 8.69 7.23 9.05 9.56 10.37 10.07 10.37 10.51 10.00 9.64 9.49 9.42 9.93 9.13 7.23 6.79 6.79 3.50 4.16 6.28 6.57 6.42 6.50 6.13 7.08 7.08 6.20 9.05 8.98 8.54 7.74 6.64 7.08
14.60 14.60 14.53 15.18 13.51 11.75 7.74 8.03 5.55 4.74 4.67 4.09 5.84 5.11 3.58 4.31 0.00 2.12 2.26 1.90 2.85 4.60 5.11 4.96 4.60 7.23 7.23 6.72 7.81 7.08 6.79 7.23 5.69 7.15 7.08 6.13 6.13 6.06 7.45 9.05 9.34 9.27 8.91 8.76 8.98 8.83 10.07 9.42 9.93 9.20 8.83 8.83 9.64 10.29 10.37 10.29 10.66 10.22 10.07 10.00 9.78 9.56 9.27 8.83 7.96 8.10 8.10 7.88 4.53 5.62 5.26 6.35 6.13 6.06 5.99 7.15 7.15 8.98 8.83 8.47 8.83 7.01 6.42 4.89
14.60 14.60 14.53 15.18 13.51 11.75 7.74 8.03 5.55 4.74 4.67 4.09 5.84 5.11 3.58 4.31 0.00 2.12 2.26 1.90 2.85 4.60 5.11 4.96 4.60 7.23 7.23 6.72 7.81 7.08 6.79 7.23 5.69 7.15 7.08 6.13 6.13 6.06 7.45 9.05 9.34 9.27 8.91 8.76 8.98 8.83 10.07 9.42 9.93 9.20 8.83 8.83 9.64 10.29 10.37 10.29 10.66 10.22 10.07 10.00 9.78 9.56 9.27 8.83 7.96 8.10 8.10 7.88 4.53 5.62 5.26 6.35 6.13 6.06 5.99 7.15 7.15 8.98 8.83 8.47 8.83 7.01 6.42 4.89
11.90 11.90 11.90 11.90 12.19 8.54 7.66 4.89 5.69 2.92 3.80 3.72 3.80 4.09 0.00 0.00 0.00 0.00 0.00 0.00 0.00 0.00 4.60 5.04 4.89 6.50 6.50 7.96 8.98 8.69 10.22 8.47 8.69 8.32 8.18 7.08 7.15 8.69 9.42 8.83 8.83 8.03 8.03 7.96 8.32 9.42 9.05 10.59 11.10 11.90 12.56 12.56 11.39 11.24 12.05 11.68 10.88 10.80 10.88 11.68 10.07 10.29 10.15 11.83 10.73 8.69 11.10 9.34 6.86 8.03 6.94 8.32 7.01 7.45 6.79 6.50 6.50 8.25 8.25 8.10 7.52 6.57 5.84 4.74
11.46 11.46 10.51 7.59 7.23 7.52 8.10 4.45 2.99 3.29 0.00 2.92 0.00 0.00 0.00 0.00 0.00 0.00 2.34 0.00 3.72 3.36 3.65 4.53 5.62 5.55 5.55 6.64 8.83 10.37 9.86 9.27 7.45 8.54 8.25 7.45 8.69 8.18 10.22 9.49 9.05 8.91 9.42 9.78 9.34 9.27 9.93 10.95 13.14 12.85 12.99 12.99 12.85 12.85 12.85 12.63 13.43 13.58 13.29 12.34 12.70 12.70 12.34 12.85 14.89 12.41 11.61 12.26 10.15 8.32 9.34 9.78 7.96 8.98 7.30 8.61 8.61 8.76 7.96 7.15 7.59 7.66 6.64 5.26
10.44 10.44 6.72 5.48 5.33 2.56 3.21 3.21 3.36 0.00 0.00 0.00 0.00 0.00 0.00 0.00 0.00 0.00 0.00 0.00 2.48 4.09 5.11 4.67 5.55 4.89 4.89 4.45 6.79 8.47 8.18 8.32 5.99 5.26 8.03 7.96 8.83 10.00 9.93 9.56 9.13 10.07 9.93 10.22 9.20 9.93 9.56 10.59 12.19 12.41 12.26 12.26 12.48 12.99 13.87 14.31 14.24 14.09 14.31 13.87 13.51 12.70 12.34 15.26 14.75 14.82 13.65 12.41 11.97 12.26 11.46 11.32 10.29 9.78 12.70 9.93 9.93 8.61 9.20 7.88 6.13 6.57 7.37 7.66
5.04 5.04 5.33 3.72 1.10 1.17 2.56 3.43 0.00 0.00 0.00 0.00 0.00 0.00 0.00 0.00 0.00 0.00 0.00 0.00 3.72 3.43 0.00 0.00 3.94 0.00 0.00 5.77 6.50 7.23 6.64 5.04 5.55 4.31 6.86 8.83 8.61 9.27 9.49 9.13 8.98 9.86 9.49 9.05 9.05 9.05 9.93 9.42 9.86 9.93 10.00 10.00 11.32 13.65 12.92 14.60 14.60 14.09 13.58 13.14 12.78 12.26 13.87 14.53 15.70 15.26 13.65 13.51 13.14 13.14 12.19 11.97 13.21 13.29 13.36 11.97 11.97 9.86 8.69 7.66 5.91 8.25 9.13 9.64
5.04 5.04 4.45 2.04 2.56 0.95 0.00 0.00 4.16 0.00 0.00 0.00 0.00 0.00 0.00 0.00 0.00 0.00 0.00 0.00 0.00 0.00 0.00 0.00 0.00 0.00 0.00 5.33 5.99 4.38 4.89 0.00 2.19 5.40 4.60 7.96 9.20 9.27 9.49 8.91 8.25 7.52 7.52 7.74 8.25 8.10 8.32 8.91 9.49 9.56 9.49 9.49 9.78 9.86 12.05 13.07 14.31 13.14 13.14 11.75 12.70 14.60 13.51 14.16 15.84 15.33 15.84 14.24 11.68 11.39 11.53 12.56 11.90 12.41 10.73 10.51 10.51 11.83 10.15 10.00 7.96 9.13 10.00 10.44
5.04 5.04 4.45 2.04 2.56 0.95 0.00 0.00 4.16 0.00 0.00 0.00 0.00 0.00 0.00 0.00 0.00 0.00 0.00 0.00 0.00 0.00 0.00 0.00 0.00 0.00 0.00 5.33 5.99 4.38 4.89 0.00 2.19 5.40 4.60 7.96 9.20 9.27 9.49 8.91 8.25 7.52 7.52 7.74 8.25 8.10 8.32 8.91 9.49 9.56 9.49 9.49 9.78 9.86 12.05 13.07 14.31 13.14 13.14 11.75 12.70 14.60 13.51 14.16 15.84 15.33 15.84 14.24 11.68 11.39 11.53 12.56 11.90 12.41 10.73 10.51 10.51 11.83 10.15 10.00 7.96 9.13 10.00 10.44
0.00 0.00 0.00 0.00 0.00 4.31 4.53 3.94 0.00 0.00 0.00 0.00 0.00 0.00 0.00 0.00 0.00 0.00 0.00 0.00 0.00 0.00 0.00 0.00 0.00 4.38 4.38 5.04 5.33 3.43 0.00 0.00 0.00 4.09 7.23 6.50 9.34 9.27 8.18 8.25 7.74 5.69 6.50 6.50 6.79 6.64 7.15 8.91 8.61 9.34 10.22 10.22 9.49 10.80 12.05 11.97 12.70 12.99 12.85 11.75 13.43 14.60 14.09 14.24 14.09 13.94 11.53 10.80 11.53 11.02 9.20 9.78 10.15 8.10 9.71 9.49 9.49 10.37 10.59 11.75 10.37 9.49 10.29 11.24
0.00 0.00 0.00 0.00 0.00 5.91 0.00 0.00 0.00 0.00 0.00 0.00 0.00 0.00 0.00 0.00 0.00 0.00 0.00 0.00 0.00 0.00 0.00 0.00 0.00 3.14 3.14 2.12 1.39 3.29 0.00 0.00 2.56 2.12 5.26 7.59 7.59 8.40 8.25 7.59 5.26 6.20 6.42 7.01 4.96 4.67 4.60 6.50 8.40 9.49 10.15 10.15 10.37 9.49 10.88 12.48 11.97 11.46 12.70 10.44 10.29 13.29 10.59 11.10 10.59 12.19 9.13 9.86 8.69 8.61 8.40 6.64 6.79 6.79 8.32 7.66 7.66 6.13 11.24 8.98 7.74 7.88 9.27 9.56
0.00 0.00 0.00 0.00 0.00 0.00 0.00 0.00 0.00 0.00 0.00 0.00 0.00 0.00 0.00 0.00 0.00 0.00 0.00 0.00 0.00 0.00 0.00 0.00 0.00 0.00 0.00 0.00 0.00 0.00 1.17 1.39 1.97 4.38 3.87 6.20 6.79 5.48 5.33 5.48 5.11 3.29 3.36 3.43 4.82 4.74 6.42 7.66 7.59 7.59 7.52 7.52 9.64 10.80 11.61 10.66 10.22 11.61 11.61 7.30 8.25 8.03 6.79 8.69 7.30 7.08 9.78 8.69 7.52 7.15 7.52 6.64 7.01 7.37 5.99 6.42 6.42 5.11 7.30 6.64 6.42 7.08 5.40 4.53
0.00 0.00 0.00 0.00 0.00 0.00 0.00 0.00 0.00 0.00 0.00 0.00 0.00 0.00 0.00 0.00 0.00 0.00 0.00 0.00 0.00 0.00 0.00 0.00 0.00 0.00 0.00 0.00 0.00 0.00 0.00 0.00 0.22 2.99 4.82 5.11 5.18 4.96 4.02 3.43 3.72 2.92 1.97 3.21 4.45 4.02 5.26 7.45 5.91 6.28 7.88 7.88 7.23 9.49 10.22 9.78 8.83 4.89 7.52 6.79 2.48 3.58 1.53 3.07 6.28 3.21 6.79 6.20 6.13 4.67 6.86 6.50 6.86 6.06 3.14 4.60 4.60 4.60 5.77 6.13 5.48 5.26 2.19 2.85
0.00 0.00 0.00 0.00 0.00 0.00 0.00 0.00 0.00 0.00 0.00 0.00 0.00 0.00 0.00 0.00 0.00 0.00 0.00 0.00 0.00 0.00 0.00 0.00 0.00 0.00 0.00 0.00 0.00 0.00 0.00 0.00 0.00 0.00 0.00 1.97 2.92 4.89 4.45 3.14 2.04 0.07 1.46 2.41 3.43 4.82 5.26 6.35 6.28 6.64 7.74 7.74 8.25 9.05 8.47 4.96 1.97 2.12 0.00 0.00 0.00 0.22 0.07 0.15 0.88 2.70 4.02 3.80 5.26 2.63 3.07 2.34 2.19 4.89 2.19 2.77 2.77 5.04 2.70 3.43 3.65 2.56 0.80 1.53
0.00 0.00 0.00 0.00 0.00 0.00 0.00 0.00 0.00 0.00 0.00 0.00 0.00 0.00 0.00 0.00 0.00 0.00 0.00 0.00 0.00 0.00 0.00 0.00 0.00 0.00 0.00 0.00 0.00 0.00 0.00 0.00 0.00 0.00 1.39 0.37 2.19 2.56 1.61 0.73 1.17 0.44 2.04 3.36 4.31 4.02 5.04 5.11 8.91 9.20 8.69 8.69 8.76 8.32 1.46 4.45 1.46 0.00 0.00 0.00 0.00 0.73 2.19 1.53 2.12 2.41 2.34 0.00 0.00 0.00 0.00 1.39 3.29 2.19 1.90 5.55 5.55 2.04 7.45 6.06 6.42 5.48 9.05 7.23
0.00 0.00 0.00 0.00 0.00 0.00 0.00 0.00 0.00 0.00 0.00 0.00 0.00 0.00 0.00 0.00 0.00 0.00 0.00 0.00 0.00 0.00 0.00 0.00 0.00 0.00 0.00 0.00 0.00 0.00 0.00 0.00 0.00 0.00 1.39 0.37 2.19 2.56 1.61 0.73 1.17 0.44 2.04 3.36 4.31 4.02 5.04 5.11 8.91 9.20 8.69 8.69 8.76 8.32 1.46 4.45 1.46 0.00 0.00 0.00 0.00 0.73 2.19 1.53 2.12 2.41 2.34 0.00 0.00 0.00 0.00 1.39 3.29 2.19 1.90 5.55 5.55 2.04 7.45 6.06 6.42 5.48 9.05 7.23
0.00 0.00 0.00 0.00 0.00 0.00 0.00 0.00 0.00 5.04 0.00 6.50 0.00 0.00 0.00 0.00 0.00 0.00 0.00 0.00 0.00 0.00 0.00 0.00 0.00 0.00 0.00 0.00 0.00 0.00 0.00 0.00 0.00 0.00 0.29 2.19 2.41 2.48 1.68 0.80 1.24 1.02 2.26 3.58 4.60 5.99 7.66 10.15 10.29 10.00 9.42 9.42 7.96 5.18 0.73 0.00 0.00 0.00 0.00 4.38 5.33 6.35 0.58 2.77 1.46 1.83 0.44 0.00 0.22 0.73 0.07 1.02 4.09 5.84 8.69 8.18 8.18 7.08 8.40 7.81 7.45 7.96 11.61 10.29
