Wansh/Snow_depth/snowdepth-1992/winter/1993013.txt
ncols 321
nrows 161
xllcenter 60
yllcenter 15 
cellsize  0.25 
NODATA_value -1
[rows 0 to 36 of 161, columns 84 to 167 of 321]
18.98 20.15 20.15 20.15 17.96 17.96 17.23 12.78 10.44 11.75 11.24 13.94 15.33 15.62 16.64 15.33 15.04 17.37 17.37 16.86 17.08 15.18 15.33 2.85 1.61 1.61 1.61 1.46 1.39 2.12 1.68 4.16 9.56 8.61 12.48 12.56 13.87 17.16 17.16 18.76 18.03 8.40 6.79 6.79 4.53 5.33 2.34 6.20 5.33 6.86 6.28 9.05 7.08 9.49 10.07 11.24 8.25 8.25 7.59 5.84 5.91 4.02 4.96 2.92 2.99 5.18 3.58 4.67 4.67 7.30 6.79 10.80 12.92 12.70 10.29 10.59 12.63 14.45 11.97 14.02 12.92 13.07 12.56 11.39
17.59 17.96 17.52 16.86 13.58 11.53 11.39 10.88 11.97 17.23 13.80 14.75 12.48 10.73 11.02 10.73 13.14 10.59 10.59 13.21 17.01 16.43 16.64 14.09 9.20 4.38 8.10 3.43 1.61 1.97 2.41 4.53 3.94 6.50 8.10 6.79 8.98 9.27 9.86 10.07 9.86 9.34 9.86 9.86 13.29 10.59 8.32 9.20 5.55 4.67 3.94 3.72 5.62 3.36 4.96 4.53 7.08 7.74 7.30 7.52 9.13 6.57 6.57 9.56 6.64 6.64 9.56 5.11 5.11 8.69 11.17 10.95 11.90 12.70 12.41 13.65 13.43 14.97 15.48 15.62 12.99 13.72 13.80 13.80
17.37 13.43 12.05 12.78 10.59 11.83 16.21 18.32 17.96 18.32 13.58 17.30 14.24 11.61 10.22 8.25 8.32 7.96 7.96 10.29 7.88 11.83 14.53 13.94 11.02 7.45 6.13 2.04 3.21 1.46 1.53 3.29 2.63 4.53 4.09 6.57 8.03 8.25 12.12 13.58 12.34 12.70 13.14 13.14 12.85 13.72 16.50 11.32 12.85 6.50 2.85 2.12 3.07 2.63 2.56 4.82 4.38 7.08 8.18 7.66 9.78 12.63 12.34 11.97 14.45 12.05 12.05 14.97 14.97 14.53 12.12 11.32 11.90 12.05 14.89 14.09 17.08 16.79 17.01 16.06 15.99 16.06 16.79 15.70
17.37 13.43 12.05 12.78 10.59 11.83 16.21 18.32 17.96 18.32 13.58 17.30 14.24 11.61 10.22 8.25 8.32 7.96 7.96 10.29 7.88 11.83 14.53 13.94 11.02 7.45 6.13 2.04 3.21 1.46 1.53 3.29 2.63 4.53 4.09 6.57 8.03 8.25 12.12 13.58 12.34 12.70 13.14 13.14 12.85 13.72 16.50 11.32 12.85 6.50 2.85 2.12 3.07 2.63 2.56 4.82 4.38 7.08 8.18 7.66 9.78 12.63 12.34 11.97 14.45 12.05 12.05 14.97 14.97 14.53 12.12 11.32 11.90 12.05 14.89 14.09 17.08 16.79 17.01 16.06 15.99 16.06 16.79 15.70
12.99 11.61 10.15 11.83 12.78 12.48 14.60 15.04 10.37 12.85 14.97 13.14 13.58 13.43 12.70 9.64 11.32 9.56 9.56 7.45 7.66 7.88 8.54 12.12 12.56 10.07 6.94 3.50 4.67 1.31 1.68 1.68 2.04 4.96 6.72 5.91 9.27 9.78 10.29 10.00 11.46 9.86 9.78 9.78 14.45 13.29 16.72 13.51 13.21 6.72 8.76 3.87 2.04 1.68 1.75 3.36 3.87 3.07 6.35 7.59 11.68 11.39 13.51 16.35 15.62 19.35 16.57 16.57 16.57 15.70 16.06 12.63 11.97 12.41 13.72 15.26 15.04 14.09 12.34 15.26 15.18 14.89 16.06 15.84
13.36 12.34 11.68 11.61 10.37 10.07 8.40 8.69 8.76 10.88 12.70 12.41 12.99 11.97 12.85 12.48 12.78 11.24 11.24 13.36 9.71 8.25 8.25 8.25 10.07 11.32 7.96 3.80 1.97 1.46 0.88 2.34 2.19 3.29 5.91 5.11 8.69 5.99 4.53 4.45 5.48 4.96 8.10 8.10 12.05 10.80 14.31 13.58 13.87 9.49 4.89 6.20 1.75 2.56 2.63 2.41 2.99 5.33 5.04 6.86 10.73 13.58 12.78 18.91 19.93 19.71 19.27 16.06 16.06 16.57 14.75 15.33 13.21 13.80 14.45 13.58 11.39 11.61 10.59 10.80 10.59 12.70 16.28 15.99
11.32 11.46 11.39 11.61 11.61 10.88 9.71 10.88 11.10 11.24 10.73 10.29 10.22 10.37 11.61 11.97 13.87 14.97 14.97 14.89 12.19 10.59 6.64 5.91 4.31 3.36 1.97 2.34 2.56 1.24 1.02 2.26 2.04 2.63 3.43 5.33 5.48 5.48 5.11 4.23 5.18 5.84 6.94 6.94 6.50 10.22 12.56 10.51 8.40 8.91 5.11 2.48 2.41 2.48 2.48 4.89 4.96 6.35 9.13 11.46 11.17 13.51 18.61 17.96 18.83 19.93 20.37 18.40 18.40 16.94 17.08 17.45 18.10 16.43 15.77 15.33 15.48 14.53 11.32 10.00 11.32 11.02 11.46 13.51
11.32 11.46 11.39 11.61 11.61 10.88 9.71 10.88 11.10 11.24 10.73 10.29 10.22 10.37 11.61 11.97 13.87 14.97 14.97 14.89 12.19 10.59 6.64 5.91 4.31 3.36 1.97 2.34 2.56 1.24 1.02 2.26 2.04 2.63 3.43 5.33 5.48 5.48 5.11 4.23 5.18 5.84 6.94 6.94 6.50 10.22 12.56 10.51 8.40 8.91 5.11 2.48 2.41 2.48 2.48 4.89 4.96 6.35 9.13 11.46 11.17 13.51 18.61 17.96 18.83 19.93 20.37 18.40 18.40 16.94 17.08 17.45 18.10 16.43 15.77 15.33 15.48 14.53 11.32 10.00 11.32 11.02 11.46 13.51
9.05 9.42 10.80 11.90 11.68 11.90 10.66 11.61 11.17 11.46 9.56 8.32 7.23 8.47 8.10 11.10 13.07 11.61 11.61 11.61 11.75 11.24 8.18 6.42 4.31 1.83 1.46 1.31 1.75 1.61 1.17 1.97 2.63 3.21 2.99 5.55 5.55 5.91 5.48 6.13 5.62 5.48 6.86 6.86 6.13 5.48 5.33 5.40 4.09 3.50 3.65 3.94 7.88 6.50 6.94 6.64 8.83 9.05 8.76 10.59 12.56 12.26 13.07 16.35 16.43 15.84 17.59 18.03 18.03 15.91 16.28 17.01 17.96 18.25 18.25 16.50 16.13 16.13 18.69 17.45 18.03 10.07 10.15 11.02
8.25 9.27 9.86 8.47 9.78 10.29 10.44 10.07 8.98 8.47 6.42 5.99 6.57 8.25 7.52 8.98 8.91 10.44 10.44 10.15 11.24 10.29 10.44 4.96 8.76 3.58 1.46 2.34 2.77 1.61 1.68 1.46 1.75 3.58 6.35 8.10 7.08 8.32 6.79 7.30 5.40 4.23 3.50 3.50 3.43 3.58 5.04 5.33 5.26 6.28 10.07 9.78 8.98 9.78 11.53 12.12 10.66 12.85 11.61 11.24 13.43 12.63 12.63 12.78 14.38 14.09 15.18 15.11 15.11 15.11 16.79 18.61 17.59 19.13 19.56 20.00 22.70 22.05 21.24 20.37 14.89 17.59 13.43 10.15
6.57 7.37 6.86 7.96 8.54 6.06 6.79 6.72 5.77 7.59 7.66 5.48 4.60 5.84 6.50 6.79 6.64 11.39 11.39 10.95 13.14 10.66 10.44 4.82 3.14 4.09 3.14 3.36 2.41 2.04 1.90 2.04 3.14 2.56 4.45 6.28 8.10 7.45 8.25 5.77 5.40 4.96 4.38 4.38 8.54 8.10 6.28 6.94 10.66 10.37 11.32 16.43 15.99 16.28 13.36 14.45 14.53 14.09 17.81 15.11 14.82 15.55 13.65 13.94 13.87 14.67 14.82 15.48 15.48 19.05 18.03 20.22 22.78 22.48 22.41 25.04 24.67 28.54 27.59 25.92 19.49 16.43 16.79 15.18
6.57 7.37 6.86 7.96 8.54 6.06 6.79 6.72 5.77 7.59 7.66 5.48 4.60 5.84 6.50 6.79 6.64 11.39 11.39 10.95 13.14 10.66 10.44 4.82 3.14 4.09 3.14 3.36 2.41 2.04 1.90 2.04 3.14 2.56 4.45 6.28 8.10 7.45 8.25 5.77 5.40 4.96 4.38 4.38 8.54 8.10 6.28 6.94 10.66 10.37 11.32 16.43 15.99 16.28 13.36 14.45 14.53 14.09 17.81 15.11 14.82 15.55 13.65 13.94 13.87 14.67 14.82 15.48 15.48 19.05 18.03 20.22 22.78 22.48 22.41 25.04 24.67 28.54 27.59 25.92 19.49 16.43 16.79 15.18
5.26 6.20 5.33 5.69 5.62 5.26 4.38 0.00 5.62 3.50 4.38 5.04 4.96 5.55 6.13 9.78 11.02 12.41 12.41 12.26 12.70 10.66 10.88 6.28 5.99 5.04 4.16 2.77 2.63 2.48 2.63 2.63 8.69 7.59 7.74 9.86 10.44 10.66 10.73 7.81 13.07 12.19 10.44 10.44 10.88 8.69 9.20 10.66 11.75 11.61 13.43 16.86 17.16 15.62 15.40 16.06 18.25 19.35 18.91 17.16 15.91 16.43 14.97 14.53 14.24 15.18 15.48 14.97 14.97 18.83 21.97 21.53 23.58 25.19 24.75 28.25 29.49 29.35 28.11 22.92 23.51 19.64 17.01 17.16
4.60 4.74 4.96 4.31 2.92 2.85 2.99 0.00 3.21 4.45 5.91 6.79 9.71 10.07 11.24 10.88 11.39 13.87 13.87 12.56 9.13 8.69 9.34 7.45 6.86 5.84 4.60 2.99 3.50 5.04 10.37 9.86 11.97 12.26 10.29 14.89 15.48 14.67 14.24 13.36 13.58 12.63 11.32 11.32 12.05 10.37 10.66 10.29 12.26 13.21 14.02 14.24 13.29 14.82 18.32 17.45 19.56 21.02 16.06 17.30 11.61 14.67 13.87 14.97 16.13 16.57 16.06 18.98 18.98 18.32 21.32 23.36 23.36 24.60 26.86 24.97 27.01 17.01 25.48 19.20 17.59 17.45 17.52 16.79
4.67 4.74 4.38 4.31 2.77 0.00 2.48 3.14 0.00 3.58 6.28 7.81 9.64 11.10 11.17 12.85 13.21 13.14 13.14 13.07 11.02 9.64 9.27 7.30 6.50 6.28 6.20 4.67 7.96 11.24 13.94 16.21 17.67 17.96 16.13 15.04 14.09 12.63 12.99 12.78 15.33 14.45 14.75 14.75 13.36 13.36 15.11 13.21 12.92 12.12 12.85 13.21 13.07 14.60 18.40 20.08 20.73 21.75 15.62 9.86 10.29 12.12 12.56 11.61 12.26 15.55 15.26 17.30 17.30 20.22 19.78 21.97 20.37 20.73 22.41 25.40 14.89 19.20 0.00 6.06 10.59 19.64 17.81 17.89
4.74 4.09 4.67 4.45 3.87 0.00 2.56 3.43 2.77 4.96 4.02 6.79 7.66 7.74 9.27 10.80 11.24 12.12 12.12 11.32 11.90 11.32 9.64 9.05 8.61 10.00 10.15 11.17 10.44 11.32 13.72 16.79 17.81 18.32 18.54 17.23 14.38 12.85 14.60 17.16 17.59 16.79 17.52 17.52 16.21 16.57 16.43 16.06 15.11 15.48 14.31 14.24 15.33 14.75 16.94 17.89 18.76 19.64 13.72 8.98 9.71 9.34 10.88 11.46 11.75 14.02 17.30 16.72 16.72 19.42 21.17 20.00 20.88 20.73 25.70 25.04 16.79 0.00 0.00 3.36 16.21 14.45 13.51 14.89
4.74 4.09 4.67 4.45 3.87 0.00 2.56 3.43 2.77 4.96 4.02 6.79 7.66 7.74 9.27 10.80 11.24 12.12 12.12 11.32 11.90 11.32 9.64 9.05 8.61 10.00 10.15 11.17 10.44 11.32 13.72 16.79 17.81 18.32 18.54 17.23 14.38 12.85 14.60 17.16 17.59 16.79 17.52 17.52 16.21 16.57 16.43 16.06 15.11 15.48 14.31 14.24 15.33 14.75 16.94 17.89 18.76 19.64 13.72 8.98 9.71 9.34 10.88 11.46 11.75 14.02 17.30 16.72 16.72 19.42 21.17 20.00 20.88 20.73 25.70 25.04 16.79 0.00 0.00 3.36 16.21 14.45 13.51 14.89
4.60 4.45 4.74 4.60 0.00 3.87 2.34 1.68 2.34 2.92 3.50 6.13 7.59 7.01 8.98 11.75 13.14 12.92 12.92 12.19 11.53 11.02 11.02 8.76 9.20 9.78 10.88 10.80 14.53 14.60 14.16 15.55 17.74 17.30 16.06 17.81 16.57 17.30 17.23 17.52 18.54 17.16 17.30 17.30 16.06 16.28 15.91 16.13 15.26 12.56 14.75 14.24 14.89 14.97 15.70 15.84 14.24 12.56 13.36 12.70 12.41 16.21 16.50 13.36 14.82 14.89 17.30 19.56 19.56 21.83 21.53 22.27 21.75 21.02 24.67 18.40 20.29 9.49 0.00 0.00 11.97 11.90 12.19 11.75
4.74 3.94 4.23 0.00 0.00 0.00 2.41 0.66 2.04 2.19 4.16 6.64 10.29 11.68 12.99 12.70 13.94 12.19 12.19 12.56 11.83 11.97 10.07 9.78 9.78 9.34 12.92 14.82 16.13 15.26 15.18 18.61 17.59 20.88 18.61 18.10 16.21 15.55 10.44 12.70 14.53 13.94 16.21 16.21 15.91 16.72 14.97 10.37 11.17 11.61 14.09 15.11 15.62 14.82 14.31 13.65 13.51 16.57 15.62 18.61 18.25 20.59 22.34 22.63 17.01 18.25 21.90 20.51 20.51 23.58 22.12 22.92 19.49 19.35 22.70 17.16 11.68 12.85 9.64 11.02 11.39 11.39 11.61 13.36
4.23 3.87 3.72 4.09 3.50 0.00 2.48 2.63 3.14 3.07 4.16 5.91 6.42 9.49 10.37 6.86 9.86 8.98 8.98 12.05 13.65 13.21 11.90 10.59 12.12 13.58 14.82 14.53 15.91 12.56 13.21 16.06 16.06 19.64 20.22 16.72 14.97 7.88 7.08 7.30 5.77 10.51 15.18 15.18 14.24 16.43 13.36 11.24 12.19 18.32 18.18 17.30 20.08 15.70 15.55 21.02 19.64 19.78 21.17 18.69 20.22 20.15 22.85 20.81 21.53 19.71 23.29 24.60 24.60 25.11 20.44 16.86 17.23 16.79 14.67 11.02 12.78 10.80 10.95 10.51 11.83 12.26 11.75 14.53
5.11 4.45 3.29 4.31 4.09 4.16 0.00 3.36 6.06 6.13 6.28 6.50 6.72 8.69 8.98 7.08 8.47 10.29 10.29 11.24 13.80 13.65 12.85 14.89 13.87 14.38 18.25 14.53 11.61 12.48 10.37 10.59 13.14 14.97 12.41 7.96 9.13 5.11 4.09 4.09 6.79 10.59 13.51 13.51 11.97 12.48 12.78 14.09 17.37 21.24 20.59 20.15 23.43 23.94 25.40 24.82 23.73 21.90 23.14 19.35 17.81 17.52 17.16 21.39 22.41 22.34 22.34 22.48 22.48 15.77 17.81 12.85 14.97 14.45 14.67 10.44 9.34 9.05 10.51 10.15 10.00 11.24 13.07 12.41
4.89 4.16 3.50 3.72 4.16 4.45 4.16 0.00 8.18 8.32 8.10 10.66 11.24 11.83 11.97 12.78 13.14 11.32 11.32 11.68 15.40 16.50 15.99 16.21 16.35 19.71 20.51 17.96 17.81 14.31 10.51 11.46 9.64 8.40 7.37 5.40 2.12 1.68 2.70 2.04 5.62 10.29 5.04 5.04 5.99 4.45 7.37 6.42 11.75 5.69 13.65 11.61 21.75 17.23 25.11 20.88 20.88 20.59 14.75 14.53 15.99 16.43 19.71 18.83 22.56 23.58 22.92 22.05 22.05 18.54 15.84 17.81 15.40 12.70 12.34 9.78 8.91 7.81 7.81 7.15 6.50 7.08 10.29 10.22
4.89 4.16 3.50 3.72 4.16 4.45 4.16 0.00 8.18 8.32 8.10 10.66 11.24 11.83 11.97 12.78 13.14 11.32 11.32 11.68 15.40 16.50 15.99 16.21 16.35 19.71 20.51 17.96 17.81 14.31 10.51 11.46 9.64 8.40 7.37 5.40 2.12 1.68 2.70 2.04 5.62 10.29 5.04 5.04 5.99 4.45 7.37 6.42 11.75 5.69 13.65 11.61 21.75 17.23 25.11 20.88 20.88 20.59 14.75 14.53 15.99 16.43 19.71 18.83 22.56 23.58 22.92 22.05 22.05 18.54 15.84 17.81 15.40 12.70 12.34 9.78 8.91 7.81 7.81 7.15 6.50 7.08 10.29 10.22
3.94 3.58 3.50 3.43 4.45 6.13 4.09 4.60 8.18 9.64 9.42 10.22 11.24 12.92 13.58 14.75 14.53 14.38 14.38 14.53 15.91 17.30 18.47 19.49 20.15 20.08 20.66 16.86 16.86 14.60 9.93 7.01 9.34 9.64 4.96 2.56 1.83 1.31 1.83 1.61 2.77 1.97 2.34 2.34 3.87 2.63 0.00 0.00 0.00 0.00 4.45 3.29 9.93 10.29 7.96 14.31 9.34 9.20 9.86 10.07 14.60 14.75 18.91 23.14 23.87 24.09 24.09 24.97 24.97 24.53 22.63 19.35 20.37 16.35 12.26 7.66 8.61 6.94 6.79 6.57 6.72 5.62 6.50 6.06
5.18 5.33 5.11 7.30 8.10 6.35 6.86 7.81 8.32 8.98 8.61 9.20 9.56 8.91 12.48 14.38 13.87 16.35 16.35 15.55 17.08 18.91 20.22 20.34 19.52 21.70 18.73 17.89 19.05 15.91 16.94 9.78 5.84 3.94 1.97 2.48 1.46 1.39 1.75 2.56 2.85 1.53 1.24 1.24 1.75 1.68 2.41 2.19 0.00 0.00 0.00 0.00 0.00 5.62 4.89 5.40 6.42 4.74 4.67 7.96 14.60 18.40 17.59 21.90 21.97 23.29 23.58 24.67 24.67 26.65 26.57 23.65 17.08 12.56 13.80 8.18 7.59 6.64 6.50 6.79 6.13 6.42 6.35 9.05
5.84 7.59 8.61 8.91 7.30 5.48 6.35 6.35 7.37 6.86 0.00 4.89 6.72 6.28 6.72 5.84 11.75 15.33 15.33 15.33 16.64 17.89 21.10 22.09 23.76 21.30 21.94 21.98 23.00 19.27 20.51 13.94 9.20 6.50 3.07 5.33 2.70 1.75 1.90 2.56 2.41 2.12 1.31 1.31 1.10 2.19 1.68 1.90 0.00 0.00 0.00 0.00 0.00 4.23 4.38 4.02 4.89 4.31 7.23 13.94 13.14 15.77 20.22 19.78 21.02 23.36 25.55 24.82 24.82 26.21 24.16 21.61 22.27 13.87 10.22 10.73 8.98 8.61 7.96 7.88 7.37 6.42 9.27 8.76
7.59 7.59 8.03 7.88 6.35 6.35 7.15 6.72 6.64 0.00 0.00 0.00 0.00 0.00 2.92 0.00 6.64 13.21 13.21 11.68 14.53 11.93 14.37 18.51 17.40 21.41 17.23 20.43 23.93 21.23 19.27 16.64 13.72 10.66 14.97 10.22 7.30 4.09 4.45 2.26 1.39 1.90 1.90 1.90 1.24 0.00 0.00 0.00 0.00 0.00 0.00 0.00 0.00 0.00 0.00 3.21 4.60 4.45 6.20 9.86 15.18 14.31 20.66 21.46 21.46 22.56 29.71 29.86 29.86 28.84 25.40 22.63 19.71 20.37 16.64 11.17 11.61 9.34 8.25 8.61 8.91 7.45 8.83 9.78
6.86 7.15 6.42 6.42 6.28 6.86 6.72 5.62 6.28 2.56 0.00 0.00 0.00 0.00 0.00 0.00 3.94 6.13 6.13 5.58 0.00 4.67 8.28 11.02 7.19 12.85 18.06 17.62 23.04 20.28 22.82 19.35 21.10 20.88 19.71 17.16 12.70 13.58 6.57 3.14 2.99 2.04 1.46 1.46 1.61 0.44 0.00 0.00 0.00 0.00 0.00 0.00 0.00 0.00 0.00 0.00 4.23 5.91 5.77 9.56 16.57 21.53 20.59 25.40 24.89 29.57 28.69 29.42 29.42 25.92 26.86 23.14 19.86 16.35 16.72 14.60 11.83 11.68 9.78 11.10 9.13 8.47 8.61 8.10
6.86 7.15 6.42 6.42 6.28 6.86 6.72 5.62 6.28 2.56 0.00 0.00 0.00 0.00 0.00 0.00 3.94 6.13 6.16 5.76 0.00 5.00 8.07 11.31 7.08 12.85 17.52 16.37 21.53 20.59 23.05 20.15 23.70 22.09 20.22 17.16 12.70 13.58 6.57 3.14 2.99 2.04 1.46 1.46 1.61 0.44 0.00 0.00 0.00 0.00 0.00 0.00 0.00 0.00 0.00 0.00 4.23 5.91 5.77 9.56 16.57 21.53 20.59 25.40 24.89 29.57 28.69 29.42 29.42 25.92 26.86 23.14 19.86 16.35 16.72 14.60 11.83 11.68 9.78 11.10 9.13 8.47 8.61 8.10
7.01 5.69 5.69 5.33 5.77 5.99 6.35 5.77 6.57 5.48 0.00 0.00 0.00 0.00 0.00 0.00 0.00 8.40 8.40 4.16 5.55 0.00 0.00 0.00 3.97 7.52 4.20 9.90 17.01 14.97 21.83 19.90 23.09 24.59 20.70 21.03 16.81 17.59 10.59 10.73 5.69 2.48 2.99 2.99 0.37 0.66 0.00 2.63 3.36 2.99 0.00 0.00 0.00 0.00 4.09 4.09 3.94 6.57 9.78 8.54 13.80 20.81 25.55 24.45 30.30 30.66 29.27 29.64 29.64 26.86 22.78 20.51 20.22 15.62 15.04 12.56 13.43 11.39 13.43 11.75 12.34 9.86 8.83 7.52
5.48 4.74 3.94 4.09 3.94 5.04 5.62 6.06 6.86 7.15 6.06 7.01 5.11 3.58 3.72 4.23 8.91 6.13 6.13 7.56 8.76 0.00 5.18 0.00 3.30 0.00 0.00 4.92 11.62 14.01 17.52 18.98 18.61 23.23 24.06 23.04 20.90 20.47 14.67 16.06 10.15 5.04 6.72 6.72 1.61 1.75 1.90 1.46 3.43 2.70 2.41 4.45 4.16 3.58 4.16 5.18 7.96 7.52 9.27 13.07 12.26 16.50 24.60 31.32 30.08 32.85 29.49 27.59 27.59 28.32 24.09 21.75 20.22 17.45 15.91 13.94 11.68 11.90 12.63 12.70 12.34 12.41 12.48 11.39
3.50 3.72 4.89 4.89 3.29 3.65 6.28 5.84 6.86 7.37 7.52 8.47 6.72 5.26 7.01 9.93 9.86 8.98 8.98 7.88 7.30 6.42 5.33 6.50 0.00 0.00 0.00 0.00 7.03 11.83 15.04 16.64 16.94 18.98 23.13 22.95 28.24 23.51 20.37 22.34 16.64 9.20 9.78 9.78 4.74 3.36 1.24 1.10 1.97 1.68 3.65 5.11 3.87 4.53 4.16 6.06 9.13 13.14 12.85 14.24 15.84 18.32 17.45 28.40 30.66 29.49 28.32 29.20 29.20 24.45 21.83 22.19 21.53 21.53 20.73 21.10 19.05 18.91 14.16 15.04 17.08 17.23 16.43 16.57
1.53 4.38 6.35 6.20 3.65 3.72 5.40 4.67 6.28 9.42 8.69 8.91 7.23 8.03 8.54 9.20 10.51 5.62 5.62 6.64 6.57 8.47 9.13 9.78 6.79 3.72 6.94 7.78 7.45 9.71 10.59 12.12 14.24 17.30 19.71 26.35 25.64 28.14 25.03 25.07 20.22 13.51 11.75 11.75 6.06 5.84 8.10 1.90 2.34 4.23 3.94 4.02 3.94 4.23 5.33 5.04 9.93 13.65 12.05 12.56 14.16 15.99 15.55 15.55 23.80 23.29 20.59 20.73 20.73 18.69 20.95 20.66 20.51 21.24 21.24 20.44 19.78 20.51 20.51 20.29 21.90 21.46 21.32 19.93
0.37 0.00 2.04 3.72 0.00 0.00 3.21 0.00 0.00 6.06 6.57 6.35 7.88 7.15 9.64 5.84 10.00 8.76 8.76 3.87 5.26 5.11 8.47 11.17 11.46 13.80 10.44 10.18 11.39 10.95 11.32 12.41 11.83 15.11 20.22 24.82 23.65 24.53 24.38 25.91 23.18 20.00 16.43 16.43 16.86 10.95 12.41 5.11 6.86 4.23 5.04 3.94 4.31 0.00 5.62 6.50 5.84 10.00 9.13 11.46 10.29 14.09 13.21 11.97 12.26 16.28 16.06 14.24 14.24 10.73 10.88 10.44 17.16 17.23 17.01 17.96 20.00 20.22 20.37 19.78 20.81 21.61 21.75 19.86
2.19 0.44 2.85 0.00 0.00 0.00 0.00 0.00 0.00 0.00 0.00 3.50 4.67 2.12 1.83 1.75 6.06 0.00 0.00 0.00 4.96 9.20 7.45 12.70 12.26 13.72 13.72 14.67 12.01 12.33 11.80 11.45 11.44 12.92 16.21 19.35 15.55 20.13 23.87 17.74 18.66 18.47 18.69 18.69 15.84 13.87 13.94 10.00 10.80 6.64 6.13 3.43 2.63 2.77 3.14 4.67 5.33 5.18 5.33 10.66 14.97 11.90 12.48 10.59 7.66 4.53 11.17 9.64 9.64 7.45 6.50 5.26 4.23 3.80 5.69 12.41 15.48 17.67 18.76 18.32 20.59 21.32 19.05 14.45
2.19 0.44 2.85 0.00 0.00 0.00 0.00 0.00 0.00 0.00 0.00 3.50 4.67 2.12 1.83 1.75 6.06 0.00 0.00 0.00 4.96 9.20 7.45 12.70 12.26 13.72 13.72 14.67 11.83 11.90 11.39 11.39 11.10 12.92 16.29 19.44 15.55 20.03 24.11 17.74 18.47 18.47 18.69 18.69 15.84 13.87 13.94 10.00 10.80 6.64 6.13 3.43 2.63 2.77 3.14 4.67 5.33 5.18 5.33 10.66 14.97 11.90 12.48 10.59 7.66 4.53 11.17 9.64 9.64 7.45 6.50 5.26 4.23 3.80 5.69 12.41 15.48 17.67 18.76 18.32 20.59 21.32 19.05 14.45
7.30 4.23 4.38 2.41 0.00 2.48 1.90 2.74 4.08 3.50 3.72 0.00 1.46 1.17 0.07 2.12 0.80 1.17 1.17 2.12 3.80 3.50 5.84 10.73 13.80 14.97 14.53 14.53 13.87 12.70 12.48 11.24 11.10 11.68 10.95 9.93 12.56 14.82 10.78 13.87 13.36 10.51 13.58 13.58 12.63 15.77 13.36 12.70 12.48 9.64 10.00 8.32 3.80 3.94 4.53 4.23 6.86 9.34 10.80 9.34 14.02 11.61 8.83 9.49 6.35 0.00 0.00 4.96 4.96 3.72 2.56 0.00 2.48 0.00 1.90 4.45 8.40 7.74 10.80 16.50 18.83 16.72 17.16 14.09
