Wansh/Snow_depth/snowdepth-1992/winter/1993011.txt
ncols 321
nrows 161
xllcenter 60
yllcenter 15 
cellsize  0.25 
NODATA_value -1
[rows 0 to 37 of 161, columns 84 to 167 of 321]
21.17 20.00 18.18 18.47 17.96 17.96 17.23 12.78 10.44 11.75 11.24 13.94 15.33 15.62 16.64 15.33 15.04 17.37 17.37 16.86 17.08 15.18 15.33 10.15 11.61 5.40 3.94 2.41 2.34 3.36 3.43 7.88 7.37 9.20 13.80 12.70 16.94 15.18 14.67 15.11 10.15 9.78 7.45 7.45 8.47 5.33 6.64 2.92 5.62 6.13 6.06 9.93 10.07 8.54 8.47 7.23 11.75 12.12 8.47 5.69 5.99 5.55 5.91 3.14 3.14 2.77 4.23 6.42 6.42 5.84 8.40 11.17 10.44 12.26 11.61 11.53 12.48 9.86 13.36 13.07 12.05 12.05 11.17 10.59
17.59 17.96 17.52 16.86 13.58 11.53 11.39 10.88 11.97 17.23 13.80 14.75 12.48 10.73 11.02 10.73 13.14 10.59 10.59 13.21 17.01 16.43 16.64 14.09 10.07 5.26 5.69 3.65 1.83 2.19 2.12 3.80 7.08 7.37 5.04 7.74 7.08 8.10 10.22 10.22 11.83 12.34 11.68 11.68 13.58 9.42 9.27 7.59 8.83 4.67 4.16 4.09 3.58 6.64 5.04 5.77 5.26 7.37 8.54 6.79 7.37 7.23 7.88 7.45 8.61 9.13 9.64 5.84 5.84 9.13 8.69 10.00 12.41 12.05 12.78 14.09 13.87 13.51 13.94 14.16 12.34 12.05 12.41 10.88
17.37 13.43 12.05 12.78 10.59 11.83 16.21 18.32 17.96 18.32 13.58 17.30 14.24 11.61 10.22 8.25 8.32 7.96 7.96 10.29 7.88 11.83 14.53 13.94 13.07 10.51 4.45 5.99 2.04 1.83 2.99 2.85 2.92 4.96 4.60 7.59 8.69 7.88 10.95 12.41 12.70 9.27 13.58 13.58 12.85 16.28 15.55 10.80 6.94 8.47 4.38 2.41 2.56 1.97 2.63 4.74 6.57 6.35 7.74 9.86 9.05 12.34 14.24 11.32 11.68 11.75 12.19 12.85 12.85 12.99 11.90 10.88 11.61 11.46 13.21 12.70 15.18 15.55 15.91 13.80 13.87 14.09 14.45 14.16
17.37 13.43 12.05 12.78 10.59 11.83 16.21 18.32 17.96 18.32 13.58 17.30 14.24 11.61 10.22 8.25 8.32 7.96 7.96 10.29 7.88 11.83 14.53 13.94 13.07 10.51 4.45 5.99 2.04 1.83 2.99 2.85 2.92 4.96 4.60 7.59 8.69 7.88 10.95 12.41 12.70 9.27 13.58 13.58 12.85 16.28 15.55 10.80 6.94 8.47 4.38 2.41 2.56 1.97 2.63 4.74 6.57 6.35 7.74 9.86 9.05 12.34 14.24 11.32 11.68 11.75 12.19 12.85 12.85 12.99 11.90 10.88 11.61 11.46 13.21 12.70 15.18 15.55 15.91 13.80 13.87 14.09 14.45 14.16
12.99 11.61 10.15 11.83 12.78 12.48 14.60 15.04 10.37 12.85 14.97 13.14 13.58 13.43 12.70 9.64 11.32 9.56 9.56 7.45 7.66 7.88 8.54 12.12 11.24 11.68 8.10 3.80 4.67 1.83 1.61 2.48 2.19 3.87 7.74 7.08 7.01 8.54 8.69 5.99 8.10 8.69 8.47 8.47 15.26 14.24 15.62 15.18 10.66 5.69 6.35 3.14 1.68 1.68 1.97 2.63 2.48 4.31 6.50 7.59 11.10 10.59 14.16 16.50 16.43 18.83 18.32 16.64 16.64 16.06 14.31 12.78 11.32 11.10 11.83 13.72 11.32 14.67 11.32 11.39 13.43 13.07 14.24 14.38
13.36 12.34 11.68 11.61 10.37 10.07 8.40 8.69 8.76 10.88 12.70 12.41 12.99 11.97 12.85 12.48 12.78 11.24 11.24 13.36 9.71 8.25 8.25 8.25 6.79 7.37 8.47 2.99 1.61 1.68 1.39 2.04 3.21 2.77 5.26 6.13 6.57 3.94 3.14 3.50 2.77 6.64 6.35 6.35 7.88 14.09 13.58 13.36 8.91 9.93 3.07 3.80 1.46 2.34 2.19 2.85 4.45 4.09 6.94 8.83 8.76 12.12 17.08 16.43 19.56 19.35 19.71 17.08 17.08 17.67 15.26 15.18 15.04 14.75 11.90 12.48 10.95 9.86 9.86 9.34 11.75 11.61 13.80 13.43
11.32 11.46 11.39 11.61 11.61 10.88 9.71 10.88 11.10 11.24 10.73 10.29 10.22 10.37 11.61 11.97 13.87 14.97 14.97 14.89 12.19 10.59 6.64 7.52 5.91 2.85 1.83 2.12 1.24 1.17 2.26 2.12 2.48 4.31 4.02 5.69 4.53 4.89 2.63 2.26 2.19 3.50 6.06 6.06 5.69 7.15 7.23 10.66 8.25 3.43 4.16 2.34 2.19 2.04 3.21 4.96 4.74 6.94 5.99 9.13 11.46 10.95 15.91 18.54 17.67 18.98 18.76 18.83 18.83 17.08 16.64 15.77 17.01 17.89 16.43 17.37 15.62 12.99 13.72 10.07 9.56 9.05 11.75 15.26
11.32 11.46 11.39 11.61 11.61 10.88 9.71 10.88 11.10 11.24 10.73 10.29 10.22 10.37 11.61 11.97 13.87 14.97 14.97 14.89 12.19 10.59 6.64 7.52 5.91 2.85 1.83 2.12 1.24 1.17 2.26 2.12 2.48 4.31 4.02 5.69 4.53 4.89 2.63 2.26 2.19 3.50 6.06 6.06 5.69 7.15 7.23 10.66 8.25 3.43 4.16 2.34 2.19 2.04 3.21 4.96 4.74 6.94 5.99 9.13 11.46 10.95 15.91 18.54 17.67 18.98 18.76 18.83 18.83 17.08 16.64 15.77 17.01 17.89 16.43 17.37 15.62 12.99 13.72 10.07 9.56 9.05 11.75 15.26
9.05 9.42 10.80 11.90 11.68 11.90 10.66 11.61 11.17 11.46 9.56 8.32 7.23 8.47 8.10 11.10 13.07 11.61 11.61 11.61 11.75 11.24 8.18 5.91 2.26 2.77 1.61 1.39 1.17 0.95 2.04 2.26 2.19 2.99 5.99 5.26 7.01 3.87 4.53 4.96 3.72 3.65 3.87 3.87 5.33 5.26 4.74 4.23 4.23 3.65 3.72 3.43 6.79 8.25 4.09 5.69 7.30 7.01 8.54 9.27 8.91 11.53 13.07 15.26 17.08 16.57 17.67 16.35 16.35 16.72 15.26 16.79 17.96 17.89 18.18 17.74 17.59 16.86 14.67 15.70 12.19 10.80 8.76 8.91
8.25 9.27 9.86 8.47 9.78 10.29 10.44 10.07 8.98 8.47 6.42 5.99 6.57 8.25 7.52 8.98 8.91 10.44 10.44 10.15 11.24 10.29 10.44 6.13 2.99 1.17 1.39 1.46 2.04 2.12 2.19 1.46 2.63 2.34 4.53 7.23 6.86 7.23 5.77 6.42 4.23 4.09 4.23 4.23 4.16 3.65 3.43 4.74 5.62 5.84 6.35 8.69 8.10 10.37 11.24 11.39 9.42 9.42 9.56 9.42 11.02 10.66 11.68 11.90 11.68 13.36 14.45 14.38 14.38 16.57 17.45 18.61 18.47 19.78 20.08 20.29 22.27 24.89 23.65 22.19 13.72 15.48 10.00 11.75
6.57 7.37 6.86 7.96 8.54 6.06 6.79 6.72 5.77 7.59 7.66 5.48 4.60 5.84 6.50 6.79 6.64 11.39 11.39 10.95 13.14 10.66 6.57 8.10 3.65 2.85 2.77 3.07 1.97 1.90 1.31 1.24 2.77 3.80 3.50 6.20 7.15 7.52 6.42 4.96 4.96 7.59 5.91 5.91 6.64 7.37 6.57 7.66 6.94 10.51 10.59 13.43 13.29 13.29 12.70 13.14 12.99 14.89 16.72 15.26 12.70 12.70 13.07 11.61 12.48 12.34 13.58 16.72 16.72 19.42 19.27 19.93 21.10 21.02 22.12 22.78 22.41 24.16 28.40 24.38 20.22 19.56 13.72 16.43
6.57 7.37 6.86 7.96 8.54 6.06 6.79 6.72 5.77 7.59 7.66 5.48 4.60 5.84 6.50 6.79 6.64 11.39 11.39 10.95 13.14 10.66 6.57 8.10 3.65 2.85 2.77 3.07 1.97 1.90 1.31 1.24 2.77 3.80 3.50 6.20 7.15 7.52 6.42 4.96 4.96 7.59 5.91 5.91 6.64 7.37 6.57 7.66 6.94 10.51 10.59 13.43 13.29 13.29 12.70 13.14 12.99 14.89 16.72 15.26 12.70 12.70 13.07 11.61 12.48 12.34 13.58 16.72 16.72 19.42 19.27 19.93 21.10 21.02 22.12 22.78 22.41 24.16 28.40 24.38 20.22 19.56 13.72 16.43
5.26 6.20 5.33 5.69 5.62 5.26 4.38 0.00 5.62 3.50 4.38 5.04 4.96 5.55 6.13 9.78 11.02 12.41 12.41 12.26 12.70 10.66 6.94 6.20 4.82 5.11 4.02 2.56 1.90 1.90 5.69 4.67 4.82 5.04 8.54 8.83 9.56 10.51 11.53 11.83 9.93 10.22 10.66 10.66 8.03 7.45 7.30 9.78 11.46 11.24 14.67 16.86 16.79 15.18 15.84 14.02 15.99 17.89 17.96 15.77 14.38 14.82 14.02 14.60 14.75 13.58 14.16 14.75 14.75 17.81 22.48 23.14 23.36 24.09 27.08 26.65 28.84 28.18 26.50 27.38 23.94 19.71 17.59 18.03
4.60 4.74 4.96 4.31 2.92 2.85 2.99 0.00 3.21 4.45 5.91 6.79 9.71 10.07 11.24 10.88 11.39 13.87 13.87 12.56 9.13 10.00 8.47 6.50 4.96 4.38 4.96 2.70 5.62 8.10 7.37 9.05 13.58 14.02 11.68 14.09 14.60 13.72 13.21 13.43 12.63 11.46 11.46 11.46 11.90 12.48 10.07 9.78 11.68 12.26 12.19 14.16 14.24 14.02 16.79 19.42 18.61 19.71 14.16 16.28 13.72 13.72 13.29 16.06 15.11 15.70 14.60 17.01 17.01 20.95 19.78 23.14 23.73 23.36 25.40 25.26 21.02 9.78 15.33 18.98 19.49 18.83 17.23 16.35
4.67 4.74 4.38 4.31 2.77 0.00 2.48 3.14 0.00 3.58 6.28 7.81 9.64 11.10 11.17 12.85 13.21 13.14 13.14 13.07 11.02 9.56 10.00 7.15 8.10 6.13 8.10 4.38 7.81 10.15 15.48 14.67 16.50 15.91 16.79 15.48 13.58 13.72 13.29 12.48 14.82 14.24 13.43 13.43 13.65 13.58 14.53 12.34 12.41 12.63 12.92 13.21 13.43 16.21 15.48 19.86 20.66 21.02 15.99 8.47 8.25 7.88 9.42 10.73 10.51 13.65 15.99 16.43 16.43 17.16 19.64 19.71 20.15 19.56 23.07 21.17 23.00 7.52 0.00 8.98 20.29 19.71 18.18 18.69
4.74 4.09 4.67 4.45 3.87 0.00 2.56 3.43 2.77 4.96 4.02 6.79 7.66 7.74 9.27 10.80 11.24 12.12 12.12 11.32 11.90 9.42 9.34 8.40 8.47 8.61 9.27 9.56 8.98 11.90 15.91 17.59 17.30 16.72 15.04 15.91 13.21 14.16 14.24 13.94 16.57 17.01 17.30 17.30 15.18 15.26 15.26 14.97 13.94 13.58 13.87 14.09 14.16 14.45 16.21 15.62 19.20 14.53 8.83 9.93 8.25 9.27 8.83 9.78 11.68 10.66 14.82 18.54 18.54 19.86 19.56 20.08 19.13 21.46 20.73 23.14 16.35 0.00 0.00 0.00 8.18 14.31 16.86 15.04
4.74 4.09 4.67 4.45 3.87 0.00 2.56 3.43 2.77 4.96 4.02 6.79 7.66 7.74 9.27 10.80 11.24 12.12 12.12 11.32 11.90 9.42 9.34 8.40 8.47 8.61 9.27 9.56 8.98 11.90 15.91 17.59 17.30 16.72 15.04 15.91 13.21 14.16 14.24 13.94 16.57 17.01 17.30 17.30 15.18 15.26 15.26 14.97 13.94 13.58 13.87 14.09 14.16 14.45 16.21 15.62 19.20 14.53 8.83 9.93 8.25 9.27 8.83 9.78 11.68 10.66 14.82 18.54 18.54 19.86 19.56 20.08 19.13 21.46 20.73 23.14 16.35 0.00 0.00 0.00 8.18 14.31 16.86 15.04
4.60 4.45 4.74 4.60 0.00 3.87 2.34 1.68 2.34 2.92 3.50 6.13 7.59 7.01 8.98 11.75 13.14 12.92 12.92 12.19 11.53 11.68 9.93 8.98 9.20 8.98 10.15 13.43 12.56 12.12 15.26 16.86 18.91 18.83 16.79 15.48 15.84 15.48 17.08 16.06 18.18 16.72 15.55 15.55 15.40 15.70 15.33 15.26 14.82 12.34 14.02 14.45 14.24 14.60 14.53 14.75 13.43 14.45 11.97 13.51 17.16 16.28 17.89 16.13 11.39 15.84 17.37 20.51 20.51 19.78 21.46 21.17 21.32 21.83 21.97 18.10 19.93 8.76 5.33 9.05 13.36 10.44 10.37 10.29
4.74 3.94 4.23 0.00 0.00 0.00 2.41 0.66 2.04 2.19 4.16 6.64 10.29 11.68 12.99 12.70 13.94 12.19 12.19 12.56 12.41 12.05 9.71 10.22 9.42 12.85 15.04 14.53 15.62 15.91 15.99 15.18 19.56 18.98 19.56 15.99 12.85 13.87 14.09 12.78 10.37 15.40 14.75 14.75 15.84 15.11 14.82 11.75 12.78 10.88 14.82 15.99 16.13 13.94 14.82 13.94 14.89 13.80 13.94 14.82 18.47 21.39 21.32 18.83 17.23 17.52 18.25 20.88 20.88 22.19 22.27 21.61 21.53 18.47 16.72 17.23 12.99 7.45 10.29 10.44 11.46 11.53 11.24 12.56
4.23 3.87 3.72 4.09 3.50 0.00 2.48 2.63 3.14 3.07 4.16 5.91 6.42 9.49 10.37 6.86 9.86 8.98 8.98 12.05 12.41 12.05 10.22 11.32 10.88 12.78 14.38 14.89 14.97 13.94 12.19 12.56 17.67 18.03 14.89 16.28 11.61 5.11 7.23 7.66 7.01 11.17 10.07 10.07 16.35 14.89 15.77 12.48 15.26 16.72 16.13 17.74 17.81 19.49 18.32 20.44 21.02 21.32 16.64 16.86 17.81 21.90 22.56 23.29 19.56 18.61 21.61 21.24 21.24 21.75 16.13 14.16 17.89 17.74 17.37 13.51 11.17 11.17 11.39 10.29 10.44 12.05 13.29 13.87
5.11 4.45 3.29 4.31 4.09 4.16 0.00 3.36 6.06 6.13 6.28 6.50 6.72 8.69 8.98 7.08 8.47 10.29 10.29 11.24 10.88 12.12 13.51 13.14 16.21 12.85 15.77 13.65 11.75 13.07 10.51 10.22 14.75 14.24 12.26 6.13 3.72 4.45 0.00 6.28 5.04 10.73 10.15 10.15 9.34 14.45 12.99 15.33 14.45 17.23 17.96 21.39 22.41 22.05 22.19 22.48 23.14 19.13 20.29 15.91 15.55 19.05 18.32 21.24 21.97 21.10 21.10 20.37 20.37 15.77 17.30 12.63 12.92 12.99 11.24 9.93 9.78 10.88 10.44 9.93 11.10 10.15 13.21 11.90
4.89 4.16 3.50 3.72 4.16 4.45 4.16 0.00 8.18 8.32 8.10 10.66 11.24 11.83 11.97 12.78 13.14 11.32 11.32 12.63 14.67 15.18 14.60 14.97 18.10 18.76 18.25 20.00 15.84 13.21 14.02 9.27 6.86 9.56 10.51 4.67 1.83 1.24 1.46 0.00 5.48 9.49 5.84 5.84 6.64 5.04 10.95 11.61 12.05 12.05 12.41 12.34 15.04 14.24 16.86 15.99 23.73 18.40 14.53 15.18 13.94 16.86 20.37 19.78 21.90 22.27 22.34 21.90 21.90 19.42 19.42 13.07 11.83 11.75 12.12 10.37 8.69 10.00 7.37 6.72 8.54 8.03 6.79 8.32
4.89 4.16 3.50 3.72 4.16 4.45 4.16 0.00 8.18 8.32 8.10 10.66 11.24 11.83 11.97 12.78 13.14 11.32 11.32 12.63 14.67 15.18 14.60 14.97 18.10 18.76 18.25 20.00 15.84 13.21 14.02 9.27 6.86 9.56 10.51 4.67 1.83 1.24 1.46 0.00 5.48 9.49 5.84 5.84 6.64 5.04 10.95 11.61 12.05 12.05 12.41 12.34 15.04 14.24 16.86 15.99 23.73 18.40 14.53 15.18 13.94 16.86 20.37 19.78 21.90 22.27 22.34 21.90 21.90 19.42 19.42 13.07 11.83 11.75 12.12 10.37 8.69 10.00 7.37 6.72 8.54 8.03 6.79 8.32
3.94 3.58 3.50 3.43 4.45 6.13 4.09 4.60 8.18 9.64 9.42 10.22 11.24 12.92 13.58 14.75 14.53 14.38 14.38 15.70 15.84 17.45 18.61 18.32 18.98 19.56 19.78 20.00 18.54 13.65 10.22 6.57 6.79 5.11 0.00 0.00 0.00 1.17 2.34 1.75 2.56 1.68 3.65 3.65 2.77 0.00 2.77 2.85 0.00 3.65 3.58 4.89 8.10 10.80 8.40 9.78 8.83 7.08 7.15 9.71 13.51 16.13 15.40 21.10 22.34 23.65 23.73 23.65 23.65 23.29 23.43 20.73 15.62 13.65 10.80 8.40 6.42 6.57 6.94 6.64 6.64 4.82 5.62 7.52
5.18 5.33 5.11 7.30 8.10 6.35 6.86 7.81 8.32 8.98 8.61 9.20 9.56 8.91 12.48 14.38 13.87 16.35 16.35 15.84 16.64 17.81 19.27 20.41 19.44 21.70 19.39 18.18 20.81 15.91 13.58 10.44 5.62 5.91 4.16 1.10 1.10 0.73 2.56 1.97 1.97 1.24 0.37 0.37 1.68 1.39 2.48 0.00 0.00 0.00 0.00 0.00 0.00 5.26 6.79 6.35 7.52 5.55 8.32 7.37 11.68 15.11 18.83 17.81 21.24 22.27 23.51 23.58 23.58 23.29 23.43 21.39 15.91 13.07 8.61 9.34 6.72 6.35 6.57 6.94 6.79 5.69 6.28 10.66
5.84 7.59 8.61 8.91 7.30 5.48 6.35 6.35 7.37 6.86 0.00 4.89 6.72 6.28 6.72 5.84 11.75 15.33 15.33 14.89 17.52 17.23 20.95 20.86 23.84 20.34 21.86 20.09 22.19 18.10 19.13 15.04 7.52 6.28 6.35 6.13 1.46 3.50 3.21 2.77 1.17 1.46 0.73 0.73 0.51 0.00 0.00 0.00 0.00 0.00 0.00 0.00 0.00 0.00 0.00 4.89 4.45 4.89 6.20 11.83 13.58 14.67 15.91 18.83 19.20 24.09 22.70 25.40 25.40 23.43 22.05 20.44 17.23 16.79 12.78 7.52 7.88 7.01 7.52 7.08 6.72 7.15 9.05 9.27
7.59 7.59 8.03 7.88 6.35 6.35 7.15 6.72 6.64 0.00 0.00 0.00 0.00 0.00 2.92 0.00 6.64 6.20 6.20 11.61 6.42 11.19 10.39 17.08 14.98 18.91 18.54 23.23 23.48 22.42 17.45 18.10 18.40 11.39 10.15 11.61 12.48 4.31 2.56 3.36 1.83 1.61 0.80 0.80 1.02 0.00 0.00 0.00 0.00 0.00 0.00 0.00 0.00 0.00 0.00 0.00 4.45 5.18 8.10 7.52 14.09 16.94 19.86 19.27 20.00 23.51 28.25 27.74 27.74 23.73 24.67 21.17 18.47 16.72 13.94 10.07 11.10 9.56 8.32 8.03 9.13 9.34 10.37 12.34
6.86 7.15 6.42 6.42 6.28 6.86 6.72 5.62 6.28 2.56 0.00 0.00 0.00 0.00 0.00 0.00 3.94 0.00 0.00 5.96 5.09 5.56 0.00 9.78 10.38 7.59 14.98 15.87 22.81 21.09 21.20 20.88 19.42 19.49 17.16 16.21 17.74 8.76 4.82 2.92 3.58 1.75 0.95 0.95 0.00 0.00 0.00 0.00 0.00 0.00 0.00 0.00 0.00 0.00 0.00 4.53 4.53 4.74 7.52 13.58 11.68 18.61 21.90 26.94 27.89 27.38 27.38 27.59 27.59 23.94 21.24 19.27 15.62 16.72 15.26 13.72 11.32 10.51 11.32 11.39 11.61 8.83 10.29 7.66
6.86 7.15 6.42 6.42 6.28 6.86 6.72 5.62 6.28 2.56 0.00 0.00 0.00 0.00 0.00 0.00 3.94 0.00 0.00 6.16 5.17 5.95 0.00 10.03 10.22 7.59 14.53 14.75 21.31 21.41 21.42 21.75 21.82 20.63 17.59 16.21 17.74 8.76 4.82 2.92 3.58 1.75 0.95 0.95 0.00 0.00 0.00 0.00 0.00 0.00 0.00 0.00 0.00 0.00 0.00 4.53 4.53 4.74 7.52 13.58 11.68 18.61 21.90 26.94 27.89 27.38 27.38 27.59 27.59 23.94 21.24 19.27 15.62 16.72 15.26 13.72 11.32 10.51 11.32 11.39 11.61 8.83 10.29 7.66
7.01 5.69 5.69 5.33 5.77 5.99 6.35 5.77 6.57 5.48 0.00 0.00 0.00 0.00 0.00 0.00 0.00 8.40 8.40 5.62 6.42 0.00 0.00 0.00 5.09 0.00 9.44 7.78 17.67 19.00 17.40 20.12 22.15 23.31 20.24 20.12 17.18 14.67 15.84 4.38 2.56 2.77 2.26 2.26 1.31 0.00 0.00 1.46 2.77 0.00 0.00 0.00 0.00 0.00 0.00 0.00 5.62 6.72 6.35 10.51 15.48 20.37 26.57 25.19 29.93 28.98 27.52 27.30 27.30 22.92 24.24 18.98 17.74 15.55 14.02 11.46 10.22 11.32 11.39 11.61 8.61 7.96 8.32 6.35
5.48 4.74 3.94 4.09 3.94 5.04 5.62 6.06 6.86 7.15 6.06 7.01 5.11 3.58 3.72 4.23 8.91 10.66 10.66 8.58 6.50 0.00 0.00 0.00 0.00 0.00 3.50 3.33 6.70 14.82 17.01 16.13 18.54 21.62 23.98 22.57 22.38 18.64 16.43 17.45 7.01 4.67 2.41 2.41 3.58 1.02 1.10 2.77 2.56 3.21 1.90 2.85 2.63 3.50 3.87 6.64 5.99 8.83 10.22 14.31 13.29 17.45 24.38 30.95 31.90 31.17 31.83 28.84 28.84 25.70 20.51 20.37 17.52 18.54 16.86 11.24 12.56 12.56 12.34 11.90 13.94 10.66 8.54 11.10
3.50 3.72 4.89 4.89 3.29 3.65 6.28 5.84 6.86 7.37 7.52 8.47 6.72 5.26 7.01 9.93 8.98 11.53 11.53 9.86 6.72 7.66 5.55 6.13 0.00 0.00 3.29 5.60 5.02 9.07 14.53 15.11 14.82 18.40 22.13 25.89 25.43 23.14 20.95 20.29 20.95 11.68 4.89 4.89 1.90 2.19 2.04 1.68 2.34 2.34 3.43 3.50 3.50 3.43 3.87 6.06 10.44 9.64 11.75 13.14 16.13 16.72 22.63 20.81 28.54 30.66 28.84 24.24 24.24 23.29 22.12 22.70 21.53 22.63 19.42 18.40 16.57 14.02 15.70 17.23 17.16 16.06 19.71 16.94
1.53 4.38 6.35 6.20 3.65 3.72 5.40 4.67 6.28 9.42 8.69 8.91 7.23 8.03 8.54 9.20 6.28 6.06 6.06 5.91 6.72 7.30 8.10 9.71 4.89 4.67 7.45 6.68 9.49 9.05 11.24 13.07 13.21 20.15 19.27 24.67 26.75 26.25 26.29 23.45 19.56 16.28 11.83 11.83 5.91 3.80 2.63 2.92 2.85 3.58 3.72 3.94 3.36 4.02 5.77 5.62 6.79 9.86 12.41 13.43 13.65 12.92 17.52 22.56 15.33 19.35 19.64 22.27 22.27 21.10 21.10 17.74 22.41 21.39 21.02 21.17 21.75 19.13 18.83 18.40 21.02 21.10 21.24 19.35
0.37 0.00 2.04 3.72 0.00 0.00 3.21 0.00 0.00 6.06 6.57 6.35 7.88 7.15 9.64 5.84 3.94 2.26 2.26 2.48 6.28 5.91 8.40 12.56 14.02 10.73 11.75 11.72 10.07 10.59 11.39 11.24 12.12 13.07 22.12 21.17 21.83 22.63 25.49 26.35 22.01 18.47 18.18 18.18 18.54 9.13 5.11 4.02 4.02 4.38 4.45 3.14 0.00 2.99 4.89 6.94 6.57 7.08 8.69 13.43 12.12 12.41 11.83 14.45 10.88 14.24 17.23 10.80 10.80 11.68 14.24 13.80 12.41 18.54 17.67 17.37 18.61 19.49 21.39 18.03 20.00 21.02 18.98 19.64
2.19 0.44 2.85 0.00 0.00 0.00 0.00 0.00 0.00 0.00 0.00 3.50 4.67 2.12 1.83 1.75 1.68 0.00 0.00 0.00 0.00 8.10 6.94 12.19 13.36 13.29 13.43 14.02 11.19 11.20 10.82 10.64 10.99 11.39 17.08 17.67 17.74 16.74 17.96 20.15 21.61 17.74 17.74 17.74 16.06 16.57 14.82 8.25 7.15 7.30 6.28 3.58 2.04 0.00 0.00 4.02 5.55 5.04 7.66 8.54 14.02 13.14 9.78 10.00 9.42 9.34 4.89 6.64 6.64 7.81 8.32 4.82 7.37 3.14 8.18 12.05 12.48 13.51 18.32 15.04 19.13 20.37 18.18 13.07
2.19 0.44 2.85 0.00 0.00 0.00 0.00 0.00 0.00 0.00 0.00 3.50 4.67 2.12 1.83 1.75 1.68 0.00 0.00 0.00 0.00 8.10 6.94 12.19 13.36 13.29 13.43 14.02 11.02 10.80 10.44 10.59 10.66 11.39 17.17 17.75 17.74 16.65 18.14 20.15 21.39 17.74 17.74 17.74 16.06 16.57 14.82 8.25 7.15 7.30 6.28 3.58 2.04 0.00 0.00 4.02 5.55 5.04 7.66 8.54 14.02 13.14 9.78 10.00 9.42 9.34 4.89 6.64 6.64 7.81 8.32 4.82 7.37 3.14 8.18 12.05 12.48 13.51 18.32 15.04 19.13 20.37 18.18 13.07
7.30 4.23 4.38 2.41 0.00 2.48 1.90 2.74 4.08 3.50 3.72 0.00 1.46 1.17 0.07 0.00 0.00 0.00 0.00 0.88 0.00 5.48 6.50 12.41 11.90 13.29 14.67 12.12 11.02 11.24 10.29 10.00 10.73 10.95 9.86 13.07 12.78 12.70 11.96 11.24 8.83 13.36 12.92 12.92 14.53 13.72 12.56 12.78 12.41 11.83 10.00 6.28 2.92 3.87 3.58 6.94 9.13 8.91 8.76 10.73 14.38 9.13 10.15 7.66 3.72 0.00 0.00 0.00 0.00 0.00 2.70 0.00 0.00 3.58 0.00 8.83 11.97 13.21 14.24 12.85 18.83 18.76 16.28 11.53
9.49 6.20 0.00 2.92 0.00 3.43 4.02 5.71 5.26 4.09 4.82 2.12 2.56 1.53 0.58 0.00 0.00 0.00 0.00 0.00 0.00 2.19 5.55 9.71 12.70 11.75 13.80 11.53 12.26 9.71 10.15 8.83 9.86 8.32 7.88 7.15 9.56 9.42 9.86 9.42 8.25 5.33 9.49 9.49 8.83 10.88 11.10 11.53 11.83 11.68 12.41 10.00 6.20 3.65 3.94 5.40 9.05 9.05 9.27 8.69 11.61 8.54 7.37 3.21 2.70 2.92 0.00 0.00 0.00 0.00 0.00 0.00 0.00 0.00 0.00 10.07 3.21 8.03 13.07 12.19 15.11 9.78 10.73 10.59
