Wansh/Snow_depth/snowdepth-1992/winter/1993028.txt
ncols 321
nrows 161
xllcenter 60
yllcenter 15 
cellsize  0.25 
NODATA_value -1
[rows 0 to 36 of 161, columns 0 to 83 of 321]
5.55 5.55 10.44 13.14 12.78 14.38 15.26 15.62 18.18 18.25 18.40 18.91 20.15 19.86 18.54 18.61 18.61 17.96 17.16 17.59 17.01 17.01 20.22 20.15 18.69 19.05 19.05 18.32 18.54 19.20 19.13 20.00 20.08 17.52 18.32 17.96 19.20 17.96 18.18 18.76 18.40 18.25 18.25 18.54 18.76 20.15 20.00 19.35 21.24 20.95 23.36 23.36 23.36 23.65 23.73 21.10 21.90 21.90 22.27 20.73 21.24 18.76 17.45 17.81 16.06 15.55 15.55 15.77 14.09 14.67 12.70 11.61 11.97 8.69 7.30 5.77 5.77 5.33 4.16 0.00 0.00 0.00 0.00 0.00
12.12 12.12 13.80 14.97 17.30 18.18 17.89 18.47 19.35 20.08 20.08 20.08 19.56 19.93 20.15 19.64 18.25 19.13 18.40 17.37 17.59 17.81 17.16 16.50 16.79 16.43 16.43 18.18 18.40 17.45 17.30 17.89 17.81 18.69 18.10 19.56 19.78 18.47 18.83 18.47 18.47 17.59 17.96 18.18 17.89 19.86 20.37 20.81 22.19 24.09 23.94 23.94 24.97 24.97 25.26 24.97 24.75 23.00 21.75 21.90 19.93 18.61 18.61 18.61 16.43 16.06 14.60 12.19 12.63 10.95 9.56 10.29 9.20 7.30 7.52 6.72 6.72 4.23 2.56 1.31 0.95 0.00 0.00 0.00
9.64 9.64 15.77 17.08 17.81 18.25 18.10 19.20 19.20 19.78 19.71 19.78 19.42 20.22 18.47 18.98 18.61 18.32 18.25 17.74 17.96 16.06 16.57 16.06 16.28 16.35 16.35 16.57 16.06 15.99 16.35 16.72 17.89 18.54 19.05 18.83 18.91 17.74 0.00 0.00 18.47 18.83 18.54 18.91 20.88 20.08 21.10 21.61 21.53 22.12 19.93 19.93 20.81 18.54 20.59 23.65 22.19 22.48 21.24 19.64 19.78 18.32 17.89 17.45 17.01 14.38 14.53 12.70 9.86 8.69 9.20 0.00 0.00 0.00 0.00 0.00 0.00 0.00 0.00 0.00 0.00 0.00 0.37 0.00
9.64 9.64 15.77 17.08 17.81 18.25 18.10 19.20 19.20 19.78 19.71 19.78 19.42 20.22 18.47 18.98 18.61 18.32 18.25 17.74 17.96 16.06 16.57 16.06 16.28 16.35 16.35 16.57 16.06 15.99 16.35 16.72 17.89 18.54 19.05 18.83 18.91 17.74 0.00 0.00 18.47 18.83 18.54 18.91 20.88 20.08 21.10 21.61 21.53 22.12 19.93 19.93 20.81 18.54 20.59 23.65 22.19 22.48 21.24 19.64 19.78 18.32 17.89 17.45 17.01 14.38 14.53 12.70 9.86 8.69 9.20 0.00 0.00 0.00 0.00 0.00 0.00 0.00 0.00 0.00 0.00 0.00 0.37 0.00
16.35 16.35 16.50 16.94 18.18 18.98 18.76 19.27 19.13 20.66 19.78 20.15 19.64 19.64 18.54 18.98 19.20 18.25 17.23 16.50 17.30 16.57 16.72 16.64 17.23 16.57 16.57 16.79 15.99 16.50 16.35 16.94 18.18 17.23 18.10 18.25 18.18 18.03 0.00 0.00 18.54 18.54 18.47 19.42 19.20 20.37 20.15 20.08 20.88 18.69 19.93 19.93 15.91 15.55 18.91 20.08 19.64 19.64 19.42 19.13 16.79 14.60 15.33 15.04 14.45 12.41 12.99 10.95 8.83 9.20 0.00 0.00 0.00 0.00 0.00 0.00 0.00 0.00 0.00 0.00 0.00 0.00 0.00 0.00
20.73 20.73 20.29 20.29 20.44 20.08 19.71 22.63 22.34 22.48 21.02 20.51 18.91 19.20 19.05 17.59 18.18 18.03 17.74 16.64 16.79 16.79 16.94 17.01 17.23 15.91 15.91 16.28 16.28 15.77 16.64 15.70 18.25 18.61 18.47 19.05 18.25 18.32 18.25 18.18 18.10 18.40 19.20 18.98 19.20 19.64 16.35 14.31 14.24 13.36 11.68 11.68 12.19 11.17 13.51 12.99 14.75 14.45 15.40 15.40 15.77 13.72 13.72 13.51 12.56 12.56 11.90 10.15 10.73 8.32 0.00 8.69 0.00 0.00 0.00 0.00 0.00 0.00 0.00 0.00 0.00 0.00 0.00 0.00
20.29 20.29 20.29 21.53 22.92 22.92 22.92 22.92 22.92 21.61 19.78 20.44 18.83 17.59 16.94 17.01 17.96 18.10 18.40 17.16 17.16 16.43 16.57 17.08 16.13 16.06 16.06 16.43 16.06 15.91 16.43 18.32 18.69 18.69 18.32 18.18 18.98 19.20 18.98 18.18 16.06 18.18 18.40 18.32 18.32 16.94 16.86 16.57 15.62 15.91 13.14 13.14 10.00 10.29 10.37 12.70 12.78 12.99 13.87 13.21 13.87 12.48 11.83 11.53 12.05 11.32 11.53 10.22 8.10 5.18 6.50 0.00 0.00 0.00 0.00 0.00 0.00 0.00 0.00 0.00 0.00 0.00 0.00 0.00
20.29 20.29 20.29 21.53 22.92 22.92 22.92 22.92 22.92 21.61 19.78 20.44 18.83 17.59 16.94 17.01 17.96 18.10 18.40 17.16 17.16 16.43 16.57 17.08 16.13 16.06 16.06 16.43 16.06 15.91 16.43 18.32 18.69 18.69 18.32 18.18 18.98 19.20 18.98 18.18 16.06 18.18 18.40 18.32 18.32 16.94 16.86 16.57 15.62 15.91 13.14 13.14 10.00 10.29 10.37 12.70 12.78 12.99 13.87 13.21 13.87 12.48 11.83 11.53 12.05 11.32 11.53 10.22 8.10 5.18 6.50 0.00 0.00 0.00 0.00 0.00 0.00 0.00 0.00 0.00 0.00 0.00 0.00 0.00
20.73 20.73 20.81 20.95 22.12 22.63 22.41 22.70 22.85 21.53 19.05 18.69 18.54 17.89 19.71 18.98 19.20 18.83 19.13 17.74 16.79 17.96 18.25 18.10 18.03 16.35 16.35 15.62 15.55 17.96 17.81 17.08 18.91 17.45 17.37 17.59 17.16 17.01 17.16 17.08 15.48 12.70 13.51 13.58 15.18 15.18 15.40 14.45 14.67 12.34 7.37 7.37 8.61 3.36 2.56 8.10 10.51 7.37 10.29 12.78 10.95 12.41 11.75 10.07 9.27 10.51 8.32 7.15 0.00 0.00 0.00 0.00 0.00 0.00 0.00 0.00 0.00 0.00 0.00 0.00 0.00 0.00 0.00 0.00
20.08 20.08 20.73 21.61 21.90 21.68 22.05 20.44 19.42 18.91 19.27 19.78 19.20 19.86 19.93 19.71 18.83 19.13 19.05 17.89 18.40 18.25 17.89 17.67 17.01 17.01 17.01 16.86 18.76 18.25 20.15 19.64 19.56 18.83 17.74 16.21 15.84 14.97 15.26 17.08 15.62 14.31 13.65 15.33 15.18 16.13 14.67 13.29 12.12 12.19 10.37 10.37 3.36 0.00 0.00 2.04 4.82 4.16 8.18 10.37 9.86 10.66 10.22 10.15 9.86 8.18 0.00 7.15 0.00 0.00 0.00 0.00 0.00 0.00 0.00 0.00 0.00 0.00 0.00 0.00 0.00 0.00 0.00 10.66
20.00 20.00 20.29 20.66 20.73 19.93 20.22 20.00 19.64 21.10 20.08 20.59 20.59 20.59 19.35 19.93 18.69 20.22 19.05 19.27 18.10 17.08 17.23 16.50 17.67 19.05 19.05 18.91 19.71 20.29 20.29 19.35 18.98 18.91 18.40 17.89 17.96 16.50 17.96 17.37 18.91 16.79 13.94 15.91 15.91 16.13 15.04 13.14 14.09 11.24 9.42 9.42 6.94 7.37 4.09 1.61 4.02 4.02 5.99 8.69 6.50 5.91 10.07 5.84 0.00 0.00 0.00 0.00 0.00 0.00 0.00 0.00 0.00 0.00 0.00 0.00 0.00 0.00 0.00 0.00 0.00 0.00 10.15 10.29
20.00 20.00 20.29 20.66 20.73 19.93 20.22 20.00 19.64 21.10 20.08 20.59 20.59 20.59 19.35 19.93 18.69 20.22 19.05 19.27 18.10 17.08 17.23 16.50 17.67 19.05 19.05 18.91 19.71 20.29 20.29 19.35 18.98 18.91 18.40 17.89 17.96 16.50 17.96 17.37 18.91 16.79 13.94 15.91 15.91 16.13 15.04 13.14 14.09 11.24 9.42 9.42 6.94 7.37 4.09 1.61 4.02 4.02 5.99 8.69 6.50 5.91 10.07 5.84 0.00 0.00 0.00 0.00 0.00 0.00 0.00 0.00 0.00 0.00 0.00 0.00 0.00 0.00 0.00 0.00 0.00 0.00 10.15 10.29
19.13 19.13 19.64 18.83 19.35 20.15 20.59 20.37 20.44 21.10 21.61 21.46 20.08 20.37 19.42 18.69 18.61 19.56 19.86 18.54 18.54 17.45 17.01 16.94 16.13 19.49 19.49 20.44 20.00 19.27 19.27 18.98 19.42 18.98 19.64 18.61 18.83 18.69 19.56 19.56 19.64 17.89 16.13 16.64 14.67 14.60 15.40 14.53 12.34 12.99 10.95 10.95 9.86 6.64 7.30 3.14 3.36 2.56 5.48 5.69 5.77 5.04 0.00 0.00 0.00 0.00 0.00 0.00 0.00 0.00 0.00 0.00 0.00 0.00 0.00 0.00 0.00 0.00 0.00 0.00 0.00 0.00 0.00 0.00
17.59 17.59 17.89 18.03 18.83 20.44 21.53 21.46 21.68 21.46 21.53 20.59 20.44 19.71 19.86 19.05 19.71 19.71 19.49 19.86 17.30 17.81 15.62 15.48 17.37 16.64 16.64 18.91 19.05 18.61 19.93 19.42 19.05 19.05 17.52 18.76 18.61 18.18 18.18 17.08 15.26 18.25 15.77 14.09 14.31 14.09 13.72 13.07 13.29 11.39 10.59 10.59 10.44 7.96 4.82 4.89 3.43 2.04 0.00 3.80 0.00 0.00 0.00 0.00 0.00 0.00 0.00 0.00 0.00 0.00 0.00 0.00 0.00 0.00 0.00 0.00 0.00 0.00 0.00 0.00 0.00 0.00 0.00 0.00
16.64 16.64 18.61 20.37 20.66 20.66 21.53 20.08 21.17 21.02 21.24 21.53 21.02 20.44 18.98 18.98 19.20 19.13 19.56 19.78 17.08 14.82 15.11 15.04 15.70 17.45 17.45 17.16 18.98 20.29 20.00 19.42 18.32 18.61 16.79 15.77 15.77 17.74 16.28 14.60 14.67 14.67 14.75 14.82 13.14 12.41 12.34 12.41 11.10 11.24 9.64 9.64 8.76 8.98 5.62 2.34 1.61 1.75 0.00 0.00 0.00 0.00 0.00 0.00 0.00 0.00 0.00 0.00 0.00 0.00 0.00 0.00 0.00 0.00 0.00 0.00 0.00 0.00 0.00 0.00 0.00 0.00 0.00 0.00
18.25 18.25 18.98 20.51 20.81 19.64 19.86 19.71 19.71 20.81 21.17 19.35 17.96 18.47 16.64 16.43 18.40 18.32 17.52 17.16 17.59 18.61 15.99 16.50 16.06 17.59 17.59 18.69 18.03 19.42 18.54 18.61 16.21 14.02 15.84 15.04 14.16 14.16 14.16 14.09 14.31 14.02 14.38 13.14 13.21 11.39 10.88 10.07 10.51 10.00 8.54 8.54 9.13 6.72 0.00 0.00 0.00 0.00 0.00 0.00 0.00 0.00 0.00 0.00 0.00 0.00 0.00 0.00 0.00 0.00 0.00 0.00 0.00 0.00 0.00 0.00 0.00 0.00 0.00 0.00 0.00 0.00 0.00 0.00
18.25 18.25 18.98 20.51 20.81 19.64 19.86 19.71 19.71 20.81 21.17 19.35 17.96 18.47 16.64 16.43 18.40 18.32 17.52 17.16 17.59 18.61 15.99 16.50 16.06 17.59 17.59 18.69 18.03 19.42 18.54 18.61 16.21 14.02 15.84 15.04 14.16 14.16 14.16 14.09 14.31 14.02 14.38 13.14 13.21 11.39 10.88 10.07 10.51 10.00 8.54 8.54 9.13 6.72 0.00 0.00 0.00 0.00 0.00 0.00 0.00 0.00 0.00 0.00 0.00 0.00 0.00 0.00 0.00 0.00 0.00 0.00 0.00 0.00 0.00 0.00 0.00 0.00 0.00 0.00 0.00 0.00 0.00 0.00
20.44 20.44 21.32 19.78 20.37 19.35 20.00 20.73 21.10 20.95 20.37 18.32 17.59 16.57 16.86 15.99 16.13 17.01 16.72 18.76 18.47 18.25 17.08 16.79 17.01 16.64 16.64 17.08 17.74 17.01 18.54 15.84 16.50 13.29 11.39 13.21 13.21 12.78 12.34 11.75 12.48 13.80 13.65 12.78 11.24 11.39 10.73 9.78 8.76 9.20 7.88 7.88 7.59 0.00 0.00 0.00 0.00 0.00 0.00 0.00 0.00 0.00 0.00 0.00 0.00 0.00 0.00 0.00 0.00 0.00 0.00 0.00 0.00 0.00 0.00 0.00 0.00 0.00 0.00 0.00 0.00 0.00 0.00 0.00
21.39 21.39 21.39 20.00 21.10 22.27 21.68 21.39 21.24 19.78 17.96 18.47 17.01 16.21 16.21 15.18 16.72 18.10 19.56 19.49 18.54 18.25 18.10 17.45 17.96 17.89 17.89 17.67 16.35 15.11 14.82 14.02 11.61 10.00 10.15 8.83 8.83 11.02 10.37 11.39 10.80 11.53 10.15 9.34 9.49 10.07 9.20 9.20 0.00 7.66 7.52 7.52 7.23 0.00 0.00 0.00 0.00 0.00 0.00 0.00 0.00 0.00 0.00 0.00 0.00 0.00 3.29 0.00 0.00 5.77 0.00 0.00 5.69 5.18 0.00 0.00 0.00 7.52 7.88 0.00 5.62 4.53 0.00 0.00
20.95 20.95 21.68 21.90 21.97 22.27 22.34 20.95 21.32 19.20 18.25 17.23 17.45 16.21 16.79 17.52 17.23 17.96 20.44 19.35 19.49 17.89 19.13 18.76 18.25 17.52 17.52 15.11 15.40 14.53 12.92 9.42 10.22 7.88 7.37 7.23 7.96 8.61 8.32 10.73 10.66 9.56 9.64 8.91 0.00 0.00 0.00 0.00 0.00 0.00 0.00 0.00 0.00 0.00 0.00 0.00 0.00 0.00 0.00 0.00 0.00 0.00 6.72 0.00 5.99 4.82 5.91 6.79 6.64 6.94 7.45 6.35 5.99 6.28 5.91 0.00 0.00 6.42 6.64 7.23 7.45 5.11 4.60 4.09
23.36 23.36 22.85 22.92 22.92 21.90 21.17 20.51 18.69 18.18 18.54 17.52 17.81 17.81 17.16 17.96 18.69 18.47 18.32 18.98 18.91 18.40 19.20 18.69 18.18 17.59 17.59 15.11 12.99 13.14 11.61 8.83 6.79 7.45 6.72 7.45 7.23 8.25 9.86 9.13 9.05 7.59 6.20 6.79 0.00 0.00 0.00 0.00 0.00 0.00 0.00 0.00 0.00 0.00 0.00 0.00 0.00 0.00 0.00 7.01 6.35 6.79 0.00 8.18 8.25 6.13 6.20 7.15 8.25 8.47 7.74 7.01 5.99 4.74 6.42 6.64 6.64 6.79 7.66 7.96 7.66 7.96 6.50 5.48
22.85 22.85 23.00 22.78 21.90 22.34 20.51 17.81 16.13 16.06 16.13 17.52 17.96 18.40 17.96 18.10 18.10 18.03 18.98 18.32 19.13 18.91 19.20 18.61 17.45 14.09 14.09 15.40 12.26 10.37 10.29 9.64 8.69 8.47 8.91 8.76 9.71 8.83 9.78 8.76 7.59 7.59 7.01 0.00 0.00 0.00 0.00 0.00 0.00 0.00 0.00 0.00 0.00 0.00 0.00 0.00 8.47 7.66 7.88 7.52 7.59 8.03 8.25 7.96 8.54 8.40 8.69 8.18 8.61 7.52 7.45 6.79 5.18 7.30 5.99 5.69 5.69 6.57 7.23 5.55 6.13 6.06 6.28 4.53
22.85 22.85 23.00 22.78 21.90 22.34 20.51 17.81 16.13 16.06 16.13 17.52 17.96 18.40 17.96 18.10 18.10 18.03 18.98 18.32 19.13 18.91 19.20 18.61 17.45 14.09 14.09 15.40 12.26 10.37 10.29 9.64 8.69 8.47 8.91 8.76 9.71 8.83 9.78 8.76 7.59 7.59 7.01 0.00 0.00 0.00 0.00 0.00 0.00 0.00 0.00 0.00 0.00 0.00 0.00 0.00 8.47 7.66 7.88 7.52 7.59 8.03 8.25 7.96 8.54 8.40 8.69 8.18 8.61 7.52 7.45 6.79 5.18 7.30 5.99 5.69 5.69 6.57 7.23 5.55 6.13 6.06 6.28 4.53
23.21 23.21 22.19 21.39 21.10 19.35 17.96 18.25 16.72 17.08 17.67 17.52 17.52 18.18 18.10 17.89 17.89 17.23 19.56 20.08 18.98 19.71 17.81 16.50 16.21 13.58 13.58 0.00 11.75 10.44 10.88 10.66 9.93 9.86 8.98 9.34 9.34 11.17 11.32 10.15 8.40 7.74 7.81 0.00 0.00 0.00 0.00 0.00 0.00 0.00 0.00 0.00 0.00 0.00 0.00 0.00 8.98 9.42 10.95 10.00 9.93 9.64 9.05 9.86 8.98 9.42 10.15 9.42 9.20 7.88 6.72 6.50 6.20 5.48 4.38 4.74 4.74 5.40 3.72 3.94 4.82 3.72 3.72 4.82
21.24 21.24 21.32 21.61 18.69 19.93 18.54 18.32 18.25 17.45 17.96 17.81 17.81 17.89 18.18 18.47 19.27 19.20 19.56 19.05 18.91 18.91 17.30 15.62 13.07 13.72 13.72 0.00 7.74 10.44 10.37 10.07 8.98 10.51 9.64 10.07 10.88 10.88 11.02 11.10 0.00 8.91 0.00 0.00 0.00 0.00 0.00 0.00 0.00 0.00 0.00 0.00 11.24 11.75 11.75 11.61 11.97 11.39 11.39 11.46 10.44 11.32 11.02 10.44 11.68 10.29 10.15 10.80 10.51 9.93 9.78 9.71 8.10 6.20 5.99 4.89 4.89 3.87 3.50 3.72 3.29 3.50 3.80 4.96
19.71 19.71 17.16 16.79 17.16 17.67 14.75 17.59 18.54 18.98 18.54 18.54 18.47 18.47 18.18 18.61 18.98 17.45 17.74 17.96 16.21 16.94 15.84 16.21 0.00 0.00 0.00 0.00 6.57 7.66 8.61 8.98 8.03 8.61 10.88 10.66 11.32 10.51 10.66 10.51 0.00 0.00 0.00 0.00 0.00 0.00 0.00 0.00 0.00 10.88 10.66 10.66 11.02 12.34 12.19 12.34 11.90 12.56 12.26 12.85 11.83 12.05 11.32 11.46 11.53 11.17 12.12 12.12 13.14 13.43 14.02 10.66 10.07 10.29 8.40 5.99 5.99 5.04 5.84 3.50 3.14 5.33 4.67 5.55
16.43 16.43 15.40 14.82 12.56 13.21 13.14 15.84 17.74 18.54 19.27 19.13 19.35 18.10 19.93 20.00 18.40 17.30 18.03 15.99 15.55 18.47 16.43 0.00 0.00 0.00 0.00 6.50 6.28 6.94 7.30 7.23 7.15 7.96 10.59 11.10 10.88 11.46 10.51 10.51 9.86 0.00 0.00 0.00 0.00 0.00 0.00 0.00 0.00 10.88 11.10 11.10 10.73 11.53 11.97 12.48 11.17 12.26 12.26 12.48 13.21 12.99 11.68 12.41 12.78 11.83 13.58 13.14 12.70 13.43 14.53 11.83 10.73 10.95 10.66 8.76 8.76 9.56 7.52 5.48 6.79 6.72 7.74 9.49
16.50 16.50 15.62 14.09 11.90 12.41 14.02 17.81 17.08 19.27 20.00 19.42 20.73 21.02 21.46 22.48 19.86 19.42 21.02 18.18 19.56 18.98 16.43 0.00 6.35 6.35 6.35 6.50 6.64 6.72 6.50 8.25 8.76 8.10 9.71 10.88 11.75 11.61 12.19 11.10 10.22 0.00 0.00 10.15 10.07 8.54 0.00 8.98 10.66 10.88 10.73 10.73 10.66 10.80 11.53 11.02 11.97 11.68 13.58 13.29 12.34 12.85 11.97 13.07 13.80 14.16 13.87 13.80 12.99 12.12 11.10 10.59 10.29 8.69 10.37 10.51 10.51 10.51 9.20 8.32 8.54 8.69 9.42 9.64
16.50 16.50 15.62 14.09 11.90 12.41 14.02 17.81 17.08 19.27 20.00 19.42 20.73 21.02 21.46 22.48 19.86 19.42 21.02 18.18 19.56 18.98 16.43 0.00 6.35 6.35 6.35 6.50 6.64 6.72 6.50 8.25 8.76 8.10 9.71 10.88 11.75 11.61 12.19 11.10 10.22 0.00 0.00 10.15 10.07 8.54 0.00 8.98 10.66 10.88 10.73 10.73 10.66 10.80 11.53 11.02 11.97 11.68 13.58 13.29 12.34 12.85 11.97 13.07 13.80 14.16 13.87 13.80 12.99 12.12 11.10 10.59 10.29 8.69 10.37 10.51 10.51 10.51 9.20 8.32 8.54 8.69 9.42 9.64
16.43 16.43 15.48 15.55 13.07 14.09 15.18 17.52 18.76 18.54 19.93 22.27 23.29 24.09 22.19 23.43 23.43 23.14 22.92 22.41 19.56 15.55 17.01 10.95 6.94 6.28 6.28 6.28 5.84 6.13 8.03 7.81 9.13 10.66 11.46 10.59 11.83 12.78 12.05 12.26 10.44 9.78 9.49 9.13 10.22 9.34 9.78 9.71 10.07 11.02 10.88 10.88 10.51 10.44 10.95 12.48 12.19 13.51 13.87 13.43 13.14 12.85 12.05 11.90 13.29 14.31 12.99 13.14 11.39 13.36 10.37 8.91 7.01 8.25 10.22 10.95 10.95 10.22 10.51 9.27 9.64 7.74 8.47 10.00
16.43 16.43 15.40 15.26 15.40 14.97 15.40 18.40 19.93 21.39 23.14 23.07 22.92 23.65 21.53 23.51 22.70 19.05 21.10 16.13 17.30 15.84 11.32 7.88 7.30 5.48 5.48 6.06 6.20 7.81 8.98 9.78 9.64 10.95 12.92 13.94 14.31 13.36 13.51 12.26 12.70 10.73 10.22 11.02 11.10 10.44 9.27 9.42 10.37 9.56 10.00 10.00 10.73 11.90 12.63 12.56 12.78 12.41 12.78 13.07 13.07 11.02 10.66 11.97 12.34 12.41 12.41 11.61 10.22 11.02 6.28 6.50 6.57 7.52 8.83 8.47 8.47 8.98 8.69 7.23 6.50 7.66 7.74 6.64
15.18 15.18 15.33 16.64 17.01 17.23 18.18 17.89 19.56 20.00 22.78 22.05 21.83 22.63 18.83 19.20 15.04 14.60 17.59 14.53 12.48 12.70 12.34 8.69 7.45 6.28 6.28 7.37 9.64 11.46 11.61 10.95 11.83 13.65 13.36 14.60 14.67 14.89 14.89 14.09 13.07 10.80 9.42 9.86 11.75 12.56 12.99 13.14 12.12 11.68 12.19 12.19 11.39 11.32 12.41 12.63 13.43 11.90 11.61 12.34 10.80 11.75 9.86 11.10 10.51 11.39 11.17 8.47 6.94 6.79 5.91 7.01 7.45 7.59 7.52 7.37 7.37 7.08 6.06 6.86 6.35 6.20 5.84 6.06
15.26 15.26 15.26 17.67 16.13 16.50 16.79 16.13 18.69 18.47 20.66 21.68 20.00 17.16 18.25 10.88 9.56 8.10 8.03 11.46 10.66 10.66 12.92 10.29 8.10 10.66 10.66 8.25 11.02 11.97 11.32 12.05 11.02 12.63 14.53 14.45 14.38 14.31 14.45 14.60 13.58 11.02 10.07 11.02 10.66 12.99 13.43 13.29 12.99 12.92 13.43 13.43 13.87 14.45 15.48 14.02 14.16 13.65 13.65 12.85 11.68 12.78 11.24 10.80 11.02 11.97 11.90 7.74 5.77 5.33 5.62 4.67 6.64 7.66 6.50 3.72 3.72 4.96 6.42 5.84 6.06 5.69 5.18 4.74
14.60 14.60 12.26 14.75 14.38 15.70 13.94 15.55 17.52 20.51 19.78 21.10 18.03 16.06 10.37 11.68 6.79 6.94 6.06 8.76 8.32 9.49 10.15 10.37 10.59 11.61 11.61 13.21 13.14 13.36 11.83 10.80 10.59 10.51 11.83 12.19 12.85 14.67 14.31 13.21 10.95 11.39 10.95 10.51 12.56 12.41 13.36 12.99 12.78 15.04 15.84 15.84 15.77 15.84 16.86 16.21 15.99 14.67 15.11 14.97 13.14 12.48 11.02 11.32 9.78 10.37 10.22 6.35 6.86 4.89 1.46 1.97 3.58 5.26 1.83 3.36 3.36 5.40 6.72 7.30 5.91 6.06 7.96 5.69
11.32 11.32 10.37 12.26 10.95 13.58 12.99 14.53 15.77 18.25 18.03 17.37 18.03 14.38 11.32 9.27 9.56 7.96 7.81 7.59 9.49 8.25 15.77 16.35 12.34 12.78 12.78 12.05 12.78 13.94 12.99 10.95 9.49 9.93 9.05 9.56 10.95 12.34 12.12 13.43 11.39 10.51 10.29 10.80 12.41 12.34 13.43 14.38 15.11 14.60 15.26 15.26 16.06 15.70 16.21 15.91 16.06 16.43 16.06 16.06 10.15 11.97 11.53 8.83 5.91 2.19 1.97 5.33 0.07 0.00 1.31 0.37 1.31 3.87 3.94 3.80 3.80 6.42 10.29 9.86 14.16 12.78 8.40 8.40
11.32 11.32 10.37 12.26 10.95 13.58 12.99 14.53 15.77 18.25 18.03 17.37 18.03 14.38 11.32 9.27 9.56 7.96 7.81 7.59 9.49 8.25 15.77 16.35 12.34 12.78 12.78 12.05 12.78 13.94 12.99 10.95 9.49 9.93 9.05 9.56 10.95 12.34 12.12 13.43 11.39 10.51 10.29 10.80 12.41 12.34 13.43 14.38 15.11 14.60 15.26 15.26 16.06 15.70 16.21 15.91 16.06 16.43 16.06 16.06 10.15 11.97 11.53 8.83 5.91 2.19 1.97 5.33 0.07 0.00 1.31 0.37 1.31 3.87 3.94 3.80 3.80 6.42 10.29 9.86 14.16 12.78 8.40 8.40
5.48 5.48 8.10 9.34 10.29 12.70 12.78 14.24 14.02 16.94 17.08 16.64 14.53 14.67 12.05 10.15 10.29 9.42 9.71 9.93 10.44 15.91 14.75 16.50 11.17 8.61 8.61 8.69 10.88 13.87 12.34 12.78 9.42 7.45 8.54 10.51 9.93 12.05 11.32 11.02 10.73 10.80 10.22 10.22 12.26 11.68 13.72 14.82 15.77 15.70 16.21 16.21 14.89 16.35 15.04 16.06 13.07 15.18 16.43 8.32 8.69 3.87 5.62 5.04 2.34 1.39 0.37 0.00 0.07 0.88 1.61 5.11 5.77 7.01 9.05 11.61 11.61 11.75 11.90 12.05 15.48 16.43 17.08 12.70
