Wansh/Snow_depth/snowdepth-1992/winter/1993019.txt
ncols 321
nrows 161
xllcenter 60
yllcenter 15 
cellsize  0.25 
NODATA_value -1
[rows 0 to 36 of 161, columns 168 to 251 of 321]
10.37 7.15 6.42 6.57 5.69 5.91 6.86 6.57 6.86 6.86 7.74 7.59 7.52 7.81 8.10 7.66 7.66 9.34 10.51 10.51 10.00 10.22 10.66 10.66 10.66 10.15 10.73 8.40 0.00 0.00 10.22 12.12 12.12 12.12 14.60 14.60 11.97 11.53 11.32 11.39 11.02 11.97 11.53 11.24 11.10 12.05 11.32 12.26 10.15 10.73 9.20 7.30 8.61 8.32 9.64 10.15 9.56 11.83 11.75 12.05 12.05 12.34 13.65 12.85 16.94 17.96 18.25 16.43 16.43 13.36 11.83 12.05 11.39 11.39 11.10 13.36 12.63 14.60 17.08 17.08 16.21 14.75 14.45 12.48
12.85 10.22 10.29 7.52 5.69 5.99 5.99 6.20 6.57 6.57 6.35 8.25 8.54 7.88 8.18 7.96 9.13 10.73 10.88 10.51 11.46 10.37 11.32 11.10 10.29 8.61 1.46 0.00 0.00 0.00 0.00 2.92 0.00 8.83 11.17 11.17 11.32 11.53 12.63 12.41 14.02 14.31 13.72 13.43 13.94 12.34 10.95 11.75 8.25 8.10 7.66 7.37 10.22 10.22 9.86 11.39 11.32 11.39 10.88 12.26 12.26 12.26 13.29 16.21 15.99 16.35 17.52 17.52 15.04 15.55 12.41 11.75 11.75 11.68 11.61 12.05 13.80 14.38 13.80 12.48 12.92 12.34 10.22 10.29
15.40 13.58 12.26 9.05 9.78 7.52 6.72 6.86 6.28 6.28 6.20 7.15 7.59 7.37 7.74 9.13 11.32 13.43 11.02 10.88 11.68 11.10 10.88 10.29 10.66 9.78 1.83 0.00 0.00 0.00 0.00 0.00 0.00 1.31 11.10 11.10 10.59 10.59 13.36 15.18 14.82 15.04 14.02 12.34 12.70 11.24 10.00 8.83 9.05 10.22 9.86 10.95 10.44 10.73 10.80 11.10 10.44 10.80 10.66 11.39 11.39 13.36 13.07 14.24 15.70 15.33 15.55 12.99 14.97 12.41 11.17 11.24 11.53 11.46 10.88 9.27 9.42 12.05 11.46 11.68 10.51 10.44 10.37 11.10
15.40 13.58 12.26 9.05 9.78 7.52 6.72 6.86 6.28 6.28 6.20 7.15 7.59 7.37 7.74 9.13 11.32 13.43 11.02 10.88 11.68 11.10 10.88 10.29 10.66 9.78 1.83 0.00 0.00 0.00 0.00 0.00 0.00 1.31 11.10 11.10 10.59 10.59 13.36 15.18 14.82 15.04 14.02 12.34 12.70 11.24 10.00 8.83 9.05 10.22 9.86 10.95 10.44 10.73 10.80 11.10 10.44 10.80 10.66 11.39 11.39 13.36 13.07 14.24 15.70 15.33 15.55 12.99 14.97 12.41 11.17 11.24 11.53 11.46 10.88 9.27 9.42 12.05 11.46 11.68 10.51 10.44 10.37 11.10
16.72 14.02 14.53 11.61 7.88 9.05 7.59 7.96 6.35 6.35 7.15 9.42 9.27 9.13 9.78 14.09 15.55 11.75 13.65 11.75 13.80 10.37 9.71 7.59 0.00 0.00 0.00 0.00 0.00 0.00 1.31 0.00 8.91 9.64 9.20 9.20 9.05 10.15 10.80 12.63 13.94 13.72 13.51 14.31 11.68 10.73 10.66 11.68 11.24 11.24 10.44 10.95 10.29 10.29 10.51 10.66 10.59 9.64 10.80 10.51 10.51 11.90 13.94 13.87 14.24 14.38 14.75 11.61 10.59 11.75 10.44 9.93 9.86 8.91 8.54 8.91 8.69 8.40 9.71 10.59 10.66 10.80 11.75 11.46
19.27 17.81 18.32 14.02 10.66 12.99 10.51 13.14 9.05 9.05 9.42 11.68 11.02 12.92 13.21 15.26 13.21 13.80 16.13 9.42 6.50 4.89 0.00 0.00 0.00 0.00 0.00 0.00 0.00 0.00 7.15 0.00 2.99 9.27 9.56 9.56 10.44 11.75 11.24 12.56 14.31 15.26 15.70 15.62 13.72 13.51 12.26 12.41 12.12 10.29 11.32 11.10 10.88 10.29 10.44 9.71 8.98 8.98 8.91 10.88 10.88 10.59 11.68 13.21 13.36 11.24 9.64 10.51 9.78 9.78 9.86 9.20 8.10 8.47 7.37 7.23 7.74 8.69 10.22 9.93 10.66 11.83 11.83 13.36
18.10 20.73 20.66 19.27 18.40 15.77 15.26 16.13 13.43 13.43 14.02 11.90 13.07 14.53 15.33 13.07 15.91 11.68 7.96 7.15 4.02 0.00 0.00 0.00 0.00 0.00 0.00 0.00 4.23 7.59 4.53 9.27 10.73 10.29 10.51 10.51 14.02 14.82 14.02 12.85 12.99 15.11 13.21 14.31 14.16 14.45 13.87 12.92 13.29 11.10 12.34 10.80 10.88 9.71 9.27 9.49 8.54 8.40 8.32 9.42 9.42 10.88 11.97 11.61 11.17 9.78 10.00 9.93 9.42 9.71 8.10 8.40 6.94 6.72 6.72 6.50 6.42 6.06 6.35 10.49 10.87 13.69 14.60 15.92
18.10 20.73 20.66 19.27 18.40 15.77 15.26 16.13 13.43 13.43 14.02 11.90 13.07 14.53 15.33 13.07 15.91 11.68 7.96 7.15 4.02 0.00 0.00 0.00 0.00 0.00 0.00 0.00 4.23 7.59 4.53 9.27 10.73 10.29 10.51 10.51 14.02 14.82 14.02 12.85 12.99 15.11 13.21 14.31 14.16 14.45 13.87 12.92 13.29 11.10 12.34 10.80 10.88 9.71 9.27 9.49 8.54 8.40 8.32 9.42 9.42 10.88 11.97 11.61 11.17 9.78 10.00 9.93 9.42 9.71 8.10 8.40 6.94 6.72 6.72 7.51 8.86 8.72 8.70 17.83 17.95 18.22 18.79 16.52
14.45 20.08 17.08 18.25 18.47 15.55 15.18 14.09 15.04 15.04 14.89 14.67 14.97 15.18 11.97 11.97 10.51 12.05 12.34 11.02 3.50 0.00 0.00 0.00 0.00 0.00 2.92 1.46 6.64 8.32 6.28 9.93 10.95 13.94 15.18 15.18 15.04 15.40 14.09 11.24 11.61 13.43 12.85 13.65 15.18 13.87 14.16 14.45 14.60 13.21 13.51 11.53 10.00 10.00 9.49 8.47 8.32 8.18 9.56 12.05 12.05 11.53 11.68 11.83 12.12 10.51 9.93 10.15 8.61 7.23 8.40 7.15 6.13 6.70 7.54 8.92 9.45 8.63 6.97 12.01 12.80 10.21 11.76 12.74
9.86 14.24 13.43 16.28 15.48 16.72 14.31 14.82 14.02 14.02 14.45 14.97 12.92 9.56 10.22 11.32 0.37 7.23 0.00 0.00 0.00 0.00 0.00 0.00 0.00 3.43 6.42 8.40 8.69 9.42 10.59 8.91 10.80 12.12 13.94 13.94 12.19 12.48 12.41 11.46 12.78 16.43 15.62 15.62 15.04 14.82 14.82 14.82 14.75 12.99 11.90 12.12 10.88 8.91 8.83 10.15 9.49 14.02 13.94 13.29 13.29 13.87 14.38 12.63 11.75 12.05 9.93 8.32 8.91 7.15 7.37 7.37 7.06 8.42 9.20 8.65 8.78 9.39 11.68 10.60 10.58 11.86 13.53 13.31
13.29 10.59 9.64 12.85 16.21 13.94 15.26 15.55 14.60 14.60 9.78 10.37 2.48 9.93 1.39 0.00 0.00 5.62 0.00 0.00 5.69 4.82 7.08 7.30 5.84 8.32 8.69 10.15 10.29 10.66 11.10 10.22 10.07 10.51 11.68 11.68 12.56 12.85 15.99 17.01 16.79 17.59 16.72 14.67 13.80 14.24 10.51 10.59 12.48 12.19 12.92 11.53 11.46 11.90 11.39 11.53 14.53 16.64 17.52 18.03 18.03 15.91 14.09 14.60 11.46 9.64 10.07 8.32 8.47 7.66 7.37 7.74 8.01 6.97 6.25 8.47 10.33 9.69 8.42 9.31 11.03 10.92 10.98 10.58
13.29 10.59 9.64 12.85 16.21 13.94 15.26 15.55 14.60 14.60 9.78 10.37 2.48 9.93 1.39 0.00 0.00 5.62 0.00 0.00 5.69 4.82 7.08 7.30 5.84 8.32 8.69 10.15 10.29 10.66 11.10 10.22 10.07 10.51 11.68 11.68 12.56 12.85 15.99 17.01 16.79 17.59 16.72 14.67 13.80 14.24 10.51 10.59 12.48 12.19 12.92 11.53 11.46 11.90 11.39 11.53 14.53 16.64 17.52 18.03 18.03 15.91 14.09 14.60 11.46 9.64 10.07 8.32 8.47 7.66 7.37 7.74 7.81 6.86 6.06 7.87 9.20 8.98 8.98 9.66 11.03 10.69 12.06 11.32
17.16 11.39 12.19 9.56 9.56 9.78 8.25 6.28 6.28 6.28 0.00 0.66 0.00 0.00 0.00 0.00 0.00 0.00 3.94 2.41 7.37 8.54 9.42 9.56 9.64 9.71 9.49 11.61 10.37 10.29 11.61 11.83 12.12 13.51 12.78 12.78 14.75 14.75 14.82 15.91 15.62 15.62 15.77 14.31 12.19 10.07 10.37 9.64 11.24 12.41 12.48 11.68 11.97 12.12 12.48 14.97 15.48 15.55 16.21 14.60 14.60 14.67 14.38 13.29 13.94 10.44 8.98 9.13 9.56 10.37 8.18 8.25 7.66 7.81 7.41 8.22 10.69 8.46 9.48 9.15 10.54 11.49 11.79 11.82
16.50 14.60 15.40 12.63 12.56 8.98 8.18 0.80 0.00 0.00 0.00 0.00 0.00 0.00 0.00 0.00 0.00 0.58 5.11 8.98 10.37 10.59 10.73 9.93 11.39 10.22 10.59 10.37 11.17 11.10 9.78 12.78 12.92 11.53 11.97 11.97 12.56 12.12 14.09 15.26 16.21 16.06 14.09 14.53 13.07 10.88 12.26 12.26 11.02 11.90 11.32 11.68 11.83 12.48 11.97 13.29 14.45 14.45 15.04 14.60 14.60 16.13 15.91 15.33 14.02 14.75 14.16 10.95 10.95 11.10 12.48 11.90 8.98 9.07 9.63 10.72 10.06 11.38 11.68 10.77 11.54 9.51 10.00 8.95
19.64 20.08 18.32 15.40 16.43 13.36 5.99 9.93 0.00 0.00 0.00 5.91 1.75 1.46 0.00 4.31 0.00 7.88 8.47 9.34 10.15 10.15 10.51 10.73 10.73 10.59 10.80 10.80 10.80 11.75 10.44 10.07 11.10 11.39 11.97 11.97 12.92 13.72 15.11 14.60 15.70 13.58 13.21 12.63 13.29 13.29 13.72 13.21 12.26 12.41 12.05 11.17 11.02 11.61 14.16 13.80 14.53 14.67 15.40 15.11 15.11 16.28 16.86 17.23 15.77 15.77 15.99 14.60 15.11 14.45 14.45 14.31 14.84 19.84 15.76 12.61 12.24 12.33 11.25 11.23 11.46 9.39 10.72 8.34
19.56 18.54 17.81 16.43 15.99 14.67 14.75 12.26 13.58 13.58 8.69 11.68 7.66 8.54 9.34 7.37 8.32 7.30 8.32 9.20 9.49 10.29 10.66 10.95 9.42 9.64 9.78 10.07 9.56 10.37 10.80 11.32 11.90 12.92 12.48 12.48 12.85 13.65 13.58 12.56 12.26 12.19 12.19 12.92 13.58 12.05 12.41 12.63 12.56 11.46 11.90 10.51 12.26 11.53 13.80 15.33 15.33 15.26 16.28 16.72 16.72 16.50 18.25 19.64 18.47 18.10 15.04 16.57 16.21 20.81 21.10 18.81 18.07 16.35 19.13 15.90 15.45 13.86 11.95 11.62 12.08 11.25 8.72 8.99
19.56 18.54 17.81 16.43 15.99 14.67 14.75 12.26 13.58 13.58 8.69 11.68 7.66 8.54 9.34 7.37 8.32 7.30 8.32 9.20 9.49 10.29 10.66 10.95 9.42 9.64 9.78 10.07 9.56 10.37 10.80 11.32 11.90 12.92 12.48 12.48 12.85 13.65 13.58 12.56 12.26 12.19 12.19 12.92 13.58 12.05 12.41 12.63 12.56 11.46 11.90 10.51 12.26 11.53 13.80 15.33 15.33 15.26 16.28 16.72 16.72 16.50 18.25 19.64 18.47 18.10 15.04 16.57 16.21 20.81 21.10 23.10 16.94 17.77 17.18 19.67 15.67 15.32 12.18 10.48 11.68 9.67 9.48 10.21
14.09 18.47 18.32 15.99 16.13 12.85 12.70 12.92 12.26 12.26 11.83 9.56 9.56 8.98 9.64 8.69 9.71 12.78 11.83 10.73 11.10 10.22 10.59 10.00 9.42 9.93 10.15 10.37 8.98 8.47 11.90 12.41 12.34 13.07 13.58 13.58 14.09 13.94 14.02 13.21 14.02 14.31 14.24 14.45 12.12 11.32 10.51 11.83 11.61 10.15 8.47 8.61 10.66 11.83 10.80 13.21 15.40 16.28 17.23 16.79 16.79 17.67 17.59 19.13 18.47 17.89 17.89 18.25 21.61 21.17 22.77 22.13 26.62 18.64 17.58 21.24 18.80 14.50 13.11 15.67 12.23 10.50 11.21 10.11
13.94 18.47 17.81 17.67 17.89 15.48 14.60 10.07 9.49 9.49 8.61 8.25 10.73 10.44 12.05 12.41 13.29 13.14 11.83 10.44 11.46 11.17 9.93 10.51 10.59 10.66 9.78 10.66 11.61 12.26 12.26 11.97 12.85 15.18 14.89 14.89 13.87 13.58 13.65 14.67 14.24 15.11 14.31 12.05 12.63 11.39 11.10 11.17 11.10 10.66 8.32 9.27 8.76 9.13 9.64 14.09 13.72 14.53 15.11 15.84 15.84 16.35 14.53 14.97 17.52 17.45 17.96 17.01 20.81 21.42 21.31 21.97 20.22 19.26 22.29 20.55 17.50 16.71 14.70 13.86 12.55 12.01 11.02 11.72
14.38 12.99 13.72 16.64 16.50 16.64 12.19 11.46 9.27 9.27 9.27 9.93 11.68 15.26 14.60 14.31 13.65 12.26 12.05 13.07 13.07 12.19 16.13 12.63 11.17 11.68 10.51 10.51 11.10 12.26 14.67 15.77 15.70 15.77 15.62 15.62 14.75 15.33 15.04 14.02 14.16 14.31 14.45 13.21 13.21 12.99 12.70 11.61 10.73 11.17 8.83 10.15 9.42 7.96 8.76 8.25 13.43 12.78 13.21 12.19 12.19 13.14 13.14 11.90 10.44 15.26 14.89 15.55 14.82 15.84 16.86 19.64 20.88 19.35 17.08 19.23 18.76 20.76 23.50 18.80 16.72 13.42 11.27 13.76
12.48 11.02 10.29 12.78 14.31 11.32 11.32 11.61 11.24 11.24 11.02 11.17 12.19 16.64 19.42 15.40 15.99 15.33 15.48 15.62 15.18 14.82 18.98 15.04 11.97 11.32 11.39 10.07 12.12 14.24 15.55 17.37 16.79 18.83 16.94 16.94 17.52 16.13 14.38 14.16 14.24 13.94 12.70 12.92 12.56 9.71 9.86 10.37 9.64 10.44 11.75 11.24 9.42 7.74 7.66 7.01 10.29 11.90 12.12 10.29 10.29 8.25 9.56 10.15 7.66 7.45 12.12 13.36 14.97 14.97 14.09 15.77 17.59 18.69 19.36 19.13 22.96 21.05 20.89 18.36 20.98 15.44 15.40 13.33
9.78 11.10 10.29 11.61 9.93 10.29 11.61 12.12 12.19 12.19 13.58 16.43 16.28 17.45 19.35 18.47 17.37 16.72 22.05 21.90 20.37 18.25 19.27 15.77 12.78 12.99 16.72 12.78 12.70 16.06 16.35 17.45 18.47 19.35 18.69 18.69 16.50 14.97 15.70 14.97 14.82 16.06 13.51 14.16 11.83 9.93 8.25 9.56 9.71 10.73 13.36 11.02 11.10 9.34 7.37 9.78 9.42 9.56 9.49 9.93 9.93 6.79 0.00 3.50 3.58 5.18 8.10 7.52 12.70 12.78 14.75 14.24 17.08 18.91 19.47 20.80 25.20 19.32 22.44 17.89 14.51 16.44 17.45 15.49
9.78 11.10 10.29 11.61 9.93 10.29 11.61 12.12 12.19 12.19 13.58 16.43 16.28 17.45 19.35 18.47 17.37 16.72 22.05 21.90 20.37 18.25 19.27 15.77 12.78 12.99 16.72 12.78 12.70 16.06 16.35 17.45 18.47 19.35 18.69 18.69 16.50 14.97 15.70 14.97 14.82 16.06 13.51 14.16 11.83 9.93 8.25 9.56 9.71 10.73 13.36 11.02 11.10 9.34 7.37 9.78 9.42 9.56 9.49 9.93 9.93 6.79 0.00 3.50 3.58 5.18 8.10 7.52 12.70 12.78 14.75 14.24 17.08 18.91 18.69 20.91 19.57 16.99 18.80 20.82 17.74 16.79 13.67 14.29
10.37 9.49 10.37 10.37 10.80 10.44 12.92 14.53 17.01 17.01 16.50 17.52 20.37 20.37 20.08 19.86 18.83 22.48 22.27 21.68 19.35 16.57 14.53 14.31 14.16 14.53 14.82 18.98 14.89 20.37 18.40 19.05 17.59 18.18 16.94 16.94 18.25 17.96 17.67 20.95 21.61 19.35 20.44 17.89 14.97 14.31 17.08 12.34 11.97 14.60 14.67 9.78 8.10 9.05 6.50 8.18 8.25 8.61 5.55 4.02 4.02 0.00 0.00 0.00 2.92 1.39 7.88 9.05 11.32 10.88 13.80 17.30 16.64 18.83 19.35 18.78 20.06 23.73 20.03 17.32 17.48 10.90 11.51 12.45
9.93 11.90 13.80 13.72 13.29 12.34 12.85 12.05 16.94 16.94 21.02 20.22 22.34 26.21 20.37 22.92 22.34 22.41 21.68 20.66 19.35 17.45 15.55 16.35 17.23 18.47 18.32 20.66 21.17 19.93 18.40 18.03 17.74 18.98 18.91 18.91 18.98 20.81 24.53 23.29 23.58 22.78 23.07 21.39 18.25 15.91 17.52 9.71 8.54 4.31 6.72 7.74 5.26 6.50 6.94 6.42 6.35 4.74 5.18 0.00 0.00 0.00 0.00 0.00 2.04 7.23 6.28 9.42 11.97 14.31 13.72 15.84 16.50 17.67 19.17 20.14 17.14 19.91 19.43 15.97 14.23 11.11 11.09 14.35
11.68 13.51 14.67 12.63 10.07 7.59 11.39 10.07 15.04 15.04 21.17 24.82 24.31 25.70 24.09 23.21 21.68 22.12 22.12 20.37 21.10 18.10 16.79 16.64 17.08 18.40 18.47 19.27 20.88 20.59 21.46 21.68 20.66 21.10 24.89 24.89 25.62 25.33 25.40 23.51 24.89 24.31 17.96 15.62 17.37 7.96 6.42 6.64 5.77 3.07 3.29 4.67 4.53 5.26 5.26 4.60 4.82 4.74 2.34 3.29 3.29 0.00 0.00 3.07 1.97 6.57 10.37 12.26 12.26 14.45 15.18 15.11 15.42 17.70 17.86 20.75 18.11 12.31 11.80 16.62 9.77 8.48 8.13 9.11
12.56 9.27 10.37 10.22 10.15 7.81 10.95 12.63 11.90 11.90 18.10 18.76 24.38 27.45 22.78 22.12 18.54 20.51 21.32 20.37 14.82 16.13 16.79 16.50 17.96 18.03 17.74 18.98 21.24 20.88 20.81 21.53 22.12 22.12 24.38 24.38 24.82 16.43 19.71 18.98 22.70 13.51 14.97 12.12 7.15 7.45 5.11 3.72 3.07 2.92 2.70 3.21 3.36 3.58 4.74 4.96 5.62 5.55 4.45 2.77 2.77 1.17 1.61 2.63 5.69 4.74 8.69 11.75 14.38 14.53 16.06 15.33 17.69 16.83 20.23 18.69 15.03 18.56 13.55 11.61 8.76 7.78 7.97 8.69
6.94 6.64 8.54 5.69 6.42 6.86 3.87 7.52 6.50 6.50 14.53 14.24 12.92 23.43 12.48 12.41 12.56 16.50 17.67 10.51 11.68 13.21 9.42 14.02 15.84 16.72 11.24 16.64 17.37 18.91 20.00 11.97 15.33 14.82 19.05 19.05 20.37 6.86 10.66 3.72 7.45 6.50 9.93 3.72 5.69 4.96 4.67 4.60 5.33 3.14 2.99 4.09 3.43 4.16 4.09 4.82 5.84 6.13 6.06 4.16 4.16 1.83 0.58 0.80 3.87 8.69 11.90 11.39 13.51 15.91 18.04 18.68 21.47 19.32 20.69 22.63 17.30 14.36 15.85 10.55 9.04 7.16 6.01 6.15
6.94 6.64 8.54 5.69 6.42 6.86 3.87 7.52 6.50 6.50 14.53 14.24 12.92 23.43 12.48 12.41 12.56 16.50 17.67 10.51 11.68 13.21 9.42 14.02 15.84 16.72 11.24 16.64 17.37 18.91 20.00 11.97 15.33 14.82 19.05 19.05 20.37 6.86 10.66 3.72 7.45 6.50 9.93 3.72 5.69 4.96 4.67 4.60 5.33 3.14 2.99 4.09 3.43 4.16 4.09 4.82 5.84 6.13 6.06 4.16 4.16 1.83 0.58 0.80 3.87 8.69 11.90 11.39 13.51 15.91 18.14 18.48 19.41 21.52 22.08 26.40 20.07 13.89 16.56 10.25 9.56 8.49 5.49 5.22
5.33 5.33 6.35 4.96 3.14 0.00 1.83 3.50 4.96 4.96 6.79 10.00 11.83 7.30 7.23 7.66 7.45 7.30 7.23 7.15 8.03 8.10 7.15 7.88 3.14 9.05 6.06 11.10 13.94 7.59 5.62 5.99 6.72 1.17 1.97 1.97 1.90 3.29 5.33 1.39 3.07 1.31 2.34 2.48 3.80 3.87 5.48 6.35 6.06 5.18 5.55 6.20 3.50 3.87 4.23 4.53 5.26 5.91 5.18 4.67 4.70 3.08 0.00 1.17 1.02 5.77 11.24 12.12 11.67 14.23 17.48 18.88 22.03 24.46 22.91 18.00 19.81 13.28 11.92 8.26 5.08 6.43 5.11 2.86
15.26 9.27 10.80 5.55 4.89 1.90 3.29 4.38 4.23 4.23 4.89 8.03 9.93 7.01 6.42 6.94 7.15 7.52 7.74 10.44 7.66 8.54 5.91 5.04 2.19 4.02 6.35 8.40 5.04 4.53 3.87 3.07 0.80 0.29 1.02 1.02 0.58 0.66 0.88 0.80 0.00 0.58 1.46 1.68 1.39 2.92 3.50 5.99 7.30 7.08 8.03 8.18 7.08 5.55 4.74 4.82 4.23 4.02 5.18 5.04 5.04 4.38 3.43 3.36 6.72 8.76 8.18 12.05 13.94 13.43 15.40 19.42 22.63 22.29 23.84 16.94 13.46 10.55 10.32 8.98 5.43 3.47 3.25 2.41
20.15 14.60 11.24 5.48 6.06 4.67 3.36 3.72 5.04 5.04 4.67 4.09 6.57 7.74 5.69 6.64 6.79 8.76 10.51 9.27 6.35 4.23 3.36 2.41 2.41 1.83 2.70 2.04 1.61 1.75 1.39 0.00 0.00 0.58 0.22 0.22 0.07 0.44 0.00 0.00 0.00 0.22 0.58 0.88 0.66 2.12 2.04 3.29 6.42 7.45 7.30 9.71 7.59 5.69 5.26 4.67 4.45 6.06 5.99 5.77 5.77 6.13 7.59 4.31 5.77 8.76 12.78 12.34 16.35 18.10 19.13 18.88 24.36 21.37 16.05 19.66 12.58 10.70 8.33 8.74 5.93 3.74 0.08 0.00
21.68 11.75 12.85 7.30 5.26 3.58 3.58 4.38 3.43 3.43 0.00 0.00 3.29 5.62 5.26 6.64 7.59 7.23 8.32 7.74 6.06 4.53 3.50 2.48 2.41 0.00 2.19 2.70 0.00 0.00 0.00 0.00 0.00 0.00 0.00 0.00 0.00 0.00 0.00 0.00 0.00 0.07 0.00 0.00 0.22 1.53 2.26 2.26 4.53 5.40 4.96 9.20 7.81 5.55 4.89 6.06 5.33 9.49 7.30 8.03 8.03 7.74 9.78 11.39 13.80 10.66 14.45 17.45 16.72 19.56 20.08 19.47 16.07 21.16 10.33 7.25 6.36 4.24 4.33 1.59 1.66 0.19 0.30 0.00
14.67 12.05 6.94 7.37 5.04 0.00 3.07 3.36 0.00 0.00 0.00 0.00 3.21 5.84 5.91 6.42 7.37 6.72 7.01 4.16 4.23 4.09 3.50 1.97 2.26 4.02 5.04 3.87 2.77 0.00 0.00 0.00 0.00 0.00 0.00 0.00 0.00 0.00 0.00 0.00 0.00 0.00 0.00 0.00 1.02 2.85 2.26 3.36 3.21 3.36 2.56 5.55 5.48 5.40 8.10 9.42 12.05 11.32 14.60 11.32 11.32 11.90 11.90 11.75 13.58 14.75 14.97 17.59 20.73 20.88 20.95 19.71 14.92 6.33 7.86 4.95 4.75 2.78 1.06 1.24 0.00 0.00 0.00 0.00
15.55 7.74 3.94 4.74 0.00 0.00 0.00 0.00 0.00 0.00 0.00 0.00 0.00 3.94 5.40 6.06 6.20 4.53 2.56 2.70 2.34 0.00 0.00 0.00 2.19 2.56 2.41 2.85 1.90 1.02 0.00 0.00 0.00 0.22 2.19 2.19 1.68 0.37 1.02 1.10 0.00 1.75 2.12 5.26 4.53 4.74 3.07 3.65 4.31 1.83 2.04 1.83 4.53 7.88 7.01 11.02 15.11 15.84 15.48 17.01 17.01 14.89 13.58 13.58 14.02 14.75 17.89 22.12 21.53 21.83 19.05 19.96 14.90 7.37 3.24 3.12 3.67 2.42 1.22 0.00 0.00 0.00 0.00 0.00
15.55 7.74 3.94 4.74 0.00 0.00 0.00 0.00 0.00 0.00 0.00 0.00 0.00 3.94 5.40 6.06 6.20 4.53 2.56 2.70 2.34 0.00 0.00 0.00 2.19 2.56 2.41 2.85 1.90 1.02 0.00 0.00 0.00 0.22 2.19 2.19 1.68 0.37 1.02 1.10 0.00 1.75 2.12 5.26 4.53 4.74 3.07 3.65 4.31 1.83 2.04 1.83 4.53 7.88 7.01 11.02 15.11 15.84 15.48 17.01 17.01 14.89 13.58 13.58 14.02 14.75 17.89 22.12 21.53 21.83 19.05 19.86 14.67 7.26 3.24 3.26 3.27 2.32 1.19 0.00 0.00 0.00 0.00 0.00
14.38 8.10 4.02 4.16 2.92 2.34 6.35 2.77 3.21 3.21 3.07 0.00 0.00 4.16 5.11 6.28 5.33 3.65 0.00 0.00 0.00 0.00 0.00 0.00 0.00 0.51 0.66 0.00 0.00 0.00 0.00 0.00 0.95 3.94 4.09 4.09 2.63 2.34 1.24 1.17 1.83 1.46 3.07 5.69 7.23 8.10 8.25 5.69 6.42 2.70 2.34 2.92 6.50 7.81 10.95 10.00 11.90 15.77 17.23 16.79 16.79 17.74 17.45 16.94 16.43 16.79 18.03 21.90 20.29 20.66 18.69 12.56 6.06 3.17 2.86 2.13 0.65 0.00 0.00 0.00 0.00 0.00 0.00 0.00
