Wansh/Snow_depth/snowdepth-1992/winter/1993016.txt
ncols 321
nrows 161
xllcenter 60
yllcenter 15 
cellsize  0.25 
NODATA_value -1
[rows 0 to 36 of 161, columns 84 to 167 of 321]
16.35 16.72 16.43 15.48 16.21 15.40 10.15 11.24 9.78 9.05 12.48 12.92 12.85 12.78 12.85 12.63 14.38 16.64 16.64 16.57 14.45 14.97 10.73 5.62 6.57 2.70 0.88 1.02 1.17 1.02 2.12 7.01 5.91 10.73 13.80 12.99 14.75 13.07 12.78 15.40 11.53 10.66 11.39 11.39 6.94 5.99 2.70 3.87 3.50 4.16 6.28 9.20 7.88 8.47 8.76 8.76 8.32 9.49 9.20 5.40 3.36 3.94 3.50 2.85 2.85 2.92 4.38 4.96 4.96 6.28 9.13 8.10 11.68 12.85 11.61 14.09 14.09 13.21 13.21 10.95 13.51 12.85 11.53 10.88
16.79 15.62 14.38 14.45 12.41 12.99 10.51 11.68 11.10 13.29 13.29 13.43 10.88 11.17 10.37 11.24 11.02 12.85 12.85 14.09 13.65 14.75 14.67 14.82 9.42 4.02 2.04 1.83 1.02 1.02 1.24 3.21 3.21 5.04 7.45 6.86 10.51 12.12 11.75 10.59 10.73 13.58 12.78 12.78 11.10 15.48 10.07 8.91 4.23 4.09 3.72 6.79 3.29 3.94 5.11 6.35 6.06 5.84 6.57 7.08 6.57 8.03 8.47 5.18 7.01 6.13 6.50 5.04 5.04 8.18 10.51 11.39 10.95 12.70 13.51 15.40 15.26 14.38 16.06 14.24 12.70 13.36 11.83 13.94
13.58 13.80 10.00 10.95 11.32 12.56 15.99 15.40 15.99 16.43 14.45 11.75 12.56 9.34 8.98 8.91 6.94 7.88 7.88 10.66 13.51 12.85 15.48 12.34 13.43 6.06 1.90 2.48 0.66 1.24 1.17 1.90 2.26 4.74 4.16 7.23 8.32 8.18 12.99 11.90 11.24 11.10 13.58 13.58 17.52 19.71 16.28 15.48 9.13 5.26 2.26 4.02 3.80 3.29 2.56 3.94 6.28 8.32 8.10 7.66 9.64 10.95 10.80 8.32 11.53 14.60 13.51 12.48 12.48 13.29 11.46 10.88 12.12 12.99 12.41 14.89 17.16 14.97 15.33 15.84 16.79 16.35 16.43 16.35
13.58 13.80 10.00 10.95 11.32 12.56 15.99 15.40 15.99 16.43 14.45 11.75 12.56 9.34 8.98 8.91 6.94 7.88 7.88 10.66 13.51 12.85 15.48 12.34 13.43 6.06 1.90 2.48 0.66 1.24 1.17 1.90 2.26 4.74 4.16 7.23 8.32 8.18 12.99 11.90 11.24 11.10 13.58 13.58 17.52 19.71 16.28 15.48 9.13 5.26 2.26 4.02 3.80 3.29 2.56 3.94 6.28 8.32 8.10 7.66 9.64 10.95 10.80 8.32 11.53 14.60 13.51 12.48 12.48 13.29 11.46 10.88 12.12 12.99 12.41 14.89 17.16 14.97 15.33 15.84 16.79 16.35 16.43 16.35
12.92 9.42 9.93 10.59 10.88 11.53 13.72 13.07 13.21 11.97 11.83 12.85 10.73 11.02 10.29 9.34 9.71 6.79 6.79 5.84 5.69 7.01 10.15 8.91 12.99 9.13 10.51 3.43 1.46 1.61 1.24 2.12 2.04 3.36 6.86 6.13 7.96 6.06 9.56 10.66 10.29 11.17 10.80 10.80 18.40 16.94 17.74 18.18 13.43 10.51 7.45 3.14 1.97 1.61 1.53 2.41 2.34 3.65 6.50 5.62 8.54 10.51 14.24 15.04 14.02 15.91 17.01 17.89 17.89 16.13 12.99 14.31 12.56 12.78 13.51 15.40 17.08 14.89 15.84 15.33 16.50 16.50 15.70 16.13
12.78 12.85 11.61 11.32 10.88 8.61 8.76 8.91 9.34 8.98 10.22 11.02 10.80 11.39 12.41 12.05 13.87 12.12 12.12 9.42 6.50 7.08 5.62 10.29 9.56 10.51 4.74 1.90 2.34 1.31 1.17 2.41 2.70 4.82 5.99 5.99 4.89 3.50 3.29 4.09 5.84 8.25 7.96 7.96 14.67 12.92 16.72 16.28 14.82 5.91 8.69 7.30 2.41 2.34 2.34 2.85 2.41 3.43 5.62 8.18 9.93 9.49 14.02 13.51 14.67 19.20 19.56 18.69 18.69 14.89 14.02 14.60 13.43 14.09 12.56 13.43 12.85 10.07 10.44 10.51 12.48 11.83 15.77 16.72
13.14 12.34 12.12 11.75 9.64 9.56 10.15 10.07 10.59 10.88 8.47 10.07 10.15 10.07 11.61 13.87 13.29 15.11 15.11 14.45 14.89 9.86 4.89 5.69 4.38 3.72 4.38 1.97 1.10 1.02 0.29 2.19 2.77 4.53 4.02 5.99 4.23 4.74 3.50 3.50 4.23 5.99 6.94 6.94 9.13 10.66 9.78 12.48 9.86 10.07 3.50 2.04 2.41 2.19 1.97 4.96 5.18 7.59 6.72 8.10 12.34 14.89 14.09 18.61 19.86 20.00 19.49 17.89 17.89 18.61 17.67 16.72 17.81 17.74 17.96 12.78 14.31 12.78 12.26 10.66 11.17 11.75 13.65 12.92
13.14 12.34 12.12 11.75 9.64 9.56 10.15 10.07 10.59 10.88 8.47 10.07 10.15 10.07 11.61 13.87 13.29 15.11 15.11 14.45 14.89 9.86 4.89 5.69 4.38 3.72 4.38 1.97 1.10 1.02 0.29 2.19 2.77 4.53 4.02 5.99 4.23 4.74 3.50 3.50 4.23 5.99 6.94 6.94 9.13 10.66 9.78 12.48 9.86 10.07 3.50 2.04 2.41 2.19 1.97 4.96 5.18 7.59 6.72 8.10 12.34 14.89 14.09 18.61 19.86 20.00 19.49 17.89 17.89 18.61 17.67 16.72 17.81 17.74 17.96 12.78 14.31 12.78 12.26 10.66 11.17 11.75 13.65 12.92
10.59 11.39 11.68 11.53 11.32 10.51 10.66 11.17 10.44 10.37 8.69 5.55 6.20 6.64 10.73 11.39 11.46 12.12 12.12 13.21 13.14 13.51 9.78 3.72 2.48 2.77 1.53 0.88 1.68 1.53 1.83 2.04 1.39 3.36 6.50 9.78 6.28 6.86 4.60 4.45 4.38 4.45 4.60 4.60 3.80 6.42 4.96 7.45 4.09 6.79 3.21 7.23 4.74 6.64 6.50 5.11 6.42 9.78 9.93 11.53 11.46 13.51 13.65 15.84 17.96 15.33 17.52 17.74 17.74 16.64 16.13 15.99 17.67 18.32 18.10 17.16 15.40 18.03 16.72 17.08 15.40 12.41 11.17 11.61
8.54 8.10 8.47 10.29 10.37 9.64 9.13 9.13 8.69 7.08 8.98 6.20 6.13 5.99 8.47 10.73 10.73 11.17 11.17 12.56 12.26 12.12 8.18 2.92 3.58 2.48 1.53 1.68 2.19 2.19 1.31 1.61 2.41 5.04 8.47 7.66 9.34 8.18 5.69 5.33 4.53 3.80 3.58 3.58 4.23 4.38 3.80 5.33 5.26 4.53 5.11 9.42 10.29 10.07 12.85 11.61 11.83 10.66 11.17 12.19 11.90 12.05 12.70 12.41 12.41 13.94 15.33 15.26 15.26 16.21 16.79 16.28 16.72 18.91 18.98 18.54 21.53 21.10 21.17 18.98 16.57 11.61 13.58 10.66
7.66 7.74 7.45 7.88 6.79 8.54 8.61 7.59 7.66 6.72 5.26 5.48 5.11 6.72 8.40 8.10 10.44 13.29 13.29 11.75 13.14 10.88 10.44 5.26 3.72 3.14 3.07 2.12 2.26 2.26 2.04 2.04 3.43 4.38 4.02 6.64 7.96 8.47 5.84 6.20 7.88 6.13 5.40 5.40 7.01 4.89 6.28 6.94 6.64 10.51 8.10 9.93 15.26 15.62 13.72 12.99 15.62 15.11 15.18 13.80 13.80 12.70 13.94 13.29 13.87 14.60 15.62 15.18 15.18 17.23 19.78 20.66 22.27 21.75 20.88 20.88 18.47 23.80 27.45 24.31 18.47 15.26 15.77 13.43
7.66 7.74 7.45 7.88 6.79 8.54 8.61 7.59 7.66 6.72 5.26 5.48 5.11 6.72 8.40 8.10 10.44 13.29 13.29 11.75 13.14 10.88 10.44 5.26 3.72 3.14 3.07 2.12 2.26 2.26 2.04 2.04 3.43 4.38 4.02 6.64 7.96 8.47 5.84 6.20 7.88 6.13 5.40 5.40 7.01 4.89 6.28 6.94 6.64 10.51 8.10 9.93 15.26 15.62 13.72 12.99 15.62 15.11 15.18 13.80 13.80 12.70 13.94 13.29 13.87 14.60 15.62 15.18 15.18 17.23 19.78 20.66 22.27 21.75 20.88 20.88 18.47 23.80 27.45 24.31 18.47 15.26 15.77 13.43
5.33 6.20 6.94 6.20 6.57 4.45 3.65 3.58 4.53 4.60 4.53 5.77 7.88 7.30 9.56 10.80 10.51 13.43 13.43 13.36 13.58 11.90 6.57 4.67 4.60 3.43 2.48 2.92 2.04 3.94 4.82 3.80 3.65 4.16 9.20 10.66 9.78 12.05 10.59 9.64 9.34 10.29 8.69 8.69 9.05 8.69 9.20 10.66 9.93 13.21 16.06 17.81 17.37 17.37 16.64 16.06 17.45 18.32 19.35 17.45 18.03 15.62 17.08 14.67 15.04 14.75 16.64 17.16 17.16 20.08 19.20 21.39 24.53 25.84 26.35 28.47 29.42 28.84 29.35 26.13 25.40 20.51 19.49 16.64
4.96 5.62 5.99 4.16 3.50 3.50 0.00 3.80 0.00 5.33 7.15 6.72 8.98 11.24 13.29 12.78 14.82 14.38 14.38 14.89 12.12 8.40 6.72 6.72 5.84 4.09 3.94 2.56 4.67 6.42 5.77 11.75 11.75 10.07 14.97 14.38 14.38 15.11 13.51 13.51 12.85 12.92 9.86 9.86 12.05 10.37 10.66 10.29 10.73 10.66 13.14 12.56 12.92 14.82 16.50 16.06 17.45 20.81 19.27 15.48 16.43 14.89 15.84 16.28 16.72 16.35 17.45 17.81 17.81 19.56 22.70 24.31 23.80 25.70 26.06 27.96 27.59 18.91 19.35 15.70 15.48 18.69 18.40 15.70
4.74 5.18 4.45 4.89 4.16 3.36 2.85 2.99 5.26 4.60 6.94 8.69 10.51 9.93 12.41 14.31 13.80 14.16 14.16 12.85 9.86 10.44 7.96 7.37 7.81 6.42 8.03 7.45 10.66 9.78 14.02 17.16 18.25 16.06 15.26 14.67 14.45 13.29 13.94 13.87 13.36 14.45 14.75 14.75 13.36 13.36 15.11 13.21 11.46 12.85 13.21 13.07 13.07 15.48 17.74 21.17 22.56 22.56 20.29 14.45 14.31 9.05 9.71 12.92 14.45 14.02 16.72 15.77 15.77 18.25 20.59 21.61 20.95 20.95 25.84 26.43 21.53 14.75 8.54 5.55 11.83 18.03 16.94 17.74
5.18 5.62 5.62 4.96 5.18 3.36 2.63 1.83 1.75 3.72 5.69 8.54 8.91 10.44 10.88 11.61 13.58 13.43 13.43 12.56 12.12 11.24 8.83 9.27 9.56 9.56 8.61 8.83 9.27 13.65 17.89 19.71 19.64 18.69 15.62 14.89 14.89 14.31 14.31 15.55 17.59 16.79 17.52 17.52 16.21 16.57 16.43 14.89 14.60 13.94 13.36 14.31 14.97 14.60 16.64 19.13 16.35 15.40 10.88 12.12 11.90 9.78 9.42 11.02 12.78 14.53 16.72 18.54 18.54 18.18 20.59 21.46 19.78 19.78 22.70 21.53 22.85 17.01 7.01 0.00 9.78 17.01 13.07 17.16
5.18 5.62 5.62 4.96 5.18 3.36 2.63 1.83 1.75 3.72 5.69 8.54 8.91 10.44 10.88 11.61 13.58 13.43 13.43 12.56 12.12 11.24 8.83 9.27 9.56 9.56 8.61 8.83 9.27 13.65 17.89 19.71 19.64 18.69 15.62 14.89 14.89 14.31 14.31 15.55 17.59 16.79 17.52 17.52 16.21 16.57 16.43 14.89 14.60 13.94 13.36 14.31 14.97 14.60 16.64 19.13 16.35 15.40 10.88 12.12 11.90 9.78 9.42 11.02 12.78 14.53 16.72 18.54 18.54 18.18 20.59 21.46 19.78 19.78 22.70 21.53 22.85 17.01 7.01 0.00 9.78 17.01 13.07 17.16
4.96 5.62 6.28 6.28 5.26 3.29 3.58 1.68 2.19 1.68 4.89 7.37 11.32 10.22 12.70 12.56 12.34 13.58 13.58 12.12 11.75 11.90 10.15 8.83 10.15 12.99 11.97 13.94 12.92 12.56 17.08 16.43 19.56 17.16 17.23 14.09 14.02 15.55 17.67 17.52 18.54 17.16 17.30 17.30 16.06 16.28 15.91 15.77 15.40 12.34 13.87 14.75 15.33 16.35 14.60 14.89 14.67 13.94 13.51 13.07 10.07 8.98 16.06 16.57 15.11 14.16 17.59 19.42 19.42 21.53 21.46 21.39 22.78 20.51 24.75 19.13 13.58 5.91 0.00 4.89 8.69 10.15 11.17 13.07
6.42 6.20 6.06 5.84 5.55 6.20 4.23 2.41 1.61 3.94 3.43 6.06 10.22 13.94 13.80 12.78 13.87 13.94 13.94 13.65 14.60 12.56 9.86 10.15 9.71 12.34 15.11 15.62 15.26 14.67 16.43 19.05 20.88 19.49 17.01 12.85 14.16 12.92 10.44 12.70 14.53 13.94 16.21 16.21 15.91 16.72 14.97 11.39 10.95 10.66 12.99 14.16 15.77 14.38 14.02 13.87 14.53 15.77 15.70 15.40 19.56 21.02 20.66 19.42 20.15 19.35 19.71 19.64 19.64 24.31 24.75 21.97 22.78 23.29 23.36 17.81 13.29 8.18 10.15 9.27 9.05 9.05 10.07 12.19
5.04 4.74 5.18 5.62 6.57 6.42 5.18 2.41 3.87 3.50 6.13 7.30 9.34 8.91 8.61 9.49 9.05 11.97 11.97 14.38 13.51 13.87 11.61 9.78 12.12 14.24 14.24 15.70 14.97 10.51 11.75 19.35 18.61 17.16 18.18 8.76 10.51 7.88 8.40 7.30 5.77 10.51 15.18 15.18 14.24 16.43 15.04 11.61 12.05 19.78 18.54 17.67 18.18 15.04 14.02 18.83 18.18 18.83 19.42 17.45 17.30 23.07 21.46 22.12 20.88 20.88 25.11 24.82 24.82 25.04 23.87 19.86 15.33 19.13 19.20 16.50 11.32 11.39 10.73 10.51 10.51 11.68 12.41 12.12
4.96 3.94 5.18 5.77 5.62 5.55 6.42 5.48 5.69 6.20 6.13 7.37 9.49 9.34 9.86 8.03 11.10 12.26 12.26 12.70 14.67 14.60 14.75 12.56 12.63 13.80 17.52 16.21 10.95 11.90 7.96 8.61 13.21 17.16 14.09 10.59 4.89 4.53 4.09 4.09 6.79 10.59 13.51 13.51 11.97 12.48 14.67 14.02 17.08 20.66 21.53 22.63 24.38 24.38 24.53 21.90 21.24 23.73 20.29 18.61 18.98 18.32 19.49 21.83 21.90 23.65 24.60 23.00 23.00 18.10 14.31 15.04 15.77 12.05 11.10 9.78 9.56 9.49 9.56 9.78 9.78 10.66 12.63 11.61
4.23 4.09 4.31 5.04 5.04 4.67 6.13 9.05 11.02 10.80 10.44 10.95 10.37 12.92 16.72 14.82 15.48 13.51 13.51 14.16 15.55 15.18 16.57 16.79 19.35 19.05 17.89 17.96 14.45 14.31 10.00 7.52 8.10 11.68 8.03 2.19 1.61 1.68 2.70 2.04 5.62 10.29 5.04 5.04 5.99 4.45 10.66 12.48 10.51 15.18 7.81 11.02 19.27 23.80 17.30 22.34 21.97 23.29 22.05 15.62 16.21 18.40 19.93 22.41 24.31 23.73 23.51 23.73 23.73 20.59 14.89 18.91 12.70 12.85 10.37 9.42 9.86 8.61 8.03 8.32 6.72 8.32 7.96 9.56
4.23 4.09 4.31 5.04 5.04 4.67 6.13 9.05 11.02 10.80 10.44 10.95 10.37 12.92 16.72 14.82 15.48 13.51 13.51 14.16 15.55 15.18 16.57 16.79 19.35 19.05 17.89 17.96 14.45 14.31 10.00 7.52 8.10 11.68 8.03 2.19 1.61 1.68 2.70 2.04 5.62 10.29 5.04 5.04 5.99 4.45 10.66 12.48 10.51 15.18 7.81 11.02 19.27 23.80 17.30 22.34 21.97 23.29 22.05 15.62 16.21 18.40 19.93 22.41 24.31 23.73 23.51 23.73 23.73 20.59 14.89 18.91 12.70 12.85 10.37 9.42 9.86 8.61 8.03 8.32 6.72 8.32 7.96 9.56
4.16 4.60 3.36 3.65 4.67 6.35 5.77 8.18 11.10 10.88 10.95 10.59 12.85 16.79 15.99 17.74 15.04 14.16 14.16 14.24 14.67 18.76 19.49 19.27 18.98 20.81 19.71 19.35 15.62 14.75 7.88 5.04 4.53 5.26 2.56 2.56 1.83 1.31 1.83 1.61 2.77 1.97 2.34 2.34 3.87 6.28 5.91 5.18 0.00 0.00 0.00 2.63 10.51 5.04 8.32 13.21 14.31 8.40 16.43 11.46 14.31 16.64 20.15 23.73 24.67 25.33 25.11 25.11 25.11 22.70 21.83 22.27 15.91 13.80 11.90 12.85 9.64 8.03 6.86 6.50 6.28 6.20 6.28 8.40
5.84 5.77 8.98 9.64 9.56 8.91 9.42 9.42 10.29 9.78 9.71 10.07 9.49 13.51 10.80 14.60 17.23 17.23 17.23 16.86 18.61 20.88 20.95 20.71 20.03 22.42 19.61 20.88 18.69 19.13 11.90 5.11 5.18 1.83 1.97 2.48 1.46 1.39 1.75 2.56 2.85 1.53 1.24 1.24 1.75 2.56 2.48 2.92 0.00 0.00 0.00 0.00 2.92 2.26 5.69 5.26 5.55 5.33 11.39 6.50 11.83 15.62 19.56 23.87 22.78 24.89 24.75 25.11 25.11 26.50 26.06 24.67 19.27 14.75 10.44 7.08 7.81 6.79 7.45 7.45 6.94 6.35 6.50 8.83
7.23 9.78 9.20 10.73 9.64 8.83 8.83 9.20 7.01 3.21 3.65 3.43 4.23 6.28 5.69 9.13 15.91 16.72 16.72 13.87 17.89 16.35 21.83 23.25 25.14 21.75 23.42 21.67 22.41 21.83 19.27 16.13 9.86 6.50 2.19 5.33 2.70 1.75 1.90 2.56 2.41 2.12 1.31 1.31 1.10 2.41 2.34 2.41 0.00 0.00 0.00 0.00 0.00 0.00 0.00 0.00 5.40 5.77 9.34 12.56 11.68 15.40 19.56 18.69 21.32 22.27 24.97 27.67 27.67 26.35 25.48 24.45 19.42 15.84 10.80 13.51 9.34 8.18 8.47 7.96 6.64 6.94 6.13 9.49
9.93 9.27 10.88 10.73 10.07 9.13 9.34 8.83 8.47 0.00 0.00 0.00 0.00 2.92 0.00 4.38 7.81 7.15 7.15 10.22 12.19 17.79 12.94 16.11 18.08 21.18 23.02 23.37 23.93 25.10 18.69 19.71 17.01 11.39 14.97 10.22 7.30 4.09 4.45 2.26 1.39 1.90 1.90 1.90 1.24 1.31 2.04 0.00 0.00 0.00 0.00 0.00 0.00 0.00 0.00 3.87 5.18 5.55 7.96 11.53 13.58 17.23 19.64 21.90 24.45 27.59 26.86 29.05 29.05 29.49 26.72 24.82 23.21 18.47 18.69 16.28 12.99 9.86 9.56 8.76 7.88 8.83 9.78 9.71
10.59 10.73 9.49 8.54 8.83 9.71 8.54 7.59 4.31 0.00 0.00 0.00 0.00 0.00 0.00 0.00 4.96 5.62 5.62 4.05 0.00 0.00 6.32 12.41 7.86 12.63 20.09 19.20 25.73 22.86 22.74 21.46 21.10 20.88 19.71 17.16 12.70 13.58 6.57 3.14 2.99 2.04 1.46 1.46 1.61 0.00 0.00 0.00 0.00 0.00 0.00 0.00 0.00 0.00 0.00 3.50 4.67 4.96 4.82 9.42 15.04 19.64 23.51 25.99 26.65 29.20 30.44 29.35 29.35 29.78 27.30 22.48 19.49 17.08 18.03 15.40 11.24 12.26 11.61 11.32 11.68 10.15 9.13 7.23
10.59 10.73 9.49 8.54 8.83 9.71 8.54 7.59 4.31 0.00 0.00 0.00 0.00 0.00 0.00 0.00 4.96 5.62 5.65 4.18 0.00 0.00 6.16 12.73 7.74 12.63 19.49 17.84 24.04 23.21 22.97 22.36 23.70 22.09 20.22 17.16 12.70 13.58 6.57 3.14 2.99 2.04 1.46 1.46 1.61 0.00 0.00 0.00 0.00 0.00 0.00 0.00 0.00 0.00 0.00 3.50 4.67 4.96 4.82 9.42 15.04 19.64 23.51 25.99 26.65 29.20 30.44 29.35 29.35 29.78 27.30 22.48 19.49 17.08 18.03 15.40 11.24 12.26 11.61 11.32 11.68 10.15 9.13 7.23
10.59 9.27 7.81 7.96 7.81 7.59 7.88 7.81 6.86 4.67 0.00 0.00 0.00 0.00 0.00 9.49 10.59 10.44 10.44 7.15 0.00 0.00 0.00 3.78 0.00 6.86 13.13 11.45 17.08 17.75 19.25 21.64 23.09 24.59 20.70 21.03 16.81 17.59 10.59 10.73 5.69 2.48 2.99 2.99 1.31 0.00 0.00 2.77 3.14 3.14 0.00 0.00 0.00 0.00 0.00 0.00 3.94 5.55 5.11 9.64 14.45 22.70 21.32 25.19 28.25 32.27 30.00 27.74 27.74 26.28 26.21 21.02 18.98 16.64 17.96 14.89 12.85 12.34 12.05 11.53 12.05 9.86 8.76 5.55
9.86 8.98 7.52 6.86 6.94 6.42 7.30 8.18 8.25 6.94 4.67 2.63 5.40 4.96 4.60 7.52 11.75 10.37 10.37 9.39 5.26 0.00 0.00 0.00 0.00 0.00 0.00 6.43 10.35 11.95 18.03 19.71 18.61 23.23 24.06 23.04 20.90 20.47 14.67 16.06 10.15 5.04 6.72 6.72 1.53 1.61 1.53 1.83 2.12 2.99 0.00 4.09 3.94 4.31 4.31 5.26 4.60 8.18 10.29 13.07 16.43 20.08 24.97 30.30 32.85 32.85 31.17 29.05 29.05 26.72 25.04 22.05 19.13 20.22 18.40 15.18 12.41 14.16 13.43 11.68 12.70 12.78 13.58 8.54
5.40 6.42 5.91 6.72 6.50 5.48 7.45 6.57 10.15 10.80 8.03 8.91 6.72 5.62 7.59 8.76 8.40 8.18 8.18 8.47 7.52 4.89 7.88 4.89 6.06 0.00 4.31 6.42 10.58 15.75 19.71 16.64 16.94 18.98 23.13 22.95 28.24 23.51 20.37 22.34 16.64 9.20 9.78 9.78 3.94 2.34 1.24 1.68 1.46 3.58 4.09 3.80 4.82 4.09 4.82 6.79 6.79 11.90 14.24 14.97 16.21 20.22 22.56 28.98 31.76 26.50 28.91 28.98 28.98 27.67 26.13 21.32 21.61 21.02 19.27 16.64 19.71 17.59 15.48 20.08 20.51 18.98 21.83 18.83
3.72 4.53 7.01 6.13 6.35 5.18 6.35 8.91 8.32 10.66 10.44 7.74 6.94 6.94 6.72 7.59 6.13 5.99 5.99 4.74 8.91 10.51 10.88 12.63 10.88 7.45 7.01 5.21 10.95 9.71 10.59 12.12 14.24 17.30 19.71 26.35 25.64 28.14 25.03 25.07 20.22 13.51 11.68 11.68 9.27 5.11 3.58 4.82 3.21 3.36 3.87 4.31 4.45 4.23 5.11 5.55 9.56 8.54 13.65 14.60 15.70 14.97 17.81 23.00 16.43 20.73 23.51 18.25 18.25 24.89 19.64 20.73 21.61 21.32 21.90 21.39 19.78 19.27 21.90 21.75 21.39 21.24 22.05 21.90
2.85 2.48 5.18 5.84 5.40 5.18 6.50 6.86 7.89 4.96 10.00 10.44 8.32 6.86 6.50 5.40 5.69 1.68 1.68 0.00 4.96 8.91 13.94 14.75 16.21 13.51 11.17 10.62 9.86 10.80 11.32 12.41 11.83 15.11 20.22 24.82 23.65 24.53 24.38 25.91 23.18 20.00 15.04 15.04 15.11 11.24 12.56 8.83 5.04 4.31 6.13 4.45 3.87 4.16 5.33 4.67 6.50 8.18 11.24 10.80 12.78 12.26 14.09 17.01 12.92 15.55 17.52 12.85 12.85 18.98 15.04 17.45 10.44 12.05 16.64 18.91 16.94 21.02 21.10 21.24 21.75 21.61 22.70 18.47
6.13 4.53 2.70 3.29 3.21 8.25 11.02 8.61 10.11 4.45 4.89 6.86 5.40 5.99 4.31 2.41 1.24 0.00 0.00 0.00 4.67 11.10 11.46 14.60 16.13 17.45 13.21 12.05 11.71 12.33 11.80 11.45 11.44 12.92 16.21 19.35 15.55 20.13 23.87 17.74 18.66 18.47 18.54 18.54 17.45 15.11 15.48 13.29 8.83 6.72 8.76 5.62 2.85 2.92 4.38 7.01 5.55 5.48 6.72 9.56 12.48 13.72 12.48 11.39 11.53 12.41 7.08 10.22 10.22 12.85 15.70 6.64 5.84 8.54 11.17 13.65 10.59 15.55 18.25 17.74 22.12 21.10 17.74 18.98
6.13 4.53 2.70 3.29 3.21 8.25 11.02 8.61 9.86 4.45 4.89 6.86 5.40 5.99 4.31 2.41 1.24 0.00 0.00 0.00 4.67 11.10 11.46 14.60 16.13 17.45 13.21 12.05 11.53 11.90 11.39 11.39 11.10 12.92 16.29 19.44 15.55 20.03 24.11 17.74 18.47 18.47 18.54 18.54 17.45 15.11 15.48 13.29 8.83 6.72 8.76 5.62 2.85 2.92 4.38 7.01 5.55 5.48 6.72 9.56 12.48 13.72 12.48 11.39 11.53 12.41 7.08 10.22 10.22 12.85 15.70 6.64 5.84 8.54 11.17 13.65 10.59 15.55 18.25 17.74 22.12 21.10 17.74 18.98
9.78 7.88 4.74 0.00 6.13 4.60 11.68 11.34 6.45 7.59 4.09 4.45 4.67 3.14 1.39 0.95 1.10 1.97 1.97 1.90 0.00 5.04 7.45 12.05 12.34 16.50 12.85 14.53 13.87 12.70 12.48 11.24 11.10 11.68 10.95 9.93 12.56 14.82 10.78 13.87 13.36 10.51 13.29 13.29 14.38 15.11 14.60 13.72 12.41 10.59 11.24 7.88 7.45 4.89 3.14 4.16 7.81 9.13 9.34 13.43 12.92 12.05 10.80 8.32 3.07 0.00 0.00 3.94 3.94 2.41 0.00 0.00 0.00 3.29 3.94 3.07 6.06 10.88 10.73 17.16 20.73 18.61 17.59 18.03
