Wansh/Snow_depth/snowdepth-1992/winter/1993050.txt
ncols 321
nrows 161
xllcenter 60
yllcenter 15 
cellsize  0.25 
NODATA_value -1
[rows 74 to 110 of 161, columns 84 to 167 of 321]
0.00 0.00 0.00 0.00 0.00 0.00 0.80 0.00 0.00 0.22 0.00 0.00 2.04 0.00 1.31 1.10 0.00 2.99 2.99 2.56 0.00 0.00 0.00 0.00 0.00 0.00 1.68 0.66 0.00 0.00 1.10 0.88 0.00 0.00 0.00 0.00 0.00 0.00 0.00 0.00 1.24 0.95 0.80 0.80 0.58 0.22 0.58 0.37 0.80 0.00 1.39 1.46 0.00 2.05 2.31 1.61 1.46 1.31 2.12 1.53 0.88 1.46 1.53 0.00 2.19 0.00 5.69 5.33 5.33 6.75 9.39 8.10 5.11 2.12 0.00 0.00 0.00 0.00 0.00 0.00 0.00 0.66 0.95 0.95
0.00 0.00 0.00 0.66 0.00 1.53 2.34 0.80 0.00 1.90 0.00 0.00 0.00 3.72 2.92 2.56 2.99 0.00 0.00 0.00 0.00 0.00 0.00 0.00 0.00 0.00 0.00 0.58 0.29 0.00 1.02 1.53 0.00 0.00 0.00 0.00 0.00 0.00 0.00 0.00 3.43 0.44 0.95 0.95 0.80 0.00 0.22 1.61 2.19 0.15 1.75 1.02 1.10 2.19 2.12 0.88 1.75 3.29 2.48 2.77 1.83 2.19 1.75 1.97 1.97 3.94 5.26 7.59 7.59 12.25 11.02 13.14 7.08 0.00 0.15 0.00 0.00 0.00 0.00 0.00 0.00 0.29 0.00 1.04
0.00 0.37 1.61 2.12 2.04 1.90 3.50 0.00 2.99 3.29 3.07 4.16 4.74 3.72 3.80 2.56 3.21 0.00 0.00 2.77 0.00 0.00 0.00 0.00 0.00 0.00 0.00 0.00 0.00 1.17 2.04 0.00 0.00 0.00 0.00 0.00 0.00 0.00 1.31 3.65 2.92 2.12 2.34 2.34 1.10 0.00 0.15 0.00 3.65 2.12 2.04 1.31 1.31 2.19 2.34 2.70 2.19 1.97 1.61 2.04 1.97 2.56 3.72 2.92 3.29 4.18 5.62 7.52 7.52 12.41 14.24 14.67 6.50 3.29 0.07 0.00 0.00 0.00 0.00 0.00 0.00 0.00 0.00 0.38
2.77 3.21 0.73 2.34 2.48 3.36 3.43 3.36 3.29 4.09 4.31 4.67 4.23 3.50 2.26 0.00 2.56 0.00 0.00 2.04 0.00 0.00 0.00 0.00 0.00 0.00 3.36 2.70 2.41 0.00 0.00 0.00 0.00 0.00 0.00 0.00 0.00 0.00 0.58 2.19 2.70 0.88 1.68 1.68 1.39 1.75 1.75 0.00 0.00 4.23 3.65 3.14 2.63 1.24 2.04 3.21 2.77 2.19 1.31 1.83 2.04 2.92 4.23 4.45 3.36 3.80 5.55 6.72 6.72 9.49 9.05 14.67 5.55 1.83 0.73 0.00 0.00 0.00 0.00 0.00 0.00 0.00 0.44 1.62
1.83 2.85 2.85 0.00 2.77 2.99 2.70 3.58 4.09 3.94 3.14 4.02 3.94 2.99 1.53 1.02 0.00 0.00 0.00 0.00 0.00 0.00 0.00 0.00 3.43 2.99 3.21 3.21 2.63 0.00 0.00 0.00 0.00 0.00 0.00 0.00 0.00 0.00 0.00 0.00 0.00 0.95 0.95 0.95 0.00 0.00 2.70 0.00 0.00 3.65 4.67 4.31 0.00 3.36 3.43 1.24 1.24 2.26 1.31 1.24 1.83 3.43 3.80 3.65 2.56 2.19 5.04 4.16 4.16 7.15 6.35 10.07 10.51 1.31 0.29 0.00 0.00 0.00 0.00 0.00 0.00 0.00 0.44 2.52
2.48 0.00 3.14 0.00 0.00 0.00 0.00 3.87 3.36 2.56 2.41 2.48 2.56 2.56 2.12 2.04 2.77 0.00 0.00 0.00 0.00 4.23 0.00 0.00 0.00 2.92 0.00 2.48 2.34 0.00 0.00 0.00 0.00 0.00 0.00 0.00 0.00 0.00 0.00 0.00 0.00 0.00 0.00 0.00 0.00 0.00 0.00 0.00 0.00 0.00 0.00 0.00 0.00 2.63 1.68 0.15 0.37 0.66 0.80 0.95 2.26 2.70 3.07 1.17 0.95 1.97 1.83 4.89 4.89 3.87 2.99 4.31 2.19 2.26 1.39 0.29 2.13 0.00 0.00 0.00 0.00 0.00 1.61 2.05
0.00 0.00 0.00 0.00 0.00 0.00 0.00 0.00 3.07 2.41 2.99 1.83 2.92 2.99 2.85 2.85 2.26 2.56 2.56 0.00 2.41 3.07 0.00 0.00 0.00 0.00 0.00 0.00 0.00 0.00 0.00 0.00 0.00 0.00 0.00 0.00 0.00 0.00 0.00 0.00 0.00 0.00 0.00 0.00 0.00 0.00 0.00 0.00 0.00 0.00 0.00 0.00 1.02 0.00 0.00 0.00 0.29 0.66 1.24 1.97 1.83 2.04 2.12 1.17 0.00 0.00 0.00 1.17 1.17 1.75 2.41 3.36 4.45 6.42 4.45 2.49 5.24 1.76 0.00 1.02 1.02 0.00 0.88 1.68
0.00 0.00 0.00 0.00 0.00 0.00 0.00 0.00 2.77 2.04 3.58 2.99 3.43 3.72 2.85 0.00 0.00 2.99 2.99 0.00 1.68 1.46 0.00 0.00 0.00 0.00 0.00 1.31 0.00 0.00 0.00 0.00 0.00 0.00 0.00 0.00 0.00 0.00 0.00 0.00 0.00 0.00 0.00 0.00 0.00 0.00 0.00 0.00 0.00 0.00 0.00 0.00 0.00 0.37 0.07 0.58 0.44 0.66 1.02 0.88 1.90 1.46 1.31 1.83 0.00 0.00 0.00 0.00 0.00 2.77 4.02 6.72 10.22 11.24 9.93 7.19 4.72 6.34 5.22 3.29 1.10 1.75 0.88 0.66
1.02 0.00 1.17 0.00 0.00 0.00 0.00 0.00 0.00 0.00 2.70 4.45 3.94 4.02 3.43 0.00 2.26 0.88 0.88 0.00 0.00 0.37 0.73 0.00 0.00 0.00 0.00 0.00 1.24 1.39 0.00 1.68 0.00 0.00 0.00 0.00 0.00 0.00 0.00 0.00 0.00 0.00 0.00 0.00 0.00 0.00 0.00 0.00 0.00 0.00 0.00 0.00 0.51 0.00 0.29 0.44 1.39 0.73 0.44 0.66 1.75 2.34 1.68 2.04 0.88 3.07 0.51 0.07 0.07 3.65 3.36 5.62 8.40 11.68 12.56 9.93 8.69 5.55 7.01 4.84 3.14 3.43 2.04 0.00
1.83 0.22 0.88 0.00 0.00 0.00 0.00 0.00 0.00 0.00 0.00 4.16 4.16 0.00 0.00 2.99 0.00 1.17 1.17 0.00 0.00 0.88 1.10 1.10 2.26 2.26 1.75 0.44 0.73 0.00 0.88 0.00 0.00 0.00 0.00 0.00 0.22 0.00 0.00 0.00 0.00 0.00 0.00 0.00 0.00 0.00 0.00 0.00 0.00 0.00 0.00 0.00 0.07 0.66 1.02 0.73 0.95 0.73 0.66 0.80 2.34 2.34 3.29 3.50 6.79 5.26 5.69 4.74 4.74 5.11 3.87 3.65 8.69 11.90 16.06 14.60 9.78 8.47 8.40 5.99 4.82 4.60 3.65 0.00
0.00 0.73 0.80 0.00 0.00 0.00 0.00 0.00 0.00 0.00 0.00 0.00 0.00 0.00 2.48 2.19 0.00 0.00 0.00 0.00 0.00 2.26 3.14 2.34 0.00 2.19 2.41 2.19 1.24 0.00 0.00 0.00 0.00 0.00 1.02 0.00 0.15 0.15 0.00 0.00 0.51 0.00 0.00 0.00 0.00 0.00 0.00 0.00 0.00 0.58 0.00 0.73 1.24 2.26 3.21 1.75 0.80 0.37 0.58 2.34 2.63 3.50 4.74 5.18 8.47 7.74 6.28 5.48 5.48 5.84 4.89 4.38 13.51 10.44 11.10 12.99 12.99 9.42 9.64 7.74 5.55 5.69 4.74 0.00
0.44 0.58 0.95 1.02 0.00 0.00 0.00 0.00 2.92 0.00 0.00 0.00 0.00 0.00 1.61 1.83 0.00 0.00 0.00 0.00 0.00 2.99 3.65 2.99 0.00 1.90 1.39 2.04 1.75 1.97 0.00 0.00 0.00 1.02 0.80 0.00 0.00 0.00 0.37 0.07 1.10 0.00 0.00 0.00 0.00 0.00 0.00 0.44 0.22 0.66 0.88 0.22 0.73 2.85 4.23 3.94 4.89 1.46 1.75 2.70 2.79 4.25 5.49 7.08 7.74 8.03 5.84 5.48 5.48 4.96 4.16 9.78 10.15 6.35 6.50 7.59 10.22 10.07 8.47 7.74 6.20 5.04 3.36 0.00
0.29 0.37 1.61 1.17 1.68 0.00 0.00 0.00 0.00 0.00 0.00 0.00 0.00 0.00 0.00 0.00 0.00 2.92 2.92 2.99 3.50 3.65 3.94 0.00 0.00 0.00 0.00 0.00 0.00 2.48 0.00 0.00 0.00 3.07 0.00 0.00 0.00 0.00 0.00 2.12 1.10 1.39 1.31 1.31 0.95 0.80 0.95 0.95 0.51 0.15 0.00 0.80 2.63 3.80 7.01 5.11 6.64 6.79 10.00 9.20 5.99 4.31 4.39 7.23 7.01 6.28 6.42 4.53 4.53 3.72 9.49 9.64 9.56 5.99 4.23 4.96 4.16 7.52 8.10 5.77 6.42 5.69 4.23 3.29
0.51 1.24 1.17 0.00 0.00 0.00 0.00 1.68 0.00 0.00 0.00 0.00 0.00 0.00 0.00 0.00 0.00 0.00 0.00 3.36 0.00 3.58 0.00 0.00 0.00 0.00 0.00 0.00 0.00 0.00 0.00 0.00 0.00 0.00 0.00 0.00 0.00 0.00 2.41 1.97 2.34 2.41 2.12 2.12 1.17 1.39 0.00 1.02 1.02 0.80 0.51 0.22 1.02 2.34 3.94 3.65 5.84 8.25 10.00 7.45 6.50 5.33 7.08 6.72 6.67 8.40 5.48 7.01 7.01 4.74 6.86 10.15 8.47 5.99 4.02 3.72 4.02 4.89 6.42 5.91 6.50 6.20 4.60 0.00
0.88 0.00 1.53 0.00 0.00 0.00 0.00 0.00 0.00 0.00 0.00 0.00 0.00 0.00 0.00 2.70 0.00 2.99 2.99 2.77 3.87 3.80 3.80 2.26 0.00 0.00 2.56 0.00 2.26 0.00 0.00 0.00 0.00 3.50 0.00 0.00 0.00 1.39 1.10 1.75 3.36 2.70 1.61 1.61 1.75 2.77 1.31 2.04 1.97 0.80 0.73 1.90 1.17 1.97 2.41 5.55 5.11 8.40 9.64 8.47 7.74 7.01 8.54 8.83 8.55 12.36 9.27 10.15 10.15 4.16 4.67 6.86 6.72 6.35 4.96 4.23 4.60 4.89 6.35 6.42 6.13 5.26 0.00 0.00
1.17 0.73 0.95 0.00 0.00 0.00 0.00 0.00 0.00 0.00 0.00 0.00 3.07 0.00 0.00 0.00 2.48 0.00 0.00 0.00 2.26 2.48 2.56 0.00 2.48 2.12 0.00 0.00 0.00 0.00 0.00 0.00 3.36 3.50 3.50 0.00 0.00 1.46 0.44 0.73 1.46 2.63 3.36 3.36 1.46 2.92 3.07 2.70 3.21 2.04 3.43 3.21 2.56 1.90 4.45 5.04 6.20 7.37 7.78 8.55 7.74 7.74 9.16 9.93 11.64 15.65 13.29 11.90 11.90 5.91 5.69 7.81 7.96 6.94 5.84 6.20 6.72 6.42 7.23 6.50 6.41 4.06 0.00 0.00
0.73 0.44 0.37 0.00 0.00 0.00 0.00 0.00 0.00 0.00 0.00 0.00 0.00 0.00 0.00 0.00 2.63 2.85 2.85 2.26 2.85 0.00 0.00 3.21 2.99 0.00 0.00 0.00 0.00 0.00 0.00 0.00 0.00 3.21 0.00 0.00 0.00 0.00 0.00 0.00 0.00 1.10 1.46 1.46 0.66 1.68 2.85 3.14 2.41 2.48 3.43 5.11 4.82 8.54 7.23 6.50 7.15 10.29 6.86 7.88 8.50 7.96 8.85 11.10 15.40 14.53 16.36 14.28 13.83 10.12 7.15 8.83 9.05 8.83 8.25 7.01 7.15 7.37 6.65 6.96 6.03 0.00 0.00 0.00
0.80 0.80 0.22 1.24 0.00 0.80 0.66 0.00 0.29 0.07 0.00 0.00 0.00 0.00 0.00 0.00 0.00 0.00 0.00 0.00 2.34 2.92 0.00 0.00 0.00 0.00 0.00 0.00 0.00 0.00 0.00 0.00 0.00 0.00 0.00 0.00 0.00 0.00 0.00 0.00 0.00 2.26 1.39 1.39 1.02 0.44 0.37 1.31 1.83 2.77 4.82 7.15 9.05 12.70 13.36 10.00 9.86 14.53 12.24 8.92 10.59 8.18 9.24 7.22 11.71 10.43 11.75 9.49 9.54 10.64 8.07 8.32 9.56 9.05 6.82 6.79 6.06 6.35 6.38 6.83 5.79 0.00 0.00 0.00
0.58 1.02 0.66 1.68 1.02 0.88 0.51 1.10 0.00 0.00 0.66 0.00 0.00 0.00 0.00 0.00 0.00 1.68 1.68 0.00 0.00 0.00 0.00 0.00 0.00 0.00 0.00 0.00 0.00 0.00 0.00 0.00 0.00 0.00 0.00 0.00 0.00 0.00 0.00 0.00 0.00 0.00 0.00 0.00 0.15 0.00 0.00 0.37 0.29 4.16 3.65 9.56 13.14 14.75 14.89 16.28 19.27 17.16 19.71 14.53 8.18 10.55 6.41 5.54 8.83 8.41 10.56 9.86 9.86 7.41 8.23 9.40 10.34 9.26 8.00 6.64 6.35 6.23 5.34 5.07 7.26 4.21 5.34 6.75
0.80 1.10 1.53 0.88 0.15 0.29 0.00 0.88 0.00 0.00 0.00 0.29 0.00 0.00 0.00 0.00 0.88 0.73 0.73 0.00 0.00 0.00 0.00 0.00 0.00 0.00 0.00 0.00 0.00 0.00 0.00 0.00 0.00 0.00 0.00 0.00 0.00 0.00 0.00 0.00 0.00 0.00 0.00 0.00 0.00 0.00 0.00 0.00 4.16 5.55 9.49 10.51 15.26 15.48 15.70 17.23 21.26 20.88 24.09 19.93 14.89 14.04 7.95 4.84 6.85 6.29 7.70 7.15 7.15 7.30 3.99 7.41 7.63 8.73 7.63 7.92 6.57 4.67 5.65 4.52 6.80 5.87 8.97 7.16
1.17 1.61 1.75 0.88 0.58 0.95 0.00 0.00 0.00 0.00 0.00 0.00 0.00 0.00 0.00 0.00 0.00 0.07 0.07 0.00 0.00 0.00 0.00 0.00 0.00 0.00 0.00 0.00 0.00 0.00 0.00 0.00 0.00 0.00 0.00 0.00 0.00 0.00 0.00 0.00 0.00 0.00 0.00 0.00 0.00 0.00 0.00 2.48 1.10 11.46 12.34 14.09 17.06 16.33 17.58 16.90 19.64 22.34 22.12 23.80 20.22 14.60 9.45 5.73 5.26 4.52 6.57 4.60 4.62 3.88 3.35 3.73 6.86 7.87 8.03 8.76 9.24 7.19 4.84 5.27 6.76 9.18 8.84 8.38
1.46 1.68 1.46 1.68 1.83 1.83 0.00 0.00 0.00 0.00 0.07 0.00 0.00 0.00 0.00 0.00 0.00 0.00 0.00 0.00 0.00 0.00 0.00 0.00 0.00 0.00 0.37 0.37 0.00 0.00 0.00 0.00 0.00 0.00 0.00 0.00 0.00 0.00 0.00 0.00 0.00 1.10 0.00 0.00 0.51 0.88 0.15 2.92 7.52 16.72 16.43 15.77 15.62 15.82 16.29 16.03 17.67 21.86 16.90 19.84 20.62 11.74 10.10 3.81 4.13 3.86 3.67 3.15 3.15 1.62 1.58 2.60 3.48 9.95 10.56 10.20 9.09 7.10 5.24 5.63 5.48 10.74 11.49 7.82
1.97 1.90 0.00 1.31 1.83 2.41 1.90 2.56 2.26 1.61 0.95 0.00 0.00 0.00 0.00 0.00 0.00 0.00 0.00 0.00 0.00 0.00 0.00 0.00 0.00 0.00 0.00 0.58 0.00 0.00 0.00 0.07 0.73 0.00 0.00 0.00 0.00 0.00 0.00 0.00 0.22 2.04 3.29 3.29 0.00 1.90 1.97 10.44 11.02 19.27 19.20 18.76 15.70 14.53 16.91 17.20 14.08 16.21 13.24 13.48 9.55 8.44 8.96 5.95 4.43 3.22 2.66 1.33 1.31 1.19 0.96 1.98 6.17 8.31 9.86 9.24 8.08 7.46 5.22 6.64 6.77 6.40 9.37 6.59
1.90 0.00 0.00 1.68 3.43 3.29 2.77 3.50 2.41 2.70 2.77 1.53 0.00 0.00 0.00 0.00 0.00 0.00 0.00 0.00 0.00 0.00 0.00 0.00 0.00 0.00 0.66 1.10 0.51 0.00 0.00 0.58 0.66 0.88 1.10 0.00 0.00 0.00 0.00 0.00 0.00 2.26 4.82 4.82 2.34 2.77 6.50 11.53 14.89 17.15 17.69 16.60 17.35 18.85 17.45 12.55 10.51 10.07 9.24 8.10 8.22 8.68 9.55 7.15 6.45 2.94 2.15 1.73 1.69 0.80 0.66 0.82 6.34 9.14 8.58 8.69 9.48 7.18 8.12 8.12 7.73 7.46 8.34 7.85
7.96 6.72 2.41 5.55 6.86 6.86 4.74 3.43 2.26 1.75 0.95 1.39 1.24 1.53 0.15 0.29 0.15 0.73 0.73 0.44 0.29 0.00 0.51 0.22 0.66 0.00 1.17 0.37 0.80 0.00 0.15 1.31 0.00 1.53 0.95 1.17 0.80 1.68 1.90 0.95 2.12 2.92 2.41 2.41 5.99 6.94 13.36 13.21 15.70 16.21 15.65 15.27 13.91 13.67 9.00 8.85 10.44 9.63 12.23 11.15 11.37 10.44 11.38 9.33 10.51 5.87 2.31 1.20 1.18 0.51 2.12 3.48 3.73 5.58 9.13 10.51 8.55 7.18 5.76 4.21 7.30 7.05 5.51 7.64
7.30 8.25 6.50 7.66 7.01 7.23 6.50 4.74 2.92 1.10 0.51 0.00 0.51 1.61 0.00 0.15 0.80 0.29 0.29 0.29 0.15 0.15 0.07 0.00 0.66 0.00 0.00 0.58 0.07 1.17 0.00 0.00 0.00 0.00 1.39 1.90 2.48 1.75 1.17 0.58 1.17 1.90 0.88 0.88 3.07 9.42 9.42 14.45 13.47 13.61 15.73 9.78 10.87 10.93 12.73 10.74 10.71 7.81 9.97 13.73 11.58 14.68 13.84 12.42 4.89 5.11 2.49 3.63 3.57 2.12 1.83 3.03 5.10 9.55 10.95 10.29 8.41 7.41 4.71 4.44 4.41 5.03 4.69 6.77
7.52 7.66 7.96 8.25 5.33 8.10 8.69 7.01 4.02 2.41 0.73 0.00 0.58 1.53 0.80 0.07 1.10 0.44 0.44 0.29 0.15 0.29 0.80 0.80 0.00 0.00 0.00 0.00 0.07 0.44 0.58 0.00 0.00 0.00 0.00 2.92 2.56 2.99 2.41 0.00 0.00 0.00 1.17 1.17 2.56 4.96 8.25 13.94 12.57 13.40 10.97 11.62 11.09 11.89 14.01 13.74 9.73 8.33 8.36 13.05 14.68 16.76 17.23 17.74 9.93 9.98 3.28 6.90 7.67 6.26 2.23 2.73 5.16 7.85 9.81 10.18 9.13 7.88 5.60 2.06 3.95 6.46 6.21 6.29
3.14 7.08 5.77 2.77 3.65 8.76 7.37 4.84 3.07 1.39 1.83 0.00 0.00 0.95 1.17 1.17 0.66 0.00 0.00 0.80 0.15 0.80 0.66 0.00 0.00 0.00 0.00 0.00 0.07 0.00 0.00 0.00 0.00 0.00 0.00 0.80 0.00 0.88 0.00 0.00 0.00 0.00 0.58 0.58 0.51 6.28 8.40 9.46 10.51 11.66 11.52 14.14 13.71 14.79 13.18 12.78 7.80 7.61 6.06 10.25 14.51 16.37 19.88 21.02 14.82 13.67 11.47 10.28 9.91 8.71 6.04 3.93 4.96 7.07 7.80 8.46 8.60 5.43 5.72 0.47 3.11 6.55 12.79 8.81
0.00 3.72 2.92 0.00 0.00 6.94 7.37 6.64 5.26 3.87 2.63 1.02 0.00 0.00 0.00 0.00 0.00 0.44 0.44 0.29 0.51 0.51 0.44 0.00 0.00 0.00 0.00 0.00 0.00 0.00 0.00 0.00 0.00 0.00 0.00 0.00 0.00 0.00 0.00 0.00 0.00 0.00 0.00 0.00 1.39 0.88 7.52 7.37 8.83 10.59 12.15 13.22 14.13 10.65 9.51 9.19 6.56 7.19 7.02 9.03 11.27 11.74 18.25 18.82 21.20 16.78 13.29 12.70 12.77 7.34 6.18 4.84 4.54 6.43 6.46 8.88 6.85 5.50 5.24 3.29 5.50 12.00 14.78 12.25
0.00 0.00 0.00 0.00 0.00 5.04 6.13 7.15 7.37 6.28 3.80 2.48 0.29 0.80 0.00 0.58 0.66 0.07 0.07 0.37 0.15 0.44 0.00 0.00 0.00 0.00 0.00 0.00 0.00 0.00 0.00 0.00 0.00 0.00 0.00 0.00 0.00 0.00 0.00 0.00 0.00 0.00 0.00 0.00 0.00 0.29 5.21 5.33 9.78 5.49 10.88 11.54 15.02 9.96 8.07 9.09 0.00 6.46 5.55 8.43 12.73 12.14 15.33 13.92 19.69 13.84 12.69 9.89 11.57 7.62 6.57 9.58 5.32 4.93 3.69 6.17 7.87 6.35 5.51 4.79 7.65 9.84 12.49 12.84
0.00 0.00 0.00 0.00 0.00 3.29 4.02 5.99 7.66 8.18 5.55 4.02 1.83 2.63 2.99 1.10 1.75 1.10 1.10 0.00 0.00 0.00 0.00 0.00 0.00 0.00 0.00 0.00 0.00 0.00 0.00 0.00 0.00 0.00 0.00 0.00 0.00 0.00 0.00 0.00 0.00 0.00 0.00 0.00 0.00 0.44 1.39 2.43 5.45 7.34 6.62 10.44 9.71 9.01 10.90 11.65 0.00 0.00 8.60 9.33 13.20 13.90 15.15 16.77 14.17 13.19 12.04 11.40 12.76 9.42 8.41 6.78 5.10 4.96 3.37 7.02 9.79 8.76 5.55 6.01 5.81 9.02 12.28 8.61
0.00 0.00 0.00 0.00 0.00 0.00 3.87 3.80 4.38 6.28 3.94 2.99 2.85 2.56 2.56 3.93 3.24 1.46 1.46 0.73 0.00 0.51 0.00 0.00 0.00 0.00 0.00 0.00 0.00 0.00 0.00 0.00 0.00 0.00 0.00 0.00 0.00 0.00 0.00 0.00 0.00 0.00 0.00 0.00 0.00 0.00 0.00 0.75 2.90 4.62 11.15 11.53 7.66 8.15 6.93 0.00 0.00 0.00 0.00 0.00 12.12 14.24 11.71 14.40 13.57 15.35 17.38 10.85 11.09 13.12 6.39 6.11 6.95 4.89 5.32 7.30 8.48 11.22 6.14 6.12 6.75 9.67 9.08 8.78
0.00 0.00 0.00 0.00 0.00 0.00 0.00 2.34 2.99 1.68 1.24 2.99 2.63 3.50 4.02 3.82 3.94 3.55 3.31 1.83 1.39 0.00 1.75 0.00 0.00 0.07 0.00 0.00 0.00 0.00 0.00 0.00 0.00 0.00 0.00 0.00 0.88 0.00 0.00 0.07 2.63 0.22 0.00 0.00 0.00 0.22 0.00 1.54 2.13 9.99 11.90 13.74 14.25 0.00 0.00 0.00 0.00 0.00 0.00 0.00 0.00 12.31 11.77 10.25 12.46 14.60 13.52 14.13 17.27 14.19 6.20 6.62 6.49 5.26 5.03 7.25 10.77 12.54 7.30 6.51 5.46 6.42 6.71 6.88
0.00 0.00 0.00 0.00 0.00 0.00 0.00 0.00 0.00 0.00 0.00 0.00 0.00 0.00 0.00 0.00 0.00 3.06 3.11 6.20 5.48 5.55 4.60 2.99 5.48 4.09 2.70 2.19 0.00 1.90 0.00 1.46 2.34 1.39 3.50 4.89 5.84 3.72 6.13 6.38 5.42 6.78 2.26 2.26 3.50 1.75 0.00 0.00 4.20 3.20 0.00 0.00 0.00 0.00 0.00 0.00 0.00 0.00 0.00 0.00 0.00 0.00 0.00 8.71 11.16 8.34 5.71 7.12 7.96 6.86 6.63 4.74 5.22 2.64 3.53 5.88 6.36 6.57 5.51 0.00 0.00 0.00 0.00 0.00
0.00 0.00 0.00 0.00 0.00 0.00 0.00 0.00 0.00 0.00 0.00 0.00 0.00 0.00 0.00 0.00 0.00 0.00 0.00 2.70 0.00 3.56 5.04 4.60 4.23 8.00 6.06 3.87 3.07 4.74 3.36 3.72 3.07 3.43 4.31 4.45 6.79 6.28 9.13 4.96 6.46 8.20 7.74 8.65 6.64 4.82 2.12 4.87 0.00 0.00 0.00 0.00 0.00 0.00 0.00 0.00 0.00 0.00 0.00 0.00 0.00 0.00 0.00 7.19 11.08 0.00 0.00 0.00 0.00 6.87 0.00 0.00 0.00 0.00 0.00 3.60 4.63 5.21 5.65 0.00 0.00 0.00 0.00 0.00
0.00 0.00 0.00 0.00 0.00 0.00 0.00 0.00 0.00 0.00 0.00 0.00 0.00 0.00 0.00 0.00 0.00 0.00 0.00 0.00 2.70 0.00 2.70 4.82 3.36 3.08 3.05 5.69 5.18 7.01 3.29 5.04 2.89 2.85 3.72 0.00 0.00 3.94 2.99 0.00 0.00 0.00 6.58 8.36 7.26 6.38 4.71 7.12 6.01 0.00 0.00 0.00 0.00 0.00 0.00 0.00 0.00 0.00 0.00 0.00 0.00 0.00 0.00 0.00 0.00 0.00 0.00 0.00 0.00 0.00 0.00 0.00 0.00 0.00 0.00 0.00 1.85 0.00 0.00 0.00 0.00 0.00 0.00 0.00
0.00 0.00 0.00 0.00 0.00 0.00 0.00 0.00 0.00 0.00 0.00 0.00 0.00 0.00 0.00 0.00 0.00 0.00 0.00 0.00 0.00 0.00 0.00 0.00 0.00 4.53 0.00 0.00 3.29 3.14 5.48 4.82 0.00 0.00 0.00 0.00 0.00 0.00 0.00 0.00 0.00 0.00 0.00 0.00 0.00 9.63 3.13 0.00 0.00 0.00 0.00 0.00 0.00 0.00 0.00 0.00 0.00 0.00 0.00 0.00 0.00 0.00 0.00 0.00 0.00 0.00 0.00 0.00 0.00 0.00 0.00 0.00 0.00 0.00 0.00 0.00 0.00 0.00 0.00 0.00 0.00 0.00 0.00 0.00
