Wansh/Snow_depth/snowdepth-1992/winter/1993021.txt
ncols 321
nrows 161
xllcenter 60
yllcenter 15 
cellsize  0.25 
NODATA_value -1
[rows 0 to 36 of 161, columns 84 to 167 of 321]
14.24 15.33 15.18 15.26 16.86 14.45 15.33 12.70 10.15 11.46 10.73 12.70 11.83 16.28 11.83 17.08 16.21 16.64 16.64 16.64 16.64 14.67 15.11 10.22 11.39 1.83 1.83 1.83 2.04 3.29 2.48 5.26 9.20 7.66 12.48 15.77 13.58 16.72 15.48 7.52 7.52 9.34 19.35 19.35 6.86 7.01 3.29 3.50 3.72 4.45 5.33 7.52 9.86 10.44 6.72 7.88 9.56 10.59 5.33 3.50 4.23 2.19 2.34 2.77 2.04 4.02 3.50 3.29 3.29 6.42 5.69 8.98 12.26 11.97 9.56 10.44 10.66 12.70 14.31 14.45 12.70 13.21 11.39 10.51
15.77 16.28 14.82 13.36 13.43 13.80 13.87 12.19 15.11 11.83 12.26 11.61 10.44 10.44 8.61 11.61 12.99 16.43 16.43 16.28 16.72 15.91 16.21 11.53 9.13 4.60 6.06 1.31 1.53 1.75 1.90 3.50 3.58 5.69 6.35 5.99 9.42 8.54 10.51 10.07 10.07 13.21 12.05 12.05 12.92 10.44 12.78 10.15 4.02 4.16 4.31 2.77 2.56 3.87 3.36 5.40 6.06 6.13 5.91 5.33 7.37 7.37 4.09 6.50 7.37 5.11 7.59 6.86 6.86 6.79 10.07 9.86 11.61 11.61 11.46 12.48 15.77 15.18 17.08 13.51 13.87 13.94 14.45 15.77
14.31 14.82 12.92 10.80 11.68 12.70 16.13 17.37 17.16 14.89 15.84 13.51 12.26 6.64 10.15 10.22 7.66 8.40 8.40 10.59 13.29 11.24 14.82 14.02 11.90 6.72 5.04 2.48 2.48 2.04 2.34 2.19 2.99 3.72 5.11 6.50 9.13 8.18 11.97 14.24 11.02 14.67 12.78 12.78 15.77 17.23 17.59 13.72 8.47 8.10 2.63 3.94 2.41 2.63 3.29 3.14 5.55 5.55 8.76 8.47 8.69 11.10 10.95 10.88 13.21 10.73 9.93 14.60 14.60 10.51 10.51 11.24 11.10 10.73 13.80 13.21 15.84 18.25 18.40 16.79 15.55 16.13 17.67 16.43
14.31 14.82 12.92 10.80 11.68 12.70 16.13 17.37 17.16 14.89 15.84 13.51 12.26 6.64 10.15 10.22 7.66 8.40 8.40 10.59 13.29 11.24 14.82 14.02 11.90 6.72 5.04 2.48 2.48 2.04 2.34 2.19 2.99 3.72 5.11 6.50 9.13 8.18 11.97 14.24 11.02 14.67 12.78 12.78 15.77 17.23 17.59 13.72 8.47 8.10 2.63 3.94 2.41 2.63 3.29 3.14 5.55 5.55 8.76 8.47 8.69 11.10 10.95 10.88 13.21 10.73 9.93 14.60 14.60 10.51 10.51 11.24 11.10 10.73 13.80 13.21 15.84 18.25 18.40 16.79 15.55 16.13 17.67 16.43
13.65 11.39 9.86 10.00 10.51 10.07 12.56 15.48 10.95 13.07 14.31 14.67 12.56 13.94 11.61 9.34 11.24 8.54 8.54 8.98 6.64 9.05 12.78 12.26 11.02 11.32 6.13 5.11 3.14 1.75 1.46 2.12 3.43 2.92 4.53 7.23 7.88 10.22 9.27 13.29 11.10 13.72 11.02 11.02 14.60 15.70 17.23 15.70 16.64 10.73 8.03 2.99 1.90 2.12 2.48 2.48 3.72 3.58 5.04 8.83 7.96 11.90 14.24 14.97 14.45 18.03 16.13 15.84 15.84 14.89 12.34 12.41 11.75 11.97 12.56 13.07 12.70 13.51 16.13 16.94 14.24 15.33 14.89 17.08
12.85 12.12 11.46 11.10 10.59 10.15 8.83 7.23 7.08 8.32 9.78 10.88 12.56 13.29 13.94 14.24 13.43 11.75 11.75 12.48 7.96 10.59 8.10 8.47 8.40 10.37 6.64 7.45 2.19 2.19 1.17 1.97 3.29 3.94 5.91 5.55 7.23 5.99 4.23 10.44 6.50 5.48 8.98 8.98 12.85 11.39 15.70 14.67 13.14 8.40 9.93 3.50 2.34 2.12 2.04 2.34 3.80 4.74 4.45 8.54 11.02 10.51 13.29 18.76 19.64 19.05 19.35 15.11 15.11 15.70 14.09 15.33 12.34 12.85 13.36 13.36 11.10 9.78 10.22 10.22 11.61 13.94 16.06 15.55
11.90 11.90 12.48 12.19 11.24 11.24 10.95 10.51 8.47 10.95 9.34 8.83 11.53 9.34 12.92 13.65 14.75 15.04 15.04 14.31 12.12 12.99 8.98 7.45 4.60 4.16 5.91 1.53 0.95 0.95 1.97 1.97 2.63 3.87 4.96 7.66 6.50 6.86 4.53 5.62 3.87 4.38 6.50 6.50 7.59 10.88 13.36 12.63 13.51 5.48 3.87 2.19 2.63 3.50 3.43 4.45 4.09 7.66 8.98 8.83 10.59 15.04 18.91 18.40 19.64 20.08 20.37 18.40 18.40 15.48 15.55 16.13 17.52 15.70 15.84 16.21 16.50 11.02 10.95 10.88 10.95 10.73 14.02 16.13
11.90 11.90 12.48 12.19 11.24 11.24 10.95 10.51 8.47 10.95 9.34 8.83 11.53 9.34 12.92 13.65 14.75 15.04 15.04 14.31 12.12 12.99 8.98 7.45 4.60 4.16 5.91 1.53 0.95 0.95 1.97 1.97 2.63 3.87 4.96 7.66 6.50 6.86 4.53 5.62 3.87 4.38 6.50 6.50 7.59 10.88 13.36 12.63 13.51 5.48 3.87 2.19 2.63 3.50 3.43 4.45 4.09 7.66 8.98 8.83 10.59 15.04 18.91 18.40 19.64 20.08 20.37 18.40 18.40 15.48 15.55 16.13 17.52 15.70 15.84 16.21 16.50 11.02 10.95 10.88 10.95 10.73 14.02 16.13
10.37 12.05 12.05 10.37 10.80 10.44 10.73 10.73 10.73 10.29 8.83 7.37 10.29 8.03 9.49 12.12 11.17 14.31 14.31 14.45 13.51 12.19 8.61 9.93 5.99 3.36 4.09 1.75 1.83 1.68 2.34 2.92 2.56 5.99 4.96 9.42 8.54 7.59 8.32 5.84 5.55 5.26 5.18 5.18 6.79 8.25 4.23 3.87 3.50 3.50 3.14 6.42 5.18 5.48 4.09 8.98 7.74 7.66 8.98 10.15 10.00 12.92 12.99 16.13 16.35 15.62 17.59 18.18 18.18 14.89 15.48 16.64 18.18 18.32 18.54 16.57 16.28 16.79 20.08 12.34 12.41 10.29 9.49 9.49
9.05 9.56 10.66 9.49 10.29 10.29 10.15 8.98 9.13 8.91 8.61 7.23 6.64 7.59 8.98 10.88 9.56 11.83 11.83 13.21 12.85 12.56 10.95 5.99 2.92 1.46 2.12 1.39 2.04 2.63 2.34 2.19 3.58 6.42 5.55 6.50 8.32 7.59 8.18 5.77 4.74 4.09 5.26 5.26 3.80 4.09 4.09 4.09 7.81 8.47 8.25 8.10 8.61 11.32 11.90 10.88 12.19 10.95 11.17 10.59 11.10 11.97 11.90 12.26 14.02 13.94 14.67 14.53 14.53 14.53 16.64 18.69 16.72 18.69 20.15 20.22 19.27 23.07 21.90 23.73 18.69 14.16 9.49 9.71
7.01 7.59 8.91 7.59 7.23 8.03 8.03 6.64 7.23 8.32 5.26 5.77 7.15 6.13 6.79 7.59 9.86 11.39 11.39 13.29 14.75 11.32 12.78 5.26 4.82 2.19 2.63 3.43 2.63 1.53 1.75 2.04 2.63 4.38 5.62 7.59 7.30 8.32 8.76 7.08 6.42 8.03 7.81 7.81 7.59 5.55 7.74 7.88 7.96 10.00 14.09 15.26 14.89 14.16 14.97 13.43 13.65 13.29 15.55 15.91 13.14 14.67 12.85 13.14 13.51 14.89 14.89 15.99 15.99 18.76 18.40 20.15 22.56 22.48 22.19 25.40 25.48 27.96 25.55 25.92 22.34 18.76 17.45 12.12
7.01 7.59 8.91 7.59 7.23 8.03 8.03 6.64 7.23 8.32 5.26 5.77 7.15 6.13 6.79 7.59 9.86 11.39 11.39 13.29 14.75 11.32 12.78 5.26 4.82 2.19 2.63 3.43 2.63 1.53 1.75 2.04 2.63 4.38 5.62 7.59 7.30 8.32 8.76 7.08 6.42 8.03 7.81 7.81 7.59 5.55 7.74 7.88 7.96 10.00 14.09 15.26 14.89 14.16 14.97 13.43 13.65 13.29 15.55 15.91 13.14 14.67 12.85 13.14 13.51 14.89 14.89 15.99 15.99 18.76 18.40 20.15 22.56 22.48 22.19 25.40 25.48 27.96 25.55 25.92 22.34 18.76 17.45 12.12
5.04 6.28 6.50 7.23 6.94 6.06 5.62 4.74 6.64 4.09 4.82 7.52 7.15 8.61 10.00 9.93 14.09 13.65 13.65 15.18 15.11 10.44 7.23 8.03 5.99 5.18 4.23 2.92 2.34 1.75 3.58 4.96 4.67 5.11 7.74 11.32 10.29 9.13 11.24 9.86 10.73 9.20 9.71 9.71 10.66 9.20 9.13 9.13 8.47 12.34 15.26 17.81 17.45 17.37 16.57 15.18 18.40 18.18 18.61 17.52 14.45 15.04 14.97 13.87 13.65 15.11 15.55 15.04 15.04 18.76 22.19 23.07 23.07 24.60 26.79 27.08 28.84 25.92 26.94 23.80 20.66 21.32 17.52 16.28
4.23 5.55 5.04 4.45 0.00 0.00 0.00 0.00 4.60 4.23 5.26 9.05 10.15 11.10 13.94 14.97 15.18 15.11 15.11 15.26 14.16 10.51 8.76 8.32 6.06 6.28 5.33 3.36 3.94 5.40 7.66 9.64 16.94 14.89 15.40 12.78 14.24 12.70 14.09 13.94 12.92 12.12 11.17 11.17 11.61 10.00 12.63 12.05 13.07 12.78 14.16 13.94 14.60 16.21 19.27 18.69 20.66 22.19 22.92 17.67 12.63 15.26 14.97 14.97 16.72 16.79 17.01 19.35 19.35 21.53 20.81 22.85 24.09 24.45 24.45 26.13 28.91 22.41 14.67 13.36 14.09 18.69 17.30 15.91
5.55 5.04 5.26 4.02 3.50 4.82 3.50 3.87 5.04 7.08 6.42 9.34 9.34 10.88 13.43 14.89 13.43 13.87 13.87 13.36 13.80 12.05 10.44 8.83 8.40 8.61 6.64 7.08 6.94 7.96 16.57 15.99 19.35 17.59 17.16 15.33 15.91 15.62 15.84 12.85 12.19 12.99 16.50 16.50 15.33 13.94 14.16 13.36 14.75 13.21 13.29 13.14 14.31 16.43 20.95 23.58 22.70 22.19 14.67 10.88 12.05 8.83 12.48 12.48 11.83 15.91 15.70 17.23 17.23 19.71 21.75 21.32 20.22 22.48 22.12 24.75 16.86 20.66 4.67 10.00 6.57 20.08 17.81 18.25
5.40 5.62 5.26 3.72 4.67 4.23 3.58 3.87 4.23 6.35 8.03 8.98 10.15 10.07 11.32 10.95 11.61 12.70 12.70 13.36 12.78 10.29 10.95 10.07 10.07 10.29 10.15 11.75 12.78 14.45 17.81 16.64 17.89 17.81 16.43 14.38 12.78 12.63 13.21 13.51 14.31 18.18 17.52 17.52 16.57 15.99 15.99 14.75 15.33 14.38 14.97 15.11 15.04 15.33 17.96 20.08 16.35 17.16 12.48 9.42 9.49 8.76 12.99 10.80 11.17 13.65 17.52 19.35 19.35 18.98 21.61 19.78 20.88 21.17 25.11 23.43 18.40 0.00 6.20 0.00 19.35 17.59 17.23 18.03
5.40 5.62 5.26 3.72 4.67 4.23 3.58 3.87 4.23 6.35 8.03 8.98 10.15 10.07 11.32 10.95 11.61 12.70 12.70 13.36 12.78 10.29 10.95 10.07 10.07 10.29 10.15 11.75 12.78 14.45 17.81 16.64 17.89 17.81 16.43 14.38 12.78 12.63 13.21 13.51 14.31 18.18 17.52 17.52 16.57 15.99 15.99 14.75 15.33 14.38 14.97 15.11 15.04 15.33 17.96 20.08 16.35 17.16 12.48 9.42 9.49 8.76 12.99 10.80 11.17 13.65 17.52 19.35 19.35 18.98 21.61 19.78 20.88 21.17 25.11 23.43 18.40 0.00 6.20 0.00 19.35 17.59 17.23 18.03
5.04 5.26 4.74 6.57 6.86 4.74 3.94 3.87 2.70 3.07 5.33 6.28 8.61 10.44 11.24 11.32 14.09 13.58 13.58 13.80 12.70 11.46 10.88 10.07 11.02 11.32 11.53 12.05 12.92 14.67 16.79 18.03 18.91 18.76 17.01 17.96 12.99 16.72 16.79 17.08 18.32 18.03 17.08 17.08 16.43 16.64 16.64 15.99 15.11 15.77 15.48 15.91 15.77 17.16 17.08 15.77 15.55 14.31 12.41 12.34 11.97 16.13 16.28 12.85 14.45 14.75 17.45 19.35 19.35 22.63 22.48 20.15 22.48 21.61 23.73 18.03 22.27 6.20 3.80 12.12 10.00 11.17 14.09 13.43
4.60 5.40 6.50 7.23 7.23 6.79 6.79 4.09 2.99 4.60 3.29 3.29 8.91 11.24 12.56 13.80 14.45 14.38 14.38 15.18 14.09 14.67 11.53 10.00 12.12 13.21 14.89 15.18 17.67 17.37 17.45 18.40 19.93 20.81 18.69 19.49 16.06 13.21 13.72 14.82 16.21 12.70 16.43 16.43 17.89 17.37 18.25 16.28 13.07 15.70 16.64 16.57 16.57 16.94 15.18 15.33 14.97 16.06 15.48 19.64 19.49 20.22 21.24 22.27 17.37 18.25 18.61 19.93 19.93 23.94 22.48 23.58 19.56 21.68 22.27 17.01 12.78 10.73 6.06 10.37 11.10 10.73 12.19 13.29
4.74 5.26 0.00 7.01 8.03 6.64 7.37 5.26 5.11 5.04 3.21 4.53 8.69 9.64 9.20 12.26 12.85 11.10 11.10 14.60 14.89 13.14 11.97 11.83 12.70 15.18 15.55 16.86 15.91 15.99 15.62 17.67 16.72 19.86 17.89 14.31 16.86 16.79 10.51 4.89 6.06 9.78 15.33 15.33 16.57 17.52 14.67 15.62 11.75 20.51 20.22 23.51 18.69 20.00 15.91 19.35 20.22 19.20 22.12 21.39 23.36 22.70 23.65 21.90 22.56 19.56 23.07 24.60 24.60 25.19 20.73 16.94 15.99 16.72 15.77 16.79 12.70 11.32 11.02 10.88 11.02 12.70 12.19 14.09
4.82 5.04 5.40 5.48 6.57 7.37 6.28 6.50 6.35 6.13 9.34 8.32 8.47 9.05 12.63 10.29 10.59 10.51 10.51 12.78 13.80 13.36 13.07 12.05 11.97 15.77 15.48 15.70 16.06 12.92 11.17 14.31 15.33 16.35 16.21 13.65 4.60 3.36 2.48 2.85 3.72 12.12 11.68 11.68 13.36 15.77 13.72 17.37 21.90 20.95 20.81 25.70 24.09 26.28 26.06 25.26 26.86 23.29 23.73 19.13 20.51 21.10 20.08 22.92 22.70 23.21 23.51 23.36 23.36 17.89 19.27 13.21 14.67 14.24 13.21 10.51 10.37 10.00 10.44 9.86 9.42 10.07 10.80 13.87
4.31 5.40 4.96 5.33 5.99 5.11 6.13 7.37 10.15 11.10 8.91 10.00 12.92 16.43 15.48 14.38 13.07 15.55 15.55 15.48 15.70 15.26 16.50 18.83 19.20 18.91 20.95 19.27 20.15 15.55 13.51 8.91 9.64 11.17 4.67 9.56 2.70 1.83 2.99 4.45 6.79 7.81 8.83 8.83 7.45 5.48 8.32 12.63 6.86 13.36 12.05 21.02 14.60 24.09 19.56 24.31 25.70 23.00 16.28 16.13 13.51 19.35 21.83 22.48 24.82 25.48 25.77 23.21 23.21 19.78 19.78 19.56 13.43 12.05 10.80 10.88 9.27 7.66 10.07 8.47 8.40 8.10 8.61 8.47
4.31 5.40 4.96 5.33 5.99 5.11 6.13 7.37 10.15 11.10 8.91 10.00 12.92 16.43 15.48 14.38 13.07 15.55 15.55 15.48 15.70 15.26 16.50 18.83 19.20 18.91 20.95 19.27 20.15 15.55 13.51 8.91 9.64 11.17 4.67 9.56 2.70 1.83 2.99 4.45 6.79 7.81 8.83 8.83 7.45 5.48 8.32 12.63 6.86 13.36 12.05 21.02 14.60 24.09 19.56 24.31 25.70 23.00 16.28 16.13 13.51 19.35 21.83 22.48 24.82 25.48 25.77 23.21 23.21 19.78 19.78 19.56 13.43 12.05 10.80 10.88 9.27 7.66 10.07 8.47 8.40 8.10 8.61 8.47
4.31 4.09 5.04 5.33 5.55 5.84 5.62 8.83 11.53 9.27 13.87 14.82 14.31 14.97 16.86 16.43 17.45 17.74 17.74 17.81 18.69 18.83 19.42 20.44 20.51 20.73 20.51 20.00 19.35 12.26 13.72 8.98 7.15 4.60 0.00 7.52 5.48 1.46 1.24 2.26 3.58 2.41 2.34 2.34 3.21 4.16 4.82 3.07 3.72 4.31 0.00 7.37 5.99 16.43 12.85 16.28 10.73 10.15 11.46 12.56 11.17 17.16 21.83 25.55 24.89 26.35 25.62 23.73 23.73 23.65 24.02 21.32 23.58 13.21 11.61 8.32 9.05 6.42 6.94 7.37 6.72 6.57 7.45 7.23
4.31 6.50 7.15 7.23 8.18 9.20 10.44 10.22 11.32 12.99 12.78 12.48 12.92 14.16 13.94 15.77 16.13 16.79 16.79 18.32 19.05 20.15 19.42 20.34 21.57 22.10 19.54 20.29 19.78 16.64 10.44 8.40 4.96 5.99 2.77 1.02 0.73 1.10 0.95 1.90 1.83 1.97 2.19 2.19 1.68 2.56 2.41 2.63 2.77 0.00 0.00 3.29 4.16 3.07 7.66 6.50 7.15 6.72 6.79 11.46 17.08 20.88 20.15 24.02 23.43 25.48 25.55 26.28 26.28 27.08 27.08 24.45 18.25 14.45 13.87 7.88 6.28 6.13 6.79 7.59 6.50 7.15 6.28 9.56
8.83 8.69 8.83 10.15 10.66 9.49 10.88 11.24 12.26 11.17 10.15 4.45 5.62 7.52 9.64 7.81 13.65 17.67 17.67 16.64 19.20 19.13 19.78 22.56 26.69 22.79 23.97 22.35 22.78 20.29 18.61 12.56 7.66 7.37 3.94 2.04 1.24 1.83 3.07 2.85 2.19 2.56 2.04 2.04 1.97 2.19 2.56 0.00 0.00 0.00 0.00 0.00 0.00 3.58 5.62 5.77 5.04 7.37 10.07 9.34 15.91 17.81 21.24 21.02 22.34 24.24 27.59 26.86 26.86 28.62 25.77 25.99 21.46 15.77 12.92 13.43 11.02 7.81 7.59 7.52 6.79 6.20 5.99 9.05
10.00 10.73 10.37 10.15 10.29 10.37 10.88 10.00 11.75 12.26 0.00 0.00 0.00 2.04 4.74 3.29 10.07 13.36 13.36 9.13 13.80 20.60 19.57 15.05 20.20 21.41 24.18 21.75 24.16 23.84 21.17 16.06 18.61 13.65 6.86 4.31 10.80 8.83 3.58 2.99 1.90 1.46 1.97 1.97 1.75 1.83 0.00 0.00 0.00 0.00 0.00 0.00 0.00 0.00 3.80 5.40 4.82 6.28 8.69 11.97 18.40 17.45 23.07 23.29 23.43 25.77 31.32 30.00 30.00 30.81 26.28 23.80 18.91 19.64 16.06 12.85 13.80 11.02 10.15 10.59 8.10 6.50 9.27 11.90
11.02 10.59 9.71 9.86 10.51 10.44 10.37 9.56 0.00 0.00 0.00 0.00 0.00 0.00 0.00 0.00 4.89 5.91 5.91 7.11 6.27 7.26 4.89 8.91 12.60 16.79 13.32 19.20 24.31 23.89 23.48 21.17 21.97 18.76 18.83 16.57 17.89 12.78 7.15 2.63 3.50 1.39 2.99 2.99 1.68 0.00 0.00 0.00 0.00 0.00 0.00 0.00 0.00 0.00 0.00 4.96 5.62 5.33 7.45 11.53 19.78 24.67 23.80 27.59 27.45 26.50 30.88 30.22 30.22 26.79 27.59 24.45 19.42 17.08 17.96 13.80 11.53 11.32 11.10 12.70 9.49 7.23 7.52 8.83
11.02 10.59 9.71 9.86 10.51 10.44 10.37 9.56 0.00 0.00 0.00 0.00 0.00 0.00 0.00 0.00 4.89 5.91 5.94 7.34 6.36 7.78 4.77 9.13 12.41 16.79 12.92 17.84 22.71 24.26 23.72 22.05 24.69 19.85 19.32 16.57 17.89 12.78 7.15 2.63 3.50 1.39 2.99 2.99 1.68 0.00 0.00 0.00 0.00 0.00 0.00 0.00 0.00 0.00 0.00 4.96 5.62 5.33 7.45 11.53 19.78 24.67 23.80 27.59 27.45 26.50 30.88 30.22 30.22 26.79 27.59 24.45 19.42 17.08 17.96 13.80 11.53 11.32 11.10 12.70 9.49 7.23 7.52 8.83
11.10 11.17 9.93 8.61 9.42 8.69 8.32 6.79 6.20 2.12 5.84 0.00 0.00 0.00 4.89 5.48 8.18 7.45 7.45 7.52 8.10 6.06 4.77 4.08 6.66 4.35 7.08 13.28 18.61 16.87 21.68 22.54 24.53 24.85 22.50 20.80 15.63 13.36 9.05 5.18 6.28 2.34 3.50 3.50 2.19 1.83 2.63 4.23 3.94 2.56 0.00 0.00 0.00 0.00 0.00 3.94 5.84 7.52 11.02 9.78 16.13 24.02 27.45 26.13 32.49 31.76 30.00 30.37 30.37 27.52 22.63 23.07 20.08 17.37 17.08 15.55 13.36 11.97 13.36 13.36 10.95 7.66 7.37 7.66
6.28 7.08 6.79 7.01 7.01 5.55 7.96 7.45 7.30 7.96 7.88 5.77 0.00 4.45 6.42 8.91 12.26 13.51 13.51 9.68 11.17 8.80 5.18 3.72 3.96 4.00 2.99 8.17 6.33 13.27 19.27 19.27 22.48 22.59 26.18 24.62 23.94 20.47 13.87 8.47 11.97 6.28 2.19 2.19 2.26 2.12 1.83 2.92 2.92 3.50 3.50 0.00 4.53 4.82 4.89 4.74 5.04 8.83 12.92 14.67 13.87 17.23 25.33 32.41 30.81 32.92 30.51 28.84 28.84 29.57 24.75 21.39 18.83 19.27 18.10 16.79 14.09 11.32 12.85 11.46 11.75 11.46 10.59 10.00
4.89 4.38 5.40 6.20 6.42 6.35 6.94 8.69 9.42 9.64 9.13 7.88 5.55 5.84 5.91 8.69 11.75 12.19 12.19 10.07 9.71 7.74 7.01 6.28 3.87 5.91 4.09 6.86 6.18 14.75 17.89 16.64 20.22 21.83 23.90 25.44 28.24 23.29 19.71 23.73 16.79 10.73 10.59 10.59 3.94 1.24 1.53 2.04 2.34 3.80 4.38 5.55 5.62 4.60 5.04 7.01 10.88 10.00 14.16 14.97 16.35 16.43 18.69 30.44 28.98 29.57 32.49 28.84 28.84 24.53 24.89 22.12 20.51 19.42 19.49 18.61 15.99 18.18 17.81 18.54 20.29 21.10 15.77 16.35
3.50 4.38 4.89 6.72 6.57 6.28 6.94 10.66 12.12 11.83 10.88 10.88 8.54 9.20 10.73 10.80 10.88 10.00 10.00 4.31 8.03 9.27 10.37 8.69 14.02 12.12 8.32 8.00 11.32 11.75 14.09 14.97 20.08 21.68 25.19 24.02 27.94 29.96 26.97 27.65 22.92 21.53 15.04 15.04 7.81 9.78 4.31 1.39 1.39 2.99 4.23 4.53 4.23 4.38 5.18 6.64 9.78 14.16 13.58 12.92 15.33 16.72 15.55 24.16 23.43 22.34 19.86 27.16 27.16 22.05 20.08 19.13 19.05 18.76 21.02 20.37 20.37 21.17 20.66 20.88 20.44 22.48 21.46 19.86
2.19 2.77 3.07 5.04 4.53 5.55 6.79 8.10 9.44 7.59 8.91 11.32 11.97 8.98 9.20 7.01 0.80 2.12 2.12 1.61 5.91 7.88 11.17 15.84 15.70 15.11 11.97 14.75 13.43 12.63 12.19 12.78 15.26 18.98 22.92 21.02 25.33 27.89 28.46 26.13 21.86 18.47 20.00 20.00 13.21 14.97 8.10 9.34 4.89 5.40 3.87 4.89 3.94 0.00 5.69 5.18 7.59 11.17 10.37 8.91 13.21 13.94 13.36 11.75 16.79 15.40 15.04 11.24 11.24 18.40 15.62 15.77 15.33 13.87 13.29 15.33 18.10 21.75 22.12 20.81 22.56 22.19 21.90 19.20
3.58 3.14 3.50 3.07 2.70 4.23 6.13 5.91 10.71 8.10 7.08 8.32 6.28 6.50 5.69 2.19 0.00 0.00 0.00 2.56 4.89 9.13 12.56 15.18 14.53 18.03 17.01 17.52 15.19 13.16 13.31 13.06 13.85 14.97 14.02 15.33 19.78 22.34 18.98 22.41 20.94 14.16 17.45 17.45 17.16 17.37 12.56 13.94 8.76 10.88 5.99 6.42 5.18 0.00 3.36 5.91 6.20 5.26 6.79 10.95 15.48 13.65 12.78 9.64 6.13 10.59 9.49 7.52 7.52 5.26 10.88 10.51 8.91 8.83 11.17 8.69 11.97 14.82 16.94 19.49 21.46 21.46 18.03 19.35
3.58 3.14 3.50 3.07 2.70 4.23 6.13 5.91 10.44 8.10 7.08 8.32 6.28 6.50 5.69 2.19 0.00 0.00 0.00 2.56 4.89 9.13 12.56 15.18 14.53 18.03 17.01 17.52 14.97 12.70 12.85 12.99 13.43 14.97 14.09 15.41 19.78 22.23 19.17 22.41 20.73 14.16 17.45 17.45 17.16 17.37 12.56 13.94 8.76 10.88 5.99 6.42 5.18 0.00 3.36 5.91 6.20 5.26 6.79 10.95 15.48 13.65 12.78 9.64 6.13 10.59 9.49 7.52 7.52 5.26 10.88 10.51 8.91 8.83 11.17 8.69 11.97 14.82 16.94 19.49 21.46 21.46 18.03 19.35
7.08 8.25 4.89 0.00 5.62 10.44 12.70 12.45 12.82 10.37 5.77 5.40 5.40 5.55 1.75 2.26 1.17 0.00 0.00 0.00 3.80 6.57 9.78 13.36 13.87 17.81 18.47 14.67 13.51 13.36 13.21 13.58 12.92 12.99 12.56 13.72 14.53 11.83 13.43 17.45 17.23 9.64 13.80 13.80 16.64 14.89 15.26 15.40 12.99 12.56 8.47 6.94 3.36 3.43 4.53 4.53 7.37 9.78 7.30 9.93 14.02 12.19 13.36 8.69 3.72 2.41 3.14 3.14 3.14 3.07 0.00 0.00 4.23 3.29 4.82 7.88 7.15 11.24 15.26 18.69 20.08 20.29 16.72 12.12
