Wansh/Snow_depth/snowdepth-1992/winter/1993048.txt
ncols 321
nrows 161
xllcenter 60
yllcenter 15 
cellsize  0.25 
NODATA_value -1
[rows 0 to 36 of 161, columns 168 to 251 of 321]
12.63 10.59 8.32 8.32 7.74 7.74 7.74 8.69 7.66 7.66 8.10 7.96 7.88 7.59 8.69 8.40 8.40 9.71 11.75 13.14 13.07 11.97 11.75 10.95 11.83 9.78 10.29 6.50 0.00 0.00 0.00 2.92 0.00 12.70 14.97 14.97 15.04 14.24 14.45 14.24 14.89 13.14 12.99 14.60 14.67 16.13 15.26 15.04 13.29 10.51 11.17 10.80 10.66 11.53 12.63 12.41 14.60 14.67 14.24 13.65 13.65 13.87 15.11 19.20 18.25 21.10 20.66 20.88 18.03 14.24 14.24 13.21 13.21 13.21 14.31 16.13 16.43 18.54 18.18 19.78 18.98 19.35 19.35 15.62
15.40 12.99 12.48 6.79 8.18 7.52 7.88 6.86 7.01 7.01 8.47 9.20 9.20 9.49 8.83 9.27 9.56 12.56 11.83 14.02 14.16 14.67 12.41 12.05 9.42 10.80 2.56 5.69 0.00 0.00 0.00 0.00 11.24 8.83 11.97 11.97 12.05 12.26 14.67 16.50 16.13 17.59 17.67 16.43 16.64 14.31 14.60 11.83 12.92 10.29 10.73 10.73 13.43 14.38 13.07 14.31 14.24 14.16 14.67 14.24 14.24 16.13 17.37 17.81 18.32 20.22 20.51 19.42 19.93 15.70 13.72 13.94 13.72 14.31 13.65 15.55 14.67 16.21 15.99 17.08 14.09 15.26 13.72 12.19
19.86 16.79 11.39 9.71 9.93 9.56 10.59 8.18 8.03 8.03 8.32 8.61 8.76 8.10 9.86 9.05 12.05 17.08 14.97 15.70 14.02 12.63 12.85 12.78 10.59 0.00 0.80 0.00 0.00 0.00 0.00 9.64 6.86 12.78 12.63 12.63 12.70 14.38 13.65 17.37 19.42 19.49 17.45 15.26 15.70 13.36 12.19 12.34 12.56 13.58 12.19 13.87 13.51 14.67 13.65 13.94 12.92 13.58 13.58 15.99 15.99 15.62 17.01 17.74 17.67 18.54 18.54 18.61 16.57 14.53 14.89 14.24 14.24 14.24 13.36 13.07 12.92 14.45 13.29 13.80 13.65 13.43 12.99 12.92
19.86 16.79 11.39 9.71 9.93 9.56 10.59 8.18 8.03 8.03 8.32 8.61 8.76 8.10 9.86 9.05 12.05 17.08 14.97 15.70 14.02 12.63 12.85 12.78 10.59 0.00 0.80 0.00 0.00 0.00 0.00 9.64 6.86 12.78 12.63 12.63 12.70 14.38 13.65 17.37 19.42 19.49 17.45 15.26 15.70 13.36 12.19 12.34 12.56 13.58 12.19 13.87 13.51 14.67 13.65 13.94 12.92 13.58 13.58 15.99 15.99 15.62 17.01 17.74 17.67 18.54 18.54 18.61 16.57 14.53 14.89 14.24 14.24 14.24 13.36 13.07 12.92 14.45 13.29 13.80 13.65 13.43 12.99 12.92
21.17 15.33 16.72 10.95 11.90 14.75 11.02 8.91 7.66 7.66 8.54 9.05 8.83 10.80 11.75 17.52 16.72 19.78 17.89 14.16 14.82 12.19 12.70 4.38 6.06 0.00 0.00 0.00 0.00 0.80 0.00 9.86 12.70 12.78 11.75 11.75 13.07 12.56 16.72 17.81 17.37 19.35 17.67 16.13 14.09 14.89 15.26 13.80 13.65 13.72 13.72 13.72 13.94 13.29 13.72 13.07 13.21 13.51 14.53 13.94 13.94 15.70 17.89 17.67 17.45 15.62 17.67 14.16 13.51 14.82 12.78 13.43 13.21 12.12 11.83 12.34 11.68 12.26 11.83 13.29 13.72 14.16 15.26 14.67
21.90 19.13 20.73 19.42 20.22 16.35 13.58 16.94 13.80 13.80 10.66 11.75 15.70 15.84 17.30 19.42 21.24 16.86 18.54 11.61 8.54 4.16 5.69 0.00 0.00 0.00 0.00 0.00 0.00 4.38 11.17 10.29 12.63 12.56 11.97 11.97 13.94 15.62 16.06 17.52 19.35 18.91 19.20 17.59 16.79 15.70 15.77 15.48 14.97 13.94 14.16 14.02 14.02 14.38 12.99 13.51 11.61 10.88 12.70 14.02 14.02 13.43 16.43 17.23 17.45 15.26 13.29 13.29 13.51 11.97 12.19 11.97 12.05 12.34 11.46 9.71 10.37 11.61 11.61 13.80 14.16 14.02 14.38 16.64
20.44 22.85 23.14 24.82 23.58 21.02 19.71 20.73 16.72 16.72 19.05 17.45 17.52 17.23 17.74 21.75 20.88 15.62 10.37 11.17 6.94 0.00 2.99 0.00 0.00 0.00 0.00 0.00 8.91 7.37 11.32 12.26 12.12 14.31 18.32 18.32 17.81 17.52 15.55 16.06 15.48 18.47 18.61 17.96 18.32 18.40 16.50 15.77 15.70 16.35 16.94 15.48 14.53 14.45 12.92 10.88 11.17 10.95 11.90 11.61 11.61 13.29 15.26 14.75 15.33 13.14 11.75 11.75 11.75 10.51 10.66 10.00 9.27 9.34 9.13 9.20 8.98 9.93 9.64 12.55 13.55 16.17 18.25 20.40
20.44 22.85 23.14 24.82 23.58 21.02 19.71 20.73 16.72 16.72 19.05 17.45 17.52 17.23 17.74 21.75 20.88 15.62 10.37 11.17 6.94 0.00 2.99 0.00 0.00 0.00 0.00 0.00 8.91 7.37 11.32 12.26 12.12 14.31 18.32 18.32 17.81 17.52 15.55 16.06 15.48 18.47 18.61 17.96 18.32 18.40 16.50 15.77 15.70 16.35 16.94 15.48 14.53 14.45 12.92 10.88 11.17 10.95 11.90 11.61 11.61 13.29 15.26 14.75 15.33 13.14 11.75 11.75 11.75 10.51 10.66 10.00 9.27 9.34 9.13 10.63 12.38 14.28 13.20 21.32 22.37 21.52 23.48 21.17
13.21 14.89 21.32 26.57 25.26 21.90 18.83 19.05 17.89 17.89 18.18 17.89 19.86 21.90 22.27 22.34 21.53 11.75 9.78 10.44 4.96 0.00 0.00 0.00 0.00 0.00 6.86 5.11 10.00 11.39 11.24 12.05 14.97 14.60 19.93 19.93 20.81 20.81 15.91 14.67 14.60 17.45 19.71 17.67 18.91 18.40 18.54 19.86 18.54 18.83 16.28 14.67 15.18 12.92 11.75 12.12 12.34 10.59 11.68 13.36 13.36 13.14 14.38 15.70 15.70 14.82 12.19 11.24 11.46 10.73 10.15 10.37 9.49 8.05 10.08 11.48 13.04 13.16 11.49 17.54 14.60 18.09 19.02 17.87
9.05 9.05 20.15 17.01 18.25 17.23 18.69 17.52 19.27 19.27 20.22 20.59 20.73 20.81 12.41 12.05 9.20 11.39 0.00 0.00 0.00 0.00 0.00 0.00 7.59 7.23 8.69 11.61 11.24 12.26 12.85 12.99 14.38 15.77 15.26 15.26 18.61 16.86 17.74 17.67 19.35 18.40 20.73 19.71 19.20 19.13 19.86 19.78 18.69 17.96 17.96 15.55 13.58 13.80 12.48 13.14 12.63 17.08 18.10 18.10 18.10 18.18 16.72 17.23 14.89 12.99 11.53 11.83 10.59 10.15 10.29 10.29 9.39 13.21 11.61 11.25 12.27 13.69 14.85 14.72 14.07 13.62 19.43 18.89
11.10 11.46 12.48 13.72 16.57 14.24 17.01 16.50 18.40 18.40 20.37 11.24 11.10 10.07 10.37 9.20 0.00 0.00 0.00 0.00 5.33 4.67 1.68 9.56 10.80 11.68 10.22 12.34 13.14 13.36 12.41 13.29 13.21 15.11 16.79 16.79 16.72 17.89 19.56 19.27 21.02 21.17 21.46 19.64 17.96 15.11 15.84 17.59 17.59 17.96 17.89 17.89 16.35 15.99 14.89 14.67 18.54 17.81 20.81 20.95 20.95 21.39 19.13 15.26 13.72 14.16 11.39 10.66 10.80 10.44 10.73 10.37 10.48 9.71 8.28 11.13 12.58 12.96 12.88 13.75 14.28 14.92 13.90 14.39
11.10 11.46 12.48 13.72 16.57 14.24 17.01 16.50 18.40 18.40 20.37 11.24 11.10 10.07 10.37 9.20 0.00 0.00 0.00 0.00 5.33 4.67 1.68 9.56 10.80 11.68 10.22 12.34 13.14 13.36 12.41 13.29 13.21 15.11 16.79 16.79 16.72 17.89 19.56 19.27 21.02 21.17 21.46 19.64 17.96 15.11 15.84 17.59 17.59 17.96 17.89 17.89 16.35 15.99 14.89 14.67 18.54 17.81 20.81 20.95 20.95 21.39 19.13 15.26 13.72 14.16 11.39 10.66 10.80 10.44 10.73 10.37 10.22 9.56 8.03 10.33 11.21 12.00 13.73 14.27 14.28 14.60 15.26 15.39
14.75 15.04 10.29 11.24 11.02 10.29 13.07 9.20 7.37 7.37 6.64 7.37 5.40 0.00 0.00 0.00 0.00 0.00 6.64 9.86 8.69 10.51 10.95 10.51 13.65 12.70 14.09 12.92 13.36 13.80 14.16 14.16 16.06 15.62 17.30 17.30 18.83 18.32 19.64 20.51 21.24 20.59 19.71 16.72 17.08 14.38 13.65 13.14 15.70 17.52 17.67 16.28 15.48 15.70 17.30 19.27 19.05 20.44 20.88 21.17 21.17 20.08 19.13 16.21 16.86 14.09 13.43 12.48 12.26 11.61 12.12 10.51 9.78 9.49 8.09 10.64 13.45 12.48 13.32 14.06 13.18 14.28 14.15 13.56
14.60 13.72 13.14 12.99 11.68 9.71 11.39 7.52 3.43 3.43 0.00 0.00 0.00 0.00 0.00 0.00 0.00 0.00 5.55 8.98 11.61 10.59 13.51 13.72 14.02 13.43 14.09 14.24 13.43 14.75 14.53 14.82 15.99 14.45 14.75 14.75 16.43 17.01 17.89 17.59 20.00 19.27 19.86 16.28 15.62 14.67 14.16 14.97 14.67 15.91 15.55 15.91 15.04 16.28 15.91 18.47 17.89 18.10 19.20 20.22 20.22 19.93 20.29 18.25 16.43 16.64 15.26 16.06 15.77 16.13 15.18 11.97 10.22 11.96 13.86 14.94 10.75 12.78 13.03 12.14 13.37 13.19 13.60 12.01
17.67 14.38 18.10 17.08 14.67 12.48 13.43 9.05 3.72 3.72 7.23 0.00 0.00 5.40 6.13 3.14 4.96 8.76 8.83 9.34 11.75 12.70 12.34 12.92 12.85 14.09 13.72 13.65 12.12 14.60 13.51 12.99 13.14 13.29 13.94 13.94 15.70 15.48 17.01 16.57 16.35 17.01 15.62 15.99 15.26 16.64 16.57 15.77 15.70 15.77 15.55 15.33 15.33 16.28 17.16 18.32 18.03 17.96 17.52 17.37 17.37 19.49 20.81 20.15 20.51 19.42 17.16 17.59 17.23 17.89 20.51 16.86 19.55 16.82 14.92 18.14 16.43 16.76 13.11 12.73 14.50 13.37 13.78 10.13
17.16 20.08 19.78 17.16 16.50 15.77 14.75 13.43 13.94 13.94 11.32 14.97 13.58 10.66 11.39 9.64 10.00 10.15 12.26 11.97 12.05 12.12 12.56 12.92 12.70 12.34 12.19 12.56 11.68 12.34 13.21 13.07 13.58 14.67 14.31 14.31 15.26 14.67 15.26 15.18 15.04 15.11 16.06 14.97 14.89 15.18 15.26 14.31 15.33 13.87 12.56 14.97 15.99 16.06 16.21 17.67 18.76 18.83 17.67 19.05 19.05 18.61 20.66 21.10 19.64 19.78 18.03 17.45 21.24 22.92 23.14 20.32 18.16 20.05 20.46 18.00 17.99 16.74 14.60 15.39 15.00 15.36 12.15 12.18
17.16 20.08 19.78 17.16 16.50 15.77 14.75 13.43 13.94 13.94 11.32 14.97 13.58 10.66 11.39 9.64 10.00 10.15 12.26 11.97 12.05 12.12 12.56 12.92 12.70 12.34 12.19 12.56 11.68 12.34 13.21 13.07 13.58 14.67 14.31 14.31 15.26 14.67 15.26 15.18 15.04 15.11 16.06 14.97 14.89 15.18 15.26 14.31 15.33 13.87 12.56 14.97 15.99 16.06 16.21 17.67 18.76 18.83 17.67 19.05 19.05 18.61 20.66 21.10 19.64 19.78 18.03 17.45 21.24 22.92 23.14 24.95 17.02 21.79 18.37 22.27 18.25 18.51 14.89 13.88 14.50 13.21 13.21 13.83
13.65 17.16 19.05 17.37 17.81 16.50 14.89 14.24 12.78 12.78 14.02 13.80 13.94 13.07 12.70 12.19 11.75 13.80 13.87 12.48 12.34 12.56 12.48 11.61 11.68 11.68 11.17 11.24 11.39 12.19 12.85 13.80 13.65 14.45 14.53 14.53 14.45 14.75 14.60 14.53 15.18 16.13 15.48 16.50 12.63 14.16 12.78 13.80 13.36 13.72 11.83 11.90 11.53 12.78 13.51 16.79 15.84 18.98 19.27 18.25 18.25 19.20 19.86 20.00 20.37 19.56 19.05 20.22 19.05 22.63 26.85 23.48 20.83 22.68 22.11 24.37 21.02 17.15 15.53 16.32 14.80 12.90 15.23 13.01
13.14 16.57 17.81 18.83 18.61 17.67 13.14 14.02 11.46 11.46 11.02 11.90 13.29 12.70 13.72 16.86 15.40 14.16 14.38 13.14 12.85 13.14 13.07 11.10 11.61 11.02 10.88 11.83 12.41 12.26 12.70 14.09 14.09 14.16 15.18 15.18 15.48 15.48 15.11 15.11 15.04 15.62 15.04 12.85 13.36 12.41 12.78 12.70 12.63 11.24 11.75 10.51 11.83 11.83 12.56 15.33 18.03 17.59 18.76 18.10 18.10 17.96 17.52 19.05 18.98 17.16 19.64 18.69 21.46 24.80 24.19 25.51 25.76 23.06 20.81 23.43 19.32 17.77 17.36 17.03 15.62 15.95 13.92 15.32
12.99 15.33 16.79 16.06 14.60 15.99 14.38 14.82 11.24 11.24 11.24 12.05 14.31 17.23 17.67 17.89 16.13 14.02 13.65 13.58 15.48 14.97 17.08 13.29 13.07 12.48 11.68 11.97 11.17 12.34 12.12 14.53 15.48 15.91 15.91 15.91 16.50 15.91 15.18 14.53 14.97 14.60 14.89 13.94 12.85 12.85 13.72 13.87 13.65 13.58 14.16 12.34 11.32 9.05 8.98 11.32 15.77 17.67 15.04 17.52 17.52 14.02 13.94 13.07 13.29 14.53 17.67 20.15 19.71 21.02 20.29 24.16 23.58 22.41 20.73 22.34 21.77 25.74 23.62 21.01 18.84 16.66 14.33 17.12
13.43 13.72 11.46 11.39 13.58 13.07 11.90 11.61 12.05 12.05 11.83 11.53 15.91 18.10 19.27 18.91 19.64 14.97 17.89 18.47 18.47 18.47 19.86 14.97 12.05 12.41 12.56 11.75 11.90 14.16 15.99 18.03 18.32 17.23 17.96 17.96 17.67 16.94 14.38 13.72 13.51 13.87 13.14 13.07 12.85 9.93 12.56 12.19 14.31 14.67 14.53 13.36 10.07 10.95 8.83 11.90 13.94 14.31 14.60 12.85 12.85 11.61 11.68 11.17 11.68 10.00 13.43 12.41 17.74 19.35 19.13 21.32 22.12 22.78 23.50 24.92 26.68 23.80 25.16 23.34 19.88 20.27 19.89 14.80
9.56 10.88 11.32 11.32 10.73 10.80 11.10 11.32 12.78 12.78 15.40 17.52 17.08 18.91 20.08 18.54 18.98 19.56 18.98 21.53 20.59 19.27 20.22 12.92 12.26 14.45 14.16 13.36 15.91 16.35 18.98 18.61 19.35 19.20 18.10 18.10 17.37 18.25 15.40 18.40 17.96 14.45 13.58 13.51 13.51 12.48 10.44 12.63 12.05 14.75 14.60 15.04 12.78 9.93 10.15 10.44 12.56 13.36 10.22 11.68 11.68 6.64 2.71 3.72 8.18 7.37 11.17 15.26 14.67 16.50 16.72 19.13 21.10 23.00 24.11 24.80 27.40 23.94 21.90 21.59 15.52 16.13 19.23 18.84
9.56 10.88 11.32 11.32 10.73 10.80 11.10 11.32 12.78 12.78 15.40 17.52 17.08 18.91 20.08 18.54 18.98 19.56 18.98 21.53 20.59 19.27 20.22 12.92 12.26 14.45 14.16 13.36 15.91 16.35 18.98 18.61 19.35 19.20 18.10 18.10 17.37 18.25 15.40 18.40 17.96 14.45 13.58 13.51 13.51 12.48 10.44 12.63 12.05 14.75 14.60 15.04 12.78 9.93 10.15 10.44 12.56 13.36 10.22 11.68 11.68 6.64 2.71 3.72 8.18 7.37 11.17 15.26 14.67 16.50 16.72 19.13 21.10 23.00 23.14 24.94 21.28 21.06 18.34 25.13 18.98 16.48 15.06 17.38
9.78 9.78 12.56 11.90 11.75 11.39 14.31 16.21 15.48 15.48 16.35 17.01 20.08 20.66 20.29 19.78 21.53 21.53 21.75 21.61 19.78 16.57 13.36 13.51 15.33 16.13 19.56 19.56 19.27 19.71 20.37 19.64 17.52 17.74 17.52 17.52 18.40 17.01 19.86 19.35 20.95 20.88 21.24 16.79 17.01 17.23 14.82 12.78 14.67 12.92 13.36 10.51 9.20 9.20 9.56 10.29 9.27 9.42 8.25 4.89 4.89 0.00 2.04 0.00 6.57 8.10 10.00 12.85 11.97 14.09 15.99 18.40 21.75 23.07 23.51 22.23 21.52 23.19 28.52 23.65 20.57 15.50 15.57 16.10
7.37 12.70 14.97 15.55 15.26 12.34 13.51 15.99 14.89 14.89 21.53 20.59 22.05 28.54 25.84 23.07 23.14 21.46 19.35 19.64 16.86 17.37 16.57 16.86 16.79 18.32 20.81 22.78 22.41 21.17 19.71 18.32 17.16 17.23 19.64 19.64 19.78 23.51 22.05 22.34 22.34 23.07 22.12 22.56 19.93 16.13 12.05 12.99 10.00 9.71 9.71 8.47 7.30 8.69 8.18 8.61 7.66 5.77 6.50 3.50 3.50 0.00 0.00 3.72 7.23 6.20 10.00 12.19 14.45 16.21 15.70 18.83 22.85 22.27 22.01 23.66 18.09 22.83 26.53 24.68 22.63 14.60 14.93 16.60
14.60 13.65 15.55 11.39 12.12 9.27 9.93 14.38 18.83 18.83 23.51 22.34 25.92 29.05 26.43 23.51 21.75 22.19 20.37 21.61 17.52 16.79 16.94 17.96 18.61 18.61 18.91 22.41 21.97 22.34 20.59 19.56 20.95 20.95 21.90 21.90 25.26 24.60 25.40 22.70 25.04 24.82 23.58 17.23 11.39 11.97 8.03 4.09 1.68 5.18 1.68 2.56 4.53 4.38 6.72 4.53 3.29 3.72 2.26 1.17 1.17 1.68 1.17 3.58 6.94 9.13 11.90 15.04 14.89 18.40 17.52 18.61 20.31 22.19 22.23 24.08 23.01 17.06 17.02 16.73 13.44 15.24 9.70 10.15
14.16 11.17 11.68 11.10 8.32 8.61 13.80 12.99 17.67 17.67 23.07 23.36 25.99 25.40 26.13 21.39 22.12 19.27 18.18 21.39 15.04 16.64 17.16 16.21 18.69 18.91 18.69 21.10 21.75 20.08 21.75 21.83 21.75 19.42 19.93 19.93 24.09 23.07 20.44 19.05 15.62 12.99 21.61 17.08 9.86 7.66 8.03 5.04 2.48 0.80 0.00 1.10 2.04 2.85 3.29 4.02 3.58 2.85 2.70 2.41 2.41 2.19 1.75 4.02 7.59 6.86 10.22 11.97 14.97 18.47 20.44 20.15 21.90 22.05 21.37 17.02 24.30 23.26 17.75 13.22 10.74 8.74 8.76 8.80
5.77 8.03 9.13 8.47 4.67 5.40 8.69 7.52 10.44 10.44 9.27 17.74 12.99 14.89 16.28 17.81 9.42 12.92 8.47 12.34 11.24 10.37 13.58 11.97 12.56 17.08 13.80 19.49 19.71 18.25 14.24 18.54 19.05 15.33 9.93 9.93 6.57 17.23 13.43 10.73 11.02 7.15 5.91 5.84 8.69 7.45 5.84 3.50 3.87 2.19 0.00 1.24 1.17 1.39 2.99 2.77 3.65 2.77 4.16 2.70 2.70 0.00 0.00 1.68 4.31 10.15 12.41 14.75 15.26 19.20 18.64 23.94 25.16 20.59 14.85 32.02 26.50 22.63 18.22 12.68 10.13 7.92 5.69 4.42
5.77 8.03 9.13 8.47 4.67 5.40 8.69 7.52 10.44 10.44 9.27 17.74 12.99 14.89 16.28 17.81 9.42 12.92 8.47 12.34 11.24 10.37 13.58 11.97 12.56 17.08 13.80 19.49 19.71 18.25 14.24 18.54 19.05 15.33 9.93 9.93 6.57 17.23 13.43 10.73 11.02 7.15 5.91 5.84 8.69 7.45 5.84 3.50 3.87 2.19 0.00 1.24 1.17 1.39 2.99 2.77 3.65 2.77 4.16 2.70 2.70 0.00 0.00 1.68 4.31 10.15 12.41 14.75 15.26 19.20 18.74 23.69 22.75 22.94 15.85 37.35 30.76 21.90 19.03 12.32 10.71 9.39 5.19 3.75
3.72 4.67 6.64 4.60 4.09 1.75 2.63 3.94 7.96 7.96 6.57 10.29 10.00 9.71 5.69 6.06 5.99 8.03 6.50 7.30 8.18 8.32 10.66 8.18 4.31 9.93 9.64 11.83 14.60 15.18 11.17 3.80 7.96 8.47 5.26 5.26 0.00 2.70 7.23 5.77 4.09 3.65 3.58 4.23 4.53 5.18 4.89 6.57 7.45 8.98 8.91 6.57 2.70 1.90 1.90 0.00 3.21 4.02 3.80 3.87 3.89 2.13 0.15 1.31 8.69 8.61 11.61 14.82 14.23 16.59 19.84 23.37 24.13 28.02 28.98 26.31 18.92 14.48 12.17 10.77 8.16 4.58 3.92 1.24
14.02 10.66 7.66 8.91 5.26 2.63 2.99 3.65 5.69 5.69 6.28 7.88 7.59 5.55 6.06 5.40 5.48 6.57 5.99 10.15 8.54 5.55 5.77 5.40 3.07 6.28 8.83 8.32 5.33 3.87 1.75 1.83 0.00 0.00 0.00 0.00 0.00 2.04 2.48 2.48 2.41 2.70 2.92 2.70 3.43 4.02 5.91 5.55 7.08 9.71 9.34 10.00 7.15 3.80 2.19 2.48 2.19 4.53 4.67 2.48 2.48 0.66 0.73 0.44 2.26 6.28 10.29 14.24 18.32 20.51 22.56 24.16 25.46 29.31 22.47 19.86 16.76 10.12 8.66 6.71 3.74 1.96 2.14 1.20
17.45 14.89 11.02 8.03 4.23 3.07 3.58 2.92 3.58 3.58 4.96 5.40 4.74 6.06 6.28 5.91 5.55 7.66 10.29 9.71 8.83 4.31 4.31 3.80 3.58 2.85 5.33 3.14 3.21 0.00 0.00 0.00 0.00 0.00 0.00 0.00 0.00 0.00 2.41 1.90 1.61 1.68 1.90 2.70 3.14 3.65 3.94 6.50 6.13 9.42 13.36 10.88 7.15 7.96 4.45 4.53 5.40 6.35 4.96 5.77 5.77 2.99 1.97 6.06 7.66 10.44 14.24 18.10 22.41 23.58 23.43 24.00 18.97 31.32 29.10 19.78 14.82 11.93 8.33 5.65 3.01 1.87 0.00 0.00
19.05 16.50 13.58 9.49 6.13 4.53 4.23 4.89 4.74 4.74 4.45 0.00 3.07 4.96 6.57 6.35 6.57 6.50 5.91 3.80 4.02 4.09 4.60 4.23 2.41 2.63 3.65 2.12 0.00 0.00 0.00 0.00 0.00 0.00 0.00 0.00 0.00 2.41 2.34 1.53 1.02 1.83 0.00 0.00 0.00 0.00 0.00 0.00 3.94 5.69 8.69 13.07 9.34 8.76 5.91 6.42 6.20 7.01 7.37 12.48 12.48 10.80 7.81 7.88 14.75 14.53 15.84 17.30 20.81 22.34 24.02 24.19 29.38 31.10 31.00 14.00 5.96 4.74 4.78 3.49 2.74 0.76 0.00 0.00
12.85 10.37 11.17 9.56 7.81 4.09 3.50 3.72 0.00 0.00 0.00 0.00 0.00 0.00 5.62 5.26 5.99 5.91 4.96 4.31 0.00 4.60 4.60 0.00 2.70 5.69 4.96 6.64 0.00 0.00 0.00 0.00 0.00 0.00 0.00 0.00 0.80 0.95 0.00 0.00 0.00 0.00 0.00 0.00 0.00 0.00 0.00 3.29 3.21 3.87 5.11 7.37 8.40 7.74 10.29 10.88 15.40 17.08 15.70 16.21 16.21 14.45 12.92 14.24 14.38 15.70 16.35 20.95 22.19 23.73 22.92 22.70 23.28 8.57 4.36 5.13 4.22 2.94 2.21 1.07 0.00 0.00 0.44 0.00
11.97 8.76 6.79 3.29 0.00 0.00 0.00 2.41 1.75 1.75 0.00 0.00 0.00 0.00 4.82 4.67 6.06 0.00 0.00 0.00 0.00 3.14 3.29 3.50 2.56 5.77 5.04 4.96 2.63 0.88 0.00 0.00 0.00 1.39 1.53 1.53 1.31 1.61 0.66 1.17 1.75 0.00 1.90 3.87 5.91 5.55 6.06 4.60 3.72 4.02 2.99 3.72 7.30 8.76 12.48 15.70 15.77 17.16 19.20 18.98 18.98 18.40 15.70 15.62 15.55 15.33 18.91 21.68 21.17 22.05 16.72 19.52 15.79 6.26 3.83 3.12 2.92 1.04 0.61 0.00 0.00 0.00 0.00 0.00
11.97 8.76 6.79 3.29 0.00 0.00 0.00 2.41 1.75 1.75 0.00 0.00 0.00 0.00 4.82 4.67 6.06 0.00 0.00 0.00 0.00 3.14 3.29 3.50 2.56 5.77 5.04 4.96 2.63 0.88 0.00 0.00 0.00 1.39 1.53 1.53 1.31 1.61 0.66 1.17 1.75 0.00 1.90 3.87 5.91 5.55 6.06 4.60 3.72 4.02 2.99 3.72 7.30 8.76 12.48 15.70 15.77 17.16 19.20 18.98 18.98 18.40 15.70 15.62 15.55 15.33 18.91 21.68 21.17 22.05 16.72 19.42 15.55 6.16 3.83 3.26 2.60 1.00 0.59 0.00 0.00 0.00 0.00 0.00
10.51 6.64 3.94 3.87 3.07 5.11 3.14 0.00 1.97 1.97 0.00 0.00 0.00 3.80 6.13 5.69 5.33 0.00 0.00 0.00 0.00 0.00 3.21 2.04 2.19 2.77 0.00 0.00 0.00 0.00 0.00 0.00 1.31 1.02 2.04 2.04 2.26 1.17 1.39 0.95 1.61 2.34 5.69 4.96 7.96 11.46 11.61 7.37 5.40 7.66 5.40 5.18 7.59 7.59 11.17 14.45 12.48 14.82 17.45 17.81 17.81 18.69 18.40 17.45 16.86 17.16 17.08 19.20 21.53 21.61 18.83 16.21 14.38 11.72 4.26 3.04 1.37 1.48 0.84 0.00 0.00 0.00 0.00 0.00
