Wansh/Snow_depth/snowdepth-1992/winter/1993025.txt
ncols 321
nrows 161
xllcenter 60
yllcenter 15 
cellsize  0.25 
NODATA_value -1
[rows 0 to 36 of 161, columns 0 to 83 of 321]
5.18 5.18 8.47 11.61 10.88 13.29 15.55 15.26 17.16 16.72 17.37 17.16 17.45 16.79 17.08 17.16 16.06 15.55 15.18 14.82 14.97 14.38 14.67 13.80 13.65 13.80 13.80 13.87 15.48 15.40 16.21 14.82 15.55 14.09 14.75 14.89 15.26 14.67 15.04 15.04 14.97 14.60 13.72 14.24 14.16 15.99 17.16 18.40 15.99 19.20 19.86 19.86 19.71 17.89 17.89 23.87 24.82 26.06 27.52 27.30 27.38 14.38 14.38 15.18 16.86 14.02 11.90 10.00 9.27 8.91 7.08 7.37 8.76 8.98 8.91 9.27 9.27 13.14 14.60 14.67 15.33 13.58 14.24 12.56
9.71 9.71 9.13 13.87 15.40 14.82 16.50 17.16 17.23 17.30 16.64 16.64 16.79 16.57 16.57 15.55 15.77 14.45 15.99 15.62 15.77 14.02 14.45 12.70 11.83 11.83 11.83 12.85 14.24 15.11 15.33 15.55 14.38 14.75 14.60 15.77 14.67 16.28 16.86 16.94 15.77 14.53 16.28 16.43 16.86 18.32 17.81 18.25 17.74 24.67 20.29 20.29 25.19 24.38 23.80 24.82 25.99 25.77 26.57 21.75 23.43 23.21 15.40 11.68 9.93 8.91 9.78 8.98 8.98 8.25 7.37 7.45 7.81 7.74 9.49 8.54 8.54 12.70 14.60 15.33 15.48 12.56 10.66 11.10
13.51 13.51 13.94 14.89 14.53 16.57 16.43 16.50 17.59 17.81 16.57 15.91 16.06 16.06 15.40 15.62 15.40 15.55 15.11 14.82 15.99 13.87 12.41 12.78 11.83 12.41 12.41 11.83 13.43 13.43 14.24 14.16 14.53 15.11 14.60 16.28 16.06 15.99 16.28 16.86 16.57 17.08 16.28 16.43 18.69 18.76 16.64 19.93 22.12 19.27 22.27 22.27 20.44 20.73 22.12 21.75 16.43 18.25 18.54 19.42 18.69 16.13 13.72 13.72 10.07 9.86 9.71 9.71 9.78 9.05 7.59 7.08 7.66 7.59 8.32 12.05 12.05 13.43 13.65 11.02 10.66 10.80 10.29 8.83
13.51 13.51 13.94 14.89 14.53 16.57 16.43 16.50 17.59 17.81 16.57 15.91 16.06 16.06 15.40 15.62 15.40 15.55 15.11 14.82 15.99 13.87 12.41 12.78 11.83 12.41 12.41 11.83 13.43 13.43 14.24 14.16 14.53 15.11 14.60 16.28 16.06 15.99 16.28 16.86 16.57 17.08 16.28 16.43 18.69 18.76 16.64 19.93 22.12 19.27 22.27 22.27 20.44 20.73 22.12 21.75 16.43 18.25 18.54 19.42 18.69 16.13 13.72 13.72 10.07 9.86 9.71 9.71 9.78 9.05 7.59 7.08 7.66 7.59 8.32 12.05 12.05 13.43 13.65 11.02 10.66 10.80 10.29 8.83
15.91 15.91 16.72 15.91 17.30 15.99 16.86 17.81 17.74 17.59 16.94 16.94 16.21 16.43 15.62 15.48 15.33 14.82 13.51 13.51 13.72 13.21 13.07 12.26 11.90 11.90 11.90 12.19 12.41 12.41 13.87 14.60 15.04 14.82 15.11 14.31 14.60 13.94 15.40 13.94 14.60 14.82 14.38 13.80 15.91 13.14 13.87 14.60 17.67 20.51 15.48 15.48 15.70 13.58 14.31 13.72 15.40 14.53 11.97 13.87 13.14 9.13 9.78 10.29 9.86 10.15 8.76 7.59 6.79 6.42 6.79 5.40 6.06 9.56 8.61 11.39 11.39 10.44 9.93 10.29 8.03 6.20 6.79 6.64
18.98 18.98 17.16 17.23 17.74 18.83 18.69 19.42 18.03 18.25 17.30 16.50 16.86 15.70 13.58 13.87 12.05 13.36 12.63 13.14 12.56 13.58 12.70 13.14 13.07 12.63 12.63 11.17 11.61 10.88 12.63 11.97 13.94 15.40 14.82 14.31 14.38 12.78 13.21 11.83 11.24 12.41 12.48 11.46 12.05 9.71 11.53 11.61 10.00 10.15 9.64 9.64 10.00 10.15 13.43 10.22 12.05 11.61 11.53 11.53 11.68 7.81 6.20 7.15 7.66 8.61 8.47 7.88 7.30 5.62 5.84 5.62 6.13 9.42 10.88 10.66 10.66 10.66 10.22 7.59 8.47 7.45 8.25 7.30
18.03 18.03 17.96 18.98 18.76 19.56 19.71 19.86 18.54 17.59 18.03 16.28 14.45 14.38 12.56 10.07 10.29 12.26 13.29 13.43 11.46 12.56 12.34 13.07 13.14 13.43 13.43 12.19 10.37 10.15 11.17 11.17 11.46 13.29 12.70 14.31 13.21 11.61 11.39 11.61 11.24 10.44 10.59 8.18 10.29 11.97 11.97 10.51 9.93 9.34 8.98 8.98 6.94 6.86 6.28 8.10 9.86 10.44 11.02 10.88 11.61 6.28 6.57 6.79 7.01 6.13 6.28 5.77 5.84 5.40 5.62 6.57 8.91 8.54 9.42 9.49 9.49 9.78 9.93 7.45 7.52 7.45 7.45 10.80
18.03 18.03 17.96 18.98 18.76 19.56 19.71 19.86 18.54 17.59 18.03 16.28 14.45 14.38 12.56 10.07 10.29 12.26 13.29 13.43 11.46 12.56 12.34 13.07 13.14 13.43 13.43 12.19 10.37 10.15 11.17 11.17 11.46 13.29 12.70 14.31 13.21 11.61 11.39 11.61 11.24 10.44 10.59 8.18 10.29 11.97 11.97 10.51 9.93 9.34 8.98 8.98 6.94 6.86 6.28 8.10 9.86 10.44 11.02 10.88 11.61 6.28 6.57 6.79 7.01 6.13 6.28 5.77 5.84 5.40 5.62 6.57 8.91 8.54 9.42 9.49 9.49 9.78 9.93 7.45 7.52 7.45 7.45 10.80
18.03 18.03 18.91 18.91 18.25 18.03 19.27 17.67 17.16 17.67 16.13 15.40 15.62 11.39 5.77 6.79 8.69 11.17 11.46 8.10 9.49 8.69 13.43 14.82 13.21 13.21 13.21 9.93 9.42 9.13 10.95 10.73 10.66 10.80 11.17 12.41 12.85 12.48 12.05 12.19 8.98 8.69 7.74 6.57 10.95 10.44 9.86 10.15 10.73 8.47 8.98 8.98 6.50 5.48 5.26 7.30 6.72 8.61 10.00 8.61 0.00 0.00 5.04 6.50 6.13 5.99 6.06 6.50 6.13 7.08 6.72 6.79 9.34 9.13 9.27 9.05 9.05 7.15 5.77 5.99 3.87 6.94 5.91 9.93
16.86 16.86 17.67 17.59 17.67 17.01 16.13 16.72 16.43 17.37 16.86 15.91 10.80 12.19 5.18 6.06 4.60 10.29 7.59 8.61 7.81 12.56 11.83 14.60 13.21 10.22 10.22 8.69 8.76 8.83 10.59 10.07 10.73 10.44 12.63 13.36 12.41 12.48 13.65 13.80 11.10 10.00 6.28 12.05 9.71 9.34 8.40 8.98 8.47 9.05 8.32 8.32 7.08 5.48 5.26 5.99 4.89 5.18 5.55 7.74 0.00 6.42 6.64 6.28 7.59 0.00 7.66 0.00 7.23 7.30 8.47 9.78 9.49 9.93 8.54 7.15 7.15 7.74 6.50 5.04 4.89 6.06 9.93 10.80
14.82 14.82 15.04 15.91 15.91 16.06 16.50 16.94 16.79 17.89 15.04 8.03 10.00 2.48 2.56 1.97 6.20 8.32 8.47 9.05 12.12 12.34 12.63 12.26 10.37 11.24 11.24 8.25 8.76 10.51 10.00 11.53 13.14 13.51 13.43 14.38 14.02 13.43 14.97 14.38 14.24 9.71 13.58 13.51 11.61 13.87 9.56 10.22 9.20 7.45 7.15 7.15 7.37 6.06 5.48 7.45 7.08 7.59 9.34 9.13 3.58 5.04 0.00 7.88 7.45 0.00 0.00 7.37 7.52 7.66 8.61 9.64 10.00 9.93 8.98 0.00 0.00 7.52 7.88 6.50 8.10 7.81 9.64 9.56
14.82 14.82 15.04 15.91 15.91 16.06 16.50 16.94 16.79 17.89 15.04 8.03 10.00 2.48 2.56 1.97 6.20 8.32 8.47 9.05 12.12 12.34 12.63 12.26 10.37 11.24 11.24 8.25 8.76 10.51 10.00 11.53 13.14 13.51 13.43 14.38 14.02 13.43 14.97 14.38 14.24 9.71 13.58 13.51 11.61 13.87 9.56 10.22 9.20 7.45 7.15 7.15 7.37 6.06 5.48 7.45 7.08 7.59 9.34 9.13 3.58 5.04 0.00 7.88 7.45 0.00 0.00 7.37 7.52 7.66 8.61 9.64 10.00 9.93 8.98 0.00 0.00 7.52 7.88 6.50 8.10 7.81 9.64 9.56
16.28 16.28 16.79 17.01 17.30 17.52 18.98 18.98 18.83 17.01 17.30 9.20 3.07 3.80 3.14 5.26 4.82 7.15 9.71 9.34 11.39 12.34 11.39 11.53 10.95 9.56 9.56 8.25 8.25 10.66 12.26 12.85 12.85 12.56 13.29 13.36 13.14 13.94 12.12 14.24 12.19 17.08 11.53 15.62 15.62 14.89 13.51 12.70 9.34 8.25 8.25 8.25 8.47 8.76 8.83 8.10 8.03 8.54 9.49 0.00 6.72 6.94 6.86 7.15 7.45 6.20 7.59 7.96 0.00 9.13 9.27 9.42 9.86 0.00 9.71 0.00 0.00 0.00 0.00 0.00 9.20 0.00 0.00 9.05
16.64 16.64 16.57 17.67 17.52 17.52 18.40 17.74 17.96 16.35 12.41 7.08 8.18 3.65 4.16 3.87 4.82 7.30 6.28 11.17 11.24 9.64 9.78 9.27 9.93 10.00 10.00 9.42 10.88 11.53 12.48 12.34 12.99 11.17 11.02 11.61 10.80 11.17 9.71 12.34 12.41 12.26 14.24 13.43 12.34 12.48 11.75 12.19 8.83 8.83 8.83 8.83 9.86 8.54 8.32 7.81 7.66 7.88 8.76 7.37 6.20 5.18 5.77 4.74 5.84 5.55 7.74 7.81 7.81 9.49 8.91 9.78 9.49 9.05 0.00 0.00 0.00 0.00 0.00 0.00 0.00 0.00 0.00 0.00
16.13 16.13 17.37 17.01 17.67 16.79 15.18 17.16 15.48 15.99 13.14 7.66 4.23 4.96 3.07 4.53 4.31 5.48 10.51 11.02 11.17 10.73 9.27 9.71 10.59 11.02 11.02 9.93 10.22 10.22 10.22 10.66 10.66 9.05 8.98 10.51 9.93 9.34 9.27 10.73 9.71 10.37 11.46 11.17 11.83 11.10 9.34 9.42 9.05 8.91 9.64 9.64 9.56 9.71 8.83 8.03 7.59 6.79 6.94 6.72 7.08 8.03 6.86 5.69 7.45 7.96 7.08 7.23 8.54 8.32 7.66 9.20 7.96 8.03 0.00 0.00 0.00 0.00 0.00 0.00 0.00 0.00 0.00 0.00
14.82 14.82 16.21 16.72 17.08 15.77 14.24 13.29 13.58 11.39 7.74 2.99 2.99 0.00 2.41 4.96 6.28 6.20 6.35 5.77 8.83 9.86 9.78 9.49 10.37 10.73 10.73 10.07 10.29 10.29 10.29 7.01 8.47 8.83 7.66 7.88 9.20 9.13 8.91 11.02 9.05 10.29 10.59 10.44 9.13 10.88 10.07 9.56 10.00 9.86 10.80 10.80 10.73 10.95 8.76 9.42 7.30 6.79 7.52 8.91 7.81 8.32 8.03 8.10 7.96 7.88 7.96 8.61 8.54 8.69 8.69 9.05 7.74 8.10 7.81 0.00 0.00 0.00 0.00 0.00 0.00 0.00 7.37 0.00
14.82 14.82 16.21 16.72 17.08 15.77 14.24 13.29 13.58 11.39 7.74 2.99 2.99 0.00 2.41 4.96 6.28 6.20 6.35 5.77 8.83 9.86 9.78 9.49 10.37 10.73 10.73 10.07 10.29 10.29 10.29 7.01 8.47 8.83 7.66 7.88 9.20 9.13 8.91 11.02 9.05 10.29 10.59 10.44 9.13 10.88 10.07 9.56 10.00 9.86 10.80 10.80 10.73 10.95 8.76 9.42 7.30 6.79 7.52 8.91 7.81 8.32 8.03 8.10 7.96 7.88 7.96 8.61 8.54 8.69 8.69 9.05 7.74 8.10 7.81 0.00 0.00 0.00 0.00 0.00 0.00 0.00 7.37 0.00
16.13 16.13 15.26 15.77 12.70 12.48 13.51 13.14 11.39 11.97 8.47 4.31 0.44 0.80 2.92 6.28 5.40 7.01 5.40 7.37 6.50 8.54 6.72 7.88 9.86 9.78 9.78 10.37 9.34 7.81 5.33 0.95 0.00 0.00 4.67 2.92 6.50 4.31 7.59 8.54 7.88 10.29 9.20 9.42 9.34 10.29 10.73 10.73 10.51 9.78 10.15 10.15 11.02 10.66 8.83 9.78 8.54 8.25 8.47 10.51 9.56 9.56 8.83 9.20 8.25 8.47 8.47 8.83 8.91 9.13 8.83 8.98 8.91 8.69 0.00 0.00 0.00 0.00 0.00 0.00 0.00 0.00 0.00 0.00
15.48 15.48 15.26 13.80 14.16 13.51 13.72 11.39 11.90 7.59 4.45 4.45 0.00 0.00 1.68 3.65 2.77 0.00 0.00 0.00 0.00 7.45 7.23 7.15 8.10 7.08 7.08 8.91 8.54 5.18 0.00 0.00 0.00 0.00 0.00 0.00 0.00 0.00 0.00 5.99 6.94 8.61 8.47 8.76 9.34 11.39 11.75 11.32 13.14 12.19 11.83 11.83 12.05 10.95 9.49 8.61 9.78 9.56 10.73 10.37 9.93 9.86 10.37 9.34 8.69 8.03 8.25 8.10 8.10 8.98 8.47 9.13 8.76 9.05 8.18 7.81 7.81 8.10 0.00 0.00 0.00 5.48 5.77 0.00
14.75 14.75 14.82 14.31 14.75 14.82 14.45 12.48 8.32 9.20 5.48 0.95 0.00 0.00 0.00 0.00 0.00 0.00 0.00 0.00 0.00 0.00 0.00 0.00 5.55 4.82 4.82 6.64 7.01 6.94 5.18 0.00 0.00 0.00 0.00 0.00 0.00 0.00 0.00 5.26 7.81 8.98 10.88 10.37 10.15 12.63 13.51 13.87 13.07 12.41 12.12 12.12 10.29 9.05 9.34 9.42 8.69 9.64 10.80 11.39 10.95 11.17 10.73 9.78 9.05 8.54 7.37 8.47 8.03 8.98 8.40 7.01 7.88 7.37 7.59 8.03 8.03 7.66 7.52 7.15 9.05 6.35 5.11 6.20
15.18 15.18 14.45 14.53 14.60 12.78 9.93 11.75 6.79 3.65 4.02 1.17 0.00 0.00 0.00 0.00 0.00 0.00 0.00 0.00 0.00 0.00 0.00 0.00 0.00 0.00 0.00 4.82 6.50 6.06 3.65 3.94 0.00 3.87 0.00 0.00 5.77 5.69 7.08 6.79 8.98 10.29 11.24 11.68 12.85 12.99 12.70 13.80 13.21 13.43 11.46 11.46 10.00 8.54 8.83 9.42 9.34 11.24 10.66 11.02 10.80 9.93 8.69 8.83 8.83 8.32 8.47 8.83 8.69 8.32 8.47 8.25 7.66 7.30 6.64 6.42 6.42 7.96 9.13 10.07 9.93 9.71 7.45 5.77
15.70 15.70 14.16 13.65 11.39 11.53 9.34 5.91 0.00 0.00 0.00 0.00 0.00 0.00 0.00 0.00 0.00 0.00 0.00 0.00 0.00 0.00 0.00 0.00 0.00 0.00 0.00 5.18 6.57 7.52 5.55 5.77 6.42 5.84 7.81 7.66 7.08 7.30 9.42 10.22 11.10 10.73 11.53 11.97 12.34 13.14 12.85 13.94 11.97 12.78 12.19 12.19 9.78 10.66 10.66 9.93 10.00 11.39 9.49 9.93 8.91 8.47 8.18 8.54 8.10 8.76 8.83 8.76 8.91 8.18 7.74 7.74 7.81 6.64 6.35 7.37 7.37 8.83 8.61 8.03 8.69 8.61 6.86 4.31
15.70 15.70 14.16 13.65 11.39 11.53 9.34 5.91 0.00 0.00 0.00 0.00 0.00 0.00 0.00 0.00 0.00 0.00 0.00 0.00 0.00 0.00 0.00 0.00 0.00 0.00 0.00 5.18 6.57 7.52 5.55 5.77 6.42 5.84 7.81 7.66 7.08 7.30 9.42 10.22 11.10 10.73 11.53 11.97 12.34 13.14 12.85 13.94 11.97 12.78 12.19 12.19 9.78 10.66 10.66 9.93 10.00 11.39 9.49 9.93 8.91 8.47 8.18 8.54 8.10 8.76 8.83 8.76 8.91 8.18 7.74 7.74 7.81 6.64 6.35 7.37 7.37 8.83 8.61 8.03 8.69 8.61 6.86 4.31
10.88 10.88 8.83 11.32 11.02 10.15 10.44 6.20 0.00 0.00 0.00 0.00 0.00 0.00 0.00 0.00 0.00 0.00 0.00 0.00 0.00 0.00 0.00 0.00 0.00 0.00 0.00 6.06 0.00 8.25 7.96 7.23 8.32 8.61 10.15 9.64 8.10 8.61 9.13 10.51 10.29 11.10 10.73 10.37 12.12 12.92 13.29 13.29 13.21 13.65 12.56 12.56 11.39 11.61 10.44 12.05 11.32 11.90 9.78 9.71 9.78 9.34 8.54 9.34 9.64 9.05 9.42 8.40 7.59 7.66 6.64 7.15 5.77 6.20 6.06 7.23 7.23 5.84 7.01 6.86 7.23 6.13 6.35 5.11
10.66 10.66 7.88 7.01 5.84 5.77 0.00 0.00 0.00 0.00 0.00 0.00 0.00 0.00 0.00 0.00 0.00 0.00 0.00 0.00 0.00 0.00 0.00 0.00 0.00 0.00 0.00 0.00 4.53 8.47 8.40 8.32 8.83 8.69 10.51 10.29 11.17 10.51 10.00 11.24 11.68 11.46 12.19 12.63 11.46 12.92 13.94 14.16 13.65 13.21 12.70 12.70 11.61 11.61 12.26 12.19 11.83 11.53 11.97 11.02 11.46 11.32 11.32 11.46 10.51 9.86 10.59 9.13 7.52 8.61 8.61 7.59 6.86 7.45 7.30 6.20 6.20 5.11 6.28 7.52 7.23 6.20 5.40 3.58
7.66 7.66 7.96 6.20 0.00 0.00 0.00 0.00 0.00 0.00 0.00 0.00 0.00 0.00 0.00 0.00 0.00 0.00 0.00 0.00 0.00 0.00 0.00 0.00 0.00 0.00 0.00 0.00 6.64 6.13 7.52 7.74 10.59 8.32 10.07 11.68 11.46 10.88 10.88 11.32 11.32 10.88 11.02 11.32 11.61 13.07 12.19 12.19 12.56 12.99 12.26 12.26 10.95 12.63 12.48 12.12 12.12 12.34 12.48 13.29 13.07 11.68 11.24 11.24 10.44 10.66 10.66 10.22 11.68 9.93 9.42 9.42 9.34 8.47 8.98 5.69 5.69 5.91 5.84 6.57 5.33 5.26 6.06 7.23
5.77 5.77 6.13 4.09 4.23 0.00 0.00 0.00 0.00 0.00 0.00 0.00 0.00 0.00 0.00 0.00 0.00 0.00 0.00 0.00 0.00 0.00 0.00 0.00 0.00 0.00 0.00 5.04 5.77 4.96 6.35 6.64 7.08 6.50 8.91 10.66 9.64 10.73 10.51 11.83 11.17 11.90 11.61 11.46 9.34 9.34 9.71 10.37 8.91 10.15 9.64 9.64 10.95 11.83 10.88 12.63 12.05 12.48 11.02 12.34 12.41 12.05 9.93 10.22 10.51 11.39 12.41 11.61 12.12 11.24 10.95 9.56 10.15 10.37 9.78 7.30 7.30 5.62 6.13 5.26 5.26 6.72 8.03 7.88
5.84 5.84 5.91 5.04 0.00 0.00 0.00 0.00 0.00 0.00 0.00 0.00 0.00 0.00 0.00 0.00 0.00 0.00 0.00 0.00 0.00 0.00 0.00 0.00 0.00 0.00 0.00 4.82 5.48 5.04 3.94 4.31 5.69 5.26 8.25 8.98 8.69 10.66 10.00 10.80 11.46 8.91 10.37 10.51 8.25 8.69 8.76 8.69 8.69 9.13 10.00 10.00 10.15 11.10 10.73 11.97 10.95 12.19 12.78 12.78 12.26 10.88 11.24 10.66 13.07 14.97 13.58 12.26 11.90 11.83 10.80 10.73 9.56 8.76 9.27 7.52 7.52 7.59 6.72 7.08 5.69 7.01 7.96 9.78
5.84 5.84 5.91 5.04 0.00 0.00 0.00 0.00 0.00 0.00 0.00 0.00 0.00 0.00 0.00 0.00 0.00 0.00 0.00 0.00 0.00 0.00 0.00 0.00 0.00 0.00 0.00 4.82 5.48 5.04 3.94 4.31 5.69 5.26 8.25 8.98 8.69 10.66 10.00 10.80 11.46 8.91 10.37 10.51 8.25 8.69 8.76 8.69 8.69 9.13 10.00 10.00 10.15 11.10 10.73 11.97 10.95 12.19 12.78 12.78 12.26 10.88 11.24 10.66 13.07 14.97 13.58 12.26 11.90 11.83 10.80 10.73 9.56 8.76 9.27 7.52 7.52 7.59 6.72 7.08 5.69 7.01 7.96 9.78
6.28 6.28 0.00 0.00 0.00 0.00 0.00 0.00 0.00 0.00 0.00 0.00 0.00 0.00 0.00 0.00 0.00 0.00 0.00 0.00 0.00 0.00 0.00 0.00 0.00 3.58 3.58 5.18 4.60 4.60 0.00 0.00 2.85 4.38 6.64 8.83 8.98 10.44 9.78 9.86 10.00 7.81 8.91 9.05 8.03 7.15 7.52 8.10 8.69 9.27 10.29 10.29 10.51 11.53 13.07 9.56 11.32 12.34 12.92 13.65 12.34 12.41 12.34 13.94 13.87 14.45 14.75 12.05 10.95 11.46 9.64 9.64 8.76 7.08 7.88 7.52 7.52 8.10 7.96 7.74 6.86 6.94 7.08 9.42
6.20 6.20 0.00 0.00 0.00 0.00 0.00 0.00 0.00 0.00 0.00 0.00 0.00 0.00 0.00 0.00 0.00 0.00 0.00 0.00 0.00 0.00 0.00 0.00 0.00 0.00 0.00 2.99 3.07 0.00 0.00 2.19 2.92 3.87 5.69 6.20 8.69 9.34 8.69 6.64 7.01 6.86 6.57 5.69 6.42 7.15 7.74 7.52 8.98 9.20 9.78 9.78 10.51 11.53 12.48 9.56 12.85 12.05 12.63 12.41 12.63 13.07 11.24 12.70 12.85 11.02 11.24 11.39 11.39 8.61 8.47 6.79 7.01 6.94 7.74 7.37 7.37 7.15 8.18 7.74 7.59 7.30 7.08 7.66
6.64 6.64 0.00 0.00 0.00 0.00 0.00 0.00 0.00 0.00 0.00 0.00 0.00 0.00 0.00 0.00 0.00 0.00 0.00 0.00 0.00 0.00 0.00 0.00 0.00 0.00 0.00 4.60 2.63 1.53 2.41 2.19 3.58 5.26 6.57 6.06 8.47 8.69 5.77 5.84 5.26 6.50 4.02 3.94 5.91 7.37 9.05 8.61 8.91 9.78 10.66 10.66 11.68 11.39 12.92 10.88 12.12 11.02 11.53 12.26 9.93 10.29 9.93 10.07 8.10 9.71 10.51 8.47 8.40 8.18 8.03 5.99 6.50 5.99 6.06 6.28 6.28 5.69 8.03 7.96 8.32 7.23 6.64 6.57
5.26 5.26 0.00 0.00 0.00 0.00 0.00 0.00 0.00 0.00 0.00 0.00 0.00 0.00 0.00 0.00 0.00 0.00 0.00 0.00 0.00 0.00 0.00 0.00 0.00 0.00 0.00 0.00 3.29 2.63 3.43 0.00 2.56 4.53 5.04 3.72 4.02 5.18 5.04 5.04 4.02 4.53 4.38 3.72 5.11 6.42 7.74 8.25 8.25 9.49 10.73 10.73 12.19 12.26 11.32 11.10 10.73 10.29 9.64 8.32 7.88 7.88 8.47 4.38 5.18 8.03 5.69 6.50 6.20 4.23 4.09 5.26 4.16 5.55 3.14 5.69 5.69 4.67 7.45 7.52 7.88 6.20 5.69 5.18
3.87 3.87 3.94 2.63 0.00 0.00 0.00 0.00 0.00 0.00 0.00 0.00 0.00 0.00 0.00 0.00 0.00 0.00 0.00 0.00 0.00 0.00 0.00 0.00 0.00 0.00 0.00 2.77 0.00 0.00 0.00 0.29 1.31 1.17 3.36 1.83 2.70 3.43 2.48 3.21 2.85 4.31 4.16 3.14 4.82 4.53 5.77 6.42 7.74 8.83 9.86 9.86 11.32 11.68 11.68 9.86 9.78 5.55 4.67 3.94 4.53 2.77 2.19 2.99 2.63 3.58 3.43 4.96 1.39 1.68 0.15 2.12 1.75 4.38 1.83 3.14 3.14 2.56 7.01 7.52 7.30 8.69 5.33 5.18
0.80 0.80 0.66 0.00 0.00 0.00 0.00 0.00 0.00 0.00 0.00 0.00 0.00 0.00 0.00 0.00 0.00 0.00 0.00 0.00 0.00 0.00 0.00 0.00 0.00 0.00 0.00 0.00 0.00 0.00 0.00 0.00 0.15 0.00 0.00 0.29 1.83 1.61 1.90 0.80 0.00 1.53 1.46 2.41 3.87 5.04 6.13 7.74 8.40 7.74 10.80 10.80 10.95 10.95 11.02 10.88 7.74 2.92 2.26 1.90 2.77 4.60 2.56 3.36 1.61 2.19 1.97 0.00 0.00 0.00 1.02 1.68 3.14 3.14 2.56 8.40 8.40 9.05 10.95 10.95 10.07 13.07 13.36 7.45
0.80 0.80 0.66 0.00 0.00 0.00 0.00 0.00 0.00 0.00 0.00 0.00 0.00 0.00 0.00 0.00 0.00 0.00 0.00 0.00 0.00 0.00 0.00 0.00 0.00 0.00 0.00 0.00 0.00 0.00 0.00 0.00 0.15 0.00 0.00 0.29 1.83 1.61 1.90 0.80 0.00 1.53 1.46 2.41 3.87 5.04 6.13 7.74 8.40 7.74 10.80 10.80 10.95 10.95 11.02 10.88 7.74 2.92 2.26 1.90 2.77 4.60 2.56 3.36 1.61 2.19 1.97 0.00 0.00 0.00 1.02 1.68 3.14 3.14 2.56 8.40 8.40 9.05 10.95 10.95 10.07 13.07 13.36 7.45
0.29 0.29 0.00 0.00 0.00 0.00 0.00 0.00 0.00 0.00 0.00 0.00 0.00 0.00 0.00 0.00 0.00 0.00 0.00 0.00 0.00 0.00 0.00 0.00 0.00 0.00 0.00 0.00 0.00 0.00 0.00 0.00 0.00 0.00 0.00 0.00 0.88 0.88 1.39 0.58 2.04 1.75 2.19 2.77 3.65 5.33 7.37 7.88 8.61 10.29 10.73 10.73 10.66 7.45 8.47 9.42 1.83 0.00 2.56 5.55 4.82 6.35 4.89 3.72 1.02 1.39 0.00 0.00 0.00 0.00 1.61 4.82 4.31 6.57 9.71 9.42 9.42 10.66 12.34 15.77 13.29 16.86 16.79 9.71
