Wansh/Snow_depth/snowdepth-1992/winter/1993033.txt
ncols 321
nrows 161
xllcenter 60
yllcenter 15 
cellsize  0.25 
NODATA_value -1
[rows 0 to 36 of 161, columns 0 to 83 of 321]
9.34 9.34 8.47 15.26 12.41 17.01 19.05 19.49 20.51 21.90 21.68 22.63 22.48 23.14 23.14 21.39 20.81 19.56 19.78 19.64 19.78 20.08 19.78 20.22 18.54 17.16 17.16 17.67 17.16 17.81 17.67 17.30 15.40 15.99 11.97 9.86 9.93 10.51 12.85 12.56 14.02 15.91 17.01 16.64 16.86 17.52 17.23 18.18 21.61 23.94 23.80 23.80 23.58 22.92 22.56 22.70 22.70 24.82 25.11 25.11 24.31 24.53 23.29 24.82 24.82 24.82 24.82 24.31 24.82 24.60 20.08 20.66 22.85 22.27 23.58 22.78 22.78 22.27 21.75 22.27 20.44 19.20 19.49 18.32
11.17 11.17 15.40 14.82 19.56 21.90 21.17 22.19 22.05 22.34 21.24 22.19 22.63 22.85 22.92 21.75 22.85 20.08 19.20 19.56 19.05 18.54 19.49 17.01 17.67 16.13 16.13 14.97 15.11 15.18 16.13 16.06 15.26 12.85 10.22 11.39 8.54 10.44 9.27 12.56 14.67 13.94 15.70 17.01 17.08 17.74 17.74 17.52 21.10 24.02 22.70 22.70 24.67 23.58 23.94 23.87 24.53 25.62 24.16 22.92 23.43 23.14 23.14 22.92 22.19 22.92 21.10 19.71 18.98 19.13 18.98 19.71 18.91 21.39 21.83 21.68 21.68 22.19 20.44 19.78 20.00 19.49 15.77 14.60
14.97 14.97 17.30 19.42 18.83 21.75 20.44 20.88 21.68 21.90 20.88 20.88 21.17 21.61 20.88 22.63 20.37 18.91 19.35 18.10 18.18 18.40 15.70 14.02 14.31 14.53 14.53 13.94 14.38 13.43 13.43 13.58 12.70 12.92 12.78 10.88 12.92 10.44 11.53 12.56 14.45 13.65 16.21 14.97 15.55 14.31 15.62 14.89 18.10 20.00 20.95 20.95 21.46 21.39 22.12 19.93 22.12 21.32 21.61 22.41 23.14 23.21 23.43 23.07 21.61 21.61 20.73 19.71 19.05 17.89 17.23 17.37 17.16 18.91 17.59 19.13 19.13 18.83 20.08 17.45 16.94 17.01 15.70 13.21
14.97 14.97 17.30 19.42 18.83 21.75 20.44 20.88 21.68 21.90 20.88 20.88 21.17 21.61 20.88 22.63 20.37 18.91 19.35 18.10 18.18 18.40 15.70 14.02 14.31 14.53 14.53 13.94 14.38 13.43 13.43 13.58 12.70 12.92 12.78 10.88 12.92 10.44 11.53 12.56 14.45 13.65 16.21 14.97 15.55 14.31 15.62 14.89 18.10 20.00 20.95 20.95 21.46 21.39 22.12 19.93 22.12 21.32 21.61 22.41 23.14 23.21 23.43 23.07 21.61 21.61 20.73 19.71 19.05 17.89 17.23 17.37 17.16 18.91 17.59 19.13 19.13 18.83 20.08 17.45 16.94 17.01 15.70 13.21
18.25 18.25 18.40 19.13 20.73 19.93 20.37 20.44 21.17 21.32 21.24 21.24 21.83 20.22 20.81 19.49 18.83 19.35 17.30 17.16 17.16 16.28 17.01 14.24 13.43 13.80 13.80 14.16 13.87 13.72 13.72 14.53 16.35 15.84 15.55 15.55 15.70 13.07 15.26 15.26 15.04 14.16 15.48 15.40 14.02 14.89 12.92 11.83 15.84 17.16 15.62 15.62 18.76 15.77 16.50 19.42 20.81 21.02 21.68 21.53 21.53 21.75 20.00 19.78 21.24 18.91 18.83 17.96 18.18 17.59 16.13 15.91 15.70 15.77 16.79 17.37 17.37 16.50 17.01 16.64 15.26 13.51 12.34 12.63
22.27 22.27 20.59 21.17 21.02 23.36 24.82 22.63 22.70 23.21 21.53 19.86 20.59 18.03 18.32 18.10 18.83 18.40 18.91 16.79 15.62 16.13 12.34 12.41 12.41 14.09 14.09 15.04 15.33 14.02 15.33 14.89 17.67 18.10 18.54 18.40 18.32 17.37 17.23 17.45 16.86 16.57 16.57 16.50 16.28 16.86 13.65 13.58 15.40 15.26 14.60 14.60 14.97 17.89 17.45 19.20 16.94 18.61 18.83 19.49 18.32 17.96 18.69 19.05 17.59 18.54 18.10 17.67 16.21 15.48 15.48 15.62 15.70 15.91 16.06 16.28 16.28 17.08 16.28 15.26 15.62 14.89 17.23 16.28
23.21 23.21 23.07 23.94 24.16 24.02 25.40 24.45 25.11 22.63 20.15 20.66 18.47 19.05 17.74 18.69 18.76 18.03 16.86 14.09 14.09 10.95 8.98 10.51 13.43 15.04 15.04 15.26 16.28 16.21 16.21 16.57 17.81 17.59 18.10 19.27 18.98 18.54 18.91 18.91 18.03 13.72 15.11 14.97 15.40 14.89 15.18 13.21 15.40 15.48 14.60 14.60 9.27 8.10 11.75 13.65 11.90 15.91 15.70 17.59 17.45 17.30 16.43 15.99 16.50 18.54 16.50 16.28 16.21 14.97 14.67 15.33 14.75 15.55 15.99 15.33 15.33 15.84 15.91 16.35 17.23 17.23 17.45 17.01
23.21 23.21 23.07 23.94 24.16 24.02 25.40 24.45 25.11 22.63 20.15 20.66 18.47 19.05 17.74 18.69 18.76 18.03 16.86 14.09 14.09 10.95 8.98 10.51 13.43 15.04 15.04 15.26 16.28 16.21 16.21 16.57 17.81 17.59 18.10 19.27 18.98 18.54 18.91 18.91 18.03 13.72 15.11 14.97 15.40 14.89 15.18 13.21 15.40 15.48 14.60 14.60 9.27 8.10 11.75 13.65 11.90 15.91 15.70 17.59 17.45 17.30 16.43 15.99 16.50 18.54 16.50 16.28 16.21 14.97 14.67 15.33 14.75 15.55 15.99 15.33 15.33 15.84 15.91 16.35 17.23 17.23 17.45 17.01
22.34 22.34 23.80 23.80 23.94 23.87 24.60 23.00 21.46 22.12 20.08 19.42 19.64 19.35 19.42 18.98 17.45 16.43 17.08 13.65 10.95 11.90 9.13 12.34 11.10 15.77 15.77 15.55 15.33 16.57 17.59 16.72 15.62 15.91 16.21 17.81 17.30 18.54 18.10 16.94 13.36 13.80 13.14 13.14 13.14 12.05 13.80 13.87 14.31 14.09 12.70 12.70 11.83 6.79 7.23 5.11 10.66 12.78 11.75 15.77 14.60 16.79 16.43 16.35 16.43 15.70 15.91 16.21 14.38 14.09 15.40 14.75 14.60 13.72 14.02 14.38 14.38 14.89 15.55 15.18 15.77 14.38 16.57 16.43
21.90 21.90 22.70 23.07 23.29 23.29 21.68 22.34 20.59 19.49 19.78 19.78 20.08 20.08 19.49 18.61 17.81 17.81 16.72 14.02 14.75 11.75 12.41 11.83 16.13 16.79 16.79 16.72 17.08 18.10 17.74 17.89 16.64 16.43 15.84 16.06 16.57 17.96 17.81 18.61 16.57 14.02 17.08 14.45 12.48 12.48 14.45 14.82 12.56 11.10 8.25 8.25 4.60 2.12 2.70 3.07 5.62 4.60 11.32 14.45 13.51 16.35 15.04 16.64 15.62 15.11 14.67 13.80 13.72 13.58 14.75 13.94 14.45 14.09 15.18 15.18 15.18 15.40 14.53 13.43 13.58 12.85 15.40 14.97
20.66 20.66 20.73 21.02 20.29 21.46 21.97 20.22 19.49 19.71 20.59 21.02 20.73 20.88 19.35 20.08 18.18 18.61 18.91 15.70 13.21 13.87 12.48 15.48 14.82 16.72 16.72 17.37 17.37 15.99 16.35 15.62 16.35 16.28 16.57 17.52 17.89 19.05 18.54 19.56 20.88 19.27 17.96 16.94 14.09 17.89 18.32 16.43 12.78 11.24 8.54 8.54 5.77 3.14 5.48 3.36 4.74 4.45 7.30 9.56 12.63 14.45 14.97 14.24 14.89 14.82 15.62 13.58 14.02 14.02 14.60 14.38 14.60 15.33 14.97 14.75 14.75 13.72 13.29 15.40 14.89 14.31 14.75 13.72
20.66 20.66 20.73 21.02 20.29 21.46 21.97 20.22 19.49 19.71 20.59 21.02 20.73 20.88 19.35 20.08 18.18 18.61 18.91 15.70 13.21 13.87 12.48 15.48 14.82 16.72 16.72 17.37 17.37 15.99 16.35 15.62 16.35 16.28 16.57 17.52 17.89 19.05 18.54 19.56 20.88 19.27 17.96 16.94 14.09 17.89 18.32 16.43 12.78 11.24 8.54 8.54 5.77 3.14 5.48 3.36 4.74 4.45 7.30 9.56 12.63 14.45 14.97 14.24 14.89 14.82 15.62 13.58 14.02 14.02 14.60 14.38 14.60 15.33 14.97 14.75 14.75 13.72 13.29 15.40 14.89 14.31 14.75 13.72
20.08 20.08 20.37 20.00 20.44 20.51 21.17 21.02 20.00 21.46 21.17 21.75 20.08 20.37 18.18 17.81 18.83 18.61 18.76 16.72 17.23 15.04 14.16 14.24 15.48 16.21 16.21 15.99 15.91 15.18 14.24 14.45 14.67 15.55 17.30 18.03 19.13 19.78 20.15 20.51 20.37 19.78 18.61 17.16 18.25 17.81 16.57 15.99 16.06 12.56 10.88 10.88 11.97 11.10 8.25 4.09 5.62 7.23 6.28 7.96 9.93 7.37 12.56 11.46 7.81 13.29 14.60 13.65 15.11 14.67 15.40 15.62 15.84 15.91 14.89 10.95 10.95 12.78 12.34 13.14 14.45 14.24 0.00 0.00
18.98 18.98 19.27 19.93 21.32 21.24 21.46 21.24 21.39 22.12 21.83 21.61 20.44 17.67 18.25 17.01 17.81 18.40 18.47 16.86 14.97 15.48 14.02 14.75 14.16 15.91 15.91 16.21 14.97 15.62 15.62 14.75 15.70 16.94 17.89 18.54 18.40 18.61 18.25 18.91 17.52 18.25 16.13 17.30 17.89 16.13 15.77 15.70 14.75 13.72 13.65 13.65 13.94 12.78 10.00 6.86 5.48 6.42 8.25 8.03 7.88 6.42 4.82 4.38 6.06 9.20 12.85 12.63 14.38 13.80 15.48 14.60 13.65 12.70 13.14 11.32 11.32 12.41 12.63 12.48 13.29 7.59 0.00 0.00
18.47 18.47 19.78 19.78 21.39 20.59 20.81 20.88 21.53 21.46 21.61 20.37 18.40 19.13 15.62 15.26 16.06 16.21 16.86 15.77 16.35 14.24 12.48 13.29 13.65 15.26 15.26 15.26 15.33 16.28 18.18 17.37 16.72 16.64 16.79 17.01 18.69 18.32 17.08 16.13 15.55 16.28 16.13 16.64 16.50 16.43 15.77 15.84 15.62 15.55 14.24 14.24 14.53 11.17 9.64 9.93 6.35 8.69 8.76 8.47 10.15 6.94 4.96 3.07 4.31 5.91 8.69 11.90 12.99 12.26 13.43 13.14 13.14 12.26 13.14 13.07 13.07 12.99 12.70 8.40 0.00 7.23 0.00 0.00
19.35 19.35 20.66 21.61 19.86 20.08 18.25 18.25 20.22 20.44 19.86 20.22 17.59 14.97 15.91 13.80 14.45 15.40 15.33 15.40 14.38 14.60 13.58 13.29 14.53 15.26 15.26 14.89 16.13 18.40 18.47 15.04 14.09 15.11 15.48 14.97 15.62 16.86 15.26 15.40 15.99 16.13 16.13 16.64 16.43 16.50 16.35 16.43 16.21 16.35 15.26 15.26 14.45 13.87 13.21 10.15 8.76 9.13 9.05 11.97 11.90 5.62 7.30 5.69 7.59 6.64 8.40 10.15 10.29 12.78 12.56 12.56 13.21 12.78 13.36 11.83 11.83 9.78 10.51 8.47 0.00 0.00 0.00 0.00
19.35 19.35 20.66 21.61 19.86 20.08 18.25 18.25 20.22 20.44 19.86 20.22 17.59 14.97 15.91 13.80 14.45 15.40 15.33 15.40 14.38 14.60 13.58 13.29 14.53 15.26 15.26 14.89 16.13 18.40 18.47 15.04 14.09 15.11 15.48 14.97 15.62 16.86 15.26 15.40 15.99 16.13 16.13 16.64 16.43 16.50 16.35 16.43 16.21 16.35 15.26 15.26 14.45 13.87 13.21 10.15 8.76 9.13 9.05 11.97 11.90 5.62 7.30 5.69 7.59 6.64 8.40 10.15 10.29 12.78 12.56 12.56 13.21 12.78 13.36 11.83 11.83 9.78 10.51 8.47 0.00 0.00 0.00 0.00
21.68 21.68 20.73 20.81 18.32 18.10 18.40 18.10 18.83 18.32 16.64 15.11 12.63 13.51 11.61 12.05 12.99 13.72 14.60 16.06 15.77 14.82 14.67 14.97 14.75 15.55 15.55 16.50 15.48 15.84 16.86 15.48 13.07 10.07 13.94 14.31 12.19 12.78 14.24 16.35 15.26 17.08 17.30 17.23 17.37 16.43 16.50 16.64 15.48 16.13 15.33 15.33 14.67 14.97 14.24 11.32 9.42 12.19 12.19 12.41 12.05 9.42 7.74 8.10 7.81 7.37 9.27 10.44 10.07 12.63 11.97 12.70 12.63 11.17 10.44 10.66 10.66 0.00 0.00 0.00 0.00 0.00 0.00 0.00
21.83 21.83 20.88 19.20 19.56 18.25 18.76 19.05 18.10 16.50 14.75 15.33 12.92 10.95 11.10 12.41 14.16 15.55 15.26 15.91 15.55 14.75 14.60 14.97 16.64 15.99 15.99 14.53 14.75 14.16 12.92 10.95 9.64 10.15 7.96 8.98 10.37 8.76 11.68 12.34 15.18 15.84 17.30 17.01 17.45 18.10 17.96 16.43 16.79 17.08 16.35 16.35 15.26 14.02 14.82 13.07 13.58 13.36 13.43 12.85 11.68 9.13 9.71 9.64 8.18 6.86 7.45 9.71 9.86 11.02 10.59 12.41 8.98 10.00 9.64 7.74 7.74 7.66 5.26 0.00 0.00 0.00 0.00 0.00
21.68 21.68 22.12 20.29 20.81 20.73 21.24 18.69 16.50 17.37 15.11 13.87 13.14 11.83 12.56 14.67 14.02 15.40 15.70 15.48 15.33 15.11 14.89 15.48 14.89 15.91 15.91 15.40 14.31 12.99 11.10 11.83 7.45 7.81 6.72 5.69 7.59 8.61 12.12 15.18 16.35 16.35 17.52 17.08 17.45 17.37 16.79 16.43 18.10 16.35 15.84 15.84 15.18 14.97 14.38 13.58 12.92 14.09 13.72 13.14 10.95 11.02 10.15 8.10 9.27 7.08 7.08 5.99 7.59 8.18 6.86 8.03 7.66 8.54 7.66 7.23 7.23 7.74 5.69 6.13 0.00 0.00 0.00 0.00
22.70 22.70 21.97 22.27 21.90 20.51 18.10 18.83 15.99 15.18 15.26 15.33 14.97 14.97 14.75 14.75 15.04 15.26 15.18 15.40 15.33 15.91 15.70 15.48 15.04 15.55 15.55 15.18 15.48 13.14 13.58 10.51 8.10 8.69 6.72 8.40 9.13 13.21 13.07 15.48 17.08 16.94 16.57 16.57 16.72 14.97 16.28 16.57 16.86 15.33 14.09 14.09 14.38 14.38 13.51 12.48 13.07 13.80 13.72 14.24 12.48 11.68 10.07 9.13 7.88 6.13 5.55 5.69 6.50 6.57 6.94 7.59 6.94 7.15 7.15 7.37 7.37 8.47 8.47 8.10 9.20 5.91 4.89 2.34
22.63 22.63 22.05 20.00 18.69 19.13 17.08 14.97 15.55 14.02 15.55 15.48 15.48 14.97 14.97 14.89 14.45 14.60 14.97 15.70 16.43 16.28 15.91 15.77 15.40 15.48 15.48 14.67 15.70 14.60 12.41 11.75 10.44 11.17 9.93 10.37 13.29 12.26 13.21 14.16 15.18 15.99 15.62 15.04 14.75 14.53 16.35 14.82 14.45 14.31 12.78 12.78 13.29 12.78 12.70 12.56 12.78 13.14 13.29 13.07 12.85 12.63 9.93 8.54 7.15 6.57 6.42 6.72 6.79 6.79 7.01 7.23 6.64 5.69 7.08 6.42 6.42 8.18 8.10 9.13 8.98 8.25 5.33 3.14
22.63 22.63 22.05 20.00 18.69 19.13 17.08 14.97 15.55 14.02 15.55 15.48 15.48 14.97 14.97 14.89 14.45 14.60 14.97 15.70 16.43 16.28 15.91 15.77 15.40 15.48 15.48 14.67 15.70 14.60 12.41 11.75 10.44 11.17 9.93 10.37 13.29 12.26 13.21 14.16 15.18 15.99 15.62 15.04 14.75 14.53 16.35 14.82 14.45 14.31 12.78 12.78 13.29 12.78 12.70 12.56 12.78 13.14 13.29 13.07 12.85 12.63 9.93 8.54 7.15 6.57 6.42 6.72 6.79 6.79 7.01 7.23 6.64 5.69 7.08 6.42 6.42 8.18 8.10 9.13 8.98 8.25 5.33 3.14
21.61 21.61 19.56 20.15 18.25 17.16 16.94 15.91 14.89 15.62 15.26 15.40 15.18 15.62 15.04 15.62 15.18 15.33 15.18 15.62 16.79 17.08 16.94 17.08 16.86 16.35 16.35 14.97 15.55 14.75 13.51 13.36 13.36 13.29 11.75 11.24 12.70 12.92 14.60 14.45 14.82 14.89 13.80 13.58 14.38 14.02 14.67 14.53 14.97 14.09 14.82 14.82 14.16 13.72 13.21 13.14 14.02 13.87 13.72 13.07 10.07 9.86 10.07 8.61 7.66 7.52 7.37 8.18 8.40 7.23 7.01 7.01 6.20 6.06 5.11 5.91 5.91 7.01 6.64 7.88 6.57 5.33 5.69 3.58
21.53 21.53 18.61 17.08 17.52 16.35 16.43 15.77 15.99 15.62 15.48 15.18 15.18 15.62 16.21 15.99 16.06 15.91 16.43 15.91 16.43 16.43 16.94 17.37 16.21 14.97 14.97 15.11 15.11 14.31 13.07 12.78 13.07 12.63 12.78 11.90 13.36 13.87 13.51 13.80 14.24 13.94 14.09 14.31 14.60 13.72 14.53 14.75 15.55 15.70 14.38 14.38 14.16 14.02 14.45 14.75 14.67 14.16 13.43 12.26 11.24 10.44 9.42 8.47 8.47 10.22 9.34 8.76 9.49 7.81 8.18 8.32 6.20 6.28 7.08 6.35 6.35 5.62 6.57 6.28 7.59 6.28 4.60 4.82
17.89 17.89 17.89 14.24 12.48 13.65 16.06 17.59 17.59 17.08 16.13 15.18 15.33 15.40 16.79 15.33 15.04 14.45 14.97 15.26 15.84 16.43 16.72 15.70 17.01 15.91 15.91 14.97 11.68 12.48 10.44 11.39 11.61 11.17 11.53 11.24 13.51 13.72 14.38 14.82 15.04 15.48 15.11 14.75 14.82 14.60 16.06 16.21 15.55 13.72 14.38 14.38 14.67 14.24 15.04 15.70 15.33 14.24 13.21 12.34 11.75 10.44 9.13 9.13 11.02 12.12 10.59 8.32 8.83 9.27 9.13 9.42 9.49 8.76 7.52 7.30 7.30 8.25 6.35 5.55 5.91 6.13 6.86 7.37
16.21 16.21 13.72 14.38 12.05 12.56 14.82 13.87 16.86 17.81 16.28 16.35 16.35 15.84 15.40 14.75 14.89 14.16 14.02 14.60 15.99 16.86 16.21 16.21 14.02 12.34 12.34 11.53 9.56 9.86 9.42 9.42 10.22 11.10 11.17 12.26 14.16 14.97 14.75 15.33 15.11 15.77 15.33 13.94 12.48 15.40 13.80 14.60 14.24 12.26 12.92 12.92 14.53 15.91 16.21 15.33 15.55 13.29 12.99 13.80 12.85 9.34 7.52 7.81 7.66 10.88 10.51 6.94 7.59 10.07 9.56 9.78 9.86 10.66 10.37 8.61 8.61 9.20 6.64 5.18 5.84 7.59 7.15 9.42
16.57 16.57 13.72 11.17 10.51 10.44 13.36 17.37 18.25 17.89 18.10 17.37 17.67 17.16 18.18 16.50 16.86 15.84 14.97 14.67 15.55 16.94 14.67 12.78 11.53 11.68 11.68 8.54 9.64 8.61 7.96 8.32 10.88 11.75 13.65 14.02 15.11 15.62 15.99 15.11 14.45 14.82 14.02 10.15 9.93 14.89 14.82 12.78 10.80 11.53 12.56 12.56 14.67 13.51 14.82 14.82 12.34 12.63 13.58 8.47 5.48 3.50 4.02 5.26 5.69 8.91 5.48 5.62 7.30 9.05 9.05 10.15 10.15 8.47 9.71 8.98 8.98 8.10 8.40 6.20 7.52 8.47 9.71 9.20
16.57 16.57 13.72 11.17 10.51 10.44 13.36 17.37 18.25 17.89 18.10 17.37 17.67 17.16 18.18 16.50 16.86 15.84 14.97 14.67 15.55 16.94 14.67 12.78 11.53 11.68 11.68 8.54 9.64 8.61 7.96 8.32 10.88 11.75 13.65 14.02 15.11 15.62 15.99 15.11 14.45 14.82 14.02 10.15 9.93 14.89 14.82 12.78 10.80 11.53 12.56 12.56 14.67 13.51 14.82 14.82 12.34 12.63 13.58 8.47 5.48 3.50 4.02 5.26 5.69 8.91 5.48 5.62 7.30 9.05 9.05 10.15 10.15 8.47 9.71 8.98 8.98 8.10 8.40 6.20 7.52 8.47 9.71 9.20
14.89 14.89 14.53 14.82 12.41 13.07 16.06 15.84 17.96 19.13 18.91 17.45 18.47 18.98 18.61 18.69 19.05 18.03 15.84 15.55 15.55 15.48 15.77 13.43 9.49 8.40 8.40 8.47 7.23 8.18 9.34 8.91 9.71 11.61 15.11 15.18 15.84 15.84 14.89 12.92 12.12 9.13 8.76 8.25 9.64 10.29 10.07 11.53 11.02 11.61 12.26 12.26 11.97 12.56 13.14 9.86 9.93 7.52 11.46 1.90 0.88 1.68 0.00 3.14 3.21 4.16 4.89 4.60 6.64 7.08 7.01 4.67 7.08 8.83 8.54 9.34 9.34 9.27 9.27 8.25 8.32 6.94 7.88 8.32
13.94 13.94 15.04 14.45 14.60 13.80 15.62 17.89 17.52 19.13 19.78 18.76 18.91 19.13 18.47 18.40 16.28 16.57 15.33 15.18 14.09 14.31 12.70 9.49 7.96 7.81 7.81 6.13 8.69 8.98 10.37 12.05 13.43 13.51 15.70 15.33 16.57 15.55 14.38 12.12 0.00 7.52 6.86 8.40 9.13 9.42 10.66 10.22 11.97 12.85 12.05 12.05 11.53 9.13 8.32 8.91 7.96 2.85 2.70 3.80 0.07 0.00 0.00 0.07 0.00 0.00 0.00 2.41 3.72 3.72 4.89 2.41 6.42 7.52 8.83 8.69 8.69 9.71 8.32 7.08 4.96 5.18 7.01 7.37
13.43 13.43 13.14 15.18 14.82 15.04 14.24 17.23 18.32 19.49 19.05 19.71 18.61 16.28 13.29 13.07 13.80 16.06 15.33 14.53 12.56 13.36 13.51 9.93 9.49 8.25 8.25 11.02 9.34 9.20 13.07 0.00 13.72 16.72 15.77 15.62 13.65 14.38 7.88 8.18 7.88 7.45 8.32 8.18 9.20 9.64 9.71 11.75 11.75 11.39 11.10 11.10 7.88 8.10 8.83 8.83 4.96 6.35 1.53 0.66 0.00 0.00 0.00 0.00 0.00 0.00 0.00 0.00 1.02 0.00 2.85 1.39 5.04 7.23 8.76 7.74 7.74 7.23 7.23 7.15 5.62 5.40 5.62 5.33
12.19 12.19 13.14 12.70 16.21 13.65 11.97 12.63 15.70 15.26 17.96 17.81 16.28 17.01 13.29 9.56 11.02 7.08 8.98 10.88 11.97 12.19 13.58 11.02 10.88 12.05 12.05 12.05 13.65 12.41 14.45 13.43 15.99 15.91 16.43 14.67 11.02 9.42 9.34 9.27 9.34 9.05 9.05 8.03 8.76 8.98 11.46 12.19 11.24 11.02 10.66 10.66 9.27 9.64 15.77 13.80 10.66 11.61 5.18 6.35 0.73 0.00 0.00 0.00 0.00 0.00 0.00 0.00 0.00 0.00 0.66 3.50 7.23 7.15 7.01 7.23 7.23 6.57 8.91 8.54 7.37 5.77 6.64 6.72
10.15 10.15 9.93 10.29 12.26 12.19 10.95 10.66 12.78 15.91 15.26 16.21 15.99 12.48 10.07 8.32 9.20 7.59 5.84 8.10 8.61 14.02 14.24 15.84 13.80 15.77 15.77 15.18 15.33 13.58 12.70 14.97 16.06 15.11 14.82 12.19 10.88 10.29 10.15 11.10 11.46 9.34 8.83 9.34 10.88 12.05 11.46 11.97 12.05 12.12 12.26 12.26 11.97 16.43 16.28 15.77 13.07 10.51 7.88 5.40 0.00 0.00 0.00 0.00 0.00 0.00 0.00 0.00 0.00 0.00 0.00 1.10 5.40 4.23 4.67 4.82 4.82 5.33 10.51 12.12 8.69 8.69 10.44 6.06
6.79 6.79 6.35 7.37 8.69 9.34 9.64 9.20 10.80 14.53 15.18 12.85 14.31 11.46 10.66 8.91 7.88 11.10 8.40 7.66 7.23 12.12 16.43 17.74 13.65 17.08 17.08 15.99 15.70 0.00 0.00 13.29 14.09 9.64 8.03 7.81 8.47 9.78 9.78 11.32 12.34 10.07 9.64 9.71 11.10 11.32 12.19 13.36 13.21 13.72 14.67 14.67 15.04 15.18 15.26 15.70 13.07 9.56 9.64 6.42 0.00 0.00 0.00 0.00 0.00 0.00 0.00 0.00 0.00 0.00 0.00 0.00 3.58 3.36 8.03 9.34 9.34 8.25 12.05 15.99 20.66 15.04 14.97 15.99
6.79 6.79 6.35 7.37 8.69 9.34 9.64 9.20 10.80 14.53 15.18 12.85 14.31 11.46 10.66 8.91 7.88 11.10 8.40 7.66 7.23 12.12 16.43 17.74 13.65 17.08 17.08 15.99 15.70 0.00 0.00 13.29 14.09 9.64 8.03 7.81 8.47 9.78 9.78 11.32 12.34 10.07 9.64 9.71 11.10 11.32 12.19 13.36 13.21 13.72 14.67 14.67 15.04 15.18 15.26 15.70 13.07 9.56 9.64 6.42 0.00 0.00 0.00 0.00 0.00 0.00 0.00 0.00 0.00 0.00 0.00 0.00 3.58 3.36 8.03 9.34 9.34 8.25 12.05 15.99 20.66 15.04 14.97 15.99
0.00 0.00 1.39 3.50 4.89 5.77 6.35 7.01 10.73 13.51 13.14 12.05 10.07 8.91 9.34 8.61 9.64 10.59 10.37 8.69 12.99 16.57 17.89 11.46 10.37 7.30 7.30 12.56 15.04 14.75 0.00 11.02 4.82 5.33 5.84 5.84 9.56 10.44 11.32 11.32 12.34 12.41 10.66 9.93 10.15 11.53 13.51 14.82 14.38 14.38 14.02 14.02 15.48 14.75 10.00 11.17 10.44 9.05 9.64 0.00 0.00 0.00 0.00 0.00 0.00 0.00 0.00 0.00 0.00 0.00 1.24 4.38 4.16 5.11 10.37 13.51 13.51 19.20 20.00 19.05 23.87 21.32 21.39 22.78
