Wansh/Snow_depth/snowdepth-1998/spring/1998075.txt
ncols 321
nrows 161
xllcenter 60
yllcenter 15 
cellsize  0.25 
NODATA_value -1
[rows 0 to 36 of 161, columns 83 to 165 of 321]
25.99 25.84 24.53 25.40 23.29 19.42 20.37 17.59 17.74 18.25 19.27 21.02 22.92 20.59 19.13 19.86 20.95 17.89 23.43 23.43 23.43 23.43 18.98 16.06 14.89 9.64 8.03 8.03 8.03 10.15 9.20 8.40 9.71 8.83 9.20 7.59 5.77 1.53 5.18 3.14 9.27 9.27 12.05 9.71 9.71 12.05 9.56 8.83 9.64 10.15 10.29 12.56 13.36 12.99 14.38 11.39 13.21 13.87 13.14 9.13 9.34 6.79 7.74 7.88 6.42 7.23 7.01 7.96 11.17 11.17 10.44 13.87 13.29 17.01 16.21 16.50 16.79 18.69 17.37 22.12 20.15 20.95 18.40
24.02 24.38 24.53 22.78 19.56 17.01 17.74 15.70 17.59 16.79 19.05 22.19 20.88 19.86 16.35 17.30 15.84 15.55 19.71 19.71 16.50 17.52 19.42 18.69 15.62 11.68 10.22 6.28 6.57 7.23 6.72 7.52 9.20 6.72 4.82 2.26 3.21 2.63 3.80 6.28 5.11 13.29 15.91 15.77 15.77 15.70 12.26 12.48 10.29 8.40 9.20 9.71 7.08 8.40 7.96 9.78 9.49 11.24 10.80 9.93 11.61 12.26 9.20 12.41 7.52 8.91 12.56 8.69 12.41 12.41 15.77 13.58 16.35 16.94 16.72 17.81 17.30 20.81 21.32 21.53 19.93 20.73 20.44
21.17 21.24 20.95 18.91 19.71 18.10 17.67 18.83 20.37 19.86 20.81 23.07 22.12 21.75 13.87 19.05 13.72 14.09 13.87 13.87 13.87 16.72 13.36 15.40 16.28 15.70 10.95 11.39 7.74 7.74 7.81 7.96 8.32 7.45 6.28 4.02 5.84 4.96 5.40 8.40 5.84 12.78 14.31 9.42 9.42 12.78 12.63 14.45 11.61 12.19 8.98 9.42 6.94 7.45 7.96 7.59 9.13 11.75 12.99 12.70 13.80 14.75 14.31 14.53 14.38 12.34 14.31 17.08 14.60 14.60 16.86 15.99 16.21 17.08 18.54 17.59 21.90 21.61 22.48 22.27 20.44 21.10 22.34
21.17 21.24 20.95 18.91 19.71 18.10 17.67 18.83 20.37 19.86 20.81 23.07 22.12 21.75 13.87 19.05 13.72 14.09 13.87 13.87 13.87 16.72 13.36 15.40 16.28 15.70 10.95 11.39 7.74 7.74 7.81 7.96 8.32 7.45 6.28 4.02 5.84 4.96 5.40 8.40 5.84 12.78 14.31 9.42 9.42 12.78 12.63 14.45 11.61 12.19 8.98 9.42 6.94 7.45 7.96 7.59 9.13 11.75 12.99 12.70 13.80 14.75 14.31 14.53 14.38 12.34 14.31 17.08 14.60 14.60 16.86 15.99 16.21 17.08 18.54 17.59 21.90 21.61 22.48 22.27 20.44 21.10 22.34
20.44 19.27 17.67 17.89 17.52 17.74 17.08 16.06 17.16 19.56 22.56 20.81 21.68 19.93 16.72 17.45 15.48 13.51 14.24 14.24 12.92 12.56 12.56 16.13 16.13 14.75 13.14 13.94 11.10 10.37 6.64 7.37 7.88 9.27 9.64 9.71 8.69 7.74 7.08 7.45 3.43 7.52 2.92 5.40 5.40 10.51 9.64 12.85 12.56 14.38 10.51 11.02 8.18 8.32 7.66 7.37 8.98 8.54 11.68 12.85 12.12 14.38 15.11 15.77 14.82 16.50 14.60 17.37 15.99 15.99 17.67 15.84 15.48 15.40 16.94 18.47 17.59 22.56 22.27 22.63 19.93 20.44 22.56
19.71 18.03 18.54 17.89 19.05 17.23 17.67 16.21 14.31 14.38 13.65 14.60 20.00 15.18 19.42 17.67 18.61 18.03 16.50 16.50 14.60 15.26 14.09 14.97 14.82 16.13 13.65 12.85 7.96 7.88 7.30 7.37 7.37 9.27 10.37 9.56 10.07 7.74 3.21 1.10 0.22 0.73 1.10 3.80 3.80 2.04 8.25 14.67 17.45 15.40 16.57 12.05 8.25 7.45 8.03 7.23 9.27 9.78 9.34 11.90 13.72 13.58 15.77 18.98 15.48 16.79 16.28 16.28 14.24 14.24 13.29 14.53 14.67 15.48 15.70 15.84 15.70 15.26 14.38 17.08 17.30 18.83 17.59
20.44 20.37 19.49 18.18 17.23 16.21 16.50 15.84 12.70 12.85 12.48 15.70 13.65 12.12 15.99 18.76 19.78 19.05 17.59 17.59 18.32 15.91 15.26 15.55 13.80 14.31 11.97 11.10 7.23 7.59 7.88 9.34 10.44 10.07 10.59 10.29 7.45 2.26 3.94 2.04 0.07 0.00 0.58 2.26 2.26 8.25 14.24 12.41 17.23 16.57 12.12 8.83 9.42 8.03 8.54 9.78 9.64 10.88 13.51 13.14 14.89 17.96 17.59 20.08 19.05 18.76 18.03 16.79 13.80 13.80 13.80 15.48 14.97 16.28 15.62 15.77 14.67 13.80 13.94 13.87 14.38 15.77 19.13
20.44 20.37 19.49 18.18 17.23 16.21 16.50 15.84 12.70 12.85 12.48 15.70 13.65 12.12 15.99 18.76 19.78 19.05 17.59 17.59 18.32 15.91 15.26 15.55 13.80 14.31 11.97 11.10 7.23 7.59 7.88 9.34 10.44 10.07 10.59 10.29 7.45 2.26 3.94 2.04 0.07 0.00 0.58 2.26 2.26 8.25 14.24 12.41 17.23 16.57 12.12 8.83 9.42 8.03 8.54 9.78 9.64 10.88 13.51 13.14 14.89 17.96 17.59 20.08 19.05 18.76 18.03 16.79 13.80 13.80 13.80 15.48 14.97 16.28 15.62 15.77 14.67 13.80 13.94 13.87 14.38 15.77 19.13
20.73 17.81 17.08 16.72 16.72 16.64 15.40 13.07 10.88 10.95 12.12 7.23 9.05 8.10 12.63 16.28 18.25 19.20 18.83 18.83 19.05 19.42 19.56 16.43 14.16 9.78 8.61 10.22 9.56 8.98 9.71 10.29 10.22 10.37 10.80 10.73 7.45 4.60 1.10 1.75 0.66 1.31 5.55 6.64 6.64 10.59 12.70 11.10 10.29 10.44 9.49 9.27 11.02 11.02 8.83 11.53 11.68 11.24 12.85 13.29 13.14 16.94 15.40 18.83 17.67 17.01 17.67 17.67 16.86 16.86 15.77 16.64 17.37 17.30 16.21 15.18 15.62 15.33 14.67 14.60 14.38 13.72 14.16
15.91 13.94 13.29 14.16 14.82 14.53 12.19 9.93 8.76 10.51 5.99 8.18 7.66 9.86 12.34 13.94 17.16 15.84 16.72 16.72 19.42 18.47 19.05 18.32 14.16 9.49 8.69 9.34 9.20 9.34 9.49 8.61 8.98 10.95 11.75 11.75 10.44 9.42 8.25 8.98 7.59 6.86 7.08 7.08 7.08 8.03 8.69 8.47 9.78 9.71 11.10 12.99 13.29 13.43 14.09 12.63 11.39 11.61 11.61 12.56 12.92 13.87 13.65 13.72 15.62 15.62 16.79 17.01 16.86 16.86 19.20 17.45 17.59 16.13 16.64 15.62 15.70 15.18 19.13 18.98 17.81 13.58 12.05
13.58 13.58 13.29 13.07 11.68 11.24 8.61 7.59 9.05 8.32 8.54 6.64 8.69 10.80 14.45 14.31 15.11 15.26 15.33 15.33 17.45 20.00 17.16 12.19 14.02 9.71 8.98 8.91 8.69 8.47 8.10 8.18 8.54 10.07 9.27 10.22 9.49 9.27 9.05 8.83 7.96 10.22 9.64 8.47 8.47 9.13 8.10 9.05 9.78 11.32 12.48 12.26 15.62 14.16 14.97 12.05 11.24 12.78 15.40 15.62 13.43 14.53 12.85 13.65 15.55 16.86 16.64 18.54 20.22 20.22 19.93 20.73 20.81 17.45 16.06 15.04 15.26 18.47 19.35 19.71 15.18 13.07 12.26
13.58 13.58 13.29 13.07 11.68 11.24 8.61 7.59 9.05 8.32 8.54 6.64 8.69 10.80 14.45 14.31 15.11 15.26 15.33 15.33 17.45 20.00 17.16 12.19 14.02 9.71 8.98 8.91 8.69 8.47 8.10 8.18 8.54 10.07 9.27 10.22 9.49 9.27 9.05 8.83 7.96 10.22 9.64 8.47 8.47 9.13 8.10 9.05 9.78 11.32 12.48 12.26 15.62 14.16 14.97 12.05 11.24 12.78 15.40 15.62 13.43 14.53 12.85 13.65 15.55 16.86 16.64 18.54 20.22 20.22 19.93 20.73 20.81 17.45 16.06 15.04 15.26 18.47 19.35 19.71 15.18 13.07 12.26
13.43 13.43 12.99 11.90 9.86 8.76 8.40 8.61 7.66 8.76 8.61 10.80 10.22 11.17 16.06 15.55 15.99 19.71 21.17 21.17 19.64 20.59 17.81 12.34 11.32 9.56 10.80 9.78 9.64 8.10 8.61 10.51 9.78 9.78 9.56 9.64 11.68 11.68 9.78 10.80 10.88 11.02 9.93 8.32 8.32 5.40 6.64 5.99 9.13 11.24 12.78 15.70 15.11 15.40 10.44 11.24 10.80 13.58 17.74 17.52 16.50 15.33 15.40 13.87 15.99 17.74 18.47 18.25 20.51 20.51 21.24 21.10 22.92 18.69 19.20 15.84 14.75 14.82 17.81 16.43 17.08 14.02 13.94
13.51 13.58 12.19 10.88 10.00 9.42 9.64 10.15 9.13 9.05 9.27 12.34 14.97 11.68 13.43 20.29 19.78 20.29 20.00 20.00 15.91 13.94 14.45 12.56 11.24 11.24 11.02 11.17 9.93 10.07 11.46 12.78 11.75 13.36 11.24 11.53 10.88 11.90 9.78 8.83 9.27 5.91 5.26 4.53 4.53 4.89 6.20 8.03 8.69 8.61 11.32 8.69 8.25 8.54 8.76 9.64 12.70 12.12 16.35 13.72 14.38 14.53 14.67 17.01 18.47 17.96 18.69 20.44 20.44 20.44 21.24 24.09 24.16 21.97 18.54 18.98 14.31 11.53 11.68 7.23 13.14 13.51 12.56
14.53 14.89 11.90 12.63 10.80 10.29 10.44 11.24 9.05 10.66 9.49 11.83 16.57 17.08 17.96 17.59 19.71 19.86 16.28 16.28 15.04 13.07 10.80 10.95 10.66 11.53 11.68 10.80 12.19 13.43 12.34 16.72 16.64 15.33 12.41 9.93 7.37 7.81 6.06 2.56 2.70 2.48 2.26 1.83 1.83 5.77 5.04 7.45 8.25 9.27 8.83 9.13 8.32 10.37 10.59 10.59 12.56 12.41 12.41 11.83 9.05 12.19 12.56 11.24 16.06 17.23 16.35 18.10 20.15 20.15 19.93 21.90 21.53 22.12 16.86 12.56 12.12 9.78 2.12 3.58 3.29 11.68 11.46
13.94 13.87 12.19 11.97 12.26 11.46 11.02 7.96 5.91 7.96 9.93 9.27 14.60 13.58 11.24 12.05 12.85 14.60 14.16 14.16 14.45 12.41 10.88 10.80 10.73 12.92 11.10 12.05 13.21 13.07 15.99 17.45 17.01 16.28 12.70 8.61 6.72 6.35 5.11 2.56 2.12 3.94 7.88 7.08 7.08 7.45 7.96 7.59 7.30 8.25 7.81 9.05 8.47 10.59 12.34 11.17 11.02 9.93 7.52 7.52 7.66 8.98 9.71 9.56 11.32 15.48 17.30 17.01 18.76 18.76 21.68 21.10 18.10 13.87 15.48 11.75 10.95 11.83 0.00 0.00 0.00 12.85 9.05
13.94 13.87 12.19 11.97 12.26 11.46 11.02 7.96 5.91 7.96 9.93 9.27 14.60 13.58 11.24 12.05 12.85 14.60 14.16 14.16 14.45 12.41 10.88 10.80 10.73 12.92 11.10 12.05 13.21 13.07 15.99 17.45 17.01 16.28 12.70 8.61 6.72 6.35 5.11 2.56 2.12 3.94 7.88 7.08 7.08 7.45 7.96 7.59 7.30 8.25 7.81 9.05 8.47 10.59 12.34 11.17 11.02 9.93 7.52 7.52 7.66 8.98 9.71 9.56 11.32 15.48 17.30 17.01 18.76 18.76 21.68 21.10 18.10 13.87 15.48 11.75 10.95 11.83 0.00 0.00 0.00 12.85 9.05
14.38 13.14 12.48 11.75 11.75 13.80 6.28 6.42 4.38 5.26 5.77 7.74 9.71 10.15 11.90 12.70 13.51 14.67 12.78 12.78 10.15 11.17 10.44 7.74 8.91 13.29 12.63 12.85 11.68 12.12 14.60 16.28 15.55 12.92 13.87 10.00 5.11 3.29 3.65 6.86 8.40 7.96 9.05 8.98 8.98 7.88 7.66 6.13 6.72 8.18 8.32 8.25 6.72 8.25 7.81 8.40 6.42 6.06 8.10 10.29 11.02 9.86 16.13 11.83 12.05 13.29 16.64 18.47 17.59 17.59 23.14 18.10 19.35 12.05 9.78 10.80 11.53 3.43 5.40 0.00 6.20 10.51 10.07
15.84 15.18 13.07 12.92 13.72 11.68 6.64 7.45 5.40 5.26 4.23 8.47 13.29 9.93 14.16 14.97 14.82 15.11 12.63 12.63 9.93 10.59 7.08 7.81 8.61 10.80 12.99 13.07 12.99 14.53 14.16 16.13 17.89 15.70 13.72 8.98 10.29 5.26 4.60 4.53 5.11 4.02 6.72 9.56 9.56 8.61 8.98 13.65 10.51 8.69 8.91 8.18 5.84 4.82 5.55 2.70 4.96 7.23 11.02 10.22 15.40 18.91 18.25 19.20 14.67 14.53 15.77 18.54 23.87 23.87 23.29 18.91 12.12 13.51 8.40 4.82 5.11 4.23 0.00 0.00 2.63 3.29 2.70
15.48 15.18 13.65 14.89 13.36 10.15 10.80 9.20 4.31 8.83 9.34 9.27 13.80 12.63 12.12 12.26 12.19 12.92 13.94 13.94 14.09 11.83 8.76 7.37 8.83 10.37 11.39 11.46 11.10 11.24 13.36 14.02 11.24 10.59 11.53 9.86 10.66 10.51 3.29 2.12 1.53 4.02 8.03 11.32 11.32 14.31 14.16 15.70 12.92 15.04 11.10 12.12 6.35 7.37 2.26 3.29 3.21 7.88 9.93 14.02 12.63 16.50 19.86 20.15 15.40 16.35 19.71 18.54 23.73 23.73 17.08 17.96 5.04 4.45 4.74 2.92 1.39 0.66 0.29 1.24 2.04 1.75 2.34
12.85 14.67 10.51 11.02 11.32 11.90 11.68 8.98 10.37 11.39 11.10 13.43 13.21 13.29 11.75 11.46 12.41 11.53 12.41 12.41 11.90 12.78 11.68 8.32 10.88 8.47 11.61 11.83 10.51 6.94 6.72 4.09 5.77 6.35 5.84 5.84 8.25 1.10 0.00 0.00 0.00 3.07 6.64 9.42 9.42 14.16 15.62 15.62 15.99 16.43 13.65 14.09 10.73 11.53 6.06 8.76 8.76 9.05 10.44 11.39 12.41 11.10 15.91 13.94 13.65 16.64 18.32 15.77 15.77 15.77 11.24 2.56 3.65 0.73 1.10 2.19 1.83 0.73 0.73 0.73 0.95 1.68 1.46
12.85 10.22 15.55 9.49 9.49 6.86 9.20 11.61 11.02 12.41 16.06 17.59 17.96 18.25 21.75 19.71 13.36 13.94 17.01 17.01 15.77 14.97 15.40 13.36 15.70 15.77 15.99 16.72 14.24 15.91 10.73 6.20 5.33 4.67 3.36 4.09 1.83 0.00 0.00 0.00 3.58 4.89 4.45 7.59 7.59 9.34 3.07 7.01 9.86 10.80 5.48 11.46 12.19 8.47 8.91 9.93 10.07 9.93 10.80 7.30 8.76 9.05 8.32 11.90 12.56 12.05 16.28 12.26 7.74 7.74 8.47 2.92 1.53 1.31 1.68 1.46 1.02 1.02 0.66 0.73 0.44 0.58 0.51
12.85 10.22 15.55 9.49 9.49 6.86 9.20 11.61 11.02 12.41 16.06 17.59 17.96 18.25 21.75 19.71 13.36 13.94 17.01 17.01 15.77 14.97 15.40 13.36 15.70 15.77 15.99 16.72 14.24 15.91 10.73 6.20 5.33 4.67 3.36 4.09 1.83 0.00 0.00 0.00 3.58 4.89 4.45 7.59 7.59 9.34 3.07 7.01 9.86 10.80 5.48 11.46 12.19 8.47 8.91 9.93 10.07 9.93 10.80 7.30 8.76 9.05 8.32 11.90 12.56 12.05 16.28 12.26 7.74 7.74 8.47 2.92 1.53 1.31 1.68 1.46 1.02 1.02 0.66 0.73 0.44 0.58 0.51
12.92 14.38 9.05 9.05 6.06 5.48 6.06 9.93 13.80 16.94 16.28 23.00 23.87 23.80 21.83 22.63 19.35 19.05 18.03 18.03 17.74 17.01 17.16 17.96 18.76 18.10 17.81 17.16 15.40 12.05 7.59 8.61 5.69 5.11 2.56 1.17 1.68 0.66 0.73 1.10 1.31 2.77 1.68 0.00 0.00 0.00 0.00 1.75 0.00 0.00 0.00 4.60 2.19 5.62 3.50 3.50 7.88 3.36 5.33 5.77 4.74 7.59 8.10 7.96 11.97 12.78 11.83 10.95 7.66 7.66 8.69 8.54 8.47 2.85 2.77 2.56 0.80 0.58 0.00 0.29 0.22 0.29 0.00
8.03 8.03 7.15 6.06 4.53 5.18 12.56 11.75 14.31 17.16 21.02 23.07 21.83 21.39 18.69 17.59 16.57 17.08 17.30 17.30 17.08 17.08 16.72 19.64 18.40 18.42 18.15 13.27 14.82 13.65 9.71 6.86 4.67 2.34 3.07 1.53 1.39 1.46 1.31 1.31 1.53 1.97 2.12 0.00 0.00 0.00 0.00 0.00 0.00 0.00 0.00 0.95 1.17 0.00 0.00 0.00 0.00 0.00 0.00 3.80 3.21 6.57 7.66 7.96 8.18 10.80 8.32 6.20 7.81 7.81 9.71 8.54 8.76 4.53 2.77 1.53 1.61 1.17 1.31 1.39 0.15 0.00 0.00
9.71 10.15 8.03 9.05 13.21 13.87 14.24 14.67 16.35 20.29 22.92 22.85 22.70 22.63 18.76 16.86 16.28 17.74 18.91 18.91 19.05 19.05 20.95 21.02 21.40 23.24 18.32 20.07 18.74 15.77 12.19 10.88 6.42 3.94 3.21 1.83 1.31 1.83 1.75 2.56 1.39 2.12 1.83 1.97 1.97 1.39 0.00 0.00 0.00 0.00 0.00 0.00 0.00 0.00 0.00 0.00 0.00 0.00 0.00 0.00 0.00 0.00 5.91 5.84 5.26 5.48 6.72 5.55 8.54 8.54 6.79 7.52 4.89 5.69 5.26 2.77 2.99 2.92 2.48 1.68 1.02 1.17 0.73
12.34 10.66 11.17 12.05 13.94 16.28 18.61 19.56 20.00 20.51 23.36 19.78 17.23 18.18 16.72 13.94 13.87 16.79 21.17 21.17 20.59 18.83 22.60 22.28 22.50 22.16 21.94 21.24 21.24 17.16 18.55 12.92 8.25 11.83 5.11 4.38 2.56 5.69 2.92 2.04 1.75 1.61 2.34 2.41 2.41 1.46 0.00 0.00 0.00 0.00 0.00 0.00 0.00 0.00 0.00 0.00 0.00 0.00 0.00 0.00 0.00 0.00 4.60 4.31 5.18 4.82 6.06 5.11 10.44 10.44 12.12 12.26 7.96 7.01 6.64 6.79 6.79 4.96 4.74 2.34 0.88 0.00 0.00
13.36 11.97 13.14 12.70 14.75 16.79 19.71 20.08 20.81 24.31 18.18 15.77 12.41 7.96 7.88 13.14 17.89 16.94 20.81 20.81 20.64 17.18 17.34 16.11 19.49 21.79 22.78 22.58 25.31 23.20 16.52 16.87 15.40 16.28 9.20 11.90 12.34 8.98 4.74 1.97 2.34 0.80 0.58 1.39 1.39 0.66 0.51 0.00 0.00 0.00 0.00 0.00 0.00 0.00 0.00 0.00 0.00 0.00 0.00 0.00 0.00 0.00 3.94 6.28 6.20 7.15 11.17 13.43 12.56 12.56 13.29 10.66 11.02 8.47 6.42 6.06 5.91 4.96 3.43 4.02 2.19 0.80 0.73
13.36 11.97 13.14 12.70 14.75 16.79 19.71 20.08 20.81 24.31 18.18 15.77 12.41 7.96 7.88 13.14 17.89 16.94 20.81 20.91 21.31 17.45 18.57 15.70 19.99 21.46 22.78 21.90 23.52 21.68 16.77 17.05 16.04 18.29 9.73 12.20 12.34 8.98 4.74 1.97 2.34 0.80 0.58 1.39 1.39 0.66 0.51 0.00 0.00 0.00 0.00 0.00 0.00 0.00 0.00 0.00 0.00 0.00 0.00 0.00 0.00 0.00 3.94 6.28 6.20 7.15 11.17 13.43 12.56 12.56 13.29 10.66 11.02 8.47 6.42 6.06 5.91 4.96 3.43 4.02 2.19 0.80 0.73
12.92 12.34 13.51 13.43 17.01 19.05 18.25 22.12 20.66 24.60 21.68 16.43 17.52 13.07 10.51 13.65 22.27 22.19 17.74 17.74 19.49 14.09 13.21 14.89 13.41 17.07 12.09 17.25 24.94 27.81 29.71 26.47 19.37 24.19 19.38 14.75 15.73 11.06 6.50 8.47 4.23 1.46 0.73 1.68 1.68 0.88 0.00 0.00 0.00 0.00 0.00 0.00 0.00 0.00 0.00 0.00 0.00 0.00 0.00 0.00 0.00 0.00 1.83 4.16 9.49 8.69 12.85 13.43 13.72 13.72 14.16 9.93 7.96 5.62 5.91 6.35 5.91 6.20 5.40 4.89 2.70 3.21 2.19
11.83 11.75 11.17 11.53 12.41 15.55 14.67 17.45 16.28 26.57 22.56 22.63 20.81 16.06 14.82 18.25 21.17 23.65 15.62 15.62 12.91 8.25 11.67 4.74 4.60 5.80 4.52 7.88 19.74 19.59 30.82 29.42 33.43 28.32 25.49 21.61 24.78 16.97 11.67 6.20 9.56 6.42 7.08 2.92 2.92 0.95 1.17 1.10 1.17 1.24 1.68 0.00 0.00 0.00 0.00 0.00 0.00 0.00 0.00 0.00 0.00 0.00 0.00 0.00 6.72 13.07 12.92 11.97 11.75 11.75 11.32 11.53 9.64 7.08 5.99 6.06 5.91 6.35 5.84 6.06 3.87 3.21 2.85
9.42 9.78 10.95 11.32 10.37 10.59 12.19 13.14 18.54 18.18 17.16 15.99 11.75 11.75 12.85 12.78 18.03 12.99 12.19 12.19 10.07 8.61 5.69 4.89 4.82 4.74 7.52 10.15 18.88 15.91 26.20 30.44 34.46 31.24 28.25 31.20 28.67 22.38 16.64 21.17 16.13 10.00 12.48 3.21 3.21 4.23 1.53 0.88 1.24 2.04 1.61 0.00 0.00 0.00 0.00 0.00 0.00 0.00 0.00 0.00 0.00 0.00 0.00 4.53 2.70 5.40 8.98 10.07 8.54 8.54 12.34 10.29 10.88 8.18 5.11 4.38 3.87 7.30 10.80 10.07 6.94 5.55 4.31
10.29 10.88 8.91 10.29 12.19 11.53 11.24 15.70 15.84 19.42 17.89 18.54 14.16 9.71 10.51 10.15 9.42 8.25 8.40 8.40 7.96 5.99 4.02 5.55 5.62 9.64 9.71 12.70 17.75 19.35 25.40 28.76 21.53 27.59 30.73 31.83 28.18 28.98 30.49 27.11 19.54 15.40 12.63 5.91 5.91 2.56 0.00 3.58 1.97 1.10 0.80 0.00 0.00 0.00 0.00 0.00 0.00 0.00 0.00 0.00 0.00 0.00 0.00 0.00 0.00 0.00 0.00 7.30 9.56 9.56 8.10 6.06 2.19 2.70 2.99 3.21 6.50 9.56 8.54 10.88 9.64 8.98 7.74
8.91 7.96 7.81 9.93 11.46 12.12 15.99 14.97 19.27 18.66 18.18 18.25 17.16 14.75 8.18 6.20 5.26 3.58 0.00 0.00 0.00 4.74 5.18 3.94 6.20 11.46 13.36 11.97 14.82 15.04 18.47 22.56 23.94 22.63 30.88 29.57 31.10 28.03 27.59 27.87 23.96 25.16 18.98 12.70 12.70 11.61 6.13 7.30 2.26 3.80 2.12 3.21 0.00 0.00 0.00 0.00 0.00 0.00 0.00 0.00 0.00 0.00 0.00 0.00 0.00 0.00 0.00 0.00 5.26 5.26 2.92 3.50 0.00 0.00 0.66 1.46 2.41 6.94 9.64 9.56 8.98 9.13 8.18
10.51 8.98 7.74 7.30 8.40 11.53 15.11 15.40 13.21 11.38 11.90 11.17 13.07 4.89 5.84 4.82 2.26 0.00 0.00 0.00 0.00 0.00 2.92 8.98 13.72 12.63 17.01 14.82 15.26 14.30 15.81 19.29 19.81 22.80 16.79 17.01 21.10 23.94 27.58 24.09 22.63 23.96 22.27 13.58 13.58 12.92 10.15 12.12 6.86 8.03 2.85 4.67 0.00 0.00 0.00 0.00 0.00 0.00 0.00 0.00 0.00 0.00 0.15 0.44 0.00 0.00 0.00 0.00 0.00 0.00 0.00 0.00 0.00 0.00 0.00 0.15 0.58 2.48 5.33 5.18 7.30 6.42 8.76
10.51 8.98 7.74 7.30 8.40 11.53 15.11 15.40 13.21 11.10 11.90 11.17 13.07 4.89 5.84 4.82 2.26 0.00 0.00 0.00 0.00 0.00 2.92 8.98 13.72 12.63 17.01 14.82 15.26 14.09 15.26 18.61 19.71 22.12 16.79 17.09 21.20 23.94 27.44 24.33 22.63 23.73 22.27 13.58 13.58 12.92 10.15 12.12 6.86 8.03 2.85 4.67 0.00 0.00 0.00 0.00 0.00 0.00 0.00 0.00 0.00 0.00 0.15 0.44 0.00 0.00 0.00 0.00 0.00 0.00 0.00 0.00 0.00 0.00 0.00 0.15 0.58 2.48 5.33 5.18 7.30 6.42 8.76
12.26 13.51 8.61 9.27 8.83 10.44 15.84 19.49 14.82 10.60 7.74 8.10 7.30 5.04 5.55 0.00 0.00 0.00 0.00 0.00 0.00 0.00 0.00 6.35 15.70 15.91 17.96 17.52 18.40 18.98 20.66 20.29 16.86 15.77 15.11 14.53 14.16 18.47 15.48 18.71 17.59 7.59 8.40 10.29 10.29 10.73 8.61 11.75 10.07 10.22 6.79 6.94 6.86 0.00 0.00 0.00 0.00 0.00 0.00 0.00 0.00 0.00 0.58 0.44 0.73 0.00 0.00 0.00 0.00 0.00 0.00 0.00 0.00 0.00 0.00 0.00 0.00 0.00 0.00 0.00 0.15 3.50 6.50
