Wansh/Snow_depth/snowdepth-1998/spring/1998080.txt
ncols 321
nrows 161
xllcenter 60
yllcenter 15 
cellsize  0.25 
NODATA_value -1
[rows 74 to 110 of 161, columns 83 to 165 of 321]
0.00 0.00 0.00 0.00 0.00 0.00 0.00 0.29 0.22 0.29 0.29 0.37 1.53 2.12 1.53 0.00 0.00 0.00 0.00 0.00 0.00 0.00 0.00 0.00 0.00 0.00 2.12 0.00 0.00 0.00 0.00 0.00 0.00 0.00 0.00 0.00 3.21 3.43 0.00 3.80 2.85 2.41 0.00 1.53 1.53 0.58 0.51 0.00 0.73 3.50 1.90 0.00 0.00 0.00 0.00 0.00 0.00 1.02 1.53 0.00 0.00 0.00 1.39 0.00 0.00 0.00 0.00 0.00 0.00 0.00 2.35 3.15 4.53 0.80 0.00 0.00 0.00 0.00 0.00 0.00 0.00 0.07 0.88
0.00 0.00 0.00 0.00 0.00 0.88 0.88 0.73 1.90 1.90 1.31 1.68 1.83 2.41 2.34 0.00 0.00 0.00 2.70 2.70 0.00 0.00 0.00 0.00 0.00 0.00 0.00 0.00 0.00 0.00 0.00 0.00 0.00 0.00 4.53 3.36 5.18 3.94 4.38 4.89 4.45 3.21 2.34 1.75 1.75 2.56 0.37 1.46 1.53 1.97 1.75 1.31 0.00 1.90 2.34 2.34 1.61 2.70 1.31 2.34 0.00 1.46 1.90 1.39 0.00 0.44 0.00 0.00 0.00 0.00 5.43 6.06 7.23 2.99 0.00 0.00 0.00 0.00 0.00 0.00 0.00 0.00 0.00
0.00 0.00 0.44 0.44 0.66 0.66 0.58 1.17 3.14 0.00 0.00 0.00 0.00 0.00 0.00 3.14 2.77 2.70 0.00 0.00 3.65 2.63 0.00 0.00 0.00 0.00 0.00 0.00 0.00 0.00 0.00 0.00 2.99 3.21 3.80 4.89 4.31 4.16 4.53 5.62 5.33 5.26 2.92 1.90 1.90 1.61 2.56 1.75 2.26 2.92 2.77 1.02 2.19 2.04 2.48 1.61 1.24 1.97 1.97 1.68 1.75 1.75 0.37 1.10 0.88 1.02 0.44 0.00 3.94 3.94 5.69 8.54 6.86 5.18 0.73 0.00 0.15 0.00 0.00 0.00 0.00 0.00 0.00
0.00 0.29 1.24 1.31 1.17 2.56 2.04 2.77 0.00 0.00 0.00 3.43 3.94 3.80 2.99 3.14 4.23 3.72 3.80 3.80 2.99 3.14 0.00 3.21 0.00 0.00 0.00 0.00 0.00 0.00 0.00 3.14 2.92 3.36 5.40 6.20 3.87 3.43 4.38 4.23 4.02 6.50 5.18 3.07 3.07 1.97 0.00 3.87 4.02 3.87 0.00 3.58 1.97 1.83 2.41 3.65 2.92 1.46 1.75 1.75 1.53 0.58 1.24 1.17 1.68 0.95 1.97 1.53 3.65 3.65 4.60 7.15 4.60 7.30 0.00 0.22 0.00 0.15 0.00 0.00 0.00 0.00 0.22
2.04 1.02 2.56 2.70 3.80 4.23 3.07 3.14 3.29 2.70 3.14 3.43 4.09 4.16 4.82 4.16 4.23 4.31 4.74 4.74 4.09 3.50 3.29 3.21 2.92 3.07 0.00 0.00 0.00 0.00 0.00 0.00 1.97 5.04 4.74 4.74 5.33 0.00 4.31 5.11 5.84 8.76 6.13 5.33 5.33 2.26 0.00 0.00 0.00 4.02 0.00 0.00 0.00 3.21 2.19 4.09 3.65 2.04 1.90 1.53 1.83 1.83 1.17 1.75 1.24 1.61 1.46 1.68 3.50 3.50 2.92 2.26 1.97 0.95 1.24 0.00 0.00 0.00 0.97 0.00 0.00 0.29 0.59
4.53 5.11 4.89 4.45 4.31 4.31 3.65 3.36 3.58 3.43 3.07 3.14 2.99 3.80 4.16 4.09 4.31 4.53 4.23 4.23 4.53 4.45 3.58 2.77 3.80 0.00 0.00 0.00 0.00 0.00 0.00 3.36 3.07 4.53 4.45 5.33 6.28 3.94 5.84 7.30 8.25 7.45 6.94 4.96 4.96 0.00 0.00 0.00 0.00 0.00 0.00 0.00 0.00 0.00 0.00 0.00 0.00 0.00 2.04 0.00 0.00 2.56 2.41 1.75 0.00 0.95 0.00 0.66 2.41 2.41 1.24 1.83 2.04 4.09 2.19 1.47 0.00 0.15 0.00 0.44 0.37 0.00 1.46
5.40 5.91 5.33 4.60 4.38 4.16 0.00 3.72 2.63 2.48 3.65 3.36 3.07 3.21 3.50 3.65 4.23 4.09 3.94 3.94 2.77 0.00 3.36 2.41 3.36 3.14 0.00 0.00 2.41 2.56 3.36 2.99 6.50 4.53 8.61 4.96 10.37 6.79 4.67 6.42 5.04 4.89 4.96 0.00 0.00 0.00 0.00 0.00 0.00 0.00 0.00 0.00 0.00 0.00 0.00 0.00 0.00 0.00 0.00 0.00 2.77 2.12 2.77 1.24 0.00 0.00 0.00 0.00 0.51 0.51 0.00 1.68 2.26 2.41 8.10 5.55 4.11 0.82 1.53 0.73 1.02 0.22 0.37
6.13 5.26 4.60 3.72 3.36 3.58 3.80 2.12 2.41 0.00 3.21 2.99 3.94 3.43 3.94 3.43 4.02 4.31 4.16 4.16 3.36 0.00 2.26 2.04 2.48 3.21 0.00 0.00 1.97 2.19 2.56 2.70 2.04 4.67 9.93 12.05 11.24 8.54 4.89 4.53 5.18 4.60 3.80 0.00 0.00 0.00 0.00 0.00 0.00 0.00 0.00 0.00 0.00 0.00 0.00 0.00 3.94 5.11 5.11 3.50 3.14 2.77 2.63 1.90 0.00 0.00 0.00 0.00 0.00 0.00 0.15 0.00 4.02 13.07 14.60 4.16 7.34 3.02 2.60 2.27 2.02 0.66 0.22
11.53 5.99 5.69 6.57 4.45 4.96 3.80 2.85 2.56 0.00 2.99 4.16 3.72 4.31 4.16 3.94 4.82 5.18 3.87 3.87 5.55 2.77 0.00 0.00 0.00 1.17 0.00 0.00 0.00 2.04 0.00 2.56 0.00 3.36 5.62 9.56 9.86 7.01 4.38 4.60 3.29 0.00 0.00 0.00 0.00 0.00 0.00 0.00 0.00 0.00 0.00 0.00 0.00 0.00 0.00 3.14 5.33 6.13 6.13 3.43 4.60 5.33 3.80 2.19 1.10 0.00 1.68 0.15 0.00 0.00 2.19 1.97 9.42 15.48 12.99 12.19 11.32 7.30 3.80 3.21 0.51 2.19 0.95
17.08 11.83 11.10 14.75 13.14 9.20 4.45 0.00 3.43 0.00 3.07 4.02 4.45 4.09 4.38 4.82 5.04 5.69 6.13 6.13 3.94 5.11 0.00 2.04 2.77 1.61 0.00 0.00 2.34 0.00 0.00 4.02 3.29 5.11 4.53 7.66 6.20 4.82 11.17 7.01 0.00 0.00 0.00 0.00 0.00 0.00 0.00 0.00 0.00 0.00 0.00 0.00 0.00 5.04 4.89 3.80 7.81 8.91 5.69 4.96 6.86 5.69 5.18 4.16 2.26 5.04 5.33 2.99 6.79 6.79 1.61 3.29 8.76 10.44 15.33 12.85 9.27 4.60 5.33 2.77 2.48 3.50 1.90
16.35 17.59 20.88 18.83 13.07 14.53 6.86 0.00 0.00 3.72 3.14 3.72 4.31 3.50 4.53 4.53 4.53 4.38 5.62 5.62 6.06 5.48 4.53 3.87 3.43 2.85 2.99 0.00 2.41 4.02 2.19 3.14 7.01 7.23 7.81 4.89 6.64 10.59 13.36 10.07 4.45 0.00 0.00 0.00 0.00 0.00 0.00 0.00 0.00 0.00 0.00 0.00 10.44 14.31 12.92 14.53 12.85 14.16 8.91 6.50 5.11 5.33 6.28 6.42 11.97 13.65 15.11 20.95 11.83 11.83 7.88 3.50 6.06 8.83 10.59 7.81 6.72 7.37 7.52 5.91 3.43 4.82 3.94
14.09 18.03 21.97 19.78 13.80 7.30 4.16 3.94 3.58 4.38 3.87 3.14 3.14 3.72 3.87 3.80 3.72 4.45 4.09 4.09 5.18 5.48 5.40 4.31 3.94 0.00 2.99 5.91 5.11 4.96 7.30 5.18 9.86 9.93 5.55 5.48 7.66 12.05 10.22 9.34 6.28 0.00 0.66 0.00 0.00 0.00 0.00 0.00 0.00 0.00 0.00 8.10 16.21 18.91 19.78 22.92 18.10 16.35 7.59 5.55 4.53 8.14 9.24 9.41 16.94 20.08 20.81 20.37 17.96 17.96 13.80 8.40 7.01 7.08 3.36 5.40 5.62 7.30 6.94 6.72 5.69 5.69 4.45
6.72 6.42 12.85 12.12 10.44 7.08 7.01 4.09 4.02 7.23 7.23 3.80 3.36 5.77 8.25 7.37 5.48 6.72 8.54 8.54 8.61 5.62 4.96 4.89 4.67 0.00 0.00 4.67 12.48 17.52 16.21 13.29 10.73 9.71 4.53 4.96 5.55 15.48 15.11 12.05 17.59 12.34 5.84 13.14 13.14 6.35 3.43 1.17 2.12 1.31 0.95 1.61 6.28 10.44 9.05 13.29 19.93 18.18 13.29 16.35 16.13 12.19 14.09 14.30 12.63 14.60 16.43 10.22 9.42 9.42 17.74 21.75 14.45 12.78 8.61 5.77 3.43 5.18 5.48 6.35 6.13 5.55 4.74
5.33 4.74 7.59 7.23 6.35 6.20 6.35 3.87 4.23 4.96 7.59 5.62 3.65 4.16 5.48 8.03 6.57 7.08 8.54 8.54 10.73 11.02 6.42 5.04 3.87 3.07 4.16 6.28 8.40 8.69 18.10 13.65 10.07 5.91 5.55 8.10 17.59 19.71 19.27 18.98 19.78 17.59 13.14 22.34 22.34 15.77 3.36 1.31 1.68 1.17 3.29 1.46 2.48 5.69 12.26 9.78 16.06 21.17 17.74 18.32 18.03 15.40 13.43 7.88 8.25 8.08 9.56 7.52 8.25 8.25 8.32 14.89 14.02 9.49 9.27 6.20 3.58 3.58 4.67 5.91 6.42 7.45 3.21
6.72 6.64 4.67 4.82 4.23 3.87 2.85 3.14 0.00 0.00 4.45 5.18 4.23 4.53 6.06 7.30 7.52 7.30 6.57 6.57 12.05 10.95 7.52 5.91 3.50 3.87 4.60 5.04 7.52 15.18 16.43 10.44 8.10 3.50 5.69 15.55 17.45 17.89 17.67 19.49 21.53 20.88 28.47 22.41 22.41 24.67 14.02 7.30 2.99 3.87 6.35 3.80 1.02 4.60 7.88 14.31 14.09 16.64 12.12 12.92 11.90 12.48 10.51 9.13 8.83 8.18 13.29 9.56 10.07 10.07 9.13 7.81 14.31 7.23 7.37 3.50 4.38 4.02 5.11 6.79 6.50 6.50 3.50
6.64 7.81 3.58 3.14 3.29 0.00 0.00 0.00 3.07 0.00 4.38 0.00 0.00 0.00 5.26 9.78 16.35 10.95 5.91 5.91 8.98 7.52 8.25 2.56 3.50 5.04 4.89 7.15 6.50 9.13 8.54 7.45 9.78 6.50 13.14 15.91 15.40 16.86 17.37 18.91 25.48 29.05 29.57 32.05 32.05 23.21 21.46 19.20 14.67 5.26 7.81 4.45 11.10 6.79 8.47 9.05 11.46 12.56 8.25 9.04 8.48 7.88 7.30 9.46 12.05 13.56 14.30 12.37 11.10 11.10 5.48 7.52 6.28 5.04 4.96 3.21 6.28 5.69 6.50 7.45 6.96 6.85 2.86
5.33 2.77 4.09 1.97 2.04 0.00 0.00 0.00 0.00 0.00 0.00 0.00 0.00 0.00 4.09 7.74 9.34 16.28 7.66 7.66 5.55 6.35 3.58 2.12 2.56 4.09 7.15 5.69 7.45 5.26 6.06 6.94 4.45 6.79 11.75 10.15 12.41 13.72 10.00 15.70 20.51 27.67 21.24 29.20 29.20 30.22 31.32 27.16 23.43 19.20 12.12 11.02 16.64 17.08 10.73 10.73 13.65 10.59 10.95 6.72 5.18 4.21 5.18 9.73 10.95 11.83 12.99 13.72 8.97 8.68 5.36 5.48 5.40 5.33 5.18 5.99 6.64 6.94 7.23 7.11 6.96 4.47 3.46
4.09 2.12 2.19 2.56 1.97 1.97 0.00 0.00 0.00 0.00 1.83 0.00 0.00 0.00 0.00 3.50 7.30 8.61 4.16 4.16 3.80 5.11 0.00 0.00 0.00 0.00 5.33 4.09 6.06 0.00 3.43 4.02 4.60 5.40 7.15 8.61 9.13 9.71 0.00 7.96 12.05 17.08 12.41 24.89 24.89 29.71 30.44 29.27 25.33 18.25 18.25 14.89 19.20 19.93 20.22 18.10 19.20 15.62 10.66 6.05 3.39 5.99 4.45 4.99 10.42 12.47 12.66 12.26 10.15 10.20 7.09 6.60 7.08 6.72 7.45 5.06 5.48 5.26 6.94 6.60 6.52 6.88 2.34
5.48 3.58 2.41 2.63 0.00 1.39 1.68 2.26 2.04 2.04 2.48 0.00 0.00 0.00 0.00 0.00 0.00 5.33 4.67 4.67 2.77 3.14 0.00 0.00 0.00 0.00 0.00 0.00 0.00 0.00 0.00 0.00 0.00 0.00 6.57 3.14 0.00 4.60 0.00 0.00 5.33 10.51 8.54 15.18 15.18 22.70 26.57 21.46 17.23 18.47 18.25 19.05 20.51 20.37 20.00 19.71 16.79 15.40 10.07 8.76 6.89 9.22 7.34 4.56 8.28 15.28 14.12 11.23 9.78 9.78 9.10 8.00 8.87 9.17 7.26 5.94 4.87 6.13 7.26 7.22 6.03 8.52 7.68
8.76 6.64 1.90 2.63 1.83 1.90 1.75 2.48 0.00 0.00 3.43 2.41 0.00 0.00 0.00 0.00 2.99 0.00 0.00 0.00 2.12 0.00 0.00 0.00 0.00 0.00 0.00 0.00 0.00 0.00 0.00 0.00 0.00 0.00 4.31 0.00 0.00 0.00 0.00 0.00 0.00 6.72 13.36 7.81 7.81 18.61 14.45 18.32 15.33 18.40 19.71 20.37 19.13 19.49 16.35 18.03 16.28 15.50 14.82 12.56 8.69 10.95 4.68 6.13 9.07 11.63 13.70 10.12 7.08 7.08 4.57 6.85 8.62 8.37 8.73 8.15 7.04 6.79 5.63 6.83 4.52 7.95 8.90
11.24 8.03 6.94 2.48 2.04 1.90 1.97 1.90 0.00 0.00 0.00 3.58 0.00 0.00 0.00 0.00 1.97 2.41 1.46 1.46 1.75 0.00 1.90 0.00 0.00 0.00 0.00 0.00 0.00 0.00 0.80 0.00 0.00 0.00 4.53 4.23 0.00 0.00 0.00 0.00 0.00 0.00 4.67 1.83 1.83 8.25 11.39 13.72 12.85 15.77 17.67 18.25 17.01 18.03 14.15 14.29 16.97 15.13 16.35 15.91 15.48 10.37 11.08 6.84 9.60 11.54 12.99 12.21 6.06 6.09 4.04 6.60 7.62 8.95 10.17 9.35 8.61 6.63 6.51 5.23 6.50 6.99 8.71
17.23 13.43 11.53 11.97 12.78 9.78 6.13 4.02 2.41 0.00 2.92 0.00 1.90 0.00 0.00 0.00 3.29 0.00 1.46 1.46 0.00 0.00 0.00 0.00 0.00 0.00 0.00 1.02 2.77 1.90 0.00 0.00 0.00 2.85 3.43 2.99 2.85 2.19 0.00 0.00 0.00 0.00 0.00 3.50 3.50 6.50 9.49 12.26 17.45 18.61 16.57 15.99 16.43 15.18 13.38 15.33 16.41 14.52 14.92 14.08 14.97 16.65 10.86 11.13 9.55 9.28 12.67 11.90 6.24 6.24 6.34 5.37 6.00 8.05 10.52 11.15 10.34 7.75 5.11 4.87 5.95 7.03 7.04
21.75 17.67 13.07 12.99 17.89 16.43 12.34 9.56 7.74 4.82 0.00 1.46 0.00 0.00 0.00 0.00 0.00 0.00 0.00 0.00 0.00 0.00 0.00 0.00 0.00 0.00 0.00 2.70 2.26 2.12 0.00 0.29 0.00 2.99 0.00 0.00 0.00 0.00 0.00 0.00 0.00 8.25 5.11 5.62 5.62 10.44 11.24 18.03 19.64 19.20 17.45 16.43 15.04 14.67 12.77 12.66 13.63 13.40 13.38 17.33 14.20 16.18 15.97 10.39 8.96 9.76 9.82 7.00 6.23 6.13 2.37 3.04 4.87 7.89 9.52 10.95 9.54 6.00 4.84 4.24 6.40 5.42 6.25
25.33 21.97 14.45 9.34 16.43 18.91 18.61 18.40 16.50 13.14 6.13 4.45 2.41 4.67 0.00 0.00 0.00 0.00 0.00 0.00 0.00 0.00 0.00 0.00 0.00 0.00 0.00 2.34 2.92 0.95 0.66 0.00 0.00 0.00 1.68 0.00 0.00 0.00 0.00 0.00 20.00 18.83 17.30 10.51 10.51 9.49 15.40 17.81 18.54 19.13 17.67 16.56 16.16 12.84 13.16 9.66 9.10 12.12 11.32 10.95 11.01 12.91 12.83 13.07 8.18 7.71 6.59 4.67 2.41 2.35 1.46 2.04 3.77 8.84 11.50 10.49 7.45 3.44 3.79 4.10 3.80 7.21 4.79
16.94 14.60 11.75 13.80 16.86 21.90 29.27 33.36 35.77 28.25 23.00 23.73 16.28 9.86 4.23 4.31 1.46 0.15 1.17 1.17 0.00 0.66 0.80 0.37 0.00 1.90 1.97 1.24 1.31 1.17 2.63 0.66 0.58 1.24 1.46 1.61 1.83 0.00 5.69 6.50 13.07 12.19 11.17 12.41 12.41 17.01 18.61 20.08 19.20 18.03 13.94 13.47 12.33 9.02 9.45 6.35 4.87 8.85 8.45 10.60 12.55 12.99 14.22 16.88 12.42 10.51 7.26 3.23 4.42 4.35 1.61 1.31 3.48 7.13 9.49 11.61 10.07 6.58 5.53 2.09 0.00 3.97 4.70
10.95 13.14 13.87 14.67 14.38 16.79 23.36 32.85 37.81 37.08 33.00 24.67 15.48 15.33 10.00 9.93 4.96 2.56 0.66 0.66 0.66 0.37 1.31 0.44 0.80 0.95 0.00 0.51 0.80 1.53 1.83 1.97 0.51 1.39 1.90 2.70 8.32 11.61 8.10 1.61 3.72 9.13 7.59 14.82 14.82 18.54 13.80 17.52 17.01 12.72 12.62 10.46 10.24 7.92 8.26 5.70 5.56 3.80 8.37 9.25 10.24 12.46 15.13 16.51 15.20 6.79 8.32 9.24 6.49 6.39 3.14 2.04 2.47 5.45 10.27 10.25 7.08 7.45 0.52 0.00 0.00 0.00 1.15
0.00 8.69 11.53 11.39 10.29 9.34 13.36 21.53 29.49 36.14 35.55 27.52 13.94 11.61 10.80 8.54 4.67 5.18 3.14 3.14 2.26 2.04 2.04 0.80 0.00 0.00 0.00 0.00 1.24 0.29 1.46 0.00 0.00 0.66 1.97 3.80 6.72 6.20 5.11 0.00 1.68 3.72 7.74 10.59 10.59 12.85 11.46 14.09 12.46 13.87 13.24 10.89 9.58 10.36 9.17 7.05 7.49 5.66 3.56 7.44 11.68 12.09 13.33 14.09 10.00 10.15 9.98 7.97 9.17 10.20 1.85 0.82 1.85 4.99 8.01 9.13 4.94 3.43 0.66 0.00 0.00 0.00 2.79
0.00 6.79 7.52 7.01 0.00 0.00 9.34 14.75 19.08 28.18 20.66 10.88 7.01 11.39 6.42 8.91 7.52 5.18 4.89 4.89 3.50 3.29 2.04 1.31 1.97 0.44 0.07 0.00 0.00 0.15 0.15 0.15 0.00 0.00 2.56 1.83 2.85 3.58 1.90 0.00 0.00 0.95 3.21 4.89 4.89 9.13 8.69 10.95 12.84 13.43 13.57 12.82 12.95 13.51 12.07 8.29 9.40 3.40 2.47 3.98 4.76 13.48 14.04 14.01 12.63 9.05 9.89 6.26 5.02 4.84 1.08 1.65 1.03 11.42 6.99 5.58 4.34 2.15 0.69 0.00 1.63 2.82 3.39
0.00 0.00 0.00 0.00 0.00 6.57 11.24 13.36 19.05 17.81 18.32 12.41 8.03 6.50 5.62 3.94 1.90 4.38 2.56 2.56 3.50 2.04 1.46 1.31 0.95 0.44 0.00 0.00 0.29 0.00 1.39 0.00 0.00 0.00 1.53 0.66 0.58 2.04 0.00 0.00 0.00 0.00 0.73 1.39 1.39 5.77 7.88 12.48 13.58 15.33 12.99 13.04 15.29 13.19 7.99 9.42 2.71 1.80 0.00 4.87 7.03 7.56 13.13 12.81 11.32 10.71 8.05 6.89 3.88 3.90 4.95 0.00 2.98 3.92 7.75 1.76 3.40 2.46 1.54 0.00 0.00 3.28 4.28
0.00 0.00 0.00 0.00 0.00 0.00 9.86 11.61 15.26 19.64 15.70 14.24 10.00 8.61 2.41 2.19 1.90 0.95 1.75 1.75 0.73 1.46 0.00 0.15 1.61 0.00 0.00 0.00 0.00 0.00 0.15 0.73 0.00 0.00 0.44 1.24 0.00 0.00 0.00 0.00 0.00 0.00 0.88 4.02 4.02 1.47 4.02 7.78 12.56 12.67 16.41 16.32 13.29 14.07 7.64 2.42 0.79 0.00 0.00 8.57 7.65 7.21 8.49 13.07 8.13 9.51 6.20 9.65 6.99 8.17 4.05 3.83 2.23 2.34 1.67 0.66 0.83 2.76 0.80 0.00 0.00 2.17 4.38
0.00 0.00 0.00 0.00 0.00 0.00 0.00 8.76 10.00 14.31 12.99 14.67 12.41 9.86 4.38 0.00 5.84 2.63 0.00 0.00 0.00 0.00 0.00 0.00 0.00 0.00 0.00 0.00 0.00 0.00 0.00 0.00 0.00 0.00 0.00 0.07 0.00 0.00 0.00 0.00 0.00 0.00 0.00 0.44 0.44 0.22 1.31 3.52 3.19 10.40 10.97 13.32 11.50 8.60 5.41 0.00 0.00 0.00 0.00 4.00 9.19 6.07 8.13 8.26 9.51 9.45 10.37 8.67 8.12 9.09 10.36 5.91 3.58 1.06 1.15 0.75 1.12 2.32 0.00 0.00 0.00 2.57 7.16
0.00 0.00 0.00 0.00 0.00 0.00 0.00 0.00 6.86 9.34 9.42 10.59 9.56 10.29 9.71 7.52 9.49 12.39 4.53 4.53 7.74 0.00 0.00 0.00 0.00 0.00 0.00 0.00 0.00 0.00 0.00 0.00 0.00 0.00 0.00 0.00 0.00 0.00 0.00 0.00 0.00 0.00 0.00 0.00 0.00 0.00 0.15 2.48 3.59 6.96 11.11 11.07 10.29 9.86 0.85 0.00 0.00 0.00 0.00 0.00 0.00 0.00 7.36 8.83 9.96 13.57 11.02 13.67 9.02 9.21 7.30 7.20 5.01 3.69 1.18 1.89 1.71 3.14 0.77 0.00 0.00 0.00 0.00
0.00 0.00 0.00 0.00 0.00 0.00 0.00 0.00 0.00 5.99 5.91 8.32 9.42 5.99 9.86 9.64 13.65 12.26 13.15 12.27 0.00 4.45 0.00 0.00 0.73 0.00 0.44 0.80 0.00 0.00 0.00 0.00 0.00 0.00 0.00 0.00 0.00 0.00 0.00 0.00 0.07 0.00 0.00 0.00 0.00 0.00 0.00 1.10 2.86 6.32 12.39 7.70 6.12 0.00 0.00 0.00 0.00 0.00 0.00 0.00 0.00 6.78 7.20 3.74 8.00 12.34 9.48 11.59 7.50 9.16 8.62 6.62 5.62 4.60 2.25 1.87 3.86 3.59 1.40 0.00 0.00 0.00 0.00
0.00 0.00 0.00 0.00 0.00 0.00 0.00 0.00 0.00 0.00 0.00 0.00 0.00 0.00 0.00 0.00 0.00 5.48 0.00 0.00 7.08 8.69 10.00 6.50 3.21 5.69 8.61 4.60 3.36 0.00 0.00 1.46 0.95 0.00 1.53 1.83 3.65 4.82 3.65 7.74 6.90 3.24 2.65 4.38 4.38 2.70 1.39 0.00 3.23 2.85 0.00 0.00 0.00 0.00 0.00 0.00 0.00 0.00 0.00 0.00 0.00 0.00 0.00 0.00 0.00 8.31 5.99 3.93 6.16 6.89 3.87 4.78 4.74 0.00 0.00 0.00 4.26 2.94 2.74 0.00 0.00 0.00 0.00
0.00 0.00 0.00 0.00 0.00 0.00 0.00 0.00 0.00 0.00 0.00 0.00 0.00 0.00 0.00 0.00 0.00 0.00 0.00 0.00 0.00 8.71 6.73 5.18 7.59 7.81 8.62 9.43 8.40 2.26 5.48 5.11 4.67 2.99 4.02 6.94 5.91 7.81 8.03 7.01 6.79 4.11 5.46 5.84 6.53 4.96 4.67 4.53 2.17 0.11 0.00 0.00 0.00 0.00 0.00 0.00 0.00 0.00 0.00 0.00 0.00 0.00 0.00 0.00 0.00 6.92 0.00 0.00 0.00 0.00 0.00 0.00 0.00 1.95 0.00 0.00 0.00 0.00 0.00 0.00 0.00 0.00 0.00
0.00 0.00 0.00 0.00 0.00 0.00 0.00 0.00 0.00 0.00 0.00 0.00 0.00 0.00 0.00 0.00 0.00 0.00 0.00 0.00 0.00 6.79 0.00 5.11 3.36 0.00 10.05 9.46 8.18 4.16 5.55 7.59 5.99 5.48 5.18 4.96 7.94 3.65 9.27 8.03 4.67 4.06 8.03 0.00 0.00 6.39 6.69 0.48 0.00 0.00 0.00 0.00 0.00 0.00 0.00 0.00 0.00 0.00 0.00 0.00 0.00 0.00 0.00 0.00 0.00 0.00 0.00 0.00 0.00 0.00 0.00 0.00 0.00 0.00 0.00 0.00 0.00 0.00 0.00 0.00 0.00 0.00 0.00
0.00 0.00 0.00 0.00 0.00 0.00 0.00 0.00 0.00 0.00 0.00 0.00 0.00 0.00 0.00 0.00 0.00 0.00 0.00 0.00 0.00 0.00 0.00 2.85 0.00 0.00 6.13 6.28 5.91 9.78 0.00 0.00 5.79 0.00 0.00 0.00 0.00 0.00 0.00 0.00 0.00 0.00 0.00 0.00 0.00 3.60 4.11 0.00 0.00 0.00 0.00 0.00 0.00 0.00 0.00 0.00 0.00 0.00 0.00 0.00 0.00 0.00 0.00 0.00 0.00 0.00 0.00 0.00 0.00 0.00 0.00 0.00 0.00 0.00 0.00 0.00 0.00 0.00 0.00 0.00 0.00 0.00 0.00
