Wansh/Snow_depth/snowdepth-1998/spring/1998085.txt
ncols 321
nrows 161
xllcenter 60
yllcenter 15 
cellsize  0.25 
NODATA_value -1
[rows 74 to 110 of 161, columns 83 to 165 of 321]
0.00 0.00 0.00 0.00 0.00 0.00 0.00 1.17 0.00 1.39 1.97 1.68 3.14 3.80 4.23 3.80 4.23 3.80 5.40 5.40 3.94 0.00 5.33 5.55 5.55 5.26 0.00 3.65 3.72 0.00 0.00 0.00 3.50 4.45 4.45 2.77 5.91 4.96 4.74 0.00 0.00 0.00 2.41 0.58 0.58 1.17 1.31 1.90 1.83 2.63 0.73 0.00 0.00 0.00 0.00 0.00 2.19 0.00 0.00 1.17 0.00 1.68 0.00 0.00 0.00 0.00 0.00 0.00 0.00 0.00 2.20 2.86 0.00 0.00 0.00 0.00 0.00 0.00 0.00 0.00 0.00 0.37 1.76
0.00 0.00 0.00 0.00 0.00 0.00 2.12 2.34 4.09 4.45 2.77 3.50 2.77 0.00 3.58 3.72 0.00 3.14 0.00 0.00 5.62 5.55 5.33 5.40 5.99 6.42 4.38 0.00 0.00 0.00 4.23 0.00 0.00 3.72 5.26 5.99 5.48 4.53 4.60 5.69 4.82 0.00 0.00 2.77 2.77 2.63 1.39 1.53 4.16 1.97 1.68 0.44 1.31 1.61 0.00 2.12 2.26 2.70 2.12 1.53 1.68 1.61 2.26 1.24 1.46 0.58 0.73 0.00 0.00 0.00 2.35 8.03 5.18 0.00 0.00 0.00 0.00 0.00 0.00 0.00 0.00 0.00 0.22
1.17 0.00 1.83 1.53 0.58 1.46 2.70 3.14 0.00 0.00 0.00 0.00 0.00 0.00 0.00 0.00 0.00 4.60 0.00 0.00 6.06 5.26 4.96 4.60 0.00 4.09 0.00 0.00 4.74 5.11 4.89 4.89 0.00 0.00 5.33 5.91 4.23 4.60 4.53 5.33 5.40 4.45 4.53 2.04 2.04 2.12 1.24 3.50 0.00 0.00 0.95 1.90 2.34 2.70 1.46 2.70 1.39 1.24 2.92 1.75 1.68 2.34 1.02 0.88 1.97 0.37 2.20 0.80 4.02 4.02 3.43 6.64 7.74 4.16 1.53 0.44 0.00 0.00 0.00 0.00 0.00 0.00 0.00
2.70 3.50 0.00 1.39 1.46 3.50 2.12 4.09 4.82 0.00 0.00 0.00 0.00 0.00 0.00 0.00 0.00 4.31 5.62 5.62 5.77 4.89 0.00 3.50 0.00 5.33 4.31 0.00 5.11 5.84 4.96 0.00 4.23 4.96 4.96 5.18 4.16 4.38 3.65 4.60 4.82 4.89 4.82 5.18 5.18 0.00 3.87 0.00 0.00 0.00 0.00 0.00 0.00 2.92 3.43 0.80 2.41 2.34 2.04 2.04 1.90 1.24 1.75 1.46 1.75 1.83 2.77 2.56 3.65 3.65 5.33 4.74 8.25 5.55 0.00 2.04 0.15 0.00 0.00 0.00 0.00 0.00 0.00
1.97 3.87 5.48 0.51 1.02 4.82 4.23 3.36 0.00 3.36 0.00 0.00 0.00 0.00 0.00 0.00 0.00 4.16 5.84 5.84 6.20 5.55 5.40 3.87 4.74 4.45 4.96 4.38 5.69 5.48 0.00 4.60 5.33 0.00 4.31 4.60 4.31 0.00 4.09 0.00 8.03 6.35 7.08 4.45 4.45 0.00 0.00 0.00 0.00 0.00 0.00 3.94 0.00 0.00 4.09 5.04 0.00 0.00 0.00 0.00 2.12 2.56 1.61 1.24 0.00 0.00 2.19 0.00 3.43 3.43 4.53 2.77 3.87 2.63 2.63 2.41 0.66 0.58 1.12 1.75 1.39 1.02 1.61
6.72 4.96 4.16 5.62 3.36 4.45 2.77 0.00 0.00 0.00 0.00 0.00 0.00 0.00 0.00 0.00 0.00 5.26 0.00 0.00 5.55 5.62 4.67 5.62 4.53 4.02 3.65 4.45 4.89 0.00 5.48 5.77 4.74 3.65 3.36 3.58 5.26 0.00 5.40 6.28 6.86 7.96 5.18 4.23 4.23 4.09 0.00 0.00 0.00 0.00 0.00 0.00 0.00 4.38 0.00 0.00 0.00 0.00 0.00 0.00 0.00 0.00 3.14 0.00 0.00 0.00 0.00 0.00 1.68 1.68 3.36 0.00 2.99 2.70 2.34 3.96 0.95 0.88 2.41 2.99 2.92 1.90 1.83
4.67 3.94 3.94 3.94 2.63 2.85 3.14 0.00 0.00 0.00 0.00 0.00 0.00 0.00 0.00 0.00 3.87 0.00 5.77 5.77 4.23 4.67 4.74 2.77 3.36 3.58 4.23 4.38 5.18 4.96 5.62 6.50 5.69 3.72 5.04 6.64 8.76 4.60 3.80 0.00 4.45 6.28 4.38 3.58 3.58 3.72 0.00 0.00 0.00 0.00 0.00 0.00 0.00 0.00 0.00 0.00 0.00 0.00 0.00 0.00 0.00 0.00 0.00 0.00 0.00 0.00 0.00 1.83 1.53 1.53 0.00 0.00 0.00 5.48 7.08 7.66 5.36 3.44 3.29 3.50 4.31 3.43 3.21
3.07 2.56 2.92 4.09 2.19 3.29 3.07 2.26 0.00 2.63 0.00 0.00 0.00 3.87 3.14 3.07 4.38 5.18 5.40 5.40 5.26 4.38 4.67 2.99 2.12 4.16 4.16 4.60 4.02 3.80 5.18 5.69 5.26 7.15 8.69 11.97 10.07 5.69 3.14 0.00 3.43 4.96 3.50 0.00 0.00 0.00 0.00 0.00 0.00 0.00 0.00 0.00 0.00 0.00 0.00 0.00 0.00 0.00 5.33 5.91 4.89 5.33 0.00 0.00 0.00 0.00 0.00 0.00 0.00 0.00 0.00 0.00 0.00 7.74 10.07 11.53 7.41 3.98 3.82 5.22 3.82 4.26 3.14
8.98 4.09 3.87 10.00 6.13 7.30 4.16 3.72 2.41 3.21 0.00 0.00 0.00 4.23 3.80 2.99 5.84 5.33 7.23 7.23 6.35 5.91 2.04 2.92 4.53 3.36 4.74 4.16 4.31 3.21 2.77 4.38 0.00 5.26 9.42 10.29 10.44 6.94 3.43 0.00 4.45 0.00 0.00 0.00 0.00 0.00 0.00 0.00 0.00 0.00 0.00 0.00 0.00 0.00 0.00 4.23 5.84 7.08 5.77 6.20 7.01 6.86 0.00 0.00 0.00 0.00 0.00 6.06 0.00 0.00 0.00 0.00 8.25 13.07 11.97 14.09 11.10 5.26 5.48 5.48 5.72 4.96 4.31
14.67 14.60 12.48 18.69 9.34 11.53 3.80 3.36 0.00 0.00 0.00 3.65 0.00 4.38 4.53 5.11 6.06 6.86 8.61 8.61 6.79 4.53 4.82 4.96 4.09 5.04 5.18 4.60 4.45 5.04 3.72 4.23 4.60 4.67 7.30 8.10 7.30 7.01 6.94 5.04 0.00 0.00 0.00 0.00 0.00 0.00 0.00 0.00 0.00 0.00 0.00 0.00 3.14 3.58 3.72 7.59 6.20 10.07 5.84 7.23 7.74 6.42 5.18 5.33 0.00 0.00 6.13 10.66 4.23 4.23 5.26 4.67 0.00 10.80 13.72 11.75 10.80 8.47 7.96 6.86 7.52 6.94 5.40
18.47 16.72 18.76 20.81 17.74 4.74 4.45 2.48 0.00 0.00 0.00 2.70 4.09 4.31 0.00 4.60 4.67 6.50 7.37 7.37 7.08 6.20 6.50 6.64 5.99 5.55 5.91 5.26 6.57 5.18 4.89 6.94 6.72 6.86 6.28 4.38 6.79 11.24 12.85 4.53 3.94 0.00 0.00 0.00 0.00 0.00 0.00 0.00 0.00 0.00 0.00 1.75 5.26 8.91 14.02 13.07 9.13 13.51 8.61 6.86 6.42 7.08 6.20 7.59 5.55 9.93 17.23 16.28 10.73 10.73 9.78 8.76 4.82 6.64 10.66 10.07 9.78 10.44 9.42 9.42 8.83 9.20 8.61
14.67 15.55 17.59 16.86 7.88 4.82 5.04 4.02 2.92 0.00 2.19 4.96 4.53 4.16 3.50 0.00 4.74 7.30 7.59 7.59 6.94 6.35 5.91 5.48 5.91 5.33 6.79 6.20 7.81 7.37 6.35 10.07 9.13 9.20 6.94 5.91 8.47 9.13 9.20 9.78 7.01 3.65 0.00 0.00 0.00 0.00 0.00 0.00 0.00 1.24 0.00 2.41 5.55 9.93 13.87 18.54 14.45 16.64 10.07 8.18 5.84 7.19 7.67 11.14 7.96 13.58 18.03 15.55 12.99 12.99 15.33 14.89 10.44 6.64 8.10 7.52 7.30 8.47 10.51 9.86 9.64 10.00 10.00
3.87 5.33 8.83 9.05 6.42 4.67 2.70 2.85 3.14 4.23 4.96 4.45 3.29 4.53 5.91 7.08 7.15 6.64 6.79 6.79 10.88 8.61 7.45 6.13 6.20 4.16 5.69 12.85 11.75 16.72 17.89 14.60 6.86 6.20 4.82 5.48 5.69 13.36 12.85 17.74 12.41 14.82 11.83 4.38 4.38 3.80 2.48 5.26 2.85 1.31 1.39 3.14 5.11 6.79 11.17 12.05 18.18 16.13 16.72 12.85 13.36 13.07 11.97 11.99 13.07 14.97 12.41 13.36 11.17 11.17 15.48 15.33 12.56 10.37 6.57 5.33 5.48 4.82 5.40 7.45 8.83 9.86 10.73
4.23 4.45 5.77 8.10 4.31 3.36 4.38 2.26 3.36 5.55 2.70 3.65 3.58 4.38 6.20 6.20 9.13 7.88 13.07 13.07 12.70 11.90 8.40 7.59 5.55 3.87 4.89 12.48 10.73 13.87 17.67 10.15 6.28 6.64 6.94 7.59 16.06 17.74 17.45 17.67 18.18 13.14 18.03 17.59 17.59 5.99 4.96 3.50 1.10 3.94 0.88 2.19 3.58 2.70 9.05 9.93 13.72 18.76 20.22 16.43 16.43 10.07 11.10 9.56 10.37 9.56 9.42 11.10 8.83 8.83 9.20 9.42 14.53 13.07 8.83 5.91 4.82 4.89 6.86 7.45 8.25 9.78 10.51
6.79 5.48 5.11 0.00 0.00 0.00 0.00 0.00 0.00 0.00 1.53 2.41 3.80 4.45 5.77 7.15 6.50 8.32 7.66 7.66 9.49 9.71 8.91 4.67 4.02 4.60 7.52 8.69 12.48 11.83 10.15 8.54 7.52 8.32 9.93 12.05 15.77 16.28 16.86 14.67 16.21 17.37 29.27 25.84 25.84 21.90 12.34 6.28 6.42 10.88 5.91 0.80 1.97 2.41 4.82 8.03 12.92 14.24 14.82 19.35 15.70 7.01 9.34 8.83 8.91 9.29 11.74 8.98 7.37 7.37 7.81 6.50 11.68 12.78 9.86 5.77 5.11 5.55 7.74 7.45 7.15 9.05 7.37
6.35 3.94 2.26 0.00 0.00 0.00 0.00 0.00 0.00 1.90 1.90 0.00 3.36 3.80 4.38 8.98 11.83 11.53 8.18 8.18 8.03 8.18 4.02 4.02 4.96 5.62 8.32 8.18 7.66 7.59 8.18 7.88 8.10 9.86 10.29 10.15 14.16 15.26 15.11 13.21 15.11 19.93 23.21 29.78 29.78 27.67 24.75 19.71 11.39 18.54 11.39 3.36 4.02 5.62 6.42 8.03 9.27 11.32 10.66 14.45 11.43 5.99 5.91 7.75 10.15 11.93 13.47 11.07 8.25 8.25 6.35 6.64 10.00 9.86 8.69 6.42 5.55 5.69 8.69 8.61 6.57 7.92 6.62
5.18 3.29 1.83 0.00 2.04 0.00 0.00 0.00 0.00 0.00 0.00 0.00 0.00 0.00 4.38 9.27 11.53 5.99 6.79 6.79 6.79 6.57 3.21 3.87 5.11 7.81 7.37 8.32 6.79 6.06 8.91 7.30 4.96 5.84 8.69 6.20 9.27 12.41 13.51 10.07 12.41 13.80 20.81 28.54 28.54 25.55 27.81 26.86 24.45 12.99 9.27 12.26 12.85 8.98 13.36 10.07 12.48 8.54 7.23 5.69 5.26 5.49 5.33 7.45 10.73 11.24 12.92 13.96 11.98 11.60 7.56 7.74 6.42 6.86 7.15 5.91 6.20 6.50 7.01 8.79 8.48 6.48 5.99
3.07 2.19 2.34 2.56 2.04 1.90 1.10 0.00 2.04 1.02 0.00 0.00 0.00 0.00 0.00 4.23 14.75 11.97 4.45 4.45 4.38 4.53 0.00 0.00 4.82 6.64 4.31 5.55 3.58 6.86 7.59 3.14 3.29 4.09 4.74 3.50 4.38 5.04 4.74 7.74 7.52 10.00 16.72 23.94 23.94 22.27 25.33 24.97 17.59 16.64 12.05 15.55 14.60 16.79 16.57 13.29 14.82 9.71 9.78 5.83 5.97 5.33 6.57 6.03 11.79 11.63 11.77 12.56 12.63 12.69 11.38 8.22 7.74 7.45 8.54 6.97 6.86 6.35 7.45 9.24 8.48 7.88 6.94
3.72 2.04 2.12 2.77 2.85 1.75 1.90 0.00 2.48 0.00 0.00 0.00 0.00 0.00 0.00 0.00 3.14 0.00 3.29 3.29 3.72 0.00 0.00 0.00 0.00 0.00 0.00 0.00 0.00 5.33 0.00 0.00 0.00 0.00 0.00 0.00 0.00 0.00 0.00 0.00 0.00 7.01 8.54 17.30 17.30 15.26 18.03 18.32 14.89 14.60 15.84 15.70 16.79 16.35 16.79 16.64 14.53 13.21 13.07 6.42 8.69 5.53 6.50 6.33 8.82 13.24 13.65 11.68 11.61 11.61 10.24 8.46 8.94 10.05 9.71 8.36 7.67 7.45 7.11 8.65 8.64 10.10 8.05
6.20 2.70 2.63 2.63 3.14 1.61 2.48 0.00 0.00 0.00 0.00 0.00 0.00 0.00 0.00 0.00 4.60 4.02 4.53 4.53 3.43 3.21 0.00 0.00 0.00 0.00 0.00 0.00 0.00 0.00 0.00 0.00 0.00 0.00 0.00 0.00 0.00 0.00 0.00 0.00 0.00 4.09 8.32 12.41 12.41 11.02 14.60 14.60 14.75 16.79 16.72 15.40 15.84 16.94 16.21 16.57 14.31 14.00 13.58 11.46 11.17 6.20 6.67 9.33 7.61 12.37 12.88 11.15 8.32 8.32 7.15 8.20 8.62 11.34 10.49 10.52 9.32 8.61 8.67 7.69 7.75 9.94 11.92
10.59 8.40 3.36 7.01 4.16 2.63 2.19 0.00 0.00 0.00 0.00 2.04 0.00 0.00 0.00 3.36 4.60 5.26 4.67 4.67 4.16 3.29 3.65 0.00 0.00 0.00 0.00 3.07 0.00 0.00 1.83 0.00 0.00 3.36 3.43 2.48 0.00 2.77 0.00 0.00 3.58 0.00 3.43 2.19 2.19 6.50 9.42 14.67 13.21 15.55 17.08 15.48 15.48 15.72 15.80 13.68 13.49 14.68 13.58 12.19 13.36 12.05 11.74 10.60 8.31 10.60 14.12 11.82 7.23 7.26 6.83 8.74 7.46 11.05 12.63 12.82 11.68 12.81 10.67 8.04 7.11 8.84 11.46
11.02 11.68 10.29 12.26 7.45 6.35 3.36 6.28 0.00 0.00 0.00 0.00 0.00 0.00 0.00 1.61 3.21 1.90 2.92 2.92 0.00 2.48 3.14 3.07 0.00 0.00 0.00 2.34 0.00 2.04 0.88 0.00 0.00 3.21 4.02 3.14 2.99 2.41 2.48 0.00 0.00 0.00 0.00 3.50 3.50 4.74 8.40 11.61 13.21 14.38 12.70 15.33 13.36 13.43 15.21 14.04 13.17 14.92 17.10 15.34 15.71 14.01 13.06 13.97 9.09 8.81 12.05 13.33 8.58 8.58 5.68 6.60 4.70 9.37 12.40 13.43 13.94 10.73 7.98 6.74 7.78 11.66 12.33
15.40 18.69 12.92 11.46 16.50 10.44 8.69 7.74 4.23 3.72 7.96 2.04 0.00 0.00 0.00 0.15 0.00 0.58 0.00 0.00 0.00 0.80 3.36 0.00 0.00 0.00 2.26 0.51 1.75 0.00 0.00 0.00 0.00 2.99 2.70 3.50 1.24 0.00 0.00 0.00 0.00 0.00 14.60 11.32 11.32 8.69 7.81 14.31 15.40 14.97 13.43 13.14 13.36 12.78 12.84 12.74 14.84 12.95 14.91 14.12 18.13 17.28 14.37 10.76 7.42 9.02 13.20 12.24 8.45 8.32 4.89 4.61 6.22 8.16 11.53 12.85 13.94 10.89 7.78 7.11 5.70 9.18 12.34
20.95 22.19 15.70 15.18 14.02 17.16 14.82 16.06 13.21 8.54 14.75 9.27 0.00 0.00 0.00 1.31 0.22 0.00 0.00 0.00 0.00 0.00 1.24 0.58 0.15 2.26 1.39 1.75 2.92 0.00 1.46 1.02 1.17 2.41 0.00 2.19 1.17 0.00 0.00 0.00 0.00 12.70 13.51 15.70 15.70 15.18 16.06 14.89 15.62 14.60 14.30 14.75 12.67 13.30 13.96 11.75 11.96 11.02 12.48 10.87 14.29 14.38 12.99 13.68 9.56 7.93 9.20 6.00 4.52 4.40 3.58 4.60 3.69 6.01 8.73 11.45 10.73 11.01 6.21 6.48 4.92 6.95 10.36
14.24 11.83 12.12 6.64 8.98 21.90 28.91 33.43 33.07 33.73 29.49 17.89 15.55 10.15 5.04 3.21 1.46 0.95 1.17 1.17 0.80 0.15 0.58 0.22 1.31 0.66 1.31 0.88 1.31 1.83 2.34 2.19 1.68 2.85 2.85 2.70 2.92 2.19 9.56 0.00 10.59 9.56 13.21 17.45 17.45 14.89 16.57 15.55 16.43 14.09 13.21 13.85 11.16 10.22 8.52 7.72 7.08 7.04 8.52 7.71 10.49 10.34 12.18 14.29 13.62 11.68 6.60 7.22 5.62 5.53 3.87 4.53 4.39 7.30 11.81 11.53 9.56 4.99 3.46 3.25 3.02 4.69 5.54
14.38 12.34 14.09 10.88 19.42 14.89 19.20 26.86 32.49 38.40 30.22 22.12 12.26 12.34 8.40 5.26 3.65 2.77 2.19 2.19 1.53 1.10 1.61 0.73 0.37 0.95 0.22 0.00 0.73 1.46 1.31 1.17 0.88 2.48 3.58 3.21 6.28 6.28 6.28 7.23 8.76 9.05 10.07 12.70 12.70 17.37 13.51 15.62 13.14 13.09 10.95 7.98 6.88 7.84 7.26 7.21 7.16 4.87 6.55 6.14 10.47 11.58 12.33 14.06 8.81 9.56 7.37 8.44 8.42 8.29 4.31 3.21 5.58 5.72 11.18 13.90 11.10 6.71 2.70 0.99 0.92 1.37 2.72
7.45 15.26 10.95 10.22 12.78 8.18 17.81 30.44 22.78 27.23 26.35 20.00 9.49 10.29 10.29 8.10 8.18 4.82 4.53 4.53 2.56 1.46 1.02 2.04 0.95 0.00 0.00 0.29 0.66 1.61 1.10 1.10 0.58 1.39 2.70 7.66 8.98 3.43 2.34 4.16 4.53 2.26 5.84 9.05 9.05 10.07 15.26 11.61 12.17 11.52 9.95 9.37 9.30 10.09 8.86 7.38 5.57 6.46 6.36 5.88 9.19 10.20 11.32 12.19 9.13 6.42 10.21 9.83 4.84 5.38 3.45 3.13 3.96 4.54 6.36 11.98 11.72 7.74 3.29 0.07 0.00 0.00 0.00
0.00 8.18 10.95 7.01 6.94 10.29 16.64 17.37 16.73 20.15 20.88 15.99 6.79 6.42 9.13 8.83 5.91 4.38 4.38 4.38 3.94 3.14 1.83 1.68 0.66 0.00 0.51 0.00 0.00 1.31 1.39 0.95 0.00 0.00 1.61 3.43 6.35 1.83 1.31 0.07 0.00 0.37 1.61 4.89 4.89 9.64 7.96 12.19 12.18 11.53 9.84 11.11 9.27 10.06 10.61 7.73 5.29 3.40 4.94 3.73 8.61 8.59 12.50 11.67 10.15 7.59 8.11 9.71 6.59 6.35 4.15 1.88 2.25 7.30 11.76 10.70 10.78 6.74 4.51 0.62 0.00 0.49 1.89
0.00 0.00 4.89 7.74 0.00 7.01 10.00 16.50 17.23 17.30 17.01 8.69 7.37 6.79 6.94 6.72 3.87 2.34 2.92 2.92 3.21 3.50 1.83 1.39 0.00 0.00 0.00 0.00 0.44 0.07 0.29 0.95 0.00 0.58 0.15 1.83 3.07 1.17 1.02 1.46 0.00 0.07 0.73 2.19 2.19 5.33 10.37 10.73 11.10 11.90 10.44 11.56 10.70 8.98 9.96 5.75 5.12 3.94 4.13 5.43 6.93 5.90 10.58 9.79 9.29 7.78 6.02 7.87 7.67 7.71 6.15 3.24 1.45 4.63 8.50 6.22 4.33 4.39 1.03 0.00 1.85 2.54 5.02
0.00 0.00 0.00 0.00 0.00 8.32 8.25 11.53 16.43 14.45 12.56 12.05 9.13 6.50 5.99 0.00 0.73 2.70 3.21 3.21 1.83 0.80 0.73 0.15 0.00 0.00 0.00 0.00 0.00 0.00 0.00 0.00 0.00 0.00 0.00 0.58 1.61 0.51 0.80 0.00 0.00 0.00 2.04 4.53 4.53 2.49 5.62 10.78 11.17 10.15 10.31 12.24 8.83 9.14 5.51 5.00 0.00 0.00 9.55 8.47 6.00 6.23 8.49 7.74 6.40 8.76 6.88 6.62 6.67 7.81 6.35 4.56 1.34 3.15 4.57 3.36 3.09 4.46 2.63 0.93 2.15 2.09 4.38
0.00 0.00 0.00 0.00 0.00 0.00 5.69 7.52 10.44 15.55 12.56 10.15 9.78 8.32 4.67 2.99 0.00 5.99 0.00 0.00 1.83 0.73 0.95 0.00 0.00 0.00 0.00 0.00 0.00 0.00 0.00 0.00 0.00 0.00 0.00 0.00 0.58 0.00 0.00 0.00 0.00 0.00 0.00 2.12 2.12 1.53 2.41 4.92 7.76 9.65 9.76 9.02 8.05 6.39 2.79 5.88 0.00 0.00 0.00 8.71 7.03 6.66 6.29 6.15 5.75 7.56 7.47 7.85 7.05 7.90 6.12 5.36 3.11 1.76 1.68 0.00 1.78 2.82 3.07 1.03 0.95 1.91 2.23
0.00 0.00 0.00 0.00 0.00 0.00 0.00 0.00 10.29 9.56 13.21 6.79 9.71 9.13 9.05 11.39 8.08 9.73 5.77 5.77 0.00 1.83 1.17 0.37 0.00 0.00 0.00 0.00 0.00 0.15 0.00 0.00 0.00 0.00 0.00 0.15 0.58 0.88 1.24 0.00 0.22 0.22 0.44 1.24 1.24 1.68 1.90 1.90 2.92 8.33 10.38 9.55 5.72 4.84 5.40 0.00 0.00 0.00 0.00 0.00 0.00 5.47 3.92 3.58 4.74 7.51 7.63 9.97 6.50 6.64 5.73 3.55 2.38 2.46 1.18 0.00 0.36 2.20 3.84 0.65 0.00 0.00 4.14
0.00 0.00 0.00 0.00 0.00 0.00 0.00 0.00 0.00 10.88 7.37 5.18 8.98 8.18 9.78 12.26 9.24 11.53 6.94 6.47 4.67 2.63 3.36 2.48 0.15 0.00 0.29 0.00 0.00 0.00 0.00 0.00 0.00 0.00 0.22 0.00 0.66 1.24 2.77 0.44 1.46 3.87 2.41 1.02 1.02 1.83 0.29 1.10 4.63 7.85 8.64 11.30 3.76 5.30 1.80 0.00 0.00 0.00 0.00 0.00 0.00 7.56 5.01 3.83 3.04 6.53 8.63 9.35 7.81 9.54 5.07 3.47 3.99 1.80 0.17 0.73 2.85 3.59 2.34 1.55 0.00 0.00 0.00
0.00 0.00 0.00 0.00 0.00 0.00 0.00 0.00 0.00 0.00 0.00 0.00 0.00 0.00 0.00 2.56 0.00 0.00 4.66 4.74 3.80 9.56 6.50 7.52 5.84 2.48 5.62 4.60 3.36 0.00 2.56 1.17 1.39 3.87 1.75 1.17 5.04 4.23 2.19 6.50 6.75 6.02 3.17 5.40 5.40 3.58 0.29 0.88 1.61 3.44 0.00 0.00 0.00 0.00 0.00 0.00 0.00 0.00 0.00 0.00 0.00 0.00 0.00 0.00 4.00 3.92 5.44 4.67 3.45 3.86 3.67 3.31 3.72 3.10 2.02 1.77 2.74 4.73 3.19 2.57 0.00 0.00 0.00
0.00 0.00 0.00 0.00 0.00 0.00 0.00 0.00 0.00 0.00 0.00 0.00 0.00 0.00 0.00 0.00 0.00 0.00 3.80 3.80 0.00 3.07 9.99 6.50 8.47 7.01 7.30 8.54 5.69 5.33 5.11 5.04 4.96 5.40 4.89 3.72 6.50 4.96 7.96 8.10 7.08 4.95 8.20 4.23 4.73 6.06 3.72 3.14 3.07 0.00 0.00 0.00 0.00 0.00 0.00 0.00 0.00 0.00 0.00 0.00 0.00 0.00 0.00 0.00 3.37 7.05 3.58 0.00 0.00 0.00 0.00 3.22 2.96 2.14 2.65 1.43 1.39 3.06 0.00 0.00 0.00 0.00 0.00
0.00 0.00 0.00 0.00 0.00 0.00 0.00 0.00 0.00 0.00 0.00 0.00 0.00 0.00 0.00 0.00 0.00 0.00 0.00 0.00 0.00 0.00 3.07 8.18 5.40 2.92 3.89 4.77 7.81 4.53 3.65 6.20 5.18 5.85 4.60 4.45 3.56 4.89 7.88 1.31 1.10 5.46 3.80 3.93 4.99 5.10 3.23 1.99 0.00 0.00 0.00 0.00 0.00 0.00 0.00 0.00 0.00 0.00 0.00 0.00 0.00 0.00 0.00 0.00 0.00 0.00 0.00 0.00 0.00 0.00 0.00 0.00 2.02 0.00 0.00 1.82 2.97 0.00 0.00 0.00 0.00 0.00 0.00
0.00 0.00 0.00 0.00 0.00 0.00 0.00 0.00 0.00 0.00 0.00 0.00 0.00 0.00 0.00 0.00 0.00 0.00 0.00 0.00 0.00 0.00 0.00 0.00 4.38 0.00 4.31 0.00 7.30 0.00 2.34 1.46 7.60 3.79 2.63 0.00 0.00 3.80 5.18 0.00 0.00 0.00 0.00 0.00 0.00 4.62 0.00 0.00 0.00 0.00 0.00 0.00 0.00 0.00 0.00 0.00 0.00 0.00 0.00 0.00 0.00 0.00 0.00 0.00 0.00 0.00 0.00 0.00 0.00 0.00 0.00 0.00 0.00 0.00 0.00 0.00 0.00 0.00 0.00 0.00 0.00 0.00 0.00
