Wansh/Snow_depth/snowdepth-1998/spring/1998098.txt
ncols 321
nrows 161
xllcenter 60
yllcenter 15 
cellsize  0.25 
NODATA_value -1
[rows 74 to 110 of 161, columns 84 to 167 of 321]
0.00 0.00 0.00 0.00 0.58 0.15 0.44 0.66 0.00 1.31 0.00 2.63 1.17 3.43 4.23 3.21 2.85 3.36 3.36 4.53 4.53 4.38 0.00 0.00 0.00 0.00 2.77 0.00 0.00 0.00 0.00 0.00 0.00 0.00 1.90 3.36 2.56 3.21 2.92 3.29 2.41 1.83 0.00 0.00 0.88 0.51 0.37 0.44 0.07 0.00 0.00 0.00 0.00 0.00 0.67 0.00 0.66 0.00 0.88 0.00 0.00 0.00 0.00 0.00 0.00 0.00 0.00 0.00 0.00 0.00 1.10 0.66 0.00 0.00 0.00 0.00 0.00 0.00 0.00 0.00 0.00 0.00 0.00 0.00
0.00 0.00 0.00 0.00 1.75 1.68 2.63 1.17 3.29 1.46 1.24 3.36 4.23 4.09 0.00 3.21 4.23 4.09 4.09 4.09 3.58 4.45 3.36 0.00 0.00 3.36 0.00 0.00 0.00 0.00 0.00 0.00 0.00 0.00 0.00 3.58 0.00 2.99 3.14 4.45 4.53 3.14 1.75 1.75 1.68 0.58 1.24 1.02 1.61 1.02 0.80 0.80 0.00 1.97 1.46 0.73 0.07 0.66 1.61 1.24 1.17 0.80 0.00 0.58 0.00 0.00 0.00 0.00 0.00 0.00 2.92 3.50 0.66 0.00 0.00 0.00 0.00 0.00 0.00 0.00 0.00 0.00 0.00 0.00
0.00 0.00 0.29 0.00 3.29 2.04 0.00 4.53 4.60 4.23 4.45 4.74 5.91 4.16 0.00 4.45 4.16 3.80 3.80 2.85 0.00 0.00 0.00 3.36 3.87 0.00 0.00 0.00 0.00 0.00 0.00 0.00 0.00 0.00 0.00 0.00 0.00 0.00 0.00 4.02 4.53 3.36 0.00 0.00 3.29 1.17 0.95 3.50 3.14 2.77 1.83 1.61 1.31 1.97 1.31 1.24 1.17 1.53 0.88 1.97 1.75 1.17 0.00 0.80 0.00 0.00 1.10 2.41 2.41 3.94 5.04 3.50 2.19 0.00 0.00 0.00 0.00 0.00 0.00 0.00 0.00 0.00 0.00 0.00
1.61 0.00 0.15 2.99 2.34 1.83 3.14 2.19 4.31 4.96 6.06 5.40 4.96 4.82 4.67 4.74 4.23 4.96 4.96 4.53 0.00 2.63 3.21 3.43 0.00 0.00 0.00 0.00 0.00 0.00 2.77 0.00 0.00 0.00 3.29 0.00 0.00 0.00 4.67 4.38 4.23 3.94 3.14 3.14 2.19 0.00 1.46 2.77 3.65 3.14 2.56 3.21 2.12 2.48 2.26 2.70 3.14 1.24 1.24 1.61 1.10 0.66 2.70 1.97 0.95 2.77 3.72 3.07 3.07 3.80 2.85 3.14 1.83 0.80 0.00 0.00 0.00 0.00 0.00 0.00 0.00 0.00 0.00 0.00
2.99 2.85 4.31 2.41 2.92 2.26 2.41 3.94 4.45 4.31 4.60 5.33 4.53 4.96 4.16 4.31 4.31 4.02 4.02 5.18 3.50 3.72 3.65 3.58 3.50 0.00 0.00 2.48 0.00 0.00 0.00 0.00 0.00 0.00 2.77 2.12 0.00 0.00 3.36 6.13 4.45 4.31 3.65 3.65 0.00 0.00 0.00 0.00 0.00 0.00 3.94 3.58 3.50 4.60 3.43 0.00 0.00 2.92 1.68 2.26 1.31 1.53 2.26 1.83 2.56 3.07 1.46 3.29 3.29 2.70 3.29 2.56 1.97 0.00 0.00 0.00 0.00 0.00 0.00 0.00 0.00 0.00 0.00 0.00
3.87 3.14 3.87 5.33 2.99 2.70 3.94 4.31 3.72 3.72 3.80 5.26 3.43 4.74 3.80 3.80 4.23 4.60 4.60 4.82 4.16 4.31 3.94 3.43 0.00 0.00 0.00 0.00 0.00 0.00 3.65 0.00 0.00 0.00 0.00 4.09 0.00 0.00 0.00 5.40 7.01 6.06 0.00 0.00 0.00 0.00 0.00 0.00 0.00 0.00 1.75 3.14 0.00 4.45 0.00 1.83 0.00 0.00 2.85 1.53 1.90 2.26 0.00 0.00 0.00 0.00 2.92 2.34 2.34 3.43 0.00 0.00 4.02 3.21 0.73 1.31 0.00 0.00 0.00 0.00 0.00 0.37 0.00 0.00
0.00 3.94 0.00 4.31 3.72 3.29 3.43 3.65 3.72 3.87 3.21 3.21 3.07 4.09 4.09 4.09 4.38 4.45 4.45 4.23 3.87 3.14 3.50 3.07 2.77 0.00 0.00 0.00 0.00 2.92 2.63 0.00 0.00 3.50 4.16 5.55 0.00 0.00 0.00 0.00 4.96 0.00 0.00 0.00 0.00 0.00 0.00 0.00 0.00 0.00 0.00 0.88 0.00 0.22 0.15 1.39 2.12 4.45 2.99 3.21 1.53 2.04 0.00 0.00 0.00 0.00 0.00 0.00 0.00 0.00 0.00 4.60 5.04 2.26 3.14 1.98 0.00 0.00 0.00 0.00 0.00 0.00 0.00 0.00
0.00 0.00 3.58 0.00 4.16 2.48 3.14 3.87 3.36 3.36 3.21 4.23 4.16 4.02 3.80 4.23 4.74 3.87 3.87 3.65 0.00 0.00 0.00 2.12 0.00 0.00 0.00 0.00 0.00 0.00 0.00 0.00 0.00 5.55 7.88 8.98 3.43 0.00 0.00 0.00 0.00 0.00 0.00 0.00 0.00 0.00 0.00 0.00 0.00 0.00 0.00 0.07 0.00 0.66 1.61 3.58 3.72 3.36 4.67 4.09 3.14 2.34 0.88 0.00 0.00 0.00 0.00 0.00 0.00 0.00 0.00 4.23 4.09 6.57 3.14 3.82 2.14 3.52 3.10 0.00 0.00 0.00 0.00 0.00
3.43 6.72 5.26 6.20 4.09 3.87 3.94 2.70 2.70 3.94 3.43 4.67 4.45 4.16 4.82 5.18 5.18 4.96 4.96 4.31 0.00 0.00 0.00 1.83 0.00 0.00 2.77 2.63 0.00 0.00 2.56 0.00 0.00 0.00 9.42 10.15 6.06 0.00 0.00 0.00 0.00 0.00 0.00 0.00 0.00 0.00 0.00 0.00 0.00 0.51 0.00 0.00 0.00 0.95 2.04 3.43 3.87 2.92 2.92 3.87 3.58 3.21 1.46 0.00 0.00 0.00 0.00 0.00 0.00 0.00 0.00 0.00 2.77 5.04 6.35 5.91 0.58 5.62 2.99 1.98 0.00 0.00 0.00 0.00
11.46 16.57 10.44 12.48 5.84 3.80 0.00 3.14 3.14 3.36 3.07 4.09 4.53 4.53 5.18 5.55 5.69 6.28 6.28 5.40 3.65 1.97 2.19 3.21 2.41 2.34 2.77 2.99 0.00 0.00 0.00 0.00 0.00 3.87 7.81 5.04 4.74 7.52 2.70 0.00 0.00 0.00 0.00 0.00 0.00 0.00 0.00 0.00 0.00 0.00 0.00 0.00 1.75 3.29 2.92 3.43 4.38 3.72 3.50 3.29 3.50 3.72 2.26 5.40 5.84 0.00 8.25 5.62 5.62 3.36 1.31 0.80 4.82 6.57 6.06 6.28 8.47 6.42 5.62 3.36 0.00 0.00 0.00 0.00
13.94 16.35 17.30 14.24 7.74 4.02 3.72 3.65 3.43 3.58 4.02 3.94 4.38 4.67 4.02 4.89 5.04 5.33 5.33 4.53 0.00 3.07 0.00 2.99 3.14 2.77 3.43 3.14 2.70 2.34 3.87 4.16 5.84 3.58 3.50 4.96 6.57 12.26 6.06 2.92 0.66 0.00 0.00 0.00 0.00 0.00 0.00 0.00 0.00 0.00 1.31 0.00 6.94 7.23 7.30 5.04 3.80 5.11 4.60 3.36 3.58 4.45 5.40 6.35 7.45 7.81 12.41 10.22 10.22 6.94 4.74 0.00 3.80 3.36 5.55 7.01 6.06 6.86 6.86 4.82 5.55 5.84 0.00 0.00
15.04 12.78 16.43 11.24 8.54 4.09 4.16 4.02 4.89 3.21 4.16 4.31 3.50 4.16 3.72 2.85 4.45 5.18 5.18 5.33 3.80 3.72 4.53 3.50 0.00 0.00 4.09 3.72 4.82 3.21 3.43 6.35 7.96 7.23 3.65 0.00 4.89 8.83 11.90 2.26 0.37 1.17 0.00 0.00 0.44 0.00 0.00 0.00 0.00 0.00 2.41 2.70 8.03 10.95 12.19 11.61 11.24 2.77 5.99 4.09 3.82 5.81 6.85 8.25 8.54 12.05 12.78 9.56 9.56 13.21 11.90 6.06 1.83 2.26 2.48 2.85 5.55 5.99 5.84 6.64 6.57 6.50 0.00 0.00
6.94 5.55 6.50 4.45 5.33 3.58 4.09 3.94 4.45 5.62 4.82 3.50 4.67 4.53 4.96 5.11 7.08 5.84 5.84 5.69 5.33 5.40 4.45 4.23 0.00 3.36 4.67 7.45 10.37 7.37 7.01 4.60 5.77 4.67 0.00 0.00 5.55 7.59 8.10 12.05 9.78 2.26 7.01 7.01 1.83 0.00 1.61 0.80 0.07 0.51 0.07 0.58 2.85 13.29 8.03 11.39 15.55 10.95 13.87 11.17 7.15 10.37 8.86 7.45 7.30 4.96 5.62 10.44 10.44 7.30 10.66 12.12 4.89 6.64 0.00 1.24 2.92 3.72 5.18 3.94 5.11 6.86 0.00 0.00
3.94 3.80 4.60 3.65 4.09 2.85 3.29 3.72 3.94 4.38 4.89 3.29 4.53 6.06 6.28 5.48 6.72 5.26 5.26 7.30 7.01 4.82 4.89 5.18 2.70 1.83 4.23 5.33 8.47 10.29 8.69 5.18 0.00 4.23 3.58 2.77 5.26 8.54 12.99 13.43 15.18 10.37 14.24 14.24 11.32 3.50 4.31 0.51 2.12 0.00 0.00 1.68 4.02 3.80 4.45 6.94 12.26 15.62 14.67 14.38 7.74 7.37 7.01 4.96 4.74 4.60 3.87 2.92 2.92 6.94 8.25 6.13 6.57 2.19 0.00 0.00 0.00 0.00 2.99 5.91 5.69 0.00 0.00 0.00
4.60 3.50 3.43 3.50 0.00 0.00 2.77 3.72 0.00 3.14 3.65 3.94 4.16 4.74 6.06 5.11 5.62 4.53 4.53 5.69 6.64 4.38 4.74 0.00 0.00 3.65 3.14 4.67 5.77 6.50 4.09 5.18 3.80 4.60 4.23 5.84 9.20 8.32 8.76 14.53 13.87 21.24 16.13 16.13 19.49 6.28 9.34 5.26 1.17 3.36 0.00 1.53 1.83 4.89 4.53 5.33 7.37 13.14 12.26 10.88 4.38 5.77 3.87 5.62 7.89 7.57 7.88 5.40 5.40 2.99 5.99 3.43 3.80 3.50 0.88 0.00 0.00 0.00 0.00 0.00 0.00 0.00 0.00 0.00
5.77 3.72 0.00 2.77 3.14 0.00 0.00 0.00 0.00 2.92 3.07 3.07 3.14 4.82 6.06 5.62 6.86 5.18 5.18 3.72 7.01 4.23 3.94 2.85 3.72 4.02 3.87 3.65 4.38 3.94 3.72 0.00 3.87 3.14 3.87 5.69 9.05 8.32 7.01 4.96 6.42 18.69 22.19 22.19 24.89 8.54 10.29 11.75 7.37 0.58 4.38 0.95 1.90 2.48 4.60 6.86 6.35 6.28 8.97 5.97 1.83 4.09 5.36 7.08 9.19 10.16 9.68 5.99 5.99 2.70 2.48 2.48 2.70 2.12 1.97 0.00 0.00 3.65 0.00 0.00 0.00 0.00 0.00 0.00
2.48 2.85 2.70 1.75 0.00 0.00 0.00 0.00 0.00 0.00 2.19 0.00 0.00 0.00 5.04 6.86 3.94 3.07 3.07 3.21 5.04 4.23 3.21 3.43 4.38 5.11 4.09 2.99 0.00 3.29 2.12 2.77 2.70 0.00 0.00 4.45 5.91 5.84 0.00 0.00 4.16 8.10 15.18 15.18 16.43 22.78 20.88 20.08 12.78 5.69 8.10 8.32 4.38 8.54 9.34 4.82 7.66 4.38 3.72 4.23 1.88 2.92 5.24 7.08 10.59 10.88 10.21 8.81 8.53 4.40 1.61 2.92 1.31 0.00 0.00 0.00 0.00 0.00 0.00 0.00 0.00 0.00 0.00 0.00
2.34 1.75 2.19 2.70 0.00 2.19 1.53 1.83 2.04 0.73 0.00 0.00 0.00 0.00 3.50 5.40 3.07 0.00 0.00 0.00 0.00 0.00 0.00 1.83 3.14 4.23 3.58 0.00 0.00 0.00 0.00 0.00 0.00 0.00 0.00 0.00 0.00 4.31 0.00 0.00 1.46 3.07 10.22 10.22 22.27 19.35 14.09 15.48 16.13 11.53 11.61 10.37 13.29 13.07 11.24 11.90 10.15 7.37 3.39 1.77 2.41 3.07 2.98 7.07 9.96 9.76 10.00 10.00 10.05 6.76 4.92 3.21 3.80 3.36 4.48 0.00 0.00 0.00 0.00 0.00 0.00 0.00 0.00 0.00
2.77 1.61 2.56 1.97 2.04 2.56 2.48 1.75 0.00 0.00 0.00 0.00 0.95 0.00 0.00 0.00 0.00 0.00 0.00 2.34 0.00 0.00 0.00 0.00 0.00 0.00 0.00 0.00 0.00 0.00 0.00 0.00 0.00 0.00 0.00 0.00 0.00 0.00 0.00 0.00 0.80 0.00 4.74 4.74 14.67 11.46 12.26 12.19 13.36 12.12 10.95 11.39 13.43 14.60 14.82 10.80 11.75 11.46 9.20 2.25 2.73 2.29 2.78 4.92 8.66 11.03 10.03 8.25 8.25 7.03 6.14 8.33 7.56 3.93 4.18 0.00 4.31 0.00 0.00 0.00 0.00 0.00 0.00 0.00
4.53 1.90 2.41 1.97 2.56 2.12 2.34 0.00 0.00 1.83 1.83 0.00 0.00 0.00 0.00 0.00 0.00 1.97 1.97 2.56 2.19 0.00 0.00 0.00 0.00 0.00 0.00 0.00 0.00 0.00 0.00 0.00 0.00 0.00 0.00 0.00 0.00 0.00 0.00 0.00 0.00 1.68 0.00 0.00 7.45 12.34 13.43 12.48 14.97 13.72 11.24 10.80 11.83 13.80 14.45 13.94 13.70 11.17 12.99 10.51 1.75 3.49 4.58 5.69 7.34 8.91 4.84 4.38 4.38 3.10 5.87 7.87 7.49 7.41 4.15 5.06 5.26 4.37 0.00 0.00 0.00 0.00 0.00 5.82
8.25 3.72 4.45 1.61 1.83 3.94 2.41 0.00 0.00 2.85 1.61 0.00 0.00 0.00 2.34 3.14 2.04 0.00 0.00 0.00 1.97 1.68 0.00 0.00 0.00 0.00 0.00 0.00 0.00 0.00 0.00 0.00 0.00 0.00 0.00 0.00 0.07 0.00 0.00 0.00 0.00 0.00 0.00 0.00 2.12 7.08 11.46 12.85 13.65 9.78 9.56 10.95 11.92 12.49 13.76 16.16 15.28 14.53 14.53 11.17 10.15 9.46 6.45 6.21 7.85 8.31 6.49 2.48 2.49 3.81 6.79 7.54 6.37 6.56 8.34 5.40 4.17 3.48 0.00 0.00 0.00 0.00 4.74 6.46
7.08 8.03 10.66 6.86 8.61 2.12 0.00 2.70 0.00 0.00 1.83 0.00 0.00 0.00 1.90 2.77 0.00 0.00 0.00 0.00 0.00 1.31 0.00 0.00 0.00 2.12 1.46 1.68 0.00 0.00 0.00 0.22 0.00 0.00 0.00 0.80 0.66 0.00 0.00 0.00 0.00 0.00 0.00 0.00 0.66 7.59 9.78 10.29 11.39 6.64 9.78 9.93 10.73 12.92 16.13 12.57 15.97 16.21 12.97 15.34 11.67 11.15 10.65 6.60 7.46 9.19 5.54 4.92 4.92 3.02 4.66 6.65 0.00 8.65 7.34 7.41 5.96 3.67 0.00 0.00 0.00 6.05 5.67 0.00
9.86 11.32 11.68 11.97 13.14 5.77 4.89 7.88 2.26 2.04 2.26 2.41 0.00 0.00 0.00 1.24 0.00 0.00 0.00 0.00 0.00 0.00 0.00 0.00 0.00 0.00 1.46 1.24 0.22 0.51 0.00 0.37 1.31 0.88 2.04 0.73 0.00 0.00 0.00 0.00 1.24 1.75 2.41 2.41 5.55 10.59 9.64 11.02 11.90 11.97 8.25 10.37 10.73 11.23 13.63 11.60 11.01 14.22 12.51 12.92 15.47 13.16 8.73 4.63 6.32 6.43 6.69 3.85 3.80 0.00 2.00 0.00 9.16 6.94 6.13 6.82 4.37 3.33 0.00 4.61 4.14 6.62 3.57 0.00
14.09 12.34 8.10 15.55 14.75 9.05 10.66 15.99 6.72 6.13 4.53 5.69 0.00 0.00 0.00 0.00 0.00 0.00 0.00 0.00 0.00 0.00 0.00 0.00 0.29 0.00 1.17 1.31 1.17 0.95 1.10 0.58 0.44 0.66 1.17 0.15 0.00 0.00 0.00 6.28 5.99 12.05 7.45 7.45 7.08 14.24 15.18 14.16 12.92 11.38 12.19 11.19 11.92 13.64 12.20 10.86 11.24 8.91 10.64 10.55 12.11 12.22 8.71 8.10 6.52 4.68 2.45 1.66 1.61 0.00 0.00 3.86 6.17 0.00 6.38 5.04 3.13 0.00 0.00 0.00 5.39 0.00 0.00 0.00
9.86 11.61 13.58 11.83 18.10 19.86 28.18 30.30 23.51 24.97 19.49 12.63 6.57 3.43 2.19 0.80 1.83 2.34 2.34 1.24 1.39 0.88 0.88 0.95 1.75 1.24 1.68 1.46 0.80 1.24 1.46 0.73 1.39 1.02 0.66 1.24 2.70 2.99 4.67 4.31 10.73 7.66 9.56 9.56 14.24 13.80 13.51 13.51 12.41 11.10 7.00 8.06 8.42 7.17 6.73 7.15 10.06 7.11 9.34 6.68 9.68 10.67 10.68 10.99 5.04 6.16 2.92 3.14 3.10 0.00 0.00 0.00 5.60 8.22 8.46 7.37 3.03 0.00 0.00 0.00 0.00 0.00 0.00 0.00
13.14 14.75 15.70 15.77 16.94 28.69 30.00 28.18 32.05 32.19 21.68 10.07 11.39 8.03 4.74 3.14 2.48 1.90 1.90 1.61 1.24 1.53 1.10 0.73 1.17 0.66 1.17 1.17 0.66 1.39 1.68 1.68 1.31 2.04 4.23 1.90 4.60 4.82 6.28 2.56 3.65 7.66 7.66 7.66 10.88 15.62 12.48 10.51 10.16 8.90 7.07 5.66 5.82 5.20 4.72 7.54 6.46 6.00 7.74 10.47 10.18 10.52 12.61 7.53 5.04 4.96 6.68 5.25 5.17 1.83 0.00 0.00 5.98 9.55 7.46 5.04 1.55 0.00 0.00 0.00 0.00 0.00 0.00 0.00
15.33 12.63 16.57 10.22 9.71 22.19 21.75 34.02 30.22 16.13 4.96 5.62 10.66 9.71 6.28 5.11 5.04 2.48 2.48 2.70 2.41 1.68 1.61 1.39 0.95 0.88 0.44 1.24 0.29 1.24 1.61 0.58 0.73 3.21 4.09 4.89 3.72 3.50 2.85 0.73 1.31 3.87 4.96 4.96 7.45 14.31 9.34 9.88 9.98 8.98 5.91 6.51 6.31 5.74 5.20 4.90 6.46 4.68 7.62 7.90 8.56 11.84 11.17 7.88 6.94 6.93 6.63 2.35 2.61 2.57 0.00 3.52 4.99 5.02 7.04 4.94 2.85 0.00 0.00 0.00 0.00 0.00 0.00 2.02
10.59 8.40 11.90 0.00 13.21 15.33 15.18 28.47 25.62 12.70 4.38 4.23 8.03 6.57 6.28 4.74 3.36 3.21 3.21 3.14 2.99 2.19 1.17 0.80 0.37 0.00 0.22 0.00 0.51 1.75 0.80 0.00 0.44 1.90 2.04 3.87 4.53 1.68 2.63 0.22 0.00 1.83 2.85 2.85 6.50 9.20 8.91 8.22 8.69 8.81 6.16 5.69 7.60 8.47 5.45 4.84 4.56 5.96 5.81 7.79 7.30 11.62 9.61 10.00 7.52 7.03 5.21 2.51 2.42 1.33 0.00 0.00 0.00 3.84 4.66 2.85 2.00 0.00 0.00 0.00 0.00 0.00 1.91 2.86
0.00 0.00 0.00 0.00 0.00 10.15 14.02 19.05 19.64 13.07 7.66 6.35 4.60 4.02 3.43 2.63 2.48 3.07 3.07 2.41 1.90 1.68 1.53 1.39 0.29 0.22 0.00 0.00 0.51 1.10 0.00 0.00 0.00 0.00 3.50 1.90 2.04 0.66 0.00 0.00 0.80 1.46 5.18 5.18 9.86 8.47 10.59 8.32 8.91 7.96 7.86 7.19 6.64 5.07 4.62 6.38 0.00 0.00 10.64 5.02 8.32 9.66 6.99 9.06 8.22 5.49 4.59 4.45 4.48 1.54 1.62 0.00 1.42 1.57 1.60 1.62 1.86 0.00 0.00 0.00 2.46 4.00 3.51 3.41
0.00 0.00 0.00 0.00 9.13 0.00 12.78 15.91 17.01 15.48 11.75 5.40 4.89 2.19 1.02 0.29 0.80 0.51 0.51 0.51 0.73 0.29 0.07 0.07 0.00 0.00 0.00 0.00 0.00 0.00 0.00 0.00 0.00 0.00 0.95 0.00 0.00 0.00 0.00 0.00 0.00 0.88 3.65 3.65 3.37 3.80 9.61 10.37 10.08 5.19 7.80 6.64 8.09 4.83 4.44 0.00 0.00 0.00 0.00 3.91 9.17 9.03 9.28 7.98 6.29 8.74 6.46 3.38 3.95 2.86 2.92 0.00 1.26 0.00 0.00 0.00 1.14 0.00 0.00 0.00 0.00 4.69 5.27 2.14
0.00 0.00 0.00 0.00 0.00 9.20 8.83 16.06 15.55 12.70 12.78 9.27 6.13 4.23 0.00 3.07 5.26 2.92 2.92 0.00 0.00 0.00 0.00 0.00 0.00 0.00 0.00 0.00 0.00 0.00 0.00 0.00 0.00 0.00 0.00 0.00 0.00 0.00 0.00 0.00 0.00 0.00 0.00 0.00 1.97 2.34 3.89 7.07 7.22 4.68 3.99 4.16 4.02 0.00 0.00 0.00 0.00 0.00 0.00 0.00 0.00 8.66 7.99 7.72 9.79 8.79 9.22 6.40 7.16 3.01 5.91 1.60 0.00 0.00 0.00 2.62 1.74 0.51 0.00 0.00 3.82 0.00 5.90 4.18
0.00 0.00 0.00 0.00 0.00 0.00 0.00 13.51 14.31 9.64 8.76 9.42 8.03 7.08 9.42 9.78 10.10 7.08 7.08 0.00 0.00 0.07 0.07 0.00 0.00 0.00 0.00 0.00 0.00 0.00 0.00 0.00 0.00 0.00 0.00 0.00 0.00 0.00 0.00 0.00 0.00 0.51 0.00 0.00 0.58 0.29 1.02 2.85 4.74 6.25 5.21 3.65 0.00 0.00 0.00 0.00 0.00 0.00 0.00 0.00 0.00 0.00 6.82 10.46 8.64 11.68 11.10 7.57 7.73 6.84 4.26 1.53 1.93 0.00 1.29 1.26 1.57 2.46 0.28 0.00 0.00 4.83 0.00 3.57
0.00 0.00 0.00 0.00 0.00 0.00 0.00 10.07 10.80 4.96 5.40 10.51 10.37 10.37 12.99 13.06 11.68 7.74 7.22 0.00 2.04 0.15 0.00 0.00 0.07 1.10 0.00 0.00 0.00 0.00 0.00 0.00 0.00 0.00 0.00 0.00 0.00 0.00 0.00 0.00 1.83 2.12 1.02 1.02 0.07 0.00 0.00 4.09 5.21 5.09 4.30 4.83 0.00 0.00 0.00 0.00 0.00 0.00 0.00 0.00 0.00 0.00 0.00 5.56 11.87 14.17 9.66 7.26 8.87 6.08 5.04 4.44 3.15 2.92 2.84 4.22 3.59 0.75 0.00 0.00 0.00 0.00 0.00 0.00
0.00 0.00 0.00 0.00 0.00 0.00 0.00 0.00 0.00 0.00 0.00 0.00 0.00 0.00 0.00 0.00 0.00 6.50 6.60 7.88 7.23 8.10 6.94 3.21 0.44 7.15 6.86 4.89 2.04 0.00 0.00 5.11 1.97 2.77 3.36 5.84 7.08 7.66 3.65 5.50 5.12 6.49 3.21 3.21 5.48 1.17 0.00 0.00 1.59 0.00 0.00 0.00 0.00 0.00 0.00 0.00 0.00 0.00 0.00 0.00 0.00 0.00 0.00 0.00 0.00 5.53 6.00 0.00 0.00 0.00 0.00 0.00 0.00 0.00 0.00 0.00 0.00 0.00 0.00 0.00 0.00 0.00 0.00 0.00
0.00 0.00 0.00 0.00 0.00 0.00 0.00 0.00 0.00 0.00 0.00 0.00 0.00 0.00 0.00 0.00 0.00 0.00 0.00 0.00 7.99 10.14 10.07 7.59 8.76 9.94 9.43 4.16 7.74 5.91 5.99 9.56 8.32 5.18 4.74 8.83 9.93 10.29 7.52 7.23 7.64 9.48 8.10 9.05 7.01 4.38 0.00 0.00 0.00 0.00 0.00 0.00 0.00 0.00 0.00 0.00 0.00 0.00 0.00 0.00 0.00 0.00 0.00 0.00 0.00 0.00 0.00 0.00 0.00 0.00 0.00 0.00 0.00 0.00 0.00 0.00 0.00 0.00 0.00 0.00 0.00 0.00 0.00 0.00
0.00 0.00 0.00 0.00 0.00 0.00 0.00 0.00 0.00 0.00 0.00 0.00 0.00 0.00 0.00 0.00 0.00 0.00 0.00 0.00 0.00 6.06 7.88 5.33 6.72 6.46 11.47 11.61 9.05 10.15 10.66 11.10 11.19 9.78 5.77 9.53 8.32 11.02 9.93 6.64 0.00 0.00 6.13 7.78 8.03 7.30 2.23 0.00 0.00 0.00 0.00 0.00 0.00 0.00 0.00 0.00 0.00 0.00 0.00 0.00 0.00 0.00 0.00 0.00 0.00 0.00 0.00 0.00 0.00 0.00 0.00 0.00 0.00 0.00 0.00 0.00 0.00 0.00 0.00 0.00 0.00 0.00 0.00 0.00
0.00 0.00 0.00 0.00 0.00 0.00 0.00 0.00 0.00 0.00 0.00 0.00 0.00 0.00 0.00 0.00 0.00 0.00 0.00 0.00 0.00 0.00 6.57 7.96 0.00 0.00 0.00 8.54 8.69 8.10 0.00 14.00 17.37 8.18 0.00 0.00 0.00 0.00 0.00 0.00 0.00 0.00 0.00 0.00 5.64 8.22 0.00 0.00 0.00 0.00 0.00 0.00 0.00 0.00 0.00 0.00 0.00 0.00 0.00 0.00 0.00 0.00 0.00 0.00 0.00 0.00 0.00 0.00 0.00 0.00 0.00 0.00 0.00 0.00 0.00 0.00 0.00 0.00 0.00 0.00 0.00 0.00 0.00 0.00
