Wansh/Snow_depth/snowdepth-1998/spring/1998094.txt
ncols 321
nrows 161
xllcenter 60
yllcenter 15 
cellsize  0.25 
NODATA_value -1
[rows 74 to 110 of 161, columns 84 to 167 of 321]
0.00 0.00 0.00 0.00 0.00 0.00 0.00 0.29 0.44 0.58 2.92 2.12 3.58 3.94 4.67 4.89 4.23 3.65 3.65 0.00 0.00 0.00 0.00 0.00 4.82 3.21 0.00 0.00 0.00 0.00 2.56 1.83 1.31 1.75 1.83 3.43 1.31 3.50 3.43 3.58 1.02 0.00 1.75 1.75 0.66 0.66 0.15 0.00 0.80 0.73 0.00 0.00 0.00 0.00 0.67 0.00 0.66 0.00 0.88 0.00 0.00 0.00 0.00 0.00 0.00 0.00 0.00 0.00 0.00 0.00 0.95 1.10 1.02 0.00 0.00 0.00 0.00 0.00 0.00 0.00 0.00 0.00 0.00 0.00
0.00 0.00 1.17 0.00 0.00 0.51 1.31 3.72 3.21 5.04 0.00 4.60 3.80 4.02 3.87 0.00 0.00 3.14 3.14 0.00 3.50 2.99 3.58 0.00 4.45 4.82 2.85 0.00 0.00 0.00 0.00 0.00 2.70 0.00 0.00 2.19 3.58 2.77 3.14 3.50 1.31 2.34 2.26 2.26 0.80 0.22 0.22 1.31 2.04 1.83 1.02 0.80 0.00 1.97 1.46 0.73 0.07 0.66 1.61 1.24 1.17 0.80 0.00 0.58 0.00 0.00 0.00 0.00 0.00 2.49 1.90 2.63 3.14 0.00 0.00 0.00 0.00 0.00 0.00 0.00 0.00 0.00 0.00 0.00
0.00 0.00 0.00 0.00 0.29 2.48 4.53 3.50 4.31 4.38 5.55 3.80 6.28 5.04 3.94 3.58 4.23 0.00 0.00 3.94 0.00 0.00 3.21 0.00 0.00 0.00 0.00 0.00 0.00 0.00 0.00 0.00 0.00 0.00 0.00 2.48 0.00 3.65 4.67 3.72 2.26 1.75 1.61 1.61 1.39 1.46 2.56 3.65 2.26 3.14 2.48 2.12 1.31 1.97 1.31 1.24 1.17 1.53 0.88 1.97 1.75 1.17 0.00 0.80 0.58 1.39 0.44 2.48 2.48 3.65 4.23 3.43 4.09 1.02 0.66 0.00 0.00 0.00 0.00 0.00 0.00 0.00 0.00 0.00
0.00 0.00 3.58 1.97 3.50 3.36 0.00 4.67 3.80 4.09 4.96 5.84 5.62 5.77 5.18 4.45 4.38 4.02 4.02 4.09 3.29 0.00 0.00 0.00 0.00 0.00 0.00 0.00 0.00 0.00 0.00 0.00 0.00 0.00 0.00 0.00 0.00 0.00 0.00 3.36 3.65 2.19 0.73 0.73 1.97 1.97 0.00 0.00 3.80 3.80 4.02 3.21 2.12 2.48 2.26 2.70 3.14 1.24 1.24 1.61 1.10 0.66 2.70 1.97 1.31 2.12 2.77 2.19 2.19 3.72 3.80 3.36 0.80 0.00 0.00 0.00 0.00 0.00 0.00 0.00 0.00 0.00 0.00 0.00
2.41 1.46 4.02 4.74 4.16 3.29 3.94 3.58 4.38 5.26 5.11 4.82 5.84 4.89 5.55 4.45 4.67 5.04 5.04 4.09 3.36 3.72 0.00 0.00 0.00 0.00 0.00 2.70 0.00 0.00 0.00 0.00 0.00 0.00 2.56 0.00 0.00 0.00 4.16 0.00 1.46 0.00 2.41 2.41 0.00 0.00 0.00 0.00 3.43 2.41 3.94 3.58 3.50 4.60 3.43 0.00 0.00 2.92 1.68 2.26 1.31 1.53 2.26 1.83 1.24 0.95 2.63 1.90 1.90 2.63 3.36 1.68 1.17 1.17 0.00 0.00 0.00 0.00 0.00 0.00 0.00 0.00 0.00 0.00
6.20 3.72 4.23 3.58 4.02 3.21 3.29 3.58 4.09 4.53 4.23 3.87 4.96 4.31 4.89 4.23 4.96 4.45 4.45 3.72 3.21 0.00 2.63 0.00 0.00 0.00 0.00 0.00 0.00 0.00 3.94 0.00 0.00 0.00 0.00 4.02 0.00 0.00 0.00 0.00 3.50 0.00 0.00 0.00 0.00 0.00 1.53 1.97 1.39 2.19 1.75 3.14 0.00 4.45 0.00 1.83 0.00 0.00 2.85 1.53 1.90 2.26 0.00 1.61 0.95 1.46 0.00 0.00 0.00 4.23 2.41 2.41 0.00 0.73 1.54 1.61 0.00 0.00 0.00 0.00 0.00 0.00 0.00 0.00
4.38 4.60 4.16 5.26 3.21 3.29 3.58 0.00 4.60 3.72 3.50 2.56 4.02 3.21 4.23 3.80 3.65 3.72 3.72 0.00 0.00 3.58 0.00 2.99 0.00 0.00 0.00 0.00 0.00 3.80 3.29 0.00 0.00 0.00 6.86 7.59 5.40 0.00 0.00 2.63 0.00 0.00 0.00 0.00 0.00 0.00 0.00 0.58 0.58 0.00 0.00 0.88 0.00 0.22 0.15 1.39 2.12 4.45 2.99 3.21 1.53 2.04 0.00 0.00 0.00 0.00 0.00 0.00 0.00 0.00 0.00 3.87 3.36 3.43 4.23 3.89 0.00 0.00 0.00 0.00 0.00 0.00 0.00 0.00
4.31 4.16 4.16 2.77 3.14 4.31 3.43 2.85 0.00 3.72 3.50 3.43 2.77 3.80 3.07 4.53 3.72 3.65 3.65 0.00 0.00 2.92 2.26 0.00 0.00 0.00 0.00 0.00 0.00 2.70 0.00 0.00 0.00 8.10 9.56 5.62 0.00 0.00 0.00 0.00 0.00 0.00 0.00 0.00 0.00 0.00 0.29 0.00 0.00 0.00 0.00 0.07 0.00 0.66 1.61 3.58 3.72 3.36 4.67 4.09 3.14 2.34 0.88 1.17 0.00 0.00 0.00 0.00 0.00 0.00 0.00 4.45 8.69 7.01 7.81 5.72 1.47 0.54 0.00 0.00 0.00 0.00 0.00 0.00
9.49 3.80 5.40 4.89 3.58 3.07 3.43 2.56 3.14 3.43 4.74 4.53 4.45 4.31 5.91 6.20 6.64 4.31 4.31 4.53 0.00 0.00 0.00 0.00 0.00 0.00 3.07 2.04 0.00 0.00 0.00 0.00 0.00 8.10 8.61 6.50 3.43 0.00 0.00 0.00 0.00 0.00 0.00 0.00 0.00 0.00 0.00 0.00 0.00 0.00 0.00 0.00 0.00 0.95 2.04 3.43 3.87 2.92 2.92 3.87 3.58 3.21 1.46 1.39 0.73 0.00 0.00 0.00 0.00 0.00 0.00 2.04 5.62 10.00 7.59 6.13 3.14 2.63 2.04 0.00 0.00 0.00 0.00 0.00
12.56 15.11 15.26 7.30 6.28 3.72 4.16 3.72 2.92 3.94 4.38 4.53 4.74 4.23 4.45 5.77 6.57 5.99 5.99 4.82 3.80 1.10 1.97 3.14 2.99 0.00 0.00 2.34 0.00 0.00 0.00 0.00 0.00 6.86 8.47 4.74 4.02 5.40 0.00 0.00 0.00 0.00 0.00 0.00 0.00 0.00 0.00 0.00 0.00 0.00 0.00 0.00 1.75 3.29 2.92 3.43 4.38 3.72 3.50 3.29 3.50 3.72 2.26 1.97 2.12 2.70 2.92 0.00 0.00 1.39 0.00 0.00 2.48 7.59 7.59 6.72 5.55 3.14 3.72 0.00 0.00 0.00 0.00 0.00
18.69 17.16 18.25 15.48 9.13 3.72 0.00 3.21 3.65 4.38 0.00 4.53 4.23 4.53 4.23 4.02 5.11 6.42 6.42 4.31 3.58 4.23 4.74 4.16 3.29 4.23 5.18 1.46 2.85 2.70 3.43 0.00 5.91 5.55 6.13 4.96 5.62 7.30 8.76 0.00 0.00 0.58 0.00 0.00 0.00 0.00 0.00 0.00 0.00 0.00 1.31 0.00 6.94 7.23 7.30 5.04 3.80 5.11 4.60 3.36 3.58 4.45 3.43 2.26 7.08 7.96 11.24 3.29 3.29 4.89 0.51 0.58 1.24 5.77 5.84 4.60 6.42 5.62 5.40 0.00 0.00 0.00 0.00 0.00
17.74 19.27 15.11 14.02 5.40 4.45 3.43 4.45 4.53 4.09 4.16 4.96 4.02 4.09 4.53 4.16 6.35 5.40 5.40 4.38 4.89 4.53 4.31 4.16 3.65 4.82 5.99 3.36 4.31 5.55 4.02 4.96 6.79 6.13 3.07 7.15 5.26 8.69 5.11 0.00 0.00 0.58 0.58 0.58 0.15 0.00 0.00 0.00 0.00 0.00 2.41 2.70 8.03 10.95 12.19 11.61 11.24 2.77 5.99 4.09 3.82 5.81 4.06 3.36 10.29 12.85 12.85 8.10 8.10 11.24 4.96 2.41 4.16 3.29 2.41 1.53 5.55 6.28 5.77 3.07 0.00 0.00 0.00 0.00
7.37 11.10 10.88 5.48 5.48 5.77 4.60 5.48 6.50 7.52 4.23 5.26 7.23 7.15 8.03 6.28 5.55 6.94 6.94 6.20 6.20 6.50 5.11 4.09 0.00 4.89 8.18 10.80 12.78 11.75 10.22 5.26 3.80 1.83 3.07 3.07 5.62 7.66 11.17 7.15 10.15 5.55 2.04 2.04 1.97 4.60 0.00 0.00 0.07 0.51 0.07 0.58 2.85 13.29 8.03 11.39 15.55 10.95 13.87 11.17 7.15 10.37 9.98 9.49 9.05 10.00 5.18 7.74 7.74 7.81 13.80 10.73 7.52 4.31 1.61 1.02 1.90 3.50 2.77 4.38 4.82 4.96 0.00 0.00
6.06 6.94 6.50 3.07 4.67 4.16 4.53 5.48 5.99 5.77 4.89 5.33 7.01 7.59 8.18 8.83 8.47 7.96 7.96 9.64 7.23 7.08 5.55 4.74 2.99 3.65 5.18 5.91 8.76 10.00 5.84 2.92 3.80 3.07 5.11 5.26 7.66 10.80 9.20 14.82 14.67 14.60 10.22 10.22 3.58 9.56 4.74 0.51 2.12 0.00 0.00 1.68 4.02 3.80 4.45 6.94 12.26 15.62 14.67 14.38 7.74 7.37 6.72 6.57 6.15 5.77 5.84 3.65 3.65 5.11 11.53 9.49 9.78 6.64 2.12 0.58 0.00 0.00 0.00 4.82 5.40 5.55 0.00 0.00
4.67 2.85 2.99 2.56 3.14 3.36 0.00 2.77 4.31 4.16 4.16 4.53 6.35 6.13 5.91 6.57 6.86 6.94 6.94 8.40 5.77 5.84 5.55 3.14 2.92 3.07 2.92 6.64 9.56 7.45 4.89 3.72 4.23 4.53 6.72 7.81 11.46 13.36 13.21 11.75 17.52 21.32 17.52 17.52 13.43 18.32 9.34 5.26 1.17 3.36 0.00 1.53 1.83 4.89 4.53 5.33 7.37 13.14 12.26 10.88 4.38 5.77 6.13 5.77 4.79 8.73 6.57 5.69 5.69 3.72 7.45 5.69 11.39 6.42 2.56 0.00 0.00 0.00 3.14 3.87 4.89 0.00 0.00 0.00
5.04 3.14 2.26 3.72 0.00 0.00 0.00 0.00 0.00 4.60 3.80 4.23 4.60 5.18 5.04 10.44 7.88 5.91 5.91 6.72 6.06 5.48 4.60 3.94 3.65 2.63 5.11 6.42 4.74 6.42 4.23 3.94 6.13 6.06 9.05 7.88 8.40 9.71 8.69 6.28 14.24 19.71 24.09 24.09 19.27 17.37 6.06 11.75 7.37 0.58 4.38 0.95 1.90 2.48 4.60 6.86 6.35 6.28 8.97 5.97 1.83 4.09 7.52 8.83 9.19 11.97 9.61 6.35 6.35 3.87 4.53 3.80 4.31 2.12 2.04 0.00 0.00 2.77 3.65 0.00 5.34 0.00 0.00 0.00
6.94 5.33 3.14 2.12 0.00 0.00 2.63 2.63 3.58 2.56 2.48 3.80 4.82 4.53 10.29 7.52 6.64 6.20 6.20 5.77 3.50 3.72 3.07 4.67 7.01 5.48 4.82 4.96 5.48 4.89 0.00 0.00 0.00 4.16 6.86 0.00 7.15 6.57 5.62 3.07 5.84 14.24 19.71 19.71 22.70 19.93 20.88 20.08 12.78 5.69 8.10 8.32 4.38 8.54 9.34 4.82 7.66 4.38 3.72 4.23 1.88 3.29 5.60 9.20 11.61 12.34 11.97 8.01 7.76 5.43 2.77 4.09 2.26 2.04 3.07 0.00 3.21 3.21 3.06 0.00 0.00 0.00 0.00 0.00
6.06 5.26 1.97 2.85 2.26 2.34 2.70 2.85 2.92 0.00 0.00 0.00 1.97 6.06 7.01 3.65 3.14 3.58 3.58 0.00 2.56 2.34 0.00 3.94 5.18 3.29 2.77 3.80 3.80 0.00 0.00 0.00 0.00 0.00 0.00 0.00 6.20 2.63 3.50 0.00 7.08 17.67 10.51 10.51 17.08 19.35 14.09 15.48 16.13 11.53 11.61 10.37 13.29 13.07 11.24 11.90 10.15 7.37 3.39 1.77 2.41 1.83 7.37 7.76 10.19 10.35 11.24 9.64 9.68 8.08 3.15 4.31 3.58 4.16 3.82 0.00 0.00 3.36 4.55 3.14 3.48 0.00 0.00 0.00
2.77 2.19 2.48 2.56 1.97 3.58 3.36 3.14 0.00 2.85 1.46 1.61 0.00 0.00 4.74 0.00 0.00 0.00 0.00 0.00 0.00 0.00 0.00 0.00 2.63 0.00 0.00 0.00 0.00 0.00 0.00 0.00 0.00 0.00 0.00 0.00 0.00 4.02 0.00 0.00 3.14 4.45 6.94 6.94 15.91 17.01 12.26 12.19 13.36 12.12 10.95 11.39 13.43 14.60 14.82 10.80 11.75 11.46 9.20 2.25 2.73 2.52 2.24 4.84 11.80 10.63 8.98 4.74 4.74 4.51 4.58 5.96 5.28 6.37 5.43 2.88 2.85 3.34 4.44 4.25 5.21 5.12 4.40 0.00
6.57 4.74 2.26 2.19 1.68 3.50 3.14 3.43 0.00 0.00 2.19 0.00 0.00 0.00 2.92 3.58 3.72 3.14 3.14 2.48 1.61 0.00 0.00 0.00 0.00 0.00 0.00 0.00 0.00 0.00 0.00 0.00 0.00 0.00 0.00 0.00 0.00 0.00 0.00 0.00 0.00 4.23 4.60 4.60 7.45 12.34 13.43 12.48 14.97 13.72 11.24 10.80 11.83 13.80 14.45 13.94 13.70 11.17 12.99 10.51 1.75 6.59 2.85 6.30 8.41 8.39 7.41 3.29 3.29 4.50 7.07 7.49 7.41 7.63 7.93 4.48 4.74 3.71 4.47 4.82 6.12 8.29 8.40 6.39
9.71 8.03 5.77 3.94 4.96 2.34 2.26 0.00 0.00 3.43 2.41 0.00 0.00 0.00 3.29 4.89 3.94 1.97 1.97 2.26 1.68 0.00 2.34 0.00 0.00 0.00 0.00 0.00 0.00 0.00 0.00 0.00 0.00 0.00 0.00 1.02 0.00 0.00 0.00 0.00 0.00 0.00 3.50 3.50 2.12 7.08 11.46 12.85 13.65 9.78 9.56 10.95 11.92 12.49 13.76 16.16 15.28 14.53 14.53 11.17 10.15 9.98 3.77 8.15 8.32 10.57 6.33 3.50 3.52 4.74 7.16 5.27 9.11 10.09 11.20 6.72 6.93 5.67 5.23 0.00 5.15 8.87 9.55 6.54
13.72 11.61 7.66 5.04 10.66 7.30 1.75 0.00 3.43 3.21 0.00 1.68 0.00 0.00 0.00 2.77 3.87 0.00 0.00 0.00 0.00 2.34 0.00 0.00 0.00 0.00 1.39 0.00 0.66 0.58 0.00 0.00 0.00 0.00 1.46 0.80 0.00 0.00 0.00 0.00 0.00 0.00 0.00 0.00 3.29 7.59 9.78 10.29 11.39 6.64 9.78 9.93 10.73 12.92 16.13 12.57 15.97 16.21 12.97 15.34 10.93 12.69 8.84 8.08 6.51 9.19 9.36 5.06 5.06 3.10 4.49 0.00 7.13 9.30 10.05 10.71 8.79 5.03 0.00 0.00 0.00 8.25 10.95 8.78
14.38 13.65 12.70 14.02 15.40 11.97 6.57 5.55 3.21 6.50 0.00 0.00 0.00 1.17 0.80 1.24 0.00 0.00 0.00 0.00 0.00 2.92 0.00 0.00 0.00 0.00 2.41 0.29 0.07 0.00 0.22 1.10 0.88 1.10 0.00 0.00 0.00 0.00 0.00 0.00 12.12 2.99 2.41 2.41 5.55 10.59 9.64 11.02 11.90 11.97 8.25 10.37 10.73 11.23 13.63 11.60 11.01 14.22 12.51 12.92 14.99 14.83 8.50 7.03 7.79 8.50 8.52 4.00 3.94 2.00 0.00 0.00 5.44 7.26 10.44 10.49 8.97 3.41 3.86 0.00 8.81 11.66 7.88 0.00
14.09 10.44 13.51 14.09 14.53 10.80 20.59 12.78 9.56 14.53 4.82 2.92 0.00 2.92 1.24 0.00 0.00 0.00 0.00 0.00 0.00 0.00 0.00 0.00 0.00 0.00 1.61 1.68 0.00 0.37 1.17 0.44 0.15 0.73 1.46 2.19 0.00 0.00 0.00 6.42 13.94 12.92 7.45 7.45 7.08 14.24 15.18 14.16 12.92 11.38 12.19 11.19 11.92 13.64 12.20 10.86 11.24 8.91 10.64 10.55 12.11 13.14 11.77 6.06 5.78 4.84 2.15 2.78 2.71 0.00 0.00 0.00 4.00 6.28 8.58 7.37 8.33 2.74 3.65 0.00 7.91 9.34 6.34 0.00
11.75 8.83 8.40 18.25 24.82 28.40 31.46 32.41 27.38 34.82 13.80 14.24 6.64 5.18 2.70 1.17 2.77 1.61 1.61 0.00 2.12 1.83 0.00 0.37 0.51 2.12 1.61 1.75 1.31 1.83 0.00 0.44 1.39 1.97 1.61 0.37 7.66 7.30 10.22 12.48 7.23 7.01 9.56 9.56 14.24 13.80 13.51 13.51 12.41 11.10 7.00 8.06 8.42 7.17 6.73 7.15 10.06 7.11 9.34 6.68 9.10 10.74 13.11 10.24 8.76 4.92 6.69 1.42 1.40 0.00 0.00 3.48 6.37 9.73 9.21 6.64 3.86 0.00 0.00 0.00 0.00 0.00 0.00 4.95
10.80 13.87 10.88 12.63 20.88 28.25 24.02 31.68 34.67 27.23 22.70 17.37 10.29 7.52 4.23 2.85 4.31 2.92 2.92 2.12 1.61 1.90 1.17 0.73 1.31 1.68 0.29 1.39 1.53 1.31 0.58 1.17 1.24 3.43 3.07 6.79 7.37 5.40 4.82 5.55 8.69 7.66 7.66 7.66 10.88 15.62 12.48 10.51 10.16 8.90 7.07 5.66 5.82 5.20 4.72 7.54 6.46 6.00 7.74 8.97 8.18 9.30 12.15 12.79 8.25 4.82 8.36 4.63 4.56 1.10 0.00 2.47 4.75 9.28 12.19 7.52 4.06 0.00 0.00 0.00 0.00 0.00 4.10 3.42
13.51 13.72 7.37 7.96 10.15 21.02 26.06 37.60 31.54 21.97 26.21 20.66 8.69 8.10 8.10 4.82 4.31 2.56 2.56 3.21 2.34 1.24 2.34 0.00 0.22 0.00 0.15 0.66 0.88 1.31 0.44 1.02 0.44 3.58 4.67 7.37 2.85 2.34 0.88 2.48 2.63 8.83 4.96 4.96 7.45 14.31 9.34 9.88 9.98 8.98 5.91 6.51 6.31 5.74 5.20 4.90 6.46 4.68 7.62 9.45 8.87 11.84 10.80 7.74 8.32 9.01 7.97 1.32 1.47 2.17 0.67 0.00 3.83 5.89 11.98 10.54 4.89 1.31 0.00 0.00 0.00 0.00 2.32 2.99
5.48 8.91 3.43 4.60 5.33 12.34 20.88 26.63 21.10 18.03 19.42 5.40 5.62 6.42 7.01 4.53 5.11 4.38 4.38 3.58 3.29 2.77 2.26 0.80 0.00 0.00 0.29 0.88 1.39 0.07 1.46 0.95 0.51 1.53 4.38 2.19 2.12 1.24 0.15 0.00 1.10 1.83 2.85 2.85 6.50 9.20 8.91 8.22 8.69 8.81 6.16 5.69 7.60 8.47 5.45 4.84 4.56 5.96 5.81 10.09 10.91 11.45 10.71 9.86 6.42 6.88 7.22 4.00 3.86 1.99 0.00 2.15 5.24 3.46 11.70 9.21 4.52 1.53 0.00 0.00 0.00 0.00 3.12 4.02
0.00 0.00 0.00 0.00 6.57 9.27 11.61 20.22 16.28 16.72 14.67 8.83 6.79 4.60 2.99 2.56 3.29 4.67 4.67 2.48 2.70 2.77 1.31 0.44 0.58 0.80 0.00 0.58 0.88 0.00 0.00 0.51 1.68 1.02 0.95 3.43 1.39 0.22 0.00 0.00 0.80 1.46 5.18 5.18 9.86 8.47 10.59 8.32 8.91 7.96 7.86 7.19 6.64 5.07 4.62 6.38 0.00 0.00 10.64 9.03 11.04 12.51 11.73 10.85 7.85 6.32 8.53 4.95 4.98 4.44 0.00 0.65 2.85 4.04 5.43 3.24 2.09 0.44 0.81 0.00 0.00 2.79 3.15 4.62
0.00 0.00 0.00 0.00 7.15 7.37 11.39 13.58 13.14 14.53 10.44 11.83 8.98 0.00 0.15 1.97 2.26 2.26 2.26 0.00 1.10 1.31 0.51 0.88 0.07 0.00 0.00 0.00 0.00 0.00 0.00 0.00 0.00 0.59 0.00 1.02 0.58 0.22 0.00 0.00 0.00 0.88 3.65 3.65 3.37 3.80 9.61 10.37 10.08 5.19 7.80 6.64 8.09 4.83 4.44 0.00 0.00 0.00 0.00 9.73 10.24 12.23 12.83 9.48 8.31 8.06 9.65 7.22 8.45 6.03 1.83 1.34 1.80 0.00 2.71 1.59 2.27 0.51 0.00 0.00 4.17 5.53 5.43 6.34
0.00 0.00 0.00 0.00 0.00 0.00 6.13 13.29 13.36 13.43 11.39 9.20 5.69 2.19 3.36 6.35 5.69 2.48 2.48 0.95 0.00 0.29 0.00 0.00 0.00 0.00 0.00 0.00 0.00 0.00 0.00 0.00 0.00 0.00 0.00 0.00 0.00 0.00 0.00 0.00 0.00 0.00 0.00 0.00 1.97 2.34 3.89 7.07 7.22 4.68 3.99 4.16 4.02 0.00 0.00 0.00 0.00 0.00 0.00 0.00 14.72 13.81 12.12 12.43 11.42 11.12 10.40 7.55 8.45 8.19 4.81 3.11 2.99 0.00 0.00 1.87 2.57 1.31 0.00 0.00 3.73 6.97 8.22 3.69
0.00 0.00 0.00 0.00 0.00 0.00 8.03 8.98 13.94 13.36 13.43 11.97 8.03 7.81 5.04 11.41 11.65 5.99 5.99 0.00 1.24 1.46 0.22 0.22 0.00 0.37 0.00 0.00 0.00 0.00 0.00 0.00 0.00 0.00 0.51 1.02 0.29 0.00 0.00 0.00 0.00 0.51 0.00 0.00 0.58 0.29 1.02 2.85 4.74 6.25 5.21 3.65 0.00 0.00 0.00 0.00 0.00 0.00 0.00 0.00 18.38 14.72 13.38 12.23 13.06 11.87 12.03 8.94 9.13 10.81 7.20 4.24 5.10 0.00 0.00 0.00 3.77 3.92 0.00 0.00 0.00 4.14 5.52 0.00
0.00 0.00 0.00 0.00 0.00 0.00 0.00 0.00 7.81 14.16 5.69 5.84 11.24 10.29 9.86 12.99 9.27 7.74 7.22 4.23 1.46 3.14 0.00 0.00 0.00 0.22 0.00 0.00 0.00 0.00 0.00 0.00 0.00 0.00 0.00 0.44 0.66 0.00 0.00 0.00 1.83 2.12 1.02 1.02 0.07 0.00 0.00 4.09 5.21 5.09 4.30 4.83 0.00 0.00 0.00 0.00 0.00 0.00 0.00 0.00 15.38 16.27 13.05 11.56 15.79 20.04 12.44 11.01 13.45 9.43 6.83 7.25 4.78 0.00 3.73 0.00 5.11 6.93 0.00 0.00 0.00 0.00 0.00 0.00
0.00 0.00 0.00 0.00 0.00 0.00 0.00 0.00 0.00 0.00 0.00 0.00 0.00 0.00 0.00 0.00 3.65 4.36 4.43 5.91 9.13 5.33 6.35 3.43 6.50 4.38 4.09 1.97 3.21 1.46 3.50 1.75 0.15 0.22 0.00 3.94 2.92 6.64 5.69 5.50 5.12 6.49 3.21 3.21 5.48 1.17 0.00 0.00 1.59 0.00 0.00 0.00 0.00 0.00 0.00 0.00 0.00 0.00 0.00 0.00 0.00 0.00 0.00 13.42 15.19 15.23 11.41 8.73 9.76 9.57 9.08 8.37 6.02 0.00 0.00 5.37 5.63 0.00 0.00 0.00 0.00 0.00 0.00 0.00
0.00 0.00 0.00 0.00 0.00 0.00 0.00 0.00 0.00 0.00 0.00 0.00 0.00 0.00 0.00 0.00 0.00 4.02 4.02 0.00 4.36 10.52 7.15 5.91 7.96 8.23 7.71 5.18 5.26 3.21 6.79 5.84 0.00 2.19 5.33 8.76 6.50 8.25 7.52 7.23 7.64 9.48 8.10 9.05 7.01 4.38 0.00 0.00 0.00 0.00 0.00 0.00 0.00 0.00 0.00 0.00 0.00 0.00 0.00 0.00 0.00 0.00 0.00 12.69 0.00 16.99 0.00 0.00 0.00 0.00 0.00 0.00 8.00 0.00 0.00 0.00 0.00 0.00 0.00 0.00 0.00 0.00 0.00 0.00
0.00 0.00 0.00 0.00 0.00 0.00 0.00 0.00 0.00 0.00 0.00 0.00 0.00 0.00 0.00 0.00 0.00 0.00 0.00 0.00 0.00 4.38 7.59 0.00 2.77 6.31 7.00 7.74 8.10 7.52 5.55 9.34 7.11 3.72 6.28 4.16 9.49 6.42 4.53 6.64 0.00 0.00 6.13 7.78 8.03 7.30 2.23 0.00 0.00 0.00 0.00 0.00 0.00 0.00 0.00 0.00 0.00 0.00 0.00 0.00 0.00 0.00 0.00 0.00 0.00 0.00 0.00 0.00 0.00 0.00 0.00 0.00 0.00 0.00 0.00 0.00 0.00 0.00 0.00 0.00 0.00 0.00 0.00 0.00
0.00 0.00 0.00 0.00 0.00 0.00 0.00 0.00 0.00 0.00 0.00 0.00 0.00 0.00 0.00 0.00 0.00 0.00 0.00 0.00 0.00 0.00 5.62 0.00 0.00 0.00 0.00 0.00 5.18 6.64 0.00 6.32 11.37 0.00 0.00 0.00 0.00 0.00 0.00 0.00 0.00 0.00 0.00 0.00 5.64 8.22 0.00 0.00 0.00 0.00 0.00 0.00 0.00 0.00 0.00 0.00 0.00 0.00 0.00 0.00 0.00 0.00 0.00 0.00 0.00 0.00 0.00 0.00 0.00 0.00 0.00 0.00 0.00 0.00 0.00 0.00 0.00 0.00 0.00 0.00 0.00 0.00 0.00 0.00
