Wansh/Snow_depth/snowdepth-1998/spring/1998067.txt
ncols 321
nrows 161
xllcenter 60
yllcenter 15 
cellsize  0.25 
NODATA_value -1
[rows 37 to 73 of 161, columns 0 to 82 of 321]
9.71 9.71 9.13 10.88 11.97 10.88 13.94 14.16 14.16 16.35 14.09 12.19 12.78 11.02 11.39 10.37 8.40 10.07 7.30 8.10 9.20 8.25 11.90 7.45 5.48 5.11 5.11 4.82 7.59 6.28 5.69 4.53 4.31 4.96 5.84 6.28 6.20 5.84 6.13 8.32 7.59 8.47 8.18 9.05 8.83 9.49 9.34 10.29 11.17 10.95 12.26 12.26 14.09 13.72 12.70 12.34 14.53 15.18 15.26 15.55 15.33 14.82 14.82 16.94 17.01 17.52 17.59 15.91 14.89 16.13 15.04 14.60 15.40 19.71 19.93 22.85 22.85 22.63 22.92 26.28 24.53 24.31 20.66
7.96 7.96 7.15 9.71 9.20 12.63 14.97 17.16 17.59 17.74 17.01 15.48 16.06 11.53 10.88 10.80 11.39 12.34 9.27 10.44 8.83 9.64 6.28 6.50 3.94 5.11 5.11 7.08 6.72 6.86 7.96 5.26 5.69 5.84 6.28 7.01 7.15 7.23 9.34 8.54 9.13 8.83 9.20 8.76 10.51 10.66 10.66 10.29 10.88 11.83 11.68 11.68 12.70 14.24 11.53 13.14 12.48 13.80 13.07 12.41 13.94 13.51 14.89 14.16 15.26 18.40 17.67 17.96 18.54 16.43 16.43 17.16 16.13 17.08 21.32 20.00 20.00 24.75 24.45 27.01 24.38 24.45 22.48
7.23 7.23 8.25 10.44 9.64 11.39 14.09 13.87 16.57 17.96 18.83 23.58 21.46 16.79 13.36 15.18 13.87 14.31 11.24 12.48 11.61 12.19 7.23 8.32 8.98 6.06 6.06 7.01 7.96 9.71 9.71 7.23 7.88 8.18 7.37 7.15 9.78 11.90 11.24 9.71 11.02 10.59 10.51 10.88 11.68 13.65 15.48 13.07 12.41 12.70 14.75 14.75 16.13 15.55 14.38 10.95 13.43 12.63 13.58 10.73 9.71 10.07 13.07 15.48 15.18 16.21 18.54 18.76 18.98 21.32 20.66 20.00 21.53 19.64 17.96 16.94 16.94 19.64 20.00 22.19 21.10 24.24 19.78
6.86 6.86 8.10 9.13 8.25 9.49 16.13 16.06 17.74 18.54 26.21 26.13 25.19 21.10 20.44 17.96 15.55 14.45 13.36 13.58 12.85 12.85 13.51 11.32 11.75 8.32 8.32 7.59 9.49 10.59 8.25 8.18 7.74 7.88 8.32 8.61 9.78 11.24 11.17 10.51 13.87 12.92 12.99 12.63 12.85 13.21 16.35 16.86 15.70 13.94 14.02 14.02 15.84 15.99 12.78 12.05 11.53 9.86 10.00 10.15 8.91 8.98 10.15 12.05 15.55 17.45 20.00 23.36 23.21 22.12 22.48 23.29 24.38 24.45 19.42 19.49 19.49 16.94 17.08 17.08 17.16 15.70 11.46
7.66 7.66 8.61 10.51 15.62 18.76 19.71 21.24 25.48 27.08 28.32 26.65 23.36 19.27 19.93 18.10 15.77 13.72 11.90 12.70 14.02 14.09 14.31 13.58 14.82 10.15 10.15 8.10 8.40 8.61 4.60 0.00 0.88 6.50 6.13 5.77 9.86 9.71 8.76 5.77 8.40 12.70 13.43 14.24 15.11 17.59 16.94 18.18 16.50 15.40 15.18 15.18 14.82 14.97 13.58 9.49 5.69 6.72 6.13 8.47 9.42 11.68 13.58 15.70 15.04 17.89 24.24 23.07 24.02 24.02 21.75 21.75 22.56 24.75 16.13 16.86 16.86 15.26 14.89 14.89 13.72 13.36 11.68
7.74 7.74 9.78 11.17 19.42 20.88 22.19 23.36 24.82 26.72 27.38 21.83 20.29 18.54 16.57 16.35 16.13 13.21 13.51 14.16 12.85 13.87 13.65 14.45 15.18 11.17 11.17 6.72 3.36 3.58 3.50 0.00 0.00 1.46 1.02 2.19 1.61 2.92 3.43 2.85 5.69 9.27 10.80 14.67 14.97 15.99 15.48 15.77 14.53 15.40 14.31 14.31 14.75 13.51 13.51 10.51 4.67 2.85 1.97 2.04 8.83 7.15 12.70 17.30 19.42 23.80 24.53 24.38 24.16 22.19 19.20 20.59 23.58 22.48 22.27 18.10 18.10 11.46 13.94 13.51 12.05 14.31 14.23
8.47 8.47 11.61 13.94 19.42 20.95 20.22 21.02 22.27 24.97 20.95 21.02 19.20 18.10 17.74 16.13 15.55 15.26 15.11 14.38 10.22 11.32 12.19 15.55 15.04 10.15 10.15 3.58 0.00 0.00 2.48 0.00 2.56 0.00 0.88 0.73 0.80 0.00 0.22 2.26 1.75 5.69 6.42 5.91 11.53 11.53 13.51 14.31 15.48 15.18 15.48 15.48 15.40 14.75 11.68 13.07 7.15 11.61 7.81 3.80 4.02 11.24 14.75 17.59 24.53 23.21 26.28 24.45 24.45 18.03 20.51 11.97 14.24 10.15 3.43 3.87 3.87 3.36 3.50 2.70 8.98 19.71 16.50
7.08 7.08 10.00 12.70 16.35 17.45 16.86 17.52 17.37 18.83 18.69 19.78 20.44 18.83 18.18 17.08 15.04 15.11 9.71 8.61 9.05 9.27 10.66 7.96 5.26 6.72 6.72 0.00 0.00 0.00 1.97 5.40 4.60 7.81 1.61 1.17 1.53 0.00 1.39 0.66 2.04 1.83 3.50 6.64 10.44 14.45 13.58 17.45 15.04 18.76 19.64 19.64 20.88 17.08 21.24 19.78 17.16 11.02 11.53 10.07 7.66 14.53 15.11 16.86 21.17 21.90 23.07 21.68 18.18 17.23 12.05 10.00 4.09 4.16 0.00 0.00 0.00 0.00 0.00 2.04 0.95 9.78 14.89
5.62 5.62 7.15 12.92 12.63 13.94 14.67 13.80 15.77 18.54 18.61 17.08 17.74 17.67 18.47 12.78 13.07 12.12 5.84 6.86 5.40 6.94 6.86 3.50 1.90 0.00 0.00 0.00 0.00 0.00 0.00 8.32 10.51 10.29 10.80 3.50 2.70 6.79 6.28 5.55 1.10 3.14 8.47 7.23 13.07 17.01 20.95 23.14 23.00 23.51 22.19 22.19 22.78 22.92 22.05 22.63 21.46 14.02 12.34 14.02 17.52 19.78 19.20 22.19 24.31 23.07 21.61 15.77 17.30 15.40 8.10 10.37 1.97 2.41 0.88 6.28 6.28 0.51 0.00 9.20 2.99 1.53 18.47
5.62 5.62 7.15 12.92 12.63 13.94 14.67 13.80 15.77 18.54 18.61 17.08 17.74 17.67 18.47 12.78 13.07 12.12 5.84 6.86 5.40 6.94 6.86 3.50 1.90 0.00 0.00 0.00 0.00 0.00 0.00 8.32 10.51 10.29 10.80 3.50 2.70 6.79 6.28 5.55 1.10 3.14 8.47 7.23 13.07 17.01 20.95 23.14 23.00 23.51 22.19 22.19 22.78 22.92 22.05 22.63 21.46 14.02 12.34 14.02 17.52 19.78 19.20 22.19 24.31 23.07 21.61 15.77 17.30 15.40 8.10 10.37 1.97 2.41 0.88 6.28 6.28 0.51 0.00 9.20 2.99 1.53 18.47
4.45 4.45 9.93 10.22 10.59 11.53 12.41 12.05 15.70 17.37 13.51 11.90 12.85 13.14 7.74 8.32 9.78 8.98 4.38 3.50 0.51 3.87 0.00 0.00 0.00 0.00 0.00 0.00 0.00 0.00 0.00 6.42 10.37 11.61 11.68 7.30 8.61 11.17 8.54 10.66 6.28 4.09 10.15 16.50 15.33 19.49 21.75 24.82 25.77 23.73 24.24 24.24 23.43 24.02 23.80 23.73 23.87 15.55 11.75 11.97 15.70 20.73 21.90 28.25 26.35 24.82 20.81 15.55 13.21 15.11 14.75 14.31 14.24 9.64 11.39 13.07 13.07 5.40 3.29 15.26 9.27 9.64 24.45
2.92 2.92 8.69 9.27 8.69 8.61 8.91 11.02 14.45 16.43 12.12 9.78 7.01 0.00 1.61 3.07 1.17 1.53 1.83 0.00 0.00 0.00 0.00 0.00 0.00 0.00 0.00 0.00 0.00 0.00 0.00 0.00 5.99 10.37 10.95 17.01 11.83 15.84 12.34 7.15 6.86 6.86 8.18 14.60 17.59 18.18 18.18 21.39 26.72 25.84 24.31 24.31 23.65 23.73 24.24 19.71 21.46 17.81 11.97 14.16 11.39 14.60 24.16 22.41 21.61 22.78 21.10 11.32 12.12 4.96 14.31 14.89 14.31 17.74 17.45 15.77 15.77 20.29 20.81 21.24 25.48 24.45 30.08
0.00 0.00 9.34 9.42 8.18 9.13 8.32 10.51 13.51 10.15 10.95 7.37 3.43 0.00 0.00 0.00 0.00 0.58 0.00 0.00 0.00 0.00 0.00 0.00 0.00 0.00 0.00 0.00 0.00 0.00 0.00 0.00 0.00 6.06 12.19 19.13 20.51 19.27 17.16 11.83 9.34 8.40 9.20 8.54 10.80 12.92 13.21 17.59 23.14 25.84 21.02 21.02 17.89 15.48 14.89 17.67 17.16 17.45 13.43 11.83 10.00 11.24 15.55 10.66 15.99 15.33 5.04 6.42 0.00 0.00 14.97 8.10 12.41 20.59 21.90 26.65 26.65 26.28 25.40 23.65 27.81 28.09 30.30
0.00 0.00 9.27 5.77 5.11 6.94 9.13 5.55 9.05 8.18 5.69 4.31 0.00 0.00 0.00 0.00 0.00 0.00 0.00 0.00 0.00 0.00 0.00 0.00 0.00 0.00 0.00 0.00 0.00 0.00 0.00 0.00 4.02 13.58 11.39 19.86 21.17 18.54 14.09 15.33 11.83 9.71 9.71 12.34 13.36 12.92 12.78 13.51 15.99 18.54 16.94 16.94 17.52 15.55 12.99 13.07 14.16 15.55 14.53 11.24 12.05 9.64 7.15 8.10 8.40 0.00 0.00 0.00 0.00 0.00 0.00 11.97 12.63 18.69 24.82 23.43 23.43 26.86 26.50 25.62 26.43 21.34 23.04
0.00 0.00 0.00 2.41 2.34 0.00 0.00 0.00 0.00 6.42 0.00 0.00 0.00 0.00 0.00 0.00 0.00 0.00 0.00 0.00 0.00 0.00 0.00 0.00 0.00 0.00 0.00 0.00 0.00 0.00 0.00 0.00 4.16 14.24 20.59 19.78 22.27 18.98 16.43 14.60 15.04 11.97 9.34 11.53 12.41 11.75 12.41 11.83 13.21 17.81 16.64 16.64 15.91 15.48 15.77 14.09 14.89 19.71 17.67 14.89 19.05 12.05 7.01 7.01 5.11 0.00 0.00 0.00 0.00 0.00 6.72 4.09 13.14 21.32 19.86 19.49 19.49 23.58 15.84 21.24 20.51 11.90 10.15
0.00 0.00 0.00 0.00 0.00 0.00 0.00 0.00 0.00 0.00 0.00 0.00 0.00 0.00 0.00 0.00 0.00 0.00 0.00 0.00 0.00 0.00 0.00 0.00 0.00 0.00 0.00 0.00 0.00 0.00 0.00 0.00 2.77 13.51 20.22 22.12 19.20 20.22 16.43 13.58 11.46 10.15 9.93 10.07 10.80 10.51 10.15 10.80 10.29 13.36 16.21 16.21 14.67 15.11 16.57 18.76 21.02 20.73 21.53 25.77 25.84 19.13 10.37 12.26 9.78 14.02 10.22 11.32 0.00 0.00 12.85 16.43 15.11 13.21 13.87 13.43 13.43 7.52 9.64 8.03 7.23 7.66 7.96
0.00 0.00 0.00 0.00 0.00 0.00 0.00 0.00 0.00 0.00 0.00 0.00 0.00 0.00 0.00 0.00 0.00 0.00 0.00 0.00 0.00 0.00 0.00 0.00 0.00 0.00 0.00 0.00 0.00 0.00 0.00 3.58 12.19 8.91 19.86 21.68 18.91 14.97 12.85 12.48 12.48 10.07 10.07 11.68 10.07 11.46 11.39 11.17 12.63 11.75 12.41 12.41 14.38 14.16 15.62 17.08 20.08 21.75 22.05 26.13 25.77 26.35 19.86 16.06 22.56 18.18 21.10 18.76 10.51 20.37 18.76 18.47 12.63 10.66 7.74 3.80 3.80 3.94 6.42 4.67 7.08 5.33 5.48
0.00 0.00 0.00 0.00 0.00 0.00 0.00 0.00 0.00 0.00 0.00 0.00 0.00 0.00 0.00 0.00 0.00 0.00 0.00 0.00 0.00 0.00 0.00 0.00 0.00 0.00 0.00 0.00 0.00 0.00 0.00 1.02 8.32 15.99 14.89 22.34 18.32 13.21 12.41 13.14 11.24 11.61 9.93 10.51 10.07 11.17 12.19 12.85 10.07 8.54 11.53 11.53 12.85 14.82 17.16 16.57 20.95 21.02 21.24 22.48 25.04 25.62 26.13 26.13 25.70 24.02 23.80 26.13 25.04 16.94 19.13 13.14 10.22 9.27 3.36 2.04 2.04 1.75 2.85 2.77 0.44 0.44 0.80
0.00 0.00 0.00 0.00 0.00 0.00 0.00 0.00 0.00 0.00 0.00 0.00 0.00 0.00 0.00 0.00 0.00 0.00 0.00 0.00 0.00 0.00 0.00 0.00 0.00 0.00 0.00 0.00 0.00 0.00 0.00 0.00 3.80 11.24 10.80 9.42 17.96 9.93 8.69 12.12 11.24 10.22 10.29 7.74 5.84 5.40 6.57 4.82 3.80 4.74 8.25 8.25 12.05 14.24 15.91 16.86 21.24 21.24 20.95 21.53 21.46 22.78 20.08 24.97 22.12 23.94 24.45 21.02 24.45 19.78 7.30 7.66 5.84 5.40 0.51 0.44 0.44 0.00 0.15 0.00 0.00 0.00 0.00
0.00 0.00 0.00 0.00 0.00 0.00 0.00 0.00 0.00 0.00 0.00 0.00 0.00 0.00 0.00 0.00 0.00 0.00 0.00 0.00 0.00 0.00 0.00 0.00 0.00 0.00 0.00 0.00 0.00 0.00 0.00 0.00 0.00 0.00 0.00 0.00 0.00 5.55 4.38 8.32 10.73 9.78 5.48 0.80 3.07 1.02 1.53 1.31 0.66 4.53 10.44 10.44 11.32 17.16 17.08 16.28 18.69 21.68 22.92 22.12 21.39 22.12 18.47 15.84 17.67 20.44 24.45 21.24 21.53 3.87 2.85 3.14 0.00 0.00 0.00 0.00 0.00 0.00 0.00 0.00 0.00 0.00 0.00
0.00 0.00 0.00 0.00 0.00 0.00 0.00 0.00 0.00 0.00 0.00 0.00 0.00 0.00 0.00 0.00 0.00 0.00 0.00 0.00 0.00 0.00 0.00 0.00 0.00 0.00 0.00 0.00 0.00 0.00 0.00 0.00 0.00 0.00 0.00 0.00 0.00 0.00 5.33 4.09 7.59 6.20 3.07 0.00 0.00 0.00 0.00 0.00 0.00 0.00 4.60 4.60 10.00 17.67 18.76 18.25 21.32 23.07 24.82 24.02 22.56 16.50 14.24 14.31 11.83 15.33 10.22 1.17 1.90 0.51 0.00 0.07 0.00 0.00 0.00 0.00 0.00 0.00 0.00 0.00 0.00 0.00 0.00
0.00 0.00 0.00 0.00 0.00 0.00 0.00 0.00 0.00 0.00 0.00 0.00 0.00 0.00 0.00 0.00 0.00 0.00 0.00 0.00 0.00 0.00 0.00 3.50 0.00 6.28 6.28 6.86 0.00 0.00 0.00 0.00 0.00 0.00 0.00 0.00 0.00 0.00 0.15 3.21 0.00 0.00 0.00 0.00 0.00 0.00 0.00 0.00 4.60 9.86 13.65 13.65 11.90 16.13 20.51 20.81 21.02 23.14 23.51 23.65 23.07 21.46 14.82 8.98 9.86 5.48 8.76 5.55 0.00 0.00 0.00 0.00 0.00 0.00 0.00 0.00 0.00 0.00 0.00 0.00 0.00 0.00 0.00
0.00 0.00 0.00 0.00 0.00 0.00 0.00 0.00 0.00 0.00 0.00 0.00 0.00 0.00 0.00 0.00 0.00 0.00 0.00 0.00 0.00 0.00 5.62 5.18 5.91 7.08 7.08 7.74 4.67 0.00 0.00 1.10 0.00 0.00 0.00 0.00 0.00 0.44 2.04 3.14 3.87 1.10 1.02 2.70 0.00 0.00 4.02 4.23 7.66 12.26 15.70 15.70 18.69 20.95 21.10 20.66 22.92 22.19 19.56 19.93 11.75 9.86 4.53 7.52 7.45 3.21 0.00 0.00 0.00 0.00 0.00 0.00 0.00 0.00 0.00 0.00 0.00 0.00 0.00 0.00 0.00 0.00 0.00
0.00 0.00 0.00 0.00 0.00 0.00 0.00 0.00 0.00 0.00 0.00 0.00 0.00 0.00 0.00 0.00 0.00 0.00 0.00 0.00 0.00 0.00 0.00 0.00 6.06 5.99 5.99 4.96 0.00 5.55 4.67 5.26 6.35 0.00 1.02 3.07 4.67 7.15 7.74 7.74 7.96 6.94 4.02 5.84 6.72 7.15 7.01 8.40 7.88 12.19 16.64 16.64 19.05 21.68 20.81 20.22 19.05 10.44 16.35 17.08 8.18 7.74 3.87 2.85 1.02 0.00 0.00 0.00 0.00 0.00 0.00 0.00 0.00 0.00 0.00 0.00 0.00 0.00 0.00 0.00 0.00 0.00 0.00
0.00 0.00 0.00 0.00 0.00 0.00 0.00 0.00 0.00 0.00 0.00 0.00 0.00 0.00 0.00 0.00 0.00 0.00 0.00 0.00 0.00 0.00 0.00 0.00 0.00 0.00 0.00 1.53 1.75 5.33 7.59 7.66 9.20 9.64 6.28 8.40 10.07 10.07 9.49 8.25 7.52 7.74 6.64 6.06 7.37 7.23 7.23 8.61 11.24 10.37 14.75 14.75 19.93 20.15 21.24 20.66 7.96 10.15 5.84 3.87 5.99 0.44 0.80 0.00 0.00 0.00 0.00 0.00 0.00 0.00 0.00 0.00 0.00 0.00 0.00 0.00 0.00 0.00 0.00 0.00 0.00 0.00 0.00
0.00 0.00 0.00 0.00 0.00 0.00 0.00 0.00 0.00 0.00 0.00 0.00 0.00 0.00 0.00 0.00 0.00 0.00 0.00 0.00 0.00 0.00 0.00 0.00 0.00 0.00 0.00 1.97 4.60 7.30 6.72 8.83 9.20 8.98 8.83 11.83 11.83 10.80 9.64 7.74 6.86 5.84 5.55 6.64 6.28 7.30 8.32 8.98 11.83 12.63 15.18 15.18 17.67 17.89 10.95 9.93 7.23 3.80 2.77 2.92 1.97 0.29 0.00 0.00 0.00 0.00 0.00 0.00 0.00 0.00 0.00 0.00 0.00 0.00 0.00 0.00 0.00 0.00 0.00 0.00 0.00 0.00 0.00
0.00 0.00 0.00 0.00 0.00 0.00 0.00 0.00 0.00 0.00 0.00 0.00 0.00 0.00 0.00 0.00 0.00 0.00 0.00 0.00 0.00 0.00 0.00 0.00 0.00 0.00 0.00 1.68 5.04 8.91 8.76 8.91 8.83 8.10 7.81 7.59 8.91 7.88 8.10 6.86 7.01 7.30 6.94 6.20 8.10 8.54 8.54 8.54 8.91 8.54 12.92 12.92 14.31 14.02 7.30 6.86 6.57 4.38 1.90 1.97 1.61 0.37 0.00 0.00 0.00 0.00 0.00 0.00 0.00 0.00 0.00 0.00 0.00 0.00 0.00 0.00 0.00 0.00 0.00 0.00 0.00 0.00 0.00
0.00 0.00 0.00 0.00 0.00 0.00 0.00 0.00 0.00 0.00 0.00 0.00 0.00 0.00 0.00 0.00 0.00 0.00 0.00 0.00 0.00 0.00 0.00 0.00 0.00 0.66 0.66 0.00 3.50 8.61 8.91 8.40 7.81 7.66 6.57 7.15 8.18 7.37 8.10 8.69 8.25 9.93 8.40 8.18 7.66 8.61 7.66 5.99 5.11 7.66 9.20 9.20 6.42 5.84 5.77 5.77 5.11 2.48 2.19 2.26 1.24 1.54 0.88 0.00 0.00 0.00 0.00 0.00 0.00 0.00 0.00 0.00 0.00 0.00 0.00 0.00 0.00 0.00 0.00 0.00 0.00 0.00 0.00
0.00 0.00 0.00 0.00 0.00 0.00 0.00 0.00 0.00 0.00 0.00 0.00 0.00 0.00 0.00 0.00 0.00 0.00 0.00 0.00 0.00 0.00 0.00 0.00 0.00 0.51 0.51 4.96 3.50 7.88 8.32 7.01 5.99 4.74 6.06 6.57 6.79 8.83 8.76 10.37 11.17 9.71 8.69 8.91 8.10 8.10 7.08 6.50 5.11 5.04 6.72 6.72 5.69 6.06 5.99 7.59 6.72 4.96 3.43 2.41 1.75 1.75 1.17 1.61 0.00 0.00 0.00 0.00 0.00 0.00 0.00 0.00 0.00 0.00 0.00 0.00 0.00 0.00 0.00 0.00 0.00 0.00 0.00
0.00 0.00 0.00 0.00 0.00 0.00 0.00 0.00 0.00 0.00 0.00 0.00 0.00 0.00 0.00 0.00 0.00 0.00 0.00 0.00 0.00 0.00 0.00 0.00 0.00 0.44 0.44 4.82 7.45 4.45 5.18 5.69 3.07 2.34 4.38 3.80 4.82 6.50 6.20 7.30 10.37 9.27 8.47 8.47 8.98 7.81 6.35 6.79 5.62 4.09 4.74 4.74 4.96 5.40 5.69 6.35 7.01 3.36 2.34 2.41 1.53 2.34 0.95 0.00 0.58 1.10 0.00 0.00 0.00 0.00 0.00 0.00 0.00 0.00 0.00 0.00 0.00 0.00 0.00 0.00 0.00 0.00 0.00
0.00 0.00 0.00 0.00 0.00 0.00 0.00 0.00 0.00 0.00 0.00 0.00 0.00 0.00 0.00 0.00 0.00 0.00 0.00 0.00 0.00 0.00 0.00 0.00 0.00 0.58 0.58 3.43 5.11 0.07 0.00 0.00 0.00 0.00 1.24 0.88 1.17 2.77 3.36 7.74 8.76 8.83 8.32 8.03 8.61 8.69 8.10 6.86 6.94 6.79 4.89 4.89 5.33 5.69 5.55 5.99 3.72 2.92 2.92 2.34 1.97 3.80 3.72 0.00 0.00 0.15 0.37 0.00 0.00 0.00 0.00 0.00 0.00 0.00 0.00 0.00 0.00 0.00 0.00 0.00 0.00 0.00 0.00
0.00 0.00 0.00 0.00 0.00 0.00 0.00 0.00 0.00 0.00 0.00 0.00 0.00 0.00 0.00 0.00 0.00 0.00 0.00 0.00 0.00 0.00 0.00 0.00 0.00 0.00 0.00 1.75 1.75 0.00 0.00 0.00 0.00 0.00 0.00 0.00 0.00 0.58 0.00 4.67 8.40 8.10 7.96 7.88 7.30 8.03 8.32 7.88 7.74 7.30 7.96 7.96 6.50 7.08 6.06 4.82 4.09 3.21 2.19 1.90 1.90 2.26 0.73 0.00 0.00 0.00 0.00 0.00 0.00 0.00 0.00 0.00 0.00 0.00 0.00 0.00 0.00 0.00 0.00 0.00 0.00 0.00 0.00
0.00 0.00 0.00 0.00 0.00 0.00 0.00 0.00 0.00 0.00 0.00 0.00 0.00 0.00 0.00 0.00 0.00 0.00 0.00 0.00 0.00 0.00 0.00 0.00 0.00 0.00 0.00 0.00 0.00 0.00 0.00 0.00 0.00 0.00 0.00 0.00 0.00 0.00 0.00 0.07 7.66 9.05 9.34 8.18 7.74 9.71 9.34 8.76 9.05 9.20 10.80 10.80 8.61 6.86 7.37 5.84 2.77 2.99 2.26 2.56 3.65 2.04 3.21 0.80 0.58 0.66 0.00 0.00 0.00 0.00 0.00 0.00 0.00 0.00 0.00 0.00 0.00 0.00 0.00 0.00 0.00 0.00 0.00
0.00 0.00 0.00 0.00 0.00 0.00 0.00 0.00 0.00 0.00 0.00 0.00 0.00 0.00 0.00 0.00 0.00 0.00 0.00 0.00 0.00 0.00 0.00 0.00 0.00 0.00 0.00 0.00 0.00 0.00 0.00 0.00 0.00 0.00 0.00 0.00 0.00 0.00 0.00 0.00 4.23 7.88 11.02 10.00 8.61 10.66 11.02 9.71 10.37 10.29 12.78 12.78 10.44 7.88 8.69 7.08 5.69 5.04 4.96 3.14 5.18 2.19 0.95 0.07 0.73 0.00 0.00 0.22 0.00 0.00 0.00 0.00 0.00 0.00 0.00 0.00 0.00 0.00 0.00 0.00 0.00 0.00 0.00
0.00 0.00 0.00 0.00 0.00 0.00 0.00 0.00 0.00 0.00 0.00 0.00 0.00 0.00 0.00 0.00 0.00 0.00 0.00 0.00 0.00 0.00 0.00 0.00 0.00 0.00 0.00 0.00 0.00 0.00 0.00 0.00 0.00 0.00 0.00 0.00 0.00 0.00 0.00 4.53 7.66 11.39 10.88 11.61 11.39 11.68 11.46 12.05 12.48 13.65 12.19 12.19 12.85 10.95 9.49 11.10 6.28 8.69 8.25 7.01 6.86 5.48 3.29 2.77 0.00 0.44 0.00 0.00 0.88 0.07 0.00 0.00 0.15 0.00 0.00 0.00 0.00 0.00 0.00 0.00 0.00 0.00 0.00
0.00 0.00 0.00 0.00 0.00 0.00 0.00 0.00 0.00 0.00 0.00 0.00 0.00 0.00 0.00 0.00 0.00 0.00 5.77 0.00 0.00 0.00 0.00 0.00 0.00 0.00 0.00 0.00 0.00 0.00 0.00 0.00 0.00 0.00 0.00 0.00 0.00 0.00 0.00 3.58 6.50 11.68 14.38 13.58 12.26 10.88 10.80 8.69 10.00 10.88 11.61 11.61 10.44 11.53 11.68 11.75 11.61 9.71 9.78 9.27 9.20 7.52 3.65 1.17 0.95 2.04 0.22 0.00 0.00 0.07 0.00 0.00 0.00 0.00 0.00 0.00 0.00 0.00 0.00 0.00 0.00 0.00 0.00
0.00 0.00 0.00 0.00 0.00 0.00 0.00 0.00 0.00 0.00 0.00 0.00 0.00 0.00 0.00 12.48 16.94 11.24 4.45 0.00 0.00 0.00 0.00 0.00 0.00 0.00 0.00 0.00 0.00 0.00 0.00 0.00 0.00 0.00 0.00 0.00 0.00 1.53 0.00 2.56 5.69 11.53 15.70 14.60 12.78 10.15 8.83 8.10 8.18 9.27 9.56 9.56 8.10 9.93 10.80 11.53 8.32 8.47 8.25 8.61 8.03 9.93 7.01 4.09 5.84 3.80 2.92 3.87 1.83 1.75 0.51 1.02 0.00 0.07 0.00 0.00 0.00 0.00 0.15 0.80 0.00 0.00 0.00
