Wansh/Snow_depth/snowdepth-1998/spring/1998109.txt
ncols 321
nrows 161
xllcenter 60
yllcenter 15 
cellsize  0.25 
NODATA_value -1
[rows 74 to 110 of 161, columns 84 to 167 of 321]
0.00 0.00 0.00 0.00 0.00 0.00 0.00 0.00 1.02 2.92 3.50 2.19 2.56 4.16 4.23 5.04 4.74 4.45 4.45 4.31 4.38 3.72 0.00 0.00 2.70 2.48 2.56 0.00 3.36 3.65 0.00 2.92 3.14 0.00 0.00 3.43 2.92 4.31 2.19 4.09 0.00 1.31 0.58 0.58 0.00 0.95 0.73 0.07 0.58 0.00 0.00 0.00 0.00 0.00 0.00 0.00 0.00 0.73 0.00 0.00 0.51 0.00 0.00 0.00 0.00 0.00 0.00 0.00 0.00 0.00 0.00 0.00 0.00 0.00 0.00 0.00 0.00 0.00 0.00 0.00 0.00 0.00 0.00 0.00
0.00 0.00 0.00 2.26 3.14 1.46 2.04 4.31 0.95 4.60 4.53 4.60 5.55 5.84 4.82 4.09 4.23 4.38 4.38 4.53 4.96 3.94 3.50 4.53 5.11 2.92 3.58 4.09 3.36 4.38 2.77 0.00 4.38 0.00 4.16 5.18 6.13 5.33 4.45 3.94 3.07 0.00 1.31 1.31 1.53 0.00 0.80 0.66 1.97 1.31 0.00 0.00 1.31 1.10 1.46 1.61 1.61 1.53 0.15 0.15 0.51 0.80 0.00 0.00 0.00 0.00 0.00 0.00 0.00 0.00 0.95 0.44 0.00 0.00 0.00 0.00 0.00 0.00 0.00 0.00 0.00 0.00 0.00 0.00
0.37 0.00 4.02 2.41 4.38 4.38 4.23 3.43 4.96 4.89 5.55 5.84 6.57 6.06 4.53 4.82 4.45 4.74 4.74 4.96 3.87 4.82 4.02 3.50 0.00 0.00 2.56 0.00 0.00 0.00 0.00 0.00 0.00 4.09 4.16 3.50 4.02 3.87 4.09 4.02 2.70 2.99 3.65 3.65 0.07 0.88 0.29 0.88 3.43 1.10 1.02 1.39 0.66 1.17 0.37 1.24 1.53 1.68 0.80 1.02 0.80 0.58 0.37 0.00 0.00 0.00 0.00 0.00 0.00 0.00 0.29 2.12 0.58 0.00 0.00 0.00 0.00 0.00 0.00 0.00 0.00 0.00 0.00 0.00
0.00 2.56 1.02 2.77 2.04 3.65 4.45 4.96 4.67 5.11 6.72 6.20 6.57 5.69 4.96 4.67 4.96 5.04 5.04 4.96 3.58 4.82 2.92 4.31 3.94 3.65 0.00 2.85 0.00 0.00 2.92 3.14 3.65 3.43 3.43 0.00 0.00 2.63 3.14 2.77 4.31 2.77 2.77 2.77 1.75 1.46 1.90 0.00 0.00 0.00 0.00 1.24 0.00 0.00 1.68 1.10 0.88 0.22 0.07 0.58 0.22 0.88 0.66 0.07 0.15 0.22 0.00 0.07 0.07 0.00 0.00 1.10 1.02 0.00 0.00 0.00 0.00 0.00 0.00 0.00 0.00 0.00 0.00 0.00
4.23 0.00 3.36 1.90 3.07 3.94 3.87 3.58 4.89 4.67 5.69 6.72 5.69 5.26 5.69 4.74 5.26 5.33 5.33 4.38 4.45 4.60 4.23 4.23 4.02 0.00 2.99 0.00 0.00 0.00 0.00 0.00 0.00 0.00 0.00 3.72 0.00 0.00 3.14 4.74 3.94 0.00 2.26 2.26 0.00 2.48 0.00 0.00 0.00 0.00 0.00 0.00 0.00 2.12 2.04 1.31 1.17 0.51 0.00 0.37 0.66 0.95 0.66 0.88 0.73 0.58 0.58 0.95 0.95 0.37 0.95 0.80 0.22 0.00 0.00 0.00 0.00 0.00 0.00 0.00 0.00 0.00 0.00 0.00
1.39 4.16 3.50 4.96 3.07 3.21 2.92 0.00 4.16 4.67 4.96 4.82 4.53 4.45 4.23 5.11 4.96 4.31 4.31 4.67 3.58 5.18 4.82 4.09 4.02 0.00 0.00 0.00 0.00 0.00 0.00 0.00 0.00 0.00 0.00 0.00 0.00 0.00 3.21 4.31 2.70 0.00 0.00 0.00 0.00 0.00 0.00 0.00 0.00 0.00 0.00 0.00 0.00 0.00 0.00 1.97 1.39 0.00 0.44 1.10 0.95 1.17 0.88 0.66 0.80 0.22 0.00 0.66 0.66 1.75 1.39 1.68 0.73 0.37 1.03 0.00 0.00 0.00 0.00 0.00 0.00 0.00 0.00 0.00
4.60 0.00 0.00 0.00 3.50 3.21 0.00 3.87 3.72 0.00 5.62 3.21 3.50 4.09 3.72 3.94 4.45 3.94 3.94 4.82 5.84 5.11 4.02 3.58 3.21 3.07 3.87 3.58 0.00 0.00 0.00 0.00 0.00 0.00 0.00 5.40 0.00 0.00 4.16 0.00 0.00 0.00 0.00 0.00 0.00 0.00 0.00 0.00 0.00 0.00 0.00 0.00 0.00 0.00 0.00 0.00 0.00 0.00 0.58 0.00 1.53 1.02 0.88 0.00 0.00 0.00 0.00 0.00 0.00 0.00 0.44 1.46 4.74 0.37 4.23 1.69 0.00 0.00 0.00 0.00 0.00 0.00 0.00 0.00
0.00 0.00 0.00 0.00 3.80 4.02 0.00 3.07 4.09 3.94 3.87 3.87 3.87 3.50 3.72 4.16 3.72 4.45 4.45 4.09 6.57 2.70 3.36 2.70 2.48 2.99 3.29 0.00 2.70 2.41 0.00 0.00 0.00 4.23 5.91 5.40 3.58 0.00 0.00 2.48 0.00 0.00 0.00 0.00 0.00 0.00 0.00 0.00 0.51 0.00 0.00 0.00 0.00 0.00 0.00 0.00 0.00 3.36 2.63 2.34 2.34 2.04 1.31 0.00 0.00 0.00 0.00 0.00 0.00 0.00 0.00 0.00 3.36 9.20 8.83 5.21 2.73 1.30 0.00 0.00 0.00 0.00 0.00 0.00
7.45 4.09 4.89 7.01 5.26 4.16 0.00 0.00 0.00 0.00 3.14 4.02 4.23 4.23 4.31 3.72 4.82 4.89 4.89 4.23 0.00 0.00 0.00 2.56 3.07 3.36 0.00 3.36 2.99 3.07 2.77 0.00 0.00 5.33 6.50 5.91 3.43 0.00 0.00 0.00 2.12 1.17 0.00 0.00 0.00 0.00 0.00 0.00 0.00 0.00 0.00 0.00 0.00 0.00 1.31 0.00 3.29 3.65 3.14 3.80 3.65 2.19 2.63 0.29 0.00 0.00 0.00 0.00 0.00 0.00 0.00 0.95 8.25 10.88 9.49 10.07 5.62 3.43 1.17 0.00 0.00 0.00 0.00 0.00
12.70 10.22 6.35 12.19 4.89 0.00 0.00 0.00 3.36 0.00 0.00 3.21 4.74 4.45 4.31 4.23 5.99 5.33 5.33 4.23 0.00 2.41 3.43 2.70 2.56 3.14 0.00 2.92 2.34 2.77 3.36 0.00 3.94 6.35 5.84 3.07 3.29 6.35 0.00 0.00 0.00 0.00 0.00 0.00 0.00 0.00 0.00 0.00 0.00 0.00 0.00 0.00 1.02 2.77 2.56 2.85 2.99 5.11 3.43 5.33 5.77 3.65 3.36 0.88 0.88 1.68 1.97 0.00 0.00 0.07 0.00 0.00 3.07 8.76 10.15 7.88 3.87 1.61 1.75 0.00 0.00 0.00 0.00 0.00
14.09 15.91 12.99 11.75 7.37 4.38 0.00 0.00 0.00 0.00 0.00 0.00 4.09 0.00 5.11 4.16 4.82 5.26 5.26 5.91 3.94 3.50 3.94 4.38 3.50 0.00 3.80 4.53 3.21 2.48 4.67 0.00 0.00 5.18 3.58 4.96 5.69 8.61 4.74 0.00 0.00 0.22 0.00 0.00 0.00 0.00 0.00 0.00 0.00 0.00 0.00 1.02 2.77 4.89 7.45 5.04 4.67 7.15 4.82 4.45 6.20 5.04 5.33 2.12 2.34 5.33 5.33 5.84 5.84 2.92 0.00 1.39 0.80 4.02 8.32 8.03 7.08 4.23 2.85 2.99 2.99 0.00 0.00 0.00
12.41 8.10 12.41 10.07 7.96 3.21 0.00 0.00 3.94 3.80 0.00 4.38 0.00 0.00 0.00 0.00 5.55 4.02 4.02 4.67 4.53 4.38 3.58 0.00 0.00 4.96 4.60 5.55 4.38 3.14 6.13 4.82 3.14 3.14 3.14 6.35 10.80 8.76 5.62 2.77 0.00 1.97 0.00 0.00 0.00 0.00 0.00 0.00 0.00 0.00 0.95 0.95 4.96 8.91 11.97 7.88 8.91 6.86 3.65 3.36 4.48 6.11 7.22 3.58 3.58 8.76 8.25 4.31 4.31 4.89 4.02 0.66 1.39 0.95 1.97 3.72 4.16 5.55 5.04 3.58 3.72 3.36 0.00 0.00
6.50 4.60 5.69 5.91 3.87 3.36 3.50 5.18 4.60 4.60 2.56 3.65 0.00 3.58 0.00 4.96 4.53 4.96 4.96 4.74 4.96 4.31 5.33 4.74 0.00 4.16 7.08 8.18 7.66 7.15 7.52 0.00 0.00 0.00 0.00 0.00 6.13 6.13 7.59 10.88 4.23 2.41 5.04 5.04 2.04 3.58 0.00 1.90 0.29 0.51 0.80 2.92 8.91 8.47 9.27 13.36 13.80 12.05 12.78 6.64 7.52 8.25 8.19 8.10 9.05 8.76 8.10 4.74 4.74 8.10 14.60 9.64 5.40 2.48 0.00 0.00 0.00 1.31 3.50 3.50 3.87 3.72 0.00 0.00
3.72 4.16 3.80 5.18 3.94 3.87 2.85 3.50 3.21 3.14 4.09 3.29 0.00 3.58 4.53 5.62 4.09 4.45 4.45 7.08 7.08 5.26 4.31 0.00 0.00 4.38 5.48 7.66 5.40 6.72 6.28 0.00 0.00 0.00 0.00 5.11 8.03 9.20 10.44 10.80 11.24 7.74 12.12 12.12 2.26 8.25 3.29 1.90 0.00 1.02 1.17 2.12 5.55 6.64 7.15 11.75 12.26 11.83 13.51 9.49 8.32 6.94 6.13 6.20 6.97 4.89 1.97 2.48 2.48 3.58 8.98 10.73 9.56 4.60 1.24 0.00 0.00 0.00 0.00 2.92 3.29 5.26 0.00 0.00
3.80 1.90 2.85 3.07 3.36 0.00 2.04 0.00 0.00 0.00 0.00 0.00 0.00 0.00 3.29 3.72 3.94 4.23 4.23 5.26 5.55 5.04 0.00 0.00 3.29 3.43 3.65 4.82 3.87 5.69 4.82 1.90 2.19 2.26 0.00 5.11 7.01 9.49 10.73 8.76 12.12 12.34 16.21 16.21 12.63 14.38 2.04 5.77 0.95 3.36 0.29 0.44 1.97 3.14 5.40 9.56 10.22 10.59 10.37 11.97 8.32 4.38 3.36 6.20 5.46 6.26 4.38 2.56 2.56 5.11 7.52 9.78 9.27 7.45 1.53 0.00 0.00 0.00 0.00 0.00 3.80 0.00 0.00 0.00
3.87 1.90 2.19 2.41 0.00 0.00 0.00 0.00 2.12 2.63 2.77 0.00 2.77 1.97 2.63 4.31 3.80 3.07 3.07 3.72 4.31 0.00 0.00 0.00 3.94 4.23 3.43 4.09 3.58 3.87 2.56 1.97 2.99 3.43 3.65 3.87 5.11 7.01 9.05 5.04 7.96 20.44 17.08 17.08 17.08 16.50 11.39 5.18 4.31 7.52 2.04 2.56 1.10 3.21 6.06 4.53 6.28 6.64 5.78 6.12 1.90 2.34 2.76 6.50 6.30 8.05 8.61 3.94 3.94 1.68 1.75 5.33 5.26 2.19 0.00 0.00 0.00 2.19 0.00 0.00 0.00 0.00 0.00 0.00
1.97 1.75 2.04 1.97 1.75 0.00 1.02 0.00 0.00 1.17 1.02 0.00 0.00 0.00 0.00 4.09 3.29 1.53 1.53 2.92 2.92 3.07 0.00 2.63 3.29 3.72 4.31 3.58 4.23 2.92 2.04 1.97 2.56 2.12 3.14 0.00 0.00 3.72 0.00 7.59 7.52 14.60 21.02 21.02 15.40 13.58 15.33 13.51 10.80 5.77 5.33 7.59 3.72 4.96 8.98 4.67 5.55 5.40 4.67 3.80 1.28 3.14 5.09 7.74 8.40 10.07 11.49 8.17 7.91 3.96 1.46 3.36 2.99 2.34 0.00 0.00 0.00 2.63 2.22 2.68 0.00 0.00 0.00 0.00
2.19 1.68 2.04 1.90 1.10 0.00 0.00 1.10 1.90 0.95 1.02 0.00 0.00 0.00 0.00 0.00 1.97 0.00 0.00 1.61 0.51 0.00 0.00 0.00 2.56 3.58 3.07 2.85 2.41 0.00 0.95 0.00 0.00 0.00 0.00 0.00 0.00 0.00 0.00 0.00 1.02 11.61 11.32 11.32 9.56 14.09 10.80 13.94 10.73 8.54 8.54 10.07 13.07 12.85 13.72 7.88 8.76 7.30 6.42 2.14 0.58 1.53 2.83 4.03 8.44 9.31 8.40 10.07 10.12 8.25 2.71 2.99 1.68 2.26 2.42 0.00 0.00 0.00 2.20 3.22 2.39 0.00 0.00 0.00
2.12 0.88 1.10 1.17 1.39 0.00 1.83 2.04 1.31 0.00 0.37 1.10 0.58 0.00 0.00 0.80 0.66 0.00 0.00 0.15 0.66 0.66 0.00 0.00 0.00 0.00 0.00 0.00 0.00 0.00 0.00 0.00 0.00 0.00 0.00 0.00 0.00 0.00 0.00 0.00 0.00 0.66 8.03 8.03 7.08 10.29 6.28 8.91 9.56 11.02 11.17 11.83 14.67 15.70 15.62 12.85 11.02 12.34 12.56 3.74 2.06 1.76 2.16 2.58 5.86 8.41 6.21 6.42 6.42 3.67 4.43 6.12 6.68 4.08 2.64 0.00 0.00 2.59 2.78 3.58 3.16 4.82 2.43 2.37
3.50 2.34 1.02 0.88 1.97 1.53 1.83 2.92 2.63 0.00 1.02 1.17 0.00 0.00 0.00 1.24 1.46 0.00 0.00 0.37 0.15 0.88 0.58 0.00 0.00 0.00 0.00 0.00 0.00 0.00 0.00 0.00 0.00 0.00 0.00 0.00 0.00 0.00 0.00 0.00 0.00 0.00 0.73 0.73 4.67 7.81 4.16 8.03 8.98 11.32 12.05 12.48 16.57 14.97 16.21 16.28 17.74 18.10 8.18 4.96 5.33 2.38 3.63 1.92 3.79 6.44 6.97 5.77 5.77 4.28 2.94 5.37 6.82 6.38 3.26 2.42 1.17 0.00 0.00 3.09 2.98 3.54 7.35 4.29
1.90 5.69 2.41 1.68 2.56 1.53 0.00 0.00 2.85 2.63 0.95 0.00 0.00 0.00 0.00 1.53 0.80 0.80 0.80 0.00 0.00 1.39 0.73 0.00 0.00 0.00 0.00 2.04 0.00 0.00 0.00 0.00 0.00 0.00 0.00 0.00 0.00 0.22 0.00 0.00 0.00 0.00 1.53 1.53 0.80 4.67 3.65 9.49 9.27 11.17 13.36 11.97 14.15 13.62 17.12 18.01 18.44 18.98 14.31 11.17 7.59 4.33 3.23 4.19 6.67 6.29 6.10 2.04 2.05 2.10 2.88 3.24 5.24 8.04 7.72 5.48 4.84 2.95 4.29 0.00 4.23 5.97 8.29 4.87
7.59 7.96 4.45 3.21 3.43 3.50 0.00 0.00 0.00 1.24 0.00 0.00 0.00 0.00 0.00 0.80 2.04 1.31 1.31 0.00 0.00 0.88 1.31 0.00 0.00 0.00 1.10 1.39 1.75 0.00 0.15 0.15 0.00 0.00 0.44 0.00 0.66 0.00 0.00 0.00 0.00 0.00 0.00 0.00 1.10 3.65 7.81 10.59 16.43 14.82 14.45 12.34 12.05 12.54 16.54 18.36 18.39 17.34 17.34 14.08 12.03 6.68 5.76 4.74 5.24 7.72 4.87 1.76 1.76 2.14 2.64 3.49 6.30 9.79 8.36 8.00 6.70 4.47 0.00 0.00 3.48 7.34 8.00 8.54
7.30 10.07 8.40 7.74 8.25 6.35 5.69 8.54 3.07 2.34 1.46 0.00 0.00 0.00 0.22 0.00 0.95 1.68 1.68 0.00 0.00 0.00 0.00 0.00 0.00 0.00 1.39 0.88 1.31 1.10 0.00 0.00 0.00 0.00 0.22 0.88 0.00 0.00 0.00 0.00 0.00 7.66 0.00 0.00 1.61 6.86 9.49 13.87 16.50 14.02 14.09 13.29 12.92 14.89 14.23 15.74 12.65 12.23 17.17 14.44 14.52 10.04 8.13 6.72 4.76 6.52 5.32 2.30 2.26 0.00 2.00 2.79 4.72 5.57 6.13 5.43 7.04 5.40 3.86 0.00 0.00 6.40 6.64 4.62
10.51 8.61 8.98 12.19 14.09 12.05 9.05 16.21 12.78 7.15 2.92 0.66 0.00 1.46 0.00 0.00 2.04 0.00 0.00 0.00 0.00 0.00 0.00 0.15 0.00 1.10 1.17 2.48 0.80 0.00 0.00 0.00 0.00 0.00 0.37 0.00 0.00 0.00 0.00 5.40 5.91 11.46 7.30 7.30 3.50 10.44 11.53 12.56 14.60 14.67 14.68 13.64 14.83 17.73 13.40 11.81 11.75 10.00 10.64 10.17 11.01 10.37 10.17 8.91 6.60 4.60 4.74 3.39 3.30 1.46 0.00 3.20 4.42 5.95 4.26 6.13 5.50 4.84 5.07 0.00 6.00 5.65 5.59 5.20
10.44 8.10 14.60 16.50 24.60 25.11 24.53 29.93 24.24 19.05 15.55 11.61 8.69 7.01 3.80 1.75 1.83 1.10 1.10 0.88 0.00 0.80 0.00 0.66 0.66 0.95 0.29 0.73 1.02 0.73 0.00 0.00 1.31 0.44 1.02 2.34 1.97 4.23 6.64 6.72 4.67 11.61 9.27 9.27 12.05 13.29 13.58 12.92 12.70 13.36 13.25 17.45 17.95 16.29 16.26 16.30 15.28 15.79 11.78 12.47 11.37 10.14 12.17 10.99 7.01 6.02 6.15 3.22 3.17 0.00 3.21 5.14 6.20 8.86 11.08 7.23 4.01 0.00 0.00 0.00 0.00 2.77 2.23 3.61
14.67 12.19 16.06 18.10 23.36 27.23 27.67 30.30 26.35 19.20 8.98 11.02 11.02 8.32 5.62 1.97 1.24 1.46 1.46 0.66 0.07 0.29 0.22 0.00 0.22 0.44 0.44 0.51 0.88 0.73 0.66 0.07 0.95 1.83 1.39 6.64 5.62 0.88 2.19 4.16 5.18 6.72 7.81 7.81 12.41 11.68 14.97 10.73 13.09 13.08 13.40 13.53 15.84 18.19 20.74 20.91 15.48 13.50 17.47 16.50 16.44 13.01 13.07 11.06 6.20 5.62 7.26 5.02 4.94 3.43 3.29 5.35 6.51 9.37 13.51 10.73 5.38 3.59 0.00 0.00 0.00 0.00 0.00 3.65
12.70 15.48 16.21 16.79 21.46 21.75 24.24 24.31 21.17 16.21 5.40 5.91 9.27 6.94 6.94 2.77 1.75 1.61 1.61 2.04 0.15 1.17 0.00 0.00 0.00 0.00 0.00 0.07 0.00 0.00 0.22 0.00 0.37 1.39 2.56 5.62 5.55 0.00 0.37 1.39 1.68 6.42 5.48 5.48 7.96 9.13 11.75 9.14 13.06 12.27 14.35 15.16 19.38 19.79 18.12 14.31 13.31 13.01 18.64 17.09 18.45 17.21 16.28 11.97 7.81 4.92 5.96 6.82 7.59 4.09 0.00 5.37 7.21 8.71 11.75 13.35 10.00 3.50 0.00 0.00 0.00 0.00 3.44 4.19
8.10 7.74 14.67 16.28 13.87 12.78 17.23 18.78 17.67 11.83 0.00 5.18 4.74 5.99 6.28 4.67 3.43 2.99 2.99 2.34 1.75 1.24 0.00 0.07 0.00 0.00 0.00 0.73 0.00 0.00 0.00 0.00 0.00 2.99 1.39 2.41 0.80 0.00 1.02 1.02 0.00 1.61 3.14 3.14 6.86 9.49 9.34 10.05 10.37 12.70 12.00 15.33 22.59 25.31 17.68 13.78 9.04 16.86 16.59 19.03 21.73 20.25 14.89 10.95 12.78 9.12 5.70 7.14 6.88 5.31 2.67 0.00 4.59 10.60 12.38 11.16 11.41 6.19 0.00 0.00 0.00 0.00 5.14 5.56
0.00 0.00 0.00 7.88 10.15 9.78 13.43 16.72 14.38 6.86 4.02 0.00 3.50 0.00 2.85 1.61 2.26 2.92 2.92 2.92 1.68 1.10 1.02 0.00 0.00 0.00 0.00 0.07 0.00 0.00 0.00 0.00 0.00 0.15 0.00 1.24 0.29 0.00 0.22 0.07 0.00 0.95 2.04 2.04 2.85 8.54 7.66 10.59 12.05 12.78 12.60 15.67 17.49 21.47 19.31 15.18 0.00 0.00 17.66 20.26 18.23 20.32 19.65 18.04 14.16 8.50 8.28 7.18 7.22 3.84 0.00 2.42 0.00 6.02 7.42 12.05 11.55 8.44 4.06 0.00 0.00 7.16 7.03 5.43
0.00 0.00 0.00 0.00 10.29 10.95 12.70 13.87 15.04 11.97 7.01 5.11 4.89 0.00 0.00 1.90 1.75 2.04 2.04 0.88 0.00 0.37 0.00 0.00 0.00 0.00 0.00 0.00 0.00 0.00 0.00 0.00 0.00 0.00 0.00 0.00 0.00 0.00 0.00 0.00 0.66 0.29 2.19 2.19 2.20 6.20 8.51 11.46 13.64 13.62 19.41 18.62 20.48 21.95 14.12 14.43 0.00 0.00 0.00 17.82 22.79 24.00 21.94 20.55 19.32 17.40 9.89 7.69 9.00 6.67 1.92 0.00 0.00 0.00 2.95 5.01 8.92 7.88 6.83 0.00 4.52 4.30 7.79 5.58
0.00 0.00 0.00 0.00 0.00 0.00 12.56 15.48 15.70 11.97 10.88 7.08 6.50 4.02 4.60 8.10 5.33 3.50 3.50 0.00 0.00 0.00 0.00 0.00 0.00 0.00 0.00 0.00 0.00 0.00 0.00 0.00 0.00 0.00 0.00 0.00 0.00 0.00 0.00 0.00 0.00 0.00 0.00 0.00 1.75 6.20 5.36 9.20 12.59 12.42 13.96 16.81 14.99 13.25 0.00 0.00 0.00 0.00 0.00 0.00 23.83 21.51 22.13 23.55 23.70 22.40 17.89 9.76 10.93 9.61 9.24 2.35 0.00 0.00 0.00 0.00 5.23 5.04 0.00 0.00 0.00 7.44 6.57 7.87
0.00 0.00 0.00 0.00 0.00 0.00 11.39 11.68 12.78 9.56 9.20 7.74 7.88 8.18 6.94 4.00 6.05 0.00 0.00 0.00 1.17 0.15 0.00 0.00 0.00 0.00 0.00 0.00 0.00 0.00 0.00 0.00 0.00 0.00 0.00 0.00 0.00 0.00 0.00 0.00 0.00 0.00 0.00 0.00 0.80 3.07 2.92 6.14 8.56 13.38 14.52 16.01 16.42 0.00 0.00 0.00 0.00 0.00 0.00 0.00 27.38 26.94 19.93 23.87 25.40 25.81 25.70 16.74 17.10 12.57 10.54 6.62 3.87 0.00 0.00 0.00 4.55 4.23 0.00 0.00 0.00 0.00 0.00 0.00
0.00 0.00 0.00 0.00 0.00 0.00 0.00 11.46 11.39 7.15 6.28 13.43 10.95 10.29 7.74 12.62 9.27 6.37 5.95 0.00 4.09 2.04 0.88 0.00 0.00 0.58 0.00 0.00 0.00 0.00 0.00 0.00 0.00 0.00 0.00 0.00 0.00 0.00 0.00 0.00 0.00 1.39 0.00 0.00 0.22 1.02 1.98 3.79 8.37 13.93 16.00 17.07 0.00 0.00 0.00 0.00 0.00 0.00 0.00 0.00 0.00 19.81 17.79 17.64 26.83 30.05 22.40 16.16 19.75 12.67 7.77 7.44 7.57 0.00 0.00 0.00 4.95 5.43 0.00 0.00 0.00 0.00 0.00 0.00
0.00 0.00 0.00 0.00 0.00 0.00 0.00 0.00 0.00 0.00 0.00 0.00 0.00 0.00 0.00 0.00 0.00 12.38 12.58 8.91 11.68 9.13 5.40 6.28 1.83 7.23 6.86 1.24 0.00 0.00 1.17 0.44 0.00 1.53 1.61 2.19 5.55 5.11 7.59 5.87 6.10 4.87 8.40 8.40 2.63 2.41 1.46 6.31 0.00 0.00 0.00 0.00 0.00 0.00 0.00 0.00 0.00 0.00 0.00 0.00 0.00 0.00 0.00 0.00 0.00 19.86 15.86 15.92 17.80 19.14 0.00 0.00 0.00 7.83 0.00 0.00 5.87 0.00 0.00 0.00 0.00 0.00 0.00 0.00
0.00 0.00 0.00 0.00 0.00 0.00 0.00 0.00 0.00 0.00 0.00 0.00 0.00 0.00 0.00 0.00 0.00 0.00 0.00 0.00 9.28 10.36 11.02 8.10 5.91 10.95 9.73 6.35 2.19 6.20 6.94 5.55 2.34 3.36 3.72 7.30 7.23 7.88 8.03 8.25 9.31 10.25 10.80 12.07 9.42 7.30 3.72 6.51 0.00 0.00 0.00 0.00 0.00 0.00 0.00 0.00 0.00 0.00 0.00 0.00 0.00 0.00 0.00 0.00 0.00 0.00 0.00 0.00 0.00 0.00 0.00 0.00 0.00 0.00 0.00 0.00 0.00 0.00 0.00 0.00 0.00 0.00 0.00 0.00
0.00 0.00 0.00 0.00 0.00 0.00 0.00 0.00 0.00 0.00 0.00 0.00 0.00 0.00 0.00 0.00 0.00 0.00 0.00 0.00 0.00 8.25 5.33 11.39 0.00 10.49 10.95 6.72 6.28 9.20 8.25 9.49 6.67 0.00 0.00 0.00 7.96 7.59 0.00 0.00 0.00 9.20 0.00 0.00 12.18 8.91 7.82 0.00 0.00 0.00 0.00 0.00 0.00 0.00 0.00 0.00 0.00 0.00 0.00 0.00 0.00 0.00 0.00 0.00 0.00 0.00 0.00 0.00 0.00 0.00 0.00 0.00 0.00 0.00 0.00 0.00 0.00 0.00 0.00 0.00 0.00 0.00 0.00 0.00
0.00 0.00 0.00 0.00 0.00 0.00 0.00 0.00 0.00 0.00 0.00 0.00 0.00 0.00 0.00 0.00 0.00 0.00 0.00 0.00 0.00 0.00 0.00 4.82 0.00 0.00 11.17 6.72 0.00 0.00 0.00 0.00 0.00 0.00 0.00 0.00 0.00 0.00 0.00 0.00 0.00 0.00 0.00 0.00 0.00 0.00 9.91 0.00 0.00 0.00 0.00 0.00 0.00 0.00 0.00 0.00 0.00 0.00 0.00 0.00 0.00 0.00 0.00 0.00 0.00 0.00 0.00 0.00 0.00 0.00 0.00 0.00 0.00 0.00 0.00 0.00 0.00 0.00 0.00 0.00 0.00 0.00 0.00 0.00
