Wansh/Snow_depth/snowdepth-1998/spring/1998093.txt
ncols 321
nrows 161
xllcenter 60
yllcenter 15 
cellsize  0.25 
NODATA_value -1
[rows 74 to 110 of 161, columns 84 to 167 of 321]
0.00 0.00 0.00 0.00 0.00 0.00 0.00 0.29 0.44 0.58 2.92 2.12 3.58 3.94 4.67 4.89 4.23 3.65 3.65 0.00 0.00 0.00 0.00 0.00 4.82 3.21 0.00 0.00 0.00 0.00 2.56 1.83 1.31 1.75 1.83 3.43 1.31 3.50 3.43 3.58 1.02 0.00 1.75 1.75 0.66 0.66 0.15 0.00 0.80 0.73 0.00 0.00 0.00 0.00 0.89 1.68 1.10 0.00 1.02 0.00 0.00 0.00 0.00 0.00 0.00 0.00 0.00 0.00 0.00 0.07 2.20 2.26 0.00 0.00 0.00 0.00 0.00 0.00 0.00 0.00 0.00 0.00 0.00 0.00
0.00 0.00 1.17 0.00 0.00 0.51 1.31 3.72 3.21 5.04 0.00 4.60 3.80 4.02 3.87 0.00 0.00 3.14 3.14 0.00 3.50 2.99 3.58 0.00 4.45 4.82 2.85 0.00 0.00 0.00 0.00 0.00 2.70 0.00 0.00 2.19 3.58 2.77 3.14 3.50 1.31 2.34 2.26 2.26 0.80 0.22 0.22 1.31 2.04 1.83 1.02 0.80 1.02 1.10 1.31 1.10 0.66 1.83 1.53 1.24 1.83 0.66 0.00 0.51 0.00 0.00 0.00 0.00 0.00 0.07 4.31 4.96 2.26 0.00 0.00 0.00 0.00 0.00 0.00 0.00 0.00 0.00 0.00 0.00
1.61 0.37 1.31 0.00 0.29 2.48 4.53 3.50 4.31 4.38 5.55 3.80 6.28 5.04 3.94 3.58 4.23 0.00 0.00 3.94 0.00 0.00 3.21 0.00 0.00 0.00 0.00 0.00 0.00 0.00 0.00 0.00 0.00 0.00 0.00 2.48 0.00 3.65 4.67 3.72 2.26 1.75 1.61 1.61 1.39 1.46 2.56 3.65 2.26 3.14 2.48 2.12 2.92 1.39 0.58 1.31 1.10 0.88 1.46 1.39 1.90 2.41 1.10 1.31 0.66 0.00 1.31 0.73 0.73 0.15 4.09 5.77 3.58 0.00 0.00 0.00 0.00 0.00 0.00 0.00 0.00 0.00 0.00 0.00
3.14 0.00 3.58 1.97 3.50 3.36 0.00 4.67 3.80 4.09 4.96 5.84 5.62 5.77 5.18 4.45 4.38 4.02 4.02 4.09 3.29 0.00 0.00 0.00 0.00 0.00 0.00 0.00 0.00 0.00 0.00 0.00 0.00 0.00 0.00 0.00 0.00 0.00 0.00 3.36 3.65 2.19 0.73 0.73 1.97 1.97 0.00 0.00 3.80 3.80 4.02 3.21 3.80 2.85 3.43 1.90 1.83 1.02 1.31 1.31 1.17 1.31 1.83 1.31 1.61 2.92 2.99 2.19 2.19 4.38 4.96 4.31 4.38 0.58 0.00 0.00 0.00 0.00 0.00 0.00 0.00 0.00 0.00 0.00
1.83 5.62 4.02 4.74 4.16 3.29 3.94 3.58 4.38 5.26 5.11 4.82 5.84 4.89 5.55 4.45 4.67 5.04 5.04 4.09 3.36 3.72 0.00 0.00 0.00 0.00 0.00 2.70 0.00 0.00 0.00 0.00 0.00 0.00 2.56 0.00 0.00 0.00 4.16 0.00 1.46 0.00 2.41 2.41 0.00 0.00 0.00 0.00 3.43 2.41 3.94 3.58 4.38 3.50 4.16 4.23 3.21 1.31 1.46 0.95 1.46 0.88 1.31 1.10 2.34 1.83 2.56 2.26 2.26 4.23 3.36 2.48 2.70 1.39 1.10 0.00 0.00 0.00 0.00 0.00 0.00 0.00 0.00 0.00
5.84 3.72 4.23 3.58 4.02 3.21 3.29 3.58 4.09 4.53 4.23 3.87 4.96 4.31 4.89 4.23 4.96 4.45 4.45 3.72 3.21 0.00 2.63 0.00 0.00 0.00 0.00 0.00 0.00 0.00 3.94 0.00 0.00 0.00 0.00 4.02 0.00 0.00 0.00 0.00 3.50 0.00 0.00 0.00 0.00 0.00 1.53 1.97 1.39 2.19 1.75 3.14 2.41 4.67 3.72 3.87 2.92 2.19 2.12 1.02 0.73 0.66 1.10 0.00 1.31 1.24 1.24 1.17 1.17 3.80 2.92 2.12 4.09 5.18 4.18 0.95 0.00 0.00 0.00 0.00 0.00 0.00 0.00 0.00
4.38 4.60 4.16 5.26 3.21 3.29 3.58 0.00 4.60 3.72 3.50 2.56 4.02 3.21 4.23 3.80 3.65 3.72 3.72 0.00 0.00 3.58 0.00 2.99 0.00 0.00 0.00 0.00 0.00 3.80 3.29 0.00 0.00 0.00 6.86 7.59 5.40 0.00 0.00 2.63 0.00 0.00 0.00 0.00 0.00 0.00 0.00 0.58 0.58 0.00 0.00 0.00 0.00 2.99 2.56 1.97 3.65 3.43 3.07 1.68 1.39 0.44 0.00 0.00 0.95 0.00 0.00 0.00 0.00 2.12 2.48 1.97 6.13 8.10 7.23 0.59 0.00 0.00 0.00 0.00 0.00 0.00 0.00 0.00
4.31 4.16 4.16 2.77 3.14 4.31 3.43 2.85 0.00 3.72 3.50 3.43 2.77 3.80 3.07 4.53 3.72 3.65 3.65 0.00 0.00 2.92 2.26 0.00 0.00 0.00 0.00 0.00 0.00 2.70 0.00 0.00 0.00 8.10 9.56 5.62 0.00 0.00 0.00 0.00 0.00 0.00 0.00 0.00 0.00 0.00 0.29 0.00 0.00 0.00 0.00 0.00 1.83 1.75 2.99 4.02 3.72 3.58 3.07 2.63 2.70 0.07 0.88 0.00 0.00 0.00 0.88 0.00 0.00 0.95 2.12 1.90 5.48 10.44 11.39 2.57 1.70 0.00 0.00 0.00 0.00 0.00 0.00 0.00
9.49 3.80 5.40 4.89 3.58 3.07 3.43 2.56 3.14 3.43 4.74 4.53 4.45 4.31 5.91 6.20 6.64 4.31 4.31 4.53 0.00 0.00 0.00 0.00 0.00 0.00 3.07 2.04 0.00 0.00 0.00 0.00 0.00 8.10 8.61 6.50 3.43 0.00 0.00 0.00 0.00 0.00 0.00 0.00 0.00 0.00 0.00 0.00 0.00 0.00 0.00 0.00 1.39 1.53 2.19 4.67 4.16 3.72 3.43 4.45 4.96 1.24 1.53 1.46 0.00 1.31 1.61 1.46 1.46 0.00 0.22 4.67 10.66 9.27 14.24 6.06 3.72 2.77 0.00 0.00 0.00 0.00 0.00 0.00
12.56 15.11 15.26 7.30 6.28 3.72 4.16 3.72 2.92 3.94 4.38 4.53 4.74 4.23 4.45 5.77 6.57 5.99 5.99 4.82 3.80 1.10 1.97 3.14 2.99 0.00 0.00 2.34 0.00 0.00 0.00 0.00 0.00 6.86 8.47 4.74 4.02 5.40 0.00 0.00 0.00 0.00 0.00 0.00 0.00 0.00 0.00 0.00 0.00 0.00 0.00 0.07 0.73 1.90 2.63 5.84 5.55 5.91 4.09 6.57 6.13 2.41 2.12 2.63 2.77 2.63 4.82 5.55 5.55 0.00 0.29 1.10 7.81 12.19 10.37 8.40 6.79 4.31 2.70 0.00 0.00 0.00 0.00 0.00
18.69 17.16 18.25 15.48 9.13 3.72 0.00 3.21 3.65 4.38 0.00 4.53 4.23 4.53 4.23 4.02 5.11 6.42 6.42 4.31 3.58 4.23 4.74 4.16 3.29 4.23 5.18 1.46 2.85 2.70 3.43 0.00 5.91 5.55 6.13 4.96 5.62 7.30 8.76 0.00 0.00 0.58 0.00 0.00 0.00 0.00 0.00 0.00 0.00 0.00 1.31 1.46 6.20 5.40 9.13 9.71 5.55 9.13 6.50 6.13 6.28 4.60 4.89 5.11 3.50 9.49 10.00 11.39 11.39 3.29 1.17 2.12 3.43 7.81 7.30 6.28 7.15 6.57 5.26 3.58 3.80 0.00 0.00 0.00
17.74 19.27 15.11 14.02 5.40 4.45 3.43 4.45 4.53 4.09 4.16 4.96 4.02 4.09 4.53 4.16 6.35 5.40 5.40 4.38 4.89 4.53 4.31 4.16 3.65 4.82 5.99 3.36 4.31 5.55 4.02 4.96 6.79 6.13 3.07 7.15 5.26 8.69 5.11 0.00 0.00 0.58 0.58 0.58 0.15 0.00 0.00 0.00 0.00 0.00 2.41 3.58 8.47 13.87 14.82 15.91 11.61 11.83 4.23 4.16 7.12 5.96 6.47 7.81 7.81 13.72 13.43 11.24 11.24 8.54 7.30 8.91 2.99 4.02 4.53 3.14 4.53 6.13 5.48 4.23 4.60 3.72 0.00 0.00
7.37 11.10 10.88 5.48 5.48 5.77 4.60 5.48 6.50 7.52 4.23 5.26 7.23 7.15 8.03 6.28 5.55 6.94 6.94 6.20 6.20 6.50 5.11 4.09 0.00 4.89 8.18 10.80 12.78 11.75 10.22 5.26 3.80 1.83 3.07 3.07 5.62 7.66 11.17 7.15 10.15 5.55 2.04 2.04 1.97 4.60 0.00 0.00 0.07 0.51 1.31 0.73 7.01 6.50 13.14 13.36 16.86 16.57 11.02 10.88 11.97 11.10 11.47 9.20 12.12 13.07 9.86 7.01 7.01 15.48 17.01 11.61 8.98 4.45 1.90 0.00 0.00 0.00 2.41 3.58 4.45 4.96 0.00 0.00
6.06 6.94 6.50 3.07 4.67 4.16 4.53 5.48 5.99 5.77 4.89 5.33 7.01 7.59 8.18 8.83 8.47 7.96 7.96 9.64 7.23 7.08 5.55 4.74 2.99 3.65 5.18 5.91 8.76 10.00 5.84 2.92 3.80 3.07 5.11 5.26 7.66 10.80 9.20 14.82 14.67 14.60 10.22 10.22 3.58 9.56 4.74 0.51 2.12 0.00 0.00 0.37 2.04 2.19 10.80 9.05 14.45 14.89 17.45 16.57 10.73 10.51 8.25 6.64 10.08 7.88 8.25 7.15 7.15 8.69 12.78 13.36 12.70 7.45 2.99 0.00 0.00 0.00 0.00 5.11 5.33 0.00 4.02 0.00
4.67 2.85 2.99 2.56 3.14 3.36 0.00 2.77 4.31 4.16 4.16 4.53 6.35 6.13 5.91 6.57 6.86 6.94 6.94 8.40 5.77 5.84 5.55 3.14 2.92 3.07 2.92 6.64 9.56 7.45 4.89 3.72 4.23 4.53 6.72 7.81 11.46 13.36 13.21 11.75 17.52 21.32 17.52 17.52 13.43 18.32 9.34 5.26 1.17 3.36 0.00 0.66 1.97 3.94 6.13 6.13 12.70 11.39 16.64 14.38 8.98 7.59 7.23 8.03 6.71 8.73 9.05 6.42 6.42 3.87 6.20 8.69 10.73 7.37 2.26 0.00 0.00 3.07 0.00 0.00 5.84 3.21 0.00 0.00
5.04 3.14 2.26 3.72 0.00 0.00 0.00 0.00 0.00 4.60 3.80 4.23 4.60 5.18 5.04 10.44 7.88 5.91 5.91 6.72 6.06 5.48 4.60 3.94 3.65 2.63 5.11 6.42 4.74 6.42 4.23 3.94 6.13 6.06 9.05 7.88 8.40 9.71 8.69 6.28 14.24 19.71 24.09 24.09 19.27 17.37 6.06 11.75 7.37 8.54 4.82 0.22 3.43 4.60 7.15 7.96 8.76 7.59 9.93 9.36 5.69 5.77 5.36 8.83 8.67 10.08 11.14 8.69 8.69 4.67 4.45 6.64 5.26 5.91 3.07 0.00 0.00 4.02 4.67 0.00 0.00 0.00 0.00 0.00
6.94 5.33 3.14 2.12 0.00 0.00 2.63 2.63 3.58 2.56 2.48 3.80 4.82 4.53 10.29 7.52 6.64 6.20 6.20 5.77 3.50 3.72 3.07 4.67 7.01 5.48 4.82 4.96 5.48 4.89 0.00 0.00 0.00 4.16 6.86 0.00 7.15 6.57 5.62 3.07 5.84 14.24 19.71 19.71 22.70 19.93 20.88 20.08 12.78 12.56 6.94 6.50 10.29 6.28 11.17 7.37 8.18 6.35 5.69 4.23 3.24 5.33 4.79 7.59 11.02 12.99 12.77 11.66 11.30 7.34 3.72 3.72 3.21 2.48 0.00 0.00 3.50 5.26 5.27 4.59 0.00 0.00 0.00 0.00
6.06 5.26 1.97 2.85 2.26 2.34 2.70 2.85 2.92 0.00 0.00 0.00 1.97 6.06 7.01 3.65 3.14 3.58 3.58 0.00 2.56 2.34 0.00 3.94 5.18 3.29 2.77 3.80 3.80 0.00 0.00 0.00 0.00 0.00 0.00 0.00 6.20 2.63 3.50 0.00 7.08 17.67 10.51 10.51 17.08 19.35 14.09 15.48 16.13 13.21 11.46 8.32 15.55 12.19 14.38 11.61 11.02 8.98 4.28 5.90 3.43 4.45 4.99 6.39 12.62 11.62 12.19 10.29 10.34 10.39 4.04 4.31 3.72 4.09 3.08 0.00 0.00 4.45 5.28 2.98 0.00 5.62 4.06 0.00
2.77 2.19 2.48 2.56 1.97 3.58 3.36 3.14 0.00 2.85 1.46 1.61 0.00 0.00 4.74 0.00 0.00 0.00 0.00 0.00 0.00 0.00 0.00 0.00 2.63 0.00 0.00 0.00 0.00 0.00 0.00 0.00 0.00 0.00 0.00 0.00 0.00 4.02 0.00 0.00 3.14 4.45 6.94 6.94 15.91 17.01 12.26 12.19 13.36 13.72 13.80 16.28 16.43 16.94 16.57 13.43 12.92 11.75 7.74 7.94 3.39 3.52 3.63 5.00 12.39 12.62 9.66 7.88 7.88 6.19 6.83 5.96 6.60 7.11 5.36 3.98 0.00 0.00 5.64 5.74 4.26 6.85 5.73 0.00
6.57 4.74 2.26 2.19 1.68 3.50 3.14 3.43 0.00 0.00 2.19 0.00 0.00 0.00 2.92 3.58 3.72 3.14 3.14 2.48 1.61 0.00 0.00 0.00 0.00 0.00 0.00 0.00 0.00 0.00 0.00 0.00 0.00 0.00 0.00 0.00 0.00 0.00 0.00 0.00 0.00 4.23 4.60 4.60 7.45 12.34 13.43 12.48 14.97 13.94 13.65 16.35 15.91 15.33 13.07 14.31 14.30 10.37 10.00 11.83 7.23 5.32 5.27 5.69 10.15 11.23 9.24 5.84 5.84 4.79 6.25 9.00 8.75 8.73 7.71 5.21 4.31 3.48 4.16 4.97 5.96 8.21 9.73 5.73
9.71 8.03 5.77 3.94 4.96 2.34 2.26 0.00 0.00 3.43 2.41 0.00 0.00 0.00 3.29 4.89 3.94 1.97 1.97 2.26 1.68 0.00 2.34 0.00 0.00 0.00 0.00 0.00 0.00 0.00 0.00 0.00 0.00 0.00 0.00 1.02 0.00 0.00 0.00 0.00 0.00 0.00 3.50 3.50 2.12 7.08 11.46 12.85 13.65 13.43 12.70 14.38 13.71 15.65 13.53 14.53 14.30 15.62 15.40 14.97 8.61 6.46 8.22 7.18 8.63 11.78 10.81 4.67 4.70 4.58 8.83 9.41 9.20 10.42 9.50 8.25 6.03 4.46 3.28 0.00 7.30 10.52 8.76 0.00
13.72 11.61 7.66 5.04 10.66 7.30 1.75 0.00 3.43 3.21 0.00 1.68 0.00 0.00 0.00 2.77 3.87 0.00 0.00 0.00 0.00 2.34 0.00 0.00 0.00 0.00 1.39 0.00 0.66 0.58 0.00 0.00 0.00 0.00 1.46 0.80 0.00 0.00 0.00 0.00 0.00 0.00 0.00 0.00 3.29 7.59 9.78 10.29 13.14 11.97 12.70 13.80 12.19 12.15 13.63 14.68 14.04 16.54 15.79 13.86 13.72 10.86 9.15 6.52 10.08 8.81 10.48 7.26 7.26 2.88 5.28 6.00 7.96 10.85 11.08 10.56 7.97 5.35 0.00 0.00 5.87 10.67 11.03 5.35
14.38 13.65 12.70 14.02 15.40 11.97 6.57 5.55 3.21 6.50 0.00 0.00 0.00 1.17 0.80 1.24 0.00 0.00 0.00 0.00 0.00 2.92 0.00 0.00 0.00 0.00 2.41 0.29 0.07 0.00 0.22 1.10 0.88 1.10 0.00 0.00 0.00 0.00 0.00 0.00 12.12 2.99 2.41 2.41 5.55 10.59 9.64 11.02 14.38 12.99 12.12 12.63 12.12 12.11 12.22 13.06 11.61 13.99 14.04 12.84 16.89 13.76 11.97 8.73 7.63 10.56 6.24 2.59 2.56 0.00 4.61 3.60 5.89 7.90 11.02 11.23 11.34 6.98 4.61 0.00 0.00 8.50 11.86 10.74
14.09 10.44 13.51 14.09 14.53 10.80 20.59 12.78 9.56 14.53 4.82 2.92 0.00 2.92 1.24 0.00 0.00 0.00 0.00 0.00 0.00 0.00 0.00 0.00 0.00 0.00 1.61 1.68 0.00 0.37 1.17 0.44 0.15 0.73 1.46 2.19 0.00 0.00 0.00 6.42 13.94 12.92 7.45 7.45 7.08 14.24 15.18 14.16 14.31 12.95 13.09 12.60 13.07 12.84 11.23 10.93 11.53 12.26 11.96 9.63 14.45 14.83 13.84 7.23 5.48 6.11 4.22 3.01 2.93 0.00 2.26 3.53 3.75 6.77 9.10 8.76 9.94 6.78 4.47 0.00 7.13 5.02 10.01 0.00
11.75 8.83 8.40 18.25 24.82 28.40 31.46 32.41 27.38 34.82 13.80 14.24 6.64 5.18 2.70 1.17 2.77 1.61 1.61 0.00 2.12 1.83 0.00 0.37 0.51 2.12 1.61 1.75 1.31 1.83 0.00 0.44 1.39 1.97 1.61 0.37 7.66 7.30 10.22 12.48 7.23 7.01 9.56 9.56 14.24 13.80 13.51 13.51 12.34 11.39 11.21 6.63 9.53 7.17 8.02 8.11 10.67 7.63 8.30 11.08 10.64 11.73 13.97 9.78 10.22 6.60 5.84 5.32 5.24 1.39 0.00 3.25 5.86 10.29 9.73 6.94 5.90 2.56 0.00 0.00 0.00 0.00 3.50 4.11
10.80 13.87 10.88 12.63 20.88 28.25 24.02 31.68 34.67 27.23 22.70 17.37 10.29 7.52 4.23 2.85 4.31 2.92 2.92 2.12 1.61 1.90 1.17 0.73 1.31 1.68 0.29 1.39 1.53 1.31 0.58 1.17 1.24 3.43 3.07 6.79 7.37 5.40 4.82 5.55 8.69 7.66 7.66 7.66 10.88 15.62 12.48 10.51 11.74 8.97 9.26 5.20 5.44 5.12 6.85 5.46 9.11 7.18 6.30 10.16 10.18 12.41 12.84 9.93 6.20 8.54 7.26 2.32 2.28 3.21 0.00 0.00 3.25 8.11 10.17 9.78 7.96 4.12 0.00 0.00 0.00 0.00 0.00 4.11
13.51 13.72 7.37 7.96 10.15 21.02 26.06 37.60 31.54 21.97 26.21 20.66 8.69 8.10 8.10 4.82 4.31 2.56 2.56 3.21 2.34 1.24 2.34 0.00 0.22 0.00 0.15 0.66 0.88 1.31 0.44 1.02 0.44 3.58 4.67 7.37 2.85 2.34 0.88 2.48 2.63 8.83 4.96 4.96 7.45 14.31 9.34 10.10 9.33 9.47 6.92 7.07 5.50 6.46 5.87 5.86 5.66 5.24 5.14 9.62 10.52 11.62 11.46 8.83 6.06 8.79 9.16 4.11 4.57 1.36 0.00 0.00 4.81 5.42 9.28 6.71 3.94 0.00 0.00 0.00 0.00 0.00 1.05 4.34
5.48 8.91 3.43 4.60 5.33 12.34 20.88 26.63 21.10 18.03 19.42 5.40 5.62 6.42 7.01 4.53 5.11 4.38 4.38 3.58 3.29 2.77 2.26 0.80 0.00 0.00 0.29 0.88 1.39 0.07 1.46 0.95 0.51 1.53 4.38 2.19 2.12 1.24 0.15 0.00 1.10 1.83 2.85 2.85 6.50 9.20 8.91 8.14 8.76 7.62 7.38 7.71 8.98 6.81 4.97 5.93 6.22 8.23 4.56 7.30 9.62 10.97 11.30 9.64 6.13 6.64 7.14 6.20 5.98 3.73 0.39 0.00 2.34 6.45 5.96 5.09 4.15 1.53 0.00 0.00 0.00 1.50 1.81 3.94
0.00 0.00 0.00 0.00 6.57 9.27 11.61 20.22 16.28 16.72 14.67 8.83 6.79 4.60 2.99 2.56 3.29 4.67 4.67 2.48 2.70 2.77 1.31 0.44 0.58 0.80 0.00 0.58 0.88 0.00 0.00 0.51 1.68 1.02 0.95 3.43 1.39 0.22 0.00 0.00 0.80 1.46 5.18 5.18 9.86 8.47 10.59 10.59 9.56 7.45 7.71 7.26 6.71 6.61 7.06 5.61 4.35 0.00 11.66 10.77 9.99 9.66 11.11 11.63 8.51 6.02 6.73 6.93 6.97 7.09 3.95 0.65 0.80 7.84 2.63 3.09 3.35 2.49 0.00 0.00 0.00 0.65 4.33 3.73
0.00 0.00 0.00 0.00 7.15 7.37 11.39 13.58 13.14 14.53 10.44 11.83 8.98 0.00 0.15 1.97 2.26 2.26 2.26 0.00 1.10 1.31 0.51 0.88 0.07 0.00 0.00 0.00 0.00 0.00 0.00 0.00 0.00 0.59 0.00 1.02 0.58 0.22 0.00 0.00 0.00 0.88 3.65 3.65 3.37 3.80 9.61 10.07 8.00 9.41 8.71 9.70 7.14 7.25 7.34 7.26 0.00 0.00 9.64 9.65 11.13 12.41 10.73 10.24 8.16 9.17 8.54 7.14 8.36 6.11 3.10 5.24 0.00 4.22 0.00 0.00 1.78 2.26 1.71 0.00 0.00 5.38 5.92 6.04
0.00 0.00 0.00 0.00 0.00 0.00 6.13 13.29 13.36 13.43 11.39 9.20 5.69 2.19 3.36 6.35 5.69 2.48 2.48 0.95 0.00 0.29 0.00 0.00 0.00 0.00 0.00 0.00 0.00 0.00 0.00 0.00 0.00 0.00 0.00 0.00 0.00 0.00 0.00 0.00 0.00 0.00 0.00 0.00 1.97 2.34 3.89 8.21 4.53 8.55 6.86 8.05 6.16 5.50 7.30 9.73 0.00 0.00 12.13 14.33 16.47 12.06 12.03 13.19 11.34 9.79 10.40 7.30 8.17 8.01 5.91 3.58 2.64 0.00 0.00 2.90 3.40 0.29 0.00 0.00 0.00 5.11 8.80 5.91
0.00 0.00 0.00 0.00 0.00 0.00 8.03 8.98 13.94 13.36 13.43 11.97 8.03 7.81 5.04 11.41 11.65 5.99 5.99 0.00 1.24 1.46 0.22 0.22 0.00 0.37 0.00 0.00 0.00 0.00 0.00 0.00 0.00 0.00 0.51 1.02 0.29 0.00 0.00 0.00 0.00 0.51 0.00 0.00 0.58 0.29 1.02 2.92 3.75 6.00 7.54 7.63 7.85 7.72 0.00 0.00 0.00 0.00 0.00 0.00 0.00 15.91 11.98 13.12 13.37 11.59 15.32 9.40 9.60 8.87 5.88 4.67 4.66 0.00 0.00 3.33 4.40 1.46 0.00 0.00 0.00 0.00 4.01 0.00
0.00 0.00 0.00 0.00 0.00 0.00 0.00 0.00 7.81 14.16 5.69 5.84 11.24 10.29 9.86 12.99 9.27 7.74 7.22 4.23 1.46 3.14 0.00 0.00 0.00 0.22 0.00 0.00 0.00 0.00 0.00 0.00 0.00 0.00 0.00 0.44 0.66 0.00 0.00 0.00 1.83 2.12 1.02 1.02 0.07 0.00 0.00 4.94 8.11 7.88 9.90 0.00 0.00 0.00 0.00 0.00 0.00 0.00 0.00 0.00 0.00 12.31 13.69 11.73 14.72 14.17 12.59 13.12 16.03 11.96 7.35 5.99 6.58 3.67 0.00 4.22 5.66 4.31 0.00 0.00 0.00 0.00 0.00 0.00
0.00 0.00 0.00 0.00 0.00 0.00 0.00 0.00 0.00 0.00 0.00 0.00 0.00 0.00 0.00 0.00 3.65 4.36 4.43 5.91 9.13 5.33 6.35 3.43 6.50 4.38 4.09 1.97 3.21 1.46 3.50 1.75 0.15 0.22 0.00 3.94 2.92 6.64 5.69 5.50 5.12 6.49 3.21 3.21 5.48 1.17 0.00 3.82 5.79 0.00 0.00 0.00 0.00 0.00 0.00 0.00 0.00 0.00 0.00 0.00 0.00 0.00 11.60 12.48 18.64 13.06 8.30 10.27 11.48 12.09 11.78 8.56 6.28 0.00 0.00 6.39 4.89 0.00 0.00 0.00 0.00 0.00 0.00 0.00
0.00 0.00 0.00 0.00 0.00 0.00 0.00 0.00 0.00 0.00 0.00 0.00 0.00 0.00 0.00 0.00 0.00 4.02 4.02 0.00 4.36 10.52 7.15 5.91 7.96 8.23 7.71 5.18 5.26 3.21 6.79 5.84 0.00 2.19 5.33 8.76 6.50 8.25 7.52 7.23 7.64 9.48 8.10 9.05 7.01 4.38 3.65 5.54 6.18 0.00 0.00 0.00 0.00 0.00 0.00 0.00 0.00 0.00 0.00 0.00 0.00 0.00 0.00 0.00 16.24 8.36 0.00 0.00 0.00 0.00 0.00 0.00 0.00 0.00 0.00 4.99 0.00 0.00 0.00 0.00 0.00 0.00 0.00 0.00
0.00 0.00 0.00 0.00 0.00 0.00 0.00 0.00 0.00 0.00 0.00 0.00 0.00 0.00 0.00 0.00 0.00 0.00 0.00 0.00 0.00 4.38 7.59 0.00 2.77 6.31 7.00 7.74 8.10 7.52 5.55 9.34 7.11 3.72 6.28 4.16 9.49 6.42 4.53 6.64 0.00 0.00 6.13 7.78 8.03 7.30 6.54 5.77 4.15 0.00 0.00 0.00 0.00 0.00 0.00 0.00 0.00 0.00 0.00 0.00 0.00 0.00 0.00 0.00 0.00 0.00 0.00 0.00 0.00 0.00 0.00 0.00 0.00 0.00 0.00 0.00 0.00 0.00 0.00 0.00 0.00 0.00 0.00 0.00
0.00 0.00 0.00 0.00 0.00 0.00 0.00 0.00 0.00 0.00 0.00 0.00 0.00 0.00 0.00 0.00 0.00 0.00 0.00 0.00 0.00 0.00 5.62 0.00 0.00 0.00 0.00 0.00 5.18 6.64 0.00 6.32 11.37 0.00 0.00 0.00 0.00 0.00 0.00 0.00 0.00 0.00 0.00 0.00 5.64 8.22 0.00 0.00 0.00 0.00 0.00 0.00 0.00 0.00 0.00 0.00 0.00 0.00 0.00 0.00 0.00 0.00 0.00 0.00 0.00 0.00 0.00 0.00 0.00 0.00 0.00 0.00 0.00 0.00 0.00 0.00 0.00 0.00 0.00 0.00 0.00 0.00 0.00 0.00
