Wansh/Snow_depth/snowdepth-1998/spring/1998079.txt
ncols 321
nrows 161
xllcenter 60
yllcenter 15 
cellsize  0.25 
NODATA_value -1
[rows 0 to 36 of 161, columns 83 to 165 of 321]
25.55 25.33 25.19 25.11 22.05 18.32 19.71 14.97 15.33 17.74 20.73 19.86 20.66 21.10 21.46 18.25 18.91 22.34 22.63 22.63 22.56 21.46 18.91 15.70 10.95 11.75 6.79 5.48 5.62 5.33 6.06 9.64 8.91 9.56 5.48 3.87 4.16 4.09 3.65 4.67 6.79 5.69 11.32 10.51 10.51 10.51 8.76 5.99 6.06 7.01 9.78 8.98 12.19 8.98 7.15 7.59 11.75 10.80 11.10 10.44 7.81 5.77 5.91 4.96 3.43 3.07 5.77 4.02 4.53 4.53 4.53 4.96 12.12 13.14 12.12 12.26 17.89 17.89 17.89 17.67 16.72 15.18 15.91
24.45 24.60 23.58 21.32 22.27 15.91 14.75 14.97 16.64 15.70 19.42 20.59 20.44 19.42 15.91 16.72 14.09 13.94 14.67 14.67 20.29 20.66 19.05 17.37 17.45 13.72 9.86 6.64 5.48 5.48 5.48 6.42 6.28 6.72 3.72 3.72 1.83 2.12 3.29 5.84 4.74 9.20 13.80 13.51 13.51 14.67 12.26 12.92 8.25 6.06 5.91 6.57 7.52 7.45 7.23 5.84 8.40 8.10 8.25 10.07 9.64 6.06 5.77 6.28 7.37 4.67 4.16 7.74 11.75 11.75 12.05 11.61 12.92 13.07 13.94 15.70 15.26 16.72 16.64 16.64 16.57 16.21 18.10
22.34 22.85 23.00 17.45 15.11 16.28 17.30 19.35 16.79 20.81 20.51 21.83 20.29 20.73 17.45 15.48 13.58 12.92 13.65 13.65 13.29 12.19 16.06 16.79 15.62 16.06 11.39 7.74 8.25 6.13 5.99 6.79 6.79 6.79 5.55 3.29 3.87 3.50 6.35 5.77 8.03 10.22 9.64 13.94 13.94 13.43 13.87 11.53 14.24 8.76 8.76 5.91 4.09 4.31 5.11 5.48 6.94 7.30 10.44 10.80 11.75 10.51 10.00 12.78 10.73 12.78 10.73 13.29 13.51 13.51 13.36 13.87 13.94 13.51 13.94 16.43 19.13 17.89 20.66 19.56 20.37 20.51 19.78
22.34 22.85 23.00 17.45 15.11 16.28 17.30 19.35 16.79 20.81 20.51 21.83 20.29 20.73 17.45 15.48 13.58 12.92 13.65 13.65 13.29 12.19 16.06 16.79 15.62 16.06 11.39 7.74 8.25 6.13 5.99 6.79 6.79 6.79 5.55 3.29 3.87 3.50 6.35 5.77 8.03 10.22 9.64 13.94 13.94 13.43 13.87 11.53 14.24 8.76 8.76 5.91 4.09 4.31 5.11 5.48 6.94 7.30 10.44 10.80 11.75 10.51 10.00 12.78 10.73 12.78 10.73 13.29 13.51 13.51 13.36 13.87 13.94 13.51 13.94 16.43 19.13 17.89 20.66 19.56 20.37 20.51 19.78
21.61 17.37 16.21 16.86 17.89 18.32 17.74 17.30 15.99 20.81 21.39 19.20 19.56 18.54 18.76 17.67 17.45 17.67 11.90 11.90 11.17 11.53 12.26 14.82 14.60 16.06 14.45 9.42 6.42 6.42 5.99 5.55 5.55 6.57 8.54 7.96 7.37 4.31 4.74 3.80 2.99 3.21 3.14 4.23 4.23 6.13 13.07 16.43 16.21 12.19 12.78 7.01 7.88 5.69 4.67 4.67 5.26 5.69 8.98 9.13 12.19 12.12 12.78 13.87 11.39 13.80 14.53 14.31 14.45 14.45 14.38 13.94 13.29 13.80 15.77 14.82 18.18 19.35 18.54 20.08 20.22 18.83 18.32
17.89 18.18 18.76 18.25 18.03 15.70 13.80 15.11 14.31 13.87 14.24 16.86 17.01 16.79 16.86 19.27 19.20 18.10 18.91 18.91 16.57 14.97 11.68 13.72 16.21 15.55 14.75 8.76 9.42 7.66 5.69 5.40 7.01 6.42 8.25 8.98 9.34 4.53 2.04 2.26 1.46 0.00 1.39 2.63 2.63 2.99 10.29 8.32 17.81 15.48 16.79 11.97 7.88 6.28 5.91 7.08 5.99 7.15 7.66 7.01 11.83 11.75 12.70 14.24 15.91 15.40 14.67 13.29 11.24 11.24 10.51 11.90 11.68 13.72 12.70 11.68 12.41 17.16 19.27 11.39 12.85 16.21 18.69
20.00 18.76 18.76 17.23 15.11 15.55 14.53 12.48 13.14 12.92 11.90 11.75 15.55 15.70 15.40 18.40 19.35 19.05 17.74 17.74 18.10 16.64 16.64 17.23 13.87 12.26 14.38 9.13 7.96 7.81 7.52 7.30 6.94 8.69 9.20 8.83 6.72 2.26 3.14 0.00 0.00 0.00 0.37 2.77 2.77 2.04 6.72 11.75 15.99 14.53 15.84 9.56 7.88 7.23 6.35 6.57 8.25 8.40 10.00 9.56 15.62 12.99 16.72 17.45 17.30 17.37 15.91 17.01 15.62 15.62 13.80 13.14 15.11 15.40 14.89 14.24 11.83 11.02 11.17 10.88 11.53 11.75 12.56
20.00 18.76 18.76 17.23 15.11 15.55 14.53 12.48 13.14 12.92 11.90 11.75 15.55 15.70 15.40 18.40 19.35 19.05 17.74 17.74 18.10 16.64 16.64 17.23 13.87 12.26 14.38 9.13 7.96 7.81 7.52 7.30 6.94 8.69 9.20 8.83 6.72 2.26 3.14 0.00 0.00 0.00 0.37 2.77 2.77 2.04 6.72 11.75 15.99 14.53 15.84 9.56 7.88 7.23 6.35 6.57 8.25 8.40 10.00 9.56 15.62 12.99 16.72 17.45 17.30 17.37 15.91 17.01 15.62 15.62 13.80 13.14 15.11 15.40 14.89 14.24 11.83 11.02 11.17 10.88 11.53 11.75 12.56
19.64 16.57 16.57 16.94 15.91 15.04 15.11 12.63 10.37 11.39 10.44 10.88 10.22 11.75 17.08 15.91 19.49 18.61 19.27 19.27 18.32 19.56 19.56 15.48 11.68 12.34 8.47 7.66 7.37 8.40 6.72 7.96 8.10 8.40 8.76 7.23 8.10 5.04 4.31 3.72 0.37 3.07 3.29 3.07 3.07 6.28 10.07 9.13 11.24 13.43 9.56 9.78 9.49 7.59 8.83 6.86 7.66 8.03 10.51 9.27 13.14 13.94 14.45 16.50 14.97 17.52 17.30 17.16 17.37 17.37 16.13 16.64 15.77 15.99 15.77 15.99 14.45 14.82 16.28 12.26 12.19 12.12 10.80
15.18 15.77 14.60 15.11 15.11 14.75 10.73 9.20 10.22 7.74 7.88 9.42 10.88 10.73 12.85 16.43 17.96 19.05 18.76 18.76 18.83 20.66 18.83 18.69 11.46 8.61 8.83 7.81 8.69 8.47 8.03 7.59 7.74 8.10 9.93 9.56 8.76 6.50 7.01 5.48 4.89 5.26 4.16 5.55 5.55 6.13 6.72 6.50 7.66 8.40 9.78 9.05 10.88 11.02 12.05 9.42 9.56 9.34 9.93 9.13 9.64 12.78 13.07 13.58 15.91 14.09 15.70 15.84 17.01 17.01 16.57 16.94 19.13 16.79 15.04 14.60 14.82 14.24 16.72 17.30 14.97 9.13 9.78
14.09 14.67 14.45 14.02 12.92 9.42 10.44 7.45 8.10 8.10 9.27 9.05 10.22 12.19 11.61 14.60 17.81 17.67 18.83 18.83 20.51 19.56 19.42 12.78 14.09 9.86 8.69 8.69 8.18 6.86 8.10 6.94 7.01 6.79 8.76 8.18 9.27 8.47 8.54 8.10 7.23 7.23 6.79 6.64 6.64 7.01 5.84 5.77 7.81 7.81 9.34 10.59 13.36 12.34 10.59 9.49 9.49 9.56 11.39 10.07 15.04 13.14 11.24 13.36 14.38 14.09 16.13 19.64 19.71 19.71 20.81 18.98 19.71 18.03 18.69 14.89 15.33 15.48 16.43 16.35 14.45 12.12 8.61
14.09 14.67 14.45 14.02 12.92 9.42 10.44 7.45 8.10 8.10 9.27 9.05 10.22 12.19 11.61 14.60 17.81 17.67 18.83 18.83 20.51 19.56 19.42 12.78 14.09 9.86 8.69 8.69 8.18 6.86 8.10 6.94 7.01 6.79 8.76 8.18 9.27 8.47 8.54 8.10 7.23 7.23 6.79 6.64 6.64 7.01 5.84 5.77 7.81 7.81 9.34 10.59 13.36 12.34 10.59 9.49 9.49 9.56 11.39 10.07 15.04 13.14 11.24 13.36 14.38 14.09 16.13 19.64 19.71 19.71 20.81 18.98 19.71 18.03 18.69 14.89 15.33 15.48 16.43 16.35 14.45 12.12 8.61
14.53 13.65 13.43 10.66 11.10 8.54 7.88 7.88 8.47 9.13 9.34 11.24 15.04 13.87 16.28 15.26 18.18 19.64 21.61 21.61 21.02 18.98 20.22 15.18 10.66 10.59 9.56 7.08 6.64 6.42 8.25 8.25 8.47 8.03 7.88 8.03 8.98 10.29 10.37 9.20 7.88 7.74 6.13 6.79 6.79 5.33 5.26 5.33 6.06 7.52 9.49 13.21 11.75 11.32 11.83 9.93 8.69 10.22 14.67 16.35 16.28 13.80 13.51 12.85 15.70 17.01 16.28 16.50 18.10 18.10 20.08 21.75 22.48 18.91 20.44 16.35 15.26 14.60 15.33 14.38 15.18 13.65 14.38
14.53 13.94 14.89 9.34 8.32 8.69 9.49 8.69 8.83 9.93 13.29 11.10 16.57 20.88 19.86 20.44 20.08 20.00 21.68 21.68 18.10 18.91 13.58 11.53 11.39 9.78 8.25 7.74 7.96 11.61 9.49 10.22 10.00 10.15 9.71 10.44 10.44 10.29 9.05 6.86 6.86 6.79 6.64 4.16 4.16 3.29 4.60 4.53 7.52 8.25 7.59 8.91 8.54 6.57 7.59 7.45 7.59 13.72 13.36 12.48 12.05 14.24 13.80 13.36 16.64 18.25 20.00 20.15 21.90 21.90 24.16 23.00 23.43 21.39 19.13 16.57 15.91 14.97 9.05 10.66 10.73 11.61 8.98
15.11 13.72 10.66 11.32 9.49 9.86 9.78 9.56 10.80 10.22 13.58 13.94 14.02 19.27 18.91 19.13 17.74 16.79 16.43 16.43 16.72 13.07 13.65 12.12 10.88 11.39 9.27 9.05 8.91 11.39 14.89 16.94 16.57 14.89 10.73 11.32 10.15 7.66 6.13 6.72 5.18 2.92 2.63 2.48 2.48 2.85 3.94 4.60 6.28 6.72 7.88 7.52 7.37 6.06 8.61 11.24 11.39 10.73 9.64 9.49 9.56 12.34 11.97 13.51 14.97 16.50 14.24 16.13 18.83 18.83 21.53 20.29 20.22 19.35 18.98 11.53 9.49 9.78 6.50 4.31 0.37 8.03 8.03
14.53 12.92 11.68 11.90 11.83 11.17 9.71 9.78 7.88 7.96 10.66 11.61 11.10 10.51 12.26 14.24 14.45 14.97 14.75 14.75 14.82 11.61 9.64 10.00 9.93 10.73 11.53 10.59 10.80 11.53 13.87 17.45 16.94 14.75 13.14 9.93 4.74 2.48 2.85 2.92 3.36 3.50 2.19 5.40 5.40 4.82 4.89 5.04 5.99 5.04 6.35 5.91 7.96 8.40 10.15 11.61 8.54 7.88 7.37 7.88 8.10 8.03 8.98 10.66 10.37 14.89 13.14 16.35 17.74 17.74 20.95 20.37 16.21 17.74 13.51 9.93 8.76 4.60 0.00 2.70 0.00 8.10 9.71
14.53 12.92 11.68 11.90 11.83 11.17 9.71 9.78 7.88 7.96 10.66 11.61 11.10 10.51 12.26 14.24 14.45 14.97 14.75 14.75 14.82 11.61 9.64 10.00 9.93 10.73 11.53 10.59 10.80 11.53 13.87 17.45 16.94 14.75 13.14 9.93 4.74 2.48 2.85 2.92 3.36 3.50 2.19 5.40 5.40 4.82 4.89 5.04 5.99 5.04 6.35 5.91 7.96 8.40 10.15 11.61 8.54 7.88 7.37 7.88 8.10 8.03 8.98 10.66 10.37 14.89 13.14 16.35 17.74 17.74 20.95 20.37 16.21 17.74 13.51 9.93 8.76 4.60 0.00 2.70 0.00 8.10 9.71
13.14 13.51 13.43 11.90 13.14 13.07 9.86 6.35 6.64 6.50 7.88 9.13 9.93 12.41 11.90 13.72 13.14 12.70 14.02 14.02 10.00 8.03 8.10 8.83 10.44 9.93 12.92 11.02 11.61 10.66 12.78 16.43 16.72 16.57 11.53 13.07 5.99 2.56 2.41 4.89 4.45 5.62 6.28 5.33 5.33 7.66 8.32 8.03 7.37 7.81 4.45 3.87 5.84 5.18 6.06 5.99 6.64 7.66 7.30 9.13 10.59 10.07 14.38 12.41 12.26 13.72 15.33 18.03 16.79 16.79 21.10 19.20 16.13 10.66 11.46 9.86 8.98 3.87 1.39 4.67 4.23 5.69 5.55
13.80 14.24 14.02 14.31 13.80 12.63 13.14 11.83 5.91 5.99 7.59 10.88 9.34 12.12 14.89 15.18 13.36 14.53 13.36 13.36 13.43 12.34 8.32 7.01 8.76 12.12 11.46 12.48 10.66 11.68 11.53 15.84 17.23 15.99 17.01 13.07 8.54 3.80 2.56 2.19 4.16 3.14 6.13 5.77 5.77 8.18 8.83 12.19 9.86 11.10 7.01 5.69 2.63 2.92 3.29 2.19 4.89 3.94 6.79 11.17 15.99 12.99 11.90 15.40 16.64 15.91 15.55 18.32 23.94 23.94 23.00 23.80 17.45 10.22 5.55 4.38 4.60 2.12 0.00 0.00 2.34 2.85 1.39
13.72 14.89 13.80 14.45 14.38 14.89 14.45 14.82 11.61 8.61 7.59 11.39 12.05 12.78 12.85 12.48 13.36 13.21 13.51 13.51 13.43 13.72 10.44 7.45 7.52 7.37 10.73 10.88 11.32 9.20 7.08 8.10 9.13 12.26 11.90 9.56 10.00 7.59 1.83 1.24 1.10 0.88 2.41 7.74 7.74 12.12 14.24 15.84 12.99 13.14 11.61 8.83 5.77 4.02 4.09 3.21 4.31 8.61 10.44 9.78 13.72 15.33 18.32 17.67 17.45 16.13 16.28 18.54 22.56 22.56 19.27 5.99 4.09 6.94 2.19 0.07 0.07 0.00 1.02 0.66 0.88 0.66 1.31
13.36 12.19 13.58 14.60 14.97 15.04 15.70 13.58 13.80 14.89 13.65 13.07 13.07 13.87 12.34 14.31 11.90 12.78 12.12 12.12 13.51 10.95 11.68 9.49 8.10 9.71 8.98 12.19 9.93 6.42 7.01 4.82 5.91 5.26 7.59 4.74 2.48 0.00 1.53 0.00 1.83 2.48 4.67 11.02 11.02 10.00 15.91 15.11 15.84 13.94 14.67 13.14 8.32 9.78 10.37 5.04 10.59 10.29 9.78 12.63 11.53 11.32 13.65 15.33 13.07 16.06 17.30 17.16 18.25 18.25 9.78 4.02 1.31 0.51 0.88 0.07 0.00 0.51 0.00 0.00 0.00 0.00 0.29
11.24 12.78 12.41 13.72 13.87 11.83 12.12 15.18 16.64 15.99 18.98 21.61 23.58 18.54 17.67 15.55 16.35 14.24 15.84 15.84 15.91 15.99 16.35 15.55 11.75 15.33 17.45 16.50 13.51 13.43 8.18 4.31 4.96 2.63 3.94 2.48 3.21 1.53 0.00 0.00 3.36 3.58 2.34 2.70 2.70 4.02 0.95 4.89 10.00 6.72 7.15 11.75 10.15 9.42 6.79 9.78 8.98 10.73 9.78 7.08 9.56 10.15 10.37 9.64 11.61 14.16 14.09 10.88 6.57 6.57 7.81 4.38 2.34 1.39 0.15 1.24 0.00 0.37 0.00 0.22 0.15 0.00 0.00
11.24 12.78 12.41 13.72 13.87 11.83 12.12 15.18 16.64 15.99 18.98 21.61 23.58 18.54 17.67 15.55 16.35 14.24 15.84 15.84 15.91 15.99 16.35 15.55 11.75 15.33 17.45 16.50 13.51 13.43 8.18 4.31 4.96 2.63 3.94 2.48 3.21 1.53 0.00 0.00 3.36 3.58 2.34 2.70 2.70 4.02 0.95 4.89 10.00 6.72 7.15 11.75 10.15 9.42 6.79 9.78 8.98 10.73 9.78 7.08 9.56 10.15 10.37 9.64 11.61 14.16 14.09 10.88 6.57 6.57 7.81 4.38 2.34 1.39 0.15 1.24 0.00 0.37 0.00 0.22 0.15 0.00 0.00
12.85 12.34 12.63 11.83 12.34 9.93 11.53 10.80 16.64 19.49 22.05 21.75 23.65 23.36 23.43 20.73 18.10 18.47 17.52 17.52 17.08 17.45 17.30 17.52 16.35 18.10 17.81 16.94 14.60 9.64 11.02 4.67 2.99 2.63 2.34 2.34 1.02 0.00 0.29 0.44 1.24 1.24 2.56 0.88 0.88 0.00 0.00 0.00 0.00 0.00 0.00 2.77 1.53 1.46 5.11 6.64 3.29 5.11 4.60 5.99 7.15 7.30 6.86 8.18 11.02 11.61 12.34 9.86 8.10 8.10 8.98 7.30 2.56 2.41 3.14 1.17 0.58 0.73 0.07 0.00 0.00 0.00 0.00
11.39 11.83 11.24 12.85 13.51 10.15 13.07 19.27 19.64 24.09 23.14 23.21 23.58 21.53 18.91 17.16 16.86 17.52 17.45 17.45 17.16 17.30 18.25 18.18 18.47 16.36 17.26 16.22 14.16 13.51 11.17 6.20 7.30 3.72 1.10 0.95 1.24 0.07 0.07 0.66 1.10 0.80 0.73 0.37 0.37 0.00 0.00 0.00 0.00 0.00 0.00 0.00 0.00 0.00 1.97 0.00 0.00 1.68 0.00 3.87 5.26 6.13 8.76 9.42 10.80 10.15 10.29 10.07 7.37 7.37 7.88 8.83 8.03 4.09 3.14 1.53 0.66 1.10 0.51 0.00 0.00 0.00 0.00
12.41 15.11 15.04 14.60 17.67 21.97 15.55 23.21 27.74 29.27 29.71 24.82 22.05 22.56 18.40 14.67 17.45 17.01 18.76 18.76 20.22 19.49 19.86 20.44 21.09 21.25 18.62 18.35 16.11 13.65 14.24 8.83 5.40 7.30 3.58 4.31 1.17 0.29 0.80 1.75 1.61 1.46 0.66 0.58 0.58 0.29 0.00 0.00 0.00 0.00 0.00 0.00 0.00 0.00 0.00 0.00 0.00 0.00 0.00 0.00 2.70 0.00 3.80 4.53 5.26 6.13 4.74 5.62 5.26 5.26 6.86 8.25 6.57 6.35 2.92 1.97 4.60 3.72 1.75 1.10 0.73 0.58 0.51
13.87 16.21 16.57 19.13 18.25 23.36 26.13 25.77 27.74 28.03 23.00 23.94 18.03 12.05 16.79 11.75 17.23 20.73 19.93 19.93 21.90 19.64 20.01 20.02 21.52 21.03 19.67 20.55 18.36 17.01 17.95 13.21 14.38 10.80 6.28 3.50 5.40 3.43 2.19 1.02 1.31 1.97 1.61 0.07 0.07 0.00 0.00 0.00 0.00 0.00 0.00 0.00 0.00 0.00 0.00 0.00 0.00 0.00 0.00 0.00 0.00 0.00 0.00 3.65 5.04 5.26 4.31 7.23 14.24 14.24 11.24 12.12 6.28 7.74 8.54 8.25 8.61 6.35 4.74 3.07 1.83 0.51 0.58
16.57 16.64 16.72 19.20 24.82 23.58 27.08 28.40 29.49 27.59 20.59 15.33 16.50 10.37 8.18 14.67 12.99 21.90 23.00 23.00 16.51 18.80 16.90 12.42 14.97 21.05 17.89 22.20 26.11 25.41 21.53 16.51 13.80 16.94 15.26 16.43 10.29 7.15 5.62 2.70 1.61 1.90 0.66 0.66 0.66 0.00 0.00 0.00 0.00 0.00 0.00 0.00 0.00 0.00 0.00 0.00 0.00 0.00 0.00 0.00 0.00 0.00 6.06 6.06 6.20 6.86 6.72 12.99 15.26 15.26 14.82 13.51 8.10 7.59 5.99 5.99 3.87 3.80 2.70 3.50 2.19 2.19 1.02
16.57 16.64 16.72 19.20 24.82 23.58 27.08 28.40 29.49 27.59 20.59 15.33 16.50 10.37 8.18 14.67 12.99 21.90 23.00 23.11 17.05 19.09 18.09 12.11 15.35 20.73 17.89 21.53 24.26 23.74 21.86 16.68 14.37 19.03 16.14 16.85 10.29 7.15 5.62 2.70 1.61 1.90 0.66 0.66 0.66 0.00 0.00 0.00 0.00 0.00 0.00 0.00 0.00 0.00 0.00 0.00 0.00 0.00 0.00 0.00 0.00 0.00 6.06 6.06 6.20 6.86 6.72 12.99 15.26 15.26 14.82 13.51 8.10 7.59 5.99 5.99 3.87 3.80 2.70 3.50 2.19 2.19 1.02
15.40 16.94 16.64 17.37 18.10 25.84 25.48 27.59 28.84 28.40 28.76 17.59 10.73 12.63 7.96 15.91 23.43 25.62 25.99 25.99 17.01 10.73 8.47 8.07 7.26 13.18 17.40 16.15 22.67 26.35 31.55 27.43 22.77 23.51 21.26 15.58 19.52 9.29 4.38 5.04 1.75 2.04 2.04 1.75 1.75 0.00 0.00 0.00 0.00 0.00 0.00 0.00 0.00 0.00 0.00 0.00 0.00 0.00 0.00 0.00 0.00 0.00 3.58 6.57 8.83 11.97 13.94 13.51 14.02 14.02 12.26 11.97 6.94 5.04 6.94 6.64 6.35 4.31 5.77 5.55 2.77 4.09 1.17
13.80 14.75 14.89 14.75 13.65 15.40 22.56 22.34 24.31 26.65 24.82 25.11 21.39 15.11 17.67 15.91 22.70 26.28 19.35 19.35 21.64 12.34 7.19 4.45 4.67 4.92 8.37 4.45 15.58 27.11 27.50 31.90 25.40 19.86 26.86 24.55 24.31 19.27 19.66 8.98 6.50 5.91 4.16 3.29 3.29 1.24 0.00 1.10 1.31 0.00 0.00 0.00 0.00 0.00 0.00 0.00 0.00 0.00 0.00 0.00 0.00 0.00 0.00 0.00 7.37 12.56 14.16 10.66 13.07 13.07 12.70 10.37 9.34 8.61 8.25 7.08 6.72 6.13 8.61 5.18 4.53 4.67 2.34
15.11 14.89 12.85 13.29 13.58 14.24 13.94 17.01 21.83 21.24 21.24 17.74 14.67 14.97 13.65 13.94 14.24 23.00 11.17 11.17 8.83 6.42 6.72 3.65 3.36 2.34 3.72 3.29 8.77 23.41 34.35 28.98 30.88 30.95 28.25 25.51 29.88 24.79 15.55 17.52 11.02 14.53 5.84 2.34 2.34 4.23 1.24 1.46 0.95 1.83 0.00 0.00 0.00 0.00 0.00 0.00 0.00 0.00 0.00 0.00 0.00 0.00 0.00 0.00 4.23 9.13 5.18 8.40 11.68 11.68 12.92 9.56 7.01 5.62 5.91 5.99 8.69 7.74 9.42 9.34 9.71 6.28 2.41
14.67 14.60 14.75 14.24 15.26 15.77 15.70 17.67 22.56 23.80 21.97 19.35 16.06 14.02 14.31 12.34 10.29 6.13 7.08 7.08 4.82 4.82 4.45 4.67 4.74 3.94 4.53 8.40 13.06 16.64 16.06 24.38 28.03 31.03 30.44 30.51 30.66 31.87 32.07 25.03 21.02 18.25 6.64 5.91 5.91 2.56 1.24 0.00 2.56 2.48 2.04 0.00 0.00 0.00 0.00 0.00 0.00 0.00 0.00 0.00 0.00 0.00 0.00 0.00 0.00 3.07 2.77 6.35 10.07 10.07 11.53 5.99 4.23 2.92 1.75 4.82 8.10 11.17 11.97 9.64 10.59 9.78 8.32
13.87 13.58 13.14 12.70 12.85 16.43 18.91 21.39 20.95 19.17 17.89 19.05 20.81 15.84 10.80 7.59 7.96 4.53 3.07 3.07 3.21 3.29 3.21 5.11 9.71 14.16 6.57 11.53 10.99 14.53 17.81 17.08 18.32 18.83 25.04 30.73 27.81 31.10 29.20 28.68 26.06 22.96 18.47 9.27 9.27 7.01 5.77 3.65 0.00 2.77 3.87 0.00 0.00 0.00 0.00 0.00 0.00 0.00 0.00 0.00 0.00 0.00 0.00 0.00 0.00 0.00 0.00 2.99 3.07 3.07 7.01 0.00 0.00 0.00 0.00 2.70 5.84 5.26 8.18 9.56 7.59 9.42 7.52
15.77 12.48 12.48 10.73 11.32 15.48 20.00 21.39 16.28 17.74 11.68 12.41 12.34 12.70 8.10 2.26 0.37 2.41 0.80 0.80 0.00 0.00 0.00 5.84 3.80 15.55 13.72 10.95 11.61 11.71 16.34 17.55 16.65 19.64 15.99 24.16 15.18 16.94 28.46 23.87 25.33 17.48 22.27 13.58 13.58 12.56 9.93 7.45 5.77 8.32 5.04 4.09 0.00 0.00 0.00 0.00 0.00 0.00 0.00 0.00 0.00 0.00 0.00 0.00 0.00 0.00 0.00 0.00 0.00 0.00 3.14 0.00 0.00 0.00 0.00 1.46 0.00 0.00 4.31 0.00 5.69 8.54 8.32
15.77 12.48 12.48 10.73 11.32 15.48 20.00 21.39 16.28 17.30 11.68 12.41 12.34 12.70 8.10 2.26 0.37 2.41 0.81 0.80 0.00 0.00 0.00 5.84 3.80 15.55 13.72 10.95 11.61 11.53 15.77 16.94 16.57 19.05 15.99 24.28 15.26 16.94 28.32 24.11 25.33 17.30 22.27 13.58 13.58 12.56 9.93 7.45 5.77 8.32 5.04 4.09 0.00 0.00 0.00 0.00 0.00 0.00 0.00 0.00 0.00 0.00 0.00 0.00 0.00 0.00 0.00 0.00 0.00 0.00 3.14 0.00 0.00 0.00 0.00 1.46 0.00 0.00 4.31 0.00 5.69 8.54 8.32
21.17 18.10 13.07 10.07 9.27 14.97 12.34 24.45 18.08 10.60 11.32 8.69 9.71 5.84 1.53 2.12 0.00 0.00 0.00 0.00 0.00 0.00 0.00 2.26 13.36 10.59 18.61 18.03 16.72 16.72 16.35 16.57 15.84 13.87 14.09 14.60 13.80 12.19 10.07 17.31 14.60 7.59 8.40 10.29 10.29 12.05 11.46 8.32 9.34 9.34 9.27 5.40 6.06 2.63 0.00 0.00 0.00 0.00 0.00 0.00 0.00 1.97 1.61 0.00 1.17 0.00 0.00 0.00 0.00 0.00 0.00 0.00 0.00 0.00 0.00 0.00 0.00 0.00 0.00 0.00 0.00 4.67 0.00
