Wansh/Snow_depth/snowdepth-1998/spring/1998100.txt
ncols 321
nrows 161
xllcenter 60
yllcenter 15 
cellsize  0.25 
NODATA_value -1
[rows 0 to 36 of 161, columns 84 to 167 of 321]
0.00 0.00 0.00 0.00 0.00 0.00 0.00 0.00 0.00 6.06 3.72 10.22 13.87 9.78 7.37 4.23 4.45 7.37 7.37 7.08 10.00 10.00 10.00 12.78 11.53 12.12 8.47 4.89 5.04 5.04 4.82 1.83 0.73 0.88 0.00 0.00 0.00 0.00 0.00 0.00 0.00 0.00 0.00 0.00 0.00 0.00 0.00 0.00 0.00 0.00 0.00 0.00 0.00 0.00 0.00 0.00 0.00 0.00 0.00 0.00 0.00 0.00 0.00 0.00 0.00 0.00 0.00 0.00 0.00 0.00 0.00 0.00 0.00 0.00 0.00 0.00 5.11 5.33 4.53 4.67 4.96 5.69 5.33 5.33
0.00 0.00 0.00 0.00 0.00 0.00 0.00 0.00 0.00 8.69 5.77 13.21 17.01 10.80 12.48 4.96 4.45 0.00 0.00 0.00 4.38 3.36 7.08 11.83 12.78 12.48 10.37 10.44 8.61 8.61 4.74 2.92 0.00 0.00 0.00 0.00 0.00 0.00 0.00 0.00 2.56 0.00 0.00 0.00 0.00 0.00 0.00 0.00 0.00 0.00 0.00 0.00 0.00 0.00 0.00 0.00 0.00 0.00 5.55 0.00 0.00 0.00 0.00 0.00 0.00 0.00 0.00 0.00 0.00 0.00 0.00 0.00 0.00 0.00 0.00 0.00 0.00 0.00 3.43 1.97 0.00 2.77 3.80 3.94
0.00 0.00 0.00 0.00 0.00 0.00 0.58 0.00 3.36 10.51 8.18 17.16 17.23 13.43 14.67 0.00 8.47 0.00 0.00 4.31 2.92 4.82 6.86 6.20 9.20 11.02 9.42 11.17 10.73 8.47 6.20 7.15 3.58 1.02 0.00 0.00 0.00 0.00 0.00 0.00 0.00 0.00 0.00 0.00 0.00 0.00 0.00 0.00 0.00 0.00 0.00 0.00 0.00 0.00 0.00 6.06 8.32 7.52 5.69 8.10 7.23 6.79 6.79 7.15 7.59 5.99 8.54 8.98 8.98 8.25 6.86 7.52 0.00 0.00 0.00 0.00 0.00 1.10 3.50 0.44 2.12 0.66 1.17 0.88
0.00 0.00 0.00 0.00 0.00 0.00 0.58 0.00 3.36 10.51 8.18 17.16 17.23 13.43 14.67 0.00 8.47 0.00 0.00 4.31 2.92 4.82 6.86 6.20 9.20 11.02 9.42 11.17 10.73 8.47 6.20 7.15 3.58 1.02 0.00 0.00 0.00 0.00 0.00 0.00 0.00 0.00 0.00 0.00 0.00 0.00 0.00 0.00 0.00 0.00 0.00 0.00 0.00 0.00 0.00 6.06 8.32 7.52 5.69 8.10 7.23 6.79 6.79 7.15 7.59 5.99 8.54 8.98 8.98 8.25 6.86 7.52 0.00 0.00 0.00 0.00 0.00 1.10 3.50 0.44 2.12 0.66 1.17 0.88
0.00 0.00 0.00 0.00 0.00 0.00 0.00 4.31 0.00 0.00 10.59 15.70 13.14 15.62 15.77 14.67 8.25 11.39 11.39 9.05 10.59 7.01 6.79 7.59 7.52 7.74 8.54 10.59 9.78 9.13 6.72 8.10 6.50 5.18 3.72 1.02 0.00 0.00 0.00 0.00 0.00 0.00 0.00 0.00 0.00 0.00 0.00 0.00 0.00 0.00 0.00 0.00 0.00 0.00 0.00 0.00 6.42 7.74 10.51 10.07 9.34 9.93 10.44 7.96 8.47 8.83 10.22 8.83 8.83 8.83 7.96 6.79 6.64 5.40 4.67 4.67 6.13 3.58 6.06 7.01 7.08 1.90 0.80 0.66
0.00 0.00 0.00 0.00 0.00 0.00 0.00 0.00 0.00 0.00 0.00 9.86 6.42 7.59 12.26 10.73 16.72 13.94 13.94 12.85 11.83 10.66 11.24 8.47 8.61 8.76 7.15 7.52 9.27 6.13 6.86 7.23 5.26 5.99 5.77 4.96 0.66 0.00 0.00 0.00 0.00 0.00 0.00 0.00 0.00 0.00 0.00 0.00 0.00 0.00 0.00 0.00 0.00 0.00 0.00 5.40 5.40 6.94 8.25 10.15 10.15 12.05 13.80 13.80 10.07 9.34 10.07 6.64 6.64 5.62 5.99 7.37 7.88 8.18 6.42 6.20 5.99 7.37 7.23 7.81 7.15 7.37 4.38 1.31
0.00 0.00 0.00 0.00 0.00 0.00 0.00 0.00 0.00 0.00 0.00 0.00 12.12 0.00 11.90 19.86 18.91 14.24 14.24 10.22 11.75 13.21 12.92 12.41 12.41 7.74 5.18 5.33 5.18 6.06 6.79 7.45 6.64 6.42 3.07 4.45 1.53 0.00 0.00 0.00 0.00 0.00 0.00 0.00 0.00 0.00 0.00 0.00 0.00 0.00 0.00 0.00 0.00 0.00 0.00 6.64 7.74 9.05 8.69 9.64 13.87 12.70 15.99 14.82 14.31 11.68 9.78 10.59 10.59 8.10 10.00 9.56 8.69 8.91 9.86 10.15 7.81 7.81 7.45 7.59 7.37 5.26 5.69 2.34
0.00 0.00 0.00 0.00 0.00 0.00 0.00 0.00 0.00 0.00 0.00 0.00 12.12 0.00 11.90 19.86 18.91 14.24 14.24 10.22 11.75 13.21 12.92 12.41 12.41 7.74 5.18 5.33 5.18 6.06 6.79 7.45 6.64 6.42 3.07 4.45 1.53 0.00 0.00 0.00 0.00 0.00 0.00 0.00 0.00 0.00 0.00 0.00 0.00 0.00 0.00 0.00 0.00 0.00 0.00 6.64 7.74 9.05 8.69 9.64 13.87 12.70 15.99 14.82 14.31 11.68 9.78 10.59 10.59 8.10 10.00 9.56 8.69 8.91 9.86 10.15 7.81 7.81 7.45 7.59 7.37 5.26 5.69 2.34
0.00 0.00 0.00 0.00 0.00 0.00 0.00 0.00 0.00 0.00 0.00 6.64 0.00 10.73 18.03 16.57 12.78 13.72 13.72 11.53 12.34 14.02 12.19 9.34 10.88 4.67 4.09 5.11 6.42 6.20 6.72 6.72 6.50 6.13 3.36 0.00 0.00 0.00 0.00 0.00 0.00 0.00 0.00 0.00 0.00 0.00 0.00 0.00 0.00 5.18 4.67 4.74 0.00 5.84 5.26 5.11 5.55 4.38 8.18 7.15 12.12 11.02 9.34 12.56 12.34 11.61 12.70 12.41 12.41 12.34 12.48 12.48 13.51 10.22 9.93 9.86 10.00 8.83 8.54 8.54 9.05 6.42 2.77 3.50
0.00 0.00 0.00 0.00 0.00 0.00 0.00 0.00 0.00 0.00 0.00 0.00 0.00 0.00 15.99 12.12 6.86 9.42 9.42 11.90 11.39 12.48 12.12 4.74 3.36 3.87 3.65 5.55 6.72 6.50 5.69 4.74 4.82 3.87 4.31 0.00 2.34 0.00 1.83 0.00 0.00 0.00 0.00 0.00 0.00 0.00 0.00 0.00 0.00 7.37 7.23 7.96 6.50 6.06 4.23 0.00 0.00 0.00 4.45 2.70 2.70 4.67 4.96 4.89 9.05 10.66 10.22 12.41 12.41 14.75 14.45 14.02 12.78 13.36 9.78 9.71 9.20 12.12 10.88 10.07 5.91 3.80 4.38 3.72
0.00 0.00 0.00 0.00 0.00 0.00 0.00 0.00 0.00 0.00 0.00 0.00 0.00 0.00 8.40 7.81 6.57 7.88 7.88 11.17 9.20 6.86 7.52 4.16 3.07 3.21 3.58 6.06 5.84 4.53 4.38 4.89 5.26 4.09 3.43 3.29 3.43 3.50 5.48 0.00 0.00 0.00 0.00 0.00 5.48 0.00 0.00 0.00 0.00 7.23 0.00 5.69 4.60 5.99 0.00 3.29 6.79 0.00 6.06 0.00 0.00 0.00 4.67 7.59 6.94 11.68 14.89 14.89 14.89 16.64 16.57 17.23 13.07 9.78 11.32 7.45 10.66 9.71 10.15 7.37 7.88 4.96 5.04 4.67
0.00 0.00 0.00 0.00 0.00 0.00 0.00 0.00 0.00 0.00 0.00 0.00 0.00 0.00 8.40 7.81 6.57 7.88 7.88 11.17 9.20 6.86 7.52 4.16 3.07 3.21 3.58 6.06 5.84 4.53 4.38 4.89 5.26 4.09 3.43 3.29 3.43 3.50 5.48 0.00 0.00 0.00 0.00 0.00 5.48 0.00 0.00 0.00 0.00 7.23 0.00 5.69 4.60 5.99 0.00 3.29 6.79 0.00 6.06 0.00 0.00 0.00 4.67 7.59 6.94 11.68 14.89 14.89 14.89 16.64 16.57 17.23 13.07 9.78 11.32 7.45 10.66 9.71 10.15 7.37 7.88 4.96 5.04 4.67
0.00 0.00 0.00 0.00 0.00 0.00 0.00 0.00 0.00 0.00 0.00 0.00 0.00 5.62 5.91 5.99 11.02 11.17 11.17 10.95 8.61 4.74 3.58 3.87 3.65 2.92 5.69 4.09 4.89 4.31 5.33 4.53 6.42 6.06 4.45 9.20 7.15 7.96 6.64 6.20 4.02 4.16 0.00 0.00 0.00 0.00 0.00 0.00 0.00 0.00 0.00 0.00 0.00 0.00 0.00 0.00 7.96 7.81 7.37 7.08 4.89 6.64 5.84 7.45 11.46 11.24 15.04 17.23 17.23 17.16 18.32 18.91 19.27 12.41 8.03 8.54 6.42 7.66 8.18 9.05 8.83 8.98 8.83 8.61
0.00 0.00 0.00 0.00 0.00 0.00 0.00 0.00 3.14 4.74 0.00 0.00 0.00 8.54 9.93 9.86 9.71 9.93 9.93 9.86 5.40 4.67 4.60 3.36 1.46 2.99 5.62 5.84 9.49 10.37 10.44 11.39 11.53 6.42 10.29 9.93 8.69 9.78 7.15 5.26 2.34 0.00 0.00 0.00 0.00 0.00 0.00 0.00 0.00 0.00 0.00 0.00 0.00 0.00 0.00 0.00 4.23 0.00 6.13 6.86 4.60 8.32 9.93 9.93 13.21 15.48 15.33 17.23 17.23 18.61 18.54 20.51 17.08 17.96 11.61 7.96 8.32 7.08 4.89 8.76 7.59 6.79 6.79 3.58
0.00 0.00 5.11 6.20 5.04 5.55 6.20 5.26 9.71 0.00 0.00 0.00 0.00 8.47 9.27 9.93 6.64 5.33 5.33 6.20 4.82 4.96 5.40 5.48 5.55 5.11 5.40 5.33 9.71 11.61 14.38 15.48 13.43 10.66 11.17 9.05 1.90 1.17 0.44 1.39 0.00 0.00 0.00 0.00 0.00 0.00 0.00 0.00 0.00 0.00 0.00 0.00 0.00 0.00 0.00 0.00 0.00 0.00 0.00 0.00 0.00 7.30 7.23 7.37 13.07 13.43 12.34 17.16 17.16 17.16 17.45 16.72 15.33 9.27 9.20 4.16 5.62 5.99 2.48 0.00 1.17 3.80 1.83 1.97
5.11 5.62 5.48 6.57 10.59 10.29 11.39 9.71 0.00 0.00 0.00 0.00 0.00 6.86 6.57 6.86 6.64 6.57 6.57 6.13 5.77 6.79 8.69 8.03 8.03 7.08 9.64 10.66 11.24 15.77 13.72 15.18 12.92 9.56 2.85 1.39 1.53 0.00 0.00 0.00 0.00 0.00 0.00 0.00 1.68 0.00 0.00 0.00 0.00 0.00 0.00 0.00 0.00 0.00 0.00 0.00 0.00 0.00 0.00 0.00 0.00 0.00 4.60 4.89 7.15 9.27 11.97 12.70 12.70 12.05 17.30 11.75 14.31 4.31 3.87 2.63 6.13 1.39 0.00 0.00 0.00 0.00 0.00 0.00
5.11 5.62 5.48 6.57 10.59 10.29 11.39 9.71 0.00 0.00 0.00 0.00 0.00 6.86 6.57 6.86 6.64 6.57 6.57 6.13 5.77 6.79 8.69 8.03 8.03 7.08 9.64 10.66 11.24 15.77 13.72 15.18 12.92 9.56 2.85 1.39 1.53 0.00 0.00 0.00 0.00 0.00 0.00 0.00 1.68 0.00 0.00 0.00 0.00 0.00 0.00 0.00 0.00 0.00 0.00 0.00 0.00 0.00 0.00 0.00 0.00 0.00 4.60 4.89 7.15 9.27 11.97 12.70 12.70 12.05 17.30 11.75 14.31 4.31 3.87 2.63 6.13 1.39 0.00 0.00 0.00 0.00 0.00 0.00
5.62 11.39 11.46 12.85 14.89 8.18 0.00 0.00 0.00 0.00 0.00 0.00 7.37 7.30 7.66 7.88 6.79 6.06 6.06 6.28 5.40 5.26 5.04 7.37 9.20 10.15 7.96 6.35 9.42 11.17 14.09 15.04 11.24 12.41 5.84 0.00 0.00 0.00 0.00 0.00 0.00 1.61 1.61 1.61 1.46 1.75 1.10 0.00 0.00 0.00 0.00 0.00 0.00 0.00 0.00 0.00 0.00 0.00 0.00 0.00 2.99 5.62 6.72 3.87 5.69 6.64 10.22 13.21 13.21 20.22 19.20 11.83 2.99 4.45 1.46 6.20 2.04 2.99 0.00 0.00 0.00 0.00 0.00 0.00
10.95 15.04 17.89 18.32 21.39 0.00 0.00 0.00 0.00 0.00 0.00 0.00 6.86 7.45 9.13 8.83 8.40 7.81 7.81 8.83 5.48 6.20 4.82 5.91 7.88 8.83 8.18 7.52 9.20 10.07 14.97 17.01 15.26 15.62 12.70 7.88 4.82 0.29 2.41 2.12 1.53 1.17 0.00 0.00 0.00 0.00 0.00 0.00 0.00 0.00 0.00 0.00 0.00 0.00 0.00 0.00 0.00 0.00 4.67 10.88 9.64 11.32 11.39 5.11 5.33 8.25 15.55 11.39 11.39 20.88 13.80 4.16 5.69 2.34 1.31 1.39 1.17 0.00 0.00 0.00 0.00 0.00 0.00 0.00
9.64 15.18 11.24 23.51 0.00 0.00 0.00 0.00 0.00 0.00 0.00 9.64 9.13 9.71 9.05 8.54 10.15 10.44 10.44 8.69 6.94 7.81 5.11 5.99 7.23 7.81 8.18 6.50 7.45 7.01 10.51 12.63 6.20 8.91 7.96 9.05 4.16 0.88 0.00 0.00 0.00 0.00 0.00 0.00 0.00 0.00 0.00 0.00 0.00 0.00 0.00 0.00 0.00 0.00 0.00 0.00 0.00 0.00 0.00 9.49 11.10 10.88 13.58 10.29 10.80 10.15 15.55 15.11 15.11 20.22 11.46 0.88 5.91 0.15 0.00 0.00 0.00 0.00 0.00 0.00 0.00 0.00 0.00 0.00
10.88 10.07 9.78 0.00 0.00 0.00 0.00 0.00 0.00 0.00 0.00 11.97 13.65 10.59 12.26 11.83 12.19 12.63 12.63 10.15 12.92 10.00 8.03 6.50 8.40 10.22 8.47 7.59 4.53 3.72 2.70 3.14 3.36 5.77 2.34 1.24 0.88 0.73 0.00 2.12 0.95 1.61 0.00 0.00 0.00 0.00 0.00 0.00 0.00 0.00 0.00 0.00 0.00 0.00 0.00 0.00 0.00 0.00 0.00 4.09 7.45 6.20 9.56 10.00 10.00 14.97 14.24 10.15 10.15 3.36 8.98 0.66 0.00 0.00 0.00 0.00 0.00 0.00 0.00 0.00 0.00 0.00 0.00 0.00
10.15 11.46 12.70 9.42 0.00 0.00 0.00 0.00 0.00 0.00 0.00 17.37 23.73 21.75 19.27 15.99 15.70 17.37 17.37 15.99 16.57 13.07 11.68 14.82 10.15 16.21 13.87 10.88 13.43 8.83 3.36 5.18 2.48 2.99 1.97 0.73 0.00 0.95 1.31 2.26 3.80 0.95 0.66 0.66 0.66 1.61 1.31 0.00 0.00 0.00 0.00 0.00 0.00 0.00 0.00 0.00 0.00 0.00 0.00 0.00 0.00 0.00 0.00 8.61 8.40 7.59 6.57 7.52 7.52 2.34 0.00 0.00 0.00 0.00 0.00 0.00 0.00 0.00 0.00 0.00 0.00 0.00 0.00 0.00
10.15 11.46 12.70 9.42 0.00 0.00 0.00 0.00 0.00 0.00 0.00 17.37 23.73 21.75 19.27 15.99 15.70 17.37 17.37 15.99 16.57 13.07 11.68 14.82 10.15 16.21 13.87 10.88 13.43 8.83 3.36 5.18 2.48 2.99 1.97 0.73 0.00 0.95 1.31 2.26 3.80 0.95 0.66 0.66 0.66 1.61 1.31 0.00 0.00 0.00 0.00 0.00 0.00 0.00 0.00 0.00 0.00 0.00 0.00 0.00 0.00 0.00 0.00 8.61 8.40 7.59 6.57 7.52 7.52 2.34 0.00 0.00 0.00 0.00 0.00 0.00 0.00 0.00 0.00 0.00 0.00 0.00 0.00 0.00
6.94 2.85 8.03 0.00 0.00 0.00 0.00 0.00 0.00 0.00 0.00 18.32 21.46 21.75 19.86 17.08 16.13 15.99 15.99 15.62 13.65 14.02 13.94 15.18 14.89 16.79 14.24 14.45 14.38 8.76 5.84 2.85 1.97 0.73 0.95 0.51 0.00 0.44 0.15 1.46 0.22 0.37 0.73 0.73 0.07 0.00 0.00 2.56 0.00 0.00 0.00 0.00 0.00 2.92 3.21 0.00 0.00 0.00 0.00 0.00 0.00 0.00 0.00 6.79 6.57 6.72 4.45 2.77 2.77 2.99 4.23 4.82 0.00 0.00 0.00 0.00 0.00 0.00 0.00 0.00 0.00 0.00 0.00 0.00
2.77 0.00 0.00 0.00 0.00 0.00 0.00 0.00 0.00 0.00 0.00 19.86 19.93 15.55 17.16 16.50 15.77 14.89 14.89 18.98 16.50 16.06 16.64 17.51 15.48 14.92 11.28 12.41 10.15 9.13 9.93 3.58 1.39 0.00 0.58 0.00 0.00 0.37 0.00 0.80 0.80 1.17 0.58 0.58 0.22 0.07 0.00 0.00 0.00 0.00 0.00 0.00 0.00 0.00 0.00 0.00 0.00 0.00 0.00 0.00 0.00 0.00 0.00 0.00 6.28 3.94 4.38 4.31 4.31 6.20 5.69 5.62 0.00 0.00 0.00 0.00 0.00 0.00 0.00 0.00 0.00 0.00 0.00 0.00
0.00 4.16 0.00 0.00 0.00 0.00 0.00 0.00 0.00 0.00 14.02 6.57 9.34 11.61 15.33 12.78 22.34 22.48 22.48 23.00 19.71 14.60 15.55 20.16 19.52 15.20 18.19 16.86 14.24 11.75 9.64 7.15 7.59 3.07 0.37 0.66 0.00 0.00 1.31 0.58 0.44 0.00 0.00 0.00 0.00 0.00 0.00 0.00 0.00 0.00 0.00 0.00 0.00 0.00 0.00 0.00 0.00 0.00 0.00 0.00 0.00 3.58 4.60 4.67 3.80 3.29 4.67 0.00 0.00 5.55 4.67 0.00 3.94 0.00 0.00 0.00 0.00 0.00 0.00 0.00 0.00 0.00 0.00 0.00
1.24 3.43 0.00 0.00 0.00 0.00 0.00 0.00 0.00 0.00 8.03 2.63 2.41 6.13 7.08 12.05 20.59 18.91 18.91 9.71 10.15 8.82 14.75 20.62 20.58 19.59 19.78 17.99 16.33 12.81 11.10 7.88 9.13 6.72 7.01 0.51 0.88 2.70 0.80 1.10 0.37 0.00 0.00 0.00 0.00 0.00 0.00 0.00 0.00 0.00 0.00 0.00 0.00 0.00 0.00 0.00 0.00 0.00 0.00 0.00 3.29 3.36 4.02 3.65 1.68 2.04 3.14 5.18 5.18 5.26 7.59 5.40 3.72 3.87 3.29 3.58 1.97 2.19 0.00 0.00 0.00 0.00 0.00 0.00
0.00 0.00 0.00 0.00 0.00 1.53 0.00 0.00 0.00 0.00 6.50 4.67 1.10 1.53 2.04 7.30 4.45 0.00 0.00 0.00 3.47 0.00 13.32 8.98 14.97 12.63 19.34 20.63 18.70 15.78 13.87 13.51 13.58 11.39 11.53 4.74 6.35 3.50 1.90 0.07 1.17 0.00 0.00 0.00 0.00 0.29 0.00 0.00 0.00 0.00 0.00 0.00 0.00 0.00 0.00 0.00 0.00 0.00 0.00 0.00 2.77 2.99 2.56 3.50 3.43 6.20 5.84 7.23 7.23 8.10 8.54 7.52 4.67 2.99 3.14 4.16 3.94 0.00 0.00 0.00 0.00 0.00 0.00 0.00
0.00 0.00 0.00 0.00 0.00 1.53 0.00 0.00 0.00 0.00 6.50 4.67 1.10 1.53 2.04 7.30 4.45 0.00 0.00 0.00 3.52 0.00 12.99 9.21 14.75 12.63 18.76 19.17 17.48 16.02 14.01 14.07 15.26 12.05 11.83 4.74 6.35 3.50 1.90 0.07 1.17 0.00 0.00 0.00 0.00 0.29 0.00 0.00 0.00 0.00 0.00 0.00 0.00 0.00 0.00 0.00 0.00 0.00 0.00 0.00 2.77 2.99 2.56 3.50 3.43 6.20 5.84 7.23 7.23 8.10 8.54 7.52 4.67 2.99 3.14 4.16 3.94 0.00 0.00 0.00 0.00 0.00 0.00 0.00
0.00 0.00 0.00 0.00 0.00 0.00 0.00 0.00 0.00 0.00 0.07 1.02 1.97 1.75 0.73 0.00 0.00 0.00 0.00 0.00 0.00 0.00 2.64 0.00 8.61 0.00 5.68 9.61 11.24 10.64 13.13 12.10 16.89 15.80 14.52 13.84 11.43 4.53 2.19 2.70 0.66 0.00 0.29 0.29 0.29 0.22 0.07 0.00 0.00 0.00 0.00 0.00 0.00 0.00 0.00 0.00 0.00 0.00 0.00 0.00 0.00 0.00 1.83 1.61 5.26 7.37 8.91 7.66 7.66 8.54 6.94 6.06 6.28 4.09 4.89 4.31 4.74 2.56 0.00 0.00 0.00 0.00 0.00 0.00
0.00 0.00 0.00 0.00 0.00 0.00 0.00 0.00 0.00 0.00 0.00 0.88 1.02 0.44 0.00 0.00 0.00 1.61 1.61 0.81 1.24 0.00 0.00 0.00 0.00 0.00 0.00 0.00 0.00 3.54 7.81 6.50 12.56 12.42 17.86 16.65 13.12 10.56 10.59 8.83 3.72 3.07 2.41 2.41 0.00 0.00 0.00 0.15 0.00 0.00 0.00 0.00 0.00 0.00 0.00 0.00 0.00 0.00 0.00 0.00 0.00 0.00 0.51 4.67 3.65 8.10 8.54 10.15 10.15 9.49 8.25 7.45 6.94 6.79 6.50 5.04 5.77 2.99 2.92 0.00 1.68 0.00 0.00 0.00
0.00 0.00 0.00 0.00 0.00 0.00 0.00 0.00 0.00 0.80 4.53 1.68 4.60 3.07 3.43 4.74 7.66 4.31 4.31 2.34 2.92 0.00 0.29 0.00 0.00 0.00 0.00 0.00 0.00 0.00 2.99 1.39 9.56 7.66 15.45 18.29 18.37 15.18 16.28 14.09 9.13 10.80 3.50 3.50 1.02 1.10 0.00 0.00 0.00 0.00 0.00 0.00 0.00 0.00 0.00 0.00 0.00 0.00 0.00 0.00 0.00 0.00 0.00 3.21 2.70 5.99 6.28 9.71 9.71 10.73 10.66 9.20 6.79 5.91 5.33 5.69 7.74 6.28 6.57 2.92 1.97 0.00 0.00 0.00
0.00 0.00 0.00 0.00 0.00 0.00 0.00 0.00 0.00 5.62 5.18 4.60 4.67 4.67 5.84 9.71 7.01 4.74 4.74 2.41 0.22 0.00 0.00 0.00 0.00 0.00 0.00 0.00 0.00 0.00 0.00 0.00 4.82 5.04 7.37 18.32 19.34 18.61 16.46 14.45 10.59 12.05 6.28 6.28 1.24 3.65 0.95 0.88 0.00 0.00 0.00 0.00 0.00 0.00 0.00 0.00 0.00 0.00 0.00 0.00 0.00 0.00 1.75 1.46 0.66 0.88 6.86 5.84 5.84 8.40 3.94 5.18 4.96 3.50 3.87 3.36 5.33 7.23 8.03 7.01 4.96 2.56 0.00 0.00
0.00 0.00 0.00 0.00 0.00 0.00 0.00 0.00 5.31 0.00 0.00 2.48 0.80 7.74 4.96 3.07 3.50 1.97 1.97 0.00 0.00 0.00 0.00 0.00 0.00 0.00 0.00 0.00 0.00 0.00 0.00 0.00 0.00 0.00 4.60 7.96 14.24 5.91 10.82 14.08 13.94 12.85 9.93 9.93 6.06 7.15 0.80 2.92 0.37 1.39 0.66 0.66 0.00 0.00 0.00 0.00 0.00 0.00 0.00 0.00 0.00 0.00 0.00 0.00 0.00 0.00 0.00 3.50 3.50 3.58 0.00 0.00 0.29 1.24 1.68 3.36 4.02 3.58 6.28 5.33 6.20 5.84 3.87 0.00
0.00 0.00 0.00 0.00 0.00 0.00 0.00 0.00 0.00 0.00 0.00 1.83 3.80 4.23 1.75 0.00 0.00 0.00 0.00 0.00 0.00 0.00 0.00 0.00 0.00 0.00 0.00 0.00 0.00 0.00 0.00 0.00 0.00 0.00 0.00 2.41 0.00 0.22 4.02 10.88 4.87 7.08 10.00 10.00 7.01 5.04 4.38 4.60 2.19 4.02 1.10 0.58 1.46 0.00 0.00 0.00 0.00 0.00 0.00 0.00 0.00 0.00 0.00 0.00 0.00 0.00 0.00 0.00 0.00 0.00 0.00 0.00 0.00 0.00 0.00 0.00 1.24 2.70 2.56 2.85 4.60 4.02 4.53 2.41
0.00 0.00 0.00 0.00 0.00 0.00 0.00 0.00 0.00 0.00 0.00 1.83 3.80 4.23 1.75 0.00 0.00 0.00 0.00 0.00 0.00 0.00 0.00 0.00 0.00 0.00 0.00 0.00 0.00 0.00 0.00 0.00 0.00 0.00 0.00 2.42 0.00 0.22 4.06 10.88 4.82 7.08 10.00 10.00 7.01 5.04 4.38 4.60 2.19 4.02 1.10 0.58 1.46 0.00 0.00 0.00 0.00 0.00 0.00 0.00 0.00 0.00 0.00 0.00 0.00 0.00 0.00 0.00 0.00 0.00 0.00 0.00 0.00 0.00 0.00 0.00 1.24 2.70 2.56 2.85 4.60 4.02 4.53 2.41
0.00 0.00 0.00 0.00 0.00 0.00 0.00 0.00 0.00 0.00 0.37 1.68 2.99 2.92 0.58 0.00 0.00 0.00 0.00 0.00 0.00 0.00 0.00 0.00 0.00 0.00 0.00 0.00 0.00 0.00 0.00 0.00 0.00 0.00 0.00 0.00 0.00 0.00 0.37 1.17 0.51 4.16 5.18 5.18 0.00 3.14 3.80 3.07 2.56 4.16 4.02 1.97 0.00 0.00 0.00 0.00 0.00 0.00 0.00 0.00 0.00 0.15 0.00 0.37 0.00 0.00 0.00 0.00 0.00 0.00 0.00 0.00 0.00 0.00 0.00 0.00 0.00 0.07 0.07 0.15 0.80 2.70 0.00 0.00
