Wansh/Snow_depth/snowdepth-1998/spring/1998065.txt
ncols 321
nrows 161
xllcenter 60
yllcenter 15 
cellsize  0.25 
NODATA_value -1
[rows 0 to 36 of 161, columns 166 to 248 of 321]
13.21 13.21 12.05 9.34 6.42 6.20 5.69 6.57 6.13 6.57 6.79 6.79 7.01 6.13 5.40 4.96 6.06 5.91 5.91 4.96 10.00 9.64 10.37 7.81 6.94 8.91 8.91 8.91 10.29 4.89 0.00 0.00 0.00 0.00 8.47 16.13 13.72 13.72 13.72 13.72 13.72 15.62 13.43 13.36 13.58 17.08 20.73 19.49 23.51 21.24 18.54 19.35 15.84 19.78 17.96 18.47 18.32 20.66 21.97 21.97 19.93 18.25 18.25 18.69 20.37 19.86 23.07 24.60 24.75 21.24 17.81 18.69 15.62 16.21 15.70 16.35 16.57 17.01 19.27 19.56 18.61 18.69 18.98
14.31 13.14 11.46 11.24 7.59 8.54 5.84 5.33 4.74 5.04 5.62 5.62 6.35 5.77 5.26 5.77 6.20 5.77 6.57 9.42 10.66 8.40 9.20 8.25 8.61 9.13 9.42 4.74 0.00 0.00 0.00 0.00 0.00 9.05 12.26 12.05 13.14 13.14 11.46 13.14 14.97 15.70 14.31 14.31 13.80 17.01 18.91 19.86 19.93 20.15 18.47 19.35 20.73 20.73 19.56 18.54 18.61 20.08 18.91 18.91 19.93 18.03 18.03 19.64 19.05 22.78 23.58 23.87 21.39 22.05 18.47 18.76 16.72 16.57 16.64 16.72 16.57 18.10 17.52 19.20 19.78 18.98 15.04
16.64 15.99 13.51 14.60 11.75 10.29 8.69 6.13 7.01 7.45 5.77 5.77 5.84 4.96 6.20 5.04 7.81 8.18 9.86 9.42 10.37 9.05 9.27 9.20 9.27 9.78 9.27 2.99 0.00 0.00 0.00 0.51 0.00 6.72 9.27 9.34 9.20 9.20 10.88 10.66 12.70 17.37 15.84 12.78 13.58 13.29 16.13 14.16 12.48 16.13 15.33 18.40 20.81 20.44 20.59 18.54 18.25 17.59 17.59 18.91 18.69 18.69 18.69 20.29 21.97 21.53 23.65 22.56 22.92 19.78 19.49 19.56 17.74 17.23 17.01 15.11 15.77 17.01 16.43 16.64 14.24 14.45 13.80
16.64 15.99 13.51 14.60 11.75 10.29 8.69 6.13 7.01 7.45 5.77 5.77 5.84 4.96 6.20 5.04 7.81 8.18 9.86 9.42 10.37 9.05 9.27 9.20 9.27 9.78 9.27 2.99 0.00 0.00 0.00 0.51 0.00 6.72 9.27 9.34 9.20 9.20 10.88 10.66 12.70 17.37 15.84 12.78 13.58 13.29 16.13 14.16 12.48 16.13 15.33 18.40 20.81 20.44 20.59 18.54 18.25 17.59 17.59 18.91 18.69 18.69 18.69 20.29 21.97 21.53 23.65 22.56 22.92 19.78 19.49 19.56 17.74 17.23 17.01 15.11 15.77 17.01 16.43 16.64 14.24 14.45 13.80
17.08 16.35 15.40 14.82 11.10 12.12 10.07 9.64 8.54 9.34 5.48 5.48 6.57 6.50 7.08 5.84 8.91 9.13 9.78 10.29 8.61 9.05 8.91 8.10 7.88 9.93 0.00 7.59 0.00 0.00 0.00 4.09 7.23 7.96 8.61 7.45 10.88 10.88 10.29 10.73 10.51 10.44 10.22 11.53 8.83 7.66 9.49 8.69 11.32 16.13 19.05 17.89 20.51 21.17 20.29 20.44 18.47 18.61 19.13 19.13 18.83 20.59 20.59 20.29 21.97 24.60 24.45 23.21 20.88 21.02 18.40 17.74 18.03 15.48 15.84 13.87 11.53 11.68 10.44 12.56 12.63 12.34 12.05
17.08 16.94 16.57 17.01 12.99 13.36 11.02 11.02 9.49 11.75 7.37 7.37 8.40 7.96 9.13 7.66 10.80 11.02 9.56 8.32 8.10 7.30 7.01 6.57 2.56 6.72 0.00 0.00 0.00 0.00 0.00 3.65 7.30 8.69 10.07 9.42 12.12 12.12 11.39 9.27 8.03 5.62 6.64 6.28 6.13 7.30 9.27 11.90 15.04 13.87 18.40 20.66 23.29 22.85 21.24 18.54 19.20 18.10 15.11 17.67 16.94 21.02 21.02 24.31 23.14 25.55 22.34 23.29 19.35 17.30 17.45 16.79 14.89 15.40 11.61 11.97 10.80 10.80 10.59 11.75 13.21 11.97 12.85
12.63 15.62 17.52 17.08 14.31 14.75 12.19 12.34 11.61 11.24 12.19 12.19 11.68 10.51 11.90 11.61 11.17 12.26 9.13 10.00 8.18 6.57 0.00 0.00 0.00 0.00 0.00 0.00 0.00 1.90 7.23 10.59 9.71 10.80 12.63 15.40 15.11 15.11 11.46 12.78 6.94 4.82 4.89 4.96 5.62 8.47 7.59 9.56 11.61 15.55 14.16 19.78 17.59 18.91 18.91 18.18 13.14 13.87 14.24 14.16 17.08 16.64 16.64 23.29 23.51 23.21 20.95 17.59 18.47 17.16 17.08 16.94 15.48 11.97 12.26 11.61 11.02 11.02 11.10 10.95 13.21 16.43 16.95
12.63 15.62 17.52 17.08 14.31 14.75 12.19 12.34 11.61 11.24 12.19 12.19 11.68 10.51 11.90 11.61 11.17 12.26 9.13 10.00 8.18 6.57 0.00 0.00 0.00 0.00 0.00 0.00 0.00 1.90 7.23 10.59 9.71 10.80 12.63 15.40 15.11 15.11 11.46 12.78 6.94 4.82 4.89 4.96 5.62 8.47 7.59 9.56 11.61 15.55 14.16 19.78 17.59 18.91 18.91 18.18 13.14 13.87 14.24 14.16 17.08 16.64 16.64 23.29 23.51 23.21 20.95 17.59 18.47 17.16 17.08 16.94 15.48 11.97 12.26 11.61 11.02 12.74 15.30 15.76 18.10 27.91 27.99
7.23 12.41 16.86 15.55 15.40 15.70 14.24 11.68 11.17 11.17 10.51 10.51 10.66 10.95 10.88 12.92 12.19 11.17 9.49 9.78 8.03 0.00 0.00 0.00 0.00 0.00 0.00 0.00 1.46 7.30 8.61 10.15 11.90 14.60 13.80 16.35 13.94 13.94 8.25 4.82 4.96 4.02 1.24 3.43 5.40 7.30 8.54 8.10 11.46 14.31 14.89 15.26 15.18 15.26 9.64 10.73 11.24 9.71 12.78 12.05 17.74 19.35 19.35 18.47 22.27 21.39 21.90 18.69 17.67 17.52 15.99 15.33 15.77 14.53 11.97 12.42 14.51 17.72 18.43 19.91 15.92 23.43 27.51
7.23 7.88 7.23 11.39 10.44 15.55 15.26 13.14 11.97 11.24 11.83 11.83 10.15 11.46 9.93 10.51 10.80 10.51 0.00 0.00 0.00 0.00 0.00 0.00 0.00 5.40 6.64 8.18 7.52 8.25 8.32 9.71 11.17 12.56 12.78 8.47 12.70 12.70 2.56 1.90 1.31 1.61 1.39 2.56 3.87 5.77 7.66 7.01 10.37 9.71 12.78 12.19 8.47 8.32 7.74 7.23 8.47 8.47 11.53 14.82 13.80 18.47 18.47 19.64 19.35 21.32 19.05 19.20 15.33 14.60 15.04 14.53 14.82 15.04 12.84 15.35 16.67 17.20 20.84 21.50 26.91 25.79 23.06
9.34 8.76 7.37 7.37 6.79 10.88 11.39 12.19 11.97 11.90 11.97 11.97 11.10 9.27 8.83 6.72 0.00 2.34 0.00 0.00 0.00 0.00 0.00 0.00 0.00 7.30 8.69 5.84 7.08 8.25 7.96 8.83 8.83 4.09 5.11 4.60 5.04 5.04 4.53 2.26 2.77 5.40 5.26 5.04 5.11 5.33 4.16 4.53 6.20 5.40 8.91 6.57 5.99 5.48 5.48 6.94 6.94 11.17 10.37 15.18 19.20 18.40 18.40 19.71 18.10 18.40 17.45 14.60 14.60 14.09 14.67 14.38 14.67 14.24 13.85 11.04 11.74 15.62 20.18 24.18 21.09 22.22 23.74
9.34 8.76 7.37 7.37 6.79 10.88 11.39 12.19 11.97 11.90 11.97 11.97 11.10 9.27 8.83 6.72 0.00 2.34 0.00 0.00 0.00 0.00 0.00 0.00 0.00 7.30 8.69 5.84 7.08 8.25 7.96 8.83 8.83 4.09 5.11 4.60 5.04 5.04 4.53 2.26 2.77 5.40 5.26 5.04 5.11 5.33 4.16 4.53 6.20 5.40 8.91 6.57 5.99 5.48 5.48 6.94 6.94 11.17 10.37 15.18 19.20 18.40 18.40 19.71 18.10 18.40 17.45 14.60 14.60 14.09 14.67 14.38 14.67 14.24 13.51 10.88 11.39 14.51 17.99 22.39 22.49 23.05 23.74
10.80 10.66 10.37 7.66 7.08 9.13 7.45 10.59 10.95 8.69 6.86 6.86 7.45 8.83 1.61 0.00 0.00 0.00 0.00 0.00 0.00 3.29 5.18 6.50 0.95 3.80 3.80 4.16 4.67 3.80 4.53 3.43 3.80 3.80 3.29 3.07 2.70 2.70 4.09 5.33 4.96 5.55 5.84 4.82 3.14 3.14 3.14 2.63 2.19 4.96 6.06 6.57 3.94 4.60 3.87 5.84 6.94 11.68 14.53 13.43 18.32 16.72 16.72 15.99 17.16 15.04 15.48 13.43 14.82 14.02 16.13 15.18 15.40 15.11 15.33 15.48 11.98 14.99 17.70 18.30 22.38 22.12 21.80
8.61 8.61 7.59 7.52 6.13 6.28 7.01 6.20 6.86 3.50 5.84 5.84 0.00 3.65 0.00 0.00 0.00 0.00 0.00 3.21 4.53 3.87 4.38 5.18 3.43 2.85 3.07 4.23 6.13 5.55 5.55 4.31 4.67 3.94 4.16 2.12 4.82 4.82 5.48 6.13 5.40 4.45 3.21 3.65 2.34 1.24 1.97 1.90 1.68 2.92 2.56 3.21 3.21 3.94 3.80 6.42 5.91 8.10 11.61 11.46 11.02 14.31 14.31 17.45 16.72 17.08 17.30 17.59 15.91 15.91 16.06 18.40 17.59 17.37 17.01 15.75 21.05 18.71 16.97 17.61 23.36 21.17 23.99
6.13 5.99 5.84 6.86 8.10 9.13 9.20 6.94 6.13 3.43 0.00 0.00 6.06 1.17 2.12 0.15 2.63 0.00 3.87 4.53 5.62 3.50 4.31 6.20 4.45 5.99 5.69 5.91 6.28 6.72 6.57 6.50 5.04 4.82 6.86 2.48 2.63 2.63 5.33 4.38 4.96 4.60 2.77 0.58 0.73 0.66 2.41 2.04 2.04 2.19 2.04 2.92 2.77 2.56 3.36 2.92 6.86 6.50 6.94 10.51 12.41 11.46 11.46 17.23 18.25 18.18 19.42 19.42 20.37 17.81 19.86 18.76 23.73 20.73 16.64 22.35 19.43 21.90 20.72 24.87 22.32 22.65 22.63
5.99 6.86 5.77 7.66 8.47 8.25 10.15 7.88 8.61 8.40 7.01 7.01 6.13 8.91 7.52 5.84 4.53 4.23 4.16 4.23 1.02 1.31 3.65 2.85 3.87 6.20 6.64 6.72 5.04 6.64 5.99 6.42 7.96 7.66 4.67 3.65 3.65 3.65 3.65 3.80 3.87 2.34 2.34 2.12 2.26 1.83 1.97 2.34 2.70 1.17 2.63 2.48 0.73 0.00 1.83 1.75 1.83 6.13 5.26 6.28 10.00 12.05 12.05 11.53 17.23 17.89 17.08 19.35 16.57 16.72 20.15 25.48 21.61 23.71 22.26 18.98 22.01 20.50 24.86 21.48 23.13 25.43 24.67
5.99 6.86 5.77 7.66 8.47 8.25 10.15 7.88 8.61 8.40 7.01 7.01 6.13 8.91 7.52 5.84 4.53 4.23 4.16 4.23 1.02 1.31 3.65 2.85 3.87 6.20 6.64 6.72 5.04 6.64 5.99 6.42 7.96 7.66 4.67 3.65 3.65 3.65 3.65 3.80 3.87 2.34 2.34 2.12 2.26 1.83 1.97 2.34 2.70 1.17 2.63 2.48 0.73 0.00 1.83 1.75 1.83 6.13 5.26 6.28 10.00 12.05 12.05 11.53 17.23 17.89 17.08 19.35 16.57 16.72 20.15 25.48 21.61 29.11 20.86 20.63 19.76 25.36 25.23 23.75 23.59 22.93 23.85
2.56 5.40 4.96 5.99 3.58 5.04 4.96 5.62 6.86 5.26 8.18 8.18 8.61 4.82 4.60 4.96 3.87 2.26 1.17 0.29 0.37 0.66 2.04 3.14 4.16 3.29 4.45 4.09 5.33 6.20 6.72 7.59 6.94 7.23 4.38 4.31 4.23 4.23 4.53 3.21 3.29 3.21 2.85 3.43 5.04 3.94 2.34 2.85 0.07 0.29 0.66 0.00 0.00 0.00 0.00 0.66 0.37 4.09 3.94 2.85 4.02 10.73 10.73 9.34 9.93 14.82 13.80 12.78 16.57 20.51 22.41 22.05 24.06 21.37 25.73 24.98 27.25 26.42 28.85 24.99 23.81 28.34 26.04
1.68 1.17 2.85 2.26 2.63 3.80 3.21 3.65 3.36 4.53 2.56 2.56 3.87 4.02 4.02 4.60 4.23 4.38 2.70 0.29 0.80 1.24 1.10 2.85 2.85 3.94 5.77 5.40 5.84 6.57 6.28 6.06 8.18 8.47 5.11 4.02 5.26 5.26 4.89 5.48 4.67 6.42 5.33 5.55 4.82 2.56 0.44 0.00 0.00 0.44 0.00 0.00 0.00 0.00 0.00 0.00 0.00 0.00 0.44 1.24 0.07 6.20 6.20 5.33 3.50 3.43 9.64 10.88 9.64 17.45 21.10 22.30 22.05 25.66 23.51 24.31 26.84 29.48 28.84 26.61 25.25 26.87 24.18
0.07 0.00 2.34 1.90 2.77 1.46 2.70 4.02 4.02 2.34 3.87 3.87 4.09 3.72 3.65 3.65 2.77 3.14 0.80 0.80 1.61 1.75 1.90 2.04 2.99 3.36 4.23 4.96 5.33 6.06 5.84 8.76 7.88 6.50 7.23 6.50 7.08 7.08 5.99 6.28 7.15 5.99 4.67 1.39 0.37 0.58 0.00 0.00 0.00 0.00 0.00 0.00 0.00 0.00 0.00 0.00 0.00 0.00 0.00 0.00 0.00 1.02 1.02 1.10 1.97 0.00 0.80 6.20 10.66 17.81 18.98 21.39 25.55 24.45 28.47 29.42 27.45 28.48 26.37 27.79 31.46 23.63 23.52
0.00 0.00 0.00 0.37 1.02 1.10 1.83 2.19 2.70 2.92 3.14 3.14 2.92 3.14 3.36 2.12 2.04 1.10 1.24 1.02 1.83 2.85 2.48 4.82 5.18 5.18 4.60 4.67 5.33 5.84 7.66 9.93 13.36 8.69 8.47 7.52 9.27 9.27 7.96 5.55 6.64 4.82 1.02 0.00 0.00 0.00 0.00 0.00 0.00 0.00 0.00 0.00 0.00 0.00 0.00 0.00 0.00 0.00 0.00 0.00 0.00 0.00 0.00 0.37 0.29 0.00 0.95 9.13 7.15 17.96 20.37 20.59 24.75 27.30 27.01 26.57 28.81 28.11 33.23 25.79 25.83 25.99 25.03
0.00 0.00 0.00 0.00 0.80 1.90 2.70 2.48 2.34 1.90 2.26 2.26 2.26 2.19 3.21 3.29 2.04 1.02 0.00 0.37 2.63 2.63 5.62 5.84 4.96 5.26 6.50 6.13 6.50 5.62 7.30 11.90 13.65 9.64 8.47 8.47 8.47 8.47 5.84 1.24 0.80 0.15 0.37 0.00 0.00 0.00 0.00 0.00 0.00 0.00 0.00 0.00 0.00 0.00 0.00 0.00 0.00 0.00 0.00 0.00 0.00 0.00 0.00 0.00 0.00 0.00 0.80 7.45 16.79 15.77 19.05 15.04 15.84 21.90 22.12 21.68 25.17 25.90 31.60 27.75 27.13 20.05 18.73
0.00 0.00 0.00 0.00 0.80 1.90 2.70 2.48 2.34 1.90 2.26 2.26 2.26 2.19 3.21 3.29 2.04 1.02 0.00 0.37 2.63 2.63 5.62 5.84 4.96 5.26 6.50 6.13 6.50 5.62 7.30 11.90 13.65 9.64 8.47 8.47 8.47 8.47 5.84 1.24 0.80 0.15 0.37 0.00 0.00 0.00 0.00 0.00 0.00 0.00 0.00 0.00 0.00 0.00 0.00 0.00 0.00 0.00 0.00 0.00 0.00 0.00 0.00 0.00 0.00 0.00 0.80 7.45 16.79 15.77 19.05 15.04 15.84 21.90 22.12 21.68 24.16 26.04 24.54 24.41 22.72 23.34 22.91
0.00 0.00 0.00 0.58 0.73 1.61 2.63 2.92 2.41 1.53 1.68 1.68 1.31 2.19 1.46 1.10 0.00 0.00 0.00 0.29 4.38 3.65 4.31 6.35 7.01 7.52 7.66 7.37 9.93 11.17 11.39 11.53 12.12 9.56 9.86 6.50 5.55 5.55 1.53 1.31 0.80 0.95 1.83 0.00 1.10 0.00 0.00 0.00 0.00 0.00 0.00 0.00 0.00 0.00 0.00 0.00 0.00 0.00 0.00 0.00 0.00 0.00 0.00 0.00 0.00 0.00 0.00 5.11 5.62 5.33 13.51 11.24 9.71 10.07 11.02 20.08 22.34 21.72 24.59 28.45 31.12 22.64 12.94
0.00 0.00 0.00 0.00 0.00 1.46 2.04 2.34 3.14 1.97 2.41 2.41 1.75 1.75 0.44 0.00 0.00 0.00 0.00 3.43 2.63 4.82 6.28 6.28 6.94 7.30 7.66 7.96 11.46 11.83 10.44 8.03 5.40 5.62 1.68 1.90 1.97 1.97 1.83 1.90 0.80 2.12 0.95 0.00 0.00 0.00 0.00 0.00 0.00 0.00 0.00 0.00 0.00 0.00 0.00 0.00 0.00 0.00 0.00 0.00 0.00 0.00 0.00 0.00 0.00 0.00 0.00 2.56 2.70 2.26 5.04 7.88 10.22 13.21 21.75 20.15 24.11 22.72 23.01 23.89 21.69 13.76 17.52
0.00 0.00 0.00 0.00 0.00 0.58 0.37 1.75 2.19 1.83 2.77 2.77 2.92 1.31 1.46 0.00 0.00 0.29 0.73 2.70 2.85 5.69 6.50 7.66 7.23 8.98 9.78 9.71 10.95 11.68 9.86 8.69 5.91 3.07 1.39 1.61 1.61 1.61 1.75 2.48 1.83 2.19 1.10 0.66 0.00 0.00 0.00 0.00 0.00 0.00 0.00 0.00 0.00 0.00 0.00 0.00 0.00 0.00 0.00 0.00 0.00 0.00 0.00 0.00 0.00 0.00 0.00 0.00 0.00 0.00 2.85 7.66 10.29 13.29 23.49 24.55 24.98 23.39 17.65 10.19 18.37 12.13 6.62
0.00 0.00 0.00 0.15 0.00 0.00 0.00 0.88 2.04 0.66 0.22 0.22 0.58 0.00 0.22 0.00 0.00 0.58 1.10 1.83 3.36 4.74 6.94 7.66 9.20 9.20 9.34 4.53 7.30 6.72 8.47 8.83 5.26 5.11 1.39 0.00 0.00 0.00 1.39 2.19 1.75 0.00 0.00 0.00 0.00 0.00 0.00 0.00 0.00 0.00 0.00 0.00 0.00 0.00 0.00 0.00 0.00 0.00 0.00 0.00 0.00 0.00 0.00 0.00 0.00 0.00 0.00 0.00 0.00 1.46 1.24 5.26 10.80 17.37 20.62 24.88 22.84 27.25 21.53 11.88 4.67 4.94 2.61
1.02 0.00 0.00 0.00 0.00 0.00 0.00 0.00 0.00 0.00 0.00 0.00 0.00 0.00 0.00 0.00 0.58 0.66 0.44 0.29 1.90 3.43 2.99 3.87 7.01 5.99 2.26 2.12 4.96 6.28 3.36 3.80 3.21 4.02 0.00 0.22 0.00 0.00 0.00 0.00 0.00 0.00 0.00 0.00 0.00 0.00 0.00 0.00 0.00 0.00 0.00 0.00 0.00 0.00 0.00 0.00 0.00 0.00 0.00 0.00 0.00 0.00 0.00 0.00 0.00 0.00 0.00 0.00 0.00 0.00 3.21 2.19 9.13 17.98 25.76 21.64 22.78 17.62 21.34 10.83 4.74 2.45 2.19
1.02 0.00 0.00 0.00 0.00 0.00 0.00 0.00 0.00 0.00 0.00 0.00 0.00 0.00 0.00 0.00 0.58 0.66 0.44 0.29 1.90 3.43 2.99 3.87 7.01 5.99 2.26 2.12 4.96 6.28 3.36 3.80 3.21 4.02 0.00 0.22 0.00 0.00 0.00 0.00 0.00 0.00 0.00 0.00 0.00 0.00 0.00 0.00 0.00 0.00 0.00 0.00 0.00 0.00 0.00 0.00 0.00 0.00 0.00 0.00 0.00 0.00 0.00 0.00 0.00 0.00 0.00 0.00 0.00 0.00 3.21 2.19 9.18 17.78 23.30 24.11 24.30 20.56 24.77 10.48 4.95 2.38 2.31
0.51 0.00 0.00 0.00 0.00 0.00 0.00 0.00 0.00 0.00 0.00 0.00 0.00 0.00 0.00 0.00 0.00 0.00 0.00 0.51 0.51 0.58 0.37 0.73 2.99 1.24 0.95 1.46 3.21 2.48 3.65 1.17 0.00 0.44 0.29 0.00 0.00 0.00 0.00 0.00 0.00 0.00 0.00 0.00 0.00 0.00 0.00 0.00 0.00 0.00 0.00 0.00 0.00 0.00 0.00 0.00 0.00 0.00 0.00 0.00 0.00 0.00 0.00 0.00 0.00 0.00 0.00 0.00 0.00 0.00 0.00 9.29 7.52 15.93 25.27 23.48 27.63 20.01 4.95 1.91 3.29 0.91 0.36
0.51 0.00 0.22 0.00 0.00 0.00 0.00 0.00 0.00 0.00 0.00 0.00 0.00 0.00 0.00 0.00 0.00 0.00 0.00 0.00 0.00 0.00 0.22 0.22 0.58 0.44 0.29 0.29 0.22 1.24 2.04 0.80 0.00 0.00 0.00 0.00 0.00 0.00 0.00 0.00 0.00 0.00 0.00 0.00 0.00 0.00 0.00 0.00 0.00 0.00 0.00 0.00 0.00 0.00 0.00 0.00 0.00 0.00 0.00 0.00 0.00 0.00 0.00 0.00 0.00 0.00 0.00 0.00 0.00 0.00 0.00 0.88 9.56 19.27 23.18 23.96 13.80 4.09 5.84 0.96 0.21 0.65 0.47
3.21 1.31 2.04 0.00 0.15 0.00 0.00 0.00 0.00 0.00 0.00 0.00 0.00 0.00 0.00 0.00 0.00 0.00 0.00 0.00 0.00 0.00 0.00 0.00 0.15 0.00 0.07 0.00 0.80 0.29 0.22 0.29 0.00 0.00 0.00 0.00 0.00 0.00 0.00 0.00 0.00 0.00 0.00 0.00 0.00 0.00 0.00 0.00 0.00 0.00 0.00 0.00 0.00 0.00 0.00 0.00 0.00 0.00 0.00 0.00 0.00 0.00 0.00 0.00 0.00 0.00 0.00 0.00 0.00 0.00 0.00 0.00 3.07 13.53 15.34 22.43 12.01 2.83 1.01 0.45 0.41 0.00 0.00
4.23 2.56 0.66 0.00 0.07 0.00 0.00 0.00 0.00 0.00 0.00 0.00 0.00 0.00 0.00 0.00 0.00 0.00 0.00 0.00 0.00 0.07 0.00 0.00 0.07 0.00 0.00 0.51 0.00 0.00 0.00 0.00 0.00 0.00 0.00 0.00 0.00 0.00 0.00 0.00 0.00 0.00 0.00 0.00 0.00 0.00 0.00 0.00 0.00 0.00 0.00 0.00 0.00 0.00 0.00 0.00 0.00 0.00 0.00 0.00 0.00 0.00 0.00 0.00 0.00 0.00 0.00 0.00 0.00 0.00 0.00 2.70 10.59 8.63 12.03 4.55 1.46 0.99 0.00 0.00 0.00 0.00 0.00
5.26 4.82 2.41 0.00 0.00 0.00 0.00 0.00 0.00 0.00 0.00 0.00 0.00 0.00 0.00 0.00 0.00 0.00 0.00 0.00 0.00 0.00 0.00 0.00 0.00 0.00 0.00 0.00 0.00 0.00 0.00 0.00 0.00 0.00 0.00 0.00 0.00 0.00 0.00 0.00 0.00 0.00 0.00 0.00 0.00 0.00 0.00 0.00 0.00 0.00 0.00 0.00 0.00 0.00 0.00 0.00 0.00 0.00 0.00 0.00 0.00 0.00 0.00 0.00 0.00 0.00 0.00 0.00 0.00 0.00 0.00 0.00 5.04 6.13 7.54 2.24 0.79 0.17 0.00 0.00 0.00 0.00 0.00
3.58 4.74 2.26 0.44 0.95 0.07 0.00 0.00 0.00 0.00 0.00 0.00 0.00 0.00 0.00 0.00 0.00 0.00 0.00 0.00 0.00 0.00 0.00 0.00 0.00 0.00 0.00 0.00 0.00 0.00 0.00 0.00 0.00 0.00 0.00 0.00 0.00 0.00 0.00 0.00 0.00 0.00 0.00 0.00 0.00 0.00 0.00 0.00 0.00 0.00 0.00 0.00 0.00 0.00 0.00 0.00 0.00 0.00 0.00 0.00 0.00 0.00 0.00 0.00 0.00 0.00 0.00 0.00 0.00 0.00 0.00 0.00 0.00 3.30 0.22 0.89 0.00 0.00 0.00 0.00 0.00 0.00 0.00
3.58 4.74 2.26 0.44 0.95 0.07 0.00 0.00 0.00 0.00 0.00 0.00 0.00 0.00 0.00 0.00 0.00 0.00 0.00 0.00 0.00 0.00 0.00 0.00 0.00 0.00 0.00 0.00 0.00 0.00 0.00 0.00 0.00 0.00 0.00 0.00 0.00 0.00 0.00 0.00 0.00 0.00 0.00 0.00 0.00 0.00 0.00 0.00 0.00 0.00 0.00 0.00 0.00 0.00 0.00 0.00 0.00 0.00 0.00 0.00 0.00 0.00 0.00 0.00 0.00 0.00 0.00 0.00 0.00 0.00 0.00 0.00 0.00 3.29 0.22 0.88 0.00 0.00 0.00 0.00 0.00 0.00 0.00
3.72 3.65 0.00 0.29 0.80 0.66 0.00 0.00 0.00 0.00 0.00 0.00 0.00 0.00 0.00 0.00 0.00 0.00 0.00 0.00 0.00 0.00 0.00 0.00 0.00 0.00 0.00 0.00 0.00 0.00 0.00 0.00 1.17 0.00 0.00 0.00 0.00 0.00 0.00 0.00 0.00 0.00 0.00 0.00 0.00 0.00 0.00 0.00 0.00 0.00 0.00 0.00 0.00 0.00 0.00 0.00 0.00 0.00 0.00 0.00 0.00 0.00 0.00 0.00 0.00 0.00 0.00 0.00 0.00 0.00 0.00 0.00 0.00 0.00 0.00 0.00 0.00 0.00 0.00 0.00 0.00 0.00 0.00
