Wansh/Snow_depth/snowdepth-1998/spring/1998102.txt
ncols 321
nrows 161
xllcenter 60
yllcenter 15 
cellsize  0.25 
NODATA_value -1
[rows 74 to 110 of 161, columns 84 to 167 of 321]
0.00 0.00 0.00 0.00 0.00 1.53 0.00 1.02 0.73 1.02 2.26 3.50 0.00 2.77 0.00 0.00 3.72 0.00 0.00 3.29 0.00 0.00 2.85 0.00 0.00 3.07 0.00 0.00 2.56 3.14 0.00 0.00 0.00 0.00 0.00 3.29 2.92 3.58 4.60 0.00 0.00 1.61 0.00 0.00 0.80 0.95 1.10 1.97 1.90 0.00 0.00 0.00 0.00 0.00 2.83 0.00 0.00 1.02 0.00 1.39 0.00 0.00 0.00 0.00 0.00 0.00 0.00 0.00 0.00 0.00 0.00 0.80 0.07 0.00 0.00 0.00 0.00 0.00 0.00 0.00 0.00 0.00 0.00 0.00
0.00 0.00 0.88 1.97 2.41 1.17 0.22 2.63 2.85 2.48 4.02 3.58 0.00 0.00 0.00 0.00 0.00 3.43 3.43 3.65 3.87 3.36 0.00 3.14 3.21 2.48 2.99 0.00 0.00 0.00 0.00 0.00 0.00 4.02 4.16 3.72 4.31 0.00 0.00 4.67 0.00 1.46 2.56 2.56 0.66 1.75 1.75 1.68 2.92 2.41 1.61 0.00 0.73 2.19 1.46 1.53 1.90 1.39 0.51 1.31 2.12 0.00 1.31 0.00 0.00 0.00 0.00 0.00 0.00 1.32 1.02 1.46 2.19 0.00 0.00 0.00 0.00 0.00 0.00 0.00 0.00 0.00 0.00 0.00
0.00 0.00 1.17 2.12 2.85 2.63 3.80 0.00 3.94 4.16 5.33 0.00 3.94 4.31 0.00 0.00 3.65 3.36 3.36 0.00 0.00 0.00 2.63 0.00 0.00 0.00 0.00 0.00 0.00 0.00 1.97 2.34 0.00 3.65 0.00 0.00 4.09 0.00 0.00 3.14 2.56 3.80 1.39 1.39 2.34 2.12 2.70 2.48 3.65 2.99 2.99 2.12 3.43 1.83 2.19 1.31 1.68 1.39 1.75 0.95 1.46 0.58 1.31 0.66 0.58 0.00 0.00 0.00 0.00 2.26 2.99 2.19 3.07 0.22 0.00 0.00 0.00 0.00 0.00 0.00 0.00 0.00 0.00 0.00
2.56 1.31 2.99 1.39 1.68 3.50 2.48 3.94 3.94 3.43 4.31 3.94 3.58 4.45 3.50 3.87 3.72 4.16 4.16 2.34 3.36 0.00 0.00 0.00 0.00 0.00 0.00 0.00 0.00 0.00 0.00 2.48 3.07 0.00 3.21 0.00 4.23 0.00 0.00 3.21 3.50 2.92 2.63 2.63 1.24 2.56 3.21 4.67 4.09 4.02 2.26 2.63 0.88 2.41 0.80 2.92 1.75 1.68 1.39 1.46 1.46 1.46 0.95 1.24 1.39 0.29 2.04 1.10 1.10 1.83 2.92 2.26 1.02 0.00 0.00 0.00 0.00 0.00 0.00 0.00 0.00 0.00 0.00 0.00
0.00 3.58 2.34 1.61 3.65 2.92 2.92 3.43 4.23 4.74 5.04 4.38 4.45 4.23 3.14 4.16 4.67 3.72 3.72 0.00 3.43 0.00 0.00 2.85 0.00 0.00 0.00 0.00 0.00 0.00 0.00 0.00 3.07 0.00 2.85 0.00 0.00 0.00 0.00 3.65 4.31 3.43 2.04 2.04 1.68 3.50 3.21 2.99 3.07 0.00 0.00 0.00 3.36 2.41 3.21 2.77 1.97 0.00 1.53 1.61 1.46 1.61 2.48 1.75 1.83 3.29 3.14 1.61 1.61 2.19 3.29 1.97 0.00 1.02 0.00 0.00 0.00 0.00 0.00 0.00 0.00 0.00 0.00 0.00
2.77 3.21 4.02 4.67 2.41 2.41 2.77 3.72 4.31 3.65 0.00 4.23 3.87 3.65 0.00 2.85 4.31 4.23 4.23 0.00 0.00 3.65 3.07 3.65 0.00 0.00 0.00 0.00 0.00 0.00 0.00 0.00 0.00 0.00 0.00 0.00 0.00 0.00 0.00 4.09 3.58 3.29 1.10 1.10 1.24 0.95 0.07 0.95 0.00 0.00 0.00 0.00 0.00 0.00 2.26 3.07 2.56 0.00 0.00 0.00 1.46 1.90 2.70 0.00 0.00 1.17 1.46 3.29 3.29 3.14 2.77 1.75 0.00 4.60 0.37 0.00 0.00 0.00 0.00 0.00 0.00 0.00 0.00 0.00
4.16 0.00 3.94 2.85 3.29 3.36 2.70 3.65 4.53 4.31 3.29 0.00 0.00 2.26 0.00 0.00 3.43 3.72 3.72 0.00 3.87 0.00 2.56 3.29 2.34 2.26 1.90 2.34 3.14 2.77 0.00 0.00 0.00 0.00 6.42 0.00 0.00 0.00 0.00 0.00 0.00 1.75 0.73 0.73 1.17 0.00 0.22 0.00 0.00 0.00 0.00 0.00 0.00 1.02 1.75 2.34 2.41 0.00 0.00 3.50 2.85 1.90 0.00 1.68 0.00 0.00 0.29 1.68 1.68 1.24 0.00 4.67 4.23 7.37 2.56 2.13 1.42 0.00 0.00 0.00 0.00 0.00 0.00 0.00
3.36 3.14 3.14 3.21 3.50 3.72 2.70 3.07 3.14 3.36 0.00 2.70 0.00 3.87 3.50 3.14 4.60 3.43 3.43 2.56 2.34 0.00 0.00 2.34 2.19 2.63 2.48 1.97 1.83 0.00 2.85 0.00 0.00 3.14 8.18 0.00 0.00 0.00 0.00 0.00 0.00 1.31 1.31 1.31 1.46 0.00 0.29 0.00 0.00 0.00 0.00 0.00 0.00 0.00 1.53 2.56 4.02 4.38 3.43 3.65 4.23 3.14 3.50 0.00 1.46 0.00 0.22 0.00 0.00 0.00 2.19 6.20 9.56 5.84 3.50 3.59 3.10 0.31 0.00 0.00 0.00 0.00 0.00 0.00
8.25 4.38 3.21 6.42 3.80 2.85 2.56 0.00 3.07 0.00 1.31 3.65 4.16 4.38 4.60 5.04 4.60 5.33 5.33 3.07 1.90 1.10 0.00 1.46 1.97 2.48 2.41 1.97 0.00 0.00 0.00 0.00 0.00 0.00 8.25 6.72 3.14 0.00 0.00 0.00 0.00 0.00 0.29 0.29 1.10 0.00 0.22 0.22 0.00 0.00 0.00 0.00 1.31 1.17 2.70 4.23 4.45 3.80 3.72 4.82 4.74 2.92 3.36 1.97 2.19 0.95 1.97 0.00 0.00 0.00 0.15 3.21 7.23 10.88 8.47 6.42 5.55 5.11 2.12 1.10 0.00 0.00 0.00 0.00
14.53 13.58 15.91 10.07 6.57 3.43 3.36 3.58 3.72 3.36 1.83 2.48 4.02 3.58 5.04 5.33 4.53 5.40 5.40 4.23 3.14 1.97 1.02 1.39 2.48 2.41 2.56 2.04 2.12 2.04 0.00 0.00 0.00 7.23 6.86 7.23 5.11 0.00 0.00 0.00 0.00 0.00 0.00 0.00 0.51 0.66 0.00 0.00 0.00 0.00 0.00 0.00 3.43 4.09 6.57 5.69 4.38 4.09 4.67 6.64 5.48 3.87 4.60 2.70 2.85 5.91 5.69 0.58 0.58 2.19 0.22 1.75 3.50 7.81 10.15 8.61 6.20 3.43 2.77 2.70 0.00 0.00 0.00 0.00
15.70 15.62 14.31 12.48 8.76 5.18 3.72 3.36 2.92 3.58 2.04 2.41 2.99 3.94 2.77 5.18 4.16 5.11 5.11 6.13 2.19 0.00 2.70 2.63 0.00 2.92 2.99 2.99 3.07 2.85 4.82 4.74 6.57 3.94 3.87 5.18 9.05 9.42 3.58 0.07 0.00 0.95 0.51 0.51 1.02 0.51 0.00 0.00 0.00 0.00 0.00 5.04 6.50 6.94 10.22 10.00 7.88 4.60 5.91 5.40 5.26 5.62 6.06 4.09 5.18 8.61 9.71 3.72 3.72 5.11 0.00 0.00 2.19 3.80 9.71 7.74 6.13 6.57 4.82 4.38 2.99 0.00 2.77 0.00
12.99 9.05 8.83 9.56 7.59 4.02 3.87 3.94 4.38 3.36 2.77 2.34 2.63 2.26 2.92 3.21 4.45 3.72 3.72 0.00 0.00 3.94 3.50 2.77 0.00 2.85 4.38 4.53 4.09 7.01 8.03 7.37 7.08 5.18 2.56 5.04 11.61 7.66 4.23 0.00 0.00 0.00 0.44 0.44 0.22 0.07 0.00 0.00 0.00 0.00 2.48 4.74 8.54 9.93 13.36 13.14 8.10 8.47 5.26 4.23 5.72 6.18 7.53 6.06 6.50 11.02 10.66 6.57 6.57 8.54 3.87 2.41 3.50 5.84 5.91 4.60 4.16 5.55 5.69 4.45 4.09 0.00 0.00 0.00
8.25 6.57 5.84 5.99 4.16 3.43 3.14 3.72 5.62 3.43 2.41 0.00 0.00 0.00 5.33 5.04 5.91 4.02 4.02 4.16 2.85 3.07 4.96 3.87 3.43 4.02 7.01 7.96 9.49 8.25 7.30 7.66 3.50 2.34 1.53 4.02 6.57 8.69 7.59 12.26 8.10 0.00 0.00 0.00 0.00 0.00 0.51 0.58 2.04 1.46 1.68 2.34 7.08 8.32 13.07 12.26 11.97 12.99 6.79 7.96 7.59 8.18 8.72 7.88 9.71 9.93 5.84 7.23 7.23 7.45 12.12 8.76 8.47 3.21 1.17 0.00 0.00 3.65 5.40 5.26 4.16 4.31 0.00 0.00
3.58 3.29 4.45 4.60 3.14 2.92 3.29 2.85 4.38 3.07 3.80 0.00 4.02 3.72 3.36 5.69 5.69 4.67 4.67 5.04 6.42 5.11 4.53 5.48 0.00 2.70 4.23 6.50 8.10 6.86 6.50 2.04 1.46 1.61 3.94 5.91 9.13 10.95 11.46 12.85 11.83 13.80 10.29 10.29 9.86 11.32 0.00 1.39 0.95 0.51 1.02 2.70 3.94 9.34 8.61 11.02 10.15 13.21 11.68 11.24 9.20 6.57 8.40 5.69 6.67 5.99 3.50 4.31 4.31 4.02 9.71 9.56 9.05 4.82 1.31 0.00 0.00 0.00 3.80 4.82 4.96 5.04 3.87 0.00
4.45 2.34 2.26 3.72 0.00 0.00 2.63 0.00 0.00 0.00 0.00 2.41 3.29 4.02 2.41 2.77 4.67 5.18 5.18 5.40 4.67 5.26 4.67 1.97 2.48 2.92 2.63 4.16 6.28 3.94 3.29 0.00 4.53 4.09 5.40 7.30 8.76 8.83 10.29 14.67 17.45 14.67 14.75 14.75 16.72 17.08 2.70 0.66 0.66 2.34 0.88 1.97 3.43 4.09 8.47 9.20 8.61 11.24 9.86 9.56 8.10 4.38 5.91 6.28 5.16 7.65 5.18 4.09 4.09 3.94 7.01 7.88 7.23 6.13 2.04 0.00 0.00 0.00 0.00 0.00 4.60 0.00 0.00 0.00
3.21 2.41 1.83 0.00 2.12 0.00 0.00 0.00 1.97 0.00 0.00 2.56 3.72 0.00 3.50 3.94 4.16 4.67 4.67 4.96 3.65 3.94 0.00 0.00 3.36 3.87 4.16 3.80 3.94 3.80 2.41 2.92 3.72 3.21 5.33 7.23 8.32 6.28 5.04 9.13 13.14 16.50 22.85 22.85 18.76 9.86 2.70 4.31 2.04 3.72 3.58 0.88 5.69 4.82 5.33 7.52 7.23 9.49 6.37 5.83 6.13 2.99 4.69 7.66 8.52 10.99 8.76 6.35 6.35 4.67 4.67 5.77 4.09 2.48 0.00 0.00 0.00 0.00 3.43 0.00 0.00 0.00 0.00 0.00
2.56 1.53 2.04 1.17 0.00 0.00 0.00 0.00 1.17 0.00 0.00 0.00 2.99 3.07 4.23 6.42 0.00 3.50 3.50 4.09 0.00 3.07 2.99 2.85 3.94 4.38 4.23 3.65 2.92 3.65 3.14 0.00 0.00 3.87 3.87 4.02 4.38 0.00 2.70 4.45 9.34 9.34 18.98 18.98 14.67 17.08 11.83 6.42 11.75 10.15 5.91 5.55 8.61 8.54 4.89 8.03 7.74 4.74 3.21 2.99 2.26 2.26 7.89 7.08 9.93 10.95 11.33 8.33 8.07 6.16 3.50 3.50 3.58 0.00 0.00 0.00 0.00 0.00 4.05 0.00 0.00 0.00 0.00 0.00
2.04 1.39 1.68 1.46 0.00 0.95 1.46 1.61 1.24 0.00 0.00 0.00 0.00 0.00 0.00 3.58 0.00 2.63 2.63 2.77 0.00 2.92 1.90 2.48 2.92 3.80 3.58 0.00 0.00 1.83 2.34 0.00 0.00 0.00 0.00 0.00 0.00 0.00 0.00 0.00 5.91 7.01 6.79 6.79 9.86 15.48 15.11 9.64 11.90 11.17 9.93 7.15 11.39 11.97 13.87 7.74 6.42 7.66 2.95 5.31 1.97 3.87 4.62 5.25 9.20 9.76 9.64 9.56 9.61 7.67 3.74 4.74 4.53 4.16 0.00 0.00 0.00 0.00 3.30 0.00 0.00 0.00 0.00 0.00
0.95 1.31 1.68 2.34 1.53 1.17 1.68 1.61 2.34 1.97 0.00 0.00 0.00 0.00 0.00 0.00 0.00 0.00 0.00 0.00 0.00 0.00 2.41 0.00 0.00 0.00 0.00 0.00 0.00 0.00 0.00 0.00 0.00 0.00 0.00 0.00 0.00 0.00 0.00 0.00 1.17 4.02 5.18 5.18 6.20 12.70 10.95 9.27 9.64 9.56 11.10 11.46 14.16 12.99 12.92 14.67 7.74 13.51 6.79 9.73 4.57 2.60 1.78 4.53 10.02 9.20 8.09 5.33 5.33 3.06 5.90 5.43 6.75 4.37 2.64 1.99 3.50 0.00 0.00 2.53 0.00 0.00 0.00 0.00
0.88 1.46 2.19 1.46 1.39 1.83 1.90 2.48 0.00 0.00 0.44 0.00 0.00 0.00 0.00 2.77 2.85 2.77 2.77 0.00 0.00 1.68 0.00 0.00 0.00 0.00 0.00 0.00 0.00 0.00 0.00 0.00 0.00 0.00 0.00 0.00 0.00 0.00 0.00 0.00 0.88 1.75 2.19 2.19 5.18 4.53 8.40 8.40 10.29 10.88 10.00 13.07 11.90 14.60 13.43 13.58 15.72 16.35 10.80 14.82 6.79 3.81 3.37 3.69 7.34 7.26 6.24 2.77 2.77 2.29 4.74 6.51 6.67 5.21 4.15 3.96 4.45 3.56 3.38 0.00 0.00 3.11 2.10 0.00
5.33 1.39 5.11 2.92 1.53 0.00 0.00 0.00 0.00 0.00 2.19 0.00 0.00 0.00 0.00 2.92 3.07 0.00 0.00 1.39 0.00 0.00 0.00 0.00 0.00 0.00 0.00 0.00 0.00 0.00 0.00 0.00 0.00 0.00 0.00 0.00 0.00 0.00 0.00 0.00 0.00 0.00 0.00 0.00 0.58 7.74 7.74 8.25 8.32 8.91 10.00 12.12 13.63 12.19 13.53 15.12 15.88 16.43 16.64 16.86 12.78 3.01 4.53 4.44 6.04 6.70 5.64 3.29 3.30 2.64 5.67 6.00 5.73 8.61 7.34 5.91 5.44 3.86 0.00 0.00 0.00 3.92 4.18 3.75
7.45 9.05 6.50 3.87 9.42 4.23 0.00 0.00 0.00 0.00 0.00 0.00 0.00 0.00 0.00 1.10 2.19 0.00 0.00 0.00 0.00 0.00 0.00 0.00 0.00 0.00 2.48 0.00 0.00 1.10 0.00 0.00 0.00 0.00 1.02 0.88 0.00 0.00 0.00 0.00 0.00 0.00 0.00 0.00 0.00 4.23 6.72 10.29 10.15 7.81 9.93 10.15 11.90 12.15 15.49 14.07 15.57 20.57 16.60 13.64 11.08 8.07 7.66 4.50 4.92 5.64 6.29 3.45 3.45 1.33 3.96 3.65 4.23 8.40 8.58 7.78 7.08 4.79 0.00 0.00 4.87 4.54 5.98 5.19
10.29 11.46 10.88 11.32 13.43 6.50 4.31 0.00 2.77 0.00 0.00 0.00 0.00 0.00 0.00 0.00 0.00 0.00 0.00 0.00 0.00 0.00 0.00 0.00 0.00 0.00 0.00 2.48 1.17 0.73 0.00 0.95 0.00 0.00 0.00 0.00 0.00 0.00 0.00 0.00 0.00 2.70 0.00 0.00 2.48 4.82 11.39 12.48 11.17 12.26 10.37 10.66 9.64 13.13 11.92 11.76 13.33 12.69 10.59 15.72 11.44 9.51 9.26 4.71 5.17 6.60 2.13 0.00 0.00 2.30 2.52 0.00 3.36 6.94 8.03 6.46 7.19 3.33 3.71 0.00 5.79 7.38 6.22 0.00
10.88 9.05 11.90 13.51 12.63 11.39 7.52 5.33 9.42 4.60 3.07 2.92 0.00 0.00 1.31 0.00 0.00 0.00 0.00 0.00 0.00 0.00 0.00 0.00 0.00 0.00 0.00 1.61 2.04 0.00 1.68 0.58 1.31 0.00 0.00 0.88 0.00 0.00 0.00 9.93 6.50 7.37 8.03 8.03 7.45 5.11 12.78 12.48 11.75 10.18 11.82 12.15 14.14 14.36 12.65 12.11 11.17 11.75 9.40 9.55 9.46 11.14 10.47 5.04 3.85 3.73 1.78 1.51 1.47 0.00 0.00 3.36 5.67 7.59 7.19 5.91 6.96 2.66 2.98 0.00 6.08 8.24 5.01 0.00
11.17 8.10 8.10 18.91 23.94 26.35 28.84 24.24 23.29 25.04 17.67 15.84 10.95 4.45 2.41 2.04 2.56 1.31 1.31 0.37 0.00 0.95 1.46 1.24 1.61 2.26 0.58 1.53 1.83 2.12 0.95 1.24 1.39 2.04 1.10 1.31 4.02 7.37 4.60 7.37 9.05 7.81 9.05 9.05 11.97 12.56 13.36 12.99 11.24 11.17 11.14 13.43 14.51 13.67 11.95 11.06 9.38 10.30 9.34 8.88 6.97 7.72 7.85 7.15 7.45 3.74 3.15 4.19 4.13 0.00 0.00 0.00 3.40 8.70 8.98 5.84 3.48 0.00 0.00 0.00 0.00 0.00 3.20 4.03
12.85 12.99 13.07 17.16 21.90 20.51 28.54 29.86 32.63 21.53 15.26 11.32 11.39 6.72 3.87 2.70 3.29 1.46 1.46 1.10 2.34 1.68 1.31 1.68 1.46 0.88 0.88 0.66 1.83 2.26 0.95 0.22 1.97 1.90 3.50 2.70 6.28 7.23 3.29 1.39 5.48 3.07 8.91 8.91 10.95 11.90 12.92 11.32 9.33 9.66 11.21 10.93 10.48 9.78 13.00 7.06 11.77 7.18 9.41 10.00 7.45 9.76 9.71 6.47 3.50 6.28 4.99 6.95 6.84 0.00 0.00 0.00 0.00 7.39 9.16 7.96 4.42 0.00 0.00 0.00 0.00 0.00 3.58 3.73
14.16 14.75 9.64 8.32 16.86 12.19 20.81 28.98 27.23 25.04 9.71 8.25 5.18 6.57 7.23 4.16 3.50 3.94 3.94 2.56 2.92 2.56 1.68 0.88 0.51 0.29 0.29 0.00 1.02 1.46 0.88 0.00 1.46 3.07 5.11 7.08 5.33 5.91 1.10 1.61 1.90 3.43 2.63 2.63 5.62 9.34 9.64 9.14 11.03 9.23 9.96 11.62 9.01 7.50 0.00 0.00 5.16 3.93 7.71 6.96 10.05 9.16 9.13 6.79 4.31 6.93 6.26 2.71 3.02 0.00 0.00 0.00 0.00 4.55 8.83 9.07 4.45 1.97 0.00 0.00 0.00 0.00 2.92 3.37
8.25 9.64 11.32 6.06 7.15 9.49 24.31 20.62 22.63 6.20 4.60 0.00 6.13 4.31 6.28 5.62 3.72 3.50 3.50 3.80 3.14 2.56 1.97 0.95 0.00 0.00 0.00 1.61 1.68 1.02 0.58 0.00 0.51 1.17 3.14 4.82 2.41 1.39 0.00 0.37 0.00 1.68 3.87 3.87 6.28 7.37 8.40 10.34 9.34 9.44 8.44 10.56 9.47 7.49 0.00 0.00 0.00 0.00 4.15 4.68 9.79 7.26 9.68 8.83 4.96 5.87 4.65 2.75 2.65 0.00 0.00 0.00 4.68 7.91 6.73 3.82 3.48 2.14 0.00 0.00 0.00 0.00 0.00 2.63
0.00 0.00 6.64 0.00 6.79 12.19 15.62 20.81 15.70 10.07 5.04 5.04 3.80 0.00 0.00 2.34 2.92 2.12 2.12 3.50 1.75 2.12 1.97 0.15 0.37 0.00 0.00 0.22 0.37 0.00 0.22 0.22 0.73 0.00 0.73 1.53 0.58 0.88 0.00 0.00 0.00 1.24 3.07 3.07 6.20 6.86 10.15 10.22 11.46 10.37 9.56 9.40 7.50 0.00 0.00 0.00 0.00 0.00 0.00 0.00 6.35 4.94 9.24 10.62 6.75 4.74 5.00 3.46 3.48 2.05 0.00 0.00 3.29 6.35 3.91 0.00 0.00 0.00 0.00 0.00 0.00 3.63 4.69 2.84
0.00 0.00 0.00 0.00 6.20 13.21 15.18 12.56 12.85 12.70 10.66 6.20 3.80 0.00 0.00 0.66 2.04 2.85 2.85 2.26 0.22 0.22 0.00 0.88 0.00 0.00 0.07 0.00 0.00 0.00 0.00 0.37 0.00 0.00 0.07 0.58 0.00 0.00 0.00 0.00 0.00 1.61 3.21 3.21 2.05 6.42 7.56 11.17 10.89 11.21 12.79 8.83 0.00 0.00 0.00 0.00 0.00 0.00 0.00 2.35 2.14 1.83 10.00 7.45 8.76 7.47 6.54 4.95 5.78 4.44 2.10 0.00 0.00 0.00 0.00 0.00 0.00 0.00 0.00 0.00 0.00 3.46 4.46 3.21
0.00 0.00 0.00 0.00 0.00 7.59 10.00 12.56 11.97 10.37 10.80 9.27 5.91 2.19 2.92 7.74 3.58 0.00 0.00 0.00 0.00 0.00 0.15 0.29 0.00 0.00 0.07 0.00 0.00 0.00 0.00 0.00 0.00 0.00 0.22 0.51 0.22 0.00 0.00 0.00 0.00 1.31 0.00 0.00 0.15 0.58 3.01 2.43 4.95 8.07 9.25 7.79 0.00 0.00 0.00 0.00 0.00 0.00 0.00 0.00 0.00 3.93 6.06 7.16 9.28 8.71 8.85 3.94 4.41 4.33 4.99 3.20 0.00 0.00 0.00 0.00 0.00 0.00 0.00 0.00 0.00 0.00 4.06 3.36
0.00 0.00 0.00 0.00 0.00 0.00 7.01 13.80 8.54 10.95 9.64 9.93 8.98 8.18 4.89 12.15 9.66 4.67 4.67 0.00 0.00 0.51 0.07 0.00 0.73 0.00 0.51 0.00 0.00 0.00 0.00 0.00 0.00 0.58 0.00 0.15 0.58 0.00 0.00 0.00 0.00 0.00 0.00 0.00 0.00 0.00 0.95 2.85 4.59 7.06 6.98 0.00 0.00 0.00 0.00 0.00 0.00 0.00 0.00 0.00 0.00 0.00 5.60 0.00 8.23 9.04 11.82 6.27 6.40 6.47 3.14 2.55 0.00 0.00 0.00 0.00 0.00 2.31 0.00 0.00 0.00 0.00 0.00 0.00
0.00 0.00 0.00 0.00 0.00 0.00 8.25 6.57 4.89 7.74 8.10 6.20 7.74 10.73 12.26 12.47 14.02 6.05 5.64 6.42 3.65 2.19 2.56 1.31 0.00 0.80 0.37 1.17 0.00 0.00 0.00 0.00 0.51 0.15 0.29 0.00 0.95 0.00 0.00 0.88 1.68 0.22 0.00 0.00 0.00 0.00 0.51 1.39 5.72 8.84 0.00 0.00 0.00 0.00 0.00 0.00 0.00 0.00 0.00 0.00 0.00 0.00 0.00 0.00 8.07 7.78 8.50 7.03 8.59 6.49 0.00 2.54 0.00 0.00 0.00 3.76 4.55 0.00 0.00 0.00 0.00 0.00 0.00 0.00
0.00 0.00 0.00 0.00 0.00 0.00 0.00 0.00 0.00 0.00 0.00 5.99 0.00 0.00 0.00 8.10 6.06 8.71 8.85 12.63 10.95 9.27 9.05 6.42 4.74 10.00 6.13 3.21 4.60 0.00 0.00 0.00 3.72 1.90 2.70 9.13 6.42 4.89 2.77 7.63 5.95 5.38 3.87 3.87 3.21 1.83 0.37 1.47 0.00 0.00 0.00 0.00 0.00 0.00 0.00 0.00 0.00 0.00 0.00 0.00 0.00 0.00 0.00 0.00 0.00 0.00 5.04 0.00 0.00 0.00 0.00 0.00 0.00 0.00 0.00 0.00 0.00 0.00 0.00 0.00 0.00 0.00 0.00 0.00
0.00 0.00 0.00 0.00 0.00 0.00 0.00 0.00 0.00 0.00 0.00 0.00 0.00 0.00 0.00 0.00 0.00 0.00 0.00 5.91 13.07 11.95 7.66 9.27 9.56 12.35 11.01 8.25 7.59 5.26 0.00 5.62 7.52 4.96 7.37 8.47 12.63 9.13 8.32 7.01 8.81 6.06 6.94 7.75 4.38 3.21 3.50 0.00 0.00 0.00 0.00 0.00 0.00 0.00 0.00 0.00 0.00 0.00 0.00 0.00 0.00 0.00 0.00 0.00 0.00 0.00 0.00 0.00 0.00 0.00 0.00 0.00 0.00 0.00 0.00 0.00 0.00 0.00 0.00 0.00 0.00 0.00 0.00 0.00
0.00 0.00 0.00 0.00 0.00 0.00 0.00 0.00 0.00 0.00 0.00 0.00 0.00 0.00 0.00 0.00 0.00 0.00 0.00 0.00 0.00 8.76 9.49 7.66 12.34 0.00 10.88 9.86 9.05 9.49 9.86 9.71 6.74 5.91 10.00 0.00 6.42 11.46 9.86 0.00 0.00 2.92 0.00 0.00 0.00 5.23 0.00 0.00 0.00 0.00 0.00 0.00 0.00 0.00 0.00 0.00 0.00 0.00 0.00 0.00 0.00 0.00 0.00 0.00 0.00 0.00 0.00 0.00 0.00 0.00 0.00 0.00 0.00 0.00 0.00 0.00 0.00 0.00 0.00 0.00 0.00 0.00 0.00 0.00
0.00 0.00 0.00 0.00 0.00 0.00 0.00 0.00 0.00 0.00 0.00 0.00 0.00 0.00 0.00 0.00 0.00 0.00 0.00 0.00 0.00 0.00 0.00 0.00 6.13 0.00 0.00 9.05 8.03 9.86 7.96 7.98 0.00 0.00 0.00 0.00 0.00 0.00 0.00 0.00 0.00 0.00 0.00 0.00 0.00 0.00 0.00 0.00 0.00 0.00 0.00 0.00 0.00 0.00 0.00 0.00 0.00 0.00 0.00 0.00 0.00 0.00 0.00 0.00 0.00 0.00 0.00 0.00 0.00 0.00 0.00 0.00 0.00 0.00 0.00 0.00 0.00 0.00 0.00 0.00 0.00 0.00 0.00 0.00
