Wansh/Snow_depth/snowdepth-1998/spring/1998113.txt
ncols 321
nrows 161
xllcenter 60
yllcenter 15 
cellsize  0.25 
NODATA_value -1
[rows 0 to 36 of 161, columns 84 to 167 of 321]
0.00 0.00 0.00 0.00 0.00 0.00 0.00 0.00 0.00 0.00 0.00 0.00 0.00 0.00 0.00 0.00 0.00 0.00 0.00 0.00 0.00 0.00 0.00 0.00 3.58 4.23 4.60 2.85 2.92 3.29 3.21 3.21 0.73 1.39 0.00 0.00 0.00 0.00 0.00 0.00 0.00 0.00 0.00 0.00 2.19 1.83 2.85 3.80 3.50 4.82 4.09 4.02 2.48 2.77 0.07 0.00 0.00 0.00 1.39 0.95 2.56 2.41 2.85 2.19 2.77 3.29 3.07 3.36 3.36 4.23 2.26 1.97 0.00 0.00 0.00 0.00 0.88 0.00 1.24 1.24 1.24 0.29 1.61 0.95
0.00 0.00 0.00 0.00 0.00 0.00 0.00 0.00 0.00 0.00 0.00 4.60 0.00 0.00 0.00 0.00 0.00 0.00 0.00 0.00 0.00 0.00 0.00 0.00 0.00 4.82 5.99 6.35 6.35 2.70 2.92 1.39 1.68 0.00 0.00 0.00 0.00 0.00 0.00 0.00 0.00 0.88 0.88 0.88 1.10 0.80 2.12 2.12 3.58 2.92 3.94 3.36 3.36 2.41 2.70 1.90 2.99 4.09 3.80 2.99 3.21 3.21 3.14 2.63 4.09 4.74 3.65 4.31 4.31 4.38 3.87 3.65 0.00 0.15 0.00 0.00 0.00 0.00 0.00 0.00 0.00 0.58 0.15 0.00
0.00 0.00 0.00 0.00 0.00 0.00 0.00 0.00 0.00 0.00 0.00 0.00 6.42 5.69 5.48 5.55 5.62 0.00 0.00 0.00 0.00 0.00 0.00 0.00 0.00 0.00 6.57 7.08 7.01 6.72 3.65 4.31 0.07 0.22 0.00 0.00 0.00 0.00 0.00 0.00 0.00 0.00 0.00 0.00 0.00 0.00 1.39 3.50 3.14 3.58 3.87 3.65 4.31 4.53 3.43 5.40 5.48 5.62 7.01 7.15 7.15 6.94 6.72 6.79 6.57 7.01 7.23 6.35 6.35 6.06 5.55 5.55 2.19 2.70 0.00 1.17 0.00 0.29 1.17 0.00 0.00 0.00 0.00 0.00
0.00 0.00 0.00 0.00 0.00 0.00 0.00 0.00 0.00 0.00 0.00 0.00 6.42 5.69 5.48 5.55 5.62 0.00 0.00 0.00 0.00 0.00 0.00 0.00 0.00 0.00 6.57 7.08 7.01 6.72 3.65 4.31 0.07 0.22 0.00 0.00 0.00 0.00 0.00 0.00 0.00 0.00 0.00 0.00 0.00 0.00 1.39 3.50 3.14 3.58 3.87 3.65 4.31 4.53 3.43 5.40 5.48 5.62 7.01 7.15 7.15 6.94 6.72 6.79 6.57 7.01 7.23 6.35 6.35 6.06 5.55 5.55 2.19 2.70 0.00 1.17 0.00 0.29 1.17 0.00 0.00 0.00 0.00 0.00
0.00 0.00 0.00 0.00 0.00 0.00 0.00 0.00 0.00 0.00 0.00 0.00 0.00 0.00 0.00 6.06 4.74 4.74 4.74 4.38 2.04 1.97 2.77 0.00 0.00 2.85 5.18 4.60 6.94 7.52 4.82 3.94 4.82 2.70 1.83 0.44 0.00 0.00 0.00 0.00 0.00 0.00 0.00 0.00 0.00 0.00 0.00 0.00 0.00 2.04 1.75 2.92 3.80 3.43 4.60 5.40 4.89 7.01 7.81 7.37 7.88 9.13 8.91 7.74 6.72 7.81 7.96 8.03 8.03 8.83 7.23 6.94 3.94 2.77 4.60 1.75 2.04 1.97 2.12 1.02 2.12 0.29 0.00 0.00
0.00 0.00 0.00 0.00 0.00 0.00 0.00 0.00 0.00 0.00 0.00 0.00 0.00 0.00 0.00 0.00 0.00 0.00 0.00 0.00 3.58 4.53 4.82 3.29 4.67 1.46 4.60 5.91 5.99 5.69 6.42 5.91 4.60 4.74 3.36 1.24 1.90 0.00 0.00 0.00 0.00 0.00 0.00 0.00 0.00 0.00 0.00 0.00 0.00 1.24 2.85 2.56 3.29 4.09 4.16 4.09 4.53 5.69 5.18 7.01 8.91 8.03 10.00 10.80 8.40 9.05 7.52 7.45 7.45 6.94 6.72 6.72 7.30 9.34 4.82 4.60 4.89 6.50 3.43 2.41 3.14 1.46 1.53 0.37
0.00 0.00 0.00 0.00 0.00 0.00 0.00 0.00 0.00 0.00 0.00 0.00 0.00 0.00 0.00 0.00 0.00 0.00 0.00 0.00 0.00 0.00 7.96 5.11 7.08 6.20 7.30 5.69 5.84 5.91 6.94 7.37 7.37 5.48 4.60 2.85 0.00 0.15 0.00 0.00 0.00 0.00 0.00 0.00 0.00 0.00 0.00 0.00 0.00 0.95 1.46 3.50 4.60 4.60 4.16 4.45 4.45 4.89 6.35 6.57 6.86 8.40 12.26 11.90 11.83 11.61 10.00 9.27 9.27 5.69 7.01 8.40 6.50 8.32 9.64 9.71 10.29 6.64 5.69 5.91 2.92 0.73 1.75 0.51
0.00 0.00 0.00 0.00 0.00 0.00 0.00 0.00 0.00 0.00 0.00 0.00 0.00 0.00 0.00 0.00 0.00 0.00 0.00 0.00 0.00 0.00 7.96 5.11 7.08 6.20 7.30 5.69 5.84 5.91 6.94 7.37 7.37 5.48 4.60 2.85 0.00 0.15 0.00 0.00 0.00 0.00 0.00 0.00 0.00 0.00 0.00 0.00 0.00 0.95 1.46 3.50 4.60 4.60 4.16 4.45 4.45 4.89 6.35 6.57 6.86 8.40 12.26 11.90 11.83 11.61 10.00 9.27 9.27 5.69 7.01 8.40 6.50 8.32 9.64 9.71 10.29 6.64 5.69 5.91 2.92 0.73 1.75 0.51
0.00 0.00 0.00 0.00 0.00 0.00 0.00 0.00 0.00 0.00 0.00 0.00 0.00 0.00 0.00 0.00 0.00 0.00 0.00 0.00 3.72 7.52 6.64 9.20 9.93 8.18 6.57 7.01 7.30 6.94 6.64 7.37 5.77 6.20 2.41 0.00 0.00 0.00 0.00 0.00 0.00 0.00 0.00 0.00 0.00 0.00 0.00 0.00 0.00 0.00 3.72 5.99 2.56 4.82 4.45 4.74 4.23 5.69 5.33 6.79 4.89 8.03 10.37 9.56 11.10 11.10 10.73 9.20 9.20 8.61 9.56 10.95 8.83 10.59 8.76 9.42 9.05 10.15 9.93 8.54 4.96 4.38 1.53 2.26
0.00 0.00 0.00 0.00 0.00 0.00 0.00 0.00 0.00 0.00 0.00 0.00 0.00 0.00 0.00 0.00 0.00 0.00 0.00 0.00 0.00 6.50 8.91 8.32 8.47 8.83 7.96 7.52 7.45 6.57 5.62 5.99 5.91 3.58 3.72 0.00 0.00 0.00 0.00 0.95 0.88 1.17 1.61 1.61 1.97 2.70 2.99 3.07 3.72 4.38 4.38 6.20 5.40 5.77 4.53 3.21 2.56 1.46 1.97 3.58 1.46 1.46 2.34 4.23 5.33 5.91 7.59 9.49 9.49 9.71 10.15 10.59 10.73 10.22 10.29 9.34 11.10 10.88 8.91 8.32 8.18 4.60 1.39 2.41
0.00 0.00 0.00 0.00 0.00 0.00 0.00 0.00 0.00 0.00 0.00 0.00 0.00 2.77 0.00 0.00 0.00 0.00 0.00 0.00 5.84 4.67 7.52 7.15 7.52 6.72 6.50 6.72 5.18 6.35 5.77 3.94 4.16 3.80 2.77 2.04 2.04 2.70 1.24 2.34 3.80 1.68 2.77 2.77 3.21 3.21 2.92 2.48 2.77 4.67 2.70 4.16 4.02 5.91 3.65 2.99 3.21 2.19 4.89 1.39 1.97 0.37 0.44 3.72 5.77 7.37 8.03 12.41 12.41 12.48 13.14 12.34 9.56 10.00 10.15 8.69 7.37 6.79 8.69 5.62 6.86 5.40 6.42 5.48
0.00 0.00 0.00 0.00 0.00 0.00 0.00 0.00 0.00 0.00 0.00 0.00 0.00 2.77 0.00 0.00 0.00 0.00 0.00 0.00 5.84 4.67 7.52 7.15 7.52 6.72 6.50 6.72 5.18 6.35 5.77 3.94 4.16 3.80 2.77 2.04 2.04 2.70 1.24 2.34 3.80 1.68 2.77 2.77 3.21 3.21 2.92 2.48 2.77 4.67 2.70 4.16 4.02 5.91 3.65 2.99 3.21 2.19 4.89 1.39 1.97 0.37 0.44 3.72 5.77 7.37 8.03 12.41 12.41 12.48 13.14 12.34 9.56 10.00 10.15 8.69 7.37 6.79 8.69 5.62 6.86 5.40 6.42 5.48
0.00 0.00 0.00 0.00 0.00 0.00 0.00 0.00 0.00 0.00 4.60 2.48 1.75 5.04 6.42 2.41 2.85 5.18 5.18 4.82 6.20 7.15 7.23 6.72 6.64 6.72 5.11 4.23 4.38 4.82 4.45 4.02 3.58 3.14 3.87 3.29 5.26 5.40 4.16 5.40 5.40 4.82 2.99 2.99 3.29 3.07 1.61 1.68 2.12 1.02 1.10 2.04 2.77 0.00 2.99 3.14 5.91 7.15 9.34 6.20 5.77 2.19 3.80 2.48 6.72 7.45 11.32 12.63 12.63 10.88 12.99 11.75 11.39 11.32 6.28 6.86 6.79 5.77 6.72 10.15 10.29 9.34 9.93 7.66
0.00 0.00 0.00 0.00 0.00 0.00 0.00 0.00 6.42 7.30 6.35 8.98 8.69 8.54 7.66 7.45 5.84 5.77 5.77 4.74 5.11 5.48 5.99 5.99 5.69 4.67 5.26 3.14 5.40 5.11 6.28 6.86 7.96 7.66 6.86 4.38 6.94 4.23 5.99 5.48 4.82 4.96 3.21 3.21 1.75 0.88 0.88 0.29 0.00 0.00 0.00 0.00 0.00 0.00 0.00 0.00 1.24 7.08 6.13 8.10 6.35 7.23 7.74 8.03 6.42 10.51 9.34 11.46 11.46 13.07 14.97 13.80 12.05 11.53 10.66 7.52 7.52 7.96 9.05 8.76 10.22 3.87 4.89 5.55
0.00 0.00 0.00 3.43 3.43 0.00 8.10 8.03 7.08 9.78 8.54 9.13 7.96 7.74 7.88 6.94 6.79 6.72 6.72 4.89 4.53 4.67 6.64 6.57 6.94 5.33 4.89 5.48 7.15 10.44 9.78 10.51 9.13 10.00 6.42 6.86 3.72 4.53 1.61 0.00 0.58 0.00 0.00 0.00 0.00 0.00 0.15 0.15 0.00 0.00 0.00 0.00 0.00 0.00 0.00 0.00 0.00 0.00 0.00 4.45 1.17 5.62 4.31 6.20 7.88 11.24 8.83 10.88 10.88 9.49 12.05 10.66 12.48 13.21 4.60 4.16 5.40 4.82 4.82 3.36 2.85 2.70 2.63 2.99
0.00 0.00 0.00 5.99 8.25 7.88 8.03 8.03 9.64 9.71 9.20 7.15 7.37 6.28 4.89 5.77 6.50 5.77 5.77 5.69 4.74 6.64 5.99 8.91 8.32 7.23 6.50 7.37 10.59 10.37 12.05 12.05 12.99 7.37 3.87 4.82 0.73 0.00 0.00 0.00 0.00 0.00 0.00 0.00 0.73 2.26 0.22 0.95 0.00 0.00 0.00 0.00 0.00 0.66 0.07 0.00 0.00 0.00 0.00 0.00 0.22 0.58 0.80 2.56 4.09 8.61 7.08 10.95 10.95 8.98 9.93 9.42 2.41 3.29 3.72 3.36 5.26 4.96 3.94 4.02 3.14 2.77 2.26 3.36
0.00 0.00 0.00 5.99 8.25 7.88 8.03 8.03 9.64 9.71 9.20 7.15 7.37 6.28 4.89 5.77 6.50 5.77 5.77 5.69 4.74 6.64 5.99 8.91 8.32 7.23 6.50 7.37 10.59 10.37 12.05 12.05 12.99 7.37 3.87 4.82 0.73 0.00 0.00 0.00 0.00 0.00 0.00 0.00 0.73 2.26 0.22 0.95 0.00 0.00 0.00 0.00 0.00 0.66 0.07 0.00 0.00 0.00 0.00 0.00 0.22 0.58 0.80 2.56 4.09 8.61 7.08 10.95 10.95 8.98 9.93 9.42 2.41 3.29 3.72 3.36 5.26 4.96 3.94 4.02 3.14 2.77 2.26 3.36
3.65 5.69 7.37 7.52 8.98 10.22 8.47 8.40 9.71 10.44 10.59 11.32 7.96 8.10 7.15 6.86 4.89 5.77 5.77 3.21 4.16 4.31 7.15 8.25 8.10 7.08 3.87 5.04 7.96 10.88 10.29 11.90 8.18 8.91 6.35 1.10 1.61 0.00 0.29 0.00 0.00 0.00 1.31 1.31 1.02 1.39 0.07 0.00 0.00 0.00 0.00 0.00 1.31 0.88 1.75 2.26 1.75 0.00 1.46 0.44 1.75 0.88 1.97 2.34 5.04 4.23 7.01 9.34 9.34 11.24 6.13 8.32 3.50 2.41 6.13 5.11 3.36 4.02 3.36 0.80 0.51 0.88 3.36 1.10
4.96 3.87 5.62 9.05 8.47 11.61 10.00 9.71 10.07 11.02 12.26 12.34 13.51 8.47 9.34 7.15 9.05 6.72 6.72 5.04 3.65 2.41 2.85 6.50 7.01 7.37 4.09 3.80 3.94 5.18 8.69 10.37 10.95 9.71 10.59 4.82 0.58 0.95 0.00 0.44 0.37 0.66 0.00 0.00 0.00 0.00 0.00 0.00 0.00 0.00 0.00 0.00 0.00 0.00 0.80 0.07 0.00 0.29 1.46 4.09 8.03 6.13 3.14 3.65 4.45 3.80 12.41 11.83 11.83 12.70 10.07 4.82 8.91 4.96 5.48 4.31 2.34 0.37 0.00 0.07 0.00 0.22 1.24 0.66
0.00 0.00 2.19 2.85 10.07 9.56 7.37 10.29 12.92 11.61 14.67 15.55 15.48 16.35 9.05 8.69 10.59 8.91 8.91 7.66 4.74 2.99 2.48 3.58 5.18 7.08 6.28 4.02 4.09 4.09 6.20 9.42 8.32 8.61 7.59 5.26 5.77 1.10 0.51 0.07 0.44 0.00 0.00 0.00 0.00 0.00 0.00 0.00 0.00 0.00 0.00 0.00 0.00 0.00 0.00 0.00 0.00 0.00 2.99 8.54 10.44 8.03 10.59 9.42 10.88 12.41 13.43 13.43 13.43 14.02 7.81 2.48 7.37 1.39 3.43 0.07 0.22 0.58 0.07 0.00 0.44 0.00 0.00 0.00
0.00 0.00 0.00 0.00 0.00 3.87 4.45 4.38 13.65 19.42 19.13 19.13 19.78 20.00 18.54 13.36 13.43 11.83 11.83 10.95 8.83 5.99 4.38 4.38 4.02 8.10 7.37 5.84 4.09 3.94 3.94 4.67 6.20 6.57 6.64 4.23 1.17 1.31 0.00 0.44 0.00 0.00 0.00 0.00 0.00 0.00 0.00 0.00 0.00 0.00 0.00 0.00 0.00 0.00 0.00 0.00 0.00 0.00 0.00 0.00 7.23 6.42 9.27 7.45 10.88 11.53 7.74 5.99 5.99 2.77 5.55 0.00 0.00 0.15 0.15 0.00 0.00 0.22 0.00 0.00 0.00 0.00 0.00 0.00
0.00 0.00 0.00 0.00 0.00 1.61 4.31 3.50 9.78 16.06 15.04 13.36 19.93 19.20 19.78 17.96 16.64 14.31 14.31 15.11 11.53 10.95 11.17 7.15 10.29 9.71 10.73 9.86 7.59 8.10 4.45 2.70 2.92 2.70 1.97 0.00 0.15 0.00 0.00 0.00 0.00 2.19 0.00 0.00 0.00 0.00 0.00 0.00 0.00 0.00 0.00 0.00 0.00 0.00 0.00 0.00 0.00 0.00 0.00 0.00 0.37 2.12 4.16 7.01 4.67 3.29 4.31 2.12 2.12 0.29 0.00 0.00 0.22 0.00 0.00 0.00 0.00 0.00 0.00 0.00 0.00 0.00 0.00 0.00
0.00 0.00 0.00 0.00 0.00 1.61 4.31 3.50 9.78 16.06 15.04 13.36 19.93 19.20 19.78 17.96 16.64 14.31 14.31 15.11 11.53 10.95 11.17 7.15 10.29 9.71 10.73 9.86 7.59 8.10 4.45 2.70 2.92 2.70 1.97 0.00 0.15 0.00 0.00 0.00 0.00 2.19 0.00 0.00 0.00 0.00 0.00 0.00 0.00 0.00 0.00 0.00 0.00 0.00 0.00 0.00 0.00 0.00 0.00 0.00 0.37 2.12 4.16 7.01 4.67 3.29 4.31 2.12 2.12 0.29 0.00 0.00 0.22 0.00 0.00 0.00 0.00 0.00 0.00 0.00 0.00 0.00 0.00 0.00
0.00 0.00 0.00 0.00 2.34 2.70 6.72 12.34 8.10 9.78 7.74 8.25 6.28 14.53 15.33 15.62 14.67 13.51 13.51 10.80 11.68 10.22 11.02 11.83 12.48 12.56 12.63 11.46 8.03 4.96 5.62 2.85 1.90 1.53 1.68 0.22 0.00 0.00 0.00 0.00 1.68 1.83 0.00 0.00 0.00 0.00 0.00 0.00 0.00 0.00 0.00 0.00 0.00 0.00 0.00 0.22 0.07 0.00 0.00 0.00 0.00 0.58 0.00 1.02 2.19 1.97 2.26 0.51 0.51 0.44 0.00 0.00 0.00 0.00 0.00 0.00 0.00 0.00 0.00 0.00 0.00 0.00 0.00 0.00
0.00 0.00 0.00 1.61 4.74 11.68 9.49 14.31 6.35 0.00 0.07 4.60 8.76 7.81 10.51 13.94 13.72 14.53 14.53 13.94 15.91 11.17 14.97 14.53 14.75 13.55 10.91 9.93 9.49 5.55 0.00 0.00 1.31 0.00 0.00 0.00 0.00 0.00 0.00 0.00 0.00 0.00 0.00 0.00 0.00 0.00 0.00 0.00 0.00 0.00 0.00 0.00 0.00 0.00 0.00 0.00 0.00 0.00 0.00 0.00 0.00 0.00 0.00 0.44 1.83 0.00 0.00 1.24 1.24 0.00 0.00 0.00 0.00 0.00 0.00 0.00 0.00 0.00 0.00 0.00 0.00 0.00 0.00 0.00
0.00 0.58 2.19 2.26 1.90 6.42 0.15 1.46 3.43 0.00 0.00 1.24 6.50 8.25 6.50 10.29 15.91 17.89 17.89 18.03 16.43 16.79 18.25 18.62 15.12 12.66 13.35 12.27 10.95 11.61 8.83 4.16 2.34 2.48 0.00 0.00 0.00 0.00 0.00 0.00 0.00 0.00 0.00 0.00 0.00 0.00 0.00 0.00 0.00 0.00 0.00 0.00 0.00 0.00 0.00 0.00 0.00 0.00 0.00 0.00 0.00 0.00 0.00 0.00 0.15 0.00 0.15 0.00 0.00 0.00 0.00 0.00 0.00 0.00 0.00 0.00 0.00 0.00 0.00 0.00 0.00 0.00 0.00 0.00
0.00 0.00 0.00 0.15 0.00 0.00 0.00 0.00 0.00 0.00 0.00 0.00 1.61 2.85 7.23 7.66 7.74 15.33 15.33 11.75 12.19 11.93 10.16 11.36 15.21 16.49 16.38 16.22 13.85 9.53 5.40 5.77 4.09 0.00 0.00 0.00 0.15 0.58 0.51 1.17 0.00 0.00 0.00 0.00 0.00 0.00 0.00 0.00 0.00 0.00 0.00 0.00 0.00 0.00 0.00 0.00 0.00 0.00 0.00 0.00 0.00 0.00 0.00 0.00 0.00 0.00 0.00 0.00 0.00 0.00 0.15 0.00 0.66 0.15 0.00 0.00 0.29 0.00 0.00 0.00 0.00 0.00 0.00 0.00
0.00 0.00 0.00 0.00 0.00 0.00 0.00 0.00 0.00 0.00 0.00 0.00 0.07 0.00 1.75 2.19 0.00 0.22 0.22 0.00 0.00 0.00 0.00 5.99 6.52 5.77 10.46 11.82 12.15 14.31 12.84 12.56 9.49 7.66 3.14 6.20 3.65 4.23 1.02 0.22 0.00 0.00 0.00 0.00 0.00 0.00 0.00 0.00 0.00 0.00 0.00 0.00 0.00 0.00 0.00 0.00 0.00 0.00 0.00 0.00 0.00 0.00 0.00 0.00 0.37 0.15 0.37 0.00 0.00 2.48 2.19 1.10 1.75 0.66 0.07 0.00 0.51 0.00 0.00 0.00 0.00 0.00 0.00 0.00
0.00 0.00 0.00 0.00 0.00 0.00 0.00 0.00 0.00 0.00 0.00 0.00 0.07 0.00 1.75 2.19 0.00 0.22 0.22 0.00 0.00 0.00 0.00 6.14 6.42 5.77 10.15 10.99 11.36 14.53 12.97 13.08 10.66 8.11 3.22 6.20 3.65 4.23 1.02 0.22 0.00 0.00 0.00 0.00 0.00 0.00 0.00 0.00 0.00 0.00 0.00 0.00 0.00 0.00 0.00 0.00 0.00 0.00 0.00 0.00 0.00 0.00 0.00 0.00 0.37 0.15 0.37 0.00 0.00 2.48 2.19 1.10 1.75 0.66 0.07 0.00 0.51 0.00 0.00 0.00 0.00 0.00 0.00 0.00
0.00 0.00 0.00 0.00 0.00 0.00 0.00 0.00 0.00 0.00 0.00 0.00 0.37 0.00 0.00 0.00 0.00 0.00 0.00 0.00 0.00 0.00 0.00 0.00 0.00 4.57 3.98 5.43 4.60 11.30 10.32 12.78 15.96 16.65 14.60 11.95 6.49 2.41 3.43 0.73 0.00 0.00 0.00 0.00 0.00 0.00 0.00 0.00 0.00 0.00 0.00 0.00 0.00 0.00 0.00 0.00 0.00 0.00 0.00 0.00 0.00 0.00 0.00 0.00 0.22 1.83 4.23 4.09 4.09 2.77 0.07 0.37 0.58 0.07 0.00 0.00 0.00 0.00 0.00 0.00 0.00 0.00 0.00 0.00
0.00 0.00 0.00 0.73 0.00 0.00 0.00 0.00 0.00 0.00 0.00 0.15 0.00 0.00 0.00 0.00 0.00 0.00 0.00 0.00 0.00 0.00 0.00 0.00 0.00 0.00 0.00 0.00 0.00 2.58 6.28 9.27 8.32 15.73 16.15 15.63 11.86 6.46 6.42 3.72 1.31 2.04 0.15 0.15 0.00 0.00 0.00 0.00 0.00 0.00 0.00 0.00 0.00 0.00 0.00 0.00 0.00 0.00 0.00 0.00 0.00 0.00 0.00 0.00 0.00 1.53 2.99 4.09 4.09 3.29 3.43 1.53 1.61 1.61 1.97 0.37 0.00 0.07 0.00 0.00 0.00 0.00 0.00 0.00
0.00 0.00 0.00 0.22 0.44 0.22 1.90 1.97 0.51 0.37 1.10 0.00 0.00 0.00 0.00 2.77 1.90 0.00 0.00 0.00 0.00 0.00 0.00 0.00 0.00 0.00 0.00 0.00 0.00 0.00 0.00 0.00 0.66 6.79 5.92 11.59 16.28 9.93 11.17 6.35 4.82 6.42 1.17 1.17 0.00 0.00 0.00 0.00 0.00 0.00 0.00 0.00 0.00 0.00 0.00 0.00 0.00 0.00 0.00 0.00 0.00 0.00 0.00 0.00 0.00 1.46 1.75 2.85 2.85 3.72 1.24 0.37 1.53 1.17 1.10 0.58 2.19 0.29 1.31 0.51 0.00 0.00 0.00 0.00
0.00 0.00 0.00 0.00 0.00 1.97 0.44 0.00 0.00 1.75 2.12 0.00 0.00 1.46 0.00 4.31 2.04 0.00 0.00 0.00 0.00 0.00 0.00 0.00 0.00 0.00 0.00 0.00 0.00 0.00 0.00 0.00 0.00 1.90 5.69 12.70 10.89 15.58 13.26 12.02 8.25 8.25 4.23 4.23 0.80 0.95 0.00 0.00 0.00 0.00 0.00 0.00 0.00 0.00 0.00 0.00 0.00 0.00 0.00 0.00 0.00 0.00 0.00 0.00 0.00 0.00 1.02 0.00 0.00 0.00 0.22 0.07 0.00 0.37 0.00 0.80 2.34 1.17 1.75 0.29 1.53 0.22 0.80 0.29
0.00 0.00 0.00 0.00 0.00 0.00 0.00 0.00 0.00 0.00 0.00 0.00 0.00 3.36 4.16 4.53 1.83 0.00 0.00 0.00 0.00 0.00 0.00 0.00 0.00 0.00 0.00 0.00 0.00 0.00 0.00 0.00 0.00 0.00 0.00 0.00 1.68 5.04 7.56 13.48 11.15 7.15 6.64 6.64 1.68 1.75 1.10 0.00 0.00 0.00 0.00 0.00 0.00 0.00 0.00 0.00 0.00 0.00 0.00 0.00 0.00 0.00 0.00 0.00 0.00 0.00 0.00 0.00 0.00 0.00 0.00 0.00 0.00 0.00 0.66 0.00 0.58 0.29 1.39 2.92 0.07 1.39 1.10 0.80
0.00 0.00 0.00 0.00 0.00 0.00 0.00 0.00 0.00 0.00 0.00 0.00 2.34 2.04 0.07 0.00 0.00 0.00 0.00 0.00 0.00 0.00 0.00 0.00 0.00 0.00 0.00 0.00 0.00 0.00 0.00 0.00 0.00 0.00 0.00 0.00 0.00 1.92 7.96 2.92 3.61 5.18 6.06 6.06 6.50 3.21 1.39 0.29 0.95 0.00 0.00 0.00 0.00 0.00 0.00 0.00 0.00 0.00 0.00 0.00 0.00 0.00 0.00 0.00 0.00 0.00 0.00 0.00 0.00 0.00 0.00 0.00 0.00 0.00 0.00 0.00 0.00 0.00 0.00 0.00 0.00 0.44 1.10 1.17
0.00 0.00 0.00 0.00 0.00 0.00 0.00 0.00 0.00 0.00 0.00 0.00 2.34 2.04 0.07 0.00 0.00 0.00 0.00 0.00 0.00 0.00 0.00 0.00 0.00 0.00 0.00 0.00 0.00 0.00 0.00 0.00 0.00 0.00 0.00 0.00 0.00 1.91 8.04 2.92 3.58 5.18 6.06 6.06 6.50 3.21 1.39 0.29 0.95 0.00 0.00 0.00 0.00 0.00 0.00 0.00 0.00 0.00 0.00 0.00 0.00 0.00 0.00 0.00 0.00 0.00 0.00 0.00 0.00 0.00 0.00 0.00 0.00 0.00 0.00 0.00 0.00 0.00 0.00 0.00 0.00 0.44 1.10 1.17
0.00 0.00 0.00 0.00 0.00 0.00 0.00 0.00 0.00 0.00 0.00 0.00 1.53 0.00 0.22 0.00 0.00 0.00 0.00 0.00 0.00 0.00 0.00 0.00 0.00 0.00 0.00 0.00 0.00 0.00 0.00 0.00 0.00 0.00 0.00 0.00 0.00 0.00 0.00 0.00 1.17 3.36 0.00 0.00 0.00 0.00 0.00 1.17 1.17 1.53 1.53 0.00 0.00 0.00 0.00 0.00 0.00 0.00 0.00 0.00 0.00 0.00 0.00 0.00 0.00 0.00 0.00 0.00 0.00 0.00 0.00 0.00 0.00 0.00 0.00 0.00 0.00 0.00 0.00 0.00 0.00 0.00 0.00 0.00
