Wansh/Snow_depth/snowdepth-1998/spring/1998078.txt
ncols 321
nrows 161
xllcenter 60
yllcenter 15 
cellsize  0.25 
NODATA_value -1
[rows 0 to 36 of 161, columns 0 to 82 of 321]
20.00 20.00 19.05 23.51 23.51 22.56 23.29 22.70 24.97 24.97 24.97 24.60 24.75 23.87 23.07 23.43 22.12 18.98 18.76 18.69 17.30 18.03 18.10 19.13 19.20 18.91 18.91 17.45 17.45 18.40 18.32 18.61 18.18 20.29 18.61 20.22 21.17 21.53 21.53 21.53 24.02 24.09 24.09 24.89 20.73 20.73 20.73 20.73 21.97 21.53 23.00 23.00 21.10 19.78 21.46 21.53 21.97 21.46 21.17 22.92 22.27 24.45 23.07 23.43 23.43 25.40 25.77 21.83 19.86 20.66 14.09 16.21 14.97 21.90 23.80 22.41 22.41 25.11 24.24 24.89 25.70 25.19 25.04
20.95 20.95 23.29 23.00 24.38 24.45 24.60 23.94 24.16 24.09 21.68 19.78 20.51 18.98 19.13 18.47 17.96 17.89 17.74 17.37 16.06 16.79 16.94 16.94 16.72 16.86 16.86 17.01 17.01 18.54 18.54 18.32 16.64 15.91 19.42 18.76 19.42 19.49 19.35 21.02 20.08 17.89 17.59 17.74 17.08 16.79 19.64 17.45 16.57 19.13 18.83 18.83 18.69 19.71 19.93 19.20 19.56 19.13 21.53 21.39 20.59 20.73 21.75 18.98 18.91 18.91 18.32 16.21 17.59 14.45 14.45 14.24 19.42 19.13 21.53 24.97 24.97 24.89 24.60 25.92 25.84 24.60 23.73
20.08 20.08 20.59 20.37 22.34 24.16 22.19 23.73 23.73 21.68 22.78 20.22 18.61 18.40 16.94 16.21 15.04 14.97 16.13 15.70 15.62 15.62 13.07 12.19 12.41 14.67 14.67 13.21 14.53 15.84 17.52 17.52 15.55 16.86 14.97 16.64 18.69 18.18 17.01 14.89 15.77 16.64 15.84 13.80 13.14 14.24 13.65 14.02 14.60 16.06 16.57 16.57 15.11 15.62 15.40 18.54 18.54 16.94 18.25 17.45 20.66 20.22 19.78 19.05 17.89 19.13 19.35 20.44 19.71 19.64 19.13 20.44 20.00 22.05 21.68 22.27 22.27 24.67 24.38 25.40 23.65 24.53 21.10
20.08 20.08 20.59 20.37 22.34 24.16 22.19 23.73 23.73 21.68 22.78 20.22 18.61 18.40 16.94 16.21 15.04 14.97 16.13 15.70 15.62 15.62 13.07 12.19 12.41 14.67 14.67 13.21 14.53 15.84 17.52 17.52 15.55 16.86 14.97 16.64 18.69 18.18 17.01 14.89 15.77 16.64 15.84 13.80 13.14 14.24 13.65 14.02 14.60 16.06 16.57 16.57 15.11 15.62 15.40 18.54 18.54 16.94 18.25 17.45 20.66 20.22 19.78 19.05 17.89 19.13 19.35 20.44 19.71 19.64 19.13 20.44 20.00 22.05 21.68 22.27 22.27 24.67 24.38 25.40 23.65 24.53 21.10
18.32 18.32 17.67 17.37 20.00 20.95 20.73 20.15 19.71 19.56 19.27 18.32 18.61 17.37 16.72 16.94 15.99 14.45 14.45 14.38 15.18 13.21 13.72 12.26 10.29 11.46 11.46 10.59 12.48 12.92 14.75 15.40 12.78 15.33 15.62 15.18 15.62 14.45 12.63 14.16 9.71 10.15 10.66 10.51 8.98 12.19 13.07 10.51 12.85 12.41 11.61 11.61 13.07 12.78 13.14 12.78 13.29 15.18 14.38 16.64 16.64 19.49 20.08 20.44 20.51 20.51 20.37 20.44 18.76 19.20 19.27 19.64 19.71 19.05 21.97 21.32 21.32 23.00 23.29 21.39 21.68 20.95 21.17
14.67 14.67 14.97 15.55 19.05 18.03 21.61 20.00 20.73 18.03 16.35 16.43 15.55 15.26 15.18 15.55 13.80 14.24 13.43 12.85 12.48 12.12 12.56 10.15 10.88 9.64 9.64 9.64 10.00 12.19 13.58 16.35 16.35 16.28 14.38 13.36 10.59 9.64 9.93 8.91 7.81 7.30 4.45 4.16 5.77 7.74 2.77 7.23 8.61 3.94 6.42 6.42 9.13 7.66 10.22 12.78 13.29 12.05 12.78 16.50 17.74 17.30 18.83 20.44 20.51 20.15 20.37 19.93 20.22 19.20 17.81 18.25 19.71 19.93 19.71 21.39 21.39 20.22 20.15 20.66 20.22 20.08 20.22
15.33 15.33 16.06 15.84 18.61 21.97 21.68 22.19 19.86 20.37 17.96 16.06 16.57 14.75 13.43 15.18 15.40 15.40 13.07 13.51 12.63 12.56 11.53 11.24 10.88 9.93 9.93 10.15 10.15 11.24 12.99 15.04 14.89 17.23 16.43 12.19 10.15 9.56 8.25 4.09 1.97 2.41 1.90 0.37 0.00 1.31 6.50 1.90 0.00 1.61 5.69 5.69 6.86 6.35 5.91 7.81 11.68 11.39 15.26 14.31 15.26 12.48 15.91 14.60 18.69 18.10 17.01 19.56 16.35 17.01 16.28 16.28 16.06 18.18 14.75 15.04 15.04 17.96 18.10 17.16 20.15 20.73 20.73
15.33 15.33 16.06 15.84 18.61 21.97 21.68 22.19 19.86 20.37 17.96 16.06 16.57 14.75 13.43 15.18 15.40 15.40 13.07 13.51 12.63 12.56 11.53 11.24 10.88 9.93 9.93 10.15 10.15 11.24 12.99 15.04 14.89 17.23 16.43 12.19 10.15 9.56 8.25 4.09 1.97 2.41 1.90 0.37 0.00 1.31 6.50 1.90 0.00 1.61 5.69 5.69 6.86 6.35 5.91 7.81 11.68 11.39 15.26 14.31 15.26 12.48 15.91 14.60 18.69 18.10 17.01 19.56 16.35 17.01 16.28 16.28 16.06 18.18 14.75 15.04 15.04 17.96 18.10 17.16 20.15 20.73 20.73
14.75 14.75 14.31 18.10 20.81 20.51 19.78 18.03 18.18 18.47 17.45 18.25 15.18 13.07 14.75 14.24 15.84 15.91 14.24 14.45 13.51 12.48 12.78 11.24 11.02 10.15 10.15 10.37 10.66 11.39 13.43 14.02 14.82 12.70 14.45 12.56 10.59 11.17 8.47 5.33 3.07 2.99 4.74 1.39 0.00 0.00 0.00 0.00 0.00 0.73 0.00 0.00 0.00 4.53 0.00 5.69 4.89 8.83 10.73 8.69 7.66 10.66 12.26 12.41 12.19 13.43 13.80 13.58 14.31 13.94 13.94 15.99 12.99 13.43 13.51 13.58 13.58 13.43 14.67 14.24 13.14 15.99 18.32
12.85 12.85 16.43 15.48 19.13 19.05 19.56 17.08 16.06 14.67 16.13 14.16 14.82 15.26 15.48 15.91 15.91 14.09 11.17 11.90 11.39 10.07 10.15 10.73 11.46 10.37 10.37 10.37 12.05 13.29 13.29 13.36 13.36 14.02 12.99 12.78 11.53 11.97 9.86 11.97 10.29 7.74 8.76 3.94 0.58 0.00 0.00 0.44 0.00 0.00 0.00 0.00 0.00 0.00 0.00 2.56 0.95 3.58 2.12 5.55 4.60 8.61 7.88 11.24 11.24 11.68 12.70 11.90 12.26 13.72 12.70 12.41 11.83 12.92 13.07 13.87 13.87 13.21 13.07 12.34 14.31 13.94 13.72
12.85 12.85 11.90 16.57 15.99 16.28 14.67 14.24 13.72 14.09 13.87 14.38 14.45 14.24 13.80 13.36 14.53 13.94 11.32 11.97 9.86 10.15 9.56 8.98 9.20 10.22 10.22 11.53 12.41 13.51 14.16 14.24 14.09 13.58 13.07 12.12 13.14 13.51 12.85 12.99 10.80 12.19 10.15 6.50 5.77 5.55 5.04 0.95 0.00 1.02 0.00 0.00 0.00 0.00 0.00 0.00 0.00 0.95 1.02 0.37 5.62 6.13 6.35 6.79 12.05 12.05 8.98 9.78 10.44 9.56 12.63 13.43 13.43 13.07 13.80 13.58 13.58 13.72 14.31 14.53 13.21 13.43 13.21
12.85 12.85 11.90 16.57 15.99 16.28 14.67 14.24 13.72 14.09 13.87 14.38 14.45 14.24 13.80 13.36 14.53 13.94 11.32 11.97 9.86 10.15 9.56 8.98 9.20 10.22 10.22 11.53 12.41 13.51 14.16 14.24 14.09 13.58 13.07 12.12 13.14 13.51 12.85 12.99 10.80 12.19 10.15 6.50 5.77 5.55 5.04 0.95 0.00 1.02 0.00 0.00 0.00 0.00 0.00 0.00 0.00 0.95 1.02 0.37 5.62 6.13 6.35 6.79 12.05 12.05 8.98 9.78 10.44 9.56 12.63 13.43 13.43 13.07 13.80 13.58 13.58 13.72 14.31 14.53 13.21 13.43 13.21
12.41 12.41 15.84 15.18 15.48 12.34 8.69 12.34 12.92 11.24 12.05 11.90 12.48 12.78 12.99 12.85 13.21 13.14 13.43 13.36 12.34 12.05 10.29 10.44 10.29 10.37 10.37 12.12 11.90 12.48 11.32 14.24 13.65 11.17 12.26 11.90 13.21 13.94 12.85 13.72 14.09 13.94 12.48 10.07 10.07 6.57 5.77 4.60 5.11 3.87 0.29 0.29 1.31 0.00 0.00 0.00 0.00 0.00 0.00 0.00 1.24 0.00 4.23 4.89 2.19 7.23 6.72 8.98 10.66 13.21 13.07 14.09 14.89 12.78 13.72 14.38 14.38 13.94 14.82 15.11 15.33 14.97 13.29
14.89 14.89 14.31 14.60 11.02 7.52 7.96 7.88 9.78 9.34 10.15 10.37 10.66 11.68 11.61 11.68 11.90 11.75 12.70 12.41 13.36 12.70 10.73 11.02 9.78 11.17 11.17 10.73 10.22 10.88 10.51 11.24 10.44 10.88 11.68 11.32 14.09 14.24 14.24 14.75 14.53 12.34 12.63 11.83 9.78 8.40 6.72 6.13 7.96 4.09 2.56 2.56 2.85 0.00 0.00 0.00 0.00 0.00 0.00 0.00 0.00 0.00 0.00 0.07 0.15 6.06 9.34 7.59 11.10 13.80 14.09 13.65 15.26 16.35 14.89 15.26 15.26 16.28 16.43 15.84 14.53 15.04 13.65
14.38 14.38 14.75 14.97 12.70 7.96 6.50 7.74 7.23 9.93 10.00 9.71 10.51 11.46 9.27 10.44 10.22 10.73 10.59 13.58 13.80 13.51 11.10 9.86 10.80 9.93 9.93 9.86 9.49 9.05 8.91 10.73 10.73 10.80 12.99 12.92 13.58 13.29 13.14 13.36 12.05 11.61 11.53 9.93 10.22 9.27 8.40 10.15 9.34 6.64 2.19 2.19 0.58 2.63 0.00 0.00 0.29 0.00 0.00 0.00 0.00 0.00 0.00 1.24 3.58 2.92 6.20 8.83 9.56 12.19 12.26 14.31 14.16 15.99 18.40 17.81 17.81 16.43 15.18 15.40 15.55 15.26 14.60
15.99 15.99 15.62 14.60 10.29 8.40 8.03 8.61 10.59 10.22 11.53 12.19 11.17 9.13 9.64 8.69 8.69 9.27 9.78 12.85 13.80 12.56 9.71 10.15 9.78 8.47 8.47 8.54 9.34 9.20 10.22 9.78 10.80 10.66 12.19 12.85 13.07 12.78 12.85 12.26 12.05 13.87 10.51 11.39 11.90 11.90 11.61 11.90 11.10 9.13 9.93 9.93 5.77 0.80 0.44 4.09 1.83 0.88 2.26 2.70 0.58 2.56 1.24 1.61 0.95 0.00 2.56 7.30 9.64 10.37 10.51 11.39 13.80 15.33 18.18 17.23 17.23 17.23 15.70 15.48 14.60 14.82 13.58
15.99 15.99 15.62 14.60 10.29 8.40 8.03 8.61 10.59 10.22 11.53 12.19 11.17 9.13 9.64 8.69 8.69 9.27 9.78 12.85 13.80 12.56 9.71 10.15 9.78 8.47 8.47 8.54 9.34 9.20 10.22 9.78 10.80 10.66 12.19 12.85 13.07 12.78 12.85 12.26 12.05 13.87 10.51 11.39 11.90 11.90 11.61 11.90 11.10 9.13 9.93 9.93 5.77 0.80 0.44 4.09 1.83 0.88 2.26 2.70 0.58 2.56 1.24 1.61 0.95 0.00 2.56 7.30 9.64 10.37 10.51 11.39 13.80 15.33 18.18 17.23 17.23 17.23 15.70 15.48 14.60 14.82 13.58
16.06 16.06 14.82 15.55 11.32 9.05 11.02 12.12 11.83 14.02 13.07 13.72 12.99 10.88 10.37 8.83 9.93 9.56 10.29 11.46 12.78 11.24 10.95 10.22 9.27 8.40 8.40 8.98 10.22 10.07 9.13 11.24 13.36 13.07 12.92 12.92 12.63 12.78 13.07 13.29 13.65 13.29 14.45 11.90 12.78 13.72 16.43 15.91 15.91 16.35 13.14 13.14 9.71 9.42 6.94 7.08 3.29 7.01 3.72 5.33 3.14 4.31 2.26 2.41 3.58 2.77 5.91 8.61 8.40 8.61 11.24 11.02 13.07 14.31 15.84 16.43 16.43 15.40 14.60 15.26 13.51 13.29 13.94
16.79 16.79 17.81 14.02 11.10 11.24 11.17 11.75 13.51 15.33 15.55 15.11 14.31 12.12 11.61 10.51 10.59 10.95 10.59 11.97 11.75 11.53 10.51 9.05 9.34 8.47 8.47 8.83 7.37 8.69 9.56 10.95 8.98 9.42 9.93 9.27 7.66 9.56 8.69 12.41 11.90 16.06 13.65 12.63 12.92 17.08 17.08 17.08 17.45 15.40 13.72 13.72 14.09 11.32 8.61 9.42 8.10 8.18 5.40 7.88 5.69 5.18 7.81 4.74 3.72 4.82 4.38 5.84 8.61 8.83 9.34 11.46 11.39 12.56 14.02 15.11 15.11 15.26 13.80 12.70 14.24 13.80 13.87
18.83 18.83 12.78 10.80 10.88 11.46 14.31 15.04 15.33 14.97 16.28 15.91 15.18 13.36 13.65 11.68 11.02 10.66 11.24 11.83 12.48 12.48 11.32 10.59 12.63 9.93 9.93 10.66 8.32 8.03 7.59 8.03 5.99 6.13 5.04 6.28 8.54 9.56 14.82 13.36 13.94 16.64 18.54 18.18 18.69 18.76 16.43 17.89 16.28 16.43 14.53 14.53 14.53 12.78 12.92 12.99 13.29 11.32 12.34 9.64 14.09 11.83 12.12 6.28 5.33 7.08 5.33 5.04 8.54 9.56 8.98 11.53 12.63 12.41 13.58 14.53 14.53 13.58 14.02 13.29 13.80 13.58 13.58
17.16 17.16 15.70 15.91 11.83 13.43 12.70 15.18 16.35 16.28 16.79 16.94 13.94 14.24 14.75 13.51 11.24 10.80 11.10 13.94 13.51 11.83 11.10 12.92 12.78 10.29 10.29 8.83 8.25 7.81 5.77 2.77 3.50 7.01 5.91 8.18 8.83 12.70 15.26 17.52 16.94 17.37 19.27 18.03 15.70 15.04 16.57 15.26 16.43 15.26 15.77 15.77 14.82 12.92 13.21 13.14 13.29 15.48 15.84 16.79 16.21 16.57 13.80 14.82 11.90 9.56 6.50 9.78 10.37 10.66 10.88 11.39 10.37 13.80 15.04 14.75 14.75 16.21 14.38 14.38 14.67 13.58 13.72
17.96 17.96 16.72 17.30 15.40 14.09 16.64 17.30 16.72 17.01 16.28 16.86 14.97 14.89 12.12 11.68 10.44 9.20 11.97 11.24 12.85 12.63 14.38 14.31 11.90 9.34 9.34 8.91 9.13 9.64 8.03 7.15 7.45 7.88 12.48 13.29 14.31 14.02 15.55 17.52 17.67 18.32 18.40 15.77 15.91 15.99 15.91 17.16 16.50 15.84 16.21 16.21 14.31 13.65 12.78 13.36 13.21 12.99 14.24 16.64 15.11 14.75 15.91 13.21 11.46 11.68 11.39 11.53 9.42 9.86 8.83 10.22 10.07 11.68 15.18 16.64 16.64 16.64 17.01 17.45 16.35 14.24 12.48
17.96 17.96 16.72 17.30 15.40 14.09 16.64 17.30 16.72 17.01 16.28 16.86 14.97 14.89 12.12 11.68 10.44 9.20 11.97 11.24 12.85 12.63 14.38 14.31 11.90 9.34 9.34 8.91 9.13 9.64 8.03 7.15 7.45 7.88 12.48 13.29 14.31 14.02 15.55 17.52 17.67 18.32 18.40 15.77 15.91 15.99 15.91 17.16 16.50 15.84 16.21 16.21 14.31 13.65 12.78 13.36 13.21 12.99 14.24 16.64 15.11 14.75 15.91 13.21 11.46 11.68 11.39 11.53 9.42 9.86 8.83 10.22 10.07 11.68 15.18 16.64 16.64 16.64 17.01 17.45 16.35 14.24 12.48
16.50 16.50 17.74 17.23 17.89 17.45 17.45 17.52 16.86 15.84 15.91 14.45 14.97 12.56 10.07 9.13 9.05 9.71 9.71 9.64 12.63 12.41 12.41 10.95 10.95 10.88 10.88 8.03 8.32 8.98 8.76 9.34 7.81 14.24 14.38 14.16 15.77 17.52 17.45 17.45 17.59 16.13 14.89 15.33 15.91 16.13 15.84 14.45 15.55 14.67 12.41 12.41 13.21 13.14 13.80 15.84 13.36 13.72 13.43 12.19 13.58 13.21 13.07 13.58 12.78 11.75 11.32 12.48 8.69 8.83 8.98 10.22 11.02 11.02 12.56 15.99 15.99 18.03 17.81 17.52 17.08 16.13 12.78
16.06 16.06 16.94 16.06 16.94 15.40 16.13 15.48 15.70 11.97 11.68 11.83 9.13 10.95 10.15 8.25 8.76 9.13 8.69 9.71 9.42 11.32 11.17 11.46 9.20 8.18 8.18 9.71 8.91 8.69 8.83 14.60 15.26 15.04 14.53 14.60 16.86 18.40 18.83 20.73 17.67 17.45 15.70 15.62 14.24 14.38 14.31 14.09 13.94 13.51 12.48 12.48 13.80 16.50 16.94 17.16 14.31 12.41 11.46 11.17 14.16 14.45 16.43 13.87 13.94 15.99 13.72 14.67 14.60 11.17 10.88 11.53 11.02 13.21 13.80 14.38 14.38 13.43 16.72 16.28 17.37 14.31 12.19
14.09 14.09 14.89 15.70 14.45 14.82 11.83 10.80 10.37 10.29 10.15 6.79 5.04 3.21 5.69 8.10 8.83 10.22 8.69 8.76 11.17 10.80 11.68 11.75 8.98 8.10 8.10 8.69 9.56 13.51 14.38 14.31 13.65 13.94 15.40 17.23 16.79 18.32 20.44 21.24 19.35 19.13 18.25 17.30 17.37 15.99 17.23 16.28 13.51 14.31 12.99 12.99 15.33 18.54 18.32 16.72 17.89 13.72 17.52 17.52 17.45 15.62 18.10 16.13 17.30 17.81 16.28 16.21 16.28 16.72 13.51 16.79 17.08 15.77 15.40 13.07 13.07 14.45 13.58 16.86 16.72 14.82 13.29
13.29 13.29 13.43 11.97 9.78 9.20 10.88 10.22 9.34 8.83 7.08 6.50 1.83 2.63 2.48 10.44 7.52 9.05 11.61 11.90 12.19 12.63 9.93 8.47 8.47 8.54 8.54 9.13 10.66 13.29 12.78 13.58 12.41 14.60 16.79 18.47 19.78 20.08 19.86 20.88 18.03 21.02 17.52 17.30 17.45 15.26 15.33 13.72 12.78 13.65 16.72 16.72 15.70 18.54 18.69 19.27 16.35 19.13 19.42 18.54 16.86 18.18 18.18 17.67 18.40 16.57 17.16 15.91 17.37 17.45 17.67 18.76 21.10 20.66 18.69 14.82 14.82 13.72 14.16 14.02 15.18 15.77 14.67
11.97 11.97 11.24 11.17 9.20 8.40 10.07 10.29 9.71 10.15 9.34 8.91 4.89 2.56 9.56 4.31 4.74 13.14 13.36 14.16 12.56 10.73 8.54 8.32 8.10 9.34 9.34 8.83 11.61 11.53 12.63 11.61 12.56 14.31 17.16 17.16 18.47 18.61 15.99 18.76 18.69 19.13 14.82 12.78 12.26 12.41 13.94 11.83 11.24 12.34 14.60 14.60 14.67 19.20 17.96 19.56 21.39 20.81 20.95 16.50 14.97 14.02 14.38 14.82 15.04 15.62 14.38 16.57 17.37 18.61 19.05 19.56 21.02 19.71 19.71 16.06 16.06 14.24 13.43 13.72 14.67 16.72 15.91
11.97 11.97 11.24 11.17 9.20 8.40 10.07 10.29 9.71 10.15 9.34 8.91 4.89 2.56 9.56 4.31 4.74 13.14 13.36 14.16 12.56 10.73 8.54 8.32 8.10 9.34 9.34 8.83 11.61 11.53 12.63 11.61 12.56 14.31 17.16 17.16 18.47 18.61 15.99 18.76 18.69 19.13 14.82 12.78 12.26 12.41 13.94 11.83 11.24 12.34 14.60 14.60 14.67 19.20 17.96 19.56 21.39 20.81 20.95 16.50 14.97 14.02 14.38 14.82 15.04 15.62 14.38 16.57 17.37 18.61 19.05 19.56 21.02 19.71 19.71 16.06 16.06 14.24 13.43 13.72 14.67 16.72 15.91
11.97 11.97 10.80 10.59 8.83 9.05 9.42 10.29 12.26 10.73 10.59 12.78 10.51 11.24 9.93 12.05 7.66 14.16 14.97 14.24 12.70 10.80 9.34 7.88 7.88 7.96 7.96 10.59 9.49 10.44 10.66 10.66 12.63 15.70 15.84 16.13 17.08 14.60 14.45 16.64 11.32 9.05 9.05 10.00 10.51 11.32 9.64 10.80 10.22 11.46 13.07 13.07 13.94 18.10 20.88 20.15 21.90 18.98 13.72 15.11 13.80 12.85 14.38 15.55 14.97 15.40 14.02 14.09 14.45 15.48 17.59 16.72 19.20 19.64 19.13 17.01 17.01 16.94 14.38 13.94 13.72 14.60 16.50
9.78 9.78 8.40 7.96 8.25 8.61 10.80 13.65 14.02 15.91 14.24 15.48 14.67 15.04 15.55 15.62 14.97 14.16 13.07 11.39 9.27 9.86 7.08 7.30 7.08 7.59 7.59 8.10 10.15 11.24 12.19 13.36 13.51 14.82 15.18 14.02 13.51 13.43 14.53 13.29 10.29 8.69 9.64 10.29 10.22 11.02 11.17 10.22 10.44 11.97 11.53 11.53 14.97 18.69 20.81 21.83 19.27 19.93 15.48 13.94 13.80 13.51 14.67 15.04 15.48 15.33 14.89 13.87 14.09 15.26 15.18 15.04 17.74 18.83 20.81 19.05 19.05 16.50 14.53 12.70 14.09 15.70 15.33
10.37 10.37 9.56 7.88 7.30 9.78 13.43 14.02 17.52 16.57 16.86 16.21 17.23 12.41 14.60 16.21 15.62 14.02 11.61 9.56 6.79 5.99 7.23 6.50 8.61 8.18 8.18 8.61 8.32 11.24 12.05 12.05 12.63 12.85 14.45 14.45 13.21 13.65 11.90 12.34 12.63 9.05 8.18 6.28 7.81 10.88 11.32 11.97 11.68 10.80 15.18 15.18 16.86 16.57 20.73 20.15 19.35 16.28 17.08 15.04 14.60 16.06 16.28 15.33 15.91 15.11 14.24 14.53 13.51 14.24 14.16 13.94 15.70 18.10 20.22 20.88 20.88 17.52 14.16 14.67 12.19 14.53 14.89
7.59 7.59 7.66 7.30 7.52 7.74 8.18 11.17 13.21 14.16 16.35 17.08 13.80 17.74 14.31 16.57 15.11 14.24 11.46 7.88 6.20 7.88 8.25 10.15 8.98 8.91 8.91 9.05 10.51 10.15 10.07 10.88 10.95 12.56 14.45 14.38 13.58 11.39 10.51 11.32 7.23 6.06 6.64 7.45 7.52 12.05 11.39 12.99 10.66 13.07 15.04 15.04 16.79 18.32 18.69 18.69 19.20 17.08 15.84 15.77 15.33 17.23 16.13 15.84 15.99 15.62 15.77 14.31 14.24 14.67 14.53 14.67 14.45 14.45 13.58 16.57 16.57 17.08 14.82 13.43 13.51 13.43 15.18
6.50 6.50 8.32 9.64 8.98 8.47 8.54 10.22 12.85 12.48 15.33 17.81 18.18 14.09 16.43 15.40 13.07 9.05 7.08 7.74 6.35 5.62 8.54 10.51 9.34 9.78 9.78 9.27 8.47 9.05 10.73 12.34 13.94 14.60 14.38 14.09 14.16 12.12 10.22 8.47 7.66 8.54 8.18 10.15 10.95 10.88 11.97 11.68 14.09 13.80 14.31 14.31 16.21 16.57 17.37 17.74 17.30 17.89 14.82 15.33 14.53 14.75 16.06 15.91 14.89 14.89 15.77 14.75 13.80 14.31 11.53 12.92 11.75 11.83 10.29 12.26 12.26 15.18 15.04 14.31 13.94 14.31 13.87
5.26 5.26 6.64 10.15 9.49 10.80 10.37 10.95 12.41 12.78 15.70 10.80 12.26 13.72 12.12 10.95 10.37 8.10 5.91 6.72 9.05 11.24 10.73 10.80 10.51 10.15 10.15 8.32 8.32 10.00 11.32 11.90 12.85 10.07 12.99 11.39 12.34 10.22 9.49 8.98 8.18 8.83 10.44 11.68 11.02 11.61 11.24 13.07 14.38 13.21 15.55 15.55 15.04 15.84 15.33 16.79 15.04 14.53 14.67 12.78 15.84 15.48 16.72 16.28 15.55 16.50 16.35 15.99 12.56 10.73 10.95 10.88 10.00 10.22 10.22 13.94 13.94 17.37 15.70 14.82 14.67 15.04 14.67
5.26 5.26 6.64 10.15 9.49 10.80 10.37 10.95 12.41 12.78 15.70 10.80 12.26 13.72 12.12 10.95 10.37 8.10 5.91 6.72 9.05 11.24 10.73 10.80 10.51 10.15 10.15 8.32 8.32 10.00 11.32 11.90 12.85 10.07 12.99 11.39 12.34 10.22 9.49 8.98 8.18 8.83 10.44 11.68 11.02 11.61 11.24 13.07 14.38 13.21 15.55 15.55 15.04 15.84 15.33 16.79 15.04 14.53 14.67 12.78 15.84 15.48 16.72 16.28 15.55 16.50 16.35 15.99 12.56 10.73 10.95 10.88 10.00 10.22 10.22 13.94 13.94 17.37 15.70 14.82 14.67 15.04 14.67
4.67 4.67 6.28 7.08 6.50 9.64 10.44 10.59 11.32 13.29 11.39 13.43 11.53 9.27 10.95 10.29 9.86 7.52 6.64 6.86 10.07 12.34 11.32 11.39 11.53 11.24 11.24 9.42 7.45 9.64 10.07 10.59 10.73 8.69 8.91 9.78 8.61 7.74 8.83 7.96 9.27 11.75 12.19 11.02 11.24 9.56 10.15 11.39 12.99 12.99 13.65 13.65 13.36 14.16 13.94 13.87 15.91 16.35 15.91 17.96 17.59 15.40 16.13 16.35 14.75 16.86 16.13 16.43 15.33 12.05 12.48 15.04 14.60 14.38 18.03 19.35 19.35 19.71 18.76 21.10 24.24 18.10 18.76
