Wansh/Snow_depth/snowdepth-1998/spring/1998105.txt
ncols 321
nrows 161
xllcenter 60
yllcenter 15 
cellsize  0.25 
NODATA_value -1
[rows 0 to 36 of 161, columns 84 to 167 of 321]
5.99 6.64 6.13 4.02 0.00 0.00 0.07 0.00 4.96 8.25 9.71 10.15 10.88 9.42 9.64 8.25 11.10 11.68 11.68 7.96 9.64 9.64 8.10 7.59 7.66 5.91 6.86 4.16 4.31 4.16 4.16 3.87 3.80 1.17 1.17 0.00 0.00 0.00 0.00 0.00 0.00 0.00 2.92 2.92 4.16 3.94 3.65 3.72 5.33 6.13 5.91 5.99 2.77 3.43 1.10 1.39 0.07 2.70 2.12 4.60 3.58 3.80 2.70 2.92 2.41 2.26 4.23 4.23 4.23 4.09 3.07 2.12 0.29 1.61 2.41 1.68 2.77 3.50 2.34 0.37 2.99 1.61 1.61 4.31
6.06 5.69 3.43 4.23 0.29 0.00 0.00 0.44 5.11 4.45 8.10 12.48 12.48 10.29 7.52 7.88 8.10 6.94 6.94 7.66 3.87 7.30 7.30 8.18 7.52 7.45 4.89 5.77 5.33 3.87 4.09 2.99 3.07 0.66 0.00 0.00 0.00 0.00 0.00 0.00 0.00 2.56 3.14 3.14 4.38 4.31 4.60 2.99 3.58 3.43 3.50 3.07 3.50 2.41 4.02 3.58 2.70 2.77 3.87 6.50 4.31 4.31 3.72 4.02 3.29 5.77 6.06 5.91 5.91 6.35 3.94 4.89 2.04 0.00 0.00 0.00 0.00 0.00 0.00 0.00 2.48 2.12 3.43 1.97
2.19 5.18 0.00 2.04 2.19 0.00 0.00 0.00 1.10 6.94 5.77 10.07 11.24 11.10 10.29 8.83 9.20 6.94 6.94 4.45 4.89 5.04 4.74 7.01 8.83 8.54 7.01 5.84 5.77 5.69 3.14 2.56 1.02 1.17 0.07 0.00 0.00 0.00 0.00 0.00 0.00 0.00 0.44 0.44 0.00 0.00 0.66 2.19 1.68 3.14 2.92 2.85 2.77 2.34 4.60 5.04 5.55 6.94 8.40 7.96 8.54 9.13 7.81 7.66 6.86 6.79 7.08 9.56 9.56 9.64 7.01 8.10 1.75 2.56 0.00 0.00 0.00 0.00 0.00 0.51 0.37 0.00 0.44 0.15
2.19 5.18 0.00 2.04 2.19 0.00 0.00 0.00 1.10 6.94 5.77 10.07 11.24 11.10 10.29 8.83 9.20 6.94 6.94 4.45 4.89 5.04 4.74 7.01 8.83 8.54 7.01 5.84 5.77 5.69 3.14 2.56 1.02 1.17 0.07 0.00 0.00 0.00 0.00 0.00 0.00 0.00 0.44 0.44 0.00 0.00 0.66 2.19 1.68 3.14 2.92 2.85 2.77 2.34 4.60 5.04 5.55 6.94 8.40 7.96 8.54 9.13 7.81 7.66 6.86 6.79 7.08 9.56 9.56 9.64 7.01 8.10 1.75 2.56 0.00 0.00 0.00 0.00 0.00 0.51 0.37 0.00 0.44 0.15
0.00 0.00 0.00 0.00 0.00 0.00 0.80 0.00 0.22 3.14 9.42 8.91 7.88 9.93 10.29 10.22 7.96 8.03 8.03 6.79 5.91 5.77 7.88 7.66 8.54 6.72 7.23 6.35 6.06 6.35 3.87 4.74 4.53 4.23 1.68 0.88 0.00 0.00 0.00 0.00 0.00 0.00 0.00 0.00 0.00 0.00 0.00 0.00 2.70 2.56 2.56 2.85 2.99 3.29 3.87 3.65 6.28 8.10 7.59 9.56 10.51 9.93 10.95 9.78 8.54 8.32 10.29 9.71 9.71 9.56 9.64 9.27 8.03 6.42 1.53 2.56 3.43 0.80 0.00 0.44 1.61 0.37 1.46 0.29
0.00 0.00 0.00 0.00 0.00 0.00 0.00 0.00 0.00 0.00 0.00 4.67 4.89 6.50 10.15 10.15 8.18 7.52 7.52 7.30 7.66 8.10 7.96 9.05 8.32 8.76 6.64 6.64 6.35 5.48 5.55 6.42 5.18 5.48 3.94 1.75 2.19 0.00 0.00 0.00 0.00 0.00 0.00 0.00 0.00 0.00 0.00 0.00 0.00 0.00 3.36 0.00 3.14 3.94 3.65 4.09 5.18 4.82 7.74 10.66 9.93 11.97 11.83 13.51 13.80 9.34 8.18 8.10 8.10 8.25 7.01 8.10 8.18 8.69 8.61 6.50 5.04 3.14 5.48 4.60 4.09 4.45 2.26 0.88
0.00 0.00 0.00 0.00 0.00 0.00 0.00 0.00 0.00 0.00 0.00 0.00 6.28 5.55 9.42 7.59 8.10 0.00 0.00 6.13 6.13 8.76 12.05 9.71 9.34 6.79 7.74 5.26 5.26 5.11 6.20 5.99 6.28 4.67 4.96 2.19 0.00 0.00 0.00 0.00 0.00 0.00 0.00 0.00 0.00 0.00 0.00 0.00 0.00 0.00 0.00 2.99 3.07 3.14 4.60 4.67 5.18 7.01 8.98 8.61 10.80 14.67 13.94 15.48 14.02 13.51 11.24 9.78 9.78 7.08 9.34 8.32 8.54 9.42 9.34 9.42 7.66 7.66 5.62 4.67 3.21 2.63 0.95 1.75
0.00 0.00 0.00 0.00 0.00 0.00 0.00 0.00 0.00 0.00 0.00 0.00 6.28 5.55 9.42 7.59 8.10 0.00 0.00 6.13 6.13 8.76 12.05 9.71 9.34 6.79 7.74 5.26 5.26 5.11 6.20 5.99 6.28 4.67 4.96 2.19 0.00 0.00 0.00 0.00 0.00 0.00 0.00 0.00 0.00 0.00 0.00 0.00 0.00 0.00 0.00 2.99 3.07 3.14 4.60 4.67 5.18 7.01 8.98 8.61 10.80 14.67 13.94 15.48 14.02 13.51 11.24 9.78 9.78 7.08 9.34 8.32 8.54 9.42 9.34 9.42 7.66 7.66 5.62 4.67 3.21 2.63 0.95 1.75
0.00 0.00 0.00 0.00 0.00 0.00 0.00 0.00 0.00 0.00 0.00 0.00 0.00 9.34 0.00 0.00 0.00 0.00 0.00 0.00 8.32 7.52 12.78 11.61 11.68 7.74 5.69 5.69 6.20 6.28 6.06 6.13 6.13 4.74 2.41 2.92 0.00 0.00 0.00 0.00 0.00 0.00 0.00 0.00 0.00 0.00 0.29 1.68 1.46 2.77 5.55 5.11 5.69 4.53 4.74 4.02 5.48 5.11 7.23 10.07 7.23 11.75 9.05 13.94 14.75 14.75 14.31 14.24 14.24 10.51 12.70 12.78 12.41 9.93 10.00 10.07 6.20 9.86 7.88 9.20 7.74 2.63 2.04 0.95
0.00 0.00 0.00 0.00 0.00 0.00 0.00 0.00 0.00 0.00 0.00 0.00 0.00 0.00 0.00 0.00 0.00 0.00 0.00 0.00 8.25 14.02 12.70 11.68 7.88 8.47 5.91 5.77 5.55 4.96 4.23 4.38 4.53 3.07 3.58 0.66 0.00 0.00 1.39 2.19 0.00 0.44 0.29 0.29 1.61 2.26 2.34 3.43 5.11 5.18 6.35 8.83 8.98 6.50 4.45 3.87 2.77 2.85 3.36 3.72 3.07 7.01 5.18 6.94 6.94 8.40 12.34 12.41 12.41 12.05 13.14 12.48 13.21 8.03 9.56 6.79 9.34 11.75 10.88 6.06 3.43 4.82 3.43 1.68
0.00 0.00 0.00 0.00 0.00 0.00 0.00 0.00 0.00 0.00 0.00 0.00 0.00 0.00 0.00 0.00 0.00 0.00 0.00 7.74 5.48 13.94 10.88 12.99 7.66 5.91 5.91 4.60 4.53 4.82 3.65 2.85 3.43 3.07 3.21 0.80 1.17 2.19 2.12 2.92 4.74 4.74 4.60 4.60 4.23 4.38 3.72 4.09 3.94 3.72 4.60 4.31 7.96 5.62 6.42 4.31 2.92 7.37 2.56 6.42 1.61 3.14 2.48 5.40 6.94 10.37 13.21 14.67 14.67 14.24 14.09 13.51 13.51 13.07 6.86 7.08 8.47 10.88 7.52 6.64 4.89 3.50 5.55 3.72
0.00 0.00 0.00 0.00 0.00 0.00 0.00 0.00 0.00 0.00 0.00 0.00 0.00 0.00 0.00 0.00 0.00 0.00 0.00 7.74 5.48 13.94 10.88 12.99 7.66 5.91 5.91 4.60 4.53 4.82 3.65 2.85 3.43 3.07 3.21 0.80 1.17 2.19 2.12 2.92 4.74 4.74 4.60 4.60 4.23 4.38 3.72 4.09 3.94 3.72 4.60 4.31 7.96 5.62 6.42 4.31 2.92 7.37 2.56 6.42 1.61 3.14 2.48 5.40 6.94 10.37 13.21 14.67 14.67 14.24 14.09 13.51 13.51 13.07 6.86 7.08 8.47 10.88 7.52 6.64 4.89 3.50 5.55 3.72
0.00 0.00 0.00 0.00 0.00 0.00 0.00 0.00 0.00 0.00 0.00 0.00 0.00 0.00 0.00 0.00 0.00 0.00 0.00 7.30 13.80 13.21 11.83 7.23 7.52 5.69 4.23 4.82 3.29 3.72 3.72 2.70 3.14 2.99 3.87 5.48 5.04 6.42 4.82 4.82 5.69 5.04 5.33 5.33 3.50 2.77 2.99 2.70 2.99 2.85 2.92 3.72 0.00 4.53 1.02 4.96 8.32 8.03 8.76 10.15 5.99 4.96 4.09 6.64 8.61 11.75 10.66 13.87 13.87 15.40 15.91 18.25 14.60 13.36 5.26 5.33 6.35 5.91 7.45 8.40 9.49 10.22 10.88 8.25
0.00 0.00 0.00 0.00 0.00 0.00 0.00 0.00 0.00 0.00 0.00 0.00 0.00 0.00 6.42 0.00 8.32 7.23 7.23 7.15 7.01 0.00 8.83 6.50 4.67 5.11 2.19 3.58 3.36 5.55 7.23 8.03 8.18 4.16 4.38 5.77 7.52 7.59 5.48 3.87 2.41 2.85 0.88 0.88 0.88 0.73 1.31 1.17 1.31 0.37 0.00 0.00 0.00 0.00 1.97 0.95 3.87 3.14 8.98 8.25 8.76 6.28 9.42 9.93 11.39 12.34 11.83 13.72 13.72 15.04 16.57 18.76 19.20 14.82 12.34 6.20 7.66 5.26 6.35 6.35 6.20 8.61 8.40 2.04
0.00 0.00 0.00 0.00 0.00 0.00 0.00 0.00 0.00 0.00 0.00 0.00 0.00 0.00 8.18 8.10 8.25 7.01 7.01 0.00 0.00 0.00 4.96 2.56 3.58 2.26 4.60 4.45 6.94 8.91 8.98 10.15 9.05 9.78 6.28 3.21 6.64 4.02 2.56 2.56 1.61 0.07 0.22 0.22 0.44 0.58 0.37 0.88 0.44 0.51 0.07 0.00 0.00 0.00 0.00 0.00 0.00 0.00 1.61 0.00 5.04 8.25 5.77 11.02 10.07 11.75 12.05 12.99 12.99 11.75 18.47 13.21 10.66 8.03 9.05 4.74 3.29 2.41 0.22 0.37 0.88 1.53 1.17 2.04
0.00 0.00 0.00 0.00 0.00 0.00 0.00 0.00 0.00 0.00 0.00 0.00 0.00 4.45 4.53 5.33 5.99 5.04 5.04 5.62 4.16 4.82 4.67 6.35 7.01 5.55 5.55 6.28 6.28 8.83 12.26 11.39 10.15 5.55 6.28 2.26 0.00 0.00 0.00 0.00 0.00 0.00 0.73 0.73 2.04 1.83 1.61 0.80 1.10 0.00 0.00 0.00 0.00 0.00 0.80 0.00 0.00 0.00 0.00 1.10 1.53 3.43 2.56 5.11 5.33 10.80 10.15 13.72 13.72 15.11 13.58 15.04 9.20 1.68 3.72 1.68 4.16 2.19 1.75 0.00 0.95 0.73 0.00 1.17
0.00 0.00 0.00 0.00 0.00 0.00 0.00 0.00 0.00 0.00 0.00 0.00 0.00 4.45 4.53 5.33 5.99 5.04 5.04 5.62 4.16 4.82 4.67 6.35 7.01 5.55 5.55 6.28 6.28 8.83 12.26 11.39 10.15 5.55 6.28 2.26 0.00 0.00 0.00 0.00 0.00 0.00 0.73 0.73 2.04 1.83 1.61 0.80 1.10 0.00 0.00 0.00 0.00 0.00 0.80 0.00 0.00 0.00 0.00 1.10 1.53 3.43 2.56 5.11 5.33 10.80 10.15 13.72 13.72 15.11 13.58 15.04 9.20 1.68 3.72 1.68 4.16 2.19 1.75 0.00 0.95 0.73 0.00 1.17
0.00 0.00 0.00 0.00 0.00 0.00 0.00 0.00 0.00 0.00 0.00 4.02 4.09 4.96 5.77 5.91 5.26 5.84 5.84 3.07 3.43 2.19 6.35 6.06 7.59 7.08 6.94 4.96 7.08 6.35 10.59 11.90 11.90 10.95 6.13 2.48 0.00 0.00 0.00 0.00 0.44 0.51 0.00 0.00 2.41 1.46 1.97 0.00 0.00 0.00 0.00 0.00 0.37 1.68 1.61 1.17 0.73 1.75 0.58 0.07 1.90 7.96 4.23 4.09 4.09 7.66 10.80 12.85 12.85 16.21 12.70 5.11 1.97 2.34 0.22 3.58 3.43 1.31 2.04 0.07 0.00 0.00 0.00 0.00
0.00 0.00 0.00 0.00 0.00 0.00 0.00 0.00 0.00 0.00 0.00 6.20 8.54 8.18 6.79 4.38 4.74 5.33 5.33 3.14 2.19 2.63 2.04 6.64 6.13 6.86 5.18 5.91 4.89 9.05 8.47 12.19 12.85 13.36 10.15 5.48 1.68 2.12 0.88 0.66 0.88 0.00 0.00 0.00 0.00 0.00 0.00 0.00 0.00 0.00 0.00 0.00 0.00 0.00 0.00 0.44 1.68 1.17 2.85 5.62 9.42 15.55 10.29 4.60 5.69 9.27 6.64 12.85 12.85 16.28 13.21 8.61 2.41 1.31 1.68 1.75 0.22 0.00 0.00 0.00 0.00 0.00 0.00 0.00
0.00 0.00 0.00 0.00 0.00 0.00 0.00 0.00 0.00 0.00 6.35 5.84 8.18 7.01 8.18 5.55 5.40 4.45 4.45 4.60 2.92 1.46 1.53 2.63 4.96 5.55 5.69 4.67 5.18 4.45 5.91 6.06 12.56 10.44 6.79 7.45 3.14 0.51 0.51 0.80 0.00 0.00 0.00 0.00 0.00 0.00 0.00 0.00 0.00 0.00 0.00 0.00 0.00 0.00 0.00 0.00 0.00 0.00 4.89 3.87 14.45 12.41 14.45 13.94 9.20 10.07 13.65 13.94 13.94 10.73 13.07 6.79 0.00 0.00 1.17 2.56 0.00 0.00 0.00 0.00 0.00 0.00 0.00 0.00
0.00 0.00 0.00 0.00 0.00 0.00 0.00 0.00 0.00 0.00 7.45 11.53 8.10 9.56 8.61 10.22 5.84 5.11 5.11 4.96 5.69 3.14 2.99 2.99 5.99 9.56 6.42 5.48 3.14 2.85 2.70 2.77 2.34 2.04 3.21 1.10 2.41 0.00 0.00 0.66 0.00 0.00 0.00 0.00 0.00 0.00 0.00 0.00 0.00 0.00 0.00 0.00 0.00 0.00 0.00 0.00 0.00 0.00 0.00 0.00 2.41 4.31 11.61 7.45 10.15 11.02 10.29 8.18 8.18 0.00 0.00 0.00 0.00 0.00 0.00 0.00 0.00 0.00 0.00 0.00 0.00 0.00 0.00 0.00
0.00 0.00 0.00 0.00 0.00 0.00 0.00 0.00 0.00 0.00 7.08 12.19 16.86 16.43 12.85 11.02 11.17 8.25 8.25 7.37 7.01 7.30 9.20 8.32 7.81 12.12 13.58 11.61 12.05 3.94 1.31 1.61 1.31 2.48 2.41 0.73 0.00 0.00 0.00 0.80 2.19 0.00 0.00 0.00 0.00 0.00 0.00 0.00 0.00 0.00 2.56 1.61 3.21 0.00 4.82 5.33 0.00 2.70 0.00 0.00 0.66 2.92 2.26 4.96 9.13 7.45 7.74 3.07 3.07 0.00 0.00 0.00 0.00 0.66 0.00 0.00 0.00 0.00 0.00 0.00 0.00 0.00 0.00 0.00
0.00 0.00 0.00 0.00 0.00 0.00 0.00 0.00 0.00 0.00 7.08 12.19 16.86 16.43 12.85 11.02 11.17 8.25 8.25 7.37 7.01 7.30 9.20 8.32 7.81 12.12 13.58 11.61 12.05 3.94 1.31 1.61 1.31 2.48 2.41 0.73 0.00 0.00 0.00 0.80 2.19 0.00 0.00 0.00 0.00 0.00 0.00 0.00 0.00 0.00 2.56 1.61 3.21 0.00 4.82 5.33 0.00 2.70 0.00 0.00 0.66 2.92 2.26 4.96 9.13 7.45 7.74 3.07 3.07 0.00 0.00 0.00 0.00 0.66 0.00 0.00 0.00 0.00 0.00 0.00 0.00 0.00 0.00 0.00
0.00 0.00 0.00 0.00 0.00 0.00 0.00 0.00 5.18 0.00 10.95 10.07 13.43 10.00 15.62 11.53 11.39 9.56 9.56 9.93 8.10 9.56 9.49 12.05 13.36 12.70 14.60 12.19 8.10 9.05 3.87 2.56 0.88 0.58 0.22 0.58 0.00 0.00 0.00 0.00 0.00 0.00 0.00 0.00 0.00 0.00 0.00 0.00 0.00 0.00 0.00 3.58 0.00 3.58 3.14 4.60 3.07 3.65 0.00 2.34 3.29 5.18 4.31 0.00 5.11 4.38 0.00 0.00 0.00 0.00 0.00 0.00 0.00 0.00 0.00 0.00 0.00 0.00 0.00 0.00 0.00 0.00 0.00 0.00
0.00 0.00 0.00 0.00 0.00 0.00 6.06 8.47 8.98 0.00 0.00 0.00 0.00 8.69 9.93 11.39 11.68 10.73 10.73 14.45 14.09 11.24 13.07 13.33 12.84 12.83 10.18 11.02 7.81 4.89 5.33 3.21 1.10 0.00 0.00 0.00 0.00 0.00 0.00 0.00 0.00 0.07 0.00 0.00 0.00 0.00 0.00 0.00 0.00 0.00 0.00 0.00 0.00 0.00 0.00 0.00 0.00 0.00 0.00 0.00 3.72 4.60 0.00 0.00 0.00 0.00 0.00 0.00 0.00 6.06 5.40 5.04 1.24 1.90 1.39 0.58 0.00 0.00 0.00 0.00 0.00 0.00 0.00 0.00
0.00 0.00 0.00 0.00 0.00 0.00 0.00 0.00 0.00 0.00 0.00 0.00 6.50 6.64 8.83 12.85 15.91 15.55 15.55 17.08 14.38 14.82 15.40 14.83 14.95 13.41 13.04 14.00 9.64 9.49 5.62 6.57 2.48 0.66 0.00 0.00 0.00 0.00 0.00 0.00 0.15 0.00 0.00 0.00 0.00 0.00 0.00 0.00 0.00 0.00 0.00 0.00 0.00 0.00 0.00 0.00 0.00 0.00 0.00 0.00 2.85 1.17 0.00 0.00 0.00 0.00 0.00 0.00 0.00 0.00 0.00 0.00 2.63 0.37 0.58 0.66 0.37 0.37 0.58 0.00 0.00 0.00 0.00 0.00
0.00 0.00 0.00 0.00 0.00 0.00 0.00 0.00 0.00 0.00 0.00 0.00 0.00 3.43 2.34 6.79 7.45 14.82 14.82 15.99 10.15 7.78 7.68 15.50 15.36 14.98 15.06 15.26 14.15 11.55 12.05 9.27 8.98 3.58 0.80 3.65 2.04 0.00 0.37 0.00 0.00 0.00 0.00 0.00 0.00 0.00 0.00 0.00 0.00 0.00 0.00 0.00 0.00 0.00 0.00 0.00 0.00 0.00 0.00 0.00 0.00 2.12 0.00 0.00 0.00 0.00 0.00 0.00 0.00 2.63 5.18 2.70 0.95 2.70 3.21 2.26 1.46 1.31 0.00 0.00 0.00 0.00 0.00 0.00
0.00 0.00 0.00 0.00 0.00 0.00 0.00 0.00 0.00 0.00 0.00 0.00 0.00 0.00 0.00 0.00 0.00 0.00 0.00 0.00 0.00 0.00 3.99 3.80 3.78 15.48 18.29 19.68 15.39 12.98 11.67 11.61 12.41 10.00 8.18 8.54 5.04 2.12 0.29 0.37 0.00 0.00 0.00 0.00 0.00 0.00 0.00 0.00 0.00 0.00 0.00 0.00 0.00 0.00 0.00 0.00 0.00 0.00 0.00 0.00 0.00 0.00 0.00 0.00 0.00 0.00 6.13 4.89 4.89 5.40 5.04 4.96 5.26 3.87 2.56 3.14 1.46 0.00 0.00 0.00 0.00 0.00 0.00 0.00
0.00 0.00 0.00 0.00 0.00 0.00 0.00 0.00 0.00 0.00 0.00 0.00 0.00 0.00 0.00 0.00 0.00 0.00 0.00 0.00 0.00 0.00 3.89 3.89 3.72 15.48 17.74 18.29 14.38 13.18 11.78 12.09 13.94 10.58 8.39 8.54 5.04 2.12 0.29 0.37 0.00 0.00 0.00 0.00 0.00 0.00 0.00 0.00 0.00 0.00 0.00 0.00 0.00 0.00 0.00 0.00 0.00 0.00 0.00 0.00 0.00 0.00 0.00 0.00 0.00 0.00 6.13 4.89 4.89 5.40 5.04 4.96 5.26 3.87 2.56 3.14 1.46 0.00 0.00 0.00 0.00 0.00 0.00 0.00
0.00 0.00 0.00 0.00 0.00 0.00 0.00 0.00 0.00 0.00 0.00 0.00 0.00 0.00 0.00 0.00 0.00 0.00 0.00 0.00 0.00 0.00 0.00 0.00 0.00 0.00 4.87 2.49 11.97 11.89 13.42 14.15 16.04 15.20 11.97 8.62 9.22 5.69 1.02 2.19 0.29 0.00 0.00 0.00 0.00 0.00 0.00 0.00 0.00 0.00 0.00 0.00 0.00 0.00 0.00 0.00 0.00 0.00 0.00 0.00 0.00 0.00 0.00 0.00 2.41 5.48 6.79 6.64 6.64 6.42 3.07 4.16 2.77 2.48 1.17 1.10 2.34 0.58 0.00 0.00 0.00 0.00 0.00 0.00
0.00 0.00 0.00 0.00 0.00 0.00 0.00 0.00 0.00 0.00 0.00 0.00 0.00 0.00 0.00 0.00 0.00 0.00 0.00 0.00 0.00 0.00 0.00 0.00 0.00 0.00 0.00 0.00 0.00 0.00 0.00 2.85 8.54 15.57 16.39 16.42 15.27 10.12 5.91 6.28 3.80 0.00 0.00 0.00 0.00 0.00 0.00 0.00 0.00 0.00 0.00 0.00 0.00 0.00 0.00 0.00 0.00 0.00 0.00 0.00 0.00 0.00 0.00 4.45 3.07 5.69 6.72 7.30 7.30 8.76 6.50 2.48 5.48 5.55 3.50 2.48 1.75 3.36 0.00 1.46 0.00 0.00 0.00 0.00
0.00 0.00 0.00 0.00 0.00 0.00 0.00 0.00 0.00 0.00 0.00 0.00 0.00 0.00 0.00 0.00 3.50 0.00 0.00 0.00 0.00 0.00 0.00 0.00 0.00 0.00 0.00 0.00 0.00 0.00 0.00 3.07 1.53 10.44 14.60 16.71 17.33 14.24 8.76 7.88 8.03 4.96 3.72 3.72 0.00 0.00 0.00 0.00 0.00 0.00 0.00 0.00 0.00 0.00 0.00 0.00 0.00 0.00 0.00 0.00 0.00 0.00 0.00 0.00 4.23 3.50 6.94 5.69 5.69 8.76 8.61 6.64 3.36 3.94 3.36 2.48 5.99 5.55 4.45 0.00 0.22 0.00 0.00 0.00
0.00 0.00 0.00 0.00 0.00 0.00 0.00 0.00 0.00 0.00 0.00 0.00 0.00 0.00 2.92 4.67 5.55 1.90 1.90 0.00 0.00 0.00 0.00 0.00 0.00 0.00 0.00 0.00 0.00 0.00 0.00 0.00 2.04 0.44 7.23 15.62 18.01 18.61 15.49 15.85 12.92 8.83 0.95 0.95 1.83 0.00 0.00 0.00 0.00 0.00 0.00 0.00 0.00 0.00 0.00 0.00 0.00 0.00 0.00 0.15 0.00 0.00 0.00 0.00 0.00 1.53 4.89 4.31 4.31 5.18 5.18 5.91 5.84 1.02 2.12 2.99 5.11 7.15 4.74 4.96 4.60 1.02 0.00 0.00
0.00 0.00 0.00 0.00 0.00 0.00 0.00 0.00 0.00 0.00 0.00 0.00 0.00 3.36 4.53 4.02 0.37 0.00 0.00 0.00 0.00 0.00 0.00 0.00 0.00 0.00 0.00 0.00 0.00 0.00 0.00 0.00 0.00 0.00 0.00 5.62 3.07 8.47 14.16 15.27 15.63 12.85 6.20 6.20 5.91 2.85 0.00 0.00 0.00 0.44 0.00 0.00 0.00 0.00 0.00 0.00 0.00 0.00 0.00 0.00 0.00 0.00 0.00 0.00 0.00 0.37 0.00 0.00 0.00 1.53 0.00 4.09 0.00 0.00 0.95 0.29 1.31 4.67 3.14 4.38 3.50 3.21 0.00 1.10
0.00 0.00 0.00 0.00 0.00 0.00 0.00 0.00 0.00 0.00 0.00 0.00 0.00 1.83 0.00 2.56 0.00 0.00 0.00 0.00 0.00 0.00 0.00 0.00 0.00 0.00 0.00 0.00 0.00 0.00 0.00 0.00 0.00 0.00 0.00 0.00 2.70 1.99 5.91 12.26 5.46 7.96 8.25 8.25 9.05 4.82 4.31 3.65 0.00 3.50 1.75 0.00 0.00 0.00 0.00 0.00 0.00 0.00 0.00 0.00 0.00 0.00 0.07 0.00 0.00 0.00 0.00 0.00 0.00 0.00 0.00 0.00 0.00 0.00 0.00 0.00 0.00 0.95 1.83 2.26 3.58 2.19 2.77 0.95
0.00 0.00 0.00 0.00 0.00 0.00 0.00 0.00 0.00 0.00 0.00 0.00 0.00 1.83 0.00 2.56 0.00 0.00 0.00 0.00 0.00 0.00 0.00 0.00 0.00 0.00 0.00 0.00 0.00 0.00 0.00 0.00 0.00 0.00 0.00 0.00 2.70 1.98 5.97 12.26 5.40 7.96 8.25 8.25 9.05 4.82 4.31 3.65 0.00 3.50 1.75 0.00 0.00 0.00 0.00 0.00 0.00 0.00 0.00 0.00 0.00 0.00 0.07 0.00 0.00 0.00 0.00 0.00 0.00 0.00 0.00 0.00 0.00 0.00 0.00 0.00 0.00 0.95 1.83 2.26 3.58 2.19 2.77 0.95
0.00 0.00 0.00 0.00 0.00 0.00 0.00 0.00 0.00 0.00 0.00 0.00 0.00 0.15 0.00 0.00 0.00 0.00 0.00 0.00 0.00 0.00 0.00 0.00 0.00 0.00 0.00 0.00 0.00 0.00 0.00 0.00 0.00 0.00 0.00 0.00 0.00 0.00 0.00 0.00 0.95 2.48 5.77 5.77 0.00 1.39 4.09 1.39 4.02 5.55 3.50 0.00 0.29 0.00 0.00 0.00 0.00 0.00 0.00 0.00 0.00 0.00 0.00 0.15 0.29 0.00 0.00 0.00 0.00 0.00 0.00 0.00 0.00 0.00 0.00 0.00 0.00 0.00 0.00 0.00 0.00 0.00 3.72 2.41
