Wansh/Snow_depth/snowdepth-1998/spring/1998088.txt
ncols 321
nrows 161
xllcenter 60
yllcenter 15 
cellsize  0.25 
NODATA_value -1
[rows 0 to 36 of 161, columns 83 to 165 of 321]
24.60 24.75 25.19 23.94 24.82 20.95 15.99 17.16 14.89 17.52 16.43 19.35 21.02 21.10 20.08 20.29 22.85 23.51 22.12 22.12 22.27 19.35 20.00 17.30 8.91 8.91 5.84 6.79 4.45 6.42 5.91 8.10 7.81 7.81 4.31 5.40 3.07 3.14 3.14 4.38 4.02 8.61 12.63 11.90 11.90 11.32 7.74 8.18 6.42 6.50 9.20 8.47 11.39 9.34 8.61 12.85 10.73 10.44 10.66 9.13 6.57 7.30 3.87 2.56 3.58 3.80 2.99 5.04 4.38 4.38 5.84 7.81 11.90 13.87 13.65 12.99 11.97 11.61 11.61 10.88 18.25 18.10 16.94
24.09 24.38 24.53 22.70 19.05 20.37 16.50 17.08 15.48 19.05 19.49 18.91 19.93 18.10 18.98 15.26 14.31 18.69 19.42 19.42 19.42 16.72 18.61 18.69 15.99 11.97 7.88 5.69 5.33 5.48 4.96 4.74 7.45 4.89 5.91 0.73 1.97 0.29 1.53 1.17 6.64 5.62 12.19 13.72 13.72 14.16 9.93 6.94 7.23 6.35 6.64 6.72 7.15 6.64 6.64 7.88 7.30 9.05 7.96 8.98 8.76 7.66 6.06 6.20 5.40 7.74 7.37 7.15 6.86 6.86 7.45 10.51 12.34 13.80 16.79 15.18 12.85 18.32 19.13 19.20 18.69 17.59 16.79
23.29 23.65 19.78 21.02 17.37 17.67 16.57 18.40 20.22 19.35 21.53 20.44 20.22 19.49 14.97 15.40 12.70 12.34 12.34 12.34 13.80 14.75 11.83 14.38 14.89 13.80 10.51 12.19 5.77 6.28 4.45 5.62 5.33 5.33 4.89 3.14 1.31 1.61 2.34 7.01 6.35 10.29 10.80 10.44 10.44 13.94 16.21 15.99 14.16 10.15 10.80 6.13 5.11 5.26 4.38 6.57 6.28 7.45 9.42 8.83 9.13 11.17 11.46 10.59 9.20 9.34 11.90 10.80 11.61 11.61 12.26 13.87 12.99 15.77 16.06 16.43 19.49 20.73 19.93 20.29 18.98 19.20 21.24
23.29 23.65 19.78 21.02 17.37 17.67 16.57 18.40 20.22 19.35 21.53 20.44 20.22 19.49 14.97 15.40 12.70 12.34 12.34 12.34 13.80 14.75 11.83 14.38 14.89 13.80 10.51 12.19 5.77 6.28 4.45 5.62 5.33 5.33 4.89 3.14 1.31 1.61 2.34 7.01 6.35 10.29 10.80 10.44 10.44 13.94 16.21 15.99 14.16 10.15 10.80 6.13 5.11 5.26 4.38 6.57 6.28 7.45 9.42 8.83 9.13 11.17 11.46 10.59 9.20 9.34 11.90 10.80 11.61 11.61 12.26 13.87 12.99 15.77 16.06 16.43 19.49 20.73 19.93 20.29 18.98 19.20 21.24
20.08 20.37 17.67 17.59 16.57 18.54 17.59 20.00 18.25 17.37 21.53 22.12 19.13 21.46 19.13 18.61 15.26 13.14 11.90 11.90 13.43 9.93 12.92 12.12 15.40 15.04 13.65 9.49 10.22 7.52 6.57 5.69 5.40 5.33 5.99 6.79 6.50 6.13 3.07 3.50 5.91 0.44 5.91 9.20 9.20 8.25 13.43 16.72 16.64 14.09 8.83 10.22 6.13 4.38 4.67 5.11 5.77 6.57 6.57 9.27 11.61 12.85 12.05 12.99 11.17 11.68 11.46 12.41 13.94 13.94 14.75 13.43 14.16 14.75 15.33 16.13 18.25 22.41 17.08 19.20 19.20 18.83 20.95
20.08 19.86 20.22 18.54 17.74 18.25 16.43 14.75 16.21 15.77 15.40 19.49 17.01 17.08 19.71 18.91 19.27 18.98 15.55 15.55 14.82 15.48 14.67 14.16 13.65 15.55 15.04 12.34 8.83 9.20 7.15 6.35 6.42 6.94 8.61 7.96 6.57 7.08 2.77 0.51 0.95 0.00 0.00 0.00 0.00 1.97 9.34 7.15 19.05 16.57 17.52 9.93 6.50 6.64 5.77 5.40 7.01 6.57 7.08 8.83 11.68 10.88 13.21 15.84 15.48 14.24 12.48 11.97 11.39 11.39 9.64 11.75 10.44 14.24 13.14 12.99 13.29 12.92 14.09 13.94 13.87 17.23 20.00
23.51 21.75 19.78 20.29 18.03 17.74 15.11 15.11 14.60 14.24 14.24 11.39 15.26 15.18 15.62 17.81 19.56 20.00 20.15 20.15 17.30 16.57 16.64 16.43 14.24 14.45 12.78 8.47 8.54 7.88 7.37 6.79 7.59 7.23 8.54 6.50 7.52 3.43 0.51 0.00 0.00 0.00 0.00 0.29 0.29 0.00 5.48 16.86 15.84 19.42 12.70 7.88 6.35 6.20 5.62 6.57 6.06 8.10 9.64 11.68 11.46 13.29 16.72 17.52 18.03 18.40 14.89 15.48 9.20 9.20 10.80 11.39 9.71 12.56 13.14 13.43 12.34 13.51 11.61 13.36 12.48 14.67 13.94
23.51 21.75 19.78 20.29 18.03 17.74 15.11 15.11 14.60 14.24 14.24 11.39 15.26 15.18 15.62 17.81 19.56 20.00 20.15 20.15 17.30 16.57 16.64 16.43 14.24 14.45 12.78 8.47 8.54 7.88 7.37 6.79 7.59 7.23 8.54 6.50 7.52 3.43 0.51 0.00 0.00 0.00 0.00 0.29 0.29 0.00 5.48 16.86 15.84 19.42 12.70 7.88 6.35 6.20 5.62 6.57 6.06 8.10 9.64 11.68 11.46 13.29 16.72 17.52 18.03 18.40 14.89 15.48 9.20 9.20 10.80 11.39 9.71 12.56 13.14 13.43 12.34 13.51 11.61 13.36 12.48 14.67 13.94
21.68 21.46 19.71 19.35 19.05 17.52 15.99 16.64 14.38 10.44 10.22 10.44 11.68 14.97 14.16 18.54 17.96 19.78 19.86 19.86 19.93 21.46 18.69 18.69 14.75 10.44 12.19 7.96 8.03 7.45 8.98 7.88 8.18 7.96 8.54 8.40 4.53 5.62 1.02 0.80 0.73 0.66 1.75 1.31 1.31 4.82 9.64 8.76 11.53 11.75 12.12 9.42 6.64 9.56 5.99 7.45 7.30 8.98 8.76 9.71 9.64 12.34 15.48 14.53 16.79 17.23 17.08 15.11 11.83 11.83 12.85 13.07 13.65 12.92 14.09 13.65 13.94 12.85 13.51 16.35 12.05 13.65 13.29
18.61 18.10 17.96 19.13 16.28 18.47 15.48 12.92 8.54 9.20 9.64 11.97 11.53 13.80 17.67 16.86 20.08 20.00 20.44 20.44 22.05 21.39 22.85 16.79 18.03 10.29 8.32 8.10 8.03 8.47 8.25 7.30 7.08 6.79 8.83 8.32 8.83 6.28 6.94 6.57 5.91 4.67 2.56 4.74 4.74 5.91 7.23 6.06 7.23 8.25 8.25 9.34 11.46 11.17 9.13 7.45 7.59 7.66 8.76 8.91 9.27 10.88 10.88 11.46 13.51 13.14 14.09 13.58 13.72 13.72 13.51 13.87 15.99 13.87 13.07 13.72 13.36 18.83 18.10 17.23 14.89 10.37 10.22
16.86 18.61 17.45 18.18 15.33 13.65 14.67 9.86 9.05 11.75 11.24 11.97 14.60 13.80 18.54 20.00 19.71 21.90 24.75 24.75 21.83 23.94 17.59 18.98 10.07 10.29 8.32 7.88 7.74 7.23 5.77 6.72 5.48 7.59 7.15 8.18 7.01 7.30 7.37 6.79 7.45 5.33 5.11 5.26 5.26 5.55 5.40 6.79 6.42 8.83 9.34 8.69 11.75 12.92 10.15 10.80 8.18 9.42 13.14 12.19 10.37 10.15 11.17 11.24 12.34 12.56 13.80 14.89 16.64 16.64 16.64 15.33 16.06 14.60 15.04 14.31 14.60 15.91 15.55 18.25 14.24 9.05 10.37
16.86 18.61 17.45 18.18 15.33 13.65 14.67 9.86 9.05 11.75 11.24 11.97 14.60 13.80 18.54 20.00 19.71 21.90 24.75 24.75 21.83 23.94 17.59 18.98 10.07 10.29 8.32 7.88 7.74 7.23 5.77 6.72 5.48 7.59 7.15 8.18 7.01 7.30 7.37 6.79 7.45 5.33 5.11 5.26 5.26 5.55 5.40 6.79 6.42 8.83 9.34 8.69 11.75 12.92 10.15 10.80 8.18 9.42 13.14 12.19 10.37 10.15 11.17 11.24 12.34 12.56 13.80 14.89 16.64 16.64 16.64 15.33 16.06 14.60 15.04 14.31 14.60 15.91 15.55 18.25 14.24 9.05 10.37
16.21 16.79 17.16 13.29 15.48 10.00 9.56 9.56 10.66 11.24 13.65 12.78 17.08 20.08 19.20 22.05 21.17 20.66 24.31 24.31 21.75 22.27 17.01 10.59 10.95 9.49 7.52 8.03 6.79 7.01 6.50 6.50 7.59 8.18 8.32 8.47 8.54 10.44 9.27 8.40 7.52 7.81 7.88 5.99 5.99 4.38 5.11 4.67 7.08 7.59 7.96 11.32 13.87 13.87 11.24 7.52 9.78 13.58 12.63 14.89 14.02 11.39 12.26 11.83 13.51 13.80 12.05 14.60 16.94 16.94 17.23 17.96 19.78 18.54 17.81 14.09 13.58 13.72 14.09 13.29 13.80 13.87 14.02
17.81 17.30 17.81 12.92 10.15 10.51 11.68 11.90 12.19 11.90 13.72 17.01 16.35 19.49 22.12 22.56 20.08 19.49 22.27 22.27 19.27 13.58 14.45 10.44 9.42 9.42 7.52 6.50 6.72 8.47 11.61 8.91 9.64 8.69 9.05 8.98 10.80 10.37 9.78 7.23 7.52 6.64 5.55 6.20 6.20 3.72 4.02 6.20 5.48 7.08 5.55 5.99 5.33 7.01 5.55 2.99 7.52 7.52 10.59 13.43 9.64 12.56 11.68 13.29 13.80 14.60 13.87 17.45 17.67 17.67 19.35 19.93 20.66 19.20 18.40 16.94 17.23 14.24 14.38 5.40 9.42 10.66 10.15
18.10 17.16 13.29 14.24 13.58 11.75 11.68 10.95 12.70 14.24 12.92 17.08 17.23 17.37 15.26 18.91 19.20 17.08 15.04 15.04 18.25 13.21 9.93 10.07 9.86 9.34 8.18 7.23 9.13 8.54 12.85 14.89 14.38 15.40 10.88 10.59 9.13 5.11 2.99 5.26 3.94 1.97 2.63 1.39 1.39 1.90 3.14 2.92 4.31 5.40 5.18 6.06 5.04 4.53 3.29 2.70 2.99 8.91 8.98 7.96 5.62 6.06 7.23 12.19 10.51 10.73 15.70 11.17 15.84 15.84 16.57 18.61 17.08 16.79 15.18 12.85 8.03 4.96 0.00 1.02 2.41 7.30 7.66
17.16 17.59 15.48 14.31 14.31 12.70 10.51 10.95 8.10 11.32 10.73 10.15 11.97 12.70 12.56 11.75 14.60 14.60 13.72 13.72 11.53 12.05 10.44 9.93 10.07 10.00 10.66 10.73 9.49 12.78 12.34 14.82 16.72 17.08 12.99 8.47 3.87 4.89 1.46 2.34 1.75 2.34 1.61 2.63 2.63 2.19 3.43 3.36 4.96 3.65 4.82 5.69 5.18 5.33 5.18 6.35 3.36 6.13 5.18 6.06 5.91 6.42 5.69 3.94 8.98 10.51 8.91 10.44 13.58 13.58 16.94 17.16 17.67 14.89 10.22 9.71 9.71 4.16 0.00 4.38 2.34 8.32 7.88
17.16 17.59 15.48 14.31 14.31 12.70 10.51 10.95 8.10 11.32 10.73 10.15 11.97 12.70 12.56 11.75 14.60 14.60 13.72 13.72 11.53 12.05 10.44 9.93 10.07 10.00 10.66 10.73 9.49 12.78 12.34 14.82 16.72 17.08 12.99 8.47 3.87 4.89 1.46 2.34 1.75 2.34 1.61 2.63 2.63 2.19 3.43 3.36 4.96 3.65 4.82 5.69 5.18 5.33 5.18 6.35 3.36 6.13 5.18 6.06 5.91 6.42 5.69 3.94 8.98 10.51 8.91 10.44 13.58 13.58 16.94 17.16 17.67 14.89 10.22 9.71 9.71 4.16 0.00 4.38 2.34 8.32 7.88
14.09 14.89 15.33 14.45 13.07 12.99 10.07 7.01 7.01 5.77 7.30 8.69 8.32 10.73 11.75 11.97 12.78 14.16 13.36 13.36 11.02 8.40 8.76 6.20 9.86 9.42 11.17 9.93 9.42 9.71 12.56 15.77 15.48 16.79 14.60 9.93 3.29 3.14 1.31 2.48 3.72 4.96 4.16 5.11 5.11 5.62 7.08 5.77 5.55 4.67 2.77 4.60 2.77 4.96 5.99 3.72 4.60 4.67 4.31 5.69 6.28 9.93 9.86 9.93 8.18 8.54 11.75 14.31 12.85 12.85 18.83 17.23 13.87 10.00 11.90 10.44 10.00 6.28 0.00 3.21 8.10 4.45 6.42
15.55 17.16 15.70 15.99 13.94 12.63 13.51 13.14 5.48 8.32 7.37 8.91 11.39 11.10 13.94 13.51 13.36 13.65 13.51 13.51 10.80 9.13 5.91 6.06 6.06 8.61 10.80 11.10 10.29 11.90 11.39 15.33 16.86 17.01 15.99 11.10 4.60 6.72 2.19 2.04 2.19 3.21 4.16 4.96 4.96 4.89 6.13 13.51 12.48 6.86 5.77 0.80 1.46 0.00 0.00 0.73 2.26 2.04 4.31 7.45 9.13 17.30 15.11 14.97 8.69 12.78 12.48 15.55 14.60 14.60 20.73 18.32 11.75 10.29 3.94 2.26 1.10 0.88 0.00 0.15 1.02 2.04 4.16
15.84 16.50 16.64 16.86 16.50 16.50 16.21 16.86 10.80 10.07 11.61 11.75 11.53 11.83 12.26 11.75 12.26 12.12 13.43 13.43 13.43 10.80 9.56 6.13 7.45 6.79 10.44 10.44 10.88 8.69 6.72 10.44 13.94 13.87 13.94 13.07 7.23 2.92 3.50 1.39 1.83 2.12 3.36 4.45 4.45 9.78 14.82 13.65 16.13 9.71 8.18 5.69 0.00 0.15 0.00 0.00 0.00 2.70 4.16 3.94 18.47 17.16 16.64 13.87 13.29 13.21 13.07 20.37 17.89 17.89 21.32 21.24 11.61 2.04 1.31 1.17 0.00 0.00 0.00 0.00 0.44 0.44 0.29
15.04 15.26 14.97 16.64 18.91 18.25 19.64 17.23 17.30 12.12 15.33 20.00 18.83 14.60 13.58 15.33 12.34 12.41 11.68 11.68 13.36 11.10 10.15 10.51 8.40 10.37 9.86 11.32 8.69 9.56 7.08 3.65 4.38 4.09 6.28 4.89 1.68 2.19 0.00 1.10 1.24 2.77 4.53 8.40 8.40 7.52 12.48 11.53 12.56 9.05 9.42 8.47 10.29 7.52 1.24 4.89 5.33 7.74 3.50 5.55 8.83 8.03 10.88 13.29 12.85 14.16 15.70 15.48 16.79 16.79 4.31 2.63 0.80 1.75 1.10 0.73 0.00 0.00 0.00 0.00 0.00 0.22 0.15
12.41 13.94 13.43 15.48 16.72 14.31 14.67 16.43 17.16 16.86 18.25 24.97 27.59 27.52 18.69 15.48 16.13 15.33 13.21 13.21 12.70 12.85 13.07 12.78 13.72 14.97 17.67 14.16 13.72 8.98 5.55 6.57 3.58 4.53 4.09 4.82 1.61 0.00 0.51 0.00 2.92 3.29 1.75 2.19 2.19 1.61 5.99 9.42 8.98 8.83 3.14 8.61 11.39 8.10 7.52 7.52 7.96 8.47 4.89 7.23 8.25 7.45 10.29 12.41 11.24 12.63 13.14 10.44 12.12 12.12 3.72 1.68 2.04 0.80 0.73 0.07 0.37 0.00 0.00 0.00 0.00 0.00 0.00
12.41 13.94 13.43 15.48 16.72 14.31 14.67 16.43 17.16 16.86 18.25 24.97 27.59 27.52 18.69 15.48 16.13 15.33 13.21 13.21 12.70 12.85 13.07 12.78 13.72 14.97 17.67 14.16 13.72 8.98 5.55 6.57 3.58 4.53 4.09 4.82 1.61 0.00 0.51 0.00 2.92 3.29 1.75 2.19 2.19 1.61 5.99 9.42 8.98 8.83 3.14 8.61 11.39 8.10 7.52 7.52 7.96 8.47 4.89 7.23 8.25 7.45 10.29 12.41 11.24 12.63 13.14 10.44 12.12 12.12 3.72 1.68 2.04 0.80 0.73 0.07 0.37 0.00 0.00 0.00 0.00 0.00 0.00
11.32 13.72 14.75 13.72 13.65 12.26 12.99 14.24 17.74 21.97 21.39 25.84 29.05 26.28 27.38 20.08 18.10 18.10 17.74 17.74 15.99 15.91 14.97 15.18 15.33 15.11 16.72 16.13 14.53 15.04 10.15 5.69 3.72 3.65 2.19 0.95 2.34 0.00 0.00 0.00 0.00 1.90 1.61 0.37 0.37 0.51 0.00 0.00 0.00 0.00 0.00 0.00 0.00 3.29 1.31 4.16 6.50 5.40 7.08 4.16 6.50 7.01 8.98 11.46 10.73 11.46 11.46 9.78 10.66 10.66 9.56 6.79 6.94 2.56 1.97 0.15 0.07 0.00 0.00 0.07 0.00 0.00 0.00
11.90 11.53 13.21 13.14 13.29 12.34 14.02 21.53 17.37 22.19 28.54 28.40 28.84 24.67 20.51 20.88 18.25 17.01 16.06 16.06 16.13 16.50 17.23 16.28 16.09 16.14 17.75 15.56 13.65 11.83 12.34 8.91 4.53 2.19 2.56 0.80 0.00 0.00 0.00 0.00 0.73 1.02 0.07 0.37 0.37 0.00 0.00 0.00 0.00 0.00 0.00 0.00 0.00 0.00 0.00 0.00 2.12 1.97 2.19 2.48 3.43 5.91 7.37 9.93 9.71 8.69 8.69 9.27 6.64 6.64 8.76 7.59 6.72 5.69 2.77 1.53 0.22 0.00 0.07 0.00 0.00 0.00 0.00
12.19 13.14 13.43 14.16 16.64 18.18 16.50 24.02 29.13 30.22 29.20 30.44 24.82 24.82 17.96 15.26 15.48 16.35 16.28 16.28 17.30 17.30 17.96 19.27 18.46 21.42 15.94 16.24 13.25 14.97 11.68 12.78 7.74 3.72 1.97 2.41 0.37 0.00 0.22 1.61 1.02 0.88 0.44 0.00 0.00 0.00 0.00 0.00 0.00 0.00 0.00 0.00 0.00 0.00 0.00 0.00 0.00 0.00 0.00 0.00 0.00 3.21 4.89 0.00 3.07 4.60 2.41 6.57 5.04 5.04 5.33 6.35 3.72 3.07 3.50 1.97 0.58 3.72 1.31 0.95 0.00 0.00 0.00
17.01 15.62 17.67 17.45 17.52 23.58 26.28 25.19 30.15 34.82 31.90 32.63 27.30 21.46 19.64 14.75 18.61 24.16 22.92 22.92 23.51 19.64 20.16 20.47 20.09 17.47 17.85 18.46 17.40 17.76 17.65 14.24 11.83 10.29 11.39 6.13 3.07 1.02 1.39 0.95 1.31 0.00 0.00 0.00 0.00 0.00 0.00 0.00 0.00 0.00 0.00 0.00 0.00 0.00 0.00 0.00 0.00 0.00 0.00 0.00 0.00 0.00 0.00 0.00 2.56 4.09 3.21 2.99 8.54 8.54 12.34 9.42 7.96 6.35 7.37 6.72 6.28 6.64 3.80 1.83 0.80 0.29 0.00
20.22 17.67 18.18 19.27 19.56 23.21 29.20 33.80 32.78 37.45 33.43 28.98 29.93 25.11 20.88 16.79 19.64 26.57 25.11 25.11 28.82 14.75 12.15 18.81 19.86 19.86 19.56 20.17 21.50 20.05 16.89 17.75 13.65 13.87 10.00 10.95 8.25 4.53 4.82 2.41 1.24 1.46 0.00 0.00 0.00 0.00 0.07 0.00 0.00 0.00 0.00 0.00 0.00 0.00 0.00 0.00 0.00 0.00 0.00 0.00 0.00 0.00 3.58 4.96 6.64 6.06 5.91 11.90 8.47 8.47 12.41 12.92 10.29 5.84 4.31 5.04 4.23 1.83 1.17 1.24 0.37 0.88 0.15
20.22 17.67 18.18 19.27 19.56 23.21 29.20 33.80 32.78 37.45 33.43 28.98 29.93 25.11 20.88 16.79 19.64 26.57 25.11 25.24 29.75 14.97 13.01 18.34 20.37 19.56 19.56 19.56 19.98 18.73 17.15 17.94 14.22 15.58 10.58 11.23 8.25 4.53 4.82 2.41 1.24 1.46 0.00 0.00 0.00 0.00 0.07 0.00 0.00 0.00 0.00 0.00 0.00 0.00 0.00 0.00 0.00 0.00 0.00 0.00 0.00 0.00 3.58 4.96 6.64 6.06 5.91 11.90 8.47 8.47 12.41 12.92 10.29 5.84 4.31 5.04 4.23 1.83 1.17 1.24 0.37 0.88 0.15
21.32 22.12 19.35 17.59 22.92 21.90 25.33 31.76 38.98 38.25 38.47 34.16 27.67 28.54 23.00 22.41 29.20 27.74 26.94 26.94 14.53 16.86 8.98 5.43 5.71 5.32 7.15 21.83 23.18 24.45 22.52 17.55 22.92 18.00 18.36 17.69 15.43 9.88 9.64 4.23 1.68 2.41 0.29 0.00 0.00 0.07 0.00 0.07 0.44 0.00 0.00 0.00 0.00 0.00 0.00 0.00 0.00 0.00 0.00 0.00 0.00 0.58 0.00 4.31 8.10 11.61 11.17 10.95 11.97 11.97 11.75 5.77 6.35 6.06 3.87 3.58 5.55 4.67 2.63 2.34 1.61 0.51 0.00
20.81 17.89 16.72 16.86 17.89 22.70 26.28 23.94 27.89 36.57 37.38 32.12 23.87 21.83 23.65 19.64 24.89 25.26 30.37 30.37 16.87 7.96 3.52 3.72 2.85 2.79 2.45 1.75 10.52 23.39 33.03 31.32 30.44 23.87 20.09 20.72 19.49 14.01 7.56 10.29 7.45 8.32 1.75 0.00 0.00 0.15 0.00 0.00 0.07 0.00 0.00 0.00 0.00 0.00 0.00 0.00 0.00 0.00 0.00 0.00 0.00 0.00 0.00 1.17 5.99 12.19 12.56 12.26 12.19 12.19 12.12 10.37 6.20 8.76 6.35 6.28 6.35 4.53 5.69 2.12 2.19 0.80 0.80
22.27 21.17 16.79 19.49 19.71 22.19 19.78 23.65 21.83 29.71 26.28 19.35 20.66 13.58 16.86 15.91 19.20 19.56 12.26 12.26 13.14 9.20 4.31 2.34 2.56 0.44 0.00 1.97 1.03 10.27 30.28 34.97 35.19 31.10 23.43 22.05 25.81 22.62 22.12 15.33 11.75 7.45 8.54 1.31 1.31 2.19 0.00 0.00 0.00 0.00 0.00 0.00 0.00 0.00 0.00 0.00 0.00 0.00 0.00 0.00 0.00 0.00 0.00 4.16 0.00 7.59 7.96 7.66 9.93 9.93 12.26 10.66 6.79 4.60 3.65 4.89 6.86 9.78 9.05 5.11 3.14 6.50 4.31
26.21 25.92 27.16 24.82 26.28 28.32 20.00 24.38 27.23 27.59 24.24 20.15 16.57 18.32 14.09 14.67 12.70 13.43 7.74 7.74 5.91 3.80 3.72 2.26 0.15 0.00 0.00 0.00 0.00 2.77 10.29 28.11 23.87 31.32 33.36 33.22 29.57 25.20 20.42 22.42 18.58 19.64 14.02 8.10 8.10 5.77 0.00 0.00 0.73 0.00 0.29 0.00 0.00 0.00 0.00 0.00 0.00 0.00 0.00 0.00 0.00 0.00 0.00 0.00 0.00 0.00 3.43 4.53 8.98 8.98 10.29 4.82 4.09 3.21 2.48 2.92 6.20 8.32 9.20 8.98 9.56 5.55 7.52
22.34 26.50 25.84 26.43 30.30 29.20 28.18 28.11 25.19 21.90 22.56 25.33 21.46 14.53 16.13 8.91 2.77 3.36 3.80 3.80 2.19 1.53 0.66 0.73 0.00 0.00 0.00 0.00 0.00 0.00 5.77 14.82 12.92 22.78 32.92 32.63 33.51 28.91 24.67 25.94 22.09 17.31 17.30 10.29 10.29 12.48 6.42 2.26 3.14 1.61 0.95 0.00 0.00 0.00 0.00 0.00 0.00 0.00 0.00 0.00 0.00 0.00 0.00 0.00 0.00 0.00 0.00 0.00 2.26 2.26 0.00 0.00 0.00 1.10 0.07 1.83 3.87 7.15 8.54 8.25 7.23 7.66 7.15
22.41 22.19 21.02 20.08 26.28 25.84 28.62 27.81 24.67 17.22 13.14 12.63 21.83 13.58 5.26 0.29 0.44 0.00 0.00 0.00 0.00 0.00 0.00 0.00 0.00 0.00 0.00 0.00 0.00 0.00 3.03 9.38 13.79 10.24 20.66 13.94 15.33 20.44 24.63 18.98 18.69 19.39 17.45 17.01 17.01 12.12 11.10 8.76 7.81 4.96 4.60 2.77 0.00 0.00 0.00 0.00 0.00 0.00 0.00 0.00 0.00 0.00 0.00 0.00 0.00 0.00 0.00 0.00 0.00 0.00 0.00 0.00 0.00 0.00 1.10 0.44 0.00 0.00 6.28 3.94 5.69 5.62 6.42
22.41 22.19 21.02 20.08 26.28 25.84 28.62 27.81 24.67 16.79 13.14 12.63 21.83 13.58 5.26 0.29 0.44 0.00 0.00 0.00 0.00 0.00 0.00 0.00 0.00 0.00 0.00 0.00 0.00 0.00 2.92 9.05 13.72 9.93 20.66 14.01 15.41 20.44 24.50 19.17 18.69 19.20 17.45 17.01 17.01 12.12 11.10 8.76 7.81 4.96 4.60 2.77 0.00 0.00 0.00 0.00 0.00 0.00 0.00 0.00 0.00 0.00 0.00 0.00 0.00 0.00 0.00 0.00 0.00 0.00 0.00 0.00 0.00 0.00 1.10 0.44 0.00 0.00 6.28 3.94 5.69 5.62 6.42
26.13 23.73 14.75 9.56 10.44 18.54 27.30 24.02 15.49 17.64 10.44 10.88 8.69 12.85 4.09 0.00 0.00 0.00 0.00 0.00 0.00 0.00 0.00 0.00 0.00 0.00 0.00 1.10 0.00 4.23 6.50 10.29 9.93 10.15 10.15 11.46 11.75 11.39 13.43 12.25 14.97 12.85 5.33 8.91 8.91 11.24 8.91 10.95 9.27 8.69 5.33 0.00 3.94 0.00 0.00 0.00 0.00 0.00 0.00 0.00 0.00 0.00 0.00 0.00 0.00 0.00 0.00 0.00 0.00 0.00 0.00 0.00 0.00 0.00 0.00 0.00 0.00 0.00 0.00 0.00 0.00 2.92 6.13
