Wansh/Snow_depth/snowdepth-1998/spring/1998089.txt
ncols 321
nrows 161
xllcenter 60
yllcenter 15 
cellsize  0.25 
NODATA_value -1
[rows 74 to 110 of 161, columns 83 to 165 of 321]
0.00 0.00 0.00 0.00 0.00 0.00 0.00 0.00 0.22 1.68 0.00 1.10 3.07 2.92 3.65 4.09 0.00 3.80 4.31 4.31 3.87 2.70 3.07 0.00 0.00 0.00 0.00 2.99 0.00 0.00 0.00 0.00 0.00 0.00 0.00 0.00 2.85 0.00 0.00 0.00 0.00 0.00 0.66 0.58 0.58 1.17 1.31 1.90 1.83 2.63 0.73 0.00 0.00 0.00 0.00 0.00 2.19 0.00 0.00 0.88 0.00 0.00 0.00 0.00 0.00 0.00 0.00 0.00 0.00 0.00 0.00 0.00 3.21 0.00 0.00 0.00 0.00 0.00 0.00 0.00 0.00 0.00 0.00
0.00 0.00 0.00 0.00 0.37 2.77 0.51 0.80 1.31 3.21 1.83 2.63 2.92 2.99 0.00 0.00 0.00 3.94 3.87 3.87 3.87 0.00 0.00 0.00 0.00 0.00 0.00 0.00 0.00 0.00 0.00 0.00 0.00 0.00 0.00 3.72 0.00 0.00 0.00 0.00 0.00 0.00 1.31 2.77 2.77 2.63 1.39 1.53 4.16 1.97 1.68 0.44 1.31 1.61 0.00 2.12 2.26 2.92 1.10 1.68 1.10 0.95 1.31 1.02 0.00 0.00 0.00 0.00 0.00 0.00 5.14 4.60 6.86 3.58 0.00 0.00 0.00 0.00 0.00 0.00 0.00 0.00 0.00
1.10 0.00 0.51 0.00 1.17 2.77 1.83 2.99 2.85 5.18 5.18 3.87 4.45 4.82 0.00 4.31 4.31 4.09 4.16 4.16 4.23 4.02 0.00 0.00 0.00 0.00 0.00 0.00 0.00 0.00 0.00 0.00 0.00 0.00 0.00 0.00 0.00 0.00 0.00 0.00 0.00 4.31 3.36 2.04 2.04 2.12 1.24 3.50 0.00 0.00 0.95 1.90 2.34 2.70 1.46 2.70 1.39 1.75 1.31 1.02 1.39 2.26 1.61 1.02 0.95 0.66 0.00 0.00 0.00 0.00 6.79 8.40 6.86 5.11 2.77 0.00 0.00 0.00 0.00 0.00 0.00 0.00 0.00
0.00 2.26 3.07 0.00 0.73 3.65 2.99 4.09 5.62 4.82 5.18 5.69 4.96 5.62 4.74 4.74 4.53 4.74 5.11 5.11 4.53 0.00 0.00 0.00 0.00 0.00 0.00 0.00 0.00 0.00 0.00 0.00 0.00 2.77 0.00 0.00 0.00 0.00 0.00 0.00 0.00 3.07 4.82 5.18 5.18 0.00 3.87 0.00 0.00 0.00 0.00 0.00 0.00 2.92 3.43 0.80 1.17 1.75 1.68 0.44 1.83 1.75 0.51 1.97 1.68 2.34 1.31 3.58 1.90 1.90 3.87 4.60 3.94 3.36 1.17 0.00 0.00 0.00 0.00 0.00 0.00 0.00 0.00
2.85 4.16 3.87 3.50 3.36 4.45 4.31 4.38 5.11 4.45 4.60 4.89 5.33 5.48 5.26 5.33 4.60 4.96 5.77 5.77 5.26 3.72 0.00 0.00 0.00 0.00 0.00 0.00 0.00 0.00 0.00 0.00 0.00 0.00 0.00 3.65 0.00 0.00 0.00 4.53 7.15 6.06 0.00 4.45 4.45 0.00 0.00 0.00 0.00 0.00 0.00 3.94 0.00 0.00 4.09 5.04 2.12 0.00 0.00 1.83 0.00 1.75 2.63 1.61 0.00 0.00 3.36 1.61 3.36 3.36 3.50 2.48 1.97 2.34 2.19 0.44 0.29 0.00 0.00 0.00 0.00 0.00 0.00
3.65 5.33 5.33 3.94 5.18 4.09 3.87 3.72 3.58 3.94 4.45 4.31 4.82 4.16 4.38 4.16 3.87 4.89 5.33 5.33 5.40 4.45 0.00 0.00 0.00 0.00 0.00 0.00 0.00 0.00 0.00 0.00 0.00 0.00 0.00 0.00 0.00 0.00 0.00 4.96 5.26 7.96 5.18 4.23 4.23 4.09 0.00 0.00 0.00 0.00 0.00 0.00 0.00 4.38 0.00 0.00 0.00 0.00 0.00 0.00 2.04 2.26 2.48 0.00 0.00 0.00 1.39 0.00 3.58 3.58 2.04 2.04 1.31 1.61 2.63 2.64 0.00 0.00 0.00 0.00 0.00 0.00 0.00
0.00 6.94 5.26 6.42 5.55 0.00 4.74 4.60 4.31 4.38 3.94 4.60 3.87 4.09 4.53 3.65 4.45 3.94 4.09 4.09 0.00 0.00 0.00 0.00 2.77 0.00 0.00 0.00 2.70 0.00 0.00 0.00 0.00 0.00 0.00 0.00 0.00 0.00 0.00 0.00 6.64 7.30 4.38 3.58 3.58 3.72 0.00 0.00 0.00 0.00 0.00 0.00 0.00 0.00 0.00 0.00 0.00 0.00 0.00 3.94 3.65 0.00 0.00 0.00 0.00 0.00 0.00 0.00 0.00 0.00 1.24 2.34 3.29 2.48 6.20 4.38 3.89 0.97 0.00 0.00 0.00 0.00 0.00
6.42 6.57 5.33 4.96 5.18 5.26 5.40 4.09 4.02 3.50 0.00 4.38 4.60 3.65 3.58 0.00 3.94 4.02 3.14 3.14 3.50 2.77 0.00 0.00 0.00 0.00 0.00 0.00 0.00 0.00 0.00 0.00 0.00 0.00 5.62 9.71 9.05 0.00 0.00 0.00 0.00 4.96 3.50 0.00 0.00 0.00 0.00 0.00 0.00 0.00 0.00 0.00 0.00 0.00 0.00 0.00 0.00 3.58 4.31 4.16 4.82 4.02 0.00 0.00 0.00 0.00 0.00 0.00 0.00 0.00 0.00 2.70 3.94 9.93 9.49 2.56 4.92 3.83 2.60 4.46 0.00 0.00 0.00
7.01 7.01 11.75 10.51 4.96 5.84 5.77 0.00 0.00 0.00 0.00 0.00 0.00 3.72 4.53 4.31 4.53 5.62 5.26 5.26 3.87 2.34 2.12 0.00 0.00 0.00 0.00 0.00 0.00 0.00 0.00 0.00 0.00 0.00 0.00 6.20 9.13 4.45 4.89 0.00 4.45 0.00 0.00 0.00 0.00 0.00 0.00 0.00 0.00 0.00 0.00 0.00 0.00 0.00 0.00 0.00 5.33 5.26 4.67 4.74 5.91 6.42 4.16 2.92 0.00 2.12 0.00 0.00 0.00 0.00 0.00 3.07 5.99 11.75 9.78 8.10 8.83 3.29 4.67 4.74 1.98 1.61 0.00
12.05 12.26 19.13 11.02 9.78 5.99 6.79 4.16 0.00 3.65 3.43 4.53 0.00 4.23 0.00 0.00 4.60 5.48 5.99 5.99 5.91 3.58 0.00 0.00 0.00 0.00 0.00 0.00 0.00 0.00 0.00 0.00 0.00 0.00 0.00 10.95 8.61 6.72 0.00 0.00 0.00 0.00 0.00 0.00 0.00 0.00 0.00 0.00 0.00 0.00 0.00 0.00 3.14 3.58 3.72 3.29 6.28 6.72 6.72 5.62 7.01 5.26 5.99 4.16 2.92 5.04 5.26 5.99 3.58 3.58 4.45 4.74 6.64 6.42 11.83 8.76 9.20 8.54 4.31 1.24 1.68 4.16 1.02
17.16 18.03 21.02 18.47 14.31 7.23 4.16 4.31 3.87 4.23 0.00 3.87 0.00 4.45 3.87 4.53 5.69 6.57 6.94 6.94 6.94 3.87 0.00 4.16 0.00 0.00 0.00 0.00 3.43 0.00 0.00 4.23 4.60 7.15 0.00 0.00 4.45 8.03 8.98 9.78 3.94 0.00 0.00 0.00 0.00 0.00 0.00 0.00 0.00 0.00 0.00 1.75 5.26 8.91 14.02 5.26 5.26 10.73 6.42 6.86 5.99 5.84 5.77 5.18 4.09 8.10 7.30 10.00 8.98 8.98 5.91 10.95 8.03 6.86 8.10 7.52 8.25 7.96 8.83 8.25 2.77 4.53 4.53
17.96 16.13 16.57 21.46 15.55 7.59 4.74 4.16 3.58 3.21 0.00 4.16 3.94 4.16 3.94 3.87 4.96 5.48 6.13 6.13 4.67 4.67 0.00 0.00 0.00 0.00 3.58 4.96 5.62 4.16 3.14 3.65 5.26 8.98 8.54 3.21 4.45 3.94 7.15 9.78 7.01 3.65 0.00 0.00 0.00 0.00 0.00 0.00 0.00 1.24 0.00 2.41 5.55 9.93 13.87 11.97 6.86 12.05 9.49 4.31 5.48 6.02 7.60 7.07 12.26 11.68 20.81 15.84 14.67 14.67 9.49 16.86 12.63 8.10 8.10 5.69 8.40 7.08 8.18 8.10 4.53 5.04 5.33
9.64 8.54 7.59 9.34 7.52 6.94 5.99 4.31 4.02 6.06 6.94 3.87 0.00 4.60 7.01 6.50 6.28 7.23 7.08 7.08 7.88 8.10 6.20 4.82 0.00 0.00 0.00 3.87 7.66 15.33 12.19 5.18 4.38 8.69 6.13 6.42 0.00 6.13 12.85 17.74 12.41 14.82 11.83 4.38 4.38 3.80 2.48 5.26 2.85 1.31 1.39 3.14 5.11 6.79 11.17 9.56 15.26 17.74 17.45 16.06 14.97 11.39 11.75 11.84 12.63 15.62 14.38 9.86 13.65 13.65 13.51 12.41 11.10 7.52 6.28 4.60 3.43 4.02 5.40 7.37 6.42 8.54 3.21
6.20 5.04 4.38 6.94 5.77 5.62 0.00 3.80 0.00 4.53 6.72 4.45 0.00 0.00 5.77 7.01 6.06 6.86 7.15 7.15 10.07 7.88 5.33 4.38 0.00 0.00 0.00 6.06 9.56 9.56 16.06 14.45 7.01 4.09 4.96 4.96 4.16 7.81 7.08 17.67 18.18 13.14 18.03 17.59 17.59 5.99 4.96 3.50 1.10 3.94 0.88 2.19 3.58 2.70 9.05 9.49 9.20 14.24 17.45 17.01 15.18 14.02 10.29 8.54 12.26 10.60 9.86 10.95 8.18 8.18 6.79 11.39 11.02 8.61 7.23 4.02 3.72 3.43 4.23 5.11 5.26 7.66 8.54
3.72 4.31 3.72 4.45 3.58 2.70 0.00 2.92 0.00 4.60 3.36 3.72 2.26 0.00 0.00 5.77 6.94 6.86 5.40 5.40 8.40 8.61 5.26 4.60 0.00 0.00 0.00 4.45 6.79 4.67 9.71 7.30 5.18 5.04 5.62 6.42 7.59 7.74 16.86 14.67 16.21 17.37 29.27 25.84 25.84 21.90 12.34 6.28 6.42 10.88 5.91 0.80 1.97 2.41 6.42 4.74 9.13 15.99 16.79 12.70 11.17 11.39 10.07 8.03 8.61 8.77 9.19 7.52 6.50 6.50 6.42 6.13 10.80 6.64 6.50 4.82 3.07 3.36 6.06 3.43 5.55 6.72 6.35
6.86 6.72 4.53 2.77 1.75 1.31 0.00 0.00 2.04 2.26 2.56 0.00 0.00 0.00 4.09 8.91 7.45 11.24 6.42 6.42 6.28 7.37 6.28 3.43 3.36 0.00 3.14 4.67 4.60 7.45 5.69 6.13 5.77 4.96 5.11 7.15 7.45 15.26 15.11 13.21 15.11 19.93 23.21 29.78 29.78 27.67 24.75 19.71 11.39 18.54 11.39 3.36 4.02 5.62 3.65 8.61 9.27 9.71 12.41 9.34 8.41 7.15 8.25 9.68 11.75 13.04 9.11 8.91 7.66 7.66 4.82 6.28 5.33 4.96 3.50 4.67 4.16 6.35 6.13 4.23 2.90 5.43 4.82
6.42 2.99 1.90 1.83 1.61 1.61 0.80 0.00 0.00 0.66 0.15 0.00 0.00 0.00 0.00 7.15 12.92 6.79 4.09 4.09 5.40 4.89 5.26 0.00 0.00 5.69 5.55 4.89 4.60 4.31 3.43 5.62 1.31 1.10 3.72 4.74 6.06 8.76 13.51 10.07 12.41 13.80 20.81 28.54 28.54 25.55 27.81 26.86 24.45 12.99 9.27 12.26 12.85 8.98 9.42 11.61 10.88 7.81 9.05 4.23 5.33 5.64 7.66 10.91 10.51 13.43 10.88 10.45 9.60 9.30 6.90 6.13 4.96 4.74 3.65 6.06 5.84 6.06 5.91 4.36 4.36 2.61 3.61
4.31 2.12 1.46 1.90 1.24 1.02 0.95 0.73 0.73 0.51 0.44 1.02 0.00 0.00 0.00 0.00 9.71 7.52 4.09 4.09 3.94 4.02 0.00 0.00 0.00 4.09 5.91 3.58 3.94 3.21 2.41 0.00 0.00 0.00 0.66 3.21 0.00 5.04 4.74 7.74 7.52 10.00 16.72 23.94 23.94 22.27 25.33 24.97 17.59 16.64 12.05 15.55 14.60 16.79 17.30 14.53 12.85 11.24 4.82 5.01 4.79 6.64 7.88 8.79 8.36 12.47 9.76 10.44 10.51 10.56 9.24 5.58 6.86 6.72 6.86 5.65 4.67 5.62 5.26 6.09 3.85 5.18 5.33
2.92 1.83 1.68 1.75 1.10 0.88 1.61 2.48 1.10 0.44 0.15 0.22 0.00 0.00 0.00 0.00 0.00 0.00 0.00 0.00 2.77 2.99 0.00 0.00 0.00 0.00 0.00 0.00 1.75 0.00 1.17 0.00 0.00 0.00 0.00 0.00 0.00 0.00 0.00 0.00 0.00 7.01 8.54 17.30 17.30 15.26 18.03 18.32 14.89 14.60 15.84 15.70 16.79 17.89 16.86 16.57 14.16 10.59 12.12 5.40 5.99 7.23 6.73 5.95 7.42 10.02 12.38 7.64 8.03 8.03 7.34 7.46 9.33 8.88 6.08 6.82 5.38 3.58 3.78 4.74 6.18 7.34 6.55
5.26 4.45 2.99 1.68 1.61 1.46 1.97 2.56 1.61 2.04 2.26 0.37 0.00 0.00 0.22 0.00 1.61 2.77 2.26 2.26 1.75 2.34 0.00 0.00 0.00 0.00 0.00 0.00 0.00 0.00 0.00 0.00 0.00 0.00 0.00 0.00 0.51 0.00 0.00 0.00 0.00 4.09 8.32 12.41 12.41 11.02 14.60 14.60 14.75 16.79 16.72 15.40 15.84 15.33 16.86 14.75 14.67 13.78 11.32 12.48 6.35 11.46 7.62 6.31 6.99 10.06 8.61 6.24 4.89 4.89 6.05 6.62 8.93 9.12 9.02 7.63 7.85 6.28 4.30 5.18 5.49 7.19 8.03
7.66 7.15 2.41 2.34 1.83 3.21 3.29 2.12 1.17 1.39 2.70 1.53 0.07 0.00 0.00 0.44 2.04 1.90 0.80 0.80 0.44 1.53 1.02 0.00 0.00 0.00 0.00 0.58 0.00 0.00 0.00 0.00 0.00 0.00 0.00 0.00 0.00 2.77 0.00 0.00 3.58 0.00 3.43 2.19 2.19 6.50 9.42 14.67 13.21 15.55 17.08 15.48 15.48 14.67 15.35 15.06 15.12 14.22 14.53 12.05 12.99 11.46 12.33 8.22 10.16 7.22 9.60 8.65 4.60 4.62 4.74 7.72 6.73 7.74 10.58 11.12 11.02 7.90 5.14 4.14 6.12 7.45 9.11
12.26 11.17 5.26 5.69 6.57 7.30 7.88 2.12 1.10 0.00 1.83 1.83 0.00 0.00 0.00 0.51 1.83 1.83 0.66 0.66 0.00 0.44 0.88 0.00 0.00 0.00 0.00 0.00 0.37 0.00 0.00 0.00 0.00 0.00 0.00 3.14 2.99 2.41 2.48 0.00 0.00 0.00 0.00 3.50 3.50 4.74 8.40 11.61 13.21 14.38 12.70 15.33 13.36 11.83 13.84 13.55 14.60 13.47 15.00 14.30 14.60 13.50 13.21 11.76 8.00 7.70 9.58 8.54 6.82 6.82 4.72 6.07 5.11 7.55 10.36 11.67 11.74 10.73 5.35 6.14 6.27 7.57 10.29
15.33 14.24 9.78 10.80 13.07 13.65 10.22 10.07 0.00 2.19 1.90 2.70 0.88 0.00 0.00 0.00 0.44 0.95 0.00 0.00 0.00 0.00 0.15 0.66 0.00 0.37 1.24 1.17 0.07 0.22 0.00 0.00 0.00 0.00 1.31 0.15 1.24 0.00 0.00 0.00 0.00 0.00 14.60 11.32 11.32 8.69 7.81 14.31 15.40 14.97 13.43 13.14 13.36 11.97 12.03 12.22 12.98 12.73 14.68 12.35 14.92 17.36 14.60 12.79 9.27 6.64 6.27 7.15 5.71 5.62 1.85 3.48 5.05 9.25 9.92 11.90 10.56 9.56 6.59 5.67 8.43 8.50 10.84
21.83 18.03 11.97 10.51 15.77 16.57 15.33 19.27 7.08 6.13 5.40 3.14 0.00 0.00 0.00 0.00 0.00 0.00 0.00 0.00 0.00 0.00 0.00 0.00 0.00 0.73 0.95 0.44 1.53 0.44 0.00 0.00 0.00 0.00 0.37 2.19 1.17 0.00 0.00 0.00 0.00 12.70 13.51 15.70 15.70 15.18 16.06 14.89 15.62 14.60 14.30 14.75 11.49 11.08 12.35 12.28 11.96 11.75 10.51 9.40 12.54 14.60 14.68 15.21 6.86 5.63 5.40 3.71 3.01 2.93 1.68 2.19 4.43 6.92 8.73 11.30 6.13 9.10 8.63 4.47 3.05 7.56 5.81
13.36 10.59 7.15 13.80 18.18 21.46 20.37 27.67 26.43 25.26 24.67 21.10 14.38 9.49 5.04 2.12 0.95 0.37 0.51 0.51 0.29 0.00 0.00 0.00 0.00 0.00 0.15 0.44 0.66 0.44 0.58 1.39 1.17 0.44 0.37 2.70 2.92 2.19 9.56 0.00 10.59 9.56 13.21 17.45 17.45 14.89 16.57 15.55 16.43 14.09 13.21 13.85 9.73 9.79 7.85 5.98 6.05 8.02 9.12 8.00 9.54 10.12 12.86 12.79 10.24 6.06 5.36 5.38 0.97 0.96 1.83 0.80 3.18 9.68 9.17 10.48 7.23 5.14 0.41 0.00 1.11 2.07 2.85
8.47 9.86 9.42 13.43 14.02 15.55 21.61 26.21 34.31 34.02 33.87 28.03 17.59 14.02 9.78 4.60 2.63 1.39 1.61 1.61 1.02 0.58 0.00 0.15 0.00 0.15 0.22 0.22 0.58 0.66 0.88 0.66 0.00 0.00 0.44 3.21 6.28 6.28 6.28 7.23 8.76 9.05 10.07 12.70 12.70 17.37 13.51 15.62 13.14 13.09 10.95 7.98 7.72 7.22 6.27 7.92 6.88 6.46 6.16 9.17 10.00 10.69 13.16 14.68 6.62 7.23 8.10 6.38 5.02 4.94 0.58 1.75 2.47 5.19 11.54 11.57 6.94 2.06 1.05 0.00 0.00 0.00 2.47
4.60 7.01 11.68 12.70 10.66 8.76 12.26 15.99 35.62 37.23 27.45 13.58 11.90 11.46 8.47 7.45 5.18 3.94 2.41 2.41 1.61 0.07 0.80 1.39 0.37 0.00 0.00 0.00 0.15 0.00 0.73 0.44 0.37 1.39 2.70 7.66 8.98 3.43 2.34 4.16 4.53 2.26 5.84 9.05 9.05 10.07 15.26 11.61 12.17 11.52 9.95 9.37 9.11 10.00 8.14 7.72 7.88 6.56 8.24 7.71 10.91 9.73 12.66 12.85 8.40 7.15 8.49 8.64 2.71 3.02 1.28 0.74 1.76 5.96 8.40 10.63 8.85 2.85 1.10 1.11 0.00 0.00 1.52
0.00 0.00 8.83 8.25 4.60 4.23 6.64 18.91 26.85 31.54 24.31 9.49 6.57 9.42 9.05 5.69 4.67 4.60 3.80 3.80 2.99 1.68 2.12 0.88 1.10 0.29 0.00 0.00 0.00 0.00 0.00 0.29 0.00 0.00 1.61 3.43 6.35 1.83 1.31 0.07 0.00 0.37 1.61 4.89 4.89 9.64 7.96 12.19 12.18 11.53 9.84 11.11 8.36 12.23 11.00 5.45 6.30 5.23 6.17 9.13 9.02 11.25 11.13 11.89 8.03 7.23 7.80 5.86 5.02 4.84 1.91 0.71 1.03 3.74 9.22 7.34 5.99 3.11 0.92 0.70 0.00 0.00 2.76
0.00 5.40 4.31 4.67 0.00 0.00 4.09 10.59 16.13 22.12 22.48 13.51 4.60 5.04 5.84 6.64 1.97 2.26 3.87 3.87 3.58 3.29 0.95 1.10 0.00 0.00 0.00 0.00 0.00 0.00 0.00 0.00 0.00 0.00 0.15 1.83 3.07 1.17 1.02 1.46 0.00 0.07 0.73 2.19 2.19 5.33 10.37 10.73 11.10 11.90 10.44 7.49 10.93 8.59 10.65 7.16 7.64 6.07 6.56 7.58 11.50 8.40 10.35 9.40 8.12 6.53 6.32 7.14 5.03 5.06 4.87 0.61 2.82 2.14 3.22 5.82 5.64 5.14 1.91 0.22 1.20 1.72 4.84
0.00 0.00 0.00 0.00 0.00 3.80 6.50 7.59 10.95 13.94 17.23 13.87 8.10 6.64 4.60 2.41 2.04 1.46 1.53 1.53 1.61 0.66 0.37 0.15 0.00 0.00 0.00 0.00 0.00 0.00 0.00 0.00 0.00 0.00 0.00 0.58 1.61 0.51 0.80 0.00 0.00 0.00 2.04 4.53 4.53 2.49 5.62 10.78 11.17 10.15 10.31 11.70 10.23 13.55 6.86 6.86 6.91 7.59 0.00 9.34 7.82 9.88 12.04 8.55 7.45 5.17 7.81 7.10 6.67 7.81 4.60 4.38 1.56 3.33 0.97 1.56 4.17 2.35 1.17 0.78 1.12 4.95 6.45
0.00 0.00 0.00 0.00 0.00 0.00 0.00 8.32 11.83 14.60 12.99 9.20 7.88 7.96 4.60 5.11 5.48 2.48 1.02 1.02 0.51 0.00 0.00 0.00 0.00 0.00 0.00 0.00 0.00 0.00 0.00 0.00 0.00 0.00 0.00 0.00 0.58 0.00 0.00 0.00 0.00 0.00 0.00 2.12 2.12 1.53 2.41 4.92 7.76 9.65 9.76 8.94 9.82 6.71 5.77 4.90 7.94 5.58 9.15 14.72 9.19 9.58 9.18 6.98 8.01 10.22 7.55 8.67 5.58 6.24 8.10 4.44 3.11 0.88 0.97 1.31 3.93 3.48 1.31 0.00 0.00 4.23 5.67
0.00 0.00 0.00 0.00 0.00 0.00 0.00 5.84 8.76 10.95 11.39 9.93 9.05 7.66 5.62 7.08 9.41 7.96 4.31 4.31 0.00 0.88 0.00 0.00 0.00 0.00 0.00 0.00 0.00 0.00 0.00 0.00 0.00 0.00 0.00 0.15 0.58 0.88 1.24 0.00 0.22 0.22 0.44 1.24 1.24 1.68 1.90 1.90 2.92 8.33 10.38 6.66 6.55 3.29 0.00 0.00 0.00 0.00 0.00 5.89 0.00 13.43 9.61 6.21 9.47 10.28 11.02 10.49 7.26 7.42 6.19 5.78 3.82 2.64 2.45 1.37 3.33 3.77 3.69 1.49 0.00 0.00 4.54
0.00 0.00 0.00 0.00 0.00 0.00 0.00 0.00 4.60 7.81 7.88 8.25 7.74 8.54 4.82 4.67 8.58 10.22 10.00 9.33 3.21 1.31 0.00 0.00 0.00 0.00 0.00 0.00 0.00 0.00 0.00 0.00 0.00 0.00 0.22 0.00 0.66 1.24 2.77 0.44 1.46 3.87 2.41 1.02 1.02 1.83 0.29 1.10 4.63 7.85 8.64 9.70 6.01 4.59 0.00 0.00 0.00 0.00 0.00 0.00 0.00 5.74 10.32 7.03 6.34 11.16 9.59 10.20 6.56 8.02 8.01 5.99 5.26 3.88 3.34 1.78 5.05 4.55 2.53 0.00 0.00 0.00 0.00
0.00 0.00 0.00 0.00 0.00 0.00 0.00 0.00 0.00 0.00 0.00 0.00 0.00 0.00 0.00 0.00 2.85 5.26 6.12 6.21 4.09 6.79 5.40 5.26 4.16 2.92 2.48 3.50 1.53 0.00 0.00 0.00 1.39 3.87 1.75 1.17 5.04 4.23 2.19 6.50 6.75 6.02 3.17 5.40 5.40 3.58 0.29 0.88 1.61 3.44 1.49 0.00 0.00 0.00 0.00 0.00 0.00 0.00 0.00 0.00 0.00 0.00 0.00 0.00 0.00 11.16 5.53 4.67 6.31 7.05 7.35 7.85 5.02 4.07 2.64 2.79 5.37 4.08 0.00 0.00 0.00 0.00 0.00
0.00 0.00 0.00 0.00 0.00 0.00 0.00 0.00 0.00 0.00 0.00 0.00 0.00 0.00 0.00 0.00 0.00 0.00 5.04 5.04 0.00 3.31 4.54 6.50 3.80 4.82 5.59 4.72 5.33 4.53 2.70 5.04 4.96 5.40 4.89 3.72 6.50 4.96 7.96 8.10 7.08 4.95 8.20 4.23 4.73 6.06 3.72 3.14 3.07 0.00 0.00 0.00 0.00 0.00 0.00 0.00 0.00 0.00 0.00 0.00 0.00 0.00 0.00 0.00 0.00 12.21 0.00 0.00 0.00 0.00 0.00 7.73 7.15 4.18 0.00 0.95 0.00 0.00 0.00 0.00 0.00 0.00 0.00
0.00 0.00 0.00 0.00 0.00 0.00 0.00 0.00 0.00 0.00 0.00 0.00 0.00 0.00 0.00 0.00 0.00 0.00 0.00 0.00 0.00 3.80 0.00 3.65 3.72 6.35 4.26 6.18 5.84 5.99 3.65 6.20 5.18 5.85 4.60 4.45 3.56 4.89 7.88 1.31 1.10 5.46 3.80 3.93 4.99 5.10 3.23 1.99 0.00 0.00 0.00 0.00 0.00 0.00 0.00 0.00 0.00 0.00 0.00 0.00 0.00 0.00 0.00 0.00 0.00 0.00 0.00 0.00 0.00 0.00 0.00 0.00 5.73 0.00 0.00 0.00 0.00 0.00 0.00 0.00 0.00 0.00 0.00
0.00 0.00 0.00 0.00 0.00 0.00 0.00 0.00 0.00 0.00 0.00 0.00 0.00 0.00 0.00 0.00 0.00 0.00 0.00 0.00 0.00 0.00 0.00 0.00 0.00 5.18 3.36 0.00 5.77 4.60 2.34 1.46 7.60 3.79 2.63 0.00 0.00 3.80 5.18 0.00 0.00 0.00 0.00 0.00 0.00 4.62 0.00 0.00 0.00 0.00 0.00 0.00 0.00 0.00 0.00 0.00 0.00 0.00 0.00 0.00 0.00 0.00 0.00 0.00 0.00 0.00 0.00 0.00 0.00 0.00 0.00 0.00 0.00 0.00 0.00 0.00 0.00 0.00 0.00 0.00 0.00 0.00 0.00
