Wansh/Snow_depth/snowdepth-1998/spring/1998074.txt
ncols 321
nrows 161
xllcenter 60
yllcenter 15 
cellsize  0.25 
NODATA_value -1
[rows 0 to 36 of 161, columns 166 to 248 of 321]
14.75 15.26 15.62 11.46 7.30 7.52 7.01 7.52 7.59 7.59 7.88 7.88 7.15 7.45 6.50 6.42 5.26 5.55 6.57 8.18 9.05 9.05 9.42 9.86 8.47 7.37 8.83 8.83 10.00 1.46 0.00 0.00 13.51 13.51 14.02 14.02 13.36 13.36 13.58 14.24 14.53 14.97 14.38 11.75 12.56 20.73 20.73 20.73 21.46 19.71 18.98 17.45 16.21 16.43 16.06 15.77 18.18 18.47 18.25 19.78 20.00 18.32 18.32 18.91 19.56 22.78 25.19 24.97 24.16 20.44 21.10 17.74 18.18 17.45 16.94 17.01 17.74 19.05 19.05 19.86 20.15 20.00 19.13
16.72 15.84 15.84 11.39 9.71 8.32 7.74 7.96 7.08 7.01 6.50 6.50 7.01 7.01 6.86 7.08 6.13 5.91 7.15 9.20 9.93 9.05 9.27 9.05 7.01 11.17 9.93 5.77 0.00 1.10 0.00 0.00 5.11 3.07 11.32 10.59 12.34 12.34 12.78 14.53 15.55 14.67 12.63 12.34 14.60 16.86 20.51 19.78 17.81 17.59 17.30 18.18 18.76 18.61 17.81 18.03 17.89 19.27 19.64 18.98 19.42 17.96 17.96 19.49 18.69 21.83 25.26 23.58 23.94 20.00 18.91 19.35 18.03 17.59 17.67 17.74 17.89 17.96 20.44 19.71 20.44 18.83 19.71
18.18 17.52 16.72 15.70 13.72 12.48 11.02 9.93 7.23 6.57 6.64 6.64 6.42 7.37 6.42 6.50 6.42 7.81 8.61 8.25 10.15 10.00 9.27 7.08 11.39 11.83 11.17 1.75 0.00 0.00 0.00 0.00 7.08 10.29 9.56 8.69 11.02 11.02 14.02 12.78 16.50 16.94 13.65 13.87 13.80 14.97 9.78 16.86 12.70 12.70 15.40 18.32 17.16 18.83 17.81 17.45 17.74 17.37 17.52 18.10 18.69 18.40 18.40 19.42 21.39 23.51 22.92 23.36 22.63 23.29 21.10 19.49 20.15 17.67 16.86 17.16 17.08 13.94 14.67 17.96 18.61 14.31 12.34
18.18 17.52 16.72 15.70 13.72 12.48 11.02 9.93 7.23 6.57 6.64 6.64 6.42 7.37 6.42 6.50 6.42 7.81 8.61 8.25 10.15 10.00 9.27 7.08 11.39 11.83 11.17 1.75 0.00 0.00 0.00 0.00 7.08 10.29 9.56 8.69 11.02 11.02 14.02 12.78 16.50 16.94 13.65 13.87 13.80 14.97 9.78 16.86 12.70 12.70 15.40 18.32 17.16 18.83 17.81 17.45 17.74 17.37 17.52 18.10 18.69 18.40 18.40 19.42 21.39 23.51 22.92 23.36 22.63 23.29 21.10 19.49 20.15 17.67 16.86 17.16 17.08 13.94 14.67 17.96 18.61 14.31 12.34
18.91 17.67 18.10 15.33 13.87 14.16 13.14 11.61 10.59 9.49 6.94 6.94 7.45 8.54 9.20 8.76 7.96 9.20 10.07 9.49 7.52 9.56 7.59 11.68 7.74 4.60 0.00 0.00 0.00 0.00 0.00 5.26 3.87 8.25 8.10 7.37 9.71 9.71 13.21 12.99 11.39 11.75 11.97 9.86 6.86 7.96 7.37 6.86 7.52 12.19 16.13 17.08 18.18 17.45 17.52 18.25 17.08 17.16 17.16 18.47 19.64 20.88 20.88 20.22 22.41 23.36 25.48 25.77 23.80 21.24 20.95 19.13 16.50 16.94 16.28 12.12 12.34 11.17 11.39 10.80 12.78 12.26 12.34
18.18 18.10 18.69 18.61 18.18 15.40 12.26 12.85 11.97 12.92 8.91 8.91 8.83 8.61 9.71 11.90 9.64 9.86 9.64 9.71 9.42 5.62 10.29 10.29 3.36 0.00 0.00 0.00 0.00 0.00 2.85 5.69 7.45 7.23 9.93 12.48 11.90 11.90 13.36 10.44 5.62 4.96 4.60 4.45 5.48 5.11 5.04 4.67 10.07 14.67 12.63 16.43 20.08 19.71 18.61 16.35 16.79 16.64 14.09 17.08 16.21 20.44 20.44 22.85 26.50 26.06 24.89 19.49 20.22 18.76 17.16 17.08 15.91 12.78 13.51 11.83 12.05 12.12 10.95 12.63 12.34 15.26 14.60
15.48 18.18 17.89 19.13 18.61 15.77 14.31 14.82 14.38 14.75 12.70 12.70 12.78 10.22 10.44 11.83 11.53 10.73 5.91 9.56 9.49 9.56 8.98 0.00 0.00 0.00 0.00 0.00 0.00 4.82 8.98 7.96 11.61 8.61 14.09 14.02 14.97 14.97 9.56 11.10 5.84 3.50 1.53 3.07 2.41 4.53 2.77 5.11 8.25 12.48 13.43 18.40 16.94 18.54 16.79 12.19 12.19 12.26 12.48 14.75 17.01 15.77 15.77 22.12 21.61 22.12 22.48 17.89 16.43 16.72 17.37 15.99 16.50 13.58 13.36 13.51 11.97 11.53 11.46 13.43 15.55 15.89 21.09
15.48 18.18 17.89 19.13 18.61 15.77 14.31 14.82 14.38 14.75 12.70 12.70 12.78 10.22 10.44 11.83 11.53 10.73 5.91 9.56 9.49 9.56 8.98 0.00 0.00 0.00 0.00 0.00 0.00 4.82 8.98 7.96 11.61 8.61 14.09 14.02 14.97 14.97 9.56 11.10 5.84 3.50 1.53 3.07 2.41 4.53 2.77 5.11 8.25 12.48 13.43 18.40 16.94 18.54 16.79 12.19 12.19 12.26 12.48 14.75 17.01 15.77 15.77 22.12 21.61 22.12 22.48 17.89 16.43 16.72 17.37 15.99 16.50 13.58 13.36 13.51 11.97 13.33 15.81 19.33 21.30 27.00 34.83
10.88 14.53 13.51 17.96 16.57 17.23 16.21 11.83 13.65 13.21 13.21 13.21 11.32 9.93 10.44 9.93 11.75 7.23 10.29 3.58 6.50 5.04 0.00 0.00 0.00 0.00 0.00 0.44 4.23 8.10 10.44 12.05 11.68 10.66 12.26 14.89 13.58 13.58 9.56 10.29 1.83 2.19 1.10 1.90 3.65 4.45 3.29 2.41 4.45 8.10 13.14 14.24 14.53 10.15 9.78 10.15 9.93 8.91 12.12 11.10 15.77 18.69 18.69 16.79 20.81 20.73 19.78 20.51 17.89 16.57 17.01 15.48 15.04 15.11 13.36 11.97 15.45 17.72 21.18 19.36 20.16 30.73 26.87
9.05 9.13 9.64 11.32 12.19 15.11 11.75 12.34 9.27 9.86 9.20 9.20 10.66 11.10 9.27 7.88 9.05 10.00 0.00 0.00 2.34 3.50 0.00 0.00 0.07 3.14 7.66 8.69 7.45 11.17 10.95 12.05 11.46 10.37 12.12 13.43 11.90 11.90 2.41 1.61 0.95 0.88 0.58 2.56 4.02 1.31 2.70 5.48 4.23 6.94 10.73 6.86 7.81 6.64 6.86 7.15 6.13 7.66 8.98 9.13 10.66 16.13 16.13 20.00 19.49 20.00 20.15 17.59 17.52 15.99 15.62 15.18 15.77 14.38 16.28 16.94 18.62 17.41 19.89 26.82 29.20 27.67 29.62
9.78 9.49 9.56 9.64 8.91 11.24 12.56 12.41 11.83 9.13 9.56 9.56 8.98 8.47 9.71 0.00 3.65 7.08 0.00 0.00 0.00 0.00 3.65 2.85 3.80 6.50 7.74 8.32 9.49 9.42 10.22 7.23 10.51 2.63 3.29 2.12 2.26 2.26 1.68 1.39 2.85 3.21 3.29 3.21 3.94 1.68 2.77 1.46 2.77 5.26 5.62 5.62 6.35 3.72 4.53 5.33 5.11 5.77 7.08 12.34 11.32 15.33 15.33 18.91 18.61 18.91 15.55 15.11 14.24 14.16 15.33 16.13 15.91 14.97 13.33 13.41 12.19 19.50 21.48 26.28 22.91 24.12 24.58
9.78 9.49 9.56 9.64 8.91 11.24 12.56 12.41 11.83 9.13 9.56 9.56 8.98 8.47 9.71 0.00 3.65 7.08 0.00 0.00 0.00 0.00 3.65 2.85 3.80 6.50 7.74 8.32 9.49 9.42 10.22 7.23 10.51 2.63 3.29 2.12 2.26 2.26 1.68 1.39 2.85 3.21 3.29 3.21 3.94 1.68 2.77 1.46 2.77 5.26 5.62 5.62 6.35 3.72 4.53 5.33 5.11 5.77 7.08 12.34 11.32 15.33 15.33 18.91 18.61 18.91 15.55 15.11 14.24 14.16 15.33 16.13 15.91 14.97 12.99 13.21 11.83 18.11 19.15 24.33 24.44 25.03 24.58
11.90 11.61 11.10 9.34 8.10 6.72 6.94 8.91 9.05 6.20 6.57 6.57 6.35 0.80 2.63 0.00 0.00 0.00 0.00 0.00 0.00 6.20 7.59 5.18 5.62 5.77 5.55 6.50 2.99 4.02 4.02 4.02 3.50 2.56 2.19 1.97 2.99 2.99 3.87 4.67 4.53 4.02 3.80 3.21 2.63 2.85 2.56 1.10 2.19 2.99 2.19 3.50 3.94 3.87 3.65 2.92 4.89 6.94 6.64 10.66 14.67 18.03 18.03 18.25 14.97 14.75 15.11 14.67 14.53 16.43 16.43 15.84 16.72 16.64 14.24 13.72 14.45 16.34 20.69 18.73 23.76 24.95 23.22
9.56 7.52 7.52 7.37 7.23 7.23 7.59 6.42 5.04 4.45 3.72 3.72 2.63 0.00 0.44 0.00 0.00 0.00 3.07 4.89 0.00 2.99 5.69 4.16 3.65 3.36 4.45 4.09 4.02 4.09 6.35 5.18 3.21 2.34 3.50 3.50 4.60 4.60 5.77 5.62 4.74 3.50 3.72 3.29 1.31 0.07 1.39 0.73 1.10 1.10 1.61 2.26 1.75 2.04 1.97 2.99 2.56 5.11 8.61 7.81 12.48 12.48 12.48 15.40 14.82 17.81 17.16 17.45 15.77 16.57 18.54 16.21 18.10 17.45 15.40 16.83 17.46 19.39 17.07 22.76 27.85 22.45 25.73
6.50 6.86 6.72 7.01 7.59 8.76 10.59 10.88 6.72 7.01 5.55 5.55 5.69 4.16 1.97 7.15 4.38 4.60 4.60 5.26 5.84 4.96 4.67 3.80 4.67 4.67 5.18 5.91 7.45 6.72 7.08 4.60 4.89 4.82 4.82 4.96 5.77 5.77 5.18 5.40 5.40 4.09 2.77 1.17 1.46 1.24 1.75 1.24 1.46 1.53 1.90 2.12 1.90 1.68 0.22 1.53 1.17 3.87 5.11 9.05 8.10 11.75 11.75 14.16 17.96 18.03 17.59 18.98 16.21 17.59 19.93 23.65 20.59 19.35 18.05 24.57 18.59 22.01 21.04 23.58 23.16 23.21 24.50
5.48 5.55 6.94 7.23 6.35 6.79 7.37 10.51 8.61 9.56 8.25 8.25 8.91 8.10 10.66 7.66 6.79 2.48 1.83 6.13 2.41 0.95 2.19 3.14 2.70 4.31 4.45 5.26 5.91 6.42 7.66 5.62 6.13 5.77 6.13 6.79 5.55 5.55 5.84 5.69 4.82 3.21 2.56 2.70 1.02 0.95 1.39 2.12 1.39 1.24 1.39 1.24 1.10 0.22 0.00 0.29 0.22 3.58 2.63 6.94 7.15 12.05 12.05 12.26 11.10 16.28 15.26 18.25 15.48 17.96 18.69 24.31 22.19 23.41 20.74 21.22 23.01 20.40 25.39 23.43 24.08 25.53 27.09
5.48 5.55 6.94 7.23 6.35 6.79 7.37 10.51 8.61 9.56 8.25 8.25 8.91 8.10 10.66 7.66 6.79 2.48 1.83 6.13 2.41 0.95 2.19 3.14 2.70 4.31 4.45 5.26 5.91 6.42 7.66 5.62 6.13 5.77 6.13 6.79 5.55 5.55 5.84 5.69 4.82 3.21 2.56 2.70 1.02 0.95 1.39 2.12 1.39 1.24 1.39 1.24 1.10 0.22 0.00 0.29 0.22 3.58 2.63 6.94 7.15 12.05 12.05 12.26 11.10 16.28 15.26 18.25 15.48 17.96 18.69 24.31 22.19 28.74 19.44 23.06 20.66 25.24 25.76 25.91 24.56 23.02 26.18
4.53 2.77 4.23 4.96 4.67 5.40 3.58 4.96 4.38 7.23 5.69 5.69 7.08 6.72 6.72 7.08 2.70 1.83 0.95 0.51 0.22 0.66 1.61 2.04 3.07 4.16 4.96 4.96 5.26 7.81 7.96 6.86 6.50 6.50 6.13 5.77 7.01 7.01 6.64 4.82 4.67 4.09 7.08 7.74 3.87 2.56 1.61 1.75 1.02 1.31 0.00 0.00 0.00 0.00 0.00 0.00 0.00 1.31 1.02 0.22 4.53 2.26 2.26 8.25 7.01 12.99 9.05 9.64 14.09 16.13 23.65 22.85 22.16 21.98 21.19 21.67 26.12 29.32 27.92 25.28 23.90 27.70 26.93
2.56 2.41 1.83 3.50 3.36 3.07 2.63 2.99 2.56 4.45 3.58 3.58 3.14 3.29 2.63 2.63 2.56 2.19 0.22 0.15 0.00 0.88 1.02 1.46 3.14 3.65 6.50 6.94 7.08 7.37 6.72 5.91 6.06 5.77 7.88 8.03 8.25 8.25 7.45 7.01 8.91 7.88 8.18 5.69 3.07 0.73 0.88 0.51 0.00 0.00 0.00 0.00 0.00 0.00 0.00 0.00 0.00 0.00 0.00 0.00 1.46 0.07 0.07 4.38 2.77 2.12 5.77 4.60 12.34 11.83 17.01 20.47 20.65 23.30 26.80 22.75 25.53 30.32 26.30 26.80 24.76 27.72 24.27
0.00 0.00 0.00 1.61 0.66 2.34 2.41 3.14 2.19 4.23 3.65 3.65 4.09 3.94 4.02 2.70 1.90 0.29 0.73 0.66 1.46 1.61 1.31 2.34 4.89 4.96 6.20 5.99 6.72 7.15 5.99 6.94 9.56 10.37 9.13 9.05 9.34 9.34 9.20 9.05 9.20 8.61 5.33 5.91 1.53 1.02 0.95 0.66 0.07 0.00 0.00 0.00 0.00 0.00 0.00 0.00 0.00 0.00 0.00 0.00 0.00 0.00 0.00 0.00 0.00 0.00 2.19 2.41 6.72 16.79 15.48 20.51 24.60 23.65 28.32 28.91 26.35 29.12 27.52 29.42 30.15 26.26 24.63
0.00 0.00 0.00 0.07 0.22 0.73 1.17 2.99 2.77 4.45 4.31 4.31 4.38 4.23 2.77 2.34 1.17 0.00 0.44 0.73 1.61 2.85 3.21 3.36 4.74 4.16 3.72 6.13 7.01 7.59 9.05 5.11 9.42 11.39 10.44 11.68 11.24 11.24 9.71 10.51 9.20 4.02 3.14 5.69 0.00 0.00 0.73 1.10 0.00 0.00 0.00 0.00 0.00 0.00 0.00 0.00 0.00 0.00 0.00 0.00 0.00 0.00 0.00 0.00 0.00 0.00 0.00 4.96 3.36 14.75 20.88 20.44 21.68 27.74 27.23 25.92 26.55 26.43 32.52 26.07 26.84 26.88 26.87
0.00 0.00 0.00 0.00 0.00 0.15 1.17 1.10 2.99 2.70 3.14 3.14 2.77 3.58 3.65 2.99 2.04 0.00 0.15 0.44 0.00 2.70 3.36 5.18 4.89 7.66 7.96 7.74 7.23 8.47 6.50 6.13 10.59 11.17 11.46 11.61 11.83 11.83 4.60 2.92 1.68 1.53 0.51 0.22 0.07 0.22 0.00 0.00 0.00 0.00 0.00 0.00 0.00 0.00 0.00 0.00 0.00 0.00 0.00 0.00 0.00 0.00 0.00 0.00 0.00 0.00 0.00 1.75 13.43 10.29 20.22 17.89 18.98 9.93 21.17 21.39 20.15 22.14 29.20 27.11 26.48 19.64 18.36
0.00 0.00 0.00 0.00 0.00 0.15 1.17 1.10 2.99 2.70 3.14 3.14 2.77 3.58 3.65 2.99 2.04 0.00 0.15 0.44 0.00 2.70 3.36 5.18 4.89 7.66 7.96 7.74 7.23 8.47 6.50 6.13 10.59 11.17 11.46 11.61 11.83 11.83 4.60 2.92 1.68 1.53 0.51 0.22 0.07 0.22 0.00 0.00 0.00 0.00 0.00 0.00 0.00 0.00 0.00 0.00 0.00 0.00 0.00 0.00 0.00 0.00 0.00 0.00 0.00 0.00 0.00 1.75 13.43 10.29 20.22 17.89 18.98 9.93 21.17 21.39 19.35 22.26 22.68 23.85 22.17 22.86 22.46
0.00 0.00 0.00 0.00 0.00 0.29 0.95 1.90 2.56 2.04 1.83 1.83 1.83 2.77 0.29 0.00 0.00 0.00 0.00 2.56 5.33 4.60 6.06 8.10 7.96 8.54 8.54 8.54 9.78 5.84 9.42 9.34 8.40 8.76 8.40 2.26 2.12 2.12 2.41 2.41 1.61 1.10 0.51 1.39 0.00 0.00 0.00 0.00 0.00 0.00 0.00 0.00 0.00 0.00 0.00 0.00 0.00 0.00 0.00 0.00 0.00 0.00 0.00 0.00 0.00 0.00 0.00 0.00 6.64 6.20 5.26 9.49 4.09 4.96 4.45 14.97 18.25 17.61 20.21 27.05 29.20 20.82 13.05
0.00 0.00 0.00 0.00 0.00 1.68 1.39 2.12 1.31 1.02 0.80 0.80 1.46 1.24 0.37 0.00 0.00 0.00 0.00 2.85 2.99 6.35 7.30 8.18 7.81 8.18 9.42 9.13 11.10 8.69 8.76 8.10 6.79 3.21 2.70 1.68 1.61 1.61 1.68 1.61 1.53 1.31 1.39 0.95 0.00 0.00 0.00 0.00 0.00 0.00 0.00 0.00 0.00 0.00 0.00 0.00 0.00 0.00 0.00 0.00 0.00 0.00 0.00 0.00 0.00 0.00 0.00 0.00 0.00 1.17 1.83 0.73 2.85 5.99 5.11 14.31 17.89 19.05 19.52 19.11 16.55 20.48 14.11
0.00 0.00 0.00 0.00 0.00 0.00 0.00 0.07 0.37 1.02 1.39 1.39 0.51 0.58 0.15 0.00 0.00 0.00 0.00 1.53 3.07 5.40 7.59 8.61 9.64 10.15 10.29 9.56 9.64 8.47 9.05 8.54 5.55 3.87 2.77 1.90 0.66 0.66 1.10 1.31 1.10 0.80 0.00 0.58 0.00 0.00 0.00 0.00 0.00 0.00 0.00 0.00 0.00 0.00 0.00 0.00 0.00 0.00 0.00 0.00 0.00 0.00 0.00 0.00 0.00 0.00 0.00 0.00 0.00 0.00 0.58 1.68 2.04 7.30 19.05 21.75 21.64 20.58 17.28 16.30 11.99 6.96 3.47
0.00 0.00 0.00 0.00 0.00 0.00 0.00 0.00 0.00 0.00 0.37 0.37 0.22 0.00 0.00 0.00 0.00 0.58 1.53 1.31 2.34 4.38 4.82 7.96 9.64 10.59 6.79 7.23 7.23 4.53 5.33 3.50 2.85 2.92 2.70 0.15 0.00 0.00 0.22 1.24 0.22 0.95 0.00 0.00 0.00 0.00 0.00 0.00 0.00 0.00 0.00 0.00 0.00 0.00 0.00 0.00 0.00 0.00 0.00 0.00 0.00 0.00 0.00 0.00 0.00 0.00 0.00 0.00 0.00 0.00 0.00 0.88 4.67 3.29 14.90 21.38 19.66 23.99 16.52 11.51 11.80 5.29 1.56
0.00 0.00 0.00 0.00 0.00 0.00 0.00 0.07 0.00 0.00 0.00 0.00 0.00 0.00 0.00 0.00 0.07 0.66 0.58 0.29 2.34 3.21 5.77 5.11 7.96 3.36 3.65 3.72 4.45 3.36 2.77 2.48 0.66 0.00 0.00 0.00 0.00 0.00 0.00 0.00 0.00 0.00 0.00 0.00 0.00 0.00 0.00 0.00 0.00 0.00 0.00 0.00 0.00 0.00 0.00 0.00 0.00 0.00 0.00 0.00 0.00 0.00 0.00 0.00 0.00 0.00 0.00 0.00 0.00 0.00 0.00 0.00 3.97 13.34 12.37 19.47 19.69 14.39 16.96 4.99 2.25 1.49 1.19
0.00 0.00 0.00 0.00 0.00 0.00 0.00 0.07 0.00 0.00 0.00 0.00 0.00 0.00 0.00 0.00 0.07 0.66 0.58 0.29 2.34 3.21 5.77 5.11 7.96 3.36 3.65 3.72 4.45 3.36 2.77 2.48 0.66 0.00 0.00 0.00 0.00 0.00 0.00 0.00 0.00 0.00 0.00 0.00 0.00 0.00 0.00 0.00 0.00 0.00 0.00 0.00 0.00 0.00 0.00 0.00 0.00 0.00 0.00 0.00 0.00 0.00 0.00 0.00 0.00 0.00 0.00 0.00 0.00 0.00 0.00 0.00 3.99 13.20 11.18 21.69 21.01 16.79 19.68 4.83 2.35 1.45 1.26
0.00 0.00 0.00 0.00 0.00 0.00 0.00 0.00 0.00 0.00 0.00 0.00 0.00 0.00 0.00 0.00 0.00 0.00 0.00 0.15 0.00 0.29 1.68 0.73 1.61 1.39 1.53 0.07 1.90 3.21 2.12 1.31 0.00 0.07 0.37 0.00 0.00 0.00 0.00 0.00 0.00 0.00 0.00 0.00 0.00 0.00 0.00 0.00 0.00 0.00 0.00 0.00 0.00 0.00 0.00 0.00 0.00 0.00 0.00 0.00 0.00 0.00 0.00 0.00 0.00 0.00 0.00 0.00 0.00 0.00 0.00 3.76 3.61 13.27 21.24 18.74 25.72 14.10 3.55 3.23 0.12 0.10 0.00
0.44 0.44 0.00 0.00 0.00 0.00 0.00 0.00 0.00 0.00 0.00 0.00 0.00 0.00 0.00 0.00 0.00 0.00 0.00 0.00 0.00 0.00 0.44 0.00 0.22 0.00 0.00 0.07 0.66 0.51 0.95 0.80 0.44 0.00 0.00 0.00 0.00 0.00 0.00 0.00 0.00 0.00 0.00 0.00 0.00 0.00 0.00 0.00 0.00 0.00 0.00 0.00 0.00 0.00 0.00 0.00 0.00 0.00 0.00 0.00 0.00 0.00 0.00 0.00 0.00 0.00 0.00 0.00 0.00 0.00 0.00 1.02 12.70 11.44 19.71 17.83 8.33 13.43 2.29 0.43 0.00 0.00 0.56
1.02 2.41 0.00 0.00 0.00 0.00 0.00 0.00 0.00 0.00 0.00 0.00 0.00 0.37 0.00 0.00 0.00 0.00 0.00 0.07 0.00 0.00 0.22 0.37 0.37 0.00 0.00 0.00 0.37 0.73 0.00 0.00 0.00 0.00 0.00 0.00 0.00 0.00 0.00 0.00 0.00 0.00 0.00 0.00 0.00 0.00 0.00 0.00 0.00 0.00 0.00 0.00 0.00 0.00 0.00 0.00 0.00 0.00 0.00 0.00 0.00 0.00 0.00 0.00 0.00 0.00 0.00 0.00 0.00 0.00 0.00 0.00 4.60 13.45 15.81 15.98 5.49 1.06 2.36 0.56 0.00 0.00 0.00
0.95 6.50 1.83 0.22 0.15 0.00 0.00 0.00 0.00 0.00 0.00 0.00 0.00 0.00 0.00 0.00 0.00 0.00 0.00 0.00 0.15 0.00 0.00 0.00 0.00 0.37 0.00 0.37 0.22 0.00 0.00 0.00 0.00 0.00 0.00 0.00 0.00 0.00 0.00 0.00 0.00 0.00 0.00 0.00 0.00 0.00 0.00 0.00 0.00 0.00 0.00 0.00 0.00 0.00 0.00 0.00 0.00 0.00 0.00 0.00 0.00 0.00 0.00 0.00 0.00 0.00 0.00 0.00 0.00 0.00 0.00 2.26 0.73 6.56 10.01 13.12 5.95 0.89 0.79 0.10 0.27 0.00 0.00
6.72 4.31 1.53 0.44 0.00 0.00 0.00 0.73 0.00 0.51 0.29 0.29 0.00 0.00 0.00 0.00 0.00 0.00 0.00 0.00 0.00 0.00 0.00 0.00 0.00 0.00 0.00 0.00 0.00 0.00 0.00 0.00 0.00 0.00 0.00 0.00 0.00 0.00 0.00 0.00 0.00 0.00 0.00 0.00 0.00 0.00 0.00 0.00 0.00 0.00 0.00 0.00 0.00 0.00 0.00 0.00 0.00 0.00 0.00 0.00 0.00 0.00 0.00 0.00 0.00 0.00 0.00 0.00 0.00 0.00 0.00 0.73 4.09 3.65 1.70 0.31 1.03 0.78 0.70 0.00 0.00 0.00 0.00
5.26 4.38 3.14 0.29 0.00 0.15 0.95 1.75 1.53 0.37 0.80 0.80 1.17 0.22 0.73 0.00 0.00 0.00 0.00 0.00 0.00 0.00 0.00 0.00 0.00 0.00 0.00 0.07 0.00 0.07 0.00 0.00 0.00 0.00 0.00 0.00 0.00 0.00 0.00 0.00 0.00 0.00 0.00 0.00 0.00 0.00 0.00 0.00 0.00 0.00 0.00 0.00 0.00 0.00 0.00 0.00 0.00 0.00 0.00 0.00 0.00 0.00 0.00 0.00 0.00 0.00 0.00 0.00 0.00 0.00 0.00 0.00 0.44 0.22 0.30 0.00 0.00 0.00 0.00 0.00 0.00 0.00 0.00
5.26 4.38 3.14 0.29 0.00 0.15 0.95 1.75 1.53 0.37 0.80 0.80 1.17 0.22 0.73 0.00 0.00 0.00 0.00 0.00 0.00 0.00 0.00 0.00 0.00 0.00 0.00 0.07 0.00 0.07 0.00 0.00 0.00 0.00 0.00 0.00 0.00 0.00 0.00 0.00 0.00 0.00 0.00 0.00 0.00 0.00 0.00 0.00 0.00 0.00 0.00 0.00 0.00 0.00 0.00 0.00 0.00 0.00 0.00 0.00 0.00 0.00 0.00 0.00 0.00 0.00 0.00 0.00 0.00 0.00 0.00 0.00 0.44 0.22 0.29 0.00 0.00 0.00 0.00 0.00 0.00 0.00 0.00
3.94 4.67 2.34 0.73 1.24 1.10 1.46 1.39 1.68 1.97 1.53 1.53 1.10 0.00 0.00 0.00 0.00 0.00 0.00 0.00 0.00 0.00 0.00 0.00 0.00 0.00 0.00 0.29 0.73 0.07 0.58 0.00 0.00 0.00 0.00 0.00 0.00 0.00 0.22 0.00 0.00 0.00 0.00 0.00 0.00 0.00 0.00 0.00 0.00 0.00 0.00 0.00 0.00 0.00 0.00 0.00 0.00 0.00 0.00 0.00 0.00 0.00 0.00 0.00 0.00 0.00 0.00 0.00 0.00 0.00 0.00 0.00 0.00 0.00 0.00 0.00 0.00 0.00 0.00 0.09 0.00 0.00 0.00
