Wansh/Snow_depth/snowdepth-1998/spring/1998099.txt
ncols 321
nrows 161
xllcenter 60
yllcenter 15 
cellsize  0.25 
NODATA_value -1
[rows 74 to 110 of 161, columns 84 to 167 of 321]
0.00 0.00 0.00 0.00 0.00 1.53 0.00 1.02 0.73 1.02 2.26 3.50 2.26 4.67 3.50 0.00 4.31 3.36 3.36 4.09 3.14 3.36 3.50 3.43 1.61 0.00 0.00 0.00 0.00 0.00 0.00 0.00 1.83 0.00 2.04 2.56 2.99 2.99 3.29 2.70 0.00 0.00 0.00 0.00 1.10 0.95 0.00 0.00 0.22 0.00 0.00 0.00 0.00 0.00 0.00 1.17 1.97 0.95 0.37 0.22 1.61 0.00 0.00 0.00 0.00 0.00 0.00 0.00 0.00 0.00 1.10 0.66 0.00 0.00 0.00 0.00 0.00 0.00 0.00 0.00 0.00 0.00 0.00 0.00
0.00 0.00 0.88 1.97 2.41 1.17 0.22 2.63 2.85 2.48 4.02 3.58 4.89 4.16 3.87 0.00 2.77 2.92 2.92 3.07 2.99 3.80 3.36 3.29 3.14 3.50 0.00 0.00 0.00 0.00 0.00 1.90 2.19 0.00 3.07 2.92 3.43 3.07 4.60 3.80 2.99 0.00 1.97 1.97 1.97 0.73 0.66 0.80 0.07 0.44 0.00 0.73 0.00 0.00 1.46 1.24 1.02 0.95 0.95 0.44 0.15 0.66 0.37 0.58 0.00 0.00 0.00 0.00 0.00 0.00 2.92 3.50 0.66 0.00 0.00 0.00 0.00 0.00 0.00 0.00 0.00 0.00 0.00 0.00
0.00 0.00 1.17 2.12 2.85 2.63 3.80 0.00 3.94 4.16 5.33 5.11 4.53 4.96 0.00 3.50 0.00 2.77 2.77 3.14 0.00 0.00 0.00 0.00 0.00 0.00 0.00 0.00 0.00 0.00 0.00 0.00 2.99 3.36 3.36 3.43 0.00 0.00 3.94 4.60 3.58 3.21 2.99 2.99 1.39 1.39 2.41 1.97 0.00 2.48 2.41 1.24 1.10 0.73 0.07 0.07 0.95 0.58 0.22 0.00 0.51 0.88 0.73 0.37 0.00 0.00 1.10 2.41 2.41 3.94 5.04 3.50 2.19 0.00 0.00 0.00 0.00 0.00 0.00 0.00 0.00 0.00 0.00 0.00
2.56 1.31 2.99 1.39 1.68 3.50 2.48 3.94 3.94 3.43 4.31 5.40 4.67 4.38 3.29 2.41 4.09 3.80 3.80 4.96 3.21 0.00 0.00 0.00 0.00 0.00 0.00 0.00 0.00 0.00 0.00 3.07 2.77 0.00 0.00 0.00 0.00 0.00 0.00 4.67 4.45 4.02 0.00 0.00 1.97 1.53 2.34 3.07 0.00 0.00 3.21 2.77 2.56 1.61 0.00 1.02 1.10 1.10 0.66 0.07 0.00 0.66 2.70 1.97 0.95 2.77 3.72 3.07 3.07 3.80 2.85 3.14 1.83 0.80 0.00 0.00 0.00 0.00 0.00 0.00 0.00 0.00 0.00 0.00
0.00 3.58 2.34 1.61 3.65 2.92 2.92 3.43 4.23 4.74 5.04 4.60 4.23 3.94 3.65 3.14 4.89 4.60 4.60 3.14 3.65 1.90 0.00 2.85 0.00 0.00 0.00 0.00 0.00 0.00 0.00 3.14 0.00 0.00 3.43 0.00 0.00 0.00 5.55 5.69 6.13 3.87 0.00 0.00 0.00 0.00 0.00 0.00 0.00 0.00 0.00 0.00 0.00 3.43 2.99 0.00 0.07 0.80 0.07 0.00 0.15 1.75 2.26 1.83 2.56 3.07 1.46 3.29 3.29 2.70 3.29 2.56 1.97 0.00 0.00 0.00 0.00 0.00 0.00 0.00 0.00 0.00 0.00 0.00
2.77 3.21 4.02 4.67 2.41 2.41 2.77 3.72 4.31 3.65 0.00 3.72 4.74 4.09 3.07 3.29 4.31 4.31 4.31 3.94 4.09 3.58 3.43 3.65 2.41 0.00 0.00 0.00 0.00 0.00 3.21 0.00 0.00 0.00 0.00 0.00 0.00 0.00 5.04 7.23 4.82 0.00 0.00 0.00 0.00 0.00 0.00 0.00 0.15 0.73 0.00 0.00 0.00 0.00 0.00 0.00 0.00 0.00 0.00 0.00 0.00 0.00 0.00 0.00 0.00 0.00 2.92 2.34 2.34 3.43 0.00 0.00 4.02 3.21 0.73 1.31 0.00 0.00 0.00 0.00 0.00 0.37 0.00 0.00
4.16 0.00 3.94 2.85 3.29 3.36 2.70 3.65 4.53 4.31 3.29 3.43 3.21 3.50 4.23 3.43 3.21 3.72 3.72 3.94 0.00 3.65 3.80 3.29 0.00 0.00 0.00 0.00 0.00 3.14 3.36 0.00 0.00 4.38 4.23 4.38 3.21 0.00 0.00 6.20 5.26 0.00 0.00 0.00 0.00 0.00 0.00 0.00 0.00 0.00 0.00 0.00 0.00 0.00 0.00 0.00 0.00 0.00 0.00 3.72 0.00 2.04 0.00 0.00 0.00 0.00 0.00 0.00 0.00 0.00 0.00 4.60 5.04 2.26 3.14 1.98 0.00 0.00 0.00 0.00 0.00 0.00 0.00 0.00
3.36 3.14 3.14 3.21 3.50 3.72 2.70 3.07 3.14 3.36 3.58 3.21 3.58 3.80 3.43 4.31 4.09 4.16 4.16 2.85 0.00 0.00 0.00 2.56 0.00 0.00 0.00 2.12 2.63 3.58 3.43 0.00 0.00 4.09 7.15 4.96 0.00 0.00 0.00 0.00 5.33 3.80 0.00 0.00 0.00 0.00 0.00 0.00 0.00 0.00 0.00 0.00 0.00 0.00 0.00 0.00 0.00 3.29 3.50 3.36 3.65 0.00 0.88 0.00 0.00 0.00 0.00 0.00 0.00 0.00 0.00 4.23 4.09 6.57 3.14 3.82 2.14 3.52 3.10 0.00 0.00 0.00 0.00 0.00
8.25 4.38 3.21 6.42 3.80 2.85 2.56 0.00 3.07 0.00 3.36 4.02 3.94 3.72 4.45 5.04 5.77 4.31 4.31 3.07 3.50 0.00 2.04 2.56 0.00 0.00 0.00 2.12 0.00 0.00 0.00 0.00 0.00 0.00 9.42 6.94 2.99 0.00 0.00 0.00 0.00 0.00 0.00 0.00 0.00 0.00 0.00 0.00 0.00 0.15 0.00 0.00 0.00 0.00 0.00 2.77 0.00 2.56 4.53 4.23 5.33 3.21 1.46 0.00 0.00 0.00 0.00 0.00 0.00 0.00 0.00 0.00 2.77 5.04 6.35 5.91 0.58 5.62 2.99 1.98 0.00 0.00 0.00 0.00
14.53 13.58 15.91 10.07 6.57 3.43 3.36 3.58 3.72 3.36 3.58 3.87 4.16 4.82 4.89 5.91 6.20 5.33 5.33 4.60 2.56 0.00 2.92 2.85 2.34 0.00 2.63 2.85 2.34 0.00 0.00 0.00 0.00 0.00 8.10 9.13 3.80 3.36 0.00 0.00 0.00 0.00 0.00 0.00 0.00 0.00 0.00 0.00 0.00 0.00 0.00 0.00 3.29 0.22 4.09 3.94 7.66 3.87 4.45 7.74 3.50 3.72 2.26 5.40 5.84 0.00 8.25 5.62 5.62 3.36 1.31 0.80 4.82 6.57 6.06 6.28 8.47 6.42 5.62 3.36 0.00 0.00 0.00 0.00
15.70 15.62 14.31 12.48 8.76 5.18 3.72 3.36 2.92 3.58 3.50 0.00 4.09 4.38 3.80 5.77 6.06 6.06 6.06 4.53 3.94 3.58 3.50 2.92 2.92 2.77 3.21 3.21 2.77 1.97 3.14 4.16 4.23 4.23 2.99 3.87 4.23 5.99 5.69 1.97 0.51 0.44 0.15 0.15 0.00 0.00 0.00 0.00 0.00 0.00 0.00 0.88 3.43 5.04 9.56 9.78 8.91 8.54 5.40 8.03 8.40 4.45 5.40 6.35 7.45 7.81 12.41 10.22 10.22 6.94 4.74 0.00 3.80 3.36 5.55 7.01 6.06 6.86 6.86 4.82 5.55 5.84 0.00 0.00
12.99 9.05 8.83 9.56 7.59 4.02 3.87 3.94 4.38 3.36 4.60 3.72 3.80 0.00 0.00 0.00 4.09 4.31 4.31 5.04 5.26 3.80 3.58 3.07 3.21 4.31 3.94 5.04 4.38 3.58 4.16 5.40 7.23 4.89 2.41 0.00 7.88 9.86 6.79 2.92 0.00 0.66 0.88 0.88 0.00 0.00 0.00 0.00 0.00 0.00 0.07 2.19 5.84 11.68 13.21 14.09 8.61 8.32 7.01 4.09 3.82 5.81 6.85 8.25 8.54 12.05 12.78 9.56 9.56 13.21 11.90 6.06 1.83 2.26 2.48 2.85 5.55 5.99 5.84 6.64 6.57 6.50 0.00 0.00
8.25 6.57 5.84 5.99 4.16 3.43 3.14 3.72 5.62 4.60 2.99 2.99 4.23 4.53 5.18 5.18 7.45 5.26 5.26 6.06 7.52 5.04 5.04 4.82 0.00 2.85 4.23 6.64 8.91 7.37 4.89 4.67 4.16 0.00 0.00 0.00 4.23 8.47 8.98 12.34 8.32 4.67 2.85 2.85 0.00 0.37 1.39 0.00 0.00 0.00 0.00 1.24 2.34 11.46 8.40 17.23 13.87 15.18 12.41 6.42 7.15 10.37 8.86 7.45 7.30 4.96 5.62 10.44 10.44 7.30 10.66 12.12 4.89 6.64 0.00 1.24 2.92 3.72 5.18 3.94 5.11 6.86 0.00 0.00
3.58 3.29 4.45 4.60 3.14 2.92 3.29 2.85 4.38 5.48 2.92 3.29 4.60 4.60 4.74 5.33 5.55 5.77 5.77 7.37 7.15 5.11 4.45 0.00 2.70 0.00 3.94 4.38 8.98 9.05 6.13 2.92 3.36 0.00 0.00 5.48 8.98 8.40 8.25 12.63 14.67 12.78 10.95 10.95 5.40 2.12 6.79 1.17 0.00 0.00 0.73 0.51 2.34 4.53 3.58 7.23 15.55 12.99 14.67 14.38 7.74 7.37 7.01 4.96 4.74 4.60 3.87 2.92 2.92 6.94 8.25 6.13 6.57 2.19 0.00 0.00 0.00 0.00 2.99 5.91 5.69 0.00 0.00 0.00
4.45 2.34 2.26 3.72 0.00 0.00 2.63 0.00 0.00 0.00 0.00 4.45 4.09 4.82 4.31 5.04 4.89 4.82 4.82 5.91 4.96 5.26 3.43 1.61 0.00 2.77 3.36 3.50 6.50 7.74 6.72 2.77 0.00 2.77 2.99 5.11 8.61 7.08 10.59 12.92 16.86 19.35 19.20 19.20 18.32 12.12 1.53 0.00 5.04 0.58 0.00 0.66 0.37 2.56 4.53 4.38 6.06 12.63 12.26 10.88 4.38 5.77 3.87 5.62 7.89 7.57 7.88 5.40 5.40 2.99 5.99 3.43 3.80 3.50 0.88 0.00 0.00 0.00 0.00 0.00 0.00 0.00 0.00 0.00
3.21 2.41 1.83 0.00 2.12 0.00 0.00 0.00 1.97 2.77 4.02 3.80 4.23 2.92 5.18 5.84 5.69 4.38 4.38 4.09 4.45 3.94 2.85 0.00 2.85 3.87 3.94 3.80 3.87 5.04 5.48 2.77 0.00 2.63 2.77 4.45 7.59 7.37 5.99 6.79 10.88 20.66 19.35 19.35 21.32 17.81 11.24 7.66 12.05 5.26 0.44 0.51 4.23 1.10 1.97 5.40 4.38 3.36 8.97 5.97 1.83 4.09 5.36 7.08 9.19 10.16 9.68 5.99 5.99 2.70 2.48 2.48 2.70 2.12 1.97 0.00 0.00 3.65 0.00 0.00 0.00 0.00 0.00 0.00
2.56 1.53 2.04 1.17 0.00 0.00 0.00 0.00 1.17 1.90 2.56 2.99 0.00 0.00 4.53 6.06 2.34 4.23 4.23 3.43 3.50 3.07 0.00 0.00 3.14 4.96 3.65 3.29 0.00 4.23 0.00 0.00 2.56 2.77 2.56 3.65 5.48 5.84 4.89 3.58 6.20 12.92 19.42 19.42 15.77 18.83 17.37 14.82 13.36 12.85 8.91 3.07 10.95 6.64 8.98 8.32 7.59 4.38 3.72 4.23 1.88 2.92 5.24 7.08 10.59 10.88 10.21 8.81 8.53 4.40 1.61 2.92 1.31 0.00 0.00 0.00 0.00 0.00 0.00 0.00 0.00 0.00 0.00 0.00
2.04 1.39 1.68 1.46 0.00 0.95 1.46 1.61 1.17 1.31 0.00 0.00 0.00 0.00 4.31 4.23 0.00 3.21 3.21 0.00 3.21 0.00 0.00 0.00 3.29 3.94 2.99 0.00 0.00 2.92 0.00 0.00 0.00 0.00 0.00 2.99 3.36 1.90 0.80 0.73 1.39 3.94 8.83 8.83 10.95 18.32 13.14 15.18 13.65 12.48 11.83 11.39 14.38 14.16 10.15 12.63 5.84 4.60 3.39 1.77 2.41 3.07 2.98 7.07 9.96 9.76 10.00 10.00 10.05 6.76 4.92 3.21 3.80 3.36 4.48 0.00 0.00 0.00 0.00 0.00 0.00 0.00 0.00 0.00
0.95 1.31 1.68 2.34 1.53 1.17 1.68 1.61 1.75 0.80 0.00 0.00 0.00 0.00 0.00 0.00 2.63 2.26 2.26 2.19 0.00 0.00 0.00 0.00 0.00 0.00 0.00 0.00 0.00 0.00 0.00 0.00 0.00 0.00 0.00 0.00 0.07 0.44 0.51 0.73 0.15 0.73 4.02 4.02 9.13 10.15 8.18 12.56 13.07 12.41 12.12 11.90 14.97 16.06 14.82 11.90 13.43 11.46 9.20 2.25 2.73 2.29 2.78 4.92 8.66 11.03 10.03 8.25 8.25 7.03 6.14 8.33 7.56 3.93 4.18 0.00 4.31 0.00 0.00 0.00 0.00 0.00 0.00 0.00
0.88 1.46 2.19 1.46 1.39 1.83 1.90 2.48 0.00 0.00 0.88 1.39 0.00 0.00 0.00 0.00 2.41 0.00 0.00 2.19 0.00 0.00 0.00 0.00 0.00 0.00 0.00 0.00 0.00 0.00 0.00 0.00 0.00 0.00 0.00 0.00 0.15 0.66 0.44 0.00 0.00 0.22 1.97 1.97 6.79 9.64 5.62 5.99 8.25 12.99 11.39 11.61 12.78 14.89 14.45 15.40 13.70 11.17 12.99 10.51 1.75 3.49 4.58 5.69 7.34 8.91 4.84 4.38 4.38 3.10 5.87 7.87 7.49 7.41 4.15 5.06 5.26 4.37 0.00 0.00 0.00 0.00 0.00 5.82
5.33 1.39 5.11 2.92 1.53 0.00 0.00 0.00 0.00 0.00 0.95 0.00 0.00 0.00 2.04 2.48 3.14 3.43 3.43 0.00 0.00 0.00 2.48 0.00 0.00 0.00 0.00 0.00 0.00 0.00 0.00 0.00 0.00 0.00 0.00 0.00 0.00 0.00 0.15 0.00 0.66 0.58 0.00 0.00 0.88 3.80 6.42 5.18 8.10 12.70 13.07 12.12 12.89 15.43 14.91 14.08 13.25 14.53 14.53 11.17 10.15 9.46 6.45 6.21 7.85 8.31 6.49 2.48 2.49 3.81 6.79 7.54 6.37 6.56 8.34 5.40 4.17 3.48 0.00 0.00 0.00 0.00 4.74 6.46
7.45 9.05 6.50 3.87 9.42 4.23 0.00 0.00 0.00 0.00 0.00 0.00 0.00 0.00 2.12 0.58 1.17 0.00 0.00 0.00 0.00 0.00 2.26 0.00 0.00 0.00 1.75 1.97 1.53 0.00 0.00 0.00 0.00 0.00 0.15 0.37 0.00 0.00 0.00 0.00 0.00 0.00 0.00 0.00 0.00 0.66 7.30 8.03 8.91 8.10 12.34 12.56 12.26 12.84 11.62 13.17 15.97 16.21 12.97 15.34 11.67 11.15 10.65 6.60 7.46 9.19 5.54 4.92 4.92 3.02 4.66 6.65 0.00 8.65 7.34 7.41 5.96 3.67 0.00 0.00 0.00 6.05 5.67 0.00
10.29 11.46 10.88 11.32 13.43 6.50 4.31 7.08 0.00 5.55 0.00 0.00 0.00 0.00 0.51 0.00 0.00 0.00 0.00 0.00 0.00 0.00 0.00 0.00 0.00 1.83 0.00 1.02 1.39 0.00 0.00 0.37 0.00 1.68 0.51 0.73 0.07 0.00 0.00 0.00 2.04 1.31 0.00 0.00 4.45 2.77 4.38 7.30 12.19 11.83 12.34 12.63 13.51 11.96 12.96 11.60 11.01 14.22 12.51 12.92 15.47 13.16 8.73 4.63 6.32 6.43 6.69 3.85 3.80 0.00 2.00 0.00 9.16 6.94 6.13 6.82 4.37 3.33 0.00 4.61 4.14 6.62 3.57 0.00
10.88 9.05 11.90 13.51 12.63 11.39 7.52 14.75 7.08 12.12 5.55 7.74 0.00 2.56 0.00 1.53 0.00 0.00 0.00 0.00 0.00 0.00 0.00 0.00 1.02 0.66 0.66 1.24 1.10 1.61 0.00 0.58 0.51 0.15 1.17 0.00 0.00 0.00 0.00 3.07 9.78 9.34 7.01 7.01 10.44 5.69 5.55 11.17 13.14 13.33 12.94 12.82 12.31 14.28 11.75 11.45 11.24 8.91 10.64 10.55 12.11 12.22 8.71 8.10 6.52 4.68 2.45 1.66 1.61 0.00 0.00 3.86 6.17 0.00 6.38 5.04 3.13 0.00 0.00 0.00 5.39 0.00 0.00 0.00
11.17 8.10 8.10 18.91 23.94 26.35 28.84 25.92 29.35 22.85 17.16 11.83 10.29 4.53 3.50 0.51 0.44 1.17 1.17 0.37 0.00 0.88 1.10 0.29 0.80 1.24 0.66 1.10 0.73 1.24 1.53 0.00 1.02 1.10 0.80 1.90 3.21 4.53 4.45 8.61 9.42 9.56 9.71 9.71 13.94 13.07 10.66 12.78 9.93 11.68 10.69 14.01 11.25 11.22 6.73 7.15 10.06 7.11 9.34 6.68 9.68 10.67 10.68 10.99 5.04 6.16 2.92 3.14 3.10 0.00 0.00 0.00 5.60 8.22 8.46 7.37 3.03 0.00 0.00 0.00 0.00 0.00 0.00 0.00
12.85 12.99 13.07 17.16 21.90 20.51 28.54 31.83 31.03 25.26 10.51 12.85 9.42 6.72 5.77 2.34 2.26 2.12 2.12 1.10 1.53 1.17 0.00 0.80 0.66 0.73 0.00 0.58 0.66 0.73 2.19 0.88 0.95 1.75 2.34 1.46 4.45 5.48 3.29 4.53 5.77 8.40 4.67 4.67 7.88 11.61 12.19 12.99 8.96 9.89 10.54 8.18 10.41 9.86 4.72 7.54 6.46 6.00 7.74 10.47 10.18 10.52 12.61 7.53 5.04 4.96 6.68 5.25 5.17 1.83 0.00 0.00 5.98 9.55 7.46 5.04 1.55 0.00 0.00 0.00 0.00 0.00 0.00 0.00
14.16 14.75 9.64 8.32 16.86 12.19 20.81 29.64 25.19 25.55 7.45 7.66 5.69 8.47 6.86 4.82 3.14 2.99 2.99 1.75 1.75 2.04 0.80 0.37 0.73 0.15 0.00 0.15 0.80 0.80 1.17 0.66 0.88 1.39 3.07 3.65 3.58 4.31 3.50 1.90 1.24 2.12 6.20 6.20 10.88 8.47 10.88 10.84 11.03 6.02 7.68 7.35 8.47 10.37 10.74 4.90 6.46 4.68 7.62 7.90 8.56 11.84 11.17 7.88 6.94 6.93 6.63 2.35 2.61 2.57 0.00 3.52 4.99 5.02 7.04 4.94 2.85 0.00 0.00 0.00 0.00 0.00 0.00 2.02
8.25 9.64 11.32 6.06 7.15 9.49 12.78 23.48 17.96 18.25 7.88 3.43 0.00 6.79 5.11 5.48 3.94 2.92 2.92 2.63 1.75 2.26 1.10 0.51 0.80 0.15 0.00 0.22 0.66 0.73 0.44 0.00 1.17 0.29 2.77 3.14 2.77 0.58 0.00 0.07 0.00 0.15 2.77 2.77 5.84 5.18 8.98 7.41 6.20 6.67 6.00 7.53 7.69 8.47 5.45 4.84 4.56 5.96 5.81 7.79 7.30 11.62 9.61 10.00 7.52 7.03 5.21 2.51 2.42 1.33 0.00 0.00 0.00 3.84 4.66 2.85 2.00 0.00 0.00 0.00 0.00 0.00 1.91 2.86
0.00 0.00 6.64 0.00 6.79 12.19 12.34 15.40 13.36 8.54 3.94 5.04 4.82 2.63 2.77 2.34 2.34 1.75 1.75 2.99 2.04 1.39 0.88 0.00 0.37 0.00 0.00 0.00 0.15 0.00 0.66 0.00 0.00 0.00 0.44 2.34 0.73 0.29 0.00 0.00 0.00 0.00 1.83 1.83 3.58 4.16 5.33 8.18 7.37 7.88 6.52 6.34 7.96 5.07 4.62 6.38 0.00 0.00 10.64 5.02 8.32 9.66 6.99 9.06 8.22 5.49 4.59 4.45 4.48 1.54 1.62 0.00 1.42 1.57 1.60 1.62 1.86 0.00 0.00 0.00 2.46 4.00 3.51 3.41
0.00 0.00 0.00 0.00 6.20 13.21 13.87 15.18 14.38 12.05 7.52 7.08 4.53 0.00 0.95 1.61 1.68 1.02 1.02 1.31 0.44 0.00 1.10 0.00 0.00 0.00 0.00 0.00 0.00 0.00 0.00 0.00 0.00 0.00 0.00 0.00 0.44 0.00 0.00 0.00 0.00 0.00 0.15 0.15 1.47 3.72 7.19 6.20 6.08 7.83 8.52 7.52 8.93 6.96 4.44 0.00 0.00 0.00 0.00 3.91 9.17 9.03 9.28 7.98 6.29 8.74 6.46 3.38 3.95 2.86 2.92 0.00 1.26 0.00 0.00 0.00 1.14 0.00 0.00 0.00 0.00 4.69 5.27 2.14
0.00 0.00 0.00 0.00 0.00 7.59 12.63 10.59 13.65 11.53 10.29 8.47 6.06 2.99 0.00 3.50 6.50 0.00 0.00 0.00 0.44 0.37 0.00 0.00 0.00 0.00 0.00 0.00 0.00 0.00 0.00 0.00 0.00 0.00 0.00 0.00 0.00 0.00 0.00 0.00 0.00 0.00 0.00 0.00 0.00 1.31 1.17 2.13 5.20 5.57 7.42 8.05 4.02 0.00 0.00 0.00 0.00 0.00 0.00 0.00 0.00 8.66 7.99 7.72 9.79 8.79 9.22 6.40 7.16 3.01 5.91 1.60 0.00 0.00 0.00 2.62 1.74 0.51 0.00 0.00 3.82 0.00 5.90 4.18
0.00 0.00 0.00 0.00 0.00 0.00 7.01 7.96 13.72 9.34 11.24 8.10 8.76 8.61 5.04 8.37 11.13 0.00 0.00 0.00 1.24 1.83 0.00 0.00 0.00 0.00 0.00 0.00 0.00 0.00 0.00 0.00 0.00 0.00 0.00 0.00 0.00 0.00 0.00 0.00 0.00 0.00 0.00 0.00 0.00 0.00 0.00 2.70 3.75 7.54 7.62 8.13 0.00 0.00 0.00 0.00 0.00 0.00 0.00 0.00 0.00 0.00 6.82 10.46 8.64 11.68 11.10 7.57 7.73 6.84 4.26 1.53 1.93 0.00 1.29 1.26 1.57 2.46 0.28 0.00 0.00 4.83 0.00 3.57
0.00 0.00 0.00 0.00 0.00 0.00 0.00 0.00 9.64 5.99 8.25 6.06 11.61 8.69 10.22 12.40 11.83 7.34 6.85 4.16 3.80 3.65 0.22 0.00 0.00 0.00 0.00 0.00 0.00 0.00 0.00 0.00 0.00 0.00 0.00 0.00 0.00 0.00 0.00 1.10 0.00 0.00 0.00 0.00 0.00 0.00 0.00 0.00 1.88 9.03 10.00 0.00 0.00 0.00 0.00 0.00 0.00 0.00 0.00 0.00 0.00 0.00 0.00 5.56 11.87 14.17 9.66 7.26 8.87 6.08 5.04 4.44 3.15 2.92 2.84 4.22 3.59 0.75 0.00 0.00 0.00 0.00 0.00 0.00
0.00 0.00 0.00 0.00 0.00 0.00 0.00 0.00 0.00 0.00 0.00 0.00 0.00 4.67 0.00 0.00 6.06 8.26 8.39 7.52 8.40 9.42 4.31 3.07 4.60 4.45 6.06 3.87 2.92 0.00 0.00 0.80 1.10 2.41 1.39 3.87 4.82 2.56 4.74 4.70 4.52 5.53 4.53 4.53 1.53 0.58 0.00 2.42 0.00 0.00 0.00 0.00 0.00 0.00 0.00 0.00 0.00 0.00 0.00 0.00 0.00 0.00 0.00 0.00 0.00 5.53 6.00 0.00 0.00 0.00 0.00 0.00 0.00 0.00 0.00 0.00 0.00 0.00 0.00 0.00 0.00 0.00 0.00 0.00
0.00 0.00 0.00 0.00 0.00 0.00 0.00 0.00 0.00 0.00 0.00 0.00 0.00 0.00 0.00 0.00 0.00 6.94 6.94 6.28 0.00 10.21 7.66 6.42 7.01 6.91 8.46 7.59 6.86 6.42 6.28 6.79 4.60 3.43 5.91 7.37 7.30 6.79 6.35 4.31 4.36 5.98 6.28 7.01 5.84 2.77 0.88 2.77 0.00 0.00 0.00 0.00 0.00 0.00 0.00 0.00 0.00 0.00 0.00 0.00 0.00 0.00 0.00 0.00 0.00 0.00 0.00 0.00 0.00 0.00 0.00 0.00 0.00 0.00 0.00 0.00 0.00 0.00 0.00 0.00 0.00 0.00 0.00 0.00
0.00 0.00 0.00 0.00 0.00 0.00 0.00 0.00 0.00 0.00 0.00 0.00 0.00 0.00 0.00 0.00 0.00 0.00 0.00 0.00 0.00 8.10 8.25 7.08 5.91 0.00 6.33 7.52 7.96 5.99 4.96 6.72 6.30 4.82 0.00 4.84 5.48 6.42 0.00 6.28 0.00 0.00 5.60 7.11 0.00 6.99 2.87 0.00 0.00 0.00 0.00 0.00 0.00 0.00 0.00 0.00 0.00 0.00 0.00 0.00 0.00 0.00 0.00 0.00 0.00 0.00 0.00 0.00 0.00 0.00 0.00 0.00 0.00 0.00 0.00 0.00 0.00 0.00 0.00 0.00 0.00 0.00 0.00 0.00
0.00 0.00 0.00 0.00 0.00 0.00 0.00 0.00 0.00 0.00 0.00 0.00 0.00 0.00 0.00 0.00 0.00 0.00 0.00 0.00 0.00 0.00 0.00 4.53 0.00 0.00 0.00 0.00 0.00 3.94 6.57 0.00 0.00 0.00 0.00 0.00 0.00 0.00 0.00 0.00 0.00 0.00 0.00 0.00 0.00 0.00 0.00 0.00 0.00 0.00 0.00 0.00 0.00 0.00 0.00 0.00 0.00 0.00 0.00 0.00 0.00 0.00 0.00 0.00 0.00 0.00 0.00 0.00 0.00 0.00 0.00 0.00 0.00 0.00 0.00 0.00 0.00 0.00 0.00 0.00 0.00 0.00 0.00 0.00
