Wansh/Snow_depth/snowdepth-1998/spring/1998107.txt
ncols 321
nrows 161
xllcenter 60
yllcenter 15 
cellsize  0.25 
NODATA_value -1
[rows 74 to 110 of 161, columns 84 to 167 of 321]
0.00 0.00 0.00 0.00 0.00 0.00 0.00 0.00 1.02 0.00 1.97 0.73 4.67 2.63 5.69 3.36 4.16 4.82 4.82 4.45 3.58 0.00 0.00 3.72 0.00 0.00 2.56 3.14 0.00 0.00 0.00 3.50 2.85 0.00 2.77 2.70 3.94 4.82 3.94 1.46 3.14 1.90 0.22 0.22 0.00 0.07 0.73 0.44 0.22 0.00 0.00 0.00 0.00 0.00 0.00 1.75 0.95 0.00 1.17 0.00 0.00 0.00 0.00 0.00 0.00 0.00 0.00 0.00 0.00 0.00 1.25 1.68 0.00 0.00 0.00 0.00 0.00 0.00 0.00 0.00 0.00 0.00 0.00 0.00
0.00 0.00 0.00 2.26 3.14 1.46 2.04 4.31 5.26 3.43 2.77 3.87 4.31 5.40 5.26 4.89 4.67 4.31 4.31 4.16 4.53 4.09 4.02 4.16 5.18 3.94 0.00 0.00 3.36 0.00 3.43 2.63 2.85 3.07 3.43 3.58 3.87 4.53 4.53 4.16 2.92 2.04 1.39 1.39 1.31 0.73 1.02 0.80 1.68 0.29 0.73 0.66 0.51 1.46 0.95 1.53 1.02 1.61 1.02 0.00 1.24 0.00 0.37 0.00 0.00 0.00 0.00 0.00 0.00 0.07 2.92 2.92 1.24 0.00 0.00 0.00 0.00 0.00 0.00 0.00 0.00 0.00 0.00 0.00
0.37 0.00 4.02 2.41 4.38 4.38 4.23 3.43 5.18 5.77 4.89 5.69 4.96 5.55 4.82 4.89 4.67 4.67 4.67 4.23 4.67 0.00 0.00 0.00 3.80 0.00 0.00 0.00 0.00 0.00 0.00 0.00 0.00 3.58 4.09 3.21 0.00 3.36 3.87 4.67 3.36 2.48 2.41 2.41 0.51 0.73 1.24 0.00 2.77 0.00 0.00 0.80 0.66 0.80 1.53 1.10 1.53 0.58 0.29 0.00 1.46 0.88 1.17 0.80 0.73 1.25 0.00 0.00 0.00 1.53 3.80 4.02 2.92 0.37 0.00 0.00 0.00 0.00 0.00 0.00 0.00 0.00 0.00 0.00
0.00 2.56 1.02 2.77 2.04 3.65 4.45 4.96 5.11 4.89 5.69 6.35 5.69 5.77 4.74 3.72 5.18 4.82 4.82 4.67 4.60 4.38 3.58 4.09 0.00 0.00 0.00 0.00 0.00 0.00 0.00 0.00 0.00 0.00 2.92 0.00 0.00 0.00 0.00 3.58 3.72 2.99 4.02 4.02 2.19 1.10 1.46 0.00 3.29 4.02 0.00 0.00 2.48 1.68 0.95 0.51 0.80 0.80 1.02 1.46 1.02 1.61 0.66 1.17 1.10 1.97 2.04 1.90 1.90 2.26 2.48 2.04 1.68 0.00 0.00 0.00 0.00 0.00 0.00 0.00 0.00 0.00 0.00 0.00
4.23 0.00 3.36 1.90 3.07 3.94 3.87 3.58 4.23 5.04 4.74 5.40 5.77 5.18 4.89 4.23 6.06 5.69 5.69 4.31 4.82 3.87 4.67 4.45 3.80 3.65 3.50 0.00 0.00 0.00 0.00 0.00 0.00 0.00 3.36 0.00 0.00 0.00 4.16 4.60 4.74 4.02 0.00 0.00 0.00 0.95 0.00 2.34 0.00 0.00 0.00 0.00 0.00 1.83 2.19 1.24 1.83 0.58 0.22 0.00 1.75 1.97 2.92 1.61 2.99 2.70 1.61 2.56 2.56 2.70 1.90 1.97 0.07 0.00 0.00 0.00 0.00 0.00 0.00 0.00 0.00 0.00 0.00 0.00
1.39 4.16 3.50 4.96 3.07 3.21 2.92 0.00 3.80 4.02 4.89 4.45 5.33 4.53 4.96 4.31 5.18 5.48 5.48 4.67 4.67 4.45 3.87 3.80 4.16 3.80 0.00 0.00 0.00 0.00 0.00 0.00 0.00 0.00 2.12 2.70 0.00 0.00 3.58 7.01 4.53 3.07 0.00 0.00 0.00 0.00 1.83 0.00 0.00 0.00 0.00 0.00 0.00 0.00 0.00 0.00 0.95 0.95 0.00 0.00 0.00 1.31 1.68 1.61 0.00 1.83 2.85 2.19 2.19 2.85 3.21 1.83 3.14 2.04 0.00 0.00 0.00 0.00 0.00 0.00 0.00 0.00 0.00 0.00
4.60 0.00 0.00 0.00 3.50 3.21 0.00 3.80 0.00 4.16 4.09 3.36 3.94 0.00 3.94 3.80 3.21 4.74 4.74 4.53 3.58 4.23 3.14 3.21 0.00 3.29 0.00 3.72 2.85 3.07 3.36 0.00 0.00 3.21 3.43 3.43 0.00 0.00 0.00 4.53 5.99 3.87 0.00 0.00 0.00 0.00 0.00 0.00 0.00 0.00 0.00 0.00 0.00 0.00 0.00 0.00 0.00 0.00 0.00 3.50 0.00 1.10 3.07 0.00 0.00 0.00 1.83 0.00 0.00 1.83 2.19 3.07 4.74 2.41 3.36 0.00 0.00 0.00 0.00 0.00 0.00 0.00 0.00 0.00
0.00 0.00 0.00 0.00 3.80 4.02 0.00 0.00 3.21 0.00 4.31 4.02 3.29 0.00 3.43 2.92 2.92 3.21 3.21 3.50 3.14 0.00 0.00 2.34 2.26 0.00 3.43 2.70 2.70 0.00 3.14 2.34 0.00 4.16 5.84 3.94 0.00 0.00 0.00 0.00 4.38 2.04 2.34 2.34 0.00 0.00 0.00 0.00 0.00 0.00 0.00 0.00 0.00 0.00 0.00 0.00 0.00 2.34 3.43 3.65 3.65 3.80 2.19 2.04 0.00 0.00 0.00 0.00 0.00 0.37 2.56 7.81 6.06 9.20 2.12 2.93 0.00 0.00 0.38 1.20 0.00 0.00 0.00 0.00
7.45 4.09 4.89 7.01 5.26 4.16 0.00 4.02 3.94 0.00 4.09 0.00 0.00 0.00 3.43 4.60 5.11 3.43 3.43 3.14 3.21 2.70 0.00 0.00 0.00 0.00 0.00 1.97 0.00 0.00 0.00 0.00 0.00 0.00 7.52 5.33 0.00 0.00 0.00 0.00 0.00 1.46 0.00 0.00 0.00 0.00 0.00 0.00 0.00 0.00 0.00 0.00 0.00 1.31 1.75 2.99 0.00 3.80 3.72 4.82 5.77 2.63 3.58 2.41 2.04 3.50 0.00 0.29 0.29 0.66 3.43 5.84 10.07 7.15 8.83 2.41 3.43 3.58 1.39 0.00 0.00 0.00 0.00 0.00
12.70 10.22 6.35 12.19 4.89 0.00 0.00 0.00 0.00 0.00 4.23 0.00 0.00 0.00 0.00 5.26 5.11 4.60 4.60 3.58 2.63 1.97 0.00 0.00 0.00 0.00 0.00 0.00 2.41 0.00 2.63 3.94 0.00 0.00 8.10 9.71 4.31 3.07 5.62 1.02 0.00 0.00 0.00 0.00 0.00 0.00 0.00 0.00 0.00 0.00 0.00 0.00 2.63 1.39 1.68 2.63 3.21 6.86 4.67 5.26 5.62 4.74 5.04 4.23 3.50 9.13 4.96 2.63 2.63 1.39 0.00 4.74 4.89 7.74 7.66 8.98 5.77 4.38 3.94 1.75 4.38 0.00 0.00 0.00
14.09 15.91 12.99 11.75 7.37 4.38 0.00 0.00 0.00 3.36 4.02 3.80 5.18 4.60 0.00 4.45 4.23 4.89 4.89 4.74 2.41 2.26 3.36 2.19 2.92 0.00 0.00 0.00 3.50 2.70 3.43 5.99 4.31 3.87 3.87 4.23 9.05 9.49 2.34 0.00 0.22 0.00 0.07 0.07 0.00 0.00 0.00 0.00 0.00 0.00 0.73 1.68 1.83 3.21 6.28 7.59 6.06 4.60 5.91 4.38 5.26 5.62 5.62 5.26 6.50 9.49 9.05 3.21 3.21 4.82 2.19 0.51 3.43 4.53 7.23 4.53 6.64 7.66 5.18 4.74 5.33 4.16 2.19 3.07
12.41 8.10 12.41 10.07 7.96 3.21 0.00 0.00 0.00 4.31 3.65 4.09 0.00 0.00 2.41 3.36 3.14 4.67 4.67 4.23 2.77 3.14 0.00 0.00 0.00 3.50 4.02 4.60 4.82 4.31 4.45 5.84 7.30 4.31 0.00 0.00 6.64 10.07 5.91 0.00 0.29 0.00 0.00 0.00 0.00 0.00 0.00 0.00 0.00 0.00 0.44 1.17 6.42 9.93 9.34 8.47 8.10 8.47 5.26 3.14 6.02 7.82 6.40 7.52 8.40 10.80 8.76 8.10 8.10 6.50 6.42 3.29 1.39 2.48 3.14 1.97 5.26 6.57 7.52 5.26 4.89 5.04 0.00 0.00
6.50 4.60 5.69 5.91 3.87 3.36 2.26 3.43 4.23 5.11 3.80 3.07 0.00 3.80 3.14 4.16 3.87 4.74 4.74 5.33 3.07 4.09 3.80 4.82 0.00 0.00 4.89 6.79 8.98 8.10 5.26 5.48 4.45 0.00 0.00 3.50 2.92 6.13 8.25 8.61 5.40 1.24 7.23 7.23 2.77 0.88 0.95 0.66 0.07 1.39 1.17 1.39 2.92 11.53 11.17 12.26 11.97 12.99 6.79 7.15 9.20 7.52 8.79 8.98 7.30 5.99 3.43 4.31 4.31 11.68 7.08 6.13 4.09 4.45 0.66 3.87 4.45 5.77 5.33 6.72 6.28 6.42 3.72 0.00
3.72 4.16 3.80 5.18 3.94 3.87 2.56 3.87 0.00 3.14 3.65 2.41 2.92 3.50 4.16 3.14 4.89 5.04 5.04 6.42 5.04 5.04 4.67 0.00 0.00 2.56 3.72 6.35 7.74 9.34 5.99 3.72 3.65 3.07 0.00 3.87 6.42 7.88 11.97 10.73 12.99 14.09 4.89 4.89 2.34 8.32 2.04 0.15 0.58 0.00 0.88 1.90 2.99 3.14 4.09 11.02 10.15 13.21 11.68 8.40 8.03 6.35 6.42 5.91 3.71 4.09 4.23 4.31 4.31 3.94 5.69 8.03 7.96 3.72 3.29 3.58 5.18 5.33 4.67 5.04 6.13 6.72 5.48 0.00
3.80 1.90 2.85 3.07 3.36 0.00 0.00 0.00 3.14 0.00 2.41 0.00 2.92 0.00 4.82 2.56 4.38 4.60 4.60 5.04 7.15 4.89 4.60 0.00 0.00 3.29 4.38 4.31 5.62 7.37 6.94 3.94 0.00 3.58 3.50 4.31 7.74 8.18 10.37 12.78 10.07 17.81 17.81 17.81 11.97 15.11 5.04 0.00 1.31 0.66 0.07 0.95 0.66 2.19 4.53 9.20 8.61 11.24 10.00 11.53 4.74 4.45 5.48 5.33 4.35 4.33 6.64 5.40 5.40 4.53 3.65 8.32 9.42 3.21 2.85 3.07 5.26 5.26 5.04 5.40 5.84 5.33 4.89 0.00
3.87 1.90 2.19 2.41 0.00 0.00 0.00 0.00 1.83 2.26 2.26 0.00 1.90 2.56 3.29 4.60 3.65 4.02 4.02 4.16 6.42 4.53 4.09 0.00 3.43 0.00 3.87 4.02 5.33 5.11 0.00 0.00 0.00 3.29 4.16 4.23 7.37 8.47 7.15 9.56 4.82 12.41 21.02 21.02 19.35 16.86 16.06 11.61 3.36 8.32 2.63 1.90 2.34 0.00 5.33 7.52 7.23 9.49 5.19 7.82 3.29 5.40 7.30 7.81 9.26 6.47 5.15 5.91 5.91 3.80 4.38 4.38 4.09 3.58 4.09 3.07 4.45 5.55 5.40 4.59 4.54 3.09 0.00 0.00
1.97 1.75 2.04 1.97 1.75 0.00 0.00 0.00 1.24 0.00 1.24 0.00 0.00 1.83 3.65 3.87 3.80 4.16 4.16 3.07 3.72 3.80 3.80 2.99 3.36 3.72 4.23 3.29 4.16 4.53 3.14 3.14 2.70 2.77 3.14 5.11 4.53 5.77 0.00 0.00 5.48 17.45 13.07 13.07 18.40 19.13 13.21 17.08 15.04 11.24 9.78 3.80 8.47 3.50 3.65 8.03 7.74 4.74 4.67 1.10 2.48 5.18 5.24 8.32 9.13 8.03 7.18 3.17 3.07 3.01 3.94 3.94 4.74 4.74 4.31 4.74 4.96 4.31 3.52 4.13 0.00 3.23 0.00 0.00
2.19 1.68 2.04 1.90 1.10 1.02 1.17 0.80 0.88 1.10 0.37 0.00 0.00 1.17 2.77 1.61 2.56 1.83 1.83 2.12 2.85 2.41 2.26 2.77 4.02 5.48 4.74 3.58 2.63 2.56 0.00 0.00 0.00 0.00 0.00 0.00 4.45 3.65 0.00 0.00 3.58 8.69 4.02 4.02 10.22 13.87 16.79 15.99 12.63 11.53 10.51 8.54 9.56 11.97 13.87 7.74 6.42 7.66 1.25 1.55 2.41 4.09 5.21 7.83 6.77 8.64 7.37 6.06 6.09 5.36 3.52 4.60 5.33 5.18 4.62 3.65 3.94 4.09 3.82 4.87 3.71 3.07 2.11 4.67
2.12 0.88 1.10 1.17 1.39 2.34 2.77 1.39 2.04 0.51 0.66 0.07 0.00 0.73 0.00 0.29 1.68 2.34 2.34 0.95 1.90 1.39 1.02 2.34 2.56 1.75 2.56 3.29 1.02 0.00 0.73 0.00 0.00 0.00 0.00 0.00 0.00 0.00 0.00 0.00 0.00 1.90 0.00 0.00 4.67 9.64 7.52 12.78 10.59 11.46 11.90 9.71 11.61 14.31 12.92 14.67 7.74 4.31 8.25 1.95 1.84 1.91 3.48 5.93 7.22 7.62 6.74 5.04 5.04 3.52 4.12 7.34 5.94 6.08 3.30 2.88 4.89 4.30 4.52 4.77 5.21 4.36 5.02 4.84
3.50 2.34 1.02 0.88 1.97 2.34 0.00 1.83 0.00 1.46 0.66 0.00 0.00 0.00 0.29 0.00 0.58 0.37 0.37 1.10 0.66 1.75 1.24 0.15 0.95 1.39 1.83 0.00 0.00 0.00 0.00 0.00 0.00 0.00 0.00 0.00 0.00 0.00 0.00 0.00 0.00 0.00 0.07 0.07 7.81 5.40 6.20 7.15 5.77 13.07 10.73 11.39 15.40 14.60 13.43 13.58 15.72 11.90 10.07 9.71 2.56 2.22 3.89 4.23 7.59 6.74 6.53 3.72 3.72 2.88 4.67 5.07 7.04 7.19 5.41 5.21 5.91 5.71 5.18 4.52 4.36 5.01 7.73 6.97
1.90 5.69 2.41 1.68 3.50 1.75 0.00 0.00 0.00 2.19 0.29 0.00 0.00 0.00 0.37 0.00 0.88 0.95 0.95 0.00 1.10 1.10 1.83 0.00 0.00 1.83 1.31 0.00 0.00 0.00 0.00 0.00 0.00 0.00 0.00 1.39 0.22 0.37 0.00 0.00 0.00 0.00 0.00 0.00 4.16 0.15 5.04 6.50 8.83 11.32 12.92 11.46 11.47 12.19 13.53 15.12 15.88 15.33 16.50 14.24 8.83 5.94 3.07 4.52 5.34 6.94 5.48 2.85 2.86 2.72 6.14 5.68 8.15 7.46 8.34 4.96 6.26 4.77 3.28 3.90 4.61 6.12 5.52 5.74
7.59 7.96 4.45 3.21 6.57 3.87 3.94 0.00 2.41 1.83 1.53 0.00 0.00 0.00 0.88 0.00 0.07 0.00 0.00 0.00 1.10 1.46 0.00 0.00 0.00 0.95 2.48 1.97 0.00 0.00 0.73 0.00 0.00 0.00 0.66 1.02 1.46 0.73 0.00 0.00 0.00 0.00 0.00 0.00 0.00 2.56 6.42 8.03 6.06 10.59 13.07 12.63 11.90 12.15 15.49 14.07 15.57 16.05 17.94 10.10 9.54 8.14 6.71 3.34 4.76 5.79 3.52 2.42 2.42 3.10 3.96 3.24 4.81 8.89 7.48 8.36 4.10 3.91 3.14 3.65 5.64 8.55 6.29 5.27
7.30 10.07 8.40 7.74 12.63 6.50 3.80 4.23 1.83 3.14 4.38 0.00 0.00 0.00 0.00 0.00 0.00 0.00 0.00 0.00 0.00 0.51 0.00 0.00 1.10 1.31 1.83 2.26 1.90 1.75 0.00 0.22 2.19 2.56 1.90 0.58 0.80 0.51 0.00 0.00 6.35 1.53 2.56 2.56 2.41 0.00 6.13 9.93 13.94 15.11 13.80 11.39 9.64 13.13 11.92 11.76 13.33 12.92 11.79 11.23 10.26 9.58 7.15 4.71 2.30 4.04 1.67 2.74 2.70 2.59 2.87 3.15 4.90 5.81 8.40 6.16 5.78 3.49 3.33 3.98 5.49 9.63 4.23 4.80
10.51 8.61 8.98 12.19 12.99 14.67 7.96 14.53 6.50 9.93 3.07 2.77 0.00 0.00 0.22 0.00 0.22 0.00 0.00 0.00 0.00 0.37 0.44 0.51 0.66 0.80 1.90 2.26 1.75 0.00 0.15 0.00 0.51 0.00 0.88 0.95 0.00 0.00 0.00 6.72 11.39 6.86 1.75 1.75 7.52 6.35 8.76 12.12 14.67 15.50 14.07 12.82 13.53 14.36 12.65 12.11 11.17 7.66 7.07 9.94 7.92 9.30 5.73 4.96 3.04 1.43 1.41 1.66 1.61 0.00 3.29 3.44 3.92 5.55 6.53 4.96 3.36 4.19 3.72 3.43 5.91 7.22 4.42 3.01
10.44 8.10 14.60 16.50 18.61 25.26 24.60 27.74 23.14 23.29 15.55 11.17 6.20 2.99 3.50 0.51 1.39 0.73 0.73 0.51 0.00 0.07 0.00 0.00 0.00 0.07 0.44 0.58 0.07 0.80 1.39 0.88 0.37 0.80 1.61 0.80 0.58 1.75 3.72 5.55 6.28 9.71 10.29 10.29 12.56 12.99 11.46 14.16 13.43 15.18 13.40 13.43 14.51 13.67 11.95 11.06 7.56 7.86 9.19 7.56 7.12 7.26 6.91 9.03 7.37 2.35 3.46 3.59 3.54 3.21 5.40 4.39 7.13 8.30 7.26 5.33 4.99 0.00 0.00 0.00 0.00 5.20 4.02 4.36
14.67 12.19 16.06 17.52 20.59 23.65 28.11 27.23 28.62 23.21 16.50 8.32 9.93 7.37 5.26 1.24 1.17 0.88 0.88 0.73 0.00 0.00 0.00 0.00 0.00 0.00 0.15 0.00 0.00 0.00 0.66 0.00 0.00 0.15 1.75 2.34 1.83 4.38 2.99 6.20 7.52 2.85 8.54 8.54 10.88 12.92 13.14 14.75 12.87 12.62 14.37 12.61 10.48 9.78 13.00 7.06 6.72 7.02 3.59 7.38 7.67 7.64 9.55 5.34 5.91 6.50 5.14 1.78 1.75 0.00 3.94 4.71 5.28 8.02 6.91 6.72 4.20 0.00 0.00 0.00 0.00 3.13 4.10 3.42
12.70 15.48 16.21 16.72 21.17 16.50 24.67 28.03 28.69 18.32 11.75 3.94 8.40 7.59 6.57 2.85 2.04 2.19 2.19 1.68 0.29 0.00 0.00 0.00 0.00 0.00 0.00 0.00 0.00 0.22 0.00 0.00 0.00 1.31 2.41 2.92 4.67 4.60 0.00 0.00 0.00 0.00 3.94 3.94 6.79 12.85 11.10 12.68 14.03 10.83 9.96 11.62 9.01 7.50 0.00 0.00 2.28 2.71 3.58 5.67 7.06 9.46 8.10 5.04 4.02 5.51 5.36 2.49 2.77 2.97 0.00 3.69 3.74 5.26 6.51 5.60 3.87 4.09 0.00 0.00 0.00 5.35 4.79 4.34
8.10 7.74 14.67 11.39 11.10 20.88 18.18 22.45 13.29 6.57 0.00 5.84 6.64 4.96 4.60 3.36 3.43 2.99 2.99 1.24 1.31 1.39 0.73 0.00 0.00 0.00 0.00 0.00 0.00 0.29 0.00 0.00 0.00 0.00 1.83 2.19 2.85 1.17 0.29 0.00 0.00 0.00 0.29 0.29 2.56 9.64 7.01 10.34 10.59 11.58 8.44 10.56 9.47 7.49 0.00 0.00 0.00 0.00 0.00 3.44 6.87 8.47 9.76 8.83 5.40 5.33 3.85 3.30 3.18 1.41 0.00 0.00 3.65 4.69 4.66 4.19 2.52 3.75 0.00 0.00 4.28 6.55 8.56 0.70
0.00 0.00 0.00 0.00 11.39 13.51 15.11 16.06 13.51 6.35 3.87 0.00 0.00 0.00 3.50 2.19 2.41 1.17 1.17 1.97 2.26 1.46 1.17 0.15 0.00 0.00 0.00 0.00 0.00 0.00 0.00 0.00 0.00 0.00 0.00 1.46 1.75 0.95 0.00 0.00 0.00 0.00 0.73 0.73 1.31 3.80 8.47 9.71 10.95 12.41 10.75 9.40 7.50 0.00 0.00 0.00 0.00 0.00 0.00 7.12 8.02 7.26 9.24 10.38 7.19 5.95 5.74 2.89 2.90 2.48 2.13 0.00 0.00 1.40 2.55 2.94 0.00 0.00 0.00 0.00 4.18 6.51 8.11 4.06
0.00 0.00 0.00 0.00 0.00 14.24 14.02 15.91 13.80 10.37 8.76 3.94 3.87 0.00 0.00 0.51 1.39 0.00 0.00 1.17 1.17 0.29 0.00 0.00 0.00 0.00 0.00 0.00 0.00 0.00 0.00 0.00 0.00 0.00 0.00 0.00 0.00 0.00 0.00 0.00 0.00 0.00 0.00 0.00 0.00 2.12 3.59 6.86 10.01 11.21 12.79 8.83 0.00 0.00 0.00 0.00 0.00 0.00 0.00 0.00 6.59 3.83 7.74 7.75 8.01 8.40 7.42 5.65 6.61 3.41 3.56 0.11 0.00 0.00 0.00 0.00 0.00 0.00 0.00 0.00 5.48 5.53 7.14 3.44
0.00 0.00 0.00 0.00 0.00 9.64 10.22 15.33 13.07 13.14 10.73 6.94 5.40 4.23 0.00 2.77 5.18 0.00 0.00 0.00 0.00 0.22 0.00 0.00 0.00 0.00 0.00 0.00 0.00 0.00 0.00 0.00 0.00 0.00 0.00 0.00 0.00 0.00 0.00 0.00 0.00 0.00 0.00 0.00 0.88 0.00 1.98 6.39 6.63 8.07 9.25 7.79 0.00 0.00 0.00 0.00 0.00 0.00 0.00 0.00 0.00 6.38 3.95 7.25 10.05 9.79 8.58 6.81 7.62 3.86 3.23 0.28 1.41 0.00 0.00 0.00 2.49 1.39 0.00 0.00 3.07 9.21 6.67 5.58
0.00 0.00 0.00 0.00 0.00 0.00 10.22 11.17 11.39 10.15 10.07 8.40 8.47 8.47 3.58 7.11 11.13 6.94 6.94 0.00 0.00 0.00 0.00 0.00 0.00 0.00 0.00 0.00 0.00 0.00 0.00 0.00 0.00 0.00 0.00 0.00 0.00 0.00 0.00 0.00 0.00 0.00 0.00 0.00 0.00 0.00 1.24 2.25 5.20 8.19 6.98 0.00 0.00 0.00 0.00 0.00 0.00 0.00 0.00 0.00 0.00 0.00 4.37 10.16 12.24 10.27 11.31 7.87 8.04 6.38 4.26 2.38 0.00 0.00 0.00 3.60 2.75 0.00 0.00 0.00 3.83 7.60 0.00 0.00
0.00 0.00 0.00 0.00 0.00 0.00 0.00 9.27 10.88 7.23 7.81 9.78 9.49 9.34 12.56 12.47 9.93 11.37 10.61 0.00 0.00 0.66 0.80 0.00 0.00 0.00 0.00 0.00 0.00 0.00 0.00 0.00 0.00 0.00 0.00 0.00 0.00 0.00 0.00 0.00 0.00 0.66 0.00 0.00 0.00 0.29 0.00 2.39 2.31 8.84 0.00 0.00 0.00 0.00 0.00 0.00 0.00 0.00 0.00 0.00 0.00 0.00 0.00 5.30 4.63 12.04 7.65 9.92 12.12 9.02 6.72 4.35 2.88 0.00 0.00 5.51 4.47 2.53 0.00 0.00 0.00 0.00 0.00 0.00
0.00 0.00 0.00 0.00 0.00 0.00 0.00 0.00 0.00 0.00 0.00 0.00 0.00 7.45 6.86 0.00 0.00 10.09 10.25 9.42 10.51 8.76 6.86 4.09 5.84 7.88 7.52 3.50 1.10 2.92 2.63 1.61 0.00 0.00 1.46 6.20 4.16 2.26 1.17 4.48 5.27 3.24 1.75 1.75 4.38 0.00 0.00 2.20 0.00 0.00 0.00 0.00 0.00 0.00 0.00 0.00 0.00 0.00 0.00 0.00 0.00 0.00 0.00 0.00 0.00 5.26 10.01 0.00 0.00 0.00 0.00 0.00 0.00 0.00 0.00 4.36 3.83 0.00 0.00 0.00 0.00 0.00 0.00 0.00
0.00 0.00 0.00 0.00 0.00 0.00 0.00 0.00 0.00 0.00 0.00 0.00 0.00 0.00 0.00 0.00 0.00 6.94 6.94 8.03 9.76 10.29 8.91 7.66 8.25 9.55 9.81 8.25 5.18 5.84 7.45 5.62 2.70 1.39 1.53 4.45 9.49 8.03 6.13 5.62 0.00 6.40 7.30 8.16 8.76 6.28 2.56 1.72 0.00 0.00 0.00 0.00 0.00 0.00 0.00 0.00 0.00 0.00 0.00 0.00 0.00 0.00 0.00 0.00 0.00 0.00 0.00 0.00 0.00 0.00 0.00 0.00 0.00 0.00 0.00 0.00 0.00 0.00 0.00 0.00 0.00 0.00 0.00 0.00
0.00 0.00 0.00 0.00 0.00 0.00 0.00 0.00 0.00 0.00 0.00 0.00 0.00 0.00 0.00 0.00 0.00 0.00 0.00 0.00 0.00 0.00 5.91 6.42 6.42 7.12 0.00 8.40 7.15 7.15 7.15 9.56 9.19 4.02 0.00 0.00 7.59 0.00 5.40 6.28 0.00 0.00 6.35 8.07 8.29 9.91 4.07 8.47 0.00 0.00 0.00 0.00 0.00 0.00 0.00 0.00 0.00 0.00 0.00 0.00 0.00 0.00 0.00 0.00 0.00 0.00 0.00 0.00 0.00 0.00 0.00 0.00 0.00 0.00 0.00 0.00 0.00 0.00 0.00 0.00 0.00 0.00 0.00 0.00
0.00 0.00 0.00 0.00 0.00 0.00 0.00 0.00 0.00 0.00 0.00 0.00 0.00 0.00 0.00 0.00 0.00 0.00 0.00 0.00 0.00 0.00 0.00 0.00 0.00 0.00 6.28 0.00 5.18 0.00 0.00 7.60 3.70 0.00 0.00 0.00 0.00 0.00 0.00 0.00 0.00 0.00 0.00 0.00 0.00 0.00 11.21 0.00 0.00 0.00 0.00 0.00 0.00 0.00 0.00 0.00 0.00 0.00 0.00 0.00 0.00 0.00 0.00 0.00 0.00 0.00 0.00 0.00 0.00 0.00 0.00 0.00 0.00 0.00 0.00 0.00 0.00 0.00 0.00 0.00 0.00 0.00 0.00 0.00
