Wansh/Snow_depth/snowdepth-1998/spring/1998072.txt
ncols 321
nrows 161
xllcenter 60
yllcenter 15 
cellsize  0.25 
NODATA_value -1
[rows 74 to 110 of 161, columns 83 to 165 of 321]
0.00 0.00 0.00 0.00 0.00 0.29 0.00 0.00 0.00 0.00 0.58 1.39 1.17 2.92 0.00 3.58 2.99 3.21 2.56 2.56 2.56 0.00 3.07 0.00 2.92 0.00 3.43 2.56 2.85 2.12 2.63 0.00 0.00 0.00 0.00 2.92 3.72 0.00 2.92 0.00 5.33 4.53 3.14 2.26 2.26 1.68 0.00 0.00 0.29 0.80 0.00 0.51 0.58 0.00 0.07 0.00 0.29 0.00 0.29 0.29 0.00 0.00 0.00 0.00 0.00 0.00 0.00 0.00 0.00 0.00 0.00 1.61 3.14 1.46 0.00 0.00 0.00 0.00 0.00 0.00 0.00 0.80 1.10
0.00 0.51 0.00 0.00 0.07 1.10 0.22 0.73 1.10 1.68 0.00 0.00 0.00 0.00 0.00 2.63 2.70 3.29 0.00 0.00 2.48 2.99 0.00 0.00 3.29 4.16 3.87 4.23 0.00 2.48 0.00 0.00 0.00 0.00 3.87 4.82 4.45 4.45 4.53 0.00 4.60 2.85 2.41 2.12 2.12 1.53 1.31 1.53 3.80 2.56 0.80 1.10 0.00 0.00 0.58 0.22 0.58 0.22 1.39 0.22 0.95 1.10 0.29 0.88 0.37 0.00 0.00 0.00 0.22 0.22 3.74 7.08 6.64 6.42 2.41 0.22 0.00 0.00 0.00 0.00 0.00 0.00 0.51
0.22 1.97 0.00 0.00 0.00 1.68 1.83 0.44 0.00 2.04 2.19 3.72 4.45 3.87 3.87 3.29 3.36 3.43 3.21 3.21 2.77 0.00 0.00 0.00 0.00 0.00 4.67 0.00 0.00 0.00 0.00 3.65 0.00 4.31 5.11 4.82 3.94 4.45 4.02 7.15 5.18 4.53 4.02 4.23 4.23 3.07 0.51 2.26 3.72 4.82 1.10 1.75 1.02 0.07 1.31 0.07 0.95 1.39 1.83 0.22 1.46 1.90 0.73 0.22 0.88 0.00 0.00 0.44 1.75 1.75 4.45 8.76 7.30 2.99 4.23 1.24 0.00 0.00 0.00 0.00 0.00 0.00 0.00
0.73 1.53 1.61 0.80 1.68 2.34 3.14 2.56 4.38 3.65 3.87 3.87 4.45 3.80 3.65 2.56 3.14 3.29 2.92 2.92 3.21 2.26 0.00 0.00 0.00 0.00 0.00 0.00 0.00 2.77 0.00 0.00 4.16 4.89 4.67 5.69 4.31 0.00 4.53 5.40 5.48 5.33 4.38 5.33 5.33 4.02 3.43 3.72 4.53 4.45 0.00 2.04 2.70 2.12 2.26 2.85 2.85 1.02 1.83 0.58 1.61 2.63 1.46 2.56 2.48 1.46 1.46 1.53 2.85 2.85 3.58 8.18 7.52 3.87 2.04 0.44 0.00 0.00 0.00 0.00 0.00 0.00 0.37
2.56 2.56 0.88 1.24 1.75 3.87 3.07 3.14 2.92 3.43 3.72 4.31 4.82 4.74 4.02 3.80 3.58 3.43 4.38 4.38 3.07 2.04 0.00 1.75 0.00 0.00 0.00 0.00 3.72 2.99 0.00 0.00 0.00 3.87 5.69 5.77 3.58 0.00 5.69 7.23 8.54 8.76 5.91 4.38 4.38 0.00 0.00 3.50 4.60 0.00 0.00 4.38 0.00 4.67 5.26 3.50 2.63 1.83 2.19 1.68 2.48 2.77 2.85 3.43 2.77 1.24 2.26 2.99 4.82 4.82 3.36 4.96 5.69 3.87 2.92 2.26 0.00 0.00 0.07 0.00 0.00 0.00 0.37
4.53 5.91 4.23 4.23 4.02 4.45 3.14 2.92 3.80 3.72 3.87 3.72 4.38 4.31 4.74 3.21 4.02 4.23 4.45 4.45 3.50 0.00 0.00 1.46 1.83 0.00 3.14 2.85 2.92 3.80 2.34 0.00 4.60 3.72 3.07 4.89 5.18 0.00 5.69 9.56 10.66 10.95 4.82 4.09 4.09 0.00 0.00 0.00 2.70 0.00 0.00 0.00 0.00 4.74 0.00 3.72 0.00 2.85 2.92 2.41 3.29 3.36 3.50 3.87 2.56 1.83 2.04 2.70 3.80 3.80 6.28 4.67 5.11 3.65 4.60 4.70 0.00 0.73 0.07 0.37 0.00 0.29 0.29
5.91 6.50 5.48 4.38 4.02 4.09 3.43 3.65 3.50 3.07 2.99 3.43 2.70 2.99 2.19 2.34 2.19 3.50 3.80 3.80 3.87 3.50 0.00 0.00 0.00 0.00 3.14 2.48 2.56 3.80 4.53 4.02 4.74 4.45 5.91 9.86 12.19 6.50 6.06 6.94 6.57 5.69 4.45 0.00 0.00 0.00 0.00 0.00 0.00 0.00 0.00 0.00 0.00 0.00 0.00 0.00 0.00 2.48 5.18 3.65 3.87 4.02 3.43 1.75 2.19 0.22 0.00 0.00 0.88 0.88 5.69 5.18 6.79 8.32 7.74 7.52 0.00 2.32 1.76 0.80 0.00 0.07 0.88
6.28 7.08 5.99 3.65 0.00 4.09 4.45 4.89 0.00 0.00 3.65 3.80 3.80 3.29 2.70 2.56 4.38 4.60 4.02 4.02 2.56 0.00 0.00 0.00 0.00 0.00 2.12 2.26 0.00 0.00 3.36 3.58 3.36 2.26 4.67 12.41 14.97 9.93 6.28 5.26 4.74 4.74 4.31 2.92 2.92 0.00 0.00 1.68 0.00 0.95 0.00 0.00 0.00 0.00 0.00 0.00 0.00 3.07 6.86 4.82 5.18 6.35 2.48 1.97 1.10 0.00 0.00 0.00 0.00 0.00 1.83 5.77 9.27 13.80 15.04 4.89 6.97 4.94 3.75 3.48 1.87 1.47 0.00
6.94 10.15 9.78 5.69 4.16 4.31 4.31 0.00 3.72 2.92 3.14 3.72 3.87 3.43 3.07 3.65 5.04 5.40 5.62 5.62 2.48 0.00 0.00 2.63 2.34 0.00 0.00 0.00 0.00 1.83 3.43 2.85 2.85 0.00 13.29 13.94 13.58 5.91 5.69 4.23 3.80 0.00 3.07 3.43 3.43 0.00 1.46 1.24 1.75 0.00 0.00 2.63 0.00 3.07 0.00 5.11 5.18 4.96 8.47 5.69 5.26 8.61 4.74 2.70 2.92 0.00 0.00 1.61 3.65 3.65 3.58 2.92 6.50 12.92 19.35 10.22 11.53 8.10 3.14 2.77 3.01 1.10 0.00
13.58 14.97 15.91 10.59 9.42 6.79 4.09 0.00 0.00 0.00 3.58 4.16 4.02 4.31 4.23 4.38 5.33 5.62 5.99 5.99 6.64 4.23 2.41 3.14 2.92 0.00 2.70 2.48 3.36 2.04 1.83 3.07 5.26 0.00 0.00 10.73 7.45 8.76 6.50 3.94 3.43 0.00 0.00 0.00 0.00 0.00 0.15 0.44 0.00 0.00 0.00 3.21 3.94 6.42 3.72 7.81 8.25 9.56 9.34 8.61 7.59 8.76 6.57 4.60 5.84 2.26 4.31 6.28 10.00 10.00 7.45 7.08 3.87 8.18 16.43 13.51 8.91 6.86 5.18 6.64 5.33 3.21 2.26
16.94 19.05 21.17 16.43 17.01 11.97 6.06 0.00 4.67 4.45 4.02 3.94 4.96 4.96 4.53 5.04 5.84 5.99 7.59 7.59 7.59 7.23 4.53 5.33 3.50 3.43 2.85 2.19 4.23 3.50 4.60 4.96 6.20 5.11 9.34 7.74 8.83 6.42 9.64 6.94 5.40 0.00 0.00 0.00 0.00 0.00 0.00 0.00 0.00 0.00 0.00 3.87 10.07 13.43 11.97 16.86 20.29 13.21 11.90 7.74 7.15 9.20 7.01 6.79 9.71 6.28 11.32 16.57 18.40 18.40 14.89 15.33 6.50 12.05 16.79 8.69 8.47 8.76 7.45 8.40 7.01 5.91 4.45
17.01 17.08 17.59 19.13 12.78 6.13 4.53 4.82 4.16 5.40 5.48 5.55 4.67 4.67 4.96 4.23 5.84 5.55 6.50 6.50 7.01 5.62 4.89 5.62 4.96 3.72 3.87 4.67 4.67 9.27 5.55 7.74 11.02 5.40 6.79 5.99 8.03 9.42 10.29 6.57 2.26 0.00 0.00 2.12 2.12 0.00 0.00 0.00 0.00 0.00 2.26 4.23 8.98 18.32 19.35 23.14 23.36 17.81 14.16 7.59 8.03 10.86 9.98 13.77 18.54 11.17 18.25 22.85 22.48 22.48 20.08 23.87 10.07 7.74 11.17 5.33 7.01 7.88 9.56 6.86 6.64 6.64 5.18
10.44 9.56 8.76 14.16 10.51 7.88 6.86 4.38 5.48 8.61 8.69 4.53 4.82 6.57 7.96 5.91 6.42 6.86 7.66 7.66 10.66 6.72 5.91 6.64 4.31 3.14 4.38 7.08 9.42 18.69 20.88 14.60 10.37 8.10 8.25 7.15 12.26 9.93 21.90 17.74 14.45 8.32 8.25 10.59 10.59 6.06 2.92 1.46 2.48 1.68 2.63 2.26 9.86 8.32 18.91 17.16 21.32 21.97 21.97 16.72 16.43 17.89 15.33 16.24 15.91 22.12 19.27 14.60 12.34 12.34 16.57 19.42 25.11 15.11 7.08 6.86 4.96 4.74 5.84 5.99 7.30 7.45 6.79
6.06 5.26 6.06 10.37 8.69 7.01 6.35 4.38 4.53 7.08 8.03 5.26 4.53 6.06 9.42 8.69 8.25 9.78 10.44 10.44 13.72 10.88 7.23 7.23 5.40 3.65 7.08 6.13 11.24 19.64 20.73 14.97 6.94 10.15 7.66 17.96 17.81 23.65 23.73 22.85 20.51 15.84 20.51 11.02 11.02 19.49 10.95 3.36 4.74 1.10 1.53 2.04 3.87 4.31 11.83 13.36 20.15 21.68 22.19 21.83 19.42 20.44 17.52 14.16 12.05 15.27 13.72 9.64 8.40 8.40 9.13 11.90 14.67 13.43 10.22 8.47 4.89 3.07 4.16 4.45 5.62 7.59 7.59
5.33 5.48 3.50 2.85 5.11 4.74 2.99 2.92 4.09 4.23 5.55 4.60 4.82 4.74 6.50 9.42 7.37 7.88 8.25 8.25 12.05 13.87 10.66 5.69 6.64 5.11 6.50 10.51 10.95 11.24 19.64 16.06 11.61 14.02 14.89 21.32 24.24 22.92 23.00 22.63 22.78 31.10 27.89 24.53 24.53 28.76 19.78 6.79 11.39 6.86 0.51 4.23 2.63 3.94 7.23 11.75 16.06 16.13 23.00 23.00 15.70 13.87 11.83 10.66 9.64 10.62 10.81 11.02 9.20 9.20 7.81 6.64 8.98 10.00 9.64 4.02 4.02 6.06 5.40 5.62 5.55 6.86 5.55
6.50 7.08 3.07 2.77 0.00 0.00 0.00 0.00 0.00 0.00 0.00 3.21 2.92 3.72 5.04 8.03 9.71 8.76 7.52 7.52 8.76 11.90 5.26 4.96 4.38 7.15 6.57 8.69 7.66 9.34 10.15 8.18 10.66 15.26 18.03 18.91 21.46 22.63 23.73 23.73 26.72 30.51 33.73 29.78 29.78 32.34 28.03 14.89 24.38 16.94 7.45 8.98 3.21 8.47 6.79 12.48 13.14 13.29 17.37 17.94 10.25 9.34 8.40 10.13 11.46 12.38 13.92 11.68 11.83 11.83 9.34 5.77 9.86 7.08 4.09 4.89 5.18 6.86 8.10 7.52 6.34 6.50 4.74
6.35 5.69 3.65 2.99 2.77 0.00 0.00 0.00 0.00 0.00 0.00 0.00 0.00 0.00 6.94 14.31 17.30 11.46 7.08 7.08 9.05 7.37 5.55 4.09 4.53 7.23 8.91 7.96 5.26 6.64 8.61 5.40 6.50 10.80 19.20 18.03 20.08 22.27 23.58 25.77 18.83 24.60 29.27 33.43 33.43 32.70 33.65 29.71 24.82 21.97 13.80 10.51 14.60 13.51 15.91 16.43 13.29 14.89 12.99 11.61 7.81 6.47 6.64 7.59 9.49 13.87 14.89 14.68 11.19 10.83 7.56 7.15 7.37 4.96 5.91 5.48 5.48 7.08 8.54 7.03 6.12 4.69 5.23
3.72 2.48 2.12 1.68 2.26 1.31 0.00 1.24 0.00 2.19 0.00 0.00 0.00 0.00 4.23 11.61 9.78 11.46 6.50 6.50 6.06 4.82 4.60 4.09 0.00 9.27 6.42 7.23 4.74 0.00 4.38 4.45 4.02 6.06 19.64 19.42 12.12 14.09 16.94 19.20 12.78 15.11 19.86 30.81 30.81 35.04 34.02 26.79 26.06 21.90 20.59 16.86 21.83 19.20 19.86 22.19 18.10 15.04 8.69 6.56 7.52 4.02 4.16 5.07 6.08 12.93 15.64 14.82 12.48 12.55 9.82 8.51 9.05 4.67 6.06 6.38 5.33 6.13 7.08 7.78 7.22 6.10 4.96
3.58 2.19 2.34 2.34 1.10 2.19 1.97 2.19 1.75 1.97 1.97 0.00 0.00 0.00 0.00 4.09 0.00 6.72 6.06 6.06 3.29 0.00 0.00 0.00 0.00 0.00 0.00 0.00 0.00 0.00 0.00 0.00 7.66 9.56 13.72 13.51 4.02 5.62 6.86 11.02 9.42 13.65 21.90 21.24 21.24 30.81 29.93 21.10 23.65 22.05 21.90 21.90 23.43 24.97 24.53 23.21 19.64 18.76 12.48 8.83 9.06 4.72 4.82 4.94 5.23 10.87 14.44 14.82 12.63 12.63 9.33 8.54 10.47 7.04 6.74 5.94 7.67 7.30 6.97 8.65 7.67 8.68 8.58
5.99 4.31 3.58 3.80 1.31 1.97 2.04 2.63 2.04 3.07 2.77 1.10 0.00 0.00 0.00 0.00 0.00 3.14 2.34 2.34 2.56 3.07 0.00 0.00 0.00 0.00 0.00 0.00 0.00 0.00 0.00 0.00 5.55 9.20 11.97 6.79 3.07 2.63 4.09 4.74 6.13 11.32 16.13 11.46 11.46 18.32 24.89 16.50 21.75 21.83 23.51 22.92 21.32 24.31 24.24 21.61 21.83 20.74 18.32 14.67 14.09 6.28 5.47 6.39 8.15 14.19 13.48 10.42 11.02 11.02 8.11 7.00 7.72 9.34 9.02 10.45 9.68 8.54 8.45 6.83 9.03 8.33 9.93
9.78 10.07 7.52 7.01 1.83 2.26 2.12 2.34 0.00 0.00 4.23 2.12 0.00 0.00 0.00 0.00 3.14 3.43 2.56 2.56 0.00 0.00 0.00 0.00 0.00 0.00 0.00 0.00 0.00 0.00 0.00 0.00 0.00 8.10 13.80 6.72 4.16 3.65 3.14 0.00 0.00 5.69 11.61 4.09 4.09 7.08 12.78 14.24 19.49 23.00 22.78 20.44 20.00 20.56 21.07 19.42 21.49 19.57 19.64 17.74 16.72 12.56 9.90 8.68 9.11 11.77 14.52 11.36 7.37 7.41 6.68 8.00 8.27 11.37 11.40 11.90 11.24 9.91 7.19 6.09 6.65 9.07 10.52
12.85 13.14 10.73 11.61 4.31 4.23 2.92 1.83 0.00 0.00 0.00 0.00 0.00 0.00 0.00 0.00 0.00 2.99 0.00 0.00 0.00 0.00 0.00 0.00 0.00 0.00 0.00 0.00 2.48 0.29 1.31 0.00 0.00 5.04 9.42 5.40 5.48 3.80 0.00 0.00 0.00 0.00 4.16 4.82 4.82 4.96 14.53 18.54 21.39 22.70 22.05 19.49 18.47 18.40 17.20 18.63 16.26 16.46 19.92 18.75 16.37 16.14 14.67 12.55 10.48 10.00 14.45 12.95 8.00 8.00 5.90 6.16 5.60 9.71 11.26 12.11 12.69 11.84 6.78 6.74 6.90 8.57 11.50
18.61 17.01 12.70 13.72 11.46 8.25 9.13 6.20 4.53 3.29 0.00 2.48 1.02 0.00 0.00 0.00 0.00 0.00 0.00 0.00 0.00 0.00 0.00 0.00 0.00 0.00 0.00 0.00 2.12 1.46 0.00 0.00 0.00 4.60 0.00 3.65 1.97 0.00 0.00 0.00 0.00 3.58 10.73 10.66 10.66 19.56 18.25 19.05 22.78 23.65 20.22 19.78 16.94 16.06 15.19 16.24 14.84 15.42 14.83 14.60 20.05 18.47 14.90 14.98 14.06 8.12 10.56 13.31 8.60 8.47 4.59 5.13 5.14 9.79 11.94 11.10 11.30 8.45 6.74 6.28 7.10 8.73 9.86
23.36 18.54 11.17 10.22 17.45 14.16 10.66 8.98 7.66 5.99 14.82 10.07 6.42 1.83 0.00 0.00 0.00 0.00 0.00 0.00 0.00 0.00 0.00 0.00 0.00 1.17 0.00 1.10 1.31 0.29 1.02 1.61 1.17 0.00 1.53 0.00 1.31 0.00 0.00 0.00 0.00 19.35 19.35 16.72 16.72 21.97 20.81 20.73 22.48 22.92 20.29 18.51 16.30 16.89 14.52 15.05 11.96 14.09 12.99 11.49 16.13 16.14 15.91 15.90 11.24 8.52 8.73 8.60 8.35 8.14 4.16 3.50 4.27 5.34 10.68 9.46 7.52 6.65 6.13 6.63 6.41 8.34 6.99
17.52 12.34 11.39 10.88 14.60 20.59 23.87 28.84 29.27 26.43 23.36 30.08 20.44 14.53 7.37 2.77 0.95 1.10 0.00 0.00 0.80 1.17 0.73 1.17 1.02 0.88 1.10 1.39 0.58 0.51 2.41 1.75 0.88 1.02 2.04 2.99 2.26 0.58 10.59 11.61 13.14 7.01 11.75 18.76 18.76 20.44 20.08 22.85 19.93 16.06 15.04 10.31 11.24 8.93 9.96 6.73 5.97 9.83 9.19 9.26 11.08 13.79 14.22 15.86 14.90 9.49 7.48 7.38 3.82 3.76 0.29 2.12 3.71 9.00 11.25 11.53 9.64 3.33 1.57 2.00 1.83 3.24 4.95
13.58 12.56 13.21 13.87 13.65 16.43 22.63 32.27 35.70 36.87 30.95 19.64 15.77 12.19 5.33 2.99 3.80 1.46 1.02 1.02 1.39 1.17 1.17 0.66 0.51 0.66 1.10 1.31 0.44 1.31 1.17 0.66 0.51 1.61 1.61 2.12 5.69 10.66 6.20 5.48 7.74 4.02 8.10 15.48 15.48 19.42 21.10 18.40 17.52 13.40 13.84 8.81 8.33 8.00 5.73 5.61 5.56 7.79 7.18 7.10 15.08 13.64 15.81 17.05 15.88 11.39 7.23 10.34 7.88 7.76 1.46 1.61 2.87 6.95 12.44 12.19 11.32 3.98 1.57 0.61 0.18 1.89 2.64
7.52 9.56 10.80 10.59 8.03 8.83 25.55 31.39 25.99 32.27 29.27 17.16 13.14 14.31 10.15 5.84 6.28 3.80 2.56 2.56 1.24 0.66 1.10 1.02 1.90 0.22 0.73 0.37 0.00 0.66 1.61 0.58 1.39 0.95 3.36 3.72 7.08 3.21 1.46 1.97 3.21 5.99 9.05 6.42 6.42 12.05 19.13 12.56 13.79 14.28 11.55 10.30 9.67 10.09 6.86 7.55 6.44 5.96 5.43 6.24 13.48 16.01 17.28 16.21 13.14 11.39 7.90 10.58 10.64 11.83 4.65 0.60 4.31 6.23 8.87 12.50 6.71 3.94 0.73 0.44 0.00 0.00 2.23
3.43 4.74 5.84 12.41 4.74 11.75 15.77 21.10 29.57 23.00 25.04 16.06 8.98 9.86 11.75 10.00 6.72 5.48 4.38 4.38 2.41 1.53 2.26 1.68 0.80 0.22 0.73 0.07 0.29 1.68 0.88 0.15 0.88 0.00 1.90 6.28 5.91 1.68 1.02 0.58 0.37 0.29 3.65 4.09 4.09 8.91 11.90 10.22 13.21 13.14 13.33 12.82 10.38 12.33 9.34 7.81 5.75 4.06 4.63 4.40 9.84 13.40 16.62 14.89 15.26 9.71 9.73 11.63 6.20 5.98 2.24 0.24 4.77 4.12 10.30 9.86 4.72 3.71 2.60 0.23 1.63 1.56 3.47
0.00 0.00 0.00 7.59 5.55 4.16 7.01 11.46 16.28 15.33 18.98 17.74 10.07 7.88 8.61 3.50 4.96 4.60 2.99 2.99 3.43 2.92 1.90 0.73 1.39 0.44 0.07 0.00 0.44 0.29 0.51 0.00 0.07 0.00 0.58 1.83 2.26 1.10 0.44 0.00 0.00 0.00 1.10 2.56 2.56 5.91 9.93 8.69 12.99 13.58 13.14 13.71 11.39 10.85 10.22 8.29 5.80 3.61 1.69 4.19 8.58 8.47 9.81 12.27 14.91 11.23 7.98 9.68 8.99 9.04 4.87 1.52 0.81 6.50 6.10 5.66 6.80 3.43 2.79 1.11 1.85 3.77 6.60
0.00 0.00 0.00 0.00 0.00 4.89 7.15 9.56 13.43 15.99 15.62 11.24 10.88 8.03 4.16 2.04 1.83 2.34 1.97 1.97 1.90 0.44 0.88 0.51 0.00 0.58 0.00 0.00 0.00 0.00 0.00 0.00 0.00 0.00 0.07 1.17 1.61 0.00 0.00 0.00 0.00 0.00 0.37 0.37 0.37 2.20 6.64 12.55 12.12 13.93 11.51 14.24 10.93 13.02 6.96 3.63 2.45 0.00 0.00 3.41 6.17 7.48 7.85 8.23 15.13 14.00 11.20 9.89 8.40 9.83 8.33 0.46 2.67 1.80 3.08 3.20 2.50 3.00 0.95 0.08 1.99 4.00 6.76
0.00 0.00 0.00 0.00 0.00 0.00 0.00 7.01 10.80 12.92 13.36 12.85 11.53 9.93 7.45 4.02 3.65 5.69 0.00 0.00 0.00 0.07 0.22 0.00 0.00 0.00 0.00 0.00 0.00 0.00 0.00 0.00 0.00 0.00 0.00 0.00 0.88 0.00 0.00 0.00 0.00 0.00 0.00 0.37 0.37 2.48 4.09 6.60 4.87 12.17 10.73 11.25 9.82 6.71 3.97 1.53 0.00 0.00 0.00 7.54 7.30 7.83 6.56 8.91 14.03 13.74 12.36 13.78 10.50 11.75 9.98 4.16 3.96 3.25 1.24 1.59 3.09 2.24 1.31 0.08 1.72 3.40 6.42
0.00 0.00 0.00 0.00 0.00 0.00 5.69 0.00 8.18 10.59 11.17 11.53 10.73 11.53 8.18 8.83 12.90 11.95 3.80 3.80 6.50 0.00 0.00 0.00 0.00 0.00 0.00 0.00 0.00 0.00 0.00 0.00 0.00 0.51 0.00 0.00 0.58 0.00 0.00 0.00 0.00 0.00 0.00 0.88 0.88 1.83 0.88 2.77 3.59 6.96 10.95 10.83 6.89 6.57 3.39 0.00 0.00 0.00 0.00 3.97 4.27 8.73 8.78 7.52 10.36 12.85 14.03 16.14 9.02 9.21 8.41 7.20 5.09 4.40 2.53 2.32 2.52 2.28 1.61 0.00 0.85 4.33 3.26
0.00 0.00 0.00 0.00 0.00 0.00 0.00 0.00 0.00 7.66 10.66 10.59 9.56 7.01 8.03 11.02 12.91 13.36 12.66 11.82 5.33 0.80 1.75 0.15 0.00 0.00 0.00 0.80 0.22 0.00 0.00 0.00 0.00 0.00 0.00 0.00 0.44 0.00 0.00 0.00 0.66 0.29 1.61 0.95 0.95 0.95 0.15 0.00 2.01 7.60 10.95 12.60 6.33 6.12 0.00 0.00 0.00 0.00 0.00 0.00 0.00 6.39 6.78 6.11 7.91 12.70 15.35 14.83 12.02 14.70 8.92 5.57 5.53 5.50 1.67 3.49 4.22 3.75 1.40 0.00 0.00 0.00 0.00
0.00 0.00 0.00 0.00 0.00 0.00 0.00 0.00 0.00 0.00 0.00 0.00 0.00 0.00 0.00 3.58 0.00 7.45 4.82 4.89 9.20 9.49 7.30 8.54 5.91 2.77 6.86 4.60 2.26 0.00 0.00 0.00 3.87 0.00 1.83 1.31 6.20 4.53 3.58 8.10 5.94 5.04 5.31 4.53 4.53 2.63 0.00 2.48 4.99 2.18 1.92 0.00 0.00 0.00 0.00 0.00 0.00 0.00 0.00 0.00 0.00 0.00 0.00 6.26 6.59 6.17 10.52 9.34 9.54 10.66 7.45 7.12 4.56 3.98 3.52 0.00 0.00 3.26 0.00 0.00 0.00 0.00 0.00
0.00 0.00 0.00 0.00 0.00 0.00 0.00 0.00 0.00 0.00 0.00 0.00 0.00 0.00 0.00 0.00 0.00 0.00 0.00 0.00 4.09 9.36 10.52 9.64 8.18 7.37 6.45 9.06 6.20 3.65 5.62 4.82 2.77 4.02 2.85 4.31 8.18 9.20 8.03 8.40 8.03 6.46 9.39 6.57 7.34 4.67 2.63 4.60 4.19 0.00 0.00 0.00 0.00 0.00 0.00 0.00 0.00 0.00 0.00 0.00 0.00 0.00 0.00 0.00 5.73 11.08 4.96 3.17 4.09 4.09 6.26 0.00 0.00 0.00 2.88 0.00 0.00 0.00 0.00 0.00 0.00 0.00 0.00
0.00 0.00 0.00 0.00 0.00 0.00 0.00 0.00 0.00 0.00 0.00 0.00 0.00 0.00 0.00 0.00 0.00 0.00 0.00 0.00 3.94 0.00 0.00 10.95 8.47 6.86 3.74 6.56 10.59 7.01 7.23 5.40 5.62 6.37 4.89 4.23 6.51 9.13 8.98 4.60 5.40 3.69 3.65 7.79 9.89 7.43 5.23 2.71 4.05 0.00 0.00 0.00 0.00 0.00 0.00 0.00 0.00 0.00 0.00 0.00 0.00 0.00 0.00 0.00 0.00 0.00 0.00 0.00 0.00 0.00 0.00 0.00 0.00 0.00 0.00 0.00 0.00 0.00 0.00 0.00 0.00 0.00 0.00
0.00 0.00 0.00 0.00 0.00 0.00 0.00 0.00 0.00 0.00 0.00 0.00 0.00 0.00 0.00 0.00 0.00 0.00 0.00 0.00 0.00 0.00 0.00 0.00 5.18 8.40 0.00 0.00 5.11 4.82 4.53 0.00 5.79 7.02 3.94 0.00 0.00 3.58 0.00 0.00 0.00 0.00 0.00 3.56 4.06 4.34 7.35 0.00 1.90 0.00 0.00 0.00 0.00 0.00 0.00 0.00 0.00 0.00 0.00 0.00 0.00 0.00 0.00 0.00 0.00 0.00 0.00 0.00 0.00 0.00 0.00 0.00 0.00 0.00 0.00 0.00 0.00 0.00 0.00 0.00 0.00 0.00 0.00
