Wansh/Snow_depth/snowdepth-1998/spring/1998108.txt
ncols 321
nrows 161
xllcenter 60
yllcenter 15 
cellsize  0.25 
NODATA_value -1
[rows 74 to 110 of 161, columns 84 to 167 of 321]
0.00 0.00 0.00 0.00 0.00 0.00 0.00 0.00 1.02 2.92 3.50 2.19 2.56 4.16 4.23 5.04 4.74 4.45 4.45 4.31 4.38 3.72 0.00 0.00 2.70 2.48 2.56 0.00 3.36 3.65 0.00 2.92 3.14 2.99 3.43 3.58 5.26 4.89 5.55 1.61 2.19 0.80 1.10 1.10 1.24 0.00 0.73 0.66 0.00 0.00 0.00 0.00 0.00 0.00 1.04 1.75 1.17 1.31 0.00 0.00 0.00 0.00 0.00 0.00 0.00 0.00 0.00 0.00 0.00 0.00 0.00 0.00 0.00 0.00 0.00 0.00 0.00 0.00 0.00 0.00 0.00 0.00 0.00 0.00
0.00 0.00 0.00 2.26 3.14 1.46 2.04 4.31 0.95 4.60 4.53 4.60 5.55 5.84 4.82 4.09 4.23 4.38 4.38 4.53 4.96 4.53 4.67 4.53 5.11 2.92 3.58 4.09 3.36 4.38 2.77 0.00 4.38 3.80 4.53 3.36 4.89 6.57 4.67 3.43 3.94 3.21 0.37 0.37 1.83 0.66 1.02 1.31 0.80 0.00 0.95 1.02 0.00 0.00 0.88 1.39 1.68 1.46 0.80 0.00 0.00 0.00 0.00 0.00 0.00 0.00 0.00 0.00 0.00 0.00 0.95 0.00 0.00 0.00 0.00 0.00 0.00 0.00 0.00 0.00 0.00 0.00 0.00 0.00
0.37 0.00 4.02 2.41 4.38 4.38 4.23 3.43 4.96 4.89 5.55 5.84 6.57 6.06 4.53 4.82 4.45 4.74 4.74 4.96 3.87 4.02 3.94 4.02 0.00 0.00 2.56 0.00 0.00 0.00 0.00 0.00 0.00 4.60 4.45 4.89 3.36 3.65 4.45 4.31 2.77 3.65 3.14 3.14 2.85 0.37 0.44 2.48 1.24 0.00 1.02 1.68 0.95 0.88 0.73 0.80 1.10 1.46 0.51 0.00 0.15 0.00 0.51 0.22 0.29 0.00 0.00 0.00 0.00 0.00 1.02 1.02 1.02 0.00 0.00 0.00 0.00 0.00 0.00 0.00 0.00 0.00 0.00 0.00
0.00 2.56 1.02 2.77 2.04 3.65 4.45 4.96 4.67 5.11 6.72 6.20 6.57 5.69 4.96 4.67 4.96 5.04 5.04 4.96 3.58 4.38 3.65 3.94 0.00 3.65 0.00 2.85 0.00 0.00 2.92 3.14 3.65 3.65 4.02 4.09 0.00 3.50 0.00 3.36 3.87 3.14 2.12 2.12 1.46 1.68 1.61 2.56 4.38 2.77 2.12 0.00 0.00 1.61 1.02 1.10 1.46 1.17 0.73 0.15 0.37 0.44 0.66 0.88 0.44 0.00 0.00 0.00 0.00 0.00 0.00 0.00 0.80 0.07 0.00 0.00 0.00 0.00 0.00 0.00 0.00 0.00 0.00 0.00
4.23 0.00 3.36 1.90 3.07 3.94 3.87 3.58 4.89 4.67 5.69 6.72 5.69 5.26 5.69 4.74 5.26 5.33 5.33 4.38 4.45 4.45 3.94 4.23 4.23 0.00 2.99 0.00 0.00 0.00 0.00 0.00 0.00 0.00 0.00 0.00 0.00 0.00 0.00 2.85 5.40 4.09 0.00 0.00 0.00 0.00 0.00 0.00 0.00 0.00 0.00 0.00 0.00 1.83 1.61 1.10 0.80 0.22 0.51 0.00 0.07 0.00 0.95 0.37 0.51 0.22 0.29 0.00 0.00 1.90 0.88 0.00 0.00 1.83 0.07 0.00 0.00 0.00 0.00 0.00 0.00 0.00 0.00 0.00
1.39 4.16 3.50 4.96 3.07 3.21 2.92 0.00 4.16 4.67 4.96 4.82 4.53 4.45 4.23 5.11 4.96 4.31 4.31 4.67 5.40 4.60 4.67 3.80 0.00 0.00 0.00 0.00 0.00 0.00 0.00 0.00 0.00 0.00 0.00 0.00 0.00 0.00 3.58 5.48 5.33 5.18 0.00 0.00 0.00 0.00 0.00 0.00 0.00 0.00 0.00 0.00 0.00 0.00 0.00 1.39 0.88 0.00 0.00 0.00 0.00 0.00 0.44 1.17 0.00 0.00 0.66 1.68 1.68 1.75 1.83 0.00 0.00 1.97 1.76 0.22 0.22 0.00 0.00 0.00 0.00 0.00 0.00 0.00
4.60 0.00 0.00 0.00 3.50 3.21 0.00 3.87 3.72 0.00 5.62 3.21 3.50 4.09 3.72 3.94 4.45 3.94 3.94 4.82 5.26 4.31 3.94 2.85 0.00 0.00 0.00 0.00 0.00 0.00 0.00 0.00 0.00 0.00 3.36 0.00 0.00 0.00 0.00 4.45 2.70 0.00 0.00 0.00 0.00 0.00 0.00 0.00 0.00 0.00 0.00 0.00 0.00 0.00 0.00 0.00 0.00 0.00 0.00 1.68 0.95 1.24 0.58 0.00 0.00 0.00 0.00 0.00 0.00 0.00 1.75 2.12 5.77 4.16 1.31 1.32 0.00 0.00 0.00 0.00 0.00 0.00 0.00 0.00
0.00 0.00 0.00 0.00 3.80 4.02 0.00 3.07 4.09 3.94 3.87 3.87 3.87 3.50 3.72 4.16 3.72 4.45 4.45 4.09 4.23 3.14 3.72 2.04 0.00 0.00 0.00 0.00 0.00 2.41 0.00 0.00 0.00 0.00 4.74 6.64 3.21 0.00 0.00 3.21 2.77 0.00 0.00 0.00 0.00 0.00 0.00 0.00 0.00 0.00 0.00 0.00 0.00 1.02 1.10 0.00 0.00 0.00 2.70 3.58 1.53 0.00 0.51 0.00 0.00 0.00 0.00 0.00 0.00 0.00 1.17 0.88 7.81 5.91 8.25 2.86 1.33 2.83 0.00 0.00 0.00 0.00 0.00 0.00
7.45 4.09 4.89 7.01 5.26 4.16 0.00 0.00 0.00 0.00 3.14 4.02 4.23 4.23 4.31 3.72 4.82 4.89 4.89 4.23 0.00 0.00 2.63 0.00 0.00 1.83 0.00 1.90 0.00 0.00 0.00 0.00 0.00 7.15 6.50 8.25 3.14 0.00 0.00 0.00 0.00 1.39 0.00 0.00 0.00 0.00 0.00 0.00 0.00 0.00 0.00 0.00 0.00 1.31 3.07 1.90 2.70 2.99 3.07 3.65 3.29 3.43 1.46 0.00 0.00 0.00 0.00 0.00 0.00 0.00 0.00 0.00 3.58 10.66 11.68 8.98 3.87 1.90 1.53 0.00 0.00 0.00 0.00 0.00
12.70 10.22 6.35 12.19 4.89 0.00 0.00 0.00 3.36 0.00 0.00 3.21 4.74 4.45 4.31 4.23 5.99 5.33 5.33 4.23 2.70 3.07 3.36 0.00 0.00 0.00 2.41 1.68 0.00 0.00 0.00 0.00 0.00 5.55 8.40 3.14 4.02 4.74 0.00 0.00 0.00 0.00 0.00 0.00 0.00 0.00 0.00 0.00 0.00 0.00 1.53 1.90 0.00 2.77 3.87 2.70 3.72 3.29 3.58 5.48 5.11 5.33 2.92 0.80 3.43 5.26 3.29 1.46 1.46 0.00 0.00 0.73 0.00 9.49 11.32 11.97 6.20 4.16 2.63 1.75 4.38 0.00 0.00 0.00
14.09 15.91 12.99 11.75 7.37 4.38 0.00 0.00 0.00 0.00 0.00 0.00 4.09 0.00 5.11 4.16 4.82 5.26 5.26 3.72 3.29 0.00 3.14 2.48 0.00 1.90 0.00 0.00 0.00 1.68 3.36 3.07 3.29 5.04 6.57 4.16 8.69 9.05 3.36 0.00 0.88 0.00 0.00 0.00 0.00 0.00 0.00 0.00 0.00 0.00 0.73 1.75 5.18 6.64 6.79 4.74 5.18 4.74 3.58 5.55 6.13 5.84 5.77 3.58 3.58 6.50 4.60 0.44 0.44 2.63 1.90 0.00 2.63 4.53 7.23 4.53 6.64 7.66 5.18 4.74 5.33 4.16 2.19 3.07
12.41 8.10 12.41 10.07 7.96 3.21 0.00 0.00 3.94 3.80 0.00 4.38 0.00 0.00 0.00 0.00 5.55 4.02 4.02 0.00 0.00 2.19 3.65 0.00 0.00 3.94 3.72 4.45 3.14 3.72 4.31 4.53 5.77 5.62 4.67 4.09 8.18 9.42 4.45 2.92 0.00 0.00 0.29 0.29 0.00 0.00 0.00 0.00 0.00 0.00 0.51 1.61 6.06 10.59 12.19 11.39 10.37 7.66 5.55 3.58 5.21 7.37 6.85 5.91 4.09 7.59 9.86 5.55 5.55 6.50 3.36 1.17 0.00 2.48 3.14 1.97 5.26 6.57 7.52 5.26 4.89 5.04 0.00 0.00
6.50 4.60 5.69 5.91 3.87 3.36 3.50 5.18 4.60 4.60 2.56 3.65 0.00 3.58 0.00 4.96 4.53 4.96 4.96 3.72 3.87 4.45 4.02 2.41 2.92 0.00 4.38 5.91 8.98 7.96 5.84 5.69 4.96 1.90 0.00 0.00 0.00 5.91 7.52 10.88 5.26 3.14 1.83 1.83 0.00 0.15 0.29 0.00 0.44 0.22 0.58 0.44 3.72 7.23 10.29 15.18 13.80 11.75 5.33 4.23 6.35 7.37 7.90 8.76 7.37 6.50 8.18 4.31 4.31 11.68 7.08 6.13 4.09 4.45 0.66 3.87 4.45 5.77 5.33 6.72 6.28 6.42 3.72 0.00
3.72 4.16 3.80 5.18 3.94 3.87 2.85 3.50 3.21 3.14 4.09 3.29 0.00 3.58 4.53 5.62 4.09 4.45 4.45 5.26 5.77 5.62 3.58 0.00 2.92 3.58 3.65 4.23 8.25 9.27 6.13 3.87 0.00 0.00 0.00 3.94 6.35 7.96 12.19 11.53 10.00 6.64 7.37 7.37 3.50 2.85 0.73 0.07 0.00 0.00 0.22 1.97 1.75 4.74 8.18 6.79 10.29 15.26 12.56 13.94 8.61 4.96 7.08 5.62 7.34 5.77 3.58 2.04 2.04 3.94 5.69 8.03 7.96 3.72 3.29 3.58 5.18 5.33 4.67 5.04 6.13 6.72 5.48 0.00
3.80 1.90 2.85 3.07 3.36 0.00 2.04 0.00 0.00 0.00 0.00 0.00 0.00 0.00 3.29 3.72 3.94 3.72 3.72 5.40 4.31 4.23 0.00 0.00 0.00 2.85 4.38 6.50 6.35 5.91 4.82 3.94 0.00 2.92 0.00 5.26 7.30 7.52 8.61 8.98 11.46 12.70 15.99 15.99 11.97 9.64 4.74 0.29 0.00 0.00 0.88 0.73 0.29 2.77 4.67 6.50 5.62 9.27 12.99 10.51 5.69 4.89 5.18 3.87 3.91 5.87 7.81 5.40 5.40 4.53 3.65 8.32 9.42 3.21 2.85 3.07 5.26 5.26 5.04 5.40 5.84 5.33 4.89 0.00
3.87 1.90 2.19 2.41 0.00 0.00 0.00 0.00 2.12 2.63 2.77 0.00 2.77 1.97 2.63 4.31 3.80 2.92 2.92 4.53 3.80 3.14 0.00 0.00 2.56 3.72 3.87 4.23 4.60 3.87 0.00 2.26 0.00 2.92 3.58 3.94 7.74 6.94 3.87 4.16 6.57 14.60 19.20 19.20 16.79 10.15 11.53 7.01 4.38 2.92 2.26 2.85 0.00 0.00 2.34 5.04 6.13 5.18 5.85 8.92 4.45 5.77 4.99 7.52 4.89 9.86 5.15 5.91 5.91 3.80 4.38 4.38 4.09 3.58 4.09 3.07 4.45 5.55 5.40 4.59 4.54 3.09 0.00 0.00
1.97 1.75 2.04 1.97 1.75 0.00 1.02 0.00 0.00 1.17 1.02 0.00 0.00 0.00 0.00 4.09 3.29 2.70 2.70 2.85 2.70 3.07 0.00 0.00 0.00 3.87 3.07 3.87 3.65 2.92 0.00 0.00 0.00 0.00 4.45 4.23 4.82 4.53 0.00 0.00 2.92 7.23 21.61 21.61 19.49 16.86 14.67 15.77 12.99 9.27 7.15 5.62 3.94 3.94 7.15 5.04 3.94 3.94 4.38 4.96 2.41 1.46 3.91 2.04 8.69 9.20 9.41 3.17 3.07 3.01 3.94 3.94 4.74 4.74 4.31 4.74 4.96 4.31 3.52 4.13 0.00 3.23 0.00 0.00
2.19 1.68 2.04 1.90 1.10 0.00 0.00 1.10 1.90 0.95 1.02 0.00 0.00 0.00 0.00 0.00 1.97 0.00 0.00 1.97 1.83 0.00 0.00 0.00 0.00 3.36 2.63 3.94 2.99 0.00 0.00 0.00 0.00 0.00 0.00 0.00 0.00 0.00 0.00 0.00 0.00 7.88 14.75 14.75 16.72 17.08 11.83 12.99 12.85 11.75 8.61 8.47 8.40 5.40 12.78 11.46 9.34 5.40 3.54 2.14 0.88 1.02 1.19 1.52 3.95 7.97 7.37 6.06 6.09 5.36 3.52 4.60 5.33 5.18 4.62 3.65 3.94 4.09 3.82 4.87 3.71 3.07 2.11 4.67
2.12 0.88 1.10 1.17 1.39 0.00 1.83 2.04 1.31 0.00 0.37 1.10 0.58 0.00 0.00 0.80 0.66 0.73 0.73 0.00 0.88 0.00 0.00 0.00 0.00 0.00 0.00 0.00 0.00 0.00 0.00 0.00 0.00 0.00 0.00 0.00 0.00 0.00 0.00 0.00 0.22 0.95 5.84 5.84 8.18 10.73 11.97 7.59 9.71 11.90 11.24 10.15 12.78 15.33 15.26 12.56 13.80 8.25 2.85 4.87 1.70 1.76 0.46 0.94 1.02 7.62 6.74 5.04 5.04 3.52 4.12 7.34 5.94 6.08 3.30 2.88 4.89 4.30 4.52 4.77 5.21 4.36 5.02 4.84
3.50 2.34 1.02 0.88 1.97 1.53 1.83 2.92 2.63 0.00 1.02 1.17 0.00 0.00 0.00 1.24 1.46 1.61 1.61 0.95 0.00 0.00 0.00 0.00 0.00 0.00 0.00 0.00 0.00 0.00 0.00 0.00 0.00 0.00 0.00 0.00 0.00 0.00 0.00 0.00 0.00 0.58 2.04 2.04 6.13 4.82 5.77 5.69 10.51 13.58 10.95 11.46 13.72 14.89 16.06 15.40 16.62 13.94 11.83 13.14 5.18 1.19 1.99 1.61 6.93 6.21 6.53 3.72 3.72 2.88 4.67 5.07 7.04 7.19 5.41 5.21 5.91 5.71 5.18 4.52 4.36 5.01 7.73 6.97
1.90 5.69 2.41 1.68 2.56 1.53 0.00 0.00 2.85 2.63 0.95 0.00 0.00 0.00 0.00 1.53 1.39 0.66 0.66 1.75 1.46 1.46 0.00 0.00 0.00 0.00 2.04 0.00 0.00 0.00 0.00 0.00 0.00 0.00 0.00 0.00 0.00 0.00 0.00 0.00 0.00 0.00 0.00 0.00 1.68 2.48 7.15 7.08 9.13 12.99 11.97 10.66 12.89 14.83 17.12 17.71 16.33 15.99 15.70 10.37 11.97 6.02 1.08 2.18 5.34 6.94 5.48 2.85 2.86 2.72 6.14 5.68 8.15 7.46 8.34 4.96 6.26 4.77 3.28 3.90 4.61 6.12 5.52 5.74
7.59 7.96 4.45 3.21 3.43 3.50 0.00 0.00 0.00 1.24 0.00 0.00 0.00 0.00 0.00 0.80 2.04 0.00 0.00 0.00 0.00 0.00 0.95 0.00 0.00 0.00 2.04 1.68 0.00 0.00 0.00 0.00 0.00 0.22 0.00 0.15 0.51 0.00 0.00 0.00 0.00 0.00 0.00 0.00 0.58 1.02 4.67 10.00 11.02 14.02 14.89 12.78 12.78 11.92 12.83 14.98 18.07 14.12 14.23 15.48 14.82 7.34 3.95 3.88 4.76 5.79 3.52 2.42 2.42 3.10 3.96 3.24 4.81 8.89 7.48 8.36 4.10 3.91 3.14 3.65 5.64 8.55 6.29 5.27
7.30 10.07 8.40 7.74 8.25 6.35 5.69 8.54 3.07 2.34 1.46 0.00 0.00 0.00 0.22 0.00 0.00 0.00 0.00 0.00 0.00 0.00 0.00 0.00 1.97 1.24 1.17 1.02 0.66 0.51 0.00 0.00 0.00 0.00 0.00 0.00 0.00 0.00 0.00 0.00 5.99 5.11 2.70 2.70 3.87 6.28 5.91 9.71 11.32 14.38 15.40 14.24 12.70 11.15 11.32 12.90 12.05 10.32 14.04 9.71 12.71 9.89 6.25 4.63 3.53 4.04 1.67 2.74 2.70 2.59 2.87 3.15 4.90 5.81 8.40 6.16 5.78 3.49 3.33 3.98 5.49 9.63 4.23 4.80
10.51 8.61 8.98 12.19 14.09 12.05 9.05 16.21 12.78 7.15 2.92 0.66 0.00 1.46 0.00 0.00 0.00 0.00 0.00 0.00 0.00 0.00 0.00 0.22 1.83 0.80 0.95 0.80 0.00 0.44 0.00 0.00 0.00 0.00 0.00 0.22 0.00 0.00 0.00 4.74 10.29 9.34 6.86 6.86 8.61 8.10 9.71 13.51 16.13 14.82 14.90 14.23 15.36 13.88 14.00 10.93 10.37 8.10 7.22 7.95 8.29 8.07 8.33 7.96 3.04 1.43 1.41 1.66 1.61 0.00 3.29 3.44 3.92 5.55 6.53 4.96 3.36 4.19 3.72 3.43 5.91 7.22 4.42 3.01
10.44 8.10 14.60 16.50 24.60 25.11 24.53 29.93 24.24 19.05 15.55 11.61 8.69 7.01 3.80 1.75 2.34 0.00 0.00 1.02 0.00 0.00 0.07 0.15 0.22 0.88 0.66 0.80 0.95 1.24 1.02 0.00 0.73 2.56 0.37 0.44 1.75 1.46 0.00 5.62 7.15 8.18 9.78 9.78 13.21 13.94 13.36 13.36 15.55 13.58 12.34 14.35 15.20 15.02 13.84 12.76 12.71 13.12 11.71 10.93 6.24 5.14 10.60 10.54 7.37 2.35 3.46 3.59 3.54 3.21 5.40 4.39 7.13 8.30 7.26 5.33 4.99 0.00 0.00 0.00 0.00 5.20 4.02 4.36
14.67 12.19 16.06 18.10 23.36 27.23 27.67 30.30 26.35 19.20 8.98 11.02 11.02 8.32 5.62 2.34 3.94 1.53 1.53 0.88 0.80 1.46 1.46 0.88 0.44 0.15 0.22 0.15 0.58 0.95 1.46 0.00 0.88 2.41 3.07 3.65 4.74 4.96 5.04 5.33 5.99 7.66 9.42 9.42 11.90 13.51 13.36 13.36 10.91 11.10 10.61 10.85 11.73 14.29 16.83 17.43 11.15 12.15 13.00 11.19 11.06 5.60 6.80 5.34 5.91 6.50 5.14 1.78 1.75 0.00 3.94 4.71 5.28 8.02 6.91 6.72 4.20 0.00 0.00 0.00 0.00 3.13 4.10 3.42
12.70 15.48 16.21 16.79 21.46 21.75 24.24 24.31 21.17 16.21 5.40 5.91 9.27 6.94 6.94 4.16 2.34 2.26 2.26 1.46 1.97 1.61 1.10 0.00 0.07 0.00 0.15 0.07 0.07 0.88 0.88 0.37 0.00 2.56 3.80 4.96 6.35 3.50 0.44 1.24 3.36 6.06 7.37 7.37 10.80 14.38 14.38 12.76 10.22 9.55 10.13 13.02 14.15 13.88 17.62 11.72 14.80 9.36 11.75 13.83 9.97 11.10 8.10 5.04 4.02 5.51 5.36 2.49 2.77 2.97 0.00 3.69 3.74 5.26 6.51 5.60 3.87 4.09 0.00 0.00 0.00 5.35 4.79 4.34
8.10 7.74 14.67 16.28 13.87 12.78 17.23 18.78 17.67 11.83 0.00 5.18 4.74 5.99 6.28 2.92 2.63 2.70 2.70 2.48 1.97 1.83 1.17 0.80 0.22 0.00 0.22 0.73 0.73 1.24 1.31 0.22 0.00 1.24 3.65 3.43 3.94 2.85 1.68 0.00 0.59 2.63 4.02 4.02 5.55 8.83 10.29 9.61 10.07 9.84 9.81 11.85 18.25 22.19 14.99 13.60 7.05 7.20 6.64 9.02 8.76 11.37 8.36 8.83 5.40 5.33 3.85 3.30 3.18 1.41 0.00 0.00 3.65 4.69 4.66 4.19 2.52 3.75 0.00 0.00 4.28 6.55 8.56 0.70
0.00 0.00 0.00 7.88 10.15 9.78 13.43 16.72 14.38 6.86 4.02 0.00 3.50 0.00 2.85 0.22 2.19 1.24 1.24 1.75 1.39 1.68 0.44 1.02 0.58 0.00 0.00 0.07 0.00 0.37 0.00 0.00 0.00 0.00 2.48 2.63 2.70 2.12 0.37 0.00 0.00 0.73 1.68 1.68 2.63 6.20 8.47 11.46 10.00 10.37 12.60 15.14 15.15 15.29 11.77 15.95 9.92 0.00 0.00 8.12 7.79 8.11 9.24 10.38 7.19 5.95 5.74 2.89 2.90 2.48 2.13 0.00 0.00 1.40 2.55 2.94 0.00 0.00 0.00 0.00 4.18 6.51 8.11 4.06
0.00 0.00 0.00 0.00 10.29 10.95 12.70 13.87 15.04 11.97 7.01 5.11 4.89 0.00 0.00 0.37 0.73 0.95 0.95 0.80 0.00 0.73 0.00 0.00 0.00 0.00 0.00 0.00 0.07 0.00 0.00 0.00 0.00 0.00 0.58 1.31 0.00 0.00 0.00 0.00 0.00 1.02 2.04 2.04 3.15 5.11 4.84 6.72 8.60 10.84 17.41 16.70 19.22 16.24 0.00 9.79 0.00 0.00 0.00 0.00 9.44 3.83 7.74 7.75 8.01 8.40 7.42 5.65 6.61 3.41 3.56 0.11 0.00 0.00 0.00 0.00 0.00 0.00 0.00 0.00 5.48 5.53 7.14 3.44
0.00 0.00 0.00 0.00 0.00 0.00 12.56 15.48 15.70 11.97 10.88 7.08 6.50 4.02 4.60 4.09 3.14 3.80 3.80 0.58 0.00 0.00 0.00 0.00 0.00 0.00 0.00 0.00 0.00 0.00 0.00 0.00 0.00 0.00 0.00 0.07 0.00 0.00 0.00 0.00 0.00 0.37 0.00 0.00 1.97 2.34 5.87 3.04 6.29 9.68 10.53 12.74 13.26 14.15 0.00 0.00 0.00 0.00 0.00 0.00 13.43 8.57 3.95 7.25 10.05 9.79 8.58 6.81 7.62 3.86 3.23 0.28 1.41 0.00 0.00 0.00 2.49 1.39 0.00 0.00 3.07 9.21 6.67 5.58
0.00 0.00 0.00 0.00 0.00 0.00 11.39 11.68 12.78 9.56 9.20 7.74 7.88 8.18 10.15 7.41 7.67 0.00 0.00 0.00 0.00 0.00 0.00 0.00 0.00 0.00 0.00 0.00 0.00 0.00 0.00 0.00 0.00 0.00 0.00 0.22 0.73 0.00 0.00 0.00 0.00 0.29 0.15 0.15 0.07 1.31 1.68 0.00 3.29 7.71 10.59 8.79 0.00 0.00 0.00 0.00 0.00 0.00 0.00 0.00 14.99 0.00 4.37 10.16 12.24 10.27 11.31 7.87 8.04 6.38 4.26 2.38 0.00 0.00 0.00 3.60 2.75 0.00 0.00 0.00 3.83 7.60 0.00 0.00
0.00 0.00 0.00 0.00 0.00 0.00 0.00 11.46 11.39 7.15 6.28 13.43 10.95 10.29 12.48 12.77 10.29 5.57 5.19 5.18 1.75 2.19 0.00 0.00 0.15 0.00 0.00 0.00 0.00 0.00 0.00 0.00 0.00 0.00 0.00 0.00 0.22 0.22 0.00 0.00 0.22 0.95 0.58 0.58 0.73 0.73 0.00 2.39 7.09 9.51 8.80 0.00 0.00 0.00 0.00 0.00 0.00 0.00 0.00 0.00 0.00 0.00 0.00 5.30 4.63 12.04 7.65 9.92 12.12 9.02 6.72 4.35 2.88 0.00 0.00 5.51 4.47 2.53 0.00 0.00 0.00 0.00 0.00 0.00
0.00 0.00 0.00 0.00 0.00 0.00 0.00 0.00 0.00 0.00 0.00 0.00 0.00 0.00 0.00 9.71 0.00 7.57 7.69 8.69 10.15 10.59 6.64 5.77 4.23 3.14 7.45 6.79 0.00 0.00 3.58 4.31 4.16 0.00 2.92 5.99 4.67 4.16 5.99 6.90 7.15 4.57 4.60 4.60 2.77 3.21 0.00 1.17 3.78 0.00 0.00 0.00 0.00 0.00 0.00 0.00 0.00 0.00 0.00 0.00 0.00 0.00 0.00 0.00 0.00 5.26 10.01 0.00 0.00 0.00 0.00 0.00 0.00 0.00 0.00 4.36 3.83 0.00 0.00 0.00 0.00 0.00 0.00 0.00
0.00 0.00 0.00 0.00 0.00 0.00 0.00 0.00 0.00 0.00 0.00 0.00 0.00 0.00 0.00 0.00 0.00 0.00 0.00 9.86 10.73 9.23 7.74 9.05 9.42 8.93 11.23 6.13 3.72 4.09 8.32 9.78 3.43 2.70 4.45 8.18 9.78 8.32 7.74 7.01 7.22 8.11 8.03 8.97 7.74 3.43 4.38 1.12 2.02 0.00 0.00 0.00 0.00 0.00 0.00 0.00 0.00 0.00 0.00 0.00 0.00 0.00 0.00 0.00 0.00 0.00 0.00 0.00 0.00 0.00 0.00 0.00 0.00 0.00 0.00 0.00 0.00 0.00 0.00 0.00 0.00 0.00 0.00 0.00
0.00 0.00 0.00 0.00 0.00 0.00 0.00 0.00 0.00 0.00 0.00 0.00 0.00 0.00 0.00 0.00 0.00 0.00 0.00 0.00 0.00 9.20 9.56 6.72 10.07 11.01 10.43 8.10 8.83 11.02 11.46 10.95 8.97 4.31 5.18 6.20 8.32 10.51 8.47 8.54 0.00 7.23 9.53 12.10 13.13 6.61 3.19 0.00 0.00 0.00 0.00 0.00 0.00 0.00 0.00 0.00 0.00 0.00 0.00 0.00 0.00 0.00 0.00 0.00 0.00 0.00 0.00 0.00 0.00 0.00 0.00 0.00 0.00 0.00 0.00 0.00 0.00 0.00 0.00 0.00 0.00 0.00 0.00 0.00
0.00 0.00 0.00 0.00 0.00 0.00 0.00 0.00 0.00 0.00 0.00 0.00 0.00 0.00 0.00 0.00 0.00 0.00 0.00 0.00 0.00 0.00 0.00 0.00 7.74 0.00 0.00 8.83 10.22 8.83 0.00 0.00 8.59 0.00 0.00 0.00 0.00 0.00 0.00 0.00 0.00 0.00 9.08 10.37 0.00 0.00 0.00 0.00 0.00 0.00 0.00 0.00 0.00 0.00 0.00 0.00 0.00 0.00 0.00 0.00 0.00 0.00 0.00 0.00 0.00 0.00 0.00 0.00 0.00 0.00 0.00 0.00 0.00 0.00 0.00 0.00 0.00 0.00 0.00 0.00 0.00 0.00 0.00 0.00
