Wansh/Snow_depth/snowdepth-1998/spring/1998082.txt
ncols 321
nrows 161
xllcenter 60
yllcenter 15 
cellsize  0.25 
NODATA_value -1
[rows 0 to 36 of 161, columns 83 to 165 of 321]
22.92 22.56 23.29 23.29 23.65 17.96 15.91 16.28 15.62 16.86 19.49 20.00 20.00 20.00 21.61 20.37 20.73 17.59 22.34 22.34 21.10 21.46 21.17 13.65 12.34 14.53 7.45 5.04 4.74 4.96 6.28 8.18 8.32 6.86 3.80 4.60 1.97 4.38 5.18 3.14 8.69 7.81 11.46 9.64 9.64 9.93 8.25 8.32 6.86 7.66 7.23 11.32 10.73 11.32 8.10 8.18 13.14 10.37 10.80 7.30 5.69 5.69 3.58 3.80 3.36 4.45 4.31 4.96 5.11 5.11 6.86 9.49 9.64 13.29 13.29 11.83 10.73 10.73 13.65 17.08 16.50 14.97 12.48
20.81 21.10 21.97 21.46 20.29 16.94 14.89 14.97 16.50 15.99 19.49 20.22 18.47 17.45 15.26 12.41 13.36 14.16 16.64 16.64 20.29 17.30 15.99 15.84 15.18 12.12 6.28 8.47 4.60 5.26 5.69 5.62 6.13 6.28 4.02 1.75 2.48 2.41 3.65 3.29 8.25 12.56 11.02 14.53 14.53 10.73 10.95 8.91 10.59 6.28 6.57 6.28 4.96 5.48 5.77 6.42 5.62 7.74 7.01 7.01 7.37 7.15 7.37 7.96 7.96 5.11 6.13 6.06 8.18 8.18 10.44 10.29 11.46 11.10 13.87 14.53 14.89 16.86 17.45 16.50 16.21 14.97 15.26
22.41 19.27 20.29 13.43 13.65 13.51 15.04 17.45 19.35 21.10 20.59 20.66 19.56 20.22 15.62 14.45 14.24 11.53 12.48 12.48 12.26 12.99 12.99 16.50 15.55 13.43 9.78 7.88 8.61 5.99 6.64 6.13 5.48 4.53 4.89 4.67 3.14 3.29 5.69 9.34 8.69 7.23 12.63 13.07 13.07 11.10 13.51 13.36 11.61 12.63 6.06 4.82 4.96 4.74 5.18 4.96 7.30 7.15 8.40 10.51 10.29 9.71 9.56 9.64 9.42 9.71 9.42 12.99 12.48 12.48 13.65 12.41 11.61 12.26 12.92 15.18 19.05 20.44 19.71 19.86 18.25 17.01 18.69
22.41 19.27 20.29 13.43 13.65 13.51 15.04 17.45 19.35 21.10 20.59 20.66 19.56 20.22 15.62 14.45 14.24 11.53 12.48 12.48 12.26 12.99 12.99 16.50 15.55 13.43 9.78 7.88 8.61 5.99 6.64 6.13 5.48 4.53 4.89 4.67 3.14 3.29 5.69 9.34 8.69 7.23 12.63 13.07 13.07 11.10 13.51 13.36 11.61 12.63 6.06 4.82 4.96 4.74 5.18 4.96 7.30 7.15 8.40 10.51 10.29 9.71 9.56 9.64 9.42 9.71 9.42 12.99 12.48 12.48 13.65 12.41 11.61 12.26 12.92 15.18 19.05 20.44 19.71 19.86 18.25 17.01 18.69
16.13 20.44 14.97 13.72 15.99 15.91 17.01 15.99 17.81 18.91 16.64 20.37 19.64 17.67 17.96 17.59 14.89 13.07 10.80 10.80 11.53 11.90 12.05 14.53 14.45 16.64 13.65 7.96 8.69 7.66 6.28 5.11 5.33 6.28 6.06 5.77 7.66 6.57 6.28 2.34 4.02 4.89 1.46 8.47 8.47 8.03 11.83 14.45 14.31 12.99 10.15 11.46 5.84 6.13 5.04 4.96 5.04 5.84 9.71 9.13 12.48 12.19 13.36 14.09 14.31 13.43 12.56 12.12 13.43 13.43 12.56 12.99 11.61 11.68 11.68 13.29 12.41 17.30 18.91 18.91 18.76 17.81 17.67
19.35 19.42 16.79 16.43 16.94 14.97 12.63 13.51 14.02 13.21 15.11 16.94 15.33 16.94 17.16 17.16 18.91 19.20 17.23 17.23 13.80 15.26 14.16 13.72 13.87 13.65 14.16 9.78 7.66 7.59 6.06 5.26 6.35 6.13 8.25 7.81 8.03 4.45 0.22 1.02 0.00 0.37 0.66 0.15 0.15 7.52 6.79 13.65 17.74 15.70 11.97 7.59 8.25 5.55 5.26 5.26 5.91 5.99 7.88 11.10 10.80 12.85 15.99 15.77 15.48 15.91 13.72 12.41 12.63 12.63 10.88 10.66 10.59 12.19 11.97 11.53 10.80 10.66 9.93 9.93 11.97 14.97 15.62
19.64 18.69 18.18 15.91 16.43 15.18 14.31 14.24 12.48 13.07 13.65 15.55 14.97 13.14 14.53 18.03 20.37 19.05 17.96 17.96 18.03 17.74 13.58 13.72 14.67 11.75 8.83 10.15 6.13 5.69 6.86 6.42 8.03 8.61 8.25 6.79 3.65 4.74 1.10 0.00 0.00 0.07 0.00 0.00 0.00 4.31 11.53 10.15 17.45 12.99 13.72 8.18 5.69 5.91 5.99 7.01 6.94 8.25 7.81 11.61 13.65 13.36 15.77 18.18 17.81 16.64 14.24 14.75 11.90 11.90 11.02 11.02 11.90 13.36 13.21 11.97 11.53 11.83 9.71 9.56 9.34 13.07 11.17
19.64 18.69 18.18 15.91 16.43 15.18 14.31 14.24 12.48 13.07 13.65 15.55 14.97 13.14 14.53 18.03 20.37 19.05 17.96 17.96 18.03 17.74 13.58 13.72 14.67 11.75 8.83 10.15 6.13 5.69 6.86 6.42 8.03 8.61 8.25 6.79 3.65 4.74 1.10 0.00 0.00 0.07 0.00 0.00 0.00 4.31 11.53 10.15 17.45 12.99 13.72 8.18 5.69 5.91 5.99 7.01 6.94 8.25 7.81 11.61 13.65 13.36 15.77 18.18 17.81 16.64 14.24 14.75 11.90 11.90 11.02 11.02 11.90 13.36 13.21 11.97 11.53 11.83 9.71 9.56 9.34 13.07 11.17
19.35 18.76 14.97 15.84 16.57 15.33 15.84 13.80 12.12 10.07 11.24 9.71 10.88 11.24 13.21 18.54 18.91 18.61 19.56 19.56 19.05 18.03 19.13 15.70 16.28 11.68 8.47 6.13 6.86 6.42 8.03 7.37 7.30 7.59 7.52 7.30 7.66 2.41 3.07 2.12 1.17 2.92 2.99 5.11 5.11 4.09 9.64 8.10 14.45 10.15 8.40 8.54 9.34 6.64 6.50 7.15 8.03 7.66 9.42 9.78 12.05 14.89 14.60 15.48 16.79 16.79 16.35 15.40 14.97 14.97 14.97 15.55 15.84 15.99 14.24 12.92 13.07 14.31 15.11 13.87 11.10 9.56 9.56
13.29 13.43 13.29 15.11 13.80 12.05 11.68 10.73 11.90 8.98 10.07 10.80 10.37 11.83 15.11 14.16 17.23 20.08 18.47 18.47 20.51 20.08 20.51 16.50 9.86 8.25 8.47 7.96 7.96 7.81 7.96 6.57 7.52 7.37 8.32 8.47 9.13 6.72 5.62 5.04 6.42 3.58 4.60 4.89 4.89 5.99 6.72 7.15 6.72 6.35 8.83 10.88 10.44 12.92 10.07 8.98 7.74 8.98 8.69 9.13 9.78 9.71 10.66 11.10 13.07 14.67 14.09 14.97 15.55 15.55 16.57 16.50 16.06 14.75 15.18 12.41 14.16 13.58 15.48 18.54 12.70 14.31 8.47
13.36 13.43 14.02 11.53 12.26 11.46 8.83 8.03 8.83 8.47 9.20 9.13 9.13 12.70 13.21 16.13 17.81 17.74 17.96 17.96 20.29 20.51 15.04 16.86 11.17 8.47 7.96 8.03 8.03 5.91 6.35 6.42 7.01 7.52 7.45 7.59 6.86 6.57 8.40 6.79 7.23 7.15 6.13 6.42 6.42 6.42 5.55 6.86 6.13 9.34 10.51 9.78 13.43 12.92 10.66 8.18 8.32 11.10 10.51 10.66 10.29 11.24 11.02 10.95 12.26 11.97 14.75 17.23 20.29 20.29 20.29 20.88 18.69 19.56 16.21 13.43 13.07 14.24 18.83 18.10 16.35 8.98 10.73
13.36 13.43 14.02 11.53 12.26 11.46 8.83 8.03 8.83 8.47 9.20 9.13 9.13 12.70 13.21 16.13 17.81 17.74 17.96 17.96 20.29 20.51 15.04 16.86 11.17 8.47 7.96 8.03 8.03 5.91 6.35 6.42 7.01 7.52 7.45 7.59 6.86 6.57 8.40 6.79 7.23 7.15 6.13 6.42 6.42 6.42 5.55 6.86 6.13 9.34 10.51 9.78 13.43 12.92 10.66 8.18 8.32 11.10 10.51 10.66 10.29 11.24 11.02 10.95 12.26 11.97 14.75 17.23 20.29 20.29 20.29 20.88 18.69 19.56 16.21 13.43 13.07 14.24 18.83 18.10 16.35 8.98 10.73
13.36 13.80 13.29 11.53 9.27 7.52 8.03 8.03 8.76 8.98 9.27 8.98 11.53 14.45 16.79 19.05 19.64 21.17 22.41 22.41 22.12 21.10 15.18 10.73 11.02 8.76 7.74 7.30 7.23 6.13 8.18 7.30 7.08 10.22 8.18 8.10 9.49 9.78 9.20 9.71 7.96 8.10 7.96 6.20 6.20 4.31 4.96 5.18 7.74 8.40 10.37 11.97 12.05 8.83 12.34 8.40 10.59 13.36 12.92 14.16 12.70 12.99 12.05 12.56 11.97 14.24 13.87 16.21 19.49 19.49 21.46 21.46 21.02 17.74 18.69 15.04 14.09 11.10 11.32 14.75 14.45 12.05 12.41
14.09 14.45 13.94 11.75 9.71 8.25 9.93 9.20 9.34 8.18 11.46 15.04 17.16 16.64 18.18 20.81 19.71 20.81 19.78 19.78 15.04 11.61 12.26 10.88 8.69 7.30 8.03 6.06 8.54 9.93 9.20 13.87 12.78 12.99 13.14 10.73 11.02 10.88 8.47 5.18 5.40 6.42 3.21 3.14 3.14 3.58 5.18 4.53 6.94 6.94 8.32 8.83 6.42 7.15 5.91 8.03 7.96 12.85 13.21 13.80 10.80 11.90 11.61 12.70 14.97 14.60 16.57 17.89 19.49 19.49 19.20 22.48 22.27 22.92 20.15 16.64 17.45 12.26 10.73 4.67 9.42 8.47 10.44
14.24 12.19 11.39 11.61 9.71 10.73 9.49 8.32 9.71 7.81 9.56 14.16 11.02 12.70 16.72 17.01 16.94 19.35 13.07 13.07 12.41 11.90 10.44 10.29 9.56 8.03 8.76 9.05 8.98 13.21 15.62 15.11 14.67 14.31 15.40 11.68 7.74 8.18 7.59 3.43 2.41 2.34 1.53 2.63 2.63 2.56 4.96 5.91 5.62 6.50 7.15 7.23 6.57 6.64 6.64 8.54 9.34 9.27 8.18 6.20 8.10 8.76 10.29 9.93 12.05 15.48 15.04 17.08 17.96 17.96 20.29 19.78 21.46 18.83 11.68 17.37 12.85 7.96 0.00 0.00 5.55 8.69 8.61
13.65 12.34 12.19 11.32 10.80 10.88 9.42 8.25 8.91 7.88 8.40 8.10 9.05 11.46 11.10 10.22 10.44 11.83 11.90 11.90 11.46 9.56 9.78 9.64 10.22 10.59 10.37 10.22 12.56 12.41 15.91 17.23 17.01 15.18 9.71 10.80 6.35 2.41 2.41 1.83 3.21 4.02 4.74 3.43 3.43 5.04 5.04 5.77 6.13 6.28 6.64 6.57 6.57 7.08 7.59 8.61 8.69 6.57 6.72 5.77 5.62 7.81 7.37 8.25 9.20 9.13 12.99 16.06 19.13 19.13 18.69 20.22 16.13 17.16 10.66 10.29 9.49 11.10 4.60 0.00 4.67 4.38 11.10
13.65 12.34 12.19 11.32 10.80 10.88 9.42 8.25 8.91 7.88 8.40 8.10 9.05 11.46 11.10 10.22 10.44 11.83 11.90 11.90 11.46 9.56 9.78 9.64 10.22 10.59 10.37 10.22 12.56 12.41 15.91 17.23 17.01 15.18 9.71 10.80 6.35 2.41 2.41 1.83 3.21 4.02 4.74 3.43 3.43 5.04 5.04 5.77 6.13 6.28 6.64 6.57 6.57 7.08 7.59 8.61 8.69 6.57 6.72 5.77 5.62 7.81 7.37 8.25 9.20 9.13 12.99 16.06 19.13 19.13 18.69 20.22 16.13 17.16 10.66 10.29 9.49 11.10 4.60 0.00 4.67 4.38 11.10
13.07 13.21 12.85 11.75 12.92 9.71 8.61 8.61 4.74 5.48 7.15 8.83 10.44 12.63 12.26 11.75 11.83 12.70 9.42 9.42 7.88 8.76 8.40 6.94 10.66 10.22 10.95 10.44 10.73 12.12 11.83 16.43 16.13 16.06 11.68 7.23 9.49 2.70 2.99 4.45 4.16 6.13 6.35 6.57 6.57 6.35 6.35 6.50 7.74 7.52 5.62 6.28 5.84 5.99 5.18 4.60 4.23 4.31 5.26 6.28 5.84 9.86 10.07 10.44 9.86 11.97 11.24 14.67 18.61 18.61 21.39 21.32 18.25 11.83 8.47 8.03 8.25 4.89 0.00 0.00 0.58 4.16 6.86
12.92 12.99 13.87 14.02 13.43 13.14 12.85 7.96 3.72 5.77 8.25 10.44 13.07 14.02 14.09 13.58 13.07 12.34 11.24 11.24 10.37 8.10 8.83 5.77 7.37 9.78 9.34 11.39 10.66 12.26 12.05 13.43 17.23 16.35 16.86 11.32 7.15 7.81 3.50 3.07 2.63 3.07 4.96 8.47 8.47 7.74 11.75 9.78 9.42 9.42 6.20 4.45 4.74 3.14 2.56 2.70 3.21 4.74 4.67 8.32 14.09 19.93 19.20 17.89 13.65 14.31 13.72 17.01 22.27 22.27 21.53 19.42 11.61 13.87 7.52 7.30 2.04 0.15 2.77 0.00 1.83 1.17 1.61
11.97 11.46 13.21 14.82 14.53 15.48 14.09 11.61 7.15 9.13 10.44 9.56 12.12 12.78 11.83 10.88 11.68 11.68 12.34 12.34 11.97 9.05 7.74 7.01 6.64 8.61 10.37 10.07 10.44 8.83 10.59 7.96 8.47 13.21 8.61 9.05 7.81 2.19 2.92 2.04 1.68 3.07 3.65 9.56 9.56 12.99 12.26 14.75 11.32 12.05 8.91 6.79 6.28 6.64 4.09 4.02 0.22 5.18 7.30 6.94 10.66 18.25 19.13 19.86 14.89 14.31 14.31 15.99 21.32 21.32 18.32 19.86 13.51 2.34 0.66 0.07 0.80 0.00 0.00 0.00 0.07 0.00 0.00
10.37 11.53 12.05 13.51 14.53 15.62 15.70 8.83 11.10 13.72 13.07 16.72 16.86 15.33 13.14 10.44 13.36 11.61 12.19 12.19 12.34 12.34 9.64 7.52 10.44 10.80 11.32 13.58 8.61 10.07 6.72 4.89 4.31 6.72 6.13 4.53 7.23 2.99 0.29 0.00 0.00 3.36 6.06 5.91 5.91 12.63 14.31 14.24 12.92 9.56 8.98 10.73 10.29 7.52 8.40 7.52 9.49 8.54 9.05 6.35 7.01 11.32 15.84 11.39 15.91 14.45 15.04 14.89 11.83 11.83 12.85 6.06 1.61 1.97 0.15 0.00 0.00 0.00 0.00 0.00 0.00 0.00 0.00
11.02 11.75 12.05 13.29 12.41 9.93 12.19 8.91 12.70 16.28 19.49 20.66 20.88 22.92 17.01 19.56 16.50 12.41 17.96 17.96 14.89 15.70 13.65 16.79 14.31 18.54 16.43 15.91 12.12 10.80 12.41 5.40 3.87 5.11 5.04 4.16 0.07 0.00 0.22 0.00 3.80 3.21 4.16 3.50 3.50 2.63 9.27 8.18 6.28 6.64 4.23 5.11 11.53 9.86 8.69 8.47 9.93 9.05 6.50 7.15 5.48 7.52 9.13 8.61 11.61 13.65 13.51 13.29 10.44 10.44 6.06 7.01 2.70 1.97 0.44 0.00 0.00 0.00 0.00 0.00 0.00 0.00 0.00
11.02 11.75 12.05 13.29 12.41 9.93 12.19 8.91 12.70 16.28 19.49 20.66 20.88 22.92 17.01 19.56 16.50 12.41 17.96 17.96 14.89 15.70 13.65 16.79 14.31 18.54 16.43 15.91 12.12 10.80 12.41 5.40 3.87 5.11 5.04 4.16 0.07 0.00 0.22 0.00 3.80 3.21 4.16 3.50 3.50 2.63 9.27 8.18 6.28 6.64 4.23 5.11 11.53 9.86 8.69 8.47 9.93 9.05 6.50 7.15 5.48 7.52 9.13 8.61 11.61 13.65 13.51 13.29 10.44 10.44 6.06 7.01 2.70 1.97 0.44 0.00 0.00 0.00 0.00 0.00 0.00 0.00 0.00
10.73 11.83 11.46 11.68 9.27 8.61 9.71 5.84 8.03 15.70 18.25 21.53 21.17 21.17 23.21 22.92 18.54 19.27 18.69 18.69 18.40 17.23 17.16 17.45 16.94 18.32 19.35 19.35 16.21 11.83 7.01 7.74 3.58 2.70 2.41 3.14 0.15 0.00 0.00 0.00 1.39 1.31 2.92 0.95 0.95 0.00 0.00 0.00 1.97 0.00 0.00 0.00 0.00 0.00 2.70 2.99 3.65 7.81 5.04 4.74 4.67 5.91 7.81 10.80 10.07 12.34 12.12 9.20 8.76 8.76 8.83 9.27 5.55 2.34 2.85 0.51 0.00 0.00 0.00 0.00 0.00 0.00 0.00
9.49 8.40 6.94 8.91 7.81 7.59 12.63 6.20 7.37 15.40 21.17 21.17 20.15 19.56 17.16 15.62 16.64 16.50 17.30 17.30 17.23 17.37 20.08 18.03 18.85 17.39 17.58 14.53 14.60 12.56 9.42 7.59 2.99 3.29 1.75 0.00 0.29 0.00 0.00 0.58 0.15 1.39 0.80 0.44 0.44 0.00 0.00 0.00 0.00 0.00 0.00 0.00 0.00 0.00 0.95 0.66 0.00 0.00 0.00 0.00 3.72 5.33 4.96 6.79 8.32 8.69 9.56 8.47 7.52 7.52 8.91 8.32 8.54 6.28 3.43 0.66 1.24 0.22 0.00 0.00 0.00 0.00 0.00
9.20 8.10 7.37 8.40 12.41 17.81 9.49 21.10 22.56 22.85 22.19 22.34 17.81 16.43 16.35 14.60 15.11 18.40 19.05 19.05 19.13 18.69 20.81 19.93 20.55 20.30 17.51 19.83 17.61 17.08 14.09 10.00 8.10 3.07 3.14 3.29 0.66 0.73 0.29 0.58 1.39 1.17 0.80 0.00 0.00 0.95 0.00 0.00 0.00 0.00 0.00 0.00 0.00 0.00 0.00 0.00 0.00 0.00 0.00 0.00 0.00 3.50 5.04 5.99 5.55 5.77 6.72 5.84 7.15 7.15 8.32 7.23 5.55 3.87 4.09 4.38 3.58 1.68 0.07 0.73 0.00 0.00 0.00
7.01 7.08 8.69 8.03 12.05 16.79 17.59 21.39 21.90 22.92 17.52 14.16 15.04 11.17 11.53 14.16 12.78 17.67 21.83 21.83 21.24 19.35 19.94 21.07 20.77 19.44 20.88 21.17 18.58 19.57 12.66 13.14 12.41 6.94 5.62 5.99 6.57 1.46 1.53 1.90 1.75 0.80 1.10 0.00 0.00 0.00 0.00 0.00 0.00 0.00 0.00 0.00 0.00 0.00 0.00 0.00 0.00 0.00 0.00 0.00 0.00 0.00 3.07 3.94 5.48 4.60 4.60 5.91 9.49 9.49 9.42 9.78 7.66 5.91 5.77 4.82 5.84 4.89 2.19 2.41 0.95 1.53 0.00
5.84 8.61 10.22 9.71 12.34 17.52 17.23 19.13 22.48 24.16 20.44 14.09 9.93 8.54 9.49 12.92 12.12 21.83 21.61 21.61 19.03 13.64 14.60 14.45 18.32 14.30 20.08 20.70 23.88 22.89 24.63 15.77 15.62 17.52 10.15 10.07 11.75 9.64 3.36 1.97 2.70 1.68 0.00 0.00 0.00 0.00 0.00 0.00 0.00 0.00 0.00 0.00 0.00 0.00 0.00 0.00 0.00 0.00 0.00 0.00 0.00 0.00 4.02 6.64 5.91 6.79 7.15 6.79 10.15 10.15 11.61 10.80 8.10 6.50 4.96 4.89 5.40 5.33 4.45 2.19 1.46 1.31 0.29
5.84 8.61 10.22 9.71 12.34 17.52 17.23 19.13 22.48 24.16 20.44 14.09 9.93 8.54 9.49 12.92 12.12 21.83 21.61 21.72 19.65 13.85 15.63 14.09 18.79 14.09 20.08 20.08 22.19 21.38 25.01 15.93 16.27 19.69 10.74 10.33 11.75 9.64 3.36 1.97 2.70 1.68 0.00 0.00 0.00 0.00 0.00 0.00 0.00 0.00 0.00 0.00 0.00 0.00 0.00 0.00 0.00 0.00 0.00 0.00 0.00 0.00 4.02 6.64 5.91 6.79 7.15 6.79 10.15 10.15 11.61 10.80 8.10 6.50 4.96 4.89 5.40 5.33 4.45 2.19 1.46 1.31 0.29
9.49 9.93 12.34 14.09 18.61 17.16 16.79 25.77 28.11 24.82 26.06 20.00 12.70 14.16 9.05 15.99 24.89 23.73 24.45 24.45 18.98 14.16 10.22 5.80 9.93 8.98 16.22 19.25 22.23 28.25 27.59 30.67 21.33 24.11 24.93 15.65 13.92 15.93 6.79 3.80 2.19 3.14 2.41 0.00 0.00 0.00 0.00 0.00 0.00 0.00 0.00 0.00 0.00 0.00 0.00 0.00 0.00 0.00 0.00 0.00 0.00 0.00 1.10 5.04 6.94 11.83 11.83 11.97 13.58 13.58 11.17 9.34 7.23 5.18 4.60 4.16 6.06 4.96 3.14 3.36 2.12 1.83 0.00
8.98 10.07 10.15 11.32 14.09 15.18 15.91 21.61 25.04 27.16 23.65 24.09 18.40 19.71 15.62 18.61 25.04 24.45 17.45 17.45 12.77 13.65 8.36 4.09 5.11 5.14 3.85 11.46 16.04 31.14 34.29 34.09 26.57 24.82 29.28 28.30 20.20 15.42 17.75 7.23 5.33 4.82 6.13 4.31 4.31 1.24 0.00 0.00 0.44 0.00 0.00 0.00 0.00 0.00 0.00 0.00 0.00 0.00 0.00 0.00 0.00 0.00 0.00 1.75 0.00 10.88 12.12 12.63 12.63 12.63 13.36 13.80 9.34 5.91 5.33 5.77 5.18 5.84 4.67 5.99 2.77 2.04 2.34
10.80 9.64 10.15 9.78 9.20 11.68 14.97 13.80 15.11 14.97 20.08 17.67 14.24 12.05 15.48 14.31 18.18 13.36 12.48 12.48 10.00 5.69 3.21 3.80 3.14 0.00 5.77 12.41 11.13 24.87 35.73 31.24 32.63 29.05 28.91 31.12 24.16 22.06 17.74 19.35 19.27 9.78 5.99 2.63 2.63 3.65 1.97 1.39 0.22 0.44 0.00 0.00 0.00 0.00 0.00 0.00 0.00 0.00 0.00 0.00 0.00 0.00 0.00 0.00 6.42 4.82 9.56 5.69 9.86 9.86 13.43 10.88 7.23 4.89 5.04 4.82 4.02 7.08 8.83 8.40 5.26 6.57 2.41
9.42 10.51 5.48 5.99 7.96 11.17 11.97 16.94 16.28 17.08 17.59 18.10 17.08 13.87 11.90 11.53 9.42 10.15 8.40 8.40 3.21 3.87 2.48 4.38 3.65 4.45 8.32 11.61 21.86 19.86 30.37 28.40 24.97 30.08 30.44 31.83 30.73 28.53 25.95 23.02 20.65 20.95 9.49 5.33 5.33 3.29 3.65 0.00 0.00 1.68 1.10 0.00 0.00 0.00 0.00 0.00 0.00 0.00 0.00 0.00 0.00 0.00 0.00 0.00 0.00 0.00 3.14 6.42 5.48 5.48 9.49 5.84 6.94 3.36 1.39 1.90 1.10 7.45 10.07 11.24 11.10 7.52 8.32
8.25 4.31 3.94 4.53 0.00 0.00 0.00 0.00 16.35 12.61 14.82 17.89 16.86 16.86 11.46 6.86 5.40 0.37 0.51 0.51 0.51 2.41 0.37 4.09 9.86 10.80 10.22 15.04 18.14 18.61 18.40 23.14 21.97 23.00 28.25 32.56 26.94 23.36 28.32 26.98 23.81 20.10 16.43 12.12 12.12 7.23 4.38 4.96 4.38 3.36 3.50 3.43 2.99 0.00 0.00 0.00 0.00 0.00 0.00 0.00 0.80 0.00 0.88 0.00 0.00 0.00 0.00 0.00 0.00 0.00 3.21 3.36 0.00 0.00 0.44 0.00 0.00 2.63 9.27 8.47 7.59 9.42 7.52
2.56 2.77 4.31 3.50 0.00 0.00 0.00 0.00 15.40 11.83 8.32 10.15 7.88 7.23 7.45 5.48 0.51 0.00 0.15 0.15 0.00 0.00 0.00 0.00 10.44 16.35 16.06 16.79 18.25 18.38 20.80 18.99 19.88 19.42 17.67 21.75 23.43 15.99 19.61 25.77 25.19 19.54 11.90 10.07 10.07 10.07 9.05 7.15 7.74 5.84 4.67 0.00 0.00 0.00 0.00 0.00 0.00 0.00 0.00 0.00 0.00 1.10 1.10 0.73 0.00 0.37 0.00 0.00 0.00 0.00 0.00 0.00 0.00 0.00 0.07 0.29 0.00 1.02 2.99 0.00 5.69 8.54 8.32
2.56 2.77 4.31 3.50 0.00 0.00 0.00 0.00 15.40 11.53 8.32 10.15 7.88 7.23 7.45 5.48 0.51 0.00 0.15 0.15 0.00 0.00 0.00 0.00 10.44 16.35 16.06 16.79 18.25 18.10 20.08 18.32 19.78 18.83 17.67 21.86 23.55 15.99 19.52 26.03 25.19 19.35 11.90 10.07 10.07 10.07 9.05 7.15 7.74 5.84 4.67 0.00 0.00 0.00 0.00 0.00 0.00 0.00 0.00 0.00 0.00 1.10 1.10 0.73 0.00 0.37 0.00 0.00 0.00 0.00 0.00 0.00 0.00 0.00 0.07 0.29 0.00 1.02 2.99 0.00 5.69 8.54 8.32
0.00 0.00 0.00 0.00 0.00 0.00 0.00 15.55 17.64 13.34 8.54 6.79 7.45 4.45 0.66 0.00 0.00 0.00 0.00 0.00 0.00 0.00 0.00 0.00 6.72 14.02 19.20 21.02 21.02 19.93 21.90 20.08 17.30 17.67 15.04 14.60 12.56 12.48 13.94 14.23 14.02 15.70 8.10 7.15 7.15 7.37 6.72 10.80 8.91 8.18 8.47 6.06 0.00 0.00 0.00 0.00 0.00 0.00 0.00 0.00 0.00 0.00 0.22 0.37 0.00 0.00 0.00 0.00 0.00 0.00 0.00 0.00 0.00 0.00 0.00 0.00 0.00 0.00 0.00 0.00 0.00 4.67 0.00
