Wansh/Snow_depth/snowdepth-1998/spring/1998096.txt
ncols 321
nrows 161
xllcenter 60
yllcenter 15 
cellsize  0.25 
NODATA_value -1
[rows 0 to 36 of 161, columns 0 to 82 of 321]
18.98 18.98 23.00 21.97 23.58 23.58 23.65 26.21 25.48 26.65 25.77 25.26 24.45 25.40 24.24 22.63 22.92 20.81 18.98 19.49 17.74 17.59 18.98 17.89 18.25 17.30 17.30 16.72 18.03 17.45 18.47 18.76 17.16 17.81 17.81 18.10 17.37 18.47 19.49 19.05 20.37 21.53 17.96 18.40 19.71 19.71 17.01 19.35 19.86 20.08 19.20 19.20 19.20 19.27 18.76 18.76 18.76 20.73 21.68 22.41 23.07 19.05 19.05 21.75 21.75 21.75 21.10 15.26 14.53 15.48 14.24 8.91 1.90 0.00 0.00 0.00 0.00 0.00 0.00 0.00 0.00 0.00 0.00
22.56 22.56 23.07 23.00 22.70 25.33 26.28 26.13 24.89 22.85 24.09 23.36 23.29 21.32 18.76 18.61 16.86 16.72 16.72 15.40 17.23 18.61 18.32 17.81 16.79 16.94 16.94 16.28 16.64 16.43 18.25 16.21 16.86 16.06 15.40 16.94 17.37 16.06 17.30 17.74 17.45 15.11 17.52 14.89 15.18 15.55 15.33 16.28 16.72 17.81 17.96 17.96 18.54 18.69 18.91 18.03 19.05 20.00 19.56 21.17 17.45 20.95 19.86 19.49 15.33 20.00 13.14 10.73 8.91 2.26 1.68 2.19 1.83 0.00 0.00 0.00 0.00 0.00 0.00 0.00 0.00 0.00 0.00
20.73 20.73 22.27 21.75 24.16 23.29 25.70 23.65 24.24 20.95 20.08 19.56 18.10 20.29 16.72 15.55 15.48 16.21 15.91 16.13 16.21 16.50 16.28 16.64 16.35 17.08 17.08 17.01 16.86 16.72 15.91 16.21 14.53 14.60 14.24 15.55 17.30 17.45 16.35 11.46 12.99 12.78 13.58 12.26 13.14 14.75 14.53 14.67 15.70 16.50 16.35 16.35 16.94 15.33 15.99 16.72 16.94 11.61 11.97 14.82 13.36 16.21 11.53 18.91 11.24 16.64 5.18 5.26 3.72 0.00 2.12 2.63 2.48 2.26 0.95 1.02 1.02 0.66 0.00 0.00 0.00 0.00 0.00
20.73 20.73 22.27 21.75 24.16 23.29 25.70 23.65 24.24 20.95 20.08 19.56 18.10 20.29 16.72 15.55 15.48 16.21 15.91 16.13 16.21 16.50 16.28 16.64 16.35 17.08 17.08 17.01 16.86 16.72 15.91 16.21 14.53 14.60 14.24 15.55 17.30 17.45 16.35 11.46 12.99 12.78 13.58 12.26 13.14 14.75 14.53 14.67 15.70 16.50 16.35 16.35 16.94 15.33 15.99 16.72 16.94 11.61 11.97 14.82 13.36 16.21 11.53 18.91 11.24 16.64 5.18 5.26 3.72 0.00 2.12 2.63 2.48 2.26 0.95 1.02 1.02 0.66 0.00 0.00 0.00 0.00 0.00
19.56 19.56 16.94 17.37 20.88 18.61 17.89 17.52 16.72 16.94 18.10 17.37 17.52 15.48 14.82 15.11 15.48 16.13 16.13 16.21 15.70 15.99 16.79 16.35 16.86 14.53 14.53 15.55 16.21 14.53 15.26 14.60 14.16 14.60 11.97 11.75 11.46 11.02 9.34 4.53 4.23 5.18 8.91 5.55 7.01 10.29 12.63 9.56 14.24 15.26 16.06 16.06 12.70 11.90 9.05 8.18 7.96 9.20 6.64 2.70 4.67 4.45 8.32 9.42 6.35 5.48 3.36 3.80 3.14 2.26 2.70 2.70 2.34 2.34 2.26 3.94 3.94 1.75 2.34 0.00 0.00 0.00 0.00
15.70 15.70 15.84 16.35 18.10 17.52 17.45 17.01 17.37 16.50 16.72 17.74 16.43 17.37 15.91 16.13 15.99 16.50 15.99 15.99 15.62 16.21 15.84 16.72 13.87 14.53 14.53 12.99 13.43 13.14 14.60 14.31 15.70 12.92 11.46 7.01 8.03 4.38 4.02 3.80 4.16 1.46 1.53 1.10 2.77 3.58 7.23 1.68 5.84 0.00 0.00 0.00 2.26 0.00 2.04 3.43 2.12 3.87 3.29 2.41 3.65 2.77 2.41 5.69 8.69 5.62 3.58 2.99 2.85 2.63 2.63 1.46 0.88 2.04 1.83 2.70 2.70 0.00 0.00 0.00 0.00 0.00 0.00
16.72 16.72 17.16 15.91 18.69 21.17 21.10 20.95 20.51 18.61 18.54 16.86 17.45 14.60 15.40 15.11 17.08 16.43 16.43 15.55 15.91 13.80 14.24 14.97 14.02 12.56 12.56 12.19 12.12 13.36 14.53 14.82 14.89 12.78 13.36 8.10 7.30 4.89 4.82 3.07 1.68 1.75 0.95 1.02 1.17 0.00 0.66 0.00 0.00 0.00 0.00 0.00 0.00 0.00 0.00 0.00 1.53 2.85 2.12 0.00 0.00 0.58 1.97 2.19 2.85 2.56 3.80 3.87 0.58 0.00 0.00 0.00 0.00 0.00 0.00 0.00 0.00 0.00 0.00 0.00 0.00 0.00 0.00
16.72 16.72 17.16 15.91 18.69 21.17 21.10 20.95 20.51 18.61 18.54 16.86 17.45 14.60 15.40 15.11 17.08 16.43 16.43 15.55 15.91 13.80 14.24 14.97 14.02 12.56 12.56 12.19 12.12 13.36 14.53 14.82 14.89 12.78 13.36 8.10 7.30 4.89 4.82 3.07 1.68 1.75 0.95 1.02 1.17 0.00 0.66 0.00 0.00 0.00 0.00 0.00 0.00 0.00 0.00 0.00 1.53 2.85 2.12 0.00 0.00 0.58 1.97 2.19 2.85 2.56 3.80 3.87 0.58 0.00 0.00 0.00 0.00 0.00 0.00 0.00 0.00 0.00 0.00 0.00 0.00 0.00 0.00
16.57 16.57 16.50 18.25 20.37 20.95 20.15 20.44 20.00 19.49 19.64 17.30 16.57 15.70 15.33 17.08 16.35 17.37 15.77 16.13 14.16 14.24 14.24 13.65 12.56 12.70 12.70 11.75 12.26 11.97 13.21 13.51 13.14 13.43 12.56 9.20 10.29 6.28 8.32 5.26 2.92 4.23 1.24 1.31 0.00 0.00 0.00 0.00 0.00 0.00 0.00 0.00 0.00 0.00 0.00 0.00 0.00 0.00 0.00 0.00 0.00 0.00 0.00 0.00 1.83 0.00 0.00 0.00 0.00 0.00 0.00 0.00 0.00 0.00 0.00 0.00 0.00 0.00 0.00 0.00 0.00 0.00 0.00
16.13 16.13 17.52 16.79 20.37 19.93 20.00 18.91 19.27 18.69 16.79 17.37 16.86 18.98 18.54 18.10 17.23 15.26 15.26 12.05 14.16 10.66 11.17 12.34 12.41 11.75 11.75 11.61 11.17 12.85 12.99 12.78 12.48 12.41 12.56 11.68 10.51 9.20 11.61 10.44 9.86 7.59 9.56 1.61 0.00 0.00 0.00 0.00 0.00 0.00 0.00 0.00 0.00 0.00 0.00 0.00 0.00 0.00 0.00 0.00 0.00 0.00 0.00 0.00 0.00 0.00 0.00 0.00 0.00 0.00 0.00 0.00 0.00 0.00 0.00 0.00 0.00 0.00 0.00 0.00 0.00 0.00 0.00
14.53 14.53 16.50 18.10 19.35 19.35 17.23 17.52 16.21 15.40 15.55 15.62 16.57 18.03 17.16 17.89 15.33 14.97 10.88 11.75 9.27 10.15 9.86 12.12 12.41 12.56 12.56 12.56 12.34 12.05 11.61 11.53 11.75 11.90 11.46 12.34 12.19 11.68 11.75 13.58 13.51 11.97 10.51 5.26 1.39 0.00 1.17 0.00 0.00 0.00 0.00 0.00 0.00 0.00 0.00 0.00 0.00 0.00 0.00 0.00 0.00 0.00 0.00 0.00 0.00 0.00 0.00 0.00 0.00 0.00 0.00 0.00 0.00 0.00 0.00 0.00 0.00 0.00 0.00 0.00 0.00 0.00 0.00
14.53 14.53 16.50 18.10 19.35 19.35 17.23 17.52 16.21 15.40 15.55 15.62 16.57 18.03 17.16 17.89 15.33 14.97 10.88 11.75 9.27 10.15 9.86 12.12 12.41 12.56 12.56 12.56 12.34 12.05 11.61 11.53 11.75 11.90 11.46 12.34 12.19 11.68 11.75 13.58 13.51 11.97 10.51 5.26 1.39 0.00 1.17 0.00 0.00 0.00 0.00 0.00 0.00 0.00 0.00 0.00 0.00 0.00 0.00 0.00 0.00 0.00 0.00 0.00 0.00 0.00 0.00 0.00 0.00 0.00 0.00 0.00 0.00 0.00 0.00 0.00 0.00 0.00 0.00 0.00 0.00 0.00 0.00
16.79 16.79 16.21 17.52 14.02 14.89 14.75 14.60 14.67 14.09 14.16 14.16 13.07 12.48 12.78 11.75 12.56 13.14 13.14 11.24 9.93 10.22 10.15 12.05 11.68 11.75 11.75 11.90 11.90 11.83 11.83 11.75 12.19 12.05 13.36 13.94 14.75 13.87 14.16 14.24 12.48 12.05 10.88 3.65 6.94 2.77 4.09 0.44 0.00 0.00 0.00 0.00 0.00 0.00 0.00 0.00 0.00 0.00 0.00 0.00 0.00 0.00 0.00 0.00 0.00 0.00 0.00 0.00 0.00 0.00 0.00 0.00 0.00 0.00 0.00 0.00 0.00 0.00 0.00 0.00 0.00 0.00 0.00
14.53 14.53 16.43 16.57 13.21 10.00 10.29 9.05 8.83 11.61 11.02 10.80 10.59 11.17 11.17 11.32 11.75 13.21 12.63 13.36 11.10 10.51 10.88 11.39 12.12 12.63 12.63 11.53 12.05 11.90 12.99 13.07 12.99 13.65 13.94 15.62 15.70 15.04 13.21 12.19 9.56 10.51 8.47 10.88 9.13 6.06 1.97 0.00 0.00 0.00 0.00 0.00 0.00 0.00 0.00 0.00 0.00 0.00 0.00 0.00 0.00 0.00 0.00 0.00 0.00 0.00 0.00 0.00 0.00 0.00 0.00 0.00 0.00 0.00 0.00 0.00 0.00 0.00 0.00 0.00 0.00 0.00 0.00
14.02 14.02 14.53 12.85 9.93 10.29 7.59 7.74 7.74 7.96 8.76 8.76 9.56 10.07 10.44 10.15 12.48 12.05 14.24 14.45 13.58 14.02 12.48 13.07 12.99 12.99 12.99 13.51 12.85 12.99 12.63 14.02 13.72 13.58 13.36 13.87 14.09 12.34 10.73 9.20 9.20 8.54 11.24 10.51 11.24 7.52 2.99 0.00 0.00 0.00 0.00 0.00 0.00 0.00 0.00 0.00 0.00 0.00 0.00 0.00 0.00 0.00 0.00 0.00 0.00 0.00 0.00 0.00 0.00 0.00 0.00 0.00 0.00 0.00 0.00 0.00 0.00 0.00 0.00 0.00 0.00 0.00 0.00
14.89 14.89 12.99 13.51 10.00 7.96 8.47 8.61 10.59 9.05 10.07 10.51 10.59 10.51 9.78 10.07 11.39 13.87 14.89 15.11 14.82 13.14 13.51 13.36 13.58 14.31 14.31 15.55 16.06 16.06 15.26 14.82 15.18 14.31 14.53 15.11 14.67 11.83 13.65 10.80 12.26 12.78 10.59 9.49 7.96 8.18 10.00 0.00 0.00 0.00 0.00 0.00 0.00 0.00 0.00 0.00 0.00 0.00 0.00 0.00 0.00 0.00 0.00 0.00 0.00 0.00 0.00 0.00 0.00 0.00 0.00 0.00 0.00 0.00 0.00 0.00 0.00 0.00 0.00 0.00 0.00 0.00 0.00
14.89 14.89 12.99 13.51 10.00 7.96 8.47 8.61 10.59 9.05 10.07 10.51 10.59 10.51 9.78 10.07 11.39 13.87 14.89 15.11 14.82 13.14 13.51 13.36 13.58 14.31 14.31 15.55 16.06 16.06 15.26 14.82 15.18 14.31 14.53 15.11 14.67 11.83 13.65 10.80 12.26 12.78 10.59 9.49 7.96 8.18 10.00 0.00 0.00 0.00 0.00 0.00 0.00 0.00 0.00 0.00 0.00 0.00 0.00 0.00 0.00 0.00 0.00 0.00 0.00 0.00 0.00 0.00 0.00 0.00 0.00 0.00 0.00 0.00 0.00 0.00 0.00 0.00 0.00 0.00 0.00 0.00 0.00
14.60 14.60 12.85 9.42 10.15 8.40 9.42 9.20 11.46 11.97 12.70 12.41 14.16 12.78 11.39 13.21 14.75 13.65 17.52 18.76 17.30 17.67 17.01 17.08 15.18 15.70 15.70 14.82 12.99 13.94 15.40 14.89 15.91 14.53 15.18 13.43 15.40 15.40 15.91 14.38 14.75 14.45 13.65 11.02 12.41 12.41 12.12 0.00 0.00 0.00 0.00 0.00 0.00 0.00 0.00 0.00 0.00 0.00 0.00 0.00 0.00 0.00 0.00 0.00 0.00 0.00 0.00 0.00 0.00 0.00 0.00 0.00 0.00 0.00 0.00 0.00 0.00 0.00 0.00 0.00 0.00 0.00 0.00
12.99 12.99 14.24 11.32 11.17 10.44 10.73 11.97 12.05 12.26 13.72 15.77 15.26 15.26 14.97 14.97 15.91 18.18 19.56 19.49 18.25 16.35 16.35 15.77 14.60 13.51 13.51 12.05 12.92 13.43 10.73 9.78 12.34 11.53 7.37 9.49 12.99 10.37 15.48 13.87 15.11 12.92 13.07 12.85 12.41 11.39 7.88 0.00 0.00 0.00 0.00 0.00 0.00 0.00 0.00 0.00 0.00 0.00 0.00 0.00 0.00 0.00 0.00 0.00 0.00 0.00 0.00 0.00 0.00 0.00 0.00 0.00 0.00 0.00 0.00 0.00 0.00 0.00 0.00 0.00 0.00 0.00 0.00
15.33 15.33 13.36 13.94 12.34 11.83 12.78 12.26 15.33 16.57 14.67 16.57 18.03 16.35 15.40 15.77 16.50 17.08 17.52 16.86 15.70 15.62 13.14 13.36 12.92 12.92 12.92 12.19 11.53 10.51 8.83 3.36 0.00 3.36 4.38 0.00 7.08 6.13 10.73 12.41 10.88 11.97 9.71 0.00 0.00 0.00 0.00 0.00 0.00 0.00 0.00 0.00 0.00 0.00 6.35 0.00 0.00 0.00 0.00 0.00 0.00 0.00 0.00 0.00 0.00 0.00 0.00 0.00 0.00 0.00 0.00 0.00 0.00 0.00 0.00 0.00 0.00 0.00 0.00 0.00 0.00 0.00 0.00
18.98 18.98 15.48 13.51 13.94 12.56 14.31 16.79 16.13 18.98 20.00 19.42 19.49 17.96 17.52 17.52 15.77 15.84 15.91 15.77 15.91 14.53 15.40 11.97 12.99 10.37 10.37 10.00 6.94 4.89 5.84 3.80 3.14 0.00 0.00 0.00 3.36 12.78 0.00 0.00 0.00 0.00 0.00 0.00 0.00 0.00 0.00 0.00 0.00 10.29 0.00 0.00 2.63 0.00 0.00 0.00 0.00 0.00 0.00 0.00 0.00 0.00 0.00 0.00 0.00 0.00 0.00 0.00 0.00 0.00 0.00 0.00 0.00 0.00 0.00 0.00 0.00 0.00 0.00 0.00 0.00 0.00 0.00
18.47 18.47 19.27 19.42 19.35 20.22 16.28 18.54 20.15 19.71 20.59 20.73 19.27 19.35 18.54 17.01 17.37 16.79 16.43 17.16 17.23 17.01 17.37 12.70 8.83 6.06 6.06 6.28 7.23 5.84 1.90 0.00 0.00 0.00 0.00 4.23 10.59 0.00 0.00 0.00 0.00 0.00 0.00 0.00 0.00 0.00 0.00 0.00 0.00 0.00 0.00 0.00 0.00 0.00 0.00 0.00 0.00 0.00 0.00 0.00 0.00 0.00 0.00 0.00 0.00 0.00 0.00 0.00 0.00 0.00 0.00 0.00 0.00 0.00 0.00 0.00 0.00 0.00 0.00 0.00 0.00 0.00 0.00
18.47 18.47 19.27 19.42 19.35 20.22 16.28 18.54 20.15 19.71 20.59 20.73 19.27 19.35 18.54 17.01 17.37 16.79 16.43 17.16 17.23 17.01 17.37 12.70 8.83 6.06 6.06 6.28 7.23 5.84 1.90 0.00 0.00 0.00 0.00 4.23 10.59 0.00 0.00 0.00 0.00 0.00 0.00 0.00 0.00 0.00 0.00 0.00 0.00 0.00 0.00 0.00 0.00 0.00 0.00 0.00 0.00 0.00 0.00 0.00 0.00 0.00 0.00 0.00 0.00 0.00 0.00 0.00 0.00 0.00 0.00 0.00 0.00 0.00 0.00 0.00 0.00 0.00 0.00 0.00 0.00 0.00 0.00
20.88 20.88 20.88 20.73 20.73 20.66 20.44 21.46 21.32 20.73 20.37 20.08 20.59 21.02 19.64 19.93 17.89 18.54 16.35 18.03 16.72 16.43 11.24 9.71 10.95 6.13 6.13 0.00 0.00 0.00 0.00 0.00 3.72 3.80 0.00 6.94 0.00 8.98 0.00 0.00 0.00 0.00 0.00 0.00 0.00 0.00 0.00 0.00 0.00 0.00 0.00 0.00 0.00 0.00 0.00 0.00 0.00 0.00 0.00 0.00 0.00 0.00 0.00 0.00 0.00 0.00 0.00 0.00 0.00 0.00 0.00 0.00 0.00 0.00 0.00 0.00 0.00 0.00 0.00 0.00 0.00 0.00 0.00
16.94 16.94 19.71 19.56 19.42 19.64 19.78 20.66 19.71 19.86 18.69 19.42 19.71 19.27 19.56 18.10 18.47 17.59 15.84 11.10 9.05 9.20 8.91 10.22 0.00 0.00 0.00 0.00 0.00 0.00 0.00 0.00 0.00 0.00 9.34 0.00 0.00 0.00 0.00 0.00 0.00 0.00 0.00 0.00 12.56 0.00 0.00 0.00 0.00 0.00 0.00 0.00 0.00 0.00 0.00 0.00 0.00 0.00 0.00 0.00 0.00 0.00 0.00 0.00 0.00 5.84 5.91 0.00 0.00 9.49 0.00 9.71 5.55 6.20 0.00 0.00 0.00 0.00 0.00 0.00 0.00 0.00 0.00
13.80 13.80 13.29 13.36 12.85 13.43 14.02 19.13 18.32 12.41 16.64 15.26 15.77 8.76 9.34 9.13 8.98 0.00 0.00 8.91 0.00 0.00 0.00 0.00 0.00 0.00 0.00 0.00 0.00 0.00 0.00 0.00 0.00 0.00 0.00 0.00 0.00 0.00 0.00 0.00 0.00 0.00 0.00 0.00 15.77 0.00 12.85 0.00 0.00 0.00 0.00 0.00 0.00 0.00 0.00 0.00 0.00 0.00 0.00 0.00 0.00 0.00 10.44 12.12 13.65 14.82 18.47 14.31 15.62 13.29 11.61 15.33 11.02 12.70 6.86 7.52 7.52 0.00 0.00 0.00 0.00 0.00 0.00
8.76 8.76 9.49 9.05 9.20 8.83 7.88 8.54 8.25 8.18 6.79 5.40 1.31 4.31 4.53 0.00 0.00 0.00 0.00 0.00 0.00 0.00 0.00 0.00 0.00 0.00 0.00 0.00 0.00 0.00 0.00 0.00 0.00 0.00 0.00 0.00 0.00 21.17 20.95 20.08 16.94 17.89 18.18 18.25 17.45 15.91 16.35 0.00 0.00 0.00 0.00 0.00 6.42 0.00 0.00 10.80 13.65 12.78 0.00 0.00 11.46 11.97 11.32 14.75 18.18 16.86 16.57 15.77 15.62 17.16 16.50 18.18 16.28 17.08 10.29 10.95 10.95 8.91 0.00 0.00 0.00 0.00 0.00
0.00 0.00 5.77 4.89 2.26 2.26 2.04 2.77 3.65 3.21 3.14 3.14 0.00 0.00 0.00 0.00 0.00 0.00 0.00 0.00 0.00 0.00 0.00 0.00 0.00 0.00 0.00 0.00 0.00 0.00 0.00 0.00 0.00 0.00 0.00 21.24 20.59 22.27 21.83 21.97 19.27 18.18 16.72 14.53 10.73 0.00 0.00 0.00 0.00 0.00 0.00 0.00 0.00 0.00 0.00 0.00 13.29 0.00 0.00 0.00 0.00 9.05 13.21 6.42 11.53 10.59 14.09 13.87 11.17 14.24 7.96 12.19 11.02 14.45 12.34 13.51 13.51 13.29 6.20 0.00 0.00 0.00 0.00
0.00 0.00 5.77 4.89 2.26 2.26 2.04 2.77 3.65 3.21 3.14 3.14 0.00 0.00 0.00 0.00 0.00 0.00 0.00 0.00 0.00 0.00 0.00 0.00 0.00 0.00 0.00 0.00 0.00 0.00 0.00 0.00 0.00 0.00 0.00 21.24 20.59 22.27 21.83 21.97 19.27 18.18 16.72 14.53 10.73 0.00 0.00 0.00 0.00 0.00 0.00 0.00 0.00 0.00 0.00 0.00 13.29 0.00 0.00 0.00 0.00 9.05 13.21 6.42 11.53 10.59 14.09 13.87 11.17 14.24 7.96 12.19 11.02 14.45 12.34 13.51 13.51 13.29 6.20 0.00 0.00 0.00 0.00
0.00 0.00 0.00 0.00 0.00 0.00 0.00 0.00 0.00 0.00 0.00 0.00 0.00 0.00 0.00 0.00 0.00 0.00 0.00 0.00 0.00 0.00 0.00 0.00 0.00 0.00 0.00 0.00 0.00 0.00 0.00 0.00 0.00 0.00 20.88 20.95 21.10 20.51 20.66 19.13 19.86 17.67 16.28 14.97 7.08 0.00 0.00 0.00 0.00 0.00 0.00 0.00 0.00 0.00 0.00 0.00 0.00 0.00 0.00 0.00 0.00 0.00 0.00 0.00 3.94 0.00 3.43 2.92 8.98 9.13 5.04 5.18 4.74 9.56 10.00 13.72 13.72 11.61 11.46 9.56 0.00 0.00 0.00
0.00 0.00 0.00 0.00 0.00 0.00 0.00 0.00 0.00 0.00 0.00 0.00 0.00 0.00 0.00 0.00 0.00 0.00 0.00 0.00 0.00 0.00 0.00 0.00 0.00 0.00 0.00 0.00 0.00 0.00 0.00 0.00 16.79 19.27 19.49 20.08 21.75 22.05 21.75 20.88 19.20 17.23 17.67 16.64 0.00 0.00 0.00 0.00 0.00 0.00 0.00 0.00 0.00 0.00 0.00 0.00 0.00 0.00 0.00 0.00 0.00 0.00 0.00 0.00 0.00 0.00 0.00 1.83 0.00 0.00 0.00 0.00 0.00 2.70 2.99 0.00 0.00 5.40 0.00 0.00 0.00 0.00 0.00
0.00 0.00 0.00 0.00 0.00 0.00 0.00 0.00 0.00 0.00 0.00 0.00 0.00 0.00 0.00 0.00 0.00 0.00 0.00 0.00 0.00 0.00 0.00 0.00 0.00 0.00 0.00 0.00 0.00 0.00 0.00 22.70 17.81 17.96 20.29 21.39 21.24 22.92 22.34 16.13 16.57 16.06 12.56 17.30 8.83 0.00 8.47 0.00 7.23 0.00 0.00 0.00 0.00 0.00 0.00 0.00 0.00 0.00 0.00 0.00 0.00 0.00 0.00 0.00 0.00 0.00 0.00 0.00 0.00 0.00 0.00 0.00 0.00 0.00 0.00 0.00 0.00 0.00 0.00 0.00 0.00 0.00 0.00
0.00 0.00 0.00 0.00 0.00 0.00 0.00 0.00 0.00 0.00 0.00 0.00 0.00 0.00 0.00 0.00 0.00 0.00 0.00 0.00 0.00 0.00 0.00 0.00 0.00 0.00 0.00 0.00 0.00 0.00 0.00 0.00 18.76 16.57 16.64 16.21 18.32 14.24 12.63 11.68 12.56 6.35 11.46 5.62 10.95 9.71 6.13 3.43 3.36 3.21 3.43 3.43 0.00 0.00 0.00 0.00 0.00 0.00 0.00 0.00 0.00 0.00 0.00 0.00 0.00 0.00 0.00 0.00 0.00 0.00 0.00 0.00 0.00 0.00 0.00 0.00 0.00 0.00 0.00 0.00 0.00 0.00 0.00
0.00 0.00 0.00 0.00 0.00 0.00 0.00 0.00 0.00 0.00 0.00 0.00 0.00 0.00 0.00 0.00 0.00 0.00 0.00 0.00 0.00 0.00 0.00 0.00 0.00 0.00 0.00 0.00 0.00 0.00 20.51 15.18 10.88 9.71 8.76 0.00 5.33 5.48 6.35 7.96 4.16 2.99 8.61 6.42 0.00 0.00 0.80 1.24 0.66 0.00 0.00 0.00 0.00 0.00 0.00 0.00 0.00 0.00 0.00 0.00 0.00 0.00 0.00 0.00 0.00 0.00 0.00 0.00 0.00 0.00 0.00 0.00 0.00 0.00 0.00 0.00 0.00 0.00 0.00 0.00 0.00 0.00 0.00
0.00 0.00 0.00 0.00 0.00 0.00 0.00 0.00 0.00 0.00 0.00 0.00 0.00 0.00 0.00 0.00 0.00 0.00 0.00 0.00 0.00 0.00 0.00 0.00 0.00 0.00 0.00 0.00 0.00 7.45 7.08 7.74 0.00 0.00 0.00 0.00 0.00 0.00 0.00 0.00 0.00 0.00 0.00 0.00 0.00 0.00 0.00 0.00 0.00 0.00 0.00 0.00 0.00 0.00 0.00 0.00 0.00 0.00 0.00 0.00 0.00 0.00 0.00 0.00 0.00 0.00 0.00 0.00 0.00 0.00 0.00 0.00 0.00 0.00 0.00 0.00 0.00 0.00 0.00 0.00 0.00 0.00 0.00
0.00 0.00 0.00 0.00 0.00 0.00 0.00 0.00 0.00 0.00 0.00 0.00 0.00 0.00 0.00 0.00 0.00 0.00 0.00 0.00 0.00 0.00 0.00 0.00 0.00 0.00 0.00 0.00 0.00 7.45 7.08 7.74 0.00 0.00 0.00 0.00 0.00 0.00 0.00 0.00 0.00 0.00 0.00 0.00 0.00 0.00 0.00 0.00 0.00 0.00 0.00 0.00 0.00 0.00 0.00 0.00 0.00 0.00 0.00 0.00 0.00 0.00 0.00 0.00 0.00 0.00 0.00 0.00 0.00 0.00 0.00 0.00 0.00 0.00 0.00 0.00 0.00 0.00 0.00 0.00 0.00 0.00 0.00
0.00 0.00 0.00 0.00 0.00 0.00 0.00 0.00 0.00 0.00 0.00 0.00 0.00 0.00 0.00 0.00 0.00 0.00 0.00 0.00 0.00 0.00 0.00 0.00 0.00 0.00 0.00 0.00 0.00 0.00 0.00 1.39 1.75 0.00 0.00 0.00 0.00 0.00 0.00 0.00 0.00 0.00 0.00 0.00 0.00 0.00 0.00 0.00 0.00 0.00 0.00 0.00 0.00 0.00 0.00 0.00 0.00 0.00 0.00 0.00 0.00 0.00 0.00 0.00 0.00 0.00 0.00 0.00 0.00 0.00 0.00 0.00 0.00 0.00 0.00 0.00 0.00 0.00 0.00 0.00 0.00 0.00 0.00
