Wansh/Snow_depth/snowdepth-1998/spring/1998111.txt
ncols 321
nrows 161
xllcenter 60
yllcenter 15 
cellsize  0.25 
NODATA_value -1
[rows 74 to 110 of 161, columns 84 to 167 of 321]
0.00 0.00 0.00 0.00 0.00 0.07 0.00 0.00 1.02 2.92 3.50 2.19 2.56 4.16 4.23 5.04 4.74 4.45 4.45 4.31 4.38 3.72 0.00 0.00 2.70 2.48 2.56 0.00 3.36 3.65 0.00 2.92 3.14 0.00 0.00 3.43 2.92 4.31 2.19 4.09 0.00 1.31 0.58 0.58 0.00 0.95 0.00 0.00 0.00 0.58 0.00 0.00 0.00 0.00 1.27 2.12 0.00 0.00 0.00 0.00 0.00 0.00 0.00 0.00 0.00 0.00 0.00 0.00 0.00 0.00 0.00 0.00 0.00 0.00 0.00 0.00 0.00 0.00 0.00 0.00 0.00 0.00 0.00 0.00
0.00 0.00 0.00 0.00 0.00 1.10 0.29 4.31 0.95 4.60 4.53 4.60 5.55 5.84 4.82 4.09 4.23 4.38 4.38 4.53 4.96 3.94 3.50 4.53 5.11 2.92 3.58 4.09 3.36 4.38 2.77 0.00 4.38 0.00 4.16 5.18 6.13 5.33 4.45 3.94 3.07 0.00 1.31 1.31 1.53 0.00 0.95 1.10 1.46 1.39 0.22 0.00 0.00 0.00 1.24 2.12 1.83 1.17 0.00 0.00 0.58 0.88 0.00 0.00 0.00 0.00 0.00 0.00 0.00 0.00 1.31 0.73 1.17 0.00 0.00 0.00 0.00 0.00 0.00 0.00 0.00 0.00 0.00 0.00
0.00 0.00 0.00 0.00 0.00 1.02 1.10 0.00 4.96 4.89 5.55 5.84 6.57 6.06 4.53 4.82 4.45 4.74 4.74 4.96 3.87 4.82 4.02 3.50 0.00 0.00 2.56 0.00 0.00 0.00 0.00 0.00 0.00 4.09 4.16 3.50 4.02 3.87 4.09 4.02 2.70 2.99 3.65 3.65 0.07 0.88 1.68 1.90 2.48 0.00 1.02 0.07 0.15 1.31 0.95 0.44 0.88 1.10 0.00 0.00 0.00 0.00 0.66 0.00 0.00 0.00 0.00 0.00 0.00 0.00 1.17 1.53 0.00 0.00 0.00 0.00 0.00 0.00 0.00 0.00 0.00 0.00 0.00 0.00
0.00 0.00 0.88 1.17 0.00 1.68 2.04 4.96 4.67 5.11 6.72 6.20 6.57 5.69 4.96 4.67 4.96 5.04 5.04 4.96 3.58 4.82 2.92 4.31 3.94 3.65 0.00 2.85 0.00 0.00 2.92 3.14 3.65 3.43 3.43 0.00 0.00 2.63 3.14 2.77 4.31 2.77 2.77 2.77 1.75 0.00 2.92 0.00 0.00 0.00 0.00 0.00 0.58 1.02 0.00 1.39 1.10 1.31 0.00 0.00 0.00 0.00 1.02 0.00 0.58 0.00 0.00 0.00 0.00 0.58 0.66 0.58 0.00 0.00 0.00 0.00 0.00 0.00 0.00 0.00 0.00 0.00 0.00 0.00
0.44 1.10 0.00 0.00 2.12 1.02 3.87 3.58 4.89 4.67 5.69 6.72 5.69 5.26 5.69 4.74 5.26 5.33 5.33 4.38 4.45 4.60 4.23 4.23 4.02 0.00 2.99 0.00 0.00 0.00 0.00 0.00 0.00 0.00 0.00 3.72 0.00 0.00 3.14 4.74 3.94 0.00 2.26 2.26 0.00 2.12 2.04 0.00 0.00 0.00 0.00 0.00 0.00 0.22 1.83 1.10 1.24 0.00 0.29 0.37 0.00 0.00 0.07 0.00 0.00 0.00 0.00 0.00 0.00 2.12 1.75 0.51 0.00 0.00 0.00 0.00 0.00 0.00 0.00 0.00 0.00 0.00 0.00 0.00
1.02 4.53 3.72 2.56 3.29 3.43 0.00 0.00 4.16 4.67 4.96 4.82 4.53 4.45 4.23 5.11 4.96 4.31 4.31 4.67 3.58 5.18 4.82 4.09 4.02 0.00 0.00 0.00 0.00 0.00 0.00 0.00 0.00 0.00 0.00 0.00 0.00 0.00 3.21 4.31 2.70 0.00 0.00 0.00 0.00 0.00 0.00 0.00 0.00 0.00 0.00 0.00 0.00 0.00 0.00 0.00 1.02 0.00 0.15 0.00 0.29 0.22 0.37 0.00 0.22 0.44 0.80 0.66 0.66 1.31 2.12 1.24 0.00 0.00 0.00 0.00 0.00 0.00 0.00 0.00 0.00 0.00 0.00 0.00
4.96 4.53 0.00 3.72 4.02 3.21 0.00 3.87 3.72 0.00 5.62 3.21 3.50 4.09 3.72 3.94 4.45 3.94 3.94 4.82 5.84 5.11 4.02 3.58 3.21 3.07 3.87 3.58 0.00 0.00 0.00 0.00 0.00 0.00 0.00 5.40 0.00 0.00 4.16 0.00 0.00 0.00 0.00 0.00 0.00 0.00 0.00 0.00 0.00 0.00 0.00 0.00 0.00 0.00 0.00 0.00 0.00 0.00 0.00 0.66 0.00 0.73 0.00 0.00 0.00 0.00 0.00 0.00 0.00 0.00 0.44 1.68 1.02 2.77 3.43 0.00 0.00 0.00 0.00 0.00 0.00 0.00 0.00 0.00
3.87 0.00 0.00 0.00 3.72 4.02 0.00 3.07 4.09 3.94 3.87 3.87 3.87 3.50 3.72 4.16 3.72 4.45 4.45 4.09 6.57 2.70 3.36 2.70 2.48 2.99 3.29 0.00 2.70 2.41 0.00 0.00 0.00 4.23 5.91 5.40 3.58 0.00 0.00 2.48 0.00 0.00 0.00 0.00 0.00 0.00 0.00 0.00 0.00 0.00 0.00 0.00 0.00 0.00 0.00 0.00 0.00 2.34 2.19 0.00 1.17 0.00 0.00 2.56 0.00 0.00 0.00 0.00 0.00 0.00 0.00 2.99 8.03 7.52 3.29 2.49 2.65 0.00 0.00 0.00 0.00 0.00 0.00 0.00
2.41 5.40 2.04 0.00 0.00 4.16 0.00 0.00 0.00 0.00 3.14 4.02 4.23 4.23 4.31 3.72 4.82 4.89 4.89 4.23 0.00 0.00 0.00 2.56 3.07 3.36 0.00 3.36 2.99 3.07 2.77 0.00 0.00 5.33 6.50 5.91 3.43 0.00 0.00 0.00 2.12 1.17 0.00 0.00 0.00 0.00 0.00 0.00 0.00 0.00 0.00 0.00 0.00 0.80 1.10 1.68 1.90 1.97 2.34 1.53 1.90 1.17 0.73 2.19 2.19 0.00 1.02 0.00 0.00 0.00 0.00 3.14 7.08 10.66 9.05 3.50 4.89 0.00 0.00 0.00 0.00 0.00 0.00 0.00
11.02 7.81 10.29 5.48 4.89 0.00 0.00 0.00 3.36 0.00 0.00 3.21 4.74 4.45 4.31 4.23 5.99 5.33 5.33 4.23 0.00 2.41 3.43 2.70 2.56 3.14 0.00 2.92 2.34 2.77 3.36 0.00 3.94 6.35 5.84 3.07 3.29 6.35 0.00 0.00 0.00 0.00 0.00 0.00 0.00 0.00 0.00 0.00 0.00 0.00 0.00 0.00 1.46 2.34 2.70 4.23 3.14 2.99 3.58 5.26 4.67 2.48 2.26 3.07 2.19 1.02 3.65 1.68 1.68 0.00 0.00 2.70 2.85 7.96 9.27 8.54 5.91 2.26 0.00 0.00 0.00 0.00 0.00 0.00
11.68 11.97 12.63 4.23 7.88 4.38 0.00 0.00 0.00 0.00 0.00 0.00 4.09 0.00 5.11 4.16 4.82 5.26 5.26 5.91 3.94 3.50 3.94 4.38 3.50 0.00 3.80 4.53 3.21 2.48 4.67 0.00 0.00 5.18 3.58 4.96 5.69 8.61 4.74 0.00 0.00 0.22 0.00 0.00 0.07 0.00 0.00 0.00 0.00 0.00 0.00 1.02 1.46 3.80 2.92 6.06 5.62 4.23 4.53 4.16 3.50 4.16 3.36 4.45 3.87 2.48 2.77 4.60 4.60 1.68 1.46 0.00 0.66 6.86 4.67 6.13 3.94 4.96 4.53 0.00 0.00 0.00 0.00 0.00
6.94 8.47 7.15 9.93 7.96 3.21 0.00 0.00 3.94 3.80 0.00 4.38 0.00 0.00 0.00 0.00 5.55 4.02 4.02 4.67 4.53 4.38 3.58 0.00 0.00 4.96 4.60 5.55 4.38 3.14 6.13 4.82 3.14 3.14 3.14 6.35 10.80 8.76 5.62 2.77 0.00 1.97 0.00 0.00 0.00 0.00 0.00 0.00 0.00 0.00 0.00 0.73 5.77 4.96 11.90 8.98 7.66 3.72 4.53 4.45 4.70 4.02 6.40 4.45 6.20 9.05 7.74 5.62 5.62 5.69 3.36 2.41 1.02 0.58 3.21 2.63 1.39 4.02 4.67 3.65 0.00 0.00 0.00 0.00
2.63 4.82 6.28 5.40 3.87 3.36 3.50 5.18 4.60 4.60 2.56 3.65 0.00 3.58 0.00 4.96 4.53 4.96 4.96 4.74 4.96 4.31 5.33 4.74 0.00 4.16 7.08 8.18 7.66 7.15 7.52 0.00 0.00 0.00 0.00 0.00 6.13 6.13 7.59 10.88 4.23 2.41 1.68 1.68 0.00 0.00 0.00 0.00 0.00 0.00 0.00 2.19 7.15 10.22 8.98 12.56 10.73 9.78 11.61 5.48 7.59 7.59 8.86 8.54 8.76 5.91 7.23 4.02 4.02 7.81 12.05 8.25 6.06 4.38 0.00 0.00 0.00 0.00 0.00 0.00 0.00 0.00 0.00 0.00
3.72 2.12 3.80 5.18 3.94 3.87 2.85 3.50 3.21 3.14 4.09 3.29 0.00 3.58 4.53 5.62 4.09 4.45 4.45 7.08 7.08 5.26 4.31 0.00 0.00 4.38 5.48 7.66 5.40 6.72 6.28 0.00 0.00 0.00 0.00 5.11 8.03 9.20 10.44 10.80 11.24 7.74 4.09 4.09 7.88 1.46 0.00 0.07 0.00 0.00 0.00 0.00 4.23 8.76 6.79 12.85 13.14 13.07 10.66 10.73 7.01 4.38 5.62 8.18 7.93 4.96 4.89 4.53 4.53 4.09 9.93 6.94 8.69 5.77 1.02 0.00 0.00 0.00 0.00 0.00 0.00 0.00 0.00 0.00
1.97 2.19 2.85 3.07 3.36 0.00 2.04 0.00 0.00 0.00 0.00 0.00 0.00 0.00 3.29 3.72 3.94 4.23 4.23 5.26 5.55 5.04 0.00 0.00 3.29 3.43 3.65 4.82 3.87 5.69 4.82 1.90 2.19 2.26 0.00 5.11 7.01 9.49 10.73 8.76 12.12 12.34 13.94 13.94 10.07 10.29 8.61 1.10 1.75 0.00 1.68 0.00 0.00 3.87 3.72 9.13 9.49 8.40 10.37 8.25 9.05 2.63 3.87 5.69 6.86 7.26 5.33 4.67 4.67 3.80 5.40 4.67 4.45 4.67 0.00 0.00 0.00 0.00 0.00 0.00 0.00 0.00 0.00 0.00
4.60 1.10 2.04 2.41 0.00 0.00 0.00 0.00 2.12 2.63 2.77 0.00 2.77 1.97 2.63 4.31 3.80 3.07 3.07 3.72 4.31 0.00 0.00 0.00 3.94 4.23 3.43 4.09 3.58 3.87 2.56 1.97 2.99 3.43 3.65 3.87 5.11 7.01 9.05 5.04 7.96 20.44 17.30 17.30 18.10 9.64 14.97 14.16 2.85 2.99 1.75 0.00 1.17 4.38 4.31 5.11 5.33 5.40 6.30 6.86 3.07 3.72 6.70 9.34 10.45 10.31 9.37 4.60 4.60 2.70 3.80 0.00 0.00 0.00 0.00 0.00 0.00 0.00 0.00 0.00 0.00 0.00 0.00 0.00
4.45 1.75 2.04 1.97 1.75 0.00 1.02 0.00 0.00 1.17 1.02 0.00 0.00 0.00 0.00 4.09 3.29 1.53 1.53 2.92 2.92 3.07 0.00 2.63 3.29 3.72 4.31 3.58 4.23 2.92 2.04 1.97 2.56 2.12 3.14 0.00 0.00 3.72 0.00 7.59 7.52 14.60 14.53 14.53 15.62 16.28 14.24 15.91 13.94 7.23 5.48 4.38 9.56 5.04 5.04 10.15 6.20 4.09 3.14 2.99 1.51 5.11 6.49 8.40 12.70 11.61 9.89 7.14 6.92 4.40 0.00 0.00 0.00 0.00 0.00 0.00 0.00 0.00 0.00 0.00 0.00 0.00 0.00 0.00
2.12 1.68 2.04 1.90 1.10 0.00 0.00 1.10 1.90 0.95 1.02 0.00 0.00 0.00 0.00 0.00 1.97 0.00 0.00 1.61 0.51 0.00 0.00 0.00 2.56 3.58 3.07 2.85 2.41 0.00 0.95 0.00 0.00 0.00 0.00 0.00 0.00 0.00 0.00 0.00 1.02 11.61 6.42 6.42 11.46 13.51 8.32 10.80 9.27 10.29 8.61 8.10 13.36 12.26 8.25 15.26 10.88 5.84 4.72 3.54 2.34 2.77 7.00 4.94 9.58 11.17 8.32 8.69 8.73 6.43 2.79 3.21 0.00 0.00 0.00 0.00 0.00 0.00 0.00 0.00 0.00 0.00 0.00 0.00
1.17 0.88 1.10 1.17 1.39 0.00 1.83 2.04 1.31 0.00 0.37 1.10 0.58 0.00 0.00 0.80 0.66 0.00 0.00 0.15 0.66 0.66 0.00 0.00 0.00 0.00 0.00 0.00 0.00 0.00 0.00 0.00 0.00 0.00 0.00 0.00 0.00 0.00 0.00 0.00 0.00 4.09 2.77 2.77 5.84 6.28 6.13 7.81 9.78 11.24 11.68 10.95 14.45 14.75 17.45 14.75 16.13 7.81 6.64 8.31 1.33 1.22 1.62 1.80 7.47 9.60 9.06 3.50 3.50 3.82 3.26 5.20 3.52 4.00 0.00 0.00 0.00 0.00 0.00 0.00 0.00 0.00 0.00 0.00
2.99 2.34 1.02 0.88 1.97 1.53 1.83 2.92 2.63 0.00 1.02 1.17 0.00 0.00 0.00 1.24 1.46 0.00 0.00 0.37 0.15 0.88 0.58 0.00 0.00 0.00 0.00 0.00 0.00 0.00 0.00 0.00 0.00 0.00 0.00 0.00 0.00 0.00 0.00 0.00 0.00 0.00 1.10 1.10 4.09 4.82 7.52 7.59 10.15 12.41 13.14 13.80 12.99 14.75 15.84 19.56 19.17 16.43 9.42 13.58 8.98 1.43 2.51 3.15 8.08 7.86 4.40 1.83 1.83 3.83 5.27 5.98 5.71 0.00 0.00 3.96 0.00 0.00 0.00 0.00 0.00 0.00 0.00 0.00
1.90 5.69 2.41 1.68 2.56 1.53 0.00 0.00 2.85 2.63 0.95 0.00 0.00 0.00 0.00 1.53 0.80 0.80 0.80 0.00 0.00 1.39 0.73 0.00 0.00 0.00 0.00 2.04 0.00 0.00 0.00 0.00 0.00 0.00 0.00 0.00 0.00 0.22 0.00 0.00 0.00 1.17 1.17 1.17 2.19 4.96 6.86 8.25 9.78 11.97 12.41 11.83 14.53 12.79 15.59 18.90 20.09 18.91 17.81 17.52 12.99 4.55 3.53 5.16 6.52 6.61 4.79 1.83 1.83 0.00 5.21 6.16 4.28 6.32 6.88 4.82 2.61 0.00 0.00 0.00 0.00 0.00 5.84 0.00
7.59 7.96 4.45 3.21 3.43 3.50 0.00 0.00 0.00 1.24 0.00 0.00 0.00 0.00 0.00 0.80 2.04 1.31 1.31 0.00 0.00 0.88 1.31 0.00 0.00 0.00 1.10 1.39 1.75 0.00 0.15 0.15 0.00 0.00 0.44 0.00 0.66 0.00 0.00 0.00 0.00 1.97 0.58 0.58 2.92 5.33 6.64 7.59 14.75 11.68 13.87 12.48 10.37 13.61 16.62 17.61 18.15 20.49 14.75 13.64 8.14 7.85 4.66 3.81 5.32 6.64 3.52 1.83 1.83 0.00 0.00 0.00 0.00 5.63 5.72 5.36 4.62 0.00 0.00 0.00 0.00 7.79 7.38 0.00
7.30 10.07 8.40 7.74 8.25 6.35 5.69 8.54 3.07 2.34 1.46 0.00 0.00 0.00 0.22 0.00 0.95 1.68 1.68 0.00 0.00 0.00 0.00 0.00 0.00 0.00 1.39 0.88 1.31 1.10 0.00 0.00 0.00 0.00 0.22 0.88 0.00 0.00 0.00 0.00 0.00 2.34 0.00 0.00 7.96 7.66 10.29 15.84 17.52 17.59 13.07 12.48 11.83 11.59 13.56 12.25 13.93 13.91 11.71 13.08 11.92 9.89 8.05 3.55 5.99 5.28 5.32 2.37 2.34 1.11 0.00 0.00 0.00 0.00 5.04 5.14 5.63 0.00 0.00 0.00 0.00 6.62 0.00 0.00
10.51 8.61 8.98 12.19 14.09 12.05 9.05 16.21 12.78 7.15 2.92 0.66 0.00 1.46 0.00 0.00 2.04 0.00 0.00 0.00 0.00 0.00 0.00 0.15 0.00 1.10 1.17 2.48 0.80 0.00 0.00 0.00 0.00 0.00 0.37 0.00 0.00 0.00 0.00 5.40 5.91 6.42 10.51 10.51 11.53 11.39 13.43 11.97 14.89 13.55 15.43 15.64 13.07 13.88 14.97 12.77 10.95 9.49 10.64 9.94 10.71 10.68 10.01 7.66 5.85 4.21 1.85 1.96 1.91 0.00 0.00 0.00 0.00 0.00 5.87 4.53 5.50 0.00 0.00 0.00 0.00 0.00 0.00 0.00
10.44 8.10 14.60 16.50 24.60 25.11 24.53 29.93 24.24 19.05 15.55 11.61 8.69 7.01 3.80 1.75 1.83 1.10 1.10 0.88 0.00 0.80 0.00 0.66 0.66 0.95 0.29 0.73 1.02 0.73 0.00 0.00 1.31 0.44 1.02 2.34 1.97 4.23 6.64 6.72 6.94 8.76 10.07 10.07 11.97 10.29 11.32 12.85 11.39 11.61 13.85 17.29 16.49 14.09 14.90 16.07 16.19 15.64 16.90 16.07 14.38 10.82 9.81 9.56 4.45 4.92 5.53 0.22 0.22 0.00 0.00 0.00 5.52 8.06 8.61 4.45 2.35 0.00 0.00 0.00 0.00 0.00 0.00 0.00
14.67 12.19 16.06 18.10 23.36 27.23 27.67 30.30 26.35 19.20 8.98 11.02 11.02 8.32 5.62 1.97 1.24 1.46 1.46 0.66 0.07 0.29 0.22 0.00 0.22 0.44 0.44 0.51 0.88 0.73 0.66 0.07 0.95 1.83 1.39 6.64 5.62 0.88 2.19 4.16 3.80 7.88 9.13 9.13 9.49 12.56 12.26 11.24 12.57 10.27 10.69 12.00 11.11 13.91 14.60 16.11 16.64 11.52 17.07 18.88 17.40 15.21 13.84 9.71 4.60 6.06 5.14 3.55 3.50 1.17 0.00 0.00 0.00 9.01 10.56 5.69 3.61 0.00 0.00 0.00 0.00 0.00 0.00 0.00
12.70 15.48 16.21 16.79 21.46 21.75 24.24 24.31 21.17 16.21 5.40 5.91 9.27 6.94 6.94 2.77 1.75 1.61 1.61 2.04 0.15 1.17 0.00 0.00 0.00 0.00 0.00 0.07 0.00 0.00 0.22 0.00 0.37 1.39 2.56 5.62 5.55 0.00 0.37 1.39 2.63 0.00 2.19 2.19 8.32 8.10 8.10 8.63 10.87 9.06 9.54 11.81 13.79 14.76 15.19 12.78 12.41 11.70 21.39 15.46 17.58 17.95 14.45 10.73 6.42 6.85 6.78 3.89 4.32 3.61 1.64 0.00 0.00 5.97 10.03 9.88 6.42 0.00 0.00 0.00 0.00 0.00 0.00 0.00
8.10 7.74 14.67 16.28 13.87 12.78 17.23 18.78 17.67 11.83 0.00 5.18 4.74 5.99 6.28 4.67 3.43 2.99 2.99 2.34 1.75 1.24 0.00 0.07 0.00 0.00 0.00 0.73 0.00 0.00 0.00 0.00 0.00 2.99 1.39 2.41 0.80 0.00 1.02 1.02 1.17 0.22 1.61 1.61 3.36 4.96 5.77 8.66 8.69 10.00 10.06 10.38 18.25 18.49 13.57 14.14 0.00 0.00 10.70 9.51 14.77 18.39 15.92 15.84 8.40 6.18 6.18 5.57 5.37 5.64 0.00 0.00 8.33 0.00 8.33 9.96 6.08 5.50 0.00 0.00 0.00 0.00 0.00 0.00
0.00 0.00 0.00 7.88 10.15 9.78 13.43 16.72 14.38 6.86 4.02 0.00 3.50 0.00 2.85 1.61 2.26 2.92 2.92 2.92 1.68 1.10 1.02 0.00 0.00 0.00 0.00 0.07 0.00 0.00 0.00 0.00 0.00 0.15 0.00 1.24 0.29 0.00 0.22 0.07 0.00 0.37 0.73 0.73 3.72 5.91 6.94 8.61 10.29 11.53 12.90 16.28 13.59 18.04 13.56 0.00 0.00 0.00 0.00 10.95 11.04 15.60 19.65 16.24 12.40 7.00 10.74 6.10 6.14 4.35 0.00 0.00 0.00 0.00 7.66 6.03 4.77 0.00 0.00 0.00 0.00 0.00 0.00 4.14
0.00 0.00 0.00 0.00 10.29 10.95 12.70 13.87 15.04 11.97 7.01 5.11 4.89 0.00 0.00 1.90 1.75 2.04 2.04 0.88 0.00 0.37 0.00 0.00 0.00 0.00 0.00 0.00 0.00 0.00 0.00 0.00 0.00 0.00 0.00 0.00 0.00 0.00 0.00 0.00 0.00 0.00 0.44 0.44 2.05 2.56 4.26 7.74 8.89 14.52 15.60 14.43 18.49 18.27 7.99 0.00 0.00 0.00 0.00 13.47 15.31 17.79 18.15 16.78 13.25 12.39 13.24 8.87 10.38 4.28 2.92 0.00 0.00 0.00 0.00 0.00 3.89 0.00 0.00 0.00 0.00 5.15 0.00 5.96
0.00 0.00 0.00 0.00 0.00 0.00 12.56 15.48 15.70 11.97 10.88 7.08 6.50 4.02 4.60 8.10 5.33 3.50 3.50 0.00 0.00 0.00 0.00 0.00 0.00 0.00 0.00 0.00 0.00 0.00 0.00 0.00 0.00 0.00 0.00 0.00 0.00 0.00 0.00 0.00 0.00 0.00 0.00 0.00 0.15 3.07 3.30 3.65 6.04 10.32 13.16 11.33 7.97 0.00 0.00 0.00 0.00 0.00 0.00 0.00 0.00 0.00 18.73 18.56 14.69 16.01 17.89 10.58 11.85 9.04 6.84 3.86 0.00 0.00 0.00 0.00 0.00 0.00 0.00 0.00 0.00 4.84 6.67 0.00
0.00 0.00 0.00 0.00 0.00 0.00 11.39 11.68 12.78 9.56 9.20 7.74 7.88 8.18 6.94 4.00 6.05 0.00 0.00 0.00 1.17 0.15 0.00 0.00 0.00 0.00 0.00 0.00 0.00 0.00 0.00 0.00 0.00 0.00 0.00 0.00 0.00 0.00 0.00 0.00 0.00 0.00 0.00 0.00 0.00 2.26 3.43 3.44 5.96 9.25 9.87 8.96 0.00 0.00 0.00 0.00 0.00 0.00 0.00 0.00 0.00 22.67 0.00 18.55 16.55 17.90 20.97 14.75 15.07 11.00 8.31 0.00 0.00 0.00 0.00 0.00 3.38 0.00 0.00 0.00 0.00 0.00 0.00 0.00
0.00 0.00 0.00 0.00 0.00 0.00 0.00 11.46 11.39 7.15 6.28 13.43 10.95 10.29 7.74 12.62 9.27 6.37 5.95 0.00 4.09 2.04 0.88 0.00 0.00 0.58 0.00 0.00 0.00 0.00 0.00 0.00 0.00 0.00 0.00 0.00 0.00 0.00 0.00 0.00 1.61 0.29 0.00 0.00 0.44 0.51 2.05 4.71 6.32 10.57 13.10 0.00 0.00 0.00 0.00 0.00 0.00 0.00 0.00 0.00 0.00 0.00 0.00 0.00 21.84 21.10 15.68 10.38 12.69 0.00 0.00 5.35 0.00 0.00 0.00 0.00 4.71 3.84 0.00 0.00 0.00 0.00 0.00 0.00
0.00 0.00 0.00 0.00 0.00 0.00 0.00 0.00 0.00 0.00 0.00 0.00 0.00 0.00 0.00 0.00 0.00 12.38 12.58 8.91 11.68 9.13 5.40 6.28 1.83 7.23 6.86 1.24 0.00 0.00 1.17 0.44 0.00 1.53 1.61 2.19 5.55 5.11 7.59 5.28 4.89 3.54 2.34 2.34 5.11 3.21 0.00 0.88 0.00 0.00 0.00 0.00 0.00 0.00 0.00 0.00 0.00 0.00 0.00 0.00 0.00 0.00 0.00 0.00 0.00 0.00 0.00 0.00 0.00 0.00 0.00 0.00 0.00 0.00 0.00 0.00 6.36 0.00 0.00 0.00 0.00 0.00 0.00 0.00
0.00 0.00 0.00 0.00 0.00 0.00 0.00 0.00 0.00 0.00 0.00 0.00 0.00 0.00 0.00 0.00 0.00 0.00 0.00 0.00 9.28 10.36 11.02 8.10 5.91 10.95 9.73 6.35 2.19 6.20 6.94 5.55 2.34 3.36 3.72 7.30 7.23 7.88 2.92 4.96 7.72 8.37 7.88 8.81 5.99 5.99 4.45 0.00 0.00 0.00 0.00 0.00 0.00 0.00 0.00 0.00 0.00 0.00 0.00 0.00 0.00 0.00 0.00 0.00 0.00 0.00 0.00 0.00 0.00 0.00 0.00 0.00 0.00 0.00 0.00 0.00 0.00 0.00 0.00 0.00 0.00 0.00 0.00 0.00
0.00 0.00 0.00 0.00 0.00 0.00 0.00 0.00 0.00 0.00 0.00 0.00 0.00 0.00 0.00 0.00 0.00 0.00 0.00 0.00 0.00 8.25 5.33 11.39 0.00 10.49 10.95 6.72 6.28 9.20 8.25 9.49 6.67 0.00 0.00 0.00 7.96 7.59 5.55 0.00 0.00 0.00 6.73 8.55 6.74 6.38 3.11 0.00 0.00 0.00 0.00 0.00 0.00 0.00 0.00 0.00 0.00 0.00 0.00 0.00 0.00 0.00 0.00 0.00 0.00 0.00 0.00 0.00 0.00 0.00 0.00 0.00 0.00 0.00 0.00 0.00 0.00 0.00 0.00 0.00 0.00 0.00 0.00 0.00
0.00 0.00 0.00 0.00 0.00 0.00 0.00 0.00 0.00 0.00 0.00 0.00 0.00 0.00 0.00 0.00 0.00 0.00 0.00 0.00 0.00 0.00 0.00 4.82 0.00 0.00 11.17 6.72 0.00 0.00 0.00 0.00 0.00 0.00 0.00 0.00 0.00 0.00 4.16 0.00 0.00 0.00 0.00 0.00 0.00 0.00 0.00 0.00 0.00 0.00 0.00 0.00 0.00 0.00 0.00 0.00 0.00 0.00 0.00 0.00 0.00 0.00 0.00 0.00 0.00 0.00 0.00 0.00 0.00 0.00 0.00 0.00 0.00 0.00 0.00 0.00 0.00 0.00 0.00 0.00 0.00 0.00 0.00 0.00
