Wansh/Snow_depth/snowdepth-1998/spring/1998091.txt
ncols 321
nrows 161
xllcenter 60
yllcenter 15 
cellsize  0.25 
NODATA_value -1
[rows 0 to 36 of 161, columns 84 to 167 of 321]
0.00 0.00 0.00 0.00 0.00 0.00 0.00 0.00 0.00 0.00 0.00 0.00 0.00 0.00 21.02 22.85 21.75 20.66 20.66 0.00 0.00 0.00 0.00 0.00 0.00 0.00 0.00 0.00 0.00 0.00 0.00 0.00 0.00 0.00 0.00 0.00 0.00 0.00 0.00 0.00 0.00 0.00 0.00 0.00 0.00 0.00 0.00 0.00 0.00 0.00 0.00 0.00 0.00 0.00 0.00 0.00 0.00 0.00 0.00 0.00 0.00 0.00 0.00 0.00 0.00 0.00 0.00 0.00 0.00 0.00 0.00 0.00 0.00 0.00 7.37 5.84 9.93 9.05 14.24 13.58 14.60 12.85 13.07 12.70
0.00 0.00 0.00 0.00 0.00 0.00 0.00 0.00 0.00 16.35 17.89 16.86 16.28 14.16 14.31 14.24 18.25 14.24 14.24 16.13 0.00 0.00 0.00 0.00 0.00 0.00 0.00 0.00 0.00 0.00 0.00 0.00 0.00 0.00 0.00 0.00 0.00 0.00 0.00 0.00 0.00 0.00 0.00 0.00 0.00 0.00 0.00 0.00 0.00 0.00 0.00 0.00 0.00 0.00 0.00 0.00 0.00 0.00 0.00 0.00 3.36 0.00 0.00 0.00 0.00 0.00 0.00 0.00 0.00 0.00 0.00 0.00 0.00 0.00 8.40 13.07 13.29 13.51 13.07 13.65 11.90 12.41 14.67 15.62
0.00 0.00 0.00 0.00 0.00 0.00 0.00 0.00 20.37 19.78 19.49 19.71 18.32 14.24 14.60 12.34 12.05 10.66 10.66 14.53 0.00 0.00 0.00 0.00 0.00 0.00 0.00 0.00 0.00 0.00 0.00 0.00 0.00 0.00 0.00 0.00 0.00 0.00 0.00 8.47 7.81 0.00 0.00 0.00 0.00 0.00 0.00 0.00 0.00 0.00 0.00 0.00 0.00 0.00 0.00 0.00 4.38 4.09 4.31 5.91 5.69 8.03 4.23 4.23 4.96 0.00 0.00 5.26 5.26 5.26 4.16 5.40 4.96 9.20 8.61 14.89 16.79 16.72 17.23 16.35 14.89 16.64 15.91 17.74
0.00 0.00 0.00 0.00 0.00 0.00 0.00 0.00 20.37 19.78 19.49 19.71 18.32 14.24 14.60 12.34 12.05 10.66 10.66 14.53 0.00 0.00 0.00 0.00 0.00 0.00 0.00 0.00 0.00 0.00 0.00 0.00 0.00 0.00 0.00 0.00 0.00 0.00 0.00 8.47 7.81 0.00 0.00 0.00 0.00 0.00 0.00 0.00 0.00 0.00 0.00 0.00 0.00 0.00 0.00 0.00 4.38 4.09 4.31 5.91 5.69 8.03 4.23 4.23 4.96 0.00 0.00 5.26 5.26 5.26 4.16 5.40 4.96 9.20 8.61 14.89 16.79 16.72 17.23 16.35 14.89 16.64 15.91 17.74
0.00 0.00 0.00 0.00 0.00 0.00 0.00 19.27 18.76 19.20 19.93 18.76 17.01 17.67 16.86 12.05 11.61 10.73 10.73 11.17 8.83 0.00 0.00 0.00 0.00 0.00 0.00 0.00 0.00 0.00 0.00 0.00 0.00 0.00 0.00 0.00 0.00 0.00 0.00 0.00 0.00 0.00 0.00 0.00 0.00 0.00 0.00 0.00 0.00 0.00 0.00 0.00 0.00 0.00 0.00 0.00 0.00 3.87 3.80 6.72 9.20 8.76 9.49 7.59 7.45 8.32 8.10 6.57 6.57 7.81 7.81 7.96 8.40 8.03 11.46 10.15 12.12 18.03 18.47 16.50 16.79 15.70 17.01 16.64
0.00 0.00 0.00 0.00 0.00 0.00 14.16 17.16 13.51 14.38 15.77 16.94 18.54 18.69 16.35 17.23 16.06 12.41 12.41 0.00 0.00 0.00 0.00 0.00 0.00 0.00 0.00 0.00 0.00 0.00 0.00 0.00 0.00 0.00 0.00 0.00 0.00 0.00 0.00 0.00 0.00 0.00 0.00 0.00 0.00 0.00 0.00 0.00 0.00 0.00 0.00 0.00 0.00 0.00 0.00 0.00 0.00 3.87 6.72 6.20 9.27 11.39 10.73 13.80 9.42 9.42 8.25 8.69 8.69 7.30 7.88 7.52 9.34 9.13 8.10 8.54 8.03 7.96 7.74 10.59 14.38 16.72 16.50 17.30
0.00 0.00 0.00 0.00 0.00 14.75 13.43 14.38 13.94 13.72 13.87 11.39 13.58 16.28 18.61 18.40 18.83 18.32 18.32 0.00 0.00 0.00 0.00 0.00 0.00 0.00 0.00 0.00 0.00 0.00 0.00 0.00 0.00 0.00 0.00 0.00 0.00 0.00 0.00 0.00 0.00 0.00 0.00 0.00 0.00 0.00 0.00 0.00 0.00 0.00 0.00 0.00 0.00 0.00 0.00 0.00 3.94 3.43 6.79 9.71 9.56 11.97 15.04 15.18 12.19 10.07 10.00 9.27 9.27 9.49 9.86 9.71 9.34 10.00 10.59 10.59 8.10 7.37 7.59 8.54 10.29 10.22 11.61 16.43
0.00 0.00 0.00 0.00 0.00 14.75 13.43 14.38 13.94 13.72 13.87 11.39 13.58 16.28 18.61 18.40 18.83 18.32 18.32 0.00 0.00 0.00 0.00 0.00 0.00 0.00 0.00 0.00 0.00 0.00 0.00 0.00 0.00 0.00 0.00 0.00 0.00 0.00 0.00 0.00 0.00 0.00 0.00 0.00 0.00 0.00 0.00 0.00 0.00 0.00 0.00 0.00 0.00 0.00 0.00 0.00 3.94 3.43 6.79 9.71 9.56 11.97 15.04 15.18 12.19 10.07 10.00 9.27 9.27 9.49 9.86 9.71 9.34 10.00 10.59 10.59 8.10 7.37 7.59 8.54 10.29 10.22 11.61 16.43
0.00 0.00 0.00 0.00 0.00 16.21 14.75 12.63 10.51 10.51 10.66 10.73 12.19 15.11 17.67 19.86 19.56 19.42 19.42 0.00 0.00 0.00 0.00 0.00 0.00 0.00 0.00 0.00 0.00 0.00 0.00 0.00 0.00 0.00 0.00 0.00 0.00 0.00 0.00 0.00 0.00 0.00 0.00 0.00 0.00 0.00 0.00 0.00 0.00 0.00 0.00 0.00 0.00 3.65 1.90 0.00 0.00 5.62 5.62 4.82 9.93 9.71 8.76 11.68 11.46 10.59 10.00 10.73 10.73 10.95 12.48 12.19 12.41 11.46 10.88 10.80 10.66 12.19 12.63 8.40 8.76 8.47 8.47 12.41
0.00 0.00 0.00 0.00 15.33 15.77 15.84 14.82 9.34 8.69 10.44 12.26 14.67 14.16 16.21 19.05 20.37 19.86 19.86 0.00 0.00 0.00 0.00 0.00 0.00 0.00 0.00 0.00 0.00 0.00 0.00 0.00 0.00 0.00 0.00 0.00 0.00 0.00 0.00 0.00 0.00 0.00 0.00 0.00 0.00 0.00 0.00 0.00 5.40 6.72 4.67 7.88 3.29 3.14 3.14 0.00 0.00 0.00 0.00 0.00 0.00 6.57 6.50 6.86 9.13 9.34 10.00 12.12 12.12 11.83 11.75 12.78 12.78 11.97 10.80 10.00 14.02 12.99 14.53 10.44 6.72 6.72 6.20 7.45
0.00 0.00 17.30 16.21 11.02 14.67 14.45 10.66 11.46 11.39 11.10 11.75 14.89 18.61 19.71 19.78 19.71 0.00 0.00 0.00 0.00 0.00 0.00 0.00 0.00 0.00 0.00 0.00 0.00 0.00 0.00 0.00 0.00 0.00 0.00 0.00 0.00 0.00 0.00 0.00 0.00 0.00 4.82 4.82 5.48 0.00 3.80 3.14 5.62 6.35 8.69 7.66 8.54 5.69 6.42 6.94 6.64 6.42 8.69 8.76 0.00 0.00 5.69 5.69 7.96 11.02 10.88 13.29 13.29 15.70 15.70 14.16 12.92 13.29 11.17 11.10 11.02 15.48 11.83 13.21 7.23 7.45 7.23 6.42
0.00 0.00 17.30 16.21 11.02 14.67 14.45 10.66 11.46 11.39 11.10 11.75 14.89 18.61 19.71 19.78 19.71 0.00 0.00 0.00 0.00 0.00 0.00 0.00 0.00 0.00 0.00 0.00 0.00 0.00 0.00 0.00 0.00 0.00 0.00 0.00 0.00 0.00 0.00 0.00 0.00 0.00 4.82 4.82 5.48 0.00 3.80 3.14 5.62 6.35 8.69 7.66 8.54 5.69 6.42 6.94 6.64 6.42 8.69 8.76 0.00 0.00 5.69 5.69 7.96 11.02 10.88 13.29 13.29 15.70 15.70 14.16 12.92 13.29 11.17 11.10 11.02 15.48 11.83 13.21 7.23 7.45 7.23 6.42
0.00 16.35 13.21 9.78 10.66 9.71 9.93 10.07 11.17 10.29 15.40 18.98 17.52 19.71 20.29 21.75 23.58 0.00 0.00 0.00 0.00 0.00 0.00 0.00 0.00 0.00 0.00 0.00 0.00 0.00 0.00 0.00 0.00 5.99 6.28 0.00 8.69 4.74 6.28 5.40 5.62 5.69 5.69 5.69 2.70 2.85 2.56 4.09 4.31 5.48 8.10 6.64 7.52 5.91 6.72 5.77 8.54 11.10 11.02 10.29 0.00 0.00 5.62 7.81 7.52 9.05 12.48 12.56 12.56 16.21 17.74 17.74 18.32 12.34 12.63 10.15 11.24 9.93 13.72 12.19 10.51 9.93 10.07 10.07
16.50 17.45 13.21 11.10 10.29 9.49 8.76 10.29 11.10 12.05 15.91 17.89 19.42 19.64 18.91 21.24 0.00 0.00 0.00 0.00 0.00 0.00 0.00 0.00 0.00 0.00 0.00 0.00 5.26 5.91 10.95 11.24 10.88 7.23 10.22 8.54 8.91 7.96 4.53 4.31 4.38 1.53 1.90 1.90 1.46 2.04 3.43 3.50 2.70 3.43 5.91 4.89 0.00 1.53 3.72 5.69 4.96 6.13 5.55 9.93 9.34 10.59 10.29 11.75 13.87 13.14 15.26 19.27 19.27 18.98 20.81 22.05 22.27 19.27 15.62 12.26 9.86 10.51 10.29 9.71 9.13 8.54 7.30 5.48
16.50 13.21 13.80 12.34 10.37 9.34 8.83 8.83 10.44 12.70 13.36 13.14 17.08 18.03 18.61 14.24 0.00 0.00 0.00 0.00 0.00 0.00 0.00 0.00 0.00 6.13 5.69 7.74 6.94 8.83 13.29 11.53 10.15 11.32 9.34 7.37 2.48 3.07 2.26 1.17 1.39 0.80 0.00 0.00 1.97 1.61 1.97 0.00 0.00 3.14 2.77 3.21 0.00 0.00 0.00 0.00 3.43 2.99 2.99 3.58 3.43 8.18 10.51 10.22 12.19 14.02 12.78 14.89 14.89 16.94 18.76 20.22 15.26 19.35 16.06 10.29 11.46 5.11 3.50 2.77 6.42 6.50 6.72 4.82
14.97 15.04 14.75 13.36 11.24 10.15 8.69 6.86 8.03 8.98 8.40 12.41 12.12 10.22 11.61 12.70 0.00 0.00 0.00 0.00 0.00 0.00 5.99 7.37 7.08 7.15 8.18 8.03 11.68 10.51 13.07 12.92 10.73 5.48 6.42 3.50 0.95 0.58 0.15 0.88 1.83 1.61 1.24 1.24 4.31 2.70 2.63 3.14 3.50 3.50 2.48 2.99 1.75 0.00 0.00 1.10 0.00 0.00 1.83 3.07 3.14 3.80 4.38 5.55 8.47 10.66 14.24 14.24 14.24 15.18 17.37 14.31 15.55 7.59 9.05 7.66 7.81 0.00 0.73 0.00 9.49 5.62 6.72 4.16
14.97 15.04 14.75 13.36 11.24 10.15 8.69 6.86 8.03 8.98 8.40 12.41 12.12 10.22 11.61 12.70 0.00 0.00 0.00 0.00 0.00 0.00 5.99 7.37 7.08 7.15 8.18 8.03 11.68 10.51 13.07 12.92 10.73 5.48 6.42 3.50 0.95 0.58 0.15 0.88 1.83 1.61 1.24 1.24 4.31 2.70 2.63 3.14 3.50 3.50 2.48 2.99 1.75 0.00 0.00 1.10 0.00 0.00 1.83 3.07 3.14 3.80 4.38 5.55 8.47 10.66 14.24 14.24 14.24 15.18 17.37 14.31 15.55 7.59 9.05 7.66 7.81 0.00 0.73 0.00 9.49 5.62 6.72 4.16
14.97 13.58 13.72 14.45 11.68 13.36 7.23 6.57 6.06 6.86 7.74 9.42 8.83 10.07 11.10 13.58 5.48 0.00 0.00 0.00 0.00 0.00 0.00 5.91 7.59 7.74 7.52 7.81 8.91 10.66 12.92 12.41 11.32 11.83 5.04 5.91 3.29 0.66 3.29 1.61 2.92 3.94 4.16 4.16 4.31 3.50 3.43 3.50 5.99 2.19 2.19 2.77 2.56 2.70 1.83 0.00 1.39 0.00 4.23 2.48 5.18 6.28 6.13 6.50 8.40 11.02 11.24 14.89 14.89 20.95 17.74 13.51 8.25 9.34 6.72 8.76 9.05 2.26 0.00 2.41 4.31 4.02 2.19 2.41
15.70 15.99 14.75 14.24 13.58 14.24 12.99 5.77 9.13 7.37 9.20 10.66 12.48 13.14 13.07 6.79 5.91 6.94 6.94 4.89 5.69 4.31 0.00 4.96 7.23 7.88 9.13 8.76 8.98 11.02 12.12 15.91 15.33 14.67 10.29 4.82 6.28 2.34 2.85 1.83 3.58 2.99 3.50 3.50 4.45 3.36 12.99 8.98 9.20 3.94 0.00 1.83 0.00 0.00 0.00 0.00 0.00 0.00 4.60 10.15 16.28 11.90 10.29 9.56 9.64 10.51 14.97 13.72 13.72 21.17 17.08 8.61 10.51 4.38 3.58 3.50 0.95 0.00 1.02 0.00 2.48 1.97 1.90 0.22
15.84 16.43 18.10 16.72 15.91 18.18 14.02 12.56 13.72 12.19 9.64 11.17 11.90 11.17 11.75 5.69 4.96 6.86 6.86 8.40 8.47 5.04 4.89 4.31 5.40 8.25 8.83 8.47 5.84 8.40 7.74 12.05 6.72 8.98 8.76 7.52 2.56 2.92 0.22 0.66 1.83 1.97 4.38 4.38 7.66 14.82 12.99 12.41 4.82 6.79 0.00 4.09 0.00 0.00 0.00 0.00 0.00 3.94 8.98 8.10 15.04 16.43 16.86 13.07 12.78 11.53 15.40 20.81 20.81 20.29 18.10 8.18 3.14 3.36 1.83 0.00 0.15 0.00 0.00 0.00 0.00 0.00 0.00 0.00
13.72 15.11 18.76 16.28 17.89 18.40 17.59 14.82 18.32 17.01 14.53 15.48 13.14 19.56 13.94 2.77 3.43 3.21 3.21 6.20 7.59 7.66 5.99 8.32 8.76 8.83 9.05 10.44 5.18 4.60 5.11 3.87 4.31 6.86 2.99 3.50 1.17 0.37 0.66 0.88 2.56 4.45 4.09 4.09 5.40 12.92 9.27 10.95 2.99 4.82 3.58 8.40 7.08 8.03 0.00 3.43 3.36 4.82 2.92 9.78 8.76 13.87 12.34 12.92 12.34 13.94 14.09 14.16 14.16 9.05 3.14 3.94 0.00 0.00 0.00 0.00 0.00 0.00 0.00 0.00 0.00 0.00 0.00 0.00
13.07 14.45 17.01 14.09 15.91 17.23 17.37 15.18 20.37 22.70 23.51 26.57 25.11 26.21 1.17 4.67 6.42 6.13 6.13 7.74 9.20 13.07 13.14 12.34 12.70 16.50 13.29 14.38 10.00 8.76 4.31 5.33 3.43 2.70 2.04 0.00 0.37 0.00 0.00 3.50 3.07 1.83 2.70 2.70 3.07 1.17 4.96 2.41 2.70 0.00 8.83 8.18 6.79 4.02 4.16 4.96 5.91 3.36 3.80 4.02 6.35 8.40 10.59 11.97 11.68 13.29 12.63 8.69 8.69 10.15 2.92 0.66 0.00 0.00 0.00 0.00 0.00 0.00 0.00 0.00 0.00 0.00 0.00 0.00
13.07 14.45 17.01 14.09 15.91 17.23 17.37 15.18 20.37 22.70 23.51 26.57 25.11 26.21 1.17 4.67 6.42 6.13 6.13 7.74 9.20 13.07 13.14 12.34 12.70 16.50 13.29 14.38 10.00 8.76 4.31 5.33 3.43 2.70 2.04 0.00 0.37 0.00 0.00 3.50 3.07 1.83 2.70 2.70 3.07 1.17 4.96 2.41 2.70 0.00 8.83 8.18 6.79 4.02 4.16 4.96 5.91 3.36 3.80 4.02 6.35 8.40 10.59 11.97 11.68 13.29 12.63 8.69 8.69 10.15 2.92 0.66 0.00 0.00 0.00 0.00 0.00 0.00 0.00 0.00 0.00 0.00 0.00 0.00
13.65 15.84 15.04 13.65 11.61 12.41 15.26 14.16 19.13 23.51 30.51 31.68 28.62 25.04 6.50 8.69 8.83 11.83 11.83 12.41 13.36 12.92 13.14 14.45 14.24 15.48 16.28 10.59 8.03 8.98 5.26 2.70 1.53 2.04 0.66 0.00 0.00 0.00 0.00 1.24 0.15 0.73 0.00 0.00 0.15 0.00 0.00 0.00 0.00 0.00 0.00 3.21 3.50 2.41 2.34 1.75 5.55 3.14 2.92 2.77 5.55 7.74 9.05 8.83 10.73 10.29 11.68 9.71 9.71 7.74 7.23 3.14 0.44 1.10 0.00 0.00 0.00 0.00 0.00 0.00 0.00 0.00 0.00 0.00
12.85 12.85 11.97 13.58 13.07 14.60 19.05 29.64 30.73 32.63 32.49 32.12 26.35 22.34 11.68 12.05 11.46 12.48 12.48 12.19 12.19 14.97 14.31 13.04 13.28 14.44 10.99 10.15 8.47 8.47 9.20 3.14 3.36 0.00 0.00 0.07 0.07 0.00 0.00 0.80 0.58 0.00 0.00 0.00 0.00 0.00 0.00 0.00 0.00 0.00 0.00 0.00 0.00 0.00 0.00 0.00 0.00 0.00 0.00 4.53 3.94 6.28 7.96 8.76 8.69 8.69 7.01 6.64 6.64 6.50 7.37 5.18 2.48 3.21 0.00 0.00 0.00 0.00 0.00 0.00 0.00 0.00 0.00 0.00
12.63 14.75 13.80 11.75 17.01 22.92 31.46 33.07 35.11 34.89 33.73 26.28 28.98 22.63 0.00 8.10 10.95 13.29 13.29 13.14 14.31 15.11 15.70 14.21 14.69 11.84 12.34 12.42 13.29 11.32 6.64 7.37 4.16 1.31 1.17 0.37 0.29 0.66 0.88 0.80 0.88 0.00 0.00 0.00 0.15 0.00 0.00 0.00 0.00 0.00 0.00 0.00 0.00 0.00 0.00 0.00 0.00 0.00 0.00 0.00 0.00 2.56 4.60 5.33 3.94 4.09 3.87 4.67 4.67 6.06 5.62 5.84 2.70 3.50 3.29 0.88 2.77 0.80 0.00 0.00 0.00 0.00 0.00 0.00
15.55 16.21 14.16 24.24 27.01 26.65 29.57 33.07 34.97 35.41 33.00 28.62 20.44 0.00 5.33 10.88 0.00 9.56 9.56 7.81 8.03 12.08 13.25 6.40 9.76 11.20 12.82 12.54 12.79 12.89 9.49 6.35 5.69 8.10 3.21 5.33 1.46 1.39 1.90 0.66 0.22 0.51 0.00 0.00 0.00 0.00 0.00 0.00 0.00 0.00 0.00 0.00 0.00 0.00 0.00 0.00 0.00 0.00 0.00 0.00 0.00 2.41 3.14 2.92 4.09 3.43 7.23 6.28 6.28 9.64 9.78 6.57 5.11 5.77 4.02 4.38 4.45 3.07 0.95 0.44 0.00 0.00 0.00 0.00
18.54 16.28 20.51 23.58 27.23 26.13 33.94 35.92 35.62 36.21 33.65 28.03 20.95 0.00 0.00 0.00 0.00 0.00 0.00 0.00 0.00 0.00 0.00 0.00 5.56 4.16 9.18 12.62 10.65 8.92 11.08 10.22 10.15 10.73 7.01 8.69 3.43 1.90 2.41 1.02 0.00 0.00 0.00 0.00 0.00 0.00 0.00 0.00 0.00 0.00 0.00 0.00 0.00 0.00 0.00 0.00 0.00 0.00 0.00 0.00 1.68 0.00 3.87 5.33 5.26 5.26 8.25 11.53 11.53 10.29 10.88 8.32 5.18 3.43 3.80 4.16 4.23 1.97 0.95 1.02 0.58 0.00 0.00 0.00
18.54 16.28 20.51 23.58 27.23 26.13 33.94 35.92 35.62 36.21 33.65 28.03 20.95 0.00 0.00 0.00 0.00 0.00 0.00 0.00 0.00 0.00 0.00 0.00 5.48 4.16 8.91 11.72 9.95 9.06 11.19 10.65 11.40 11.36 7.19 8.69 3.43 1.90 2.41 1.02 0.00 0.00 0.00 0.00 0.00 0.00 0.00 0.00 0.00 0.00 0.00 0.00 0.00 0.00 0.00 0.00 0.00 0.00 0.00 0.00 1.68 0.00 3.87 5.33 5.26 5.26 8.25 11.53 11.53 10.29 10.88 8.32 5.18 3.43 3.80 4.16 4.23 1.97 0.95 1.02 0.58 0.00 0.00 0.00
21.46 18.47 20.51 22.34 20.59 26.72 32.92 35.92 34.60 33.65 29.64 30.73 24.67 20.15 0.00 0.00 0.00 0.00 0.00 0.00 0.00 0.00 0.00 0.00 0.00 0.00 6.19 0.00 3.36 8.29 7.67 6.51 13.84 13.66 10.54 11.04 11.28 4.23 3.43 4.45 0.07 0.07 0.58 0.58 0.00 0.00 0.00 0.00 0.00 0.00 0.00 0.00 0.00 0.00 0.00 0.00 0.00 0.00 0.00 0.00 0.00 0.00 1.31 5.04 8.61 9.64 9.42 11.39 11.39 10.44 9.93 6.28 5.77 4.09 4.67 3.50 2.63 3.07 1.68 2.04 0.15 0.00 0.00 0.00
23.00 18.47 19.13 16.21 18.61 21.53 30.22 32.49 26.28 31.61 30.51 17.89 17.37 0.00 0.00 0.00 0.00 0.00 0.00 0.00 0.00 0.00 0.00 0.00 0.00 0.00 0.00 0.00 0.00 0.00 2.99 1.53 4.82 11.78 15.58 15.15 14.82 13.79 6.64 8.76 2.26 2.85 1.90 1.90 0.00 0.44 0.00 0.00 0.80 0.00 0.00 0.00 0.00 0.00 0.00 0.00 0.00 0.00 0.00 0.00 0.00 0.00 0.00 6.64 5.04 10.44 10.66 13.14 13.14 13.72 14.31 8.32 5.26 5.33 5.26 4.67 5.91 4.60 4.23 0.66 0.95 0.88 0.29 0.00
20.15 23.80 22.19 19.49 19.93 20.00 20.51 20.29 21.46 25.92 18.03 13.29 0.00 0.00 0.00 3.21 3.07 0.00 0.00 2.99 0.80 1.46 0.00 0.00 0.00 0.00 0.00 0.00 0.00 0.00 0.00 0.58 8.69 8.10 12.60 17.31 17.89 17.81 11.02 13.21 12.05 3.07 4.02 4.02 1.24 0.00 0.00 0.00 0.15 0.00 0.00 0.00 0.00 0.00 0.00 0.00 0.00 0.00 0.00 0.00 0.00 0.00 0.00 2.92 7.96 8.32 8.32 11.61 11.61 14.60 11.17 12.26 7.37 2.99 2.77 5.77 6.79 7.01 5.40 8.47 4.09 2.12 3.21 0.00
26.57 30.15 28.25 25.19 25.11 27.16 27.23 26.13 25.70 23.21 23.36 15.40 0.00 0.00 4.02 5.04 4.89 1.61 1.61 0.80 0.00 0.00 0.00 0.00 0.00 0.00 0.00 0.00 0.00 0.00 0.00 0.00 0.00 10.07 9.20 12.19 20.83 21.03 17.58 17.40 14.60 11.39 3.50 3.50 3.58 3.21 0.58 0.00 0.00 0.29 0.00 0.00 0.00 0.00 0.00 0.00 0.00 0.00 0.00 0.00 0.00 0.00 0.00 0.00 2.56 4.60 7.52 6.50 6.50 10.59 7.30 6.79 2.56 1.10 0.73 2.92 8.69 9.56 10.22 7.23 8.10 6.20 5.48 2.70
28.47 24.24 15.70 18.25 22.19 24.09 27.45 17.08 22.86 25.77 24.02 23.94 0.00 0.00 4.02 4.96 0.00 0.00 0.00 0.00 0.00 0.00 0.00 0.00 0.00 0.00 0.00 0.00 0.00 0.00 0.00 0.00 0.00 3.94 8.10 5.11 17.89 20.37 20.53 18.34 18.27 15.26 7.96 7.96 5.55 5.91 5.18 1.10 0.37 0.44 0.00 0.00 0.00 0.00 0.00 0.00 0.00 0.00 0.00 0.80 0.00 0.00 0.00 0.00 0.00 0.00 0.07 2.77 2.77 3.58 4.67 4.74 2.92 0.00 0.00 0.44 3.21 4.60 9.86 6.94 8.10 6.94 6.35 3.14
20.29 7.23 7.66 9.93 16.06 18.61 18.40 15.26 13.78 10.07 15.40 14.97 0.00 0.00 0.00 0.00 0.00 0.00 0.00 0.00 0.00 0.00 0.00 0.00 0.00 0.00 0.00 0.00 0.00 0.00 0.00 0.00 0.00 0.00 0.00 4.16 17.16 17.18 16.43 19.64 15.34 16.28 10.80 10.80 9.49 7.59 7.88 7.52 2.34 2.34 2.26 1.61 0.00 0.00 0.00 0.00 0.00 0.00 0.00 0.00 0.00 0.00 0.00 0.00 0.00 0.00 0.00 0.00 0.00 0.00 0.00 0.00 0.00 0.00 0.00 0.00 1.46 0.00 3.43 6.20 6.06 8.03 4.89 3.07
20.29 7.23 7.66 9.93 16.06 18.61 18.40 15.26 13.43 10.07 15.40 14.97 0.00 0.00 0.00 0.00 0.00 0.00 0.00 0.00 0.00 0.00 0.00 0.00 0.00 0.00 0.00 0.00 0.00 0.00 0.00 0.00 0.00 0.00 0.00 4.18 17.16 17.09 16.59 19.64 15.18 16.28 10.80 10.80 9.49 7.59 7.88 7.52 2.34 2.34 2.26 1.61 0.00 0.00 0.00 0.00 0.00 0.00 0.00 0.00 0.00 0.00 0.00 0.00 0.00 0.00 0.00 0.00 0.00 0.00 0.00 0.00 0.00 0.00 0.00 0.00 1.46 0.00 3.43 6.20 6.06 8.03 4.89 3.07
0.00 0.00 0.00 5.26 14.38 19.27 18.69 20.97 14.01 10.22 10.37 7.45 0.00 0.00 0.00 0.00 0.00 0.00 0.00 0.00 0.00 0.00 0.00 0.00 0.00 0.00 0.00 0.00 0.00 0.00 0.00 0.00 0.00 0.00 0.00 0.00 3.87 12.12 12.18 8.83 10.44 6.42 5.84 5.84 4.96 8.83 8.25 8.47 7.52 4.89 2.77 3.14 0.00 0.00 0.00 0.00 0.00 0.00 0.00 0.00 0.00 0.00 0.00 0.00 0.00 0.00 0.00 0.00 0.00 0.00 0.00 0.00 0.00 0.00 0.00 0.00 0.00 0.00 0.00 0.00 0.58 5.26 4.23 3.21
