Wansh/Snow_depth/snowdepth-1989/spring/1989081.txt
ncols 321
nrows 161
xllcenter 60
yllcenter 15 
cellsize  0.25 
NODATA_value -1
[rows 0 to 36 of 161, columns 84 to 167 of 321]
16.57 17.74 16.64 14.02 12.70 10.80 10.15 10.07 11.32 12.12 13.29 14.16 14.60 13.58 13.14 12.85 13.65 14.45 14.45 15.11 17.30 16.79 14.75 10.15 5.40 3.43 1.10 1.17 1.17 1.10 2.56 4.09 6.42 7.74 5.55 2.99 1.68 2.04 2.56 2.85 4.38 7.30 9.13 9.13 8.32 5.69 2.41 2.92 3.07 3.07 4.02 8.03 9.64 8.32 6.79 6.50 7.23 7.88 8.10 6.28 4.53 2.99 2.04 1.75 1.39 1.39 2.26 4.09 4.09 4.89 5.91 7.81 10.15 10.73 10.37 9.05 8.83 10.73 13.07 15.33 15.99 13.36 11.24 10.66
13.07 14.67 15.40 14.24 12.19 10.80 9.78 9.93 11.10 12.05 10.80 10.22 9.49 9.42 9.20 6.79 4.09 4.82 4.82 6.94 8.69 15.70 17.01 14.31 10.15 6.64 1.97 3.14 2.12 1.17 1.31 2.19 4.89 5.91 3.50 1.61 0.58 0.00 0.00 0.00 1.39 5.91 10.66 10.66 11.02 10.00 8.61 6.64 4.89 3.87 1.46 4.02 4.89 4.53 4.53 4.89 5.40 6.35 6.86 6.50 5.26 4.89 5.04 4.45 4.45 4.02 4.38 4.96 4.96 6.42 7.66 8.69 9.78 11.53 13.07 13.87 14.75 15.62 16.28 16.28 14.89 14.09 14.31 11.68
12.34 11.83 11.75 11.24 10.95 10.37 10.73 11.10 11.39 12.26 12.99 12.34 9.86 0.00 0.00 0.00 0.00 0.00 0.00 0.73 0.00 5.91 12.19 14.24 12.48 8.03 3.29 2.56 2.41 1.53 1.46 1.53 2.77 3.94 4.45 4.31 2.85 2.19 1.31 1.39 2.48 4.23 7.37 7.37 10.95 13.87 14.31 13.80 9.86 5.62 4.67 1.90 2.12 2.56 2.92 4.53 6.20 7.52 8.83 10.00 10.00 9.56 9.20 8.76 8.61 8.61 9.64 10.59 10.59 11.17 10.95 10.44 9.71 11.17 13.21 16.57 19.49 19.71 19.42 18.83 17.08 17.59 19.05 18.47
12.34 11.83 11.75 11.24 10.95 10.37 10.73 11.10 11.39 12.26 12.99 12.34 9.86 0.00 0.00 0.00 0.00 0.00 0.00 0.73 0.00 5.91 12.19 14.24 12.48 8.03 3.29 2.56 2.41 1.53 1.46 1.53 2.77 3.94 4.45 4.31 2.85 2.19 1.31 1.39 2.48 4.23 7.37 7.37 10.95 13.87 14.31 13.80 9.86 5.62 4.67 1.90 2.12 2.56 2.92 4.53 6.20 7.52 8.83 10.00 10.00 9.56 9.20 8.76 8.61 8.61 9.64 10.59 10.59 11.17 10.95 10.44 9.71 11.17 13.21 16.57 19.49 19.71 19.42 18.83 17.08 17.59 19.05 18.47
12.85 11.90 10.37 9.64 9.34 9.42 10.15 10.44 11.53 11.53 10.66 9.20 0.00 0.00 0.00 0.00 0.00 0.00 0.00 0.00 3.80 6.06 8.47 12.41 13.94 11.68 7.96 2.92 3.58 2.26 1.53 1.10 1.61 3.07 5.91 8.54 8.03 6.28 3.80 2.41 0.80 0.00 1.39 1.39 2.92 6.86 12.26 15.70 15.70 12.63 7.88 4.89 4.31 4.38 2.77 2.92 4.23 5.62 6.50 8.25 10.15 11.39 11.97 11.90 11.17 10.88 12.05 13.29 13.29 13.36 12.70 12.26 11.75 11.02 12.05 14.16 16.28 18.83 19.13 18.03 17.37 17.16 18.61 19.05
13.51 13.58 13.87 14.24 11.75 9.93 7.45 6.28 7.01 7.81 8.61 7.88 6.79 5.33 0.00 0.00 7.01 7.15 7.15 0.00 0.00 4.89 6.64 10.37 11.68 11.75 9.34 3.80 8.61 3.87 3.07 1.75 2.34 3.58 4.89 7.74 7.45 5.26 2.92 0.66 0.00 0.00 0.00 0.00 0.00 2.41 6.94 11.90 14.24 14.45 9.71 6.64 4.23 3.21 4.16 2.56 2.92 3.87 6.13 7.96 8.98 9.86 12.12 14.02 14.75 14.16 12.92 12.05 12.05 11.53 11.61 12.26 12.12 12.05 11.53 11.39 11.68 11.90 12.48 13.51 14.45 15.55 16.72 17.59
15.55 15.40 15.48 14.53 13.51 12.12 11.24 10.44 10.22 9.27 8.40 7.08 5.99 5.99 6.13 7.01 10.22 13.72 13.72 15.55 14.02 10.07 6.50 6.72 6.64 7.01 6.86 5.26 4.67 5.11 0.00 3.14 2.99 3.94 5.18 6.35 5.55 4.02 0.00 0.00 0.00 0.00 0.00 0.00 0.00 2.77 7.59 10.66 13.72 12.78 9.13 5.33 4.45 3.65 3.21 3.29 4.82 5.91 7.59 9.20 9.86 11.17 14.31 17.37 18.10 17.23 15.40 14.02 14.02 12.56 11.83 12.63 13.72 13.65 12.99 12.78 11.83 10.80 10.00 9.56 10.66 12.41 15.11 16.79
15.55 15.40 15.48 14.53 13.51 12.12 11.24 10.44 10.22 9.27 8.40 7.08 5.99 5.99 6.13 7.01 10.22 13.72 13.72 15.55 14.02 10.07 6.50 6.72 6.64 7.01 6.86 5.26 4.67 5.11 0.00 3.14 2.99 3.94 5.18 6.35 5.55 4.02 0.00 0.00 0.00 0.00 0.00 0.00 0.00 2.77 7.59 10.66 13.72 12.78 9.13 5.33 4.45 3.65 3.21 3.29 4.82 5.91 7.59 9.20 9.86 11.17 14.31 17.37 18.10 17.23 15.40 14.02 14.02 12.56 11.83 12.63 13.72 13.65 12.99 12.78 11.83 10.80 10.00 9.56 10.66 12.41 15.11 16.79
15.55 15.18 14.16 13.51 12.92 11.53 11.10 11.24 11.83 11.17 8.83 5.91 0.00 4.16 5.18 6.57 11.02 14.31 14.31 16.94 17.96 16.06 11.39 7.52 5.40 4.53 4.02 3.87 3.65 4.02 3.29 3.87 3.50 4.45 5.77 7.15 0.00 0.00 0.00 0.00 0.00 0.00 2.34 2.34 4.74 6.35 8.61 8.61 9.27 7.52 6.35 6.06 4.74 4.09 4.60 5.04 3.43 7.08 8.18 8.32 10.07 11.17 13.51 14.60 15.26 15.48 15.77 15.33 15.33 14.53 14.09 14.97 16.43 15.77 13.58 13.36 13.43 13.14 13.43 12.85 11.83 10.51 11.24 12.12
15.26 14.60 13.21 12.56 12.85 13.43 13.80 13.72 13.80 9.78 5.91 0.00 0.00 0.00 0.00 7.23 9.20 12.05 12.05 14.16 14.53 13.87 12.05 8.25 5.55 0.00 4.31 4.53 4.67 5.69 5.62 3.36 4.09 4.09 7.08 8.47 8.32 0.00 0.00 0.00 0.00 0.00 4.09 4.09 4.16 4.45 4.89 4.31 4.96 5.84 6.20 6.86 8.54 9.13 8.18 8.03 7.81 7.45 7.81 7.88 8.91 9.34 9.64 10.80 11.39 11.83 13.51 14.02 14.02 13.94 14.89 15.84 17.08 16.94 14.97 13.29 14.09 17.74 19.49 18.03 14.97 11.17 10.07 10.07
15.18 14.31 13.58 12.99 13.29 14.02 13.07 11.24 9.27 7.08 4.74 0.00 0.00 0.00 3.43 6.79 9.05 11.68 11.68 13.14 14.24 12.26 9.20 6.86 0.00 0.00 0.00 0.00 4.16 5.04 4.02 3.65 3.72 4.38 6.35 6.94 7.23 7.52 7.23 5.69 5.84 5.40 5.77 5.77 5.91 5.77 5.40 5.18 6.86 7.81 8.69 10.29 12.99 12.26 10.44 9.49 10.29 12.05 9.86 10.07 9.64 10.80 11.68 10.95 10.44 11.68 13.94 16.35 16.35 18.47 19.64 18.91 18.32 17.67 16.94 15.84 19.20 22.85 24.45 22.85 18.03 13.21 12.63 11.10
15.18 14.31 13.58 12.99 13.29 14.02 13.07 11.24 9.27 7.08 4.74 0.00 0.00 0.00 3.43 6.79 9.05 11.68 11.68 13.14 14.24 12.26 9.20 6.86 0.00 0.00 0.00 0.00 4.16 5.04 4.02 3.65 3.72 4.38 6.35 6.94 7.23 7.52 7.23 5.69 5.84 5.40 5.77 5.77 5.91 5.77 5.40 5.18 6.86 7.81 8.69 10.29 12.99 12.26 10.44 9.49 10.29 12.05 9.86 10.07 9.64 10.80 11.68 10.95 10.44 11.68 13.94 16.35 16.35 18.47 19.64 18.91 18.32 17.67 16.94 15.84 19.20 22.85 24.45 22.85 18.03 13.21 12.63 11.10
13.58 14.97 13.51 12.70 12.26 11.32 10.66 7.23 5.77 3.43 1.68 0.44 2.26 3.94 6.06 9.86 12.63 14.53 14.53 16.35 15.55 12.34 9.78 0.00 0.00 0.00 0.00 3.87 3.94 3.36 4.45 5.48 5.91 4.23 6.35 7.59 8.10 9.42 9.27 8.03 9.71 10.22 9.71 9.71 8.83 7.88 6.64 6.57 8.54 9.42 12.34 14.89 16.06 13.07 10.51 9.20 11.24 14.24 15.33 14.53 14.45 13.29 12.12 10.37 10.95 11.97 13.65 16.06 16.06 18.40 20.22 21.39 20.51 20.15 20.73 21.68 23.87 25.33 26.79 25.26 20.73 17.23 15.48 14.09
12.12 12.05 11.46 11.39 10.07 7.88 6.35 3.36 3.14 3.50 3.94 5.33 7.23 10.73 11.75 13.72 15.91 16.72 16.72 14.75 13.07 10.95 9.20 7.45 5.69 5.48 4.60 6.57 6.86 5.99 9.05 10.95 12.48 12.34 10.29 12.63 13.58 15.33 14.09 12.92 12.26 11.02 9.71 9.71 8.91 8.54 8.47 10.44 11.32 12.99 14.97 16.06 15.26 12.34 9.20 8.69 9.56 11.17 12.48 12.99 14.02 11.53 12.41 12.56 12.92 13.65 13.65 15.77 15.77 16.94 18.83 20.88 20.73 20.88 21.17 22.41 22.70 22.12 18.69 16.35 17.37 15.84 14.16 12.19
11.97 10.29 8.91 7.37 5.69 5.33 0.00 0.00 0.00 6.35 8.32 9.05 10.15 12.63 15.33 16.43 15.77 14.67 14.67 12.85 11.24 10.22 9.20 8.83 7.59 7.88 7.52 7.81 11.17 12.78 16.35 18.32 19.93 19.42 18.32 14.97 15.91 16.06 12.19 11.17 10.59 10.00 10.00 10.00 10.59 9.42 10.73 12.34 13.36 13.94 15.04 15.48 14.75 13.36 13.94 15.26 15.33 13.07 10.37 8.69 6.57 7.01 9.13 9.93 11.75 12.26 13.29 14.31 14.31 14.75 17.37 18.98 19.20 17.96 16.43 14.89 15.91 9.78 4.02 3.94 9.56 16.79 15.26 13.14
9.56 8.47 7.45 0.00 0.00 0.00 0.00 0.00 0.00 4.45 6.86 8.54 9.56 9.93 10.22 10.73 11.46 11.24 11.24 10.73 10.07 9.05 11.02 12.41 11.83 10.95 10.59 10.80 13.80 17.37 20.37 20.51 22.56 19.86 16.94 15.62 16.06 8.98 7.74 8.40 11.46 11.83 11.24 11.24 10.66 10.88 12.05 13.94 13.72 13.87 14.60 15.48 14.75 15.55 17.45 19.93 19.20 15.55 10.37 7.52 5.91 3.94 4.38 4.89 6.20 8.76 11.17 13.58 13.58 14.67 16.94 17.89 16.79 13.51 9.13 9.34 12.34 9.05 0.07 2.12 9.78 15.26 13.87 13.14
9.56 8.47 7.45 0.00 0.00 0.00 0.00 0.00 0.00 4.45 6.86 8.54 9.56 9.93 10.22 10.73 11.46 11.24 11.24 10.73 10.07 9.05 11.02 12.41 11.83 10.95 10.59 10.80 13.80 17.37 20.37 20.51 22.56 19.86 16.94 15.62 16.06 8.98 7.74 8.40 11.46 11.83 11.24 11.24 10.66 10.88 12.05 13.94 13.72 13.87 14.60 15.48 14.75 15.55 17.45 19.93 19.20 15.55 10.37 7.52 5.91 3.94 4.38 4.89 6.20 8.76 11.17 13.58 13.58 14.67 16.94 17.89 16.79 13.51 9.13 9.34 12.34 9.05 0.07 2.12 9.78 15.26 13.87 13.14
6.06 0.00 0.00 0.00 0.00 0.00 0.00 0.00 0.00 0.00 4.45 6.06 8.76 10.37 9.64 9.71 10.73 10.29 10.29 10.15 9.05 8.61 8.69 10.80 12.19 12.56 12.85 12.05 11.75 13.94 20.00 18.98 20.59 19.49 17.01 13.65 10.66 9.42 8.32 10.22 12.26 12.34 12.85 12.85 12.92 13.80 15.18 16.28 17.74 16.43 15.62 15.62 14.97 15.62 17.30 17.30 15.62 13.21 10.29 7.96 9.13 11.97 6.57 8.76 8.25 9.42 10.80 13.58 13.58 16.06 18.54 17.37 13.87 8.54 7.96 9.64 10.66 5.91 0.15 2.99 9.93 10.88 8.76 9.13
0.00 0.00 0.00 0.00 0.00 0.00 0.00 0.00 0.00 0.00 5.11 6.50 9.42 12.12 13.36 13.36 13.94 13.07 13.07 11.83 9.64 8.32 6.64 7.37 11.46 14.09 14.53 16.21 15.62 16.79 17.74 18.76 20.73 21.68 20.51 17.23 13.29 11.39 8.61 10.00 11.97 14.09 17.08 17.08 18.03 18.83 19.05 20.08 20.59 19.56 17.89 17.01 15.55 15.62 15.55 15.11 14.38 12.92 11.10 11.83 14.09 16.43 16.57 13.51 12.26 11.39 12.41 15.55 15.55 17.52 20.81 18.54 14.24 9.27 7.59 7.59 5.77 1.46 1.90 4.16 6.42 5.40 4.74 4.96
0.00 0.00 0.00 0.00 0.00 0.00 0.00 0.00 0.00 5.11 6.20 8.25 9.27 10.80 11.39 12.12 13.51 14.89 14.89 15.77 14.67 12.41 10.51 8.69 8.40 11.75 14.16 15.70 15.91 16.06 16.94 19.42 19.64 20.88 20.95 17.45 13.65 9.42 8.83 8.32 7.52 10.44 15.40 15.40 22.34 25.11 25.48 22.85 21.90 21.53 19.27 17.16 15.77 15.33 13.94 15.33 16.21 15.62 15.55 15.48 16.35 18.54 19.64 17.37 16.72 14.67 16.13 20.81 20.81 22.48 19.35 13.87 8.47 3.80 3.65 3.36 1.46 0.58 2.04 3.07 3.58 4.96 4.96 4.16
0.00 0.00 0.00 0.00 0.00 0.00 0.00 0.00 0.00 0.00 9.93 10.37 11.17 10.95 10.51 9.64 9.93 12.12 12.12 13.87 14.75 13.94 13.07 12.63 12.99 13.43 13.36 12.05 11.75 11.53 13.14 19.35 15.18 17.23 17.74 13.36 7.74 4.31 0.00 3.36 2.85 7.59 13.29 13.29 21.17 25.92 25.77 23.36 20.95 20.37 18.61 17.16 16.13 15.99 16.06 18.32 19.78 19.20 18.32 17.16 17.08 18.54 18.54 17.16 16.86 16.35 19.13 20.00 20.00 17.45 10.59 4.96 0.22 0.29 1.10 0.00 0.00 0.00 0.66 2.19 2.12 2.70 3.07 2.99
0.00 0.00 0.00 0.00 0.00 0.00 0.00 0.00 0.00 0.00 12.99 16.72 19.71 19.42 18.10 15.62 12.63 12.78 12.78 14.02 15.62 17.01 16.94 18.47 18.10 21.53 21.46 19.56 15.91 12.12 10.80 17.08 11.97 14.75 15.18 9.27 4.31 0.00 0.00 0.00 0.00 9.05 10.51 10.51 14.02 15.70 16.50 13.87 12.99 13.94 13.80 12.70 13.07 14.24 17.23 20.00 20.66 18.40 16.35 13.94 13.94 14.09 14.02 15.04 15.55 13.51 15.48 12.92 12.92 9.71 5.91 3.29 1.31 0.44 0.15 0.00 0.00 0.00 0.00 0.29 0.37 1.61 1.83 1.39
0.00 0.00 0.00 0.00 0.00 0.00 0.00 0.00 0.00 0.00 12.99 16.72 19.71 19.42 18.10 15.62 12.63 12.78 12.78 14.02 15.62 17.01 16.94 18.47 18.10 21.53 21.46 19.56 15.91 12.12 10.80 17.08 11.97 14.75 15.18 9.27 4.31 0.00 0.00 0.00 0.00 9.05 10.51 10.51 14.02 15.70 16.50 13.87 12.99 13.94 13.80 12.70 13.07 14.24 17.23 20.00 20.66 18.40 16.35 13.94 13.94 14.09 14.02 15.04 15.55 13.51 15.48 12.92 12.92 9.71 5.91 3.29 1.31 0.44 0.15 0.00 0.00 0.00 0.00 0.29 0.37 1.61 1.83 1.39
0.00 0.00 0.00 0.00 0.00 0.00 7.37 9.93 0.00 0.00 14.09 17.59 20.66 23.29 23.36 21.10 18.61 17.23 17.23 16.35 16.35 18.10 19.35 20.29 22.78 23.51 23.87 23.00 21.39 17.59 14.31 11.68 10.66 10.51 9.27 5.11 2.12 0.00 0.00 0.00 0.00 0.00 3.94 3.94 4.53 6.20 5.99 5.84 7.37 7.45 6.28 7.08 8.18 9.27 12.12 12.70 13.43 12.34 10.07 8.69 11.02 12.99 13.07 14.02 15.55 15.84 14.09 8.18 8.18 5.84 7.96 8.69 7.23 3.87 2.92 0.73 0.00 0.00 0.00 0.07 0.44 1.02 0.88 0.51
7.30 8.40 8.98 8.32 8.10 0.00 8.91 0.00 0.00 0.00 0.00 16.64 18.32 19.42 20.81 20.81 19.05 17.74 17.74 18.03 18.32 18.54 19.64 19.44 19.08 21.78 20.57 20.51 19.05 16.28 12.48 8.91 8.76 7.52 4.09 0.00 0.00 0.37 0.00 0.00 0.00 1.53 1.46 1.46 0.00 0.00 3.21 5.04 5.48 3.80 3.50 3.80 3.14 2.70 3.14 3.50 4.16 3.50 3.14 5.91 9.86 12.26 12.56 13.58 14.89 14.97 11.32 12.56 12.56 7.96 11.39 12.41 10.07 6.72 4.38 2.19 0.95 0.00 0.00 0.00 0.22 0.58 0.37 0.44
0.00 12.78 14.75 12.92 10.88 11.17 10.88 0.00 0.00 0.00 0.00 12.85 13.51 14.02 16.50 19.93 22.56 23.73 23.73 24.53 23.58 24.75 24.38 25.11 25.49 21.45 22.25 22.05 22.19 20.88 15.77 12.41 4.67 9.05 6.28 0.00 0.00 1.17 1.97 3.14 3.50 2.26 0.66 0.66 1.39 0.00 2.92 5.04 4.45 2.26 1.02 0.44 0.00 0.00 0.00 0.00 0.00 2.04 2.99 6.35 10.29 11.97 11.53 11.90 12.41 12.41 12.05 11.02 11.02 10.51 10.37 10.07 8.69 7.52 5.33 3.58 3.14 2.56 1.83 1.61 1.39 0.80 0.58 0.00
0.00 10.88 15.62 17.74 18.03 19.05 19.05 19.27 19.20 18.03 12.78 8.10 5.40 4.38 10.22 16.13 20.81 22.56 22.56 22.41 24.60 26.16 27.47 26.94 25.87 25.42 24.87 23.37 23.41 22.50 19.42 16.43 8.25 13.94 10.15 7.30 5.99 7.01 6.06 5.48 3.80 1.53 1.39 1.39 1.02 0.00 0.00 2.26 3.43 4.09 3.29 1.97 0.51 0.00 0.00 0.00 2.19 2.12 3.14 4.82 9.34 12.48 13.65 13.87 12.19 10.51 11.83 14.24 14.24 15.33 11.46 12.70 12.12 10.59 8.61 7.88 7.37 5.55 2.56 1.39 1.02 0.00 0.00 0.22
0.00 0.00 9.78 13.80 19.35 23.29 26.28 27.81 26.65 24.31 18.03 11.46 4.45 2.70 0.00 6.28 8.69 9.64 9.64 10.24 9.14 12.15 16.11 20.08 23.94 26.43 27.62 28.57 28.81 25.96 25.46 24.16 13.65 20.88 19.13 18.98 16.94 13.51 10.95 8.03 3.50 2.04 3.07 3.07 2.48 0.00 0.00 4.23 7.52 9.05 8.47 7.01 2.85 0.00 0.00 0.00 1.39 0.95 1.39 2.85 7.15 12.63 16.13 18.40 18.18 16.64 18.76 21.10 21.10 21.24 17.45 16.50 13.65 10.37 8.03 9.20 8.54 5.33 2.99 2.19 2.04 1.02 0.58 0.51
0.00 0.00 9.78 13.80 19.35 23.29 26.28 27.81 26.65 24.31 18.03 11.46 4.45 2.70 0.00 6.28 8.69 9.64 9.68 10.58 9.28 13.01 15.70 20.59 23.58 26.43 26.79 26.55 26.91 26.35 25.72 25.17 15.34 22.09 19.62 18.98 16.94 13.51 10.95 8.03 3.50 2.04 3.07 3.07 2.48 0.00 0.00 4.23 7.52 9.05 8.47 7.01 2.85 0.00 0.00 0.00 1.39 0.95 1.39 2.85 7.15 12.63 16.13 18.40 18.18 16.64 18.76 21.10 21.10 21.24 17.45 16.50 13.65 10.37 8.03 9.20 8.54 5.33 2.99 2.19 2.04 1.02 0.58 0.51
0.00 0.00 0.00 0.00 9.93 18.69 25.40 31.61 33.51 31.03 25.62 20.51 15.77 10.95 9.05 10.37 9.78 8.91 8.91 5.99 0.00 0.00 0.00 3.48 7.56 15.48 18.14 24.50 27.16 27.81 27.50 26.10 28.27 25.27 24.01 24.74 22.64 19.42 13.72 9.78 4.96 3.80 4.02 4.02 4.31 3.50 3.72 7.59 11.97 14.45 15.48 11.75 6.20 0.00 0.00 0.00 0.00 0.00 0.00 0.00 4.74 7.96 11.39 17.08 22.78 24.16 24.09 23.58 23.58 21.83 18.03 18.83 11.61 7.81 6.28 7.59 6.57 2.92 1.61 0.80 0.88 0.07 0.58 0.00
0.00 0.00 0.00 0.00 3.94 5.84 13.87 21.32 27.81 28.91 26.06 22.27 15.77 14.67 16.50 18.10 20.51 19.42 19.42 15.63 9.93 3.52 0.95 0.00 0.00 1.11 2.70 9.15 18.32 22.27 24.97 23.94 21.90 27.02 25.77 26.52 24.68 22.82 18.18 14.89 12.26 10.15 5.77 5.77 4.23 3.14 4.31 4.45 7.66 14.24 17.30 16.79 10.73 4.60 2.85 0.00 0.00 0.00 0.00 0.00 0.00 3.29 6.64 12.99 24.09 27.01 24.60 22.63 22.63 20.37 15.70 10.88 13.72 5.91 4.82 5.62 4.31 2.04 1.31 1.39 0.95 1.02 1.10 0.37
0.00 0.00 0.00 0.00 0.00 6.86 7.88 11.24 14.24 14.60 11.75 11.90 8.69 7.81 9.86 12.48 14.60 14.89 14.89 14.31 11.39 7.52 4.09 2.19 3.72 4.09 0.00 1.47 5.18 12.06 19.05 21.83 22.12 23.43 23.74 25.51 27.52 24.38 23.51 23.58 22.34 17.89 11.24 11.24 4.82 2.48 1.46 0.88 2.92 6.57 11.10 12.78 10.59 7.08 5.84 3.43 0.00 0.00 0.00 0.00 0.00 0.00 2.63 13.07 20.73 22.27 21.10 18.47 18.47 16.35 11.53 6.35 7.88 6.72 1.17 1.46 0.58 1.17 1.24 1.17 2.19 3.07 2.77 2.56
0.00 0.00 0.00 10.51 6.94 6.86 8.10 8.83 8.76 8.98 6.79 4.89 0.00 0.00 7.23 9.05 9.20 9.42 9.42 10.51 12.19 13.14 9.42 3.50 2.26 3.36 3.58 3.67 4.82 10.15 14.53 18.83 21.24 22.63 24.38 25.19 28.53 28.59 27.11 27.80 26.57 22.92 16.72 16.72 10.07 6.57 4.53 2.99 0.95 2.26 4.38 4.60 5.62 4.89 5.69 3.36 0.00 0.00 0.00 0.00 0.00 0.00 0.00 7.66 11.32 13.51 11.53 11.39 11.39 9.05 5.26 2.70 0.00 0.95 0.00 0.00 0.00 1.53 2.70 2.77 2.04 3.07 3.94 3.80
0.00 0.00 0.00 0.00 2.63 0.00 0.00 0.00 0.15 2.19 2.70 2.56 3.65 6.35 7.45 6.94 4.45 2.63 2.63 4.16 7.15 13.65 13.72 9.78 2.19 0.00 0.00 0.00 4.89 8.47 11.10 13.51 17.59 19.71 23.73 27.52 28.54 25.40 23.79 24.41 25.16 22.48 20.08 20.08 16.35 13.36 9.49 5.99 3.94 1.75 2.04 2.85 2.77 2.04 3.87 3.14 0.00 0.00 1.61 2.99 3.07 2.12 0.00 2.12 3.87 4.02 4.16 3.50 3.50 1.97 0.00 0.00 0.00 0.00 0.00 0.00 0.44 0.95 3.29 2.92 2.77 4.23 3.58 3.07
0.00 0.00 0.00 0.00 0.00 0.00 0.00 0.00 0.00 0.00 0.00 0.22 3.14 4.82 3.72 1.31 0.29 0.00 0.00 0.00 0.00 0.00 1.83 2.70 0.00 0.00 0.00 0.00 1.85 5.07 6.28 4.33 4.97 8.10 18.54 21.02 26.86 16.89 19.13 21.61 22.19 19.78 17.96 17.96 16.72 16.06 14.75 12.78 9.05 5.69 4.53 2.56 0.00 0.00 1.83 1.97 0.00 0.00 0.00 0.00 2.99 3.58 2.34 0.00 0.00 0.00 0.00 0.00 0.00 0.00 0.00 0.00 0.00 0.00 0.00 0.07 0.00 0.00 0.00 1.83 3.29 4.60 4.23 3.43
0.00 0.00 0.00 0.00 0.00 0.00 0.00 0.00 0.00 0.00 0.00 0.22 3.14 4.82 3.72 1.31 0.29 0.00 0.00 0.00 0.00 0.00 1.83 2.70 0.00 0.00 0.00 0.00 1.83 4.89 6.06 4.31 4.82 8.10 18.64 21.13 26.86 16.80 19.32 21.61 21.97 19.78 17.96 17.96 16.72 16.06 14.75 12.78 9.05 5.69 4.53 2.56 0.00 0.00 1.83 1.97 0.00 0.00 0.00 0.00 2.99 3.58 2.34 0.00 0.00 0.00 0.00 0.00 0.00 0.00 0.00 0.00 0.00 0.00 0.00 0.07 0.00 0.00 0.00 1.83 3.29 4.60 4.23 3.43
0.00 0.00 0.00 0.00 0.00 0.00 2.99 2.96 0.59 0.00 0.00 0.58 2.56 2.12 0.66 0.00 0.00 0.00 0.00 0.00 0.00 0.00 0.00 0.00 0.00 0.00 0.00 0.00 0.00 0.00 0.00 0.00 0.00 0.00 6.06 11.68 15.99 9.86 14.45 14.24 13.94 10.00 9.13 9.13 10.59 12.63 13.80 13.29 12.19 11.90 10.66 6.42 3.50 0.00 0.00 0.00 0.00 0.00 0.00 0.00 0.00 2.77 2.70 0.00 0.00 0.00 0.00 0.00 0.00 0.00 0.00 0.00 0.00 0.00 0.00 0.00 0.00 0.00 0.00 0.00 2.99 5.04 4.23 2.26
