Wansh/Snow_depth/snowdepth-1989/spring/1989102.txt
ncols 321
nrows 161
xllcenter 60
yllcenter 15 
cellsize  0.25 
NODATA_value -1
[rows 0 to 36 of 161, columns 84 to 167 of 321]
0.00 0.00 0.00 0.00 0.00 0.00 0.00 0.00 0.00 0.00 0.00 0.00 0.00 0.00 0.00 0.00 0.00 0.00 0.00 0.00 0.00 0.00 0.00 0.00 0.00 0.00 0.00 0.00 0.00 0.00 0.00 4.53 0.00 0.00 0.00 0.00 0.00 0.00 0.00 0.00 0.00 0.00 0.00 0.00 0.00 0.00 0.00 0.00 0.00 2.99 3.50 2.34 1.68 1.39 1.10 0.00 0.00 0.00 0.00 0.00 0.00 2.04 2.34 1.53 0.07 1.10 3.29 3.50 3.50 2.77 2.70 1.24 0.00 0.00 0.00 0.00 0.95 0.95 0.73 0.66 1.75 2.41 2.04 2.48
0.00 0.00 0.00 0.00 0.00 0.00 0.00 0.00 0.00 0.00 0.00 0.00 4.23 0.00 0.00 0.00 0.00 0.00 0.00 0.00 0.00 0.00 0.00 0.00 0.00 0.00 0.00 0.00 0.00 0.00 6.64 5.99 4.45 0.00 0.00 0.00 0.00 0.00 0.00 0.00 0.00 0.00 0.00 0.00 0.00 0.00 0.00 0.00 1.97 3.58 3.65 3.29 3.43 3.80 3.94 3.36 3.87 3.65 5.18 5.40 4.60 4.67 4.38 3.36 2.04 2.04 2.92 4.53 4.53 4.96 4.82 3.87 1.39 0.15 0.00 0.00 0.00 0.00 0.00 0.00 0.00 0.22 1.02 1.68
0.00 0.00 0.00 0.00 0.00 0.00 0.00 0.00 0.00 0.00 0.00 0.66 2.48 5.48 0.00 0.00 0.00 0.00 0.00 0.00 0.00 0.00 0.00 0.00 0.00 0.00 0.00 0.00 0.00 0.00 9.93 7.96 5.69 3.80 0.00 0.00 0.00 0.00 0.00 0.00 0.00 0.00 0.00 0.00 0.00 0.00 0.00 0.00 0.66 1.97 2.92 4.60 4.96 5.69 5.77 6.79 8.10 8.54 9.05 9.42 8.47 7.88 7.96 6.94 4.53 3.72 4.31 5.40 5.40 6.50 5.62 4.45 3.21 0.58 0.00 0.07 0.07 0.00 0.00 0.00 0.00 0.00 0.00 0.00
0.00 0.00 0.00 0.00 0.00 0.00 0.00 0.00 0.00 0.00 0.00 0.66 2.48 5.48 0.00 0.00 0.00 0.00 0.00 0.00 0.00 0.00 0.00 0.00 0.00 0.00 0.00 0.00 0.00 0.00 9.93 7.96 5.69 3.80 0.00 0.00 0.00 0.00 0.00 0.00 0.00 0.00 0.00 0.00 0.00 0.00 0.00 0.00 0.66 1.97 2.92 4.60 4.96 5.69 5.77 6.79 8.10 8.54 9.05 9.42 8.47 7.88 7.96 6.94 4.53 3.72 4.31 5.40 5.40 6.50 5.62 4.45 3.21 0.58 0.00 0.07 0.07 0.00 0.00 0.00 0.00 0.00 0.00 0.00
0.00 0.00 0.00 0.00 0.00 0.00 0.00 0.00 0.00 0.00 0.00 0.00 0.00 0.88 2.41 0.00 0.00 0.00 0.00 0.00 0.00 0.00 0.00 0.00 0.00 0.00 0.00 0.00 0.00 0.00 0.00 8.03 7.15 5.99 4.60 4.09 1.24 0.00 0.00 0.00 0.00 0.00 0.00 0.00 0.00 0.00 0.00 0.00 0.00 0.00 0.44 2.19 3.72 4.82 5.62 5.84 6.50 7.23 8.40 9.42 10.51 10.22 9.42 9.34 7.52 6.72 6.13 6.79 6.79 6.94 6.20 5.55 3.94 3.07 2.70 0.73 1.24 0.88 0.22 0.00 0.00 0.00 0.00 0.00
0.00 0.00 0.00 0.00 0.00 0.00 0.00 0.00 0.00 0.00 0.00 0.00 0.00 0.00 1.68 2.70 0.00 0.00 0.00 0.00 0.00 0.00 0.00 0.00 0.00 1.53 1.31 0.00 0.00 0.00 0.00 0.00 7.96 8.61 7.74 6.20 2.34 0.00 0.00 0.00 0.00 0.00 0.00 0.00 0.00 0.00 0.00 0.00 0.00 0.00 0.66 2.70 4.09 5.33 6.50 6.13 5.55 5.99 6.94 7.81 9.64 11.46 12.12 12.41 11.97 9.05 7.45 6.06 6.06 6.79 7.30 7.23 8.98 9.05 7.52 6.57 5.11 3.94 3.36 1.61 0.07 0.00 0.00 0.00
0.00 0.00 0.00 0.00 0.00 0.00 0.00 0.00 0.00 0.00 0.00 0.00 0.00 0.00 3.07 3.94 2.34 0.00 0.00 0.00 0.00 0.00 0.00 0.00 0.00 5.26 0.00 0.00 6.79 7.45 0.00 8.54 9.13 8.76 8.69 6.64 2.70 0.00 0.00 0.00 0.00 0.00 0.00 0.00 0.00 0.00 0.00 0.00 0.00 0.00 0.15 3.80 5.33 5.26 5.77 6.79 7.15 7.23 8.40 8.40 9.13 11.17 13.58 14.38 14.60 14.24 12.48 10.66 10.66 9.71 9.71 10.29 10.66 11.17 10.88 10.73 9.71 9.13 6.64 4.02 2.99 1.97 0.07 0.00
0.00 0.00 0.00 0.00 0.00 0.00 0.00 0.00 0.00 0.00 0.00 0.00 0.00 0.00 3.07 3.94 2.34 0.00 0.00 0.00 0.00 0.00 0.00 0.00 0.00 5.26 0.00 0.00 6.79 7.45 0.00 8.54 9.13 8.76 8.69 6.64 2.70 0.00 0.00 0.00 0.00 0.00 0.00 0.00 0.00 0.00 0.00 0.00 0.00 0.00 0.15 3.80 5.33 5.26 5.77 6.79 7.15 7.23 8.40 8.40 9.13 11.17 13.58 14.38 14.60 14.24 12.48 10.66 10.66 9.71 9.71 10.29 10.66 11.17 10.88 10.73 9.71 9.13 6.64 4.02 2.99 1.97 0.07 0.00
0.00 0.00 0.00 0.00 0.00 0.00 0.00 0.00 0.00 0.00 0.00 0.00 0.00 2.34 4.67 4.45 1.75 0.00 0.00 0.00 0.00 0.00 0.00 0.00 4.02 6.13 0.00 0.00 0.00 0.00 8.25 8.61 8.91 7.59 6.20 2.56 0.00 0.00 0.00 0.00 0.00 0.00 0.00 0.00 0.29 0.00 1.61 1.68 1.83 2.48 3.72 6.86 6.86 5.91 6.35 6.72 5.62 5.26 4.89 6.28 6.35 7.23 9.56 10.07 9.56 11.02 12.63 13.51 13.51 14.02 13.36 13.72 13.80 11.32 9.05 9.27 10.51 10.66 10.51 9.71 7.15 4.16 1.02 0.22
0.00 0.00 0.00 0.00 0.00 0.00 0.00 0.00 0.00 0.00 0.00 0.00 0.00 0.00 0.95 0.07 0.00 0.00 0.00 0.00 0.00 0.00 0.00 0.00 0.00 0.00 0.00 7.59 8.03 8.18 7.01 6.57 6.86 6.57 4.82 2.77 0.00 0.00 0.88 1.97 2.77 2.63 2.77 2.77 3.94 4.60 4.23 3.94 4.60 6.50 7.59 9.34 9.20 7.52 6.06 4.38 4.60 4.09 3.07 2.19 1.90 2.04 2.77 4.45 6.13 7.81 10.44 12.92 12.92 14.02 13.51 13.36 13.36 11.02 8.69 7.74 10.59 12.12 12.99 11.68 8.98 6.06 5.26 2.41
0.00 0.00 0.00 0.00 0.00 0.00 0.00 0.00 0.00 0.00 0.00 0.00 0.00 0.00 0.00 0.00 0.00 0.00 0.00 0.00 0.00 0.00 0.00 0.00 0.00 0.00 3.65 4.82 5.40 5.48 5.69 5.69 5.91 5.91 4.53 2.63 1.68 2.63 3.80 4.53 5.69 6.42 6.94 6.94 6.86 5.40 4.02 3.65 3.80 3.43 3.29 4.02 4.60 4.82 4.96 5.26 6.35 6.42 6.20 3.80 2.41 1.17 1.68 3.07 7.15 10.95 13.36 16.06 16.06 17.30 17.37 15.99 14.16 11.61 8.54 7.01 7.74 11.32 12.78 12.05 10.73 10.07 9.42 7.23
0.00 0.00 0.00 0.00 0.00 0.00 0.00 0.00 0.00 0.00 0.00 0.00 0.00 0.00 0.00 0.00 0.00 0.00 0.00 0.00 0.00 0.00 0.00 0.00 0.00 0.00 3.65 4.82 5.40 5.48 5.69 5.69 5.91 5.91 4.53 2.63 1.68 2.63 3.80 4.53 5.69 6.42 6.94 6.94 6.86 5.40 4.02 3.65 3.80 3.43 3.29 4.02 4.60 4.82 4.96 5.26 6.35 6.42 6.20 3.80 2.41 1.17 1.68 3.07 7.15 10.95 13.36 16.06 16.06 17.30 17.37 15.99 14.16 11.61 8.54 7.01 7.74 11.32 12.78 12.05 10.73 10.07 9.42 7.23
0.00 0.00 0.00 0.00 0.00 0.00 0.00 0.00 0.00 0.00 0.00 0.00 0.00 0.00 0.00 0.00 0.00 0.00 0.00 0.00 0.00 0.07 0.00 0.00 0.00 0.00 1.68 3.29 3.65 5.91 7.01 6.94 7.66 7.96 7.01 7.15 9.42 9.71 8.69 8.03 7.81 7.45 6.42 6.42 4.89 3.80 3.50 3.65 3.07 1.75 0.80 0.66 0.88 0.00 0.95 4.23 5.55 8.18 9.64 9.27 6.94 5.11 4.53 5.26 7.59 10.95 14.16 15.62 15.62 16.79 17.30 17.37 16.57 13.21 10.95 9.49 8.98 11.61 13.80 13.36 11.24 10.07 9.34 9.64
0.00 0.00 0.00 0.00 0.00 0.00 0.00 0.00 0.00 0.00 0.00 0.00 0.00 0.00 1.24 1.68 1.83 2.12 2.12 0.80 0.15 1.02 2.77 0.00 2.48 1.46 2.92 5.11 6.72 9.78 11.32 12.78 13.07 12.41 10.51 10.37 11.97 11.32 7.66 5.77 4.82 5.40 3.14 3.14 1.68 1.10 2.19 3.14 2.70 1.61 1.17 0.58 0.00 0.00 0.00 0.00 0.15 1.90 3.58 4.53 7.52 8.47 8.69 10.15 10.88 10.95 12.48 14.38 14.38 14.82 14.60 15.33 12.41 10.44 9.49 9.42 8.91 8.47 8.47 9.20 9.56 8.47 6.35 5.18
0.00 0.00 0.00 0.00 0.00 0.00 0.00 0.00 0.00 0.00 0.00 2.56 2.19 2.77 2.77 2.70 2.34 1.75 1.75 0.95 1.10 2.41 5.84 8.54 5.62 6.42 7.74 8.18 10.29 13.80 15.77 16.35 17.01 14.24 10.00 8.91 6.35 4.16 1.68 1.24 1.02 0.58 0.07 0.07 0.07 0.44 1.10 1.39 1.10 0.51 0.00 0.00 0.00 0.00 0.00 0.00 0.00 0.00 0.00 0.80 1.75 3.50 4.60 6.20 7.88 10.00 10.66 10.88 10.88 12.78 12.85 11.75 7.74 4.02 3.72 4.60 6.20 5.91 2.70 2.26 3.21 5.26 7.15 7.96
0.00 0.00 0.00 0.00 0.00 0.00 0.00 0.00 0.00 0.00 4.16 3.14 6.64 5.62 4.23 2.85 1.68 1.61 1.61 2.63 2.85 2.85 6.42 10.07 11.90 12.05 11.39 9.20 9.13 10.80 13.65 16.35 17.16 13.43 8.69 5.48 2.63 0.37 0.00 0.15 0.51 0.66 0.95 0.95 1.75 2.70 3.94 3.21 3.07 2.26 1.90 1.02 1.53 2.41 1.24 0.22 0.07 0.00 0.00 0.29 1.02 3.14 2.70 2.70 5.33 7.08 8.47 10.51 10.51 12.41 13.07 10.00 6.28 3.65 1.46 1.83 3.21 4.09 3.80 2.41 0.80 1.24 3.43 5.04
0.00 0.00 0.00 0.00 0.00 0.00 0.00 0.00 0.00 0.00 4.16 3.14 6.64 5.62 4.23 2.85 1.68 1.61 1.61 2.63 2.85 2.85 6.42 10.07 11.90 12.05 11.39 9.20 9.13 10.80 13.65 16.35 17.16 13.43 8.69 5.48 2.63 0.37 0.00 0.15 0.51 0.66 0.95 0.95 1.75 2.70 3.94 3.21 3.07 2.26 1.90 1.02 1.53 2.41 1.24 0.22 0.07 0.00 0.00 0.29 1.02 3.14 2.70 2.70 5.33 7.08 8.47 10.51 10.51 12.41 13.07 10.00 6.28 3.65 1.46 1.83 3.21 4.09 3.80 2.41 0.80 1.24 3.43 5.04
0.00 0.00 0.00 0.00 0.00 0.00 0.00 4.60 5.18 5.33 4.96 5.40 6.64 8.47 8.25 5.77 3.43 4.53 4.53 4.02 1.90 2.12 3.72 7.59 10.80 11.61 10.44 8.10 5.77 6.72 9.49 13.29 15.04 14.97 12.70 7.96 3.29 1.97 2.70 2.92 3.14 3.43 2.92 2.92 2.41 2.41 2.04 2.70 2.70 2.34 1.97 1.61 1.90 2.56 2.63 2.70 2.04 1.02 1.53 3.94 8.40 8.25 6.35 5.04 5.11 6.20 8.18 9.27 9.27 11.90 11.39 9.34 4.09 1.61 1.75 3.14 2.41 1.24 0.88 1.31 0.44 0.00 0.00 0.07
0.00 0.00 0.00 0.00 0.00 0.00 0.00 4.23 4.16 4.89 6.94 8.32 9.56 9.93 11.68 8.18 7.74 8.03 8.03 8.10 6.50 5.91 4.38 4.09 6.28 10.07 10.51 7.37 5.33 7.37 9.49 13.07 15.70 15.70 14.02 9.71 7.01 3.50 2.77 2.34 2.70 3.14 1.46 1.46 0.37 0.00 0.00 0.00 3.72 0.00 0.00 0.00 0.00 0.00 0.29 0.73 0.37 0.88 3.21 7.52 11.39 13.29 10.73 7.52 6.72 7.30 8.18 11.17 11.17 12.05 10.07 5.91 2.12 0.44 0.29 0.00 0.44 0.15 0.00 0.00 0.00 0.00 0.00 0.00
0.00 0.00 0.00 0.00 0.00 0.00 0.00 0.00 0.00 0.00 10.15 11.24 11.24 10.80 12.63 10.95 11.68 12.63 12.63 11.39 10.29 8.83 7.59 6.79 7.08 8.18 9.93 9.64 7.59 7.30 6.64 8.83 10.66 10.95 10.73 8.83 5.04 2.48 0.80 1.46 0.66 0.73 0.51 0.51 0.00 0.00 0.00 4.67 4.96 0.00 0.00 0.00 0.00 0.00 0.00 0.00 0.00 0.00 0.00 3.58 8.54 11.10 11.02 9.05 8.91 9.78 10.22 10.15 10.15 8.18 5.18 1.39 0.00 0.00 0.00 0.00 0.00 0.15 0.22 0.00 0.00 0.00 0.00 0.00
0.00 0.00 0.00 0.00 0.00 0.00 0.00 0.00 0.00 5.18 10.29 10.07 8.25 8.69 10.80 11.53 12.34 13.43 13.43 13.29 12.99 13.87 13.36 12.92 11.75 12.41 12.92 12.34 9.86 6.64 4.23 4.02 3.50 5.18 6.64 5.40 2.63 0.58 0.00 0.88 2.41 2.99 2.77 2.77 1.10 0.00 0.80 2.34 1.83 0.00 0.00 0.00 0.00 0.00 0.00 0.00 0.00 0.00 0.00 0.00 0.73 3.07 4.82 6.06 6.64 8.32 6.72 4.45 4.45 3.72 2.12 0.58 0.00 0.00 0.00 0.00 0.07 0.58 0.00 0.15 0.00 0.00 0.00 0.00
0.00 0.00 0.00 0.00 0.00 0.00 0.00 0.00 0.00 3.36 0.00 2.34 2.26 2.04 3.50 8.32 10.66 13.72 13.72 15.55 17.59 18.98 18.32 17.08 17.45 18.18 17.52 15.84 14.53 12.85 9.78 6.42 2.92 3.43 4.89 4.09 0.95 0.29 0.00 0.00 3.14 4.45 2.34 2.34 0.15 0.00 0.00 0.00 0.00 0.00 0.00 0.00 0.00 0.00 0.00 0.00 0.00 0.00 0.00 0.00 0.00 0.00 0.15 0.88 2.56 2.85 3.29 2.70 2.70 1.17 0.00 0.29 0.00 0.00 0.00 0.00 0.00 0.00 0.00 0.00 0.00 0.00 0.00 0.00
0.00 0.00 0.00 0.00 0.00 0.00 0.00 0.00 0.00 3.36 0.00 2.34 2.26 2.04 3.50 8.32 10.66 13.72 13.72 15.55 17.59 18.98 18.32 17.08 17.45 18.18 17.52 15.84 14.53 12.85 9.78 6.42 2.92 3.43 4.89 4.09 0.95 0.29 0.00 0.00 3.14 4.45 2.34 2.34 0.15 0.00 0.00 0.00 0.00 0.00 0.00 0.00 0.00 0.00 0.00 0.00 0.00 0.00 0.00 0.00 0.00 0.00 0.15 0.88 2.56 2.85 3.29 2.70 2.70 1.17 0.00 0.29 0.00 0.00 0.00 0.00 0.00 0.00 0.00 0.00 0.00 0.00 0.00 0.00
0.00 0.00 0.00 0.00 0.00 0.00 5.55 3.21 3.21 0.29 1.02 0.73 0.58 2.12 4.45 5.69 5.26 10.07 10.07 11.24 14.24 15.70 16.43 17.01 17.96 19.49 18.69 16.21 15.04 15.62 14.53 7.52 5.33 4.38 3.36 1.46 0.37 0.00 0.00 0.00 2.04 2.19 0.51 0.51 0.00 0.00 0.00 0.00 0.00 0.00 0.00 0.00 0.00 0.00 0.00 0.51 0.51 0.44 0.15 0.07 0.29 0.44 0.00 0.07 0.00 0.00 0.73 0.00 0.00 0.00 0.29 0.44 0.00 0.00 0.00 0.00 0.00 0.00 0.00 0.00 0.00 0.00 0.00 0.00
0.00 0.00 0.00 0.00 0.07 0.66 4.53 3.21 1.75 0.00 0.00 0.00 0.22 2.99 5.18 8.18 11.39 9.93 9.93 16.13 17.45 19.78 20.59 20.19 20.25 21.54 19.32 17.67 17.30 16.72 14.75 8.98 5.62 3.87 0.00 0.00 0.29 0.00 0.00 1.53 1.68 1.39 0.80 0.80 0.00 0.00 0.00 0.00 0.00 0.00 0.00 0.00 0.00 0.00 0.00 0.00 0.00 0.00 0.00 0.00 0.00 0.00 0.00 0.00 0.00 0.00 0.00 0.00 0.00 0.00 0.37 0.80 0.22 0.00 0.00 0.00 0.22 0.22 0.00 0.00 0.00 0.00 0.00 0.00
0.00 0.00 0.00 0.00 0.00 0.00 0.00 0.00 0.00 0.00 0.00 0.00 0.00 0.00 0.00 0.66 1.61 0.73 0.73 15.18 20.51 21.24 20.15 17.61 19.70 19.37 21.86 21.60 22.12 20.08 16.50 16.79 6.20 5.55 4.23 1.97 1.68 1.31 2.19 2.56 1.61 1.61 1.10 1.10 0.00 0.00 0.00 0.00 0.00 0.00 0.00 0.00 0.00 0.00 0.00 0.00 0.00 0.00 0.00 0.00 0.00 0.00 0.07 0.00 0.00 0.00 0.00 0.00 0.00 0.00 0.00 0.00 0.00 0.00 0.00 0.00 0.15 0.22 0.00 0.00 0.00 0.00 0.00 0.00
0.00 0.00 0.00 0.00 0.00 0.00 0.00 0.00 0.00 0.00 0.00 0.00 0.00 0.00 0.00 0.00 1.02 0.95 0.95 7.88 8.47 9.04 9.11 7.22 9.61 14.07 17.54 19.76 23.10 21.68 18.98 16.13 12.99 12.05 9.42 7.15 7.30 5.40 4.31 3.50 0.88 0.80 0.29 0.29 0.00 0.00 0.00 0.00 0.00 0.00 0.00 0.00 0.00 0.00 0.00 0.00 0.00 0.00 0.00 0.00 0.00 0.00 0.00 0.22 0.66 0.07 1.75 3.29 3.29 4.02 4.16 3.07 1.68 0.80 0.73 0.73 1.10 0.80 0.00 0.00 0.00 0.00 0.00 0.00
0.00 0.00 0.00 0.00 0.00 0.00 0.00 0.00 0.00 0.00 0.00 0.00 0.00 0.00 0.00 0.00 0.00 0.00 0.00 0.00 0.00 0.00 0.00 0.00 1.70 3.50 8.05 11.43 15.86 17.62 20.62 20.81 19.56 18.69 17.52 16.28 14.09 12.05 6.86 3.58 1.17 1.10 0.95 0.95 0.58 0.37 1.31 0.00 0.00 0.00 0.00 0.00 0.00 0.00 0.00 0.00 0.00 0.00 0.00 0.00 0.00 0.00 0.51 3.36 6.13 7.66 7.23 9.34 9.34 8.98 7.45 4.96 2.99 1.46 1.46 1.46 0.44 0.80 0.37 0.00 0.00 0.00 0.00 0.00
0.00 0.00 0.00 0.00 0.00 0.00 0.00 0.00 0.00 0.00 0.00 0.00 0.00 0.00 0.00 0.00 0.00 0.00 0.00 0.00 0.00 0.00 0.00 0.00 1.68 3.50 7.81 10.62 14.82 17.89 20.83 21.67 21.98 19.78 17.97 16.28 14.09 12.05 6.86 3.58 1.17 1.10 0.95 0.95 0.58 0.37 1.31 0.00 0.00 0.00 0.00 0.00 0.00 0.00 0.00 0.00 0.00 0.00 0.00 0.00 0.00 0.00 0.51 3.36 6.13 7.66 7.23 9.34 9.34 8.98 7.45 4.96 2.99 1.46 1.46 1.46 0.44 0.80 0.37 0.00 0.00 0.00 0.00 0.00
0.00 0.00 0.29 0.00 0.00 0.00 0.00 0.00 0.00 0.00 0.00 0.00 0.00 0.00 0.00 0.00 0.00 0.00 0.00 0.00 0.00 0.00 0.00 0.00 0.00 0.00 0.00 0.88 4.23 7.04 10.84 14.22 17.74 23.05 20.70 22.54 21.09 16.28 10.66 6.35 3.50 2.26 2.04 2.04 1.53 1.39 1.68 0.00 0.00 0.00 0.00 0.00 0.00 0.00 0.00 0.00 0.00 0.00 0.00 0.00 0.00 0.00 0.22 4.16 8.83 11.32 11.53 11.39 11.39 9.71 7.66 4.82 2.63 1.61 1.39 1.17 0.80 0.29 0.58 0.80 0.00 0.00 0.00 0.00
0.00 0.00 0.00 1.39 1.90 2.63 0.00 0.00 0.00 0.00 0.00 0.00 0.00 0.00 0.00 0.00 0.00 0.00 0.00 0.00 0.00 0.00 0.00 0.00 0.00 0.00 0.00 0.00 0.00 0.00 1.68 4.23 5.62 10.73 13.21 20.36 20.75 19.08 15.84 12.26 9.93 7.45 4.02 4.02 1.97 1.17 0.15 0.00 0.88 0.00 0.00 0.00 0.00 0.00 0.00 0.00 0.00 0.00 0.00 0.00 0.00 0.00 0.00 1.83 5.91 8.47 8.32 7.15 7.15 7.15 4.60 2.04 0.73 0.88 1.53 1.61 1.24 1.39 0.95 1.53 0.00 0.00 0.00 0.00
0.00 0.00 0.00 0.80 2.26 2.41 2.26 0.00 0.00 1.83 3.58 2.92 0.73 0.22 0.37 3.72 5.04 3.36 3.36 1.68 0.66 1.02 0.07 0.00 0.00 0.00 0.00 0.00 0.00 0.00 0.00 0.00 0.00 2.56 5.61 8.35 15.40 18.25 21.46 22.34 19.13 13.43 7.96 7.96 3.50 1.75 0.73 0.44 0.00 0.37 0.00 0.00 0.00 0.00 0.00 0.00 0.00 0.00 0.00 0.00 0.00 0.00 0.00 0.66 2.99 4.09 3.50 2.77 2.77 2.92 1.31 0.29 0.00 0.00 0.00 0.44 1.39 2.12 1.46 0.95 1.61 0.00 0.00 0.00
0.00 0.00 0.00 0.00 0.00 0.00 0.00 0.00 1.31 4.45 4.60 2.48 0.07 0.73 3.36 5.99 5.84 3.36 3.36 0.80 0.66 0.00 0.00 0.00 0.00 0.00 0.00 0.00 0.00 0.00 0.00 0.00 0.00 0.00 0.29 1.97 8.37 13.84 16.09 18.29 17.96 14.31 10.37 10.37 6.86 4.02 2.41 0.58 0.07 0.00 0.29 0.29 0.00 0.00 0.00 0.00 0.00 0.00 0.00 0.00 0.00 0.00 0.00 0.00 0.00 0.00 0.15 0.07 0.07 0.00 0.00 0.00 0.00 0.00 0.00 0.00 0.37 2.19 3.07 2.12 1.68 1.90 1.68 0.00
0.00 0.00 0.00 0.00 0.00 0.00 0.00 0.00 0.00 0.00 0.00 0.00 0.00 4.16 6.06 4.67 1.53 0.00 0.00 0.00 0.00 0.00 0.00 0.00 0.00 0.00 0.00 0.00 0.00 0.00 0.00 0.00 0.00 0.00 0.00 0.00 0.00 2.26 4.74 8.61 11.74 12.85 10.15 10.15 9.13 7.81 6.06 3.80 2.19 0.37 0.37 0.37 0.37 0.00 0.00 0.00 0.00 0.00 0.00 0.00 1.02 0.00 0.00 0.00 0.00 0.00 0.00 0.00 0.00 0.00 0.00 0.00 0.00 0.00 0.00 0.00 0.00 0.00 0.15 1.39 1.97 2.04 1.39 0.00
0.00 0.00 0.00 0.00 0.00 0.00 0.00 0.00 0.00 0.00 0.00 0.00 0.37 3.72 2.99 0.80 0.00 0.00 0.00 0.00 0.00 0.00 0.00 0.00 0.00 0.00 0.00 0.00 0.00 0.00 0.00 0.00 0.00 0.00 0.00 0.00 0.00 0.00 0.88 2.26 5.60 5.69 6.13 6.13 6.86 5.33 5.18 4.89 4.09 2.85 1.83 0.88 0.51 0.00 0.00 0.00 0.00 0.00 0.00 0.00 0.00 0.51 0.95 0.00 0.00 0.00 0.00 0.00 0.00 0.00 0.00 0.00 0.00 0.00 0.00 0.00 0.00 0.00 0.00 0.00 0.00 0.88 0.95 0.00
0.00 0.00 0.00 0.00 0.00 0.00 0.00 0.00 0.00 0.00 0.00 0.00 0.37 3.72 2.99 0.80 0.00 0.00 0.00 0.00 0.00 0.00 0.00 0.00 0.00 0.00 0.00 0.00 0.00 0.00 0.00 0.00 0.00 0.00 0.00 0.00 0.00 0.00 0.88 2.26 5.55 5.69 6.13 6.13 6.86 5.33 5.18 4.89 4.09 2.85 1.83 0.88 0.51 0.00 0.00 0.00 0.00 0.00 0.00 0.00 0.00 0.51 0.95 0.00 0.00 0.00 0.00 0.00 0.00 0.00 0.00 0.00 0.00 0.00 0.00 0.00 0.00 0.00 0.00 0.00 0.00 0.88 0.95 0.00
0.00 0.00 0.00 0.00 0.00 0.00 0.00 0.00 0.00 0.00 0.00 0.00 0.00 0.88 0.00 0.00 0.00 0.00 0.00 0.00 0.00 0.00 0.00 0.00 0.00 0.00 0.00 0.00 0.00 0.00 0.00 0.00 0.00 0.00 0.00 0.00 0.00 0.00 0.00 0.00 0.80 0.58 1.10 1.10 0.00 1.75 2.04 2.26 2.56 2.77 2.99 2.48 2.04 0.00 0.00 0.00 0.00 0.00 0.00 0.00 0.00 0.00 0.58 0.00 0.00 0.00 0.00 0.00 0.00 0.00 0.00 0.00 0.00 0.00 0.00 0.00 0.00 0.00 0.00 0.00 0.00 0.00 0.00 0.00
