Wansh/Snow_depth/snowdepth-1989/spring/1989101.txt
ncols 321
nrows 161
xllcenter 60
yllcenter 15 
cellsize  0.25 
NODATA_value -1
[rows 0 to 36 of 161, columns 84 to 167 of 321]
0.00 0.00 0.00 0.00 0.00 0.00 0.00 0.00 0.00 0.00 0.00 0.00 0.00 0.00 0.00 0.00 0.00 0.00 0.00 0.00 0.00 0.00 0.00 0.88 4.74 7.66 9.13 9.64 8.61 6.79 5.62 5.48 4.45 1.17 0.00 0.00 0.00 0.00 0.00 0.00 0.00 0.00 0.00 0.00 0.00 0.80 1.68 2.26 3.21 3.43 3.14 2.85 2.77 2.26 1.17 0.66 1.02 0.88 0.37 0.22 1.31 1.90 2.19 1.97 1.68 1.90 3.58 3.65 3.65 3.43 2.12 0.58 0.00 0.00 0.37 1.10 1.53 1.17 1.46 1.83 1.97 2.41 2.92 2.92
0.00 0.00 0.00 0.00 0.00 0.00 0.00 0.00 0.00 0.00 0.00 0.00 4.23 5.40 5.18 3.21 2.56 1.90 1.90 0.00 0.00 0.00 0.00 0.00 2.70 4.82 7.74 8.54 8.32 8.18 7.66 6.06 4.89 1.97 0.00 0.00 0.00 0.00 0.00 0.00 0.00 0.00 0.00 0.00 0.00 0.00 0.00 1.53 3.07 3.72 3.50 4.02 4.09 4.45 4.53 4.67 5.04 4.74 5.84 5.48 5.04 4.74 5.04 4.31 2.56 3.21 3.87 4.96 4.96 5.18 5.55 4.45 1.90 0.00 0.00 0.00 0.00 0.00 0.00 0.00 0.44 0.73 1.46 2.56
0.00 0.00 0.00 0.00 0.00 0.00 0.00 0.00 0.00 0.00 0.00 0.66 2.48 5.48 5.91 6.20 5.84 4.96 4.96 3.43 2.26 0.95 0.00 0.00 0.37 2.56 4.38 6.13 8.83 10.22 9.34 8.03 6.57 3.80 2.26 0.66 0.15 0.00 0.00 0.00 0.00 0.00 0.00 0.00 0.00 0.00 0.00 0.00 0.00 1.17 2.63 3.94 4.67 4.74 5.18 7.81 8.61 9.64 10.51 9.86 8.25 8.91 8.03 7.15 6.72 5.62 5.84 5.84 5.84 5.99 4.89 3.72 2.99 1.53 0.00 0.00 0.00 0.00 0.00 0.00 0.00 0.00 0.00 0.00
0.00 0.00 0.00 0.00 0.00 0.00 0.00 0.00 0.00 0.00 0.00 0.66 2.48 5.48 5.91 6.20 5.84 4.96 4.96 3.43 2.26 0.95 0.00 0.00 0.37 2.56 4.38 6.13 8.83 10.22 9.34 8.03 6.57 3.80 2.26 0.66 0.15 0.00 0.00 0.00 0.00 0.00 0.00 0.00 0.00 0.00 0.00 0.00 0.00 1.17 2.63 3.94 4.67 4.74 5.18 7.81 8.61 9.64 10.51 9.86 8.25 8.91 8.03 7.15 6.72 5.62 5.84 5.84 5.84 5.99 4.89 3.72 2.99 1.53 0.00 0.00 0.00 0.00 0.00 0.00 0.00 0.00 0.00 0.00
0.00 0.00 0.00 0.00 0.00 0.00 0.00 0.00 0.00 0.00 0.00 0.00 0.00 0.88 2.41 3.87 4.16 5.11 5.11 5.11 5.62 5.18 4.09 1.97 0.95 0.29 1.10 4.16 7.45 8.61 8.69 8.54 8.10 6.94 5.77 3.43 1.39 0.00 0.00 0.00 0.00 0.00 0.00 0.00 0.00 0.00 0.00 0.00 0.00 0.00 0.00 0.00 3.14 4.31 4.96 4.82 5.04 7.37 8.32 9.71 10.66 10.80 9.78 9.49 7.08 6.64 6.50 7.23 7.23 6.86 6.35 4.89 4.38 2.92 1.39 0.73 0.44 0.29 0.00 0.00 0.00 0.00 0.00 0.00
0.00 0.00 0.00 0.00 0.00 0.00 0.00 0.00 0.00 0.00 0.00 0.00 0.00 0.00 1.68 2.70 1.90 1.31 1.31 2.56 4.31 5.48 5.62 4.67 3.65 1.75 2.04 3.58 5.55 6.57 6.86 7.45 8.10 9.20 9.56 6.42 3.07 0.00 0.00 0.00 0.00 0.00 0.00 0.00 0.00 0.00 0.00 0.00 0.00 0.00 0.00 0.00 3.50 4.23 4.53 5.18 5.77 6.50 7.88 9.05 10.59 12.05 12.63 12.19 12.26 9.86 7.96 7.08 7.08 6.64 6.64 7.81 8.69 7.96 7.52 5.91 4.16 3.43 2.41 1.02 0.00 0.00 0.00 0.00
0.00 0.00 0.00 0.00 0.00 0.00 0.00 0.00 0.00 0.00 0.00 0.00 0.00 0.00 3.07 3.94 2.34 0.00 0.00 0.00 0.00 3.43 4.23 5.04 5.69 5.84 6.06 6.28 7.52 7.88 8.40 9.34 8.98 8.91 8.32 5.55 2.04 0.00 0.00 0.00 0.00 0.00 0.00 0.00 0.00 0.00 0.00 0.00 0.00 0.00 1.46 3.58 4.96 4.60 4.89 6.13 7.37 7.96 8.83 9.34 10.00 11.97 14.53 15.55 15.26 14.53 13.14 12.12 12.12 10.00 10.07 10.66 11.10 11.53 11.61 10.88 10.44 8.83 6.28 4.53 2.19 0.66 0.00 0.00
0.00 0.00 0.00 0.00 0.00 0.00 0.00 0.00 0.00 0.00 0.00 0.00 0.00 0.00 3.07 3.94 2.34 0.00 0.00 0.00 0.00 3.43 4.23 5.04 5.69 5.84 6.06 6.28 7.52 7.88 8.40 9.34 8.98 8.91 8.32 5.55 2.04 0.00 0.00 0.00 0.00 0.00 0.00 0.00 0.00 0.00 0.00 0.00 0.00 0.00 1.46 3.58 4.96 4.60 4.89 6.13 7.37 7.96 8.83 9.34 10.00 11.97 14.53 15.55 15.26 14.53 13.14 12.12 12.12 10.00 10.07 10.66 11.10 11.53 11.61 10.88 10.44 8.83 6.28 4.53 2.19 0.66 0.00 0.00
0.00 0.00 0.00 0.00 0.00 0.00 0.00 0.00 0.00 0.00 0.00 0.00 0.00 2.34 4.67 4.45 1.75 0.00 0.00 0.00 0.00 0.00 2.04 3.50 5.62 6.79 7.37 7.88 7.59 7.74 7.96 7.96 8.03 7.37 5.69 2.19 0.00 0.00 0.00 0.44 0.00 0.00 0.00 0.00 0.73 0.80 0.29 0.95 1.68 2.56 4.60 6.50 5.91 5.55 5.55 5.84 5.62 4.89 4.96 5.18 6.13 7.01 9.20 9.34 10.37 11.10 12.99 13.94 13.94 13.94 14.45 15.11 13.94 11.61 9.93 9.27 9.49 10.00 9.56 7.81 5.77 3.50 1.53 0.00
0.00 0.00 0.00 0.00 0.00 0.00 0.00 0.00 0.00 0.00 0.00 0.00 0.00 0.00 0.95 0.07 0.00 0.00 0.00 0.00 0.00 0.00 0.73 2.34 3.87 5.84 7.23 7.74 8.03 7.66 7.01 6.64 6.86 6.79 5.18 2.63 0.51 0.73 2.56 3.29 2.77 3.72 3.50 3.50 3.65 3.87 4.38 4.53 5.48 6.28 6.57 9.05 9.93 7.59 5.69 4.31 4.45 4.02 2.85 2.19 1.90 1.83 3.14 4.31 6.06 8.61 11.02 12.99 12.99 14.60 13.80 13.80 12.99 11.39 8.25 8.25 10.00 12.19 12.26 10.66 8.54 5.77 3.50 1.46
0.00 0.00 0.00 0.00 0.00 0.00 0.00 0.00 0.00 0.00 0.00 0.00 0.00 0.00 0.00 0.00 0.00 0.00 0.00 0.00 0.00 0.00 0.37 1.39 2.34 3.94 4.02 5.11 4.89 5.69 6.35 7.01 6.64 6.86 5.69 4.38 3.94 4.38 5.26 5.55 6.28 6.50 5.91 5.91 5.62 5.04 3.58 3.14 3.94 3.94 3.36 4.60 5.26 5.26 6.28 6.57 6.57 6.79 5.84 4.02 1.39 1.17 2.12 4.23 8.18 11.39 13.58 16.21 16.21 17.89 17.67 15.99 12.92 11.83 9.71 7.81 8.61 11.97 13.29 11.97 10.15 9.05 8.47 6.86
0.00 0.00 0.00 0.00 0.00 0.00 0.00 0.00 0.00 0.00 0.00 0.00 0.00 0.00 0.00 0.00 0.00 0.00 0.00 0.00 0.00 0.00 0.37 1.39 2.34 3.94 4.02 5.11 4.89 5.69 6.35 7.01 6.64 6.86 5.69 4.38 3.94 4.38 5.26 5.55 6.28 6.50 5.91 5.91 5.62 5.04 3.58 3.14 3.94 3.94 3.36 4.60 5.26 5.26 6.28 6.57 6.57 6.79 5.84 4.02 1.39 1.17 2.12 4.23 8.18 11.39 13.58 16.21 16.21 17.89 17.67 15.99 12.92 11.83 9.71 7.81 8.61 11.97 13.29 11.97 10.15 9.05 8.47 6.86
0.00 0.00 0.00 0.00 0.00 0.00 0.00 0.00 0.00 0.00 0.00 0.00 0.00 0.00 0.00 0.00 0.00 0.00 0.00 0.00 0.00 0.07 0.22 0.51 1.24 1.24 1.83 3.94 4.82 5.84 7.01 7.30 6.64 7.81 7.59 7.37 8.69 9.42 8.47 7.74 8.10 7.88 6.06 6.06 4.82 4.23 4.23 3.50 3.07 1.83 1.31 0.80 0.29 1.31 2.19 4.31 6.50 8.03 10.59 9.49 6.94 5.84 4.38 5.77 7.52 10.51 13.58 14.89 14.89 16.21 17.45 18.18 16.57 13.51 11.39 10.00 10.51 11.97 13.87 12.48 10.95 10.59 10.37 8.98
0.00 0.00 0.00 0.00 0.00 0.00 0.00 0.00 0.00 0.00 0.00 0.00 0.00 0.00 1.24 1.68 1.83 2.12 2.12 0.80 0.15 1.02 2.77 3.21 4.02 2.34 3.65 5.55 8.47 11.10 12.12 13.87 13.51 13.14 11.39 10.73 11.24 9.34 7.59 6.35 5.48 4.60 3.29 3.29 1.53 2.04 2.70 3.07 2.41 1.97 0.95 0.29 0.00 0.00 0.00 0.00 0.15 1.83 4.53 6.50 8.76 9.42 10.07 10.29 11.46 13.21 14.16 14.60 14.60 15.55 15.70 15.77 12.12 10.51 11.39 10.51 9.56 7.88 8.83 11.02 10.00 7.37 5.11 4.16
0.00 0.00 0.00 0.00 0.00 0.00 0.00 0.00 0.00 0.00 0.00 2.56 2.19 2.77 2.77 2.70 2.34 1.75 1.75 0.95 1.10 2.41 5.84 8.54 9.42 7.74 7.88 8.54 11.90 14.97 15.70 17.45 17.59 14.31 11.17 9.71 7.30 3.94 2.77 2.26 1.53 1.24 0.66 0.66 0.44 1.61 2.04 2.26 1.75 1.17 0.51 0.00 0.00 0.00 0.00 0.00 0.00 0.00 0.00 0.73 2.04 3.21 5.40 7.88 8.69 9.64 11.83 11.75 11.75 12.48 13.58 10.88 7.15 5.11 3.21 4.89 6.35 6.13 4.45 2.92 3.29 5.33 7.15 8.47
0.00 0.00 0.00 0.00 0.00 0.00 0.00 0.00 0.00 0.00 4.16 3.14 6.64 5.62 4.23 2.85 1.68 1.61 1.61 2.63 2.85 2.85 6.42 10.07 12.12 12.56 10.95 8.69 9.42 12.26 13.51 15.91 16.86 14.09 9.93 5.69 2.63 1.10 0.95 0.88 1.31 0.80 1.17 1.17 1.68 3.36 4.53 4.02 4.16 3.36 2.41 1.53 1.97 2.77 1.31 0.73 0.00 0.00 0.51 1.90 2.77 2.99 2.99 3.72 5.26 8.47 10.37 11.39 11.39 11.90 11.10 10.00 6.28 2.77 1.75 2.48 3.72 4.45 4.45 3.50 1.10 2.92 5.18 5.77
0.00 0.00 0.00 0.00 0.00 0.00 0.00 0.00 0.00 0.00 4.16 3.14 6.64 5.62 4.23 2.85 1.68 1.61 1.61 2.63 2.85 2.85 6.42 10.07 12.12 12.56 10.95 8.69 9.42 12.26 13.51 15.91 16.86 14.09 9.93 5.69 2.63 1.10 0.95 0.88 1.31 0.80 1.17 1.17 1.68 3.36 4.53 4.02 4.16 3.36 2.41 1.53 1.97 2.77 1.31 0.73 0.00 0.00 0.51 1.90 2.77 2.99 2.99 3.72 5.26 8.47 10.37 11.39 11.39 11.90 11.10 10.00 6.28 2.77 1.75 2.48 3.72 4.45 4.45 3.50 1.10 2.92 5.18 5.77
0.00 0.00 0.00 0.00 0.00 0.00 0.00 4.60 5.18 5.33 4.96 5.40 6.64 8.47 8.25 5.77 3.43 4.53 4.53 4.02 1.90 2.12 3.72 7.59 10.80 13.14 12.19 8.91 5.99 7.74 11.39 15.62 17.01 15.99 13.21 7.66 3.14 1.68 2.26 2.92 3.58 3.87 3.14 3.14 2.48 2.19 2.63 3.29 3.43 3.36 2.70 2.48 2.70 3.43 3.94 4.09 2.19 1.53 3.07 5.40 6.86 7.08 7.37 5.91 4.53 5.69 7.81 10.66 10.66 12.41 11.39 7.66 3.65 1.39 1.61 2.19 2.19 1.83 0.95 1.46 1.61 0.37 0.15 1.24
0.00 0.00 0.00 0.00 0.00 0.00 0.00 4.23 4.16 4.89 6.94 8.32 9.56 9.93 11.68 8.18 7.74 8.03 8.03 8.10 6.50 5.91 4.38 4.09 6.28 10.07 10.73 8.47 7.08 8.61 11.17 14.09 15.84 15.99 13.87 10.44 6.64 4.09 4.16 4.09 3.94 2.92 1.83 1.83 0.66 0.37 2.26 3.43 3.36 1.24 0.00 0.00 0.00 0.00 0.00 0.58 1.10 2.12 4.74 9.20 11.97 12.56 10.59 8.25 7.45 7.45 8.98 11.24 11.24 11.53 9.27 6.64 2.34 0.73 0.07 0.00 0.51 0.00 0.00 0.00 0.00 0.00 0.00 0.00
0.00 0.00 0.00 0.00 0.00 0.00 0.00 0.00 0.00 0.00 10.15 11.24 11.24 10.80 12.63 10.95 11.68 12.63 12.63 11.39 10.29 8.83 7.59 6.79 7.08 8.18 9.93 8.76 8.03 7.66 7.45 9.20 10.51 11.75 11.10 8.98 5.91 2.77 1.83 1.46 1.46 1.31 0.66 0.66 0.00 0.00 2.12 5.26 3.58 0.00 0.00 0.00 0.00 0.00 0.00 0.00 0.00 0.00 0.66 4.16 8.25 11.39 12.05 10.29 8.61 9.20 9.42 8.91 8.91 8.32 4.82 1.90 1.02 0.00 0.00 0.00 0.00 0.00 0.00 0.00 0.00 0.00 0.00 0.00
0.00 0.00 0.00 0.00 0.00 0.00 0.00 0.00 0.00 5.18 10.29 10.07 8.25 8.69 10.80 11.53 12.34 13.43 13.43 13.29 12.99 13.87 13.36 12.92 11.75 12.41 12.92 12.34 9.34 7.23 5.04 3.94 4.02 6.57 7.15 5.40 2.56 0.88 0.00 0.00 2.48 2.56 1.97 1.97 0.07 0.00 0.58 2.12 1.39 0.00 0.00 0.00 0.00 0.00 0.00 0.00 0.00 0.00 0.00 0.22 2.12 3.58 4.53 6.50 7.45 7.45 6.20 4.96 4.96 4.38 1.75 0.22 0.00 0.00 0.00 0.00 0.00 0.00 0.00 0.00 0.00 0.00 0.00 0.00
0.00 0.00 0.00 0.00 0.00 0.00 0.00 0.00 0.00 3.36 0.00 2.34 2.26 2.04 3.50 8.32 10.66 13.72 13.72 15.55 17.59 18.98 18.32 17.08 17.45 18.18 17.52 15.84 14.53 13.43 8.98 5.40 3.80 3.80 5.18 4.74 2.12 0.29 0.00 0.00 3.50 4.89 3.14 3.14 0.22 0.00 0.00 0.00 0.00 0.00 0.00 0.00 0.00 0.00 0.00 0.00 0.00 0.00 0.00 0.00 0.00 0.00 0.15 1.17 1.97 2.56 1.97 1.17 1.17 0.58 0.66 0.22 0.00 0.00 0.00 0.00 0.00 0.00 0.00 0.00 0.00 0.00 0.00 0.00
0.00 0.00 0.00 0.00 0.00 0.00 0.00 0.00 0.00 3.36 0.00 2.34 2.26 2.04 3.50 8.32 10.66 13.72 13.72 15.55 17.59 18.98 18.32 17.08 17.45 18.18 17.52 15.84 14.53 13.43 8.98 5.40 3.80 3.80 5.18 4.74 2.12 0.29 0.00 0.00 3.50 4.89 3.14 3.14 0.22 0.00 0.00 0.00 0.00 0.00 0.00 0.00 0.00 0.00 0.00 0.00 0.00 0.00 0.00 0.00 0.00 0.00 0.15 1.17 1.97 2.56 1.97 1.17 1.17 0.58 0.66 0.22 0.00 0.00 0.00 0.00 0.00 0.00 0.00 0.00 0.00 0.00 0.00 0.00
0.00 0.00 0.00 0.00 0.00 0.00 5.55 3.21 3.21 0.29 1.02 0.73 0.58 2.12 4.45 5.69 5.26 10.07 10.07 11.24 14.24 15.70 16.43 17.01 17.96 19.49 18.69 16.21 15.04 13.80 9.86 7.01 4.89 3.50 2.77 2.19 0.51 0.00 0.00 0.00 1.24 2.19 1.24 1.24 0.00 0.00 0.00 0.00 0.00 0.00 0.00 0.00 0.00 0.00 0.00 0.00 0.37 0.44 0.00 0.00 0.00 0.00 0.00 0.00 0.66 0.66 0.66 0.37 0.37 0.44 0.73 0.00 0.00 0.00 0.00 0.00 0.00 0.00 0.00 0.00 0.00 0.00 0.00 0.00
0.00 0.00 0.00 0.00 0.07 0.66 4.53 3.21 1.75 0.00 0.00 0.00 0.22 2.99 5.18 8.18 11.39 9.93 9.93 16.13 17.45 19.78 20.59 20.19 20.25 21.54 19.32 17.67 17.30 16.72 13.87 9.78 5.69 3.58 1.75 0.00 0.66 0.88 0.95 0.00 0.88 0.51 0.37 0.37 0.00 0.00 0.00 0.00 0.00 0.00 0.00 0.00 0.00 0.00 0.00 0.00 0.00 0.00 0.00 0.00 0.00 0.00 0.00 0.00 0.00 0.00 0.00 0.29 0.29 0.66 0.95 1.02 0.66 0.37 0.00 0.00 0.00 0.00 0.00 0.00 0.00 0.00 0.00 0.00
0.00 0.00 0.00 0.00 0.00 0.00 0.00 0.00 0.00 0.00 0.00 0.00 0.00 0.00 0.00 0.66 1.61 0.73 0.73 15.18 20.51 21.24 20.15 17.61 19.70 19.37 21.86 21.60 22.12 20.08 16.50 11.68 8.18 7.01 4.60 1.39 1.61 1.61 1.68 2.19 1.75 0.95 0.00 0.00 0.00 0.00 0.00 0.00 0.00 0.00 0.00 0.00 0.00 0.00 0.00 0.00 0.00 0.00 0.00 0.00 0.00 0.00 0.00 0.00 0.00 0.00 0.00 0.00 0.00 0.22 0.22 0.15 0.51 0.66 0.29 0.00 0.00 0.00 0.00 0.00 0.00 0.00 0.00 0.00
0.00 0.00 0.00 0.00 0.00 0.00 0.00 0.00 0.00 0.00 0.00 0.00 0.00 0.00 0.00 0.00 1.02 0.95 0.95 7.88 8.47 9.04 9.11 7.22 9.61 14.07 17.54 19.76 23.10 21.68 18.98 16.13 14.16 12.19 9.64 7.59 7.15 4.89 3.65 2.70 2.19 1.17 0.44 0.44 0.00 0.00 0.00 0.00 0.00 0.00 0.00 0.00 0.00 0.00 0.00 0.00 0.00 0.00 0.00 0.00 0.00 0.00 0.37 1.39 1.24 0.22 1.31 3.36 3.36 4.02 3.65 2.26 1.68 1.10 1.02 1.02 0.88 0.00 0.00 0.00 0.00 0.00 0.00 0.00
0.00 0.00 0.00 0.00 0.00 0.00 0.00 0.00 0.00 0.00 0.00 0.00 0.00 0.00 0.00 0.00 0.00 0.00 0.00 0.00 0.00 0.00 0.00 0.00 1.70 3.50 8.05 11.43 15.86 17.62 20.62 20.81 19.27 18.47 17.52 16.21 13.94 10.29 6.72 3.94 2.12 1.17 0.80 0.80 0.00 0.00 0.00 0.00 0.00 0.00 0.00 0.00 0.00 0.00 0.00 0.00 0.00 0.00 0.00 0.00 0.00 0.00 1.46 4.74 7.88 8.10 7.37 7.96 7.96 8.25 7.01 5.48 3.58 2.04 1.46 1.31 0.00 0.00 0.00 0.00 0.00 0.00 0.00 0.00
0.00 0.00 0.00 0.00 0.00 0.00 0.00 0.00 0.00 0.00 0.00 0.00 0.00 0.00 0.00 0.00 0.00 0.00 0.00 0.00 0.00 0.00 0.00 0.00 1.68 3.50 7.81 10.62 14.82 17.89 20.83 21.67 21.65 19.54 17.97 16.21 13.94 10.29 6.72 3.94 2.12 1.17 0.80 0.80 0.00 0.00 0.00 0.00 0.00 0.00 0.00 0.00 0.00 0.00 0.00 0.00 0.00 0.00 0.00 0.00 0.00 0.00 1.46 4.74 7.88 8.10 7.37 7.96 7.96 8.25 7.01 5.48 3.58 2.04 1.46 1.31 0.00 0.00 0.00 0.00 0.00 0.00 0.00 0.00
0.00 0.00 0.29 0.00 0.00 0.00 0.00 0.00 0.00 0.00 0.00 0.00 0.00 0.00 0.00 0.00 0.00 0.00 0.00 0.00 0.00 0.00 0.00 0.00 0.00 0.00 0.00 0.88 4.23 7.04 10.84 14.22 17.74 20.41 20.47 21.56 19.17 16.28 10.22 5.55 3.29 2.34 1.46 1.46 0.73 0.44 0.66 0.00 0.00 0.00 0.00 0.00 0.00 0.00 0.00 0.00 0.00 0.00 0.00 0.00 0.00 0.00 0.00 4.60 9.93 12.34 12.48 12.05 12.05 9.20 6.35 4.38 1.83 1.10 0.95 0.66 0.00 0.00 0.00 0.00 0.00 0.00 0.00 0.00
0.00 0.00 0.00 1.39 1.90 2.63 0.00 0.00 0.00 0.00 0.00 0.00 0.00 0.00 0.00 0.00 0.00 0.00 0.00 0.00 0.00 0.00 0.00 0.00 0.00 0.00 0.00 0.00 0.00 0.00 1.68 4.23 5.62 10.73 17.86 20.44 20.90 19.74 15.91 14.38 10.51 7.01 3.65 3.65 1.61 0.58 0.07 0.00 0.80 0.00 0.00 0.00 0.00 0.00 0.00 0.00 0.00 0.00 0.00 0.00 0.00 0.00 0.00 2.63 6.79 8.47 8.69 8.32 8.32 8.10 4.67 1.97 0.07 0.00 0.29 0.07 0.00 0.00 0.00 0.00 0.00 0.00 0.00 0.00
0.00 0.00 0.00 0.80 2.26 2.41 2.26 0.00 0.00 1.83 3.58 2.92 0.73 0.22 0.37 3.72 5.04 3.36 3.36 1.68 0.66 1.02 0.07 0.00 0.00 0.00 0.00 0.00 0.00 0.00 0.00 0.00 0.00 2.56 6.61 8.43 15.96 19.13 21.10 20.51 18.32 14.02 8.47 8.47 3.87 1.53 0.58 0.44 0.44 0.00 0.00 0.00 0.00 0.00 0.00 0.00 0.00 0.00 0.00 0.00 0.00 0.00 0.00 0.00 2.04 3.07 2.48 2.48 2.48 2.92 1.61 0.22 0.00 0.00 0.00 0.00 0.22 0.51 0.00 0.00 0.00 0.00 0.00 0.00
0.00 0.00 0.00 0.00 0.00 0.00 0.00 0.00 1.31 4.45 4.60 2.48 0.07 0.73 3.36 5.99 5.84 3.36 3.36 0.80 0.66 0.00 0.00 0.00 0.00 0.00 0.00 0.00 0.00 0.00 0.00 0.00 0.00 0.00 0.29 1.68 6.37 11.12 13.93 18.51 17.30 15.33 11.17 11.17 7.45 4.16 2.92 1.46 0.00 0.00 0.22 0.00 0.00 0.00 0.00 0.00 0.00 0.00 0.00 0.00 0.00 0.00 0.00 0.00 0.00 0.00 0.00 0.00 0.00 0.00 0.00 0.00 0.00 0.00 0.00 0.00 0.00 0.22 0.95 1.24 0.00 0.00 0.00 0.00
0.00 0.00 0.00 0.00 0.00 0.00 0.00 0.00 0.00 0.00 0.00 0.00 0.00 4.16 6.06 4.67 1.53 0.00 0.00 0.00 0.00 0.00 0.00 0.00 0.00 0.00 0.00 0.00 0.00 0.00 0.00 0.00 0.00 0.00 0.00 0.00 1.17 2.34 7.04 10.11 12.55 11.32 10.29 10.29 9.56 8.03 6.20 4.96 3.36 1.75 0.80 0.51 0.00 0.00 0.00 0.00 0.00 0.00 0.00 1.02 0.95 0.00 0.00 0.00 0.00 0.00 0.00 0.00 0.00 0.00 0.00 0.00 0.00 0.00 0.00 0.00 0.00 0.00 0.00 0.00 0.00 0.00 0.00 0.00
0.00 0.00 0.00 0.00 0.00 0.00 0.00 0.00 0.00 0.00 0.00 0.00 0.37 3.72 2.99 0.80 0.00 0.00 0.00 0.00 0.00 0.00 0.00 0.00 0.00 0.00 0.00 0.00 0.00 0.00 0.00 0.00 0.00 0.00 0.00 0.00 0.00 0.00 0.66 2.70 3.83 5.11 5.62 5.62 6.13 6.20 5.48 5.91 4.96 4.09 3.07 2.04 0.66 0.00 0.00 0.00 0.00 0.00 0.00 0.00 0.00 0.80 0.00 0.00 0.00 0.00 0.00 0.00 0.00 0.00 0.00 0.00 0.00 0.00 0.00 0.00 0.00 0.00 0.00 0.00 0.00 0.00 0.00 0.00
0.00 0.00 0.00 0.00 0.00 0.00 0.00 0.00 0.00 0.00 0.00 0.00 0.37 3.72 2.99 0.80 0.00 0.00 0.00 0.00 0.00 0.00 0.00 0.00 0.00 0.00 0.00 0.00 0.00 0.00 0.00 0.00 0.00 0.00 0.00 0.00 0.00 0.00 0.66 2.70 3.80 5.11 5.62 5.62 6.13 6.20 5.48 5.91 4.96 4.09 3.07 2.04 0.66 0.00 0.00 0.00 0.00 0.00 0.00 0.00 0.00 0.80 0.00 0.00 0.00 0.00 0.00 0.00 0.00 0.00 0.00 0.00 0.00 0.00 0.00 0.00 0.00 0.00 0.00 0.00 0.00 0.00 0.00 0.00
0.00 0.00 0.00 0.00 0.00 0.00 0.00 0.00 0.00 0.00 0.00 0.00 0.00 0.88 0.00 0.00 0.00 0.00 0.00 0.00 0.00 0.00 0.00 0.00 0.00 0.00 0.00 0.00 0.00 0.00 0.00 0.00 0.00 0.00 0.00 0.00 0.00 0.00 0.00 0.00 0.66 0.00 1.17 1.17 0.00 0.00 2.12 2.70 3.87 4.60 3.65 2.41 1.46 0.00 0.00 0.00 0.00 0.00 0.00 0.00 0.00 0.37 0.51 0.00 0.00 0.00 0.00 0.00 0.00 0.00 0.00 0.00 0.00 0.00 0.00 0.00 0.00 0.00 0.00 0.00 0.00 0.00 0.00 0.00
