Wansh/Snow_depth/snowdepth-1989/spring/1989085.txt
ncols 321
nrows 161
xllcenter 60
yllcenter 15 
cellsize  0.25 
NODATA_value -1
[rows 0 to 36 of 161, columns 0 to 83 of 321]
12.92 12.92 17.59 20.51 21.68 19.64 19.35 20.37 22.27 21.90 21.39 20.81 20.81 21.46 21.46 21.24 21.39 21.24 20.66 19.20 18.47 18.47 18.54 18.54 18.47 18.47 18.47 18.25 17.67 17.67 16.94 15.84 15.04 15.26 15.55 15.04 15.11 14.97 14.75 14.02 13.36 12.05 11.17 11.39 9.93 8.98 7.66 8.98 9.20 9.13 9.49 9.49 11.39 12.26 12.56 13.87 15.33 15.84 16.06 16.79 16.64 16.64 16.35 0.00 0.00 0.00 0.00 21.10 20.81 19.78 16.43 15.26 13.36 13.14 13.65 14.09 14.09 14.02 13.58 13.72 18.10 16.86 16.50 17.52
17.59 17.59 19.05 18.47 17.96 18.69 19.78 20.88 21.10 20.66 19.49 18.83 19.20 18.54 19.27 19.42 18.91 18.32 17.89 17.59 17.01 17.23 17.52 17.08 17.01 17.45 17.45 18.40 17.81 17.16 16.72 15.62 14.38 14.24 15.18 15.91 15.70 15.70 15.62 13.65 13.51 12.78 11.83 10.59 11.32 11.61 11.24 10.15 10.51 11.02 11.10 11.10 11.24 12.92 13.43 13.58 15.18 15.33 14.82 15.48 0.00 0.00 0.00 0.00 0.00 0.00 0.00 0.00 0.00 0.00 14.53 13.65 13.07 12.26 12.48 12.70 12.70 12.70 13.65 14.16 12.63 11.46 10.73 15.26
19.05 19.05 17.08 16.28 16.57 17.67 19.86 19.93 19.93 18.47 17.30 16.35 16.43 16.35 16.64 16.72 15.91 15.40 15.33 15.33 15.18 15.40 15.33 15.48 15.18 15.55 15.55 16.64 17.67 17.81 17.16 16.50 14.67 13.80 13.36 13.87 14.31 14.45 14.75 13.80 12.48 11.68 11.83 11.68 10.73 10.51 11.68 11.83 11.39 11.39 12.41 12.41 12.56 11.83 12.12 12.12 13.07 14.09 15.40 16.79 15.11 0.00 0.00 0.00 0.00 0.00 0.00 0.00 0.00 0.00 0.00 10.51 11.90 12.05 12.12 11.90 11.90 12.05 12.12 11.75 11.02 10.15 9.71 9.20
19.05 19.05 17.08 16.28 16.57 17.67 19.86 19.93 19.93 18.47 17.30 16.35 16.43 16.35 16.64 16.72 15.91 15.40 15.33 15.33 15.18 15.40 15.33 15.48 15.18 15.55 15.55 16.64 17.67 17.81 17.16 16.50 14.67 13.80 13.36 13.87 14.31 14.45 14.75 13.80 12.48 11.68 11.83 11.68 10.73 10.51 11.68 11.83 11.39 11.39 12.41 12.41 12.56 11.83 12.12 12.12 13.07 14.09 15.40 16.79 15.11 0.00 0.00 0.00 0.00 0.00 0.00 0.00 0.00 0.00 0.00 10.51 11.90 12.05 12.12 11.90 11.90 12.05 12.12 11.75 11.02 10.15 9.71 9.20
14.82 14.82 15.55 15.33 16.28 18.18 18.61 18.69 18.25 17.67 16.86 15.77 14.97 14.16 14.45 14.38 14.97 15.62 15.62 14.67 14.24 13.80 13.51 13.36 13.29 13.36 13.36 14.67 15.33 16.35 16.43 16.13 14.53 13.14 12.05 11.61 9.64 9.71 10.29 8.91 9.05 8.18 9.05 10.00 11.02 11.68 12.19 11.90 11.17 9.86 9.13 9.13 9.49 10.73 10.59 10.37 10.59 11.39 13.87 14.89 17.74 0.00 0.00 0.00 0.00 0.00 0.00 0.00 0.00 0.00 0.00 0.00 7.96 10.15 9.71 9.86 9.86 10.15 10.00 9.86 9.93 9.49 9.49 9.78
11.83 11.83 14.24 15.48 17.89 19.49 19.56 18.61 17.67 16.50 15.62 14.45 13.65 13.65 13.94 14.45 14.24 14.24 15.40 16.06 15.33 14.24 13.14 12.56 12.63 12.78 12.78 12.78 12.92 13.36 14.53 14.60 14.31 13.29 11.53 7.81 5.18 2.70 0.00 0.00 0.00 0.00 0.00 2.70 4.16 6.57 7.01 9.05 11.24 12.85 11.68 11.68 10.07 9.34 9.78 9.71 10.22 10.73 11.02 11.90 15.18 0.00 0.00 0.00 0.00 0.00 0.00 0.00 0.00 0.00 0.00 0.00 0.00 7.01 7.37 8.03 8.03 8.47 8.40 9.27 10.73 11.02 11.83 11.83
8.98 8.98 13.07 16.06 19.27 19.78 18.61 17.67 16.72 15.91 14.67 13.94 13.29 12.92 13.87 14.45 14.45 14.31 15.04 15.55 14.97 13.72 13.51 13.94 13.94 12.78 12.78 12.19 12.26 11.75 12.63 13.29 13.14 12.19 11.10 8.40 5.48 3.87 2.56 0.00 0.00 0.00 0.00 0.00 2.56 4.45 6.50 8.25 8.54 9.49 9.93 9.93 10.95 12.34 11.46 11.61 11.32 11.24 11.90 11.39 11.24 11.39 0.00 0.00 0.00 0.00 0.00 0.00 0.00 0.00 0.00 0.00 0.00 0.00 5.62 4.89 4.89 5.18 7.37 8.18 9.42 11.17 12.48 12.48
8.98 8.98 13.07 16.06 19.27 19.78 18.61 17.67 16.72 15.91 14.67 13.94 13.29 12.92 13.87 14.45 14.45 14.31 15.04 15.55 14.97 13.72 13.51 13.94 13.94 12.78 12.78 12.19 12.26 11.75 12.63 13.29 13.14 12.19 11.10 8.40 5.48 3.87 2.56 0.00 0.00 0.00 0.00 0.00 2.56 4.45 6.50 8.25 8.54 9.49 9.93 9.93 10.95 12.34 11.46 11.61 11.32 11.24 11.90 11.39 11.24 11.39 0.00 0.00 0.00 0.00 0.00 0.00 0.00 0.00 0.00 0.00 0.00 0.00 5.62 4.89 4.89 5.18 7.37 8.18 9.42 11.17 12.48 12.48
8.76 8.76 11.83 15.04 17.37 16.72 16.35 14.89 13.94 13.87 14.24 13.94 13.51 13.58 14.24 14.89 15.11 15.26 15.77 15.62 15.62 15.33 14.82 14.75 14.16 13.51 13.51 12.12 11.24 11.02 10.37 10.59 10.51 10.88 10.44 9.71 9.05 7.52 6.86 6.28 5.48 5.26 3.29 3.43 4.31 6.28 7.88 8.91 8.25 5.91 4.89 4.89 4.82 5.91 9.56 11.68 12.48 12.85 12.78 13.87 14.02 8.18 10.88 0.00 0.00 0.00 0.00 0.00 0.00 0.00 0.00 0.00 0.00 0.00 0.00 0.00 0.00 1.75 6.50 7.45 8.98 8.76 10.59 12.34
9.27 9.27 10.95 13.21 14.53 14.02 12.85 12.12 12.48 12.19 12.05 12.05 12.70 13.29 14.09 15.91 16.57 16.64 15.04 14.09 14.02 15.11 15.70 16.13 15.55 13.29 13.29 11.32 11.17 10.80 10.80 10.88 10.80 10.44 10.37 10.44 10.59 10.15 10.22 10.95 11.39 10.22 9.20 11.02 11.75 10.59 10.00 7.45 6.79 5.48 4.02 4.02 0.00 0.00 2.77 4.96 9.27 9.20 11.46 11.90 11.02 12.63 12.78 11.97 0.00 0.00 0.00 0.00 0.00 0.00 0.00 0.00 0.00 0.00 0.00 0.00 0.00 0.00 4.16 8.03 8.32 7.96 10.22 11.75
10.88 10.88 12.48 12.92 12.78 12.56 11.97 11.83 11.68 12.05 12.92 13.21 13.14 12.48 13.21 14.38 14.75 16.06 15.70 13.58 12.63 13.36 14.31 14.24 13.80 14.16 14.16 13.51 11.75 11.39 11.83 11.53 11.53 11.10 10.44 9.71 9.13 9.34 10.07 11.17 11.75 12.63 13.72 13.87 14.45 14.09 12.05 8.61 4.16 0.00 0.00 0.00 0.00 0.00 0.00 0.00 0.80 1.10 0.66 1.46 3.36 7.81 6.50 6.86 6.72 2.41 0.88 0.00 0.00 0.00 0.00 0.66 2.85 0.00 0.00 0.00 0.00 0.00 7.59 9.56 11.39 10.59 10.95 12.85
10.88 10.88 12.48 12.92 12.78 12.56 11.97 11.83 11.68 12.05 12.92 13.21 13.14 12.48 13.21 14.38 14.75 16.06 15.70 13.58 12.63 13.36 14.31 14.24 13.80 14.16 14.16 13.51 11.75 11.39 11.83 11.53 11.53 11.10 10.44 9.71 9.13 9.34 10.07 11.17 11.75 12.63 13.72 13.87 14.45 14.09 12.05 8.61 4.16 0.00 0.00 0.00 0.00 0.00 0.00 0.00 0.80 1.10 0.66 1.46 3.36 7.81 6.50 6.86 6.72 2.41 0.88 0.00 0.00 0.00 0.00 0.66 2.85 0.00 0.00 0.00 0.00 0.00 7.59 9.56 11.39 10.59 10.95 12.85
12.19 12.19 12.92 12.70 12.63 11.97 11.61 11.32 11.17 12.34 12.99 13.51 13.14 12.70 12.05 12.34 13.65 15.18 15.26 14.31 13.94 13.51 12.85 12.19 13.21 14.31 14.31 13.65 13.07 12.34 11.83 11.53 11.02 11.17 10.88 10.95 10.88 9.93 9.13 10.29 11.32 12.63 13.43 15.18 15.62 14.97 11.68 8.54 5.62 3.07 2.04 2.04 1.97 2.34 0.95 0.00 0.00 0.00 0.00 0.00 0.00 0.00 0.00 0.00 0.00 0.00 0.00 0.00 0.00 0.00 0.00 0.00 3.07 3.80 0.00 0.00 0.00 0.00 0.00 11.68 12.78 12.85 12.41 10.66
12.85 12.85 12.92 12.56 12.63 12.12 11.02 11.10 11.53 11.68 12.63 12.99 13.36 13.65 13.72 13.80 14.60 14.67 14.60 13.94 13.58 12.85 12.41 12.05 12.41 13.21 13.21 12.70 11.75 11.83 12.26 12.05 10.95 9.78 10.00 11.68 12.12 12.26 12.05 11.97 12.19 12.70 12.48 12.19 12.34 12.34 10.44 8.61 7.23 5.91 4.96 4.96 5.18 4.16 1.97 0.07 0.00 0.00 0.00 0.00 0.00 0.00 0.00 0.00 0.00 0.00 0.00 0.00 0.00 0.00 0.00 0.00 2.04 4.96 6.20 0.00 0.00 0.00 0.00 0.00 11.46 11.83 0.00 0.00
11.68 11.68 12.34 12.85 13.29 12.19 10.73 10.44 10.44 11.53 12.56 12.85 13.51 14.16 14.97 15.48 15.48 15.18 14.75 13.43 12.56 12.41 11.61 11.24 12.12 11.90 11.90 11.32 10.44 9.34 9.64 9.56 9.42 9.34 9.71 10.73 11.53 12.12 12.85 12.99 12.34 12.26 12.41 12.63 12.99 13.14 13.87 13.07 12.12 11.90 10.15 10.15 8.47 7.15 6.13 2.04 0.22 0.00 0.00 0.00 0.00 0.00 0.00 0.00 0.00 0.00 0.00 0.00 0.00 0.00 0.00 0.00 0.00 4.45 6.28 7.52 7.52 7.37 0.00 0.00 0.00 5.18 5.99 0.00
11.24 11.24 12.34 13.14 13.51 11.53 9.27 9.93 10.80 12.12 12.78 12.99 13.94 15.04 14.75 14.24 13.94 14.02 14.16 13.72 13.29 13.07 12.19 10.66 9.71 9.20 9.20 8.54 7.15 6.72 8.25 9.27 9.71 9.20 9.13 9.34 9.78 10.51 10.73 11.24 11.61 12.12 12.48 12.70 13.29 13.80 13.65 13.51 13.72 13.07 10.66 10.66 10.00 9.42 7.96 3.94 1.31 0.00 0.00 0.00 0.00 0.00 0.00 0.00 0.00 0.00 0.00 0.00 0.00 0.00 0.00 0.00 0.00 0.00 2.41 5.84 5.84 7.08 0.00 0.00 0.00 0.00 0.00 0.95
11.24 11.24 12.34 13.14 13.51 11.53 9.27 9.93 10.80 12.12 12.78 12.99 13.94 15.04 14.75 14.24 13.94 14.02 14.16 13.72 13.29 13.07 12.19 10.66 9.71 9.20 9.20 8.54 7.15 6.72 8.25 9.27 9.71 9.20 9.13 9.34 9.78 10.51 10.73 11.24 11.61 12.12 12.48 12.70 13.29 13.80 13.65 13.51 13.72 13.07 10.66 10.66 10.00 9.42 7.96 3.94 1.31 0.00 0.00 0.00 0.00 0.00 0.00 0.00 0.00 0.00 0.00 0.00 0.00 0.00 0.00 0.00 0.00 0.00 2.41 5.84 5.84 7.08 0.00 0.00 0.00 0.00 0.00 0.95
10.15 10.15 10.22 10.80 10.07 7.52 5.11 4.96 6.64 9.05 11.61 13.36 15.48 15.91 14.53 12.78 12.19 12.70 13.87 13.43 13.07 12.99 12.99 10.88 8.69 6.94 6.94 5.62 4.96 5.18 6.57 8.32 9.78 10.15 9.93 9.34 9.64 9.13 8.32 8.61 9.27 10.44 11.53 12.34 13.14 13.51 13.51 12.92 11.97 11.61 11.32 11.32 11.10 9.56 8.54 6.79 3.07 1.24 0.00 0.00 0.00 0.00 0.00 0.00 0.00 0.00 0.00 0.00 0.00 0.00 0.00 0.00 0.00 0.00 0.00 0.00 0.00 4.96 6.06 0.00 0.00 0.00 0.00 0.00
8.69 8.69 5.77 1.31 0.00 0.00 0.00 0.00 0.00 0.00 5.33 12.34 17.08 18.18 16.94 14.24 14.24 14.97 15.18 14.45 13.58 13.36 13.43 12.63 10.80 7.74 7.74 5.55 4.96 5.69 7.74 9.13 9.71 10.51 11.02 9.71 9.42 9.56 8.91 8.18 8.61 10.22 11.90 12.48 12.19 12.56 12.70 13.21 12.70 11.39 11.02 11.02 10.80 11.10 11.68 10.73 7.59 3.07 0.95 0.00 0.00 0.00 0.00 0.00 0.00 0.00 0.00 0.00 0.00 0.00 0.00 0.00 0.00 0.00 0.00 0.00 0.00 0.00 0.00 0.00 0.00 0.00 0.00 0.00
6.06 6.06 0.00 0.00 0.00 0.00 0.00 0.00 0.00 0.00 0.00 4.38 13.43 17.30 16.79 16.21 16.72 16.72 16.86 16.06 15.11 13.72 12.48 12.78 12.12 10.88 10.88 9.27 7.74 8.47 9.42 11.24 11.83 10.66 10.07 9.86 9.71 10.00 9.78 9.27 9.56 10.66 11.83 12.41 12.56 13.21 13.58 13.58 13.72 12.05 10.51 10.51 9.34 8.91 11.61 13.43 13.65 12.85 11.68 8.32 5.69 5.26 4.45 0.00 0.00 0.00 0.00 0.00 0.00 0.00 0.00 0.00 0.00 0.00 0.00 0.00 0.00 0.00 0.00 0.00 0.00 0.00 0.00 0.00
2.92 2.92 0.00 0.00 0.00 0.00 0.00 0.00 0.00 0.00 0.00 0.00 5.48 7.01 11.83 14.02 14.38 16.21 16.72 16.79 16.64 15.84 14.16 13.29 12.19 11.53 11.53 10.80 10.29 10.22 10.66 10.80 10.00 9.20 8.25 8.25 8.69 9.05 8.83 9.20 9.49 10.66 12.05 13.43 14.31 13.58 13.58 13.94 13.21 11.10 8.69 8.69 7.59 8.61 10.29 11.90 12.70 11.61 10.88 11.83 9.93 7.88 6.20 3.43 0.00 0.00 0.00 0.00 0.00 0.00 0.00 0.00 0.00 0.00 0.00 0.00 0.00 0.00 0.00 0.00 0.00 1.90 0.00 0.00
2.34 2.34 0.00 0.00 0.00 0.00 0.00 0.00 0.00 0.00 0.00 0.00 0.00 0.00 0.00 2.63 7.08 11.83 14.89 16.35 15.70 15.18 14.67 12.78 12.26 11.97 11.97 10.73 10.07 9.93 10.00 9.49 8.83 8.10 8.47 9.42 10.07 9.93 9.20 8.61 8.91 10.37 12.34 13.51 14.75 15.99 16.06 15.70 14.53 12.26 9.71 9.71 8.03 9.05 10.88 12.70 13.21 10.44 7.81 5.11 4.09 3.29 1.83 0.00 0.00 0.00 0.00 0.00 0.00 0.00 0.00 0.00 0.00 0.00 0.00 0.00 0.00 0.00 0.00 0.00 0.00 0.00 0.00 0.00
2.34 2.34 0.00 0.00 0.00 0.00 0.00 0.00 0.00 0.00 0.00 0.00 0.00 0.00 0.00 2.63 7.08 11.83 14.89 16.35 15.70 15.18 14.67 12.78 12.26 11.97 11.97 10.73 10.07 9.93 10.00 9.49 8.83 8.10 8.47 9.42 10.07 9.93 9.20 8.61 8.91 10.37 12.34 13.51 14.75 15.99 16.06 15.70 14.53 12.26 9.71 9.71 8.03 9.05 10.88 12.70 13.21 10.44 7.81 5.11 4.09 3.29 1.83 0.00 0.00 0.00 0.00 0.00 0.00 0.00 0.00 0.00 0.00 0.00 0.00 0.00 0.00 0.00 0.00 0.00 0.00 0.00 0.00 0.00
2.04 2.04 0.00 0.00 0.00 0.00 0.00 0.00 0.00 0.00 0.00 0.00 0.00 0.00 0.00 0.00 0.00 3.50 9.34 12.78 14.16 14.31 13.94 13.36 12.70 12.48 12.48 11.32 9.71 8.98 9.05 9.05 8.83 9.64 10.29 10.88 11.10 11.02 11.24 11.39 11.02 11.10 11.61 13.21 14.97 16.13 16.79 17.01 16.50 15.77 15.11 15.11 14.24 14.53 15.33 16.28 15.40 13.21 9.34 6.20 4.23 3.21 3.87 2.92 0.00 0.00 0.00 0.00 0.00 3.50 2.63 0.00 0.00 0.00 0.00 0.00 0.00 0.00 0.00 0.00 0.00 0.00 0.00 0.00
0.00 0.00 0.00 0.00 0.00 0.00 0.00 0.00 0.00 0.00 0.00 0.00 0.00 0.00 0.00 0.00 0.00 0.00 5.48 10.66 11.97 13.07 13.21 13.07 12.92 12.34 12.34 11.39 10.22 9.71 9.86 9.78 10.44 12.19 12.26 11.39 10.95 11.68 12.34 12.41 12.41 12.48 12.34 12.85 13.43 14.89 15.84 16.13 16.21 16.21 15.55 15.55 15.11 15.48 16.86 18.69 17.52 15.55 14.53 10.95 9.93 9.93 9.56 9.64 11.61 4.89 0.00 0.00 9.34 10.51 10.73 11.17 9.71 9.42 9.71 1.97 1.97 0.00 0.00 0.00 0.00 3.87 7.81 7.59
0.00 0.00 0.00 0.00 0.00 0.00 0.00 0.00 0.00 0.00 0.00 0.00 0.00 0.00 0.00 0.00 0.00 0.00 0.00 7.88 9.05 10.95 12.48 13.14 12.56 11.75 11.75 10.73 9.78 10.29 11.53 12.34 12.56 13.14 13.36 11.75 11.53 12.34 13.29 14.31 14.31 13.65 13.21 12.41 13.29 14.89 15.84 16.43 15.84 15.77 16.21 16.21 16.13 16.43 16.57 17.01 17.45 17.96 17.16 17.59 17.37 16.64 17.89 18.40 18.18 16.43 0.00 0.00 12.78 14.97 16.21 16.72 16.94 16.64 16.13 8.76 8.76 8.25 5.04 3.07 2.99 7.23 12.63 13.80
0.00 0.00 0.00 0.00 0.00 0.00 0.00 0.00 0.00 0.00 0.00 0.00 0.00 0.00 0.00 0.00 0.00 0.00 0.00 0.00 0.00 0.00 10.59 12.34 11.39 10.51 10.51 10.07 10.59 12.26 14.24 14.02 14.09 13.87 13.65 12.12 11.24 12.78 13.94 15.11 15.70 16.06 15.40 14.02 13.43 14.53 16.06 16.72 17.16 18.10 18.91 18.91 19.71 19.86 20.00 19.71 18.18 18.32 18.32 18.69 18.10 17.45 18.76 19.86 21.32 20.00 0.00 11.75 14.89 16.79 18.03 19.13 20.37 20.73 20.44 19.78 19.78 13.36 10.37 8.18 6.86 10.00 16.64 17.74
0.00 0.00 0.00 0.00 0.00 0.00 0.00 0.00 0.00 0.00 0.00 0.00 0.00 0.00 0.00 0.00 0.00 0.00 0.00 0.00 0.00 0.00 0.00 13.14 12.63 11.32 11.32 10.73 13.21 15.40 16.35 17.16 17.30 14.97 13.43 13.36 13.21 13.43 14.67 16.28 16.50 16.21 15.70 15.33 14.82 14.82 14.82 15.99 16.94 16.94 18.32 18.32 19.49 20.51 21.46 21.75 21.24 19.49 18.61 18.18 18.83 18.69 17.89 18.76 19.42 20.08 14.82 15.99 16.79 16.79 17.81 20.08 22.05 23.07 23.21 21.83 21.83 19.86 14.82 12.56 11.68 13.21 15.91 15.48
0.00 0.00 0.00 0.00 0.00 0.00 0.00 0.00 0.00 0.00 0.00 0.00 0.00 0.00 0.00 0.00 0.00 0.00 0.00 0.00 0.00 0.00 0.00 13.14 12.63 11.32 11.32 10.73 13.21 15.40 16.35 17.16 17.30 14.97 13.43 13.36 13.21 13.43 14.67 16.28 16.50 16.21 15.70 15.33 14.82 14.82 14.82 15.99 16.94 16.94 18.32 18.32 19.49 20.51 21.46 21.75 21.24 19.49 18.61 18.18 18.83 18.69 17.89 18.76 19.42 20.08 14.82 15.99 16.79 16.79 17.81 20.08 22.05 23.07 23.21 21.83 21.83 19.86 14.82 12.56 11.68 13.21 15.91 15.48
0.00 0.00 0.00 0.00 0.00 0.00 0.00 0.00 0.00 0.00 0.00 0.00 0.00 0.00 0.00 0.00 0.00 0.00 0.00 0.00 0.00 0.00 0.00 15.91 14.60 13.87 13.87 14.60 17.30 18.10 16.72 17.16 19.13 18.76 16.86 16.21 17.74 17.45 16.94 17.52 17.01 15.84 15.04 15.04 14.60 14.67 14.89 14.67 15.99 16.94 17.45 17.45 18.76 20.15 21.46 21.90 22.05 21.75 19.86 19.20 19.05 19.64 20.37 19.27 19.86 19.49 17.08 16.94 16.72 16.21 16.86 19.27 20.81 22.12 23.43 22.27 22.27 21.17 18.76 16.06 12.99 12.05 11.24 0.00
0.00 0.00 0.00 0.00 0.00 0.00 0.00 0.00 0.00 0.00 0.00 0.00 0.00 0.00 0.00 0.00 0.00 0.00 0.00 0.00 0.00 15.40 0.00 18.61 17.01 16.79 16.79 17.30 19.42 21.39 21.83 20.88 21.61 22.27 22.41 22.12 21.83 21.17 20.59 20.15 19.56 18.10 15.99 14.82 14.89 14.60 15.33 16.06 16.35 16.79 19.35 19.35 20.15 21.75 22.56 24.09 24.97 25.04 24.60 23.43 23.21 23.00 23.58 22.56 22.34 21.46 19.49 16.86 16.72 16.50 16.94 17.59 17.37 17.52 16.06 13.21 13.21 14.16 15.04 12.19 4.53 5.26 4.96 0.00
0.00 0.00 0.00 0.00 0.00 0.00 0.00 0.00 0.00 0.00 0.00 0.00 0.00 0.00 0.00 0.00 0.00 0.00 0.00 0.00 8.10 15.77 20.51 0.00 20.44 18.76 18.76 18.25 20.22 21.24 21.75 22.92 24.97 26.50 27.30 26.72 25.62 24.60 24.02 24.02 22.70 21.17 19.49 17.89 17.45 18.61 18.61 19.27 19.56 19.42 20.29 20.29 22.34 24.45 25.70 26.28 27.01 26.57 24.09 24.02 23.21 21.02 18.32 19.05 16.72 16.35 16.43 16.64 15.77 13.65 12.26 10.29 9.93 8.32 7.66 5.33 5.33 5.40 5.91 6.06 0.58 0.00 0.00 0.00
0.00 0.00 0.00 0.00 0.00 0.00 0.00 0.00 0.00 0.00 0.00 0.00 0.00 0.00 0.00 0.00 0.00 0.00 0.00 0.00 4.89 13.72 19.64 22.19 22.48 21.32 21.32 20.22 20.22 20.59 21.68 24.31 27.74 30.08 29.93 29.05 27.52 26.72 26.21 25.92 26.28 25.19 23.29 23.07 23.14 23.65 22.78 22.27 22.63 23.14 24.16 24.16 25.40 27.16 27.30 27.01 25.48 21.68 17.52 12.12 10.37 6.64 5.33 4.67 4.67 2.92 2.85 13.14 11.02 7.08 4.38 3.72 1.83 1.97 1.39 0.44 0.44 0.00 0.00 0.29 2.26 0.00 0.00 0.00
0.00 0.00 0.00 0.00 0.00 0.00 0.00 0.00 0.00 0.00 0.00 0.00 0.00 0.00 0.00 0.00 0.00 0.00 0.00 0.00 0.00 7.81 10.59 15.99 20.66 23.00 23.00 23.58 22.92 22.92 22.85 25.04 28.18 29.86 28.98 26.86 25.70 25.99 25.04 25.40 26.13 26.43 27.16 27.16 25.40 24.75 24.89 23.58 23.36 23.65 24.60 24.60 22.70 21.90 20.81 18.76 15.77 12.99 8.10 3.07 0.00 0.00 0.00 0.00 0.00 0.00 0.00 0.00 3.14 0.00 0.00 0.00 0.00 0.00 0.00 0.00 0.00 0.00 0.00 0.00 0.00 0.00 0.00 0.00
0.00 0.00 0.00 0.00 0.00 0.00 0.00 0.00 0.00 0.00 0.00 0.00 0.00 0.00 0.00 0.00 0.00 0.00 0.00 0.00 0.00 1.31 0.51 2.92 8.54 14.38 14.38 19.49 23.51 22.48 21.83 21.46 21.75 21.61 18.69 18.32 17.67 14.67 16.64 17.89 19.13 20.81 21.02 21.90 18.98 18.91 18.83 20.66 21.32 18.69 16.21 16.21 12.78 10.22 8.47 8.18 8.54 9.05 6.20 0.00 0.00 0.00 0.00 0.00 0.00 0.00 0.00 0.00 0.00 0.00 0.00 0.00 0.00 0.00 0.00 0.00 0.00 0.00 0.00 0.00 0.00 0.00 0.00 0.00
0.00 0.00 0.00 0.00 0.00 0.00 0.00 0.00 0.00 0.00 0.00 0.00 0.00 0.00 0.00 0.00 0.00 0.00 0.00 0.00 0.00 1.31 0.51 2.92 8.54 14.38 14.38 19.49 23.51 22.48 21.83 21.46 21.75 21.61 18.69 18.32 17.67 14.67 16.64 17.89 19.13 20.81 21.02 21.90 18.98 18.91 18.83 20.66 21.32 18.69 16.21 16.21 12.78 10.22 8.47 8.18 8.54 9.05 6.20 0.00 0.00 0.00 0.00 0.00 0.00 0.00 0.00 0.00 0.00 0.00 0.00 0.00 0.00 0.00 0.00 0.00 0.00 0.00 0.00 0.00 0.00 0.00 0.00 0.00
0.00 0.00 0.00 0.00 0.00 0.00 0.00 0.00 0.00 0.00 0.00 0.00 0.00 0.00 0.00 0.00 0.00 0.00 0.00 0.00 0.00 0.00 0.00 0.00 0.00 0.00 0.00 9.13 13.65 16.13 12.92 10.66 10.80 9.34 7.45 3.29 1.46 1.10 0.00 3.80 5.26 6.79 9.13 7.74 7.23 5.18 6.57 9.20 9.42 10.44 9.20 9.20 5.48 2.77 4.09 6.13 5.55 0.00 0.00 0.00 0.00 0.00 0.00 0.00 0.00 0.00 0.00 0.00 0.00 0.00 0.00 0.00 0.00 0.00 0.00 0.00 0.00 0.00 0.00 0.00 0.00 0.00 0.00 0.00
