Wansh/Snow_depth/snowdepth-1989/spring/1989082.txt
ncols 321
nrows 161
xllcenter 60
yllcenter 15 
cellsize  0.25 
NODATA_value -1
[rows 0 to 36 of 161, columns 0 to 83 of 321]
25.26 25.26 2.77 11.17 16.50 16.43 16.86 17.52 18.18 18.03 18.03 17.74 16.64 16.13 15.91 16.06 16.21 15.77 15.55 15.62 14.02 13.65 13.65 16.94 16.64 16.64 16.64 16.72 17.37 17.59 18.91 18.69 18.03 16.43 16.28 16.35 17.37 17.96 18.83 19.27 19.49 19.13 18.61 18.47 18.54 18.03 18.18 17.81 17.74 18.18 17.89 17.89 16.94 15.77 16.21 17.59 18.54 18.40 17.45 15.91 14.31 12.99 12.34 13.07 14.09 15.26 16.35 15.62 13.72 13.51 13.07 14.09 14.60 14.82 15.40 15.84 15.84 17.37 17.81 17.96 17.96 17.81 17.96 17.89
11.46 11.46 13.29 15.40 16.72 16.35 16.06 16.86 17.74 18.25 17.81 17.37 17.16 17.16 16.79 16.72 16.35 16.28 15.99 15.77 15.91 14.97 15.99 15.48 13.65 12.56 12.56 13.36 14.31 14.53 15.55 16.13 18.98 18.25 15.84 16.43 17.89 18.98 19.35 18.61 17.67 16.57 15.11 13.51 13.14 14.02 13.94 14.31 14.75 15.18 15.48 15.48 15.48 16.06 16.43 16.21 16.06 14.45 11.97 11.17 9.93 8.98 8.76 9.93 11.39 11.97 12.12 10.73 9.64 8.32 8.10 8.91 10.73 12.19 13.51 14.09 14.09 15.48 16.35 17.59 17.96 17.89 17.23 16.50
13.72 13.72 12.70 12.41 13.87 15.99 17.81 17.89 16.64 16.06 15.77 16.21 15.11 14.53 13.87 13.58 13.65 13.58 13.72 14.31 14.31 14.67 12.85 11.97 11.02 10.37 10.37 11.97 13.29 13.80 14.09 14.02 13.72 13.65 15.62 15.77 16.21 16.13 16.94 16.86 16.57 15.40 14.16 13.80 13.36 13.80 13.29 13.21 12.78 12.85 12.99 12.99 12.78 13.36 12.41 11.46 10.51 9.93 8.76 8.83 9.34 9.20 9.93 10.51 10.66 10.29 9.71 8.83 8.54 8.32 8.03 9.05 10.15 11.39 11.90 12.92 12.92 13.07 13.87 14.31 15.18 15.26 15.33 14.97
13.72 13.72 12.70 12.41 13.87 15.99 17.81 17.89 16.64 16.06 15.77 16.21 15.11 14.53 13.87 13.58 13.65 13.58 13.72 14.31 14.31 14.67 12.85 11.97 11.02 10.37 10.37 11.97 13.29 13.80 14.09 14.02 13.72 13.65 15.62 15.77 16.21 16.13 16.94 16.86 16.57 15.40 14.16 13.80 13.36 13.80 13.29 13.21 12.78 12.85 12.99 12.99 12.78 13.36 12.41 11.46 10.51 9.93 8.76 8.83 9.34 9.20 9.93 10.51 10.66 10.29 9.71 8.83 8.54 8.32 8.03 9.05 10.15 11.39 11.90 12.92 12.92 13.07 13.87 14.31 15.18 15.26 15.33 14.97
13.21 13.21 12.34 12.48 13.36 14.53 14.89 15.33 15.48 14.09 12.78 12.92 12.85 11.90 11.32 10.80 10.29 10.22 11.39 12.34 12.34 12.70 9.42 10.15 10.15 9.93 9.93 11.02 11.83 11.97 11.53 11.90 12.78 13.14 12.34 14.09 12.85 12.70 12.70 12.05 12.78 11.68 12.56 13.14 14.16 15.11 14.45 13.29 11.39 9.93 9.78 9.78 9.78 8.83 7.59 8.18 7.08 6.86 7.23 8.40 9.42 10.22 10.95 10.80 8.54 7.37 6.86 6.72 7.74 7.81 8.32 9.34 9.78 10.95 11.75 12.56 12.56 12.85 12.99 13.29 13.36 13.58 13.72 13.29
14.53 14.53 13.58 13.51 14.82 16.64 17.23 16.28 14.97 13.80 12.92 11.90 10.88 10.88 10.15 9.34 8.69 8.03 8.76 9.86 10.66 11.61 10.95 9.86 10.73 10.29 10.29 11.02 10.07 9.49 9.71 10.59 12.26 12.70 12.34 10.73 10.73 6.35 5.55 4.45 3.50 4.09 4.31 6.20 9.34 11.02 10.88 9.71 9.49 10.29 10.15 10.15 8.98 7.81 6.86 6.64 6.79 6.72 6.94 7.66 8.18 9.71 10.44 9.78 7.96 6.86 5.69 5.91 6.13 6.20 7.15 8.83 9.78 10.22 10.59 11.61 11.61 12.41 13.14 13.36 13.58 14.02 14.02 13.72
16.43 16.43 17.08 16.86 16.57 16.50 15.99 15.70 14.38 12.92 12.12 11.61 11.10 11.17 11.39 11.10 10.95 10.59 9.34 8.47 8.91 8.98 9.20 9.86 9.86 11.24 11.24 10.73 10.00 9.93 10.00 11.02 12.34 13.07 12.41 10.66 8.25 8.98 2.56 0.00 0.00 0.22 0.22 0.95 2.77 5.33 6.86 9.71 11.97 13.14 12.70 12.70 10.88 8.69 8.10 8.98 9.56 7.88 7.88 8.03 8.40 9.42 9.78 9.42 7.88 6.57 5.33 5.40 5.18 5.69 6.72 7.88 8.54 8.40 8.47 8.98 8.98 11.02 11.61 13.07 13.07 13.65 14.31 14.67
16.43 16.43 17.08 16.86 16.57 16.50 15.99 15.70 14.38 12.92 12.12 11.61 11.10 11.17 11.39 11.10 10.95 10.59 9.34 8.47 8.91 8.98 9.20 9.86 9.86 11.24 11.24 10.73 10.00 9.93 10.00 11.02 12.34 13.07 12.41 10.66 8.25 8.98 2.56 0.00 0.00 0.22 0.22 0.95 2.77 5.33 6.86 9.71 11.97 13.14 12.70 12.70 10.88 8.69 8.10 8.98 9.56 7.88 7.88 8.03 8.40 9.42 9.78 9.42 7.88 6.57 5.33 5.40 5.18 5.69 6.72 7.88 8.54 8.40 8.47 8.98 8.98 11.02 11.61 13.07 13.07 13.65 14.31 14.67
16.06 16.06 17.08 17.52 17.37 16.57 14.75 14.16 13.07 13.07 12.34 11.97 11.32 11.24 11.32 12.12 12.48 11.61 11.02 9.49 9.05 9.13 8.25 13.87 14.75 11.61 11.61 9.71 8.03 8.61 10.29 11.32 11.61 11.61 11.53 10.00 8.69 7.08 5.77 3.36 3.21 3.29 2.63 2.19 2.70 5.18 9.13 12.56 14.38 14.75 12.41 12.41 8.76 6.57 7.08 9.34 10.15 10.07 9.56 10.00 10.44 10.95 10.88 10.51 9.13 8.69 7.45 7.08 6.64 5.99 5.48 5.91 6.06 6.35 7.23 7.74 7.74 8.18 7.96 8.76 11.61 13.07 14.31 14.45
16.43 16.43 15.48 15.18 14.82 13.87 13.14 12.48 12.48 12.12 11.61 11.46 11.97 12.34 12.12 11.46 11.02 10.73 10.73 9.78 8.76 9.27 8.98 8.54 14.67 13.58 13.58 13.29 6.72 7.96 9.71 11.10 11.68 11.90 11.68 11.24 10.95 10.44 9.64 7.15 7.30 7.30 7.23 7.66 8.47 10.44 11.83 12.99 13.07 12.34 11.39 11.39 8.98 4.89 4.09 4.45 6.86 8.32 9.64 10.66 11.24 11.90 12.78 11.97 11.75 11.02 9.13 8.25 7.52 7.37 7.23 7.15 6.72 6.94 8.76 10.59 10.59 10.88 9.64 9.71 10.44 12.41 13.51 13.87
15.48 15.48 15.48 14.75 13.43 12.12 12.12 12.26 12.12 12.56 12.99 13.07 12.56 12.34 12.12 11.61 10.07 8.61 8.03 7.08 6.94 7.45 8.98 10.15 12.26 10.95 10.95 12.05 9.78 7.23 10.07 11.61 13.07 13.43 13.07 12.26 12.26 11.83 11.10 10.66 8.83 7.88 8.54 10.44 11.46 12.63 12.34 12.26 10.07 7.74 6.72 6.72 7.08 5.26 4.31 2.48 2.48 2.48 3.36 6.50 6.20 5.69 6.50 6.86 6.72 6.13 5.84 4.09 0.00 4.96 6.86 7.37 8.32 9.05 10.29 12.26 12.26 13.58 14.24 14.09 14.82 14.82 14.45 14.67
15.48 15.48 15.48 14.75 13.43 12.12 12.12 12.26 12.12 12.56 12.99 13.07 12.56 12.34 12.12 11.61 10.07 8.61 8.03 7.08 6.94 7.45 8.98 10.15 12.26 10.95 10.95 12.05 9.78 7.23 10.07 11.61 13.07 13.43 13.07 12.26 12.26 11.83 11.10 10.66 8.83 7.88 8.54 10.44 11.46 12.63 12.34 12.26 10.07 7.74 6.72 6.72 7.08 5.26 4.31 2.48 2.48 2.48 3.36 6.50 6.20 5.69 6.50 6.86 6.72 6.13 5.84 4.09 0.00 4.96 6.86 7.37 8.32 9.05 10.29 12.26 12.26 13.58 14.24 14.09 14.82 14.82 14.45 14.67
15.48 15.48 14.82 13.72 12.63 12.26 12.34 12.63 12.85 13.36 13.07 12.63 13.14 13.36 12.78 11.97 10.95 9.34 7.52 7.59 7.81 7.45 7.59 9.78 10.88 10.59 10.59 10.37 8.40 6.79 8.18 12.05 13.58 13.72 12.70 12.19 12.48 11.97 10.88 10.51 11.53 7.45 9.93 10.88 11.68 12.41 12.99 12.34 8.83 4.60 3.21 3.21 4.60 6.79 7.08 3.72 0.00 0.00 0.00 0.00 0.00 0.00 0.00 0.00 0.00 0.00 0.00 0.00 0.00 0.00 5.04 7.81 9.71 10.44 11.24 11.02 11.02 11.75 14.16 16.86 15.99 14.67 12.85 12.26
15.33 15.33 15.40 15.33 13.80 12.85 12.34 12.41 12.34 12.41 12.99 13.29 12.99 13.58 14.09 13.43 12.70 12.05 9.64 9.05 8.40 8.47 8.61 9.27 10.37 11.53 11.53 12.63 12.70 3.43 3.80 12.41 12.34 12.26 11.24 11.68 12.05 12.19 11.90 12.48 12.70 13.07 10.22 10.51 10.95 11.24 10.59 8.98 5.69 4.23 6.50 6.50 8.83 10.15 6.50 1.39 0.00 0.00 0.00 0.00 0.00 0.00 0.00 0.00 0.00 0.00 0.00 0.00 0.00 0.00 4.31 8.40 10.22 11.02 11.61 11.68 11.68 11.02 12.92 14.09 13.14 12.26 11.90 10.80
14.67 14.67 15.33 15.70 15.40 14.02 12.56 12.78 13.80 14.53 14.24 14.16 14.67 14.82 15.18 16.72 15.40 13.07 11.39 10.15 9.27 9.27 8.61 9.20 9.64 13.21 13.21 14.60 13.14 10.95 5.04 9.64 11.24 11.53 10.73 11.02 11.46 12.05 12.19 12.70 12.05 11.68 11.10 9.34 9.64 10.59 11.24 10.88 10.22 9.78 10.59 10.59 10.80 9.71 5.69 1.83 0.00 0.00 0.00 0.00 0.00 0.00 0.00 0.00 0.00 0.00 0.00 0.00 0.00 0.00 0.00 5.04 7.52 10.51 12.34 12.05 12.05 11.53 11.24 11.90 10.51 9.13 9.13 10.88
15.11 15.11 15.84 16.21 15.91 15.26 14.67 14.53 15.70 16.94 16.94 16.13 15.26 16.06 15.18 14.31 14.89 14.09 12.41 10.73 10.07 8.69 7.59 8.40 9.49 11.68 11.68 12.99 11.75 10.15 8.61 9.93 10.95 11.32 10.95 10.88 10.73 11.10 11.46 10.80 10.66 10.73 10.37 8.47 9.13 11.75 12.12 12.63 12.78 10.80 10.95 10.95 10.44 8.76 6.35 2.34 0.00 0.00 0.00 0.00 0.00 0.00 0.00 0.00 0.00 0.00 0.00 0.00 0.00 0.00 0.00 0.00 3.21 6.72 11.46 13.65 13.65 13.43 12.05 9.78 7.96 7.37 6.50 5.77
15.11 15.11 15.84 16.21 15.91 15.26 14.67 14.53 15.70 16.94 16.94 16.13 15.26 16.06 15.18 14.31 14.89 14.09 12.41 10.73 10.07 8.69 7.59 8.40 9.49 11.68 11.68 12.99 11.75 10.15 8.61 9.93 10.95 11.32 10.95 10.88 10.73 11.10 11.46 10.80 10.66 10.73 10.37 8.47 9.13 11.75 12.12 12.63 12.78 10.80 10.95 10.95 10.44 8.76 6.35 2.34 0.00 0.00 0.00 0.00 0.00 0.00 0.00 0.00 0.00 0.00 0.00 0.00 0.00 0.00 0.00 0.00 3.21 6.72 11.46 13.65 13.65 13.43 12.05 9.78 7.96 7.37 6.50 5.77
12.26 12.26 12.78 13.72 14.09 14.82 16.72 17.74 18.32 18.69 18.54 17.59 16.28 14.31 14.16 14.24 13.51 13.21 12.41 11.17 10.29 9.20 7.08 4.38 6.79 9.71 9.71 8.98 8.54 8.47 8.32 9.64 9.78 10.95 10.00 10.29 10.29 10.73 10.07 9.49 10.00 9.71 9.42 9.05 10.29 10.29 10.66 11.46 11.32 10.29 10.15 10.15 9.20 8.10 7.45 4.09 1.46 0.88 2.19 1.17 0.07 0.00 0.00 0.00 0.00 0.00 0.00 0.00 0.00 0.00 0.00 0.00 0.00 1.61 5.26 10.00 10.00 12.41 10.59 8.69 6.35 6.79 6.35 5.99
13.07 13.07 11.97 12.19 13.36 14.82 16.94 18.83 19.78 19.64 19.20 18.18 17.74 16.64 14.53 14.75 14.67 12.92 11.75 9.42 8.83 8.91 8.10 6.72 5.26 4.09 4.09 8.32 7.30 5.91 6.79 9.13 10.51 9.20 10.66 10.73 9.78 8.47 8.76 8.91 8.69 8.91 9.78 8.98 8.47 10.66 10.15 11.02 11.02 10.88 9.71 9.71 9.27 9.13 9.78 9.42 9.56 9.49 7.66 5.48 4.45 0.00 0.00 0.00 0.00 0.00 0.00 0.00 0.00 0.00 0.00 0.00 0.00 0.00 0.00 0.00 0.00 7.37 8.47 6.64 5.55 5.48 5.40 6.42
15.33 15.33 14.16 14.02 14.82 17.37 19.42 20.00 19.49 19.13 18.83 18.61 17.89 17.16 17.01 15.18 14.24 13.21 11.32 9.42 6.50 6.72 7.66 8.47 7.59 4.31 4.31 9.86 7.74 5.99 7.23 9.42 10.88 10.80 10.73 8.91 7.15 7.66 8.32 8.91 9.49 9.86 9.71 9.05 9.34 8.76 10.15 11.24 11.46 12.34 11.17 11.17 10.73 9.93 10.15 11.61 13.51 13.51 12.34 11.39 9.49 7.81 6.28 5.11 0.00 0.00 0.00 0.00 0.00 0.00 0.00 0.00 0.00 0.00 0.00 0.00 0.00 0.00 4.74 7.88 8.69 7.96 6.42 5.62
16.21 16.21 16.06 15.55 15.70 17.01 17.74 19.05 19.49 18.40 17.45 17.08 17.08 16.06 14.45 14.16 13.72 13.43 12.78 11.53 10.37 9.20 9.49 9.71 8.69 5.69 5.69 11.32 9.56 9.13 9.93 10.37 10.00 9.42 10.44 9.49 8.98 9.42 8.91 9.42 9.93 10.22 10.15 10.29 11.02 11.53 11.75 11.17 14.60 15.48 14.16 14.16 10.22 8.18 9.78 12.70 14.60 14.31 12.70 12.26 11.75 10.07 6.64 5.04 0.00 0.00 0.00 0.00 0.00 0.00 0.00 0.00 0.00 0.00 0.00 0.00 0.00 0.00 4.23 8.18 12.92 13.21 10.22 7.45
14.67 14.67 14.82 14.89 14.45 14.45 15.48 17.08 18.10 18.40 17.74 15.48 14.24 13.43 12.92 11.10 10.88 11.17 11.02 10.07 10.51 10.37 10.22 9.78 8.69 7.30 7.30 12.26 11.32 11.17 10.73 10.00 8.98 8.47 8.54 7.45 8.47 11.02 10.15 10.51 11.02 11.10 10.73 11.75 13.29 13.72 13.94 16.13 14.97 17.81 14.45 14.45 11.17 10.29 12.26 14.53 15.04 13.65 11.02 8.69 6.86 5.11 3.94 0.00 0.00 0.00 0.00 0.00 0.00 0.00 0.00 0.00 0.00 0.00 0.00 0.00 0.00 0.00 0.00 6.57 11.61 12.92 12.26 10.07
14.67 14.67 14.82 14.89 14.45 14.45 15.48 17.08 18.10 18.40 17.74 15.48 14.24 13.43 12.92 11.10 10.88 11.17 11.02 10.07 10.51 10.37 10.22 9.78 8.69 7.30 7.30 12.26 11.32 11.17 10.73 10.00 8.98 8.47 8.54 7.45 8.47 11.02 10.15 10.51 11.02 11.10 10.73 11.75 13.29 13.72 13.94 16.13 14.97 17.81 14.45 14.45 11.17 10.29 12.26 14.53 15.04 13.65 11.02 8.69 6.86 5.11 3.94 0.00 0.00 0.00 0.00 0.00 0.00 0.00 0.00 0.00 0.00 0.00 0.00 0.00 0.00 0.00 0.00 6.57 11.61 12.92 12.26 10.07
11.17 11.17 13.29 13.87 14.02 14.75 16.57 17.89 17.45 17.08 16.86 15.18 14.67 13.29 10.29 8.54 8.98 9.56 11.39 11.10 10.80 11.68 9.49 8.61 7.88 7.66 7.66 7.08 10.51 10.29 10.80 10.00 9.13 9.20 10.15 11.24 9.42 11.90 11.61 12.26 12.56 13.36 13.14 14.09 14.67 14.75 15.84 17.52 17.67 17.30 15.40 15.40 14.53 14.31 14.75 16.43 17.37 16.79 13.21 9.93 6.94 5.04 5.04 0.00 0.00 0.00 0.00 0.00 0.00 3.50 2.63 0.00 0.00 0.00 0.00 0.00 0.00 0.00 0.00 0.00 7.88 11.83 13.43 12.34
12.12 12.12 13.07 14.24 15.99 16.06 16.72 17.59 17.30 17.74 15.55 14.16 12.78 11.97 11.46 8.10 5.77 7.52 10.51 12.05 12.99 11.61 10.00 8.54 6.94 6.20 6.20 7.01 11.02 10.07 10.07 9.71 11.10 10.51 11.97 12.19 11.61 12.19 12.92 13.72 13.43 13.87 14.24 14.31 14.31 14.67 16.86 18.10 18.69 18.18 15.48 15.48 14.53 14.38 15.62 17.52 18.47 17.37 15.77 12.99 11.46 8.40 9.05 9.78 9.13 8.10 0.00 0.00 9.34 10.51 10.73 11.17 9.71 9.42 9.71 8.03 8.03 4.16 3.87 6.86 9.93 13.87 17.67 16.86
14.67 14.67 15.91 16.79 18.25 18.61 19.13 18.54 18.18 15.55 12.41 11.17 11.39 10.51 9.86 9.56 8.18 8.83 9.86 11.53 12.34 11.68 8.47 6.86 6.20 4.96 4.96 7.30 10.37 9.05 10.15 11.32 11.97 11.46 12.19 11.61 10.95 11.53 12.70 14.60 13.94 13.43 13.14 13.87 14.38 15.48 16.50 17.23 15.99 15.33 16.28 16.28 14.97 14.75 17.01 18.47 18.98 19.13 16.79 16.57 16.21 15.62 13.94 12.34 11.02 0.00 0.00 0.00 12.78 14.97 16.21 16.72 16.94 16.64 16.13 15.48 15.48 12.70 9.93 9.71 16.21 23.00 24.09 21.53
15.91 15.91 16.13 17.16 18.69 19.20 19.35 18.18 17.96 16.57 12.99 10.07 9.42 9.27 8.91 9.05 8.32 9.86 11.83 12.56 11.53 10.88 0.00 0.00 6.13 6.64 6.64 7.59 9.05 10.37 11.83 12.41 12.78 11.61 11.39 10.37 10.29 11.32 13.51 14.16 14.75 14.53 13.87 14.53 14.75 15.62 16.94 16.79 15.04 14.97 16.21 16.21 14.89 16.94 18.18 18.76 19.64 19.49 19.13 18.98 18.03 16.57 13.72 0.00 0.00 0.00 0.00 11.75 14.89 16.79 18.03 19.13 20.37 20.73 20.44 19.78 19.78 18.10 16.35 13.72 16.28 23.43 27.01 26.50
15.48 15.48 16.50 16.28 16.28 17.30 18.18 18.40 0.00 15.40 15.62 13.87 11.90 11.46 10.59 9.13 8.61 9.78 9.93 10.88 11.68 11.17 0.00 0.00 6.42 7.59 7.59 9.27 10.22 12.19 14.02 13.29 12.92 11.83 11.02 10.51 10.22 11.61 13.14 14.45 15.91 15.77 15.62 14.89 15.40 16.43 16.28 15.70 14.24 14.31 15.91 15.91 16.21 18.47 18.03 18.98 20.88 21.10 21.10 19.71 17.45 13.58 0.00 0.00 0.00 0.00 14.82 15.99 16.79 16.79 17.81 20.08 22.05 23.07 23.21 21.83 21.83 19.86 17.67 15.26 17.01 21.75 22.78 23.73
15.48 15.48 16.50 16.28 16.28 17.30 18.18 18.40 0.00 15.40 15.62 13.87 11.90 11.46 10.59 9.13 8.61 9.78 9.93 10.88 11.68 11.17 0.00 0.00 6.42 7.59 7.59 9.27 10.22 12.19 14.02 13.29 12.92 11.83 11.02 10.51 10.22 11.61 13.14 14.45 15.91 15.77 15.62 14.89 15.40 16.43 16.28 15.70 14.24 14.31 15.91 15.91 16.21 18.47 18.03 18.98 20.88 21.10 21.10 19.71 17.45 13.58 0.00 0.00 0.00 0.00 14.82 15.99 16.79 16.79 17.81 20.08 22.05 23.07 23.21 21.83 21.83 19.86 17.67 15.26 17.01 21.75 22.78 23.73
14.02 14.02 14.89 15.70 16.06 16.86 0.00 0.00 0.00 0.00 0.00 0.00 13.80 12.41 11.75 11.68 10.73 9.20 9.20 10.44 10.07 10.73 10.15 8.18 6.86 7.74 7.74 10.29 11.68 14.45 15.11 13.94 13.72 14.53 14.89 13.43 13.43 15.99 16.94 17.16 16.79 17.52 16.28 14.82 15.04 14.60 13.21 13.07 13.07 13.65 14.60 14.60 17.23 17.30 17.81 19.49 21.53 21.83 21.97 19.35 15.18 10.73 0.00 0.00 0.00 0.00 0.00 16.94 16.72 16.21 16.86 19.27 20.81 22.12 23.43 22.27 22.27 21.17 18.76 15.77 14.16 15.11 16.50 16.86
13.21 13.21 13.43 13.80 13.51 0.00 0.00 0.00 0.00 0.00 0.00 0.00 0.00 13.14 12.05 11.53 11.32 10.88 10.00 9.93 11.68 11.68 10.88 0.00 8.69 8.47 8.47 11.10 12.70 16.35 15.99 14.75 14.97 16.79 16.50 16.28 15.18 16.35 17.01 15.77 14.02 18.69 14.89 14.82 14.24 14.31 12.85 12.05 13.29 14.31 14.82 14.82 16.43 17.37 17.08 19.86 20.37 20.73 20.37 18.18 15.62 0.00 0.00 0.00 0.00 0.00 0.00 16.86 16.72 16.50 16.94 17.59 17.37 17.52 16.06 13.21 13.21 14.16 15.04 13.14 11.32 11.97 12.56 12.19
12.99 12.99 13.07 0.00 0.00 0.00 0.00 0.00 0.00 0.00 0.00 0.00 9.20 9.56 10.15 10.88 10.44 10.44 11.53 11.68 12.34 13.43 12.48 0.00 8.47 9.49 9.49 9.86 11.90 15.26 14.53 15.40 15.55 15.26 15.04 15.48 14.38 14.38 16.28 16.57 14.75 17.01 14.97 13.51 12.41 13.29 12.92 14.53 15.40 15.11 14.16 14.16 14.24 15.18 18.25 18.32 18.83 19.93 19.86 18.10 15.62 13.29 0.00 0.00 0.00 0.00 15.91 16.64 15.77 13.65 12.26 10.29 9.93 8.32 7.66 5.33 5.33 5.40 5.91 6.06 7.45 10.29 12.70 14.60
14.09 14.09 13.94 0.00 0.00 0.00 0.00 0.00 0.00 0.00 0.00 0.00 3.58 4.31 4.09 4.09 5.04 4.16 5.69 8.40 11.75 13.87 13.80 12.99 0.00 10.00 10.00 11.17 12.63 15.11 13.07 16.06 15.11 14.09 13.21 13.87 12.99 13.65 15.55 16.86 12.99 8.25 15.70 8.03 9.49 10.07 11.83 13.80 15.04 12.56 8.32 8.32 4.96 10.15 14.67 14.53 19.20 20.15 17.89 15.62 13.21 11.32 10.59 11.90 12.92 15.04 14.97 13.14 11.02 7.08 4.38 3.72 1.83 1.97 1.39 0.44 0.44 0.00 0.00 0.29 2.26 6.64 11.39 15.70
9.56 9.56 10.37 10.29 9.78 0.00 0.00 0.00 0.00 0.00 0.00 0.00 0.00 0.00 3.43 2.77 0.00 0.00 0.00 0.00 3.72 7.88 12.85 15.70 15.04 13.87 13.87 12.63 13.51 15.70 11.68 15.18 13.87 12.26 10.73 11.32 10.73 12.92 14.45 15.99 11.68 5.99 2.99 9.27 5.11 5.62 6.20 7.74 8.47 4.09 1.24 1.24 4.31 10.80 17.16 21.10 15.33 14.82 11.24 8.18 7.01 5.48 6.35 8.03 8.10 8.47 6.57 5.11 3.14 0.00 0.00 0.00 0.00 0.00 0.00 0.00 0.00 0.00 0.00 0.00 0.00 2.04 5.48 9.56
7.88 7.88 7.01 5.77 5.91 6.42 6.06 0.95 0.00 0.00 0.00 0.00 0.00 0.00 0.00 4.09 4.89 2.41 0.00 0.00 0.00 1.75 5.62 12.63 17.81 18.69 18.69 18.69 18.54 17.74 14.38 13.21 12.05 9.93 9.20 10.80 11.61 13.51 17.45 18.76 15.91 9.42 6.06 6.64 4.38 4.67 6.50 6.20 4.82 2.63 4.74 4.74 11.90 15.11 17.08 18.98 15.62 14.97 4.45 3.14 2.63 1.10 1.97 1.46 0.00 0.00 0.00 0.00 0.00 0.00 0.00 0.00 0.00 0.00 0.00 0.00 0.00 0.00 0.00 0.00 0.00 0.00 0.00 0.51
7.88 7.88 7.01 5.77 5.91 6.42 6.06 0.95 0.00 0.00 0.00 0.00 0.00 0.00 0.00 4.09 4.89 2.41 0.00 0.00 0.00 1.75 5.62 12.63 17.81 18.69 18.69 18.69 18.54 17.74 14.38 13.21 12.05 9.93 9.20 10.80 11.61 13.51 17.45 18.76 15.91 9.42 6.06 6.64 4.38 4.67 6.50 6.20 4.82 2.63 4.74 4.74 11.90 15.11 17.08 18.98 15.62 14.97 4.45 3.14 2.63 1.10 1.97 1.46 0.00 0.00 0.00 0.00 0.00 0.00 0.00 0.00 0.00 0.00 0.00 0.00 0.00 0.00 0.00 0.00 0.00 0.00 0.00 0.51
5.11 5.11 3.58 2.26 0.66 0.37 1.68 0.00 0.00 0.00 0.00 0.00 0.00 0.00 0.00 0.00 0.00 0.00 4.60 6.72 7.45 3.43 0.00 0.00 1.90 11.32 11.32 18.03 18.76 17.89 20.73 11.75 13.29 10.07 11.17 13.36 14.31 15.55 17.37 18.76 18.98 15.91 14.09 14.60 8.76 10.00 10.88 9.78 8.03 11.24 15.62 15.62 17.16 14.38 12.78 10.37 7.96 6.35 3.80 1.83 0.00 0.00 0.00 0.00 0.00 0.00 0.00 0.00 0.00 0.00 0.00 0.00 0.00 0.00 0.00 0.00 0.00 0.00 0.00 0.00 0.00 0.00 0.00 0.00
