Wansh/Snow_depth/snowdepth-1989/spring/1989070.txt
ncols 321
nrows 161
xllcenter 60
yllcenter 15 
cellsize  0.25 
NODATA_value -1
[rows 74 to 110 of 161, columns 84 to 167 of 321]
0.00 0.00 0.00 0.00 1.68 0.00 3.36 2.92 3.87 3.43 3.14 2.56 2.34 2.85 3.87 4.60 3.80 2.85 2.85 2.77 3.21 1.97 3.07 2.85 4.38 5.99 7.23 4.16 3.14 3.21 3.36 0.00 0.00 0.00 2.77 3.72 5.33 5.55 4.16 4.82 4.96 3.94 3.50 3.50 2.63 1.53 0.73 1.90 1.39 1.24 0.00 0.00 0.00 0.00 2.61 5.18 2.85 1.53 2.19 1.24 0.88 1.24 0.00 0.00 0.00 0.00 0.00 0.00 0.00 1.03 4.11 4.67 3.58 0.88 0.22 0.00 0.00 0.00 0.00 0.00 0.58 3.08 2.63 1.24
3.21 3.07 1.83 2.19 3.58 4.89 3.72 5.99 6.50 5.18 3.58 2.70 2.99 3.50 2.70 3.58 3.43 3.29 3.29 3.29 3.50 3.50 3.50 3.21 4.53 6.06 6.28 4.09 3.80 3.94 3.50 2.34 0.00 0.00 0.00 2.99 3.94 3.58 2.77 3.58 4.53 4.67 3.94 3.94 1.97 1.97 1.46 1.75 2.12 2.19 1.39 2.19 1.97 2.41 2.41 1.97 1.75 2.34 1.24 0.88 1.02 1.31 1.97 1.17 0.00 0.00 0.00 0.00 0.00 2.27 5.99 8.32 8.47 3.36 1.68 0.44 0.00 0.00 0.00 0.00 0.00 1.02 2.05 1.33
2.92 3.80 3.80 3.43 2.99 3.21 7.15 5.11 4.45 4.23 4.45 4.53 4.02 3.87 3.43 3.87 4.23 4.02 4.02 3.36 2.70 2.99 3.58 3.21 4.23 4.53 0.00 3.07 3.14 2.70 2.92 2.85 0.00 0.00 0.00 0.00 0.00 0.00 0.00 3.94 4.31 3.14 2.92 2.92 3.29 2.70 2.26 1.68 2.34 2.19 0.00 2.12 2.56 2.04 2.12 2.12 2.41 1.68 0.95 1.46 0.88 1.17 0.80 1.61 1.31 0.29 0.37 0.80 0.80 2.04 5.69 9.20 8.91 4.23 1.46 0.00 0.00 0.00 0.00 0.00 0.00 0.00 0.00 0.08
4.09 5.04 4.31 3.58 2.56 2.56 3.72 4.67 4.23 4.60 4.31 4.96 4.96 5.40 4.96 4.67 4.82 3.43 3.43 4.09 3.21 2.63 4.53 3.43 4.16 4.31 3.58 3.80 3.21 2.12 0.00 2.34 0.00 0.00 0.00 0.00 0.00 0.00 0.00 3.14 0.00 0.00 0.00 0.00 0.00 0.00 0.00 0.00 0.00 3.65 2.99 2.63 0.73 1.75 2.85 2.41 3.07 1.46 0.73 1.39 1.46 2.12 1.75 1.39 0.80 1.46 1.53 2.19 2.19 2.56 4.09 5.33 4.31 2.77 1.53 0.58 0.00 0.00 0.00 0.00 0.00 0.00 0.66 0.29
3.87 4.96 4.16 3.14 2.92 2.56 3.72 4.02 4.53 4.60 4.60 5.11 5.18 4.89 4.74 4.31 4.96 3.94 3.94 4.23 4.67 3.87 3.94 4.74 2.48 0.00 0.00 2.92 2.92 0.00 0.00 0.00 0.00 0.00 0.00 1.10 0.00 0.00 0.00 0.00 0.00 0.00 0.00 0.00 0.00 0.00 0.00 0.00 0.00 0.00 2.56 2.56 1.97 2.77 3.36 2.85 2.77 1.97 1.97 1.83 2.19 2.48 2.12 2.26 1.39 1.46 1.46 1.75 1.75 1.75 1.17 0.73 0.51 1.17 1.53 1.10 0.22 0.00 0.00 0.00 0.00 0.00 1.32 1.26
4.74 4.82 3.94 3.80 3.43 2.99 3.07 3.80 3.87 4.23 3.58 4.45 4.23 4.53 4.53 4.60 4.82 4.16 4.16 4.31 4.23 4.09 3.80 4.09 2.56 2.34 0.00 0.00 2.77 0.00 0.00 0.00 0.00 0.00 0.00 0.00 0.00 0.00 0.00 0.00 0.00 0.00 0.00 0.00 0.00 0.00 0.00 0.00 0.00 0.00 0.00 0.00 0.00 0.00 0.00 0.00 1.90 1.75 1.61 1.53 1.75 2.41 2.56 1.39 0.15 0.00 0.66 0.15 0.15 0.95 0.00 0.00 0.66 1.90 2.64 2.41 0.88 0.07 0.00 0.00 0.00 0.00 0.66 1.54
0.00 0.00 0.00 0.00 0.00 2.92 2.92 3.50 3.72 3.80 3.65 4.23 4.02 3.29 4.09 4.16 4.38 3.87 3.87 4.31 3.80 4.53 3.36 3.14 2.41 2.48 0.00 0.00 2.77 3.07 0.00 0.00 0.00 0.00 0.00 0.00 0.00 0.00 0.00 0.00 0.00 0.00 0.00 0.00 0.00 0.00 0.00 0.00 0.00 0.00 0.00 0.00 0.00 0.00 0.00 0.00 1.10 1.17 0.66 0.88 1.02 1.75 1.97 1.46 0.00 0.00 0.00 0.00 0.00 0.00 0.00 0.00 0.95 2.41 3.87 3.96 3.59 1.76 1.68 1.02 0.00 0.00 0.00 0.44
0.00 0.00 0.00 0.00 0.00 0.00 0.00 0.00 0.00 2.99 3.36 4.09 3.72 4.02 4.31 4.45 3.87 3.43 3.43 3.21 2.99 3.58 0.00 2.48 0.00 1.68 2.12 0.00 0.00 0.00 0.00 0.00 0.00 0.00 0.00 0.00 0.00 0.00 0.00 0.00 0.00 0.00 0.00 0.00 0.00 0.00 0.00 0.00 0.00 0.00 0.00 0.00 0.00 0.00 0.44 0.00 0.00 0.00 0.00 0.00 0.80 0.73 1.02 1.46 0.00 0.00 0.00 0.00 0.00 0.00 0.00 0.00 0.73 3.14 5.55 5.80 4.50 3.67 3.63 3.07 1.47 0.07 0.00 0.00
0.00 1.97 3.14 2.99 0.00 3.14 3.07 0.00 0.00 2.99 2.77 3.65 3.65 0.00 3.29 4.31 3.50 3.07 3.07 1.97 0.00 0.00 0.00 0.00 0.00 0.00 0.00 0.00 0.80 0.00 0.00 0.00 0.00 0.00 0.00 0.00 0.00 0.00 0.00 0.00 0.00 0.00 0.00 0.00 0.00 0.00 0.00 0.00 0.00 0.00 0.00 0.00 0.00 0.00 0.00 0.00 0.00 0.00 0.29 0.00 0.88 0.66 0.44 0.00 0.00 0.00 0.00 0.00 0.00 0.44 0.00 0.00 0.29 2.48 4.67 5.62 4.82 3.94 3.87 4.48 3.80 2.19 0.00 0.00
4.02 3.36 3.29 2.92 2.34 0.00 0.00 0.00 3.36 0.00 0.00 0.00 0.00 0.00 3.94 4.16 0.00 0.00 0.00 0.00 0.00 0.00 0.00 0.00 0.00 0.00 0.00 0.00 0.00 0.00 0.00 0.00 0.00 0.00 0.00 0.00 0.00 0.00 0.00 0.00 0.00 0.00 0.00 0.00 0.00 0.00 0.00 0.00 0.00 0.00 0.00 0.00 0.00 0.66 0.00 0.00 0.00 0.00 0.00 0.29 0.00 0.00 0.00 0.37 0.95 0.22 0.00 0.00 0.00 0.44 0.07 0.00 0.00 1.53 3.29 5.99 5.33 4.89 5.84 6.64 6.28 5.33 3.21 2.26
0.00 1.39 2.34 2.41 2.63 0.00 0.00 3.21 3.58 0.00 0.00 0.00 0.00 2.12 2.19 2.48 0.00 0.00 0.00 0.00 0.00 0.00 0.00 0.00 0.00 0.00 0.00 0.00 0.00 0.00 0.00 0.00 0.00 0.00 0.00 0.00 0.00 0.00 0.00 0.00 0.00 0.00 0.00 0.00 0.00 0.00 0.00 0.00 0.00 0.00 0.00 0.00 0.00 0.00 0.00 0.00 0.00 0.00 0.00 0.00 0.00 0.07 0.37 1.17 0.95 0.00 0.00 0.00 0.00 0.22 0.44 0.37 0.00 0.00 0.66 2.34 3.87 5.55 7.81 9.34 9.05 8.61 6.72 3.50
0.00 1.39 0.00 0.00 0.00 0.00 0.00 3.43 3.80 3.65 0.00 0.00 0.00 0.00 0.00 0.00 0.00 0.00 0.00 0.00 0.00 0.00 0.00 0.00 0.00 0.00 0.00 0.00 0.00 0.00 0.00 0.00 1.68 0.00 0.00 0.00 0.00 0.00 0.00 1.02 0.00 0.00 0.00 0.00 0.00 0.00 0.00 0.00 0.00 0.00 0.00 0.00 0.00 0.00 0.44 0.66 1.31 0.66 0.66 0.80 0.00 0.30 0.75 0.07 0.00 0.00 0.07 0.00 0.00 0.00 0.51 1.17 0.51 0.00 0.37 0.66 2.19 5.11 8.32 10.15 10.51 10.95 8.18 3.65
1.17 1.61 2.85 2.77 2.70 2.19 2.26 2.19 3.29 3.94 2.92 2.12 2.48 0.00 0.00 0.00 0.00 2.04 2.04 2.70 3.43 3.72 4.02 3.65 2.26 0.00 0.00 0.00 2.85 2.92 0.00 0.00 0.00 3.21 0.00 0.00 0.00 0.00 0.00 2.99 2.48 0.73 1.31 1.31 0.44 1.02 1.24 1.46 1.10 0.07 0.00 0.00 0.00 0.00 0.00 2.63 5.04 5.77 6.57 4.09 0.29 0.00 0.00 0.00 0.00 0.51 0.51 0.00 0.00 0.44 1.53 4.16 4.74 2.70 1.02 0.80 1.46 2.48 7.52 9.71 10.80 10.22 8.32 4.67
1.31 2.04 2.19 0.00 0.00 0.00 2.12 0.00 0.00 0.00 2.63 2.19 2.41 1.75 1.97 2.34 2.48 2.63 2.63 2.99 2.63 2.85 3.58 2.99 3.14 0.00 3.72 3.07 2.48 0.00 0.00 0.00 0.00 3.21 2.77 0.00 0.00 0.00 0.00 0.00 2.41 1.68 1.46 1.46 0.51 0.80 0.66 1.46 0.95 0.00 0.07 0.07 0.00 0.00 0.15 1.53 3.50 5.26 5.77 4.23 0.58 0.00 0.00 0.22 0.00 0.00 0.00 0.00 0.00 0.00 1.31 3.36 4.67 4.16 2.48 2.12 2.48 4.82 6.64 8.69 10.22 9.13 7.66 0.00
2.41 1.97 0.00 0.00 0.00 0.00 0.00 0.00 0.00 0.00 0.00 1.75 2.48 2.85 2.41 1.97 2.12 2.70 2.70 2.85 2.99 2.77 3.07 1.83 2.41 2.99 3.80 3.07 2.63 0.00 0.00 2.99 3.58 2.63 3.14 0.00 0.00 0.00 0.00 1.97 1.68 1.97 0.00 0.00 0.95 1.02 0.80 1.39 0.80 0.88 0.00 0.37 0.29 0.29 0.00 0.66 1.75 2.77 2.70 2.41 0.66 0.00 0.00 1.17 1.99 2.55 3.87 2.12 2.12 0.00 0.00 2.48 3.58 4.96 3.94 3.43 4.09 5.55 6.57 6.94 7.45 7.59 4.89 3.72
3.29 1.97 0.00 0.00 0.00 0.00 0.00 0.00 0.00 0.00 0.00 0.00 0.00 0.00 2.34 2.41 1.90 2.04 2.04 1.68 2.12 2.12 1.83 1.68 2.70 3.58 3.65 2.99 0.00 0.00 2.34 3.94 3.87 3.65 3.65 2.85 0.00 0.00 0.00 0.00 0.00 0.00 0.00 0.00 1.02 1.02 2.26 1.83 1.02 1.17 0.07 0.51 1.24 1.39 0.95 0.44 0.73 0.44 0.52 0.88 0.00 0.00 0.15 1.68 4.82 5.95 5.76 4.09 4.09 3.21 0.00 0.00 0.00 4.02 4.67 4.38 4.67 5.69 6.79 6.04 5.79 5.57 4.48 0.00
2.63 1.68 0.00 0.00 0.00 0.00 0.00 0.00 0.00 0.00 0.00 0.00 0.00 0.00 0.00 0.00 0.00 1.83 1.83 0.00 2.04 1.68 1.53 0.00 2.48 2.41 2.34 2.26 0.00 0.00 2.41 2.85 3.14 3.29 0.00 0.00 0.00 0.00 0.00 0.00 0.00 0.00 0.00 0.00 0.80 1.02 1.61 0.66 0.29 0.73 0.00 0.29 1.46 1.68 1.53 0.66 1.10 0.00 0.07 0.00 0.00 0.00 0.00 2.41 4.23 5.18 5.82 5.79 5.61 3.23 0.00 2.19 3.07 3.65 3.87 3.58 3.14 3.80 4.82 5.27 3.65 3.61 4.78 4.01
1.83 0.95 1.17 0.00 0.00 0.00 0.00 0.00 0.00 0.00 0.00 0.00 0.00 0.00 0.00 0.00 0.00 0.00 0.00 0.00 0.00 0.00 0.00 0.00 0.00 1.90 0.00 0.00 0.00 0.00 0.00 0.00 0.00 0.00 0.00 0.00 0.00 0.00 0.00 0.00 0.00 0.00 0.00 0.00 0.00 0.15 0.80 0.95 0.44 0.37 0.51 0.95 1.31 1.97 2.56 2.41 1.83 2.12 1.84 0.88 0.00 0.00 0.00 0.00 0.00 3.87 3.80 4.16 4.18 4.12 2.93 3.14 3.50 3.65 2.93 2.56 0.00 0.00 2.93 4.55 3.09 3.43 4.54 5.86
1.75 1.10 0.95 1.53 0.00 0.00 0.00 1.53 0.00 0.00 0.00 0.00 0.00 0.00 0.00 0.00 0.00 0.00 0.00 0.00 0.00 0.00 0.00 0.00 0.00 0.00 0.00 0.00 0.00 0.00 0.00 0.00 0.00 0.00 0.00 0.00 0.00 0.00 0.00 0.00 0.00 0.00 0.00 0.00 0.00 0.29 0.15 0.29 0.00 0.22 0.00 0.00 0.29 1.75 3.21 4.09 5.77 6.13 4.23 2.77 1.84 0.69 0.23 0.00 0.00 0.00 3.14 2.99 2.99 1.99 2.02 3.44 5.28 5.34 3.67 2.21 2.04 0.00 1.66 3.20 2.92 4.06 5.18 6.84
2.56 1.61 1.17 1.68 1.17 1.02 0.00 0.00 0.00 0.00 1.17 0.00 0.00 0.00 0.00 0.00 0.00 0.00 0.00 0.00 0.00 0.00 0.00 0.00 0.00 0.00 0.00 0.00 0.00 0.00 0.00 0.00 0.00 0.00 0.00 0.00 0.00 0.00 0.00 0.00 0.00 0.00 0.00 0.00 0.00 0.58 0.37 0.44 0.00 0.88 0.44 0.00 0.51 1.39 2.70 4.53 6.66 6.79 7.59 6.13 4.38 2.46 0.95 0.00 0.00 0.00 2.42 1.75 1.75 0.74 0.68 2.35 4.08 4.62 3.85 3.45 2.99 1.85 1.81 0.00 2.52 5.70 7.16 6.97
4.38 3.21 3.21 2.26 1.24 0.95 0.00 0.00 0.00 0.00 0.00 0.00 0.00 0.00 0.00 0.00 0.00 0.00 0.00 0.00 0.00 0.00 0.00 0.00 0.00 0.00 0.00 0.00 0.00 0.00 0.00 0.00 0.00 0.00 0.00 0.00 0.00 0.00 0.00 0.00 0.00 0.00 0.00 0.00 0.00 0.00 0.44 0.51 0.29 0.88 0.66 1.17 0.97 1.81 2.83 5.56 6.10 6.79 7.30 6.94 5.91 3.01 1.08 1.05 0.00 0.00 2.63 1.46 1.47 0.00 0.00 0.41 2.10 3.86 3.71 3.58 2.31 1.89 0.00 0.00 0.00 4.63 7.58 7.42
7.88 7.08 4.60 3.58 3.43 2.26 1.68 0.00 0.00 0.00 0.00 0.00 0.00 0.00 0.00 0.00 0.00 0.00 0.00 0.00 0.00 0.00 0.00 0.00 0.00 0.00 0.00 0.00 0.00 0.00 0.00 0.00 0.00 0.00 0.00 0.00 0.00 0.00 0.00 0.00 0.00 0.00 0.00 0.00 0.00 0.22 0.07 0.66 0.22 0.37 1.39 1.68 0.58 1.30 3.07 4.74 5.65 6.29 6.15 5.83 5.36 3.82 2.13 0.00 0.00 0.00 1.42 1.47 1.47 0.00 0.00 0.00 0.00 0.00 2.64 2.79 1.34 0.64 1.12 0.00 0.00 4.31 6.68 5.90
15.40 10.29 5.33 4.60 4.53 2.99 3.50 4.23 2.26 0.00 2.77 0.00 0.00 0.00 0.00 0.00 0.00 0.00 0.00 0.00 0.00 0.00 0.00 0.00 0.00 0.00 0.00 0.00 0.00 0.00 0.00 0.00 0.00 0.00 0.00 0.00 0.00 0.00 0.00 0.00 0.00 0.00 0.44 0.44 0.00 0.00 0.00 0.00 0.00 0.00 1.53 2.26 1.97 2.71 4.69 5.19 4.19 4.36 4.41 4.49 4.02 2.97 2.48 1.39 0.41 0.00 0.76 1.04 1.02 0.00 0.00 0.00 0.00 0.00 1.53 0.66 0.59 0.00 0.76 0.00 0.00 3.09 4.31 3.86
20.73 12.05 0.00 4.53 5.62 5.91 8.03 8.10 6.13 6.20 4.96 1.39 0.00 0.44 0.00 0.00 0.00 0.00 0.00 0.00 0.00 0.00 0.00 0.00 0.00 0.00 0.00 0.00 0.00 0.00 0.29 0.00 0.00 0.00 0.00 0.00 0.00 0.00 0.00 0.00 0.00 2.04 1.24 1.24 0.58 0.00 0.00 0.00 0.00 1.72 3.24 4.74 5.50 6.98 7.56 6.31 4.45 4.82 5.67 3.82 2.64 2.84 2.68 1.46 0.30 0.00 0.15 0.53 0.51 0.37 0.00 0.00 0.00 0.57 1.98 1.24 0.08 0.00 0.37 0.00 0.00 0.78 1.84 0.00
13.07 8.61 6.94 8.83 10.73 13.36 17.45 18.47 18.61 15.91 10.15 4.74 3.80 2.34 1.24 1.10 0.00 0.00 0.00 0.00 0.00 0.00 0.00 0.00 0.73 1.10 1.31 0.80 1.24 0.80 1.46 1.53 1.17 1.17 1.46 1.02 1.39 1.90 0.73 1.61 0.00 0.00 0.44 0.44 1.39 1.68 0.95 2.56 4.09 4.89 6.40 9.73 8.50 7.00 5.75 4.28 4.54 6.74 7.11 7.34 7.85 6.20 5.26 3.01 2.04 0.59 0.69 0.00 0.00 0.00 0.00 0.00 0.00 1.36 2.77 2.04 0.83 0.00 0.00 0.00 0.00 0.00 0.00 1.09
9.27 8.83 9.27 9.34 9.42 12.26 14.97 18.69 20.73 19.64 9.93 4.45 4.16 3.65 2.56 2.26 1.68 1.83 1.83 1.39 0.80 1.97 1.46 1.24 1.24 1.02 0.51 0.00 1.39 1.61 1.83 1.31 0.73 0.66 1.68 1.17 2.04 2.77 1.46 0.00 0.00 0.00 0.00 0.00 0.37 1.17 1.68 2.56 3.54 4.49 6.92 7.57 6.76 7.26 5.88 4.71 4.16 3.31 3.91 7.06 8.77 9.83 8.48 6.85 3.21 2.48 0.95 0.23 0.23 0.00 0.00 0.00 0.00 0.36 3.26 2.56 1.70 0.60 0.00 0.00 0.00 0.00 0.00 0.53
9.56 10.07 9.78 7.81 7.15 8.69 10.15 12.12 17.37 16.43 7.74 0.00 0.00 3.21 4.09 3.94 3.36 2.63 2.63 2.04 1.39 1.83 1.31 1.10 1.39 1.10 0.00 0.00 0.58 1.68 1.24 0.88 0.00 0.44 1.31 1.53 2.70 3.21 0.51 0.00 0.00 0.00 0.00 0.00 0.00 0.66 0.29 1.18 3.97 5.21 7.17 8.46 8.65 8.30 6.88 6.05 3.38 2.53 4.22 4.64 7.85 11.02 12.92 11.10 7.08 3.50 1.71 1.32 1.47 0.16 0.00 0.00 0.00 0.24 2.70 3.17 2.41 1.10 0.00 0.00 0.00 0.00 0.00 0.75
4.02 5.69 6.42 5.18 4.45 7.08 7.52 8.88 11.90 12.19 6.42 0.00 0.00 0.00 3.58 3.72 4.31 2.99 2.99 2.63 1.61 1.68 1.10 1.24 1.39 0.00 0.00 0.44 0.58 0.51 0.44 0.00 0.00 0.15 0.29 0.51 1.24 0.51 0.00 0.00 0.00 0.00 0.00 0.00 0.00 0.00 0.07 1.25 4.23 5.87 7.38 9.37 11.64 10.90 7.10 5.20 2.16 2.06 1.99 3.03 7.13 9.28 12.84 13.14 10.88 6.64 1.12 1.65 1.59 1.24 0.24 0.00 0.00 0.77 2.52 2.47 1.93 0.61 0.00 0.00 0.00 0.00 0.40 1.39
0.00 0.00 0.00 0.00 0.00 7.08 8.40 8.76 10.15 9.78 5.91 3.43 0.00 0.00 0.00 3.36 3.50 2.26 2.26 2.34 2.48 1.90 1.53 1.10 0.58 0.00 0.00 0.00 0.00 0.00 0.22 0.00 0.00 0.00 0.00 0.00 0.66 0.00 0.00 0.00 0.00 0.00 0.00 0.00 0.00 0.00 0.00 1.46 3.80 5.55 8.08 8.79 9.45 8.67 6.41 4.45 1.31 1.90 2.04 3.56 3.25 5.41 9.86 14.13 12.91 9.18 7.46 2.72 2.74 4.10 2.94 0.00 0.00 1.07 2.23 2.16 0.89 0.22 0.00 0.00 0.00 0.00 0.36 1.38
0.00 0.00 0.00 0.00 0.00 6.79 7.81 8.10 9.56 8.32 5.55 4.67 3.07 0.00 0.00 0.00 0.00 2.63 2.63 2.63 2.56 1.83 1.31 0.00 0.07 0.00 0.00 0.00 0.00 0.58 0.00 0.00 0.00 0.00 0.00 0.00 0.00 0.00 0.00 0.00 0.00 0.00 0.00 0.00 0.00 0.00 0.00 0.95 2.08 5.04 8.52 8.92 10.61 6.96 3.23 3.23 0.00 0.00 0.19 1.65 2.05 4.65 7.90 9.56 10.71 11.20 11.01 6.75 7.90 5.08 4.38 1.67 0.27 0.26 0.08 0.00 0.08 0.37 0.54 0.00 0.00 0.31 0.65 1.68
0.00 0.00 0.00 0.00 0.00 0.00 5.69 6.28 8.69 7.30 5.55 4.16 4.02 3.58 2.48 3.80 4.23 3.72 3.72 0.00 2.34 2.63 0.80 0.00 0.00 0.00 0.00 0.00 0.00 0.00 0.00 0.00 0.00 0.00 0.00 0.00 0.00 0.00 0.00 0.00 0.00 0.00 0.00 0.00 0.00 0.00 0.00 0.00 0.42 3.71 5.82 8.32 5.37 2.70 2.07 0.77 0.00 0.00 0.00 0.00 0.58 2.45 5.69 9.70 10.05 10.20 13.32 10.33 11.57 7.82 4.71 3.11 2.29 0.44 0.00 0.75 0.50 0.22 0.16 0.00 0.00 0.19 1.16 2.30
0.00 0.00 0.00 0.00 0.00 0.00 0.00 5.40 7.81 6.42 4.45 5.69 5.91 5.33 5.26 6.08 6.27 5.04 5.04 4.16 2.26 3.29 1.53 0.00 0.00 0.37 0.00 0.00 0.00 0.00 0.00 0.00 0.00 0.00 0.00 0.00 0.00 0.00 0.00 0.00 0.00 0.00 0.00 0.00 0.00 0.00 0.00 0.00 1.07 4.87 5.70 5.89 3.38 0.53 0.00 0.00 0.00 0.00 0.00 0.00 0.00 3.09 4.46 6.91 9.66 9.98 13.98 11.62 11.87 9.06 7.20 3.40 3.34 1.94 0.00 0.36 0.63 1.46 0.00 0.00 0.00 0.00 0.00 0.00
0.00 0.00 0.00 0.00 0.00 0.00 0.00 0.00 4.38 3.50 2.77 4.38 5.62 5.18 6.13 6.68 7.37 8.31 7.75 5.40 5.33 5.33 2.26 0.07 0.00 0.00 0.00 0.00 0.00 0.00 0.00 0.00 0.00 0.00 0.00 0.00 0.00 0.00 0.00 0.00 0.58 0.00 0.00 0.00 0.00 0.00 0.00 0.08 1.71 5.76 6.30 4.51 1.06 0.00 0.00 0.00 0.00 0.00 0.00 0.00 0.00 2.82 4.74 5.65 8.67 11.51 10.97 12.18 14.89 14.40 5.57 4.53 4.87 3.25 0.32 1.29 2.23 2.15 0.00 0.00 0.00 0.00 0.00 0.00
0.00 0.00 0.00 0.00 0.00 0.00 0.00 0.00 0.00 0.00 0.00 0.00 0.00 0.00 0.00 0.00 1.39 2.98 3.03 5.55 7.88 7.30 5.11 4.53 4.09 5.40 4.96 3.87 1.10 0.00 0.00 0.00 0.00 0.00 1.90 3.21 4.82 4.74 3.94 5.50 6.25 5.53 5.84 5.84 3.80 6.13 0.00 2.35 3.52 0.21 0.00 0.00 0.00 0.00 0.00 0.00 0.00 0.00 0.00 0.00 0.00 0.00 0.00 0.00 7.95 11.34 7.71 5.80 6.48 6.38 5.15 2.98 2.92 0.00 0.00 0.00 2.12 0.00 0.00 0.00 0.00 0.00 0.00 0.00
0.00 0.00 0.00 0.00 0.00 0.00 0.00 0.00 0.00 0.00 0.00 0.00 0.00 0.00 0.00 0.00 0.00 0.00 0.00 3.72 4.60 5.30 6.94 5.62 5.26 7.30 5.99 7.52 6.20 4.74 6.28 1.83 6.94 4.60 5.04 6.28 6.86 7.45 6.72 7.88 8.14 7.34 7.74 8.65 7.23 9.56 6.28 4.94 0.00 0.00 0.00 0.00 0.00 0.00 0.00 0.00 0.00 0.00 0.00 0.00 0.00 0.00 0.00 0.00 6.92 6.61 3.54 0.00 0.00 4.61 6.01 0.00 0.00 0.00 0.00 0.00 0.00 0.00 0.00 0.00 0.00 0.00 0.00 0.00
0.00 0.00 0.00 0.00 0.00 0.00 0.00 0.00 0.00 0.00 0.00 0.00 0.00 0.00 0.00 0.00 0.00 0.00 0.00 0.00 0.00 0.00 2.85 5.62 5.48 6.24 4.99 5.40 4.02 6.35 8.47 7.96 7.93 7.08 5.04 4.99 5.11 6.20 6.94 6.79 3.24 3.50 5.75 7.30 9.76 10.37 8.06 4.29 0.00 0.00 0.00 0.00 0.00 0.00 0.00 0.00 0.00 0.00 0.00 0.00 0.00 0.00 0.00 0.00 0.00 0.00 0.00 0.00 0.00 0.00 0.00 0.00 0.00 0.00 0.00 0.00 0.00 0.00 0.00 0.00 0.00 0.00 0.00 0.00
0.00 0.00 0.00 0.00 0.00 0.00 0.00 0.00 0.00 0.00 0.00 0.00 0.00 0.00 0.00 0.00 0.00 0.00 0.00 0.00 0.00 0.00 0.00 0.00 2.41 0.00 0.00 3.07 4.82 5.11 4.89 6.32 11.00 4.45 0.00 0.00 0.00 2.63 0.00 0.00 0.00 0.00 0.00 0.00 6.56 12.33 4.56 0.00 0.00 0.00 0.00 0.00 0.00 0.00 0.00 0.00 0.00 0.00 0.00 0.00 0.00 0.00 0.00 0.00 0.00 0.00 0.00 0.00 0.00 0.00 0.00 0.00 0.00 0.00 0.00 0.00 0.00 0.00 0.00 0.00 0.00 0.00 0.00 0.00
