Wansh/Snow_depth/snowdepth-1989/spring/1989069.txt
ncols 321
nrows 161
xllcenter 60
yllcenter 15 
cellsize  0.25 
NODATA_value -1
[rows 0 to 36 of 161, columns 84 to 167 of 321]
13.65 13.87 14.38 13.36 10.95 8.32 6.35 5.11 5.33 7.01 8.18 8.61 8.54 9.13 10.15 10.29 11.97 14.38 14.38 16.94 17.52 17.23 14.97 12.92 7.66 4.96 2.92 1.39 0.88 0.66 2.26 5.48 6.13 5.84 2.85 0.95 0.58 1.17 2.04 2.70 6.28 8.25 8.83 8.83 7.23 6.13 4.38 3.65 4.38 5.69 7.74 8.54 8.18 7.37 6.86 7.30 7.37 6.64 6.20 5.84 4.89 4.53 3.07 1.90 1.31 2.85 3.94 5.48 5.48 7.08 8.91 11.68 12.48 12.41 11.24 10.80 11.32 13.07 14.02 14.31 13.21 10.73 9.64 8.91
11.83 10.66 10.15 9.20 7.52 5.84 4.60 4.02 6.06 7.45 8.54 9.13 8.98 8.61 7.74 7.37 9.56 11.39 11.39 14.53 16.21 17.01 17.74 15.77 13.21 8.03 4.02 2.70 1.31 1.02 1.39 2.99 4.67 5.11 3.14 1.39 0.00 0.00 0.00 0.58 5.18 9.34 13.14 13.14 14.16 11.39 9.42 5.91 4.53 4.02 4.02 4.31 4.60 5.33 6.79 7.30 7.74 8.69 8.98 7.66 8.69 8.18 7.81 7.08 5.62 5.62 6.79 7.96 7.96 8.47 8.76 10.44 11.83 14.16 15.33 15.40 16.13 16.79 15.99 15.48 14.45 13.80 12.26 11.75
11.17 9.27 7.30 5.69 4.60 5.18 6.42 7.96 8.76 10.22 10.95 11.24 10.37 9.42 8.69 6.35 5.84 7.15 7.15 9.05 9.27 11.39 14.16 15.99 15.62 10.51 7.30 2.85 1.39 1.53 1.10 1.46 3.80 4.82 5.55 5.84 3.87 3.72 3.80 3.36 4.31 6.28 10.95 10.95 14.24 17.23 17.96 14.89 11.10 6.86 5.26 4.02 3.29 3.58 3.94 5.62 7.37 8.61 10.73 11.90 12.34 12.12 11.17 10.29 10.37 10.73 10.80 11.90 11.90 11.53 10.37 9.64 9.42 11.61 14.75 17.52 18.10 17.81 17.37 17.74 18.25 19.35 18.98 17.16
11.17 9.27 7.30 5.69 4.60 5.18 6.42 7.96 8.76 10.22 10.95 11.24 10.37 9.42 8.69 6.35 5.84 7.15 7.15 9.05 9.27 11.39 14.16 15.99 15.62 10.51 7.30 2.85 1.39 1.53 1.10 1.46 3.80 4.82 5.55 5.84 3.87 3.72 3.80 3.36 4.31 6.28 10.95 10.95 14.24 17.23 17.96 14.89 11.10 6.86 5.26 4.02 3.29 3.58 3.94 5.62 7.37 8.61 10.73 11.90 12.34 12.12 11.17 10.29 10.37 10.73 10.80 11.90 11.90 11.53 10.37 9.64 9.42 11.61 14.75 17.52 18.10 17.81 17.37 17.74 18.25 19.35 18.98 17.16
9.93 9.13 7.59 6.50 8.10 8.40 8.32 8.91 8.61 9.49 11.10 11.97 11.90 11.75 10.51 9.86 9.56 7.96 7.96 6.72 5.48 6.57 8.61 12.34 13.65 12.12 8.61 6.50 3.58 2.48 2.12 1.53 2.26 3.94 7.66 9.05 7.66 6.28 4.60 3.94 2.48 2.41 3.94 3.94 8.32 11.53 16.28 18.91 16.86 12.78 7.88 5.77 4.45 3.87 3.72 3.94 4.60 5.55 8.18 10.66 11.24 13.07 12.34 10.73 10.44 11.68 12.99 13.21 13.21 12.19 11.53 10.88 9.56 8.47 8.69 10.59 13.51 16.79 15.26 14.67 14.45 14.97 16.35 16.79
11.10 11.24 11.83 8.61 10.59 9.05 8.61 8.18 7.96 8.54 10.07 10.95 11.10 12.05 11.17 11.24 11.97 11.68 11.68 11.10 9.86 7.74 7.15 8.40 9.20 10.73 8.69 6.13 4.09 3.80 3.21 2.41 2.99 4.45 6.86 7.52 7.23 5.11 1.90 1.39 1.24 1.83 3.80 3.80 5.62 8.40 12.56 14.82 16.35 12.56 9.20 5.99 5.04 4.60 4.89 5.18 5.69 6.50 8.10 10.29 12.56 13.94 15.84 15.62 14.60 11.46 10.29 10.07 10.07 10.51 10.95 11.53 12.34 11.39 10.29 8.40 6.72 7.30 9.34 11.61 14.24 15.77 17.08 17.67
11.83 12.34 12.70 12.70 10.95 10.15 9.42 8.69 9.27 10.37 11.10 11.32 10.00 9.56 10.07 11.24 12.70 13.51 13.51 15.62 16.06 13.43 9.56 7.37 7.15 5.91 4.89 4.23 4.09 4.02 4.02 4.09 4.67 6.06 7.08 8.25 7.88 4.89 2.99 1.75 2.70 5.48 7.66 7.66 10.15 11.24 12.26 12.63 12.99 10.15 7.88 5.69 4.16 4.09 4.53 5.55 7.15 8.76 11.02 11.90 13.14 15.18 17.08 17.67 17.52 16.21 14.97 13.43 13.43 12.05 12.41 12.41 12.70 12.56 12.56 11.68 10.88 9.13 8.54 8.03 8.83 12.34 15.70 17.96
11.83 12.34 12.70 12.70 10.95 10.15 9.42 8.69 9.27 10.37 11.10 11.32 10.00 9.56 10.07 11.24 12.70 13.51 13.51 15.62 16.06 13.43 9.56 7.37 7.15 5.91 4.89 4.23 4.09 4.02 4.02 4.09 4.67 6.06 7.08 8.25 7.88 4.89 2.99 1.75 2.70 5.48 7.66 7.66 10.15 11.24 12.26 12.63 12.99 10.15 7.88 5.69 4.16 4.09 4.53 5.55 7.15 8.76 11.02 11.90 13.14 15.18 17.08 17.67 17.52 16.21 14.97 13.43 13.43 12.05 12.41 12.41 12.70 12.56 12.56 11.68 10.88 9.13 8.54 8.03 8.83 12.34 15.70 17.96
11.17 11.39 11.46 11.39 11.39 10.29 9.56 9.56 11.46 12.26 10.73 9.20 6.64 6.28 8.03 11.02 12.12 12.78 12.78 14.60 15.91 16.35 14.09 10.22 6.64 5.18 4.02 3.80 3.87 4.23 4.38 4.60 5.18 6.35 9.56 11.68 10.51 7.30 6.13 4.67 4.09 5.11 6.79 6.79 7.37 8.69 8.10 8.10 7.81 7.66 8.32 9.34 8.69 6.79 6.57 6.64 6.64 6.94 7.74 8.83 10.29 11.02 12.63 12.78 14.38 14.97 14.45 14.45 14.45 14.75 14.38 15.11 14.31 12.92 11.90 11.61 12.92 13.36 12.85 12.05 10.00 8.69 9.56 12.48
9.05 9.71 9.93 9.34 9.93 10.66 8.61 10.95 10.95 10.59 9.27 7.96 5.99 5.69 6.64 8.76 11.32 12.92 12.92 13.36 14.31 14.82 14.24 10.95 5.99 4.38 4.45 5.04 5.04 4.89 4.45 4.23 4.31 6.79 9.78 11.32 11.32 9.64 8.40 6.64 5.40 4.96 5.18 5.18 5.91 6.06 5.84 6.13 7.37 7.66 8.47 11.61 12.92 11.02 9.42 9.34 9.49 9.42 8.54 8.69 9.13 10.00 10.80 11.17 11.90 12.78 13.94 14.82 14.82 15.48 15.11 15.70 15.84 15.70 13.87 14.31 16.64 18.69 17.59 15.18 11.97 9.78 8.10 6.64
10.51 10.80 10.51 9.86 10.15 9.49 10.88 10.07 9.78 9.49 8.32 7.15 6.86 7.08 8.83 10.37 12.56 13.51 13.51 14.31 15.40 16.35 13.14 8.40 6.57 6.20 5.91 5.48 4.96 4.16 4.60 4.45 4.23 5.91 7.66 8.40 9.49 9.64 8.47 8.32 8.10 8.03 8.10 8.10 7.74 7.23 5.18 6.28 8.10 10.07 11.39 13.58 13.07 11.39 10.88 10.59 11.97 13.21 11.97 11.53 10.80 10.51 10.51 10.95 12.19 14.24 16.21 18.61 18.61 20.44 19.71 19.35 18.47 19.13 19.64 20.22 20.66 23.58 22.05 18.76 15.11 12.92 11.90 10.51
10.51 10.80 10.51 9.86 10.15 9.49 10.88 10.07 9.78 9.49 8.32 7.15 6.86 7.08 8.83 10.37 12.56 13.51 13.51 14.31 15.40 16.35 13.14 8.40 6.57 6.20 5.91 5.48 4.96 4.16 4.60 4.45 4.23 5.91 7.66 8.40 9.49 9.64 8.47 8.32 8.10 8.03 8.10 8.10 7.74 7.23 5.18 6.28 8.10 10.07 11.39 13.58 13.07 11.39 10.88 10.59 11.97 13.21 11.97 11.53 10.80 10.51 10.51 10.95 12.19 14.24 16.21 18.61 18.61 20.44 19.71 19.35 18.47 19.13 19.64 20.22 20.66 23.58 22.05 18.76 15.11 12.92 11.90 10.51
9.42 10.66 11.32 9.64 9.20 9.93 11.24 11.24 9.93 8.61 8.47 9.20 10.37 12.78 14.09 15.11 16.43 17.01 17.01 18.40 18.03 15.70 13.51 10.00 8.18 7.37 6.86 6.42 5.40 6.20 7.59 8.32 9.34 9.93 10.44 11.39 13.51 13.14 11.75 11.24 11.61 10.88 9.93 9.93 8.98 8.18 8.69 8.91 10.59 11.75 15.26 16.64 15.70 13.29 10.22 9.93 12.92 14.89 15.70 15.70 13.43 12.34 11.46 11.39 12.26 13.80 15.55 17.81 17.81 19.56 21.75 22.63 21.83 20.88 21.39 23.29 23.65 24.38 24.02 22.56 18.03 15.04 13.87 13.14
10.59 12.48 11.24 9.49 9.20 10.51 10.88 10.95 10.22 8.76 11.17 11.97 13.21 16.35 18.47 19.27 19.78 19.13 19.13 19.20 16.35 14.16 11.90 10.44 9.78 8.40 7.52 7.37 8.03 10.88 12.85 14.16 15.48 15.91 15.77 16.64 16.72 16.79 15.33 13.72 13.65 13.21 12.56 12.56 11.61 11.61 12.05 12.85 13.14 14.09 14.45 14.82 14.75 15.04 14.09 11.39 10.95 11.10 10.80 11.24 12.19 13.36 13.94 15.11 15.55 15.55 16.06 17.59 17.59 19.49 20.59 21.17 20.51 20.22 20.22 18.03 15.91 13.43 14.38 15.91 15.77 13.43 10.22 9.93
10.44 10.29 9.78 8.83 9.27 9.20 8.32 7.96 8.91 10.37 10.07 12.34 14.09 15.77 16.57 16.72 16.94 16.28 16.28 14.53 12.48 11.32 11.61 12.41 12.26 10.88 10.15 10.59 12.99 15.84 17.23 19.42 19.93 18.40 17.30 16.43 15.04 14.60 15.11 15.18 14.82 14.75 14.09 14.09 13.14 13.07 13.21 13.36 14.31 15.11 15.33 14.97 14.82 16.06 16.13 15.33 13.51 11.24 9.49 6.94 6.79 7.81 8.40 9.49 12.34 13.80 15.18 15.91 15.91 16.94 18.18 18.25 15.84 14.89 14.67 13.29 8.91 3.14 3.87 10.00 15.18 15.77 15.26 15.70
8.40 8.98 9.56 9.93 9.78 8.61 6.79 4.96 5.18 6.42 7.15 9.64 10.37 11.10 12.12 11.17 11.68 13.14 13.14 13.21 12.48 11.90 12.19 13.14 13.51 14.60 13.80 12.41 13.72 15.99 16.94 19.64 19.42 16.35 14.97 13.29 11.97 12.70 14.16 15.26 15.04 14.53 13.21 13.21 13.80 14.24 14.67 15.99 14.67 14.31 15.55 14.82 13.51 13.94 15.99 15.77 14.09 11.32 8.69 7.01 7.59 8.32 7.88 7.45 8.40 12.48 15.77 16.86 16.86 17.59 17.59 16.50 13.51 11.53 10.73 11.10 7.96 3.21 3.87 7.96 11.97 13.58 14.82 16.06
8.40 8.98 9.56 9.93 9.78 8.61 6.79 4.96 5.18 6.42 7.15 9.64 10.37 11.10 12.12 11.17 11.68 13.14 13.14 13.21 12.48 11.90 12.19 13.14 13.51 14.60 13.80 12.41 13.72 15.99 16.94 19.64 19.42 16.35 14.97 13.29 11.97 12.70 14.16 15.26 15.04 14.53 13.21 13.21 13.80 14.24 14.67 15.99 14.67 14.31 15.55 14.82 13.51 13.94 15.99 15.77 14.09 11.32 8.69 7.01 7.59 8.32 7.88 7.45 8.40 12.48 15.77 16.86 16.86 17.59 17.59 16.50 13.51 11.53 10.73 11.10 7.96 3.21 3.87 7.96 11.97 13.58 14.82 16.06
6.86 9.34 9.42 10.00 10.29 9.49 6.42 4.89 3.36 3.07 4.23 6.50 5.69 10.22 12.12 11.68 12.99 14.60 14.60 13.58 12.56 11.10 10.44 10.80 12.26 14.53 14.82 13.51 13.72 14.09 15.91 18.18 19.35 19.13 16.06 12.05 10.80 11.39 12.19 13.36 14.89 17.59 18.47 18.47 17.74 18.54 20.15 21.02 20.51 17.16 15.70 15.48 14.82 14.09 13.87 14.24 13.36 11.24 10.44 10.22 12.41 13.72 13.58 11.24 10.15 11.61 13.94 17.16 17.16 19.49 19.56 15.40 11.83 9.78 9.71 8.98 7.15 3.36 4.96 8.54 8.83 7.96 8.10 9.86
7.45 8.69 9.05 10.44 11.68 11.24 8.98 6.42 4.60 4.31 7.08 8.54 8.54 9.05 15.18 14.60 14.89 15.33 15.33 14.53 14.02 13.72 11.68 9.71 10.07 13.36 14.75 15.26 15.62 16.06 16.86 18.76 19.86 20.44 18.40 14.89 10.88 8.69 8.32 9.05 12.41 18.25 22.70 22.70 24.67 23.94 22.70 21.10 20.88 19.42 16.28 14.02 13.43 13.21 12.63 12.99 12.70 12.48 12.92 15.11 17.30 18.54 17.16 15.04 14.45 15.48 18.25 20.44 20.44 20.66 17.96 14.89 10.80 9.20 6.86 4.96 4.96 5.11 4.60 6.28 7.30 7.59 6.20 5.62
8.25 9.42 7.66 9.05 11.68 13.36 13.14 11.17 8.61 8.25 9.34 9.86 8.25 9.34 11.97 10.95 11.10 12.78 12.78 15.11 15.99 15.33 13.58 11.97 11.83 13.07 14.60 15.18 14.97 14.67 13.94 16.43 18.40 19.86 17.52 13.21 8.10 5.11 4.23 4.02 6.13 12.26 21.75 21.75 27.89 27.59 25.19 20.95 18.54 16.94 15.77 14.67 13.51 12.70 13.58 14.97 15.62 15.48 14.89 15.55 17.89 19.86 19.20 18.10 17.01 17.67 19.56 20.51 20.51 18.10 11.46 8.69 5.84 4.82 3.21 2.63 2.19 3.21 4.74 5.77 5.84 5.91 5.40 4.60
7.23 8.25 7.88 10.44 12.63 13.72 14.16 14.02 12.48 12.26 11.90 11.83 13.51 13.65 9.93 9.93 10.51 11.32 11.32 12.85 14.02 14.16 14.53 14.02 14.82 15.04 16.28 16.21 14.97 13.51 11.97 12.19 14.02 17.01 15.26 9.13 3.58 0.00 0.00 2.77 5.11 8.54 14.89 14.89 21.32 23.65 21.83 19.13 17.52 15.91 14.60 14.45 15.11 16.13 17.45 18.40 18.32 17.74 15.91 14.67 15.18 15.84 16.06 16.50 16.28 15.99 16.13 14.82 14.82 11.83 6.42 2.99 0.80 0.73 0.66 0.80 1.46 2.19 2.77 4.45 5.62 5.48 4.96 4.60
8.76 9.93 11.39 10.51 12.19 12.41 12.56 13.65 15.33 17.67 18.10 18.98 21.90 22.78 22.05 18.25 16.21 14.97 14.97 14.53 14.60 16.06 16.79 18.25 19.27 20.22 21.24 20.88 19.64 18.03 13.80 12.05 11.83 13.14 11.68 7.30 3.29 0.00 0.00 0.00 5.04 6.94 8.40 8.40 12.19 12.63 12.85 12.85 12.92 12.34 11.39 11.24 13.07 14.97 17.52 18.69 16.94 14.02 12.34 13.14 12.92 12.99 13.21 14.09 14.16 13.21 12.41 12.05 12.05 10.07 6.79 3.50 1.53 1.46 0.80 0.22 0.80 1.83 2.48 2.63 3.29 4.02 4.09 3.94
8.76 9.93 11.39 10.51 12.19 12.41 12.56 13.65 15.33 17.67 18.10 18.98 21.90 22.78 22.05 18.25 16.21 14.97 14.97 14.53 14.60 16.06 16.79 18.25 19.27 20.22 21.24 20.88 19.64 18.03 13.80 12.05 11.83 13.14 11.68 7.30 3.29 0.00 0.00 0.00 5.04 6.94 8.40 8.40 12.19 12.63 12.85 12.85 12.92 12.34 11.39 11.24 13.07 14.97 17.52 18.69 16.94 14.02 12.34 13.14 12.92 12.99 13.21 14.09 14.16 13.21 12.41 12.05 12.05 10.07 6.79 3.50 1.53 1.46 0.80 0.22 0.80 1.83 2.48 2.63 3.29 4.02 4.09 3.94
10.51 11.02 11.61 12.56 13.58 12.85 13.29 12.70 17.23 19.64 19.86 21.10 21.90 22.19 22.92 21.90 22.56 17.96 17.96 16.43 14.97 16.21 17.52 18.98 20.81 21.83 21.83 21.10 20.59 18.98 16.06 12.05 9.20 8.10 6.35 3.36 0.00 0.00 0.00 0.00 2.41 2.99 2.34 2.34 3.65 6.72 7.59 8.61 8.83 7.88 7.37 7.74 7.81 8.61 9.78 11.17 10.80 9.49 8.40 9.34 10.80 11.53 12.48 13.80 14.67 13.80 10.88 10.37 10.37 12.85 13.51 10.59 6.79 4.60 3.14 1.02 0.73 1.02 1.75 3.14 2.70 1.90 1.68 1.75
12.05 12.70 14.16 15.62 18.03 19.42 26.65 20.08 22.34 22.27 21.10 19.93 18.91 18.76 18.61 19.05 20.88 19.20 19.20 17.01 18.98 20.59 21.61 22.57 21.50 22.26 19.61 19.64 20.44 20.66 17.67 12.19 8.54 6.06 3.29 1.46 0.73 0.37 0.80 1.90 2.04 2.41 3.36 3.36 2.63 4.74 7.96 8.69 6.79 5.55 4.96 5.62 6.79 6.50 6.13 5.77 5.55 5.04 6.86 9.13 10.29 10.73 11.32 12.99 14.24 13.80 11.53 9.93 9.93 10.95 13.07 12.19 9.93 7.59 5.48 3.87 2.04 1.68 1.39 2.41 2.99 2.12 0.95 0.88
17.23 18.10 19.05 21.46 22.56 20.81 27.81 27.59 24.02 14.24 11.61 16.06 16.13 13.07 11.53 15.77 20.37 18.83 18.83 24.60 24.82 25.26 25.26 26.42 28.16 22.72 23.03 22.50 22.27 21.83 19.35 14.67 10.95 8.83 6.13 3.94 2.41 2.48 3.29 3.72 3.58 3.65 3.72 3.72 2.99 3.14 5.55 7.52 6.79 4.96 3.72 4.23 4.53 4.60 5.04 4.89 4.67 5.40 7.01 8.69 11.97 11.61 10.59 11.10 11.10 12.12 12.92 12.12 12.12 12.05 11.68 11.75 10.66 8.91 7.59 6.28 4.60 3.87 3.07 1.46 0.80 0.29 0.15 0.37
21.75 20.81 20.37 21.61 23.58 24.16 25.26 24.02 20.73 14.02 7.59 4.45 1.83 1.39 6.50 12.26 17.81 21.83 21.83 22.05 21.61 21.49 22.50 23.63 24.13 24.59 25.11 23.74 23.41 22.05 20.22 18.10 16.94 15.70 13.21 10.80 10.22 9.05 6.72 5.55 4.67 4.96 5.40 5.40 4.38 0.00 0.00 6.50 7.74 7.37 7.08 5.69 3.43 3.14 3.50 3.80 3.87 3.94 4.67 7.30 11.61 14.75 15.11 13.87 13.43 12.99 15.77 17.59 17.59 17.01 15.26 13.43 11.53 10.66 10.07 9.78 7.66 4.89 3.94 3.14 2.34 0.80 0.29 0.88
21.61 19.78 18.69 19.27 20.37 20.88 23.58 23.21 18.98 13.72 9.13 5.40 1.90 0.00 2.26 7.01 12.12 14.89 14.89 12.77 18.95 11.26 12.42 13.80 17.42 19.20 21.45 24.84 25.96 24.92 23.77 22.27 20.88 20.08 19.93 19.20 17.30 12.85 8.83 5.11 3.21 3.65 5.69 5.69 5.11 2.56 2.56 7.08 10.73 12.85 11.17 7.66 5.18 0.00 0.00 2.12 2.41 2.12 2.92 5.40 9.05 14.09 16.86 20.22 21.39 20.08 21.68 22.05 22.05 20.00 17.23 14.24 11.02 9.20 10.00 9.42 6.50 4.02 3.36 2.70 1.17 0.00 0.00 0.00
21.61 19.78 18.69 19.27 20.37 20.88 23.58 23.21 18.98 13.72 9.13 5.40 1.90 0.00 2.26 7.01 12.12 14.89 14.97 13.18 19.24 12.06 12.11 14.15 17.16 19.20 20.81 23.08 24.26 25.31 24.01 23.19 23.46 21.24 20.44 19.20 17.30 12.85 8.83 5.11 3.21 3.65 5.69 5.69 5.11 2.56 2.56 7.08 10.73 12.85 11.17 7.66 5.18 0.00 0.00 2.12 2.41 2.12 2.92 5.40 9.05 14.09 16.86 20.22 21.39 20.08 21.68 22.05 22.05 20.00 17.23 14.24 11.02 9.20 10.00 9.42 6.50 4.02 3.36 2.70 1.17 0.00 0.00 0.00
17.01 16.79 15.48 15.18 14.31 14.53 16.79 20.59 22.27 21.68 18.32 15.04 9.64 5.91 8.25 12.63 16.57 20.22 20.22 18.54 15.18 12.99 7.63 6.45 7.49 9.22 12.46 15.63 19.42 23.40 25.73 24.51 24.53 24.16 22.28 22.77 20.13 18.03 13.51 8.69 6.57 5.33 4.89 4.89 4.60 4.45 4.09 6.86 12.85 16.79 17.37 13.80 7.15 3.29 2.26 0.00 0.00 0.00 0.00 3.65 5.40 8.83 13.58 20.08 26.13 26.35 24.16 22.41 22.41 18.47 15.26 12.78 8.83 7.23 7.88 7.52 5.18 2.92 2.26 2.12 1.24 1.10 0.00 0.00
13.80 14.53 14.45 12.12 10.73 10.88 12.41 16.43 17.45 21.61 20.22 18.61 15.84 12.34 11.75 15.40 19.56 21.97 21.97 19.96 14.67 16.73 6.35 4.23 3.89 4.22 4.45 9.15 13.93 19.69 22.56 23.36 21.68 24.28 25.86 26.04 23.57 21.64 19.93 18.83 17.23 12.34 6.79 6.79 3.65 4.23 3.72 5.84 9.64 15.33 18.76 16.35 11.75 9.13 6.35 4.74 4.16 3.14 2.41 3.80 3.94 5.11 11.10 19.27 25.55 25.19 22.41 20.95 20.95 17.96 12.12 9.42 7.08 4.96 6.06 5.77 3.50 2.56 2.34 1.68 2.26 2.04 0.00 0.00
14.09 14.97 15.26 15.40 13.87 12.41 13.36 15.62 19.20 16.72 17.52 14.75 12.12 10.44 11.10 14.60 17.16 15.84 15.84 13.80 11.46 9.56 10.29 4.60 4.16 3.36 3.87 8.04 12.13 15.37 20.08 23.21 23.29 23.80 25.36 26.72 29.04 25.48 26.06 27.59 24.24 17.74 10.29 10.29 5.40 3.87 4.16 4.09 4.82 9.05 12.63 14.09 12.34 10.15 8.61 6.42 4.53 3.65 4.53 4.45 3.07 3.72 8.10 12.48 17.74 18.98 17.45 16.06 16.06 13.21 9.93 5.33 2.70 1.31 1.83 3.21 2.48 2.26 2.99 3.29 4.16 4.89 5.04 4.96
13.14 14.97 17.52 18.54 18.40 16.13 17.89 19.49 20.44 18.91 18.98 17.52 15.40 15.18 13.80 14.24 13.36 11.53 11.53 9.71 10.15 10.00 8.69 7.81 7.52 5.48 6.42 7.92 10.73 14.09 18.47 20.66 20.88 22.05 25.04 27.38 29.20 29.58 28.01 28.54 26.57 22.92 17.30 17.30 12.48 8.98 6.64 4.60 4.38 4.96 6.72 7.52 7.59 8.03 7.96 4.31 2.04 0.00 3.50 4.89 3.94 0.00 1.61 5.99 8.91 9.20 8.91 8.10 8.10 6.35 4.16 0.00 0.00 0.44 0.95 1.53 2.04 3.36 3.94 3.80 3.80 4.82 5.33 4.53
9.05 9.05 12.05 14.45 14.24 15.55 16.57 15.18 13.35 13.58 18.03 19.42 19.20 17.45 15.04 11.02 7.88 5.33 5.33 7.66 10.07 11.83 12.99 10.95 10.59 8.25 7.15 7.74 9.71 12.70 16.13 17.08 16.64 17.89 22.19 24.09 24.82 23.73 24.46 25.91 26.05 23.14 20.44 20.44 16.79 14.53 11.90 8.83 7.30 6.20 4.16 3.80 3.07 4.02 5.55 3.87 1.75 1.75 4.16 5.48 4.53 3.14 2.48 2.70 3.14 3.07 2.34 1.97 1.97 0.00 0.00 0.00 0.00 0.00 0.00 0.00 3.14 3.94 4.23 4.89 4.96 4.09 4.02 3.50
6.42 5.04 6.35 7.59 10.22 14.31 16.94 14.82 10.41 7.59 10.22 11.17 13.58 12.41 9.42 4.96 3.43 4.45 4.45 7.66 10.29 13.14 13.87 13.14 14.16 11.46 9.34 8.10 8.97 11.50 14.45 13.79 12.42 11.32 13.07 14.45 14.89 15.78 18.40 19.93 19.02 17.08 17.23 17.23 17.01 17.16 16.57 14.24 11.97 8.61 5.11 3.80 0.00 0.00 2.34 0.00 0.00 0.00 3.29 4.60 5.33 4.38 3.36 2.56 2.56 2.34 0.00 0.00 0.00 0.00 0.00 0.00 0.00 0.00 0.00 0.00 3.29 3.65 4.09 5.18 6.35 5.77 3.87 2.48
6.42 5.04 6.35 7.59 10.22 14.31 16.94 14.82 10.15 7.59 10.22 11.17 13.58 12.41 9.42 4.96 3.43 4.48 4.45 7.66 10.29 13.14 13.87 13.14 14.16 11.46 9.34 8.10 8.83 11.10 13.94 13.72 12.05 11.32 13.13 14.53 14.89 15.70 18.58 19.93 18.83 17.08 17.23 17.23 17.01 17.16 16.57 14.24 11.97 8.61 5.11 3.80 0.00 0.00 2.34 0.00 0.00 0.00 3.29 4.60 5.33 4.38 3.36 2.56 2.56 2.34 0.00 0.00 0.00 0.00 0.00 0.00 0.00 0.00 0.00 0.00 3.29 3.65 4.09 5.18 6.35 5.77 3.87 2.48
10.22 7.74 5.62 4.09 6.13 10.22 15.48 16.90 13.41 9.78 8.76 7.81 10.88 8.83 5.04 2.85 3.50 4.02 4.02 5.84 8.54 10.80 10.80 11.61 14.53 13.14 10.73 11.24 11.90 13.80 14.24 12.34 11.02 9.42 9.71 9.34 8.40 10.37 14.67 14.02 12.99 10.00 11.17 11.17 11.83 12.63 13.07 13.29 13.65 13.14 11.10 6.50 3.14 0.00 0.00 0.00 0.00 0.00 2.99 2.56 3.50 4.02 3.21 0.00 0.00 0.00 0.00 0.00 0.00 0.00 0.00 0.00 0.00 0.00 0.00 0.00 2.04 3.94 5.40 6.64 7.08 6.42 4.89 3.07
