Wansh/Snow_depth/snowdepth-1989/spring/1989073.txt
ncols 321
nrows 161
xllcenter 60
yllcenter 15 
cellsize  0.25 
NODATA_value -1
[rows 0 to 36 of 161, columns 83 to 165 of 321]
15.04 15.26 14.82 14.09 12.12 10.00 8.76 7.23 7.52 8.40 9.86 11.17 11.32 11.75 11.83 13.07 15.11 16.28 17.23 17.23 17.81 16.72 15.84 11.39 8.18 4.89 1.68 0.29 0.29 0.15 1.02 2.12 3.94 6.20 0.00 0.00 0.00 2.63 0.00 0.73 0.73 2.19 4.23 5.62 5.62 5.62 4.53 3.58 3.58 2.70 3.14 4.38 7.96 8.47 8.10 7.52 7.15 7.45 7.81 7.88 7.08 5.11 3.80 2.99 2.48 2.92 2.12 2.56 4.31 4.31 5.48 6.94 10.44 12.56 12.78 11.46 10.88 10.59 12.56 14.16 15.04 15.18 13.43
11.53 11.46 11.61 11.32 9.49 8.32 6.86 6.57 7.23 8.18 9.86 10.37 9.78 8.91 8.32 7.81 9.34 11.61 14.45 14.45 15.91 16.72 16.86 15.33 12.05 8.18 3.80 0.00 2.92 2.12 1.17 1.39 2.19 3.65 4.53 2.41 1.39 0.00 0.00 0.00 0.00 1.75 5.69 10.80 10.80 11.97 11.02 9.05 7.08 4.82 3.43 2.70 3.87 4.53 4.38 4.53 4.89 5.77 6.06 6.64 7.23 6.64 6.86 5.18 5.11 4.82 5.33 5.91 7.23 7.23 8.40 9.64 10.51 12.26 13.36 13.87 14.89 15.62 15.91 16.50 16.57 15.40 15.33
10.00 9.42 8.54 8.25 7.59 7.23 7.96 8.47 9.56 10.51 11.61 12.41 12.05 10.88 8.83 7.01 6.50 6.57 7.52 7.52 9.93 11.90 13.51 15.40 15.26 11.75 8.40 3.43 0.00 2.34 1.97 1.68 1.61 2.04 3.50 4.02 4.31 3.80 3.29 0.15 0.00 4.38 6.50 8.98 8.98 11.17 13.58 15.40 14.24 10.66 7.37 5.62 2.63 2.63 2.70 2.85 3.87 5.69 6.06 7.96 9.49 10.51 10.66 10.73 10.73 10.15 10.37 10.80 12.78 12.78 13.72 13.14 11.90 10.73 11.02 13.72 16.50 17.67 18.54 18.76 17.67 16.86 17.89
10.00 9.42 8.54 8.25 7.59 7.23 7.96 8.47 9.56 10.51 11.61 12.41 12.05 10.88 8.83 7.01 6.50 6.57 7.52 7.52 9.93 11.90 13.51 15.40 15.26 11.75 8.40 3.43 0.00 2.34 1.97 1.68 1.61 2.04 3.50 4.02 4.31 3.80 3.29 0.15 0.00 4.38 6.50 8.98 8.98 11.17 13.58 15.40 14.24 10.66 7.37 5.62 2.63 2.63 2.70 2.85 3.87 5.69 6.06 7.96 9.49 10.51 10.66 10.73 10.73 10.15 10.37 10.80 12.78 12.78 13.72 13.14 11.90 10.73 11.02 13.72 16.50 17.67 18.54 18.76 17.67 16.86 17.89
9.05 8.61 8.25 8.32 7.81 7.37 7.88 9.20 9.34 9.86 10.80 11.68 11.90 11.75 11.24 10.37 9.20 7.01 5.48 5.48 4.89 6.06 7.37 10.37 13.29 13.94 11.90 6.50 1.02 7.15 2.48 1.53 1.53 2.56 3.65 5.11 8.25 8.32 6.79 4.60 3.43 3.58 1.61 2.99 2.99 5.69 9.42 12.78 15.70 15.04 12.34 8.18 5.62 4.16 3.65 2.99 2.92 2.92 3.94 5.99 7.59 9.34 10.66 11.83 12.05 11.75 12.12 13.51 13.80 13.80 13.94 14.16 13.43 12.19 11.53 12.63 13.65 15.91 17.89 17.96 17.45 17.30 17.16
10.15 10.37 10.88 10.95 11.02 10.51 8.83 7.37 7.37 7.74 8.61 10.44 11.83 11.90 11.61 11.68 13.65 14.09 12.56 12.56 9.05 7.01 4.74 6.06 7.37 8.83 8.54 7.37 2.70 5.91 4.38 2.26 2.26 2.70 4.45 6.57 8.40 8.03 4.89 1.53 0.07 1.17 0.00 0.66 0.66 2.63 4.89 8.03 12.48 15.62 13.80 8.91 0.00 4.60 3.87 3.43 3.29 3.58 4.23 5.26 6.35 7.81 10.44 13.36 14.60 15.18 14.38 13.36 11.90 11.90 11.68 12.63 12.56 12.78 12.92 12.12 11.68 11.10 11.61 12.56 12.92 13.43 15.70
11.75 11.39 10.59 10.80 11.10 11.02 10.00 9.93 10.44 10.80 10.88 10.15 10.37 10.66 10.59 11.10 11.53 13.29 14.53 14.53 15.70 14.31 11.02 7.66 5.11 5.11 5.11 4.09 3.14 2.12 3.50 2.92 3.29 3.58 4.38 6.42 7.52 7.08 4.53 1.46 0.73 0.80 2.19 0.00 0.00 4.74 7.01 10.00 12.41 13.21 10.15 0.00 0.00 4.31 3.58 3.72 3.43 5.11 6.50 8.18 8.98 10.73 12.92 15.33 17.37 18.03 16.57 15.33 14.24 14.24 13.43 13.51 13.14 13.94 13.80 13.87 13.72 12.70 11.61 10.88 10.95 11.24 13.72
11.75 11.39 10.59 10.80 11.10 11.02 10.00 9.93 10.44 10.80 10.88 10.15 10.37 10.66 10.59 11.10 11.53 13.29 14.53 14.53 15.70 14.31 11.02 7.66 5.11 5.11 5.11 4.09 3.14 2.12 3.50 2.92 3.29 3.58 4.38 6.42 7.52 7.08 4.53 1.46 0.73 0.80 2.19 0.00 0.00 4.74 7.01 10.00 12.41 13.21 10.15 0.00 0.00 4.31 3.58 3.72 3.43 5.11 6.50 8.18 8.98 10.73 12.92 15.33 17.37 18.03 16.57 15.33 14.24 14.24 13.43 13.51 13.14 13.94 13.80 13.87 13.72 12.70 11.61 10.88 10.95 11.24 13.72
10.44 11.10 10.59 10.15 10.37 10.37 10.07 10.73 11.17 11.83 11.61 10.95 9.05 7.30 7.08 8.47 10.29 11.39 12.78 12.78 13.80 14.24 13.80 10.29 6.28 4.45 2.92 2.19 2.48 2.41 4.74 3.43 3.29 4.02 5.11 7.45 10.29 10.59 7.74 5.69 4.60 3.80 4.02 5.48 5.48 2.19 7.66 7.96 7.37 6.79 6.28 5.69 6.13 6.86 6.86 6.13 6.35 4.53 7.59 8.10 8.91 9.56 11.32 13.36 14.60 14.38 14.97 15.33 15.18 15.18 14.60 14.24 15.11 16.06 15.40 14.24 13.72 14.31 14.67 14.89 13.58 12.26 10.73
8.76 9.42 9.56 8.98 9.27 10.07 10.80 10.59 10.59 11.02 10.07 9.05 7.74 6.28 6.57 8.03 9.93 11.46 11.90 11.90 12.19 12.56 12.05 10.44 7.15 4.38 4.31 3.58 2.92 3.14 4.89 4.67 4.60 4.23 5.69 8.61 10.80 10.73 9.78 8.03 6.79 5.62 4.60 4.82 4.82 5.18 4.31 4.31 4.96 6.42 7.88 8.47 8.61 10.51 10.88 10.15 9.56 8.83 8.47 8.83 8.98 8.98 10.07 11.24 11.53 11.83 12.63 13.65 14.82 14.82 15.48 15.62 16.79 16.86 16.43 14.38 13.72 16.28 19.64 20.81 19.86 16.28 13.21
9.78 10.22 9.86 9.71 9.13 8.91 9.86 11.17 11.83 9.71 9.05 8.61 7.88 8.10 8.69 9.20 10.66 11.68 12.48 12.48 13.07 13.07 11.68 8.25 6.42 4.02 2.99 2.70 2.77 2.34 3.29 4.23 4.31 3.43 3.72 6.94 8.10 8.91 9.42 8.10 6.86 6.35 7.15 7.45 7.45 7.01 7.52 5.55 6.50 7.45 8.32 9.64 10.95 12.78 12.26 10.22 9.05 10.51 11.68 11.39 11.39 11.75 12.99 12.56 11.75 12.26 13.51 15.18 17.08 17.08 19.05 20.08 18.76 17.81 17.81 18.03 18.25 20.66 24.82 25.11 23.00 18.54 15.48
9.78 10.22 9.86 9.71 9.13 8.91 9.86 11.17 11.83 9.71 9.05 8.61 7.88 8.10 8.69 9.20 10.66 11.68 12.48 12.48 13.07 13.07 11.68 8.25 6.42 4.02 2.99 2.70 2.77 2.34 3.29 4.23 4.31 3.43 3.72 6.94 8.10 8.91 9.42 8.10 6.86 6.35 7.15 7.45 7.45 7.01 7.52 5.55 6.50 7.45 8.32 9.64 10.95 12.78 12.26 10.22 9.05 10.51 11.68 11.39 11.39 11.75 12.99 12.56 11.75 12.26 13.51 15.18 17.08 17.08 19.05 20.08 18.76 17.81 17.81 18.03 18.25 20.66 24.82 25.11 23.00 18.54 15.48
9.56 10.07 10.29 9.42 9.56 9.42 9.56 9.71 10.07 10.44 10.15 9.78 9.86 11.17 11.83 12.99 14.02 15.18 16.13 16.13 15.77 13.51 12.26 9.93 7.81 6.28 4.67 3.87 3.29 3.50 1.97 7.15 7.37 6.13 5.48 5.69 8.91 10.80 11.53 10.73 9.49 9.78 10.80 8.83 8.83 7.81 8.25 7.66 6.86 9.20 10.66 12.99 14.60 15.26 14.16 12.34 11.24 12.05 14.60 16.35 15.70 16.35 14.24 12.92 12.70 14.02 14.16 14.75 16.72 16.72 19.35 20.37 21.02 20.81 20.51 21.10 23.51 25.40 26.94 26.65 24.02 19.64 17.52
9.93 10.29 10.59 10.44 9.13 8.91 9.86 9.93 10.00 10.29 11.02 11.39 12.12 15.04 17.08 17.01 16.28 16.43 15.70 15.70 14.67 13.36 11.83 10.22 8.69 7.30 5.40 5.62 5.91 6.28 5.11 12.48 13.87 15.33 16.28 10.66 12.12 15.04 15.26 14.75 12.99 12.26 12.26 11.75 11.75 10.66 11.17 11.90 10.07 10.95 14.67 15.55 16.35 15.99 15.55 15.48 14.60 12.78 11.83 12.26 11.24 15.11 13.29 13.72 14.24 15.70 16.06 15.91 16.79 16.79 18.18 19.64 21.10 21.32 21.32 21.39 22.41 21.97 20.95 16.43 16.57 15.84 16.21
10.51 11.24 11.24 10.22 9.42 8.61 7.30 7.15 7.81 8.40 10.88 12.70 13.29 13.43 14.24 15.33 15.33 14.82 14.09 14.09 12.99 10.73 10.95 10.73 10.51 10.37 8.61 8.03 10.15 11.46 12.85 13.21 19.93 21.53 19.35 18.32 16.21 15.33 14.09 13.72 12.99 13.87 14.82 14.53 14.53 12.99 12.05 12.99 14.60 16.28 16.86 15.26 16.43 16.06 16.94 18.18 17.45 15.18 13.80 11.75 7.66 7.74 10.22 10.37 11.24 12.41 13.43 14.24 15.40 15.40 16.43 18.47 20.00 19.64 18.03 16.35 15.48 16.21 10.51 4.16 2.77 11.97 16.21
8.98 10.07 10.73 10.95 10.44 10.00 8.54 5.62 4.45 5.69 6.72 8.40 10.15 10.73 10.95 11.24 11.90 12.41 11.97 11.97 11.24 11.53 10.59 11.68 14.24 14.45 13.36 11.24 11.97 13.21 15.40 17.89 20.73 20.59 17.89 16.50 14.31 14.53 11.90 13.14 14.24 14.24 14.16 13.29 13.29 11.68 11.90 13.14 14.60 14.24 13.51 15.33 14.67 13.51 14.53 16.50 16.86 15.62 13.07 9.05 6.28 6.42 7.01 6.94 7.66 8.91 10.66 13.80 15.99 15.99 17.30 18.69 18.76 16.79 13.14 10.73 12.19 13.72 7.23 0.00 1.90 13.21 16.43
8.98 10.07 10.73 10.95 10.44 10.00 8.54 5.62 4.45 5.69 6.72 8.40 10.15 10.73 10.95 11.24 11.90 12.41 11.97 11.97 11.24 11.53 10.59 11.68 14.24 14.45 13.36 11.24 11.97 13.21 15.40 17.89 20.73 20.59 17.89 16.50 14.31 14.53 11.90 13.14 14.24 14.24 14.16 13.29 13.29 11.68 11.90 13.14 14.60 14.24 13.51 15.33 14.67 13.51 14.53 16.50 16.86 15.62 13.07 9.05 6.28 6.42 7.01 6.94 7.66 8.91 10.66 13.80 15.99 15.99 17.30 18.69 18.76 16.79 13.14 10.73 12.19 13.72 7.23 0.00 1.90 13.21 16.43
9.13 9.78 11.39 11.53 11.75 11.68 9.71 6.50 4.02 3.87 4.96 6.42 7.59 10.59 11.97 11.61 11.68 12.12 11.39 11.39 11.02 10.80 10.37 10.07 10.51 12.26 13.07 12.99 12.34 11.83 13.87 17.08 18.83 19.49 18.83 17.37 13.72 11.61 10.22 11.46 12.26 13.36 15.33 14.67 14.67 15.11 15.33 17.16 17.96 19.86 18.47 16.94 15.55 14.45 14.97 14.82 14.31 13.14 11.39 9.56 9.56 10.95 11.53 10.59 11.83 11.53 12.48 13.94 15.99 15.99 18.32 20.15 18.18 14.24 11.97 11.10 12.05 11.02 4.89 1.17 5.69 10.88 10.29
9.49 10.88 12.12 12.70 13.58 14.09 12.63 9.13 6.06 5.04 6.64 7.37 9.05 11.32 14.31 15.91 15.40 15.99 16.72 16.72 14.75 12.41 10.15 8.47 8.61 12.05 13.65 13.87 15.70 16.43 16.79 17.23 19.78 21.24 21.32 20.29 15.99 13.07 10.88 10.15 10.29 12.26 14.67 18.03 18.03 20.88 21.02 21.46 21.68 22.05 20.37 17.96 19.42 14.75 13.36 12.48 12.56 12.34 11.90 12.05 13.14 14.67 17.67 18.69 16.64 14.89 15.04 16.06 18.54 18.54 21.10 22.48 18.32 14.82 10.66 8.69 8.03 5.69 3.36 3.80 6.79 8.10 7.96
8.69 9.64 10.80 11.75 13.58 15.26 16.86 15.26 11.17 8.25 6.79 8.83 9.42 10.07 10.15 10.80 12.12 13.36 15.33 15.33 16.35 16.35 14.82 11.90 10.22 9.71 11.90 13.80 13.43 14.24 14.38 16.72 18.76 18.83 19.42 19.05 15.18 10.73 7.23 4.60 6.79 6.13 11.46 18.98 18.98 25.04 27.67 25.33 23.00 20.44 19.20 17.96 15.77 15.26 13.43 12.48 12.85 14.31 15.04 15.48 15.40 17.01 18.69 18.98 17.30 18.47 17.89 19.64 22.56 22.56 24.45 19.27 13.87 9.13 6.13 4.53 3.65 1.83 2.34 3.80 4.82 6.42 6.64
8.76 10.37 11.90 12.26 13.14 15.55 17.08 18.47 18.32 15.40 13.51 12.05 13.43 14.97 12.92 10.66 9.49 9.86 12.05 12.05 14.24 14.97 14.82 14.31 14.75 14.09 14.31 13.80 13.51 11.17 11.17 11.53 18.03 14.53 17.23 17.08 11.10 6.06 2.56 0.00 0.00 0.00 9.71 15.55 15.55 20.37 23.87 22.70 19.71 17.52 17.30 15.70 15.55 15.55 15.40 16.50 17.45 19.35 18.83 17.30 16.06 15.70 16.21 16.21 15.99 16.72 18.03 20.29 21.24 21.24 16.86 10.80 5.33 2.56 1.24 1.61 1.24 0.37 1.17 2.26 3.29 4.45 5.04
10.44 12.34 13.94 14.16 13.51 13.94 14.16 16.50 18.10 18.61 19.78 19.93 21.90 24.38 23.51 21.24 18.10 16.13 15.48 15.48 15.99 17.67 18.61 19.27 19.35 21.17 23.07 22.78 21.24 17.16 14.45 11.90 14.60 13.14 14.60 13.36 7.59 3.43 0.00 0.00 0.00 0.00 8.54 9.42 9.42 12.05 13.29 13.72 12.78 13.07 12.63 12.12 12.41 13.36 14.89 15.91 19.78 19.35 17.74 14.67 13.07 13.14 12.99 12.56 13.29 14.45 15.11 17.59 13.58 13.58 10.15 6.28 4.60 3.07 1.68 1.31 0.73 0.29 0.73 1.83 1.97 2.70 3.29
10.44 12.34 13.94 14.16 13.51 13.94 14.16 16.50 18.10 18.61 19.78 19.93 21.90 24.38 23.51 21.24 18.10 16.13 15.48 15.48 15.99 17.67 18.61 19.27 19.35 21.17 23.07 22.78 21.24 17.16 14.45 11.90 14.60 13.14 14.60 13.36 7.59 3.43 0.00 0.00 0.00 0.00 8.54 9.42 9.42 12.05 13.29 13.72 12.78 13.07 12.63 12.12 12.41 13.36 14.89 15.91 19.78 19.35 17.74 14.67 13.07 13.14 12.99 12.56 13.29 14.45 15.11 17.59 13.58 13.58 10.15 6.28 4.60 3.07 1.68 1.31 0.73 0.29 0.73 1.83 1.97 2.70 3.29
12.41 12.26 13.29 15.48 16.50 15.48 14.31 15.33 17.81 19.27 19.71 20.66 21.61 22.78 25.48 25.77 23.58 21.53 19.35 19.35 17.74 17.74 19.93 20.59 21.39 22.56 22.85 22.27 21.53 19.64 17.52 13.87 10.37 11.02 9.56 6.42 4.31 2.19 0.00 0.00 0.00 3.21 0.00 2.70 2.70 3.72 5.18 6.28 8.03 8.76 8.03 7.74 7.59 7.74 9.27 10.88 11.83 11.10 10.07 8.25 8.32 10.37 11.75 11.83 13.21 14.31 14.24 14.16 13.58 13.58 8.98 10.59 11.46 9.42 7.15 5.33 3.36 1.31 0.80 1.39 0.66 1.68 2.56
16.35 15.26 15.84 17.52 18.83 19.13 19.27 20.44 21.68 23.00 22.12 22.12 20.81 19.49 18.69 20.29 21.24 21.32 20.00 20.00 20.15 20.81 21.75 21.90 21.45 20.91 22.99 20.72 20.73 19.27 16.57 12.92 9.56 7.15 6.79 3.87 0.00 0.00 0.00 0.00 0.00 0.00 1.83 0.00 0.00 0.00 3.50 5.55 8.54 8.25 5.33 4.23 5.04 5.62 6.35 6.86 8.10 5.26 5.84 5.99 7.30 10.95 11.68 11.53 12.48 13.72 13.80 11.39 12.63 12.63 10.95 14.24 14.97 11.46 8.98 7.23 4.16 2.92 1.90 1.83 2.19 3.29 2.92
20.88 19.56 20.66 22.48 23.87 24.89 25.77 26.43 27.23 24.97 21.90 18.40 18.03 16.28 14.31 16.28 19.93 23.73 25.26 25.26 26.35 26.28 27.38 27.74 26.88 28.77 24.43 23.73 22.65 22.63 21.46 17.74 14.09 5.33 10.29 7.45 3.21 2.85 3.43 3.87 4.74 4.16 3.43 3.50 3.50 2.70 3.36 5.11 7.37 6.06 4.09 3.43 4.45 4.38 4.96 5.11 4.82 5.26 5.69 6.50 8.40 11.17 11.53 11.17 11.39 11.83 10.37 10.51 10.07 10.07 10.15 11.83 12.12 11.10 10.15 7.30 5.91 5.33 4.67 4.02 3.65 2.92 1.61
24.60 22.92 21.75 21.75 23.87 25.92 27.45 27.45 25.33 19.71 14.45 11.39 8.91 7.37 7.81 9.64 14.60 22.19 23.58 23.58 24.16 24.24 26.90 28.75 28.22 28.29 27.76 27.11 25.88 25.21 22.72 19.93 18.47 9.20 15.91 12.85 11.32 9.42 9.49 8.76 6.94 4.02 3.94 4.82 4.82 3.21 2.92 3.21 4.67 5.69 6.50 6.13 4.82 3.80 2.70 2.92 4.16 4.89 4.31 5.40 6.20 10.22 12.78 13.94 14.60 12.63 10.80 13.07 15.91 15.91 17.74 12.99 14.97 13.87 12.34 11.39 10.22 9.34 7.15 4.82 4.09 2.77 1.02
23.21 22.27 20.59 19.78 18.83 21.10 24.60 26.28 25.40 20.37 13.65 6.06 2.19 0.00 2.34 5.77 10.15 14.16 14.02 14.02 11.54 9.88 13.56 17.91 20.66 23.79 26.35 29.28 31.34 30.86 27.43 26.49 25.19 24.53 15.33 21.61 22.48 20.08 17.30 12.12 8.40 4.60 4.16 5.55 5.55 5.62 5.48 2.41 6.64 10.15 11.24 10.51 8.83 5.84 2.63 1.46 2.41 3.21 4.31 2.56 5.04 8.98 13.07 15.99 17.96 18.54 17.89 20.81 21.39 21.39 21.32 19.05 19.64 14.75 12.19 10.88 11.02 10.00 7.23 4.38 3.94 3.07 1.68
23.21 22.27 20.59 19.78 18.83 21.10 24.60 26.28 25.40 20.37 13.65 6.06 2.19 0.00 2.34 5.77 10.15 14.16 14.02 14.09 11.92 10.03 14.52 17.46 21.19 23.43 26.35 28.40 29.13 28.83 27.85 26.75 26.23 27.56 16.22 22.16 22.48 20.08 17.30 12.12 8.40 4.60 4.16 5.55 5.55 5.62 5.48 2.41 6.64 10.15 11.24 10.51 8.83 5.84 2.63 1.46 2.41 3.21 4.31 2.56 5.04 8.98 13.07 15.99 17.96 18.54 17.89 20.81 21.39 21.39 21.32 19.05 19.64 14.75 12.19 10.88 11.02 10.00 7.23 4.38 3.94 3.07 1.68
18.03 18.25 17.23 14.67 12.56 13.21 17.45 23.00 28.32 27.96 23.58 18.10 11.10 7.37 7.59 12.19 15.77 19.05 17.52 17.52 13.36 8.40 5.18 4.62 5.71 7.94 11.50 17.33 23.33 29.05 29.05 26.99 25.80 28.27 27.15 25.59 25.87 24.04 20.44 15.26 11.39 7.15 6.20 6.50 6.50 6.13 5.40 4.89 8.40 12.05 16.21 16.79 14.38 7.88 4.09 2.56 2.04 1.97 0.00 1.68 2.92 5.69 8.91 11.75 17.37 23.07 26.06 24.38 23.94 23.94 21.46 18.18 18.98 12.41 10.22 8.69 9.86 8.03 4.96 3.36 3.14 2.56 1.53
14.09 14.45 15.04 13.72 11.97 9.71 9.13 11.97 17.74 21.39 22.70 21.90 19.49 15.18 13.21 15.26 19.71 22.19 22.12 22.12 17.75 12.41 7.78 4.31 3.29 3.30 3.56 6.64 10.52 17.21 24.33 25.92 24.31 23.80 28.15 27.57 27.38 25.42 23.77 20.51 17.45 18.83 12.92 5.84 5.84 4.38 4.60 5.62 5.55 8.61 14.31 17.89 18.03 13.58 8.98 6.42 4.38 3.43 3.72 3.87 0.00 5.04 6.20 9.05 16.79 25.19 27.08 24.09 22.85 22.85 20.59 16.21 10.44 14.24 6.72 6.42 7.01 5.11 3.14 2.56 1.68 1.90 2.26
15.55 15.55 16.06 15.84 14.82 13.43 13.29 13.72 16.21 18.61 16.50 13.58 12.41 12.12 11.68 12.12 12.63 14.31 13.51 13.51 12.12 11.39 8.98 5.91 5.04 4.82 6.06 9.05 11.13 15.22 20.36 23.43 24.31 24.31 24.09 25.20 26.94 29.68 26.50 25.77 26.43 24.31 19.20 13.51 13.51 6.57 4.67 4.23 3.94 4.89 8.25 12.63 14.24 13.58 11.39 8.76 7.01 5.26 4.38 4.16 4.31 4.96 4.60 5.77 13.29 20.51 22.19 20.73 17.89 17.89 14.67 10.66 5.77 3.07 6.86 3.58 2.34 1.97 1.83 2.48 2.70 3.29 4.96
14.89 16.06 18.03 19.20 17.01 13.58 12.41 15.40 19.20 21.83 21.75 19.13 16.50 13.36 11.97 11.83 11.46 10.66 9.27 9.27 9.20 9.93 10.07 9.42 7.66 5.99 5.33 8.18 11.52 15.33 19.20 20.95 22.85 24.31 24.31 25.11 25.26 30.31 30.03 28.75 29.79 27.59 24.09 18.03 18.03 11.68 9.20 6.94 4.16 3.50 5.11 6.35 7.88 8.69 8.10 9.20 7.59 3.50 0.00 3.87 5.77 4.45 2.26 3.58 7.81 10.80 11.83 9.42 10.51 10.51 9.20 4.67 1.46 0.00 0.00 0.95 0.73 1.83 2.34 3.14 3.87 3.58 6.13
9.56 9.71 12.41 16.57 16.64 13.51 9.64 7.15 7.01 10.25 12.99 18.76 20.37 17.30 14.09 10.88 8.03 6.86 7.59 7.59 8.98 11.17 12.41 13.29 12.70 10.73 7.30 5.77 9.36 12.19 15.77 17.89 19.35 19.13 23.07 26.43 25.33 26.06 24.75 24.61 26.43 26.49 23.43 20.15 20.15 18.32 15.11 11.97 9.13 6.86 4.53 4.02 4.09 3.72 4.16 5.91 5.11 0.00 0.00 3.29 5.04 4.74 4.31 3.29 3.80 4.16 3.72 3.58 3.65 3.65 1.97 0.00 0.00 0.00 0.00 0.00 1.02 0.00 3.65 4.60 4.09 4.31 4.96
6.06 3.50 3.72 5.84 9.49 13.65 14.89 11.46 6.72 4.27 3.87 7.30 11.90 14.09 10.07 4.89 2.70 3.43 6.42 6.42 10.66 13.80 14.45 14.89 14.16 14.24 11.39 8.91 8.98 11.86 14.15 13.54 12.69 12.42 13.94 19.71 14.45 20.44 15.93 20.95 21.53 20.35 18.61 18.32 18.32 17.74 16.64 16.28 14.16 11.68 7.96 6.35 3.72 0.00 0.00 3.14 2.77 2.34 0.00 2.34 4.67 5.11 4.82 4.16 2.41 2.56 1.61 1.39 0.00 0.00 0.00 0.00 0.00 0.00 0.00 0.00 0.80 2.70 3.36 2.99 3.72 5.33 5.26
6.06 3.50 3.72 5.84 9.49 13.65 14.89 11.46 6.72 4.16 3.87 7.30 11.90 14.09 10.07 4.89 2.70 3.43 6.46 6.42 10.66 13.80 14.45 14.89 14.16 14.24 11.39 8.91 8.98 11.68 13.65 13.07 12.63 12.05 13.94 19.81 14.53 20.44 15.85 21.16 21.53 20.15 18.61 18.32 18.32 17.74 16.64 16.28 14.16 11.68 7.96 6.35 3.72 0.00 0.00 3.14 2.77 2.34 0.00 2.34 4.67 5.11 4.82 4.16 2.41 2.56 1.61 1.39 0.00 0.00 0.00 0.00 0.00 0.00 0.00 0.00 0.80 2.70 3.36 2.99 3.72 5.33 5.26
8.03 6.79 4.60 3.14 0.00 4.23 10.66 17.30 15.79 10.89 7.45 6.50 7.59 7.66 5.26 3.50 2.26 2.92 3.72 3.72 6.86 11.53 14.02 15.48 15.77 14.82 12.85 12.48 14.09 14.75 13.94 13.07 12.05 11.68 9.56 11.61 9.34 8.40 11.53 14.38 15.26 13.21 12.48 11.17 11.17 11.39 14.02 14.45 12.85 12.99 12.99 12.63 7.59 3.94 0.00 0.00 0.00 0.00 0.00 2.56 3.58 3.72 4.53 4.31 0.00 0.00 0.00 0.00 0.00 0.00 0.00 0.00 0.00 0.00 0.00 0.00 0.00 1.39 1.83 2.85 4.74 6.28 5.84
