Wansh/Snow_depth/snowdepth-1989/spring/1989065.txt
ncols 321
nrows 161
xllcenter 60
yllcenter 15 
cellsize  0.25 
NODATA_value -1
[rows 0 to 36 of 161, columns 166 to 248 of 321]
12.26 11.32 11.02 10.15 6.79 6.35 7.30 7.08 5.99 5.77 5.77 5.77 5.62 5.69 6.13 6.42 6.28 5.91 6.64 8.10 10.59 11.53 10.73 9.93 10.07 10.59 9.56 7.66 2.77 0.00 0.00 0.00 1.02 6.64 12.48 14.31 14.24 14.24 13.58 13.07 14.09 13.94 12.12 9.49 9.05 9.42 9.27 9.64 10.37 11.32 11.24 10.80 10.95 11.75 12.05 13.80 14.60 14.45 16.06 16.79 16.43 15.18 15.18 14.16 14.82 16.79 18.83 19.93 19.35 19.35 19.93 20.73 19.35 18.83 18.25 17.96 18.54 20.08 21.32 23.21 24.31 25.26 26.06
16.50 15.77 13.43 11.61 9.20 8.54 9.20 8.18 5.91 5.48 5.62 5.62 6.06 7.01 7.08 6.79 6.50 6.79 7.23 9.20 10.88 12.34 12.12 10.66 10.29 9.78 8.76 3.21 0.00 0.00 0.00 0.00 2.92 8.32 12.92 13.36 11.97 11.97 11.61 14.02 15.62 16.43 15.62 13.94 13.36 12.85 11.75 11.02 10.37 10.15 10.73 11.02 12.56 14.38 15.70 16.72 17.81 16.21 18.54 18.61 17.59 17.59 17.59 18.18 19.05 19.71 20.44 20.59 21.68 23.43 24.53 21.75 21.39 20.95 20.88 20.37 19.93 20.37 21.53 23.00 23.80 23.87 22.92
20.29 19.86 17.45 15.48 13.65 12.92 12.85 12.41 9.56 6.86 5.69 5.69 6.13 7.08 6.79 6.94 8.10 9.93 10.66 12.12 12.63 12.41 12.12 11.75 10.80 9.64 4.74 0.00 0.00 0.00 0.00 0.00 4.38 9.86 11.39 11.53 10.95 10.95 11.39 13.80 16.57 17.23 16.28 14.09 12.34 11.97 10.95 9.56 8.98 9.56 10.29 11.46 12.85 13.58 14.24 16.72 16.94 16.21 16.13 17.52 16.43 18.54 18.54 19.93 20.66 20.08 20.00 20.73 21.61 22.63 22.19 23.00 22.34 23.21 22.12 21.02 20.29 19.49 19.27 19.64 18.98 19.27 19.27
20.29 19.86 17.45 15.48 13.65 12.92 12.85 12.41 9.56 6.86 5.69 5.69 6.13 7.08 6.79 6.94 8.10 9.93 10.66 12.12 12.63 12.41 12.12 11.75 10.80 9.64 4.74 0.00 0.00 0.00 0.00 0.00 4.38 9.86 11.39 11.53 10.95 10.95 11.39 13.80 16.57 17.23 16.28 14.09 12.34 11.97 10.95 9.56 8.98 9.56 10.29 11.46 12.85 13.58 14.24 16.72 16.94 16.21 16.13 17.52 16.43 18.54 18.54 19.93 20.66 20.08 20.00 20.73 21.61 22.63 22.19 23.00 22.34 23.21 22.12 21.02 20.29 19.49 19.27 19.64 18.98 19.27 19.27
17.67 18.32 18.47 18.61 17.59 16.57 15.26 13.72 11.61 8.40 7.01 7.01 6.72 8.32 9.20 10.22 11.10 13.36 16.28 16.50 14.67 13.07 11.10 10.29 8.54 5.26 0.00 0.00 0.00 0.00 0.00 1.83 7.08 9.42 10.51 11.02 11.46 11.46 12.12 12.26 10.22 9.42 8.47 8.18 7.01 5.77 5.69 5.77 6.94 8.76 10.29 11.24 12.34 13.65 14.75 15.91 16.28 15.48 15.48 17.23 17.67 16.50 16.50 18.10 18.91 19.71 19.20 17.81 14.53 18.98 19.05 20.15 21.02 20.15 21.02 18.03 17.45 16.86 16.57 17.16 17.45 18.25 18.18
16.86 17.67 19.56 20.95 19.71 17.67 16.86 15.11 14.97 13.87 11.61 11.61 10.00 10.44 12.19 13.87 14.67 16.06 16.50 14.75 12.70 9.86 7.59 2.70 0.00 0.00 0.00 0.00 0.00 0.00 4.67 10.07 11.24 10.95 11.46 12.63 12.48 12.48 12.26 10.80 8.10 6.50 5.99 5.62 5.77 5.77 6.28 6.20 8.98 6.64 10.15 12.12 14.16 14.75 15.55 14.31 14.24 14.02 13.58 13.65 16.06 15.26 15.26 14.97 14.02 13.21 13.21 11.61 14.38 13.72 14.67 15.40 15.77 16.28 18.61 15.26 15.26 15.11 15.18 15.91 16.64 17.74 17.74
14.09 16.28 19.27 22.48 22.63 20.00 19.27 17.30 16.35 18.54 18.32 18.32 15.33 14.09 15.33 15.99 16.35 16.35 15.62 12.12 6.64 2.56 0.37 0.00 0.00 0.00 0.00 0.00 0.00 3.21 7.30 11.24 12.56 12.92 13.58 14.82 15.55 15.55 14.53 11.39 9.20 7.81 7.45 8.47 9.13 9.34 11.97 12.56 10.51 12.41 10.07 15.70 16.79 16.72 15.84 13.07 14.02 14.02 13.21 13.14 13.21 12.05 12.05 13.65 13.87 14.09 13.43 11.75 11.24 11.68 12.05 11.83 12.26 12.26 12.41 14.75 11.97 11.68 12.34 12.26 13.07 14.68 17.76
14.09 16.28 19.27 22.48 22.63 20.00 19.27 17.30 16.35 18.54 18.32 18.32 15.33 14.09 15.33 15.99 16.35 16.35 15.62 12.12 6.64 2.56 0.37 0.00 0.00 0.00 0.00 0.00 0.00 3.21 7.30 11.24 12.56 12.92 13.58 14.82 15.55 15.55 14.53 11.39 9.20 7.81 7.45 8.47 9.13 9.34 11.97 12.56 10.51 12.41 10.07 15.70 16.79 16.72 15.84 13.07 14.02 14.02 13.21 13.14 13.21 12.05 12.05 13.65 13.87 14.09 13.43 11.75 11.24 11.68 12.05 11.83 12.26 12.26 12.41 14.75 11.97 13.50 17.02 17.65 17.90 24.94 29.33
10.88 12.85 15.91 18.76 21.68 21.46 19.71 17.30 15.26 15.55 17.59 17.59 17.67 17.96 19.20 17.74 15.33 14.02 10.15 6.28 2.41 0.00 0.00 0.00 0.00 0.00 0.00 0.66 4.96 7.45 9.64 11.53 11.97 12.05 13.21 14.24 14.82 14.82 13.43 10.66 10.37 10.51 11.10 15.40 16.43 18.03 17.16 17.01 17.16 17.81 18.54 12.19 13.14 13.29 12.63 12.41 11.53 11.97 11.83 11.61 11.68 10.37 10.37 10.37 12.05 11.10 11.32 11.02 11.68 11.61 11.10 11.39 12.19 12.41 11.24 10.91 13.47 15.94 16.99 15.93 14.69 19.78 21.37
11.24 10.88 11.24 12.19 14.67 17.30 18.03 16.50 14.38 14.31 14.97 14.97 16.06 18.25 16.28 12.78 9.71 3.36 0.95 0.00 0.00 0.00 0.00 0.00 0.00 0.66 4.96 8.47 10.00 11.02 10.59 10.15 10.37 11.53 11.17 10.95 12.05 12.05 12.85 12.41 14.89 17.81 19.35 20.73 20.59 20.81 20.29 19.71 18.76 19.20 16.72 12.05 11.68 12.70 12.48 11.53 10.95 10.51 10.22 9.86 9.34 8.83 8.83 8.61 8.25 9.42 9.71 10.37 10.37 9.93 9.78 10.07 11.39 12.05 11.87 14.28 14.94 13.73 14.39 17.77 20.95 19.90 19.89
15.62 13.94 11.75 10.59 10.37 11.61 12.99 13.94 13.72 13.43 14.16 14.16 12.56 11.10 7.15 4.74 0.22 0.00 0.00 0.00 0.00 2.26 3.58 5.62 7.59 9.64 10.95 11.75 12.41 12.48 11.46 10.44 10.44 10.15 9.71 12.41 13.80 13.80 15.84 18.98 20.81 22.70 23.36 22.78 21.90 12.70 13.51 13.87 14.31 14.53 14.31 13.14 12.92 11.97 11.61 10.73 9.71 9.49 9.93 9.93 9.05 7.59 7.59 8.91 7.66 7.81 8.03 9.20 9.56 10.07 10.44 11.24 12.26 11.90 11.16 11.12 10.54 13.37 15.19 17.40 16.02 18.09 20.17
15.62 13.94 11.75 10.59 10.37 11.61 12.99 13.94 13.72 13.43 14.16 14.16 12.56 11.10 7.15 4.74 0.22 0.00 0.00 0.00 0.00 2.26 3.58 5.62 7.59 9.64 10.95 11.75 12.41 12.48 11.46 10.44 10.44 10.15 9.71 12.41 13.80 13.80 15.84 18.98 20.81 22.70 23.36 22.78 21.90 12.70 13.51 13.87 14.31 14.53 14.31 13.14 12.92 11.97 11.61 10.73 9.71 9.49 9.93 9.93 9.05 7.59 7.59 8.91 7.66 7.81 8.03 9.20 9.56 10.07 10.44 11.24 12.26 11.90 10.88 10.95 10.22 12.42 13.54 16.11 17.09 18.77 20.17
15.99 14.82 13.72 13.14 11.75 10.00 9.64 9.86 8.54 7.74 6.94 6.94 5.11 1.10 0.00 0.00 0.00 0.00 0.00 0.00 4.67 9.27 9.78 10.22 10.95 11.75 12.92 13.43 13.43 13.51 12.92 14.53 13.87 14.24 14.75 15.70 17.08 17.08 18.47 20.00 21.17 22.70 23.94 23.00 19.78 14.60 12.99 13.36 14.24 14.89 16.13 15.77 13.43 11.97 10.59 9.34 9.13 8.47 8.03 8.18 8.61 8.03 8.03 9.27 9.49 10.15 10.88 9.13 11.68 11.53 12.48 12.85 13.29 12.85 12.26 11.90 10.86 12.38 14.37 13.22 15.56 18.20 19.06
14.75 13.58 13.36 13.65 14.31 13.51 11.68 10.00 7.66 3.94 2.26 2.26 0.07 0.00 0.00 0.00 0.00 0.00 0.00 2.41 6.50 9.05 11.17 12.19 12.70 11.97 15.11 16.35 17.59 17.96 18.25 18.18 17.01 16.50 16.79 16.94 16.57 16.57 17.89 15.11 15.48 15.91 15.62 16.21 16.72 15.62 15.33 15.70 15.62 16.13 16.50 16.79 16.28 14.45 12.85 12.05 10.73 9.93 8.83 8.47 10.00 10.22 10.22 9.86 14.09 15.11 16.13 15.91 15.62 16.43 15.70 15.77 15.48 14.53 13.51 14.44 16.50 16.20 14.11 16.43 15.27 16.06 19.30
15.62 15.77 17.52 18.25 17.67 17.01 15.48 14.60 11.02 8.10 6.28 6.28 4.45 3.36 3.94 2.70 3.14 2.12 3.21 6.42 9.71 12.12 13.43 15.70 17.59 17.37 16.43 15.91 16.64 17.16 17.16 16.86 17.16 16.43 15.55 16.21 16.50 16.50 16.64 13.80 14.82 15.04 14.89 14.24 13.87 14.75 16.57 17.23 18.03 17.89 17.67 17.01 16.86 16.72 17.52 18.03 17.45 15.99 13.51 13.14 12.85 14.45 14.45 14.97 16.57 17.01 16.72 16.94 15.99 18.18 16.72 17.74 18.83 18.54 17.82 20.24 17.75 17.92 17.50 18.93 17.58 16.85 18.81
11.32 16.13 18.91 18.83 17.01 15.18 13.87 13.58 12.05 11.75 11.75 11.75 11.10 10.44 8.98 8.54 8.61 8.32 7.59 8.32 9.49 10.29 12.41 13.80 15.84 17.30 17.08 17.45 16.28 15.55 11.90 12.34 12.48 13.80 14.45 13.87 13.80 13.80 14.38 13.87 13.94 14.38 14.60 14.31 14.24 13.58 13.65 14.16 14.89 16.13 15.62 15.11 15.62 15.48 16.35 16.86 17.52 17.52 16.94 15.91 15.04 15.62 15.62 17.23 17.23 16.94 16.79 15.70 14.60 15.33 16.35 19.78 20.88 20.32 21.99 21.22 22.23 18.60 20.74 18.78 19.06 19.07 19.33
11.32 16.13 18.91 18.83 17.01 15.18 13.87 13.58 12.05 11.75 11.75 11.75 11.10 10.44 8.98 8.54 8.61 8.32 7.59 8.32 9.49 10.29 12.41 13.80 15.84 17.30 17.08 17.45 16.28 15.55 11.90 12.34 12.48 13.80 14.45 13.87 13.80 13.80 14.38 13.87 13.94 14.38 14.60 14.31 14.24 13.58 13.65 14.16 14.89 16.13 15.62 15.11 15.62 15.48 16.35 16.86 17.52 17.52 16.94 15.91 15.04 15.62 15.62 17.23 17.23 16.94 16.79 15.70 14.60 15.33 16.35 19.78 20.88 24.95 20.61 23.06 19.96 23.01 21.04 20.77 19.43 17.20 18.69
9.49 9.93 12.05 13.72 13.14 12.12 11.46 11.02 9.93 9.86 10.37 10.37 10.73 10.07 9.13 9.05 9.71 10.29 9.93 8.83 8.32 9.64 10.22 10.80 12.56 13.14 13.51 13.51 12.48 12.70 10.88 11.90 12.41 12.56 13.43 14.31 14.45 14.45 14.45 14.16 13.43 13.51 13.87 14.09 13.94 12.63 11.10 10.44 10.37 11.10 11.39 11.02 11.46 12.19 13.80 14.38 14.97 15.48 15.33 15.55 16.06 16.86 16.86 15.99 18.54 16.06 16.43 15.48 15.40 16.50 18.61 16.79 21.79 22.35 25.28 24.61 24.78 24.37 22.78 19.50 18.60 20.29 19.14
6.50 6.13 5.33 5.26 5.11 10.00 10.07 9.56 8.25 7.37 7.81 7.81 6.42 6.94 8.40 9.42 9.78 9.56 7.23 6.64 8.03 11.39 12.99 11.17 9.56 8.69 8.32 8.76 9.34 9.93 10.37 11.24 12.48 12.99 12.92 12.99 13.80 13.80 13.65 13.14 13.07 13.14 12.78 11.39 9.56 7.74 5.69 5.40 5.99 7.52 7.81 7.37 8.40 8.47 9.34 11.17 12.19 12.85 14.24 14.31 14.53 13.58 13.58 13.80 15.26 16.28 17.16 17.96 20.44 22.56 22.41 19.08 20.35 24.04 25.38 25.32 25.35 24.74 23.58 22.48 21.90 23.28 19.44
6.42 6.13 5.84 5.26 5.11 6.64 7.37 9.05 8.69 7.88 7.59 7.59 6.42 6.35 8.25 8.91 9.42 9.56 8.47 6.79 7.30 10.00 12.34 13.43 12.19 11.17 10.66 9.20 9.27 9.86 10.15 11.39 12.56 13.36 13.51 13.65 13.36 13.36 12.26 11.75 11.61 10.66 9.78 8.47 5.91 4.53 3.50 3.50 4.82 5.40 5.26 6.13 7.59 8.25 6.50 5.91 9.20 11.10 12.48 13.29 13.94 15.55 15.55 16.94 14.53 17.74 17.89 18.10 20.37 22.34 22.70 22.48 22.27 26.65 28.18 28.76 27.96 28.24 26.37 29.09 30.15 24.26 24.07
6.28 6.50 6.06 4.67 4.89 4.82 4.60 5.91 7.81 7.15 6.35 6.35 5.77 6.28 7.08 8.10 8.25 7.74 6.79 7.15 8.91 10.22 12.34 13.87 13.21 11.83 10.73 10.44 9.78 9.13 10.15 12.34 14.38 14.53 14.31 14.09 13.14 13.14 11.68 9.42 7.59 5.26 4.89 3.36 2.92 3.21 2.19 2.41 2.26 1.83 2.34 1.68 2.04 2.56 3.36 6.06 7.66 10.44 12.05 12.41 13.65 14.67 14.67 16.43 19.27 16.94 17.08 18.83 19.86 20.95 22.41 23.94 25.77 25.40 31.03 31.61 32.79 32.56 34.84 29.86 31.56 27.21 28.10
6.35 6.13 6.86 4.67 4.45 3.87 3.36 3.94 4.82 4.31 4.53 4.53 3.87 4.60 4.96 5.77 4.89 4.23 4.23 6.57 10.51 12.05 12.12 11.46 11.10 10.44 10.07 10.29 11.53 11.68 12.34 14.16 15.18 14.31 12.05 10.66 10.37 10.37 9.05 5.84 3.50 2.92 2.48 2.04 2.12 1.68 1.53 1.39 0.44 0.00 0.44 1.24 1.61 1.68 2.26 4.74 10.29 13.51 15.62 17.30 16.57 14.45 14.45 12.26 12.03 17.30 11.53 14.75 16.43 18.03 20.95 21.75 23.29 26.06 27.16 30.00 31.86 31.63 37.70 32.28 31.81 26.01 20.75
6.35 6.13 6.86 4.67 4.45 3.87 3.36 3.94 4.82 4.31 4.53 4.53 3.87 4.60 4.96 5.77 4.89 4.23 4.23 6.57 10.51 12.05 12.12 11.46 11.10 10.44 10.07 10.29 11.53 11.68 12.34 14.16 15.18 14.31 12.05 10.66 10.37 10.37 9.05 5.84 3.50 2.92 2.48 2.04 2.12 1.68 1.53 1.39 0.44 0.00 0.44 1.24 1.61 1.68 2.26 4.74 10.29 13.51 15.62 17.30 16.57 14.45 14.45 12.26 12.03 17.30 11.53 14.75 16.43 18.03 20.95 21.75 23.29 26.06 27.16 30.00 30.59 31.80 29.28 28.40 26.65 30.28 25.38
4.96 4.38 4.09 3.36 3.07 2.56 2.70 3.50 3.50 2.92 3.58 3.58 3.94 3.43 2.34 2.04 2.48 2.56 2.77 5.04 8.61 10.88 11.24 10.44 9.86 10.88 11.83 12.05 14.24 15.84 15.99 14.89 12.56 10.29 8.25 5.99 4.89 4.89 3.72 1.61 1.68 2.19 1.75 1.31 0.88 0.66 0.37 0.07 0.00 0.00 0.00 0.00 2.12 3.65 3.29 5.48 11.24 14.89 16.06 14.89 12.48 9.64 9.64 8.03 7.74 13.14 7.74 12.26 13.58 14.89 16.21 19.42 21.17 23.43 26.86 25.77 30.37 29.86 29.51 38.65 33.61 29.31 26.55
2.63 2.26 3.07 3.14 3.14 3.21 2.48 2.04 1.90 1.90 2.48 2.48 2.56 1.68 1.02 0.95 1.53 3.43 4.02 5.69 9.27 10.73 11.83 11.39 11.83 12.48 13.21 13.21 15.33 18.32 17.59 14.45 10.80 6.20 3.87 3.14 1.75 1.75 0.95 0.44 0.15 0.00 0.07 0.22 0.00 0.00 0.00 0.00 0.00 0.00 0.00 0.00 0.00 0.00 1.68 3.72 7.74 12.70 13.14 10.15 6.79 4.82 4.82 4.67 5.55 10.88 10.44 13.58 15.40 16.43 17.74 19.64 20.81 23.07 26.65 27.45 31.22 33.73 30.95 31.24 31.77 28.67 29.69
2.63 2.56 3.43 3.58 3.07 2.26 1.53 1.75 1.39 1.53 1.97 1.97 1.83 2.04 2.34 2.04 2.56 4.67 6.06 8.54 10.22 11.97 11.97 12.19 13.21 14.67 15.04 13.58 13.80 15.33 14.89 12.99 8.32 4.02 1.53 0.88 0.00 0.00 0.00 0.00 0.00 0.00 0.00 0.00 0.00 0.00 0.00 0.00 0.00 0.00 0.00 0.00 0.00 0.00 0.00 0.37 0.73 4.45 5.11 6.13 6.79 7.66 7.66 8.54 11.32 13.94 13.36 16.79 18.83 19.27 18.61 21.75 22.63 25.40 29.13 31.85 35.35 35.18 32.90 24.79 25.62 24.71 21.01
2.85 3.21 3.14 3.36 3.07 1.83 0.44 0.58 1.24 1.61 1.02 1.02 2.12 2.63 2.92 3.29 5.04 6.57 7.74 9.42 11.24 10.66 10.37 10.15 10.59 11.46 12.12 9.56 8.40 9.49 8.98 6.86 4.89 2.12 0.88 0.07 0.00 0.00 0.00 0.00 0.00 0.00 0.00 0.00 0.00 0.00 0.00 0.00 0.00 0.00 0.00 0.00 0.00 0.00 0.00 0.00 0.00 0.00 1.46 3.94 6.57 9.34 9.34 10.80 12.19 13.29 19.20 14.67 16.72 17.01 18.61 20.51 24.45 26.72 29.58 30.32 30.26 42.03 30.37 26.97 21.49 19.31 17.94
2.77 2.41 0.00 0.00 0.00 1.75 0.15 0.00 0.00 0.07 0.00 0.00 0.44 1.24 1.61 1.90 3.14 3.72 5.04 5.77 5.77 6.20 6.94 6.64 5.84 4.74 5.40 4.09 3.14 3.36 4.16 3.29 1.31 0.73 0.37 0.44 0.07 0.07 0.00 0.00 0.00 0.00 0.00 0.00 0.00 0.00 0.00 0.00 0.00 0.00 0.00 0.00 0.00 0.00 0.00 0.00 0.00 0.00 0.00 0.58 1.68 4.31 4.31 6.20 6.72 10.15 15.84 11.83 15.55 15.77 16.50 19.71 23.81 28.96 32.89 27.48 27.45 24.19 34.59 19.10 16.60 15.35 15.49
2.77 2.41 0.00 0.00 0.00 1.75 0.15 0.00 0.00 0.07 0.00 0.00 0.44 1.24 1.61 1.90 3.14 3.72 5.04 5.77 5.77 6.20 6.94 6.64 5.84 4.74 5.40 4.09 3.14 3.36 4.16 3.29 1.31 0.73 0.37 0.44 0.07 0.07 0.00 0.00 0.00 0.00 0.00 0.00 0.00 0.00 0.00 0.00 0.00 0.00 0.00 0.00 0.00 0.00 0.00 0.00 0.00 0.00 0.00 0.58 1.68 4.31 4.31 6.20 6.72 10.15 15.84 11.83 15.55 15.77 16.50 19.71 23.93 28.66 29.74 30.62 29.29 28.23 40.15 18.49 17.34 14.91 16.39
2.12 0.00 0.00 0.00 0.00 0.00 0.00 0.00 0.00 0.00 0.00 0.00 0.00 0.00 0.00 0.44 1.39 2.41 2.99 3.50 3.80 3.80 3.72 3.72 2.92 1.90 1.17 1.46 1.68 2.12 2.04 1.61 0.58 0.00 0.00 0.00 0.66 0.66 0.66 0.15 0.00 0.00 0.00 0.00 0.00 0.00 0.00 0.00 0.00 0.00 0.00 0.00 0.00 0.00 0.00 0.00 0.00 0.00 0.00 0.00 0.00 0.00 0.00 0.00 2.49 7.74 15.04 15.04 17.30 16.21 17.24 20.87 25.22 29.86 34.45 32.75 31.11 21.40 26.91 12.69 13.14 11.48 8.61
4.31 4.02 0.00 4.82 3.87 0.00 0.00 0.00 0.00 0.00 0.00 0.00 0.00 0.00 0.00 0.15 1.24 2.12 2.63 3.21 3.29 3.43 3.36 3.58 3.50 2.77 2.48 1.46 1.90 1.90 1.31 0.80 0.66 0.80 0.29 0.00 0.00 0.00 0.00 0.00 0.00 0.00 0.00 0.00 0.00 0.00 0.00 0.00 0.00 0.00 0.00 0.00 0.00 0.00 0.00 0.00 0.00 0.00 0.00 0.00 0.00 0.00 0.00 0.00 2.70 7.59 11.97 17.96 15.26 17.37 21.24 24.45 26.86 29.28 32.76 32.32 24.18 13.20 9.52 10.23 7.82 7.03 5.52
6.64 7.01 6.72 6.13 4.31 3.14 0.00 0.00 0.00 0.00 0.22 0.22 0.44 0.00 0.00 0.00 0.00 0.00 0.00 0.00 3.36 3.72 3.36 3.29 3.87 4.74 4.96 4.45 3.14 0.00 0.58 0.44 0.00 0.00 0.00 0.00 0.00 0.00 0.00 0.00 0.00 0.00 0.00 0.00 0.00 0.00 0.00 0.00 0.00 0.00 0.00 0.00 0.00 0.00 0.00 0.00 0.00 0.00 0.00 0.00 0.00 0.00 0.00 0.51 3.21 8.10 12.05 17.45 12.05 20.44 23.87 26.43 27.16 29.51 31.90 28.46 17.19 12.36 6.51 6.24 6.07 5.22 4.25
6.72 6.86 5.84 5.48 3.65 0.00 0.00 0.00 0.00 0.00 0.00 0.00 0.00 0.00 0.00 0.00 0.00 0.00 0.00 0.00 0.00 0.00 2.34 2.41 3.80 5.11 5.69 5.18 3.36 1.90 0.00 0.00 0.00 0.00 0.00 0.00 0.00 0.00 0.00 0.00 0.00 0.00 0.00 0.00 0.00 0.00 0.00 0.00 0.00 0.00 0.00 0.00 0.00 0.00 0.00 0.37 0.00 0.00 0.00 0.00 0.80 1.68 1.68 4.38 7.45 11.53 15.33 18.32 15.77 20.88 23.36 25.33 26.06 26.91 27.46 19.57 9.77 5.86 4.57 4.14 4.24 3.25 1.99
4.96 5.26 4.31 3.58 0.00 0.00 0.00 0.00 0.00 0.00 0.00 0.00 0.00 0.00 0.00 0.00 0.00 0.00 0.00 0.00 0.00 0.00 0.00 0.00 3.14 4.38 5.11 4.53 3.43 0.00 0.00 0.00 0.00 0.00 0.00 0.00 0.00 0.00 0.00 0.00 0.00 0.00 0.00 0.00 0.00 0.00 0.00 0.22 0.73 1.46 1.61 1.31 1.46 0.88 0.88 1.10 0.51 0.66 1.24 2.48 4.09 5.91 5.91 8.32 11.32 14.75 17.37 19.42 16.13 17.81 21.39 23.65 24.60 22.05 17.36 9.12 4.92 4.26 2.46 1.51 1.42 0.91 0.00
5.26 4.31 3.29 0.00 0.00 0.00 0.00 0.00 0.00 0.00 0.00 0.00 0.00 0.00 0.00 0.00 0.00 0.00 0.00 0.00 0.00 0.00 0.00 0.00 0.00 3.21 3.65 3.80 2.99 2.12 0.00 0.00 0.00 0.00 0.00 0.00 0.00 0.00 0.00 0.00 0.00 0.00 0.00 0.00 0.00 0.00 0.00 0.00 0.00 3.07 4.02 3.87 3.65 3.14 3.29 2.19 2.70 2.48 1.90 2.70 3.80 4.82 4.82 5.48 7.37 9.64 10.73 12.78 17.67 14.82 14.82 21.46 20.44 17.90 10.73 5.51 2.43 1.80 1.32 1.21 0.43 0.00 0.00
5.26 4.31 3.29 0.00 0.00 0.00 0.00 0.00 0.00 0.00 0.00 0.00 0.00 0.00 0.00 0.00 0.00 0.00 0.00 0.00 0.00 0.00 0.00 0.00 0.00 3.21 3.65 3.80 2.99 2.12 0.00 0.00 0.00 0.00 0.00 0.00 0.00 0.00 0.00 0.00 0.00 0.00 0.00 0.00 0.00 0.00 0.00 0.00 0.00 3.07 4.02 3.87 3.65 3.14 3.29 2.19 2.70 2.48 1.90 2.70 3.80 4.82 4.82 5.48 7.37 9.64 10.73 12.78 17.67 14.82 14.82 21.46 20.44 17.81 10.56 5.43 2.43 1.88 1.17 1.16 0.42 0.00 0.00
6.50 5.11 4.23 0.00 0.00 0.00 0.00 0.00 0.00 0.00 0.00 0.00 0.00 0.00 0.00 1.17 0.00 0.00 0.00 0.00 0.00 0.00 0.00 0.00 0.00 0.00 1.90 2.41 2.26 0.00 0.00 0.00 0.00 0.00 0.00 0.00 0.00 0.00 0.00 0.00 0.00 0.00 0.00 0.00 0.00 0.00 1.31 4.31 5.40 4.89 3.94 3.80 5.18 4.89 4.96 4.89 3.21 2.70 1.97 2.99 3.80 3.80 3.80 3.21 2.99 4.53 6.79 9.78 14.24 11.24 13.72 14.53 13.58 11.24 6.64 3.47 1.69 0.84 0.00 0.55 0.00 0.00 0.00
