Wansh/Snow_depth/snowdepth-1989/spring/1989086.txt
ncols 321
nrows 161
xllcenter 60
yllcenter 15 
cellsize  0.25 
NODATA_value -1
[rows 0 to 36 of 161, columns 0 to 83 of 321]
8.47 8.47 11.32 13.65 16.28 16.13 15.33 15.99 17.08 17.23 16.50 16.64 16.50 17.01 17.37 17.30 17.59 17.59 17.08 17.52 17.16 16.86 17.37 18.40 18.25 17.52 17.52 16.86 16.35 14.60 12.78 10.88 10.51 10.37 10.37 10.15 10.22 10.00 9.13 8.40 8.40 7.52 6.57 5.77 5.33 4.45 4.82 4.09 4.67 5.84 7.23 7.23 7.59 6.42 6.79 8.83 9.78 9.49 9.42 9.71 9.42 8.91 9.93 11.97 14.02 14.60 13.36 13.29 13.07 11.61 11.24 11.75 12.05 12.05 11.32 14.09 14.09 14.02 13.58 13.72 18.10 16.86 16.50 17.52
15.77 15.77 15.55 15.70 16.28 17.01 17.08 16.79 17.89 17.74 17.59 16.79 17.01 17.45 17.52 17.01 16.28 15.55 15.33 14.97 14.82 16.13 15.91 15.70 15.55 15.77 15.77 15.48 15.04 14.09 12.92 10.88 9.86 9.64 10.29 11.02 11.24 10.73 9.93 8.83 7.08 5.55 4.82 3.72 2.34 1.90 0.95 1.39 1.46 1.90 3.14 3.14 5.18 6.72 5.69 3.94 5.18 6.28 7.74 6.94 6.72 7.30 7.88 8.76 9.13 9.27 9.49 7.01 6.79 7.45 7.15 10.07 13.07 12.26 12.48 12.70 12.70 12.70 13.65 14.16 12.63 11.46 10.73 15.26
17.81 17.81 16.06 14.97 15.26 18.10 19.35 18.83 18.54 18.03 17.01 16.43 15.04 14.60 14.60 14.31 13.94 13.65 13.58 13.65 13.94 13.94 13.58 13.43 13.51 14.67 14.67 15.11 14.97 14.38 12.63 11.24 9.64 9.05 8.98 9.34 10.44 10.80 9.34 8.25 6.20 3.94 2.70 1.68 0.37 0.00 0.00 0.00 0.00 0.22 1.17 1.17 2.12 3.50 4.09 4.23 4.02 4.45 4.82 5.84 7.23 8.76 9.78 9.64 8.10 7.45 5.18 3.50 3.29 3.58 3.43 4.16 7.08 12.05 12.12 11.90 11.90 12.05 12.12 11.75 11.02 10.15 9.71 9.20
17.81 17.81 16.06 14.97 15.26 18.10 19.35 18.83 18.54 18.03 17.01 16.43 15.04 14.60 14.60 14.31 13.94 13.65 13.58 13.65 13.94 13.94 13.58 13.43 13.51 14.67 14.67 15.11 14.97 14.38 12.63 11.24 9.64 9.05 8.98 9.34 10.44 10.80 9.34 8.25 6.20 3.94 2.70 1.68 0.37 0.00 0.00 0.00 0.00 0.22 1.17 1.17 2.12 3.50 4.09 4.23 4.02 4.45 4.82 5.84 7.23 8.76 9.78 9.64 8.10 7.45 5.18 3.50 3.29 3.58 3.43 4.16 7.08 12.05 12.12 11.90 11.90 12.05 12.12 11.75 11.02 10.15 9.71 9.20
16.72 16.72 15.70 14.60 16.13 17.74 18.61 18.18 17.67 17.30 16.57 15.33 14.53 14.02 13.58 13.21 13.21 13.29 13.65 13.51 13.14 12.99 11.97 11.39 11.75 12.48 12.48 13.51 13.58 13.43 12.85 11.17 10.00 7.66 5.91 4.02 2.92 2.34 1.68 0.00 0.00 0.00 0.00 0.00 0.00 0.00 0.00 0.00 0.00 0.00 0.00 0.00 0.00 0.00 1.17 2.56 3.14 3.94 4.16 3.50 2.70 5.91 8.98 9.27 6.72 4.74 3.07 0.66 0.00 0.00 1.17 2.26 4.45 10.15 9.71 9.86 9.86 10.15 10.00 9.86 9.93 9.49 9.49 9.78
15.91 15.91 16.28 16.43 17.08 19.13 20.08 19.71 18.32 16.79 15.70 15.18 13.51 13.21 13.58 13.14 13.36 13.94 13.94 14.67 14.53 13.36 11.97 11.32 10.95 11.17 11.17 11.53 11.32 11.10 11.02 10.22 9.05 7.30 4.45 2.26 0.00 0.00 0.00 0.00 0.00 0.00 0.00 0.00 0.00 0.00 0.00 0.00 0.00 0.00 0.00 0.00 0.00 0.00 0.00 1.68 4.02 4.96 5.55 6.06 6.79 6.64 8.47 9.42 8.69 6.50 4.82 3.21 0.00 2.56 1.68 1.68 3.14 7.01 7.37 8.03 8.03 8.47 8.40 9.27 10.73 11.02 11.83 11.83
15.18 15.18 16.13 16.79 18.18 18.83 18.32 17.81 16.50 14.97 14.45 14.31 12.78 12.19 12.70 13.43 13.29 13.58 13.58 13.43 13.51 12.63 11.32 11.24 11.53 10.59 10.59 10.22 9.93 9.86 9.34 8.47 8.25 8.32 7.52 5.69 4.31 0.00 0.00 0.00 0.00 0.00 0.00 0.00 0.00 0.00 0.00 0.00 0.00 0.00 0.00 0.00 0.00 1.75 3.50 3.94 5.69 7.37 8.32 8.76 8.54 8.69 6.72 5.33 4.31 4.09 6.28 6.72 6.64 5.48 4.60 3.21 1.02 1.53 5.62 4.89 4.89 5.18 7.37 8.18 9.42 11.17 12.48 12.48
15.18 15.18 16.13 16.79 18.18 18.83 18.32 17.81 16.50 14.97 14.45 14.31 12.78 12.19 12.70 13.43 13.29 13.58 13.58 13.43 13.51 12.63 11.32 11.24 11.53 10.59 10.59 10.22 9.93 9.86 9.34 8.47 8.25 8.32 7.52 5.69 4.31 0.00 0.00 0.00 0.00 0.00 0.00 0.00 0.00 0.00 0.00 0.00 0.00 0.00 0.00 0.00 0.00 1.75 3.50 3.94 5.69 7.37 8.32 8.76 8.54 8.69 6.72 5.33 4.31 4.09 6.28 6.72 6.64 5.48 4.60 3.21 1.02 1.53 5.62 4.89 4.89 5.18 7.37 8.18 9.42 11.17 12.48 12.48
13.94 13.94 15.26 16.06 16.86 16.50 15.55 15.04 14.60 13.14 12.92 12.78 12.05 11.46 11.68 12.78 13.36 13.43 12.85 12.48 12.63 12.48 12.48 12.56 12.92 11.75 11.75 10.51 9.78 10.07 9.34 9.34 8.61 6.64 5.99 5.62 4.74 4.53 4.38 4.09 3.07 0.00 2.04 2.19 0.80 1.24 2.34 1.75 1.10 0.00 0.00 0.00 0.00 0.00 2.48 5.91 7.81 8.40 9.27 10.66 10.22 9.93 7.66 4.67 0.00 2.63 3.65 5.99 7.52 9.56 7.88 4.89 1.97 0.00 0.00 0.00 0.00 1.75 6.50 7.45 8.98 8.76 10.59 12.34
12.99 12.99 13.43 13.51 12.85 12.92 12.05 11.68 11.46 11.90 11.97 11.02 10.95 11.46 12.05 12.70 13.43 13.87 12.78 11.83 11.68 11.83 10.95 11.17 11.24 10.00 10.00 9.78 10.51 11.10 10.66 9.56 8.10 7.08 5.26 3.94 4.02 4.67 5.69 6.64 6.86 7.08 7.37 7.96 7.88 7.45 6.64 5.62 4.89 3.21 0.00 0.00 0.00 0.00 0.00 0.00 2.34 3.21 4.96 5.04 5.48 4.60 5.33 3.72 0.00 0.95 0.37 0.00 1.68 1.68 4.02 5.40 4.23 0.00 0.00 0.00 0.00 0.00 4.16 8.03 8.32 7.96 10.22 11.75
10.22 10.22 10.59 10.95 11.46 11.83 11.68 11.46 11.90 11.83 11.39 11.32 11.32 11.46 11.61 12.19 12.85 14.16 13.87 12.99 11.53 10.29 9.42 7.81 6.94 6.57 6.57 8.25 9.93 10.80 10.07 8.76 7.08 6.20 5.77 5.48 4.67 4.23 4.09 4.60 6.57 8.54 9.71 10.59 10.59 10.22 9.27 6.06 2.48 0.95 0.80 0.80 1.17 0.00 0.00 0.00 0.00 0.00 0.00 0.00 0.00 0.00 0.00 0.00 0.00 0.00 0.00 0.00 0.00 0.00 0.00 2.19 3.07 2.99 0.00 0.00 0.00 0.00 7.59 9.56 11.39 10.59 10.95 12.85
10.22 10.22 10.59 10.95 11.46 11.83 11.68 11.46 11.90 11.83 11.39 11.32 11.32 11.46 11.61 12.19 12.85 14.16 13.87 12.99 11.53 10.29 9.42 7.81 6.94 6.57 6.57 8.25 9.93 10.80 10.07 8.76 7.08 6.20 5.77 5.48 4.67 4.23 4.09 4.60 6.57 8.54 9.71 10.59 10.59 10.22 9.27 6.06 2.48 0.95 0.80 0.80 1.17 0.00 0.00 0.00 0.00 0.00 0.00 0.00 0.00 0.00 0.00 0.00 0.00 0.00 0.00 0.00 0.00 0.00 0.00 2.19 3.07 2.99 0.00 0.00 0.00 0.00 7.59 9.56 11.39 10.59 10.95 12.85
0.00 0.00 6.42 8.47 10.22 12.05 12.63 11.83 11.53 12.26 11.39 11.32 11.24 11.32 11.46 12.05 12.56 12.92 12.63 11.53 10.73 10.15 9.34 9.13 8.47 8.25 8.25 10.29 11.68 11.68 10.88 8.76 7.23 5.40 4.16 4.74 5.55 5.18 4.89 5.55 7.15 8.10 8.47 8.91 10.29 10.59 9.64 6.50 3.94 2.12 1.68 1.68 0.00 0.00 0.00 0.00 0.00 0.00 0.00 0.00 0.00 0.00 0.00 0.00 0.00 0.00 0.00 0.00 0.00 0.00 0.00 0.00 0.00 0.00 1.31 0.00 0.00 0.00 0.00 11.68 12.78 12.85 12.41 10.66
0.00 0.00 0.00 0.00 5.48 9.34 10.51 10.59 11.39 11.46 11.10 11.46 11.61 11.10 11.10 12.05 12.12 11.75 11.17 9.93 9.49 9.56 11.46 12.63 12.56 12.12 12.12 13.29 13.72 11.83 8.76 7.23 6.28 5.62 5.33 5.26 5.99 7.01 7.59 7.81 7.81 7.66 7.88 8.61 9.20 9.78 9.34 8.10 5.04 3.72 3.36 3.36 3.36 2.34 0.00 0.00 0.00 0.00 0.00 0.00 0.00 0.00 0.00 0.00 0.00 0.00 0.00 0.00 0.00 0.00 0.00 0.00 0.00 0.00 0.00 0.00 0.00 0.00 0.00 0.00 11.46 11.83 0.00 0.00
0.00 0.00 0.00 0.00 0.00 2.85 5.84 7.81 9.05 10.59 10.59 10.44 9.34 9.93 11.10 11.61 11.61 10.66 8.91 0.00 0.00 0.00 0.00 0.00 12.85 12.56 12.56 12.92 13.14 11.17 8.03 6.86 6.57 5.77 5.26 5.69 7.01 7.88 8.25 7.96 7.59 7.96 8.69 9.93 9.93 10.07 11.32 11.83 11.17 10.15 8.10 8.10 6.13 4.82 3.14 0.00 0.00 0.00 0.00 0.00 0.00 0.00 0.00 0.00 0.00 0.00 0.00 0.00 0.00 0.00 0.00 0.00 0.00 0.00 0.00 3.72 3.72 7.37 0.00 0.00 0.00 5.18 5.99 0.00
0.00 0.00 0.00 0.00 0.00 0.00 4.89 8.10 9.49 10.29 10.51 9.49 8.83 8.98 9.05 9.13 9.20 8.18 0.00 0.00 0.00 0.00 0.00 0.00 12.99 11.83 11.83 10.59 10.59 9.27 7.96 7.45 7.88 7.01 5.91 5.55 6.20 6.94 7.15 8.03 8.18 8.03 9.20 10.95 12.05 12.12 12.12 12.26 11.97 11.46 10.07 10.07 8.32 7.88 6.57 3.50 0.00 0.00 0.00 0.00 0.00 0.00 0.00 0.00 0.00 0.00 0.00 0.00 0.00 0.00 0.00 0.00 0.00 0.00 0.00 0.73 0.73 7.08 0.00 0.00 0.00 0.00 0.00 0.95
0.00 0.00 0.00 0.00 0.00 0.00 4.89 8.10 9.49 10.29 10.51 9.49 8.83 8.98 9.05 9.13 9.20 8.18 0.00 0.00 0.00 0.00 0.00 0.00 12.99 11.83 11.83 10.59 10.59 9.27 7.96 7.45 7.88 7.01 5.91 5.55 6.20 6.94 7.15 8.03 8.18 8.03 9.20 10.95 12.05 12.12 12.12 12.26 11.97 11.46 10.07 10.07 8.32 7.88 6.57 3.50 0.00 0.00 0.00 0.00 0.00 0.00 0.00 0.00 0.00 0.00 0.00 0.00 0.00 0.00 0.00 0.00 0.00 0.00 0.00 0.73 0.73 7.08 0.00 0.00 0.00 0.00 0.00 0.95
0.00 0.00 0.00 0.00 0.00 5.04 6.35 8.47 9.71 9.64 9.93 9.49 8.76 8.40 0.00 0.00 0.00 0.00 0.00 0.00 0.00 0.00 0.00 0.00 14.60 11.83 11.83 10.59 9.78 8.98 8.69 9.05 8.40 7.52 6.35 6.64 7.52 8.10 8.18 7.59 8.76 9.64 10.73 12.26 12.56 12.70 13.58 12.78 11.53 10.88 10.59 10.59 10.22 9.64 8.47 6.20 2.34 0.00 0.00 0.00 0.00 0.00 0.00 0.00 0.00 0.00 0.00 0.00 0.00 0.00 0.00 0.00 0.00 0.00 0.00 3.72 3.72 4.96 6.06 0.00 0.00 0.00 0.00 0.00
7.01 7.01 6.06 5.99 6.50 7.08 7.37 7.74 0.00 0.00 0.00 0.00 0.00 0.00 0.00 0.00 0.00 0.00 0.00 0.00 0.00 0.00 0.00 0.00 0.00 12.41 12.41 10.66 9.56 9.78 10.73 11.10 10.88 10.37 9.93 9.56 9.93 10.22 10.37 11.10 10.88 11.53 13.14 14.53 14.75 15.18 14.97 13.94 12.41 10.88 9.86 9.86 10.00 10.59 11.97 12.12 10.22 4.23 1.53 0.00 0.00 0.00 0.00 0.00 0.00 0.00 0.00 0.00 0.00 0.00 0.00 0.00 0.00 0.00 0.00 0.00 0.00 0.00 0.00 0.00 0.00 0.00 0.00 0.00
0.00 0.00 0.00 0.00 0.00 0.00 0.00 0.00 0.00 0.00 0.00 0.00 0.00 0.00 0.00 0.00 0.00 0.00 0.00 0.00 0.00 0.00 0.00 0.00 0.00 11.53 11.53 11.02 11.02 11.17 11.90 12.56 12.12 10.73 10.15 11.10 12.56 13.21 13.43 13.58 13.58 13.80 15.04 16.28 16.72 16.57 16.79 17.16 16.28 14.53 12.05 12.05 10.00 9.78 11.39 13.80 14.16 12.70 10.88 9.05 4.60 2.56 0.00 0.00 0.00 0.00 0.00 0.00 0.00 0.00 0.00 0.00 0.00 0.00 0.00 0.00 0.00 0.00 0.00 0.00 0.00 0.00 0.00 0.00
0.00 0.00 0.00 0.00 0.00 0.00 0.00 0.00 0.00 0.00 0.00 0.00 0.00 0.00 0.00 0.00 0.00 0.00 0.00 0.00 0.00 0.00 0.00 0.00 11.17 11.53 11.53 11.75 11.10 11.17 12.12 11.39 11.10 11.46 10.51 10.80 13.07 14.60 15.33 15.11 15.04 15.70 16.21 16.57 18.03 19.56 19.86 18.69 17.89 14.82 10.07 10.07 8.47 8.98 11.24 12.48 12.19 10.59 10.15 8.98 8.32 5.04 2.56 0.00 0.00 0.00 0.00 0.00 0.00 0.00 0.00 0.00 0.00 0.00 0.00 0.00 0.00 0.00 0.00 0.00 0.00 1.90 0.00 0.00
0.00 0.00 0.00 0.00 0.00 0.00 0.00 0.00 0.00 0.00 0.00 0.00 0.00 0.00 0.00 0.00 0.00 0.00 0.00 0.00 0.00 0.00 0.00 12.41 12.26 13.07 13.07 12.41 11.24 10.51 10.51 9.56 9.34 10.07 10.80 11.97 12.92 14.16 15.04 15.77 16.13 16.79 17.16 18.10 19.86 20.73 20.88 19.93 18.54 14.97 10.22 10.22 7.59 10.00 11.68 12.92 12.34 9.71 4.38 3.07 1.61 0.00 0.00 0.00 0.00 0.00 0.00 0.00 0.00 0.00 0.00 0.00 0.00 0.00 0.00 0.00 0.00 0.00 0.00 0.00 0.00 0.00 0.00 0.00
0.00 0.00 0.00 0.00 0.00 0.00 0.00 0.00 0.00 0.00 0.00 0.00 0.00 0.00 0.00 0.00 0.00 0.00 0.00 0.00 0.00 0.00 0.00 12.41 12.26 13.07 13.07 12.41 11.24 10.51 10.51 9.56 9.34 10.07 10.80 11.97 12.92 14.16 15.04 15.77 16.13 16.79 17.16 18.10 19.86 20.73 20.88 19.93 18.54 14.97 10.22 10.22 7.59 10.00 11.68 12.92 12.34 9.71 4.38 3.07 1.61 0.00 0.00 0.00 0.00 0.00 0.00 0.00 0.00 0.00 0.00 0.00 0.00 0.00 0.00 0.00 0.00 0.00 0.00 0.00 0.00 0.00 0.00 0.00
0.00 0.00 0.00 0.00 0.00 0.00 0.00 0.00 0.00 0.00 0.00 0.00 0.00 0.00 0.00 0.00 0.00 0.00 0.00 18.18 17.52 16.86 15.40 13.94 12.70 12.48 12.48 11.83 10.44 10.29 10.59 11.39 11.24 11.39 11.53 12.26 12.99 13.43 14.60 15.40 16.50 16.86 17.52 17.23 17.89 20.22 21.39 20.73 19.93 18.10 14.89 14.89 13.29 12.48 14.38 15.40 15.84 12.70 8.76 5.04 1.90 0.00 2.41 2.04 1.17 0.95 0.00 0.00 0.07 0.00 0.00 0.00 0.00 0.00 0.00 0.00 0.00 0.00 0.00 0.00 0.00 0.00 0.00 0.00
0.00 0.00 0.00 0.00 0.00 0.00 0.00 0.00 0.00 0.00 0.00 0.00 0.00 0.00 0.00 0.00 22.41 21.46 19.86 18.40 17.08 15.33 14.60 13.36 12.34 12.26 12.26 11.68 10.37 10.29 11.61 12.85 13.87 14.24 13.43 13.43 13.29 13.07 13.94 15.04 16.57 17.96 18.61 18.47 18.25 20.08 21.02 20.29 19.78 19.56 18.03 18.03 16.50 15.26 16.64 17.16 16.64 15.48 14.60 12.05 9.27 8.76 8.83 7.66 8.76 9.34 9.56 8.10 8.25 8.54 7.66 6.64 7.88 5.48 3.87 1.17 1.17 0.00 0.00 0.00 0.00 3.87 7.81 7.59
0.00 0.00 0.00 0.00 0.00 0.00 0.00 0.00 0.00 0.00 0.00 0.00 0.00 0.00 21.32 22.70 23.21 21.90 20.37 18.32 15.99 14.45 12.78 12.63 12.41 11.39 11.39 9.71 9.42 10.73 12.56 14.53 17.01 16.72 15.62 14.31 12.85 13.58 14.75 15.77 16.86 18.18 18.61 19.20 19.20 19.27 20.15 19.64 18.10 17.52 18.32 18.32 17.89 17.23 18.98 18.47 18.47 18.10 17.67 18.25 17.01 16.43 17.89 17.74 17.67 16.64 17.37 17.30 16.21 16.86 17.52 18.69 18.25 18.03 15.48 11.39 11.39 5.33 0.00 3.07 2.99 7.23 12.63 13.80
0.00 0.00 0.00 0.00 0.00 0.00 0.00 0.00 0.00 0.00 0.00 0.00 24.38 22.78 22.12 22.56 22.56 21.97 20.44 0.00 0.00 0.00 13.58 13.43 12.05 9.71 9.71 9.05 9.93 11.61 14.53 17.30 18.25 17.67 16.79 15.26 14.38 14.16 15.40 16.57 17.67 19.05 20.00 21.24 0.00 0.00 0.00 14.09 14.31 14.89 17.89 17.89 20.73 21.61 21.39 20.66 19.78 20.37 20.51 21.17 20.88 19.49 18.10 20.44 21.83 21.97 21.46 20.37 20.15 19.78 19.71 20.81 23.07 23.07 21.17 18.18 18.18 15.11 1.24 8.18 6.86 10.00 16.64 17.74
0.00 0.00 0.00 0.00 0.00 0.00 0.00 0.00 0.00 0.00 24.02 24.31 22.92 19.35 19.35 19.86 20.73 21.68 22.19 0.00 17.89 17.01 15.48 14.16 11.39 8.69 8.69 10.00 12.99 15.33 14.31 15.40 19.86 21.32 19.27 17.30 17.16 15.84 15.62 15.84 15.40 0.00 0.00 19.49 20.81 17.59 12.85 12.70 13.80 14.02 16.43 16.43 18.18 20.37 21.90 23.58 23.87 23.80 23.36 21.97 20.95 19.78 18.47 18.40 20.15 21.68 21.83 21.39 21.97 19.78 18.47 18.32 18.69 18.91 20.15 18.40 18.40 17.16 14.60 6.86 11.68 13.21 15.91 15.48
0.00 0.00 0.00 0.00 0.00 0.00 0.00 0.00 0.00 0.00 24.02 24.31 22.92 19.35 19.35 19.86 20.73 21.68 22.19 0.00 17.89 17.01 15.48 14.16 11.39 8.69 8.69 10.00 12.99 15.33 14.31 15.40 19.86 21.32 19.27 17.30 17.16 15.84 15.62 15.84 15.40 0.00 0.00 19.49 20.81 17.59 12.85 12.70 13.80 14.02 16.43 16.43 18.18 20.37 21.90 23.58 23.87 23.80 23.36 21.97 20.95 19.78 18.47 18.40 20.15 21.68 21.83 21.39 21.97 19.78 18.47 18.32 18.69 18.91 20.15 18.40 18.40 17.16 14.60 6.86 11.68 13.21 15.91 15.48
0.00 0.00 0.00 0.00 0.00 0.00 0.00 0.00 0.00 0.00 19.86 15.84 13.72 13.07 13.29 14.67 16.94 18.18 20.51 18.76 16.06 16.35 15.18 12.48 0.00 0.00 0.00 14.75 19.27 18.54 14.53 14.45 20.00 23.94 22.48 21.53 19.35 17.08 14.89 0.00 0.00 0.00 0.00 19.64 20.00 18.25 16.13 13.80 14.31 15.99 17.59 17.59 18.98 19.86 21.61 23.58 25.70 26.35 25.77 22.70 20.22 19.42 19.93 20.51 21.61 23.00 24.31 22.56 20.81 20.08 16.35 13.65 10.15 8.40 10.22 10.88 10.88 11.53 12.05 12.26 12.99 12.05 11.24 0.00
0.00 0.00 0.00 0.00 0.00 0.00 0.00 0.00 0.00 0.00 0.00 0.00 7.01 7.23 6.06 5.99 0.00 10.15 14.31 12.78 10.80 11.90 12.85 0.00 0.00 0.00 0.00 16.13 21.02 22.70 20.00 17.89 19.13 22.63 24.09 23.07 20.88 18.83 0.00 0.00 0.00 0.00 21.02 21.32 21.46 20.08 17.89 17.08 17.52 18.25 19.27 19.27 20.44 21.83 23.21 25.11 27.45 28.32 27.38 25.77 23.00 20.81 20.15 20.51 19.78 20.37 18.76 17.16 15.55 11.75 10.66 6.79 3.29 0.15 0.00 0.00 0.00 0.00 0.07 8.83 4.53 5.26 4.96 0.00
0.00 0.00 0.00 0.00 0.00 0.00 0.00 13.14 0.00 0.00 0.00 0.00 0.00 0.00 0.00 0.00 0.00 1.46 3.72 4.23 4.67 7.88 10.07 0.00 0.00 0.00 0.00 15.84 20.00 21.39 20.22 18.83 19.56 20.59 21.53 19.49 0.00 0.00 0.00 0.00 0.00 0.00 0.00 21.61 23.36 22.41 20.66 19.86 20.37 19.71 20.73 20.73 23.51 25.04 26.21 27.23 27.74 26.35 24.31 22.48 18.25 16.06 14.45 13.14 11.90 10.51 10.73 8.91 5.11 4.60 1.53 0.51 0.00 0.00 0.00 0.00 0.00 0.00 0.00 0.00 3.29 0.00 0.00 0.00
0.00 0.00 0.00 0.00 0.00 10.15 9.93 0.00 0.00 0.00 0.00 0.00 0.00 0.00 0.00 0.00 0.00 0.00 0.00 0.00 0.22 3.29 6.64 0.00 0.00 0.00 0.00 0.00 0.00 15.77 15.55 15.62 16.86 18.76 19.13 16.79 0.00 0.00 0.00 0.00 0.00 0.00 0.00 23.21 25.04 24.09 23.43 23.14 22.19 21.02 22.27 22.27 23.58 25.55 26.06 25.19 23.21 20.37 15.91 9.86 7.74 5.11 0.00 0.00 0.00 1.46 0.80 0.00 0.00 0.00 0.00 0.00 0.00 0.00 0.00 0.00 0.00 0.00 0.00 0.00 0.00 0.00 0.00 0.00
0.00 0.00 0.00 0.00 0.00 0.00 0.00 0.00 0.00 0.00 0.00 0.00 0.00 0.00 0.00 0.00 0.00 0.00 0.00 0.00 0.00 0.00 3.14 5.84 6.57 0.00 0.00 0.00 0.00 12.56 13.36 13.58 15.33 16.72 15.91 12.63 0.00 0.00 0.00 0.00 0.00 15.40 18.54 21.75 23.65 21.97 20.73 21.24 21.97 21.10 19.93 19.93 19.13 18.83 16.06 15.48 12.12 10.73 7.66 4.31 0.00 0.00 0.00 0.00 0.00 0.00 0.00 0.00 0.00 0.00 0.00 0.00 0.00 0.00 0.00 0.00 0.00 0.00 0.00 0.00 0.00 0.00 0.00 0.00
0.00 0.00 0.00 0.00 0.00 0.00 0.00 0.00 0.00 0.00 0.00 0.00 0.00 0.00 0.00 0.00 0.00 0.00 0.00 0.00 0.00 0.00 0.00 0.00 0.00 0.00 0.00 1.75 0.00 0.00 8.03 8.76 6.86 7.52 7.08 4.96 2.92 0.66 3.07 2.99 3.07 6.64 9.42 12.70 12.26 11.10 11.53 13.65 14.09 13.80 12.41 12.41 9.42 5.84 2.92 4.16 3.50 4.31 0.00 0.00 0.00 0.00 0.00 0.00 0.00 0.00 0.00 0.00 0.00 0.00 0.00 0.00 0.00 0.00 0.00 0.00 0.00 0.00 0.00 0.00 0.00 0.00 0.00 0.00
0.00 0.00 0.00 0.00 0.00 0.00 0.00 0.00 0.00 0.00 0.00 0.00 0.00 0.00 0.00 0.00 0.00 0.00 0.00 0.00 0.00 0.00 0.00 0.00 0.00 0.00 0.00 1.75 0.00 0.00 8.03 8.76 6.86 7.52 7.08 4.96 2.92 0.66 3.07 2.99 3.07 6.64 9.42 12.70 12.26 11.10 11.53 13.65 14.09 13.80 12.41 12.41 9.42 5.84 2.92 4.16 3.50 4.31 0.00 0.00 0.00 0.00 0.00 0.00 0.00 0.00 0.00 0.00 0.00 0.00 0.00 0.00 0.00 0.00 0.00 0.00 0.00 0.00 0.00 0.00 0.00 0.00 0.00 0.00
0.00 0.00 0.00 0.00 0.00 0.00 0.00 0.00 0.00 0.00 0.00 0.00 0.00 0.00 0.00 0.00 0.00 0.00 0.00 0.00 0.00 0.00 0.00 0.00 0.00 0.00 0.00 0.00 0.00 0.00 0.00 0.00 0.00 0.00 0.00 0.00 0.00 0.00 0.00 0.00 0.00 0.00 0.00 0.00 0.00 0.00 0.00 0.00 2.70 2.48 0.58 0.58 0.00 0.00 0.00 0.00 1.53 0.00 0.00 0.00 0.00 0.00 0.00 0.00 0.00 0.00 0.00 0.00 0.00 0.00 0.00 0.00 0.00 0.00 0.00 0.00 0.00 0.00 0.00 0.00 0.00 0.00 0.00 0.00
