Wansh/Snow_depth/snowdepth-1989/spring/1989083.txt
ncols 321
nrows 161
xllcenter 60
yllcenter 15 
cellsize  0.25 
NODATA_value -1
[rows 0 to 36 of 161, columns 84 to 167 of 321]
0.00 13.80 0.00 13.80 11.90 7.88 6.13 5.99 6.72 7.96 9.42 11.46 12.19 12.48 12.26 12.99 12.85 14.60 14.60 16.57 18.18 20.00 19.05 13.14 9.20 4.96 3.43 0.00 0.00 2.04 3.21 5.40 5.55 3.80 1.53 0.00 0.00 0.00 0.00 0.00 4.16 4.96 6.42 6.42 7.37 6.94 5.18 3.80 4.45 6.57 7.59 8.91 8.03 6.79 6.20 6.50 6.42 6.72 6.35 5.84 3.65 2.63 1.68 1.39 2.12 1.97 1.97 1.97 1.97 4.89 5.91 7.81 10.15 10.73 11.32 11.32 16.06 16.06 13.07 15.33 15.99 13.36 11.24 10.66
0.00 0.00 0.00 10.88 10.44 8.32 8.03 8.47 8.40 7.88 8.54 9.27 9.27 8.03 7.59 6.79 7.23 9.05 9.05 9.49 11.17 12.41 14.31 15.91 13.80 8.98 0.00 0.00 0.00 4.53 3.87 3.87 4.60 3.58 1.39 0.00 0.00 0.00 0.00 0.00 0.00 6.86 10.15 10.15 10.66 7.52 5.04 3.58 2.77 2.48 3.29 4.31 4.89 5.18 4.89 5.62 6.50 6.64 7.08 5.62 5.04 4.74 3.94 4.02 2.19 4.02 4.38 4.96 4.96 6.42 7.66 8.69 9.78 11.53 13.07 13.87 14.75 15.62 17.52 15.91 16.28 17.52 20.22 19.13
0.00 0.00 0.00 0.00 7.59 7.45 8.69 8.54 8.40 9.64 11.17 11.24 9.86 7.74 0.00 0.00 0.00 6.94 6.94 7.66 5.99 4.89 7.30 10.07 12.19 10.73 7.37 0.00 5.55 6.20 4.96 3.65 3.65 4.60 4.74 0.00 0.00 0.00 0.00 0.00 0.00 2.92 4.09 4.09 7.96 11.83 12.26 9.20 5.77 3.80 2.63 2.19 3.21 4.02 5.40 7.01 8.40 9.64 10.22 9.93 9.71 9.71 9.56 8.47 6.28 8.61 9.64 10.59 10.59 11.17 10.95 10.44 9.71 11.17 13.21 16.57 19.49 19.71 19.42 18.83 17.08 17.59 19.05 18.47
0.00 0.00 0.00 0.00 7.59 7.45 8.69 8.54 8.40 9.64 11.17 11.24 9.86 7.74 0.00 0.00 0.00 6.94 6.94 7.66 5.99 4.89 7.30 10.07 12.19 10.73 7.37 0.00 5.55 6.20 4.96 3.65 3.65 4.60 4.74 0.00 0.00 0.00 0.00 0.00 0.00 2.92 4.09 4.09 7.96 11.83 12.26 9.20 5.77 3.80 2.63 2.19 3.21 4.02 5.40 7.01 8.40 9.64 10.22 9.93 9.71 9.71 9.56 8.47 6.28 8.61 9.64 10.59 10.59 11.17 10.95 10.44 9.71 11.17 13.21 16.57 19.49 19.71 19.42 18.83 17.08 17.59 19.05 18.47
0.00 0.00 0.00 0.00 0.00 0.00 0.00 0.00 0.00 12.78 13.43 13.21 12.70 11.97 11.32 10.51 0.00 0.00 0.00 0.00 5.18 5.69 6.35 7.01 8.40 9.86 8.83 0.00 0.00 0.00 6.20 5.40 4.23 5.11 7.08 7.08 3.65 1.17 0.00 0.00 0.00 0.00 0.00 0.00 0.00 1.10 7.30 11.02 10.73 8.32 5.99 4.74 3.72 3.43 2.48 2.56 3.94 6.57 8.91 10.66 10.88 10.44 10.29 9.93 10.73 11.90 12.05 13.29 13.29 13.36 12.70 12.26 11.75 11.02 12.05 14.16 16.28 18.83 19.13 18.03 17.37 17.16 18.61 19.05
0.00 0.00 0.00 0.00 0.00 0.00 0.00 0.00 0.00 9.56 10.29 12.70 14.89 14.67 14.67 15.99 18.25 17.67 17.67 12.99 10.73 0.00 0.00 6.64 7.96 8.76 7.88 0.00 0.00 0.00 0.00 0.00 5.04 4.74 5.55 6.94 3.80 1.39 0.00 0.00 0.00 0.00 0.00 0.00 0.00 0.00 1.61 4.23 8.25 8.83 7.66 5.77 4.09 3.72 3.94 3.29 3.43 4.23 5.62 8.76 10.95 12.92 14.53 14.02 12.41 12.99 12.92 12.05 12.05 11.53 11.61 12.26 12.12 12.05 11.53 11.39 11.68 11.90 12.48 10.66 11.39 11.90 14.16 16.35
0.00 0.00 0.00 0.00 0.00 0.00 0.00 0.00 0.00 10.00 11.17 10.07 11.83 13.29 14.24 15.55 19.78 21.68 21.68 22.12 18.40 15.18 0.00 0.00 6.86 6.79 5.69 0.00 0.00 0.00 0.00 0.00 4.02 4.53 5.55 5.62 3.87 0.00 0.00 0.00 0.00 0.00 0.00 0.00 0.00 2.26 3.87 5.77 6.35 7.08 6.57 5.18 4.16 3.94 4.45 5.77 6.86 8.03 8.83 9.86 11.53 14.16 17.45 17.52 17.16 11.02 15.40 14.02 14.02 12.56 11.83 12.63 13.72 13.65 12.99 12.78 11.83 10.80 10.00 9.56 8.91 10.88 12.70 14.97
0.00 0.00 0.00 0.00 0.00 0.00 0.00 0.00 0.00 10.00 11.17 10.07 11.83 13.29 14.24 15.55 19.78 21.68 21.68 22.12 18.40 15.18 0.00 0.00 6.86 6.79 5.69 0.00 0.00 0.00 0.00 0.00 4.02 4.53 5.55 5.62 3.87 0.00 0.00 0.00 0.00 0.00 0.00 0.00 0.00 2.26 3.87 5.77 6.35 7.08 6.57 5.18 4.16 3.94 4.45 5.77 6.86 8.03 8.83 9.86 11.53 14.16 17.45 17.52 17.16 11.02 15.40 14.02 14.02 12.56 11.83 12.63 13.72 13.65 12.99 12.78 11.83 10.80 10.00 9.56 8.91 10.88 12.70 14.97
0.00 0.00 0.00 0.00 0.00 0.00 0.00 0.00 0.00 11.53 11.39 9.27 8.40 8.83 11.24 16.06 16.86 18.10 18.10 17.89 18.61 16.13 13.36 0.00 0.00 0.00 0.00 0.00 0.00 0.00 0.00 0.00 0.00 6.13 6.57 4.96 2.41 2.12 0.00 0.00 0.00 0.00 0.00 0.00 2.92 3.43 4.45 5.48 6.35 6.42 6.13 5.84 4.67 4.45 3.65 3.43 4.53 6.13 8.03 9.27 10.44 11.02 12.85 15.04 15.48 14.89 14.82 15.33 15.33 14.53 14.09 14.97 16.43 15.77 13.58 13.36 13.43 13.14 13.43 12.85 11.83 8.47 9.42 9.56
0.00 0.00 0.00 0.00 0.00 0.00 0.00 0.00 0.00 8.76 8.61 7.15 6.35 6.86 8.54 11.10 12.78 11.83 11.83 12.70 13.07 14.31 13.36 0.00 0.00 0.00 0.00 0.00 0.00 0.00 0.00 0.00 0.00 0.00 8.10 7.88 7.08 5.77 5.18 5.40 5.04 3.87 4.31 4.31 0.00 0.00 4.60 5.04 5.55 5.99 7.37 9.20 9.93 8.61 8.25 8.18 8.03 7.45 7.23 7.96 8.40 8.76 9.13 10.22 10.07 11.17 13.65 14.02 14.02 13.94 14.89 15.84 17.08 16.94 14.97 13.29 14.09 17.74 19.49 18.03 14.97 11.17 10.07 10.07
0.00 0.00 0.00 0.00 0.00 0.00 0.00 0.00 0.00 0.00 4.31 4.31 3.29 4.02 4.23 5.04 6.35 7.88 7.88 11.24 13.14 13.72 11.02 0.00 0.00 0.00 0.00 0.00 0.00 0.00 0.00 0.00 0.00 5.62 6.86 7.74 8.25 8.32 7.52 6.50 6.06 6.20 6.79 6.79 6.94 5.69 4.74 5.84 7.59 7.88 7.74 8.83 9.86 9.20 9.20 9.78 10.00 10.37 9.93 10.29 10.66 10.51 10.37 10.73 12.26 13.51 15.33 16.35 16.35 18.47 19.64 18.91 18.32 17.67 16.94 15.84 19.20 22.85 24.45 22.85 18.03 13.21 12.63 11.10
0.00 0.00 0.00 0.00 0.00 0.00 0.00 0.00 0.00 0.00 4.31 4.31 3.29 4.02 4.23 5.04 6.35 7.88 7.88 11.24 13.14 13.72 11.02 0.00 0.00 0.00 0.00 0.00 0.00 0.00 0.00 0.00 0.00 5.62 6.86 7.74 8.25 8.32 7.52 6.50 6.06 6.20 6.79 6.79 6.94 5.69 4.74 5.84 7.59 7.88 7.74 8.83 9.86 9.20 9.20 9.78 10.00 10.37 9.93 10.29 10.66 10.51 10.37 10.73 12.26 13.51 15.33 16.35 16.35 18.47 19.64 18.91 18.32 17.67 16.94 15.84 19.20 22.85 24.45 22.85 18.03 13.21 12.63 11.10
0.00 0.00 0.00 9.93 8.83 0.00 0.00 0.00 0.00 0.37 0.00 0.00 0.15 1.68 2.56 4.23 7.66 9.34 9.34 13.72 15.55 14.31 0.00 0.00 0.00 0.00 0.00 0.00 0.00 5.04 5.62 5.48 5.33 7.45 8.40 9.86 10.95 10.66 9.86 9.34 8.98 8.40 7.45 7.45 6.86 6.86 7.23 7.15 7.81 9.71 11.10 11.39 9.78 7.96 8.03 10.51 13.43 15.40 15.33 14.24 12.05 11.17 11.24 11.10 11.17 12.99 17.89 16.06 16.06 18.40 20.22 21.39 20.51 20.15 20.73 21.68 23.87 25.33 26.79 25.26 20.73 17.23 15.48 14.09
0.00 0.00 0.00 0.00 0.00 0.00 0.00 0.00 0.00 0.00 0.00 0.00 0.00 0.00 9.71 11.68 13.14 14.82 14.82 15.18 13.21 0.00 0.00 0.00 0.00 0.00 5.99 6.28 7.59 10.00 10.80 12.05 13.14 12.63 12.34 14.02 15.26 14.45 12.85 10.07 8.69 7.30 6.79 6.79 5.77 5.91 7.81 8.54 8.32 8.32 8.10 7.88 6.13 3.21 2.48 4.53 7.37 7.88 10.22 12.48 13.36 13.58 13.58 14.24 14.38 14.67 15.04 16.50 16.50 16.94 18.83 20.88 20.73 20.88 21.17 22.41 22.70 22.12 18.69 16.35 17.37 15.84 14.16 12.19
0.00 0.00 0.00 0.00 0.00 0.00 0.00 0.00 0.00 0.00 0.00 0.00 0.00 0.00 11.39 13.07 13.80 13.72 13.72 11.90 10.95 9.71 10.44 10.80 9.42 8.32 7.59 8.18 12.26 15.33 17.23 19.42 19.78 18.69 17.08 14.60 12.19 10.88 9.64 7.81 5.04 4.60 4.60 4.60 5.04 6.13 7.30 8.25 8.83 9.86 9.93 9.05 8.10 6.42 4.45 2.63 3.50 5.04 4.96 5.55 6.64 7.81 10.00 10.15 13.36 13.87 13.14 17.16 17.16 14.75 17.37 18.98 19.20 17.96 16.43 14.89 15.91 9.78 4.02 3.94 9.56 16.79 15.26 13.14
0.00 0.15 0.00 0.00 0.00 0.00 0.00 0.00 0.00 0.00 0.00 0.00 0.00 7.74 8.69 8.40 9.20 10.15 10.15 10.22 9.56 8.61 9.34 12.19 13.72 12.26 10.59 10.51 12.05 15.84 18.40 19.71 19.93 17.16 13.87 11.17 7.96 6.35 6.42 6.50 7.88 7.23 7.01 7.01 8.69 10.37 12.34 11.83 10.73 10.51 10.29 9.64 9.49 10.22 11.53 11.32 8.03 7.08 6.13 4.74 4.82 4.89 5.26 5.99 7.45 10.59 12.78 15.26 15.26 14.67 16.94 17.89 16.79 13.51 9.13 9.34 12.34 9.05 0.07 2.12 9.78 15.26 13.87 13.14
0.00 0.15 0.00 0.00 0.00 0.00 0.00 0.00 0.00 0.00 0.00 0.00 0.00 7.74 8.69 8.40 9.20 10.15 10.15 10.22 9.56 8.61 9.34 12.19 13.72 12.26 10.59 10.51 12.05 15.84 18.40 19.71 19.93 17.16 13.87 11.17 7.96 6.35 6.42 6.50 7.88 7.23 7.01 7.01 8.69 10.37 12.34 11.83 10.73 10.51 10.29 9.64 9.49 10.22 11.53 11.32 8.03 7.08 6.13 4.74 4.82 4.89 5.26 5.99 7.45 10.59 12.78 15.26 15.26 14.67 16.94 17.89 16.79 13.51 9.13 9.34 12.34 9.05 0.07 2.12 9.78 15.26 13.87 13.14
0.00 0.00 0.00 0.00 0.00 0.00 0.00 0.00 0.00 0.00 0.00 0.00 7.30 9.34 10.22 8.25 8.61 10.80 10.80 9.78 8.69 8.18 7.88 8.61 11.90 12.99 12.19 11.24 11.83 14.02 15.26 17.67 19.78 18.40 15.48 9.78 7.08 7.15 7.96 10.00 12.34 12.70 11.75 11.75 14.24 15.11 17.89 19.13 18.03 15.70 14.31 14.82 14.97 14.75 13.94 12.63 10.51 7.81 7.23 9.05 9.13 10.15 9.56 8.03 8.03 9.49 13.07 15.04 15.04 16.72 18.54 17.37 13.87 8.54 7.96 9.64 10.66 5.91 0.15 2.99 9.93 10.88 8.76 9.13
0.00 0.00 0.00 0.00 0.00 0.00 0.00 0.00 0.00 0.00 0.00 0.00 7.74 11.10 12.12 11.24 10.29 12.34 12.34 11.75 10.15 8.76 6.64 6.72 8.40 11.83 13.94 13.94 14.31 14.97 16.57 19.27 20.95 21.10 19.78 14.38 10.29 7.59 8.03 10.07 14.53 17.96 21.39 21.39 21.97 20.88 20.44 20.95 20.81 18.25 16.13 16.21 17.23 17.45 17.23 16.06 13.43 12.48 11.46 12.70 14.82 15.26 14.24 13.29 12.63 13.29 15.62 17.81 17.81 17.67 20.81 18.54 14.24 9.27 7.59 7.59 5.77 1.46 1.90 4.16 6.42 5.40 4.74 4.96
0.00 0.00 0.00 0.00 0.00 0.00 0.00 0.00 0.00 0.00 0.00 7.08 8.25 9.78 10.37 10.37 10.51 12.05 12.05 13.21 13.87 13.58 10.15 8.98 9.20 12.12 13.80 14.75 14.53 13.87 13.58 16.94 20.66 20.59 18.69 14.75 9.64 6.06 4.67 5.69 6.94 14.24 24.24 24.24 28.32 26.79 23.87 21.53 20.95 20.15 18.76 15.91 14.89 15.33 16.50 16.94 16.13 15.62 14.02 15.04 17.08 18.76 17.52 16.50 16.06 17.74 19.35 18.69 18.69 18.54 19.35 13.87 8.47 3.80 3.65 3.36 1.46 0.58 2.04 3.07 3.58 4.96 4.96 4.16
0.00 0.00 0.00 0.00 0.00 0.00 0.00 0.00 0.00 0.00 10.59 13.21 14.16 13.29 11.83 10.66 10.15 11.24 11.24 12.70 14.45 14.24 12.85 12.34 12.34 14.53 15.26 15.62 14.97 12.19 10.66 13.07 16.94 18.76 16.06 9.56 4.60 0.00 0.00 3.80 5.40 9.71 18.47 18.47 25.19 26.86 25.70 20.81 18.32 18.40 18.69 18.98 18.83 18.32 18.32 19.05 19.20 18.10 16.50 14.82 14.82 15.48 16.72 16.72 17.30 17.45 17.08 16.43 16.43 13.07 8.61 4.96 0.22 0.29 1.10 0.00 0.00 0.00 0.66 2.19 2.12 2.70 3.07 2.99
0.00 0.00 0.00 0.00 0.00 0.00 0.00 0.00 0.00 0.00 0.00 19.35 21.24 21.53 19.64 16.35 14.60 14.16 14.16 14.02 14.89 16.94 17.45 17.81 18.76 20.00 21.68 21.24 19.49 14.60 10.44 9.86 11.61 13.51 12.41 9.78 2.99 0.00 0.00 2.48 7.30 7.45 8.03 8.03 10.37 14.31 14.97 13.14 13.80 13.14 12.41 13.51 18.10 20.88 22.48 21.97 19.05 16.50 15.40 14.16 14.02 12.99 12.85 13.21 12.63 11.83 12.41 10.44 10.44 7.01 2.99 3.29 1.31 0.44 0.15 0.00 0.00 0.00 0.00 0.29 0.37 1.61 1.83 1.39
0.00 0.00 0.00 0.00 0.00 0.00 0.00 0.00 0.00 0.00 0.00 19.35 21.24 21.53 19.64 16.35 14.60 14.16 14.16 14.02 14.89 16.94 17.45 17.81 18.76 20.00 21.68 21.24 19.49 14.60 10.44 9.86 11.61 13.51 12.41 9.78 2.99 0.00 0.00 2.48 7.30 7.45 8.03 8.03 10.37 14.31 14.97 13.14 13.80 13.14 12.41 13.51 18.10 20.88 22.48 21.97 19.05 16.50 15.40 14.16 14.02 12.99 12.85 13.21 12.63 11.83 12.41 10.44 10.44 7.01 2.99 3.29 1.31 0.44 0.15 0.00 0.00 0.00 0.00 0.29 0.37 1.61 1.83 1.39
2.48 0.00 0.00 0.00 0.00 0.00 0.00 0.00 0.00 0.00 17.08 19.86 21.39 21.68 21.39 19.20 17.37 16.64 16.64 14.31 15.33 16.86 18.18 19.05 20.44 22.56 22.85 21.61 20.44 18.91 15.33 11.53 8.54 7.66 6.64 5.18 1.68 0.00 0.00 0.00 1.83 3.43 2.85 2.85 2.48 3.36 3.29 2.77 4.31 5.11 5.33 5.69 6.42 8.25 10.66 11.53 12.63 10.00 8.40 8.91 9.93 10.95 11.61 11.46 11.68 10.44 8.32 8.91 8.91 9.56 2.77 8.69 7.23 3.87 2.92 0.73 0.00 0.00 0.00 0.07 0.44 1.02 0.88 0.51
6.06 5.55 7.30 0.00 0.00 0.00 0.00 0.00 0.00 0.00 0.00 0.00 15.77 15.11 15.18 16.50 17.52 18.03 18.03 17.96 17.89 19.49 20.66 21.23 20.91 22.75 20.50 20.22 20.81 19.35 15.26 10.37 8.18 5.55 0.00 0.00 0.66 0.37 0.95 1.31 1.24 0.95 0.00 0.00 0.00 0.00 0.00 0.00 0.00 0.00 1.39 1.53 0.00 0.00 0.00 1.68 2.77 3.21 3.87 5.91 8.18 10.15 13.14 14.45 14.60 13.36 11.10 9.34 9.34 10.59 8.32 12.41 10.07 6.72 4.38 2.19 0.95 0.00 0.00 0.00 0.22 0.58 0.37 0.44
12.78 14.53 17.59 20.95 20.44 0.00 0.00 0.00 0.00 22.48 0.00 0.00 0.00 0.00 8.76 13.07 17.67 20.81 20.81 23.21 23.14 23.00 24.09 25.18 25.92 21.30 22.41 21.90 22.12 21.90 19.35 14.75 11.02 7.23 3.43 1.68 2.41 1.97 2.92 2.48 1.46 0.73 0.00 0.00 0.00 0.00 0.00 0.00 0.00 0.00 0.00 0.00 0.00 0.00 0.00 0.00 0.00 0.00 3.14 6.06 9.27 10.51 10.66 11.46 12.48 13.14 12.19 10.00 10.00 9.56 8.40 9.64 8.69 7.52 5.33 3.58 3.14 2.56 1.83 1.61 1.39 0.80 0.58 0.00
16.50 17.16 18.69 19.42 20.73 22.34 24.31 25.11 24.02 16.86 9.05 0.00 0.00 0.00 0.00 6.72 12.34 15.70 15.70 16.43 15.40 17.12 19.49 20.70 22.47 23.22 24.49 23.74 24.38 23.76 21.46 18.25 15.91 14.82 11.75 9.78 7.74 5.55 5.04 3.58 2.12 0.51 0.00 0.00 0.00 0.00 0.00 0.00 0.00 0.00 0.00 0.00 0.00 0.00 0.00 0.00 0.00 0.00 0.00 6.50 12.34 13.21 12.99 11.39 10.44 11.90 14.53 15.26 15.26 13.36 12.41 8.03 12.12 10.59 8.61 7.88 7.37 5.55 2.56 1.39 1.02 0.00 0.00 0.22
13.94 11.39 10.66 11.61 13.43 14.75 17.37 15.55 12.85 8.32 0.00 0.00 0.00 0.00 0.00 0.00 0.00 0.00 0.00 0.00 0.00 0.00 3.99 8.32 12.75 15.70 20.92 25.47 24.70 24.41 24.43 23.73 22.05 21.39 19.93 19.35 16.86 11.39 6.64 5.48 3.87 1.24 0.00 0.00 0.00 0.00 0.00 3.87 6.06 6.28 3.36 0.00 0.00 0.00 0.00 0.00 0.00 0.00 0.00 3.43 8.47 15.77 18.61 19.93 17.89 16.72 18.25 19.86 19.86 19.56 15.99 10.59 13.65 10.37 8.03 9.20 8.54 5.33 2.99 2.19 2.04 1.02 0.58 0.51
13.94 11.39 10.66 11.61 13.43 14.75 17.37 15.55 12.85 8.32 0.00 0.00 0.00 0.00 0.00 0.00 0.00 0.00 0.00 0.00 0.00 0.00 3.89 8.54 12.56 15.70 20.29 23.67 23.08 24.78 24.68 24.71 24.77 22.63 20.44 19.35 16.86 11.39 6.64 5.48 3.87 1.24 0.00 0.00 0.00 0.00 0.00 3.87 6.06 6.28 3.36 0.00 0.00 0.00 0.00 0.00 0.00 0.00 0.00 3.43 8.47 15.77 18.61 19.93 17.89 16.72 18.25 19.86 19.86 19.56 15.99 10.59 13.65 10.37 8.03 9.20 8.54 5.33 2.99 2.19 2.04 1.02 0.58 0.51
7.66 6.28 5.84 5.18 3.94 4.82 6.86 5.33 3.58 2.85 0.00 0.00 0.00 0.00 0.00 0.00 0.00 0.00 0.00 0.00 0.00 0.00 0.00 0.00 0.00 3.61 8.48 9.24 11.32 14.09 20.28 22.32 25.89 27.41 24.53 24.51 22.93 18.69 12.99 7.74 4.53 3.21 1.68 1.68 0.00 0.00 0.00 5.99 11.39 13.65 8.91 1.75 0.00 0.00 0.00 0.00 0.00 0.00 0.00 0.15 3.80 11.39 14.38 21.61 24.97 24.82 23.14 21.24 21.24 19.05 14.97 9.64 11.61 7.81 6.28 7.59 6.57 2.92 1.61 0.80 0.88 0.07 0.58 0.00
0.00 0.00 0.00 5.69 0.00 2.77 1.24 0.80 2.85 1.90 1.02 0.00 0.00 0.00 0.00 0.00 2.70 0.00 0.00 0.00 0.00 0.00 0.00 0.00 0.00 0.00 0.00 0.00 0.74 2.43 7.52 10.44 16.50 21.13 25.37 26.04 24.38 22.67 18.76 14.45 10.88 6.72 2.92 2.92 0.00 0.00 0.00 2.26 7.59 14.31 15.84 8.76 0.58 0.00 0.00 0.00 0.00 0.00 0.00 0.00 0.00 4.74 10.88 20.15 23.80 24.97 24.02 21.75 21.75 18.25 14.82 10.00 7.30 5.91 4.82 5.62 4.31 2.04 1.31 1.39 0.95 1.02 1.10 0.37
0.00 0.00 0.00 0.00 0.00 3.58 3.65 0.00 7.59 6.20 5.11 3.36 0.00 0.00 0.00 3.72 6.86 6.79 6.79 5.18 4.67 3.14 0.95 0.00 0.00 0.00 0.00 0.00 0.00 0.00 0.00 0.00 6.20 11.97 19.44 23.78 27.44 24.31 24.09 23.87 22.05 14.97 5.48 5.48 1.24 0.80 0.07 0.07 1.75 6.79 9.20 9.20 3.87 0.00 0.00 0.00 0.00 0.00 0.00 0.00 0.00 0.00 7.66 16.94 20.66 23.21 19.93 16.13 16.13 12.78 8.25 5.11 5.48 6.72 1.17 1.46 0.58 1.17 1.24 1.17 2.19 3.07 2.77 2.56
0.00 0.00 0.00 2.70 0.00 0.22 2.70 5.91 6.35 5.91 5.11 2.70 1.83 0.00 3.29 8.03 9.49 6.64 6.64 5.55 5.69 4.31 1.53 0.00 0.00 0.00 0.00 0.00 0.00 0.00 0.00 0.00 0.00 4.23 9.56 17.52 22.97 25.34 24.81 25.59 24.67 22.12 16.06 16.06 9.78 4.82 3.29 1.46 0.07 0.44 0.00 0.00 0.00 0.00 0.00 0.00 0.00 0.00 0.00 0.00 0.00 0.00 1.31 8.32 11.83 12.34 11.46 8.25 8.25 6.20 4.16 1.39 1.83 0.95 0.00 0.00 0.00 1.53 2.70 2.77 2.04 3.07 3.94 3.80
0.00 0.00 0.00 0.00 0.00 0.00 0.00 0.00 0.00 0.00 0.00 0.00 0.00 1.68 5.77 6.72 5.04 3.58 3.58 2.34 2.34 1.68 0.00 0.00 0.00 0.00 0.00 0.00 0.00 0.00 0.00 0.00 0.00 0.00 0.00 4.53 13.07 15.84 16.23 19.84 21.57 21.39 19.35 19.35 15.91 13.14 8.98 5.55 2.48 1.83 1.83 1.17 0.00 0.00 0.00 0.00 0.00 0.00 1.75 3.36 2.19 0.00 0.00 0.00 0.00 1.46 3.72 2.99 2.99 2.34 2.12 1.31 0.15 0.00 0.00 0.00 0.44 0.95 3.29 2.92 2.77 4.23 3.58 3.07
0.00 0.00 0.00 0.00 0.00 0.00 0.00 0.00 0.00 0.00 0.00 0.00 0.00 2.04 4.38 1.39 0.88 0.00 0.00 0.00 0.00 0.00 0.00 0.00 0.00 0.00 0.00 0.00 0.00 0.00 0.00 0.00 0.00 0.00 0.00 0.00 2.56 5.38 6.94 9.42 12.17 13.58 15.26 15.26 15.48 16.06 15.04 11.83 9.42 5.11 1.97 0.95 0.00 0.00 0.00 0.00 0.00 0.00 0.00 1.68 2.99 1.90 0.00 0.00 0.00 0.00 0.44 0.00 0.00 0.00 0.00 0.00 0.88 0.44 0.00 0.07 0.00 0.00 0.00 1.83 3.29 4.60 4.23 3.43
0.00 0.00 0.00 0.00 0.00 0.00 0.00 0.00 0.00 0.00 0.00 0.00 0.00 2.04 4.38 1.39 0.88 0.00 0.00 0.00 0.00 0.00 0.00 0.00 0.00 0.00 0.00 0.00 0.00 0.00 0.00 0.00 0.00 0.00 0.00 0.00 2.56 5.36 7.01 9.42 12.05 13.58 15.26 15.26 15.48 16.06 15.04 11.83 9.42 5.11 1.97 0.95 0.00 0.00 0.00 0.00 0.00 0.00 0.00 1.68 2.99 1.90 0.00 0.00 0.00 0.00 0.44 0.00 0.00 0.00 0.00 0.00 0.88 0.44 0.00 0.07 0.00 0.00 0.00 1.83 3.29 4.60 4.23 3.43
0.00 0.00 0.00 0.00 0.00 0.00 0.00 0.00 0.00 0.00 0.00 0.00 0.00 0.95 0.80 0.00 0.00 0.00 0.00 0.00 0.00 0.00 0.00 0.00 0.00 0.00 0.00 0.00 0.00 0.00 0.00 0.00 0.00 0.00 0.00 0.00 0.00 0.80 1.17 2.99 3.87 4.60 4.74 4.74 6.42 7.52 9.42 10.66 11.90 12.48 8.25 5.04 2.34 0.88 0.00 0.00 0.00 0.00 0.00 0.00 0.00 1.83 1.83 0.88 0.58 0.58 0.22 0.00 0.00 0.00 0.00 0.00 0.00 0.00 0.00 0.00 0.00 0.00 0.00 0.00 2.99 5.04 4.23 2.26
