Wansh/Snow_depth/snowdepth-1989/spring/1989114.txt
ncols 321
nrows 161
xllcenter 60
yllcenter 15 
cellsize  0.25 
NODATA_value -1
[rows 0 to 36 of 161, columns 84 to 167 of 321]
0.00 0.00 0.00 0.00 0.00 0.00 0.00 0.00 0.00 0.00 0.00 0.00 2.19 2.19 1.68 1.02 0.00 0.00 0.00 0.00 0.00 0.66 1.02 1.46 3.58 6.13 7.08 5.62 4.02 3.58 3.65 3.72 2.92 2.34 1.68 0.15 0.00 0.00 1.31 1.24 1.02 0.15 1.24 1.24 1.39 1.61 1.83 1.39 3.72 3.58 3.72 4.09 3.87 3.80 3.07 2.48 1.97 2.34 2.77 2.34 2.19 2.48 2.41 1.83 1.24 1.61 1.97 2.70 2.70 3.36 3.80 2.77 0.88 0.22 0.29 1.39 1.46 1.24 0.58 0.37 0.58 1.17 1.24 1.10
0.00 0.00 0.00 0.00 0.00 0.00 0.00 0.00 0.00 0.00 0.00 0.00 2.04 3.43 4.09 3.21 2.63 0.00 0.00 0.00 0.00 0.00 0.00 0.22 2.04 3.80 6.13 7.01 6.13 4.31 3.21 3.36 3.36 2.19 1.83 1.39 0.51 0.00 0.00 1.39 1.24 1.02 0.73 0.73 0.00 0.58 1.39 1.39 1.46 1.75 1.68 1.97 3.94 2.99 2.92 2.48 3.07 3.72 4.38 4.23 3.65 4.74 4.16 3.58 3.43 3.21 3.21 4.23 4.23 5.26 5.77 3.87 2.19 0.73 1.02 0.95 0.73 0.29 0.00 0.00 0.00 0.00 0.00 0.00
0.00 0.00 0.00 0.00 0.00 0.00 0.00 0.00 0.00 0.00 0.00 0.00 0.00 0.00 1.75 3.21 4.31 3.87 3.87 1.90 0.07 0.00 0.00 0.00 0.00 2.04 4.23 6.64 6.94 6.28 4.82 3.58 3.36 3.36 2.85 2.70 2.19 1.24 0.00 0.00 0.29 0.00 0.00 0.00 0.00 0.00 0.00 0.15 0.95 0.88 0.95 1.17 1.83 3.29 2.99 2.99 3.58 3.94 4.45 5.55 5.55 6.13 6.94 5.91 4.89 4.89 5.84 6.42 6.42 7.08 6.64 4.82 2.41 1.90 2.04 1.39 0.51 0.15 0.22 0.22 0.22 0.44 0.00 0.00
0.00 0.00 0.00 0.00 0.00 0.00 0.00 0.00 0.00 0.00 0.00 0.00 0.00 0.00 1.75 3.21 4.31 3.87 3.87 1.90 0.07 0.00 0.00 0.00 0.00 2.04 4.23 6.64 6.94 6.28 4.82 3.58 3.36 3.36 2.85 2.70 2.19 1.24 0.00 0.00 0.29 0.00 0.00 0.00 0.00 0.00 0.00 0.15 0.95 0.88 0.95 1.17 1.83 3.29 2.99 2.99 3.58 3.94 4.45 5.55 5.55 6.13 6.94 5.91 4.89 4.89 5.84 6.42 6.42 7.08 6.64 4.82 2.41 1.90 2.04 1.39 0.51 0.15 0.22 0.22 0.22 0.44 0.00 0.00
0.00 0.00 0.00 0.00 0.00 0.00 0.00 0.00 0.00 0.00 0.00 0.00 0.00 0.00 0.00 0.07 1.10 2.77 2.77 4.53 5.04 4.16 2.63 0.66 0.00 0.37 2.41 5.33 6.94 6.94 5.69 4.60 3.58 3.58 3.87 3.36 1.97 0.51 0.00 0.00 0.00 0.29 0.00 0.00 0.00 0.00 0.00 0.51 0.37 0.00 0.22 0.88 1.10 1.10 4.38 2.85 2.56 2.12 2.48 3.80 4.67 6.28 7.52 7.08 6.86 7.96 8.32 7.96 7.96 7.88 7.59 6.06 4.82 4.96 3.50 2.70 1.97 1.97 1.61 0.88 0.80 0.29 0.00 0.00
0.00 0.00 0.00 0.00 0.00 0.00 0.00 0.00 0.00 0.00 0.00 0.00 0.00 0.00 0.00 0.00 0.00 0.00 0.00 1.75 3.07 4.16 4.45 3.07 2.70 2.56 2.92 3.87 4.67 5.04 5.77 5.69 4.31 4.31 4.16 3.36 1.53 0.00 0.00 0.00 0.00 0.00 0.00 0.00 0.00 0.00 0.00 0.00 0.00 0.00 0.00 0.44 0.29 0.29 0.80 2.77 2.63 2.12 2.92 4.38 5.11 7.23 8.03 8.40 8.47 9.27 8.69 7.45 7.45 6.57 6.86 6.57 7.23 7.52 6.50 6.50 6.13 5.69 4.45 2.77 2.12 0.58 0.29 0.00
0.00 0.00 0.00 0.00 0.00 0.00 0.00 0.00 0.00 0.00 0.00 0.00 0.00 0.00 0.00 0.00 0.00 0.00 0.00 0.00 0.66 1.68 2.77 4.38 5.11 4.96 4.60 4.82 5.55 6.13 6.20 5.48 5.69 5.26 4.31 1.75 0.00 0.00 0.00 0.00 0.00 0.00 0.00 0.00 0.00 0.00 0.00 0.00 0.00 0.00 0.00 0.00 0.00 0.58 1.10 2.12 3.36 2.85 5.26 6.06 6.50 7.88 8.76 9.42 10.59 11.46 11.39 10.29 10.29 9.20 9.34 9.78 9.78 9.34 9.13 9.78 9.86 8.83 7.15 5.69 3.50 0.88 0.88 0.07
0.00 0.00 0.00 0.00 0.00 0.00 0.00 0.00 0.00 0.00 0.00 0.00 0.00 0.00 0.00 0.00 0.00 0.00 0.00 0.00 0.66 1.68 2.77 4.38 5.11 4.96 4.60 4.82 5.55 6.13 6.20 5.48 5.69 5.26 4.31 1.75 0.00 0.00 0.00 0.00 0.00 0.00 0.00 0.00 0.00 0.00 0.00 0.00 0.00 0.00 0.00 0.00 0.00 0.58 1.10 2.12 3.36 2.85 5.26 6.06 6.50 7.88 8.76 9.42 10.59 11.46 11.39 10.29 10.29 9.20 9.34 9.78 9.78 9.34 9.13 9.78 9.86 8.83 7.15 5.69 3.50 0.88 0.88 0.07
0.00 0.00 0.00 0.00 0.00 0.00 0.00 0.00 0.00 0.00 0.00 0.00 0.00 0.00 0.00 0.00 0.00 0.00 0.00 0.00 0.00 0.88 1.02 1.97 3.80 5.26 6.20 6.28 5.69 6.06 6.50 6.28 4.67 3.36 2.41 1.10 0.00 0.00 0.00 0.00 0.22 0.00 0.00 0.00 0.00 0.00 0.00 0.00 0.22 0.22 1.02 1.90 2.41 2.56 2.99 3.87 3.72 3.14 3.72 4.38 4.23 4.82 6.42 8.10 8.54 8.61 9.56 10.59 10.59 10.66 10.59 10.59 10.66 10.07 9.20 8.32 8.54 9.34 9.42 9.42 8.69 4.82 2.48 1.39
0.00 0.00 0.00 0.00 0.00 0.00 0.00 0.00 0.00 0.00 0.00 0.00 0.00 0.00 0.00 0.00 0.00 0.00 0.00 0.00 0.00 0.00 0.22 1.53 2.77 3.94 4.74 5.26 5.55 5.04 4.74 4.89 3.50 2.63 1.24 0.51 0.88 2.04 1.53 1.10 1.90 1.24 0.00 0.00 0.00 0.00 0.00 0.44 1.83 2.77 3.50 4.60 6.35 5.99 4.89 3.65 3.50 1.90 3.80 3.58 1.68 1.68 1.90 2.99 4.02 5.26 8.25 10.29 10.29 10.80 10.59 9.93 10.15 10.00 8.10 6.20 7.74 11.39 12.78 12.34 9.86 7.88 6.28 3.87
0.00 0.00 0.00 0.00 0.00 0.00 0.00 0.00 0.00 0.00 0.00 0.00 0.00 0.00 0.00 0.00 0.00 0.00 0.00 0.00 0.00 0.00 0.00 0.00 0.37 1.90 2.48 2.34 2.92 3.36 3.80 3.43 3.29 2.92 2.12 2.85 2.92 2.12 3.36 3.80 3.43 2.85 2.77 2.77 2.77 2.85 1.90 1.39 2.04 1.39 1.10 2.56 3.80 3.58 3.29 3.21 3.87 4.23 4.45 4.38 4.09 1.83 1.83 3.43 5.33 8.03 10.15 10.59 10.59 10.59 10.37 10.29 11.17 10.00 9.34 7.52 8.69 10.44 11.83 12.19 10.22 8.76 9.27 9.42
0.00 0.00 0.00 0.00 0.00 0.00 0.00 0.00 0.00 0.00 0.00 0.00 0.00 0.00 0.00 0.00 0.00 0.00 0.00 0.00 0.00 0.00 0.00 0.00 0.37 1.90 2.48 2.34 2.92 3.36 3.80 3.43 3.29 2.92 2.12 2.85 2.92 2.12 3.36 3.80 3.43 2.85 2.77 2.77 2.77 2.85 1.90 1.39 2.04 1.39 1.10 2.56 3.80 3.58 3.29 3.21 3.87 4.23 4.45 4.38 4.09 1.83 1.83 3.43 5.33 8.03 10.15 10.59 10.59 10.59 10.37 10.29 11.17 10.00 9.34 7.52 8.69 10.44 11.83 12.19 10.22 8.76 9.27 9.42
0.00 0.00 0.00 0.00 0.00 0.00 0.00 0.00 0.00 0.15 0.58 0.58 0.73 1.31 1.02 0.80 0.58 0.37 0.37 0.22 0.37 0.29 0.07 0.66 0.66 0.00 0.00 1.02 2.92 2.85 2.77 4.74 6.28 5.40 5.26 6.86 7.23 6.86 5.62 6.06 5.55 4.82 2.92 2.92 2.26 1.97 1.61 0.80 1.24 1.10 0.00 0.80 0.66 0.66 1.24 1.90 2.48 4.02 6.06 7.01 9.42 6.86 5.69 5.04 5.69 7.01 10.07 10.22 10.22 11.46 11.97 12.78 12.56 11.46 11.39 10.22 9.56 9.56 11.83 12.48 10.73 9.64 8.83 8.47
0.00 0.00 0.00 0.00 0.00 0.00 0.00 0.00 0.00 0.00 0.00 2.56 2.04 1.97 2.12 1.97 2.77 2.41 2.41 1.83 1.46 1.61 2.19 1.53 0.44 1.75 2.34 2.70 3.43 6.86 8.83 8.61 8.76 9.64 9.27 8.76 7.23 6.42 6.06 4.38 2.41 2.26 2.04 2.04 0.95 0.00 1.10 1.90 1.24 1.97 0.15 0.00 0.00 0.00 0.00 0.00 0.00 1.17 2.41 1.90 3.21 8.98 6.86 7.74 8.91 9.78 10.29 10.00 10.00 10.15 10.88 12.12 11.39 8.61 8.03 9.05 9.56 7.74 7.59 7.23 7.15 6.57 4.96 4.38
0.00 0.00 0.00 0.00 0.00 0.07 1.53 2.19 1.46 0.44 0.44 2.34 3.50 2.99 2.70 1.68 1.68 0.95 0.95 1.61 1.83 3.07 4.82 5.77 5.99 4.89 4.67 5.99 8.40 9.49 10.73 11.24 11.24 9.64 7.23 5.62 4.02 1.68 0.29 0.00 0.00 0.07 0.00 0.00 0.00 0.00 0.95 0.51 0.44 0.00 0.00 0.00 0.00 0.00 0.00 0.00 0.00 0.00 0.00 0.00 1.39 2.63 4.82 5.26 7.37 7.88 8.83 8.61 8.61 8.54 10.29 10.51 8.91 4.31 2.99 4.60 6.28 4.89 2.26 1.83 2.04 3.29 3.94 5.33
0.00 0.00 0.00 0.00 0.00 0.07 2.34 4.02 4.89 5.40 5.04 3.58 3.72 4.02 2.70 0.66 1.17 1.68 1.68 1.90 1.90 2.56 5.26 7.45 8.18 8.47 6.50 6.06 6.50 8.10 9.93 10.73 10.59 7.96 5.77 3.50 1.17 0.22 0.58 0.00 0.00 0.44 0.07 0.07 0.00 2.19 3.07 2.85 1.75 0.95 0.58 0.00 1.02 0.88 0.88 0.00 0.00 0.00 0.00 0.00 0.15 1.46 0.95 1.24 3.43 5.33 6.64 6.42 6.42 7.74 10.37 9.71 7.23 1.83 0.51 3.50 4.67 3.07 1.46 0.00 0.29 0.73 1.46 3.80
0.00 0.00 0.00 0.00 0.00 0.07 2.34 4.02 4.89 5.40 5.04 3.58 3.72 4.02 2.70 0.66 1.17 1.68 1.68 1.90 1.90 2.56 5.26 7.45 8.18 8.47 6.50 6.06 6.50 8.10 9.93 10.73 10.59 7.96 5.77 3.50 1.17 0.22 0.58 0.00 0.00 0.44 0.07 0.07 0.00 2.19 3.07 2.85 1.75 0.95 0.58 0.00 1.02 0.88 0.88 0.00 0.00 0.00 0.00 0.00 0.15 1.46 0.95 1.24 3.43 5.33 6.64 6.42 6.42 7.74 10.37 9.71 7.23 1.83 0.51 3.50 4.67 3.07 1.46 0.00 0.29 0.73 1.46 3.80
0.00 0.00 0.00 0.00 0.00 0.80 2.63 3.50 5.26 6.28 6.57 7.15 7.88 7.88 5.48 2.92 2.92 2.99 2.99 2.85 2.34 1.53 1.68 4.38 6.94 7.81 6.42 4.67 5.18 5.99 8.10 9.86 11.02 11.02 8.03 5.04 3.29 2.26 2.85 3.43 2.48 1.90 1.53 1.53 2.48 1.17 1.90 2.19 1.31 0.73 0.51 0.66 0.00 0.80 1.24 0.88 0.58 0.44 1.02 2.56 3.50 4.74 2.48 1.83 2.56 3.14 4.23 5.55 5.55 9.20 11.02 8.40 4.16 0.95 0.66 2.85 2.70 1.75 0.00 0.00 0.00 0.00 0.00 0.00
0.00 0.00 0.00 0.00 0.00 0.00 0.00 1.83 4.82 7.01 8.03 8.69 9.86 10.15 8.18 6.28 6.13 5.91 5.91 6.13 6.64 5.33 2.34 1.31 3.50 6.06 6.57 5.40 5.11 6.57 9.64 10.88 11.68 11.32 11.53 8.25 5.62 3.72 2.56 2.34 2.34 1.46 0.00 0.00 0.00 0.00 0.29 2.77 2.77 0.51 0.00 0.00 0.00 0.00 0.00 0.00 0.00 0.00 0.73 3.94 6.79 9.86 8.91 6.79 4.82 3.80 6.57 8.69 8.69 10.88 9.34 5.55 2.19 0.51 0.80 1.02 0.00 0.00 0.00 0.00 0.00 0.00 0.00 0.00
0.00 0.00 0.00 0.00 0.00 0.00 0.00 0.66 2.19 5.91 9.93 10.37 9.86 11.83 11.97 11.83 10.37 7.74 7.74 6.79 5.55 4.60 6.42 6.13 4.96 4.45 4.02 4.31 4.74 4.74 5.26 6.28 9.20 8.47 6.42 5.99 3.14 1.90 1.10 0.95 0.80 0.29 0.00 0.00 0.00 0.00 1.31 3.14 2.12 0.00 0.00 0.00 0.00 0.00 0.00 0.00 0.00 0.00 0.00 2.77 5.11 7.37 7.08 6.64 6.57 8.03 7.15 9.86 9.86 7.59 4.45 1.61 0.00 0.00 0.00 0.00 0.00 0.00 0.00 0.00 0.00 0.00 0.00 0.00
0.00 0.00 0.00 0.00 0.00 0.00 0.00 0.00 1.75 3.87 5.11 4.89 4.53 4.53 7.30 10.88 13.87 13.51 13.51 12.92 11.46 10.44 8.61 7.01 9.49 11.46 10.51 7.01 5.69 3.43 2.41 2.34 4.38 6.42 4.16 2.41 1.31 1.24 1.10 2.41 1.83 1.02 0.00 0.00 0.00 0.00 0.00 0.22 0.00 0.00 0.00 0.00 0.00 0.00 0.00 0.00 0.00 0.00 0.00 0.00 0.00 1.39 2.48 3.29 4.02 6.50 9.05 8.69 8.69 2.26 0.80 0.00 0.00 0.00 0.00 0.00 0.00 0.00 0.00 0.00 0.00 0.00 0.00 0.00
0.00 0.00 0.00 0.00 0.00 0.00 0.00 2.85 1.31 0.07 0.00 0.00 0.00 0.00 1.46 4.16 9.42 12.26 12.26 12.48 13.07 13.94 14.16 13.94 14.16 14.09 13.51 12.92 12.05 9.86 7.01 5.11 3.07 2.85 3.14 2.04 0.95 0.00 0.73 1.90 3.65 3.36 1.31 1.31 0.00 0.00 0.00 0.15 0.00 0.00 0.00 0.00 0.00 0.00 0.00 0.00 0.00 0.00 0.00 0.00 0.00 0.00 0.00 0.00 2.04 2.77 2.19 4.31 4.31 0.00 0.00 0.00 0.00 0.00 0.00 0.00 0.00 0.00 0.00 0.00 0.00 0.00 0.00 0.00
0.00 0.00 0.00 0.00 0.00 0.00 0.00 2.85 1.31 0.07 0.00 0.00 0.00 0.00 1.46 4.16 9.42 12.26 12.26 12.48 13.07 13.94 14.16 13.94 14.16 14.09 13.51 12.92 12.05 9.86 7.01 5.11 3.07 2.85 3.14 2.04 0.95 0.00 0.73 1.90 3.65 3.36 1.31 1.31 0.00 0.00 0.00 0.15 0.00 0.00 0.00 0.00 0.00 0.00 0.00 0.00 0.00 0.00 0.00 0.00 0.00 0.00 0.00 0.00 2.04 2.77 2.19 4.31 4.31 0.00 0.00 0.00 0.00 0.00 0.00 0.00 0.00 0.00 0.00 0.00 0.00 0.00 0.00 0.00
0.00 0.00 0.00 0.00 0.00 1.68 3.87 4.23 1.46 0.00 0.00 0.00 0.00 0.22 4.31 6.42 7.23 8.10 8.10 8.98 10.22 11.90 13.07 13.29 14.16 15.26 14.45 13.65 12.70 11.10 7.45 4.67 3.21 1.39 0.51 0.00 0.15 0.51 0.80 0.44 0.51 0.73 0.00 0.00 0.00 0.00 0.00 0.00 0.00 0.00 0.00 0.00 0.00 0.00 0.00 0.15 0.00 0.00 0.00 0.00 0.00 0.00 0.00 0.00 0.00 0.00 0.00 0.00 0.00 0.00 0.00 0.00 0.00 0.00 0.00 0.00 0.00 0.00 0.00 0.00 0.00 0.00 0.00 0.00
0.00 0.00 0.00 0.00 0.44 0.00 0.22 0.29 0.00 0.00 0.00 0.00 0.00 3.07 6.20 10.51 13.80 15.18 15.18 15.62 16.06 14.16 13.65 15.64 15.63 17.58 15.48 14.89 14.89 13.65 8.32 5.18 3.29 0.80 0.00 0.00 0.00 0.00 0.00 0.00 0.00 0.00 0.00 0.00 0.00 0.00 0.00 0.00 0.00 0.00 0.00 0.00 0.00 0.00 0.00 0.00 0.00 0.00 0.00 0.00 0.00 0.00 0.00 0.00 0.00 0.00 0.00 0.00 0.00 0.00 0.00 0.00 0.00 0.00 0.00 0.00 0.00 0.00 0.00 0.00 0.00 0.00 0.00 0.00
0.00 0.00 0.00 0.00 0.00 0.00 0.00 0.00 0.00 0.00 0.00 0.00 0.00 0.29 1.24 4.02 7.74 10.59 10.59 13.58 14.24 13.21 11.61 13.52 17.45 16.98 18.74 17.91 16.28 14.97 10.22 8.10 5.91 3.36 1.39 0.66 1.02 0.95 0.66 0.73 0.00 0.00 0.00 0.00 0.00 0.00 0.00 0.00 0.00 0.00 0.00 0.00 0.00 0.00 0.00 0.00 0.00 0.00 0.00 0.00 0.00 0.00 0.00 0.00 0.00 0.00 0.00 0.00 0.00 0.00 0.00 0.00 0.00 0.00 0.00 0.00 0.00 0.00 0.00 0.00 0.00 0.00 0.00 0.00
0.00 0.00 0.00 0.00 0.00 0.00 0.00 0.00 0.00 0.00 0.00 0.00 0.00 0.00 0.00 0.00 0.00 0.00 0.00 0.00 0.00 1.93 3.01 3.99 5.22 11.65 17.15 19.32 19.87 17.73 14.75 12.48 12.12 9.71 8.03 6.20 3.07 1.97 0.88 0.80 0.29 0.00 0.00 0.00 0.00 0.00 0.00 0.00 0.00 0.00 0.00 0.00 0.00 0.00 0.00 0.00 0.00 0.00 0.00 0.00 0.00 0.00 0.00 0.00 0.58 0.37 0.66 1.10 1.10 3.14 3.43 0.22 1.31 0.73 0.58 0.07 0.00 0.00 0.00 0.00 0.00 0.00 0.00 0.00
0.00 0.00 0.00 0.00 0.00 0.00 0.00 0.00 0.00 0.00 0.00 0.00 0.00 0.00 0.00 0.00 0.00 0.00 0.00 0.00 0.00 0.00 0.00 0.00 0.00 0.00 0.75 8.25 15.78 19.10 19.37 18.18 17.01 16.64 15.40 13.58 11.24 6.06 3.21 1.97 0.51 0.00 0.00 0.00 0.00 0.00 0.00 0.00 0.00 0.00 0.00 0.00 0.00 0.00 0.00 0.00 0.00 0.00 0.00 0.00 0.00 0.00 0.37 2.12 4.89 5.69 6.57 6.72 6.72 8.18 6.86 4.31 3.43 1.53 0.66 0.29 0.00 0.00 0.00 0.00 0.00 0.00 0.00 0.00
0.00 0.00 0.00 0.00 0.00 0.00 0.00 0.00 0.00 0.00 0.00 0.00 0.00 0.00 0.00 0.00 0.00 0.00 0.00 0.00 0.00 0.00 0.00 0.00 0.00 0.00 0.73 7.67 14.75 19.39 19.57 18.93 19.11 17.61 15.80 13.58 11.24 6.06 3.21 1.97 0.51 0.00 0.00 0.00 0.00 0.00 0.00 0.00 0.00 0.00 0.00 0.00 0.00 0.00 0.00 0.00 0.00 0.00 0.00 0.00 0.00 0.00 0.37 2.12 4.89 5.69 6.57 6.72 6.72 8.18 6.86 4.31 3.43 1.53 0.66 0.29 0.00 0.00 0.00 0.00 0.00 0.00 0.00 0.00
0.00 0.00 0.00 0.00 0.00 0.00 0.00 0.00 0.00 0.00 0.00 0.00 0.00 0.00 0.00 0.00 0.00 0.00 0.00 0.00 0.00 0.00 0.00 0.00 0.00 0.00 0.00 0.00 1.02 4.55 7.01 9.00 14.26 17.42 17.76 17.32 14.31 9.27 5.91 3.14 0.66 0.00 0.00 0.00 0.00 0.00 0.00 1.46 0.00 0.00 0.00 0.00 0.00 0.00 0.00 0.00 0.00 0.00 0.00 0.00 0.00 0.00 0.00 1.83 6.06 9.20 10.15 10.29 10.29 9.78 6.20 2.41 0.88 1.97 0.44 0.00 0.00 0.00 0.00 0.00 0.00 0.00 0.00 0.00
0.00 0.00 0.00 1.90 1.17 1.02 1.17 0.80 1.39 1.10 0.00 0.00 0.00 0.00 0.00 0.00 0.00 0.00 0.00 0.00 0.00 0.00 0.00 0.00 0.00 0.00 0.00 0.00 0.00 0.00 0.00 0.00 1.53 5.89 11.50 15.78 16.38 15.26 13.58 11.10 8.10 3.65 0.00 0.00 0.00 0.00 0.00 0.00 0.22 0.00 0.00 0.00 0.00 0.00 0.00 0.00 0.00 0.00 0.00 0.00 0.00 0.00 0.00 0.00 4.16 7.52 7.30 6.28 6.28 5.91 3.14 1.31 0.00 1.31 0.00 0.15 0.00 0.00 0.00 0.00 0.00 0.00 0.00 0.00
0.00 0.00 0.00 0.00 0.00 2.48 2.04 1.83 3.07 3.87 2.56 0.00 0.00 0.00 2.26 3.29 2.34 0.80 0.80 0.00 0.00 0.00 0.00 0.00 0.00 0.00 0.00 0.00 0.00 0.00 0.00 0.00 0.00 0.00 1.61 7.68 13.80 15.77 16.79 15.70 13.80 8.76 4.74 4.74 1.83 0.00 0.00 0.00 0.00 0.00 0.00 0.00 0.00 0.00 0.00 0.00 0.00 0.00 0.00 0.00 0.00 0.00 0.00 0.00 2.12 2.70 1.46 1.39 1.39 1.39 0.95 0.15 0.00 0.00 0.00 0.00 0.00 0.00 0.00 0.00 0.51 1.10 0.00 0.00
0.00 0.00 0.00 0.00 0.00 0.00 0.00 0.00 0.00 0.00 2.41 0.00 0.00 0.00 2.85 2.56 2.34 1.53 1.53 0.73 0.44 0.00 0.00 0.00 0.00 0.00 0.00 0.00 0.00 0.00 0.00 0.00 0.00 0.00 0.00 0.00 2.89 6.13 11.55 13.35 11.53 10.29 8.25 8.25 4.89 1.83 0.00 0.00 0.88 0.00 0.00 0.29 0.00 0.00 0.00 0.00 0.00 0.00 0.00 0.00 0.00 0.00 0.00 0.00 0.00 0.00 0.00 0.00 0.00 0.00 0.00 0.00 0.00 0.00 0.00 0.00 0.00 0.00 0.29 0.88 1.97 1.68 0.80 0.00
0.00 0.00 0.00 0.00 0.00 0.00 0.00 0.00 0.00 0.00 0.00 0.00 0.00 2.92 2.99 2.92 1.10 0.00 0.00 0.00 0.00 0.00 0.00 0.00 0.00 0.00 0.00 0.00 0.00 0.00 0.00 0.00 0.00 0.00 0.00 0.00 0.00 0.00 1.26 6.89 8.29 8.25 8.18 8.18 7.08 5.62 4.02 1.46 2.70 1.31 0.58 0.22 0.00 0.00 0.00 0.00 0.00 0.00 0.00 0.00 0.07 0.95 0.00 0.00 0.00 0.00 0.00 0.00 0.00 0.00 0.00 0.00 0.00 0.00 0.00 0.00 0.00 0.66 0.00 0.00 0.00 0.00 0.00 0.00
0.00 0.00 0.00 0.00 0.00 0.00 0.00 0.00 0.00 0.00 0.00 0.00 0.00 0.95 0.44 0.00 0.00 0.00 0.00 0.00 0.00 0.00 0.00 0.00 0.00 0.00 0.00 0.00 0.00 0.00 0.00 0.00 0.00 0.00 0.00 0.00 0.00 0.00 0.00 0.00 0.00 1.24 1.53 1.53 2.56 3.07 4.02 3.58 0.00 3.58 2.26 1.10 0.80 0.00 0.00 0.00 0.00 0.00 0.00 0.00 0.00 0.44 0.00 0.00 0.00 0.00 0.00 0.00 0.00 0.00 0.00 0.00 0.00 0.00 0.00 0.00 0.58 0.00 0.00 0.00 0.00 0.00 0.15 0.07
0.00 0.00 0.00 0.00 0.00 0.00 0.00 0.00 0.00 0.00 0.00 0.00 0.00 0.95 0.44 0.00 0.00 0.00 0.00 0.00 0.00 0.00 0.00 0.00 0.00 0.00 0.00 0.00 0.00 0.00 0.00 0.00 0.00 0.00 0.00 0.00 0.00 0.00 0.00 0.00 0.00 1.24 1.53 1.53 2.56 3.07 4.02 3.58 0.00 3.58 2.26 1.10 0.80 0.00 0.00 0.00 0.00 0.00 0.00 0.00 0.00 0.44 0.00 0.00 0.00 0.00 0.00 0.00 0.00 0.00 0.00 0.00 0.00 0.00 0.00 0.00 0.58 0.00 0.00 0.00 0.00 0.00 0.15 0.07
0.00 0.00 0.00 0.00 0.00 0.00 0.00 0.00 0.00 0.00 0.00 0.00 0.00 0.00 0.00 0.00 0.00 0.00 0.00 0.00 0.00 0.00 0.00 0.00 0.00 0.00 0.00 0.00 0.00 0.00 0.00 0.00 0.00 0.00 0.00 0.00 0.00 0.00 0.00 0.00 0.00 0.00 0.00 0.00 0.00 0.00 0.00 0.00 2.04 3.36 3.07 3.50 1.53 0.00 0.00 0.00 0.00 0.00 0.00 0.00 0.00 0.00 0.88 0.51 0.00 0.00 0.00 0.00 0.00 0.00 0.00 0.00 0.00 0.00 0.00 0.00 0.00 0.00 0.00 0.00 0.00 0.00 0.00 0.00
