Wansh/Snow_depth/snowdepth-1989/spring/1989079.txt
ncols 321
nrows 161
xllcenter 60
yllcenter 15 
cellsize  0.25 
NODATA_value -1
[rows 74 to 110 of 161, columns 84 to 167 of 321]
0.00 0.00 0.29 0.00 0.00 0.00 0.00 1.90 1.31 0.95 1.90 1.10 1.53 1.83 2.26 4.16 3.14 1.83 1.83 2.19 2.41 0.00 0.00 0.00 3.43 5.69 6.50 4.38 0.00 0.00 0.00 2.77 0.00 0.00 2.92 3.94 4.67 4.60 4.23 4.09 4.31 4.38 2.77 2.77 2.34 1.83 0.00 1.24 1.53 0.73 0.00 0.00 0.00 0.00 0.00 2.41 0.00 0.00 3.07 0.00 0.00 0.00 0.00 0.00 0.00 0.00 0.00 0.00 0.00 0.00 0.00 0.58 1.61 0.00 0.00 0.00 0.00 0.00 0.00 0.00 0.00 0.00 0.00 0.00
0.00 0.00 0.88 0.00 1.46 3.72 4.67 4.53 3.21 4.23 2.77 2.56 2.41 0.00 0.00 2.12 2.85 0.00 0.00 2.48 2.70 2.77 2.77 0.00 4.96 6.94 6.28 3.80 0.00 0.00 0.00 3.07 2.26 0.00 0.00 3.43 4.23 3.94 4.16 4.67 5.40 5.18 4.60 4.60 2.41 3.58 2.04 1.46 1.61 1.24 1.17 1.39 1.75 0.00 2.26 2.34 2.56 2.77 1.53 1.02 1.68 1.61 1.61 0.00 0.00 0.37 0.00 0.00 0.00 0.44 0.88 3.50 4.38 1.83 0.95 0.00 0.00 0.00 0.00 0.00 0.00 0.00 0.00 0.00
7.59 5.91 2.70 1.02 0.73 2.41 3.50 5.11 4.89 4.60 4.60 4.02 3.21 3.72 2.99 3.14 2.63 2.12 2.12 2.34 3.50 3.36 3.36 2.99 3.94 4.82 4.74 0.00 0.00 0.00 0.00 3.29 0.00 0.00 0.00 0.00 3.72 3.65 3.50 4.53 5.04 3.50 3.50 3.50 1.75 1.97 1.61 2.12 3.29 2.77 1.97 1.02 1.46 1.83 2.34 1.31 1.68 1.39 1.46 0.73 1.39 1.46 1.61 1.68 1.39 1.47 0.00 0.66 0.66 1.53 0.00 6.06 6.57 4.09 0.80 0.00 0.00 0.00 0.00 0.00 0.00 0.00 0.00 0.00
6.20 4.53 2.04 0.00 1.31 2.34 1.83 0.00 3.65 4.16 4.38 4.67 4.60 4.23 4.09 3.72 2.92 2.41 2.41 4.23 3.72 2.92 3.14 2.70 3.29 3.14 2.92 2.56 2.70 0.00 0.00 0.00 0.00 0.00 0.00 0.00 0.00 0.00 0.00 4.53 3.87 0.00 0.00 0.00 0.00 2.99 1.61 0.00 0.00 2.85 0.00 2.41 2.34 1.97 2.19 1.90 2.12 1.24 0.88 0.88 2.12 2.26 2.19 1.68 1.53 1.39 1.02 1.53 1.53 1.83 0.37 4.45 3.72 2.70 1.10 0.07 0.00 0.00 0.00 0.00 0.00 0.00 0.00 0.00
3.07 2.56 2.41 2.92 1.31 2.12 3.58 2.48 2.48 2.77 3.80 3.58 3.65 3.80 3.58 3.36 2.85 0.00 0.00 2.85 3.58 3.07 3.07 3.87 3.94 3.43 2.77 0.00 0.00 0.00 0.00 0.00 0.00 0.00 0.00 2.26 0.00 0.00 0.00 0.00 0.00 0.00 0.00 0.00 0.00 0.00 0.00 0.00 0.00 0.00 0.00 2.56 0.00 0.00 2.63 2.63 2.70 1.97 0.80 1.46 1.83 2.26 2.56 1.68 1.31 1.02 1.83 2.12 2.12 1.61 1.97 1.39 0.80 0.95 0.80 0.29 0.00 0.00 0.00 0.00 0.00 0.00 0.00 0.00
4.89 4.82 4.38 2.70 1.97 3.14 0.00 3.07 0.00 0.00 2.26 2.41 2.85 3.36 3.36 2.56 2.56 0.00 0.00 0.00 4.45 4.60 3.80 3.50 3.65 2.92 2.77 0.00 2.56 0.00 0.00 0.00 0.00 0.00 0.00 0.00 0.00 0.00 0.00 0.00 0.00 0.00 0.00 0.00 0.00 0.00 0.00 0.00 0.00 0.00 0.00 0.00 0.00 0.00 0.00 2.19 1.90 1.83 2.48 1.53 1.83 2.70 2.04 1.39 0.73 0.22 0.37 0.73 0.73 1.39 1.53 0.88 0.22 0.88 1.54 1.02 0.00 0.00 0.00 0.00 0.00 0.00 0.00 0.00
3.43 0.00 0.00 0.00 0.00 0.00 0.00 0.00 2.63 2.34 1.53 1.31 1.90 1.83 0.00 0.00 1.61 0.00 0.00 0.00 4.02 4.74 3.87 3.43 3.21 2.85 2.04 0.00 0.00 0.00 0.00 0.00 0.00 0.00 0.00 0.00 0.00 0.00 0.00 0.00 0.00 0.00 0.00 0.00 0.00 0.00 0.00 0.00 0.00 0.00 0.00 0.00 0.00 0.00 0.00 0.00 0.66 0.95 1.02 1.39 1.39 1.53 1.53 1.31 0.00 0.00 0.00 0.00 0.00 0.00 0.00 0.88 1.24 2.70 2.99 1.83 0.82 0.00 0.00 0.00 0.00 0.00 0.00 0.00
0.00 0.00 0.00 0.00 0.00 0.00 0.00 0.00 1.90 0.00 0.00 2.41 1.68 1.39 0.00 0.00 0.00 0.00 0.00 0.00 2.56 3.58 3.07 2.26 2.34 0.00 2.70 0.00 0.00 0.00 0.00 0.00 0.00 0.00 0.00 0.00 0.00 0.00 0.00 0.00 0.00 0.00 2.56 2.56 0.00 0.00 0.00 0.00 0.00 0.00 0.00 0.00 0.00 0.00 0.00 0.00 0.00 0.00 0.00 1.02 1.24 1.46 1.17 0.51 0.00 0.00 0.00 0.00 0.00 0.00 0.00 0.00 0.15 3.80 4.96 4.77 2.73 0.00 0.00 0.00 0.00 0.00 0.00 0.00
0.00 0.00 0.00 0.00 0.00 0.00 0.00 0.00 0.00 0.00 0.00 0.00 0.00 0.00 0.00 0.00 0.00 0.44 0.44 0.00 0.00 3.07 0.00 1.75 1.97 2.48 0.00 0.00 0.00 0.00 0.00 0.00 0.00 0.00 0.00 0.00 0.00 0.00 0.00 0.00 0.00 0.00 0.00 0.00 0.00 0.00 0.00 0.00 0.00 0.00 0.00 0.00 0.00 0.00 0.00 0.00 0.00 0.22 0.00 0.15 0.58 0.73 1.02 0.58 0.00 0.00 0.00 0.00 0.00 0.00 0.00 0.00 0.00 3.72 6.28 6.13 2.99 2.19 0.00 0.00 0.00 0.00 0.00 0.00
0.00 2.19 2.34 0.00 0.00 0.00 0.00 0.00 0.00 0.00 0.00 0.00 0.00 0.00 0.00 0.00 0.00 0.00 0.00 0.95 0.00 0.00 1.24 1.31 0.00 0.00 1.83 0.00 0.00 0.00 0.00 0.00 0.00 0.00 0.00 0.00 0.00 0.00 0.00 0.00 0.00 0.00 0.00 0.00 0.00 0.00 0.00 0.00 0.00 0.00 0.00 0.00 0.00 0.00 0.00 0.00 0.00 0.00 0.00 0.00 0.00 0.00 0.44 0.37 0.66 0.95 0.58 0.00 0.00 0.80 0.00 0.00 0.00 1.24 3.21 5.48 5.04 3.80 3.21 0.00 0.00 0.00 0.00 0.00
2.41 2.34 2.19 2.12 0.00 0.00 0.00 0.00 0.00 0.00 0.00 0.00 0.00 0.00 0.00 0.00 0.00 0.00 0.00 0.00 0.00 0.00 0.00 0.00 1.46 2.41 1.61 0.00 0.00 0.00 0.00 0.00 0.00 0.00 0.00 0.00 0.00 0.00 0.00 0.00 0.00 0.00 0.00 0.00 0.00 0.00 0.00 0.00 0.00 0.00 0.00 0.00 0.00 0.00 0.00 0.00 0.00 0.00 0.00 0.00 0.00 0.37 0.00 0.66 1.02 0.22 0.00 0.00 0.00 0.22 0.00 0.00 0.00 0.00 1.02 3.87 4.16 4.23 6.20 6.79 5.91 4.96 4.45 0.00
0.00 0.00 0.00 1.24 1.97 0.00 0.00 0.00 0.00 0.00 0.00 0.00 0.00 0.00 0.00 0.00 0.00 0.00 0.00 0.00 0.00 0.00 1.31 0.00 0.00 2.70 0.00 0.00 0.00 0.00 0.00 0.00 0.00 0.00 0.00 0.00 0.00 0.00 0.00 0.80 0.00 0.00 0.00 0.00 0.00 0.00 0.00 0.00 0.00 0.00 0.00 0.00 0.00 0.00 0.00 0.80 1.02 0.58 0.37 0.00 0.00 0.37 0.75 0.37 0.22 0.00 0.00 0.00 0.00 0.00 0.95 0.95 0.00 0.00 0.00 0.58 1.61 4.09 7.66 8.47 8.32 8.54 7.66 2.99
0.15 1.10 1.83 1.68 1.75 0.00 0.00 1.39 1.10 2.04 0.00 0.00 0.00 0.00 0.00 0.00 0.00 0.00 0.00 0.00 0.00 0.00 0.00 4.38 2.99 0.00 0.00 0.00 0.00 2.99 0.00 0.00 2.34 3.21 2.92 0.00 0.00 0.00 0.00 0.00 0.00 1.17 1.39 1.39 0.80 0.95 1.17 1.02 0.66 0.73 0.15 0.00 0.00 0.00 0.51 2.77 6.42 7.37 6.64 4.82 1.17 0.00 0.00 0.00 0.15 0.80 0.00 0.00 0.00 0.00 2.04 3.58 3.36 2.34 0.66 0.00 0.07 2.92 5.91 8.61 9.93 10.37 7.81 4.53
0.37 0.73 0.00 2.04 0.00 0.00 0.00 0.00 0.00 0.00 0.00 1.46 0.00 0.00 0.00 0.00 0.00 0.00 0.00 0.00 2.19 2.70 1.97 4.02 0.00 2.04 2.77 3.80 3.29 3.07 0.00 0.00 0.00 2.99 2.70 0.00 0.00 0.00 0.00 3.14 2.34 2.41 2.56 2.56 1.31 0.66 0.73 1.24 0.95 0.66 0.22 0.00 0.00 0.00 0.29 2.12 4.67 6.42 7.74 5.40 1.90 0.00 0.00 0.44 0.37 0.00 0.00 0.00 0.00 0.00 1.61 4.23 5.55 4.60 0.95 0.88 1.31 1.75 5.11 7.59 9.20 9.27 6.86 4.16
1.24 1.02 0.00 0.00 0.00 0.00 0.00 0.00 0.00 0.00 0.00 1.90 1.39 0.00 0.00 0.00 0.00 0.00 0.00 1.10 0.00 1.02 1.83 0.00 2.04 2.77 3.21 3.50 2.04 2.26 0.00 0.00 3.14 3.72 4.16 3.07 0.00 0.00 3.21 2.70 2.26 2.63 2.19 2.19 1.24 1.31 1.02 1.83 1.39 0.95 0.22 0.80 0.15 0.07 0.44 1.46 1.75 3.43 5.26 4.38 2.12 0.37 0.00 0.22 0.96 2.16 2.19 1.83 1.83 0.00 0.00 1.90 3.58 4.23 3.43 2.26 2.77 3.58 6.13 5.77 6.86 7.08 6.20 0.00
2.04 1.68 0.00 0.00 0.00 0.00 0.00 0.00 0.00 0.00 0.00 0.00 0.00 1.68 0.00 0.00 0.00 0.00 0.00 0.88 0.80 0.66 1.97 0.00 0.00 3.43 3.58 3.43 2.41 2.41 2.70 3.07 3.80 3.80 3.36 2.77 2.70 2.34 0.00 0.00 0.00 0.00 2.56 2.56 1.46 1.46 1.75 3.07 2.85 1.17 2.12 0.51 0.07 1.61 1.53 1.46 0.58 1.10 2.00 2.14 1.90 0.22 0.00 1.46 3.04 4.14 4.76 4.31 4.31 2.70 0.00 0.00 3.72 4.45 3.36 3.29 2.70 3.80 5.91 5.20 5.96 4.44 4.18 0.00
1.68 1.02 0.00 0.00 0.00 0.00 0.00 0.00 0.00 0.00 0.00 0.00 0.00 0.00 0.00 0.00 0.00 0.00 0.00 0.00 0.00 0.00 0.00 0.00 2.85 3.21 3.21 0.00 0.00 2.56 3.36 3.50 3.43 3.87 2.12 2.92 0.00 2.41 1.83 0.00 0.00 0.00 0.00 0.00 0.80 1.68 2.26 2.34 1.46 1.83 1.83 1.46 3.58 2.48 2.19 2.19 0.95 0.66 0.44 1.10 0.68 0.37 0.00 2.56 5.26 6.06 6.06 5.71 5.53 3.52 0.00 0.00 0.00 2.34 2.63 3.07 3.14 3.94 4.36 3.75 3.20 3.15 3.67 0.00
1.10 0.88 0.73 0.00 0.00 0.00 0.00 0.00 0.00 0.00 0.00 0.00 0.00 0.00 0.00 0.00 0.00 0.00 0.00 0.00 0.00 0.00 0.00 0.00 1.75 2.92 0.00 0.00 0.00 0.00 0.00 0.00 2.63 0.00 0.00 0.00 0.00 0.00 0.00 0.00 0.00 0.00 0.00 0.00 0.00 0.58 1.17 1.75 1.68 1.75 1.02 2.04 2.99 3.94 3.50 3.65 3.36 1.61 1.25 0.52 0.15 0.44 0.22 1.44 2.66 4.69 5.18 5.33 5.36 4.29 2.49 0.00 2.26 2.56 2.05 0.00 2.56 0.00 2.35 3.61 2.32 2.04 2.68 3.40
0.95 0.73 0.58 0.00 0.00 0.00 0.88 1.24 1.31 0.00 0.00 0.00 0.00 0.00 0.00 0.00 0.00 0.00 0.00 0.00 0.00 0.00 0.00 0.00 0.00 0.00 0.00 0.00 0.00 0.00 0.00 0.00 0.00 0.00 0.00 0.00 0.00 0.00 0.00 0.00 0.00 0.00 0.00 0.00 0.00 0.22 1.24 0.44 1.10 1.75 1.24 1.97 3.65 4.16 3.94 5.26 6.20 5.04 4.53 2.62 1.70 0.00 0.23 0.00 0.00 3.17 3.52 3.80 3.80 2.60 2.49 3.52 4.11 4.52 0.00 0.00 1.90 0.00 1.73 2.61 2.37 2.63 3.30 4.38
1.39 0.73 0.73 0.66 0.00 0.00 0.00 0.00 0.00 0.73 0.00 0.00 0.00 0.00 0.00 0.00 0.00 0.00 0.00 0.00 0.00 0.00 0.00 0.00 0.00 0.00 0.00 0.00 0.00 0.00 0.00 0.00 0.00 0.00 0.00 0.00 0.00 0.00 0.00 0.00 0.00 0.00 0.00 0.00 0.00 0.66 1.24 1.10 1.31 1.97 1.83 2.04 2.92 3.87 5.18 5.62 7.19 8.18 6.94 4.23 3.29 1.67 0.69 0.00 0.00 2.02 3.08 1.68 1.68 0.00 0.00 2.27 4.22 4.26 3.48 2.05 0.00 1.33 0.00 1.96 0.00 3.97 4.58 4.96
2.77 2.12 1.24 1.24 0.73 0.00 0.00 0.00 0.00 0.00 0.00 0.00 0.00 0.00 0.00 0.00 0.00 0.29 0.29 0.00 0.00 0.00 0.00 0.00 0.00 0.00 0.00 0.00 0.00 0.00 0.00 0.00 0.00 0.00 0.00 0.00 0.00 0.00 0.00 0.00 0.00 0.00 0.00 0.00 0.00 0.00 1.39 1.46 1.39 2.34 2.19 2.41 3.20 4.14 4.43 6.15 7.38 8.10 7.37 7.15 5.04 3.45 1.00 0.00 0.00 2.26 2.94 0.00 0.00 0.00 0.00 1.62 3.23 3.61 3.63 3.21 2.53 2.19 0.62 0.00 0.00 0.00 4.81 5.27
5.99 4.60 4.31 3.72 2.04 0.80 0.00 0.00 0.00 0.00 0.00 0.00 0.00 0.00 0.00 0.00 0.00 0.00 0.00 0.00 0.00 0.00 0.00 0.00 0.00 0.00 0.00 0.00 0.00 0.00 0.00 0.00 0.00 0.00 0.00 0.00 0.00 0.00 0.00 0.00 0.00 0.00 0.00 0.00 0.00 1.24 1.39 0.95 1.31 2.56 2.41 2.26 2.70 3.13 3.55 6.17 7.18 7.10 7.34 6.93 4.99 3.30 1.74 0.70 0.00 1.39 2.10 1.17 1.17 0.00 0.00 0.00 0.00 1.06 2.42 3.30 1.86 2.39 0.22 0.00 0.00 3.93 5.98 4.95
8.18 5.04 4.96 5.77 4.23 2.48 2.70 1.83 0.00 0.00 1.02 0.00 0.00 0.00 0.00 0.00 0.00 0.00 0.00 0.00 0.00 0.00 0.00 0.00 0.00 0.00 0.00 0.95 0.15 0.00 0.00 0.00 0.00 0.00 0.00 0.00 0.00 0.00 0.00 0.00 0.00 0.00 1.39 1.39 0.44 0.88 0.88 0.80 1.10 2.48 3.14 3.58 3.65 4.33 4.77 4.70 3.97 4.59 5.94 5.21 3.79 2.97 2.26 1.08 0.82 0.00 1.14 0.44 0.44 0.00 0.00 0.00 0.00 0.00 1.24 1.17 1.63 2.78 0.61 0.00 0.00 2.78 5.06 0.00
12.41 5.62 3.43 5.55 6.50 5.04 4.89 5.77 4.74 3.87 2.48 1.02 0.00 0.00 0.00 0.00 0.00 0.00 0.00 0.00 0.00 0.00 0.00 0.00 0.00 0.00 0.00 0.00 0.95 0.07 0.00 0.00 0.00 0.00 0.00 0.00 0.00 0.00 0.00 0.00 0.00 1.53 2.26 2.26 1.17 1.46 0.58 0.51 1.46 2.70 3.61 4.59 4.66 5.70 6.36 4.84 4.89 3.94 3.73 3.67 2.79 2.00 1.83 0.80 0.00 0.00 0.00 0.30 0.29 0.00 0.00 0.00 0.00 0.00 0.37 0.80 1.38 0.00 0.45 0.00 0.00 0.94 2.42 0.00
14.60 10.15 6.13 8.47 10.44 14.67 18.25 18.69 14.31 11.97 7.45 4.38 2.56 1.46 0.29 0.00 0.15 1.02 1.02 1.02 0.44 0.00 1.02 0.00 0.44 0.95 1.24 1.90 1.24 0.80 0.88 1.10 1.39 1.46 2.04 0.22 0.22 0.00 0.00 1.02 0.00 1.31 1.83 1.83 1.97 2.63 2.12 3.14 4.38 5.26 6.10 7.47 7.73 6.33 6.05 5.46 5.82 6.37 6.74 5.72 5.65 4.31 2.35 1.58 1.24 1.39 0.92 0.22 0.22 0.00 0.00 0.00 0.00 1.20 2.70 2.26 0.61 0.00 0.00 0.00 0.00 0.00 0.00 0.00
11.24 12.05 8.91 9.86 11.10 15.18 18.47 19.86 16.57 13.21 8.76 5.04 4.02 2.77 0.95 0.58 1.17 0.95 0.95 1.02 1.10 0.44 1.02 0.95 1.24 1.31 0.51 0.29 0.95 1.24 1.10 0.73 0.07 0.95 2.77 1.97 2.70 2.41 1.90 0.58 0.95 0.37 1.17 1.17 1.02 2.85 2.41 3.94 4.44 5.17 6.25 6.19 6.14 5.73 6.14 4.33 4.16 5.60 6.14 5.55 7.08 7.87 5.73 3.99 2.04 1.53 1.32 0.39 0.38 0.00 0.00 0.00 0.00 1.35 2.87 2.77 1.55 0.45 0.00 0.00 0.00 0.00 0.00 0.00
9.78 10.44 9.71 9.27 9.34 11.68 13.94 15.55 15.04 9.78 5.91 0.00 0.00 3.29 3.29 2.34 1.53 1.24 1.24 0.95 1.31 0.66 0.29 0.73 1.31 0.73 0.00 0.00 0.37 1.17 1.10 0.80 0.15 0.80 1.61 1.83 3.21 2.70 0.95 0.00 0.00 0.00 0.22 0.22 0.73 1.75 1.97 2.73 2.76 4.89 6.33 6.14 6.04 6.14 8.22 5.96 4.17 4.87 6.24 6.18 7.93 10.28 10.80 8.10 3.87 2.68 1.56 1.10 1.22 0.00 0.00 0.00 0.00 0.16 3.07 4.06 2.41 0.88 0.00 0.00 0.00 0.00 0.00 0.00
6.79 7.23 7.74 6.50 6.64 8.54 9.13 10.34 11.02 7.88 0.00 0.00 0.00 0.00 3.65 3.36 2.04 1.83 1.83 1.31 1.75 1.68 1.10 0.00 1.68 0.51 0.00 0.00 0.00 0.95 1.02 0.37 0.00 0.80 1.02 1.61 1.83 2.12 0.66 0.00 0.00 0.07 0.00 0.00 0.00 0.37 1.83 1.83 3.43 5.47 6.65 6.34 8.09 9.34 8.37 7.21 4.73 5.04 4.40 5.91 7.39 9.20 11.89 12.26 8.76 4.94 2.17 1.10 1.06 0.83 0.00 0.00 0.00 0.77 2.45 3.44 2.15 0.99 0.00 0.00 0.00 0.00 0.00 0.46
0.00 4.16 4.31 0.00 0.00 6.42 7.30 7.45 8.03 7.15 4.02 0.00 0.00 0.00 1.10 1.83 2.77 3.07 3.07 2.34 1.31 1.17 0.73 0.37 0.80 0.44 0.00 0.00 0.00 0.15 0.00 0.00 0.00 0.00 0.00 0.80 0.37 0.44 0.00 0.00 0.00 0.00 0.00 0.00 0.37 0.51 1.75 2.12 3.50 5.69 7.56 7.49 8.74 8.59 8.29 7.93 4.84 5.50 5.77 6.93 6.05 7.80 11.18 13.90 12.18 7.75 3.20 4.04 4.06 3.42 1.32 0.00 0.00 0.33 1.52 1.70 0.00 0.00 0.00 0.00 0.00 0.00 0.00 1.38
0.00 0.00 0.00 0.00 0.00 6.28 7.45 7.59 8.03 7.37 4.89 3.14 0.00 0.00 0.00 0.00 0.95 1.90 1.90 2.19 1.24 0.95 0.00 0.00 0.00 0.00 0.00 0.00 0.00 0.00 0.00 0.00 0.00 0.00 0.00 0.00 0.00 0.00 0.00 0.00 0.00 0.00 0.00 0.00 0.00 0.80 1.83 2.12 2.74 6.10 8.07 8.04 11.13 7.25 5.57 6.12 6.66 5.48 5.74 8.17 8.99 8.49 8.55 11.36 12.05 12.14 9.41 5.49 6.43 3.89 3.74 0.89 0.00 0.00 0.66 0.00 0.00 0.37 0.16 0.00 0.00 0.00 0.73 1.15
0.00 0.00 0.00 0.00 0.00 0.00 6.42 7.74 8.98 7.30 4.45 3.29 2.26 1.61 1.75 2.19 0.00 0.00 0.00 1.39 0.73 0.07 0.00 0.00 0.00 0.00 0.00 0.00 0.00 0.00 0.00 0.00 0.00 0.00 0.00 0.00 0.00 0.00 0.00 0.00 0.00 0.00 0.00 0.00 0.00 0.00 0.15 1.14 2.18 4.52 5.82 7.70 6.55 4.96 4.69 6.02 0.00 0.00 8.71 12.03 11.56 8.66 7.90 11.21 11.77 11.03 13.69 9.92 11.11 6.59 5.17 3.30 0.00 0.00 0.00 0.00 0.00 0.00 0.00 0.00 0.00 0.00 0.77 1.56
0.00 0.00 0.00 0.00 0.00 0.00 0.00 6.06 7.08 6.13 4.82 2.56 3.29 3.50 3.36 4.74 4.06 2.70 2.70 0.00 1.17 0.00 0.00 0.00 0.00 0.00 0.00 0.00 0.00 0.00 0.00 0.00 0.00 0.00 0.00 0.00 0.00 0.00 0.00 0.00 0.00 0.00 0.00 0.00 0.00 0.07 0.00 0.00 0.76 4.79 6.34 6.47 6.39 3.70 4.33 0.00 0.00 0.00 0.00 0.00 9.65 12.70 8.39 9.08 11.82 10.46 15.42 11.39 11.63 8.04 7.00 4.33 3.69 1.86 0.00 0.00 0.78 1.38 0.00 0.00 0.00 0.00 0.00 0.00
0.00 0.00 0.00 0.00 0.00 0.00 0.00 0.00 4.89 5.04 3.07 3.43 4.96 4.38 5.62 6.82 5.62 4.44 4.14 0.00 3.50 1.17 0.00 0.00 0.00 0.00 0.66 0.00 0.00 0.00 0.00 0.00 0.00 0.00 0.00 0.00 0.00 0.00 0.00 0.00 0.00 0.00 0.00 0.00 0.00 0.37 0.00 0.00 2.56 5.67 7.90 7.84 5.77 2.27 0.00 0.00 0.00 0.00 0.00 0.00 0.00 12.51 11.31 8.60 10.56 10.44 12.13 12.73 15.55 11.96 7.35 4.53 5.59 2.42 0.00 0.92 2.71 2.06 0.00 0.00 0.00 0.00 0.00 0.00
0.00 0.00 0.00 0.00 0.00 0.00 0.00 0.00 0.00 0.00 0.00 0.00 0.00 0.00 0.00 3.36 2.70 4.28 4.35 5.40 5.84 6.35 3.72 2.26 0.00 2.48 3.07 2.77 0.00 0.00 0.00 0.00 0.00 2.12 0.29 2.34 3.29 2.70 2.12 3.30 3.91 3.39 3.14 3.14 2.85 4.09 1.97 0.29 2.01 2.02 1.70 0.00 0.00 0.00 0.00 0.00 0.00 0.00 0.00 0.00 0.00 0.00 9.26 11.42 11.40 11.43 9.19 8.14 9.10 13.25 0.00 6.70 6.37 0.00 0.00 0.00 0.00 2.37 0.00 0.00 0.00 0.00 0.00 0.00
0.00 0.00 0.00 0.00 0.00 0.00 0.00 0.00 0.00 0.00 0.00 0.00 0.00 0.00 0.00 0.00 0.00 0.00 0.00 1.75 5.49 5.07 4.74 4.31 4.74 5.13 5.24 5.11 4.45 3.72 4.31 0.00 4.45 4.38 2.99 4.02 4.09 4.82 5.48 5.26 4.11 4.27 4.02 4.49 5.26 9.05 5.04 3.44 2.47 0.00 0.00 0.00 0.00 0.00 0.00 0.00 0.00 0.00 0.00 0.00 0.00 0.00 0.00 0.00 10.19 10.47 6.56 5.55 5.55 8.43 0.00 0.00 6.42 0.00 0.00 0.00 0.00 0.00 0.00 0.00 0.00 0.00 0.00 0.00
0.00 0.00 0.00 0.00 0.00 0.00 0.00 0.00 0.00 0.00 0.00 0.00 0.00 0.00 0.00 0.00 0.00 0.00 0.00 0.00 0.00 1.17 2.85 4.16 4.02 3.89 5.81 6.20 4.82 4.74 4.53 3.87 7.78 5.91 5.91 3.93 3.50 4.60 4.45 4.67 3.32 1.75 3.33 4.23 8.55 10.07 8.70 6.87 1.00 0.00 0.00 0.00 0.00 0.00 0.00 0.00 0.00 0.00 0.00 0.00 0.00 0.00 0.00 0.00 0.00 0.00 0.00 0.00 0.00 0.00 0.00 0.00 0.00 0.00 0.00 0.00 0.00 0.00 0.00 0.00 0.00 0.00 0.00 0.00
0.00 0.00 0.00 0.00 0.00 0.00 0.00 0.00 0.00 0.00 0.00 0.00 0.00 0.00 0.00 0.00 0.00 0.00 0.00 0.00 0.00 0.00 0.00 0.66 0.00 4.38 2.92 3.50 3.72 5.62 3.43 3.09 9.06 6.06 3.50 0.00 0.00 3.07 3.43 2.34 0.00 0.00 0.00 0.00 3.23 11.90 7.69 2.77 0.00 0.00 0.00 0.00 0.00 0.00 0.00 0.00 0.00 0.00 0.00 0.00 0.00 0.00 0.00 0.00 0.00 0.00 0.00 0.00 0.00 0.00 0.00 0.00 0.00 0.00 0.00 0.00 0.00 0.00 0.00 0.00 0.00 0.00 0.00 0.00
