Wansh/Snow_depth/snowdepth-1989/spring/1989071.txt
ncols 321
nrows 161
xllcenter 60
yllcenter 15 
cellsize  0.25 
NODATA_value -1
[rows 0 to 36 of 161, columns 83 to 165 of 321]
13.72 14.09 15.04 14.09 14.09 10.95 8.32 6.35 5.11 7.37 7.74 8.03 9.42 11.39 11.75 12.99 13.36 14.89 16.43 16.43 17.59 19.64 9.34 9.34 10.15 9.93 3.65 2.26 1.61 1.17 1.02 2.12 3.94 6.20 5.91 3.29 1.53 0.29 0.66 0.66 1.61 3.50 5.62 7.45 7.45 7.08 6.13 5.04 4.74 4.67 6.13 7.01 8.91 8.98 8.10 7.74 7.96 8.61 7.52 7.66 7.23 5.40 4.09 3.14 3.07 2.63 3.21 3.94 5.18 5.18 6.79 8.40 11.39 13.21 13.58 12.78 11.83 13.07 13.94 15.11 15.99 15.70 13.14
11.68 10.07 11.32 10.15 9.20 7.52 5.84 4.60 4.02 6.06 7.45 8.54 9.13 10.29 9.86 9.56 9.05 10.29 13.14 13.14 15.77 17.81 18.98 19.13 18.18 13.94 10.44 4.53 2.92 2.12 1.17 1.39 2.19 3.65 4.53 2.41 1.39 0.00 0.00 0.00 0.00 2.56 6.86 10.66 10.66 11.90 10.29 8.76 6.72 4.53 4.31 4.60 4.67 4.82 5.33 5.69 6.35 6.79 8.91 9.64 8.47 8.25 7.52 8.18 7.52 6.50 6.13 7.45 8.47 8.47 9.71 10.51 10.88 12.70 14.53 15.84 16.35 16.50 17.37 17.96 17.59 16.86 16.64
9.49 9.13 7.88 7.30 5.69 4.60 5.18 6.42 7.96 8.76 10.22 10.95 11.24 10.37 11.90 9.34 8.40 7.52 8.32 8.32 9.56 10.73 13.43 15.91 17.45 16.64 12.92 9.42 3.43 2.34 1.97 1.68 1.61 2.04 3.50 4.02 4.31 3.80 3.29 2.85 2.41 3.29 5.04 7.96 7.96 10.22 13.80 16.28 13.87 10.73 7.23 5.33 3.72 3.36 3.50 4.31 5.48 6.28 8.76 10.00 11.24 11.39 11.24 11.53 11.17 10.66 10.51 11.24 12.99 12.99 13.65 12.12 11.24 10.15 10.95 14.31 16.72 18.47 18.61 18.32 18.32 18.54 19.35
9.49 9.13 7.88 7.30 5.69 4.60 5.18 6.42 7.96 8.76 10.22 10.95 11.24 10.37 11.90 9.34 8.40 7.52 8.32 8.32 9.56 10.73 13.43 15.91 17.45 16.64 12.92 9.42 3.43 2.34 1.97 1.68 1.61 2.04 3.50 4.02 4.31 3.80 3.29 2.85 2.41 3.29 5.04 7.96 7.96 10.22 13.80 16.28 13.87 10.73 7.23 5.33 3.72 3.36 3.50 4.31 5.48 6.28 8.76 10.00 11.24 11.39 11.24 11.53 11.17 10.66 10.51 11.24 12.99 12.99 13.65 12.12 11.24 10.15 10.95 14.31 16.72 18.47 18.61 18.32 18.32 18.54 19.35
8.98 8.54 8.61 7.52 6.50 8.10 8.40 8.32 8.91 8.61 9.49 11.10 11.97 11.90 11.75 13.58 12.05 10.73 9.56 9.56 8.32 6.42 7.96 10.44 13.58 15.84 14.16 10.88 7.88 7.15 2.48 1.53 1.53 2.56 3.65 5.11 8.25 8.32 6.79 4.60 3.07 1.83 1.02 2.34 2.34 5.48 10.22 14.97 16.35 16.06 12.70 9.71 6.94 4.96 3.58 3.21 4.02 4.89 5.48 7.15 9.49 10.22 12.12 12.99 12.63 11.39 12.05 13.36 13.07 13.07 13.80 13.36 12.48 11.24 10.59 10.59 12.19 14.60 16.57 16.86 16.86 16.35 16.50
10.59 10.59 11.83 9.78 8.61 10.59 9.05 8.61 8.18 7.96 8.54 10.07 10.95 11.10 12.05 11.17 14.02 14.53 14.75 14.75 13.29 11.24 10.29 8.40 9.05 9.93 10.59 10.15 8.03 5.91 4.38 2.26 2.26 2.70 4.45 6.57 8.40 8.03 4.89 1.53 0.07 0.00 0.00 1.10 1.10 2.70 6.42 9.56 14.53 15.84 14.16 10.66 5.84 4.45 3.72 4.02 4.45 4.89 6.72 7.59 9.34 10.51 12.48 14.89 16.43 14.89 14.16 13.14 12.34 12.34 11.46 12.05 13.29 13.43 12.85 11.46 11.02 10.88 10.73 11.90 12.85 15.18 16.79
11.90 12.19 11.83 12.26 12.70 10.95 10.15 9.42 8.69 9.27 10.37 11.10 11.32 10.00 9.56 10.07 11.24 14.53 15.70 15.70 16.79 16.79 15.62 12.48 9.34 7.88 7.59 6.86 5.26 4.16 3.50 2.92 3.29 3.58 4.38 6.42 7.52 7.08 4.53 1.46 0.73 0.80 2.19 4.09 4.09 7.88 10.22 11.02 12.70 13.58 10.51 7.30 5.48 5.04 4.74 5.04 5.69 7.37 9.42 10.80 11.32 11.39 14.16 17.30 18.10 17.37 17.37 16.50 13.36 13.36 13.14 13.36 13.87 14.82 14.82 14.67 14.02 12.12 11.24 10.88 10.44 11.17 13.80
11.90 12.19 11.83 12.26 12.70 10.95 10.15 9.42 8.69 9.27 10.37 11.10 11.32 10.00 9.56 10.07 11.24 14.53 15.70 15.70 16.79 16.79 15.62 12.48 9.34 7.88 7.59 6.86 5.26 4.16 3.50 2.92 3.29 3.58 4.38 6.42 7.52 7.08 4.53 1.46 0.73 0.80 2.19 4.09 4.09 7.88 10.22 11.02 12.70 13.58 10.51 7.30 5.48 5.04 4.74 5.04 5.69 7.37 9.42 10.80 11.32 11.39 14.16 17.30 18.10 17.37 17.37 16.50 13.36 13.36 13.14 13.36 13.87 14.82 14.82 14.67 14.02 12.12 11.24 10.88 10.44 11.17 13.80
10.73 10.66 10.51 11.02 10.66 11.39 10.29 9.56 9.56 11.46 12.26 10.73 9.20 6.64 6.28 8.03 11.02 12.12 15.26 15.26 15.40 17.74 17.67 15.84 13.21 8.47 5.48 4.31 3.29 3.14 4.74 3.43 3.29 4.02 5.11 7.45 10.29 10.59 7.74 5.69 4.60 3.80 4.02 5.48 5.48 7.74 9.13 7.96 8.25 7.08 7.23 7.66 7.88 8.47 6.79 6.06 6.35 7.01 8.32 9.13 9.86 10.66 11.39 13.36 14.09 14.75 15.48 15.62 15.26 15.26 15.26 15.18 15.70 15.70 14.60 13.87 13.51 14.16 15.33 15.18 14.24 11.46 11.02
9.20 9.27 8.69 8.76 10.29 9.93 10.66 8.61 10.95 10.95 10.59 9.27 7.96 5.99 5.69 6.64 8.76 11.32 12.92 12.92 14.53 15.04 16.50 15.48 12.41 6.42 4.53 3.58 4.16 4.82 4.89 4.67 4.60 4.23 5.69 8.61 10.80 10.73 9.78 8.03 6.79 5.62 4.60 4.82 4.82 5.18 5.69 5.11 5.84 7.66 8.98 9.34 10.80 12.41 11.75 10.29 9.71 10.07 10.37 10.37 9.93 10.07 10.37 10.88 11.10 11.75 13.43 14.82 15.77 15.77 16.06 16.64 16.28 16.43 15.84 14.60 14.75 18.47 19.64 20.73 18.10 15.04 12.19
8.54 9.64 9.93 9.56 9.42 10.15 9.49 10.88 10.07 9.78 9.49 8.32 7.15 6.86 7.08 8.83 10.37 12.56 13.51 13.51 14.31 13.58 15.48 14.53 8.61 5.77 5.18 5.04 5.18 4.89 4.02 4.23 4.31 3.43 3.72 6.94 8.10 8.91 9.42 8.10 6.86 6.35 7.15 7.45 7.45 7.01 7.52 6.50 6.28 8.25 9.78 10.80 12.12 13.36 12.34 10.51 10.44 11.53 13.21 13.80 12.56 12.34 12.34 11.75 11.61 12.05 13.43 16.43 17.96 17.96 19.78 20.37 18.98 18.25 17.59 17.96 18.91 21.90 24.89 24.45 21.53 16.72 14.24
8.54 9.64 9.93 9.56 9.42 10.15 9.49 10.88 10.07 9.78 9.49 8.32 7.15 6.86 7.08 8.83 10.37 12.56 13.51 13.51 14.31 13.58 15.48 14.53 8.61 5.77 5.18 5.04 5.18 4.89 4.02 4.23 4.31 3.43 3.72 6.94 8.10 8.91 9.42 8.10 6.86 6.35 7.15 7.45 7.45 7.01 7.52 6.50 6.28 8.25 9.78 10.80 12.12 13.36 12.34 10.51 10.44 11.53 13.21 13.80 12.56 12.34 12.34 11.75 11.61 12.05 13.43 16.43 17.96 17.96 19.78 20.37 18.98 18.25 17.59 17.96 18.91 21.90 24.89 24.45 21.53 16.72 14.24
9.13 9.49 9.56 8.98 9.20 8.54 9.93 11.24 11.24 9.93 8.61 8.47 9.20 10.37 12.78 14.09 15.11 16.43 17.01 17.01 18.40 18.03 16.86 12.26 9.49 7.81 7.45 7.08 5.91 4.53 5.99 7.15 7.37 6.13 5.48 5.69 8.91 10.80 11.53 10.73 9.49 9.78 10.80 8.83 8.83 7.81 8.25 8.40 8.91 9.93 11.24 13.51 15.33 14.60 13.36 11.75 11.10 11.39 14.45 16.06 15.91 15.26 13.29 12.12 12.48 12.92 13.65 15.55 17.67 17.67 19.71 20.95 21.53 20.51 20.08 20.44 22.92 24.89 25.33 24.60 21.83 18.54 16.21
9.71 9.34 8.98 9.13 8.61 9.49 10.51 10.88 10.95 10.22 8.76 11.17 11.97 13.21 16.35 18.47 19.27 19.78 19.13 19.13 19.20 16.35 14.16 15.91 10.37 9.71 8.83 7.37 5.11 6.79 9.93 12.48 13.87 15.33 16.28 10.66 12.12 15.04 15.26 14.75 12.99 12.26 12.26 11.75 11.75 10.66 11.17 11.90 14.09 15.11 15.18 16.06 16.13 15.77 16.43 16.35 14.60 13.36 12.56 12.34 12.34 12.70 13.07 13.87 14.89 15.40 15.62 16.50 17.01 17.01 18.25 20.73 21.10 20.22 20.08 19.35 19.56 18.18 14.38 15.04 15.99 16.72 15.18
10.00 10.44 10.29 9.27 8.25 8.76 9.20 8.32 7.96 8.91 10.37 10.07 12.34 14.09 15.77 16.57 16.72 16.94 16.28 16.28 14.53 12.48 11.32 11.61 11.39 11.83 11.90 10.44 9.93 12.41 15.26 17.96 19.93 21.53 19.35 18.32 16.21 15.33 14.09 13.72 12.99 13.87 14.82 14.53 14.53 12.99 12.05 12.99 14.60 14.82 14.53 15.70 16.94 16.35 16.72 18.47 17.89 15.84 13.36 10.44 7.52 6.94 8.18 9.05 10.00 12.48 14.09 14.89 15.70 15.70 17.30 18.40 18.91 17.59 14.75 14.60 14.89 12.41 5.40 1.68 5.40 14.38 16.57
8.32 9.13 9.71 10.29 11.02 7.88 8.61 6.79 4.96 5.18 6.42 7.15 9.64 10.37 11.10 12.12 11.17 11.68 13.14 13.14 13.21 12.48 11.90 12.19 13.14 13.14 14.75 13.87 13.43 14.24 16.50 17.96 20.73 20.59 17.89 16.50 14.31 14.53 11.90 13.14 14.24 14.24 14.16 13.29 13.29 11.68 11.90 13.14 14.60 14.24 14.31 15.55 15.04 14.38 14.53 16.64 17.37 16.21 13.58 9.78 6.64 6.94 8.54 8.61 7.88 9.27 12.12 13.87 15.70 15.70 18.10 18.83 17.67 13.65 11.39 10.95 12.70 10.29 3.50 0.44 5.69 12.85 13.21
8.32 9.13 9.71 10.29 11.02 7.88 8.61 6.79 4.96 5.18 6.42 7.15 9.64 10.37 11.10 12.12 11.17 11.68 13.14 13.14 13.21 12.48 11.90 12.19 13.14 13.14 14.75 13.87 13.43 14.24 16.50 17.96 20.73 20.59 17.89 16.50 14.31 14.53 11.90 13.14 14.24 14.24 14.16 13.29 13.29 11.68 11.90 13.14 14.60 14.24 14.31 15.55 15.04 14.38 14.53 16.64 17.37 16.21 13.58 9.78 6.64 6.94 8.54 8.61 7.88 9.27 12.12 13.87 15.70 15.70 18.10 18.83 17.67 13.65 11.39 10.95 12.70 10.29 3.50 0.44 5.69 12.85 13.21
7.96 9.93 10.44 10.95 11.02 10.88 6.86 6.42 4.89 3.36 3.07 4.23 6.50 5.69 10.22 12.12 11.68 12.99 14.60 14.60 13.58 12.56 11.10 10.44 10.80 12.26 13.51 16.06 15.11 15.18 15.18 16.72 18.83 19.49 18.83 17.37 13.72 11.61 10.22 11.46 12.26 13.36 15.33 14.67 14.67 15.11 15.33 17.16 17.96 19.86 18.47 16.72 15.40 14.60 14.60 15.40 14.53 13.58 11.61 9.05 8.47 11.02 13.07 13.87 11.97 10.66 11.75 13.94 15.48 15.48 18.61 19.56 15.99 12.78 10.80 10.44 9.71 9.27 4.74 3.87 6.20 10.37 9.64
9.49 11.39 13.43 15.11 15.33 14.16 6.50 8.98 6.42 4.60 4.31 7.08 8.54 8.54 9.05 15.18 14.60 14.89 15.33 15.33 14.53 14.02 13.72 11.68 9.71 10.07 13.36 14.24 16.64 17.23 17.74 18.18 19.78 21.24 21.32 20.29 15.99 13.07 10.88 10.15 10.29 12.26 14.67 18.03 18.03 20.88 21.02 21.46 21.68 22.05 20.37 17.96 15.62 15.26 14.60 14.02 13.43 12.05 11.53 12.26 12.78 15.70 18.40 18.25 16.64 14.89 15.11 16.57 19.71 19.71 21.61 20.66 15.77 11.17 8.40 6.79 5.84 4.31 4.02 3.72 5.99 7.74 7.45
8.03 9.78 10.88 12.41 15.11 16.13 10.59 13.14 11.17 8.61 8.25 9.34 9.86 8.25 9.34 11.97 10.95 11.10 12.78 12.78 15.11 15.99 15.33 13.58 11.97 11.83 13.07 14.75 15.84 16.06 15.70 15.33 17.23 18.83 19.42 19.05 15.18 10.73 7.23 4.60 6.79 6.13 11.46 18.98 18.98 25.04 27.67 25.33 23.00 20.44 19.20 17.96 15.77 14.60 12.85 12.56 13.43 14.31 14.53 14.97 15.40 17.23 19.86 19.13 18.18 17.23 18.25 20.29 22.27 22.27 20.51 14.82 9.56 6.13 3.29 3.58 2.63 2.04 2.56 4.38 5.62 5.84 6.20
7.74 8.76 10.59 11.90 13.29 15.77 16.35 12.26 14.02 12.48 12.26 11.90 11.83 13.51 13.65 9.93 9.93 10.51 11.32 11.32 12.85 14.02 14.16 14.53 14.02 14.82 15.04 16.28 16.06 15.26 13.65 12.48 12.48 14.53 17.23 17.08 11.10 6.06 2.56 0.00 0.00 0.00 9.71 15.55 15.55 20.37 23.87 22.70 19.71 17.52 17.30 15.70 15.55 15.55 15.33 16.13 18.18 18.76 17.23 15.91 15.99 15.77 15.84 15.62 15.91 16.43 17.37 17.81 17.08 17.08 13.72 7.88 2.70 1.46 0.80 0.66 0.73 1.02 1.46 2.19 3.21 3.65 4.89
8.25 8.76 10.44 12.85 12.56 12.63 13.51 16.28 13.65 15.33 17.67 18.10 18.98 21.90 22.78 22.05 18.25 16.21 14.97 14.97 14.53 14.60 16.06 16.79 18.25 19.27 20.22 21.24 20.88 19.42 18.10 15.18 12.99 13.14 14.60 13.36 7.59 3.43 0.00 0.00 0.00 0.00 8.54 9.42 9.42 12.05 13.29 13.72 12.78 13.07 12.63 12.12 12.41 13.36 14.31 17.01 19.20 19.05 15.91 14.09 13.21 12.41 12.34 12.26 13.43 14.67 14.97 13.65 11.97 11.97 10.44 7.45 5.48 3.14 0.95 0.88 0.95 0.95 1.17 2.12 2.63 2.63 3.14
8.25 8.76 10.44 12.85 12.56 12.63 13.51 16.28 13.65 15.33 17.67 18.10 18.98 21.90 22.78 22.05 18.25 16.21 14.97 14.97 14.53 14.60 16.06 16.79 18.25 19.27 20.22 21.24 20.88 19.42 18.10 15.18 12.99 13.14 14.60 13.36 7.59 3.43 0.00 0.00 0.00 0.00 8.54 9.42 9.42 12.05 13.29 13.72 12.78 13.07 12.63 12.12 12.41 13.36 14.31 17.01 19.20 19.05 15.91 14.09 13.21 12.41 12.34 12.26 13.43 14.67 14.97 13.65 11.97 11.97 10.44 7.45 5.48 3.14 0.95 0.88 0.95 0.95 1.17 2.12 2.63 2.63 3.14
10.15 9.13 10.15 11.46 12.56 12.34 12.99 15.18 12.70 17.23 19.64 19.86 21.10 21.90 22.19 22.92 21.90 22.56 17.96 17.96 16.43 14.97 16.21 17.52 18.98 20.81 21.83 21.83 21.10 20.59 23.58 17.01 13.14 11.39 9.56 6.42 4.31 2.19 0.00 0.00 0.00 3.21 0.00 2.70 2.70 3.72 5.18 6.28 8.03 8.76 8.03 7.74 7.59 7.74 9.27 11.24 11.10 10.88 8.91 8.54 8.98 10.29 11.61 11.68 12.56 14.02 14.24 11.61 9.34 9.34 10.44 12.70 13.07 8.54 5.69 3.94 1.90 0.73 0.80 1.46 2.48 2.41 2.34
12.48 11.90 12.41 13.80 15.48 16.64 16.72 16.35 20.08 22.34 22.27 21.10 19.93 18.91 18.76 18.61 19.05 20.88 19.20 19.20 17.01 18.98 20.59 21.61 22.57 21.50 22.26 19.61 19.64 20.44 20.66 20.29 14.24 10.29 6.79 3.87 0.00 0.00 0.00 0.00 0.00 0.00 1.83 0.00 0.00 0.00 3.50 5.55 8.54 8.25 5.33 4.23 5.04 5.62 6.35 6.86 6.13 5.69 5.62 6.50 8.32 10.73 11.17 11.10 11.97 13.07 13.14 11.24 8.47 8.47 10.73 13.72 13.07 10.88 7.81 5.40 3.36 2.26 2.04 2.04 2.70 2.77 2.12
18.10 17.16 17.37 20.59 21.90 23.43 24.38 25.11 23.65 24.02 14.24 11.61 16.06 16.13 13.07 11.53 15.77 20.37 18.83 18.83 24.60 24.82 25.26 25.26 26.42 28.16 22.72 23.03 22.50 22.27 21.83 23.29 21.90 13.51 10.29 7.45 3.21 2.85 3.43 3.87 4.74 4.16 3.43 3.50 3.50 2.70 3.36 5.11 7.37 6.06 4.09 3.43 4.45 4.38 4.96 5.11 4.82 4.60 5.99 6.86 8.98 11.32 11.90 11.83 12.05 11.53 11.17 11.24 11.32 11.32 12.85 12.70 12.92 11.39 9.27 7.37 5.91 5.33 3.94 3.14 2.48 1.24 0.29
21.75 20.51 19.78 19.71 21.90 23.36 24.16 24.45 22.41 20.73 14.02 7.59 4.45 1.83 1.39 6.50 12.26 17.81 21.83 21.83 22.05 21.61 21.49 22.50 23.63 24.13 24.59 25.11 23.74 23.41 22.05 20.22 23.73 17.67 15.91 12.85 11.32 9.42 9.49 8.76 6.94 4.02 3.94 4.82 4.82 3.21 2.92 3.21 4.67 5.69 6.50 6.13 4.82 3.80 2.70 2.92 4.16 4.89 4.96 4.23 6.72 10.37 13.51 15.26 14.82 12.92 11.61 13.58 16.28 16.28 17.30 16.43 14.38 12.41 11.10 10.15 9.56 8.10 5.77 4.23 2.41 1.31 0.58
21.83 20.51 19.49 18.61 18.47 20.66 22.48 21.75 14.82 18.98 13.72 9.13 5.40 1.90 0.00 2.26 7.01 12.12 14.89 14.89 12.77 18.95 11.26 12.42 13.80 17.42 19.20 21.45 24.84 25.96 24.92 23.77 22.27 23.58 22.41 21.61 22.48 20.08 17.30 12.12 8.40 4.60 4.16 5.55 5.55 5.62 5.48 2.41 6.64 10.15 11.24 10.51 8.83 5.84 2.63 1.46 2.41 3.21 2.92 2.48 4.74 8.91 12.63 16.94 19.71 20.37 18.76 20.81 22.34 22.34 21.53 17.96 15.04 12.12 10.00 9.86 10.15 8.76 4.82 3.94 3.36 2.19 1.46
21.83 20.51 19.49 18.61 18.47 20.66 22.48 21.75 14.82 18.98 13.72 9.13 5.40 1.90 0.00 2.26 7.01 12.12 14.89 14.97 13.18 19.24 12.06 12.11 14.15 17.16 19.20 20.81 23.08 24.26 25.31 24.01 23.19 26.49 23.72 22.16 22.48 20.08 17.30 12.12 8.40 4.60 4.16 5.55 5.55 5.62 5.48 2.41 6.64 10.15 11.24 10.51 8.83 5.84 2.63 1.46 2.41 3.21 2.92 2.48 4.74 8.91 12.63 16.94 19.71 20.37 18.76 20.81 22.34 22.34 21.53 17.96 15.04 12.12 10.00 9.86 10.15 8.76 4.82 3.94 3.36 2.19 1.46
17.23 17.37 15.48 13.72 13.87 15.55 17.37 21.97 17.01 22.27 21.68 18.32 15.04 9.64 5.91 8.25 12.63 16.57 20.22 20.22 18.54 15.18 12.99 7.63 6.45 7.49 9.22 12.46 15.63 19.42 23.40 25.73 24.51 24.53 28.86 25.59 25.87 24.04 20.44 15.26 11.39 7.15 6.20 6.50 6.50 6.13 5.40 4.89 8.40 12.05 16.21 16.79 14.38 7.88 4.09 2.56 2.04 1.97 0.00 0.00 4.45 6.50 8.69 12.19 19.49 24.60 25.55 24.60 23.58 23.58 21.10 16.72 13.21 9.56 7.23 7.81 8.76 6.20 3.50 2.63 2.12 1.39 0.58
14.38 15.33 15.33 12.19 10.95 8.03 8.76 12.92 16.43 23.21 21.61 20.22 18.61 15.84 12.34 11.75 15.40 19.56 21.97 21.97 19.96 14.67 16.73 6.35 4.23 3.89 4.22 4.45 9.15 13.93 19.69 22.56 23.36 21.68 25.25 27.57 27.38 25.42 23.77 20.51 17.45 18.83 12.92 5.84 5.84 4.38 4.60 5.62 5.55 8.61 14.31 17.89 18.03 13.58 8.98 6.42 4.38 3.43 3.72 3.87 4.96 5.62 6.13 9.64 17.16 25.11 26.86 24.82 22.85 22.85 20.37 13.51 10.44 7.15 5.04 5.77 5.99 4.16 2.26 1.24 2.12 2.19 2.34
14.75 14.89 17.01 16.64 15.62 14.60 15.91 15.33 15.26 18.18 16.72 17.52 14.75 12.12 10.44 11.10 14.60 17.16 15.84 15.84 13.80 11.46 9.56 10.29 4.60 4.16 3.36 3.87 8.04 12.13 15.37 20.08 23.21 23.29 23.80 25.20 26.94 29.68 26.50 25.77 26.43 24.31 19.20 13.51 13.51 6.57 4.67 4.23 3.94 4.89 8.25 12.63 14.24 13.58 11.39 8.76 7.01 5.26 4.38 4.16 5.11 5.04 4.60 7.23 14.24 19.49 21.97 18.54 16.79 16.79 14.97 9.93 5.91 2.77 1.61 2.04 2.48 2.12 2.34 2.41 2.70 3.87 4.60
15.62 18.25 19.42 18.61 16.72 16.79 18.69 21.17 23.94 16.72 18.91 18.98 17.52 15.40 15.18 13.80 14.24 13.36 11.53 11.53 9.71 10.15 10.00 8.69 7.81 7.52 5.48 6.42 7.92 10.73 14.09 18.47 20.66 20.88 22.05 25.04 25.26 30.31 30.03 28.75 29.79 27.59 24.09 18.03 18.03 11.68 9.20 6.94 4.16 3.50 5.11 6.35 7.88 8.69 8.10 9.20 7.59 3.50 0.00 3.87 5.77 4.89 3.65 4.53 7.96 11.61 11.17 10.95 10.15 10.15 7.08 4.16 2.04 0.00 0.00 0.51 1.17 2.41 3.87 4.23 4.02 3.80 5.18
6.06 7.96 12.05 15.99 16.79 13.80 10.37 9.64 8.83 25.14 13.58 18.03 19.42 19.20 17.45 15.04 11.02 7.88 5.33 5.33 7.66 10.07 11.83 12.99 10.95 10.59 8.25 7.15 7.74 9.71 12.70 16.13 17.08 16.64 17.89 22.19 25.33 26.06 24.75 24.61 26.43 26.49 23.43 20.15 20.15 18.32 15.11 11.97 9.13 6.86 4.53 4.02 4.09 3.72 4.16 5.91 5.11 0.00 0.00 3.29 5.04 4.74 3.58 3.58 4.23 4.31 4.74 4.23 3.43 3.43 2.99 0.00 0.00 0.00 0.00 0.88 0.00 2.12 3.07 3.43 3.50 4.16 5.26
3.58 3.21 3.36 6.20 11.02 14.82 16.94 13.51 8.83 3.74 16.28 10.22 11.17 13.58 12.41 9.42 4.96 3.43 4.45 4.45 7.66 10.29 13.14 13.87 13.14 14.16 11.46 9.34 8.10 8.97 11.50 14.45 13.79 12.42 11.32 13.07 14.45 20.44 15.93 20.95 21.53 20.35 18.61 18.32 18.32 17.74 16.64 16.28 14.16 11.68 7.96 6.35 3.72 0.00 0.00 3.14 2.77 2.34 0.00 2.34 4.67 5.11 4.67 4.16 3.29 3.14 2.34 1.53 0.00 0.00 0.00 0.00 0.00 0.00 0.00 0.00 0.00 2.70 2.92 3.58 4.82 5.62 5.91
3.58 3.21 3.36 6.20 11.02 14.82 16.94 13.51 8.83 3.65 16.28 10.22 11.17 13.58 12.41 9.42 4.96 3.43 4.48 4.45 7.66 10.29 13.14 13.87 13.14 14.16 11.46 9.34 8.10 8.83 11.10 13.94 13.72 12.05 11.32 13.13 14.53 20.44 15.85 21.16 21.53 20.15 18.61 18.32 18.32 17.74 16.64 16.28 14.16 11.68 7.96 6.35 3.72 0.00 0.00 3.14 2.77 2.34 0.00 2.34 4.67 5.11 4.67 4.16 3.29 3.14 2.34 1.53 0.00 0.00 0.00 0.00 0.00 0.00 0.00 0.00 0.00 2.70 2.92 3.58 4.82 5.62 5.91
9.13 6.35 3.14 0.00 0.00 8.91 16.06 18.10 15.93 12.90 6.20 8.76 7.81 10.88 8.83 5.04 2.85 3.50 4.02 4.02 5.84 8.54 10.80 10.80 11.61 14.53 13.14 10.73 11.24 11.90 13.80 14.24 12.34 11.02 9.42 9.71 9.34 8.40 11.53 14.38 15.26 13.21 12.48 11.17 11.17 11.39 14.02 14.45 12.85 12.99 12.99 12.63 7.59 3.94 0.00 0.00 0.00 0.00 0.00 2.56 3.58 3.72 4.53 3.94 2.99 0.00 0.00 0.00 0.00 0.00 0.00 0.00 0.00 0.00 0.00 0.00 0.00 0.00 2.41 4.02 6.06 6.72 6.79
