Wansh/Snow_depth/snowdepth-1989/spring/1989062.txt
ncols 321
nrows 161
xllcenter 60
yllcenter 15 
cellsize  0.25 
NODATA_value -1
[rows 0 to 36 of 161, columns 83 to 165 of 321]
14.89 14.02 13.87 15.04 14.67 12.56 10.07 7.81 5.91 6.94 8.83 10.07 10.29 11.53 12.92 13.07 13.51 14.67 16.79 16.79 18.54 19.05 18.18 16.79 13.36 10.66 5.11 2.85 1.02 0.58 0.44 1.46 3.65 5.40 5.04 3.29 1.90 1.61 2.41 2.77 3.50 4.89 8.10 9.42 9.42 8.83 6.42 4.31 4.67 5.04 5.26 6.72 7.88 8.69 7.01 6.28 6.42 6.64 6.72 6.28 4.74 3.50 3.29 3.65 2.77 2.26 2.04 2.63 3.43 3.43 4.60 6.28 7.45 8.25 8.25 7.81 8.18 9.27 10.59 12.85 12.92 12.78 10.88
10.80 12.85 12.78 11.97 10.59 8.54 6.20 5.33 5.77 6.79 8.69 11.61 12.12 9.93 11.68 10.00 8.83 10.44 12.99 12.99 14.53 17.08 17.37 17.45 17.45 13.14 7.81 5.77 3.72 2.19 1.46 1.17 2.04 3.87 4.02 2.63 1.10 1.10 1.10 0.95 2.48 5.62 8.32 11.90 11.90 14.31 13.43 11.02 8.98 5.91 4.89 4.45 4.53 4.89 5.26 5.69 6.72 8.40 9.34 9.49 9.34 8.69 7.81 7.45 5.84 5.04 4.74 5.62 6.86 6.86 7.30 6.57 6.64 7.59 8.47 8.69 8.18 9.56 10.37 12.48 12.99 12.70 12.19
9.64 9.42 10.95 10.29 6.64 6.50 6.79 7.59 8.76 9.56 11.24 12.78 12.99 13.14 12.92 11.68 9.27 8.54 8.76 8.76 9.64 11.90 12.99 14.02 16.64 16.13 12.56 9.27 5.69 2.34 1.75 1.10 1.46 2.34 3.94 5.04 5.33 4.31 3.72 4.23 4.74 5.91 5.91 8.76 8.76 14.45 16.35 18.47 17.01 10.88 8.10 5.26 5.18 4.45 3.94 4.02 5.40 7.23 8.40 10.66 11.75 12.34 12.26 10.95 10.15 9.93 10.29 10.15 10.66 10.66 10.73 10.29 8.47 7.23 7.81 10.29 12.05 13.43 13.14 11.68 10.80 11.97 13.14
9.64 9.42 10.95 10.29 6.64 6.50 6.79 7.59 8.76 9.56 11.24 12.78 12.99 13.14 12.92 11.68 9.27 8.54 8.76 8.76 9.64 11.90 12.99 14.02 16.64 16.13 12.56 9.27 5.69 2.34 1.75 1.10 1.46 2.34 3.94 5.04 5.33 4.31 3.72 4.23 4.74 5.91 5.91 8.76 8.76 14.45 16.35 18.47 17.01 10.88 8.10 5.26 5.18 4.45 3.94 4.02 5.40 7.23 8.40 10.66 11.75 12.34 12.26 10.95 10.15 9.93 10.29 10.15 10.66 10.66 10.73 10.29 8.47 7.23 7.81 10.29 12.05 13.43 13.14 11.68 10.80 11.97 13.14
8.83 8.32 7.15 6.79 6.28 7.52 8.69 8.25 8.91 9.78 10.80 11.46 12.34 13.07 13.07 12.78 13.14 12.05 10.00 10.00 8.91 7.30 7.88 9.78 12.48 14.60 13.58 9.64 5.62 4.53 2.70 1.75 1.68 2.12 3.87 6.06 8.10 7.23 6.28 5.69 5.69 5.18 4.67 5.26 5.26 7.30 12.78 16.94 19.42 17.59 14.24 9.34 7.23 5.48 4.74 4.31 4.31 5.04 5.99 8.25 10.88 12.63 14.02 13.51 12.19 11.75 11.68 12.05 12.48 12.48 11.90 10.88 10.51 9.93 7.81 7.23 8.54 11.10 12.34 12.56 11.83 11.32 17.59
9.34 9.20 9.20 9.27 7.88 9.42 9.05 7.66 7.81 7.66 8.69 9.93 11.39 12.78 13.65 13.43 14.09 13.80 15.26 15.26 14.09 12.05 10.73 8.91 9.05 10.22 10.95 9.13 6.72 5.26 2.77 2.77 2.19 2.63 3.94 6.64 7.88 6.79 5.40 4.31 5.48 6.57 7.15 7.37 7.37 8.32 9.86 13.72 16.50 17.30 14.97 9.49 7.01 5.48 4.74 5.11 5.55 6.13 7.37 9.42 10.51 12.19 15.70 17.59 17.74 15.84 14.45 12.34 11.75 11.75 11.68 11.53 12.19 12.34 11.83 10.80 9.56 7.66 10.44 11.24 13.14 15.48 18.10
10.73 11.10 11.02 10.59 10.59 10.73 10.44 8.47 8.61 10.51 11.68 11.46 10.44 10.22 10.66 10.00 11.68 13.29 15.62 15.62 17.23 16.86 15.70 13.58 9.49 7.88 7.30 6.20 4.74 3.72 3.58 3.58 4.02 4.45 5.11 7.08 8.83 8.69 6.35 5.55 6.42 7.59 7.74 8.98 8.98 11.24 12.12 13.14 14.38 14.31 11.10 8.40 6.57 4.74 4.74 5.69 6.28 7.15 10.15 12.05 12.26 13.94 15.33 18.32 19.49 19.56 18.76 16.72 15.18 15.18 14.82 14.53 14.60 13.80 16.43 16.28 15.40 13.65 12.05 9.86 9.05 10.22 9.56
10.73 11.10 11.02 10.59 10.59 10.73 10.44 8.47 8.61 10.51 11.68 11.46 10.44 10.22 10.66 10.00 11.68 13.29 15.62 15.62 17.23 16.86 15.70 13.58 9.49 7.88 7.30 6.20 4.74 3.72 3.58 3.58 4.02 4.45 5.11 7.08 8.83 8.69 6.35 5.55 6.42 7.59 7.74 8.98 8.98 11.24 12.12 13.14 14.38 14.31 11.10 8.40 6.57 4.74 4.74 5.69 6.28 7.15 10.15 12.05 12.26 13.94 15.33 18.32 19.49 19.56 18.76 16.72 15.18 15.18 14.82 14.53 14.60 13.80 16.43 16.28 15.40 13.65 12.05 9.86 9.05 10.22 9.56
10.07 10.00 10.73 10.59 10.29 10.80 10.88 9.20 10.80 12.78 13.14 11.90 9.20 6.50 6.35 8.32 10.66 13.07 13.72 13.72 14.82 16.28 15.84 14.16 10.37 6.20 6.94 4.45 4.09 4.53 4.89 4.74 4.96 4.96 6.35 9.71 12.41 11.61 10.44 8.83 7.30 6.79 6.57 7.37 7.37 8.54 8.98 8.83 8.47 8.47 8.40 8.54 9.05 9.56 8.47 7.66 8.54 9.34 9.86 10.00 10.15 11.39 12.70 13.21 14.53 16.13 17.16 16.13 16.28 16.28 18.18 19.20 19.05 17.96 14.82 13.72 20.00 22.78 22.27 19.20 16.43 11.46 8.76
9.05 9.71 10.22 9.56 9.71 10.51 11.61 12.85 9.71 12.12 11.39 9.56 6.50 5.33 5.77 7.74 9.78 11.75 12.56 12.56 13.80 14.02 14.75 10.15 8.98 5.84 4.53 4.74 5.04 4.82 5.11 4.09 4.09 4.23 7.15 9.71 11.75 11.75 11.24 9.05 6.79 5.99 5.04 5.26 5.26 5.99 5.91 5.99 6.50 8.10 9.34 10.07 12.26 12.92 11.90 10.95 10.95 11.10 10.66 10.15 9.13 9.49 9.78 10.22 11.10 13.21 16.35 18.25 19.64 19.64 20.44 18.91 18.32 18.25 20.29 17.74 17.74 21.24 22.41 20.44 17.45 13.51 11.97
9.64 10.51 10.88 10.88 10.88 10.44 10.95 11.68 11.83 12.85 11.24 8.76 7.45 7.59 8.61 10.29 11.24 12.56 14.02 14.02 14.97 17.45 15.33 14.60 8.83 7.15 7.08 7.37 6.13 5.18 6.79 10.15 3.72 4.31 5.84 7.08 8.54 9.86 9.93 8.61 7.59 8.76 8.83 8.47 8.47 8.47 7.59 6.94 7.59 10.15 11.39 12.05 13.29 12.78 11.53 11.10 11.39 12.19 13.94 14.16 12.56 11.61 11.53 11.17 16.35 16.72 17.74 18.98 22.19 22.19 25.11 25.99 24.31 21.53 20.88 20.81 21.68 23.14 26.06 25.26 20.51 17.45 14.53
9.64 10.51 10.88 10.88 10.88 10.44 10.95 11.68 11.83 12.85 11.24 8.76 7.45 7.59 8.61 10.29 11.24 12.56 14.02 14.02 14.97 17.45 15.33 14.60 8.83 7.15 7.08 7.37 6.13 5.18 6.79 10.15 3.72 4.31 5.84 7.08 8.54 9.86 9.93 8.61 7.59 8.76 8.83 8.47 8.47 8.47 7.59 6.94 7.59 10.15 11.39 12.05 13.29 12.78 11.53 11.10 11.39 12.19 13.94 14.16 12.56 11.61 11.53 11.17 16.35 16.72 17.74 18.98 22.19 22.19 25.11 25.99 24.31 21.53 20.88 20.81 21.68 23.14 26.06 25.26 20.51 17.45 14.53
10.15 11.24 12.70 12.19 10.80 9.86 10.80 11.53 11.32 10.44 9.64 9.20 11.61 13.43 15.99 16.13 16.64 17.16 17.81 17.81 19.13 18.61 16.28 17.74 10.44 9.34 8.61 7.96 5.40 4.82 6.86 9.20 11.02 14.09 14.97 15.26 17.59 20.08 12.99 11.75 11.68 11.61 11.46 10.95 10.95 10.22 9.86 10.00 10.07 10.15 11.75 12.92 13.36 12.34 11.17 10.66 10.73 12.26 14.09 13.51 14.82 15.91 16.57 16.43 16.21 16.86 17.45 18.69 20.59 20.59 23.21 25.33 25.70 24.53 22.78 22.27 22.56 23.94 24.38 24.45 23.07 18.10 15.55
10.88 12.19 12.56 11.24 10.15 9.78 9.71 9.42 9.42 9.27 9.42 9.13 13.14 14.24 17.30 19.20 21.32 22.34 22.05 22.05 20.44 18.61 15.91 13.36 14.02 11.02 8.98 7.30 7.30 9.20 12.12 12.92 14.24 16.94 17.08 15.84 16.86 18.54 17.30 15.40 14.67 14.16 14.02 13.43 13.43 12.92 13.51 14.45 15.99 15.18 15.33 15.84 15.04 14.31 14.53 14.53 13.43 11.90 11.75 11.46 11.61 11.90 14.02 15.26 16.28 17.59 17.96 18.61 20.08 20.08 22.34 23.87 24.24 23.07 21.46 21.17 20.15 15.33 12.34 13.21 15.99 16.35 15.33
10.22 11.17 11.02 10.51 10.44 9.71 9.20 7.96 7.23 8.10 9.93 10.15 12.78 13.94 16.21 16.57 18.10 17.81 16.06 16.06 14.60 13.29 11.53 12.05 13.36 12.41 11.02 11.17 11.39 13.51 16.06 18.32 20.00 22.34 20.51 18.69 17.67 16.28 15.04 14.38 15.11 14.97 15.04 14.02 14.02 13.14 13.14 14.09 14.75 14.89 15.70 16.35 15.77 14.31 14.16 15.11 15.33 14.82 12.56 10.51 7.74 8.03 8.83 9.56 11.68 13.51 16.79 17.89 18.18 18.18 19.20 21.10 20.08 17.45 14.16 14.75 14.97 11.10 3.87 3.21 7.23 14.75 17.23
9.42 8.98 9.64 9.78 10.15 9.56 8.32 4.96 3.87 4.45 5.77 7.37 9.86 9.71 12.05 12.56 12.26 12.85 14.09 14.09 14.67 14.53 13.07 13.43 13.94 14.09 13.72 14.24 13.43 14.45 16.13 18.25 21.32 21.39 19.42 16.57 14.89 13.94 13.14 13.43 14.89 15.18 15.26 14.75 14.75 14.89 15.40 15.48 16.79 16.28 15.33 15.18 15.55 14.60 14.53 15.18 15.77 15.40 12.48 9.86 8.98 10.37 10.59 10.51 10.73 11.53 14.97 17.52 19.42 19.42 20.95 21.02 18.32 13.65 10.95 10.88 12.78 9.56 3.43 2.26 8.03 13.07 13.51
9.42 8.98 9.64 9.78 10.15 9.56 8.32 4.96 3.87 4.45 5.77 7.37 9.86 9.71 12.05 12.56 12.26 12.85 14.09 14.09 14.67 14.53 13.07 13.43 13.94 14.09 13.72 14.24 13.43 14.45 16.13 18.25 21.32 21.39 19.42 16.57 14.89 13.94 13.14 13.43 14.89 15.18 15.26 14.75 14.75 14.89 15.40 15.48 16.79 16.28 15.33 15.18 15.55 14.60 14.53 15.18 15.77 15.40 12.48 9.86 8.98 10.37 10.59 10.51 10.73 11.53 14.97 17.52 19.42 19.42 20.95 21.02 18.32 13.65 10.95 10.88 12.78 9.56 3.43 2.26 8.03 13.07 13.51
7.37 7.52 9.13 9.56 9.71 9.64 9.56 6.35 3.94 3.36 3.07 5.04 7.52 6.94 10.95 13.51 14.16 14.75 15.33 15.33 14.75 13.65 12.92 11.53 11.53 13.36 14.16 15.18 14.45 14.97 15.84 18.18 20.29 21.10 20.73 18.61 15.70 12.78 11.83 12.34 13.72 15.48 17.30 17.96 17.96 19.35 19.56 19.56 20.44 20.00 17.37 15.33 15.04 14.75 14.45 14.31 14.75 13.29 12.34 11.39 12.78 14.67 18.25 16.06 13.72 13.94 14.67 17.59 20.73 20.73 21.53 21.90 17.01 12.99 10.07 9.78 9.27 8.25 4.38 3.94 7.74 9.20 8.54
7.59 8.76 8.47 9.20 10.15 11.39 11.17 10.29 6.79 4.89 4.16 6.28 8.25 10.15 9.64 14.82 14.75 14.60 15.99 15.99 15.26 15.70 14.24 12.34 11.24 13.07 15.04 14.75 17.59 18.47 18.54 18.69 20.29 22.48 22.27 20.44 17.81 13.14 10.80 10.00 11.02 13.29 17.16 22.78 22.78 24.67 24.31 21.46 19.64 19.56 17.81 15.33 14.75 13.87 12.63 12.19 12.26 13.29 13.94 13.87 15.77 20.44 22.48 20.81 17.30 17.67 18.03 19.56 22.34 22.34 22.63 18.98 16.21 11.53 9.05 7.45 6.06 4.82 4.67 4.96 6.72 7.08 5.99
7.30 7.37 7.15 8.03 9.93 13.14 13.94 13.51 11.17 8.69 7.59 8.25 8.25 8.47 9.42 9.78 9.34 10.95 13.07 13.07 15.62 16.64 16.06 14.67 12.63 13.29 14.45 15.84 16.43 16.50 15.77 14.97 17.81 19.35 20.08 19.35 16.06 8.61 6.06 4.82 4.67 6.72 13.65 22.27 22.27 27.38 27.74 23.94 20.00 18.32 17.45 15.26 14.09 13.21 12.56 13.14 14.24 15.33 15.40 14.89 16.06 18.61 20.88 20.44 18.91 18.32 19.64 20.88 22.05 22.05 19.71 12.70 7.52 6.42 5.18 5.18 3.94 3.14 3.72 4.74 5.84 6.06 6.06
7.96 7.23 7.59 9.05 7.52 12.05 12.92 12.56 12.63 13.14 13.87 12.70 11.97 13.80 14.60 14.97 10.51 10.22 11.68 11.68 13.65 14.60 15.40 14.60 15.40 16.21 18.83 18.91 18.25 17.01 13.65 12.78 13.21 14.89 17.52 16.57 9.34 4.38 2.26 0.00 2.26 5.33 10.66 16.72 16.72 22.19 23.87 22.48 19.27 17.01 15.18 13.94 13.43 13.94 15.26 16.50 17.81 18.91 17.45 15.55 14.82 14.97 16.13 16.57 16.79 17.16 17.81 17.30 16.35 16.35 12.05 7.01 4.02 1.53 2.19 2.41 2.34 2.63 3.36 3.94 4.38 5.84 5.99
8.98 7.88 8.25 9.49 9.27 10.07 10.29 10.66 12.63 15.62 17.59 17.89 19.13 20.44 21.83 21.83 19.42 17.37 16.94 16.94 16.06 16.21 17.37 17.89 18.83 20.73 23.51 24.09 23.36 21.39 19.13 15.91 13.29 12.99 13.72 12.19 7.88 2.56 0.00 0.00 0.00 6.86 8.40 8.61 8.61 11.75 12.78 12.78 11.83 11.61 11.90 11.53 11.24 11.97 14.09 16.35 18.03 17.37 15.55 11.68 11.24 12.34 13.58 14.09 14.45 15.04 14.38 13.58 11.97 11.97 11.02 8.69 5.91 3.72 2.85 2.56 1.90 1.83 2.70 3.58 3.94 4.60 5.33
8.98 7.88 8.25 9.49 9.27 10.07 10.29 10.66 12.63 15.62 17.59 17.89 19.13 20.44 21.83 21.83 19.42 17.37 16.94 16.94 16.06 16.21 17.37 17.89 18.83 20.73 23.51 24.09 23.36 21.39 19.13 15.91 13.29 12.99 13.72 12.19 7.88 2.56 0.00 0.00 0.00 6.86 8.40 8.61 8.61 11.75 12.78 12.78 11.83 11.61 11.90 11.53 11.24 11.97 14.09 16.35 18.03 17.37 15.55 11.68 11.24 12.34 13.58 14.09 14.45 15.04 14.38 13.58 11.97 11.97 11.02 8.69 5.91 3.72 2.85 2.56 1.90 1.83 2.70 3.58 3.94 4.60 5.33
10.66 9.27 9.13 9.93 9.93 10.29 10.95 11.53 14.38 16.28 18.40 20.29 20.59 20.81 20.73 22.19 21.68 20.95 19.20 19.20 17.96 17.01 17.89 19.56 20.44 21.39 22.19 21.75 20.73 20.51 21.90 20.44 14.53 11.32 8.40 6.35 4.53 0.00 0.00 0.00 0.00 3.29 3.87 3.07 3.07 3.72 6.13 7.74 8.03 7.37 7.52 7.37 7.08 7.59 8.69 10.59 10.73 9.78 7.96 7.45 8.25 10.44 11.24 11.90 13.58 15.04 13.58 12.05 10.66 10.66 12.63 14.16 11.97 9.78 6.86 4.38 2.63 1.97 1.46 1.83 2.85 3.58 4.02
12.99 11.75 12.41 13.87 15.26 15.91 12.78 16.06 19.64 21.32 22.41 21.46 20.00 19.27 17.08 17.23 18.10 18.76 21.53 21.53 20.51 21.83 22.27 24.24 24.58 21.28 23.88 21.24 20.22 20.95 21.46 20.37 13.51 13.72 6.79 5.55 2.48 2.19 1.90 1.83 2.19 2.77 3.58 2.63 2.63 2.85 4.53 6.50 7.52 6.06 4.89 4.45 5.55 6.20 6.57 7.08 6.42 4.67 3.87 4.96 8.10 10.59 11.17 11.02 12.12 13.21 13.58 11.24 9.71 9.71 10.88 13.65 13.51 10.59 7.88 5.91 4.45 3.43 3.14 2.34 2.56 3.07 2.63
17.23 16.35 17.67 18.69 20.59 21.39 22.19 20.59 24.31 23.80 21.53 16.64 15.11 14.67 12.70 11.75 14.75 19.42 22.92 22.92 22.70 25.55 23.14 21.90 27.35 29.20 24.66 24.36 23.03 23.73 23.94 21.10 20.73 14.16 3.65 0.00 4.96 4.02 3.43 4.60 5.18 5.62 5.40 4.09 4.09 3.50 3.21 4.53 5.62 5.40 4.31 3.87 4.02 4.89 5.48 5.69 5.55 4.53 3.87 4.02 6.86 10.88 12.56 11.68 11.68 10.37 10.66 12.48 13.14 13.14 13.65 13.58 12.92 11.39 9.64 8.47 7.88 6.28 4.60 3.14 2.04 1.75 1.61
21.61 20.95 20.37 19.86 21.24 23.00 23.65 24.75 24.53 20.88 12.99 9.56 5.91 5.11 3.07 4.96 9.56 15.99 21.10 21.10 21.02 24.31 19.27 20.39 23.86 23.98 24.81 26.57 25.81 26.11 25.70 22.85 21.02 17.89 16.57 14.53 12.19 11.97 9.13 8.83 6.64 4.89 4.60 4.45 4.45 3.80 0.00 2.41 5.33 6.72 7.01 6.50 5.91 5.40 4.96 4.89 5.40 4.96 4.09 3.72 5.62 10.44 14.16 16.43 15.70 14.02 12.92 16.28 18.47 18.47 18.25 17.52 14.60 12.34 11.17 11.02 10.07 7.37 4.67 3.65 3.58 2.48 1.24
20.66 19.56 19.42 18.32 17.52 18.25 20.59 21.53 23.65 19.78 15.26 10.51 5.91 4.31 0.00 4.45 8.47 14.16 17.37 17.37 16.43 17.70 11.34 12.34 13.51 16.90 18.10 22.80 26.90 29.28 26.40 24.50 21.53 21.61 21.97 21.90 21.32 19.71 16.28 12.63 7.01 4.82 4.60 5.77 5.77 5.77 3.94 3.65 8.10 10.88 12.48 11.10 9.34 5.40 2.92 0.00 3.87 3.21 2.92 3.58 5.62 8.98 12.26 16.50 20.22 20.95 21.24 21.10 23.07 23.07 20.95 17.67 15.26 11.61 9.93 10.07 9.34 5.99 4.45 3.29 2.70 1.46 1.39
20.66 19.56 19.42 18.32 17.52 18.25 20.59 21.53 23.65 19.78 15.26 10.51 5.91 4.31 0.00 4.45 8.47 14.16 17.37 17.46 16.97 17.97 12.14 12.03 13.85 16.64 18.10 22.12 25.00 27.36 26.80 24.75 22.43 24.28 23.25 22.46 21.32 19.71 16.28 12.63 7.01 4.82 4.60 5.77 5.77 5.77 3.94 3.65 8.10 10.88 12.48 11.10 9.34 5.40 2.92 0.00 3.87 3.21 2.92 3.58 5.62 8.98 12.26 16.50 20.22 20.95 21.24 21.10 23.07 23.07 20.95 17.67 15.26 11.61 9.93 10.07 9.34 5.99 4.45 3.29 2.70 1.46 1.39
15.70 15.70 15.84 15.84 14.53 13.51 13.65 15.99 20.95 21.75 22.56 20.00 15.48 10.59 8.61 9.93 13.43 19.71 22.19 22.19 18.61 13.43 12.85 7.63 6.00 7.19 8.55 11.13 15.92 20.37 24.21 26.32 24.89 25.21 26.72 23.78 24.81 22.78 21.61 15.18 10.88 7.74 7.30 6.13 6.13 5.55 5.26 5.48 8.40 12.41 16.35 16.64 13.51 9.05 5.55 0.00 0.00 0.00 0.00 3.58 4.67 6.35 8.54 12.78 19.35 25.84 26.50 24.24 23.07 23.07 20.00 15.18 13.07 9.64 7.37 6.79 7.01 6.13 3.43 1.97 2.12 1.90 1.31
12.26 12.78 14.38 13.94 12.26 10.51 10.37 12.05 16.50 18.98 21.24 18.47 17.16 15.84 12.56 12.05 15.48 20.00 22.19 22.19 17.61 13.65 10.71 12.34 4.89 4.48 4.37 5.33 8.93 14.00 19.32 22.63 23.29 21.75 24.92 23.65 25.73 23.72 22.38 20.37 18.61 17.74 13.72 6.86 6.86 4.67 4.67 5.40 5.69 8.32 12.70 16.72 15.62 12.41 9.34 6.79 5.91 5.33 4.96 4.67 5.04 5.33 6.28 10.59 18.10 24.53 25.99 22.70 20.81 20.81 17.37 12.34 7.74 6.28 4.23 4.67 4.89 3.72 1.68 1.53 1.97 2.92 3.58
11.46 14.02 15.55 15.84 16.64 16.64 14.67 14.24 16.13 18.18 17.30 16.57 14.82 12.63 10.95 11.17 13.36 16.28 14.97 14.97 13.43 10.88 9.13 9.78 8.69 5.77 5.26 6.06 9.29 12.75 15.75 19.42 21.90 22.56 23.43 25.43 23.86 28.96 25.84 25.48 26.43 24.53 18.69 12.78 12.78 6.64 4.82 4.89 4.16 4.23 6.94 12.26 13.14 11.75 9.93 9.20 6.42 4.23 3.72 4.23 4.60 4.38 3.94 6.20 12.70 17.30 18.25 15.26 14.45 14.45 11.61 8.32 4.02 2.26 1.31 2.04 2.56 2.63 3.14 2.34 2.48 3.58 4.89
11.17 12.92 13.29 15.11 16.86 16.50 14.97 16.28 17.89 17.30 17.89 18.47 15.77 15.55 14.97 14.75 13.87 12.41 9.86 9.86 9.64 9.78 9.56 8.98 8.40 8.83 6.64 6.79 8.00 10.59 14.31 17.45 19.05 19.71 20.66 22.27 22.78 28.31 28.37 27.19 27.87 26.28 23.73 17.52 17.52 12.41 9.27 5.26 3.72 4.02 4.67 6.35 6.06 6.79 6.64 7.96 5.48 0.00 0.00 3.65 4.38 4.02 3.43 3.36 6.42 8.69 9.34 7.88 7.30 7.30 5.69 3.43 0.00 0.00 0.00 0.00 0.00 2.85 4.16 4.16 3.29 3.43 4.82
9.56 5.33 5.55 8.69 9.34 12.48 12.26 13.36 13.80 11.50 11.97 14.09 16.43 18.10 16.57 13.72 10.15 7.15 5.40 5.40 7.52 9.42 10.88 11.39 11.39 10.88 7.52 7.23 7.37 10.07 12.78 14.75 15.70 15.04 15.40 18.54 21.32 24.31 23.94 24.09 25.23 24.72 22.85 19.64 19.64 17.16 14.82 12.19 9.05 7.88 5.62 3.72 2.63 0.00 2.41 3.43 3.14 0.00 0.00 3.29 4.23 4.89 3.94 2.70 2.99 3.36 2.77 3.14 2.77 2.77 0.00 0.00 0.00 0.00 0.00 0.00 0.00 0.00 4.02 3.94 4.89 5.55 4.74
8.98 4.45 3.94 3.72 4.02 6.57 10.07 13.58 13.51 11.01 8.83 9.64 11.46 13.65 12.12 7.08 4.96 3.14 4.38 4.38 5.91 9.27 11.61 11.46 11.02 12.19 10.07 8.83 8.10 9.56 12.78 14.07 13.06 11.44 10.80 11.75 12.41 11.83 16.30 17.96 19.20 20.06 17.30 17.01 17.01 16.35 15.70 15.48 13.80 11.75 10.88 6.57 3.80 1.46 0.00 0.00 0.00 0.00 0.00 0.00 3.58 4.74 4.60 3.50 3.50 3.21 2.34 0.00 0.00 0.00 0.00 0.00 0.00 0.00 0.00 0.00 0.00 0.00 3.50 3.94 4.96 5.69 5.99
8.98 4.45 3.94 3.72 4.02 6.57 10.07 13.58 13.51 10.73 8.83 9.64 11.46 13.65 12.12 7.08 4.96 3.14 4.40 4.38 5.91 9.27 11.61 11.46 11.02 12.19 10.07 8.83 8.10 9.42 12.34 13.58 12.99 11.10 10.80 11.81 12.47 11.83 16.21 18.14 19.20 19.86 17.30 17.01 17.01 16.35 15.70 15.48 13.80 11.75 10.88 6.57 3.80 1.46 0.00 0.00 0.00 0.00 0.00 0.00 3.58 4.74 4.60 3.50 3.50 3.21 2.34 0.00 0.00 0.00 0.00 0.00 0.00 0.00 0.00 0.00 0.00 0.00 3.50 3.94 4.96 5.69 5.99
10.29 8.03 6.42 5.26 3.94 5.84 9.49 13.14 14.08 13.12 9.34 8.83 8.69 11.61 8.61 5.11 4.16 3.43 3.36 3.36 4.67 6.94 8.54 8.83 9.86 10.59 11.46 10.07 10.15 11.83 13.65 13.07 12.26 11.75 10.15 9.27 9.20 8.25 10.95 13.94 14.09 12.56 11.10 11.24 11.24 12.05 12.48 12.26 12.41 13.14 12.63 10.07 7.15 2.99 0.00 0.00 0.00 0.00 0.00 0.00 0.00 3.58 3.65 2.99 0.00 0.00 0.00 0.00 0.00 0.00 0.00 0.00 0.00 0.00 0.00 0.00 0.00 0.00 3.58 4.60 5.62 6.72 6.50
