Wansh/Snow_depth/snowdepth-1989/spring/1989068.txt
ncols 321
nrows 161
xllcenter 60
yllcenter 15 
cellsize  0.25 
NODATA_value -1
[rows 0 to 36 of 161, columns 0 to 82 of 321]
14.31 14.31 16.79 18.91 19.49 18.61 18.10 18.91 19.86 19.64 18.76 18.61 19.20 19.35 19.71 19.86 19.05 18.32 18.03 17.37 17.37 17.81 17.74 17.23 17.59 17.37 17.37 16.64 17.59 17.16 16.50 15.26 15.04 15.84 15.99 16.21 16.43 16.79 17.67 17.30 17.08 16.06 15.70 16.64 16.35 15.55 18.98 18.69 18.40 18.40 16.72 16.72 15.91 15.33 15.26 17.67 17.81 18.10 16.35 14.97 12.78 10.95 10.88 10.51 12.56 15.04 15.99 18.32 18.32 18.10 17.59 13.80 14.31 14.24 13.65 13.80 13.80 14.67 14.97 14.97 15.33 15.18 15.48
18.47 18.47 17.74 17.89 18.25 18.76 18.76 18.25 17.96 17.30 17.67 17.16 16.86 16.72 16.35 15.91 15.62 16.13 15.55 15.40 15.70 16.06 15.91 15.40 15.18 15.70 15.70 15.84 15.70 15.91 15.70 14.53 13.65 14.16 14.38 15.11 15.26 14.97 14.60 13.58 11.97 11.68 12.12 11.68 11.90 12.48 15.11 12.70 13.58 14.53 14.45 14.45 14.97 14.67 13.72 13.07 11.97 11.68 15.11 12.63 7.59 6.79 6.64 7.66 9.93 12.05 12.19 11.83 10.95 10.66 11.75 11.75 12.56 11.68 12.19 12.56 12.56 12.34 12.12 12.19 12.41 12.85 12.34
18.54 18.54 17.23 16.57 17.45 17.23 17.01 17.23 17.01 16.79 15.99 15.62 14.82 13.94 13.21 12.70 11.61 11.53 12.12 12.85 13.07 13.65 13.87 13.29 13.80 13.94 13.94 14.24 14.38 14.24 13.94 13.65 12.78 11.61 11.90 13.07 13.14 12.26 11.83 11.39 10.29 9.27 9.20 9.71 10.22 11.02 10.59 13.21 11.17 11.68 10.88 10.88 10.66 10.07 9.64 8.10 7.66 6.86 6.20 6.50 6.57 6.35 7.66 9.56 9.86 10.37 9.78 9.93 10.88 11.24 11.39 11.83 12.92 11.17 11.24 10.29 10.29 10.29 10.44 10.51 10.73 10.73 10.88
18.54 18.54 17.23 16.57 17.45 17.23 17.01 17.23 17.01 16.79 15.99 15.62 14.82 13.94 13.21 12.70 11.61 11.53 12.12 12.85 13.07 13.65 13.87 13.29 13.80 13.94 13.94 14.24 14.38 14.24 13.94 13.65 12.78 11.61 11.90 13.07 13.14 12.26 11.83 11.39 10.29 9.27 9.20 9.71 10.22 11.02 10.59 13.21 11.17 11.68 10.88 10.88 10.66 10.07 9.64 8.10 7.66 6.86 6.20 6.50 6.57 6.35 7.66 9.56 9.86 10.37 9.78 9.93 10.88 11.24 11.39 11.83 12.92 11.17 11.24 10.29 10.29 10.29 10.44 10.51 10.73 10.73 10.88
16.35 16.35 14.97 14.31 15.40 16.13 16.50 16.28 15.77 15.40 14.89 14.38 13.65 13.43 12.92 11.97 11.32 10.80 11.61 11.90 11.75 12.34 12.56 11.68 11.61 11.39 11.39 11.46 12.63 12.48 12.26 10.73 10.37 9.93 8.76 8.40 8.32 8.54 8.61 8.61 8.32 7.81 7.74 8.18 8.40 7.96 8.32 9.56 8.40 8.25 8.18 8.18 6.35 4.82 5.48 5.04 4.74 4.82 5.40 5.91 6.50 6.13 9.27 10.07 10.66 9.49 8.69 8.91 9.64 9.71 9.93 10.37 10.51 12.48 9.86 9.49 9.49 9.56 10.07 10.37 10.80 10.44 10.59
15.70 15.70 15.26 15.99 16.72 18.32 18.61 17.52 16.21 14.67 14.16 13.87 13.14 12.63 12.56 12.63 12.12 11.90 12.19 12.78 13.07 12.63 12.05 11.75 11.53 11.17 11.17 10.95 10.07 10.07 10.88 11.61 10.88 9.64 9.05 7.59 7.30 7.45 7.37 8.03 8.54 8.54 8.61 9.27 8.61 8.76 7.81 7.37 6.94 6.57 6.35 6.35 4.38 3.72 4.31 5.11 5.11 4.09 4.23 4.53 5.18 6.20 6.42 8.76 8.98 7.81 7.30 6.94 7.15 7.59 8.47 9.27 9.34 9.13 9.93 9.05 9.05 9.71 9.93 9.64 10.37 10.80 11.53
16.72 16.72 17.45 17.59 17.89 17.96 18.25 17.59 16.57 15.26 14.02 13.65 13.14 12.63 12.78 13.07 13.21 12.63 12.41 12.78 12.92 12.70 12.85 12.99 12.12 10.95 10.95 10.66 10.44 10.15 10.44 11.02 10.88 10.51 9.27 8.10 7.52 6.94 7.30 7.96 7.88 9.42 10.15 11.32 11.46 10.15 9.49 8.69 7.59 6.79 6.06 6.06 5.18 4.31 5.18 5.62 5.11 4.53 3.80 4.67 5.11 6.06 7.30 7.30 8.25 7.37 6.50 6.20 6.42 6.50 6.64 6.79 6.64 6.35 6.13 7.30 7.30 7.37 7.96 8.69 8.83 10.29 11.90
16.72 16.72 17.45 17.59 17.89 17.96 18.25 17.59 16.57 15.26 14.02 13.65 13.14 12.63 12.78 13.07 13.21 12.63 12.41 12.78 12.92 12.70 12.85 12.99 12.12 10.95 10.95 10.66 10.44 10.15 10.44 11.02 10.88 10.51 9.27 8.10 7.52 6.94 7.30 7.96 7.88 9.42 10.15 11.32 11.46 10.15 9.49 8.69 7.59 6.79 6.06 6.06 5.18 4.31 5.18 5.62 5.11 4.53 3.80 4.67 5.11 6.06 7.30 7.30 8.25 7.37 6.50 6.20 6.42 6.50 6.64 6.79 6.64 6.35 6.13 7.30 7.30 7.37 7.96 8.69 8.83 10.29 11.90
16.64 16.64 16.79 17.37 16.79 16.28 14.60 13.65 13.21 13.21 13.72 13.94 13.65 13.51 13.65 14.31 14.82 14.31 13.58 12.26 12.34 12.85 14.24 14.45 13.80 12.34 12.34 11.10 10.37 10.59 10.22 9.86 9.93 9.34 8.32 8.76 8.47 8.18 8.40 8.32 8.25 8.83 9.86 10.51 10.80 10.51 9.78 8.98 7.88 7.88 7.23 7.23 6.42 5.18 4.67 4.89 5.26 4.02 4.02 4.89 6.20 7.30 8.25 8.25 9.64 8.32 7.37 6.94 6.72 6.13 5.77 6.06 5.99 5.26 5.62 6.06 6.06 6.57 6.35 6.20 6.28 7.74 9.42
15.77 15.77 15.40 14.67 14.31 12.92 12.26 12.41 12.26 12.48 12.56 12.92 13.80 14.75 15.04 15.04 15.11 14.67 13.14 11.53 10.88 11.46 13.29 13.65 13.36 12.70 12.70 12.26 11.75 10.80 10.95 10.51 10.44 10.22 9.49 8.10 7.88 8.69 8.83 9.27 10.07 9.71 9.20 9.42 9.56 9.78 9.71 9.34 8.61 8.76 6.79 6.79 5.62 4.45 3.87 4.31 3.58 3.29 4.60 6.28 6.94 7.59 8.47 8.47 7.15 8.32 7.45 6.94 7.08 6.13 5.84 6.42 5.91 5.26 6.13 6.79 6.79 6.94 8.47 7.01 6.06 7.30 7.59
15.18 15.18 14.67 13.72 12.63 11.61 11.68 12.41 13.07 13.14 13.21 13.29 13.58 14.09 14.53 14.75 15.11 14.60 13.58 11.83 11.39 11.24 11.39 11.46 11.97 11.83 11.83 11.68 11.90 11.90 11.39 11.02 11.17 10.51 10.44 9.71 8.18 7.08 7.37 7.88 8.69 9.05 10.37 10.07 10.07 10.29 9.93 9.34 7.66 8.18 5.91 5.91 5.48 5.18 4.31 4.60 3.43 3.80 5.55 6.35 6.57 6.20 6.06 5.99 6.28 6.64 7.59 6.20 6.50 5.62 5.48 5.69 5.55 6.06 7.01 7.15 7.15 7.66 8.32 8.83 7.66 6.94 7.01
15.18 15.18 14.67 13.72 12.63 11.61 11.68 12.41 13.07 13.14 13.21 13.29 13.58 14.09 14.53 14.75 15.11 14.60 13.58 11.83 11.39 11.24 11.39 11.46 11.97 11.83 11.83 11.68 11.90 11.90 11.39 11.02 11.17 10.51 10.44 9.71 8.18 7.08 7.37 7.88 8.69 9.05 10.37 10.07 10.07 10.29 9.93 9.34 7.66 8.18 5.91 5.91 5.48 5.18 4.31 4.60 3.43 3.80 5.55 6.35 6.57 6.20 6.06 5.99 6.28 6.64 7.59 6.20 6.50 5.62 5.48 5.69 5.55 6.06 7.01 7.15 7.15 7.66 8.32 8.83 7.66 6.94 7.01
16.06 16.06 15.33 14.67 14.02 13.21 12.70 12.63 12.92 13.58 14.16 14.38 14.38 13.94 14.02 14.53 15.26 15.11 14.24 12.92 11.97 10.80 10.00 10.59 11.17 11.39 11.39 10.80 10.88 11.39 11.32 10.80 10.80 10.00 9.05 8.10 8.47 7.96 7.37 7.59 8.98 9.34 8.98 10.00 9.86 9.49 9.49 8.32 6.57 6.28 5.11 5.11 4.38 5.26 5.55 4.53 3.80 4.02 5.04 4.60 4.23 3.94 3.87 3.72 4.53 5.26 5.40 5.62 5.69 5.40 5.77 6.35 6.64 6.86 7.30 7.52 7.52 7.74 8.25 8.91 8.91 9.64 9.64
15.99 15.99 16.50 16.35 15.70 14.97 13.51 12.56 12.99 13.94 14.02 14.38 14.89 14.97 15.11 16.28 16.79 15.62 13.80 12.70 11.61 10.88 10.00 9.42 9.86 11.46 11.46 11.53 10.07 9.56 9.49 9.20 8.47 8.47 8.83 9.49 9.27 9.05 9.05 8.83 8.61 9.20 9.34 7.74 7.15 6.86 6.50 5.55 5.40 5.62 4.60 4.60 5.48 5.18 4.60 4.89 4.74 4.53 4.45 3.87 3.58 3.50 3.43 4.23 5.04 4.31 4.16 4.82 5.99 4.89 5.40 5.62 6.28 6.64 7.08 7.23 7.23 7.66 8.40 9.20 9.86 9.56 8.83
16.28 16.28 17.16 17.59 17.52 15.70 13.36 13.43 14.67 15.91 15.70 15.40 14.53 14.31 15.04 16.06 17.16 16.64 15.33 13.87 12.70 11.53 10.00 9.71 10.29 11.10 11.10 10.37 9.49 8.98 8.83 8.25 7.52 7.66 7.96 8.47 8.76 8.69 8.40 8.03 7.74 8.25 7.81 7.66 6.50 5.33 4.96 5.04 4.67 4.82 5.55 5.55 5.84 5.77 5.69 5.69 5.84 6.35 6.57 5.62 4.89 4.67 4.67 5.18 5.11 4.31 4.09 4.02 5.26 5.26 4.60 3.94 4.16 4.60 5.40 6.86 6.86 7.08 7.37 8.10 9.34 9.56 8.83
15.40 15.40 16.21 16.64 15.77 15.18 14.97 15.62 16.57 17.52 17.23 16.35 15.33 15.04 14.60 14.75 15.26 15.91 15.77 14.60 13.80 11.90 9.56 8.03 7.74 7.96 7.96 8.47 7.30 6.86 7.81 8.32 7.88 7.52 7.45 7.59 7.59 7.59 7.30 7.30 6.64 6.13 6.50 6.42 6.64 6.42 5.55 5.26 5.33 5.48 6.13 6.13 6.79 6.72 6.72 6.50 6.57 6.35 7.52 7.23 5.62 5.18 4.74 4.53 4.53 3.72 3.43 3.72 3.50 4.53 3.87 3.43 4.16 5.33 6.50 7.74 7.74 7.81 8.25 9.13 9.64 9.05 9.49
15.40 15.40 16.21 16.64 15.77 15.18 14.97 15.62 16.57 17.52 17.23 16.35 15.33 15.04 14.60 14.75 15.26 15.91 15.77 14.60 13.80 11.90 9.56 8.03 7.74 7.96 7.96 8.47 7.30 6.86 7.81 8.32 7.88 7.52 7.45 7.59 7.59 7.59 7.30 7.30 6.64 6.13 6.50 6.42 6.64 6.42 5.55 5.26 5.33 5.48 6.13 6.13 6.79 6.72 6.72 6.50 6.57 6.35 7.52 7.23 5.62 5.18 4.74 4.53 4.53 3.72 3.43 3.72 3.50 4.53 3.87 3.43 4.16 5.33 6.50 7.74 7.74 7.81 8.25 9.13 9.64 9.05 9.49
13.72 13.72 13.87 13.80 13.72 14.67 16.35 17.45 19.64 20.29 19.13 18.03 16.43 15.70 15.04 14.97 14.97 15.62 15.70 14.53 12.85 11.83 10.80 9.56 7.37 5.77 5.77 5.04 5.11 5.91 7.01 7.59 7.88 7.96 8.25 8.10 7.15 6.94 6.50 6.50 6.50 5.84 5.11 5.18 5.55 5.18 4.53 4.45 5.33 5.40 6.06 6.06 6.50 6.42 6.79 7.08 7.01 6.35 7.08 6.72 6.57 5.62 5.26 5.04 4.74 3.29 2.56 0.00 0.00 3.43 3.07 4.02 5.11 6.42 7.52 8.76 8.76 9.05 8.83 9.20 8.83 8.76 8.25
14.16 14.16 13.36 13.80 14.24 15.33 17.52 19.78 20.51 20.51 20.00 18.83 17.89 17.01 15.62 15.11 15.26 15.33 14.82 13.65 12.70 11.90 11.97 11.53 9.56 6.86 6.86 4.31 3.36 4.16 5.91 6.86 7.45 7.37 7.15 6.50 6.50 6.57 6.28 5.84 6.13 6.50 5.69 5.26 4.31 4.89 5.33 6.06 5.77 5.04 7.08 7.08 7.15 7.01 6.79 6.64 7.45 7.96 7.15 7.81 7.37 6.72 6.94 6.79 6.35 5.26 3.72 2.04 1.68 0.00 0.00 2.85 3.14 4.67 6.64 7.52 7.52 7.52 7.15 7.66 8.32 8.69 8.47
15.04 15.04 14.75 14.97 15.33 17.16 19.42 20.51 20.51 19.71 19.27 19.05 18.40 17.96 17.16 16.57 15.55 14.75 13.87 12.78 12.19 11.46 11.32 11.10 10.07 8.40 8.40 7.01 6.13 5.33 6.50 7.23 7.30 6.13 5.33 5.04 5.40 5.77 7.37 8.10 7.81 7.01 6.42 5.84 5.62 5.18 5.55 5.62 6.42 6.20 5.84 5.84 7.23 7.59 6.79 7.45 8.32 9.05 9.49 9.93 9.42 8.69 7.96 7.81 8.03 7.30 5.33 3.80 3.21 3.14 2.26 1.97 0.00 2.56 4.23 5.84 5.84 6.72 7.30 9.86 10.22 9.49 8.47
15.11 15.11 15.33 15.40 15.33 16.13 17.96 19.71 19.27 18.61 17.89 17.45 17.67 16.86 15.77 15.11 14.75 14.24 13.94 12.99 12.41 12.12 11.61 11.17 10.66 10.29 10.29 9.42 8.83 8.18 8.91 8.18 7.88 7.74 6.94 6.20 5.62 5.99 6.72 7.23 7.88 7.37 6.86 6.42 6.13 5.99 5.91 7.01 8.32 8.54 8.47 8.47 6.86 8.25 7.15 7.74 8.32 9.05 9.34 9.42 9.34 8.54 8.10 7.74 8.10 7.37 7.15 7.45 6.94 6.13 4.89 3.94 4.67 0.66 3.43 5.11 5.11 6.20 8.54 11.90 12.99 12.19 10.29
14.82 14.82 15.55 15.26 15.33 16.64 17.96 18.83 18.32 16.86 16.35 16.21 15.91 15.77 15.48 14.24 13.51 13.21 13.36 13.58 13.51 13.51 12.48 11.75 11.24 11.24 11.24 10.66 9.78 9.64 9.42 9.20 8.25 7.88 7.88 7.96 7.37 6.35 6.57 6.50 6.57 6.57 6.57 6.86 6.06 7.96 8.25 8.61 8.47 8.83 9.27 9.27 8.61 9.42 9.05 10.29 10.66 10.00 9.05 7.81 7.81 7.45 7.66 8.98 9.05 9.05 8.25 8.98 8.98 7.66 6.64 5.99 5.26 5.62 2.26 5.69 5.69 7.30 8.76 11.75 13.94 14.02 12.19
14.82 14.82 15.55 15.26 15.33 16.64 17.96 18.83 18.32 16.86 16.35 16.21 15.91 15.77 15.48 14.24 13.51 13.21 13.36 13.58 13.51 13.51 12.48 11.75 11.24 11.24 11.24 10.66 9.78 9.64 9.42 9.20 8.25 7.88 7.88 7.96 7.37 6.35 6.57 6.50 6.57 6.57 6.57 6.86 6.06 7.96 8.25 8.61 8.47 8.83 9.27 9.27 8.61 9.42 9.05 10.29 10.66 10.00 9.05 7.81 7.81 7.45 7.66 8.98 9.05 9.05 8.25 8.98 8.98 7.66 6.64 5.99 5.26 5.62 2.26 5.69 5.69 7.30 8.76 11.75 13.94 14.02 12.19
15.33 15.33 15.77 15.26 15.18 16.06 17.16 17.59 16.94 15.70 15.11 14.97 15.40 15.70 15.33 14.60 14.31 13.21 12.78 12.99 12.78 12.78 13.07 12.78 12.05 11.17 11.17 10.00 9.56 9.34 9.49 10.22 10.37 9.86 9.34 8.98 8.10 8.25 8.18 7.96 7.74 8.18 7.88 7.23 8.32 8.54 8.47 8.61 9.05 8.98 8.98 8.98 9.42 10.22 11.68 12.56 11.68 10.88 10.29 9.42 9.42 9.05 10.07 10.80 10.15 10.66 10.95 11.97 10.95 9.34 8.91 9.13 9.05 9.05 5.62 6.94 6.94 6.64 7.52 9.86 11.83 13.36 13.29
15.33 15.33 14.97 15.11 15.40 15.70 16.21 16.64 15.84 14.97 14.60 15.11 15.04 15.33 15.55 14.75 13.51 12.56 11.97 12.34 12.78 13.07 12.78 12.12 11.53 10.66 10.66 10.37 10.00 9.64 10.00 10.59 10.29 10.37 10.51 9.93 10.22 9.86 10.37 10.44 10.37 9.86 9.34 9.42 8.76 8.98 9.56 8.98 9.49 9.93 10.15 10.15 10.80 11.24 12.19 13.29 13.43 12.99 12.56 12.70 12.78 12.85 13.14 13.65 13.80 13.29 13.87 15.18 15.11 13.94 13.65 14.09 14.16 13.94 14.02 8.10 8.10 8.76 7.88 9.05 10.95 13.29 14.45
15.48 15.48 14.82 14.97 14.31 14.89 16.21 17.01 17.08 14.97 13.21 12.85 13.21 13.14 13.65 13.72 13.65 12.85 12.48 12.34 12.63 12.26 12.12 12.12 11.97 11.32 11.32 9.42 8.61 9.34 9.93 10.15 10.80 10.80 10.51 10.66 11.32 11.68 11.32 10.88 10.44 10.29 10.51 9.93 9.78 9.42 8.83 8.25 8.03 10.07 11.83 11.83 13.07 12.63 14.31 15.33 15.11 15.04 14.67 15.62 15.77 15.84 15.18 15.55 16.50 16.50 16.28 17.01 16.35 15.55 15.91 17.08 17.45 18.54 18.32 17.37 17.37 14.53 11.75 11.32 11.46 14.31 17.16
14.75 14.75 13.87 13.07 13.58 14.16 15.26 16.35 16.43 16.06 14.75 12.48 11.32 11.24 11.90 12.48 12.63 12.63 12.70 12.70 12.63 12.78 12.05 10.66 9.56 9.56 9.56 10.29 9.93 10.66 10.66 10.15 9.71 9.64 10.07 10.29 10.80 12.19 12.34 11.75 11.10 10.15 9.71 9.86 9.56 9.34 9.56 9.71 9.86 11.02 13.07 13.07 15.55 14.82 17.23 17.59 17.37 17.23 16.86 18.54 18.76 17.52 16.79 17.16 18.54 18.10 17.30 17.08 16.50 16.35 17.16 18.47 19.78 20.95 21.83 21.32 21.32 19.13 18.47 13.07 13.58 15.99 19.05
12.70 12.70 12.26 11.90 12.78 14.16 15.18 15.62 15.99 15.84 15.33 13.94 12.26 11.61 11.97 12.56 13.58 14.67 13.80 12.56 11.75 11.97 11.17 10.00 8.69 8.54 8.54 9.78 11.02 11.02 10.51 10.07 9.56 9.42 9.71 10.29 11.53 12.56 12.19 10.88 9.86 9.34 9.20 9.42 9.42 9.13 9.34 10.29 11.17 11.83 12.19 12.19 14.31 15.77 18.18 18.25 19.56 19.93 19.35 18.76 17.45 16.86 17.30 17.67 18.03 17.89 18.40 17.96 16.64 16.28 17.45 19.05 19.86 20.88 21.68 21.90 21.90 21.32 20.08 16.72 15.55 17.37 20.15
12.70 12.70 12.26 11.90 12.78 14.16 15.18 15.62 15.99 15.84 15.33 13.94 12.26 11.61 11.97 12.56 13.58 14.67 13.80 12.56 11.75 11.97 11.17 10.00 8.69 8.54 8.54 9.78 11.02 11.02 10.51 10.07 9.56 9.42 9.71 10.29 11.53 12.56 12.19 10.88 9.86 9.34 9.20 9.42 9.42 9.13 9.34 10.29 11.17 11.83 12.19 12.19 14.31 15.77 18.18 18.25 19.56 19.93 19.35 18.76 17.45 16.86 17.30 17.67 18.03 17.89 18.40 17.96 16.64 16.28 17.45 19.05 19.86 20.88 21.68 21.90 21.90 21.32 20.08 16.72 15.55 17.37 20.15
11.61 11.61 12.05 12.34 13.36 13.87 13.72 15.04 15.62 14.82 14.60 14.67 12.92 12.05 12.56 14.02 15.26 15.40 15.11 14.09 12.56 10.51 10.22 9.56 8.61 8.91 8.91 10.15 12.41 12.63 11.90 11.32 10.95 10.66 11.39 12.05 11.90 12.26 12.63 11.46 10.29 8.32 7.52 7.88 8.54 9.49 10.37 10.44 11.61 12.63 13.87 13.87 14.89 16.28 19.42 18.10 20.44 21.10 20.00 18.47 17.30 16.86 17.67 18.32 18.98 19.27 18.98 18.18 17.01 15.84 16.35 17.59 17.16 16.50 16.72 17.59 17.59 18.98 19.35 19.78 15.99 15.55 16.72
10.88 10.88 11.46 11.97 12.63 12.78 12.99 13.51 14.45 14.16 13.58 12.99 12.12 12.56 13.29 14.38 14.89 14.89 13.80 12.92 12.41 11.32 10.29 8.25 7.88 8.98 8.98 10.15 11.61 12.78 13.21 12.85 12.92 12.92 12.70 11.83 12.56 13.43 13.14 12.48 11.24 10.07 8.83 9.78 9.78 10.07 10.07 11.32 11.53 13.14 14.82 14.82 16.79 17.45 19.35 17.16 20.88 20.59 19.35 17.74 16.86 17.08 18.03 18.03 18.32 18.25 17.59 17.23 15.77 14.53 14.67 14.24 12.63 11.32 11.61 12.26 12.26 14.38 15.48 14.53 17.52 14.24 12.85
10.44 10.44 11.24 12.41 12.34 12.05 12.19 13.07 13.94 13.51 12.12 11.97 12.26 12.19 12.26 12.85 12.63 12.34 11.68 11.10 11.83 12.05 9.78 8.76 8.32 9.27 9.27 10.59 11.61 12.12 12.63 13.58 13.51 13.36 12.70 12.19 12.26 12.70 13.72 13.87 11.97 10.80 10.37 10.73 11.32 11.75 13.07 13.21 12.26 12.56 14.53 14.53 16.21 17.96 19.86 17.30 20.81 19.93 17.67 14.97 15.70 16.79 15.99 15.70 15.40 14.89 12.99 12.26 10.37 9.86 10.66 9.93 9.56 9.05 8.61 9.05 9.05 10.44 11.83 11.75 14.09 12.85 11.68
9.42 9.42 10.66 11.83 11.83 11.90 11.32 11.17 11.32 10.95 11.02 11.61 12.05 11.90 11.53 10.80 10.73 10.22 8.69 7.52 9.13 10.73 11.10 10.22 8.91 9.13 9.13 10.51 11.46 12.34 13.51 12.92 12.92 13.87 13.36 12.34 12.26 11.97 12.05 12.12 10.95 11.02 10.88 11.24 11.46 11.75 12.41 12.70 12.92 12.63 13.21 13.21 14.16 16.57 17.01 19.42 18.18 16.28 14.60 12.85 11.24 12.41 12.05 12.26 11.61 9.64 8.76 9.13 7.81 7.74 7.96 7.52 6.28 6.06 5.33 5.33 5.33 6.42 8.10 8.54 8.98 11.53 11.53
7.74 7.74 7.45 8.18 9.71 10.07 10.44 11.17 10.07 10.37 11.39 11.75 12.12 11.75 10.95 10.37 9.86 9.13 6.94 5.55 5.99 8.03 9.93 10.80 11.32 10.80 10.80 10.73 11.02 12.41 14.16 14.38 13.94 14.24 12.99 12.12 11.32 11.17 11.39 11.02 9.64 9.93 10.80 10.66 10.22 9.56 10.07 10.29 11.10 12.05 12.05 12.05 13.07 12.34 11.61 16.13 14.09 14.24 7.96 5.33 5.77 8.40 9.34 9.49 8.61 7.88 7.08 6.94 6.35 6.64 5.77 5.18 4.38 4.16 3.29 3.07 3.07 5.48 7.88 7.81 7.74 8.40 10.07
5.18 5.18 5.55 6.06 6.64 7.45 10.22 10.59 9.34 9.93 11.02 11.90 11.61 11.17 11.02 10.95 9.78 9.27 8.10 6.72 7.15 8.69 8.91 8.76 9.71 11.32 11.32 12.34 12.85 13.07 13.36 13.29 13.43 13.29 12.34 11.10 10.37 10.00 10.29 10.51 10.88 10.44 9.86 9.42 8.25 7.52 7.30 8.47 8.54 9.20 9.20 9.20 8.61 7.15 4.89 7.23 1.31 7.96 1.17 3.29 5.91 7.81 8.40 8.10 8.18 7.96 8.03 7.08 6.64 6.86 6.57 5.77 4.31 5.26 5.55 5.62 5.62 6.42 8.10 8.54 9.49 9.78 9.93
5.18 5.18 5.55 6.06 6.64 7.45 10.22 10.59 9.34 9.93 11.02 11.90 11.61 11.17 11.02 10.95 9.78 9.27 8.10 6.72 7.15 8.69 8.91 8.76 9.71 11.32 11.32 12.34 12.85 13.07 13.36 13.29 13.43 13.29 12.34 11.10 10.37 10.00 10.29 10.51 10.88 10.44 9.86 9.42 8.25 7.52 7.30 8.47 8.54 9.20 9.20 9.20 8.61 7.15 4.89 7.23 1.31 7.96 1.17 3.29 5.91 7.81 8.40 8.10 8.18 7.96 8.03 7.08 6.64 6.86 6.57 5.77 4.31 5.26 5.55 5.62 5.62 6.42 8.10 8.54 9.49 9.78 9.93
0.00 0.00 0.22 3.87 6.35 8.69 9.27 7.96 7.96 8.91 9.64 10.73 10.29 10.22 10.22 10.22 10.07 9.93 8.69 8.69 10.22 10.73 9.71 7.37 5.04 5.33 5.33 8.47 11.17 11.61 11.17 10.88 10.29 10.80 10.44 9.71 9.93 10.44 10.15 9.93 9.93 8.47 8.25 7.74 7.45 6.28 5.55 5.62 6.64 7.08 6.64 6.64 4.60 3.50 0.58 1.17 0.00 0.00 0.00 6.57 9.27 8.91 8.18 7.59 8.10 8.54 9.49 8.69 8.10 7.74 7.59 6.72 6.79 8.61 9.86 9.56 9.56 9.64 9.86 10.73 12.12 12.63 12.63
