Wansh/Snow_depth/snowdepth-1989/spring/1989066.txt
ncols 321
nrows 161
xllcenter 60
yllcenter 15 
cellsize  0.25 
NODATA_value -1
[rows 0 to 36 of 161, columns 166 to 248 of 321]
11.39 10.15 9.71 7.66 6.06 5.48 5.48 5.33 5.77 5.40 5.04 5.04 5.33 5.69 5.91 6.20 5.69 5.55 6.57 8.03 9.78 11.24 11.75 10.73 9.27 9.56 8.91 6.79 3.21 0.00 0.00 0.00 0.00 6.50 12.41 14.67 13.94 13.94 11.75 12.05 14.09 14.24 12.78 10.73 9.34 9.20 9.20 10.07 10.73 12.05 12.56 12.12 11.39 11.61 13.14 13.80 14.53 16.43 17.23 15.91 14.38 13.72 13.72 13.87 15.84 17.30 18.32 19.49 21.39 21.75 21.17 19.93 19.20 19.20 18.25 17.96 18.54 20.08 21.32 23.21 23.43 24.09 24.45
14.82 14.02 13.43 10.59 7.96 8.91 8.40 7.52 6.28 5.04 5.33 5.33 5.99 6.50 7.23 7.37 6.20 5.99 7.23 8.18 9.93 11.46 11.75 10.80 10.29 10.37 8.18 5.26 0.00 0.00 0.00 0.00 1.02 7.59 12.41 12.78 10.44 10.44 10.29 11.53 13.58 16.43 16.06 14.02 13.07 13.07 12.12 11.61 10.59 10.44 10.88 12.05 13.72 15.91 17.01 18.25 17.59 16.64 16.72 17.89 18.47 18.10 18.10 17.45 17.67 18.25 18.98 20.95 22.56 23.14 23.36 23.21 18.98 20.95 20.88 20.37 19.93 20.37 21.53 23.00 23.80 23.87 22.92
19.78 20.00 18.03 14.53 12.78 12.78 12.70 11.61 8.98 6.20 5.26 5.26 5.55 6.50 7.74 7.66 8.03 8.76 11.53 12.63 12.85 13.07 11.97 10.80 10.22 9.42 6.13 0.00 0.00 0.00 0.00 0.00 2.63 7.45 10.66 10.44 10.59 10.59 11.39 13.29 15.18 15.99 16.35 14.16 12.56 10.88 10.22 9.20 9.27 9.71 11.02 12.85 14.02 15.33 17.01 18.69 19.71 19.56 18.03 17.52 17.96 18.83 18.83 19.20 19.56 20.00 19.93 19.35 19.93 21.46 22.85 22.92 21.97 23.21 22.12 21.02 20.29 19.49 19.27 19.64 18.98 19.27 19.27
19.78 20.00 18.03 14.53 12.78 12.78 12.70 11.61 8.98 6.20 5.26 5.26 5.55 6.50 7.74 7.66 8.03 8.76 11.53 12.63 12.85 13.07 11.97 10.80 10.22 9.42 6.13 0.00 0.00 0.00 0.00 0.00 2.63 7.45 10.66 10.44 10.59 10.59 11.39 13.29 15.18 15.99 16.35 14.16 12.56 10.88 10.22 9.20 9.27 9.71 11.02 12.85 14.02 15.33 17.01 18.69 19.71 19.56 18.03 17.52 17.96 18.83 18.83 19.20 19.56 20.00 19.93 19.35 19.93 21.46 22.85 22.92 21.97 23.21 22.12 21.02 20.29 19.49 19.27 19.64 18.98 19.27 19.27
17.67 18.91 18.61 18.10 17.74 17.23 15.40 14.97 13.07 10.00 6.72 6.72 6.06 7.08 8.54 9.78 10.80 12.12 17.01 17.81 15.26 11.17 10.51 9.27 7.52 3.36 0.00 0.00 0.00 0.00 0.00 0.22 5.18 9.34 9.71 10.51 10.95 10.95 11.68 11.39 10.29 9.20 8.76 8.47 7.15 6.28 6.42 6.28 7.45 9.20 10.66 11.97 13.14 14.02 14.67 15.70 16.50 16.94 16.64 16.50 16.79 17.45 17.45 19.20 20.22 19.71 19.05 18.83 18.10 18.25 19.05 20.15 19.13 20.00 21.02 18.03 17.45 16.86 16.57 17.16 17.45 18.25 18.18
16.43 17.81 19.78 20.66 20.95 20.15 18.76 16.57 15.40 14.09 11.39 11.39 9.64 10.44 12.34 13.80 14.45 15.62 16.28 14.75 12.56 8.54 7.37 3.58 0.00 0.00 0.00 0.00 0.00 0.00 5.91 8.69 9.93 10.44 10.80 11.32 12.56 12.56 12.05 10.73 8.32 6.86 6.13 5.91 6.20 6.13 6.06 7.15 7.74 8.83 10.73 12.85 14.45 15.04 15.18 14.97 14.67 14.53 14.02 13.65 14.16 15.26 15.26 16.72 17.74 17.59 17.01 15.11 14.97 14.31 14.67 16.35 16.57 17.52 18.61 15.26 15.26 15.11 15.18 15.91 16.64 17.74 17.74
13.80 15.84 18.10 22.48 23.21 21.39 20.08 19.49 18.18 18.40 17.59 17.59 15.84 14.09 15.99 17.16 17.08 16.43 14.97 11.75 8.76 2.77 0.29 0.00 0.00 0.00 0.00 0.00 0.00 1.31 7.88 10.95 12.05 12.63 13.21 13.80 14.31 14.31 13.65 12.05 8.91 7.59 7.74 8.83 9.13 9.78 10.88 10.95 11.75 13.87 14.31 14.53 15.11 15.26 14.31 15.26 14.97 14.09 13.94 13.21 12.92 12.34 12.34 12.63 12.19 12.12 12.05 11.90 12.19 12.19 12.26 12.63 12.41 14.75 12.41 14.75 11.97 11.68 12.34 12.26 13.07 14.68 17.76
13.80 15.84 18.10 22.48 23.21 21.39 20.08 19.49 18.18 18.40 17.59 17.59 15.84 14.09 15.99 17.16 17.08 16.43 14.97 11.75 8.76 2.77 0.29 0.00 0.00 0.00 0.00 0.00 0.00 1.31 7.88 10.95 12.05 12.63 13.21 13.80 14.31 14.31 13.65 12.05 8.91 7.59 7.74 8.83 9.13 9.78 10.88 10.95 11.75 13.87 14.31 14.53 15.11 15.26 14.31 15.26 14.97 14.09 13.94 13.21 12.92 12.34 12.34 12.63 12.19 12.12 12.05 11.90 12.19 12.19 12.26 12.63 12.41 14.75 12.41 14.75 11.97 13.50 17.02 17.65 17.90 24.94 29.33
9.56 11.32 14.60 18.76 21.02 20.95 21.10 18.83 16.43 16.06 16.86 16.86 17.45 17.81 19.13 18.83 17.08 13.94 10.51 6.57 3.65 0.00 0.00 0.00 0.00 0.00 0.00 0.00 3.87 5.99 8.10 10.15 10.95 11.90 12.78 12.99 13.43 13.43 13.14 11.83 10.22 9.93 11.46 13.21 14.31 16.79 17.16 17.08 16.94 17.16 17.52 17.16 15.70 14.53 13.72 13.21 12.63 12.63 12.41 11.97 11.17 10.22 10.22 10.29 10.51 10.51 10.59 10.59 9.71 10.15 10.88 11.17 11.32 10.29 10.29 10.91 13.47 15.94 16.99 15.93 14.69 19.78 21.37
9.86 9.49 9.56 10.73 12.78 15.11 16.43 16.57 15.77 15.11 15.26 15.26 17.01 18.76 18.91 15.77 11.53 6.35 3.07 0.00 0.00 0.00 0.00 0.00 0.00 1.24 3.87 7.45 9.20 10.07 10.44 10.29 10.07 9.78 10.15 11.10 11.53 11.53 11.97 12.26 12.56 14.31 16.21 18.91 19.64 19.64 18.69 17.59 17.37 17.30 16.21 14.89 13.65 13.29 12.63 11.68 11.97 11.61 11.24 10.73 9.78 9.20 9.20 8.40 8.10 8.47 8.76 9.42 10.07 9.64 9.56 10.07 10.95 10.73 10.83 14.28 14.94 13.73 14.39 17.77 20.95 19.90 19.89
14.02 12.56 11.61 9.78 9.13 9.86 12.41 14.02 13.65 13.72 14.24 14.24 14.82 12.41 10.22 6.86 2.92 0.00 0.00 0.00 0.00 0.00 2.19 5.04 6.13 9.64 10.37 11.46 12.41 12.78 11.46 10.59 10.22 9.64 9.71 9.86 11.53 11.53 13.58 15.33 17.74 20.08 21.61 20.88 20.08 19.35 19.13 17.37 16.50 16.06 15.40 14.60 13.51 12.48 11.75 10.95 10.07 10.07 10.37 10.51 10.00 8.91 8.91 8.10 7.59 7.88 8.40 8.25 8.25 9.05 10.51 10.37 10.29 10.15 8.98 11.12 10.54 13.37 15.19 17.40 16.02 18.09 20.17
14.02 12.56 11.61 9.78 9.13 9.86 12.41 14.02 13.65 13.72 14.24 14.24 14.82 12.41 10.22 6.86 2.92 0.00 0.00 0.00 0.00 0.00 2.19 5.04 6.13 9.64 10.37 11.46 12.41 12.78 11.46 10.59 10.22 9.64 9.71 9.86 11.53 11.53 13.58 15.33 17.74 20.08 21.61 20.88 20.08 19.35 19.13 17.37 16.50 16.06 15.40 14.60 13.51 12.48 11.75 10.95 10.07 10.07 10.37 10.51 10.00 8.91 8.91 8.10 7.59 7.88 8.40 8.25 8.25 9.05 10.51 10.37 10.29 10.15 8.76 10.95 10.22 12.42 13.54 16.11 17.09 18.77 20.17
15.99 15.11 13.80 12.05 10.95 10.07 9.42 9.86 9.49 8.61 7.23 7.23 5.77 2.56 0.29 0.00 0.00 0.00 0.00 0.00 4.82 8.32 9.49 9.42 11.32 11.75 12.05 12.34 13.87 14.24 13.72 12.85 11.90 11.83 12.56 13.29 13.87 13.87 15.84 16.94 17.89 19.49 21.61 21.75 19.49 16.86 15.18 14.89 15.04 16.21 16.79 16.21 14.89 13.07 10.88 10.07 9.56 8.98 9.05 9.05 8.69 9.20 9.20 9.49 9.64 9.42 9.49 10.22 10.95 11.53 11.39 11.53 11.46 11.02 10.80 9.13 10.86 12.38 14.37 13.22 15.56 18.20 19.06
13.72 12.12 11.75 12.78 13.29 12.63 10.80 9.71 7.45 4.23 1.24 1.24 0.00 0.00 0.00 0.00 0.00 0.00 0.00 0.88 5.84 8.25 11.24 12.78 12.85 12.26 12.63 13.58 14.31 15.55 15.62 15.11 14.24 14.16 14.16 14.09 14.02 14.02 14.89 16.50 17.37 17.08 17.74 18.32 17.81 16.72 15.84 16.28 17.16 17.16 17.08 17.08 16.06 15.40 14.60 13.72 12.78 10.73 9.56 9.20 10.22 11.46 11.46 12.92 14.31 15.04 15.99 15.77 15.18 14.67 14.75 13.87 13.58 12.99 11.75 11.30 16.50 16.20 14.11 16.43 15.27 16.06 19.30
15.62 15.18 16.72 17.96 18.03 17.52 15.70 13.58 11.02 7.74 5.40 5.40 3.94 3.21 2.48 2.48 2.34 2.77 3.43 5.11 7.37 10.29 12.70 15.11 16.64 15.18 15.70 15.04 14.97 15.33 15.33 15.33 14.67 13.65 12.63 13.21 13.51 13.51 13.65 14.75 15.26 15.18 14.60 13.94 13.87 14.82 15.99 17.37 18.32 18.76 18.32 17.74 17.37 16.57 16.35 17.08 17.89 16.79 14.02 11.61 12.26 13.87 13.87 15.77 17.23 18.18 17.30 17.16 17.96 17.01 18.76 18.61 17.08 14.67 14.36 14.30 17.75 17.92 17.50 18.93 17.58 16.85 18.81
13.29 13.65 16.86 18.76 16.72 15.18 14.53 13.58 12.92 11.68 11.24 11.24 10.73 10.51 9.56 8.47 7.74 7.59 7.81 8.03 9.20 10.80 11.75 13.36 14.97 15.91 16.50 16.21 14.97 13.29 13.36 13.14 13.21 13.07 12.85 13.07 13.36 13.36 13.21 12.85 12.70 12.78 12.56 12.56 12.56 12.92 13.14 13.80 15.04 16.50 16.21 15.40 15.48 16.28 17.81 17.08 17.01 18.03 16.57 15.33 14.89 15.62 15.62 16.64 17.67 17.89 17.01 15.55 15.91 17.52 18.83 20.37 20.51 19.27 19.76 15.38 22.23 18.60 20.74 18.78 19.06 19.07 19.33
13.29 13.65 16.86 18.76 16.72 15.18 14.53 13.58 12.92 11.68 11.24 11.24 10.73 10.51 9.56 8.47 7.74 7.59 7.81 8.03 9.20 10.80 11.75 13.36 14.97 15.91 16.50 16.21 14.97 13.29 13.36 13.14 13.21 13.07 12.85 13.07 13.36 13.36 13.21 12.85 12.70 12.78 12.56 12.56 12.56 12.92 13.14 13.80 15.04 16.50 16.21 15.40 15.48 16.28 17.81 17.08 17.01 18.03 16.57 15.33 14.89 15.62 15.62 16.64 17.67 17.89 17.01 15.55 15.91 17.52 18.83 20.37 20.51 23.66 18.52 16.72 19.96 23.01 21.04 20.77 19.43 17.20 18.69
8.69 10.29 11.53 12.05 13.07 12.19 11.10 11.02 10.59 9.64 11.24 11.24 11.17 10.44 9.56 8.98 9.42 10.51 10.07 9.27 9.20 9.86 10.59 11.32 11.75 13.58 13.29 12.41 11.32 11.46 11.10 11.39 11.61 12.63 13.14 12.92 13.07 13.07 13.14 12.41 11.90 11.68 12.12 13.21 12.99 10.95 10.29 9.20 10.07 11.10 11.53 10.29 11.46 12.26 14.02 14.60 14.75 14.82 15.40 15.77 15.91 15.40 15.40 15.62 16.79 16.86 15.70 15.26 15.77 17.67 18.98 20.66 22.16 20.85 21.72 20.20 19.33 24.37 22.78 19.50 18.60 20.29 19.14
7.37 7.01 7.15 8.10 8.98 8.98 8.69 9.13 8.76 7.52 7.45 7.45 7.52 7.30 7.66 7.74 8.83 10.07 9.86 9.42 8.98 8.91 10.15 10.80 10.80 10.59 10.22 9.49 9.64 9.86 9.78 10.00 11.32 12.05 12.19 11.53 11.46 11.46 12.19 11.61 11.02 10.88 11.46 11.10 8.91 7.74 5.18 4.60 5.77 7.15 6.94 7.08 7.66 8.47 9.56 11.97 11.90 13.36 14.53 15.04 14.67 15.04 15.04 14.89 13.94 14.97 16.43 17.59 17.67 18.54 20.22 22.89 24.11 24.92 24.11 24.85 18.18 24.74 23.58 22.48 21.90 23.28 19.44
5.99 6.06 5.55 5.40 5.40 6.06 7.45 8.47 8.40 7.01 6.72 6.72 6.79 7.66 7.74 9.34 10.29 9.78 9.20 8.10 7.59 9.13 11.32 13.51 12.99 11.17 9.13 8.61 9.13 8.69 8.40 9.34 10.95 11.97 11.97 11.17 10.66 10.66 10.80 10.22 9.20 8.98 9.13 8.25 6.06 3.29 2.41 2.63 4.67 6.35 5.99 5.77 6.20 6.86 7.45 7.15 7.96 10.44 12.19 12.70 13.87 15.48 15.48 17.37 19.05 18.54 18.18 19.64 21.61 21.90 22.85 25.11 26.94 28.32 28.47 27.16 20.81 28.24 26.37 29.09 30.15 24.26 24.07
6.64 7.23 5.84 5.11 4.16 4.09 4.89 6.35 7.59 7.15 6.64 6.64 6.28 6.42 5.99 7.30 8.10 7.23 6.86 6.50 7.88 9.64 11.17 13.58 13.36 11.97 9.27 8.61 8.83 8.03 8.32 10.66 12.41 13.21 12.63 11.83 11.90 11.90 11.24 9.78 7.23 4.96 4.23 4.45 3.72 2.70 2.48 2.48 2.63 2.41 2.48 1.53 1.83 2.70 3.21 4.09 6.94 10.07 12.12 13.21 13.72 14.82 14.82 15.55 16.43 17.89 18.69 19.56 21.39 22.70 24.31 25.84 29.05 30.59 31.10 30.30 31.39 26.18 34.84 29.86 31.56 27.21 28.10
5.77 6.13 5.33 4.60 3.87 3.65 2.70 3.87 4.67 4.67 3.72 3.72 3.43 3.58 4.38 4.96 4.31 3.65 2.63 4.67 9.13 11.61 11.39 11.17 10.66 9.86 9.05 9.42 9.93 10.15 10.88 12.19 13.65 13.29 11.46 10.22 9.56 9.56 9.56 6.50 3.36 2.56 1.90 1.90 2.56 1.83 1.17 0.88 0.73 0.29 0.00 0.58 1.53 1.53 1.39 4.67 9.64 13.58 15.26 16.43 16.13 14.31 14.31 12.12 11.23 13.94 15.11 15.62 18.40 20.08 21.75 24.67 26.94 29.86 31.39 30.88 31.03 27.87 37.70 32.28 31.81 26.01 20.75
5.77 6.13 5.33 4.60 3.87 3.65 2.70 3.87 4.67 4.67 3.72 3.72 3.43 3.58 4.38 4.96 4.31 3.65 2.63 4.67 9.13 11.61 11.39 11.17 10.66 9.86 9.05 9.42 9.93 10.15 10.88 12.19 13.65 13.29 11.46 10.22 9.56 9.56 9.56 6.50 3.36 2.56 1.90 1.90 2.56 1.83 1.17 0.88 0.73 0.29 0.00 0.58 1.53 1.53 1.39 4.67 9.64 13.58 15.26 16.43 16.13 14.31 14.31 12.12 11.23 13.94 15.11 15.62 18.40 20.08 21.75 24.67 26.94 29.86 31.39 30.88 29.78 28.02 29.28 28.40 26.65 30.28 25.38
3.94 4.31 4.45 2.85 2.04 1.90 2.04 2.85 2.63 2.19 2.34 2.34 3.80 2.92 2.85 2.70 1.75 1.90 2.04 3.58 7.59 10.15 10.66 9.78 9.49 10.15 11.17 11.68 12.19 15.18 14.82 13.36 12.85 12.05 8.47 6.13 4.82 4.82 4.38 2.48 2.04 1.68 1.02 1.02 0.51 0.80 0.80 0.00 0.00 0.00 0.00 0.22 1.75 2.56 2.85 4.31 9.93 15.26 16.72 14.89 13.29 10.59 10.59 7.88 6.35 7.52 12.26 14.24 15.04 16.64 17.81 20.37 22.19 25.19 28.62 29.20 28.62 27.51 29.51 38.65 33.61 29.31 26.55
2.41 1.46 1.46 2.04 2.56 2.41 2.70 1.90 1.61 2.04 2.56 2.56 2.77 1.61 1.02 0.95 1.17 2.26 2.99 5.18 7.66 10.59 11.53 11.02 11.39 12.70 13.21 13.21 15.18 17.23 17.81 14.60 11.10 8.25 4.16 2.26 1.68 1.68 1.39 0.58 0.22 0.58 1.10 0.73 0.22 0.00 0.00 0.00 0.00 0.00 0.00 0.00 0.00 0.07 0.37 2.70 6.57 11.17 12.78 10.73 6.86 4.09 4.09 4.23 5.48 8.54 11.97 14.89 16.43 17.23 19.27 21.02 25.48 28.76 30.51 31.10 30.70 28.03 30.95 31.24 31.77 28.67 29.69
2.77 1.83 2.56 2.34 2.41 1.75 1.10 1.02 1.97 1.83 2.70 2.70 2.70 2.34 2.41 1.68 2.92 4.16 5.62 7.81 9.93 11.68 11.97 12.41 13.36 14.82 15.18 13.51 13.87 15.84 15.26 12.34 7.96 4.74 2.56 0.95 0.22 0.22 0.37 0.66 0.51 0.22 0.00 0.00 0.00 0.00 0.00 0.00 0.00 0.00 0.00 0.00 0.00 0.00 0.00 0.00 1.53 4.82 5.33 5.55 6.06 6.86 6.86 8.32 10.00 12.41 15.04 18.47 19.42 20.73 22.12 23.14 24.45 28.91 34.09 33.85 30.39 29.71 30.12 24.79 25.62 24.71 21.01
2.12 2.26 2.26 2.70 2.48 1.75 0.73 0.44 0.58 0.80 1.46 1.46 1.75 2.19 2.34 2.41 3.43 5.55 7.01 8.61 9.93 10.59 10.73 11.39 10.88 12.19 12.56 11.02 8.98 8.18 9.13 8.03 5.11 2.41 1.68 0.00 0.00 0.00 0.00 0.00 0.00 0.00 0.00 0.00 0.00 0.00 0.00 0.00 0.00 0.00 0.00 0.00 0.00 0.00 0.00 0.00 0.00 0.00 0.00 1.90 4.31 7.08 7.08 10.37 11.83 12.56 14.16 16.64 18.40 20.00 22.34 24.75 27.38 29.13 31.83 31.21 30.10 27.34 27.07 26.97 21.49 19.31 17.94
2.77 2.48 2.34 0.00 0.00 1.68 0.00 0.00 0.00 0.00 0.00 0.00 0.00 0.80 1.39 1.53 2.77 4.38 5.62 6.50 6.64 6.86 6.72 6.79 5.62 5.04 4.89 2.99 2.70 4.09 5.18 4.23 1.97 0.22 0.37 0.58 0.44 0.44 0.00 0.00 0.00 0.00 0.00 0.00 0.00 0.00 0.00 0.00 0.00 0.00 0.00 0.00 0.00 0.00 0.00 0.00 0.00 0.00 0.00 0.00 0.00 2.12 2.12 4.96 6.20 8.54 12.41 15.40 15.70 16.64 19.71 23.94 27.40 29.91 30.92 26.35 24.95 23.88 19.88 19.10 16.60 15.35 15.49
2.77 2.48 2.34 0.00 0.00 1.68 0.00 0.00 0.00 0.00 0.00 0.00 0.00 0.80 1.39 1.53 2.77 4.38 5.62 6.50 6.64 6.86 6.72 6.79 5.62 5.04 4.89 2.99 2.70 4.09 5.18 4.23 1.97 0.22 0.37 0.58 0.44 0.44 0.00 0.00 0.00 0.00 0.00 0.00 0.00 0.00 0.00 0.00 0.00 0.00 0.00 0.00 0.00 0.00 0.00 0.00 0.00 0.00 0.00 0.00 0.00 2.12 2.12 4.96 6.20 8.54 12.41 15.40 15.70 16.64 19.71 23.94 27.54 29.59 27.96 29.37 26.62 27.86 23.07 18.49 17.34 14.91 16.39
2.12 0.00 1.90 0.00 0.00 0.00 0.00 0.00 0.00 0.00 0.00 0.00 0.00 0.29 0.00 0.00 1.53 2.26 2.77 3.65 3.36 3.72 4.31 4.23 3.36 2.48 1.75 0.95 1.31 2.41 2.19 0.80 0.07 0.00 0.00 0.29 0.00 0.00 0.07 0.15 0.00 0.37 0.00 0.00 0.00 0.00 0.00 0.00 0.00 0.00 0.00 0.00 0.00 0.00 0.00 0.00 0.00 0.00 0.00 0.00 0.00 0.00 0.00 0.00 2.49 6.50 11.75 16.79 18.32 18.32 21.72 24.63 27.14 27.28 29.72 28.81 26.17 20.89 16.89 12.69 13.14 11.48 8.61
4.31 4.02 0.00 0.00 4.45 0.00 0.00 0.00 0.00 0.00 0.00 0.00 0.00 0.00 0.00 0.00 1.39 1.83 0.00 3.07 3.36 3.80 4.23 3.58 3.14 2.34 1.75 1.53 1.53 2.04 1.75 0.66 0.22 0.00 0.00 0.00 0.00 0.00 0.00 0.00 0.00 0.00 0.00 0.00 0.00 0.00 0.00 0.00 0.00 0.00 0.00 0.00 0.00 0.00 0.00 0.00 0.00 0.00 0.00 0.00 0.00 0.00 0.00 0.00 2.26 6.50 11.17 14.16 18.18 20.37 22.78 25.99 28.47 28.00 29.29 26.64 19.50 14.48 8.63 9.06 7.82 7.03 5.52
6.64 7.01 6.72 5.18 5.62 0.00 0.00 0.00 0.00 0.00 0.00 0.00 0.00 0.00 0.00 0.00 0.00 0.00 0.00 0.00 3.29 3.94 3.72 3.14 3.58 4.16 4.23 3.43 2.85 1.02 0.44 0.00 0.00 0.00 0.00 0.00 0.00 0.00 0.00 0.00 0.00 0.00 0.00 0.00 0.00 0.00 0.00 0.00 0.00 0.00 0.00 0.00 0.00 0.00 0.00 0.00 0.00 0.00 0.00 0.00 0.00 0.00 0.00 0.73 2.48 7.52 11.39 16.35 18.61 21.61 25.11 26.13 26.94 26.98 27.62 21.48 13.15 10.01 6.06 5.46 6.07 5.22 4.25
6.72 6.86 5.84 5.48 6.57 0.00 0.00 0.00 0.00 0.00 0.00 0.00 0.00 0.00 0.00 0.00 0.00 0.00 0.00 0.00 0.00 0.00 1.90 1.97 3.21 4.67 5.77 5.04 3.43 2.04 0.00 0.00 0.00 0.00 0.00 0.00 0.00 0.00 0.00 0.00 0.00 0.00 0.00 0.00 0.00 0.00 0.00 0.00 0.00 0.00 0.00 0.00 0.00 0.00 0.00 0.00 0.00 0.00 0.00 0.00 1.46 2.34 2.34 4.23 6.64 10.80 13.58 15.99 19.71 22.27 26.28 26.72 26.06 23.08 19.74 14.60 9.43 5.66 3.08 3.35 4.24 3.25 1.99
4.96 5.26 4.31 3.58 5.33 2.77 0.00 0.00 0.00 0.00 0.00 0.00 0.00 0.00 0.00 0.00 0.00 0.00 0.00 0.00 0.00 0.00 0.00 1.83 3.21 4.82 5.40 4.31 3.14 2.04 0.00 0.00 0.00 0.00 0.00 0.00 0.00 0.00 0.00 0.00 0.00 0.00 0.00 0.00 0.00 0.00 0.00 0.00 0.00 1.39 1.61 0.00 0.00 0.00 0.29 0.07 0.58 0.29 0.44 2.19 3.50 5.40 5.40 7.66 9.93 13.51 15.70 16.43 17.67 20.29 23.73 24.89 22.56 20.08 14.44 6.80 2.62 1.48 1.58 1.03 1.42 0.91 0.00
5.26 4.31 3.29 0.00 0.00 0.00 0.00 0.00 0.00 0.00 0.00 0.00 0.00 0.00 0.00 0.00 0.00 0.00 0.00 0.00 0.00 0.00 0.00 0.00 2.34 3.14 3.43 3.21 2.48 1.61 0.00 0.00 0.00 0.00 0.00 0.00 0.00 0.00 0.00 0.00 0.00 0.00 0.00 0.00 0.00 0.00 0.00 0.00 0.00 2.70 3.43 2.70 2.26 0.00 2.77 2.26 2.48 1.90 0.00 1.75 4.60 4.67 4.67 4.96 5.99 7.74 11.68 13.07 13.87 15.91 19.49 20.00 17.81 13.57 8.34 4.17 1.55 0.78 0.47 0.00 0.00 0.00 0.00
5.26 4.31 3.29 0.00 0.00 0.00 0.00 0.00 0.00 0.00 0.00 0.00 0.00 0.00 0.00 0.00 0.00 0.00 0.00 0.00 0.00 0.00 0.00 0.00 2.34 3.14 3.43 3.21 2.48 1.61 0.00 0.00 0.00 0.00 0.00 0.00 0.00 0.00 0.00 0.00 0.00 0.00 0.00 0.00 0.00 0.00 0.00 0.00 0.00 2.70 3.43 2.70 2.26 0.00 2.77 2.26 2.48 1.90 0.00 1.75 4.60 4.67 4.67 4.96 5.99 7.74 11.68 13.07 13.87 15.91 19.49 20.00 17.81 13.51 8.22 4.11 1.55 0.82 0.42 0.00 0.00 0.00 0.00
6.50 5.11 4.23 0.00 0.00 0.00 0.00 0.00 0.00 0.00 0.00 0.00 0.00 0.00 0.00 0.00 0.00 0.00 0.00 0.00 0.00 0.00 0.00 0.00 0.00 0.00 0.00 2.12 1.90 0.00 0.00 0.00 0.00 0.00 0.00 0.00 0.00 0.00 0.00 0.00 0.00 0.00 0.00 0.00 0.00 0.00 0.00 2.99 4.09 4.82 4.31 3.72 4.09 4.96 5.26 4.60 3.14 2.70 2.77 3.07 3.21 3.72 3.72 3.14 2.41 3.80 6.13 8.10 11.10 12.92 14.60 14.75 12.34 8.83 5.48 1.99 0.44 0.23 0.00 0.00 0.00 0.00 0.00
