Wansh/Snow_depth/snowdepth-1989/spring/1989087.txt
ncols 321
nrows 161
xllcenter 60
yllcenter 15 
cellsize  0.25 
NODATA_value -1
[rows 0 to 36 of 161, columns 84 to 167 of 321]
0.00 0.00 0.00 0.00 12.85 8.47 5.62 4.38 0.00 0.00 0.00 0.00 0.00 0.00 0.00 0.00 0.00 3.80 3.80 3.36 0.00 11.32 11.32 0.00 0.00 0.00 0.00 0.00 0.00 0.00 4.16 4.02 4.67 4.02 0.00 0.00 0.00 0.00 0.00 0.00 0.00 0.00 5.33 5.33 6.64 6.06 0.00 0.00 0.00 0.00 5.18 6.20 6.86 5.40 0.00 0.00 0.00 0.00 0.00 0.00 0.00 0.00 0.00 0.00 0.00 0.00 0.00 0.00 0.00 3.72 4.89 5.91 5.99 6.06 7.15 7.08 7.08 8.54 11.02 12.26 12.41 10.95 8.83 9.05
0.00 0.00 12.63 12.70 10.51 8.10 7.15 6.20 6.42 7.96 10.73 13.14 0.00 0.00 0.00 0.00 0.00 0.00 0.00 0.00 0.00 0.00 0.00 0.00 0.00 0.00 0.00 0.00 7.96 7.88 6.35 4.38 4.02 4.09 0.00 0.00 0.00 0.00 0.00 0.00 0.00 0.00 0.00 0.00 0.00 5.40 0.00 0.00 0.00 0.00 0.00 3.14 3.58 3.87 3.87 4.09 4.74 6.13 6.79 6.79 5.99 5.40 5.18 4.67 4.31 4.02 5.11 5.11 5.11 5.11 4.82 5.62 5.40 5.33 7.01 8.83 10.44 10.59 10.07 10.37 11.68 12.05 11.75 11.02
0.00 0.00 10.22 10.00 8.69 8.47 9.64 9.78 9.86 11.17 13.36 15.26 14.82 0.00 0.00 0.00 0.00 0.00 0.00 0.00 0.00 0.00 0.00 0.00 0.00 0.00 0.00 0.00 0.00 9.56 8.47 6.35 5.04 3.50 2.92 2.56 0.00 0.00 0.00 0.00 0.00 0.00 0.00 0.00 0.00 0.00 0.00 0.00 0.00 0.00 0.00 0.00 2.99 2.85 0.00 4.96 6.35 7.66 8.91 9.42 10.15 10.15 9.56 8.47 7.59 8.40 9.71 10.00 10.00 10.00 9.27 7.81 6.86 5.91 6.64 8.18 9.78 11.90 12.12 11.24 11.46 13.51 14.97 15.77
0.00 0.00 10.22 10.00 8.69 8.47 9.64 9.78 9.86 11.17 13.36 15.26 14.82 0.00 0.00 0.00 0.00 0.00 0.00 0.00 0.00 0.00 0.00 0.00 0.00 0.00 0.00 0.00 0.00 9.56 8.47 6.35 5.04 3.50 2.92 2.56 0.00 0.00 0.00 0.00 0.00 0.00 0.00 0.00 0.00 0.00 0.00 0.00 0.00 0.00 0.00 0.00 2.99 2.85 0.00 4.96 6.35 7.66 8.91 9.42 10.15 10.15 9.56 8.47 7.59 8.40 9.71 10.00 10.00 10.00 9.27 7.81 6.86 5.91 6.64 8.18 9.78 11.90 12.12 11.24 11.46 13.51 14.97 15.77
0.00 0.00 9.49 8.40 10.80 12.63 12.56 12.05 12.48 13.94 15.91 16.94 16.94 17.16 0.00 0.00 0.00 0.00 0.00 0.00 0.00 0.00 0.00 0.00 0.00 0.00 0.00 0.00 0.00 0.00 9.20 7.66 7.15 5.91 5.62 6.57 4.67 0.00 0.00 0.00 0.00 0.00 0.00 0.00 0.00 0.00 0.00 0.00 0.00 0.00 0.00 0.00 0.00 0.00 0.00 2.99 3.50 4.89 7.08 7.88 9.64 10.95 11.46 11.10 10.00 10.59 11.32 11.24 11.24 11.39 10.88 10.37 8.91 8.18 6.42 6.13 8.18 10.73 12.78 13.43 12.26 11.68 12.63 13.65
0.00 0.00 0.00 8.32 13.58 12.34 9.93 9.05 9.78 10.66 12.05 13.65 16.28 18.61 18.47 0.00 0.00 0.00 0.00 0.00 0.00 0.00 0.00 0.00 0.00 0.00 0.00 0.00 0.00 0.00 0.00 0.00 6.94 6.35 6.28 7.30 5.11 0.00 0.00 0.00 0.00 0.00 0.00 0.00 0.00 0.00 0.00 0.00 0.00 0.00 0.00 0.00 0.00 0.00 0.00 3.72 3.29 4.31 6.06 7.01 8.69 10.07 14.02 14.97 14.09 13.21 12.05 10.95 10.95 10.80 11.17 11.83 11.46 11.24 10.00 8.47 7.30 7.15 7.96 10.51 12.12 14.89 15.26 15.33
0.00 0.00 0.00 10.59 11.90 11.46 10.15 9.71 10.15 11.39 11.68 11.61 13.14 15.18 15.18 16.28 0.00 0.00 0.00 0.00 0.00 0.00 0.00 0.00 0.00 0.00 0.00 0.00 0.00 0.00 0.00 0.00 0.00 6.64 6.06 5.69 4.45 0.00 0.00 0.00 0.00 0.00 0.00 0.00 0.00 0.00 0.00 0.00 0.00 0.00 0.00 0.00 0.00 0.00 4.09 4.09 4.89 6.50 7.66 8.40 9.34 11.32 14.60 16.43 16.72 16.13 14.82 11.61 11.61 10.88 11.32 12.19 13.29 13.07 12.48 11.97 10.95 9.93 7.96 7.96 8.83 10.59 14.31 16.13
0.00 0.00 0.00 10.59 11.90 11.46 10.15 9.71 10.15 11.39 11.68 11.61 13.14 15.18 15.18 16.28 0.00 0.00 0.00 0.00 0.00 0.00 0.00 0.00 0.00 0.00 0.00 0.00 0.00 0.00 0.00 0.00 0.00 6.64 6.06 5.69 4.45 0.00 0.00 0.00 0.00 0.00 0.00 0.00 0.00 0.00 0.00 0.00 0.00 0.00 0.00 0.00 0.00 0.00 4.09 4.09 4.89 6.50 7.66 8.40 9.34 11.32 14.60 16.43 16.72 16.13 14.82 11.61 11.61 10.88 11.32 12.19 13.29 13.07 12.48 11.97 10.95 9.93 7.96 7.96 8.83 10.59 14.31 16.13
0.00 0.00 0.00 10.29 10.29 13.29 12.63 12.41 13.72 14.31 12.26 10.29 8.91 9.93 12.48 15.62 17.01 12.19 12.19 10.37 9.34 0.00 0.00 0.00 0.00 0.00 0.00 0.00 0.00 0.00 0.00 0.00 0.00 0.00 0.00 0.00 0.00 0.00 0.00 0.00 0.00 0.00 0.00 0.00 0.00 0.00 0.00 0.00 0.00 4.02 5.04 5.77 5.48 5.11 3.58 4.23 5.11 6.64 7.23 8.25 9.71 10.29 12.26 13.51 14.02 14.75 13.87 13.14 13.14 12.63 12.34 13.51 14.02 13.51 12.41 12.34 12.56 14.09 13.94 11.68 10.00 8.69 8.83 10.29
0.00 0.00 0.00 0.00 11.53 12.26 14.02 14.60 15.11 12.85 10.80 8.32 7.37 8.40 9.64 11.02 12.19 10.95 10.95 11.02 0.00 0.00 0.00 0.00 0.00 0.00 0.00 0.00 0.00 0.00 0.00 0.00 0.00 0.00 0.00 6.64 0.00 0.00 0.00 0.00 0.00 0.00 0.00 0.00 0.00 0.00 0.00 0.00 4.53 5.26 5.99 7.37 8.32 7.81 6.64 6.86 7.01 7.45 8.03 7.08 7.66 9.13 10.51 10.80 10.73 12.05 13.07 13.14 13.14 13.80 14.09 14.31 15.48 15.62 13.36 13.58 15.91 19.27 19.64 17.23 12.56 10.80 8.61 6.57
0.00 0.00 0.00 0.00 10.88 11.90 12.85 12.85 14.45 12.34 8.61 5.26 5.99 4.38 3.14 3.07 2.63 2.04 2.04 3.29 2.04 0.00 0.00 0.00 0.00 0.00 0.00 0.00 0.00 0.00 0.00 0.00 0.00 0.00 5.26 4.82 5.04 5.69 5.26 0.00 0.00 5.62 5.33 5.33 5.40 6.57 5.62 4.38 5.69 6.06 5.91 6.06 7.96 8.25 8.03 8.03 9.27 11.53 11.68 10.44 9.93 10.44 10.80 10.59 10.59 11.17 13.36 15.91 15.91 17.52 18.10 16.72 17.16 16.72 17.30 18.54 19.78 22.27 23.43 19.35 16.57 13.87 12.63 10.73
0.00 0.00 0.00 0.00 10.88 11.90 12.85 12.85 14.45 12.34 8.61 5.26 5.99 4.38 3.14 3.07 2.63 2.04 2.04 3.29 2.04 0.00 0.00 0.00 0.00 0.00 0.00 0.00 0.00 0.00 0.00 0.00 0.00 0.00 5.26 4.82 5.04 5.69 5.26 0.00 0.00 5.62 5.33 5.33 5.40 6.57 5.62 4.38 5.69 6.06 5.91 6.06 7.96 8.25 8.03 8.03 9.27 11.53 11.68 10.44 9.93 10.44 10.80 10.59 10.59 11.17 13.36 15.91 15.91 17.52 18.10 16.72 17.16 16.72 17.30 18.54 19.78 22.27 23.43 19.35 16.57 13.87 12.63 10.73
6.79 3.87 3.14 1.31 9.34 8.91 8.98 10.00 12.12 7.52 3.72 1.90 0.00 0.00 0.00 0.00 0.00 0.00 0.00 6.42 0.00 0.00 0.00 0.00 0.00 0.00 0.00 0.00 0.00 0.00 0.00 0.00 0.00 0.00 3.65 7.59 8.25 9.49 8.32 8.32 8.83 9.56 9.05 9.05 7.59 6.28 4.67 5.40 6.64 6.57 5.77 5.84 6.28 4.60 3.80 6.20 8.47 12.19 14.02 14.09 12.48 11.61 11.24 11.17 11.24 11.90 12.63 14.97 14.97 16.72 18.61 19.49 19.20 19.05 19.93 21.46 22.63 23.94 23.94 22.34 18.25 15.26 13.36 11.90
6.57 4.60 3.21 0.00 1.75 7.23 6.86 4.89 3.07 4.38 0.00 0.00 0.00 0.00 0.00 0.00 0.00 0.00 0.00 0.00 0.00 0.00 0.00 0.00 0.00 0.00 0.00 0.00 4.09 6.06 8.10 9.42 9.93 10.07 9.56 13.21 13.94 15.04 12.63 10.59 8.61 7.88 6.42 6.42 4.23 3.65 4.16 5.62 6.20 4.74 4.31 3.80 2.85 0.15 0.00 0.15 2.34 4.53 6.35 8.03 9.71 10.88 11.32 12.70 13.21 13.07 13.72 14.82 14.82 16.79 18.40 19.27 19.05 18.61 17.30 18.54 18.76 15.18 12.26 12.41 15.84 14.16 10.66 8.47
4.09 3.94 4.23 4.60 2.12 7.45 0.00 0.00 0.00 0.00 0.00 0.00 0.00 0.00 9.56 9.27 9.64 0.00 0.00 0.00 0.00 0.00 0.00 0.00 9.64 7.74 7.08 8.03 9.49 11.75 14.02 16.28 17.81 17.01 15.33 15.62 13.94 10.95 7.59 5.99 5.04 3.43 1.02 1.02 1.53 2.70 2.92 3.43 4.02 4.82 4.09 2.77 0.58 0.00 0.00 0.00 0.00 0.00 1.68 2.56 3.29 4.89 6.64 8.32 9.64 11.83 12.70 12.85 12.85 14.82 16.86 17.45 16.43 11.75 11.02 11.10 10.51 4.74 0.37 4.60 12.48 13.87 13.29 12.34
0.00 0.00 4.60 8.98 0.00 0.00 0.00 0.00 0.00 0.00 0.00 0.00 0.00 0.00 6.35 0.00 0.00 6.94 6.94 0.00 0.00 0.00 6.64 9.64 10.59 11.24 11.02 10.66 11.75 13.43 15.77 18.03 19.05 15.91 13.58 12.19 14.82 4.31 2.41 2.85 3.72 3.36 4.09 4.09 5.99 7.59 10.00 11.39 10.66 8.54 7.81 5.99 5.40 4.16 3.50 0.66 1.39 1.39 2.19 3.07 4.02 4.96 4.96 5.18 5.69 8.98 11.53 13.65 13.65 14.53 16.43 15.77 13.14 8.40 5.48 7.66 7.52 2.04 0.00 1.24 9.49 11.90 12.05 13.58
0.00 0.00 4.60 8.98 0.00 0.00 0.00 0.00 0.00 0.00 0.00 0.00 0.00 0.00 6.35 0.00 0.00 6.94 6.94 0.00 0.00 0.00 6.64 9.64 10.59 11.24 11.02 10.66 11.75 13.43 15.77 18.03 19.05 15.91 13.58 12.19 14.82 4.31 2.41 2.85 3.72 3.36 4.09 4.09 5.99 7.59 10.00 11.39 10.66 8.54 7.81 5.99 5.40 4.16 3.50 0.66 1.39 1.39 2.19 3.07 4.02 4.96 4.96 5.18 5.69 8.98 11.53 13.65 13.65 14.53 16.43 15.77 13.14 8.40 5.48 7.66 7.52 2.04 0.00 1.24 9.49 11.90 12.05 13.58
4.09 5.11 6.64 8.32 0.00 0.00 0.00 0.00 0.00 0.00 0.00 0.00 0.00 6.64 8.18 7.66 6.57 7.96 7.96 7.66 5.77 0.00 0.00 7.88 9.64 10.51 12.70 11.10 10.44 11.39 14.38 16.64 17.52 17.67 16.13 10.66 7.15 6.20 3.87 6.28 8.83 11.10 12.05 12.05 13.65 14.67 17.74 19.78 20.44 17.52 14.60 13.58 12.92 12.99 13.94 10.07 7.96 6.57 5.26 6.35 7.59 9.34 9.13 7.81 8.10 9.27 11.97 14.16 14.16 17.16 18.54 15.70 10.29 6.20 5.84 7.52 7.08 3.29 0.88 4.23 7.66 6.86 4.96 6.64
7.59 10.15 13.94 15.04 15.70 0.00 0.00 0.00 0.00 0.00 0.00 0.00 0.00 9.64 10.88 10.29 9.42 9.20 9.20 8.76 7.52 7.30 5.55 0.00 0.00 9.20 10.80 12.99 14.45 15.04 15.77 18.10 19.86 20.73 19.05 15.48 10.66 8.03 7.30 9.20 11.10 13.43 18.98 18.98 22.85 24.09 24.02 24.60 24.53 21.61 18.76 16.72 16.57 18.10 20.08 20.08 17.30 13.80 12.05 10.88 12.78 16.79 16.57 13.14 11.53 11.90 13.43 17.16 17.16 19.35 18.76 15.04 9.71 6.42 5.69 5.55 3.65 1.61 1.10 3.14 4.74 3.72 3.21 2.63
0.00 2.41 6.20 9.05 10.80 0.00 0.00 0.00 0.00 0.00 0.00 0.00 0.00 7.66 9.20 8.18 8.32 9.20 9.20 9.86 9.49 10.15 9.13 7.59 7.45 10.22 11.24 15.55 15.40 14.31 14.38 15.99 18.76 20.29 18.98 16.28 10.51 6.28 6.94 6.20 6.42 9.71 18.98 18.98 28.84 30.88 30.00 27.96 25.19 23.87 21.68 18.98 18.18 18.83 19.71 20.73 21.24 20.15 18.03 16.13 15.70 17.23 17.96 16.50 15.04 15.77 17.89 19.20 19.20 18.91 13.51 8.76 4.96 2.63 2.19 0.80 0.00 0.00 1.31 2.99 2.41 2.34 2.41 1.75
0.00 0.00 0.00 4.45 4.74 0.00 0.00 0.00 0.00 0.00 0.00 0.00 0.00 0.00 0.00 6.64 7.37 8.54 8.54 10.37 10.59 12.19 10.95 11.68 12.41 12.56 14.02 14.89 13.72 12.48 11.17 12.26 15.26 17.81 17.30 12.85 5.48 2.48 1.39 3.14 0.00 7.74 16.06 16.06 23.21 27.74 26.57 25.26 21.90 21.24 19.49 19.71 20.00 20.66 21.75 23.43 23.58 21.24 18.98 16.79 15.26 13.94 13.87 13.65 14.82 15.99 16.64 16.21 16.21 11.90 7.66 2.70 0.66 0.00 0.00 0.00 0.00 0.00 1.02 1.61 1.46 1.31 1.17 1.02
0.00 0.00 0.00 0.00 0.00 0.00 0.00 0.00 0.00 0.00 0.00 0.00 0.00 17.74 15.48 0.00 11.39 12.05 12.05 12.12 12.26 14.89 15.04 15.84 16.72 17.81 20.08 19.35 18.18 16.94 13.51 11.75 12.19 13.07 13.65 7.74 3.29 0.66 0.00 0.00 0.00 7.96 9.86 9.86 12.12 15.26 13.36 12.78 11.32 11.39 12.12 12.85 13.58 14.38 19.71 21.75 21.17 17.23 12.26 11.02 9.49 8.61 8.61 8.83 10.88 11.90 11.17 10.15 10.15 7.45 3.72 2.92 1.46 0.37 0.00 0.00 0.00 0.00 0.00 0.00 0.80 0.95 0.73 0.80
0.00 0.00 0.00 0.00 0.00 0.00 0.00 0.00 0.00 0.00 0.00 0.00 0.00 17.74 15.48 0.00 11.39 12.05 12.05 12.12 12.26 14.89 15.04 15.84 16.72 17.81 20.08 19.35 18.18 16.94 13.51 11.75 12.19 13.07 13.65 7.74 3.29 0.66 0.00 0.00 0.00 7.96 9.86 9.86 12.12 15.26 13.36 12.78 11.32 11.39 12.12 12.85 13.58 14.38 19.71 21.75 21.17 17.23 12.26 11.02 9.49 8.61 8.61 8.83 10.88 11.90 11.17 10.15 10.15 7.45 3.72 2.92 1.46 0.37 0.00 0.00 0.00 0.00 0.00 0.00 0.80 0.95 0.73 0.80
0.00 0.00 0.00 0.00 0.00 0.00 0.00 13.14 14.82 14.16 0.00 16.79 18.98 18.76 18.18 0.00 0.00 11.46 11.46 10.59 11.68 13.80 14.89 16.72 19.56 21.02 21.17 20.88 19.20 21.83 15.62 12.63 10.29 9.27 7.88 3.65 1.46 0.44 0.00 0.00 1.53 2.70 3.94 3.94 3.14 3.65 2.92 0.00 2.85 5.91 6.86 6.50 6.06 5.69 8.47 11.02 11.53 7.96 5.91 3.87 3.94 5.11 5.91 7.23 9.56 10.95 8.10 5.33 5.33 6.13 8.54 7.59 4.31 2.19 1.24 0.37 0.00 0.07 0.15 0.00 0.00 0.00 0.00 0.00
2.26 5.18 7.74 9.56 13.94 17.89 18.98 19.64 19.20 18.69 18.10 16.35 15.40 14.45 14.09 16.28 0.00 12.78 12.78 12.70 15.48 17.01 18.03 18.47 19.00 21.13 19.54 18.40 18.25 20.00 19.56 13.51 9.27 6.20 3.87 0.00 0.00 0.00 0.00 0.58 0.80 0.29 0.95 0.95 0.00 0.00 0.00 0.00 0.00 0.00 0.00 0.00 0.00 0.00 0.00 0.00 0.66 0.29 0.00 1.75 4.67 6.79 7.88 9.71 11.90 12.92 10.80 7.66 7.66 6.50 8.83 9.93 6.94 4.09 2.48 1.75 0.51 0.22 0.29 0.37 0.00 0.00 0.00 0.00
8.61 11.10 16.50 20.73 24.97 25.99 24.02 25.19 24.89 22.05 16.50 9.64 0.00 0.00 8.32 10.37 16.57 12.19 12.19 17.74 20.29 20.81 20.88 21.48 23.50 19.44 19.67 18.81 19.86 20.73 21.75 16.64 12.05 9.20 5.48 2.12 1.75 1.83 2.77 3.21 1.75 0.80 0.07 0.07 0.44 0.00 0.00 0.00 0.00 0.00 0.00 0.00 0.00 0.00 0.00 0.00 0.00 0.00 0.00 0.00 6.50 10.22 10.29 10.73 11.90 11.02 11.17 10.66 10.66 9.56 8.69 8.32 6.50 5.77 5.11 4.09 3.21 1.83 1.83 1.31 0.00 0.00 0.00 0.00
11.39 11.39 10.07 12.19 14.89 12.63 11.97 18.98 19.20 14.45 6.57 0.00 0.00 0.00 0.00 0.00 11.83 16.50 16.50 12.92 11.90 12.82 13.09 13.40 16.11 16.72 17.77 19.17 21.07 21.08 19.86 22.27 17.16 15.55 10.37 9.13 8.76 7.59 7.37 5.77 3.58 1.39 0.07 0.07 0.73 0.00 0.00 0.00 0.00 0.00 0.00 0.00 0.00 0.00 0.00 0.00 0.00 0.00 0.00 0.00 7.37 12.48 14.24 14.45 11.97 10.00 12.92 15.11 15.11 14.75 13.87 11.97 8.61 7.59 7.01 6.94 6.06 4.16 3.14 1.97 0.00 0.00 0.00 0.00
7.01 7.30 5.84 2.41 1.53 1.02 0.00 3.43 6.64 3.80 0.00 0.00 0.00 0.00 0.00 0.00 0.00 0.00 0.00 0.00 0.00 0.00 0.00 0.00 0.00 8.47 12.42 16.74 17.91 19.02 20.25 20.51 22.19 19.93 19.42 19.71 17.37 13.80 10.73 6.57 3.07 1.39 0.00 0.00 0.00 0.00 0.00 0.00 0.00 0.00 0.00 0.00 0.00 0.00 0.00 0.00 0.00 0.00 0.00 0.00 2.77 10.51 14.45 17.59 17.89 16.06 17.01 18.91 18.91 18.83 15.84 12.99 9.78 7.15 6.79 7.45 5.77 2.63 1.53 1.75 0.00 0.00 0.00 0.00
7.01 7.30 5.84 2.41 1.53 1.02 0.00 3.43 6.64 3.80 0.00 0.00 0.00 0.00 0.00 0.00 0.00 0.00 0.00 0.00 0.00 0.00 0.00 0.00 0.00 8.47 12.05 15.56 16.74 19.32 20.45 21.37 24.93 21.09 19.92 19.71 17.37 13.80 10.73 6.57 3.07 1.39 0.00 0.00 0.00 0.00 0.00 0.00 0.00 0.00 0.00 0.00 0.00 0.00 0.00 0.00 0.00 0.00 0.00 0.00 2.77 10.51 14.45 17.59 17.89 16.06 17.01 18.91 18.91 18.83 15.84 12.99 9.78 7.15 6.79 7.45 5.77 2.63 1.53 1.75 0.00 0.00 0.00 0.00
5.18 3.58 0.95 0.58 0.00 0.00 0.00 0.00 0.00 0.00 0.00 0.00 0.00 0.00 0.00 0.00 0.00 0.00 0.00 0.00 0.00 0.00 0.00 0.00 0.00 0.00 0.00 5.72 6.13 7.12 10.18 14.98 25.38 21.52 21.45 22.69 21.24 19.71 15.48 9.64 6.79 3.29 1.97 1.97 0.00 0.00 0.00 0.00 0.00 0.00 0.00 0.00 0.00 0.00 0.00 0.00 0.00 0.00 0.00 0.00 0.00 4.23 8.54 15.40 21.75 24.16 23.29 21.83 21.83 20.15 16.13 12.05 8.10 5.77 5.55 6.20 4.96 2.19 0.73 0.00 0.00 0.00 0.00 0.00
7.74 6.20 3.43 2.34 1.10 0.00 0.00 0.00 0.00 0.00 0.00 0.00 0.00 0.00 0.00 0.00 4.67 7.37 7.37 5.50 0.00 0.00 0.00 0.00 0.00 0.00 0.00 0.00 0.00 0.00 0.00 3.50 6.64 14.20 19.17 23.12 21.79 20.98 18.10 16.13 15.11 11.32 6.79 6.79 2.19 0.00 0.00 0.00 0.00 0.00 0.00 0.00 0.00 0.00 0.00 0.00 0.00 0.00 0.00 0.00 0.00 0.00 4.53 12.41 22.48 24.53 23.14 21.17 21.17 18.25 13.29 7.74 4.60 3.58 3.94 3.94 1.68 0.95 1.02 0.80 0.00 0.00 0.00 0.00
4.09 6.06 7.15 5.91 6.20 7.08 6.86 6.06 0.00 4.31 4.31 2.56 0.00 0.00 0.00 4.31 8.10 10.29 10.29 7.45 4.89 2.26 0.00 0.00 0.00 0.00 0.00 0.00 0.00 0.00 0.00 0.00 0.00 5.40 7.07 16.11 21.82 22.12 22.78 24.60 22.92 16.64 10.88 10.88 4.82 2.19 0.80 0.29 0.00 0.00 0.00 0.00 0.00 0.00 0.00 0.00 0.00 0.00 0.00 0.00 0.00 0.00 0.00 8.91 20.08 20.44 17.01 16.43 16.43 13.58 9.05 3.80 0.58 0.44 0.00 0.00 0.95 0.95 1.46 1.75 2.12 3.07 2.34 0.00
0.00 0.00 0.00 0.00 0.00 1.61 3.94 3.80 7.37 0.00 4.45 3.14 1.97 0.00 5.91 8.91 10.44 8.10 8.10 6.94 5.62 4.38 0.00 0.00 0.00 0.00 0.00 0.00 0.00 0.00 0.00 0.00 0.00 0.00 0.73 3.80 13.86 20.65 21.97 24.55 25.62 21.32 15.99 15.99 10.29 6.94 4.23 2.19 0.66 0.00 0.22 0.00 0.00 0.00 0.00 0.00 0.00 0.00 0.00 0.00 0.00 0.00 0.00 2.92 9.71 9.49 9.49 8.18 8.18 6.13 2.41 0.00 0.00 0.00 0.00 0.00 1.02 1.61 2.92 2.99 2.41 3.65 3.72 2.77
0.00 0.00 0.00 0.00 0.00 0.00 0.00 0.00 2.43 0.00 1.83 0.00 0.00 3.29 9.05 9.93 5.77 2.70 2.70 2.19 2.04 1.02 0.00 0.00 0.00 0.00 0.00 0.00 0.00 0.00 0.00 0.00 0.00 0.00 0.00 0.00 8.32 11.10 10.82 15.72 18.34 17.74 16.86 16.86 15.11 12.85 10.29 7.23 3.87 1.75 1.61 0.00 0.00 0.00 0.00 0.00 0.00 0.00 0.00 1.75 2.77 0.00 0.00 0.00 0.00 2.34 1.83 2.56 2.56 0.00 0.00 0.00 0.00 0.00 0.00 0.00 0.00 1.24 2.26 2.92 3.43 4.02 3.50 2.48
0.00 0.00 0.00 0.00 0.00 0.00 0.00 0.00 0.00 0.00 0.00 0.00 0.44 4.74 6.20 3.50 1.31 0.00 0.00 0.00 0.00 0.00 0.00 0.00 0.00 0.00 0.00 0.00 0.00 0.00 0.00 0.00 0.00 0.00 0.00 0.00 0.00 1.11 2.19 5.99 8.41 11.39 10.51 10.51 13.43 12.63 12.26 10.00 8.69 6.06 4.31 2.85 1.68 0.66 0.00 0.00 0.00 0.00 0.00 0.00 2.63 1.83 0.00 0.00 0.00 0.00 0.00 0.00 0.00 0.00 0.00 0.00 0.00 0.00 0.00 0.00 0.00 0.00 0.00 1.31 2.77 3.72 3.43 1.97
0.00 0.00 0.00 0.00 0.00 0.00 0.00 0.00 0.00 0.00 0.00 0.00 0.44 4.74 6.20 3.50 1.31 0.00 0.00 0.00 0.00 0.00 0.00 0.00 0.00 0.00 0.00 0.00 0.00 0.00 0.00 0.00 0.00 0.00 0.00 0.00 0.00 1.10 2.21 5.99 8.32 11.39 10.51 10.51 13.43 12.63 12.26 10.00 8.69 6.06 4.31 2.85 1.68 0.66 0.00 0.00 0.00 0.00 0.00 0.00 2.63 1.83 0.00 0.00 0.00 0.00 0.00 0.00 0.00 0.00 0.00 0.00 0.00 0.00 0.00 0.00 0.00 0.00 0.00 1.31 2.77 3.72 3.43 1.97
0.00 0.00 1.02 0.00 0.00 0.00 0.00 0.00 0.00 0.00 0.00 0.00 0.66 2.19 1.17 0.00 0.00 0.00 0.00 0.00 0.00 0.00 0.00 0.00 0.00 0.00 0.00 0.00 0.00 0.00 0.00 0.00 0.00 0.00 0.00 0.00 0.00 0.00 0.00 0.00 1.90 2.26 3.07 3.07 4.45 4.96 7.01 6.50 7.15 9.86 9.20 5.40 2.92 0.00 0.00 0.00 0.00 0.00 0.00 0.00 0.00 2.34 0.00 0.00 0.00 0.00 0.00 0.00 0.00 0.00 0.00 0.00 0.00 0.00 0.00 0.00 0.00 0.00 0.00 0.00 0.00 2.92 2.70 0.80
