Wansh/Snow_depth/snowdepth-1989/spring/1989064.txt
ncols 321
nrows 161
xllcenter 60
yllcenter 15 
cellsize  0.25 
NODATA_value -1
[rows 0 to 36 of 161, columns 83 to 165 of 321]
14.89 15.26 16.21 15.26 12.85 10.88 8.83 7.96 8.69 9.93 10.80 10.95 12.48 13.07 15.26 14.82 14.82 14.67 16.79 16.79 18.54 19.05 18.18 16.79 10.51 10.80 9.71 3.80 2.34 1.46 1.39 2.56 4.67 7.15 7.08 6.06 4.96 4.45 4.74 3.94 4.53 4.96 6.42 7.81 7.81 7.45 6.06 5.33 4.31 4.53 5.77 8.25 9.49 9.56 8.40 7.59 8.10 8.83 8.47 7.96 6.72 5.91 4.82 4.02 4.02 3.21 3.21 4.53 6.20 6.20 7.96 9.05 12.34 14.82 15.70 14.82 14.38 15.26 16.72 18.47 19.05 18.40 15.91
13.07 12.99 12.05 11.61 10.22 8.61 7.66 7.52 7.96 9.56 10.88 11.97 10.51 9.93 12.48 11.39 8.83 10.44 12.99 12.99 14.53 17.08 17.37 17.45 17.45 13.14 7.81 10.44 3.58 1.97 0.80 1.31 3.21 4.89 5.55 4.60 2.70 2.26 2.19 1.61 2.63 5.62 9.20 11.68 11.68 13.36 13.21 11.68 8.61 5.04 4.23 4.53 5.91 5.26 4.96 5.77 7.23 8.03 8.83 9.42 9.20 8.98 9.13 8.91 7.88 7.37 6.79 7.74 9.13 9.13 10.59 11.24 11.83 13.29 15.18 16.28 17.59 19.35 19.86 20.08 20.15 20.44 18.91
10.51 10.29 9.56 8.40 8.91 9.13 9.49 9.64 9.64 12.05 13.07 13.21 13.21 11.90 10.37 7.23 9.27 8.54 8.76 8.76 9.64 11.90 12.99 14.02 16.64 16.13 12.56 9.27 8.25 2.77 2.63 2.34 1.46 2.77 4.23 4.96 5.40 5.40 4.89 5.48 2.63 7.59 8.10 9.78 9.78 12.99 16.57 18.32 15.33 12.56 8.69 6.64 5.55 4.74 4.82 4.89 5.40 7.23 9.05 10.66 11.97 12.26 12.78 12.63 11.53 10.66 11.24 12.48 13.21 13.21 14.02 13.87 12.48 11.90 12.26 14.53 18.91 20.81 21.39 21.24 20.59 20.59 22.05
10.51 10.29 9.56 8.40 8.91 9.13 9.49 9.64 9.64 12.05 13.07 13.21 13.21 11.90 10.37 7.23 9.27 8.54 8.76 8.76 9.64 11.90 12.99 14.02 16.64 16.13 12.56 9.27 8.25 2.77 2.63 2.34 1.46 2.77 4.23 4.96 5.40 5.40 4.89 5.48 2.63 7.59 8.10 9.78 9.78 12.99 16.57 18.32 15.33 12.56 8.69 6.64 5.55 4.74 4.82 4.89 5.40 7.23 9.05 10.66 11.97 12.26 12.78 12.63 11.53 10.66 11.24 12.48 13.21 13.21 14.02 13.87 12.48 11.90 12.26 14.53 18.91 20.81 21.39 21.24 20.59 20.59 22.05
8.98 9.05 8.91 8.54 7.96 7.74 8.03 9.42 8.91 10.15 12.48 13.58 13.94 13.72 13.43 8.61 13.14 12.05 10.00 10.00 8.91 7.30 7.88 9.78 12.48 14.60 13.58 9.64 5.62 7.59 2.92 1.75 1.68 2.34 3.80 6.50 8.47 8.76 8.03 8.03 7.66 8.10 6.94 6.94 6.94 8.98 12.12 16.06 18.32 18.03 14.24 11.46 8.83 6.94 5.40 4.45 4.38 4.89 6.28 8.32 10.66 12.19 13.51 14.16 13.80 12.78 13.80 14.67 14.45 14.45 14.75 14.16 14.09 12.99 11.46 11.68 13.36 14.82 17.96 19.13 18.76 19.35 20.00
10.07 9.71 10.22 10.44 10.80 10.51 9.05 8.10 8.69 8.91 9.86 10.88 12.70 13.14 13.58 14.82 15.70 13.80 15.26 15.26 14.09 12.05 10.73 8.91 9.05 10.22 10.95 9.13 6.72 5.26 6.13 1.83 1.61 2.99 4.38 6.72 8.61 8.69 7.15 5.40 6.20 7.52 7.37 6.20 6.20 7.74 9.13 11.61 16.86 18.47 16.57 12.48 8.91 5.91 5.11 5.11 5.55 5.69 6.72 9.49 10.73 12.41 14.60 17.59 18.25 17.08 16.21 14.45 12.63 12.63 12.12 12.78 14.38 14.53 14.16 13.07 11.39 11.17 11.68 11.97 13.07 16.64 18.10
11.39 10.80 10.95 11.24 10.95 11.02 10.80 10.51 10.66 11.75 11.75 10.80 10.51 11.53 12.99 14.24 16.57 13.29 15.62 15.62 17.23 16.86 15.70 13.58 9.49 7.88 7.30 6.20 4.74 3.72 3.58 3.14 3.43 4.02 4.53 6.42 7.81 7.88 7.01 6.28 7.01 8.40 9.05 7.74 7.74 11.61 12.92 14.67 16.06 15.99 13.51 10.29 7.37 5.18 4.82 5.04 6.57 7.52 9.71 11.46 11.90 13.14 15.70 18.98 20.37 20.00 19.20 16.72 15.11 15.11 14.38 14.60 15.55 16.50 15.04 15.91 15.18 12.99 12.78 12.12 11.83 12.34 13.94
11.39 10.80 10.95 11.24 10.95 11.02 10.80 10.51 10.66 11.75 11.75 10.80 10.51 11.53 12.99 14.24 16.57 13.29 15.62 15.62 17.23 16.86 15.70 13.58 9.49 7.88 7.30 6.20 4.74 3.72 3.58 3.14 3.43 4.02 4.53 6.42 7.81 7.88 7.01 6.28 7.01 8.40 9.05 7.74 7.74 11.61 12.92 14.67 16.06 15.99 13.51 10.29 7.37 5.18 4.82 5.04 6.57 7.52 9.71 11.46 11.90 13.14 15.70 18.98 20.37 20.00 19.20 16.72 15.11 15.11 14.38 14.60 15.55 16.50 15.04 15.91 15.18 12.99 12.78 12.12 11.83 12.34 13.94
10.15 10.59 10.66 9.78 10.07 10.51 10.59 11.39 12.19 12.48 12.26 11.61 9.34 9.20 9.20 11.97 16.06 13.07 13.72 13.72 14.82 16.28 15.84 14.16 10.37 6.20 6.94 4.45 4.09 4.53 4.89 4.74 3.87 4.53 4.89 8.25 12.12 12.05 10.80 9.27 9.05 7.74 7.15 8.10 8.10 8.91 9.86 9.78 8.61 8.10 7.96 7.37 7.81 8.61 9.49 8.69 9.27 9.86 10.29 10.80 11.10 12.12 14.31 15.26 15.33 15.84 16.86 17.67 17.01 17.01 16.72 17.23 17.74 17.67 16.06 14.75 13.80 14.89 16.35 16.50 14.82 13.21 11.83
9.49 10.15 9.64 9.34 10.00 11.10 11.97 11.61 11.46 11.68 11.10 10.15 8.83 8.32 8.69 10.29 15.84 11.75 12.56 12.56 13.80 14.02 14.75 10.15 8.98 5.84 4.53 4.74 5.04 4.82 5.11 4.09 4.09 4.60 6.86 9.78 11.75 11.24 10.44 8.91 7.66 6.20 5.40 4.96 4.96 5.33 5.62 6.20 6.13 7.74 8.98 9.56 10.88 13.36 13.14 11.83 11.02 11.24 11.68 12.12 11.53 11.39 12.26 13.58 13.29 13.51 15.48 16.72 17.52 17.52 20.37 20.37 20.22 20.15 18.98 16.06 15.99 19.71 23.07 23.00 20.08 17.16 13.21
10.66 10.66 11.02 10.51 10.07 9.64 10.66 11.46 11.68 11.17 10.66 10.07 10.37 10.29 10.15 12.48 13.29 15.18 14.02 14.02 14.97 17.45 15.33 14.60 8.83 7.15 7.08 7.37 6.13 5.18 6.79 10.15 3.72 4.31 4.16 7.01 7.96 9.20 10.00 8.32 7.45 7.81 7.88 8.18 8.18 8.47 7.66 6.50 7.08 8.47 10.07 11.39 11.90 16.06 14.53 12.85 11.61 13.21 14.67 14.97 14.31 13.14 14.02 13.21 12.78 13.65 16.35 17.67 20.95 20.95 24.02 24.67 23.65 22.05 21.39 21.02 21.39 24.67 27.52 27.23 24.16 19.56 16.57
10.66 10.66 11.02 10.51 10.07 9.64 10.66 11.46 11.68 11.17 10.66 10.07 10.37 10.29 10.15 12.48 13.29 15.18 14.02 14.02 14.97 17.45 15.33 14.60 8.83 7.15 7.08 7.37 6.13 5.18 6.79 10.15 3.72 4.31 4.16 7.01 7.96 9.20 10.00 8.32 7.45 7.81 7.88 8.18 8.18 8.47 7.66 6.50 7.08 8.47 10.07 11.39 11.90 16.06 14.53 12.85 11.61 13.21 14.67 14.97 14.31 13.14 14.02 13.21 12.78 13.65 16.35 17.67 20.95 20.95 24.02 24.67 23.65 22.05 21.39 21.02 21.39 24.67 27.52 27.23 24.16 19.56 16.57
9.64 10.37 10.22 10.00 10.29 10.22 10.22 10.80 11.02 11.17 11.17 11.90 14.24 15.04 14.97 16.28 17.16 17.81 17.81 17.81 19.13 18.61 16.28 17.74 10.44 9.34 8.61 7.96 5.40 4.82 6.86 9.20 11.02 14.09 14.97 6.64 10.22 12.34 12.48 12.12 11.97 12.41 12.41 10.80 10.80 10.22 9.20 9.13 11.02 15.84 15.84 15.62 17.59 16.57 14.60 12.41 12.12 14.02 15.62 18.32 17.37 16.57 15.48 15.11 15.40 15.77 17.30 18.54 21.02 21.02 23.58 25.19 26.57 25.04 23.51 23.80 24.82 26.35 27.23 26.35 24.38 20.95 18.69
10.88 11.02 11.32 10.66 10.66 10.15 10.00 10.22 11.24 11.97 12.41 14.38 16.21 19.05 21.90 22.41 21.10 19.64 22.05 22.05 20.44 18.61 15.91 13.36 14.02 11.02 8.98 7.30 7.30 9.20 12.12 12.92 14.24 16.94 17.08 15.84 14.31 17.74 17.01 15.62 15.26 13.94 13.58 12.05 12.05 11.97 12.34 13.21 13.65 13.21 15.26 16.13 16.43 16.35 15.62 14.31 14.82 13.43 12.99 12.70 12.63 12.26 13.07 15.18 16.06 16.50 17.89 18.61 19.13 19.13 21.39 23.80 24.16 23.80 21.46 22.05 21.68 17.30 14.53 12.99 15.91 18.03 16.43
10.22 10.66 10.95 11.10 10.22 9.34 8.61 8.40 8.61 12.12 12.34 13.14 14.31 14.16 16.21 16.57 16.57 16.50 16.57 16.57 14.60 13.29 11.53 12.05 13.36 12.41 11.02 11.17 11.39 13.51 16.06 18.32 20.00 22.34 20.51 18.69 17.67 19.27 16.79 15.55 14.24 14.60 14.89 14.45 14.45 12.92 12.48 12.78 13.29 13.72 15.33 16.50 16.94 15.48 14.82 14.75 15.11 14.67 14.02 11.90 7.74 9.05 8.83 10.00 12.19 12.70 15.48 17.37 18.69 18.69 19.49 21.53 21.61 18.69 15.99 14.82 17.45 14.24 5.77 1.97 7.74 17.16 17.30
9.13 10.29 10.59 10.22 10.22 9.56 6.64 4.96 4.23 4.82 8.10 8.47 9.56 11.17 10.51 10.66 11.83 12.19 13.72 13.72 14.67 14.53 13.07 13.43 13.94 14.09 13.72 14.24 13.43 14.45 16.13 18.25 21.32 21.39 19.42 16.57 14.89 13.94 15.33 13.87 13.87 14.75 15.11 14.38 14.38 13.65 14.53 15.33 15.84 15.70 14.89 15.18 16.64 15.62 15.11 15.91 16.64 16.64 14.82 10.88 8.61 8.40 9.71 10.88 10.66 10.59 14.97 17.52 20.66 20.66 23.51 23.21 17.23 13.51 10.07 12.78 14.67 12.56 4.31 0.00 7.45 12.63 10.95
9.13 10.29 10.59 10.22 10.22 9.56 6.64 4.96 4.23 4.82 8.10 8.47 9.56 11.17 10.51 10.66 11.83 12.19 13.72 13.72 14.67 14.53 13.07 13.43 13.94 14.09 13.72 14.24 13.43 14.45 16.13 18.25 21.32 21.39 19.42 16.57 14.89 13.94 15.33 13.87 13.87 14.75 15.11 14.38 14.38 13.65 14.53 15.33 15.84 15.70 14.89 15.18 16.64 15.62 15.11 15.91 16.64 16.64 14.82 10.88 8.61 8.40 9.71 10.88 10.66 10.59 14.97 17.52 20.66 20.66 23.51 23.21 17.23 13.51 10.07 12.78 14.67 12.56 4.31 0.00 7.45 12.63 10.95
9.13 9.78 10.59 10.95 11.17 10.44 6.57 4.45 3.07 2.99 3.80 5.62 8.18 11.46 11.97 11.90 12.70 12.85 13.21 13.21 14.75 13.65 12.92 11.53 11.53 13.36 14.16 15.18 14.45 14.97 15.84 18.18 20.29 21.10 20.73 18.61 15.70 12.78 10.59 12.26 13.21 14.31 15.77 17.23 17.23 17.96 19.13 19.78 20.59 20.51 18.83 16.21 18.10 15.33 15.33 15.40 15.04 14.67 13.29 11.32 11.32 14.89 16.79 17.45 14.89 13.80 15.11 16.72 19.42 19.42 22.92 24.24 19.64 14.97 12.05 11.53 12.41 10.88 5.04 2.63 8.03 11.10 10.29
9.56 9.64 9.78 11.02 12.63 13.07 12.26 8.40 5.48 4.60 5.91 6.94 8.32 10.66 13.87 15.84 15.99 16.50 16.50 16.50 13.43 15.70 14.24 12.34 11.24 13.07 15.04 14.75 17.59 18.47 18.54 18.69 20.29 22.48 22.27 20.44 17.81 13.14 10.80 11.02 10.44 11.53 15.55 21.68 21.68 24.09 23.80 22.56 20.59 20.00 17.89 15.99 18.47 15.99 13.51 12.56 12.12 12.48 12.26 13.58 15.40 20.37 22.12 21.46 18.10 17.23 17.67 20.29 22.92 22.92 25.99 24.75 18.47 13.07 10.59 8.83 7.08 5.18 4.45 5.33 7.66 8.47 8.18
7.23 7.88 8.83 10.37 12.56 14.45 14.38 12.56 9.93 7.08 6.79 6.86 7.52 8.03 7.81 9.05 10.80 13.07 15.11 15.11 16.13 16.64 16.06 14.67 12.63 13.29 14.45 15.84 16.43 16.50 15.77 14.97 17.81 19.35 20.08 19.35 16.06 8.61 6.06 4.82 7.45 8.47 12.99 21.10 21.10 25.84 27.38 25.70 20.22 19.20 18.40 15.48 13.65 14.89 14.24 12.19 11.97 15.04 15.84 15.77 16.79 18.98 20.95 20.59 19.13 18.98 20.00 21.10 25.19 25.19 22.85 17.52 10.29 6.42 6.50 5.62 3.80 3.29 4.53 5.40 6.28 6.64 6.72
9.20 9.05 9.05 10.44 11.61 13.43 15.40 16.35 15.77 13.43 12.63 14.82 14.45 13.72 13.72 10.00 8.61 9.78 11.68 11.68 15.55 14.60 15.40 14.60 15.40 16.21 18.83 18.91 18.25 17.01 13.65 12.78 13.21 14.89 17.52 16.57 9.34 4.38 2.26 0.00 2.26 2.34 11.61 16.72 16.72 20.81 24.02 20.59 18.03 17.59 15.26 14.02 13.43 13.65 13.43 16.50 18.25 19.78 18.10 16.35 15.62 16.57 17.30 17.89 17.96 17.89 19.42 20.15 19.05 19.05 13.94 9.13 4.23 3.36 3.14 2.63 2.41 2.99 4.45 4.82 4.74 5.40 6.35
9.34 9.71 10.59 11.24 11.61 11.75 12.41 14.16 16.06 17.30 18.83 20.08 21.68 24.67 25.40 23.73 19.35 15.84 14.97 14.97 15.62 16.21 17.37 17.89 18.83 20.73 23.51 24.09 23.36 21.39 19.13 15.91 13.29 12.99 13.72 12.19 7.88 2.56 0.00 0.00 0.00 6.86 5.26 10.88 10.88 12.92 13.72 11.61 11.53 12.26 12.41 11.02 11.17 10.66 11.75 14.38 19.71 19.78 17.89 14.82 12.05 12.63 13.36 13.51 14.02 15.04 16.28 14.38 12.48 12.48 9.78 7.74 6.57 4.31 2.77 2.41 2.19 2.77 3.65 4.09 4.74 5.69 6.72
9.34 9.71 10.59 11.24 11.61 11.75 12.41 14.16 16.06 17.30 18.83 20.08 21.68 24.67 25.40 23.73 19.35 15.84 14.97 14.97 15.62 16.21 17.37 17.89 18.83 20.73 23.51 24.09 23.36 21.39 19.13 15.91 13.29 12.99 13.72 12.19 7.88 2.56 0.00 0.00 0.00 6.86 5.26 10.88 10.88 12.92 13.72 11.61 11.53 12.26 12.41 11.02 11.17 10.66 11.75 14.38 19.71 19.78 17.89 14.82 12.05 12.63 13.36 13.51 14.02 15.04 16.28 14.38 12.48 12.48 9.78 7.74 6.57 4.31 2.77 2.41 2.19 2.77 3.65 4.09 4.74 5.69 6.72
10.59 10.22 10.29 11.32 12.48 12.85 12.85 14.60 16.57 17.81 18.47 19.13 19.71 21.53 24.24 24.02 23.51 19.42 17.96 17.96 17.81 18.03 17.89 19.56 20.44 21.39 22.19 21.75 20.73 20.51 21.90 20.44 14.53 11.32 8.40 6.35 4.53 0.00 0.00 0.00 0.00 3.29 3.87 5.18 5.18 3.58 4.67 5.55 7.37 7.88 7.37 6.86 7.45 8.03 8.91 11.24 13.87 12.12 10.80 8.03 9.13 11.17 12.85 12.48 13.21 14.38 15.26 12.85 10.88 10.88 11.46 12.92 12.56 9.27 6.86 4.96 3.29 2.56 2.48 2.77 4.02 4.82 4.82
12.70 13.14 14.45 15.70 15.11 16.72 18.83 20.29 21.32 22.27 21.61 20.44 19.13 17.74 17.16 18.54 20.00 19.13 18.47 18.47 20.29 18.54 22.27 24.24 24.58 21.28 23.88 21.24 20.22 20.95 21.46 20.37 13.51 13.72 6.79 5.55 2.48 2.19 1.90 1.83 2.19 2.77 3.58 2.63 2.63 3.29 3.43 5.40 6.94 6.20 4.16 4.45 5.26 6.20 6.57 7.01 6.35 8.47 5.62 6.35 9.27 11.10 11.68 11.39 12.78 14.53 14.75 12.26 10.80 10.80 11.90 14.02 13.87 11.46 9.05 6.28 4.31 4.09 3.80 3.50 4.45 4.23 2.56
17.59 17.59 18.83 20.00 21.24 22.70 22.92 24.02 24.53 21.97 18.47 17.81 16.21 15.62 15.55 17.23 21.53 23.94 24.09 24.09 24.82 24.53 23.14 21.90 27.35 29.20 24.66 24.36 23.03 23.73 23.94 21.10 20.73 14.16 3.65 0.00 4.96 4.02 3.43 4.60 5.18 5.62 5.40 4.09 4.09 2.63 2.85 4.31 5.33 5.04 4.89 4.45 3.72 4.23 4.82 5.77 5.40 5.40 5.26 6.20 8.32 10.95 11.97 12.26 12.70 12.48 11.61 11.32 12.92 12.92 12.92 13.80 13.65 12.63 10.59 8.54 7.37 7.45 5.91 4.45 4.23 3.29 2.85
21.46 20.15 19.56 20.29 21.75 23.21 23.36 22.12 19.64 15.70 10.73 7.23 6.79 6.86 8.03 11.17 16.64 21.97 22.56 22.56 23.36 26.79 19.27 20.39 23.86 23.98 24.81 26.57 25.81 26.11 25.70 22.85 21.02 17.89 16.57 14.53 12.19 11.97 9.13 8.83 6.64 4.89 4.60 4.45 4.45 3.80 2.48 0.00 3.36 5.18 5.91 4.89 5.18 4.96 3.94 4.45 4.45 4.60 4.82 4.23 5.99 9.64 13.80 15.48 16.35 13.94 13.58 14.24 18.91 18.91 18.98 18.61 17.08 14.09 11.61 10.88 10.80 9.42 6.64 4.82 4.60 3.80 2.56
20.22 20.29 18.54 18.40 18.03 20.22 22.41 23.29 21.61 16.79 11.02 2.77 0.29 0.00 0.00 6.06 10.95 12.85 12.56 12.56 11.85 10.84 22.90 12.34 13.51 16.90 18.10 22.80 26.90 29.28 26.40 24.50 21.53 21.61 21.97 21.90 21.32 19.71 16.28 12.63 7.01 4.82 4.60 5.77 5.77 5.77 3.94 3.65 6.06 10.37 11.17 10.73 10.15 6.86 3.72 0.00 3.80 3.43 2.92 3.50 5.18 8.40 12.56 15.55 18.03 20.08 20.81 22.41 24.02 24.02 23.14 20.15 17.30 13.43 10.66 10.88 10.95 8.40 4.96 4.38 4.45 3.21 2.70
20.22 20.29 18.54 18.40 18.03 20.22 22.41 23.29 21.61 16.79 11.02 2.77 0.29 0.00 0.00 6.06 10.95 12.85 12.56 12.62 12.23 11.01 24.52 12.03 13.85 16.64 18.10 22.12 25.00 27.36 26.80 24.75 22.43 24.28 23.25 22.46 21.32 19.71 16.28 12.63 7.01 4.82 4.60 5.77 5.77 5.77 3.94 3.65 6.06 10.37 11.17 10.73 10.15 6.86 3.72 0.00 3.80 3.43 2.92 3.50 5.18 8.40 12.56 15.55 18.03 20.08 20.81 22.41 24.02 24.02 23.14 20.15 17.30 13.43 10.66 10.88 10.95 8.40 4.96 4.38 4.45 3.21 2.70
16.72 16.35 14.75 13.43 13.07 14.02 15.84 21.17 24.60 25.04 22.48 17.23 11.75 8.03 6.94 11.90 15.99 19.05 18.25 18.25 14.82 10.00 8.25 7.63 6.00 7.19 8.55 11.13 15.92 20.37 24.21 26.32 24.89 25.21 26.72 23.78 24.81 22.78 21.61 15.18 10.88 7.74 7.30 6.13 6.13 5.55 5.26 5.69 8.47 12.05 15.18 16.43 14.02 9.27 5.91 2.56 0.00 0.00 0.00 0.00 2.34 6.13 8.54 11.39 17.16 23.80 27.81 26.43 25.11 25.11 23.43 17.96 14.75 10.95 8.47 8.76 9.05 6.28 4.16 2.77 2.99 2.85 2.85
12.63 13.65 15.11 13.94 11.32 9.34 9.71 11.68 17.23 19.64 20.81 20.22 18.18 15.11 13.51 16.21 19.27 21.90 20.37 20.37 17.97 13.21 5.36 12.34 4.89 4.48 4.37 5.33 8.93 14.00 19.32 22.63 23.29 21.75 24.92 23.65 25.73 23.72 22.38 20.37 18.61 17.74 13.72 6.86 6.86 4.67 4.67 5.40 6.35 9.13 12.41 16.72 16.94 13.80 9.05 6.86 5.48 5.04 5.18 4.67 4.45 5.55 6.13 8.91 14.75 23.36 27.52 24.97 22.85 22.85 20.15 15.11 11.10 6.57 5.55 5.69 5.91 4.23 2.85 2.48 2.92 3.58 4.16
13.43 14.09 14.75 14.89 13.87 13.94 13.36 14.75 16.21 16.86 14.53 11.83 11.68 11.24 10.22 11.10 12.63 11.97 12.26 12.26 12.12 10.00 7.23 9.78 8.69 5.77 5.26 6.06 9.29 12.75 15.75 19.42 21.90 22.56 23.43 25.43 23.86 28.96 25.84 25.48 26.43 24.53 18.69 12.78 12.78 6.64 4.82 4.89 4.16 3.72 7.52 12.70 13.51 12.05 10.44 9.49 7.30 5.99 4.31 3.80 4.74 4.96 4.02 6.64 13.21 20.95 20.44 18.61 17.96 17.96 14.67 11.46 6.50 4.23 2.70 2.19 2.99 3.29 4.09 3.80 3.65 4.67 6.20
10.73 13.51 15.26 16.86 15.55 13.36 14.09 16.21 17.89 20.37 20.37 18.54 15.11 13.58 13.36 12.56 11.97 10.95 9.56 9.56 10.07 11.32 10.73 5.18 8.40 8.83 6.64 6.79 8.00 10.59 14.31 17.45 19.05 19.71 20.66 22.27 22.78 28.31 28.37 27.19 27.87 26.28 23.73 17.52 17.52 12.41 9.27 5.26 3.72 3.14 5.11 6.35 7.88 6.86 7.52 7.96 5.99 3.58 0.00 2.56 4.45 4.38 4.31 4.67 7.81 10.51 8.98 9.42 10.07 10.07 6.72 5.04 2.99 0.00 0.00 0.00 1.90 2.48 3.87 4.60 4.31 4.53 6.06
5.48 5.55 8.32 11.39 12.92 12.78 11.68 12.48 11.46 10.10 12.99 16.50 17.89 15.77 13.43 10.22 8.91 9.49 9.34 9.34 10.29 11.32 12.56 10.51 11.39 10.88 7.52 7.23 7.37 10.07 12.78 14.75 15.70 15.04 15.40 18.54 21.32 24.31 23.94 24.09 25.23 24.72 22.85 19.64 19.64 17.16 14.82 12.19 9.05 7.88 4.89 4.09 3.72 0.00 3.07 4.31 3.65 0.00 2.12 3.36 5.26 5.18 4.89 4.45 3.94 4.45 3.72 4.16 4.31 4.31 1.68 0.00 0.00 0.00 0.00 2.26 0.00 0.00 4.89 5.33 4.45 5.40 5.69
5.91 3.21 0.00 0.00 6.28 11.10 14.02 14.09 12.12 6.89 5.84 7.81 11.24 10.95 7.96 5.91 4.38 4.67 7.66 7.66 11.24 13.21 13.43 12.70 11.02 12.19 10.07 8.83 8.10 9.56 12.78 14.07 13.06 11.44 10.80 11.75 12.41 11.83 16.30 17.96 19.20 20.06 17.30 17.01 17.01 16.35 15.70 15.48 13.80 11.75 10.88 7.66 4.53 0.00 0.00 0.00 0.00 0.00 0.00 0.00 3.94 3.87 4.16 4.96 4.02 3.94 3.29 2.48 1.83 1.83 0.00 0.00 0.00 0.00 2.04 2.41 0.00 0.00 3.72 4.09 5.11 6.13 6.35
5.91 3.21 0.00 0.00 6.28 11.10 14.02 14.09 12.12 6.72 5.84 7.81 11.24 10.95 7.96 5.91 4.38 4.67 7.70 7.66 11.24 13.21 13.43 12.70 11.02 12.19 10.07 8.83 8.10 9.42 12.34 13.58 12.99 11.10 10.80 11.81 12.47 11.83 16.21 18.14 19.20 19.86 17.30 17.01 17.01 16.35 15.70 15.48 13.80 11.75 10.88 7.66 4.53 0.00 0.00 0.00 0.00 0.00 0.00 0.00 3.94 3.87 4.16 4.96 4.02 3.94 3.29 2.48 1.83 1.83 0.00 0.00 0.00 0.00 2.04 2.41 0.00 0.00 3.72 4.09 5.11 6.13 6.35
11.61 9.34 5.48 0.00 0.00 5.55 11.24 15.04 14.67 12.30 9.20 8.40 8.98 7.88 5.77 4.09 3.80 3.87 5.77 5.77 8.18 11.32 12.92 12.92 9.86 10.59 11.46 10.07 10.15 11.83 13.65 13.07 12.26 11.75 10.15 9.27 9.20 8.25 10.95 13.94 14.09 12.56 11.10 11.24 11.24 12.05 12.48 12.26 12.41 13.14 12.63 12.41 7.01 4.16 0.00 0.00 0.00 0.00 0.00 0.00 0.00 2.99 3.29 4.89 5.18 0.00 0.00 0.00 0.00 0.00 0.00 0.00 0.00 0.00 0.00 0.00 0.00 0.00 3.36 4.60 5.26 6.50 7.15
