Wansh/Snow_depth/snowdepth-1989/spring/1989089.txt
ncols 321
nrows 161
xllcenter 60
yllcenter 15 
cellsize  0.25 
NODATA_value -1
[rows 0 to 36 of 161, columns 84 to 167 of 321]
12.19 12.41 11.02 7.96 4.45 1.17 0.22 1.31 4.31 0.00 0.00 0.00 0.00 0.00 0.00 0.00 0.00 0.00 0.00 8.10 8.69 10.51 11.68 0.00 0.00 0.00 0.00 0.00 0.00 0.00 4.16 4.02 4.67 0.00 0.00 0.00 0.00 0.00 0.00 0.00 0.00 0.00 0.00 0.00 0.00 0.00 0.00 0.00 0.00 0.00 0.00 0.00 0.00 0.00 0.00 0.00 0.00 0.00 0.00 0.00 0.00 0.00 0.00 0.00 0.00 0.00 0.00 0.00 0.00 0.00 0.00 0.00 0.00 0.00 5.48 5.91 7.66 8.47 10.15 11.32 12.48 11.53 9.86 9.34
7.08 8.47 8.83 7.66 3.94 0.00 0.00 0.00 0.95 0.00 0.00 0.00 0.00 0.00 0.00 0.00 0.00 0.00 0.00 0.00 0.00 0.00 0.00 0.00 0.00 0.00 0.00 0.00 7.96 7.88 6.35 4.38 4.02 4.09 0.00 0.00 0.00 0.00 0.00 0.00 0.00 0.00 0.00 0.00 0.00 0.00 0.00 0.00 0.00 0.00 0.00 0.00 0.00 0.00 0.00 0.00 0.00 0.00 0.00 0.00 0.00 0.00 0.00 0.00 0.00 0.00 0.00 0.00 0.00 0.00 0.00 0.00 0.00 0.00 4.16 6.94 9.27 9.27 8.32 8.25 9.86 10.66 10.73 10.73
3.94 0.00 0.00 0.00 0.00 0.00 4.23 2.92 3.50 5.18 0.00 0.00 0.00 0.00 0.00 0.00 0.00 0.00 0.00 0.00 0.00 0.00 0.00 0.00 0.00 0.00 0.00 0.00 0.00 9.56 8.47 6.35 5.04 3.50 2.92 2.56 0.00 0.00 0.00 0.00 0.00 0.00 0.00 0.00 0.00 0.00 0.00 0.00 0.00 0.00 0.00 0.00 0.00 0.00 0.00 0.00 0.00 0.00 0.00 7.59 8.10 0.00 0.00 7.52 0.00 0.00 0.00 0.00 0.00 8.61 8.83 0.00 0.00 0.00 0.00 5.99 7.23 8.03 8.76 8.18 8.83 9.71 10.88 11.75
3.94 0.00 0.00 0.00 0.00 0.00 4.23 2.92 3.50 5.18 0.00 0.00 0.00 0.00 0.00 0.00 0.00 0.00 0.00 0.00 0.00 0.00 0.00 0.00 0.00 0.00 0.00 0.00 0.00 9.56 8.47 6.35 5.04 3.50 2.92 2.56 0.00 0.00 0.00 0.00 0.00 0.00 0.00 0.00 0.00 0.00 0.00 0.00 0.00 0.00 0.00 0.00 0.00 0.00 0.00 0.00 0.00 0.00 0.00 7.59 8.10 0.00 0.00 7.52 0.00 0.00 0.00 0.00 0.00 8.61 8.83 0.00 0.00 0.00 0.00 5.99 7.23 8.03 8.76 8.18 8.83 9.71 10.88 11.75
0.00 0.00 0.00 0.00 0.00 0.00 0.00 0.00 0.00 0.00 12.34 0.00 0.00 0.00 0.00 0.00 0.00 0.00 0.00 0.00 0.00 0.00 0.00 0.00 0.00 0.00 0.00 0.00 0.00 0.00 9.20 7.66 7.15 5.91 5.62 6.57 4.67 0.00 0.00 0.00 0.00 0.00 0.00 0.00 0.00 0.00 0.00 0.00 0.00 0.00 0.00 0.00 0.00 0.00 0.00 0.00 0.00 0.00 0.00 7.96 10.00 10.44 10.29 10.07 9.20 8.69 9.93 10.15 10.15 9.86 9.20 8.83 7.96 0.00 0.00 5.69 6.13 8.18 9.27 11.10 11.61 11.46 11.39 11.02
2.92 0.00 0.00 0.00 0.00 0.00 0.00 0.00 0.00 0.00 0.00 0.00 0.00 0.00 15.33 16.72 16.86 14.89 14.89 0.00 0.00 0.00 0.00 0.00 0.00 0.00 0.00 0.00 0.00 0.00 0.00 0.00 6.94 6.35 6.28 7.30 5.11 0.00 0.00 0.00 0.00 0.00 0.00 0.00 0.00 0.00 0.00 0.00 0.00 0.00 0.00 0.00 0.00 0.00 0.00 0.00 0.00 0.00 0.00 7.59 8.61 10.15 11.90 13.65 13.21 11.24 10.59 8.76 8.76 7.59 8.61 9.42 9.93 10.29 9.05 8.40 7.01 6.86 7.59 10.22 12.12 14.38 15.18 14.45
5.04 3.14 0.00 0.29 0.58 0.00 0.00 0.00 0.00 0.00 0.00 0.00 0.00 0.00 0.00 14.82 14.45 13.43 13.43 13.43 12.56 0.00 0.00 0.00 0.00 0.00 0.00 0.00 0.00 0.00 0.00 0.00 0.00 6.64 6.06 5.69 4.45 0.00 0.00 0.00 0.00 0.00 0.00 0.00 0.00 0.00 0.00 0.00 0.00 0.00 0.00 0.00 0.00 0.00 0.00 0.00 0.00 5.04 6.50 8.18 8.83 10.51 13.72 15.84 16.13 14.60 13.51 11.90 11.90 10.44 10.22 10.73 11.46 11.02 10.66 11.17 10.37 9.56 8.18 7.88 8.10 10.66 13.07 14.09
5.04 3.14 0.00 0.29 0.58 0.00 0.00 0.00 0.00 0.00 0.00 0.00 0.00 0.00 0.00 14.82 14.45 13.43 13.43 13.43 12.56 0.00 0.00 0.00 0.00 0.00 0.00 0.00 0.00 0.00 0.00 0.00 0.00 6.64 6.06 5.69 4.45 0.00 0.00 0.00 0.00 0.00 0.00 0.00 0.00 0.00 0.00 0.00 0.00 0.00 0.00 0.00 0.00 0.00 0.00 0.00 0.00 5.04 6.50 8.18 8.83 10.51 13.72 15.84 16.13 14.60 13.51 11.90 11.90 10.44 10.22 10.73 11.46 11.02 10.66 11.17 10.37 9.56 8.18 7.88 8.10 10.66 13.07 14.09
0.00 0.00 0.00 0.00 0.00 0.00 0.00 0.00 2.48 3.80 4.89 0.00 0.00 0.00 0.00 14.67 14.02 10.80 10.80 9.05 9.34 11.02 0.00 0.00 0.00 0.00 0.00 0.00 0.00 0.00 0.00 0.00 0.00 0.00 0.00 0.00 0.00 0.00 0.00 0.00 0.00 0.00 0.00 0.00 0.00 0.00 0.00 0.00 0.00 0.00 0.00 0.00 0.00 0.00 0.00 4.38 0.00 5.11 5.40 7.37 7.81 8.47 10.88 12.41 12.78 13.21 13.58 12.85 12.85 12.78 13.36 14.09 14.31 13.87 12.78 11.75 12.26 13.14 13.36 11.10 9.78 9.27 9.56 10.00
0.00 0.00 0.00 0.00 0.00 0.00 3.72 3.36 3.21 3.72 3.58 0.00 0.00 0.00 7.15 7.88 7.52 6.79 6.79 7.66 9.49 10.22 0.00 0.00 0.00 0.00 0.00 0.00 0.00 0.00 0.00 0.00 0.00 0.00 0.00 6.64 0.00 0.00 0.00 0.00 0.00 0.00 0.00 0.00 0.00 0.00 0.00 0.00 0.00 0.00 5.99 7.01 8.03 7.88 6.20 5.69 6.72 4.09 6.28 5.91 5.69 6.20 7.74 8.61 9.27 10.44 11.83 12.85 12.85 13.36 14.09 15.77 15.84 15.26 12.34 10.95 13.07 17.52 18.98 17.45 13.65 10.22 8.61 7.81
0.00 0.00 0.00 0.00 0.00 0.00 0.00 0.00 0.00 1.24 1.31 1.31 0.00 0.00 0.00 0.66 0.00 0.73 0.73 5.18 7.74 8.91 0.00 0.00 0.00 0.00 0.00 0.00 0.00 0.00 0.00 0.00 0.00 0.00 5.26 4.82 5.04 5.69 5.26 0.00 0.00 5.62 5.33 5.33 5.40 6.57 0.00 0.00 4.31 4.96 4.82 5.84 6.79 7.37 5.77 6.42 8.91 9.71 7.23 8.69 8.83 8.91 9.05 9.34 9.49 10.66 12.48 14.24 14.24 15.77 17.96 17.67 17.08 16.43 15.99 15.62 17.81 22.34 23.14 20.73 15.70 12.70 11.90 10.88
0.00 0.00 0.00 0.00 0.00 0.00 0.00 0.00 0.00 1.24 1.31 1.31 0.00 0.00 0.00 0.66 0.00 0.73 0.73 5.18 7.74 8.91 0.00 0.00 0.00 0.00 0.00 0.00 0.00 0.00 0.00 0.00 0.00 0.00 5.26 4.82 5.04 5.69 5.26 0.00 0.00 5.62 5.33 5.33 5.40 6.57 0.00 0.00 4.31 4.96 4.82 5.84 6.79 7.37 5.77 6.42 8.91 9.71 7.23 8.69 8.83 8.91 9.05 9.34 9.49 10.66 12.48 14.24 14.24 15.77 17.96 17.67 17.08 16.43 15.99 15.62 17.81 22.34 23.14 20.73 15.70 12.70 11.90 10.88
0.00 0.00 0.00 0.00 0.00 0.00 0.00 0.00 0.00 0.00 0.00 0.00 0.00 0.00 0.00 0.00 0.00 0.00 0.00 0.00 0.00 0.00 0.00 0.00 0.00 0.00 0.00 0.00 0.00 0.00 0.00 0.00 0.00 0.00 3.65 7.59 8.25 9.49 8.32 8.32 8.83 9.56 9.05 9.05 7.59 6.28 4.67 4.89 4.53 4.96 5.26 4.38 3.80 3.29 3.72 4.38 7.52 10.88 13.07 12.99 11.90 10.66 10.07 9.86 10.15 10.95 12.12 14.02 14.02 16.72 19.71 20.15 19.86 19.27 19.20 20.95 22.05 22.56 22.56 21.46 17.96 16.35 13.21 11.32
0.00 0.00 0.00 0.00 0.00 0.00 0.00 0.00 0.00 0.00 0.00 0.00 0.00 0.00 0.00 0.00 0.00 0.00 0.00 0.00 0.00 0.00 0.00 0.00 0.00 0.00 4.23 5.84 7.81 6.06 8.10 9.42 9.93 10.07 9.56 13.21 13.94 15.04 12.63 10.59 8.61 7.88 6.42 6.42 4.23 3.65 4.16 4.60 5.26 5.11 4.09 2.56 1.61 0.00 0.00 0.00 0.88 3.07 6.20 7.96 10.07 10.37 11.02 11.75 13.43 13.43 13.80 14.02 14.02 15.70 17.81 20.08 19.78 19.35 17.89 18.69 18.61 17.01 12.26 10.44 12.12 13.51 10.80 9.05
0.00 0.00 0.00 0.00 0.00 0.00 0.00 0.00 0.00 0.00 0.00 0.00 0.00 0.00 0.00 0.00 7.15 0.00 0.00 0.00 0.00 0.00 0.00 0.00 0.00 0.00 6.50 9.27 12.26 14.09 14.02 16.28 17.81 17.01 15.33 15.62 13.94 10.95 7.59 5.99 5.04 3.43 1.02 1.02 1.53 2.70 2.92 3.43 4.31 3.94 2.92 2.04 0.00 0.00 0.00 0.00 0.00 0.00 0.00 1.90 3.36 4.67 7.08 7.52 8.47 10.66 11.61 12.41 12.41 13.58 16.06 17.67 16.43 14.16 10.59 8.47 10.95 7.08 1.83 0.00 8.03 12.48 11.24 11.17
0.00 0.00 0.00 0.00 1.75 0.00 0.00 0.00 0.00 0.00 0.00 0.00 0.00 0.00 0.00 0.00 0.00 0.00 0.00 0.00 0.00 0.00 8.61 10.88 11.83 10.73 9.49 8.98 11.83 15.77 18.83 18.03 19.05 15.91 13.58 12.19 14.82 4.31 2.41 2.85 3.72 3.36 4.09 4.09 5.99 7.59 10.00 11.39 10.66 6.13 5.91 5.55 4.23 4.82 3.94 0.00 0.00 0.00 0.00 0.00 2.63 0.00 0.00 4.38 5.18 7.15 9.93 11.90 11.90 14.38 16.21 16.28 12.48 7.37 3.14 5.04 8.10 4.53 0.00 0.00 8.47 11.17 9.27 10.22
0.00 0.00 0.00 0.00 1.75 0.00 0.00 0.00 0.00 0.00 0.00 0.00 0.00 0.00 0.00 0.00 0.00 0.00 0.00 0.00 0.00 0.00 8.61 10.88 11.83 10.73 9.49 8.98 11.83 15.77 18.83 18.03 19.05 15.91 13.58 12.19 14.82 4.31 2.41 2.85 3.72 3.36 4.09 4.09 5.99 7.59 10.00 11.39 10.66 6.13 5.91 5.55 4.23 4.82 3.94 0.00 0.00 0.00 0.00 0.00 2.63 0.00 0.00 4.38 5.18 7.15 9.93 11.90 11.90 14.38 16.21 16.28 12.48 7.37 3.14 5.04 8.10 4.53 0.00 0.00 8.47 11.17 9.27 10.22
0.00 0.00 0.00 0.00 0.00 0.00 0.00 0.00 0.00 0.00 0.00 7.81 8.98 8.91 7.37 6.50 6.42 6.13 6.13 4.96 0.00 0.00 0.00 7.59 9.56 10.44 10.00 8.47 8.32 11.02 17.01 16.64 17.52 17.67 16.13 10.66 7.15 6.20 3.87 6.28 8.83 11.10 12.05 12.05 13.65 14.67 17.74 19.78 20.44 17.52 14.38 14.53 14.16 14.60 15.11 11.39 8.69 6.35 4.53 5.91 7.74 10.51 6.50 7.45 7.08 8.69 10.22 11.39 11.39 15.70 18.40 15.99 9.93 5.40 4.31 7.15 7.01 3.07 0.29 3.58 6.13 4.82 3.80 3.87
0.00 0.00 2.92 5.91 8.47 0.00 0.00 0.00 0.00 0.00 0.00 9.20 10.88 11.39 9.93 9.13 9.71 10.44 10.44 8.83 7.30 6.50 0.00 0.00 7.81 11.39 12.41 11.90 11.83 13.72 15.84 18.10 19.86 20.73 19.05 15.48 10.66 8.03 7.30 9.20 11.10 13.43 18.98 18.98 22.85 24.09 24.02 24.60 24.53 21.61 18.76 20.15 17.37 18.98 19.93 18.98 15.55 12.05 10.51 12.34 14.02 16.50 16.50 13.43 11.68 10.95 12.12 15.48 15.48 19.56 20.95 15.70 9.64 4.89 3.94 5.04 4.45 1.02 0.73 1.90 2.70 2.63 1.46 1.02
0.00 0.00 0.00 0.00 0.00 0.00 0.00 0.00 0.00 0.00 0.00 11.90 12.26 11.46 10.07 9.42 9.86 9.71 9.71 10.00 9.78 8.98 8.40 7.23 7.37 9.34 11.02 11.83 11.97 11.17 13.43 17.96 18.76 20.29 18.98 16.28 10.51 6.28 6.94 6.20 6.42 9.71 18.98 18.98 28.84 30.88 30.00 27.96 25.19 23.87 21.68 18.98 20.15 18.83 17.89 17.96 18.32 18.10 17.08 15.77 15.18 16.79 17.08 16.28 15.40 15.33 17.59 20.66 20.66 21.61 17.67 8.98 3.21 1.68 0.80 1.75 0.00 0.00 0.00 0.22 1.17 0.00 0.00 0.00
0.00 0.00 0.00 0.00 0.00 0.00 0.00 0.00 0.00 0.00 0.00 0.00 0.00 0.00 13.14 11.17 10.88 11.46 11.46 13.14 12.70 11.61 10.66 12.12 12.05 11.61 13.14 10.66 9.20 6.94 7.23 16.50 15.26 17.81 17.30 12.85 5.48 2.48 1.39 3.14 0.00 7.74 16.06 16.06 23.21 27.74 26.57 25.26 21.90 21.24 19.49 19.71 20.00 19.49 18.10 20.59 21.75 20.08 17.52 14.75 13.36 12.70 12.92 12.70 13.80 14.89 17.08 17.52 17.52 14.24 6.35 2.34 0.51 0.58 0.00 0.00 0.00 0.00 0.00 0.00 0.00 0.00 0.00 0.00
0.00 0.00 0.00 0.00 0.00 0.00 0.00 0.00 0.00 0.00 0.00 0.00 19.49 22.85 18.76 14.53 12.85 13.36 13.36 14.45 16.21 18.32 18.18 17.67 18.83 19.93 20.44 20.51 17.08 13.21 8.61 11.02 12.19 13.07 13.65 7.74 3.29 0.66 0.00 0.00 0.00 7.96 9.86 9.86 12.12 15.26 13.36 12.78 11.32 11.39 12.12 12.85 13.58 15.70 14.75 20.15 19.56 16.06 12.26 8.18 8.40 7.96 6.86 7.01 8.91 11.02 11.83 8.25 8.25 4.89 3.21 2.04 1.68 0.00 0.00 0.00 0.00 0.00 0.00 0.00 0.00 0.00 0.00 0.00
0.00 0.00 0.00 0.00 0.00 0.00 0.00 0.00 0.00 0.00 0.00 0.00 19.49 22.85 18.76 14.53 12.85 13.36 13.36 14.45 16.21 18.32 18.18 17.67 18.83 19.93 20.44 20.51 17.08 13.21 8.61 11.02 12.19 13.07 13.65 7.74 3.29 0.66 0.00 0.00 0.00 7.96 9.86 9.86 12.12 15.26 13.36 12.78 11.32 11.39 12.12 12.85 13.58 15.70 14.75 20.15 19.56 16.06 12.26 8.18 8.40 7.96 6.86 7.01 8.91 11.02 11.83 8.25 8.25 4.89 3.21 2.04 1.68 0.00 0.00 0.00 0.00 0.00 0.00 0.00 0.00 0.00 0.00 0.00
0.00 0.00 0.00 0.00 0.00 0.00 0.00 0.00 0.00 0.00 0.00 0.00 0.00 0.00 11.68 11.24 11.02 11.17 11.17 12.26 13.72 14.89 17.01 18.76 20.15 21.39 21.24 20.59 18.03 14.75 12.41 8.61 10.29 9.27 7.88 3.65 1.46 0.44 0.00 0.00 1.53 2.70 3.94 3.94 3.14 3.65 2.92 0.00 2.85 5.91 6.86 6.50 6.06 5.69 7.08 10.15 9.64 5.11 2.70 2.26 3.07 4.31 5.26 6.28 8.91 11.17 7.30 7.52 7.52 4.31 5.69 6.20 4.82 2.41 1.68 0.95 0.00 0.00 0.00 0.00 0.00 0.00 0.00 0.00
0.00 0.00 0.00 0.00 0.00 0.00 0.00 0.00 0.00 0.00 0.00 0.00 0.00 0.00 0.00 11.90 14.38 17.45 17.45 17.81 19.13 20.37 19.13 19.96 18.93 20.41 18.36 18.98 17.45 15.26 11.97 7.88 6.42 6.20 3.87 0.00 0.00 0.00 0.00 0.58 0.80 0.29 0.95 0.95 0.00 0.00 0.00 0.00 0.00 0.00 0.00 0.00 0.00 0.00 0.00 2.34 0.00 0.00 0.00 0.00 2.19 4.02 6.06 8.69 11.97 13.36 10.22 9.71 9.71 5.77 7.30 8.25 4.60 3.87 2.77 1.31 0.00 0.00 0.00 0.00 0.00 0.00 0.00 0.00
0.00 0.00 4.82 9.34 13.36 14.16 13.07 0.00 0.00 0.00 0.00 0.00 0.00 0.00 0.00 8.32 12.34 16.57 16.57 23.00 23.58 24.02 23.65 24.18 26.35 21.97 22.10 21.60 20.66 20.00 16.86 12.63 3.72 9.20 5.48 2.12 1.75 1.83 2.77 3.21 1.75 0.80 0.07 0.07 0.44 0.00 0.00 0.00 0.00 0.00 0.00 0.00 0.00 0.00 0.00 0.00 0.00 0.00 0.00 0.00 3.65 8.76 9.42 10.51 11.17 12.26 10.95 10.37 10.37 7.74 7.59 6.86 4.09 3.65 3.58 1.61 3.07 2.19 0.73 0.00 0.00 0.00 0.00 0.00
0.00 1.68 2.41 3.36 5.18 4.96 1.68 0.00 0.00 0.00 0.00 0.00 0.00 0.00 0.00 0.00 0.00 0.00 0.00 0.00 7.37 9.93 14.90 18.14 19.74 23.15 24.72 22.71 22.50 21.60 20.08 16.35 8.03 15.55 10.37 9.13 8.76 7.59 7.37 5.77 3.58 1.39 0.07 0.07 0.73 0.00 0.00 0.00 0.00 0.00 0.00 0.00 0.00 0.00 0.00 0.00 0.00 0.00 0.00 0.00 5.18 11.10 12.99 13.87 12.99 10.80 10.88 14.02 14.02 15.11 11.97 10.88 9.05 8.10 5.91 5.48 6.79 3.72 2.19 0.00 0.00 0.00 0.00 0.00
0.00 0.00 0.00 0.00 0.00 0.00 0.00 0.00 0.00 0.00 0.00 0.00 0.00 0.00 0.00 0.00 0.00 0.00 0.00 0.00 0.00 0.00 0.00 0.00 0.00 12.48 14.52 20.15 24.78 25.22 23.55 22.92 14.75 19.93 19.42 19.71 17.37 13.80 10.73 6.57 3.07 1.39 0.00 0.00 0.00 0.00 0.00 0.00 0.00 0.00 0.00 0.00 0.00 0.00 0.00 0.00 0.00 0.00 0.00 0.00 2.92 10.07 13.43 16.57 17.23 16.43 17.16 20.22 20.22 20.15 16.21 16.43 10.95 8.03 5.69 6.79 5.69 2.92 1.46 0.00 0.00 0.00 0.00 0.00
0.00 0.00 0.00 0.00 0.00 0.00 0.00 0.00 0.00 0.00 0.00 0.00 0.00 0.00 0.00 0.00 0.00 0.00 0.00 0.00 0.00 0.00 0.00 0.00 0.00 12.48 14.09 18.73 23.15 25.61 23.79 23.88 16.57 21.09 19.92 19.71 17.37 13.80 10.73 6.57 3.07 1.39 0.00 0.00 0.00 0.00 0.00 0.00 0.00 0.00 0.00 0.00 0.00 0.00 0.00 0.00 0.00 0.00 0.00 0.00 2.92 10.07 13.43 16.57 17.23 16.43 17.16 20.22 20.22 20.15 16.21 16.43 10.95 8.03 5.69 6.79 5.69 2.92 1.46 0.00 0.00 0.00 0.00 0.00
0.00 0.00 0.00 0.00 0.00 0.00 0.00 0.00 0.00 0.00 0.00 0.00 0.00 0.00 0.00 0.00 0.00 0.00 0.00 0.00 0.00 0.00 0.00 0.00 0.00 0.00 0.00 3.15 7.96 10.27 16.22 20.05 24.19 21.77 21.45 22.69 21.24 19.71 15.48 9.64 6.79 3.29 1.97 1.97 0.00 0.00 0.00 0.00 0.00 0.00 0.00 0.00 0.00 0.00 0.00 0.00 0.00 0.00 0.00 0.00 0.00 3.94 7.15 13.29 20.66 24.75 24.31 23.14 23.14 21.68 16.64 16.28 9.05 5.26 5.04 5.91 5.26 2.19 1.53 0.00 0.00 0.00 0.00 0.00
0.00 0.00 0.00 0.00 0.00 0.00 0.00 0.00 0.00 0.00 0.00 0.00 0.00 0.00 0.00 0.00 0.00 0.00 0.00 0.00 0.00 0.00 0.00 0.00 0.00 0.00 0.00 0.00 0.00 0.00 0.88 4.96 11.68 21.54 19.17 23.12 21.79 20.98 18.10 16.13 15.11 11.32 6.79 6.79 2.19 0.00 0.00 0.00 0.00 0.00 0.00 0.00 0.00 0.00 0.00 0.00 0.00 0.00 0.00 0.00 0.00 0.00 3.29 10.80 18.98 25.33 23.87 21.17 21.17 20.08 13.51 10.37 10.66 3.21 4.89 3.72 2.41 0.44 0.51 0.73 1.02 0.00 0.00 0.00
0.00 0.00 0.00 0.00 0.00 0.00 0.00 0.00 0.00 0.00 0.00 0.00 0.00 0.00 0.00 0.00 2.19 0.66 0.66 0.00 0.00 0.00 0.00 0.00 0.00 0.00 0.00 0.00 0.00 0.00 0.00 0.00 1.02 15.48 7.07 16.11 21.82 22.12 22.78 24.60 22.92 16.64 10.88 10.88 4.82 2.19 0.80 0.29 0.00 0.00 0.00 0.00 0.00 0.00 0.00 0.00 0.00 0.00 0.00 0.00 0.00 0.00 0.00 8.61 18.98 20.66 16.94 15.18 15.18 13.58 7.15 4.45 1.46 2.99 1.46 0.95 0.37 0.88 1.46 2.04 2.63 3.07 3.21 0.00
0.00 0.00 0.00 0.00 0.00 0.00 0.00 0.00 0.00 0.00 1.97 0.00 0.00 0.00 3.94 3.94 3.50 2.70 2.70 1.83 0.66 0.00 0.00 0.00 0.00 0.00 0.00 0.00 0.00 0.00 0.00 0.00 0.00 0.00 0.73 3.80 13.86 20.65 21.97 24.55 25.62 21.32 15.99 15.99 10.29 6.94 4.23 2.19 0.66 0.00 0.22 0.00 0.00 0.00 0.00 0.00 0.00 0.00 0.00 0.00 0.00 0.00 0.00 4.38 8.47 9.13 7.96 6.94 6.94 5.62 1.97 0.00 0.00 0.00 0.00 0.00 0.80 1.61 2.85 3.07 2.92 3.65 4.16 1.90
0.00 0.00 0.00 0.00 0.00 0.00 0.00 0.00 0.00 0.00 0.00 0.00 0.29 1.46 2.99 2.99 1.68 0.58 0.58 0.00 0.00 0.00 0.00 0.00 0.00 0.00 0.00 0.00 0.00 0.00 0.00 0.00 0.00 0.00 4.60 0.00 8.32 11.10 10.82 15.72 18.34 17.74 16.86 16.86 15.11 12.85 10.29 7.23 3.87 1.75 1.61 0.00 0.00 0.00 0.00 0.00 0.00 0.00 0.00 1.75 2.77 1.46 0.00 0.00 0.00 1.46 2.26 2.34 2.34 0.00 0.00 0.00 0.00 0.00 0.00 0.00 0.29 0.95 2.19 2.48 2.92 3.21 2.34 1.53
0.00 0.00 0.00 0.00 0.00 0.00 0.00 0.00 0.00 0.00 0.00 0.00 0.00 1.31 1.46 0.80 0.00 0.00 0.00 0.00 0.00 0.00 0.00 0.00 0.00 0.00 0.00 0.00 0.00 0.00 0.00 0.00 0.00 0.00 0.00 0.00 0.00 1.11 2.19 5.99 8.41 11.39 10.51 10.51 13.43 12.63 12.26 10.00 8.69 6.06 4.31 2.85 1.68 0.66 0.00 0.00 0.00 0.00 0.00 0.00 2.63 2.41 1.90 0.00 0.00 0.00 0.00 0.00 0.00 0.00 0.00 0.00 0.00 0.00 0.00 0.00 0.00 0.00 0.00 0.88 1.97 2.41 2.12 1.46
0.00 0.00 0.00 0.00 0.00 0.00 0.00 0.00 0.00 0.00 0.00 0.00 0.00 1.31 1.46 0.80 0.00 0.00 0.00 0.00 0.00 0.00 0.00 0.00 0.00 0.00 0.00 0.00 0.00 0.00 0.00 0.00 0.00 0.00 0.00 0.00 0.00 1.10 2.21 5.99 8.32 11.39 10.51 10.51 13.43 12.63 12.26 10.00 8.69 6.06 4.31 2.85 1.68 0.66 0.00 0.00 0.00 0.00 0.00 0.00 2.63 2.41 1.90 0.00 0.00 0.00 0.00 0.00 0.00 0.00 0.00 0.00 0.00 0.00 0.00 0.00 0.00 0.00 0.00 0.88 1.97 2.41 2.12 1.46
0.00 0.00 0.00 0.00 0.00 0.00 0.00 0.00 0.00 0.00 0.00 0.00 0.00 0.22 0.00 0.00 0.00 0.00 0.00 0.00 0.00 0.00 0.00 0.00 0.00 0.00 0.00 0.00 0.00 0.00 0.00 0.00 0.00 0.00 0.00 0.00 0.00 0.00 0.00 0.00 1.90 2.26 3.07 3.07 4.45 4.96 7.01 6.50 7.15 9.86 9.20 5.40 2.92 0.00 0.00 0.00 0.00 0.00 0.00 0.00 0.00 2.34 1.90 0.00 0.00 0.00 0.00 0.00 0.00 0.00 0.00 0.00 0.00 0.00 0.00 0.00 0.00 0.00 0.00 0.00 0.00 0.00 0.80 0.22
