Wansh/Snow_depth/snowdepth-1984/spring/1984096.txt
ncols 321
nrows 161
xllcenter 60
yllcenter 15 
cellsize  0.25 
NODATA_value -1
[rows 0 to 36 of 161, columns 84 to 167 of 321]
25.55 24.89 23.51 25.11 22.85 15.40 12.34 11.10 17.16 18.25 17.96 17.37 18.40 17.59 17.89 17.01 18.03 19.05 19.05 18.61 18.25 15.04 10.73 8.03 7.59 8.03 7.96 5.84 7.52 8.83 10.59 12.34 11.24 10.44 11.10 13.14 15.62 18.83 22.27 25.19 22.34 18.25 13.72 13.72 10.15 8.25 0.00 0.00 0.00 0.00 0.00 0.00 0.00 0.00 0.00 0.00 0.00 0.00 0.00 0.00 0.00 0.00 0.00 0.00 0.00 0.00 0.00 0.00 0.00 0.00 0.00 0.00 0.00 0.00 0.00 0.00 10.51 14.97 16.86 14.82 11.24 8.83 8.83 9.56
24.75 24.45 22.27 18.98 18.25 16.72 18.25 15.48 14.53 14.53 12.34 11.32 11.75 11.68 10.88 13.43 18.18 20.15 20.15 20.51 22.48 24.75 23.29 16.43 10.51 9.42 8.47 6.72 8.18 9.86 10.66 11.53 10.88 9.71 10.29 8.61 5.69 4.74 9.42 14.75 16.35 13.51 11.39 11.39 9.78 0.00 0.00 0.00 0.00 0.00 0.00 0.00 0.00 0.00 6.13 7.15 0.00 0.00 0.00 0.00 0.00 5.77 0.00 0.00 0.00 0.00 0.00 0.00 0.00 0.00 0.00 0.00 15.84 14.02 13.43 14.53 14.45 14.97 15.04 13.65 12.12 12.92 10.59 10.59
25.19 25.11 20.59 19.35 17.23 18.98 18.25 17.96 16.79 17.08 15.40 10.88 10.07 11.83 9.34 8.98 11.32 13.51 13.51 13.36 13.87 19.56 26.86 24.31 12.70 11.97 5.99 4.74 6.94 9.71 8.91 8.25 7.74 8.10 8.69 8.61 9.64 12.78 15.55 22.12 24.97 25.11 24.45 24.45 22.92 19.27 0.00 0.00 0.00 0.00 0.00 0.00 0.00 0.00 9.05 10.37 11.46 13.94 13.51 9.78 10.44 10.66 9.49 7.96 7.52 9.05 9.64 11.24 11.24 11.17 10.29 11.83 14.75 16.28 18.10 19.64 20.44 20.29 20.88 20.08 21.83 23.51 22.78 19.64
25.19 25.11 20.59 19.35 17.23 18.98 18.25 17.96 16.79 17.08 15.40 10.88 10.07 11.83 9.34 8.98 11.32 13.51 13.51 13.36 13.87 19.56 26.86 24.31 12.70 11.97 5.99 4.74 6.94 9.71 8.91 8.25 7.74 8.10 8.69 8.61 9.64 12.78 15.55 22.12 24.97 25.11 24.45 24.45 22.92 19.27 0.00 0.00 0.00 0.00 0.00 0.00 0.00 0.00 9.05 10.37 11.46 13.94 13.51 9.78 10.44 10.66 9.49 7.96 7.52 9.05 9.64 11.24 11.24 11.17 10.29 11.83 14.75 16.28 18.10 19.64 20.44 20.29 20.88 20.08 21.83 23.51 22.78 19.64
19.71 18.98 14.89 18.25 20.37 20.81 20.88 21.24 25.77 25.11 18.61 17.30 16.86 18.98 19.64 16.13 12.34 10.66 10.66 9.78 10.66 12.99 18.10 25.99 21.75 14.24 8.25 4.60 6.94 7.23 8.03 7.66 8.76 10.44 11.90 11.02 12.99 14.89 18.32 20.88 20.88 22.85 23.43 23.43 24.16 24.02 0.00 0.00 0.00 0.00 0.00 0.00 0.00 0.00 0.00 5.62 7.96 11.32 14.31 14.24 13.58 14.67 13.58 12.63 13.43 14.67 14.82 14.82 14.82 13.94 12.92 11.10 12.92 15.99 19.71 22.34 24.97 23.36 21.10 19.64 19.93 22.48 24.60 21.46
16.13 16.43 17.81 16.13 13.51 9.42 9.05 10.95 15.40 17.74 19.27 22.48 22.34 18.69 15.99 20.08 26.28 20.66 20.66 12.78 7.30 10.00 12.85 17.01 16.43 12.99 10.29 0.00 0.00 5.18 6.57 10.51 11.53 12.78 13.43 9.86 3.43 3.43 5.69 5.55 3.87 7.96 9.20 9.20 0.00 12.12 16.86 17.67 0.00 0.00 0.00 0.00 0.00 0.00 0.00 3.87 4.89 7.66 9.86 12.85 13.65 17.16 19.35 20.51 19.35 17.96 15.40 14.45 14.45 13.29 13.58 14.38 13.29 11.24 8.40 8.25 12.05 13.65 15.04 16.57 17.52 18.69 19.05 21.61
21.24 19.27 15.18 9.56 6.35 4.60 4.09 5.77 7.59 7.88 8.10 11.02 14.45 15.99 14.38 9.93 12.48 18.10 18.10 21.46 20.22 12.99 8.10 11.32 10.44 9.49 0.00 0.00 7.23 7.59 6.20 6.94 9.56 11.97 10.15 7.45 0.00 0.00 0.00 0.00 0.00 0.00 0.00 0.00 0.00 0.00 0.00 0.00 0.00 0.00 0.00 0.00 0.00 6.79 7.30 8.76 9.42 14.67 12.12 12.56 16.13 20.95 25.55 24.02 22.41 21.10 17.81 15.84 15.84 14.67 15.99 17.16 16.28 15.04 12.78 12.63 11.39 8.76 6.86 8.40 16.06 19.49 19.64 23.36
21.24 19.27 15.18 9.56 6.35 4.60 4.09 5.77 7.59 7.88 8.10 11.02 14.45 15.99 14.38 9.93 12.48 18.10 18.10 21.46 20.22 12.99 8.10 11.32 10.44 9.49 0.00 0.00 7.23 7.59 6.20 6.94 9.56 11.97 10.15 7.45 0.00 0.00 0.00 0.00 0.00 0.00 0.00 0.00 0.00 0.00 0.00 0.00 0.00 0.00 0.00 0.00 0.00 6.79 7.30 8.76 9.42 14.67 12.12 12.56 16.13 20.95 25.55 24.02 22.41 21.10 17.81 15.84 15.84 14.67 15.99 17.16 16.28 15.04 12.78 12.63 11.39 8.76 6.86 8.40 16.06 19.49 19.64 23.36
20.81 20.08 16.43 15.33 9.64 5.55 2.99 3.43 0.00 4.09 4.31 8.25 11.32 14.82 13.58 10.73 6.35 6.06 6.06 9.86 17.59 19.56 11.02 8.54 0.00 8.61 0.00 0.00 7.08 7.37 7.30 8.69 10.15 10.88 8.54 0.00 0.00 0.00 0.00 0.00 0.00 0.00 0.00 0.00 0.00 0.00 0.00 0.00 0.00 0.00 0.00 4.67 3.72 6.06 7.59 8.54 10.29 13.14 13.72 13.65 15.40 19.20 20.44 20.88 20.08 21.53 21.24 19.42 19.42 18.10 18.18 18.18 16.86 16.72 16.72 15.55 12.92 10.80 10.22 9.78 10.59 12.41 14.53 18.61
9.56 13.80 15.04 15.18 10.80 6.28 3.94 3.43 4.09 4.60 6.64 10.15 12.92 12.05 10.29 8.61 7.74 8.40 8.40 11.02 13.80 18.10 11.53 0.00 0.00 0.00 0.00 0.00 0.00 7.08 7.01 7.23 8.69 14.31 9.56 4.60 0.00 0.00 0.00 7.30 7.15 0.00 0.00 0.00 0.00 0.00 0.00 0.00 10.66 10.07 14.16 14.02 9.49 8.03 9.05 9.56 9.34 8.76 9.64 10.51 10.66 11.68 11.61 14.67 15.99 17.16 14.31 14.45 14.45 14.45 15.99 18.18 16.72 13.94 12.26 13.80 16.21 18.10 16.28 12.63 10.07 9.56 9.64 10.88
5.69 7.30 6.72 5.11 4.02 2.41 0.00 0.00 0.00 0.00 3.43 6.64 9.42 9.34 6.86 6.79 7.74 11.10 11.10 14.60 13.58 13.72 7.74 0.00 0.00 0.00 0.00 0.00 0.00 7.30 7.74 6.28 7.01 9.13 8.98 7.15 7.08 7.96 7.66 6.13 5.40 9.78 9.56 9.56 6.57 6.94 7.45 11.61 10.15 7.52 12.78 14.02 13.58 9.56 11.39 13.07 14.38 14.38 11.10 11.61 13.87 13.36 12.12 12.41 14.16 15.18 19.78 20.08 20.08 18.32 16.50 16.57 18.32 14.60 9.78 15.11 18.61 19.20 15.99 12.41 11.17 11.39 9.71 8.47
5.69 7.30 6.72 5.11 4.02 2.41 0.00 0.00 0.00 0.00 3.43 6.64 9.42 9.34 6.86 6.79 7.74 11.10 11.10 14.60 13.58 13.72 7.74 0.00 0.00 0.00 0.00 0.00 0.00 7.30 7.74 6.28 7.01 9.13 8.98 7.15 7.08 7.96 7.66 6.13 5.40 9.78 9.56 9.56 6.57 6.94 7.45 11.61 10.15 7.52 12.78 14.02 13.58 9.56 11.39 13.07 14.38 14.38 11.10 11.61 13.87 13.36 12.12 12.41 14.16 15.18 19.78 20.08 20.08 18.32 16.50 16.57 18.32 14.60 9.78 15.11 18.61 19.20 15.99 12.41 11.17 11.39 9.71 8.47
4.96 2.85 2.12 0.00 0.00 1.90 0.00 0.00 4.16 6.06 4.89 4.02 6.28 7.52 8.61 8.32 11.46 16.57 16.57 18.98 17.67 11.97 0.00 0.00 0.00 0.00 6.13 4.02 4.60 6.50 4.82 5.62 6.06 6.86 5.91 11.17 13.36 9.49 8.03 10.29 9.71 14.24 13.07 13.07 10.15 6.79 4.45 7.59 9.86 13.87 18.18 16.57 13.58 11.24 13.80 19.93 21.46 24.82 17.52 15.26 15.70 13.36 11.68 12.26 13.94 15.55 17.96 20.81 20.81 21.75 19.93 19.49 17.67 15.55 14.89 17.96 20.73 21.10 18.18 14.53 15.84 15.48 16.50 14.02
0.00 0.00 0.00 0.00 0.00 2.85 4.02 0.00 5.91 7.15 8.47 10.88 15.26 20.37 21.02 18.54 22.05 24.38 24.38 15.33 13.43 11.68 9.93 0.00 6.86 6.50 7.15 7.01 8.76 11.39 12.70 15.91 15.04 12.26 14.09 17.45 18.98 15.55 12.78 13.07 9.13 7.74 6.50 6.50 7.59 8.83 11.17 11.83 11.53 12.34 13.07 12.63 10.29 10.37 10.00 13.29 16.72 16.72 15.70 15.04 15.55 15.77 15.84 16.21 15.55 16.50 19.56 19.78 19.78 21.83 22.34 23.00 22.34 20.15 17.67 18.54 20.29 21.68 20.00 18.98 16.06 12.34 13.14 12.41
0.00 0.00 2.77 4.23 5.77 5.77 7.15 8.03 7.96 10.07 9.93 10.44 15.48 21.46 23.94 21.46 21.83 11.97 11.97 11.24 11.39 12.48 10.29 10.51 8.54 8.54 10.80 12.05 13.29 16.57 21.83 23.21 21.24 17.89 17.74 15.40 13.14 10.59 9.78 0.00 0.00 3.87 3.58 3.58 3.29 3.58 3.07 6.06 7.96 7.88 6.35 4.09 1.97 0.00 1.90 7.59 15.40 12.99 8.40 9.49 12.92 15.48 17.37 19.27 19.78 18.40 17.30 17.81 17.81 21.83 22.63 20.81 16.79 13.94 14.24 15.11 7.37 0.00 4.67 9.78 10.80 8.32 7.88 9.86
0.00 2.77 5.62 8.83 10.22 9.27 9.56 9.93 9.13 10.07 10.59 10.88 11.83 10.22 10.00 13.72 12.85 12.78 12.78 9.78 9.42 12.78 16.43 16.35 15.77 13.87 10.73 13.51 16.64 21.24 23.87 23.73 13.58 10.37 9.71 6.13 3.21 3.29 1.90 2.63 0.00 1.97 3.21 3.21 4.53 5.91 7.30 7.66 9.49 10.88 7.01 5.91 4.38 6.06 7.45 11.17 15.62 15.70 9.56 6.50 6.28 5.91 6.57 9.34 13.72 17.81 17.52 18.10 18.10 18.91 22.34 18.98 8.83 1.17 5.55 11.10 5.77 0.00 0.00 8.83 10.80 7.30 10.44 13.58
0.00 2.77 5.62 8.83 10.22 9.27 9.56 9.93 9.13 10.07 10.59 10.88 11.83 10.22 10.00 13.72 12.85 12.78 12.78 9.78 9.42 12.78 16.43 16.35 15.77 13.87 10.73 13.51 16.64 21.24 23.87 23.73 13.58 10.37 9.71 6.13 3.21 3.29 1.90 2.63 0.00 1.97 3.21 3.21 4.53 5.91 7.30 7.66 9.49 10.88 7.01 5.91 4.38 6.06 7.45 11.17 15.62 15.70 9.56 6.50 6.28 5.91 6.57 9.34 13.72 17.81 17.52 18.10 18.10 18.91 22.34 18.98 8.83 1.17 5.55 11.10 5.77 0.00 0.00 8.83 10.80 7.30 10.44 13.58
0.00 1.61 3.58 6.86 10.66 10.73 6.79 7.45 8.03 9.64 9.93 12.34 13.94 10.00 3.94 9.93 13.07 11.10 11.10 10.29 7.96 9.05 12.70 15.48 17.01 13.51 7.88 8.61 12.12 15.70 16.94 19.56 18.03 15.18 7.52 1.90 0.29 1.61 8.18 10.44 10.44 12.26 13.14 13.14 16.13 17.59 16.50 16.79 16.13 15.77 15.33 15.40 15.04 14.45 17.59 14.60 8.32 6.94 8.32 10.22 11.39 10.95 8.03 8.25 11.53 13.07 16.13 20.37 20.37 24.09 20.59 8.32 0.73 3.72 10.22 12.78 0.00 0.00 0.00 4.38 2.99 3.87 6.50 13.21
10.66 13.72 19.42 24.38 24.02 16.79 8.83 5.91 8.91 11.90 10.80 15.77 21.75 21.24 18.40 16.43 16.06 12.63 12.63 11.10 8.40 4.96 4.23 10.37 15.70 14.16 10.00 9.34 12.34 14.97 17.81 20.95 26.06 23.73 16.43 9.71 8.03 8.25 15.18 17.74 18.91 22.34 22.12 22.12 21.68 17.45 12.85 13.65 14.60 16.13 19.49 20.81 22.85 19.20 19.42 17.59 13.94 11.53 13.21 18.10 21.02 19.42 14.38 11.02 11.61 13.80 16.57 24.02 24.02 26.79 21.24 8.10 4.02 10.22 11.68 5.69 0.80 0.00 0.00 0.15 1.10 2.48 3.50 10.07
5.77 10.29 17.16 27.08 30.73 32.27 24.16 14.02 11.68 15.48 16.13 15.91 18.18 22.63 15.40 18.54 20.37 21.97 21.97 21.75 16.28 10.73 7.08 10.15 14.24 17.89 18.69 19.64 19.20 18.91 23.87 27.01 26.06 26.65 26.06 18.91 10.15 7.45 7.81 9.78 11.32 21.75 28.25 28.25 29.93 20.29 12.41 12.05 16.64 18.98 20.22 20.37 20.73 20.66 21.17 20.81 19.42 18.03 18.10 21.61 25.19 25.70 16.64 11.75 12.85 16.57 24.24 24.24 24.24 19.49 12.05 4.67 1.97 2.12 0.66 0.00 0.00 0.00 0.00 0.73 0.95 2.04 3.65 5.40
0.00 5.77 9.71 12.19 18.25 23.36 23.29 18.91 15.55 17.59 18.98 16.43 15.84 16.21 14.16 16.57 17.96 18.47 18.47 19.20 17.52 16.28 16.35 15.04 19.05 21.39 20.29 17.30 15.70 14.24 19.71 25.62 25.19 18.91 9.71 6.28 5.11 0.00 0.00 0.00 7.30 13.43 27.89 27.89 34.31 26.94 20.66 21.24 20.15 22.41 21.61 22.85 21.53 20.37 20.44 19.71 18.47 18.10 16.06 15.91 16.50 15.77 14.60 14.67 17.01 18.98 18.25 15.33 15.33 7.66 1.75 0.07 0.00 0.73 0.00 0.44 0.00 1.61 4.45 2.04 1.02 3.87 5.91 7.88
3.50 7.45 11.17 10.88 9.05 9.93 16.06 20.00 24.60 27.30 31.54 34.89 37.89 32.19 21.17 18.47 20.51 21.17 21.17 21.46 23.94 22.85 23.21 23.29 23.73 23.36 23.94 20.08 14.53 9.27 8.98 12.12 14.16 14.16 7.81 2.41 0.00 0.00 8.10 13.14 13.07 7.01 13.58 13.58 18.83 15.18 15.62 15.99 14.75 14.31 18.03 22.70 24.60 24.16 24.82 21.17 19.27 18.76 18.69 17.08 13.65 12.48 11.68 11.32 12.99 11.61 8.69 4.89 4.89 1.90 1.17 1.53 0.00 0.51 0.00 0.00 1.68 2.04 1.53 1.17 5.62 4.96 3.29 5.77
3.50 7.45 11.17 10.88 9.05 9.93 16.06 20.00 24.60 27.30 31.54 34.89 37.89 32.19 21.17 18.47 20.51 21.17 21.17 21.46 23.94 22.85 23.21 23.29 23.73 23.36 23.94 20.08 14.53 9.27 8.98 12.12 14.16 14.16 7.81 2.41 0.00 0.00 8.10 13.14 13.07 7.01 13.58 13.58 18.83 15.18 15.62 15.99 14.75 14.31 18.03 22.70 24.60 24.16 24.82 21.17 19.27 18.76 18.69 17.08 13.65 12.48 11.68 11.32 12.99 11.61 8.69 4.89 4.89 1.90 1.17 1.53 0.00 0.51 0.00 0.00 1.68 2.04 1.53 1.17 5.62 4.96 3.29 5.77
2.85 6.28 10.51 14.82 17.89 14.82 17.67 18.32 17.23 19.27 24.53 33.14 26.06 32.27 30.95 27.74 24.53 20.59 20.59 20.37 19.13 20.66 22.34 25.40 28.98 28.98 27.23 25.19 19.93 13.80 9.78 7.45 5.91 4.74 3.80 1.68 0.00 0.00 0.00 7.23 9.42 2.70 4.45 4.45 2.92 0.00 5.62 14.38 15.70 15.91 13.80 13.72 19.42 22.27 22.78 22.92 21.24 20.37 20.15 19.05 17.30 15.70 16.06 15.77 13.07 8.76 5.55 6.35 6.35 8.40 8.25 3.43 0.00 0.00 0.95 1.90 0.00 3.29 0.00 0.00 4.38 3.36 3.29 3.58
3.21 3.43 6.72 14.38 18.47 22.05 27.45 28.25 25.40 23.94 18.10 17.74 18.40 22.63 24.67 24.09 23.87 22.70 22.70 24.09 23.36 26.13 26.13 24.06 24.06 23.88 23.96 22.92 19.64 12.12 8.32 7.30 5.69 0.00 0.00 0.00 0.00 0.00 0.00 0.00 0.00 0.00 0.00 0.00 0.00 0.00 1.97 5.11 10.95 14.31 15.84 10.66 4.16 7.01 7.66 10.59 14.45 19.86 24.09 24.38 22.63 18.76 19.56 24.24 23.29 14.82 7.81 12.78 12.78 18.61 16.13 7.23 5.69 4.60 1.97 2.12 2.04 1.46 0.00 1.90 2.63 3.58 2.63 2.70
12.05 14.89 19.35 25.77 28.25 30.66 31.10 29.13 20.22 13.07 13.21 13.07 14.38 14.45 17.23 23.65 26.35 30.22 30.22 31.54 32.92 32.19 31.24 27.81 31.79 25.62 27.48 28.60 28.03 20.95 11.75 8.47 6.72 3.80 0.00 2.99 6.35 0.00 6.50 4.89 0.00 4.82 2.19 2.19 0.00 0.00 0.00 1.31 0.00 0.00 0.00 0.00 0.00 0.00 0.00 4.16 11.61 23.80 28.76 26.28 18.98 18.32 21.17 22.34 22.63 20.29 16.43 14.09 14.09 14.53 12.70 7.52 5.69 0.00 2.41 2.41 2.12 1.53 5.62 2.99 1.90 2.19 1.90 0.95
12.26 8.76 6.79 7.15 14.09 18.25 19.64 20.29 11.97 7.08 0.00 0.00 0.00 4.23 13.51 19.42 22.27 21.83 21.83 20.59 24.24 25.86 26.19 28.75 29.35 26.70 29.82 28.76 26.87 20.26 15.55 15.62 13.21 6.79 4.74 8.61 8.61 7.59 7.15 6.06 0.00 0.00 0.00 0.00 0.00 0.00 0.00 0.00 0.00 0.00 0.00 0.00 0.00 0.00 0.00 2.12 4.53 11.02 18.76 22.92 21.97 17.30 16.43 14.67 12.70 19.93 22.12 18.03 18.03 14.60 11.02 7.01 5.77 5.55 9.20 9.93 7.15 3.29 4.82 4.74 1.68 3.14 2.04 2.56
8.47 9.42 5.48 1.97 3.94 6.57 11.53 11.90 13.58 13.80 3.36 3.07 0.00 0.00 0.00 1.90 3.07 0.00 0.00 0.00 0.00 2.96 9.48 14.24 18.08 21.90 25.14 29.04 33.70 32.67 26.93 22.63 22.63 17.37 13.94 11.61 8.25 6.50 8.98 4.23 0.00 0.00 0.00 0.00 0.00 0.00 0.00 0.00 0.00 0.00 0.00 0.00 0.00 0.00 0.00 0.00 0.00 0.00 8.54 19.35 24.02 23.73 23.43 14.60 12.26 22.12 25.11 23.43 23.43 21.02 18.03 14.60 11.32 12.26 13.58 11.02 8.54 1.10 4.74 3.50 2.70 3.65 3.94 3.58
8.47 9.42 5.48 1.97 3.94 6.57 11.53 11.90 13.58 13.80 3.36 3.07 0.00 0.00 0.00 1.90 3.07 0.00 0.00 0.00 0.00 3.17 9.24 14.60 17.81 21.90 24.38 26.99 31.49 33.17 27.20 23.57 25.43 18.39 14.30 11.61 8.25 6.50 8.98 4.23 0.00 0.00 0.00 0.00 0.00 0.00 0.00 0.00 0.00 0.00 0.00 0.00 0.00 0.00 0.00 0.00 0.00 0.00 8.54 19.35 24.02 23.73 23.43 14.60 12.26 22.12 25.11 23.43 23.43 21.02 18.03 14.60 11.32 12.26 13.58 11.02 8.54 1.10 4.74 3.50 2.70 3.65 3.94 3.58
2.63 4.96 3.14 0.00 0.00 0.00 0.00 0.00 0.00 0.00 0.00 6.28 0.00 0.00 0.00 0.00 0.00 0.00 0.00 0.00 0.00 0.00 0.00 0.00 0.00 11.06 12.17 11.89 16.35 23.11 25.14 21.56 26.48 28.60 22.13 19.29 13.94 7.30 11.68 9.49 4.16 4.38 3.07 3.07 0.00 0.00 0.00 0.00 0.00 0.00 0.00 0.00 0.00 0.00 0.00 0.00 0.00 0.00 2.77 10.07 18.40 20.22 21.32 24.75 23.07 22.70 24.38 22.63 22.63 17.81 15.77 10.88 6.79 10.80 12.48 8.91 6.79 3.58 4.53 3.43 2.85 2.63 1.97 0.00
10.44 7.88 4.74 0.00 0.00 0.44 0.00 0.00 0.00 0.00 0.00 3.14 3.36 1.39 0.00 6.86 12.78 9.42 9.42 0.00 0.00 0.00 0.00 0.00 0.00 0.00 0.00 0.00 0.00 3.54 11.68 13.94 15.91 23.47 25.04 28.96 24.38 15.19 16.35 17.81 8.91 7.88 0.00 0.00 0.00 0.00 2.34 2.04 0.00 0.00 0.00 0.00 0.00 0.00 0.00 0.00 0.00 0.00 0.00 0.44 3.43 8.25 19.64 26.35 25.99 20.95 19.13 18.40 18.40 13.36 12.99 10.44 9.86 12.92 12.92 11.53 4.89 4.53 2.34 3.07 1.46 0.00 0.88 0.00
17.67 19.56 13.87 12.56 8.61 6.13 3.21 0.22 7.88 4.31 0.00 0.00 0.00 0.00 5.84 12.63 14.60 12.85 12.85 8.98 6.57 4.45 0.00 2.04 0.00 0.00 0.00 0.00 0.00 0.00 0.00 6.86 13.14 16.57 15.52 19.49 28.48 25.33 28.76 32.12 20.73 10.37 6.72 6.72 0.00 0.00 0.00 0.00 2.04 0.00 0.00 0.00 0.00 0.00 0.00 0.00 0.00 0.00 0.00 0.00 0.00 0.00 17.08 22.12 19.49 16.13 15.62 16.28 16.28 12.85 6.42 6.35 7.23 8.10 7.81 8.61 8.98 10.80 8.61 7.74 7.81 5.91 3.58 0.00
0.00 0.00 0.00 4.31 9.56 13.29 15.55 8.61 7.45 10.59 5.91 2.63 4.23 6.57 13.43 14.97 11.75 7.45 7.45 8.25 6.64 3.80 0.00 0.00 0.00 0.00 0.00 0.00 0.00 0.00 0.00 0.00 2.99 6.06 9.49 15.33 20.97 24.21 27.49 26.10 22.19 13.51 8.83 8.83 9.05 9.78 9.20 4.74 0.00 1.02 0.00 0.00 0.37 0.00 0.00 0.00 0.00 2.19 1.10 0.00 0.00 5.04 10.73 12.85 12.12 11.39 16.35 15.70 15.70 14.75 12.78 9.78 6.20 3.94 0.00 12.26 13.80 15.26 12.34 10.66 14.38 12.78 9.64 7.08
0.00 0.00 0.00 0.00 0.00 0.00 4.45 0.00 0.00 0.00 0.00 2.26 8.83 13.29 10.73 7.01 4.09 0.00 0.00 1.53 1.46 0.00 0.00 0.00 0.00 0.00 0.00 0.00 0.00 0.00 0.00 0.00 0.00 0.00 2.77 14.53 12.34 13.80 21.49 21.49 18.56 18.54 15.11 15.11 14.45 11.10 7.81 6.72 0.00 7.59 10.73 9.42 4.38 1.24 0.00 0.00 0.00 4.60 8.54 8.40 5.33 4.60 4.45 0.00 3.80 7.30 13.29 6.57 6.57 7.01 17.96 25.11 13.72 9.71 13.29 15.48 20.00 21.02 12.05 10.51 12.78 11.17 9.64 8.91
0.00 0.00 0.00 0.00 0.00 0.00 0.00 0.00 0.00 0.00 0.00 6.35 12.05 7.74 0.00 0.00 0.00 0.00 0.00 0.00 0.00 0.00 0.00 0.00 0.00 0.00 0.00 0.00 0.00 0.00 0.00 0.00 0.00 0.00 1.02 4.09 2.19 3.76 8.10 12.99 13.49 18.83 18.25 18.25 16.57 14.89 12.99 12.05 8.69 9.20 13.43 7.74 3.72 4.96 3.94 0.00 0.00 0.00 7.23 9.05 7.23 6.35 6.20 6.86 5.04 6.94 8.61 3.87 3.87 0.00 8.32 13.94 8.98 10.15 7.81 13.65 14.53 11.32 8.61 9.34 13.21 13.14 10.88 9.27
0.00 0.00 0.00 0.00 0.00 0.00 0.00 0.00 0.00 0.00 0.00 6.35 12.05 7.74 0.00 0.00 0.00 0.00 0.00 0.00 0.00 0.00 0.00 0.00 0.00 0.00 0.00 0.00 0.00 0.00 0.00 0.00 0.00 0.00 1.03 4.11 2.19 3.74 8.18 12.99 13.36 18.83 18.25 18.25 16.57 14.89 12.99 12.05 8.69 9.20 13.43 7.74 3.72 4.96 3.94 0.00 0.00 0.00 7.23 9.05 7.23 6.35 6.20 6.86 5.04 6.94 8.61 3.87 3.87 0.00 8.32 13.94 8.98 10.15 7.81 13.65 14.53 11.32 8.61 9.34 13.21 13.14 10.88 9.27
0.00 0.00 12.05 8.40 0.00 0.00 0.00 0.00 0.00 0.00 0.00 0.00 4.23 0.00 3.07 3.43 0.00 0.00 0.00 0.00 0.00 0.00 0.00 0.00 0.00 0.00 0.00 0.00 0.00 0.00 0.00 0.00 0.00 0.00 0.00 0.00 0.00 0.00 3.08 4.96 3.87 4.67 7.52 7.52 10.22 12.92 15.62 17.08 16.79 13.14 9.13 4.82 1.83 1.46 0.00 0.00 0.00 0.00 0.00 0.00 7.59 7.30 6.86 7.81 5.55 4.09 2.70 0.00 0.00 0.00 0.00 0.00 0.00 1.39 3.94 4.89 3.14 0.00 4.53 5.48 8.10 10.07 8.25 7.66
