Wansh/Snow_depth/snowdepth-1984/spring/1984088.txt
ncols 321
nrows 161
xllcenter 60
yllcenter 15 
cellsize  0.25 
NODATA_value -1
[rows 0 to 36 of 161, columns 0 to 83 of 321]
23.21 23.21 32.12 35.19 26.94 14.82 18.25 32.92 38.18 39.27 40.00 41.10 40.44 41.32 41.90 41.76 40.15 40.44 37.89 33.58 29.13 31.83 32.85 34.02 33.80 33.29 33.29 33.07 33.94 35.19 34.75 31.46 30.59 30.15 27.52 25.77 25.26 23.43 24.38 26.57 24.53 21.90 21.61 22.70 24.60 25.70 26.65 25.77 27.38 30.08 26.57 26.57 26.43 28.11 29.27 30.44 31.03 30.00 27.38 28.62 29.35 30.81 30.22 29.13 28.54 30.30 29.42 27.52 17.59 20.81 19.64 21.97 22.19 19.93 19.35 20.15 20.15 17.96 17.67 17.16 17.52 17.23 18.40 18.69
32.85 32.85 35.04 35.48 28.03 24.16 30.51 37.01 40.59 42.78 44.02 42.71 39.20 44.75 40.51 37.81 35.19 33.43 33.73 31.90 31.68 31.17 29.93 30.00 29.20 29.05 29.05 29.86 29.57 29.35 27.81 25.04 25.04 24.45 22.78 20.37 19.78 22.05 22.92 22.27 20.37 18.32 17.59 18.47 21.10 22.92 22.92 22.70 24.31 24.45 25.04 25.04 24.38 24.38 24.53 23.51 25.04 25.48 24.89 24.82 24.31 23.21 22.78 22.56 21.61 19.27 17.08 15.77 14.60 14.24 15.62 17.23 16.43 17.52 16.28 15.26 15.26 15.55 16.50 16.35 15.77 15.55 15.04 15.48
35.04 35.04 33.43 34.02 30.37 28.69 34.24 39.06 42.56 41.90 42.12 40.73 43.00 39.64 37.52 35.84 34.38 31.76 30.30 30.30 31.24 30.88 29.93 27.96 27.30 27.08 27.08 26.65 25.04 24.53 23.43 21.83 18.98 18.03 19.64 20.51 21.17 21.90 21.53 19.64 17.30 15.04 13.87 15.55 16.28 17.52 18.03 20.37 18.32 18.47 19.35 19.35 19.71 18.40 18.25 17.37 18.76 20.29 19.27 18.25 17.37 16.94 15.77 13.58 13.36 14.97 16.06 19.42 18.18 19.20 17.89 17.89 18.83 20.08 19.49 18.25 18.25 18.18 17.52 14.75 12.48 19.78 30.88 43.58
35.04 35.04 33.43 34.02 30.37 28.69 34.24 39.06 42.56 41.90 42.12 40.73 43.00 39.64 37.52 35.84 34.38 31.76 30.30 30.30 31.24 30.88 29.93 27.96 27.30 27.08 27.08 26.65 25.04 24.53 23.43 21.83 18.98 18.03 19.64 20.51 21.17 21.90 21.53 19.64 17.30 15.04 13.87 15.55 16.28 17.52 18.03 20.37 18.32 18.47 19.35 19.35 19.71 18.40 18.25 17.37 18.76 20.29 19.27 18.25 17.37 16.94 15.77 13.58 13.36 14.97 16.06 19.42 18.18 19.20 17.89 17.89 18.83 20.08 19.49 18.25 18.25 18.18 17.52 14.75 12.48 19.78 30.88 43.58
29.20 29.20 32.34 36.65 32.92 21.17 8.18 22.70 36.87 41.10 42.49 35.70 34.75 31.03 28.76 29.13 27.96 26.65 28.11 28.62 29.35 28.98 28.84 27.74 25.62 25.04 25.04 24.67 23.73 22.19 20.81 19.13 16.94 14.60 15.62 17.74 19.49 19.27 17.52 16.64 16.86 15.55 14.60 14.75 15.40 16.35 17.23 14.75 13.65 12.63 12.63 12.63 12.26 13.80 13.72 14.02 15.62 18.03 18.32 17.16 15.84 16.72 14.45 12.63 12.92 12.85 15.48 17.45 19.49 20.37 21.32 21.68 21.10 21.17 21.46 18.40 18.40 15.18 11.46 0.00 0.00 0.00 0.00 0.00
31.76 31.76 34.24 36.65 30.22 19.71 13.43 20.51 26.28 30.37 29.71 26.79 27.38 25.11 25.04 24.45 20.51 18.91 22.56 27.67 28.25 27.01 26.43 25.77 23.94 22.78 22.78 23.29 21.90 20.66 20.59 20.08 18.47 15.70 14.82 15.91 17.81 17.59 17.23 16.43 14.31 14.97 14.09 12.56 11.97 14.24 9.05 9.27 10.15 12.48 14.16 14.16 13.94 11.61 13.51 15.33 15.70 17.08 18.69 18.76 18.54 17.16 14.89 11.75 9.05 6.86 10.44 9.86 11.39 15.84 16.35 15.40 16.86 19.05 18.18 17.37 17.37 16.79 14.67 0.00 0.00 0.00 0.00 0.00
28.69 28.69 28.47 32.63 34.67 33.00 35.77 36.87 33.29 33.36 25.70 22.92 21.97 21.90 20.66 23.07 25.26 22.85 21.17 21.24 24.53 25.92 24.82 25.11 26.06 24.60 24.60 23.14 21.68 22.63 22.27 21.90 21.90 20.81 19.42 19.35 19.27 19.56 18.47 15.99 14.82 14.02 13.65 12.85 11.39 7.88 6.86 7.81 7.30 8.83 10.15 10.15 11.10 12.34 14.82 15.04 13.43 13.94 15.11 16.72 15.77 12.78 11.17 9.20 7.01 8.69 9.13 7.59 10.59 11.61 13.65 16.86 16.57 17.96 16.57 16.28 16.28 16.57 16.21 14.02 13.21 0.00 0.00 0.00
28.69 28.69 28.47 32.63 34.67 33.00 35.77 36.87 33.29 33.36 25.70 22.92 21.97 21.90 20.66 23.07 25.26 22.85 21.17 21.24 24.53 25.92 24.82 25.11 26.06 24.60 24.60 23.14 21.68 22.63 22.27 21.90 21.90 20.81 19.42 19.35 19.27 19.56 18.47 15.99 14.82 14.02 13.65 12.85 11.39 7.88 6.86 7.81 7.30 8.83 10.15 10.15 11.10 12.34 14.82 15.04 13.43 13.94 15.11 16.72 15.77 12.78 11.17 9.20 7.01 8.69 9.13 7.59 10.59 11.61 13.65 16.86 16.57 17.96 16.57 16.28 16.28 16.57 16.21 14.02 13.21 0.00 0.00 0.00
33.29 33.29 34.75 37.08 36.79 32.34 33.65 40.88 35.62 33.80 29.71 21.97 16.35 12.63 18.69 21.24 23.00 19.42 14.60 18.61 23.00 26.35 27.01 26.57 27.16 25.92 25.92 23.58 22.41 21.24 0.00 0.00 0.00 0.00 0.00 22.63 22.34 22.78 22.27 17.01 11.68 11.68 15.11 15.33 8.25 9.64 10.37 11.97 11.90 10.37 11.97 11.97 12.85 12.56 13.58 13.94 13.58 13.07 12.41 12.85 13.51 11.90 7.23 4.38 4.82 8.18 11.02 12.85 14.24 15.77 17.52 15.77 15.11 15.18 13.58 13.07 13.07 13.36 12.92 11.68 9.34 0.00 0.00 0.00
34.53 34.53 34.89 37.81 36.28 30.22 27.59 27.67 29.05 21.02 15.40 14.67 15.84 19.78 23.29 22.56 19.35 15.84 14.02 17.16 22.78 27.59 28.03 28.11 27.67 24.24 24.24 20.88 0.00 0.00 0.00 0.00 0.00 0.00 16.28 17.74 19.71 19.78 20.08 18.83 14.75 11.39 13.29 6.42 8.25 11.24 13.14 11.02 12.48 15.40 16.35 16.35 15.77 14.24 12.99 12.99 14.75 12.12 10.95 11.61 12.34 12.41 8.54 5.18 0.00 0.00 0.00 0.73 3.87 5.77 9.05 11.75 9.56 7.59 7.08 6.28 6.28 5.84 6.50 4.67 4.82 0.00 0.00 0.00
25.19 25.19 30.08 34.16 30.51 31.46 16.94 15.04 13.51 12.12 11.24 13.87 16.86 23.80 20.22 17.96 14.60 11.17 16.21 22.05 23.94 25.19 24.75 26.79 25.04 20.95 20.95 20.08 20.51 21.97 21.32 19.78 18.54 17.81 15.33 16.43 17.89 20.88 21.24 19.71 17.59 14.02 12.63 9.05 11.24 13.87 18.32 16.57 13.51 13.94 14.24 14.24 13.58 12.34 12.12 10.15 11.39 12.34 13.72 11.61 11.83 13.51 10.80 7.74 0.00 0.00 0.00 0.00 0.00 0.00 0.00 0.00 0.00 1.46 0.00 0.00 0.00 0.00 0.00 0.00 0.00 0.00 0.00 0.00
25.19 25.19 30.08 34.16 30.51 31.46 16.94 15.04 13.51 12.12 11.24 13.87 16.86 23.80 20.22 17.96 14.60 11.17 16.21 22.05 23.94 25.19 24.75 26.79 25.04 20.95 20.95 20.08 20.51 21.97 21.32 19.78 18.54 17.81 15.33 16.43 17.89 20.88 21.24 19.71 17.59 14.02 12.63 9.05 11.24 13.87 18.32 16.57 13.51 13.94 14.24 14.24 13.58 12.34 12.12 10.15 11.39 12.34 13.72 11.61 11.83 13.51 10.80 7.74 0.00 0.00 0.00 0.00 0.00 0.00 0.00 0.00 0.00 1.46 0.00 0.00 0.00 0.00 0.00 0.00 0.00 0.00 0.00 0.00
24.16 24.16 29.42 27.16 22.56 22.63 17.89 15.77 13.87 14.67 13.58 13.72 17.74 20.88 22.05 17.67 16.13 16.79 20.37 25.55 26.21 24.60 22.56 0.00 0.00 0.00 0.00 0.00 21.10 23.14 23.29 21.46 18.91 18.98 19.20 20.29 20.59 17.96 18.18 17.52 0.00 0.00 15.99 14.60 13.51 14.53 14.38 14.38 13.72 10.88 11.75 11.75 12.26 8.69 5.77 2.92 6.86 5.48 1.02 0.00 0.00 0.00 0.00 0.22 0.00 0.00 0.00 0.00 0.00 0.00 0.00 0.00 0.00 0.00 0.00 0.00 0.00 0.00 2.04 0.00 0.00 0.00 0.00 0.00
29.05 29.05 26.06 23.14 19.71 21.68 24.82 26.43 27.38 28.98 29.86 27.59 26.06 25.55 19.35 14.60 11.61 8.83 0.00 0.00 0.00 0.00 0.00 0.00 0.00 0.00 0.00 0.00 0.00 0.00 11.10 11.46 10.80 10.22 10.00 0.00 0.00 0.00 0.00 0.00 0.00 17.81 14.82 15.40 15.48 15.70 13.29 12.26 10.51 9.64 9.93 9.93 10.66 6.42 0.00 3.80 6.57 4.02 0.00 0.00 0.00 0.00 0.00 0.00 0.00 0.00 0.00 0.00 0.00 0.00 0.00 0.00 0.00 0.00 0.00 0.00 0.00 0.00 0.00 0.00 0.00 0.00 0.00 0.00
25.11 25.11 19.42 15.55 18.61 22.78 24.89 27.59 26.57 27.45 27.74 24.53 22.63 14.16 0.00 0.00 0.00 0.00 0.00 0.00 0.00 0.00 0.00 0.00 0.00 0.00 0.00 0.00 0.00 0.00 0.00 0.00 0.00 0.00 0.00 0.00 0.00 0.00 0.00 0.00 19.86 18.69 16.35 15.55 15.99 17.01 16.06 12.41 11.68 9.42 7.37 7.37 6.79 0.95 0.00 0.88 4.67 2.12 2.56 1.83 0.00 0.00 0.00 0.00 0.00 0.00 0.00 0.00 0.00 0.00 0.00 0.00 0.00 0.00 0.00 0.00 0.00 0.00 0.00 0.00 0.00 0.00 0.00 0.00
26.35 26.35 24.31 17.81 17.23 15.18 13.94 14.38 13.65 13.07 0.00 0.00 0.00 0.00 0.00 0.00 0.00 0.00 0.00 0.00 0.00 0.00 0.00 0.00 0.00 0.00 0.00 0.00 0.00 0.00 0.00 0.00 0.00 0.00 0.00 0.00 0.00 0.00 0.00 21.17 22.12 21.17 19.13 18.76 16.72 16.13 16.28 14.53 13.07 9.78 9.05 9.05 9.71 4.82 0.00 0.07 2.04 5.62 7.52 7.52 7.30 2.77 0.00 0.00 0.00 0.00 0.00 0.00 0.00 0.00 0.00 0.00 0.00 0.00 0.00 0.00 0.00 0.00 0.00 0.00 0.00 0.00 0.00 0.00
26.35 26.35 24.31 17.81 17.23 15.18 13.94 14.38 13.65 13.07 0.00 0.00 0.00 0.00 0.00 0.00 0.00 0.00 0.00 0.00 0.00 0.00 0.00 0.00 0.00 0.00 0.00 0.00 0.00 0.00 0.00 0.00 0.00 0.00 0.00 0.00 0.00 0.00 0.00 21.17 22.12 21.17 19.13 18.76 16.72 16.13 16.28 14.53 13.07 9.78 9.05 9.05 9.71 4.82 0.00 0.07 2.04 5.62 7.52 7.52 7.30 2.77 0.00 0.00 0.00 0.00 0.00 0.00 0.00 0.00 0.00 0.00 0.00 0.00 0.00 0.00 0.00 0.00 0.00 0.00 0.00 0.00 0.00 0.00
21.02 21.02 11.32 12.26 9.71 3.14 0.00 0.00 0.00 0.00 0.00 0.00 0.00 0.00 0.00 0.00 0.00 0.00 0.00 0.00 0.00 0.00 0.00 0.00 0.00 0.00 0.00 0.00 0.00 0.00 0.00 0.00 0.00 0.00 0.00 0.00 0.00 0.00 0.00 20.88 20.29 19.93 19.35 18.76 18.54 18.40 18.25 15.62 13.21 11.53 11.10 11.10 10.73 5.40 0.00 0.00 4.45 9.78 4.45 0.00 2.77 3.43 0.00 0.00 0.00 0.00 0.00 0.00 0.00 0.00 0.00 0.00 0.00 0.00 0.00 0.00 0.00 0.00 0.00 0.00 0.00 0.00 0.00 0.00
28.54 28.54 6.35 3.21 0.00 0.00 0.00 0.00 0.00 0.00 0.00 0.00 0.00 0.00 0.00 0.00 0.00 0.00 0.00 0.00 0.00 0.00 0.00 0.00 0.00 0.00 0.00 0.00 0.00 0.00 0.00 0.00 0.00 0.00 0.00 0.00 0.00 0.00 23.51 23.65 22.27 19.05 18.47 17.37 16.28 17.08 18.10 17.45 15.11 13.43 12.78 12.78 12.99 7.96 6.06 5.91 3.87 2.92 0.37 0.00 7.30 13.36 0.00 0.00 0.00 0.00 0.00 0.00 0.00 0.00 0.00 0.00 0.00 0.00 0.00 0.00 0.00 0.00 0.00 0.00 0.00 0.00 0.00 0.00
0.95 0.95 0.44 0.00 0.00 0.00 0.00 0.00 0.00 0.00 0.00 0.00 0.00 0.00 0.00 0.00 0.00 0.00 0.00 0.00 0.00 0.00 0.00 0.00 0.00 0.00 0.00 0.00 0.00 0.00 0.00 0.00 0.00 0.00 0.00 0.00 0.00 22.63 24.02 23.80 20.95 20.29 19.71 19.56 20.22 20.66 20.51 20.15 18.47 17.08 10.37 10.37 7.52 9.05 10.59 11.68 11.53 8.98 9.13 9.93 8.54 0.00 0.00 0.00 0.00 0.00 0.00 0.00 0.00 0.00 0.00 0.00 0.00 0.00 0.00 0.00 0.00 0.00 0.00 0.00 0.00 0.00 0.00 0.00
0.00 0.00 0.00 0.00 0.00 0.00 0.00 0.00 0.00 0.00 0.00 0.00 0.00 0.00 0.00 0.00 0.00 0.00 0.00 0.00 0.00 0.00 0.00 0.00 0.00 0.00 0.00 0.00 0.00 0.00 0.00 0.00 0.00 0.00 0.00 0.00 0.00 23.00 22.63 22.92 22.56 21.97 20.81 20.88 20.66 20.88 18.25 15.33 11.32 5.55 0.00 0.00 0.00 0.58 6.86 11.90 15.55 18.03 20.00 19.93 18.61 0.00 0.00 0.00 0.00 0.00 0.00 0.00 0.00 0.00 0.00 0.00 0.00 0.00 0.00 0.00 0.00 0.00 0.00 0.00 0.00 0.00 0.00 0.00
0.00 0.00 0.00 0.00 0.00 0.00 0.00 0.00 0.00 0.00 0.00 0.00 0.00 0.00 0.00 0.00 0.00 0.00 0.00 0.00 0.00 0.00 0.00 0.00 0.00 0.00 0.00 0.00 0.00 0.00 0.00 0.00 0.00 0.00 0.00 0.00 18.98 19.93 20.81 18.10 17.45 17.37 14.82 13.72 12.78 9.20 5.62 2.70 0.44 0.00 0.00 0.00 1.83 7.01 11.46 14.38 15.99 16.28 19.42 20.51 0.00 0.00 0.00 0.00 0.00 0.00 0.00 0.00 0.00 0.00 0.00 0.00 0.00 0.00 0.00 0.00 0.00 0.00 0.00 0.00 0.00 0.00 0.00 0.00
0.00 0.00 0.00 0.00 0.00 0.00 0.00 0.00 0.00 0.00 0.00 0.00 0.00 0.00 0.00 0.00 0.00 0.00 0.00 0.00 0.00 0.00 0.00 0.00 0.00 0.00 0.00 0.00 0.00 0.00 0.00 0.00 0.00 0.00 0.00 0.00 18.98 19.93 20.81 18.10 17.45 17.37 14.82 13.72 12.78 9.20 5.62 2.70 0.44 0.00 0.00 0.00 1.83 7.01 11.46 14.38 15.99 16.28 19.42 20.51 0.00 0.00 0.00 0.00 0.00 0.00 0.00 0.00 0.00 0.00 0.00 0.00 0.00 0.00 0.00 0.00 0.00 0.00 0.00 0.00 0.00 0.00 0.00 0.00
0.00 0.00 0.00 0.00 0.00 0.00 0.00 0.00 0.00 0.00 0.00 0.00 0.00 0.00 0.00 0.00 0.00 0.00 0.00 0.00 0.00 0.00 0.00 0.00 0.00 0.00 0.00 0.00 0.00 0.00 0.00 0.00 0.00 0.00 0.00 15.18 16.06 19.05 18.69 18.47 16.79 17.37 15.33 11.90 7.52 3.50 3.29 9.64 10.66 11.61 11.83 11.83 12.99 20.44 25.77 24.82 21.90 21.61 20.51 21.68 5.91 0.00 0.00 0.00 0.00 0.00 0.00 0.00 0.00 0.00 0.00 0.00 0.00 0.00 0.00 0.00 0.00 0.00 0.00 0.00 0.00 0.00 0.00 0.00
0.00 0.00 0.00 0.00 0.00 0.00 0.00 0.00 0.00 0.00 0.00 0.00 0.00 0.00 0.00 0.00 0.00 0.00 0.00 0.00 0.00 0.00 0.00 0.00 0.00 0.00 0.00 0.00 0.00 0.00 0.00 0.00 0.00 0.00 0.00 20.15 21.46 23.00 23.51 22.12 22.70 23.87 24.02 24.82 21.97 25.92 25.99 25.70 25.26 23.87 18.69 18.69 17.37 20.73 22.34 22.70 22.63 23.14 24.31 11.53 12.19 0.00 0.00 0.00 0.00 0.00 0.00 0.00 0.00 0.00 0.00 0.00 0.00 0.00 0.00 0.00 0.00 0.00 0.00 0.00 0.00 0.00 0.00 0.00
0.00 0.00 0.00 0.00 0.00 0.00 0.00 0.00 0.00 0.00 0.00 0.00 0.00 0.00 0.00 0.00 0.00 0.00 0.00 0.00 0.00 0.00 0.00 0.00 0.00 0.00 0.00 0.00 0.00 0.00 0.00 0.00 0.00 0.00 21.53 22.70 23.36 25.40 27.23 27.52 27.08 29.42 32.70 32.63 32.12 31.03 30.95 29.71 27.59 24.60 20.66 20.66 20.73 23.73 24.16 24.24 24.16 24.82 26.50 21.61 19.86 0.00 0.00 0.00 15.84 0.00 0.00 0.00 12.12 9.86 0.00 0.00 0.00 0.00 0.00 0.00 0.00 0.00 0.00 0.00 0.00 0.00 0.00 0.00
0.00 0.00 0.00 0.00 0.00 0.00 0.00 0.00 0.00 0.00 0.00 0.00 0.00 0.00 0.00 0.00 0.00 0.00 0.00 0.00 0.00 0.00 0.00 0.00 0.00 0.00 0.00 0.00 0.00 0.00 0.00 0.00 0.00 22.41 22.92 25.77 27.01 29.86 30.00 27.08 27.89 31.61 35.41 32.27 27.59 28.91 31.10 29.35 27.89 28.98 29.27 29.27 30.88 30.15 29.93 29.13 28.76 28.03 29.57 20.37 0.00 15.04 0.00 0.00 17.37 11.68 9.78 8.25 6.79 5.69 7.52 7.52 7.23 7.52 0.00 0.00 0.00 0.00 0.00 0.00 0.00 0.00 0.00 0.00
0.00 0.00 0.00 0.00 0.00 0.00 0.00 0.00 0.00 0.00 0.00 0.00 0.00 0.00 0.00 0.00 0.00 0.00 0.00 0.00 0.00 0.00 0.00 0.00 0.00 0.00 0.00 0.00 0.00 0.00 0.00 0.00 0.00 26.21 28.18 28.54 30.08 31.76 27.67 18.25 17.81 17.59 17.16 23.14 23.43 21.24 22.70 23.87 23.00 25.99 30.81 30.81 32.49 32.63 34.97 34.89 31.97 30.59 0.00 0.00 0.00 9.64 9.86 12.05 10.15 5.99 4.53 5.55 6.13 4.89 3.80 5.40 0.00 4.67 3.65 0.00 0.00 0.00 0.00 0.00 0.00 0.00 0.00 0.00
0.00 0.00 0.00 0.00 0.00 0.00 0.00 0.00 0.00 0.00 0.00 0.00 0.00 0.00 0.00 0.00 0.00 0.00 0.00 0.00 0.00 0.00 0.00 0.00 0.00 0.00 0.00 0.00 0.00 0.00 0.00 0.00 0.00 26.21 28.18 28.54 30.08 31.76 27.67 18.25 17.81 17.59 17.16 23.14 23.43 21.24 22.70 23.87 23.00 25.99 30.81 30.81 32.49 32.63 34.97 34.89 31.97 30.59 0.00 0.00 0.00 9.64 9.86 12.05 10.15 5.99 4.53 5.55 6.13 4.89 3.80 5.40 0.00 4.67 3.65 0.00 0.00 0.00 0.00 0.00 0.00 0.00 0.00 0.00
0.00 0.00 0.00 0.00 0.00 0.00 0.00 0.00 0.00 0.00 0.00 0.00 0.00 0.00 0.00 0.00 0.00 0.00 0.00 0.00 0.00 0.00 0.00 0.00 0.00 0.00 0.00 0.00 0.00 0.00 0.00 0.00 24.82 26.57 26.94 26.43 28.84 29.05 24.89 19.93 19.56 22.41 22.12 23.94 26.06 22.85 21.90 24.38 24.89 24.02 24.45 24.45 26.06 30.00 35.19 35.92 33.14 29.93 0.00 0.00 0.00 0.00 0.00 0.00 0.00 0.00 0.00 0.00 2.56 3.94 5.26 0.00 0.00 0.00 0.00 0.00 0.00 0.00 0.00 0.00 0.00 0.00 0.00 0.00
0.00 0.00 0.00 0.00 0.00 0.00 0.00 0.00 0.00 0.00 0.00 0.00 0.00 0.00 0.00 0.00 0.00 0.00 0.00 0.00 0.00 0.00 0.00 0.00 0.00 0.00 0.00 0.00 0.00 0.00 0.00 0.00 17.16 18.91 18.10 23.00 29.86 31.32 28.76 26.35 24.60 26.94 30.00 30.22 29.42 27.96 27.52 25.84 25.11 26.28 26.43 26.43 27.23 30.81 34.53 36.06 33.87 0.00 0.00 0.00 0.00 0.00 0.00 0.00 0.00 0.00 0.00 0.00 0.00 0.00 0.00 0.00 0.00 0.00 0.00 0.00 0.00 0.00 0.00 0.00 0.00 0.00 0.00 0.00
0.00 0.00 0.00 0.00 0.00 0.00 0.00 0.00 0.00 0.00 0.00 0.00 0.00 0.00 0.00 0.00 0.00 0.00 0.00 0.00 0.00 0.00 0.00 0.00 0.00 0.00 0.00 0.00 0.00 0.00 0.00 12.41 13.58 15.26 14.16 13.36 17.37 19.35 17.01 17.81 20.29 17.30 22.85 28.62 30.44 30.81 30.30 29.86 26.06 25.77 30.30 30.30 32.12 32.05 33.73 36.87 34.02 0.00 0.00 0.00 0.00 0.00 0.00 0.00 0.00 0.00 0.00 0.00 0.00 0.00 0.00 0.00 0.00 0.00 0.00 0.00 0.00 0.00 0.00 0.00 0.00 0.00 0.00 0.00
0.00 0.00 0.00 0.00 0.00 0.00 0.00 0.00 0.00 0.00 0.00 0.00 0.00 0.00 0.00 0.00 0.00 0.00 0.00 0.00 0.00 0.00 0.00 0.00 0.00 0.00 0.00 0.00 0.00 0.00 4.09 3.94 6.94 5.91 6.20 7.66 8.03 5.99 4.67 5.77 7.30 9.20 15.11 24.75 30.30 33.73 33.73 32.27 28.76 24.75 27.74 27.74 31.54 32.34 33.22 36.06 32.85 0.00 0.00 0.00 0.00 0.00 0.00 0.00 0.00 0.00 0.00 0.00 0.00 0.00 0.00 0.00 0.00 0.00 0.00 0.00 0.00 0.00 0.00 0.00 0.00 0.00 0.00 0.00
0.00 0.00 0.00 0.00 0.00 0.00 0.00 0.00 0.00 0.00 0.00 0.00 0.00 0.00 0.00 0.00 0.00 0.00 0.00 0.00 0.00 0.00 0.00 0.00 0.00 0.00 0.00 0.00 0.00 0.00 0.00 0.66 0.00 0.00 0.00 0.00 2.04 5.55 5.40 5.40 7.81 11.39 16.79 22.19 21.90 21.02 26.35 27.74 25.84 25.70 26.65 26.65 23.87 19.35 15.99 13.72 0.00 0.00 0.00 0.00 0.00 0.00 0.00 0.00 0.00 0.00 0.00 0.00 0.00 0.00 0.00 0.00 0.00 0.00 0.00 0.00 0.00 0.00 0.00 0.00 0.00 0.00 0.00 0.00
0.00 0.00 0.00 0.00 0.00 0.00 0.00 0.00 0.00 0.00 0.00 0.00 0.00 0.00 0.00 0.00 0.00 0.00 0.00 0.00 0.00 0.00 0.00 0.00 0.00 0.00 0.00 0.00 0.00 0.00 0.00 0.00 0.00 0.00 0.00 0.00 0.00 0.00 0.00 0.00 2.92 5.69 8.32 6.72 6.42 9.27 14.67 14.16 8.91 8.25 7.15 7.15 4.38 0.00 0.00 0.00 0.00 0.00 0.00 0.00 0.00 0.00 0.00 0.00 0.00 0.00 0.00 0.00 0.00 0.00 0.00 0.00 0.00 0.00 0.00 0.00 0.00 0.00 0.00 0.00 0.00 0.00 0.00 0.00
0.00 0.00 0.00 0.00 0.00 0.00 0.00 0.00 0.00 0.00 0.00 0.00 0.00 0.00 0.00 0.00 0.00 0.00 0.00 0.00 0.00 0.00 0.00 0.00 0.00 0.00 0.00 0.00 0.00 0.00 0.00 0.00 0.00 0.00 0.00 0.00 0.00 0.00 0.00 0.00 2.92 5.69 8.32 6.72 6.42 9.27 14.67 14.16 8.91 8.25 7.15 7.15 4.38 0.00 0.00 0.00 0.00 0.00 0.00 0.00 0.00 0.00 0.00 0.00 0.00 0.00 0.00 0.00 0.00 0.00 0.00 0.00 0.00 0.00 0.00 0.00 0.00 0.00 0.00 0.00 0.00 0.00 0.00 0.00
0.00 0.00 0.00 0.00 0.00 0.00 0.00 0.00 0.00 0.00 0.00 0.00 0.00 0.00 0.00 0.00 0.00 0.00 0.00 0.00 0.00 0.00 0.00 0.00 0.00 0.00 0.00 0.00 0.00 0.00 0.00 0.00 0.00 0.00 0.00 0.00 0.00 0.00 0.00 0.00 0.00 0.00 0.00 0.00 0.00 0.00 0.00 0.00 0.00 0.00 0.00 0.00 0.00 0.00 0.00 4.02 0.00 0.00 0.00 0.00 0.00 0.00 0.00 0.00 0.00 0.00 0.00 0.00 0.00 0.00 0.00 0.00 0.00 0.00 0.00 0.00 0.00 0.00 0.00 0.00 0.00 0.00 0.00 0.00
