Wansh/Snow_depth/snowdepth-1984/spring/1984098.txt
ncols 321
nrows 161
xllcenter 60
yllcenter 15 
cellsize  0.25 
NODATA_value -1
[rows 0 to 36 of 161, columns 84 to 167 of 321]
25.55 24.89 23.51 25.11 22.85 15.40 12.34 11.10 17.16 4.53 5.84 6.13 2.41 0.00 3.14 3.65 6.86 10.59 10.59 15.18 17.81 13.72 6.64 3.58 2.04 2.77 0.00 0.00 0.00 3.72 6.64 7.66 8.83 7.37 7.52 8.25 13.07 14.53 17.96 20.81 23.00 18.61 10.95 10.95 7.74 0.00 0.00 0.00 0.00 0.00 13.21 11.02 10.00 10.80 14.31 17.16 13.51 14.53 0.00 0.00 0.00 0.00 0.00 0.00 0.00 0.00 0.00 0.00 0.00 0.00 0.00 0.00 0.00 0.00 0.00 0.00 10.51 14.97 16.86 14.82 11.24 8.83 8.83 9.56
24.75 24.45 22.27 18.98 18.25 16.72 18.25 15.48 0.80 4.74 4.02 1.83 1.39 0.88 0.44 5.84 12.34 15.77 15.77 18.69 22.34 25.84 22.70 12.70 7.23 5.18 4.67 3.29 3.80 3.50 4.60 7.74 9.05 7.96 6.13 3.72 0.00 2.34 7.15 7.96 11.32 9.42 7.88 7.88 5.55 0.00 0.00 0.00 0.00 0.00 0.00 0.00 6.13 7.45 6.72 0.00 0.00 0.00 0.00 0.00 0.00 5.77 0.00 0.00 0.00 0.00 0.00 0.00 0.00 0.00 0.00 0.00 15.84 14.02 13.43 14.53 14.45 14.97 15.04 13.65 12.12 12.92 10.59 10.59
25.19 25.11 20.59 19.35 17.23 18.98 18.25 17.96 0.00 4.53 6.57 9.86 7.52 5.77 2.19 2.92 7.45 10.66 10.66 9.64 11.39 17.16 22.92 20.08 11.83 7.23 5.40 5.18 5.99 5.99 4.09 4.60 6.20 5.33 5.55 6.72 6.06 8.98 17.81 23.51 24.97 24.09 24.16 24.16 23.07 19.13 12.70 5.33 3.87 0.00 0.00 0.00 3.72 5.62 8.47 8.54 11.46 13.94 13.51 9.78 10.44 10.66 9.49 7.96 7.52 9.05 9.64 11.24 11.24 11.17 10.29 11.83 14.75 16.28 18.10 19.64 20.44 20.29 20.88 20.08 21.83 23.51 22.78 19.64
25.19 25.11 20.59 19.35 17.23 18.98 18.25 17.96 0.00 4.53 6.57 9.86 7.52 5.77 2.19 2.92 7.45 10.66 10.66 9.64 11.39 17.16 22.92 20.08 11.83 7.23 5.40 5.18 5.99 5.99 4.09 4.60 6.20 5.33 5.55 6.72 6.06 8.98 17.81 23.51 24.97 24.09 24.16 24.16 23.07 19.13 12.70 5.33 3.87 0.00 0.00 0.00 3.72 5.62 8.47 8.54 11.46 13.94 13.51 9.78 10.44 10.66 9.49 7.96 7.52 9.05 9.64 11.24 11.24 11.17 10.29 11.83 14.75 16.28 18.10 19.64 20.44 20.29 20.88 20.08 21.83 23.51 22.78 19.64
19.71 18.98 14.89 18.25 20.37 20.81 20.88 0.00 7.37 13.14 14.89 17.37 16.86 14.38 10.73 7.59 4.89 4.45 4.45 4.45 5.40 11.10 16.50 21.02 17.45 12.26 6.50 6.57 7.88 7.30 5.77 6.28 6.86 7.96 8.25 9.49 10.59 12.78 15.40 16.50 17.16 16.72 19.93 19.93 23.73 27.23 25.11 17.81 10.66 6.94 5.04 5.26 3.94 2.41 5.62 5.62 7.96 11.32 14.31 14.24 13.58 14.67 13.58 12.63 13.43 14.67 14.82 14.82 14.82 13.94 12.92 11.10 12.92 15.99 19.71 22.34 24.97 23.36 21.10 19.64 19.93 22.48 24.60 21.46
16.13 16.43 17.81 16.13 13.51 9.42 0.00 0.00 0.00 9.05 12.56 18.91 19.64 17.01 15.55 17.16 19.78 10.44 10.44 6.86 6.06 7.23 9.64 12.85 14.53 13.43 9.42 6.94 7.96 6.50 5.91 7.01 8.54 10.66 11.61 8.32 5.84 5.18 3.07 1.24 0.00 3.29 6.28 6.28 8.69 15.04 21.83 22.56 17.01 9.05 5.18 0.00 0.00 0.00 0.00 3.87 4.89 7.66 9.86 12.85 13.65 17.16 19.35 20.51 19.35 17.96 15.40 14.45 14.45 13.29 13.58 14.38 13.29 11.24 8.40 8.25 12.05 13.65 15.04 16.57 17.52 18.69 19.05 21.61
21.24 19.27 15.18 9.56 6.35 4.60 0.00 0.00 0.00 3.87 5.04 9.49 14.16 13.07 7.96 5.55 10.07 15.26 15.26 17.45 15.77 8.61 6.42 11.53 12.92 11.46 8.25 0.00 0.00 5.84 5.77 5.91 8.61 10.07 10.22 7.88 0.00 0.00 0.00 0.00 0.00 0.00 0.73 0.73 4.60 12.85 19.49 22.19 16.94 8.40 0.00 6.35 5.04 0.00 7.30 8.76 9.42 14.67 12.12 12.56 16.13 20.95 25.55 24.02 22.41 21.10 17.81 15.84 15.84 14.67 15.99 17.16 16.28 15.04 12.78 12.63 11.39 8.76 6.86 8.40 16.06 19.49 19.64 23.36
21.24 19.27 15.18 9.56 6.35 4.60 0.00 0.00 0.00 3.87 5.04 9.49 14.16 13.07 7.96 5.55 10.07 15.26 15.26 17.45 15.77 8.61 6.42 11.53 12.92 11.46 8.25 0.00 0.00 5.84 5.77 5.91 8.61 10.07 10.22 7.88 0.00 0.00 0.00 0.00 0.00 0.00 0.73 0.73 4.60 12.85 19.49 22.19 16.94 8.40 0.00 6.35 5.04 0.00 7.30 8.76 9.42 14.67 12.12 12.56 16.13 20.95 25.55 24.02 22.41 21.10 17.81 15.84 15.84 14.67 15.99 17.16 16.28 15.04 12.78 12.63 11.39 8.76 6.86 8.40 16.06 19.49 19.64 23.36
20.81 20.08 16.43 15.33 9.64 0.00 0.00 0.00 0.00 0.00 0.00 5.33 8.47 10.37 9.13 4.74 0.00 0.00 0.00 7.52 15.26 16.79 13.58 12.26 10.80 9.34 8.61 0.00 0.00 0.00 7.30 7.88 8.69 9.20 7.74 0.00 0.00 0.00 0.00 0.00 0.00 0.00 0.00 0.00 0.00 12.05 13.58 12.05 9.56 6.35 5.26 4.23 2.92 6.06 7.59 8.54 10.29 13.14 13.72 13.65 15.40 19.20 20.44 20.88 20.08 21.53 21.24 19.42 19.42 18.10 18.18 18.18 16.86 16.72 16.72 15.55 12.92 10.80 10.22 9.78 10.59 12.41 14.53 18.61
9.56 13.80 15.04 15.18 10.80 0.00 0.00 0.00 0.00 0.00 0.00 0.00 0.00 0.00 0.00 0.00 0.00 0.00 0.00 7.23 12.99 17.23 13.58 10.73 9.05 9.05 9.71 9.27 8.32 7.88 7.74 7.96 8.32 12.19 7.59 0.00 0.00 0.00 0.00 6.28 5.69 5.04 4.53 4.53 0.00 0.00 4.38 4.09 7.45 9.78 12.70 5.77 9.49 8.03 9.05 9.56 9.34 8.76 9.64 10.51 10.66 11.68 11.61 14.67 15.99 17.16 14.31 14.45 14.45 14.45 15.99 18.18 16.72 13.94 12.26 13.80 16.21 18.10 16.28 12.63 10.07 9.56 9.64 10.88
5.69 7.30 6.72 5.11 0.00 0.00 0.00 0.00 0.00 0.00 0.00 0.00 0.00 0.00 0.00 0.00 0.00 0.00 0.00 13.51 19.20 15.04 11.68 8.83 7.81 9.20 9.86 8.69 8.69 7.88 7.81 8.03 8.25 8.47 7.30 6.79 8.47 8.98 7.15 5.99 6.20 6.35 7.74 7.74 7.96 6.64 7.74 9.20 10.88 9.05 10.37 14.02 13.58 9.56 11.39 13.07 14.38 14.38 11.10 11.61 13.87 13.36 12.12 12.41 14.16 15.18 19.78 20.08 20.08 18.32 16.50 16.57 18.32 14.60 9.78 15.11 18.61 19.20 15.99 12.41 11.17 11.39 9.71 8.47
5.69 7.30 6.72 5.11 0.00 0.00 0.00 0.00 0.00 0.00 0.00 0.00 0.00 0.00 0.00 0.00 0.00 0.00 0.00 13.51 19.20 15.04 11.68 8.83 7.81 9.20 9.86 8.69 8.69 7.88 7.81 8.03 8.25 8.47 7.30 6.79 8.47 8.98 7.15 5.99 6.20 6.35 7.74 7.74 7.96 6.64 7.74 9.20 10.88 9.05 10.37 14.02 13.58 9.56 11.39 13.07 14.38 14.38 11.10 11.61 13.87 13.36 12.12 12.41 14.16 15.18 19.78 20.08 20.08 18.32 16.50 16.57 18.32 14.60 9.78 15.11 18.61 19.20 15.99 12.41 11.17 11.39 9.71 8.47
4.96 2.85 2.12 0.00 0.00 0.00 0.00 0.00 0.00 0.00 0.00 0.00 0.00 1.83 1.31 3.14 8.10 15.26 15.26 22.56 26.50 15.91 7.88 9.20 8.32 8.83 7.01 6.06 5.18 5.48 4.96 4.96 6.13 7.81 7.08 9.86 12.19 7.81 8.25 9.42 10.59 11.68 11.17 11.17 8.10 5.33 5.40 8.18 6.86 7.15 18.18 16.57 13.58 11.24 13.80 19.93 21.46 24.82 17.52 15.26 15.70 13.36 11.68 12.26 13.94 15.55 17.96 20.81 20.81 21.75 19.93 19.49 17.67 15.55 14.89 17.96 20.73 21.10 18.18 14.53 15.84 15.48 16.50 14.02
0.00 0.00 0.00 0.00 0.00 0.00 0.00 0.00 0.00 6.06 5.91 7.30 12.85 15.11 15.84 16.21 18.32 20.66 20.66 18.40 12.78 10.80 9.42 9.93 8.61 7.45 7.45 7.88 8.91 10.00 11.61 13.36 14.89 13.29 14.02 17.81 19.64 16.35 13.51 12.92 12.19 9.27 7.59 7.59 7.01 9.71 11.39 12.34 10.51 12.34 13.07 12.63 10.29 10.37 10.00 13.29 16.72 16.72 15.70 15.04 15.55 15.77 15.84 16.21 15.55 16.50 19.56 19.78 19.78 21.83 22.34 23.00 22.34 20.15 17.67 18.54 20.29 21.68 20.00 18.98 16.06 12.34 13.14 12.41
0.00 0.00 2.77 4.38 0.00 7.37 7.88 7.30 8.40 10.51 9.71 11.75 16.57 22.92 19.20 17.59 11.39 12.05 12.05 9.42 9.20 9.56 11.17 10.29 8.40 7.88 10.29 12.78 14.16 16.86 21.97 24.16 21.32 16.28 15.84 14.82 12.41 8.47 6.50 5.48 5.48 4.53 3.94 3.94 2.63 3.21 3.50 6.79 9.86 7.88 6.35 4.09 1.97 0.00 1.90 7.59 15.40 12.99 8.40 9.49 12.92 15.48 17.37 19.27 19.78 18.40 17.30 17.81 17.81 21.83 22.63 20.81 16.79 13.94 14.24 15.11 7.37 0.00 4.67 9.78 10.80 8.32 7.88 9.86
0.00 2.77 5.62 10.29 9.93 7.52 7.15 8.32 9.13 10.88 11.17 11.83 11.39 9.64 10.00 11.24 11.24 11.24 11.24 9.27 7.66 11.53 14.09 14.24 13.21 10.51 9.42 14.53 17.96 20.22 22.85 24.24 15.84 10.95 8.83 4.53 2.19 2.41 2.48 2.56 1.75 1.10 4.09 4.09 5.91 8.69 6.50 3.58 9.49 10.88 7.01 5.91 4.38 6.06 7.45 11.17 15.62 15.70 9.56 6.50 6.28 5.91 6.57 9.34 13.72 17.81 17.52 18.10 18.10 18.91 22.34 18.98 8.83 1.17 5.55 11.10 5.77 0.00 0.00 8.83 10.80 7.30 10.44 13.58
0.00 2.77 5.62 10.29 9.93 7.52 7.15 8.32 9.13 10.88 11.17 11.83 11.39 9.64 10.00 11.24 11.24 11.24 11.24 9.27 7.66 11.53 14.09 14.24 13.21 10.51 9.42 14.53 17.96 20.22 22.85 24.24 15.84 10.95 8.83 4.53 2.19 2.41 2.48 2.56 1.75 1.10 4.09 4.09 5.91 8.69 6.50 3.58 9.49 10.88 7.01 5.91 4.38 6.06 7.45 11.17 15.62 15.70 9.56 6.50 6.28 5.91 6.57 9.34 13.72 17.81 17.52 18.10 18.10 18.91 22.34 18.98 8.83 1.17 5.55 11.10 5.77 0.00 0.00 8.83 10.80 7.30 10.44 13.58
0.00 1.61 12.19 7.59 11.97 10.07 6.42 7.15 8.47 10.66 11.61 11.97 11.32 7.88 6.86 11.32 12.12 10.37 10.37 9.49 7.59 8.32 10.15 13.43 15.33 12.70 8.10 8.83 11.68 16.28 19.78 20.29 19.71 15.91 9.34 2.85 1.83 2.99 4.45 7.88 13.65 15.70 16.50 16.50 18.32 18.98 17.45 16.79 16.13 15.77 15.33 15.40 15.04 14.45 17.59 14.60 8.32 6.94 8.32 10.22 11.39 10.95 8.03 8.25 11.53 13.07 16.13 20.37 20.37 24.09 20.59 8.32 0.73 3.72 10.22 12.78 0.00 0.00 0.00 4.38 2.99 3.87 6.50 13.21
10.66 13.72 18.47 21.53 24.16 18.18 10.15 9.86 9.20 10.80 12.92 15.84 19.35 18.54 13.51 15.40 17.30 9.86 9.86 11.53 9.27 7.01 6.50 10.37 14.53 14.60 10.59 10.00 12.78 15.84 19.86 24.02 27.38 23.73 14.75 9.78 9.34 8.98 11.32 13.94 18.83 20.37 20.59 20.59 22.92 21.32 12.85 13.65 14.60 16.13 19.49 20.81 22.85 19.20 19.42 17.59 13.94 11.53 13.21 18.10 21.02 19.42 14.38 11.02 11.61 13.80 16.57 24.02 24.02 26.79 21.24 8.10 4.02 10.22 11.68 5.69 0.80 0.00 0.00 0.15 1.10 2.48 3.50 10.07
5.77 5.99 11.68 17.30 27.16 28.84 21.68 14.53 13.36 15.91 14.67 13.51 16.13 16.28 15.04 16.06 17.74 20.66 20.66 21.68 17.52 10.73 6.86 9.20 14.60 17.23 18.25 18.32 18.91 19.20 24.02 26.43 26.43 26.28 27.08 19.13 10.59 7.52 7.15 7.15 11.24 22.48 27.96 27.96 30.51 26.43 12.41 12.05 16.64 18.98 20.22 20.37 20.73 20.66 21.17 20.81 19.42 18.03 18.10 21.61 25.19 25.70 16.64 11.75 12.85 16.57 24.24 24.24 24.24 19.49 12.05 4.67 1.97 2.12 0.66 0.00 0.00 0.00 0.00 0.73 0.95 2.04 3.65 5.40
0.00 4.82 6.86 7.88 10.51 11.61 19.35 18.10 19.13 20.08 20.73 20.15 20.29 17.45 14.16 15.04 16.13 18.69 18.69 18.69 18.03 16.64 13.80 13.51 15.62 19.93 20.08 16.13 11.61 12.92 19.20 25.33 26.43 21.17 13.21 7.59 5.40 4.74 5.48 5.99 7.01 13.43 22.70 22.70 32.19 26.94 20.66 21.24 20.15 22.41 21.61 22.85 21.53 20.37 20.44 19.71 18.47 18.10 16.06 15.91 16.50 15.77 14.60 14.67 17.01 18.98 18.25 15.33 15.33 7.66 1.75 0.07 0.00 0.73 0.00 0.44 0.00 1.61 4.45 2.04 1.02 3.87 5.91 7.88
0.00 5.91 8.40 6.28 0.00 3.65 11.24 19.42 23.29 24.82 29.64 37.01 36.87 29.86 20.95 16.86 17.96 19.86 19.86 19.64 21.83 21.39 21.97 24.02 25.77 25.26 24.38 19.56 14.24 9.20 7.59 11.24 15.62 15.55 8.61 2.56 2.04 0.00 7.96 15.04 14.67 6.20 12.19 12.19 18.83 15.18 15.62 15.99 14.75 14.31 18.03 22.70 24.60 24.16 24.82 21.17 19.27 18.76 18.69 17.08 13.65 12.48 11.68 11.32 12.99 11.61 8.69 4.89 4.89 1.90 1.17 1.53 0.00 0.51 0.00 0.00 1.68 2.04 1.53 1.17 5.62 4.96 3.29 5.77
0.00 5.91 8.40 6.28 0.00 3.65 11.24 19.42 23.29 24.82 29.64 37.01 36.87 29.86 20.95 16.86 17.96 19.86 19.86 19.64 21.83 21.39 21.97 24.02 25.77 25.26 24.38 19.56 14.24 9.20 7.59 11.24 15.62 15.55 8.61 2.56 2.04 0.00 7.96 15.04 14.67 6.20 12.19 12.19 18.83 15.18 15.62 15.99 14.75 14.31 18.03 22.70 24.60 24.16 24.82 21.17 19.27 18.76 18.69 17.08 13.65 12.48 11.68 11.32 12.99 11.61 8.69 4.89 4.89 1.90 1.17 1.53 0.00 0.51 0.00 0.00 1.68 2.04 1.53 1.17 5.62 4.96 3.29 5.77
0.00 3.58 7.88 15.18 13.36 12.70 16.21 16.28 15.77 16.13 19.56 23.58 26.72 31.68 30.51 24.67 21.32 19.13 19.13 20.59 23.51 24.16 23.14 25.84 30.44 29.93 27.74 24.67 19.27 13.65 9.71 7.81 6.64 6.20 0.00 2.56 0.37 0.00 0.00 8.69 11.24 7.15 4.45 4.45 2.92 0.00 5.62 14.38 15.70 15.91 13.80 13.72 19.42 22.27 22.78 22.92 21.24 20.37 20.15 19.05 17.30 15.70 16.06 15.77 13.07 8.76 5.55 6.35 6.35 8.40 8.25 3.43 0.00 0.00 0.95 1.90 0.00 3.29 0.00 0.00 4.38 3.36 3.29 3.58
4.02 5.62 8.32 13.65 18.10 22.70 28.18 26.72 18.25 17.52 13.29 12.92 16.06 21.24 24.16 23.94 19.86 19.49 19.49 18.91 21.97 24.97 23.87 24.13 24.72 26.62 22.78 21.46 17.30 10.51 8.91 7.01 4.60 0.00 0.00 0.00 0.00 3.58 3.65 0.00 2.26 2.56 0.00 0.00 0.00 0.00 1.97 5.11 10.95 14.31 15.84 10.66 4.16 7.01 7.66 10.59 14.45 19.86 24.09 24.38 22.63 18.76 19.56 24.24 23.29 14.82 7.81 12.78 12.78 18.61 16.13 7.23 5.69 4.60 1.97 2.12 2.04 1.46 0.00 1.90 2.63 3.58 2.63 2.70
11.75 16.94 17.16 23.87 24.89 28.40 29.86 23.51 9.56 6.35 10.00 18.69 23.36 19.13 20.44 22.85 25.04 27.45 27.45 29.27 29.64 30.88 30.37 28.74 29.72 26.00 25.61 27.92 27.67 20.22 10.88 8.18 6.79 4.31 0.00 0.00 3.72 3.21 5.48 4.82 0.00 4.82 2.19 2.19 0.00 0.00 0.00 1.31 0.00 0.00 0.00 0.00 0.00 0.00 0.00 4.16 11.61 23.80 28.76 26.28 18.98 18.32 21.17 22.34 22.63 20.29 16.43 14.09 14.09 14.53 12.70 7.52 5.69 0.00 2.41 2.41 2.12 1.53 5.62 2.99 1.90 2.19 1.90 0.95
11.17 6.79 6.94 9.93 8.40 9.71 9.93 6.20 0.00 0.00 0.00 0.00 0.00 6.79 16.06 21.90 25.33 26.28 26.28 23.65 27.67 26.46 27.62 28.52 26.33 26.48 27.19 26.77 26.42 20.19 14.02 14.02 10.00 5.48 4.23 5.99 7.66 5.40 6.86 5.18 4.23 0.00 0.00 0.00 0.00 0.00 0.00 0.00 0.00 0.00 0.00 0.00 0.00 0.00 0.00 2.12 4.53 11.02 18.76 22.92 21.97 17.30 16.43 14.67 12.70 19.93 22.12 18.03 18.03 14.60 11.02 7.01 5.77 5.55 9.20 9.93 7.15 3.29 4.82 4.74 1.68 3.14 2.04 2.56
6.13 7.96 6.86 0.00 0.00 0.00 0.00 0.00 2.77 0.00 0.00 0.00 0.00 0.00 5.33 5.84 4.16 4.38 4.38 0.00 2.51 6.45 13.09 18.98 19.94 22.12 26.11 28.49 30.30 25.88 22.38 22.48 19.56 11.90 12.19 10.15 5.77 7.88 7.30 0.00 0.00 0.00 0.00 0.00 0.00 0.00 0.00 0.00 0.00 0.00 0.00 0.00 0.00 0.00 0.00 0.00 0.00 0.00 8.54 19.35 24.02 23.73 23.43 14.60 12.26 22.12 25.11 23.43 23.43 21.02 18.03 14.60 11.32 12.26 13.58 11.02 8.54 1.10 4.74 3.50 2.70 3.65 3.94 3.58
6.13 7.96 6.86 0.00 0.00 0.00 0.00 0.00 2.77 0.00 0.00 0.00 0.00 0.00 5.33 5.84 4.16 4.38 4.40 0.00 2.55 6.90 12.77 19.47 19.64 22.12 25.33 26.47 28.32 26.28 22.60 23.42 21.98 12.59 12.50 10.15 5.77 7.88 7.30 0.00 0.00 0.00 0.00 0.00 0.00 0.00 0.00 0.00 0.00 0.00 0.00 0.00 0.00 0.00 0.00 0.00 0.00 0.00 8.54 19.35 24.02 23.73 23.43 14.60 12.26 22.12 25.11 23.43 23.43 21.02 18.03 14.60 11.32 12.26 13.58 11.02 8.54 1.10 4.74 3.50 2.70 3.65 3.94 3.58
4.96 6.64 5.84 0.00 0.00 0.00 0.00 0.00 0.00 0.00 0.00 0.00 0.00 0.00 0.00 0.00 0.00 0.00 0.00 0.00 0.00 0.00 0.00 0.00 7.04 13.64 18.07 18.19 22.85 28.32 25.14 22.77 26.82 27.49 19.42 15.51 9.66 8.03 9.05 9.49 4.16 4.38 3.07 3.07 0.00 0.00 0.00 0.00 0.00 0.00 0.00 0.00 0.00 0.00 0.00 0.00 0.00 0.00 2.77 10.07 18.40 20.22 21.32 24.75 23.07 22.70 24.38 22.63 22.63 17.81 15.77 10.88 6.79 10.80 12.48 8.91 6.79 3.58 4.53 3.43 2.85 2.63 1.97 0.00
9.42 9.49 6.72 2.85 2.92 0.00 0.00 0.00 0.00 0.00 0.00 5.69 5.62 0.80 0.00 0.00 0.00 0.00 0.00 0.00 0.00 0.00 0.00 0.00 0.00 0.00 0.00 0.00 2.46 7.67 12.34 11.39 15.91 25.17 30.59 25.96 16.97 11.59 10.29 17.81 8.91 7.88 0.00 0.00 0.00 0.00 2.34 2.04 0.00 0.00 0.00 0.00 0.00 0.00 0.00 0.00 0.00 0.00 0.00 0.44 3.43 8.25 19.64 26.35 25.99 20.95 19.13 18.40 18.40 13.36 12.99 10.44 9.86 12.92 12.92 11.53 4.89 4.53 2.34 3.07 1.46 0.00 0.88 0.00
12.85 16.50 11.24 10.22 11.61 11.75 8.91 8.25 8.40 5.55 3.65 3.07 2.85 2.19 5.18 10.80 13.87 11.17 11.17 5.26 2.77 0.00 2.19 2.12 0.00 0.00 0.00 0.00 0.00 0.00 4.67 7.74 15.18 18.32 20.13 23.48 26.07 20.66 28.76 32.12 20.73 10.37 6.72 6.72 0.00 0.00 0.00 0.00 2.04 0.00 0.00 0.00 0.00 0.00 0.00 0.00 0.00 0.00 0.00 0.00 0.00 0.00 17.08 22.12 19.49 16.13 15.62 16.28 16.28 12.85 6.42 6.35 7.23 8.10 7.81 8.61 8.98 10.80 8.61 7.74 7.81 5.91 3.58 0.00
0.00 0.00 0.00 0.00 3.87 7.59 6.79 8.03 9.34 8.98 6.57 3.65 4.23 7.01 12.05 14.24 12.70 11.32 11.32 10.07 5.91 2.48 2.70 1.90 0.00 0.00 0.00 0.00 0.00 0.00 0.00 2.63 4.31 8.18 11.02 20.88 24.98 27.23 27.49 26.10 22.19 13.51 8.83 8.83 9.05 9.78 9.20 4.74 0.00 1.02 0.00 0.00 0.37 0.00 0.00 0.00 0.00 2.19 1.10 0.00 0.00 5.04 10.73 12.85 12.12 11.39 16.35 15.70 15.70 14.75 12.78 9.78 6.20 3.94 0.00 12.26 13.80 15.26 12.34 10.66 14.38 12.78 9.64 7.08
0.00 0.00 0.00 0.00 0.00 0.00 0.00 0.00 0.00 0.00 0.00 1.10 7.37 15.48 9.13 7.96 5.48 4.31 4.31 3.29 2.56 2.12 0.00 0.00 0.00 0.00 0.00 0.00 0.00 0.00 0.00 0.00 0.00 0.00 4.31 20.81 23.80 13.80 21.49 21.49 18.56 18.54 15.11 15.11 14.45 11.10 7.81 6.72 0.00 7.59 10.73 9.42 4.38 1.24 0.00 0.00 0.00 4.60 8.54 8.40 5.33 4.60 4.45 0.00 3.80 7.30 13.29 6.57 6.57 7.01 17.96 25.11 13.72 9.71 13.29 15.48 20.00 21.02 12.05 10.51 12.78 11.17 9.64 8.91
0.00 0.00 7.96 0.00 0.00 0.00 0.00 0.00 0.00 0.00 0.00 3.21 10.80 11.24 4.02 0.00 0.00 0.00 0.00 0.00 2.19 0.00 0.00 0.00 0.00 0.00 0.00 0.00 0.00 0.00 0.00 0.00 2.63 0.00 1.10 2.85 4.60 3.76 8.10 12.99 13.49 18.83 18.25 18.25 16.57 14.89 12.99 12.05 8.69 9.20 13.43 7.74 3.72 4.96 3.94 0.00 0.00 0.00 7.23 9.05 7.23 6.35 6.20 6.86 5.04 6.94 8.61 3.87 3.87 0.00 8.32 13.94 8.98 10.15 7.81 13.65 14.53 11.32 8.61 9.34 13.21 13.14 10.88 9.27
0.00 0.00 7.96 0.00 0.00 0.00 0.00 0.00 0.00 0.00 0.00 3.21 10.80 11.24 4.02 0.00 0.00 0.00 0.00 0.00 2.19 0.00 0.00 0.00 0.00 0.00 0.00 0.00 0.00 0.00 0.00 0.00 2.56 0.00 1.10 2.86 4.60 3.74 8.18 12.99 13.36 18.83 18.25 18.25 16.57 14.89 12.99 12.05 8.69 9.20 13.43 7.74 3.72 4.96 3.94 0.00 0.00 0.00 7.23 9.05 7.23 6.35 6.20 6.86 5.04 6.94 8.61 3.87 3.87 0.00 8.32 13.94 8.98 10.15 7.81 13.65 14.53 11.32 8.61 9.34 13.21 13.14 10.88 9.27
0.00 0.00 8.98 0.00 0.00 0.00 0.00 0.00 0.00 0.00 0.00 3.21 5.04 4.82 3.65 2.19 0.00 0.00 0.00 0.00 0.00 0.00 0.00 0.00 0.00 0.00 0.00 0.00 0.00 0.00 0.00 0.00 2.19 0.00 0.00 0.00 0.00 0.00 3.08 4.96 3.87 4.67 7.52 7.52 10.22 12.92 15.62 17.08 16.79 13.14 9.13 4.82 1.83 1.46 0.00 0.00 0.00 0.00 0.00 0.00 7.59 7.30 6.86 7.81 5.55 4.09 2.70 0.00 0.00 0.00 0.00 0.00 0.00 1.39 3.94 4.89 3.14 0.00 4.53 5.48 8.10 10.07 8.25 7.66
