Wansh/Snow_depth/snowdepth-1984/spring/1984071.txt
ncols 321
nrows 161
xllcenter 60
yllcenter 15 
cellsize  0.25 
NODATA_value -1
[rows 0 to 36 of 161, columns 0 to 83 of 321]
19.27 19.27 26.35 28.62 29.64 30.08 35.11 35.84 33.22 32.27 30.66 30.00 30.00 30.08 30.51 30.22 29.93 30.30 28.69 27.67 28.32 27.16 26.35 25.84 24.75 23.73 23.73 24.45 23.65 23.29 24.16 25.77 22.92 23.80 23.21 22.19 21.97 24.24 25.55 26.50 27.45 27.74 26.13 26.43 27.59 28.69 28.69 26.86 28.11 27.59 26.50 26.50 25.99 25.77 26.79 28.40 29.57 29.35 28.76 29.20 30.66 30.37 29.86 30.51 31.54 31.32 29.49 33.51 22.34 21.97 0.00 0.00 22.27 21.90 23.80 25.77 25.77 26.06 26.43 24.97 24.75 24.60 23.94 25.77
26.35 26.35 27.38 28.47 31.39 35.26 33.87 33.51 32.92 32.78 31.61 30.37 29.35 28.62 26.94 25.92 25.48 25.77 25.92 25.40 24.82 24.09 21.83 19.78 20.44 20.66 20.66 18.54 17.52 18.25 21.39 15.62 14.67 15.18 17.16 18.10 19.27 20.22 21.17 20.81 20.66 20.08 19.56 20.88 21.53 21.24 22.34 23.43 24.24 24.82 24.09 24.09 23.73 23.21 23.51 24.24 26.13 27.08 25.33 24.09 24.09 24.31 23.58 23.14 25.04 23.65 24.16 0.00 0.00 0.00 0.00 0.00 20.15 19.86 21.68 23.14 23.14 24.02 24.75 25.55 26.57 26.06 24.38 23.87
25.48 25.48 24.97 28.98 32.63 33.00 31.24 29.05 26.13 25.19 26.72 24.75 22.85 23.51 22.56 20.95 19.86 19.71 19.13 18.54 18.10 18.03 16.43 15.40 14.02 13.87 13.87 13.51 13.07 13.21 12.78 11.02 10.44 10.73 15.40 16.64 18.91 18.18 16.50 15.55 15.70 13.14 12.56 14.82 18.25 19.93 21.75 21.75 21.39 20.44 19.35 19.35 17.96 17.08 17.16 17.01 17.67 18.61 18.47 17.67 18.47 19.93 20.59 18.76 17.81 18.47 18.61 17.16 16.94 0.00 0.00 17.45 19.93 20.81 21.24 21.75 21.75 21.90 22.34 22.19 21.75 21.53 20.29 21.24
25.48 25.48 24.97 28.98 32.63 33.00 31.24 29.05 26.13 25.19 26.72 24.75 22.85 23.51 22.56 20.95 19.86 19.71 19.13 18.54 18.10 18.03 16.43 15.40 14.02 13.87 13.87 13.51 13.07 13.21 12.78 11.02 10.44 10.73 15.40 16.64 18.91 18.18 16.50 15.55 15.70 13.14 12.56 14.82 18.25 19.93 21.75 21.75 21.39 20.44 19.35 19.35 17.96 17.08 17.16 17.01 17.67 18.61 18.47 17.67 18.47 19.93 20.59 18.76 17.81 18.47 18.61 17.16 16.94 0.00 0.00 17.45 19.93 20.81 21.24 21.75 21.75 21.90 22.34 22.19 21.75 21.53 20.29 21.24
22.85 22.85 22.27 24.38 28.18 29.86 31.61 28.62 24.38 20.88 20.81 20.44 18.03 18.25 18.40 18.18 18.03 17.67 16.50 15.18 14.02 12.56 12.48 13.80 11.68 12.19 12.19 12.12 12.92 9.78 10.80 9.71 9.27 9.56 9.71 11.02 11.61 12.19 12.41 12.92 11.97 11.32 13.07 13.51 15.77 18.18 17.74 16.72 16.35 17.45 17.08 17.08 15.11 13.21 13.36 14.16 14.82 14.31 14.97 16.72 16.94 17.81 18.91 19.35 18.61 17.16 17.45 15.77 15.18 14.97 14.89 16.94 18.91 0.00 21.02 19.64 19.64 18.25 17.89 19.05 19.56 20.22 20.37 20.66
22.70 22.70 21.83 22.05 25.19 27.67 29.93 25.99 21.24 19.27 17.89 17.45 16.50 16.57 17.23 17.01 16.79 16.21 16.43 15.91 11.97 11.83 10.44 9.05 9.78 10.15 10.15 11.24 10.73 11.83 13.43 13.72 13.21 14.60 14.38 12.05 11.02 11.46 11.17 11.68 11.90 11.39 13.14 13.72 13.65 13.65 13.80 12.92 11.90 11.46 12.85 12.85 12.19 10.88 11.02 13.14 13.07 12.70 14.16 14.53 15.40 15.48 17.16 18.32 16.64 15.33 15.11 13.80 13.07 13.87 14.97 14.75 18.32 20.37 20.44 20.51 20.51 19.42 18.10 18.40 20.73 22.05 21.53 21.10
24.60 24.60 24.60 24.38 25.99 26.57 26.57 23.14 23.14 20.37 18.69 17.52 17.23 16.13 16.35 17.45 17.01 14.60 15.55 15.91 12.34 9.93 8.69 10.88 11.53 11.61 11.61 11.61 13.43 14.67 16.72 18.10 20.66 19.93 18.83 17.52 16.43 15.55 14.31 13.87 14.38 13.43 13.80 14.02 13.72 12.78 12.19 11.17 10.88 11.46 11.24 11.24 12.34 14.38 17.52 17.74 14.31 12.85 12.70 11.97 12.63 14.38 15.48 18.10 12.48 11.97 11.39 12.12 12.99 12.99 12.78 13.87 14.89 16.13 16.57 18.10 18.10 18.03 17.74 18.61 20.81 22.56 22.70 21.46
24.60 24.60 24.60 24.38 25.99 26.57 26.57 23.14 23.14 20.37 18.69 17.52 17.23 16.13 16.35 17.45 17.01 14.60 15.55 15.91 12.34 9.93 8.69 10.88 11.53 11.61 11.61 11.61 13.43 14.67 16.72 18.10 20.66 19.93 18.83 17.52 16.43 15.55 14.31 13.87 14.38 13.43 13.80 14.02 13.72 12.78 12.19 11.17 10.88 11.46 11.24 11.24 12.34 14.38 17.52 17.74 14.31 12.85 12.70 11.97 12.63 14.38 15.48 18.10 12.48 11.97 11.39 12.12 12.99 12.99 12.78 13.87 14.89 16.13 16.57 18.10 18.10 18.03 17.74 18.61 20.81 22.56 22.70 21.46
26.79 26.79 27.01 27.81 26.79 24.89 24.67 23.65 23.07 20.81 19.78 19.71 17.59 17.59 18.54 18.18 17.45 15.48 14.24 14.67 13.51 12.12 12.26 11.75 12.70 12.99 12.99 12.41 13.43 15.04 16.06 17.37 18.61 19.71 18.98 17.08 16.21 15.70 13.94 13.72 14.45 14.45 13.58 12.48 12.19 11.24 12.70 12.78 12.70 13.51 13.36 13.36 15.40 16.86 17.30 16.94 16.50 15.11 14.24 14.89 14.24 14.09 14.67 9.93 9.78 10.29 11.53 12.41 13.72 13.43 12.70 12.78 13.43 13.43 14.09 15.70 15.70 14.89 15.18 17.16 19.27 18.32 18.54 19.27
24.31 24.31 22.48 22.41 22.12 21.61 19.71 19.20 18.32 16.94 16.28 15.62 16.50 16.28 16.13 16.43 17.01 14.60 12.63 12.12 12.41 11.83 11.61 13.07 13.87 13.94 13.94 13.36 14.89 17.59 18.83 20.59 22.63 20.73 20.81 19.20 18.76 18.83 18.25 17.59 16.79 14.75 12.48 11.75 10.66 12.41 14.02 13.14 11.83 13.51 13.80 13.80 12.85 11.97 11.83 13.80 16.43 15.33 16.35 15.70 14.53 14.16 11.53 11.24 10.88 10.66 12.05 13.07 14.02 13.14 10.73 9.42 10.66 12.05 13.29 14.67 14.67 13.72 14.75 16.86 14.75 12.41 11.97 22.70
19.42 19.42 18.83 18.40 17.45 16.50 15.84 15.48 14.82 14.60 15.04 14.75 15.70 17.67 18.03 17.01 18.54 16.50 13.65 12.63 12.56 11.75 12.12 12.70 13.72 13.43 13.43 14.24 16.50 17.59 18.69 21.17 22.27 21.39 20.44 20.22 19.71 19.35 19.56 19.27 17.08 15.40 14.38 12.99 12.63 13.51 12.85 11.10 10.51 11.46 12.63 12.63 12.19 11.24 10.73 11.32 13.14 13.51 13.80 13.80 14.45 12.41 11.17 10.95 11.97 13.07 13.80 13.36 12.99 11.90 11.17 11.46 10.44 13.07 15.48 15.11 15.11 15.26 14.97 13.94 12.56 13.21 13.87 15.91
19.42 19.42 18.83 18.40 17.45 16.50 15.84 15.48 14.82 14.60 15.04 14.75 15.70 17.67 18.03 17.01 18.54 16.50 13.65 12.63 12.56 11.75 12.12 12.70 13.72 13.43 13.43 14.24 16.50 17.59 18.69 21.17 22.27 21.39 20.44 20.22 19.71 19.35 19.56 19.27 17.08 15.40 14.38 12.99 12.63 13.51 12.85 11.10 10.51 11.46 12.63 12.63 12.19 11.24 10.73 11.32 13.14 13.51 13.80 13.80 14.45 12.41 11.17 10.95 11.97 13.07 13.80 13.36 12.99 11.90 11.17 11.46 10.44 13.07 15.48 15.11 15.11 15.26 14.97 13.94 12.56 13.21 13.87 15.91
17.16 17.16 16.64 16.21 16.13 15.11 13.14 13.58 15.91 15.91 15.33 13.80 13.58 14.16 13.94 15.33 15.77 15.33 16.57 16.13 14.45 12.92 12.56 11.32 13.43 15.99 15.99 17.08 19.56 19.86 21.75 19.56 18.18 17.74 17.96 18.25 18.47 18.54 17.37 16.64 15.77 15.70 16.57 14.45 12.99 11.32 10.80 10.22 10.80 10.44 11.61 11.61 11.39 10.51 10.80 12.26 12.78 14.53 11.61 12.34 10.51 11.90 10.07 11.39 12.48 12.78 12.85 14.97 17.01 15.62 12.19 12.56 13.58 13.58 12.92 11.83 11.83 12.41 13.72 15.91 17.01 16.28 13.58 12.78
19.71 19.71 17.89 15.99 14.67 14.45 14.67 15.11 16.86 16.28 15.18 13.21 13.87 14.45 15.26 16.64 16.50 16.57 15.99 14.97 16.21 16.64 13.14 14.53 15.26 17.67 17.67 19.93 21.68 21.32 20.22 18.03 15.99 14.60 14.24 15.11 15.33 15.55 15.40 14.97 13.87 14.31 13.21 14.31 13.43 9.93 11.24 9.78 9.93 12.05 11.75 11.75 11.39 11.10 11.46 11.02 11.68 11.68 12.19 12.34 12.05 12.99 14.09 13.36 11.75 10.88 12.56 12.78 12.34 11.68 11.68 12.41 13.80 13.94 14.31 13.94 13.94 14.02 13.58 14.31 14.75 13.21 14.16 14.24
19.13 19.13 17.08 15.62 14.60 13.94 14.24 15.26 16.21 15.91 14.53 14.97 17.30 19.20 20.00 19.05 19.42 19.49 18.40 18.83 18.10 20.73 20.73 19.05 18.76 19.27 19.27 19.56 18.54 15.99 14.60 14.02 14.67 13.87 12.78 12.70 12.63 11.90 11.97 11.75 10.73 11.10 12.05 12.99 12.41 11.75 11.17 11.32 11.97 12.12 10.15 10.15 9.42 11.02 11.24 11.39 11.90 13.14 10.88 11.02 10.00 10.44 10.73 11.46 10.44 9.78 10.51 10.88 10.51 10.59 12.19 12.56 12.70 13.80 14.24 13.65 13.65 12.78 11.10 11.46 12.26 13.43 10.59 14.31
19.78 19.78 18.03 17.59 17.30 15.70 13.29 13.58 14.97 15.48 16.57 17.37 17.23 16.72 17.45 19.56 21.17 21.17 21.17 23.36 20.22 20.88 20.08 18.10 16.64 16.21 16.21 15.40 15.55 16.06 14.97 16.50 16.21 14.60 12.99 12.26 10.88 10.80 11.10 11.53 11.75 12.56 11.68 12.26 14.09 14.02 12.05 10.44 11.32 11.53 11.53 11.53 13.07 13.29 11.53 11.53 11.68 13.58 13.87 12.26 11.17 10.29 9.56 9.93 10.59 10.95 11.32 10.80 11.17 11.53 11.24 12.34 12.99 14.24 13.72 12.70 12.70 11.97 12.12 13.14 13.21 14.16 14.09 14.16
19.78 19.78 18.03 17.59 17.30 15.70 13.29 13.58 14.97 15.48 16.57 17.37 17.23 16.72 17.45 19.56 21.17 21.17 21.17 23.36 20.22 20.88 20.08 18.10 16.64 16.21 16.21 15.40 15.55 16.06 14.97 16.50 16.21 14.60 12.99 12.26 10.88 10.80 11.10 11.53 11.75 12.56 11.68 12.26 14.09 14.02 12.05 10.44 11.32 11.53 11.53 11.53 13.07 13.29 11.53 11.53 11.68 13.58 13.87 12.26 11.17 10.29 9.56 9.93 10.59 10.95 11.32 10.80 11.17 11.53 11.24 12.34 12.99 14.24 13.72 12.70 12.70 11.97 12.12 13.14 13.21 14.16 14.09 14.16
18.40 18.40 18.98 18.76 17.74 14.82 12.92 14.89 16.86 16.79 18.54 19.49 18.18 17.52 18.98 20.44 21.17 22.34 22.63 22.05 19.93 18.25 18.32 17.16 15.77 14.53 14.53 13.80 14.53 17.30 17.81 17.45 15.84 15.04 15.33 14.02 12.99 13.14 12.92 13.36 12.99 12.48 11.68 12.19 12.05 12.99 11.68 12.05 11.53 12.92 14.75 14.75 14.53 13.65 14.02 14.60 12.41 15.40 14.67 11.97 11.17 11.61 10.15 9.42 10.15 9.20 9.05 8.18 9.78 11.61 11.97 14.02 14.75 15.40 15.77 15.55 15.55 14.82 13.72 12.78 12.99 13.43 13.07 11.53
18.61 18.61 19.64 19.56 18.61 16.57 16.86 19.35 19.49 19.49 21.17 21.46 21.75 20.51 22.05 21.39 21.46 21.39 22.48 19.49 18.61 17.59 19.13 18.25 17.08 16.35 16.35 14.45 12.78 13.94 15.70 15.77 17.01 17.67 15.04 10.66 12.70 12.63 12.56 12.99 13.72 13.58 11.97 10.88 11.46 13.21 14.75 13.36 12.85 13.14 13.58 13.58 11.90 13.51 15.91 15.77 13.87 14.45 14.38 13.51 12.78 12.70 11.83 11.32 9.78 11.10 11.68 11.90 12.56 14.02 14.24 15.48 16.79 17.08 15.99 15.77 15.77 15.99 14.75 12.78 14.38 12.99 11.17 12.12
19.71 19.71 20.37 21.75 21.17 20.73 21.61 23.51 24.02 24.53 24.38 23.07 23.58 22.12 21.39 20.81 19.49 19.64 18.76 19.20 20.37 19.86 19.05 18.76 15.77 14.38 14.38 13.80 13.94 14.82 15.70 15.11 14.60 14.67 12.41 9.27 12.92 16.06 17.37 16.28 15.26 14.16 13.51 12.99 13.21 14.67 15.70 14.60 14.09 14.24 14.38 14.38 16.06 18.32 17.08 15.33 16.79 16.57 16.28 15.33 14.16 14.60 15.18 16.94 14.75 11.39 10.66 10.80 11.53 11.24 13.51 14.09 15.55 15.99 15.77 14.89 14.89 14.82 14.45 13.58 15.11 14.02 14.67 14.82
19.27 19.27 19.78 20.08 20.88 21.39 22.63 23.51 22.05 22.92 24.24 21.46 21.17 21.32 21.32 18.91 17.74 18.61 19.35 19.93 19.56 20.73 19.05 19.49 18.18 15.77 15.77 14.53 15.40 16.13 16.86 15.11 13.21 12.85 12.48 14.24 14.53 15.48 16.28 15.70 14.16 13.58 13.65 14.02 14.60 15.77 16.57 15.33 16.86 19.05 19.42 19.42 20.73 20.88 20.66 17.16 18.10 18.32 18.98 18.47 17.37 15.26 16.50 14.53 13.80 11.97 12.99 14.31 15.48 13.72 12.85 12.99 12.78 13.14 13.65 14.09 14.09 14.16 14.16 15.26 16.06 15.18 16.64 18.47
17.59 17.59 18.69 20.44 20.88 19.42 20.15 22.27 23.07 22.48 22.56 23.51 21.24 20.00 18.91 20.00 20.08 19.93 19.71 20.37 21.10 21.39 21.83 19.49 18.98 19.56 19.56 18.69 18.47 16.57 14.16 12.34 11.32 11.90 13.14 14.24 12.70 12.19 13.58 13.14 13.72 15.26 16.43 15.99 17.37 19.05 18.83 18.91 19.35 20.95 22.19 22.19 19.86 19.49 19.78 19.56 17.96 16.50 16.86 18.03 16.57 14.24 14.31 14.31 14.31 16.06 16.94 17.59 18.25 17.45 14.67 14.89 13.36 12.19 13.07 14.45 14.45 14.67 15.33 15.26 15.40 13.21 12.05 14.31
17.59 17.59 18.69 20.44 20.88 19.42 20.15 22.27 23.07 22.48 22.56 23.51 21.24 20.00 18.91 20.00 20.08 19.93 19.71 20.37 21.10 21.39 21.83 19.49 18.98 19.56 19.56 18.69 18.47 16.57 14.16 12.34 11.32 11.90 13.14 14.24 12.70 12.19 13.58 13.14 13.72 15.26 16.43 15.99 17.37 19.05 18.83 18.91 19.35 20.95 22.19 22.19 19.86 19.49 19.78 19.56 17.96 16.50 16.86 18.03 16.57 14.24 14.31 14.31 14.31 16.06 16.94 17.59 18.25 17.45 14.67 14.89 13.36 12.19 13.07 14.45 14.45 14.67 15.33 15.26 15.40 13.21 12.05 14.31
18.47 18.47 18.61 20.44 21.83 20.15 19.35 21.68 22.48 21.97 22.34 23.21 21.39 20.15 20.66 19.71 22.05 20.08 18.98 18.76 19.27 20.08 19.49 18.61 19.13 18.98 18.98 18.61 19.20 17.67 15.04 12.78 11.46 11.46 12.19 13.07 13.36 13.29 13.51 13.43 14.16 15.55 17.30 17.81 18.98 20.08 20.51 21.17 20.73 21.17 21.97 21.97 22.19 22.34 25.62 22.34 18.61 17.74 17.59 17.37 16.64 16.50 17.45 18.18 17.08 19.49 21.61 20.51 17.96 16.57 16.64 16.21 14.09 12.56 13.51 16.06 16.06 17.74 17.67 17.30 14.89 12.48 14.09 14.16
21.24 21.24 21.46 20.15 18.98 18.76 17.74 20.81 20.88 21.24 21.46 20.51 20.29 19.05 19.56 22.78 20.73 18.18 16.13 16.50 18.18 17.23 16.28 15.04 15.62 17.45 17.45 19.13 18.10 15.62 14.02 14.31 14.16 13.14 12.70 15.18 15.04 14.38 14.45 15.84 17.96 18.91 19.42 21.46 20.44 20.00 20.00 21.10 21.24 21.75 22.27 22.27 21.97 21.17 22.63 22.78 20.95 21.68 22.27 20.37 19.27 20.51 23.73 23.14 22.92 24.31 25.55 24.24 21.32 20.37 18.83 17.30 15.99 15.26 12.70 11.10 11.10 12.70 18.54 17.96 14.31 13.58 15.18 18.03
23.21 23.21 22.34 19.71 20.88 20.73 21.53 20.29 17.67 18.32 17.89 17.96 17.45 18.32 18.03 20.44 20.95 18.69 15.70 15.91 18.03 18.03 15.91 15.33 14.82 16.06 16.06 16.64 16.79 15.62 13.58 13.21 13.14 15.18 14.16 15.62 17.74 18.47 18.25 19.93 21.75 21.17 20.88 22.48 22.85 21.97 22.34 21.97 21.53 20.95 20.81 20.81 20.73 22.05 23.00 23.14 24.09 25.48 26.57 26.94 25.92 26.94 27.74 28.32 27.96 26.79 27.74 28.18 26.13 23.00 20.59 20.37 20.95 20.51 17.89 12.48 12.48 9.93 21.17 19.71 18.76 14.75 14.38 16.21
17.30 17.30 18.61 17.96 17.45 17.16 19.42 18.69 17.81 17.16 16.64 17.89 17.96 18.10 20.29 22.34 22.63 21.02 18.98 19.13 19.64 17.74 16.94 16.28 15.04 15.84 15.84 18.25 19.86 17.96 15.77 14.31 15.18 16.21 17.01 17.74 20.22 23.00 24.45 24.02 25.40 24.67 25.33 25.55 24.75 24.60 25.19 24.24 23.36 23.07 21.10 21.10 24.45 27.74 26.79 27.30 27.67 26.57 26.79 28.98 28.69 27.96 29.78 30.81 29.05 27.59 25.77 24.97 23.29 22.05 20.08 21.90 23.65 24.24 24.09 20.66 20.66 19.35 23.80 23.07 20.08 17.74 16.13 17.89
16.94 16.94 16.64 15.62 15.91 15.26 14.45 13.65 14.38 14.45 16.21 16.86 14.53 17.45 22.19 22.63 22.27 20.88 20.88 20.29 18.91 16.43 15.33 15.62 15.48 17.16 17.16 18.25 17.23 17.16 16.28 15.91 15.70 17.37 19.13 20.44 20.73 22.34 23.07 22.12 22.12 22.48 23.80 23.00 23.07 21.17 23.73 22.92 23.51 25.04 24.53 24.53 22.85 24.60 29.27 29.64 29.57 28.91 27.16 27.38 29.86 28.47 27.23 27.08 24.82 22.56 21.61 21.97 23.36 22.85 22.56 23.36 24.38 24.31 24.31 23.94 23.94 14.97 18.61 21.17 21.75 19.49 18.83 21.46
16.94 16.94 16.64 15.62 15.91 15.26 14.45 13.65 14.38 14.45 16.21 16.86 14.53 17.45 22.19 22.63 22.27 20.88 20.88 20.29 18.91 16.43 15.33 15.62 15.48 17.16 17.16 18.25 17.23 17.16 16.28 15.91 15.70 17.37 19.13 20.44 20.73 22.34 23.07 22.12 22.12 22.48 23.80 23.00 23.07 21.17 23.73 22.92 23.51 25.04 24.53 24.53 22.85 24.60 29.27 29.64 29.57 28.91 27.16 27.38 29.86 28.47 27.23 27.08 24.82 22.56 21.61 21.97 23.36 22.85 22.56 23.36 24.38 24.31 24.31 23.94 23.94 14.97 18.61 21.17 21.75 19.49 18.83 21.46
18.54 18.54 17.16 15.26 13.51 12.41 11.61 13.36 14.60 15.04 18.69 21.39 17.08 28.32 26.65 25.40 25.04 20.73 17.74 17.52 16.86 16.94 16.86 17.37 16.57 17.37 17.37 16.35 14.89 14.24 13.51 14.24 15.18 15.70 16.79 18.69 20.22 22.70 22.41 22.05 22.41 23.73 22.27 23.43 22.34 22.48 23.43 23.07 23.43 23.43 22.78 22.78 22.78 24.53 26.28 26.72 26.13 23.51 25.48 25.55 26.65 26.13 24.09 23.07 22.63 22.41 22.63 22.19 22.12 24.38 24.67 24.89 24.24 24.38 22.63 18.40 18.40 17.67 16.21 18.76 19.78 21.83 23.29 21.17
16.50 16.50 14.75 13.94 13.87 11.83 10.88 14.09 20.59 21.97 23.29 24.75 25.11 23.80 24.02 24.75 24.31 20.51 17.89 16.86 16.35 16.43 16.79 16.57 17.23 17.23 17.23 17.08 17.23 15.40 14.09 13.29 13.58 16.28 17.08 18.03 19.93 21.68 20.22 23.29 24.89 23.58 24.60 23.87 22.92 21.17 21.97 25.55 25.92 24.82 24.60 24.60 25.62 27.16 26.86 25.62 23.14 22.48 23.43 24.24 25.04 25.19 21.17 21.83 21.39 20.29 20.15 22.70 21.53 20.37 21.32 22.27 23.51 24.16 22.19 25.33 25.33 24.24 22.78 21.24 22.34 23.36 22.85 22.78
11.39 11.39 8.69 11.17 11.53 10.00 10.66 13.51 17.89 20.29 22.63 23.73 20.95 19.86 19.71 19.35 18.40 17.67 16.64 15.48 16.50 15.40 15.04 15.33 17.74 16.43 16.43 15.33 14.75 14.45 16.13 16.28 17.45 18.91 17.96 17.16 20.29 20.29 20.95 22.19 23.21 21.32 21.24 22.12 23.29 26.35 27.16 26.35 23.65 22.85 24.60 24.60 25.92 27.38 27.52 26.35 24.45 23.00 23.65 23.80 24.24 23.29 22.27 22.92 23.21 23.29 23.94 22.41 22.19 20.44 20.66 20.29 21.24 21.90 20.59 25.84 25.84 24.60 21.53 22.34 23.58 22.56 22.70 21.90
11.02 11.02 9.20 9.93 9.86 7.23 8.69 14.97 18.10 18.61 22.56 20.37 17.23 16.35 15.70 14.24 14.02 12.99 13.58 15.70 15.26 13.94 13.51 12.26 12.26 13.94 13.94 14.16 14.60 17.37 17.37 18.18 20.08 21.61 20.73 19.71 20.29 20.22 20.29 20.15 18.69 18.61 18.47 20.44 24.09 27.01 25.33 27.81 22.85 23.00 25.70 25.70 25.84 27.89 28.25 26.57 24.38 23.29 23.94 23.29 21.97 23.14 23.21 22.78 21.75 21.90 21.10 20.29 20.00 18.76 18.03 16.79 16.43 17.89 20.22 24.45 24.45 23.73 20.59 19.20 20.95 20.29 20.08 21.02
6.06 6.06 3.50 5.91 7.45 7.01 11.24 15.40 19.27 20.81 21.46 19.13 17.96 17.16 16.35 16.21 12.78 9.56 5.69 7.15 9.56 12.26 15.04 16.13 14.82 15.04 15.04 15.70 16.21 16.50 17.59 18.61 20.37 21.39 21.24 21.24 21.97 21.02 21.61 17.89 17.81 17.81 18.18 21.39 20.88 20.29 21.75 22.63 21.53 22.41 25.33 25.33 23.73 23.21 23.58 22.78 20.66 18.18 15.70 15.70 17.52 18.61 18.69 18.25 16.50 16.28 17.59 17.67 18.40 17.59 16.72 16.57 15.04 11.53 19.78 19.49 19.49 18.18 17.23 16.72 17.74 20.22 23.87 26.50
0.00 0.00 0.00 0.29 2.41 3.14 12.26 16.64 20.44 21.32 20.22 17.59 16.43 14.38 15.70 18.47 17.30 13.87 8.40 7.30 9.05 13.80 12.92 14.24 14.45 15.99 15.99 17.16 17.16 18.69 17.01 17.59 17.08 16.72 15.48 14.82 16.06 17.52 18.98 18.76 20.44 18.61 19.35 18.54 18.54 20.59 22.12 20.22 17.89 18.32 18.03 18.03 17.52 16.28 13.65 14.67 9.64 4.53 4.09 9.42 13.72 17.30 18.61 17.37 17.52 15.62 16.57 17.37 17.59 17.67 17.74 16.86 12.19 8.91 12.48 13.21 13.21 13.07 14.89 19.20 20.81 21.39 24.38 26.79
0.00 0.00 0.00 0.29 2.41 3.14 12.26 16.64 20.44 21.32 20.22 17.59 16.43 14.38 15.70 18.47 17.30 13.87 8.40 7.30 9.05 13.80 12.92 14.24 14.45 15.99 15.99 17.16 17.16 18.69 17.01 17.59 17.08 16.72 15.48 14.82 16.06 17.52 18.98 18.76 20.44 18.61 19.35 18.54 18.54 20.59 22.12 20.22 17.89 18.32 18.03 18.03 17.52 16.28 13.65 14.67 9.64 4.53 4.09 9.42 13.72 17.30 18.61 17.37 17.52 15.62 16.57 17.37 17.59 17.67 17.74 16.86 12.19 8.91 12.48 13.21 13.21 13.07 14.89 19.20 20.81 21.39 24.38 26.79
0.00 0.00 0.00 0.00 2.41 9.78 16.28 16.43 18.25 21.39 16.06 14.82 14.97 12.78 12.34 11.97 12.26 12.34 12.19 11.75 12.78 12.34 8.40 7.59 10.37 12.85 12.85 14.16 13.87 13.65 12.48 11.39 10.73 9.49 6.28 7.08 10.15 12.05 14.38 15.40 15.18 12.85 12.78 13.21 13.07 15.99 15.70 18.25 15.40 11.46 11.83 11.83 10.66 9.13 6.50 3.72 2.19 1.68 6.94 13.21 17.81 20.95 20.37 18.83 18.61 18.40 18.18 17.59 18.18 19.78 19.35 16.86 17.01 10.44 10.44 13.21 13.21 13.29 13.72 13.58 14.24 14.09 13.80 15.26
