Wansh/Snow_depth/snowdepth-1984/spring/1984064.txt
ncols 321
nrows 161
xllcenter 60
yllcenter 15 
cellsize  0.25 
NODATA_value -1
[rows 37 to 73 of 161, columns 84 to 167 of 321]
19.93 15.04 11.90 8.40 17.08 25.92 26.28 23.42 15.91 11.53 13.07 11.61 9.86 6.06 4.31 3.58 3.87 0.00 0.00 0.00 0.00 0.00 2.41 6.06 10.88 17.08 21.17 24.09 22.92 20.08 11.46 10.80 8.32 2.77 1.46 5.84 3.94 3.94 5.99 5.33 5.18 6.06 4.74 4.74 6.28 7.37 7.96 12.41 15.48 18.98 18.47 17.45 3.87 6.50 4.82 7.30 7.15 7.23 7.45 7.30 7.08 7.45 4.38 3.50 2.63 7.45 7.15 5.62 5.62 7.96 7.74 8.10 3.87 2.34 0.00 3.50 6.06 7.37 7.30 7.52 9.56 9.27 10.15 9.05
28.18 17.96 14.60 10.07 10.44 7.96 8.98 12.41 10.88 8.54 6.50 4.31 3.72 2.56 1.31 0.00 0.00 0.00 0.00 0.00 0.00 0.00 0.00 0.00 0.00 3.80 13.21 19.49 19.42 18.76 17.37 16.72 16.57 12.85 3.80 5.04 4.16 4.96 3.21 4.16 4.53 4.16 3.72 3.72 3.94 4.82 0.00 7.08 8.03 11.39 16.13 20.59 14.60 13.87 14.31 13.14 13.07 13.21 11.83 13.43 17.08 19.64 15.55 0.00 2.19 4.45 6.86 4.23 4.23 2.56 2.70 0.00 0.00 0.00 0.00 0.00 0.00 0.00 2.34 1.90 0.00 6.06 7.59 4.82
30.51 25.77 24.43 21.12 12.90 8.91 6.57 8.76 11.10 10.59 8.83 5.40 4.74 2.99 0.00 0.00 0.00 0.00 0.00 0.00 0.00 0.00 0.00 0.00 0.00 3.36 11.10 15.62 15.70 14.89 13.58 11.17 9.78 12.48 5.69 4.74 6.35 9.71 5.91 4.31 3.94 3.72 4.60 4.60 4.23 5.33 7.30 10.15 10.07 8.10 8.10 17.30 15.40 9.56 10.22 8.83 7.96 8.03 6.72 8.10 12.26 14.53 17.16 15.48 13.43 16.43 14.38 7.59 7.59 5.99 5.18 3.14 0.00 0.00 0.00 0.00 0.00 0.00 0.00 0.00 0.00 0.00 0.00 0.00
28.18 31.25 30.67 28.84 22.70 13.51 6.28 8.25 10.37 13.51 15.04 10.66 5.69 0.00 3.21 3.80 4.96 4.16 4.16 3.80 0.00 0.00 0.00 0.00 0.00 4.02 10.66 13.94 16.06 15.62 12.56 9.42 6.50 6.20 5.99 5.33 5.18 5.11 4.09 3.21 3.14 2.12 2.26 2.26 3.29 4.02 3.58 5.69 7.45 7.81 7.88 8.47 3.87 0.00 3.21 4.16 3.94 3.87 3.14 0.00 2.92 3.21 4.02 5.69 9.49 13.72 15.48 8.76 8.76 9.05 5.33 0.00 0.00 0.00 2.12 0.00 0.00 0.00 0.00 0.00 0.00 0.00 0.00 0.00
12.52 16.00 17.17 18.69 12.78 0.00 0.00 0.00 0.00 0.00 0.00 6.90 8.95 8.18 8.63 9.83 10.95 8.00 8.04 5.04 3.29 4.23 4.45 4.45 4.31 7.23 12.41 16.06 19.13 18.25 15.70 14.09 10.59 7.66 6.57 5.77 5.40 4.23 3.94 3.14 2.41 0.00 0.00 0.00 2.99 2.63 0.00 2.85 3.87 5.26 4.60 4.09 2.85 2.85 4.67 7.30 6.50 4.09 2.34 2.41 1.97 2.99 0.00 0.00 0.00 3.65 8.25 9.56 9.56 8.91 4.60 1.02 0.00 0.00 0.00 0.00 2.04 3.65 3.36 2.48 0.00 2.99 2.85 0.00
17.61 14.23 8.85 7.08 4.89 0.00 0.00 3.65 4.53 4.39 4.50 6.64 10.00 9.71 5.77 5.94 9.56 12.67 12.55 10.42 7.08 10.78 14.89 13.43 11.97 12.63 15.99 19.49 18.91 16.86 18.18 16.79 17.89 14.60 12.78 9.42 7.88 6.64 5.04 3.50 3.87 5.55 3.50 3.50 3.36 3.07 2.77 1.39 2.85 5.04 3.36 3.72 5.11 3.43 3.50 0.00 4.31 2.48 2.19 3.80 0.00 3.87 1.83 1.61 1.31 2.99 0.00 0.00 0.00 0.00 3.58 0.00 0.00 0.00 2.77 2.70 0.00 0.00 0.00 0.00 0.00 0.00 0.00 5.04
23.96 22.58 19.47 17.17 13.72 9.68 7.86 9.13 13.54 11.73 10.07 12.63 15.99 15.57 14.60 14.60 16.64 19.78 20.50 19.78 17.08 19.10 21.50 20.10 20.40 20.47 19.52 19.78 21.32 22.35 22.64 23.21 18.76 18.03 16.73 14.89 12.70 10.88 10.51 9.20 8.32 9.42 10.73 10.73 7.96 5.11 0.00 3.43 3.07 2.92 3.50 0.00 3.07 2.99 3.29 2.77 0.00 0.00 1.97 3.07 3.43 3.43 3.94 3.94 3.65 3.36 2.56 2.56 2.56 0.00 0.00 0.00 0.00 0.00 5.18 4.38 2.56 2.77 2.70 0.00 2.26 0.00 0.00 0.00
17.59 21.86 17.45 11.81 12.81 10.95 11.17 13.07 20.53 24.81 20.62 18.18 11.10 6.86 6.97 9.88 11.36 17.28 17.01 17.89 20.37 21.39 20.37 20.44 21.46 23.33 23.48 21.10 19.54 21.33 23.37 19.52 21.53 21.90 21.20 23.73 22.70 18.40 15.70 11.53 7.15 5.48 7.37 7.37 8.03 5.84 5.55 3.14 4.60 6.72 5.18 4.31 0.00 0.00 2.92 2.19 0.00 1.31 0.00 1.46 1.90 3.14 3.50 3.14 3.72 2.77 1.75 1.83 1.83 0.00 0.00 0.00 0.00 2.12 0.00 0.00 2.70 2.34 0.00 2.19 0.00 0.00 0.00 0.00
6.86 7.45 8.66 8.32 0.00 0.00 0.00 8.47 12.41 17.08 22.92 28.76 24.09 18.69 13.87 10.51 9.86 9.73 10.14 10.24 13.66 12.88 10.37 11.59 12.05 12.70 10.29 9.20 10.34 12.18 14.75 18.33 18.86 21.52 21.64 23.58 25.85 17.57 12.45 7.88 5.33 4.82 4.53 4.53 2.63 0.00 0.00 5.77 12.63 18.56 15.48 9.02 0.00 2.41 2.63 0.00 0.00 2.19 2.26 1.68 0.00 2.26 0.00 2.41 2.04 3.21 3.14 0.00 0.00 0.00 0.00 0.00 0.00 1.39 0.00 0.00 0.00 0.00 0.00 0.00 0.00 2.26 0.00 0.00
7.07 7.96 9.02 8.49 0.00 0.00 0.00 8.47 12.41 17.08 22.92 28.76 24.09 18.69 13.87 10.51 9.86 9.64 9.64 9.93 12.78 12.05 9.68 12.02 12.95 13.59 10.78 9.34 9.93 12.12 14.75 17.59 18.10 20.87 22.32 24.56 25.99 17.12 12.58 7.92 5.33 4.82 4.53 4.53 2.63 0.00 0.00 5.88 12.76 18.94 15.56 9.02 0.00 2.41 2.63 0.00 0.00 2.19 2.26 1.68 0.00 2.26 0.00 2.41 2.04 3.21 3.14 0.00 0.00 0.00 0.00 0.00 0.00 1.39 0.00 0.00 0.00 0.00 0.00 0.00 0.00 2.26 0.00 0.00
12.44 11.96 0.00 0.00 9.86 0.00 0.00 4.19 5.76 9.29 15.82 19.77 23.01 30.63 29.12 23.40 17.74 10.59 10.59 9.13 15.18 14.09 7.74 8.16 10.13 10.69 10.27 6.42 3.36 4.23 6.79 8.69 8.76 10.88 12.05 10.00 7.15 4.53 5.33 4.31 2.63 0.00 0.00 0.00 0.00 0.00 0.00 3.94 9.34 13.58 14.23 12.18 7.34 0.00 1.90 0.00 3.50 4.09 3.72 0.00 0.00 0.00 1.10 0.00 1.24 1.90 1.83 0.00 0.00 0.00 0.00 0.00 0.00 0.00 0.00 0.00 0.00 0.00 0.00 0.00 0.00 0.00 0.00 0.00
22.85 20.66 0.00 0.00 9.51 12.19 11.48 15.49 18.55 23.12 24.11 22.41 24.24 29.35 30.95 29.86 27.59 27.59 27.59 24.67 17.96 16.06 16.79 18.32 15.40 10.80 7.23 3.58 0.00 0.00 0.00 0.00 0.00 3.74 3.65 2.63 2.26 0.00 0.00 3.50 2.70 0.00 0.00 0.00 2.12 2.48 2.56 2.77 4.60 5.87 6.97 7.30 9.98 10.15 4.48 0.00 0.00 0.00 0.00 0.00 2.85 3.21 2.56 1.68 2.12 2.04 2.34 4.23 4.23 4.96 0.00 0.00 0.00 0.00 0.00 0.00 0.00 0.00 0.00 0.00 0.00 0.00 0.00 0.00
26.04 20.82 15.73 11.50 19.85 22.05 21.16 25.55 29.93 33.73 34.16 31.90 30.59 32.49 31.24 30.51 32.85 34.02 34.02 26.13 14.24 9.64 16.52 18.10 12.85 6.79 2.20 3.08 3.43 0.00 0.00 0.00 0.00 0.00 0.00 0.00 0.00 0.00 0.00 4.45 5.04 1.53 0.00 0.00 1.90 1.83 1.83 1.97 0.00 0.00 2.23 3.14 5.69 8.25 5.55 2.70 1.83 2.70 1.53 0.00 0.00 2.56 3.07 1.97 2.26 3.14 4.09 0.00 0.00 3.50 3.58 2.26 2.48 4.23 0.00 0.00 0.00 0.00 0.00 0.00 0.00 0.00 0.00 0.00
18.12 21.97 22.05 15.33 12.87 15.34 16.95 21.61 24.14 26.73 32.27 37.81 38.56 37.01 30.00 25.42 26.93 27.96 27.96 19.35 7.15 5.58 14.97 13.35 15.41 7.81 3.15 0.00 0.00 0.00 0.00 0.00 0.00 0.00 0.00 0.00 0.00 0.00 2.99 3.50 3.72 0.00 0.00 0.00 2.34 2.41 0.00 0.00 0.00 0.00 0.00 0.00 5.33 6.06 4.09 3.21 4.09 5.77 3.50 0.00 2.56 2.63 1.83 2.77 2.19 3.07 0.00 0.00 0.00 0.00 3.29 0.00 3.80 0.00 0.00 0.00 1.75 1.83 2.12 0.00 1.46 2.19 1.75 1.97
17.89 17.31 17.02 15.48 8.44 4.48 5.58 6.35 8.98 12.92 14.15 14.21 16.58 18.32 15.64 9.13 7.52 7.37 7.37 5.84 2.26 3.43 4.77 4.67 8.03 5.04 0.00 0.00 0.00 0.00 3.80 0.00 0.00 0.00 0.00 0.00 3.21 0.00 3.36 3.14 4.60 3.94 2.63 2.63 2.85 0.00 0.00 0.00 0.00 1.39 2.99 3.80 4.53 4.60 3.50 4.53 5.55 0.00 2.92 0.00 0.00 1.90 2.70 0.00 0.00 4.16 0.00 0.00 0.00 0.00 0.00 0.00 0.00 0.00 0.00 2.56 1.83 2.56 1.61 0.00 0.00 0.00 0.00 0.51
13.41 7.92 3.54 5.04 4.02 4.02 3.72 2.12 1.17 3.58 4.74 2.63 2.12 1.83 1.10 0.00 0.00 0.80 0.80 0.80 1.61 0.00 0.00 0.00 0.00 0.00 3.94 0.00 0.00 0.00 0.00 3.65 3.94 3.87 2.04 0.80 4.53 3.72 4.09 4.23 4.74 5.40 3.65 3.65 3.72 4.67 2.99 0.00 2.19 4.23 4.82 3.29 4.23 4.96 4.82 3.72 2.85 2.48 1.17 0.00 0.00 2.92 3.29 0.00 3.14 4.23 4.02 0.00 0.00 0.00 0.00 0.00 0.00 0.00 2.85 0.00 0.00 0.00 0.00 0.00 0.00 0.00 0.00 0.00
10.69 5.26 0.00 0.00 0.00 0.00 0.00 2.12 0.00 0.00 0.00 0.00 0.00 0.00 0.00 0.00 0.00 0.00 0.00 0.00 0.00 0.00 0.00 0.00 0.00 0.00 5.33 0.00 0.00 0.00 0.00 0.00 0.00 1.39 2.77 2.56 2.99 4.23 4.31 3.65 0.00 0.00 0.00 0.00 2.99 4.09 4.53 3.21 0.00 2.12 2.70 2.92 3.36 5.18 5.40 5.04 3.21 2.26 1.90 3.36 2.56 1.24 2.41 3.50 0.00 0.00 0.00 0.00 0.00 3.58 4.96 2.77 2.70 0.00 2.92 0.00 0.00 0.00 0.00 0.00 0.00 0.00 0.00 0.00
0.00 0.00 0.00 0.00 0.00 0.00 0.00 0.00 0.00 0.00 0.00 0.00 0.00 0.00 0.00 0.00 0.00 0.00 0.00 0.00 0.00 0.00 0.00 0.00 0.00 0.00 0.00 0.00 0.00 0.00 0.00 0.00 0.00 0.00 0.00 0.00 0.00 3.14 3.94 3.36 2.70 3.43 3.21 3.21 3.07 4.09 5.18 4.60 3.43 2.85 3.43 4.45 3.94 4.38 5.55 3.80 2.63 2.26 0.00 0.00 2.77 2.12 0.00 0.00 2.34 0.00 0.00 0.00 0.00 0.00 0.00 2.92 0.00 2.63 2.12 2.26 0.00 0.00 1.29 0.00 0.00 0.00 0.00 0.00
0.00 0.00 0.00 0.00 0.00 0.00 0.00 0.00 0.00 0.00 0.00 0.00 0.00 0.00 0.00 0.00 0.00 0.00 0.00 0.00 0.00 0.00 0.00 4.18 0.00 0.00 0.00 0.00 0.00 3.87 0.00 0.00 2.48 2.56 0.00 1.10 0.00 0.00 0.00 0.00 2.19 2.04 2.12 2.12 1.31 3.07 4.16 3.14 0.00 2.19 3.14 3.58 3.43 0.00 0.00 3.07 3.29 2.34 2.92 0.00 0.00 0.00 0.00 0.00 5.26 3.43 2.56 0.00 0.00 3.21 0.00 0.00 0.00 0.00 0.00 0.00 0.88 0.00 2.35 1.75 0.00 0.00 0.00 0.00
1.46 0.00 0.00 0.00 0.00 0.00 0.00 0.00 0.00 0.00 0.00 0.00 0.00 0.00 0.00 0.00 0.00 0.00 0.00 0.00 0.00 0.00 0.00 0.00 0.00 0.00 0.00 0.00 3.29 3.29 3.65 4.31 3.29 2.77 2.85 1.83 0.00 1.61 1.53 0.00 1.10 3.29 1.53 1.53 2.99 4.23 4.16 3.21 0.00 0.00 2.85 2.77 3.07 3.58 3.80 3.87 2.92 2.48 3.36 4.67 4.16 0.00 0.00 0.00 0.00 0.00 0.00 0.00 0.00 0.00 0.00 0.00 0.00 0.00 2.34 0.00 0.00 0.00 0.00 1.39 0.00 0.00 0.00 0.00
0.00 0.00 0.00 0.00 0.00 0.00 0.00 0.00 0.00 0.00 0.00 0.00 0.00 0.00 0.00 0.00 0.00 0.00 0.00 0.00 0.00 0.00 0.00 0.00 0.00 0.00 0.00 0.00 0.00 0.00 2.48 2.26 0.88 1.02 1.46 0.00 1.39 0.07 0.00 0.00 0.00 2.04 2.12 2.12 3.21 4.82 5.18 4.09 1.75 2.63 3.29 3.29 3.36 3.14 3.65 3.65 3.80 3.80 4.74 6.06 4.45 4.09 2.70 2.70 2.85 2.99 3.80 2.48 2.48 2.34 0.00 2.19 0.00 1.90 1.75 1.75 1.61 1.68 1.31 0.00 0.00 0.00 0.00 0.00
0.00 0.00 0.00 0.00 0.00 0.00 0.00 0.00 0.00 0.00 0.00 0.00 0.00 0.00 0.00 0.00 0.00 0.00 0.00 0.00 0.00 0.00 0.00 0.00 0.00 0.00 0.00 0.00 0.00 0.00 0.00 0.00 0.00 0.00 0.00 0.00 0.00 0.00 0.00 0.00 0.00 0.00 1.61 1.61 4.09 3.29 2.19 0.00 0.00 3.36 2.99 1.90 2.85 3.14 0.00 0.00 2.26 0.00 0.00 3.29 0.00 0.00 0.00 0.00 1.25 2.04 2.12 2.41 2.41 0.00 0.00 0.00 2.63 1.39 0.88 0.00 0.00 0.00 0.00 0.00 0.00 0.00 0.00 0.00
0.00 0.00 0.00 0.00 0.00 0.00 0.00 0.00 0.00 0.00 0.00 0.00 0.00 0.00 0.00 0.00 0.00 0.00 0.00 0.00 0.00 0.00 0.00 0.00 0.00 0.00 0.00 0.00 0.00 0.00 0.00 0.00 0.00 0.00 0.00 0.00 0.00 0.00 0.00 0.00 0.00 0.00 0.00 0.00 0.00 0.00 0.00 0.00 0.00 2.04 2.85 2.48 4.60 3.72 0.00 0.00 3.29 2.99 0.00 3.58 2.12 0.00 0.00 0.00 0.00 2.48 0.00 0.00 0.00 3.14 1.02 0.00 0.00 0.00 0.00 0.00 0.00 0.00 0.00 0.00 0.00 0.00 0.00 0.00
0.00 0.00 0.00 0.00 0.00 0.00 0.00 0.00 0.00 0.00 0.00 0.00 0.00 0.00 0.00 0.00 0.00 0.00 0.00 0.00 0.00 0.00 0.00 0.00 0.00 0.00 0.00 0.00 0.00 0.00 0.00 0.00 0.00 0.00 0.00 0.00 0.00 0.00 0.00 0.00 0.00 0.00 0.00 0.00 0.00 0.00 0.00 0.00 0.00 0.00 0.00 0.00 2.13 3.07 0.00 0.00 4.16 5.11 0.00 4.67 2.56 0.00 0.00 0.00 0.00 0.00 0.00 0.00 0.00 2.56 0.00 0.00 0.00 0.00 0.00 0.00 0.00 0.00 0.00 0.00 0.00 0.00 0.00 0.00
0.00 0.00 0.00 0.00 0.00 0.00 0.00 0.00 0.00 0.00 0.00 0.00 0.00 0.00 0.00 0.00 0.00 0.00 0.00 0.00 0.00 0.00 0.00 0.00 0.00 0.00 0.00 0.00 0.00 0.00 0.00 0.00 0.00 0.00 0.00 0.00 0.00 0.00 0.00 0.00 0.00 0.00 0.00 0.00 0.00 0.00 0.00 0.00 0.00 0.00 0.00 0.00 0.00 0.00 0.00 0.00 0.00 0.00 1.53 2.99 0.00 1.83 0.00 0.00 0.44 0.00 0.00 0.00 0.00 0.00 0.00 0.00 2.77 2.12 0.00 0.00 1.24 0.00 0.00 0.00 0.00 0.00 0.00 0.00
0.00 0.00 0.00 0.00 0.00 0.00 0.00 0.00 0.00 0.00 0.00 0.00 0.00 0.00 0.00 0.00 0.00 0.00 0.00 0.00 0.00 0.00 0.00 0.00 0.00 0.00 0.00 0.00 0.00 0.00 0.00 0.00 0.00 2.19 0.00 0.00 0.00 0.00 0.00 0.00 0.00 0.00 0.00 0.00 0.00 0.00 0.00 0.00 0.00 0.00 0.00 0.00 0.00 0.00 0.00 0.00 0.00 0.00 0.00 0.00 4.67 10.88 7.37 0.00 2.63 3.94 1.90 0.80 0.80 0.00 0.00 0.51 0.00 0.00 0.00 0.00 0.00 0.00 0.00 0.00 0.00 0.00 0.00 0.00
0.00 0.00 0.00 0.00 0.00 0.00 0.00 0.00 0.00 0.00 0.00 0.00 0.00 0.00 0.00 0.00 0.00 0.00 0.00 0.00 0.00 0.00 0.00 0.00 0.00 0.00 0.00 0.00 0.00 2.70 2.85 0.00 3.65 3.65 0.00 0.00 0.00 0.00 0.00 0.00 0.00 0.00 0.00 0.00 0.00 0.00 0.00 0.00 0.00 0.00 3.58 2.48 0.00 4.89 4.53 0.00 2.99 0.00 2.77 0.00 3.07 6.86 5.69 1.97 5.91 6.06 2.99 3.21 3.21 6.20 4.02 1.46 0.66 0.00 0.00 0.00 0.00 0.00 0.00 0.00 0.00 0.00 0.00 0.00
0.00 0.00 0.00 0.00 0.00 0.00 0.00 0.00 0.00 0.00 0.00 0.00 0.00 0.00 0.00 0.00 0.00 0.00 0.00 0.00 0.00 0.00 0.00 0.00 0.00 0.00 2.70 4.23 3.36 0.00 0.00 0.00 0.00 0.00 0.00 0.00 0.00 2.92 2.56 0.00 0.00 0.00 0.00 0.00 0.00 0.00 1.10 1.61 2.85 5.11 5.84 3.58 0.00 6.72 7.96 6.42 6.64 7.52 5.55 0.00 0.00 0.00 0.00 1.02 2.19 2.70 1.61 2.85 2.85 3.43 4.96 5.69 5.26 3.43 1.10 0.95 0.00 0.00 0.00 0.00 0.00 0.00 0.00 0.00
0.00 0.00 0.00 0.00 0.00 0.00 0.00 0.00 0.00 0.00 0.00 0.00 0.00 0.00 0.00 0.00 0.00 0.00 0.00 0.00 0.00 0.00 0.00 0.00 0.00 0.00 0.00 4.53 3.65 0.00 0.00 0.95 1.83 0.00 4.38 6.94 7.59 7.74 8.91 8.03 6.13 0.00 0.00 0.00 2.99 3.72 2.85 2.77 2.48 0.00 4.16 3.29 2.85 0.00 0.00 0.00 0.00 0.00 8.03 3.36 0.00 0.00 0.00 4.82 7.52 4.16 3.87 1.90 1.90 1.97 1.46 2.77 3.21 3.65 2.19 0.95 0.23 0.73 2.35 0.00 0.00 0.00 0.00 0.00
0.00 0.00 0.00 0.00 0.00 0.00 0.00 0.00 0.00 0.00 0.00 0.00 0.00 0.00 0.00 0.00 0.00 0.00 0.00 0.00 0.00 0.00 0.00 0.00 0.00 0.00 0.00 0.00 0.95 3.58 4.16 2.34 2.26 4.09 7.08 5.40 3.50 0.00 3.43 3.29 0.00 0.00 3.43 3.43 3.50 2.04 0.00 0.00 0.00 0.00 0.00 4.09 4.74 3.21 0.00 0.00 1.90 0.00 0.00 0.00 6.50 6.50 5.11 5.84 6.13 6.06 8.91 3.80 3.80 3.58 4.31 3.14 1.90 3.87 4.67 3.26 2.90 2.42 1.66 1.47 0.00 0.00 0.00 0.00
0.00 0.00 0.00 0.00 0.00 0.00 0.00 0.00 0.00 0.00 0.00 0.00 0.00 0.00 0.00 0.00 0.00 0.00 0.00 0.00 0.00 0.00 0.00 0.00 0.00 0.00 0.00 0.00 2.04 4.38 3.87 3.80 4.38 3.72 2.85 3.14 4.09 3.65 3.94 0.00 0.00 0.00 1.39 1.39 3.87 1.53 0.00 0.00 0.00 0.00 0.00 2.99 4.45 3.21 2.99 2.63 2.99 3.21 8.69 6.20 6.57 9.78 5.91 6.94 5.26 0.00 0.00 4.02 4.02 3.50 7.15 6.28 2.41 2.04 4.09 4.45 4.50 4.70 3.50 2.85 2.77 1.10 1.61 2.34
0.00 0.00 0.00 0.00 0.00 0.00 0.00 0.00 0.00 0.00 0.00 0.00 0.00 0.00 0.00 0.00 0.00 0.00 0.00 0.00 0.00 0.00 0.00 0.00 0.00 1.97 2.92 4.31 5.62 0.00 6.35 6.57 4.16 0.00 3.87 0.00 0.00 0.00 4.82 0.00 0.00 2.34 2.77 2.77 2.19 0.66 0.00 0.00 0.00 0.00 0.00 0.00 0.00 1.31 3.29 0.00 0.00 3.65 4.16 7.23 9.78 8.03 5.18 8.25 6.64 5.69 4.02 4.45 4.45 1.68 3.94 5.11 2.70 1.61 1.68 1.83 2.63 3.14 3.58 4.38 3.80 2.19 0.88 0.22
0.00 0.00 0.00 0.00 0.00 0.00 0.00 0.00 0.00 0.00 0.00 0.00 0.00 0.00 0.00 0.00 0.00 0.00 0.00 0.00 0.00 0.00 1.31 5.55 4.60 6.72 5.69 5.11 6.35 4.53 4.82 5.11 5.91 0.00 0.00 0.00 0.00 0.00 0.00 0.00 0.00 3.94 2.70 2.70 0.00 0.00 0.58 0.00 0.95 3.07 0.00 1.61 0.00 0.00 0.00 0.00 0.00 0.00 3.36 2.85 3.21 4.89 7.66 5.91 4.23 3.80 2.26 6.13 6.13 6.42 0.00 1.46 2.34 1.46 3.07 3.29 0.73 0.07 1.83 3.58 4.74 10.29 7.96 1.97
0.00 0.00 0.00 0.00 0.00 0.00 0.00 0.00 0.00 0.00 0.00 0.00 0.00 0.00 0.00 0.00 0.00 0.00 0.00 0.00 0.00 1.17 0.00 1.83 1.31 0.00 3.58 5.91 7.45 5.91 5.77 8.98 7.15 9.05 0.00 2.99 3.43 3.07 1.61 0.00 0.00 0.00 0.00 0.00 0.00 1.31 1.31 2.63 4.02 2.92 0.00 0.00 4.09 0.00 0.00 0.00 0.00 2.12 1.97 0.00 0.00 0.00 0.00 0.00 4.31 3.50 3.87 6.72 6.72 4.45 0.80 0.00 0.00 0.00 0.07 0.00 0.00 0.00 2.92 3.58 2.70 5.62 12.70 14.75
0.00 0.00 0.00 0.00 0.00 0.00 0.00 0.00 0.00 0.00 0.00 0.00 0.00 0.00 0.00 0.00 0.00 0.00 0.00 0.00 4.60 4.67 3.36 0.00 0.00 0.00 6.28 6.57 5.69 4.89 6.13 4.67 0.00 0.00 0.00 5.62 0.00 0.00 0.00 3.07 3.87 2.92 2.63 2.63 2.48 0.29 0.66 1.31 1.17 0.00 0.00 0.00 1.24 0.00 0.00 0.00 0.00 0.00 0.00 0.00 4.09 0.00 0.00 0.00 0.00 0.00 0.00 2.41 2.41 0.88 1.68 0.00 0.00 0.00 0.00 0.00 0.00 0.00 0.00 2.19 3.14 3.72 4.39 6.24
0.00 0.00 0.00 0.00 0.00 0.00 0.00 0.00 0.00 0.00 0.00 0.00 0.00 0.00 0.00 0.00 0.00 1.24 1.24 0.00 8.98 6.50 0.00 0.00 0.00 0.00 0.00 0.00 0.00 2.41 5.84 6.20 4.45 5.04 5.33 3.80 0.00 0.00 0.00 0.00 4.09 2.70 2.92 2.92 3.07 1.75 0.00 0.00 0.00 0.00 4.09 3.94 2.70 4.96 1.24 2.26 0.00 0.00 0.00 0.00 2.12 2.77 0.00 0.00 0.00 0.00 0.00 0.00 0.00 3.07 2.56 1.10 0.00 0.00 0.00 0.00 0.00 0.00 0.00 0.00 0.51 1.46 2.93 5.47
0.00 0.00 0.00 0.00 0.00 0.00 0.00 0.00 0.00 0.00 0.00 0.00 0.00 0.00 6.57 7.23 5.91 6.28 6.28 5.62 4.38 0.00 0.00 0.00 0.00 0.00 3.94 2.70 3.65 3.14 4.96 5.04 4.23 2.19 3.14 0.44 0.00 0.00 0.00 0.00 0.00 0.00 0.00 0.00 0.00 0.00 0.00 0.00 0.00 0.00 4.02 3.94 0.00 0.00 4.67 0.00 0.00 0.00 3.36 0.00 0.00 0.00 0.00 0.00 0.00 0.00 0.00 0.00 0.00 2.41 2.48 2.34 0.00 0.00 0.00 0.00 0.00 0.00 0.00 0.00 0.29 0.73 2.57 3.50
