Wansh/Snow_depth/snowdepth-1984/spring/1984095.txt
ncols 321
nrows 161
xllcenter 60
yllcenter 15 
cellsize  0.25 
NODATA_value -1
[rows 0 to 37 of 161, columns 168 to 251 of 321]
18.25 11.10 11.53 12.63 13.36 11.53 11.24 11.83 11.39 11.39 10.95 11.46 11.39 10.73 10.15 12.41 14.31 15.91 18.47 19.71 17.59 15.99 13.80 13.14 11.75 9.71 7.37 2.41 0.00 0.00 5.40 11.10 16.64 21.24 21.68 21.68 19.64 21.24 23.07 19.71 16.06 17.30 19.78 18.25 22.70 26.57 29.27 26.65 20.59 15.33 14.97 16.72 16.50 13.21 12.99 18.10 18.32 17.59 19.05 17.89 17.89 18.32 19.42 22.41 27.08 27.45 26.50 24.82 22.48 20.66 19.86 20.59 21.02 21.68 23.73 24.45 26.06 26.94 27.96 28.32 27.23 27.52 28.91 29.64
14.09 12.19 13.94 14.09 12.70 10.95 10.73 11.32 11.61 11.61 11.53 12.41 12.48 11.02 10.95 10.73 11.10 15.18 19.35 17.59 15.70 13.43 14.38 13.43 10.51 7.01 0.00 0.00 0.00 0.00 6.13 12.63 16.57 17.81 15.55 15.55 13.07 16.64 23.58 23.21 18.91 17.89 19.35 20.73 23.07 24.60 27.74 19.42 17.01 16.06 16.50 17.52 17.16 16.35 16.50 17.74 21.83 25.48 24.09 22.27 22.27 22.56 25.04 27.38 28.25 27.08 25.70 24.75 22.48 22.12 23.65 23.87 24.45 24.24 23.58 25.70 26.94 26.13 26.57 25.33 24.53 21.46 25.62 23.73
19.64 14.97 16.72 19.71 13.80 10.00 9.64 11.17 13.07 13.07 14.24 13.21 12.99 12.78 12.92 12.78 14.45 15.91 17.45 17.08 15.40 13.87 13.65 12.70 8.83 0.00 0.00 0.00 0.00 0.00 6.42 12.85 16.21 14.89 12.48 12.48 13.58 20.88 28.47 28.62 25.11 22.41 23.51 21.75 19.64 19.42 11.68 13.65 15.26 16.43 18.25 18.54 19.05 19.71 19.86 17.89 18.40 20.95 21.90 21.97 21.97 21.61 23.00 25.19 25.55 24.09 27.08 27.74 25.40 25.04 26.79 25.55 25.55 25.92 25.77 25.48 25.40 25.11 24.53 23.80 23.07 21.83 20.08 18.69
19.64 14.97 16.72 19.71 13.80 10.00 9.64 11.17 13.07 13.07 14.24 13.21 12.99 12.78 12.92 12.78 14.45 15.91 17.45 17.08 15.40 13.87 13.65 12.70 8.83 0.00 0.00 0.00 0.00 0.00 6.42 12.85 16.21 14.89 12.48 12.48 13.58 20.88 28.47 28.62 25.11 22.41 23.51 21.75 19.64 19.42 11.68 13.65 15.26 16.43 18.25 18.54 19.05 19.71 19.86 17.89 18.40 20.95 21.90 21.97 21.97 21.61 23.00 25.19 25.55 24.09 27.08 27.74 25.40 25.04 26.79 25.55 25.55 25.92 25.77 25.48 25.40 25.11 24.53 23.80 23.07 21.83 20.08 18.69
21.53 21.75 23.21 23.07 18.98 13.87 9.64 9.34 11.61 11.61 14.60 14.53 13.21 13.72 15.55 18.03 19.42 18.61 17.23 15.48 14.97 13.36 10.95 8.61 0.00 0.00 0.00 0.00 0.00 0.66 7.81 10.73 10.07 8.10 11.24 11.24 15.26 19.35 19.35 17.96 15.77 14.67 13.80 13.43 13.58 14.02 14.24 15.04 16.28 17.01 18.47 18.69 19.13 22.12 22.12 20.15 18.32 19.42 23.36 22.78 22.78 22.48 22.27 22.92 23.80 22.41 22.63 22.70 22.85 22.92 22.63 22.48 23.36 22.56 20.73 20.81 19.71 21.83 22.05 23.21 23.14 24.45 22.92 21.97
26.21 27.23 26.50 24.82 23.00 19.64 13.80 10.51 10.37 10.37 13.87 16.21 16.57 15.77 17.08 20.29 20.51 17.67 14.89 12.41 10.95 8.10 0.00 0.00 0.00 0.00 0.00 0.00 3.07 8.83 10.59 8.76 8.83 12.19 15.99 15.99 16.21 13.21 9.42 10.59 11.24 15.62 15.26 12.48 15.70 16.72 14.67 14.60 17.37 20.81 21.90 21.90 18.25 18.47 16.86 18.54 16.86 17.89 20.66 22.63 22.63 25.40 25.40 23.80 21.83 18.32 17.23 17.89 17.52 17.89 19.27 18.83 18.91 19.35 18.32 17.30 17.01 21.53 22.70 22.12 22.05 21.39 21.32 21.24
27.81 27.23 24.38 23.14 23.07 22.48 22.34 19.56 16.21 16.21 15.77 18.54 20.37 20.44 20.73 21.24 18.54 11.68 10.37 8.69 5.26 0.00 0.00 0.00 0.00 0.00 0.00 8.03 10.88 14.31 14.89 13.51 15.04 17.23 18.03 18.03 15.26 12.05 11.24 11.83 14.24 14.97 16.06 12.63 12.56 12.26 12.78 17.16 18.61 21.61 21.97 22.05 19.05 18.03 15.18 14.09 13.94 14.67 16.94 18.25 18.25 21.53 23.43 24.24 19.71 16.06 15.11 13.65 12.92 12.70 13.58 13.72 15.04 15.04 13.94 14.45 15.04 15.77 18.61 20.23 21.58 22.85 20.15 24.45
27.81 27.23 24.38 23.14 23.07 22.48 22.34 19.56 16.21 16.21 15.77 18.54 20.37 20.44 20.73 21.24 18.54 11.68 10.37 8.69 5.26 0.00 0.00 0.00 0.00 0.00 0.00 8.03 10.88 14.31 14.89 13.51 15.04 17.23 18.03 18.03 15.26 12.05 11.24 11.83 14.24 14.97 16.06 12.63 12.56 12.26 12.78 17.16 18.61 21.61 21.97 22.05 19.05 18.03 15.18 14.09 13.94 14.67 16.94 18.25 18.25 21.53 23.43 24.24 19.71 16.06 15.11 13.65 12.92 12.70 13.58 13.72 15.04 15.04 13.94 16.71 20.74 22.69 25.50 34.37 35.63 30.41 25.93 25.37
25.77 29.57 27.52 24.97 22.78 21.83 21.02 20.81 20.22 20.22 18.54 24.02 27.89 25.84 24.53 18.98 15.55 12.56 5.48 0.00 0.00 0.00 0.00 0.00 0.00 0.00 4.89 8.40 11.68 14.75 16.13 17.16 18.83 21.75 22.92 22.92 19.05 15.40 14.67 18.47 18.69 14.89 14.89 16.28 15.91 12.12 16.43 20.88 20.29 18.61 17.01 14.97 13.43 13.58 13.29 12.56 13.94 15.62 16.13 15.11 15.11 15.55 15.33 15.48 15.62 14.45 13.94 14.09 14.02 14.67 14.67 14.60 13.43 13.40 16.30 18.95 21.54 21.13 21.19 28.61 25.92 23.20 21.36 22.12
19.20 20.95 20.29 22.34 19.56 18.61 17.81 17.16 21.46 21.46 24.38 28.18 24.02 18.32 14.09 12.19 9.56 5.48 0.00 0.00 0.00 0.00 0.00 0.00 2.92 7.01 11.75 12.26 14.45 14.53 16.21 18.61 19.78 21.68 23.94 23.94 21.61 18.32 19.49 21.83 23.43 18.32 18.69 19.35 17.23 15.48 18.32 20.44 18.25 16.35 12.56 9.93 7.81 8.03 9.56 9.42 10.66 12.92 14.24 14.97 14.97 15.77 15.99 15.99 15.99 15.48 14.45 13.07 12.63 14.45 16.28 15.18 14.12 14.92 17.70 19.57 22.11 20.49 29.20 29.20 27.72 24.99 28.88 29.31
11.61 13.72 16.21 18.91 20.59 21.39 21.39 22.70 24.89 24.89 22.27 16.21 13.65 11.32 7.59 4.60 0.00 0.00 0.00 0.00 0.00 3.58 9.34 10.95 10.80 12.19 14.75 15.84 15.11 15.04 15.91 16.64 16.50 15.99 17.96 17.96 18.69 17.37 19.42 22.48 23.00 17.16 16.35 17.23 15.33 13.14 13.72 12.63 11.83 10.95 9.78 8.18 8.25 8.40 8.83 9.93 14.97 18.98 21.32 19.71 19.71 18.03 16.43 14.24 13.87 12.70 11.75 11.53 12.70 11.90 12.78 11.97 10.56 9.71 10.39 17.66 24.81 29.20 23.42 25.18 26.57 26.28 24.47 27.30
11.61 13.72 16.21 18.91 20.59 21.39 21.39 22.70 24.89 24.89 22.27 16.21 13.65 11.32 7.59 4.60 0.00 0.00 0.00 0.00 0.00 3.58 9.34 10.95 10.80 12.19 14.75 15.84 15.11 15.04 15.91 16.64 16.50 15.99 17.96 17.96 18.69 17.37 19.42 22.48 23.00 17.16 16.35 17.23 15.33 13.14 13.72 12.63 11.83 10.95 9.78 8.18 8.25 8.40 8.83 9.93 14.97 18.98 21.32 19.71 19.71 18.03 16.43 14.24 13.87 12.70 11.75 11.53 12.70 11.90 12.78 11.97 10.29 9.56 10.07 16.40 22.11 27.04 24.98 26.13 26.57 25.71 26.88 29.20
12.41 12.41 13.87 15.70 16.72 15.40 16.57 18.10 17.89 17.89 14.45 9.34 7.37 6.50 0.00 0.00 0.00 0.00 8.18 9.34 9.86 11.97 12.78 12.70 12.85 12.85 13.80 13.94 11.17 10.22 10.00 12.48 16.35 17.45 17.16 17.16 16.28 16.72 18.54 19.93 15.26 12.70 11.10 0.00 0.00 0.00 0.00 0.00 12.26 10.73 9.34 9.42 11.24 10.29 10.59 11.68 15.99 19.71 20.95 18.69 18.69 16.28 13.43 12.12 11.83 11.83 12.70 14.89 15.62 13.51 12.78 9.78 10.29 8.76 10.41 14.41 22.99 23.28 24.40 25.39 25.25 27.91 25.61 24.91
12.41 12.56 12.85 13.21 12.12 11.46 10.95 10.73 9.78 9.78 8.91 4.31 0.00 0.00 0.00 0.00 3.43 3.50 7.66 11.97 11.68 10.80 9.93 9.05 8.10 10.22 12.78 14.97 16.35 14.38 9.64 12.05 15.48 17.89 17.30 17.30 14.97 14.97 16.64 0.00 0.00 0.00 0.00 0.00 0.00 0.00 0.00 0.00 0.00 0.00 0.00 0.00 0.00 8.10 8.98 10.44 11.97 12.19 12.12 14.97 14.97 15.84 16.94 16.13 14.97 15.26 15.70 16.06 15.70 14.16 11.61 9.56 10.07 10.72 12.91 18.14 14.90 21.15 22.57 20.90 23.48 23.36 23.50 25.79
14.02 17.23 15.62 14.16 14.09 11.39 10.73 14.60 15.18 15.18 12.92 9.56 5.62 5.11 3.94 5.18 5.99 7.45 11.90 15.99 15.91 15.26 14.53 13.43 12.85 13.21 15.70 17.81 18.61 16.57 13.87 12.99 12.70 15.26 14.16 14.16 14.60 14.82 0.00 0.00 0.00 0.00 0.00 0.00 0.00 0.00 0.00 0.00 0.00 0.00 0.00 0.00 0.00 0.00 14.31 13.21 11.46 12.56 14.89 18.10 18.10 18.47 17.16 15.62 17.08 16.86 14.02 11.97 13.36 12.99 12.99 11.90 9.89 12.69 17.02 18.91 21.15 23.58 20.92 20.87 21.95 21.33 20.62 18.08
18.91 18.76 16.86 16.43 15.91 14.60 14.75 14.82 13.36 13.36 11.10 10.66 10.29 10.29 9.71 9.49 9.42 8.47 11.10 12.19 13.36 15.84 17.74 18.47 19.78 17.45 12.85 12.48 13.36 13.65 12.85 13.14 14.16 14.24 13.29 13.29 12.48 0.00 0.00 0.00 0.00 0.00 0.00 0.00 0.00 0.00 0.00 0.00 0.00 0.00 0.00 0.00 0.00 0.00 13.65 17.74 16.57 12.63 13.21 16.13 16.13 17.23 17.16 12.78 13.94 13.14 9.34 8.69 12.70 14.82 15.33 11.97 0.00 0.00 17.25 18.70 21.90 19.90 20.29 19.76 19.03 20.22 18.91 17.79
18.91 18.76 16.86 16.43 15.91 14.60 14.75 14.82 13.36 13.36 11.10 10.66 10.29 10.29 9.71 9.49 9.42 8.47 11.10 12.19 13.36 15.84 17.74 18.47 19.78 17.45 12.85 12.48 13.36 13.65 12.85 13.14 14.16 14.24 13.29 13.29 12.48 0.00 0.00 0.00 0.00 0.00 0.00 0.00 0.00 0.00 0.00 0.00 0.00 0.00 0.00 0.00 0.00 0.00 13.65 17.74 16.57 12.63 13.21 16.13 16.13 17.23 17.16 12.78 13.94 13.14 9.34 8.69 12.70 14.82 15.33 14.69 0.00 0.00 15.49 23.14 22.22 22.00 20.69 17.82 18.40 17.39 20.57 20.20
17.08 17.45 14.60 14.60 12.12 11.24 11.53 14.75 16.57 16.57 15.26 13.51 10.88 8.25 6.64 5.11 3.65 2.77 3.07 4.96 5.91 8.54 11.17 12.34 12.92 12.56 11.75 11.97 12.78 15.18 14.60 14.53 15.04 12.92 12.26 12.26 13.80 0.00 0.00 0.00 0.00 0.00 11.68 8.61 0.00 0.00 0.00 0.00 0.00 0.00 0.00 0.00 0.00 0.00 6.94 11.02 11.90 12.26 9.71 8.69 8.69 10.66 12.99 11.46 10.73 8.69 7.74 10.80 14.09 12.63 11.04 9.18 0.00 14.97 17.89 20.87 20.44 17.44 15.99 18.89 17.86 16.50 18.62 16.66
16.28 17.37 15.84 13.58 11.46 8.76 7.81 10.22 8.40 8.40 5.84 4.09 3.72 3.58 3.58 3.43 2.48 1.61 2.99 5.04 5.69 5.48 6.13 7.96 9.93 10.15 10.95 12.70 13.07 14.31 13.21 13.51 13.14 11.83 14.24 14.24 8.47 7.23 8.18 9.13 10.44 11.17 10.95 0.00 0.00 0.00 0.00 0.00 0.00 0.00 0.00 0.00 0.00 0.00 0.00 0.00 5.33 6.57 5.55 4.45 4.45 0.00 0.00 1.68 1.46 8.03 12.78 17.16 17.67 16.21 13.20 9.44 15.12 12.74 14.08 13.95 15.51 17.87 18.74 20.74 16.18 18.33 17.31 19.43
10.73 15.18 16.13 15.40 13.43 11.24 7.59 6.42 5.77 5.77 4.67 4.53 4.60 4.89 5.62 3.94 3.72 3.65 3.43 3.50 5.84 8.83 10.07 10.51 10.44 9.93 11.32 11.17 10.44 9.93 12.12 12.92 12.63 11.68 9.42 9.42 8.10 7.88 10.59 10.00 8.40 0.00 0.00 0.00 0.00 0.00 0.00 0.00 0.00 0.00 0.00 0.00 0.00 0.00 0.00 0.00 0.00 6.06 6.72 2.41 2.41 1.46 7.88 7.59 7.30 12.78 17.52 20.37 19.71 16.72 15.18 23.65 24.75 23.51 20.59 20.03 19.64 22.39 25.28 21.01 21.29 19.11 17.66 19.33
5.33 5.77 9.27 11.53 12.99 12.78 11.46 8.98 7.88 7.88 5.40 4.23 4.23 4.31 4.67 4.60 4.45 4.82 5.55 5.69 6.42 9.49 11.61 10.37 9.78 9.71 9.27 8.69 8.61 11.24 14.75 15.33 14.60 10.95 12.41 12.41 10.80 8.32 7.01 6.28 0.00 0.00 0.00 0.00 0.00 0.00 0.00 0.00 0.00 0.00 0.00 0.00 0.00 0.00 3.58 4.45 4.09 2.99 0.00 0.66 0.66 8.76 11.75 10.80 12.70 13.36 15.40 20.22 23.14 21.83 20.08 34.09 33.51 29.27 26.78 25.34 27.79 23.70 24.71 23.45 22.45 17.54 19.77 15.48
5.69 2.70 2.04 5.11 6.50 8.10 9.86 8.69 6.94 6.94 5.62 5.40 6.79 6.28 4.09 4.67 4.60 2.99 3.14 6.35 7.52 7.66 6.79 7.96 9.64 11.39 10.44 8.83 10.29 13.58 15.48 15.04 16.06 14.09 12.63 12.63 7.45 3.80 2.41 0.00 0.00 0.00 0.00 0.00 0.00 0.00 0.00 0.00 0.00 0.00 0.00 0.00 0.00 7.23 12.41 12.99 11.46 6.72 4.89 8.61 8.61 10.07 8.29 5.62 8.47 8.61 15.99 27.01 24.75 24.38 28.91 31.61 32.19 31.10 30.87 29.83 34.00 26.21 26.69 21.69 17.81 17.46 21.37 20.17
5.69 2.70 2.04 5.11 6.50 8.10 9.86 8.69 6.94 6.94 5.62 5.40 6.79 6.28 4.09 4.67 4.60 2.99 3.14 6.35 7.52 7.66 6.79 7.96 9.64 11.39 10.44 8.83 10.29 13.58 15.48 15.04 16.06 14.09 12.63 12.63 7.45 3.80 2.41 0.00 0.00 0.00 0.00 0.00 0.00 0.00 0.00 0.00 0.00 0.00 0.00 0.00 0.00 7.23 12.41 12.99 11.46 6.72 4.89 8.61 8.61 10.07 8.29 5.62 8.47 8.61 15.99 27.01 24.75 24.38 28.91 31.61 32.19 31.10 29.64 29.99 26.40 23.06 22.36 25.25 21.79 17.83 16.74 18.61
4.53 4.53 4.74 5.62 5.62 7.37 6.50 5.11 6.06 6.06 7.66 6.94 6.86 5.91 2.56 1.83 4.16 6.06 7.66 8.54 10.07 11.02 10.80 10.73 11.10 11.53 12.85 12.63 12.99 15.48 14.67 14.97 8.91 8.10 6.28 6.28 3.36 0.00 0.00 0.00 0.00 0.00 0.00 0.00 0.00 0.00 0.00 0.00 0.00 0.00 12.05 17.67 20.88 19.78 20.51 19.71 19.05 15.40 13.21 12.78 12.78 9.56 4.23 6.50 10.80 11.32 14.60 18.40 17.67 25.19 27.52 30.59 31.97 34.38 34.53 33.24 31.97 33.60 28.63 24.90 23.89 19.38 23.69 28.34
1.83 5.48 9.13 11.32 12.48 15.26 16.35 13.07 9.42 9.42 7.23 4.60 2.85 2.26 2.63 1.75 3.50 7.81 11.46 12.34 10.44 10.29 10.66 10.37 9.64 11.68 16.35 15.18 13.58 14.53 13.14 5.99 5.91 0.00 0.00 0.00 0.00 0.00 0.00 0.00 0.00 0.00 0.00 0.00 0.00 0.00 0.00 13.80 19.20 19.64 19.49 20.22 21.97 24.45 25.04 22.41 16.43 10.29 9.20 8.32 8.32 3.94 0.00 7.30 13.43 15.48 17.23 17.67 17.52 24.97 25.99 30.51 34.24 34.46 35.49 35.76 34.75 33.54 33.42 31.30 35.28 22.57 25.69 29.82
1.97 3.72 6.20 8.61 11.02 7.81 8.32 8.03 6.64 6.64 6.50 4.53 3.50 2.92 2.19 1.90 1.39 2.12 3.72 12.26 12.05 9.49 11.02 11.75 11.97 13.14 17.45 16.86 13.80 12.12 12.41 0.00 0.00 0.00 0.00 0.00 0.00 0.00 0.00 0.00 0.00 0.00 0.00 0.00 0.00 0.00 0.00 3.87 9.64 16.43 20.81 17.59 12.92 19.05 21.97 20.08 12.85 9.05 3.94 0.00 0.00 0.00 0.00 7.37 11.46 18.91 23.43 21.24 23.94 23.94 26.21 31.03 35.43 34.51 32.68 31.93 35.39 28.86 25.04 29.09 29.09 29.74 23.99 22.88
4.16 2.41 1.39 2.04 3.43 6.13 5.40 5.18 6.42 6.42 6.72 5.62 2.19 1.83 2.19 0.95 1.61 2.99 5.77 9.93 12.26 12.78 13.87 15.77 12.85 12.92 13.94 17.23 14.60 11.53 0.00 0.00 0.00 0.00 0.00 0.00 0.00 0.00 0.00 0.00 0.00 0.00 7.15 7.66 3.21 7.37 15.70 17.37 16.79 18.25 18.69 15.18 10.37 10.22 14.82 12.63 10.37 9.20 5.55 0.00 0.00 4.67 0.00 0.00 7.66 17.01 20.22 21.24 25.04 28.62 29.78 31.17 33.64 32.78 31.89 27.81 27.18 28.09 22.54 25.41 27.95 24.01 23.92 17.94
1.75 1.90 1.39 1.24 2.63 4.02 3.72 3.50 4.45 4.45 3.94 2.19 1.31 2.04 4.31 7.23 5.33 3.65 3.94 8.61 12.19 11.02 10.22 10.88 9.13 6.50 7.74 12.99 9.34 0.00 0.00 0.00 0.00 0.00 0.00 0.00 0.00 0.00 0.00 0.00 2.85 11.83 16.79 18.47 18.76 17.89 19.35 20.59 15.62 9.49 13.29 19.93 21.39 18.61 15.26 13.94 13.21 8.83 7.66 5.91 5.91 0.00 0.00 0.00 6.35 11.97 15.84 25.19 26.72 31.24 32.34 30.61 35.73 30.32 26.20 24.61 23.81 25.55 25.58 25.15 25.53 21.57 17.93 10.37
1.75 1.90 1.39 1.24 2.63 4.02 3.72 3.50 4.45 4.45 3.94 2.19 1.31 2.04 4.31 7.23 5.33 3.65 3.94 8.61 12.19 11.02 10.22 10.88 9.13 6.50 7.74 12.99 9.34 0.00 0.00 0.00 0.00 0.00 0.00 0.00 0.00 0.00 0.00 0.00 2.85 11.83 16.79 18.47 18.76 17.89 19.35 20.59 15.62 9.49 13.29 19.93 21.39 18.61 15.26 13.94 13.21 8.83 7.66 5.91 5.91 0.00 0.00 0.00 6.35 11.97 15.84 25.19 26.72 31.24 32.51 30.29 32.31 33.79 27.95 28.71 27.64 24.73 26.72 24.44 26.99 25.58 16.36 8.81
0.00 0.00 0.00 0.00 2.92 0.00 0.00 0.00 0.00 0.00 0.00 1.53 0.00 3.50 1.68 0.00 1.68 2.34 3.29 3.29 3.50 2.63 3.29 5.69 3.87 3.29 6.42 9.27 9.71 0.00 0.00 0.00 0.00 0.00 0.00 0.00 0.00 0.00 0.00 0.00 9.64 15.40 20.29 19.42 18.10 18.76 18.25 15.11 8.10 4.96 4.31 9.05 13.94 14.09 12.85 13.43 10.15 9.05 8.32 0.00 0.00 0.00 0.00 0.00 10.44 14.09 30.30 30.59 30.30 31.93 33.85 33.33 35.76 35.51 30.21 27.56 25.52 23.22 24.70 24.47 23.94 25.17 14.87 7.34
0.00 0.00 0.00 0.00 0.00 0.00 0.00 0.00 0.00 0.00 0.00 1.68 1.83 0.00 0.00 2.48 3.07 3.43 2.56 0.00 3.07 2.56 1.97 0.00 0.00 2.99 6.86 9.05 6.13 0.00 0.00 0.00 0.00 0.00 0.00 0.00 0.00 0.00 8.61 13.72 13.14 15.77 17.67 18.98 18.91 18.54 17.52 14.31 8.25 0.00 0.00 2.48 7.52 7.66 3.50 3.36 7.23 10.29 11.17 8.47 8.47 6.13 5.91 0.00 15.18 20.88 29.35 32.41 34.89 35.84 35.19 29.73 29.84 28.75 22.93 17.99 21.20 21.53 21.90 23.90 24.15 23.06 16.27 9.63
0.00 0.00 0.00 0.00 0.00 0.00 0.00 0.00 0.00 0.00 0.00 0.00 0.00 0.00 0.00 0.00 0.00 0.00 2.70 2.12 0.00 2.70 0.00 2.92 6.20 4.31 3.50 5.04 0.00 0.00 0.00 0.00 0.00 0.00 0.00 0.00 0.00 10.51 12.48 16.06 17.16 17.23 15.26 12.63 8.47 2.70 0.00 0.00 0.00 0.00 0.00 0.00 0.00 0.00 0.00 0.00 0.00 10.44 10.95 0.00 0.00 0.00 0.00 0.00 0.00 30.51 32.27 33.43 35.19 35.19 33.29 28.28 26.32 23.70 17.29 16.60 18.53 19.84 17.07 21.74 19.29 17.80 12.22 10.15
4.09 5.84 4.53 3.36 5.69 4.38 0.00 6.42 5.55 5.55 2.34 0.00 0.00 0.00 0.00 0.00 0.00 1.83 2.26 1.75 0.00 2.26 0.00 0.00 0.00 0.00 0.00 0.00 0.00 0.00 0.00 0.00 0.00 0.00 0.00 0.00 5.69 5.40 7.37 7.74 7.23 6.42 6.50 6.42 0.00 0.00 0.00 0.00 0.00 0.00 0.00 0.00 0.00 0.00 0.00 0.00 0.00 0.00 0.00 0.00 0.00 0.00 0.00 0.00 29.57 31.54 32.12 33.94 35.19 35.62 33.43 27.06 22.31 15.98 14.60 12.71 13.81 14.60 9.73 9.05 12.28 11.55 7.41 9.93
6.86 5.69 6.06 4.74 4.23 0.00 4.96 4.45 4.16 4.16 0.00 0.00 0.00 0.00 0.00 0.00 0.00 0.00 0.00 0.44 0.00 0.00 0.00 0.00 0.00 0.00 0.00 0.00 0.00 0.00 0.00 0.00 0.00 0.00 0.00 0.00 0.00 0.00 0.00 0.00 0.00 0.00 0.00 0.00 0.00 0.00 0.00 0.00 0.00 0.00 0.00 0.00 0.00 0.00 0.00 0.00 0.00 0.00 0.00 0.00 0.00 9.56 11.97 11.97 27.96 26.28 28.98 32.70 34.09 35.99 34.53 26.28 16.38 8.57 5.87 5.04 6.07 6.74 0.00 2.56 3.09 4.13 3.80 1.33
6.64 6.20 6.13 5.48 4.23 4.74 5.11 3.50 2.70 2.70 1.83 0.00 0.00 2.34 0.00 0.15 0.00 0.00 0.00 0.95 0.00 0.00 0.00 0.00 0.00 0.00 0.00 0.00 0.00 0.00 0.00 0.00 0.00 0.00 0.00 0.00 0.00 0.00 0.00 0.00 0.00 0.00 0.00 0.00 0.00 0.00 0.00 0.00 0.00 0.00 0.00 0.00 0.00 0.00 0.00 0.00 0.00 0.00 15.26 11.53 11.53 12.12 16.64 15.40 16.13 21.75 25.92 27.67 30.30 30.22 26.43 17.68 10.73 5.88 4.79 0.00 0.00 0.00 0.00 0.00 0.00 0.00 0.00 0.00
6.64 6.20 6.13 5.48 4.23 4.74 5.11 3.50 2.70 2.70 1.83 0.00 0.00 2.34 0.00 0.15 0.00 0.00 0.00 0.95 0.00 0.00 0.00 0.00 0.00 0.00 0.00 0.00 0.00 0.00 0.00 0.00 0.00 0.00 0.00 0.00 0.00 0.00 0.00 0.00 0.00 0.00 0.00 0.00 0.00 0.00 0.00 0.00 0.00 0.00 0.00 0.00 0.00 0.00 0.00 0.00 0.00 0.00 15.26 11.53 11.53 12.12 16.64 15.40 16.13 21.75 25.92 27.67 30.30 30.22 26.43 17.59 10.56 5.80 4.79 0.00 0.00 0.00 0.00 0.00 0.00 0.00 0.00 0.00
4.16 4.16 5.26 5.69 0.00 4.16 4.82 3.07 1.97 1.97 1.02 1.31 2.26 1.02 0.00 0.00 0.00 0.00 0.00 0.00 0.00 0.00 0.00 0.00 0.00 0.00 0.00 0.00 0.00 0.00 0.00 0.00 0.00 0.00 0.00 0.00 0.00 0.00 0.00 0.00 0.00 0.00 0.00 0.00 0.00 0.00 0.00 0.00 0.00 0.00 0.00 0.00 0.00 0.00 0.00 0.00 0.00 0.00 0.00 0.00 0.00 0.00 0.00 11.46 19.35 22.19 24.75 28.11 27.96 25.48 20.22 6.42 1.68 1.70 0.00 0.00 0.00 0.00 0.00 0.00 0.00 0.00 0.00 0.00
5.26 0.00 0.00 0.00 0.00 0.00 1.61 1.39 0.73 0.73 0.73 0.00 0.00 1.83 1.02 1.10 0.00 1.17 0.00 0.00 0.00 0.00 0.00 0.00 0.00 0.00 0.00 0.00 0.00 0.00 0.00 0.00 0.00 0.00 0.00 0.00 0.00 0.00 0.00 0.00 0.00 0.00 0.00 0.00 0.00 0.00 0.00 0.00 0.00 0.00 0.00 0.00 0.00 0.00 0.00 0.00 0.00 0.00 0.00 0.00 0.00 0.00 9.56 10.73 11.75 14.31 21.02 22.48 19.49 20.08 19.78 12.05 2.04 0.73 0.00 0.00 0.00 0.00 0.00 0.00 0.00 0.00 0.00 0.00
