Wansh/Snow_depth/snowdepth-1984/spring/1984073.txt
ncols 321
nrows 161
xllcenter 60
yllcenter 15 
cellsize  0.25 
NODATA_value -1
[rows 0 to 36 of 161, columns 84 to 167 of 321]
26.86 27.67 26.28 24.31 21.32 18.54 16.64 16.35 18.98 20.37 20.66 21.24 21.83 23.07 24.82 25.19 23.43 19.49 19.49 14.24 9.42 7.52 8.25 9.20 8.76 8.83 8.98 10.44 13.51 14.31 14.09 15.26 14.53 17.01 18.25 18.54 16.79 16.57 15.77 15.11 13.36 9.05 7.59 7.59 7.96 5.33 5.33 8.10 12.63 17.30 19.13 21.17 11.68 12.12 13.65 14.24 13.07 12.63 11.53 10.07 7.59 8.10 7.59 5.18 5.18 6.79 8.98 9.42 9.42 10.00 12.70 18.76 17.01 15.91 13.80 13.94 13.29 17.81 19.13 17.67 14.60 12.34 12.70 14.45
23.87 24.75 23.58 20.44 18.76 17.16 16.28 17.59 19.05 18.69 19.35 18.18 15.99 21.97 25.77 26.79 27.59 26.65 26.65 22.63 16.79 12.48 9.78 8.32 7.08 6.50 7.15 8.54 11.90 13.80 12.70 9.78 8.83 9.86 11.83 13.14 16.43 17.01 17.08 18.69 19.71 17.30 13.58 13.58 11.02 8.18 6.13 8.69 13.58 16.64 18.47 8.40 7.88 9.05 9.34 10.07 10.29 11.39 10.22 8.83 9.49 10.22 8.69 6.94 6.64 8.18 9.64 10.00 10.00 11.39 13.21 16.79 18.76 18.61 17.45 18.03 20.29 21.75 20.51 19.27 18.83 16.06 14.60 14.02
22.92 23.94 21.61 17.08 16.35 18.61 20.22 20.51 21.75 21.53 22.48 21.53 18.10 19.56 19.56 20.95 22.41 23.87 23.87 23.73 22.56 20.22 15.40 11.39 8.98 7.01 5.99 5.62 6.57 9.42 10.66 9.13 6.13 5.91 7.08 7.01 8.10 10.29 12.12 14.38 13.87 10.15 5.62 5.62 6.13 7.66 7.52 7.74 9.78 14.82 8.98 7.66 6.35 7.81 11.61 13.58 17.52 18.47 17.89 15.40 14.16 14.16 14.82 12.70 12.19 12.70 13.65 13.80 13.80 13.65 10.59 9.86 13.43 15.91 20.51 20.73 22.27 23.58 24.45 24.82 25.55 25.19 23.21 21.24
22.92 23.94 21.61 17.08 16.35 18.61 20.22 20.51 21.75 21.53 22.48 21.53 18.10 19.56 19.56 20.95 22.41 23.87 23.87 23.73 22.56 20.22 15.40 11.39 8.98 7.01 5.99 5.62 6.57 9.42 10.66 9.13 6.13 5.91 7.08 7.01 8.10 10.29 12.12 14.38 13.87 10.15 5.62 5.62 6.13 7.66 7.52 7.74 9.78 14.82 8.98 7.66 6.35 7.81 11.61 13.58 17.52 18.47 17.89 15.40 14.16 14.16 14.82 12.70 12.19 12.70 13.65 13.80 13.80 13.65 10.59 9.86 13.43 15.91 20.51 20.73 22.27 23.58 24.45 24.82 25.55 25.19 23.21 21.24
18.69 16.64 13.87 17.30 21.61 22.63 21.24 22.19 23.51 24.89 23.73 23.00 15.91 13.65 13.14 15.55 17.74 19.56 19.56 21.46 22.92 20.66 16.57 11.02 8.61 7.30 5.26 4.53 6.13 7.23 9.64 7.81 5.62 2.99 2.34 4.38 7.01 9.42 11.02 14.02 16.57 17.89 18.83 18.83 16.50 15.18 9.49 7.74 9.05 12.05 9.86 9.05 7.81 6.72 7.45 8.54 9.20 13.80 16.06 18.61 21.39 19.56 17.81 16.28 17.01 19.56 19.20 18.47 18.47 17.52 15.33 14.31 15.04 16.57 20.44 22.92 23.94 22.78 22.05 21.75 21.83 23.87 21.61 21.24
20.73 20.73 20.73 18.98 15.18 12.63 11.32 10.80 14.02 17.74 20.88 21.32 20.08 17.01 12.63 9.78 11.17 14.67 14.67 16.64 20.00 21.10 19.71 14.89 11.10 8.76 7.01 7.01 8.76 6.79 7.15 9.05 8.10 8.47 8.47 8.61 10.88 12.19 12.56 12.48 11.75 14.24 17.67 17.67 23.00 24.82 19.27 11.02 20.66 14.45 11.32 10.00 9.64 9.20 9.05 8.03 8.54 10.44 13.94 17.16 19.27 20.37 22.48 22.12 20.08 19.05 18.03 16.28 16.28 16.35 17.45 17.01 19.05 15.77 14.82 12.34 13.29 14.16 15.99 19.13 20.08 20.51 21.90 24.09
19.35 18.98 18.54 18.10 15.62 13.94 13.72 12.63 11.90 11.17 21.90 20.66 22.78 24.09 22.78 18.91 14.45 11.83 11.83 12.19 14.02 17.52 20.15 19.35 15.62 10.29 8.47 7.45 7.45 6.94 7.23 9.20 12.48 15.62 14.38 10.29 10.88 12.56 12.05 11.17 11.39 11.39 13.36 13.36 16.72 22.19 26.21 24.97 17.23 12.34 11.61 10.22 9.56 9.05 11.17 12.34 14.60 16.86 16.86 17.52 20.59 25.92 28.18 26.86 25.77 23.87 21.39 21.97 21.97 19.05 19.49 20.81 20.15 21.68 18.83 17.74 16.35 12.70 11.61 14.24 18.54 22.05 23.21 26.06
19.35 18.98 18.54 18.10 15.62 13.94 13.72 12.63 11.90 11.17 21.90 20.66 22.78 24.09 22.78 18.91 14.45 11.83 11.83 12.19 14.02 17.52 20.15 19.35 15.62 10.29 8.47 7.45 7.45 6.94 7.23 9.20 12.48 15.62 14.38 10.29 10.88 12.56 12.05 11.17 11.39 11.39 13.36 13.36 16.72 22.19 26.21 24.97 17.23 12.34 11.61 10.22 9.56 9.05 11.17 12.34 14.60 16.86 16.86 17.52 20.59 25.92 28.18 26.86 25.77 23.87 21.39 21.97 21.97 19.05 19.49 20.81 20.15 21.68 18.83 17.74 16.35 12.70 11.61 14.24 18.54 22.05 23.21 26.06
16.86 15.70 14.97 16.35 15.91 12.92 11.75 12.26 12.63 17.74 22.05 22.48 21.53 21.32 21.24 21.83 21.17 17.08 17.08 11.39 9.34 11.24 16.72 19.20 16.06 12.05 9.93 9.20 8.10 7.30 7.66 10.07 13.21 15.26 12.99 6.64 3.43 4.60 6.86 9.13 11.61 12.26 11.17 11.17 11.53 16.94 11.10 12.12 11.24 9.64 8.10 9.78 7.45 8.61 9.78 10.95 12.56 14.75 14.82 16.13 18.10 20.66 24.97 23.29 23.73 25.77 24.75 23.00 23.00 20.88 21.75 21.68 20.22 20.22 21.39 20.00 16.35 15.18 15.40 12.56 13.43 14.31 16.94 18.98
12.34 13.14 13.94 15.62 15.77 12.34 12.05 11.24 13.94 15.33 15.84 14.75 18.69 19.20 18.76 18.54 20.08 22.12 22.12 22.34 18.76 11.97 14.89 14.53 13.65 10.80 10.15 8.47 9.42 9.93 9.56 11.75 13.07 13.43 11.24 5.99 2.26 2.04 2.19 4.60 7.66 11.61 14.89 14.89 14.82 6.79 9.20 10.95 14.24 15.18 16.50 20.29 17.37 15.18 13.72 12.78 10.51 11.90 11.75 12.05 12.85 14.02 13.43 14.82 16.72 18.18 17.52 16.43 16.43 17.81 18.91 20.15 19.78 18.76 17.59 17.89 20.88 23.80 21.90 17.96 14.31 13.51 12.85 13.80
13.29 12.19 11.75 12.34 10.51 7.37 6.72 11.02 11.46 13.43 12.63 13.21 16.13 17.89 17.52 15.62 15.70 16.86 16.86 21.61 22.41 17.59 13.58 11.39 11.17 11.17 10.37 9.56 9.86 10.22 9.86 10.07 12.26 14.09 9.78 4.53 4.74 7.66 6.42 6.72 7.23 10.80 12.26 12.26 17.45 8.83 9.71 13.14 13.36 12.12 14.31 17.37 16.72 14.75 14.67 14.75 14.53 14.60 13.80 13.87 15.70 14.89 13.87 14.75 16.72 20.81 25.84 25.62 25.62 27.89 26.57 21.68 20.81 18.03 14.89 18.03 21.17 18.47 15.77 15.48 14.67 15.77 15.33 13.14
13.29 12.19 11.75 12.34 10.51 7.37 6.72 11.02 11.46 13.43 12.63 13.21 16.13 17.89 17.52 15.62 15.70 16.86 16.86 21.61 22.41 17.59 13.58 11.39 11.17 11.17 10.37 9.56 9.86 10.22 9.86 10.07 12.26 14.09 9.78 4.53 4.74 7.66 6.42 6.72 7.23 10.80 12.26 12.26 17.45 8.83 9.71 13.14 13.36 12.12 14.31 17.37 16.72 14.75 14.67 14.75 14.53 14.60 13.80 13.87 15.70 14.89 13.87 14.75 16.72 20.81 25.84 25.62 25.62 27.89 26.57 21.68 20.81 18.03 14.89 18.03 21.17 18.47 15.77 15.48 14.67 15.77 15.33 13.14
13.21 12.56 11.02 7.08 0.00 0.00 0.00 5.48 6.28 9.42 12.48 12.85 10.73 10.15 8.18 12.48 17.74 20.37 20.37 21.02 19.71 14.53 9.13 9.56 10.22 10.66 11.24 10.80 10.07 9.05 7.74 8.98 12.85 14.45 11.32 10.00 10.37 9.34 7.01 4.31 4.67 5.33 6.86 6.86 12.56 10.44 9.93 10.29 11.53 13.51 19.05 19.42 17.23 14.75 15.26 17.96 21.83 25.19 22.63 18.98 16.94 15.48 14.31 14.45 15.55 19.78 18.83 23.14 23.14 25.19 24.97 25.19 21.61 17.45 17.81 22.70 22.56 24.67 22.56 20.51 20.88 19.86 20.15 18.98
13.07 10.44 7.08 2.99 0.00 0.00 0.00 0.00 0.00 4.96 8.83 13.36 16.28 16.13 18.25 21.97 26.43 29.86 29.86 28.18 20.15 12.56 9.56 10.95 11.10 10.73 9.86 8.69 0.00 8.10 7.88 8.83 9.93 10.73 10.51 11.90 11.68 9.42 8.47 8.98 11.53 7.30 11.61 11.61 13.07 13.94 16.21 15.55 15.04 15.33 16.64 17.23 16.72 17.59 17.16 17.52 18.98 19.86 20.51 18.83 20.29 20.29 20.00 20.37 20.59 24.60 26.57 23.07 23.07 24.16 28.69 28.47 28.25 23.21 21.10 20.00 19.93 19.42 18.98 20.37 17.23 12.34 10.66 14.97
11.17 9.13 6.79 5.99 0.00 2.04 0.00 0.00 0.00 3.80 5.99 7.81 14.24 20.08 24.16 28.62 31.97 30.30 30.30 28.03 22.63 14.67 0.00 0.00 10.95 10.07 8.83 8.98 12.63 12.48 11.39 11.17 11.53 10.00 12.70 18.47 16.79 11.10 14.31 15.77 15.33 12.99 12.05 12.05 12.99 15.48 17.81 19.35 18.32 17.67 17.23 18.25 19.35 19.64 20.88 24.53 26.06 22.19 15.33 12.78 13.80 15.40 17.52 21.17 17.67 19.56 19.64 16.72 16.72 22.19 22.27 21.24 16.50 11.46 14.67 14.31 7.01 0.00 5.62 14.31 13.80 13.29 12.19 13.07
11.83 12.05 11.17 10.80 0.00 0.00 5.18 7.23 10.15 10.59 11.39 16.28 23.51 23.14 21.75 23.14 23.73 20.00 20.00 18.61 16.94 14.02 12.85 11.24 9.05 9.13 11.10 14.24 16.57 20.66 22.05 23.58 20.15 17.30 19.93 23.29 23.07 14.89 12.78 12.63 14.45 14.89 13.07 13.07 11.46 14.53 15.91 15.70 17.59 17.96 16.72 12.70 16.72 22.48 25.99 26.50 25.70 21.90 14.24 9.64 8.03 9.05 10.29 12.41 15.62 21.83 18.18 18.32 18.32 23.43 24.45 19.13 10.73 9.20 13.87 13.94 0.00 0.00 0.00 11.75 12.63 10.15 13.14 16.43
11.83 12.05 11.17 10.80 0.00 0.00 5.18 7.23 10.15 10.59 11.39 16.28 23.51 23.14 21.75 23.14 23.73 20.00 20.00 18.61 16.94 14.02 12.85 11.24 9.05 9.13 11.10 14.24 16.57 20.66 22.05 23.58 20.15 17.30 19.93 23.29 23.07 14.89 12.78 12.63 14.45 14.89 13.07 13.07 11.46 14.53 15.91 15.70 17.59 17.96 16.72 12.70 16.72 22.48 25.99 26.50 25.70 21.90 14.24 9.64 8.03 9.05 10.29 12.41 15.62 21.83 18.18 18.32 18.32 23.43 24.45 19.13 10.73 9.20 13.87 13.94 0.00 0.00 0.00 11.75 12.63 10.15 13.14 16.43
10.51 12.26 11.83 11.10 7.96 7.96 7.59 9.13 11.83 14.24 15.04 17.67 19.71 19.64 19.13 16.72 16.06 15.04 15.04 13.87 15.26 18.18 18.76 15.04 12.85 13.51 16.13 19.71 20.73 24.31 30.00 29.13 20.59 17.74 15.26 9.20 9.42 8.98 9.20 10.00 17.67 18.91 18.03 18.03 19.78 20.81 18.76 18.91 19.93 21.02 21.39 18.83 19.05 21.24 22.12 21.17 18.47 13.87 10.66 13.65 15.91 15.33 12.85 8.76 12.56 14.67 15.55 22.05 22.05 27.67 24.31 10.51 8.47 11.53 16.06 13.29 6.06 0.00 0.00 6.57 7.59 7.52 8.03 12.41
16.06 15.77 14.38 16.64 12.78 11.02 10.88 10.95 11.83 12.85 13.36 14.16 12.85 9.93 11.90 13.87 14.97 15.77 15.77 12.63 13.72 20.88 21.83 21.53 18.47 14.02 11.61 18.54 22.34 25.55 27.74 23.51 16.21 11.24 8.61 6.20 10.29 12.41 12.99 17.23 21.61 22.78 19.93 19.93 19.64 18.18 13.07 12.99 15.84 16.57 18.10 18.40 17.16 18.47 20.37 19.71 18.03 17.08 18.18 24.60 28.03 24.53 17.30 13.14 13.51 13.43 17.16 25.11 25.11 27.52 26.57 12.12 9.42 11.53 10.22 5.91 3.58 3.43 2.63 1.75 4.16 8.83 8.69 10.37
15.62 16.35 16.86 16.13 14.16 12.41 12.41 14.16 15.55 15.84 17.81 21.24 18.25 11.10 12.34 15.11 12.05 12.48 12.48 11.53 10.44 10.95 13.51 18.69 19.42 13.21 10.15 12.05 15.62 19.35 22.56 25.55 25.04 14.02 6.06 4.31 6.28 9.93 7.96 11.75 14.45 17.52 19.86 19.86 24.02 21.90 12.63 11.90 16.13 18.61 19.20 19.49 16.94 15.55 15.77 16.64 19.35 18.98 20.66 25.19 29.49 28.69 21.90 15.26 17.01 18.03 23.07 22.48 22.48 17.37 9.86 5.33 3.29 1.17 0.80 1.90 4.45 5.91 4.31 3.21 4.31 5.55 8.03 9.49
12.19 12.92 23.21 22.34 21.10 17.16 14.31 16.57 20.95 21.39 21.90 27.30 25.40 23.21 21.02 22.27 20.88 18.32 18.32 16.86 11.97 10.15 11.46 15.33 17.59 15.62 12.99 13.87 19.05 21.46 24.67 29.42 32.92 28.84 21.46 14.09 10.51 4.89 7.23 9.49 11.53 14.82 18.83 18.83 27.16 27.81 23.14 19.20 16.86 16.79 16.50 20.00 18.32 14.24 15.62 18.47 17.52 15.33 14.53 15.91 17.59 18.98 14.02 17.74 18.47 18.54 14.97 9.13 9.13 5.62 2.63 2.04 1.17 0.58 0.95 1.97 3.58 5.26 4.16 3.72 4.23 4.74 7.30 8.69
12.05 18.10 21.24 22.78 22.92 21.90 19.35 19.86 21.68 22.85 21.32 20.08 21.24 20.44 21.90 22.41 23.80 24.09 24.09 22.27 18.47 13.07 10.22 14.24 20.15 20.73 20.95 21.46 19.49 21.61 28.32 30.30 27.23 22.27 20.51 15.55 12.99 0.00 10.00 15.70 15.77 10.07 9.20 9.20 15.11 17.52 17.45 16.94 13.80 13.29 16.64 20.95 23.94 24.53 23.87 22.78 21.10 18.03 16.64 15.04 14.38 13.29 12.19 10.95 11.24 13.36 9.64 5.55 5.55 3.07 3.36 2.04 2.26 1.97 2.34 2.99 4.09 4.16 3.72 3.72 4.23 3.14 2.26 6.50
12.05 18.10 21.24 22.78 22.92 21.90 19.35 19.86 21.68 22.85 21.32 20.08 21.24 20.44 21.90 22.41 23.80 24.09 24.09 22.27 18.47 13.07 10.22 14.24 20.15 20.73 20.95 21.46 19.49 21.61 28.32 30.30 27.23 22.27 20.51 15.55 12.99 0.00 10.00 15.70 15.77 10.07 9.20 9.20 15.11 17.52 17.45 16.94 13.80 13.29 16.64 20.95 23.94 24.53 23.87 22.78 21.10 18.03 16.64 15.04 14.38 13.29 12.19 10.95 11.24 13.36 9.64 5.55 5.55 3.07 3.36 2.04 2.26 1.97 2.34 2.99 4.09 4.16 3.72 3.72 4.23 3.14 2.26 6.50
18.61 21.17 22.12 20.66 22.27 22.56 21.68 24.53 27.89 29.05 31.10 29.35 26.72 23.43 22.78 23.94 23.73 25.04 25.04 23.43 21.75 20.73 18.54 19.05 23.07 24.16 21.83 16.64 11.10 10.73 15.40 21.83 25.19 21.32 10.66 9.34 4.16 0.00 5.99 10.88 10.66 8.25 9.27 9.27 12.56 10.29 10.88 13.94 16.64 16.06 15.40 16.64 19.49 22.92 24.89 25.19 23.00 21.53 19.71 19.42 19.49 14.82 14.82 15.77 16.64 12.12 9.20 12.12 12.12 13.29 11.46 8.10 4.67 3.65 1.83 2.85 3.65 3.43 3.36 3.80 3.80 3.94 4.74 6.06
20.00 20.59 20.44 18.40 18.32 21.32 22.85 24.38 28.40 29.64 33.80 37.60 35.92 30.44 26.28 28.62 29.35 30.73 30.73 31.97 31.46 29.05 29.20 31.21 30.96 33.23 29.05 24.60 18.83 10.51 5.69 6.42 11.46 13.58 9.64 3.94 4.02 3.07 5.18 5.77 5.26 5.55 5.99 5.99 6.06 6.57 7.15 7.59 7.74 9.20 13.07 14.31 13.80 13.21 11.61 12.34 14.97 20.08 25.70 25.92 22.70 17.23 20.00 22.48 23.58 16.72 10.88 15.40 15.40 18.54 16.28 9.42 10.80 6.13 3.36 2.92 2.12 2.04 2.92 5.62 7.08 4.67 6.20 6.13
17.37 17.81 20.44 19.05 18.18 27.45 28.40 28.47 28.54 30.15 31.68 33.80 35.92 36.06 34.38 29.57 27.23 27.74 27.74 28.11 28.03 28.69 30.66 34.84 39.05 30.84 29.67 25.06 18.69 13.72 10.07 6.94 5.11 4.96 0.00 5.18 6.94 7.30 8.76 8.69 9.27 9.20 9.64 9.64 9.27 9.34 8.91 8.10 7.88 5.40 4.23 6.13 5.69 5.91 7.37 8.03 12.12 18.76 25.62 27.16 17.96 18.03 21.02 20.44 20.51 19.71 16.35 12.85 12.85 12.70 12.12 7.88 7.37 5.48 4.23 4.23 4.02 4.53 5.04 4.02 3.14 2.70 2.63 3.21
18.18 20.08 23.07 25.48 29.05 33.22 37.60 36.06 33.43 31.76 27.52 27.89 28.54 29.35 28.62 28.98 29.05 29.13 29.13 30.15 32.19 34.24 32.96 31.46 30.03 28.90 31.75 30.53 24.84 13.41 8.83 5.48 5.18 4.67 9.71 9.78 9.86 10.15 8.61 7.59 9.56 8.61 7.66 7.66 8.47 10.66 10.88 9.86 10.29 8.40 6.94 5.77 4.96 5.18 5.99 7.08 8.69 12.63 19.64 26.21 20.95 18.83 17.16 16.86 15.18 21.75 24.02 20.51 20.51 17.30 13.14 12.05 11.02 11.75 10.51 9.86 9.20 6.94 6.06 4.96 2.77 2.34 2.77 5.48
22.92 25.26 30.73 34.16 33.94 34.60 37.23 35.33 27.01 23.94 23.51 22.05 20.08 21.68 26.28 30.95 34.82 36.94 36.94 39.29 37.61 38.69 37.70 34.02 35.20 31.61 33.56 36.90 34.88 21.97 12.84 11.53 6.94 21.24 17.96 15.55 10.66 10.66 9.42 6.57 9.27 11.83 11.10 11.10 10.95 10.73 10.73 8.69 9.42 8.40 5.91 0.00 4.82 3.87 5.55 6.57 7.15 9.05 14.02 22.05 25.48 23.21 26.43 25.48 17.16 22.70 28.25 26.35 26.35 23.94 21.83 17.16 16.21 15.77 14.82 11.39 6.57 3.87 5.18 3.29 2.63 3.29 4.09 4.82
22.92 25.26 30.73 34.16 33.94 34.60 37.23 35.33 27.01 23.94 23.51 22.05 20.08 21.68 26.28 30.95 34.82 36.94 37.12 40.56 38.18 41.42 36.76 34.89 34.67 31.61 32.56 34.29 32.59 22.31 12.97 12.01 7.79 22.48 18.42 15.55 10.66 10.66 9.42 6.57 9.27 11.83 11.10 11.10 10.95 10.73 10.73 8.69 9.42 8.40 5.91 0.00 4.82 3.87 5.55 6.57 7.15 9.05 14.02 22.05 25.48 23.21 26.43 25.48 17.16 22.70 28.25 26.35 26.35 23.94 21.83 17.16 16.21 15.77 14.82 11.39 6.57 3.87 5.18 3.29 2.63 3.29 4.09 4.82
20.88 22.19 26.94 30.73 31.10 31.10 29.86 22.92 17.30 12.99 12.05 9.27 9.20 15.04 24.67 28.84 31.32 29.64 29.64 28.91 28.91 32.41 35.29 35.87 34.44 35.69 37.46 34.78 30.66 20.18 17.18 20.20 20.29 30.74 25.14 21.33 13.86 13.07 15.91 12.19 9.71 15.18 17.89 17.89 17.16 13.87 10.88 11.17 9.78 6.35 3.87 0.00 0.00 0.00 3.14 3.14 4.89 6.79 10.29 12.78 18.61 17.08 22.56 27.59 25.84 24.16 25.33 22.48 22.48 17.59 16.21 13.65 12.19 15.70 16.79 11.53 6.50 4.74 5.55 2.70 2.04 2.12 2.34 1.68
23.43 21.90 24.16 31.24 32.41 31.83 26.43 21.39 13.87 6.28 4.16 4.23 4.74 6.86 11.24 15.18 17.30 14.45 14.45 11.67 14.16 19.59 23.73 25.04 27.37 35.05 37.23 37.60 40.15 38.12 31.76 27.30 22.56 29.52 31.40 33.07 25.94 21.50 22.34 20.15 14.89 12.63 12.99 12.99 12.92 14.02 12.70 13.29 13.94 11.39 6.72 3.50 0.00 0.00 0.00 0.00 0.00 0.00 5.04 5.69 7.96 8.03 18.10 29.13 28.91 21.02 19.13 19.56 19.56 13.72 14.02 13.29 12.26 14.09 14.60 10.07 5.04 6.06 4.89 2.85 2.70 2.92 3.21 2.63
21.39 20.37 20.81 27.45 31.68 30.22 28.03 24.53 17.45 13.58 11.02 11.68 14.16 16.06 19.05 21.90 22.48 15.48 15.48 12.78 9.71 5.62 7.37 13.43 18.98 25.33 31.97 33.55 37.31 33.73 27.16 28.98 27.38 23.07 26.13 29.73 34.90 30.88 31.83 31.10 23.94 14.31 8.91 8.91 12.05 13.72 10.88 9.27 10.73 11.61 10.95 9.13 8.03 6.35 4.16 0.00 0.00 0.00 0.00 6.06 4.60 6.57 18.83 23.51 16.06 15.11 16.64 16.72 16.72 14.02 10.44 9.05 8.61 9.71 10.51 11.83 9.49 10.15 9.13 7.96 9.34 8.25 9.78 8.98
20.29 17.08 12.85 12.34 15.70 23.14 30.00 30.88 28.76 25.55 22.78 19.20 19.35 23.21 30.95 38.25 35.33 26.50 26.50 16.64 10.95 7.52 6.72 9.20 9.49 12.78 19.35 26.71 30.73 30.73 27.23 28.76 28.84 25.04 24.02 29.05 31.35 33.28 34.27 33.77 29.13 17.37 10.66 10.66 12.92 17.01 14.02 11.02 11.17 10.66 10.88 10.88 9.05 6.94 0.00 0.00 0.00 6.79 7.30 7.15 7.23 8.69 15.40 15.11 12.41 13.14 17.89 17.16 17.16 19.78 20.00 20.88 17.16 17.08 15.55 14.60 13.80 15.18 13.58 12.19 12.70 13.51 11.83 10.66
30.30 28.40 28.47 20.95 17.37 18.32 22.12 20.00 17.18 15.84 15.84 14.53 15.18 19.64 23.36 22.48 20.88 18.25 18.25 15.18 11.75 7.52 5.04 6.13 7.74 12.48 17.89 22.64 25.62 29.27 31.46 19.27 24.75 26.86 25.99 25.55 23.14 25.04 28.46 27.63 24.14 19.49 17.37 17.37 18.83 17.23 14.16 11.83 10.88 11.97 12.85 13.72 11.97 8.76 7.52 0.00 6.35 8.76 10.88 13.65 14.89 18.54 16.64 15.11 13.72 14.02 19.35 16.13 16.13 17.52 24.38 31.17 27.59 21.46 19.93 21.90 25.33 20.73 12.85 8.83 12.05 11.83 10.80 9.42
28.47 28.62 28.11 27.01 28.40 31.46 35.77 34.16 28.15 21.10 17.16 18.40 18.18 16.64 17.74 16.64 13.07 14.24 14.24 16.57 15.40 13.07 9.86 10.73 11.32 13.14 17.01 21.02 26.16 26.25 12.86 11.30 11.89 13.94 12.78 13.94 14.45 17.84 19.27 22.63 20.28 18.40 21.32 21.32 22.56 19.42 14.24 12.05 10.37 15.11 16.35 11.24 9.78 11.02 10.22 8.18 7.01 0.00 6.94 12.70 16.43 21.10 23.87 25.19 21.61 19.93 18.25 13.80 13.80 9.93 14.67 21.17 19.93 13.72 15.48 17.30 18.54 17.52 14.24 11.68 11.97 11.68 10.37 8.18
28.47 28.62 28.11 27.01 28.40 31.46 35.77 34.16 27.45 21.10 17.16 18.40 18.18 16.64 17.74 16.64 13.07 14.31 14.24 16.57 15.40 13.07 9.86 10.73 11.32 13.14 17.01 21.02 25.77 25.33 12.41 11.24 11.53 13.94 12.84 14.01 14.45 17.75 19.47 22.63 20.08 18.40 21.32 21.32 22.56 19.42 14.24 12.05 10.37 15.11 16.35 11.24 9.78 11.02 10.22 8.18 7.01 0.00 6.94 12.70 16.43 21.10 23.87 25.19 21.61 19.93 18.25 13.80 13.80 9.93 14.67 21.17 19.93 13.72 15.48 17.30 18.54 17.52 14.24 11.68 11.97 11.68 10.37 8.18
20.59 21.75 22.70 21.83 20.88 19.93 18.98 20.90 22.23 26.86 27.81 22.92 18.40 13.72 9.34 5.48 2.77 2.56 2.56 2.26 7.30 14.31 17.16 20.22 21.68 22.41 17.89 16.94 20.51 14.09 7.59 9.93 4.96 4.02 5.91 6.57 7.59 8.83 10.93 10.44 9.64 9.20 12.70 12.70 17.01 18.54 19.71 19.49 19.86 17.74 15.04 10.59 8.10 8.69 7.66 0.00 4.67 4.67 5.55 10.07 13.72 13.43 15.26 16.57 19.20 19.78 13.58 14.02 14.02 14.82 13.43 15.26 15.40 10.44 12.19 12.92 14.31 12.99 11.24 11.24 12.78 10.80 10.29 9.05
