Wansh/Snow_depth/snowdepth-1984/spring/1984079.txt
ncols 321
nrows 161
xllcenter 60
yllcenter 15 
cellsize  0.25 
NODATA_value -1
[rows 0 to 36 of 161, columns 84 to 167 of 321]
28.32 28.98 27.81 26.79 25.33 19.93 16.43 16.06 16.64 18.91 20.44 20.37 21.68 21.32 20.15 19.42 20.44 21.83 21.83 21.68 20.81 18.61 14.16 9.93 6.50 5.48 3.50 3.87 4.96 8.25 11.97 12.41 9.71 7.01 8.98 9.56 12.78 12.05 12.85 15.11 15.70 15.62 11.53 11.53 9.34 11.24 6.42 7.15 10.15 14.89 17.08 15.77 13.21 12.70 13.80 15.33 14.82 14.89 13.29 7.96 5.26 5.55 5.62 5.40 6.86 7.59 9.13 10.73 10.73 11.61 16.72 18.47 18.32 16.57 15.48 16.79 18.32 22.19 22.92 21.39 18.69 16.21 15.04 16.43
24.82 25.55 24.67 23.29 21.39 20.08 18.91 18.25 16.35 17.37 18.76 16.64 15.91 15.40 14.38 15.26 16.79 18.18 18.18 19.93 20.51 21.39 20.00 15.26 10.00 6.64 5.18 4.96 4.31 5.04 8.25 9.64 8.18 4.02 2.56 3.80 5.55 7.01 9.93 11.32 11.61 12.41 13.80 13.80 8.91 9.49 8.03 7.45 8.25 8.69 9.71 8.40 8.03 9.05 9.78 10.22 7.74 9.42 9.13 7.45 6.57 7.52 8.03 10.88 9.05 7.88 7.23 11.24 11.24 14.38 16.72 18.32 20.22 19.93 21.02 21.68 23.14 24.09 23.65 22.48 20.51 19.20 17.67 17.01
22.34 23.58 20.88 18.10 17.30 17.37 18.10 20.00 21.02 21.83 21.90 20.51 18.54 15.77 15.99 11.46 11.75 15.26 15.26 17.08 18.91 20.59 20.15 18.61 13.36 9.42 7.37 5.33 5.40 6.94 6.94 6.94 6.94 5.48 4.89 5.04 5.48 8.83 11.10 12.19 13.14 15.40 18.10 18.10 21.46 23.36 16.13 11.02 7.74 7.96 6.94 5.48 5.55 7.30 10.22 12.48 14.60 15.91 16.64 15.48 13.14 15.62 14.24 14.67 13.21 14.24 14.89 15.91 15.91 15.84 14.53 13.07 14.97 18.98 20.51 22.12 23.80 25.33 27.23 25.70 25.62 25.92 26.43 23.80
22.34 23.58 20.88 18.10 17.30 17.37 18.10 20.00 21.02 21.83 21.90 20.51 18.54 15.77 15.99 11.46 11.75 15.26 15.26 17.08 18.91 20.59 20.15 18.61 13.36 9.42 7.37 5.33 5.40 6.94 6.94 6.94 6.94 5.48 4.89 5.04 5.48 8.83 11.10 12.19 13.14 15.40 18.10 18.10 21.46 23.36 16.13 11.02 7.74 7.96 6.94 5.48 5.55 7.30 10.22 12.48 14.60 15.91 16.64 15.48 13.14 15.62 14.24 14.67 13.21 14.24 14.89 15.91 15.91 15.84 14.53 13.07 14.97 18.98 20.51 22.12 23.80 25.33 27.23 25.70 25.62 25.92 26.43 23.80
16.43 16.06 14.75 17.67 20.95 19.13 20.15 19.42 21.75 22.92 22.56 21.83 21.24 19.35 19.56 17.37 14.02 9.34 9.34 9.20 11.10 14.24 17.16 18.18 15.62 10.00 7.59 4.82 6.20 6.64 6.86 7.52 9.05 10.22 11.53 10.15 9.71 12.05 13.65 12.70 12.26 12.34 16.86 16.86 18.98 23.51 25.62 22.12 15.99 11.68 8.61 7.08 6.72 6.20 6.79 7.81 9.86 12.26 14.60 18.25 18.25 18.83 19.05 15.91 18.25 19.93 20.59 17.89 17.89 18.98 16.21 14.53 15.33 16.79 20.29 24.89 29.05 25.84 25.19 24.75 24.24 25.26 25.19 24.31
18.91 20.08 20.37 0.00 0.00 12.63 11.32 10.95 12.41 16.43 17.23 21.32 21.53 20.88 21.32 21.75 21.32 18.32 18.32 13.65 10.00 8.54 11.83 17.45 20.51 20.08 12.63 10.15 8.40 7.66 5.91 7.15 10.29 12.70 14.31 9.49 4.23 4.96 5.11 6.79 9.86 11.24 12.92 12.92 12.63 17.96 23.65 24.97 19.86 14.45 10.80 9.20 8.83 7.96 7.15 6.57 7.37 10.59 12.12 14.38 17.23 19.93 26.72 25.92 22.48 21.68 18.54 16.43 16.43 16.79 17.74 17.23 16.28 14.75 13.43 14.09 13.29 13.43 16.50 20.15 22.12 24.24 24.31 25.04
18.54 18.98 18.91 19.27 17.67 15.40 13.58 13.72 14.38 14.45 16.06 18.83 20.37 20.22 20.73 20.15 20.73 21.39 21.39 21.46 18.69 13.72 11.24 14.02 17.37 13.43 9.42 8.54 8.03 8.25 7.96 7.52 10.51 13.94 11.46 10.15 5.77 2.26 0.00 0.00 4.67 6.94 11.61 11.61 15.33 17.74 22.19 23.73 20.00 13.07 10.59 9.20 8.98 9.42 11.17 14.16 16.06 16.21 16.13 17.08 19.93 30.95 32.05 28.98 25.92 24.24 21.61 20.51 20.51 20.95 21.83 22.12 21.39 20.08 18.25 16.43 15.33 11.61 8.98 13.43 18.40 23.00 23.14 27.81
18.54 18.98 18.91 19.27 17.67 15.40 13.58 13.72 14.38 14.45 16.06 18.83 20.37 20.22 20.73 20.15 20.73 21.39 21.39 21.46 18.69 13.72 11.24 14.02 17.37 13.43 9.42 8.54 8.03 8.25 7.96 7.52 10.51 13.94 11.46 10.15 5.77 2.26 0.00 0.00 4.67 6.94 11.61 11.61 15.33 17.74 22.19 23.73 20.00 13.07 10.59 9.20 8.98 9.42 11.17 14.16 16.06 16.21 16.13 17.08 19.93 30.95 32.05 28.98 25.92 24.24 21.61 20.51 20.51 20.95 21.83 22.12 21.39 20.08 18.25 16.43 15.33 11.61 8.98 13.43 18.40 23.00 23.14 27.81
11.90 13.36 15.40 15.62 15.62 14.67 12.92 12.85 13.51 12.78 12.99 11.90 12.70 15.70 18.98 19.71 16.79 15.48 15.48 19.71 22.27 21.83 16.94 14.16 13.21 12.05 9.05 10.66 8.61 8.69 7.88 8.76 9.56 12.26 11.61 6.72 0.00 0.00 0.58 0.00 4.96 6.86 10.37 10.37 13.36 13.21 11.24 9.93 9.49 9.78 8.03 9.13 6.35 8.32 9.86 10.95 11.32 14.60 14.31 14.02 15.77 20.51 22.05 22.12 23.36 23.80 23.80 22.78 22.78 23.58 23.58 23.51 20.66 21.46 20.95 18.69 17.30 15.77 14.16 15.84 11.32 13.43 16.43 20.00
9.27 10.80 12.70 13.51 15.11 14.16 12.26 9.27 8.18 8.25 10.66 11.39 13.36 14.82 14.16 12.85 13.36 14.75 14.75 18.40 22.41 24.97 18.18 14.38 10.37 9.56 10.22 11.24 11.24 10.80 9.93 8.83 9.42 15.48 14.67 8.83 0.00 0.00 0.00 8.91 7.15 7.01 8.10 8.10 7.30 7.08 7.74 8.25 11.97 15.04 15.55 17.96 18.61 15.26 13.14 12.34 11.24 10.88 10.51 10.51 12.34 11.75 13.80 15.70 16.35 15.40 16.79 19.05 19.05 19.13 19.20 20.29 20.81 18.91 17.89 18.69 20.66 23.29 20.95 17.74 16.28 13.43 12.19 11.53
10.73 0.00 13.07 12.26 10.88 9.27 7.23 5.99 6.50 5.77 7.74 11.39 13.14 14.38 13.72 12.85 17.89 24.53 24.53 28.03 28.47 24.16 15.77 11.39 10.51 10.66 10.66 11.10 9.42 8.76 9.05 8.69 8.69 11.02 9.71 8.40 9.27 8.47 10.22 10.00 10.15 10.07 12.26 12.26 11.46 9.86 10.07 11.75 12.56 13.36 13.94 16.64 15.99 13.14 12.92 14.09 14.53 14.53 12.85 12.34 17.89 15.84 14.38 15.26 16.43 19.56 24.67 26.50 26.50 24.31 22.63 20.73 20.37 18.18 14.45 18.32 21.61 21.24 17.74 14.89 15.55 16.21 14.24 12.26
10.73 0.00 13.07 12.26 10.88 9.27 7.23 5.99 6.50 5.77 7.74 11.39 13.14 14.38 13.72 12.85 17.89 24.53 24.53 28.03 28.47 24.16 15.77 11.39 10.51 10.66 10.66 11.10 9.42 8.76 9.05 8.69 8.69 11.02 9.71 8.40 9.27 8.47 10.22 10.00 10.15 10.07 12.26 12.26 11.46 9.86 10.07 11.75 12.56 13.36 13.94 16.64 15.99 13.14 12.92 14.09 14.53 14.53 12.85 12.34 17.89 15.84 14.38 15.26 16.43 19.56 24.67 26.50 26.50 24.31 22.63 20.73 20.37 18.18 14.45 18.32 21.61 21.24 17.74 14.89 15.55 16.21 14.24 12.26
0.00 12.78 10.95 8.18 5.11 3.87 3.94 3.14 0.00 0.00 5.77 8.10 12.05 19.27 23.43 27.01 30.73 33.43 33.43 36.14 31.39 21.46 14.60 11.75 11.24 10.51 9.42 7.74 7.37 7.59 7.96 6.79 6.06 8.76 7.15 10.29 10.88 12.63 11.97 13.72 16.13 14.38 11.75 11.75 12.56 10.29 8.76 10.07 11.97 13.58 17.81 16.72 15.40 13.29 16.43 18.61 22.19 25.40 21.32 17.45 17.01 14.02 13.21 14.09 16.28 15.99 19.49 22.63 22.63 24.38 26.06 26.21 22.27 18.98 18.69 21.32 24.02 25.77 23.58 20.88 18.61 19.42 19.56 19.20
16.57 12.92 6.20 0.00 0.00 0.00 0.00 5.55 7.08 8.83 9.78 11.02 19.05 23.07 23.07 22.70 24.67 25.55 25.55 22.19 18.18 15.18 13.80 13.65 11.46 8.91 8.91 10.29 11.02 14.16 16.21 18.47 19.56 16.21 13.43 16.28 22.48 17.74 15.91 14.02 14.24 13.14 11.24 11.24 11.68 12.99 14.53 17.23 14.53 14.53 16.50 16.21 15.84 17.52 17.37 17.59 18.61 18.47 16.94 18.47 18.47 20.88 20.51 19.93 20.59 22.05 24.67 23.73 23.73 24.38 27.74 28.84 27.23 23.14 21.39 22.12 21.02 22.78 22.85 20.00 18.10 14.16 13.07 14.60
13.43 12.19 9.56 9.05 8.98 7.23 5.91 5.99 8.98 13.72 15.48 15.91 18.83 24.02 23.14 20.88 19.78 18.61 18.61 15.70 14.02 14.53 15.55 13.65 10.22 9.71 13.07 16.94 18.32 20.81 24.97 31.46 25.40 18.69 18.91 21.02 11.68 10.80 7.81 9.78 10.59 12.41 12.63 12.63 13.80 16.13 18.18 19.56 19.35 19.27 18.54 18.03 18.91 19.64 21.17 22.56 24.97 21.32 10.15 9.78 11.90 15.48 15.99 21.46 20.95 19.05 18.32 19.49 19.49 22.85 24.60 23.07 17.59 15.70 16.13 16.35 9.20 4.23 7.23 12.92 14.89 12.85 12.19 14.31
13.80 13.07 14.16 14.53 12.85 10.37 10.07 11.10 12.05 12.41 14.31 15.33 15.18 13.43 12.70 15.18 14.24 15.11 15.11 13.43 11.32 13.36 17.52 18.69 17.81 14.89 12.70 14.82 19.78 22.85 26.35 28.69 21.68 12.85 13.29 7.37 8.47 10.59 11.53 12.19 12.19 13.14 13.65 13.65 13.36 15.55 16.06 16.86 16.35 16.94 17.23 16.13 16.79 20.59 24.31 26.13 26.28 21.02 9.20 8.54 8.54 8.76 8.83 11.17 16.35 18.61 18.76 20.73 20.73 24.38 24.60 20.29 10.51 10.15 14.31 14.45 7.81 0.00 0.00 10.88 14.97 11.53 13.58 17.59
13.80 13.07 14.16 14.53 12.85 10.37 10.07 11.10 12.05 12.41 14.31 15.33 15.18 13.43 12.70 15.18 14.24 15.11 15.11 13.43 11.32 13.36 17.52 18.69 17.81 14.89 12.70 14.82 19.78 22.85 26.35 28.69 21.68 12.85 13.29 7.37 8.47 10.59 11.53 12.19 12.19 13.14 13.65 13.65 13.36 15.55 16.06 16.86 16.35 16.94 17.23 16.13 16.79 20.59 24.31 26.13 26.28 21.02 9.20 8.54 8.54 8.76 8.83 11.17 16.35 18.61 18.76 20.73 20.73 24.38 24.60 20.29 10.51 10.15 14.31 14.45 7.81 0.00 0.00 10.88 14.97 11.53 13.58 17.59
14.02 15.04 16.50 18.25 18.47 15.40 10.29 9.86 11.90 14.45 15.55 17.16 16.72 12.41 8.83 10.07 13.58 12.99 12.99 12.63 11.53 11.02 11.90 15.91 20.59 17.59 10.88 10.37 13.72 18.25 22.70 24.02 21.90 18.91 13.87 5.84 6.42 9.49 12.63 15.26 17.45 19.13 18.47 18.47 18.32 18.98 18.10 18.47 18.40 19.13 18.98 19.93 20.08 20.37 21.24 22.63 18.76 13.29 12.12 11.61 16.21 16.72 12.48 11.39 12.56 13.94 15.84 23.29 23.29 28.40 22.70 11.17 8.76 11.10 15.33 13.87 6.50 0.00 2.56 7.15 8.03 6.35 9.05 13.36
16.72 17.74 19.42 23.73 24.89 20.15 14.45 12.12 13.21 15.48 18.54 20.66 27.23 25.33 20.44 19.35 20.29 17.45 17.45 13.80 12.12 9.64 9.78 12.70 17.16 16.72 13.87 13.36 15.77 19.13 21.17 26.21 27.16 28.11 21.83 14.75 12.48 11.32 13.07 15.33 17.96 21.83 21.53 21.53 20.15 18.10 15.62 13.36 14.02 16.64 17.23 16.64 17.30 17.45 19.20 22.34 17.96 20.44 20.51 19.86 26.94 24.97 18.25 13.58 14.89 14.38 17.30 25.55 25.55 29.86 23.80 13.87 8.98 11.10 10.88 6.06 4.53 0.00 2.63 2.92 5.77 8.25 8.91 9.34
15.91 17.45 18.98 21.83 25.40 26.28 21.32 16.13 17.45 19.56 20.59 20.81 21.17 23.07 22.27 22.56 23.94 24.31 24.31 23.65 20.95 14.75 9.71 10.95 15.62 20.08 20.81 21.90 19.93 18.18 24.75 30.08 31.24 27.01 27.16 18.61 12.48 8.91 8.76 9.27 10.80 16.28 21.24 21.24 25.62 22.92 16.64 10.73 12.70 17.96 15.77 17.74 18.32 16.57 14.97 15.55 17.08 19.64 19.05 23.21 29.20 27.74 18.76 17.30 16.72 19.71 21.75 22.41 22.41 16.35 13.87 7.08 3.43 3.94 2.19 1.61 4.16 4.60 3.94 4.09 5.04 6.28 7.23 7.74
13.51 14.82 18.40 20.37 23.21 25.62 24.53 22.05 20.51 24.09 26.86 26.13 23.58 20.66 19.35 20.73 22.56 23.29 23.29 22.78 21.24 18.76 18.69 17.30 19.05 23.00 23.36 18.83 13.87 13.21 18.32 24.16 26.72 21.32 10.37 6.28 5.77 6.06 5.99 7.88 10.15 13.94 18.18 18.18 24.97 27.30 22.48 17.52 15.91 15.84 17.08 18.61 18.25 14.16 14.53 16.50 18.25 16.28 13.14 16.06 17.67 17.96 18.54 20.08 19.71 18.61 16.13 11.61 11.61 7.59 3.36 2.12 1.39 1.17 2.19 2.99 3.94 4.31 4.31 3.80 4.23 5.77 7.08 7.30
16.57 18.03 20.08 21.46 20.22 20.44 21.68 23.58 25.04 27.81 31.10 33.43 33.87 29.71 23.43 22.12 25.55 26.94 26.94 26.28 28.47 27.89 26.13 26.50 27.52 27.52 27.23 24.45 18.91 11.68 10.29 10.07 12.85 14.67 9.34 4.74 0.00 0.00 6.94 15.99 17.89 10.29 11.83 11.83 14.75 17.30 19.49 18.61 12.41 10.44 15.55 21.53 22.41 22.12 23.65 22.41 22.56 20.37 17.67 16.06 14.02 13.94 14.45 14.31 13.07 12.19 9.78 5.33 5.33 1.61 1.24 2.48 3.87 2.85 2.85 2.85 2.92 2.63 2.99 3.72 4.96 5.33 5.77 6.06
16.57 18.03 20.08 21.46 20.22 20.44 21.68 23.58 25.04 27.81 31.10 33.43 33.87 29.71 23.43 22.12 25.55 26.94 26.94 26.28 28.47 27.89 26.13 26.50 27.52 27.52 27.23 24.45 18.91 11.68 10.29 10.07 12.85 14.67 9.34 4.74 0.00 0.00 6.94 15.99 17.89 10.29 11.83 11.83 14.75 17.30 19.49 18.61 12.41 10.44 15.55 21.53 22.41 22.12 23.65 22.41 22.56 20.37 17.67 16.06 14.02 13.94 14.45 14.31 13.07 12.19 9.78 5.33 5.33 1.61 1.24 2.48 3.87 2.85 2.85 2.85 2.92 2.63 2.99 3.72 4.96 5.33 5.77 6.06
18.32 19.93 20.00 19.93 19.20 18.25 21.83 26.43 25.77 25.55 28.32 31.54 34.16 34.09 32.05 28.84 27.74 26.50 26.50 26.50 28.11 28.11 28.62 30.66 32.92 32.78 31.32 27.59 22.19 19.27 17.59 7.45 6.50 6.20 5.84 3.58 0.00 0.00 0.00 8.10 9.93 7.59 7.37 7.37 9.42 10.15 14.31 15.40 15.18 14.97 15.33 16.64 18.40 21.39 23.29 21.17 23.58 20.59 19.35 17.30 19.78 17.01 14.97 17.45 15.62 11.02 9.42 11.02 11.02 13.65 10.44 6.28 4.45 3.43 4.45 4.89 4.74 4.60 3.36 3.80 3.50 2.12 1.83 4.16
17.52 19.13 19.05 20.37 19.71 24.02 30.95 35.55 33.36 30.30 28.76 28.11 28.32 28.47 28.40 27.81 27.52 26.35 26.35 25.77 27.81 30.44 28.32 29.20 28.76 29.52 26.77 26.43 22.92 16.86 10.51 8.03 5.33 2.48 0.00 0.00 2.85 3.21 4.45 3.58 2.99 0.00 0.00 0.00 5.18 6.57 7.66 8.91 9.27 9.64 12.48 13.80 12.70 10.37 9.42 12.70 14.31 18.54 26.06 27.81 23.07 18.18 20.59 23.73 24.09 17.08 13.21 16.43 16.43 18.91 18.03 12.05 8.18 8.76 4.96 2.99 1.39 2.04 2.92 5.77 6.20 5.40 5.11 5.48
19.42 22.78 25.92 28.76 28.84 30.73 33.80 35.41 33.29 28.91 27.38 25.55 22.34 20.37 22.85 28.47 31.61 33.80 33.80 35.99 35.33 36.28 34.53 32.75 36.63 30.99 30.92 34.17 32.56 23.87 13.07 11.02 8.83 5.48 3.21 4.60 0.00 6.35 7.23 7.81 6.13 6.94 7.01 7.01 8.76 7.96 8.47 8.03 7.01 5.69 5.11 5.91 5.91 5.48 7.66 9.86 13.14 19.49 26.94 28.84 24.09 18.91 21.75 22.34 22.19 20.00 18.03 16.72 16.72 15.18 13.72 7.81 6.94 6.64 5.69 4.38 3.80 4.60 4.02 5.04 3.65 1.97 2.63 3.50
21.61 22.48 25.40 29.42 33.43 31.61 30.15 28.54 24.31 18.83 14.75 13.87 11.24 10.59 15.77 25.04 29.78 30.73 30.73 28.32 30.51 31.65 33.26 32.74 32.76 32.91 35.92 34.07 33.79 24.88 16.57 18.76 17.16 8.47 8.83 9.34 9.71 7.74 6.20 7.30 8.54 8.47 6.86 6.86 7.08 8.47 10.88 10.29 9.93 8.32 6.42 5.99 5.69 4.38 7.15 8.47 10.29 12.12 16.64 25.19 23.00 20.81 21.53 17.01 17.16 23.36 25.62 22.27 22.27 18.54 15.18 12.26 12.85 11.02 11.24 11.10 8.47 6.79 7.66 4.89 3.07 4.45 6.06 6.13
23.58 20.81 20.66 22.78 28.47 30.08 28.40 24.53 18.91 12.19 8.47 5.62 4.02 5.40 8.10 12.41 17.59 18.32 18.32 14.14 12.02 16.53 24.53 26.28 28.09 29.64 35.52 38.96 39.62 35.84 28.10 24.97 22.92 18.25 15.62 13.80 9.93 9.56 9.71 6.06 7.15 11.83 12.78 12.78 11.24 11.83 10.07 9.93 9.49 7.45 5.55 4.16 3.14 3.07 5.84 6.06 6.50 8.18 15.04 21.75 25.33 26.57 29.05 22.05 17.45 24.02 27.52 26.06 26.06 24.02 21.68 16.94 15.91 16.94 15.33 11.32 7.23 4.67 6.42 5.40 3.87 5.33 5.62 5.84
23.58 20.81 20.66 22.78 28.47 30.08 28.40 24.53 18.91 12.19 8.47 5.62 4.02 5.40 8.10 12.41 17.59 18.32 18.42 14.60 12.20 17.69 23.92 26.95 27.67 29.64 34.46 36.21 37.02 36.39 28.38 26.01 25.76 19.31 16.02 13.80 9.93 9.56 9.71 6.06 7.15 11.83 12.78 12.78 11.24 11.83 10.07 9.93 9.49 7.45 5.55 4.16 3.14 3.07 5.84 6.06 6.50 8.18 15.04 21.75 25.33 26.57 29.05 22.05 17.45 24.02 27.52 26.06 26.06 24.02 21.68 16.94 15.91 16.94 15.33 11.32 7.23 4.67 6.42 5.40 3.87 5.33 5.62 5.84
23.14 22.63 20.00 21.83 28.69 32.12 29.93 26.65 21.97 16.35 11.46 8.91 9.93 11.83 13.80 15.84 18.91 16.94 16.94 11.90 7.66 5.99 6.46 11.86 16.77 24.78 31.63 33.16 34.16 34.78 29.86 23.98 31.15 31.42 22.05 18.00 14.16 11.75 12.63 8.69 9.05 14.82 17.45 17.45 17.52 16.06 13.36 11.68 10.59 7.59 5.11 0.00 0.00 0.00 0.00 2.77 4.31 7.15 7.96 16.43 20.59 22.12 25.77 29.93 26.79 24.97 27.16 27.74 27.74 20.00 16.28 13.87 10.73 13.29 15.91 12.12 6.79 6.42 5.04 4.45 4.23 4.09 3.14 2.48
22.27 18.47 14.67 15.33 16.28 17.30 26.79 32.92 33.43 27.59 22.63 20.00 19.78 20.81 24.45 28.62 29.93 26.50 26.50 19.44 13.72 9.39 3.94 5.91 12.25 15.04 15.04 26.63 31.73 30.75 26.72 20.44 22.34 29.12 31.08 31.25 24.68 17.83 19.42 18.83 10.73 9.86 10.88 10.88 12.63 13.58 12.56 12.12 11.68 10.44 4.67 2.12 0.00 0.00 0.00 0.00 0.00 0.00 2.85 6.50 9.34 12.63 22.56 31.24 29.20 24.09 20.81 20.88 20.88 15.18 13.65 14.09 13.94 13.80 14.60 11.53 7.01 5.62 4.31 3.94 3.58 4.09 3.50 2.63
24.02 23.29 19.64 20.08 17.01 15.04 18.61 22.70 23.87 21.17 18.83 18.54 15.04 13.51 18.03 24.60 24.97 24.53 24.53 18.61 13.21 8.83 7.08 5.84 8.61 10.00 16.28 21.38 27.73 31.20 29.35 25.70 26.65 24.53 25.59 29.58 32.65 29.20 30.15 30.44 24.24 13.80 9.42 9.42 10.15 12.48 10.07 8.10 9.05 10.29 8.03 5.18 3.50 0.00 0.00 0.00 0.00 0.00 0.00 0.00 7.23 11.83 21.39 25.99 23.43 19.42 18.83 17.23 17.23 12.70 10.15 10.07 9.56 9.78 13.14 13.07 11.17 10.44 9.13 9.20 10.07 9.13 8.61 8.32
25.62 26.57 25.92 26.57 26.86 28.62 33.80 35.84 32.70 21.61 13.51 13.94 14.45 13.07 15.26 19.05 14.75 12.85 12.85 14.60 14.38 11.97 6.86 7.15 9.49 7.96 17.01 20.84 24.82 26.72 29.78 28.25 29.13 25.77 24.45 28.69 30.68 31.24 31.81 31.49 27.01 16.43 11.61 11.61 12.48 14.16 12.05 9.49 8.32 8.03 7.96 7.23 8.69 6.20 3.43 2.99 0.00 5.77 7.45 8.91 10.22 15.04 17.08 14.75 14.09 16.50 19.71 19.56 19.56 18.83 16.28 16.13 16.28 14.24 14.67 15.77 14.09 14.97 13.72 13.14 15.04 14.38 12.99 12.63
18.91 21.61 22.92 24.16 23.58 24.53 26.86 27.67 29.57 29.71 31.61 31.10 24.75 18.69 14.75 10.07 4.89 3.14 3.14 0.00 7.15 15.33 18.18 18.69 16.72 23.36 19.56 19.25 21.90 21.53 19.56 19.64 24.38 27.89 27.38 25.92 25.26 24.45 26.98 26.95 23.99 21.32 17.59 17.59 15.62 15.26 12.05 10.15 9.56 10.37 12.70 13.80 11.24 10.29 8.40 5.04 4.67 6.64 10.51 13.07 16.79 18.61 17.74 15.18 14.53 14.89 19.86 18.18 18.18 18.98 27.74 31.39 27.08 23.36 22.48 23.43 24.09 19.86 13.58 12.12 11.32 9.34 10.07 10.37
14.16 14.24 13.43 16.64 19.78 21.83 21.75 14.09 8.01 11.97 22.12 23.58 17.37 12.05 6.72 4.09 0.00 0.80 0.80 0.00 5.33 10.95 16.57 20.00 27.81 31.17 27.30 22.12 16.90 13.16 9.91 9.39 13.17 15.04 15.04 12.70 15.55 17.55 19.20 22.41 18.36 18.83 19.78 19.78 19.42 18.32 13.14 11.75 11.17 12.34 14.45 5.55 7.30 11.61 11.02 6.94 6.72 6.13 8.32 14.24 17.08 20.37 24.97 27.89 24.75 21.68 19.56 14.60 14.60 12.99 16.21 23.58 21.97 16.79 18.40 22.27 22.70 19.56 14.53 12.19 12.26 12.78 11.02 10.29
14.16 14.24 13.43 16.64 19.78 21.83 21.75 14.09 7.81 11.97 22.12 23.58 17.37 12.05 6.72 4.09 0.00 0.81 0.80 0.00 5.33 10.95 16.57 20.00 27.81 31.17 27.30 22.12 16.64 12.70 9.56 9.34 12.78 15.04 15.11 12.77 15.55 17.46 19.39 22.41 18.18 18.83 19.78 19.78 19.42 18.32 13.14 11.75 11.17 12.34 14.45 5.55 7.30 11.61 11.02 6.94 6.72 6.13 8.32 14.24 17.08 20.37 24.97 27.89 24.75 21.68 19.56 14.60 14.60 12.99 16.21 23.58 21.97 16.79 18.40 22.27 22.70 19.56 14.53 12.19 12.26 12.78 11.02 10.29
15.70 12.26 0.00 11.10 18.10 21.02 20.73 18.01 10.45 6.35 10.07 12.41 10.37 5.99 4.02 0.00 0.00 0.00 0.00 0.00 3.29 5.99 10.44 17.74 27.74 31.46 31.54 29.64 19.42 10.07 6.79 6.94 6.28 6.28 5.26 5.69 7.08 7.74 7.26 9.64 9.34 8.98 12.63 12.63 15.40 18.10 17.52 18.98 18.91 14.75 12.70 9.20 7.45 7.37 0.00 5.55 0.00 7.45 8.03 12.12 15.18 14.16 17.52 18.40 18.76 17.67 13.65 12.99 12.99 14.97 14.24 15.11 13.43 9.42 12.34 15.04 13.58 11.68 9.86 11.39 13.07 12.48 10.73 9.20
