Wansh/Snow_depth/snowdepth-1984/spring/1984104.txt
ncols 321
nrows 161
xllcenter 60
yllcenter 15 
cellsize  0.25 
NODATA_value -1
[rows 0 to 36 of 161, columns 84 to 167 of 321]
27.59 29.42 28.69 24.67 23.36 17.08 11.53 15.62 19.27 21.75 20.44 19.35 19.93 19.35 18.54 19.93 22.48 21.97 21.97 21.90 21.32 17.89 13.94 8.18 7.08 5.69 3.50 2.85 3.72 6.06 7.88 11.32 10.66 8.18 7.01 7.96 11.68 11.83 12.48 13.80 17.59 19.49 16.64 16.64 13.14 9.64 8.10 7.30 11.17 12.56 16.57 17.37 6.64 8.32 10.44 11.68 11.46 9.42 6.72 4.67 2.34 2.63 2.48 0.00 0.00 0.00 0.00 0.00 0.00 0.00 0.00 0.00 0.00 0.00 0.00 0.00 0.00 0.00 0.00 0.00 0.00 0.00 0.00 0.00
26.72 26.86 21.17 17.96 14.38 12.56 9.64 12.70 15.70 17.89 17.74 14.82 12.92 13.36 7.96 13.43 17.59 20.37 20.37 20.29 22.63 24.38 22.56 18.91 11.24 9.13 7.15 5.40 3.65 4.09 6.94 9.56 8.98 5.18 2.63 0.00 0.00 0.00 0.00 9.78 17.37 17.89 16.13 16.13 12.48 7.74 5.62 5.40 6.79 7.66 10.44 6.57 7.08 7.15 6.57 5.77 6.50 6.57 6.13 4.89 5.04 4.82 3.36 0.00 0.00 0.00 0.00 0.00 0.00 0.00 0.00 0.00 0.00 0.00 0.00 0.00 0.00 0.00 0.00 0.00 0.00 0.00 0.00 0.00
26.35 26.21 20.66 14.31 14.60 14.38 16.28 15.18 15.62 21.32 21.83 17.30 15.84 13.65 9.20 8.25 9.64 10.88 10.88 9.93 10.73 14.45 21.10 21.75 14.24 10.51 9.20 6.57 5.26 4.67 6.06 6.57 7.74 6.42 4.31 2.85 3.80 7.81 13.72 20.37 23.21 22.70 23.07 23.07 25.99 25.70 16.79 7.08 5.18 6.35 3.21 3.36 4.82 6.35 8.25 9.20 9.93 11.39 11.02 9.34 9.05 9.93 8.83 6.64 6.35 0.00 0.00 0.00 0.00 0.00 0.00 0.00 0.00 0.00 0.00 0.00 0.00 0.00 0.00 0.00 0.00 0.00 0.00 0.00
26.35 26.21 20.66 14.31 14.60 14.38 16.28 15.18 15.62 21.32 21.83 17.30 15.84 13.65 9.20 8.25 9.64 10.88 10.88 9.93 10.73 14.45 21.10 21.75 14.24 10.51 9.20 6.57 5.26 4.67 6.06 6.57 7.74 6.42 4.31 2.85 3.80 7.81 13.72 20.37 23.21 22.70 23.07 23.07 25.99 25.70 16.79 7.08 5.18 6.35 3.21 3.36 4.82 6.35 8.25 9.20 9.93 11.39 11.02 9.34 9.05 9.93 8.83 6.64 6.35 0.00 0.00 0.00 0.00 0.00 0.00 0.00 0.00 0.00 0.00 0.00 0.00 0.00 0.00 0.00 0.00 0.00 0.00 0.00
23.21 14.67 15.84 17.08 24.97 26.13 25.92 28.69 26.79 25.48 23.21 20.66 19.35 19.71 18.69 14.38 10.07 8.61 8.61 8.18 8.47 11.17 14.38 19.20 19.27 15.62 10.37 9.42 8.61 7.52 6.79 7.59 8.25 9.78 10.15 9.64 10.59 14.53 17.59 16.79 12.85 9.93 11.53 11.53 18.69 23.29 24.16 16.64 10.37 0.00 0.00 0.00 0.00 0.00 0.00 3.50 5.18 8.03 10.15 12.12 12.78 11.24 10.66 9.49 11.61 12.85 0.00 0.00 0.00 0.00 0.00 0.00 0.00 0.00 0.00 0.00 0.00 0.00 0.00 0.00 0.00 0.00 0.00 0.00
17.52 15.40 18.61 19.35 16.35 13.07 14.67 12.56 12.34 15.40 14.31 19.86 21.02 18.25 15.26 15.55 17.67 15.99 15.99 12.63 10.15 10.00 10.37 12.41 13.21 13.07 11.10 11.10 11.02 9.13 7.96 8.10 10.51 12.63 13.51 9.27 5.48 4.60 3.36 0.00 0.00 0.00 0.00 0.00 4.38 8.69 16.13 20.81 23.51 7.08 4.60 4.74 0.00 0.00 0.00 0.00 3.29 4.45 7.96 9.34 11.46 12.34 17.89 16.50 14.53 14.16 13.07 0.00 0.00 0.00 0.00 0.00 0.00 0.00 0.00 0.00 0.00 0.00 0.00 0.00 0.00 0.00 0.00 0.00
18.83 15.18 10.37 10.88 6.79 6.28 7.37 7.37 6.42 5.91 6.20 8.32 11.39 12.63 8.25 5.18 8.10 14.53 14.53 21.17 17.89 11.02 10.88 12.12 12.99 11.75 10.07 9.13 9.71 9.13 7.59 6.50 9.56 11.83 11.53 8.47 5.04 3.07 0.00 0.00 0.00 1.17 1.61 1.61 3.80 9.93 11.90 15.91 0.00 0.00 0.00 0.00 0.00 0.00 0.00 0.00 12.12 7.81 7.66 8.03 12.63 22.12 21.17 18.83 19.64 19.13 15.04 12.41 12.41 11.53 11.53 12.05 12.12 0.00 0.00 0.00 0.00 0.00 0.00 0.00 0.00 0.00 0.00 0.00
18.83 15.18 10.37 10.88 6.79 6.28 7.37 7.37 6.42 5.91 6.20 8.32 11.39 12.63 8.25 5.18 8.10 14.53 14.53 21.17 17.89 11.02 10.88 12.12 12.99 11.75 10.07 9.13 9.71 9.13 7.59 6.50 9.56 11.83 11.53 8.47 5.04 3.07 0.00 0.00 0.00 1.17 1.61 1.61 3.80 9.93 11.90 15.91 0.00 0.00 0.00 0.00 0.00 0.00 0.00 0.00 12.12 7.81 7.66 8.03 12.63 22.12 21.17 18.83 19.64 19.13 15.04 12.41 12.41 11.53 11.53 12.05 12.12 0.00 0.00 0.00 0.00 0.00 0.00 0.00 0.00 0.00 0.00 0.00
13.07 14.89 12.56 10.44 7.59 5.04 4.02 4.89 0.00 0.00 4.74 7.15 9.20 9.86 8.76 6.94 0.00 0.00 0.00 7.74 12.99 17.67 18.61 15.26 13.58 10.44 9.49 9.42 8.40 8.40 8.03 8.83 10.00 10.73 8.47 4.02 1.17 0.00 0.00 0.00 0.00 5.40 6.50 6.50 6.86 7.52 11.39 6.79 0.00 0.00 5.40 4.96 3.29 3.07 4.02 5.04 6.64 0.00 0.00 0.00 0.00 13.14 15.26 11.46 14.67 16.79 15.55 14.82 14.82 13.29 15.04 16.64 15.48 13.58 13.21 13.58 11.46 9.42 0.00 0.00 0.00 0.00 0.00 0.00
4.53 4.96 7.66 8.69 7.81 0.00 3.87 0.00 4.02 3.43 4.67 9.34 12.48 8.40 6.28 3.94 4.45 4.53 4.53 5.84 9.13 14.53 13.80 10.95 8.76 8.10 9.05 9.49 9.42 8.10 7.96 6.64 8.40 11.02 8.98 4.74 3.72 6.79 9.42 7.59 6.50 7.15 7.81 7.81 6.94 6.57 4.45 5.62 7.88 10.59 14.02 11.53 8.76 6.06 0.00 0.00 0.00 0.00 0.00 0.00 0.00 0.00 0.00 0.00 0.00 5.91 5.18 4.82 4.82 7.15 11.24 14.97 14.53 11.61 11.39 13.72 15.04 16.43 15.70 0.00 0.00 0.00 0.00 0.00
2.41 0.00 4.38 4.53 4.96 0.00 0.00 0.00 0.00 0.00 1.83 2.77 6.28 6.20 4.09 3.72 3.14 5.62 5.62 11.02 16.35 16.72 12.56 8.18 7.23 7.88 7.37 6.57 6.64 7.01 7.23 6.94 7.66 8.25 7.23 6.28 6.57 8.25 8.10 7.30 7.08 8.76 9.78 9.78 6.42 5.26 7.81 8.25 6.64 6.79 9.27 12.05 0.00 0.00 0.00 0.00 0.00 0.00 0.00 0.00 0.00 0.00 0.00 0.00 0.00 7.30 11.39 14.82 14.82 16.72 14.67 13.07 15.26 12.12 8.98 13.07 16.86 15.40 11.02 8.40 0.00 10.88 8.40 6.64
2.41 0.00 4.38 4.53 4.96 0.00 0.00 0.00 0.00 0.00 1.83 2.77 6.28 6.20 4.09 3.72 3.14 5.62 5.62 11.02 16.35 16.72 12.56 8.18 7.23 7.88 7.37 6.57 6.64 7.01 7.23 6.94 7.66 8.25 7.23 6.28 6.57 8.25 8.10 7.30 7.08 8.76 9.78 9.78 6.42 5.26 7.81 8.25 6.64 6.79 9.27 12.05 0.00 0.00 0.00 0.00 0.00 0.00 0.00 0.00 0.00 0.00 0.00 0.00 0.00 7.30 11.39 14.82 14.82 16.72 14.67 13.07 15.26 12.12 8.98 13.07 16.86 15.40 11.02 8.40 0.00 10.88 8.40 6.64
0.00 0.00 0.00 0.00 0.00 0.00 0.00 0.00 0.00 0.00 0.00 4.82 4.09 2.85 3.87 5.77 6.79 10.22 10.22 16.72 23.65 16.35 8.91 8.69 8.98 8.54 7.08 3.21 4.02 5.77 5.48 4.96 6.28 6.86 5.91 9.34 13.58 11.10 7.96 10.59 12.78 14.02 13.87 13.87 7.96 4.96 0.00 0.00 0.00 0.00 0.00 0.00 0.00 0.00 0.00 0.00 16.06 0.00 0.00 0.00 0.00 0.00 0.00 0.00 0.00 6.13 9.56 13.80 13.80 15.91 17.37 17.45 14.31 12.34 11.24 12.70 15.62 18.98 17.45 11.32 5.99 16.79 16.21 13.14
0.00 0.00 0.00 0.00 0.00 0.00 0.00 0.00 8.91 9.56 8.03 8.61 11.53 14.09 12.26 11.39 14.45 17.23 17.23 13.65 12.63 9.86 7.66 8.47 8.40 7.15 5.26 5.99 6.42 9.13 12.48 13.07 13.51 11.97 12.19 16.72 18.10 14.89 12.78 13.58 12.26 11.24 0.00 0.00 0.00 0.00 0.00 0.00 0.00 0.00 0.00 0.00 0.00 0.00 0.00 0.00 0.00 0.00 0.00 0.00 0.00 0.00 0.00 0.00 0.00 10.66 14.60 14.60 14.60 15.84 19.71 20.22 21.17 19.13 15.91 15.70 16.28 19.35 18.54 21.83 14.38 14.16 14.89 12.05
0.00 0.00 0.00 0.00 0.00 0.00 0.00 0.00 11.02 11.02 9.78 10.00 12.78 16.79 18.98 15.11 12.85 11.53 11.53 8.83 8.69 8.54 8.03 5.62 4.67 6.57 9.13 10.73 11.39 14.24 18.83 21.75 18.47 15.18 16.06 14.16 11.61 8.91 7.23 6.64 5.99 12.92 0.00 0.00 0.00 0.00 0.00 0.00 0.00 0.00 0.00 0.00 0.00 0.00 0.00 0.00 0.00 0.00 0.00 0.00 0.00 0.00 0.00 0.00 14.38 14.38 12.56 13.72 13.72 19.05 19.71 15.33 9.78 6.13 10.95 11.24 4.74 0.00 9.78 9.93 8.83 6.79 6.57 7.15
0.00 0.00 0.00 0.00 0.00 0.00 6.20 7.59 9.20 10.59 9.13 8.61 8.76 8.25 8.40 9.86 10.44 10.15 10.15 8.98 7.96 8.83 11.17 10.88 8.91 8.61 8.25 11.24 15.26 18.54 22.63 22.63 12.19 6.50 9.27 4.89 3.50 2.41 2.26 2.12 3.21 0.00 0.00 0.00 0.00 0.00 0.00 0.00 0.00 0.00 0.00 0.00 0.00 0.00 0.00 0.00 0.00 0.00 0.00 0.00 0.00 0.00 0.00 0.00 0.00 9.56 8.76 11.17 11.17 16.94 17.30 14.38 2.19 0.00 0.00 7.88 4.53 0.00 0.00 8.61 7.30 7.37 10.80 14.53
0.00 0.00 0.00 0.00 0.00 0.00 6.20 7.59 9.20 10.59 9.13 8.61 8.76 8.25 8.40 9.86 10.44 10.15 10.15 8.98 7.96 8.83 11.17 10.88 8.91 8.61 8.25 11.24 15.26 18.54 22.63 22.63 12.19 6.50 9.27 4.89 3.50 2.41 2.26 2.12 3.21 0.00 0.00 0.00 0.00 0.00 0.00 0.00 0.00 0.00 0.00 0.00 0.00 0.00 0.00 0.00 0.00 0.00 0.00 0.00 0.00 0.00 0.00 0.00 0.00 9.56 8.76 11.17 11.17 16.94 17.30 14.38 2.19 0.00 0.00 7.88 4.53 0.00 0.00 8.61 7.30 7.37 10.80 14.53
0.00 0.00 0.00 3.87 5.04 3.43 0.00 0.00 5.55 7.88 8.98 9.56 9.64 7.30 6.72 10.00 10.66 9.13 9.13 8.40 7.45 7.45 8.47 12.19 13.80 10.00 4.67 5.62 11.10 15.33 17.16 19.49 17.59 14.16 5.11 0.00 0.80 1.53 3.36 0.66 0.00 0.00 0.00 0.00 13.51 13.72 11.75 9.78 0.00 0.00 0.00 0.00 0.00 0.00 0.00 0.00 0.00 0.00 0.00 0.00 0.00 0.00 0.00 0.00 0.00 0.00 6.50 13.94 13.94 20.73 17.74 6.20 0.00 0.00 0.00 11.61 0.00 0.00 4.96 2.19 0.80 3.58 6.94 11.32
0.00 0.00 4.96 11.83 13.72 9.20 0.00 0.00 0.00 7.01 8.25 10.88 14.89 13.51 11.10 11.02 14.82 9.93 9.93 6.06 4.67 2.41 3.07 7.96 12.19 12.92 8.69 7.30 10.44 14.09 17.67 21.90 26.65 24.89 15.70 6.86 6.79 5.55 8.61 6.28 12.41 19.78 19.42 19.42 20.37 15.11 8.32 6.94 7.74 8.10 9.05 15.84 20.88 22.70 21.02 0.00 0.00 0.00 0.00 0.00 20.73 17.59 0.00 0.00 0.00 0.00 9.05 19.27 19.27 25.04 20.44 6.06 0.00 0.00 9.56 7.52 6.86 0.00 0.07 0.00 0.00 0.00 0.00 0.00
0.00 0.00 0.00 7.88 16.57 19.64 15.18 8.54 8.25 9.05 9.56 10.73 13.14 12.63 11.75 13.72 14.60 16.28 16.28 17.81 14.82 8.76 5.18 5.91 12.12 16.79 16.72 17.01 17.89 17.23 21.46 26.13 26.43 23.14 22.05 16.21 8.25 4.82 4.16 4.82 4.31 10.00 18.98 18.98 25.62 22.41 11.32 11.39 15.84 22.48 22.70 24.09 25.04 25.40 25.04 0.00 0.00 0.00 11.68 18.25 22.85 20.51 13.14 0.00 0.00 12.12 17.16 19.56 19.56 15.11 6.20 0.00 0.00 0.00 0.00 0.00 0.00 0.00 0.00 0.00 0.00 0.00 0.00 0.00
0.00 0.00 0.00 0.00 3.87 10.29 12.99 11.39 12.41 12.48 11.68 13.29 12.99 11.53 10.66 10.95 12.85 13.51 13.51 14.16 12.78 12.70 12.85 11.97 15.70 18.76 17.67 14.82 10.37 5.26 8.83 18.76 24.97 21.61 11.90 6.79 4.23 4.60 0.00 0.00 3.14 7.23 20.44 20.44 30.37 28.76 24.97 21.39 23.80 23.87 23.87 23.87 23.65 22.78 23.29 20.59 15.91 10.88 0.00 0.00 8.91 12.99 15.48 15.70 15.48 15.62 14.31 10.95 10.95 0.00 0.00 0.00 0.00 0.00 0.00 0.00 0.00 0.00 0.00 0.00 0.00 0.00 0.00 0.00
0.00 0.00 0.00 0.00 0.00 0.00 7.96 11.97 14.82 18.83 22.05 26.72 28.84 24.38 16.86 14.67 15.33 14.82 14.82 14.60 16.57 17.67 17.74 17.59 19.78 21.46 19.93 17.16 11.68 6.50 0.00 3.21 11.02 18.61 10.95 3.94 0.00 0.00 0.00 7.01 5.99 5.55 10.59 10.59 16.13 10.00 13.51 14.09 11.53 11.17 11.39 14.24 16.72 15.70 0.00 0.00 0.00 0.00 0.00 0.00 0.00 0.00 0.00 0.00 9.27 9.20 0.00 0.00 0.00 0.00 0.00 0.00 0.00 0.00 0.00 0.00 0.00 0.00 0.00 0.00 0.00 0.00 0.00 0.00
0.00 0.00 0.00 0.00 0.00 0.00 7.96 11.97 14.82 18.83 22.05 26.72 28.84 24.38 16.86 14.67 15.33 14.82 14.82 14.60 16.57 17.67 17.74 17.59 19.78 21.46 19.93 17.16 11.68 6.50 0.00 3.21 11.02 18.61 10.95 3.94 0.00 0.00 0.00 7.01 5.99 5.55 10.59 10.59 16.13 10.00 13.51 14.09 11.53 11.17 11.39 14.24 16.72 15.70 0.00 0.00 0.00 0.00 0.00 0.00 0.00 0.00 0.00 0.00 9.27 9.20 0.00 0.00 0.00 0.00 0.00 0.00 0.00 0.00 0.00 0.00 0.00 0.00 0.00 0.00 0.00 0.00 0.00 0.00
0.00 0.00 0.00 10.95 12.26 10.00 12.19 12.56 8.32 9.49 12.99 18.32 23.21 26.86 25.62 19.05 17.74 16.06 16.06 16.13 17.16 17.96 19.49 22.85 25.84 26.86 27.45 25.40 21.02 12.63 7.23 4.82 5.11 5.26 4.31 0.00 0.00 0.00 0.00 0.00 2.92 1.68 0.00 0.00 0.00 0.00 0.00 0.00 0.00 0.00 0.00 3.94 0.00 0.00 0.00 13.65 13.58 13.29 14.02 14.09 11.90 0.00 0.00 0.00 0.00 0.00 0.00 0.00 0.00 0.00 0.00 0.00 0.00 0.00 0.00 0.00 0.00 0.00 0.00 0.00 0.00 0.00 0.00 0.00
0.00 5.55 9.27 12.99 16.43 19.86 22.56 22.92 13.94 7.81 7.59 5.69 9.27 12.56 14.53 15.84 15.18 14.60 14.60 14.45 16.13 18.40 19.05 20.63 21.50 22.83 20.87 18.98 14.75 9.93 8.10 6.86 3.80 0.00 0.00 0.00 0.00 0.00 0.00 0.00 0.00 0.00 0.00 0.00 0.00 0.00 0.00 0.00 0.00 0.00 0.00 0.00 0.00 0.00 0.00 5.62 0.00 12.05 19.86 23.14 21.02 18.98 20.22 20.88 20.37 0.00 0.00 0.00 0.00 0.00 0.00 0.00 0.00 0.00 0.00 0.00 0.00 0.00 0.00 0.00 0.00 0.00 0.00 0.00
6.57 8.91 13.94 16.50 21.39 22.92 18.61 9.71 0.00 0.00 0.00 0.00 10.15 9.34 12.12 16.28 19.71 22.85 22.85 22.85 21.90 22.34 21.97 21.17 26.35 20.93 22.02 23.41 23.43 14.97 7.88 4.67 3.87 1.97 0.00 0.00 0.00 0.00 3.87 0.00 0.00 0.00 0.00 0.00 0.00 0.00 0.00 0.00 0.00 0.00 0.00 0.00 0.00 0.00 0.00 0.00 0.00 0.00 17.96 21.46 13.51 9.71 15.91 19.35 21.10 18.47 0.00 0.00 0.00 0.00 0.00 0.00 0.00 2.48 0.00 0.00 0.00 0.00 0.00 0.00 0.00 0.00 0.00 0.00
4.23 1.10 0.00 0.00 0.00 0.00 0.00 0.00 0.00 0.00 0.00 0.00 0.00 0.00 9.20 12.99 13.29 12.99 12.99 15.70 20.37 19.94 17.01 20.62 20.80 19.06 21.94 21.38 22.20 18.18 10.73 12.92 10.95 3.72 1.39 0.00 2.04 3.07 4.67 0.00 0.00 0.00 0.00 0.00 0.00 0.00 0.00 0.00 0.00 0.00 0.00 0.00 0.00 0.00 0.00 0.00 0.00 0.00 0.00 0.00 14.67 9.34 9.93 9.20 5.55 14.60 18.61 12.63 12.63 6.64 0.00 0.00 3.94 6.13 5.33 9.42 0.00 0.00 0.00 0.00 0.00 0.00 0.00 0.00
0.00 0.00 0.00 0.00 0.00 0.00 0.00 0.00 0.00 0.00 0.00 0.00 0.00 0.00 0.00 0.00 0.00 0.00 0.00 0.00 0.00 0.00 3.69 9.27 12.23 15.84 21.07 22.93 27.62 27.21 23.62 22.34 19.56 9.86 8.69 6.72 0.00 4.38 3.65 0.00 0.00 0.00 0.00 0.00 0.00 0.00 0.00 0.00 0.00 0.00 0.00 0.00 0.00 0.00 0.00 0.00 0.00 0.00 0.00 0.00 0.00 0.00 22.56 14.67 6.72 14.38 18.83 16.43 16.43 14.67 15.40 14.24 11.75 13.94 11.68 8.76 4.82 0.00 0.00 0.00 0.00 0.00 0.00 0.00
0.00 0.00 0.00 0.00 0.00 0.00 0.00 0.00 0.00 0.00 0.00 0.00 0.00 0.00 0.00 0.00 0.00 0.00 0.00 0.00 0.00 0.00 3.59 9.51 12.05 15.84 20.44 21.31 25.81 27.63 23.86 23.27 21.98 10.43 8.91 6.72 0.00 4.38 3.65 0.00 0.00 0.00 0.00 0.00 0.00 0.00 0.00 0.00 0.00 0.00 0.00 0.00 0.00 0.00 0.00 0.00 0.00 0.00 0.00 0.00 0.00 0.00 22.56 14.67 6.72 14.38 18.83 16.43 16.43 14.67 15.40 14.24 11.75 13.94 11.68 8.76 4.82 0.00 0.00 0.00 0.00 0.00 0.00 0.00
0.00 0.00 0.00 0.00 0.00 0.00 0.00 0.00 0.00 0.00 0.00 0.00 0.00 0.00 0.00 0.00 0.00 0.00 0.00 0.00 0.00 0.00 0.00 0.00 3.52 9.29 8.55 8.73 14.09 20.32 22.93 18.08 22.66 18.02 13.32 10.74 5.53 4.23 5.26 0.44 0.00 0.00 0.00 0.00 0.00 0.00 0.00 0.00 0.00 0.00 0.00 0.00 0.00 0.00 0.00 0.00 0.00 0.00 0.00 0.00 0.00 0.00 15.48 18.98 17.16 16.86 20.95 21.68 21.68 16.28 14.60 8.47 8.10 10.88 11.68 7.23 0.00 0.00 0.00 0.00 0.00 0.00 0.00 0.00
0.00 0.00 0.00 0.00 0.00 0.00 0.00 0.00 0.00 0.00 0.00 0.00 0.00 0.00 0.00 0.00 0.00 0.00 0.00 0.00 0.00 0.00 0.00 0.00 0.00 0.00 0.00 0.00 0.00 0.00 3.87 4.67 6.42 11.37 16.23 15.47 12.15 9.46 9.34 8.18 4.67 0.00 0.00 0.00 0.00 0.00 0.00 0.00 0.00 0.00 0.00 0.00 0.00 0.00 0.00 0.00 0.00 0.00 0.00 0.00 0.00 0.00 7.30 17.67 22.70 17.59 13.80 18.25 18.25 12.48 11.97 11.02 10.22 12.05 11.53 6.72 1.24 1.10 0.00 0.00 0.00 0.00 0.00 0.00
0.00 0.00 0.00 0.00 0.00 0.00 0.00 0.00 0.00 0.00 0.00 0.00 0.00 0.00 0.00 0.00 0.00 0.00 0.00 0.00 0.00 0.00 0.00 0.00 0.00 0.00 0.00 0.00 0.00 0.00 0.00 0.00 0.00 0.00 3.00 8.73 16.45 19.93 24.31 23.21 12.85 4.96 0.00 0.00 0.00 0.00 0.00 0.00 0.00 0.00 0.00 0.00 0.00 0.00 0.00 0.00 0.00 0.00 0.00 0.00 0.00 0.00 0.00 18.69 14.75 10.51 9.56 12.41 12.41 16.13 6.28 7.01 7.88 7.23 8.47 7.81 7.08 6.94 5.69 4.74 0.00 0.00 0.00 0.00
0.00 0.00 0.00 0.00 0.00 0.00 0.00 0.00 0.00 0.00 0.00 0.00 0.00 0.00 7.81 12.85 10.15 8.76 8.76 6.35 3.07 0.00 0.00 0.00 0.00 0.00 0.00 0.00 0.00 0.00 0.00 0.00 0.00 0.00 0.00 0.00 3.19 13.09 16.69 16.44 15.18 6.86 2.85 2.85 4.38 3.72 0.00 0.00 0.00 0.00 0.00 0.00 0.00 0.00 0.00 0.00 0.00 0.00 0.00 0.00 0.00 0.00 0.00 0.00 5.69 5.69 10.66 12.41 12.41 11.68 9.56 5.55 2.85 3.50 9.71 12.41 11.46 13.36 11.97 9.27 11.61 8.61 0.00 0.00
0.00 0.00 0.00 0.00 0.00 0.00 0.00 0.00 0.00 0.00 0.00 0.00 0.88 5.91 8.32 6.13 0.00 0.00 0.00 0.00 0.00 0.00 0.00 0.00 0.00 0.00 0.00 0.00 0.00 0.00 0.00 0.00 0.00 0.00 0.00 0.00 0.00 0.00 5.41 8.16 9.98 12.63 9.78 9.78 8.40 6.28 4.74 3.36 1.46 3.21 0.00 0.00 0.00 0.00 0.00 0.00 0.00 0.00 0.00 0.00 0.00 0.00 0.00 0.00 0.00 0.00 10.59 8.10 8.10 5.62 12.26 14.45 7.81 6.13 6.42 8.76 12.70 14.67 11.90 9.78 11.61 11.53 7.52 6.28
0.00 0.00 0.00 0.00 0.00 0.00 0.00 0.00 0.00 0.00 0.00 0.00 4.31 4.02 0.00 0.00 0.00 0.00 0.00 0.00 0.00 0.00 0.00 0.00 0.00 0.00 0.00 0.00 0.00 0.00 0.00 0.00 0.00 0.00 0.00 0.00 0.00 0.00 0.00 0.00 3.32 10.00 12.92 12.92 10.73 7.15 4.16 8.10 5.55 4.82 5.99 0.00 0.00 0.00 0.00 0.00 0.00 0.00 0.00 0.00 0.00 0.00 0.00 0.00 0.00 0.00 0.00 0.00 0.00 0.00 6.28 8.32 4.96 3.50 5.99 7.30 9.56 7.88 5.91 8.76 12.48 11.97 10.59 8.47
0.00 0.00 0.00 0.00 0.00 0.00 0.00 0.00 0.00 0.00 0.00 0.00 4.31 4.02 0.00 0.00 0.00 0.00 0.00 0.00 0.00 0.00 0.00 0.00 0.00 0.00 0.00 0.00 0.00 0.00 0.00 0.00 0.00 0.00 0.00 0.00 0.00 0.00 0.00 0.00 3.29 10.00 12.92 12.92 10.73 7.15 4.16 8.10 5.55 4.82 5.99 0.00 0.00 0.00 0.00 0.00 0.00 0.00 0.00 0.00 0.00 0.00 0.00 0.00 0.00 0.00 0.00 0.00 0.00 0.00 6.28 8.32 4.96 3.50 5.99 7.30 9.56 7.88 5.91 8.76 12.48 11.97 10.59 8.47
0.00 0.00 0.00 0.00 0.00 0.00 0.00 0.00 0.00 0.00 0.00 0.00 0.00 0.00 0.00 0.00 0.00 0.00 0.00 0.00 0.00 0.00 0.00 0.00 0.00 0.00 0.00 0.00 0.00 0.00 0.00 0.00 0.00 0.00 0.00 0.00 0.00 0.00 0.00 0.00 0.00 0.00 5.99 5.99 7.23 7.88 7.66 11.39 12.05 7.23 5.99 2.19 0.00 0.00 0.00 0.00 0.00 0.00 0.00 0.00 0.00 0.00 0.00 0.00 0.00 0.00 3.07 0.00 0.00 0.00 0.00 0.00 1.75 0.00 0.00 0.00 0.00 0.00 0.00 0.00 7.08 10.44 10.29 8.25
