Wansh/Snow_depth/snowdepth-1984/spring/1984103.txt
ncols 321
nrows 161
xllcenter 60
yllcenter 15 
cellsize  0.25 
NODATA_value -1
[rows 0 to 36 of 161, columns 84 to 167 of 321]
27.59 29.42 28.69 27.16 23.36 18.54 12.41 12.63 18.69 20.81 20.15 21.02 21.32 21.02 19.64 19.64 22.12 22.78 22.78 22.27 22.27 15.91 6.64 3.58 2.04 2.77 0.00 0.00 0.00 3.72 6.64 7.66 8.83 7.37 7.52 8.25 13.07 14.53 17.96 14.97 19.42 21.61 14.45 14.45 12.85 8.91 7.74 6.20 7.52 7.96 9.71 7.59 6.64 8.32 10.44 11.68 11.46 9.42 6.72 4.67 2.34 2.63 2.48 0.00 0.00 0.00 0.00 0.00 0.00 0.00 0.00 0.00 0.00 0.00 0.00 0.00 0.00 0.00 0.00 0.00 0.00 0.00 0.00 0.00
26.72 26.86 26.86 23.87 17.96 14.97 14.53 15.77 16.06 16.79 18.03 16.06 14.97 14.24 11.24 13.51 22.19 23.51 23.51 24.45 24.89 25.84 22.70 12.70 7.23 5.18 4.67 3.29 3.80 3.50 4.60 7.74 9.05 7.96 6.13 3.72 0.00 2.34 7.15 12.63 17.59 15.18 10.44 10.44 9.64 6.28 3.58 2.63 3.72 6.06 6.20 6.57 7.08 7.15 6.57 5.77 6.50 6.57 6.13 4.89 5.04 4.82 3.36 0.00 0.00 0.00 0.00 0.00 0.00 0.00 0.00 0.00 0.00 0.00 0.00 0.00 0.00 0.00 0.00 0.00 0.00 0.00 0.00 0.00
26.35 26.21 25.04 20.08 17.23 16.50 17.23 16.35 17.16 21.32 25.19 24.02 18.40 15.26 12.05 10.22 12.12 15.26 15.26 18.98 11.39 17.16 22.92 20.08 11.83 7.23 5.40 5.18 5.99 5.99 4.09 4.60 6.20 5.33 5.55 6.72 6.06 8.98 24.16 24.31 26.57 21.90 20.44 20.44 20.15 16.79 8.69 3.58 2.85 3.21 3.21 3.36 4.82 6.35 8.25 9.20 9.93 11.39 11.02 9.34 9.05 9.93 8.83 6.64 6.35 0.00 0.00 0.00 0.00 0.00 0.00 0.00 0.00 0.00 0.00 0.00 0.00 0.00 0.00 0.00 0.00 0.00 0.00 0.00
26.35 26.21 25.04 20.08 17.23 16.50 17.23 16.35 17.16 21.32 25.19 24.02 18.40 15.26 12.05 10.22 12.12 15.26 15.26 18.98 11.39 17.16 22.92 20.08 11.83 7.23 5.40 5.18 5.99 5.99 4.09 4.60 6.20 5.33 5.55 6.72 6.06 8.98 24.16 24.31 26.57 21.90 20.44 20.44 20.15 16.79 8.69 3.58 2.85 3.21 3.21 3.36 4.82 6.35 8.25 9.20 9.93 11.39 11.02 9.34 9.05 9.93 8.83 6.64 6.35 0.00 0.00 0.00 0.00 0.00 0.00 0.00 0.00 0.00 0.00 0.00 0.00 0.00 0.00 0.00 0.00 0.00 0.00 0.00
23.21 19.64 15.91 18.76 22.27 25.92 24.75 26.06 28.62 28.03 25.04 23.07 20.73 20.95 17.52 15.26 10.66 11.39 11.39 4.45 5.40 11.10 16.50 21.02 17.45 12.26 6.50 6.57 7.88 7.30 5.77 6.28 6.86 7.96 8.25 9.49 10.59 12.99 17.16 16.43 13.36 10.80 13.65 13.65 16.94 20.44 19.56 12.05 9.20 0.00 0.00 0.00 0.00 0.00 0.00 3.50 5.18 8.03 10.15 12.12 12.78 11.24 10.66 9.49 11.61 12.85 0.00 0.00 0.00 0.00 0.00 0.00 0.00 0.00 0.00 0.00 0.00 0.00 0.00 0.00 0.00 0.00 0.00 0.00
17.52 17.08 17.96 18.83 16.57 15.33 14.75 15.04 18.10 19.78 18.98 22.19 24.16 21.53 16.13 17.01 20.15 10.44 10.44 6.86 6.06 7.23 9.64 12.85 14.53 13.43 9.42 6.94 7.96 6.50 5.91 7.01 8.54 10.66 11.61 8.32 5.84 0.00 0.00 0.00 0.00 0.00 0.00 0.00 5.33 9.93 13.72 14.82 11.53 7.08 4.60 4.74 0.00 0.00 0.00 0.00 3.29 4.45 7.96 9.34 11.46 12.34 17.89 16.50 14.53 14.16 13.07 0.00 0.00 0.00 0.00 0.00 0.00 0.00 0.00 0.00 0.00 0.00 0.00 0.00 0.00 0.00 0.00 0.00
22.05 20.88 15.04 11.02 7.59 5.55 6.86 7.01 6.86 7.23 7.08 9.27 14.02 16.86 10.29 8.98 10.07 15.26 15.26 17.45 15.77 8.61 6.42 11.53 12.92 11.46 8.25 0.00 0.00 5.84 5.77 5.91 8.61 10.07 10.22 7.88 0.00 0.00 0.00 0.00 0.00 0.00 0.00 0.00 0.00 8.83 11.02 13.43 0.00 0.00 0.00 0.00 0.00 0.00 0.00 0.00 12.12 7.81 7.66 8.03 12.63 22.12 21.17 18.83 19.64 19.13 15.04 12.41 12.41 11.53 11.53 12.05 12.12 0.00 0.00 0.00 0.00 0.00 0.00 0.00 0.00 0.00 0.00 0.00
22.05 20.88 15.04 11.02 7.59 5.55 6.86 7.01 6.86 7.23 7.08 9.27 14.02 16.86 10.29 8.98 10.07 15.26 15.26 17.45 15.77 8.61 6.42 11.53 12.92 11.46 8.25 0.00 0.00 5.84 5.77 5.91 8.61 10.07 10.22 7.88 0.00 0.00 0.00 0.00 0.00 0.00 0.00 0.00 0.00 8.83 11.02 13.43 0.00 0.00 0.00 0.00 0.00 0.00 0.00 0.00 12.12 7.81 7.66 8.03 12.63 22.12 21.17 18.83 19.64 19.13 15.04 12.41 12.41 11.53 11.53 12.05 12.12 0.00 0.00 0.00 0.00 0.00 0.00 0.00 0.00 0.00 0.00 0.00
16.13 15.99 12.70 10.66 6.20 2.26 0.00 0.00 0.00 1.46 3.21 9.05 12.12 11.53 9.42 4.74 0.00 0.00 0.00 7.52 15.26 16.79 13.58 12.26 10.80 9.34 8.61 0.00 0.00 0.00 7.30 7.88 8.69 9.20 7.74 0.00 0.00 0.00 0.00 0.00 0.00 0.00 0.00 0.00 3.87 5.48 5.69 6.79 0.00 0.00 5.40 4.96 3.29 3.07 4.02 5.04 6.64 0.00 0.00 0.00 0.00 13.14 15.26 11.46 14.67 16.79 15.55 14.82 14.82 13.29 15.04 16.64 15.48 13.58 13.21 13.58 11.46 9.42 0.00 0.00 0.00 0.00 0.00 0.00
5.04 5.62 7.81 8.83 5.69 0.00 0.00 0.00 0.00 0.00 4.82 10.88 15.11 12.48 11.02 0.00 0.00 0.00 0.00 7.23 12.99 17.23 13.58 10.73 9.05 9.05 9.71 9.27 8.32 7.88 7.74 7.96 8.32 12.19 7.59 0.00 0.00 0.00 0.00 0.00 0.00 0.00 4.16 4.16 4.09 4.16 4.45 5.62 7.88 10.59 14.02 11.53 8.76 6.06 0.00 0.00 0.00 0.00 0.00 0.00 0.00 0.00 0.00 0.00 0.00 5.91 5.18 4.82 4.82 7.15 11.24 14.97 14.53 11.61 11.39 13.72 15.04 16.43 15.70 0.00 0.00 0.00 0.00 0.00
0.00 2.48 4.09 2.34 0.00 0.00 0.00 0.00 0.00 0.00 1.83 3.58 7.59 12.92 0.00 0.00 0.00 0.00 0.00 13.51 19.20 15.04 11.68 8.83 7.81 9.20 9.86 8.69 8.69 7.88 7.81 8.03 8.25 8.47 7.30 4.23 0.00 0.00 0.00 0.00 0.00 3.21 6.28 6.28 5.40 5.26 7.81 8.25 6.64 6.79 9.27 12.05 0.00 0.00 0.00 0.00 0.00 0.00 0.00 0.00 0.00 0.00 0.00 0.00 0.00 7.30 11.39 14.82 14.82 16.72 14.67 13.07 15.26 12.12 8.98 13.07 16.86 15.40 11.02 8.40 0.00 10.88 8.40 6.64
0.00 2.48 4.09 2.34 0.00 0.00 0.00 0.00 0.00 0.00 1.83 3.58 7.59 12.92 0.00 0.00 0.00 0.00 0.00 13.51 19.20 15.04 11.68 8.83 7.81 9.20 9.86 8.69 8.69 7.88 7.81 8.03 8.25 8.47 7.30 4.23 0.00 0.00 0.00 0.00 0.00 3.21 6.28 6.28 5.40 5.26 7.81 8.25 6.64 6.79 9.27 12.05 0.00 0.00 0.00 0.00 0.00 0.00 0.00 0.00 0.00 0.00 0.00 0.00 0.00 7.30 11.39 14.82 14.82 16.72 14.67 13.07 15.26 12.12 8.98 13.07 16.86 15.40 11.02 8.40 0.00 10.88 8.40 6.64
1.24 0.00 0.00 0.00 0.00 0.00 0.29 1.61 2.12 0.00 0.80 0.00 1.24 1.83 1.31 3.14 8.10 15.26 15.26 22.56 26.50 15.91 7.88 9.20 8.32 8.83 7.01 6.06 5.18 5.48 4.96 4.96 6.13 7.81 7.08 11.32 7.96 7.30 6.79 9.27 12.70 11.46 10.07 10.07 7.96 4.96 0.00 0.00 0.00 0.00 0.00 0.00 0.00 0.00 0.00 0.00 16.06 0.00 0.00 0.00 0.00 0.00 0.00 0.00 0.00 6.13 9.56 13.80 13.80 15.91 17.37 17.45 14.31 12.34 11.24 12.70 15.62 18.98 17.45 11.32 5.99 16.79 16.21 13.14
0.00 0.00 0.00 0.00 0.00 0.00 0.00 0.00 5.04 5.77 4.89 3.87 12.85 15.11 15.84 16.21 18.32 20.66 20.66 18.40 12.78 10.80 9.42 9.93 8.61 7.45 7.45 7.88 8.91 10.00 11.61 13.36 14.89 13.29 18.03 19.93 19.05 13.80 10.29 13.94 10.29 0.00 0.00 0.00 0.00 0.00 0.00 0.00 0.00 0.00 0.00 0.00 0.00 0.00 0.00 0.00 0.00 0.00 0.00 0.00 0.00 0.00 0.00 0.00 0.00 10.66 14.60 14.60 14.60 15.84 19.71 20.22 21.17 19.13 15.91 15.70 16.28 19.35 18.54 21.83 14.38 14.16 14.89 12.05
0.00 0.00 0.00 0.00 0.00 0.00 0.00 5.26 8.54 11.02 9.71 11.75 16.57 22.92 19.20 17.59 11.39 12.05 12.05 9.42 9.20 9.56 11.17 10.29 8.40 7.88 10.29 12.78 14.16 16.86 21.97 24.16 21.32 16.28 15.99 12.12 14.45 0.00 0.00 0.00 0.00 0.00 0.00 0.00 0.00 0.00 0.00 0.00 0.00 0.00 0.00 0.00 0.00 0.00 0.00 0.00 0.00 0.00 0.00 0.00 0.00 0.00 0.00 0.00 14.38 14.38 12.56 13.72 13.72 19.05 19.71 15.33 9.78 6.13 10.95 11.24 4.74 0.00 9.78 9.93 8.83 6.79 6.57 7.15
0.00 0.00 0.00 6.35 8.25 6.79 6.94 8.10 8.91 9.27 11.17 11.83 11.39 9.64 10.00 11.24 11.24 11.24 11.24 9.27 7.66 11.53 14.09 14.24 13.21 10.51 9.42 14.53 17.96 20.22 22.85 24.24 15.84 9.86 8.18 0.00 0.00 0.00 0.00 0.00 0.00 0.00 0.00 0.00 0.00 0.00 0.00 0.00 0.00 0.00 0.00 0.00 0.00 0.00 0.00 0.00 0.00 0.00 0.00 0.00 0.00 0.00 0.00 0.00 0.00 9.56 8.76 11.17 11.17 16.94 17.30 14.38 2.19 0.00 0.00 7.88 4.53 0.00 0.00 8.61 7.30 7.37 10.80 14.53
0.00 0.00 0.00 6.35 8.25 6.79 6.94 8.10 8.91 9.27 11.17 11.83 11.39 9.64 10.00 11.24 11.24 11.24 11.24 9.27 7.66 11.53 14.09 14.24 13.21 10.51 9.42 14.53 17.96 20.22 22.85 24.24 15.84 9.86 8.18 0.00 0.00 0.00 0.00 0.00 0.00 0.00 0.00 0.00 0.00 0.00 0.00 0.00 0.00 0.00 0.00 0.00 0.00 0.00 0.00 0.00 0.00 0.00 0.00 0.00 0.00 0.00 0.00 0.00 0.00 9.56 8.76 11.17 11.17 16.94 17.30 14.38 2.19 0.00 0.00 7.88 4.53 0.00 0.00 8.61 7.30 7.37 10.80 14.53
0.00 0.00 0.00 6.50 9.20 8.54 6.28 7.15 7.59 9.27 11.61 11.97 11.32 7.88 6.86 11.32 12.12 10.37 10.37 9.49 7.59 8.32 10.15 13.43 15.33 12.70 8.10 8.83 11.68 16.28 19.78 20.29 19.71 14.53 5.33 0.00 0.00 0.00 0.00 0.00 0.00 0.00 0.00 0.00 13.51 13.72 11.75 9.78 0.00 0.00 0.00 0.00 0.00 0.00 0.00 0.00 0.00 0.00 0.00 0.00 0.00 0.00 0.00 0.00 0.00 0.00 6.50 13.94 13.94 20.73 17.74 6.20 0.00 0.00 0.00 11.61 0.00 0.00 4.96 2.19 0.80 3.58 6.94 11.32
0.00 0.00 12.63 18.98 22.63 18.61 11.17 6.72 7.01 10.80 12.92 15.84 19.35 18.54 13.51 15.40 17.30 9.86 9.86 11.53 9.27 7.01 6.50 10.37 14.53 14.60 10.59 10.00 12.78 15.84 19.86 24.02 25.99 21.10 15.99 6.13 7.45 6.42 0.00 12.05 12.41 19.78 19.42 19.42 20.37 15.11 8.32 6.94 7.74 8.10 9.05 15.84 20.88 22.70 21.02 0.00 0.00 0.00 0.00 0.00 20.73 17.59 0.00 0.00 0.00 0.00 9.05 19.27 19.27 25.04 20.44 6.06 0.00 0.00 9.56 7.52 6.86 0.00 0.07 0.00 0.00 0.00 0.00 0.00
0.00 0.00 8.54 16.43 23.73 26.79 22.78 12.85 13.36 15.91 14.67 13.51 16.13 16.28 15.04 16.06 17.74 20.66 20.66 21.68 17.52 10.73 6.86 9.20 14.60 17.23 18.25 18.32 18.91 19.20 24.02 26.43 23.14 24.09 21.68 14.82 7.45 4.31 4.45 4.82 4.31 10.00 18.98 18.98 25.62 22.41 11.32 11.39 15.84 22.48 22.70 24.09 25.04 25.40 25.04 0.00 0.00 0.00 11.68 18.25 22.85 20.51 13.14 0.00 0.00 12.12 17.16 19.56 19.56 15.11 6.20 0.00 0.00 0.00 0.00 0.00 0.00 0.00 0.00 0.00 0.00 0.00 0.00 0.00
0.00 0.00 6.64 8.10 7.01 10.44 15.84 21.02 19.13 20.08 20.73 20.15 20.29 17.45 14.16 15.04 16.13 18.69 18.69 18.69 18.03 16.64 13.80 13.51 15.62 19.93 20.08 16.13 11.61 12.92 19.20 20.15 19.56 14.31 7.52 4.38 0.00 0.00 0.00 0.00 3.14 7.23 20.44 20.44 30.37 28.76 24.97 21.39 23.80 23.87 23.87 23.87 23.65 22.78 23.29 20.59 15.91 10.88 0.00 0.00 8.91 12.99 15.48 15.70 15.48 15.62 14.31 10.95 10.95 0.00 0.00 0.00 0.00 0.00 0.00 0.00 0.00 0.00 0.00 0.00 0.00 0.00 0.00 0.00
0.00 4.96 7.45 6.42 3.80 4.23 7.37 19.42 23.29 24.82 29.64 37.01 36.87 29.86 20.95 16.86 17.96 19.86 19.86 19.64 21.83 21.39 21.97 24.02 25.77 25.26 24.38 19.56 14.24 9.20 7.59 7.30 11.24 11.39 5.11 0.00 0.00 0.00 0.00 7.01 5.99 5.55 10.59 10.59 16.13 10.00 13.51 14.09 11.53 11.17 11.39 14.24 16.72 15.70 0.00 0.00 0.00 0.00 0.00 0.00 0.00 0.00 0.00 0.00 9.27 9.20 0.00 0.00 0.00 0.00 0.00 0.00 0.00 0.00 0.00 0.00 0.00 0.00 0.00 0.00 0.00 0.00 0.00 0.00
0.00 4.96 7.45 6.42 3.80 4.23 7.37 19.42 23.29 24.82 29.64 37.01 36.87 29.86 20.95 16.86 17.96 19.86 19.86 19.64 21.83 21.39 21.97 24.02 25.77 25.26 24.38 19.56 14.24 9.20 7.59 7.30 11.24 11.39 5.11 0.00 0.00 0.00 0.00 7.01 5.99 5.55 10.59 10.59 16.13 10.00 13.51 14.09 11.53 11.17 11.39 14.24 16.72 15.70 0.00 0.00 0.00 0.00 0.00 0.00 0.00 0.00 0.00 0.00 9.27 9.20 0.00 0.00 0.00 0.00 0.00 0.00 0.00 0.00 0.00 0.00 0.00 0.00 0.00 0.00 0.00 0.00 0.00 0.00
0.00 4.82 7.30 10.66 12.48 9.71 16.21 16.28 15.77 16.13 19.56 23.58 26.72 31.68 30.51 24.67 21.32 19.13 19.13 20.59 23.51 24.16 23.14 25.84 30.44 29.93 27.74 24.67 19.27 13.65 9.71 0.00 0.00 4.67 0.00 0.00 0.00 0.00 0.00 0.00 2.92 1.68 0.00 0.00 0.00 0.00 0.00 0.00 0.00 0.00 0.00 3.94 0.00 0.00 0.00 13.65 13.58 13.29 14.02 14.09 11.90 0.00 0.00 0.00 0.00 0.00 0.00 0.00 0.00 0.00 0.00 0.00 0.00 0.00 0.00 0.00 0.00 0.00 0.00 0.00 0.00 0.00 0.00 0.00
5.33 7.45 8.98 12.92 16.50 17.45 28.18 26.72 18.25 17.52 13.29 12.92 16.06 21.24 24.16 23.94 19.86 19.49 19.49 18.91 21.97 24.97 23.87 24.13 24.72 26.62 22.78 21.46 17.30 10.51 4.23 0.00 0.00 0.00 0.00 0.00 0.00 0.00 0.00 0.00 0.00 0.00 0.00 0.00 0.00 0.00 0.00 0.00 0.00 0.00 0.00 0.00 0.00 0.00 0.00 5.62 0.00 12.05 19.86 23.14 21.02 18.98 20.22 20.88 20.37 0.00 0.00 0.00 0.00 0.00 0.00 0.00 0.00 0.00 0.00 0.00 0.00 0.00 0.00 0.00 0.00 0.00 0.00 0.00
10.59 12.48 19.42 24.02 20.15 28.40 29.86 23.51 9.56 6.35 10.00 18.69 23.36 19.13 20.44 22.85 25.04 27.45 27.45 29.27 29.64 30.88 30.37 28.74 29.72 26.00 25.61 27.92 27.67 20.22 0.00 2.92 0.00 0.00 0.00 0.00 0.00 0.00 3.87 0.00 0.00 0.00 0.00 0.00 0.00 0.00 0.00 0.00 0.00 0.00 0.00 0.00 0.00 0.00 0.00 0.00 0.00 0.00 17.96 21.46 13.51 9.71 15.91 19.35 21.10 18.47 0.00 0.00 0.00 0.00 0.00 0.00 0.00 2.48 0.00 0.00 0.00 0.00 0.00 0.00 0.00 0.00 0.00 0.00
11.02 7.74 7.88 11.75 8.40 9.71 9.93 6.20 0.00 0.00 0.00 0.00 0.00 6.79 16.06 21.90 25.33 26.28 26.28 23.65 27.67 26.46 27.62 28.52 26.33 26.48 27.19 26.77 26.42 10.06 8.32 9.64 7.01 0.00 0.00 0.00 2.04 3.07 4.67 0.00 0.00 0.00 0.00 0.00 0.00 0.00 0.00 0.00 0.00 0.00 0.00 0.00 0.00 0.00 0.00 0.00 0.00 0.00 0.00 0.00 14.67 9.34 9.93 9.20 5.55 14.60 18.61 12.63 12.63 6.64 0.00 0.00 3.94 6.13 5.33 9.42 0.00 0.00 0.00 0.00 0.00 0.00 0.00 0.00
5.04 7.59 5.91 2.19 0.00 0.00 0.00 0.00 2.77 0.00 0.00 0.00 0.00 0.00 5.33 5.84 4.16 4.38 4.38 0.00 2.51 6.45 13.09 18.98 19.94 22.12 26.11 28.49 30.30 15.85 14.01 15.55 14.89 5.69 8.69 6.72 0.00 4.38 3.65 0.00 0.00 0.00 0.00 0.00 0.00 0.00 0.00 0.00 0.00 0.00 0.00 0.00 0.00 0.00 0.00 0.00 0.00 0.00 0.00 0.00 0.00 0.00 22.56 14.67 6.72 14.38 18.83 16.43 16.43 14.67 15.40 14.24 11.75 13.94 11.68 8.76 4.82 0.00 0.00 0.00 0.00 0.00 0.00 0.00
5.04 7.59 5.91 2.19 0.00 0.00 0.00 0.00 2.77 0.00 0.00 0.00 0.00 0.00 5.33 5.84 4.16 4.38 4.40 0.00 2.55 6.90 12.77 19.47 19.64 22.12 25.33 26.47 28.32 16.10 14.16 16.20 16.73 6.03 8.91 6.72 0.00 4.38 3.65 0.00 0.00 0.00 0.00 0.00 0.00 0.00 0.00 0.00 0.00 0.00 0.00 0.00 0.00 0.00 0.00 0.00 0.00 0.00 0.00 0.00 0.00 0.00 22.56 14.67 6.72 14.38 18.83 16.43 16.43 14.67 15.40 14.24 11.75 13.94 11.68 8.76 4.82 0.00 0.00 0.00 0.00 0.00 0.00 0.00
4.82 4.23 4.45 0.00 0.00 0.00 0.00 0.00 0.00 0.00 0.00 0.00 0.00 0.00 0.00 0.00 0.00 0.00 0.00 0.00 0.00 0.00 0.00 0.00 7.04 13.64 18.07 18.19 22.85 0.95 7.67 10.36 12.48 18.02 13.32 10.74 5.53 4.23 5.26 0.44 0.00 0.00 0.00 0.00 0.00 0.00 0.00 0.00 0.00 0.00 0.00 0.00 0.00 0.00 0.00 0.00 0.00 0.00 0.00 0.00 0.00 0.00 15.48 18.98 17.16 16.86 20.95 21.68 21.68 16.28 14.60 8.47 8.10 10.88 11.68 7.23 0.00 0.00 0.00 0.00 0.00 0.00 0.00 0.00
6.79 3.87 0.00 2.85 2.92 0.00 0.00 0.00 0.00 0.00 0.00 5.69 5.62 0.80 0.00 0.00 0.00 0.00 0.00 0.00 0.00 0.00 0.00 0.00 0.00 0.00 0.00 0.00 0.00 0.00 0.00 0.00 0.07 11.37 16.23 15.47 12.15 9.46 9.34 8.18 4.67 0.00 0.00 0.00 0.00 0.00 0.00 0.00 0.00 0.00 0.00 0.00 0.00 0.00 0.00 0.00 0.00 0.00 0.00 0.00 0.00 0.00 7.30 17.67 22.70 17.59 13.80 18.25 18.25 12.48 11.97 11.02 10.22 12.05 11.53 6.72 1.24 1.10 0.00 0.00 0.00 0.00 0.00 0.00
0.00 10.15 11.24 10.22 11.61 11.75 8.91 8.25 8.40 5.55 3.65 3.07 2.85 2.19 5.18 10.80 13.87 11.17 11.17 5.26 2.77 0.00 2.19 2.12 0.00 0.00 0.00 0.00 0.00 0.00 0.00 0.00 0.00 0.00 3.00 8.73 16.45 19.93 24.31 23.21 12.85 4.96 0.00 0.00 0.00 0.00 0.00 0.00 0.00 0.00 0.00 0.00 0.00 0.00 0.00 0.00 0.00 0.00 0.00 0.00 0.00 0.00 0.00 18.69 14.75 10.51 9.56 12.41 12.41 16.13 6.28 7.01 7.88 7.23 8.47 7.81 7.08 6.94 5.69 4.74 0.00 0.00 0.00 0.00
0.00 0.00 0.00 0.00 3.87 7.59 6.79 8.03 9.34 8.98 6.57 3.65 4.23 7.01 12.05 14.24 12.70 11.32 11.32 10.07 5.91 2.48 2.70 1.90 0.00 0.00 0.00 0.00 0.00 0.00 0.00 0.00 0.00 0.00 0.00 0.00 3.19 13.09 16.69 16.44 15.18 6.86 2.85 2.85 4.38 3.72 0.00 0.00 0.00 0.00 0.00 0.00 0.00 0.00 0.00 0.00 0.00 0.00 0.00 0.00 0.00 0.00 0.00 0.00 5.69 5.69 10.66 12.41 12.41 11.68 9.56 5.55 2.85 3.50 9.71 12.41 11.46 13.36 11.97 9.27 11.61 8.61 0.00 0.00
0.00 0.00 0.00 0.00 0.00 0.00 0.00 0.00 0.00 0.00 0.00 1.10 7.37 15.48 9.13 7.96 5.48 4.31 4.31 3.29 2.56 2.12 0.00 0.00 0.00 0.00 0.00 0.00 0.00 0.00 0.00 0.00 0.00 0.00 0.00 0.00 0.00 0.00 5.41 8.16 9.98 12.63 9.78 9.78 8.40 6.28 4.74 3.36 1.46 3.21 0.00 0.00 0.00 0.00 0.00 0.00 0.00 0.00 0.00 0.00 0.00 0.00 0.00 0.00 0.00 0.00 10.59 8.10 8.10 5.62 12.26 14.45 7.81 6.13 6.42 8.76 12.70 14.67 11.90 9.78 11.61 11.53 7.52 6.28
0.00 0.00 7.96 0.00 0.00 0.00 0.00 0.00 0.00 0.00 0.00 3.21 10.80 11.24 4.02 0.00 0.00 0.00 0.00 0.00 2.19 0.00 0.00 0.00 0.00 0.00 0.00 0.00 0.00 0.00 0.00 0.00 0.00 0.00 0.00 0.00 0.00 0.00 0.00 0.00 3.32 10.00 12.92 12.92 10.73 7.15 4.16 8.10 5.55 4.82 5.99 0.00 0.00 0.00 0.00 0.00 0.00 0.00 0.00 0.00 0.00 0.00 0.00 0.00 0.00 0.00 0.00 0.00 0.00 0.00 6.28 8.32 4.96 3.50 5.99 7.30 9.56 7.88 5.91 8.76 12.48 11.97 10.59 8.47
0.00 0.00 7.96 0.00 0.00 0.00 0.00 0.00 0.00 0.00 0.00 3.21 10.80 11.24 4.02 0.00 0.00 0.00 0.00 0.00 2.19 0.00 0.00 0.00 0.00 0.00 0.00 0.00 0.00 0.00 0.00 0.00 0.00 0.00 0.00 0.00 0.00 0.00 0.00 0.00 3.29 10.00 12.92 12.92 10.73 7.15 4.16 8.10 5.55 4.82 5.99 0.00 0.00 0.00 0.00 0.00 0.00 0.00 0.00 0.00 0.00 0.00 0.00 0.00 0.00 0.00 0.00 0.00 0.00 0.00 6.28 8.32 4.96 3.50 5.99 7.30 9.56 7.88 5.91 8.76 12.48 11.97 10.59 8.47
0.00 0.00 8.98 0.00 0.00 0.00 0.00 0.00 0.00 0.00 0.00 3.21 5.04 4.82 3.65 2.19 0.00 0.00 0.00 0.00 0.00 0.00 0.00 0.00 0.00 0.00 0.00 0.00 0.00 0.00 0.00 0.00 0.00 0.00 0.00 0.00 0.00 0.00 0.00 0.00 0.00 0.00 5.99 5.99 7.23 7.88 7.66 11.39 12.05 7.23 5.99 2.19 0.00 0.00 0.00 0.00 0.00 0.00 0.00 0.00 0.00 0.00 0.00 0.00 0.00 0.00 3.07 0.00 0.00 0.00 0.00 0.00 1.75 0.00 0.00 0.00 0.00 0.00 0.00 0.00 7.08 10.44 10.29 8.25
