Wansh/Snow_depth/snowdepth-1984/spring/1984068.txt
ncols 321
nrows 161
xllcenter 60
yllcenter 15 
cellsize  0.25 
NODATA_value -1
[rows 0 to 36 of 161, columns 0 to 83 of 321]
14.67 14.67 24.45 28.76 28.18 28.62 29.57 30.81 29.20 29.20 29.86 30.08 32.05 33.43 32.12 30.22 29.42 27.59 26.86 28.32 27.45 29.78 29.20 27.81 25.92 24.53 24.53 24.75 25.11 23.14 22.63 22.92 22.92 23.80 23.21 22.19 21.97 24.24 25.55 26.50 27.45 27.74 26.13 26.43 27.59 28.69 28.69 26.86 28.11 27.59 26.50 26.50 25.99 25.77 26.79 28.40 29.57 29.35 28.76 29.20 30.66 30.37 29.86 30.51 31.54 31.32 29.49 33.51 22.34 21.97 0.00 0.00 22.27 21.90 23.80 25.77 25.77 26.06 26.43 24.97 24.75 24.60 23.94 25.77
24.38 24.38 26.43 28.62 29.71 30.44 30.08 30.37 30.37 30.22 31.10 30.59 29.71 29.64 28.11 24.53 23.65 24.09 23.43 27.30 28.47 28.18 25.26 22.48 21.61 21.10 21.10 19.35 18.10 16.28 16.35 15.62 14.67 15.18 17.16 18.10 19.27 20.22 21.17 20.81 20.66 20.08 19.56 20.88 21.53 21.24 22.34 23.43 24.24 24.82 24.09 24.09 23.73 23.21 23.51 24.24 26.13 27.08 25.33 24.09 24.09 24.31 23.58 23.14 25.04 23.65 24.16 0.00 0.00 0.00 0.00 0.00 20.15 19.86 21.68 23.14 23.14 24.02 24.75 25.55 26.57 26.06 24.38 23.87
25.11 25.11 25.40 28.11 29.93 28.69 27.30 27.01 26.86 25.33 23.94 25.26 24.75 23.36 21.61 20.59 19.42 18.61 20.59 22.41 20.37 21.10 19.42 16.72 15.55 16.06 16.06 15.77 14.16 13.51 12.78 11.02 10.44 10.73 15.40 16.64 18.91 18.18 16.50 15.55 15.70 13.14 12.56 14.82 18.25 19.93 21.75 21.75 21.39 20.44 19.35 19.35 17.96 17.08 17.16 17.01 17.67 18.61 18.47 17.67 18.47 19.93 20.59 18.76 17.81 18.47 18.61 17.16 16.94 0.00 0.00 17.45 19.93 20.81 21.24 21.75 21.75 21.90 22.34 22.19 21.75 21.53 20.29 21.24
25.11 25.11 25.40 28.11 29.93 28.69 27.30 27.01 26.86 25.33 23.94 25.26 24.75 23.36 21.61 20.59 19.42 18.61 20.59 22.41 20.37 21.10 19.42 16.72 15.55 16.06 16.06 15.77 14.16 13.51 12.78 11.02 10.44 10.73 15.40 16.64 18.91 18.18 16.50 15.55 15.70 13.14 12.56 14.82 18.25 19.93 21.75 21.75 21.39 20.44 19.35 19.35 17.96 17.08 17.16 17.01 17.67 18.61 18.47 17.67 18.47 19.93 20.59 18.76 17.81 18.47 18.61 17.16 16.94 0.00 0.00 17.45 19.93 20.81 21.24 21.75 21.75 21.90 22.34 22.19 21.75 21.53 20.29 21.24
20.08 20.08 20.73 23.21 26.43 27.01 26.43 25.19 22.12 20.73 20.00 19.71 18.40 17.67 17.37 17.45 16.21 16.50 18.10 18.32 15.99 14.97 13.29 12.26 10.88 13.07 13.07 12.70 10.73 9.78 10.80 9.71 9.27 9.56 9.71 11.02 11.61 12.19 12.41 12.92 11.97 11.32 13.07 13.51 15.77 18.18 17.74 16.72 16.35 17.45 17.08 17.08 15.11 13.21 13.36 14.16 14.82 14.31 14.97 16.72 16.94 17.81 18.91 19.35 18.61 17.16 17.45 15.77 15.18 14.97 14.89 16.94 18.91 0.00 21.02 19.64 19.64 18.25 17.89 19.05 19.56 20.22 20.37 20.66
19.56 19.56 18.18 18.91 23.43 26.21 23.58 21.97 18.98 18.98 16.79 15.99 15.18 14.97 16.06 17.16 17.30 17.37 18.25 17.16 14.89 12.78 11.39 11.46 11.61 11.97 11.97 11.46 10.73 11.83 13.43 13.72 13.21 14.60 14.38 12.05 11.02 11.46 11.17 11.68 11.90 11.39 13.14 13.72 13.65 13.65 13.80 12.92 11.90 11.46 12.85 12.85 12.19 10.88 11.02 13.14 13.07 12.70 14.16 14.53 15.40 15.48 17.16 18.32 16.64 15.33 15.11 13.80 13.07 13.87 14.97 14.75 18.32 20.37 20.44 20.51 20.51 19.42 18.10 18.40 20.73 22.05 21.53 21.10
21.39 21.39 20.44 23.73 24.45 26.06 25.11 22.63 22.19 20.51 18.76 16.13 16.64 15.33 17.01 18.61 18.03 17.30 16.06 16.06 14.09 12.26 10.88 12.63 13.21 12.48 12.48 11.61 13.43 14.67 16.72 18.10 20.66 19.93 18.83 17.52 16.43 15.55 14.31 13.87 14.38 13.43 13.80 14.02 13.72 12.78 12.19 11.17 10.88 11.46 11.24 11.24 12.34 14.38 17.52 17.74 14.31 12.85 12.70 11.97 12.63 14.38 15.48 18.10 12.48 11.97 11.39 12.12 12.99 12.99 12.78 13.87 14.89 16.13 16.57 18.10 18.10 18.03 17.74 18.61 20.81 22.56 22.70 21.46
21.39 21.39 20.44 23.73 24.45 26.06 25.11 22.63 22.19 20.51 18.76 16.13 16.64 15.33 17.01 18.61 18.03 17.30 16.06 16.06 14.09 12.26 10.88 12.63 13.21 12.48 12.48 11.61 13.43 14.67 16.72 18.10 20.66 19.93 18.83 17.52 16.43 15.55 14.31 13.87 14.38 13.43 13.80 14.02 13.72 12.78 12.19 11.17 10.88 11.46 11.24 11.24 12.34 14.38 17.52 17.74 14.31 12.85 12.70 11.97 12.63 14.38 15.48 18.10 12.48 11.97 11.39 12.12 12.99 12.99 12.78 13.87 14.89 16.13 16.57 18.10 18.10 18.03 17.74 18.61 20.81 22.56 22.70 21.46
23.58 23.58 23.65 24.31 23.80 22.92 22.56 21.39 21.97 21.46 20.29 18.54 16.06 15.77 16.21 17.45 18.76 17.37 16.43 14.45 14.53 13.65 13.43 14.31 14.31 12.99 12.99 12.41 13.43 15.04 16.06 17.37 18.61 19.71 18.98 17.08 16.21 15.70 13.94 13.72 14.45 14.45 13.58 12.48 12.19 11.24 12.70 12.78 12.70 13.51 13.36 13.36 15.40 16.86 17.30 16.94 16.50 15.11 14.24 14.89 14.24 14.09 14.67 9.93 9.78 10.29 11.53 12.41 13.72 13.43 12.70 12.78 13.43 13.43 14.09 15.70 15.70 14.89 15.18 17.16 19.27 18.32 18.54 19.27
21.02 21.02 20.51 20.44 19.86 18.54 17.08 16.06 15.99 16.13 16.13 16.21 15.26 15.04 15.04 15.04 18.18 15.18 11.32 11.83 13.14 13.21 12.26 13.72 14.09 13.94 13.94 13.36 14.89 17.59 18.83 20.59 22.63 20.73 20.81 19.20 18.76 18.83 18.25 17.59 16.79 14.75 12.48 11.75 10.66 12.41 14.02 13.14 11.83 13.51 13.80 13.80 12.85 11.97 11.83 13.80 16.43 15.33 16.35 15.70 14.53 14.16 11.53 11.24 10.88 10.66 12.05 13.07 14.02 13.14 10.73 9.42 10.66 12.05 13.29 14.67 14.67 13.72 14.75 16.86 14.75 12.41 11.97 12.63
17.89 17.89 16.86 17.52 16.43 13.87 12.99 11.90 11.90 12.48 12.12 13.21 13.94 16.28 17.16 17.16 18.10 15.91 13.36 13.72 14.97 13.07 12.92 12.78 13.72 13.43 13.43 14.24 16.50 17.59 18.69 21.17 22.27 21.39 20.44 20.22 19.71 19.35 19.56 19.27 17.08 15.40 14.38 12.99 12.63 13.51 12.85 11.10 10.51 11.46 12.63 12.63 12.19 11.24 10.73 11.32 13.14 13.51 13.80 13.80 14.45 12.41 11.17 10.95 11.97 13.07 13.80 13.36 12.99 11.90 11.17 11.46 10.44 13.07 15.48 15.11 15.11 15.26 14.97 13.94 12.56 13.21 13.87 12.92
17.89 17.89 16.86 17.52 16.43 13.87 12.99 11.90 11.90 12.48 12.12 13.21 13.94 16.28 17.16 17.16 18.10 15.91 13.36 13.72 14.97 13.07 12.92 12.78 13.72 13.43 13.43 14.24 16.50 17.59 18.69 21.17 22.27 21.39 20.44 20.22 19.71 19.35 19.56 19.27 17.08 15.40 14.38 12.99 12.63 13.51 12.85 11.10 10.51 11.46 12.63 12.63 12.19 11.24 10.73 11.32 13.14 13.51 13.80 13.80 14.45 12.41 11.17 10.95 11.97 13.07 13.80 13.36 12.99 11.90 11.17 11.46 10.44 13.07 15.48 15.11 15.11 15.26 14.97 13.94 12.56 13.21 13.87 12.92
17.01 17.01 16.50 15.40 12.63 12.63 12.05 11.75 12.70 13.29 14.45 12.99 12.19 12.92 13.51 15.18 16.35 16.13 16.35 16.35 16.35 14.38 11.83 11.32 13.43 15.99 15.99 17.08 19.56 19.86 21.75 19.56 18.18 17.74 17.96 18.25 18.47 18.54 17.37 16.64 15.77 15.70 16.57 14.45 12.99 11.32 10.80 10.22 10.80 10.44 11.61 11.61 11.39 10.51 10.80 12.26 12.78 14.53 11.61 12.34 10.51 11.90 10.07 11.39 12.48 12.78 12.85 14.97 17.01 15.62 12.19 12.56 13.58 13.58 12.92 11.83 11.83 12.41 13.72 15.91 17.01 16.28 13.87 12.34
17.08 17.08 15.84 14.24 10.73 12.41 14.09 13.87 14.97 16.43 15.11 13.87 13.21 13.21 19.05 17.74 17.30 17.59 16.28 16.72 16.86 15.40 13.14 14.53 15.26 17.67 17.67 19.93 21.68 21.32 20.22 18.03 15.99 14.60 14.24 15.11 15.33 15.55 15.40 14.97 13.87 14.31 13.21 14.31 13.43 9.93 11.24 9.78 9.93 12.05 11.75 11.75 11.39 11.10 11.46 11.02 11.68 11.68 12.19 12.34 12.05 12.99 14.09 13.36 11.75 10.88 12.56 12.78 12.34 11.68 11.68 12.41 13.80 13.94 14.31 13.94 13.94 14.02 13.58 14.31 14.75 13.21 11.39 11.61
18.03 18.03 18.47 14.89 14.45 13.87 13.87 14.09 14.60 16.13 14.67 14.82 16.50 17.45 21.02 20.29 20.66 21.02 19.71 20.15 18.32 20.73 20.73 19.05 18.76 19.27 19.27 19.56 18.54 15.99 14.60 14.02 14.67 13.87 12.78 12.70 12.63 11.90 11.97 11.75 10.73 11.10 12.05 12.99 12.41 11.75 11.17 11.32 11.97 12.12 10.15 10.15 9.42 11.02 11.24 11.39 11.90 13.14 10.88 11.02 10.00 10.44 10.73 11.46 10.44 9.78 10.51 10.88 10.51 10.59 12.19 12.56 12.70 13.80 14.24 13.65 13.65 12.78 11.10 11.46 12.26 13.43 12.56 12.48
18.91 18.91 17.96 17.16 16.94 14.89 14.02 14.53 17.08 17.30 17.23 16.94 16.64 16.50 17.01 21.02 21.90 22.12 22.48 23.58 22.85 20.88 20.08 18.10 16.64 16.21 16.21 15.40 15.55 16.06 14.97 16.50 16.21 14.60 12.99 12.26 10.88 10.80 11.10 11.53 11.75 12.56 11.68 12.26 14.09 14.02 12.05 10.44 11.32 11.53 11.53 11.53 13.07 13.29 11.53 11.53 11.68 13.58 13.87 12.26 11.17 10.29 9.56 9.93 10.59 10.95 11.32 10.80 11.17 11.53 11.24 12.34 12.99 14.24 13.72 12.70 12.70 11.97 12.12 13.14 13.21 13.14 12.99 11.61
18.91 18.91 17.96 17.16 16.94 14.89 14.02 14.53 17.08 17.30 17.23 16.94 16.64 16.50 17.01 21.02 21.90 22.12 22.48 23.58 22.85 20.88 20.08 18.10 16.64 16.21 16.21 15.40 15.55 16.06 14.97 16.50 16.21 14.60 12.99 12.26 10.88 10.80 11.10 11.53 11.75 12.56 11.68 12.26 14.09 14.02 12.05 10.44 11.32 11.53 11.53 11.53 13.07 13.29 11.53 11.53 11.68 13.58 13.87 12.26 11.17 10.29 9.56 9.93 10.59 10.95 11.32 10.80 11.17 11.53 11.24 12.34 12.99 14.24 13.72 12.70 12.70 11.97 12.12 13.14 13.21 13.14 12.99 11.61
18.32 18.32 16.50 16.06 16.72 14.67 14.82 15.18 16.21 17.52 19.13 17.23 17.96 19.13 20.08 21.46 22.34 23.21 22.27 21.53 19.93 18.25 18.32 17.16 15.77 14.53 14.53 13.80 14.53 17.30 17.81 17.45 15.84 15.04 15.33 14.02 12.99 13.14 12.92 13.36 12.99 12.48 11.68 12.19 12.05 12.99 11.68 12.05 11.53 12.92 14.75 14.75 14.53 13.65 14.02 14.60 12.41 15.40 14.67 11.97 11.17 11.61 10.15 9.42 10.15 9.20 9.05 8.18 9.78 11.61 11.97 14.02 14.75 15.40 15.77 15.55 15.55 14.82 13.72 12.78 12.99 13.87 12.85 12.12
17.67 17.67 16.86 18.10 18.18 16.86 18.32 20.51 20.44 21.53 20.66 19.93 23.73 22.56 23.00 22.85 21.46 21.68 20.66 19.49 18.61 17.59 19.13 18.25 17.08 16.35 16.35 14.45 12.78 13.94 15.70 15.77 17.01 17.67 15.04 10.66 12.70 12.63 12.56 12.99 13.72 13.58 11.97 10.88 11.46 13.21 14.75 13.36 12.85 13.14 13.58 13.58 11.90 13.51 15.91 15.77 13.87 14.45 14.38 13.51 12.78 12.70 11.83 11.32 9.78 11.10 11.68 11.90 12.56 14.02 14.24 15.48 16.79 17.08 15.99 15.77 15.77 15.99 14.75 12.78 12.41 13.87 12.34 13.14
19.56 19.56 19.42 20.81 20.81 21.10 22.41 24.31 25.62 26.28 24.31 20.81 23.73 23.51 21.53 21.39 19.93 19.64 18.76 19.20 20.37 19.86 19.05 18.76 15.77 14.38 14.38 13.80 13.94 14.82 15.70 15.11 14.60 14.67 12.41 9.27 12.92 16.06 17.37 16.28 15.26 14.16 13.51 12.99 13.21 14.67 15.70 14.60 14.09 14.24 14.38 14.38 16.06 18.32 17.08 15.33 16.79 16.57 16.28 15.33 14.16 14.60 15.18 16.94 14.75 11.39 10.66 10.80 11.53 11.24 13.51 14.09 15.55 15.99 15.77 14.89 14.89 14.82 14.45 13.58 14.24 13.80 13.21 13.87
19.20 19.20 20.08 20.88 21.75 23.36 25.48 25.19 24.53 24.31 22.85 21.24 22.05 22.48 20.00 19.35 21.53 19.56 19.35 19.93 19.56 20.73 19.05 19.49 18.18 15.77 15.77 14.53 15.40 16.13 16.86 15.11 13.21 12.85 12.48 14.24 14.53 15.48 16.28 15.70 14.16 13.58 13.65 14.02 14.60 15.77 16.57 15.33 16.86 19.05 19.42 19.42 20.73 20.88 20.66 17.16 18.10 18.32 18.98 18.47 17.37 15.26 16.50 14.53 13.80 11.97 12.99 14.31 15.48 13.72 12.85 12.99 12.78 13.14 13.65 14.09 14.09 14.16 14.16 14.02 15.26 15.77 14.31 13.07
17.52 17.52 19.86 20.37 20.51 20.15 21.68 23.00 21.75 20.88 20.88 23.29 22.41 21.61 20.08 20.29 20.29 19.93 19.71 20.37 21.10 21.39 21.83 19.49 18.98 19.56 19.56 18.69 18.47 16.57 14.16 12.34 11.32 11.90 13.14 14.24 12.70 12.19 13.58 13.14 13.72 15.26 16.43 15.99 17.37 19.05 18.83 18.91 19.35 20.95 22.19 22.19 19.86 19.49 19.78 19.56 17.96 16.50 16.86 18.03 16.57 14.24 14.31 14.31 14.31 16.06 16.94 17.59 18.25 17.45 14.67 14.89 13.36 12.19 13.07 14.45 14.45 14.67 15.33 15.77 16.86 15.84 14.09 13.14
17.52 17.52 19.86 20.37 20.51 20.15 21.68 23.00 21.75 20.88 20.88 23.29 22.41 21.61 20.08 20.29 20.29 19.93 19.71 20.37 21.10 21.39 21.83 19.49 18.98 19.56 19.56 18.69 18.47 16.57 14.16 12.34 11.32 11.90 13.14 14.24 12.70 12.19 13.58 13.14 13.72 15.26 16.43 15.99 17.37 19.05 18.83 18.91 19.35 20.95 22.19 22.19 19.86 19.49 19.78 19.56 17.96 16.50 16.86 18.03 16.57 14.24 14.31 14.31 14.31 16.06 16.94 17.59 18.25 17.45 14.67 14.89 13.36 12.19 13.07 14.45 14.45 14.67 15.33 15.77 16.86 15.84 14.09 13.14
19.56 19.56 19.64 22.41 24.02 22.12 20.51 22.92 21.39 20.08 20.37 25.48 23.51 21.53 21.68 21.46 22.05 20.08 18.98 18.76 19.27 20.08 19.49 18.61 19.13 18.98 18.98 18.61 19.20 17.67 15.04 12.78 11.46 11.46 12.19 13.07 13.36 13.29 13.51 13.43 14.16 15.55 17.30 17.81 18.98 20.08 20.51 21.17 20.73 21.17 21.97 21.97 22.19 22.34 25.62 22.34 18.61 17.74 17.59 17.37 16.64 16.50 17.45 18.18 17.08 19.49 21.61 20.51 17.96 16.57 16.64 16.21 14.09 12.56 13.51 16.06 16.06 17.74 17.30 17.59 17.74 17.08 14.82 13.21
21.17 21.17 21.97 23.51 23.21 20.73 20.37 21.17 20.59 19.86 20.00 20.81 20.66 20.66 19.64 19.93 20.73 18.18 16.13 16.50 18.18 17.23 16.28 15.04 15.62 17.45 17.45 19.13 18.10 15.62 14.02 14.31 14.16 13.14 12.70 15.18 15.04 14.38 14.45 15.84 17.96 18.91 19.42 21.46 20.44 20.00 20.00 21.10 21.24 21.75 22.27 22.27 21.97 21.17 22.63 22.78 20.95 21.68 22.27 20.37 19.27 20.51 23.73 23.14 22.92 24.31 25.55 24.24 21.32 20.37 18.83 17.30 15.99 15.26 12.70 11.10 11.10 12.70 16.13 19.49 19.27 17.16 14.38 12.63
22.19 22.19 22.34 23.58 23.87 22.78 22.41 20.44 18.98 18.61 20.37 20.37 20.29 19.20 18.91 20.44 20.95 18.69 15.70 15.91 18.03 18.03 15.91 15.33 14.82 16.06 16.06 16.64 16.79 15.62 13.58 13.21 13.14 15.18 14.16 15.62 17.74 18.47 18.25 19.93 21.75 21.17 20.88 22.48 22.85 21.97 22.34 21.97 21.53 20.95 20.81 20.81 20.73 22.05 23.00 23.14 24.09 25.48 26.57 26.94 25.92 26.94 27.74 28.32 27.96 26.79 27.74 28.18 26.13 23.00 20.59 20.37 20.95 20.51 17.89 12.48 12.48 9.93 13.21 18.76 21.53 19.56 16.72 14.53
18.61 18.61 19.20 18.32 16.43 16.50 17.89 18.47 16.79 16.72 18.83 20.00 20.51 19.78 20.29 22.34 22.63 21.02 18.98 19.13 19.64 17.74 16.94 16.28 15.04 15.84 15.84 18.25 19.86 17.96 15.77 14.31 15.18 16.21 17.01 17.74 20.22 23.00 24.45 24.02 25.40 24.67 25.33 25.55 24.75 24.60 25.19 24.24 23.36 23.07 21.10 21.10 24.45 27.74 26.79 27.30 27.67 26.57 26.79 28.98 28.69 27.96 29.78 30.81 29.05 27.59 25.77 24.97 23.29 22.05 20.08 21.90 23.65 24.24 24.09 20.66 20.66 15.33 14.02 15.40 18.10 17.74 18.69 18.47
17.96 17.96 17.81 17.52 16.06 15.18 14.38 13.43 12.85 19.49 20.73 18.98 17.16 21.24 22.19 22.63 22.27 20.88 20.88 20.29 18.91 16.43 15.33 15.62 15.48 17.16 17.16 18.25 17.23 17.16 16.28 15.91 15.70 17.37 19.13 20.44 20.73 22.34 23.07 22.12 22.12 22.48 23.80 23.00 23.07 21.17 23.73 22.92 23.51 25.04 24.53 24.53 22.85 24.60 29.27 29.64 29.57 28.91 27.16 27.38 29.86 28.47 27.23 27.08 24.82 22.56 21.61 21.97 23.36 22.85 22.56 23.36 24.38 24.31 24.31 23.94 23.94 23.94 20.73 16.79 16.50 18.61 20.00 21.83
17.96 17.96 17.81 17.52 16.06 15.18 14.38 13.43 12.85 19.49 20.73 18.98 17.16 21.24 22.19 22.63 22.27 20.88 20.88 20.29 18.91 16.43 15.33 15.62 15.48 17.16 17.16 18.25 17.23 17.16 16.28 15.91 15.70 17.37 19.13 20.44 20.73 22.34 23.07 22.12 22.12 22.48 23.80 23.00 23.07 21.17 23.73 22.92 23.51 25.04 24.53 24.53 22.85 24.60 29.27 29.64 29.57 28.91 27.16 27.38 29.86 28.47 27.23 27.08 24.82 22.56 21.61 21.97 23.36 22.85 22.56 23.36 24.38 24.31 24.31 23.94 23.94 23.94 20.73 16.79 16.50 18.61 20.00 21.83
20.44 20.44 18.98 15.48 14.02 12.78 9.93 10.88 12.92 19.78 18.69 22.12 19.71 28.32 26.65 25.40 25.04 20.73 17.74 17.52 16.86 16.94 16.86 17.37 16.57 17.37 17.37 16.35 14.89 14.24 13.51 14.24 15.18 15.70 16.79 18.69 20.22 22.70 22.41 22.05 22.41 23.73 22.27 23.43 22.34 22.48 23.43 23.07 23.43 23.43 22.78 22.78 22.78 24.53 26.28 26.72 26.13 23.51 25.48 25.55 26.65 26.13 24.09 23.07 22.63 22.41 22.63 22.19 22.12 24.38 24.67 24.89 24.24 24.38 22.63 24.16 24.16 25.99 24.02 23.29 21.46 20.73 19.86 19.49
15.99 15.99 14.97 12.78 11.53 11.83 10.29 12.12 21.53 21.97 24.60 24.67 24.60 23.80 24.02 24.75 24.31 20.51 17.89 16.86 16.35 16.43 16.79 16.57 17.23 17.23 17.23 17.08 17.23 15.40 14.09 13.29 13.58 16.28 17.08 18.03 19.93 21.68 20.22 23.29 24.89 23.58 24.60 23.87 22.92 21.17 21.97 25.55 25.92 24.82 24.60 24.60 25.62 27.16 26.86 25.62 23.14 22.48 23.43 24.24 25.04 25.19 21.17 21.83 21.39 20.29 20.15 22.70 21.53 20.37 21.32 22.27 23.51 24.16 22.19 22.56 22.56 24.09 23.29 20.29 20.81 20.95 21.32 21.97
11.10 11.10 6.42 10.66 11.75 9.56 9.93 12.63 19.42 20.88 23.36 23.29 20.95 19.86 19.71 19.35 18.40 17.67 16.64 15.48 16.50 15.40 15.04 15.33 17.74 16.43 16.43 15.33 14.75 14.45 16.13 16.28 17.45 18.91 17.96 17.16 20.29 20.29 20.95 22.19 23.21 21.32 21.24 22.12 23.29 26.35 27.16 26.35 23.65 22.85 24.60 24.60 25.92 27.38 27.52 26.35 24.45 23.00 23.65 23.80 24.24 23.29 22.27 22.92 23.21 23.29 23.94 22.41 22.19 20.44 20.66 20.29 21.24 21.90 20.59 19.13 19.13 21.17 20.81 19.49 18.25 17.96 18.25 22.05
11.24 11.24 9.13 9.49 9.56 8.32 10.15 13.36 17.45 20.73 22.92 20.37 17.23 16.35 15.70 14.24 14.02 12.99 13.58 15.70 15.26 13.94 13.51 12.26 12.26 13.94 13.94 14.16 14.60 17.37 17.37 18.18 20.08 21.61 20.73 19.71 20.29 20.22 20.29 20.15 18.69 18.61 18.47 20.44 24.09 27.01 25.33 27.81 22.85 23.00 25.70 25.70 25.84 27.89 28.25 26.57 24.38 23.29 23.94 23.29 21.97 23.14 23.21 22.78 21.75 21.90 21.10 20.29 20.00 18.76 18.03 16.79 16.43 17.89 18.69 18.03 18.03 16.13 14.09 15.99 14.89 16.57 18.40 21.68
3.14 3.14 0.88 3.94 7.01 5.40 8.61 20.08 19.20 20.08 20.22 19.13 17.96 17.16 16.35 16.21 12.78 9.56 5.69 7.15 9.56 12.26 15.04 16.13 14.82 15.04 15.04 15.70 16.21 16.50 17.59 18.61 20.37 21.39 21.24 21.24 21.97 21.02 21.61 17.89 17.81 17.81 18.18 21.39 20.88 20.29 21.75 22.63 21.53 22.41 25.33 25.33 23.73 23.21 23.58 22.78 20.66 18.18 15.70 15.70 17.52 18.61 18.69 18.25 16.50 16.28 17.59 17.67 18.40 17.59 16.72 16.57 15.04 11.53 11.24 13.58 13.58 14.97 14.24 13.29 12.34 13.21 15.48 16.50
0.00 0.00 0.00 1.53 0.00 3.72 14.45 18.76 19.93 19.78 20.22 17.59 16.43 14.38 15.70 18.47 17.30 13.87 8.40 7.30 9.05 13.80 12.92 14.24 14.45 15.99 15.99 17.16 17.16 18.69 17.01 17.59 17.08 16.72 15.48 14.82 16.06 17.52 18.98 18.76 20.44 18.61 19.35 18.54 18.54 20.59 22.12 20.22 17.89 18.32 18.03 18.03 17.52 16.28 13.65 14.67 9.64 4.53 4.09 9.42 13.72 17.30 18.61 17.37 17.52 15.62 16.57 17.37 17.59 17.67 17.74 16.86 12.19 8.91 9.71 13.14 13.14 15.33 15.48 13.80 13.43 11.75 10.59 9.05
0.00 0.00 0.00 1.53 0.00 3.72 14.45 18.76 19.93 19.78 20.22 17.59 16.43 14.38 15.70 18.47 17.30 13.87 8.40 7.30 9.05 13.80 12.92 14.24 14.45 15.99 15.99 17.16 17.16 18.69 17.01 17.59 17.08 16.72 15.48 14.82 16.06 17.52 18.98 18.76 20.44 18.61 19.35 18.54 18.54 20.59 22.12 20.22 17.89 18.32 18.03 18.03 17.52 16.28 13.65 14.67 9.64 4.53 4.09 9.42 13.72 17.30 18.61 17.37 17.52 15.62 16.57 17.37 17.59 17.67 17.74 16.86 12.19 8.91 9.71 13.14 13.14 15.33 15.48 13.80 13.43 11.75 10.59 9.05
0.00 0.00 0.00 0.51 5.11 11.68 14.24 14.75 17.45 17.45 16.06 14.82 14.97 12.78 12.34 11.97 12.26 12.34 12.19 11.75 12.78 12.34 8.40 7.59 10.37 12.85 12.85 14.16 13.87 13.65 12.48 11.39 10.73 9.49 6.28 7.08 10.15 12.05 14.38 15.40 15.18 12.85 12.78 13.21 13.07 15.99 15.70 18.25 15.40 11.46 11.83 11.83 10.66 9.13 6.50 3.72 2.19 1.68 6.94 13.21 17.81 20.95 20.37 18.83 18.61 18.40 18.18 17.59 18.18 19.78 19.35 16.86 17.01 16.94 15.48 15.55 15.55 17.08 18.98 17.89 18.47 17.01 13.51 13.51
