Wansh/Snow_depth/snowdepth-1984/spring/1984076.txt
ncols 321
nrows 161
xllcenter 60
yllcenter 15 
cellsize  0.25 
NODATA_value -1
[rows 0 to 36 of 161, columns 0 to 83 of 321]
25.40 25.40 33.58 38.91 36.87 33.65 36.35 41.25 45.84 46.50 46.21 44.75 43.44 42.56 42.27 40.37 38.33 38.69 42.19 41.39 39.27 38.54 38.62 39.86 41.61 0.00 0.00 25.99 26.94 26.65 25.62 23.43 22.41 20.88 18.61 19.05 20.15 22.12 23.43 24.09 23.00 22.63 22.78 24.02 25.33 25.48 26.28 27.23 25.62 24.38 24.97 24.97 25.19 25.11 26.28 26.72 28.03 27.74 27.67 27.38 28.47 30.15 31.39 24.53 24.02 25.55 24.09 21.53 0.00 0.00 0.00 18.76 22.48 23.94 24.45 27.01 27.01 27.23 26.35 23.87 25.33 25.92 27.16 26.94
30.95 30.95 36.65 37.30 40.15 39.13 40.51 42.71 45.11 44.90 44.24 44.46 43.87 43.07 41.17 38.62 35.84 35.55 36.28 34.67 35.55 34.38 32.19 34.67 23.73 23.94 23.94 24.02 23.58 22.48 20.22 17.81 17.01 16.86 16.21 16.64 19.05 21.53 20.29 18.83 18.32 17.81 18.83 19.13 20.00 20.44 21.90 22.48 22.63 22.85 23.14 23.14 23.14 22.70 22.85 23.51 23.94 24.45 24.02 24.31 25.40 25.99 19.35 17.67 18.25 17.37 15.84 14.82 0.00 0.00 0.00 0.00 21.39 23.65 24.31 25.77 25.77 25.77 25.48 25.19 25.04 24.16 23.51 23.58
33.00 33.00 33.73 38.40 42.78 42.27 41.39 43.73 43.73 43.58 42.19 40.95 39.49 38.33 37.52 34.02 31.83 31.68 28.32 26.13 27.52 28.62 29.20 23.51 23.65 22.56 22.56 20.08 19.49 18.76 17.01 15.26 15.91 16.64 17.52 17.16 16.72 16.21 17.23 17.74 15.91 14.67 13.72 16.64 17.16 19.27 19.86 20.00 21.46 20.51 19.27 19.27 17.59 16.50 15.91 17.37 16.86 18.61 18.83 18.47 21.68 13.14 14.75 14.82 14.24 13.43 13.14 13.29 14.60 13.94 0.00 0.00 0.00 0.00 23.14 23.07 23.07 23.14 21.68 21.39 18.54 20.29 19.05 19.13
33.00 33.00 33.73 38.40 42.78 42.27 41.39 43.73 43.73 43.58 42.19 40.95 39.49 38.33 37.52 34.02 31.83 31.68 28.32 26.13 27.52 28.62 29.20 23.51 23.65 22.56 22.56 20.08 19.49 18.76 17.01 15.26 15.91 16.64 17.52 17.16 16.72 16.21 17.23 17.74 15.91 14.67 13.72 16.64 17.16 19.27 19.86 20.00 21.46 20.51 19.27 19.27 17.59 16.50 15.91 17.37 16.86 18.61 18.83 18.47 21.68 13.14 14.75 14.82 14.24 13.43 13.14 13.29 14.60 13.94 0.00 0.00 0.00 0.00 23.14 23.07 23.07 23.14 21.68 21.39 18.54 20.29 19.05 19.13
33.43 33.43 33.65 39.78 43.07 37.52 30.51 29.49 35.62 38.47 38.40 35.48 33.22 32.34 30.95 29.78 30.59 29.86 28.54 25.77 23.07 25.19 20.22 20.88 21.24 19.13 19.13 17.30 16.21 15.33 15.04 14.67 14.45 14.67 14.60 13.80 14.09 14.02 13.72 13.80 14.89 14.67 14.02 14.60 15.62 15.99 15.33 15.99 16.21 14.89 14.09 14.09 13.43 12.19 10.59 13.07 12.26 13.21 14.89 17.67 11.46 12.63 15.33 16.28 13.29 11.02 11.10 12.63 12.12 13.21 14.89 17.59 18.76 19.86 19.71 19.27 19.27 18.47 17.89 18.47 18.76 18.98 20.00 18.32
33.43 33.43 35.26 37.23 38.62 37.16 32.49 31.32 33.58 35.55 33.51 31.03 31.10 30.73 28.91 30.44 29.86 29.35 31.24 29.42 23.73 15.40 16.50 17.74 17.01 14.53 14.53 12.99 11.97 12.99 13.58 13.07 13.87 14.53 14.67 13.51 14.60 14.31 13.87 13.80 14.67 15.55 13.87 12.48 12.56 12.41 11.90 11.46 11.17 12.26 14.97 14.97 14.97 11.75 11.61 13.07 14.97 13.07 12.99 9.49 10.00 11.68 13.36 13.14 11.75 11.24 11.53 11.53 10.80 10.66 12.48 15.18 16.57 18.54 18.98 18.18 18.18 17.89 18.40 19.56 21.39 20.22 21.61 20.95
36.35 36.35 36.65 36.79 39.49 39.42 38.98 37.01 36.43 35.92 32.05 28.03 28.11 28.18 27.52 29.20 28.11 29.57 30.73 31.76 30.44 0.00 0.00 13.94 16.35 14.38 14.38 12.12 10.73 11.83 14.09 14.75 14.97 16.43 16.21 17.52 17.01 16.06 16.06 16.28 15.84 15.33 14.45 13.21 12.63 12.48 11.68 11.17 10.44 11.17 11.90 11.90 11.46 11.10 14.82 18.61 13.36 9.93 9.78 9.13 9.27 9.13 9.27 10.88 12.34 11.10 9.64 9.05 10.15 11.53 11.75 12.34 14.16 15.91 17.52 16.94 16.94 17.01 18.76 18.25 21.90 21.46 21.24 18.61
36.35 36.35 36.65 36.79 39.49 39.42 38.98 37.01 36.43 35.92 32.05 28.03 28.11 28.18 27.52 29.20 28.11 29.57 30.73 31.76 30.44 0.00 0.00 13.94 16.35 14.38 14.38 12.12 10.73 11.83 14.09 14.75 14.97 16.43 16.21 17.52 17.01 16.06 16.06 16.28 15.84 15.33 14.45 13.21 12.63 12.48 11.68 11.17 10.44 11.17 11.90 11.90 11.46 11.10 14.82 18.61 13.36 9.93 9.78 9.13 9.27 9.13 9.27 10.88 12.34 11.10 9.64 9.05 10.15 11.53 11.75 12.34 14.16 15.91 17.52 16.94 16.94 17.01 18.76 18.25 21.90 21.46 21.24 18.61
33.80 33.80 37.08 37.96 37.96 35.33 35.26 33.87 34.24 35.04 33.07 27.96 24.24 25.04 27.01 29.93 30.81 30.81 29.57 30.37 0.00 0.00 0.00 0.00 17.52 14.75 14.75 10.15 10.59 10.44 11.83 13.51 14.38 16.94 17.08 17.45 18.32 17.96 16.43 14.89 12.56 12.34 13.58 16.57 15.26 14.75 14.97 14.60 14.89 15.48 16.57 16.57 14.89 15.99 15.40 15.18 14.09 11.02 10.22 9.05 11.39 10.88 9.78 9.13 8.76 10.73 12.56 12.34 12.41 12.78 11.24 11.39 12.05 12.63 13.65 14.60 14.60 12.63 10.80 12.63 15.77 16.35 17.30 16.64
33.94 33.94 35.04 34.75 34.89 32.85 28.84 28.18 28.11 26.28 23.65 24.16 27.16 30.66 31.54 31.97 33.29 29.57 28.76 0.00 0.00 0.00 0.00 14.31 14.45 14.24 14.24 13.58 0.00 14.53 13.58 13.51 15.48 18.10 19.35 18.03 17.89 18.32 17.81 17.23 16.06 14.16 13.29 13.87 13.58 13.29 13.87 13.72 15.18 15.33 13.80 13.80 12.78 12.48 12.70 15.33 11.61 12.05 10.88 11.61 11.10 11.68 10.44 7.74 7.30 8.98 11.10 13.14 12.63 12.34 10.22 9.93 10.59 11.32 11.97 12.48 12.48 12.34 10.59 14.09 12.34 14.16 13.14 14.53
28.11 28.11 28.47 30.95 30.44 25.40 22.19 21.83 22.78 23.00 23.65 25.70 29.20 31.90 32.49 29.42 28.47 28.84 0.00 0.00 0.00 0.00 15.11 14.31 12.99 11.68 11.68 13.14 15.62 14.97 14.89 14.60 15.04 16.35 17.08 17.59 17.45 18.18 19.13 18.47 16.94 14.82 14.38 13.94 13.65 14.24 14.45 13.72 13.21 13.14 12.78 12.78 11.61 11.68 11.46 10.22 11.32 11.39 10.95 11.17 10.29 10.07 0.00 8.40 8.76 10.44 10.22 13.36 12.70 11.90 12.34 12.48 12.92 12.48 12.05 12.99 12.99 12.63 12.85 10.51 10.95 11.61 13.51 14.97
28.11 28.11 28.47 30.95 30.44 25.40 22.19 21.83 22.78 23.00 23.65 25.70 29.20 31.90 32.49 29.42 28.47 28.84 0.00 0.00 0.00 0.00 15.11 14.31 12.99 11.68 11.68 13.14 15.62 14.97 14.89 14.60 15.04 16.35 17.08 17.59 17.45 18.18 19.13 18.47 16.94 14.82 14.38 13.94 13.65 14.24 14.45 13.72 13.21 13.14 12.78 12.78 11.61 11.68 11.46 10.22 11.32 11.39 10.95 11.17 10.29 10.07 0.00 8.40 8.76 10.44 10.22 13.36 12.70 11.90 12.34 12.48 12.92 12.48 12.05 12.99 12.99 12.63 12.85 10.51 10.95 11.61 13.51 14.97
25.48 25.48 26.94 26.21 19.93 17.37 20.22 23.65 25.26 27.30 28.84 26.72 27.67 30.66 30.37 29.64 27.16 0.00 0.00 0.00 0.00 0.00 14.24 14.09 12.78 12.99 12.99 14.89 18.18 19.64 18.61 16.28 15.04 15.26 14.09 15.33 18.91 19.13 19.49 17.81 17.59 17.67 17.01 15.18 13.94 12.56 13.21 13.80 13.36 13.14 12.63 12.63 12.70 11.39 11.10 11.39 10.22 10.44 10.44 10.73 9.64 8.40 7.59 9.13 10.37 11.10 11.53 12.05 12.92 14.53 14.60 12.05 12.56 11.32 9.42 8.83 8.83 11.39 14.09 14.24 16.28 15.11 12.85 13.14
26.94 26.94 26.35 23.14 22.12 23.51 26.13 27.52 28.32 28.98 31.54 29.64 29.13 30.08 29.05 28.40 0.00 0.00 0.00 0.00 0.00 0.00 0.00 14.75 14.02 16.50 16.50 21.10 23.58 22.85 22.48 19.71 15.33 14.24 13.72 13.87 15.84 15.99 15.77 15.62 15.55 15.33 16.21 16.50 15.26 14.09 13.80 14.38 14.31 13.58 11.46 11.46 12.34 12.99 9.13 9.05 8.10 6.94 7.52 9.56 9.42 7.45 8.83 10.22 10.66 11.02 12.70 12.19 11.90 11.97 11.17 12.34 13.21 13.94 10.59 13.43 13.43 12.92 13.87 14.82 15.84 15.04 12.19 14.24
25.55 25.55 23.07 19.86 20.51 22.12 23.87 25.11 26.21 26.57 26.72 27.16 30.59 33.14 31.17 30.08 0.00 0.00 0.00 0.00 0.00 0.00 18.18 18.91 18.61 18.91 18.91 19.86 20.51 18.61 17.23 16.50 15.33 13.87 13.51 13.80 13.94 13.58 13.29 12.85 12.48 12.56 12.05 12.99 14.16 13.72 13.58 13.51 12.63 13.21 13.51 13.51 13.72 5.48 6.28 7.01 8.47 7.81 8.61 8.47 8.69 7.15 8.10 7.74 7.23 7.30 10.29 10.37 8.32 6.28 8.91 12.56 12.12 0.00 0.00 16.43 16.43 13.21 10.59 11.68 14.16 15.62 14.31 14.16
24.67 24.67 23.65 23.51 23.94 23.80 22.27 23.94 23.73 24.09 24.45 26.21 27.89 28.25 29.93 0.00 0.00 0.00 0.00 0.00 20.44 20.51 20.08 19.78 19.35 17.89 17.89 17.59 17.08 16.72 16.94 17.52 17.23 14.45 14.67 13.65 11.90 10.22 9.93 9.78 11.02 11.83 10.95 12.92 17.16 17.30 15.55 14.16 12.99 11.61 12.92 12.92 3.36 4.96 6.64 8.54 10.66 11.53 10.66 10.80 9.78 9.05 8.18 8.61 8.69 10.15 9.86 10.07 8.25 9.49 11.61 11.90 13.43 13.72 15.70 15.62 15.62 16.43 15.62 15.77 14.97 14.97 14.31 13.80
24.67 24.67 23.65 23.51 23.94 23.80 22.27 23.94 23.73 24.09 24.45 26.21 27.89 28.25 29.93 0.00 0.00 0.00 0.00 0.00 20.44 20.51 20.08 19.78 19.35 17.89 17.89 17.59 17.08 16.72 16.94 17.52 17.23 14.45 14.67 13.65 11.90 10.22 9.93 9.78 11.02 11.83 10.95 12.92 17.16 17.30 15.55 14.16 12.99 11.61 12.92 12.92 3.36 4.96 6.64 8.54 10.66 11.53 10.66 10.80 9.78 9.05 8.18 8.61 8.69 10.15 9.86 10.07 8.25 9.49 11.61 11.90 13.43 13.72 15.70 15.62 15.62 16.43 15.62 15.77 14.97 14.97 14.31 13.80
24.60 24.60 24.09 23.80 24.02 23.58 22.05 21.90 21.02 21.75 23.00 24.45 26.06 22.19 0.00 0.00 0.00 0.00 0.00 26.50 25.62 22.12 19.27 18.83 19.05 18.18 18.18 17.59 16.79 17.01 17.74 17.59 14.02 14.02 14.24 13.51 12.26 11.10 11.83 11.32 10.51 11.02 11.68 12.99 13.51 15.62 15.62 14.75 13.72 13.36 7.52 7.52 7.23 9.42 9.49 9.42 8.10 9.64 11.75 12.05 11.75 10.73 7.96 7.96 10.00 9.49 8.69 10.07 9.56 10.51 11.97 12.78 14.45 15.40 18.25 18.25 18.25 19.35 17.67 15.91 17.01 15.91 13.36 13.43
24.16 24.16 23.87 25.33 24.31 22.70 22.92 22.48 22.78 23.87 27.08 26.57 27.96 18.40 0.00 18.25 19.78 21.17 22.19 25.11 25.40 23.36 21.24 19.35 18.32 18.03 18.03 17.16 16.57 15.33 14.16 13.94 13.94 13.65 11.02 7.88 9.27 11.75 12.41 12.92 12.34 11.90 11.75 11.68 13.07 14.60 15.18 14.60 15.18 16.21 10.15 10.15 8.91 10.07 10.51 9.93 10.51 11.39 12.41 12.41 12.12 12.41 11.83 10.44 9.20 9.78 10.73 12.85 12.92 11.61 12.56 14.24 15.84 19.64 19.42 18.03 18.03 17.23 17.96 16.72 16.50 15.91 14.82 15.18
24.67 24.67 24.67 25.77 25.48 26.13 27.38 27.08 25.92 27.45 29.71 29.49 28.98 20.95 21.24 21.02 21.24 21.61 21.17 21.97 22.63 23.43 23.29 21.39 20.59 17.89 17.89 16.13 15.91 14.89 13.36 14.02 13.87 13.07 9.20 5.77 10.51 14.75 15.26 14.97 14.60 13.58 12.34 11.17 12.05 14.02 13.21 14.24 13.87 9.64 9.20 9.20 12.05 14.97 15.62 16.06 15.70 15.91 14.97 13.07 12.70 13.36 14.16 13.80 11.83 11.39 11.24 10.66 10.59 10.51 13.51 14.60 15.91 20.66 18.98 17.52 17.52 17.30 17.59 17.16 17.74 17.37 17.45 16.35
23.65 23.65 24.02 26.13 26.28 28.40 29.20 29.78 29.20 27.16 28.69 30.51 22.48 22.63 22.92 23.80 24.16 22.34 20.88 21.17 22.27 23.80 24.31 21.61 19.35 17.01 17.01 16.79 16.79 16.35 15.11 14.02 13.51 12.99 11.90 13.07 15.11 15.55 15.18 14.75 14.67 13.29 12.48 14.09 15.55 15.99 15.62 15.33 15.33 13.51 13.94 13.94 14.31 15.04 15.62 15.62 15.11 16.13 17.45 17.59 16.06 14.60 15.70 16.21 14.60 13.43 13.14 13.65 13.21 12.26 13.51 11.68 16.86 18.03 18.54 17.16 17.16 16.86 16.86 16.72 16.79 15.91 14.38 14.97
21.83 21.83 24.53 26.57 25.33 24.24 25.70 27.89 26.79 26.79 27.81 23.94 24.38 21.61 23.73 26.35 26.65 23.36 21.68 22.05 25.04 23.87 23.73 21.83 19.71 18.69 18.69 18.25 17.23 18.54 15.04 12.34 9.05 10.07 12.70 14.09 14.31 13.58 13.07 13.51 14.82 15.18 16.21 17.08 19.78 21.39 21.46 21.10 12.34 11.32 12.70 12.70 15.33 15.04 16.06 16.86 16.86 15.77 16.72 17.45 15.18 13.80 14.67 16.50 17.16 16.72 17.45 16.72 16.50 15.62 14.75 14.38 15.33 16.94 18.91 18.76 18.76 18.54 17.23 17.52 18.10 16.64 14.45 14.89
21.83 21.83 24.53 26.57 25.33 24.24 25.70 27.89 26.79 26.79 27.81 23.94 24.38 21.61 23.73 26.35 26.65 23.36 21.68 22.05 25.04 23.87 23.73 21.83 19.71 18.69 18.69 18.25 17.23 18.54 15.04 12.34 9.05 10.07 12.70 14.09 14.31 13.58 13.07 13.51 14.82 15.18 16.21 17.08 19.78 21.39 21.46 21.10 12.34 11.32 12.70 12.70 15.33 15.04 16.06 16.86 16.86 15.77 16.72 17.45 15.18 13.80 14.67 16.50 17.16 16.72 17.45 16.72 16.50 15.62 14.75 14.38 15.33 16.94 18.91 18.76 18.76 18.54 17.23 17.52 18.10 16.64 14.45 14.89
19.05 19.05 20.95 21.97 22.27 22.05 24.16 29.78 29.49 28.76 24.97 25.11 25.62 26.79 25.62 25.40 25.99 23.94 21.61 20.73 19.71 20.29 19.78 17.96 17.52 19.13 19.13 19.64 18.32 15.84 13.80 11.83 10.95 10.44 11.32 12.05 14.53 15.77 15.18 14.09 16.13 16.94 17.89 20.66 21.83 20.95 21.83 14.16 13.72 14.38 16.86 16.86 19.56 20.88 21.24 21.02 19.78 18.18 17.16 15.91 15.18 16.28 18.47 19.42 18.40 18.61 20.81 19.71 17.59 15.18 14.53 14.97 17.08 15.33 15.77 18.98 18.98 19.56 18.10 19.35 18.18 16.21 14.09 15.55
23.29 23.29 23.29 23.29 22.48 20.73 19.78 23.00 25.92 28.91 26.21 25.62 25.40 25.33 23.51 23.21 22.85 21.32 18.69 16.86 17.45 17.59 16.21 16.72 16.43 17.30 17.30 19.64 19.35 15.33 12.99 11.83 12.34 12.85 13.87 14.60 15.04 14.60 14.82 16.72 18.18 20.08 19.71 21.32 20.88 19.13 14.75 16.06 17.08 20.15 18.91 18.91 18.98 21.10 21.53 20.66 22.56 22.56 21.68 20.66 20.15 21.24 23.36 23.87 22.92 24.02 25.62 25.11 22.78 21.53 19.42 22.63 21.46 20.88 17.37 14.75 14.75 16.35 20.08 21.68 22.34 19.49 17.16 15.62
24.53 24.53 25.99 27.01 25.48 25.62 23.58 20.73 22.78 23.14 21.17 21.61 20.08 22.05 23.21 24.45 25.19 23.73 19.86 18.54 19.35 18.03 17.74 18.47 17.16 16.64 16.64 16.06 16.86 15.55 14.31 14.24 14.16 15.40 17.16 16.72 18.10 20.15 19.78 20.81 23.51 24.60 24.45 24.45 21.61 20.15 16.64 15.84 16.43 18.47 18.91 18.91 19.49 22.41 22.27 24.82 24.24 23.94 25.99 27.59 27.01 27.23 28.69 28.40 26.79 27.38 28.47 28.98 28.47 25.04 21.32 24.75 24.82 24.16 22.56 17.59 17.59 14.45 17.30 21.61 22.92 21.32 19.42 17.74
21.10 21.10 20.59 19.93 19.49 20.15 19.64 18.47 17.96 21.17 19.71 20.22 20.37 22.56 22.85 24.45 26.72 24.89 22.48 21.24 20.44 18.10 17.81 18.25 17.45 16.86 16.86 17.37 17.45 16.86 15.26 15.33 15.99 17.74 18.25 18.47 20.73 23.07 23.07 24.89 25.84 24.82 25.48 25.70 23.43 20.08 19.64 19.49 19.64 22.12 24.02 24.02 24.97 27.52 28.32 27.16 26.50 26.21 27.74 30.00 30.22 28.69 30.37 34.89 31.68 28.69 27.45 27.74 26.43 24.53 24.53 25.11 25.99 26.43 24.31 22.48 22.48 19.49 17.30 18.83 20.81 22.63 21.97 21.61
18.03 18.03 16.72 15.48 13.80 14.09 14.82 16.43 18.32 18.54 20.08 19.35 19.71 23.65 26.28 26.86 26.13 24.45 23.65 22.85 20.44 18.10 18.32 18.10 17.89 16.57 16.57 17.16 17.81 17.23 16.13 15.26 16.64 18.03 20.88 21.02 21.97 21.75 22.19 23.43 24.67 24.09 24.24 24.31 18.98 19.49 19.35 20.08 21.17 24.09 23.73 23.73 24.09 27.08 31.10 31.46 30.66 28.18 27.01 28.84 28.91 27.96 28.18 29.86 28.47 25.11 24.02 23.87 23.21 22.27 25.40 25.55 26.21 26.57 26.79 27.08 27.08 27.30 23.65 20.95 21.90 22.92 23.43 24.89
18.03 18.03 16.72 15.48 13.80 14.09 14.82 16.43 18.32 18.54 20.08 19.35 19.71 23.65 26.28 26.86 26.13 24.45 23.65 22.85 20.44 18.10 18.32 18.10 17.89 16.57 16.57 17.16 17.81 17.23 16.13 15.26 16.64 18.03 20.88 21.02 21.97 21.75 22.19 23.43 24.67 24.09 24.24 24.31 18.98 19.49 19.35 20.08 21.17 24.09 23.73 23.73 24.09 27.08 31.10 31.46 30.66 28.18 27.01 28.84 28.91 27.96 28.18 29.86 28.47 25.11 24.02 23.87 23.21 22.27 25.40 25.55 26.21 26.57 26.79 27.08 27.08 27.30 23.65 20.95 21.90 22.92 23.43 24.89
19.05 19.05 15.18 11.24 10.00 9.64 10.73 16.06 18.03 21.61 24.75 26.86 27.59 28.84 33.43 33.65 33.00 28.32 26.43 23.43 19.64 18.91 19.56 19.42 18.32 17.23 17.23 16.94 18.03 18.18 15.55 14.09 14.31 15.18 17.30 19.49 19.42 20.66 21.68 23.80 24.45 23.73 24.45 23.73 18.32 19.27 21.32 21.02 22.63 23.36 21.97 21.97 21.32 24.16 27.16 27.59 27.38 27.38 26.06 26.65 28.32 26.65 24.16 23.58 24.16 24.45 22.70 24.38 24.97 23.51 24.60 24.97 25.84 25.99 24.60 26.79 26.79 27.23 27.45 24.02 23.29 23.94 22.56 21.97
13.87 13.87 11.17 11.24 10.66 9.34 8.47 19.20 23.21 25.92 28.11 27.96 26.72 27.01 28.76 30.51 30.37 28.11 25.19 23.14 21.10 16.50 18.10 19.64 18.10 16.86 16.86 17.16 16.72 14.53 12.92 12.99 13.36 14.82 17.67 19.64 21.32 21.02 22.12 24.02 27.30 25.92 23.58 21.83 21.61 21.02 23.21 24.89 23.58 26.21 25.48 25.48 24.45 24.45 25.92 26.21 22.27 22.19 22.70 24.45 25.70 24.24 23.07 23.73 24.53 23.58 22.70 22.92 22.41 23.07 23.51 22.70 23.58 24.89 23.21 20.81 20.81 25.55 24.09 21.24 20.51 20.95 19.86 21.46
9.42 9.42 6.86 10.29 10.29 9.13 14.97 20.44 24.38 26.35 28.18 26.57 25.33 25.70 25.48 24.60 25.19 22.78 20.66 19.05 18.18 17.96 17.52 17.81 19.35 18.32 18.32 17.01 14.60 14.45 14.82 14.89 15.77 17.81 17.81 17.52 19.13 20.37 20.51 20.51 24.82 22.78 21.10 21.53 24.53 25.48 27.01 25.19 22.56 22.63 24.24 24.24 25.19 25.84 25.84 26.72 25.40 23.43 22.92 23.14 23.14 23.00 23.21 24.67 23.65 23.43 22.78 21.17 20.15 20.37 20.00 20.59 20.66 23.43 21.90 21.24 21.24 24.16 22.19 21.46 19.93 20.37 19.49 21.75
8.32 8.32 5.18 8.83 7.15 9.78 12.78 18.32 22.63 25.48 26.79 23.94 22.48 21.46 20.73 19.27 17.52 17.30 16.86 14.31 14.82 15.77 16.06 14.09 14.31 14.67 14.67 15.33 16.21 17.37 17.45 17.89 18.98 19.86 19.93 19.05 18.47 20.66 20.08 20.15 20.37 19.78 19.13 22.85 24.82 24.60 25.04 24.02 22.78 21.53 23.51 23.51 26.65 26.50 27.89 27.16 24.67 23.58 22.34 21.02 21.53 21.53 21.97 22.41 23.07 22.78 20.44 19.27 18.18 16.79 14.97 16.64 17.08 18.69 19.13 18.25 18.25 18.10 17.59 18.91 19.93 20.51 22.48 25.19
2.85 2.85 0.07 4.16 5.18 8.83 13.58 19.49 22.19 24.24 24.38 24.31 22.56 19.86 17.23 17.23 16.35 13.51 10.00 8.83 9.49 11.02 12.99 15.99 16.50 16.79 16.79 18.18 19.64 19.71 18.98 22.41 24.24 23.65 22.05 20.59 21.02 21.39 20.15 18.40 18.10 18.54 18.03 20.15 21.68 21.68 21.46 22.70 22.05 21.39 22.41 22.41 21.75 22.48 24.09 21.39 18.83 15.99 13.65 11.90 13.29 17.89 18.91 18.47 16.57 15.91 13.87 14.31 11.97 6.20 15.48 15.91 12.41 11.02 11.83 15.40 15.40 16.50 14.82 16.86 16.94 18.25 20.88 19.86
0.00 0.00 0.00 0.00 3.14 6.79 18.25 20.73 22.56 23.43 23.21 22.27 20.66 18.10 16.72 16.94 16.57 13.87 9.71 7.59 10.95 12.41 11.53 13.87 15.99 18.25 18.25 19.64 19.20 19.93 19.64 20.81 20.08 18.98 16.21 16.28 17.52 19.35 19.71 21.75 18.69 19.86 18.54 17.30 18.61 21.75 21.90 20.81 19.78 17.16 18.10 18.10 17.59 14.60 14.02 12.48 6.64 2.85 3.14 7.23 12.34 16.94 18.10 16.72 14.16 12.99 12.85 13.94 0.00 0.00 19.78 20.37 17.08 15.84 16.06 17.08 17.08 17.89 17.01 16.50 16.79 16.72 15.18 16.13
0.00 0.00 0.00 0.00 3.14 6.79 18.25 20.73 22.56 23.43 23.21 22.27 20.66 18.10 16.72 16.94 16.57 13.87 9.71 7.59 10.95 12.41 11.53 13.87 15.99 18.25 18.25 19.64 19.20 19.93 19.64 20.81 20.08 18.98 16.21 16.28 17.52 19.35 19.71 21.75 18.69 19.86 18.54 17.30 18.61 21.75 21.90 20.81 19.78 17.16 18.10 18.10 17.59 14.60 14.02 12.48 6.64 2.85 3.14 7.23 12.34 16.94 18.10 16.72 14.16 12.99 12.85 13.94 0.00 0.00 19.78 20.37 17.08 15.84 16.06 17.08 17.08 17.89 17.01 16.50 16.79 16.72 15.18 16.13
0.00 0.00 0.00 0.00 0.00 14.67 18.03 17.67 18.47 20.51 20.95 20.73 19.93 19.13 17.16 15.62 16.06 15.84 14.02 14.24 14.67 13.14 8.54 7.59 10.80 14.45 14.45 17.23 17.30 15.91 14.60 12.48 10.80 11.61 11.24 12.41 14.38 16.72 19.20 20.66 16.57 14.45 13.94 11.39 12.48 14.82 16.94 19.56 18.03 15.62 15.77 15.77 12.63 8.54 7.23 2.92 0.00 0.00 3.21 9.86 16.64 19.56 18.47 14.60 12.92 13.07 13.36 0.00 0.00 0.00 0.00 13.87 16.06 16.57 19.56 18.98 18.98 19.20 20.66 22.19 22.85 21.90 19.27 16.72
