Wansh/Snow_depth/snowdepth-1984/spring/1984087.txt
ncols 321
nrows 161
xllcenter 60
yllcenter 15 
cellsize  0.25 
NODATA_value -1
[rows 0 to 36 of 161, columns 84 to 167 of 321]
28.11 27.59 25.70 27.08 25.62 20.88 18.03 16.79 20.51 22.48 23.21 24.02 24.60 25.70 25.33 25.55 24.97 24.09 24.09 22.78 22.78 22.56 15.11 9.64 8.03 6.79 4.89 0.00 6.50 8.98 9.93 10.00 5.55 4.38 7.81 12.78 15.33 19.93 20.00 20.81 18.91 16.06 9.93 9.93 0.00 0.00 0.00 0.00 0.00 0.00 0.00 0.00 8.47 10.51 11.90 13.87 12.70 0.00 0.00 0.00 0.00 0.00 0.00 0.00 0.00 0.00 0.00 0.00 0.00 0.00 0.00 13.43 13.43 10.66 10.51 10.95 12.34 15.70 17.01 16.43 13.29 10.88 11.02 13.29
27.38 28.76 25.04 24.02 23.94 25.62 23.87 20.00 19.86 18.54 17.67 17.08 17.08 17.08 19.05 19.20 20.95 21.39 21.39 22.70 24.38 24.53 21.17 15.84 9.86 8.03 5.55 6.35 6.42 6.64 7.96 7.52 0.00 0.00 0.00 0.00 0.00 5.91 9.42 13.65 12.78 14.24 12.63 12.63 10.22 0.00 0.00 0.00 0.00 0.00 0.00 0.00 0.00 6.72 7.45 7.96 6.86 0.00 0.00 0.00 0.00 0.00 0.00 0.00 0.00 4.89 6.20 0.00 0.00 0.00 13.14 15.26 14.75 14.89 15.62 17.30 17.89 18.69 17.67 15.55 13.36 13.21 13.07 11.83
25.55 23.80 21.24 16.57 17.08 20.22 23.80 22.92 24.16 23.94 24.45 20.15 17.52 15.04 10.07 10.80 14.67 18.98 18.98 20.88 15.55 21.46 24.45 19.13 11.68 9.78 7.74 7.15 8.40 9.05 6.72 7.45 4.16 0.00 0.00 0.00 0.00 11.02 16.43 18.69 18.69 20.59 22.27 22.27 21.53 18.54 14.24 6.94 4.45 0.00 0.00 0.00 4.53 6.86 9.86 11.02 13.29 15.33 13.94 11.32 10.07 11.39 10.66 10.73 9.42 10.44 9.34 0.00 0.00 11.32 10.66 11.32 13.21 16.43 19.64 19.93 20.73 21.68 21.32 20.95 21.24 21.17 20.88 19.42
25.55 23.80 21.24 16.57 17.08 20.22 23.80 22.92 24.16 23.94 24.45 20.15 17.52 15.04 10.07 10.80 14.67 18.98 18.98 20.88 15.55 21.46 24.45 19.13 11.68 9.78 7.74 7.15 8.40 9.05 6.72 7.45 4.16 0.00 0.00 0.00 0.00 11.02 16.43 18.69 18.69 20.59 22.27 22.27 21.53 18.54 14.24 6.94 4.45 0.00 0.00 0.00 4.53 6.86 9.86 11.02 13.29 15.33 13.94 11.32 10.07 11.39 10.66 10.73 9.42 10.44 9.34 0.00 0.00 11.32 10.66 11.32 13.21 16.43 19.64 19.93 20.73 21.68 21.32 20.95 21.24 21.17 20.88 19.42
17.96 14.67 13.72 17.59 18.76 21.53 20.51 22.70 24.67 24.75 23.29 21.24 21.17 20.22 17.08 13.07 9.71 8.54 8.54 9.64 11.90 14.82 21.90 24.45 19.42 11.39 9.27 9.71 11.39 9.42 8.32 9.20 9.71 9.34 9.05 0.00 0.00 0.00 14.45 17.67 17.16 17.89 20.15 20.15 23.00 25.77 24.89 19.20 0.00 0.00 0.00 0.00 0.00 0.00 4.38 6.28 6.13 9.13 12.85 15.26 15.40 15.84 13.80 12.48 13.14 14.24 13.51 16.28 16.28 14.67 11.83 11.68 11.75 14.02 18.47 22.27 24.97 22.70 20.81 19.13 19.56 22.92 23.14 21.68
24.38 23.00 23.14 22.12 14.97 11.75 11.39 13.87 17.01 20.37 20.51 23.00 23.21 23.43 23.94 23.80 22.05 16.57 16.57 11.61 7.01 6.13 11.39 18.47 19.71 14.82 12.78 11.32 9.56 8.10 8.10 11.97 13.65 14.38 12.19 0.00 0.00 0.00 0.00 0.00 2.70 5.69 9.27 9.27 13.14 19.05 22.70 22.34 0.00 0.00 0.00 0.00 0.00 0.00 0.00 4.23 4.74 7.30 10.51 13.87 15.26 17.23 20.95 20.00 17.23 17.16 16.43 15.70 15.70 14.89 14.24 14.02 14.89 12.56 9.93 9.78 11.39 11.53 14.09 15.04 16.79 17.23 18.32 20.88
22.63 22.12 20.59 20.00 18.18 16.13 15.18 15.18 14.24 12.92 12.92 19.13 21.75 21.90 20.88 19.49 21.24 22.78 22.78 19.42 16.50 10.51 8.91 15.04 17.01 11.17 9.93 9.27 9.86 7.52 6.42 9.86 12.12 14.09 0.00 0.00 0.00 0.00 0.00 0.00 0.00 0.00 0.00 0.00 8.03 12.92 18.32 0.00 0.00 0.00 0.00 0.00 0.00 0.00 8.32 9.20 10.51 14.89 13.58 12.63 18.10 24.38 27.96 25.77 24.02 21.53 20.00 17.81 17.81 17.23 17.96 21.10 19.86 17.45 17.37 14.45 12.56 9.13 8.54 10.15 13.51 16.86 18.61 22.27
22.63 22.12 20.59 20.00 18.18 16.13 15.18 15.18 14.24 12.92 12.92 19.13 21.75 21.90 20.88 19.49 21.24 22.78 22.78 19.42 16.50 10.51 8.91 15.04 17.01 11.17 9.93 9.27 9.86 7.52 6.42 9.86 12.12 14.09 0.00 0.00 0.00 0.00 0.00 0.00 0.00 0.00 0.00 0.00 8.03 12.92 18.32 0.00 0.00 0.00 0.00 0.00 0.00 0.00 8.32 9.20 10.51 14.89 13.58 12.63 18.10 24.38 27.96 25.77 24.02 21.53 20.00 17.81 17.81 17.23 17.96 21.10 19.86 17.45 17.37 14.45 12.56 9.13 8.54 10.15 13.51 16.86 18.61 22.27
19.49 17.52 16.86 17.30 16.21 14.75 12.85 11.68 11.53 8.76 7.52 8.25 13.07 16.79 17.16 13.87 11.53 7.45 7.45 11.75 19.27 19.20 15.40 13.29 14.53 12.41 0.00 0.00 0.00 0.00 0.00 8.54 8.83 0.00 0.00 0.00 0.00 0.00 0.00 0.00 0.00 0.00 0.00 0.00 0.00 0.00 0.00 0.00 0.00 0.00 0.00 0.00 0.00 0.00 0.00 6.50 8.40 10.29 11.61 11.68 17.01 20.08 23.36 24.97 24.02 26.57 24.97 22.12 22.12 19.71 19.64 19.78 18.69 16.94 17.81 16.06 14.02 12.05 10.44 10.88 10.00 11.39 13.80 17.45
16.86 16.72 17.30 17.23 16.28 15.18 9.86 4.96 0.00 3.72 5.77 9.42 11.53 12.70 9.93 8.47 9.20 6.35 6.35 10.22 18.54 23.14 16.72 12.34 11.10 9.93 0.00 0.00 0.00 0.00 0.00 0.00 0.00 0.00 0.00 0.00 0.00 0.00 0.00 0.00 0.00 0.00 0.00 0.00 0.00 0.00 0.00 0.00 7.96 10.44 13.43 15.33 11.46 8.83 8.40 8.03 7.01 6.28 8.32 8.25 11.10 11.90 12.85 14.75 16.43 16.13 15.55 16.21 16.21 16.57 17.89 19.71 18.61 15.33 16.94 16.21 15.70 17.89 17.59 14.89 11.83 9.93 11.39 12.05
16.94 16.28 15.99 13.14 9.49 3.29 2.92 0.00 0.00 0.00 1.83 4.74 7.08 6.94 4.45 4.74 9.86 8.25 8.25 18.83 24.24 23.14 11.75 0.00 0.00 0.00 0.00 0.00 0.00 0.00 0.00 0.00 0.00 0.00 0.00 0.00 0.00 0.00 0.00 0.00 0.00 0.00 0.00 0.00 6.13 0.00 7.45 10.37 9.20 8.69 11.90 15.70 12.78 10.59 10.29 10.37 10.73 10.15 8.76 10.95 13.21 12.99 12.19 12.78 15.62 17.30 20.44 22.85 22.85 23.51 21.10 18.69 17.59 16.72 12.63 17.37 18.69 18.61 16.43 13.36 12.34 12.78 10.44 8.83
16.94 16.28 15.99 13.14 9.49 3.29 2.92 0.00 0.00 0.00 1.83 4.74 7.08 6.94 4.45 4.74 9.86 8.25 8.25 18.83 24.24 23.14 11.75 0.00 0.00 0.00 0.00 0.00 0.00 0.00 0.00 0.00 0.00 0.00 0.00 0.00 0.00 0.00 0.00 0.00 0.00 0.00 0.00 0.00 6.13 0.00 7.45 10.37 9.20 8.69 11.90 15.70 12.78 10.59 10.29 10.37 10.73 10.15 8.76 10.95 13.21 12.99 12.19 12.78 15.62 17.30 20.44 22.85 22.85 23.51 21.10 18.69 17.59 16.72 12.63 17.37 18.69 18.61 16.43 13.36 12.34 12.78 10.44 8.83
14.82 13.21 6.57 2.99 0.00 0.00 0.00 0.00 0.00 0.00 0.00 0.00 4.38 7.66 12.78 18.61 23.65 23.43 23.43 33.65 30.15 19.93 0.00 0.00 0.00 0.00 0.00 0.00 0.00 0.00 0.00 6.50 7.52 8.91 8.32 11.68 13.51 9.56 10.22 11.68 15.91 14.97 12.41 12.41 8.61 0.00 0.00 8.10 11.83 15.18 19.64 18.32 13.14 10.59 12.19 15.62 20.95 21.24 17.16 14.67 14.45 13.58 11.97 12.05 12.70 13.87 15.11 18.40 18.40 21.39 21.90 22.05 18.98 18.10 16.64 17.37 20.81 23.43 22.56 19.93 17.67 17.08 16.57 14.97
11.75 7.08 0.00 0.00 0.00 0.00 0.00 0.00 0.00 0.00 0.00 8.54 15.18 20.15 22.63 23.80 23.07 25.92 25.92 21.90 19.13 16.64 0.00 0.00 0.00 0.00 0.00 9.42 11.32 14.38 15.70 18.18 18.25 16.13 18.76 18.83 22.19 18.25 14.75 12.85 11.53 10.51 8.47 8.47 7.37 9.20 9.93 11.10 11.75 13.80 14.75 13.51 14.53 15.99 14.38 13.43 16.64 15.18 15.26 16.94 14.31 20.00 18.83 19.27 18.32 18.83 20.37 19.78 19.78 22.48 23.58 25.33 25.04 23.29 21.97 19.13 17.81 17.96 18.32 18.76 15.33 10.07 9.56 12.19
8.47 5.55 4.45 4.38 0.00 1.10 0.00 0.00 0.00 0.00 0.00 13.94 17.01 22.78 23.94 0.00 0.00 15.77 15.77 15.70 13.21 0.00 0.00 0.00 9.56 10.66 11.46 16.57 18.83 21.46 27.74 28.69 27.08 19.71 16.86 13.21 7.59 9.27 8.18 7.59 0.00 0.00 0.00 0.00 7.01 9.86 11.61 12.41 13.51 14.60 15.26 14.31 17.67 23.07 27.23 27.96 26.86 17.01 10.44 12.26 8.83 10.66 13.72 16.06 18.61 18.98 17.30 14.82 14.82 18.83 22.05 17.96 14.09 11.68 13.29 15.26 8.25 0.00 0.00 10.37 12.05 10.80 10.51 12.85
8.76 9.20 12.85 15.11 14.24 9.13 8.32 8.03 9.34 10.51 11.53 11.24 12.48 11.39 10.07 11.39 0.00 0.00 0.00 0.00 0.00 12.19 19.93 20.00 18.98 14.75 11.53 15.26 22.05 24.97 27.16 28.18 18.25 12.78 8.91 5.55 2.99 2.19 0.00 0.00 0.00 5.99 7.23 7.23 10.00 11.83 12.19 11.17 12.05 15.18 12.26 10.44 14.60 24.09 33.14 31.83 25.70 17.89 13.43 8.32 5.55 6.06 6.64 6.42 11.53 17.74 17.74 20.73 20.73 22.05 23.00 20.08 10.59 5.18 11.46 13.58 6.57 0.00 0.00 9.42 11.32 8.69 10.80 15.04
8.76 9.20 12.85 15.11 14.24 9.13 8.32 8.03 9.34 10.51 11.53 11.24 12.48 11.39 10.07 11.39 0.00 0.00 0.00 0.00 0.00 12.19 19.93 20.00 18.98 14.75 11.53 15.26 22.05 24.97 27.16 28.18 18.25 12.78 8.91 5.55 2.99 2.19 0.00 0.00 0.00 5.99 7.23 7.23 10.00 11.83 12.19 11.17 12.05 15.18 12.26 10.44 14.60 24.09 33.14 31.83 25.70 17.89 13.43 8.32 5.55 6.06 6.64 6.42 11.53 17.74 17.74 20.73 20.73 22.05 23.00 20.08 10.59 5.18 11.46 13.58 6.57 0.00 0.00 9.42 11.32 8.69 10.80 15.04
7.23 5.18 10.00 13.51 13.80 13.14 10.22 8.76 10.66 14.67 14.89 17.01 18.91 17.67 11.39 10.44 14.24 13.29 13.29 11.61 9.42 8.91 10.88 17.52 20.88 17.16 7.30 9.34 11.39 15.48 20.51 23.36 23.21 18.91 9.86 2.12 2.19 3.29 5.69 8.76 11.24 14.38 15.26 15.26 18.61 21.97 21.68 17.37 16.13 17.08 17.81 15.84 17.08 17.96 21.97 23.43 17.67 9.71 9.13 11.75 12.41 11.61 9.27 8.98 10.80 12.99 15.55 20.81 20.81 25.11 22.05 11.83 5.48 7.52 12.41 15.33 8.25 0.00 0.00 2.77 4.38 6.79 7.52 11.39
13.21 15.26 17.01 20.15 20.29 18.61 14.45 12.99 12.92 15.11 16.35 18.83 24.67 25.26 17.81 17.52 19.93 15.18 15.18 15.18 13.51 7.08 7.74 12.26 17.23 17.52 14.38 12.48 15.18 17.89 20.15 26.94 30.95 27.59 18.54 10.37 11.02 12.92 13.21 17.89 20.44 22.63 23.29 23.29 22.70 22.05 17.67 15.62 17.67 20.22 21.53 20.81 19.64 19.20 20.59 20.37 12.19 9.27 17.16 18.76 23.00 19.64 15.91 13.58 13.07 13.21 16.06 23.58 23.58 25.04 23.51 13.51 6.57 11.75 11.10 2.77 2.04 1.97 0.15 0.37 2.77 5.18 6.20 8.10
11.83 14.38 16.79 18.98 21.53 21.39 19.42 16.72 17.16 19.27 20.51 20.15 21.10 20.29 20.51 20.81 22.78 24.16 24.16 27.96 22.12 13.36 8.69 9.93 15.40 20.73 22.34 23.51 20.29 20.66 23.87 28.25 29.78 24.82 25.40 21.02 11.53 7.96 8.03 8.91 11.83 18.32 24.53 24.53 27.96 24.75 16.06 13.72 16.13 20.44 21.46 21.10 21.39 19.27 17.81 18.83 18.76 18.47 17.67 22.92 27.16 25.55 20.15 15.26 14.89 15.70 19.42 22.56 22.56 17.81 8.25 3.58 2.48 3.36 3.50 1.02 2.26 2.99 1.90 1.46 2.77 3.94 4.74 4.89
10.88 11.39 15.99 17.59 22.19 24.24 22.85 19.35 20.22 23.36 23.87 21.61 20.81 21.53 20.22 21.24 20.95 22.85 22.85 23.80 20.29 19.20 19.20 18.83 20.29 23.00 23.07 20.37 16.06 14.45 20.15 28.25 28.25 24.09 15.91 9.20 5.40 4.60 4.53 7.30 10.51 14.75 21.75 21.75 29.35 28.47 21.39 19.49 19.27 19.13 20.37 21.97 21.02 17.81 18.40 20.44 19.86 14.16 15.84 15.18 13.94 15.18 16.28 17.81 20.08 19.35 14.53 11.90 11.90 7.88 2.77 0.51 0.15 0.29 0.66 1.75 1.17 1.39 2.99 3.07 1.31 1.39 4.60 6.42
15.91 16.50 17.45 17.45 16.57 18.25 19.42 20.88 23.14 27.01 29.57 31.68 32.12 29.49 24.24 22.63 27.52 26.43 26.43 28.32 29.64 28.11 28.18 30.44 30.22 28.18 26.79 24.38 19.13 13.21 8.98 7.66 12.85 15.55 10.37 4.31 2.19 2.70 6.50 12.26 14.97 9.93 10.22 10.22 14.60 14.97 14.67 15.18 14.60 12.78 15.55 20.95 24.38 24.82 23.94 22.56 21.68 18.54 17.01 15.84 14.09 13.21 12.78 11.24 12.70 11.83 8.54 4.09 4.09 1.46 1.97 2.19 2.12 1.31 1.53 2.04 0.00 1.61 2.77 2.48 3.43 3.94 4.74 5.55
15.91 16.50 17.45 17.45 16.57 18.25 19.42 20.88 23.14 27.01 29.57 31.68 32.12 29.49 24.24 22.63 27.52 26.43 26.43 28.32 29.64 28.11 28.18 30.44 30.22 28.18 26.79 24.38 19.13 13.21 8.98 7.66 12.85 15.55 10.37 4.31 2.19 2.70 6.50 12.26 14.97 9.93 10.22 10.22 14.60 14.97 14.67 15.18 14.60 12.78 15.55 20.95 24.38 24.82 23.94 22.56 21.68 18.54 17.01 15.84 14.09 13.21 12.78 11.24 12.70 11.83 8.54 4.09 4.09 1.46 1.97 2.19 2.12 1.31 1.53 2.04 0.00 1.61 2.77 2.48 3.43 3.94 4.74 5.55
11.39 13.80 16.43 17.52 15.91 15.26 21.10 23.29 24.02 25.26 28.91 34.09 36.57 37.16 34.02 26.28 27.81 24.31 24.31 26.57 27.74 25.33 27.30 30.08 32.85 32.05 29.93 26.35 21.39 15.99 10.15 7.74 6.64 5.55 4.16 2.99 2.99 0.00 0.00 6.64 12.05 5.99 3.72 3.72 7.01 9.05 10.15 13.65 16.28 17.89 16.35 12.99 19.20 24.45 24.89 23.58 21.46 19.56 20.66 20.51 20.51 17.96 16.28 17.23 16.50 10.95 7.88 9.34 9.34 10.37 9.71 6.64 3.65 2.48 0.95 2.99 2.04 2.48 1.97 2.26 1.97 2.12 2.77 3.65
14.16 14.16 14.45 16.06 18.03 20.29 29.05 33.14 31.10 30.08 32.19 33.00 31.83 31.90 29.35 27.59 25.48 23.21 23.21 24.31 27.52 27.30 27.67 28.08 28.39 28.47 25.81 24.45 20.44 13.94 9.05 8.32 5.11 0.00 0.00 0.00 5.26 2.48 2.77 2.85 2.34 0.00 3.07 3.07 3.72 5.84 6.94 7.74 8.47 11.24 15.99 16.28 13.51 12.78 11.46 10.95 13.94 19.78 26.28 25.84 22.27 19.27 19.86 24.02 24.31 19.13 10.37 13.58 13.58 20.37 17.89 10.59 7.37 5.91 3.14 2.34 1.61 1.75 2.92 3.94 4.23 2.48 1.31 1.90
18.91 22.92 25.19 27.38 28.76 28.11 27.81 29.05 27.38 23.58 22.19 21.83 21.17 21.68 23.58 27.96 31.90 34.67 34.67 35.55 36.94 37.52 32.41 31.21 34.64 29.94 28.81 30.55 30.88 19.71 11.90 8.98 6.13 3.72 3.29 4.38 4.60 3.36 4.31 5.40 4.74 7.01 7.88 7.88 7.96 10.22 10.73 8.47 6.86 5.26 5.62 4.38 4.96 6.64 7.88 9.93 14.89 21.90 29.05 29.57 24.82 17.81 19.93 22.34 22.48 21.17 18.40 15.91 15.91 13.87 11.68 7.74 5.18 3.65 2.70 2.34 1.68 2.85 3.87 3.50 2.56 0.00 1.31 0.80
22.92 21.24 21.75 25.77 30.81 30.51 26.35 21.83 18.10 14.45 11.83 12.63 6.57 5.04 12.99 24.67 29.86 30.88 30.88 27.96 28.47 29.57 37.93 32.66 30.79 30.56 32.83 30.45 30.48 24.58 16.35 15.26 13.65 6.72 5.84 7.37 8.18 7.15 7.15 6.94 5.99 5.26 3.07 3.07 3.87 7.30 10.07 8.91 6.72 7.74 4.89 4.67 4.02 4.60 5.18 7.30 11.39 14.60 19.93 25.77 23.51 18.54 16.06 16.43 13.87 19.56 24.45 21.24 21.24 16.57 12.48 10.73 9.49 8.91 8.98 10.66 11.90 6.28 4.60 3.43 0.00 0.00 0.00 2.99
24.24 21.61 19.35 22.41 32.19 32.27 27.16 22.70 17.23 11.17 13.29 12.63 10.29 5.18 6.28 6.57 15.91 15.99 15.99 8.71 7.08 14.82 17.54 19.27 20.23 26.94 31.16 33.88 36.38 34.36 29.71 24.45 18.32 13.14 12.63 14.09 10.22 11.24 8.32 3.58 6.79 11.83 9.71 9.71 2.99 9.05 11.02 8.98 8.25 6.64 1.97 2.56 3.14 2.70 3.50 3.43 4.60 7.88 13.36 22.27 21.46 24.24 25.26 19.13 14.89 21.39 27.81 26.13 26.13 23.80 21.75 16.57 13.87 13.21 14.45 10.66 6.13 3.80 4.02 3.14 0.00 0.00 0.00 0.00
24.24 21.61 19.35 22.41 32.19 32.27 27.16 22.70 17.23 11.17 13.29 12.63 10.29 5.18 6.28 6.57 15.91 15.99 16.07 9.00 7.19 15.87 17.09 19.77 19.93 26.94 30.22 31.49 33.99 34.89 30.02 25.47 20.59 13.90 12.95 14.09 10.22 11.24 8.32 3.58 6.79 11.83 9.71 9.71 2.99 9.05 11.02 8.98 8.25 6.64 1.97 2.56 3.14 2.70 3.50 3.43 4.60 7.88 13.36 22.27 21.46 24.24 25.26 19.13 14.89 21.39 27.81 26.13 26.13 23.80 21.75 16.57 13.87 13.21 14.45 10.66 6.13 3.80 4.02 3.14 0.00 0.00 0.00 0.00
21.10 19.42 18.32 21.61 33.43 39.49 36.94 32.34 26.06 19.93 21.24 20.44 13.94 5.77 8.98 19.27 23.80 18.32 18.32 7.74 1.46 0.00 0.00 9.56 13.25 20.43 28.98 31.18 30.37 31.69 28.09 20.42 25.21 27.41 21.82 18.46 14.23 12.92 14.67 8.03 5.99 14.02 18.54 18.54 23.73 18.91 15.84 14.31 11.39 5.48 2.26 0.00 0.00 0.00 0.15 0.00 0.66 2.85 7.37 15.40 21.24 20.95 23.73 28.32 25.11 24.02 26.43 23.73 23.73 18.03 16.06 12.48 10.59 13.36 14.82 10.07 4.53 2.56 5.33 3.21 2.85 0.00 1.83 0.00
19.20 15.33 11.61 12.19 14.09 21.97 32.56 39.27 36.72 31.97 28.11 24.31 18.47 16.86 23.58 34.38 33.73 27.52 27.52 13.79 6.35 0.00 0.00 0.00 4.84 4.67 13.14 22.47 29.80 30.08 25.55 19.71 18.76 26.38 29.12 28.96 21.79 17.61 20.44 17.81 11.10 8.40 9.71 9.71 13.21 13.07 11.32 13.14 15.04 17.01 10.29 0.00 0.00 0.00 0.00 0.00 0.00 0.00 1.46 4.53 9.27 12.34 23.29 29.27 27.89 24.60 21.17 20.59 20.59 15.99 14.89 15.26 12.41 14.75 15.18 10.07 5.11 3.29 3.21 2.70 1.90 1.31 0.88 0.00
23.80 21.90 19.20 15.91 11.68 10.59 16.06 24.97 25.48 11.90 19.35 5.62 7.88 8.25 17.16 25.26 21.61 17.74 17.74 13.72 11.39 6.94 3.58 0.00 0.00 0.00 0.00 0.00 0.00 30.81 27.81 23.94 23.58 22.85 23.36 26.94 31.29 27.96 30.51 31.32 22.41 10.88 7.59 7.59 11.10 12.70 11.32 10.07 9.86 11.61 10.66 5.84 0.00 0.00 0.00 0.00 0.00 0.00 0.00 1.83 4.89 9.64 19.71 26.94 20.22 16.86 18.10 17.16 17.16 12.56 8.76 10.00 10.80 10.88 10.00 9.64 7.59 7.52 6.72 7.15 7.59 5.62 3.94 0.00
23.14 23.87 25.99 27.16 27.59 28.98 30.51 31.90 27.38 8.18 6.28 6.72 7.01 7.45 10.15 14.53 10.37 10.15 10.15 10.44 7.45 3.58 0.00 0.00 0.00 0.00 0.00 0.00 0.00 4.31 12.48 16.57 18.76 19.64 19.78 27.16 29.94 29.73 31.43 31.12 24.60 14.24 10.66 10.66 12.56 14.60 11.02 11.53 9.56 12.41 9.13 9.20 11.02 7.81 0.00 0.00 2.56 5.33 5.26 5.55 7.74 10.07 13.36 15.18 13.07 13.58 17.89 18.98 18.98 16.06 14.75 14.53 15.70 13.65 12.12 12.78 12.48 13.07 13.51 10.95 13.43 12.99 9.34 9.56
15.99 0.00 0.00 18.10 16.21 17.52 13.72 12.70 16.30 0.00 0.00 0.00 11.39 17.30 11.10 6.94 3.80 2.85 2.85 4.09 2.34 0.00 0.00 0.00 0.00 0.00 0.00 0.00 0.00 0.00 0.00 0.00 5.55 9.56 15.55 18.91 16.79 18.61 24.68 25.38 20.91 21.46 17.45 17.45 15.77 15.04 11.24 9.78 12.19 13.43 12.34 13.51 13.58 11.75 7.74 0.00 4.31 7.59 11.02 14.09 15.18 17.89 16.06 14.75 11.75 14.38 17.37 14.45 14.45 16.13 24.09 29.93 26.50 21.97 20.15 21.24 24.16 20.29 14.09 8.61 10.80 11.17 7.96 8.03
7.52 10.59 12.41 9.05 8.54 10.00 8.47 3.87 0.00 0.00 0.00 7.30 13.51 8.76 0.00 0.00 0.00 0.00 0.00 0.00 0.00 0.00 0.00 0.00 0.00 0.00 0.00 0.00 0.00 0.00 0.00 0.00 0.00 0.00 3.87 5.40 6.35 8.63 12.05 18.40 16.52 19.13 22.12 22.12 20.15 21.32 15.04 11.90 11.02 14.75 13.72 9.27 8.76 11.39 8.03 5.99 0.00 4.60 7.30 12.26 16.43 20.51 24.45 27.16 23.00 17.74 18.61 13.07 13.07 10.66 14.31 21.68 16.94 12.70 14.60 18.83 20.95 17.89 12.41 10.15 12.26 11.90 9.93 9.64
7.52 10.59 12.41 9.05 8.54 10.00 8.47 3.87 0.00 0.00 0.00 7.30 13.51 8.76 0.00 0.00 0.00 0.00 0.00 0.00 0.00 0.00 0.00 0.00 0.00 0.00 0.00 0.00 0.00 0.00 0.00 0.00 0.00 0.00 3.89 5.43 6.35 8.58 12.17 18.40 16.35 19.13 22.12 22.12 20.15 21.32 15.04 11.90 11.02 14.75 13.72 9.27 8.76 11.39 8.03 5.99 0.00 4.60 7.30 12.26 16.43 20.51 24.45 27.16 23.00 17.74 18.61 13.07 13.07 10.66 14.31 21.68 16.94 12.70 14.60 18.83 20.95 17.89 12.41 10.15 12.26 11.90 9.93 9.64
0.00 0.00 5.11 5.48 9.34 20.51 26.79 20.75 0.00 0.00 0.00 0.00 6.20 5.11 5.04 4.31 0.00 0.00 0.00 0.00 0.00 0.00 0.00 0.00 0.00 0.00 0.00 0.00 0.00 0.00 0.00 0.00 4.53 0.00 3.94 3.43 0.00 3.07 6.60 9.05 5.77 4.53 10.66 10.66 13.87 21.02 19.27 20.29 18.25 13.80 10.88 6.79 5.33 0.00 2.99 2.48 2.41 1.83 5.91 13.58 15.55 14.16 14.09 15.26 16.57 14.97 12.48 12.05 12.05 11.17 9.20 10.95 10.07 6.28 6.35 10.07 11.75 9.27 8.91 10.73 12.63 10.29 10.07 7.59
