Wansh/reverse/1990089.txt
ncols 321
nrows 161
xllcenter 60
yllcenter 15 
cellsize  0.25 
NODATA_value -1
[rows 0 to 36 of 161, columns 0 to 83 of 321]
7.88 7.88 11.97 14.82 14.16 13.07 13.80 17.59 18.83 18.91 18.25 16.35 15.55 15.70 16.13 16.43 15.40 15.18 15.26 15.62 15.91 16.50 16.06 16.13 15.84 15.55 15.55 16.64 16.86 17.67 18.10 19.20 19.93 19.27 18.18 18.32 18.40 21.53 20.81 21.68 21.17 20.44 20.81 19.56 18.98 20.15 20.51 20.59 21.17 20.66 18.98 18.98 18.69 18.76 21.83 21.10 19.56 19.13 18.54 16.64 17.16 17.96 18.54 18.03 18.03 18.03 17.52 17.81 19.27 18.98 18.03 18.76 20.73 21.53 22.70 23.94 23.94 24.45 24.16 24.89 20.15 21.17 21.75 21.53
15.04 15.04 15.91 17.59 19.20 18.10 17.59 17.16 17.30 18.69 19.64 18.47 17.59 17.52 17.16 16.50 14.89 13.65 13.21 13.43 15.55 16.64 15.48 14.67 14.24 15.11 15.11 16.43 16.94 17.67 18.69 19.56 18.40 17.30 16.06 17.30 17.45 18.47 18.61 16.50 15.99 14.67 14.82 13.14 13.87 14.97 14.67 13.21 15.40 15.84 15.70 15.70 15.26 16.50 15.26 15.48 14.60 14.75 15.33 14.97 15.48 16.64 14.75 13.94 13.51 13.36 11.61 10.29 7.88 8.10 9.42 13.21 16.57 17.81 19.49 21.53 21.53 22.70 21.02 22.56 21.90 22.12 21.68 19.86
21.39 21.39 17.52 17.16 19.56 20.00 18.98 18.69 18.69 20.95 18.40 16.13 15.04 15.91 15.70 15.77 15.40 15.04 15.26 14.53 14.82 14.89 16.57 15.11 14.53 15.18 15.18 16.21 15.26 17.67 16.64 16.35 14.38 14.38 14.97 15.55 16.35 14.24 11.61 12.41 12.41 11.68 12.48 13.80 16.64 15.18 11.24 10.44 12.05 12.48 10.29 10.29 12.26 12.12 10.80 10.59 10.95 12.41 12.99 12.99 12.26 13.80 13.29 12.41 10.66 10.00 10.88 11.02 11.32 11.68 11.83 13.94 16.21 18.18 19.64 20.44 20.44 20.22 20.51 20.08 19.35 19.56 19.49 19.20
21.39 21.39 17.52 17.16 19.56 20.00 18.98 18.69 18.69 20.95 18.40 16.13 15.04 15.91 15.70 15.77 15.40 15.04 15.26 14.53 14.82 14.89 16.57 15.11 14.53 15.18 15.18 16.21 15.26 17.67 16.64 16.35 14.38 14.38 14.97 15.55 16.35 14.24 11.61 12.41 12.41 11.68 12.48 13.80 16.64 15.18 11.24 10.44 12.05 12.48 10.29 10.29 12.26 12.12 10.80 10.59 10.95 12.41 12.99 12.99 12.26 13.80 13.29 12.41 10.66 10.00 10.88 11.02 11.32 11.68 11.83 13.94 16.21 18.18 19.64 20.44 20.44 20.22 20.51 20.08 19.35 19.56 19.49 19.20
18.40 18.40 13.87 18.18 22.12 21.68 19.13 19.86 22.48 18.83 16.79 15.18 14.38 14.75 13.29 14.82 16.79 17.08 16.50 14.67 14.09 14.97 14.97 14.02 14.02 12.78 12.78 12.85 12.85 13.72 13.51 13.65 14.31 13.43 14.60 14.16 10.66 10.37 10.29 12.05 11.83 11.32 13.14 12.63 12.92 11.32 8.69 8.91 9.27 9.27 9.64 9.64 10.59 9.49 9.56 10.00 10.95 12.41 12.34 10.95 11.83 12.48 12.78 12.26 11.68 10.44 9.20 8.98 8.98 11.97 12.26 13.94 13.58 14.09 17.45 18.10 18.10 18.10 19.20 18.83 18.18 18.03 18.32 18.47
17.67 17.67 20.29 23.94 22.78 21.32 21.61 21.53 19.71 17.67 15.70 13.80 15.99 15.91 16.43 16.72 16.35 15.55 14.38 13.43 12.92 13.65 15.33 14.53 13.43 12.78 12.78 12.48 12.26 11.83 13.29 13.94 13.51 13.65 9.86 2.48 0.00 0.00 1.10 2.41 1.10 0.15 4.31 8.47 12.12 11.83 11.17 10.51 9.71 8.98 10.59 10.59 10.66 7.81 6.57 6.79 8.69 8.83 9.27 10.07 10.66 11.46 12.41 13.07 11.90 11.46 12.70 13.43 12.70 12.78 13.87 15.55 15.62 15.11 16.64 17.08 17.08 17.52 17.30 17.16 17.30 15.40 14.31 13.87
18.91 18.91 21.39 21.61 23.00 22.63 22.56 20.88 22.41 19.42 17.67 18.69 19.49 19.71 19.13 18.98 16.35 15.77 15.26 14.89 14.60 13.43 12.70 12.05 12.19 11.68 11.68 12.56 12.99 12.56 13.07 14.97 15.40 15.18 13.94 9.71 5.77 2.34 1.68 1.90 2.26 1.24 3.21 3.21 5.99 8.54 9.78 10.37 9.42 8.47 8.25 8.25 7.96 6.42 8.18 9.49 8.69 8.32 8.18 8.25 9.49 10.59 11.90 15.04 15.11 14.31 15.99 17.30 16.50 15.18 16.72 16.72 18.54 19.13 12.85 13.29 13.29 13.51 14.89 15.33 14.31 15.26 14.60 13.72
18.91 18.91 21.39 21.61 23.00 22.63 22.56 20.88 22.41 19.42 17.67 18.69 19.49 19.71 19.13 18.98 16.35 15.77 15.26 14.89 14.60 13.43 12.70 12.05 12.19 11.68 11.68 12.56 12.99 12.56 13.07 14.97 15.40 15.18 13.94 9.71 5.77 2.34 1.68 1.90 2.26 1.24 3.21 3.21 5.99 8.54 9.78 10.37 9.42 8.47 8.25 8.25 7.96 6.42 8.18 9.49 8.69 8.32 8.18 8.25 9.49 10.59 11.90 15.04 15.11 14.31 15.99 17.30 16.50 15.18 16.72 16.72 18.54 19.13 12.85 13.29 13.29 13.51 14.89 15.33 14.31 15.26 14.60 13.72
21.97 21.97 22.27 20.88 21.68 20.51 19.35 19.27 20.44 20.59 19.86 19.27 18.18 15.40 17.16 17.67 17.67 17.37 16.64 13.72 12.56 11.97 11.97 10.73 7.88 9.86 9.86 11.24 11.68 12.34 13.21 14.38 14.97 14.67 12.92 12.63 9.20 8.18 8.40 8.40 7.15 6.94 7.45 7.30 7.59 10.22 11.02 9.86 9.27 8.83 7.96 7.96 8.32 5.84 6.50 8.40 8.83 7.66 10.44 12.41 13.29 13.29 13.43 13.94 13.94 13.87 14.09 14.60 15.40 14.09 12.19 12.48 15.26 11.61 9.93 11.90 11.90 10.44 8.61 8.61 9.42 12.26 13.87 12.85
23.65 23.65 21.02 19.64 18.91 20.81 19.27 18.83 19.05 17.37 13.94 15.48 18.10 18.83 20.81 19.42 18.18 16.13 14.02 11.97 10.88 10.95 10.51 10.07 13.29 12.56 12.56 9.78 9.56 12.34 12.48 13.07 13.14 12.63 11.97 9.78 9.42 9.64 10.51 11.97 13.07 12.63 13.29 14.89 14.02 12.41 11.02 10.29 11.46 11.68 11.24 11.24 9.27 7.37 7.30 8.47 10.29 11.39 12.92 14.67 15.11 14.16 13.87 11.39 10.07 10.51 10.80 13.14 12.26 10.29 8.54 11.68 10.15 9.13 8.61 9.56 9.56 9.49 7.01 5.99 9.27 8.98 10.07 11.53
17.67 17.67 16.35 16.79 18.91 17.96 16.28 14.75 14.82 15.26 14.53 15.04 18.25 18.91 16.35 13.94 12.56 13.58 10.80 8.47 9.42 10.51 10.80 11.32 11.32 10.80 10.80 8.32 9.42 10.22 10.07 10.88 11.68 12.56 11.32 10.44 9.56 8.61 8.91 11.17 12.78 12.56 14.45 14.89 14.75 12.85 12.63 11.10 11.24 11.90 11.97 11.97 10.73 9.42 8.18 7.01 8.10 9.86 12.34 13.14 12.41 12.63 12.70 11.24 10.80 10.88 10.07 12.41 14.67 11.39 8.83 10.95 11.83 10.95 10.15 10.88 10.88 11.24 9.86 9.56 9.56 8.10 10.15 11.90
17.67 17.67 16.35 16.79 18.91 17.96 16.28 14.75 14.82 15.26 14.53 15.04 18.25 18.91 16.35 13.94 12.56 13.58 10.80 8.47 9.42 10.51 10.80 11.32 11.32 10.80 10.80 8.32 9.42 10.22 10.07 10.88 11.68 12.56 11.32 10.44 9.56 8.61 8.91 11.17 12.78 12.56 14.45 14.89 14.75 12.85 12.63 11.10 11.24 11.90 11.97 11.97 10.73 9.42 8.18 7.01 8.10 9.86 12.34 13.14 12.41 12.63 12.70 11.24 10.80 10.88 10.07 12.41 14.67 11.39 8.83 10.95 11.83 10.95 10.15 10.88 10.88 11.24 9.86 9.56 9.56 8.10 10.15 11.90
16.35 16.35 13.07 17.45 16.64 12.85 12.56 13.80 15.26 15.70 17.23 15.04 14.82 15.04 14.38 10.37 9.86 10.51 10.59 9.78 11.10 11.32 8.98 10.51 10.66 9.93 9.93 9.05 10.00 9.64 9.71 10.15 9.78 8.25 7.59 7.81 8.10 7.74 8.10 9.71 11.53 13.29 14.53 13.65 13.87 14.45 14.75 13.14 12.26 10.37 9.86 9.86 10.07 9.49 8.54 7.30 10.22 13.58 14.16 13.43 12.70 14.38 15.48 13.72 14.16 14.67 14.97 9.86 12.41 14.60 13.36 10.44 9.34 10.15 8.83 8.03 8.03 9.05 10.37 10.66 10.80 8.54 6.94 7.23
17.67 17.67 15.18 15.04 14.45 12.56 11.53 12.05 13.65 14.16 13.14 13.07 14.31 14.38 13.72 14.38 15.11 13.94 11.24 8.10 6.35 8.18 8.32 7.81 9.13 9.20 9.20 8.76 8.83 8.83 10.51 10.95 9.49 8.18 6.94 7.52 7.88 8.10 7.74 8.54 8.83 10.51 11.75 12.41 13.51 13.36 11.90 10.44 10.07 10.15 10.51 10.51 11.24 11.39 11.90 13.43 16.28 18.69 19.13 18.03 16.86 10.88 8.98 14.67 18.98 17.81 16.57 13.43 12.19 11.17 9.56 9.64 9.71 10.88 8.54 7.81 7.81 8.18 10.59 11.90 12.48 9.13 5.33 6.50
15.55 15.55 13.07 13.29 12.41 12.56 11.83 12.48 13.72 14.31 12.41 13.94 14.38 15.33 16.06 17.23 17.89 15.04 10.07 8.18 7.15 6.79 8.40 7.81 7.45 8.98 8.98 9.86 8.40 9.27 9.49 10.66 10.22 8.83 8.10 9.13 8.47 7.37 7.88 7.81 8.54 9.34 8.91 8.98 8.69 8.98 9.56 9.34 9.78 10.95 11.02 11.02 11.61 8.98 11.02 15.33 19.64 20.73 19.64 19.35 17.81 13.65 12.12 16.28 20.51 19.93 17.16 15.04 13.51 10.15 8.76 9.42 9.71 10.73 10.59 10.44 10.44 10.07 9.64 9.49 6.94 6.86 7.23 8.69
11.75 11.75 11.97 12.63 12.41 12.92 12.70 11.61 14.53 15.18 14.24 13.87 12.92 13.07 14.97 16.43 15.84 13.43 11.17 11.90 12.48 10.00 7.15 6.64 7.81 8.98 8.98 10.00 10.00 10.00 10.15 10.95 11.68 10.44 8.32 8.40 8.91 8.47 9.13 9.34 7.23 5.84 6.57 7.66 8.25 9.78 10.07 9.27 9.20 10.66 12.26 12.26 14.16 14.53 14.97 18.69 19.64 18.32 16.79 16.13 15.18 15.33 13.87 15.11 13.21 14.82 20.08 16.79 14.09 11.97 11.10 10.15 9.34 9.93 9.64 8.10 8.10 8.25 9.05 8.69 7.74 6.64 7.52 6.86
11.75 11.75 11.97 12.63 12.41 12.92 12.70 11.61 14.53 15.18 14.24 13.87 12.92 13.07 14.97 16.43 15.84 13.43 11.17 11.90 12.48 10.00 7.15 6.64 7.81 8.98 8.98 10.00 10.00 10.00 10.15 10.95 11.68 10.44 8.32 8.40 8.91 8.47 9.13 9.34 7.23 5.84 6.57 7.66 8.25 9.78 10.07 9.27 9.20 10.66 12.26 12.26 14.16 14.53 14.97 18.69 19.64 18.32 16.79 16.13 15.18 15.33 13.87 15.11 13.21 14.82 20.08 16.79 14.09 11.97 11.10 10.15 9.34 9.93 9.64 8.10 8.10 8.25 9.05 8.69 7.74 6.64 7.52 6.86
12.05 12.05 12.12 13.07 12.48 12.70 13.36 14.02 15.40 16.64 14.16 14.60 15.33 14.60 14.67 16.06 14.82 13.65 12.99 13.65 12.05 9.78 7.88 6.86 8.25 10.15 10.15 8.61 10.00 10.95 11.90 11.61 11.61 9.42 9.05 9.05 9.71 10.07 10.15 9.56 8.10 7.74 8.91 7.23 7.96 8.47 8.83 8.54 8.54 9.34 11.10 11.10 11.75 14.16 14.31 12.63 13.65 14.53 13.87 9.56 6.72 4.67 1.10 1.53 0.00 0.00 11.68 7.30 11.46 10.37 9.64 10.80 10.44 10.44 9.93 9.42 9.42 10.07 10.15 7.15 7.23 9.49 9.56 7.59
15.11 15.11 13.14 14.82 13.94 12.56 14.02 16.06 16.86 16.86 17.30 18.25 18.98 17.67 17.67 16.72 14.31 15.11 15.11 14.82 13.65 10.44 10.66 9.56 8.61 8.98 8.98 9.05 8.83 9.20 10.07 13.36 14.45 14.97 14.31 11.10 9.86 9.93 9.78 7.45 6.13 6.35 5.84 5.62 6.57 7.96 9.42 9.27 8.47 9.13 10.07 10.07 10.29 11.61 12.56 12.26 11.02 9.49 8.18 4.09 2.19 9.78 13.72 8.61 0.00 0.00 0.00 3.65 8.76 9.49 8.83 10.29 11.61 14.67 14.38 12.78 12.78 11.24 9.71 8.25 7.59 8.76 8.47 6.42
14.82 14.82 17.16 18.10 18.40 18.69 18.61 20.00 21.39 22.12 20.08 17.96 19.86 20.00 18.25 15.55 15.11 17.74 17.37 14.45 11.68 12.78 13.65 13.21 12.85 10.59 10.59 9.27 9.05 12.70 14.67 15.77 15.77 16.64 14.97 3.29 8.61 11.46 11.61 10.51 10.73 10.29 8.83 9.20 9.71 9.56 10.22 10.22 10.66 10.95 10.95 10.95 12.12 17.52 19.71 18.61 17.16 14.38 13.58 11.68 9.20 13.65 15.26 14.97 10.00 0.00 2.56 2.56 3.50 2.92 4.74 6.79 7.74 9.42 11.83 11.61 11.61 10.88 9.42 6.35 8.83 7.96 8.91 8.83
17.67 17.67 19.42 21.75 23.94 22.19 21.75 21.17 20.44 21.46 22.05 21.24 21.46 20.51 17.52 14.75 15.70 16.13 15.48 14.24 16.06 15.99 17.16 14.75 13.07 12.48 12.48 11.53 11.32 14.02 14.31 10.59 4.45 2.19 1.83 4.53 12.05 18.40 18.61 18.18 17.23 16.94 16.06 14.89 14.60 13.65 14.53 15.91 17.01 18.40 16.86 16.86 13.72 15.33 19.05 19.27 18.10 17.52 18.40 18.47 16.94 16.43 16.94 18.18 17.30 12.19 7.88 9.93 11.24 7.59 5.40 9.13 8.91 8.83 7.81 8.69 8.69 10.15 11.17 10.95 10.88 10.37 10.00 8.83
15.70 15.70 15.62 16.57 18.76 18.76 17.45 16.13 14.97 13.43 14.31 13.65 13.29 13.43 12.70 12.56 15.91 19.20 20.37 20.29 18.25 17.37 17.59 14.09 9.56 12.48 12.48 17.67 18.03 16.72 13.65 10.51 8.47 7.37 8.10 16.06 17.52 19.20 18.61 18.18 17.52 16.94 16.43 16.06 15.77 16.72 16.21 16.50 17.89 15.84 8.83 8.83 5.55 10.07 17.37 17.01 15.48 14.09 14.24 17.08 15.26 14.24 12.41 15.11 13.21 12.78 14.02 13.94 14.53 11.61 12.19 12.56 11.90 11.53 12.19 12.85 12.85 13.14 11.02 9.56 11.32 11.61 10.88 10.95
15.70 15.70 15.62 16.57 18.76 18.76 17.45 16.13 14.97 13.43 14.31 13.65 13.29 13.43 12.70 12.56 15.91 19.20 20.37 20.29 18.25 17.37 17.59 14.09 9.56 12.48 12.48 17.67 18.03 16.72 13.65 10.51 8.47 7.37 8.10 16.06 17.52 19.20 18.61 18.18 17.52 16.94 16.43 16.06 15.77 16.72 16.21 16.50 17.89 15.84 8.83 8.83 5.55 10.07 17.37 17.01 15.48 14.09 14.24 17.08 15.26 14.24 12.41 15.11 13.21 12.78 14.02 13.94 14.53 11.61 12.19 12.56 11.90 11.53 12.19 12.85 12.85 13.14 11.02 9.56 11.32 11.61 10.88 10.95
11.68 11.68 7.08 8.03 10.80 7.74 6.35 4.96 3.07 2.70 3.14 2.34 0.00 6.28 10.66 14.02 11.32 10.51 10.29 0.00 7.01 0.95 9.78 11.61 4.89 11.97 11.97 17.81 17.96 16.21 17.96 20.29 21.39 21.17 21.24 21.83 20.00 17.81 15.91 17.52 19.49 19.27 18.69 19.05 20.08 21.53 21.32 21.24 21.68 18.25 12.78 12.78 13.51 16.72 16.35 15.55 15.91 14.31 11.02 12.05 11.24 11.97 12.41 12.99 13.14 13.21 15.77 15.99 15.84 12.92 11.68 12.63 11.61 9.49 10.22 12.26 12.26 13.14 13.21 12.99 14.02 14.60 10.44 7.88
0.00 0.00 1.97 2.56 1.17 0.00 0.00 0.00 0.00 0.00 0.00 0.00 0.58 0.95 0.37 0.00 0.00 0.00 0.00 0.00 0.00 0.00 0.00 5.99 3.29 5.55 5.55 15.04 18.32 18.25 20.00 21.75 23.51 21.90 20.22 19.13 18.47 17.37 17.67 18.32 18.25 18.98 20.95 20.29 22.56 25.26 24.82 23.87 23.00 19.78 17.45 17.45 15.18 15.04 16.86 18.40 18.83 18.76 15.70 14.53 14.82 13.80 15.40 15.99 16.13 17.37 20.81 19.71 15.91 14.53 14.45 14.16 13.14 11.39 8.91 6.13 6.13 8.18 11.75 12.05 12.70 13.51 11.17 9.64
0.00 0.00 0.00 0.00 0.00 0.00 0.00 0.00 0.00 0.00 0.00 0.00 0.00 0.00 0.00 0.00 0.00 0.00 0.00 0.00 0.00 0.00 0.00 0.00 0.00 3.36 3.36 8.54 16.72 23.51 24.53 23.73 22.63 21.46 19.56 18.03 19.27 21.61 22.34 21.61 20.73 22.19 22.92 21.32 20.22 20.51 20.88 20.15 19.56 18.98 17.81 17.81 17.01 17.96 19.05 20.22 21.90 21.75 19.71 18.61 19.93 16.50 21.39 20.51 20.88 19.86 22.19 21.68 19.05 18.18 15.91 15.18 17.45 17.45 16.79 13.29 13.29 8.18 4.53 7.15 12.05 14.60 13.65 12.70
0.00 0.00 0.00 0.00 0.00 0.00 0.00 0.00 0.00 0.00 0.00 0.00 0.00 0.00 0.00 0.00 0.00 0.00 0.00 0.00 0.00 0.00 0.00 0.00 0.00 9.78 9.78 14.97 26.65 28.76 26.65 27.89 26.79 26.43 24.09 23.73 24.89 25.77 26.43 26.06 24.89 25.99 25.99 24.45 20.88 20.81 20.22 18.98 17.01 17.16 19.86 19.86 20.81 21.83 19.20 18.54 19.71 19.42 20.08 21.46 22.34 19.42 20.51 22.34 21.61 19.13 17.59 17.52 17.08 17.59 18.83 19.42 19.64 19.35 18.47 17.52 17.52 13.80 8.03 7.01 11.75 17.37 21.24 21.24
0.00 0.00 0.00 0.00 0.00 0.00 0.00 0.00 0.00 0.00 0.00 0.00 0.00 0.00 0.00 0.00 0.00 0.00 0.00 0.00 0.00 0.00 0.00 4.02 12.99 23.36 23.36 26.72 27.81 17.89 15.33 17.74 21.83 27.38 30.51 30.15 27.67 24.09 25.55 26.86 22.12 19.93 20.44 24.09 26.57 22.78 14.24 11.32 13.72 14.09 16.64 16.64 18.54 19.27 19.42 20.95 21.32 21.75 20.37 19.20 19.86 19.86 20.29 18.91 18.91 17.89 16.50 15.55 16.43 17.67 18.54 19.27 20.66 19.71 17.74 16.86 16.86 16.72 15.70 14.09 16.94 20.15 22.63 23.36
0.00 0.00 0.00 0.00 0.00 0.00 0.00 0.00 0.00 0.00 0.00 0.00 0.00 0.00 0.00 0.00 0.00 0.00 0.00 0.00 0.00 0.00 0.00 4.02 12.99 23.36 23.36 26.72 27.81 17.89 15.33 17.74 21.83 27.38 30.51 30.15 27.67 24.09 25.55 26.86 22.12 19.93 20.44 24.09 26.57 22.78 14.24 11.32 13.72 14.09 16.64 16.64 18.54 19.27 19.42 20.95 21.32 21.75 20.37 19.20 19.86 19.86 20.29 18.91 18.91 17.89 16.50 15.55 16.43 17.67 18.54 19.27 20.66 19.71 17.74 16.86 16.86 16.72 15.70 14.09 16.94 20.15 22.63 23.36
0.00 0.00 0.00 0.00 0.00 0.00 0.00 0.00 0.00 0.00 0.00 0.00 0.00 0.00 0.00 0.00 0.00 0.00 0.00 0.00 0.00 0.00 0.00 11.17 23.29 31.61 31.61 26.94 10.37 0.00 0.00 0.00 0.37 4.74 7.81 6.86 3.21 2.99 9.49 13.51 15.40 17.45 18.47 22.12 25.70 19.93 16.13 17.37 16.79 15.77 15.48 15.48 15.33 17.08 19.49 22.56 22.85 22.63 22.92 21.46 19.93 20.44 20.81 17.74 18.54 20.88 21.24 21.75 22.05 22.05 22.70 23.29 23.94 24.45 23.21 20.95 20.95 20.51 17.52 17.45 18.61 19.86 20.73 19.64
0.00 0.00 0.00 0.00 0.00 0.00 0.00 0.00 0.00 0.00 0.00 0.00 0.00 0.00 0.00 0.00 0.00 0.00 0.00 0.00 0.00 0.00 0.00 4.31 19.20 28.62 28.62 22.34 5.99 0.00 0.00 0.00 0.00 0.00 0.00 0.00 0.00 0.00 0.00 6.20 17.01 27.01 29.78 29.13 27.01 22.92 19.56 18.40 17.81 18.03 19.13 19.13 18.18 19.20 21.46 23.00 26.72 28.69 29.05 29.86 22.85 22.92 20.88 23.58 23.58 24.16 25.92 25.70 25.99 25.92 26.65 25.92 27.81 28.62 28.18 26.35 26.35 23.36 19.35 17.67 17.74 18.32 20.22 20.00
0.00 0.00 0.00 0.00 0.00 0.00 0.00 0.00 0.00 0.00 0.00 0.00 0.00 0.00 0.00 0.00 0.00 0.00 0.00 0.00 0.00 0.00 0.00 0.00 0.22 7.96 7.96 3.87 0.00 0.00 0.00 0.00 0.00 0.00 0.00 0.00 0.00 0.00 0.00 0.00 9.78 16.35 22.48 27.01 25.92 24.31 23.29 23.80 20.15 16.72 16.64 16.64 21.17 23.43 25.40 29.05 28.32 24.45 26.57 23.87 26.57 27.59 26.43 23.07 19.35 19.93 24.38 24.75 25.84 28.54 27.96 25.55 26.06 27.67 28.03 29.42 29.42 25.55 21.61 19.78 18.40 18.25 18.10 20.00
0.00 0.00 0.00 0.00 0.00 0.00 0.00 0.00 0.00 0.00 0.00 0.00 0.00 0.00 0.00 0.00 0.00 0.00 0.00 0.00 0.00 0.00 0.00 0.00 0.00 0.00 0.00 0.00 0.00 0.00 0.00 0.00 0.00 0.00 0.00 0.00 0.00 0.00 0.00 0.00 0.00 3.65 15.26 25.99 30.30 29.86 28.03 25.33 24.09 20.00 17.01 17.01 22.78 26.86 26.65 26.50 25.11 22.41 18.54 22.34 21.24 20.51 17.16 5.55 3.36 10.37 13.43 10.59 17.59 17.45 14.09 16.35 19.93 24.02 27.59 31.10 31.10 30.95 26.86 24.60 23.58 24.38 26.35 33.14
0.00 0.00 0.00 0.00 0.00 0.00 0.00 0.00 0.00 0.00 0.00 0.00 0.00 0.00 0.00 0.00 0.00 0.00 0.00 0.00 0.00 0.00 0.00 0.00 0.00 0.00 0.00 0.00 0.00 0.00 0.00 0.00 0.00 0.00 0.00 0.00 0.00 0.00 0.00 0.00 0.00 8.76 23.21 29.71 26.06 18.91 19.42 24.97 25.99 25.99 26.94 26.94 25.48 22.05 17.74 16.86 14.82 14.89 5.69 6.13 3.72 5.26 4.82 0.00 0.00 1.10 2.04 0.29 1.68 3.36 6.50 13.21 15.77 16.13 17.52 19.64 19.64 25.77 24.38 24.09 23.36 22.12 23.87 28.18
0.00 0.00 0.00 0.00 0.00 0.00 0.00 0.00 0.00 0.00 0.00 0.00 0.00 0.00 0.00 0.00 0.00 0.00 0.00 0.00 0.00 0.00 0.00 0.00 0.00 0.00 0.00 0.00 0.00 0.00 0.00 0.00 0.00 0.00 0.00 0.00 0.00 0.00 0.00 0.00 0.00 2.04 4.82 7.37 10.22 13.36 20.15 28.11 30.95 28.69 24.60 24.60 17.16 15.18 13.51 7.59 4.31 0.00 11.17 10.66 9.20 1.10 0.00 0.00 0.00 1.53 2.92 4.38 7.45 12.34 15.33 17.01 17.16 16.21 12.56 12.99 12.99 14.97 10.37 7.96 6.20 5.40 4.82 7.66
0.00 0.00 0.00 0.00 0.00 0.00 0.00 0.00 0.00 0.00 0.00 0.00 0.00 0.00 0.00 0.00 0.00 0.00 0.00 0.00 0.00 0.00 0.00 0.00 0.00 0.00 0.00 0.00 0.00 0.00 0.00 0.00 0.00 0.00 0.00 0.00 0.00 0.00 0.00 0.00 0.00 2.04 4.82 7.37 10.22 13.36 20.15 28.11 30.95 28.69 24.60 24.60 17.16 15.18 13.51 7.59 4.31 0.00 11.17 10.66 9.20 1.10 0.00 0.00 0.00 1.53 2.92 4.38 7.45 12.34 15.33 17.01 17.16 16.21 12.56 12.99 12.99 14.97 10.37 7.96 6.20 5.40 4.82 7.66
0.00 0.00 0.00 0.00 0.00 0.00 0.00 0.00 0.00 0.00 0.00 0.00 0.00 0.00 0.00 0.00 0.00 0.00 0.00 0.00 0.00 0.00 0.00 0.00 0.00 0.00 0.00 0.00 0.00 0.00 0.00 0.00 0.00 0.00 0.00 0.00 0.00 0.00 0.00 0.00 0.00 0.00 0.00 0.00 0.00 0.00 6.20 15.33 20.29 20.81 22.34 22.34 22.27 20.81 19.78 14.02 9.13 20.44 19.13 8.54 3.14 0.00 0.00 0.00 0.95 1.39 0.80 1.68 8.10 11.53 16.86 14.24 8.69 10.29 8.91 5.55 5.55 0.66 0.00 0.00 0.00 0.00 0.00 0.00
