Wansh/reverse/1990104.txt
ncols 321
nrows 161
xllcenter 60
yllcenter 15 
cellsize  0.25 
NODATA_value -1
[rows 0 to 36 of 161, columns 84 to 167 of 321]
0.00 0.00 0.00 0.00 0.00 0.00 0.00 0.00 0.00 0.00 0.00 0.00 20.15 20.00 19.71 20.37 17.96 18.10 18.10 19.20 19.78 18.25 12.41 7.45 3.94 2.41 1.24 1.31 1.97 4.02 7.37 11.39 12.12 9.78 5.62 3.65 5.11 5.04 4.60 0.00 4.53 8.47 11.46 11.46 11.75 11.02 8.03 5.62 5.91 10.88 14.53 13.94 11.68 9.42 7.96 11.24 12.92 13.87 14.16 8.03 4.96 4.67 3.80 2.92 1.61 2.04 0.00 0.00 0.00 6.13 8.98 12.19 11.68 11.53 10.51 8.61 7.74 13.07 16.72 16.50 13.14 10.15 8.83 8.98
0.00 0.00 0.00 0.00 0.00 0.00 0.00 0.00 0.00 0.00 0.00 14.31 14.16 15.18 14.24 14.60 17.37 18.98 18.98 18.91 18.54 18.32 15.77 11.10 5.99 4.09 3.07 2.34 2.99 2.12 3.94 8.32 11.97 8.98 3.87 0.00 0.00 0.00 0.00 0.00 9.42 13.21 14.53 14.53 8.32 5.11 5.48 5.26 4.09 4.09 4.53 7.30 7.15 6.42 7.23 9.56 10.59 9.42 8.32 6.79 4.82 5.18 6.64 5.69 4.96 4.38 0.00 6.42 6.42 9.42 11.10 12.63 11.90 11.53 12.48 15.84 17.67 16.64 16.79 16.28 14.02 13.72 12.85 13.29
0.00 0.00 0.00 0.00 0.00 0.00 0.00 0.00 0.00 0.00 17.59 14.67 12.85 9.86 7.30 4.53 7.52 11.90 11.90 14.53 15.70 17.01 17.08 13.65 6.79 3.58 2.99 2.12 2.19 3.36 4.38 6.94 10.15 9.05 7.45 4.89 2.99 2.41 3.50 6.64 9.78 13.43 17.59 17.59 17.30 13.58 7.45 8.47 3.87 3.58 3.29 2.04 3.65 4.60 6.57 10.00 11.46 11.90 13.94 14.89 14.24 14.89 13.94 12.70 13.72 9.78 11.46 12.48 12.48 14.89 13.51 11.97 10.66 13.29 15.48 17.16 19.27 17.96 15.84 17.45 19.13 18.61 18.03 18.32
0.00 0.00 0.00 0.00 0.00 0.00 0.00 0.00 0.00 0.00 17.59 14.67 12.85 9.86 7.30 4.53 7.52 11.90 11.90 14.53 15.70 17.01 17.08 13.65 6.79 3.58 2.99 2.12 2.19 3.36 4.38 6.94 10.15 9.05 7.45 4.89 2.99 2.41 3.50 6.64 9.78 13.43 17.59 17.59 17.30 13.58 7.45 8.47 3.87 3.58 3.29 2.04 3.65 4.60 6.57 10.00 11.46 11.90 13.94 14.89 14.24 14.89 13.94 12.70 13.72 9.78 11.46 12.48 12.48 14.89 13.51 11.97 10.66 13.29 15.48 17.16 19.27 17.96 15.84 17.45 19.13 18.61 18.03 18.32
0.00 0.00 0.00 0.00 0.00 0.00 0.00 0.00 0.00 15.91 16.13 15.18 13.58 13.65 10.73 6.64 4.38 2.70 2.70 2.63 6.57 9.34 14.97 20.44 16.94 8.69 3.72 2.77 3.43 4.45 4.53 4.16 5.55 8.47 13.29 14.53 13.80 13.14 8.98 4.60 0.00 0.00 0.00 0.00 7.52 16.64 16.35 15.33 12.19 8.69 5.04 4.09 5.04 4.45 3.29 4.09 5.55 6.06 6.28 8.91 10.59 12.78 13.36 12.12 14.89 14.24 12.99 13.87 13.87 14.45 13.72 11.90 12.41 16.13 18.25 22.41 22.92 23.51 21.53 20.22 18.61 17.45 15.18 16.72
0.00 0.00 0.00 0.00 0.00 0.00 0.00 0.00 7.66 11.17 13.65 15.62 14.82 14.24 15.18 15.77 13.07 9.05 9.05 4.16 0.88 0.58 5.91 15.04 19.35 15.04 10.00 7.59 7.59 5.55 3.21 4.09 5.26 7.01 10.80 12.85 9.93 6.50 0.00 0.00 0.00 0.00 0.00 0.00 0.00 1.17 7.74 13.94 15.91 14.02 6.20 4.45 4.38 4.89 3.72 2.70 3.29 4.82 5.69 7.59 8.83 10.37 13.21 14.38 14.97 16.35 16.64 12.78 12.78 12.48 12.70 12.78 13.07 11.83 10.22 11.53 13.80 14.38 15.18 17.81 17.52 18.69 18.25 17.23
0.00 0.00 0.00 0.00 0.00 0.00 0.00 12.78 10.80 11.61 12.70 13.36 14.09 11.02 10.51 14.16 17.01 16.86 16.86 14.89 11.17 3.94 0.66 5.04 10.51 9.56 3.50 3.94 4.31 4.23 2.85 2.99 4.96 6.35 7.59 8.03 6.86 0.00 0.00 0.00 0.00 0.00 0.00 0.00 0.00 5.48 9.71 12.85 14.09 10.59 7.52 6.42 5.11 4.60 5.55 5.77 5.77 7.01 8.32 8.54 10.00 12.85 15.33 16.57 15.99 16.72 15.77 14.24 14.24 13.65 11.90 13.36 15.40 14.02 12.63 12.26 10.66 8.83 8.10 10.29 14.31 18.61 18.83 18.54
0.00 0.00 0.00 0.00 0.00 0.00 0.00 12.78 10.80 11.61 12.70 13.36 14.09 11.02 10.51 14.16 17.01 16.86 16.86 14.89 11.17 3.94 0.66 5.04 10.51 9.56 3.50 3.94 4.31 4.23 2.85 2.99 4.96 6.35 7.59 8.03 6.86 0.00 0.00 0.00 0.00 0.00 0.00 0.00 0.00 5.48 9.71 12.85 14.09 10.59 7.52 6.42 5.11 4.60 5.55 5.77 5.77 7.01 8.32 8.54 10.00 12.85 15.33 16.57 15.99 16.72 15.77 14.24 14.24 13.65 11.90 13.36 15.40 14.02 12.63 12.26 10.66 8.83 8.10 10.29 14.31 18.61 18.83 18.54
0.00 0.00 0.00 0.00 0.00 0.00 10.66 10.66 11.39 13.07 11.83 3.65 2.34 6.57 8.98 10.59 14.31 17.01 17.01 17.74 17.37 12.99 7.01 3.87 4.23 4.23 3.58 3.07 3.14 3.07 3.65 3.29 2.92 5.26 9.78 11.10 6.79 5.91 8.47 9.78 10.07 10.00 9.34 9.34 8.98 10.00 8.10 9.27 9.93 8.32 4.53 4.09 4.16 5.04 5.48 5.26 5.55 7.81 9.49 10.66 11.90 15.26 9.64 11.32 13.72 17.30 15.48 14.31 14.31 13.36 14.97 14.97 15.84 14.45 13.36 13.29 12.19 11.53 10.00 9.13 8.69 11.39 14.82 17.01
0.00 0.00 0.00 0.00 0.00 8.91 11.39 12.85 17.37 17.81 10.80 2.99 0.15 6.06 11.75 13.29 14.31 16.72 16.72 18.25 20.08 18.91 10.44 3.94 2.12 2.56 4.45 3.58 3.87 4.60 4.82 3.87 4.60 10.15 13.94 11.46 9.49 9.71 8.91 6.28 6.13 10.07 5.91 5.91 5.55 5.04 3.72 2.41 5.91 6.72 7.74 9.56 9.78 7.45 9.34 9.27 10.15 9.86 8.91 7.59 8.40 10.88 9.42 9.34 10.29 12.12 10.95 9.42 9.42 10.51 9.64 12.41 13.87 11.90 10.51 11.24 12.34 16.57 17.08 14.75 11.90 9.56 9.93 11.17
0.00 0.00 0.00 0.00 11.97 14.16 16.06 16.64 17.16 17.45 2.99 0.37 2.12 2.48 3.72 3.29 4.31 4.74 4.74 12.19 15.04 13.07 7.88 1.24 0.00 2.12 2.99 4.02 4.31 4.74 4.38 4.16 6.28 8.76 8.61 8.76 12.26 9.93 4.38 3.50 3.43 6.13 6.86 6.86 7.08 7.15 7.59 9.05 10.15 10.37 10.88 12.12 13.51 12.05 11.02 12.12 13.94 13.58 12.05 12.05 12.34 11.75 10.29 10.29 11.53 13.58 13.58 16.13 16.13 15.55 13.58 12.41 14.53 13.80 10.73 12.63 16.06 18.69 18.54 15.84 12.12 11.75 10.88 9.56
0.00 0.00 0.00 0.00 11.97 14.16 16.06 16.64 17.16 17.45 2.99 0.37 2.12 2.48 3.72 3.29 4.31 4.74 4.74 12.19 15.04 13.07 7.88 1.24 0.00 2.12 2.99 4.02 4.31 4.74 4.38 4.16 6.28 8.76 8.61 8.76 12.26 9.93 4.38 3.50 3.43 6.13 6.86 6.86 7.08 7.15 7.59 9.05 10.15 10.37 10.88 12.12 13.51 12.05 11.02 12.12 13.94 13.58 12.05 12.05 12.34 11.75 10.29 10.29 11.53 13.58 13.58 16.13 16.13 15.55 13.58 12.41 14.53 13.80 10.73 12.63 16.06 18.69 18.54 15.84 12.12 11.75 10.88 9.56
0.00 0.00 0.00 0.00 15.18 13.36 10.07 0.58 0.66 1.46 0.00 0.00 0.00 0.00 0.00 2.92 7.15 12.12 12.12 17.45 20.15 14.82 4.96 2.19 2.85 4.02 3.21 1.17 1.31 3.58 3.80 2.41 1.83 4.09 5.55 8.54 11.17 10.37 5.62 4.67 11.53 11.90 11.53 11.53 10.44 8.54 8.47 11.24 13.29 14.97 18.32 20.66 18.83 13.43 11.61 13.80 16.50 18.18 17.45 15.40 15.62 10.07 9.93 11.02 11.02 9.64 11.24 11.83 11.83 13.43 14.60 14.67 14.53 14.38 14.31 14.31 16.28 19.27 19.35 15.84 13.43 13.51 14.67 15.62
0.00 0.00 0.00 14.89 11.17 3.50 0.00 0.00 0.00 0.00 2.12 5.11 6.79 9.05 8.61 8.91 13.72 15.84 15.84 12.41 10.80 7.88 4.96 3.21 3.72 3.72 3.29 2.41 2.99 3.65 5.26 6.79 8.25 10.00 10.07 11.90 14.60 14.67 9.42 13.43 13.51 11.90 9.05 9.05 7.96 9.71 11.46 13.07 13.72 13.58 16.86 13.36 10.59 7.96 7.23 10.22 14.24 15.33 14.45 14.09 14.45 12.70 12.05 13.65 12.63 11.17 12.05 12.99 12.99 13.14 14.82 14.82 14.31 16.13 15.70 15.77 16.21 16.43 17.01 15.62 13.14 10.66 10.51 11.68
0.00 0.00 12.12 12.41 10.88 5.18 6.42 5.04 7.45 9.34 10.00 9.42 9.49 15.11 16.86 17.01 14.60 12.26 12.26 8.76 6.42 5.69 5.40 5.40 4.45 4.38 6.28 8.61 9.34 10.22 12.26 15.04 16.57 14.82 14.45 13.07 12.05 13.65 10.80 10.15 9.34 7.15 6.35 6.35 4.23 5.33 7.59 9.78 11.90 11.83 10.66 6.86 3.80 0.00 0.00 3.07 10.95 14.02 11.83 10.44 8.76 11.39 15.99 15.70 14.89 16.57 12.70 11.02 11.02 12.78 16.06 17.52 16.35 13.65 11.24 11.68 8.47 0.00 0.00 6.28 10.07 9.78 8.32 10.22
0.00 8.54 10.44 10.51 9.64 5.40 3.36 6.28 10.59 9.86 9.42 9.42 10.29 11.61 12.99 13.43 11.90 10.88 10.88 9.71 7.88 7.37 8.98 11.32 11.24 8.98 9.56 8.98 11.75 15.33 17.52 18.25 15.99 11.24 11.24 7.66 6.64 6.64 4.09 6.79 7.96 9.13 11.83 11.83 11.90 10.88 11.53 11.24 11.46 12.19 14.53 11.61 13.07 15.18 14.82 12.78 15.11 16.57 10.66 7.45 4.02 4.74 5.33 5.69 8.40 11.17 14.53 12.70 12.70 11.97 13.65 16.28 17.23 18.98 18.76 12.70 5.69 0.00 0.00 8.76 16.06 14.45 11.83 14.24
0.00 8.54 10.44 10.51 9.64 5.40 3.36 6.28 10.59 9.86 9.42 9.42 10.29 11.61 12.99 13.43 11.90 10.88 10.88 9.71 7.88 7.37 8.98 11.32 11.24 8.98 9.56 8.98 11.75 15.33 17.52 18.25 15.99 11.24 11.24 7.66 6.64 6.64 4.09 6.79 7.96 9.13 11.83 11.83 11.90 10.88 11.53 11.24 11.46 12.19 14.53 11.61 13.07 15.18 14.82 12.78 15.11 16.57 10.66 7.45 4.02 4.74 5.33 5.69 8.40 11.17 14.53 12.70 12.70 11.97 13.65 16.28 17.23 18.98 18.76 12.70 5.69 0.00 0.00 8.76 16.06 14.45 11.83 14.24
7.01 7.66 8.54 8.47 9.56 7.52 0.00 0.00 1.68 4.60 6.20 8.32 9.78 11.68 11.46 11.17 11.97 11.46 11.46 10.29 7.74 7.23 7.59 7.66 10.44 11.39 10.15 9.42 9.56 13.21 14.89 15.91 12.48 11.75 8.47 3.87 3.14 3.14 5.55 11.32 14.53 14.82 13.21 13.21 12.34 11.17 11.02 8.47 9.13 10.37 11.83 11.61 12.12 14.97 14.53 13.58 12.19 9.93 7.96 8.98 8.25 9.78 8.25 7.23 7.74 11.97 11.75 13.58 13.58 15.11 16.06 14.45 16.43 22.12 25.33 16.94 5.77 0.00 2.41 7.74 8.32 6.42 5.48 5.91
10.37 11.83 10.37 10.29 9.78 6.13 1.39 0.00 0.00 2.34 3.87 5.40 9.20 12.63 14.24 15.40 16.28 13.72 13.72 10.37 9.20 6.28 5.33 6.50 9.86 11.83 11.39 10.44 11.90 14.60 15.84 16.94 19.13 18.47 14.97 6.06 7.08 9.27 7.96 11.97 14.16 11.83 9.34 9.34 6.28 10.51 16.72 17.16 13.87 7.81 6.86 11.53 11.75 16.79 18.25 14.16 12.34 11.46 12.05 15.77 16.35 15.84 14.89 10.51 9.27 12.56 12.34 14.53 14.53 19.71 18.91 17.52 18.91 18.91 14.60 7.45 0.00 0.00 0.66 2.19 0.95 1.97 1.31 1.24
7.59 11.83 12.34 10.95 12.92 12.92 8.18 6.13 4.31 6.06 8.32 8.18 8.10 10.66 13.65 15.18 15.48 17.08 17.08 18.18 16.64 10.59 6.94 5.91 6.57 9.20 11.53 10.73 10.73 10.44 14.24 19.20 19.13 16.13 16.06 13.51 10.73 6.86 5.55 5.48 5.84 6.86 5.40 5.40 4.60 18.61 39.71 43.44 38.62 34.46 33.65 35.48 35.70 31.24 31.03 27.89 22.27 17.74 16.50 16.72 21.90 23.36 21.75 15.04 13.21 11.75 15.77 21.83 21.83 18.76 13.87 11.46 9.86 8.98 5.55 0.00 0.00 0.66 1.10 0.73 1.31 2.19 1.53 1.31
10.07 11.24 9.56 10.15 12.34 12.48 12.26 11.61 8.91 6.79 8.83 7.66 8.61 9.78 8.25 6.86 8.25 12.12 12.12 14.24 13.94 11.53 10.22 8.76 8.83 11.53 11.24 11.17 7.74 6.79 7.52 8.18 8.91 11.68 12.12 7.15 5.77 4.82 0.00 0.00 3.58 4.38 7.08 7.08 9.27 21.17 31.17 38.25 39.35 35.99 31.46 34.75 36.43 32.05 30.15 29.42 27.30 21.17 14.24 15.40 20.66 21.61 19.13 17.30 16.79 19.56 21.32 19.42 19.42 12.26 5.48 2.19 0.00 0.00 0.00 0.00 0.58 0.15 2.04 2.41 1.46 0.00 2.92 2.04
13.43 12.63 11.02 12.63 10.88 7.15 11.02 15.55 17.52 20.15 21.17 22.48 22.48 19.86 14.02 8.40 7.23 7.74 7.74 9.49 11.32 11.75 11.97 12.12 14.02 17.30 17.74 15.18 11.90 8.32 3.72 0.00 0.00 6.13 9.78 6.42 2.92 0.00 0.00 4.31 4.45 4.16 3.07 3.07 3.29 5.48 7.01 8.61 16.21 17.37 18.98 24.09 28.32 31.61 31.97 27.52 20.37 16.13 14.97 16.79 21.75 22.70 24.45 21.10 20.95 17.81 14.31 13.29 13.29 8.25 0.00 0.00 0.00 0.00 0.00 0.00 0.00 0.00 0.00 0.00 0.00 0.00 0.00 2.19
13.43 12.63 11.02 12.63 10.88 7.15 11.02 15.55 17.52 20.15 21.17 22.48 22.48 19.86 14.02 8.40 7.23 7.74 7.74 9.49 11.32 11.75 11.97 12.12 14.02 17.30 17.74 15.18 11.90 8.32 3.72 0.00 0.00 6.13 9.78 6.42 2.92 0.00 0.00 4.31 4.45 4.16 3.07 3.07 3.29 5.48 7.01 8.61 16.21 17.37 18.98 24.09 28.32 31.61 31.97 27.52 20.37 16.13 14.97 16.79 21.75 22.70 24.45 21.10 20.95 17.81 14.31 13.29 13.29 8.25 0.00 0.00 0.00 0.00 0.00 0.00 0.00 0.00 0.00 0.00 0.00 0.00 0.00 2.19
8.91 9.71 8.10 9.93 11.02 10.15 9.49 12.92 16.28 21.10 25.33 28.25 29.42 29.64 26.43 20.73 17.81 15.62 15.62 13.58 13.14 14.38 13.80 14.82 19.05 22.92 22.63 21.17 17.52 12.05 5.62 3.87 0.00 0.00 3.94 3.80 1.90 0.00 0.00 2.41 1.97 2.63 1.97 1.97 0.00 0.00 0.00 1.61 2.56 1.90 2.63 2.99 4.74 8.98 11.97 13.07 12.34 0.00 3.94 11.90 17.01 14.82 20.22 20.73 21.17 16.35 8.91 5.48 5.48 9.27 8.91 7.37 4.82 0.00 0.00 3.43 0.00 0.00 0.00 0.00 0.00 0.00 0.00 0.00
5.40 7.01 4.45 7.30 10.88 11.97 17.89 22.63 24.75 27.01 27.89 28.40 27.52 25.04 21.90 18.61 16.06 16.06 16.06 14.67 15.48 17.45 17.52 16.91 17.61 21.38 16.81 15.84 13.72 8.10 5.18 4.31 3.43 0.00 0.00 0.00 0.00 0.00 0.00 0.00 0.00 0.00 0.00 0.00 0.00 0.00 0.00 0.00 0.00 0.00 0.00 0.00 2.04 2.77 3.14 2.56 3.87 0.00 0.00 0.00 4.60 5.48 13.07 23.29 21.97 17.37 10.59 8.54 8.54 12.48 15.04 12.26 8.32 7.30 4.45 0.00 0.00 0.00 0.00 0.00 0.00 0.00 0.00 0.00
12.34 15.55 17.08 16.35 17.67 20.88 26.79 31.32 33.73 33.07 30.22 28.91 23.36 16.28 16.13 17.89 17.08 17.37 17.37 18.76 19.42 22.12 25.55 23.17 21.25 17.80 14.99 17.16 23.00 22.12 15.84 9.49 6.79 3.94 3.29 0.00 0.00 0.00 0.00 3.21 0.00 0.00 0.00 0.00 0.00 0.00 0.51 1.02 0.44 0.00 0.00 0.00 0.00 0.00 0.00 0.00 0.00 0.00 0.00 0.00 4.09 0.00 7.74 8.10 6.06 6.06 5.99 5.04 5.04 4.89 8.40 7.15 6.35 5.69 3.87 0.00 0.00 0.00 0.00 0.00 0.00 0.00 0.00 0.00
19.56 19.86 24.09 25.99 24.45 26.57 27.89 26.43 25.26 22.05 19.27 17.08 11.61 7.15 9.34 22.85 25.77 28.03 28.03 26.28 22.70 24.09 28.00 25.06 21.18 20.12 20.24 18.36 20.70 22.27 19.13 12.48 10.88 5.91 4.60 0.00 4.23 0.00 0.00 3.80 0.00 0.00 0.00 0.00 0.00 0.00 0.00 0.37 0.00 0.00 0.00 0.00 0.00 0.00 0.00 0.00 0.00 0.00 0.00 0.00 0.00 0.00 0.00 0.00 0.00 0.00 3.14 7.30 7.30 6.57 4.82 2.92 3.36 3.58 3.65 4.31 5.04 0.00 0.00 0.00 0.00 0.00 0.00 0.00
18.32 17.74 19.71 22.48 24.89 28.47 26.94 19.64 15.99 10.07 7.37 5.62 2.19 2.12 6.20 10.95 12.78 11.53 11.53 9.10 7.08 8.45 14.00 19.49 23.86 23.80 25.21 23.65 23.12 21.38 18.42 19.71 19.35 13.72 9.42 11.75 7.66 4.31 2.85 2.48 2.34 0.00 0.00 0.00 0.00 0.00 0.00 0.00 0.00 0.51 0.00 0.00 0.00 0.00 0.00 0.00 0.00 0.00 0.00 0.00 0.00 0.00 0.00 7.45 5.33 5.26 10.07 13.87 13.87 14.53 12.12 9.93 8.25 7.74 7.52 7.37 7.08 0.00 0.00 0.00 0.00 0.00 0.00 0.00
18.32 17.74 19.71 22.48 24.89 28.47 26.94 19.64 15.99 10.07 7.37 5.62 2.19 2.12 6.20 10.95 12.78 11.53 11.59 9.39 7.19 9.05 13.65 19.99 23.51 23.80 24.45 21.97 21.61 21.71 18.60 20.53 21.74 14.52 9.66 11.75 7.66 4.31 2.85 2.48 2.34 0.00 0.00 0.00 0.00 0.00 0.00 0.00 0.00 0.51 0.00 0.00 0.00 0.00 0.00 0.00 0.00 0.00 0.00 0.00 0.00 0.00 0.00 7.45 5.33 5.26 10.07 13.87 13.87 14.53 12.12 9.93 8.25 7.74 7.52 7.37 7.08 0.00 0.00 0.00 0.00 0.00 0.00 0.00
13.14 15.55 13.36 15.40 24.89 31.17 28.98 24.24 16.94 8.91 1.75 0.00 0.00 0.00 0.00 0.00 3.36 3.43 3.43 0.00 0.00 0.00 0.00 0.00 10.11 16.30 25.59 28.61 25.55 23.55 22.12 20.50 22.58 25.02 22.05 16.11 11.95 8.03 6.06 4.67 1.90 0.00 0.00 0.00 0.00 0.00 0.00 0.00 0.00 0.00 0.00 0.00 0.00 0.00 0.00 0.00 0.00 0.00 0.00 0.00 0.00 0.00 4.45 9.13 12.78 13.07 12.63 15.55 15.55 14.09 7.23 4.89 4.74 4.02 6.06 5.26 3.58 0.00 0.00 0.00 0.00 0.00 0.00 0.00
16.13 12.70 7.52 4.16 7.37 13.43 27.16 37.81 33.80 27.81 24.82 18.69 9.56 3.43 4.82 14.89 21.53 16.86 16.86 7.04 0.00 0.00 0.00 0.00 0.00 0.00 5.84 12.10 15.79 20.50 25.26 23.65 20.88 22.75 23.33 20.76 16.30 13.79 9.34 5.84 3.72 0.00 0.00 0.00 0.00 0.00 0.00 0.00 0.00 0.00 0.00 0.00 0.00 0.00 0.00 0.00 0.00 0.00 0.00 0.00 0.00 0.00 0.00 10.22 15.62 14.53 10.37 11.39 11.39 10.00 6.86 6.42 5.62 5.33 7.45 5.77 3.58 0.00 0.00 0.00 0.00 0.00 0.00 0.00
21.39 19.05 15.33 12.78 7.66 4.53 7.96 14.31 14.97 15.84 18.83 19.27 11.17 5.26 5.69 17.59 23.14 17.89 17.89 6.72 0.00 0.00 2.41 0.00 0.00 0.00 0.00 0.00 0.00 4.99 12.12 19.49 26.35 28.69 24.13 21.82 19.65 15.11 13.43 15.77 11.32 6.86 2.77 2.77 1.68 0.00 0.00 0.00 0.00 0.00 0.00 0.00 0.00 0.00 0.00 0.00 0.00 0.00 0.00 0.00 0.00 0.00 0.00 10.59 12.63 11.39 7.01 6.86 6.86 8.47 0.00 2.63 0.00 3.36 3.58 4.31 4.23 3.87 4.16 4.23 3.65 0.00 0.00 0.00
13.65 18.69 14.97 16.57 20.29 18.98 20.22 24.31 21.17 14.89 8.76 7.81 8.25 7.88 9.64 10.88 7.96 4.82 4.82 4.31 3.14 0.00 2.04 2.12 0.00 0.00 0.00 0.00 0.00 0.00 0.00 6.79 11.97 19.05 24.53 28.32 25.42 20.73 18.62 17.33 15.62 12.41 5.77 5.77 3.50 0.00 0.00 0.00 0.58 0.00 0.00 0.00 0.00 0.00 0.00 0.00 0.00 0.00 0.00 0.00 0.00 0.00 0.00 0.00 3.80 0.00 0.00 4.74 4.74 3.36 0.00 0.00 0.00 0.00 0.00 0.00 4.16 3.87 4.23 4.74 7.23 7.08 5.04 0.00
0.00 0.00 0.00 0.00 0.00 7.23 10.29 9.42 9.59 13.29 11.61 14.82 22.34 19.71 13.58 8.76 4.96 2.70 2.70 3.65 3.29 0.00 0.00 0.00 0.00 0.00 0.00 0.00 0.00 0.00 0.00 0.00 2.26 3.72 14.31 27.81 28.84 24.02 21.27 16.85 13.65 13.14 10.44 10.44 5.99 0.00 4.45 3.50 0.00 0.00 0.00 0.88 0.80 0.00 0.00 0.00 0.00 0.00 2.41 0.00 0.00 0.00 0.00 0.00 0.00 0.00 0.00 3.21 3.21 0.00 0.00 0.00 0.00 0.00 0.00 0.00 1.17 1.31 2.63 2.77 3.58 4.67 3.94 3.72
0.00 0.00 0.00 0.00 0.00 0.00 0.00 0.00 0.00 0.00 1.75 8.03 13.72 11.90 6.86 0.00 0.00 0.00 0.00 0.00 0.00 0.00 0.00 0.00 0.00 0.00 0.00 0.00 0.00 0.00 0.00 0.00 0.00 0.00 5.18 11.53 15.84 17.84 17.74 18.18 15.78 15.18 15.91 15.91 9.13 6.64 6.28 5.55 6.50 0.00 4.16 4.67 0.00 0.00 0.00 0.00 0.00 0.00 2.77 0.00 0.00 0.00 0.00 0.00 0.00 0.00 0.00 2.19 2.19 0.00 0.00 0.00 0.00 0.66 1.17 0.00 0.00 0.00 1.46 1.75 2.12 2.92 4.67 5.48
0.00 0.00 0.00 0.00 0.00 0.00 0.00 0.00 0.00 0.00 1.75 8.03 13.72 11.90 6.86 0.00 0.00 0.00 0.00 0.00 0.00 0.00 0.00 0.00 0.00 0.00 0.00 0.00 0.00 0.00 0.00 0.00 0.00 0.00 5.21 11.59 15.84 17.75 17.92 18.18 15.62 15.18 15.91 15.91 9.13 6.64 6.28 5.55 6.50 0.00 4.16 4.67 0.00 0.00 0.00 0.00 0.00 0.00 2.77 0.00 0.00 0.00 0.00 0.00 0.00 0.00 0.00 2.19 2.19 0.00 0.00 0.00 0.00 0.66 1.17 0.00 0.00 0.00 1.46 1.75 2.12 2.92 4.67 5.48
0.00 0.00 0.00 0.00 0.00 0.00 3.43 0.00 0.00 0.00 0.00 9.13 12.70 6.13 3.50 0.00 0.00 0.00 0.00 0.00 1.83 0.00 0.00 0.00 0.00 0.00 0.00 0.00 0.00 0.00 0.00 0.00 0.00 0.00 2.56 0.00 5.18 5.11 7.41 9.93 8.83 6.64 6.79 6.79 6.50 4.89 4.96 7.01 9.49 7.52 5.04 4.23 2.70 0.00 0.00 0.00 0.00 0.00 0.00 0.00 0.00 0.00 0.00 0.00 0.00 1.39 1.02 0.00 0.00 0.00 0.00 0.00 0.00 0.00 0.00 0.00 0.00 0.00 0.00 0.00 1.02 1.17 0.95 0.37
