Wansh/reverse/1990078.txt
ncols 321
nrows 161
xllcenter 60
yllcenter 15 
cellsize  0.25 
NODATA_value -1
[rows 0 to 36 of 161, columns 168 to 251 of 321]
10.44 9.93 8.40 7.96 9.13 8.25 7.74 7.23 7.52 7.52 8.54 8.40 9.27 10.07 11.24 11.61 10.00 11.53 14.24 16.57 17.08 14.82 14.60 17.01 17.59 12.48 6.50 2.34 0.00 0.00 0.00 5.69 11.39 15.26 16.28 16.28 11.24 11.75 16.28 17.30 13.29 10.66 12.05 12.99 19.35 19.78 21.97 21.46 20.73 15.91 12.63 15.04 14.60 12.85 10.80 9.71 9.27 9.42 10.29 11.97 11.97 13.14 14.67 19.56 24.89 27.01 27.38 22.63 21.75 19.78 18.54 17.89 18.61 18.83 19.64 20.88 21.75 23.00 23.21 24.31 24.60 24.82 25.48 25.92
14.24 12.78 9.86 10.37 10.29 9.64 7.96 8.18 8.69 8.69 8.98 11.46 13.58 12.48 11.68 11.61 10.22 11.97 16.72 17.16 16.28 15.70 15.18 15.70 14.24 8.47 1.31 0.00 0.00 0.00 0.00 5.77 12.92 12.78 11.17 11.17 11.24 11.97 17.67 18.69 13.80 12.56 14.75 15.84 17.74 18.54 14.67 13.58 11.53 11.02 11.10 14.09 14.38 11.97 11.68 10.73 10.80 10.66 12.12 13.36 13.36 15.84 18.47 20.88 25.33 25.48 22.85 22.56 21.97 20.88 20.00 20.22 19.93 19.93 19.56 20.81 22.78 24.24 25.55 24.60 22.56 19.86 19.27 19.49
16.94 14.02 11.39 12.99 12.63 10.15 8.69 8.54 10.29 10.29 11.75 10.88 9.49 10.95 10.73 12.26 14.89 15.40 16.13 16.28 16.86 16.13 16.57 16.21 13.07 2.26 0.00 0.00 0.00 0.00 0.44 7.30 8.40 9.86 11.90 11.90 13.65 17.59 19.56 18.40 14.89 12.92 12.05 10.44 11.46 8.25 6.64 6.72 8.32 9.71 9.49 14.02 15.55 14.82 13.58 12.34 11.61 11.53 11.90 13.43 13.43 15.18 18.54 20.81 19.20 19.05 19.35 21.02 23.21 20.44 19.71 19.27 20.73 21.61 21.32 21.75 23.94 24.75 23.14 20.66 17.16 13.51 12.26 13.21
16.94 14.02 11.39 12.99 12.63 10.15 8.69 8.54 10.29 10.29 11.75 10.88 9.49 10.95 10.73 12.26 14.89 15.40 16.13 16.28 16.86 16.13 16.57 16.21 13.07 2.26 0.00 0.00 0.00 0.00 0.44 7.30 8.40 9.86 11.90 11.90 13.65 17.59 19.56 18.40 14.89 12.92 12.05 10.44 11.46 8.25 6.64 6.72 8.32 9.71 9.49 14.02 15.55 14.82 13.58 12.34 11.61 11.53 11.90 13.43 13.43 15.18 18.54 20.81 19.20 19.05 19.35 21.02 23.21 20.44 19.71 19.27 20.73 21.61 21.32 21.75 23.94 24.75 23.14 20.66 17.16 13.51 12.26 13.21
16.35 15.40 13.58 11.53 11.24 11.17 9.34 7.74 7.37 7.37 10.07 12.41 13.72 13.07 16.28 17.52 21.17 21.90 19.05 17.96 16.64 14.67 12.19 10.15 0.00 0.00 0.00 0.00 0.00 0.00 5.77 7.96 6.79 8.18 10.80 10.80 14.02 16.79 17.30 11.83 9.13 7.81 6.79 7.23 6.79 6.42 5.62 6.50 7.88 8.91 10.22 12.26 14.24 16.50 15.48 12.78 12.41 11.75 11.75 12.85 12.85 15.26 15.55 15.11 14.24 16.21 18.10 19.42 20.08 18.10 17.23 17.23 18.03 18.54 17.81 14.24 17.30 18.32 17.89 16.72 14.82 14.02 13.51 15.04
18.91 16.35 13.14 9.78 7.59 10.95 11.83 9.86 8.03 8.03 10.15 14.24 17.30 16.79 16.79 18.98 21.17 20.81 16.06 13.94 11.90 9.71 5.55 0.00 0.00 0.00 0.00 0.00 3.14 8.10 11.02 8.98 9.13 11.75 14.60 14.60 15.91 12.85 8.10 6.79 6.50 6.13 6.20 7.15 6.20 5.99 5.77 5.91 8.76 9.49 10.37 10.88 11.90 11.90 11.97 11.32 10.15 9.93 9.13 11.97 11.97 14.38 15.84 15.40 13.14 12.12 13.43 15.26 14.24 12.05 11.75 12.05 12.34 11.32 12.12 12.70 13.58 14.53 14.89 17.01 16.79 18.47 16.57 17.23
18.25 17.37 14.53 13.65 10.80 11.97 15.91 17.96 14.53 14.53 11.53 14.82 16.13 17.23 16.79 17.23 19.42 14.82 11.39 10.00 7.37 0.00 0.00 0.00 0.00 0.00 0.00 3.80 10.07 12.78 14.16 14.38 14.97 17.23 19.27 19.27 17.23 13.14 9.42 7.96 7.52 6.28 7.52 7.88 7.01 8.32 7.81 9.42 10.73 10.00 10.66 12.19 11.90 12.63 10.73 10.22 9.78 9.05 9.49 10.22 10.22 10.29 9.93 9.49 8.83 8.18 7.23 8.18 8.76 9.34 9.64 8.40 7.96 8.54 9.27 9.93 11.32 12.34 14.97 16.43 16.55 17.65 17.62 19.00
18.25 17.37 14.53 13.65 10.80 11.97 15.91 17.96 14.53 14.53 11.53 14.82 16.13 17.23 16.79 17.23 19.42 14.82 11.39 10.00 7.37 0.00 0.00 0.00 0.00 0.00 0.00 3.80 10.07 12.78 14.16 14.38 14.97 17.23 19.27 19.27 17.23 13.14 9.42 7.96 7.52 6.28 7.52 7.88 7.01 8.32 7.81 9.42 10.73 10.00 10.66 12.19 11.90 12.63 10.73 10.22 9.78 9.05 9.49 10.22 10.22 10.29 9.93 9.49 8.83 8.18 7.23 8.18 8.76 9.34 9.64 8.40 7.96 8.54 9.27 11.48 15.61 17.75 20.50 27.91 27.32 23.49 22.67 19.71
15.91 18.18 17.96 16.43 14.38 12.92 13.21 14.53 14.09 14.09 12.12 11.97 12.48 15.91 19.20 19.78 15.04 11.68 8.61 0.00 0.00 0.00 0.00 0.00 0.00 0.00 5.77 7.88 11.17 13.07 13.14 12.78 15.77 17.89 18.40 18.40 16.72 11.32 7.52 7.81 8.25 12.05 10.95 11.02 11.39 14.53 13.43 14.45 15.26 15.40 13.72 12.70 10.15 9.49 9.34 10.22 9.71 8.69 9.71 10.37 10.37 9.93 9.05 8.40 7.52 6.50 6.50 6.72 8.03 9.71 10.95 10.51 9.20 9.26 12.34 16.38 17.59 17.92 15.64 20.37 19.36 17.82 16.69 17.61
12.56 14.75 17.08 13.87 12.85 12.99 12.41 10.73 9.71 9.71 12.48 11.46 14.02 15.11 15.33 13.72 9.56 5.04 0.00 0.00 0.00 0.00 0.00 0.00 4.74 8.47 10.66 12.56 13.87 14.02 13.87 12.05 11.10 10.59 9.64 9.64 8.61 6.50 7.30 9.05 10.95 13.14 12.70 11.97 12.56 14.02 16.50 18.32 19.78 15.84 13.07 12.05 10.00 8.83 7.37 7.81 8.54 9.42 10.22 10.37 10.37 10.66 10.22 8.76 8.10 7.37 7.08 7.30 7.74 9.64 10.07 10.00 9.95 11.83 13.91 14.82 15.66 18.00 20.57 20.60 17.46 17.54 18.14 18.46
11.61 11.46 12.05 13.36 14.09 15.62 16.06 14.45 12.63 12.63 13.87 13.58 13.72 12.78 10.15 4.53 0.00 0.00 0.00 0.00 0.00 1.90 5.84 8.47 10.22 11.39 11.10 11.90 11.24 11.24 10.73 9.13 7.01 7.37 7.45 7.45 7.30 7.45 10.29 14.38 15.40 15.77 12.78 13.51 14.02 12.34 11.68 10.88 11.83 11.97 9.93 8.98 8.47 9.13 8.40 8.18 9.42 10.44 12.34 13.43 13.43 12.85 11.17 10.07 9.05 6.94 7.37 8.54 9.20 9.34 8.47 7.08 8.31 8.82 9.33 14.19 17.69 17.17 14.80 16.29 17.44 18.06 17.12 16.40
11.61 11.46 12.05 13.36 14.09 15.62 16.06 14.45 12.63 12.63 13.87 13.58 13.72 12.78 10.15 4.53 0.00 0.00 0.00 0.00 0.00 1.90 5.84 8.47 10.22 11.39 11.10 11.90 11.24 11.24 10.73 9.13 7.01 7.37 7.45 7.45 7.30 7.45 10.29 14.38 15.40 15.77 12.78 13.51 14.02 12.34 11.68 10.88 11.83 11.97 9.93 8.98 8.47 9.13 8.40 8.18 9.42 10.44 12.34 13.43 13.43 12.85 11.17 10.07 9.05 6.94 7.37 8.54 9.20 9.34 8.47 7.08 8.10 8.69 9.05 13.18 15.76 15.90 15.79 16.91 17.44 17.67 18.80 17.54
15.62 14.53 11.46 10.29 11.32 12.05 11.90 11.53 9.86 9.86 11.32 10.51 8.03 4.38 0.00 0.00 0.00 0.00 10.29 8.83 8.83 9.27 8.98 9.49 9.56 7.74 7.59 7.59 8.10 7.45 8.32 8.76 9.20 9.78 10.66 10.66 11.61 12.41 13.43 14.09 13.51 14.09 12.92 11.68 11.32 10.07 6.64 6.28 8.25 7.45 7.37 7.45 7.01 7.96 10.59 11.10 11.10 11.46 11.39 11.83 11.83 11.32 10.80 8.91 9.05 8.69 8.76 10.37 12.48 11.68 11.75 10.00 9.86 9.71 9.36 11.31 12.88 11.32 11.08 13.40 15.11 18.46 21.34 21.44
13.72 16.28 15.04 12.19 10.15 7.96 8.03 5.91 4.89 4.89 0.00 0.00 0.00 0.00 0.00 0.00 0.00 5.48 9.20 8.76 9.71 9.34 9.05 8.54 7.81 7.81 8.98 11.53 12.56 12.78 13.07 13.94 14.45 14.75 14.60 14.60 13.94 13.58 14.31 11.68 12.19 13.87 12.56 10.07 9.42 7.74 6.06 5.33 5.40 5.91 6.35 5.91 6.13 7.01 7.81 8.91 8.91 9.05 8.32 8.47 8.47 10.37 12.05 12.41 12.05 11.10 13.14 12.99 12.48 12.92 13.36 12.05 11.02 10.31 12.27 13.57 10.36 11.81 14.38 13.60 18.07 18.56 20.00 19.90
16.86 19.13 19.49 18.03 17.01 12.70 9.42 6.42 0.00 0.00 0.00 0.00 0.00 0.00 0.00 1.53 2.63 6.86 8.91 10.15 10.80 11.90 13.58 13.14 13.36 13.94 13.87 14.82 16.21 13.51 12.63 13.07 13.65 14.16 13.72 13.72 13.14 14.67 14.75 14.45 13.21 11.83 9.20 9.20 10.29 8.18 6.64 6.35 4.89 3.29 4.09 4.38 5.26 6.50 6.86 9.34 9.20 9.86 10.80 11.24 11.24 13.14 14.31 13.36 12.85 13.51 14.60 15.04 14.67 15.62 14.97 14.82 13.97 14.30 13.76 14.27 15.03 16.01 15.72 16.38 18.13 16.78 22.05 18.97
16.50 15.48 14.60 15.48 16.79 16.72 15.11 13.87 10.73 10.73 8.25 9.49 8.69 7.59 6.86 6.06 6.13 4.31 4.74 7.23 9.71 11.83 13.58 14.75 16.57 17.59 14.67 11.83 12.34 13.21 12.78 12.99 13.87 14.16 14.02 14.02 13.51 12.48 11.39 10.44 7.81 8.61 7.66 8.83 9.64 8.61 7.15 5.91 5.69 4.67 4.74 3.29 3.43 5.18 6.72 8.32 9.86 10.00 11.68 13.14 13.14 14.60 15.18 14.75 14.38 12.63 11.90 12.41 15.99 18.40 17.89 16.48 15.05 13.63 15.04 14.20 17.67 15.62 15.74 16.69 17.22 18.93 18.72 13.83
16.50 15.48 14.60 15.48 16.79 16.72 15.11 13.87 10.73 10.73 8.25 9.49 8.69 7.59 6.86 6.06 6.13 4.31 4.74 7.23 9.71 11.83 13.58 14.75 16.57 17.59 14.67 11.83 12.34 13.21 12.78 12.99 13.87 14.16 14.02 14.02 13.51 12.48 11.39 10.44 7.81 8.61 7.66 8.83 9.64 8.61 7.15 5.91 5.69 4.67 4.74 3.29 3.43 5.18 6.72 8.32 9.86 10.00 11.68 13.14 13.14 14.60 15.18 14.75 14.38 12.63 11.90 12.41 15.99 18.40 17.89 20.24 14.10 14.81 13.51 17.57 17.93 17.27 16.05 15.05 16.64 16.27 20.35 15.70
5.48 5.62 4.67 5.11 8.18 11.17 12.63 14.60 14.31 14.31 12.78 12.63 8.18 6.28 6.79 5.48 5.26 3.87 4.67 6.79 11.17 12.99 13.07 13.87 14.02 13.51 12.85 12.26 11.97 13.94 14.24 13.72 13.43 13.51 13.65 13.65 13.58 12.63 10.07 10.80 11.61 12.48 11.46 8.76 7.37 5.99 4.82 3.87 3.72 4.02 3.29 2.48 0.00 1.97 4.60 5.91 8.18 9.27 9.86 11.61 11.61 14.09 13.36 12.26 11.10 11.53 11.46 12.41 16.94 19.86 18.08 15.73 15.85 13.77 15.83 21.48 21.37 18.03 15.99 18.25 17.56 17.20 17.35 11.04
3.36 3.29 4.16 5.62 7.66 8.61 9.71 10.07 8.98 8.98 8.25 7.52 9.13 9.71 8.69 6.50 5.91 4.89 5.62 8.03 11.02 12.26 12.85 12.63 12.26 12.19 12.05 12.26 12.41 12.12 12.48 13.21 13.07 13.21 13.29 13.29 12.41 11.97 10.59 11.97 11.39 11.61 10.15 7.88 4.60 4.02 2.85 2.56 1.83 3.29 0.00 0.00 0.00 3.80 4.67 5.26 5.62 6.20 7.59 8.54 8.54 7.74 8.25 9.20 10.80 12.92 14.82 16.06 18.03 20.84 21.75 21.83 21.86 22.13 20.89 21.39 20.68 20.27 19.73 19.26 15.90 16.67 13.73 14.50
5.62 4.67 4.09 4.96 7.74 13.94 13.87 9.93 10.80 10.80 10.29 10.51 10.95 10.88 11.90 11.17 8.83 8.54 10.66 11.75 12.92 12.19 11.10 12.26 12.05 12.41 13.07 12.99 12.26 11.90 12.85 14.16 14.16 12.41 11.75 11.75 12.12 11.97 11.75 11.75 9.71 8.61 5.62 2.56 2.12 2.63 2.04 3.50 2.92 2.41 2.19 0.00 4.60 4.31 6.57 6.42 6.35 6.35 7.37 8.76 8.76 9.42 10.59 11.61 12.48 15.18 17.23 18.18 19.20 21.10 23.07 25.40 25.40 24.89 25.48 27.21 26.46 29.20 28.01 18.70 18.28 15.68 15.50 15.86
5.62 5.26 5.69 5.18 5.91 8.40 8.91 10.66 11.53 11.53 9.93 10.73 9.49 8.69 10.37 10.95 10.22 9.49 10.66 13.51 14.89 15.70 15.70 14.67 13.51 12.26 11.10 11.24 11.61 13.51 15.62 16.28 15.91 13.58 13.80 13.80 14.67 10.07 8.98 7.96 6.57 5.33 2.56 1.75 2.26 4.23 4.31 5.55 3.65 0.00 0.00 0.00 2.04 3.21 4.53 6.57 8.61 8.83 9.64 11.61 11.61 13.14 14.16 16.35 17.37 18.98 18.98 18.47 20.15 22.05 25.11 27.38 28.84 29.49 27.95 26.60 29.30 27.68 30.88 24.67 22.33 16.70 18.85 16.66
4.38 5.33 6.06 6.57 4.53 6.86 8.54 10.00 10.88 10.88 9.49 12.05 13.43 14.31 12.19 6.50 2.34 8.54 13.80 16.86 19.05 17.59 15.11 11.46 11.17 12.63 11.90 10.44 10.37 12.99 17.01 15.91 13.65 13.87 13.65 13.65 3.29 5.26 2.19 2.56 2.12 3.43 3.87 4.74 4.09 1.68 1.83 2.26 2.56 2.85 0.00 0.00 0.07 1.90 6.42 10.66 15.04 15.33 12.92 13.14 13.14 12.85 11.81 14.82 16.28 14.75 14.60 17.30 19.64 20.00 22.27 25.33 26.35 27.74 27.07 28.02 34.60 29.83 32.58 27.35 18.73 18.38 22.32 22.18
4.38 5.33 6.06 6.57 4.53 6.86 8.54 10.00 10.88 10.88 9.49 12.05 13.43 14.31 12.19 6.50 2.34 8.54 13.80 16.86 19.05 17.59 15.11 11.46 11.17 12.63 11.90 10.44 10.37 12.99 17.01 15.91 13.65 13.87 13.65 13.65 3.29 5.26 2.19 2.56 2.12 3.43 3.87 4.74 4.09 1.68 1.83 2.26 2.56 2.85 0.00 0.00 0.07 1.90 6.42 10.66 15.04 15.33 12.92 13.14 13.14 12.85 11.81 14.82 16.28 14.75 14.60 17.30 19.64 20.00 22.27 25.33 26.35 27.74 25.99 28.17 26.87 26.25 27.28 31.83 22.91 18.77 17.48 20.46
0.00 1.68 2.99 4.89 8.40 7.88 8.91 11.24 12.63 12.63 12.48 12.19 13.43 14.53 13.21 7.96 8.25 13.07 18.25 19.64 18.83 17.30 15.48 14.45 13.80 14.02 13.94 14.38 13.65 14.02 13.80 11.61 10.00 9.34 7.74 7.74 2.04 2.19 3.07 3.21 2.77 4.67 5.55 4.67 2.12 2.48 1.46 0.29 0.00 0.00 0.00 0.00 4.16 3.72 5.62 12.78 17.30 15.40 12.05 12.41 12.41 8.83 6.13 7.66 10.07 10.51 11.97 14.82 16.79 20.81 21.32 20.66 21.83 24.16 24.45 23.99 25.05 31.78 34.75 22.41 23.23 19.38 22.63 28.56
0.00 0.00 2.56 3.43 7.96 9.93 12.48 15.33 14.89 14.89 14.24 15.48 15.91 16.50 17.37 12.19 10.07 12.56 17.67 18.32 17.30 14.38 13.29 14.31 14.38 13.87 14.82 16.35 14.31 12.19 8.25 6.50 6.06 4.60 4.82 4.82 4.38 5.55 5.55 5.99 6.86 3.87 3.87 1.02 1.10 1.24 1.17 0.51 0.00 0.00 0.00 0.00 6.94 11.24 15.48 16.64 13.80 9.86 8.03 7.37 7.37 3.72 0.00 3.21 7.08 10.66 13.43 13.65 14.31 17.74 18.69 18.18 18.54 21.90 24.26 27.25 27.53 27.87 28.07 27.41 34.31 22.21 26.46 31.95
0.00 0.00 0.00 2.48 5.11 7.30 8.03 10.00 10.15 10.15 12.26 15.62 18.83 18.18 14.09 12.26 10.44 9.93 12.26 15.11 15.55 14.75 13.36 14.45 14.45 14.89 16.06 17.16 15.99 13.80 9.71 6.13 4.96 4.45 7.30 7.30 6.13 6.06 5.91 6.06 5.55 5.62 3.07 1.53 0.29 0.44 1.75 0.00 0.00 0.00 0.00 2.63 4.82 9.27 13.87 12.48 8.10 6.42 6.20 3.21 3.21 0.00 2.92 4.96 5.69 6.28 8.69 11.68 13.80 15.33 16.35 18.10 21.42 25.00 26.09 28.77 30.49 28.35 24.85 28.64 30.04 29.41 23.46 24.13
0.00 0.00 0.00 0.00 1.97 2.19 4.53 7.59 9.71 9.71 12.85 15.70 18.25 15.26 13.80 16.06 14.60 14.45 20.15 16.06 14.31 13.80 14.24 15.55 15.40 15.91 16.28 16.57 16.94 11.10 6.79 5.11 4.38 3.94 0.00 0.00 5.77 7.59 9.86 7.45 6.35 4.38 0.00 0.00 0.00 0.00 0.00 0.00 0.00 0.00 0.00 0.00 2.77 6.94 7.23 3.21 2.12 3.21 5.55 5.40 5.40 4.38 4.60 4.45 5.40 8.54 11.68 13.80 15.77 15.33 16.79 20.37 25.66 28.83 30.34 28.92 29.95 26.97 22.43 24.37 26.70 28.62 26.28 22.62
0.00 0.00 0.00 2.77 0.00 1.75 2.92 2.41 5.40 5.40 7.01 9.93 10.95 10.95 11.90 11.53 11.24 11.68 12.41 12.85 14.16 14.38 15.48 17.37 16.35 15.04 14.31 12.48 9.56 5.91 3.87 4.09 4.60 7.59 6.72 6.72 8.83 9.27 6.86 4.16 3.65 0.00 0.00 0.00 4.23 4.45 4.60 6.79 8.91 7.52 4.09 1.68 1.46 4.74 6.13 4.45 2.92 0.58 0.22 2.26 2.26 3.80 5.48 5.62 7.81 10.44 11.53 12.99 13.07 15.77 18.79 25.20 30.66 28.30 27.61 31.49 22.91 19.95 16.85 13.85 16.69 20.90 13.31 11.72
0.00 0.00 0.00 2.77 0.00 1.75 2.92 2.41 5.40 5.40 7.01 9.93 10.95 10.95 11.90 11.53 11.24 11.68 12.41 12.85 14.16 14.38 15.48 17.37 16.35 15.04 14.31 12.48 9.56 5.91 3.87 4.09 4.60 7.59 6.72 6.72 8.83 9.27 6.86 4.16 3.65 0.00 0.00 0.00 4.23 4.45 4.60 6.79 8.91 7.52 4.09 1.68 1.46 4.74 6.13 4.45 2.92 0.58 0.22 2.26 2.26 3.80 5.48 5.62 7.81 10.44 11.53 12.99 13.07 15.77 18.89 24.93 27.72 31.54 29.47 36.74 26.59 19.31 17.60 13.46 17.65 24.79 12.15 9.95
0.00 0.00 0.00 0.00 0.00 0.00 0.00 0.00 0.00 0.00 6.57 7.59 5.40 4.67 5.40 0.00 3.94 5.18 5.77 5.77 7.66 8.61 8.61 10.00 11.24 11.97 11.61 9.27 8.18 6.06 5.62 7.96 6.42 6.79 7.01 7.01 6.28 5.26 4.45 0.00 2.63 2.70 3.21 5.77 6.20 11.10 12.41 11.17 7.96 7.30 4.82 3.72 0.80 0.00 0.00 0.00 0.00 0.29 2.34 4.53 4.55 5.80 6.90 6.20 9.42 13.58 12.85 10.88 12.84 17.33 21.53 26.10 32.26 31.96 29.54 33.73 14.60 12.45 11.07 6.65 9.16 8.93 5.11 0.00
0.00 0.00 0.00 0.00 0.00 0.00 0.00 0.00 0.00 0.00 0.00 7.01 6.06 6.06 8.03 6.42 6.50 7.52 8.61 9.20 10.00 6.86 3.72 3.21 6.06 9.27 8.83 6.50 6.57 7.74 7.59 7.37 7.45 5.99 5.55 5.55 4.82 6.20 8.61 10.44 11.32 9.42 11.46 11.02 11.83 14.16 16.79 14.53 10.51 7.15 3.36 0.00 0.37 0.00 0.00 0.00 0.00 8.54 15.11 18.10 18.10 15.62 12.85 11.46 11.02 11.17 8.98 9.05 13.72 17.52 22.19 24.46 28.01 28.98 24.41 7.71 8.89 9.06 7.20 4.11 5.05 0.00 0.00 0.00
0.00 0.44 0.00 0.00 0.00 0.00 0.00 0.00 0.00 0.00 0.00 0.00 0.00 4.23 4.74 5.99 8.83 12.48 11.02 7.88 5.99 3.50 2.77 2.85 4.02 4.16 4.23 4.16 3.72 4.89 5.84 6.57 5.99 6.35 8.40 8.40 11.75 16.13 16.50 17.59 13.65 12.70 13.80 12.19 10.73 8.61 10.22 6.06 6.28 6.42 8.25 6.28 6.28 5.69 3.14 3.36 8.98 14.45 19.20 21.17 21.17 19.35 13.51 9.71 7.96 6.57 7.01 13.07 17.23 18.98 22.19 25.00 27.71 25.07 22.16 7.30 4.94 0.00 5.96 6.50 0.00 0.00 0.00 0.00
5.26 0.00 0.00 0.00 5.33 0.00 0.00 6.06 5.69 5.69 0.00 0.00 0.00 0.00 0.00 0.00 4.09 6.72 7.66 0.00 0.00 0.00 3.94 3.43 0.00 2.92 2.63 3.14 2.92 0.00 0.00 4.09 6.42 7.15 7.37 7.37 6.79 7.88 10.88 9.56 5.77 6.06 7.74 7.81 10.00 10.22 9.42 8.54 7.45 8.10 10.29 11.24 11.24 9.56 6.06 0.00 5.33 14.02 16.79 17.08 17.08 16.28 15.26 15.70 14.75 14.24 14.16 17.01 21.17 21.61 23.65 23.45 24.70 25.18 9.55 3.28 0.00 0.00 0.00 0.00 0.00 0.00 0.00 0.00
7.37 0.00 5.55 0.00 6.42 4.23 0.00 0.00 0.00 0.00 0.00 0.00 0.00 0.00 0.00 0.00 0.00 0.00 0.00 0.00 0.00 2.41 0.00 2.63 3.14 6.06 4.96 2.92 0.88 2.04 3.29 3.58 6.79 7.01 0.00 0.00 0.00 2.92 3.21 4.38 0.07 0.00 0.00 3.94 5.26 8.54 11.17 10.22 10.00 9.49 8.98 9.78 7.30 5.40 5.77 6.72 10.80 15.48 17.45 19.42 19.42 22.63 22.41 21.46 20.15 18.98 18.54 21.24 22.34 21.32 23.51 21.17 15.98 4.09 0.00 0.00 0.00 0.00 0.00 0.00 0.00 0.00 0.00 0.00
0.00 0.00 0.00 4.53 5.84 3.80 3.58 3.14 0.00 0.00 0.00 0.00 2.56 4.09 2.85 2.48 0.00 0.00 0.00 0.00 0.00 3.29 2.19 0.00 0.00 3.21 5.69 5.99 4.53 2.70 1.46 0.07 2.70 3.07 2.99 2.99 0.00 0.07 0.00 0.00 0.00 0.00 1.83 3.72 5.55 8.10 10.66 12.63 13.72 12.92 8.54 8.40 9.64 11.75 12.85 15.62 17.45 20.66 22.19 21.68 21.68 20.88 18.18 15.18 16.06 15.91 16.64 20.00 21.75 24.09 23.87 16.51 14.23 0.00 0.00 0.00 0.00 0.00 0.00 0.00 0.00 0.00 0.00 0.00
0.00 0.00 0.00 4.53 5.84 3.80 3.58 3.14 0.00 0.00 0.00 0.00 2.56 4.09 2.85 2.48 0.00 0.00 0.00 0.00 0.00 3.29 2.19 0.00 0.00 3.21 5.69 5.99 4.53 2.70 1.46 0.07 2.70 3.07 2.99 2.99 0.00 0.07 0.00 0.00 0.00 0.00 1.83 3.72 5.55 8.10 10.66 12.63 13.72 12.92 8.54 8.40 9.64 11.75 12.85 15.62 17.45 20.66 22.19 21.68 21.68 20.88 18.18 15.18 16.06 15.91 16.64 20.00 21.75 24.09 23.87 16.43 14.01 0.00 0.00 0.00 0.00 0.00 0.00 0.00 0.00 0.00 0.00 0.00
0.00 0.00 0.00 0.00 4.74 0.00 0.00 1.46 0.00 0.00 0.00 1.75 2.92 2.70 1.90 0.00 0.00 0.00 0.00 0.00 0.00 3.07 3.36 3.87 3.50 1.68 2.92 4.23 5.26 4.02 2.26 0.00 0.00 3.65 0.00 0.00 0.00 0.00 0.00 0.00 0.00 0.00 0.00 4.45 10.80 15.70 16.64 17.16 13.51 8.47 6.50 10.15 14.97 15.99 14.45 13.80 13.65 15.99 17.52 14.31 14.31 11.61 12.70 11.61 13.43 15.77 17.16 21.32 21.17 22.27 21.97 18.10 0.51 0.00 0.00 0.00 0.00 0.00 0.00 0.00 0.00 0.00 0.00 0.00
