Wansh/reverse/1990338.txt
ncols 321
nrows 161
xllcenter 60
yllcenter 15 
cellsize  0.25 
NODATA_value -1
[rows 0 to 37 of 161, columns 168 to 251 of 321]
0.00 0.00 0.00 0.88 3.07 2.56 1.68 1.83 2.77 2.77 3.14 3.80 3.65 4.09 2.99 3.50 3.14 4.23 5.62 6.79 5.99 5.33 4.89 4.53 2.92 0.00 0.00 0.00 0.00 0.00 0.00 0.00 0.00 4.60 6.72 6.72 5.55 5.55 8.76 9.64 7.15 4.02 4.16 4.67 4.02 3.87 6.50 6.57 5.33 1.75 3.14 4.60 4.53 4.16 3.72 3.87 3.50 2.92 4.02 3.50 3.50 5.33 6.72 7.08 8.40 8.25 7.88 7.08 6.28 5.99 6.28 6.72 6.35 4.96 5.11 5.11 5.04 3.72 4.60 4.74 4.74 3.80 3.94 2.99
1.61 1.17 1.31 2.92 1.90 1.31 1.10 2.04 2.26 2.26 2.77 3.80 6.42 6.28 3.94 3.21 3.50 4.45 5.84 6.86 6.42 5.18 5.40 3.29 0.00 0.00 0.00 0.00 0.00 0.00 0.00 0.00 0.00 4.16 3.36 3.36 2.34 3.65 7.01 9.05 6.20 5.84 6.50 7.45 7.81 4.89 3.72 2.99 2.70 2.41 2.85 3.72 4.67 4.89 5.11 3.87 2.48 3.43 3.29 5.91 5.91 5.18 5.99 5.84 5.84 6.64 6.20 6.50 5.99 5.48 5.18 5.99 4.60 3.58 3.50 3.87 4.38 4.23 4.60 3.87 3.21 2.77 2.48 2.41
6.13 3.14 2.12 3.14 3.21 1.83 1.53 2.63 4.09 4.09 5.48 4.82 5.11 4.53 2.77 1.39 3.72 4.82 5.69 6.13 5.26 3.14 1.17 0.00 0.00 0.00 0.00 0.00 0.00 0.00 0.00 0.00 0.00 1.97 2.92 2.92 4.16 6.28 8.54 8.69 7.81 8.25 8.54 7.52 5.99 4.82 3.07 2.70 3.87 3.50 5.04 4.31 4.82 5.33 5.55 5.69 5.26 5.04 5.33 5.69 5.69 5.99 5.84 4.74 4.31 3.72 3.29 3.14 3.07 3.87 4.89 5.55 5.18 4.45 3.80 3.50 3.36 2.56 3.65 4.23 3.87 3.50 3.58 3.36
6.13 3.14 2.12 3.14 3.21 1.83 1.53 2.63 4.09 4.09 5.48 4.82 5.11 4.53 2.77 1.39 3.72 4.82 5.69 6.13 5.26 3.14 1.17 0.00 0.00 0.00 0.00 0.00 0.00 0.00 0.00 0.00 0.00 1.97 2.92 2.92 4.16 6.28 8.54 8.69 7.81 8.25 8.54 7.52 5.99 4.82 3.07 2.70 3.87 3.50 5.04 4.31 4.82 5.33 5.55 5.69 5.26 5.04 5.33 5.69 5.69 5.99 5.84 4.74 4.31 3.72 3.29 3.14 3.07 3.87 4.89 5.55 5.18 4.45 3.80 3.50 3.36 2.56 3.65 4.23 3.87 3.50 3.58 3.36
7.81 5.99 5.84 7.15 4.16 1.46 0.95 1.39 1.68 1.68 3.36 3.36 3.87 4.60 7.30 8.40 8.25 8.25 7.74 6.28 4.96 2.41 0.00 0.00 0.00 0.00 0.00 0.00 0.00 0.00 0.00 0.00 0.00 3.72 4.16 4.16 7.37 7.37 7.01 6.79 6.94 5.99 5.99 6.06 5.62 5.77 6.06 4.96 5.77 5.69 5.11 5.40 5.55 5.48 4.74 5.55 4.53 4.89 5.77 5.55 5.55 6.13 5.69 4.60 4.67 5.40 5.26 4.74 4.82 4.53 3.94 5.04 5.91 4.96 4.23 3.43 3.21 4.45 4.23 4.09 3.36 2.19 2.48 4.16
9.93 9.78 8.61 7.81 6.06 2.48 2.12 1.90 3.14 3.14 4.82 5.62 6.20 7.30 7.81 9.13 9.49 7.08 3.43 0.00 0.00 0.00 0.00 0.00 0.00 0.00 0.00 0.00 0.00 0.00 0.00 0.00 1.02 3.50 4.96 4.96 7.59 5.69 5.11 5.48 6.28 6.35 5.55 5.99 7.08 8.03 8.32 7.08 7.81 9.13 7.74 8.03 6.79 4.45 5.40 6.35 5.84 5.62 5.18 6.64 6.64 7.08 5.99 5.04 5.69 5.62 5.77 5.84 6.57 3.65 4.45 4.60 5.62 5.69 4.23 3.87 3.21 2.99 4.02 5.40 3.65 3.14 2.34 3.21
11.75 11.46 10.00 8.32 8.03 7.08 5.69 4.31 3.58 3.58 4.23 5.69 7.30 7.66 6.79 7.01 5.55 1.83 0.00 0.00 0.00 0.00 0.00 0.00 0.00 0.00 0.00 0.00 0.00 0.00 0.00 0.00 0.00 0.00 6.57 6.57 4.96 4.31 4.23 4.09 5.40 5.84 6.20 6.72 7.66 9.20 9.93 10.44 10.15 9.64 9.64 8.83 8.40 9.13 7.88 6.79 5.55 6.35 6.50 6.42 6.42 7.01 6.50 5.91 5.48 5.55 6.35 6.57 5.91 5.55 4.89 4.16 3.65 3.14 3.50 3.58 4.09 3.50 2.56 3.12 3.73 4.04 2.94 3.87
11.75 11.46 10.00 8.32 8.03 7.08 5.69 4.31 3.58 3.58 4.23 5.69 7.30 7.66 6.79 7.01 5.55 1.83 0.00 0.00 0.00 0.00 0.00 0.00 0.00 0.00 0.00 0.00 0.00 0.00 0.00 0.00 0.00 0.00 6.57 6.57 4.96 4.31 4.23 4.09 5.40 5.84 6.20 6.72 7.66 9.20 9.93 10.44 10.15 9.64 9.64 8.83 8.40 9.13 7.88 6.79 5.55 6.35 6.50 6.42 6.42 7.01 6.50 5.91 5.48 5.55 6.35 6.57 5.91 5.55 4.89 4.16 3.65 3.14 3.50 4.14 5.64 5.04 3.50 5.30 6.16 5.38 3.78 4.01
0.00 13.43 12.48 10.51 10.00 8.47 7.15 7.81 6.35 6.35 5.48 5.40 7.30 7.96 5.55 2.12 0.00 0.00 0.00 0.00 0.00 0.00 0.00 0.00 0.00 0.00 0.00 0.00 0.00 0.80 0.95 1.53 3.14 5.18 0.00 0.00 0.00 5.18 3.50 5.11 6.28 7.66 8.61 8.03 8.25 8.76 12.63 12.56 11.68 11.46 12.48 11.83 11.10 11.32 10.29 7.96 6.50 8.91 8.61 7.88 7.88 7.59 6.42 5.84 6.35 4.82 5.62 5.69 5.18 4.82 4.96 5.62 4.82 4.29 4.43 5.24 4.07 4.20 3.77 5.18 5.61 4.75 3.67 4.16
0.00 0.00 10.00 9.13 8.10 7.37 6.50 5.55 5.55 5.55 7.23 6.94 4.09 1.02 0.00 0.00 0.00 0.00 0.00 0.00 0.00 0.00 0.00 0.00 0.00 0.00 0.00 0.80 1.97 2.34 3.07 3.29 3.50 4.31 4.31 4.31 3.07 3.80 4.60 6.42 6.42 7.66 8.98 8.83 9.20 8.98 11.97 12.41 11.32 12.05 11.53 11.24 10.59 10.66 10.95 10.37 9.27 9.78 10.51 9.78 9.78 8.98 7.01 6.79 6.57 6.57 6.42 5.69 5.33 5.55 5.99 6.13 6.10 8.63 7.59 6.38 5.82 4.30 3.30 5.53 5.50 4.70 4.62 4.40
0.00 0.00 4.16 6.28 7.52 7.23 7.81 8.25 6.79 6.79 2.77 0.37 0.00 0.00 0.00 0.00 0.00 0.00 0.00 0.00 0.00 0.00 0.00 0.00 0.00 0.00 2.41 3.80 2.63 2.70 2.41 2.12 3.87 4.89 4.82 4.82 4.89 5.04 5.91 7.30 8.25 8.40 9.64 10.66 10.29 12.19 11.68 10.73 11.68 11.97 11.17 11.53 10.22 10.88 12.34 14.89 15.55 14.02 13.21 11.97 11.97 9.64 8.03 7.88 7.30 6.06 4.96 5.33 6.06 6.72 4.96 4.45 4.79 4.52 4.59 6.53 5.10 5.84 8.21 6.67 6.09 6.06 4.93 5.29
0.00 0.00 4.16 6.28 7.52 7.23 7.81 8.25 6.79 6.79 2.77 0.37 0.00 0.00 0.00 0.00 0.00 0.00 0.00 0.00 0.00 0.00 0.00 0.00 0.00 0.00 2.41 3.80 2.63 2.70 2.41 2.12 3.87 4.89 4.82 4.82 4.89 5.04 5.91 7.30 8.25 8.40 9.64 10.66 10.29 12.19 11.68 10.73 11.68 11.97 11.17 11.53 10.22 10.88 12.34 14.89 15.55 14.02 13.21 11.97 11.97 9.64 8.03 7.88 7.30 6.06 4.96 5.33 6.06 6.72 4.96 4.45 4.67 4.45 4.45 6.07 4.55 5.41 8.76 6.92 6.09 5.92 5.42 5.66
5.55 0.00 0.00 2.19 2.48 2.12 0.95 0.15 0.00 0.00 0.00 0.00 0.00 0.00 0.00 0.00 0.00 0.00 0.00 0.00 0.00 0.00 0.51 2.04 1.68 5.04 5.04 3.94 4.23 3.72 3.07 2.34 2.12 2.99 4.31 4.31 5.11 5.91 6.64 7.81 8.61 8.47 9.34 9.56 9.78 10.88 10.22 8.98 11.46 10.95 11.02 11.97 12.48 12.41 13.80 15.26 15.99 16.86 17.74 13.65 13.65 8.83 8.47 8.18 7.23 6.57 5.99 5.77 5.04 4.60 4.02 3.72 4.23 3.43 4.12 4.54 5.63 5.82 6.82 7.41 7.20 7.62 6.51 5.45
9.20 9.05 7.37 3.80 0.73 0.58 0.00 0.00 0.00 0.00 0.00 0.00 0.00 0.00 0.00 0.00 0.00 0.00 0.00 0.00 2.48 4.16 2.41 2.99 1.61 1.68 3.43 4.16 5.26 4.23 3.58 3.50 4.23 4.53 5.04 5.04 5.84 6.20 6.42 8.03 9.27 9.56 8.83 7.37 7.45 8.76 11.17 13.14 13.07 13.80 14.82 13.58 13.94 12.92 12.56 11.61 10.88 10.15 12.34 13.21 13.21 12.78 12.05 11.39 10.15 10.44 8.40 7.37 6.35 4.96 4.23 5.11 4.82 5.36 6.24 5.59 4.44 7.19 4.94 5.75 9.80 7.63 7.60 7.54
8.25 7.45 6.06 4.02 1.61 0.00 0.00 0.00 0.00 0.00 0.00 0.00 0.00 0.00 0.00 0.00 0.00 0.00 0.00 2.34 2.99 1.97 1.53 1.02 1.61 1.83 2.99 3.94 3.58 3.58 2.99 3.43 4.31 4.38 4.53 4.53 5.55 6.06 6.64 7.01 5.55 5.18 6.13 6.50 10.22 11.46 12.19 15.18 12.78 14.53 13.14 14.09 14.24 14.67 15.04 14.53 12.34 11.39 11.32 13.07 13.07 12.34 11.75 11.97 11.32 10.44 9.34 9.49 8.47 7.30 7.23 6.94 7.46 8.36 9.24 7.96 7.09 8.44 7.53 8.52 9.01 6.35 7.56 5.56
11.32 9.56 8.91 8.83 7.74 4.96 2.12 0.00 0.00 0.00 0.00 0.00 0.00 0.00 0.00 2.12 2.48 3.80 2.92 2.63 3.43 3.80 2.77 4.45 3.87 3.36 4.45 4.60 3.50 2.85 3.07 2.77 4.23 4.45 4.31 4.31 4.23 3.94 4.16 4.82 4.09 4.67 5.55 9.34 9.49 10.22 10.37 10.15 11.90 11.83 11.97 12.41 12.85 11.61 12.92 15.33 14.38 12.92 11.61 12.78 12.78 14.09 14.24 14.02 14.97 11.97 11.68 12.12 13.07 12.99 11.75 11.89 9.26 8.66 8.07 8.70 9.84 9.30 8.91 8.24 8.66 8.00 7.94 8.22
11.32 9.56 8.91 8.83 7.74 4.96 2.12 0.00 0.00 0.00 0.00 0.00 0.00 0.00 0.00 2.12 2.48 3.80 2.92 2.63 3.43 3.80 2.77 4.45 3.87 3.36 4.45 4.60 3.50 2.85 3.07 2.77 4.23 4.45 4.31 4.31 4.23 3.94 4.16 4.82 4.09 4.67 5.55 9.34 9.49 10.22 10.37 10.15 11.90 11.83 11.97 12.41 12.85 11.61 12.92 15.33 14.38 12.92 11.61 12.78 12.78 14.09 14.24 14.02 14.97 11.97 11.68 12.12 13.07 12.99 11.75 14.60 8.68 9.42 7.25 10.76 9.98 10.28 9.09 7.43 8.37 6.88 8.63 9.33
8.61 10.07 10.37 9.42 10.00 10.22 8.69 7.01 6.86 6.86 6.42 5.55 5.04 6.13 6.13 5.48 3.65 2.99 3.65 3.50 3.65 3.07 2.63 3.07 4.53 5.04 4.31 4.53 3.72 3.80 4.23 4.31 4.82 4.67 5.55 5.55 4.82 4.09 3.87 3.72 3.50 4.45 5.69 6.86 6.79 7.96 8.83 8.83 11.02 11.17 10.95 11.46 12.34 12.48 12.78 14.09 15.70 15.84 14.75 17.59 17.59 17.16 16.06 16.06 14.67 12.70 11.97 13.07 13.43 15.55 16.26 13.85 14.07 11.94 11.00 12.19 10.16 9.31 9.58 10.52 10.95 9.50 9.73 8.42
7.30 8.03 10.22 9.42 9.20 9.13 8.10 6.13 5.69 5.69 7.37 9.13 9.49 9.93 10.88 9.56 7.96 4.60 5.18 6.72 7.45 5.40 4.23 2.92 2.77 2.48 2.26 3.29 3.21 5.33 5.11 4.31 4.96 5.11 4.96 4.96 3.58 2.04 2.92 4.60 5.26 4.82 4.53 6.06 7.45 7.08 7.08 7.88 9.20 10.95 10.37 11.10 11.53 11.75 11.97 11.24 10.37 14.02 14.89 15.55 15.55 16.28 16.21 15.84 15.55 14.53 14.16 14.24 14.53 15.70 18.43 18.73 16.32 16.31 15.65 14.32 12.33 13.26 13.91 14.28 12.00 12.11 10.35 10.38
5.91 7.15 8.69 9.27 8.98 7.96 7.30 4.96 5.04 5.04 4.53 6.57 9.20 11.02 12.12 12.05 10.29 8.69 7.23 7.88 8.54 3.58 3.43 3.58 2.56 2.34 1.10 2.26 2.63 3.07 3.94 4.31 4.38 4.82 4.67 4.67 4.02 4.16 4.60 5.48 4.60 3.87 7.37 8.10 8.32 6.72 6.28 7.01 7.96 8.76 9.42 10.15 10.22 8.18 8.03 9.56 10.73 11.39 11.68 13.58 13.58 15.99 16.57 15.99 15.62 15.33 15.26 14.67 14.67 16.72 17.30 18.61 19.13 19.56 18.47 18.03 16.99 18.71 18.64 15.44 15.49 13.42 11.81 13.13
3.87 5.84 7.52 8.76 7.88 6.20 4.53 4.82 5.11 5.11 6.57 9.42 13.43 14.82 14.09 12.19 11.24 8.61 7.08 6.42 7.59 8.61 8.61 5.55 4.60 3.80 2.41 2.48 3.87 4.60 4.67 4.45 4.09 4.38 4.74 4.74 4.38 3.72 2.85 3.43 3.50 3.07 5.18 4.67 3.50 2.70 5.99 6.57 6.64 6.94 6.94 7.37 7.59 7.01 6.72 9.78 9.93 10.00 10.59 12.19 12.19 13.58 14.38 13.87 13.72 11.90 13.29 15.40 17.37 18.47 17.89 19.20 18.98 19.20 18.04 17.96 19.84 18.30 20.78 16.15 14.60 12.60 15.29 12.05
2.99 4.45 5.40 6.50 6.86 6.79 6.57 7.74 9.05 9.05 8.98 10.22 11.61 12.05 11.83 10.29 11.10 11.46 10.88 8.32 6.42 4.16 3.36 2.34 2.04 4.02 4.82 4.60 3.87 3.50 4.16 5.55 5.40 5.77 5.62 5.62 4.31 2.77 2.63 2.77 1.97 3.50 4.23 3.43 3.80 5.11 4.38 6.13 5.77 5.48 6.35 6.86 6.42 7.23 7.37 7.52 7.08 6.94 9.42 11.90 11.90 9.42 7.70 7.15 8.10 9.64 11.02 13.87 15.99 15.11 13.87 13.72 15.11 16.21 17.19 18.13 22.90 21.31 20.92 15.53 13.22 14.70 16.62 15.71
2.99 4.45 5.40 6.50 6.86 6.79 6.57 7.74 9.05 9.05 8.98 10.22 11.61 12.05 11.83 10.29 11.10 11.46 10.88 8.32 6.42 4.16 3.36 2.34 2.04 4.02 4.82 4.60 3.87 3.50 4.16 5.55 5.40 5.77 5.62 5.62 4.31 2.77 2.63 2.77 1.97 3.50 4.23 3.43 3.80 5.11 4.38 6.13 5.77 5.48 6.35 6.86 6.42 7.23 7.37 7.52 7.08 6.94 9.42 11.90 11.90 9.42 7.70 7.15 8.10 9.64 11.02 13.87 15.99 15.11 13.87 13.72 15.11 16.21 16.50 18.23 17.78 18.75 17.52 18.07 16.17 15.02 13.02 14.50
1.17 1.75 2.77 3.65 6.94 6.64 6.94 7.52 8.61 8.61 6.50 7.01 9.20 9.93 10.37 10.37 10.07 10.44 11.97 5.62 4.96 3.87 3.50 2.85 3.87 4.45 5.04 5.40 4.45 5.04 5.33 5.33 4.67 4.53 3.72 3.72 1.75 0.51 0.00 1.02 1.53 0.00 3.36 3.80 4.45 4.16 3.72 3.80 6.20 5.40 5.48 5.84 7.23 7.08 6.79 6.72 6.20 5.48 5.18 4.60 4.60 2.92 0.00 1.61 5.62 8.91 10.15 10.88 11.17 11.32 11.39 12.48 15.11 17.08 17.45 17.68 18.44 22.44 20.60 16.86 18.03 15.86 15.66 16.21
2.19 0.73 0.58 1.83 3.72 4.89 5.99 7.52 8.61 8.61 9.27 9.56 7.96 8.98 8.69 7.59 8.40 9.86 5.18 5.18 5.55 4.45 3.43 4.96 3.87 3.72 4.96 6.50 7.15 6.79 5.91 5.26 3.80 4.60 3.07 3.07 3.07 2.56 2.26 1.97 7.37 6.86 5.18 4.82 3.58 0.00 2.63 3.07 3.50 3.14 3.43 3.58 4.53 5.04 5.11 5.04 4.23 3.07 1.68 0.00 0.00 0.00 0.00 0.00 1.10 4.53 6.64 7.81 10.07 11.83 12.85 13.94 16.35 18.98 18.27 19.99 19.60 19.56 20.67 18.70 21.78 13.70 16.69 18.47
2.48 1.53 1.02 2.34 4.23 5.84 7.66 7.45 6.72 6.72 6.50 6.42 6.57 5.48 6.20 0.00 5.99 3.65 5.84 5.33 3.50 2.48 2.99 4.09 4.89 3.72 3.72 5.77 6.64 5.04 5.48 5.18 4.45 4.38 4.67 4.67 5.04 4.96 5.84 6.57 7.37 7.01 5.77 4.45 5.33 0.00 2.92 1.39 0.00 1.17 0.00 2.85 1.83 2.56 2.26 1.17 1.10 1.46 0.00 0.00 0.00 0.00 0.00 0.00 3.07 3.07 4.67 6.20 7.30 7.01 6.79 9.13 12.82 15.71 16.01 18.27 19.68 16.72 16.92 18.64 17.12 15.57 15.96 13.88
1.46 0.00 1.68 1.17 2.41 0.00 4.82 6.57 6.86 6.86 6.42 4.74 4.02 2.77 0.00 0.00 0.00 3.36 3.72 4.16 3.65 3.80 3.87 4.02 2.70 2.56 3.72 4.45 4.31 4.23 2.92 3.07 3.43 5.04 6.06 6.06 7.01 8.32 8.25 7.74 8.18 8.10 6.20 5.55 4.60 0.00 0.00 1.10 0.00 0.00 0.00 0.00 0.88 0.95 0.00 0.44 0.00 0.00 0.00 0.00 0.00 0.00 0.00 1.24 3.65 4.31 3.80 3.58 4.02 5.77 8.18 9.34 12.79 15.05 14.93 13.39 14.17 15.47 12.15 12.07 12.31 12.20 11.68 10.92
1.46 0.00 0.00 0.00 0.00 0.00 4.31 5.48 0.00 0.00 0.00 0.00 0.00 0.00 0.00 0.00 0.00 0.00 0.00 1.24 2.77 4.38 3.87 4.09 2.77 1.46 2.92 1.90 2.77 2.70 3.07 4.02 5.26 6.35 6.42 6.42 4.96 6.79 5.84 7.88 7.15 5.62 4.60 0.00 0.00 0.00 2.04 2.56 0.00 0.00 0.00 0.00 0.00 0.00 0.00 0.00 2.77 2.34 0.00 0.00 0.00 1.75 2.12 1.90 3.72 4.60 3.80 4.53 6.42 9.56 12.88 13.89 15.54 13.33 13.27 11.89 8.09 9.61 9.48 11.40 8.74 7.16 6.12 3.65
1.46 0.00 0.00 0.00 0.00 0.00 4.31 5.48 0.00 0.00 0.00 0.00 0.00 0.00 0.00 0.00 0.00 0.00 0.00 1.24 2.77 4.38 3.87 4.09 2.77 1.46 2.92 1.90 2.77 2.70 3.07 4.02 5.26 6.35 6.42 6.42 4.96 6.79 5.84 7.88 7.15 5.62 4.60 0.00 0.00 0.00 2.04 2.56 0.00 0.00 0.00 0.00 0.00 0.00 0.00 0.00 2.77 2.34 0.00 0.00 0.00 1.75 2.12 1.90 3.72 4.60 3.80 4.53 6.42 9.56 12.94 13.75 14.06 14.85 14.15 13.87 9.39 9.30 9.91 11.08 9.24 8.49 5.59 3.10
2.56 0.00 0.00 0.00 0.00 0.00 0.00 0.00 0.00 0.00 0.00 2.56 0.00 0.00 0.00 0.00 0.00 0.00 0.00 0.00 0.00 3.14 3.36 0.00 0.00 0.00 0.00 0.00 2.41 3.50 5.69 6.13 5.77 5.77 6.64 6.64 6.28 6.13 5.11 0.00 4.23 4.38 3.36 2.63 0.00 0.00 0.00 0.00 0.00 0.00 0.00 1.53 0.00 0.07 1.39 2.19 2.70 2.48 2.63 1.90 1.91 1.54 0.00 0.00 2.56 4.16 5.33 6.72 9.54 14.08 15.56 15.26 16.35 15.69 12.58 10.07 8.38 6.70 7.06 8.06 8.43 3.27 2.01 0.46
2.34 1.10 0.00 0.00 0.00 0.00 0.00 0.00 0.00 0.00 0.00 0.00 0.00 0.00 2.48 0.00 3.07 0.00 0.00 0.00 0.00 0.00 0.00 0.00 0.00 0.00 3.29 2.26 0.00 3.07 3.21 0.00 3.80 0.00 4.09 4.09 0.00 5.99 0.00 0.00 2.85 2.85 1.90 0.00 0.00 0.00 3.58 3.14 0.00 1.83 2.12 0.00 0.00 0.00 0.00 0.00 2.19 3.07 3.36 2.56 2.56 1.97 3.43 3.87 3.72 4.16 5.84 8.69 11.32 13.14 13.36 13.62 14.05 13.93 10.38 8.41 7.11 5.33 4.69 6.49 3.37 0.62 0.00 0.00
4.45 2.56 1.97 0.00 0.00 0.00 0.00 0.00 0.00 0.00 0.00 0.00 0.00 0.00 0.00 0.00 0.00 0.00 2.99 0.00 0.00 0.00 3.14 0.00 0.00 0.00 3.14 3.87 0.00 0.00 3.65 3.43 3.65 0.00 0.00 0.00 3.21 0.00 4.45 4.23 4.09 4.89 4.16 3.72 3.58 0.00 0.00 0.00 2.63 2.34 2.70 0.00 0.44 1.02 0.00 0.00 1.17 2.99 2.99 2.92 2.92 2.41 2.77 3.72 4.60 5.40 6.13 7.23 8.10 10.15 13.07 13.76 13.30 11.43 6.52 1.77 1.01 4.68 5.14 5.12 0.00 0.09 0.00 0.00
5.99 4.23 0.00 0.00 0.00 0.00 0.00 0.00 0.00 0.00 0.00 0.00 0.00 0.00 0.00 0.00 0.00 0.00 2.70 2.04 1.61 1.75 4.02 3.58 3.58 1.90 2.85 3.87 0.00 0.00 3.94 3.65 0.00 0.00 0.00 0.00 0.00 0.00 0.00 0.00 0.00 0.00 0.00 3.87 2.70 0.00 0.00 0.00 0.00 0.00 3.14 3.07 0.00 0.00 2.04 1.31 2.34 0.00 4.74 0.00 0.00 0.00 2.92 4.16 6.13 5.84 6.28 7.01 7.66 7.23 9.86 11.13 9.46 4.34 2.81 0.50 0.79 0.99 2.43 0.48 0.00 0.00 0.00 0.00
3.72 0.00 0.58 0.00 0.00 0.00 0.00 0.00 0.00 0.00 0.00 0.00 0.00 0.00 0.00 0.00 0.00 0.00 1.46 0.00 1.90 1.39 2.34 3.29 3.58 2.48 2.34 3.87 3.80 0.00 2.48 0.00 2.34 0.00 0.00 0.00 0.00 0.00 0.00 0.00 0.00 0.00 0.00 0.00 1.97 3.58 4.16 1.75 3.07 3.87 3.58 3.80 4.38 2.77 0.00 0.00 2.77 4.45 5.04 4.16 4.16 0.00 2.63 3.87 5.62 5.04 3.94 5.33 6.13 7.74 9.86 9.05 5.84 2.09 0.87 0.43 0.44 0.00 0.00 0.00 0.00 0.00 0.00 0.00
0.00 0.00 0.00 0.00 0.00 0.00 0.00 4.53 0.00 0.00 0.00 0.00 0.00 0.00 0.00 0.00 0.00 0.00 0.00 0.00 0.00 0.00 0.00 0.00 2.12 3.36 2.92 3.07 3.14 0.00 0.00 0.00 0.00 0.00 0.00 0.00 0.00 0.00 0.00 0.00 0.00 0.00 3.43 0.00 2.34 0.80 3.50 3.36 3.21 3.36 3.65 0.00 0.00 0.00 0.00 0.00 2.85 0.00 0.00 3.36 3.36 0.00 0.00 0.00 0.00 0.00 3.43 4.74 5.11 6.42 6.50 4.33 1.49 1.34 0.59 0.86 3.20 1.81 0.00 0.00 0.00 0.00 0.00 0.00
0.00 0.00 0.00 0.00 0.00 0.00 0.00 4.53 0.00 0.00 0.00 0.00 0.00 0.00 0.00 0.00 0.00 0.00 0.00 0.00 0.00 0.00 0.00 0.00 2.12 3.36 2.92 3.07 3.14 0.00 0.00 0.00 0.00 0.00 0.00 0.00 0.00 0.00 0.00 0.00 0.00 0.00 3.43 0.00 2.34 0.80 3.50 3.36 3.21 3.36 3.65 0.00 0.00 0.00 0.00 0.00 2.85 0.00 0.00 3.36 3.36 0.00 0.00 0.00 0.00 0.00 3.43 4.74 5.11 6.42 6.50 4.31 1.47 1.32 0.59 0.90 2.85 1.74 0.00 0.00 0.00 0.00 0.00 0.00
0.00 1.90 0.00 4.09 3.21 0.00 1.61 0.00 0.37 0.37 1.39 2.12 0.00 0.00 0.00 0.00 0.00 0.00 2.34 0.00 0.00 2.56 0.00 0.00 1.10 2.26 0.00 0.00 0.00 0.00 0.00 0.00 0.00 2.56 2.48 2.48 0.00 0.00 0.00 0.00 2.19 0.00 0.00 0.00 2.56 3.21 5.40 4.89 4.45 4.38 0.00 0.00 0.00 0.00 0.00 0.00 0.00 0.00 0.00 0.00 0.00 0.00 0.00 0.00 0.00 0.00 0.00 3.21 3.50 2.92 2.63 0.37 0.00 0.00 0.00 0.00 0.00 0.00 0.00 0.00 0.00 0.00 0.00 0.00
3.50 0.00 3.87 3.72 0.00 0.00 0.00 0.00 0.00 0.00 1.75 0.00 0.00 0.00 0.00 0.00 0.00 0.00 0.00 0.00 0.00 0.00 0.00 0.00 0.00 2.41 0.00 0.00 0.00 0.00 0.00 2.04 0.00 0.00 0.00 0.00 0.00 0.00 0.00 0.00 0.00 0.00 0.00 0.00 0.00 4.38 3.80 2.77 3.36 0.00 0.00 0.00 0.00 0.00 0.00 0.00 0.00 0.00 0.00 0.00 0.00 0.00 0.00 0.00 0.00 0.22 0.00 0.00 0.00 0.00 0.58 0.00 0.58 0.15 0.00 0.00 0.00 0.00 0.00 0.00 0.00 0.00 0.00 0.00
