Wansh/reverse/1990041.txt
ncols 321
nrows 161
xllcenter 60
yllcenter 15 
cellsize  0.25 
NODATA_value -1
[rows 0 to 36 of 161, columns 84 to 167 of 321]
17.08 16.72 16.72 16.28 14.97 11.02 9.42 9.71 12.12 14.60 15.04 15.48 14.89 16.13 15.99 16.28 17.01 18.25 18.25 16.13 15.48 14.53 12.48 9.13 5.62 3.29 2.26 2.26 2.63 2.85 4.16 7.23 9.78 9.56 7.37 6.86 7.66 0.00 0.00 0.00 0.00 1.17 0.00 0.00 0.00 0.00 0.00 0.00 0.00 1.53 0.00 0.00 0.00 0.00 2.56 0.00 0.00 0.95 0.00 0.00 0.00 0.00 0.00 0.00 0.00 0.00 0.00 0.00 0.00 0.00 0.00 0.37 0.00 0.00 10.00 11.61 11.02 11.61 11.17 10.59 9.86 9.05 8.40 7.96
15.18 15.26 13.80 12.63 11.61 10.51 9.05 9.64 11.10 12.05 12.70 11.97 10.51 10.51 11.10 11.10 13.94 15.18 15.18 15.18 14.16 14.89 14.09 11.46 7.96 4.60 2.63 2.12 3.29 3.94 3.72 5.99 8.54 11.61 9.20 7.81 0.00 0.00 0.00 0.00 0.00 2.92 2.63 2.63 2.34 1.02 0.22 0.00 0.00 0.29 0.22 1.61 0.00 0.00 0.00 1.02 1.68 0.29 0.00 0.00 0.00 0.00 0.00 0.00 0.00 0.00 0.00 1.39 1.39 1.61 2.48 3.14 0.00 8.98 10.51 12.48 13.80 14.75 14.02 13.87 12.78 11.68 12.12 11.53
13.21 13.07 12.05 11.68 9.49 10.51 12.26 12.19 12.85 12.85 13.07 12.85 12.05 10.15 7.59 5.69 6.50 10.37 10.37 13.87 15.33 13.43 13.43 13.21 9.71 5.77 2.99 1.02 1.75 3.72 4.96 4.60 6.20 8.69 8.76 0.00 0.00 0.00 0.00 0.00 0.00 0.00 5.40 5.40 7.45 7.96 7.23 0.44 0.00 0.00 0.00 0.00 0.00 0.00 0.51 2.04 5.48 7.88 7.59 5.62 4.82 4.74 4.16 2.48 0.73 0.22 3.80 5.18 5.18 4.53 3.07 2.85 7.30 9.05 12.12 12.99 12.56 13.14 13.36 14.24 14.75 14.75 14.24 14.02
13.21 13.07 12.05 11.68 9.49 10.51 12.26 12.19 12.85 12.85 13.07 12.85 12.05 10.15 7.59 5.69 6.50 10.37 10.37 13.87 15.33 13.43 13.43 13.21 9.71 5.77 2.99 1.02 1.75 3.72 4.96 4.60 6.20 8.69 8.76 0.00 0.00 0.00 0.00 0.00 0.00 0.00 5.40 5.40 7.45 7.96 7.23 0.44 0.00 0.00 0.00 0.00 0.00 0.00 0.51 2.04 5.48 7.88 7.59 5.62 4.82 4.74 4.16 2.48 0.73 0.22 3.80 5.18 5.18 4.53 3.07 2.85 7.30 9.05 12.12 12.99 12.56 13.14 13.36 14.24 14.75 14.75 14.24 14.02
9.56 7.74 5.62 8.69 10.07 11.02 12.99 13.36 13.07 13.21 13.07 11.24 11.32 10.44 9.86 7.96 5.84 2.56 2.56 2.04 4.60 7.81 11.97 14.24 13.87 10.59 6.86 4.74 2.99 4.74 3.94 4.09 2.41 4.89 3.07 3.94 3.80 0.00 0.00 0.00 0.00 0.00 0.00 0.00 4.02 8.61 7.96 0.00 0.00 0.00 0.00 0.00 0.00 0.00 0.00 0.00 0.00 0.80 4.60 7.08 7.96 7.74 7.15 6.50 7.81 10.22 10.07 9.13 9.13 7.88 5.55 11.75 10.80 10.44 12.41 15.26 16.86 16.50 15.70 15.33 14.45 12.99 12.05 12.92
9.86 8.18 8.25 9.42 9.86 6.79 5.99 6.35 7.52 10.29 10.15 13.21 13.07 11.97 12.99 14.89 14.24 9.78 9.78 4.89 0.66 0.00 4.45 10.88 14.16 13.94 7.66 4.16 4.23 4.31 2.99 3.72 5.04 0.22 1.24 0.51 1.90 0.00 0.00 0.00 0.00 0.00 0.00 0.00 0.00 0.00 4.96 0.00 0.00 0.00 0.00 0.00 0.00 0.00 0.00 0.00 0.00 0.00 2.04 4.31 6.06 6.42 7.88 9.78 10.29 10.95 9.71 5.33 5.33 5.77 12.12 12.41 12.99 12.41 10.44 9.13 10.80 12.34 12.99 13.29 13.80 14.24 13.72 13.72
7.52 7.08 7.30 7.66 8.69 9.71 9.34 9.56 10.15 9.20 9.20 10.07 11.68 12.34 11.10 13.58 16.43 16.72 16.72 14.16 10.29 3.87 0.00 1.17 7.15 6.28 1.46 1.24 4.45 3.21 2.41 1.68 4.31 0.00 0.00 0.29 0.00 0.00 0.00 0.00 0.00 0.00 0.00 0.00 0.00 1.90 0.00 0.00 0.00 0.00 0.00 0.00 0.00 0.00 0.00 0.66 2.26 4.96 4.89 2.63 6.28 9.71 12.41 12.26 11.53 11.53 10.95 8.18 8.18 15.04 14.16 14.45 15.84 15.70 14.38 13.43 12.12 11.53 9.86 9.34 11.17 13.14 13.72 13.65
7.52 7.08 7.30 7.66 8.69 9.71 9.34 9.56 10.15 9.20 9.20 10.07 11.68 12.34 11.10 13.58 16.43 16.72 16.72 14.16 10.29 3.87 0.00 1.17 7.15 6.28 1.46 1.24 4.45 3.21 2.41 1.68 4.31 0.00 0.00 0.29 0.00 0.00 0.00 0.00 0.00 0.00 0.00 0.00 0.00 1.90 0.00 0.00 0.00 0.00 0.00 0.00 0.00 0.00 0.00 0.66 2.26 4.96 4.89 2.63 6.28 9.71 12.41 12.26 11.53 11.53 10.95 8.18 8.18 15.04 14.16 14.45 15.84 15.70 14.38 13.43 12.12 11.53 9.86 9.34 11.17 13.14 13.72 13.65
6.57 6.35 6.50 6.72 7.66 8.40 8.47 10.00 11.17 11.39 10.51 5.77 4.96 7.30 10.44 11.97 13.65 14.53 14.53 15.18 14.02 12.70 7.81 3.50 2.41 1.02 1.46 3.21 3.94 4.74 3.43 2.41 0.00 0.44 2.70 5.33 0.00 2.04 0.00 0.00 0.00 0.00 1.61 1.61 1.24 0.00 0.00 0.00 0.00 0.00 0.00 0.00 0.00 0.00 0.00 0.00 0.00 1.46 2.56 2.26 4.23 6.20 8.32 8.61 7.88 10.37 11.39 15.77 15.77 15.33 15.70 16.79 16.21 14.89 14.16 13.72 12.26 11.68 11.75 10.37 8.69 8.98 9.34 10.29
8.91 8.83 8.98 8.03 8.98 8.98 9.27 11.53 15.11 13.94 10.80 6.72 4.53 4.60 10.51 15.33 15.11 14.89 14.89 14.45 12.78 13.14 8.61 2.19 0.95 1.90 3.94 5.18 6.94 7.74 6.28 0.00 0.00 3.58 6.94 4.60 3.87 2.77 0.51 0.00 0.00 0.00 0.00 0.00 0.00 0.00 0.00 0.00 1.17 2.92 4.45 8.18 8.10 4.45 2.63 3.72 3.94 3.36 2.34 0.58 1.02 3.29 3.50 2.77 2.85 5.33 8.76 11.90 11.90 12.34 12.41 12.26 13.87 12.05 10.00 10.15 12.41 17.16 17.08 16.43 13.21 10.44 8.76 7.52
8.83 8.25 6.57 7.37 10.59 13.51 13.43 13.51 13.21 13.72 10.29 4.16 4.74 7.01 9.20 11.46 11.68 11.97 11.97 11.97 12.26 9.27 3.43 0.44 1.83 3.29 3.87 3.87 6.50 8.03 0.00 0.00 0.00 0.80 2.63 2.34 2.12 0.73 0.00 0.00 0.00 0.00 0.00 0.00 0.22 0.22 0.37 1.83 3.50 4.67 4.31 5.48 5.99 4.45 4.45 5.91 6.64 6.35 3.80 0.51 1.75 3.50 4.02 5.18 5.04 4.23 14.31 19.86 19.86 20.95 19.35 16.50 15.04 14.24 12.56 11.53 14.97 18.54 18.25 14.67 11.53 10.95 13.07 11.68
8.83 8.25 6.57 7.37 10.59 13.51 13.43 13.51 13.21 13.72 10.29 4.16 4.74 7.01 9.20 11.46 11.68 11.97 11.97 11.97 12.26 9.27 3.43 0.44 1.83 3.29 3.87 3.87 6.50 8.03 0.00 0.00 0.00 0.80 2.63 2.34 2.12 0.73 0.00 0.00 0.00 0.00 0.00 0.00 0.22 0.22 0.37 1.83 3.50 4.67 4.31 5.48 5.99 4.45 4.45 5.91 6.64 6.35 3.80 0.51 1.75 3.50 4.02 5.18 5.04 4.23 14.31 19.86 19.86 20.95 19.35 16.50 15.04 14.24 12.56 11.53 14.97 18.54 18.25 14.67 11.53 10.95 13.07 11.68
4.74 7.23 9.86 10.51 12.05 8.61 5.69 2.77 0.73 2.92 0.00 4.23 5.48 9.13 11.32 11.10 11.46 11.68 11.68 12.05 12.19 10.00 4.31 2.63 5.91 5.77 4.02 2.70 3.80 0.00 0.00 0.00 0.00 0.00 0.00 2.92 5.40 4.74 3.07 2.34 4.23 4.60 3.87 3.87 3.50 2.63 1.17 2.56 4.60 5.99 7.59 9.34 8.98 4.82 2.77 5.91 9.27 11.90 11.02 6.94 4.96 5.04 4.09 5.18 6.20 10.00 13.58 15.04 15.04 16.35 16.79 17.01 15.18 13.58 15.84 17.23 17.96 18.40 18.83 16.79 14.09 14.31 15.04 15.40
8.25 10.88 10.29 10.29 8.69 3.58 0.00 0.00 3.43 6.06 6.06 4.74 6.57 8.91 8.40 8.25 8.61 8.83 8.83 8.76 7.45 6.79 6.28 5.69 6.50 4.53 4.31 3.65 0.66 2.56 4.16 5.26 8.25 6.57 5.48 6.86 9.64 9.42 5.77 5.40 5.33 3.14 1.83 1.83 1.24 3.29 4.53 5.40 5.69 6.13 7.15 5.33 4.31 6.64 3.29 3.65 5.18 8.47 9.71 9.42 9.56 10.15 7.81 5.99 15.55 14.97 15.48 16.64 16.64 16.28 19.49 18.25 16.21 14.82 15.62 18.32 17.37 16.35 14.82 13.51 12.56 11.90 12.99 14.31
9.20 8.61 7.59 10.37 5.91 0.00 0.00 0.00 3.07 7.01 8.47 7.88 8.03 8.47 9.64 10.51 10.15 8.10 8.10 5.77 4.89 4.82 0.00 7.15 5.55 3.36 5.11 7.52 6.72 7.52 8.76 10.88 11.46 9.56 7.81 5.26 3.72 2.99 2.04 2.70 4.96 6.13 6.42 6.42 5.77 6.28 7.52 8.40 8.54 8.83 7.88 7.37 7.96 8.76 9.13 8.69 8.40 8.61 5.04 3.43 6.06 8.76 11.46 16.28 15.55 17.01 15.62 14.24 14.24 15.40 17.67 17.52 13.94 12.78 12.41 11.24 9.05 5.84 0.00 6.28 14.60 16.13 14.97 16.28
2.99 5.55 6.64 8.10 7.52 3.80 2.70 6.28 6.64 6.79 7.52 8.32 9.20 9.78 0.00 0.00 0.00 0.00 0.00 0.00 0.00 2.19 9.27 12.85 10.29 8.40 6.79 3.36 6.57 8.18 9.71 10.59 7.74 4.96 3.58 1.31 0.00 0.15 2.26 4.82 7.66 10.00 10.37 10.37 8.47 5.62 5.48 5.33 5.26 6.57 7.66 7.96 9.78 12.26 15.55 16.43 14.67 10.95 4.31 1.61 2.12 1.97 3.07 8.32 9.93 12.85 15.62 13.36 13.36 15.26 15.99 16.86 17.08 19.86 20.81 14.82 9.93 0.00 0.00 8.25 17.74 20.88 17.52 18.10
2.99 5.55 6.64 8.10 7.52 3.80 2.70 6.28 6.64 6.79 7.52 8.32 9.20 9.78 0.00 0.00 0.00 0.00 0.00 0.00 0.00 2.19 9.27 12.85 10.29 8.40 6.79 3.36 6.57 8.18 9.71 10.59 7.74 4.96 3.58 1.31 0.00 0.15 2.26 4.82 7.66 10.00 10.37 10.37 8.47 5.62 5.48 5.33 5.26 6.57 7.66 7.96 9.78 12.26 15.55 16.43 14.67 10.95 4.31 1.61 2.12 1.97 3.07 8.32 9.93 12.85 15.62 13.36 13.36 15.26 15.99 16.86 17.08 19.86 20.81 14.82 9.93 0.00 0.00 8.25 17.74 20.88 17.52 18.10
4.23 5.62 5.62 7.01 7.66 4.96 1.53 1.02 2.41 4.09 6.50 6.35 8.18 9.56 9.42 0.00 0.00 8.47 8.47 5.99 3.87 3.14 4.31 8.25 12.34 13.65 2.70 0.44 2.34 4.89 7.15 8.61 7.88 5.91 2.26 0.00 0.00 0.00 0.66 2.41 3.50 5.48 6.94 6.94 7.88 7.66 5.33 4.82 6.35 9.78 10.00 9.05 8.98 9.20 10.51 11.61 9.64 4.82 0.51 1.17 3.50 2.56 12.26 9.13 10.00 12.63 13.87 15.62 15.62 17.37 17.45 14.53 12.34 21.02 21.24 14.89 8.98 0.00 0.00 10.07 9.49 7.37 7.96 7.52
7.81 11.02 10.51 9.78 9.86 8.98 7.08 3.94 1.75 4.82 6.13 6.20 8.76 11.46 12.26 12.34 12.63 11.53 11.53 10.15 8.69 5.04 2.56 4.96 7.96 6.64 2.92 1.24 0.00 3.50 6.20 9.42 11.02 10.00 5.69 1.10 0.00 0.00 0.00 2.04 4.31 7.01 7.66 7.66 7.37 8.25 5.62 5.40 9.20 11.90 12.92 11.24 8.98 8.25 9.49 9.34 7.37 5.18 7.96 9.27 8.47 16.06 15.18 12.05 12.41 14.75 14.60 18.32 18.32 21.53 19.35 16.94 16.28 18.25 16.50 9.42 4.96 4.96 5.04 6.20 7.15 7.88 9.13 5.77
4.16 6.20 5.69 4.02 7.45 10.37 9.49 6.06 4.16 5.33 7.52 7.23 6.94 9.93 11.24 10.73 10.51 13.14 13.14 14.38 12.78 9.20 6.35 4.53 2.99 5.18 5.48 4.67 3.58 4.02 6.64 9.93 11.39 7.01 0.00 4.23 0.66 0.00 0.00 0.00 0.00 9.20 12.63 12.63 13.43 11.61 6.50 5.04 9.49 14.82 17.74 16.86 12.92 9.64 10.00 10.95 12.26 10.66 8.69 8.76 20.51 21.53 18.40 16.13 13.36 14.31 17.52 19.05 19.05 17.08 11.83 9.05 8.32 10.29 9.71 5.99 5.18 6.79 7.15 7.01 7.01 8.98 11.61 10.15
6.94 7.74 6.72 4.23 2.56 4.31 8.69 8.76 4.89 4.23 4.96 7.08 7.81 7.52 6.35 8.03 8.76 9.13 9.13 9.34 10.07 9.78 9.86 6.42 4.16 5.91 9.05 5.11 2.41 2.63 0.00 0.00 6.42 5.48 2.19 0.00 0.00 0.00 0.00 0.00 0.00 0.00 10.66 10.66 18.18 18.18 13.87 11.90 14.67 17.08 17.30 17.30 14.31 11.02 10.88 14.97 14.45 9.05 7.66 13.72 17.67 19.13 18.83 17.81 17.08 17.30 17.37 14.89 14.89 8.61 4.23 3.50 0.00 3.87 0.00 2.99 3.58 4.53 5.33 6.94 8.18 9.13 10.00 9.05
7.30 7.59 9.05 7.23 0.00 1.53 5.18 10.07 11.10 11.32 12.34 13.43 14.67 13.07 9.27 8.25 8.25 6.64 6.64 8.25 10.29 11.10 10.73 8.61 8.83 8.25 8.40 8.10 5.48 0.00 0.00 0.00 0.00 0.00 0.00 0.00 0.00 0.00 0.00 0.00 0.00 0.00 0.00 0.00 6.13 6.13 5.18 5.77 6.64 6.42 10.07 12.99 16.64 17.16 18.83 17.01 11.97 10.51 9.56 15.70 19.64 19.56 19.42 18.91 17.67 16.57 13.94 10.59 10.59 6.28 0.00 0.00 0.00 0.22 0.00 1.97 2.77 3.87 4.53 4.82 7.08 7.59 6.86 8.83
7.30 7.59 9.05 7.23 0.00 1.53 5.18 10.07 11.10 11.32 12.34 13.43 14.67 13.07 9.27 8.25 8.25 6.64 6.64 8.25 10.29 11.10 10.73 8.61 8.83 8.25 8.40 8.10 5.48 0.00 0.00 0.00 0.00 0.00 0.00 0.00 0.00 0.00 0.00 0.00 0.00 0.00 0.00 0.00 6.13 6.13 5.18 5.77 6.64 6.42 10.07 12.99 16.64 17.16 18.83 17.01 11.97 10.51 9.56 15.70 19.64 19.56 19.42 18.91 17.67 16.57 13.94 10.59 10.59 6.28 0.00 0.00 0.00 0.22 0.00 1.97 2.77 3.87 4.53 4.82 7.08 7.59 6.86 8.83
4.53 5.40 5.40 6.13 7.59 7.59 7.45 9.93 11.39 12.26 13.94 15.99 17.59 18.03 17.37 13.43 11.24 9.78 9.78 8.98 11.61 11.39 5.40 8.98 13.21 15.26 14.89 12.63 9.20 4.89 0.00 0.00 0.00 0.00 0.00 0.00 0.00 0.00 0.00 0.00 0.00 0.00 0.00 0.00 0.00 0.00 0.00 0.00 0.00 0.00 0.00 0.00 0.00 0.00 0.00 4.74 3.43 6.72 5.99 9.64 11.24 14.24 16.50 17.23 15.99 12.56 11.17 10.59 10.59 9.71 8.54 6.50 0.00 0.00 0.00 2.34 2.63 3.21 1.75 2.19 3.50 3.36 5.55 6.64
4.23 4.96 3.14 5.48 8.54 9.93 11.97 12.56 13.58 14.24 13.94 12.41 12.41 13.51 13.65 14.75 13.36 13.51 13.51 13.87 13.80 11.97 6.57 7.67 9.17 10.97 9.88 10.07 9.56 6.35 0.00 0.00 0.00 0.00 0.00 0.00 0.00 0.00 0.00 0.00 0.00 0.00 0.00 0.00 0.00 0.00 0.00 0.00 0.00 0.00 0.00 0.00 0.00 0.00 0.00 0.00 0.00 0.00 3.65 6.28 8.69 11.17 14.45 15.99 14.53 12.56 9.20 7.23 7.23 9.49 10.88 8.40 6.86 0.00 0.00 0.00 2.19 2.56 2.48 4.09 4.60 3.87 0.00 0.00
9.20 9.05 8.18 8.47 8.98 9.78 12.78 14.60 15.26 15.04 14.09 12.63 11.17 9.64 8.91 10.29 10.66 11.90 11.90 13.43 13.80 7.45 6.72 6.57 7.69 7.45 5.62 9.48 13.21 12.12 6.20 0.00 0.00 0.00 0.00 0.00 0.00 0.00 0.00 0.00 0.00 0.00 0.00 0.00 0.00 0.00 0.00 0.00 0.00 0.00 0.00 0.00 0.00 0.00 0.00 0.00 0.00 0.00 0.00 0.00 5.69 4.38 6.13 7.59 8.40 7.88 7.88 7.96 7.96 7.37 7.23 5.99 5.11 0.00 0.00 2.85 2.63 3.80 4.82 4.38 4.74 4.16 3.58 5.26
12.48 11.53 14.24 13.72 12.48 12.63 11.90 10.00 8.47 7.37 8.69 10.00 9.27 7.74 6.86 8.25 10.07 11.39 11.39 12.34 12.63 4.74 5.27 6.32 5.52 4.39 4.02 4.94 8.73 9.91 0.00 5.04 4.02 0.00 0.00 0.00 0.00 0.00 0.00 0.00 0.00 0.00 0.00 0.00 0.00 0.00 0.00 0.00 0.00 0.00 0.00 0.00 0.00 0.00 0.00 0.00 0.00 0.00 0.00 0.00 6.28 0.00 0.00 0.00 0.00 0.00 0.00 9.27 9.27 8.32 6.64 5.11 5.11 5.69 4.82 5.11 3.72 3.50 3.43 3.14 2.77 0.00 4.16 0.00
11.53 11.68 12.05 12.19 12.26 11.90 9.93 7.66 4.60 0.00 0.00 0.00 0.00 2.41 4.89 6.06 6.50 7.88 7.88 10.93 0.00 0.00 0.00 0.00 2.74 2.85 3.46 4.52 7.97 8.18 8.22 9.56 10.66 7.37 4.67 3.14 0.00 0.00 0.00 0.00 0.00 0.00 0.00 0.00 0.00 0.00 0.00 0.00 0.00 0.00 0.00 0.00 0.00 0.00 0.00 0.00 0.00 0.00 0.00 1.46 3.14 4.45 7.08 7.01 3.65 3.21 7.81 11.32 11.32 11.75 10.37 7.52 5.55 5.48 6.28 6.79 2.56 1.02 3.65 3.43 1.83 3.36 4.45 3.94
11.53 11.68 12.05 12.19 12.26 11.90 9.93 7.66 4.60 0.00 0.00 0.00 0.00 2.41 4.89 6.06 6.50 7.88 7.92 11.29 0.00 0.00 0.00 0.00 2.70 2.85 3.36 4.20 7.45 8.31 8.30 9.96 11.98 7.80 4.79 3.14 0.00 0.00 0.00 0.00 0.00 0.00 0.00 0.00 0.00 0.00 0.00 0.00 0.00 0.00 0.00 0.00 0.00 0.00 0.00 0.00 0.00 0.00 0.00 1.46 3.14 4.45 7.08 7.01 3.65 3.21 7.81 11.32 11.32 11.75 10.37 7.52 5.55 5.48 6.28 6.79 2.56 1.02 3.65 3.43 1.83 3.36 4.45 3.94
11.68 11.83 11.32 10.95 13.72 16.28 15.77 14.97 12.99 7.52 1.10 0.00 0.00 1.61 4.74 5.55 8.54 9.05 9.05 0.00 0.00 0.00 0.00 0.00 0.00 0.00 0.00 6.90 7.01 6.82 6.71 6.73 11.20 14.94 11.97 9.00 4.28 0.00 0.00 0.00 0.00 0.00 0.00 0.00 0.00 0.00 0.00 0.00 0.00 0.00 0.00 0.00 0.00 0.00 0.00 0.00 0.00 0.00 0.00 0.00 0.00 0.00 0.00 9.49 12.12 10.15 8.69 9.13 9.13 7.66 5.26 3.65 4.02 3.43 4.38 3.80 0.95 0.00 0.44 1.75 0.00 0.00 1.83 0.00
11.61 9.64 7.74 7.15 8.18 9.78 12.48 15.55 17.45 18.03 20.37 16.57 12.19 12.26 13.14 14.75 17.30 16.28 16.28 0.00 0.00 0.00 0.00 0.00 0.00 0.00 0.00 6.88 10.13 10.84 9.71 5.99 4.53 8.23 8.97 8.60 9.49 6.24 0.00 0.00 0.00 0.00 0.00 0.00 0.00 0.00 0.00 0.00 0.00 0.00 0.00 0.00 0.00 0.00 0.00 0.00 0.00 0.00 0.00 0.00 0.00 0.00 4.02 10.22 13.58 11.24 8.25 7.96 7.96 6.28 3.72 3.65 2.48 4.31 7.15 6.72 1.10 0.00 0.29 0.66 2.04 0.00 0.00 0.00
10.59 10.44 8.25 6.79 4.16 1.02 1.53 5.40 8.54 11.75 13.58 13.94 11.39 10.88 12.41 13.36 17.30 0.00 0.00 0.00 0.00 0.00 0.00 0.00 0.00 0.00 0.00 0.00 0.00 6.53 10.15 12.85 12.41 9.93 8.61 8.88 10.11 8.76 6.72 5.18 0.00 0.00 0.00 0.00 0.00 0.00 0.00 0.00 0.00 0.00 0.00 0.00 0.00 0.00 0.00 0.00 0.00 0.00 0.00 0.00 0.00 0.00 0.00 6.35 9.34 8.47 5.48 6.20 6.20 7.01 1.90 0.00 2.12 3.58 4.60 2.85 1.97 2.85 3.94 3.94 4.45 7.88 6.72 8.10
15.62 17.45 18.83 17.74 14.45 12.19 12.26 13.80 13.87 10.22 7.59 8.40 8.32 8.18 8.76 8.69 0.00 0.00 0.00 0.00 0.00 0.00 0.00 0.00 0.00 0.00 0.00 0.00 0.00 0.00 2.56 7.88 11.97 11.53 11.17 11.46 11.86 11.65 11.32 9.51 6.06 0.00 0.00 0.00 0.00 0.00 0.00 0.00 0.00 0.00 0.00 0.00 0.00 0.00 0.00 0.00 0.00 0.00 0.00 0.00 0.00 0.00 0.00 4.60 4.74 0.00 0.00 0.00 0.00 0.00 0.00 0.00 0.00 0.00 4.23 2.41 0.80 0.22 1.68 5.33 7.15 9.64 10.44 11.10
13.43 17.23 19.13 19.49 19.93 21.02 22.78 24.45 27.50 25.33 25.26 24.09 18.10 12.78 8.69 8.83 0.00 0.00 0.00 0.00 0.00 0.00 1.10 0.00 0.00 0.00 0.00 2.58 0.80 0.00 0.00 0.00 3.43 6.50 9.93 12.19 12.85 10.88 10.82 11.16 5.87 3.72 2.70 2.70 0.15 0.00 0.00 0.00 0.00 0.00 0.00 0.00 0.00 0.00 0.00 0.00 0.00 0.00 0.00 0.00 0.00 0.00 0.00 0.00 0.00 0.00 0.00 0.00 0.00 0.00 0.00 0.00 0.00 0.00 0.00 0.00 0.00 0.00 1.97 3.65 4.67 1.83 5.91 7.74
10.29 8.18 9.13 11.75 15.77 17.23 18.61 16.72 16.17 16.86 20.37 19.78 10.73 6.64 5.91 0.00 0.00 0.00 0.00 0.00 0.00 0.00 0.00 0.00 0.00 3.43 3.07 3.58 4.15 0.00 0.00 0.00 0.00 0.00 0.00 0.00 5.62 7.96 9.86 10.51 5.97 5.33 5.26 5.26 0.00 1.90 0.00 0.00 0.00 0.00 0.00 0.00 0.00 0.00 0.00 0.00 2.99 3.87 0.00 0.00 0.00 0.00 0.00 0.00 0.00 0.00 0.00 0.00 0.00 0.00 0.00 0.00 0.00 0.00 0.00 2.12 0.00 0.00 0.00 1.17 0.00 2.19 0.00 4.60
10.29 8.18 9.13 11.75 15.77 17.23 18.61 16.72 15.77 16.86 20.37 19.78 10.73 6.64 5.91 0.00 0.00 0.00 0.00 0.00 0.00 0.00 0.00 0.00 0.00 3.43 3.07 3.58 4.09 0.00 0.00 0.00 0.00 0.00 0.00 0.00 5.62 7.92 9.95 10.51 5.91 5.33 5.26 5.26 0.00 1.90 0.00 0.00 0.00 0.00 0.00 0.00 0.00 0.00 0.00 0.00 2.99 3.87 0.00 0.00 0.00 0.00 0.00 0.00 0.00 0.00 0.00 0.00 0.00 0.00 0.00 0.00 0.00 0.00 0.00 2.12 0.00 0.00 0.00 1.17 0.00 2.19 0.00 4.60
12.26 6.20 0.00 0.00 11.46 18.32 21.97 20.23 14.23 11.02 11.53 13.21 11.32 7.45 3.87 0.00 0.00 0.00 0.00 0.00 0.00 0.00 0.00 0.00 0.00 0.00 0.00 3.87 4.45 3.94 0.00 0.00 0.00 0.00 0.00 0.00 0.00 2.99 3.82 3.72 0.00 0.00 2.77 2.77 2.77 3.87 4.31 5.04 3.80 0.00 0.00 0.00 0.00 0.00 0.00 0.00 0.00 0.00 0.00 0.00 0.00 0.00 0.00 0.00 0.00 0.00 3.21 2.92 2.92 0.00 0.00 0.00 0.00 0.00 0.00 0.00 0.00 0.00 0.00 0.00 0.00 0.00 0.00 0.00
