Wansh/reverse/1990087.txt
ncols 321
nrows 161
xllcenter 60
yllcenter 15 
cellsize  0.25 
NODATA_value -1
[rows 0 to 36 of 161, columns 168 to 251 of 321]
8.76 8.18 8.83 7.23 7.88 8.61 9.27 7.01 7.23 7.23 7.96 8.25 8.54 8.47 5.99 7.30 8.18 8.98 10.80 13.29 11.83 8.54 8.40 9.05 9.93 8.76 5.18 0.51 0.00 0.00 0.00 3.29 8.98 13.36 13.21 13.21 6.57 8.03 12.78 16.28 11.32 6.13 6.86 9.34 12.92 16.79 18.76 18.61 16.06 12.56 13.87 15.48 14.16 12.05 8.91 10.07 10.73 10.73 10.88 12.99 12.99 15.55 17.81 20.15 24.16 28.98 25.92 24.45 22.19 19.64 17.52 18.10 18.25 19.05 19.56 20.08 21.75 22.19 23.14 22.85 22.34 21.24 20.29 21.68
8.47 11.10 8.91 8.25 9.71 8.47 7.23 8.54 8.76 8.76 9.42 10.80 10.73 9.49 7.01 6.35 6.94 7.74 10.66 12.63 11.39 9.42 8.69 9.78 7.01 3.50 0.15 0.00 0.00 0.00 0.00 4.45 9.93 10.88 7.66 7.66 5.91 7.66 13.65 14.53 9.49 8.47 12.12 13.80 15.70 15.48 12.34 10.51 8.98 7.74 9.78 13.43 14.60 12.48 11.32 11.02 11.39 12.05 11.97 12.85 12.85 14.53 18.25 22.85 24.53 23.00 21.61 21.90 22.63 21.24 19.78 20.22 19.71 18.40 18.98 19.42 21.24 22.70 22.63 21.02 18.61 16.21 14.89 14.53
18.10 14.53 13.29 12.41 14.09 11.83 7.23 6.64 8.47 8.47 10.37 11.61 10.66 9.49 8.61 7.66 8.83 11.39 12.26 12.70 13.21 11.68 11.02 8.98 5.77 0.95 0.00 0.00 0.00 0.00 0.00 6.06 6.50 4.82 4.31 4.31 5.84 11.61 17.89 16.64 11.90 11.61 12.12 12.26 11.68 7.66 5.26 4.96 5.62 5.40 10.80 14.16 15.99 15.70 14.53 13.51 12.70 12.26 12.63 14.38 14.38 14.97 17.16 18.61 19.13 16.64 17.37 19.42 20.37 19.56 18.76 18.10 19.71 19.78 19.56 19.56 19.93 20.88 19.78 17.96 15.70 11.75 10.88 10.15
18.10 14.53 13.29 12.41 14.09 11.83 7.23 6.64 8.47 8.47 10.37 11.61 10.66 9.49 8.61 7.66 8.83 11.39 12.26 12.70 13.21 11.68 11.02 8.98 5.77 0.95 0.00 0.00 0.00 0.00 0.00 6.06 6.50 4.82 4.31 4.31 5.84 11.61 17.89 16.64 11.90 11.61 12.12 12.26 11.68 7.66 5.26 4.96 5.62 5.40 10.80 14.16 15.99 15.70 14.53 13.51 12.70 12.26 12.63 14.38 14.38 14.97 17.16 18.61 19.13 16.64 17.37 19.42 20.37 19.56 18.76 18.10 19.71 19.78 19.56 19.56 19.93 20.88 19.78 17.96 15.70 11.75 10.88 10.15
18.40 16.35 15.55 14.24 13.94 13.51 10.73 6.94 6.06 6.06 8.76 10.95 9.86 11.02 13.58 15.04 15.99 15.62 14.02 11.61 11.39 10.66 8.83 6.35 2.92 0.00 0.00 0.00 0.00 0.00 3.58 4.02 3.29 1.90 4.45 4.45 10.59 15.33 14.45 10.66 7.30 5.33 5.69 4.60 2.48 2.92 2.34 2.26 3.87 8.25 9.78 11.53 14.53 17.96 15.40 12.63 12.34 12.41 12.99 14.45 14.45 16.21 17.30 17.01 15.33 15.26 16.13 18.40 19.20 16.35 16.72 17.74 18.61 17.81 15.11 12.85 13.14 13.80 14.24 14.53 13.07 11.68 11.17 13.80
19.05 18.76 14.82 15.84 14.09 12.92 13.51 10.80 8.25 8.25 9.27 12.70 14.02 14.16 14.09 15.70 19.42 17.81 12.34 9.05 7.45 6.13 0.00 0.00 0.00 0.00 0.00 0.00 1.46 4.16 5.48 3.50 2.48 7.08 12.99 12.99 13.58 11.02 7.30 4.89 4.60 3.21 1.39 1.46 2.12 1.68 1.02 1.83 6.86 7.74 8.91 9.64 10.73 11.24 11.75 11.46 11.17 10.29 10.80 12.70 12.70 15.04 16.35 15.84 14.75 13.07 11.83 13.58 12.12 12.41 12.26 11.61 10.59 9.42 9.34 10.88 12.41 13.58 14.89 15.11 13.80 12.19 11.68 13.29
20.00 18.69 18.18 16.94 15.91 15.99 16.13 16.28 12.85 12.85 9.71 11.17 12.99 13.94 14.53 16.13 15.11 12.34 7.81 6.72 5.11 0.00 0.00 0.00 0.00 0.00 0.00 0.00 6.28 7.15 11.53 9.20 9.93 13.21 15.48 15.48 12.56 8.61 5.04 3.50 0.00 3.58 0.29 0.00 1.75 2.77 1.83 9.78 9.78 10.51 10.66 11.10 11.10 11.24 11.39 11.32 10.15 9.05 9.20 10.44 10.44 10.59 11.46 11.17 10.15 8.10 8.61 10.22 9.71 8.98 8.40 9.42 9.49 8.61 7.66 8.91 10.59 12.85 13.58 13.54 14.60 14.02 13.01 15.74
20.00 18.69 18.18 16.94 15.91 15.99 16.13 16.28 12.85 12.85 9.71 11.17 12.99 13.94 14.53 16.13 15.11 12.34 7.81 6.72 5.11 0.00 0.00 0.00 0.00 0.00 0.00 0.00 6.28 7.15 11.53 9.20 9.93 13.21 15.48 15.48 12.56 8.61 5.04 3.50 0.00 3.58 0.29 0.00 1.75 2.77 1.83 9.78 9.78 10.51 10.66 11.10 11.10 11.24 11.39 11.32 10.15 9.05 9.20 10.44 10.44 10.59 11.46 11.17 10.15 8.10 8.61 10.22 9.71 8.98 8.40 9.42 9.49 8.61 7.66 10.30 14.60 18.49 18.60 23.00 24.11 18.66 16.74 16.33
18.10 22.27 21.46 16.57 12.78 12.85 15.18 16.43 17.23 17.23 12.34 8.83 10.66 12.99 15.55 16.57 12.26 10.37 6.20 0.00 0.00 0.00 0.00 0.00 0.00 0.00 0.00 2.92 6.28 8.83 9.20 9.49 10.59 13.80 16.79 16.79 13.72 6.42 3.14 2.41 0.00 3.14 4.45 4.82 7.01 6.06 13.58 15.48 15.99 14.89 14.09 13.21 11.68 10.88 11.02 9.86 9.05 9.27 10.07 10.15 10.15 10.73 10.66 9.05 8.47 8.69 8.18 8.69 8.10 9.13 9.42 10.51 10.44 10.24 10.08 13.71 15.92 15.60 15.17 18.13 15.98 14.33 13.52 13.36
12.34 17.30 17.08 16.43 13.51 11.10 10.88 11.10 12.99 12.99 12.12 9.93 10.37 11.17 10.59 9.64 7.59 5.26 0.00 0.00 0.00 0.00 0.00 0.00 2.63 6.50 9.05 7.81 7.66 8.83 9.05 7.59 7.01 8.03 8.54 8.54 5.62 0.00 0.00 0.00 0.00 0.00 0.00 6.86 7.23 13.07 14.82 17.30 17.30 15.04 13.29 10.59 8.61 8.69 7.45 7.88 9.13 9.86 10.66 10.80 10.80 11.02 10.88 10.22 10.15 10.66 9.27 7.37 6.79 8.47 10.22 10.59 10.67 12.15 12.76 13.63 14.18 16.75 20.31 18.13 15.02 13.42 14.17 16.85
10.15 9.93 11.10 14.31 15.84 17.81 16.57 12.19 14.16 14.16 15.11 11.10 10.51 9.05 7.01 4.16 0.00 0.00 0.00 0.00 0.00 0.00 2.41 5.33 7.37 7.66 7.96 7.66 5.33 5.84 0.00 0.00 0.00 0.00 0.00 0.00 0.00 0.00 0.00 0.00 8.40 7.66 6.72 7.08 12.56 12.12 10.37 10.66 10.51 11.90 10.59 8.47 7.59 7.59 8.18 9.42 11.46 15.11 13.94 13.36 13.36 12.41 11.32 9.71 9.20 9.49 8.32 8.32 9.42 10.15 9.56 8.83 7.04 6.15 7.98 16.34 20.65 19.97 12.67 18.83 16.91 14.92 12.28 13.65
10.15 9.93 11.10 14.31 15.84 17.81 16.57 12.19 14.16 14.16 15.11 11.10 10.51 9.05 7.01 4.16 0.00 0.00 0.00 0.00 0.00 0.00 2.41 5.33 7.37 7.66 7.96 7.66 5.33 5.84 0.00 0.00 0.00 0.00 0.00 0.00 0.00 0.00 0.00 0.00 8.40 7.66 6.72 7.08 12.56 12.12 10.37 10.66 10.51 11.90 10.59 8.47 7.59 7.59 8.18 9.42 11.46 15.11 13.94 13.36 13.36 12.41 11.32 9.71 9.20 9.49 8.32 8.32 9.42 10.15 9.56 8.83 6.86 6.06 7.74 15.17 18.41 18.49 13.52 19.54 16.91 14.60 13.49 14.60
15.99 13.43 11.61 10.80 11.24 12.99 12.26 11.90 11.39 11.39 10.22 7.37 4.60 3.58 0.00 0.00 0.00 0.00 2.99 4.89 5.99 5.48 6.06 6.13 5.77 3.94 0.00 0.00 0.00 0.00 0.00 0.00 0.00 0.00 0.00 0.00 0.00 0.00 0.00 7.30 7.88 9.05 9.34 11.68 10.37 7.88 6.28 8.03 8.61 8.47 7.52 6.35 6.64 7.37 8.54 8.76 10.15 11.90 12.78 12.19 12.19 11.90 11.61 10.44 9.64 9.93 9.71 11.53 12.48 13.36 11.39 8.91 8.32 8.76 9.43 11.02 12.88 13.12 15.13 15.91 14.30 17.28 17.07 14.48
15.70 15.18 14.67 11.17 9.27 10.95 10.95 13.94 11.46 11.46 6.28 0.00 0.00 0.00 0.00 0.00 0.00 3.36 4.74 6.50 5.91 4.23 3.80 2.34 1.83 0.00 0.00 0.00 0.00 0.00 0.00 0.00 0.00 0.00 0.00 0.00 0.00 0.00 8.32 0.00 0.00 8.54 8.98 11.24 7.74 5.62 5.18 5.04 6.35 7.37 5.04 5.18 4.96 5.84 6.86 8.25 8.83 9.27 9.20 10.15 10.15 11.17 12.56 13.65 12.26 10.80 11.90 11.02 11.83 13.29 12.48 11.17 10.73 9.32 11.96 13.80 11.44 14.06 15.50 10.59 13.58 14.88 17.50 16.95
18.32 19.35 18.40 16.79 17.81 14.24 12.99 15.70 15.33 15.33 11.97 7.59 0.00 0.95 0.58 2.12 4.23 5.84 6.20 6.42 7.52 6.86 7.88 6.86 6.35 6.28 7.45 0.00 0.00 0.00 0.00 0.00 0.00 0.00 0.00 0.00 0.00 0.00 0.00 0.00 0.00 0.00 8.25 8.18 8.47 8.69 6.35 4.96 5.11 5.91 5.99 5.62 5.04 5.11 7.66 8.83 9.93 9.71 9.86 11.24 11.24 14.89 16.79 15.11 14.02 14.82 14.89 13.80 14.45 15.99 16.28 15.62 15.38 14.50 11.13 13.27 15.24 15.79 13.39 14.32 14.60 14.98 15.72 13.51
15.91 16.21 16.79 16.21 18.54 17.52 14.67 12.48 10.15 10.15 9.05 10.29 9.05 7.08 4.89 4.23 4.82 5.04 3.50 3.58 7.37 9.78 9.56 8.10 8.69 9.78 6.20 4.74 0.00 0.00 0.00 0.00 0.00 0.00 0.00 0.00 0.00 0.00 0.00 0.00 0.00 8.83 8.47 8.40 8.47 7.37 5.77 5.77 5.84 3.94 4.89 3.36 2.04 2.63 4.16 5.62 8.76 9.86 10.59 13.21 13.21 15.84 17.52 17.74 16.28 15.99 14.38 12.92 15.33 18.61 20.59 18.51 17.18 13.43 14.60 14.10 16.72 15.25 16.12 16.88 17.02 16.98 13.52 10.83
15.91 16.21 16.79 16.21 18.54 17.52 14.67 12.48 10.15 10.15 9.05 10.29 9.05 7.08 4.89 4.23 4.82 5.04 3.50 3.58 7.37 9.78 9.56 8.10 8.69 9.78 6.20 4.74 0.00 0.00 0.00 0.00 0.00 0.00 0.00 0.00 0.00 0.00 0.00 0.00 0.00 8.83 8.47 8.40 8.47 7.37 5.77 5.77 5.84 3.94 4.89 3.36 2.04 2.63 4.16 5.62 8.76 9.86 10.59 13.21 13.21 15.84 17.52 17.74 16.28 15.99 14.38 12.92 15.33 18.61 20.59 22.73 16.10 14.60 13.11 17.45 16.96 16.86 16.44 15.23 16.45 14.60 14.71 12.29
4.31 5.91 5.40 7.52 10.00 10.95 11.17 13.21 12.85 12.85 12.34 10.73 8.76 6.35 5.04 3.58 2.19 1.97 0.00 0.00 6.50 8.32 7.88 7.96 6.79 5.99 0.00 0.00 0.00 0.00 0.00 0.00 0.00 0.00 0.00 0.00 0.00 0.00 0.00 0.00 11.17 12.63 13.87 9.78 7.15 5.69 4.60 2.41 2.48 2.26 2.19 1.97 1.53 0.58 0.00 0.00 3.58 6.57 8.98 10.44 10.44 11.90 13.72 12.63 11.10 9.78 9.05 10.59 16.13 19.35 21.11 19.34 17.80 17.54 17.48 20.27 19.74 17.83 15.34 18.89 17.86 14.90 12.48 10.67
3.58 2.12 3.21 3.87 5.77 6.94 6.57 6.64 6.13 6.13 2.77 4.60 5.77 5.33 4.16 2.77 2.04 0.00 0.00 0.00 0.00 0.00 7.01 7.15 0.00 0.00 0.00 0.00 0.00 0.00 0.00 0.00 0.00 0.00 0.00 0.00 0.00 0.00 0.00 0.00 10.07 9.86 9.05 5.84 3.21 2.56 2.48 3.21 4.23 2.12 1.17 1.90 3.65 4.82 5.33 4.96 3.50 0.00 3.58 5.62 5.62 5.99 5.40 5.40 6.64 8.18 11.61 15.33 18.40 22.01 23.67 24.92 24.56 25.08 26.31 21.02 22.31 21.52 21.90 21.79 16.55 14.91 12.96 13.78
2.92 3.14 3.87 4.31 6.50 7.37 7.37 6.64 6.28 6.28 6.28 7.23 6.94 8.32 0.00 0.00 0.00 0.00 0.00 0.00 0.00 0.00 9.49 9.42 8.47 0.00 0.00 0.00 0.00 0.00 0.00 0.00 0.00 0.00 0.00 0.00 0.00 0.00 0.00 9.64 9.49 7.01 4.82 1.97 2.92 2.92 2.77 0.00 0.00 1.90 1.39 1.97 2.85 4.74 5.91 5.04 3.58 3.80 3.43 4.31 4.31 7.15 10.66 11.02 7.81 9.78 16.64 19.56 20.51 23.14 26.50 27.38 27.16 25.99 27.08 27.44 24.95 26.39 26.23 21.95 17.39 15.48 14.96 16.28
2.99 2.70 2.56 3.43 4.96 7.66 8.98 9.42 10.15 10.15 9.78 8.47 5.11 0.00 0.00 0.00 0.00 0.00 0.00 0.00 0.00 0.00 0.00 0.00 0.00 0.00 0.00 0.00 0.00 0.00 0.00 0.00 8.40 0.00 0.00 0.00 0.00 0.00 5.91 5.11 5.18 4.38 3.36 3.21 3.72 3.43 0.00 0.00 0.00 0.00 0.00 0.00 0.00 0.00 0.00 1.31 0.00 10.07 11.17 11.17 11.17 12.78 11.68 10.88 11.83 13.07 15.48 18.54 20.88 22.19 23.51 26.86 27.96 28.84 32.09 24.67 30.31 27.11 29.76 25.66 23.19 17.65 17.93 13.82
0.80 0.00 0.00 0.00 3.43 4.89 6.20 7.23 7.23 7.23 6.06 6.79 0.00 0.00 0.00 0.00 0.00 0.00 0.00 0.00 0.00 0.00 0.00 4.74 0.00 0.00 0.00 0.00 0.00 0.00 0.00 0.00 0.00 0.00 0.00 0.00 0.00 6.50 2.04 2.12 2.99 2.04 3.58 3.94 0.00 0.00 0.00 0.00 0.00 0.00 0.00 0.00 0.00 0.00 0.00 0.00 12.26 17.89 16.43 14.67 14.67 11.32 6.02 5.18 9.93 10.73 12.41 15.40 18.61 21.10 22.27 23.80 23.80 26.79 29.12 27.16 33.90 29.93 32.58 25.70 18.27 18.38 21.60 20.95
0.80 0.00 0.00 0.00 3.43 4.89 6.20 7.23 7.23 7.23 6.06 6.79 0.00 0.00 0.00 0.00 0.00 0.00 0.00 0.00 0.00 0.00 0.00 4.74 0.00 0.00 0.00 0.00 0.00 0.00 0.00 0.00 0.00 0.00 0.00 0.00 0.00 6.50 2.04 2.12 2.99 2.04 3.58 3.94 0.00 0.00 0.00 0.00 0.00 0.00 0.00 0.00 0.00 0.00 0.00 0.00 12.26 17.89 16.43 14.67 14.67 11.32 6.02 5.18 9.93 10.73 12.41 15.40 18.61 21.10 22.27 23.80 23.80 26.79 27.96 27.31 26.33 26.33 27.28 29.92 22.35 18.77 16.92 19.33
0.00 0.00 0.00 0.00 0.00 0.00 3.07 6.42 7.45 7.45 9.20 8.54 0.00 0.00 0.00 0.00 0.00 0.00 0.00 0.00 0.00 0.00 7.96 9.42 8.10 6.35 0.00 0.00 0.00 0.00 0.00 0.00 0.00 0.00 0.00 0.00 0.00 3.07 2.99 3.94 4.09 4.02 4.23 0.00 0.00 0.00 0.00 0.00 0.00 0.00 0.00 0.00 0.00 0.00 3.65 7.88 14.82 15.70 9.56 10.29 10.29 8.32 4.67 5.48 8.10 10.15 12.63 16.86 16.79 19.56 20.37 19.35 20.44 22.34 23.94 24.21 25.20 31.24 28.29 22.30 21.57 20.46 23.21 26.52
0.00 0.00 0.00 0.00 0.00 0.00 0.00 0.00 9.78 9.78 0.00 0.00 0.00 0.00 0.00 0.00 0.00 0.00 0.00 0.00 0.00 0.00 0.00 0.00 0.00 0.00 0.00 0.00 0.00 0.00 0.00 0.00 0.00 0.00 0.00 0.00 3.21 0.00 2.26 2.77 3.94 3.94 0.00 0.00 0.00 0.00 0.00 0.00 0.00 0.00 0.00 0.00 0.00 6.86 12.48 12.99 11.90 8.10 5.40 3.72 3.72 0.00 0.00 4.67 7.30 8.40 10.00 12.56 14.31 16.72 17.30 17.67 17.23 21.17 23.73 27.09 27.22 28.14 32.80 29.62 32.24 21.50 25.25 31.57
0.00 0.00 0.00 0.00 0.00 0.00 0.00 0.00 0.00 0.00 0.00 0.00 0.00 0.00 0.00 0.00 0.00 0.00 0.00 0.00 0.00 8.10 8.98 0.00 0.00 7.30 10.44 13.72 11.90 0.00 0.00 0.00 0.00 0.00 0.00 0.00 2.56 3.72 4.23 2.99 0.00 0.00 0.00 0.00 0.00 0.00 0.00 0.00 0.00 0.00 0.00 0.00 0.00 4.16 6.35 4.53 3.36 2.99 3.14 2.19 2.19 0.00 5.26 6.86 7.30 9.56 10.22 12.34 16.57 17.01 17.08 17.89 22.83 26.77 28.68 28.69 28.55 25.13 24.85 27.85 26.89 25.12 18.67 18.53
0.00 0.00 0.00 1.02 0.00 0.00 0.00 0.00 0.00 0.00 0.00 0.00 0.00 0.00 0.00 0.00 0.00 0.00 0.00 0.00 10.44 12.19 11.68 11.68 9.86 7.88 0.00 0.00 0.00 0.00 0.00 0.00 0.00 0.00 0.00 0.00 4.96 6.86 6.35 3.94 0.00 0.00 0.00 0.00 0.00 0.00 0.00 0.00 0.73 0.00 0.00 0.00 0.00 1.31 5.04 0.00 0.00 2.70 5.55 8.03 8.03 7.66 5.11 5.33 5.91 10.37 12.26 12.56 15.99 17.30 17.30 21.53 27.69 29.87 30.42 27.06 24.72 27.22 22.19 22.76 23.67 22.09 21.79 18.28
0.00 0.00 0.00 2.70 2.26 2.26 2.48 2.41 2.85 2.85 0.00 0.00 0.00 0.00 0.00 0.00 0.00 0.00 0.00 0.00 9.34 8.91 7.59 7.37 0.00 0.00 0.00 0.00 0.00 0.00 0.00 0.00 0.00 0.00 0.00 0.00 7.08 0.00 0.00 0.00 0.00 0.00 0.00 0.00 3.43 6.28 7.96 9.20 13.21 9.13 0.00 0.00 0.00 0.00 3.07 3.58 2.77 1.24 0.00 0.00 0.00 2.19 5.55 7.15 8.25 13.51 14.09 12.99 12.99 15.40 17.45 25.51 31.52 29.13 29.62 28.68 22.57 22.26 20.84 14.71 15.30 12.31 12.02 7.20
0.00 0.00 0.00 2.70 2.26 2.26 2.48 2.41 2.85 2.85 0.00 0.00 0.00 0.00 0.00 0.00 0.00 0.00 0.00 0.00 9.34 8.91 7.59 7.37 0.00 0.00 0.00 0.00 0.00 0.00 0.00 0.00 0.00 0.00 0.00 0.00 7.08 0.00 0.00 0.00 0.00 0.00 0.00 0.00 3.43 6.28 7.96 9.20 13.21 9.13 0.00 0.00 0.00 0.00 3.07 3.58 2.77 1.24 0.00 0.00 0.00 2.19 5.55 7.15 8.25 13.51 14.09 12.99 12.99 15.40 17.54 25.24 28.50 32.45 31.60 33.46 26.20 21.55 21.77 14.29 16.18 14.60 10.97 6.12
0.00 0.00 4.02 3.87 4.38 3.80 1.46 0.51 1.68 1.68 4.31 4.67 2.99 1.31 1.61 2.12 3.29 0.00 0.00 0.00 0.00 1.39 1.46 0.00 0.00 0.00 0.00 0.00 0.00 0.00 0.00 0.00 0.00 0.00 0.00 0.00 0.00 0.00 0.00 0.00 2.99 0.00 7.37 10.59 11.24 11.90 14.02 13.51 10.73 6.94 2.56 0.00 0.00 0.00 0.00 0.00 0.00 0.00 2.77 7.81 7.85 9.61 9.68 8.54 12.34 17.37 12.85 6.20 9.46 12.46 23.01 25.51 31.82 31.67 28.86 22.28 15.11 13.88 12.77 8.76 6.80 0.00 0.00 0.00
0.00 0.00 0.00 0.00 0.00 2.70 3.80 0.00 3.58 3.58 7.08 5.04 3.65 3.36 3.21 2.63 3.36 5.18 6.28 6.50 5.99 3.80 0.00 0.00 0.00 6.64 8.25 0.00 0.00 0.00 0.00 0.00 0.00 0.00 3.58 3.58 4.38 5.33 9.71 14.45 13.87 11.02 11.39 11.83 10.22 12.56 17.52 17.74 13.58 8.03 2.77 0.00 0.00 0.00 0.00 0.00 0.00 8.32 19.64 25.84 25.84 22.27 18.25 14.60 9.27 8.10 3.21 0.00 6.57 17.67 21.90 24.76 26.92 28.31 19.85 11.56 6.47 7.46 6.36 4.76 0.00 0.00 0.00 0.00
0.00 0.00 0.00 0.00 0.00 0.00 4.23 0.00 0.00 0.00 3.58 2.41 1.97 3.36 2.70 0.00 6.06 10.22 10.44 6.13 4.45 0.00 0.95 0.00 0.66 1.53 0.00 0.00 0.00 0.00 0.00 0.00 0.00 0.00 0.00 0.00 9.05 13.36 18.54 18.47 13.29 13.43 13.51 11.24 8.83 5.99 6.35 6.64 6.35 5.99 7.59 7.45 7.45 8.25 4.60 0.00 6.50 17.16 22.41 23.14 23.14 20.73 13.29 9.42 8.47 6.57 6.20 10.37 11.90 20.00 20.44 23.93 26.88 24.23 13.46 7.06 5.05 6.13 5.86 0.00 0.00 0.00 0.00 0.00
3.29 0.00 0.00 0.00 0.00 0.00 0.00 0.00 0.00 0.00 0.00 0.00 0.00 0.00 0.00 0.00 0.00 6.13 7.23 3.65 0.00 0.00 0.00 0.00 0.00 0.00 0.00 0.00 0.00 0.00 0.00 0.00 0.00 0.00 4.96 4.96 5.55 7.15 9.86 8.40 5.40 3.50 3.29 4.96 6.35 10.00 11.24 11.90 10.66 9.42 11.75 11.83 7.74 5.11 2.04 0.00 7.15 15.99 17.96 16.43 16.43 18.83 21.39 22.19 21.02 19.49 20.37 17.81 24.45 20.95 21.53 23.60 21.67 14.39 8.65 4.87 4.17 0.00 0.00 0.00 0.00 0.00 0.00 0.00
5.18 4.38 3.65 4.74 0.00 0.00 0.00 0.00 0.00 0.00 0.00 0.00 0.00 0.00 0.00 0.00 0.00 0.00 0.00 0.00 0.00 0.00 0.00 0.00 0.00 0.00 0.00 0.00 0.00 0.00 0.00 0.00 0.00 0.00 0.00 0.00 0.00 0.00 0.00 0.00 0.00 0.00 0.00 0.66 2.85 7.37 11.90 13.36 12.63 10.66 10.37 10.44 3.87 4.38 7.59 8.98 13.58 16.21 20.29 22.34 22.34 24.67 25.04 24.45 23.73 20.29 16.06 18.32 22.19 22.41 23.51 22.12 14.44 5.64 3.09 3.65 0.00 0.00 0.00 0.00 0.00 0.00 0.00 0.00
3.87 0.00 0.00 0.00 0.00 4.09 4.38 0.00 0.00 0.00 0.00 0.00 0.00 0.00 0.00 0.00 0.00 0.00 0.00 0.00 0.00 0.00 0.00 0.00 0.00 0.00 0.00 0.00 0.00 0.00 0.00 0.00 0.00 0.00 0.00 0.00 0.00 0.00 0.00 0.00 0.00 0.00 0.00 0.00 6.13 11.02 14.16 15.84 15.40 13.29 10.73 11.10 13.58 14.53 15.04 17.59 19.35 22.41 23.80 24.38 24.38 23.00 22.56 17.08 15.40 16.79 17.23 19.13 21.75 22.92 22.41 17.02 6.03 2.98 2.29 0.00 0.00 0.00 0.00 0.00 0.00 0.00 0.00 0.00
3.87 0.00 0.00 0.00 0.00 4.09 4.38 0.00 0.00 0.00 0.00 0.00 0.00 0.00 0.00 0.00 0.00 0.00 0.00 0.00 0.00 0.00 0.00 0.00 0.00 0.00 0.00 0.00 0.00 0.00 0.00 0.00 0.00 0.00 0.00 0.00 0.00 0.00 0.00 0.00 0.00 0.00 0.00 0.00 6.13 11.02 14.16 15.84 15.40 13.29 10.73 11.10 13.58 14.53 15.04 17.59 19.35 22.41 23.80 24.38 24.38 23.00 22.56 17.08 15.40 16.79 17.23 19.13 21.75 22.92 22.41 16.94 5.94 2.93 2.29 0.00 0.00 0.00 0.00 0.00 0.00 0.00 0.00 0.00
1.68 0.00 0.00 2.92 0.00 2.41 2.19 0.00 0.00 0.00 0.00 0.00 0.00 0.00 0.00 0.00 0.00 0.00 0.00 0.00 0.00 0.00 0.00 0.00 0.00 0.00 0.00 0.00 0.00 0.00 0.00 0.00 0.00 0.00 0.00 0.00 0.00 0.00 0.00 0.00 0.00 0.00 0.00 0.00 9.13 15.91 18.83 17.67 12.85 7.88 2.12 8.47 18.18 19.49 15.70 13.07 12.92 16.64 19.27 15.48 15.48 17.67 17.59 15.26 15.48 17.89 17.96 19.64 21.10 20.29 18.69 12.63 2.99 0.52 0.00 0.00 0.00 0.00 0.00 0.00 0.00 0.00 0.00 0.00
