Wansh/reverse/1990027.txt
ncols 321
nrows 161
xllcenter 60
yllcenter 15 
cellsize  0.25 
NODATA_value -1
[rows 0 to 36 of 161, columns 168 to 251 of 321]
7.37 8.03 8.32 8.47 7.45 6.79 7.52 8.76 9.86 9.86 9.56 10.37 9.86 8.91 8.69 9.71 9.86 10.73 11.68 13.51 14.97 13.58 13.65 15.26 14.38 9.71 2.92 0.00 0.00 0.00 0.00 4.45 10.07 15.04 13.72 13.72 11.75 12.70 15.26 15.77 12.19 8.98 8.83 9.34 9.93 17.08 15.99 16.21 15.62 11.17 10.73 11.75 11.83 10.88 7.96 8.47 7.88 7.66 7.74 7.96 7.96 14.24 18.03 22.12 26.43 27.38 25.11 22.78 20.37 18.10 16.94 17.23 18.76 18.98 19.35 20.37 22.12 23.51 23.73 25.19 23.58 22.92 22.41 23.94
10.80 9.93 7.96 8.03 7.96 8.25 9.86 10.07 10.44 10.44 10.73 11.24 11.10 10.51 9.93 10.59 10.88 11.61 12.70 13.87 13.87 12.78 13.51 13.87 11.10 4.31 0.00 0.00 0.00 0.00 0.00 2.70 10.88 12.12 11.46 11.46 10.29 11.83 15.04 13.43 11.32 10.59 11.75 13.36 14.02 13.87 12.48 9.13 7.45 8.69 10.07 14.09 11.02 9.20 7.23 8.25 7.66 8.61 10.29 12.34 12.34 15.70 20.51 23.00 23.51 21.90 21.17 22.27 21.61 20.95 19.71 19.42 20.15 21.61 21.32 22.12 23.65 24.82 25.19 23.00 21.17 19.56 17.67 17.01
14.02 11.68 9.42 8.83 9.34 8.69 8.76 9.71 10.66 10.66 10.88 10.37 9.71 9.71 10.59 11.46 13.14 13.72 13.80 13.36 13.58 13.80 14.45 14.45 7.30 0.00 0.00 0.00 0.00 0.00 0.00 7.30 6.94 8.18 9.49 9.49 11.97 15.48 16.13 14.97 12.78 11.90 11.75 11.39 10.22 7.45 5.18 5.84 5.99 5.99 12.78 13.51 13.14 12.78 10.88 8.25 7.74 8.61 10.95 12.34 12.34 15.33 19.13 19.71 17.74 15.11 17.01 19.13 19.78 19.93 18.91 18.83 19.86 20.29 20.95 21.39 22.92 22.63 21.61 19.78 16.79 13.51 12.78 13.87
14.02 11.68 9.42 8.83 9.34 8.69 8.76 9.71 10.66 10.66 10.88 10.37 9.71 9.71 10.59 11.46 13.14 13.72 13.80 13.36 13.58 13.80 14.45 14.45 7.30 0.00 0.00 0.00 0.00 0.00 0.00 7.30 6.94 8.18 9.49 9.49 11.97 15.48 16.13 14.97 12.78 11.90 11.75 11.39 10.22 7.45 5.18 5.84 5.99 5.99 12.78 13.51 13.14 12.78 10.88 8.25 7.74 8.61 10.95 12.34 12.34 15.33 19.13 19.71 17.74 15.11 17.01 19.13 19.78 19.93 18.91 18.83 19.86 20.29 20.95 21.39 22.92 22.63 21.61 19.78 16.79 13.51 12.78 13.87
12.70 11.53 10.15 9.34 9.78 9.78 8.76 8.25 11.17 11.17 11.39 11.53 11.02 11.10 14.02 16.06 16.94 16.57 15.26 13.94 13.14 12.92 10.80 7.88 0.00 0.00 0.00 0.00 0.00 0.00 2.26 6.06 6.86 7.66 9.93 9.93 12.56 15.26 13.65 7.74 6.72 6.72 6.86 5.55 5.91 5.55 5.69 5.84 5.77 6.28 9.78 10.07 12.85 14.89 10.88 10.29 10.22 9.42 10.80 12.41 12.41 14.67 14.67 12.70 13.29 14.16 15.48 17.96 17.96 15.62 16.28 17.23 18.10 17.45 15.70 15.62 16.79 16.94 16.79 15.40 13.29 12.85 12.41 13.94
13.72 11.61 9.05 7.96 7.81 8.10 8.54 8.25 8.83 8.83 10.51 13.36 14.24 12.63 14.16 16.28 17.81 16.06 11.02 8.83 8.98 5.48 0.00 0.00 0.00 0.00 0.00 0.00 0.00 3.36 7.08 6.79 8.03 8.47 11.46 11.46 12.63 9.71 9.05 7.45 6.64 5.11 5.18 5.26 4.53 4.38 6.06 6.20 6.13 7.88 6.94 9.93 9.93 10.15 9.05 10.00 10.22 8.98 9.78 12.34 12.34 14.24 13.65 11.90 11.02 9.42 8.47 10.44 11.68 11.02 9.93 7.88 8.61 9.42 10.22 10.51 12.48 13.58 14.38 14.45 13.43 13.51 12.99 14.97
11.46 11.17 9.93 8.10 7.88 10.22 11.39 10.95 9.05 9.05 10.44 12.05 13.07 13.58 14.45 16.50 15.40 10.22 6.57 5.55 3.21 0.00 0.00 0.00 0.00 0.00 0.00 0.00 0.00 8.83 12.19 11.75 14.45 16.35 15.18 15.18 13.14 10.00 6.42 7.30 6.94 6.28 5.40 5.11 6.72 6.94 7.15 7.23 6.79 10.22 8.98 8.40 8.47 8.32 8.69 8.40 7.66 7.30 8.18 10.07 10.07 9.49 7.45 7.45 7.45 7.23 7.01 7.23 8.32 7.52 8.32 8.69 8.10 8.47 9.71 9.42 11.46 12.56 13.43 15.06 16.22 16.66 15.79 17.77
11.46 11.17 9.93 8.10 7.88 10.22 11.39 10.95 9.05 9.05 10.44 12.05 13.07 13.58 14.45 16.50 15.40 10.22 6.57 5.55 3.21 0.00 0.00 0.00 0.00 0.00 0.00 0.00 0.00 8.83 12.19 11.75 14.45 16.35 15.18 15.18 13.14 10.00 6.42 7.30 6.94 6.28 5.40 5.11 6.72 6.94 7.15 7.23 6.79 10.22 8.98 8.40 8.47 8.32 8.69 8.40 7.66 7.30 8.18 10.07 10.07 9.49 7.45 7.45 7.45 7.23 7.01 7.23 8.32 7.52 8.32 8.69 8.10 8.47 9.71 10.89 15.81 18.07 18.40 25.58 26.79 22.17 20.32 18.43
12.34 12.99 11.97 10.22 8.98 8.54 8.76 9.93 9.93 9.93 9.56 9.71 11.53 13.87 14.97 13.29 10.44 8.18 3.72 0.00 0.00 0.00 0.00 0.00 0.00 0.00 0.00 0.00 9.20 10.88 11.61 12.19 12.78 14.02 13.65 13.65 10.44 7.59 6.35 6.28 5.91 5.84 6.94 7.66 7.66 8.61 9.20 10.51 13.14 12.41 11.75 8.69 6.57 7.88 6.79 6.94 6.79 6.57 6.94 7.59 7.59 6.79 6.06 6.50 6.72 6.64 6.72 7.37 7.59 8.10 8.76 10.22 10.29 10.54 13.66 17.39 19.15 18.25 16.48 20.60 18.62 16.57 16.10 17.52
11.10 12.41 12.63 11.39 10.66 10.80 8.32 7.15 7.74 7.74 8.03 8.32 10.51 10.95 10.44 8.69 4.60 0.00 0.00 0.00 0.00 0.00 0.00 0.00 0.00 2.77 2.12 12.56 11.68 12.05 11.97 10.73 8.10 7.23 7.23 7.23 5.84 4.16 4.82 7.81 7.45 7.59 7.59 7.88 8.47 8.40 8.10 9.13 12.41 12.48 10.59 8.32 6.35 5.99 6.57 6.42 5.91 5.48 5.48 5.84 5.84 6.64 6.57 7.59 6.20 5.33 5.55 6.42 7.74 8.47 8.69 8.03 9.31 13.00 14.60 14.38 16.40 18.33 20.69 18.49 14.18 15.48 19.11 19.54
11.61 12.05 12.78 12.99 12.63 12.70 10.88 9.64 8.32 8.32 7.88 8.76 8.98 8.25 5.40 0.00 0.00 0.00 0.00 0.00 0.00 0.07 3.50 6.94 9.34 6.06 12.41 9.71 8.40 9.56 9.78 7.96 5.84 5.26 4.31 4.31 4.38 5.26 6.50 7.81 8.47 9.20 9.49 7.96 6.72 6.06 4.89 6.94 8.25 9.27 7.81 7.30 6.20 6.28 6.57 7.08 6.86 5.91 5.77 5.91 5.91 6.20 6.57 6.86 6.20 4.96 3.58 6.35 7.08 7.81 7.15 7.15 7.79 8.60 9.86 15.01 19.23 19.39 16.12 17.88 17.75 18.49 17.82 18.83
11.61 12.05 12.78 12.99 12.63 12.70 10.88 9.64 8.32 8.32 7.88 8.76 8.98 8.25 5.40 0.00 0.00 0.00 0.00 0.00 0.00 0.07 3.50 6.94 9.34 6.06 12.41 9.71 8.40 9.56 9.78 7.96 5.84 5.26 4.31 4.31 4.38 5.26 6.50 7.81 8.47 9.20 9.49 7.96 6.72 6.06 4.89 6.94 8.25 9.27 7.81 7.30 6.20 6.28 6.57 7.08 6.86 5.91 5.77 5.91 5.91 6.20 6.57 6.86 6.20 4.96 3.58 6.35 7.08 7.81 7.15 7.15 7.59 8.47 9.56 13.94 17.14 17.95 17.20 18.55 17.75 18.09 19.58 20.15
15.26 13.43 12.56 12.19 12.19 12.70 10.80 8.61 6.94 6.94 6.28 2.99 0.00 0.00 0.00 0.00 0.00 0.00 0.00 4.23 6.13 5.33 7.01 6.06 7.81 9.20 6.72 6.57 7.01 6.57 6.72 6.06 6.64 7.66 7.59 7.59 6.86 6.35 7.37 7.96 8.69 10.07 9.71 7.74 6.72 6.57 3.14 6.13 5.84 5.26 5.40 4.45 5.77 6.72 7.01 5.69 6.13 6.79 6.35 6.50 6.50 6.64 7.96 7.96 7.01 7.74 8.83 8.69 8.18 8.47 8.98 8.32 8.25 7.88 8.31 10.93 13.45 13.22 14.71 15.80 16.93 20.83 21.00 17.27
13.43 13.43 13.36 9.34 8.98 9.05 7.59 3.58 0.00 0.00 0.00 0.00 0.00 0.00 0.00 0.00 0.00 0.88 5.26 7.59 6.13 5.62 5.77 6.86 7.15 6.94 7.74 8.18 9.05 8.83 8.61 8.18 8.69 10.07 11.46 11.46 10.66 10.73 10.51 10.07 9.78 10.51 9.86 8.32 7.08 5.04 5.62 5.62 5.04 4.23 4.74 5.40 5.69 5.69 6.72 5.26 5.26 5.48 5.62 7.52 7.52 7.66 8.98 8.83 8.47 8.32 9.05 9.64 10.22 10.22 10.51 9.93 9.49 10.31 12.80 15.17 13.32 14.06 13.03 11.41 16.23 16.01 18.10 18.84
18.03 18.32 16.94 14.67 14.75 11.90 5.62 2.92 0.00 0.00 0.00 0.00 0.00 0.00 0.00 0.00 1.61 4.09 5.99 6.50 5.55 8.25 8.76 6.13 11.32 10.22 9.86 10.80 10.44 10.80 9.93 10.00 9.86 9.34 10.59 10.59 10.88 10.59 10.66 11.53 10.51 9.05 8.40 8.32 8.32 6.35 5.55 5.84 5.84 4.89 5.62 4.23 3.80 3.94 4.53 5.11 5.55 6.57 7.66 8.47 8.47 9.56 10.80 8.76 8.69 10.51 11.46 11.10 10.80 10.51 11.17 10.73 9.97 11.08 10.82 12.28 12.88 14.17 10.97 13.01 14.50 14.41 15.42 15.49
18.83 18.61 17.59 16.35 15.11 13.58 11.17 8.61 5.48 5.48 3.50 4.74 4.74 3.80 2.77 2.41 4.23 5.62 5.55 4.38 7.74 10.37 10.66 10.22 11.32 11.46 10.51 9.93 9.93 10.37 10.44 9.49 8.98 9.64 10.22 10.22 11.02 9.56 9.64 9.86 9.64 8.32 7.08 7.15 6.20 5.33 4.89 4.38 4.23 5.48 2.56 0.00 0.00 0.00 0.00 5.33 5.99 7.08 9.27 10.51 10.51 11.97 11.83 11.10 11.02 11.46 10.37 10.37 12.41 12.41 12.12 11.14 11.31 13.14 12.61 13.30 15.87 15.16 14.79 14.40 15.71 15.47 11.66 11.02
18.83 18.61 17.59 16.35 15.11 13.58 11.17 8.61 5.48 5.48 3.50 4.74 4.74 3.80 2.77 2.41 4.23 5.62 5.55 4.38 7.74 10.37 10.66 10.22 11.32 11.46 10.51 9.93 9.93 10.37 10.44 9.49 8.98 9.64 10.22 10.22 11.02 9.56 9.64 9.86 9.64 8.32 7.08 7.15 6.20 5.33 4.89 4.38 4.23 5.48 2.56 0.00 0.00 0.00 0.00 5.33 5.99 7.08 9.27 10.51 10.51 11.97 11.83 11.10 11.02 11.46 10.37 10.37 12.41 12.41 12.12 13.68 10.60 14.28 11.32 16.46 16.10 16.76 15.08 12.99 15.18 13.30 12.68 12.51
10.22 9.71 8.83 8.54 10.22 9.86 9.05 9.64 9.42 9.42 8.47 6.50 4.67 4.02 2.34 1.75 2.63 2.85 2.63 5.77 8.32 9.71 9.56 11.39 11.02 9.42 8.69 8.83 9.71 10.66 11.17 9.71 10.59 11.24 11.02 11.02 10.44 8.98 7.81 9.78 10.95 11.02 9.49 8.10 6.50 4.23 4.02 3.14 2.92 3.29 0.00 0.00 0.00 0.00 3.50 4.74 5.91 7.81 8.32 9.13 9.13 10.15 9.86 8.47 8.03 8.10 8.61 10.15 12.99 14.67 14.98 13.62 14.87 15.79 17.68 21.96 21.72 16.85 14.14 16.32 16.38 15.40 13.01 8.80
7.96 9.20 8.32 7.66 8.03 7.45 6.57 6.42 6.42 6.42 5.91 5.69 6.20 5.33 5.04 4.16 4.09 1.97 3.36 4.82 7.37 8.98 10.07 9.93 10.44 8.83 8.98 9.71 9.93 9.56 9.86 10.37 10.29 10.80 10.22 10.22 9.56 9.20 8.83 8.10 8.32 7.96 6.79 3.36 3.29 4.23 2.99 3.07 2.41 1.53 0.00 0.80 0.00 0.00 3.21 2.70 3.94 5.11 6.28 5.69 5.69 5.99 6.64 6.06 6.35 8.10 8.61 11.02 14.38 15.85 17.03 17.70 17.52 19.34 21.51 20.74 18.14 17.77 17.36 19.04 15.06 14.29 12.67 12.24
7.74 6.64 7.01 7.15 7.23 6.50 5.33 4.82 5.62 5.62 5.26 6.13 6.72 7.66 7.23 5.26 4.02 4.96 6.86 7.01 7.23 10.07 11.32 10.44 11.02 9.56 9.78 10.37 11.32 8.47 11.02 11.75 11.53 9.71 9.42 9.42 8.83 8.25 9.20 10.44 8.10 6.79 4.53 2.56 3.58 3.58 2.04 3.21 2.34 0.00 0.00 2.63 0.00 0.00 0.00 0.00 2.26 3.58 4.53 5.48 5.48 6.35 6.72 8.18 8.54 11.17 12.99 13.51 14.60 16.57 18.76 20.66 19.78 20.15 20.66 21.22 22.56 25.41 24.93 18.17 16.16 14.01 12.35 15.44
8.25 8.10 8.54 7.88 7.08 5.62 5.55 4.82 5.33 5.33 5.99 7.01 7.30 6.42 9.05 8.69 7.08 7.15 7.96 8.03 10.29 10.95 12.41 11.61 11.24 10.95 10.37 9.42 10.22 11.32 12.26 12.48 11.10 9.13 9.93 9.93 9.56 6.72 5.91 6.06 5.33 4.09 2.56 2.41 5.18 3.80 2.12 3.14 1.61 0.00 1.46 2.12 2.85 0.00 0.00 0.00 3.72 5.26 5.26 7.81 7.81 10.07 10.88 11.02 12.56 14.16 15.62 13.94 12.99 15.48 19.05 20.81 20.00 20.15 23.03 23.24 27.29 24.84 27.07 20.57 21.84 19.33 18.62 15.97
8.40 10.51 11.39 10.59 8.47 7.01 6.42 6.13 5.84 5.84 5.99 7.74 9.86 9.86 8.83 6.28 7.23 9.42 9.56 10.73 12.12 12.12 11.02 8.61 10.44 10.51 10.29 8.83 10.00 12.26 13.21 11.75 10.15 10.15 10.00 10.00 8.98 5.55 4.02 3.29 4.02 2.92 2.77 5.48 4.23 3.65 4.38 3.72 2.63 0.00 0.00 0.00 1.68 1.83 2.41 5.40 10.88 12.56 10.88 10.88 10.88 11.39 10.49 8.76 9.13 11.17 11.68 12.56 13.43 14.82 16.57 19.78 19.64 19.93 21.67 22.76 27.10 24.58 27.24 22.41 18.92 18.79 21.72 22.74
8.40 10.51 11.39 10.59 8.47 7.01 6.42 6.13 5.84 5.84 5.99 7.74 9.86 9.86 8.83 6.28 7.23 9.42 9.56 10.73 12.12 12.12 11.02 8.61 10.44 10.51 10.29 8.83 10.00 12.26 13.21 11.75 10.15 10.15 10.00 10.00 8.98 5.55 4.02 3.29 4.02 2.92 2.77 5.48 4.23 3.65 4.38 3.72 2.63 0.00 0.00 0.00 1.68 1.83 2.41 5.40 10.88 12.56 10.88 10.88 10.88 11.39 10.49 8.76 9.13 11.17 11.68 12.56 13.43 14.82 16.57 19.78 19.64 19.93 20.81 22.89 21.05 21.62 22.81 26.09 23.14 19.19 17.02 20.97
8.03 9.64 10.44 11.24 10.51 9.64 8.98 9.42 10.80 10.80 9.27 9.05 10.66 10.37 9.27 8.69 10.29 10.80 16.79 15.40 12.19 12.19 11.53 11.39 11.46 9.64 10.15 11.39 11.17 10.66 9.93 8.69 6.42 3.07 4.89 4.89 4.09 5.26 6.42 7.15 6.57 4.96 3.94 5.11 4.53 0.00 0.00 2.34 2.92 0.00 1.68 2.19 2.99 2.56 6.86 9.56 13.14 11.68 10.22 9.42 9.42 6.35 3.80 3.58 5.69 8.91 10.80 12.70 13.87 16.06 16.28 15.26 15.48 17.45 17.52 17.24 17.83 27.05 26.60 23.65 22.45 18.84 22.34 27.05
7.08 7.37 6.94 8.25 9.71 11.24 13.51 13.87 12.92 12.92 10.22 9.86 10.95 12.48 12.05 10.80 11.83 14.24 14.24 14.75 13.36 10.88 10.29 11.68 10.07 9.42 9.49 10.88 8.83 6.35 5.69 5.91 5.69 5.11 5.26 5.26 5.84 7.23 8.91 8.61 8.98 8.61 6.06 5.18 3.65 0.00 2.04 2.56 0.00 2.41 0.00 3.80 7.30 9.13 10.51 10.15 8.76 6.50 4.38 1.83 1.83 0.00 0.00 0.00 2.56 4.45 7.59 10.59 11.75 14.82 16.13 14.45 15.40 16.72 20.81 21.86 21.98 25.84 25.40 25.00 27.74 19.44 26.57 35.19
6.72 8.61 8.76 6.64 5.55 6.86 9.93 12.56 11.24 11.24 10.44 12.34 12.05 14.24 11.68 10.95 10.73 11.39 11.17 12.48 12.12 10.73 11.32 13.29 11.53 10.66 11.68 11.61 9.64 7.96 6.72 6.79 6.20 7.23 8.98 8.98 9.71 9.78 10.00 10.37 10.73 10.95 7.23 5.77 0.00 0.00 0.00 0.00 0.58 0.00 4.09 6.35 4.53 8.54 9.56 7.30 6.28 4.96 3.29 0.00 0.00 0.00 0.00 0.00 2.99 2.19 4.53 6.72 8.91 10.44 12.26 14.60 17.34 19.69 21.94 24.25 23.01 21.39 22.72 27.18 26.68 24.91 24.30 26.09
4.02 4.60 4.74 0.00 0.00 1.90 3.72 6.35 9.20 9.20 10.07 11.97 13.07 12.26 11.53 10.29 13.29 12.78 11.17 10.44 10.29 9.49 11.68 13.58 11.32 10.37 11.90 11.32 10.00 7.08 6.42 7.15 8.61 9.93 11.32 11.32 11.61 11.46 13.58 11.24 8.91 7.81 6.28 4.82 3.21 0.00 0.00 0.00 1.83 2.12 3.50 3.94 4.09 5.84 5.55 3.65 3.07 4.02 3.72 2.85 2.85 1.61 0.00 0.00 4.96 7.08 7.88 8.98 9.71 8.83 10.07 15.62 20.39 23.46 27.00 26.97 25.47 26.23 21.02 21.84 23.99 22.96 26.95 28.09
4.38 4.02 3.29 2.77 0.00 3.43 3.21 4.45 7.37 7.37 7.74 7.88 9.56 8.61 9.86 9.93 11.32 11.61 10.51 10.00 9.49 9.86 9.71 12.34 11.90 12.48 12.48 10.59 8.54 7.30 7.08 8.40 10.22 10.51 10.66 10.66 10.51 10.00 9.27 8.54 6.42 5.55 5.04 3.72 4.60 3.29 5.33 7.59 8.83 6.94 6.13 4.31 3.94 5.26 4.16 0.00 0.00 0.00 1.90 1.97 1.97 0.00 3.94 0.00 6.79 11.02 9.78 7.23 7.81 10.22 14.53 20.49 26.28 24.56 27.20 26.28 23.81 24.09 18.09 17.26 19.37 20.04 22.22 17.96
4.38 4.02 3.29 2.77 0.00 3.43 3.21 4.45 7.37 7.37 7.74 7.88 9.56 8.61 9.86 9.93 11.32 11.61 10.51 10.00 9.49 9.86 9.71 12.34 11.90 12.48 12.48 10.59 8.54 7.30 7.08 8.40 10.22 10.51 10.66 10.66 10.51 10.00 9.27 8.54 6.42 5.55 5.04 3.72 4.60 3.29 5.33 7.59 8.83 6.94 6.13 4.31 3.94 5.26 4.16 0.00 0.00 0.00 1.90 1.97 1.97 0.00 3.94 0.00 6.79 11.02 9.78 7.23 7.81 10.22 14.60 20.27 23.76 27.36 29.02 30.66 27.64 23.31 18.90 16.77 20.48 23.77 20.28 15.25
0.00 0.00 0.00 0.00 3.29 4.96 5.11 5.77 7.30 7.30 9.42 7.37 7.23 6.42 6.35 8.76 8.10 7.88 6.57 6.86 7.01 7.52 7.23 8.54 10.88 12.99 12.56 10.80 10.15 9.49 9.78 10.29 10.73 11.39 10.73 10.73 9.27 9.05 8.61 8.47 7.66 7.01 7.08 7.23 7.01 7.81 8.54 8.03 7.15 5.77 6.06 6.94 4.31 4.09 3.65 2.41 0.00 1.83 3.14 1.83 1.83 4.11 6.53 5.40 7.08 9.78 9.56 6.79 6.75 9.73 14.45 18.80 25.00 26.14 25.61 21.65 17.39 14.84 11.92 9.87 10.34 13.40 12.96 9.50
0.00 4.16 4.53 4.74 5.26 8.25 7.45 5.55 6.20 6.20 7.66 6.79 6.50 6.50 7.52 11.39 9.56 6.64 6.72 7.08 7.15 7.59 6.79 6.42 8.32 9.42 9.93 9.71 11.39 11.17 9.64 10.00 9.13 9.56 10.15 10.15 10.22 10.07 9.64 9.42 9.42 9.42 9.56 9.93 9.78 9.71 11.75 10.44 7.59 4.96 1.53 1.10 1.53 1.68 0.00 3.29 3.58 6.64 10.29 12.41 12.41 12.41 10.29 8.91 6.50 7.37 7.88 6.64 7.08 10.44 14.89 17.61 21.81 20.95 13.80 10.98 12.19 10.34 6.99 4.22 5.43 5.96 3.49 4.44
9.42 7.96 7.81 8.10 7.96 7.01 8.10 6.13 2.99 2.99 4.74 4.67 3.80 4.82 6.94 6.57 8.10 7.81 7.66 6.64 5.55 0.00 4.16 4.89 6.50 7.01 5.48 5.55 6.86 7.66 8.10 8.76 8.69 8.47 9.34 9.34 10.15 11.32 12.99 12.99 9.34 10.22 8.25 8.10 6.50 7.01 7.74 5.26 5.69 4.89 5.04 3.65 3.87 4.09 3.50 6.64 10.07 12.56 15.18 16.21 16.21 12.70 8.98 7.96 5.84 4.45 5.69 7.52 9.13 9.93 12.78 16.43 21.39 17.03 8.49 6.12 6.74 8.36 6.48 5.22 4.60 4.01 1.08 2.81
10.00 9.20 7.37 7.66 8.61 4.74 5.91 8.61 4.67 4.67 4.23 4.09 3.50 0.00 3.43 4.96 5.40 6.79 7.45 0.00 3.43 1.46 0.00 0.00 0.00 6.86 5.55 3.21 4.74 4.96 0.00 4.67 5.91 6.35 7.66 7.66 8.03 8.47 8.32 7.15 4.60 6.50 5.26 6.06 7.15 5.69 5.40 4.89 4.45 6.06 6.72 7.01 6.64 6.28 4.09 3.80 6.94 10.59 12.41 13.29 13.29 12.26 9.27 9.42 10.29 11.10 8.83 9.78 11.32 11.53 15.40 16.07 15.43 11.74 5.95 3.48 2.98 3.95 3.70 1.67 2.99 0.48 0.22 0.37
8.18 7.52 7.08 7.37 7.74 4.96 4.82 5.77 1.83 1.83 0.00 0.07 1.97 0.00 0.00 3.29 0.00 2.70 0.00 0.00 0.00 1.83 1.97 0.00 6.06 7.66 7.88 7.45 6.35 5.69 5.55 5.91 6.42 6.72 4.23 4.23 0.00 4.96 5.99 0.80 0.00 0.00 0.00 3.72 5.33 7.15 8.47 7.45 5.62 6.13 7.66 8.10 5.33 7.23 5.77 7.37 9.86 12.63 15.40 17.89 17.89 17.45 15.84 15.48 13.58 11.02 9.13 9.71 11.24 12.99 14.09 12.48 9.00 5.33 5.08 5.21 5.89 2.30 2.30 1.57 1.54 0.37 0.00 0.00
4.74 4.74 4.45 5.69 5.99 5.04 3.50 2.85 0.00 0.00 0.00 0.00 0.00 7.23 0.00 0.00 0.00 0.00 0.00 0.00 0.00 0.00 0.00 0.00 0.00 0.00 5.91 6.86 6.13 4.02 3.80 4.02 4.02 0.00 4.60 4.60 0.00 0.00 0.00 0.00 0.00 0.00 3.07 3.58 5.69 6.72 9.13 8.83 9.27 7.66 6.13 5.77 6.79 8.91 10.66 12.78 14.16 15.70 18.25 17.96 17.96 15.26 12.19 9.56 7.59 7.01 9.34 11.17 13.21 13.87 12.34 9.61 7.67 6.26 5.31 3.98 2.92 1.56 0.70 1.56 0.00 0.00 0.00 0.30
4.74 4.74 4.45 5.69 5.99 5.04 3.50 2.85 0.00 0.00 0.00 0.00 0.00 7.23 0.00 0.00 0.00 0.00 0.00 0.00 0.00 0.00 0.00 0.00 0.00 0.00 5.91 6.86 6.13 4.02 3.80 4.02 4.02 0.00 4.60 4.60 0.00 0.00 0.00 0.00 0.00 0.00 3.07 3.58 5.69 6.72 9.13 8.83 9.27 7.66 6.13 5.77 6.79 8.91 10.66 12.78 14.16 15.70 18.25 17.96 17.96 15.26 12.19 9.56 7.59 7.01 9.34 11.17 13.21 13.87 12.34 9.56 7.56 6.16 5.31 4.16 2.60 1.49 0.68 1.64 0.00 0.00 0.00 0.29
0.00 0.00 0.00 0.00 0.00 3.58 4.60 0.00 0.00 0.00 0.00 0.00 0.00 7.66 0.00 0.00 0.00 0.00 0.00 0.00 0.00 0.00 0.00 0.00 0.00 0.00 3.94 5.33 4.67 0.00 0.00 2.63 2.34 4.09 5.18 5.18 4.16 2.92 0.00 0.00 0.00 2.34 2.63 5.04 7.96 12.26 13.21 12.56 9.86 4.60 4.23 5.69 12.56 13.65 12.19 11.17 11.32 12.34 12.78 10.00 10.00 9.49 9.05 8.54 8.47 9.56 10.66 11.75 12.48 12.48 11.02 8.76 6.50 5.60 4.99 3.42 0.48 0.00 0.00 0.00 0.00 0.00 0.00 0.00
