Wansh/reverse/1990082.txt
ncols 321
nrows 161
xllcenter 60
yllcenter 15 
cellsize  0.25 
NODATA_value -1
[rows 0 to 36 of 161, columns 168 to 251 of 321]
8.76 7.52 5.91 6.64 7.37 7.45 5.91 5.26 5.69 5.69 7.45 7.88 7.66 7.23 7.01 7.37 6.79 8.03 11.24 13.72 14.75 12.92 13.21 17.16 15.11 9.93 6.64 3.07 0.00 0.00 0.00 4.16 12.48 14.82 13.87 13.87 11.53 10.66 15.91 16.21 12.63 9.20 7.66 9.78 12.48 15.48 18.18 18.91 15.84 12.56 11.61 11.75 13.94 10.29 7.23 6.64 6.50 9.42 10.29 11.97 11.97 13.14 14.67 19.56 24.89 27.01 27.38 22.63 21.75 19.78 18.54 17.89 18.61 18.83 19.64 17.96 19.86 19.64 23.21 23.58 22.63 21.83 22.34 23.65
8.47 7.30 6.06 7.08 6.50 5.33 4.67 4.82 6.72 6.72 8.98 9.78 10.59 10.15 8.54 7.45 6.50 8.18 11.90 12.56 13.29 13.21 14.82 15.04 13.14 6.50 0.00 0.00 0.00 0.00 0.00 7.30 11.24 12.85 9.93 9.93 9.27 13.14 16.72 17.23 11.97 12.12 14.24 14.45 15.70 15.91 13.07 11.53 10.37 8.18 8.83 10.95 11.46 10.29 9.78 7.81 10.80 10.66 12.12 13.36 13.36 15.84 18.47 20.88 25.33 25.48 22.85 22.56 21.97 20.88 20.00 20.22 19.93 19.93 17.52 17.59 18.98 22.05 23.80 23.21 21.32 17.52 18.18 17.67
11.97 9.42 7.59 10.73 8.98 5.26 4.23 5.84 8.61 8.61 10.22 10.22 8.69 8.10 7.88 9.56 10.44 11.46 12.05 14.16 14.45 13.80 13.72 14.38 8.47 0.00 0.00 0.00 0.00 0.00 1.46 5.55 7.37 8.61 8.98 8.98 11.90 15.55 19.93 18.03 13.14 11.75 12.56 12.26 10.95 8.69 6.64 6.86 7.74 8.10 9.05 12.05 13.94 13.72 12.70 9.05 11.61 11.53 11.90 13.43 13.43 15.18 18.54 20.81 19.20 19.05 19.35 21.02 23.21 20.44 19.71 19.27 20.73 21.61 17.01 17.89 20.22 21.90 21.32 18.69 15.33 9.86 9.93 11.39
11.97 9.42 7.59 10.73 8.98 5.26 4.23 5.84 8.61 8.61 10.22 10.22 8.69 8.10 7.88 9.56 10.44 11.46 12.05 14.16 14.45 13.80 13.72 14.38 8.47 0.00 0.00 0.00 0.00 0.00 1.46 5.55 7.37 8.61 8.98 8.98 11.90 15.55 19.93 18.03 13.14 11.75 12.56 12.26 10.95 8.69 6.64 6.86 7.74 8.10 9.05 12.05 13.94 13.72 12.70 9.05 11.61 11.53 11.90 13.43 13.43 15.18 18.54 20.81 19.20 19.05 19.35 21.02 23.21 20.44 19.71 19.27 20.73 21.61 17.01 17.89 20.22 21.90 21.32 18.69 15.33 9.86 9.93 11.39
13.72 12.56 10.59 10.51 10.00 7.96 4.96 4.89 7.45 7.45 9.13 9.05 9.27 9.93 12.48 14.97 16.79 13.87 15.48 13.36 14.75 11.46 10.66 9.13 5.18 0.00 0.00 0.00 0.00 0.00 4.38 5.55 5.69 6.42 7.59 7.59 13.51 18.40 15.55 11.61 8.61 6.42 5.69 4.02 3.72 4.67 4.96 4.89 7.23 8.32 10.29 10.66 12.63 14.97 15.48 12.78 12.41 11.75 11.75 12.85 12.85 15.26 15.55 15.11 14.24 16.21 18.10 19.42 20.08 18.10 17.23 17.23 18.03 11.53 11.90 12.56 12.48 13.80 13.87 13.21 12.26 10.95 11.02 12.48
16.35 14.24 12.12 10.66 10.22 8.83 7.66 4.38 4.53 4.53 8.76 12.26 13.65 13.72 13.87 17.16 20.44 17.96 12.78 9.78 8.83 6.86 4.31 0.00 0.00 0.00 0.00 0.00 0.00 6.50 6.57 6.13 5.62 7.30 13.51 13.51 14.82 13.29 9.71 6.13 5.91 4.45 3.72 3.50 3.58 3.65 3.94 5.69 7.52 9.20 9.71 9.93 11.32 12.70 11.97 11.32 10.15 9.93 9.13 11.97 11.97 14.38 15.84 15.40 13.14 12.12 13.43 15.26 14.24 12.05 11.75 12.05 12.34 6.94 7.96 8.61 8.54 11.39 13.80 14.60 14.09 11.75 12.34 13.65
15.70 14.97 13.80 13.14 11.97 13.14 14.45 13.87 10.59 10.59 9.05 11.90 13.87 14.38 13.58 15.55 17.74 12.78 8.61 6.50 5.69 0.00 0.00 0.00 0.00 0.00 0.00 2.56 8.10 10.37 12.12 12.26 12.70 16.06 17.67 17.67 16.28 11.46 6.79 6.64 7.23 6.28 6.86 7.74 8.61 8.54 8.76 9.42 9.56 10.29 10.44 12.19 11.39 12.63 10.73 10.22 9.78 9.05 9.49 10.22 10.22 10.29 9.93 9.49 8.83 8.18 7.23 8.18 8.76 9.34 9.64 8.40 7.45 7.01 7.74 6.79 7.37 9.56 11.61 12.47 13.71 13.78 13.57 15.74
15.70 14.97 13.80 13.14 11.97 13.14 14.45 13.87 10.59 10.59 9.05 11.90 13.87 14.38 13.58 15.55 17.74 12.78 8.61 6.50 5.69 0.00 0.00 0.00 0.00 0.00 0.00 2.56 8.10 10.37 12.12 12.26 12.70 16.06 17.67 17.67 16.28 11.46 6.79 6.64 7.23 6.28 6.86 7.74 8.61 8.54 8.76 9.42 9.56 10.29 10.44 12.19 11.39 12.63 10.73 10.22 9.78 9.05 9.49 10.22 10.22 10.29 9.93 9.49 8.83 8.18 7.23 8.18 8.76 9.34 9.64 8.40 7.45 7.01 7.74 7.85 10.17 13.76 15.90 21.19 22.64 18.33 17.46 16.33
14.02 15.91 15.40 14.60 13.94 14.02 13.14 14.89 14.09 14.09 10.37 9.78 12.85 15.04 15.40 19.42 15.11 8.98 4.89 0.00 0.00 0.00 0.00 0.00 0.00 0.00 0.00 4.60 7.08 7.08 10.22 11.68 13.36 16.64 18.47 18.47 15.91 9.42 6.79 6.50 7.45 9.20 10.44 11.68 11.75 12.85 14.60 14.67 14.60 12.99 11.83 11.75 10.15 9.49 9.34 10.22 9.71 8.69 9.71 10.37 10.37 9.93 9.05 8.40 7.52 6.50 6.50 6.72 8.03 9.71 10.95 10.51 7.81 7.38 7.16 9.81 12.80 13.94 10.36 13.66 16.72 13.26 12.43 13.36
10.95 13.58 13.43 12.26 10.37 9.86 8.76 8.76 9.93 9.93 9.86 12.41 15.26 13.94 17.67 11.24 6.50 0.00 0.00 0.00 0.00 0.00 0.00 0.00 1.53 4.96 7.45 10.59 9.56 10.37 10.51 9.64 8.25 9.78 10.37 10.37 8.91 6.42 6.06 7.88 10.00 10.59 10.22 11.24 11.83 12.12 15.33 15.62 15.55 14.75 14.38 12.05 10.00 8.83 7.37 7.81 8.54 9.42 10.22 10.37 10.37 10.66 10.22 8.76 8.10 7.37 7.08 7.30 7.74 9.64 10.07 7.15 7.78 8.74 8.62 9.95 10.37 14.83 14.47 12.95 12.91 13.13 14.17 16.85
7.45 8.40 10.44 11.46 12.12 13.51 11.83 9.71 11.68 11.68 11.75 11.17 11.39 10.80 7.01 4.02 0.00 0.00 0.00 0.00 0.00 0.00 1.10 6.20 10.07 9.78 8.98 8.69 7.23 9.27 7.74 5.69 5.62 5.77 5.48 5.48 4.67 6.86 10.00 12.48 13.72 13.80 12.26 12.70 13.94 12.63 11.53 9.42 9.71 11.02 9.93 8.98 8.47 9.13 8.40 8.18 9.42 10.44 12.34 13.43 13.43 12.85 11.17 10.07 9.05 6.94 7.37 8.54 9.20 9.34 8.47 4.82 4.64 5.34 5.79 9.70 14.96 15.07 12.27 12.38 15.34 14.92 12.28 13.65
7.45 8.40 10.44 11.46 12.12 13.51 11.83 9.71 11.68 11.68 11.75 11.17 11.39 10.80 7.01 4.02 0.00 0.00 0.00 0.00 0.00 0.00 1.10 6.20 10.07 9.78 8.98 8.69 7.23 9.27 7.74 5.69 5.62 5.77 5.48 5.48 4.67 6.86 10.00 12.48 13.72 13.80 12.26 12.70 13.94 12.63 11.53 9.42 9.71 11.02 9.93 8.98 8.47 9.13 8.40 8.18 9.42 10.44 12.34 13.43 13.43 12.85 11.17 10.07 9.05 6.94 7.37 8.54 9.20 9.34 8.47 4.82 4.53 5.26 5.62 9.01 13.33 13.95 13.09 12.84 15.34 14.60 13.49 14.60
11.02 8.25 7.37 8.10 10.29 11.97 10.22 10.00 9.27 9.27 8.54 5.18 8.03 0.00 0.00 0.00 0.00 0.00 5.40 6.72 7.37 6.42 6.57 7.45 7.74 7.01 5.77 6.79 7.88 7.23 6.57 5.91 7.66 10.59 9.27 9.27 9.93 11.24 12.41 12.63 12.34 12.92 12.41 10.88 8.83 8.03 6.28 8.47 9.93 7.45 7.37 7.45 7.01 7.96 10.59 11.10 11.10 11.46 11.39 11.83 11.83 11.32 10.80 8.91 9.05 8.69 8.76 10.37 12.48 11.68 8.98 7.88 7.81 7.74 7.56 9.19 11.50 10.26 10.44 12.09 14.30 17.28 17.07 14.48
13.29 13.58 10.80 8.47 8.25 8.83 9.42 8.25 4.45 4.45 0.00 0.00 0.00 0.00 0.00 0.00 0.00 0.00 5.69 7.23 8.03 7.96 7.01 6.79 6.72 6.35 8.47 9.78 10.22 10.22 11.61 11.68 11.39 11.68 10.88 10.88 10.80 11.97 11.83 10.59 11.39 12.70 11.68 9.05 6.94 6.28 5.69 5.62 8.03 5.91 6.35 5.91 6.13 7.01 7.81 8.91 8.91 9.05 8.32 8.47 8.47 10.37 12.05 12.41 12.05 11.10 13.14 12.99 12.48 12.92 13.36 11.97 10.44 10.64 10.37 11.29 10.75 12.13 13.81 10.59 13.58 14.88 17.50 16.95
16.43 17.37 16.43 15.48 15.40 11.53 9.34 10.88 9.20 9.20 0.00 0.00 0.00 0.00 0.00 1.17 2.12 4.09 6.72 8.83 8.98 9.78 11.46 11.17 10.59 10.73 12.26 14.02 13.87 11.97 11.53 11.61 11.61 12.41 12.12 12.12 12.05 13.72 13.58 13.80 12.85 11.61 8.91 8.32 8.91 7.15 5.18 4.67 4.89 3.29 4.09 4.38 5.26 6.50 6.86 9.34 9.20 9.86 10.80 11.24 11.24 13.14 14.31 13.36 12.85 13.51 14.60 15.04 14.67 15.62 15.18 16.86 13.66 13.29 11.55 10.18 13.74 16.44 13.39 14.32 14.60 14.98 15.72 13.51
14.89 13.80 13.58 14.24 15.33 16.21 14.31 12.12 10.15 10.15 7.08 9.42 8.54 7.59 4.89 3.87 4.02 5.18 6.42 7.30 9.27 11.53 13.72 14.75 16.35 15.11 12.56 11.24 10.37 10.37 10.07 11.17 11.97 10.51 11.61 11.61 11.97 11.61 9.27 8.18 8.98 9.56 8.47 9.27 8.91 5.48 5.26 5.91 5.69 4.67 4.74 3.29 3.43 5.18 6.72 8.32 9.86 10.00 11.68 13.14 13.14 14.60 15.18 14.75 14.38 12.63 11.90 12.41 15.99 20.73 20.29 16.78 14.78 14.21 14.60 13.40 16.29 15.34 16.12 16.88 17.02 16.98 13.52 10.83
14.89 13.80 13.58 14.24 15.33 16.21 14.31 12.12 10.15 10.15 7.08 9.42 8.54 7.59 4.89 3.87 4.02 5.18 6.42 7.30 9.27 11.53 13.72 14.75 16.35 15.11 12.56 11.24 10.37 10.37 10.07 11.17 11.97 10.51 11.61 11.61 11.97 11.61 9.27 8.18 8.98 9.56 8.47 9.27 8.91 5.48 5.26 5.91 5.69 4.67 4.74 3.29 3.43 5.18 6.72 8.32 9.86 10.00 11.68 13.14 13.14 14.60 15.18 14.75 14.38 12.63 11.90 12.41 15.99 20.73 20.29 20.61 13.85 15.45 13.11 16.58 16.53 16.96 16.44 15.23 16.45 14.60 14.71 12.29
2.48 3.72 5.69 5.33 7.88 9.56 9.13 11.10 12.34 12.34 12.05 11.97 7.66 6.86 5.99 4.60 3.43 3.21 4.16 5.91 10.15 11.17 12.41 14.24 13.94 13.14 11.24 9.34 9.78 11.46 11.17 11.53 12.41 12.63 12.41 12.41 12.99 10.51 8.03 9.20 10.88 12.26 10.88 8.69 7.23 6.28 4.82 3.87 3.72 4.02 3.29 2.48 0.00 1.97 4.60 5.91 8.18 9.27 9.86 11.61 11.61 14.09 13.36 12.26 11.10 11.53 11.46 12.41 16.94 20.81 21.18 17.91 16.29 16.71 17.79 22.08 21.61 17.83 15.34 18.89 17.86 14.90 12.48 10.67
2.48 3.36 3.65 3.72 4.53 5.55 6.42 6.57 7.59 7.59 7.59 5.48 7.59 8.76 7.81 4.96 4.60 0.00 3.80 7.08 10.73 13.14 13.43 12.99 12.34 11.46 10.88 10.44 10.00 10.29 10.88 11.17 12.05 11.83 11.68 11.68 12.63 11.53 10.22 9.49 10.37 9.93 7.81 4.96 4.67 5.62 2.85 2.56 1.83 3.29 0.00 0.00 0.00 3.80 4.67 5.26 5.62 6.20 7.59 8.54 8.54 7.74 8.25 9.20 10.80 12.92 14.82 16.06 20.08 21.28 24.85 24.55 23.58 23.92 24.57 24.64 22.31 21.52 21.90 21.79 16.55 14.91 12.96 13.78
4.60 3.43 3.58 5.69 6.86 7.81 7.81 8.32 6.06 6.06 7.59 7.74 11.24 12.63 9.42 8.25 6.72 5.40 7.30 10.37 11.90 9.86 10.66 10.59 10.51 11.24 11.83 13.21 11.02 10.22 11.17 11.97 11.39 10.73 11.39 11.39 10.66 8.54 8.76 10.00 8.98 8.47 5.18 2.34 2.48 2.63 2.04 3.50 2.92 2.41 2.19 0.00 4.60 4.31 6.57 6.42 6.35 6.35 7.37 8.76 8.76 9.42 10.59 11.61 12.48 15.18 17.23 18.18 21.17 21.83 25.48 26.79 28.11 27.38 26.65 27.44 24.95 26.39 26.23 21.95 17.39 15.48 14.96 16.28
5.84 2.70 2.70 2.92 2.77 3.87 8.25 8.32 7.81 7.81 9.27 8.98 7.88 6.94 7.74 8.98 8.18 8.40 10.59 12.26 13.72 14.31 14.60 12.99 10.44 10.29 9.93 9.34 9.56 11.24 13.72 14.82 13.58 12.56 12.70 12.70 12.26 9.42 7.45 5.26 4.53 4.02 1.90 1.61 2.26 4.23 4.31 5.55 3.65 0.00 0.00 0.00 2.04 3.21 4.53 6.57 8.61 8.83 9.64 11.61 11.61 13.14 14.16 16.35 17.37 18.98 18.98 21.53 21.61 22.19 24.97 27.23 28.54 27.59 28.26 24.67 30.31 27.11 29.76 25.66 23.19 17.65 17.93 13.82
0.00 0.00 0.00 0.00 0.00 0.00 8.91 8.98 9.13 9.13 9.71 11.32 12.70 11.39 8.18 4.82 3.14 5.11 8.61 14.75 16.79 17.96 14.60 11.24 11.24 11.83 11.61 9.78 9.49 12.85 15.99 14.09 11.39 12.92 14.97 14.97 11.02 5.99 2.63 2.19 2.63 1.17 1.10 4.74 4.09 1.68 1.83 2.26 2.56 2.85 0.00 0.00 0.07 1.90 6.42 10.66 15.04 15.33 12.92 13.14 13.14 12.85 11.81 14.82 16.28 14.75 14.60 17.81 18.69 20.15 21.61 24.16 26.43 28.40 29.12 27.16 33.90 29.93 32.58 25.70 18.27 18.38 21.60 20.95
0.00 0.00 0.00 0.00 0.00 0.00 8.91 8.98 9.13 9.13 9.71 11.32 12.70 11.39 8.18 4.82 3.14 5.11 8.61 14.75 16.79 17.96 14.60 11.24 11.24 11.83 11.61 9.78 9.49 12.85 15.99 14.09 11.39 12.92 14.97 14.97 11.02 5.99 2.63 2.19 2.63 1.17 1.10 4.74 4.09 1.68 1.83 2.26 2.56 2.85 0.00 0.00 0.07 1.90 6.42 10.66 15.04 15.33 12.92 13.14 13.14 12.85 11.81 14.82 16.28 14.75 14.60 17.81 18.69 20.15 21.61 24.16 26.43 28.40 27.96 27.31 26.33 26.33 27.28 29.92 22.35 18.77 16.92 19.33
0.00 0.00 0.00 0.00 0.00 6.42 7.88 10.22 11.61 11.61 11.10 12.26 12.85 12.41 9.34 5.11 5.77 11.17 16.50 18.18 16.43 14.53 13.58 12.85 14.53 13.21 12.78 13.72 12.63 12.05 11.61 9.42 8.40 7.08 6.13 6.13 2.77 2.26 2.26 3.80 5.48 5.04 1.83 4.67 2.12 2.48 1.46 0.29 0.00 0.00 0.00 0.00 4.16 3.72 5.62 12.78 17.30 15.40 12.05 12.41 12.41 8.83 6.13 7.66 10.07 10.51 16.43 16.43 17.37 20.00 21.53 19.93 20.15 22.34 23.94 24.21 25.20 31.24 28.29 22.30 21.57 20.46 23.21 26.52
0.00 0.95 0.00 0.00 0.00 7.81 11.97 16.50 14.97 14.97 13.21 14.09 13.72 12.85 10.88 8.32 7.45 11.68 16.13 18.83 16.72 13.07 12.56 13.80 13.58 12.92 14.53 17.08 15.33 12.34 9.05 6.20 4.45 3.58 3.87 3.87 2.99 3.36 4.23 6.20 6.57 6.28 3.87 1.02 1.10 1.24 1.17 0.51 0.00 0.00 0.00 0.00 6.94 11.24 15.48 16.64 13.80 9.86 8.03 7.37 7.37 3.72 0.00 3.21 7.08 10.66 10.95 13.36 15.26 16.94 17.89 18.10 19.86 21.17 23.73 27.09 27.22 28.14 32.80 29.62 32.24 21.50 25.25 31.57
0.00 0.00 0.00 0.00 4.16 4.53 7.66 11.02 9.56 9.56 10.66 14.38 16.21 15.48 10.80 7.74 8.76 8.54 11.68 14.02 13.80 12.41 12.70 13.72 13.65 12.48 16.21 17.37 15.91 12.48 7.74 4.23 2.92 3.72 4.67 4.67 3.87 3.58 4.31 4.96 4.31 5.62 3.07 1.53 0.29 0.44 1.75 0.00 0.00 0.00 0.00 2.63 4.82 9.27 13.87 12.48 8.10 6.42 6.20 3.21 3.21 0.00 2.92 4.96 5.69 6.28 9.78 12.48 15.99 16.06 17.16 18.40 22.83 26.77 28.68 28.69 28.55 25.13 24.85 27.85 26.89 25.12 18.67 18.53
0.00 0.00 0.00 1.02 0.51 1.10 2.63 3.80 8.83 8.83 13.72 15.11 16.35 13.87 13.21 13.87 13.07 13.29 16.79 16.79 14.60 13.94 16.21 17.67 15.84 14.09 14.53 14.75 12.92 8.69 4.96 3.21 3.07 3.58 4.89 4.89 6.50 7.52 9.71 5.77 4.02 4.38 0.00 0.00 0.00 0.00 0.00 0.00 0.00 0.00 0.00 0.00 2.77 6.94 7.23 3.21 2.12 3.21 5.55 5.40 5.40 4.38 4.60 4.45 5.40 12.12 11.83 13.29 15.40 16.57 18.61 21.53 27.69 29.87 30.42 27.06 24.72 27.22 22.19 22.76 23.67 22.09 21.79 18.28
0.00 0.00 0.00 2.70 2.26 2.26 2.48 2.41 2.85 2.85 6.79 6.28 8.83 9.93 9.78 9.56 10.37 12.12 11.90 13.07 13.72 13.94 13.21 13.80 14.16 12.34 13.58 11.17 8.54 3.80 2.34 2.41 0.00 5.48 7.23 7.23 9.34 9.64 7.96 7.01 3.65 0.00 0.00 0.00 4.23 4.45 4.60 6.79 8.91 7.52 4.09 1.68 1.46 4.74 6.13 4.45 2.92 0.58 0.22 2.26 2.26 3.80 5.48 5.62 7.81 13.43 11.02 11.46 12.41 16.21 21.49 25.51 31.52 29.13 29.62 28.68 22.57 22.26 20.84 14.71 15.30 12.31 12.02 7.20
0.00 0.00 0.00 2.70 2.26 2.26 2.48 2.41 2.85 2.85 6.79 6.28 8.83 9.93 9.78 9.56 10.37 12.12 11.90 13.07 13.72 13.94 13.21 13.80 14.16 12.34 13.58 11.17 8.54 3.80 2.34 2.41 0.00 5.48 7.23 7.23 9.34 9.64 7.96 7.01 3.65 0.00 0.00 0.00 4.23 4.45 4.60 6.79 8.91 7.52 4.09 1.68 1.46 4.74 6.13 4.45 2.92 0.58 0.22 2.26 2.26 3.80 5.48 5.62 7.81 13.43 11.02 11.46 12.41 16.21 21.60 25.24 28.50 32.45 31.60 33.46 26.20 21.55 21.77 14.29 16.18 14.60 10.97 6.12
0.00 0.00 4.02 3.87 4.38 3.80 1.46 0.51 1.68 1.68 4.31 4.67 2.99 1.31 1.61 2.12 3.29 4.45 4.53 5.62 5.69 6.28 6.86 6.50 8.61 11.02 11.61 8.47 5.84 4.23 4.02 4.96 5.18 6.42 5.11 5.11 4.60 4.53 4.82 0.00 2.63 2.70 3.21 5.77 6.20 11.10 12.41 11.17 7.96 7.30 4.82 3.72 0.80 0.00 0.00 0.00 0.00 0.29 2.34 4.53 4.55 5.80 6.90 6.20 9.42 17.37 14.24 10.07 12.99 17.92 23.01 25.51 31.82 31.67 28.86 22.28 15.11 13.88 12.77 8.76 6.80 0.00 0.00 0.00
0.00 0.00 0.00 0.00 0.00 2.70 3.80 0.00 3.58 3.58 7.08 5.04 3.65 3.36 3.21 2.63 3.36 5.18 6.28 6.50 5.99 3.80 0.00 0.00 0.00 6.64 8.25 7.15 6.57 4.67 4.96 4.74 3.58 4.23 3.50 3.50 3.29 5.26 4.53 10.44 11.32 9.42 11.46 11.02 11.83 14.16 16.79 14.53 10.51 7.15 3.36 0.00 0.37 0.00 0.00 0.00 0.00 8.54 15.11 18.10 18.10 15.62 12.85 11.46 7.74 8.91 6.13 0.00 13.65 17.67 21.90 24.76 26.92 28.31 19.85 11.56 6.47 7.46 6.36 4.76 0.00 0.00 0.00 0.00
0.00 0.00 0.00 0.00 0.00 3.94 4.23 0.00 0.00 0.00 3.58 2.41 1.97 3.36 2.70 0.00 6.06 10.22 10.44 6.13 4.45 0.00 0.95 0.00 0.66 1.53 0.00 2.56 2.77 2.92 5.33 4.96 4.96 7.15 7.23 7.23 11.24 14.45 16.50 17.59 13.65 12.70 13.80 12.19 10.73 8.61 10.22 6.06 6.28 6.42 8.25 6.28 6.28 5.69 3.14 3.36 8.98 14.45 19.20 21.17 21.17 19.35 13.51 9.71 7.88 4.67 4.96 10.07 18.47 20.00 20.44 23.93 26.88 24.23 13.46 7.06 5.05 6.13 5.86 0.00 0.00 0.00 0.00 0.00
7.45 7.74 6.35 0.00 6.64 0.00 0.00 6.64 5.55 5.55 0.00 0.00 0.00 0.00 0.00 0.00 0.00 6.13 7.23 3.65 0.00 0.00 0.00 0.00 0.00 0.00 1.61 0.00 0.00 0.00 0.00 0.00 4.31 6.13 7.37 7.37 8.25 9.56 10.88 9.56 5.77 6.06 7.74 7.81 10.00 10.22 9.42 8.54 7.45 8.10 10.29 11.24 11.24 9.56 6.06 0.00 5.33 14.02 16.79 17.08 17.08 16.28 15.26 23.21 18.18 17.08 19.05 20.22 24.45 20.95 21.53 23.60 21.67 14.39 8.65 4.87 4.17 0.00 0.00 0.00 0.00 0.00 0.00 0.00
5.69 5.62 0.00 0.00 6.64 5.69 0.00 3.29 4.02 4.02 0.00 0.00 0.00 0.00 3.07 0.00 0.00 1.10 0.00 0.00 0.00 2.04 0.00 0.00 0.00 2.48 3.58 0.00 0.22 0.95 0.00 0.00 3.21 4.74 0.00 0.00 3.14 2.92 3.21 4.38 0.07 0.00 0.00 3.94 5.26 8.54 11.17 10.22 10.00 9.49 8.98 9.78 7.30 5.40 5.77 6.72 10.80 15.48 17.45 19.42 19.42 22.63 22.41 22.70 21.17 21.75 18.76 19.42 22.19 22.41 23.51 22.12 14.44 5.64 3.09 3.65 0.00 0.00 0.00 0.00 0.00 0.00 0.00 0.00
4.96 0.00 0.00 0.00 5.33 0.00 5.11 5.18 4.16 4.16 0.00 4.23 4.23 3.65 0.00 0.00 0.00 0.00 0.00 0.00 0.95 0.00 0.00 0.00 0.00 2.04 4.16 4.23 3.58 1.83 0.00 0.00 0.00 0.00 1.97 1.97 0.00 0.07 0.00 0.00 0.00 0.00 1.83 3.72 5.55 8.10 10.66 12.63 13.72 12.92 8.54 8.40 9.64 11.75 12.85 15.62 17.45 20.66 22.19 21.68 21.68 20.88 18.18 14.31 14.82 17.16 16.94 19.13 21.75 22.92 22.41 17.02 6.03 2.98 2.29 0.00 0.00 0.00 0.00 0.00 0.00 0.00 0.00 0.00
4.96 0.00 0.00 0.00 5.33 0.00 5.11 5.18 4.16 4.16 0.00 4.23 4.23 3.65 0.00 0.00 0.00 0.00 0.00 0.00 0.95 0.00 0.00 0.00 0.00 2.04 4.16 4.23 3.58 1.83 0.00 0.00 0.00 0.00 1.97 1.97 0.00 0.07 0.00 0.00 0.00 0.00 1.83 3.72 5.55 8.10 10.66 12.63 13.72 12.92 8.54 8.40 9.64 11.75 12.85 15.62 17.45 20.66 22.19 21.68 21.68 20.88 18.18 14.31 14.82 17.16 16.94 19.13 21.75 22.92 22.41 16.94 5.94 2.93 2.29 0.00 0.00 0.00 0.00 0.00 0.00 0.00 0.00 0.00
0.00 0.00 0.00 0.00 0.00 4.16 3.80 4.23 3.65 3.65 3.87 3.87 5.18 4.31 3.14 0.00 0.00 0.00 0.00 0.00 0.00 1.75 2.56 3.07 2.92 0.00 0.00 0.00 1.97 0.00 2.56 2.12 0.00 0.00 4.16 4.16 0.00 0.00 0.00 0.00 0.00 0.00 0.00 4.45 10.80 15.70 16.64 17.16 13.51 8.47 6.50 10.15 14.97 15.99 14.45 13.80 13.65 15.99 17.52 14.31 14.31 11.61 13.80 13.14 15.55 16.79 17.96 19.64 21.10 20.29 18.69 12.63 2.99 0.52 0.00 0.00 0.00 0.00 0.00 0.00 0.00 0.00 0.00 0.00
