Wansh/reverse/1990048.txt
ncols 321
nrows 161
xllcenter 60
yllcenter 15 
cellsize  0.25 
NODATA_value -1
[rows 74 to 110 of 161, columns 84 to 167 of 321]
0.00 0.00 0.00 0.00 0.00 0.00 0.00 0.00 0.00 0.00 0.00 0.00 3.58 6.20 7.23 5.77 0.00 0.00 0.00 0.00 0.00 0.00 0.00 0.00 0.00 5.91 0.00 0.00 0.00 4.23 4.31 4.89 4.60 5.62 6.94 5.18 5.84 4.31 4.67 5.91 5.77 1.31 0.00 0.00 0.00 0.00 0.00 0.00 0.00 0.00 3.58 0.00 0.00 0.00 3.95 0.00 4.09 0.00 0.00 0.00 0.00 0.00 0.00 0.00 0.00 0.00 0.00 0.00 0.00 2.93 4.62 3.94 4.96 0.00 0.00 0.00 0.00 0.00 0.00 0.00 0.00 0.00 0.00 0.00
0.00 0.00 0.00 0.00 1.61 3.21 3.14 3.14 6.13 0.00 0.00 4.67 6.20 6.06 0.00 0.00 0.00 0.00 0.00 0.00 0.00 2.63 0.00 0.00 4.23 10.15 5.91 4.96 5.33 5.11 5.26 0.00 0.00 0.00 5.18 6.94 6.94 6.28 5.62 4.16 5.55 2.77 3.65 3.65 2.92 1.46 1.31 1.39 0.00 0.00 0.37 0.00 0.00 3.36 4.31 0.00 0.00 0.00 3.87 0.00 0.00 0.00 0.00 0.00 0.00 0.00 0.00 0.00 0.00 3.52 9.05 7.59 0.00 0.00 0.00 0.00 0.00 0.00 0.00 0.00 0.00 0.00 0.00 0.00
0.00 0.00 0.00 1.61 5.33 6.72 6.94 6.50 7.01 5.91 5.99 0.00 0.00 0.00 0.00 3.65 0.00 0.00 0.00 1.53 2.26 3.58 0.00 0.00 0.00 0.00 0.00 0.00 0.00 0.00 0.00 0.00 0.00 0.00 0.00 0.00 0.00 0.00 7.01 10.29 5.69 3.58 5.11 5.11 4.82 1.83 1.75 3.07 4.96 3.14 1.97 2.85 2.19 2.92 2.19 2.85 4.02 4.60 3.80 2.63 4.02 0.00 0.00 0.00 2.63 0.00 0.00 0.00 0.00 5.77 10.66 12.19 6.06 1.02 0.00 0.00 0.00 0.00 0.00 0.00 0.00 0.00 0.00 0.00
5.69 5.91 4.53 1.90 2.12 4.38 4.45 3.21 0.00 6.13 5.26 5.18 4.23 3.43 3.87 3.87 0.00 3.21 3.21 3.65 3.50 2.99 0.00 0.00 0.00 3.36 0.00 5.04 5.33 0.00 0.00 0.00 0.00 0.00 3.65 0.00 0.00 0.00 7.01 5.55 0.00 3.21 5.11 5.11 4.82 3.14 4.38 6.86 7.59 5.55 5.18 0.00 2.41 2.92 2.99 2.99 4.67 5.26 0.00 3.65 6.13 2.92 3.43 3.50 3.87 3.58 3.14 4.74 4.74 6.57 6.64 6.64 6.28 2.99 0.00 0.00 0.00 0.00 0.00 0.00 0.80 0.00 0.00 0.00
8.10 7.30 0.00 0.00 5.33 6.13 3.80 1.68 0.00 0.00 0.00 0.00 2.92 3.94 3.21 3.14 3.07 5.18 5.18 6.64 6.50 7.08 5.33 2.85 3.36 0.00 0.00 0.00 0.00 0.00 0.00 0.00 0.00 0.00 4.74 0.00 0.00 0.00 0.00 0.00 0.00 0.00 0.00 0.00 0.00 0.00 3.94 4.60 0.00 6.20 6.06 0.00 3.21 5.33 5.77 5.18 4.45 0.00 0.00 0.00 6.35 5.55 5.69 0.00 4.60 5.33 5.33 4.31 4.31 4.23 4.16 4.23 2.70 3.07 0.44 0.00 0.00 0.00 0.00 0.00 0.88 0.95 0.00 0.00
20.66 13.21 9.20 7.81 7.37 4.89 0.00 0.00 0.00 0.00 0.00 0.00 3.65 0.00 4.09 3.80 3.21 4.45 4.45 4.53 6.72 4.82 4.23 4.31 0.00 0.00 0.00 0.00 0.00 0.00 0.00 0.00 0.00 0.00 0.00 0.00 0.00 0.00 0.00 0.00 0.00 0.00 0.00 0.00 0.00 0.00 0.00 0.00 0.00 3.94 4.23 0.00 0.00 0.00 0.00 3.72 0.00 5.55 4.89 5.48 6.42 0.00 4.38 0.00 0.00 0.00 0.00 5.33 5.33 5.55 4.02 2.63 3.29 3.07 1.25 0.00 0.37 0.80 0.00 0.00 1.24 3.14 0.00 0.00
5.26 6.06 0.00 4.89 4.82 0.00 0.00 0.00 0.00 5.55 4.74 3.14 2.85 2.34 3.80 3.80 4.02 5.33 5.33 4.16 4.02 4.02 4.09 0.00 0.00 0.00 0.00 0.00 0.00 0.00 0.00 0.00 0.00 0.00 0.00 0.00 0.00 0.00 0.00 0.00 0.00 3.43 0.00 0.00 0.00 0.00 0.00 0.00 0.00 0.00 0.00 0.00 0.00 0.00 0.00 0.00 0.00 0.00 4.45 4.67 2.19 2.04 0.00 0.00 0.00 0.00 0.00 0.00 0.00 3.94 1.97 3.80 4.82 3.87 3.58 1.03 0.00 0.00 0.00 0.00 0.00 0.00 0.00 0.00
0.00 0.00 0.00 0.00 0.00 0.00 2.92 0.00 5.48 7.30 8.54 7.15 5.62 4.53 3.50 3.29 3.43 0.00 0.00 0.00 2.19 2.85 3.14 0.00 0.00 0.00 0.00 0.00 0.00 0.00 0.00 0.00 0.00 0.00 2.85 0.00 0.00 0.00 0.00 0.00 5.18 0.00 0.00 0.00 2.63 0.00 0.00 0.00 0.00 0.00 0.00 0.00 0.00 0.00 0.00 1.83 0.00 0.00 0.00 3.50 0.00 0.00 0.00 0.00 0.00 0.00 0.00 0.00 0.00 0.00 0.00 6.20 10.29 10.51 8.54 3.67 2.80 0.00 0.00 0.00 0.00 0.00 0.00 0.00
0.00 0.00 0.00 0.00 0.00 5.33 0.00 4.16 2.92 2.92 6.06 6.50 6.64 5.62 4.89 5.69 6.42 5.33 5.33 0.00 0.00 2.48 0.00 0.00 0.00 0.00 0.00 0.00 0.00 0.00 0.00 0.00 0.00 0.00 0.00 0.00 0.00 0.00 0.00 0.00 0.00 0.00 0.00 0.00 0.00 0.00 0.00 0.00 0.00 0.00 0.00 0.00 2.77 0.58 0.66 1.97 1.61 0.00 5.26 3.87 0.00 3.80 0.00 0.00 0.00 0.00 0.00 0.00 0.00 0.00 3.21 5.11 9.56 13.21 11.97 5.77 1.75 2.92 2.92 1.98 0.00 0.00 0.00 0.00
5.69 6.86 0.00 0.00 2.63 3.65 4.16 4.89 4.16 3.14 3.80 0.00 0.00 5.91 0.00 0.00 5.26 7.08 7.08 5.33 3.94 4.09 3.07 0.00 0.00 0.00 0.00 0.00 0.00 0.00 0.00 0.00 0.00 0.00 0.00 4.09 2.34 0.00 0.00 0.00 0.00 0.00 0.00 0.00 0.00 0.00 0.00 0.00 0.00 0.00 0.00 0.00 0.58 0.00 1.02 2.04 2.34 1.10 3.80 4.02 0.00 0.00 0.00 0.00 0.00 0.00 0.00 0.00 0.00 0.00 0.00 0.00 5.62 11.97 14.38 9.93 4.16 2.63 3.14 0.00 0.00 0.00 0.00 0.00
6.94 7.01 6.28 7.01 5.55 0.00 0.00 4.74 5.48 0.00 0.00 0.00 5.11 5.91 6.79 0.00 6.86 6.35 6.35 5.77 6.35 4.53 0.00 7.01 7.01 5.33 0.00 0.00 0.00 0.00 0.00 0.00 0.00 0.00 0.00 0.00 0.00 0.00 0.00 0.00 0.00 0.00 0.00 0.00 0.00 0.00 0.00 0.00 0.00 0.00 0.00 1.83 1.39 1.39 1.90 1.17 1.10 0.88 1.68 2.92 0.00 0.00 5.26 4.74 4.96 0.00 3.36 0.00 0.00 0.00 0.00 4.45 3.80 7.59 11.17 7.45 5.04 4.60 4.16 4.31 6.13 5.84 0.00 0.00
5.55 0.00 0.00 0.00 6.13 0.00 0.00 0.00 4.89 3.94 3.80 4.96 5.77 6.13 5.33 6.06 6.06 0.00 0.00 6.86 6.94 6.94 0.00 6.72 0.00 4.96 5.91 0.00 0.00 0.00 0.00 5.11 9.93 5.40 3.65 0.00 0.00 0.00 3.36 0.00 0.00 0.00 0.00 0.00 0.00 2.85 0.00 0.00 0.00 0.00 0.00 1.97 1.46 3.29 5.77 2.92 1.61 2.41 0.73 3.58 4.92 3.87 3.76 2.77 3.58 2.04 5.33 4.74 4.74 5.69 4.96 4.38 4.16 5.18 4.16 4.67 5.40 7.08 5.26 3.80 4.82 0.00 0.00 0.00
6.20 6.06 7.74 6.35 6.64 7.15 6.86 7.23 9.05 7.88 4.89 5.91 7.66 9.13 6.72 5.33 6.06 6.35 6.35 0.00 4.53 0.00 5.33 0.00 0.00 0.00 0.00 0.00 4.60 4.60 0.00 4.31 4.45 4.53 0.00 0.00 0.00 0.00 6.42 11.39 10.15 4.74 3.50 3.50 0.00 0.00 0.00 0.00 0.00 3.14 2.99 0.95 2.26 2.48 4.67 14.02 15.33 11.24 7.96 2.34 0.88 3.29 2.68 4.89 3.29 3.21 4.53 4.38 4.38 5.91 10.29 12.48 12.92 8.32 4.45 5.99 6.72 9.13 10.00 10.29 8.76 5.40 0.00 0.00
5.18 5.55 6.28 5.62 5.48 7.74 6.79 6.57 8.32 8.54 5.26 5.04 7.52 8.83 5.18 4.31 6.86 5.91 5.91 4.89 0.00 0.00 4.89 0.00 2.85 0.00 2.56 0.00 3.58 3.87 3.14 0.00 4.38 0.00 4.23 0.00 0.00 0.00 5.99 7.81 8.91 5.26 4.60 4.60 5.48 4.02 0.00 0.00 0.00 1.10 2.26 3.21 2.85 4.02 3.87 4.09 8.03 11.39 12.26 5.04 2.63 2.34 1.39 3.07 2.67 2.48 3.07 1.97 1.97 3.65 8.10 14.60 14.60 10.00 6.06 7.15 7.15 6.79 8.03 9.42 12.05 11.17 6.13 0.00
0.00 2.99 0.00 4.23 4.53 5.77 5.40 3.80 0.00 2.99 5.40 7.23 6.86 6.64 6.57 6.35 5.84 0.00 0.00 7.08 5.55 4.09 0.00 0.00 4.09 5.91 3.72 0.00 5.26 4.38 5.55 5.69 0.00 3.36 6.50 4.60 0.00 0.00 0.00 3.72 4.53 5.62 6.28 6.28 4.23 3.87 2.63 3.87 3.36 1.90 1.97 4.67 5.11 3.43 1.90 1.53 3.72 6.72 9.42 9.56 4.31 2.70 1.02 3.07 3.54 6.72 7.74 7.08 7.08 5.48 5.69 9.42 11.24 11.83 9.64 8.03 7.08 8.47 8.61 8.54 10.15 7.96 5.69 0.00
8.32 3.29 0.00 3.21 4.23 4.31 4.02 2.99 0.00 0.00 3.94 5.84 5.55 7.45 6.94 6.50 6.13 4.23 4.23 5.33 5.77 4.31 0.00 0.00 5.26 0.00 4.67 5.55 6.28 4.96 4.45 5.84 4.96 5.62 6.79 4.89 3.94 3.29 0.00 0.00 4.16 6.35 5.91 5.91 5.84 8.03 10.80 11.24 7.15 4.31 3.72 3.36 0.00 0.00 0.58 3.07 1.68 3.36 8.45 8.92 5.18 7.08 8.57 12.34 13.93 13.85 17.67 17.52 17.52 9.64 5.40 5.55 6.79 11.46 11.68 10.66 11.83 10.73 10.88 8.33 8.99 8.58 7.19 6.75
6.94 4.89 3.65 3.29 0.00 3.80 2.56 0.00 0.00 2.34 2.70 2.92 3.58 4.02 6.42 7.30 5.77 4.38 4.38 5.26 5.18 4.16 5.11 5.84 5.48 5.33 4.74 4.23 3.80 4.96 0.00 4.38 5.40 5.91 4.67 4.96 4.60 3.58 2.19 0.00 4.23 3.36 0.00 0.00 2.41 3.36 4.23 6.13 6.86 6.35 7.81 7.59 10.73 6.50 3.65 7.15 4.82 3.50 4.45 4.53 3.69 4.31 9.59 19.27 25.84 20.88 18.11 17.54 16.98 16.80 18.61 14.24 9.20 12.34 12.70 12.63 14.16 14.45 13.45 10.24 7.97 8.07 9.39 8.85
5.55 5.33 5.33 4.45 0.00 4.16 2.63 2.85 4.60 4.02 3.43 3.50 2.34 0.00 0.00 4.23 4.60 4.02 4.02 3.36 3.07 2.63 1.75 0.00 1.90 0.00 4.96 0.00 2.48 3.72 3.87 0.00 3.36 4.16 4.16 3.50 0.00 0.00 2.63 0.00 0.00 0.00 0.51 0.51 0.00 0.00 0.22 2.41 4.60 3.29 4.67 10.00 17.16 17.08 17.74 17.16 12.41 6.79 4.94 6.27 5.69 6.20 7.23 11.86 18.86 25.55 27.38 23.80 23.92 19.14 18.64 17.67 14.97 13.58 11.59 10.66 8.61 8.83 11.23 10.91 10.12 10.37 9.33 9.59
2.41 3.58 5.99 0.00 0.00 4.53 3.50 5.33 6.79 6.72 3.58 1.75 2.92 0.00 0.00 0.00 0.00 3.80 3.80 0.00 0.00 0.00 0.00 0.00 0.00 0.00 0.00 0.00 0.00 0.00 0.00 0.00 0.00 2.56 2.19 3.07 0.00 2.77 0.00 0.00 0.00 0.00 0.00 0.00 0.00 0.00 0.00 1.24 3.29 3.50 3.58 5.55 14.67 21.83 23.21 28.25 23.43 12.05 11.68 10.41 9.88 10.17 7.18 7.42 17.15 22.77 25.83 22.85 22.85 18.04 15.07 18.80 19.81 17.27 12.62 10.91 7.81 6.23 7.53 10.80 14.99 16.18 13.58 11.77
0.00 2.56 2.63 0.00 0.00 4.23 5.18 3.36 0.00 3.50 0.00 0.00 2.48 0.00 0.00 0.00 0.00 0.00 0.00 3.87 2.99 1.17 2.92 0.00 0.00 0.00 0.00 0.00 0.00 0.00 0.00 0.00 0.00 0.00 1.97 0.00 0.00 0.00 0.00 0.00 0.00 0.00 0.00 0.00 0.00 0.00 1.90 2.26 3.43 9.64 6.20 3.36 10.59 16.28 27.16 27.52 29.13 28.32 26.06 21.75 15.48 13.81 11.32 9.61 19.05 23.29 19.59 15.40 15.40 11.13 11.74 18.38 21.12 20.40 15.64 12.33 12.99 10.82 10.13 11.29 14.75 16.33 16.03 12.79
0.00 2.77 2.12 2.34 2.48 0.00 0.00 0.00 0.00 4.02 2.41 0.00 0.00 0.00 0.00 6.79 4.89 0.00 0.00 2.63 3.87 4.96 0.00 0.00 0.00 0.00 0.00 0.00 0.00 0.00 0.00 0.00 0.00 0.00 0.00 0.00 0.00 2.77 0.00 0.00 0.00 0.00 0.00 0.00 0.00 0.00 1.75 2.04 4.60 9.20 8.47 9.78 12.66 14.07 21.02 24.46 25.74 32.34 35.04 34.67 26.43 15.55 9.61 9.36 15.78 23.55 23.41 14.82 14.89 9.24 9.86 13.79 15.97 20.10 18.77 14.31 14.82 14.15 9.68 11.16 14.22 19.15 20.28 13.40
7.59 6.35 5.84 3.80 0.00 0.00 2.41 0.00 0.00 2.26 0.00 0.00 0.00 0.00 0.00 0.00 0.00 0.00 0.00 0.00 0.00 1.53 0.00 4.96 0.00 0.00 1.46 0.00 0.00 0.00 0.00 0.00 0.00 0.00 0.00 0.00 0.00 0.00 0.00 0.00 0.00 0.00 0.00 0.00 1.68 1.68 2.63 3.50 6.64 13.43 14.53 13.87 12.70 11.01 18.39 22.65 24.20 28.39 24.01 31.19 25.02 16.65 13.10 9.01 8.73 18.62 20.96 15.26 15.26 9.14 8.18 7.22 8.13 14.76 19.08 20.54 17.06 14.60 10.56 8.49 14.21 21.56 22.21 10.61
9.93 8.98 7.88 6.79 3.80 4.16 4.09 0.00 0.00 0.00 0.00 0.00 0.00 0.00 0.00 0.00 0.00 0.00 0.00 0.00 0.00 0.00 0.00 7.96 0.00 0.00 0.00 0.00 0.00 0.00 0.00 0.00 0.00 0.00 3.94 0.00 0.00 0.00 0.00 0.00 0.00 0.00 1.39 1.39 0.66 1.31 2.99 3.14 6.79 13.51 16.86 14.97 12.63 12.33 12.22 16.71 14.23 15.52 20.54 19.57 20.28 15.06 11.21 7.49 5.41 12.37 14.07 7.11 7.01 5.85 6.43 5.86 8.34 13.79 16.06 18.86 16.01 9.36 9.91 7.10 11.97 17.84 15.10 9.42
8.76 0.00 5.04 5.99 4.16 3.36 4.74 3.94 4.31 5.33 0.00 0.00 0.00 1.53 0.00 0.00 0.00 0.00 0.00 0.00 0.00 0.00 0.00 0.00 0.00 0.00 0.00 0.00 0.00 0.00 0.00 0.00 0.00 0.00 0.00 0.00 0.00 0.00 0.00 0.00 0.00 5.33 4.74 4.74 5.33 4.60 2.04 2.85 7.59 11.83 17.76 20.23 24.46 23.18 16.25 12.91 12.41 9.93 10.79 9.94 11.59 15.75 15.21 6.13 1.19 4.28 6.67 4.36 4.26 2.63 4.67 5.09 7.76 16.72 15.99 16.64 11.08 6.53 9.01 7.45 8.60 15.31 11.18 0.00
15.04 8.76 7.74 7.66 6.06 7.08 9.49 9.20 8.10 5.77 4.31 5.62 0.00 1.53 2.26 0.00 0.00 0.00 0.00 0.00 0.00 0.00 0.00 0.00 0.00 3.80 3.50 3.72 2.77 2.70 3.65 2.41 2.41 3.36 1.24 0.00 0.00 0.00 5.33 1.90 0.00 2.56 3.65 3.65 6.64 7.66 8.91 12.41 14.82 18.61 21.22 19.97 17.35 15.78 14.60 13.05 19.97 18.23 21.20 20.76 13.87 7.11 9.42 13.85 8.61 4.48 2.23 0.00 0.00 0.00 0.00 5.60 10.10 15.00 17.22 15.91 7.56 0.00 0.00 0.00 0.00 9.31 11.40 11.58
17.67 14.60 14.45 13.07 12.56 12.85 11.46 7.30 4.60 0.00 0.00 3.50 0.00 2.12 4.23 0.00 0.00 0.00 0.00 0.00 0.00 0.00 0.00 0.00 5.04 4.53 4.74 3.94 2.92 2.19 2.63 1.53 2.34 3.36 2.85 1.75 5.55 7.45 4.38 0.58 0.15 1.02 2.85 2.85 5.11 7.96 8.76 9.93 10.76 17.26 17.84 16.82 12.66 9.48 7.75 7.72 8.32 11.52 15.80 17.62 19.98 15.58 11.47 7.45 2.63 6.35 5.06 1.47 1.44 0.00 0.00 0.00 4.22 8.11 11.96 11.83 8.04 0.00 0.00 0.00 0.00 0.00 9.24 11.56
14.89 15.26 12.12 9.49 10.22 12.92 13.36 8.54 1.68 0.00 0.00 0.00 0.00 0.00 0.00 3.29 0.00 3.36 3.36 0.00 0.00 3.72 1.83 3.43 3.50 2.19 0.22 2.19 2.34 3.14 2.63 0.95 1.90 5.11 5.04 5.04 8.10 4.60 1.02 0.22 0.44 0.22 1.53 1.53 3.58 6.20 5.62 4.94 9.57 13.48 10.30 10.23 16.49 14.84 11.16 2.59 3.28 7.58 6.70 15.12 19.94 23.09 13.29 4.53 2.77 3.87 5.74 0.00 0.00 0.00 0.00 0.00 4.01 12.17 14.45 12.02 8.18 0.00 0.00 0.00 0.00 0.00 7.34 10.18
9.86 12.19 11.17 3.50 4.45 10.00 12.63 9.24 5.69 0.00 0.00 0.00 0.00 0.00 5.40 4.02 3.29 4.23 4.23 0.00 0.00 0.00 4.31 3.80 3.43 2.99 1.75 2.26 2.92 3.43 1.68 2.48 1.61 2.70 3.65 3.72 5.11 1.97 0.44 0.00 0.29 0.58 1.68 1.68 3.50 5.77 5.55 8.07 12.70 11.11 9.25 7.81 15.19 20.25 15.39 13.05 8.30 6.89 8.88 10.83 13.40 22.75 18.12 18.25 10.80 2.01 3.77 5.18 4.99 0.00 0.00 0.37 3.84 10.76 12.23 8.54 7.63 4.20 0.00 0.00 0.00 6.23 9.57 13.13
0.00 0.00 0.00 0.00 3.07 7.37 10.00 10.73 7.81 0.00 0.00 0.00 0.00 0.00 3.72 0.00 3.94 4.23 4.23 0.00 0.00 0.00 0.00 2.63 2.19 2.77 1.68 2.70 3.72 2.04 1.39 2.56 1.83 1.97 3.29 2.92 0.80 0.80 0.00 0.51 1.53 1.17 2.26 2.26 3.94 3.50 8.40 12.78 14.45 15.26 16.90 19.87 14.21 12.54 14.32 17.60 0.00 0.00 9.73 13.05 12.03 18.31 22.06 25.45 19.66 8.28 4.76 7.01 7.05 0.00 0.00 0.00 0.00 5.28 5.90 4.87 4.69 3.08 0.00 0.00 0.00 10.79 13.43 13.87
0.00 0.00 0.00 0.00 0.00 9.71 13.72 14.38 10.37 5.77 7.52 0.00 0.00 0.00 0.00 0.00 0.00 0.00 0.00 0.00 0.00 0.00 0.00 0.37 0.15 0.00 0.51 0.00 0.58 0.22 0.73 3.58 3.08 2.64 2.12 2.04 0.80 0.22 0.00 0.58 2.19 2.34 1.83 1.83 2.13 2.19 7.92 9.20 11.41 15.95 16.32 20.28 21.53 13.92 9.03 0.00 0.00 0.00 0.00 15.47 13.71 16.24 19.44 22.65 20.44 17.57 10.77 7.69 9.00 8.73 0.00 0.00 0.00 0.00 0.00 0.33 3.33 0.00 0.00 0.00 0.00 9.68 11.84 10.47
0.00 0.00 0.00 0.00 0.00 0.00 11.46 13.65 14.45 9.49 9.05 2.70 3.65 0.00 0.00 0.00 0.00 0.00 0.00 0.00 0.00 0.00 0.00 0.37 1.39 1.02 1.61 0.00 0.00 0.07 0.00 0.37 0.07 0.58 1.17 1.17 2.34 0.73 0.00 0.00 0.00 0.00 0.00 0.00 0.66 2.12 2.35 1.75 4.36 7.90 7.90 10.35 9.15 11.54 0.00 0.00 0.00 0.00 0.00 15.41 17.87 13.20 15.24 23.45 20.61 21.40 18.52 8.20 9.18 11.68 0.00 0.00 0.00 0.00 0.00 0.00 0.00 0.00 0.00 0.00 0.00 10.60 14.70 9.10
0.00 0.00 0.00 0.00 0.00 0.00 4.67 7.88 12.41 11.32 10.15 4.60 8.03 11.53 7.30 8.08 7.15 0.00 0.00 0.00 0.00 0.00 0.00 0.00 0.00 3.14 3.58 1.90 2.48 3.29 0.88 0.00 0.00 0.37 1.02 0.58 2.77 0.00 0.00 0.00 0.00 0.00 0.00 0.00 2.19 2.48 0.07 1.27 5.73 9.98 9.55 11.28 13.41 0.00 0.00 0.00 0.00 0.00 0.00 0.00 0.00 19.47 11.45 15.98 18.40 17.99 23.03 10.93 11.16 11.46 9.73 0.00 0.00 0.00 0.00 0.00 0.00 0.00 0.00 0.00 0.00 0.00 0.00 0.00
0.00 0.00 0.00 0.00 0.00 0.00 0.00 6.50 12.56 11.75 6.50 9.42 11.32 13.43 9.56 11.37 10.66 0.00 0.00 0.00 0.00 0.00 0.00 0.00 0.00 0.00 0.00 0.00 3.80 4.31 0.00 3.58 1.17 1.46 2.34 2.34 0.66 0.00 0.00 0.00 2.04 0.95 2.04 2.04 3.07 1.02 0.07 3.63 15.03 19.31 23.30 21.04 15.54 0.00 0.00 0.00 0.00 0.00 0.00 0.00 0.00 18.88 15.70 10.34 14.72 20.57 21.32 18.58 22.71 8.42 4.31 0.00 0.00 0.00 0.00 0.00 0.00 0.00 0.00 0.00 0.00 0.00 0.00 0.00
0.00 0.00 0.00 0.00 0.00 0.00 0.00 0.00 0.00 0.00 0.00 0.00 0.00 0.00 0.00 4.38 7.74 13.30 13.51 18.61 15.04 17.67 12.78 7.59 6.42 5.99 7.23 5.55 0.00 0.00 0.00 0.00 0.00 0.00 3.87 8.61 8.91 9.78 8.10 4.48 7.45 8.26 7.08 7.08 6.86 2.99 4.09 8.29 9.48 0.00 0.00 0.00 0.00 0.00 0.00 0.00 0.00 0.00 0.00 0.00 0.00 0.00 0.00 0.00 0.00 22.22 11.64 13.13 14.68 0.00 0.00 0.00 0.00 0.00 0.00 0.00 0.00 0.00 0.00 0.00 0.00 0.00 0.00 0.00
0.00 0.00 0.00 0.00 0.00 0.00 0.00 0.00 0.00 0.00 0.00 0.00 0.00 0.00 0.00 0.00 0.00 0.00 0.00 0.00 8.71 9.38 13.36 15.48 15.04 8.00 8.54 14.02 13.72 10.15 7.30 7.30 4.96 4.38 5.04 9.05 13.51 18.54 16.13 8.83 12.42 19.47 14.31 15.99 11.90 9.56 9.42 12.88 0.00 0.00 0.00 0.00 0.00 0.00 0.00 0.00 0.00 0.00 0.00 0.00 0.00 0.00 0.00 0.00 0.00 0.00 0.00 0.00 0.00 0.00 0.00 0.00 0.00 0.00 0.00 0.00 0.00 0.00 0.00 0.00 0.00 0.00 0.00 0.00
0.00 0.00 0.00 0.00 0.00 0.00 0.00 0.00 0.00 0.00 0.00 0.00 0.00 0.00 0.00 0.00 0.00 0.00 0.00 0.00 0.00 0.00 8.61 9.13 12.12 6.90 7.97 15.33 19.05 12.99 7.74 9.34 5.11 4.60 2.99 1.44 10.07 11.75 8.61 0.00 0.00 9.05 10.36 13.16 14.95 15.14 9.73 2.82 0.00 0.00 0.00 0.00 0.00 0.00 0.00 0.00 0.00 0.00 0.00 0.00 0.00 0.00 0.00 0.00 0.00 0.00 0.00 0.00 0.00 0.00 0.00 0.00 0.00 0.00 0.00 0.00 0.00 0.00 0.00 0.00 0.00 0.00 0.00 0.00
0.00 0.00 0.00 0.00 0.00 0.00 0.00 0.00 0.00 0.00 0.00 0.00 0.00 0.00 0.00 0.00 0.00 0.00 0.00 0.00 0.00 0.00 0.00 0.00 4.96 0.00 0.00 5.18 8.76 5.84 2.04 6.62 0.00 0.00 0.00 0.00 0.00 0.00 0.00 0.00 0.00 0.00 0.00 0.00 0.00 10.71 0.00 0.00 0.00 0.00 0.00 0.00 0.00 0.00 0.00 0.00 0.00 0.00 0.00 0.00 0.00 0.00 0.00 0.00 0.00 0.00 0.00 0.00 0.00 0.00 0.00 0.00 0.00 0.00 0.00 0.00 0.00 0.00 0.00 0.00 0.00 0.00 0.00 0.00
