Wansh/reverse/1990063.txt
ncols 321
nrows 161
xllcenter 60
yllcenter 15 
cellsize  0.25 
NODATA_value -1
[rows 0 to 36 of 161, columns 84 to 167 of 321]
21.68 20.73 20.08 18.83 15.04 13.87 11.61 12.41 14.53 17.08 17.59 18.18 17.45 19.93 19.93 18.83 18.69 19.56 19.56 20.15 18.47 15.77 12.85 10.66 6.72 5.26 3.65 2.99 1.31 2.56 5.91 9.78 11.75 10.88 9.05 8.83 8.61 8.10 7.59 7.45 7.96 7.52 6.79 6.79 6.86 6.06 5.77 3.80 3.14 7.30 11.46 13.94 10.66 10.15 13.07 0.00 0.00 0.00 0.00 0.00 0.00 0.00 0.00 0.00 0.00 0.00 0.00 5.11 5.11 5.77 8.25 9.71 9.93 10.66 8.98 9.78 11.83 13.43 14.82 13.14 11.75 8.76 7.37 8.91
19.71 18.83 18.18 12.41 13.94 12.48 12.70 12.05 13.58 15.91 16.13 16.28 14.75 13.65 13.65 13.94 16.13 18.32 18.32 18.54 16.94 15.55 14.82 12.92 8.91 5.40 2.99 2.85 2.77 2.99 3.65 5.62 9.27 10.80 9.64 9.13 9.56 7.52 6.20 7.01 8.32 10.73 12.12 12.12 11.24 8.76 5.77 4.09 3.80 4.74 6.06 6.42 8.18 7.96 4.23 5.91 6.72 5.99 0.00 6.57 6.35 6.28 4.96 5.11 5.04 4.60 6.28 8.47 8.47 8.83 8.76 10.15 10.88 10.80 12.12 13.65 16.43 17.08 18.18 17.67 16.35 15.26 12.12 11.83
17.37 16.43 15.55 11.53 12.19 12.56 15.99 14.53 15.77 17.52 17.52 17.08 14.45 12.56 9.71 7.01 7.96 10.73 10.73 14.16 15.70 16.43 15.40 14.16 10.88 7.08 4.38 2.99 2.70 3.14 2.19 2.99 5.91 8.25 8.61 8.54 9.64 9.56 8.32 6.79 6.35 7.52 10.15 10.15 12.12 14.75 13.14 5.62 1.75 3.58 4.45 4.45 4.23 0.00 0.00 9.78 11.61 11.83 12.78 13.36 11.75 11.53 11.17 9.93 10.37 9.71 10.37 12.12 12.12 12.85 11.32 8.25 10.22 12.34 15.11 17.08 14.67 13.72 15.26 17.45 18.10 17.45 17.89 17.45
17.37 16.43 15.55 11.53 12.19 12.56 15.99 14.53 15.77 17.52 17.52 17.08 14.45 12.56 9.71 7.01 7.96 10.73 10.73 14.16 15.70 16.43 15.40 14.16 10.88 7.08 4.38 2.99 2.70 3.14 2.19 2.99 5.91 8.25 8.61 8.54 9.64 9.56 8.32 6.79 6.35 7.52 10.15 10.15 12.12 14.75 13.14 5.62 1.75 3.58 4.45 4.45 4.23 0.00 0.00 9.78 11.61 11.83 12.78 13.36 11.75 11.53 11.17 9.93 10.37 9.71 10.37 12.12 12.12 12.85 11.32 8.25 10.22 12.34 15.11 17.08 14.67 13.72 15.26 17.45 18.10 17.45 17.89 17.45
14.16 10.95 17.23 12.92 16.50 17.45 16.79 14.75 16.86 17.30 16.13 14.60 13.51 12.56 10.88 8.03 3.94 1.83 1.83 3.80 7.08 11.61 16.13 16.13 12.48 8.83 4.67 2.56 2.70 2.48 2.41 3.07 5.69 6.94 9.42 10.95 11.83 11.68 9.93 9.42 8.61 5.84 9.05 9.05 12.99 14.45 15.18 13.94 11.97 8.03 4.82 3.36 4.09 4.45 4.38 5.48 6.13 7.52 10.07 12.26 12.92 13.72 13.58 12.19 13.51 14.02 13.29 13.72 13.72 13.87 12.63 11.39 11.83 12.56 16.50 18.03 19.49 19.27 18.54 17.89 16.64 16.79 16.86 16.13
11.83 12.12 14.67 15.40 13.21 11.90 10.73 8.25 9.42 11.24 10.88 11.83 13.07 12.12 14.45 14.97 13.14 9.34 9.34 4.89 0.88 0.00 5.62 12.05 16.43 15.04 8.54 5.77 3.72 2.85 3.29 4.53 6.06 6.64 7.59 8.69 9.78 9.86 9.93 9.42 6.94 5.77 6.57 6.57 7.08 8.18 11.75 13.80 14.53 8.76 7.08 4.31 3.94 3.94 3.43 3.87 4.74 4.89 6.86 8.10 8.69 12.56 15.84 16.64 16.35 15.70 14.38 12.26 12.26 11.32 10.88 11.61 13.14 11.90 10.22 10.66 12.41 12.70 13.07 16.50 18.18 18.03 15.77 15.99
10.59 11.02 12.70 11.46 11.90 14.31 13.07 11.46 11.75 10.59 9.78 9.56 9.86 10.80 11.75 13.29 15.11 15.26 15.26 14.67 10.51 4.67 0.00 0.00 6.42 6.94 4.67 2.92 3.43 4.09 2.70 3.58 4.31 4.60 4.74 7.30 7.88 6.94 5.99 5.69 6.86 9.13 9.27 9.27 8.10 8.98 12.70 15.18 13.80 9.78 0.00 5.18 4.45 0.00 5.33 6.06 7.96 9.86 10.15 9.27 11.24 14.60 17.96 18.54 16.94 17.37 16.86 16.06 16.06 15.33 14.16 15.18 16.86 15.26 13.43 13.80 13.29 11.83 8.98 9.56 14.38 17.74 18.10 17.67
10.59 11.02 12.70 11.46 11.90 14.31 13.07 11.46 11.75 10.59 9.78 9.56 9.86 10.80 11.75 13.29 15.11 15.26 15.26 14.67 10.51 4.67 0.00 0.00 6.42 6.94 4.67 2.92 3.43 4.09 2.70 3.58 4.31 4.60 4.74 7.30 7.88 6.94 5.99 5.69 6.86 9.13 9.27 9.27 8.10 8.98 12.70 15.18 13.80 9.78 0.00 5.18 4.45 0.00 5.33 6.06 7.96 9.86 10.15 9.27 11.24 14.60 17.96 18.54 16.94 17.37 16.86 16.06 16.06 15.33 14.16 15.18 16.86 15.26 13.43 13.80 13.29 11.83 8.98 9.56 14.38 17.74 18.10 17.67
8.61 11.61 10.37 10.37 12.19 13.14 10.59 9.64 9.27 10.44 9.20 3.21 0.00 1.90 7.66 10.07 11.32 12.48 12.48 13.80 12.92 13.65 7.01 3.36 3.87 3.43 3.21 4.89 4.09 3.72 3.87 4.60 3.43 4.82 9.20 11.68 11.17 7.96 4.96 4.16 5.77 7.23 10.29 10.29 10.66 10.37 9.05 8.69 12.12 0.00 4.96 5.91 4.82 3.80 3.36 3.50 5.11 6.94 8.98 9.93 11.24 13.29 12.78 13.65 14.45 15.77 16.28 15.62 15.62 15.18 15.62 16.28 15.33 13.80 13.43 12.78 11.68 10.73 10.66 10.07 8.40 9.34 14.89 17.96
13.58 14.60 13.72 12.78 11.53 10.88 11.17 13.14 14.53 13.43 8.69 4.38 1.46 3.07 8.10 12.85 14.60 14.02 14.02 11.97 13.43 12.70 8.32 2.12 2.56 2.19 3.58 4.96 4.67 4.45 4.16 3.72 5.11 7.01 12.56 13.51 10.00 10.00 6.64 4.67 4.16 4.67 4.82 4.82 4.09 4.96 4.31 2.56 5.84 8.25 9.34 12.05 12.34 11.75 9.56 8.69 8.25 8.54 9.27 9.13 9.49 10.29 10.07 9.78 10.07 12.70 12.63 12.70 12.70 12.92 14.02 17.30 16.64 12.99 11.10 11.75 14.31 16.94 17.52 14.97 11.02 8.18 8.76 12.12
12.12 13.43 12.48 12.26 12.41 12.78 10.59 11.10 14.60 14.24 11.24 5.26 2.41 1.39 6.06 10.66 11.39 11.83 11.83 11.10 11.24 8.25 3.29 1.31 1.31 1.68 3.65 3.36 3.65 3.50 3.50 3.65 5.18 8.32 8.10 9.71 11.39 9.71 6.06 4.60 5.18 5.26 5.99 5.99 6.13 5.33 4.67 8.25 11.46 9.27 9.34 11.75 12.63 10.88 9.34 10.80 12.12 12.78 10.88 9.78 11.53 13.58 11.61 11.75 12.78 13.87 15.40 18.83 18.83 19.86 17.45 15.62 15.77 15.26 13.94 13.80 18.47 20.44 19.56 14.02 10.73 11.02 10.29 7.88
12.12 13.43 12.48 12.26 12.41 12.78 10.59 11.10 14.60 14.24 11.24 5.26 2.41 1.39 6.06 10.66 11.39 11.83 11.83 11.10 11.24 8.25 3.29 1.31 1.31 1.68 3.65 3.36 3.65 3.50 3.50 3.65 5.18 8.32 8.10 9.71 11.39 9.71 6.06 4.60 5.18 5.26 5.99 5.99 6.13 5.33 4.67 8.25 11.46 9.27 9.34 11.75 12.63 10.88 9.34 10.80 12.12 12.78 10.88 9.78 11.53 13.58 11.61 11.75 12.78 13.87 15.40 18.83 18.83 19.86 17.45 15.62 15.77 15.26 13.94 13.80 18.47 20.44 19.56 14.02 10.73 11.02 10.29 7.88
10.29 11.68 10.80 11.61 13.21 8.98 5.91 2.63 0.00 4.67 0.00 0.95 1.97 5.40 7.37 10.29 11.75 12.48 12.48 12.99 9.20 6.50 3.43 1.97 2.26 4.23 4.23 4.60 4.82 4.96 4.89 4.96 5.48 6.50 7.74 10.37 12.41 10.80 8.76 8.98 10.66 11.68 10.88 10.88 9.27 7.66 7.59 9.42 11.24 12.41 14.75 20.22 17.67 14.16 11.39 11.24 14.09 18.25 18.98 14.60 14.31 13.07 12.63 12.63 13.07 12.56 13.58 15.40 15.40 16.06 16.06 15.91 15.91 16.28 16.94 17.37 19.56 21.90 23.07 18.32 15.84 15.55 13.94 17.08
13.51 13.80 12.56 10.51 8.10 0.00 0.00 1.39 4.74 5.84 5.48 4.23 2.99 6.50 7.08 10.44 11.68 11.68 11.68 10.37 8.18 7.15 7.37 6.42 5.69 4.96 5.33 4.82 6.20 8.69 9.78 10.73 11.90 12.48 12.05 13.51 14.60 14.38 13.65 13.87 14.09 10.29 8.10 8.10 7.30 8.76 11.39 13.36 14.45 14.45 15.04 16.13 15.91 15.04 13.80 11.61 12.48 14.75 14.75 13.94 13.80 14.82 17.08 17.96 16.35 15.40 15.26 16.06 16.06 15.84 17.08 17.45 17.74 16.57 15.84 16.35 17.37 17.89 16.64 15.84 14.97 17.67 13.43 14.89
11.17 10.37 11.39 11.90 7.81 4.09 3.07 0.00 4.09 9.56 10.51 9.42 9.86 11.46 13.36 13.58 13.36 10.15 10.15 8.47 7.45 8.61 9.56 8.69 6.64 8.69 11.68 11.97 11.61 12.78 14.82 17.52 18.32 16.86 16.43 14.67 12.26 10.80 10.07 11.46 11.75 12.70 11.32 11.32 8.83 13.29 15.26 16.13 16.64 17.37 16.50 14.82 15.77 17.52 17.89 18.83 18.03 16.72 14.31 11.32 10.88 11.53 12.99 15.48 16.50 17.16 15.55 13.51 13.51 15.33 16.64 16.79 16.72 14.24 12.92 13.07 9.20 5.04 0.00 5.48 10.88 18.47 13.07 14.60
5.04 7.52 11.24 11.75 12.34 7.01 6.20 7.88 8.47 9.34 9.49 9.64 11.17 11.61 11.53 12.56 11.39 9.93 9.93 8.18 5.62 8.10 12.26 13.21 11.83 10.66 10.37 11.02 13.29 15.77 17.81 18.98 16.13 13.29 10.88 5.77 3.65 4.82 8.10 13.14 15.99 18.32 18.83 18.83 14.75 13.14 13.36 11.97 11.90 13.07 14.75 14.16 15.70 19.35 23.36 25.04 23.14 18.32 13.51 10.29 9.56 8.91 5.99 7.08 9.56 15.04 16.57 15.48 15.48 15.26 14.67 15.33 17.16 21.17 23.29 17.74 9.56 0.00 0.00 4.38 20.88 18.47 15.91 16.72
5.04 7.52 11.24 11.75 12.34 7.01 6.20 7.88 8.47 9.34 9.49 9.64 11.17 11.61 11.53 12.56 11.39 9.93 9.93 8.18 5.62 8.10 12.26 13.21 11.83 10.66 10.37 11.02 13.29 15.77 17.81 18.98 16.13 13.29 10.88 5.77 3.65 4.82 8.10 13.14 15.99 18.32 18.83 18.83 14.75 13.14 13.36 11.97 11.90 13.07 14.75 14.16 15.70 19.35 23.36 25.04 23.14 18.32 13.51 10.29 9.56 8.91 5.99 7.08 9.56 15.04 16.57 15.48 15.48 15.26 14.67 15.33 17.16 21.17 23.29 17.74 9.56 0.00 0.00 4.38 20.88 18.47 15.91 16.72
7.74 9.56 9.78 10.15 10.15 7.45 0.00 1.75 3.29 4.45 5.84 6.94 8.40 11.17 11.75 12.78 14.31 12.99 12.99 9.93 8.61 7.81 8.18 9.49 11.90 13.36 10.44 9.64 10.88 13.65 15.70 15.91 14.82 13.29 8.25 2.99 3.07 5.11 8.76 12.70 14.67 15.84 13.94 13.94 13.94 13.14 12.48 13.51 14.82 17.23 18.03 17.37 16.64 16.86 16.94 18.69 18.61 14.24 9.27 10.00 11.24 12.70 11.68 9.71 10.07 12.99 16.06 17.45 17.45 18.10 17.37 15.33 15.18 24.45 25.11 18.83 9.05 0.00 0.00 1.02 12.05 9.27 6.94 6.13
8.32 11.83 15.04 13.80 13.21 12.12 8.69 6.28 4.96 5.99 6.28 7.01 9.34 12.12 15.33 16.28 16.50 15.77 15.77 13.65 11.46 7.96 5.26 7.59 10.80 12.26 11.90 11.02 11.83 13.36 16.64 17.01 18.69 17.89 12.99 7.88 6.72 6.13 6.50 9.05 12.12 13.14 13.29 13.29 13.14 16.28 18.10 16.50 17.08 20.29 21.90 20.44 18.54 16.86 17.01 18.91 15.11 13.87 14.82 15.48 17.67 19.56 18.98 14.75 13.29 14.31 14.75 18.83 18.83 22.05 20.81 18.76 17.59 20.37 17.59 10.00 5.91 5.48 0.00 5.99 7.81 8.76 8.83 6.94
5.55 11.24 10.00 7.74 10.22 14.53 16.43 11.68 8.83 8.54 7.37 7.96 8.83 11.02 11.90 12.48 12.70 16.21 16.21 16.43 14.60 11.75 8.69 7.45 9.13 10.22 10.73 11.17 11.02 11.97 14.02 15.62 15.77 14.45 13.07 10.29 6.06 3.50 4.45 0.00 7.45 15.55 19.35 19.35 21.24 23.65 22.92 20.66 20.88 24.16 26.50 24.02 21.53 19.35 18.40 20.29 20.81 18.54 17.16 16.50 21.61 24.24 21.53 18.83 16.28 15.84 18.10 22.19 22.19 20.44 14.24 10.29 7.81 9.78 9.78 5.48 2.19 4.16 5.33 4.82 7.45 8.83 10.80 11.24
7.88 10.37 9.27 8.18 8.47 7.59 11.17 12.56 9.49 8.54 8.61 8.69 8.91 10.15 9.13 8.76 9.27 10.51 10.51 12.63 12.78 11.97 13.80 11.68 11.90 13.51 13.58 11.32 8.69 7.59 7.30 7.96 8.61 10.95 8.25 5.18 0.00 0.00 0.00 0.00 0.00 6.64 14.38 14.38 23.65 29.78 27.45 24.24 24.82 26.06 26.50 26.72 24.60 20.73 18.54 21.68 21.17 17.96 16.13 16.79 19.49 21.39 21.32 20.51 19.78 20.81 20.51 17.74 17.74 12.48 5.99 3.72 2.12 3.72 2.70 0.00 2.19 3.50 3.29 3.72 6.42 8.25 11.53 11.46
9.49 9.71 8.76 9.93 9.27 8.61 11.68 14.02 15.70 17.23 18.40 18.10 18.18 17.16 13.94 9.93 10.73 9.49 9.49 9.56 10.80 11.61 13.07 15.04 16.94 17.23 18.76 17.89 15.40 11.02 4.82 2.48 2.85 4.31 4.67 3.87 0.00 0.00 0.00 0.00 4.82 2.77 4.31 4.31 8.76 12.41 11.61 12.92 15.33 17.52 20.44 25.19 25.19 25.92 24.09 21.46 19.42 15.99 15.40 18.32 22.41 24.53 23.94 23.29 22.48 20.08 17.52 12.48 12.48 5.55 1.97 0.00 0.00 0.00 0.00 2.99 1.97 2.77 2.85 3.43 5.55 4.31 4.45 5.48
9.49 9.71 8.76 9.93 9.27 8.61 11.68 14.02 15.70 17.23 18.40 18.10 18.18 17.16 13.94 9.93 10.73 9.49 9.49 9.56 10.80 11.61 13.07 15.04 16.94 17.23 18.76 17.89 15.40 11.02 4.82 2.48 2.85 4.31 4.67 3.87 0.00 0.00 0.00 0.00 4.82 2.77 4.31 4.31 8.76 12.41 11.61 12.92 15.33 17.52 20.44 25.19 25.19 25.92 24.09 21.46 19.42 15.99 15.40 18.32 22.41 24.53 23.94 23.29 22.48 20.08 17.52 12.48 12.48 5.55 1.97 0.00 0.00 0.00 0.00 2.99 1.97 2.77 2.85 3.43 5.55 4.31 4.45 5.48
6.64 7.01 7.96 9.56 11.24 12.56 13.14 14.67 15.18 16.94 20.81 22.41 21.61 24.16 23.36 20.22 17.37 15.91 15.91 15.04 13.51 15.48 15.40 16.43 21.24 22.78 21.17 18.69 14.67 10.80 6.86 5.77 4.96 0.00 0.00 3.65 1.68 0.00 0.00 0.00 0.00 0.00 3.07 3.07 0.00 1.46 0.00 3.50 4.16 3.14 2.77 3.58 5.26 6.57 9.27 9.86 10.00 7.96 8.10 11.46 14.24 17.08 18.91 21.39 22.70 17.45 14.31 12.85 12.85 10.15 10.00 6.50 4.89 4.89 4.09 0.00 2.26 3.21 3.50 3.87 5.33 2.85 2.70 3.21
8.40 9.13 9.13 11.17 12.92 16.50 17.16 19.42 20.15 20.08 19.64 18.91 17.96 18.47 18.98 17.74 16.57 15.84 15.84 16.79 17.16 16.72 16.28 16.54 17.53 19.68 17.03 16.72 15.99 11.68 7.08 5.33 3.50 0.00 0.00 0.00 0.00 1.31 0.00 0.00 0.00 0.00 0.00 0.00 0.00 0.00 1.61 2.26 1.90 0.00 1.61 3.07 3.58 2.19 2.34 2.77 3.36 2.99 3.65 7.59 10.66 14.24 21.97 22.85 20.81 16.13 9.05 7.66 7.66 11.97 14.16 9.49 6.79 6.50 5.62 0.00 2.99 3.14 3.80 4.23 3.58 3.29 2.77 2.48
12.48 12.99 14.45 14.97 15.26 17.37 19.05 20.15 21.39 19.78 20.08 18.32 17.67 14.38 13.72 14.02 13.87 14.82 14.82 16.72 16.50 16.86 17.08 18.54 19.96 16.31 14.83 17.46 21.75 22.19 15.70 9.13 6.79 4.23 0.00 0.00 0.00 0.00 0.00 0.00 0.00 0.00 0.00 0.00 0.00 0.00 0.00 0.00 0.00 0.00 0.00 0.00 0.00 0.00 0.00 0.00 0.00 0.00 0.00 4.38 5.91 5.69 7.15 8.83 9.42 9.86 8.61 8.10 8.10 10.22 10.51 8.91 6.57 5.69 4.67 4.38 4.09 4.67 4.60 4.67 4.31 3.72 2.63 3.87
17.45 16.21 20.22 21.39 18.98 18.18 16.79 16.21 14.97 12.63 11.24 12.85 12.78 9.42 9.27 13.29 14.60 16.94 16.94 18.47 17.52 16.82 17.91 19.19 18.00 16.19 15.53 17.40 19.49 19.59 15.18 12.26 13.51 8.69 5.18 0.00 0.00 0.00 3.50 0.00 0.00 0.00 0.00 0.00 0.00 0.00 0.00 0.00 0.00 0.00 0.00 0.00 0.00 0.00 0.00 0.00 0.00 0.00 0.00 0.00 6.13 5.48 2.48 0.00 0.00 0.00 5.04 9.27 9.27 9.20 7.08 5.11 5.48 5.77 7.15 6.42 6.57 5.84 5.84 4.02 2.26 1.68 1.75 2.19
16.79 15.99 15.91 19.42 18.25 17.89 16.50 13.65 9.49 2.92 0.00 0.00 4.09 5.33 7.15 9.71 11.32 14.45 14.45 17.05 14.38 13.78 16.41 17.74 17.71 16.21 15.50 17.69 20.12 21.90 21.06 21.32 21.97 17.59 14.38 12.48 6.42 3.94 0.00 0.00 0.00 0.00 0.00 0.00 0.00 0.00 0.00 0.00 0.00 0.00 0.00 0.00 0.00 0.00 0.00 0.00 0.00 0.00 0.00 1.39 3.43 4.23 6.64 7.52 5.18 1.68 7.59 14.02 14.02 13.72 12.05 9.86 8.91 7.88 7.59 7.30 4.45 2.99 3.36 3.36 1.75 1.61 3.50 5.40
16.79 15.99 15.91 19.42 18.25 17.89 16.50 13.65 9.49 2.92 0.00 0.00 4.09 5.33 7.15 9.71 11.32 14.45 14.53 17.60 14.60 14.76 15.99 18.19 17.45 16.21 15.04 16.44 18.80 22.24 21.27 22.20 24.69 18.62 14.75 12.48 6.42 3.94 0.00 0.00 0.00 0.00 0.00 0.00 0.00 0.00 0.00 0.00 0.00 0.00 0.00 0.00 0.00 0.00 0.00 0.00 0.00 0.00 0.00 1.39 3.43 4.23 6.64 7.52 5.18 1.68 7.59 14.02 14.02 13.72 12.05 9.86 8.91 7.88 7.59 7.30 4.45 2.99 3.36 3.36 1.75 1.61 3.50 5.40
13.36 15.04 15.11 15.55 16.64 17.08 18.40 18.18 16.21 12.26 8.40 5.99 4.82 5.26 8.18 10.22 13.07 12.78 12.78 10.44 9.42 8.69 8.66 10.45 12.58 13.57 17.18 21.20 22.56 21.94 18.95 17.70 20.97 25.36 22.58 21.03 10.84 6.72 0.00 0.00 0.00 0.00 0.00 0.00 0.00 0.00 0.00 0.00 0.00 0.00 0.00 0.00 0.00 0.00 0.00 0.00 0.00 0.00 0.00 0.00 0.00 1.83 4.16 11.46 12.92 10.44 11.10 13.36 13.36 11.53 6.79 5.26 3.29 2.92 4.45 4.09 2.48 2.19 2.12 2.04 2.70 2.70 2.12 2.41
15.70 13.51 10.95 8.47 8.47 8.10 9.27 18.18 18.40 18.76 21.02 18.47 14.60 14.82 16.50 18.61 21.61 20.37 20.37 13.65 9.34 7.85 4.67 3.80 5.87 6.74 10.00 15.36 20.56 27.28 25.62 23.29 19.49 20.49 22.84 20.12 17.19 12.47 8.54 0.00 0.00 0.00 0.00 0.00 0.00 0.00 0.00 0.29 0.44 0.00 0.00 0.00 0.00 0.00 0.00 0.00 0.00 0.00 0.00 0.00 0.00 0.00 3.94 10.51 16.72 14.53 8.54 9.71 9.71 9.71 4.16 3.80 2.77 4.16 6.86 4.38 1.68 1.10 2.19 2.34 2.56 2.85 2.12 1.90
14.67 14.53 13.07 11.97 8.18 4.74 4.02 7.30 7.30 7.15 10.15 11.32 11.17 9.13 9.13 11.17 11.46 11.61 11.61 10.22 7.59 6.20 4.38 4.31 0.00 0.00 4.23 7.37 11.05 12.53 21.17 25.84 27.38 22.92 19.67 18.89 18.29 16.06 15.40 16.57 11.97 5.55 0.00 0.00 0.00 0.00 0.00 0.00 0.00 0.00 0.00 0.00 0.00 0.00 0.00 0.00 0.00 0.00 0.00 0.00 0.00 0.00 3.43 9.56 12.05 7.59 6.57 8.18 8.18 7.08 2.77 0.00 1.31 4.09 3.94 3.14 0.95 2.04 3.87 4.96 6.13 5.77 4.31 4.31
21.75 22.12 20.88 21.24 21.97 17.59 18.83 22.41 21.53 13.87 8.91 10.88 10.73 8.03 8.69 10.95 8.69 8.83 8.83 10.22 10.59 11.17 9.42 6.20 4.45 0.00 7.37 9.46 10.07 10.22 12.12 16.35 20.22 25.84 23.58 21.97 21.12 19.21 19.96 18.73 15.11 9.27 4.60 4.60 0.00 0.00 0.00 0.00 0.00 0.00 0.00 0.00 0.00 2.12 1.90 0.00 0.00 0.00 0.00 0.00 0.00 0.00 0.00 4.45 5.26 4.09 4.89 4.82 4.82 2.41 0.00 0.00 0.00 1.24 1.68 2.63 2.04 2.19 2.70 4.02 7.37 9.05 8.54 7.81
15.91 18.61 20.66 20.44 19.35 20.15 24.82 28.62 32.59 33.07 29.05 27.30 22.34 12.26 10.00 6.64 5.40 5.26 5.26 5.55 6.06 8.76 9.71 8.98 9.13 9.42 10.15 11.21 11.46 11.24 11.10 11.83 13.58 17.30 23.73 24.97 22.19 22.05 20.97 20.29 14.67 11.24 10.22 10.22 5.04 4.67 4.09 0.00 0.00 0.00 0.00 0.00 0.00 0.00 0.00 0.00 0.00 0.00 2.85 0.00 0.00 1.61 0.00 0.00 0.00 0.00 2.77 1.61 1.61 0.00 0.00 0.00 0.00 0.00 0.00 2.77 2.48 1.97 3.58 2.99 1.83 1.97 3.43 6.57
4.16 5.40 9.13 14.31 17.81 20.22 23.29 21.90 18.79 17.37 19.27 19.86 14.31 8.03 4.96 2.12 1.61 3.07 3.07 3.94 0.00 2.77 4.23 6.64 9.86 11.75 11.53 12.48 13.71 14.15 12.63 12.11 10.46 9.93 14.82 14.82 15.84 17.62 20.29 19.64 16.22 14.24 13.51 13.51 11.46 9.42 8.10 6.06 4.53 0.00 0.00 2.92 1.68 0.00 0.00 0.00 3.36 0.00 0.00 0.00 0.00 3.94 3.14 3.14 2.85 0.00 1.83 2.12 2.12 0.00 0.00 0.00 0.00 0.00 0.00 1.83 0.00 0.00 0.00 1.53 1.75 2.26 3.29 3.94
4.16 5.40 9.13 14.31 17.81 20.22 23.29 21.90 18.32 17.37 19.27 19.86 14.31 8.03 4.96 2.12 1.61 3.08 3.07 3.94 0.00 2.77 4.23 6.64 9.86 11.75 11.53 12.48 13.51 13.65 12.19 12.05 10.15 9.93 14.89 14.89 15.84 17.53 20.50 19.64 16.06 14.24 13.51 13.51 11.46 9.42 8.10 6.06 4.53 0.00 0.00 2.92 1.68 0.00 0.00 0.00 3.36 0.00 0.00 0.00 0.00 3.94 3.14 3.14 2.85 0.00 1.83 2.12 2.12 0.00 0.00 0.00 0.00 0.00 0.00 1.83 0.00 0.00 0.00 1.53 1.75 2.26 3.29 3.94
0.00 0.00 0.00 1.31 11.46 21.90 24.53 22.38 19.71 13.43 11.97 13.07 11.53 7.81 3.58 1.46 0.00 0.00 0.00 0.00 0.00 0.00 0.00 4.16 8.47 8.83 11.90 14.53 15.91 15.91 14.38 13.14 8.10 7.81 7.52 9.05 9.27 11.61 12.18 11.24 9.42 6.50 11.10 11.10 11.32 11.39 9.93 12.19 11.10 7.08 4.23 3.29 2.19 0.00 0.00 0.00 0.00 0.00 0.00 0.00 0.00 0.00 2.92 0.00 2.63 2.48 1.31 1.24 1.24 0.00 0.00 0.00 0.00 0.37 0.00 0.00 0.00 0.00 0.00 2.04 0.00 3.07 1.61 0.00
