Wansh/reverse/1990020.txt
ncols 321
nrows 161
xllcenter 60
yllcenter 15 
cellsize  0.25 
NODATA_value -1
[rows 0 to 36 of 161, columns 0 to 83 of 321]
9.34 9.34 13.43 15.11 16.28 16.50 15.18 14.67 14.60 13.87 14.75 15.04 14.45 14.75 13.87 15.26 14.09 12.70 12.56 9.64 10.73 11.02 11.68 11.32 11.17 10.29 10.29 8.69 8.25 9.20 10.22 11.02 11.10 11.24 12.12 13.72 14.31 14.31 14.09 14.67 13.94 13.87 12.41 12.48 13.21 12.85 13.36 13.87 14.24 13.87 12.41 12.41 11.46 10.29 10.73 10.07 9.56 9.71 9.78 9.20 10.15 9.49 8.69 7.74 8.40 8.83 10.15 10.80 12.34 11.83 11.75 12.99 15.70 17.30 18.54 18.54 18.54 18.91 18.25 17.08 17.52 16.79 15.40 15.48
16.06 16.06 17.01 17.45 18.03 17.52 16.06 14.89 15.55 14.31 14.24 14.16 13.51 13.51 13.80 15.18 12.48 13.07 11.24 8.98 10.00 12.70 12.05 10.80 10.00 10.07 10.07 10.66 10.66 11.24 11.61 11.68 11.24 11.32 12.41 12.78 12.12 11.39 10.51 10.07 9.05 9.42 8.91 8.54 8.83 9.13 8.98 9.05 8.61 8.98 8.69 8.69 8.03 7.59 7.37 7.81 7.23 8.03 9.27 9.20 8.98 7.66 7.74 7.59 4.60 5.69 6.72 4.89 3.36 4.31 5.26 7.59 10.15 10.59 13.94 15.70 15.70 16.64 16.79 17.89 17.45 16.28 14.45 11.24
17.08 17.08 17.37 17.96 17.45 15.91 14.02 13.94 13.07 12.99 13.29 11.32 11.39 11.39 12.34 11.53 9.42 9.42 9.13 8.83 10.80 10.66 9.64 9.20 8.83 11.53 11.53 11.24 10.95 10.88 10.37 9.78 10.15 10.51 11.83 11.46 11.17 9.71 7.59 6.94 6.20 7.15 7.81 7.59 7.81 7.08 5.55 6.72 5.69 6.35 6.13 6.13 6.64 6.64 7.23 7.52 6.64 7.59 7.88 7.30 6.86 7.96 7.45 4.45 1.61 2.12 6.20 7.23 7.96 8.54 7.88 7.66 8.98 10.15 12.41 13.72 13.72 15.11 14.67 14.60 14.09 13.36 13.94 13.14
17.08 17.08 17.37 17.96 17.45 15.91 14.02 13.94 13.07 12.99 13.29 11.32 11.39 11.39 12.34 11.53 9.42 9.42 9.13 8.83 10.80 10.66 9.64 9.20 8.83 11.53 11.53 11.24 10.95 10.88 10.37 9.78 10.15 10.51 11.83 11.46 11.17 9.71 7.59 6.94 6.20 7.15 7.81 7.59 7.81 7.08 5.55 6.72 5.69 6.35 6.13 6.13 6.64 6.64 7.23 7.52 6.64 7.59 7.88 7.30 6.86 7.96 7.45 4.45 1.61 2.12 6.20 7.23 7.96 8.54 7.88 7.66 8.98 10.15 12.41 13.72 13.72 15.11 14.67 14.60 14.09 13.36 13.94 13.14
14.16 14.16 14.53 15.84 15.18 13.65 11.61 10.88 10.07 10.29 8.69 8.98 9.42 10.07 10.80 10.00 10.15 11.83 11.61 11.02 10.59 9.64 9.71 9.78 8.98 9.20 9.20 9.64 9.56 10.07 10.00 8.47 7.88 7.23 7.88 7.01 4.09 3.43 4.60 6.28 4.09 3.29 4.09 5.26 6.79 7.88 5.62 5.91 6.42 5.84 5.40 5.40 6.06 6.28 7.74 7.74 6.13 7.15 5.48 3.80 7.88 7.74 6.79 5.91 4.67 4.53 5.04 5.77 4.96 7.88 7.88 8.10 8.10 9.34 11.61 13.07 13.07 14.16 14.09 14.16 13.21 12.12 11.83 11.68
12.63 12.63 10.37 10.66 12.63 12.56 9.93 9.56 10.00 9.49 8.61 7.74 7.74 8.76 9.71 9.42 10.80 13.80 13.43 14.45 10.51 9.49 10.51 9.71 9.34 9.34 9.34 8.69 7.66 5.69 6.28 6.50 6.13 5.84 4.23 3.43 0.66 0.00 0.00 0.00 0.00 0.00 0.00 3.14 4.53 5.18 4.82 4.53 4.89 3.14 0.00 0.00 3.43 3.21 5.48 5.55 5.84 6.79 8.10 6.35 5.84 7.01 6.57 6.28 5.69 5.84 8.61 8.40 9.56 10.59 12.12 11.90 12.41 13.21 14.45 15.48 15.48 14.45 13.43 13.21 11.83 9.93 10.44 11.46
12.56 12.56 12.12 11.97 11.97 13.43 12.78 12.34 11.68 10.44 10.37 9.64 10.15 10.37 11.61 10.51 10.00 11.90 11.53 10.80 10.59 8.98 9.78 11.02 10.73 9.05 9.05 9.49 9.64 7.52 8.25 7.88 7.59 7.15 7.23 5.77 2.77 1.17 1.75 2.41 1.97 2.04 0.00 0.00 2.34 3.21 3.29 3.43 3.21 2.19 0.00 0.00 0.00 0.00 3.58 5.26 5.77 10.15 8.83 5.33 6.20 7.01 7.81 10.66 9.93 9.93 11.10 12.48 12.56 11.53 10.51 11.61 12.92 12.70 12.63 15.55 15.55 15.26 13.29 12.70 11.53 12.12 10.88 8.40
12.56 12.56 12.12 11.97 11.97 13.43 12.78 12.34 11.68 10.44 10.37 9.64 10.15 10.37 11.61 10.51 10.00 11.90 11.53 10.80 10.59 8.98 9.78 11.02 10.73 9.05 9.05 9.49 9.64 7.52 8.25 7.88 7.59 7.15 7.23 5.77 2.77 1.17 1.75 2.41 1.97 2.04 0.00 0.00 2.34 3.21 3.29 3.43 3.21 2.19 0.00 0.00 0.00 0.00 3.58 5.26 5.77 10.15 8.83 5.33 6.20 7.01 7.81 10.66 9.93 9.93 11.10 12.48 12.56 11.53 10.51 11.61 12.92 12.70 12.63 15.55 15.55 15.26 13.29 12.70 11.53 12.12 10.88 8.40
14.89 14.89 14.02 12.63 11.83 11.61 11.32 10.73 11.02 11.32 11.68 10.88 10.07 10.15 10.15 11.24 12.56 10.95 11.17 10.88 10.44 10.51 10.37 10.88 9.93 8.40 8.40 7.30 8.40 9.27 9.86 9.64 8.03 6.64 5.11 4.89 2.56 1.83 2.34 3.43 2.63 3.36 3.94 5.26 5.62 4.67 4.31 4.60 5.77 5.18 2.56 2.56 1.02 0.00 1.83 4.89 7.66 8.91 8.69 9.49 9.78 9.86 10.44 10.51 10.15 8.61 8.40 9.56 9.71 9.78 9.93 10.66 9.56 8.76 9.05 10.95 10.95 10.29 7.15 4.89 7.30 8.54 9.05 8.25
12.63 12.63 11.75 10.73 9.71 9.13 10.07 10.15 9.56 9.34 9.86 11.02 10.59 12.56 12.19 13.07 13.58 12.99 9.49 9.05 9.86 11.39 10.88 9.42 8.03 7.23 7.23 7.30 8.25 9.20 9.56 8.83 7.96 6.06 4.23 2.63 1.68 1.53 2.70 4.38 5.33 7.23 8.25 9.71 9.56 7.37 5.91 5.77 6.13 7.08 5.11 5.11 5.55 3.29 3.07 5.11 8.47 7.74 7.96 10.37 10.15 9.56 9.27 8.54 7.15 6.42 6.57 7.08 6.57 5.91 6.86 7.08 7.74 7.37 6.42 7.37 7.37 6.79 6.64 6.94 7.52 7.88 8.98 9.64
9.56 9.56 8.61 7.88 8.61 7.88 8.69 8.98 8.10 7.74 9.42 11.02 11.39 11.02 10.80 9.56 7.52 8.69 8.03 7.01 7.88 9.34 8.18 6.94 6.42 6.42 6.42 6.20 7.30 7.81 7.30 6.86 6.72 5.18 2.48 1.61 0.80 0.58 0.88 3.87 5.04 5.26 8.18 10.73 11.83 11.02 9.49 7.81 6.64 7.30 7.08 7.08 6.50 5.48 5.04 4.45 5.62 8.03 8.03 9.27 8.83 8.32 8.47 7.81 7.01 6.20 5.33 4.89 5.84 7.59 8.18 8.10 8.98 8.18 8.18 7.88 7.88 8.47 9.20 10.29 9.34 9.42 8.32 10.00
9.56 9.56 8.61 7.88 8.61 7.88 8.69 8.98 8.10 7.74 9.42 11.02 11.39 11.02 10.80 9.56 7.52 8.69 8.03 7.01 7.88 9.34 8.18 6.94 6.42 6.42 6.42 6.20 7.30 7.81 7.30 6.86 6.72 5.18 2.48 1.61 0.80 0.58 0.88 3.87 5.04 5.26 8.18 10.73 11.83 11.02 9.49 7.81 6.64 7.30 7.08 7.08 6.50 5.48 5.04 4.45 5.62 8.03 8.03 9.27 8.83 8.32 8.47 7.81 7.01 6.20 5.33 4.89 5.84 7.59 8.18 8.10 8.98 8.18 8.18 7.88 7.88 8.47 9.20 10.29 9.34 9.42 8.32 10.00
10.88 10.88 8.98 9.42 10.15 10.51 10.15 9.56 9.27 9.64 11.02 10.73 10.15 10.88 10.59 7.52 7.08 8.98 10.15 8.32 8.83 9.20 8.03 6.20 5.77 5.48 5.48 4.60 5.40 6.28 6.06 4.38 3.14 1.97 1.17 1.02 1.31 2.26 2.48 5.40 6.57 7.15 8.32 9.64 9.13 9.20 9.05 8.32 8.32 5.18 7.23 7.23 9.49 10.73 8.03 6.79 5.18 7.88 8.03 8.03 7.74 8.69 8.83 8.61 9.86 11.83 10.80 9.34 9.49 11.61 11.68 10.15 10.37 9.64 7.52 3.94 3.94 7.15 11.53 12.26 11.61 8.61 5.69 5.40
12.34 12.34 12.05 12.19 12.26 11.75 10.07 9.20 10.07 10.51 10.73 8.98 10.51 10.95 9.78 10.51 10.29 11.39 10.59 8.61 9.56 10.15 7.74 5.55 5.40 6.42 6.42 4.60 5.33 7.15 7.45 6.72 5.26 4.60 3.21 4.23 5.77 5.77 6.50 7.45 7.01 5.77 5.33 6.50 4.96 3.21 3.14 4.02 3.65 5.55 9.34 9.34 11.68 11.10 10.37 10.00 9.86 9.78 9.27 11.39 9.78 7.23 7.96 9.93 11.10 11.97 11.53 10.59 9.93 9.64 9.34 9.34 10.22 9.42 8.61 8.61 8.61 8.91 9.78 10.37 9.71 6.42 2.56 4.89
12.41 12.41 10.66 11.02 11.68 10.95 9.05 8.40 10.22 10.88 9.42 11.39 11.90 10.66 10.07 10.88 11.61 10.95 10.29 10.95 11.32 10.59 10.80 9.78 9.05 7.96 7.96 6.64 6.86 7.30 6.72 6.35 6.20 6.57 6.28 6.06 6.57 6.57 6.72 7.66 6.13 5.11 4.53 4.45 5.26 5.62 5.69 5.55 7.88 9.20 11.02 11.02 12.05 9.05 7.59 7.96 8.69 8.40 9.27 8.98 9.05 8.10 8.10 8.61 10.37 10.15 10.37 10.80 10.44 8.25 7.59 9.86 10.80 11.39 11.24 11.90 11.90 11.46 8.32 5.77 4.82 4.02 5.84 9.49
11.46 11.46 11.83 12.99 13.29 12.78 10.73 11.10 11.90 13.87 14.02 10.44 9.20 5.04 8.69 10.80 13.36 12.48 11.68 12.48 12.70 11.90 12.63 12.78 12.48 10.44 10.44 8.03 8.61 9.05 8.83 9.20 9.93 10.15 9.42 6.28 6.86 6.94 6.13 5.11 3.21 2.41 3.14 3.07 2.92 3.07 4.82 7.08 8.83 8.98 8.47 8.47 10.95 11.75 11.17 9.64 6.06 7.01 8.61 8.40 6.86 6.20 3.87 2.77 3.87 6.57 9.71 10.00 10.59 10.22 8.61 8.98 10.37 11.83 9.27 8.83 8.83 10.59 10.00 7.74 4.74 6.94 7.66 3.36
11.46 11.46 11.83 12.99 13.29 12.78 10.73 11.10 11.90 13.87 14.02 10.44 9.20 5.04 8.69 10.80 13.36 12.48 11.68 12.48 12.70 11.90 12.63 12.78 12.48 10.44 10.44 8.03 8.61 9.05 8.83 9.20 9.93 10.15 9.42 6.28 6.86 6.94 6.13 5.11 3.21 2.41 3.14 3.07 2.92 3.07 4.82 7.08 8.83 8.98 8.47 8.47 10.95 11.75 11.17 9.64 6.06 7.01 8.61 8.40 6.86 6.20 3.87 2.77 3.87 6.57 9.71 10.00 10.59 10.22 8.61 8.98 10.37 11.83 9.27 8.83 8.83 10.59 10.00 7.74 4.74 6.94 7.66 3.36
10.88 10.88 12.41 12.63 12.63 12.19 12.41 12.85 17.37 15.26 11.68 14.09 11.32 12.99 15.84 14.82 16.13 14.24 13.36 11.97 11.53 10.95 10.88 11.46 10.37 10.44 10.44 9.93 9.13 8.47 9.93 9.56 9.86 10.07 10.00 8.47 7.45 6.79 7.66 7.96 6.57 5.33 3.87 3.87 3.80 4.23 6.64 8.18 7.81 7.30 8.18 8.18 9.64 13.07 11.24 7.37 5.91 6.79 6.28 3.72 2.26 2.19 0.80 1.61 1.83 4.96 6.86 8.91 9.49 7.52 5.62 5.11 9.20 11.10 10.73 10.22 10.22 10.51 9.13 6.13 7.81 13.36 11.32 5.99
12.99 12.99 13.94 13.51 13.72 13.07 15.11 17.59 17.67 17.01 16.64 17.59 19.56 18.32 18.25 15.18 12.41 8.32 8.83 10.29 11.17 11.46 11.97 11.97 11.32 11.53 11.53 10.00 9.13 11.02 10.29 10.00 10.51 12.19 11.46 5.48 1.83 4.89 5.62 7.66 8.47 8.10 7.15 6.94 6.28 8.32 9.27 8.69 9.34 6.50 8.83 8.83 10.29 8.54 9.93 8.18 8.18 8.25 3.80 1.61 1.02 5.91 7.23 5.11 1.53 0.00 0.00 2.70 5.91 6.35 6.06 7.52 9.93 12.41 15.84 17.45 17.45 13.14 7.23 3.21 4.96 7.15 6.13 4.89
12.41 12.41 12.92 14.24 14.82 13.87 13.21 15.33 16.06 17.23 16.43 15.77 17.67 16.43 12.34 9.34 4.96 6.20 8.32 8.83 9.71 9.93 11.53 13.43 13.80 13.58 13.58 13.29 12.56 12.12 11.17 11.02 7.66 5.33 2.70 0.95 2.85 6.35 7.59 9.27 10.29 11.39 12.05 11.61 10.88 10.80 11.46 12.70 12.56 12.41 12.12 12.12 11.75 11.17 10.66 11.24 11.46 11.53 10.59 8.54 7.15 7.23 9.34 9.49 7.15 2.34 0.00 0.22 0.00 0.00 1.97 1.61 2.99 6.50 10.15 11.61 11.61 10.95 8.54 4.16 0.00 2.56 3.36 2.92
11.53 11.53 13.07 14.67 15.77 13.65 11.39 13.07 13.21 14.02 16.43 16.28 14.53 13.65 9.93 7.37 6.64 6.79 7.45 7.23 7.88 9.56 10.15 10.44 10.37 11.83 11.83 14.97 14.60 10.44 10.00 10.15 8.10 3.65 0.80 0.51 4.74 10.66 13.43 13.29 12.63 13.14 15.77 15.33 14.45 14.97 16.43 17.81 18.25 17.16 15.04 15.04 15.33 11.39 10.88 10.59 11.17 11.68 12.26 15.40 14.09 11.97 12.05 12.26 10.59 4.45 1.90 5.91 7.30 5.91 3.80 2.92 2.04 1.61 2.41 3.14 3.14 3.50 4.45 4.89 7.23 7.88 6.50 6.20
9.20 9.20 12.78 12.99 13.65 11.53 10.07 10.07 11.24 12.63 12.78 13.36 11.46 8.98 6.94 5.04 6.86 6.94 8.69 10.37 11.75 14.16 14.09 10.44 7.96 11.24 11.24 15.40 15.91 13.14 12.85 13.07 10.73 9.64 11.17 11.17 11.02 12.99 15.11 15.77 16.06 17.52 18.61 17.96 17.96 18.83 17.23 15.70 19.27 18.54 12.19 12.19 11.02 9.71 12.12 13.07 11.75 9.93 9.78 10.59 10.37 7.01 5.18 6.94 5.91 5.91 6.72 9.13 9.27 8.25 7.52 7.96 4.16 0.00 0.00 0.00 0.00 0.00 1.83 1.90 2.77 1.46 0.00 6.42
9.20 9.20 12.78 12.99 13.65 11.53 10.07 10.07 11.24 12.63 12.78 13.36 11.46 8.98 6.94 5.04 6.86 6.94 8.69 10.37 11.75 14.16 14.09 10.44 7.96 11.24 11.24 15.40 15.91 13.14 12.85 13.07 10.73 9.64 11.17 11.17 11.02 12.99 15.11 15.77 16.06 17.52 18.61 17.96 17.96 18.83 17.23 15.70 19.27 18.54 12.19 12.19 11.02 9.71 12.12 13.07 11.75 9.93 9.78 10.59 10.37 7.01 5.18 6.94 5.91 5.91 6.72 9.13 9.27 8.25 7.52 7.96 4.16 0.00 0.00 0.00 0.00 0.00 1.83 1.90 2.77 1.46 0.00 6.42
12.63 12.63 13.07 12.78 12.19 10.59 14.24 12.34 10.66 8.10 7.96 7.23 7.52 7.37 8.10 8.83 9.78 10.37 10.88 9.93 8.54 9.71 11.83 11.97 9.49 13.43 13.43 15.11 14.31 16.13 17.37 18.18 17.52 16.28 16.79 16.57 14.24 14.45 15.91 17.52 18.98 19.13 17.89 17.96 19.93 18.76 17.89 18.40 18.40 17.45 14.89 14.89 12.99 14.16 14.02 13.51 14.09 12.34 9.20 7.52 6.13 7.81 8.76 8.91 7.88 8.10 9.93 10.51 7.52 5.69 5.99 6.28 4.74 2.04 0.00 1.17 1.17 2.56 1.61 0.00 0.00 0.00 0.51 1.83
13.36 13.36 15.40 14.31 12.19 11.61 14.09 12.78 7.23 6.79 6.86 7.74 8.61 9.42 8.69 8.69 9.05 9.86 9.78 8.69 6.94 7.66 11.39 14.38 13.07 11.61 11.61 12.41 14.45 16.79 17.01 16.86 16.86 16.86 15.48 15.18 16.72 16.94 18.91 19.71 19.71 19.86 18.54 16.72 17.89 17.89 18.76 19.56 22.41 18.98 15.91 15.91 12.41 11.61 12.63 12.70 13.21 13.21 11.75 10.37 10.44 9.64 11.02 9.71 9.49 11.61 13.07 12.92 11.24 9.20 8.40 7.01 7.96 8.83 6.42 2.41 2.41 0.00 0.80 2.99 5.11 7.15 4.74 4.67
7.88 7.88 8.32 7.01 6.06 6.28 8.25 8.54 6.13 7.23 10.51 10.37 9.78 10.88 10.44 8.83 9.20 10.22 11.02 12.70 13.29 11.97 10.80 12.70 15.18 12.70 12.70 10.44 13.51 16.35 16.35 15.62 15.26 15.26 14.67 14.97 16.79 18.61 19.05 19.86 20.51 20.29 19.20 19.27 17.96 17.30 18.61 18.61 14.82 13.80 13.65 13.65 13.07 13.58 13.36 14.31 15.26 15.70 15.55 15.26 13.29 12.41 13.29 14.31 13.87 13.07 13.58 15.04 13.21 12.41 11.75 12.12 12.26 11.17 10.59 8.47 8.47 4.96 2.56 3.14 8.54 12.63 12.05 9.56
7.30 7.30 3.29 1.90 3.43 8.32 6.50 7.66 7.01 8.10 10.66 11.61 12.48 12.99 10.88 8.47 9.42 9.86 11.97 15.48 16.57 15.26 12.85 13.58 13.87 13.36 13.36 13.65 16.57 18.40 16.94 15.99 17.23 17.16 15.99 15.84 16.35 17.01 18.91 21.02 21.02 20.95 22.34 18.76 15.48 13.14 15.48 12.63 9.93 10.07 12.99 12.99 12.70 11.97 11.53 12.70 13.94 14.60 15.26 14.60 13.87 10.37 12.26 14.97 16.28 15.48 14.67 14.24 13.51 12.63 13.43 15.11 14.02 12.63 10.22 9.49 9.49 7.37 7.30 6.42 8.10 11.17 11.68 14.16
5.62 5.62 5.77 7.59 9.34 7.96 6.50 6.06 5.40 4.09 6.42 7.08 7.66 7.15 4.02 5.48 7.74 7.59 8.03 8.25 8.25 8.40 12.48 15.70 13.65 13.80 13.80 15.48 15.62 15.48 15.48 15.62 16.64 17.52 17.45 16.79 16.35 17.96 19.71 18.10 16.28 16.13 16.06 15.48 16.13 12.63 9.34 7.88 8.47 9.64 11.02 11.02 8.54 9.05 11.10 13.87 14.24 14.24 12.41 12.19 13.29 13.29 13.07 12.56 12.48 13.58 15.33 14.89 15.40 14.09 12.19 10.29 12.70 13.58 12.63 12.78 12.78 8.47 7.59 7.88 9.93 11.10 12.19 14.60
5.62 5.62 5.77 7.59 9.34 7.96 6.50 6.06 5.40 4.09 6.42 7.08 7.66 7.15 4.02 5.48 7.74 7.59 8.03 8.25 8.25 8.40 12.48 15.70 13.65 13.80 13.80 15.48 15.62 15.48 15.48 15.62 16.64 17.52 17.45 16.79 16.35 17.96 19.71 18.10 16.28 16.13 16.06 15.48 16.13 12.63 9.34 7.88 8.47 9.64 11.02 11.02 8.54 9.05 11.10 13.87 14.24 14.24 12.41 12.19 13.29 13.29 13.07 12.56 12.48 13.58 15.33 14.89 15.40 14.09 12.19 10.29 12.70 13.58 12.63 12.78 12.78 8.47 7.59 7.88 9.93 11.10 12.19 14.60
6.35 6.35 8.25 7.59 5.99 7.01 8.47 7.23 6.28 3.43 3.29 2.12 0.00 0.00 0.00 0.00 1.10 0.00 0.00 2.48 2.48 6.79 12.99 16.64 16.28 16.86 16.86 17.01 14.02 12.34 10.80 12.41 14.75 16.35 15.91 15.99 16.21 17.67 16.79 14.31 15.40 14.67 12.78 12.85 13.80 13.21 12.85 11.02 11.75 11.53 10.95 10.95 10.73 10.59 10.00 10.73 13.51 14.45 14.45 14.53 14.09 13.72 12.19 12.26 13.43 13.72 13.21 14.24 14.82 14.09 12.34 10.51 11.61 11.17 9.64 8.54 8.54 8.47 6.86 8.54 9.42 11.39 12.41 11.68
8.32 8.32 7.30 6.20 5.48 6.28 7.81 6.28 5.62 2.70 0.00 0.00 0.00 0.00 0.00 0.00 0.00 0.00 0.00 0.00 0.00 6.20 12.05 16.94 18.25 18.91 18.91 18.61 16.72 14.67 12.78 11.53 12.19 12.63 12.26 11.68 12.63 16.94 19.42 18.25 17.96 17.01 14.67 12.48 9.93 8.98 11.83 11.32 12.05 14.09 14.02 14.02 15.26 15.70 14.02 13.72 11.83 11.39 12.48 13.65 13.58 12.26 10.29 10.29 10.22 9.13 11.75 13.29 13.58 14.31 13.21 11.75 11.53 11.24 9.56 9.20 9.20 9.05 8.91 8.32 9.71 10.22 12.78 11.53
3.29 3.29 2.56 4.45 7.88 5.77 6.13 4.31 2.41 1.97 0.00 0.00 0.00 0.00 0.00 0.00 0.00 0.00 0.00 0.00 0.00 3.07 6.72 11.61 15.77 18.47 18.47 17.01 15.11 14.45 14.75 12.85 11.53 13.21 12.26 10.00 8.83 10.80 13.58 15.91 15.91 14.16 12.78 12.41 11.32 11.10 13.36 12.92 13.51 12.34 13.07 13.07 14.02 14.09 13.07 12.19 12.19 10.07 10.29 12.05 12.63 12.63 10.73 10.44 10.00 9.78 11.68 12.19 12.92 13.87 13.80 12.34 12.48 12.34 12.19 11.39 11.39 10.37 9.34 5.40 6.42 8.47 7.88 8.91
5.84 5.84 4.38 5.18 5.04 3.21 5.11 4.23 0.00 0.00 0.00 0.00 0.00 0.00 0.00 0.00 0.00 0.00 0.00 0.00 0.00 0.00 2.34 6.94 9.56 11.17 11.17 10.22 10.00 10.15 10.95 13.14 13.87 12.92 9.64 7.45 7.37 6.72 8.61 9.78 9.20 11.10 13.94 15.11 15.77 14.82 12.34 11.24 11.68 11.24 11.97 11.97 11.10 11.46 11.02 10.80 10.88 10.44 8.91 7.96 8.83 9.64 9.93 9.20 10.15 10.73 11.68 9.49 10.22 12.63 11.32 11.24 11.53 12.19 12.70 12.92 12.92 12.41 10.15 9.71 8.83 7.96 7.01 8.76
3.36 3.36 0.00 0.00 4.31 0.00 0.00 0.00 0.00 0.00 0.00 0.00 0.00 0.00 0.00 0.00 0.00 0.00 0.00 0.00 0.00 0.00 0.00 4.45 5.11 7.08 7.08 9.42 11.75 13.65 13.29 13.87 14.45 11.61 10.88 11.75 13.65 13.58 13.72 13.51 10.22 13.65 16.57 17.45 11.61 10.37 9.49 10.29 10.80 10.88 10.00 10.00 9.34 10.07 8.98 10.37 9.42 6.72 3.29 0.00 0.00 4.23 4.45 0.00 4.16 7.37 9.93 9.71 9.20 8.83 9.20 10.44 10.15 7.15 4.82 5.69 5.69 11.53 13.36 13.65 9.86 9.86 9.13 7.15
0.00 0.00 0.00 0.00 0.00 0.00 0.00 0.00 0.00 0.00 0.00 0.00 0.00 0.00 0.00 0.00 0.00 0.00 0.00 0.00 0.00 0.00 0.00 0.00 0.00 4.60 4.60 7.88 11.32 13.43 13.14 11.10 11.68 11.39 11.24 11.39 11.17 10.66 10.88 9.71 10.07 11.02 12.99 9.93 10.88 10.22 7.88 7.01 8.47 9.71 8.40 8.40 9.64 10.66 9.64 6.72 0.00 0.00 0.00 0.00 0.15 3.80 5.84 6.57 6.50 7.59 11.02 11.97 10.00 8.98 7.23 5.55 5.77 5.40 4.60 7.08 7.08 9.49 10.22 12.41 9.27 10.80 9.42 6.42
0.00 0.00 0.00 0.00 0.00 0.00 0.00 0.00 0.00 0.00 0.00 0.00 0.00 0.00 0.00 0.00 0.00 0.00 0.00 0.00 0.00 0.00 0.00 0.00 0.00 4.60 4.60 7.88 11.32 13.43 13.14 11.10 11.68 11.39 11.24 11.39 11.17 10.66 10.88 9.71 10.07 11.02 12.99 9.93 10.88 10.22 7.88 7.01 8.47 9.71 8.40 8.40 9.64 10.66 9.64 6.72 0.00 0.00 0.00 0.00 0.15 3.80 5.84 6.57 6.50 7.59 11.02 11.97 10.00 8.98 7.23 5.55 5.77 5.40 4.60 7.08 7.08 9.49 10.22 12.41 9.27 10.80 9.42 6.42
0.00 0.00 0.00 0.00 0.00 0.00 0.00 0.00 0.00 0.00 0.00 0.00 0.00 0.00 0.00 0.00 0.00 0.00 0.00 0.00 0.00 0.00 0.00 0.00 0.00 0.00 0.00 0.00 4.09 6.13 6.79 0.00 3.43 5.62 5.77 5.91 6.13 6.79 6.64 7.81 6.94 7.37 8.47 5.55 6.64 6.50 5.26 6.13 8.10 9.13 10.22 10.22 11.83 11.68 7.30 0.00 0.00 0.00 0.00 6.86 12.41 13.29 12.99 12.56 13.29 14.38 14.45 14.24 13.72 15.62 15.11 13.36 12.19 13.72 14.16 12.19 12.19 11.90 11.39 11.61 10.51 7.59 3.65 1.75
