Wansh/reverse/1990091.txt
ncols 321
nrows 161
xllcenter 60
yllcenter 15 
cellsize  0.25 
NODATA_value -1
[rows 0 to 36 of 161, columns 84 to 167 of 321]
21.46 21.53 21.46 19.78 17.74 15.26 14.53 15.55 15.70 16.72 17.30 17.37 20.44 20.44 20.22 20.29 19.56 19.27 19.27 19.27 18.91 18.61 15.48 10.15 6.06 5.04 4.23 3.72 4.23 5.04 6.57 10.66 12.12 10.29 6.35 5.99 7.52 9.93 10.22 6.72 8.47 10.59 11.02 11.02 9.78 6.42 5.69 4.16 4.96 8.83 12.48 14.53 11.39 8.47 8.10 10.80 12.92 13.80 11.97 7.23 3.29 3.07 3.43 3.21 3.14 3.58 4.82 6.57 6.57 8.91 10.37 13.14 13.65 13.58 12.70 12.05 13.29 14.67 17.37 16.86 14.75 13.29 12.41 13.14
17.96 18.47 18.69 18.40 16.86 13.80 13.51 14.45 14.38 14.82 14.38 15.26 12.56 14.53 15.40 13.58 16.94 18.10 18.10 20.22 19.56 18.32 17.37 12.78 7.81 6.13 5.55 3.87 3.94 4.16 5.33 7.88 12.85 11.68 7.23 5.33 0.00 0.00 0.00 0.00 7.37 9.71 11.17 11.17 9.78 6.86 4.31 5.18 5.04 5.62 7.01 9.20 9.27 8.10 7.37 7.81 10.00 8.61 7.23 5.33 3.72 7.15 7.37 6.35 5.99 5.04 4.82 6.72 6.72 10.37 11.97 14.45 16.72 16.28 15.77 16.06 17.52 18.47 18.91 18.47 16.94 15.84 12.41 14.02
17.89 17.30 16.06 14.82 14.53 14.97 15.55 17.23 17.59 17.30 18.03 16.86 12.92 13.51 9.34 5.77 6.06 12.41 12.41 15.04 17.16 18.98 20.44 16.79 10.37 4.02 3.50 3.21 3.07 2.56 2.34 3.29 6.64 9.13 8.61 5.55 5.77 5.99 5.18 7.74 9.86 10.80 14.31 14.31 16.64 16.64 12.85 5.48 2.63 3.65 2.92 1.75 1.02 3.43 5.69 8.18 10.07 14.38 12.05 11.61 13.43 14.09 14.16 13.07 14.45 12.85 12.56 13.65 13.65 14.53 14.53 12.99 13.51 16.21 18.83 21.75 20.88 20.00 19.56 20.66 19.86 20.00 19.13 18.98
17.89 17.30 16.06 14.82 14.53 14.97 15.55 17.23 17.59 17.30 18.03 16.86 12.92 13.51 9.34 5.77 6.06 12.41 12.41 15.04 17.16 18.98 20.44 16.79 10.37 4.02 3.50 3.21 3.07 2.56 2.34 3.29 6.64 9.13 8.61 5.55 5.77 5.99 5.18 7.74 9.86 10.80 14.31 14.31 16.64 16.64 12.85 5.48 2.63 3.65 2.92 1.75 1.02 3.43 5.69 8.18 10.07 14.38 12.05 11.61 13.43 14.09 14.16 13.07 14.45 12.85 12.56 13.65 13.65 14.53 14.53 12.99 13.51 16.21 18.83 21.75 20.88 20.00 19.56 20.66 19.86 20.00 19.13 18.98
15.70 13.65 13.07 12.26 13.43 17.08 14.67 13.80 14.82 16.21 16.28 13.65 13.87 12.92 12.19 8.54 3.07 1.39 1.39 3.87 6.28 10.59 17.16 20.88 17.67 10.88 5.48 3.65 4.23 5.04 4.23 3.58 4.38 5.99 11.24 12.85 12.99 14.09 12.70 6.28 3.72 0.00 6.06 6.06 9.42 12.41 17.01 17.45 12.70 8.83 6.13 5.04 4.45 3.72 3.65 4.53 5.04 7.74 9.86 11.46 12.92 13.07 14.16 15.04 16.64 17.37 17.30 17.01 17.01 16.57 15.70 14.82 14.38 18.32 19.86 21.32 22.27 23.07 22.92 21.68 21.17 21.53 21.53 20.88
13.87 13.29 13.94 14.24 12.34 11.32 10.22 8.32 9.13 11.02 14.38 16.43 14.97 13.43 14.09 14.89 12.63 9.05 9.05 5.26 2.99 2.85 6.72 13.51 19.20 18.69 11.39 7.66 6.86 6.20 2.56 4.60 6.35 7.37 10.15 11.97 11.39 9.20 6.35 0.00 0.00 0.00 0.00 0.00 4.09 6.64 11.10 15.99 18.69 14.60 9.56 6.57 4.31 4.31 5.18 4.02 3.14 4.16 7.66 9.34 10.66 11.02 12.63 15.55 17.01 16.86 16.64 14.60 14.60 13.94 14.16 16.86 17.30 15.55 14.38 13.87 14.75 15.70 16.72 18.61 20.44 20.51 20.88 20.22
11.39 12.48 12.34 12.56 13.21 15.33 13.07 11.68 9.93 12.05 14.31 15.91 15.99 12.78 12.19 13.87 17.01 16.06 16.06 15.48 10.44 4.09 0.00 2.63 8.32 8.18 5.48 3.80 5.91 5.91 3.94 3.58 4.09 4.45 5.62 7.96 8.25 6.28 2.99 0.00 4.31 6.50 8.10 8.10 9.42 10.44 12.56 14.75 15.33 10.29 6.86 5.33 5.26 4.82 5.91 6.28 5.62 8.54 8.91 8.98 10.88 13.43 16.43 17.74 18.61 18.25 17.37 16.06 16.06 14.82 15.04 17.16 18.10 18.69 17.16 15.11 13.72 12.26 11.68 13.21 17.96 21.75 20.95 21.17
11.39 12.48 12.34 12.56 13.21 15.33 13.07 11.68 9.93 12.05 14.31 15.91 15.99 12.78 12.19 13.87 17.01 16.06 16.06 15.48 10.44 4.09 0.00 2.63 8.32 8.18 5.48 3.80 5.91 5.91 3.94 3.58 4.09 4.45 5.62 7.96 8.25 6.28 2.99 0.00 4.31 6.50 8.10 8.10 9.42 10.44 12.56 14.75 15.33 10.29 6.86 5.33 5.26 4.82 5.91 6.28 5.62 8.54 8.91 8.98 10.88 13.43 16.43 17.74 18.61 18.25 17.37 16.06 16.06 14.82 15.04 17.16 18.10 18.69 17.16 15.11 13.72 12.26 11.68 13.21 17.96 21.75 20.95 21.17
11.53 10.37 9.86 9.13 9.20 10.07 10.80 10.59 14.89 12.70 11.46 5.26 2.48 3.07 8.98 10.95 14.02 15.70 15.70 16.57 15.26 11.32 5.69 2.70 2.92 2.77 3.14 3.43 3.07 3.50 4.23 4.45 4.60 6.57 9.49 10.88 9.93 6.28 6.42 5.26 5.69 8.03 9.86 9.86 12.05 12.56 11.17 9.93 9.13 6.64 4.23 4.38 5.26 3.50 3.87 6.35 6.72 8.18 9.86 11.46 12.70 14.89 16.86 18.10 18.18 18.83 19.71 18.32 18.32 18.10 18.32 18.91 17.74 15.40 15.18 14.97 14.45 13.51 13.51 12.78 13.14 14.09 16.94 18.83
12.19 12.85 13.51 11.68 9.86 8.47 9.34 10.66 17.08 16.57 11.68 4.53 2.12 4.09 9.64 13.14 15.40 16.06 16.06 15.84 15.70 14.67 8.54 1.53 0.00 1.46 3.07 3.72 3.58 4.67 4.89 4.53 5.33 8.61 14.45 13.07 10.66 9.78 8.91 6.42 3.43 4.02 4.16 4.16 4.96 5.26 4.96 5.04 4.09 5.69 7.23 9.93 9.13 7.74 6.79 10.44 11.75 10.59 10.22 10.44 10.88 11.17 12.41 13.94 15.84 16.43 15.84 14.24 14.24 11.83 13.87 15.11 15.33 13.80 12.26 12.26 15.48 17.67 18.69 17.59 15.11 13.72 14.09 13.87
12.12 11.61 11.32 11.17 10.95 13.51 14.75 13.58 19.05 15.26 9.56 4.23 3.72 4.31 3.72 1.83 4.74 8.54 8.54 12.19 14.09 10.44 4.53 1.97 1.02 0.58 3.72 4.02 4.38 4.02 4.02 4.67 5.84 8.10 9.86 10.95 11.68 10.80 7.96 5.26 5.40 5.62 6.20 6.20 7.15 7.23 7.15 9.71 10.73 10.66 9.86 13.72 14.24 12.34 11.61 11.68 13.58 14.16 12.85 11.10 13.07 14.45 14.24 14.38 15.62 17.52 16.28 17.81 17.81 17.08 15.62 14.53 15.84 16.79 14.02 14.89 18.18 20.73 20.51 17.37 14.53 13.94 14.16 12.26
12.12 11.61 11.32 11.17 10.95 13.51 14.75 13.58 19.05 15.26 9.56 4.23 3.72 4.31 3.72 1.83 4.74 8.54 8.54 12.19 14.09 10.44 4.53 1.97 1.02 0.58 3.72 4.02 4.38 4.02 4.02 4.67 5.84 8.10 9.86 10.95 11.68 10.80 7.96 5.26 5.40 5.62 6.20 6.20 7.15 7.23 7.15 9.71 10.73 10.66 9.86 13.72 14.24 12.34 11.61 11.68 13.58 14.16 12.85 11.10 13.07 14.45 14.24 14.38 15.62 17.52 16.28 17.81 17.81 17.08 15.62 14.53 15.84 16.79 14.02 14.89 18.18 20.73 20.51 17.37 14.53 13.94 14.16 12.26
8.47 9.34 11.32 13.43 13.43 12.48 10.73 0.73 4.09 0.00 0.00 0.00 0.00 2.85 2.48 3.72 7.45 13.58 13.58 18.40 16.94 11.39 3.72 2.34 4.74 4.53 4.53 4.82 4.09 1.61 3.80 3.80 4.89 4.96 6.42 10.00 12.12 10.22 8.47 8.61 10.22 10.95 11.24 11.24 10.88 9.78 8.91 12.05 14.16 14.75 18.10 22.70 18.76 15.48 12.12 13.87 16.21 19.35 18.25 16.13 15.40 15.11 13.29 13.14 15.26 15.48 16.13 17.52 17.52 18.47 17.37 16.64 17.30 17.81 18.03 18.76 21.53 23.51 23.51 18.98 16.13 16.57 17.16 17.81
9.78 11.53 13.36 14.60 8.91 0.66 0.00 2.56 2.92 3.43 4.45 0.00 3.50 9.56 7.08 8.47 13.51 17.67 17.67 15.84 8.25 7.08 6.86 7.23 6.42 4.82 3.94 4.89 5.99 7.96 8.61 9.86 11.02 11.10 12.26 14.24 14.67 13.58 11.32 12.12 14.09 12.85 9.93 9.93 9.13 11.10 13.29 15.70 16.35 14.89 14.38 12.48 24.75 12.48 11.61 13.72 15.48 16.21 16.13 14.97 15.11 16.86 16.50 16.79 17.59 16.06 15.48 15.84 15.84 16.79 17.81 18.25 17.52 17.23 19.35 19.27 19.27 19.71 18.61 16.72 15.33 14.60 15.55 16.72
10.07 10.51 10.51 10.51 8.18 4.45 5.18 0.00 5.18 9.86 12.41 11.39 10.51 15.18 17.89 16.86 14.45 11.90 11.90 10.07 8.40 8.10 7.88 7.15 6.42 6.13 8.69 10.37 10.66 12.26 14.67 17.52 18.18 17.01 15.70 15.26 13.80 9.71 8.91 9.05 8.98 7.37 7.37 7.37 6.28 11.10 16.50 22.92 21.10 19.13 15.18 12.78 10.22 16.94 14.45 18.76 23.51 19.78 14.82 11.90 11.97 14.24 16.13 16.50 18.25 18.25 17.08 15.33 15.33 15.84 18.32 20.37 21.24 19.27 18.25 16.79 13.80 6.86 0.00 6.94 13.80 14.97 13.80 15.91
6.42 7.59 9.05 10.37 10.66 8.25 5.11 8.61 10.44 8.10 12.12 12.34 12.99 13.80 12.70 14.45 13.29 9.78 9.78 10.66 7.59 9.56 12.56 12.34 10.80 10.15 10.22 11.68 14.82 16.35 18.32 19.78 17.96 14.02 11.83 7.96 5.91 4.67 6.72 11.39 15.40 17.30 18.83 18.83 17.16 17.01 16.57 14.60 14.16 15.26 18.03 18.61 21.02 25.26 28.98 28.47 25.11 21.39 15.40 9.27 8.40 9.78 9.93 10.44 12.12 15.48 16.94 15.55 15.55 14.60 16.86 19.42 22.12 23.43 24.38 18.91 11.75 0.00 0.00 8.61 19.86 20.22 15.18 16.64
6.42 7.59 9.05 10.37 10.66 8.25 5.11 8.61 10.44 8.10 12.12 12.34 12.99 13.80 12.70 14.45 13.29 9.78 9.78 10.66 7.59 9.56 12.56 12.34 10.80 10.15 10.22 11.68 14.82 16.35 18.32 19.78 17.96 14.02 11.83 7.96 5.91 4.67 6.72 11.39 15.40 17.30 18.83 18.83 17.16 17.01 16.57 14.60 14.16 15.26 18.03 18.61 21.02 25.26 28.98 28.47 25.11 21.39 15.40 9.27 8.40 9.78 9.93 10.44 12.12 15.48 16.94 15.55 15.55 14.60 16.86 19.42 22.12 23.43 24.38 18.91 11.75 0.00 0.00 8.61 19.86 20.22 15.18 16.64
6.64 7.66 8.25 8.18 9.64 6.35 2.92 3.14 4.45 5.84 8.54 9.05 11.46 13.21 12.34 13.94 14.75 14.24 14.24 11.39 8.98 8.91 10.88 11.90 15.04 14.16 12.34 11.53 12.70 14.67 17.81 17.23 13.65 12.48 8.83 4.74 2.63 3.43 6.86 12.34 16.43 16.86 14.97 14.97 13.51 13.14 12.26 12.70 14.16 14.31 16.21 17.52 16.28 17.30 19.49 21.02 19.42 14.89 11.68 10.88 13.14 15.26 14.16 10.73 12.78 15.18 17.45 18.32 18.32 17.59 17.45 16.64 19.71 26.94 26.50 20.22 12.56 0.00 0.00 11.68 14.97 11.02 8.54 8.18
8.54 10.44 11.97 12.78 12.70 9.78 6.79 7.66 5.62 5.48 8.69 7.66 9.93 15.26 18.32 18.83 20.08 15.04 15.04 12.34 8.91 5.69 5.40 7.74 11.17 12.92 12.85 12.34 14.02 16.64 18.25 19.42 20.08 21.02 15.04 7.59 6.06 6.20 7.74 11.83 15.48 15.55 13.36 13.36 13.58 18.40 23.21 25.40 23.36 19.35 27.74 26.35 24.89 24.82 23.51 21.68 18.91 14.75 15.18 14.16 17.74 18.40 17.37 15.62 15.33 16.57 18.03 18.40 18.40 22.34 22.27 20.44 20.44 22.63 21.10 12.92 6.94 0.00 0.00 3.36 4.89 6.28 6.86 4.82
9.27 10.73 11.61 12.05 18.83 17.45 15.04 11.97 7.52 9.78 11.53 10.66 10.51 13.65 15.48 15.84 18.03 19.42 19.42 20.15 19.64 14.31 7.66 6.64 11.24 12.78 13.36 13.51 13.65 14.38 16.79 20.08 20.15 17.96 15.84 12.63 9.13 6.20 4.96 4.60 7.01 17.16 24.45 24.45 26.94 37.45 36.50 37.38 34.89 33.29 32.49 31.97 29.42 27.74 26.43 26.35 25.26 21.90 19.35 20.37 23.14 25.26 24.16 19.56 16.43 16.79 19.71 22.27 22.27 23.58 22.27 18.54 17.45 15.18 8.76 2.26 2.04 2.41 1.68 1.10 6.28 7.45 6.94 4.96
9.56 11.32 10.51 10.15 10.22 11.39 15.91 15.26 13.72 11.02 11.90 12.56 12.05 12.78 11.02 9.13 10.88 13.14 13.14 15.62 15.26 13.72 12.12 11.24 11.68 12.70 13.58 12.85 10.22 7.66 7.74 9.34 11.83 12.56 9.49 7.30 6.20 0.00 0.00 0.00 0.00 4.89 19.78 19.78 35.92 41.17 41.10 40.30 40.15 37.60 33.51 32.56 32.34 29.35 26.94 26.50 26.35 23.94 20.66 19.93 22.70 23.73 23.00 20.73 18.91 20.22 22.34 19.56 19.56 12.48 6.42 3.94 3.07 2.34 2.34 1.83 1.61 1.83 2.85 4.53 4.45 5.26 6.28 6.86
11.97 12.85 12.26 11.10 6.72 5.40 11.61 19.13 21.24 23.29 25.11 25.62 25.04 24.53 16.94 11.97 10.00 10.95 10.95 10.66 12.85 12.78 13.14 15.77 17.37 18.10 19.13 18.10 14.38 9.78 5.04 3.94 0.00 7.15 6.94 4.60 0.00 0.00 0.00 0.00 7.30 5.04 6.28 6.28 14.75 15.91 18.25 30.30 18.18 18.10 15.62 23.65 26.21 29.13 27.74 27.38 22.85 19.86 18.32 20.00 22.70 24.38 26.28 26.28 24.16 21.53 18.91 14.97 14.97 7.88 2.92 2.85 3.07 1.53 2.56 4.02 3.29 1.75 1.31 2.77 2.41 3.58 3.72 4.02
11.97 12.85 12.26 11.10 6.72 5.40 11.61 19.13 21.24 23.29 25.11 25.62 25.04 24.53 16.94 11.97 10.00 10.95 10.95 10.66 12.85 12.78 13.14 15.77 17.37 18.10 19.13 18.10 14.38 9.78 5.04 3.94 0.00 7.15 6.94 4.60 0.00 0.00 0.00 0.00 7.30 5.04 6.28 6.28 14.75 15.91 18.25 30.30 18.18 18.10 15.62 23.65 26.21 29.13 27.74 27.38 22.85 19.86 18.32 20.00 22.70 24.38 26.28 26.28 24.16 21.53 18.91 14.97 14.97 7.88 2.92 2.85 3.07 1.53 2.56 4.02 3.29 1.75 1.31 2.77 2.41 3.58 3.72 4.02
10.59 11.39 10.29 12.78 13.14 11.97 12.63 17.08 17.81 23.14 27.89 30.66 29.86 29.35 28.11 24.97 20.88 18.61 18.61 16.28 15.84 17.08 17.89 18.61 21.17 24.60 23.00 21.24 17.23 12.56 8.25 5.91 4.38 3.43 0.00 3.87 2.63 0.00 0.00 0.00 0.00 3.29 0.00 0.00 0.00 0.00 0.00 0.00 2.92 2.99 3.14 4.45 5.84 6.50 10.07 11.24 11.68 8.47 7.45 11.61 16.06 16.57 19.49 23.87 23.73 19.86 15.04 13.94 13.94 14.82 14.02 9.42 6.79 5.77 4.38 3.21 0.00 3.50 3.14 2.70 3.14 3.43 2.12 3.36
9.13 9.42 8.91 14.67 15.84 14.16 20.29 22.05 23.51 26.50 28.32 28.25 25.33 25.19 24.67 22.56 20.51 21.02 21.02 19.35 18.98 20.95 20.08 18.99 19.22 21.94 19.76 17.89 14.02 9.49 6.50 5.26 3.80 0.00 0.00 0.00 0.00 1.61 0.00 0.00 0.00 0.00 0.00 0.00 0.00 0.00 1.90 0.00 0.00 0.00 0.00 0.00 2.26 2.26 0.00 2.70 2.85 0.00 0.00 5.62 7.59 10.07 15.99 22.85 21.75 16.35 10.15 8.47 8.47 12.78 15.77 12.78 8.47 7.23 5.99 3.58 0.00 0.00 2.04 1.75 2.19 2.56 0.00 2.56
13.36 15.11 21.61 19.20 21.02 22.70 25.04 24.45 27.01 26.28 28.03 26.86 25.55 20.08 17.67 20.15 20.00 23.00 23.00 24.45 23.58 22.48 23.58 23.48 24.88 20.11 17.96 18.59 21.75 20.08 14.75 9.42 6.42 4.53 0.00 0.00 0.00 0.00 0.00 3.07 0.00 0.00 1.10 1.10 0.00 0.00 0.00 0.00 0.00 0.00 0.00 0.00 0.00 0.00 0.00 0.00 0.00 0.00 0.00 1.97 4.82 4.60 4.67 6.86 7.30 7.08 6.42 6.86 6.86 7.59 9.56 7.59 6.86 6.86 5.40 3.65 2.63 3.21 3.72 3.80 0.00 0.00 0.00 0.00
19.27 19.20 23.00 25.19 26.79 22.34 22.63 19.64 19.78 18.98 20.59 23.58 19.20 10.80 11.97 18.76 23.94 28.91 28.91 29.27 27.08 23.20 24.76 26.79 24.81 22.32 20.78 19.17 22.13 21.75 17.16 13.51 12.41 8.32 5.26 4.45 0.00 0.00 3.50 2.77 0.00 0.00 0.00 0.00 0.00 0.00 0.00 0.73 1.53 0.00 0.00 0.00 0.00 0.00 0.00 0.00 0.00 0.00 0.00 0.00 4.23 3.94 2.48 2.63 0.00 0.00 6.06 9.20 9.20 9.05 8.61 8.25 8.40 7.88 7.74 7.01 5.26 3.72 4.09 4.60 3.80 0.00 0.00 0.00
21.24 19.13 20.00 23.58 22.63 22.63 21.24 20.37 17.37 15.33 12.34 10.80 9.86 7.15 10.37 13.87 20.22 23.58 23.58 19.65 13.72 13.71 19.42 25.92 27.94 25.19 24.31 24.92 24.78 23.37 21.42 21.17 20.95 16.94 12.19 11.90 7.08 3.87 0.00 0.00 0.00 0.00 0.00 0.00 0.00 0.00 0.00 0.00 0.00 0.00 0.00 0.00 0.00 0.00 0.00 0.00 0.00 0.00 0.00 0.00 2.63 2.63 3.58 5.62 5.55 4.45 8.25 13.87 13.87 15.77 14.16 11.90 7.23 6.35 6.20 5.77 3.14 1.24 1.90 4.45 4.31 0.00 0.00 0.00
21.24 19.13 20.00 23.58 22.63 22.63 21.24 20.37 17.37 15.33 12.34 10.80 9.86 7.15 10.37 13.87 20.22 23.58 23.70 20.28 13.93 14.68 18.93 26.58 27.52 25.19 23.58 23.15 23.15 23.73 21.64 22.05 23.54 17.92 12.50 11.90 7.08 3.87 0.00 0.00 0.00 0.00 0.00 0.00 0.00 0.00 0.00 0.00 0.00 0.00 0.00 0.00 0.00 0.00 0.00 0.00 0.00 0.00 0.00 0.00 2.63 2.63 3.58 5.62 5.55 4.45 8.25 13.87 13.87 15.77 14.16 11.90 7.23 6.35 6.20 5.77 3.14 1.24 1.90 4.45 4.31 0.00 0.00 0.00
18.18 15.84 16.13 18.98 23.58 25.40 24.67 25.55 25.55 20.81 19.20 16.64 11.39 10.73 15.70 21.24 23.73 27.81 27.81 15.26 5.91 0.00 5.28 9.19 13.78 16.89 22.78 30.52 31.76 28.76 24.85 21.26 24.96 28.26 23.25 17.93 11.87 8.10 5.18 0.00 0.00 0.00 0.00 0.00 0.00 0.00 0.00 0.00 0.00 0.00 0.00 0.00 0.00 0.00 0.00 0.00 0.00 0.00 0.00 0.00 0.00 0.00 2.34 7.96 12.63 10.66 13.14 14.89 14.89 9.71 5.91 4.45 2.99 0.00 4.38 3.72 3.72 0.00 1.24 2.19 0.95 1.17 0.00 0.00
19.42 12.19 8.83 8.76 11.68 11.83 19.20 27.01 26.65 25.33 25.11 23.36 19.27 19.64 24.31 27.96 28.98 25.40 25.40 17.83 9.78 3.74 1.61 0.00 0.00 0.00 5.91 20.27 33.37 39.15 36.14 29.42 23.58 23.71 25.28 23.99 19.12 14.82 10.15 5.55 3.29 0.00 4.31 4.31 0.00 0.00 0.00 2.41 1.53 0.00 0.00 0.00 0.00 0.00 0.00 0.00 0.00 0.00 0.00 0.00 0.00 0.00 0.00 9.86 16.57 15.84 11.32 11.17 11.17 9.49 4.38 3.80 1.83 4.31 6.79 4.96 2.99 0.00 0.00 0.00 1.61 1.31 1.53 0.00
29.27 22.34 20.22 19.05 11.17 3.36 6.42 11.53 9.34 14.24 14.02 12.70 9.27 8.10 10.29 11.97 10.00 10.59 10.59 7.74 4.53 4.60 3.58 2.34 0.00 0.00 0.00 0.00 7.26 20.13 29.49 33.73 32.70 28.32 27.89 24.91 22.30 17.23 15.99 15.33 13.80 7.81 3.87 3.87 2.85 0.00 0.00 0.00 0.00 1.46 0.00 0.00 0.00 0.00 0.00 0.00 0.00 0.00 0.00 0.00 0.00 0.00 0.00 8.54 12.19 9.49 5.99 6.50 6.50 5.55 0.00 0.00 0.37 2.85 2.48 2.34 3.65 0.00 4.16 5.11 6.13 5.62 1.90 1.31
41.17 40.00 41.83 40.44 32.78 30.15 29.13 31.10 31.32 20.08 14.24 10.80 12.70 10.44 10.22 11.75 10.00 7.30 7.30 8.54 9.05 9.05 5.40 2.77 0.00 0.00 0.00 0.00 0.00 3.87 11.10 17.96 24.67 29.57 31.61 32.19 28.61 24.59 21.97 18.88 17.89 11.02 4.31 4.31 4.02 0.00 0.00 0.00 0.00 0.00 0.00 0.00 2.56 0.00 0.00 0.00 0.00 0.00 0.00 0.00 0.00 0.00 0.00 0.00 2.48 0.00 3.50 5.11 5.11 3.80 2.41 0.00 0.00 0.00 0.00 0.00 1.31 2.34 3.80 4.89 6.28 8.03 6.06 4.82
24.67 33.22 43.80 44.38 35.11 33.65 32.05 33.00 44.17 44.09 37.89 39.49 32.34 19.64 13.07 8.47 6.57 4.67 4.67 5.69 5.62 5.48 5.18 8.47 13.21 11.32 7.15 5.38 3.58 1.75 0.80 0.00 6.94 18.98 31.39 33.14 33.43 29.86 27.64 24.63 12.03 11.83 9.34 9.34 6.86 6.06 4.23 0.00 0.00 0.00 0.00 0.00 0.00 0.00 0.00 0.00 0.00 1.24 1.68 0.73 0.00 2.34 0.00 0.88 0.00 0.00 1.31 2.19 2.19 0.00 0.00 0.00 0.00 0.00 0.00 0.00 0.00 1.10 3.72 2.19 2.48 6.35 6.64 5.62
1.46 4.82 20.81 26.35 19.27 17.59 14.02 10.51 2.77 10.15 21.24 25.62 19.56 10.15 5.33 3.14 3.43 0.00 0.00 0.00 0.00 0.00 0.00 3.43 19.64 24.02 17.45 11.17 8.67 8.70 5.82 0.00 0.00 5.69 10.59 12.34 15.33 20.50 23.51 23.73 16.96 14.16 15.77 15.77 9.42 8.25 5.84 4.31 3.50 0.00 0.00 1.75 0.00 0.00 0.00 1.31 2.26 3.07 0.00 0.00 0.00 0.00 0.00 0.00 2.56 0.00 0.00 1.53 1.53 0.00 0.00 0.00 0.00 0.00 0.00 0.00 0.00 0.00 0.00 0.00 0.00 4.02 5.55 6.06
1.46 4.82 20.81 26.35 19.27 17.59 14.02 10.51 2.70 10.15 21.24 25.62 19.56 10.15 5.33 3.14 3.43 0.00 0.00 0.00 0.00 0.00 0.00 3.43 19.64 24.02 17.45 11.17 8.54 8.40 5.62 0.00 0.00 5.69 10.64 12.40 15.33 20.40 23.74 23.73 16.79 14.16 15.77 15.77 9.42 8.25 5.84 4.31 3.50 0.00 0.00 1.75 0.00 0.00 0.00 1.31 2.26 3.07 0.00 0.00 0.00 0.00 0.00 0.00 2.56 0.00 0.00 1.53 1.53 0.00 0.00 0.00 0.00 0.00 0.00 0.00 0.00 0.00 0.00 0.00 0.00 4.02 5.55 6.06
0.00 0.00 0.00 0.00 10.51 27.08 29.57 19.49 11.41 7.23 12.99 15.84 12.26 6.20 3.72 3.29 2.34 2.19 2.19 3.36 0.00 2.19 0.00 0.00 1.68 7.66 9.42 10.66 10.51 8.98 4.23 1.83 1.24 3.21 1.46 0.00 6.64 8.40 11.08 12.85 6.79 0.00 7.52 7.52 9.34 9.71 9.64 10.66 11.61 7.15 4.16 0.00 2.41 0.00 0.00 0.00 0.00 0.00 0.00 0.00 0.00 0.00 0.00 3.72 2.56 0.00 0.00 0.00 0.00 1.83 0.00 0.00 0.00 0.00 0.00 0.00 1.31 0.00 0.00 0.00 1.90 3.14 3.07 0.00
