Wansh/reverse/1990095.txt
ncols 321
nrows 161
xllcenter 60
yllcenter 15 
cellsize  0.25 
NODATA_value -1
[rows 0 to 36 of 161, columns 0 to 83 of 321]
12.26 12.26 21.97 28.47 24.38 17.96 17.89 21.90 25.33 26.57 26.35 23.94 23.21 23.29 23.51 21.97 21.53 21.24 22.12 21.32 19.13 17.59 19.05 20.00 17.08 16.86 16.86 15.99 16.57 17.45 18.69 18.47 19.35 19.93 21.32 19.42 19.49 20.15 20.95 22.27 23.65 22.48 21.24 20.73 20.22 20.59 20.95 21.97 22.05 21.97 19.71 19.71 18.69 21.17 21.17 20.22 19.42 18.98 17.89 17.81 18.40 19.35 18.83 18.10 17.96 18.76 19.42 19.42 20.73 19.27 19.86 21.24 19.56 20.00 20.95 21.32 21.32 22.34 22.34 21.53 22.12 22.63 22.92 22.92
22.27 22.27 27.23 30.95 21.02 21.32 21.53 24.09 26.06 26.79 24.67 22.92 21.75 20.73 20.88 20.95 20.29 18.61 18.10 18.25 17.45 17.96 17.59 17.23 16.43 15.48 15.48 15.62 16.43 17.30 18.40 17.89 17.23 17.01 17.30 17.37 18.18 20.37 17.67 16.86 17.96 17.59 15.04 14.89 15.62 15.55 13.94 12.70 15.91 16.94 16.21 16.21 16.13 15.91 15.48 15.91 15.40 15.33 15.84 15.18 15.62 15.33 14.75 14.16 14.97 13.51 12.05 8.54 5.84 7.66 11.68 14.09 16.64 17.89 18.25 19.86 19.86 21.90 21.90 22.63 23.21 22.85 22.78 21.17
35.55 35.55 33.07 0.00 0.00 0.00 24.45 25.84 25.70 24.45 21.83 18.83 17.89 18.40 18.91 18.18 17.30 15.84 15.40 13.58 12.78 15.70 15.91 16.13 15.40 15.48 15.48 15.11 14.97 14.67 16.86 15.99 15.33 15.84 16.21 17.08 17.45 16.94 16.21 14.97 16.13 16.28 15.99 15.04 15.70 14.09 11.90 11.02 11.90 12.99 12.41 12.41 12.63 12.19 11.75 10.95 11.39 12.26 12.19 12.85 14.02 14.89 14.02 11.53 10.15 10.59 11.10 10.95 10.88 9.27 12.19 14.97 16.43 17.37 19.64 20.66 20.66 21.83 21.32 21.53 21.10 20.95 21.10 19.93
35.55 35.55 33.07 0.00 0.00 0.00 24.45 25.84 25.70 24.45 21.83 18.83 17.89 18.40 18.91 18.18 17.30 15.84 15.40 13.58 12.78 15.70 15.91 16.13 15.40 15.48 15.48 15.11 14.97 14.67 16.86 15.99 15.33 15.84 16.21 17.08 17.45 16.94 16.21 14.97 16.13 16.28 15.99 15.04 15.70 14.09 11.90 11.02 11.90 12.99 12.41 12.41 12.63 12.19 11.75 10.95 11.39 12.26 12.19 12.85 14.02 14.89 14.02 11.53 10.15 10.59 11.10 10.95 10.88 9.27 12.19 14.97 16.43 17.37 19.64 20.66 20.66 21.83 21.32 21.53 21.10 20.95 21.10 19.93
27.45 27.45 14.97 17.89 24.16 25.04 22.63 18.98 19.93 18.69 16.86 16.86 16.72 15.33 15.18 15.26 14.31 13.14 13.29 11.17 14.38 15.33 15.33 14.53 14.53 12.99 12.99 14.31 13.51 12.92 13.87 14.38 14.38 15.04 13.29 13.43 12.92 9.64 9.05 11.02 11.68 13.80 18.98 16.21 13.87 11.75 10.37 9.56 10.66 10.95 10.88 10.88 10.15 9.20 9.56 10.15 10.15 10.59 10.29 10.51 11.90 12.70 13.80 14.02 11.32 9.78 9.56 10.29 10.88 10.95 12.26 13.51 14.82 16.57 16.79 17.37 17.37 17.96 19.42 19.05 19.13 19.27 20.15 18.25
11.68 11.68 18.18 20.51 25.84 26.28 24.16 21.97 20.81 20.29 18.10 16.50 16.94 16.06 14.82 13.29 12.19 12.05 13.21 12.34 14.24 14.97 15.33 14.82 14.24 12.78 12.78 12.41 12.78 12.78 13.94 13.87 13.72 12.34 2.56 0.00 0.00 0.00 0.00 0.00 0.00 0.00 0.00 6.13 10.07 11.02 10.80 12.05 12.56 11.75 13.21 13.21 11.90 9.05 8.47 9.42 9.13 8.69 9.05 9.42 10.44 12.19 13.94 14.02 12.92 12.12 13.21 11.39 12.92 13.87 15.11 16.43 17.74 19.42 19.86 18.54 18.54 18.18 18.40 18.18 17.45 17.23 16.43 15.62
14.82 14.82 12.05 17.45 21.53 23.43 23.21 24.09 24.75 23.87 21.39 20.22 19.56 20.88 18.98 16.72 15.26 15.04 14.67 13.87 13.58 15.84 16.06 15.48 13.94 13.14 13.14 14.31 13.94 13.94 14.60 14.31 17.45 16.43 12.41 6.50 2.26 0.00 0.00 0.73 0.00 0.00 0.00 0.00 0.07 4.82 6.28 7.23 9.13 9.20 8.25 8.25 8.18 7.52 8.47 10.00 9.42 8.69 9.56 10.00 10.44 11.17 13.21 15.84 16.64 14.45 15.11 15.77 16.28 14.16 14.82 14.53 15.62 15.62 16.21 15.99 15.99 16.43 16.86 16.35 16.28 15.62 14.67 12.99
14.82 14.82 12.05 17.45 21.53 23.43 23.21 24.09 24.75 23.87 21.39 20.22 19.56 20.88 18.98 16.72 15.26 15.04 14.67 13.87 13.58 15.84 16.06 15.48 13.94 13.14 13.14 14.31 13.94 13.94 14.60 14.31 17.45 16.43 12.41 6.50 2.26 0.00 0.00 0.73 0.00 0.00 0.00 0.00 0.07 4.82 6.28 7.23 9.13 9.20 8.25 8.25 8.18 7.52 8.47 10.00 9.42 8.69 9.56 10.00 10.44 11.17 13.21 15.84 16.64 14.45 15.11 15.77 16.28 14.16 14.82 14.53 15.62 15.62 16.21 15.99 15.99 16.43 16.86 16.35 16.28 15.62 14.67 12.99
20.22 20.22 18.83 17.67 17.16 16.28 17.74 18.25 21.97 22.27 22.19 22.34 17.81 14.53 15.70 15.84 18.03 17.74 18.25 15.04 13.80 14.38 14.24 13.36 13.51 12.48 12.48 13.87 13.94 13.72 14.67 15.62 16.13 15.91 15.40 12.41 9.42 6.28 4.45 5.40 6.06 4.74 3.58 2.99 5.11 10.66 12.19 10.66 9.86 8.69 7.15 7.15 7.37 7.88 9.56 10.00 9.13 10.66 12.19 13.94 14.09 14.45 13.80 14.60 14.82 17.52 15.77 15.91 15.99 12.70 10.80 10.80 11.53 13.65 15.18 14.38 14.38 12.48 10.44 10.80 12.05 11.75 11.39 11.53
18.69 18.69 14.31 12.63 15.99 15.77 14.45 14.89 17.67 15.33 12.12 14.02 15.33 17.16 20.66 20.88 19.49 18.03 9.93 12.56 13.72 13.43 13.07 12.34 13.72 14.53 14.53 11.90 12.19 12.56 13.51 14.75 14.75 14.82 14.97 14.82 13.36 11.75 13.14 13.29 13.65 13.87 13.21 14.82 14.02 14.75 13.87 12.34 13.07 13.29 10.66 10.66 8.76 8.25 8.54 10.73 12.19 12.63 13.87 15.11 13.94 12.56 12.99 12.12 12.19 13.43 12.85 14.31 13.43 11.83 10.51 9.64 10.73 10.51 11.61 12.12 12.12 9.42 5.84 8.32 8.91 8.98 10.00 12.26
14.89 14.89 7.74 9.64 14.53 18.61 17.96 14.16 13.07 12.34 10.95 15.55 20.44 21.83 19.71 15.99 13.87 13.43 10.37 10.51 13.43 13.43 13.21 15.04 13.29 12.12 12.12 10.80 10.80 11.83 11.90 12.26 12.70 12.78 11.83 10.80 10.51 10.44 11.39 13.21 14.67 14.89 15.26 15.91 15.84 15.55 14.60 13.51 14.82 15.26 14.67 14.67 12.78 10.07 9.42 10.22 11.53 13.21 14.67 13.58 12.78 12.99 13.65 11.10 10.59 10.15 10.22 12.85 14.38 14.16 10.88 9.86 9.42 9.27 10.95 12.19 12.19 10.88 10.00 10.80 10.00 7.88 11.17 13.94
14.89 14.89 7.74 9.64 14.53 18.61 17.96 14.16 13.07 12.34 10.95 15.55 20.44 21.83 19.71 15.99 13.87 13.43 10.37 10.51 13.43 13.43 13.21 15.04 13.29 12.12 12.12 10.80 10.80 11.83 11.90 12.26 12.70 12.78 11.83 10.80 10.51 10.44 11.39 13.21 14.67 14.89 15.26 15.91 15.84 15.55 14.60 13.51 14.82 15.26 14.67 14.67 12.78 10.07 9.42 10.22 11.53 13.21 14.67 13.58 12.78 12.99 13.65 11.10 10.59 10.15 10.22 12.85 14.38 14.16 10.88 9.86 9.42 9.27 10.95 12.19 12.19 10.88 10.00 10.80 10.00 7.88 11.17 13.94
15.04 15.04 8.47 13.07 15.18 10.66 12.41 14.24 14.60 14.16 14.67 15.55 17.30 18.18 16.79 12.56 8.76 13.72 11.61 11.24 12.48 11.90 12.34 12.12 11.61 11.90 11.90 10.59 9.42 10.07 11.39 11.61 12.56 9.78 8.98 8.69 8.61 8.40 8.98 11.02 12.99 13.21 14.24 15.62 16.35 16.43 16.28 15.26 15.11 14.24 13.07 13.07 12.63 11.83 11.83 9.20 11.02 16.43 15.70 15.04 15.40 17.81 17.67 16.35 15.62 15.55 11.97 10.00 11.10 15.40 14.60 11.39 11.97 11.83 9.78 8.54 8.54 10.07 12.12 13.43 11.61 9.86 8.61 9.93
16.28 16.28 16.43 16.43 17.01 16.06 15.11 14.38 15.84 14.53 13.58 13.21 13.72 14.67 14.09 14.24 14.24 16.57 14.60 10.66 10.51 9.42 10.29 10.73 10.66 10.44 10.44 9.56 8.61 9.20 9.86 10.22 10.22 9.13 7.23 6.64 8.91 10.29 10.66 10.37 9.20 10.00 11.32 12.78 12.99 13.29 13.58 14.09 12.78 13.07 13.51 13.51 13.94 13.29 13.29 15.33 19.42 20.95 20.15 20.08 19.13 12.34 11.39 7.81 17.89 21.46 23.21 17.30 14.24 11.61 11.61 10.88 10.66 11.32 10.37 7.59 7.59 9.13 12.34 13.65 12.56 9.42 3.87 2.70
14.97 14.97 15.33 14.97 13.58 13.43 13.36 13.51 13.07 12.99 13.65 12.92 13.65 14.75 15.70 16.79 21.68 19.78 15.04 10.29 10.15 9.34 10.22 8.91 9.56 11.24 11.24 10.15 10.59 9.56 10.15 9.49 9.42 10.07 9.93 10.15 10.95 10.59 10.15 11.24 9.42 8.47 8.54 8.47 8.47 10.15 11.83 12.26 12.56 13.14 14.09 14.09 13.65 10.15 8.61 14.82 22.27 21.10 21.61 22.19 21.68 15.77 14.24 17.59 22.85 23.29 22.63 19.13 14.53 10.59 9.71 9.78 10.59 10.80 10.44 9.20 9.20 9.20 11.39 9.49 9.56 7.88 6.79 8.18
14.82 14.82 15.04 15.18 14.67 14.38 14.02 12.48 13.43 15.40 15.70 14.67 13.80 13.65 14.38 16.06 19.05 18.61 16.43 12.41 16.57 11.97 9.13 8.98 10.51 11.17 11.17 11.61 11.90 11.46 11.61 11.97 11.68 11.02 10.29 9.71 11.10 10.66 9.42 8.47 7.45 6.50 7.37 7.45 9.49 11.32 12.48 11.17 10.88 12.19 12.48 12.48 14.82 15.91 16.43 19.27 18.61 18.61 20.08 17.45 22.12 23.51 12.41 15.04 13.58 11.68 18.40 21.02 17.45 14.53 12.78 10.29 10.00 11.10 11.02 10.59 10.59 10.29 9.78 10.29 11.53 10.88 10.15 10.59
14.82 14.82 15.04 15.18 14.67 14.38 14.02 12.48 13.43 15.40 15.70 14.67 13.80 13.65 14.38 16.06 19.05 18.61 16.43 12.41 16.57 11.97 9.13 8.98 10.51 11.17 11.17 11.61 11.90 11.46 11.61 11.97 11.68 11.02 10.29 9.71 11.10 10.66 9.42 8.47 7.45 6.50 7.37 7.45 9.49 11.32 12.48 11.17 10.88 12.19 12.48 12.48 14.82 15.91 16.43 19.27 18.61 18.61 20.08 17.45 22.12 23.51 12.41 15.04 13.58 11.68 18.40 21.02 17.45 14.53 12.78 10.29 10.00 11.10 11.02 10.59 10.59 10.29 9.78 10.29 11.53 10.88 10.15 10.59
12.92 12.92 13.87 15.11 14.16 13.51 14.53 15.04 16.35 16.21 15.48 15.99 16.43 14.53 14.02 14.97 17.67 16.72 17.23 17.23 16.21 14.16 10.88 9.13 9.93 10.37 10.37 11.75 12.48 11.46 14.09 15.99 13.43 12.05 11.83 11.61 12.70 12.34 13.51 11.17 8.61 6.94 7.01 7.96 8.54 7.59 9.05 8.18 9.05 9.78 11.10 11.10 13.21 16.86 15.99 12.26 12.48 17.96 16.43 11.46 10.15 1.10 0.00 0.00 0.00 0.00 3.87 11.53 14.09 14.31 14.82 11.97 11.17 13.14 12.12 11.39 11.39 11.32 9.27 4.60 6.79 13.65 12.56 10.22
15.62 15.62 15.33 15.11 14.31 14.02 16.13 17.96 19.35 19.64 19.05 19.13 19.56 19.27 16.72 19.49 19.05 19.78 21.17 18.91 18.91 17.08 14.45 13.80 12.99 12.34 12.34 11.39 11.46 13.07 14.75 16.79 17.74 18.40 16.94 14.60 10.66 12.12 11.97 10.66 8.61 7.74 6.72 6.13 7.59 8.47 9.49 9.93 9.56 10.29 13.21 13.21 15.99 17.30 16.57 11.75 9.13 7.52 5.48 6.13 0.00 9.71 12.85 4.53 0.00 0.00 0.00 2.26 6.57 8.25 10.80 13.14 15.33 16.64 15.18 12.48 12.48 12.56 10.22 7.66 6.86 8.69 8.10 5.11
17.59 17.59 18.47 18.47 20.51 21.02 19.64 19.64 20.66 22.19 22.19 22.12 23.80 23.21 20.15 13.14 11.17 14.53 17.52 18.69 17.37 15.84 16.13 19.05 19.13 16.28 16.28 12.85 11.02 15.77 15.55 16.64 14.89 14.53 11.68 7.15 5.33 11.02 12.92 13.80 12.99 11.24 10.00 9.56 10.59 12.26 14.67 16.86 16.57 15.04 16.35 16.35 17.59 20.95 23.87 23.51 22.34 15.62 11.17 10.15 10.29 13.29 16.64 14.97 8.32 0.00 0.00 0.00 1.53 0.00 2.12 6.20 10.66 15.04 17.59 18.32 18.32 17.89 14.60 11.46 7.37 5.11 8.18 8.91
18.98 18.98 22.48 23.65 23.87 23.73 18.61 14.67 15.84 19.56 21.97 21.97 23.36 23.51 3.72 3.80 4.02 7.15 9.13 2.99 5.91 7.88 13.72 13.36 11.39 12.70 12.70 15.18 15.84 12.41 6.64 2.92 0.37 0.00 0.00 0.00 6.72 15.70 20.15 20.81 19.35 18.10 16.06 15.62 18.18 18.18 21.46 25.11 26.35 20.73 13.21 13.21 7.88 7.66 13.65 17.16 19.13 21.61 25.62 22.92 20.37 17.37 17.96 19.35 15.33 6.35 3.94 8.76 7.23 1.68 1.31 3.14 4.09 7.23 12.41 15.91 15.91 16.86 15.11 16.06 16.94 16.94 15.40 13.43
8.91 8.91 18.47 17.01 15.48 10.22 5.84 4.60 4.16 8.40 14.89 13.29 9.86 8.03 0.00 0.00 0.00 0.00 0.00 0.00 1.75 7.15 11.02 6.28 0.00 2.48 2.48 15.40 20.51 14.97 5.77 1.90 0.22 0.00 2.34 2.99 8.47 17.16 19.71 20.66 19.78 19.49 19.86 20.95 22.92 23.80 22.27 20.08 19.71 11.24 1.10 1.10 0.00 3.43 12.70 16.79 16.86 16.13 8.69 11.97 14.75 11.02 9.56 12.05 13.07 12.92 12.78 12.70 10.66 5.77 8.18 8.18 4.74 6.42 12.41 16.50 16.50 17.89 17.81 18.25 19.78 19.78 17.16 15.84
8.91 8.91 18.47 17.01 15.48 10.22 5.84 4.60 4.16 8.40 14.89 13.29 9.86 8.03 0.00 0.00 0.00 0.00 0.00 0.00 1.75 7.15 11.02 6.28 0.00 2.48 2.48 15.40 20.51 14.97 5.77 1.90 0.22 0.00 2.34 2.99 8.47 17.16 19.71 20.66 19.78 19.49 19.86 20.95 22.92 23.80 22.27 20.08 19.71 11.24 1.10 1.10 0.00 3.43 12.70 16.79 16.86 16.13 8.69 11.97 14.75 11.02 9.56 12.05 13.07 12.92 12.78 12.70 10.66 5.77 8.18 8.18 4.74 6.42 12.41 16.50 16.50 17.89 17.81 18.25 19.78 19.78 17.16 15.84
0.00 0.00 0.00 0.00 0.00 0.00 0.00 0.00 0.00 0.00 0.00 0.00 0.00 0.00 0.00 0.00 0.00 0.00 0.00 0.00 0.00 0.00 0.00 0.00 0.00 4.82 4.82 15.26 18.91 18.83 16.79 18.18 18.61 20.59 19.93 19.93 17.89 17.59 19.35 20.51 21.97 24.16 22.48 23.65 24.60 24.38 15.99 10.29 13.80 12.26 7.15 7.15 6.13 11.53 16.43 16.72 14.60 10.00 8.10 8.10 8.98 8.76 10.59 11.75 13.51 14.53 19.27 18.18 12.78 9.42 11.17 12.19 8.83 6.86 10.95 16.35 16.35 19.93 20.22 20.88 20.00 17.01 12.56 10.73
0.00 0.00 0.00 0.00 0.00 0.00 0.00 0.00 0.00 0.00 0.00 0.00 0.00 0.00 0.00 0.00 0.00 0.00 0.00 0.00 0.00 0.00 0.00 0.00 0.00 2.19 2.19 10.00 19.71 22.70 25.19 26.35 26.35 25.55 25.55 25.40 23.80 22.34 24.02 24.53 26.06 24.53 24.38 24.45 24.31 23.65 23.14 20.88 21.53 22.70 19.71 19.71 12.85 12.70 16.35 18.40 20.22 19.42 16.79 14.02 11.68 14.53 16.86 16.28 15.84 18.10 20.73 20.59 16.94 15.18 16.28 14.02 11.75 10.07 7.45 5.84 5.84 6.72 10.22 13.14 14.97 13.87 11.46 7.37
0.00 0.00 0.00 0.00 0.00 0.00 0.00 0.00 0.00 0.00 0.00 0.00 0.00 0.00 0.00 0.00 0.00 0.00 0.00 0.00 0.00 0.00 0.00 0.00 0.00 0.00 0.00 5.77 16.28 23.87 25.19 26.72 28.03 25.48 24.02 22.85 24.89 27.59 28.03 26.86 26.72 26.86 26.86 26.43 26.28 25.70 25.55 24.53 21.97 21.02 19.42 19.42 14.97 18.03 18.10 17.67 20.95 21.32 21.61 20.51 19.71 19.64 22.41 21.83 21.46 20.66 21.68 21.17 19.27 18.03 15.99 14.31 13.65 13.94 14.89 9.93 9.93 3.87 0.00 3.94 9.49 12.34 10.59 7.23
0.00 0.00 0.00 0.00 0.00 0.00 0.00 0.00 0.00 0.00 0.00 0.00 0.00 0.00 0.00 0.00 0.00 0.00 0.00 0.00 0.00 0.00 0.00 0.00 0.00 3.87 3.87 10.44 25.11 24.31 21.90 24.38 27.23 28.03 27.01 26.86 27.52 29.57 28.84 26.72 24.67 25.48 28.03 25.99 23.36 21.39 18.10 15.40 11.24 12.99 16.50 16.50 20.08 25.40 23.43 21.10 22.19 20.51 21.68 22.56 22.56 20.08 20.00 20.29 20.08 19.13 17.67 17.81 17.74 20.00 18.03 18.32 18.25 18.61 17.59 16.94 16.94 14.53 8.32 4.60 7.45 13.58 17.08 17.23
0.00 0.00 0.00 0.00 0.00 0.00 0.00 0.00 0.00 0.00 0.00 0.00 0.00 0.00 0.00 0.00 0.00 0.00 0.00 0.00 0.00 0.00 0.00 0.00 6.94 17.67 17.67 24.31 23.21 14.45 9.86 7.96 15.99 19.20 21.10 22.05 14.75 6.50 4.31 5.18 4.23 5.69 13.43 17.08 15.84 10.22 5.40 5.18 8.10 12.12 16.57 16.57 19.13 21.97 24.97 23.29 23.00 23.65 22.34 22.48 24.09 23.80 20.81 19.13 20.00 18.40 17.23 18.10 20.08 20.81 19.86 19.20 20.37 21.17 20.15 18.83 18.83 17.01 13.94 13.43 17.30 18.91 17.67 17.67
0.00 0.00 0.00 0.00 0.00 0.00 0.00 0.00 0.00 0.00 0.00 0.00 0.00 0.00 0.00 0.00 0.00 0.00 0.00 0.00 0.00 0.00 0.00 0.00 6.94 17.67 17.67 24.31 23.21 14.45 9.86 7.96 15.99 19.20 21.10 22.05 14.75 6.50 4.31 5.18 4.23 5.69 13.43 17.08 15.84 10.22 5.40 5.18 8.10 12.12 16.57 16.57 19.13 21.97 24.97 23.29 23.00 23.65 22.34 22.48 24.09 23.80 20.81 19.13 20.00 18.40 17.23 18.10 20.08 20.81 19.86 19.20 20.37 21.17 20.15 18.83 18.83 17.01 13.94 13.43 17.30 18.91 17.67 17.67
0.00 0.00 0.00 0.00 0.00 0.00 0.00 0.00 0.00 0.00 0.00 0.00 0.00 0.00 0.00 0.00 0.00 0.00 0.00 0.00 0.00 0.00 0.00 1.83 14.60 25.70 25.70 18.98 4.38 0.00 0.00 0.00 0.00 0.00 1.39 0.73 0.00 0.00 0.00 0.00 0.00 3.36 7.74 12.70 12.85 8.54 12.05 16.13 18.98 19.64 16.35 16.35 13.07 15.40 23.21 27.08 27.52 26.21 24.75 23.21 23.65 26.21 25.92 24.45 23.21 23.94 23.00 22.48 23.21 23.14 22.34 21.10 23.21 27.89 28.76 26.86 26.86 24.60 22.34 19.42 17.89 17.01 15.11 14.45
0.00 0.00 0.00 0.00 0.00 0.00 0.00 0.00 0.00 0.00 0.00 0.00 0.00 0.00 0.00 0.00 0.00 0.00 0.00 0.00 0.00 0.00 0.00 0.00 4.82 11.46 11.46 11.17 0.00 0.00 0.00 0.00 0.00 0.00 0.00 0.00 0.00 0.00 0.00 0.00 0.00 10.00 20.37 24.75 19.20 16.57 15.91 21.83 23.73 25.77 26.21 26.21 24.60 23.58 27.23 28.76 28.40 26.57 25.99 26.21 27.59 28.25 26.28 23.07 19.49 16.28 18.91 20.08 21.02 22.48 25.04 27.16 28.03 29.35 30.59 30.51 30.51 27.96 22.63 18.10 16.64 17.08 15.62 13.51
0.00 0.00 0.00 0.00 0.00 0.00 0.00 0.00 0.00 0.00 0.00 0.00 0.00 0.00 0.00 0.00 0.00 0.00 0.00 0.00 0.00 0.00 0.00 0.00 0.00 0.00 0.00 0.00 0.00 0.00 0.00 0.00 0.00 0.00 0.00 0.00 0.00 0.00 0.00 0.00 0.00 1.68 9.49 13.94 15.48 18.18 21.97 27.08 24.53 22.70 25.99 25.99 30.66 24.89 25.48 25.19 19.64 12.12 9.71 16.72 21.90 21.02 17.01 11.68 7.15 6.57 12.70 12.85 13.43 16.94 18.10 17.08 18.40 21.24 23.07 25.11 25.11 23.51 19.05 17.37 16.13 16.28 15.48 17.89
0.00 0.00 0.00 0.00 0.00 0.00 0.00 0.00 0.00 0.00 0.00 0.00 0.00 0.00 0.00 0.00 0.00 0.00 0.00 0.00 0.00 0.00 0.00 0.00 0.00 0.00 0.00 0.00 0.00 0.00 0.00 0.00 0.00 0.00 0.00 0.00 0.00 0.00 0.00 0.00 0.00 0.00 0.66 9.93 17.08 15.40 20.15 17.67 14.89 8.76 15.48 15.48 16.43 21.46 17.89 13.65 3.36 0.00 1.83 3.50 3.58 2.85 0.00 0.00 0.00 0.00 0.00 0.00 2.12 2.70 0.00 1.53 4.89 10.44 14.09 15.70 15.70 15.18 14.09 14.09 15.18 14.82 16.79 25.92
0.00 0.00 0.00 0.00 0.00 0.00 0.00 0.00 0.00 0.00 0.00 0.00 0.00 0.00 0.00 0.00 0.00 0.00 0.00 0.00 0.00 0.00 0.00 0.00 0.00 0.00 0.00 0.00 0.00 0.00 0.00 0.00 0.00 0.00 0.00 0.00 0.00 0.00 0.00 0.00 0.00 0.00 0.00 0.51 0.00 0.00 2.70 7.30 6.64 7.15 0.00 0.00 5.69 5.62 0.00 0.00 0.00 0.00 0.00 0.00 0.00 0.00 0.00 0.00 0.00 0.00 0.00 0.00 0.00 0.00 0.00 0.00 0.00 0.00 0.00 4.45 4.45 3.50 4.45 5.33 5.77 4.82 4.09 7.52
0.00 0.00 0.00 0.00 0.00 0.00 0.00 0.00 0.00 0.00 0.00 0.00 0.00 0.00 0.00 0.00 0.00 0.00 0.00 0.00 0.00 0.00 0.00 0.00 0.00 0.00 0.00 0.00 0.00 0.00 0.00 0.00 0.00 0.00 0.00 0.00 0.00 0.00 0.00 0.00 0.00 0.00 0.00 0.00 0.00 0.00 0.00 0.00 0.00 4.02 0.00 0.00 0.00 0.00 0.00 0.00 0.00 0.00 0.00 0.00 0.00 0.00 0.00 0.00 0.00 0.00 0.00 0.00 0.00 0.00 0.00 0.00 0.00 0.00 0.00 0.00 0.00 0.00 0.00 0.00 0.00 0.00 0.00 0.00
0.00 0.00 0.00 0.00 0.00 0.00 0.00 0.00 0.00 0.00 0.00 0.00 0.00 0.00 0.00 0.00 0.00 0.00 0.00 0.00 0.00 0.00 0.00 0.00 0.00 0.00 0.00 0.00 0.00 0.00 0.00 0.00 0.00 0.00 0.00 0.00 0.00 0.00 0.00 0.00 0.00 0.00 0.00 0.00 0.00 0.00 0.00 0.00 0.00 4.02 0.00 0.00 0.00 0.00 0.00 0.00 0.00 0.00 0.00 0.00 0.00 0.00 0.00 0.00 0.00 0.00 0.00 0.00 0.00 0.00 0.00 0.00 0.00 0.00 0.00 0.00 0.00 0.00 0.00 0.00 0.00 0.00 0.00 0.00
0.00 0.00 0.00 0.00 0.00 0.00 0.00 0.00 0.00 0.00 0.00 0.00 0.00 0.00 0.00 0.00 0.00 0.00 0.00 0.00 0.00 0.00 0.00 0.00 0.00 0.00 0.00 0.00 0.00 0.00 0.00 0.00 0.00 0.00 0.00 0.00 0.00 0.00 0.00 0.00 0.00 0.00 0.00 0.00 0.00 0.00 0.00 0.00 0.00 0.00 0.00 0.00 0.00 0.00 0.00 0.00 0.00 0.00 0.00 0.00 0.00 0.00 0.00 0.00 0.00 0.00 0.00 0.00 0.00 0.00 0.00 0.00 0.00 0.00 0.00 0.00 0.00 0.00 0.00 0.00 0.00 0.00 0.00 0.00
