Wansh/Snow_depth/snowdepth-1983/spring/1983064.txt
ncols 321
nrows 161
xllcenter 60
yllcenter 15 
cellsize  0.25 
NODATA_value -1
[rows 0 to 36 of 161, columns 168 to 251 of 321]
11.68 10.88 8.61 7.45 9.42 9.71 7.52 7.01 6.94 6.94 7.66 7.45 8.98 9.42 9.86 9.34 11.24 12.56 14.97 16.13 14.24 12.19 11.90 11.17 9.34 6.28 4.89 2.99 0.00 0.00 0.00 6.50 14.09 17.37 17.30 17.30 14.16 14.82 19.71 17.16 12.34 9.71 10.88 11.61 10.66 12.85 16.13 19.13 16.06 10.88 10.59 11.97 13.87 12.70 10.88 13.87 16.72 18.76 18.54 18.54 18.54 17.89 18.83 22.34 23.94 23.14 23.07 22.05 19.42 18.10 17.16 16.64 16.43 16.64 18.18 19.64 19.86 21.97 22.48 22.41 23.65 25.11 24.89 24.89
15.77 11.02 10.00 9.71 10.66 8.54 6.72 6.94 7.74 7.74 9.71 10.59 11.10 11.24 9.86 9.64 9.20 10.29 14.75 14.97 14.09 11.97 11.53 10.88 7.81 2.77 0.00 0.00 0.00 0.00 0.00 8.47 13.21 15.99 14.53 14.53 11.39 14.31 21.02 17.96 12.34 9.42 10.00 12.05 11.83 11.90 12.19 11.68 10.22 9.05 9.27 10.51 13.51 15.48 14.82 15.18 19.05 19.20 19.27 20.51 20.51 22.70 26.79 25.11 23.21 22.48 20.73 21.61 21.53 22.12 21.24 20.51 19.05 17.16 17.01 20.08 21.46 21.68 23.80 23.58 20.88 18.91 17.37 17.81
19.86 14.75 13.14 16.86 16.64 11.97 8.54 7.01 7.66 7.66 9.56 8.91 9.78 10.29 10.73 12.48 16.21 16.86 15.26 14.75 14.45 10.88 11.83 10.80 5.33 0.00 0.00 0.00 0.00 0.00 2.63 9.34 14.45 16.13 11.90 11.90 12.05 17.96 21.46 16.79 13.43 12.34 9.93 9.20 9.42 6.64 5.99 7.45 7.23 8.32 9.78 11.32 13.80 16.50 18.98 14.97 13.87 15.18 16.50 18.98 18.98 20.22 22.19 21.68 19.27 17.08 17.74 19.13 21.17 21.24 21.61 22.63 21.10 19.78 19.56 18.40 18.69 19.64 20.59 17.74 18.18 17.45 16.43 14.45
19.86 14.75 13.14 16.86 16.64 11.97 8.54 7.01 7.66 7.66 9.56 8.91 9.78 10.29 10.73 12.48 16.21 16.86 15.26 14.75 14.45 10.88 11.83 10.80 5.33 0.00 0.00 0.00 0.00 0.00 2.63 9.34 14.45 16.13 11.90 11.90 12.05 17.96 21.46 16.79 13.43 12.34 9.93 9.20 9.42 6.64 5.99 7.45 7.23 8.32 9.78 11.32 13.80 16.50 18.98 14.97 13.87 15.18 16.50 18.98 18.98 20.22 22.19 21.68 19.27 17.08 17.74 19.13 21.17 21.24 21.61 22.63 21.10 19.78 19.56 18.40 18.69 19.64 20.59 17.74 18.18 17.45 16.43 14.45
19.49 18.10 20.59 19.20 16.57 14.60 9.78 6.94 7.81 7.81 9.78 10.00 9.20 11.17 15.26 18.18 20.22 21.24 18.83 15.91 13.51 12.34 10.51 8.32 0.00 0.00 0.00 0.00 0.00 0.73 7.15 10.29 8.98 8.91 11.68 11.68 16.35 17.01 10.66 6.86 8.10 4.82 4.45 3.21 2.48 3.21 4.82 8.91 12.70 12.34 12.48 13.07 12.99 14.16 13.14 12.48 10.29 12.19 15.26 15.77 15.77 16.86 17.52 16.13 15.18 16.21 16.64 16.94 15.33 14.60 16.28 17.67 16.94 16.50 14.45 13.43 15.40 17.52 14.45 15.11 15.26 16.64 18.98 19.93
23.14 21.46 19.71 19.35 17.96 16.50 12.34 10.51 9.42 9.42 10.51 14.31 16.94 14.75 15.40 15.55 18.10 15.40 12.41 10.15 7.45 5.18 0.51 0.00 0.00 0.00 0.00 0.00 3.50 7.96 12.05 11.83 9.93 11.39 15.04 15.04 16.43 11.02 4.02 2.77 3.50 2.92 3.50 4.09 4.60 5.91 8.03 8.83 10.15 11.83 14.16 17.16 14.89 13.65 11.17 10.22 10.59 10.66 12.99 14.97 14.97 17.96 15.99 12.34 11.46 11.24 12.78 12.41 11.32 9.78 12.26 14.09 14.89 14.45 14.75 11.75 11.46 11.83 13.72 15.91 15.26 15.55 17.01 18.61
26.79 25.04 22.27 21.10 19.27 18.25 18.91 20.00 17.23 17.23 15.11 16.64 18.25 18.32 18.54 19.05 14.75 12.26 8.91 6.86 3.36 0.00 0.00 0.00 0.00 0.00 0.00 7.08 9.42 12.05 15.77 15.18 16.94 19.05 18.83 18.83 12.34 7.08 2.63 3.21 3.14 4.38 4.38 4.60 7.37 7.74 8.69 11.39 11.75 12.05 11.97 12.85 12.34 11.61 10.29 9.34 9.27 8.91 10.15 11.10 11.10 13.36 13.65 12.05 9.49 8.32 9.78 10.51 9.86 10.15 9.93 10.15 11.46 11.61 12.34 12.41 10.59 13.14 13.58 14.60 16.63 17.98 18.17 19.53
26.79 25.04 22.27 21.10 19.27 18.25 18.91 20.00 17.23 17.23 15.11 16.64 18.25 18.32 18.54 19.05 14.75 12.26 8.91 6.86 3.36 0.00 0.00 0.00 0.00 0.00 0.00 7.08 9.42 12.05 15.77 15.18 16.94 19.05 18.83 18.83 12.34 7.08 2.63 3.21 3.14 4.38 4.38 4.60 7.37 7.74 8.69 11.39 11.75 12.05 11.97 12.85 12.34 11.61 10.29 9.34 9.27 8.91 10.15 11.10 11.10 13.36 13.65 12.05 9.49 8.32 9.78 10.51 9.86 10.15 9.93 10.15 11.46 11.61 12.34 14.35 14.60 18.91 18.60 24.81 27.46 23.93 23.38 20.26
26.86 28.47 26.35 24.97 22.27 20.44 16.72 17.96 18.10 18.10 17.89 20.59 23.00 20.51 18.10 15.77 10.44 7.96 5.55 0.00 0.00 0.00 0.00 0.00 0.00 0.00 0.80 5.77 7.52 10.22 11.61 14.60 16.28 19.20 19.64 19.64 11.68 6.06 2.19 3.36 5.11 4.53 5.40 6.64 8.18 8.10 11.24 15.77 15.18 13.36 10.66 8.32 6.72 7.30 8.03 7.88 8.76 9.13 9.71 10.00 10.00 10.88 11.61 11.97 12.05 10.88 10.22 10.59 11.32 10.80 11.17 11.68 11.68 11.14 13.66 16.27 14.72 15.48 14.60 21.66 23.06 22.12 21.27 21.86
13.51 17.81 19.20 18.98 18.76 18.25 17.96 15.26 16.35 16.35 19.93 18.32 17.23 14.45 10.15 7.15 2.99 1.68 0.00 0.00 0.00 0.00 0.00 0.00 4.02 4.09 8.18 10.07 11.24 12.48 12.56 12.34 13.36 14.02 13.51 13.51 9.78 6.72 3.72 7.74 9.56 9.71 8.91 9.49 9.05 10.29 12.05 15.04 15.33 11.24 8.03 5.55 3.80 3.94 4.67 4.74 7.15 8.69 10.29 10.73 10.73 11.24 12.34 11.24 10.59 10.29 10.00 11.10 10.88 11.24 11.46 11.75 12.11 17.37 17.93 19.57 23.49 24.33 25.52 24.96 26.56 25.77 31.24 33.60
10.44 8.83 11.53 14.82 18.83 19.64 19.42 20.44 17.59 17.59 15.77 8.18 5.77 6.06 3.07 0.00 0.00 0.00 0.00 0.00 0.00 0.95 4.96 9.71 8.83 9.34 11.97 13.21 12.99 10.66 10.29 7.01 5.62 7.45 8.83 8.83 8.03 9.56 12.78 14.82 15.11 13.07 11.17 9.71 7.45 8.10 9.05 10.66 11.17 9.64 7.15 4.31 3.29 3.43 4.16 5.40 8.10 10.22 11.39 11.75 11.75 12.78 11.10 10.59 10.37 9.49 10.15 10.73 10.15 8.91 10.00 9.93 10.86 11.41 11.97 19.40 27.89 29.67 23.83 27.40 28.99 29.31 28.19 29.41
10.44 8.83 11.53 14.82 18.83 19.64 19.42 20.44 17.59 17.59 15.77 8.18 5.77 6.06 3.07 0.00 0.00 0.00 0.00 0.00 0.00 0.95 4.96 9.71 8.83 9.34 11.97 13.21 12.99 10.66 10.29 7.01 5.62 7.45 8.83 8.83 8.03 9.56 12.78 14.82 15.11 13.07 11.17 9.71 7.45 8.10 9.05 10.66 11.17 9.64 7.15 4.31 3.29 3.43 4.16 5.40 8.10 10.22 11.39 11.75 11.75 12.78 11.10 10.59 10.37 9.49 10.15 10.73 10.15 8.91 10.00 9.93 10.59 11.24 11.61 18.01 24.86 27.47 25.41 28.43 28.99 28.67 30.97 31.46
17.74 13.51 10.66 10.51 10.59 12.48 12.05 9.93 9.71 9.71 5.62 0.58 0.00 0.00 0.00 0.00 0.00 2.34 5.55 7.96 8.76 8.25 11.68 11.39 9.05 10.66 12.63 11.68 11.53 9.13 7.08 6.64 7.88 9.42 8.25 8.25 11.39 13.29 14.75 16.28 16.21 13.43 10.95 8.76 6.42 4.89 5.62 7.52 8.83 6.86 4.38 3.58 3.21 2.77 3.36 4.96 6.50 9.05 10.59 10.88 10.88 10.22 9.27 8.25 8.98 9.71 10.07 11.39 10.00 10.73 9.71 7.37 10.59 11.46 11.68 15.18 21.04 20.10 26.11 29.85 27.78 30.49 31.90 28.85
18.47 18.47 15.70 12.05 9.93 8.83 7.52 7.30 4.16 4.16 0.66 0.00 0.00 0.00 0.00 0.00 0.00 0.66 4.96 7.37 14.16 16.13 13.65 12.19 11.39 12.70 15.04 14.89 13.94 14.31 11.53 10.22 11.75 12.26 11.90 11.90 12.41 13.58 14.02 13.87 12.99 11.39 8.32 5.99 4.60 4.53 4.96 5.33 5.18 4.53 2.34 1.83 2.70 3.65 4.96 6.13 6.50 7.66 8.10 10.07 10.07 11.24 11.17 10.44 11.32 12.41 13.07 13.87 12.78 14.24 13.21 10.51 14.31 15.26 15.87 16.88 15.39 20.08 26.84 25.82 30.63 29.01 28.90 28.14
16.94 18.98 16.13 16.21 14.67 12.48 9.05 7.01 4.02 4.02 2.85 0.00 0.00 0.00 0.00 0.00 3.21 6.20 9.71 13.80 16.21 16.43 14.45 12.48 13.87 15.18 15.11 16.21 16.13 13.80 12.56 13.07 13.87 12.78 13.29 13.29 14.89 15.48 15.33 14.09 10.15 7.52 6.20 6.86 8.03 6.20 5.40 4.60 4.02 4.60 3.29 2.77 2.92 3.94 5.48 7.45 10.22 11.10 10.80 10.15 10.15 10.44 10.95 11.17 11.83 15.77 15.55 14.45 15.77 16.50 15.77 17.37 17.58 20.34 17.12 17.14 18.89 23.04 24.92 26.02 28.22 26.07 27.87 21.16
16.94 15.40 14.67 16.57 18.10 16.50 14.24 12.48 9.93 9.93 7.74 8.18 8.61 5.69 5.84 6.13 6.94 5.18 7.88 9.34 11.90 15.18 16.57 16.94 16.13 16.21 14.75 14.82 14.67 13.29 13.36 13.65 12.99 14.24 14.82 14.82 13.94 13.07 11.61 8.40 7.23 8.83 10.44 9.78 9.27 7.52 5.84 3.80 3.29 3.94 3.65 2.56 2.56 2.26 4.53 7.45 11.39 11.97 10.51 9.34 9.34 10.44 11.90 12.19 12.56 12.34 11.90 14.31 17.23 17.96 22.05 20.02 18.43 19.17 22.23 20.70 22.75 23.06 23.04 24.93 23.96 24.44 21.17 21.37
16.94 15.40 14.67 16.57 18.10 16.50 14.24 12.48 9.93 9.93 7.74 8.18 8.61 5.69 5.84 6.13 6.94 5.18 7.88 9.34 11.90 15.18 16.57 16.94 16.13 16.21 14.75 14.82 14.67 13.29 13.36 13.65 12.99 14.24 14.82 14.82 13.94 13.07 11.61 8.40 7.23 8.83 10.44 9.78 9.27 7.52 5.84 3.80 3.29 3.94 3.65 2.56 2.56 2.26 4.53 7.45 11.39 11.97 10.51 9.34 9.34 10.44 11.90 12.19 12.56 12.34 11.90 14.31 17.23 17.96 22.05 24.58 17.27 20.84 19.96 25.61 23.08 25.50 23.50 22.48 23.17 21.02 23.02 24.26
10.44 11.90 11.24 10.66 10.66 11.02 11.83 13.80 15.55 15.55 13.87 10.80 9.49 8.54 7.52 7.37 5.33 4.16 5.04 5.69 6.64 9.64 11.53 12.56 12.63 12.26 11.83 12.56 11.17 13.65 14.60 15.11 14.82 13.21 13.80 13.80 14.24 12.70 10.15 10.88 12.92 14.09 15.91 11.97 7.01 5.99 5.55 4.67 3.14 2.12 2.12 1.97 1.17 0.00 4.89 8.98 11.75 13.65 11.68 9.56 9.56 11.75 12.85 10.00 8.25 8.61 13.58 16.13 18.54 21.97 22.16 20.92 22.79 20.20 22.93 27.03 25.58 20.09 18.88 22.01 19.73 17.50 17.67 17.31
10.80 15.48 17.45 14.67 11.24 6.42 7.74 8.18 7.59 7.59 6.57 7.23 9.71 8.98 7.23 6.20 5.69 5.26 6.64 8.32 10.15 11.61 11.83 10.00 8.32 10.29 11.68 12.12 13.36 14.38 15.11 14.31 14.02 13.36 13.51 13.51 13.80 12.70 12.78 12.70 12.12 11.53 9.64 7.30 4.23 3.14 3.07 3.36 2.04 0.00 0.00 2.12 2.34 4.89 6.72 8.32 9.93 11.17 11.02 8.83 8.83 5.55 5.33 5.55 7.23 12.63 15.62 16.21 16.43 22.89 26.03 27.06 26.43 26.48 27.01 25.39 23.40 24.30 23.48 24.02 19.34 19.88 19.05 22.11
9.78 11.75 13.21 15.04 14.89 13.87 11.39 9.13 8.76 8.76 8.47 9.42 12.34 12.63 9.56 7.30 5.77 5.91 8.83 12.63 14.53 14.60 13.07 11.61 10.15 11.24 10.88 10.07 10.29 9.86 9.86 14.31 12.85 11.10 12.26 12.26 12.34 12.99 13.65 13.94 13.51 11.83 6.28 4.31 5.55 6.20 6.79 6.42 5.69 4.09 5.48 5.26 5.11 5.69 5.40 5.77 8.10 10.29 10.66 10.07 10.07 9.34 9.86 8.47 11.32 14.24 16.13 17.08 17.74 22.12 26.86 29.93 32.85 34.09 33.29 30.24 27.43 31.15 30.62 23.84 22.85 19.99 21.72 23.84
9.71 8.32 10.66 10.66 12.12 12.56 11.24 10.44 10.59 10.59 11.61 11.83 16.79 15.84 13.29 11.24 9.86 11.90 14.38 16.72 18.25 19.20 17.01 12.63 10.15 10.44 7.15 7.23 8.10 7.96 15.40 15.70 14.16 13.36 14.45 14.45 15.77 12.48 8.98 6.94 6.57 4.89 2.85 3.50 4.96 5.04 5.69 5.04 7.15 8.18 7.15 6.28 6.13 5.99 6.06 6.79 9.27 10.15 8.25 11.39 11.39 12.05 9.71 9.20 11.61 14.16 14.53 18.40 23.21 25.70 30.59 36.21 36.79 35.70 35.37 34.82 35.64 32.52 32.46 27.21 27.11 20.48 22.19 19.01
10.66 11.53 11.97 9.86 9.20 8.47 7.66 9.34 11.10 11.10 14.97 15.55 17.74 18.40 17.30 13.80 12.19 15.18 18.54 18.61 17.74 16.79 11.24 8.69 10.22 12.12 11.02 8.54 7.30 14.38 15.77 13.72 12.41 14.45 15.91 15.91 12.99 8.61 4.23 2.85 1.61 0.88 2.26 2.70 2.04 1.75 1.83 2.19 2.70 5.69 6.06 6.57 9.42 10.80 11.17 12.41 15.18 15.11 13.80 11.53 11.53 6.86 5.72 6.94 12.41 12.34 15.62 20.81 24.31 26.21 29.13 34.53 37.45 38.40 39.24 38.70 45.50 35.09 35.19 30.13 23.51 22.16 23.50 22.96
10.66 11.53 11.97 9.86 9.20 8.47 7.66 9.34 11.10 11.10 14.97 15.55 17.74 18.40 17.30 13.80 12.19 15.18 18.54 18.61 17.74 16.79 11.24 8.69 10.22 12.12 11.02 8.54 7.30 14.38 15.77 13.72 12.41 14.45 15.91 15.91 12.99 8.61 4.23 2.85 1.61 0.88 2.26 2.70 2.04 1.75 1.83 2.19 2.70 5.69 6.06 6.57 9.42 10.80 11.17 12.41 15.18 15.11 13.80 11.53 11.53 6.86 5.72 6.94 12.41 12.34 15.62 20.81 24.31 26.21 29.13 34.53 37.45 38.40 37.67 38.91 35.34 30.88 29.47 35.06 28.75 22.63 18.41 21.18
11.53 11.53 9.49 7.74 11.61 11.02 11.53 13.51 14.82 14.82 14.09 12.41 14.89 17.23 16.35 13.80 12.85 14.97 16.43 15.40 14.09 13.07 11.97 12.99 13.14 12.19 15.40 14.67 14.38 16.86 14.97 12.70 9.78 8.40 7.81 7.81 4.60 2.77 4.09 3.80 3.72 3.50 2.70 1.68 0.44 1.02 1.02 2.48 7.96 12.12 12.48 13.07 14.60 15.33 18.32 19.05 17.37 13.36 12.26 8.98 8.98 4.67 4.82 11.83 16.50 16.64 20.37 21.53 22.70 24.16 25.19 29.35 33.58 35.55 36.72 36.68 34.43 40.26 32.48 28.75 28.76 22.53 22.05 21.69
12.19 12.78 10.88 11.32 12.85 13.21 15.33 17.89 17.16 17.16 16.35 18.25 18.98 18.32 15.77 14.67 14.02 15.62 15.62 15.77 14.67 12.12 14.97 15.04 12.85 12.34 18.83 19.35 18.61 15.91 11.39 7.30 5.69 3.94 4.96 4.96 4.67 3.80 3.72 3.87 4.31 2.77 2.04 3.29 3.36 2.92 4.89 7.37 13.43 16.64 17.52 20.00 19.86 22.48 23.65 21.46 15.33 12.99 11.83 5.48 5.48 0.00 4.89 11.24 14.60 22.27 23.43 21.24 21.39 22.12 22.12 23.21 26.50 29.78 32.57 33.10 31.50 33.00 32.90 29.31 31.63 21.14 20.31 20.46
10.59 11.97 11.53 11.32 9.86 11.83 14.02 15.70 16.64 16.64 17.01 19.42 19.86 19.42 16.94 16.43 15.77 15.33 15.70 16.57 14.02 12.48 14.82 16.64 15.26 12.78 15.84 21.32 19.78 15.26 10.15 6.79 4.38 4.02 6.86 6.86 8.47 8.25 7.45 7.66 7.96 6.35 4.31 5.26 5.91 8.32 14.31 13.94 13.29 15.26 19.64 21.17 19.56 21.02 20.66 18.32 12.85 12.41 12.99 9.86 9.86 6.86 16.28 20.81 24.75 21.61 16.79 15.55 15.91 14.53 15.70 20.44 25.79 29.86 30.09 31.08 28.83 23.51 21.85 21.68 21.85 20.18 17.42 16.36
11.24 10.51 10.22 9.78 8.83 13.21 18.40 19.27 21.39 21.39 21.90 22.63 19.42 18.32 17.37 16.28 17.89 18.54 17.89 15.77 15.62 15.40 16.86 18.83 16.72 14.75 16.13 17.01 16.72 10.15 6.42 7.15 7.96 7.74 10.51 10.51 13.43 14.89 17.30 17.59 14.16 15.04 18.10 19.78 22.12 22.27 24.09 24.82 22.78 21.68 22.70 23.07 25.04 25.33 24.09 17.89 17.08 17.37 17.01 17.01 17.01 17.30 17.81 20.73 17.16 16.50 14.31 12.70 12.48 13.51 15.62 21.02 31.08 32.33 29.36 25.95 24.94 24.13 19.39 18.97 19.19 16.33 14.15 10.48
11.24 7.88 9.42 8.25 9.20 9.71 11.17 13.07 15.70 15.70 18.03 17.81 16.72 15.91 14.60 12.70 14.38 17.37 16.35 16.21 15.99 12.85 11.53 13.87 11.83 11.75 11.75 13.07 11.39 10.22 7.74 13.14 17.96 20.00 18.98 18.98 20.95 21.24 20.37 17.59 16.35 18.40 23.07 24.67 27.89 29.78 29.93 30.00 27.38 25.70 26.21 27.23 26.72 23.14 20.08 18.10 19.35 16.28 12.34 10.73 10.73 8.18 11.17 6.72 7.59 10.44 11.39 10.07 13.21 16.86 21.41 25.51 33.15 29.80 27.03 23.78 18.08 13.38 9.86 11.72 11.62 8.40 6.66 3.84
11.24 7.88 9.42 8.25 9.20 9.71 11.17 13.07 15.70 15.70 18.03 17.81 16.72 15.91 14.60 12.70 14.38 17.37 16.35 16.21 15.99 12.85 11.53 13.87 11.83 11.75 11.75 13.07 11.39 10.22 7.74 13.14 17.96 20.00 18.98 18.98 20.95 21.24 20.37 17.59 16.35 18.40 23.07 24.67 27.89 29.78 29.93 30.00 27.38 25.70 26.21 27.23 26.72 23.14 20.08 18.10 19.35 16.28 12.34 10.73 10.73 8.18 11.17 6.72 7.59 10.44 11.39 10.07 13.21 16.86 21.52 25.24 29.98 33.20 28.84 27.74 20.99 12.95 10.30 11.39 12.29 9.96 6.08 3.26
7.08 8.91 9.13 5.84 4.60 5.77 7.59 12.05 16.21 16.21 15.26 13.72 12.70 11.75 7.96 8.32 12.99 13.94 11.90 10.66 12.26 12.85 9.42 8.10 8.69 14.60 15.62 14.60 14.53 15.70 21.32 22.27 21.61 22.85 19.93 19.93 19.20 18.47 19.78 18.03 19.49 20.66 24.45 26.13 27.01 28.32 29.49 30.51 28.47 27.08 25.70 24.67 23.51 18.83 15.11 11.53 10.66 11.61 6.28 0.00 0.00 0.00 0.00 0.00 5.55 9.86 11.32 11.75 13.94 19.32 23.89 27.36 30.60 30.98 26.06 16.87 10.79 7.66 5.72 4.93 3.99 3.27 2.92 1.70
6.79 10.51 11.02 8.25 7.74 10.80 13.21 15.04 17.52 17.52 18.18 14.53 13.51 14.09 11.90 11.24 13.29 17.01 19.93 17.74 14.16 12.99 9.93 7.81 6.64 15.18 15.55 16.94 12.34 13.87 15.04 15.70 14.97 16.13 16.43 16.43 17.23 19.35 20.51 20.73 20.95 19.93 23.94 27.74 28.69 28.76 27.96 27.96 25.92 23.73 21.97 18.32 15.40 9.64 3.72 2.41 3.14 3.07 2.04 0.00 0.00 0.00 0.00 3.87 6.79 8.91 11.10 14.24 17.59 22.19 27.16 29.80 31.21 31.76 19.85 10.51 7.11 5.12 3.96 5.30 0.00 0.00 0.79 0.98
18.03 17.08 14.82 11.61 10.07 10.15 11.53 13.14 16.94 16.94 15.18 10.29 9.34 10.66 10.44 11.90 13.36 12.85 13.07 13.29 9.93 8.47 8.25 9.93 18.40 10.88 3.94 8.47 13.07 13.43 12.99 12.48 14.31 15.33 16.35 16.35 19.35 19.20 21.10 17.37 17.81 18.91 20.37 19.20 18.18 16.79 15.62 18.03 18.32 15.11 11.46 8.32 7.08 3.80 0.44 0.00 0.00 0.00 1.17 1.17 1.17 0.00 0.66 6.13 6.86 9.56 12.05 15.91 18.76 20.08 25.40 28.28 29.01 23.38 12.43 6.59 4.49 4.79 0.00 0.00 3.10 0.00 0.00 0.78
20.73 20.15 20.15 19.56 16.64 13.80 13.43 14.60 12.05 12.05 7.96 6.06 5.99 9.05 10.95 12.34 13.21 10.44 5.40 6.94 9.05 11.02 9.49 17.96 21.61 21.83 20.59 18.10 17.67 14.24 12.78 12.41 11.61 9.20 7.88 7.88 8.03 7.23 7.96 7.15 5.77 7.66 9.20 9.42 9.05 7.66 7.01 7.59 10.15 6.28 5.40 5.11 4.82 3.72 0.00 0.00 0.73 1.53 1.68 1.24 1.24 0.00 1.31 4.89 6.86 7.74 10.66 16.43 19.13 20.95 24.24 26.47 20.20 12.80 3.59 1.79 2.38 2.86 0.00 0.00 0.00 0.00 1.20 1.11
18.32 18.47 19.05 19.35 15.62 11.24 7.96 7.01 5.69 5.69 2.70 2.70 6.20 11.10 11.39 9.64 10.29 7.96 7.59 10.88 11.32 8.76 9.56 17.08 21.17 22.92 20.08 14.45 11.97 9.71 7.88 5.62 3.80 1.17 0.00 0.00 3.14 2.41 1.31 0.00 0.00 0.00 4.53 5.26 5.40 5.04 4.09 5.99 6.72 5.40 6.72 5.04 0.00 0.00 0.00 0.15 1.83 3.43 4.74 0.00 0.00 2.26 4.31 6.79 9.56 7.52 8.91 13.80 18.83 21.17 22.85 20.37 12.09 3.71 2.46 2.26 0.00 0.00 0.00 0.00 0.00 0.00 0.44 0.00
10.66 9.56 8.47 7.59 6.28 4.31 2.34 1.97 2.04 2.04 0.88 1.46 2.26 4.89 5.40 3.87 2.48 0.00 5.69 8.98 12.19 11.17 13.43 11.17 8.25 8.69 7.59 5.26 4.38 0.00 0.00 0.00 0.00 0.00 0.00 0.00 0.00 0.00 0.00 2.12 4.23 6.72 8.03 5.84 3.50 5.55 7.08 8.54 10.66 8.10 5.48 3.80 3.07 3.14 3.80 5.55 2.19 4.96 7.66 5.69 5.69 4.53 4.60 0.00 8.76 9.42 11.10 16.94 20.44 21.02 18.83 11.08 3.43 3.05 3.91 2.03 0.00 0.00 0.52 0.70 0.30 0.00 0.00 0.00
10.66 9.56 8.47 7.59 6.28 4.31 2.34 1.97 2.04 2.04 0.88 1.46 2.26 4.89 5.40 3.87 2.48 0.00 5.69 8.98 12.19 11.17 13.43 11.17 8.25 8.69 7.59 5.26 4.38 0.00 0.00 0.00 0.00 0.00 0.00 0.00 0.00 0.00 0.00 2.12 4.23 6.72 8.03 5.84 3.50 5.55 7.08 8.54 10.66 8.10 5.48 3.80 3.07 3.14 3.80 5.55 2.19 4.96 7.66 5.69 5.69 4.53 4.60 0.00 8.76 9.42 11.10 16.94 20.44 21.02 18.83 11.02 3.37 3.01 3.91 2.12 0.00 0.00 0.51 0.74 0.30 0.00 0.00 0.00
8.69 4.31 2.48 0.00 2.04 0.00 0.00 0.22 0.80 0.80 0.00 0.00 0.00 0.00 0.00 0.00 0.00 1.75 6.79 8.54 11.61 13.65 6.28 1.17 0.00 0.00 0.00 0.44 0.00 0.00 0.00 0.00 0.00 0.00 0.00 0.00 0.00 0.00 0.00 3.36 4.31 5.11 9.05 12.12 11.46 9.56 10.95 9.34 8.47 5.55 3.43 6.35 9.86 9.13 9.20 6.13 0.00 2.92 9.13 8.18 8.18 8.83 10.88 11.46 12.26 14.38 15.11 16.13 16.50 15.91 13.58 6.50 0.37 0.00 1.54 2.05 0.00 0.00 2.70 2.91 0.96 0.00 0.00 0.45
