Wansh/Snow_depth/snowdepth-1983/spring/1983092.txt
ncols 321
nrows 161
xllcenter 60
yllcenter 15 
cellsize  0.25 
NODATA_value -1
[rows 0 to 36 of 161, columns 83 to 165 of 321]
0.00 0.00 0.00 0.00 0.00 0.00 0.00 0.00 0.00 0.00 0.00 0.00 0.00 0.00 0.00 0.00 0.00 0.00 0.00 0.00 0.00 0.00 0.00 0.00 0.00 0.00 0.00 0.00 0.00 4.38 8.54 13.21 14.67 11.61 7.45 4.45 7.66 8.69 12.99 14.82 11.68 16.35 19.86 20.15 20.15 16.13 10.44 8.83 7.08 10.88 15.91 18.54 15.91 11.61 9.64 9.86 12.56 14.09 13.36 10.66 5.99 5.40 4.60 3.07 2.99 0.00 0.00 0.00 0.00 0.00 0.00 0.00 0.00 15.04 15.62 12.70 13.14 15.26 18.76 23.21 19.56 14.60 11.17
0.00 0.00 0.00 0.00 0.00 0.00 0.00 0.00 0.00 0.00 0.00 0.00 0.00 0.00 0.00 0.00 0.00 0.00 0.00 0.00 0.00 0.00 0.00 0.00 0.00 0.00 0.00 0.00 6.50 6.28 6.86 9.56 13.29 7.88 3.36 1.75 0.80 0.00 0.00 1.75 7.88 14.09 16.57 16.43 16.43 12.85 8.69 7.30 5.84 5.99 7.96 8.47 9.42 9.05 8.76 8.98 9.13 9.71 8.47 5.40 5.48 7.23 7.37 4.16 0.00 0.00 0.00 0.00 0.00 0.00 9.64 9.49 8.18 7.96 12.19 15.77 17.81 20.81 20.73 19.42 19.20 17.81 16.72
0.00 0.00 0.00 0.00 0.00 0.00 0.00 0.00 0.00 0.00 0.00 0.00 0.00 0.00 0.00 0.00 0.00 0.00 0.00 0.00 0.00 0.00 0.00 0.00 0.00 0.00 0.00 10.29 9.56 8.61 8.25 6.94 6.20 7.01 5.11 2.63 0.44 1.68 1.75 3.14 9.34 19.86 22.48 24.38 24.38 23.94 20.37 15.04 8.76 5.77 5.18 4.31 4.16 6.06 8.18 9.78 12.05 14.16 15.99 15.99 13.87 11.10 11.61 10.37 0.00 0.00 0.00 0.00 15.18 15.18 0.00 0.00 0.00 0.00 9.05 14.67 17.45 18.91 18.18 17.45 18.47 23.29 22.05
0.00 0.00 0.00 0.00 0.00 0.00 0.00 0.00 0.00 0.00 0.00 0.00 0.00 0.00 0.00 0.00 0.00 0.00 0.00 0.00 0.00 0.00 0.00 0.00 0.00 0.00 0.00 10.29 9.56 8.61 8.25 6.94 6.20 7.01 5.11 2.63 0.44 1.68 1.75 3.14 9.34 19.86 22.48 24.38 24.38 23.94 20.37 15.04 8.76 5.77 5.18 4.31 4.16 6.06 8.18 9.78 12.05 14.16 15.99 15.99 13.87 11.10 11.61 10.37 0.00 0.00 0.00 0.00 15.18 15.18 0.00 0.00 0.00 0.00 9.05 14.67 17.45 18.91 18.18 17.45 18.47 23.29 22.05
0.00 0.00 0.00 0.00 0.00 0.00 0.00 0.00 0.00 0.00 0.00 0.00 0.00 0.00 0.00 0.00 0.00 0.00 0.00 0.00 0.00 0.00 0.00 0.00 0.00 0.00 13.14 10.88 10.95 11.32 8.18 6.42 7.52 9.71 13.80 12.41 8.61 7.08 8.47 6.35 1.53 0.00 5.18 11.90 11.90 23.43 28.84 27.67 19.05 12.63 8.98 7.37 6.20 6.28 5.33 6.42 7.08 9.34 11.61 12.78 13.80 14.31 14.02 13.65 11.46 9.78 10.88 11.90 13.14 13.14 13.51 0.00 0.00 0.00 0.00 13.21 18.40 21.39 22.56 21.61 19.78 17.52 17.37
0.00 0.00 0.00 0.00 0.00 0.00 0.00 0.00 0.00 0.00 0.00 0.00 0.00 0.00 0.00 0.00 0.00 0.00 0.00 0.00 0.00 0.00 0.00 0.00 0.00 11.39 10.37 10.15 11.10 10.37 7.81 7.15 8.83 11.17 14.16 15.84 12.05 4.82 0.00 0.00 0.00 0.00 0.00 0.00 0.00 6.13 9.93 21.46 28.03 22.92 13.65 9.49 7.08 6.35 6.50 6.72 6.50 7.01 9.05 10.59 12.78 16.21 17.81 17.89 14.67 12.26 9.13 7.96 8.25 8.25 0.00 0.00 0.00 0.00 0.00 7.45 7.96 11.24 14.53 16.79 18.40 21.24 19.35
0.00 0.00 0.00 0.00 0.00 0.00 0.00 0.00 0.00 0.00 0.00 0.00 0.00 0.00 0.00 0.00 0.00 0.00 0.00 0.00 0.00 0.00 0.00 0.00 16.13 18.40 15.91 11.97 10.29 9.71 8.98 7.52 8.40 10.66 14.02 12.85 9.05 0.00 0.00 0.00 0.00 0.00 0.00 3.14 3.14 6.50 9.56 12.92 17.59 16.28 12.56 11.17 10.00 7.81 7.88 8.83 9.42 11.61 14.02 12.78 10.15 16.64 20.88 24.75 22.56 20.29 16.43 11.83 8.10 8.10 9.13 10.44 12.26 13.94 14.24 14.82 12.85 10.80 9.56 8.40 15.55 18.98 20.66
0.00 0.00 0.00 0.00 0.00 0.00 0.00 0.00 0.00 0.00 0.00 0.00 0.00 0.00 0.00 0.00 0.00 0.00 0.00 0.00 0.00 0.00 0.00 0.00 16.13 18.40 15.91 11.97 10.29 9.71 8.98 7.52 8.40 10.66 14.02 12.85 9.05 0.00 0.00 0.00 0.00 0.00 0.00 3.14 3.14 6.50 9.56 12.92 17.59 16.28 12.56 11.17 10.00 7.81 7.88 8.83 9.42 11.61 14.02 12.78 10.15 16.64 20.88 24.75 22.56 20.29 16.43 11.83 8.10 8.10 9.13 10.44 12.26 13.94 14.24 14.82 12.85 10.80 9.56 8.40 15.55 18.98 20.66
0.00 0.00 0.00 0.00 0.00 0.00 0.00 0.00 0.00 0.00 0.00 0.00 0.00 0.00 0.00 0.00 0.00 0.00 0.00 0.00 0.00 0.00 0.00 10.44 10.95 13.36 14.09 12.99 10.44 8.98 8.76 7.30 8.83 10.73 12.70 11.83 0.00 0.00 0.00 0.00 0.00 0.00 0.00 0.00 0.00 0.00 0.00 0.00 8.18 8.40 8.25 7.74 4.82 2.04 4.38 7.52 8.32 11.24 12.70 16.94 14.75 15.84 19.05 22.56 20.37 22.05 21.97 19.64 17.37 17.37 16.35 17.74 18.76 17.08 17.08 17.59 18.10 15.70 13.87 12.70 13.51 12.56 13.65
4.53 3.14 3.43 0.00 0.00 0.00 0.00 0.00 0.00 0.00 0.00 0.00 0.00 0.00 0.00 0.00 0.00 0.00 0.00 0.00 0.00 0.00 0.00 7.37 5.26 7.96 10.95 12.56 11.17 10.15 10.29 8.83 8.25 10.29 15.99 11.46 6.13 0.00 0.00 0.00 0.00 3.43 3.58 0.00 0.00 0.00 0.00 0.00 7.74 10.15 10.66 14.09 16.86 14.67 11.75 10.66 11.24 10.59 9.78 0.00 11.61 11.97 13.14 13.29 14.89 16.13 16.86 15.48 13.43 13.43 13.94 16.28 18.25 18.69 18.32 15.91 16.06 18.47 19.35 19.56 16.06 12.99 11.39
5.99 3.65 2.99 0.00 0.00 0.00 0.00 0.00 0.00 0.00 0.00 0.00 0.00 0.00 0.00 0.00 0.00 0.00 0.00 0.00 0.00 0.00 0.00 0.00 0.00 0.00 0.00 0.00 6.94 7.88 7.30 7.23 7.23 8.32 9.56 9.05 7.66 8.32 8.25 7.15 6.20 6.50 5.77 7.08 7.08 6.20 5.77 7.81 10.66 11.53 10.66 14.02 18.32 15.91 10.44 9.05 11.24 11.97 10.88 9.56 12.41 15.18 15.62 14.16 14.02 15.77 18.32 21.10 21.75 21.75 21.10 20.37 20.66 20.51 17.23 13.80 14.75 21.68 22.56 18.03 15.33 12.19 10.80
5.99 3.65 2.99 0.00 0.00 0.00 0.00 0.00 0.00 0.00 0.00 0.00 0.00 0.00 0.00 0.00 0.00 0.00 0.00 0.00 0.00 0.00 0.00 0.00 0.00 0.00 0.00 0.00 6.94 7.88 7.30 7.23 7.23 8.32 9.56 9.05 7.66 8.32 8.25 7.15 6.20 6.50 5.77 7.08 7.08 6.20 5.77 7.81 10.66 11.53 10.66 14.02 18.32 15.91 10.44 9.05 11.24 11.97 10.88 9.56 12.41 15.18 15.62 14.16 14.02 15.77 18.32 21.10 21.75 21.75 21.10 20.37 20.66 20.51 17.23 13.80 14.75 21.68 22.56 18.03 15.33 12.19 10.80
0.00 0.00 0.00 0.00 0.00 0.00 0.00 0.00 0.00 0.00 0.00 0.00 0.00 0.00 0.00 0.00 0.00 0.00 0.00 0.00 0.80 0.00 0.00 0.00 0.00 0.00 0.00 0.00 0.00 2.92 4.53 3.65 4.16 5.18 7.96 7.23 10.15 11.10 9.93 8.54 11.02 13.51 12.41 10.44 10.44 7.96 6.50 7.30 10.37 11.02 14.09 22.41 21.75 15.91 11.97 11.24 12.70 21.24 22.70 23.73 18.83 15.91 14.31 14.02 14.97 15.55 17.01 16.94 21.32 21.32 23.73 24.82 24.16 22.63 19.20 16.35 15.33 17.89 21.53 19.71 18.25 18.40 19.78
0.00 0.00 0.00 0.00 0.00 0.00 0.00 0.00 0.00 0.00 0.00 0.00 0.00 0.22 0.66 1.17 0.00 0.00 0.00 0.00 0.00 0.00 0.00 0.00 0.00 0.00 0.00 4.02 4.89 7.37 8.47 9.49 12.56 11.39 9.78 11.02 13.07 15.77 14.24 13.65 14.45 14.38 12.48 9.27 9.27 8.69 11.32 12.19 15.26 15.33 15.70 17.52 15.91 18.83 22.48 18.91 15.99 17.59 18.76 18.69 18.25 17.16 17.81 18.18 20.95 18.32 19.78 22.56 23.07 23.07 25.26 27.08 27.89 27.59 24.75 22.48 19.86 18.61 17.74 18.83 22.41 15.84 17.96
0.00 0.00 0.00 0.00 0.00 0.00 0.00 0.00 0.00 0.00 0.00 0.00 0.00 0.00 0.00 0.00 0.00 0.00 0.00 0.00 0.00 0.00 0.00 0.00 0.00 2.99 5.62 8.98 9.42 10.95 17.74 22.70 21.17 19.13 15.70 15.77 12.70 12.05 12.41 12.19 10.66 11.61 13.07 11.17 11.17 11.10 14.53 17.23 17.52 15.70 13.65 14.38 12.70 16.28 27.23 26.65 31.32 29.57 18.83 12.34 12.70 13.65 16.28 19.49 22.27 22.12 21.24 19.64 19.27 19.27 23.07 24.53 23.58 22.78 22.63 21.17 17.59 0.00 0.00 0.00 6.35 13.07 11.39
0.00 0.00 0.00 0.00 0.00 0.00 0.00 0.00 0.00 0.00 0.00 0.00 0.00 0.00 0.00 0.00 0.00 0.00 0.00 0.00 0.00 0.00 0.00 13.14 14.24 13.94 12.48 9.49 11.90 15.40 20.00 24.09 21.32 13.51 12.56 10.66 9.13 7.66 7.45 10.29 13.80 14.97 14.45 11.75 11.75 11.61 12.70 12.78 9.93 8.69 9.27 10.22 9.93 13.80 0.00 32.34 35.19 29.64 20.59 11.17 8.54 7.30 8.32 10.73 12.92 13.36 18.18 17.01 19.35 19.35 22.19 23.58 21.02 15.62 16.57 17.59 13.87 0.00 0.00 0.00 14.67 18.03 11.61
0.00 0.00 0.00 0.00 0.00 0.00 0.00 0.00 0.00 0.00 0.00 0.00 0.00 0.00 0.00 0.00 0.00 0.00 0.00 0.00 0.00 0.00 0.00 13.14 14.24 13.94 12.48 9.49 11.90 15.40 20.00 24.09 21.32 13.51 12.56 10.66 9.13 7.66 7.45 10.29 13.80 14.97 14.45 11.75 11.75 11.61 12.70 12.78 9.93 8.69 9.27 10.22 9.93 13.80 0.00 32.34 35.19 29.64 20.59 11.17 8.54 7.30 8.32 10.73 12.92 13.36 18.18 17.01 19.35 19.35 22.19 23.58 21.02 15.62 16.57 17.59 13.87 0.00 0.00 0.00 14.67 18.03 11.61
0.00 0.00 0.00 0.00 0.00 0.00 0.00 0.00 0.00 0.00 0.00 0.00 0.00 0.00 0.00 0.00 0.00 0.00 0.00 0.00 0.00 0.00 0.00 0.00 12.78 15.77 15.26 9.56 8.83 11.02 15.84 20.44 22.12 19.20 15.33 10.07 7.30 8.61 11.39 12.48 11.39 10.51 11.02 12.26 12.26 16.79 20.29 19.93 17.89 15.70 16.06 14.16 13.43 13.29 20.44 20.88 21.17 18.47 14.09 10.29 10.22 13.07 13.29 10.29 10.59 14.02 16.79 18.91 22.12 22.12 26.06 19.20 11.10 12.19 14.38 15.40 0.00 0.00 0.00 9.05 12.26 8.54 5.84
0.00 3.87 4.53 7.88 0.00 0.00 0.00 0.00 0.00 0.00 0.00 0.00 14.09 0.00 0.00 0.00 0.00 0.00 0.00 0.00 0.00 0.00 0.00 0.00 6.50 12.12 12.05 9.13 9.93 11.24 13.36 16.13 22.70 25.11 21.24 15.77 10.15 7.30 8.54 10.15 14.97 19.13 22.41 24.31 24.31 27.38 30.15 28.32 26.06 23.21 22.05 22.19 22.63 22.63 22.92 23.51 21.68 18.10 17.81 18.40 19.20 23.65 23.07 19.20 15.55 17.67 18.10 20.59 26.57 26.57 27.74 22.92 14.60 12.70 11.17 8.25 0.00 0.00 0.00 4.02 3.72 4.45 4.45
0.00 0.00 0.00 0.00 7.15 0.00 0.00 0.00 0.00 0.00 0.00 15.40 17.23 17.89 0.00 0.00 0.00 0.00 9.20 9.20 11.17 0.00 0.00 4.45 5.91 10.29 13.29 14.31 16.43 14.16 17.30 22.05 24.31 23.87 21.90 20.44 14.67 8.69 8.03 9.78 13.07 19.71 27.74 32.27 32.27 36.79 31.39 23.29 24.89 27.67 27.16 25.19 24.67 25.19 23.87 22.78 22.78 24.31 24.82 22.19 21.39 26.72 27.96 21.10 18.61 18.76 19.56 26.21 31.61 31.61 21.83 13.14 9.49 7.52 6.94 5.48 0.00 7.59 10.15 8.10 7.08 4.82 6.13
0.00 0.00 0.00 0.00 0.00 0.00 0.00 0.00 0.00 0.00 0.00 0.00 0.00 0.00 0.00 0.00 0.00 15.33 14.53 14.53 12.99 12.34 10.51 11.32 12.70 15.40 17.96 16.64 14.45 12.56 13.43 18.98 22.19 23.94 20.81 11.68 6.57 4.82 5.62 8.25 13.36 21.10 27.16 34.24 34.24 38.62 35.55 30.81 31.90 34.38 27.23 26.21 30.66 30.88 26.35 24.02 30.22 30.15 26.86 23.21 20.15 20.51 20.44 18.40 17.89 20.37 20.66 20.73 18.47 18.47 11.90 3.72 1.83 3.94 6.13 0.00 0.00 5.26 7.96 6.86 6.28 6.13 7.88
0.00 0.00 0.00 0.00 0.00 0.00 0.00 0.00 0.00 0.00 0.00 0.00 0.00 0.00 0.00 0.00 0.00 15.33 15.33 15.33 19.42 21.53 21.46 21.39 23.00 23.58 24.97 24.53 20.29 18.32 12.41 11.17 14.09 17.81 19.27 10.15 0.00 0.00 0.00 7.88 14.97 13.94 9.05 14.60 14.60 22.92 19.35 19.56 23.94 25.04 30.88 29.42 34.53 34.46 34.75 35.55 32.34 30.44 27.59 25.11 23.21 22.78 22.56 21.83 19.71 17.96 15.77 12.26 8.10 8.10 3.50 2.19 0.00 3.29 2.48 0.00 0.00 6.50 7.23 4.89 5.48 8.32 0.00
0.00 0.00 0.00 0.00 0.00 0.00 0.00 0.00 0.00 0.00 0.00 0.00 0.00 0.00 0.00 0.00 0.00 15.33 15.33 15.33 19.42 21.53 21.46 21.39 23.00 23.58 24.97 24.53 20.29 18.32 12.41 11.17 14.09 17.81 19.27 10.15 0.00 0.00 0.00 7.88 14.97 13.94 9.05 14.60 14.60 22.92 19.35 19.56 23.94 25.04 30.88 29.42 34.53 34.46 34.75 35.55 32.34 30.44 27.59 25.11 23.21 22.78 22.56 21.83 19.71 17.96 15.77 12.26 8.10 8.10 3.50 2.19 0.00 3.29 2.48 0.00 0.00 6.50 7.23 4.89 5.48 8.32 0.00
0.00 0.00 0.00 0.00 0.00 0.00 0.00 0.00 0.00 0.00 0.00 0.00 0.00 0.00 0.00 0.00 0.00 0.00 10.07 10.07 12.92 15.33 16.50 19.13 22.34 25.77 26.72 26.79 25.62 19.86 12.34 6.79 4.67 6.28 6.72 5.11 2.56 0.00 0.00 0.00 6.20 8.18 6.13 7.45 7.45 10.80 7.01 8.54 12.85 13.65 14.31 14.53 12.92 16.72 18.54 22.12 25.26 21.39 20.88 19.49 22.63 24.09 25.11 26.79 27.81 24.97 18.40 15.62 19.78 19.78 20.29 18.98 13.80 10.95 10.29 8.03 6.57 5.11 4.45 0.00 0.00 0.00 0.00
0.00 0.00 0.00 0.00 0.00 0.00 0.00 0.00 0.00 0.00 0.00 0.00 0.00 0.00 0.00 0.00 0.00 18.98 18.25 18.25 18.10 17.16 18.25 19.05 20.34 21.94 22.59 22.56 20.37 14.67 9.13 6.57 5.26 0.00 0.00 0.00 0.00 2.26 0.00 0.00 0.00 2.85 0.00 3.94 3.94 3.87 2.92 3.07 6.13 8.40 9.56 9.71 8.10 8.18 7.01 5.62 6.13 7.88 8.47 15.62 22.48 22.92 25.26 27.96 30.08 30.15 25.04 18.25 21.24 21.24 25.99 26.13 16.86 13.94 5.55 6.57 4.31 3.36 0.00 0.00 0.00 0.00 0.00
0.00 0.00 0.00 0.00 0.00 0.00 0.00 0.00 0.00 0.00 0.00 0.00 0.00 0.00 0.00 0.00 14.38 21.61 29.13 29.13 32.78 28.18 23.80 23.00 26.65 32.83 28.46 29.67 29.50 27.16 19.35 10.66 7.52 4.96 0.00 0.00 0.00 2.56 3.65 4.45 3.94 2.99 4.02 0.00 0.00 0.00 0.00 0.00 0.00 0.00 0.00 0.00 1.75 1.90 0.00 0.00 0.00 4.96 10.73 16.79 24.38 24.97 20.29 22.48 25.04 26.43 27.96 26.43 24.24 24.24 23.14 20.88 14.31 9.20 4.74 0.00 3.94 4.23 5.48 6.79 0.00 0.00 0.00
0.00 0.00 0.00 0.00 0.00 0.00 0.00 0.00 0.00 0.00 0.00 0.00 0.00 0.00 0.00 0.00 0.00 0.00 0.00 0.00 17.23 17.30 18.01 21.90 25.51 28.07 24.96 31.29 30.82 27.92 20.71 13.07 9.86 8.40 4.89 3.87 4.09 4.31 4.89 4.53 3.29 0.00 0.00 0.00 0.00 0.00 2.56 0.00 0.00 9.42 6.57 2.26 0.00 0.00 0.00 0.00 4.45 7.52 8.83 9.42 18.83 23.87 21.75 20.51 19.49 21.10 27.59 31.90 26.79 26.79 24.31 21.17 15.99 19.05 16.50 12.85 16.50 10.22 7.37 6.13 6.42 0.00 0.00
0.00 0.00 0.00 0.00 0.00 0.00 0.00 0.00 0.00 0.00 0.00 0.00 0.00 0.00 0.00 0.00 0.00 0.00 0.00 0.00 0.00 0.00 0.00 0.00 0.00 11.71 12.48 19.42 27.45 33.30 32.96 25.75 19.20 17.30 13.87 10.07 9.64 5.26 3.14 3.36 0.00 0.00 0.00 0.00 0.00 0.00 0.00 0.00 8.03 11.90 10.51 4.16 0.00 0.00 0.00 0.00 0.00 0.00 0.00 5.26 15.26 24.53 28.91 29.86 23.65 22.78 27.23 30.51 29.57 29.57 27.89 23.80 19.71 14.89 16.28 19.78 15.55 8.98 0.95 7.81 0.00 0.00 0.00
0.00 0.00 0.00 0.00 0.00 0.00 0.00 0.00 0.00 0.00 0.00 0.00 0.00 0.00 0.00 0.00 0.00 0.00 0.00 0.00 0.00 0.00 0.00 0.00 0.00 11.53 12.48 18.83 25.51 31.12 33.47 26.01 20.00 19.44 14.68 10.33 9.64 5.26 3.14 3.36 0.00 0.00 0.00 0.00 0.00 0.00 0.00 0.00 8.03 11.90 10.51 4.16 0.00 0.00 0.00 0.00 0.00 0.00 0.00 5.26 15.26 24.53 28.91 29.86 23.65 22.78 27.23 30.51 29.57 29.57 27.89 23.80 19.71 14.89 16.28 19.78 15.55 8.98 0.95 7.81 0.00 0.00 0.00
0.00 0.00 0.00 0.00 0.00 0.00 0.00 0.00 0.00 0.00 0.00 0.00 0.00 0.00 0.00 0.00 0.00 0.00 0.00 0.00 0.00 0.00 0.00 0.00 0.00 0.00 0.00 0.00 10.71 19.56 22.82 21.16 19.37 22.15 24.08 18.74 14.75 7.96 3.58 3.58 0.00 0.00 0.00 0.00 0.00 0.00 0.00 0.00 12.19 10.22 7.59 2.41 0.00 0.00 0.00 0.00 0.00 0.00 0.00 0.00 8.69 15.11 21.17 26.57 30.44 28.32 24.97 27.01 26.94 26.94 21.61 18.40 15.11 11.83 12.92 17.59 16.72 8.03 5.26 8.47 0.00 0.00 0.00
0.00 0.00 0.00 0.00 0.00 0.00 0.00 0.00 0.00 0.00 0.00 0.00 0.00 0.00 0.00 0.00 0.00 0.00 0.00 0.00 0.00 0.00 0.00 0.00 0.00 0.00 0.00 0.00 0.00 0.00 0.00 4.60 5.91 7.88 17.42 23.74 24.78 18.31 6.75 2.70 2.19 1.31 0.00 0.00 0.00 0.00 0.00 5.26 6.64 8.91 11.53 10.00 0.00 0.00 0.00 0.00 0.00 0.00 0.00 0.00 0.00 2.85 7.15 18.54 26.28 26.65 21.83 19.27 20.51 20.51 17.37 14.97 8.18 10.51 15.11 15.40 12.99 5.62 7.01 8.47 6.20 3.07 0.00
0.00 0.00 0.00 0.00 0.00 0.00 0.00 0.00 0.00 0.00 0.00 0.00 0.00 0.00 0.00 0.00 0.00 0.00 0.00 0.00 0.00 0.00 0.00 0.00 0.00 0.00 0.00 0.00 0.00 0.00 0.00 0.00 0.00 1.39 5.99 11.91 19.42 23.91 15.55 7.66 8.10 6.94 2.70 0.00 0.00 0.00 0.00 0.00 0.00 6.86 13.51 15.91 11.90 5.18 0.00 0.00 0.00 0.00 0.00 0.00 0.00 0.00 0.00 8.03 16.94 18.69 15.11 12.19 11.68 11.68 8.61 4.09 0.00 3.94 4.74 9.13 9.20 10.88 10.07 11.32 13.80 14.75 12.19
0.00 0.00 0.00 0.00 0.00 0.00 0.00 0.00 0.00 0.00 0.00 0.00 0.00 0.00 0.00 0.00 0.00 0.00 0.00 0.00 0.00 0.00 0.00 0.00 0.00 0.00 0.00 0.00 0.00 0.00 0.00 0.00 0.00 0.00 0.00 2.19 5.91 13.64 18.38 13.48 8.70 7.52 6.06 2.92 2.92 0.15 3.36 0.00 4.67 5.55 6.50 7.01 5.62 3.87 3.80 0.00 0.00 0.00 0.00 0.00 0.00 0.00 0.00 2.26 6.28 8.10 7.45 7.15 5.77 5.77 1.83 0.00 0.00 0.00 0.00 0.00 8.40 8.54 12.99 15.55 17.52 18.47 20.88
0.00 0.00 0.00 0.00 0.00 0.00 0.00 0.00 0.00 0.00 0.00 0.00 0.00 0.00 0.00 0.00 4.31 0.00 0.00 0.00 0.00 0.00 0.00 0.00 0.00 0.00 0.00 0.00 0.00 0.00 0.00 0.00 0.00 0.00 0.00 0.00 0.00 0.88 4.02 9.12 9.43 3.52 5.18 5.48 5.48 3.58 4.02 5.55 4.96 4.09 4.45 5.33 4.96 7.59 14.24 9.86 4.02 0.00 3.21 3.21 4.09 4.60 0.00 0.00 0.00 2.19 2.04 2.77 2.56 2.56 1.31 0.00 0.00 0.00 0.00 5.69 12.99 18.91 18.76 13.87 10.95 13.80 16.21
0.00 0.00 0.00 0.00 0.00 0.00 0.00 0.00 0.00 0.00 0.00 0.00 0.00 0.00 0.00 3.50 2.63 0.00 0.00 0.00 0.00 0.00 0.00 0.00 0.00 0.00 0.00 0.00 0.00 0.00 0.00 0.00 0.00 0.00 0.00 0.00 0.00 0.00 0.00 0.07 3.36 3.32 2.92 2.92 2.92 4.02 0.00 4.16 0.00 4.16 5.04 5.69 4.38 4.45 6.06 6.20 3.65 3.36 4.02 5.04 3.14 3.14 3.21 0.00 0.00 0.00 0.00 2.48 0.00 0.00 0.00 0.00 0.00 0.00 1.97 5.11 11.90 16.06 11.10 8.91 9.13 9.64 10.73
0.00 0.00 0.00 0.00 0.00 0.00 0.00 0.00 0.00 0.00 0.00 0.00 0.00 0.00 0.00 3.50 2.63 0.00 0.00 0.00 0.00 0.00 0.00 0.00 0.00 0.00 0.00 0.00 0.00 0.00 0.00 0.00 0.00 0.00 0.00 0.00 0.00 0.00 0.00 0.07 3.36 3.29 2.92 2.92 2.92 4.02 0.00 4.16 0.00 4.16 5.04 5.69 4.38 4.45 6.06 6.20 3.65 3.36 4.02 5.04 3.14 3.14 3.21 0.00 0.00 0.00 0.00 2.48 0.00 0.00 0.00 0.00 0.00 0.00 1.97 5.11 11.90 16.06 11.10 8.91 9.13 9.64 10.73
0.00 0.00 0.00 0.00 0.00 0.00 0.00 0.00 0.00 0.00 0.00 0.00 0.00 0.00 2.77 3.14 0.00 0.00 0.00 0.00 0.00 0.00 0.00 0.00 0.00 0.00 0.00 0.00 0.00 0.00 0.00 0.00 0.00 0.00 0.00 0.00 0.00 0.00 0.00 0.15 0.00 0.00 0.00 0.00 0.00 0.00 0.00 0.00 3.87 0.00 4.82 6.28 0.00 0.00 0.00 0.00 0.00 0.00 0.00 0.00 0.00 2.85 0.00 1.02 0.37 0.00 0.44 0.00 2.48 2.48 0.00 0.00 0.00 0.88 0.00 0.00 2.19 1.39 2.48 4.45 0.00 4.09 2.77
