Wansh/Snow_depth/snowdepth-1983/spring/1983103.txt
ncols 321
nrows 161
xllcenter 60
yllcenter 15 
cellsize  0.25 
NODATA_value -1
[rows 0 to 36 of 161, columns 84 to 167 of 321]
0.00 0.00 0.00 26.06 28.69 26.43 18.03 15.99 21.53 25.04 25.77 26.94 30.51 30.15 29.13 25.62 24.09 25.40 25.40 25.84 24.75 22.41 18.83 13.87 8.03 5.91 4.23 2.41 2.70 4.53 9.05 11.02 12.05 5.84 4.38 5.33 7.01 6.13 6.64 8.03 9.42 10.73 9.56 9.56 7.01 4.60 4.53 4.02 6.94 11.90 16.64 15.91 9.78 6.94 5.84 7.96 9.93 13.94 10.95 6.64 4.60 3.87 3.21 2.41 3.29 5.62 7.15 7.15 7.15 8.98 12.34 14.60 15.91 14.89 13.72 12.48 15.55 19.20 21.61 19.78 16.28 12.05 11.90 14.82
0.00 0.00 0.00 28.54 32.78 31.46 26.28 23.21 21.02 22.27 22.19 18.61 21.75 15.33 15.11 13.36 13.14 12.34 12.34 14.82 19.20 20.59 23.58 17.59 10.37 6.28 5.91 4.16 2.92 3.36 5.62 7.52 6.64 4.23 1.61 0.00 0.00 0.00 1.68 7.37 11.97 14.53 13.94 13.94 10.37 6.35 4.38 2.56 3.43 4.23 5.40 7.01 6.35 0.00 7.45 6.79 6.86 6.94 5.99 4.09 7.88 6.42 5.18 3.80 3.36 5.26 7.30 8.98 8.98 13.43 10.00 9.64 8.47 7.45 13.14 16.86 18.47 16.79 17.81 18.91 20.51 18.10 15.91 15.70
0.00 0.00 0.00 23.07 22.92 24.16 27.59 29.71 26.79 24.53 23.80 21.68 14.09 11.10 8.40 7.81 9.93 12.05 12.05 7.81 4.45 11.24 17.23 18.98 10.51 7.96 7.66 6.72 4.23 4.89 5.40 6.28 6.50 4.82 4.02 4.31 4.23 0.00 4.53 5.84 9.20 13.29 16.43 16.43 19.27 20.44 15.18 5.40 0.00 2.26 0.00 0.00 0.00 0.00 9.42 9.93 10.88 14.02 14.45 11.75 11.46 10.59 11.17 10.37 9.71 10.37 11.24 16.79 16.79 15.77 14.09 10.44 7.23 7.15 12.05 14.45 13.58 9.49 8.18 12.56 16.94 18.76 19.42 21.32
0.00 0.00 0.00 23.07 22.92 24.16 27.59 29.71 26.79 24.53 23.80 21.68 14.09 11.10 8.40 7.81 9.93 12.05 12.05 7.81 4.45 11.24 17.23 18.98 10.51 7.96 7.66 6.72 4.23 4.89 5.40 6.28 6.50 4.82 4.02 4.31 4.23 0.00 4.53 5.84 9.20 13.29 16.43 16.43 19.27 20.44 15.18 5.40 0.00 2.26 0.00 0.00 0.00 0.00 9.42 9.93 10.88 14.02 14.45 11.75 11.46 10.59 11.17 10.37 9.71 10.37 11.24 16.79 16.79 15.77 14.09 10.44 7.23 7.15 12.05 14.45 13.58 9.49 8.18 12.56 16.94 18.76 19.42 21.32
0.00 0.00 0.00 13.58 20.44 27.23 28.40 29.57 32.70 33.29 27.81 22.85 21.32 19.64 17.30 14.09 8.76 8.47 8.47 8.47 8.47 10.66 8.83 11.02 13.51 11.83 9.42 7.37 7.08 6.50 6.06 5.84 7.96 9.34 10.59 9.49 7.59 7.08 6.50 3.07 0.00 0.00 5.04 5.04 12.92 21.68 25.33 20.44 8.76 8.69 6.06 6.28 0.00 4.53 2.56 3.43 6.50 8.69 10.44 11.24 12.85 14.02 10.88 10.07 9.93 10.88 11.97 14.60 14.60 15.99 13.80 12.26 11.32 8.83 10.37 15.18 16.57 15.70 16.13 15.99 16.43 16.94 14.09 15.48
0.00 0.00 0.00 18.03 15.70 13.65 13.43 13.94 18.76 27.23 33.07 26.65 27.74 25.04 24.97 24.09 21.83 17.67 17.67 11.68 10.22 10.29 10.88 10.07 9.13 8.32 7.08 7.37 8.18 7.52 6.28 5.84 7.96 10.80 13.80 12.92 7.37 4.82 2.92 0.00 0.00 0.00 0.00 0.00 4.45 8.10 18.10 21.75 18.69 11.68 6.94 0.00 0.00 0.00 5.55 5.18 4.96 6.50 8.25 9.05 11.53 14.02 15.40 16.06 13.14 10.00 4.31 8.10 8.10 8.40 9.49 11.83 12.41 10.66 8.40 9.86 9.49 10.88 14.75 17.81 18.91 17.01 17.30 15.62
16.13 14.16 11.61 10.00 8.47 7.08 7.37 8.18 12.34 18.98 10.37 13.36 22.48 24.75 25.77 23.94 20.44 18.91 18.91 18.47 16.57 11.24 9.34 13.51 13.87 11.10 8.18 7.15 7.52 6.57 6.06 6.57 8.40 10.66 10.88 9.49 5.77 2.99 0.00 0.00 0.00 0.00 0.00 0.00 4.82 10.66 13.21 9.49 0.00 0.00 0.00 0.00 0.00 0.00 0.00 6.50 7.81 9.71 9.56 10.59 12.63 16.64 18.47 18.47 17.96 15.55 11.10 9.20 9.20 8.54 10.07 12.99 15.33 14.97 13.87 12.78 13.36 10.22 7.66 10.37 16.79 19.64 20.51 20.51
16.13 14.16 11.61 10.00 8.47 7.08 7.37 8.18 12.34 18.98 10.37 13.36 22.48 24.75 25.77 23.94 20.44 18.91 18.91 18.47 16.57 11.24 9.34 13.51 13.87 11.10 8.18 7.15 7.52 6.57 6.06 6.57 8.40 10.66 10.88 9.49 5.77 2.99 0.00 0.00 0.00 0.00 0.00 0.00 4.82 10.66 13.21 9.49 0.00 0.00 0.00 0.00 0.00 0.00 0.00 6.50 7.81 9.71 9.56 10.59 12.63 16.64 18.47 18.47 17.96 15.55 11.10 9.20 9.20 8.54 10.07 12.99 15.33 14.97 13.87 12.78 13.36 10.22 7.66 10.37 16.79 19.64 20.51 20.51
4.02 5.04 4.31 8.03 7.52 0.00 0.00 0.00 5.04 4.96 4.96 8.54 13.65 20.66 26.13 22.27 17.59 13.36 13.36 11.53 17.81 20.00 15.70 13.14 13.58 13.14 11.90 9.34 7.88 6.06 4.89 6.57 8.18 9.27 7.74 4.09 3.07 2.99 3.36 4.60 3.94 2.34 4.53 4.53 7.45 10.88 0.00 0.00 0.00 0.00 0.00 0.00 3.36 3.36 3.87 5.48 7.15 9.93 12.26 13.80 15.18 17.23 18.83 20.66 20.44 18.91 18.98 18.61 18.61 16.21 15.55 17.45 16.35 16.06 16.86 15.62 15.26 14.09 13.29 10.80 10.73 13.43 16.72 18.18
0.00 0.00 0.00 4.09 0.00 0.00 0.00 0.00 4.45 4.53 4.74 6.13 8.83 12.19 17.01 16.50 15.55 15.62 15.62 13.72 15.70 15.26 12.99 6.42 5.69 7.81 7.66 8.54 6.86 6.94 7.66 6.79 8.47 12.99 9.93 5.69 5.33 7.88 8.83 8.40 5.99 6.28 6.28 6.28 7.01 8.10 0.00 0.00 5.84 7.59 10.00 11.61 12.05 8.40 7.81 7.88 6.86 8.18 9.93 11.17 12.34 12.99 14.09 16.64 18.32 15.18 14.82 15.55 15.55 14.16 12.85 15.48 16.43 16.50 15.11 14.53 17.67 20.15 21.24 17.67 12.78 10.15 12.12 12.48
0.00 0.00 0.00 0.00 0.00 0.00 0.00 0.00 0.00 0.00 1.24 3.65 4.53 5.77 6.79 6.42 5.48 7.37 7.37 9.20 10.44 9.64 4.89 2.99 3.29 2.92 2.26 2.92 3.36 3.14 4.16 5.04 6.28 6.94 7.30 7.30 8.40 8.91 7.66 6.50 6.72 6.06 6.72 6.72 6.57 7.08 5.62 8.18 9.86 7.23 10.80 11.90 14.60 10.51 7.01 9.05 11.46 12.34 11.46 11.90 14.09 14.67 13.87 14.75 16.13 17.16 18.25 18.98 18.98 19.05 16.21 15.48 19.49 18.83 13.51 15.11 20.08 23.87 21.97 16.13 14.31 11.83 11.17 9.42
0.00 0.00 0.00 0.00 0.00 0.00 0.00 0.00 0.00 0.00 1.24 3.65 4.53 5.77 6.79 6.42 5.48 7.37 7.37 9.20 10.44 9.64 4.89 2.99 3.29 2.92 2.26 2.92 3.36 3.14 4.16 5.04 6.28 6.94 7.30 7.30 8.40 8.91 7.66 6.50 6.72 6.06 6.72 6.72 6.57 7.08 5.62 8.18 9.86 7.23 10.80 11.90 14.60 10.51 7.01 9.05 11.46 12.34 11.46 11.90 14.09 14.67 13.87 14.75 16.13 17.16 18.25 18.98 18.98 19.05 16.21 15.48 19.49 18.83 13.51 15.11 20.08 23.87 21.97 16.13 14.31 11.83 11.17 9.42
0.00 0.00 0.00 0.00 0.00 0.00 0.00 0.00 0.00 0.66 0.00 1.24 1.97 2.70 3.07 2.85 3.65 6.72 6.72 14.38 16.28 13.65 7.96 5.26 5.69 4.82 2.92 1.83 1.68 2.34 3.58 4.82 6.13 7.30 8.18 10.15 13.29 12.05 8.40 9.27 10.00 11.10 11.90 11.90 8.61 6.86 7.23 9.56 11.46 15.33 25.26 29.20 19.27 13.07 11.24 14.02 18.10 20.81 18.03 14.89 13.14 12.78 11.97 14.75 14.75 16.06 14.97 17.16 17.16 20.00 19.05 18.98 17.96 18.76 18.03 17.30 19.13 22.92 21.68 17.96 18.83 19.56 18.32 15.62
0.00 0.00 0.00 0.00 0.00 0.00 0.00 0.00 0.00 0.00 0.00 0.00 0.00 6.13 3.80 2.92 3.14 4.60 4.60 5.84 5.69 3.87 4.45 4.23 3.65 3.50 3.07 2.70 4.74 5.69 7.59 10.44 12.56 12.63 12.78 16.21 17.67 15.18 13.14 13.29 14.02 12.05 8.61 8.61 8.76 9.42 11.46 13.51 11.61 13.29 15.99 17.23 14.31 14.38 13.14 13.94 16.72 17.74 19.05 16.72 15.62 16.50 16.28 16.43 18.25 15.26 18.03 19.42 19.42 21.97 25.04 23.00 23.14 22.05 22.34 21.10 19.64 23.00 21.46 19.20 17.52 15.84 16.94 15.48
0.00 0.00 0.00 0.00 0.00 0.00 0.00 0.00 0.00 0.00 5.26 4.09 4.16 4.38 4.23 4.60 4.31 3.72 3.72 3.87 3.50 6.06 8.03 6.86 4.16 7.30 9.34 9.49 9.93 11.90 15.33 19.71 20.22 17.45 16.72 16.21 14.24 14.24 11.90 11.02 11.17 7.08 7.23 7.23 6.20 8.54 8.03 7.81 9.05 11.17 10.59 6.86 4.53 9.05 13.80 18.91 26.28 19.64 10.07 9.42 12.05 14.31 17.96 18.10 23.80 19.64 20.08 16.79 16.79 20.88 21.46 20.66 20.15 21.97 20.44 18.10 10.88 2.26 1.75 5.40 9.49 8.69 7.96 11.02
0.00 0.00 0.00 0.00 0.00 0.00 0.00 0.00 0.00 0.00 4.09 4.53 7.01 6.42 4.96 6.79 6.94 6.72 6.72 5.91 4.23 7.08 12.41 13.36 12.78 11.24 11.39 12.34 16.06 18.54 21.75 23.07 18.32 13.43 11.97 8.25 3.87 3.94 3.36 4.89 6.64 5.04 6.94 6.94 10.00 11.24 8.98 7.88 9.20 11.39 12.41 11.68 11.68 17.37 24.67 29.49 23.00 18.03 11.02 6.79 7.74 9.13 8.40 11.24 11.10 17.01 17.45 15.26 15.26 18.76 19.64 18.76 13.58 12.05 16.50 17.30 8.25 0.00 0.00 6.57 11.83 12.78 10.73 15.18
0.00 0.00 0.00 0.00 0.00 0.00 0.00 0.00 0.00 0.00 4.09 4.53 7.01 6.42 4.96 6.79 6.94 6.72 6.72 5.91 4.23 7.08 12.41 13.36 12.78 11.24 11.39 12.34 16.06 18.54 21.75 23.07 18.32 13.43 11.97 8.25 3.87 3.94 3.36 4.89 6.64 5.04 6.94 6.94 10.00 11.24 8.98 7.88 9.20 11.39 12.41 11.68 11.68 17.37 24.67 29.49 23.00 18.03 11.02 6.79 7.74 9.13 8.40 11.24 11.10 17.01 17.45 15.26 15.26 18.76 19.64 18.76 13.58 12.05 16.50 17.30 8.25 0.00 0.00 6.57 11.83 12.78 10.73 15.18
0.00 0.00 0.00 0.00 0.00 0.00 0.00 0.00 0.00 0.00 7.59 7.59 9.78 10.07 7.96 8.10 10.00 10.73 10.73 8.61 7.45 7.59 10.29 12.19 14.75 14.38 9.71 9.78 13.87 17.96 21.61 20.15 16.64 14.45 8.47 4.31 0.00 3.36 6.64 5.48 10.15 11.39 14.67 14.67 17.59 18.40 18.40 16.35 15.48 14.67 15.18 15.77 15.77 18.76 20.37 19.86 15.91 9.27 6.35 9.71 13.29 13.80 13.87 10.80 12.99 17.16 18.47 18.76 18.76 20.51 18.76 12.26 5.40 9.86 15.11 13.36 0.00 0.00 0.00 10.07 9.20 5.18 4.89 7.45
0.00 0.00 0.00 0.00 0.00 0.00 0.00 0.00 0.00 0.00 3.87 6.79 11.68 14.16 10.88 12.12 12.85 11.10 11.10 8.40 7.74 4.09 4.96 8.83 12.05 12.78 10.59 8.91 11.83 16.86 19.05 20.22 22.78 22.41 15.77 8.47 7.08 7.23 8.40 15.40 19.35 21.24 26.21 26.21 32.49 37.16 34.53 35.26 25.84 23.87 24.31 25.99 27.59 27.96 28.11 17.37 11.46 12.12 12.92 15.55 19.27 19.27 18.47 15.62 16.64 21.17 18.61 21.53 21.53 24.97 23.07 12.78 7.37 8.91 9.13 6.72 3.43 0.00 0.00 4.16 5.26 4.09 3.50 5.40
0.00 0.00 0.00 0.00 0.00 0.00 0.00 0.00 0.00 0.00 8.91 10.51 12.19 13.29 11.97 11.46 13.07 11.61 11.61 9.34 8.54 7.88 5.91 5.55 9.71 14.02 14.60 15.77 15.55 15.70 20.95 24.82 23.51 20.88 21.17 15.48 9.71 7.96 8.40 11.90 18.10 29.05 43.00 43.00 47.89 46.14 42.85 40.51 37.96 33.00 30.95 29.49 31.32 31.17 31.54 31.32 27.52 21.39 18.25 20.44 26.50 23.94 19.71 19.13 17.96 17.01 20.59 26.57 26.57 23.36 15.04 6.42 4.60 2.34 2.92 0.66 0.00 4.60 4.02 4.38 6.35 4.67 4.16 3.21
0.00 0.00 0.00 0.00 0.00 0.00 0.00 0.00 0.00 0.00 7.66 0.00 6.64 7.59 8.69 11.24 11.97 11.17 11.17 11.02 12.41 10.88 10.59 10.73 13.58 17.01 16.86 14.38 9.93 8.10 9.86 17.01 25.33 24.38 12.26 6.64 4.89 0.00 0.00 6.42 12.56 26.06 38.33 38.33 44.90 46.79 43.73 46.06 47.23 40.15 36.14 34.16 32.85 29.49 29.64 34.02 31.90 27.59 23.36 21.24 23.14 19.93 18.03 18.69 20.44 21.39 24.89 18.61 18.61 10.59 4.09 1.17 1.46 1.24 2.63 3.21 3.50 5.26 6.79 6.35 5.48 4.31 6.64 6.20
0.00 0.00 0.00 0.00 0.00 0.00 0.00 0.00 0.00 0.00 0.00 0.00 0.00 0.00 6.42 10.51 15.62 15.18 15.18 16.72 18.25 17.81 18.91 20.00 20.08 22.48 23.14 19.49 14.97 7.88 5.11 9.05 17.45 20.37 9.56 3.21 2.41 0.00 5.84 13.21 13.87 8.10 14.75 14.75 22.12 23.43 28.47 33.43 33.00 33.22 35.41 36.50 35.84 34.89 33.00 31.97 30.51 26.57 25.40 24.60 23.58 23.58 22.78 20.08 17.23 12.78 10.88 6.72 6.72 3.14 0.80 1.39 1.46 0.00 0.00 0.00 3.43 3.87 3.94 4.02 7.66 5.55 3.58 3.72
0.00 0.00 0.00 0.00 0.00 0.00 0.00 0.00 0.00 0.00 0.00 0.00 0.00 0.00 6.42 10.51 15.62 15.18 15.18 16.72 18.25 17.81 18.91 20.00 20.08 22.48 23.14 19.49 14.97 7.88 5.11 9.05 17.45 20.37 9.56 3.21 2.41 0.00 5.84 13.21 13.87 8.10 14.75 14.75 22.12 23.43 28.47 33.43 33.00 33.22 35.41 36.50 35.84 34.89 33.00 31.97 30.51 26.57 25.40 24.60 23.58 23.58 22.78 20.08 17.23 12.78 10.88 6.72 6.72 3.14 0.80 1.39 1.46 0.00 0.00 0.00 3.43 3.87 3.94 4.02 7.66 5.55 3.58 3.72
0.00 0.00 0.00 0.00 0.00 0.00 0.00 0.00 0.00 0.00 0.00 0.00 0.00 0.00 8.03 8.47 7.30 8.76 8.76 12.70 17.89 17.23 17.37 22.12 25.92 26.13 26.21 24.97 20.73 14.16 6.13 4.89 5.62 8.25 3.94 3.36 0.00 0.00 0.00 8.47 7.37 3.80 4.53 4.53 10.00 5.62 2.92 5.48 8.47 8.25 11.02 14.24 17.74 21.46 20.66 22.63 22.19 19.71 20.44 23.73 25.70 26.13 27.89 25.84 21.32 13.72 9.13 11.10 11.10 13.36 12.70 8.69 7.66 7.59 5.11 4.60 3.80 2.48 2.85 2.92 3.65 3.21 2.19 3.80
0.00 0.00 0.00 0.00 0.00 0.00 0.00 0.00 0.00 0.00 0.00 0.00 0.00 0.00 9.64 11.02 10.66 10.07 10.07 12.26 14.82 18.10 19.49 21.68 22.01 23.15 19.47 17.08 11.68 5.62 3.14 3.21 0.00 0.00 2.70 2.92 0.00 0.00 0.00 0.00 1.68 0.00 0.00 0.00 0.00 2.04 2.48 2.19 2.41 0.00 0.00 4.09 3.43 3.87 5.48 5.55 5.55 6.57 14.24 21.39 22.34 24.09 32.19 30.30 28.11 22.12 12.92 14.31 14.31 24.38 23.87 16.86 12.78 10.73 6.79 4.53 2.19 1.53 1.46 2.85 3.07 1.83 1.83 1.97
0.00 0.00 0.00 0.00 0.00 0.00 0.00 0.00 0.00 0.00 0.00 0.00 0.00 0.00 10.66 16.94 24.02 29.57 29.57 31.46 27.81 23.14 21.83 23.17 26.44 25.85 25.30 26.57 22.56 12.99 5.62 4.45 0.00 0.00 0.00 0.00 0.00 0.00 0.00 2.70 2.34 3.58 2.56 2.56 1.61 0.00 2.56 2.19 0.00 0.00 0.00 0.00 0.00 0.00 0.00 0.00 0.00 5.77 15.77 26.94 23.51 21.02 25.19 24.97 27.08 25.33 22.78 19.49 19.49 18.76 17.01 10.95 7.88 5.26 1.83 3.29 5.04 5.62 4.23 3.21 2.34 0.44 0.00 0.00
0.00 0.00 0.00 0.00 0.00 0.00 0.00 0.00 0.00 0.00 0.00 0.00 0.00 0.00 0.00 7.37 13.65 13.94 13.94 17.74 19.78 15.19 12.04 19.27 24.51 22.85 27.42 28.24 23.18 15.57 3.94 7.81 9.05 5.84 0.00 0.00 5.69 3.80 4.02 2.92 0.00 0.00 1.31 1.31 0.00 0.00 0.00 1.61 0.00 0.00 0.00 0.00 0.00 0.00 0.00 0.00 0.00 0.00 11.17 24.31 24.02 20.29 20.00 18.47 18.91 27.52 29.78 25.62 25.62 22.78 15.91 10.15 8.32 8.69 9.34 8.32 7.81 7.30 7.01 3.58 0.22 0.00 0.00 0.00
0.00 0.00 0.00 0.00 0.00 0.00 0.00 0.00 0.00 0.00 0.00 0.00 0.00 0.00 0.00 0.00 0.00 0.00 0.00 0.00 0.00 0.00 0.00 5.91 8.30 12.41 21.67 25.79 30.54 28.24 17.46 15.11 15.18 12.26 8.32 8.54 5.91 4.96 3.87 0.00 0.00 0.00 0.00 0.00 0.00 0.00 0.00 0.00 0.00 0.00 0.00 0.00 0.00 0.00 0.00 0.00 0.00 0.00 13.21 16.86 23.07 27.23 29.57 23.00 20.51 28.25 32.19 28.40 28.40 25.77 22.48 18.40 14.45 16.28 19.20 12.48 6.42 3.80 3.72 2.92 1.97 3.36 3.94 5.11
0.00 0.00 0.00 0.00 0.00 0.00 0.00 0.00 0.00 0.00 0.00 0.00 0.00 0.00 0.00 0.00 0.00 0.00 0.00 0.00 0.00 0.00 0.00 6.06 8.18 12.41 21.02 23.96 28.54 28.68 17.64 15.74 17.06 12.98 8.54 8.54 5.91 4.96 3.87 0.00 0.00 0.00 0.00 0.00 0.00 0.00 0.00 0.00 0.00 0.00 0.00 0.00 0.00 0.00 0.00 0.00 0.00 0.00 13.21 16.86 23.07 27.23 29.57 23.00 20.51 28.25 32.19 28.40 28.40 25.77 22.48 18.40 14.45 16.28 19.20 12.48 6.42 3.80 3.72 2.92 1.97 3.36 3.94 5.11
0.00 0.00 0.00 0.00 0.00 0.00 0.00 0.00 0.00 0.00 0.00 0.00 0.00 0.00 0.00 0.00 0.00 0.00 0.00 0.00 0.00 0.00 0.00 0.00 0.00 0.00 0.00 6.90 10.07 22.67 21.75 17.63 21.73 24.33 17.31 13.01 7.37 4.53 5.33 4.89 0.00 0.00 0.00 0.00 0.00 0.00 0.00 0.00 0.00 0.00 0.00 0.00 0.00 0.00 0.00 0.00 0.00 0.00 4.45 6.20 12.99 17.52 23.43 31.03 28.47 26.43 25.77 23.58 23.58 20.15 15.91 11.61 9.13 9.93 13.87 12.34 5.18 3.94 6.06 3.94 3.43 4.38 3.07 2.99
0.00 0.00 0.00 0.00 0.00 0.00 0.00 0.00 0.00 0.00 0.00 0.00 0.00 0.00 0.00 0.00 0.00 0.00 0.00 0.00 0.00 0.00 0.00 0.00 0.00 0.00 0.00 0.00 0.00 1.84 4.02 8.40 11.39 24.60 27.73 26.36 16.01 8.07 4.96 4.45 4.23 3.43 0.00 0.00 0.00 0.00 2.48 2.26 0.00 0.00 0.00 0.00 0.00 0.00 0.00 0.00 0.00 0.00 0.00 0.00 0.00 2.99 12.70 23.58 27.45 20.95 19.20 19.13 19.13 14.82 13.29 11.53 10.37 12.78 12.63 9.86 4.96 4.09 4.89 3.94 2.63 2.19 0.44 0.00
0.00 0.00 0.00 0.00 0.00 0.00 0.00 0.00 0.00 0.00 0.00 0.00 0.00 0.00 0.00 0.00 0.00 0.00 0.00 0.00 0.00 0.00 0.00 0.00 0.00 0.00 0.00 0.00 0.00 0.00 0.00 0.00 6.28 13.21 17.21 21.30 24.87 15.70 7.37 6.57 8.54 5.26 0.00 0.00 0.00 0.00 0.00 0.00 1.53 0.00 0.00 0.00 0.00 0.00 0.00 0.00 0.00 0.00 0.00 0.00 0.00 0.00 8.98 18.18 19.35 12.70 9.93 11.17 11.17 7.74 5.33 3.87 3.94 7.01 5.11 5.91 6.72 8.76 9.34 9.93 7.88 6.57 5.40 2.63
0.00 0.00 0.00 0.00 0.00 0.00 0.00 0.00 0.00 0.00 0.00 0.00 0.00 0.00 0.00 0.00 6.50 3.07 3.07 0.88 0.00 0.00 0.00 0.00 0.00 0.00 0.00 0.00 0.00 0.00 0.00 0.00 0.00 0.00 2.19 11.17 21.57 21.94 15.12 8.18 6.35 5.48 4.23 4.23 3.29 0.00 0.00 0.00 0.00 0.00 0.00 0.00 0.00 0.00 0.00 0.00 0.00 0.00 0.00 0.00 0.00 0.00 5.11 7.01 5.91 3.21 5.55 5.04 5.04 2.92 1.90 0.00 0.00 0.00 2.34 4.74 8.83 9.64 11.17 14.02 16.79 17.89 17.23 12.78
0.00 0.00 0.00 0.00 0.00 0.00 0.00 0.00 0.00 0.00 0.00 0.00 0.00 0.00 6.64 5.40 2.77 0.00 0.00 0.00 0.00 0.00 0.00 0.00 0.00 0.00 0.00 0.00 0.00 0.00 0.00 0.00 0.00 0.00 0.00 0.00 5.04 8.47 13.71 8.76 3.59 4.09 4.53 4.53 0.00 3.43 4.02 0.00 0.00 0.00 0.00 0.73 1.10 0.00 0.00 0.00 0.00 4.60 3.65 0.00 0.00 0.00 0.00 3.14 3.21 0.00 2.63 0.00 0.00 2.04 0.00 0.00 1.83 0.00 0.00 0.00 6.13 9.93 10.15 10.59 12.34 14.97 14.82 12.05
0.00 0.00 0.00 0.00 0.00 0.00 0.00 0.00 0.00 0.00 0.00 0.00 0.00 0.00 2.48 2.12 0.00 0.00 0.00 0.00 0.00 0.00 0.00 0.00 0.00 0.00 0.00 0.00 0.00 0.00 0.00 0.00 0.00 0.00 0.00 0.00 0.00 0.00 1.24 3.65 3.61 3.43 4.53 4.53 3.58 0.00 0.00 0.00 0.00 3.07 4.16 3.50 0.00 1.68 1.02 2.12 3.29 3.58 2.92 3.58 4.09 0.00 0.00 0.00 0.00 0.00 1.75 1.90 1.90 0.00 0.00 0.00 0.00 3.80 4.23 4.60 4.60 5.77 4.60 3.29 4.89 10.29 14.31 9.93
0.00 0.00 0.00 0.00 0.00 0.00 0.00 0.00 0.00 0.00 0.00 0.00 0.00 0.00 2.48 2.12 0.00 0.00 0.00 0.00 0.00 0.00 0.00 0.00 0.00 0.00 0.00 0.00 0.00 0.00 0.00 0.00 0.00 0.00 0.00 0.00 0.00 0.00 1.25 3.65 3.58 3.43 4.53 4.53 3.58 0.00 0.00 0.00 0.00 3.07 4.16 3.50 0.00 1.68 1.02 2.12 3.29 3.58 2.92 3.58 4.09 0.00 0.00 0.00 0.00 0.00 1.75 1.90 1.90 0.00 0.00 0.00 0.00 3.80 4.23 4.60 4.60 5.77 4.60 3.29 4.89 10.29 14.31 9.93
0.00 0.00 16.86 8.47 0.00 0.00 0.00 0.00 0.00 0.00 0.00 0.00 0.00 3.80 0.00 0.00 0.00 0.00 0.00 0.00 0.00 0.00 0.00 0.00 0.00 0.00 0.00 0.00 0.00 0.00 0.00 0.00 0.00 0.00 0.00 3.29 4.60 4.09 0.00 3.36 0.00 0.00 0.00 0.00 0.00 0.00 0.00 1.39 2.56 4.16 4.53 0.00 0.00 0.00 0.00 0.00 0.00 0.00 0.00 0.00 0.00 0.00 0.00 0.00 0.00 0.00 3.29 2.92 2.92 0.00 0.00 0.00 0.00 2.26 3.14 2.85 0.00 0.00 0.00 0.00 0.00 0.00 1.90 3.58
